<?xml version="1.0" ?>
<signaturelist MCID_LIST="[['1', 'waterbody', '#895bb7'], ['2', 'vegetation', '#a4811b'], ['3', 'bareland', '#480dca'], ['4', 'built-up', '#1c8572']]">
	<signature ID="20210702_153850543386_939">
		<MACROCLASSID>1</MACROCLASSID>
		<MACROCLASSINFO>waterbody</MACROCLASSINFO>
		<CLASSID>1</CLASSID>
		<CLASSINFO>C 1</CLASSINFO>
		<VALUES>[0.14131424, 0.0033854255, 0.11342646, 0.005005166, 0.08869113, 0.004673184, 0.072446905, 0.00806302, 0.020800266, 0.004823427, 0.011793535, 0.004238478]</VALUES>
		<LCS_MIN>[0.12759237, 0.09587751, 0.073241584, 0.05383373, 0.0054366193, 0.0]</LCS_MIN>
		<LCS_MAX>[0.15748973, 0.13749292, 0.10832008, 0.10645587, 0.070372246, 0.04748512]</LCS_MAX>
		<WAVELENGTH>[0.485, 0.56, 0.66, 0.83, 1.65, 2.215]</WAVELENGTH>
		<MEAN_VALUE>[0.14131424, 0.11342646, 0.08869113, 0.072446905, 0.020800266, 0.011793535]</MEAN_VALUE>
		<CHECKBOX>2</CHECKBOX>
		<SD>[0.0033854255, 0.005005166, 0.004673184, 0.00806302, 0.004823427, 0.004238478]</SD>
		<WAVELENGTH_UNIT>E-6m</WAVELENGTH_UNIT>
		<COLOR>#895bb7</COLOR>
		<COVARIANCE_MATRIX>[[1.1461693247838411e-05, 1.0927525181614328e-05, 1.0159999874304049e-05, 7.248896508826874e-06, 2.3395057269226527e-06, 1.8812397684087045e-06], [1.0927525181614328e-05, 2.505296652088873e-05, 1.734470424707979e-05, 7.68239169701701e-06, 1.5813449181223405e-06, 1.3624244274978992e-06], [1.0159999874304049e-05, 1.734470424707979e-05, 2.1839772671228275e-05, 1.1321067177050281e-05, 4.102919319848297e-06, 3.6266035294829635e-06], [7.248896508826874e-06, 7.68239169701701e-06, 1.1321067177050281e-05, 6.501562165794894e-05, 2.6618563424563035e-05, 1.6340032743755728e-05], [2.3395057269226527e-06, 1.5813449181223405e-06, 4.102919319848297e-06, 2.6618563424563035e-05, 2.3266646167030558e-05, 1.2037514352414291e-05], [1.8812397684087045e-06, 1.3624244274978992e-06, 3.6266035294829635e-06, 1.6340032743755728e-05, 1.2037514352414291e-05, 1.796561809896957e-05]]</COVARIANCE_MATRIX>
		<ROI_SIZE>2123</ROI_SIZE>
		<MAX_VALUE>[0.15748973, 0.13749292, 0.10832008, 0.10645587, 0.070372246, 0.04748512]</MAX_VALUE>
		<MIN_VALUE>[0.12759237, 0.09587751, 0.073241584, 0.05383373, 0.0054366193, 0.0]</MIN_VALUE>
		<SIGNATURE_THRESHOLD_MD>0.0</SIGNATURE_THRESHOLD_MD>
		<SIGNATURE_THRESHOLD_ML>0.0</SIGNATURE_THRESHOLD_ML>
		<SIGNATURE_THRESHOLD_SAM>0.0</SIGNATURE_THRESHOLD_SAM>
	</signature>
	<signature ID="20210702_155349614995_171">
		<MACROCLASSID>1</MACROCLASSID>
		<MACROCLASSINFO>waterbody</MACROCLASSINFO>
		<CLASSID>2</CLASSID>
		<CLASSINFO>C 1</CLASSINFO>
		<VALUES>[0.13963728, 0.0043877787, 0.111378595, 0.005097136, 0.08767264, 0.005634747, 0.072689496, 0.005494887, 0.022818474, 0.00437413, 0.013326065, 0.0042829104]</VALUES>
		<LCS_MIN>[0.12759237, 0.10003906, 0.073241584, 0.058218908, 0.011083196, 0.0]</LCS_MIN>
		<LCS_MAX>[0.15350342, 0.12916984, 0.11182793, 0.11522621, 0.07319555, 0.055594113]</LCS_MAX>
		<WAVELENGTH>[0.485, 0.56, 0.66, 0.83, 1.65, 2.215]</WAVELENGTH>
		<MEAN_VALUE>[0.13963728, 0.111378595, 0.08767264, 0.072689496, 0.022818474, 0.013326065]</MEAN_VALUE>
		<CHECKBOX>2</CHECKBOX>
		<SD>[0.0043877787, 0.005097136, 0.005634747, 0.005494887, 0.00437413, 0.0042829104]</SD>
		<WAVELENGTH_UNIT>E-6m</WAVELENGTH_UNIT>
		<COLOR>#f4920c</COLOR>
		<COVARIANCE_MATRIX>[[1.92544175661169e-05, 1.5998610251699574e-05, 1.9037188394577242e-05, 1.3839450730301905e-05, 3.6258350064599654e-06, 2.076959617625107e-06], [1.5998610251699574e-05, 2.598324317659717e-05, 2.243815288238693e-05, 1.6082165529951453e-05, 4.127686224819627e-06, 2.11759243029519e-06], [1.9037188394577242e-05, 2.243815288238693e-05, 3.1753374059917405e-05, 2.0987856260035187e-05, 6.905350346642081e-06, 4.97074597660685e-06], [1.3839450730301905e-05, 1.6082165529951453e-05, 2.0987856260035187e-05, 3.019663017767016e-05, 1.1662403267109767e-05, 8.559828529541846e-06], [3.6258350064599654e-06, 4.127686224819627e-06, 6.905350346642081e-06, 1.1662403267109767e-05, 1.913481901283376e-05, 1.0570824997557793e-05], [2.076959617625107e-06, 2.11759243029519e-06, 4.97074597660685e-06, 8.559828529541846e-06, 1.0570824997557793e-05, 1.8345053831581026e-05]]</COVARIANCE_MATRIX>
		<ROI_SIZE>3982</ROI_SIZE>
		<MAX_VALUE>[0.15350342, 0.12916984, 0.11182793, 0.11522621, 0.07319555, 0.055594113]</MAX_VALUE>
		<MIN_VALUE>[0.12759237, 0.10003906, 0.073241584, 0.058218908, 0.011083196, 0.0]</MIN_VALUE>
		<SIGNATURE_THRESHOLD_MD>0.0</SIGNATURE_THRESHOLD_MD>
		<SIGNATURE_THRESHOLD_ML>0.0</SIGNATURE_THRESHOLD_ML>
		<SIGNATURE_THRESHOLD_SAM>0.0</SIGNATURE_THRESHOLD_SAM>
	</signature>
	<signature ID="20210702_155735208963_712">
		<MACROCLASSID>1</MACROCLASSID>
		<MACROCLASSINFO>waterbody</MACROCLASSINFO>
		<CLASSID>3</CLASSID>
		<CLASSINFO>C 1</CLASSINFO>
		<VALUES>[0.13759375, 0.004225174, 0.114728294, 0.008644185, 0.09297323, 0.008395734, 0.08789717, 0.014508317, 0.038853936, 0.021894032, 0.02512506, 0.018234402]</VALUES>
		<LCS_MIN>[0.12559922, 0.09171598, 0.076749414, 0.066989265, 0.013906485, 0.0028856674]</LCS_MIN>
		<LCS_MAX>[0.15549657, 0.13749292, 0.12235148, 0.13715209, 0.1353079, 0.10830255]</LCS_MAX>
		<WAVELENGTH>[0.485, 0.56, 0.66, 0.83, 1.65, 2.215]</WAVELENGTH>
		<MEAN_VALUE>[0.13759375, 0.114728294, 0.09297323, 0.08789717, 0.038853936, 0.02512506]</MEAN_VALUE>
		<CHECKBOX>2</CHECKBOX>
		<SD>[0.004225174, 0.008644185, 0.008395734, 0.014508317, 0.021894032, 0.018234402]</SD>
		<WAVELENGTH_UNIT>E-6m</WAVELENGTH_UNIT>
		<COLOR>#59d929</COLOR>
		<COVARIANCE_MATRIX>[[1.790538226487115e-05, 2.5919291147147305e-05, 2.7658921680995263e-05, 1.571676148159895e-05, 1.792291186575312e-05, 1.8070353689836338e-05], [2.5919291147147305e-05, 7.494497549487278e-05, 6.33926538284868e-05, 1.1947496204811614e-05, 8.176645678759087e-06, 1.3833234334015287e-05], [2.7658921680995263e-05, 6.33926538284868e-05, 7.069875573506579e-05, 4.485042882151902e-05, 6.292158650467172e-05, 5.8636233006836846e-05], [1.571676148159895e-05, 1.1947496204811614e-05, 4.485042882151902e-05, 0.0002111196081386879, 0.0002784801472444087, 0.00021801813272759318], [1.792291186575312e-05, 8.176645678759087e-06, 6.292158650467172e-05, 0.0002784801472444087, 0.0004807795921806246, 0.0003783897263929248], [1.8070353689836338e-05, 1.3833234334015287e-05, 5.8636233006836846e-05, 0.00021801813272759318, 0.0003783897263929248, 0.0003334859211463481]]</COVARIANCE_MATRIX>
		<ROI_SIZE>121</ROI_SIZE>
		<MAX_VALUE>[0.15549657, 0.13749292, 0.12235148, 0.13715209, 0.1353079, 0.10830255]</MAX_VALUE>
		<MIN_VALUE>[0.12559922, 0.09171598, 0.076749414, 0.066989265, 0.013906485, 0.0028856674]</MIN_VALUE>
		<SIGNATURE_THRESHOLD_MD>0.0</SIGNATURE_THRESHOLD_MD>
		<SIGNATURE_THRESHOLD_ML>0.0</SIGNATURE_THRESHOLD_ML>
		<SIGNATURE_THRESHOLD_SAM>0.0</SIGNATURE_THRESHOLD_SAM>
	</signature>
	<signature ID="20210702_160204046550_147">
		<MACROCLASSID>2</MACROCLASSID>
		<MACROCLASSINFO>vegetation</MACROCLASSINFO>
		<CLASSID>4</CLASSID>
		<CLASSINFO>C 1</CLASSINFO>
		<VALUES>[0.139414, 0.0022523268, 0.114113346, 0.0028881263, 0.08856988, 0.002861623, 0.2918448, 0.024307165, 0.14190969, 0.007171201, 0.0607853, 0.0060329395]</VALUES>
		<LCS_MIN>[0.12958553, 0.10836213, 0.08025727, 0.22485562, 0.10425172, 0.03937613]</LCS_MIN>
		<LCS_MAX>[0.14752395, 0.12916984, 0.10130439, 0.36079618, 0.1635408, 0.08803008]</LCS_MAX>
		<WAVELENGTH>[0.485, 0.56, 0.66, 0.83, 1.65, 2.215]</WAVELENGTH>
		<MEAN_VALUE>[0.139414, 0.114113346, 0.08856988, 0.2918448, 0.14190969, 0.0607853]</MEAN_VALUE>
		<CHECKBOX>2</CHECKBOX>
		<SD>[0.0022523268, 0.0028881263, 0.002861623, 0.024307165, 0.007171201, 0.0060329395]</SD>
		<WAVELENGTH_UNIT>E-6m</WAVELENGTH_UNIT>
		<COLOR>#a4811b</COLOR>
		<COVARIANCE_MATRIX>[[5.076439265394583e-06, 8.978619234767393e-07, 1.4333678564071306e-06, -9.522477739665192e-06, 6.267627554734645e-07, 2.815003654177417e-06], [8.978619234767393e-07, 8.346965842065401e-06, 3.108542159679928e-06, -1.2901533409603871e-05, -8.395380746151204e-08, 4.146276751271216e-06], [1.4333678564071306e-06, 3.108542159679928e-06, 8.194475412892643e-06, -3.57497192453593e-05, -1.4221895980881527e-06, 8.087405149126425e-06], [-9.522477739665192e-06, -1.2901533409603871e-05, -3.57497192453593e-05, 0.0005912416381761432, 9.093176777241752e-05, -5.372187297325581e-05], [6.267627554734645e-07, -8.395380746151204e-08, -1.4221895980881527e-06, 9.093176777241752e-05, 5.146123294252902e-05, 1.2860838978667744e-05], [2.815003654177417e-06, 4.146276751271216e-06, 8.087405149126425e-06, -5.372187297325581e-05, 1.2860838978667744e-05, 3.642120282165706e-05]]</COVARIANCE_MATRIX>
		<ROI_SIZE>676</ROI_SIZE>
		<MAX_VALUE>[0.14752395, 0.12916984, 0.10130439, 0.36079618, 0.1635408, 0.08803008]</MAX_VALUE>
		<MIN_VALUE>[0.12958553, 0.10836213, 0.08025727, 0.22485562, 0.10425172, 0.03937613]</MIN_VALUE>
		<SIGNATURE_THRESHOLD_MD>0.0</SIGNATURE_THRESHOLD_MD>
		<SIGNATURE_THRESHOLD_ML>0.0</SIGNATURE_THRESHOLD_ML>
		<SIGNATURE_THRESHOLD_SAM>0.0</SIGNATURE_THRESHOLD_SAM>
	</signature>
	<signature ID="20210703_200834587446_843">
		<MACROCLASSID>2</MACROCLASSID>
		<MACROCLASSINFO>vegetation</MACROCLASSINFO>
		<CLASSID>5</CLASSID>
		<CLASSINFO>C 1</CLASSINFO>
		<VALUES>[0.14024016, 0.0029903413, 0.119598724, 0.0059667365, 0.092460155, 0.0056301933, 0.26703736, 0.039438136, 0.11860202, 0.024300555, 0.05341567, 0.01062711]</VALUES>
		<LCS_MIN>[0.1315787, 0.104200594, 0.08025727, 0.15469281, 0.061902385, 0.02721264]</LCS_MIN>
		<LCS_MAX>[0.15151025, 0.14165446, 0.11884363, 0.37833688, 0.17201065, 0.100193575]</LCS_MAX>
		<WAVELENGTH>[0.485, 0.56, 0.66, 0.83, 1.65, 2.215]</WAVELENGTH>
		<MEAN_VALUE>[0.14024016, 0.119598724, 0.092460155, 0.26703736, 0.11860202, 0.05341567]</MEAN_VALUE>
		<CHECKBOX>2</CHECKBOX>
		<SD>[0.0029903413, 0.0059667365, 0.0056301933, 0.039438136, 0.024300555, 0.01062711]</SD>
		<WAVELENGTH_UNIT>E-6m</WAVELENGTH_UNIT>
		<COLOR>#81b725</COLOR>
		<COVARIANCE_MATRIX>[[8.943560715124477e-06, 9.233440323441755e-06, 8.693073141330387e-06, -2.166106469303486e-06, -1.2516784408944659e-05, -2.3865179628046462e-06], [9.233440323441755e-06, 3.560759068932384e-05, 2.724959995248355e-05, -4.539763176580891e-05, -6.981189653743058e-05, -2.189514270867221e-05], [8.693073141330387e-06, 2.724959995248355e-05, 3.170410855091177e-05, -6.254579784581438e-05, -5.9112226153956726e-05, -1.2647035873669665e-05], [-2.166106469303486e-06, -4.539763176580891e-05, -6.254579784581438e-05, 0.001555613474920392, 0.0007135995547287166, 0.0001722337765386328], [-1.2516784408944659e-05, -6.981189653743058e-05, -5.9112226153956726e-05, 0.0007135995547287166, 0.0005906106671318412, 0.00021524129260797054], [-2.3865179628046462e-06, -2.189514270867221e-05, -1.2647035873669665e-05, 0.0001722337765386328, 0.00021524129260797054, 0.00011295338481431827]]</COVARIANCE_MATRIX>
		<ROI_SIZE>2549</ROI_SIZE>
		<MAX_VALUE>[0.15151025, 0.14165446, 0.11884363, 0.37833688, 0.17201065, 0.100193575]</MAX_VALUE>
		<MIN_VALUE>[0.1315787, 0.104200594, 0.08025727, 0.15469281, 0.061902385, 0.02721264]</MIN_VALUE>
		<SIGNATURE_THRESHOLD_MD>0.0</SIGNATURE_THRESHOLD_MD>
		<SIGNATURE_THRESHOLD_ML>0.0</SIGNATURE_THRESHOLD_ML>
		<SIGNATURE_THRESHOLD_SAM>0.0</SIGNATURE_THRESHOLD_SAM>
	</signature>
	<signature ID="20210703_201317545398_817">
		<MACROCLASSID>2</MACROCLASSID>
		<MACROCLASSINFO>vegetation</MACROCLASSINFO>
		<CLASSID>6</CLASSID>
		<CLASSINFO>C 1</CLASSINFO>
		<VALUES>[0.13721135, 0.005201642, 0.11501223, 0.010309696, 0.09178999, 0.009161978, 0.20785756, 0.037766665, 0.11551295, 0.01653526, 0.05955947, 0.010606291]</VALUES>
		<LCS_MIN>[0.12360608, 0.09587751, 0.073241584, 0.14592245, 0.081665404, 0.035321634]</LCS_MIN>
		<LCS_MAX>[0.15350342, 0.14165446, 0.12235148, 0.3300999, 0.20589013, 0.14479303]</LCS_MAX>
		<WAVELENGTH>[0.485, 0.56, 0.66, 0.83, 1.65, 2.215]</WAVELENGTH>
		<MEAN_VALUE>[0.13721135, 0.11501223, 0.09178999, 0.20785756, 0.11551295, 0.05955947]</MEAN_VALUE>
		<CHECKBOX>2</CHECKBOX>
		<SD>[0.005201642, 0.010309696, 0.009161978, 0.037766665, 0.01653526, 0.010606291]</SD>
		<WAVELENGTH_UNIT>E-6m</WAVELENGTH_UNIT>
		<COLOR>#67bfc6</COLOR>
		<COVARIANCE_MATRIX>[[2.7074082026956603e-05, 4.124172846786678e-05, 3.5928267607232556e-05, 0.00014517022646032274, 8.417452590947505e-06, 4.0935174183687195e-06], [4.124172846786678e-05, 0.00010635663056746125, 8.845198317430913e-05, 0.0002874800702556968, -1.0901736459345557e-05, -6.512376785394736e-06], [3.5928267607232556e-05, 8.845198317430913e-05, 8.399460057262331e-05, 0.0002272412966703996, -3.4287559174117632e-06, 4.55078179584234e-06], [0.00014517022646032274, 0.0002874800702556968, 0.0002272412966703996, 0.0014272175030782819, 0.0001530748268123716, -1.7373666196363047e-05], [8.417452590947505e-06, -1.0901736459345557e-05, -3.4287559174117632e-06, 0.0001530748268123716, 0.00027358668739907444, 0.0001380088069709018], [4.0935174183687195e-06, -6.512376785394736e-06, 4.55078179584234e-06, -1.7373666196363047e-05, 0.0001380088069709018, 0.00011256412108195946]]</COVARIANCE_MATRIX>
		<ROI_SIZE>745</ROI_SIZE>
		<MAX_VALUE>[0.15350342, 0.14165446, 0.12235148, 0.3300999, 0.20589013, 0.14479303]</MAX_VALUE>
		<MIN_VALUE>[0.12360608, 0.09587751, 0.073241584, 0.14592245, 0.081665404, 0.035321634]</MIN_VALUE>
		<SIGNATURE_THRESHOLD_MD>0.0</SIGNATURE_THRESHOLD_MD>
		<SIGNATURE_THRESHOLD_ML>0.0</SIGNATURE_THRESHOLD_ML>
		<SIGNATURE_THRESHOLD_SAM>0.0</SIGNATURE_THRESHOLD_SAM>
	</signature>
	<signature ID="20210703_202353076135_818">
		<MACROCLASSID>2</MACROCLASSID>
		<MACROCLASSINFO>vegetation</MACROCLASSINFO>
		<CLASSID>7</CLASSID>
		<CLASSINFO>C 1</CLASSINFO>
		<VALUES>[0.13235727, 0.0025692787, 0.10489418, 0.0027085533, 0.08435586, 0.0034298408, 0.17231725, 0.009544669, 0.10494285, 0.010045734, 0.055537794, 0.008613962]</VALUES>
		<LCS_MIN>[0.12559922, 0.10003906, 0.073241584, 0.15030761, 0.07601884, 0.031267136]</LCS_MIN>
		<LCS_MAX>[0.13955131, 0.11252367, 0.09779654, 0.2117001, 0.1353079, 0.09208457]</LCS_MAX>
		<WAVELENGTH>[0.485, 0.56, 0.66, 0.83, 1.65, 2.215]</WAVELENGTH>
		<MEAN_VALUE>[0.13235727, 0.10489418, 0.08435586, 0.17231725, 0.10494285, 0.055537794]</MEAN_VALUE>
		<CHECKBOX>2</CHECKBOX>
		<SD>[0.0025692787, 0.0027085533, 0.0034298408, 0.009544669, 0.010045734, 0.008613962]</SD>
		<WAVELENGTH_UNIT>E-6m</WAVELENGTH_UNIT>
		<COLOR>#5a2e49</COLOR>
		<COVARIANCE_MATRIX>[[6.612674042116851e-06, 2.6759091724670725e-06, 4.013961188320536e-06, -2.9078269108140375e-06, 2.8079718958906597e-06, 5.4548409025301225e-06], [2.6759091724670725e-06, 7.3490200520609505e-06, 4.971803264197661e-06, -2.4067633148661116e-06, 6.589778422494419e-06, 8.666328540130053e-06], [4.013961188320536e-06, 4.971803264197661e-06, 1.1784267371695023e-05, -4.089141384611139e-06, 1.3060040146228857e-05, 1.72735581145389e-05], [-2.9078269108140375e-06, -2.4067633148661116e-06, -4.089141384611139e-06, 9.125913493335247e-05, 4.810799873666838e-05, 1.0981735613313504e-05], [2.8079718958906597e-06, 6.589778422494419e-06, 1.3060040146228857e-05, 4.810799873666838e-05, 0.00010109229333465919, 6.434130773413926e-05], [5.4548409025301225e-06, 8.666328540130053e-06, 1.72735581145389e-05, 1.0981735613313504e-05, 6.434130773413926e-05, 7.432937854900956e-05]]</COVARIANCE_MATRIX>
		<ROI_SIZE>257</ROI_SIZE>
		<MAX_VALUE>[0.13955131, 0.11252367, 0.09779654, 0.2117001, 0.1353079, 0.09208457]</MAX_VALUE>
		<MIN_VALUE>[0.12559922, 0.10003906, 0.073241584, 0.15030761, 0.07601884, 0.031267136]</MIN_VALUE>
		<SIGNATURE_THRESHOLD_MD>0.0</SIGNATURE_THRESHOLD_MD>
		<SIGNATURE_THRESHOLD_ML>0.0</SIGNATURE_THRESHOLD_ML>
		<SIGNATURE_THRESHOLD_SAM>0.0</SIGNATURE_THRESHOLD_SAM>
	</signature>
	<signature ID="20210703_204039438290_612">
		<MACROCLASSID>3</MACROCLASSID>
		<MACROCLASSINFO>bareland</MACROCLASSINFO>
		<CLASSID>8</CLASSID>
		<CLASSINFO>C 1</CLASSINFO>
		<VALUES>[0.14942734, 0.008596562, 0.13065977, 0.011754623, 0.12319442, 0.013980819, 0.18189797, 0.016473498, 0.19709732, 0.03783802, 0.15258588, 0.039792076]</VALUES>
		<LCS_MIN>[0.13357185, 0.10836213, 0.09078082, 0.11961139, 0.078842126, 0.05153962]</LCS_MIN>
		<LCS_MAX>[0.18738708, 0.18326984, 0.18549278, 0.22485562, 0.31035176, 0.31508186]</LCS_MAX>
		<WAVELENGTH>[0.485, 0.56, 0.66, 0.83, 1.65, 2.215]</WAVELENGTH>
		<MEAN_VALUE>[0.14942734, 0.13065977, 0.12319442, 0.18189797, 0.19709732, 0.15258588]</MEAN_VALUE>
		<CHECKBOX>2</CHECKBOX>
		<SD>[0.008596562, 0.011754623, 0.013980819, 0.016473498, 0.03783802, 0.039792076]</SD>
		<WAVELENGTH_UNIT>E-6m</WAVELENGTH_UNIT>
		<COLOR>#480dca</COLOR>
		<COVARIANCE_MATRIX>[[7.391114195343107e-05, 9.144127398030832e-05, 8.939136023400351e-05, 2.1621330233756453e-05, 7.166187424445525e-05, 0.0001942541275639087], [9.144127398030832e-05, 0.0001381903566652909, 0.000144537742016837, 6.424160528695211e-05, 0.00017690255481284112, 0.00033114702091552317], [8.939136023400351e-05, 0.000144537742016837, 0.0001954904291778803, 0.0001100543886423111, 0.0003534715506248176, 0.0004894997109659016], [2.1621330233756453e-05, 6.424160528695211e-05, 0.0001100543886423111, 0.00027141382452100515, 0.00045693470747210085, 0.0003877136914525181], [7.166187424445525e-05, 0.00017690255481284112, 0.0003534715506248176, 0.00045693470747210085, 0.0014319148613139987, 0.0013436505105346441], [0.0001942541275639087, 0.00033114702091552317, 0.0004894997109659016, 0.0003877136914525181, 0.0013436505105346441, 0.0015836296370252967]]</COVARIANCE_MATRIX>
		<ROI_SIZE>3019</ROI_SIZE>
		<MAX_VALUE>[0.18738708, 0.18326984, 0.18549278, 0.22485562, 0.31035176, 0.31508186]</MAX_VALUE>
		<MIN_VALUE>[0.13357185, 0.10836213, 0.09078082, 0.11961139, 0.078842126, 0.05153962]</MIN_VALUE>
		<SIGNATURE_THRESHOLD_MD>0.0</SIGNATURE_THRESHOLD_MD>
		<SIGNATURE_THRESHOLD_ML>0.0</SIGNATURE_THRESHOLD_ML>
		<SIGNATURE_THRESHOLD_SAM>0.0</SIGNATURE_THRESHOLD_SAM>
	</signature>
	<signature ID="20210703_210147946207_359">
		<MACROCLASSID>3</MACROCLASSID>
		<MACROCLASSINFO>bareland</MACROCLASSINFO>
		<CLASSID>9</CLASSID>
		<CLASSINFO>C 1</CLASSINFO>
		<VALUES>[0.15422814, 0.009040376, 0.13893676, 0.012186916, 0.13515581, 0.0151498895, 0.17907363, 0.017675525, 0.20841087, 0.032299217, 0.1730688, 0.03601206]</VALUES>
		<LCS_MIN>[0.13357185, 0.11252367, 0.09779654, 0.12838174, 0.090135284, 0.05153962]</LCS_MIN>
		<LCS_MAX>[0.19735287, 0.19159292, 0.1925085, 0.24678154, 0.31599835, 0.30697286]</LCS_MAX>
		<WAVELENGTH>[0.485, 0.56, 0.66, 0.83, 1.65, 2.215]</WAVELENGTH>
		<MEAN_VALUE>[0.15422814, 0.13893676, 0.13515581, 0.17907363, 0.20841087, 0.1730688]</MEAN_VALUE>
		<CHECKBOX>2</CHECKBOX>
		<SD>[0.009040376, 0.012186916, 0.0151498895, 0.017675525, 0.032299217, 0.03601206]</SD>
		<WAVELENGTH_UNIT>E-6m</WAVELENGTH_UNIT>
		<COLOR>#433013</COLOR>
		<COVARIANCE_MATRIX>[[8.173812966560945e-05, 0.00010158213262911886, 0.00011246850772295147, 5.018183583160862e-05, 0.00013486272655427456, 0.00023492261243518442], [0.00010158213262911886, 0.00014853863103780895, 0.00016979726206045598, 9.607965330360457e-05, 0.00023039316874928772, 0.00035609176848083735], [0.00011246850772295147, 0.00016979726206045598, 0.00022954649466555566, 0.00014574544911738485, 0.0003546078805811703, 0.0004847787495236844], [5.018183583160862e-05, 9.607965330360457e-05, 0.00014574544911738485, 0.0003124613722320646, 0.0004740472068078816, 0.00041290358058176935], [0.00013486272655427456, 0.00023039316874928772, 0.0003546078805811703, 0.0004740472068078816, 0.001043363707140088, 0.0010434453142806888], [0.00023492261243518442, 0.00035609176848083735, 0.0004847787495236844, 0.00041290358058176935, 0.0010434453142806888, 0.0012970224488526583]]</COVARIANCE_MATRIX>
		<ROI_SIZE>1151</ROI_SIZE>
		<MAX_VALUE>[0.19735287, 0.19159292, 0.1925085, 0.24678154, 0.31599835, 0.30697286]</MAX_VALUE>
		<MIN_VALUE>[0.13357185, 0.11252367, 0.09779654, 0.12838174, 0.090135284, 0.05153962]</MIN_VALUE>
		<SIGNATURE_THRESHOLD_MD>0.0</SIGNATURE_THRESHOLD_MD>
		<SIGNATURE_THRESHOLD_ML>0.0</SIGNATURE_THRESHOLD_ML>
		<SIGNATURE_THRESHOLD_SAM>0.0</SIGNATURE_THRESHOLD_SAM>
	</signature>
	<signature ID="20210703_211849552730_179">
		<MACROCLASSID>4</MACROCLASSID>
		<MACROCLASSINFO>built-up</MACROCLASSINFO>
		<CLASSID>10</CLASSID>
		<CLASSINFO>C 1</CLASSINFO>
		<VALUES>[0.15092741, 0.0030207294, 0.12897411, 0.0062583704, 0.1194749, 0.009612747, 0.1349909, 0.01301311, 0.13694759, 0.024434412, 0.124470785, 0.028195444]</VALUES>
		<LCS_MIN>[0.14154446, 0.11252367, 0.10130439, 0.10645587, 0.090135284, 0.0677576]</LCS_MIN>
		<LCS_MAX>[0.1594829, 0.14581598, 0.15041427, 0.1766187, 0.23412302, 0.22993745]</LCS_MAX>
		<WAVELENGTH>[0.485, 0.56, 0.66, 0.83, 1.65, 2.215]</WAVELENGTH>
		<MEAN_VALUE>[0.15092741, 0.12897411, 0.1194749, 0.1349909, 0.13694759, 0.124470785]</MEAN_VALUE>
		<CHECKBOX>2</CHECKBOX>
		<SD>[0.0030207294, 0.0062583704, 0.009612747, 0.01301311, 0.024434412, 0.028195444]</SD>
		<WAVELENGTH_UNIT>E-6m</WAVELENGTH_UNIT>
		<COLOR>#1c8572</COLOR>
		<COVARIANCE_MATRIX>[[9.143503120867535e-06, 1.101879752241075e-05, 1.4652947356808e-05, 1.3854216376785189e-05, 3.1965228117769584e-05, 3.7561960198218e-05], [1.101879752241075e-05, 3.924746124539524e-05, 5.061874253442511e-05, 5.5819218687247485e-05, 0.00011299867037450895, 0.0001330030499957502], [1.4652947356808e-05, 5.061874253442511e-05, 9.25942586036399e-05, 0.00010185795690631494, 0.00020803578081540763, 0.00024423401919193566], [1.3854216376785189e-05, 5.5819218687247485e-05, 0.00010185795690631494, 0.00016968802083283663, 0.00027105360641144216, 0.0002955159288831055], [3.1965228117769584e-05, 0.00011299867037450895, 0.00020803578081540763, 0.00027105360641144216, 0.0005982639268040657, 0.0006647121626883745], [3.7561960198218e-05, 0.0001330030499957502, 0.00024423401919193566, 0.0002955159288831055, 0.0006647121626883745, 0.0007966122357174754]]</COVARIANCE_MATRIX>
		<ROI_SIZE>122</ROI_SIZE>
		<MAX_VALUE>[0.1594829, 0.14581598, 0.15041427, 0.1766187, 0.23412302, 0.22993745]</MAX_VALUE>
		<MIN_VALUE>[0.14154446, 0.11252367, 0.10130439, 0.10645587, 0.090135284, 0.0677576]</MIN_VALUE>
		<SIGNATURE_THRESHOLD_MD>0.0</SIGNATURE_THRESHOLD_MD>
		<SIGNATURE_THRESHOLD_ML>0.0</SIGNATURE_THRESHOLD_ML>
		<SIGNATURE_THRESHOLD_SAM>0.0</SIGNATURE_THRESHOLD_SAM>
	</signature>
	<signature ID="20210705_100618176203_726">
		<MACROCLASSID>2</MACROCLASSID>
		<MACROCLASSINFO>vegetation</MACROCLASSINFO>
		<CLASSID>11</CLASSID>
		<CLASSINFO>C 1</CLASSINFO>
		<VALUES>[0.14122592, 0.0027513988, 0.122348994, 0.0052041276, 0.095589735, 0.0053738467, 0.26140043, 0.02241725, 0.11666674, 0.019495247, 0.054676846, 0.011208405]</VALUES>
		<LCS_MIN>[0.13357185, 0.10836213, 0.083765134, 0.1766187, 0.06472568, 0.031267136]</LCS_MIN>
		<LCS_MAX>[0.15350342, 0.14165446, 0.12235148, 0.3388703, 0.16636407, 0.11235705]</LCS_MAX>
		<WAVELENGTH>[0.485, 0.56, 0.66, 0.83, 1.65, 2.215]</WAVELENGTH>
		<MEAN_VALUE>[0.14122592, 0.122348994, 0.095589735, 0.26140043, 0.11666674, 0.054676846]</MEAN_VALUE>
		<CHECKBOX>2</CHECKBOX>
		<SD>[0.0027513988, 0.0052041276, 0.0053738467, 0.02241725, 0.019495247, 0.011208405]</SD>
		<WAVELENGTH_UNIT>E-6m</WAVELENGTH_UNIT>
		<COLOR>#ec07a2</COLOR>
		<COVARIANCE_MATRIX>[[7.572282356704818e-06, 1.3291697769091115e-06, 2.856274250007118e-06, -3.9183569242595695e-06, 9.76621413428802e-06, 8.339156011061277e-06], [1.3291697769091115e-06, 2.709041473281104e-05, 2.1322197426343337e-05, -6.31347757007461e-06, -4.165190694038756e-05, -1.5378353054984473e-05], [2.856274250007118e-06, 2.1322197426343337e-05, 2.8886188374599442e-05, -2.6441033696755767e-05, -2.978977863676846e-05, -3.106741587544093e-06], [-3.9183569242595695e-06, -6.31347757007461e-06, -2.6441033696755767e-05, 0.0005026715807616711, 0.00016221000987570733, 4.616273599822307e-06], [9.76621413428802e-06, -4.165190694038756e-05, -2.978977863676846e-05, 0.00016221000987570733, 0.00038016942562535405, 0.00018298880604561418], [8.339156011061277e-06, -1.5378353054984473e-05, -3.106741587544093e-06, 4.616273599822307e-06, 0.00018298880604561418, 0.00012566296209115535]]</COVARIANCE_MATRIX>
		<ROI_SIZE>1247</ROI_SIZE>
		<MAX_VALUE>[0.15350342, 0.14165446, 0.12235148, 0.3388703, 0.16636407, 0.11235705]</MAX_VALUE>
		<MIN_VALUE>[0.13357185, 0.10836213, 0.083765134, 0.1766187, 0.06472568, 0.031267136]</MIN_VALUE>
		<SIGNATURE_THRESHOLD_MD>0.0</SIGNATURE_THRESHOLD_MD>
		<SIGNATURE_THRESHOLD_ML>0.0</SIGNATURE_THRESHOLD_ML>
		<SIGNATURE_THRESHOLD_SAM>0.0</SIGNATURE_THRESHOLD_SAM>
	</signature>
	<signature ID="20210705_103829091912_611">
		<MACROCLASSID>4</MACROCLASSID>
		<MACROCLASSINFO>built-up</MACROCLASSINFO>
		<CLASSID>12</CLASSID>
		<CLASSINFO>C 1</CLASSINFO>
		<VALUES>[0.15052286, 0.0031891097, 0.12607466, 0.0053186705, 0.114294015, 0.006586421, 0.12995489, 0.011775105, 0.119636975, 0.015998552, 0.10332102, 0.016011694]</VALUES>
		<LCS_MIN>[0.13955131, 0.11252367, 0.09078082, 0.10207068, 0.078842126, 0.0637031]</LCS_MIN>
		<LCS_MAX>[0.16147605, 0.14997754, 0.14339858, 0.16784833, 0.18330382, 0.17722897]</LCS_MAX>
		<WAVELENGTH>[0.485, 0.56, 0.66, 0.83, 1.65, 2.215]</WAVELENGTH>
		<MEAN_VALUE>[0.15052286, 0.12607466, 0.114294015, 0.12995489, 0.119636975, 0.10332102]</MEAN_VALUE>
		<CHECKBOX>2</CHECKBOX>
		<SD>[0.0031891097, 0.0053186705, 0.006586421, 0.011775105, 0.015998552, 0.016011694]</SD>
		<WAVELENGTH_UNIT>E-6m</WAVELENGTH_UNIT>
		<COLOR>#e38a35</COLOR>
		<COVARIANCE_MATRIX>[[1.0183802260144148e-05, 1.0342087080061901e-05, 1.3045384548604488e-05, 1.067522771336371e-05, 2.0942470655427314e-05, 2.4230968847405165e-05], [1.0342087080061901e-05, 2.8325475796009414e-05, 2.8310831112321466e-05, 3.325767465867102e-05, 5.4871459724381566e-05, 5.831349335494451e-05], [1.3045384548604488e-05, 2.8310831112321466e-05, 4.343801992945373e-05, 4.179749885224737e-05, 7.526225090259686e-05, 8.221624739235267e-05], [1.067522771336371e-05, 3.325767465867102e-05, 4.179749885224737e-05, 0.00013883555948268622, 0.0001455425372114405, 0.00011103928409283981], [2.0942470655427314e-05, 5.4871459724381566e-05, 7.526225090259686e-05, 0.0001455425372114405, 0.00025629045558162034, 0.00022928963880985975], [2.4230968847405165e-05, 5.831349335494451e-05, 8.221624739235267e-05, 0.00011103928409283981, 0.00022928963880985975, 0.0002567116462159902]]</COVARIANCE_MATRIX>
		<ROI_SIZE>232</ROI_SIZE>
		<MAX_VALUE>[0.16147605, 0.14997754, 0.14339858, 0.16784833, 0.18330382, 0.17722897]</MAX_VALUE>
		<MIN_VALUE>[0.13955131, 0.11252367, 0.09078082, 0.10207068, 0.078842126, 0.0637031]</MIN_VALUE>
		<SIGNATURE_THRESHOLD_MD>0.0</SIGNATURE_THRESHOLD_MD>
		<SIGNATURE_THRESHOLD_ML>0.0</SIGNATURE_THRESHOLD_ML>
		<SIGNATURE_THRESHOLD_SAM>0.0</SIGNATURE_THRESHOLD_SAM>
	</signature>
	<signature ID="20210705_122041977604_997">
		<MACROCLASSID>4</MACROCLASSID>
		<MACROCLASSINFO>built-up</MACROCLASSINFO>
		<CLASSID>13</CLASSID>
		<CLASSINFO>C 1</CLASSINFO>
		<VALUES>[0.15037975, 0.003637093, 0.12511235, 0.005543408, 0.112907685, 0.006269454, 0.12592192, 0.00998414, 0.11770203, 0.015147811, 0.10220814, 0.016609207]</VALUES>
		<LCS_MIN>[0.13755816, 0.11252367, 0.09428867, 0.10207068, 0.078842126, 0.05153962]</LCS_MIN>
		<LCS_MAX>[0.16147605, 0.14165446, 0.13287503, 0.159078, 0.19177367, 0.1731745]</LCS_MAX>
		<WAVELENGTH>[0.485, 0.56, 0.66, 0.83, 1.65, 2.215]</WAVELENGTH>
		<MEAN_VALUE>[0.15037975, 0.12511235, 0.112907685, 0.12592192, 0.11770203, 0.10220814]</MEAN_VALUE>
		<CHECKBOX>2</CHECKBOX>
		<SD>[0.003637093, 0.005543408, 0.006269454, 0.00998414, 0.015147811, 0.016609207]</SD>
		<WAVELENGTH_UNIT>E-6m</WAVELENGTH_UNIT>
		<COLOR>#be8588</COLOR>
		<COVARIANCE_MATRIX>[[1.3249146832094993e-05, 1.4435396224143915e-05, 1.6354826584574766e-05, 1.5133232409425545e-05, 3.211106377420947e-05, 3.803326399065554e-05], [1.4435396224143915e-05, 3.077746441704221e-05, 2.753013359324541e-05, 3.101417314610444e-05, 5.831912494613789e-05, 6.588240648852661e-05], [1.6354826584574766e-05, 2.753013359324541e-05, 3.9367569115711376e-05, 2.901990774262231e-05, 6.71013185638003e-05, 8.13983497209847e-05], [1.5133232409425545e-05, 3.101417314610444e-05, 2.901990774262231e-05, 9.983904601540416e-05, 9.792698983801529e-05, 8.025558781810105e-05], [3.211106377420947e-05, 5.831912494613789e-05, 6.71013185638003e-05, 9.792698983801529e-05, 0.0002298152685398236, 0.0002286362141603604], [3.803326399065554e-05, 6.588240648852661e-05, 8.13983497209847e-05, 8.025558781810105e-05, 0.0002286362141603604, 0.00027629744727164507]]</COVARIANCE_MATRIX>
		<ROI_SIZE>319</ROI_SIZE>
		<MAX_VALUE>[0.16147605, 0.14165446, 0.13287503, 0.159078, 0.19177367, 0.1731745]</MAX_VALUE>
		<MIN_VALUE>[0.13755816, 0.11252367, 0.09428867, 0.10207068, 0.078842126, 0.05153962]</MIN_VALUE>
		<SIGNATURE_THRESHOLD_MD>0.0</SIGNATURE_THRESHOLD_MD>
		<SIGNATURE_THRESHOLD_ML>0.0</SIGNATURE_THRESHOLD_ML>
		<SIGNATURE_THRESHOLD_SAM>0.0</SIGNATURE_THRESHOLD_SAM>
	</signature>
	<signature ID="20210705_123605042436_476">
		<MACROCLASSID>4</MACROCLASSID>
		<MACROCLASSINFO>built-up</MACROCLASSINFO>
		<CLASSID>14</CLASSID>
		<CLASSINFO>C 1</CLASSINFO>
		<VALUES>[0.14900658, 0.0030794255, 0.1249937, 0.004811629, 0.112271026, 0.0059626293, 0.13335162, 0.008796983, 0.121488646, 0.013459053, 0.102825426, 0.015495768]</VALUES>
		<LCS_MIN>[0.13955131, 0.11252367, 0.09428867, 0.110841036, 0.09295856, 0.0677576]</LCS_MIN>
		<LCS_MAX>[0.15748973, 0.13749292, 0.12936717, 0.159078, 0.16918735, 0.14479303]</LCS_MAX>
		<WAVELENGTH>[0.485, 0.56, 0.66, 0.83, 1.65, 2.215]</WAVELENGTH>
		<MEAN_VALUE>[0.14900658, 0.1249937, 0.112271026, 0.13335162, 0.121488646, 0.102825426]</MEAN_VALUE>
		<CHECKBOX>2</CHECKBOX>
		<SD>[0.0030794255, 0.004811629, 0.0059626293, 0.008796983, 0.013459053, 0.015495768]</SD>
		<WAVELENGTH_UNIT>E-6m</WAVELENGTH_UNIT>
		<COLOR>#e88195</COLOR>
		<COVARIANCE_MATRIX>[[9.516251338936854e-06, 9.42616316024214e-06, 1.120691558753606e-05, 2.2076503682910698e-06, 1.3923174265073612e-05, 1.8933606042992324e-05], [9.42616316024214e-06, 2.3233296815305948e-05, 2.2777405320084654e-05, 7.333911526075099e-06, 3.1735547963762656e-05, 4.2993295210180804e-05], [1.120691558753606e-05, 2.2777405320084654e-05, 3.567813473637216e-05, 1.1168594028276857e-05, 5.228058580541983e-05, 6.73884860589169e-05], [2.2076503682910698e-06, 7.333911526075099e-06, 1.1168594028276857e-05, 7.765940972603858e-05, 5.6889828556450084e-05, 3.52046154148411e-05], [1.3923174265073612e-05, 3.1735547963762656e-05, 5.228058580541983e-05, 5.6889828556450084e-05, 0.00018178396567236632, 0.00018373772036284208], [1.8933606042992324e-05, 4.2993295210180804e-05, 6.73884860589169e-05, 3.52046154148411e-05, 0.00018373772036284208, 0.00024096432025544345]]</COVARIANCE_MATRIX>
		<ROI_SIZE>119</ROI_SIZE>
		<MAX_VALUE>[0.15748973, 0.13749292, 0.12936717, 0.159078, 0.16918735, 0.14479303]</MAX_VALUE>
		<MIN_VALUE>[0.13955131, 0.11252367, 0.09428867, 0.110841036, 0.09295856, 0.0677576]</MIN_VALUE>
		<SIGNATURE_THRESHOLD_MD>0.0</SIGNATURE_THRESHOLD_MD>
		<SIGNATURE_THRESHOLD_ML>0.0</SIGNATURE_THRESHOLD_ML>
		<SIGNATURE_THRESHOLD_SAM>0.0</SIGNATURE_THRESHOLD_SAM>
	</signature>
	<signature ID="20210705_125837504255_150">
		<MACROCLASSID>3</MACROCLASSID>
		<MACROCLASSINFO>bareland</MACROCLASSINFO>
		<CLASSID>15</CLASSID>
		<CLASSINFO>C 1</CLASSINFO>
		<VALUES>[0.1554154, 0.0074585336, 0.13617273, 0.011471947, 0.12505214, 0.012945081, 0.16826774, 0.017545555, 0.18156332, 0.029844208, 0.15465283, 0.03788344]</VALUES>
		<LCS_MIN>[0.14154446, 0.11668522, 0.09779654, 0.12838174, 0.11554486, 0.07992108]</LCS_MIN>
		<LCS_MAX>[0.18140763, 0.17494677, 0.1714614, 0.23801118, 0.28211892, 0.29075485]</LCS_MAX>
		<WAVELENGTH>[0.485, 0.56, 0.66, 0.83, 1.65, 2.215]</WAVELENGTH>
		<MEAN_VALUE>[0.1554154, 0.13617273, 0.12505214, 0.16826774, 0.18156332, 0.15465283]</MEAN_VALUE>
		<CHECKBOX>2</CHECKBOX>
		<SD>[0.0074585336, 0.011471947, 0.012945081, 0.017545555, 0.029844208, 0.03788344]</SD>
		<WAVELENGTH_UNIT>E-6m</WAVELENGTH_UNIT>
		<COLOR>#d7a9f6</COLOR>
		<COVARIANCE_MATRIX>[[5.568245251197368e-05, 7.926936086732894e-05, 8.883834379957989e-05, 4.138299118494615e-05, 0.00013550494622904807, 0.0002245252690045163], [7.926936086732894e-05, 0.00013173031038604677, 0.00014027845463715494, 7.827282388461754e-05, 0.00022122486552689224, 0.00035541385295800865], [8.883834379957989e-05, 0.00014027845463715494, 0.00016773398965597153, 7.16963768354617e-05, 0.0002692315320018679, 0.0004262445436324924], [4.138299118494615e-05, 7.827282388461754e-05, 7.16963768354617e-05, 0.0003081382892560214, 0.00032842400833033025, 0.00028417809517122805], [0.00013550494622904807, 0.00022122486552689224, 0.0002692315320018679, 0.00032842400833033025, 0.0008915209909901023, 0.0010354839032515883], [0.0002245252690045163, 0.00035541385295800865, 0.0004262445436324924, 0.00028417809517122805, 0.0010354839032515883, 0.0014365152455866337]]</COVARIANCE_MATRIX>
		<ROI_SIZE>350</ROI_SIZE>
		<MAX_VALUE>[0.18140763, 0.17494677, 0.1714614, 0.23801118, 0.28211892, 0.29075485]</MAX_VALUE>
		<MIN_VALUE>[0.14154446, 0.11668522, 0.09779654, 0.12838174, 0.11554486, 0.07992108]</MIN_VALUE>
		<SIGNATURE_THRESHOLD_MD>0.0</SIGNATURE_THRESHOLD_MD>
		<SIGNATURE_THRESHOLD_ML>0.0</SIGNATURE_THRESHOLD_ML>
		<SIGNATURE_THRESHOLD_SAM>0.0</SIGNATURE_THRESHOLD_SAM>
	</signature>
	<signature ID="20210705_135026508599_241">
		<MACROCLASSID>3</MACROCLASSID>
		<MACROCLASSINFO>bareland</MACROCLASSINFO>
		<CLASSID>16</CLASSID>
		<CLASSINFO>C 1</CLASSINFO>
		<VALUES>[0.15279835, 0.008150853, 0.13339193, 0.011330729, 0.119547665, 0.014471923, 0.15482481, 0.024038319, 0.11509297, 0.066742025, 0.09054456, 0.06811887]</VALUES>
		<LCS_MIN>[0.13556501, 0.11252367, 0.09428867, 0.10645587, 0.022376351, 0.01099466]</LCS_MIN>
		<LCS_MAX>[0.18738708, 0.18326984, 0.18549278, 0.22924083, 0.31035176, 0.32319084]</LCS_MAX>
		<WAVELENGTH>[0.485, 0.56, 0.66, 0.83, 1.65, 2.215]</WAVELENGTH>
		<MEAN_VALUE>[0.15279835, 0.13339193, 0.119547665, 0.15482481, 0.11509297, 0.09054456]</MEAN_VALUE>
		<CHECKBOX>2</CHECKBOX>
		<SD>[0.008150853, 0.011330729, 0.014471923, 0.024038319, 0.066742025, 0.06811887]</SD>
		<WAVELENGTH_UNIT>E-6m</WAVELENGTH_UNIT>
		<COLOR>#59935c</COLOR>
		<COVARIANCE_MATRIX>[[6.646975816693157e-05, 8.54496393003501e-05, 0.00011091418855357915, 0.00013669616600964218, 0.0004384830535855144, 0.00048147610505111516], [8.54496393003501e-05, 0.00012844990123994648, 0.0001572382025187835, 0.0002031138865277171, 0.0006190500571392477, 0.0006744859274476767], [0.00011091418855357915, 0.0001572382025187835, 0.00020954171486664563, 0.000260190136032179, 0.0008087353780865669, 0.0008800276555120945], [0.00013669616600964218, 0.0002031138865277171, 0.000260190136032179, 0.0005781309446319938, 0.0014753362629562616, 0.0014481140533462167], [0.0004384830535855144, 0.0006190500571392477, 0.0008087353780865669, 0.0014753362629562616, 0.004456734284758568, 0.00448237219825387], [0.00048147610505111516, 0.0006744859274476767, 0.0008800276555120945, 0.0014481140533462167, 0.00448237219825387, 0.004642509389668703]]</COVARIANCE_MATRIX>
		<ROI_SIZE>714</ROI_SIZE>
		<MAX_VALUE>[0.18738708, 0.18326984, 0.18549278, 0.22924083, 0.31035176, 0.32319084]</MAX_VALUE>
		<MIN_VALUE>[0.13556501, 0.11252367, 0.09428867, 0.10645587, 0.022376351, 0.01099466]</MIN_VALUE>
		<SIGNATURE_THRESHOLD_MD>0.0</SIGNATURE_THRESHOLD_MD>
		<SIGNATURE_THRESHOLD_ML>0.0</SIGNATURE_THRESHOLD_ML>
		<SIGNATURE_THRESHOLD_SAM>0.0</SIGNATURE_THRESHOLD_SAM>
	</signature>
	<signature ID="20210705_135337135184_889">
		<MACROCLASSID>3</MACROCLASSID>
		<MACROCLASSINFO>bareland</MACROCLASSINFO>
		<CLASSID>17</CLASSID>
		<CLASSINFO>C 1</CLASSINFO>
		<VALUES>[0.15253565, 0.0050852764, 0.13243006, 0.0067504407, 0.119670354, 0.008581569, 0.15121193, 0.014998898, 0.12827356, 0.03351452, 0.10283464, 0.032769393]</VALUES>
		<LCS_MIN>[0.13955131, 0.11252367, 0.09428867, 0.10207068, 0.028022928, 0.01099466]</LCS_MIN>
		<LCS_MAX>[0.16745552, 0.14997754, 0.14690642, 0.20731495, 0.18330382, 0.1569565]</LCS_MAX>
		<WAVELENGTH>[0.485, 0.56, 0.66, 0.83, 1.65, 2.215]</WAVELENGTH>
		<MEAN_VALUE>[0.15253565, 0.13243006, 0.119670354, 0.15121193, 0.12827356, 0.10283464]</MEAN_VALUE>
		<CHECKBOX>2</CHECKBOX>
		<SD>[0.0050852764, 0.0067504407, 0.008581569, 0.014998898, 0.03351452, 0.032769393]</SD>
		<WAVELENGTH_UNIT>E-6m</WAVELENGTH_UNIT>
		<COLOR>#55106e</COLOR>
		<COVARIANCE_MATRIX>[[2.5874152925098315e-05, 2.7334337573847733e-05, 3.6457400710787624e-05, 3.247829954489134e-05, 9.717317880131304e-05, 0.0001011291315080598], [2.7334337573847733e-05, 4.559332228382118e-05, 5.196623533265665e-05, 5.40187866135966e-05, 0.00011488753807498142, 0.00011821748194051906], [3.6457400710787624e-05, 5.196623533265665e-05, 7.368352817138657e-05, 6.787725578760728e-05, 0.0001573091431055218, 0.00016334671818185598], [3.247829954489134e-05, 5.40187866135966e-05, 6.787725578760728e-05, 0.0002250897669000551, 0.00033236973104067147, 0.0002844533883035183], [9.717317880131304e-05, 0.00011488753807498142, 0.0001573091431055218, 0.00033236973104067147, 0.0011238360311836004, 0.0010724631138145924], [0.0001011291315080598, 0.00011821748194051906, 0.00016334671818185598, 0.0002844533883035183, 0.0010724631138145924, 0.001074419473297894]]</COVARIANCE_MATRIX>
		<ROI_SIZE>410</ROI_SIZE>
		<MAX_VALUE>[0.16745552, 0.14997754, 0.14690642, 0.20731495, 0.18330382, 0.1569565]</MAX_VALUE>
		<MIN_VALUE>[0.13955131, 0.11252367, 0.09428867, 0.10207068, 0.028022928, 0.01099466]</MIN_VALUE>
		<SIGNATURE_THRESHOLD_MD>0.0</SIGNATURE_THRESHOLD_MD>
		<SIGNATURE_THRESHOLD_ML>0.0</SIGNATURE_THRESHOLD_ML>
		<SIGNATURE_THRESHOLD_SAM>0.0</SIGNATURE_THRESHOLD_SAM>
	</signature>
	<signature ID="20210705_140021364538_561">
		<MACROCLASSID>3</MACROCLASSID>
		<MACROCLASSINFO>bareland</MACROCLASSINFO>
		<CLASSID>18</CLASSID>
		<CLASSINFO>C 1</CLASSINFO>
		<VALUES>[0.17944612, 0.021621054, 0.17088965, 0.029137226, 0.16698788, 0.035286315, 0.19948699, 0.025715744, 0.24339463, 0.05786797, 0.23084404, 0.07295973]</VALUES>
		<LCS_MIN>[0.13755816, 0.11252367, 0.09078082, 0.12838174, 0.09860515, 0.0637031]</LCS_MIN>
		<LCS_MAX>[0.2192776, 0.22072369, 0.22758703, 0.2555519, 0.34705454, 0.3475178]</LCS_MAX>
		<WAVELENGTH>[0.485, 0.56, 0.66, 0.83, 1.65, 2.215]</WAVELENGTH>
		<MEAN_VALUE>[0.17944612, 0.17088965, 0.16698788, 0.19948699, 0.24339463, 0.23084404]</MEAN_VALUE>
		<CHECKBOX>2</CHECKBOX>
		<SD>[0.021621054, 0.029137226, 0.035286315, 0.025715744, 0.05786797, 0.07295973]</SD>
		<WAVELENGTH_UNIT>E-6m</WAVELENGTH_UNIT>
		<COLOR>#1ba6cd</COLOR>
		<COVARIANCE_MATRIX>[[0.0004675861564464867, 0.0006213331944309175, 0.0007477930630557239, 0.00047386903315782547, 0.001160961575806141, 0.0014855732442811131], [0.0006213331944309175, 0.0008491889457218349, 0.0010201690020039678, 0.0006462066085077822, 0.0015938193537294865, 0.0020433254539966583], [0.0007477930630557239, 0.0010201690020039678, 0.0012454333482310176, 0.0007785813650116324, 0.0019516703905537724, 0.0025018451269716024], [0.00047386903315782547, 0.0006462066085077822, 0.0007785813650116324, 0.0006614638259634376, 0.0013189956080168486, 0.0015841792337596416], [0.001160961575806141, 0.0015938193537294865, 0.0019516703905537724, 0.0013189956080168486, 0.0033495347015559673, 0.004161510616540909], [0.0014855732442811131, 0.0020433254539966583, 0.0025018451269716024, 0.0015841792337596416, 0.004161510616540909, 0.005324445199221373]]</COVARIANCE_MATRIX>
		<ROI_SIZE>1699</ROI_SIZE>
		<MAX_VALUE>[0.2192776, 0.22072369, 0.22758703, 0.2555519, 0.34705454, 0.3475178]</MAX_VALUE>
		<MIN_VALUE>[0.13755816, 0.11252367, 0.09078082, 0.12838174, 0.09860515, 0.0637031]</MIN_VALUE>
		<SIGNATURE_THRESHOLD_MD>0.0</SIGNATURE_THRESHOLD_MD>
		<SIGNATURE_THRESHOLD_ML>0.0</SIGNATURE_THRESHOLD_ML>
		<SIGNATURE_THRESHOLD_SAM>0.0</SIGNATURE_THRESHOLD_SAM>
	</signature>
	<signature ID="20210705_143159570317_369">
		<MACROCLASSID>1</MACROCLASSID>
		<MACROCLASSINFO>waterbody</MACROCLASSINFO>
		<CLASSID>19</CLASSID>
		<CLASSINFO>C 1</CLASSINFO>
		<VALUES>[0.14102979, 0.002876588, 0.113264255, 0.003411618, 0.08671861, 0.0034315311, 0.06551932, 0.006724932, 0.01837734, 0.0051138336, 0.01047705, 0.00437074]</VALUES>
		<LCS_MIN>[0.1315787, 0.104200594, 0.076749414, 0.05383373, 0.0054366193, 0.0]</LCS_MIN>
		<LCS_MAX>[0.15748973, 0.13333139, 0.11533578, 0.13715209, 0.08731199, 0.0677576]</LCS_MAX>
