<?xml version="1.0" ?>
<signaturelist MCID_LIST="[['1', 'waterbody', '#0000ff'], ['2', 'vegetation', '#00ff00'], ['3', 'bareland', '#ffaa00'], ['4', 'built-up', '#ff0000']]">
	<signature ID="20200806_122027867309_730">
		<MACROCLASSID>1</MACROCLASSID>
		<MACROCLASSINFO>MC 1</MACROCLASSINFO>
		<CLASSID>1</CLASSID>
		<CLASSINFO>C 1</CLASSINFO>
		<VALUES>[0.09227994894608854, 0.002036640353664565, 0.08686379931168642, 0.003832298280709404, 0.05724322564977537, 0.00446795929719185, 0.024764075952892508, 0.0023459088027434813, 0.009663961417390966, 0.0017272111173335478, 0.006028252705194373, 0.0013564144887046018]</VALUES>
		<LCS_MIN>[0.08809538930654526, 0.08042097836732864, 0.050981804728507996, 0.017199575901031494, 0.004713220521807671, 0.0038988906890153885]</LCS_MIN>
		<LCS_MAX>[0.09653478860855103, 0.09611529111862183, 0.0690450668334961, 0.03533685952425003, 0.01986464485526085, 0.0139669394120574]</LCS_MAX>
		<WAVELENGTH>[0.48, 0.56, 0.655, 0.865, 1.61, 2.2]</WAVELENGTH>
		<MEAN_VALUE>[0.09227994894608854, 0.08686379931168642, 0.05724322564977537, 0.024764075952892508, 0.009663961417390966, 0.006028252705194373]</MEAN_VALUE>
		<CHECKBOX>2</CHECKBOX>
		<SD>[0.002036640353664565, 0.003832298280709404, 0.00446795929719185, 0.0023459088027434813, 0.0017272111173335478, 0.0013564144887046018]</SD>
		<WAVELENGTH_UNIT>E-6m</WAVELENGTH_UNIT>
		<COLOR>#2ca2b1</COLOR>
		<COVARIANCE_MATRIX>[[3.356540217062877e-06, 5.452647558469311e-06, 6.017916532401008e-06, 1.709988626373698e-06, 1.064821081957025e-06, 8.92501939089009e-07], [5.452647558469311e-06, 1.0303232630474052e-05, 1.1225192675304366e-05, 2.5255523429696614e-06, 1.6580325552999347e-06, 1.3766832817155443e-06], [6.017916532401008e-06, 1.1225192675304366e-05, 1.353323650730668e-05, 4.175058113678512e-06, 2.837732094103054e-06, 2.2371079354176273e-06], [1.709988626373698e-06, 2.5255523429696614e-06, 4.175058113678512e-06, 4.035103210248946e-06, 2.5373729042520736e-06, 1.8743602595559729e-06], [1.064821081957025e-06, 1.6580325552999347e-06, 2.837732094103054e-06, 2.5373729042520736e-06, 2.2346931405189246e-06, 1.6530931098608533e-06], [8.92501939089009e-07, 1.3766832817155443e-06, 2.2371079354176273e-06, 1.8743602595559729e-06, 1.6530931098608533e-06, 1.4377672863729593e-06]]</COVARIANCE_MATRIX>
		<ROI_SIZE>3399</ROI_SIZE>
		<MAX_VALUE>[0.09653478860855103, 0.09611529111862183, 0.0690450668334961, 0.03533685952425003, 0.01986464485526085, 0.0139669394120574]</MAX_VALUE>
		<MIN_VALUE>[0.08809538930654526, 0.08042097836732864, 0.050981804728507996, 0.017199575901031494, 0.004713220521807671, 0.0038988906890153885]</MIN_VALUE>
		<SIGNATURE_THRESHOLD_MD>0</SIGNATURE_THRESHOLD_MD>
		<SIGNATURE_THRESHOLD_ML>0</SIGNATURE_THRESHOLD_ML>
		<SIGNATURE_THRESHOLD_SAM>0</SIGNATURE_THRESHOLD_SAM>
	</signature>
	<signature ID="20200806_122128062290_655">
		<MACROCLASSID>1</MACROCLASSID>
		<MACROCLASSINFO>MC 1</MACROCLASSINFO>
		<CLASSID>2</CLASSID>
		<CLASSINFO>C 1</CLASSINFO>
		<VALUES>[0.08994874596948133, 0.004154679094148199, 0.08186020163150379, 0.008636805948999038, 0.05696965383357639, 0.009507175201964263, 0.0294880188941288, 0.009049003332594249, 0.012879128426466392, 0.006287304555135345, 0.008328886549657886, 0.004413912389742675]</VALUES>
		<LCS_MIN>[0.08207430690526962, 0.06149403750896454, 0.041999537497758865, 0.01983996294438839, 0.005601579789072275, 0.003948246594518423]</LCS_MIN>
		<LCS_MAX>[0.10973674803972244, 0.12617135047912598, 0.10682492703199387, 0.0733141228556633, 0.05764448642730713, 0.04728033021092415]</LCS_MAX>
		<WAVELENGTH>[0.48, 0.56, 0.655, 0.865, 1.61, 2.2]</WAVELENGTH>
		<MEAN_VALUE>[0.08994874596948133, 0.08186020163150379, 0.05696965383357639, 0.0294880188941288, 0.012879128426466392, 0.008328886549657886]</MEAN_VALUE>
		<CHECKBOX>2</CHECKBOX>
		<SD>[0.004154679094148199, 0.008636805948999038, 0.009507175201964263, 0.009049003332594249, 0.006287304555135345, 0.004413912389742675]</SD>
		<WAVELENGTH_UNIT>E-6m</WAVELENGTH_UNIT>
		<COLOR>#7a610a</COLOR>
		<COVARIANCE_MATRIX>[[1.3519838404909504e-05, 2.6084458688823716e-05, 2.9755848505438727e-05, 1.6600748876730373e-05, 7.687299846829531e-06, 5.380291501593026e-06], [2.6084458688823716e-05, 5.945204787237768e-05, 6.324738606820861e-05, 2.638067811102618e-05, 1.2215604032086036e-05, 8.783753436536251e-06], [2.9755848505438727e-05, 6.324738606820861e-05, 7.525085147904447e-05, 4.726614309677357e-05, 2.378857640609835e-05, 1.6424589006835873e-05], [1.6600748876730373e-05, 2.638067811102618e-05, 4.726614309677357e-05, 8.30716842707777e-05, 5.091399038931518e-05, 3.3458028335382405e-05], [7.687299846829531e-06, 1.2215604032086036e-05, 2.378857640609835e-05, 5.091399038931518e-05, 3.8892149254377764e-05, 2.6012667801277585e-05], [5.380291501593026e-06, 8.783753436536251e-06, 1.6424589006835873e-05, 3.3458028335382405e-05, 2.6012667801277585e-05, 1.8365351880507118e-05]]</COVARIANCE_MATRIX>
		<ROI_SIZE>3354</ROI_SIZE>
		<MAX_VALUE>[0.10973674803972244, 0.12617135047912598, 0.10682492703199387, 0.0733141228556633, 0.05764448642730713, 0.04728033021092415]</MAX_VALUE>
		<MIN_VALUE>[0.08207430690526962, 0.06149403750896454, 0.041999537497758865, 0.01983996294438839, 0.005601579789072275, 0.003948246594518423]</MIN_VALUE>
		<SIGNATURE_THRESHOLD_MD>0</SIGNATURE_THRESHOLD_MD>
		<SIGNATURE_THRESHOLD_ML>0</SIGNATURE_THRESHOLD_ML>
		<SIGNATURE_THRESHOLD_SAM>0</SIGNATURE_THRESHOLD_SAM>
	</signature>
	<signature ID="20200806_122137001838_824">
		<MACROCLASSID>1</MACROCLASSID>
		<MACROCLASSINFO>MC 1</MACROCLASSINFO>
		<CLASSID>3</CLASSID>
		<CLASSINFO>C 1</CLASSINFO>
		<VALUES>[0.07926104078323791, 0.0024074143243165056, 0.058837899337700776, 0.002949748701735321, 0.03936966088005018, 0.004198508696620011, 0.023173833421121056, 0.008086461466757709, 0.012737763470199073, 0.008312795025260078, 0.009563080811570281, 0.006714423839522356]</VALUES>
		<LCS_MIN>[0.07151272892951965, 0.04967395216226578, 0.028896275907754898, 0.01517608854919672, 0.0021221814677119255, 0.003676803084090352]</LCS_MIN>
		<LCS_MAX>[0.09695429354906082, 0.0771389827132225, 0.06768785417079926, 0.06795929372310638, 0.057767871767282486, 0.05369623750448227]</LCS_MAX>
		<WAVELENGTH>[0.48, 0.56, 0.655, 0.865, 1.61, 2.2]</WAVELENGTH>
		<MEAN_VALUE>[0.07926104078323791, 0.058837899337700776, 0.03936966088005018, 0.023173833421121056, 0.012737763470199073, 0.009563080811570281]</MEAN_VALUE>
		<CHECKBOX>2</CHECKBOX>
		<SD>[0.0024074143243165056, 0.002949748701735321, 0.004198508696620011, 0.008086461466757709, 0.008312795025260078, 0.006714423839522356]</SD>
		<WAVELENGTH_UNIT>E-6m</WAVELENGTH_UNIT>
		<COLOR>#eb99d1</COLOR>
		<COVARIANCE_MATRIX>[[5.803572106118396e-06, 6.709310998616159e-06, 9.589865202761987e-06, 1.4509197150153138e-05, 1.525966938411904e-05, 1.1873652892553118e-05], [6.709310998616159e-06, 8.71292029997388e-06, 1.1673130850719354e-05, 1.7998321350767068e-05, 1.909689126478385e-05, 1.5071307244738935e-05], [9.589865202761987e-06, 1.1673130850719354e-05, 1.7651589468857397e-05, 2.9026927447750092e-05, 3.105361248356712e-05, 2.423289191839588e-05], [1.4509197150153138e-05, 1.7998321350767068e-05, 2.9026927447750092e-05, 6.548031303291035e-05, 6.211525475829655e-05, 4.990882967579994e-05], [1.525966938411904e-05, 1.909689126478385e-05, 3.105361248356712e-05, 6.211525475829655e-05, 6.91970926793649e-05, 5.414405396616222e-05], [1.1873652892553118e-05, 1.5071307244738935e-05, 2.423289191839588e-05, 4.990882967579994e-05, 5.414405396616222e-05, 4.514516121425193e-05]]</COVARIANCE_MATRIX>
		<ROI_SIZE>732</ROI_SIZE>
		<MAX_VALUE>[0.09695429354906082, 0.0771389827132225, 0.06768785417079926, 0.06795929372310638, 0.057767871767282486, 0.05369623750448227]</MAX_VALUE>
		<MIN_VALUE>[0.07151272892951965, 0.04967395216226578, 0.028896275907754898, 0.01517608854919672, 0.0021221814677119255, 0.003676803084090352]</MIN_VALUE>
		<SIGNATURE_THRESHOLD_MD>0</SIGNATURE_THRESHOLD_MD>
		<SIGNATURE_THRESHOLD_ML>0</SIGNATURE_THRESHOLD_ML>
		<SIGNATURE_THRESHOLD_SAM>0</SIGNATURE_THRESHOLD_SAM>
	</signature>
	<signature ID="20200806_122158868437_570">
		<MACROCLASSID>1</MACROCLASSID>
		<MACROCLASSINFO>MC 1</MACROCLASSINFO>
		<CLASSID>4</CLASSID>
		<CLASSINFO>C 1</CLASSINFO>
		<VALUES>[0.08988444399927735, 0.0020263447866396504, 0.07341334510520832, 0.0045414974636788456, 0.045779673403387164, 0.0035375922477436147, 0.027014125528109063, 0.00574788372288067, 0.011951821024004034, 0.0037804360763953044, 0.007689010197156124, 0.002605771440100667]</VALUES>
		<LCS_MIN>[0.08454195410013199, 0.06336945295333862, 0.04086441919207573, 0.022381654009222984, 0.008883563801646233, 0.005552223883569241]</LCS_MIN>
		<LCS_MAX>[0.09934791922569275, 0.09596723318099976, 0.06966198980808258, 0.07472068816423416, 0.04883494973182678, 0.0365460179746151]</LCS_MAX>
		<WAVELENGTH>[0.48, 0.56, 0.655, 0.865, 1.61, 2.2]</WAVELENGTH>
		<MEAN_VALUE>[0.08988444399927735, 0.07341334510520832, 0.045779673403387164, 0.027014125528109063, 0.011951821024004034, 0.007689010197156124]</MEAN_VALUE>
		<CHECKBOX>2</CHECKBOX>
		<SD>[0.0020263447866396504, 0.0045414974636788456, 0.0035375922477436147, 0.00574788372288067, 0.0037804360763953044, 0.002605771440100667]</SD>
		<WAVELENGTH_UNIT>E-6m</WAVELENGTH_UNIT>
		<COLOR>#dc25da</COLOR>
		<COVARIANCE_MATRIX>[[3.1740624192369617e-06, 7.006556462959561e-06, 4.846575606978679e-06, 3.193525877691989e-06, 2.708697140491177e-06, 2.001237361907697e-06], [7.006556462959561e-06, 1.671443081935006e-05, 1.1327728102311006e-05, 6.930724106788898e-06, 5.969177190221239e-06, 4.5026251141501604e-06], [4.846575606978679e-06, 1.1327728102311006e-05, 1.00648185057201e-05, 1.0800438814868572e-05, 7.861866671680624e-06, 5.609386168924266e-06], [3.193525877691989e-06, 6.930724106788898e-06, 1.0800438814868572e-05, 2.450736566495964e-05, 1.509908647607802e-05, 9.929917907182096e-06], [2.708697140491177e-06, 5.969177190221239e-06, 7.861866671680624e-06, 1.509908647607802e-05, 1.1128666780313034e-05, 7.503611000228107e-06], [2.001237361907697e-06, 4.5026251141501604e-06, 5.609386168924266e-06, 9.929917907182096e-06, 7.503611000228107e-06, 5.264082825768447e-06]]</COVARIANCE_MATRIX>
		<ROI_SIZE>6457</ROI_SIZE>
		<MAX_VALUE>[0.09934791922569275, 0.09596723318099976, 0.06966198980808258, 0.07472068816423416, 0.04883494973182678, 0.0365460179746151]</MAX_VALUE>
		<MIN_VALUE>[0.08454195410013199, 0.06336945295333862, 0.04086441919207573, 0.022381654009222984, 0.008883563801646233, 0.005552223883569241]</MIN_VALUE>
		<SIGNATURE_THRESHOLD_MD>0</SIGNATURE_THRESHOLD_MD>
		<SIGNATURE_THRESHOLD_ML>0</SIGNATURE_THRESHOLD_ML>
		<SIGNATURE_THRESHOLD_SAM>0</SIGNATURE_THRESHOLD_SAM>
	</signature>
	<signature ID="20200806_122213567303_873">
		<MACROCLASSID>1</MACROCLASSID>
		<MACROCLASSINFO>MC 1</MACROCLASSINFO>
		<CLASSID>5</CLASSID>
		<CLASSINFO>C 1</CLASSINFO>
		<VALUES>[0.08747050349048524, 0.0008543330668623296, 0.08396899883401922, 0.004322545522608919, 0.057922117467061524, 0.002920066411041078, 0.028605546633783917, 0.003778009097317852, 0.009419488544130513, 0.0034689162741863445, 0.006160907938692416, 0.002745888758920387]</VALUES>
		<LCS_MIN>[0.08530693501234055, 0.0711919441819191, 0.04937783628702164, 0.025170108303427696, 0.005947052035480738, 0.004046957939863205]</LCS_MIN>
		<LCS_MAX>[0.09907647222280502, 0.10129736363887787, 0.0888356864452362, 0.0733141228556633, 0.055053453892469406, 0.04385027661919594]</LCS_MAX>
		<WAVELENGTH>[0.48, 0.56, 0.655, 0.865, 1.61, 2.2]</WAVELENGTH>
		<MEAN_VALUE>[0.08747050349048524, 0.08396899883401922, 0.057922117467061524, 0.028605546633783917, 0.009419488544130513, 0.006160907938692416]</MEAN_VALUE>
		<CHECKBOX>2</CHECKBOX>
		<SD>[0.0008543330668623296, 0.004322545522608919, 0.002920066411041078, 0.003778009097317852, 0.0034689162741863445, 0.002745888758920387]</SD>
		<WAVELENGTH_UNIT>E-6m</WAVELENGTH_UNIT>
		<COLOR>#a1b9e4</COLOR>
		<COVARIANCE_MATRIX>[[7.107550627619857e-07, 5.242810954738154e-07, 9.967989350689828e-07, 2.1850508493126356e-06, 1.927224202393921e-06, 1.5520081401571447e-06], [5.242810954738154e-07, 1.3443753780752597e-05, 8.48949228176559e-06, -2.1753160197562233e-06, -1.2690438629318969e-06, -6.279677103042926e-07], [9.967989350689828e-07, 8.48949228176559e-06, 6.430237328989172e-06, 2.206234512299439e-06, 2.4824864164465242e-06, 2.180432435674113e-06], [2.1850508493126356e-06, -2.1753160197562233e-06, 2.206234512299439e-06, 1.6056010541616347e-05, 1.4099049650914494e-05, 1.0672595313543426e-05], [1.927224202393921e-06, -1.2690438629318969e-06, 2.4824864164465242e-06, 1.4099049650914494e-05, 1.406453068840407e-05, 1.1008097722768092e-05], [1.5520081401571447e-06, -6.279677103042926e-07, 2.180432435674113e-06, 1.0672595313543426e-05, 1.1008097722768092e-05, 8.877895458769151e-06]]</COVARIANCE_MATRIX>
		<ROI_SIZE>8278</ROI_SIZE>
		<MAX_VALUE>[0.09907647222280502, 0.10129736363887787, 0.0888356864452362, 0.0733141228556633, 0.055053453892469406, 0.04385027661919594]</MAX_VALUE>
		<MIN_VALUE>[0.08530693501234055, 0.0711919441819191, 0.04937783628702164, 0.025170108303427696, 0.005947052035480738, 0.004046957939863205]</MIN_VALUE>
		<SIGNATURE_THRESHOLD_MD>0</SIGNATURE_THRESHOLD_MD>
		<SIGNATURE_THRESHOLD_ML>0</SIGNATURE_THRESHOLD_ML>
		<SIGNATURE_THRESHOLD_SAM>0</SIGNATURE_THRESHOLD_SAM>
	</signature>
	<signature ID="20200806_122232285755_613">
		<MACROCLASSID>1</MACROCLASSID>
		<MACROCLASSINFO>MC 1</MACROCLASSINFO>
		<CLASSID>6</CLASSID>
		<CLASSINFO>C 1</CLASSINFO>
		<VALUES>[0.09579689611816779, 0.003378025678821538, 0.08796334116178872, 0.005458797810517086, 0.04889007310999474, 0.004901139561598461, 0.025831067022733595, 0.008309739631043958, 0.014203656730615223, 0.007163096504585724, 0.01007164313887786, 0.0057313323890812555]</VALUES>
		<LCS_MIN>[0.0854303240776062, 0.0711919441819191, 0.04239436611533165, 0.017545050010085106, 0.00831600371748209, 0.0017273531993851066]</LCS_MIN>
		<LCS_MAX>[0.10601059347391129, 0.10406114906072617, 0.07898974418640137, 0.06968666613101959, 0.05932249128818512, 0.04493604972958565]</LCS_MAX>
		<WAVELENGTH>[0.48, 0.56, 0.655, 0.865, 1.61, 2.2]</WAVELENGTH>
		<MEAN_VALUE>[0.09579689611816779, 0.08796334116178872, 0.04889007310999474, 0.025831067022733595, 0.014203656730615223, 0.01007164313887786]</MEAN_VALUE>
		<CHECKBOX>2</CHECKBOX>
		<SD>[0.003378025678821538, 0.005458797810517086, 0.004901139561598461, 0.008309739631043958, 0.007163096504585724, 0.0057313323890812555]</SD>
		<WAVELENGTH_UNIT>E-6m</WAVELENGTH_UNIT>
		<COLOR>#13c036</COLOR>
		<COVARIANCE_MATRIX>[[1.1423597110389512e-05, 1.6997240750168207e-05, 2.318004144947046e-06, -7.237415651010241e-06, -1.7509627321237345e-06, -3.135210938688941e-07], [1.6997240750168207e-05, 2.9831219111420207e-05, 4.132251943765179e-06, -1.3218071561201143e-05, -4.21957967604853e-06, -1.9185732337461466e-06], [2.318004144947046e-06, 4.132251943765179e-06, 2.4047565891278995e-05, 3.3493776609479625e-05, 2.923595172093777e-05, 2.3937418918573924e-05], [-7.237415651010241e-06, -1.3218071561201143e-05, 3.3493776609479625e-05, 6.91276538046831e-05, 4.9712823003307154e-05, 3.936943043908088e-05], [-1.7509627321237345e-06, -4.21957967604853e-06, 2.923595172093777e-05, 4.9712823003307154e-05, 5.136633609613354e-05, 4.0697676849970494e-05], [-3.135210938688941e-07, -1.9185732337461466e-06, 2.3937418918573924e-05, 3.936943043908088e-05, 4.0697676849970494e-05, 3.288426784529024e-05]]</COVARIANCE_MATRIX>
		<ROI_SIZE>911</ROI_SIZE>
		<MAX_VALUE>[0.10601059347391129, 0.10406114906072617, 0.07898974418640137, 0.06968666613101959, 0.05932249128818512, 0.04493604972958565]</MAX_VALUE>
		<MIN_VALUE>[0.0854303240776062, 0.0711919441819191, 0.04239436611533165, 0.017545050010085106, 0.00831600371748209, 0.0017273531993851066]</MIN_VALUE>
		<SIGNATURE_THRESHOLD_MD>0</SIGNATURE_THRESHOLD_MD>
		<SIGNATURE_THRESHOLD_ML>0</SIGNATURE_THRESHOLD_ML>
		<SIGNATURE_THRESHOLD_SAM>0</SIGNATURE_THRESHOLD_SAM>
	</signature>
	<signature ID="20200806_122238682237_419">
		<MACROCLASSID>1</MACROCLASSID>
		<MACROCLASSINFO>MC 1</MACROCLASSINFO>
		<CLASSID>7</CLASSID>
		<CLASSINFO>C 1</CLASSINFO>
		<VALUES>[0.08342269335378728, 0.0010614585610418067, 0.06021606071557184, 0.0021656083888861393, 0.0378751636034532, 0.0043151649778169375, 0.02371942079312484, 0.006745274724760079, 0.011350176526823451, 0.0058862449795991974, 0.007530401604124655, 0.004288456973653808]</VALUES>
		<LCS_MIN>[0.07960664480924606, 0.05562101677060127, 0.03457189351320267, 0.01761907897889614, 0.006662670522928238, 0.0038988906890153885]</LCS_MIN>
		<LCS_MAX>[0.09256184846162796, 0.07538695633411407, 0.07277123630046844, 0.0724751204252243, 0.0582367368042469, 0.043603505939245224]</LCS_MAX>
		<WAVELENGTH>[0.48, 0.56, 0.655, 0.865, 1.61, 2.2]</WAVELENGTH>
		<MEAN_VALUE>[0.08342269335378728, 0.06021606071557184, 0.0378751636034532, 0.02371942079312484, 0.011350176526823451, 0.007530401604124655]</MEAN_VALUE>
		<CHECKBOX>2</CHECKBOX>
		<SD>[0.0010614585610418067, 0.0021656083888861393, 0.0043151649778169375, 0.006745274724760079, 0.0058862449795991974, 0.004288456973653808]</SD>
		<WAVELENGTH_UNIT>E-6m</WAVELENGTH_UNIT>
		<COLOR>#b03887</COLOR>
		<COVARIANCE_MATRIX>[[1.0894075051193411e-06, 1.1293015803150937e-06, 1.1839350802826824e-06, 1.409898051296202e-06, 1.6386941377091346e-06, 1.4209532112080008e-06], [1.1293015803150937e-06, 3.416789977812454e-06, 5.7801444714943335e-06, 7.2351302699560766e-06, 7.183332114865707e-06, 5.559494329683634e-06], [1.1839350802826824e-06, 5.7801444714943335e-06, 1.3271351488151414e-05, 1.8594389897540007e-05, 1.718532646641261e-05, 1.2746565927835457e-05], [1.409898051296202e-06, 7.2351302699560766e-06, 1.8594389897540007e-05, 3.4805499099676026e-05, 3.035982595178097e-05, 2.169115235979232e-05], [1.6386941377091346e-06, 7.183332114865707e-06, 1.718532646641261e-05, 3.035982595178097e-05, 3.0634973976606654e-05, 2.2183741245309864e-05], [1.4209532112080008e-06, 5.559494329683634e-06, 1.2746565927835457e-05, 2.169115235979232e-05, 2.2183741245309864e-05, 1.6628100133142088e-05]]</COVARIANCE_MATRIX>
		<ROI_SIZE>4096</ROI_SIZE>
		<MAX_VALUE>[0.09256184846162796, 0.07538695633411407, 0.07277123630046844, 0.0724751204252243, 0.0582367368042469, 0.043603505939245224]</MAX_VALUE>
		<MIN_VALUE>[0.07960664480924606, 0.05562101677060127, 0.03457189351320267, 0.01761907897889614, 0.006662670522928238, 0.0038988906890153885]</MIN_VALUE>
		<SIGNATURE_THRESHOLD_MD>0</SIGNATURE_THRESHOLD_MD>
		<SIGNATURE_THRESHOLD_ML>0</SIGNATURE_THRESHOLD_ML>
		<SIGNATURE_THRESHOLD_SAM>0</SIGNATURE_THRESHOLD_SAM>
	</signature>
	<signature ID="20200806_122319290831_576">
		<MACROCLASSID>1</MACROCLASSID>
		<MACROCLASSINFO>MC 1</MACROCLASSINFO>
		<CLASSID>8</CLASSID>
		<CLASSINFO>C 1</CLASSINFO>
		<VALUES>[0.08304390295595881, 0.0024488428385546633, 0.07399200191208538, 0.01081479235826203, 0.056401245279783824, 0.007623043282474033, 0.038934933210075545, 0.022367131198389168, 0.020720570017410764, 0.020866121475840656, 0.013452074980296484, 0.014123142055730994]</VALUES>
		<LCS_MIN>[0.07546097785234451, 0.04962460696697235, 0.033757563680410385, 0.019765933975577354, 0.005330136511474848, 0.002813126426190138]</LCS_MIN>
		<LCS_MAX>[0.09384503215551376, 0.08841618150472641, 0.08061838150024414, 0.109662726521492, 0.08673817664384842, 0.06344348937273026]</LCS_MAX>
		<WAVELENGTH>[0.48, 0.56, 0.655, 0.865, 1.61, 2.2]</WAVELENGTH>
		<MEAN_VALUE>[0.08304390295595881, 0.07399200191208538, 0.056401245279783824, 0.038934933210075545, 0.020720570017410764, 0.013452074980296484]</MEAN_VALUE>
		<CHECKBOX>2</CHECKBOX>
		<SD>[0.0024488428385546633, 0.01081479235826203, 0.007623043282474033, 0.022367131198389168, 0.020866121475840656, 0.014123142055730994]</SD>
		<WAVELENGTH_UNIT>E-6m</WAVELENGTH_UNIT>
		<COLOR>#c3b739</COLOR>
		<COVARIANCE_MATRIX>[[7.461282808511643e-06, 9.802696709022983e-06, 1.9012972738341997e-05, 4.405648008960721e-05, 4.0483563369433906e-05, 2.764395898100284e-05], [9.802696709022983e-06, 0.00010886076636955507, 6.328254146136666e-05, -6.477419651991856e-05, -6.419525109955786e-05, -4.323321380795615e-05], [1.9012972738341997e-05, 6.328254146136666e-05, 6.752975215648065e-05, 7.752721740121775e-05, 6.471349560103253e-05, 4.445326959471342e-05], [4.405648008960721e-05, -6.477419651991856e-05, 7.752721740121775e-05, 0.0005011059317334665, 0.0004471375480031257, 0.00030250969855913644], [4.0483563369433906e-05, -6.419525109955786e-05, 6.471349560103253e-05, 0.0004471375480031257, 0.0004299558796469471, 0.0002916601833801432], [2.764395898100284e-05, -4.323321380795615e-05, 4.445326959471342e-05, 0.00030250969855913644, 0.0002916601833801432, 0.00019928178816209176]]</COVARIANCE_MATRIX>
		<ROI_SIZE>7340</ROI_SIZE>
		<MAX_VALUE>[0.09384503215551376, 0.08841618150472641, 0.08061838150024414, 0.109662726521492, 0.08673817664384842, 0.06344348937273026]</MAX_VALUE>
		<MIN_VALUE>[0.07546097785234451, 0.04962460696697235, 0.033757563680410385, 0.019765933975577354, 0.005330136511474848, 0.002813126426190138]</MIN_VALUE>
		<SIGNATURE_THRESHOLD_MD>0</SIGNATURE_THRESHOLD_MD>
		<SIGNATURE_THRESHOLD_ML>0</SIGNATURE_THRESHOLD_ML>
		<SIGNATURE_THRESHOLD_SAM>0</SIGNATURE_THRESHOLD_SAM>
	</signature>
	<signature ID="20200806_122329451208_944">
		<MACROCLASSID>1</MACROCLASSID>
		<MACROCLASSINFO>MC 1</MACROCLASSINFO>
		<CLASSID>9</CLASSID>
		<CLASSINFO>C 1</CLASSINFO>
		<VALUES>[0.08058804821989349, 0.002188865746249755, 0.05765880888170706, 0.004042531305621531, 0.040800771796710364, 0.004571992986832039, 0.02910493755675451, 0.010632154817717026, 0.01210522273301802, 0.008028629926852993, 0.007466304099340078, 0.005653674759417179]</VALUES>
		<LCS_MIN>[0.07617659866809845, 0.04969862848520279, 0.032079558819532394, 0.0195438452064991, 0.005083366297185421, 0.002344269072636962]</LCS_MIN>
		<LCS_MAX>[0.09572046250104904, 0.08557838201522827, 0.07336346805095673, 0.07328944653272629, 0.05618857592344284, 0.04570101574063301]</LCS_MAX>
		<WAVELENGTH>[0.48, 0.56, 0.655, 0.865, 1.61, 2.2]</WAVELENGTH>
		<MEAN_VALUE>[0.08058804821989349, 0.05765880888170706, 0.040800771796710364, 0.02910493755675451, 0.01210522273301802, 0.007466304099340078]</MEAN_VALUE>
		<CHECKBOX>2</CHECKBOX>
		<SD>[0.002188865746249755, 0.004042531305621531, 0.004571992986832039, 0.010632154817717026, 0.008028629926852993, 0.005653674759417179]</SD>
		<WAVELENGTH_UNIT>E-6m</WAVELENGTH_UNIT>
		<COLOR>#d95c8d</COLOR>
		<COVARIANCE_MATRIX>[[4.18790164005653e-06, 6.702776936842894e-06, 8.269457444642173e-06, 1.5527787730517197e-05, 1.2799022936845571e-05, 9.412785869145974e-06], [6.702776936842894e-06, 1.2625510261724221e-05, 1.4430313514652418e-05, 2.356073412286598e-05, 1.910266772595426e-05, 1.4443823703020812e-05], [8.269457444642173e-06, 1.4430313514652418e-05, 1.8800633294964704e-05, 3.559757536463477e-05, 2.9182970262658784e-05, 2.1553882119627247e-05], [1.5527787730517197e-05, 2.356073412286598e-05, 3.559757536463477e-05, 0.00011086665855218824, 8.353551937001621e-05, 5.714193143554759e-05], [1.2799022936845571e-05, 1.910266772595426e-05, 2.9182970262658784e-05, 8.353551937001621e-05, 7.336109751365331e-05, 5.1674699874771995e-05], [9.412785869145974e-06, 1.4443823703020812e-05, 2.1553882119627247e-05, 5.714193143554759e-05, 5.1674699874771995e-05, 3.804432489563188e-05]]</COVARIANCE_MATRIX>
		<ROI_SIZE>3386</ROI_SIZE>
		<MAX_VALUE>[0.09572046250104904, 0.08557838201522827, 0.07336346805095673, 0.07328944653272629, 0.05618857592344284, 0.04570101574063301]</MAX_VALUE>
		<MIN_VALUE>[0.07617659866809845, 0.04969862848520279, 0.032079558819532394, 0.0195438452064991, 0.005083366297185421, 0.002344269072636962]</MIN_VALUE>
		<SIGNATURE_THRESHOLD_MD>0</SIGNATURE_THRESHOLD_MD>
		<SIGNATURE_THRESHOLD_ML>0</SIGNATURE_THRESHOLD_ML>
		<SIGNATURE_THRESHOLD_SAM>0</SIGNATURE_THRESHOLD_SAM>
	</signature>
	<signature ID="20200806_122337388323_595">
		<MACROCLASSID>1</MACROCLASSID>
		<MACROCLASSINFO>MC 1</MACROCLASSINFO>
		<CLASSID>10</CLASSID>
		<CLASSINFO>C 1</CLASSINFO>
		<VALUES>[0.08547605579546151, 0.001322259236040765, 0.08650089855623978, 0.003730051695765205, 0.06281605354769441, 0.0028455552982652797, 0.028545092456855086, 0.0068549276132682455, 0.010880004463883758, 0.005369742197362429, 0.007186482431424372, 0.003887493477575446]</VALUES>
		<LCS_MIN>[0.08069241791963577, 0.05749642476439476, 0.0414319783449173, 0.023442745208740234, 0.006588641554117203, 0.003676803084090352]</LCS_MIN>
		<LCS_MAX>[0.09680623561143875, 0.09273458272218704, 0.07854554802179337, 0.07815073430538177, 0.060161493718624115, 0.051055844873189926]</LCS_MAX>
		<WAVELENGTH>[0.48, 0.56, 0.655, 0.865, 1.61, 2.2]</WAVELENGTH>
		<MEAN_VALUE>[0.08547605579546151, 0.08650089855623978, 0.06281605354769441, 0.028545092456855086, 0.010880004463883758, 0.007186482431424372]</MEAN_VALUE>
		<CHECKBOX>2</CHECKBOX>
		<SD>[0.001322259236040765, 0.003730051695765205, 0.0028455552982652797, 0.0068549276132682455, 0.005369742197362429, 0.003887493477575446]</SD>
		<WAVELENGTH_UNIT>E-6m</WAVELENGTH_UNIT>
		<COLOR>#c386b3</COLOR>
		<COVARIANCE_MATRIX>[[2.305810338149468e-06, 3.432624749840111e-06, 4.235785253457805e-06, 5.444443134503428e-06, 4.318655380719918e-06, 3.3600344845856925e-06], [3.432624749840111e-06, 2.013709561940828e-05, 1.4070236252953633e-05, -7.3943477005946505e-06, -4.476211872915112e-06, -2.6159599400206667e-06], [4.235785253457805e-06, 1.4070236252953633e-05, 1.289771738371203e-05, 6.112387300925177e-06, 4.86091549468752e-06, 3.7849955843970436e-06], [5.444443134503428e-06, -7.3943477005946505e-06, 6.112387300925177e-06, 5.246789975856895e-05, 3.5521524542017956e-05, 2.425089381753178e-05], [4.318655380719918e-06, -4.476211872915112e-06, 4.86091549468752e-06, 3.5521524542017956e-05, 2.711587429105296e-05, 1.8905978190365615e-05], [3.3600344845856925e-06, -2.6159599400206667e-06, 3.7849955843970436e-06, 2.425089381753178e-05, 1.8905978190365615e-05, 1.3727226009419382e-05]]</COVARIANCE_MATRIX>
		<ROI_SIZE>4918</ROI_SIZE>
		<MAX_VALUE>[0.09680623561143875, 0.09273458272218704, 0.07854554802179337, 0.07815073430538177, 0.060161493718624115, 0.051055844873189926]</MAX_VALUE>
		<MIN_VALUE>[0.08069241791963577, 0.05749642476439476, 0.0414319783449173, 0.023442745208740234, 0.006588641554117203, 0.003676803084090352]</MIN_VALUE>
		<SIGNATURE_THRESHOLD_MD>0</SIGNATURE_THRESHOLD_MD>
		<SIGNATURE_THRESHOLD_ML>0</SIGNATURE_THRESHOLD_ML>
		<SIGNATURE_THRESHOLD_SAM>0</SIGNATURE_THRESHOLD_SAM>
	</signature>
	<signature ID="20200806_122511807651_290">
		<MACROCLASSID>1</MACROCLASSID>
		<MACROCLASSINFO>MC 1</MACROCLASSINFO>
		<CLASSID>11</CLASSID>
		<CLASSINFO>C 1</CLASSINFO>
		<VALUES>[0.11370698128427786, 0.002432478053186219, 0.10591940425691151, 0.004037986597032146, 0.11991302367477186, 0.007348348562879249, 0.10409345470723654, 0.0219717672488393, 0.0556482718104408, 0.022719897641021402, 0.03925244572705455, 0.01656646097501286]</VALUES>
		<LCS_MIN>[0.1058131754398346, 0.09246314316987991, 0.0941411480307579, 0.06983472406864166, 0.01971658691763878, 0.013325350359082222]</LCS_MIN>
		<LCS_MAX>[0.1245427057147026, 0.12229713797569275, 0.1417175978422165, 0.15442602336406708, 0.10144542157649994, 0.07467133551836014]</LCS_MAX>
		<WAVELENGTH>[0.48, 0.56, 0.655, 0.865, 1.61, 2.2]</WAVELENGTH>
		<MEAN_VALUE>[0.11370698128427786, 0.10591940425691151, 0.11991302367477186, 0.10409345470723654, 0.0556482718104408, 0.03925244572705455]</MEAN_VALUE>
		<CHECKBOX>2</CHECKBOX>
		<SD>[0.002432478053186219, 0.004037986597032146, 0.007348348562879249, 0.0219717672488393, 0.022719897641021402, 0.01656646097501286]</SD>
		<WAVELENGTH_UNIT>E-6m</WAVELENGTH_UNIT>
		<COLOR>#7d66e8</COLOR>
		<COVARIANCE_MATRIX>[[5.945260242291124e-06, 8.99629934536468e-06, 1.3964562882410367e-05, 2.9867683626300097e-06, 8.976369998691821e-06, 1.4081571575939752e-05], [8.99629934536468e-06, 1.6383351718374923e-05, 2.8080532633668442e-05, -1.2851908253209393e-05, -5.524315922077531e-06, 7.708403627639016e-06], [1.3964562882410367e-05, 2.8080532633668442e-05, 5.4256591322151153e-05, -6.91926482751201e-05, -5.5353397007487076e-05, -1.859536110025802e-05], [2.9867683626300097e-06, -1.2851908253209393e-05, -6.91926482751201e-05, 0.00048506840558758425, 0.00045918479633589904, 0.00031075367922004835], [8.976369998691821e-06, -5.524315922077531e-06, -5.5353397007487076e-05, 0.00045918479633589904, 0.0005186635753678611, 0.0003667981510278104], [1.4081571575939752e-05, 7.708403627639016e-06, -1.859536110025802e-05, 0.00031075367922004835, 0.0003667981510278104, 0.0002757607757879955]]</COVARIANCE_MATRIX>
		<ROI_SIZE>210</ROI_SIZE>
		<MAX_VALUE>[0.1245427057147026, 0.12229713797569275, 0.1417175978422165, 0.15442602336406708, 0.10144542157649994, 0.07467133551836014]</MAX_VALUE>
		<MIN_VALUE>[0.1058131754398346, 0.09246314316987991, 0.0941411480307579, 0.06983472406864166, 0.01971658691763878, 0.013325350359082222]</MIN_VALUE>
		<SIGNATURE_THRESHOLD_MD>0</SIGNATURE_THRESHOLD_MD>
		<SIGNATURE_THRESHOLD_ML>0</SIGNATURE_THRESHOLD_ML>
		<SIGNATURE_THRESHOLD_SAM>0</SIGNATURE_THRESHOLD_SAM>
	</signature>
	<signature ID="20200806_122552633986_407">
		<MACROCLASSID>1</MACROCLASSID>
		<MACROCLASSINFO>MC 1</MACROCLASSINFO>
		<CLASSID>12</CLASSID>
		<CLASSINFO>C 1</CLASSINFO>
		<VALUES>[0.11870928225356062, 0.005036181766869045, 0.11347732024790978, 0.00653300868400341, 0.1325120102892566, 0.008823292528154841, 0.11692914374676469, 0.023806263835608073, 0.0676612503017925, 0.03406303003648828, 0.050926664492837885, 0.02735317968441831]</VALUES>
		<LCS_MIN>[0.11097057908773422, 0.09320344775915146, 0.08634334802627563, 0.07435052841901779, 0.017026836052536964, 0.010635599493980408]</LCS_MIN>
		<LCS_MAX>[0.1385589987039566, 0.14156953990459442, 0.16649289429187775, 0.17994162440299988, 0.14166826009750366, 0.1204957515001297]</LCS_MAX>
		<WAVELENGTH>[0.48, 0.56, 0.655, 0.865, 1.61, 2.2]</WAVELENGTH>
		<MEAN_VALUE>[0.11870928225356062, 0.11347732024790978, 0.1325120102892566, 0.11692914374676469, 0.0676612503017925, 0.050926664492837885]</MEAN_VALUE>
		<CHECKBOX>2</CHECKBOX>
		<SD>[0.005036181766869045, 0.00653300868400341, 0.008823292528154841, 0.023806263835608073, 0.03406303003648828, 0.02735317968441831]</SD>
		<WAVELENGTH_UNIT>E-6m</WAVELENGTH_UNIT>
		<COLOR>#9cc99e</COLOR>
		<COVARIANCE_MATRIX>[[2.545370938461901e-05, 3.104009570828568e-05, 3.377864814006383e-05, 5.024307804119625e-05, 9.252088887337051e-05, 9.075490638033714e-05], [3.104009570828568e-05, 4.283263175978277e-05, 5.1461188834948005e-05, 4.557436655871229e-05, 8.862409123664085e-05, 9.344919353169224e-05], [3.377864814006383e-05, 5.1461188834948005e-05, 7.81285285053839e-05, 2.8778617270940073e-06, 2.625704085787825e-05, 5.2063689837401645e-05], [5.024307804119625e-05, 4.557436655871229e-05, 2.8778617270940073e-06, 0.0005687622628027614, 0.0007261158627772171, 0.0005439666510755335], [9.252088887337051e-05, 8.862409123664085e-05, 2.625704085787825e-05, 0.0007261158627772171, 0.001164433908178369, 0.0009100861948972534], [9.075490638033714e-05, 9.344919353169224e-05, 5.2063689837401645e-05, 0.0005439666510755335, 0.0009100861948972534, 0.0007508685689868175]]</COVARIANCE_MATRIX>
		<ROI_SIZE>281</ROI_SIZE>
		<MAX_VALUE>[0.1385589987039566, 0.14156953990459442, 0.16649289429187775, 0.17994162440299988, 0.14166826009750366, 0.1204957515001297]</MAX_VALUE>
		<MIN_VALUE>[0.11097057908773422, 0.09320344775915146, 0.08634334802627563, 0.07435052841901779, 0.017026836052536964, 0.010635599493980408]</MIN_VALUE>
		<SIGNATURE_THRESHOLD_MD>0</SIGNATURE_THRESHOLD_MD>
		<SIGNATURE_THRESHOLD_ML>0</SIGNATURE_THRESHOLD_ML>
		<SIGNATURE_THRESHOLD_SAM>0</SIGNATURE_THRESHOLD_SAM>
	</signature>
	<signature ID="20200806_122637228815_522">
		<MACROCLASSID>1</MACROCLASSID>
		<MACROCLASSINFO>MC 1</MACROCLASSINFO>
		<CLASSID>13</CLASSID>
		<CLASSINFO>C 1</CLASSINFO>
		<VALUES>[0.12163134205799839, 0.011736885256753662, 0.10780984464173132, 0.014183546972558482, 0.1024213333685811, 0.015165899923409018, 0.16027937671886042, 0.018317668562600836, 0.17650304319193733, 0.018313506162044812, 0.1353678923243513, 0.015398240141909138]</VALUES>
		<LCS_MIN>[0.09742313623428345, 0.0780026763677597, 0.06576309353113174, 0.12417255342006683, 0.12720777094364166, 0.08530693501234055]</LCS_MIN>
		<LCS_MAX>[0.14287739992141724, 0.13014428317546844, 0.1232595294713974, 0.19731396436691284, 0.21345244348049164, 0.16493825614452362]</LCS_MAX>
		<WAVELENGTH>[0.48, 0.56, 0.655, 0.865, 1.61, 2.2]</WAVELENGTH>
		<MEAN_VALUE>[0.12163134205799839, 0.10780984464173132, 0.1024213333685811, 0.16027937671886042, 0.17650304319193733, 0.1353678923243513]</MEAN_VALUE>
		<CHECKBOX>2</CHECKBOX>
		<SD>[0.011736885256753662, 0.014183546972558482, 0.015165899923409018, 0.018317668562600836, 0.018313506162044812, 0.015398240141909138]</SD>
		<WAVELENGTH_UNIT>E-6m</WAVELENGTH_UNIT>
		<COLOR>#fc9bbb</COLOR>
		<COVARIANCE_MATRIX>[[0.00013909189762272782, 0.0001665710623542241, 0.00017209864517920726, -0.00011917024310771182, -4.137793880921677e-05, 9.189325583896255e-05], [0.0001665710623542241, 0.0002031261406909552, 0.00021302430612992208, -0.00012961802854691634, -3.668931524987527e-05, 0.00011911755793834902], [0.00017209864517920726, 0.00021302430612992208, 0.00023223757408381753, -0.0001237480845639856, -8.006263703146441e-06, 0.00014873082361117386], [-0.00011917024310771182, -0.00012961802854691634, -0.0001237480845639856, 0.00033879462216705524, 0.00022555058007300824, 1.5309049886939237e-05], [-4.137793880921677e-05, -3.668931524987527e-05, -8.006263703146441e-06, 0.00022555058007300824, 0.0003386406682185856, 0.00019881375461412536], [9.189325583896255e-05, 0.00011911755793834902, 0.00014873082361117386, 1.5309049886939237e-05, 0.00019881375461412536, 0.00023940779752098815]]</COVARIANCE_MATRIX>
		<ROI_SIZE>104</ROI_SIZE>
		<MAX_VALUE>[0.14287739992141724, 0.13014428317546844, 0.1232595294713974, 0.19731396436691284, 0.21345244348049164, 0.16493825614452362]</MAX_VALUE>
		<MIN_VALUE>[0.09742313623428345, 0.0780026763677597, 0.06576309353113174, 0.12417255342006683, 0.12720777094364166, 0.08530693501234055]</MIN_VALUE>
		<SIGNATURE_THRESHOLD_MD>0</SIGNATURE_THRESHOLD_MD>
		<SIGNATURE_THRESHOLD_ML>0</SIGNATURE_THRESHOLD_ML>
		<SIGNATURE_THRESHOLD_SAM>0</SIGNATURE_THRESHOLD_SAM>
	</signature>
	<signature ID="20200806_122648692097_838">
		<MACROCLASSID>1</MACROCLASSID>
		<MACROCLASSINFO>MC 1</MACROCLASSINFO>
		<CLASSID>14</CLASSID>
		<CLASSINFO>C 1</CLASSINFO>
		<VALUES>[0.11291368774005346, 0.001500488320020363, 0.1071124342935426, 0.0020276791315826607, 0.12510109935488012, 0.0023656675022986936, 0.0870324659347534, 0.009223913882445678, 0.032356493073914715, 0.01251894581565291, 0.02389270774487938, 0.011238107372476725]</VALUES>
		<LCS_MIN>[0.1106991320848465, 0.1043325886130333, 0.12190230935811996, 0.07200625538825989, 0.015398184768855572, 0.008834208361804485]</LCS_MIN>
		<LCS_MAX>[0.11997753381729126, 0.11701635271310806, 0.13786806166172028, 0.11469674855470657, 0.06455393135547638, 0.05554697662591934]</LCS_MAX>
		<WAVELENGTH>[0.48, 0.56, 0.655, 0.865, 1.61, 2.2]</WAVELENGTH>
		<MEAN_VALUE>[0.11291368774005346, 0.1071124342935426, 0.12510109935488012, 0.0870324659347534, 0.032356493073914715, 0.02389270774487938]</MEAN_VALUE>
		<CHECKBOX>2</CHECKBOX>
		<SD>[0.001500488320020363, 0.0020276791315826607, 0.0023656675022986936, 0.009223913882445678, 0.01251894581565291, 0.011238107372476725]</SD>
		<WAVELENGTH_UNIT>E-6m</WAVELENGTH_UNIT>
		<COLOR>#f5069f</COLOR>
		<COVARIANCE_MATRIX>[[2.2644046536814314e-06, 2.9573350550049702e-06, 2.9857461679346953e-06, 8.690632396675026e-06, 1.2008632832207707e-05, 1.2208626117264845e-05], [2.9573350550049702e-06, 4.135111871349242e-06, 4.216222214975536e-06, 1.0903814993584603e-05, 1.5757039798484764e-05, 1.5885949073190996e-05], [2.9857461679346953e-06, 4.216222214975536e-06, 5.628545850578338e-06, 1.290733988217391e-05, 1.6349244378989984e-05, 1.45221350988123e-05], [8.690632396675026e-06, 1.0903814993584603e-05, 1.290733988217391e-05, 8.556955620336473e-05, 9.94669584848707e-05, 7.963921041430729e-05], [1.2008632832207707e-05, 1.5757039798484764e-05, 1.6349244378989984e-05, 9.94669584848707e-05, 0.00015762471700384687, 0.00013370811127438637], [1.2208626117264845e-05, 1.5885949073190996e-05, 1.45221350988123e-05, 7.963921041430729e-05, 0.00013370811127438637, 0.0001270208909780474]]</COVARIANCE_MATRIX>
		<ROI_SIZE>175</ROI_SIZE>
		<MAX_VALUE>[0.11997753381729126, 0.11701635271310806, 0.13786806166172028, 0.11469674855470657, 0.06455393135547638, 0.05554697662591934]</MAX_VALUE>
		<MIN_VALUE>[0.1106991320848465, 0.1043325886130333, 0.12190230935811996, 0.07200625538825989, 0.015398184768855572, 0.008834208361804485]</MIN_VALUE>
		<SIGNATURE_THRESHOLD_MD>0</SIGNATURE_THRESHOLD_MD>
		<SIGNATURE_THRESHOLD_ML>0</SIGNATURE_THRESHOLD_ML>
		<SIGNATURE_THRESHOLD_SAM>0</SIGNATURE_THRESHOLD_SAM>
	</signature>
	<signature ID="20200806_122714995042_802">
		<MACROCLASSID>1</MACROCLASSID>
		<MACROCLASSINFO>MC 1</MACROCLASSINFO>
		<CLASSID>15</CLASSID>
		<CLASSINFO>C 1</CLASSINFO>
		<VALUES>[0.11443289713217661, 0.003165690733324566, 0.1085511388686987, 0.004315154535405287, 0.12392047322713413, 0.00701608958281427, 0.09580131757717866, 0.016925554045095707, 0.04952133842385733, 0.021480523130323798, 0.03726201305309167, 0.01716938732553144]</VALUES>
		<LCS_MIN>[0.10721973329782486, 0.09384503215551376, 0.09576980769634247, 0.07084646075963974, 0.02109847590327263, 0.01495400071144104]</LCS_MIN>
		<LCS_MAX>[0.12311147153377533, 0.11913853138685226, 0.13752257823944092, 0.12955205142498016, 0.09002016484737396, 0.07652207463979721]</LCS_MAX>
		<WAVELENGTH>[0.48, 0.56, 0.655, 0.865, 1.61, 2.2]</WAVELENGTH>
		<MEAN_VALUE>[0.11443289713217661, 0.1085511388686987, 0.12392047322713413, 0.09580131757717866, 0.04952133842385733, 0.03726201305309167]</MEAN_VALUE>
		<CHECKBOX>2</CHECKBOX>
		<SD>[0.003165690733324566, 0.004315154535405287, 0.00701608958281427, 0.016925554045095707, 0.021480523130323798, 0.01716938732553144]</SD>
		<WAVELENGTH_UNIT>E-6m</WAVELENGTH_UNIT>
		<COLOR>#3d0094</COLOR>
		<COVARIANCE_MATRIX>[[1.0178185284979777e-05, 1.295524972140447e-05, 1.9453052748084477e-05, 1.2580223986164968e-05, 2.8110487293142778e-05, 2.8625871778364905e-05], [1.295524972140447e-05, 1.8911504893560512e-05, 2.9661269410543153e-05, -4.2605568806375455e-07, 1.9677686269812128e-05, 2.7691567652186703e-05], [1.9453052748084477e-05, 2.9661269410543153e-05, 4.9994661675232335e-05, -2.60631189204691e-05, -2.417107057393751e-06, 1.7693082712387583e-05], [1.2580223986164968e-05, -4.2605568806375455e-07, -2.60631189204691e-05, 0.00029095054191679063, 0.0003334707892923531, 0.0002408808942156346], [2.8110487293142778e-05, 1.9677686269812128e-05, -2.417107057393751e-06, 0.0003334707892923531, 0.0004686224501078816, 0.00036236541775441935], [2.8625871778364905e-05, 2.7691567652186703e-05, 1.7693082712387583e-05, 0.0002408808942156346, 0.00036236541775441935, 0.0002993939214643403]]</COVARIANCE_MATRIX>
		<ROI_SIZE>65</ROI_SIZE>
		<MAX_VALUE>[0.12311147153377533, 0.11913853138685226, 0.13752257823944092, 0.12955205142498016, 0.09002016484737396, 0.07652207463979721]</MAX_VALUE>
		<MIN_VALUE>[0.10721973329782486, 0.09384503215551376, 0.09576980769634247, 0.07084646075963974, 0.02109847590327263, 0.01495400071144104]</MIN_VALUE>
		<SIGNATURE_THRESHOLD_MD>0</SIGNATURE_THRESHOLD_MD>
		<SIGNATURE_THRESHOLD_ML>0</SIGNATURE_THRESHOLD_ML>
		<SIGNATURE_THRESHOLD_SAM>0</SIGNATURE_THRESHOLD_SAM>
	</signature>
	<signature ID="20200806_122733653211_687">
		<MACROCLASSID>1</MACROCLASSID>
		<MACROCLASSINFO>MC 1</MACROCLASSINFO>
		<CLASSID>16</CLASSID>
		<CLASSINFO>C 1</CLASSINFO>
