<?xml version="1.0" ?>
<signaturelist MCID_LIST="[[u'1', u'waterbodey', u'#0000ff'], [u'2', u'vegetation', u'#00aa00'], [u'3', u'barren', u'#ff5500'], [u'4', u'build-up', u'#ff0000']]">
	<signature ID="20181215_054320919000_189">
		<MACROCLASSID>3</MACROCLASSID>
		<MACROCLASSINFO>barren</MACROCLASSINFO>
		<CLASSID>131</CLASSID>
		<CLASSINFO>C 1</CLASSINFO>
		<VALUES>[0.1480657559306069, 0.002279451527303466, 0.12765239465421585, 0.004132523474741923, 0.13240377690314106, 0.007487771117886932, 0.1980425973282793, 0.008639509994103541, 0.19469485643513165, 0.009926638526093566, 0.13820337795770243, 0.009749337342548361]</VALUES>
		<LCS_MIN>[0.143311008810997, 0.11952884495258331, 0.1167105883359909, 0.17164193093776703, 0.16588182747364044, 0.11401593685150146]</LCS_MIN>
		<LCS_MAX>[0.15463349223136902, 0.13952861726284027, 0.1486261487007141, 0.2203187495470047, 0.2100840061903, 0.16059140861034393]</LCS_MAX>
		<WAVELENGTH>[0.48, 0.56, 0.655, 0.865, 1.61, 2.2]</WAVELENGTH>
		<MEAN_VALUE>[0.1480657559306069, 0.12765239465421585, 0.13240377690314106, 0.1980425973282793, 0.19469485643513165, 0.13820337795770243]</MEAN_VALUE>
		<CHECKBOX>2</CHECKBOX>
		<SD>[0.002279451527303466, 0.004132523474741923, 0.007487771117886932, 0.008639509994103541, 0.009926638526093566, 0.009749337342548361]</SD>
		<WAVELENGTH_UNIT>E-6m</WAVELENGTH_UNIT>
		<COLOR>#ff5500</COLOR>
		<COVARIANCE_MATRIX>[[5.2083296463437505e-06, 8.626665562001693e-06, 1.0303514753128786e-05, -7.67615531512998e-06, 2.4252695948900607e-07, 1.1824357215388265e-05], [8.626665562001693e-06, 1.711860613118146e-05, 2.615116508622816e-05, -9.724902393237537e-06, -2.145577623527701e-06, 2.1953414774173928e-05], [1.0303514753128786e-05, 2.615116508622816e-05, 5.620084721413424e-05, -1.427142448521312e-05, -7.26978904696867e-06, 3.787578855957514e-05], [-7.67615531512998e-06, -9.724902393237537e-06, -1.427142448521312e-05, 7.481970024189481e-05, 2.6208101702720617e-05, -2.2336728317362495e-05], [2.4252695948900607e-07, -2.145577623527701e-06, -7.26978904696867e-06, 2.6208101702720617e-05, 9.877388963449e-05, 6.032041552561139e-05], [1.1824357215388265e-05, 2.1953414774173928e-05, 3.787578855957514e-05, -2.2336728317362495e-05, 6.032041552561139e-05, 9.527696995521665e-05]]</COVARIANCE_MATRIX>
		<ROI_SIZE>419</ROI_SIZE>
		<MAX_VALUE>[0.15463349223136902, 0.13952861726284027, 0.1486261487007141, 0.2203187495470047, 0.2100840061903, 0.16059140861034393]</MAX_VALUE>
		<MIN_VALUE>[0.143311008810997, 0.11952884495258331, 0.1167105883359909, 0.17164193093776703, 0.16588182747364044, 0.11401593685150146]</MIN_VALUE>
		<SIGNATURE_THRESHOLD_MD>0.0</SIGNATURE_THRESHOLD_MD>
		<SIGNATURE_THRESHOLD_ML>0.0</SIGNATURE_THRESHOLD_ML>
		<SIGNATURE_THRESHOLD_SAM>0.0</SIGNATURE_THRESHOLD_SAM>
	</signature>
	<signature ID="20181215_051414525000_590">
		<MACROCLASSID>4</MACROCLASSID>
		<MACROCLASSINFO>build-up</MACROCLASSINFO>
		<CLASSID>108</CLASSID>
		<CLASSINFO>C 1</CLASSINFO>
		<VALUES>[0.1595932636409998, 0.0016695671010224793, 0.13641060143709183, 0.0021189465125266284, 0.1356720384210348, 0.003400384895698549, 0.1972658783197403, 0.005932357457521253, 0.21971615962684155, 0.007986636668489196, 0.170489301905036, 0.006147028316502943]</VALUES>
		<LCS_MIN>[0.15656177699565887, 0.13218629360198975, 0.12944220006465912, 0.18654906749725342, 0.20242033898830414, 0.1564134657382965]</LCS_MIN>
		<LCS_MAX>[0.16247022151947021, 0.13918250799179077, 0.14101189374923706, 0.2071668803691864, 0.22682051360607147, 0.17759986221790314]</LCS_MAX>
		<WAVELENGTH>[0.48, 0.56, 0.655, 0.865, 1.61, 2.2]</WAVELENGTH>
		<MEAN_VALUE>[0.1595932636409998, 0.13641060143709183, 0.1356720384210348, 0.1972658783197403, 0.21971615962684155, 0.170489301905036]</MEAN_VALUE>
		<CHECKBOX>2</CHECKBOX>
		<SD>[0.0016695671010224793, 0.0021189465125266284, 0.003400384895698549, 0.005932357457521253, 0.007986636668489196, 0.006147028316502943]</SD>
		<WAVELENGTH_UNIT>E-6m</WAVELENGTH_UNIT>
		<COLOR>#ff0000</COLOR>
		<COVARIANCE_MATRIX>[[3.1856620626475555e-06, 3.7721852828814e-06, 3.032166606944545e-06, -2.9609900263429163e-06, -4.731429174433968e-06, -3.3511027822119566e-07], [3.7721852828814e-06, 5.131353511941431e-06, 4.7108707140435565e-06, -3.0935385078034727e-06, -1.2321138509622083e-06, 2.9067784428507944e-06], [3.032166606944545e-06, 4.7108707140435565e-06, 1.3214419930165525e-05, 5.88206286938104e-06, 1.6941678294290258e-05, 1.5443735591222758e-05], [-2.9609900263429163e-06, -3.0935385078034727e-06, 5.88206286938104e-06, 4.0220417147209175e-05, 1.4930950881231198e-05, 1.2179473438360994e-06], [-4.731429174433968e-06, -1.2321138509622083e-06, 1.6941678294290258e-05, 1.4930950881231198e-05, 7.289870317080711e-05, 5.046291782717252e-05], [-3.3511027822119566e-07, 2.9067784428507944e-06, 1.5443735591222758e-05, 1.2179473438360994e-06, 5.046291782717252e-05, 4.318395099873037e-05]]</COVARIANCE_MATRIX>
		<ROI_SIZE>8</ROI_SIZE>
		<MAX_VALUE>[0.16247022151947021, 0.13918250799179077, 0.14101189374923706, 0.2071668803691864, 0.22682051360607147, 0.17759986221790314]</MAX_VALUE>
		<MIN_VALUE>[0.15656177699565887, 0.13218629360198975, 0.12944220006465912, 0.18654906749725342, 0.20242033898830414, 0.1564134657382965]</MIN_VALUE>
		<SIGNATURE_THRESHOLD_MD>0.0</SIGNATURE_THRESHOLD_MD>
		<SIGNATURE_THRESHOLD_ML>0.0</SIGNATURE_THRESHOLD_ML>
		<SIGNATURE_THRESHOLD_SAM>0.0</SIGNATURE_THRESHOLD_SAM>
	</signature>
	<signature ID="20181206_191948764000_475">
		<MACROCLASSID>3</MACROCLASSID>
		<MACROCLASSINFO>barren</MACROCLASSINFO>
		<CLASSID>63</CLASSID>
		<CLASSINFO>C 1</CLASSINFO>
		<VALUES>[0.1624743441740672, 0.00039125478933937127, 0.13689164072275162, 0.001222045444128939, 0.13574620584646863, 0.001944486290753575, 0.20974614471197128, 0.0031894935610507083, 0.25006705274184543, 0.0030037015787435246, 0.18024505426486334, 0.0033000568839869127]</VALUES>
		<LCS_MIN>[0.1621735692024231, 0.1358450949192047, 0.13332349061965942, 0.2054116129875183, 0.24711693823337555, 0.17552323639392853]</LCS_MIN>
		<LCS_MAX>[0.16331076622009277, 0.13935555517673492, 0.13913306593894958, 0.21515192091464996, 0.2558683753013611, 0.1838049739599228]</LCS_MAX>
		<WAVELENGTH>[0.48, 0.56, 0.655, 0.865, 1.61, 2.2]</WAVELENGTH>
		<MEAN_VALUE>[0.1624743441740672, 0.13689164072275162, 0.13574620584646863, 0.20974614471197128, 0.25006705274184543, 0.18024505426486334]</MEAN_VALUE>
		<CHECKBOX>2</CHECKBOX>
		<SD>[0.00039125478933937127, 0.001222045444128939, 0.001944486290753575, 0.0031894935610507083, 0.0030037015787435246, 0.0033000568839869127]</SD>
		<WAVELENGTH_UNIT>E-6m</WAVELENGTH_UNIT>
		<COLOR>#ff5500</COLOR>
		<COVARIANCE_MATRIX>[[1.8369637189152854e-07, 5.151685513737903e-07, 6.942777304175252e-07, 1.0902665508183418e-06, 1.0577558668956044e-06, 3.9664030282438034e-07], [5.151685513737903e-07, 1.7920740447152639e-06, 2.598147830212838e-06, 4.334604909672635e-06, 3.233777988498332e-06, 3.2523735171707813e-07], [6.942777304175252e-07, 2.598147830212838e-06, 4.537232143775327e-06, 7.349051884375513e-06, 5.685596534021897e-06, -1.6947332142080995e-06], [1.0902665508183418e-06, 4.334604909672635e-06, 7.349051884375513e-06, 1.2207443432998843e-05, 8.668193913763389e-06, -2.164644456570386e-06], [1.0577558668956044e-06, 3.233777988498332e-06, 5.685596534021897e-06, 8.668193913763389e-06, 1.0826667676155921e-05, -2.8664473461503803e-07], [3.9664030282438034e-07, 3.2523735171707813e-07, -1.6947332142080995e-06, -2.164644456570386e-06, -2.8664473461503803e-07, 1.3068450243736152e-05]]</COVARIANCE_MATRIX>
		<ROI_SIZE>6</ROI_SIZE>
		<MAX_VALUE>[0.16331076622009277, 0.13935555517673492, 0.13913306593894958, 0.21515192091464996, 0.2558683753013611, 0.1838049739599228]</MAX_VALUE>
		<MIN_VALUE>[0.1621735692024231, 0.1358450949192047, 0.13332349061965942, 0.2054116129875183, 0.24711693823337555, 0.17552323639392853]</MIN_VALUE>
		<SIGNATURE_THRESHOLD_MD>0.0</SIGNATURE_THRESHOLD_MD>
		<SIGNATURE_THRESHOLD_ML>0.0</SIGNATURE_THRESHOLD_ML>
		<SIGNATURE_THRESHOLD_SAM>0.0</SIGNATURE_THRESHOLD_SAM>
	</signature>
	<signature ID="20181215_052942292000_157">
		<MACROCLASSID>3</MACROCLASSID>
		<MACROCLASSINFO>barren</MACROCLASSINFO>
		<CLASSID>120</CLASSID>
		<CLASSINFO>C 1</CLASSINFO>
		<VALUES>[0.143277003151202, 0.001317161706532689, 0.11882288166804263, 0.0023682881859571677, 0.11970723353090154, 0.004943603856022035, 0.17443840386838577, 0.012391407042189452, 0.1987657570549056, 0.012606597289866432, 0.15091520982672732, 0.011051484279526269]</VALUES>
		<LCS_MIN>[0.1376992017030716, 0.11179099977016449, 0.10333620756864548, 0.15102414786815643, 0.1607644408941269, 0.10917050391435623]</LCS_MIN>
		<LCS_MAX>[0.14907114207744598, 0.132680743932724, 0.14069052040576935, 0.21085038781166077, 0.21970072388648987, 0.16879896819591522]</LCS_MAX>
		<WAVELENGTH>[0.48, 0.56, 0.655, 0.865, 1.61, 2.2]</WAVELENGTH>
		<MEAN_VALUE>[0.143277003151202, 0.11882288166804263, 0.11970723353090154, 0.17443840386838577, 0.1987657570549056, 0.15091520982672732]</MEAN_VALUE>
		<CHECKBOX>2</CHECKBOX>
		<SD>[0.001317161706532689, 0.0023682881859571677, 0.004943603856022035, 0.012391407042189452, 0.012606597289866432, 0.011051484279526269]</SD>
		<WAVELENGTH_UNIT>E-6m</WAVELENGTH_UNIT>
		<COLOR>#ff5500</COLOR>
		<COVARIANCE_MATRIX>[[2.0055963821269204e-06, 2.927561266282543e-06, 5.635084904188909e-06, 1.3613869819089878e-06, 7.024221982354638e-06, 1.1561041727929832e-05], [2.927561266282543e-06, 5.611348637703725e-06, 1.1026604637643414e-05, 1.2893446771922196e-05, 1.660797944478915e-05, 1.5998613408524955e-05], [5.635084904188909e-06, 1.1026604637643414e-05, 2.4112910118757893e-05, 2.369717681631255e-05, 3.4965291174085604e-05, 3.55332025010854e-05], [1.3613869819089878e-06, 1.2893446771922196e-05, 2.369717681631255e-05, 0.00014605639656746226, 0.00010777918645136585, -9.537652872815814e-06], [7.024221982354638e-06, 1.660797944478915e-05, 3.4965291174085604e-05, 0.00010777918645136585, 0.00016671353660486073, 7.802598277297591e-05], [1.1561041727929832e-05, 1.5998613408524955e-05, 3.55332025010854e-05, -9.537652872815814e-06, 7.802598277297591e-05, 0.00012922364734614796]]</COVARIANCE_MATRIX>
		<ROI_SIZE>4015</ROI_SIZE>
		<MAX_VALUE>[0.14907114207744598, 0.132680743932724, 0.14069052040576935, 0.21085038781166077, 0.21970072388648987, 0.16879896819591522]</MAX_VALUE>
		<MIN_VALUE>[0.1376992017030716, 0.11179099977016449, 0.10333620756864548, 0.15102414786815643, 0.1607644408941269, 0.10917050391435623]</MIN_VALUE>
		<SIGNATURE_THRESHOLD_MD>0.0</SIGNATURE_THRESHOLD_MD>
		<SIGNATURE_THRESHOLD_ML>0.0</SIGNATURE_THRESHOLD_ML>
		<SIGNATURE_THRESHOLD_SAM>0.0</SIGNATURE_THRESHOLD_SAM>
	</signature>
	<signature ID="20181205_192155161000_176">
		<MACROCLASSID>4</MACROCLASSID>
		<MACROCLASSINFO>build-up</MACROCLASSINFO>
		<CLASSID>34</CLASSID>
		<CLASSINFO>C 1</CLASSINFO>
		<VALUES>[0.15449752658605576, 0.0002595856785774231, 0.1316671445965767, 0.001359693706035614, 0.1333852931857109, 0.003893636167049408, 0.19714227318763733, 0.001693427562713623, 0.19820529967546463, 0.006168030202388763, 0.14525166153907776, 0.0005562305450439453]</VALUES>
		<LCS_MIN>[0.15423794090747833, 0.13030745089054108, 0.1294916570186615, 0.1954488456249237, 0.19203726947307587, 0.1446954309940338]</LCS_MIN>
		<LCS_MAX>[0.15475711226463318, 0.1330268383026123, 0.13727892935276031, 0.19883570075035095, 0.2043733298778534, 0.1458078920841217]</LCS_MAX>
		<WAVELENGTH>[0.48, 0.56, 0.655, 0.865, 1.61, 2.2]</WAVELENGTH>
		<MEAN_VALUE>[0.15449752658605576, 0.1316671445965767, 0.1333852931857109, 0.19714227318763733, 0.19820529967546463, 0.14525166153907776]</MEAN_VALUE>
		<CHECKBOX>2</CHECKBOX>
		<SD>[0.0002595856785774231, 0.001359693706035614, 0.003893636167049408, 0.001693427562713623, 0.006168030202388763, 0.0005562305450439453]</SD>
		<WAVELENGTH_UNIT>E-6m</WAVELENGTH_UNIT>
		<COLOR>#ff0000</COLOR>
		<COVARIANCE_MATRIX>[[1.3476945071033697e-07, -7.059140330056835e-07, -2.021464297286002e-06, 8.791790833129198e-07, 3.2022646792029263e-06, 2.8877897761958593e-07], [-7.059140330056835e-07, 3.697533884405857e-06, 1.0588305485725868e-05, -4.605085450748447e-06, -1.6773263268987648e-05, -1.512606331743882e-06], [-2.021464297286002e-06, 1.0588305485725868e-05, 3.032080530829262e-05, -1.3187182048568502e-05, -4.803213232662529e-05, -4.331518539402168e-06], [8.791790833129198e-07, -4.605085450748447e-06, -1.3187182048568502e-05, 5.7353936426807195e-06, 2.0890223822789267e-05, 1.8838723008229863e-06], [3.2022646792029263e-06, -1.6773263268987648e-05, -4.803213232662529e-05, 2.0890223822789267e-05, 7.608919258927926e-05, 6.861693691462278e-06], [2.8877897761958593e-07, -1.512606331743882e-06, -4.331518539402168e-06, 1.8838723008229863e-06, 6.861693691462278e-06, 6.18784838479769e-07]]</COVARIANCE_MATRIX>
		<ROI_SIZE>2</ROI_SIZE>
		<MAX_VALUE>[0.15475711226463318, 0.1330268383026123, 0.13727892935276031, 0.19883570075035095, 0.2043733298778534, 0.1458078920841217]</MAX_VALUE>
		<MIN_VALUE>[0.15423794090747833, 0.13030745089054108, 0.1294916570186615, 0.1954488456249237, 0.19203726947307587, 0.1446954309940338]</MIN_VALUE>
		<SIGNATURE_THRESHOLD_MD>0.0</SIGNATURE_THRESHOLD_MD>
		<SIGNATURE_THRESHOLD_ML>0.0</SIGNATURE_THRESHOLD_ML>
		<SIGNATURE_THRESHOLD_SAM>0.0</SIGNATURE_THRESHOLD_SAM>
	</signature>
	<signature ID="20181215_055309749000_690">
		<MACROCLASSID>3</MACROCLASSID>
		<MACROCLASSINFO>barren</MACROCLASSINFO>
		<CLASSID>139</CLASSID>
		<CLASSINFO>C 1</CLASSINFO>
		<VALUES>[0.16170483754546036, 0.001038092056702153, 0.13520669338165553, 0.0022699616738862706, 0.13243327231383797, 0.0045021759969736536, 0.1886121021474108, 0.012026867024724842, 0.23467083903504354, 0.013456521701312538, 0.19283125447291943, 0.010338082953689215]</VALUES>
		<LCS_MIN>[0.15918228030204773, 0.1312963217496872, 0.1238551214337349, 0.16271744668483734, 0.19898401200771332, 0.16575820744037628]</LCS_MIN>
		<LCS_MAX>[0.16595599055290222, 0.14533817768096924, 0.1521860510110855, 0.21505305171012878, 0.25920578837394714, 0.2139158546924591]</LCS_MAX>
		<WAVELENGTH>[0.48, 0.56, 0.655, 0.865, 1.61, 2.2]</WAVELENGTH>
		<MEAN_VALUE>[0.16170483754546036, 0.13520669338165553, 0.13243327231383797, 0.1886121021474108, 0.23467083903504354, 0.19283125447291943]</MEAN_VALUE>
		<CHECKBOX>2</CHECKBOX>
		<SD>[0.001038092056702153, 0.0022699616738862706, 0.0045021759969736536, 0.012026867024724842, 0.013456521701312538, 0.010338082953689215]</SD>
		<WAVELENGTH_UNIT>E-6m</WAVELENGTH_UNIT>
		<COLOR>#ff5500</COLOR>
		<COVARIANCE_MATRIX>[[1.0883047728236247e-06, 2.1711623422295036e-06, 4.3391580619366636e-06, 8.308858365015934e-06, 6.289939306600091e-06, 1.6273426077864656e-06], [2.1711623422295036e-06, 5.203743090030525e-06, 9.867500014863748e-06, 2.2403539415645877e-05, 1.6173361612008806e-05, 2.363427330071354e-06], [4.3391580619366636e-06, 9.867500014863748e-06, 2.047027770483199e-05, 4.1542121799735116e-05, 3.00533608900621e-05, 5.266094546260129e-06], [8.308858365015934e-06, 2.2403539415645877e-05, 4.1542121799735116e-05, 0.00014607766439507101, 0.00010455171778171155, -1.7770359763968613e-05], [6.289939306600091e-06, 1.6173361612008806e-05, 3.00533608900621e-05, 0.00010455171778171155, 0.00018287082754836947, 7.165672340407496e-05], [1.6273426077864656e-06, 2.363427330071354e-06, 5.266094546260129e-06, -1.7770359763968613e-05, 7.165672340407496e-05, 0.00010793413697079927]]</COVARIANCE_MATRIX>
		<ROI_SIZE>102</ROI_SIZE>
		<MAX_VALUE>[0.16595599055290222, 0.14533817768096924, 0.1521860510110855, 0.21505305171012878, 0.25920578837394714, 0.2139158546924591]</MAX_VALUE>
		<MIN_VALUE>[0.15918228030204773, 0.1312963217496872, 0.1238551214337349, 0.16271744668483734, 0.19898401200771332, 0.16575820744037628]</MIN_VALUE>
		<SIGNATURE_THRESHOLD_MD>0.0</SIGNATURE_THRESHOLD_MD>
		<SIGNATURE_THRESHOLD_ML>0.0</SIGNATURE_THRESHOLD_ML>
		<SIGNATURE_THRESHOLD_SAM>0.0</SIGNATURE_THRESHOLD_SAM>
	</signature>
	<signature ID="20181214_170202742000_491">
		<MACROCLASSID>3</MACROCLASSID>
		<MACROCLASSINFO>barren</MACROCLASSINFO>
		<CLASSID>80</CLASSID>
		<CLASSINFO>C 1</CLASSINFO>
		<VALUES>[0.14844113735067843, 0.0011039519322986696, 0.12102095653731482, 0.0024067011345588122, 0.11810418763569541, 0.00481296004707829, 0.16026531574782782, 0.012475832982346073, 0.20814825865125416, 0.01637540815678948, 0.1764699156144682, 0.011573787738109883]</VALUES>
		<LCS_MIN>[0.14607983827590942, 0.11577115952968597, 0.1082557961344719, 0.12971413135528564, 0.17604239284992218, 0.14590677618980408]</LCS_MIN>
		<LCS_MAX>[0.15230965614318848, 0.1288241595029831, 0.13782280683517456, 0.1877109855413437, 0.23574501276016235, 0.20533746480941772]</LCS_MAX>
		<WAVELENGTH>[0.48, 0.56, 0.655, 0.865, 1.61, 2.2]</WAVELENGTH>
		<MEAN_VALUE>[0.14844113735067843, 0.12102095653731482, 0.11810418763569541, 0.16026531574782782, 0.20814825865125416, 0.1764699156144682]</MEAN_VALUE>
		<CHECKBOX>2</CHECKBOX>
		<SD>[0.0011039519322986696, 0.0024067011345588122, 0.00481296004707829, 0.012475832982346073, 0.01637540815678948, 0.011573787738109883]</SD>
		<WAVELENGTH_UNIT>E-6m</WAVELENGTH_UNIT>
		<COLOR>#ff5500</COLOR>
		<COVARIANCE_MATRIX>[[1.2207824511278886e-06, 2.4135747480613645e-06, 4.722321591543732e-06, 1.023023378365906e-05, 1.180906383524416e-05, 5.062233867647592e-06], [2.4135747480613645e-06, 5.802060968562728e-06, 1.1299237485218327e-05, 2.5821427698247135e-05, 2.7818683520308696e-05, 1.0085613212140743e-05], [4.722321591543732e-06, 1.1299237485218327e-05, 2.3203980163089e-05, 5.246712680673227e-05, 5.679621244780719e-05, 1.995085767703131e-05], [1.023023378365906e-05, 2.5821427698247135e-05, 5.246712680673227e-05, 0.00015591111150570214, 0.00015446588804479688, 3.496788485790603e-05], [1.180906383524416e-05, 2.7818683520308696e-05, 5.679621244780719e-05, 0.00015446588804479688, 0.0002686100488062948, 0.00014389443094842136], [5.062233867647592e-06, 1.0085613212140743e-05, 1.995085767703131e-05, 3.496788485790603e-05, 0.00014389443094842136, 0.0001341803726973012]]</COVARIANCE_MATRIX>
		<ROI_SIZE>589</ROI_SIZE>
		<MAX_VALUE>[0.15230965614318848, 0.1288241595029831, 0.13782280683517456, 0.1877109855413437, 0.23574501276016235, 0.20533746480941772]</MAX_VALUE>
		<MIN_VALUE>[0.14607983827590942, 0.11577115952968597, 0.1082557961344719, 0.12971413135528564, 0.17604239284992218, 0.14590677618980408]</MIN_VALUE>
		<SIGNATURE_THRESHOLD_MD>0.0</SIGNATURE_THRESHOLD_MD>
		<SIGNATURE_THRESHOLD_ML>0.0</SIGNATURE_THRESHOLD_ML>
		<SIGNATURE_THRESHOLD_SAM>0.0</SIGNATURE_THRESHOLD_SAM>
	</signature>
	<signature ID="20181215_055421970000_697">
		<MACROCLASSID>3</MACROCLASSID>
		<MACROCLASSINFO>barren</MACROCLASSINFO>
		<CLASSID>140</CLASSID>
		<CLASSINFO>C 1</CLASSINFO>
		<VALUES>[0.16573843061923985, 0.0007889568244163989, 0.13843861005522987, 0.002287601517445822, 0.13387410667809574, 0.004107508911630974, 0.18076375912536277, 0.010873072339366338, 0.20919493165883146, 0.014774808870553435, 0.16394364400343459, 0.011623088037827859]</VALUES>
		<LCS_MIN>[0.1642254889011383, 0.1345101296901703, 0.12588229775428772, 0.15866312384605408, 0.17641319334506989, 0.14462125301361084]</LCS_MIN>
		<LCS_MAX>[0.16825509071350098, 0.14464597404003143, 0.14696981012821198, 0.20944125950336456, 0.2320367842912674, 0.1968579739332199]</LCS_MAX>
		<WAVELENGTH>[0.48, 0.56, 0.655, 0.865, 1.61, 2.2]</WAVELENGTH>
		<MEAN_VALUE>[0.16573843061923985, 0.13843861005522987, 0.13387410667809574, 0.18076375912536277, 0.20919493165883146, 0.16394364400343459]</MEAN_VALUE>
		<CHECKBOX>2</CHECKBOX>
		<SD>[0.0007889568244163989, 0.002287601517445822, 0.004107508911630974, 0.010873072339366338, 0.014774808870553435, 0.011623088037827859]</SD>
		<WAVELENGTH_UNIT>E-6m</WAVELENGTH_UNIT>
		<COLOR>#ff5500</COLOR>
		<COVARIANCE_MATRIX>[[6.339797758078999e-07, 1.6053213085197048e-06, 2.951914826825001e-06, 5.569226001617339e-06, 7.658725750910495e-06, 5.5554469098402965e-06], [1.6053213085197048e-06, 5.330030345261531e-06, 8.775020601768175e-06, 1.7553630595356033e-05, 2.3279794892606986e-05, 1.7224729443940986e-05], [2.951914826825001e-06, 8.775020601768175e-06, 1.7184067041704335e-05, 3.321003675830449e-05, 4.341541067182048e-05, 2.656678170783164e-05], [5.569226001617339e-06, 1.7553630595356033e-05, 3.321003675830449e-05, 0.00012041302991370639, 0.0001423415517611401, 5.118472391453546e-05], [7.658725750910495e-06, 2.3279794892606986e-05, 4.341541067182048e-05, 0.0001423415517611401, 0.000222337476738447, 0.00012063166490899064], [5.5554469098402965e-06, 1.7224729443940986e-05, 2.656678170783164e-05, 5.118472391453546e-05, 0.00012063166490899064, 0.0001375979565635249]]</COVARIANCE_MATRIX>
		<ROI_SIZE>55</ROI_SIZE>
		<MAX_VALUE>[0.16825509071350098, 0.14464597404003143, 0.14696981012821198, 0.20944125950336456, 0.2320367842912674, 0.1968579739332199]</MAX_VALUE>
		<MIN_VALUE>[0.1642254889011383, 0.1345101296901703, 0.12588229775428772, 0.15866312384605408, 0.17641319334506989, 0.14462125301361084]</MIN_VALUE>
		<SIGNATURE_THRESHOLD_MD>0.0</SIGNATURE_THRESHOLD_MD>
		<SIGNATURE_THRESHOLD_ML>0.0</SIGNATURE_THRESHOLD_ML>
		<SIGNATURE_THRESHOLD_SAM>0.0</SIGNATURE_THRESHOLD_SAM>
	</signature>
	<signature ID="20181128_183435668000_566">
		<MACROCLASSID>2</MACROCLASSID>
		<MACROCLASSINFO>vegetation</MACROCLASSINFO>
		<CLASSID>20</CLASSID>
		<CLASSINFO>C 1</CLASSINFO>
		<VALUES>[0.09343453772338757, 0.0016880415994655331, 0.06998059251123946, 0.0020343897332432653, 0.04774273657018224, 0.0018551494506168567, 0.20239218130653172, 0.02380473844337554, 0.07537059937586713, 0.01185705604250961, 0.030194306540586073, 0.0050984851892576346]</VALUES>
		<LCS_MIN>[0.08897297084331512, 0.06365807354450226, 0.04239750653505325, 0.13594397902488708, 0.037675678730010986, 0.014907107688486576]</LCS_MIN>
		<LCS_MAX>[0.09735358506441116, 0.07542554289102554, 0.054486364126205444, 0.23534947633743286, 0.11297762393951416, 0.05020952597260475]</LCS_MAX>
		<WAVELENGTH>[0.48, 0.56, 0.655, 0.865, 1.61, 2.2]</WAVELENGTH>
		<MEAN_VALUE>[0.09343453772338757, 0.06998059251123946, 0.04774273657018224, 0.20239218130653172, 0.07537059937586713, 0.030194306540586073]</MEAN_VALUE>
		<CHECKBOX>2</CHECKBOX>
		<SD>[0.0016880415994655331, 0.0020343897332432653, 0.0018551494506168567, 0.02380473844337554, 0.01185705604250961, 0.0050984851892576346]</SD>
		<WAVELENGTH_UNIT>E-6m</WAVELENGTH_UNIT>
		<COLOR>#00aa00</COLOR>
		<COVARIANCE_MATRIX>[[2.8520962587208487e-06, 2.75872253041598e-06, 2.6273951334587764e-06, 2.1089843357913196e-05, 1.0108628885063808e-05, 3.962979008065304e-06], [2.75872253041598e-06, 4.142535090068122e-06, 3.3829987842182163e-06, 3.935330096282996e-05, 1.8717535567702726e-05, 7.377881956927013e-06], [2.6273951334587764e-06, 3.3829987842182163e-06, 3.44473392033251e-06, 2.879441854020115e-05, 1.6828184016048908e-05, 7.307324267458171e-06], [2.1089843357913196e-05, 3.935330096282996e-05, 2.879441854020115e-05, 0.0005671849939972162, 0.000238621883909218, 8.890512981452048e-05], [1.0108628885063808e-05, 1.8717535567702726e-05, 1.6828184016048908e-05, 0.000238621883909218, 0.0001407186355208978, 5.877311195945367e-05], [3.962979008065304e-06, 7.377881956927013e-06, 7.307324267458171e-06, 8.890512981452048e-05, 5.877311195945367e-05, 2.601837695692666e-05]]</COVARIANCE_MATRIX>
		<ROI_SIZE>1092</ROI_SIZE>
		<MAX_VALUE>[0.09735358506441116, 0.07542554289102554, 0.054486364126205444, 0.23534947633743286, 0.11297762393951416, 0.05020952597260475]</MAX_VALUE>
		<MIN_VALUE>[0.08897297084331512, 0.06365807354450226, 0.04239750653505325, 0.13594397902488708, 0.037675678730010986, 0.014907107688486576]</MIN_VALUE>
		<SIGNATURE_THRESHOLD_MD>0.0</SIGNATURE_THRESHOLD_MD>
		<SIGNATURE_THRESHOLD_ML>0.0</SIGNATURE_THRESHOLD_ML>
		<SIGNATURE_THRESHOLD_SAM>0.0</SIGNATURE_THRESHOLD_SAM>
	</signature>
	<signature ID="20181215_055118784000_143">
		<MACROCLASSID>3</MACROCLASSID>
		<MACROCLASSINFO>barren</MACROCLASSINFO>
		<CLASSID>138</CLASSID>
		<CLASSINFO>C 1</CLASSINFO>
		<VALUES>[0.1619889419525862, 0.0016915980821102402, 0.13912147562950852, 0.004623687473521226, 0.13545495364814997, 0.006280121742409084, 0.21815560851246119, 0.016401394003556818, 0.22655245382338765, 0.014500608856347963, 0.16847139922901988, 0.010897995208441966]</VALUES>
		<LCS_MIN>[0.15984974801540375, 0.13458429276943207, 0.12818139791488647, 0.19290252029895782, 0.19769850373268127, 0.13774865865707397]</LCS_MIN>
		<LCS_MAX>[0.1675134301185608, 0.1518152356147766, 0.15586958825588226, 0.2469191551208496, 0.2565852999687195, 0.1831127405166626]</LCS_MAX>
		<WAVELENGTH>[0.48, 0.56, 0.655, 0.865, 1.61, 2.2]</WAVELENGTH>
		<MEAN_VALUE>[0.1619889419525862, 0.13912147562950852, 0.13545495364814997, 0.21815560851246119, 0.22655245382338765, 0.16847139922901988]</MEAN_VALUE>
		<CHECKBOX>2</CHECKBOX>
		<SD>[0.0016915980821102402, 0.004623687473521226, 0.006280121742409084, 0.016401394003556818, 0.014500608856347963, 0.010897995208441966]</SD>
		<WAVELENGTH_UNIT>E-6m</WAVELENGTH_UNIT>
		<COLOR>#ff5500</COLOR>
		<COVARIANCE_MATRIX>[[2.9538106543473965e-06, 7.144746867139965e-06, 1.0513547275281173e-05, 1.6249653641856132e-05, 7.255140834250989e-06, -3.1877389040977794e-06], [7.144746867139965e-06, 2.2068114428693757e-05, 2.7648423317308812e-05, 5.437490474509376e-05, 4.5621484951956e-06, -2.3927804041803765e-05], [1.0513547275281173e-05, 2.7648423317308812e-05, 4.071218487688182e-05, 6.0599738709724996e-05, 1.8386420655456868e-05, -1.8230205531538376e-05], [1.6249653641856132e-05, 5.437490474509376e-05, 6.0599738709724996e-05, 0.00027768332930055176, 0.00011685271842161583, -3.38188371790541e-05], [7.255140834250989e-06, 4.5621484951956e-06, 1.8386420655456868e-05, 0.00011685271842161583, 0.0002170504848565644, 0.00011442273564640199], [-3.1877389040977794e-06, -2.3927804041803765e-05, -1.8230205531538376e-05, -3.38188371790541e-05, 0.00011442273564640199, 0.00012259747051687642]]</COVARIANCE_MATRIX>
		<ROI_SIZE>32</ROI_SIZE>
		<MAX_VALUE>[0.1675134301185608, 0.1518152356147766, 0.15586958825588226, 0.2469191551208496, 0.2565852999687195, 0.1831127405166626]</MAX_VALUE>
		<MIN_VALUE>[0.15984974801540375, 0.13458429276943207, 0.12818139791488647, 0.19290252029895782, 0.19769850373268127, 0.13774865865707397]</MIN_VALUE>
		<SIGNATURE_THRESHOLD_MD>0.0</SIGNATURE_THRESHOLD_MD>
		<SIGNATURE_THRESHOLD_ML>0.0</SIGNATURE_THRESHOLD_ML>
		<SIGNATURE_THRESHOLD_SAM>0.0</SIGNATURE_THRESHOLD_SAM>
	</signature>
	<signature ID="20181128_181946729000_538">
		<MACROCLASSID>1</MACROCLASSID>
		<MACROCLASSINFO>waterbodey</MACROCLASSINFO>
		<CLASSID>15</CLASSID>
		<CLASSINFO>C 1</CLASSINFO>
		<VALUES>[0.16574548655998922, 0.0015141998884541032, 0.1447320470966568, 0.001621613366393804, 0.12201546781140249, 0.00207030706453601, 0.08395960073056263, 0.005914454700454258, 0.02650528528086846, 0.004786643233883718, 0.013031723265864438, 0.003481801231235245]</VALUES>
		<LCS_MIN>[0.1614319384098053, 0.13975109159946442, 0.1174275130033493, 0.07589524984359741, 0.0218291487544775, 0.009839189238846302]</LCS_MIN>
		<LCS_MAX>[0.16860118508338928, 0.14785978198051453, 0.1322851926088333, 0.1298377513885498, 0.07043178379535675, 0.04810819402337074]</LCS_MAX>
		<WAVELENGTH>[0.48, 0.56, 0.655, 0.865, 1.61, 2.2]</WAVELENGTH>
		<MEAN_VALUE>[0.16574548655998922, 0.1447320470966568, 0.12201546781140249, 0.08395960073056263, 0.02650528528086846, 0.013031723265864438]</MEAN_VALUE>
		<CHECKBOX>2</CHECKBOX>
		<SD>[0.0015141998884541032, 0.001621613366393804, 0.00207030706453601, 0.005914454700454258, 0.004786643233883718, 0.003481801231235245]</SD>
		<WAVELENGTH_UNIT>E-6m</WAVELENGTH_UNIT>
		<COLOR>#0000ff</COLOR>
		<COVARIANCE_MATRIX>[[2.2038602764951065e-06, 2.2274728053162107e-06, 2.465525994921336e-06, -4.225876182317734e-06, -3.3976200484175934e-06, -2.5297356387454784e-06], [2.2274728053162107e-06, 2.4429766654066043e-06, 2.7043590762332315e-06, -3.977110281994101e-06, -3.2654286314937053e-06, -2.437956482026493e-06], [2.465525994921336e-06, 2.7043590762332315e-06, 4.075506240042159e-06, -8.934025572671089e-07, -6.651715693806182e-07, -6.397465313057182e-07], [-4.225876182317734e-06, -3.977110281994101e-06, -8.934025572671089e-07, 2.9803697543684393e-05, 2.282563036715146e-05, 1.6370626326533966e-05], [-3.3976200484175934e-06, -3.2654286314937053e-06, -6.651715693806182e-07, 2.282563036715146e-05, 2.0083860363229178e-05, 1.3986928934173193e-05], [-2.5297356387454784e-06, -2.437956482026493e-06, -6.397465313057182e-07, 1.6370626326533966e-05, 1.3986928934173193e-05, 1.052407969837077e-05]]</COVARIANCE_MATRIX>
		<ROI_SIZE>4936</ROI_SIZE>
		<MAX_VALUE>[0.16860118508338928, 0.14785978198051453, 0.1322851926088333, 0.1298377513885498, 0.07043178379535675, 0.04810819402337074]</MAX_VALUE>
		<MIN_VALUE>[0.1614319384098053, 0.13975109159946442, 0.1174275130033493, 0.07589524984359741, 0.0218291487544775, 0.009839189238846302]</MIN_VALUE>
		<SIGNATURE_THRESHOLD_MD>0.0</SIGNATURE_THRESHOLD_MD>
		<SIGNATURE_THRESHOLD_ML>0.0</SIGNATURE_THRESHOLD_ML>
		<SIGNATURE_THRESHOLD_SAM>0.0</SIGNATURE_THRESHOLD_SAM>
	</signature>
	<signature ID="20181210_175720455000_461">
		<MACROCLASSID>3</MACROCLASSID>
		<MACROCLASSINFO>barren</MACROCLASSINFO>
		<CLASSID>65</CLASSID>
		<CLASSINFO>C 1</CLASSINFO>
		<VALUES>[0.1660826629254877, 0.001065446007114028, 0.13845756028483577, 0.002022994853068478, 0.13541578148923275, 0.003946116144676016, 0.19017674588575612, 0.01120645769304751, 0.25234332982359836, 0.017404620222671526, 0.20951644229452784, 0.01959202430500115]</VALUES>
		<LCS_MIN>[0.1628905087709427, 0.13250766694545746, 0.12192683666944504, 0.15527626872062683, 0.18845264613628387, 0.14538763463497162]</LCS_MIN>
		<LCS_MAX>[0.16884839534759521, 0.14459653198719025, 0.14751368761062622, 0.21972544491291046, 0.277351438999176, 0.2433592826128006]</LCS_MAX>
		<WAVELENGTH>[0.48, 0.56, 0.655, 0.865, 1.61, 2.2]</WAVELENGTH>
		<MEAN_VALUE>[0.1660826629254877, 0.13845756028483577, 0.13541578148923275, 0.19017674588575612, 0.25234332982359836, 0.20951644229452784]</MEAN_VALUE>
		<CHECKBOX>2</CHECKBOX>
		<SD>[0.001065446007114028, 0.002022994853068478, 0.003946116144676016, 0.01120645769304751, 0.017404620222671526, 0.01959202430500115]</SD>
		<WAVELENGTH_UNIT>E-6m</WAVELENGTH_UNIT>
		<COLOR>#ff5500</COLOR>
		<COVARIANCE_MATRIX>[[1.13795067591127e-06, 1.7160886045530788e-06, 2.8327949621598236e-06, 3.40529004461132e-06, 1.1725060176104307e-05, 1.282435368921142e-05], [1.7160886045530788e-06, 4.102514139958657e-06, 7.665233169973362e-06, 1.4598901543649845e-05, 2.664356907189358e-05, 2.3347642127191648e-05], [2.8327949621598236e-06, 7.665233169973362e-06, 1.560990494908765e-05, 3.135235238005407e-05, 5.3731051593786106e-05, 4.483507291297428e-05], [3.40529004461132e-06, 1.4598901543649845e-05, 3.135235238005407e-05, 0.00012589174730237573, 0.0001209656911669299, 1.0962903616018593e-05], [1.1725060176104307e-05, 2.664356907189358e-05, 5.3731051593786106e-05, 0.0001209656911669299, 0.00030366145074367523, 0.00025557944900356233], [1.282435368921142e-05, 2.3347642127191648e-05, 4.483507291297428e-05, 1.0962903616018593e-05, 0.00025557944900356233, 0.0003847859043162316]]</COVARIANCE_MATRIX>
		<ROI_SIZE>410</ROI_SIZE>
		<MAX_VALUE>[0.16884839534759521, 0.14459653198719025, 0.14751368761062622, 0.21972544491291046, 0.277351438999176, 0.2433592826128006]</MAX_VALUE>
		<MIN_VALUE>[0.1628905087709427, 0.13250766694545746, 0.12192683666944504, 0.15527626872062683, 0.18845264613628387, 0.14538763463497162]</MIN_VALUE>
		<SIGNATURE_THRESHOLD_MD>0.0</SIGNATURE_THRESHOLD_MD>
		<SIGNATURE_THRESHOLD_ML>0.0</SIGNATURE_THRESHOLD_ML>
		<SIGNATURE_THRESHOLD_SAM>0.0</SIGNATURE_THRESHOLD_SAM>
	</signature>
	<signature ID="20181206_184104730000_997">
		<MACROCLASSID>4</MACROCLASSID>
		<MACROCLASSINFO>build-up</MACROCLASSINFO>
		<CLASSID>46</CLASSID>
		<CLASSINFO>C 1</CLASSINFO>
		<VALUES>[0.16594363003969193, 0.00030901283025741577, 0.1454865038394928, 0.0033374130725860596, 0.15086345374584198, 0.002954229712486267, 0.20558468252420425, 0.0017799362540245056, 0.2383531555533409, 0.001396767795085907, 0.19389138370752335, 0.006254561245441437]</VALUES>
		<LCS_MIN>[0.1656346172094345, 0.14214909076690674, 0.1479092240333557, 0.20380474627017975, 0.236956387758255, 0.1876368224620819]</LCS_MIN>
		<LCS_MAX>[0.16625264286994934, 0.14882391691207886, 0.15381768345832825, 0.20736461877822876, 0.23974992334842682, 0.20014594495296478]</LCS_MAX>
		<WAVELENGTH>[0.48, 0.56, 0.655, 0.865, 1.61, 2.2]</WAVELENGTH>
		<MEAN_VALUE>[0.16594363003969193, 0.1454865038394928, 0.15086345374584198, 0.20558468252420425, 0.2383531555533409, 0.19389138370752335]</MEAN_VALUE>
		<CHECKBOX>2</CHECKBOX>
		<SD>[0.00030901283025741577, 0.0033374130725860596, 0.002954229712486267, 0.0017799362540245056, 0.001396767795085907, 0.006254561245441437]</SD>
		<WAVELENGTH_UNIT>E-6m</WAVELENGTH_UNIT>
		<COLOR>#ff0000</COLOR>
		<COVARIANCE_MATRIX>[[1.9097785752819618e-07, 2.0626068817364285e-06, 1.8257898091178504e-06, 1.1000462336596684e-06, 8.632383128315269e-07, 3.865479357045842e-06], [2.0626068817364285e-06, 2.2276652089203708e-05, 1.9718969269888476e-05, 1.188076475955313e-05, 9.323181984655093e-06, 4.1748109651962295e-05], [1.8257898091178504e-06, 1.9718969269888476e-05, 1.745494591887109e-05, 1.0516680958971847e-05, 8.252745828940533e-06, 3.6954821553081274e-05], [1.1000462336596684e-06, 1.188076475955313e-05, 1.0516680958971847e-05, 6.33634635960334e-06, 4.972315309714759e-06, 2.226543983852025e-05], [8.632383128315269e-07, 9.323181984655093e-06, 8.252745828940533e-06, 4.972315309714759e-06, 3.901920536009129e-06, 1.7472339095547795e-05], [3.865479357045842e-06, 4.1748109651962295e-05, 3.6954821553081274e-05, 2.226543983852025e-05, 1.7472339095547795e-05, 7.823907071724534e-05]]</COVARIANCE_MATRIX>
		<ROI_SIZE>2</ROI_SIZE>
		<MAX_VALUE>[0.16625264286994934, 0.14882391691207886, 0.15381768345832825, 0.20736461877822876, 0.23974992334842682, 0.20014594495296478]</MAX_VALUE>
		<MIN_VALUE>[0.1656346172094345, 0.14214909076690674, 0.1479092240333557, 0.20380474627017975, 0.236956387758255, 0.1876368224620819]</MIN_VALUE>
		<SIGNATURE_THRESHOLD_MD>0.0</SIGNATURE_THRESHOLD_MD>
		<SIGNATURE_THRESHOLD_ML>0.0</SIGNATURE_THRESHOLD_ML>
		<SIGNATURE_THRESHOLD_SAM>0.0</SIGNATURE_THRESHOLD_SAM>
	</signature>
	<signature ID="20181215_052201877000_151">
		<MACROCLASSID>3</MACROCLASSID>
		<MACROCLASSINFO>barren</MACROCLASSINFO>
		<CLASSID>114</CLASSID>
		<CLASSINFO>C 1</CLASSINFO>
		<VALUES>[0.15095168540165535, 0.001421257356638548, 0.1253929835522457, 0.003209099673148744, 0.12457687679146018, 0.006101765330026602, 0.18013569361397205, 0.01785764267604559, 0.23199075144671247, 0.02270051974003315, 0.1926520588852113, 0.01603798118639074]</VALUES>
		<LCS_MIN>[0.14743950963020325, 0.11747696250677109, 0.10986270755529404, 0.13525177538394928, 0.17999783158302307, 0.16293995082378387]</LCS_MIN>
		<LCS_MAX>[0.15567180514335632, 0.13507872819900513, 0.14380542933940887, 0.22308757901191711, 0.2721846401691437, 0.2394532710313797]</LCS_MAX>
		<WAVELENGTH>[0.48, 0.56, 0.655, 0.865, 1.61, 2.2]</WAVELENGTH>
		<MEAN_VALUE>[0.15095168540165535, 0.1253929835522457, 0.12457687679146018, 0.18013569361397205, 0.23199075144671247, 0.1926520588852113]</MEAN_VALUE>
		<CHECKBOX>2</CHECKBOX>
		<SD>[0.001421257356638548, 0.003209099673148744, 0.006101765330026602, 0.01785764267604559, 0.02270051974003315, 0.01603798118639074]</SD>
		<WAVELENGTH_UNIT>E-6m</WAVELENGTH_UNIT>
		<COLOR>#ff5500</COLOR>
		<COVARIANCE_MATRIX>[[2.0247934104908464e-06, 4.231342386614398e-06, 8.016002711396504e-06, 1.913437460511841e-05, 2.5337387874803973e-05, 1.3973532394121208e-05], [4.231342386614398e-06, 1.0322899043258682e-05, 1.9231207322461332e-05, 4.965828898593746e-05, 6.165205547863145e-05, 2.9984787741103013e-05], [8.016002711396504e-06, 1.9231207322461332e-05, 3.732039823374732e-05, 9.623144223534944e-05, 0.00011682245495073709, 5.433579868750469e-05], [1.913437460511841e-05, 4.965828898593746e-05, 9.623144223534944e-05, 0.00031965648882347674, 0.0003331460715423902, 8.982781459464149e-05], [2.5337387874803973e-05, 6.165205547863145e-05, 0.00011682245495073709, 0.0003331460715423902, 0.0005165434618529993, 0.0002722698754930929], [1.3973532394121208e-05, 2.9984787741103013e-05, 5.433579868750469e-05, 8.982781459464149e-05, 0.0002722698754930929, 0.00025783072320933147]]</COVARIANCE_MATRIX>
		<ROI_SIZE>420</ROI_SIZE>
		<MAX_VALUE>[0.15567180514335632, 0.13507872819900513, 0.14380542933940887, 0.22308757901191711, 0.2721846401691437, 0.2394532710313797]</MAX_VALUE>
		<MIN_VALUE>[0.14743950963020325, 0.11747696250677109, 0.10986270755529404, 0.13525177538394928, 0.17999783158302307, 0.16293995082378387]</MIN_VALUE>
		<SIGNATURE_THRESHOLD_MD>0.0</SIGNATURE_THRESHOLD_MD>
		<SIGNATURE_THRESHOLD_ML>0.0</SIGNATURE_THRESHOLD_ML>
		<SIGNATURE_THRESHOLD_SAM>0.0</SIGNATURE_THRESHOLD_SAM>
	</signature>
	<signature ID="20181214_171540283000_545">
		<MACROCLASSID>3</MACROCLASSID>
		<MACROCLASSINFO>barren</MACROCLASSINFO>
		<CLASSID>93</CLASSID>
		<CLASSINFO>C 1</CLASSINFO>
		<VALUES>[0.14754882793855895, 0.0008881706817458984, 0.11892978832902504, 0.0020969002065498754, 0.11371376951582628, 0.0039106712203952855, 0.14801514141649988, 0.009690231664124728, 0.19249653837409628, 0.012393613890293543, 0.1707466955857253, 0.009005888021224666]</VALUES>
		<LCS_MIN>[0.14563482999801636, 0.11517784744501114, 0.10652529448270798, 0.1291208267211914, 0.16415129601955414, 0.13713060319423676]</LCS_MIN>
		<LCS_MAX>[0.1508016437292099, 0.12968941032886505, 0.13065356016159058, 0.18044283986091614, 0.2139652967453003, 0.19171586632728577]</LCS_MAX>
		<WAVELENGTH>[0.48, 0.56, 0.655, 0.865, 1.61, 2.2]</WAVELENGTH>
		<MEAN_VALUE>[0.14754882793855895, 0.11892978832902504, 0.11371376951582628, 0.14801514141649988, 0.19249653837409628, 0.1707466955857253]</MEAN_VALUE>
		<CHECKBOX>2</CHECKBOX>
		<SD>[0.0008881706817458984, 0.0020969002065498754, 0.0039106712203952855, 0.009690231664124728, 0.012393613890293543, 0.009005888021224666]</SD>
		<WAVELENGTH_UNIT>E-6m</WAVELENGTH_UNIT>
		<COLOR>#ff5500</COLOR>
		<COVARIANCE_MATRIX>[[7.926036005301285e-07, 1.6670591094225529e-06, 3.082747525695595e-06, 5.517615136341192e-06, 5.867051186214667e-06, 2.036807245531236e-06], [1.6670591094225529e-06, 4.417928721522912e-06, 7.947712219902314e-06, 1.5882351362961344e-05, 1.5329018424381502e-05, 3.858770924125565e-06], [3.082747525695595e-06, 7.947712219902314e-06, 1.5366174920927733e-05, 2.95206336886622e-05, 3.035757072211709e-05, 8.73869430506602e-06], [5.517615136341192e-06, 1.5882351362961344e-05, 2.95206336886622e-05, 9.434773528482765e-05, 9.102938929572701e-05, 2.0843437596340664e-05], [5.867051186214667e-06, 1.5329018424381502e-05, 3.035757072211709e-05, 9.102938929572701e-05, 0.00015433310181833804, 8.340367639902979e-05], [2.036807245531236e-06, 3.858770924125565e-06, 8.73869430506602e-06, 2.0843437596340664e-05, 8.340367639902979e-05, 8.149223867803812e-05]]</COVARIANCE_MATRIX>
		<ROI_SIZE>211</ROI_SIZE>
		<MAX_VALUE>[0.1508016437292099, 0.12968941032886505, 0.13065356016159058, 0.18044283986091614, 0.2139652967453003, 0.19171586632728577]</MAX_VALUE>
		<MIN_VALUE>[0.14563482999801636, 0.11517784744501114, 0.10652529448270798, 0.1291208267211914, 0.16415129601955414, 0.13713060319423676]</MIN_VALUE>
		<SIGNATURE_THRESHOLD_MD>0.0</SIGNATURE_THRESHOLD_MD>
		<SIGNATURE_THRESHOLD_ML>0.0</SIGNATURE_THRESHOLD_ML>
		<SIGNATURE_THRESHOLD_SAM>0.0</SIGNATURE_THRESHOLD_SAM>
	</signature>
	<signature ID="20181214_170704907000_662">
		<MACROCLASSID>3</MACROCLASSID>
		<MACROCLASSINFO>barren</MACROCLASSINFO>
		<CLASSID>85</CLASSID>
		<CLASSINFO>C 1</CLASSINFO>
		<VALUES>[0.1413813872262836, 0.0009515087503664927, 0.11589312655851253, 0.0016257402573519298, 0.11257487193991736, 0.0034040106147598167, 0.16344323797772334, 0.011090558809590865, 0.17786375035842272, 0.013553353677794488, 0.14112593134244283, 0.011379683701965633]</VALUES>
		<LCS_MIN>[0.1390588879585266, 0.11198876053094864, 0.10481951385736465, 0.1334470957517624, 0.1394297182559967, 0.11399122327566147]</LCS_MIN>
