<?xml version="1.0" ?>
<signaturelist MCID_LIST="[['1', 'waterbody', '#0000ff'], ['2', 'vegetation', '#00ff00'], ['3', 'bare land', '#ffaa00'], ['4', 'built-up', '#ff0000']]">
	<signature ID="20200828_090411331343_627">
		<MACROCLASSID>1</MACROCLASSID>
		<MACROCLASSINFO>waterbody</MACROCLASSINFO>
		<CLASSID>1</CLASSID>
		<CLASSINFO>C 1</CLASSINFO>
		<VALUES>[0.12750086252662246, 0.0057609073884479925, 0.10398886887864635, 0.008427454058717244, 0.09588408903642133, 0.010618886101023498, 0.0862404037605632, 0.013457220841171963, 0.0396913187747652, 0.01910810892710535, 0.02734834316334771, 0.013297301007183062]</VALUES>
		<LCS_MIN>[0.11638043075799942, 0.08879140019416809, 0.07719600945711136, 0.06602709740400314, 0.007143818773329258, 0.006930578500032425]</LCS_MIN>
		<LCS_MAX>[0.14724816381931305, 0.13082802295684814, 0.13157439231872559, 0.12296448647975922, 0.08279377967119217, 0.06557393819093704]</LCS_MAX>
		<WAVELENGTH>[1.0, 2.0, 3.0, 4.0, 5.0, 6.0]</WAVELENGTH>
		<MEAN_VALUE>[0.12750086252662246, 0.10398886887864635, 0.09588408903642133, 0.0862404037605632, 0.0396913187747652, 0.02734834316334771]</MEAN_VALUE>
		<CHECKBOX>2</CHECKBOX>
		<SD>[0.0057609073884479925, 0.008427454058717244, 0.010618886101023498, 0.013457220841171963, 0.01910810892710535, 0.013297301007183062]</SD>
		<WAVELENGTH_UNIT>E-6m</WAVELENGTH_UNIT>
		<COLOR>#2b0d9d</COLOR>
		<COVARIANCE_MATRIX>[[3.473938606690412e-05, 4.9133723250988496e-05, 6.250594008075125e-05, 6.69778342849511e-05, 2.322435491947888e-05, 1.6664466433202048e-05], [4.9133723250988496e-05, 7.435716174565736e-05, 9.427436667429732e-05, 9.759780528232769e-05, 2.411695048149333e-05, 1.6274914230785078e-05], [6.250594008075125e-05, 9.427436667429732e-05, 0.00012041772010607008, 0.00012641317073413722, 3.288736975986108e-05, 2.222584959774409e-05], [6.69778342849511e-05, 9.759780528232769e-05, 0.00012641317073413722, 0.0001893776976478067, 0.00015711353523525462, 0.00010455978789697133], [2.322435491947888e-05, 2.411695048149333e-05, 3.288736975986108e-05, 0.00015711353523525462, 0.00034581392429784843, 0.0002359210113428126], [1.6664466433202048e-05, 1.6274914230785078e-05, 2.222584959774409e-05, 0.00010455978789697133, 0.0002359210113428126, 0.00016480477177193233]]</COVARIANCE_MATRIX>
		<ROI_SIZE>763</ROI_SIZE>
		<MAX_VALUE>[0.14724816381931305, 0.13082802295684814, 0.13157439231872559, 0.12296448647975922, 0.08279377967119217, 0.06557393819093704]</MAX_VALUE>
		<MIN_VALUE>[0.11638043075799942, 0.08879140019416809, 0.07719600945711136, 0.06602709740400314, 0.007143818773329258, 0.006930578500032425]</MIN_VALUE>
		<SIGNATURE_THRESHOLD_MD>0</SIGNATURE_THRESHOLD_MD>
		<SIGNATURE_THRESHOLD_ML>0</SIGNATURE_THRESHOLD_ML>
		<SIGNATURE_THRESHOLD_SAM>0</SIGNATURE_THRESHOLD_SAM>
	</signature>
	<signature ID="20200828_090431795062_360">
		<MACROCLASSID>1</MACROCLASSID>
		<MACROCLASSINFO>waterbody</MACROCLASSINFO>
		<CLASSID>2</CLASSID>
		<CLASSINFO>C 1</CLASSINFO>
		<VALUES>[0.12842098191380508, 0.006617872085296925, 0.10705960027873514, 0.007672781695654432, 0.10012981981039049, 0.009695517497407748, 0.10550635166466235, 0.012890946753947871, 0.05607238711789251, 0.016105197055814383, 0.037183624599128946, 0.011031227050019554]</VALUES>
		<LCS_MIN>[0.10454512387514114, 0.08183414489030838, 0.06488089263439178, 0.07207804173231125, 0.029241709038615227, 0.02071176841855049]</LCS_MIN>
		<LCS_MAX>[0.14527562260627747, 0.1258966475725174, 0.12421731650829315, 0.14335636794567108, 0.10459844768047333, 0.08010151237249374]</LCS_MAX>
		<WAVELENGTH>[1.0, 2.0, 3.0, 4.0, 5.0, 6.0]</WAVELENGTH>
		<MEAN_VALUE>[0.12842098191380508, 0.10705960027873514, 0.10012981981039049, 0.10550635166466235, 0.05607238711789251, 0.037183624599128946]</MEAN_VALUE>
		<CHECKBOX>2</CHECKBOX>
		<SD>[0.006617872085296925, 0.007672781695654432, 0.009695517497407748, 0.012890946753947871, 0.016105197055814383, 0.011031227050019554]</SD>
		<WAVELENGTH_UNIT>E-6m</WAVELENGTH_UNIT>
		<COLOR>#30886d</COLOR>
		<COVARIANCE_MATRIX>[[4.423861710843643e-05, 4.850223422436456e-05, 5.981211539334127e-05, 9.399150410487367e-06, -3.858159451183088e-06, 7.371373257084615e-06], [4.850223422436456e-05, 5.946624136279769e-05, 7.425844680823985e-05, 3.3735948187950026e-05, 9.35891868536124e-06, 1.535246172387048e-05], [5.981211539334127e-05, 7.425844680823985e-05, 9.495258539650474e-05, 4.4989633867246044e-05, 1.0456023946797405e-05, 1.844949145912888e-05], [9.399150410487367e-06, 3.3735948187950026e-05, 4.4989633867246044e-05, 0.00016785505880113048, 0.00014827268415083483, 9.406349517777286e-05], [-3.858159451183088e-06, 9.35891868536124e-06, 1.0456023946797405e-05, 0.00014827268415083483, 0.00026199734566324486, 0.00017499892528077333], [7.371373257084615e-06, 1.535246172387048e-05, 1.844949145912888e-05, 9.406349517777286e-05, 0.00017499892528077333, 0.00012291714164553843]]</COVARIANCE_MATRIX>
		<ROI_SIZE>100</ROI_SIZE>
		<MAX_VALUE>[0.14527562260627747, 0.1258966475725174, 0.12421731650829315, 0.14335636794567108, 0.10459844768047333, 0.08010151237249374]</MAX_VALUE>
		<MIN_VALUE>[0.10454512387514114, 0.08183414489030838, 0.06488089263439178, 0.07207804173231125, 0.029241709038615227, 0.02071176841855049]</MIN_VALUE>
		<SIGNATURE_THRESHOLD_MD>0</SIGNATURE_THRESHOLD_MD>
		<SIGNATURE_THRESHOLD_ML>0</SIGNATURE_THRESHOLD_ML>
		<SIGNATURE_THRESHOLD_SAM>0</SIGNATURE_THRESHOLD_SAM>
	</signature>
	<signature ID="20200828_090441376472_340">
		<MACROCLASSID>1</MACROCLASSID>
		<MACROCLASSINFO>waterbody</MACROCLASSINFO>
		<CLASSID>3</CLASSID>
		<CLASSINFO>C 1</CLASSINFO>
		<VALUES>[0.10193910945324874, 0.0022278617928403175, 0.08566490985554266, 0.005385217207218173, 0.06392850647617253, 0.0015891617573691548, 0.025537723793365854, 0.008163625902339471, 0.009709682071168494, 0.004297438927205329, 0.006053216241266394, 0.00291662025610253]</VALUES>
		<LCS_MIN>[0.09201677143573761, 0.06914585828781128, 0.058323491364717484, 0.017139848321676254, 0.006210860330611467, 0.0036785295233130455]</LCS_MIN>
		<LCS_MAX>[0.10515820980072021, 0.09140368551015854, 0.06911920756101608, 0.0596562996506691, 0.030734451487660408, 0.025136679410934448]</LCS_MAX>
		<WAVELENGTH>[1.0, 2.0, 3.0, 4.0, 5.0, 6.0]</WAVELENGTH>
		<MEAN_VALUE>[0.10193910945324874, 0.08566490985554266, 0.06392850647617253, 0.025537723793365854, 0.009709682071168494, 0.006053216241266394]</MEAN_VALUE>
		<CHECKBOX>2</CHECKBOX>
		<SD>[0.0022278617928403175, 0.005385217207218173, 0.0015891617573691548, 0.008163625902339471, 0.004297438927205329, 0.00291662025610253]</SD>
		<WAVELENGTH_UNIT>E-6m</WAVELENGTH_UNIT>
		<COLOR>#f790e1</COLOR>
		<COVARIANCE_MATRIX>[[4.985928932397748e-06, 1.1549592278131485e-05, 2.1563593241723446e-06, -1.1389251143389333e-05, -1.925431497915556e-06, -1.3365078846864463e-06], [1.1549592278131485e-05, 2.9132385116050102e-05, 5.111142191346493e-06, -2.5609281214115913e-05, -5.157182854259522e-06, -4.044781478627029e-06], [2.1563593241723446e-06, 5.111142191346493e-06, 2.536914341498615e-06, -3.6138648796718665e-06, -8.53501787098332e-07, -5.110721859683688e-07], [-1.1389251143389333e-05, -2.5609281214115913e-05, -3.6138648796718665e-06, 6.694771872731769e-05, 2.7850596503946792e-05, 1.7673897879658826e-05], [-1.925431497915556e-06, -5.157182854259522e-06, -8.53501787098332e-07, 2.7850596503946792e-05, 1.8551926702755412e-05, 1.2149034842111553e-05], [-1.3365078846864463e-06, -4.044781478627029e-06, -5.110721859683688e-07, 1.7673897879658826e-05, 1.2149034842111553e-05, 8.545340417027163e-06]]</COVARIANCE_MATRIX>
		<ROI_SIZE>221</ROI_SIZE>
		<MAX_VALUE>[0.10515820980072021, 0.09140368551015854, 0.06911920756101608, 0.0596562996506691, 0.030734451487660408, 0.025136679410934448]</MAX_VALUE>
		<MIN_VALUE>[0.09201677143573761, 0.06914585828781128, 0.058323491364717484, 0.017139848321676254, 0.006210860330611467, 0.0036785295233130455]</MIN_VALUE>
		<SIGNATURE_THRESHOLD_MD>0</SIGNATURE_THRESHOLD_MD>
		<SIGNATURE_THRESHOLD_ML>0</SIGNATURE_THRESHOLD_ML>
		<SIGNATURE_THRESHOLD_SAM>0</SIGNATURE_THRESHOLD_SAM>
	</signature>
	<signature ID="20200828_090458117445_593">
		<MACROCLASSID>1</MACROCLASSID>
		<MACROCLASSINFO>waterbody</MACROCLASSINFO>
		<CLASSID>4</CLASSID>
		<CLASSINFO>C 1</CLASSINFO>
		<VALUES>[0.12704888450675428, 0.002216659913997248, 0.10737502687146974, 0.0031476440306166583, 0.10047099084659601, 0.003790553366315633, 0.09813495890615372, 0.007540526990331258, 0.04751551356244535, 0.012687405658476836, 0.03168961045304977, 0.008482095284670208]</VALUES>
		<LCS_MIN>[0.12048546224832535, 0.09806770086288452, 0.08937783539295197, 0.07852879166603088, 0.018819188699126244, 0.012021882459521294]</LCS_MIN>
		<LCS_MAX>[0.13509300351142883, 0.11576734483242035, 0.11163565516471863, 0.1253368854522705, 0.07058529555797577, 0.05035332590341568]</LCS_MAX>
		<WAVELENGTH>[1.0, 2.0, 3.0, 4.0, 5.0, 6.0]</WAVELENGTH>
		<MEAN_VALUE>[0.12704888450675428, 0.10737502687146974, 0.10047099084659601, 0.09813495890615372, 0.04751551356244535, 0.03168961045304977]</MEAN_VALUE>
		<CHECKBOX>2</CHECKBOX>
		<SD>[0.002216659913997248, 0.0031476440306166583, 0.003790553366315633, 0.007540526990331258, 0.012687405658476836, 0.008482095284670208]</SD>
		<WAVELENGTH_UNIT>E-6m</WAVELENGTH_UNIT>
		<COLOR>#549b5b</COLOR>
		<COVARIANCE_MATRIX>[[4.934226473374016e-06, 6.411302414862943e-06, 7.613038136367445e-06, 6.69917622814931e-06, 6.158430441680647e-06, 4.891331852291797e-06], [6.411302414862943e-06, 9.949291779373667e-06, 1.1700583608973266e-05, 1.0695706739978033e-05, 6.832969637252027e-06, 5.364105684965661e-06], [7.613038136367445e-06, 1.1700583608973266e-05, 1.4428665809537669e-05, 1.181418745189522e-05, 6.502917281039556e-06, 5.218559494616254e-06], [6.69917622814931e-06, 1.0695706739978033e-05, 1.181418745189522e-05, 5.709845295280445e-05, 7.843526329927846e-05, 5.0604205239743764e-05], [6.158430441680647e-06, 6.832969637252027e-06, 6.502917281039556e-06, 7.843526329927846e-05, 0.0001616466079828456, 0.00010639749160229204], [4.891331852291797e-06, 5.364105684965661e-06, 5.218559494616254e-06, 5.0604205239743764e-05, 0.00010639749160229204, 7.224823428552799e-05]]</COVARIANCE_MATRIX>
		<ROI_SIZE>239</ROI_SIZE>
		<MAX_VALUE>[0.13509300351142883, 0.11576734483242035, 0.11163565516471863, 0.1253368854522705, 0.07058529555797577, 0.05035332590341568]</MAX_VALUE>
		<MIN_VALUE>[0.12048546224832535, 0.09806770086288452, 0.08937783539295197, 0.07852879166603088, 0.018819188699126244, 0.012021882459521294]</MIN_VALUE>
		<SIGNATURE_THRESHOLD_MD>0</SIGNATURE_THRESHOLD_MD>
		<SIGNATURE_THRESHOLD_ML>0</SIGNATURE_THRESHOLD_ML>
		<SIGNATURE_THRESHOLD_SAM>0</SIGNATURE_THRESHOLD_SAM>
	</signature>
	<signature ID="20200828_090527816627_558">
		<MACROCLASSID>1</MACROCLASSID>
		<MACROCLASSINFO>waterbody</MACROCLASSINFO>
		<CLASSID>5</CLASSID>
		<CLASSINFO>C 1</CLASSINFO>
		<VALUES>[0.12343801778238432, 0.003964259539349619, 0.12713037923110254, 0.005898501228213017, 0.10749338937807923, 0.008978205507661048, 0.03783501863677416, 0.008802585387281446, 0.010514708832977749, 0.00568363946592352, 0.005857868290061247, 0.0032524632474487864]</VALUES>
		<LCS_MIN>[0.10881011188030243, 0.10302572697401047, 0.0765829011797905, 0.02662941999733448, 0.0028788535855710506, 0.001759297214448452]</LCS_MIN>
		<LCS_MAX>[0.1282157301902771, 0.1334136575460434, 0.11768658459186554, 0.07314427942037582, 0.044862184673547745, 0.030281297862529755]</LCS_MAX>
		<WAVELENGTH>[1.0, 2.0, 3.0, 4.0, 5.0, 6.0]</WAVELENGTH>
		<MEAN_VALUE>[0.12343801778238432, 0.12713037923110254, 0.10749338937807923, 0.03783501863677416, 0.010514708832977749, 0.005857868290061247]</MEAN_VALUE>
		<CHECKBOX>2</CHECKBOX>
		<SD>[0.003964259539349619, 0.005898501228213017, 0.008978205507661048, 0.008802585387281446, 0.00568363946592352, 0.0032524632474487864]</SD>
		<WAVELENGTH_UNIT>E-6m</WAVELENGTH_UNIT>
		<COLOR>#e14ced</COLOR>
		<COVARIANCE_MATRIX>[[1.5743217797621014e-05, 2.314249632803305e-05, 3.508536410654329e-05, 1.4207117880386459e-06, -3.574332040024043e-06, -1.835126752410603e-06], [2.314249632803305e-05, 3.485400524408781e-05, 5.271683506563758e-05, 4.079246553221373e-06, -4.424928822735878e-06, -2.2720908708638033e-06], [3.508536410654329e-05, 5.271683506563758e-05, 8.075109643236604e-05, 8.67144202776224e-06, -5.252291077303577e-06, -2.5515378550281984e-06], [1.4207117880386459e-06, 4.079246553221373e-06, 8.67144202776224e-06, 7.762289515552354e-05, 4.43825125367382e-05, 2.3895584978558904e-05], [-3.574332040024043e-06, -4.424928822735878e-06, -5.252291077303577e-06, 4.43825125367382e-05, 3.236103374452288e-05, 1.7986892329977457e-05], [-1.835126752410603e-06, -2.2720908708638033e-06, -2.5515378550281984e-06, 2.3895584978558904e-05, 1.7986892329977457e-05, 1.059727341213277e-05]]</COVARIANCE_MATRIX>
		<ROI_SIZE>565</ROI_SIZE>
		<MAX_VALUE>[0.1282157301902771, 0.1334136575460434, 0.11768658459186554, 0.07314427942037582, 0.044862184673547745, 0.030281297862529755]</MAX_VALUE>
		<MIN_VALUE>[0.10881011188030243, 0.10302572697401047, 0.0765829011797905, 0.02662941999733448, 0.0028788535855710506, 0.001759297214448452]</MIN_VALUE>
		<SIGNATURE_THRESHOLD_MD>0</SIGNATURE_THRESHOLD_MD>
		<SIGNATURE_THRESHOLD_ML>0</SIGNATURE_THRESHOLD_ML>
		<SIGNATURE_THRESHOLD_SAM>0</SIGNATURE_THRESHOLD_SAM>
	</signature>
	<signature ID="20200828_090539463940_824">
		<MACROCLASSID>1</MACROCLASSID>
		<MACROCLASSINFO>waterbody</MACROCLASSINFO>
		<CLASSID>6</CLASSID>
		<CLASSINFO>C 1</CLASSINFO>
		<VALUES>[0.10888335074445141, 0.0029889477098489037, 0.10582140978556452, 0.004736485837313571, 0.07780978874417775, 0.005231681160561237, 0.030966290447395267, 0.008434137772612314, 0.011505014967712526, 0.005838044192233424, 0.006804952060184933, 0.003434913882442838]</VALUES>
		<LCS_MIN>[0.09726802259683609, 0.08865811675786972, 0.05901655927300453, 0.002932158764451742, 0.001759297214448452, 0.0019192324252799153]</LCS_MIN>
		<LCS_MAX>[0.1132083609700203, 0.11179559677839279, 0.08535276353359222, 0.06677346676588058, 0.047101277858018875, 0.0380382165312767]</LCS_MAX>
		<WAVELENGTH>[1.0, 2.0, 3.0, 4.0, 5.0, 6.0]</WAVELENGTH>
		<MEAN_VALUE>[0.10888335074445141, 0.10582140978556452, 0.07780978874417775, 0.030966290447395267, 0.011505014967712526, 0.006804952060184933]</MEAN_VALUE>
		<CHECKBOX>2</CHECKBOX>
		<SD>[0.0029889477098489037, 0.004736485837313571, 0.005231681160561237, 0.008434137772612314, 0.005838044192233424, 0.003434913882442838]</SD>
		<WAVELENGTH_UNIT>E-6m</WAVELENGTH_UNIT>
		<COLOR>#af106f</COLOR>
		<COVARIANCE_MATRIX>[[8.953443155974011e-06, 1.396281412118961e-05, 1.532457151024601e-05, -6.522632870408172e-06, -6.631128026164215e-06, -4.6128346390741375e-06], [1.396281412118961e-05, 2.2483604236713983e-05, 2.4285711665216756e-05, -9.974246657516e-06, -1.0868015433024995e-05, -7.583073828439318e-06], [1.532457151024601e-05, 2.4285711665216756e-05, 2.743064268393795e-05, -7.525467965686401e-06, -9.058497594584256e-06, -6.43044076288564e-06], [-6.522632870408172e-06, -9.974246657516e-06, -7.525467965686401e-06, 7.129101992337814e-05, 4.047489497042246e-05, 2.1485994431589576e-05], [-6.631128026164215e-06, -1.0868015433024995e-05, -9.058497594584256e-06, 4.047489497042246e-05, 3.415766715528467e-05, 1.885400920188437e-05], [-4.6128346390741375e-06, -7.583073828439318e-06, -6.43044076288564e-06, 2.1485994431589576e-05, 1.885400920188437e-05, 1.1824564442171719e-05]]</COVARIANCE_MATRIX>
		<ROI_SIZE>456</ROI_SIZE>
		<MAX_VALUE>[0.1132083609700203, 0.11179559677839279, 0.08535276353359222, 0.06677346676588058, 0.047101277858018875, 0.0380382165312767]</MAX_VALUE>
		<MIN_VALUE>[0.09726802259683609, 0.08865811675786972, 0.05901655927300453, 0.002932158764451742, 0.001759297214448452, 0.0019192324252799153]</MIN_VALUE>
		<SIGNATURE_THRESHOLD_MD>0</SIGNATURE_THRESHOLD_MD>
		<SIGNATURE_THRESHOLD_ML>0</SIGNATURE_THRESHOLD_ML>
		<SIGNATURE_THRESHOLD_SAM>0</SIGNATURE_THRESHOLD_SAM>
	</signature>
	<signature ID="20200828_090555624922_717">
		<MACROCLASSID>1</MACROCLASSID>
		<MACROCLASSINFO>waterbody</MACROCLASSINFO>
		<CLASSID>7</CLASSID>
		<CLASSINFO>C 1</CLASSINFO>
		<VALUES>[0.08301493250972751, 0.0019590311226688312, 0.05669272599028955, 0.002766942043118368, 0.030069848127196184, 0.0018440155899234335, 0.01890177398602537, 0.005554902211953274, 0.007186541638431274, 0.003208472154742636, 0.004495999196845904, 0.0019691259713805814]</VALUES>
		<LCS_MIN>[0.07442376017570496, 0.04190335050225258, 0.023697251453995705, 0.007810222450643778, 0.0, 0.0018925798358395696]</LCS_MIN>
		<LCS_MAX>[0.09305636584758759, 0.06837283819913864, 0.04518205299973488, 0.0549381822347641, 0.03963758796453476, 0.029774829745292664]</LCS_MAX>
		<WAVELENGTH>[1.0, 2.0, 3.0, 4.0, 5.0, 6.0]</WAVELENGTH>
		<MEAN_VALUE>[0.08301493250972751, 0.05669272599028955, 0.030069848127196184, 0.01890177398602537, 0.007186541638431274, 0.004495999196845904]</MEAN_VALUE>
		<CHECKBOX>2</CHECKBOX>
		<SD>[0.0019590311226688312, 0.002766942043118368, 0.0018440155899234335, 0.005554902211953274, 0.003208472154742636, 0.0019691259713805814]</SD>
		<WAVELENGTH_UNIT>E-6m</WAVELENGTH_UNIT>
		<COLOR>#05e4fe</COLOR>
		<COVARIANCE_MATRIX>[[3.940913777384856e-06, 5.103628190330389e-06, 3.304443611474807e-06, 9.70952289045268e-07, 1.9066622432287517e-06, 1.8728320980989e-06], [5.103628190330389e-06, 8.180073281399904e-06, 4.903727786370092e-06, 1.5875233611349529e-06, 2.89152059201655e-06, 2.748314973679973e-06], [3.304443611474807e-06, 4.903727786370092e-06, 3.821123387381598e-06, 3.657448395757721e-06, 3.6607535363904472e-06, 2.984631778169794e-06], [9.70952289045268e-07, 1.5875233611349529e-06, 3.657448395757721e-06, 3.597506484482197e-05, 1.8561849322641294e-05, 9.2786225247486e-06], [1.9066622432287517e-06, 2.89152059201655e-06, 3.6607535363904472e-06, 1.8561849322641294e-05, 1.2374484180792077e-05, 6.922623837997516e-06], [1.8728320980989e-06, 2.748314973679973e-06, 2.984631778169794e-06, 9.2786225247486e-06, 6.922623837997516e-06, 4.472618238816061e-06]]</COVARIANCE_MATRIX>
		<ROI_SIZE>4108</ROI_SIZE>
		<MAX_VALUE>[0.09305636584758759, 0.06837283819913864, 0.04518205299973488, 0.0549381822347641, 0.03963758796453476, 0.029774829745292664]</MAX_VALUE>
		<MIN_VALUE>[0.07442376017570496, 0.04190335050225258, 0.023697251453995705, 0.007810222450643778, 0.0, 0.0018925798358395696]</MIN_VALUE>
		<SIGNATURE_THRESHOLD_MD>0</SIGNATURE_THRESHOLD_MD>
		<SIGNATURE_THRESHOLD_ML>0</SIGNATURE_THRESHOLD_ML>
		<SIGNATURE_THRESHOLD_SAM>0</SIGNATURE_THRESHOLD_SAM>
	</signature>
	<signature ID="20200828_091537140264_859">
		<MACROCLASSID>1</MACROCLASSID>
		<MACROCLASSINFO>waterbody</MACROCLASSINFO>
		<CLASSID>8</CLASSID>
		<CLASSINFO>C 1</CLASSINFO>
		<VALUES>[0.10212752780797905, 0.004246001548947171, 0.08342151678627044, 0.006177747940803956, 0.041538503253411393, 0.00323873773303853, 0.025309820241795008, 0.009874431356800327, 0.009613391046898989, 0.005947751392644827, 0.004812935116291588, 0.003391965151647825]</VALUES>
		<LCS_MIN>[0.07543669641017914, 0.045341987162828445, 0.025536516681313515, 0.01204854529350996, 0.0026922558899968863, 0.002052515046671033]</LCS_MIN>
		<LCS_MAX>[0.11302176862955093, 0.09617512673139572, 0.06120234727859497, 0.05952301621437073, 0.04483551159501076, 0.03377325087785721]</LCS_MAX>
		<WAVELENGTH>[1.0, 2.0, 3.0, 4.0, 5.0, 6.0]</WAVELENGTH>
		<MEAN_VALUE>[0.10212752780797905, 0.08342151678627044, 0.041538503253411393, 0.025309820241795008, 0.009613391046898989, 0.004812935116291588]</MEAN_VALUE>
		<CHECKBOX>2</CHECKBOX>
		<SD>[0.004246001548947171, 0.006177747940803956, 0.00323873773303853, 0.009874431356800327, 0.005947751392644827, 0.003391965151647825]</SD>
		<WAVELENGTH_UNIT>E-6m</WAVELENGTH_UNIT>
		<COLOR>#8f997f</COLOR>
		<COVARIANCE_MATRIX>[[1.8061189532563342e-05, 2.5737672317761516e-05, 1.0534387543487418e-05, -2.0421269269240497e-05, -7.964822549629756e-06, -2.3668703404584627e-06], [2.5737672317761516e-05, 3.823370833318738e-05, 1.5714357040570614e-05, -2.5984358517487373e-05, -9.401267524669759e-06, -2.785756955374272e-06], [1.0534387543487418e-05, 1.5714357040570614e-05, 1.0508424679681842e-05, -1.935665507310537e-06, 3.105891897975135e-06, 3.819017115928669e-06], [-2.0421269269240497e-05, -2.5984358517487373e-05, -1.935665507310537e-06, 9.76810330162124e-05, 5.3104363784871264e-05, 2.5740903811935528e-05], [-7.964822549629756e-06, -9.401267524669759e-06, 3.105891897975135e-06, 5.3104363784871264e-05, 3.543983312622431e-05, 1.8792744482649925e-05], [-2.3668703404584627e-06, -2.785756955374272e-06, 3.819017115928669e-06, 2.5740903811935528e-05, 1.8792744482649925e-05, 1.1526270755917162e-05]]</COVARIANCE_MATRIX>
		<ROI_SIZE>553</ROI_SIZE>
		<MAX_VALUE>[0.11302176862955093, 0.09617512673139572, 0.06120234727859497, 0.05952301621437073, 0.04483551159501076, 0.03377325087785721]</MAX_VALUE>
		<MIN_VALUE>[0.07543669641017914, 0.045341987162828445, 0.025536516681313515, 0.01204854529350996, 0.0026922558899968863, 0.002052515046671033]</MIN_VALUE>
		<SIGNATURE_THRESHOLD_MD>0</SIGNATURE_THRESHOLD_MD>
		<SIGNATURE_THRESHOLD_ML>0</SIGNATURE_THRESHOLD_ML>
		<SIGNATURE_THRESHOLD_SAM>0</SIGNATURE_THRESHOLD_SAM>
	</signature>
	<signature ID="20200828_091550716432_747">
		<MACROCLASSID>1</MACROCLASSID>
		<MACROCLASSINFO>waterbody</MACROCLASSINFO>
		<CLASSID>9</CLASSID>
		<CLASSINFO>C 1</CLASSINFO>
		<VALUES>[0.1018079296579381, 0.002655170152111901, 0.0893880301491643, 0.0038336581359968754, 0.05387787741016261, 0.0029762066893010805, 0.020651837689302753, 0.006164674110476397, 0.00752244547355728, 0.00407588827746711, 0.004516988374522972, 0.0023624516715701357]</VALUES>
		<LCS_MIN>[0.09191014617681503, 0.07069190591573715, 0.042809657752513885, 0.0098627470433712, 0.0034386268816888332, 0.0026656033005565405]</LCS_MIN>
		<LCS_MAX>[0.12035217881202698, 0.10457179695367813, 0.06933245062828064, 0.057283904403448105, 0.04483551159501076, 0.028148815035820007]</LCS_MAX>
		<WAVELENGTH>[1.0, 2.0, 3.0, 4.0, 5.0, 6.0]</WAVELENGTH>
		<MEAN_VALUE>[0.1018079296579381, 0.0893880301491643, 0.05387787741016261, 0.020651837689302753, 0.00752244547355728, 0.004516988374522972]</MEAN_VALUE>
		<CHECKBOX>2</CHECKBOX>
		<SD>[0.002655170152111901, 0.0038336581359968754, 0.0029762066893010805, 0.006164674110476397, 0.00407588827746711, 0.0023624516715701357]</SD>
		<WAVELENGTH_UNIT>E-6m</WAVELENGTH_UNIT>
		<COLOR>#daaff0</COLOR>
		<COVARIANCE_MATRIX>[[7.054039282168332e-06, 9.732942472366525e-06, 5.942342122208422e-06, 2.1787359942835577e-07, 2.711203987594516e-07, 6.418693089655485e-07], [9.732942472366525e-06, 1.4705504344921809e-05, 9.322279708501018e-06, 4.900073942176823e-07, 3.945957635207842e-07, 8.210292400813722e-07], [5.942342122208422e-06, 9.322279708501018e-06, 8.862971159048334e-06, 2.8374992383058767e-06, 1.6645521950714161e-06, 1.523446752172983e-06], [2.1787359942835577e-07, 4.900073942176823e-07, 2.8374992383058767e-06, 3.8025366192685986e-05, 2.2063812099336534e-05, 1.2211938301061484e-05], [2.711203987594516e-07, 3.945957635207842e-07, 1.6645521950714161e-06, 2.2063812099336534e-05, 1.6622552052289097e-05, 9.037353883484162e-06], [6.418693089655485e-07, 8.210292400813722e-07, 1.523446752172983e-06, 1.2211938301061484e-05, 9.037353883484162e-06, 5.584432231641843e-06]]</COVARIANCE_MATRIX>
		<ROI_SIZE>1716</ROI_SIZE>
		<MAX_VALUE>[0.12035217881202698, 0.10457179695367813, 0.06933245062828064, 0.057283904403448105, 0.04483551159501076, 0.028148815035820007]</MAX_VALUE>
		<MIN_VALUE>[0.09191014617681503, 0.07069190591573715, 0.042809657752513885, 0.0098627470433712, 0.0034386268816888332, 0.0026656033005565405]</MIN_VALUE>
		<SIGNATURE_THRESHOLD_MD>0</SIGNATURE_THRESHOLD_MD>
		<SIGNATURE_THRESHOLD_ML>0</SIGNATURE_THRESHOLD_ML>
		<SIGNATURE_THRESHOLD_SAM>0</SIGNATURE_THRESHOLD_SAM>
	</signature>
	<signature ID="20200828_091620352643_318">
		<MACROCLASSID>1</MACROCLASSID>
		<MACROCLASSINFO>waterbody</MACROCLASSINFO>
		<CLASSID>10</CLASSID>
		<CLASSINFO>C 1</CLASSINFO>
		<VALUES>[0.11772578493835993, 0.002887946956669348, 0.11033124210396181, 0.004353855733668565, 0.09430406898055285, 0.0052871549958246195, 0.0410277291018631, 0.01111255427868685, 0.012275347434931604, 0.006911763024665063, 0.006747005152503264, 0.003748866819985838]</VALUES>
		<LCS_MIN>[0.10363882035017014, 0.08346017450094223, 0.06304161250591278, 0.022017912939190865, 0.0, 0.0010662412969395518]</LCS_MIN>
		<LCS_MAX>[0.12336433678865433, 0.11451451480388641, 0.10115981101989746, 0.07487691193819046, 0.04115698114037514, 0.025963017717003822]</LCS_MAX>
		<WAVELENGTH>[1.0, 2.0, 3.0, 4.0, 5.0, 6.0]</WAVELENGTH>
		<MEAN_VALUE>[0.11772578493835993, 0.11033124210396181, 0.09430406898055285, 0.0410277291018631, 0.012275347434931604, 0.006747005152503264]</MEAN_VALUE>
		<CHECKBOX>2</CHECKBOX>
		<SD>[0.002887946956669348, 0.004353855733668565, 0.0052871549958246195, 0.01111255427868685, 0.006911763024665063, 0.003748866819985838]</SD>
		<WAVELENGTH_UNIT>E-6m</WAVELENGTH_UNIT>
		<COLOR>#80b08a</COLOR>
		<COVARIANCE_MATRIX>[[8.181490185370608e-06, 1.0287247544248337e-05, 1.3694656991638157e-05, -1.051085425148308e-05, -7.3765489453494574e-06, -3.814487009785363e-06], [1.0287247544248337e-05, 1.7390590010145895e-05, 2.0201862356810667e-05, -1.8322740282450366e-05, -1.2943237920001156e-05, -6.852633080014177e-06], [1.3694656991638157e-05, 2.0201862356810667e-05, 2.6774682092663836e-05, -2.3325304262474158e-05, -1.7384983954574433e-05, -9.399912463195565e-06], [-1.051085425148308e-05, -1.8322740282450366e-05, -2.3325304262474158e-05, 0.00011333224131043498, 6.29796615423202e-05, 3.293629378479223e-05], [-7.3765489453494574e-06, -1.2943237920001156e-05, -1.7384983954574433e-05, 6.29796615423202e-05, 4.872291078060518e-05, 2.6743396969736018e-05], [-3.814487009785363e-06, -6.852633080014177e-06, -9.399912463195565e-06, 3.293629378479223e-05, 2.6743396969736018e-05, 1.5742163384211264e-05]]</COVARIANCE_MATRIX>
		<ROI_SIZE>522</ROI_SIZE>
		<MAX_VALUE>[0.12336433678865433, 0.11451451480388641, 0.10115981101989746, 0.07487691193819046, 0.04115698114037514, 0.025963017717003822]</MAX_VALUE>
		<MIN_VALUE>[0.10363882035017014, 0.08346017450094223, 0.06304161250591278, 0.022017912939190865, 0.0, 0.0010662412969395518]</MIN_VALUE>
		<SIGNATURE_THRESHOLD_MD>0</SIGNATURE_THRESHOLD_MD>
		<SIGNATURE_THRESHOLD_ML>0</SIGNATURE_THRESHOLD_ML>
		<SIGNATURE_THRESHOLD_SAM>0</SIGNATURE_THRESHOLD_SAM>
	</signature>
	<signature ID="20200828_091818763384_821">
		<MACROCLASSID>1</MACROCLASSID>
		<MACROCLASSINFO>waterbody</MACROCLASSINFO>
		<CLASSID>11</CLASSID>
		<CLASSINFO>C 1</CLASSINFO>
		<VALUES>[0.09958376993353552, 0.0035675483465330217, 0.07755995520318928, 0.004396561355953158, 0.060794179309875934, 0.007041508819732748, 0.04008496889414696, 0.016140126522719567, 0.02213376648768854, 0.013083470170734642, 0.01482679739442224, 0.00870427911274898]</VALUES>
		<LCS_MIN>[0.09228333830833435, 0.06877268850803375, 0.045741815119981766, 0.010049334727227688, 0.005117966327816248, 0.004691465757787228]</LCS_MIN>
		<LCS_MAX>[0.11555410176515579, 0.09633506834506989, 0.08463304489850998, 0.07549000531435013, 0.05827018618583679, 0.04430240020155907]</LCS_MAX>
		<WAVELENGTH>[1.0, 2.0, 3.0, 4.0, 5.0, 6.0]</WAVELENGTH>
		<MEAN_VALUE>[0.09958376993353552, 0.07755995520318928, 0.060794179309875934, 0.04008496889414696, 0.02213376648768854, 0.01482679739442224]</MEAN_VALUE>
		<CHECKBOX>2</CHECKBOX>
		<SD>[0.0035675483465330217, 0.004396561355953158, 0.007041508819732748, 0.016140126522719567, 0.013083470170734642, 0.00870427911274898]</SD>
		<WAVELENGTH_UNIT>E-6m</WAVELENGTH_UNIT>
		<COLOR>#b0797f</COLOR>
		<COVARIANCE_MATRIX>[[1.2788886234825499e-05, 1.5161766153506986e-05, 2.2210725687075518e-05, 3.5752536009401875e-05, 2.449266520637233e-05, 1.596518950861523e-05], [1.5161766153506986e-05, 1.9423132199929596e-05, 2.5789683148119884e-05, 4.311621397536204e-05, 2.9525091880120448e-05, 1.933180185935848e-05], [2.2210725687075518e-05, 2.5789683148119884e-05, 4.9822377117593336e-05, 7.458664979571166e-05, 4.6545958858342494e-05, 2.9224985505486476e-05], [3.5752536009401875e-05, 4.311621397536204e-05, 7.458664979571166e-05, 0.0002617621560735955, 0.00018431048606023793, 0.00011069378686372915], [2.449266520637233e-05, 2.9525091880120448e-05, 4.6545958858342494e-05, 0.00018431048606023793, 0.00017200413466361656, 0.00011082371696776838], [1.596518950861523e-05, 1.933180185935848e-05, 2.9224985505486476e-05, 0.00011069378686372915, 0.00011082371696776838, 7.613048682854463e-05]]</COVARIANCE_MATRIX>
		<ROI_SIZE>208</ROI_SIZE>
		<MAX_VALUE>[0.11555410176515579, 0.09633506834506989, 0.08463304489850998, 0.07549000531435013, 0.05827018618583679, 0.04430240020155907]</MAX_VALUE>
		<MIN_VALUE>[0.09228333830833435, 0.06877268850803375, 0.045741815119981766, 0.010049334727227688, 0.005117966327816248, 0.004691465757787228]</MIN_VALUE>
		<SIGNATURE_THRESHOLD_MD>0</SIGNATURE_THRESHOLD_MD>
		<SIGNATURE_THRESHOLD_ML>0</SIGNATURE_THRESHOLD_ML>
		<SIGNATURE_THRESHOLD_SAM>0</SIGNATURE_THRESHOLD_SAM>
	</signature>
	<signature ID="20200828_091841851954_399">
		<MACROCLASSID>1</MACROCLASSID>
		<MACROCLASSINFO>waterbody</MACROCLASSINFO>
		<CLASSID>12</CLASSID>
		<CLASSINFO>C 1</CLASSINFO>
		<VALUES>[0.10089807208608739, 0.003363929059081413, 0.08672139202080775, 0.008465808427109544, 0.06306794048029578, 0.0070541720633063845, 0.03668766582019666, 0.013699900170772359, 0.013549788208004442, 0.01030437534474829, 0.0078053361579457576, 0.005952080838896605]</VALUES>
		<LCS_MIN>[0.09249658137559891, 0.06322821974754333, 0.043769270181655884, 0.01799285039305687, 0.003945094998925924, 0.0017859498038887978]</LCS_MIN>
		<LCS_MAX>[0.10928991436958313, 0.10323899239301682, 0.07692944258451462, 0.06826620548963547, 0.04454229399561882, 0.025829734280705452]</LCS_MAX>
		<WAVELENGTH>[1.0, 2.0, 3.0, 4.0, 5.0, 6.0]</WAVELENGTH>
		<MEAN_VALUE>[0.10089807208608739, 0.08672139202080775, 0.06306794048029578, 0.03668766582019666, 0.013549788208004442, 0.0078053361579457576]</MEAN_VALUE>
		<CHECKBOX>2</CHECKBOX>
		<SD>[0.003363929059081413, 0.008465808427109544, 0.0070541720633063845, 0.013699900170772359, 0.01030437534474829, 0.005952080838896605]</SD>
		<WAVELENGTH_UNIT>E-6m</WAVELENGTH_UNIT>
		<COLOR>#8a58f8</COLOR>
		<COVARIANCE_MATRIX>[[1.134452254000975e-05, 2.433936610101005e-05, 2.205520300533646e-05, 1.0628168837839745e-05, 9.584608368766122e-06, 5.69415781745078e-06], [2.433936610101005e-05, 7.18504410709287e-05, 5.693805853481313e-05, 1.6527146423708722e-05, 1.3930781867683653e-05, 8.657665696920882e-06], [2.205520300533646e-05, 5.693805853481313e-05, 4.988668693323778e-05, 2.5584808264588313e-05, 1.968413482451089e-05, 1.1832102163536175e-05], [1.0628168837839745e-05, 1.6527146423708722e-05, 2.5584808264588313e-05, 0.00018816002858003318, 0.00011597717406094246, 6.486872501806775e-05], [9.584608368766122e-06, 1.3930781867683653e-05, 1.968413482451089e-05, 0.00011597717406094246, 0.00010644760754582283, 6.0635838852317366e-05], [5.69415781745078e-06, 8.657665696920882e-06, 1.1832102163536175e-05, 6.486872501806775e-05, 6.0635838852317366e-05, 3.551650375939172e-05]]</COVARIANCE_MATRIX>
		<ROI_SIZE>398</ROI_SIZE>
		<MAX_VALUE>[0.10928991436958313, 0.10323899239301682, 0.07692944258451462, 0.06826620548963547, 0.04454229399561882, 0.025829734280705452]</MAX_VALUE>
		<MIN_VALUE>[0.09249658137559891, 0.06322821974754333, 0.043769270181655884, 0.01799285039305687, 0.003945094998925924, 0.0017859498038887978]</MIN_VALUE>
		<SIGNATURE_THRESHOLD_MD>0</SIGNATURE_THRESHOLD_MD>
		<SIGNATURE_THRESHOLD_ML>0</SIGNATURE_THRESHOLD_ML>
		<SIGNATURE_THRESHOLD_SAM>0</SIGNATURE_THRESHOLD_SAM>
	</signature>
	<signature ID="20200828_091940271357_730">
		<MACROCLASSID>1</MACROCLASSID>
		<MACROCLASSINFO>waterbody</MACROCLASSINFO>
		<CLASSID>13</CLASSID>
		<CLASSINFO>C 1</CLASSINFO>
		<VALUES>[0.09891333622062129, 0.004186487732912511, 0.07779939566632457, 0.008151067869454293, 0.05517835735815936, 0.007793731371182874, 0.035704816203330283, 0.012561861590229388, 0.015403778769782125, 0.01075253602867713, 0.00934294441281627, 0.006931873188924569]</VALUES>
		<LCS_MIN>[0.08801835775375366, 0.05677744373679161, 0.03643886372447014, 0.017406413331627846, 0.0015726995188742876, 0.001466079382225871]</LCS_MIN>
		<LCS_MAX>[0.11808641254901886, 0.1005200743675232, 0.08260718733072281, 0.07271777838468552, 0.04688803479075432, 0.03873128071427345]</LCS_MAX>
		<WAVELENGTH>[1.0, 2.0, 3.0, 4.0, 5.0, 6.0]</WAVELENGTH>
		<MEAN_VALUE>[0.09891333622062129, 0.07779939566632457, 0.05517835735815936, 0.035704816203330283, 0.015403778769782125, 0.00934294441281627]</MEAN_VALUE>
		<CHECKBOX>2</CHECKBOX>
		<SD>[0.004186487732912511, 0.008151067869454293, 0.007793731371182874, 0.012561861590229388, 0.01075253602867713, 0.006931873188924569]</SD>
		<WAVELENGTH_UNIT>E-6m</WAVELENGTH_UNIT>
		<COLOR>#c554cc</COLOR>
		<COVARIANCE_MATRIX>[[1.8546567172940326e-05, 2.8605173570430606e-05, 3.1987934673606684e-05, 2.0613392902886753e-05, 2.1917843252397797e-05, 1.4499826602882477e-05], [2.8605173570430606e-05, 6.286122689864953e-05, 5.6145309564302745e-05, 1.9437187144345492e-05, 2.2367308355969666e-05, 1.5121567147301629e-05], [3.1987934673606684e-05, 5.6145309564302745e-05, 6.146744953622271e-05, 3.6064409953805155e-05, 3.838204830295483e-05, 2.5662794897354827e-05], [2.0613392902886753e-05, 1.9437187144345492e-05, 3.6064409953805155e-05, 0.0001659226261229285, 0.00011478945447718149, 6.788292086930396e-05], [2.1917843252397797e-05, 2.2367308355969666e-05, 3.838204830295483e-05, 0.00011478945447718149, 0.00011761203565607419, 7.35416148879406e-05], [1.4499826602882477e-05, 1.5121567147301629e-05, 2.5662794897354827e-05, 6.788292086930396e-05, 7.35416148879406e-05, 4.8221872204514414e-05]]</COVARIANCE_MATRIX>
		<ROI_SIZE>4207</ROI_SIZE>
		<MAX_VALUE>[0.11808641254901886, 0.1005200743675232, 0.08260718733072281, 0.07271777838468552, 0.04688803479075432, 0.03873128071427345]</MAX_VALUE>
		<MIN_VALUE>[0.08801835775375366, 0.05677744373679161, 0.03643886372447014, 0.017406413331627846, 0.0015726995188742876, 0.001466079382225871]</MIN_VALUE>
		<SIGNATURE_THRESHOLD_MD>0</SIGNATURE_THRESHOLD_MD>
		<SIGNATURE_THRESHOLD_ML>0</SIGNATURE_THRESHOLD_ML>
		<SIGNATURE_THRESHOLD_SAM>0</SIGNATURE_THRESHOLD_SAM>
	</signature>
	<signature ID="20200828_091950844709_176">
		<MACROCLASSID>1</MACROCLASSID>
		<MACROCLASSINFO>waterbody</MACROCLASSINFO>
		<CLASSID>14</CLASSID>
		<CLASSINFO>C 1</CLASSINFO>
		<VALUES>[0.09774693912020742, 0.004704695090014319, 0.08107238113162357, 0.008445971938396928, 0.058465545973336794, 0.00827908333201658, 0.02124039483111294, 0.009599085478939286, 0.007795937048264164, 0.007901667631689318, 0.00469112036803723, 0.004968081153749953]</VALUES>
		<LCS_MIN>[0.08487295359373093, 0.05280567705631256, 0.03228050842881203, 0.008263375610113144, 0.0007996760541573167, 0.00021324031695257872]</LCS_MIN>
		<LCS_MAX>[0.11488768458366394, 0.10601121187210083, 0.08007486164569855, 0.05560457333922386, 0.04339609295129776, 0.033453378826379776]</LCS_MAX>
		<WAVELENGTH>[1.0, 2.0, 3.0, 4.0, 5.0, 6.0]</WAVELENGTH>
		<MEAN_VALUE>[0.09774693912020742, 0.08107238113162357, 0.058465545973336794, 0.02124039483111294, 0.007795937048264164, 0.00469112036803723]</MEAN_VALUE>
		<CHECKBOX>2</CHECKBOX>
		<SD>[0.004704695090014319, 0.008445971938396928, 0.00827908333201658, 0.009599085478939286, 0.007901667631689318, 0.004968081153749953]</SD>
		<WAVELENGTH_UNIT>E-6m</WAVELENGTH_UNIT>
		<COLOR>#bde5c7</COLOR>
		<COVARIANCE_MATRIX>[[2.216050798533241e-05, 3.307728288123832e-05, 3.49967258654619e-05, 5.216859944585534e-06, 3.816795385333244e-06, 2.726861559975022e-06], [3.307728288123832e-05, 7.071865644013535e-05, 6.463748562523632e-05, 1.2550226966124716e-05, 4.963285745462065e-06, 3.692097782250544e-06], [3.49967258654619e-05, 6.463748562523632e-05, 7.065509596834909e-05, 2.130459319943286e-05, 1.1875351969010697e-05, 8.005247728978506e-06], [5.216859944585534e-06, 1.2550226966124716e-05, 2.130459319943286e-05, 9.434649762326609e-05, 7.06658510368758e-05, 4.3698736480431796e-05], [3.816795385333244e-06, 4.963285745462065e-06, 1.1875351969010697e-05, 7.06658510368758e-05, 6.457867643369862e-05, 4.050957370368936e-05], [2.726861559975022e-06, 3.692097782250544e-06, 8.005247728978506e-06, 4.3698736480431796e-05, 4.050957370368936e-05, 2.623191886446366e-05]]</COVARIANCE_MATRIX>
		<ROI_SIZE>8816</ROI_SIZE>
		<MAX_VALUE>[0.11488768458366394, 0.10601121187210083, 0.08007486164569855, 0.05560457333922386, 0.04339609295129776, 0.033453378826379776]</MAX_VALUE>
		<MIN_VALUE>[0.08487295359373093, 0.05280567705631256, 0.03228050842881203, 0.008263375610113144, 0.0007996760541573167, 0.00021324031695257872]</MIN_VALUE>
		<SIGNATURE_THRESHOLD_MD>0</SIGNATURE_THRESHOLD_MD>
		<SIGNATURE_THRESHOLD_ML>0</SIGNATURE_THRESHOLD_ML>
		<SIGNATURE_THRESHOLD_SAM>0</SIGNATURE_THRESHOLD_SAM>
	</signature>
	<signature ID="20200828_092022976770_784">
		<MACROCLASSID>1</MACROCLASSID>
		<MACROCLASSINFO>waterbody</MACROCLASSINFO>
		<CLASSID>15</CLASSID>
		<CLASSINFO>C 1</CLASSINFO>
		<VALUES>[0.08989678938445204, 0.002739565110281772, 0.0688368662537353, 0.004893490376231165, 0.045162379031849845, 0.00535583736665876, 0.05184473378986528, 0.015455151540762815, 0.018109341367695354, 0.012351080792286022, 0.010703814777583387, 0.007945472210492374]</VALUES>
		<LCS_MIN>[0.08575259149074554, 0.05672411993145943, 0.03670540824532509, 0.0183393731713295, 0.0017059821402654052, 0.0011995140230283141]</LCS_MIN>
		<LCS_MAX>[0.10294577479362488, 0.0897243544459343, 0.06847947090864182, 0.08119440823793411, 0.05184606835246086, 0.041370220482349396]</LCS_MAX>
		<WAVELENGTH>[1.0, 2.0, 3.0, 4.0, 5.0, 6.0]</WAVELENGTH>
		<MEAN_VALUE>[0.08989678938445204, 0.0688368662537353, 0.045162379031849845, 0.05184473378986528, 0.018109341367695354, 0.010703814777583387]</MEAN_VALUE>
		<CHECKBOX>2</CHECKBOX>
		<SD>[0.002739565110281772, 0.004893490376231165, 0.00535583736665876, 0.015455151540762815, 0.012351080792286022, 0.007945472210492374]</SD>
		<WAVELENGTH_UNIT>E-6m</WAVELENGTH_UNIT>
		<COLOR>#5afb5e</COLOR>
		<COVARIANCE_MATRIX>[[7.51537290280133e-06, 1.1753536056619941e-05, 1.399271494402018e-05, 1.823301452363509e-05, 1.7318068023145303e-05, 1.072589082923494e-05], [1.1753536056619941e-05, 2.397865164557179e-05, 2.366561601222874e-05, 3.323044163650799e-05, 2.5626609299155466e-05, 1.4873984215592826e-05], [1.399271494402018e-05, 2.366561601222874e-05, 2.8723809857364986e-05, 3.617004898420436e-05, 3.872001648355708e-05, 2.4754555785007955e-05], [1.823301452363509e-05, 3.323044163650799e-05, 3.617004898420436e-05, 0.0002391849320290638, 0.0001507726774718771, 8.278593612282669e-05], [1.7318068023145303e-05, 2.5626609299155466e-05, 3.872001648355708e-05, 0.0001507726774718771, 0.0001527556232554897, 9.402175746082904e-05], [1.072589082923494e-05, 1.4873984215592826e-05, 2.4754555785007955e-05, 8.278593612282669e-05, 9.402175746082904e-05, 6.321595561475363e-05]]</COVARIANCE_MATRIX>
		<ROI_SIZE>740</ROI_SIZE>
		<MAX_VALUE>[0.10294577479362488, 0.0897243544459343, 0.06847947090864182, 0.08119440823793411, 0.05184606835246086, 0.041370220482349396]</MAX_VALUE>
		<MIN_VALUE>[0.08575259149074554, 0.05672411993145943, 0.03670540824532509, 0.0183393731713295, 0.0017059821402654052, 0.0011995140230283141]</MIN_VALUE>
		<SIGNATURE_THRESHOLD_MD>0</SIGNATURE_THRESHOLD_MD>
		<SIGNATURE_THRESHOLD_ML>0</SIGNATURE_THRESHOLD_ML>
		<SIGNATURE_THRESHOLD_SAM>0</SIGNATURE_THRESHOLD_SAM>
	</signature>
	<signature ID="20200828_092035877947_414">
		<MACROCLASSID>1</MACROCLASSID>
		<MACROCLASSINFO>waterbody</MACROCLASSINFO>
		<CLASSID>16</CLASSID>
		<CLASSINFO>C 1</CLASSINFO>
