<?xml version="1.0" ?>
<signaturelist MCID_LIST="[['1', 'waterbody', '#0000ff'], ['2', 'vegetation', '#00ff00'], ['3', 'bare land', '#ffaa00'], ['4', 'built-up', '#ff0000']]">
	<signature ID="20200824_143051511092_955">
		<MACROCLASSID>1</MACROCLASSID>
		<MACROCLASSINFO>waterbody</MACROCLASSINFO>
		<CLASSID>1</CLASSID>
		<CLASSINFO>C 1</CLASSINFO>
		<VALUES>[0.13033332834037922, 0.006850173709811883, 0.10901244020043561, 0.008904710716201263, 0.10157780032569592, 0.01067595416477987, 0.10354721749756327, 0.017206919865353238, 0.06650540699203283, 0.02706348343236918, 0.04539079921571025, 0.019351477814047655]</VALUES>
		<LCS_MIN>[0.11759516596794128, 0.08368847519159317, 0.07490651309490204, 0.06960615515708923, 0.020629817619919777, 0.013640624471008778]</LCS_MIN>
		<LCS_MAX>[0.16433703899383545, 0.1366140991449356, 0.13404187560081482, 0.14737072587013245, 0.12008944898843765, 0.09470490366220474]</LCS_MAX>
		<WAVELENGTH>[0.48, 0.56, 0.655, 0.865, 1.61, 2.2]</WAVELENGTH>
		<MEAN_VALUE>[0.13033332834037922, 0.10901244020043561, 0.10157780032569592, 0.10354721749756327, 0.06650540699203283, 0.04539079921571025]</MEAN_VALUE>
		<CHECKBOX>2</CHECKBOX>
		<SD>[0.006850173709811883, 0.008904710716201263, 0.01067595416477987, 0.017206919865353238, 0.02706348343236918, 0.019351477814047655]</SD>
		<WAVELENGTH_UNIT>E-6m</WAVELENGTH_UNIT>
		<COLOR>#e95fcc</COLOR>
		<COVARIANCE_MATRIX>[[5.103075091028586e-05, 5.940554910921492e-05, 7.129750883905217e-05, 9.338550444226712e-05, 0.00013028932153247297, 0.00010346974158892408], [5.940554910921492e-05, 7.814700074959546e-05, 9.297455835621804e-05, 0.0001292296510655433, 0.00017598892736714333, 0.00013281687279231846], [7.129750883905217e-05, 9.297455835621804e-05, 0.00011173467646585777, 0.0001549966400489211, 0.00021030085918027908, 0.00015887805784586817], [9.338550444226712e-05, 0.0001292296510655433, 0.0001549966400489211, 0.0002878675877582282, 0.00039708911208435893, 0.0002813995524775237], [0.00013028932153247297, 0.00017598892736714333, 0.00021030085918027908, 0.00039708911208435893, 0.0006982620689086616, 0.0004979140358045697], [0.00010346974158892408, 0.00013281687279231846, 0.00015887805784586817, 0.0002813995524775237, 0.0004979140358045697, 0.00037061399780213833]]</COVARIANCE_MATRIX>
		<ROI_SIZE>970</ROI_SIZE>
		<MAX_VALUE>[0.16433703899383545, 0.1366140991449356, 0.13404187560081482, 0.14737072587013245, 0.12008944898843765, 0.09470490366220474]</MAX_VALUE>
		<MIN_VALUE>[0.11759516596794128, 0.08368847519159317, 0.07490651309490204, 0.06960615515708923, 0.020629817619919777, 0.013640624471008778]</MIN_VALUE>
		<SIGNATURE_THRESHOLD_MD>0.0</SIGNATURE_THRESHOLD_MD>
		<SIGNATURE_THRESHOLD_ML>0.0</SIGNATURE_THRESHOLD_ML>
		<SIGNATURE_THRESHOLD_SAM>0.0</SIGNATURE_THRESHOLD_SAM>
	</signature>
	<signature ID="20200824_144136670640_782">
		<MACROCLASSID>1</MACROCLASSID>
		<MACROCLASSINFO>waterbody</MACROCLASSINFO>
		<CLASSID>2</CLASSID>
		<CLASSINFO>C 1</CLASSINFO>
		<VALUES>[0.07696474424413541, 0.0028999568039186044, 0.04771300115705337, 0.003917989249352238, 0.026425354380717917, 0.004435020741716772, 0.017264369192152882, 0.00650357750948319, 0.008219733794130208, 0.006351265541009885, 0.005983340280513929, 0.005162894184520202]</VALUES>
		<LCS_MIN>[0.07223035395145416, 0.04084392637014389, 0.022916244342923164, 0.012107676826417446, 0.0017148175975307822, 0.0034296351950615644]</LCS_MIN>
		<LCS_MAX>[0.10925491899251938, 0.08610482513904572, 0.06971009075641632, 0.06511123478412628, 0.05549785494804382, 0.05147061496973038]</LCS_MAX>
		<WAVELENGTH>[0.48, 0.56, 0.655, 0.865, 1.61, 2.2]</WAVELENGTH>
		<MEAN_VALUE>[0.07696474424413541, 0.04771300115705337, 0.026425354380717917, 0.017264369192152882, 0.008219733794130208, 0.005983340280513929]</MEAN_VALUE>
		<CHECKBOX>2</CHECKBOX>
		<SD>[0.0028999568039186044, 0.003917989249352238, 0.004435020741716772, 0.00650357750948319, 0.006351265541009885, 0.005162894184520202]</SD>
		<WAVELENGTH_UNIT>E-6m</WAVELENGTH_UNIT>
		<COLOR>#64a208</COLOR>
		<COVARIANCE_MATRIX>[[8.414482181251515e-06, 1.1108055332442746e-05, 1.2356892511888873e-05, 1.4335636478790548e-05, 1.50367159221787e-05, 1.340814651484834e-05], [1.1108055332442746e-05, 1.535927913209889e-05, 1.710341894067824e-05, 2.0644270989578217e-05, 2.093140756187495e-05, 1.845502083597239e-05], [1.2356892511888873e-05, 1.710341894067824e-05, 1.968047763512004e-05, 2.4952412786660716e-05, 2.46484578383388e-05, 2.129208587575704e-05], [1.4335636478790548e-05, 2.0644270989578217e-05, 2.4952412786660716e-05, 4.2320323700550944e-05, 3.9482001739088446e-05, 3.072166509809904e-05], [1.50367159221787e-05, 2.093140756187495e-05, 2.46484578383388e-05, 3.9482001739088446e-05, 4.036127575091086e-05, 3.20283324981574e-05], [1.340814651484834e-05, 1.845502083597239e-05, 2.129208587575704e-05, 3.072166509809904e-05, 3.20283324981574e-05, 2.6670477382140234e-05]]</COVARIANCE_MATRIX>
		<ROI_SIZE>1778</ROI_SIZE>
		<MAX_VALUE>[0.10925491899251938, 0.08610482513904572, 0.06971009075641632, 0.06511123478412628, 0.05549785494804382, 0.05147061496973038]</MAX_VALUE>
		<MIN_VALUE>[0.07223035395145416, 0.04084392637014389, 0.022916244342923164, 0.012107676826417446, 0.0017148175975307822, 0.0034296351950615644]</MIN_VALUE>
		<SIGNATURE_THRESHOLD_MD>0.0</SIGNATURE_THRESHOLD_MD>
		<SIGNATURE_THRESHOLD_ML>0.0</SIGNATURE_THRESHOLD_ML>
		<SIGNATURE_THRESHOLD_SAM>0.0</SIGNATURE_THRESHOLD_SAM>
	</signature>
	<signature ID="20200824_144202723933_160">
		<MACROCLASSID>1</MACROCLASSID>
		<MACROCLASSINFO>waterbody</MACROCLASSINFO>
		<CLASSID>3</CLASSID>
		<CLASSINFO>C 1</CLASSINFO>
		<VALUES>[0.23220903969872722, 0.014744311136669089, 0.2223447879950653, 0.01566869858683116, 0.23052623469840297, 0.016772985037499608, 0.2550033756616819, 0.016101282379281913, 0.2603943920626044, 0.01598042041232583, 0.22902009032221482, 0.0160513977136769]</VALUES>
		<LCS_MIN>[0.19777609407901764, 0.1881626844406128, 0.19632108509540558, 0.2181980311870575, 0.2238621562719345, 0.19359293580055237]</LCS_MIN>
		<LCS_MAX>[0.2633809745311737, 0.2624456286430359, 0.27395573258399963, 0.30170464515686035, 0.2986907362937927, 0.26512178778648376]</LCS_MAX>
		<WAVELENGTH>[0.48, 0.56, 0.655, 0.865, 1.61, 2.2]</WAVELENGTH>
		<MEAN_VALUE>[0.23220903969872722, 0.2223447879950653, 0.23052623469840297, 0.2550033756616819, 0.2603943920626044, 0.22902009032221482]</MEAN_VALUE>
		<CHECKBOX>2</CHECKBOX>
		<SD>[0.014744311136669089, 0.01566869858683116, 0.016772985037499608, 0.016101282379281913, 0.01598042041232583, 0.0160513977136769]</SD>
		<WAVELENGTH_UNIT>E-6m</WAVELENGTH_UNIT>
		<COLOR>#5734f5</COLOR>
		<COVARIANCE_MATRIX>[[0.0002176400739699602, 0.00022669504687655717, 0.00024151121033355594, 0.00021169787214603275, 0.00019708051695488393, 0.0002132012596121058], [0.00022669504687655717, 0.0002457852242514491, 0.00026191561482846737, 0.00023286057694349438, 0.00021821571863256395, 0.00023200156283564866], [0.00024151121033355594, 0.00026191561482846737, 0.000281650573015213, 0.0002566675248090178, 0.0002411374734947458, 0.00025300777633674443], [0.00021169787214603275, 0.00023286057694349438, 0.0002566675248090178, 0.0002595439145807177, 0.0002478313399478793, 0.00024599299649707973], [0.00019708051695488393, 0.00021821571863256395, 0.0002411374734947458, 0.0002478313399478793, 0.000255662074778229, 0.00025117117911577225], [0.0002132012596121058, 0.00023200156283564866, 0.00025300777633674443, 0.00024599299649707973, 0.00025117117911577225, 0.0002579381689429283]]</COVARIANCE_MATRIX>
		<ROI_SIZE>887</ROI_SIZE>
		<MAX_VALUE>[0.2633809745311737, 0.2624456286430359, 0.27395573258399963, 0.30170464515686035, 0.2986907362937927, 0.26512178778648376]</MAX_VALUE>
		<MIN_VALUE>[0.19777609407901764, 0.1881626844406128, 0.19632108509540558, 0.2181980311870575, 0.2238621562719345, 0.19359293580055237]</MIN_VALUE>
		<SIGNATURE_THRESHOLD_MD>0.0</SIGNATURE_THRESHOLD_MD>
		<SIGNATURE_THRESHOLD_ML>0.0</SIGNATURE_THRESHOLD_ML>
		<SIGNATURE_THRESHOLD_SAM>0.0</SIGNATURE_THRESHOLD_SAM>
	</signature>
	<signature ID="20200824_144221170779_787">
		<MACROCLASSID>1</MACROCLASSID>
		<MACROCLASSINFO>waterbody</MACROCLASSINFO>
		<CLASSID>4</CLASSID>
		<CLASSINFO>C 1</CLASSINFO>
		<VALUES>[0.09832263604340805, 0.0017116295268490512, 0.08440231466554549, 0.005250606527288203, 0.060823053225459306, 0.0023985826248814485, 0.027565703204131712, 0.01195729520850392, 0.009871656512952891, 0.005856633629583793, 0.005769479714623426, 0.003384056352144845]</VALUES>
		<LCS_MIN>[0.09223659336566925, 0.06885267794132233, 0.05669303238391876, 0.013172939419746399, 0.0036374940536916256, 0.0032737436704337597]</LCS_MIN>
		<LCS_MAX>[0.10650080442428589, 0.09137920290231705, 0.07438687980175018, 0.07059348374605179, 0.04094786196947098, 0.027177313342690468]</LCS_MAX>
		<WAVELENGTH>[0.48, 0.56, 0.655, 0.865, 1.61, 2.2]</WAVELENGTH>
		<MEAN_VALUE>[0.09832263604340805, 0.08440231466554549, 0.060823053225459306, 0.027565703204131712, 0.009871656512952891, 0.005769479714623426]</MEAN_VALUE>
		<CHECKBOX>2</CHECKBOX>
		<SD>[0.0017116295268490512, 0.005250606527288203, 0.0023985826248814485, 0.01195729520850392, 0.005856633629583793, 0.003384056352144845]</SD>
		<WAVELENGTH_UNIT>E-6m</WAVELENGTH_UNIT>
		<COLOR>#1b625d</COLOR>
		<COVARIANCE_MATRIX>[[2.9413943138933973e-06, 8.20854529592907e-06, -4.933602681944649e-08, -8.154362149070948e-06, 3.7952327147650067e-07, 3.239112231767649e-07], [8.20854529592907e-06, 2.7679145205183886e-05, -2.314897301403107e-06, -2.94322962872684e-05, -2.2747365164832445e-06, -1.7730027366269496e-06], [-4.933602681944649e-08, -2.314897301403107e-06, 5.776211310148938e-06, 1.3393277185969055e-05, 3.5746982121054316e-06, 2.925164608313935e-06], [-8.154362149070948e-06, -2.94322962872684e-05, 1.3393277185969055e-05, 0.00014354882296174765, 5.522781430045143e-05, 3.126689261989668e-05], [3.7952327147650067e-07, -2.2747365164832445e-06, 3.5746982121054316e-06, 5.522781430045143e-05, 3.4437358408467844e-05, 1.9387063730391674e-05], [3.239112231767649e-07, -1.7730027366269496e-06, 2.925164608313935e-06, 3.126689261989668e-05, 1.9387063730391674e-05, 1.1497644663904794e-05]]</COVARIANCE_MATRIX>
		<ROI_SIZE>251</ROI_SIZE>
		<MAX_VALUE>[0.10650080442428589, 0.09137920290231705, 0.07438687980175018, 0.07059348374605179, 0.04094786196947098, 0.027177313342690468]</MAX_VALUE>
		<MIN_VALUE>[0.09223659336566925, 0.06885267794132233, 0.05669303238391876, 0.013172939419746399, 0.0036374940536916256, 0.0032737436704337597]</MIN_VALUE>
		<SIGNATURE_THRESHOLD_MD>0.0</SIGNATURE_THRESHOLD_MD>
		<SIGNATURE_THRESHOLD_ML>0.0</SIGNATURE_THRESHOLD_ML>
		<SIGNATURE_THRESHOLD_SAM>0.0</SIGNATURE_THRESHOLD_SAM>
	</signature>
	<signature ID="20200824_144234474890_462">
		<MACROCLASSID>1</MACROCLASSID>
		<MACROCLASSINFO>waterbody</MACROCLASSINFO>
		<CLASSID>5</CLASSID>
		<CLASSINFO>C 1</CLASSINFO>
		<VALUES>[0.12484280821786908, 0.003865088607951822, 0.10327149685566805, 0.004801209032109522, 0.09561922826667123, 0.00580646581783649, 0.09613458479418967, 0.00964433129136532, 0.05666210335031684, 0.017335202756185327, 0.038642893467325405, 0.012069462837260632]</VALUES>
		<LCS_MIN>[0.11133348196744919, 0.09205472469329834, 0.08083044737577438, 0.0734255313873291, 0.01995428279042244, 0.014783833175897598]</LCS_MIN>
		<LCS_MAX>[0.13952410221099854, 0.12393482774496078, 0.11728338152170181, 0.13144366443157196, 0.08810544013977051, 0.0737113356590271]</LCS_MAX>
		<WAVELENGTH>[0.48, 0.56, 0.655, 0.865, 1.61, 2.2]</WAVELENGTH>
		<MEAN_VALUE>[0.12484280821786908, 0.10327149685566805, 0.09561922826667123, 0.09613458479418967, 0.05666210335031684, 0.038642893467325405]</MEAN_VALUE>
		<CHECKBOX>2</CHECKBOX>
		<SD>[0.003865088607951822, 0.004801209032109522, 0.00580646581783649, 0.00964433129136532, 0.017335202756185327, 0.012069462837260632]</SD>
		<WAVELENGTH_UNIT>E-6m</WAVELENGTH_UNIT>
		<COLOR>#af00c8</COLOR>
		<COVARIANCE_MATRIX>[[1.4976922102505341e-05, 1.7881469830172136e-05, 2.1572439436567947e-05, 2.3996337404241785e-05, 4.8472189519088715e-05, 3.692126483656466e-05], [1.7881469830172136e-05, 2.3110264010028914e-05, 2.77330673270626e-05, 3.412038495298475e-05, 6.343601125990972e-05, 4.711284418590367e-05], [2.1572439436567947e-05, 2.77330673270626e-05, 3.3800835808506235e-05, 4.051895666634664e-05, 7.547469431301579e-05, 5.590026921709068e-05], [2.3996337404241785e-05, 3.412038495298475e-05, 4.051895666634664e-05, 9.324980055680498e-05, 0.00015087878273334354, 0.00010117949568666518], [4.8472189519088715e-05, 6.343601125990972e-05, 7.547469431301579e-05, 0.00015087878273334354, 0.0003012739180121571, 0.00020579012925736606], [3.692126483656466e-05, 4.711284418590367e-05, 5.590026921709068e-05, 0.00010117949568666518, 0.00020579012925736606, 0.0001460425992263481]]</COVARIANCE_MATRIX>
		<ROI_SIZE>394</ROI_SIZE>
		<MAX_VALUE>[0.13952410221099854, 0.12393482774496078, 0.11728338152170181, 0.13144366443157196, 0.08810544013977051, 0.0737113356590271]</MAX_VALUE>
		<MIN_VALUE>[0.11133348196744919, 0.09205472469329834, 0.08083044737577438, 0.0734255313873291, 0.01995428279042244, 0.014783833175897598]</MIN_VALUE>
		<SIGNATURE_THRESHOLD_MD>0.0</SIGNATURE_THRESHOLD_MD>
		<SIGNATURE_THRESHOLD_ML>0.0</SIGNATURE_THRESHOLD_ML>
		<SIGNATURE_THRESHOLD_SAM>0.0</SIGNATURE_THRESHOLD_SAM>
	</signature>
	<signature ID="20200824_144242139399_173">
		<MACROCLASSID>1</MACROCLASSID>
		<MACROCLASSINFO>waterbody</MACROCLASSINFO>
		<CLASSID>6</CLASSID>
		<CLASSINFO>C 1</CLASSINFO>
		<VALUES>[0.08497911213703885, 0.0012354651219531932, 0.058145020287634505, 0.0018570476130018955, 0.03463100583726829, 0.002241511475632025, 0.023328668002360515, 0.008147783638686243, 0.011106100198850433, 0.00781602669513277, 0.0066012801248530005, 0.004672313184001041]</VALUES>
		<LCS_MIN>[0.08285704255104065, 0.05583561956882477, 0.03154231980443001, 0.01135418750345707, 0.00524838687852025, 0.003221776569262147]</LCS_MIN>
		<LCS_MAX>[0.09704329818487167, 0.07451678812503815, 0.05487428978085518, 0.06718982756137848, 0.05560179054737091, 0.032919373363256454]</LCS_MAX>
		<WAVELENGTH>[0.48, 0.56, 0.655, 0.865, 1.61, 2.2]</WAVELENGTH>
		<MEAN_VALUE>[0.08497911213703885, 0.058145020287634505, 0.03463100583726829, 0.023328668002360515, 0.011106100198850433, 0.0066012801248530005]</MEAN_VALUE>
		<CHECKBOX>2</CHECKBOX>
		<SD>[0.0012354651219531932, 0.0018570476130018955, 0.002241511475632025, 0.008147783638686243, 0.00781602669513277, 0.004672313184001041]</SD>
		<WAVELENGTH_UNIT>E-6m</WAVELENGTH_UNIT>
		<COLOR>#289432</COLOR>
		<COVARIANCE_MATRIX>[[1.5284339269783231e-06, 2.1356408979045227e-06, 2.484501465005451e-06, 6.535885404446162e-06, 7.244344942591852e-06, 4.524525138549507e-06], [2.1356408979045227e-06, 3.453279759924044e-06, 3.986938281741459e-06, 1.1770741366490256e-05, 1.1987236575805582e-05, 7.416933840431739e-06], [2.484501465005451e-06, 3.986938281741459e-06, 5.031154159951257e-06, 1.4907256627338938e-05, 1.4490571629721671e-05, 8.958155376603827e-06], [6.535885404446162e-06, 1.1770741366490256e-05, 1.4907256627338938e-05, 6.647597183473408e-05, 5.8500223531154916e-05, 3.430467040743679e-05], [7.244344942591852e-06, 1.1987236575805582e-05, 1.4490571629721671e-05, 5.8500223531154916e-05, 6.117271550465375e-05, 3.6064080632058904e-05], [4.524525138549507e-06, 7.416933840431739e-06, 8.958155376603827e-06, 3.430467040743679e-05, 3.6064080632058904e-05, 2.1859970729565248e-05]]</COVARIANCE_MATRIX>
		<ROI_SIZE>742</ROI_SIZE>
		<MAX_VALUE>[0.09704329818487167, 0.07451678812503815, 0.05487428978085518, 0.06718982756137848, 0.05560179054737091, 0.032919373363256454]</MAX_VALUE>
		<MIN_VALUE>[0.08285704255104065, 0.05583561956882477, 0.03154231980443001, 0.01135418750345707, 0.00524838687852025, 0.003221776569262147]</MIN_VALUE>
		<SIGNATURE_THRESHOLD_MD>0.0</SIGNATURE_THRESHOLD_MD>
		<SIGNATURE_THRESHOLD_ML>0.0</SIGNATURE_THRESHOLD_ML>
		<SIGNATURE_THRESHOLD_SAM>0.0</SIGNATURE_THRESHOLD_SAM>
	</signature>
	<signature ID="20200824_144301952156_423">
		<MACROCLASSID>1</MACROCLASSID>
		<MACROCLASSINFO>waterbody</MACROCLASSINFO>
		<CLASSID>7</CLASSID>
		<CLASSINFO>C 1</CLASSINFO>
		<VALUES>[0.1195700093190752, 0.005393427523937622, 0.12169984481571358, 0.008488567171286123, 0.0934834279777373, 0.011913661265507858, 0.040347015571908375, 0.011032338468153406, 0.014921387037782768, 0.008572523738371352, 0.008874042825910323, 0.005066938347237319]</VALUES>
		<LCS_MIN>[0.10928089171648026, 0.10481195896863937, 0.07082731276750565, 0.029567675665020943, 0.006989193148910999, 0.004390973597764969]</LCS_MIN>
		<LCS_MAX>[0.1266889125108719, 0.13417179882526398, 0.10894311219453812, 0.08093436807394028, 0.058745622634887695, 0.036037225276231766]</LCS_MAX>
		<WAVELENGTH>[0.48, 0.56, 0.655, 0.865, 1.61, 2.2]</WAVELENGTH>
		<MEAN_VALUE>[0.1195700093190752, 0.12169984481571358, 0.0934834279777373, 0.040347015571908375, 0.014921387037782768, 0.008874042825910323]</MEAN_VALUE>
		<CHECKBOX>2</CHECKBOX>
		<SD>[0.005393427523937622, 0.008488567171286123, 0.011913661265507858, 0.011032338468153406, 0.008572523738371352, 0.005066938347237319]</SD>
		<WAVELENGTH_UNIT>E-6m</WAVELENGTH_UNIT>
		<COLOR>#f9aea5</COLOR>
		<COVARIANCE_MATRIX>[[2.8894673960166983e-05, 4.2891169869108126e-05, 6.328611925709993e-05, 3.4248614610987715e-06, -3.640704790086602e-06, -2.431798520774464e-06], [4.2891169869108126e-05, 6.590387056348845e-05, 9.54623828874901e-05, 3.5931795991928084e-06, -6.912743174325442e-06, -4.674558567785425e-06], [6.328611925709993e-05, 9.54623828874901e-05, 0.00014352203288581222, 1.4061160072742496e-05, -4.018196250399342e-06, -3.2859759357961593e-06], [3.4248614610987715e-06, 3.5931795991928084e-06, 1.4061160072742496e-05, 0.00011377761256881058, 8.023228292586282e-05, 4.492611333262175e-05], [-3.640704790086602e-06, -6.912743174325442e-06, -4.018196250399342e-06, 8.023228292586282e-05, 7.761875895084813e-05, 4.3988082325086e-05], [-2.431798520774464e-06, -4.674558567785425e-06, -3.2859759357961593e-06, 4.492611333262175e-05, 4.3988082325086e-05, 2.6957834052154794e-05]]</COVARIANCE_MATRIX>
		<ROI_SIZE>894</ROI_SIZE>
		<MAX_VALUE>[0.1266889125108719, 0.13417179882526398, 0.10894311219453812, 0.08093436807394028, 0.058745622634887695, 0.036037225276231766]</MAX_VALUE>
		<MIN_VALUE>[0.10928089171648026, 0.10481195896863937, 0.07082731276750565, 0.029567675665020943, 0.006989193148910999, 0.004390973597764969]</MIN_VALUE>
		<SIGNATURE_THRESHOLD_MD>0.0</SIGNATURE_THRESHOLD_MD>
		<SIGNATURE_THRESHOLD_ML>0.0</SIGNATURE_THRESHOLD_ML>
		<SIGNATURE_THRESHOLD_SAM>0.0</SIGNATURE_THRESHOLD_SAM>
	</signature>
	<signature ID="20200824_144312823458_127">
		<MACROCLASSID>1</MACROCLASSID>
		<MACROCLASSINFO>waterbody</MACROCLASSINFO>
		<CLASSID>8</CLASSID>
		<CLASSINFO>C 1</CLASSINFO>
		<VALUES>[0.1213215856853118, 0.002470418512175259, 0.12355889753744857, 0.006475657248719728, 0.09676345217465555, 0.005032572562428316, 0.04360743970966025, 0.013164919651440345, 0.022254693165245126, 0.012895147524759915, 0.015764941079456952, 0.009538135560444614]</VALUES>
		<LCS_MIN>[0.10980052500963211, 0.09421125054359436, 0.07659535855054855, 0.014160266146063805, 0.0, 0.0008833923493511975]</LCS_MIN>
		<LCS_MAX>[0.12713061273097992, 0.13193731009960175, 0.11632205545902252, 0.08322080224752426, 0.058199990540742874, 0.04866454377770424]</LCS_MAX>
		<WAVELENGTH>[0.48, 0.56, 0.655, 0.865, 1.61, 2.2]</WAVELENGTH>
		<MEAN_VALUE>[0.1213215856853118, 0.12355889753744857, 0.09676345217465555, 0.04360743970966025, 0.022254693165245126, 0.015764941079456952]</MEAN_VALUE>
		<CHECKBOX>2</CHECKBOX>
		<SD>[0.002470418512175259, 0.006475657248719728, 0.005032572562428316, 0.013164919651440345, 0.012895147524759915, 0.009538135560444614]</SD>
		<WAVELENGTH_UNIT>E-6m</WAVELENGTH_UNIT>
		<COLOR>#96b65b</COLOR>
		<COVARIANCE_MATRIX>[[6.123310868133558e-06, 1.3977105481899343e-05, 1.1367263141437434e-05, -7.998251930985134e-06, -7.431470748997526e-06, -4.198343503958313e-06], [1.3977105481899343e-05, 4.207391611998901e-05, 2.8716436645481735e-05, -3.3678712497930974e-05, -3.251722228014842e-05, -2.1665637177648023e-05], [1.1367263141437434e-05, 2.8716436645481735e-05, 2.5411209207959473e-05, -3.5523773931345204e-06, -4.198503120278474e-06, -1.0807647186084068e-06], [-7.998251930985134e-06, -3.3678712497930974e-05, -3.5523773931345204e-06, 0.0001738928258419037, 0.00014397174527402967, 0.00010201768600381911], [-7.431470748997526e-06, -3.251722228014842e-05, -4.198503120278474e-06, 0.00014397174527402967, 0.0001668391196290031, 0.00011947480379603803], [-4.198343503958313e-06, -2.1665637177648023e-05, -1.0807647186084068e-06, 0.00010201768600381911, 0.00011947480379603803, 9.127928205998614e-05]]</COVARIANCE_MATRIX>
		<ROI_SIZE>301</ROI_SIZE>
		<MAX_VALUE>[0.12713061273097992, 0.13193731009960175, 0.11632205545902252, 0.08322080224752426, 0.058199990540742874, 0.04866454377770424]</MAX_VALUE>
		<MIN_VALUE>[0.10980052500963211, 0.09421125054359436, 0.07659535855054855, 0.014160266146063805, 0.0, 0.0008833923493511975]</MIN_VALUE>
		<SIGNATURE_THRESHOLD_MD>0.0</SIGNATURE_THRESHOLD_MD>
		<SIGNATURE_THRESHOLD_ML>0.0</SIGNATURE_THRESHOLD_ML>
		<SIGNATURE_THRESHOLD_SAM>0.0</SIGNATURE_THRESHOLD_SAM>
	</signature>
	<signature ID="20200824_144326623571_598">
		<MACROCLASSID>1</MACROCLASSID>
		<MACROCLASSINFO>waterbody</MACROCLASSINFO>
		<CLASSID>9</CLASSID>
		<CLASSINFO>C 1</CLASSINFO>
		<VALUES>[0.1033969524444318, 0.004536603033662259, 0.100005263645275, 0.008609316421429808, 0.0710993661161731, 0.011717751616444947, 0.04963047322178004, 0.01661862955242844, 0.021032030442809487, 0.011072454394881153, 0.01343913090771393, 0.00703246504697792]</VALUES>
		<LCS_MIN>[0.09855027496814728, 0.08901480585336685, 0.05877159908413887, 0.014368114992976189, 0.0, 0.002260438399389386]</LCS_MIN>
		<LCS_MAX>[0.11678972840309143, 0.12388284504413605, 0.10437025874853134, 0.08935259282588959, 0.05560179054737091, 0.04401373490691185]</LCS_MAX>
		<WAVELENGTH>[0.48, 0.56, 0.655, 0.865, 1.61, 2.2]</WAVELENGTH>
		<MEAN_VALUE>[0.1033969524444318, 0.100005263645275, 0.0710993661161731, 0.04963047322178004, 0.021032030442809487, 0.01343913090771393]</MEAN_VALUE>
		<CHECKBOX>2</CHECKBOX>
		<SD>[0.004536603033662259, 0.008609316421429808, 0.011717751616444947, 0.01661862955242844, 0.011072454394881153, 0.00703246504697792]</SD>
		<WAVELENGTH_UNIT>E-6m</WAVELENGTH_UNIT>
		<COLOR>#9d70a2</COLOR>
		<COVARIANCE_MATRIX>[[2.0784536900464445e-05, 3.812921204371378e-05, 5.296714880387299e-05, 3.907459904439747e-05, 1.4844495126453694e-05, 1.1184887625859119e-05], [3.812921204371378e-05, 7.485419337172061e-05, 9.771700570126995e-05, 5.662361945724115e-05, 1.7579903214937076e-05, 1.429286930942908e-05], [5.296714880387299e-05, 9.771700570126995e-05, 0.00013866517110727727, 0.00010650273907231167, 4.460616037249565e-05, 3.3291671570623294e-05], [3.907459904439747e-05, 5.662361945724115e-05, 0.00010650273907231167, 0.0002789132995530963, 0.0001553084293846041, 9.414902160642669e-05], [1.4844495126453694e-05, 1.7579903214937076e-05, 4.460616037249565e-05, 0.0001553084293846041, 0.0001238130935234949, 7.499234197894111e-05], [1.1184887625859119e-05, 1.429286930942908e-05, 3.3291671570623294e-05, 9.414902160642669e-05, 7.499234197894111e-05, 4.9945225327974185e-05]]</COVARIANCE_MATRIX>
		<ROI_SIZE>102</ROI_SIZE>
		<MAX_VALUE>[0.11678972840309143, 0.12388284504413605, 0.10437025874853134, 0.08935259282588959, 0.05560179054737091, 0.04401373490691185]</MAX_VALUE>
		<MIN_VALUE>[0.09855027496814728, 0.08901480585336685, 0.05877159908413887, 0.014368114992976189, 0.0, 0.002260438399389386]</MIN_VALUE>
		<SIGNATURE_THRESHOLD_MD>0.0</SIGNATURE_THRESHOLD_MD>
		<SIGNATURE_THRESHOLD_ML>0.0</SIGNATURE_THRESHOLD_ML>
		<SIGNATURE_THRESHOLD_SAM>0.0</SIGNATURE_THRESHOLD_SAM>
	</signature>
	<signature ID="20200824_144336980906_331">
		<MACROCLASSID>1</MACROCLASSID>
		<MACROCLASSINFO>waterbody</MACROCLASSINFO>
		<CLASSID>10</CLASSID>
		<CLASSINFO>C 1</CLASSINFO>
		<VALUES>[0.1277655499759099, 0.0021935453230503845, 0.13092074641920867, 0.003020220501612816, 0.11236949447567103, 0.003733848706664912, 0.051389061407932375, 0.012443513616179278, 0.022051779806169836, 0.011668972462716308, 0.014632931833358967, 0.00805811331073689]</VALUES>
		<LCS_MIN>[0.12097284197807312, 0.1192840188741684, 0.10000525414943695, 0.03840159997344017, 0.008262314833700657, 0.004572853446006775]</LCS_MIN>
		<LCS_MAX>[0.13375607132911682, 0.13715973496437073, 0.12603937089443207, 0.09127526730298996, 0.06170758232474327, 0.04570258408784866]</LCS_MAX>
		<WAVELENGTH>[0.48, 0.56, 0.655, 0.865, 1.61, 2.2]</WAVELENGTH>
		<MEAN_VALUE>[0.1277655499759099, 0.13092074641920867, 0.11236949447567103, 0.051389061407932375, 0.022051779806169836, 0.014632931833358967]</MEAN_VALUE>
		<CHECKBOX>2</CHECKBOX>
		<SD>[0.0021935453230503845, 0.003020220501612816, 0.003733848706664912, 0.012443513616179278, 0.011668972462716308, 0.00805811331073689]</SD>
		<WAVELENGTH_UNIT>E-6m</WAVELENGTH_UNIT>
		<COLOR>#53f1df</COLOR>
		<COVARIANCE_MATRIX>[[5.333449280442437e-06, 6.374899840011494e-06, 7.3324099503224716e-06, 2.4926650894485647e-06, -3.7715903999924194e-07, -1.5411693254918646e-07], [6.374899840011494e-06, 9.666598089097533e-06, 9.391660569235682e-06, -3.900852334481897e-06, -5.538273398997262e-06, -3.265256054874044e-06], [7.3324099503224716e-06, 9.391660569235682e-06, 1.4176534932630602e-05, 7.121052931324812e-06, 3.35586855726433e-06, 3.3347546377626713e-06], [2.4926650894485647e-06, -3.900852334481897e-06, 7.121052931324812e-06, 0.0001497873745393008, 0.00012354050704743713, 8.155938849085942e-05], [-3.7715903999924194e-07, -5.538273398997262e-06, 3.35586855726433e-06, 0.00012354050704743713, 0.0001231614442076534, 8.50584838190116e-05], [-1.5411693254918646e-07, -3.265256054874044e-06, 3.3347546377626713e-06, 8.155938849085942e-05, 8.50584838190116e-05, 6.363120337482542e-05]]</COVARIANCE_MATRIX>
		<ROI_SIZE>528</ROI_SIZE>
		<MAX_VALUE>[0.13375607132911682, 0.13715973496437073, 0.12603937089443207, 0.09127526730298996, 0.06170758232474327, 0.04570258408784866]</MAX_VALUE>
		<MIN_VALUE>[0.12097284197807312, 0.1192840188741684, 0.10000525414943695, 0.03840159997344017, 0.008262314833700657, 0.004572853446006775]</MIN_VALUE>
		<SIGNATURE_THRESHOLD_MD>0.0</SIGNATURE_THRESHOLD_MD>
		<SIGNATURE_THRESHOLD_ML>0.0</SIGNATURE_THRESHOLD_ML>
		<SIGNATURE_THRESHOLD_SAM>0.0</SIGNATURE_THRESHOLD_SAM>
	</signature>
	<signature ID="20200824_144420002134_613">
		<MACROCLASSID>1</MACROCLASSID>
		<MACROCLASSINFO>waterbody</MACROCLASSINFO>
		<CLASSID>11</CLASSID>
		<CLASSINFO>C 1</CLASSINFO>
		<VALUES>[0.11007720735427494, 0.010435678343327348, 0.09693586081266403, 0.013035356016595308, 0.08387737610452883, 0.01602321152307272, 0.1195375162201959, 0.033848752742424604, 0.08419196851350168, 0.021895746318101546, 0.05442345595440348, 0.015425988423670798]</VALUES>
		<LCS_MIN>[0.08348062634468079, 0.06711187213659286, 0.04944402351975441, 0.06641034781932831, 0.05292561650276184, 0.03377678617835045]</LCS_MIN>
		<LCS_MAX>[0.13237901031970978, 0.12390884757041931, 0.12216804176568985, 0.19255366921424866, 0.1368999034166336, 0.09842035919427872]</LCS_MAX>
		<WAVELENGTH>[0.48, 0.56, 0.655, 0.865, 1.61, 2.2]</WAVELENGTH>
		<MEAN_VALUE>[0.11007720735427494, 0.09693586081266403, 0.08387737610452883, 0.1195375162201959, 0.08419196851350168, 0.05442345595440348]</MEAN_VALUE>
		<CHECKBOX>2</CHECKBOX>
		<SD>[0.010435678343327348, 0.013035356016595308, 0.01602321152307272, 0.033848752742424604, 0.021895746318101546, 0.015425988423670798]</SD>
		<WAVELENGTH_UNIT>E-6m</WAVELENGTH_UNIT>
		<COLOR>#9eca15</COLOR>
		<COVARIANCE_MATRIX>[[0.00011192847887286916, 0.00013589866284746677, 0.00016423531633336097, -7.61447154218331e-05, 7.521056977566332e-05, 0.0001060323920683004], [0.00013589866284746677, 0.0001746405177982524, 0.00020819409110117704, -0.000106846506241709, 9.400797716807574e-05, 0.00013052836584392935], [0.00016423531633336097, 0.00020819409110117704, 0.0002638750593177974, -7.5006035331171e-05, 0.00013774163380730897, 0.00017733318964019418], [-7.61447154218331e-05, -0.000106846506241709, -7.5006035331171e-05, 0.0011775641469284892, 0.0005847719148732722, 0.0002672343689482659], [7.521056977566332e-05, 9.400797716807574e-05, 0.00013774163380730897, 0.0005847719148732722, 0.000492741004563868, 0.0003140915068797767], [0.0001060323920683004, 0.00013052836584392935, 0.00017733318964019418, 0.0002672343689482659, 0.0003140915068797767, 0.00024457115796394646]]</COVARIANCE_MATRIX>
		<ROI_SIZE>37</ROI_SIZE>
		<MAX_VALUE>[0.13237901031970978, 0.12390884757041931, 0.12216804176568985, 0.19255366921424866, 0.1368999034166336, 0.09842035919427872]</MAX_VALUE>
		<MIN_VALUE>[0.08348062634468079, 0.06711187213659286, 0.04944402351975441, 0.06641034781932831, 0.05292561650276184, 0.03377678617835045]</MIN_VALUE>
		<SIGNATURE_THRESHOLD_MD>0.0</SIGNATURE_THRESHOLD_MD>
		<SIGNATURE_THRESHOLD_ML>0.0</SIGNATURE_THRESHOLD_ML>
		<SIGNATURE_THRESHOLD_SAM>0.0</SIGNATURE_THRESHOLD_SAM>
	</signature>
	<signature ID="20200824_144434905146_665">
		<MACROCLASSID>1</MACROCLASSID>
		<MACROCLASSINFO>waterbody</MACROCLASSINFO>
		<CLASSID>12</CLASSID>
		<CLASSINFO>C 1</CLASSINFO>
		<VALUES>[0.10845755959873074, 0.006514310657943623, 0.0928885190227589, 0.008667593592491552, 0.07116103665782257, 0.012086898711509687, 0.07274763356265312, 0.024696230632877618, 0.04552205980985195, 0.022267436731545104, 0.028129545016238443, 0.01509945225146916]</VALUES>
		<LCS_MIN>[0.08579302579164505, 0.06129186227917671, 0.03712848573923111, 0.030970709398388863, 0.011380176059901714, 0.007274997420608997]</LCS_MIN>
		<LCS_MAX>[0.11995955556631088, 0.10553945600986481, 0.09439311921596527, 0.12177830189466476, 0.09893999248743057, 0.06646232306957245]</LCS_MAX>
		<WAVELENGTH>[0.48, 0.56, 0.655, 0.865, 1.61, 2.2]</WAVELENGTH>
		<MEAN_VALUE>[0.10845755959873074, 0.0928885190227589, 0.07116103665782257, 0.07274763356265312, 0.04552205980985195, 0.028129545016238443]</MEAN_VALUE>
		<CHECKBOX>2</CHECKBOX>
		<SD>[0.006514310657943623, 0.008667593592491552, 0.012086898711509687, 0.024696230632877618, 0.022267436731545104, 0.01509945225146916]</SD>
		<WAVELENGTH_UNIT>E-6m</WAVELENGTH_UNIT>
		<COLOR>#dc0c28</COLOR>
		<COVARIANCE_MATRIX>[[4.299461579648778e-05, 5.598193820333108e-05, 7.351010572165251e-05, 2.9579912734334357e-05, 7.160763198044151e-05, 6.156249583000317e-05], [5.598193820333108e-05, 7.611569162691012e-05, 9.471760131418705e-05, 4.454644658835605e-05, 9.524112101644278e-05, 7.95325031504035e-05], [7.351010572165251e-05, 9.471760131418705e-05, 0.0001480154023738578, 0.00010829768871190026, 0.00019056422752328217, 0.0001499540521763265], [2.9579912734334357e-05, 4.454644658835605e-05, 0.00010829768871190026, 0.0006179288611747324, 0.00047533083125017583, 0.0002818832581397146], [7.160763198044151e-05, 9.524112101644278e-05, 0.00019056422752328217, 0.00047533083125017583, 0.000502362905535847, 0.0003317891387268901], [6.156249583000317e-05, 7.95325031504035e-05, 0.0001499540521763265, 0.0002818832581397146, 0.0003317891387268901, 0.00023099337704479694]]</COVARIANCE_MATRIX>
		<ROI_SIZE>77</ROI_SIZE>
		<MAX_VALUE>[0.11995955556631088, 0.10553945600986481, 0.09439311921596527, 0.12177830189466476, 0.09893999248743057, 0.06646232306957245]</MAX_VALUE>
		<MIN_VALUE>[0.08579302579164505, 0.06129186227917671, 0.03712848573923111, 0.030970709398388863, 0.011380176059901714, 0.007274997420608997]</MIN_VALUE>
		<SIGNATURE_THRESHOLD_MD>0.0</SIGNATURE_THRESHOLD_MD>
		<SIGNATURE_THRESHOLD_ML>0.0</SIGNATURE_THRESHOLD_ML>
		<SIGNATURE_THRESHOLD_SAM>0.0</SIGNATURE_THRESHOLD_SAM>
	</signature>
	<signature ID="20200824_144448964275_678">
		<MACROCLASSID>1</MACROCLASSID>
		<MACROCLASSINFO>waterbody</MACROCLASSINFO>
		<CLASSID>13</CLASSID>
		<CLASSINFO>C 1</CLASSINFO>
		<VALUES>[0.08093081495728922, 0.0015022565087888361, 0.05526400166585148, 0.001978571295949298, 0.02863474746453594, 0.001715378884635873, 0.020364786794812573, 0.007531252720507275, 0.007039754848051718, 0.004480340785158636, 0.0037518043355900363, 0.002167889258300779]</VALUES>
		<LCS_MIN>[0.07287989556789398, 0.04248080030083656, 0.024319278076291084, 0.010314904153347015, 0.0013250885531306267, 0.000649545225314796]</LCS_MIN>
		<LCS_MAX>[0.08649454265832901, 0.07093124091625214, 0.05248392000794411, 0.06646232306957245, 0.05193830654025078, 0.029593653976917267]</LCS_MAX>
		<WAVELENGTH>[0.48, 0.56, 0.655, 0.865, 1.61, 2.2]</WAVELENGTH>
		<MEAN_VALUE>[0.08093081495728922, 0.05526400166585148, 0.02863474746453594, 0.020364786794812573, 0.007039754848051718, 0.0037518043355900363]</MEAN_VALUE>
		<CHECKBOX>2</CHECKBOX>
		<SD>[0.0015022565087888361, 0.001978571295949298, 0.001715378884635873, 0.007531252720507275, 0.004480340785158636, 0.002167889258300779]</SD>
		<WAVELENGTH_UNIT>E-6m</WAVELENGTH_UNIT>
		<COLOR>#2807e0</COLOR>
		<COVARIANCE_MATRIX>[[2.045106384684914e-06, 2.631948291309527e-06, 1.366702690575039e-06, -1.3057341448075022e-06, 3.8519371514667e-07, 4.2680690626184514e-07], [2.631948291309527e-06, 4.440100383362733e-06, 3.1422746360476594e-06, 1.8681345181903453e-06, 3.396509328013053e-06, 2.149963165720692e-06], [1.366702690575039e-06, 3.1422746360476594e-06, 3.6341116356197745e-06, 7.290281700988999e-06, 6.478976047219476e-06, 3.5828998079523444e-06], [-1.3057341448075022e-06, 1.8681345181903453e-06, 7.290281700988999e-06, 6.063510591047816e-05, 3.488069705781527e-05, 1.6037951354519464e-05], [3.8519371514667e-07, 3.396509328013053e-06, 6.478976047219476e-06, 3.488069705781527e-05, 2.495758053555619e-05, 1.2119625353079755e-05], [4.2680690626184514e-07, 2.149963165720692e-06, 3.5828998079523444e-06, 1.6037951354519464e-05, 1.2119625353079755e-05, 6.2636668189952616e-06]]</COVARIANCE_MATRIX>
		<ROI_SIZE>3736</ROI_SIZE>
		<MAX_VALUE>[0.08649454265832901, 0.07093124091625214, 0.05248392000794411, 0.06646232306957245, 0.05193830654025078, 0.029593653976917267]</MAX_VALUE>
		<MIN_VALUE>[0.07287989556789398, 0.04248080030083656, 0.024319278076291084, 0.010314904153347015, 0.0013250885531306267, 0.000649545225314796]</MIN_VALUE>
		<SIGNATURE_THRESHOLD_MD>0.0</SIGNATURE_THRESHOLD_MD>
		<SIGNATURE_THRESHOLD_ML>0.0</SIGNATURE_THRESHOLD_ML>
		<SIGNATURE_THRESHOLD_SAM>0.0</SIGNATURE_THRESHOLD_SAM>
	</signature>
	<signature ID="20200824_144511135849_674">
		<MACROCLASSID>1</MACROCLASSID>
		<MACROCLASSINFO>waterbody</MACROCLASSINFO>
		<CLASSID>14</CLASSID>
		<CLASSINFO>C 1</CLASSINFO>
		<VALUES>[0.10496883488720807, 0.0074313874042124224, 0.06588354137397921, 0.011430582016121947, 0.0350693606165663, 0.006104352649999258, 0.018242780874903473, 0.0035752667382173485, 0.007248153699964648, 0.0017996378535447325, 0.004870441129538231, 0.0010904906462961262]</VALUES>
		<LCS_MIN>[0.09605598449707031, 0.05414678901433945, 0.029697587713599205, 0.01491374522447586, 0.005482224747538567, 0.003611515276134014]</LCS_MIN>
		<LCS_MAX>[0.1443827599287033, 0.13063819706439972, 0.08641660958528519, 0.06656623631715775, 0.046248216181993484, 0.025644367560744286]</LCS_MAX>
		<WAVELENGTH>[0.48, 0.56, 0.655, 0.865, 1.61, 2.2]</WAVELENGTH>
		<MEAN_VALUE>[0.10496883488720807, 0.06588354137397921, 0.0350693606165663, 0.018242780874903473, 0.007248153699964648, 0.004870441129538231]</MEAN_VALUE>
		<CHECKBOX>2</CHECKBOX>
		<SD>[0.0074313874042124224, 0.011430582016121947, 0.006104352649999258, 0.0035752667382173485, 0.0017996378535447325, 0.0010904906462961262]</SD>
		<WAVELENGTH_UNIT>E-6m</WAVELENGTH_UNIT>
		<COLOR>#c1dcc4</COLOR>
		<COVARIANCE_MATRIX>[[6.311449396889657e-05, 0.0001006226593744941, 4.931503644911572e-05, 1.630837141419761e-05, 6.6451057136873715e-06, 3.8020755255274707e-06], [0.0001006226593744941, 0.00016934903396759182, 8.706488006282598e-05, 2.922979365393985e-05, 1.2304315532674082e-05, 7.1233298513107e-06], [4.931503644911572e-05, 8.706488006282598e-05, 5.2199022320564836e-05, 1.8981023458763957e-05, 8.051699296629522e-06, 4.749136678583454e-06], [1.630837141419761e-05, 2.922979365393985e-05, 1.8981023458763957e-05, 1.4035203093953896e-05, 6.5391291173000354e-06, 3.949515757994959e-06], [6.6451057136873715e-06, 1.2304315532674082e-05, 8.051699296629522e-06, 6.5391291173000354e-06, 3.2820269098010613e-06, 1.9871338281518547e-06], [3.8020755255274707e-06, 7.1233298513107e-06, 4.749136678583454e-06, 3.949515757994959e-06, 1.9871338281518547e-06, 1.2470253523133579e-06]]</COVARIANCE_MATRIX>
		<ROI_SIZE>7402</ROI_SIZE>
		<MAX_VALUE>[0.1443827599287033, 0.13063819706439972, 0.08641660958528519, 0.06656623631715775, 0.046248216181993484, 0.025644367560744286]</MAX_VALUE>
		<MIN_VALUE>[0.09605598449707031, 0.05414678901433945, 0.029697587713599205, 0.01491374522447586, 0.005482224747538567, 0.003611515276134014]</MIN_VALUE>
		<SIGNATURE_THRESHOLD_MD>0.0</SIGNATURE_THRESHOLD_MD>
		<SIGNATURE_THRESHOLD_ML>0.0</SIGNATURE_THRESHOLD_ML>
		<SIGNATURE_THRESHOLD_SAM>0.0</SIGNATURE_THRESHOLD_SAM>
	</signature>
	<signature ID="20200824_144522604079_665">
		<MACROCLASSID>1</MACROCLASSID>
		<MACROCLASSINFO>waterbody</MACROCLASSINFO>
		<CLASSID>15</CLASSID>
		<CLASSINFO>C 1</CLASSINFO>
		<VALUES>[0.1126370430151295, 0.006952731252388558, 0.07615473958008769, 0.014394090339417534, 0.03826231217020877, 0.009834960405724085, 0.022024768402396665, 0.004223093766576252, 0.009960875306997949, 0.0021247671128537936, 0.006836024703148651, 0.0013133016378602408]</VALUES>
		<LCS_MIN>[0.10086266696453094, 0.05926527455449104, 0.030580980703234673, 0.017849726602435112, 0.007404901087284088, 0.00517044123262167]</LCS_MIN>
		<LCS_MAX>[0.14407098293304443, 0.1399398148059845, 0.09803061932325363, 0.07228231430053711, 0.04918419569730759, 0.029593653976917267]</LCS_MAX>
		<WAVELENGTH>[0.48, 0.56, 0.655, 0.865, 1.61, 2.2]</WAVELENGTH>
		<MEAN_VALUE>[0.1126370430151295, 0.07615473958008769, 0.03826231217020877, 0.022024768402396665, 0.009960875306997949, 0.006836024703148651]</MEAN_VALUE>
		<CHECKBOX>2</CHECKBOX>
		<SD>[0.006952731252388558, 0.014394090339417534, 0.009834960405724085, 0.004223093766576252, 0.0021247671128537936, 0.0013133016378602408]</SD>
		<WAVELENGTH_UNIT>E-6m</WAVELENGTH_UNIT>
		<COLOR>#e98aff</COLOR>
		<COVARIANCE_MATRIX>[[4.9767360906116664e-05, 0.00010339105210732669, 6.43724124529399e-05, 2.1698811906389892e-05, 9.336838047602214e-06, 5.3478988775168546e-06], [0.00010339105210732669, 0.00023353683354798704, 0.00015596559387631714, 4.940555663779378e-05, 2.1504240066860802e-05, 1.2347572010185104e-05], [6.43724124529399e-05, 0.00015596559387631714, 0.00011715317668858916, 3.669863144750707e-05, 1.653312756388914e-05, 9.785882866708562e-06], [2.1698811906389892e-05, 4.940555663779378e-05, 3.669863144750707e-05, 1.6173118638107553e-05, 7.585510957142105e-06, 4.529546913545346e-06], [9.336838047602214e-06, 2.1504240066860802e-05, 1.653312756388914e-05, 7.585510957142105e-06, 3.9767182897776365e-06, 2.427722165521118e-06], [5.3478988775168546e-06, 1.2347572010185104e-05, 9.785882866708562e-06, 4.529546913545346e-06, 2.427722165521118e-06, 1.544682277199172e-06]]</COVARIANCE_MATRIX>
		<ROI_SIZE>5640</ROI_SIZE>
		<MAX_VALUE>[0.14407098293304443, 0.1399398148059845, 0.09803061932325363, 0.07228231430053711, 0.04918419569730759, 0.029593653976917267]</MAX_VALUE>
		<MIN_VALUE>[0.10086266696453094, 0.05926527455449104, 0.030580980703234673, 0.017849726602435112, 0.007404901087284088, 0.00517044123262167]</MIN_VALUE>
		<SIGNATURE_THRESHOLD_MD>0.0</SIGNATURE_THRESHOLD_MD>
		<SIGNATURE_THRESHOLD_ML>0.0</SIGNATURE_THRESHOLD_ML>
		<SIGNATURE_THRESHOLD_SAM>0.0</SIGNATURE_THRESHOLD_SAM>
	</signature>
	<signature ID="20200824_144549742334_632">
		<MACROCLASSID>1</MACROCLASSID>
		<MACROCLASSINFO>waterbody</MACROCLASSINFO>
		<CLASSID>16</CLASSID>
		<CLASSINFO>C 1</CLASSINFO>
