<?xml version="1.0" ?>
<signaturelist MCID_LIST="[['1', 'waterbody', '#0000ff'], ['2', 'vegetation', '#00ff00'], ['4', 'builtup', '#ff0000'], ['3', 'barren', '#ffaa00']]">
	<signature ID="20190911_213934718500_330">
		<MACROCLASSID>1</MACROCLASSID>
		<MACROCLASSINFO>waterbody</MACROCLASSINFO>
		<CLASSID>33</CLASSID>
		<CLASSINFO>C 1</CLASSINFO>
		<VALUES>[826.7511595035113, 32.437534493609405, 1163.3790582622914, 41.89992044447472, 1390.8783736030698, 105.29351497904985, 804.1379036176511, 169.61686518766214, 62.37271964309365, 10.365631148039366, 41.33426829807022, 6.262386637854438]</VALUES>
		<LCS_MIN>[616.0, 878.0, 983.0, 438.0, 43.0, 24.0]</LCS_MIN>
		<LCS_MAX>[899.0, 1230.0, 1533.0, 1438.0, 420.0, 194.0]</LCS_MAX>
		<WAVELENGTH>[0.48, 0.56, 0.655, 0.865, 1.61, 2.2]</WAVELENGTH>
		<MEAN_VALUE>[826.7511595035113, 1163.3790582622914, 1390.8783736030698, 804.1379036176511, 62.37271964309365, 41.33426829807022]</MEAN_VALUE>
		<CHECKBOX>2</CHECKBOX>
		<SD>[32.437534493609405, 41.89992044447472, 105.29351497904985, 169.61686518766214, 10.365631148039366, 6.262386637854438]</SD>
		<WAVELENGTH_UNIT>E-6m</WAVELENGTH_UNIT>
		<COLOR>#6cbc1a</COLOR>
		<COVARIANCE_MATRIX>[[1156.7413737954412, 1342.210093307292, 2841.083604499443, 1545.484949905701, -63.89893667980164, -18.122064571974672], [1342.210093307292, 1961.1668850268545, 4258.086465497145, 2278.2059178563236, -175.65381773676117, -94.16356006547265], [2841.083604499443, 4258.086465497145, 11459.093659705914, 10780.357687416614, -395.2150182854587, -258.0657765708491], [1545.484949905701, 2278.2059178563236, 10780.357687416614, 27744.855212189574, -5.16986341136534, -154.28182821089226], [-63.89893667980164, -175.65381773676117, -395.2150182854587, -5.16986341136534, 72.22336816587351, 42.035095783625074], [-18.122064571974672, -94.16356006547265, -258.0657765708491, -154.28182821089226, 42.035095783625074, 31.582702192205552]]</COVARIANCE_MATRIX>
		<ROI_SIZE>411550</ROI_SIZE>
		<MAX_VALUE>[899.0, 1230.0, 1533.0, 1438.0, 420.0, 194.0]</MAX_VALUE>
		<MIN_VALUE>[616.0, 878.0, 983.0, 438.0, 43.0, 24.0]</MIN_VALUE>
		<SIGNATURE_THRESHOLD_MD>0</SIGNATURE_THRESHOLD_MD>
		<SIGNATURE_THRESHOLD_ML>0</SIGNATURE_THRESHOLD_ML>
		<SIGNATURE_THRESHOLD_SAM>0</SIGNATURE_THRESHOLD_SAM>
	</signature>
	<signature ID="20190911_213948379292_512">
		<MACROCLASSID>2</MACROCLASSID>
		<MACROCLASSINFO>vegetation</MACROCLASSINFO>
		<CLASSID>34</CLASSID>
		<CLASSINFO>C 1</CLASSINFO>
		<VALUES>[410.24406921574104, 43.709053839179354, 555.1684342729546, 49.57367535580267, 457.3938040747982, 77.40021772762817, 2579.8269606475114, 173.24827127170005, 2228.1498744069177, 235.52340481664032, 1128.7283003070072, 199.5027881401072]</VALUES>
		<LCS_MIN>[271.0, 452.0, 315.0, 1837.0, 1887.0, 804.0]</LCS_MIN>
		<LCS_MAX>[611.0, 873.0, 952.0, 2834.0, 2881.0, 1718.0]</LCS_MAX>
		<WAVELENGTH>[0.48, 0.56, 0.655, 0.865, 1.61, 2.2]</WAVELENGTH>
		<MEAN_VALUE>[410.24406921574104, 555.1684342729546, 457.3938040747982, 2579.8269606475114, 2228.1498744069177, 1128.7283003070072]</MEAN_VALUE>
		<CHECKBOX>2</CHECKBOX>
		<SD>[43.709053839179354, 49.57367535580267, 77.40021772762817, 173.24827127170005, 235.52340481664032, 199.5027881401072]</SD>
		<WAVELENGTH_UNIT>E-6m</WAVELENGTH_UNIT>
		<COLOR>#8286e9</COLOR>
		<COVARIANCE_MATRIX>[[1881.2975888038434, 1968.4757301176348, 2992.1167854129667, -1890.8007480701876, 7488.57658120004, 6777.928969798965], [1968.4757301176348, 2411.09425475344, 3483.8009552573844, -941.00590265063, 8882.923127373395, 7821.309681708498], [2992.1167854129667, 3483.8009552573844, 6065.899467883676, -5172.227568199414, 14651.383516101481, 13643.841547714152], [-1890.8007480701876, -941.00590265063, -5172.227568199414, 28974.517231161815, -6590.012124430969, -12502.610808838617], [7488.57658120004, 8882.923127373395, 14651.383516101481, -6590.012124430969, 56576.00136980384, 44606.39462020994], [6777.928969798965, 7821.309681708498, 13643.841547714152, -12502.610808838617, 44606.39462020994, 39302.00541773641]]</COVARIANCE_MATRIX>
		<ROI_SIZE>53741</ROI_SIZE>
		<MAX_VALUE>[611.0, 873.0, 952.0, 2834.0, 2881.0, 1718.0]</MAX_VALUE>
		<MIN_VALUE>[271.0, 452.0, 315.0, 1837.0, 1887.0, 804.0]</MIN_VALUE>
		<SIGNATURE_THRESHOLD_MD>0</SIGNATURE_THRESHOLD_MD>
		<SIGNATURE_THRESHOLD_ML>0</SIGNATURE_THRESHOLD_ML>
		<SIGNATURE_THRESHOLD_SAM>0</SIGNATURE_THRESHOLD_SAM>
	</signature>
	<signature ID="20190911_214011824084_165">
		<MACROCLASSID>3</MACROCLASSID>
		<MACROCLASSINFO>barren</MACROCLASSINFO>
		<CLASSID>35</CLASSID>
		<CLASSINFO>C 1</CLASSINFO>
		<VALUES>[820.1533333333326, 54.99740091982986, 1165.32603174603, 80.60153542473228, 1529.2212698412695, 127.71652672378578, 2972.1247619047645, 152.13170929871822, 3844.4228571428516, 231.1186727081492, 2553.1060317460287, 190.73238759556213]</VALUES>
		<LCS_MIN>[578.0, 903.0, 1075.0, 2365.0, 3339.0, 2037.5]</LCS_MIN>
		<LCS_MAX>[1016.5, 1477.5, 1849.0, 3314.0, 4336.5, 3007.5]</LCS_MAX>
		<WAVELENGTH>[0.48, 0.56, 0.655, 0.865, 1.61, 2.2]</WAVELENGTH>
		<MEAN_VALUE>[820.1533333333326, 1165.32603174603, 1529.2212698412695, 2972.1247619047645, 3844.4228571428516, 2553.1060317460287]</MEAN_VALUE>
		<CHECKBOX>2</CHECKBOX>
		<SD>[54.99740091982986, 80.60153542473228, 127.71652672378578, 152.13170929871822, 231.1186727081492, 190.73238759556213]</SD>
		<WAVELENGTH_UNIT>E-6m</WAVELENGTH_UNIT>
		<COLOR>#6810bc</COLOR>
		<COVARIANCE_MATRIX>[[2955.486022355801, 3907.9197007836933, 5896.258039921628, 4505.9673645846815, 7849.955352336503, 6973.361947700881], [3907.9197007836933, 6198.294548123877, 9298.39096055939, 8071.1440804820295, 8786.021031402346, 7864.783232346141], [5896.258039921628, 9298.39096055939, 15706.593236349208, 12938.653294163008, 17990.972450389272, 14428.821225381844], [4505.9673645846815, 8071.1440804820295, 12938.653294163008, 24639.9925816895, 14752.57737093046, 8649.933172647945], [7849.955352336503, 8786.021031402346, 17990.972450389272, 14752.57737093046, 67479.92109940233, 52077.834045174626], [6973.361947700881, 7864.783232346141, 14428.821225381844, 8649.933172647945, 52077.834045174626, 44469.03413324108]]</COVARIANCE_MATRIX>
		<ROI_SIZE>3127</ROI_SIZE>
		<MAX_VALUE>[1016.5, 1477.5, 1849.0, 3314.0, 4336.5, 3007.5]</MAX_VALUE>
		<MIN_VALUE>[578.0, 903.0, 1075.0, 2365.0, 3339.0, 2037.5]</MIN_VALUE>
		<SIGNATURE_THRESHOLD_MD>0</SIGNATURE_THRESHOLD_MD>
		<SIGNATURE_THRESHOLD_ML>0</SIGNATURE_THRESHOLD_ML>
		<SIGNATURE_THRESHOLD_SAM>0</SIGNATURE_THRESHOLD_SAM>
	</signature>
	<signature ID="20190911_214050176407_701">
		<MACROCLASSID>4</MACROCLASSID>
		<MACROCLASSINFO>builtup</MACROCLASSINFO>
		<CLASSID>36</CLASSID>
		<CLASSINFO>C 1</CLASSINFO>
		<VALUES>[909.9344660194176, 91.95913416177228, 1185.9344660194174, 106.44413424424155, 1488.3155339805821, 128.77187796569544, 2210.0800970873784, 157.8623575278869, 2851.2378640776706, 220.9741214547971, 2496.8228155339802, 233.47311005815664]</VALUES>
		<LCS_MIN>[724.0, 984.5, 1132.5, 1668.0, 2303.0, 2127.0]</LCS_MIN>
		<LCS_MAX>[1209.5, 1506.5, 1850.5, 2487.0, 3282.0, 3076.5]</LCS_MAX>
		<WAVELENGTH>[0.48, 0.56, 0.655, 0.865, 1.61, 2.2]</WAVELENGTH>
		<MEAN_VALUE>[909.9344660194176, 1185.9344660194174, 1488.3155339805821, 2210.0800970873784, 2851.2378640776706, 2496.8228155339802]</MEAN_VALUE>
		<CHECKBOX>2</CHECKBOX>
		<SD>[91.95913416177228, 106.44413424424155, 128.77187796569544, 157.8623575278869, 220.9741214547971, 233.47311005815664]</SD>
		<WAVELENGTH_UNIT>E-6m</WAVELENGTH_UNIT>
		<COLOR>#3787d8</COLOR>
		<COVARIANCE_MATRIX>[[8497.733489225671, 8349.360318493958, 8755.045169310917, 2883.799177125267, 9242.369322756336, 13470.69320980346], [8349.360318493958, 11385.62373312811, 11893.453705896283, 5204.7699088325835, 10761.507127634386, 15008.493209803455], [8755.045169310917, 11893.453705896283, 16663.08531849396, 7151.5916765332695, 17182.320921146104, 20532.95983897703], [2883.799177125267, 5204.7699088325835, 7151.5916765332695, 25042.087455600293, 17667.30402557424, 8752.992309969213], [9242.369322756336, 10761.507127634386, 17182.320921146104, 17667.30402557424, 49067.755339805815, 44503.627717262636], [13470.69320980346, 15008.493209803455, 20532.95983897703, 8752.992309969213, 44503.627717262636, 54775.59406227802]]</COVARIANCE_MATRIX>
		<ROI_SIZE>206</ROI_SIZE>
		<MAX_VALUE>[1209.5, 1506.5, 1850.5, 2487.0, 3282.0, 3076.5]</MAX_VALUE>
		<MIN_VALUE>[724.0, 984.5, 1132.5, 1668.0, 2303.0, 2127.0]</MIN_VALUE>
		<SIGNATURE_THRESHOLD_MD>0</SIGNATURE_THRESHOLD_MD>
		<SIGNATURE_THRESHOLD_ML>0</SIGNATURE_THRESHOLD_ML>
		<SIGNATURE_THRESHOLD_SAM>0</SIGNATURE_THRESHOLD_SAM>
	</signature>
	<signature ID="20190911_214229265692_799">
		<MACROCLASSID>4</MACROCLASSID>
		<MACROCLASSINFO>builtup</MACROCLASSINFO>
		<CLASSID>37</CLASSID>
		<CLASSINFO>C 1</CLASSINFO>
		<VALUES>[1099.2894736842104, 143.27874156319746, 1517.236842105263, 196.33673868751302, 1982.7894736842106, 257.0632379595521, 3074.447368421053, 338.80956049460656, 3573.1052631578946, 516.6127934859453, 2975.1052631578946, 424.72500635697304]</VALUES>
		<LCS_MIN>[901.0, 1282.0, 1580.5, 2541.5, 2613.0, 2229.5]</LCS_MIN>
		<LCS_MAX>[1399.0, 1933.5, 2587.5, 3994.5, 4853.0, 4007.5]</LCS_MAX>
		<WAVELENGTH>[0.48, 0.56, 0.655, 0.865, 1.61, 2.2]</WAVELENGTH>
		<MEAN_VALUE>[1099.2894736842104, 1517.236842105263, 1982.7894736842106, 3074.447368421053, 3573.1052631578946, 2975.1052631578946]</MEAN_VALUE>
		<CHECKBOX>2</CHECKBOX>
		<SD>[143.27874156319746, 196.33673868751302, 257.0632379595521, 338.80956049460656, 516.6127934859453, 424.72500635697304]</SD>
		<WAVELENGTH_UNIT>E-6m</WAVELENGTH_UNIT>
		<COLOR>#903a80</COLOR>
		<COVARIANCE_MATRIX>[[21669.2865497076, 28777.70540935672, 36459.536549707605, 41603.73830409357, 69291.57894736841, 57096.82894736842], [28777.70540935672, 40689.67690058479, 50492.71929824561, 56214.888157894726, 95488.59868421053, 81346.23757309941], [36459.536549707605, 50492.71929824561, 69752.70321637428, 75966.09941520469, 116862.74561403507, 100022.39839181285], [41603.73830409357, 56214.888157894726, 75966.09941520469, 121169.24707602338, 170509.47807017542, 132270.2558479532], [69291.57894736841, 95488.59868421053, 116862.74561403507, 170509.47807017542, 281715.93274853803, 223702.30774853798], [57096.82894736842, 81346.23757309941, 100022.39839181285, 132270.2558479532, 223702.30774853798, 190413.0716374269]]</COVARIANCE_MATRIX>
		<ROI_SIZE>19</ROI_SIZE>
		<MAX_VALUE>[1399.0, 1933.5, 2587.5, 3994.5, 4853.0, 4007.5]</MAX_VALUE>
		<MIN_VALUE>[901.0, 1282.0, 1580.5, 2541.5, 2613.0, 2229.5]</MIN_VALUE>
		<SIGNATURE_THRESHOLD_MD>0</SIGNATURE_THRESHOLD_MD>
		<SIGNATURE_THRESHOLD_ML>0</SIGNATURE_THRESHOLD_ML>
		<SIGNATURE_THRESHOLD_SAM>0</SIGNATURE_THRESHOLD_SAM>
	</signature>
	<signature ID="20190911_214245625675_937">
		<MACROCLASSID>4</MACROCLASSID>
		<MACROCLASSINFO>builtup</MACROCLASSINFO>
		<CLASSID>38</CLASSID>
		<CLASSINFO>C 1</CLASSINFO>
		<VALUES>[819.4999999999999, 100.27604756015126, 1087.857142857143, 113.2704457374077, 1365.7142857142858, 179.3876204406172, 2140.5714285714284, 178.48277799501076, 2554.8571428571427, 158.18043817238635, 2243.9285714285716, 194.97590117964927]</VALUES>
		<LCS_MIN>[595.0, 871.5, 1056.5, 1913.0, 2305.5, 1974.0]</LCS_MIN>
		<LCS_MAX>[909.5, 1176.5, 1569.0, 2366.0, 2747.0, 2577.0]</LCS_MAX>
		<WAVELENGTH>[0.48, 0.56, 0.655, 0.865, 1.61, 2.2]</WAVELENGTH>
		<MEAN_VALUE>[819.4999999999999, 1087.857142857143, 1365.7142857142858, 2140.5714285714284, 2554.8571428571427, 2243.9285714285716]</MEAN_VALUE>
		<CHECKBOX>2</CHECKBOX>
		<SD>[100.27604756015126, 113.2704457374077, 179.3876204406172, 178.48277799501076, 158.18043817238635, 194.97590117964927]</SD>
		<WAVELENGTH_UNIT>E-6m</WAVELENGTH_UNIT>
		<COLOR>#4c2399</COLOR>
		<COVARIANCE_MATRIX>[[11731.166666666666, 11504.583333333332, 18551.625, -14588.833333333332, 4412.291666666666, 13354.749999999996], [11504.583333333332, 14968.559523809523, 22563.494047619046, -14677.07142857143, 5441.851190476191, 16506.40476190476], [18551.625, 22563.494047619046, 37543.23809523809, -25104.85119047619, 7163.202380952379, 23909.809523809516], [-14588.833333333332, -14677.07142857143, -25104.85119047619, 37165.45238095238, 1863.1369047619041, -16693.82738095238], [4412.291666666666, 5441.851190476191, 7163.202380952379, 1863.1369047619041, 29191.22619047619, 29980.73809523809], [13354.749999999996, 16506.40476190476, 23909.809523809516, -16693.82738095238, 29980.73809523809, 44351.53571428572]]</COVARIANCE_MATRIX>
		<ROI_SIZE>7</ROI_SIZE>
		<MAX_VALUE>[909.5, 1176.5, 1569.0, 2366.0, 2747.0, 2577.0]</MAX_VALUE>
		<MIN_VALUE>[595.0, 871.5, 1056.5, 1913.0, 2305.5, 1974.0]</MIN_VALUE>
		<SIGNATURE_THRESHOLD_MD>0</SIGNATURE_THRESHOLD_MD>
		<SIGNATURE_THRESHOLD_ML>0</SIGNATURE_THRESHOLD_ML>
		<SIGNATURE_THRESHOLD_SAM>0</SIGNATURE_THRESHOLD_SAM>
	</signature>
	<signature ID="20190911_214330289330_827">
		<MACROCLASSID>3</MACROCLASSID>
		<MACROCLASSINFO>barren</MACROCLASSINFO>
		<CLASSID>39</CLASSID>
		<CLASSINFO>C 1</CLASSINFO>
		<VALUES>[813.4138341264456, 61.96764003581322, 1137.7518694765433, 95.57129443381214, 1518.921991842285, 142.65426769220034, 3010.078687967366, 170.33712876231098, 3986.887491502384, 215.9769755394865, 2688.6869476546585, 193.0140946858009]</VALUES>
		<LCS_MIN>[638.0, 900.5, 1115.5, 2452.0, 3535.0, 2152.5]</LCS_MIN>
		<LCS_MAX>[1275.0, 1685.5, 2236.5, 3553.0, 4597.5, 3480.0]</LCS_MAX>
		<WAVELENGTH>[0.48, 0.56, 0.655, 0.865, 1.61, 2.2]</WAVELENGTH>
		<MEAN_VALUE>[813.4138341264456, 1137.7518694765433, 1518.921991842285, 3010.078687967366, 3986.887491502384, 2688.6869476546585]</MEAN_VALUE>
		<CHECKBOX>2</CHECKBOX>
		<SD>[61.96764003581322, 95.57129443381214, 142.65426769220034, 170.33712876231098, 215.9769755394865, 193.0140946858009]</SD>
		<WAVELENGTH_UNIT>E-6m</WAVELENGTH_UNIT>
		<COLOR>#c447f3</COLOR>
		<COVARIANCE_MATRIX>[[4135.859755172159, 5761.702759570694, 8196.141270341908, 6390.418936417991, 8369.965066564419, 9462.261501146282], [5761.702759570694, 9944.002408635835, 14699.30578854379, 12033.503035187376, 11743.809079900355, 14016.883933431958], [8196.141270341908, 14699.30578854379, 23184.676305060948, 18378.0186372053, 19758.368504189253, 21291.042105705656], [6390.418936417991, 12033.503035187376, 18378.0186372053, 35813.51688683126, 23065.53643257332, 14133.612872575079], [8369.965066564419, 11743.809079900355, 19758.368504189253, 23065.53643257332, 48792.45597548051, 33241.11612788394], [9462.261501146282, 14016.883933431958, 21291.042105705656, 14133.612872575079, 33241.11612788394, 37404.52197934004]]</COVARIANCE_MATRIX>
		<ROI_SIZE>10990</ROI_SIZE>
		<MAX_VALUE>[1275.0, 1685.5, 2236.5, 3553.0, 4597.5, 3480.0]</MAX_VALUE>
		<MIN_VALUE>[638.0, 900.5, 1115.5, 2452.0, 3535.0, 2152.5]</MIN_VALUE>
		<SIGNATURE_THRESHOLD_MD>0</SIGNATURE_THRESHOLD_MD>
		<SIGNATURE_THRESHOLD_ML>0</SIGNATURE_THRESHOLD_ML>
		<SIGNATURE_THRESHOLD_SAM>0</SIGNATURE_THRESHOLD_SAM>
	</signature>
	<signature ID="20190911_214353129079_487">
		<MACROCLASSID>4</MACROCLASSID>
		<MACROCLASSINFO>builtup</MACROCLASSINFO>
		<CLASSID>40</CLASSID>
		<CLASSINFO>C 1</CLASSINFO>
		<VALUES>[858.9837837837839, 110.00841371634118, 1216.6297297297303, 151.062254689313, 1536.2999999999995, 179.65158622297892, 2647.589189189189, 269.3382458804119, 3021.8729729729753, 332.8619855611359, 2409.30810810811, 249.7057829573969]</VALUES>
		<LCS_MIN>[638.5, 905.5, 1283.0, 1993.0, 2399.0, 1969.0]</LCS_MIN>
		<LCS_MAX>[1193.5, 1649.0, 2149.5, 3170.5, 3753.0, 3136.5]</LCS_MAX>
		<WAVELENGTH>[0.48, 0.56, 0.655, 0.865, 1.61, 2.2]</WAVELENGTH>
		<MEAN_VALUE>[858.9837837837839, 1216.6297297297303, 1536.2999999999995, 2647.589189189189, 3021.8729729729753, 2409.30810810811]</MEAN_VALUE>
		<CHECKBOX>2</CHECKBOX>
		<SD>[110.00841371634118, 151.062254689313, 179.65158622297892, 269.3382458804119, 332.8619855611359, 249.7057829573969]</SD>
		<WAVELENGTH_UNIT>E-6m</WAVELENGTH_UNIT>
		<COLOR>#6e5ca6</COLOR>
		<COVARIANCE_MATRIX>[[12167.622018213864, 13782.311897767333, 13991.965489130438, 3547.747378084607, 3745.75064629847, 11636.802577849588], [13782.311897767333, 22943.82547003525, 23472.96222826086, 9201.447605757929, 5215.664666568741, 12756.997855464158], [13991.965489130438, 23472.96222826086, 32450.098369565214, 9459.698641304347, 13617.519293478266, 22628.21548913043], [3547.747378084607, 9201.447605757929, 9459.698641304347, 72937.34662162162, 63021.92986927146, 18387.259055522914], [3745.75064629847, 5215.664666568741, 13617.519293478266, 63021.92986927146, 111399.2595916569, 58996.96733989425], [11636.802577849588, 12756.997855464158, 22628.21548913043, 18387.259055522914, 58996.96733989425, 62691.85292303173]]</COVARIANCE_MATRIX>
		<ROI_SIZE>185</ROI_SIZE>
		<MAX_VALUE>[1193.5, 1649.0, 2149.5, 3170.5, 3753.0, 3136.5]</MAX_VALUE>
		<MIN_VALUE>[638.5, 905.5, 1283.0, 1993.0, 2399.0, 1969.0]</MIN_VALUE>
		<SIGNATURE_THRESHOLD_MD>0</SIGNATURE_THRESHOLD_MD>
		<SIGNATURE_THRESHOLD_ML>0</SIGNATURE_THRESHOLD_ML>
		<SIGNATURE_THRESHOLD_SAM>0</SIGNATURE_THRESHOLD_SAM>
	</signature>
	<signature ID="20190911_214447216486_572">
		<MACROCLASSID>1</MACROCLASSID>
		<MACROCLASSINFO>waterbody</MACROCLASSINFO>
		<CLASSID>41</CLASSID>
		<CLASSINFO>C 1</CLASSINFO>
		<VALUES>[325.4486081370449, 28.29579597391092, 411.77141327623144, 30.743733309917705, 316.3645610278382, 24.946765955922, 407.0160599571734, 143.46902858031075, 153.73982869379014, 75.34200237316541, 87.3790149892934, 40.601477920244804]</VALUES>
		<LCS_MIN>[163.5, 321.5, 238.5, 194.5, 60.0, 48.5]</LCS_MIN>
		<LCS_MAX>[371.5, 498.5, 430.0, 894.0, 604.0, 379.0]</LCS_MAX>
		<WAVELENGTH>[0.48, 0.56, 0.655, 0.865, 1.61, 2.2]</WAVELENGTH>
		<MEAN_VALUE>[325.4486081370449, 411.77141327623144, 316.3645610278382, 407.0160599571734, 153.73982869379014, 87.3790149892934]</MEAN_VALUE>
		<CHECKBOX>2</CHECKBOX>
		<SD>[28.29579597391092, 30.743733309917705, 24.946765955922, 143.46902858031075, 75.34200237316541, 40.601477920244804]</SD>
		<WAVELENGTH_UNIT>E-6m</WAVELENGTH_UNIT>
		<COLOR>#499160</COLOR>
		<COVARIANCE_MATRIX>[[801.5102177819699, 720.9499226551545, 561.0498380807462, -2172.6224320707993, -1046.5007912354747, -562.10215142606], [720.9499226551545, 946.1901894260186, 721.9336374913647, -1693.7674932466705, -780.1326865743575, -406.8342232580769], [561.0498380807462, 721.9336374913647, 623.0081639550067, -1211.7614881194186, -545.2499053271549, -261.7321056847314], [-2172.6224320707993, -1693.7674932466705, -1211.7614881194186, 20605.42364319468, 9765.476047770197, 5117.1214520634085], [-1046.5007912354747, -780.1326865743575, -545.2499053271549, 9765.476047770197, 5682.501370174267, 2998.2576105491935], [-562.10215142606, -406.8342232580769, -261.7321056847314, 5117.1214520634085, 2998.2576105491935, 1650.2468689108152]]</COVARIANCE_MATRIX>
		<ROI_SIZE>934</ROI_SIZE>
		<MAX_VALUE>[371.5, 498.5, 430.0, 894.0, 604.0, 379.0]</MAX_VALUE>
		<MIN_VALUE>[163.5, 321.5, 238.5, 194.5, 60.0, 48.5]</MIN_VALUE>
		<SIGNATURE_THRESHOLD_MD>0</SIGNATURE_THRESHOLD_MD>
		<SIGNATURE_THRESHOLD_ML>0</SIGNATURE_THRESHOLD_ML>
		<SIGNATURE_THRESHOLD_SAM>0</SIGNATURE_THRESHOLD_SAM>
	</signature>
	<signature ID="20190911_214457037165_515">
		<MACROCLASSID>3</MACROCLASSID>
		<MACROCLASSINFO>barren</MACROCLASSINFO>
		<CLASSID>42</CLASSID>
		<CLASSINFO>C 1</CLASSINFO>
		<VALUES>[857.2290969899665, 71.10830525643321, 1191.9648829431428, 93.34452160890572, 1585.3241360089198, 139.93941397861155, 3084.334030100331, 183.39614390873152, 4010.3278985507295, 250.00256937216753, 2741.4823021181737, 214.67463462905292]</VALUES>
		<LCS_MIN>[639.0, 934.0, 1144.5, 2683.5, 3492.0, 2172.0]</LCS_MIN>
		<LCS_MAX>[1159.5, 1545.5, 1996.5, 3631.0, 4690.0, 3290.5]</LCS_MAX>
		<WAVELENGTH>[0.48, 0.56, 0.655, 0.865, 1.61, 2.2]</WAVELENGTH>
		<MEAN_VALUE>[857.2290969899665, 1191.9648829431428, 1585.3241360089198, 3084.334030100331, 4010.3278985507295, 2741.4823021181737]</MEAN_VALUE>
		<CHECKBOX>2</CHECKBOX>
		<SD>[71.10830525643321, 93.34452160890572, 139.93941397861155, 183.39614390873152, 250.00256937216753, 214.67463462905292]</SD>
		<WAVELENGTH_UNIT>E-6m</WAVELENGTH_UNIT>
		<COLOR>#39f7a9</COLOR>
		<COVARIANCE_MATRIX>[[4817.283948139921, 5718.574467698295, 7753.113982087408, 6417.948005031583, 10254.31264095064, 12074.76497362571], [5718.574467698295, 8440.040606858376, 12072.488203791258, 11398.39877495054, 13856.085892708234, 15493.31715379921], [7753.113982087408, 12072.488203791258, 18972.106788605874, 16971.252503386884, 23351.686204454225, 22021.22666759913], [6417.948005031583, 11398.39877495054, 16971.252503386884, 32539.980430838215, 23831.340285144444, 15853.664939204835], [10254.31264095064, 13856.085892708234, 23351.686204454225, 23831.340285144444, 60521.903200229324, 40248.98279239503], [12074.76497362571, 15493.31715379921, 22021.22666759913, 15853.664939204835, 40248.98279239503, 43726.453924263114]]</COVARIANCE_MATRIX>
		<ROI_SIZE>6935</ROI_SIZE>
		<MAX_VALUE>[1159.5, 1545.5, 1996.5, 3631.0, 4690.0, 3290.5]</MAX_VALUE>
		<MIN_VALUE>[639.0, 934.0, 1144.5, 2683.5, 3492.0, 2172.0]</MIN_VALUE>
		<SIGNATURE_THRESHOLD_MD>0</SIGNATURE_THRESHOLD_MD>
		<SIGNATURE_THRESHOLD_ML>0</SIGNATURE_THRESHOLD_ML>
		<SIGNATURE_THRESHOLD_SAM>0</SIGNATURE_THRESHOLD_SAM>
	</signature>
	<signature ID="20190911_214537643247_977">
		<MACROCLASSID>4</MACROCLASSID>
		<MACROCLASSINFO>builtup</MACROCLASSINFO>
		<CLASSID>43</CLASSID>
		<CLASSINFO>C 1</CLASSINFO>
		<VALUES>[930.6600000000001, 124.87487497491237, 1246.9699999999998, 172.37347272709914, 1502.43, 206.67259155485522, 2497.0300000000007, 227.93899205708527, 3022.8699999999994, 311.64763451693324, 2575.61, 305.1981371175126]</VALUES>
		<LCS_MIN>[653.5, 933.0, 1067.5, 2100.0, 2574.5, 2141.5]</LCS_MIN>
		<LCS_MAX>[1279.5, 1769.0, 2049.0, 3240.0, 3999.5, 3335.0]</LCS_MAX>
		<WAVELENGTH>[0.48, 0.56, 0.655, 0.865, 1.61, 2.2]</WAVELENGTH>
		<MEAN_VALUE>[930.6600000000001, 1246.9699999999998, 1502.43, 2497.0300000000007, 3022.8699999999994, 2575.61]</MEAN_VALUE>
		<CHECKBOX>2</CHECKBOX>
		<SD>[124.87487497491237, 172.37347272709914, 206.67259155485522, 227.93899205708527, 311.64763451693324, 305.1981371175126]</SD>
		<WAVELENGTH_UNIT>E-6m</WAVELENGTH_UNIT>
		<COLOR>#0b3d08</COLOR>
		<COVARIANCE_MATRIX>[[15911.973877551021, 17329.60183673469, 17669.87367346939, 6254.005306122449, 20575.480408163257, 28746.63510204081], [17329.60183673469, 30318.993979591825, 33366.55397959184, 8520.378469387753, 25487.332755102027, 37823.31459183674], [17669.87367346939, 33366.55397959184, 43585.26540816325, 8508.833775510204, 35219.25602040816, 46501.803775510205], [6254.005306122449, 8520.378469387753, 8508.833775510204, 53016.51438775511, 49770.998877551036, 21266.170102040807], [20575.480408163257, 25487.332755102027, 35219.25602040816, 49770.998877551036, 99106.37561224488, 78156.73397959182], [28746.63510204081, 37823.31459183674, 46501.803775510205, 21266.170102040807, 78156.73397959182, 95046.83969387755]]</COVARIANCE_MATRIX>
		<ROI_SIZE>50</ROI_SIZE>
		<MAX_VALUE>[1279.5, 1769.0, 2049.0, 3240.0, 3999.5, 3335.0]</MAX_VALUE>
		<MIN_VALUE>[653.5, 933.0, 1067.5, 2100.0, 2574.5, 2141.5]</MIN_VALUE>
		<SIGNATURE_THRESHOLD_MD>0</SIGNATURE_THRESHOLD_MD>
		<SIGNATURE_THRESHOLD_ML>0</SIGNATURE_THRESHOLD_ML>
		<SIGNATURE_THRESHOLD_SAM>0</SIGNATURE_THRESHOLD_SAM>
	</signature>
	<signature ID="20190911_214606430665_258">
		<MACROCLASSID>1</MACROCLASSID>
		<MACROCLASSINFO>waterbody</MACROCLASSINFO>
		<CLASSID>44</CLASSID>
		<CLASSINFO>C 1</CLASSINFO>
		<VALUES>[497.0401396160559, 32.774856727198035, 575.8376963350781, 36.70793899036036, 635.4197207678883, 53.35438023558539, 987.0357766143106, 122.7647619042577, 1325.8054101221664, 174.93018828527806, 1340.8656195462465, 144.0900536035656]</VALUES>
		<LCS_MIN>[406.5, 494.5, 533.0, 719.5, 928.0, 951.5]</LCS_MIN>
		<LCS_MAX>[609.5, 699.0, 824.0, 1419.5, 1715.5, 1716.0]</LCS_MAX>
		<WAVELENGTH>[0.48, 0.56, 0.655, 0.865, 1.61, 2.2]</WAVELENGTH>
		<MEAN_VALUE>[497.0401396160559, 575.8376963350781, 635.4197207678883, 987.0357766143106, 1325.8054101221664, 1340.8656195462465]</MEAN_VALUE>
		<CHECKBOX>2</CHECKBOX>
		<SD>[32.774856727198035, 36.70793899036036, 53.35438023558539, 122.7647619042577, 174.93018828527806, 144.0900536035656]</SD>
		<WAVELENGTH_UNIT>E-6m</WAVELENGTH_UNIT>
		<COLOR>#8092dd</COLOR>
		<COVARIANCE_MATRIX>[[1076.0691901902637, 994.6109842382749, 1360.1846091299622, 2048.818054436837, 4161.1122824601225, 3732.6413299832802], [994.6109842382749, 1349.828506571962, 1920.3816154395345, 3549.6863238201595, 5620.599918079302, 4575.323431150003], [1360.1846091299622, 1920.3816154395345, 2851.6666209009136, 5199.28434567178, 8369.948074939897, 6680.895661711761], [2048.818054436837, 3549.6863238201595, 5199.28434567178, 15097.534994019941, 17541.437480930937, 10989.081739159616], [4161.1122824601225, 5620.599918079302, 8369.948074939897, 17541.437480930937, 30654.06827487522, 23375.083508005955], [3732.6413299832802, 4575.323431150003, 6680.895661711761, 10989.081739159616, 23375.083508005955, 20798.240651582277]]</COVARIANCE_MATRIX>
		<ROI_SIZE>573</ROI_SIZE>
		<MAX_VALUE>[609.5, 699.0, 824.0, 1419.5, 1715.5, 1716.0]</MAX_VALUE>
		<MIN_VALUE>[406.5, 494.5, 533.0, 719.5, 928.0, 951.5]</MIN_VALUE>
		<SIGNATURE_THRESHOLD_MD>0</SIGNATURE_THRESHOLD_MD>
		<SIGNATURE_THRESHOLD_ML>0</SIGNATURE_THRESHOLD_ML>
		<SIGNATURE_THRESHOLD_SAM>0</SIGNATURE_THRESHOLD_SAM>
	</signature>
	<signature ID="20190911_214626531682_426">
		<MACROCLASSID>1</MACROCLASSID>
		<MACROCLASSINFO>waterbody</MACROCLASSINFO>
		<CLASSID>45</CLASSID>
		<CLASSINFO>C 1</CLASSINFO>
		<VALUES>[669.5449620801734, 50.30499485261954, 827.4052004333693, 66.32952680972217, 1003.8472372697731, 105.65136897586082, 1862.4106175514623, 241.34688282725156, 2542.0552546045446, 304.3844261025103, 2150.3445287107256, 193.46586407746304]</VALUES>
		<LCS_MIN>[501.0, 676.0, 780.0, 1273.0, 2086.0, 1736.0]</LCS_MIN>
		<LCS_MAX>[903.0, 1209.0, 1514.0, 2400.0, 3278.0, 2829.0]</LCS_MAX>
		<WAVELENGTH>[0.48, 0.56, 0.655, 0.865, 1.61, 2.2]</WAVELENGTH>
		<MEAN_VALUE>[669.5449620801734, 827.4052004333693, 1003.8472372697731, 1862.4106175514623, 2542.0552546045446, 2150.3445287107256]</MEAN_VALUE>
		<CHECKBOX>2</CHECKBOX>
		<SD>[50.30499485261954, 66.32952680972217, 105.65136897586082, 241.34688282725156, 304.3844261025103, 193.46586407746304]</SD>
		<WAVELENGTH_UNIT>E-6m</WAVELENGTH_UNIT>
		<COLOR>#654392</COLOR>
		<COVARIANCE_MATRIX>[[2533.337184461684, 2601.018637941448, 3650.317613506838, 2919.9581988846144, 8176.684606218991, 7860.835902449573], [2601.018637941448, 4404.377933880607, 6835.653072951309, 10430.414782034439, 16511.784527958676, 10470.180202019728], [3650.317613506838, 6835.653072951309, 11174.318286827596, 17618.192946935746, 27230.736215725865, 16187.211039640146], [2919.9581988846144, 10430.414782034439, 17618.192946935746, 58311.4939001605, 59913.440410525895, 14773.140372688329], [8176.684606218991, 16511.784527958676, 27230.736215725865, 59913.440410525895, 92750.36679177353, 42804.65230914942], [7860.835902449573, 10470.180202019728, 16187.211039640146, 14773.140372688329, 42804.65230914942, 37469.636051919726]]</COVARIANCE_MATRIX>
		<ROI_SIZE>923</ROI_SIZE>
		<MAX_VALUE>[903.0, 1209.0, 1514.0, 2400.0, 3278.0, 2829.0]</MAX_VALUE>
		<MIN_VALUE>[501.0, 676.0, 780.0, 1273.0, 2086.0, 1736.0]</MIN_VALUE>
		<SIGNATURE_THRESHOLD_MD>0</SIGNATURE_THRESHOLD_MD>
		<SIGNATURE_THRESHOLD_ML>0</SIGNATURE_THRESHOLD_ML>
		<SIGNATURE_THRESHOLD_SAM>0</SIGNATURE_THRESHOLD_SAM>
	</signature>
	<signature ID="20190911_214635144321_985">
		<MACROCLASSID>1</MACROCLASSID>
		<MACROCLASSINFO>waterbody</MACROCLASSINFO>
		<CLASSID>46</CLASSID>
		<CLASSINFO>C 1</CLASSINFO>
		<VALUES>[583.4361924686195, 51.25217729572958, 687.5313807531384, 64.40563512094275, 792.3211297071125, 91.45279330292686, 1260.516736401672, 205.98239132458008, 1852.5679916317995, 271.9789259705924, 1777.3985355648542, 196.21863914857792]</VALUES>
		<LCS_MIN>[400.0, 525.0, 575.0, 777.0, 1213.0, 1202.0]</LCS_MIN>
		<LCS_MAX>[727.0, 910.0, 1079.0, 1842.0, 2411.0, 2296.0]</LCS_MAX>
		<WAVELENGTH>[0.48, 0.56, 0.655, 0.865, 1.61, 2.2]</WAVELENGTH>
		<MEAN_VALUE>[583.4361924686195, 687.5313807531384, 792.3211297071125, 1260.516736401672, 1852.5679916317995, 1777.3985355648542]</MEAN_VALUE>
		<CHECKBOX>2</CHECKBOX>
		<SD>[51.25217729572958, 64.40563512094275, 91.45279330292686, 205.98239132458008, 271.9789259705924, 196.21863914857792]</SD>
		<WAVELENGTH_UNIT>E-6m</WAVELENGTH_UNIT>
		<COLOR>#103483</COLOR>
		<COVARIANCE_MATRIX>[[2780.7130901819996, 2838.805633638367, 3803.3349460717773, 4151.513517813098, 9652.029767794853, 8772.406963235402], [2838.805633638367, 4109.061003838462, 5763.108867872206, 9732.710768130535, 15484.202253455349, 11231.835607221565], [3803.3349460717773, 5763.108867872206, 8445.995340937287, 14593.728702730708, 22847.183978428704, 15890.536767882426], [4151.513517813098, 9732.710768130535, 14593.728702730708, 45295.541494446625, 47413.12265788052, 21452.07476648131], [9652.029767794853, 15484.202253455349, 22847.183978428704, 47413.12265788052, 73098.21788899103, 47250.243661427085], [8772.406963235402, 11231.835607221565, 15890.536767882426, 21452.07476648131, 47250.243661427085, 40243.621883255255]]</COVARIANCE_MATRIX>
		<ROI_SIZE>1654</ROI_SIZE>
		<MAX_VALUE>[727.0, 910.0, 1079.0, 1842.0, 2411.0, 2296.0]</MAX_VALUE>
		<MIN_VALUE>[400.0, 525.0, 575.0, 777.0, 1213.0, 1202.0]</MIN_VALUE>
		<SIGNATURE_THRESHOLD_MD>0</SIGNATURE_THRESHOLD_MD>
		<SIGNATURE_THRESHOLD_ML>0</SIGNATURE_THRESHOLD_ML>
		<SIGNATURE_THRESHOLD_SAM>0</SIGNATURE_THRESHOLD_SAM>
	</signature>
	<signature ID="20190911_214708249108_703">
		<MACROCLASSID>4</MACROCLASSID>
		<MACROCLASSINFO>builtup</MACROCLASSINFO>
		<CLASSID>47</CLASSID>
		<CLASSINFO>C 1</CLASSINFO>
		<VALUES>[1425.7368421052631, 154.68077215426047, 1989.026315789474, 203.32910020872498, 2610.578947368421, 254.63230782515734, 3857.157894736842, 179.41982908600735, 5077.026315789473, 230.4828155304592, 3737.9736842105262, 234.01678266875888]</VALUES>
		<LCS_MIN>[1150.5, 1673.5, 2203.5, 3529.5, 4612.0, 3330.0]</LCS_MIN>
		<LCS_MAX>[1703.5, 2368.0, 3071.5, 4182.0, 5397.0, 4088.0]</LCS_MAX>
		<WAVELENGTH>[0.48, 0.56, 0.655, 0.865, 1.61, 2.2]</WAVELENGTH>
		<MEAN_VALUE>[1425.7368421052631, 1989.026315789474, 2610.578947368421, 3857.157894736842, 5077.026315789473, 3737.9736842105262]</MEAN_VALUE>
		<CHECKBOX>2</CHECKBOX>
		<SD>[154.68077215426047, 203.32910020872498, 254.63230782515734, 179.41982908600735, 230.4828155304592, 234.01678266875888]</SD>
		<WAVELENGTH_UNIT>E-6m</WAVELENGTH_UNIT>
		<COLOR>#b782f2</COLOR>
		<COVARIANCE_MATRIX>[[25255.37134502924, 32003.79897660818, 40376.258040935674, 25743.738304093567, 12414.701754385962, 25502.298245614038], [32003.79897660818, 43639.540935672514, 53976.025584795316, 33308.03728070175, 23546.527046783627, 37214.51461988304], [40376.258040935674, 53976.025584795316, 68439.70175438595, 43877.195175438595, 29243.372807017546, 48122.48830409357], [25743.738304093567, 33308.03728070175, 43877.195175438595, 33979.89035087719, 21348.676169590646, 32107.254385964912], [12414.701754385962, 23546.527046783627, 29243.372807017546, 21348.676169590646, 56073.56871345028, 42830.12573099414], [25502.298245614038, 37214.51461988304, 48122.48830409357, 32107.254385964912, 42830.12573099414, 57806.290935672514]]</COVARIANCE_MATRIX>
		<ROI_SIZE>19</ROI_SIZE>
		<MAX_VALUE>[1703.5, 2368.0, 3071.5, 4182.0, 5397.0, 4088.0]</MAX_VALUE>
		<MIN_VALUE>[1150.5, 1673.5, 2203.5, 3529.5, 4612.0, 3330.0]</MIN_VALUE>
		<SIGNATURE_THRESHOLD_MD>0</SIGNATURE_THRESHOLD_MD>
		<SIGNATURE_THRESHOLD_ML>0</SIGNATURE_THRESHOLD_ML>
		<SIGNATURE_THRESHOLD_SAM>0</SIGNATURE_THRESHOLD_SAM>
	</signature>
	<signature ID="20190911_214731423021_186">
		<MACROCLASSID>3</MACROCLASSID>
		<MACROCLASSINFO>barren</MACROCLASSINFO>
		<CLASSID>48</CLASSID>
		<CLASSINFO>C 1</CLASSINFO>
		<VALUES>[626.2133020344291, 63.461721570928255, 855.9186228482009, 91.18560641630214, 1071.3904538341146, 132.09066770275746, 2084.2422535211335, 224.15130145834357, 3065.4209702660387, 277.8621556763678, 2418.7561815336553, 219.6662937620454]</VALUES>
		<LCS_MIN>[432.5, 635.0, 747.0, 1448.5, 2429.5, 1996.0]</LCS_MIN>
		<LCS_MAX>[908.0, 1262.0, 1611.5, 2593.0, 3621.5, 3186.5]</LCS_MAX>
		<WAVELENGTH>[0.48, 0.56, 0.655, 0.865, 1.61, 2.2]</WAVELENGTH>
		<MEAN_VALUE>[626.2133020344291, 855.9186228482009, 1071.3904538341146, 2084.2422535211335, 3065.4209702660387, 2418.7561815336553]</MEAN_VALUE>
		<CHECKBOX>2</CHECKBOX>
		<SD>[63.461721570928255, 91.18560641630214, 132.09066770275746, 224.15130145834357, 277.8621556763678, 219.6662937620454]</SD>
		<WAVELENGTH_UNIT>E-6m</WAVELENGTH_UNIT>
		<COLOR>#bad73a</COLOR>
		<COVARIANCE_MATRIX>[[4129.123378176345, 5136.553562337163, 7267.238263958064, 2969.531851826603, 7835.350738102396, 12886.200879813248], [5136.553562337163, 8307.921736816485, 11822.884120270674, 8893.15702555323, 10786.156819700816, 16930.28138312371], [7267.238263958064, 11822.884120270674, 17352.957463349194, 12442.102064459743, 16578.034441239408, 25288.918387218207], [2969.531851826603, 8893.15702555323, 12442.102064459743, 47742.2041825878, 44270.00402551642, 10881.246414127703], [7835.350738102396, 10786.156819700816, 16578.034441239408, 44270.00402551642, 73062.1467589506, 33165.282700659416], [12886.200879813248, 16930.28138312371, 25288.918387218207, 10881.246414127703, 33165.282700659416, 49933.24984479704]]</COVARIANCE_MATRIX>
		<ROI_SIZE>17201</ROI_SIZE>
		<MAX_VALUE>[908.0, 1262.0, 1611.5, 2593.0, 3621.5, 3186.5]</MAX_VALUE>
		<MIN_VALUE>[432.5, 635.0, 747.0, 1448.5, 2429.5, 1996.0]</MIN_VALUE>
		<SIGNATURE_THRESHOLD_MD>0</SIGNATURE_THRESHOLD_MD>
		<SIGNATURE_THRESHOLD_ML>0</SIGNATURE_THRESHOLD_ML>
		<SIGNATURE_THRESHOLD_SAM>0</SIGNATURE_THRESHOLD_SAM>
	</signature>
	<signature ID="20190911_214749538407_337">
		<MACROCLASSID>3</MACROCLASSID>
		<MACROCLASSINFO>barren</MACROCLASSINFO>
		<CLASSID>49</CLASSID>
		<CLASSINFO>C 1</CLASSINFO>
		<VALUES>[672.1977142857138, 56.455451923781226, 916.9537142857138, 75.35767948678259, 1154.9251428571451, 116.72864428411798, 2083.0262857142843, 249.87775044249972, 2938.033142857144, 302.9764621481946, 2383.8754285714303, 214.05620469323802]</VALUES>
		<LCS_MIN>[498.0, 706.0, 824.5, 1481.5, 2218.0, 1655.5]</LCS_MIN>
		<LCS_MAX>[839.0, 1189.0, 1556.0, 2658.5, 3416.5, 2838.0]</LCS_MAX>
		<WAVELENGTH>[0.48, 0.56, 0.655, 0.865, 1.61, 2.2]</WAVELENGTH>
		<MEAN_VALUE>[672.1977142857138, 916.9537142857138, 1154.9251428571451, 2083.0262857142843, 2938.033142857144, 2383.8754285714303]</MEAN_VALUE>
		<CHECKBOX>2</CHECKBOX>
		<SD>[56.455451923781226, 75.35767948678259, 116.72864428411798, 249.87775044249972, 302.9764621481946, 214.05620469323802]</SD>
		<WAVELENGTH_UNIT>E-6m</WAVELENGTH_UNIT>
		<COLOR>#f1b646</COLOR>
		<COVARIANCE_MATRIX>[[3190.8647544949335, 3790.968257927428, 5707.179576985944, 4765.072314154952, 10666.931940830336, 10677.730321346844], [3790.968257927428, 5685.277317423995, 8471.09635959464, 10241.808998365479, 16517.698046093494, 13925.125234390323], [5707.179576985944, 8471.09635959464, 13641.166300751878, 15582.197050016344, 25846.210721804506, 21447.149131088587], [4765.072314154952, 10241.808998365479, 15582.197050016344, 62510.330543968616, 61705.784310885916, 15939.134285060476], [10666.931940830336, 16517.698046093494, 25846.210721804506, 61705.784310885916, 91899.76491860088, 45194.522440013076], [10677.730321346844, 13925.125234390323, 21447.149131088587, 15939.134285060476, 45194.522440013076, 45872.48446420398]]</COVARIANCE_MATRIX>
		<ROI_SIZE>875</ROI_SIZE>
		<MAX_VALUE>[839.0, 1189.0, 1556.0, 2658.5, 3416.5, 2838.0]</MAX_VALUE>
		<MIN_VALUE>[498.0, 706.0, 824.5, 1481.5, 2218.0, 1655.5]</MIN_VALUE>
		<SIGNATURE_THRESHOLD_MD>0</SIGNATURE_THRESHOLD_MD>
		<SIGNATURE_THRESHOLD_ML>0</SIGNATURE_THRESHOLD_ML>
		<SIGNATURE_THRESHOLD_SAM>0</SIGNATURE_THRESHOLD_SAM>
	</signature>
	<signature ID="20190911_214757496605_243">
		<MACROCLASSID>3</MACROCLASSID>
		<MACROCLASSINFO>barren</MACROCLASSINFO>
		<CLASSID>50</CLASSID>
		<CLASSINFO>C 1</CLASSINFO>
		<VALUES>[860.5277777777782, 64.79055657932811, 1201.1413398692828, 90.18942505816541, 1585.9387254901942, 127.4116376635238, 2941.3080065359472, 156.61318022506666, 4258.572712418304, 231.28392707951542, 2864.3750000000005, 175.99978733786526]</VALUES>
		<LCS_MIN>[671.5, 973.0, 1221.5, 2269.5, 3396.0, 2357.0]</LCS_MIN>
		<LCS_MAX>[1133.0, 1591.0, 2107.5, 3179.5, 4573.0, 3544.0]</LCS_MAX>
		<WAVELENGTH>[0.48, 0.56, 0.655, 0.865, 1.61, 2.2]</WAVELENGTH>
		<MEAN_VALUE>[860.5277777777782, 1201.1413398692828, 1585.9387254901942, 2941.3080065359472, 4258.572712418304, 2864.3750000000005]</MEAN_VALUE>
		<CHECKBOX>2</CHECKBOX>
		<SD>[64.79055657932811, 90.18942505816541, 127.4116376635238, 156.61318022506666, 231.28392707951542, 175.99978733786526]</SD>
		<WAVELENGTH_UNIT>E-6m</WAVELENGTH_UNIT>
		<COLOR>#80a447</COLOR>
		<COVARIANCE_MATRIX>[[4204.686624840882, 5580.561943080563, 7663.0315739225325, 5114.502477723224, 9433.74634024368, 9281.786620294599], [5580.561943080563, 8147.445211295101, 11067.788952937964, 8782.648293673716, 11695.427512890043, 11757.660904255321], [7663.0315739225325, 11067.788952937964, 16260.294520795223, 12805.533633789035, 19727.874757308815, 16375.331117021278], [5114.502477723224, 8782.648293673716, 12805.533633789035, 24567.831736117798, 16612.402281029707, 7111.987009001637], [9433.74634024368, 11695.427512890043, 19727.874757308815, 16612.402281029707, 53579.80362405464, 30109.31638707038], [9281.786620294599, 11757.660904255321, 16375.331117021278, 7111.987009001637, 30109.31638707038, 31026.62223813421]]</COVARIANCE_MATRIX>
		<ROI_SIZE>612</ROI_SIZE>
		<MAX_VALUE>[1133.0, 1591.0, 2107.5, 3179.5, 4573.0, 3544.0]</MAX_VALUE>
		<MIN_VALUE>[671.5, 973.0, 1221.5, 2269.5, 3396.0, 2357.0]</MIN_VALUE>
		<SIGNATURE_THRESHOLD_MD>0</SIGNATURE_THRESHOLD_MD>
		<SIGNATURE_THRESHOLD_ML>0</SIGNATURE_THRESHOLD_ML>
		<SIGNATURE_THRESHOLD_SAM>0</SIGNATURE_THRESHOLD_SAM>
	</signature>
	<signature ID="20190911_214855033391_806">
		<MACROCLASSID>4</MACROCLASSID>
		<MACROCLASSINFO>builtup</MACROCLASSINFO>
		<CLASSID>51</CLASSID>
		<CLASSINFO>C 1</CLASSINFO>
		<VALUES>[1065.7083333333333, 111.97404058034566, 1585.8750000000002, 154.0610167271395, 2254.791666666667, 271.8947757814082, 3300.375, 280.64227860688896, 4151.624999999999, 297.44650254289445, 3542.2916666666665, 316.5276092705906]</VALUES>
		<LCS_MIN>[871.0, 1272.0, 1679.5, 2840.0, 3705.0, 2968.5]</LCS_MIN>
		<LCS_MAX>[1218.0, 1826.5, 2623.5, 3730.5, 4657.5, 4010.5]</LCS_MAX>
		<WAVELENGTH>[0.48, 0.56, 0.655, 0.865, 1.61, 2.2]</WAVELENGTH>
		<MEAN_VALUE>[1065.7083333333333, 1585.8750000000002, 2254.791666666667, 3300.375, 4151.624999999999, 3542.2916666666665]</MEAN_VALUE>
		<CHECKBOX>2</CHECKBOX>
		<SD>[111.97404058034566, 154.0610167271395, 271.8947757814082, 280.64227860688896, 297.44650254289445, 316.5276092705906]</SD>
		<WAVELENGTH_UNIT>E-6m</WAVELENGTH_UNIT>
		<COLOR>#5ae470</COLOR>
		<COVARIANCE_MATRIX>[[13678.020833333332, 18127.982954545452, 32585.274621212127, 28829.187500000007, 30631.49431818182, 36430.68371212121], [18127.982954545452, 25892.505681818184, 45073.880681818184, 33489.66477272727, 40617.28977272727, 49992.67613636364], [32585.274621212127, 45073.880681818184, 80647.38446969698, 61076.15340909092, 69796.50568181818, 87527.95265151514], [28829.187500000007, 33489.66477272727, 61076.15340909092, 85920.09659090909, 80416.15340909091, 79201.9715909091], [30631.49431818182, 40617.28977272727, 69796.50568181818, 80416.15340909091, 96517.55113636363, 97124.91477272728], [36430.68371212121, 49992.67613636364, 87527.95265151514, 79201.9715909091, 97124.91477272728, 109297.88446969696]]</COVARIANCE_MATRIX>
