<?xml version="1.0" ?>
<signaturelist MCID_LIST="[['1', 'waterbody', '#0000ff'], ['2', 'vegetation', '#00ff00'], ['3', 'bare land', '#ffaa00'], ['4', 'built-up', '#ff0000']]">
	<signature ID="20200824_100950764844_340">
		<MACROCLASSID>1</MACROCLASSID>
		<MACROCLASSINFO>waterbody</MACROCLASSINFO>
		<CLASSID>1</CLASSID>
		<CLASSINFO>C 1</CLASSINFO>
		<VALUES>[0.16112762300737382, 0.00314184072607637, 0.1662799739970186, 0.004270793120931687, 0.08508788360595852, 0.0032331760418420684, 0.027718771179617793, 0.006200985662196587, 0.012283858998774232, 0.005876893473871345, 0.008655339860746559, 0.004462100416590749]</VALUES>
		<LCS_MIN>[0.14498263597488403, 0.1437145620584488, 0.07230221480131149, 0.021735159680247307, 0.0072747087106108665, 0.004760816227644682]</LCS_MIN>
		<LCS_MAX>[0.17058877646923065, 0.17690686881542206, 0.10244668275117874, 0.0652499720454216, 0.049543704837560654, 0.04126788303256035]</LCS_MAX>
		<WAVELENGTH>[0.48, 0.56, 0.655, 0.865, 1.61, 2.2]</WAVELENGTH>
		<MEAN_VALUE>[0.16112762300737382, 0.1662799739970186, 0.08508788360595852, 0.027718771179617793, 0.012283858998774232, 0.008655339860746559]</MEAN_VALUE>
		<CHECKBOX>2</CHECKBOX>
		<SD>[0.00314184072607637, 0.004270793120931687, 0.0032331760418420684, 0.006200985662196587, 0.005876893473871345, 0.004462100416590749]</SD>
		<WAVELENGTH_UNIT>E-6m</WAVELENGTH_UNIT>
		<COLOR>#8df73b</COLOR>
		<COVARIANCE_MATRIX>[[9.877623597276397e-06, 1.2851915016653948e-05, 6.770507752662525e-06, 6.885620109642332e-07, 1.0239177754556295e-06, 1.3717809679292259e-06], [1.2851915016653948e-05, 1.8251610526931472e-05, 7.265478870976949e-06, -3.3504240946058417e-06, -2.576329734438332e-06, -1.5325691720136092e-06], [6.770507752662525e-06, 7.265478870976949e-06, 1.046026864059968e-05, 1.3690294508705847e-05, 1.3297369150677696e-05, 1.064233401848469e-05], [6.885620109642332e-07, -3.3504240946058417e-06, 1.3690294508705847e-05, 3.84773884434253e-05, 3.543901402736083e-05, 2.641779246914666e-05], [1.0239177754556295e-06, -2.576329734438332e-06, 1.3297369150677696e-05, 3.543901402736083e-05, 3.456047852523625e-05, 2.5874282073345967e-05], [1.3717809679292259e-06, -1.5325691720136092e-06, 1.064233401848469e-05, 2.641779246914666e-05, 2.5874282073345967e-05, 1.9923370928154327e-05]]</COVARIANCE_MATRIX>
		<ROI_SIZE>1529</ROI_SIZE>
		<MAX_VALUE>[0.17058877646923065, 0.17690686881542206, 0.10244668275117874, 0.0652499720454216, 0.049543704837560654, 0.04126788303256035]</MAX_VALUE>
		<MIN_VALUE>[0.14498263597488403, 0.1437145620584488, 0.07230221480131149, 0.021735159680247307, 0.0072747087106108665, 0.004760816227644682]</MIN_VALUE>
		<SIGNATURE_THRESHOLD_MD>0.0</SIGNATURE_THRESHOLD_MD>
		<SIGNATURE_THRESHOLD_ML>0.0</SIGNATURE_THRESHOLD_ML>
		<SIGNATURE_THRESHOLD_SAM>0.0</SIGNATURE_THRESHOLD_SAM>
	</signature>
	<signature ID="20200824_101004415964_443">
		<MACROCLASSID>1</MACROCLASSID>
		<MACROCLASSINFO>waterbody</MACROCLASSINFO>
		<CLASSID>2</CLASSID>
		<CLASSINFO>C 1</CLASSINFO>
		<VALUES>[0.11707828822985007, 0.0007153097018028632, 0.1022393311602327, 0.001056128512982397, 0.07199328501691236, 0.0012596438338353143, 0.04531113931663198, 0.006783319536116749, 0.017228178460291517, 0.0035313757025797507, 0.009349754359133825, 0.0015429485684601133]</VALUES>
		<LCS_MIN>[0.11428201198577881, 0.0969739705324173, 0.06558368355035782, 0.03203543648123741, 0.012258005328476429, 0.007363700773566961]</LCS_MIN>
		<LCS_MAX>[0.11853116005659103, 0.10456013679504395, 0.07421545684337616, 0.06896520406007767, 0.032547127455472946, 0.018131166696548462]</LCS_MAX>
		<WAVELENGTH>[0.48, 0.56, 0.655, 0.865, 1.61, 2.2]</WAVELENGTH>
		<MEAN_VALUE>[0.11707828822985007, 0.1022393311602327, 0.07199328501691236, 0.04531113931663198, 0.017228178460291517, 0.009349754359133825]</MEAN_VALUE>
		<CHECKBOX>2</CHECKBOX>
		<SD>[0.0007153097018028632, 0.001056128512982397, 0.0012596438338353143, 0.006783319536116749, 0.0035313757025797507, 0.0015429485684601133]</SD>
		<WAVELENGTH_UNIT>E-6m</WAVELENGTH_UNIT>
		<COLOR>#af6db5</COLOR>
		<COVARIANCE_MATRIX>[[5.14092960202106e-07, 6.766777573830041e-07, 6.960463565519603e-07, -1.7780768075681408e-06, -8.399791795454803e-07, -2.8592904754987103e-07], [6.766777573830041e-07, 1.120693696066155e-06, 1.0006644970417256e-06, -1.8325138171348954e-06, -8.721298740965722e-07, -2.721538692185277e-07], [6.960463565519603e-07, 1.0006644970417256e-06, 1.5942224536047434e-06, -3.7651825550710782e-06, -1.8242130863654893e-06, -7.063949283292459e-07], [-1.7780768075681408e-06, -1.8325138171348954e-06, -3.7651825550710782e-06, 4.623149652616121e-05, 2.312860124220606e-05, 9.666295227361843e-06], [-8.399791795454803e-07, -8.721298740965722e-07, -1.8242130863654893e-06, 2.312860124220606e-05, 1.2529716514109168e-05, 5.211360075918492e-06], [-2.8592904754987103e-07, -2.721538692185277e-07, -7.063949283292459e-07, 9.666295227361843e-06, 5.211360075918492e-06, 2.3919731120258803e-06]]</COVARIANCE_MATRIX>
		<ROI_SIZE>212</ROI_SIZE>
		<MAX_VALUE>[0.11853116005659103, 0.10456013679504395, 0.07421545684337616, 0.06896520406007767, 0.032547127455472946, 0.018131166696548462]</MAX_VALUE>
		<MIN_VALUE>[0.11428201198577881, 0.0969739705324173, 0.06558368355035782, 0.03203543648123741, 0.012258005328476429, 0.007363700773566961]</MIN_VALUE>
		<SIGNATURE_THRESHOLD_MD>0.0</SIGNATURE_THRESHOLD_MD>
		<SIGNATURE_THRESHOLD_ML>0.0</SIGNATURE_THRESHOLD_ML>
		<SIGNATURE_THRESHOLD_SAM>0.0</SIGNATURE_THRESHOLD_SAM>
	</signature>
	<signature ID="20200824_101019594988_841">
		<MACROCLASSID>1</MACROCLASSID>
		<MACROCLASSINFO>waterbody</MACROCLASSINFO>
		<CLASSID>3</CLASSID>
		<CLASSINFO>C 1</CLASSINFO>
		<VALUES>[0.12352549087751158, 0.0019647183541356542, 0.10949461191267403, 0.0021315533595558144, 0.07922158043284504, 0.001839187595933054, 0.054832853032992464, 0.007602724155594454, 0.01940191501972974, 0.004049421410968041, 0.010546739671665882, 0.001985791128606144]</VALUES>
		<LCS_MIN>[0.11850889772176743, 0.09857574850320816, 0.07174605131149292, 0.04331458732485771, 0.014304709620773792, 0.00787537731230259]</LCS_MIN>
		<LCS_MAX>[0.12925413250923157, 0.11599500477313995, 0.08413754403591156, 0.0805780440568924, 0.04431569203734398, 0.021712906658649445]</LCS_MAX>
		<WAVELENGTH>[0.48, 0.56, 0.655, 0.865, 1.61, 2.2]</WAVELENGTH>
		<MEAN_VALUE>[0.12352549087751158, 0.10949461191267403, 0.07922158043284504, 0.054832853032992464, 0.01940191501972974, 0.010546739671665882]</MEAN_VALUE>
		<CHECKBOX>2</CHECKBOX>
		<SD>[0.0019647183541356542, 0.0021315533595558144, 0.001839187595933054, 0.007602724155594454, 0.004049421410968041, 0.001985791128606144]</SD>
		<WAVELENGTH_UNIT>E-6m</WAVELENGTH_UNIT>
		<COLOR>#767f9a</COLOR>
		<COVARIANCE_MATRIX>[[3.86552437703358e-06, 4.013478246633895e-06, 3.1509775908489246e-06, 4.038549377582967e-06, 1.5326658058256726e-06, 1.0848743841052055e-06], [4.013478246633895e-06, 4.5498832150769886e-06, 3.6223220831743674e-06, 1.772838004399091e-06, 4.6272964482341195e-07, 5.963549938314827e-07], [3.1509775908489246e-06, 3.6223220831743674e-06, 3.3873486700031208e-06, -2.3852174990679487e-07, -2.6903470029537857e-07, 1.7582186728759552e-07], [4.038549377582967e-06, 1.772838004399091e-06, -2.3852174990679487e-07, 5.7882367400452495e-05, 2.7414665964897722e-05, 1.3127258171152789e-05], [1.5326658058256726e-06, 4.6272964482341195e-07, -2.6903470029537857e-07, 2.7414665964897722e-05, 1.6420779502368532e-05, 7.854020623199176e-06], [1.0848743841052055e-06, 5.963549938314827e-07, 1.7582186728759552e-07, 1.3127258171152789e-05, 7.854020623199176e-06, 3.948889116145438e-06]]</COVARIANCE_MATRIX>
		<ROI_SIZE>715</ROI_SIZE>
		<MAX_VALUE>[0.12925413250923157, 0.11599500477313995, 0.08413754403591156, 0.0805780440568924, 0.04431569203734398, 0.021712906658649445]</MAX_VALUE>
		<MIN_VALUE>[0.11850889772176743, 0.09857574850320816, 0.07174605131149292, 0.04331458732485771, 0.014304709620773792, 0.00787537731230259]</MIN_VALUE>
		<SIGNATURE_THRESHOLD_MD>0.0</SIGNATURE_THRESHOLD_MD>
		<SIGNATURE_THRESHOLD_ML>0.0</SIGNATURE_THRESHOLD_ML>
		<SIGNATURE_THRESHOLD_SAM>0.0</SIGNATURE_THRESHOLD_SAM>
	</signature>
	<signature ID="20200824_101057367559_568">
		<MACROCLASSID>1</MACROCLASSID>
		<MACROCLASSINFO>waterbody</MACROCLASSINFO>
		<CLASSID>4</CLASSID>
		<CLASSINFO>C 1</CLASSINFO>
		<VALUES>[0.14353820922144928, 0.0046427097765445215, 0.12456894520535527, 0.007212171169805802, 0.11745011750833094, 0.009318604160266357, 0.12105512437691167, 0.008717170603066723, 0.058886842595705084, 0.013740500469994251, 0.03803158315369882, 0.008537350027424982]</VALUES>
		<LCS_MIN>[0.12273580580949783, 0.0971296951174736, 0.08124545961618423, 0.08411528915166855, 0.02965502440929413, 0.01937699131667614]</LCS_MIN>
		<LCS_MAX>[0.15557214617729187, 0.14326965808868408, 0.14046652615070343, 0.14151215553283691, 0.08186835795640945, 0.05434902012348175]</LCS_MAX>
		<WAVELENGTH>[0.48, 0.56, 0.655, 0.865, 1.61, 2.2]</WAVELENGTH>
		<MEAN_VALUE>[0.14353820922144928, 0.12456894520535527, 0.11745011750833094, 0.12105512437691167, 0.058886842595705084, 0.03803158315369882]</MEAN_VALUE>
		<CHECKBOX>2</CHECKBOX>
		<SD>[0.0046427097765445215, 0.007212171169805802, 0.009318604160266357, 0.008717170603066723, 0.013740500469994251, 0.008537350027424982]</SD>
		<WAVELENGTH_UNIT>E-6m</WAVELENGTH_UNIT>
		<COLOR>#ade4b7</COLOR>
		<COVARIANCE_MATRIX>[[2.1606818336294964e-05, 3.2677504350431263e-05, 4.212291969452053e-05, 2.6552583221928217e-05, -2.558514643169474e-05, -1.5117376278794836e-05], [3.2677504350431263e-05, 5.214105476625264e-05, 6.719162047374994e-05, 4.5684158976655453e-05, -4.0965707739815116e-05, -2.4764503905316815e-05], [4.212291969452053e-05, 6.719162047374994e-05, 8.704612992005423e-05, 5.9406527725514024e-05, -5.230163151281886e-05, -3.158871186315082e-05], [2.6552583221928217e-05, 4.5684158976655453e-05, 5.9406527725514024e-05, 7.617261144332588e-05, 1.994826743612066e-05, 1.0929205927823205e-05], [-2.558514643169474e-05, -4.0965707739815116e-05, -5.230163151281886e-05, 1.994826743612066e-05, 0.00018925739277619869, 0.00011670047388179228], [-1.5117376278794836e-05, -2.4764503905316815e-05, -3.158871186315082e-05, 1.0929205927823205e-05, 0.00011670047388179228, 7.306240149773657e-05]]</COVARIANCE_MATRIX>
		<ROI_SIZE>415</ROI_SIZE>
		<MAX_VALUE>[0.15557214617729187, 0.14326965808868408, 0.14046652615070343, 0.14151215553283691, 0.08186835795640945, 0.05434902012348175]</MAX_VALUE>
		<MIN_VALUE>[0.12273580580949783, 0.0971296951174736, 0.08124545961618423, 0.08411528915166855, 0.02965502440929413, 0.01937699131667614]</MIN_VALUE>
		<SIGNATURE_THRESHOLD_MD>0.0</SIGNATURE_THRESHOLD_MD>
		<SIGNATURE_THRESHOLD_ML>0.0</SIGNATURE_THRESHOLD_ML>
		<SIGNATURE_THRESHOLD_SAM>0.0</SIGNATURE_THRESHOLD_SAM>
	</signature>
	<signature ID="20200824_101125112788_572">
		<MACROCLASSID>1</MACROCLASSID>
		<MACROCLASSINFO>waterbody</MACROCLASSINFO>
		<CLASSID>5</CLASSID>
		<CLASSINFO>C 1</CLASSINFO>
		<VALUES>[0.11834576146470176, 0.0030184164335860146, 0.10645729882849589, 0.002910210313055425, 0.08033827402525479, 0.0045775288504205786, 0.14303976049025852, 0.04538197676533729, 0.07510532273186576, 0.026788155409426997, 0.03724120360695654, 0.01346109976875437]</VALUES>
		<LCS_MIN>[0.11350337415933609, 0.10140108317136765, 0.07094515860080719, 0.07904301583766937, 0.03341474011540413, 0.020556075498461723]</LCS_MIN>
		<LCS_MAX>[0.12591709196567535, 0.11183485388755798, 0.09016644209623337, 0.21123374998569489, 0.11951000988483429, 0.06400414556264877]</LCS_MAX>
		<WAVELENGTH>[0.48, 0.56, 0.655, 0.865, 1.61, 2.2]</WAVELENGTH>
		<MEAN_VALUE>[0.11834576146470176, 0.10645729882849589, 0.08033827402525479, 0.14303976049025852, 0.07510532273186576, 0.03724120360695654]</MEAN_VALUE>
		<CHECKBOX>2</CHECKBOX>
		<SD>[0.0030184164335860146, 0.002910210313055425, 0.0045775288504205786, 0.04538197676533729, 0.026788155409426997, 0.01346109976875437]</SD>
		<WAVELENGTH_UNIT>E-6m</WAVELENGTH_UNIT>
		<COLOR>#c6c11f</COLOR>
		<COVARIANCE_MATRIX>[[9.64676928560948e-06, 7.769300282234326e-06, 1.0233589819108602e-05, -0.00010650431795511395, -5.2455703553278e-05, -2.084448715322651e-05], [7.769300282234326e-06, 8.967519534053281e-06, 8.661774700158276e-06, -7.77634559199214e-05, -3.612724322010763e-05, -1.5112137589312624e-05], [1.0233589819108602e-05, 8.661774700158276e-06, 2.2186344722285867e-05, -6.38197161606513e-05, -1.1326485036988743e-05, 6.882279194542207e-06], [-0.00010650431795511395, -7.77634559199214e-05, -6.38197161606513e-05, 0.002180672250688076, 0.0011805747635662556, 0.0005640957970172167], [-5.2455703553278e-05, -3.612724322010763e-05, -1.1326485036988743e-05, 0.0011805747635662556, 0.0007598173688165843, 0.00036979588912799954], [-2.084448715322651e-05, -1.5112137589312624e-05, 6.882279194542207e-06, 0.0005640957970172167, 0.00036979588912799954, 0.0001918601046781987]]</COVARIANCE_MATRIX>
		<ROI_SIZE>18</ROI_SIZE>
		<MAX_VALUE>[0.12591709196567535, 0.11183485388755798, 0.09016644209623337, 0.21123374998569489, 0.11951000988483429, 0.06400414556264877]</MAX_VALUE>
		<MIN_VALUE>[0.11350337415933609, 0.10140108317136765, 0.07094515860080719, 0.07904301583766937, 0.03341474011540413, 0.020556075498461723]</MIN_VALUE>
		<SIGNATURE_THRESHOLD_MD>0.0</SIGNATURE_THRESHOLD_MD>
		<SIGNATURE_THRESHOLD_ML>0.0</SIGNATURE_THRESHOLD_ML>
		<SIGNATURE_THRESHOLD_SAM>0.0</SIGNATURE_THRESHOLD_SAM>
	</signature>
	<signature ID="20200824_101211541790_536">
		<MACROCLASSID>1</MACROCLASSID>
		<MACROCLASSINFO>waterbody</MACROCLASSINFO>
		<CLASSID>6</CLASSID>
		<CLASSINFO>C 1</CLASSINFO>
		<VALUES>[0.15487403836515215, 0.005989076893463145, 0.14277535077251824, 0.009345443725272125, 0.1418299175683382, 0.012964955798916915, 0.14462557545735538, 0.014540596664545975, 0.039496987420362846, 0.014151237255621734, 0.025357367792130662, 0.008833821785009268]</VALUES>
		<LCS_MIN>[0.13490483164787292, 0.11979922652244568, 0.1114121675491333, 0.11252450942993164, 0.017174554988741875, 0.012235753238201141]</LCS_MIN>
		<LCS_MAX>[0.17150087654590607, 0.16306930780410767, 0.16829735040664673, 0.20682886242866516, 0.07147909700870514, 0.05285847932100296]</LCS_MAX>
		<WAVELENGTH>[0.48, 0.56, 0.655, 0.865, 1.61, 2.2]</WAVELENGTH>
		<MEAN_VALUE>[0.15487403836515215, 0.14277535077251824, 0.1418299175683382, 0.14462557545735538, 0.039496987420362846, 0.025357367792130662]</MEAN_VALUE>
		<CHECKBOX>2</CHECKBOX>
		<SD>[0.005989076893463145, 0.009345443725272125, 0.012964955798916915, 0.014540596664545975, 0.014151237255621734, 0.008833821785009268]</SD>
		<WAVELENGTH_UNIT>E-6m</WAVELENGTH_UNIT>
		<COLOR>#151569</COLOR>
		<COVARIANCE_MATRIX>[[3.591544373193756e-05, 5.2532850531861186e-05, 7.290719804586843e-05, 6.458700954681262e-05, -3.776733865379356e-05, -1.794983836589381e-05], [5.2532850531861186e-05, 8.74503020895645e-05, 0.00012082704779459164, 0.00010938562627416104, -7.11415777914226e-05, -3.7410485674627125e-05], [7.290719804586843e-05, 0.00012082704779459164, 0.00016830752429086715, 0.00015039309801068157, -0.00010015741281677037, -5.2818068070337176e-05], [6.458700954681262e-05, 0.00010938562627416104, 0.00015039309801068157, 0.00021170247055124491, -3.286818537162617e-05, -1.7195055988850072e-05], [-3.776733865379356e-05, -7.11415777914226e-05, -0.00010015741281677037, -3.286818537162617e-05, 0.00020051658793818206, 0.000122556317364797], [-1.794983836589381e-05, -3.7410485674627125e-05, -5.2818068070337176e-05, -1.7195055988850072e-05, 0.000122556317364797, 7.813736010575667e-05]]</COVARIANCE_MATRIX>
		<ROI_SIZE>774</ROI_SIZE>
		<MAX_VALUE>[0.17150087654590607, 0.16306930780410767, 0.16829735040664673, 0.20682886242866516, 0.07147909700870514, 0.05285847932100296]</MAX_VALUE>
		<MIN_VALUE>[0.13490483164787292, 0.11979922652244568, 0.1114121675491333, 0.11252450942993164, 0.017174554988741875, 0.012235753238201141]</MIN_VALUE>
		<SIGNATURE_THRESHOLD_MD>0.0</SIGNATURE_THRESHOLD_MD>
		<SIGNATURE_THRESHOLD_ML>0.0</SIGNATURE_THRESHOLD_ML>
		<SIGNATURE_THRESHOLD_SAM>0.0</SIGNATURE_THRESHOLD_SAM>
	</signature>
	<signature ID="20200824_101231060566_211">
		<MACROCLASSID>1</MACROCLASSID>
		<MACROCLASSINFO>waterbody</MACROCLASSINFO>
		<CLASSID>7</CLASSID>
		<CLASSINFO>C 1</CLASSINFO>
		<VALUES>[0.1466619637750444, 0.003814547199815647, 0.12957632073334294, 0.005872794558661039, 0.12206359820233441, 0.007352195423279868, 0.12316937252642622, 0.013431910696102433, 0.058584962584196536, 0.019875735046258686, 0.038333983009769805, 0.013082173732201828]</VALUES>
		<LCS_MIN>[0.1380416303873062, 0.11730758100748062, 0.10567247867584229, 0.09768587350845337, 0.02438253164291382, 0.01612894982099533]</LCS_MIN>
		<LCS_MAX>[0.16135632991790771, 0.14887584745883942, 0.14427076280117035, 0.16678453981876373, 0.09628430753946304, 0.07041123509407043]</LCS_MAX>
		<WAVELENGTH>[0.48, 0.56, 0.655, 0.865, 1.61, 2.2]</WAVELENGTH>
		<MEAN_VALUE>[0.1466619637750444, 0.12957632073334294, 0.12206359820233441, 0.12316937252642622, 0.058584962584196536, 0.038333983009769805]</MEAN_VALUE>
		<CHECKBOX>2</CHECKBOX>
		<SD>[0.003814547199815647, 0.005872794558661039, 0.007352195423279868, 0.013431910696102433, 0.019875735046258686, 0.013082173732201828]</SD>
		<WAVELENGTH_UNIT>E-6m</WAVELENGTH_UNIT>
		<COLOR>#183247</COLOR>
		<COVARIANCE_MATRIX>[[1.4597110748582054e-05, 2.161062730010599e-05, 2.6691788661992177e-05, 1.2828322724089958e-05, -6.3197458075592294e-06, -2.4777789349172963e-06], [2.161062730010599e-05, 3.459955405560322e-05, 4.2592368117766455e-05, 2.07135162781924e-05, -1.6960204447968863e-05, -9.335721188108437e-06], [2.6691788661992177e-05, 4.2592368117766455e-05, 5.422692629508674e-05, 2.4902561563067138e-05, -2.061625855276361e-05, -1.124733989854576e-05], [1.2828322724089958e-05, 2.07135162781924e-05, 2.4902561563067138e-05, 0.00018099079898092896, 0.00021474756067618728, 0.0001358671288471669], [-6.3197458075592294e-06, -1.6960204447968863e-05, -2.061625855276361e-05, 0.00021474756067618728, 0.00039630295941606164, 0.0002563338784966618], [-2.4777789349172963e-06, -9.335721188108437e-06, -1.124733989854576e-05, 0.0001358671288471669, 0.0002563338784966618, 0.0001716883125482127]]</COVARIANCE_MATRIX>
		<ROI_SIZE>315</ROI_SIZE>
		<MAX_VALUE>[0.16135632991790771, 0.14887584745883942, 0.14427076280117035, 0.16678453981876373, 0.09628430753946304, 0.07041123509407043]</MAX_VALUE>
		<MIN_VALUE>[0.1380416303873062, 0.11730758100748062, 0.10567247867584229, 0.09768587350845337, 0.02438253164291382, 0.01612894982099533]</MIN_VALUE>
		<SIGNATURE_THRESHOLD_MD>0.0</SIGNATURE_THRESHOLD_MD>
		<SIGNATURE_THRESHOLD_ML>0.0</SIGNATURE_THRESHOLD_ML>
		<SIGNATURE_THRESHOLD_SAM>0.0</SIGNATURE_THRESHOLD_SAM>
	</signature>
	<signature ID="20200824_101250831297_808">
		<MACROCLASSID>1</MACROCLASSID>
		<MACROCLASSINFO>waterbody</MACROCLASSINFO>
		<CLASSID>8</CLASSID>
		<CLASSINFO>C 1</CLASSINFO>
		<VALUES>[0.12682630213591745, 0.0026063105066985665, 0.12099500607709138, 0.00945112725039452, 0.11646422506097812, 0.013018656673171994, 0.07474776411344154, 0.01084747172965324, 0.020121277397343693, 0.006509423783803597, 0.011676484713925107, 0.0039107516476908875]</VALUES>
		<LCS_MIN>[0.12068910151720047, 0.10502732545137405, 0.09450456500053406, 0.05726335197687149, 0.01010005734860897, 0.006340340711176395]</LCS_MIN>
		<LCS_MAX>[0.13615064322948456, 0.13928745687007904, 0.1391984522342682, 0.1120128333568573, 0.051723890006542206, 0.045828476548194885]</LCS_MAX>
		<WAVELENGTH>[0.48, 0.56, 0.655, 0.865, 1.61, 2.2]</WAVELENGTH>
		<MEAN_VALUE>[0.12682630213591745, 0.12099500607709138, 0.11646422506097812, 0.07474776411344154, 0.020121277397343693, 0.011676484713925107]</MEAN_VALUE>
		<CHECKBOX>2</CHECKBOX>
		<SD>[0.0026063105066985665, 0.00945112725039452, 0.013018656673171994, 0.01084747172965324, 0.006509423783803597, 0.0039107516476908875]</SD>
		<WAVELENGTH_UNIT>E-6m</WAVELENGTH_UNIT>
		<COLOR>#c23b57</COLOR>
		<COVARIANCE_MATRIX>[[7.548799658252392e-06, 2.3230479200719856e-05, 3.155499143758789e-05, -1.8630697013577446e-05, -8.842871466185898e-07, -5.0971763698726136e-08], [2.3230479200719856e-05, 8.773015724727884e-05, 0.00012096292630303651, -7.065117097226903e-05, -3.3383430491085164e-06, -2.032821385000716e-06], [3.155499143758789e-05, 0.00012096292630303651, 0.0001682533766143024, -0.00010311458026990294, -8.086229172477033e-06, -4.7087100938369986e-06], [-1.8630697013577446e-05, -7.065117097226903e-05, -0.00010311458026990294, 0.00013039154873695225, 5.165253605809994e-05, 2.692848829610739e-05], [-8.842871466185898e-07, -3.3383430491085164e-06, -8.086229172477033e-06, 5.165253605809994e-05, 4.7460573114221916e-05, 2.5247351004509255e-05], [-5.0971763698726136e-08, -2.032821385000716e-06, -4.7087100938369986e-06, 2.692848829610739e-05, 2.5247351004509255e-05, 1.5027123481559101e-05]]</COVARIANCE_MATRIX>
		<ROI_SIZE>733</ROI_SIZE>
		<MAX_VALUE>[0.13615064322948456, 0.13928745687007904, 0.1391984522342682, 0.1120128333568573, 0.051723890006542206, 0.045828476548194885]</MAX_VALUE>
		<MIN_VALUE>[0.12068910151720047, 0.10502732545137405, 0.09450456500053406, 0.05726335197687149, 0.01010005734860897, 0.006340340711176395]</MIN_VALUE>
		<SIGNATURE_THRESHOLD_MD>0.0</SIGNATURE_THRESHOLD_MD>
		<SIGNATURE_THRESHOLD_ML>0.0</SIGNATURE_THRESHOLD_ML>
		<SIGNATURE_THRESHOLD_SAM>0.0</SIGNATURE_THRESHOLD_SAM>
	</signature>
	<signature ID="20200824_101310668018_430">
		<MACROCLASSID>1</MACROCLASSID>
		<MACROCLASSINFO>waterbody</MACROCLASSINFO>
		<CLASSID>9</CLASSID>
		<CLASSINFO>C 1</CLASSINFO>
		<VALUES>[0.11870044031137374, 0.006950632691130346, 0.1058514570395877, 0.014209965136354502, 0.08930029569152932, 0.015223595118077776, 0.040966385782870755, 0.009014632007737874, 0.012910956655087416, 0.004673100793262084, 0.007727849076857798, 0.0022383769463060707]</VALUES>
		<LCS_MIN>[0.10393722355365753, 0.07695180922746658, 0.05890963226556778, 0.02816450037062168, 0.008209076710045338, 0.005650696810334921]</LCS_MIN>
		<LCS_MAX>[0.12558341026306152, 0.12068910151720047, 0.1062953919172287, 0.0817793756723404, 0.05528339743614197, 0.034349117428064346]</LCS_MAX>
		<WAVELENGTH>[0.48, 0.56, 0.655, 0.865, 1.61, 2.2]</WAVELENGTH>
		<MEAN_VALUE>[0.11870044031137374, 0.1058514570395877, 0.08930029569152932, 0.040966385782870755, 0.012910956655087416, 0.007727849076857798]</MEAN_VALUE>
		<CHECKBOX>2</CHECKBOX>
		<SD>[0.006950632691130346, 0.014209965136354502, 0.015223595118077776, 0.009014632007737874, 0.004673100793262084, 0.0022383769463060707]</SD>
		<WAVELENGTH_UNIT>E-6m</WAVELENGTH_UNIT>
		<COLOR>#963e90</COLOR>
		<COVARIANCE_MATRIX>[[4.8370140575570986e-05, 9.800484258448705e-05, 0.00010417032899567857, 5.276245701679727e-06, -5.608441369986394e-06, -3.4066595162585145e-06], [9.800484258448705e-05, 0.0002021690597757697, 0.0002157088601961732, 1.2429534763214178e-05, -1.05765229818644e-05, -6.6588036133907735e-06], [0.00010417032899567857, 0.0002157088601961732, 0.00023204013996291906, 9.28859481064137e-06, -1.2924790098622907e-05, -7.827353329048492e-06], [5.276245701679727e-06, 1.2429534763214178e-05, 9.28859481064137e-06, 8.136257383739576e-05, 3.7376797990873456e-05, 1.6597299691056833e-05], [-5.608441369986394e-06, -1.05765229818644e-05, -1.2924790098622907e-05, 3.7376797990873456e-05, 2.186447090934962e-05, 1.0094528988702223e-05], [-3.4066595162585145e-06, -6.6588036133907735e-06, -7.827353329048492e-06, 1.6597299691056833e-05, 1.0094528988702223e-05, 5.016433988203062e-06]]</COVARIANCE_MATRIX>
		<ROI_SIZE>822</ROI_SIZE>
		<MAX_VALUE>[0.12558341026306152, 0.12068910151720047, 0.1062953919172287, 0.0817793756723404, 0.05528339743614197, 0.034349117428064346]</MAX_VALUE>
		<MIN_VALUE>[0.10393722355365753, 0.07695180922746658, 0.05890963226556778, 0.02816450037062168, 0.008209076710045338, 0.005650696810334921]</MIN_VALUE>
		<SIGNATURE_THRESHOLD_MD>0.0</SIGNATURE_THRESHOLD_MD>
		<SIGNATURE_THRESHOLD_ML>0.0</SIGNATURE_THRESHOLD_ML>
		<SIGNATURE_THRESHOLD_SAM>0.0</SIGNATURE_THRESHOLD_SAM>
	</signature>
	<signature ID="20200824_101322870244_631">
		<MACROCLASSID>1</MACROCLASSID>
		<MACROCLASSINFO>waterbody</MACROCLASSINFO>
		<CLASSID>10</CLASSID>
		<CLASSINFO>C 1</CLASSINFO>
		<VALUES>[0.09922709017992021, 0.00448925348066726, 0.06961342816039463, 0.009025943498065606, 0.05026624635937285, 0.009110915013596578, 0.03236882536835277, 0.005274742228974091, 0.010545593603830984, 0.0022410706031619583, 0.006054621788951538, 0.0010789369364736956]</VALUES>
		<LCS_MIN>[0.09519422799348831, 0.06142352521419525, 0.04184630513191223, 0.022424811497330666, 0.008164589293301105, 0.005005532409995794]</LCS_MIN>
		<LCS_MAX>[0.11243551969528198, 0.09443783015012741, 0.07559476047754288, 0.05492744222283363, 0.02438253164291382, 0.012569461949169636]</LCS_MAX>
		<WAVELENGTH>[0.48, 0.56, 0.655, 0.865, 1.61, 2.2]</WAVELENGTH>
		<MEAN_VALUE>[0.09922709017992021, 0.06961342816039463, 0.05026624635937285, 0.03236882536835277, 0.010545593603830984, 0.006054621788951538]</MEAN_VALUE>
		<CHECKBOX>2</CHECKBOX>
		<SD>[0.00448925348066726, 0.009025943498065606, 0.009110915013596578, 0.005274742228974091, 0.0022410706031619583, 0.0010789369364736956]</SD>
		<WAVELENGTH_UNIT>E-6m</WAVELENGTH_UNIT>
		<COLOR>#746ca5</COLOR>
		<COVARIANCE_MATRIX>[[2.0195035176584497e-05, 4.020407504867762e-05, 4.0282127883983776e-05, 1.2592793609655928e-05, 1.3653708492711303e-06, 7.174983238655841e-07], [4.020407504867762e-05, 8.163597522070631e-05, 8.212413376895711e-05, 2.6589148546918295e-05, 3.1781978577782866e-06, 1.6529614867977216e-06], [4.0282127883983776e-05, 8.212413376895711e-05, 8.31802753964439e-05, 2.566958573879674e-05, 2.6551238079264294e-06, 1.3911887890571961e-06], [1.2592793609655928e-05, 2.6589148546918295e-05, 2.566958573879674e-05, 2.7880390916834585e-05, 9.920236152538564e-06, 4.410732799442485e-06], [1.3653708492711303e-06, 3.1781978577782866e-06, 2.6551238079264294e-06, 9.920236152538564e-06, 5.032774424762465e-06, 2.2893050299899187e-06], [7.174983238655841e-07, 1.6529614867977216e-06, 1.3911887890571961e-06, 4.410732799442485e-06, 2.2893050299899187e-06, 1.166510060102155e-06]]</COVARIANCE_MATRIX>
		<ROI_SIZE>485</ROI_SIZE>
		<MAX_VALUE>[0.11243551969528198, 0.09443783015012741, 0.07559476047754288, 0.05492744222283363, 0.02438253164291382, 0.012569461949169636]</MAX_VALUE>
		<MIN_VALUE>[0.09519422799348831, 0.06142352521419525, 0.04184630513191223, 0.022424811497330666, 0.008164589293301105, 0.005005532409995794]</MIN_VALUE>
		<SIGNATURE_THRESHOLD_MD>0.0</SIGNATURE_THRESHOLD_MD>
		<SIGNATURE_THRESHOLD_ML>0.0</SIGNATURE_THRESHOLD_ML>
		<SIGNATURE_THRESHOLD_SAM>0.0</SIGNATURE_THRESHOLD_SAM>
	</signature>
	<signature ID="20200824_101337569290_801">
		<MACROCLASSID>1</MACROCLASSID>
		<MACROCLASSINFO>waterbody</MACROCLASSINFO>
		<CLASSID>11</CLASSID>
		<CLASSINFO>C 1</CLASSINFO>
		<VALUES>[0.141203354326515, 0.004808432945705757, 0.14862398133653892, 0.006866811724442035, 0.13606144062722994, 0.008124608211164952, 0.04346565781582886, 0.004639788780109766, 0.009098799001669959, 0.0017889673389927425, 0.005411944596178354, 0.0009475699572720248]</VALUES>
		<LCS_MIN>[0.12122301757335663, 0.12391488254070282, 0.11279147118330002, 0.030900847166776657, 0.006540569011121988, 0.004204644355922937]</LCS_MIN>
		<LCS_MAX>[0.14756329357624054, 0.1613340824842453, 0.1530805081129074, 0.07325883954763412, 0.029566047713160515, 0.019399242475628853]</LCS_MAX>
		<WAVELENGTH>[0.48, 0.56, 0.655, 0.865, 1.61, 2.2]</WAVELENGTH>
		<MEAN_VALUE>[0.141203354326515, 0.14862398133653892, 0.13606144062722994, 0.04346565781582886, 0.009098799001669959, 0.005411944596178354]</MEAN_VALUE>
		<CHECKBOX>2</CHECKBOX>
		<SD>[0.004808432945705757, 0.006866811724442035, 0.008124608211164952, 0.004639788780109766, 0.0017889673389927425, 0.0009475699572720248]</SD>
		<WAVELENGTH_UNIT>E-6m</WAVELENGTH_UNIT>
		<COLOR>#731521</COLOR>
		<COVARIANCE_MATRIX>[[1.5978785086190328e-05, 2.2578995412914082e-05, 2.5299746994278394e-05, 6.320770353340777e-06, -1.1334585678923759e-06, -6.090797910474066e-07], [2.2578995412914082e-05, 4.027233080705628e-05, 4.92179169668816e-05, 4.660737886297284e-06, -3.910296982212458e-06, -2.0041964035044657e-06], [2.5299746994278394e-05, 4.92179169668816e-05, 6.936218414921314e-05, 3.2508100957784336e-06, -5.785358098364668e-06, -2.8048691547155613e-06], [6.320770353340777e-06, 4.660737886297284e-06, 3.2508100957784336e-06, 3.0546816560672596e-05, 1.1942664059461094e-05, 5.3114827096578665e-06], [-1.1334585678923759e-06, -3.910296982212458e-06, -5.785358098364668e-06, 1.1942664059461094e-05, 6.375153589033289e-06, 2.9609336706926115e-06], [-6.090797910474066e-07, -2.0041964035044657e-06, -2.8048691547155613e-06, 5.3114827096578665e-06, 2.9609336706926115e-06, 1.5100906693987781e-06]]</COVARIANCE_MATRIX>
		<ROI_SIZE>4602</ROI_SIZE>
		<MAX_VALUE>[0.14756329357624054, 0.1613340824842453, 0.1530805081129074, 0.07325883954763412, 0.029566047713160515, 0.019399242475628853]</MAX_VALUE>
		<MIN_VALUE>[0.12122301757335663, 0.12391488254070282, 0.11279147118330002, 0.030900847166776657, 0.006540569011121988, 0.004204644355922937]</MIN_VALUE>
		<SIGNATURE_THRESHOLD_MD>0.0</SIGNATURE_THRESHOLD_MD>
		<SIGNATURE_THRESHOLD_ML>0.0</SIGNATURE_THRESHOLD_ML>
		<SIGNATURE_THRESHOLD_SAM>0.0</SIGNATURE_THRESHOLD_SAM>
	</signature>
	<signature ID="20200824_101358190966_618">
		<MACROCLASSID>1</MACROCLASSID>
		<MACROCLASSINFO>waterbody</MACROCLASSINFO>
		<CLASSID>12</CLASSID>
		<CLASSINFO>C 1</CLASSINFO>
		<VALUES>[0.10260061203135974, 0.0032624302179674633, 0.07799735443671502, 0.007499278929913543, 0.05813441998853607, 0.006710704094712042, 0.03920429672475777, 0.008193847321913706, 0.014636566526733237, 0.0037727573717050967, 0.008769623093899215, 0.0017943234496958116]</VALUES>
		<LCS_MIN>[0.09606185555458069, 0.06311427801847458, 0.045517031103372574, 0.027630571275949478, 0.005784176755696535, 0.005917656701058149]</LCS_MIN>
		<LCS_MAX>[0.11541660130023956, 0.10189051926136017, 0.08162365853786469, 0.06487177312374115, 0.04071171581745148, 0.02504993975162506]</LCS_MAX>
		<WAVELENGTH>[0.48, 0.56, 0.655, 0.865, 1.61, 2.2]</WAVELENGTH>
		<MEAN_VALUE>[0.10260061203135974, 0.07799735443671502, 0.05813441998853607, 0.03920429672475777, 0.014636566526733237, 0.008769623093899215]</MEAN_VALUE>
		<CHECKBOX>2</CHECKBOX>
		<SD>[0.0032624302179674633, 0.007499278929913543, 0.006710704094712042, 0.008193847321913706, 0.0037727573717050967, 0.0017943234496958116]</SD>
		<WAVELENGTH_UNIT>E-6m</WAVELENGTH_UNIT>
		<COLOR>#e40b13</COLOR>
		<COVARIANCE_MATRIX>[[1.0650476724549662e-05, 2.3226897610584274e-05, 2.0530576875898987e-05, 8.752615030971356e-06, 2.811677859426709e-06, 1.6133308236021549e-06], [2.3226897610584274e-05, 5.627630525850691e-05, 4.7126384743023664e-05, 1.4162933439365588e-05, 4.22460698246141e-06, 2.640698312461609e-06], [2.0530576875898987e-05, 4.7126384743023664e-05, 4.506327604758553e-05, 1.2480101759138051e-05, 3.699709395732498e-06, 2.5251013084925944e-06], [8.752615030971356e-06, 1.4162933439365588e-05, 1.2480101759138051e-05, 6.718344957334921e-05, 2.8249234674149193e-05, 1.2315474123170134e-05], [2.811677859426709e-06, 4.22460698246141e-06, 3.699709395732498e-06, 2.8249234674149193e-05, 1.4243093573895749e-05, 6.443652182497317e-06], [1.6133308236021549e-06, 2.640698312461609e-06, 2.5251013084925944e-06, 1.2315474123170134e-05, 6.443652182497317e-06, 3.22172172673163e-06]]</COVARIANCE_MATRIX>
		<ROI_SIZE>1516</ROI_SIZE>
		<MAX_VALUE>[0.11541660130023956, 0.10189051926136017, 0.08162365853786469, 0.06487177312374115, 0.04071171581745148, 0.02504993975162506]</MAX_VALUE>
		<MIN_VALUE>[0.09606185555458069, 0.06311427801847458, 0.045517031103372574, 0.027630571275949478, 0.005784176755696535, 0.005917656701058149]</MIN_VALUE>
		<SIGNATURE_THRESHOLD_MD>0.0</SIGNATURE_THRESHOLD_MD>
		<SIGNATURE_THRESHOLD_ML>0.0</SIGNATURE_THRESHOLD_ML>
		<SIGNATURE_THRESHOLD_SAM>0.0</SIGNATURE_THRESHOLD_SAM>
	</signature>
	<signature ID="20200824_101417953690_170">
		<MACROCLASSID>1</MACROCLASSID>
		<MACROCLASSINFO>waterbody</MACROCLASSINFO>
		<CLASSID>13</CLASSID>
		<CLASSINFO>C 1</CLASSINFO>
		<VALUES>[0.12476971309481708, 0.0023449368220042482, 0.12178650804654709, 0.0030571658799877885, 0.08168229098210435, 0.004586232274034078, 0.0702384371332747, 0.005983755740054267, 0.038953395763632034, 0.0052113775854786965, 0.025265205093284997, 0.0031787078849427504]</VALUES>
		<LCS_MIN>[0.11864238232374191, 0.11038881540298462, 0.07245796173810959, 0.060088708996772766, 0.03272509574890137, 0.019221266731619835]</LCS_MIN>
		<LCS_MAX>[0.1366623193025589, 0.13528302311897278, 0.1079416573047638, 0.09319201111793518, 0.06302528083324432, 0.04896528273820877]</LCS_MAX>
		<WAVELENGTH>[0.48, 0.56, 0.655, 0.865, 1.61, 2.2]</WAVELENGTH>
		<MEAN_VALUE>[0.12476971309481708, 0.12178650804654709, 0.08168229098210435, 0.0702384371332747, 0.038953395763632034, 0.025265205093284997]</MEAN_VALUE>
		<CHECKBOX>2</CHECKBOX>
		<SD>[0.0023449368220042482, 0.0030571658799877885, 0.004586232274034078, 0.005983755740054267, 0.0052113775854786965, 0.0031787078849427504]</SD>
		<WAVELENGTH_UNIT>E-6m</WAVELENGTH_UNIT>
		<COLOR>#2926cb</COLOR>
		<COVARIANCE_MATRIX>[[4.224722488288535e-06, 4.870039447268937e-06, 2.0385466541483765e-06, -2.203653366450453e-06, -1.0791476370286546e-06, -8.018127317654944e-08], [4.870039447268937e-06, 8.154576789820567e-06, 6.732591828040313e-06, 2.073536364832762e-07, 4.301151079744159e-07, 6.370926826093637e-07], [2.0385466541483765e-06, 6.732591828040313e-06, 1.5682762750657275e-05, 1.5936266208882444e-05, 1.172442534880247e-05, 6.516585926874541e-06], [-2.203653366450453e-06, 2.073536364832762e-07, 1.5936266208882444e-05, 3.802460560109466e-05, 2.8360498617985286e-05, 1.517631062597502e-05], [-1.0791476370286546e-06, 4.301151079744159e-07, 1.172442534880247e-05, 2.8360498617985286e-05, 2.60702108789701e-05, 1.4366944014909677e-05], [-8.018127317654944e-08, 6.370926826093637e-07, 6.516585926874541e-06, 1.517631062597502e-05, 1.4366944014909677e-05, 8.771684406383429e-06]]</COVARIANCE_MATRIX>
		<ROI_SIZE>2596</ROI_SIZE>
		<MAX_VALUE>[0.1366623193025589, 0.13528302311897278, 0.1079416573047638, 0.09319201111793518, 0.06302528083324432, 0.04896528273820877]</MAX_VALUE>
		<MIN_VALUE>[0.11864238232374191, 0.11038881540298462, 0.07245796173810959, 0.060088708996772766, 0.03272509574890137, 0.019221266731619835]</MIN_VALUE>
		<SIGNATURE_THRESHOLD_MD>0.0</SIGNATURE_THRESHOLD_MD>
		<SIGNATURE_THRESHOLD_ML>0.0</SIGNATURE_THRESHOLD_ML>
		<SIGNATURE_THRESHOLD_SAM>0.0</SIGNATURE_THRESHOLD_SAM>
	</signature>
	<signature ID="20200824_101437042433_675">
		<MACROCLASSID>1</MACROCLASSID>
		<MACROCLASSINFO>waterbody</MACROCLASSINFO>
		<CLASSID>14</CLASSID>
		<CLASSINFO>C 1</CLASSINFO>
		<VALUES>[0.10275888542334238, 0.0004974213468887358, 0.08631179767350353, 0.0008405349666890169, 0.05376689707239469, 0.0007141217279648339, 0.056799142124752205, 0.005726150507325234, 0.01301402629663547, 0.004023284919545938, 0.007361845051248868, 0.0021788101619183995]</VALUES>
		<LCS_MIN>[0.10182376950979233, 0.0842042788863182, 0.05214659124612808, 0.050055380910634995, 0.009009964764118195, 0.005316988565027714]</LCS_MIN>
		<LCS_MAX>[0.10447116196155548, 0.08938778936862946, 0.057107627391815186, 0.08135668188333511, 0.03408215567469597, 0.018286898732185364]</LCS_MAX>
		<WAVELENGTH>[0.48, 0.56, 0.655, 0.865, 1.61, 2.2]</WAVELENGTH>
		<MEAN_VALUE>[0.10275888542334238, 0.08631179767350353, 0.05376689707239469, 0.056799142124752205, 0.01301402629663547, 0.007361845051248868]</MEAN_VALUE>
		<CHECKBOX>2</CHECKBOX>
		<SD>[0.0004974213468887358, 0.0008405349666890169, 0.0007141217279648339, 0.005726150507325234, 0.004023284919545938, 0.0021788101619183995]</SD>
		<WAVELENGTH_UNIT>E-6m</WAVELENGTH_UNIT>
		<COLOR>#d2965d</COLOR>
		<COVARIANCE_MATRIX>[[2.5162168526549067e-07, 3.278530016359582e-07, 2.9381945410023036e-07, 1.7674268519840552e-06, 1.093979903998843e-06, 6.766780416000984e-07], [3.278530016359582e-07, 7.18473586402979e-07, 4.987075499229832e-07, 2.334109240109683e-06, 1.407211243531492e-06, 8.137236022776051e-07], [2.9381945410023036e-07, 4.987075499229832e-07, 5.186133762435929e-07, 2.5509575607429724e-06, 1.5646228348487057e-06, 9.463585115554451e-07], [1.7674268519840552e-06, 2.334109240109683e-06, 2.5509575607429724e-06, 3.334454231662676e-05, 2.1628222384606488e-05, 1.0347063835070003e-05], [1.093979903998843e-06, 1.407211243531492e-06, 1.5646228348487057e-06, 2.1628222384606488e-05, 1.6461173800053075e-05, 8.023739610507619e-06], [6.766780416000984e-07, 8.137236022776051e-07, 9.463585115554451e-07, 1.0347063835070003e-05, 8.023739610507619e-06, 4.827675184060354e-06]]</COVARIANCE_MATRIX>
		<ROI_SIZE>60</ROI_SIZE>
		<MAX_VALUE>[0.10447116196155548, 0.08938778936862946, 0.057107627391815186, 0.08135668188333511, 0.03408215567469597, 0.018286898732185364]</MAX_VALUE>
		<MIN_VALUE>[0.10182376950979233, 0.0842042788863182, 0.05214659124612808, 0.050055380910634995, 0.009009964764118195, 0.005316988565027714]</MIN_VALUE>
		<SIGNATURE_THRESHOLD_MD>0.0</SIGNATURE_THRESHOLD_MD>
		<SIGNATURE_THRESHOLD_ML>0.0</SIGNATURE_THRESHOLD_ML>
		<SIGNATURE_THRESHOLD_SAM>0.0</SIGNATURE_THRESHOLD_SAM>
	</signature>
	<signature ID="20200824_101450507606_711">
		<MACROCLASSID>1</MACROCLASSID>
		<MACROCLASSINFO>waterbody</MACROCLASSINFO>
		<CLASSID>15</CLASSID>
		<CLASSINFO>C 1</CLASSINFO>
		<VALUES>[0.12997458488322222, 0.0017822508647374706, 0.11958531032388028, 0.002641968623861135, 0.10197437010132349, 0.002992353375541373, 0.06668361104451694, 0.008426437820173433, 0.015038003518174472, 0.0061291681549818875, 0.008261273140445927, 0.0027357593126547345]</VALUES>
		<LCS_MIN>[0.1202664002776146, 0.10462687909603119, 0.08649569749832153, 0.055350128561258316, 0.009299177676439285, 0.00569518469274044]</LCS_MIN>
		<LCS_MAX>[0.13265790045261383, 0.12251333147287369, 0.10605067759752274, 0.09194618463516235, 0.044137727469205856, 0.02151268720626831]</LCS_MAX>
		<WAVELENGTH>[0.48, 0.56, 0.655, 0.865, 1.61, 2.2]</WAVELENGTH>
		<MEAN_VALUE>[0.12997458488322222, 0.11958531032388028, 0.10197437010132349, 0.06668361104451694, 0.015038003518174472, 0.008261273140445927]</MEAN_VALUE>
		<CHECKBOX>2</CHECKBOX>
		<SD>[0.0017822508647374706, 0.002641968623861135, 0.002992353375541373, 0.008426437820173433, 0.0061291681549818875, 0.0027357593126547345]</SD>
		<WAVELENGTH_UNIT>E-6m</WAVELENGTH_UNIT>
		<COLOR>#4f8c00</COLOR>
		<COVARIANCE_MATRIX>[[3.2387008559453534e-06, 4.611018994182814e-06, 5.2486193453660235e-06, -8.8290216808673e-06, -5.51340235688258e-06, -2.226094011348323e-06], [4.611018994182814e-06, 7.11686107024434e-06, 7.605188784509664e-06, -1.1009674381057266e-05, -7.206357622635551e-06, -3.1603597108187387e-06], [5.2486193453660235e-06, 7.605188784509664e-06, 9.129750651482027e-06, -1.4115346857579425e-05, -9.188243893731851e-06, -3.487314643280115e-06], [-8.8290216808673e-06, -1.1009674381057266e-05, -1.4115346857579425e-05, 7.239710976136848e-05, 4.490825085667893e-05, 1.7233789549209177e-05], [-5.51340235688258e-06, -7.206357622635551e-06, -9.188243893731851e-06, 4.490825085667893e-05, 3.8303303881548345e-05, 1.5967440049280412e-05], [-2.226094011348323e-06, -3.1603597108187387e-06, -3.487314643280115e-06, 1.7233789549209177e-05, 1.5967440049280412e-05, 7.631131666130386e-06]]</COVARIANCE_MATRIX>
		<ROI_SIZE>52</ROI_SIZE>
		<MAX_VALUE>[0.13265790045261383, 0.12251333147287369, 0.10605067759752274, 0.09194618463516235, 0.044137727469205856, 0.02151268720626831]</MAX_VALUE>
		<MIN_VALUE>[0.1202664002776146, 0.10462687909603119, 0.08649569749832153, 0.055350128561258316, 0.009299177676439285, 0.00569518469274044]</MIN_VALUE>
		<SIGNATURE_THRESHOLD_MD>0.0</SIGNATURE_THRESHOLD_MD>
		<SIGNATURE_THRESHOLD_ML>0.0</SIGNATURE_THRESHOLD_ML>
		<SIGNATURE_THRESHOLD_SAM>0.0</SIGNATURE_THRESHOLD_SAM>
	</signature>
