<?xml version="1.0" ?>
<signaturelist MCID_LIST="[['1', 'waterbody', '#0000ff'], ['2', 'vegetation', '#55ff00'], ['3', 'bare land', '#ffaa00'], ['4', 'built-up', '#ff0000']]">
	<signature ID="20200731_161133831609_821">
		<MACROCLASSID>1</MACROCLASSID>
		<MACROCLASSINFO>MC 1</MACROCLASSINFO>
		<CLASSID>1</CLASSID>
		<CLASSINFO>C 1</CLASSINFO>
		<VALUES>[0.1122671792367058, 0.0014207091828055342, 0.07859753060029517, 0.00249790322029252, 0.05526806812789011, 0.002942713407532932, 0.05672357653670794, 0.010175389099687588, 0.01851662112775242, 0.00748005437627039, 0.009458193514815793, 0.0043525012877784685]</VALUES>
		<LCS_MIN>[0.1084389016032219, 0.07311273366212845, 0.04926832392811775, 0.04285917431116104, 0.01050975825637579, 0.004100621212273836]</LCS_MIN>
		<LCS_MAX>[0.11849305033683777, 0.09355513006448746, 0.07414548099040985, 0.10051102191209793, 0.06378757953643799, 0.04191755875945091]</LCS_MAX>
		<WAVELENGTH>[0.48, 0.56, 0.655, 0.865, 1.61, 2.2]</WAVELENGTH>
		<MEAN_VALUE>[0.1122671792367058, 0.07859753060029517, 0.05526806812789011, 0.05672357653670794, 0.01851662112775242, 0.009458193514815793]</MEAN_VALUE>
		<CHECKBOX>2</CHECKBOX>
		<SD>[0.0014207091828055342, 0.00249790322029252, 0.002942713407532932, 0.010175389099687588, 0.00748005437627039, 0.0043525012877784685]</SD>
		<WAVELENGTH_UNIT>E-6m</WAVELENGTH_UNIT>
		<COLOR>#df9ab3</COLOR>
		<COVARIANCE_MATRIX>[[1.5862661939536338e-06, 2.3134980438044295e-06, 2.581698254289222e-06, 3.5930063404521206e-06, 3.268975888204295e-06, 2.219012685600319e-06], [2.3134980438044295e-06, 4.540721420198679e-06, 5.167867129785009e-06, 1.0737790944403969e-05, 8.946124580688775e-06, 5.708528078685049e-06], [2.581698254289222e-06, 5.167867129785009e-06, 6.446139650506666e-06, 1.3824066627421416e-05, 1.176535715785576e-05, 7.473618552467087e-06], [3.5930063404521206e-06, 1.0737790944403969e-05, 1.3824066627421416e-05, 8.936807716963813e-05, 5.987509939586744e-05, 3.2942069083219394e-05], [3.268975888204295e-06, 8.946124580688775e-06, 1.176535715785576e-05, 5.987509939586744e-05, 4.895566962659359e-05, 2.7671680072671734e-05], [2.219012685600319e-06, 5.708528078685049e-06, 7.473618552467087e-06, 3.2942069083219394e-05, 2.7671680072671734e-05, 1.6437967133242637e-05]]</COVARIANCE_MATRIX>
		<ROI_SIZE>2533</ROI_SIZE>
		<MAX_VALUE>[0.11849305033683777, 0.09355513006448746, 0.07414548099040985, 0.10051102191209793, 0.06378757953643799, 0.04191755875945091]</MAX_VALUE>
		<MIN_VALUE>[0.1084389016032219, 0.07311273366212845, 0.04926832392811775, 0.04285917431116104, 0.01050975825637579, 0.004100621212273836]</MIN_VALUE>
		<SIGNATURE_THRESHOLD_MD>0.0</SIGNATURE_THRESHOLD_MD>
		<SIGNATURE_THRESHOLD_ML>0.0</SIGNATURE_THRESHOLD_ML>
		<SIGNATURE_THRESHOLD_SAM>0.0</SIGNATURE_THRESHOLD_SAM>
	</signature>
	<signature ID="20200731_161204530914_232">
		<MACROCLASSID>1</MACROCLASSID>
		<MACROCLASSINFO>waterbody</MACROCLASSINFO>
		<CLASSID>2</CLASSID>
		<CLASSINFO>C 1</CLASSINFO>
		<VALUES>[0.11959776678180932, 0.004413852111996765, 0.09047982231118624, 0.007212326648349833, 0.06478678231363309, 0.007107365116470267, 0.060746505492387845, 0.0140167905213106, 0.024063393763992393, 0.01100798390599958, 0.013454281425519021, 0.007196225150635391]</VALUES>
		<LCS_MIN>[0.11384566873311996, 0.0801597386598587, 0.055768582969903946, 0.04279843345284462, 0.011876635253429413, 0.003098252695053816]</LCS_MIN>
		<LCS_MAX>[0.1344095766544342, 0.11004877090454102, 0.08447299152612686, 0.1026068925857544, 0.0664302185177803, 0.048357054591178894]</LCS_MAX>
		<WAVELENGTH>[0.48, 0.56, 0.655, 0.865, 1.61, 2.2]</WAVELENGTH>
		<MEAN_VALUE>[0.11959776678180932, 0.09047982231118624, 0.06478678231363309, 0.060746505492387845, 0.024063393763992393, 0.013454281425519021]</MEAN_VALUE>
		<CHECKBOX>2</CHECKBOX>
		<SD>[0.004413852111996765, 0.007212326648349833, 0.007107365116470267, 0.0140167905213106, 0.01100798390599958, 0.007196225150635391]</SD>
		<WAVELENGTH_UNIT>E-6m</WAVELENGTH_UNIT>
		<COLOR>#60b517</COLOR>
		<COVARIANCE_MATRIX>[[1.612555752217304e-05, 2.4928011043812148e-05, 2.4509496142854914e-05, 3.6304965760791674e-05, 2.8880489480798133e-05, 1.9741981304832734e-05], [2.4928011043812148e-05, 4.171858381596394e-05, 4.052258736919612e-05, 5.970622805762105e-05, 4.79364134662319e-05, 3.235547410440631e-05], [2.4509496142854914e-05, 4.052258736919612e-05, 4.095338226761669e-05, 6.506827048724517e-05, 5.2554867579601705e-05, 3.534709321684204e-05], [3.6304965760791674e-05, 5.970622805762105e-05, 6.506827048724517e-05, 0.00016120108193717897, 0.00011930942855542526, 7.582925900351256e-05], [2.8880489480798133e-05, 4.79364134662319e-05, 5.2554867579601705e-05, 0.00011930942855542526, 0.00010117325291503221, 6.50782385491766e-05], [1.9741981304832734e-05, 3.235547410440631e-05, 3.534709321684204e-05, 7.582925900351256e-05, 6.50782385491766e-05, 4.2926181777147576e-05]]</COVARIANCE_MATRIX>
		<ROI_SIZE>3541</ROI_SIZE>
		<MAX_VALUE>[0.1344095766544342, 0.11004877090454102, 0.08447299152612686, 0.1026068925857544, 0.0664302185177803, 0.048357054591178894]</MAX_VALUE>
		<MIN_VALUE>[0.11384566873311996, 0.0801597386598587, 0.055768582969903946, 0.04279843345284462, 0.011876635253429413, 0.003098252695053816]</MIN_VALUE>
		<SIGNATURE_THRESHOLD_MD>0.0</SIGNATURE_THRESHOLD_MD>
		<SIGNATURE_THRESHOLD_ML>0.0</SIGNATURE_THRESHOLD_ML>
		<SIGNATURE_THRESHOLD_SAM>0.0</SIGNATURE_THRESHOLD_SAM>
	</signature>
	<signature ID="20200731_161300002418_441">
		<MACROCLASSID>1</MACROCLASSID>
		<MACROCLASSINFO>waterbody</MACROCLASSINFO>
		<CLASSID>3</CLASSID>
		<CLASSINFO>C 1</CLASSINFO>
		<VALUES>[0.15296373242149694, 0.0032931334186961448, 0.12451277115680386, 0.0035087952803650154, 0.09049889621487768, 0.0045717503839032255, 0.056858875092254235, 0.004568157975929663, 0.02685889171208984, 0.003051764559277775, 0.017465589561256815, 0.002024869773487977]</VALUES>
		<LCS_MIN>[0.14552682638168335, 0.11648829281330109, 0.08189111202955246, 0.048934195190668106, 0.021870030090212822, 0.013911766931414604]</LCS_MIN>
		<LCS_MAX>[0.1659388691186905, 0.13841907680034637, 0.10810478031635284, 0.07766897231340408, 0.04674718901515007, 0.029980158433318138]</LCS_MAX>
		<WAVELENGTH>[0.48, 0.56, 0.655, 0.865, 1.61, 2.2]</WAVELENGTH>
		<MEAN_VALUE>[0.15296373242149694, 0.12451277115680386, 0.09049889621487768, 0.056858875092254235, 0.02685889171208984, 0.017465589561256815]</MEAN_VALUE>
		<CHECKBOX>2</CHECKBOX>
		<SD>[0.0032931334186961448, 0.0035087952803650154, 0.0045717503839032255, 0.004568157975929663, 0.003051764559277775, 0.002024869773487977]</SD>
		<WAVELENGTH_UNIT>E-6m</WAVELENGTH_UNIT>
		<COLOR>#64acb2</COLOR>
		<COVARIANCE_MATRIX>[[9.50603589444654e-06, 9.89855016086949e-06, 1.1933726455026772e-05, 1.1432193787186407e-05, 7.203141649370082e-06, 4.560560228128452e-06], [9.89855016086949e-06, 1.0897569154622033e-05, 1.2781505574821495e-05, 1.1596699550864287e-05, 7.327711500693113e-06, 4.595573955157306e-06], [1.1933726455026772e-05, 1.2781505574821495e-05, 1.7068641682271846e-05, 1.5859288396313787e-05, 1.0052773177449126e-05, 6.5197632466151845e-06], [1.1432193787186407e-05, 1.1596699550864287e-05, 1.5859288396313787e-05, 1.708048876025714e-05, 1.114954829972703e-05, 7.336310773098376e-06], [7.203141649370082e-06, 7.327711500693113e-06, 1.0052773177449126e-05, 1.114954829972703e-05, 7.822888619557489e-06, 5.248810794000747e-06], [4.560560228128452e-06, 4.595573955157306e-06, 6.5197632466151845e-06, 7.336310773098376e-06, 5.248810794000747e-06, 3.700623210534104e-06]]</COVARIANCE_MATRIX>
		<ROI_SIZE>10170</ROI_SIZE>
		<MAX_VALUE>[0.1659388691186905, 0.13841907680034637, 0.10810478031635284, 0.07766897231340408, 0.04674718901515007, 0.029980158433318138]</MAX_VALUE>
		<MIN_VALUE>[0.14552682638168335, 0.11648829281330109, 0.08189111202955246, 0.048934195190668106, 0.021870030090212822, 0.013911766931414604]</MIN_VALUE>
		<SIGNATURE_THRESHOLD_MD>0.0</SIGNATURE_THRESHOLD_MD>
		<SIGNATURE_THRESHOLD_ML>0.0</SIGNATURE_THRESHOLD_ML>
		<SIGNATURE_THRESHOLD_SAM>0.0</SIGNATURE_THRESHOLD_SAM>
	</signature>
	<signature ID="20200731_161309979947_495">
		<MACROCLASSID>1</MACROCLASSID>
		<MACROCLASSINFO>waterbody</MACROCLASSINFO>
		<CLASSID>4</CLASSID>
		<CLASSINFO>C 1</CLASSINFO>
		<VALUES>[0.14438291096506428, 0.003366378724313191, 0.11661454506230817, 0.0043892781053209255, 0.08989845773345188, 0.005143023110260119, 0.06361720113992284, 0.007476989913485419, 0.03263693148628465, 0.006562420503052996, 0.023139785091819576, 0.005226964250105583]</VALUES>
		<LCS_MIN>[0.1368395835161209, 0.1031232699751854, 0.07882323116064072, 0.05497882515192032, 0.02721603401005268, 0.018954025581479073]</LCS_MIN>
		<LCS_MAX>[0.16937124729156494, 0.14564833045005798, 0.12557043135166168, 0.11032215505838394, 0.08110135048627853, 0.06664284318685532]</LCS_MAX>
		<WAVELENGTH>[0.48, 0.56, 0.655, 0.865, 1.61, 2.2]</WAVELENGTH>
		<MEAN_VALUE>[0.14438291096506428, 0.11661454506230817, 0.08989845773345188, 0.06361720113992284, 0.03263693148628465, 0.023139785091819576]</MEAN_VALUE>
		<CHECKBOX>2</CHECKBOX>
		<SD>[0.003366378724313191, 0.0043892781053209255, 0.005143023110260119, 0.007476989913485419, 0.006562420503052996, 0.005226964250105583]</SD>
		<WAVELENGTH_UNIT>E-6m</WAVELENGTH_UNIT>
		<COLOR>#10702a</COLOR>
		<COVARIANCE_MATRIX>[[1.117451029131189e-05, 1.3313849194673821e-05, 1.6244362996076234e-05, 1.658270412008278e-05, 1.4616537555411924e-05, 1.1378758244973142e-05], [1.3313849194673821e-05, 1.8304092009202577e-05, 2.0498724552453496e-05, 1.9105131286778487e-05, 1.744036671880167e-05, 1.3714853594137821e-05], [1.6244362996076234e-05, 2.0498724552453496e-05, 2.6402569346828386e-05, 2.8302269129198976e-05, 2.5577783162589185e-05, 2.0064166164956987e-05], [1.658270412008278e-05, 1.9105131286778487e-05, 2.8302269129198976e-05, 4.8776957555674016e-05, 3.954449130105786e-05, 3.0181034162524156e-05], [1.4616537555411924e-05, 1.744036671880167e-05, 2.5577783162589185e-05, 3.954449130105786e-05, 3.947272489313036e-05, 3.141583511023782e-05], [1.1378758244973142e-05, 1.3714853594137821e-05, 2.0064166164956987e-05, 3.0181034162524156e-05, 3.141583511023782e-05, 2.5978022677008994e-05]]</COVARIANCE_MATRIX>
		<ROI_SIZE>7275</ROI_SIZE>
		<MAX_VALUE>[0.16937124729156494, 0.14564833045005798, 0.12557043135166168, 0.11032215505838394, 0.08110135048627853, 0.06664284318685532]</MAX_VALUE>
		<MIN_VALUE>[0.1368395835161209, 0.1031232699751854, 0.07882323116064072, 0.05497882515192032, 0.02721603401005268, 0.018954025581479073]</MIN_VALUE>
		<SIGNATURE_THRESHOLD_MD>0.0</SIGNATURE_THRESHOLD_MD>
		<SIGNATURE_THRESHOLD_ML>0.0</SIGNATURE_THRESHOLD_ML>
		<SIGNATURE_THRESHOLD_SAM>0.0</SIGNATURE_THRESHOLD_SAM>
	</signature>
	<signature ID="20200731_161318150294_407">
		<MACROCLASSID>1</MACROCLASSID>
		<MACROCLASSINFO>waterbody</MACROCLASSINFO>
		<CLASSID>5</CLASSID>
		<CLASSINFO>C 1</CLASSINFO>
		<VALUES>[0.2003230287395294, 0.008108013093446567, 0.16752941350486406, 0.006952837724136074, 0.1301726343792568, 0.006499466319131085, 0.09288671061691701, 0.008947758059636246, 0.05437102841502267, 0.006728888315000681, 0.042802888120865704, 0.005807498830150744]</VALUES>
		<LCS_MIN>[0.18282738327980042, 0.15488234162330627, 0.11739953607320786, 0.07469222694635391, 0.040611423552036285, 0.03073953650891781]</LCS_MIN>
		<LCS_MAX>[0.22113031148910522, 0.1865938901901245, 0.14838208258152008, 0.11557704955339432, 0.07171548157930374, 0.057651836425065994]</LCS_MAX>
		<WAVELENGTH>[0.48, 0.56, 0.655, 0.865, 1.61, 2.2]</WAVELENGTH>
		<MEAN_VALUE>[0.2003230287395294, 0.16752941350486406, 0.1301726343792568, 0.09288671061691701, 0.05437102841502267, 0.042802888120865704]</MEAN_VALUE>
		<CHECKBOX>2</CHECKBOX>
		<SD>[0.008108013093446567, 0.006952837724136074, 0.006499466319131085, 0.008947758059636246, 0.006728888315000681, 0.005807498830150744]</SD>
		<WAVELENGTH_UNIT>E-6m</WAVELENGTH_UNIT>
		<COLOR>#443440</COLOR>
		<COVARIANCE_MATRIX>[[6.449969077948481e-05, 5.2886432968080044e-05, 4.5135049731470644e-05, 7.077938062138855e-05, 5.216307545197196e-05, 4.5223601773614064e-05], [5.2886432968080044e-05, 4.550339872366749e-05, 4.041233114548959e-05, 5.885103382752277e-05, 4.3426494812592864e-05, 3.763899803743698e-05], [4.5135049731470644e-05, 4.041233114548959e-05, 3.9297632611123845e-05, 5.0773971452144906e-05, 3.63600229320582e-05, 3.148982432321645e-05], [7.077938062138855e-05, 5.885103382752277e-05, 5.0773971452144906e-05, 7.865127554396167e-05, 5.784073073300533e-05, 5.015872011426836e-05], [5.216307545197196e-05, 4.3426494812592864e-05, 3.63600229320582e-05, 5.784073073300533e-05, 4.393271592562087e-05, 3.7901765608694404e-05], [4.5223601773614064e-05, 3.763899803743698e-05, 3.148982432321645e-05, 5.015872011426836e-05, 3.7901765608694404e-05, 3.2855892641237006e-05]]</COVARIANCE_MATRIX>
		<ROI_SIZE>10200</ROI_SIZE>
		<MAX_VALUE>[0.22113031148910522, 0.1865938901901245, 0.14838208258152008, 0.11557704955339432, 0.07171548157930374, 0.057651836425065994]</MAX_VALUE>
		<MIN_VALUE>[0.18282738327980042, 0.15488234162330627, 0.11739953607320786, 0.07469222694635391, 0.040611423552036285, 0.03073953650891781]</MIN_VALUE>
		<SIGNATURE_THRESHOLD_MD>0.0</SIGNATURE_THRESHOLD_MD>
		<SIGNATURE_THRESHOLD_ML>0.0</SIGNATURE_THRESHOLD_ML>
		<SIGNATURE_THRESHOLD_SAM>0.0</SIGNATURE_THRESHOLD_SAM>
	</signature>
	<signature ID="20200731_161402567122_485">
		<MACROCLASSID>1</MACROCLASSID>
		<MACROCLASSINFO>waterbody</MACROCLASSINFO>
		<CLASSID>6</CLASSID>
		<CLASSINFO>C 1</CLASSINFO>
		<VALUES>[0.19670631307924197, 0.004045399038357243, 0.15099446197891753, 0.003994227975363309, 0.11377103261575822, 0.003998106198338377, 0.0837312309889017, 0.0038549633762279944, 0.04249007027448706, 0.002452261120428305, 0.02809854939629141, 0.0019460647587862488]</VALUES>
		<LCS_MIN>[0.18850751221179962, 0.1424589604139328, 0.10576589405536652, 0.07572498172521591, 0.03733092173933983, 0.023844407871365547]</LCS_MIN>
		<LCS_MAX>[0.20898032188415527, 0.16205085813999176, 0.12550969421863556, 0.09586364030838013, 0.0496024489402771, 0.03453642502427101]</LCS_MAX>
		<WAVELENGTH>[0.48, 0.56, 0.655, 0.865, 1.61, 2.2]</WAVELENGTH>
		<MEAN_VALUE>[0.19670631307924197, 0.15099446197891753, 0.11377103261575822, 0.0837312309889017, 0.04249007027448706, 0.02809854939629141]</MEAN_VALUE>
		<CHECKBOX>2</CHECKBOX>
		<SD>[0.004045399038357243, 0.003994227975363309, 0.003998106198338377, 0.0038549633762279944, 0.002452261120428305, 0.0019460647587862488]</SD>
		<WAVELENGTH_UNIT>E-6m</WAVELENGTH_UNIT>
		<COLOR>#b87ddc</COLOR>
		<COVARIANCE_MATRIX>[[1.8860642740037292e-05, 1.838321622926742e-05, 1.8767566871247254e-05, 1.8101218302035704e-05, 1.1020947567885742e-05, 8.133477422234137e-06], [1.838321622926742e-05, 1.8709089999902062e-05, 1.8647046090336516e-05, 1.763917680364102e-05, 1.0993525393132586e-05, 8.137738404911943e-06], [1.8767566871247254e-05, 1.8647046090336516e-05, 1.9373450413695537e-05, 1.871467975433916e-05, 1.163335400633514e-05, 8.614303624199238e-06], [1.8101218302035704e-05, 1.763917680364102e-05, 1.871467975433916e-05, 1.8641463611857034e-05, 1.1685645404213574e-05, 8.746609637455549e-06], [1.1020947567885742e-05, 1.0993525393132586e-05, 1.163335400633514e-05, 1.1685645404213574e-05, 8.226969839597587e-06, 6.3449588196817786e-06], [8.133477422234137e-06, 8.137738404911943e-06, 8.614303624199238e-06, 8.746609637455549e-06, 6.3449588196817786e-06, 5.103156127006514e-06]]</COVARIANCE_MATRIX>
		<ROI_SIZE>10169</ROI_SIZE>
		<MAX_VALUE>[0.20898032188415527, 0.16205085813999176, 0.12550969421863556, 0.09586364030838013, 0.0496024489402771, 0.03453642502427101]</MAX_VALUE>
		<MIN_VALUE>[0.18850751221179962, 0.1424589604139328, 0.10576589405536652, 0.07572498172521591, 0.03733092173933983, 0.023844407871365547]</MIN_VALUE>
		<SIGNATURE_THRESHOLD_MD>0.0</SIGNATURE_THRESHOLD_MD>
		<SIGNATURE_THRESHOLD_ML>0.0</SIGNATURE_THRESHOLD_ML>
		<SIGNATURE_THRESHOLD_SAM>0.0</SIGNATURE_THRESHOLD_SAM>
	</signature>
	<signature ID="20200731_161408855123_925">
		<MACROCLASSID>1</MACROCLASSID>
		<MACROCLASSINFO>waterbody</MACROCLASSINFO>
		<CLASSID>7</CLASSID>
		<CLASSINFO>C 1</CLASSINFO>
		<VALUES>[0.1820157686254561, 0.0036090307532877855, 0.147854714919337, 0.0041277249700905835, 0.10754549678279822, 0.004439662299615017, 0.06414791820540097, 0.003085731053199124, 0.027842757474360623, 0.0017103433491095703, 0.017240894316286778, 0.0011238763329237237]</VALUES>
		<LCS_MIN>[0.17599299550056458, 0.14078833162784576, 0.09969089180231094, 0.05901871621608734, 0.024330399930477142, 0.014823010191321373]</LCS_MIN>
		<LCS_MAX>[0.19552414119243622, 0.16199009120464325, 0.12307966500520706, 0.0777297392487526, 0.035295791923999786, 0.021627027541399002]</LCS_MAX>
		<WAVELENGTH>[0.48, 0.56, 0.655, 0.865, 1.61, 2.2]</WAVELENGTH>
		<MEAN_VALUE>[0.1820157686254561, 0.147854714919337, 0.10754549678279822, 0.06414791820540097, 0.027842757474360623, 0.017240894316286778]</MEAN_VALUE>
		<CHECKBOX>2</CHECKBOX>
		<SD>[0.0036090307532877855, 0.0041277249700905835, 0.004439662299615017, 0.003085731053199124, 0.0017103433491095703, 0.0011238763329237237]</SD>
		<WAVELENGTH_UNIT>E-6m</WAVELENGTH_UNIT>
		<COLOR>#84ed7c</COLOR>
		<COVARIANCE_MATRIX>[[1.0849892532860395e-05, 1.2205185157654341e-05, 1.2727915418508928e-05, 9.028911335917655e-06, 4.785614692082163e-06, 3.121121153526474e-06], [1.2205185157654341e-05, 1.4660466149507556e-05, 1.5668874766561203e-05, 9.963561751646921e-06, 5.161613898962969e-06, 3.3720782539603533e-06], [1.2727915418508928e-05, 1.5668874766561203e-05, 1.719088504614774e-05, 1.027360758598661e-05, 5.234589480096474e-06, 3.4201743801531848e-06], [9.028911335917655e-06, 9.963561751646921e-06, 1.027360758598661e-05, 7.79771198722301e-06, 4.1675398279039655e-06, 2.7191777007828932e-06], [4.785614692082163e-06, 5.161613898962969e-06, 5.234589480096474e-06, 4.1675398279039655e-06, 2.36826258515066e-06, 1.5340065147029236e-06], [3.121121153526474e-06, 3.3720782539603533e-06, 3.4201743801531848e-06, 2.7191777007828932e-06, 1.5340065147029236e-06, 1.0535563887970056e-06]]</COVARIANCE_MATRIX>
		<ROI_SIZE>10165</ROI_SIZE>
		<MAX_VALUE>[0.19552414119243622, 0.16199009120464325, 0.12307966500520706, 0.0777297392487526, 0.035295791923999786, 0.021627027541399002]</MAX_VALUE>
		<MIN_VALUE>[0.17599299550056458, 0.14078833162784576, 0.09969089180231094, 0.05901871621608734, 0.024330399930477142, 0.014823010191321373]</MIN_VALUE>
		<SIGNATURE_THRESHOLD_MD>0.0</SIGNATURE_THRESHOLD_MD>
		<SIGNATURE_THRESHOLD_ML>0.0</SIGNATURE_THRESHOLD_ML>
		<SIGNATURE_THRESHOLD_SAM>0.0</SIGNATURE_THRESHOLD_SAM>
	</signature>
	<signature ID="20200731_161441397798_178">
		<MACROCLASSID>1</MACROCLASSID>
		<MACROCLASSINFO>waterbody</MACROCLASSINFO>
		<CLASSID>8</CLASSID>
		<CLASSINFO>C 1</CLASSINFO>
		<VALUES>[0.165979081307081, 0.003087769411980545, 0.15986532309657472, 0.004137079327948975, 0.14787731206563157, 0.0056509558152678906, 0.08494154265476303, 0.008562080683062018, 0.03278200776069614, 0.00800785604961462, 0.020590924434718886, 0.005855587756388604]</VALUES>
		<LCS_MIN>[0.1567048579454422, 0.14376507699489594, 0.12623868882656097, 0.07201921194791794, 0.023662157356739044, 0.013759888708591461]</LCS_MIN>
		<LCS_MAX>[0.17256061732769012, 0.1680043786764145, 0.15697821974754333, 0.12462878972291946, 0.07769937068223953, 0.05546483024954796]</LCS_MAX>
		<WAVELENGTH>[0.48, 0.56, 0.655, 0.865, 1.61, 2.2]</WAVELENGTH>
		<MEAN_VALUE>[0.165979081307081, 0.15986532309657472, 0.14787731206563157, 0.08494154265476303, 0.03278200776069614, 0.020590924434718886]</MEAN_VALUE>
		<CHECKBOX>2</CHECKBOX>
		<SD>[0.003087769411980545, 0.004137079327948975, 0.0056509558152678906, 0.008562080683062018, 0.00800785604961462, 0.005855587756388604]</SD>
		<WAVELENGTH_UNIT>E-6m</WAVELENGTH_UNIT>
		<COLOR>#b4ea44</COLOR>
		<COVARIANCE_MATRIX>[[1.0699893209675793e-05, 1.2498832802521065e-05, 1.7329013644484803e-05, -6.996694537519943e-06, -4.569301836454542e-06, -1.5453895230166381e-06], [1.2498832802521065e-05, 1.952251659531612e-05, 2.200426024501212e-05, -1.8885353711084463e-05, -1.261105717276223e-05, -7.134921361284796e-06], [1.7329013644484803e-05, 2.200426024501212e-05, 3.7339596019592136e-05, -1.709562639007345e-05, -1.350491675111698e-05, -6.802384632464964e-06], [-6.996694537519943e-06, -1.8885353711084463e-05, -1.709562639007345e-05, 7.002434722380713e-05, 5.623856850434095e-05, 3.876186383422464e-05], [-4.569301836454542e-06, -1.261105717276223e-05, -1.350491675111698e-05, 5.623856850434095e-05, 5.6752454838715494e-05, 4.0319268009625375e-05], [-1.5453895230166381e-06, -7.134921361284796e-06, -6.802384632464964e-06, 3.876186383422464e-05, 4.0319268009625375e-05, 2.9684069886570796e-05]]</COVARIANCE_MATRIX>
		<ROI_SIZE>2845</ROI_SIZE>
		<MAX_VALUE>[0.17256061732769012, 0.1680043786764145, 0.15697821974754333, 0.12462878972291946, 0.07769937068223953, 0.05546483024954796]</MAX_VALUE>
		<MIN_VALUE>[0.1567048579454422, 0.14376507699489594, 0.12623868882656097, 0.07201921194791794, 0.023662157356739044, 0.013759888708591461]</MIN_VALUE>
		<SIGNATURE_THRESHOLD_MD>0.0</SIGNATURE_THRESHOLD_MD>
		<SIGNATURE_THRESHOLD_ML>0.0</SIGNATURE_THRESHOLD_ML>
		<SIGNATURE_THRESHOLD_SAM>0.0</SIGNATURE_THRESHOLD_SAM>
	</signature>
	<signature ID="20200731_161446814971_447">
		<MACROCLASSID>1</MACROCLASSID>
		<MACROCLASSINFO>waterbody</MACROCLASSINFO>
		<CLASSID>9</CLASSID>
		<CLASSINFO>C 1</CLASSINFO>
		<VALUES>[0.1832034547370814, 0.005360681483311802, 0.17043175994523596, 0.00490071471791133, 0.16897690154322828, 0.007888544624994396, 0.14643982588528706, 0.013471703528348897, 0.07189441249531976, 0.012523777813701084, 0.05089652540365341, 0.008548178912511967]</VALUES>
		<LCS_MIN>[0.16293174028396606, 0.14871621131896973, 0.12648166716098785, 0.12314043194055557, 0.051333826035261154, 0.035781797021627426]</LCS_MIN>
		<LCS_MAX>[0.19090715050697327, 0.17814964056015015, 0.1807618886232376, 0.19941218197345734, 0.11703503876924515, 0.08362248539924622]</LCS_MAX>
		<WAVELENGTH>[0.48, 0.56, 0.655, 0.865, 1.61, 2.2]</WAVELENGTH>
		<MEAN_VALUE>[0.1832034547370814, 0.17043175994523596, 0.16897690154322828, 0.14643982588528706, 0.07189441249531976, 0.05089652540365341]</MEAN_VALUE>
		<CHECKBOX>2</CHECKBOX>
		<SD>[0.005360681483311802, 0.00490071471791133, 0.007888544624994396, 0.013471703528348897, 0.012523777813701084, 0.008548178912511967]</SD>
		<WAVELENGTH_UNIT>E-6m</WAVELENGTH_UNIT>
		<COLOR>#95bba9</COLOR>
		<COVARIANCE_MATRIX>[[2.876349026337266e-05, 2.4401913833571598e-05, 3.103566632489674e-05, 1.642788265598938e-05, 9.321206562162843e-06, 1.120440265367506e-05], [2.4401913833571598e-05, 2.4039221898419783e-05, 3.415044557186775e-05, 7.720878784311935e-06, -5.751286380473175e-07, 3.5512596241460415e-06], [3.103566632489674e-05, 3.415044557186775e-05, 6.22867009951733e-05, 2.0499128368101083e-06, -2.362140548939351e-05, -1.1859223377541639e-05], [1.642788265598938e-05, 7.720878784311935e-06, 2.0499128368101083e-06, 0.0001816546864574775, 0.00013884309737477452, 8.969654300017282e-05], [9.321206562162843e-06, -5.751286380473175e-07, -2.362140548939351e-05, 0.00013884309737477452, 0.00015699010691605508, 0.00010539190407143906], [1.120440265367506e-05, 3.5512596241460415e-06, -1.1859223377541639e-05, 8.969654300017282e-05, 0.00010539190407143906, 7.313895912375301e-05]]</COVARIANCE_MATRIX>
		<ROI_SIZE>1082</ROI_SIZE>
		<MAX_VALUE>[0.19090715050697327, 0.17814964056015015, 0.1807618886232376, 0.19941218197345734, 0.11703503876924515, 0.08362248539924622]</MAX_VALUE>
		<MIN_VALUE>[0.16293174028396606, 0.14871621131896973, 0.12648166716098785, 0.12314043194055557, 0.051333826035261154, 0.035781797021627426]</MIN_VALUE>
		<SIGNATURE_THRESHOLD_MD>0.0</SIGNATURE_THRESHOLD_MD>
		<SIGNATURE_THRESHOLD_ML>0.0</SIGNATURE_THRESHOLD_ML>
		<SIGNATURE_THRESHOLD_SAM>0.0</SIGNATURE_THRESHOLD_SAM>
	</signature>
	<signature ID="20200731_161457275012_736">
		<MACROCLASSID>1</MACROCLASSID>
		<MACROCLASSINFO>waterbody</MACROCLASSINFO>
		<CLASSID>10</CLASSID>
		<CLASSINFO>C 1</CLASSINFO>
		<VALUES>[0.16486949678237087, 0.0031662047739782957, 0.14867068258596416, 0.0030035488821223808, 0.12929274091805554, 0.003267791843474764, 0.09770059302855336, 0.009608963322459899, 0.049099184314972205, 0.010004310448846296, 0.03239972327115402, 0.00692952837269037]</VALUES>
		<LCS_MIN>[0.15421409904956818, 0.13790269196033478, 0.11937392503023148, 0.08845211565494537, 0.03736129403114319, 0.023722900077700615]</LCS_MIN>
		<LCS_MAX>[0.17240874469280243, 0.15591509640216827, 0.14412957429885864, 0.13917843997478485, 0.09073025733232498, 0.06406096369028091]</LCS_MAX>
		<WAVELENGTH>[0.48, 0.56, 0.655, 0.865, 1.61, 2.2]</WAVELENGTH>
		<MEAN_VALUE>[0.16486949678237087, 0.14867068258596416, 0.12929274091805554, 0.09770059302855336, 0.049099184314972205, 0.03239972327115402]</MEAN_VALUE>
		<CHECKBOX>2</CHECKBOX>
		<SD>[0.0031662047739782957, 0.0030035488821223808, 0.003267791843474764, 0.009608963322459899, 0.010004310448846296, 0.00692952837269037]</SD>
		<WAVELENGTH_UNIT>E-6m</WAVELENGTH_UNIT>
		<COLOR>#7f74ae</COLOR>
		<COVARIANCE_MATRIX>[[1.0645856491464656e-05, 9.747313924890477e-06, 1.0864872820093296e-05, 5.792293904960388e-06, 6.6595207499631215e-06, 6.381652838172158e-06], [9.747313924890477e-06, 1.0121121704287361e-05, 1.1376059774192981e-05, -1.7454961209750763e-07, 8.961806656770932e-07, 2.5378737973369425e-06], [1.0864872820093296e-05, 1.1376059774192981e-05, 1.4522142009809613e-05, 5.5581381275260355e-06, 6.173753718030639e-06, 6.752175067958888e-06], [5.792293904960388e-06, -1.7454961209750763e-07, 5.5581381275260355e-06, 0.00011852497846120968, 0.00010894465231103823, 7.32555563445203e-05], [6.6595207499631215e-06, 8.961806656770932e-07, 6.173753718030639e-06, 0.00010894465231103823, 0.0001104907423723489, 7.44730859878473e-05], [6.381652838172158e-06, 2.5378737973369425e-06, 6.752175067958888e-06, 7.32555563445203e-05, 7.44730859878473e-05, 5.1852210162905976e-05]]</COVARIANCE_MATRIX>
		<ROI_SIZE>916</ROI_SIZE>
		<MAX_VALUE>[0.17240874469280243, 0.15591509640216827, 0.14412957429885864, 0.13917843997478485, 0.09073025733232498, 0.06406096369028091]</MAX_VALUE>
		<MIN_VALUE>[0.15421409904956818, 0.13790269196033478, 0.11937392503023148, 0.08845211565494537, 0.03736129403114319, 0.023722900077700615]</MIN_VALUE>
		<SIGNATURE_THRESHOLD_MD>0.0</SIGNATURE_THRESHOLD_MD>
		<SIGNATURE_THRESHOLD_ML>0.0</SIGNATURE_THRESHOLD_ML>
		<SIGNATURE_THRESHOLD_SAM>0.0</SIGNATURE_THRESHOLD_SAM>
	</signature>
	<signature ID="20200731_161534264608_811">
		<MACROCLASSID>1</MACROCLASSID>
		<MACROCLASSINFO>waterbody</MACROCLASSINFO>
		<CLASSID>11</CLASSID>
		<CLASSINFO>C 1</CLASSINFO>
		<VALUES>[0.18001481208055392, 0.004359246658346821, 0.16787786078353167, 0.006245489306947773, 0.16716794994290332, 0.009866273235384061, 0.16335096102020594, 0.015872864486507376, 0.08614726952542472, 0.01831336390124729, 0.059285718302487, 0.011273819847605145]</VALUES>
		<LCS_MIN>[0.16478461027145386, 0.1457090675830841, 0.13106830418109894, 0.13945183157920837, 0.05680133402347565, 0.04039880260825157]</LCS_MIN>
		<LCS_MAX>[0.18717101216316223, 0.17732951045036316, 0.18231101334095, 0.2168474644422531, 0.14072756469249725, 0.09243126213550568]</LCS_MAX>
		<WAVELENGTH>[0.48, 0.56, 0.655, 0.865, 1.61, 2.2]</WAVELENGTH>
		<MEAN_VALUE>[0.18001481208055392, 0.16787786078353167, 0.16716794994290332, 0.16335096102020594, 0.08614726952542472, 0.059285718302487]</MEAN_VALUE>
		<CHECKBOX>2</CHECKBOX>
		<SD>[0.004359246658346821, 0.006245489306947773, 0.009866273235384061, 0.015872864486507376, 0.01831336390124729, 0.011273819847605145]</SD>
		<WAVELENGTH_UNIT>E-6m</WAVELENGTH_UNIT>
		<COLOR>#04fc43</COLOR>
		<COVARIANCE_MATRIX>[[1.6746294932090677e-05, 2.3158961994340643e-05, 3.5497421777108684e-05, -2.191472776758019e-05, -3.425853356020525e-05, -1.5654261005693115e-05], [2.3158961994340643e-05, 3.414489037822932e-05, 5.2881878218613565e-05, -3.620183633756824e-05, -5.570788562181406e-05, -2.659667734405957e-05], [3.5497421777108684e-05, 5.2881878218613565e-05, 8.732737478567287e-05, -7.290080247912556e-05, -0.00010946912516374141, -5.5734944908181205e-05], [-2.191472776758019e-05, -3.620183633756824e-05, -7.290080247912556e-05, 0.0002624036278575659, 0.00027589156525209546, 0.00015964395424816757], [-3.425853356020525e-05, -5.570788562181406e-05, -0.00010946912516374141, 0.00027589156525209546, 0.00036863540299236774, 0.00021952424140181392], [-1.5654261005693115e-05, -2.659667734405957e-05, -5.5734944908181205e-05, 0.00015964395424816757, 0.00021952424140181392, 0.00013565091649070382]]</COVARIANCE_MATRIX>
		<ROI_SIZE>589</ROI_SIZE>
		<MAX_VALUE>[0.18717101216316223, 0.17732951045036316, 0.18231101334095, 0.2168474644422531, 0.14072756469249725, 0.09243126213550568]</MAX_VALUE>
		<MIN_VALUE>[0.16478461027145386, 0.1457090675830841, 0.13106830418109894, 0.13945183157920837, 0.05680133402347565, 0.04039880260825157]</MIN_VALUE>
		<SIGNATURE_THRESHOLD_MD>0.0</SIGNATURE_THRESHOLD_MD>
		<SIGNATURE_THRESHOLD_ML>0.0</SIGNATURE_THRESHOLD_ML>
		<SIGNATURE_THRESHOLD_SAM>0.0</SIGNATURE_THRESHOLD_SAM>
	</signature>
	<signature ID="20200731_161625509564_686">
		<MACROCLASSID>1</MACROCLASSID>
		<MACROCLASSINFO>waterbody</MACROCLASSINFO>
		<CLASSID>12</CLASSID>
		<CLASSINFO>C 1</CLASSINFO>
		<VALUES>[0.164232167533796, 0.005910991014598567, 0.1454200988671511, 0.010989027384909608, 0.12476412163578181, 0.013981929620283457, 0.10864537504910425, 0.015902488948652434, 0.06480043045329058, 0.009397253822152571, 0.046706436346296794, 0.006101791362311963]</VALUES>
		<LCS_MIN>[0.15400147438049316, 0.13204032182693481, 0.10792253166437149, 0.0870244950056076, 0.05096932873129845, 0.036389295011758804]</LCS_MIN>
		<LCS_MAX>[0.1837994009256363, 0.18461953103542328, 0.17432236671447754, 0.15193597972393036, 0.10512803494930267, 0.07390246540307999]</LCS_MAX>
		<WAVELENGTH>[0.48, 0.56, 0.655, 0.865, 1.61, 2.2]</WAVELENGTH>
		<MEAN_VALUE>[0.164232167533796, 0.1454200988671511, 0.12476412163578181, 0.10864537504910425, 0.06480043045329058, 0.046706436346296794]</MEAN_VALUE>
		<CHECKBOX>2</CHECKBOX>
		<SD>[0.005910991014598567, 0.010989027384909608, 0.013981929620283457, 0.015902488948652434, 0.009397253822152571, 0.006101791362311963]</SD>
		<WAVELENGTH_UNIT>E-6m</WAVELENGTH_UNIT>
		<COLOR>#249eaf</COLOR>
		<COVARIANCE_MATRIX>[[3.495453711366281e-05, 6.3270766986534e-05, 8.003870607353747e-05, 7.710893987677991e-05, 3.185318928444758e-05, 2.150519867427647e-05], [6.3270766986534e-05, 0.00012080961460014805, 0.00015248147246893495, 0.00014196061238180846, 5.348357080947608e-05, 3.541541809681803e-05], [8.003870607353747e-05, 0.00015248147246893495, 0.00019557673658709973, 0.00018899646238423884, 7.393344276351854e-05, 4.856981468037702e-05], [7.710893987677991e-05, 0.00014196061238180846, 0.00018899646238423884, 0.00025299572735093534, 0.0001270645298063755, 8.066668669926003e-05], [3.185318928444758e-05, 5.348357080947608e-05, 7.393344276351854e-05, 0.0001270645298063755, 8.834559412207454e-05, 5.675694774254225e-05], [2.150519867427647e-05, 3.541541809681803e-05, 4.856981468037702e-05, 8.066668669926003e-05, 5.675694774254225e-05, 3.72475478798151e-05]]</COVARIANCE_MATRIX>
		<ROI_SIZE>2374</ROI_SIZE>
		<MAX_VALUE>[0.1837994009256363, 0.18461953103542328, 0.17432236671447754, 0.15193597972393036, 0.10512803494930267, 0.07390246540307999]</MAX_VALUE>
		<MIN_VALUE>[0.15400147438049316, 0.13204032182693481, 0.10792253166437149, 0.0870244950056076, 0.05096932873129845, 0.036389295011758804]</MIN_VALUE>
		<SIGNATURE_THRESHOLD_MD>0.0</SIGNATURE_THRESHOLD_MD>
		<SIGNATURE_THRESHOLD_ML>0.0</SIGNATURE_THRESHOLD_ML>
		<SIGNATURE_THRESHOLD_SAM>0.0</SIGNATURE_THRESHOLD_SAM>
	</signature>
	<signature ID="20200731_161638330644_363">
		<MACROCLASSID>1</MACROCLASSID>
		<MACROCLASSINFO>waterbody</MACROCLASSINFO>
		<CLASSID>13</CLASSID>
		<CLASSINFO>C 1</CLASSINFO>
		<VALUES>[0.20165364459640528, 0.00627186317529415, 0.18647582144380317, 0.006599003908237254, 0.16777328363342295, 0.006016289480343893, 0.15040534341867126, 0.01144073931357875, 0.0835721585185303, 0.00998409702627072, 0.058649546538196644, 0.007046737792172275]</VALUES>
		<LCS_MIN>[0.18103526532649994, 0.15795022249221802, 0.14227668941020966, 0.11888792365789413, 0.059595830738544464, 0.04097592085599899]</LCS_MIN>
		<LCS_MAX>[0.21432630717754364, 0.19983741641044617, 0.18036702275276184, 0.19033001363277435, 0.1287294179201126, 0.09756464511156082]</LCS_MAX>
		<WAVELENGTH>[0.48, 0.56, 0.655, 0.865, 1.61, 2.2]</WAVELENGTH>
		<MEAN_VALUE>[0.20165364459640528, 0.18647582144380317, 0.16777328363342295, 0.15040534341867126, 0.0835721585185303, 0.058649546538196644]</MEAN_VALUE>
		<CHECKBOX>2</CHECKBOX>
		<SD>[0.00627186317529415, 0.006599003908237254, 0.006016289480343893, 0.01144073931357875, 0.00998409702627072, 0.007046737792172275]</SD>
		<WAVELENGTH_UNIT>E-6m</WAVELENGTH_UNIT>
		<COLOR>#f64fad</COLOR>
		<COVARIANCE_MATRIX>[[3.936529901693575e-05, 3.96264877053909e-05, 3.570816988940351e-05, 3.792805000557564e-05, 2.833110556821339e-05, 2.186894926126115e-05], [3.96264877053909e-05, 4.3578991608228534e-05, 3.903884135070257e-05, 2.7974068871117197e-05, 2.2350106519297697e-05, 1.818071905290708e-05], [3.570816988940351e-05, 3.903884135070257e-05, 3.622245276346803e-05, 2.654385934874881e-05, 2.135717477358412e-05, 1.7556265447637998e-05], [3.792805000557564e-05, 2.7974068871117197e-05, 2.654385934874881e-05, 0.00013098711497150362, 0.0001024674202199094, 7.095728506101295e-05], [2.833110556821339e-05, 2.2350106519297697e-05, 2.135717477358412e-05, 0.0001024674202199094, 9.975575812859461e-05, 6.925112393219024e-05], [2.186894926126115e-05, 1.818071905290708e-05, 1.7556265447637998e-05, 7.095728506101295e-05, 6.925112393219024e-05, 4.969316069036722e-05]]</COVARIANCE_MATRIX>
		<ROI_SIZE>1356</ROI_SIZE>
		<MAX_VALUE>[0.21432630717754364, 0.19983741641044617, 0.18036702275276184, 0.19033001363277435, 0.1287294179201126, 0.09756464511156082]</MAX_VALUE>
		<MIN_VALUE>[0.18103526532649994, 0.15795022249221802, 0.14227668941020966, 0.11888792365789413, 0.059595830738544464, 0.04097592085599899]</MIN_VALUE>
		<SIGNATURE_THRESHOLD_MD>0.0</SIGNATURE_THRESHOLD_MD>
		<SIGNATURE_THRESHOLD_ML>0.0</SIGNATURE_THRESHOLD_ML>
		<SIGNATURE_THRESHOLD_SAM>0.0</SIGNATURE_THRESHOLD_SAM>
	</signature>
	<signature ID="20200731_161711895147_426">
		<MACROCLASSID>1</MACROCLASSID>
		<MACROCLASSINFO>waterbody</MACROCLASSINFO>
		<CLASSID>14</CLASSID>
		<CLASSINFO>C 1</CLASSINFO>
		<VALUES>[0.11936010167893325, 0.0007384553953823336, 0.08968427463715284, 0.0012781378464925175, 0.0639698570758593, 0.001333841198467321, 0.05605034263658611, 0.007216710856097659, 0.016192357534339036, 0.0038673103794786864, 0.007714277004996717, 0.0021824542664399525]</VALUES>
		<LCS_MIN>[0.11718691885471344, 0.08696375787258148, 0.06129683554172516, 0.047476183623075485, 0.012362640351057053, 0.005558623466640711]</LCS_MIN>
		<LCS_MAX>[0.12839530408382416, 0.10859078168869019, 0.07739561051130295, 0.09009237587451935, 0.04777994006872177, 0.031043292954564095]</LCS_MAX>
		<WAVELENGTH>[0.48, 0.56, 0.655, 0.865, 1.61, 2.2]</WAVELENGTH>
		<MEAN_VALUE>[0.11936010167893325, 0.08968427463715284, 0.0639698570758593, 0.05605034263658611, 0.016192357534339036, 0.007714277004996717]</MEAN_VALUE>
		<CHECKBOX>2</CHECKBOX>
		<SD>[0.0007384553953823336, 0.0012781378464925175, 0.001333841198467321, 0.007216710856097659, 0.0038673103794786864, 0.0021824542664399525]</SD>
		<WAVELENGTH_UNIT>E-6m</WAVELENGTH_UNIT>
		<COLOR>#8754ae</COLOR>
		<COVARIANCE_MATRIX>[[5.932961357757449e-07, 6.590196903744072e-07, 7.324096600314078e-07, 1.4310331835076795e-06, 6.52293749681121e-07, 3.1831021374273405e-07], [6.590196903744072e-07, 1.5127262713576783e-06, 1.4343198699862114e-06, 4.756792350235628e-06, 2.2724543669028208e-06, 1.2014969570373069e-06], [7.324096600314078e-07, 1.4343198699862114e-06, 1.7748424170349608e-06, 6.3515276451653335e-06, 3.3879312013596063e-06, 1.8610535335028544e-06], [1.4310331835076795e-06, 4.756792350235628e-06, 6.3515276451653335e-06, 4.536767664831132e-05, 2.157154813176021e-05, 1.1456641914264765e-05], [6.52293749681121e-07, 2.2724543669028208e-06, 3.3879312013596063e-06, 2.157154813176021e-05, 1.4866333913232666e-05, 8.130582500598393e-06], [3.1831021374273405e-07, 1.2014969570373069e-06, 1.8610535335028544e-06, 1.1456641914264765e-05, 8.130582500598393e-06, 4.7298663048422895e-06]]</COVARIANCE_MATRIX>
		<ROI_SIZE>5493</ROI_SIZE>
		<MAX_VALUE>[0.12839530408382416, 0.10859078168869019, 0.07739561051130295, 0.09009237587451935, 0.04777994006872177, 0.031043292954564095]</MAX_VALUE>
		<MIN_VALUE>[0.11718691885471344, 0.08696375787258148, 0.06129683554172516, 0.047476183623075485, 0.012362640351057053, 0.005558623466640711]</MIN_VALUE>
		<SIGNATURE_THRESHOLD_MD>0.0</SIGNATURE_THRESHOLD_MD>
		<SIGNATURE_THRESHOLD_ML>0.0</SIGNATURE_THRESHOLD_ML>
		<SIGNATURE_THRESHOLD_SAM>0.0</SIGNATURE_THRESHOLD_SAM>
	</signature>
	<signature ID="20200731_161746765542_273">
		<MACROCLASSID>1</MACROCLASSID>
		<MACROCLASSINFO>waterbody</MACROCLASSINFO>
		<CLASSID>15</CLASSID>
		<CLASSINFO>C 1</CLASSINFO>
		<VALUES>[0.13293165190112563, 0.0025003800020523977, 0.10621828631791357, 0.003955431842426726, 0.07255480104579852, 0.0033031703104753718, 0.08009530146061321, 0.008032500451509824, 0.024470926555868695, 0.005663093520574838, 0.011546374829905195, 0.0035005817206835523]</VALUES>
		<LCS_MIN>[0.12405167520046234, 0.09297800809144974, 0.06463807821273804, 0.06779709458351135, 0.01640252023935318, 0.008748011663556099]</LCS_MIN>
		<LCS_MAX>[0.13893544673919678, 0.11457467079162598, 0.08419962972402573, 0.112418033182621, 0.06032482907176018, 0.04179605469107628]</LCS_MAX>
		<WAVELENGTH>[0.48, 0.56, 0.655, 0.865, 1.61, 2.2]</WAVELENGTH>
		<MEAN_VALUE>[0.13293165190112563, 0.10621828631791357, 0.07255480104579852, 0.08009530146061321, 0.024470926555868695, 0.011546374829905195]</MEAN_VALUE>
		<CHECKBOX>2</CHECKBOX>
		<SD>[0.0025003800020523977, 0.003955431842426726, 0.0033031703104753718, 0.008032500451509824, 0.005663093520574838, 0.0035005817206835523]</SD>
		<WAVELENGTH_UNIT>E-6m</WAVELENGTH_UNIT>
		<COLOR>#4b9cdb</COLOR>
		<COVARIANCE_MATRIX>[[6.2580234043707605e-06, 9.511983080301434e-06, 7.604484380863141e-06, 3.384463752809097e-06, 1.0669889434211655e-06, 1.0428893801872618e-06], [9.511983080301434e-06, 1.5660763892810792e-05, 1.2135960787418298e-05, 3.745701178559102e-06, 1.3661482398674707e-06, 1.3998941312820534e-06], [7.604484380863141e-06, 1.2135960787418298e-05, 1.0921620742010418e-05, 1.0335221304558218e-05, 6.534661224577576e-06, 4.6037430365686305e-06], [3.384463752809097e-06, 3.745701178559102e-06, 1.0335221304558218e-05, 6.458425923483446e-05, 3.94831586163491e-05, 2.2316293325275183e-05], [1.0669889434211655e-06, 1.3661482398674707e-06, 6.534661224577576e-06, 3.94831586163491e-05, 3.2102037948789075e-05, 1.882905235106591e-05], [1.0428893801872618e-06, 1.3998941312820534e-06, 4.6037430365686305e-06, 2.2316293325275183e-05, 1.882905235106591e-05, 1.2266074008948635e-05]]</COVARIANCE_MATRIX>
		<ROI_SIZE>1022</ROI_SIZE>
		<MAX_VALUE>[0.13893544673919678, 0.11457467079162598, 0.08419962972402573, 0.112418033182621, 0.06032482907176018, 0.04179605469107628]</MAX_VALUE>
		<MIN_VALUE>[0.12405167520046234, 0.09297800809144974, 0.06463807821273804, 0.06779709458351135, 0.01640252023935318, 0.008748011663556099]</MIN_VALUE>
		<SIGNATURE_THRESHOLD_MD>0.0</SIGNATURE_THRESHOLD_MD>
		<SIGNATURE_THRESHOLD_ML>0.0</SIGNATURE_THRESHOLD_ML>
		<SIGNATURE_THRESHOLD_SAM>0.0</SIGNATURE_THRESHOLD_SAM>
	</signature>
	<signature ID="20200731_161820389806_493">
		<MACROCLASSID>1</MACROCLASSID>
		<MACROCLASSINFO>waterbody</MACROCLASSINFO>
		<CLASSID>16</CLASSID>
		<CLASSINFO>C 1</CLASSINFO>
