<?xml version="1.0" ?>
<signaturelist MCID_LIST="[['1', 'waterbody', '#0000ff'], ['2', 'vegetation', '#00ff00'], ['3', 'bareland', '#ffaa00'], ['4', 'built-up', '#ff0000']]">
	<signature ID="20210208_171123621463_614">
		<MACROCLASSID>1</MACROCLASSID>
		<MACROCLASSINFO>waterbody</MACROCLASSINFO>
		<CLASSID>1</CLASSID>
		<CLASSINFO>C 1</CLASSINFO>
		<VALUES>[0.12707189930177654, 0.002386913773072048, 0.11401689816053402, 0.005526602613432269, 0.07426784585287877, 0.005731925630761566, 0.059528490197595894, 0.005063055920935137, 0.014887556187971952, 0.003369066940351937, 0.00680596780021563, 0.002133072053554814]</VALUES>
		<LCS_MIN>[0.11952102929353714, 0.09882303327322006, 0.060903921723365784, 0.053226765245199203, 0.007000448182225227, 0.0031501955818384886]</LCS_MIN>
		<LCS_MAX>[0.13198183476924896, 0.122601218521595, 0.08675891160964966, 0.08769230544567108, 0.04368280991911888, 0.026205020025372505]</LCS_MAX>
		<WAVELENGTH>[0.48, 0.56, 0.655, 0.865, 1.61, 2.2]</WAVELENGTH>
		<MEAN_VALUE>[0.12707189930177654, 0.11401689816053402, 0.07426784585287877, 0.059528490197595894, 0.014887556187971952, 0.00680596780021563]</MEAN_VALUE>
		<CHECKBOX>2</CHECKBOX>
		<SD>[0.002386913773072048, 0.005526602613432269, 0.005731925630761566, 0.005063055920935137, 0.003369066940351937, 0.002133072053554814]</SD>
		<WAVELENGTH_UNIT>E-6m</WAVELENGTH_UNIT>
		<COLOR>#a9e279</COLOR>
		<COVARIANCE_MATRIX>[[5.7040160754695535e-06, 1.2239655916346237e-05, 1.2149292160756886e-05, -6.787389338569483e-06, -2.4319167550856946e-06, -1.3617362810691702e-06], [1.2239655916346237e-05, 2.960547135444358e-05, 3.0407463782466948e-05, -1.2239014722581487e-05, -3.7286245060386136e-06, -2.002145038204617e-06], [1.2149292160756886e-05, 3.0407463782466948e-05, 3.285121056251228e-05, -9.052118002728093e-06, -1.485787947785866e-06, -6.750627221663308e-07], [-6.787389338569483e-06, -1.2239014722581487e-05, -9.052118002728093e-06, 2.6057217837660573e-05, 1.4744577129022218e-05, 8.871450518199708e-06], [-2.4319167550856946e-06, -3.7286245060386136e-06, -1.485787947785866e-06, 1.4744577129022218e-05, 1.1211041055503301e-05, 6.9416955739143305e-06], [-1.3617362810691702e-06, -2.002145038204617e-06, -6.750627221663308e-07, 8.871450518199708e-06, 6.9416955739143305e-06, 4.5420933929563034e-06]]</COVARIANCE_MATRIX>
		<ROI_SIZE>6049</ROI_SIZE>
		<MAX_VALUE>[0.13198183476924896, 0.122601218521595, 0.08675891160964966, 0.08769230544567108, 0.04368280991911888, 0.026205020025372505]</MAX_VALUE>
		<MIN_VALUE>[0.11952102929353714, 0.09882303327322006, 0.060903921723365784, 0.053226765245199203, 0.007000448182225227, 0.0031501955818384886]</MIN_VALUE>
		<SIGNATURE_THRESHOLD_MD>0.0</SIGNATURE_THRESHOLD_MD>
		<SIGNATURE_THRESHOLD_ML>0.0</SIGNATURE_THRESHOLD_ML>
		<SIGNATURE_THRESHOLD_SAM>0.0</SIGNATURE_THRESHOLD_SAM>
	</signature>
	<signature ID="20210208_171135586692_470">
		<MACROCLASSID>1</MACROCLASSID>
		<MACROCLASSINFO>waterbody</MACROCLASSINFO>
		<CLASSID>2</CLASSID>
		<CLASSINFO>C 1</CLASSINFO>
		<VALUES>[0.11412656745112491, 0.001237958803784532, 0.08434110224182827, 0.0015855084534875112, 0.05403749914468942, 0.0013265714650795692, 0.047769204414057555, 0.004810348349611273, 0.012485755552047513, 0.0032387973565426607, 0.006054795299635639, 0.00217969169956798]</VALUES>
		<LCS_MIN>[0.10913702100515366, 0.0779150128364563, 0.050543248653411865, 0.04088263213634491, 0.00774715980514884, 0.004690300207585096]</LCS_MIN>
		<LCS_MAX>[0.11949769407510757, 0.09350267797708511, 0.0663875937461853, 0.07366807758808136, 0.039412543177604675, 0.027908455580472946]</LCS_MAX>
		<WAVELENGTH>[0.48, 0.56, 0.655, 0.865, 1.61, 2.2]</WAVELENGTH>
		<MEAN_VALUE>[0.11412656745112491, 0.08434110224182827, 0.05403749914468942, 0.047769204414057555, 0.012485755552047513, 0.006054795299635639]</MEAN_VALUE>
		<CHECKBOX>2</CHECKBOX>
		<SD>[0.001237958803784532, 0.0015855084534875112, 0.0013265714650795692, 0.004810348349611273, 0.0032387973565426607, 0.00217969169956798]</SD>
		<WAVELENGTH_UNIT>E-6m</WAVELENGTH_UNIT>
		<COLOR>#a4081d</COLOR>
		<COVARIANCE_MATRIX>[[1.6369021977880038e-06, 1.7141377384177758e-06, 1.2685518413491081e-06, -5.896581569686532e-07, 1.2448569464140746e-07, 2.5480437670921674e-07], [1.7141377384177758e-06, 2.441443257339415e-06, 1.8574577325125574e-06, 1.851864340096654e-06, 1.7536509631099761e-06, 1.352302774648706e-06], [1.2685518413491081e-06, 1.8574577325125574e-06, 1.7352092527289642e-06, 2.620133500386146e-06, 2.292676526849391e-06, 1.682230845290178e-06], [-5.896581569686532e-07, 1.851864340096654e-06, 2.620133500386146e-06, 1.9772607629420236e-05, 1.1953427019761875e-05, 7.386915967799723e-06], [1.2448569464140746e-07, 1.7536509631099761e-06, 2.292676526849391e-06, 1.1953427019761875e-05, 9.605912964616437e-06, 6.241347819013754e-06], [2.5480437670921674e-07, 1.352302774648706e-06, 1.682230845290178e-06, 7.386915967799723e-06, 6.241347819013754e-06, 4.3828736124851275e-06]]</COVARIANCE_MATRIX>
		<ROI_SIZE>8788</ROI_SIZE>
		<MAX_VALUE>[0.11949769407510757, 0.09350267797708511, 0.0663875937461853, 0.07366807758808136, 0.039412543177604675, 0.027908455580472946]</MAX_VALUE>
		<MIN_VALUE>[0.10913702100515366, 0.0779150128364563, 0.050543248653411865, 0.04088263213634491, 0.00774715980514884, 0.004690300207585096]</MIN_VALUE>
		<SIGNATURE_THRESHOLD_MD>0.0</SIGNATURE_THRESHOLD_MD>
		<SIGNATURE_THRESHOLD_ML>0.0</SIGNATURE_THRESHOLD_ML>
		<SIGNATURE_THRESHOLD_SAM>0.0</SIGNATURE_THRESHOLD_SAM>
	</signature>
	<signature ID="20210208_171143136176_185">
		<MACROCLASSID>1</MACROCLASSID>
		<MACROCLASSINFO>waterbody</MACROCLASSINFO>
		<CLASSID>3</CLASSID>
		<CLASSINFO>C 1</CLASSINFO>
		<VALUES>[0.11988429226724981, 0.001352474803665382, 0.10759373953901942, 0.0021304178926167937, 0.0709843642866132, 0.002406511422966886, 0.073608696114944, 0.004683269914454025, 0.01993084737326419, 0.005954955783480038, 0.009923063242243653, 0.004274251169753835]</VALUES>
		<LCS_MIN>[0.11382733285427094, 0.09634953737258911, 0.06414745002985, 0.05712367221713066, 0.003126863855868578, 0.005086991935968399]</LCS_MIN>
		<LCS_MAX>[0.124094657599926, 0.11651083081960678, 0.08337537199258804, 0.10162320733070374, 0.04708969593048096, 0.030591974034905434]</LCS_MAX>
		<WAVELENGTH>[0.48, 0.56, 0.655, 0.865, 1.61, 2.2]</WAVELENGTH>
		<MEAN_VALUE>[0.11988429226724981, 0.10759373953901942, 0.0709843642866132, 0.073608696114944, 0.01993084737326419, 0.009923063242243653]</MEAN_VALUE>
		<CHECKBOX>2</CHECKBOX>
		<SD>[0.001352474803665382, 0.0021304178926167937, 0.002406511422966886, 0.004683269914454025, 0.005954955783480038, 0.004274251169753835]</SD>
		<WAVELENGTH_UNIT>E-6m</WAVELENGTH_UNIT>
		<COLOR>#077f67</COLOR>
		<COVARIANCE_MATRIX>[[1.7596082670934265e-06, 2.599935669422848e-06, 2.2099536636233097e-06, -6.149888349682442e-07, 2.6087528581797415e-08, 4.2299873825868417e-07], [2.599935669422848e-06, 4.59818193121464e-06, 4.0840650399331935e-06, -9.608093023416586e-07, 4.0865430150915927e-07, 1.0071537417388754e-06], [2.2099536636233097e-06, 4.0840650399331935e-06, 5.631650765280938e-06, 4.281208475731546e-06, 7.123455361579545e-06, 5.655916993418941e-06], [-6.149888349682442e-07, -9.608093023416586e-07, 4.281208475731546e-06, 2.3612024961039424e-05, 2.5349039788125083e-05, 1.6528960259165615e-05], [2.6087528581797415e-08, 4.0865430150915927e-07, 7.123455361579545e-06, 2.5349039788125083e-05, 3.471637319307774e-05, 2.3896309357951395e-05], [4.2299873825868417e-07, 1.0071537417388754e-06, 5.655916993418941e-06, 1.6528960259165615e-05, 2.3896309357951395e-05, 1.7834854588727467e-05]]</COVARIANCE_MATRIX>
		<ROI_SIZE>926</ROI_SIZE>
		<MAX_VALUE>[0.124094657599926, 0.11651083081960678, 0.08337537199258804, 0.10162320733070374, 0.04708969593048096, 0.030591974034905434]</MAX_VALUE>
		<MIN_VALUE>[0.11382733285427094, 0.09634953737258911, 0.06414745002985, 0.05712367221713066, 0.003126863855868578, 0.005086991935968399]</MIN_VALUE>
		<SIGNATURE_THRESHOLD_MD>0.0</SIGNATURE_THRESHOLD_MD>
		<SIGNATURE_THRESHOLD_ML>0.0</SIGNATURE_THRESHOLD_ML>
		<SIGNATURE_THRESHOLD_SAM>0.0</SIGNATURE_THRESHOLD_SAM>
	</signature>
	<signature ID="20210209_131550405171_363">
		<MACROCLASSID>1</MACROCLASSID>
		<MACROCLASSINFO>waterbody</MACROCLASSINFO>
		<CLASSID>4</CLASSID>
		<CLASSINFO>C 1</CLASSINFO>
		<VALUES>[0.12303839350973028, 0.0013645576821193924, 0.10979725472008901, 0.0015685806517519029, 0.07144684776017418, 0.001352714139657546, 0.06157941215727284, 0.004723655163214308, 0.015479034817900942, 0.004233960809096756, 0.007341099366357877, 0.0028991155223708214]</VALUES>
		<LCS_MIN>[0.1183309480547905, 0.10384001582860947, 0.0677410289645195, 0.054813534021377563, 0.011457404121756554, 0.0048303077928721905]</LCS_MIN>
		<LCS_MAX>[0.12719818949699402, 0.11550744622945786, 0.08610554039478302, 0.0924292802810669, 0.04494289681315422, 0.031712036579847336]</LCS_MAX>
		<WAVELENGTH>[0.48, 0.56, 0.655, 0.865, 1.61, 2.2]</WAVELENGTH>
		<MEAN_VALUE>[0.12303839350973028, 0.10979725472008901, 0.07144684776017418, 0.06157941215727284, 0.015479034817900942, 0.007341099366357877]</MEAN_VALUE>
		<CHECKBOX>2</CHECKBOX>
		<SD>[0.0013645576821193924, 0.0015685806517519029, 0.001352714139657546, 0.004723655163214308, 0.004233960809096756, 0.0028991155223708214]</SD>
		<WAVELENGTH_UNIT>E-6m</WAVELENGTH_UNIT>
		<COLOR>#311498</COLOR>
		<COVARIANCE_MATRIX>[[1.6786245038972046e-06, 1.788383587354015e-06, 1.1608988337686719e-06, -2.0232266036920962e-06, -1.1649613577310171e-06, -6.673223654271075e-07], [1.788383587354015e-06, 2.253600355790357e-06, 1.434847878861416e-06, -2.208782128653681e-06, -1.242208851400601e-06, -6.485575225105897e-07], [1.1608988337686719e-06, 1.434847878861416e-06, 1.6991539178162903e-06, 1.2741390089558719e-06, 1.6607015790625895e-06, 1.221437900479059e-06], [-2.0232266036920962e-06, -2.208782128653681e-06, 1.2741390089558719e-06, 2.08758863287029e-05, 1.65463741305417e-05, 1.0548333471895225e-05], [-1.1649613577310171e-06, -1.242208851400601e-06, 1.6607015790625895e-06, 1.65463741305417e-05, 1.6789113180896602e-05, 1.1023195845465504e-05], [-6.673223654271075e-07, -6.485575225105897e-07, 1.221437900479059e-06, 1.0548333471895225e-05, 1.1023195845465504e-05, 7.736430706341986e-06]]</COVARIANCE_MATRIX>
		<ROI_SIZE>2845</ROI_SIZE>
		<MAX_VALUE>[0.12719818949699402, 0.11550744622945786, 0.08610554039478302, 0.0924292802810669, 0.04494289681315422, 0.031712036579847336]</MAX_VALUE>
		<MIN_VALUE>[0.1183309480547905, 0.10384001582860947, 0.0677410289645195, 0.054813534021377563, 0.011457404121756554, 0.0048303077928721905]</MIN_VALUE>
		<SIGNATURE_THRESHOLD_MD>0</SIGNATURE_THRESHOLD_MD>
		<SIGNATURE_THRESHOLD_ML>0</SIGNATURE_THRESHOLD_ML>
		<SIGNATURE_THRESHOLD_SAM>0</SIGNATURE_THRESHOLD_SAM>
	</signature>
	<signature ID="20210209_133107603974_303">
		<MACROCLASSID>1</MACROCLASSID>
		<MACROCLASSINFO>waterbody</MACROCLASSINFO>
		<CLASSID>5</CLASSID>
		<CLASSINFO>C 1</CLASSINFO>
		<VALUES>[0.13670595527082663, 0.0019775926207592285, 0.11759795249200246, 0.002251379290809112, 0.07754330447042218, 0.0031819209921070363, 0.06795556817684535, 0.00499129097881585, 0.02086010421890016, 0.004602130930152497, 0.0119831380966148, 0.0040197058469157105]</VALUES>
		<LCS_MIN>[0.12983502447605133, 0.10794694721698761, 0.07240799069404602, 0.06041388586163521, 0.01603102870285511, 0.006673759780824184]</LCS_MIN>
		<LCS_MAX>[0.144979327917099, 0.13020837306976318, 0.0981229916214943, 0.09410939365625381, 0.04739304631948471, 0.038269128650426865]</LCS_MAX>
		<WAVELENGTH>[0.48, 0.56, 0.655, 0.865, 1.61, 2.2]</WAVELENGTH>
		<MEAN_VALUE>[0.13670595527082663, 0.11759795249200246, 0.07754330447042218, 0.06795556817684535, 0.02086010421890016, 0.0119831380966148]</MEAN_VALUE>
		<CHECKBOX>2</CHECKBOX>
		<SD>[0.0019775926207592285, 0.002251379290809112, 0.0031819209921070363, 0.00499129097881585, 0.004602130930152497, 0.0040197058469157105]</SD>
		<WAVELENGTH_UNIT>E-6m</WAVELENGTH_UNIT>
		<COLOR>#339bb5</COLOR>
		<COVARIANCE_MATRIX>[[3.914507213619712e-06, 4.141017262237708e-06, 2.98967964572579e-06, -2.463003020100758e-06, 5.774759748044828e-07, 1.1160150768099518e-06], [4.141017262237708e-06, 5.073419406912293e-06, 3.037348959047455e-06, -1.6993710151453015e-06, 6.158496688375907e-07, 1.2156236048263058e-06], [2.98967964572579e-06, 3.037348959047455e-06, 1.0134030699267899e-05, 6.904798863951786e-06, 9.75108006750849e-06, 8.64366669759593e-06], [-2.463003020100758e-06, -1.6993710151453015e-06, 6.904798863951786e-06, 2.493613896758343e-05, 1.84374912689658e-05, 1.4762749936408402e-05], [5.774759748044828e-07, 6.158496688375907e-07, 9.75108006750849e-06, 1.84374912689658e-05, 2.119929274984462e-05, 1.7565077930561556e-05], [1.1160150768099518e-06, 1.2156236048263058e-06, 8.64366669759593e-06, 1.4762749936408402e-05, 1.7565077930561556e-05, 1.6173051856969713e-05]]</COVARIANCE_MATRIX>
		<ROI_SIZE>1077</ROI_SIZE>
		<MAX_VALUE>[0.144979327917099, 0.13020837306976318, 0.0981229916214943, 0.09410939365625381, 0.04739304631948471, 0.038269128650426865]</MAX_VALUE>
		<MIN_VALUE>[0.12983502447605133, 0.10794694721698761, 0.07240799069404602, 0.06041388586163521, 0.01603102870285511, 0.006673759780824184]</MIN_VALUE>
		<SIGNATURE_THRESHOLD_MD>0</SIGNATURE_THRESHOLD_MD>
		<SIGNATURE_THRESHOLD_ML>0</SIGNATURE_THRESHOLD_ML>
		<SIGNATURE_THRESHOLD_SAM>0</SIGNATURE_THRESHOLD_SAM>
	</signature>
	<signature ID="20210209_133121696091_796">
		<MACROCLASSID>1</MACROCLASSID>
		<MACROCLASSINFO>waterbody</MACROCLASSINFO>
		<CLASSID>6</CLASSID>
		<CLASSINFO>C 1</CLASSINFO>
		<VALUES>[0.12070332798692911, 0.0011104365102053329, 0.11011190381315021, 0.0021754661857556305, 0.08788832558525934, 0.002810522292500962, 0.08897157841258581, 0.007095477729655907, 0.025927592400047512, 0.008318502160994267, 0.01413572145005067, 0.006207608288993347]</VALUES>
		<LCS_MIN>[0.11700087040662766, 0.10106317698955536, 0.07768166065216064, 0.07849837839603424, 0.015167640522122383, 0.00653375219553709]</LCS_MIN>
		<LCS_MAX>[0.12442133575677872, 0.1166975200176239, 0.09760962426662445, 0.11151717603206635, 0.050449904054403305, 0.035958971828222275]</LCS_MAX>
		<WAVELENGTH>[0.48, 0.56, 0.655, 0.865, 1.61, 2.2]</WAVELENGTH>
		<MEAN_VALUE>[0.12070332798692911, 0.11011190381315021, 0.08788832558525934, 0.08897157841258581, 0.025927592400047512, 0.01413572145005067]</MEAN_VALUE>
		<CHECKBOX>2</CHECKBOX>
		<SD>[0.0011104365102053329, 0.0021754661857556305, 0.002810522292500962, 0.007095477729655907, 0.008318502160994267, 0.006207608288993347]</SD>
		<WAVELENGTH_UNIT>E-6m</WAVELENGTH_UNIT>
		<COLOR>#4a6b6a</COLOR>
		<COVARIANCE_MATRIX>[[1.2610935441787322e-06, 2.3470131613226682e-06, 2.96745518465965e-06, 1.3651472925686593e-06, 4.034237024305923e-06, 3.83401710341082e-06], [2.3470131613226682e-06, 4.8402134236699335e-06, 5.965210734579933e-06, 1.1302008177485123e-06, 5.95157127443065e-06, 6.218183716126292e-06], [2.96745518465965e-06, 5.965210734579933e-06, 8.078559092023154e-06, 5.289686131324107e-06, 1.1301207864573575e-05, 1.0677014571292113e-05], [1.3651472925686593e-06, 1.1302008177485123e-06, 5.289686131324107e-06, 5.1490027035043966e-05, 3.713551830488863e-05, 2.8376244473047855e-05], [4.034237024305923e-06, 5.95157127443065e-06, 1.1301207864573575e-05, 3.713551830488863e-05, 7.077014816161322e-05, 5.168628032505761e-05], [3.83401710341082e-06, 6.218183716126292e-06, 1.0677014571292113e-05, 2.8376244473047855e-05, 5.168628032505761e-05, 3.9410182502978425e-05]]</COVARIANCE_MATRIX>
		<ROI_SIZE>45</ROI_SIZE>
		<MAX_VALUE>[0.12442133575677872, 0.1166975200176239, 0.09760962426662445, 0.11151717603206635, 0.050449904054403305, 0.035958971828222275]</MAX_VALUE>
		<MIN_VALUE>[0.11700087040662766, 0.10106317698955536, 0.07768166065216064, 0.07849837839603424, 0.015167640522122383, 0.00653375219553709]</MIN_VALUE>
		<SIGNATURE_THRESHOLD_MD>0</SIGNATURE_THRESHOLD_MD>
		<SIGNATURE_THRESHOLD_ML>0</SIGNATURE_THRESHOLD_ML>
		<SIGNATURE_THRESHOLD_SAM>0</SIGNATURE_THRESHOLD_SAM>
	</signature>
	<signature ID="20210209_133140852807_740">
		<MACROCLASSID>1</MACROCLASSID>
		<MACROCLASSINFO>waterbody</MACROCLASSINFO>
		<CLASSID>7</CLASSID>
		<CLASSINFO>C 1</CLASSINFO>
		<VALUES>[0.10725333377965329, 0.001601134818985765, 0.08135957690825751, 0.0018346807816374613, 0.05096383514560699, 0.0024000045575552817, 0.03981483873321449, 0.0054963560169231955, 0.011212637389107917, 0.0047480031268496885, 0.0060070897829501806, 0.0033557537763463726]</VALUES>
		<LCS_MIN>[0.10134319216012955, 0.07429812103509903, 0.04757973551750183, 0.03017193265259266, 0.0037802397273480892, 0.00294018373824656]</LCS_MIN>
		<LCS_MAX>[0.11485406756401062, 0.09550948441028595, 0.06680763512849808, 0.07369141280651093, 0.04757973551750183, 0.03194538876414299]</LCS_MAX>
		<WAVELENGTH>[0.48, 0.56, 0.655, 0.865, 1.61, 2.2]</WAVELENGTH>
		<MEAN_VALUE>[0.10725333377965329, 0.08135957690825751, 0.05096383514560699, 0.03981483873321449, 0.011212637389107917, 0.0060070897829501806]</MEAN_VALUE>
		<CHECKBOX>2</CHECKBOX>
		<SD>[0.001601134818985765, 0.0018346807816374613, 0.0024000045575552817, 0.0054963560169231955, 0.0047480031268496885, 0.0033557537763463726]</SD>
		<WAVELENGTH_UNIT>E-6m</WAVELENGTH_UNIT>
		<COLOR>#00c37f</COLOR>
		<COVARIANCE_MATRIX>[[2.968000581621918e-06, 2.940286313205622e-06, 3.887475497635637e-06, 2.500555494983342e-06, 4.530749896076709e-06, 4.02061878643741e-06], [2.940286313205622e-06, 4.090995369646977e-06, 4.9459602758447135e-06, 5.9780846645338025e-06, 7.025258016995648e-06, 5.626784189793817e-06], [3.887475497635637e-06, 4.9459602758447135e-06, 6.580532453101492e-06, 8.571981556994402e-06, 9.942213412102417e-06, 7.869353712965107e-06], [2.500555494983342e-06, 5.9780846645338025e-06, 8.571981556994402e-06, 2.9378761275410083e-05, 2.281563821383084e-05, 1.486850329968601e-05], [4.530749896076709e-06, 7.025258016995648e-06, 9.942213412102417e-06, 2.281563821383084e-05, 2.311699769549844e-05, 1.5901260097813295e-05], [4.02061878643741e-06, 5.626784189793817e-06, 7.869353712965107e-06, 1.486850329968601e-05, 1.5901260097813295e-05, 1.1688712213295207e-05]]</COVARIANCE_MATRIX>
		<ROI_SIZE>8639</ROI_SIZE>
		<MAX_VALUE>[0.11485406756401062, 0.09550948441028595, 0.06680763512849808, 0.07369141280651093, 0.04757973551750183, 0.03194538876414299]</MAX_VALUE>
		<MIN_VALUE>[0.10134319216012955, 0.07429812103509903, 0.04757973551750183, 0.03017193265259266, 0.0037802397273480892, 0.00294018373824656]</MIN_VALUE>
		<SIGNATURE_THRESHOLD_MD>0</SIGNATURE_THRESHOLD_MD>
		<SIGNATURE_THRESHOLD_ML>0</SIGNATURE_THRESHOLD_ML>
		<SIGNATURE_THRESHOLD_SAM>0</SIGNATURE_THRESHOLD_SAM>
	</signature>
	<signature ID="20210209_133146360601_700">
		<MACROCLASSID>1</MACROCLASSID>
		<MACROCLASSINFO>waterbody</MACROCLASSINFO>
		<CLASSID>8</CLASSID>
		<CLASSINFO>C 1</CLASSINFO>
		<VALUES>[0.1237861264078087, 0.00251130239866229, 0.12285092450383946, 0.0050549477130285994, 0.09571250930066166, 0.00580456229481462, 0.06806984175234401, 0.007893924997434977, 0.018010871865613936, 0.007126775050207508, 0.008789143143971887, 0.004159716850309442]</VALUES>
		<LCS_MIN>[0.11053711920976639, 0.0921492651104927, 0.0650341808795929, 0.05135996639728546, 0.004130259621888399, 0.0020534638315439224]</LCS_MIN>
		<LCS_MAX>[0.12855161726474762, 0.12922832369804382, 0.10535677522420883, 0.101716548204422, 0.052293356508016586, 0.030078604817390442]</LCS_MAX>
		<WAVELENGTH>[0.48, 0.56, 0.655, 0.865, 1.61, 2.2]</WAVELENGTH>
		<MEAN_VALUE>[0.1237861264078087, 0.12285092450383946, 0.09571250930066166, 0.06806984175234401, 0.018010871865613936, 0.008789143143971887]</MEAN_VALUE>
		<CHECKBOX>2</CHECKBOX>
		<SD>[0.00251130239866229, 0.0050549477130285994, 0.00580456229481462, 0.007893924997434977, 0.007126775050207508, 0.004159716850309442]</SD>
		<WAVELENGTH_UNIT>E-6m</WAVELENGTH_UNIT>
		<COLOR>#709eed</COLOR>
		<COVARIANCE_MATRIX>[[4.151123253846282e-06, 7.83753698470619e-06, 8.421199868004321e-06, -6.4630436506412916e-06, -5.0571218793529185e-06, -2.5655094912982535e-06], [7.83753698470619e-06, 1.612482830564135e-05, 1.7735718708252328e-05, -1.2774790372704071e-05, -1.0276280854076753e-05, -5.248044223813574e-06], [8.421199868004321e-06, 1.7735718708252328e-05, 2.1595627052337245e-05, -1.0069981160613274e-05, -7.872851275396904e-06, -3.648536648654668e-06], [-6.4630436506412916e-06, -1.2774790372704071e-05, -1.0069981160613274e-05, 6.22333267663245e-05, 5.033216420452705e-05, 2.8254304590860286e-05], [-5.0571218793529185e-06, -1.0276280854076753e-05, -7.872851275396904e-06, 5.033216420452705e-05, 5.124389590514607e-05, 2.7562242517023182e-05], [-2.5655094912982535e-06, -5.248044223813574e-06, -3.648536648654668e-06, 2.8254304590860286e-05, 2.7562242517023182e-05, 1.684473080757348e-05]]</COVARIANCE_MATRIX>
		<ROI_SIZE>1282</ROI_SIZE>
		<MAX_VALUE>[0.12855161726474762, 0.12922832369804382, 0.10535677522420883, 0.101716548204422, 0.052293356508016586, 0.030078604817390442]</MAX_VALUE>
		<MIN_VALUE>[0.11053711920976639, 0.0921492651104927, 0.0650341808795929, 0.05135996639728546, 0.004130259621888399, 0.0020534638315439224]</MIN_VALUE>
		<SIGNATURE_THRESHOLD_MD>0</SIGNATURE_THRESHOLD_MD>
		<SIGNATURE_THRESHOLD_ML>0</SIGNATURE_THRESHOLD_ML>
		<SIGNATURE_THRESHOLD_SAM>0</SIGNATURE_THRESHOLD_SAM>
	</signature>
	<signature ID="20210209_133153247718_324">
		<MACROCLASSID>1</MACROCLASSID>
		<MACROCLASSINFO>waterbody</MACROCLASSINFO>
		<CLASSID>9</CLASSID>
		<CLASSINFO>C 1</CLASSINFO>
		<VALUES>[0.11565575276476775, 0.0017224039915959943, 0.08889730805821501, 0.002027940141924456, 0.0583818999919546, 0.002007508678730466, 0.06759623964583682, 0.007715522204239333, 0.017617091198489518, 0.005932502784020137, 0.008108226721196246, 0.003763061169810696]</VALUES>
		<LCS_MIN>[0.11067713052034378, 0.08162525296211243, 0.05402015149593353, 0.05544356256723404, 0.009637284092605114, 0.0032201993744820356]</LCS_MIN>
		<LCS_MAX>[0.1219245120882988, 0.1001531183719635, 0.07243131846189499, 0.10026979446411133, 0.05430016666650772, 0.03924918547272682]</LCS_MAX>
		<WAVELENGTH>[0.48, 0.56, 0.655, 0.865, 1.61, 2.2]</WAVELENGTH>
		<MEAN_VALUE>[0.11565575276476775, 0.08889730805821501, 0.0583818999919546, 0.06759623964583682, 0.017617091198489518, 0.008108226721196246]</MEAN_VALUE>
		<CHECKBOX>2</CHECKBOX>
		<SD>[0.0017224039915959943, 0.002027940141924456, 0.002007508678730466, 0.007715522204239333, 0.005932502784020137, 0.003763061169810696]</SD>
		<WAVELENGTH_UNIT>E-6m</WAVELENGTH_UNIT>
		<COLOR>#47bce9</COLOR>
		<COVARIANCE_MATRIX>[[2.7114652590454557e-06, 2.810703881290292e-06, 2.259456068591648e-06, 8.423593095518233e-07, 1.0596239955730977e-06, 7.624717672882679e-07], [2.810703881290292e-06, 3.969546545649899e-06, 3.5491416373330053e-06, 5.971599242180244e-06, 4.795613508890542e-06, 3.2128165016296483e-06], [2.259456068591648e-06, 3.5491416373330053e-06, 4.133699213649757e-06, 9.961541740993746e-06, 8.128288828300938e-06, 5.294567002977631e-06], [8.423593095518233e-07, 5.971599242180244e-06, 9.961541740993746e-06, 5.715766330656915e-05, 3.392676032850381e-05, 2.0217532829566194e-05], [1.0596239955730977e-06, 4.795613508890542e-06, 8.128288828300938e-06, 3.392676032850381e-05, 3.516075437187833e-05, 2.1686388508607588e-05], [7.624717672882679e-07, 3.2128165016296483e-06, 5.294567002977631e-06, 2.0217532829566194e-05, 2.1686388508607588e-05, 1.4061771824778954e-05]]</COVARIANCE_MATRIX>
		<ROI_SIZE>4278</ROI_SIZE>
		<MAX_VALUE>[0.1219245120882988, 0.1001531183719635, 0.07243131846189499, 0.10026979446411133, 0.05430016666650772, 0.03924918547272682]</MAX_VALUE>
		<MIN_VALUE>[0.11067713052034378, 0.08162525296211243, 0.05402015149593353, 0.05544356256723404, 0.009637284092605114, 0.0032201993744820356]</MIN_VALUE>
		<SIGNATURE_THRESHOLD_MD>0</SIGNATURE_THRESHOLD_MD>
		<SIGNATURE_THRESHOLD_ML>0</SIGNATURE_THRESHOLD_ML>
		<SIGNATURE_THRESHOLD_SAM>0</SIGNATURE_THRESHOLD_SAM>
	</signature>
	<signature ID="20210209_133159997121_381">
		<MACROCLASSID>1</MACROCLASSID>
		<MACROCLASSINFO>waterbody</MACROCLASSINFO>
		<CLASSID>10</CLASSID>
		<CLASSINFO>C 1</CLASSINFO>
		<VALUES>[0.11911544100849672, 0.0006397916726456623, 0.09960429485660893, 0.0009829465620426968, 0.06884408046527461, 0.0014047150608367514, 0.09557536079738681, 0.010675920535242524, 0.026451128828262095, 0.008394368247349543, 0.012169177165429892, 0.0043654265340413246]</VALUES>
		<LCS_MIN>[0.11707086116075516, 0.09441273659467697, 0.06578090041875839, 0.07812503725290298, 0.015494327992200851, 0.00704712001606822]</LCS_MIN>
		<LCS_MAX>[0.12064110487699509, 0.10211324691772461, 0.07392476499080658, 0.12311458587646484, 0.05374011769890785, 0.02671837992966175]</LCS_MAX>
		<WAVELENGTH>[0.48, 0.56, 0.655, 0.865, 1.61, 2.2]</WAVELENGTH>
		<MEAN_VALUE>[0.11911544100849672, 0.09960429485660893, 0.06884408046527461, 0.09557536079738681, 0.026451128828262095, 0.012169177165429892]</MEAN_VALUE>
		<CHECKBOX>2</CHECKBOX>
		<SD>[0.0006397916726456623, 0.0009829465620426968, 0.0014047150608367514, 0.010675920535242524, 0.008394368247349543, 0.0043654265340413246]</SD>
		<WAVELENGTH_UNIT>E-6m</WAVELENGTH_UNIT>
		<COLOR>#091d29</COLOR>
		<COVARIANCE_MATRIX>[[4.1160745874443863e-07, 5.029356032193047e-07, 4.6209223550230254e-07, -2.187670136830239e-06, -1.3193244985806074e-06, -4.777674311587203e-07], [5.029356032193047e-07, 9.715516324083965e-07, 1.0092842218571684e-06, 1.0085248093075832e-07, 7.639940754569483e-07, 6.518615634586584e-07], [4.6209223550230254e-07, 1.0092842218571684e-06, 1.9841867599312855e-06, 4.29607731344189e-06, 4.627263036405808e-06, 2.709609283629426e-06], [-2.187670136830239e-06, 1.0085248093075832e-07, 4.29607731344189e-06, 0.00011460847527078418, 7.04828617544198e-05, 3.5928022871017545e-05], [-1.3193244985806074e-06, 7.639940754569483e-07, 4.627263036405808e-06, 7.04828617544198e-05, 7.085689281806637e-05, 3.638420793822411e-05], [-4.777674311587203e-07, 6.518615634586584e-07, 2.709609283629426e-06, 3.5928022871017545e-05, 3.638420793822411e-05, 1.9162820762023782e-05]]</COVARIANCE_MATRIX>
		<ROI_SIZE>181</ROI_SIZE>
		<MAX_VALUE>[0.12064110487699509, 0.10211324691772461, 0.07392476499080658, 0.12311458587646484, 0.05374011769890785, 0.02671837992966175]</MAX_VALUE>
		<MIN_VALUE>[0.11707086116075516, 0.09441273659467697, 0.06578090041875839, 0.07812503725290298, 0.015494327992200851, 0.00704712001606822]</MIN_VALUE>
		<SIGNATURE_THRESHOLD_MD>0</SIGNATURE_THRESHOLD_MD>
		<SIGNATURE_THRESHOLD_ML>0</SIGNATURE_THRESHOLD_ML>
		<SIGNATURE_THRESHOLD_SAM>0</SIGNATURE_THRESHOLD_SAM>
	</signature>
	<signature ID="20210209_140716698273_357">
		<MACROCLASSID>1</MACROCLASSID>
		<MACROCLASSINFO>waterbody</MACROCLASSINFO>
		<CLASSID>11</CLASSID>
		<CLASSINFO>C 1</CLASSINFO>
		<VALUES>[0.11945795046631245, 0.0014979274831028694, 0.10053084755782037, 0.0025467763522195163, 0.07915431249421091, 0.005156284049508319, 0.10848511022049934, 0.02129618472124453, 0.04161220673267964, 0.01715465580628955, 0.02518120134845958, 0.011417617054017079]</VALUES>
		<LCS_MIN>[0.11371065676212311, 0.08988578617572784, 0.06398411095142365, 0.07030785083770752, 0.007210460025817156, 0.0037569080013781786]</LCS_MIN>
		<LCS_MAX>[0.12316127121448517, 0.1060568317770958, 0.0943194106221199, 0.1489696055650711, 0.08048185706138611, 0.054276835173368454]</LCS_MAX>
		<WAVELENGTH>[0.48, 0.56, 0.655, 0.865, 1.61, 2.2]</WAVELENGTH>
		<MEAN_VALUE>[0.11945795046631245, 0.10053084755782037, 0.07915431249421091, 0.10848511022049934, 0.04161220673267964, 0.02518120134845958]</MEAN_VALUE>
		<CHECKBOX>2</CHECKBOX>
		<SD>[0.0014979274831028694, 0.0025467763522195163, 0.005156284049508319, 0.02129618472124453, 0.01715465580628955, 0.011417617054017079]</SD>
		<WAVELENGTH_UNIT>E-6m</WAVELENGTH_UNIT>
		<COLOR>#12177b</COLOR>
		<COVARIANCE_MATRIX>[[2.279402407248143e-06, 3.6232132457062306e-06, 6.57106352038113e-06, -3.479172213744131e-06, 5.441861762833242e-06, 7.744211209219342e-06], [3.6232132457062306e-06, 6.589023276926515e-06, 1.1169043489231136e-05, -2.4981554335758364e-06, 1.162314351917586e-05, 1.4443422116406178e-05], [6.57106352038113e-06, 1.1169043489231136e-05, 2.7009285281741124e-05, 2.431862702199191e-05, 4.8525893046260254e-05, 4.51234444116569e-05], [-3.479172213744131e-06, -2.4981554335758364e-06, 2.431862702199191e-05, 0.0004607263326286922, 0.0003296061806789592, 0.0001833313871195545], [5.441861762833242e-06, 1.162314351917586e-05, 4.8525893046260254e-05, 0.0003296061806789592, 0.0002989533621153156, 0.00018695383815738902], [7.744211209219342e-06, 1.4443422116406178e-05, 4.51234444116569e-05, 0.0001833313871195545, 0.00018695383815738902, 0.00013243121695713687]]</COVARIANCE_MATRIX>
		<ROI_SIZE>64</ROI_SIZE>
		<MAX_VALUE>[0.12316127121448517, 0.1060568317770958, 0.0943194106221199, 0.1489696055650711, 0.08048185706138611, 0.054276835173368454]</MAX_VALUE>
		<MIN_VALUE>[0.11371065676212311, 0.08988578617572784, 0.06398411095142365, 0.07030785083770752, 0.007210460025817156, 0.0037569080013781786]</MIN_VALUE>
		<SIGNATURE_THRESHOLD_MD>0</SIGNATURE_THRESHOLD_MD>
		<SIGNATURE_THRESHOLD_ML>0</SIGNATURE_THRESHOLD_ML>
		<SIGNATURE_THRESHOLD_SAM>0</SIGNATURE_THRESHOLD_SAM>
	</signature>
	<signature ID="20210209_141026135239_926">
		<MACROCLASSID>1</MACROCLASSID>
		<MACROCLASSINFO>waterbody</MACROCLASSINFO>
		<CLASSID>12</CLASSID>
		<CLASSINFO>C 1</CLASSINFO>
		<VALUES>[0.10886768378402983, 0.0009746326490008979, 0.08715115820710681, 0.0014437743134569395, 0.053223673369863944, 0.00172511177332263, 0.05473933789836259, 0.007818845256544756, 0.013596453750773674, 0.004886236189790679, 0.006291389128129033, 0.002515036322009914]</VALUES>
		<LCS_MIN>[0.10568346828222275, 0.08325869590044022, 0.050473254173994064, 0.034372203052043915, 0.003010187530890107, 0.0023568114265799522]</LCS_MIN>
		<LCS_MAX>[0.11221723258495331, 0.09380604326725006, 0.06515085697174072, 0.08699226379394531, 0.043916162103414536, 0.02321815676987171]</LCS_MAX>
		<WAVELENGTH>[0.48, 0.56, 0.655, 0.865, 1.61, 2.2]</WAVELENGTH>
		<MEAN_VALUE>[0.10886768378402983, 0.08715115820710681, 0.053223673369863944, 0.05473933789836259, 0.013596453750773674, 0.006291389128129033]</MEAN_VALUE>
		<CHECKBOX>2</CHECKBOX>
		<SD>[0.0009746326490008979, 0.0014437743134569395, 0.00172511177332263, 0.007818845256544756, 0.004886236189790679, 0.002515036322009914]</SD>
		<WAVELENGTH_UNIT>E-6m</WAVELENGTH_UNIT>
		<COLOR>#7d2896</COLOR>
		<COVARIANCE_MATRIX>[[1.2458558459055208e-06, 1.4528800200846845e-06, 8.94742099580258e-07, -8.280305585148164e-07, -1.526019668122585e-07, 1.1475267766029959e-07], [1.4528800200846845e-06, 2.5682087230297442e-06, 2.2707350937560127e-06, 2.5103650946271796e-06, 1.834240150796552e-06, 1.1574230789264459e-06], [8.94742099580258e-07, 2.2707350937560127e-06, 3.240249201507851e-06, 7.222363257149016e-06, 4.602091404692984e-06, 2.5602330711000256e-06], [-8.280305585148164e-07, 2.5103650946271796e-06, 7.222363257149016e-06, 6.504822617982201e-05, 3.4728571006537094e-05, 1.6105435210296477e-05], [-1.526019668122585e-07, 1.834240150796552e-06, 4.602091404692984e-06, 3.4728571006537094e-05, 2.4001545630580864e-05, 1.1509945400826422e-05], [1.1475267766029959e-07, 1.1574230789264459e-06, 2.5602330711000256e-06, 1.6105435210296477e-05, 1.1509945400826422e-05, 6.0655675925719736e-06]]</COVARIANCE_MATRIX>
		<ROI_SIZE>1422</ROI_SIZE>
		<MAX_VALUE>[0.11221723258495331, 0.09380604326725006, 0.06515085697174072, 0.08699226379394531, 0.043916162103414536, 0.02321815676987171]</MAX_VALUE>
		<MIN_VALUE>[0.10568346828222275, 0.08325869590044022, 0.050473254173994064, 0.034372203052043915, 0.003010187530890107, 0.0023568114265799522]</MIN_VALUE>
		<SIGNATURE_THRESHOLD_MD>0</SIGNATURE_THRESHOLD_MD>
		<SIGNATURE_THRESHOLD_ML>0</SIGNATURE_THRESHOLD_ML>
		<SIGNATURE_THRESHOLD_SAM>0</SIGNATURE_THRESHOLD_SAM>
	</signature>
	<signature ID="20210209_141034352777_147">
		<MACROCLASSID>1</MACROCLASSID>
		<MACROCLASSINFO>waterbody</MACROCLASSINFO>
		<CLASSID>13</CLASSID>
		<CLASSINFO>C 1</CLASSINFO>
		<VALUES>[0.1129457913339138, 0.00141057467352324, 0.095618377543158, 0.003125378066647918, 0.07239438107030259, 0.006330854176867757, 0.1442442908883095, 0.045864003455880924, 0.07177211970297827, 0.029428110670598712, 0.036752362787309624, 0.01502463942974181]</VALUES>
		<LCS_MIN>[0.11016375571489334, 0.09053916484117508, 0.062374014407396317, 0.06267736107110977, 0.020604651421308517, 0.01201743632555008]</LCS_MIN>
		<LCS_MAX>[0.1159508004784584, 0.10370001196861267, 0.08836901187896729, 0.24839936196804047, 0.12449134886264801, 0.06426412612199783]</LCS_MAX>
		<WAVELENGTH>[0.48, 0.56, 0.655, 0.865, 1.61, 2.2]</WAVELENGTH>
		<MEAN_VALUE>[0.1129457913339138, 0.095618377543158, 0.07239438107030259, 0.1442442908883095, 0.07177211970297827, 0.036752362787309624]</MEAN_VALUE>
		<CHECKBOX>2</CHECKBOX>
		<SD>[0.00141057467352324, 0.003125378066647918, 0.006330854176867757, 0.045864003455880924, 0.029428110670598712, 0.01502463942974181]</SD>
		<WAVELENGTH_UNIT>E-6m</WAVELENGTH_UNIT>
		<COLOR>#0ec77b</COLOR>
		<COVARIANCE_MATRIX>[[2.046570078430486e-06, 3.6597113907196484e-06, 6.944723881172856e-06, 3.1025613772740966e-06, 9.427409979110725e-06, 6.699549915124439e-06], [3.6597113907196484e-06, 1.0047073432611998e-05, 1.899723117830208e-05, 6.106551327447988e-05, 5.303144241223601e-05, 3.127322886595809e-05], [6.944723881172856e-06, 1.899723117830208e-05, 4.12248493118715e-05, 0.00010155502123531984, 0.00010426365357715555, 6.319360673251783e-05], [3.1025613772740966e-06, 6.106551327447988e-05, 0.00010155502123531984, 0.00216360700765823, 0.0012715494599111405, 0.0005919630935752388], [9.427409979110725e-06, 5.303144241223601e-05, 0.00010426365357715555, 0.0012715494599111405, 0.0008907569461450346, 0.00044394885932222313], [6.699549915124439e-06, 3.127322886595809e-05, 6.319360673251783e-05, 0.0005919630935752388, 0.00044394885932222313, 0.0002321894982792881]]</COVARIANCE_MATRIX>
		<ROI_SIZE>36</ROI_SIZE>
		<MAX_VALUE>[0.1159508004784584, 0.10370001196861267, 0.08836901187896729, 0.24839936196804047, 0.12449134886264801, 0.06426412612199783]</MAX_VALUE>
		<MIN_VALUE>[0.11016375571489334, 0.09053916484117508, 0.062374014407396317, 0.06267736107110977, 0.020604651421308517, 0.01201743632555008]</MIN_VALUE>
		<SIGNATURE_THRESHOLD_MD>0</SIGNATURE_THRESHOLD_MD>
		<SIGNATURE_THRESHOLD_ML>0</SIGNATURE_THRESHOLD_ML>
		<SIGNATURE_THRESHOLD_SAM>0</SIGNATURE_THRESHOLD_SAM>
	</signature>
	<signature ID="20210209_141050806752_604">
		<MACROCLASSID>1</MACROCLASSID>
		<MACROCLASSINFO>waterbody</MACROCLASSINFO>
		<CLASSID>14</CLASSID>
		<CLASSINFO>C 1</CLASSINFO>
		<VALUES>[0.11059202268427495, 0.0017515476241556425, 0.0962571124820148, 0.002451437650151076, 0.06923171030540093, 0.003349978330356859, 0.10796616883838876, 0.04122151865593042, 0.039333836796383075, 0.019991444951437527, 0.018889317845962216, 0.009274722006181416]</VALUES>
		<LCS_MIN>[0.1072702407836914, 0.09067916870117188, 0.06305072456598282, 0.0518033392727375, 0.010920695960521698, 0.005670364014804363]</LCS_MIN>
		<LCS_MAX>[0.11485406756401062, 0.1038166880607605, 0.07756498456001282, 0.19652597606182098, 0.08024850487709045, 0.04155934229493141]</LCS_MAX>
		<WAVELENGTH>[0.48, 0.56, 0.655, 0.865, 1.61, 2.2]</WAVELENGTH>
		<MEAN_VALUE>[0.11059202268427495, 0.0962571124820148, 0.06923171030540093, 0.10796616883838876, 0.039333836796383075, 0.018889317845962216]</MEAN_VALUE>
		<CHECKBOX>2</CHECKBOX>
		<SD>[0.0017515476241556425, 0.002451437650151076, 0.003349978330356859, 0.04122151865593042, 0.019991444951437527, 0.009274722006181416]</SD>
		<WAVELENGTH_UNIT>E-6m</WAVELENGTH_UNIT>
		<COLOR>#09202e</COLOR>
		<COVARIANCE_MATRIX>[[3.1292774612789793e-06, 4.0871201581194705e-06, 5.1670966890295235e-06, -6.254699565792097e-05, -2.4689302857843723e-05, -8.638804630264353e-06], [4.0871201581194705e-06, 6.129737483629798e-06, 7.346007004766607e-06, -7.715959490176934e-05, -3.062453103122086e-05, -9.732181539669512e-06], [5.1670966890295235e-06, 7.346007004766607e-06, 1.1446801910137738e-05, -8.506133787924737e-05, -2.763403699783248e-05, -7.1951234410435194e-06], [-6.254699565792097e-05, -7.715959490176934e-05, -8.506133787924737e-05, 0.0017331978723072441, 0.0007655323229317987, 0.0003211778567891514], [-2.4689302857843723e-05, -3.062453103122086e-05, -2.763403699783248e-05, 0.0007655323229317987, 0.00040765102867128397, 0.00018156081635536025], [-8.638804630264353e-06, -9.732181539669512e-06, -7.1951234410435194e-06, 0.0003211778567891514, 0.00018156081635536025, 8.774087765778472e-05]]</COVARIANCE_MATRIX>
		<ROI_SIZE>51</ROI_SIZE>
		<MAX_VALUE>[0.11485406756401062, 0.1038166880607605, 0.07756498456001282, 0.19652597606182098, 0.08024850487709045, 0.04155934229493141]</MAX_VALUE>
		<MIN_VALUE>[0.1072702407836914, 0.09067916870117188, 0.06305072456598282, 0.0518033392727375, 0.010920695960521698, 0.005670364014804363]</MIN_VALUE>
		<SIGNATURE_THRESHOLD_MD>0</SIGNATURE_THRESHOLD_MD>
		<SIGNATURE_THRESHOLD_ML>0</SIGNATURE_THRESHOLD_ML>
		<SIGNATURE_THRESHOLD_SAM>0</SIGNATURE_THRESHOLD_SAM>
	</signature>
	<signature ID="20210209_141101887296_914">
		<MACROCLASSID>1</MACROCLASSID>
		<MACROCLASSINFO>waterbody</MACROCLASSINFO>
		<CLASSID>15</CLASSID>
		<CLASSINFO>C 1</CLASSINFO>
		<VALUES>[0.11898627525428603, 0.0021860653119555548, 0.10472719977443798, 0.0063381570654513185, 0.06689924646437391, 0.007078542948964238, 0.052432473544054975, 0.008384191587926764, 0.014125153094155669, 0.005767639224552316, 0.007190591339687153, 0.0036196832555848643]</VALUES>
		<LCS_MIN>[0.11277726292610168, 0.0915425643324852, 0.05616695061326027, 0.04370614141225815, 0.004526951815932989, 0.0012600799091160297]</LCS_MIN>
		<LCS_MAX>[0.12736153602600098, 0.13223852217197418, 0.10026979446411133, 0.09177590161561966, 0.052223362028598785, 0.037545740604400635]</LCS_MAX>
		<WAVELENGTH>[0.48, 0.56, 0.655, 0.865, 1.61, 2.2]</WAVELENGTH>
		<MEAN_VALUE>[0.11898627525428603, 0.10472719977443798, 0.06689924646437391, 0.052432473544054975, 0.014125153094155669, 0.007190591339687153]</MEAN_VALUE>
		<CHECKBOX>2</CHECKBOX>
		<SD>[0.0021860653119555548, 0.0063381570654513185, 0.007078542948964238, 0.008384191587926764, 0.005767639224552316, 0.0036196832555848643]</SD>
		<WAVELENGTH_UNIT>E-6m</WAVELENGTH_UNIT>
		<COLOR>#ba0fa8</COLOR>
		<COVARIANCE_MATRIX>[[5.633918162640345e-06, 1.3524344934047917e-05, 1.1882564257597546e-05, 3.879918245525045e-07, 4.999867256820825e-07, 6.322079248704304e-07], [1.3524344934047917e-05, 4.16099442647943e-05, 4.130023479866871e-05, 1.600345872487329e-05, 9.39195677930715e-06, 6.35042474465078e-06], [1.1882564257597546e-05, 4.130023479866871e-05, 5.632148921054299e-05, 3.821494556752468e-05, 2.1014536899602233e-05, 1.3357924423246977e-05], [3.879918245525045e-07, 1.600345872487329e-05, 3.821494556752468e-05, 8.19508965607602e-05, 4.828929595541575e-05, 2.9202982423648884e-05], [4.999867256820825e-07, 9.39195677930715e-06, 2.1014536899602233e-05, 4.828929595541575e-05, 4.0687672614538656e-05, 2.4816615248260698e-05], [6.322079248704304e-07, 6.35042474465078e-06, 1.3357924423246977e-05, 2.9202982423648884e-05, 2.4816615248260698e-05, 1.5860508915105072e-05]]</COVARIANCE_MATRIX>
		<ROI_SIZE>2482</ROI_SIZE>
		<MAX_VALUE>[0.12736153602600098, 0.13223852217197418, 0.10026979446411133, 0.09177590161561966, 0.052223362028598785, 0.037545740604400635]</MAX_VALUE>
		<MIN_VALUE>[0.11277726292610168, 0.0915425643324852, 0.05616695061326027, 0.04370614141225815, 0.004526951815932989, 0.0012600799091160297]</MIN_VALUE>
		<SIGNATURE_THRESHOLD_MD>0</SIGNATURE_THRESHOLD_MD>
		<SIGNATURE_THRESHOLD_ML>0</SIGNATURE_THRESHOLD_ML>
		<SIGNATURE_THRESHOLD_SAM>0</SIGNATURE_THRESHOLD_SAM>
	</signature>
	<signature ID="20210209_141112477172_649">
		<MACROCLASSID>1</MACROCLASSID>
		<MACROCLASSINFO>waterbody</MACROCLASSINFO>
		<CLASSID>16</CLASSID>
		<CLASSINFO>C 1</CLASSINFO>
