<?xml version="1.0" ?>
<signaturelist MCID_LIST="[['1', 'Water Body ', '#d5d845'], ['2', 'Vegetation', '#daf63b'], ['3', 'Urban', '#c7fe5e'], ['4', 'Barren Land', '#6e1b37']]">
	<signature ID="20210107_144546585537_337">
		<MACROCLASSID>1</MACROCLASSID>
		<MACROCLASSINFO>Water Body</MACROCLASSINFO>
		<CLASSID>1</CLASSID>
		<CLASSINFO>C 1</CLASSINFO>
		<VALUES>[0.1421112, 0.0066462476, 0.15148771, 0.010845393, 0.138009, 0.01618111, 0.09645326, 0.01110517, 0.05927593, 0.010286619, 0.042026166, 0.007933161]</VALUES>
		<LCS_MIN>[0.12907584, 0.117374904, 0.08306797, 0.07113043, 0.03804952, 0.026628204]</LCS_MIN>
		<LCS_MAX>[0.1584572, 0.17347054, 0.16637255, 0.14533669, 0.119783916, 0.09769412]</LCS_MAX>
		<WAVELENGTH>[0.48, 0.56, 0.655, 0.865, 1.61, 2.2]</WAVELENGTH>
		<MEAN_VALUE>[0.1421112, 0.15148771, 0.138009, 0.09645326, 0.05927593, 0.042026166]</MEAN_VALUE>
		<CHECKBOX>2</CHECKBOX>
		<SD>[0.0066462476, 0.010845393, 0.01618111, 0.01110517, 0.010286619, 0.007933161]</SD>
		<WAVELENGTH_UNIT>E-6m</WAVELENGTH_UNIT>
		<COLOR>#d5d845</COLOR>
		<COVARIANCE_MATRIX>[[4.417433956405148e-05, 6.308619776973501e-05, 8.079507097136229e-05, 5.936325032962486e-05, 5.3907278925180435e-05, 4.351077586761676e-05], [6.308619776973501e-05, 0.0001176271543954499, 0.00016939299530349672, 7.300630386453122e-05, 5.646800127578899e-05, 4.616624937625602e-05], [8.079507097136229e-05, 0.00016939299530349672, 0.0002618385187815875, 7.912438741186634e-05, 5.239901292952709e-05, 4.444872320163995e-05], [5.936325032962486e-05, 7.300630386453122e-05, 7.912438741186634e-05, 0.0001233296497957781, 0.00011026959691662341, 8.347164111910388e-05], [5.3907278925180435e-05, 5.646800127578899e-05, 5.239901292952709e-05, 0.00011026959691662341, 0.00010581866081338376, 8.095930388662964e-05], [4.351077586761676e-05, 4.616624937625602e-05, 4.444872320163995e-05, 8.347164111910388e-05, 8.095930388662964e-05, 6.293750629993156e-05]]</COVARIANCE_MATRIX>
		<ROI_SIZE>25499</ROI_SIZE>
		<MAX_VALUE>[0.1584572, 0.17347054, 0.16637255, 0.14533669, 0.119783916, 0.09769412]</MAX_VALUE>
		<MIN_VALUE>[0.12907584, 0.117374904, 0.08306797, 0.07113043, 0.03804952, 0.026628204]</MIN_VALUE>
		<SIGNATURE_THRESHOLD_MD>0.0</SIGNATURE_THRESHOLD_MD>
		<SIGNATURE_THRESHOLD_ML>0.0</SIGNATURE_THRESHOLD_ML>
		<SIGNATURE_THRESHOLD_SAM>0.0</SIGNATURE_THRESHOLD_SAM>
	</signature>
	<signature ID="20210107_145045805167_233">
		<MACROCLASSID>1</MACROCLASSID>
		<MACROCLASSINFO>Water Body</MACROCLASSINFO>
		<CLASSID>2</CLASSID>
		<CLASSINFO>C 1</CLASSINFO>
		<VALUES>[0.13738695, 0.0027956336, 0.1407853, 0.0051866663, 0.13138936, 0.0055437232, 0.08226084, 0.019476447, 0.046836067, 0.018980838, 0.033462446, 0.013248962]</VALUES>
		<LCS_MIN>[0.12574193, 0.11303008, 0.098274864, 0.06829125, 0.0354039, 0.025402188]</LCS_MIN>
		<LCS_MAX>[0.17635275, 0.1824183, 0.19779727, 0.3252384, 0.2568396, 0.2156283]</LCS_MAX>
		<WAVELENGTH>[0.48, 0.56, 0.655, 0.865, 1.61, 2.2]</WAVELENGTH>
		<MEAN_VALUE>[0.13738695, 0.1407853, 0.13138936, 0.08226084, 0.046836067, 0.033462446]</MEAN_VALUE>
		<CHECKBOX>2</CHECKBOX>
		<SD>[0.0027956336, 0.0051866663, 0.0055437232, 0.019476447, 0.018980838, 0.013248962]</SD>
		<WAVELENGTH_UNIT>E-6m</WAVELENGTH_UNIT>
		<COLOR>#8e219a</COLOR>
		<COVARIANCE_MATRIX>[[7.816098332114052e-06, 9.88908050203463e-06, 1.2211386092531029e-05, 1.4977073988120537e-05, 2.0182100342935883e-05, 1.7659076547715813e-05], [9.88908050203463e-06, 2.6903340767603368e-05, 2.6328292733523995e-05, -1.401178178639384e-05, -5.729438612434024e-07, 5.2184554988343734e-06], [1.2211386092531029e-05, 2.6328292733523995e-05, 3.0734954634681344e-05, 1.1201665074622724e-05, 2.53341713687405e-05, 2.4374101485591382e-05], [1.4977073988120537e-05, -1.401178178639384e-05, 1.1201665074622724e-05, 0.0003793578362092376, 0.00035881969961337745, 0.000239426241023466], [2.0182100342935883e-05, -5.729438612434024e-07, 2.53341713687405e-05, 0.00035881969961337745, 0.0003602967190090567, 0.000247541960561648], [1.7659076547715813e-05, 5.2184554988343734e-06, 2.4374101485591382e-05, 0.000239426241023466, 0.000247541960561648, 0.00017554692749399692]]</COVARIANCE_MATRIX>
		<ROI_SIZE>14707</ROI_SIZE>
		<MAX_VALUE>[0.17635275, 0.1824183, 0.19779727, 0.3252384, 0.2568396, 0.2156283]</MAX_VALUE>
		<MIN_VALUE>[0.12574193, 0.11303008, 0.098274864, 0.06829125, 0.0354039, 0.025402188]</MIN_VALUE>
		<SIGNATURE_THRESHOLD_MD>0.0</SIGNATURE_THRESHOLD_MD>
		<SIGNATURE_THRESHOLD_ML>0.0</SIGNATURE_THRESHOLD_ML>
		<SIGNATURE_THRESHOLD_SAM>0.0</SIGNATURE_THRESHOLD_SAM>
	</signature>
	<signature ID="20210107_151823002917_477">
		<MACROCLASSID>1</MACROCLASSID>
		<MACROCLASSINFO>Water Body</MACROCLASSINFO>
		<CLASSID>3</CLASSID>
		<CLASSINFO>C 1</CLASSINFO>
		<VALUES>[0.14077078, 0.0055903886, 0.1419453, 0.006501654, 0.13213739, 0.007772703, 0.09191559, 0.011547245, 0.053773884, 0.010871719, 0.03886099, 0.008293657]</VALUES>
		<LCS_MIN>[0.13030185, 0.12133257, 0.10459853, 0.07143157, 0.03673746, 0.026198022]</LCS_MIN>
		<LCS_MAX>[0.1716853, 0.17908439, 0.17538485, 0.16656612, 0.13793756, 0.10064087]</LCS_MAX>
		<WAVELENGTH>[0.48, 0.56, 0.655, 0.865, 1.61, 2.2]</WAVELENGTH>
		<MEAN_VALUE>[0.14077078, 0.1419453, 0.13213739, 0.09191559, 0.053773884, 0.03886099]</MEAN_VALUE>
		<CHECKBOX>2</CHECKBOX>
		<SD>[0.0055903886, 0.006501654, 0.007772703, 0.011547245, 0.010871719, 0.008293657]</SD>
		<WAVELENGTH_UNIT>E-6m</WAVELENGTH_UNIT>
		<COLOR>#8fecfb</COLOR>
		<COVARIANCE_MATRIX>[[3.125355942756869e-05, 3.418375490582548e-05, 4.0158076444640756e-05, 5.576458715950139e-05, 5.3662653954233974e-05, 4.1879815398715436e-05], [3.418375490582548e-05, 4.227301906212233e-05, 4.833386265090667e-05, 5.629026054521091e-05, 5.693756611435674e-05, 4.452985740499571e-05], [4.0158076444640756e-05, 4.833386265090667e-05, 6.0417078202590346e-05, 6.757095252396539e-05, 6.685132393613458e-05, 5.2515089919324964e-05], [5.576458715950139e-05, 5.629026054521091e-05, 6.757095252396539e-05, 0.0001333436230197549, 0.00012244876415934414, 9.246930130757391e-05], [5.3662653954233974e-05, 5.693756611435674e-05, 6.685132393613458e-05, 0.00012244876415934414, 0.00011819847713923082, 8.971848001237959e-05], [4.1879815398715436e-05, 4.452985740499571e-05, 5.2515089919324964e-05, 9.246930130757391e-05, 8.971848001237959e-05, 6.878721615066752e-05]]</COVARIANCE_MATRIX>
		<ROI_SIZE>27974</ROI_SIZE>
		<MAX_VALUE>[0.1716853, 0.17908439, 0.17538485, 0.16656612, 0.13793756, 0.10064087]</MAX_VALUE>
		<MIN_VALUE>[0.13030185, 0.12133257, 0.10459853, 0.07143157, 0.03673746, 0.026198022]</MIN_VALUE>
		<SIGNATURE_THRESHOLD_MD>0.0</SIGNATURE_THRESHOLD_MD>
		<SIGNATURE_THRESHOLD_ML>0.0</SIGNATURE_THRESHOLD_ML>
		<SIGNATURE_THRESHOLD_SAM>0.0</SIGNATURE_THRESHOLD_SAM>
	</signature>
	<signature ID="20210107_162901360776_134">
		<MACROCLASSID>1</MACROCLASSID>
		<MACROCLASSINFO>Water Body</MACROCLASSINFO>
		<CLASSID>4</CLASSID>
		<CLASSINFO>C 1</CLASSINFO>
		<VALUES>[0.15069254, 0.009446021, 0.150915, 0.012776503, 0.14296964, 0.014617333, 0.10603507, 0.017145893, 0.06668066, 0.01868182, 0.049547344, 0.014286895]</VALUES>
		<LCS_MIN>[0.13406594, 0.13277538, 0.1144927, 0.07513112, 0.039297037, 0.027467066]</LCS_MIN>
		<LCS_MAX>[0.18641898, 0.19753917, 0.19151662, 0.16381297, 0.13030185, 0.10425438]</LCS_MAX>
		<WAVELENGTH>[0.48, 0.56, 0.655, 0.865, 1.61, 2.2]</WAVELENGTH>
		<MEAN_VALUE>[0.15069254, 0.150915, 0.14296964, 0.10603507, 0.06668066, 0.049547344]</MEAN_VALUE>
		<CHECKBOX>2</CHECKBOX>
		<SD>[0.009446021, 0.012776503, 0.014617333, 0.017145893, 0.01868182, 0.014286895]</SD>
		<WAVELENGTH_UNIT>E-6m</WAVELENGTH_UNIT>
		<COLOR>#ba360c</COLOR>
		<COVARIANCE_MATRIX>[[8.92328389454633e-05, 0.00012010611681034788, 0.00013639147800859064, 0.00015613668074365705, 0.00017113637295551598, 0.0001306942867813632], [0.00012010611681034788, 0.00016324914759024978, 0.0001850544213084504, 0.0002108076587319374, 0.0002324687084183097, 0.0001774391857907176], [0.00013639147800859064, 0.0001850544213084504, 0.00021367965382523835, 0.00024089803628157824, 0.0002664036874193698, 0.00020452246826607734], [0.00015613668074365705, 0.0002108076587319374, 0.00024089803628157824, 0.00029399985214695334, 0.0003167149261571467, 0.00023976767261046916], [0.00017113637295551598, 0.0002324687084183097, 0.0002664036874193698, 0.0003167149261571467, 0.0003490319359116256, 0.0002659706224221736], [0.0001306942867813632, 0.0001774391857907176, 0.00020452246826607734, 0.00023976767261046916, 0.0002659706224221736, 0.00020412802405189723]]</COVARIANCE_MATRIX>
		<ROI_SIZE>16149</ROI_SIZE>
		<MAX_VALUE>[0.18641898, 0.19753917, 0.19151662, 0.16381297, 0.13030185, 0.10425438]</MAX_VALUE>
		<MIN_VALUE>[0.13406594, 0.13277538, 0.1144927, 0.07513112, 0.039297037, 0.027467066]</MIN_VALUE>
		<SIGNATURE_THRESHOLD_MD>0.0</SIGNATURE_THRESHOLD_MD>
		<SIGNATURE_THRESHOLD_ML>0.0</SIGNATURE_THRESHOLD_ML>
		<SIGNATURE_THRESHOLD_SAM>0.0</SIGNATURE_THRESHOLD_SAM>
	</signature>
	<signature ID="20210107_163157037461_887">
		<MACROCLASSID>1</MACROCLASSID>
		<MACROCLASSINFO>Water Body</MACROCLASSINFO>
		<CLASSID>5</CLASSID>
		<CLASSINFO>C 1</CLASSINFO>
		<VALUES>[0.17003246, 0.01327505, 0.1724759, 0.01496971, 0.163853, 0.016538985, 0.15317811, 0.026914254, 0.10627165, 0.021119416, 0.07893262, 0.016160205]</VALUES>
		<LCS_MIN>[0.11651454, 0.10771734, 0.07766919, 0.069667816, 0.03473711, 0.024348248]</LCS_MIN>
		<LCS_MAX>[0.20298094, 0.20850877, 0.20582014, 0.3973798, 0.2356532, 0.18790309]</LCS_MAX>
		<WAVELENGTH>[0.48, 0.56, 0.655, 0.865, 1.61, 2.2]</WAVELENGTH>
		<MEAN_VALUE>[0.17003246, 0.1724759, 0.163853, 0.15317811, 0.10627165, 0.07893262]</MEAN_VALUE>
		<CHECKBOX>2</CHECKBOX>
		<SD>[0.01327505, 0.01496971, 0.016538985, 0.026914254, 0.021119416, 0.016160205]</SD>
		<WAVELENGTH_UNIT>E-6m</WAVELENGTH_UNIT>
		<COLOR>#bcb008</COLOR>
		<COVARIANCE_MATRIX>[[0.00017623351595830172, 0.00019327295012772083, 0.00020820634381379932, 0.00023482296091970056, 0.00019616221834439784, 0.00016650298493914306], [0.00019327295012772083, 0.00022410052770283073, 0.0002416804200038314, 0.0002211939136032015, 0.00019872871052939445, 0.00017065322026610374], [0.00020820634381379932, 0.0002416804200038314, 0.0002735481539275497, 0.000248685828410089, 0.00022860744502395391, 0.0001953371538547799], [0.00023482296091970056, 0.0002211939136032015, 0.000248685828410089, 0.0007244039443321526, 0.0005412469618022442, 0.0004002701607532799], [0.00019616221834439784, 0.00019872871052939445, 0.00022860744502395391, 0.0005412469618022442, 0.0004460463533177972, 0.00033615573192946613], [0.00016650298493914306, 0.00017065322026610374, 0.0001953371538547799, 0.0004002701607532799, 0.00033615573192946613, 0.0002611618838272989]]</COVARIANCE_MATRIX>
		<ROI_SIZE>26938</ROI_SIZE>
		<MAX_VALUE>[0.20298094, 0.20850877, 0.20582014, 0.3973798, 0.2356532, 0.18790309]</MAX_VALUE>
		<MIN_VALUE>[0.11651454, 0.10771734, 0.07766919, 0.069667816, 0.03473711, 0.024348248]</MIN_VALUE>
		<SIGNATURE_THRESHOLD_MD>0.0</SIGNATURE_THRESHOLD_MD>
		<SIGNATURE_THRESHOLD_ML>0.0</SIGNATURE_THRESHOLD_ML>
		<SIGNATURE_THRESHOLD_SAM>0.0</SIGNATURE_THRESHOLD_SAM>
	</signature>
	<signature ID="20210107_163811167079_675">
		<MACROCLASSID>1</MACROCLASSID>
		<MACROCLASSINFO>Water Body</MACROCLASSINFO>
		<CLASSID>6</CLASSID>
		<CLASSINFO>C 1</CLASSINFO>
		<VALUES>[0.15394935, 0.011552653, 0.15321627, 0.014067731, 0.13948433, 0.017750256, 0.12387266, 0.032201577, 0.078853704, 0.026641335, 0.05572246, 0.018629983]</VALUES>
		<LCS_MIN>[0.12744114, 0.11487986, 0.087176204, 0.07446434, 0.038200077, 0.027338013]</LCS_MIN>
		<LCS_MAX>[0.20597072, 0.21390754, 0.22661941, 0.40654266, 0.22625375, 0.15116565]</LCS_MAX>
		<WAVELENGTH>[0.48, 0.56, 0.655, 0.865, 1.61, 2.2]</WAVELENGTH>
		<MEAN_VALUE>[0.15394935, 0.15321627, 0.13948433, 0.12387266, 0.078853704, 0.05572246]</MEAN_VALUE>
		<CHECKBOX>2</CHECKBOX>
		<SD>[0.011552653, 0.014067731, 0.017750256, 0.032201577, 0.026641335, 0.018629983]</SD>
		<WAVELENGTH_UNIT>E-6m</WAVELENGTH_UNIT>
		<COLOR>#07dca9</COLOR>
		<COVARIANCE_MATRIX>[[0.00013346927880775183, 0.00015875394456088543, 0.00018921364971902221, 0.00017764500807970762, 0.00018268301209900528, 0.0001497677294537425], [0.00015875394456088543, 0.00019790921942330897, 0.00023635267280042171, 0.00018800249381456524, 0.00021138218289706856, 0.00017866428242996335], [0.00018921364971902221, 0.00023635267280042171, 0.00031508450047113, 0.00026781242922879755, 0.00028628468862734735, 0.00024103521718643606], [0.00017764500807970762, 0.00018800249381456524, 0.00026781242922879755, 0.0010369840310886502, 0.0008072126656770706, 0.0005126236355863512], [0.00018268301209900528, 0.00021138218289706856, 0.00028628468862734735, 0.0008072126656770706, 0.0007097900379449129, 0.0004825373471248895], [0.0001497677294537425, 0.00017866428242996335, 0.00024103521718643606, 0.0005126236355863512, 0.0004825373471248895, 0.0003470905066933483]]</COVARIANCE_MATRIX>
		<ROI_SIZE>24350</ROI_SIZE>
		<MAX_VALUE>[0.20597072, 0.21390754, 0.22661941, 0.40654266, 0.22625375, 0.15116565]</MAX_VALUE>
		<MIN_VALUE>[0.12744114, 0.11487986, 0.087176204, 0.07446434, 0.038200077, 0.027338013]</MIN_VALUE>
		<SIGNATURE_THRESHOLD_MD>0.0</SIGNATURE_THRESHOLD_MD>
		<SIGNATURE_THRESHOLD_ML>0.0</SIGNATURE_THRESHOLD_ML>
		<SIGNATURE_THRESHOLD_SAM>0.0</SIGNATURE_THRESHOLD_SAM>
	</signature>
	<signature ID="20210107_164638879657_558">
		<MACROCLASSID>1</MACROCLASSID>
		<MACROCLASSINFO>Water Body</MACROCLASSINFO>
		<CLASSID>7</CLASSID>
		<CLASSINFO>C 1</CLASSINFO>
		<VALUES>[0.17398329, 0.014048154, 0.17732795, 0.020989971, 0.17725389, 0.0314034, 0.19158503, 0.026429899, 0.11801399, 0.022478327, 0.08170403, 0.016531684]</VALUES>
		<LCS_MIN>[0.1344531, 0.1142346, 0.09300516, 0.119547315, 0.06396792, 0.043297723]</LCS_MIN>
		<LCS_MAX>[0.21210079, 0.23029746, 0.24692397, 0.3178608, 0.29531932, 0.25615135]</LCS_MAX>
		<WAVELENGTH>[0.48, 0.56, 0.655, 0.865, 1.61, 2.2]</WAVELENGTH>
		<MEAN_VALUE>[0.17398329, 0.17732795, 0.17725389, 0.19158503, 0.11801399, 0.08170403]</MEAN_VALUE>
		<CHECKBOX>2</CHECKBOX>
		<SD>[0.014048154, 0.020989971, 0.0314034, 0.026429899, 0.022478327, 0.016531684]</SD>
		<WAVELENGTH_UNIT>E-6m</WAVELENGTH_UNIT>
		<COLOR>#2aab37</COLOR>
		<COVARIANCE_MATRIX>[[0.00019738201808650047, 0.0002895473735406995, 0.00042724391096271574, 0.0001718327112030238, 0.00010391274554422125, 0.00010342685709474608], [0.0002895473735406995, 0.0004406490479595959, 0.0006511841202154756, 0.00022807515051681548, 0.00012977738515473902, 0.00013301575381774455], [0.00042724391096271574, 0.0006511841202154756, 0.0009863306768238544, 0.00036299318890087306, 0.00020238164870534092, 0.00020301120821386576], [0.0001718327112030238, 0.00022807515051681548, 0.00036299318890087306, 0.0006986506632529199, 0.0005089997430332005, 0.0003467724600341171], [0.00010391274554422125, 0.00012977738515473902, 0.00020238164870534092, 0.0005089997430332005, 0.000505355594214052, 0.0003606250975281], [0.00010342685709474608, 0.00013301575381774455, 0.00020301120821386576, 0.0003467724600341171, 0.0003606250975281, 0.00027334000333212316]]</COVARIANCE_MATRIX>
		<ROI_SIZE>6285</ROI_SIZE>
		<MAX_VALUE>[0.21210079, 0.23029746, 0.24692397, 0.3178608, 0.29531932, 0.25615135]</MAX_VALUE>
		<MIN_VALUE>[0.1344531, 0.1142346, 0.09300516, 0.119547315, 0.06396792, 0.043297723]</MIN_VALUE>
		<SIGNATURE_THRESHOLD_MD>0.0</SIGNATURE_THRESHOLD_MD>
		<SIGNATURE_THRESHOLD_ML>0.0</SIGNATURE_THRESHOLD_ML>
		<SIGNATURE_THRESHOLD_SAM>0.0</SIGNATURE_THRESHOLD_SAM>
	</signature>
	<signature ID="20210107_165059864663_203">
		<MACROCLASSID>1</MACROCLASSID>
		<MACROCLASSINFO>Water Body</MACROCLASSINFO>
		<CLASSID>8</CLASSID>
		<CLASSINFO>C 1</CLASSINFO>
		<VALUES>[0.13153748, 0.0040905643, 0.11724198, 0.008686549, 0.08172703, 0.013389802, 0.09089029, 0.037334684, 0.056251604, 0.03082599, 0.037016116, 0.016659189]</VALUES>
		<LCS_MIN>[0.11840735, 0.10313591, 0.06674259, 0.06142985, 0.03239263, 0.022713559]</LCS_MIN>
		<LCS_MAX>[0.17596558, 0.2009376, 0.22027424, 0.46450958, 0.34995234, 0.23573923]</LCS_MAX>
		<WAVELENGTH>[0.48, 0.56, 0.655, 0.865, 1.61, 2.2]</WAVELENGTH>
		<MEAN_VALUE>[0.13153748, 0.11724198, 0.08172703, 0.09089029, 0.056251604, 0.037016116]</MEAN_VALUE>
		<CHECKBOX>2</CHECKBOX>
		<SD>[0.0040905643, 0.008686549, 0.013389802, 0.037334684, 0.03082599, 0.016659189]</SD>
		<WAVELENGTH_UNIT>E-6m</WAVELENGTH_UNIT>
		<COLOR>#027d0b</COLOR>
		<COVARIANCE_MATRIX>[[1.673289625614416e-05, 2.8850579838035628e-05, 3.9852006011642516e-05, 6.0902191762579605e-05, 6.466734339483082e-05, 3.9362861571135e-05], [2.8850579838035628e-05, 7.545697008026764e-05, 0.00010821971955010667, 0.00017593913071323186, 0.00016934896120801568, 9.625606617191806e-05], [3.9852006011642516e-05, 0.00010821971955010667, 0.00017928876332007349, 0.00034902244806289673, 0.00032436958281323314, 0.00018134356650989503], [6.0902191762579605e-05, 0.00017593913071323186, 0.00034902244806289673, 0.0013938939664512873, 0.001100542489439249, 0.0005713276332244277], [6.466734339483082e-05, 0.00016934896120801568, 0.00032436958281323314, 0.001100542489439249, 0.0009502519387751818, 0.0005080178962089121], [3.9362861571135e-05, 9.625606617191806e-05, 0.00018134356650989503, 0.0005713276332244277, 0.0005080178962089121, 0.0002775316243059933]]</COVARIANCE_MATRIX>
		<ROI_SIZE>90797</ROI_SIZE>
		<MAX_VALUE>[0.17596558, 0.2009376, 0.22027424, 0.46450958, 0.34995234, 0.23573923]</MAX_VALUE>
		<MIN_VALUE>[0.11840735, 0.10313591, 0.06674259, 0.06142985, 0.03239263, 0.022713559]</MIN_VALUE>
		<SIGNATURE_THRESHOLD_MD>0.0</SIGNATURE_THRESHOLD_MD>
		<SIGNATURE_THRESHOLD_ML>0.0</SIGNATURE_THRESHOLD_ML>
		<SIGNATURE_THRESHOLD_SAM>0.0</SIGNATURE_THRESHOLD_SAM>
	</signature>
	<signature ID="20210107_165513725702_558">
		<MACROCLASSID>1</MACROCLASSID>
		<MACROCLASSINFO>Water Body</MACROCLASSINFO>
		<CLASSID>9</CLASSID>
		<CLASSINFO>C 1</CLASSINFO>
		<VALUES>[0.1363714, 0.005920495, 0.132119, 0.011358518, 0.10979347, 0.01753465, 0.09356181, 0.020657403, 0.056516305, 0.017585004, 0.039175197, 0.012245205]</VALUES>
		<LCS_MIN>[0.11176104, 0.09825336, 0.06949575, 0.061795503, 0.033166967, 0.024498807]</LCS_MIN>
		<LCS_MAX>[0.17340602, 0.17704105, 0.1911725, 0.41863075, 0.24860165, 0.20388433]</LCS_MAX>
		<WAVELENGTH>[0.48, 0.56, 0.655, 0.865, 1.61, 2.2]</WAVELENGTH>
		<MEAN_VALUE>[0.1363714, 0.132119, 0.10979347, 0.09356181, 0.056516305, 0.039175197]</MEAN_VALUE>
		<CHECKBOX>2</CHECKBOX>
		<SD>[0.005920495, 0.011358518, 0.01753465, 0.020657403, 0.017585004, 0.012245205]</SD>
		<WAVELENGTH_UNIT>E-6m</WAVELENGTH_UNIT>
		<COLOR>#728155</COLOR>
		<COVARIANCE_MATRIX>[[3.505340646370314e-05, 6.095743447076529e-05, 8.305400842800736e-05, 1.2313018487475347e-05, 1.5094869013410062e-05, 1.7542204659548588e-05], [6.095743447076529e-05, 0.00012902013259008527, 0.00018016262038145214, -3.37254605256021e-05, -2.2487463866127655e-05, -2.933772066171514e-06], [8.305400842800736e-05, 0.00018016262038145214, 0.00030747411074116826, -2.417995347059332e-06, 7.783590262988582e-06, 2.7043615773436613e-05], [1.2313018487475347e-05, -3.37254605256021e-05, -2.417995347059332e-06, 0.00042674210271798074, 0.0003429508942645043, 0.00022361853916663677], [1.5094869013410062e-05, -2.2487463866127655e-05, 7.783590262988582e-06, 0.0003429508942645043, 0.00030924248858354986, 0.00021030392963439226], [1.7542204659548588e-05, -2.933772066171514e-06, 2.7043615773436613e-05, 0.00022361853916663677, 0.00021030392963439226, 0.00014994996308814734]]</COVARIANCE_MATRIX>
		<ROI_SIZE>30824</ROI_SIZE>
		<MAX_VALUE>[0.17340602, 0.17704105, 0.1911725, 0.41863075, 0.24860165, 0.20388433]</MAX_VALUE>
		<MIN_VALUE>[0.11176104, 0.09825336, 0.06949575, 0.061795503, 0.033166967, 0.024498807]</MIN_VALUE>
		<SIGNATURE_THRESHOLD_MD>0.0</SIGNATURE_THRESHOLD_MD>
		<SIGNATURE_THRESHOLD_ML>0.0</SIGNATURE_THRESHOLD_ML>
		<SIGNATURE_THRESHOLD_SAM>0.0</SIGNATURE_THRESHOLD_SAM>
	</signature>
	<signature ID="20210107_171906104842_788">
		<MACROCLASSID>1</MACROCLASSID>
		<MACROCLASSINFO>Water Body</MACROCLASSINFO>
		<CLASSID>10</CLASSID>
		<CLASSINFO>C 1</CLASSINFO>
		<VALUES>[0.12746264, 0.0048664818, 0.106844634, 0.0074605015, 0.07742164, 0.009405244, 0.11325758, 0.022903193, 0.067007296, 0.019850288, 0.043932185, 0.012701243]</VALUES>
		<LCS_MIN>[0.105910584, 0.079927646, 0.058418594, 0.079777084, 0.042566415, 0.026391603]</LCS_MIN>
		<LCS_MAX>[0.18254735, 0.2083152, 0.22853372, 0.36799842, 0.3598895, 0.24630019]</LCS_MAX>
		<WAVELENGTH>[0.48, 0.56, 0.655, 0.865, 1.61, 2.2]</WAVELENGTH>
		<MEAN_VALUE>[0.12746264, 0.106844634, 0.07742164, 0.11325758, 0.067007296, 0.043932185]</MEAN_VALUE>
		<CHECKBOX>2</CHECKBOX>
		<SD>[0.0048664818, 0.0074605015, 0.009405244, 0.022903193, 0.019850288, 0.012701243]</SD>
		<WAVELENGTH_UNIT>E-6m</WAVELENGTH_UNIT>
		<COLOR>#cf1ff0</COLOR>
		<COVARIANCE_MATRIX>[[2.368320565437898e-05, 3.15815705107525e-05, 3.534094139467925e-05, 4.3387426558183506e-05, 4.884124064119533e-05, 3.7011210224591196e-05], [3.15815705107525e-05, 5.5660402722423896e-05, 6.460568693000823e-05, 9.651049185777083e-05, 0.00010298249981133267, 7.157455547712743e-05], [3.534094139467925e-05, 6.460568693000823e-05, 8.846069977153093e-05, 0.00015834062651265413, 0.00016106526891235262, 0.00010841491894097999], [4.3387426558183506e-05, 9.651049185777083e-05, 0.00015834062651265413, 0.0005245686625130475, 0.0004218024550937116, 0.0002511093916837126], [4.884124064119533e-05, 0.00010298249981133267, 0.00016106526891235262, 0.0004218024550937116, 0.000394043221604079, 0.00024719946668483317], [3.7011210224591196e-05, 7.157455547712743e-05, 0.00010841491894097999, 0.0002511093916837126, 0.00024719946668483317, 0.00016132536984514445]]</COVARIANCE_MATRIX>
		<ROI_SIZE>42265</ROI_SIZE>
		<MAX_VALUE>[0.18254735, 0.2083152, 0.22853372, 0.36799842, 0.3598895, 0.24630019]</MAX_VALUE>
		<MIN_VALUE>[0.105910584, 0.079927646, 0.058418594, 0.079777084, 0.042566415, 0.026391603]</MIN_VALUE>
		<SIGNATURE_THRESHOLD_MD>0.0</SIGNATURE_THRESHOLD_MD>
		<SIGNATURE_THRESHOLD_ML>0.0</SIGNATURE_THRESHOLD_ML>
		<SIGNATURE_THRESHOLD_SAM>0.0</SIGNATURE_THRESHOLD_SAM>
	</signature>
	<signature ID="20210107_171926480982_654">
		<MACROCLASSID>1</MACROCLASSID>
		<MACROCLASSINFO>Water Body</MACROCLASSINFO>
		<CLASSID>11</CLASSID>
		<CLASSINFO>C 1</CLASSINFO>
		<VALUES>[0.12746264, 0.0048664818, 0.106844634, 0.0074605015, 0.07742164, 0.009405244, 0.11325758, 0.022903193, 0.067007296, 0.019850288, 0.043932185, 0.012701243]</VALUES>
		<LCS_MIN>[0.105910584, 0.079927646, 0.058418594, 0.079777084, 0.042566415, 0.026391603]</LCS_MIN>
		<LCS_MAX>[0.18254735, 0.2083152, 0.22853372, 0.36799842, 0.3598895, 0.24630019]</LCS_MAX>
		<WAVELENGTH>[0.48, 0.56, 0.655, 0.865, 1.61, 2.2]</WAVELENGTH>
		<MEAN_VALUE>[0.12746264, 0.106844634, 0.07742164, 0.11325758, 0.067007296, 0.043932185]</MEAN_VALUE>
		<CHECKBOX>2</CHECKBOX>
		<SD>[0.0048664818, 0.0074605015, 0.009405244, 0.022903193, 0.019850288, 0.012701243]</SD>
		<WAVELENGTH_UNIT>E-6m</WAVELENGTH_UNIT>
		<COLOR>#e9570b</COLOR>
		<COVARIANCE_MATRIX>[[2.368320565437898e-05, 3.15815705107525e-05, 3.534094139467925e-05, 4.3387426558183506e-05, 4.884124064119533e-05, 3.7011210224591196e-05], [3.15815705107525e-05, 5.5660402722423896e-05, 6.460568693000823e-05, 9.651049185777083e-05, 0.00010298249981133267, 7.157455547712743e-05], [3.534094139467925e-05, 6.460568693000823e-05, 8.846069977153093e-05, 0.00015834062651265413, 0.00016106526891235262, 0.00010841491894097999], [4.3387426558183506e-05, 9.651049185777083e-05, 0.00015834062651265413, 0.0005245686625130475, 0.0004218024550937116, 0.0002511093916837126], [4.884124064119533e-05, 0.00010298249981133267, 0.00016106526891235262, 0.0004218024550937116, 0.000394043221604079, 0.00024719946668483317], [3.7011210224591196e-05, 7.157455547712743e-05, 0.00010841491894097999, 0.0002511093916837126, 0.00024719946668483317, 0.00016132536984514445]]</COVARIANCE_MATRIX>
		<ROI_SIZE>42265</ROI_SIZE>
		<MAX_VALUE>[0.18254735, 0.2083152, 0.22853372, 0.36799842, 0.3598895, 0.24630019]</MAX_VALUE>
		<MIN_VALUE>[0.105910584, 0.079927646, 0.058418594, 0.079777084, 0.042566415, 0.026391603]</MIN_VALUE>
		<SIGNATURE_THRESHOLD_MD>0.0</SIGNATURE_THRESHOLD_MD>
		<SIGNATURE_THRESHOLD_ML>0.0</SIGNATURE_THRESHOLD_ML>
		<SIGNATURE_THRESHOLD_SAM>0.0</SIGNATURE_THRESHOLD_SAM>
	</signature>
	<signature ID="20210108_060146234367_155">
		<MACROCLASSID>1</MACROCLASSID>
		<MACROCLASSINFO>Water Body </MACROCLASSINFO>
		<CLASSID>12</CLASSID>
		<CLASSINFO>C 1</CLASSINFO>
		<VALUES>[0.13622712, 0.0035004432, 0.12252114, 0.004650797, 0.10113506, 0.0066031525, 0.14720088, 0.017701792, 0.094459854, 0.014379218, 0.059622202, 0.0089314515]</VALUES>
		<LCS_MIN>[0.1278068, 0.11204067, 0.08855277, 0.105803035, 0.056762394, 0.040523052]</LCS_MIN>
		<LCS_MAX>[0.15525237, 0.14804682, 0.13703416, 0.20162588, 0.14516461, 0.09881259]</LCS_MAX>
		<WAVELENGTH>[0.48, 0.56, 0.655, 0.865, 1.61, 2.2]</WAVELENGTH>
		<MEAN_VALUE>[0.13622712, 0.12252114, 0.10113506, 0.14720088, 0.094459854, 0.059622202]</MEAN_VALUE>
		<CHECKBOX>2</CHECKBOX>
		<SD>[0.0035004432, 0.004650797, 0.0066031525, 0.017701792, 0.014379218, 0.0089314515]</SD>
		<WAVELENGTH_UNIT>E-6m</WAVELENGTH_UNIT>
		<COLOR>#f60006</COLOR>
		<COVARIANCE_MATRIX>[[1.226220080537547e-05, 1.4752808096132651e-05, 1.7718588977719977e-05, 2.2165308336996545e-05, 2.3610770792671764e-05, 1.8819139780616583e-05], [1.4752808096132651e-05, 2.1645973282492842e-05, 2.697330241226093e-05, 3.055069444478998e-05, 3.4155960342456966e-05, 2.668586692552187e-05], [1.7718588977719977e-05, 2.697330241226093e-05, 4.36339938277028e-05, 5.073895328968458e-05, 5.4027293101727516e-05, 4.066666608330012e-05], [2.2165308336996545e-05, 3.055069444478998e-05, 5.073895328968458e-05, 0.00031358609095793956, 0.00023334236312892614, 0.00013157044641154525], [2.3610770792671764e-05, 3.4155960342456966e-05, 5.4027293101727516e-05, 0.00023334236312892614, 0.00020691541864872637, 0.0001241355374449179], [1.8819139780616583e-05, 2.668586692552187e-05, 4.066666608330012e-05, 0.00013157044641154525, 0.0001241355374449179, 7.98300489579623e-05]]</COVARIANCE_MATRIX>
		<ROI_SIZE>1348</ROI_SIZE>
		<MAX_VALUE>[0.15525237, 0.14804682, 0.13703416, 0.20162588, 0.14516461, 0.09881259]</MAX_VALUE>
		<MIN_VALUE>[0.1278068, 0.11204067, 0.08855277, 0.105803035, 0.056762394, 0.040523052]</MIN_VALUE>
		<SIGNATURE_THRESHOLD_MD>0</SIGNATURE_THRESHOLD_MD>
		<SIGNATURE_THRESHOLD_ML>0</SIGNATURE_THRESHOLD_ML>
		<SIGNATURE_THRESHOLD_SAM>0</SIGNATURE_THRESHOLD_SAM>
	</signature>
	<signature ID="20210108_060322865222_450">
		<MACROCLASSID>1</MACROCLASSID>
		<MACROCLASSINFO>Water Body </MACROCLASSINFO>
		<CLASSID>13</CLASSID>
		<CLASSINFO>C 1</CLASSINFO>
		<VALUES>[0.13452806, 0.0051093367, 0.12043604, 0.008109954, 0.09921741, 0.012959936, 0.15977824, 0.041730255, 0.10266514, 0.033464115, 0.06323661, 0.02013454]</VALUES>
		<LCS_MIN>[0.12051523, 0.100834444, 0.0755398, 0.10711509, 0.060375918, 0.03660841]</LCS_MIN>
		<LCS_MAX>[0.17202942, 0.18437563, 0.19923837, 0.3518021, 0.29067338, 0.20083006]</LCS_MAX>
		<WAVELENGTH>[0.48, 0.56, 0.655, 0.865, 1.61, 2.2]</WAVELENGTH>
		<MEAN_VALUE>[0.13452806, 0.12043604, 0.09921741, 0.15977824, 0.10266514, 0.06323661]</MEAN_VALUE>
		<CHECKBOX>2</CHECKBOX>
		<SD>[0.0051093367, 0.008109954, 0.012959936, 0.041730255, 0.033464115, 0.02013454]</SD>
		<WAVELENGTH_UNIT>E-6m</WAVELENGTH_UNIT>
		<COLOR>#0610f6</COLOR>
		<COVARIANCE_MATRIX>[[2.611012253473082e-05, 3.95409872607817e-05, 6.07867111838557e-05, 8.273672545000385e-05, 9.630404631041138e-05, 7.08547292020552e-05], [3.95409872607817e-05, 6.578346358793924e-05, 0.0001030193453530069, 0.000182445255467451, 0.00019108010317240039, 0.00013220602615190521], [6.07867111838557e-05, 0.0001030193453530069, 0.0001679908464141649, 0.0003053586356681669, 0.00031654701989170436, 0.0002169373994773165], [8.273672545000385e-05, 0.000182445255467451, 0.0003053586356681669, 0.0017417345998847118, 0.0013175117771786068, 0.0007318338541401707], [9.630404631041138e-05, 0.00019108010317240039, 0.00031654701989170436, 0.0013175117771786068, 0.0011200530791446023, 0.0006588868238570223], [7.08547292020552e-05, 0.00013220602615190521, 0.0002169373994773165, 0.0007318338541401707, 0.0006588868238570223, 0.0004054743489378183]]</COVARIANCE_MATRIX>
		<ROI_SIZE>5438</ROI_SIZE>
		<MAX_VALUE>[0.17202942, 0.18437563, 0.19923837, 0.3518021, 0.29067338, 0.20083006]</MAX_VALUE>
		<MIN_VALUE>[0.12051523, 0.100834444, 0.0755398, 0.10711509, 0.060375918, 0.03660841]</MIN_VALUE>
		<SIGNATURE_THRESHOLD_MD>0</SIGNATURE_THRESHOLD_MD>
		<SIGNATURE_THRESHOLD_ML>0</SIGNATURE_THRESHOLD_ML>
		<SIGNATURE_THRESHOLD_SAM>0</SIGNATURE_THRESHOLD_SAM>
	</signature>
	<signature ID="20210108_060832671774_970">
		<MACROCLASSID>1</MACROCLASSID>
		<MACROCLASSINFO>Water Body </MACROCLASSINFO>
		<CLASSID>14</CLASSID>
		<CLASSINFO>C 1</CLASSINFO>
		<VALUES>[0.13719639, 0.0076711774, 0.12495764, 0.009948444, 0.10252943, 0.013779427, 0.14403014, 0.034894157, 0.090658575, 0.026774228, 0.058988795, 0.01714367]</VALUES>
		<LCS_MIN>[0.118235275, 0.101866886, 0.073216826, 0.09498398, 0.05289076, 0.03366167]</LCS_MIN>
		<LCS_MAX>[0.17112604, 0.18835479, 0.2102295, 0.38853958, 0.31986117, 0.2263183]</LCS_MAX>
		<WAVELENGTH>[0.48, 0.56, 0.655, 0.865, 1.61, 2.2]</WAVELENGTH>
		<MEAN_VALUE>[0.13719639, 0.12495764, 0.10252943, 0.14403014, 0.090658575, 0.058988795]</MEAN_VALUE>
		<CHECKBOX>2</CHECKBOX>
		<SD>[0.0076711774, 0.009948444, 0.013779427, 0.034894157, 0.026774228, 0.01714367]</SD>
		<WAVELENGTH_UNIT>E-6m</WAVELENGTH_UNIT>
		<COLOR>#dc0386</COLOR>
		<COVARIANCE_MATRIX>[[5.885002861369212e-05, 7.424526029067212e-05, 9.710630022305922e-05, 0.00010121020663195187, 9.675192408118001e-05, 8.204289188707878e-05], [7.424526029067212e-05, 9.897667452869624e-05, 0.00013331425588202232, 0.00015242829763999216, 0.0001462472206566156, 0.00011845794031295513], [9.710630022305922e-05, 0.00013331425588202232, 0.00018988251977129656, 0.0002453395706763877, 0.00023352968057414482, 0.0001808574346701662], [0.00010121020663195187, 0.00015242829763999216, 0.0002453395706763877, 0.001217665121491316, 0.0008869688044251414, 0.0005235378263981342], [9.675192408118001e-05, 0.0001462472206566156, 0.00023352968057414482, 0.0008869688044251414, 0.0007168965008369297, 0.00044530405583103315], [8.204289188707878e-05, 0.00011845794031295513, 0.0001808574346701662, 0.0005235378263981342, 0.00044530405583103315, 0.00029392064223812236]]</COVARIANCE_MATRIX>
		<ROI_SIZE>19233</ROI_SIZE>
		<MAX_VALUE>[0.17112604, 0.18835479, 0.2102295, 0.38853958, 0.31986117, 0.2263183]</MAX_VALUE>
		<MIN_VALUE>[0.118235275, 0.101866886, 0.073216826, 0.09498398, 0.05289076, 0.03366167]</MIN_VALUE>
		<SIGNATURE_THRESHOLD_MD>0</SIGNATURE_THRESHOLD_MD>
		<SIGNATURE_THRESHOLD_ML>0</SIGNATURE_THRESHOLD_ML>
		<SIGNATURE_THRESHOLD_SAM>0</SIGNATURE_THRESHOLD_SAM>
	</signature>
	<signature ID="20210108_061418954708_506">
		<MACROCLASSID>1</MACROCLASSID>
		<MACROCLASSINFO>Water Body </MACROCLASSINFO>
		<CLASSID>15</CLASSID>
		<CLASSINFO>C 1</CLASSINFO>
		<VALUES>[0.12764205, 0.004268789, 0.109953545, 0.007534708, 0.08549919, 0.011375622, 0.15227751, 0.037370853, 0.09195154, 0.027238807, 0.055087857, 0.015521773]</VALUES>
		<LCS_MIN>[0.11386894, 0.09360741, 0.06540903, 0.09356438, 0.04766406, 0.029338347]</LCS_MIN>
		<LCS_MAX>[0.15166035, 0.15138073, 0.14643364, 0.3781937, 0.22100556, 0.14765964]</LCS_MAX>
		<WAVELENGTH>[0.48, 0.56, 0.655, 0.865, 1.61, 2.2]</WAVELENGTH>
		<MEAN_VALUE>[0.12764205, 0.109953545, 0.08549919, 0.15227751, 0.09195154, 0.055087857]</MEAN_VALUE>
		<CHECKBOX>2</CHECKBOX>
		<SD>[0.004268789, 0.007534708, 0.011375622, 0.037370853, 0.027238807, 0.015521773]</SD>
		<WAVELENGTH_UNIT>E-6m</WAVELENGTH_UNIT>
		<COLOR>#fdcd3a</COLOR>
		<COVARIANCE_MATRIX>[[1.8225123735596028e-05, 2.8913150518092398e-05, 4.271203882180397e-05, 6.111502910651258e-05, 6.743637735504596e-05, 4.7051975617747885e-05], [2.8913150518092398e-05, 5.677981619369478e-05, 8.272987102132663e-05, 0.0001743363347166942, 0.00015951332090777885, 9.994418747963932e-05], [4.271203882180397e-05, 8.272987102132663e-05, 0.00012942296664112814, 0.0002625293835114796, 0.0002451622619587368, 0.0001553306261162497], [6.111502910651258e-05, 0.0001743363347166942, 0.0002625293835114796, 0.001396777344506632, 0.0009471511831607822, 0.00048554126787624384], [6.743637735504596e-05, 0.00015951332090777885, 0.0002451622619587368, 0.0009471511831607822, 0.0007420570924413401, 0.00040989745712290766], [4.7051975617747885e-05, 9.994418747963932e-05, 0.0001553306261162497, 0.00048554126787624384, 0.00040989745712290766, 0.00024095934097775318]]</COVARIANCE_MATRIX>
		<ROI_SIZE>7109</ROI_SIZE>
		<MAX_VALUE>[0.15166035, 0.15138073, 0.14643364, 0.3781937, 0.22100556, 0.14765964]</MAX_VALUE>
		<MIN_VALUE>[0.11386894, 0.09360741, 0.06540903, 0.09356438, 0.04766406, 0.029338347]</MIN_VALUE>
		<SIGNATURE_THRESHOLD_MD>0</SIGNATURE_THRESHOLD_MD>
		<SIGNATURE_THRESHOLD_ML>0</SIGNATURE_THRESHOLD_ML>
		<SIGNATURE_THRESHOLD_SAM>0</SIGNATURE_THRESHOLD_SAM>
	</signature>
	<signature ID="20210108_061831012022_860">
		<MACROCLASSID>2</MACROCLASSID>
		<MACROCLASSINFO>Vegetation</MACROCLASSINFO>
		<CLASSID>16</CLASSID>
		<CLASSINFO>C 1</CLASSINFO>
		<VALUES>[0.10646493, 0.0048224484, 0.091003545, 0.005453485, 0.064607166, 0.005727492, 0.32311255, 0.035978727, 0.15498523, 0.018995227, 0.06992687, 0.009436837]</VALUES>
		<LCS_MIN>[0.09556473, 0.0734104, 0.049685918, 0.17805196, 0.08691808, 0.036866516]</LCS_MIN>
		<LCS_MAX>[0.14451933, 0.14761664, 0.15505879, 0.48132962, 0.27895093, 0.18439713]</LCS_MAX>
		<WAVELENGTH>[0.48, 0.56, 0.655, 0.865, 1.61, 2.2]</WAVELENGTH>
		<MEAN_VALUE>[0.10646493, 0.091003545, 0.064607166, 0.32311255, 0.15498523, 0.06992687]</MEAN_VALUE>
		<CHECKBOX>2</CHECKBOX>
		<SD>[0.0048224484, 0.005453485, 0.005727492, 0.035978727, 0.018995227, 0.009436837]</SD>
		<WAVELENGTH_UNIT>E-6m</WAVELENGTH_UNIT>
		<COLOR>#daf63b</COLOR>
		<COVARIANCE_MATRIX>[[2.3256172559849973e-05, 2.3930622160978575e-05, 2.567379679122775e-05, 1.210437348209441e-05, 2.7474110353498822e-05, 2.324302621477972e-05], [2.3930622160978575e-05, 2.97407133004132e-05, 2.9723265833482956e-05, 5.859301296682879e-05, 5.6324956036884144e-05, 3.656154411570597e-05], [2.567379679122775e-05, 2.9723265833482956e-05, 3.2804395698201656e-05, 1.7572754937069334e-05, 4.463053793184668e-05, 3.570059428937208e-05], [1.210437348209441e-05, 5.859301296682879e-05, 1.7572754937069334e-05, 0.0012944777621701495, 0.0005525016544770558, 0.00018924928283810589], [2.7474110353498822e-05, 5.6324956036884144e-05, 4.463053793184668e-05, 0.0005525016544770558, 0.0003608210824853863, 0.0001639536325541826], [2.324302621477972e-05, 3.656154411570597e-05, 3.570059428937208e-05, 0.00018924928283810589, 0.0001639536325541826, 8.905455483672122e-05]]</COVARIANCE_MATRIX>
		<ROI_SIZE>139839</ROI_SIZE>
		<MAX_VALUE>[0.14451933, 0.14761664, 0.15505879, 0.48132962, 0.27895093, 0.18439713]</MAX_VALUE>
		<MIN_VALUE>[0.09556473, 0.0734104, 0.049685918, 0.17805196, 0.08691808, 0.036866516]</MIN_VALUE>
		<SIGNATURE_THRESHOLD_MD>0</SIGNATURE_THRESHOLD_MD>
		<SIGNATURE_THRESHOLD_ML>0</SIGNATURE_THRESHOLD_ML>
		<SIGNATURE_THRESHOLD_SAM>0</SIGNATURE_THRESHOLD_SAM>
	</signature>
	<signature ID="20210108_062039830106_877">
		<MACROCLASSID>2</MACROCLASSID>
		<MACROCLASSINFO>Vegetation</MACROCLASSINFO>
		<CLASSID>17</CLASSID>
		<CLASSINFO>C 1</CLASSINFO>
		<VALUES>[0.11724863, 0.0093387, 0.10180956, 0.010046497, 0.07753342, 0.011743665, 0.303431, 0.040047906, 0.15702347, 0.025997799, 0.07737843, 0.015939472]</VALUES>
		<LCS_MIN>[0.09416664, 0.073001735, 0.052482095, 0.093930036, 0.05648278, 0.03680198]</LCS_MIN>
		<LCS_MAX>[0.23823431, 0.25397894, 0.31454843, 0.45569083, 0.4363112, 0.3107413]</LCS_MAX>
		<WAVELENGTH>[0.48, 0.56, 0.655, 0.865, 1.61, 2.2]</WAVELENGTH>
		<MEAN_VALUE>[0.11724863, 0.10180956, 0.07753342, 0.303431, 0.15702347, 0.07737843]</MEAN_VALUE>
		<CHECKBOX>2</CHECKBOX>
		<SD>[0.0093387, 0.010046497, 0.011743665, 0.040047906, 0.025997799, 0.015939472]</SD>
		<WAVELENGTH_UNIT>E-6m</WAVELENGTH_UNIT>
		<COLOR>#4dc90c</COLOR>
		<COVARIANCE_MATRIX>[[8.721155216535759e-05, 9.01156791893277e-05, 0.0001003437857512394, 0.00013783552830542027, 0.0001686282187887293, 0.00011508256417896152], [9.01156791893277e-05, 0.00010093236014836049, 0.00011329487187292732, 0.00018028552609103377, 0.00020702234789531722, 0.00013872517035668112], [0.0001003437857512394, 0.00011329487187292732, 0.00013791403095662495, 0.00012694258847748463, 0.00022539968165836163, 0.00016534253479444887], [0.00013783552830542027, 0.00018028552609103377, 0.00012694258847748463, 0.0016038396401159946, 0.0007607501131692871, 0.00030940576023301126], [0.0001686282187887293, 0.00020702234789531722, 0.00022539968165836163, 0.0007607501131692871, 0.0006758873163594301, 0.00038608288818407153], [0.00011508256417896152, 0.00013872517035668112, 0.00016534253479444887, 0.00030940576023301126, 0.00038608288818407153, 0.0002540674873588069]]</COVARIANCE_MATRIX>
		<ROI_SIZE>366654</ROI_SIZE>
		<MAX_VALUE>[0.23823431, 0.25397894, 0.31454843, 0.45569083, 0.4363112, 0.3107413]</MAX_VALUE>
		<MIN_VALUE>[0.09416664, 0.073001735, 0.052482095, 0.093930036, 0.05648278, 0.03680198]</MIN_VALUE>
		<SIGNATURE_THRESHOLD_MD>0</SIGNATURE_THRESHOLD_MD>
		<SIGNATURE_THRESHOLD_ML>0</SIGNATURE_THRESHOLD_ML>
		<SIGNATURE_THRESHOLD_SAM>0</SIGNATURE_THRESHOLD_SAM>
	</signature>
	<signature ID="20210108_062505031091_652">
		<MACROCLASSID>2</MACROCLASSID>
		<MACROCLASSINFO>Vegetation</MACROCLASSINFO>
		<CLASSID>18</CLASSID>
		<CLASSINFO>C 1</CLASSINFO>
		<VALUES>[0.10783201, 0.006617245, 0.09202985, 0.008240149, 0.06685889, 0.010025043, 0.3031031, 0.042270754, 0.15069117, 0.026727397, 0.06795484, 0.015789585]</VALUES>
		<LCS_MIN>[0.09128442, 0.066764094, 0.045663726, 0.08653092, 0.0458573, 0.02669273]</LCS_MIN>
		<LCS_MAX>[0.17693348, 0.2009806, 0.23345928, 0.48825553, 0.39013126, 0.24731112]</LCS_MAX>
		<WAVELENGTH>[0.48, 0.56, 0.655, 0.865, 1.61, 2.2]</WAVELENGTH>
		<MEAN_VALUE>[0.10783201, 0.09202985, 0.06685889, 0.3031031, 0.15069117, 0.06795484]</MEAN_VALUE>
		<CHECKBOX>2</CHECKBOX>
		<SD>[0.006617245, 0.008240149, 0.010025043, 0.042270754, 0.026727397, 0.015789585]</SD>
		<WAVELENGTH_UNIT>E-6m</WAVELENGTH_UNIT>
		<COLOR>#f78ab5</COLOR>
		<COVARIANCE_MATRIX>[[4.378806904573582e-05, 4.9342539666001004e-05, 5.895190127039838e-05, 4.540849885219365e-05, 8.841058418943315e-05, 6.662138000994598e-05], [4.9342539666001004e-05, 6.79002943814979e-05, 7.834661402811966e-05, 0.0001481451287547009, 0.0001700364597933738, 0.00010975035202714861], [5.895190127039838e-05, 7.834661402811966e-05, 0.00010050179497339273, 8.402327341645416e-05, 0.00018548774480355503, 0.0001356125557892238], [4.540849885219365e-05, 0.0001481451287547009, 8.402327341645416e-05, 0.0017868215703181276, 0.0008340661236216912, 0.00031255500175078095], [8.841058418943315e-05, 0.0001700364597933738, 0.00018548774480355503, 0.0008340661236216912, 0.0007143556791082021, 0.00039187070722306207], [6.662138000994598e-05, 0.00010975035202714861, 0.0001356125557892238, 0.00031255500175078095, 0.00039187070722306207, 0.00024931178083618423]]</COVARIANCE_MATRIX>
		<ROI_SIZE>329620</ROI_SIZE>
		<MAX_VALUE>[0.17693348, 0.2009806, 0.23345928, 0.48825553, 0.39013126, 0.24731112]</MAX_VALUE>
		<MIN_VALUE>[0.09128442, 0.066764094, 0.045663726, 0.08653092, 0.0458573, 0.02669273]</MIN_VALUE>
		<SIGNATURE_THRESHOLD_MD>0</SIGNATURE_THRESHOLD_MD>
		<SIGNATURE_THRESHOLD_ML>0</SIGNATURE_THRESHOLD_ML>
		<SIGNATURE_THRESHOLD_SAM>0</SIGNATURE_THRESHOLD_SAM>
	</signature>
	<signature ID="20210108_062741790377_965">
		<MACROCLASSID>2</MACROCLASSID>
