<?xml version="1.0" ?>
<signaturelist MCID_LIST="[['1', 'waterbody', '#0000ff'], ['2', 'vegetation', '#00ff00'], ['3', 'bareland', '#ffaa00'], ['4', 'built-up', '#ff0000']]">
	<signature ID="20210114_124728560438_463">
		<MACROCLASSID>1</MACROCLASSID>
		<MACROCLASSINFO>waterbody</MACROCLASSINFO>
		<CLASSID>1</CLASSID>
		<CLASSINFO>C 1</CLASSINFO>
		<VALUES>[0.14806742197833958, 0.0029903287619264312, 0.11968146602157503, 0.003494286219688828, 0.09774261643178761, 0.003890162258347231, 0.13175412546843296, 0.017709304193337272, 0.06763714988483117, 0.010740407687981502, 0.042335212812758975, 0.006349746723341153]</VALUES>
		<LCS_MIN>[0.1422463208436966, 0.11263065040111542, 0.08981899172067642, 0.10825665295124054, 0.04853930324316025, 0.031164787709712982]</LCS_MIN>
		<LCS_MAX>[0.15369771420955658, 0.125418558716774, 0.1055532693862915, 0.18771778047084808, 0.09115549921989441, 0.057651836425065994]</LCS_MAX>
		<WAVELENGTH>[0.48, 0.56, 0.655, 0.865, 1.61, 2.2]</WAVELENGTH>
		<MEAN_VALUE>[0.14806742197833958, 0.11968146602157503, 0.09774261643178761, 0.13175412546843296, 0.06763714988483117, 0.042335212812758975]</MEAN_VALUE>
		<CHECKBOX>2</CHECKBOX>
		<SD>[0.0029903287619264312, 0.003494286219688828, 0.003890162258347231, 0.017709304193337272, 0.010740407687981502, 0.006349746723341153]</SD>
		<WAVELENGTH_UNIT>E-6m</WAVELENGTH_UNIT>
		<COLOR>#cf1383</COLOR>
		<COVARIANCE_MATRIX>[[9.084003661617269e-06, 9.570833440442008e-06, 1.0098151201203797e-05, 1.6481505294527628e-05, 1.3329432938929777e-05, 1.0729261651753658e-05], [9.570833440442008e-06, 1.2403846283283512e-05, 1.3233880644199772e-05, 2.5219246187778914e-05, 2.0088968429865968e-05, 1.476525247592564e-05], [1.0098151201203797e-05, 1.3233880644199772e-05, 1.5373574497797306e-05, 2.3431420778845533e-05, 2.1750793402634014e-05, 1.690133349474494e-05], [1.6481505294527628e-05, 2.5219246187778914e-05, 2.3431420778845533e-05, 0.00031859754159964724, 0.00015953903943099026, 8.113206490040277e-05], [1.3329432938929777e-05, 2.0088968429865968e-05, 2.1750793402634014e-05, 0.00015953903943099026, 0.0001171874105945926, 6.575692498448338e-05], [1.0729261651753658e-05, 1.476525247592564e-05, 1.690133349474494e-05, 8.113206490040277e-05, 6.575692498448338e-05, 4.0959272076781486e-05]]</COVARIANCE_MATRIX>
		<ROI_SIZE>64</ROI_SIZE>
		<MAX_VALUE>[0.15369771420955658, 0.125418558716774, 0.1055532693862915, 0.18771778047084808, 0.09115549921989441, 0.057651836425065994]</MAX_VALUE>
		<MIN_VALUE>[0.1422463208436966, 0.11263065040111542, 0.08981899172067642, 0.10825665295124054, 0.04853930324316025, 0.031164787709712982]</MIN_VALUE>
		<SIGNATURE_THRESHOLD_MD>0</SIGNATURE_THRESHOLD_MD>
		<SIGNATURE_THRESHOLD_ML>0</SIGNATURE_THRESHOLD_ML>
		<SIGNATURE_THRESHOLD_SAM>0</SIGNATURE_THRESHOLD_SAM>
	</signature>
	<signature ID="20210114_124749560304_274">
		<MACROCLASSID>1</MACROCLASSID>
		<MACROCLASSINFO>waterbody</MACROCLASSINFO>
		<CLASSID>2</CLASSID>
		<CLASSINFO>C 1</CLASSINFO>
		<VALUES>[0.159106266264822, 0.0017518511529520913, 0.13062459931654088, 0.0026451910514021008, 0.11370748427568698, 0.004084159739116655, 0.1364006218956966, 0.016646748483910997, 0.08076068729746577, 0.013600146088478196, 0.05546184899468048, 0.009139532367721605]</VALUES>
		<LCS_MIN>[0.1561884880065918, 0.12529703974723816, 0.10786178708076477, 0.11578966677188873, 0.056710198521614075, 0.040550682693719864]</LCS_MIN>
		<LCS_MAX>[0.16302287578582764, 0.13668769598007202, 0.12708918750286102, 0.16937124729156494, 0.11074739694595337, 0.08006860315799713]</LCS_MAX>
		<WAVELENGTH>[0.48, 0.56, 0.655, 0.865, 1.61, 2.2]</WAVELENGTH>
		<MEAN_VALUE>[0.159106266264822, 0.13062459931654088, 0.11370748427568698, 0.1364006218956966, 0.08076068729746577, 0.05546184899468048]</MEAN_VALUE>
		<CHECKBOX>2</CHECKBOX>
		<SD>[0.0017518511529520913, 0.0026451910514021008, 0.004084159739116655, 0.016646748483910997, 0.013600146088478196, 0.009139532367721605]</SD>
		<WAVELENGTH_UNIT>E-6m</WAVELENGTH_UNIT>
		<COLOR>#b2feef</COLOR>
		<COVARIANCE_MATRIX>[[3.1303621113415555e-06, 2.9883841376817705e-06, 5.331085534519345e-06, 1.2276863545515615e-05, 1.0454086643414554e-05, 8.284298630516471e-06], [2.9883841376817705e-06, 7.136976412386112e-06, 1.0080093879774694e-05, 2.693960498468006e-05, 2.6134536833482972e-05, 1.8680421710377086e-05], [5.331085534519345e-06, 1.0080093879774694e-05, 1.7013967990113837e-05, 3.8830423961249495e-05, 3.9767673679404925e-05, 2.9158020188196215e-05], [1.2276863545515615e-05, 2.693960498468006e-05, 3.8830423961249495e-05, 0.0002826565197883252, 0.0002020627180026292, 0.0001197730197054397], [1.0454086643414554e-05, 2.6134536833482972e-05, 3.9767673679404925e-05, 0.0002020627180026292, 0.0001886632531005077, 0.0001226160887315461], [8.284298630516471e-06, 1.8680421710377086e-05, 2.9158020188196215e-05, 0.0001197730197054397, 0.0001226160887315461, 8.520167293864349e-05]]</COVARIANCE_MATRIX>
		<ROI_SIZE>51</ROI_SIZE>
		<MAX_VALUE>[0.16302287578582764, 0.13668769598007202, 0.12708918750286102, 0.16937124729156494, 0.11074739694595337, 0.08006860315799713]</MAX_VALUE>
		<MIN_VALUE>[0.1561884880065918, 0.12529703974723816, 0.10786178708076477, 0.11578966677188873, 0.056710198521614075, 0.040550682693719864]</MIN_VALUE>
		<SIGNATURE_THRESHOLD_MD>0</SIGNATURE_THRESHOLD_MD>
		<SIGNATURE_THRESHOLD_ML>0</SIGNATURE_THRESHOLD_ML>
		<SIGNATURE_THRESHOLD_SAM>0</SIGNATURE_THRESHOLD_SAM>
	</signature>
	<signature ID="20210114_124818730268_955">
		<MACROCLASSID>1</MACROCLASSID>
		<MACROCLASSINFO>waterbody</MACROCLASSINFO>
		<CLASSID>3</CLASSID>
		<CLASSINFO>C 1</CLASSINFO>
		<VALUES>[0.13065744858039052, 0.0018754334689131164, 0.10245981420341291, 0.0030067862445532036, 0.07258676031702443, 0.003753717374130386, 0.10403132438659667, 0.01742785148856958, 0.0388896433930648, 0.012523109195186654, 0.02039443887770176, 0.00804173981661462]</VALUES>
		<LCS_MIN>[0.1259349286556244, 0.0933728814125061, 0.06551897525787354, 0.08094950020313263, 0.02135365456342697, 0.008808753453195095]</LCS_MIN>
		<LCS_MAX>[0.1330123096704483, 0.10610001534223557, 0.08298460394144058, 0.13261744379997253, 0.06324083358049393, 0.040520310401916504]</LCS_MAX>
		<WAVELENGTH>[0.48, 0.56, 0.655, 0.865, 1.61, 2.2]</WAVELENGTH>
		<MEAN_VALUE>[0.13065744858039052, 0.10245981420341291, 0.07258676031702443, 0.10403132438659667, 0.0388896433930648, 0.02039443887770176]</MEAN_VALUE>
		<CHECKBOX>2</CHECKBOX>
		<SD>[0.0018754334689131164, 0.0030067862445532036, 0.003753717374130386, 0.01742785148856958, 0.012523109195186654, 0.00804173981661462]</SD>
		<WAVELENGTH_UNIT>E-6m</WAVELENGTH_UNIT>
		<COLOR>#17e0e8</COLOR>
		<COVARIANCE_MATRIX>[[3.7126535127816716e-06, 5.756453883703887e-06, 6.033507850537606e-06, -1.9167962598580036e-05, -4.5885553199344245e-06, 1.311749280328351e-06], [5.756453883703887e-06, 9.543028160458466e-06, 9.822749371216776e-06, -2.1828525673376713e-05, -1.199974162298114e-06, 5.569712357081907e-06], [6.033507850537606e-06, 9.822749371216776e-06, 1.4873193798451013e-05, -1.3798534575519704e-05, 1.2835094309835554e-05, 1.7986747466580842e-05], [-1.9167962598580036e-05, -2.1828525673376713e-05, -1.3798534575519704e-05, 0.00032060389681361673, 0.00018438035454903382, 8.29717183375287e-05], [-4.5885553199344245e-06, -1.199974162298114e-06, 1.2835094309835554e-05, 0.00018438035454903382, 0.00016554094524315566, 9.634223015911295e-05], [1.311749280328351e-06, 5.569712357081907e-06, 1.7986747466580842e-05, 8.29717183375287e-05, 9.634223015911295e-05, 6.826233368246521e-05]]</COVARIANCE_MATRIX>
		<ROI_SIZE>19</ROI_SIZE>
		<MAX_VALUE>[0.1330123096704483, 0.10610001534223557, 0.08298460394144058, 0.13261744379997253, 0.06324083358049393, 0.040520310401916504]</MAX_VALUE>
		<MIN_VALUE>[0.1259349286556244, 0.0933728814125061, 0.06551897525787354, 0.08094950020313263, 0.02135365456342697, 0.008808753453195095]</MIN_VALUE>
		<SIGNATURE_THRESHOLD_MD>0</SIGNATURE_THRESHOLD_MD>
		<SIGNATURE_THRESHOLD_ML>0</SIGNATURE_THRESHOLD_ML>
		<SIGNATURE_THRESHOLD_SAM>0</SIGNATURE_THRESHOLD_SAM>
	</signature>
	<signature ID="20210114_124826747781_677">
		<MACROCLASSID>1</MACROCLASSID>
		<MACROCLASSINFO>waterbody</MACROCLASSINFO>
		<CLASSID>4</CLASSID>
		<CLASSINFO>C 1</CLASSINFO>
		<VALUES>[0.1307827870051066, 0.0016610751678072647, 0.10282154281934103, 0.002077422376455154, 0.07596595336993536, 0.0028221766706393136, 0.11509711742401124, 0.027583358405384503, 0.04811203939219315, 0.015584624576662723, 0.025895731089015796, 0.008496906344445757]</VALUES>
		<LCS_MIN>[0.12708918750286102, 0.09893152862787247, 0.07350759953260422, 0.07924849539995193, 0.02463415637612343, 0.013942137360572815]</LCS_MIN>
		<LCS_MAX>[0.13310344517230988, 0.10573551803827286, 0.08413886278867722, 0.1738971322774887, 0.07651473581790924, 0.0418567955493927]</LCS_MAX>
		<WAVELENGTH>[0.48, 0.56, 0.655, 0.865, 1.61, 2.2]</WAVELENGTH>
		<MEAN_VALUE>[0.1307827870051066, 0.10282154281934103, 0.07596595336993536, 0.11509711742401124, 0.04811203939219315, 0.025895731089015796]</MEAN_VALUE>
		<CHECKBOX>2</CHECKBOX>
		<SD>[0.0016610751678072647, 0.002077422376455154, 0.0028221766706393136, 0.027583358405384503, 0.015584624576662723, 0.008496906344445757]</SD>
		<WAVELENGTH_UNIT>E-6m</WAVELENGTH_UNIT>
		<COLOR>#aaa860</COLOR>
		<COVARIANCE_MATRIX>[[2.956254335470664e-06, 3.226176552133319e-06, 2.456712903865457e-06, -2.9673039341501386e-05, -1.5944961963508462e-05, -6.66332717957028e-06], [3.226176552133319e-06, 4.623946853782048e-06, 4.164824375399578e-06, -1.2873171964371066e-05, -5.415472721350903e-06, -1.3330314034117707e-06], [2.456712903865457e-06, 4.164824375399578e-06, 8.533586957465158e-06, -4.406640517318206e-06, 1.01467880792694e-05, 1.1442635079831217e-05], [-2.9673039341501386e-05, -1.2873171964371066e-05, -4.406640517318206e-06, 0.0008151874938427457, 0.0004055866831420223, 0.00014920434026638362], [-1.5944961963508462e-05, -5.415472721350903e-06, 1.01467880792694e-05, 0.0004055866831420223, 0.0002602291319951996, 0.0001263020639822994], [-6.66332717957028e-06, -1.3330314034117707e-06, 1.1442635079831217e-05, 0.00014920434026638362, 0.0001263020639822994, 7.735437581387414e-05]]</COVARIANCE_MATRIX>
		<ROI_SIZE>15</ROI_SIZE>
		<MAX_VALUE>[0.13310344517230988, 0.10573551803827286, 0.08413886278867722, 0.1738971322774887, 0.07651473581790924, 0.0418567955493927]</MAX_VALUE>
		<MIN_VALUE>[0.12708918750286102, 0.09893152862787247, 0.07350759953260422, 0.07924849539995193, 0.02463415637612343, 0.013942137360572815]</MIN_VALUE>
		<SIGNATURE_THRESHOLD_MD>0</SIGNATURE_THRESHOLD_MD>
		<SIGNATURE_THRESHOLD_ML>0</SIGNATURE_THRESHOLD_ML>
		<SIGNATURE_THRESHOLD_SAM>0</SIGNATURE_THRESHOLD_SAM>
	</signature>
	<signature ID="20210114_124837903978_718">
		<MACROCLASSID>1</MACROCLASSID>
		<MACROCLASSINFO>waterbody</MACROCLASSINFO>
		<CLASSID>5</CLASSID>
		<CLASSINFO>C 1</CLASSINFO>
		<VALUES>[0.13146557176814358, 0.0014767526649078191, 0.10545440792453055, 0.0028708860753803014, 0.08374875637830474, 0.0058913019522435954, 0.1062131867397065, 0.020591315176022952, 0.0508746202377712, 0.020440210659632946, 0.03166091672199614, 0.01397858301836915]</VALUES>
		<LCS_MIN>[0.1286686807870865, 0.09990350902080536, 0.07450997829437256, 0.07214072346687317, 0.019440019503235817, 0.011086886748671532]</LCS_MIN>
		<LCS_MAX>[0.1349259465932846, 0.11314702779054642, 0.09896189719438553, 0.1560366004705429, 0.09054800868034363, 0.06002107262611389]</LCS_MAX>
		<WAVELENGTH>[0.48, 0.56, 0.655, 0.865, 1.61, 2.2]</WAVELENGTH>
		<MEAN_VALUE>[0.13146557176814358, 0.10545440792453055, 0.08374875637830474, 0.1062131867397065, 0.0508746202377712, 0.03166091672199614]</MEAN_VALUE>
		<CHECKBOX>2</CHECKBOX>
		<SD>[0.0014767526649078191, 0.0028708860753803014, 0.0058913019522435954, 0.020591315176022952, 0.020440210659632946, 0.01397858301836915]</SD>
		<WAVELENGTH_UNIT>E-6m</WAVELENGTH_UNIT>
		<COLOR>#807e3e</COLOR>
		<COVARIANCE_MATRIX>[[2.224414401978565e-06, 3.674835138946281e-06, 5.449214233181375e-06, 1.1197046198788759e-05, 1.5145446718600809e-05, 1.1275533564999928e-05], [3.674835138946281e-06, 8.406826594968743e-06, 1.0391582648371803e-05, 2.5672804570654215e-05, 3.165029519844611e-05, 2.078585928336291e-05], [5.449214233181375e-06, 1.0391582648371803e-05, 3.5401587466359394e-05, 8.207648570379705e-05, 8.886021581838369e-05, 6.635879569865481e-05], [1.1197046198788759e-05, 2.5672804570654215e-05, 8.207648570379705e-05, 0.00043248230589187946, 0.0003835319161760124, 0.0002385375027667366], [1.5145446718600809e-05, 3.165029519844611e-05, 8.886021581838369e-05, 0.0003835319161760124, 0.0004261582560463758, 0.0002780903437395486], [1.1275533564999928e-05, 2.078585928336291e-05, 6.635879569865481e-05, 0.0002385375027667366, 0.0002780903437395486, 0.0001993087988654671]]</COVARIANCE_MATRIX>
		<ROI_SIZE>51</ROI_SIZE>
		<MAX_VALUE>[0.1349259465932846, 0.11314702779054642, 0.09896189719438553, 0.1560366004705429, 0.09054800868034363, 0.06002107262611389]</MAX_VALUE>
		<MIN_VALUE>[0.1286686807870865, 0.09990350902080536, 0.07450997829437256, 0.07214072346687317, 0.019440019503235817, 0.011086886748671532]</MIN_VALUE>
		<SIGNATURE_THRESHOLD_MD>0</SIGNATURE_THRESHOLD_MD>
		<SIGNATURE_THRESHOLD_ML>0</SIGNATURE_THRESHOLD_ML>
		<SIGNATURE_THRESHOLD_SAM>0</SIGNATURE_THRESHOLD_SAM>
	</signature>
	<signature ID="20210114_124847534387_989">
		<MACROCLASSID>1</MACROCLASSID>
		<MACROCLASSINFO>waterbody</MACROCLASSINFO>
		<CLASSID>6</CLASSID>
		<CLASSINFO>C 1</CLASSINFO>
		<VALUES>[0.12661775946617124, 0.0021946358686557718, 0.10093262225389482, 0.0028888353503561557, 0.07529122352600098, 0.0033192080993279098, 0.1384117841720581, 0.0394296513987116, 0.06134665116667748, 0.025169637554237036, 0.031159928739070898, 0.0113255979125353]</VALUES>
		<LCS_MIN>[0.12244180589914322, 0.09425375610589981, 0.0693158507347107, 0.08195185661315918, 0.022902781143784523, 0.013365008868277073]</LCS_MIN>
		<LCS_MAX>[0.1314631849527359, 0.10461165755987167, 0.0825289934873581, 0.21411369740962982, 0.11888792365789413, 0.05437133461236954]</LCS_MAX>
		<WAVELENGTH>[0.48, 0.56, 0.655, 0.865, 1.61, 2.2]</WAVELENGTH>
		<MEAN_VALUE>[0.12661775946617124, 0.10093262225389482, 0.07529122352600098, 0.1384117841720581, 0.06134665116667748, 0.031159928739070898]</MEAN_VALUE>
		<CHECKBOX>2</CHECKBOX>
		<SD>[0.0021946358686557718, 0.0028888353503561557, 0.0033192080993279098, 0.0394296513987116, 0.025169637554237036, 0.0113255979125353]</SD>
		<WAVELENGTH_UNIT>E-6m</WAVELENGTH_UNIT>
		<COLOR>#d7baa6</COLOR>
		<COVARIANCE_MATRIX>[[5.017111037490066e-06, 5.930114154925151e-06, 9.917340067962703e-07, -5.161649177919807e-05, -2.801565489118108e-05, -1.1349691304172089e-05], [5.930114154925151e-06, 8.693093418195203e-06, 3.7358245530746027e-06, -4.744721142047095e-05, -2.4426468234938716e-05, -9.779335780981507e-06], [9.917340067962703e-07, 3.7358245530746027e-06, 1.1476190006920833e-05, -1.9967482998379628e-05, -5.883063544191501e-06, 3.3526627828749562e-06], [-5.161649177919807e-05, -4.744721142047095e-05, -1.9967482998379628e-05, 0.0016194764681499163, 0.0009516539428237435, 0.00039517623336988495], [-2.801565489118108e-05, -2.4426468234938716e-05, -5.883063544191501e-06, 0.0009516539428237435, 0.0006599069318871453, 0.0002843577751659677], [-1.1349691304172089e-05, -9.779335780981507e-06, 3.3526627828749562e-06, 0.00039517623336988495, 0.0002843577751659677, 0.00013361371674627494]]</COVARIANCE_MATRIX>
		<ROI_SIZE>25</ROI_SIZE>
		<MAX_VALUE>[0.1314631849527359, 0.10461165755987167, 0.0825289934873581, 0.21411369740962982, 0.11888792365789413, 0.05437133461236954]</MAX_VALUE>
		<MIN_VALUE>[0.12244180589914322, 0.09425375610589981, 0.0693158507347107, 0.08195185661315918, 0.022902781143784523, 0.013365008868277073]</MIN_VALUE>
		<SIGNATURE_THRESHOLD_MD>0</SIGNATURE_THRESHOLD_MD>
		<SIGNATURE_THRESHOLD_ML>0</SIGNATURE_THRESHOLD_ML>
		<SIGNATURE_THRESHOLD_SAM>0</SIGNATURE_THRESHOLD_SAM>
	</signature>
	<signature ID="20210114_125018418489_360">
		<MACROCLASSID>1</MACROCLASSID>
		<MACROCLASSINFO>waterbody</MACROCLASSINFO>
		<CLASSID>7</CLASSID>
		<CLASSINFO>C 1</CLASSINFO>
		<VALUES>[0.13589059314720195, 0.0013573279258188187, 0.11798382605052297, 0.003650015345617656, 0.09279720646560576, 0.0032279873059528697, 0.09373970343998285, 0.008643271265300663, 0.027588853840923817, 0.006646729000273601, 0.01325009114058558, 0.0037947807541825517]</VALUES>
		<LCS_MIN>[0.13030894100666046, 0.1040041446685791, 0.08085836470127106, 0.07405434548854828, 0.010965379886329174, 0.0035842459183186293]</LCS_MIN>
		<LCS_MAX>[0.1386317014694214, 0.12244180589914322, 0.09932639449834824, 0.11831080168485641, 0.050878189504146576, 0.031104033812880516]</LCS_MAX>
		<WAVELENGTH>[0.48, 0.56, 0.655, 0.865, 1.61, 2.2]</WAVELENGTH>
		<MEAN_VALUE>[0.13589059314720195, 0.11798382605052297, 0.09279720646560576, 0.09373970343998285, 0.027588853840923817, 0.01325009114058558]</MEAN_VALUE>
		<CHECKBOX>2</CHECKBOX>
		<SD>[0.0013573279258188187, 0.003650015345617656, 0.0032279873059528697, 0.008643271265300663, 0.006646729000273601, 0.0037947807541825517]</SD>
		<WAVELENGTH_UNIT>E-6m</WAVELENGTH_UNIT>
		<COLOR>#8430df</COLOR>
		<COVARIANCE_MATRIX>[[1.8482251656140466e-06, 4.167364934533079e-06, 3.870803959087784e-06, -5.5693024606467836e-06, -3.9005265799613495e-06, -2.2067623723613354e-06], [4.167364934533079e-06, 1.3365176278909706e-05, 1.1085512449725854e-05, -1.1259017453467638e-05, -9.737228011181156e-06, -6.127373589391468e-06], [3.870803959087784e-06, 1.1085512449725854e-05, 1.0453192469269443e-05, -9.301977278565798e-06, -6.889927773354611e-06, -3.950368138009623e-06], [-5.5693024606467836e-06, -1.1259017453467638e-05, -9.301977278565798e-06, 7.494481592328963e-05, 4.431035300212294e-05, 2.349084708483099e-05], [-3.9005265799613495e-06, -9.737228011181156e-06, -6.889927773354611e-06, 4.431035300212294e-05, 4.4320153388391475e-05, 2.4176031834046203e-05], [-2.2067623723613354e-06, -6.127373589391468e-06, -3.950368138009623e-06, 2.349084708483099e-05, 2.4176031834046203e-05, 1.4446368515356836e-05]]</COVARIANCE_MATRIX>
		<ROI_SIZE>314</ROI_SIZE>
		<MAX_VALUE>[0.1386317014694214, 0.12244180589914322, 0.09932639449834824, 0.11831080168485641, 0.050878189504146576, 0.031104033812880516]</MAX_VALUE>
		<MIN_VALUE>[0.13030894100666046, 0.1040041446685791, 0.08085836470127106, 0.07405434548854828, 0.010965379886329174, 0.0035842459183186293]</MIN_VALUE>
		<SIGNATURE_THRESHOLD_MD>0</SIGNATURE_THRESHOLD_MD>
		<SIGNATURE_THRESHOLD_ML>0</SIGNATURE_THRESHOLD_ML>
		<SIGNATURE_THRESHOLD_SAM>0</SIGNATURE_THRESHOLD_SAM>
	</signature>
	<signature ID="20210114_125038557696_483">
		<MACROCLASSID>1</MACROCLASSID>
		<MACROCLASSINFO>waterbody</MACROCLASSINFO>
		<CLASSID>8</CLASSID>
		<CLASSINFO>C 1</CLASSINFO>
		<VALUES>[0.1480967088560877, 0.0047868403874378644, 0.1503019781712815, 0.00938346970972282, 0.1360938673730158, 0.010104759422056311, 0.10570295779770593, 0.014727480112176861, 0.04170753978372033, 0.01386524419415808, 0.021800403828857496, 0.007951289520003067]</VALUES>
		<LCS_MIN>[0.13562457263469696, 0.12426429241895676, 0.10655564814805984, 0.08073685318231583, 0.019014768302440643, 0.009294758550822735]</LCS_MIN>
		<LCS_MAX>[0.16141298413276672, 0.16308361291885376, 0.14929333329200745, 0.14273232221603394, 0.07475297152996063, 0.043983060866594315]</LCS_MAX>
		<WAVELENGTH>[0.48, 0.56, 0.655, 0.865, 1.61, 2.2]</WAVELENGTH>
		<MEAN_VALUE>[0.1480967088560877, 0.1503019781712815, 0.1360938673730158, 0.10570295779770593, 0.04170753978372033, 0.021800403828857496]</MEAN_VALUE>
		<CHECKBOX>2</CHECKBOX>
		<SD>[0.0047868403874378644, 0.00938346970972282, 0.010104759422056311, 0.014727480112176861, 0.01386524419415808, 0.007951289520003067]</SD>
		<WAVELENGTH_UNIT>E-6m</WAVELENGTH_UNIT>
		<COLOR>#8844f8</COLOR>
		<COVARIANCE_MATRIX>[[2.2992854139271172e-05, 3.941668861020302e-05, 4.280828186017568e-05, -7.693476804278314e-07, -6.113359227440286e-06, -4.6114532926867965e-06], [3.941668861020302e-05, 8.835312277188328e-05, 9.386529558358648e-05, -4.328674963185354e-05, -4.902179545587394e-05, -2.7230994881301106e-05], [4.280828186017568e-05, 9.386529558358648e-05, 0.0001024582531947999, -3.7756636100697745e-05, -4.102038785525903e-05, -2.208913964438668e-05], [-7.693476804278314e-07, -4.328674963185354e-05, -3.7756636100697745e-05, 0.0002176465969044083, 0.0001834001136391789, 0.00010051967818531668], [-6.113359227440286e-06, -4.902179545587394e-05, -4.102038785525903e-05, 0.0001834001136391789, 0.00019290791034488829, 0.00010798506725615295], [-4.6114532926867965e-06, -2.7230994881301106e-05, -2.208913964438668e-05, 0.00010051967818531668, 0.00010798506725615295, 6.344101539308614e-05]]</COVARIANCE_MATRIX>
		<ROI_SIZE>291</ROI_SIZE>
		<MAX_VALUE>[0.16141298413276672, 0.16308361291885376, 0.14929333329200745, 0.14273232221603394, 0.07475297152996063, 0.043983060866594315]</MAX_VALUE>
		<MIN_VALUE>[0.13562457263469696, 0.12426429241895676, 0.10655564814805984, 0.08073685318231583, 0.019014768302440643, 0.009294758550822735]</MIN_VALUE>
		<SIGNATURE_THRESHOLD_MD>0</SIGNATURE_THRESHOLD_MD>
		<SIGNATURE_THRESHOLD_ML>0</SIGNATURE_THRESHOLD_ML>
		<SIGNATURE_THRESHOLD_SAM>0</SIGNATURE_THRESHOLD_SAM>
	</signature>
	<signature ID="20210114_125049858323_728">
		<MACROCLASSID>1</MACROCLASSID>
		<MACROCLASSINFO>waterbody</MACROCLASSINFO>
		<CLASSID>9</CLASSID>
		<CLASSINFO>C 1</CLASSINFO>
		<VALUES>[0.1446448184549809, 0.004899788052697811, 0.14065581569448105, 0.007549711161578632, 0.11086283270269634, 0.006183477050549416, 0.10618912568315865, 0.020645294769181918, 0.04314369472364584, 0.017046234401779818, 0.023588874097913513, 0.010500654064925598]</VALUES>
		<LCS_MIN>[0.12736254930496216, 0.10701128095388412, 0.08456412702798843, 0.07581611722707748, 0.018468020483851433, 0.008656876161694527]</LCS_MIN>
		<LCS_MAX>[0.15624922513961792, 0.1522093415260315, 0.12490217387676239, 0.15096396207809448, 0.08602211624383926, 0.05935284122824669]</LCS_MAX>
		<WAVELENGTH>[0.48, 0.56, 0.655, 0.865, 1.61, 2.2]</WAVELENGTH>
		<MEAN_VALUE>[0.1446448184549809, 0.14065581569448105, 0.11086283270269634, 0.10618912568315865, 0.04314369472364584, 0.023588874097913513]</MEAN_VALUE>
		<CHECKBOX>2</CHECKBOX>
		<SD>[0.004899788052697811, 0.007549711161578632, 0.006183477050549416, 0.020645294769181918, 0.017046234401779818, 0.010500654064925598]</SD>
		<WAVELENGTH_UNIT>E-6m</WAVELENGTH_UNIT>
		<COLOR>#85cf5e</COLOR>
		<COVARIANCE_MATRIX>[[2.410837452186823e-05, 3.1232082741876456e-05, 2.6320430635348018e-05, 4.1141579185818424e-05, 1.2625227165597853e-05, 6.25413028957575e-06], [3.1232082741876456e-05, 5.723662455892736e-05, 4.233772309985196e-05, -9.347158683031593e-06, -2.6311636692317347e-05, -1.7710167170146556e-05], [2.6320430635348018e-05, 4.233772309985196e-05, 3.839536913941891e-05, 3.386180456943278e-05, 1.877193606932159e-05, 1.11404686526774e-05], [4.1141579185818424e-05, -9.347158683031593e-06, 3.386180456943278e-05, 0.0004280115776800768, 0.00031641423905307047, 0.0001876494804614908], [1.2625227165597853e-05, -2.6311636692317347e-05, 1.877193606932159e-05, 0.00031641423905307047, 0.0002917898985242728, 0.00017703414538584243], [6.25413028957575e-06, -1.7710167170146556e-05, 1.11404686526774e-05, 0.0001876494804614908, 0.00017703414538584243, 0.000110725090334298]]</COVARIANCE_MATRIX>
		<ROI_SIZE>240</ROI_SIZE>
		<MAX_VALUE>[0.15624922513961792, 0.1522093415260315, 0.12490217387676239, 0.15096396207809448, 0.08602211624383926, 0.05935284122824669]</MAX_VALUE>
		<MIN_VALUE>[0.12736254930496216, 0.10701128095388412, 0.08456412702798843, 0.07581611722707748, 0.018468020483851433, 0.008656876161694527]</MIN_VALUE>
		<SIGNATURE_THRESHOLD_MD>0</SIGNATURE_THRESHOLD_MD>
		<SIGNATURE_THRESHOLD_ML>0</SIGNATURE_THRESHOLD_ML>
		<SIGNATURE_THRESHOLD_SAM>0</SIGNATURE_THRESHOLD_SAM>
	</signature>
	<signature ID="20210114_125056528381_483">
		<MACROCLASSID>1</MACROCLASSID>
		<MACROCLASSINFO>waterbody</MACROCLASSINFO>
		<CLASSID>10</CLASSID>
		<CLASSINFO>C 1</CLASSINFO>
		<VALUES>[0.13946760825666726, 0.0016224181342251217, 0.12281642430553247, 0.0028105232929588404, 0.0973984682384659, 0.003627391714726682, 0.10892877574352655, 0.010681765187461195, 0.0338261798389402, 0.008636273361340263, 0.016264043465329735, 0.004626844455735239]</VALUES>
		<LCS_MIN>[0.13696105778217316, 0.11803741753101349, 0.09364626556634903, 0.09549912065267563, 0.026365531608462334, 0.012180391699075699]</LCS_MIN>
		<LCS_MAX>[0.1472582221031189, 0.13498669862747192, 0.11208390444517136, 0.13939107954502106, 0.06639984995126724, 0.03617667779326439]</LCS_MAX>
		<WAVELENGTH>[0.48, 0.56, 0.655, 0.865, 1.61, 2.2]</WAVELENGTH>
		<MEAN_VALUE>[0.13946760825666726, 0.12281642430553247, 0.0973984682384659, 0.10892877574352655, 0.0338261798389402, 0.016264043465329735]</MEAN_VALUE>
		<CHECKBOX>2</CHECKBOX>
		<SD>[0.0016224181342251217, 0.0028105232929588404, 0.003627391714726682, 0.010681765187461195, 0.008636273361340263, 0.004626844455735239]</SD>
		<WAVELENGTH_UNIT>E-6m</WAVELENGTH_UNIT>
		<COLOR>#15f6b3</COLOR>
		<COVARIANCE_MATRIX>[[2.6583023904036807e-06, 4.238707053557571e-06, 5.035447251592453e-06, 5.8886078407199385e-06, 4.23291247975586e-06, 1.8581748910268422e-06], [4.238707053557571e-06, 7.977249508781674e-06, 9.528222006060973e-06, 7.261098604907983e-06, 4.87022599507036e-06, 2.0186800398948293e-06], [5.035447251592453e-06, 9.528222006060973e-06, 1.3288247589216965e-05, 1.8719588984152508e-05, 1.400240134364341e-05, 6.823539008103383e-06], [5.8886078407199385e-06, 7.261098604907983e-06, 1.8719588984152508e-05, 0.00011522981155491002, 8.384044656061753e-05, 4.3865574599402544e-05], [4.23291247975586e-06, 4.87022599507036e-06, 1.400240134364341e-05, 8.384044656061753e-05, 7.53236850725063e-05, 3.9952966706579274e-05], [1.8581748910268422e-06, 2.0186800398948293e-06, 6.823539008103383e-06, 4.3865574599402544e-05, 3.9952966706579274e-05, 2.161964694051413e-05]]</COVARIANCE_MATRIX>
		<ROI_SIZE>102</ROI_SIZE>
		<MAX_VALUE>[0.1472582221031189, 0.13498669862747192, 0.11208390444517136, 0.13939107954502106, 0.06639984995126724, 0.03617667779326439]</MAX_VALUE>
		<MIN_VALUE>[0.13696105778217316, 0.11803741753101349, 0.09364626556634903, 0.09549912065267563, 0.026365531608462334, 0.012180391699075699]</MIN_VALUE>
		<SIGNATURE_THRESHOLD_MD>0</SIGNATURE_THRESHOLD_MD>
		<SIGNATURE_THRESHOLD_ML>0</SIGNATURE_THRESHOLD_ML>
		<SIGNATURE_THRESHOLD_SAM>0</SIGNATURE_THRESHOLD_SAM>
	</signature>
	<signature ID="20210114_125147008807_413">
		<MACROCLASSID>1</MACROCLASSID>
		<MACROCLASSINFO>waterbody</MACROCLASSINFO>
		<CLASSID>11</CLASSID>
		<CLASSINFO>C 1</CLASSINFO>
		<VALUES>[0.12769443155438812, 0.0033723160787354914, 0.11798229427249345, 0.007268837585002906, 0.10521408611977544, 0.009176891049869636, 0.08906637421912617, 0.017547001549692846, 0.029224724025913962, 0.01009965395384467, 0.014576640445739033, 0.0048417532744611394]</VALUES>
		<LCS_MIN>[0.11888792365789413, 0.09808102250099182, 0.08052423596382141, 0.06995370984077454, 0.01248413510620594, 0.0074115050956606865]</LCS_MIN>
		<LCS_MAX>[0.13128092885017395, 0.12493254989385605, 0.11387604475021362, 0.14270195364952087, 0.05412832275032997, 0.028005782514810562]</LCS_MAX>
		<WAVELENGTH>[0.48, 0.56, 0.655, 0.865, 1.61, 2.2]</WAVELENGTH>
		<MEAN_VALUE>[0.12769443155438812, 0.11798229427249345, 0.10521408611977544, 0.08906637421912617, 0.029224724025913962, 0.014576640445739033]</MEAN_VALUE>
		<CHECKBOX>2</CHECKBOX>
		<SD>[0.0033723160787354914, 0.007268837585002906, 0.009176891049869636, 0.017547001549692846, 0.01009965395384467, 0.0048417532744611394]</SD>
		<WAVELENGTH_UNIT>E-6m</WAVELENGTH_UNIT>
		<COLOR>#191c8b</COLOR>
		<COVARIANCE_MATRIX>[[1.1587091503480883e-05, 2.4567770232418685e-05, 3.107355249658674e-05, -4.680052175173301e-05, -2.3659741488490462e-05, -9.175604563621934e-06], [2.4567770232418685e-05, 5.383290549445557e-05, 6.760108183494924e-05, -9.984425010270057e-05, -4.94652609956608e-05, -1.935534613067023e-05], [3.107355249658674e-05, 6.760108183494924e-05, 8.580429781931288e-05, -0.00012399858341510014, -6.0351169081384987e-05, -2.25134313371736e-05], [-4.680052175173301e-05, -9.984425010270057e-05, -0.00012399858341510014, 0.0003137066457129404, 0.0001695032317723218, 7.365035356119825e-05], [-2.3659741488490462e-05, -4.94652609956608e-05, -6.0351169081384987e-05, 0.0001695032317723218, 0.00010392759508151234, 4.7097368384945e-05], [-9.175604563621934e-06, -1.935534613067023e-05, -2.25134313371736e-05, 7.365035356119825e-05, 4.7097368384945e-05, 2.388488750227884e-05]]</COVARIANCE_MATRIX>
		<ROI_SIZE>54</ROI_SIZE>
		<MAX_VALUE>[0.13128092885017395, 0.12493254989385605, 0.11387604475021362, 0.14270195364952087, 0.05412832275032997, 0.028005782514810562]</MAX_VALUE>
		<MIN_VALUE>[0.11888792365789413, 0.09808102250099182, 0.08052423596382141, 0.06995370984077454, 0.01248413510620594, 0.0074115050956606865]</MIN_VALUE>
		<SIGNATURE_THRESHOLD_MD>0</SIGNATURE_THRESHOLD_MD>
		<SIGNATURE_THRESHOLD_ML>0</SIGNATURE_THRESHOLD_ML>
		<SIGNATURE_THRESHOLD_SAM>0</SIGNATURE_THRESHOLD_SAM>
	</signature>
	<signature ID="20210114_125228115218_438">
		<MACROCLASSID>1</MACROCLASSID>
		<MACROCLASSINFO>waterbody</MACROCLASSINFO>
		<CLASSID>12</CLASSID>
		<CLASSINFO>C 1</CLASSINFO>
		<VALUES>[0.12556250481316752, 0.004054899950443861, 0.1070091073973949, 0.00895640090220901, 0.07326130046052227, 0.007557187180065114, 0.07599382793172177, 0.009635194640400017, 0.023554803488301766, 0.006476895431984567, 0.01115659676833507, 0.003342743046493703]</VALUES>
		<LCS_MIN>[0.11284328997135162, 0.07930923253297806, 0.05172869190573692, 0.060203343629837036, 0.013729517348110676, 0.00646987883374095]</LCS_MIN>
		<LCS_MAX>[0.1312505602836609, 0.12007255107164383, 0.08912036567926407, 0.10272840410470963, 0.04607893526554108, 0.023206524550914764]</LCS_MAX>
		<WAVELENGTH>[0.48, 0.56, 0.655, 0.865, 1.61, 2.2]</WAVELENGTH>
		<MEAN_VALUE>[0.12556250481316752, 0.1070091073973949, 0.07326130046052227, 0.07599382793172177, 0.023554803488301766, 0.01115659676833507]</MEAN_VALUE>
		<CHECKBOX>2</CHECKBOX>
		<SD>[0.004054899950443861, 0.00895640090220901, 0.007557187180065114, 0.009635194640400017, 0.006476895431984567, 0.003342743046493703]</SD>
		<WAVELENGTH_UNIT>E-6m</WAVELENGTH_UNIT>
		<COLOR>#96073e</COLOR>
		<COVARIANCE_MATRIX>[[1.649343545735639e-05, 3.6045689005592704e-05, 2.9800120912722535e-05, -2.046435965153693e-05, -3.6672566979115565e-06, 3.816472112397726e-07], [3.6045689005592704e-05, 8.046701468221516e-05, 6.604537042240376e-05, -4.5470736372024084e-05, -7.798440473408099e-06, 8.668436011898586e-07], [2.9800120912722535e-05, 6.604537042240376e-05, 5.72889942056138e-05, -3.4721428397211546e-05, -3.917772794574344e-06, 2.151276316879631e-06], [-2.046435965153693e-05, -4.5470736372024084e-05, -3.4721428397211546e-05, 9.31261875208803e-05, 4.85696613869355e-05, 2.2201648521282567e-05], [-3.6672566979115565e-06, -7.798440473408099e-06, -3.917772794574344e-06, 4.85696613869355e-05, 4.208086033853501e-05, 2.1067339213561693e-05], [3.816472112397726e-07, 8.668436011898586e-07, 2.151276316879631e-06, 2.2201648521282567e-05, 2.1067339213561693e-05, 1.1208740829009366e-05]]</COVARIANCE_MATRIX>
		<ROI_SIZE>322</ROI_SIZE>
		<MAX_VALUE>[0.1312505602836609, 0.12007255107164383, 0.08912036567926407, 0.10272840410470963, 0.04607893526554108, 0.023206524550914764]</MAX_VALUE>
		<MIN_VALUE>[0.11284328997135162, 0.07930923253297806, 0.05172869190573692, 0.060203343629837036, 0.013729517348110676, 0.00646987883374095]</MIN_VALUE>
		<SIGNATURE_THRESHOLD_MD>0</SIGNATURE_THRESHOLD_MD>
		<SIGNATURE_THRESHOLD_ML>0</SIGNATURE_THRESHOLD_ML>
		<SIGNATURE_THRESHOLD_SAM>0</SIGNATURE_THRESHOLD_SAM>
	</signature>
	<signature ID="20210114_125232850670_992">
		<MACROCLASSID>1</MACROCLASSID>
		<MACROCLASSINFO>waterbody</MACROCLASSINFO>
		<CLASSID>13</CLASSID>
		<CLASSINFO>C 1</CLASSINFO>
		<VALUES>[0.12239611471572744, 0.001386978376665324, 0.09648982176314234, 0.002951644183876492, 0.06209279699386031, 0.002160238577931187, 0.0680195512235069, 0.007142303507154709, 0.021449177786887836, 0.0057024709084249545, 0.010478993133910224, 0.00324506568629676]</VALUES>
		<LCS_MIN>[0.11326853185892105, 0.07879286259412766, 0.05154644325375557, 0.056254565715789795, 0.012818261981010437, 0.006287630181759596]</LCS_MIN>
		<LCS_MAX>[0.12520593404769897, 0.10470277070999146, 0.07323423773050308, 0.09203637391328812, 0.045501817017793655, 0.027641283348202705]</LCS_MAX>
		<WAVELENGTH>[0.48, 0.56, 0.655, 0.865, 1.61, 2.2]</WAVELENGTH>
		<MEAN_VALUE>[0.12239611471572744, 0.09648982176314234, 0.06209279699386031, 0.0680195512235069, 0.021449177786887836, 0.010478993133910224]</MEAN_VALUE>
		<CHECKBOX>2</CHECKBOX>
		<SD>[0.001386978376665324, 0.002951644183876492, 0.002160238577931187, 0.007142303507154709, 0.0057024709084249545, 0.00324506568629676]</SD>
		<WAVELENGTH_UNIT>E-6m</WAVELENGTH_UNIT>
		<COLOR>#f67957</COLOR>
		<COVARIANCE_MATRIX>[[1.926811773816792e-06, 3.5304256361235062e-06, 2.1516288590645617e-06, -3.986849336587803e-06, -1.6986402371122095e-06, -5.905587130860456e-07], [3.5304256361235062e-06, 8.7262553291607e-06, 5.8416490855593596e-06, -5.522210978408904e-06, -2.929923070436986e-06, -1.1179060596248164e-06], [2.1516288590645617e-06, 5.8416490855593596e-06, 4.674157537313688e-06, -9.505889494214246e-08, 1.1609481052478004e-06, 1.082246676504991e-06], [-3.986849336587803e-06, -5.522210978408904e-06, -9.505889494214246e-08, 5.109477761313425e-05, 3.492112058046668e-05, 1.8471440340231068e-05], [-1.6986402371122095e-06, -2.929923070436986e-06, 1.1609481052478004e-06, 3.492112058046668e-05, 3.257062312991913e-05, 1.808288365194441e-05], [-5.905587130860456e-07, -1.1179060596248164e-06, 1.082246676504991e-06, 1.8471440340231068e-05, 1.808288365194441e-05, 1.0547435907265151e-05]]</COVARIANCE_MATRIX>
		<ROI_SIZE>621</ROI_SIZE>
		<MAX_VALUE>[0.12520593404769897, 0.10470277070999146, 0.07323423773050308, 0.09203637391328812, 0.045501817017793655, 0.027641283348202705]</MAX_VALUE>
		<MIN_VALUE>[0.11326853185892105, 0.07879286259412766, 0.05154644325375557, 0.056254565715789795, 0.012818261981010437, 0.006287630181759596]</MIN_VALUE>
		<SIGNATURE_THRESHOLD_MD>0</SIGNATURE_THRESHOLD_MD>
		<SIGNATURE_THRESHOLD_ML>0</SIGNATURE_THRESHOLD_ML>
		<SIGNATURE_THRESHOLD_SAM>0</SIGNATURE_THRESHOLD_SAM>
	</signature>
	<signature ID="20210114_125239489911_873">
		<MACROCLASSID>1</MACROCLASSID>
		<MACROCLASSINFO>waterbody</MACROCLASSINFO>
		<CLASSID>14</CLASSID>
		<CLASSINFO>C 1</CLASSINFO>
		<VALUES>[0.12174581267362362, 0.001137416889808597, 0.0928128286799852, 0.001966197173640927, 0.05913207386058905, 0.0012885775532200997, 0.07281748550871373, 0.007529871868879972, 0.022271095236750155, 0.005890147963350364, 0.010707143206208783, 0.003355065384642552]</VALUES>
		<LCS_MIN>[0.11375453323125839, 0.07830685377120972, 0.051819827407598495, 0.05467506870627403, 0.01640252023935318, 0.0075937542133033276]</LCS_MIN>
		<LCS_MAX>[0.12742331624031067, 0.09789875149726868, 0.0670984759926796, 0.09805063158273697, 0.04759769141674042, 0.02673002891242504]</LCS_MAX>
		<WAVELENGTH>[0.48, 0.56, 0.655, 0.865, 1.61, 2.2]</WAVELENGTH>
		<MEAN_VALUE>[0.12174581267362362, 0.0928128286799852, 0.05913207386058905, 0.07281748550871373, 0.022271095236750155, 0.010707143206208783]</MEAN_VALUE>
		<CHECKBOX>2</CHECKBOX>
		<SD>[0.001137416889808597, 0.001966197173640927, 0.0012885775532200997, 0.007529871868879972, 0.005890147963350364, 0.003355065384642552]</SD>
		<WAVELENGTH_UNIT>E-6m</WAVELENGTH_UNIT>
		<COLOR>#0874f8</COLOR>
		<COVARIANCE_MATRIX>[[1.2960150803004426e-06, 2.1206785082545934e-06, 1.078767274805286e-06, -3.6217929285247657e-06, -1.381015942781238e-06, -3.5504500556296725e-07], [2.1206785082545934e-06, 3.872797988734185e-06, 1.8452781450669302e-06, -5.7800167169170154e-06, -2.4347484765466317e-06, -7.662998233304323e-07], [1.078767274805286e-06, 1.8452781450669302e-06, 1.6633813684081174e-06, 8.411442799595604e-07, 2.540365634052078e-06, 2.0296828664634063e-06], [-3.6217929285247657e-06, -5.7800167169170154e-06, 8.411442799595604e-07, 5.679967901248135e-05, 3.923969326893676e-05, 2.0774774513265407e-05], [-1.381015942781238e-06, -2.4347484765466317e-06, 2.540365634052078e-06, 3.923969326893676e-05, 3.4755466197176703e-05, 1.9245239111144628e-05], [-3.5504500556296725e-07, -7.662998233304323e-07, 2.0296828664634063e-06, 2.0774774513265407e-05, 1.9245239111144628e-05, 1.1276457454116952e-05]]</COVARIANCE_MATRIX>
		<ROI_SIZE>564</ROI_SIZE>
		<MAX_VALUE>[0.12742331624031067, 0.09789875149726868, 0.0670984759926796, 0.09805063158273697, 0.04759769141674042, 0.02673002891242504]</MAX_VALUE>
		<MIN_VALUE>[0.11375453323125839, 0.07830685377120972, 0.051819827407598495, 0.05467506870627403, 0.01640252023935318, 0.0075937542133033276]</MIN_VALUE>
		<SIGNATURE_THRESHOLD_MD>0</SIGNATURE_THRESHOLD_MD>
		<SIGNATURE_THRESHOLD_ML>0</SIGNATURE_THRESHOLD_ML>
		<SIGNATURE_THRESHOLD_SAM>0</SIGNATURE_THRESHOLD_SAM>
	</signature>
	<signature ID="20210114_125247798772_481">
		<MACROCLASSID>1</MACROCLASSID>
		<MACROCLASSINFO>waterbody</MACROCLASSINFO>
		<CLASSID>15</CLASSID>
		<CLASSINFO>C 1</CLASSINFO>
		<VALUES>[0.12901263881255598, 0.0012746192407165676, 0.10723596274414483, 0.0023418193617355714, 0.07558382598354538, 0.002423634682952901, 0.0813725052730126, 0.010615679140528595, 0.029203813386094925, 0.006778331905808178, 0.015042787992998083, 0.003422372410456306]</VALUES>
		<LCS_MIN>[0.12596529722213745, 0.10196901112794876, 0.07007522135972977, 0.06567083299160004, 0.01907552033662796, 0.010206013917922974]</LCS_MIN>
		<LCS_MAX>[0.13118982315063477, 0.11117266118526459, 0.08046349138021469, 0.10512803494930267, 0.051303453743457794, 0.027337539941072464]</LCS_MAX>
		<WAVELENGTH>[0.48, 0.56, 0.655, 0.865, 1.61, 2.2]</WAVELENGTH>
		<MEAN_VALUE>[0.12901263881255598, 0.10723596274414483, 0.07558382598354538, 0.0813725052730126, 0.029203813386094925, 0.015042787992998083]</MEAN_VALUE>
		<CHECKBOX>2</CHECKBOX>
		<SD>[0.0012746192407165676, 0.0023418193617355714, 0.002423634682952901, 0.010615679140528595, 0.006778331905808178, 0.003422372410456306]</SD>
		<WAVELENGTH_UNIT>E-6m</WAVELENGTH_UNIT>
		<COLOR>#3e143b</COLOR>
		<COVARIANCE_MATRIX>[[1.6489027790855446e-06, 2.8410461004216597e-06, 1.9421967043684772e-06, -8.963079523832296e-06, -4.219771296537516e-06, -1.390813110027967e-06], [2.8410461004216597e-06, 5.565970429313015e-06, 3.451342214514239e-06, -1.4330321054213944e-05, -5.957898811958699e-06, -1.8333663082186047e-06], [1.9421967043684772e-06, 3.451342214514239e-06, 5.961676793970615e-06, -9.064427082877974e-06, -2.5776510270047767e-06, 4.123462728147753e-07], [-8.963079523832296e-06, -1.4330321054213944e-05, -9.064427082877974e-06, 0.0001143746233700966, 6.292259621337349e-05, 2.896846307502493e-05], [-4.219771296537516e-06, -5.957898811958699e-06, -2.5776510270047767e-06, 6.292259621337349e-05, 4.6631541386868754e-05, 2.235008268084392e-05], [-1.390813110027967e-06, -1.8333663082186047e-06, 4.123462728147753e-07, 2.896846307502493e-05, 2.235008268084392e-05, 1.188744833250702e-05]]</COVARIANCE_MATRIX>
		<ROI_SIZE>68</ROI_SIZE>
		<MAX_VALUE>[0.13118982315063477, 0.11117266118526459, 0.08046349138021469, 0.10512803494930267, 0.051303453743457794, 0.027337539941072464]</MAX_VALUE>
		<MIN_VALUE>[0.12596529722213745, 0.10196901112794876, 0.07007522135972977, 0.06567083299160004, 0.01907552033662796, 0.010206013917922974]</MIN_VALUE>
		<SIGNATURE_THRESHOLD_MD>0</SIGNATURE_THRESHOLD_MD>
		<SIGNATURE_THRESHOLD_ML>0</SIGNATURE_THRESHOLD_ML>
		<SIGNATURE_THRESHOLD_SAM>0</SIGNATURE_THRESHOLD_SAM>
	</signature>
	<signature ID="20210114_125734130274_232">
		<MACROCLASSID>1</MACROCLASSID>
		<MACROCLASSINFO>waterbody</MACROCLASSINFO>
		<CLASSID>16</CLASSID>
		<CLASSINFO>C 1</CLASSINFO>
