<?xml version="1.0" ?>
<signaturelist MCID_LIST="[['1', 'waterbody', '#0000ff'], ['2', 'vegetation', '#00ff00'], ['3', 'bareland', '#ffaa00'], ['4', 'built-up', '#ff0000']]">
	<signature ID="20200805_101105460966_300">
		<MACROCLASSID>1</MACROCLASSID>
		<MACROCLASSINFO>MC 1</MACROCLASSINFO>
		<CLASSID>1</CLASSID>
		<CLASSINFO>C 1</CLASSINFO>
		<VALUES>[0.10839203726891043, 0.002567066389403948, 0.08271108804127338, 0.0037872193623048334, 0.05089478492020415, 0.002849320480062218, 0.043037854301111456, 0.00984231247356842, 0.014674227727476155, 0.007732715825683861, 0.008088454766153403, 0.005062340439673673]</VALUES>
		<LCS_MIN>[0.09259723871946335, 0.060745835304260254, 0.040400803089141846, 0.03268704563379288, 0.0065888273529708385, 0.0036961666774004698]</LCS_MIN>
		<LCS_MAX>[0.11442073434591293, 0.09590771794319153, 0.07517699897289276, 0.08896534144878387, 0.058817412704229355, 0.04962517321109772]</LCS_MAX>
		<WAVELENGTH>[0.48, 0.56, 0.655, 0.865, 1.61, 2.2]</WAVELENGTH>
		<MEAN_VALUE>[0.10839203726891043, 0.08271108804127338, 0.05089478492020415, 0.043037854301111456, 0.014674227727476155, 0.008088454766153403]</MEAN_VALUE>
		<CHECKBOX>2</CHECKBOX>
		<SD>[0.002567066389403948, 0.0037872193623048334, 0.002849320480062218, 0.00984231247356842, 0.007732715825683861, 0.005062340439673673]</SD>
		<WAVELENGTH_UNIT>E-6m</WAVELENGTH_UNIT>
		<COLOR>#515132</COLOR>
		<COVARIANCE_MATRIX>[[1.0605559509713203e-05, 1.5124538549571298e-05, 6.938301794434665e-06, -2.0647921701311134e-05, -4.5094143388269e-06, -2.9452615990521736e-07], [1.5124538549571298e-05, 2.2646310753771104e-05, 1.1713877938746009e-05, -2.529830817366019e-05, -1.8390037439530715e-06, 2.7801006581285037e-06], [6.938301794434665e-06, 1.1713877938746009e-05, 1.1590482245082967e-05, 5.479211267811479e-06, 1.6076113752205856e-05, 1.2243383025634103e-05], [-2.0647921701311134e-05, -2.529830817366019e-05, 5.479211267811479e-06, 0.00011436604836490005, 7.053405715851113e-05, 3.9113161619752645e-05], [-4.5094143388269e-06, -1.8390037439530715e-06, 1.6076113752205856e-05, 7.053405715851113e-05, 6.795590161345899e-05, 4.2961284634657204e-05], [-2.9452615990521736e-07, 2.7801006581285037e-06, 1.2243383025634103e-05, 3.9113161619752645e-05, 4.2961284634657204e-05, 2.959387711598538e-05]]</COVARIANCE_MATRIX>
		<ROI_SIZE>2111</ROI_SIZE>
		<MAX_VALUE>[0.11442073434591293, 0.09590771794319153, 0.07517699897289276, 0.08896534144878387, 0.058817412704229355, 0.04962517321109772]</MAX_VALUE>
		<MIN_VALUE>[0.09259723871946335, 0.060745835304260254, 0.040400803089141846, 0.03268704563379288, 0.0065888273529708385, 0.0036961666774004698]</MIN_VALUE>
		<SIGNATURE_THRESHOLD_MD>0.0</SIGNATURE_THRESHOLD_MD>
		<SIGNATURE_THRESHOLD_ML>0.0</SIGNATURE_THRESHOLD_ML>
		<SIGNATURE_THRESHOLD_SAM>0.0</SIGNATURE_THRESHOLD_SAM>
	</signature>
	<signature ID="20200805_101117809723_857">
		<MACROCLASSID>1</MACROCLASSID>
		<MACROCLASSINFO>MC 1</MACROCLASSINFO>
		<CLASSID>2</CLASSID>
		<CLASSINFO>C 1</CLASSINFO>
		<VALUES>[0.11855305814833356, 0.0034291049491227735, 0.1074096958971385, 0.011010275670526547, 0.08419508113328253, 0.020311675849941712, 0.06559450356571964, 0.013404716203705761, 0.02646032734068504, 0.013627920917993475, 0.01582936616050022, 0.009681154273914298]</VALUES>
		<LCS_MIN>[0.10693196952342987, 0.08170155435800552, 0.061549365520477295, 0.049560900777578354, 0.012566991150379181, 0.006395984906703234]</LCS_MIN>
		<LCS_MAX>[0.12615208327770233, 0.1266663372516632, 0.11856688559055328, 0.11117453128099442, 0.06598476320505142, 0.049175191670656204]</LCS_MAX>
		<WAVELENGTH>[0.48, 0.56, 0.655, 0.865, 1.61, 2.2]</WAVELENGTH>
		<MEAN_VALUE>[0.11855305814833356, 0.1074096958971385, 0.08419508113328253, 0.06559450356571964, 0.02646032734068504, 0.01582936616050022]</MEAN_VALUE>
		<CHECKBOX>2</CHECKBOX>
		<SD>[0.0034291049491227735, 0.011010275670526547, 0.020311675849941712, 0.013404716203705761, 0.013627920917993475, 0.009681154273914298]</SD>
		<WAVELENGTH_UNIT>E-6m</WAVELENGTH_UNIT>
		<COLOR>#3bfe9b</COLOR>
		<COVARIANCE_MATRIX>[[1.1794501915574074e-05, 3.6770863516721874e-05, 6.398637196980417e-05, 1.0272625331708696e-05, 3.4483757644920843e-06, 3.882118562614778e-06], [3.6770863516721874e-05, 0.00012159463949501514, 0.00021648909023497254, 3.959403693443164e-05, 1.3394557754509151e-05, 1.3169562407711055e-05], [6.398637196980417e-05, 0.00021648909023497254, 0.0004138181684538722, 0.00011919514508917928, 7.083077798597515e-05, 5.4057774832472205e-05], [1.0272625331708696e-05, 3.959403693443164e-05, 0.00011919514508917928, 0.0001802325714379549, 0.00016932575090322644, 0.00011178355634910986], [3.4483757644920843e-06, 1.3394557754509151e-05, 7.083077798597515e-05, 0.00016932575090322644, 0.0001862847275333479, 0.00012646568939089775], [3.882118562614778e-06, 1.3169562407711055e-05, 5.4057774832472205e-05, 0.00011178355634910986, 0.00012646568939089775, 9.400962881045416e-05]]</COVARIANCE_MATRIX>
		<ROI_SIZE>330</ROI_SIZE>
		<MAX_VALUE>[0.12615208327770233, 0.1266663372516632, 0.11856688559055328, 0.11117453128099442, 0.06598476320505142, 0.049175191670656204]</MAX_VALUE>
		<MIN_VALUE>[0.10693196952342987, 0.08170155435800552, 0.061549365520477295, 0.049560900777578354, 0.012566991150379181, 0.006395984906703234]</MIN_VALUE>
		<SIGNATURE_THRESHOLD_MD>0.0</SIGNATURE_THRESHOLD_MD>
		<SIGNATURE_THRESHOLD_ML>0.0</SIGNATURE_THRESHOLD_ML>
		<SIGNATURE_THRESHOLD_SAM>0.0</SIGNATURE_THRESHOLD_SAM>
	</signature>
	<signature ID="20200805_101127748014_766">
		<MACROCLASSID>1</MACROCLASSID>
		<MACROCLASSINFO>MC 1</MACROCLASSINFO>
		<CLASSID>3</CLASSID>
		<CLASSINFO>C 1</CLASSINFO>
		<VALUES>[0.10323906108989553, 0.0016273083404944864, 0.1141897653371601, 0.006572224481531585, 0.08281176448878595, 0.002721989450550889, 0.04622425464123993, 0.019730945761904768, 0.02506862034610773, 0.018652701110323137, 0.016116083473345994, 0.01219008550922241]</VALUES>
		<LCS_MIN>[0.09638983756303787, 0.088997483253479, 0.07835891097784042, 0.02198420651257038, 0.009192224591970444, 0.005913878791034222]</LCS_MIN>
		<LCS_MAX>[0.1056784838438034, 0.1205274686217308, 0.09413997828960419, 0.09606842696666718, 0.074791319668293, 0.04866096377372742]</LCS_MAX>
		<WAVELENGTH>[0.48, 0.56, 0.655, 0.865, 1.61, 2.2]</WAVELENGTH>
		<MEAN_VALUE>[0.10323906108989553, 0.1141897653371601, 0.08281176448878595, 0.04622425464123993, 0.02506862034610773, 0.016116083473345994]</MEAN_VALUE>
		<CHECKBOX>2</CHECKBOX>
		<SD>[0.0016273083404944864, 0.006572224481531585, 0.002721989450550889, 0.019730945761904768, 0.018652701110323137, 0.01219008550922241]</SD>
		<WAVELENGTH_UNIT>E-6m</WAVELENGTH_UNIT>
		<COLOR>#f35dd5</COLOR>
		<COVARIANCE_MATRIX>[[2.6937898383039283e-06, 1.0028720680566039e-05, 4.2508435171839665e-07, -2.375399890297558e-05, -2.0517469238257036e-05, -1.2388864888634998e-05], [1.0028720680566039e-05, 4.393886047182605e-05, -9.530772899779549e-07, -0.00010910091077676043, -0.00010030681733042002, -6.30583381280303e-05], [4.2508435171839665e-07, -9.530772899779549e-07, 7.536971679655835e-06, 1.642719507799484e-05, 1.3378979019762482e-05, 7.971903869474772e-06], [-2.375399890297558e-05, -0.00010910091077676043, 1.642719507799484e-05, 0.00039602245669811964, 0.0003304355195723474, 0.00021368355373851955], [-2.0517469238257036e-05, -0.00010030681733042002, 1.3378979019762482e-05, 0.0003304355195723474, 0.00035392193240113556, 0.00022636225912719965], [-1.2388864888634998e-05, -6.30583381280303e-05, 7.971903869474772e-06, 0.00021368355373851955, 0.00022636225912719965, 0.00015116021677386016]]</COVARIANCE_MATRIX>
		<ROI_SIZE>59</ROI_SIZE>
		<MAX_VALUE>[0.1056784838438034, 0.1205274686217308, 0.09413997828960419, 0.09606842696666718, 0.074791319668293, 0.04866096377372742]</MAX_VALUE>
		<MIN_VALUE>[0.09638983756303787, 0.088997483253479, 0.07835891097784042, 0.02198420651257038, 0.009192224591970444, 0.005913878791034222]</MIN_VALUE>
		<SIGNATURE_THRESHOLD_MD>0.0</SIGNATURE_THRESHOLD_MD>
		<SIGNATURE_THRESHOLD_ML>0.0</SIGNATURE_THRESHOLD_ML>
		<SIGNATURE_THRESHOLD_SAM>0.0</SIGNATURE_THRESHOLD_SAM>
	</signature>
	<signature ID="20200805_101133147141_309">
		<MACROCLASSID>1</MACROCLASSID>
		<MACROCLASSINFO>MC 1</MACROCLASSINFO>
		<CLASSID>4</CLASSID>
		<CLASSINFO>C 1</CLASSINFO>
		<VALUES>[0.0888775088202019, 0.0032765232798887237, 0.06304486051270489, 0.004718791372839452, 0.04041739187550982, 0.002893893413555518, 0.04108405146696328, 0.013917616157979157, 0.019593502759658807, 0.012476945083620891, 0.011232635669393065, 0.007454647903642846]</VALUES>
		<LCS_MIN>[0.07832677662372589, 0.04776102304458618, 0.031337134540081024, 0.027190987020730972, 0.007906599901616573, 0.004178284667432308]</LCS_MIN>
		<LCS_MAX>[0.09606842696666718, 0.0745663121342659, 0.05438198521733284, 0.07986953854560852, 0.060199443250894547, 0.04265064001083374]</LCS_MAX>
		<WAVELENGTH>[0.48, 0.56, 0.655, 0.865, 1.61, 2.2]</WAVELENGTH>
		<MEAN_VALUE>[0.0888775088202019, 0.06304486051270489, 0.04041739187550982, 0.04108405146696328, 0.019593502759658807, 0.011232635669393065]</MEAN_VALUE>
		<CHECKBOX>2</CHECKBOX>
		<SD>[0.0032765232798887237, 0.004718791372839452, 0.002893893413555518, 0.013917616157979157, 0.012476945083620891, 0.007454647903642846]</SD>
		<WAVELENGTH_UNIT>E-6m</WAVELENGTH_UNIT>
		<COLOR>#deed42</COLOR>
		<COVARIANCE_MATRIX>[[1.0785306585603394e-05, 1.5100520613486879e-05, 7.527780326199718e-06, -2.074782423733268e-05, -1.6300036804750562e-05, -7.842882951081265e-06], [1.5100520613486879e-05, 2.2370080841938034e-05, 1.1427745448600035e-05, -2.4012158974073827e-05, -1.857405368355103e-05, -8.294605322589632e-06], [7.527780326199718e-06, 1.1427745448600035e-05, 8.413390787609387e-06, 1.6237455611189944e-06, 6.158870291983476e-06, 5.747968771174783e-06], [-2.074782423733268e-05, -2.4012158974073827e-05, 1.6237455611189944e-06, 0.00019459679606370628, 0.00015350764442700893, 8.64550456753932e-05], [-1.6300036804750562e-05, -1.857405368355103e-05, 6.158870291983476e-06, 0.00015350764442700893, 0.00015639487537555397, 9.055442205863073e-05], [-7.842882951081265e-06, -8.294605322589632e-06, 5.747968771174783e-06, 8.64550456753932e-05, 9.055442205863073e-05, 5.5829052143963054e-05]]</COVARIANCE_MATRIX>
		<ROI_SIZE>217</ROI_SIZE>
		<MAX_VALUE>[0.09606842696666718, 0.0745663121342659, 0.05438198521733284, 0.07986953854560852, 0.060199443250894547, 0.04265064001083374]</MAX_VALUE>
		<MIN_VALUE>[0.07832677662372589, 0.04776102304458618, 0.031337134540081024, 0.027190987020730972, 0.007906599901616573, 0.004178284667432308]</MIN_VALUE>
		<SIGNATURE_THRESHOLD_MD>0.0</SIGNATURE_THRESHOLD_MD>
		<SIGNATURE_THRESHOLD_ML>0.0</SIGNATURE_THRESHOLD_ML>
		<SIGNATURE_THRESHOLD_SAM>0.0</SIGNATURE_THRESHOLD_SAM>
	</signature>
	<signature ID="20200805_101217826818_124">
		<MACROCLASSID>1</MACROCLASSID>
		<MACROCLASSINFO>MC 1</MACROCLASSINFO>
		<CLASSID>6</CLASSID>
		<CLASSINFO>C 1</CLASSINFO>
		<VALUES>[0.13472063433567377, 0.004709320314393045, 0.12768658146204193, 0.009954512837310508, 0.09616922484239716, 0.008270473584480319, 0.08033263500678395, 0.015016898349838907, 0.030159813167114198, 0.012300960550305164, 0.016793800874863284, 0.008225144823223347]</VALUES>
		<LCS_MIN>[0.11188162863254547, 0.08366213738918304, 0.05794960632920265, 0.05210001394152641, 0.013499066233634949, 0.007295924238860607]</LCS_MIN>
		<LCS_MAX>[0.14116178452968597, 0.13984400033950806, 0.11564208567142487, 0.11541710793972015, 0.06823462247848511, 0.05161789432168007]</LCS_MAX>
		<WAVELENGTH>[0.48, 0.56, 0.655, 0.865, 1.61, 2.2]</WAVELENGTH>
		<MEAN_VALUE>[0.13472063433567377, 0.12768658146204193, 0.09616922484239716, 0.08033263500678395, 0.030159813167114198, 0.016793800874863284]</MEAN_VALUE>
		<CHECKBOX>2</CHECKBOX>
		<SD>[0.004709320314393045, 0.009954512837310508, 0.008270473584480319, 0.015016898349838907, 0.012300960550305164, 0.008225144823223347]</SD>
		<WAVELENGTH_UNIT>E-6m</WAVELENGTH_UNIT>
		<COLOR>#006737</COLOR>
		<COVARIANCE_MATRIX>[[2.2264330254984088e-05, 4.579690721584484e-05, 3.8260335713857785e-05, -3.7275327485986054e-05, -1.5050136425998062e-05, -5.036119546275586e-06], [4.579690721584484e-05, 9.947940270649269e-05, 8.047564915614203e-05, -8.250319660874084e-05, -3.796213059104048e-05, -1.6021689589251764e-05], [3.8260335713857785e-05, 8.047564915614203e-05, 6.866792682558298e-05, -5.508065441972576e-05, -1.775696910044644e-05, -2.7579869765759213e-06], [-3.7275327485986054e-05, -8.250319660874084e-05, -5.508065441972576e-05, 0.00022638811788056046, 0.00016294568195007741, 9.480459266342223e-05], [-1.5050136425998062e-05, -3.796213059104048e-05, -1.775696910044644e-05, 0.00016294568195007741, 0.0001519046927569434, 9.716922795632854e-05], [-5.036119546275586e-06, -1.6021689589251764e-05, -2.7579869765759213e-06, 9.480459266342223e-05, 9.716922795632854e-05, 6.791727355448529e-05]]</COVARIANCE_MATRIX>
		<ROI_SIZE>257</ROI_SIZE>
		<MAX_VALUE>[0.14116178452968597, 0.13984400033950806, 0.11564208567142487, 0.11541710793972015, 0.06823462247848511, 0.05161789432168007]</MAX_VALUE>
		<MIN_VALUE>[0.11188162863254547, 0.08366213738918304, 0.05794960632920265, 0.05210001394152641, 0.013499066233634949, 0.007295924238860607]</MIN_VALUE>
		<SIGNATURE_THRESHOLD_MD>0.0</SIGNATURE_THRESHOLD_MD>
		<SIGNATURE_THRESHOLD_ML>0.0</SIGNATURE_THRESHOLD_ML>
		<SIGNATURE_THRESHOLD_SAM>0.0</SIGNATURE_THRESHOLD_SAM>
	</signature>
	<signature ID="20200805_101226543856_791">
		<MACROCLASSID>1</MACROCLASSID>
		<MACROCLASSINFO>MC 1</MACROCLASSINFO>
		<CLASSID>7</CLASSID>
		<CLASSINFO>C 1</CLASSINFO>
		<VALUES>[0.12716408911523405, 0.003733758156429067, 0.11291157234224915, 0.007291829914759723, 0.07959041378770007, 0.005407711123904699, 0.07229376412821886, 0.013301998635605704, 0.024329687406113583, 0.008940855299691963, 0.012069368022712143, 0.004529701842826163]</VALUES>
		<LCS_MIN>[0.10921397060155869, 0.07813393324613571, 0.053514182567596436, 0.05171430483460426, 0.015234660357236862, 0.006074572913348675]</LCS_MIN>
		<LCS_MAX>[0.1314874291419983, 0.11972393840551376, 0.08616909384727478, 0.11503142863512039, 0.06341351568698883, 0.033619120717048645]</LCS_MAX>
		<WAVELENGTH>[0.48, 0.56, 0.655, 0.865, 1.61, 2.2]</WAVELENGTH>
		<MEAN_VALUE>[0.12716408911523405, 0.11291157234224915, 0.07959041378770007, 0.07229376412821886, 0.024329687406113583, 0.012069368022712143]</MEAN_VALUE>
		<CHECKBOX>2</CHECKBOX>
		<SD>[0.003733758156429067, 0.007291829914759723, 0.005407711123904699, 0.013301998635605704, 0.008940855299691963, 0.004529701842826163]</SD>
		<WAVELENGTH_UNIT>E-6m</WAVELENGTH_UNIT>
		<COLOR>#d8f2a6</COLOR>
		<COVARIANCE_MATRIX>[[1.3969401152280625e-05, 2.6536557925282978e-05, 1.7861335436464287e-05, -2.911392402893398e-05, -1.433907982573146e-05, -5.628334292850923e-06], [2.6536557925282978e-05, 5.327929466147907e-05, 3.6745270335813984e-05, -5.769181007053703e-05, -2.765307181107346e-05, -1.0899448170675896e-05], [1.7861335436464287e-05, 3.6745270335813984e-05, 2.9303020710358396e-05, -3.5532008041627705e-05, -1.5009049093350768e-05, -5.204533408686984e-06], [-2.911392402893398e-05, -5.769181007053703e-05, -3.5532008041627705e-05, 0.0001773042749846354, 0.00011233693658141419, 5.441380199044943e-05], [-1.433907982573146e-05, -2.765307181107346e-05, -1.5009049093350768e-05, 0.00011233693658141419, 8.010203600861132e-05, 3.982215275755152e-05], [-5.628334292850923e-06, -1.0899448170675896e-05, -5.204533408686984e-06, 5.441380199044943e-05, 3.982215275755152e-05, 2.0560071789077483e-05]]</COVARIANCE_MATRIX>
		<ROI_SIZE>491</ROI_SIZE>
		<MAX_VALUE>[0.1314874291419983, 0.11972393840551376, 0.08616909384727478, 0.11503142863512039, 0.06341351568698883, 0.033619120717048645]</MAX_VALUE>
		<MIN_VALUE>[0.10921397060155869, 0.07813393324613571, 0.053514182567596436, 0.05171430483460426, 0.015234660357236862, 0.006074572913348675]</MIN_VALUE>
		<SIGNATURE_THRESHOLD_MD>0.0</SIGNATURE_THRESHOLD_MD>
		<SIGNATURE_THRESHOLD_ML>0.0</SIGNATURE_THRESHOLD_ML>
		<SIGNATURE_THRESHOLD_SAM>0.0</SIGNATURE_THRESHOLD_SAM>
	</signature>
	<signature ID="20200805_101305999684_546">
		<MACROCLASSID>1</MACROCLASSID>
		<MACROCLASSINFO>MC 1</MACROCLASSINFO>
		<CLASSID>8</CLASSID>
		<CLASSINFO>C 1</CLASSINFO>
		<VALUES>[0.1243250654803381, 0.005038476933000759, 0.10820366744365958, 0.009686027909473732, 0.0811994423468908, 0.00878836286602627, 0.07466113929533297, 0.020366964515285992, 0.034024631956385255, 0.017102536123922603, 0.020149151728643715, 0.011069573757649881]</VALUES>
		<LCS_MIN>[0.10577491670846939, 0.07347353547811508, 0.05084652453660965, 0.046057552099227905, 0.005560330115258694, 0.0]</LCS_MIN>
		<LCS_MAX>[0.13016965985298157, 0.12007749080657959, 0.09716121107339859, 0.1251557171344757, 0.08298718184232712, 0.05846386402845383]</LCS_MAX>
		<WAVELENGTH>[0.48, 0.56, 0.655, 0.865, 1.61, 2.2]</WAVELENGTH>
		<MEAN_VALUE>[0.1243250654803381, 0.10820366744365958, 0.0811994423468908, 0.07466113929533297, 0.034024631956385255, 0.020149151728643715]</MEAN_VALUE>
		<CHECKBOX>2</CHECKBOX>
		<SD>[0.005038476933000759, 0.009686027909473732, 0.00878836286602627, 0.020366964515285992, 0.017102536123922603, 0.011069573757649881]</SD>
		<WAVELENGTH_UNIT>E-6m</WAVELENGTH_UNIT>
		<COLOR>#4a6967</COLOR>
		<COVARIANCE_MATRIX>[[2.355975448153913e-05, 4.3706633732654154e-05, 3.8527439755853266e-05, -5.2566887461580336e-05, -2.5354889658046886e-05, -5.836993750563124e-06], [4.3706633732654154e-05, 8.827977580949664e-05, 7.51140178181231e-05, -0.00010367020149715245, -4.780212839250453e-05, -1.0231773558189161e-05], [3.8527439755853266e-05, 7.51140178181231e-05, 7.282169826794416e-05, -6.104764179326594e-05, -1.0114968063135166e-05, 1.3770430996373761e-05], [-5.2566887461580336e-05, -0.00010367020149715245, -6.104764179326594e-05, 0.000410086679039523, 0.0003186565008945763, 0.00018266882398165762], [-2.5354889658046886e-05, -4.780212839250453e-05, -1.0114968063135166e-05, 0.0003186565008945763, 0.00028946518432348967, 0.00018253560119774193], [-5.836993750563124e-06, -1.0231773558189161e-05, 1.3770430996373761e-05, 0.00018266882398165762, 0.00018253560119774193, 0.00012417179823387414]]</COVARIANCE_MATRIX>
		<ROI_SIZE>383</ROI_SIZE>
		<MAX_VALUE>[0.13016965985298157, 0.12007749080657959, 0.09716121107339859, 0.1251557171344757, 0.08298718184232712, 0.05846386402845383]</MAX_VALUE>
		<MIN_VALUE>[0.10577491670846939, 0.07347353547811508, 0.05084652453660965, 0.046057552099227905, 0.005560330115258694, 0.0]</MIN_VALUE>
		<SIGNATURE_THRESHOLD_MD>0.0</SIGNATURE_THRESHOLD_MD>
		<SIGNATURE_THRESHOLD_ML>0.0</SIGNATURE_THRESHOLD_ML>
		<SIGNATURE_THRESHOLD_SAM>0.0</SIGNATURE_THRESHOLD_SAM>
	</signature>
	<signature ID="20200805_101332901584_237">
		<MACROCLASSID>1</MACROCLASSID>
		<MACROCLASSINFO>MC 1</MACROCLASSINFO>
		<CLASSID>9</CLASSID>
		<CLASSINFO>C 1</CLASSINFO>
		<VALUES>[0.11540332968745914, 0.0035697788772961936, 0.09806727192231585, 0.004528616746382631, 0.08199387824251539, 0.006841830365415476, 0.1704954788798377, 0.023413223755845817, 0.11879034162986846, 0.023759372196992704, 0.07274348998353594, 0.016806575459856844]</VALUES>
		<LCS_MIN>[0.11098168790340424, 0.09092593193054199, 0.072959303855896, 0.1276305466890335, 0.079740971326828, 0.047214630991220474]</LCS_MIN>
		<LCS_MAX>[0.12174881994724274, 0.10837829858064651, 0.09532919526100159, 0.21013560891151428, 0.15286096930503845, 0.1041678786277771]</LCS_MAX>
		<WAVELENGTH>[0.48, 0.56, 0.655, 0.865, 1.61, 2.2]</WAVELENGTH>
		<MEAN_VALUE>[0.11540332968745914, 0.09806727192231585, 0.08199387824251539, 0.1704954788798377, 0.11879034162986846, 0.07274348998353594]</MEAN_VALUE>
		<CHECKBOX>2</CHECKBOX>
		<SD>[0.0035697788772961936, 0.004528616746382631, 0.006841830365415476, 0.023413223755845817, 0.023759372196992704, 0.016806575459856844]</SD>
		<WAVELENGTH_UNIT>E-6m</WAVELENGTH_UNIT>
		<COLOR>#d0fcc6</COLOR>
		<COVARIANCE_MATRIX>[[1.3380486961978022e-05, 1.5703875760664232e-05, 2.485554250597488e-05, 2.6808174879988655e-05, 4.749715299112722e-05, 4.515033288043924e-05], [1.5703875760664232e-05, 2.1533787730732e-05, 3.1299849069910124e-05, 4.625759174814448e-05, 6.301137182163075e-05, 5.5885466281324625e-05], [2.485554250597488e-05, 3.1299849069910124e-05, 4.91511746076867e-05, 6.089960879762657e-05, 9.362507989862934e-05, 8.65224574226886e-05], [2.6808174879988655e-05, 4.625759174814448e-05, 6.089960879762657e-05, 0.0005755880265496671, 0.0005392700550146401, 0.0003467994974926114], [4.749715299112722e-05, 6.301137182163075e-05, 9.362507989862934e-05, 0.0005392700550146401, 0.0005927331512793899, 0.000403291400289163], [4.515033288043924e-05, 5.5885466281324625e-05, 8.65224574226886e-05, 0.0003467994974926114, 0.000403291400289163, 0.00029658403946086764]]</COVARIANCE_MATRIX>
		<ROI_SIZE>21</ROI_SIZE>
		<MAX_VALUE>[0.12174881994724274, 0.10837829858064651, 0.09532919526100159, 0.21013560891151428, 0.15286096930503845, 0.1041678786277771]</MAX_VALUE>
		<MIN_VALUE>[0.11098168790340424, 0.09092593193054199, 0.072959303855896, 0.1276305466890335, 0.079740971326828, 0.047214630991220474]</MIN_VALUE>
		<SIGNATURE_THRESHOLD_MD>0.0</SIGNATURE_THRESHOLD_MD>
		<SIGNATURE_THRESHOLD_ML>0.0</SIGNATURE_THRESHOLD_ML>
		<SIGNATURE_THRESHOLD_SAM>0.0</SIGNATURE_THRESHOLD_SAM>
	</signature>
	<signature ID="20200805_101352043901_106">
		<MACROCLASSID>1</MACROCLASSID>
		<MACROCLASSINFO>MC 1</MACROCLASSINFO>
		<CLASSID>10</CLASSID>
		<CLASSINFO>C 1</CLASSINFO>
		<VALUES>[0.12177138624869233, 0.001487299396465483, 0.10898197942790182, 0.003036462842950408, 0.09453303474961344, 0.004560234332788849, 0.058883031744879605, 0.011598310893010291, 0.023053679238464526, 0.011798233991218472, 0.014944050944488465, 0.008852945734534191]</VALUES>
		<LCS_MIN>[0.1140671893954277, 0.09198657423257828, 0.07337712496519089, 0.044289812445640564, 0.010638554580509663, 0.006395984906703234]</LCS_MIN>
		<LCS_MAX>[0.12701988220214844, 0.11859901994466782, 0.10927823930978775, 0.10098594427108765, 0.06389563530683517, 0.05650327727198601]</LCS_MAX>
		<WAVELENGTH>[0.48, 0.56, 0.655, 0.865, 1.61, 2.2]</WAVELENGTH>
		<MEAN_VALUE>[0.12177138624869233, 0.10898197942790182, 0.09453303474961344, 0.058883031744879605, 0.023053679238464526, 0.014944050944488465]</MEAN_VALUE>
		<CHECKBOX>2</CHECKBOX>
		<SD>[0.001487299396465483, 0.003036462842950408, 0.004560234332788849, 0.011598310893010291, 0.011798233991218472, 0.008852945734534191]</SD>
		<WAVELENGTH_UNIT>E-6m</WAVELENGTH_UNIT>
		<COLOR>#c4e497</COLOR>
		<COVARIANCE_MATRIX>[[1.8632930505191325e-06, 3.112653757852968e-06, 3.656109356597881e-06, -3.5520274650480133e-06, -1.1934180292882957e-06, 6.045355007699982e-07], [3.112653757852968e-06, 6.675000804534648e-06, 8.20848890725756e-06, -8.60106410982553e-06, -5.547927230509231e-06, -1.7754024383975775e-06], [3.656109356597881e-06, 8.20848890725756e-06, 1.4573555745300837e-05, -1.8542871202953393e-06, 3.521842927511898e-06, 6.3767238316359e-06], [-3.5520274650480133e-06, -8.60106410982553e-06, -1.8542871202953393e-06, 0.0001364438357995823, 0.00010686454334063455, 7.305701001314446e-05], [-1.1934180292882957e-06, -5.547927230509231e-06, 3.521842927511898e-06, 0.00010686454334063455, 0.00012065005284966901, 8.550063648726791e-05], [6.045355007699982e-07, -1.7754024383975775e-06, 6.3767238316359e-06, 7.305701001314446e-05, 8.550063648726791e-05, 6.56603806419298e-05]]</COVARIANCE_MATRIX>
		<ROI_SIZE>461</ROI_SIZE>
		<MAX_VALUE>[0.12701988220214844, 0.11859901994466782, 0.10927823930978775, 0.10098594427108765, 0.06389563530683517, 0.05650327727198601]</MAX_VALUE>
		<MIN_VALUE>[0.1140671893954277, 0.09198657423257828, 0.07337712496519089, 0.044289812445640564, 0.010638554580509663, 0.006395984906703234]</MIN_VALUE>
		<SIGNATURE_THRESHOLD_MD>0.0</SIGNATURE_THRESHOLD_MD>
		<SIGNATURE_THRESHOLD_ML>0.0</SIGNATURE_THRESHOLD_ML>
		<SIGNATURE_THRESHOLD_SAM>0.0</SIGNATURE_THRESHOLD_SAM>
	</signature>
	<signature ID="20200805_101421068627_697">
		<MACROCLASSID>1</MACROCLASSID>
		<MACROCLASSINFO>MC 1</MACROCLASSINFO>
		<CLASSID>11</CLASSID>
		<CLASSINFO>C 1</CLASSINFO>
		<VALUES>[0.11950245166158344, 0.0029168883194934546, 0.10491789624720185, 0.0058188849261966765, 0.06770912642506037, 0.004908474451011365, 0.05450133773517774, 0.012789576257399108, 0.020414932002476245, 0.009927684932092753, 0.011381945349731956, 0.005920093722743707]</VALUES>
		<LCS_MIN>[0.1042642891407013, 0.07382708042860031, 0.04985015466809273, 0.03757242485880852, 0.008774390444159508, 0.005206781905144453]</LCS_MIN>
		<LCS_MAX>[0.12361297011375427, 0.11570636183023453, 0.10117878764867783, 0.09494350850582123, 0.06270641833543777, 0.03622251749038696]</LCS_MAX>
		<WAVELENGTH>[0.48, 0.56, 0.655, 0.865, 1.61, 2.2]</WAVELENGTH>
		<MEAN_VALUE>[0.11950245166158344, 0.10491789624720185, 0.06770912642506037, 0.05450133773517774, 0.020414932002476245, 0.011381945349731956]</MEAN_VALUE>
		<CHECKBOX>2</CHECKBOX>
		<SD>[0.0029168883194934546, 0.0058188849261966765, 0.004908474451011365, 0.012789576257399108, 0.009927684932092753, 0.005920093722743707]</SD>
		<WAVELENGTH_UNIT>E-6m</WAVELENGTH_UNIT>
		<COLOR>#cae9a9</COLOR>
		<COVARIANCE_MATRIX>[[6.836693046352593e-06, 1.3276786376081873e-05, 8.627879651612602e-06, -9.8227865237277e-06, -5.248862635198748e-06, -1.7728552847984247e-06], [1.3276786376081873e-05, 2.6580735720926896e-05, 1.8071496015181765e-05, -1.7365067833452486e-05, -8.870793863025028e-06, -2.664674866537098e-06], [8.627879651612602e-06, 1.8071496015181765e-05, 2.125460741808638e-05, 1.681886351434514e-05, 1.6763082385296002e-05, 1.2465195140975993e-05], [-9.8227865237277e-06, -1.7365067833452486e-05, 1.681886351434514e-05, 0.00017178872076328844, 0.00012431974755600095, 7.003806240390986e-05], [-5.248862635198748e-06, -8.870793863025028e-06, 1.6763082385296002e-05, 0.00012431974755600095, 0.00010556137567618862, 6.168018444441259e-05], [-1.7728552847984247e-06, -2.664674866537098e-06, 1.2465195140975993e-05, 7.003806240390986e-05, 6.168018444441259e-05, 3.9268823456950486e-05]]</COVARIANCE_MATRIX>
		<ROI_SIZE>424</ROI_SIZE>
		<MAX_VALUE>[0.12361297011375427, 0.11570636183023453, 0.10117878764867783, 0.09494350850582123, 0.06270641833543777, 0.03622251749038696]</MAX_VALUE>
		<MIN_VALUE>[0.1042642891407013, 0.07382708042860031, 0.04985015466809273, 0.03757242485880852, 0.008774390444159508, 0.005206781905144453]</MIN_VALUE>
		<SIGNATURE_THRESHOLD_MD>0.0</SIGNATURE_THRESHOLD_MD>
		<SIGNATURE_THRESHOLD_ML>0.0</SIGNATURE_THRESHOLD_ML>
		<SIGNATURE_THRESHOLD_SAM>0.0</SIGNATURE_THRESHOLD_SAM>
	</signature>
	<signature ID="20200805_101431625561_804">
		<MACROCLASSID>1</MACROCLASSID>
		<MACROCLASSINFO>MC 1</MACROCLASSINFO>
		<CLASSID>12</CLASSID>
		<CLASSINFO>C 1</CLASSINFO>
		<VALUES>[0.11875507604308291, 0.0020458942522695693, 0.11073051643383573, 0.003747490453417372, 0.11849006063021884, 0.007432906449141059, 0.08279769662280441, 0.011040273738807999, 0.02367524341895606, 0.012627003247902766, 0.015151178328905038, 0.009578759942853196]</VALUES>
		<LCS_MIN>[0.11085314303636551, 0.08472276479005814, 0.07244504988193512, 0.05695323646068573, 0.006492406129837036, 0.0036961666774004698]</LCS_MIN>
		<LCS_MAX>[0.12734127044677734, 0.12100958824157715, 0.13110174238681793, 0.12303444743156433, 0.0646670013666153, 0.05753178521990776]</LCS_MAX>
		<WAVELENGTH>[0.48, 0.56, 0.655, 0.865, 1.61, 2.2]</WAVELENGTH>
		<MEAN_VALUE>[0.11875507604308291, 0.11073051643383573, 0.11849006063021884, 0.08279769662280441, 0.02367524341895606, 0.015151178328905038]</MEAN_VALUE>
		<CHECKBOX>2</CHECKBOX>
		<SD>[0.0020458942522695693, 0.003747490453417372, 0.007432906449141059, 0.011040273738807999, 0.012627003247902766, 0.009578759942853196]</SD>
		<WAVELENGTH_UNIT>E-6m</WAVELENGTH_UNIT>
		<COLOR>#05e7a4</COLOR>
		<COVARIANCE_MATRIX>[[4.3354625631764065e-06, 6.976847998885205e-06, 7.6292963058222085e-06, 1.894146862468915e-06, 8.09410721558379e-06, 8.275575964944437e-06], [6.976847998885205e-06, 1.6595038687228225e-05, 2.6650603103917092e-05, -6.8051258494961075e-06, -3.636835344877909e-06, 2.5730196284712292e-06], [7.6292963058222085e-06, 2.6650603103917092e-05, 5.9070971474284306e-05, -1.3065436178294476e-05, -2.852381658158265e-05, -1.1742940841941163e-05], [1.894146862468915e-06, -6.8051258494961075e-06, -1.3065436178294476e-05, 0.00011994045780738816, 0.00010739938443293795, 7.612051558680832e-05], [8.09410721558379e-06, -3.636835344877909e-06, -2.852381658158265e-05, 0.00010739938443293795, 0.00015036611875984818, 0.00010986076085828245], [8.275575964944437e-06, 2.5730196284712292e-06, -1.1742940841941163e-05, 7.612051558680832e-05, 0.00010986076085828245, 8.549326594220474e-05]]</COVARIANCE_MATRIX>
		<ROI_SIZE>1023</ROI_SIZE>
		<MAX_VALUE>[0.12734127044677734, 0.12100958824157715, 0.13110174238681793, 0.12303444743156433, 0.0646670013666153, 0.05753178521990776]</MAX_VALUE>
		<MIN_VALUE>[0.11085314303636551, 0.08472276479005814, 0.07244504988193512, 0.05695323646068573, 0.006492406129837036, 0.0036961666774004698]</MIN_VALUE>
		<SIGNATURE_THRESHOLD_MD>0.0</SIGNATURE_THRESHOLD_MD>
		<SIGNATURE_THRESHOLD_ML>0.0</SIGNATURE_THRESHOLD_ML>
		<SIGNATURE_THRESHOLD_SAM>0.0</SIGNATURE_THRESHOLD_SAM>
	</signature>
	<signature ID="20200805_101459235694_259">
		<MACROCLASSID>1</MACROCLASSID>
		<MACROCLASSINFO>MC 1</MACROCLASSINFO>
		<CLASSID>13</CLASSID>
		<CLASSINFO>C 1</CLASSINFO>
		<VALUES>[0.10449214013728701, 0.002637263233738381, 0.09989735466355547, 0.007060930821984073, 0.07297303688391106, 0.010574722478392987, 0.0331394155754075, 0.015125668550798731, 0.013536576635281263, 0.012378372137409518, 0.008533364263643031, 0.008242590582824895]</VALUES>
		<LCS_MIN>[0.09375429153442383, 0.07491986453533173, 0.053128499537706375, 0.020634297281503677, 0.0006428121123462915, 0.0028605121187865734]</LCS_MIN>
		<LCS_MAX>[0.12145954370498657, 0.1230023130774498, 0.1097603589296341, 0.09950747340917587, 0.07315214723348618, 0.05913880094885826]</LCS_MAX>
		<WAVELENGTH>[0.48, 0.56, 0.655, 0.865, 1.61, 2.2]</WAVELENGTH>
		<MEAN_VALUE>[0.10449214013728701, 0.09989735466355547, 0.07297303688391106, 0.0331394155754075, 0.013536576635281263, 0.008533364263643031]</MEAN_VALUE>
		<CHECKBOX>2</CHECKBOX>
		<SD>[0.002637263233738381, 0.007060930821984073, 0.010574722478392987, 0.015125668550798731, 0.012378372137409518, 0.008242590582824895]</SD>
		<WAVELENGTH_UNIT>E-6m</WAVELENGTH_UNIT>
		<COLOR>#a1f3d3</COLOR>
		<COVARIANCE_MATRIX>[[6.960690370760858e-06, 1.713492201815825e-05, 2.337349724257365e-05, 1.4560947647623834e-06, 1.9377480384719092e-06, 3.108625833192491e-06], [1.713492201815825e-05, 4.989640729036182e-05, 6.937158468645066e-05, 3.769942395592807e-06, -1.0053630603579222e-06, 2.268307525810087e-06], [2.337349724257365e-05, 6.937158468645066e-05, 0.00011191371595486999, 5.2930048695998266e-05, 3.423239104449749e-05, 2.5591514713596553e-05], [1.4560947647623834e-06, 3.769942395592807e-06, 5.2930048695998266e-05, 0.00022896785230841488, 0.00016947522817645222, 0.00010677459795260802], [1.9377480384719092e-06, -1.0053630603579222e-06, 3.423239104449749e-05, 0.00016947522817645222, 0.000153345987200737, 9.98203395283781e-05], [3.108625833192491e-06, 2.268307525810087e-06, 2.5591514713596553e-05, 0.00010677459795260802, 9.98203395283781e-05, 6.799434777349234e-05]]</COVARIANCE_MATRIX>
		<ROI_SIZE>1258</ROI_SIZE>
		<MAX_VALUE>[0.12145954370498657, 0.1230023130774498, 0.1097603589296341, 0.09950747340917587, 0.07315214723348618, 0.05913880094885826]</MAX_VALUE>
		<MIN_VALUE>[0.09375429153442383, 0.07491986453533173, 0.053128499537706375, 0.020634297281503677, 0.0006428121123462915, 0.0028605121187865734]</MIN_VALUE>
		<SIGNATURE_THRESHOLD_MD>0.0</SIGNATURE_THRESHOLD_MD>
		<SIGNATURE_THRESHOLD_ML>0.0</SIGNATURE_THRESHOLD_ML>
		<SIGNATURE_THRESHOLD_SAM>0.0</SIGNATURE_THRESHOLD_SAM>
	</signature>
	<signature ID="20200805_101522261660_965">
		<MACROCLASSID>1</MACROCLASSID>
		<MACROCLASSINFO>MC 1</MACROCLASSINFO>
		<CLASSID>14</CLASSID>
		<CLASSINFO>C 1</CLASSINFO>
		<VALUES>[0.09492651500808219, 0.001849854765368056, 0.06503991971729302, 0.002316708236028607, 0.043800805172769124, 0.002821685872586038, 0.029002639660070467, 0.007339372701019577, 0.01097657651717925, 0.005033190910349183, 0.006737374724868785, 0.003481488254879549]</VALUES>
		<LCS_MIN>[0.09037953615188599, 0.06052085757255554, 0.03969370573759079, 0.018448732793331146, 0.0065888273529708385, 0.0026676696725189686]</LCS_MIN>
		<LCS_MAX>[0.10230370610952377, 0.0763983502984047, 0.06505268812179565, 0.07411635667085648, 0.057467490434646606, 0.03908304125070572]</LCS_MAX>
		<WAVELENGTH>[0.48, 0.56, 0.655, 0.865, 1.61, 2.2]</WAVELENGTH>
		<MEAN_VALUE>[0.09492651500808219, 0.06503991971729302, 0.043800805172769124, 0.029002639660070467, 0.01097657651717925, 0.006737374724868785]</MEAN_VALUE>
		<CHECKBOX>2</CHECKBOX>
		<SD>[0.001849854765368056, 0.002316708236028607, 0.002821685872586038, 0.007339372701019577, 0.005033190910349183, 0.003481488254879549]</SD>
		<WAVELENGTH_UNIT>E-6m</WAVELENGTH_UNIT>
		<COLOR>#afa449</COLOR>
		<COVARIANCE_MATRIX>[[2.573098981883959e-06, 2.8332669899100438e-06, 2.89789159069187e-06, 3.713700834850897e-06, 2.491635768819833e-06, 1.862619001258281e-06], [2.8332669899100438e-06, 4.144904323766241e-06, 4.890163836535066e-06, 8.934355719247833e-06, 6.1087453104846645e-06, 4.494434506341349e-06], [2.89789159069187e-06, 4.890163836535066e-06, 6.945271252334351e-06, 1.4452304640144575e-05, 1.059780697687529e-05, 7.708975317655131e-06], [3.713700834850897e-06, 8.934355719247833e-06, 1.4452304640144575e-05, 4.162360346526839e-05, 2.830740595527459e-05, 1.974678161786869e-05], [2.491635768819833e-06, 6.1087453104846645e-06, 1.059780697687529e-05, 2.830740595527459e-05, 2.5197674403898418e-05, 1.7893487893161364e-05], [1.862619001258281e-06, 4.494434506341349e-06, 7.708975317655131e-06, 1.974678161786869e-05, 1.7893487893161364e-05, 1.321297895628959e-05]]</COVARIANCE_MATRIX>
		<ROI_SIZE>4085</ROI_SIZE>
		<MAX_VALUE>[0.10230370610952377, 0.0763983502984047, 0.06505268812179565, 0.07411635667085648, 0.057467490434646606, 0.03908304125070572]</MAX_VALUE>
		<MIN_VALUE>[0.09037953615188599, 0.06052085757255554, 0.03969370573759079, 0.018448732793331146, 0.0065888273529708385, 0.0026676696725189686]</MIN_VALUE>
		<SIGNATURE_THRESHOLD_MD>0.0</SIGNATURE_THRESHOLD_MD>
		<SIGNATURE_THRESHOLD_ML>0.0</SIGNATURE_THRESHOLD_ML>
		<SIGNATURE_THRESHOLD_SAM>0.0</SIGNATURE_THRESHOLD_SAM>
	</signature>
	<signature ID="20200805_101528577851_898">
		<MACROCLASSID>1</MACROCLASSID>
		<MACROCLASSINFO>MC 1</MACROCLASSINFO>
		<CLASSID>15</CLASSID>
		<CLASSINFO>C 1</CLASSINFO>
		<VALUES>[0.10904666966941938, 0.0013161343172867187, 0.1083944337554725, 0.005155683848439687, 0.09287488370774735, 0.00510775705069402, 0.044417223724794654, 0.01327206642100126, 0.023668943582678653, 0.015435255055938882, 0.015210528697175197, 0.01037904814093349]</VALUES>
		<LCS_MIN>[0.10275368392467499, 0.07945169508457184, 0.06428132206201553, 0.030790744349360466, 0.009674330241978168, 0.006299563683569431]</LCS_MIN>
		<LCS_MAX>[0.11184948682785034, 0.11538497358560562, 0.1078319102525711, 0.09150445461273193, 0.07626978307962418, 0.052164286375045776]</LCS_MAX>
		<WAVELENGTH>[0.48, 0.56, 0.655, 0.865, 1.61, 2.2]</WAVELENGTH>
		<MEAN_VALUE>[0.10904666966941938, 0.1083944337554725, 0.09287488370774735, 0.044417223724794654, 0.023668943582678653, 0.015210528697175197]</MEAN_VALUE>
		<CHECKBOX>2</CHECKBOX>
		<SD>[0.0013161343172867187, 0.005155683848439687, 0.00510775705069402, 0.01327206642100126, 0.015435255055938882, 0.01037904814093349]</SD>
		<WAVELENGTH_UNIT>E-6m</WAVELENGTH_UNIT>
		<COLOR>#3f9f87</COLOR>
		<COVARIANCE_MATRIX>[[1.7391942037647823e-06, 3.9859146454546135e-06, 4.6651325646962505e-06, -3.0698768114234554e-06, -5.538222012546612e-06, -3.897029728250345e-06], [3.9859146454546135e-06, 2.6688258003559895e-05, 2.0537772797979414e-05, -5.189374860492535e-05, -5.802865416626446e-05, -3.884241232299246e-05], [4.6651325646962505e-06, 2.0537772797979414e-05, 2.6194380552624352e-05, -2.3043900000629947e-05, -2.8661819669650868e-05, -1.9329218048369512e-05], [-3.0698768114234554e-06, -5.189374860492535e-05, -2.3043900000629947e-05, 0.00017685802595224231, 0.00019028046517632902, 0.00012534967390820384], [-5.538222012546612e-06, -5.802865416626446e-05, -2.8661819669650868e-05, 0.00019028046517632902, 0.00023920777312014252, 0.00015992208500392735], [-3.897029728250345e-06, -3.884241232299246e-05, -1.9329218048369512e-05, 0.00012534967390820384, 0.00015992208500392735, 0.00010815901623573154]]</COVARIANCE_MATRIX>
		<ROI_SIZE>249</ROI_SIZE>
		<MAX_VALUE>[0.11184948682785034, 0.11538497358560562, 0.1078319102525711, 0.09150445461273193, 0.07626978307962418, 0.052164286375045776]</MAX_VALUE>
		<MIN_VALUE>[0.10275368392467499, 0.07945169508457184, 0.06428132206201553, 0.030790744349360466, 0.009674330241978168, 0.006299563683569431]</MIN_VALUE>
		<SIGNATURE_THRESHOLD_MD>0.0</SIGNATURE_THRESHOLD_MD>
		<SIGNATURE_THRESHOLD_ML>0.0</SIGNATURE_THRESHOLD_ML>
		<SIGNATURE_THRESHOLD_SAM>0.0</SIGNATURE_THRESHOLD_SAM>
	</signature>
	<signature ID="20200805_101535835716_579">
		<MACROCLASSID>1</MACROCLASSID>
		<MACROCLASSINFO>MC 1</MACROCLASSINFO>
		<CLASSID>16</CLASSID>
		<CLASSINFO>C 1</CLASSINFO>
		<VALUES>[0.08954436597356545, 0.0024846956539738537, 0.06361173230624394, 0.004537718265515103, 0.04333982232471778, 0.006634724323845037, 0.03018793277002378, 0.010258302994225633, 0.013032451984392832, 0.008279749293443816, 0.00804417637927426, 0.005593489862982811]</VALUES>
		<LCS_MIN>[0.0843692347407341, 0.05434985086321831, 0.03628680109977722, 0.019477229565382004, 0.0016713091172277927, 0.0009963485645130277]</LCS_MIN>
		<LCS_MAX>[0.10249654948711395, 0.08796896785497665, 0.07382708042860031, 0.07054873555898666, 0.05672825500369072, 0.041943565011024475]</LCS_MAX>
		<WAVELENGTH>[0.48, 0.56, 0.655, 0.865, 1.61, 2.2]</WAVELENGTH>
		<MEAN_VALUE>[0.08954436597356545, 0.06361173230624394, 0.04333982232471778, 0.03018793277002378, 0.013032451984392832, 0.00804417637927426]</MEAN_VALUE>
		<CHECKBOX>2</CHECKBOX>
		<SD>[0.0024846956539738537, 0.004537718265515103, 0.006634724323845037, 0.010258302994225633, 0.008279749293443816, 0.005593489862982811]</SD>
		<WAVELENGTH_UNIT>E-6m</WAVELENGTH_UNIT>
		<COLOR>#25c246</COLOR>
		<COVARIANCE_MATRIX>[[6.177361228765221e-06, 1.04451974038966e-05, 1.4926511539670173e-05, 1.4676448699901812e-05, 1.143673034675885e-05, 8.196779162972234e-06], [1.04451974038966e-05, 2.0603056327672675e-05, 2.779203532554675e-05, 2.5571202058927156e-05, 2.1584442947641946e-05, 1.5707169950474054e-05], [1.4926511539670173e-05, 2.779203532554675e-05, 4.404558421811089e-05, 5.034786954638548e-05, 4.0232218452729285e-05, 2.8492109777289443e-05], [1.4676448699901812e-05, 2.5571202058927156e-05, 5.034786954638548e-05, 0.0001052949737641029, 7.665604061912745e-05, 5.002918260288425e-05], [1.143673034675885e-05, 2.1584442947641946e-05, 4.0232218452729285e-05, 7.665604061912745e-05, 6.859476707177237e-05, 4.564588380162604e-05], [8.196779162972234e-06, 1.5707169950474054e-05, 2.8492109777289443e-05, 5.002918260288425e-05, 4.564588380162604e-05, 3.130561890429817e-05]]</COVARIANCE_MATRIX>
		<ROI_SIZE>1693</ROI_SIZE>
		<MAX_VALUE>[0.10249654948711395, 0.08796896785497665, 0.07382708042860031, 0.07054873555898666, 0.05672825500369072, 0.041943565011024475]</MAX_VALUE>
		<MIN_VALUE>[0.0843692347407341, 0.05434985086321831, 0.03628680109977722, 0.019477229565382004, 0.0016713091172277927, 0.0009963485645130277]</MIN_VALUE>
		<SIGNATURE_THRESHOLD_MD>0.0</SIGNATURE_THRESHOLD_MD>
		<SIGNATURE_THRESHOLD_ML>0.0</SIGNATURE_THRESHOLD_ML>
		<SIGNATURE_THRESHOLD_SAM>0.0</SIGNATURE_THRESHOLD_SAM>
	</signature>
	<signature ID="20200805_101557655855_643">
		<MACROCLASSID>1</MACROCLASSID>
		<MACROCLASSINFO>MC 1</MACROCLASSINFO>
		<CLASSID>17</CLASSID>
