<?xml version="1.0" ?>
<signaturelist MCID_LIST="[['1', 'waterbody', '#000000'], ['2', 'vegetation', '#000000'], ['3', 'bareland', '#000000'], ['4', 'built-up', '#000000']]">
	<signature ID="20210205_173807033583_400">
		<MACROCLASSID>1</MACROCLASSID>
		<MACROCLASSINFO>waterbody</MACROCLASSINFO>
		<CLASSID>1</CLASSID>
		<CLASSINFO>C 1</CLASSINFO>
		<VALUES>[0.1568380906281021, 0.001441299284505858, 0.12327327890028542, 0.0014745576424770946, 0.09759750072829584, 0.001750313902989187, 0.08873710729016542, 0.008907107937761873, 0.027129210336989416, 0.010476840300991767, 0.013171944462491628, 0.0072036222159910365]</VALUES>
		<LCS_MIN>[0.15326078236103058, 0.12019696831703186, 0.09506750106811523, 0.07664245367050171, 0.016761010512709618, 0.002604586770758033]</LCS_MIN>
		<LCS_MAX>[0.15977224707603455, 0.13039827346801758, 0.10934451222419739, 0.13657210767269135, 0.07336258143186569, 0.04992128536105156]</LCS_MAX>
		<WAVELENGTH>[0.48, 0.56, 0.655, 0.865, 1.61, 2.2]</WAVELENGTH>
		<MEAN_VALUE>[0.1568380906281021, 0.12327327890028542, 0.09759750072829584, 0.08873710729016542, 0.027129210336989416, 0.013171944462491628]</MEAN_VALUE>
		<CHECKBOX>2</CHECKBOX>
		<SD>[0.001441299284505858, 0.0014745576424770946, 0.001750313902989187, 0.008907107937761873, 0.010476840300991767, 0.0072036222159910365]</SD>
		<WAVELENGTH_UNIT>E-6m</WAVELENGTH_UNIT>
		<COLOR>#eec82d</COLOR>
		<COVARIANCE_MATRIX>[[1.9800365862465696e-06, 1.0729681889642961e-06, 4.2905631403300504e-07, -5.399069777922705e-06, -2.8887702683277894e-06, -1.7477485698691453e-06], [1.0729681889642961e-06, 1.7184030411954154e-06, 1.703727662061283e-06, 2.4844746349117486e-06, 3.9697733882348984e-06, 3.09138363263628e-06], [4.2905631403300504e-07, 1.703727662061283e-06, 2.7356252303434303e-06, 9.6871517598629e-06, 1.1828557944681961e-05, 8.643947694508824e-06], [-5.399069777922705e-06, 2.4844746349117486e-06, 9.6871517598629e-06, 8.404311665799469e-05, 8.159260323736817e-05, 5.395941116148606e-05], [-2.8887702683277894e-06, 3.9697733882348984e-06, 1.1828557944681961e-05, 8.159260323736817e-05, 0.00010356500570196658, 7.02066536177881e-05], [-1.7477485698691453e-06, 3.09138363263628e-06, 8.643947694508824e-06, 5.395941116148606e-05, 7.02066536177881e-05, 4.9138696340378374e-05]]</COVARIANCE_MATRIX>
		<ROI_SIZE>3479</ROI_SIZE>
		<MAX_VALUE>[0.15977224707603455, 0.13039827346801758, 0.10934451222419739, 0.13657210767269135, 0.07336258143186569, 0.04992128536105156]</MAX_VALUE>
		<MIN_VALUE>[0.15326078236103058, 0.12019696831703186, 0.09506750106811523, 0.07664245367050171, 0.016761010512709618, 0.002604586770758033]</MIN_VALUE>
		<SIGNATURE_THRESHOLD_MD>0.0</SIGNATURE_THRESHOLD_MD>
		<SIGNATURE_THRESHOLD_ML>0.0</SIGNATURE_THRESHOLD_ML>
		<SIGNATURE_THRESHOLD_SAM>0.0</SIGNATURE_THRESHOLD_SAM>
	</signature>
	<signature ID="20210205_173814328322_470">
		<MACROCLASSID>1</MACROCLASSID>
		<MACROCLASSINFO>waterbody</MACROCLASSINFO>
		<CLASSID>2</CLASSID>
		<CLASSINFO>C 1</CLASSINFO>
		<VALUES>[0.14352022324894995, 0.0009731817263303049, 0.11436073027002903, 0.0019272837861231162, 0.0891120391588299, 0.002422514283322637, 0.07056617611801323, 0.0044702651079076925, 0.02162128193929678, 0.008626053147203145, 0.010921816511918633, 0.006632133344466534]</VALUES>
		<LCS_MIN>[0.1403825283050537, 0.10893452912569046, 0.0849144235253334, 0.06644114851951599, 0.015772227197885513, 0.007017919793725014]</LCS_MIN>
		<LCS_MAX>[0.14604993164539337, 0.12164395302534103, 0.10473824292421341, 0.10227835923433304, 0.06882867217063904, 0.05165768414735794]</LCS_MAX>
		<WAVELENGTH>[0.48, 0.56, 0.655, 0.865, 1.61, 2.2]</WAVELENGTH>
		<MEAN_VALUE>[0.14352022324894995, 0.11436073027002903, 0.0891120391588299, 0.07056617611801323, 0.02162128193929678, 0.010921816511918633]</MEAN_VALUE>
		<CHECKBOX>2</CHECKBOX>
		<SD>[0.0009731817263303049, 0.0019272837861231162, 0.002422514283322637, 0.0044702651079076925, 0.008626053147203145, 0.006632133344466534]</SD>
		<WAVELENGTH_UNIT>E-6m</WAVELENGTH_UNIT>
		<COLOR>#fdef03</COLOR>
		<COVARIANCE_MATRIX>[[9.474194939684821e-07, 1.5893529052846134e-06, 1.3861346133126062e-06, -6.46784258151456e-07, -6.124504920990148e-07, -5.066737571723934e-07], [1.5893529052846134e-06, 3.7157437873247545e-06, 3.889525942213368e-06, 7.52151549932023e-07, 2.761360747172148e-06, 2.064094360321178e-06], [1.3861346133126062e-06, 3.889525942213368e-06, 5.870662334928056e-06, 5.925901405134937e-06, 1.2383826287987176e-05, 9.444837814953644e-06], [-6.46784258151456e-07, 7.52151549932023e-07, 5.925901405134937e-06, 1.9990377040812746e-05, 3.526375803630799e-05, 2.6629337298800237e-05], [-6.124504920990148e-07, 2.761360747172148e-06, 1.2383826287987176e-05, 3.526375803630799e-05, 7.443525100825354e-05, 5.654785127262585e-05], [-5.066737571723934e-07, 2.064094360321178e-06, 9.444837814953644e-06, 2.6629337298800237e-05, 5.654785127262585e-05, 4.4000833440804854e-05]]</COVARIANCE_MATRIX>
		<ROI_SIZE>2813</ROI_SIZE>
		<MAX_VALUE>[0.14604993164539337, 0.12164395302534103, 0.10473824292421341, 0.10227835923433304, 0.06882867217063904, 0.05165768414735794]</MAX_VALUE>
		<MIN_VALUE>[0.1403825283050537, 0.10893452912569046, 0.0849144235253334, 0.06644114851951599, 0.015772227197885513, 0.007017919793725014]</MIN_VALUE>
		<SIGNATURE_THRESHOLD_MD>0.0</SIGNATURE_THRESHOLD_MD>
		<SIGNATURE_THRESHOLD_ML>0.0</SIGNATURE_THRESHOLD_ML>
		<SIGNATURE_THRESHOLD_SAM>0.0</SIGNATURE_THRESHOLD_SAM>
	</signature>
	<signature ID="20210205_173820951281_518">
		<MACROCLASSID>1</MACROCLASSID>
		<MACROCLASSINFO>waterbody</MACROCLASSINFO>
		<CLASSID>3</CLASSID>
		<CLASSINFO>C 1</CLASSINFO>
		<VALUES>[0.1404816048291979, 0.0007521032601934167, 0.11382086281769135, 0.0018786804916733455, 0.09165916418153996, 0.0033633894277455877, 0.07857827938976622, 0.005865454998500428, 0.02629121739283095, 0.01118166517145261, 0.014160190795356409, 0.008241620996988726]</VALUES>
		<LCS_MIN>[0.13770559430122375, 0.10837984830141068, 0.08706080168485641, 0.07288026064634323, 0.014735217206180096, 0.0075484770350158215]</LCS_MIN>
		<LCS_MAX>[0.14501291513442993, 0.1276007443666458, 0.11850880086421967, 0.11122560501098633, 0.06856339424848557, 0.04724434018135071]</LCS_MAX>
		<WAVELENGTH>[0.48, 0.56, 0.655, 0.865, 1.61, 2.2]</WAVELENGTH>
		<MEAN_VALUE>[0.1404816048291979, 0.11382086281769135, 0.09165916418153996, 0.07857827938976622, 0.02629121739283095, 0.014160190795356409]</MEAN_VALUE>
		<CHECKBOX>2</CHECKBOX>
		<SD>[0.0007521032601934167, 0.0018786804916733455, 0.0033633894277455877, 0.005865454998500428, 0.01118166517145261, 0.008241620996988726]</SD>
		<WAVELENGTH_UNIT>E-6m</WAVELENGTH_UNIT>
		<COLOR>#04746a</COLOR>
		<COVARIANCE_MATRIX>[[5.660440933752398e-07, 1.0676398005671217e-06, 1.484325139244902e-06, 1.0803232726175338e-06, 1.143296458394616e-06, 8.003631251085608e-07], [1.0676398005671217e-06, 3.5318414575158386e-06, 5.735827471653465e-06, 5.004268587072147e-06, 6.762646080460399e-06, 4.89216108690016e-06], [1.484325139244902e-06, 5.735827471653465e-06, 1.1320084013277665e-05, 1.4061207366466988e-05, 2.247649354103487e-05, 1.6237458112300374e-05], [1.0803232726175338e-06, 5.004268587072147e-06, 1.4061207366466988e-05, 3.442696470301598e-05, 6.148939428385347e-05, 4.4446966057876125e-05], [1.143296458394616e-06, 6.762646080460399e-06, 2.247649354103487e-05, 6.148939428385347e-05, 0.00012511468958109617, 9.145673539023846e-05], [8.003631251085608e-07, 4.89216108690016e-06, 1.6237458112300374e-05, 4.4446966057876125e-05, 9.145673539023846e-05, 6.79705262882635e-05]]</COVARIANCE_MATRIX>
		<ROI_SIZE>1471</ROI_SIZE>
		<MAX_VALUE>[0.14501291513442993, 0.1276007443666458, 0.11850880086421967, 0.11122560501098633, 0.06856339424848557, 0.04724434018135071]</MAX_VALUE>
		<MIN_VALUE>[0.13770559430122375, 0.10837984830141068, 0.08706080168485641, 0.07288026064634323, 0.014735217206180096, 0.0075484770350158215]</MIN_VALUE>
		<SIGNATURE_THRESHOLD_MD>0.0</SIGNATURE_THRESHOLD_MD>
		<SIGNATURE_THRESHOLD_ML>0.0</SIGNATURE_THRESHOLD_ML>
		<SIGNATURE_THRESHOLD_SAM>0.0</SIGNATURE_THRESHOLD_SAM>
	</signature>
	<signature ID="20210205_173840424267_217">
		<MACROCLASSID>1</MACROCLASSID>
		<MACROCLASSINFO>waterbody</MACROCLASSINFO>
		<CLASSID>4</CLASSID>
		<CLASSINFO>C 1</CLASSINFO>
		<VALUES>[0.15417181528180515, 0.0014668524013141076, 0.12329808588369334, 0.001890707011951667, 0.09879955017274598, 0.002306587672000578, 0.09106162237217365, 0.009390182687187635, 0.03040705285082138, 0.01012439940026637, 0.01541245717321384, 0.006455722201911959]</VALUES>
		<LCS_MIN>[0.14766573905944824, 0.11703769117593765, 0.09472986310720444, 0.08310568332672119, 0.021560203284025192, 0.007500249892473221]</LCS_MIN>
		<LCS_MAX>[0.15796349942684174, 0.12974712252616882, 0.1119973286986351, 0.13510100543498993, 0.0770283043384552, 0.05513045936822891]</LCS_MAX>
		<WAVELENGTH>[0.48, 0.56, 0.655, 0.865, 1.61, 2.2]</WAVELENGTH>
		<MEAN_VALUE>[0.15417181528180515, 0.12329808588369334, 0.09879955017274598, 0.09106162237217365, 0.03040705285082138, 0.01541245717321384]</MEAN_VALUE>
		<CHECKBOX>2</CHECKBOX>
		<SD>[0.0014668524013141076, 0.001890707011951667, 0.002306587672000578, 0.009390182687187635, 0.01012439940026637, 0.006455722201911959]</SD>
		<WAVELENGTH_UNIT>E-6m</WAVELENGTH_UNIT>
		<COLOR>#652088</COLOR>
		<COVARIANCE_MATRIX>[[2.153434706997359e-06, 2.0163854514976265e-06, 2.027503796853125e-06, -1.477848172726226e-06, 2.5377636347911903e-07, 1.1992468671451206e-06], [2.0163854514976265e-06, 2.8520219075289788e-06, 3.1735926313558593e-06, 2.14333181247639e-06, 3.6006283608003287e-06, 3.3814219477790175e-06], [2.027503796853125e-06, 3.1735926313558593e-06, 4.093536517757457e-06, 6.5745316533138976e-06, 8.94422919373028e-06, 7.047884992061881e-06], [-1.477848172726226e-06, 2.14333181247639e-06, 6.5745316533138976e-06, 6.586225208593532e-05, 6.508421211037785e-05, 3.9172391552710906e-05], [2.5377636347911903e-07, 3.6006283608003287e-06, 8.94422919373028e-06, 6.508421211037785e-05, 7.808296504663303e-05, 5.008564767194912e-05], [1.1992468671451206e-06, 3.3814219477790175e-06, 7.047884992061881e-06, 3.9172391552710906e-05, 5.008564767194912e-05, 3.393708175281063e-05]]</COVARIANCE_MATRIX>
		<ROI_SIZE>3163</ROI_SIZE>
		<MAX_VALUE>[0.15796349942684174, 0.12974712252616882, 0.1119973286986351, 0.13510100543498993, 0.0770283043384552, 0.05513045936822891]</MAX_VALUE>
		<MIN_VALUE>[0.14766573905944824, 0.11703769117593765, 0.09472986310720444, 0.08310568332672119, 0.021560203284025192, 0.007500249892473221]</MIN_VALUE>
		<SIGNATURE_THRESHOLD_MD>0.0</SIGNATURE_THRESHOLD_MD>
		<SIGNATURE_THRESHOLD_ML>0.0</SIGNATURE_THRESHOLD_ML>
		<SIGNATURE_THRESHOLD_SAM>0.0</SIGNATURE_THRESHOLD_SAM>
	</signature>
	<signature ID="20210205_173856347974_460">
		<MACROCLASSID>1</MACROCLASSID>
		<MACROCLASSINFO>waterbody</MACROCLASSINFO>
		<CLASSID>5</CLASSID>
		<CLASSINFO>C 1</CLASSINFO>
		<VALUES>[0.16389139834791425, 0.0017752600672803916, 0.14079213645309205, 0.0021793770625060157, 0.12110265523660932, 0.002925521256085554, 0.1264332831837237, 0.008920101618000378, 0.0489625800983049, 0.012283480929203746, 0.02538543261907764, 0.009170543353168664]</VALUES>
		<LCS_MIN>[0.15967579185962677, 0.1342328041791916, 0.11286552995443344, 0.11344432830810547, 0.032967351377010345, 0.013095291331410408]</LCS_MIN>
		<LCS_MAX>[0.1699976921081543, 0.14824452996253967, 0.1338469386100769, 0.16804422438144684, 0.0881219357252121, 0.059809084981679916]</LCS_MAX>
		<WAVELENGTH>[0.48, 0.56, 0.655, 0.865, 1.61, 2.2]</WAVELENGTH>
		<MEAN_VALUE>[0.16389139834791425, 0.14079213645309205, 0.12110265523660932, 0.1264332831837237, 0.0489625800983049, 0.02538543261907764]</MEAN_VALUE>
		<CHECKBOX>2</CHECKBOX>
		<SD>[0.0017752600672803916, 0.0021793770625060157, 0.002925521256085554, 0.008920101618000378, 0.012283480929203746, 0.009170543353168664]</SD>
		<WAVELENGTH_UNIT>E-6m</WAVELENGTH_UNIT>
		<COLOR>#ee5b2f</COLOR>
		<COVARIANCE_MATRIX>[[3.1564802611683263e-06, 3.7023717140982626e-06, 4.160138360020937e-06, 2.608720478747273e-06, 6.387833764165407e-07, 2.409308592632442e-07], [3.7023717140982626e-06, 4.757117494591512e-06, 5.603566933132242e-06, 1.4990765748734702e-06, 1.090483792154373e-08, 1.0052838206320303e-07], [4.160138360020937e-06, 5.603566933132242e-06, 8.572068509238306e-06, 5.591284207184799e-06, 9.79618835117435e-06, 7.974876098160166e-06], [2.608720478747273e-06, 1.4990765748734702e-06, 5.591284207184799e-06, 7.969273428898305e-05, 9.305714775109664e-05, 6.234376633074135e-05], [6.387833764165407e-07, 1.090483792154373e-08, 9.79618835117435e-06, 9.305714775109664e-05, 0.0001511200243839994, 0.00010961304360534996], [2.409308592632442e-07, 1.0052838206320303e-07, 7.974876098160166e-06, 6.234376633074135e-05, 0.00010961304360534996, 8.423047256655991e-05]]</COVARIANCE_MATRIX>
		<ROI_SIZE>640</ROI_SIZE>
		<MAX_VALUE>[0.1699976921081543, 0.14824452996253967, 0.1338469386100769, 0.16804422438144684, 0.0881219357252121, 0.059809084981679916]</MAX_VALUE>
		<MIN_VALUE>[0.15967579185962677, 0.1342328041791916, 0.11286552995443344, 0.11344432830810547, 0.032967351377010345, 0.013095291331410408]</MIN_VALUE>
		<SIGNATURE_THRESHOLD_MD>0.0</SIGNATURE_THRESHOLD_MD>
		<SIGNATURE_THRESHOLD_ML>0.0</SIGNATURE_THRESHOLD_ML>
		<SIGNATURE_THRESHOLD_SAM>0.0</SIGNATURE_THRESHOLD_SAM>
	</signature>
	<signature ID="20210205_173907763233_359">
		<MACROCLASSID>1</MACROCLASSID>
		<MACROCLASSINFO>waterbody</MACROCLASSINFO>
		<CLASSID>6</CLASSID>
		<CLASSINFO>C 1</CLASSINFO>
		<VALUES>[0.13966833217897656, 0.00237899739634172, 0.12267730245297913, 0.004344363298253081, 0.11336891303606549, 0.007183604958588384, 0.14422650560406491, 0.013996188751382947, 0.052070513414425375, 0.01575357672092346, 0.030246445005333134, 0.01042090198373167]</VALUES>
		<LCS_MIN>[0.12875835597515106, 0.10220599919557571, 0.08050109446048737, 0.11428840458393097, 0.019052088260650635, 0.010707751847803593]</LCS_MIN>
		<LCS_MAX>[0.14653225243091583, 0.13611391186714172, 0.14120249450206757, 0.18326181173324585, 0.08756725490093231, 0.06265483796596527]</LCS_MAX>
		<WAVELENGTH>[0.48, 0.56, 0.655, 0.865, 1.61, 2.2]</WAVELENGTH>
		<MEAN_VALUE>[0.13966833217897656, 0.12267730245297913, 0.11336891303606549, 0.14422650560406491, 0.052070513414425375, 0.030246445005333134]</MEAN_VALUE>
		<CHECKBOX>2</CHECKBOX>
		<SD>[0.00237899739634172, 0.004344363298253081, 0.007183604958588384, 0.013996188751382947, 0.01575357672092346, 0.01042090198373167]</SD>
		<WAVELENGTH_UNIT>E-6m</WAVELENGTH_UNIT>
		<COLOR>#0d94bc</COLOR>
		<COVARIANCE_MATRIX>[[5.668000994774047e-06, 8.917917512007989e-06, 1.3756647604168393e-05, 7.932683729450218e-06, -1.0642461347742938e-05, -5.883188350708224e-06], [8.917917512007989e-06, 1.8901411749538966e-05, 3.026675221917685e-05, 2.5980776626965962e-05, -6.680826118099503e-06, -1.4975548765505664e-06], [1.3756647604168393e-05, 3.026675221917685e-05, 5.168051939108409e-05, 5.203913678997196e-05, -3.6191595427226275e-06, 2.1589510197372874e-06], [7.932683729450218e-06, 2.5980776626965962e-05, 5.203913678997196e-05, 0.00019618308579083532, 0.0001426856906618923, 9.144951036432758e-05], [-1.0642461347742938e-05, -6.680826118099503e-06, -3.6191595427226275e-06, 0.0001426856906618923, 0.0002485422883182764, 0.0001581618416821584], [-5.883188350708224e-06, -1.4975548765505664e-06, 2.1589510197372874e-06, 9.144951036432758e-05, 0.0001581618416821584, 0.00010875584121095017]]</COVARIANCE_MATRIX>
		<ROI_SIZE>677</ROI_SIZE>
		<MAX_VALUE>[0.14653225243091583, 0.13611391186714172, 0.14120249450206757, 0.18326181173324585, 0.08756725490093231, 0.06265483796596527]</MAX_VALUE>
		<MIN_VALUE>[0.12875835597515106, 0.10220599919557571, 0.08050109446048737, 0.11428840458393097, 0.019052088260650635, 0.010707751847803593]</MIN_VALUE>
		<SIGNATURE_THRESHOLD_MD>0.0</SIGNATURE_THRESHOLD_MD>
		<SIGNATURE_THRESHOLD_ML>0.0</SIGNATURE_THRESHOLD_ML>
		<SIGNATURE_THRESHOLD_SAM>0.0</SIGNATURE_THRESHOLD_SAM>
	</signature>
	<signature ID="20210205_173927868244_814">
		<MACROCLASSID>1</MACROCLASSID>
		<MACROCLASSINFO>waterbody</MACROCLASSINFO>
		<CLASSID>7</CLASSID>
		<CLASSINFO>C 1</CLASSINFO>
		<VALUES>[0.17332462483458513, 0.0014971272043938276, 0.13927706906442874, 0.0012600716440384283, 0.10870016277169983, 0.001942274204920378, 0.09561657193523829, 0.010479020465189573, 0.037280922569290095, 0.007446990703450212, 0.020466655536032885, 0.004891975319250749]</VALUES>
		<LCS_MIN>[0.16896067559719086, 0.13341285288333893, 0.10370122641324997, 0.08416681736707687, 0.027492884546518326, 0.012805894948542118]</LCS_MIN>
		<LCS_MAX>[0.1792825609445572, 0.14585699141025543, 0.11882232874631882, 0.1360897719860077, 0.08004289120435715, 0.04611086845397949]</LCS_MAX>
		<WAVELENGTH>[0.48, 0.56, 0.655, 0.865, 1.61, 2.2]</WAVELENGTH>
		<MEAN_VALUE>[0.17332462483458513, 0.13927706906442874, 0.10870016277169983, 0.09561657193523829, 0.037280922569290095, 0.020466655536032885]</MEAN_VALUE>
		<CHECKBOX>2</CHECKBOX>
		<SD>[0.0014971272043938276, 0.0012600716440384283, 0.001942274204920378, 0.010479020465189573, 0.007446990703450212, 0.004891975319250749]</SD>
		<WAVELENGTH_UNIT>E-6m</WAVELENGTH_UNIT>
		<COLOR>#3a1546</COLOR>
		<COVARIANCE_MATRIX>[[2.5139925128314644e-06, 1.901290261230315e-06, 2.775047960312804e-06, -1.6234728263953002e-06, 1.417426318539583e-07, 8.360695460396528e-07], [1.901290261230315e-06, 2.2300637283478864e-06, 2.4631394808238838e-06, 2.240867615910247e-07, 5.450099251902429e-07, 9.293987091041345e-07], [2.775047960312804e-06, 2.4631394808238838e-06, 4.232564606354572e-06, 6.060712166799931e-06, 6.2054109548626e-06, 4.800894203071948e-06], [-1.6234728263953002e-06, 2.240867615910247e-07, 6.060712166799931e-06, 9.607095125829801e-05, 6.04708657192532e-05, 2.9293067200342193e-05], [1.417426318539583e-07, 5.450099251902429e-07, 6.2054109548626e-06, 6.04708657192532e-05, 5.268710447126068e-05, 3.172757715219632e-05], [8.360695460396528e-07, 9.293987091041345e-07, 4.800894203071948e-06, 2.9293067200342193e-05, 3.172757715219632e-05, 2.2377258574124426e-05]]</COVARIANCE_MATRIX>
		<ROI_SIZE>7200</ROI_SIZE>
		<MAX_VALUE>[0.1792825609445572, 0.14585699141025543, 0.11882232874631882, 0.1360897719860077, 0.08004289120435715, 0.04611086845397949]</MAX_VALUE>
		<MIN_VALUE>[0.16896067559719086, 0.13341285288333893, 0.10370122641324997, 0.08416681736707687, 0.027492884546518326, 0.012805894948542118]</MIN_VALUE>
		<SIGNATURE_THRESHOLD_MD>0.0</SIGNATURE_THRESHOLD_MD>
		<SIGNATURE_THRESHOLD_ML>0.0</SIGNATURE_THRESHOLD_ML>
		<SIGNATURE_THRESHOLD_SAM>0.0</SIGNATURE_THRESHOLD_SAM>
	</signature>
	<signature ID="20210205_173941305891_751">
		<MACROCLASSID>1</MACROCLASSID>
		<MACROCLASSINFO>waterbody</MACROCLASSINFO>
		<CLASSID>8</CLASSID>
		<CLASSINFO>C 1</CLASSINFO>
		<VALUES>[0.15450262495179673, 0.0015840237144087589, 0.12542410906651172, 0.0017030064174643545, 0.10175032817600274, 0.0020744035253299938, 0.0918590432832754, 0.006576812742781171, 0.03036223180049909, 0.008630103311323115, 0.01517067112294307, 0.0064158268091020565]</VALUES>
		<LCS_MIN>[0.1501256376504898, 0.12096869200468063, 0.09762386232614517, 0.08515559136867523, 0.023151900619268417, 0.008489024825394154]</LCS_MIN>
		<LCS_MAX>[0.15791526436805725, 0.13112176954746246, 0.11219026893377304, 0.13852554559707642, 0.07613600045442581, 0.062268972396850586]</LCS_MAX>
		<WAVELENGTH>[0.48, 0.56, 0.655, 0.865, 1.61, 2.2]</WAVELENGTH>
		<MEAN_VALUE>[0.15450262495179673, 0.12542410906651172, 0.10175032817600274, 0.0918590432832754, 0.03036223180049909, 0.01517067112294307]</MEAN_VALUE>
		<CHECKBOX>2</CHECKBOX>
		<SD>[0.0015840237144087589, 0.0017030064174643545, 0.0020744035253299938, 0.006576812742781171, 0.008630103311323115, 0.0064158268091020565]</SD>
		<WAVELENGTH_UNIT>E-6m</WAVELENGTH_UNIT>
		<COLOR>#1ee805</COLOR>
		<COVARIANCE_MATRIX>[[2.5109402486123145e-06, 2.5262606868636794e-06, 2.340883838769514e-06, 2.439058334857691e-06, 1.8347998320678016e-07, 1.0419038432019079e-07], [2.5262606868636794e-06, 2.9023219667578815e-06, 3.0190287816367345e-06, 4.598558916768525e-06, 2.4197240691137267e-06, 1.6633058521620114e-06], [2.340883838769514e-06, 3.0190287816367345e-06, 4.306252321839565e-06, 1.0177261174248997e-05, 1.0024918083217926e-05, 7.2029865805234294e-06], [2.439058334857691e-06, 4.598558916768525e-06, 1.0177261174248997e-05, 4.328565046307631e-05, 4.8772406444186345e-05, 3.368194302311167e-05], [1.8347998320678016e-07, 2.4197240691137267e-06, 1.0024918083217926e-05, 4.8772406444186345e-05, 7.453237776644528e-05, 5.409205914475024e-05], [1.0419038432019079e-07, 1.6633058521620114e-06, 7.2029865805234294e-06, 3.368194302311167e-05, 5.409205914475024e-05, 4.1192510252585635e-05]]</COVARIANCE_MATRIX>
		<ROI_SIZE>1388</ROI_SIZE>
		<MAX_VALUE>[0.15791526436805725, 0.13112176954746246, 0.11219026893377304, 0.13852554559707642, 0.07613600045442581, 0.062268972396850586]</MAX_VALUE>
		<MIN_VALUE>[0.1501256376504898, 0.12096869200468063, 0.09762386232614517, 0.08515559136867523, 0.023151900619268417, 0.008489024825394154]</MIN_VALUE>
		<SIGNATURE_THRESHOLD_MD>0.0</SIGNATURE_THRESHOLD_MD>
		<SIGNATURE_THRESHOLD_ML>0.0</SIGNATURE_THRESHOLD_ML>
		<SIGNATURE_THRESHOLD_SAM>0.0</SIGNATURE_THRESHOLD_SAM>
	</signature>
	<signature ID="20210205_173955238979_846">
		<MACROCLASSID>1</MACROCLASSID>
		<MACROCLASSINFO>waterbody</MACROCLASSINFO>
		<CLASSID>9</CLASSID>
		<CLASSINFO>C 1</CLASSINFO>
		<VALUES>[0.15116128040833418, 0.0018428367753137132, 0.13305597224932042, 0.0025452868731093764, 0.11407433768336696, 0.004214666489897366, 0.13531561405136344, 0.016183641474313313, 0.06333606125096257, 0.019898612001957784, 0.034454439923669505, 0.01277385301525714]</VALUES>
		<LCS_MIN>[0.1454470008611679, 0.12335623800754547, 0.10201307386159897, 0.11288964748382568, 0.03212325647473335, 0.01608574576675892]</LCS_MIN>
		<LCS_MAX>[0.15458719432353973, 0.13763324916362762, 0.12470676749944687, 0.17477275431156158, 0.10712579637765884, 0.06547646969556808]</LCS_MAX>
		<WAVELENGTH>[0.48, 0.56, 0.655, 0.865, 1.61, 2.2]</WAVELENGTH>
		<MEAN_VALUE>[0.15116128040833418, 0.13305597224932042, 0.11407433768336696, 0.13531561405136344, 0.06333606125096257, 0.034454439923669505]</MEAN_VALUE>
		<CHECKBOX>2</CHECKBOX>
		<SD>[0.0018428367753137132, 0.0025452868731093764, 0.004214666489897366, 0.016183641474313313, 0.019898612001957784, 0.01277385301525714]</SD>
		<WAVELENGTH_UNIT>E-6m</WAVELENGTH_UNIT>
		<COLOR>#0a81f2</COLOR>
		<COVARIANCE_MATRIX>[[3.434638756516506e-06, 4.284101578377886e-06, 5.328512997948565e-06, -3.5364471386856167e-06, -4.295412054489134e-06, -7.802176469340338e-07], [4.284101578377886e-06, 6.552104423462879e-06, 8.63860532263061e-06, -9.446867807128001e-06, -8.439012162853032e-06, -2.1370126432884717e-06], [5.328512997948565e-06, 8.63860532263061e-06, 1.7965270671993494e-05, 1.4639987057307735e-05, 2.4421324269496836e-05, 1.9910754417651333e-05], [-3.5364471386856167e-06, -9.446867807128001e-06, 1.4639987057307735e-05, 0.0002648865047376603, 0.00029591936618089676, 0.00018608689424581826], [-4.295412054489134e-06, -8.439012162853032e-06, 2.4421324269496836e-05, 0.00029591936618089676, 0.00040045424248091877, 0.0002529878111090511], [-7.802176469340338e-07, -2.1370126432884717e-06, 1.9910754417651333e-05, 0.00018608689424581826, 0.0002529878111090511, 0.0001650255435379222]]</COVARIANCE_MATRIX>
		<ROI_SIZE>89</ROI_SIZE>
		<MAX_VALUE>[0.15458719432353973, 0.13763324916362762, 0.12470676749944687, 0.17477275431156158, 0.10712579637765884, 0.06547646969556808]</MAX_VALUE>
		<MIN_VALUE>[0.1454470008611679, 0.12335623800754547, 0.10201307386159897, 0.11288964748382568, 0.03212325647473335, 0.01608574576675892]</MIN_VALUE>
		<SIGNATURE_THRESHOLD_MD>0.0</SIGNATURE_THRESHOLD_MD>
		<SIGNATURE_THRESHOLD_ML>0.0</SIGNATURE_THRESHOLD_ML>
		<SIGNATURE_THRESHOLD_SAM>0.0</SIGNATURE_THRESHOLD_SAM>
	</signature>
	<signature ID="20210205_174007430898_433">
		<MACROCLASSID>1</MACROCLASSID>
		<MACROCLASSINFO>waterbody</MACROCLASSINFO>
		<CLASSID>10</CLASSID>
		<CLASSINFO>C 1</CLASSINFO>
		<VALUES>[0.1662839092171512, 0.001830102338966008, 0.14143506748694581, 0.0021708751934612427, 0.11884154096759603, 0.0031225428904904135, 0.13145191756244812, 0.012548939815974608, 0.048689403267884165, 0.012608361654579094, 0.024772976393101304, 0.008191849421859328]</VALUES>
		<LCS_MIN>[0.16039927303791046, 0.13382282853126526, 0.10905511677265167, 0.11042975634336472, 0.03612661734223366, 0.01651984080672264]</LCS_MIN>
		<LCS_MAX>[0.17142055928707123, 0.14559170603752136, 0.1278178095817566, 0.17074528336524963, 0.08968950062990189, 0.056818630546331406]</LCS_MAX>
		<WAVELENGTH>[0.48, 0.56, 0.655, 0.865, 1.61, 2.2]</WAVELENGTH>
		<MEAN_VALUE>[0.1662839092171512, 0.14143506748694581, 0.11884154096759603, 0.13145191756244812, 0.048689403267884165, 0.024772976393101304]</MEAN_VALUE>
		<CHECKBOX>2</CHECKBOX>
		<SD>[0.001830102338966008, 0.0021708751934612427, 0.0031225428904904135, 0.012548939815974608, 0.012608361654579094, 0.008191849421859328]</SD>
		<WAVELENGTH_UNIT>E-6m</WAVELENGTH_UNIT>
		<COLOR>#714862</COLOR>
		<COVARIANCE_MATRIX>[[3.1819888590689516e-06, 4.153422651143046e-06, 5.545530711970059e-06, 1.5028233519842615e-06, 5.930810402787756e-07, 1.5335560874518706e-06], [4.153422651143046e-06, 6.677943019894883e-06, 8.516439265804365e-06, -1.1169793197041145e-06, -1.8179206335844356e-06, 2.96631924356916e-07], [5.545530711970059e-06, 8.516439265804365e-06, 1.1979549526586197e-05, 3.5227969874540577e-06, 4.4269845602684654e-06, 5.415499344962882e-06], [1.5028233519842615e-06, -1.1169793197041145e-06, 3.5227969874540577e-06, 0.00015780895773787051, 0.00014705183275509626, 8.738117321627215e-05], [5.930810402787756e-07, -1.8179206335844356e-06, 4.4269845602684654e-06, 0.00014705183275509626, 0.00016083406808320433, 0.00010029224358731881], [1.5335560874518706e-06, 2.96631924356916e-07, 5.415499344962882e-06, 8.738117321627215e-05, 0.00010029224358731881, 6.757750088581815e-05]]</COVARIANCE_MATRIX>
		<ROI_SIZE>471</ROI_SIZE>
		<MAX_VALUE>[0.17142055928707123, 0.14559170603752136, 0.1278178095817566, 0.17074528336524963, 0.08968950062990189, 0.056818630546331406]</MAX_VALUE>
		<MIN_VALUE>[0.16039927303791046, 0.13382282853126526, 0.10905511677265167, 0.11042975634336472, 0.03612661734223366, 0.01651984080672264]</MIN_VALUE>
		<SIGNATURE_THRESHOLD_MD>0.0</SIGNATURE_THRESHOLD_MD>
		<SIGNATURE_THRESHOLD_ML>0.0</SIGNATURE_THRESHOLD_ML>
		<SIGNATURE_THRESHOLD_SAM>0.0</SIGNATURE_THRESHOLD_SAM>
	</signature>
	<signature ID="20210205_174023789199_711">
		<MACROCLASSID>1</MACROCLASSID>
		<MACROCLASSINFO>waterbody</MACROCLASSINFO>
		<CLASSID>11</CLASSID>
		<CLASSINFO>C 1</CLASSINFO>
		<VALUES>[0.1512124476764199, 0.0014815376666900012, 0.12108379255009245, 0.002056720355893494, 0.09323714080204805, 0.0022210388051248685, 0.08515332249335657, 0.006365181135410349, 0.023665709060601073, 0.006529569784626246, 0.011147406064592314, 0.004579654769911028]</VALUES>
		<LCS_MIN>[0.14636343717575073, 0.11561481654644012, 0.0893036499619484, 0.07890939712524414, 0.012492376379668713, 0.006415004376322031]</LCS_MIN>
		<LCS_MAX>[0.15579301118850708, 0.13010886311531067, 0.11498778313398361, 0.12924067676067352, 0.0677916556596756, 0.046183228492736816]</LCS_MAX>
		<WAVELENGTH>[0.48, 0.56, 0.655, 0.865, 1.61, 2.2]</WAVELENGTH>
		<MEAN_VALUE>[0.1512124476764199, 0.12108379255009245, 0.09323714080204805, 0.08515332249335657, 0.023665709060601073, 0.011147406064592314]</MEAN_VALUE>
		<CHECKBOX>2</CHECKBOX>
		<SD>[0.0014815376666900012, 0.002056720355893494, 0.0022210388051248685, 0.006365181135410349, 0.006529569784626246, 0.004579654769911028]</SD>
		<WAVELENGTH_UNIT>E-6m</WAVELENGTH_UNIT>
		<COLOR>#7179e8</COLOR>
		<COVARIANCE_MATRIX>[[2.0475497422012268e-06, 2.49444019573275e-06, 2.26335600927996e-06, -1.6388025869673584e-07, 6.636430072148869e-08, 4.1430720898461004e-07], [2.49444019573275e-06, 4.0360091588809155e-06, 3.8075459087849595e-06, 3.3168519166792976e-06, 3.452181545071653e-06, 2.9235859528853325e-06], [2.26335600927996e-06, 3.8075459087849595e-06, 4.905285550194094e-06, 8.399932085012551e-06, 9.327067346021067e-06, 7.311947683774633e-06], [-1.6388025869673584e-07, 3.3168519166792976e-06, 8.399932085012551e-06, 4.357505531515926e-05, 4.308853021939285e-05, 2.9406763133010827e-05], [6.636430072148869e-08, 3.452181545071653e-06, 9.327067346021067e-06, 4.308853021939285e-05, 5.239411984803155e-05, 3.652892337413505e-05], [4.1430720898461004e-07, 2.9235859528853325e-06, 7.311947683774633e-06, 2.9406763133010827e-05, 3.652892337413505e-05, 2.6487878130865283e-05]]</COVARIANCE_MATRIX>
		<ROI_SIZE>3390</ROI_SIZE>
		<MAX_VALUE>[0.15579301118850708, 0.13010886311531067, 0.11498778313398361, 0.12924067676067352, 0.0677916556596756, 0.046183228492736816]</MAX_VALUE>
		<MIN_VALUE>[0.14636343717575073, 0.11561481654644012, 0.0893036499619484, 0.07890939712524414, 0.012492376379668713, 0.006415004376322031]</MIN_VALUE>
		<SIGNATURE_THRESHOLD_MD>0.0</SIGNATURE_THRESHOLD_MD>
		<SIGNATURE_THRESHOLD_ML>0.0</SIGNATURE_THRESHOLD_ML>
		<SIGNATURE_THRESHOLD_SAM>0.0</SIGNATURE_THRESHOLD_SAM>
	</signature>
	<signature ID="20210205_174040454597_889">
		<MACROCLASSID>1</MACROCLASSID>
		<MACROCLASSINFO>waterbody</MACROCLASSINFO>
		<CLASSID>12</CLASSID>
		<CLASSINFO>C 1</CLASSINFO>
		<VALUES>[0.14616283422898887, 0.0014427043966679265, 0.11552482474988884, 0.0013663829723042922, 0.0878868388007475, 0.002071775783694325, 0.08347247016481159, 0.008226203173969793, 0.025299147969336012, 0.010103294090980987, 0.012623966191277486, 0.006993991590326654]</VALUES>
		<LCS_MIN>[0.1427459418773651, 0.11247966438531876, 0.08380506187677383, 0.07454430311918259, 0.01787037029862404, 0.006945570465177298]</LCS_MIN>
		<LCS_MAX>[0.15031856298446655, 0.12243980169296265, 0.10567879676818848, 0.12981946766376495, 0.07034801691770554, 0.04594205692410469]</LCS_MAX>
		<WAVELENGTH>[0.48, 0.56, 0.655, 0.865, 1.61, 2.2]</WAVELENGTH>
		<MEAN_VALUE>[0.14616283422898887, 0.11552482474988884, 0.0878868388007475, 0.08347247016481159, 0.025299147969336012, 0.012623966191277486]</MEAN_VALUE>
		<CHECKBOX>2</CHECKBOX>
		<SD>[0.0014427043966679265, 0.0013663829723042922, 0.002071775783694325, 0.008226203173969793, 0.010103294090980987, 0.006993991590326654]</SD>
		<WAVELENGTH_UNIT>E-6m</WAVELENGTH_UNIT>
		<COLOR>#7ea8e4</COLOR>
		<COVARIANCE_MATRIX>[[1.927058747241972e-06, 1.6999870240397286e-06, 1.802317456167657e-06, -2.0984190030048921e-07, 3.636030783127353e-07, 3.938655765978183e-07], [1.6999870240397286e-06, 1.877446948128636e-06, 2.234514340671012e-06, 2.348564294152311e-06, 3.6688868476630887e-06, 2.7523124117578845e-06], [1.802317456167657e-06, 2.234514340671012e-06, 4.196122972643934e-06, 1.1310328773106448e-05, 1.4683922927360982e-05, 1.0546623343543615e-05], [-2.0984190030048921e-07, 2.348564294152311e-06, 1.1310328773106448e-05, 7.313178502954543e-05, 8.294982399092987e-05, 5.549600609811023e-05], [3.636030783127353e-07, 3.6688868476630887e-06, 1.4683922927360982e-05, 8.294982399092987e-05, 0.000109674314444419, 7.457574247382581e-05], [3.938655765978183e-07, 2.7523124117578845e-06, 1.0546623343543615e-05, 5.549600609811023e-05, 7.457574247382581e-05, 5.179306390346028e-05]]</COVARIANCE_MATRIX>
		<ROI_SIZE>2653</ROI_SIZE>
		<MAX_VALUE>[0.15031856298446655, 0.12243980169296265, 0.10567879676818848, 0.12981946766376495, 0.07034801691770554, 0.04594205692410469]</MAX_VALUE>
		<MIN_VALUE>[0.1427459418773651, 0.11247966438531876, 0.08380506187677383, 0.07454430311918259, 0.01787037029862404, 0.006945570465177298]</MIN_VALUE>
		<SIGNATURE_THRESHOLD_MD>0.0</SIGNATURE_THRESHOLD_MD>
		<SIGNATURE_THRESHOLD_ML>0.0</SIGNATURE_THRESHOLD_ML>
		<SIGNATURE_THRESHOLD_SAM>0.0</SIGNATURE_THRESHOLD_SAM>
	</signature>
	<signature ID="20210205_174128139281_323">
		<MACROCLASSID>1</MACROCLASSID>
		<MACROCLASSINFO>waterbody</MACROCLASSINFO>
		<CLASSID>13</CLASSID>
		<CLASSINFO>C 1</CLASSINFO>
		<VALUES>[0.1634046853245452, 0.0011493469933122238, 0.1385236291763869, 0.001630619362952972, 0.11954754508888092, 0.0030114351079467095, 0.12375684942506242, 0.010496608553782344, 0.047669412655442875, 0.012869439927724578, 0.02500369323330315, 0.009434407076947263]</VALUES>
		<LCS_MIN>[0.15984459221363068, 0.1342328041791916, 0.11310670524835587, 0.11033328622579575, 0.03434199467301369, 0.01618220843374729]</LCS_MIN>
		<LCS_MAX>[0.16789953410625458, 0.14356590807437897, 0.12940949201583862, 0.16659723222255707, 0.08838721364736557, 0.060894329100847244]</LCS_MAX>
		<WAVELENGTH>[0.48, 0.56, 0.655, 0.865, 1.61, 2.2]</WAVELENGTH>
		<MEAN_VALUE>[0.1634046853245452, 0.1385236291763869, 0.11954754508888092, 0.12375684942506242, 0.047669412655442875, 0.02500369323330315]</MEAN_VALUE>
		<CHECKBOX>2</CHECKBOX>
		<SD>[0.0011493469933122238, 0.001630619362952972, 0.0030114351079467095, 0.010496608553782344, 0.012869439927724578, 0.009434407076947263]</SD>
		<WAVELENGTH_UNIT>E-6m</WAVELENGTH_UNIT>
		<COLOR>#40a4fc</COLOR>
		<COVARIANCE_MATRIX>[[3.107340262431535e-06, 3.363951236678986e-06, 4.124678525840864e-06, 5.412536211224506e-06, 4.63938522443641e-06, 2.984708544317982e-06], [3.363951236678986e-06, 4.1247590161219705e-06, 5.5763425734767225e-06, 5.236354354565265e-06, 5.89465662415023e-06, 4.550353878585156e-06], [4.124678525840864e-06, 5.5763425734767225e-06, 8.781192263995763e-06, 6.287626092671417e-06, 1.0151883543585427e-05, 8.765883649175521e-06], [5.412536211224506e-06, 5.236354354565265e-06, 6.287626092671417e-06, 0.00011629489017650485, 0.00012106573558412492, 7.492088479921222e-05], [4.63938522443641e-06, 5.89465662415023e-06, 1.0151883543585427e-05, 0.00012106573558412492, 0.00015446817269548774, 0.00010466899402672425], [2.984708544317982e-06, 4.550353878585156e-06, 8.765883649175521e-06, 7.492088479921222e-05, 0.00010466899402672425, 7.647208985872567e-05]]</COVARIANCE_MATRIX>
		<ROI_SIZE>620</ROI_SIZE>
		<MAX_VALUE>[0.16789953410625458, 0.14356590807437897, 0.12940949201583862, 0.16659723222255707, 0.08838721364736557, 0.060894329100847244]</MAX_VALUE>
		<MIN_VALUE>[0.15984459221363068, 0.1342328041791916, 0.11310670524835587, 0.11033328622579575, 0.03434199467301369, 0.01618220843374729]</MIN_VALUE>
		<SIGNATURE_THRESHOLD_MD>0.0</SIGNATURE_THRESHOLD_MD>
		<SIGNATURE_THRESHOLD_ML>0.0</SIGNATURE_THRESHOLD_ML>
		<SIGNATURE_THRESHOLD_SAM>0.0</SIGNATURE_THRESHOLD_SAM>
	</signature>
	<signature ID="20210205_174138947005_159">
		<MACROCLASSID>1</MACROCLASSID>
		<MACROCLASSINFO>waterbody</MACROCLASSINFO>
		<CLASSID>14</CLASSID>
		<CLASSINFO>C 1</CLASSINFO>
		<VALUES>[0.1854620578178255, 0.0012577966735966182, 0.15759637550904257, 0.002136800938805329, 0.1387123341327235, 0.0033243351945684615, 0.1454785199791978, 0.010305565024339257, 0.05733163074568311, 0.01424946738616386, 0.03035184863474268, 0.011166277163991866]</VALUES>
		<LCS_MIN>[0.18085011839866638, 0.14812394976615906, 0.1229221448302269, 0.13211055099964142, 0.04150460287928581, 0.020089097321033478]</LCS_MIN>
		<LCS_MAX>[0.18924272060394287, 0.16406500339508057, 0.14834098517894745, 0.19242608547210693, 0.10116899758577347, 0.07070977240800858]</LCS_MAX>
		<WAVELENGTH>[0.48, 0.56, 0.655, 0.865, 1.61, 2.2]</WAVELENGTH>
		<MEAN_VALUE>[0.1854620578178255, 0.15759637550904257, 0.1387123341327235, 0.1454785199791978, 0.05733163074568311, 0.03035184863474268]</MEAN_VALUE>
		<CHECKBOX>2</CHECKBOX>
		<SD>[0.0012577966735966182, 0.002136800938805329, 0.0033243351945684615, 0.010305565024339257, 0.01424946738616386, 0.011166277163991866]</SD>
		<WAVELENGTH_UNIT>E-6m</WAVELENGTH_UNIT>
		<COLOR>#214b5c</COLOR>
		<COVARIANCE_MATRIX>[[1.5842497305129655e-06, 2.541107960496447e-06, 3.6243263821233995e-06, 2.734570443863049e-06, 4.27834811489447e-06, 4.609340066963341e-06], [2.541107960496447e-06, 4.572259967972059e-06, 6.831456630607136e-06, 3.947669029003009e-06, 8.151978363457602e-06, 9.02459396456834e-06], [3.6243263821233995e-06, 6.831456630607136e-06, 1.1066553270211443e-05, 3.651931137937936e-06, 1.2219846212246921e-05, 1.4348859622259624e-05], [2.734570443863049e-06, 3.947669029003009e-06, 3.651931137937936e-06, 0.00010635217768140137, 0.000134247267851606, 9.499827865511179e-05], [4.27834811489447e-06, 8.151978363457602e-06, 1.2219846212246921e-05, 0.000134247267851606, 0.00020332932763267308, 0.00015545208589173853], [4.609340066963341e-06, 9.02459396456834e-06, 1.4348859622259624e-05, 9.499827865511179e-05, 0.00015545208589173853, 0.0001248589251190424]]</COVARIANCE_MATRIX>
		<ROI_SIZE>721</ROI_SIZE>
		<MAX_VALUE>[0.18924272060394287, 0.16406500339508057, 0.14834098517894745, 0.19242608547210693, 0.10116899758577347, 0.07070977240800858]</MAX_VALUE>
		<MIN_VALUE>[0.18085011839866638, 0.14812394976615906, 0.1229221448302269, 0.13211055099964142, 0.04150460287928581, 0.020089097321033478]</MIN_VALUE>
		<SIGNATURE_THRESHOLD_MD>0.0</SIGNATURE_THRESHOLD_MD>
		<SIGNATURE_THRESHOLD_ML>0.0</SIGNATURE_THRESHOLD_ML>
		<SIGNATURE_THRESHOLD_SAM>0.0</SIGNATURE_THRESHOLD_SAM>
	</signature>
	<signature ID="20210205_174209452123_926">
		<MACROCLASSID>1</MACROCLASSID>
		<MACROCLASSINFO>waterbody</MACROCLASSINFO>
		<CLASSID>15</CLASSID>
		<CLASSINFO>C 1</CLASSINFO>
		<VALUES>[0.12367038546424164, 0.0020253171440733136, 0.10116201168612426, 0.003892711613899148, 0.08035131955617353, 0.006785617811669924, 0.08541262483126238, 0.014611922258383309, 0.04255558349388209, 0.01617244787477508, 0.028715211505952635, 0.012835397361185647]</VALUES>
		<LCS_MIN>[0.11961816251277924, 0.09304171055555344, 0.06868397444486618, 0.0644153505563736, 0.01632690615952015, 0.01323998998850584]</LCS_MIN>
		<LCS_MAX>[0.12767310440540314, 0.10888628661632538, 0.09636980295181274, 0.12651550769805908, 0.08607202768325806, 0.06202780455350876]</LCS_MAX>
		<WAVELENGTH>[0.48, 0.56, 0.655, 0.865, 1.61, 2.2]</WAVELENGTH>
		<MEAN_VALUE>[0.12367038546424164, 0.10116201168612426, 0.08035131955617353, 0.08541262483126238, 0.04255558349388209, 0.028715211505952635]</MEAN_VALUE>
		<CHECKBOX>2</CHECKBOX>
		<SD>[0.0020253171440733136, 0.003892711613899148, 0.006785617811669924, 0.014611922258383309, 0.01617244787477508, 0.012835397361185647]</SD>
		<WAVELENGTH_UNIT>E-6m</WAVELENGTH_UNIT>
		<COLOR>#14954e</COLOR>
		<COVARIANCE_MATRIX>[[4.2127717279072385e-06, 7.851466762076598e-06, 1.2180609701317735e-05, 3.650475264294073e-06, 1.476873512729071e-05, 1.8912794985226355e-05], [7.851466762076598e-06, 1.5562749467790127e-05, 2.499054608051665e-05, 1.2561597941385116e-05, 3.290174572612159e-05, 3.7675938074244186e-05], [1.2180609701317735e-05, 2.499054608051665e-05, 4.728905696538277e-05, 3.3167954825330526e-05, 6.31638613413088e-05, 6.407761975424364e-05], [3.650475264294073e-06, 1.2561597941385116e-05, 3.3167954825330526e-05, 0.0002192787651438266, 0.0002122920996043831, 0.000129921521875076], [1.476873512729071e-05, 3.290174572612159e-05, 6.31638613413088e-05, 0.0002122920996043831, 0.00026861694641411304, 0.00019480050832498819], [1.8912794985226355e-05, 3.7675938074244186e-05, 6.407761975424364e-05, 0.000129921521875076, 0.00019480050832498819, 0.0001692000514594838]]</COVARIANCE_MATRIX>
		<ROI_SIZE>38</ROI_SIZE>
		<MAX_VALUE>[0.12767310440540314, 0.10888628661632538, 0.09636980295181274, 0.12651550769805908, 0.08607202768325806, 0.06202780455350876]</MAX_VALUE>
		<MIN_VALUE>[0.11961816251277924, 0.09304171055555344, 0.06868397444486618, 0.0644153505563736, 0.01632690615952015, 0.01323998998850584]</MIN_VALUE>
		<SIGNATURE_THRESHOLD_MD>0.0</SIGNATURE_THRESHOLD_MD>
		<SIGNATURE_THRESHOLD_ML>0.0</SIGNATURE_THRESHOLD_ML>
		<SIGNATURE_THRESHOLD_SAM>0.0</SIGNATURE_THRESHOLD_SAM>
	</signature>
	<signature ID="20210205_174218981696_263">
		<MACROCLASSID>1</MACROCLASSID>
		<MACROCLASSINFO>waterbody</MACROCLASSINFO>
		<CLASSID>16</CLASSID>
		<CLASSINFO>C 1</CLASSINFO>
