<?xml version="1.0" ?>
<signaturelist MCID_LIST="[[u'1', u'waterbody', u'#0000ff'], [u'2', u'begetation', u'#00aa00'], [u'3', u'barren', u'#ff5500'], [u'4', u'built-up', u'#ff0000']]">
	<signature ID="20181217_092327301000_287">
		<MACROCLASSID>4</MACROCLASSID>
		<MACROCLASSINFO>built-up</MACROCLASSINFO>
		<CLASSID>37</CLASSID>
		<CLASSINFO>C 1</CLASSINFO>
		<VALUES>[0.17700043506920332, 0.02578295672643682, 0.1624013591557741, 0.030576023523445874, 0.15633273106068368, 0.03304304101725451, 0.24621885232627397, 0.04014360540611769, 0.2161991614848375, 0.04018550546962179, 0.1605083871632815, 0.036109402466842765]</VALUES>
		<LCS_MIN>[0.13072791695594788, 0.1110738068819046, 0.10047180950641632, 0.1700136810541153, 0.1594790667295456, 0.10069643706083298]</LCS_MIN>
		<LCS_MAX>[0.22315841913223267, 0.22021590173244476, 0.21761032938957214, 0.3240794539451599, 0.30566075444221497, 0.23677027225494385]</LCS_MAX>
		<WAVELENGTH>[0.48, 0.56, 0.655, 0.865, 1.61, 2.2]</WAVELENGTH>
		<MEAN_VALUE>[0.17700043506920332, 0.1624013591557741, 0.15633273106068368, 0.24621885232627397, 0.2161991614848375, 0.1605083871632815]</MEAN_VALUE>
		<CHECKBOX>2</CHECKBOX>
		<SD>[0.02578295672643682, 0.030576023523445874, 0.03304304101725451, 0.04014360540611769, 0.04018550546962179, 0.036109402466842765]</SD>
		<WAVELENGTH_UNIT>E-6m</WAVELENGTH_UNIT>
		<COLOR>#ff0000</COLOR>
		<COVARIANCE_MATRIX>[[0.000681806007751091, 0.000762947768288278, 0.0008369955392464327, 0.0010053561438595148, 0.0009709407027289241, 0.0008689926589794187], [0.000762947768288278, 0.0009588648353910929, 0.0010314271970579768, 0.0011438787172675115, 0.001215302782601569, 0.0010924604075501392], [0.0008369955392464327, 0.0010314271970579768, 0.0011198385227363739, 0.0012550965822233492, 0.0013080135153018537, 0.0011684338268724993], [0.0010053561438595148, 0.0011438787172675115, 0.0012550965822233492, 0.0016528298000021337, 0.001517991874098547, 0.0013127124862987855], [0.0009709407027289241, 0.001215302782601569, 0.0013080135153018537, 0.001517991874098547, 0.0016562818972810295, 0.0014544246316681695], [0.0008689926589794187, 0.0010924604075501392, 0.0011684338268724993, 0.0013127124862987855, 0.0014544246316681695, 0.0013373219964230047]]</COVARIANCE_MATRIX>
		<ROI_SIZE>40</ROI_SIZE>
		<MAX_VALUE>[0.22315841913223267, 0.22021590173244476, 0.21761032938957214, 0.3240794539451599, 0.30566075444221497, 0.23677027225494385]</MAX_VALUE>
		<MIN_VALUE>[0.13072791695594788, 0.1110738068819046, 0.10047180950641632, 0.1700136810541153, 0.1594790667295456, 0.10069643706083298]</MIN_VALUE>
		<SIGNATURE_THRESHOLD_MD>0.0</SIGNATURE_THRESHOLD_MD>
		<SIGNATURE_THRESHOLD_ML>0.0</SIGNATURE_THRESHOLD_ML>
		<SIGNATURE_THRESHOLD_SAM>0.0</SIGNATURE_THRESHOLD_SAM>
	</signature>
	<signature ID="20181217_090853522000_276">
		<MACROCLASSID>2</MACROCLASSID>
		<MACROCLASSINFO>begetation</MACROCLASSINFO>
		<CLASSID>23</CLASSID>
		<CLASSINFO>C 1</CLASSINFO>
		<VALUES>[0.18387653753046987, 0.00893788590559372, 0.16551609962217267, 0.009959115218139879, 0.13988440982802858, 0.011848512714069628, 0.4209379856396013, 0.017375983661558302, 0.2108006261964365, 0.014475960122154732, 0.11156499552928173, 0.010581482539499627]</VALUES>
		<LCS_MIN>[0.16125355660915375, 0.1435087025165558, 0.11518431454896927, 0.38479378819465637, 0.1754494309425354, 0.08960027992725372]</LCS_MIN>
		<LCS_MAX>[0.21839649975299835, 0.19838298857212067, 0.1772688776254654, 0.47886401414871216, 0.25584039092063904, 0.14741703867912292]</LCS_MAX>
		<WAVELENGTH>[0.48, 0.56, 0.655, 0.865, 1.61, 2.2]</WAVELENGTH>
		<MEAN_VALUE>[0.18387653753046987, 0.16551609962217267, 0.13988440982802858, 0.4209379856396013, 0.2108006261964365, 0.11156499552928173]</MEAN_VALUE>
		<CHECKBOX>2</CHECKBOX>
		<SD>[0.00893788590559372, 0.009959115218139879, 0.011848512714069628, 0.017375983661558302, 0.014475960122154732, 0.010581482539499627]</SD>
		<WAVELENGTH_UNIT>E-6m</WAVELENGTH_UNIT>
		<COLOR>#00aa00</COLOR>
		<COVARIANCE_MATRIX>[[8.000870569904416e-05, 7.095917660269927e-05, 9.034139759689572e-05, -1.6954954682239377e-05, 5.711992031373241e-05, 6.376278029783759e-05], [7.095917660269927e-05, 9.933656666038268e-05, 0.00011513426398972667, -1.9943292437361855e-05, 7.069276386297382e-05, 8.403092908943654e-05], [9.034139759689572e-05, 0.00011513426398972667, 0.00014060323392552405, -3.7178605139067926e-05, 9.106142213169303e-05, 0.00010376405899175024], [-1.6954954682239377e-05, -1.9943292437361855e-05, -3.7178605139067926e-05, 0.0003023893079116743, 9.478063245881242e-05, 1.1595106540654652e-05], [5.711992031373241e-05, 7.069276386297382e-05, 9.106142213169303e-05, 9.478063245881242e-05, 0.00020987581133738084, 0.000134312120960558], [6.376278029783759e-05, 8.403092908943654e-05, 0.00010376405899175024, 1.1595106540654652e-05, 0.000134312120960558, 0.0001121400308456334]]</COVARIANCE_MATRIX>
		<ROI_SIZE>651</ROI_SIZE>
		<MAX_VALUE>[0.21839649975299835, 0.19838298857212067, 0.1772688776254654, 0.47886401414871216, 0.25584039092063904, 0.14741703867912292]</MAX_VALUE>
		<MIN_VALUE>[0.16125355660915375, 0.1435087025165558, 0.11518431454896927, 0.38479378819465637, 0.1754494309425354, 0.08960027992725372]</MIN_VALUE>
		<SIGNATURE_THRESHOLD_MD>0.0</SIGNATURE_THRESHOLD_MD>
		<SIGNATURE_THRESHOLD_ML>0.0</SIGNATURE_THRESHOLD_ML>
		<SIGNATURE_THRESHOLD_SAM>0.0</SIGNATURE_THRESHOLD_SAM>
	</signature>
	<signature ID="20181217_084232342000_257">
		<MACROCLASSID>3</MACROCLASSID>
		<MACROCLASSINFO>barren</MACROCLASSINFO>
		<CLASSID>10</CLASSID>
		<CLASSINFO>C 1</CLASSINFO>
		<VALUES>[0.5046138653860373, 0.03344052689166931, 0.49805368789855176, 0.0332175906951262, 0.5143196850138549, 0.036066054069207494, 0.6261059633072684, 0.037180856224349905, 0.5381166842930456, 0.03535391605349987, 0.42786769963362625, 0.02835283752828647]</VALUES>
		<LCS_MIN>[0.44034191966056824, 0.43760162591934204, 0.451707661151886, 0.5628263354301453, 0.4740796387195587, 0.3692277669906616]</LCS_MIN>
		<LCS_MAX>[0.5728443264961243, 0.5613438487052917, 0.5823456645011902, 0.6985856890678406, 0.6034148931503296, 0.4787291884422302]</LCS_MAX>
		<WAVELENGTH>[0.48, 0.56, 0.655, 0.865, 1.61, 2.2]</WAVELENGTH>
		<MEAN_VALUE>[0.5046138653860373, 0.49805368789855176, 0.5143196850138549, 0.6261059633072684, 0.5381166842930456, 0.42786769963362625]</MEAN_VALUE>
		<CHECKBOX>2</CHECKBOX>
		<SD>[0.03344052689166931, 0.0332175906951262, 0.036066054069207494, 0.037180856224349905, 0.03535391605349987, 0.02835283752828647]</SD>
		<WAVELENGTH_UNIT>E-6m</WAVELENGTH_UNIT>
		<COLOR>#ff5500</COLOR>
		<COVARIANCE_MATRIX>[[0.001134959418475928, 0.0010966355084099095, 0.0011882441342978911, 0.00114396668193514, 0.0009226317132115984, 0.0007031424505031927], [0.0010966355084099095, 0.0011198771126574266, 0.0012142952408283473, 0.0012112876418077286, 0.0010496079643156472, 0.0008097594978763094], [0.0011882441342978911, 0.0012142952408283473, 0.0013201745883039413, 0.0013268714643616803, 0.0011518300538896247, 0.0008862619412692665], [0.00114396668193514, 0.0012112876418077286, 0.0013268714643616803, 0.00140304914524109, 0.001275296164797472, 0.0009840397635113394], [0.0009226317132115984, 0.0010496079643156472, 0.0011518300538896247, 0.001275296164797472, 0.0012685545949495272, 0.0009919286316008907], [0.0007031424505031927, 0.0008097594978763094, 0.0008862619412692665, 0.0009840397635113394, 0.0009919286316008907, 0.0008158816555457885]]</COVARIANCE_MATRIX>
		<ROI_SIZE>68</ROI_SIZE>
		<MAX_VALUE>[0.5728443264961243, 0.5613438487052917, 0.5823456645011902, 0.6985856890678406, 0.6034148931503296, 0.4787291884422302]</MAX_VALUE>
		<MIN_VALUE>[0.44034191966056824, 0.43760162591934204, 0.451707661151886, 0.5628263354301453, 0.4740796387195587, 0.3692277669906616]</MIN_VALUE>
		<SIGNATURE_THRESHOLD_MD>0.0</SIGNATURE_THRESHOLD_MD>
		<SIGNATURE_THRESHOLD_ML>0.0</SIGNATURE_THRESHOLD_ML>
		<SIGNATURE_THRESHOLD_SAM>0.0</SIGNATURE_THRESHOLD_SAM>
	</signature>
	<signature ID="20181217_090716004000_983">
		<MACROCLASSID>2</MACROCLASSID>
		<MACROCLASSINFO>begetation</MACROCLASSINFO>
		<CLASSID>22</CLASSID>
		<CLASSINFO>C 1</CLASSINFO>
		<VALUES>[0.2601290488447754, 0.0357836516392084, 0.2510112776009307, 0.036543089133577185, 0.25095382064197225, 0.040315815962534536, 0.4444117818523374, 0.03213492908098186, 0.34909992143831553, 0.037278160861939795, 0.2766145948688359, 0.03778947988088862]</VALUES>
		<LCS_MIN>[0.19189150631427765, 0.18328861892223358, 0.17517989873886108, 0.3795602023601532, 0.2779877483844757, 0.2108493149280548]</LCS_MIN>
		<LCS_MAX>[0.3348611295223236, 0.3253822326660156, 0.3304586112499237, 0.5148478746414185, 0.43387293815612793, 0.35828885436058044]</LCS_MAX>
		<WAVELENGTH>[0.48, 0.56, 0.655, 0.865, 1.61, 2.2]</WAVELENGTH>
		<MEAN_VALUE>[0.2601290488447754, 0.2510112776009307, 0.25095382064197225, 0.4444117818523374, 0.34909992143831553, 0.2766145948688359]</MEAN_VALUE>
		<CHECKBOX>2</CHECKBOX>
		<SD>[0.0357836516392084, 0.036543089133577185, 0.040315815962534536, 0.03213492908098186, 0.037278160861939795, 0.03778947988088862]</SD>
		<WAVELENGTH_UNIT>E-6m</WAVELENGTH_UNIT>
		<COLOR>#00aa00</COLOR>
		<COVARIANCE_MATRIX>[[0.0012859889906906895, 0.0012984134309992356, 0.0014316650883045808, 0.0010076614961919794, 0.001137706165891478, 0.0012118151839319753], [0.0012984134309992356, 0.0013411533865427775, 0.0014759840718210446, 0.0010497579052530196, 0.001230234100348246, 0.0012778496255870361], [0.0014316650883045808, 0.0014759840718210446, 0.0016323709004177327, 0.0011702027050667105, 0.0013578644999563982, 0.0014145771723181096], [0.0010076614961919794, 0.0010497579052530196, 0.0011702027050667105, 0.001037104760432147, 0.0011247449738209581, 0.001158132623268064], [0.001137706165891478, 0.001230234100348246, 0.0013578644999563982, 0.0011247449738209581, 0.0013956511965471455, 0.0013629357480754566], [0.0012118151839319753, 0.0012778496255870361, 0.0014145771723181096, 0.001158132623268064, 0.0013629357480754566, 0.0014342001551407941]]</COVARIANCE_MATRIX>
		<ROI_SIZE>233</ROI_SIZE>
		<MAX_VALUE>[0.3348611295223236, 0.3253822326660156, 0.3304586112499237, 0.5148478746414185, 0.43387293815612793, 0.35828885436058044]</MAX_VALUE>
		<MIN_VALUE>[0.19189150631427765, 0.18328861892223358, 0.17517989873886108, 0.3795602023601532, 0.2779877483844757, 0.2108493149280548]</MIN_VALUE>
		<SIGNATURE_THRESHOLD_MD>0.0</SIGNATURE_THRESHOLD_MD>
		<SIGNATURE_THRESHOLD_ML>0.0</SIGNATURE_THRESHOLD_ML>
		<SIGNATURE_THRESHOLD_SAM>0.0</SIGNATURE_THRESHOLD_SAM>
	</signature>
	<signature ID="20181217_092533037000_843">
		<MACROCLASSID>3</MACROCLASSID>
		<MACROCLASSINFO>barren</MACROCLASSINFO>
		<CLASSID>39</CLASSID>
		<CLASSINFO>C 1</CLASSINFO>
		<VALUES>[0.11634753118543065, 0.008190244413703569, 0.10029055684167432, 0.010172477394419272, 0.09843463163802962, 0.013080869145692925, 0.2511469343288698, 0.019969298462979866, 0.29952878126486104, 0.01923238007828139, 0.19185596059031665, 0.019798328502582365]</VALUES>
		<LCS_MIN>[0.10208906978368759, 0.08126694709062576, 0.07284374535083771, 0.2004719376564026, 0.26938486099243164, 0.1557728499174118]</LCS_MIN>
		<LCS_MAX>[0.14820323884487152, 0.13474859297275543, 0.14773154258728027, 0.3164199888706207, 0.37028345465660095, 0.25514405965805054]</LCS_MAX>
		<WAVELENGTH>[0.48, 0.56, 0.655, 0.865, 1.61, 2.2]</WAVELENGTH>
		<MEAN_VALUE>[0.11634753118543065, 0.10029055684167432, 0.09843463163802962, 0.2511469343288698, 0.29952878126486104, 0.19185596059031665]</MEAN_VALUE>
		<CHECKBOX>2</CHECKBOX>
		<SD>[0.008190244413703569, 0.010172477394419272, 0.013080869145692925, 0.019969298462979866, 0.01923238007828139, 0.019798328502582365]</SD>
		<WAVELENGTH_UNIT>E-6m</WAVELENGTH_UNIT>
		<COLOR>#ff5500</COLOR>
		<COVARIANCE_MATRIX>[[6.74407492742467e-05, 8.110672550041785e-05, 0.0001037930199726665, 0.00012077971328819335, 8.881745405752215e-05, 6.919307157970289e-05], [8.110672550041785e-05, 0.00010403563664287419, 0.00012906333735303503, 0.00016328038793950866, 0.00010145605677068037, 7.291547165287045e-05], [0.0001037930199726665, 0.00012906333735303503, 0.0001720290792067775, 0.0001789309185827232, 0.0001573992894494321, 0.00012666686472534368], [0.00012077971328819335, 0.00016328038793950866, 0.0001789309185827232, 0.0004009168213245575, 6.31370973751721e-05, -2.606557288441987e-05], [8.881745405752215e-05, 0.00010145605677068037, 0.0001573992894494321, 6.31370973751721e-05, 0.00037187306951566573, 0.0003527558940226757], [6.919307157970289e-05, 7.291547165287045e-05, 0.00012666686472534368, -2.606557288441987e-05, 0.0003527558940226757, 0.00039408119757947796]]</COVARIANCE_MATRIX>
		<ROI_SIZE>187</ROI_SIZE>
		<MAX_VALUE>[0.14820323884487152, 0.13474859297275543, 0.14773154258728027, 0.3164199888706207, 0.37028345465660095, 0.25514405965805054]</MAX_VALUE>
		<MIN_VALUE>[0.10208906978368759, 0.08126694709062576, 0.07284374535083771, 0.2004719376564026, 0.26938486099243164, 0.1557728499174118]</MIN_VALUE>
		<SIGNATURE_THRESHOLD_MD>0.0</SIGNATURE_THRESHOLD_MD>
		<SIGNATURE_THRESHOLD_ML>0.0</SIGNATURE_THRESHOLD_ML>
		<SIGNATURE_THRESHOLD_SAM>0.0</SIGNATURE_THRESHOLD_SAM>
	</signature>
	<signature ID="20181217_084356864000_332">
		<MACROCLASSID>2</MACROCLASSID>
		<MACROCLASSINFO>begetation</MACROCLASSINFO>
		<CLASSID>11</CLASSID>
		<CLASSINFO>C 1</CLASSINFO>
		<VALUES>[0.10629423973815781, 0.007174337013932503, 0.0837008404944624, 0.008073264656558833, 0.05517109536698886, 0.009713892743051077, 0.2995013871363231, 0.022410500957204954, 0.12171590168561254, 0.015434604421494202, 0.0484678362097059, 0.00970367979054783]</VALUES>
		<LCS_MIN>[0.10038196295499802, 0.0750000849366188, 0.04548522084951401, 0.2735852599143982, 0.10044935345649719, 0.03618602454662323]</LCS_MIN>
		<LCS_MAX>[0.1296272873878479, 0.10752483457326889, 0.08497314900159836, 0.3486078083515167, 0.14932632446289062, 0.06700366735458374]</LCS_MAX>
		<WAVELENGTH>[0.48, 0.56, 0.655, 0.865, 1.61, 2.2]</WAVELENGTH>
		<MEAN_VALUE>[0.10629423973815781, 0.0837008404944624, 0.05517109536698886, 0.2995013871363231, 0.12171590168561254, 0.0484678362097059]</MEAN_VALUE>
		<CHECKBOX>2</CHECKBOX>
		<SD>[0.007174337013932503, 0.008073264656558833, 0.009713892743051077, 0.022410500957204954, 0.015434604421494202, 0.00970367979054783]</SD>
		<WAVELENGTH_UNIT>E-6m</WAVELENGTH_UNIT>
		<COLOR>#00aa00</COLOR>
		<COVARIANCE_MATRIX>[[5.5430427865595916e-05, 5.921650585228091e-05, 7.248970707700262e-05, -3.144414935835731e-05, 3.7754654829994914e-05, 5.6654108784330756e-05], [5.921650585228091e-05, 7.019126392367593e-05, 8.148436517121024e-05, -3.2843877197820192e-06, 6.997032025388333e-05, 7.346362486867736e-05], [7.248970707700262e-05, 8.148436517121024e-05, 0.00010161815162530807, -3.9402369859731715e-05, 6.0494680982472866e-05, 7.925121854116146e-05], [-3.144414935835731e-05, -3.2843877197820192e-06, -3.9402369859731715e-05, 0.0005408636726261832, 0.0002576474777224111, 6.265476401183386e-05], [3.7754654829994914e-05, 6.997032025388333e-05, 6.0494680982472866e-05, 0.0002576474777224111, 0.000256552168544009, 0.0001335564150789357], [5.6654108784330756e-05, 7.346362486867736e-05, 7.925121854116146e-05, 6.265476401183386e-05, 0.0001335564150789357, 0.0001014045862065238]]</COVARIANCE_MATRIX>
		<ROI_SIZE>14</ROI_SIZE>
		<MAX_VALUE>[0.1296272873878479, 0.10752483457326889, 0.08497314900159836, 0.3486078083515167, 0.14932632446289062, 0.06700366735458374]</MAX_VALUE>
		<MIN_VALUE>[0.10038196295499802, 0.0750000849366188, 0.04548522084951401, 0.2735852599143982, 0.10044935345649719, 0.03618602454662323]</MIN_VALUE>
		<SIGNATURE_THRESHOLD_MD>0.0</SIGNATURE_THRESHOLD_MD>
		<SIGNATURE_THRESHOLD_ML>0.0</SIGNATURE_THRESHOLD_ML>
		<SIGNATURE_THRESHOLD_SAM>0.0</SIGNATURE_THRESHOLD_SAM>
	</signature>
	<signature ID="20181217_084007736000_495">
		<MACROCLASSID>3</MACROCLASSID>
		<MACROCLASSINFO>barren</MACROCLASSINFO>
		<CLASSID>7</CLASSID>
		<CLASSINFO>C 1</CLASSINFO>
		<VALUES>[0.09434864662591184, 0.0032788618721736884, 0.08951875200758434, 0.0060016199595136314, 0.06834965832761938, 0.008659646913378102, 0.262405074944898, 0.026087165961455147, 0.12630580694745808, 0.021319454180064937, 0.05636441068229988, 0.009630630056676904]</VALUES>
		<LCS_MIN>[0.08739902079105377, 0.07524716109037399, 0.048674799501895905, 0.2042904496192932, 0.07374221831560135, 0.03313121572136879]</LCS_MIN>
		<LCS_MAX>[0.11752035468816757, 0.11817175149917603, 0.11850866675376892, 0.3061998188495636, 0.1721700131893158, 0.0869048610329628]</LCS_MAX>
		<WAVELENGTH>[0.48, 0.56, 0.655, 0.865, 1.61, 2.2]</WAVELENGTH>
		<MEAN_VALUE>[0.09434864662591184, 0.08951875200758434, 0.06834965832761938, 0.262405074944898, 0.12630580694745808, 0.05636441068229988]</MEAN_VALUE>
		<CHECKBOX>2</CHECKBOX>
		<SD>[0.0032788618721736884, 0.0060016199595136314, 0.008659646913378102, 0.026087165961455147, 0.021319454180064937, 0.009630630056676904]</SD>
		<WAVELENGTH_UNIT>E-6m</WAVELENGTH_UNIT>
		<COLOR>#ff5500</COLOR>
		<COVARIANCE_MATRIX>[[1.0437502593662621e-05, 1.6226577842304384e-05, 2.6150819541146598e-05, 4.953236717424013e-06, 1.6463951661141006e-05, 9.763969858528894e-06], [1.6226577842304384e-05, 3.5322168418468846e-05, 4.1237839646730506e-05, 5.3018949108378525e-05, 5.15839783387139e-05, 2.8240827703449946e-05], [2.6150819541146598e-05, 4.1237839646730506e-05, 7.359104341393321e-05, -4.2026834179700745e-06, 3.328257424718221e-05, 2.2223622774937987e-05], [4.953236717424013e-06, 5.3018949108378525e-05, -4.2026834179700745e-06, 0.000683271493443684, 0.0004295452226030794, 0.000176315963683104], [1.6463951661141006e-05, 5.15839783387139e-05, 3.328257424718221e-05, 0.0004295452226030794, 0.00045124945540161684, 0.00019644174106157088], [9.763969858528894e-06, 2.8240827703449946e-05, 2.2223622774937987e-05, 0.000176315963683104, 0.00019644174106157088, 9.257872935809799e-05]]</COVARIANCE_MATRIX>
		<ROI_SIZE>3301</ROI_SIZE>
		<MAX_VALUE>[0.11752035468816757, 0.11817175149917603, 0.11850866675376892, 0.3061998188495636, 0.1721700131893158, 0.0869048610329628]</MAX_VALUE>
		<MIN_VALUE>[0.08739902079105377, 0.07524716109037399, 0.048674799501895905, 0.2042904496192932, 0.07374221831560135, 0.03313121572136879]</MIN_VALUE>
		<SIGNATURE_THRESHOLD_MD>0.0</SIGNATURE_THRESHOLD_MD>
		<SIGNATURE_THRESHOLD_ML>0.0</SIGNATURE_THRESHOLD_ML>
		<SIGNATURE_THRESHOLD_SAM>0.0</SIGNATURE_THRESHOLD_SAM>
	</signature>
	<signature ID="20181217_091728921000_415">
		<MACROCLASSID>2</MACROCLASSID>
		<MACROCLASSINFO>begetation</MACROCLASSINFO>
		<CLASSID>32</CLASSID>
		<CLASSINFO>C 1</CLASSINFO>
		<VALUES>[0.06977980469093945, 0.005060654752007104, 0.04256474296333363, 0.005030394247533272, 0.025623801741443686, 0.005196484587297951, 0.07389186927285359, 0.018072363499648334, 0.028912067798073166, 0.010181783708073048, 0.012012293678326685, 0.0062941119736147425]</VALUES>
		<LCS_MIN>[0.06392639875411987, 0.03717435151338577, 0.02097935974597931, 0.04964066669344902, 0.016307294368743896, 0.005592996254563332]</LCS_MIN>
		<LCS_MAX>[0.09108276665210724, 0.06814922392368317, 0.05292009562253952, 0.11931730061769485, 0.06725075095891953, 0.04056607559323311]</LCS_MAX>
		<WAVELENGTH>[0.48, 0.56, 0.655, 0.865, 1.61, 2.2]</WAVELENGTH>
		<MEAN_VALUE>[0.06977980469093945, 0.04256474296333363, 0.025623801741443686, 0.07389186927285359, 0.028912067798073166, 0.012012293678326685]</MEAN_VALUE>
		<CHECKBOX>2</CHECKBOX>
		<SD>[0.005060654752007104, 0.005030394247533272, 0.005196484587297951, 0.018072363499648334, 0.010181783708073048, 0.0062941119736147425]</SD>
		<WAVELENGTH_UNIT>E-6m</WAVELENGTH_UNIT>
		<COLOR>#00aa00</COLOR>
		<COVARIANCE_MATRIX>[[2.5694470685192975e-05, 2.461522871119665e-05, 2.5504122699144e-05, 7.036911423435357e-05, 4.5541254253740996e-05, 3.0184127913320203e-05], [2.461522871119665e-05, 2.538810597734488e-05, 2.5670956582827567e-05, 7.371432036327288e-05, 4.700052146783848e-05, 3.0450035019896557e-05], [2.5504122699144e-05, 2.5670956582827567e-05, 2.7092279210979164e-05, 7.012168472282702e-05, 4.694780520873228e-05, 3.152572212027134e-05], [7.036911423435357e-05, 7.371432036327288e-05, 7.012168472282702e-05, 0.0003276846985241561, 0.00017196133776004155, 9.259646499762418e-05], [4.5541254253740996e-05, 4.700052146783848e-05, 4.694780520873228e-05, 0.00017196133776004155, 0.00010400973500258034, 6.076857382450363e-05], [3.0184127913320203e-05, 3.0450035019896557e-05, 3.152572212027134e-05, 9.259646499762418e-05, 6.076857382450363e-05, 3.9746160817770195e-05]]</COVARIANCE_MATRIX>
		<ROI_SIZE>305</ROI_SIZE>
		<MAX_VALUE>[0.09108276665210724, 0.06814922392368317, 0.05292009562253952, 0.11931730061769485, 0.06725075095891953, 0.04056607559323311]</MAX_VALUE>
		<MIN_VALUE>[0.06392639875411987, 0.03717435151338577, 0.02097935974597931, 0.04964066669344902, 0.016307294368743896, 0.005592996254563332]</MIN_VALUE>
		<SIGNATURE_THRESHOLD_MD>0.0</SIGNATURE_THRESHOLD_MD>
		<SIGNATURE_THRESHOLD_ML>0.0</SIGNATURE_THRESHOLD_ML>
		<SIGNATURE_THRESHOLD_SAM>0.0</SIGNATURE_THRESHOLD_SAM>
	</signature>
	<signature ID="20181217_084800670000_624">
		<MACROCLASSID>3</MACROCLASSID>
		<MACROCLASSINFO>barren</MACROCLASSINFO>
		<CLASSID>16</CLASSID>
		<CLASSINFO>C 1</CLASSINFO>
		<VALUES>[0.08064153428339943, 0.0009597495401378319, 0.07883699276979513, 0.003692308717031641, 0.03979873481961449, 0.00232503549622643, 0.4760504442132344, 0.02960081393586273, 0.2145541591894928, 0.01500939654160926, 0.0866308292636309, 0.006828674942518078]</VALUES>
		<LCS_MIN>[0.0772462710738182, 0.06599288433790207, 0.0333109050989151, 0.4281676113605499, 0.16183754801750183, 0.05741245672106743]</LCS_MIN>
		<LCS_MAX>[0.0857817679643631, 0.09265508502721786, 0.05579521879553795, 0.5481587648391724, 0.2489670366048813, 0.10368385165929794]</LCS_MAX>
		<WAVELENGTH>[0.48, 0.56, 0.655, 0.865, 1.61, 2.2]</WAVELENGTH>
		<MEAN_VALUE>[0.08064153428339943, 0.07883699276979513, 0.03979873481961449, 0.4760504442132344, 0.2145541591894928, 0.0866308292636309]</MEAN_VALUE>
		<CHECKBOX>2</CHECKBOX>
		<SD>[0.0009597495401378319, 0.003692308717031641, 0.00232503549622643, 0.02960081393586273, 0.01500939654160926, 0.006828674942518078]</SD>
		<WAVELENGTH_UNIT>E-6m</WAVELENGTH_UNIT>
		<COLOR>#ff5500</COLOR>
		<COVARIANCE_MATRIX>[[9.333838161531892e-07, 3.01922591887899e-06, 1.8795466348947844e-06, -1.8678523240021546e-06, 3.053713656095396e-07, 7.538351962977929e-07], [3.01922591887899e-06, 1.3824079033723874e-05, 6.327667865277702e-06, -4.774957631882406e-06, 1.1218834273180238e-07, 1.388616135640168e-06], [1.8795466348947844e-06, 6.327667865277702e-06, 5.2597678031228564e-06, -2.7656615892182443e-05, -1.194709304784831e-05, -3.5365084780971326e-06], [-1.8678523240021546e-06, -4.774957631882406e-06, -2.7656615892182443e-05, 0.0008986254272219979, 0.0003193668518052159, 0.00011387324241291636], [3.053713656095396e-07, 1.1218834273180238e-07, -1.194709304784831e-05, 0.0003193668518052159, 0.0002600823877603609, 0.00011629557919757011], [7.538351962977929e-07, 1.388616135640168e-06, -3.5365084780971326e-06, 0.00011387324241291636, 0.00011629557919757011, 5.615517887986891e-05]]</COVARIANCE_MATRIX>
		<ROI_SIZE>3197</ROI_SIZE>
		<MAX_VALUE>[0.0857817679643631, 0.09265508502721786, 0.05579521879553795, 0.5481587648391724, 0.2489670366048813, 0.10368385165929794]</MAX_VALUE>
		<MIN_VALUE>[0.0772462710738182, 0.06599288433790207, 0.0333109050989151, 0.4281676113605499, 0.16183754801750183, 0.05741245672106743]</MIN_VALUE>
		<SIGNATURE_THRESHOLD_MD>0.0</SIGNATURE_THRESHOLD_MD>
		<SIGNATURE_THRESHOLD_ML>0.0</SIGNATURE_THRESHOLD_ML>
		<SIGNATURE_THRESHOLD_SAM>0.0</SIGNATURE_THRESHOLD_SAM>
	</signature>
	<signature ID="20181217_083858070000_236">
		<MACROCLASSID>4</MACROCLASSID>
		<MACROCLASSINFO>built-up</MACROCLASSINFO>
		<CLASSID>5</CLASSID>
		<CLASSINFO>C 1</CLASSINFO>
		<VALUES>[0.13912864223770474, 0.007581009351608499, 0.13352392581493958, 0.010969755972751726, 0.22364865243434906, 0.010297173392496814, 0.27388896112856653, 0.010064698410827742, 0.41868775823841925, 0.042201447353752496, 0.34976213263428724, 0.037537512518198854]</VALUES>
		<LCS_MIN>[0.12735863029956818, 0.11776743829250336, 0.20049439370632172, 0.2602653503417969, 0.33171647787094116, 0.28286197781562805]</LCS_MIN>
		<LCS_MAX>[0.16219696402549744, 0.167924702167511, 0.2436211258172989, 0.2931045889854431, 0.5056609511375427, 0.4189133644104004]</LCS_MAX>
		<WAVELENGTH>[0.48, 0.56, 0.655, 0.865, 1.61, 2.2]</WAVELENGTH>
		<MEAN_VALUE>[0.13912864223770474, 0.13352392581493958, 0.22364865243434906, 0.27388896112856653, 0.41868775823841925, 0.34976213263428724]</MEAN_VALUE>
		<CHECKBOX>2</CHECKBOX>
		<SD>[0.007581009351608499, 0.010969755972751726, 0.010297173392496814, 0.010064698410827742, 0.042201447353752496, 0.037537512518198854]</SD>
		<WAVELENGTH_UNIT>E-6m</WAVELENGTH_UNIT>
		<COLOR>#ff0000</COLOR>
		<COVARIANCE_MATRIX>[[6.008405291595619e-05, 8.023343989340545e-05, 4.88014343781217e-06, -7.519708006146209e-06, -0.00011030103214939862, -6.466862678261248e-05], [8.023343989340545e-05, 0.0001258053436518004, 2.732316803632052e-05, -9.570083644494302e-06, -0.00014666437822467808, -7.858946177727363e-05], [4.88014343781217e-06, 2.732316803632052e-05, 0.00011085140623310544, 7.776839221426438e-05, 0.00017718462093033435, 0.00013033860792657022], [-7.519708006146209e-06, -9.570083644494302e-06, 7.776839221426438e-05, 0.0001059026156509602, 0.00014016829126866864, 7.922505508080056e-05], [-0.00011030103214939862, -0.00014666437822467808, 0.00017718462093033435, 0.00014016829126866864, 0.001861914984149341, 0.0014908993775188902], [-6.466862678261248e-05, -7.858946177727363e-05, 0.00013033860792657022, 7.922505508080056e-05, 0.0014908993775188902, 0.001473113248147296]]</COVARIANCE_MATRIX>
		<ROI_SIZE>23</ROI_SIZE>
		<MAX_VALUE>[0.16219696402549744, 0.167924702167511, 0.2436211258172989, 0.2931045889854431, 0.5056609511375427, 0.4189133644104004]</MAX_VALUE>
		<MIN_VALUE>[0.12735863029956818, 0.11776743829250336, 0.20049439370632172, 0.2602653503417969, 0.33171647787094116, 0.28286197781562805]</MIN_VALUE>
		<SIGNATURE_THRESHOLD_MD>0.0</SIGNATURE_THRESHOLD_MD>
		<SIGNATURE_THRESHOLD_ML>0.0</SIGNATURE_THRESHOLD_ML>
		<SIGNATURE_THRESHOLD_SAM>0.0</SIGNATURE_THRESHOLD_SAM>
	</signature>
	<signature ID="20181217_095447839000_821">
		<MACROCLASSID>3</MACROCLASSID>
		<MACROCLASSINFO>barren</MACROCLASSINFO>
		<CLASSID>42</CLASSID>
		<CLASSINFO>C 1</CLASSINFO>
		<VALUES>[0.3807706760197151, 0.042650238890691465, 0.3668295452144088, 0.04157240770631607, 0.3737347787473259, 0.04403362861466436, 0.51280056031012, 0.03182986286127184, 0.41914755760169614, 0.03238499329257952, 0.3438669675733984, 0.028042451455187845]</VALUES>
		<LCS_MIN>[0.3048296570777893, 0.2984504997730255, 0.3006742000579834, 0.4572332799434662, 0.3619725704193115, 0.28353583812713623]</LCS_MIN>
		<LCS_MAX>[0.4607372581958771, 0.4493941068649292, 0.4564695358276367, 0.5815594792366028, 0.4846591353416443, 0.3949241042137146]</LCS_MAX>
		<WAVELENGTH>[0.48, 0.56, 0.655, 0.865, 1.61, 2.2]</WAVELENGTH>
		<MEAN_VALUE>[0.3807706760197151, 0.3668295452144088, 0.3737347787473259, 0.51280056031012, 0.41914755760169614, 0.3438669675733984]</MEAN_VALUE>
		<CHECKBOX>2</CHECKBOX>
		<SD>[0.042650238890691465, 0.04157240770631607, 0.04403362861466436, 0.03182986286127184, 0.03238499329257952, 0.028042451455187845]</SD>
		<WAVELENGTH_UNIT>E-6m</WAVELENGTH_UNIT>
		<COLOR>#ff5500</COLOR>
		<COVARIANCE_MATRIX>[[0.001830202649687242, 0.001758034881806983, 0.0018677105089378284, 0.001180110803145009, 0.001058032891798416, 0.0007213265328987352], [0.001758034881806983, 0.0017388679357670394, 0.001835206175439752, 0.0011739327278527587, 0.0010904316326416663, 0.000758705585792392], [0.0018677105089378284, 0.001835206175439752, 0.0019508559118513332, 0.001273538534571376, 0.0011843072525108528, 0.0008360619853896593], [0.001180110803145009, 0.0011739327278527587, 0.001273538534571376, 0.001019355753630974, 0.0009985531506474727, 0.0008008848253688076], [0.001058032891798416, 0.0010904316326416663, 0.0011843072525108528, 0.0009985531506474727, 0.0010552220714841042, 0.0008754479230842904], [0.0007213265328987352, 0.000758705585792392, 0.0008360619853896593, 0.0008008848253688076, 0.0008754479230842904, 0.0007912034951724949]]</COVARIANCE_MATRIX>
		<ROI_SIZE>164</ROI_SIZE>
		<MAX_VALUE>[0.4607372581958771, 0.4493941068649292, 0.4564695358276367, 0.5815594792366028, 0.4846591353416443, 0.3949241042137146]</MAX_VALUE>
		<MIN_VALUE>[0.3048296570777893, 0.2984504997730255, 0.3006742000579834, 0.4572332799434662, 0.3619725704193115, 0.28353583812713623]</MIN_VALUE>
		<SIGNATURE_THRESHOLD_MD>0.0</SIGNATURE_THRESHOLD_MD>
		<SIGNATURE_THRESHOLD_ML>0.0</SIGNATURE_THRESHOLD_ML>
		<SIGNATURE_THRESHOLD_SAM>0.0</SIGNATURE_THRESHOLD_SAM>
	</signature>
	<signature ID="20181217_092155730000_759">
		<MACROCLASSID>3</MACROCLASSID>
		<MACROCLASSINFO>barren</MACROCLASSINFO>
		<CLASSID>36</CLASSID>
		<CLASSINFO>C 1</CLASSINFO>
		<VALUES>[0.24486595330396624, 0.03764774350684433, 0.23681892788509112, 0.0373323794156231, 0.22959422997171944, 0.04061581464976735, 0.41988331017652497, 0.03740020111284389, 0.33603614370852597, 0.04182149174624004, 0.24172446348113136, 0.040801618771302256]</VALUES>
		<LCS_MIN>[0.1796049028635025, 0.17738117277622223, 0.16471268236637115, 0.34717023372650146, 0.25298771262168884, 0.16954198479652405]</LCS_MIN>
		<LCS_MAX>[0.3371073305606842, 0.323203444480896, 0.3232932984828949, 0.4921165108680725, 0.41309574246406555, 0.3287065923213959]</LCS_MAX>
		<WAVELENGTH>[0.48, 0.56, 0.655, 0.865, 1.61, 2.2]</WAVELENGTH>
		<MEAN_VALUE>[0.24486595330396624, 0.23681892788509112, 0.22959422997171944, 0.41988331017652497, 0.33603614370852597, 0.24172446348113136]</MEAN_VALUE>
		<CHECKBOX>2</CHECKBOX>
		<SD>[0.03764774350684433, 0.0373323794156231, 0.04061581464976735, 0.03740020111284389, 0.04182149174624004, 0.040801618771302256]</SD>
		<WAVELENGTH_UNIT>E-6m</WAVELENGTH_UNIT>
		<COLOR>#ff5500</COLOR>
		<COVARIANCE_MATRIX>[[0.001423258226953627, 0.0013887732340564305, 0.0015175902920520443, 0.0012426424426275188, 0.001396417969769036, 0.0014355285441190174], [0.0013887732340564305, 0.0013995136634688393, 0.0015181232132064316, 0.0012778668750040246, 0.001436621113845476, 0.001466267884411492], [0.0015175902920520443, 0.0015181232132064316, 0.0016565179179961903, 0.0013938014563542964, 0.0015771825785599106, 0.0015940422127439446], [0.0012426424426275188, 0.0012778668750040246, 0.0013938014563542964, 0.001404603272628172, 0.0014911628986803193, 0.001420697931409144], [0.001396417969769036, 0.001436621113845476, 0.0015771825785599106, 0.0014911628986803193, 0.0017563248267636626, 0.0016462195028873127], [0.0014355285441190174, 0.001466267884411492, 0.0015940422127439446, 0.001420697931409144, 0.0016462195028873127, 0.0016717086447518457]]</COVARIANCE_MATRIX>
		<ROI_SIZE>241</ROI_SIZE>
		<MAX_VALUE>[0.3371073305606842, 0.323203444480896, 0.3232932984828949, 0.4921165108680725, 0.41309574246406555, 0.3287065923213959]</MAX_VALUE>
		<MIN_VALUE>[0.1796049028635025, 0.17738117277622223, 0.16471268236637115, 0.34717023372650146, 0.25298771262168884, 0.16954198479652405]</MIN_VALUE>
		<SIGNATURE_THRESHOLD_MD>0.0</SIGNATURE_THRESHOLD_MD>
		<SIGNATURE_THRESHOLD_ML>0.0</SIGNATURE_THRESHOLD_ML>
		<SIGNATURE_THRESHOLD_SAM>0.0</SIGNATURE_THRESHOLD_SAM>
	</signature>
	<signature ID="20181217_084936555000_339">
		<MACROCLASSID>3</MACROCLASSID>
		<MACROCLASSINFO>barren</MACROCLASSINFO>
		<CLASSID>18</CLASSID>
		<CLASSINFO>C 1</CLASSINFO>
		<VALUES>[0.07957492023706438, 0.0019844838141377056, 0.07129131459764068, 0.0021223086631196736, 0.05377204013722282, 0.003504316721808115, 0.2541451511638505, 0.014319249834244022, 0.17353152462414329, 0.014894016986398114, 0.08996031284332275, 0.012352180641059975]</VALUES>
		<LCS_MIN>[0.07578624784946442, 0.0654088705778122, 0.04535045102238655, 0.22385470569133759, 0.15256083011627197, 0.06871075928211212]</LCS_MIN>
		<LCS_MAX>[0.08513037860393524, 0.0761231780052185, 0.06147804856300354, 0.28537771105766296, 0.21062469482421875, 0.1180594339966774]</LCS_MAX>
		<WAVELENGTH>[0.48, 0.56, 0.655, 0.865, 1.61, 2.2]</WAVELENGTH>
		<MEAN_VALUE>[0.07957492023706438, 0.07129131459764068, 0.05377204013722282, 0.2541451511638505, 0.17353152462414329, 0.08996031284332275]</MEAN_VALUE>
		<CHECKBOX>2</CHECKBOX>
		<SD>[0.0019844838141377056, 0.0021223086631196736, 0.003504316721808115, 0.014319249834244022, 0.014894016986398114, 0.012352180641059975]</SD>
		<WAVELENGTH_UNIT>E-6m</WAVELENGTH_UNIT>
		<COLOR>#ff5500</COLOR>
		<COVARIANCE_MATRIX>[[3.9952510231915595e-06, 3.4117448071288785e-06, 6.362414170308048e-06, -1.1058315510283139e-05, 2.3114850759886458e-05, 2.1990610592133123e-05], [3.4117448071288785e-06, 4.569472236357942e-06, 6.2526111545545005e-06, -4.3940083151560145e-06, 1.774980140130332e-05, 1.6969746754375095e-05], [6.362414170308048e-06, 6.2526111545545005e-06, 1.2458210116986644e-05, -2.0936620816615957e-05, 4.1108533578032744e-05, 3.755339635522038e-05], [-1.1058315510283139e-05, -4.3940083151560145e-06, -2.0936620816615957e-05, 0.00020801252329108441, -2.170804053792072e-05, -7.384906794656824e-05], [2.3114850759886458e-05, 1.774980140130332e-05, 4.1108533578032744e-05, -2.170804053792072e-05, 0.00022504669477359539, 0.00016895723997874688], [2.1990610592133123e-05, 1.6969746754375095e-05, 3.755339635522038e-05, -7.384906794656824e-05, 0.00016895723997874688, 0.0001547876182790779]]</COVARIANCE_MATRIX>
		<ROI_SIZE>70</ROI_SIZE>
		<MAX_VALUE>[0.08513037860393524, 0.0761231780052185, 0.06147804856300354, 0.28537771105766296, 0.21062469482421875, 0.1180594339966774]</MAX_VALUE>
		<MIN_VALUE>[0.07578624784946442, 0.0654088705778122, 0.04535045102238655, 0.22385470569133759, 0.15256083011627197, 0.06871075928211212]</MIN_VALUE>
		<SIGNATURE_THRESHOLD_MD>0.0</SIGNATURE_THRESHOLD_MD>
		<SIGNATURE_THRESHOLD_ML>0.0</SIGNATURE_THRESHOLD_ML>
		<SIGNATURE_THRESHOLD_SAM>0.0</SIGNATURE_THRESHOLD_SAM>
	</signature>
	<signature ID="20181217_083654840000_726">
		<MACROCLASSID>3</MACROCLASSID>
		<MACROCLASSINFO>barren</MACROCLASSINFO>
		<CLASSID>3</CLASSID>
		<CLASSINFO>C 1</CLASSINFO>
		<VALUES>[0.09033566599171008, 0.0034564587020812845, 0.08188802108008371, 0.006067668549385244, 0.06351592480855923, 0.009220518304704932, 0.24372451055434433, 0.022689496261604904, 0.11263622900330897, 0.014874560747099053, 0.05219739073667153, 0.007182024373189667]</VALUES>
		<LCS_MIN>[0.08447898179292679, 0.07104679942131042, 0.04620400816202164, 0.18117721378803253, 0.07576378434896469, 0.03539986535906792]</LCS_MIN>
		<LCS_MAX>[0.10505402833223343, 0.11082672327756882, 0.10568295419216156, 0.27985209226608276, 0.1549866944551468, 0.07672964781522751]</LCS_MAX>
		<WAVELENGTH>[0.48, 0.56, 0.655, 0.865, 1.61, 2.2]</WAVELENGTH>
		<MEAN_VALUE>[0.09033566599171008, 0.08188802108008371, 0.06351592480855923, 0.24372451055434433, 0.11263622900330897, 0.05219739073667153]</MEAN_VALUE>
		<CHECKBOX>2</CHECKBOX>
		<SD>[0.0034564587020812845, 0.006067668549385244, 0.009220518304704932, 0.022689496261604904, 0.014874560747099053, 0.007182024373189667]</SD>
		<WAVELENGTH_UNIT>E-6m</WAVELENGTH_UNIT>
		<COLOR>#ff5500</COLOR>
		<COVARIANCE_MATRIX>[[1.1979309203288289e-05, 1.8954309002696337e-05, 2.973056339996028e-05, -5.595789100428979e-07, 2.088382416516806e-05, 1.2196791815437068e-05], [1.8954309002696337e-05, 3.691583774817781e-05, 5.1640887966701776e-05, 1.4478779030139398e-05, 3.902797868190384e-05, 2.0986869491575716e-05], [2.973056339996028e-05, 5.1640887966701776e-05, 8.524711672332167e-05, -1.902027554421488e-05, 5.099875879291031e-05, 3.225809053024166e-05], [-5.595789100428979e-07, 1.4478779030139398e-05, -1.902027554421488e-05, 0.0005162008773725145, 0.00023837168653502954, 8.745692662836991e-05], [2.088382416516806e-05, 3.902797868190384e-05, 5.099875879291031e-05, 0.00023837168653502954, 0.00022184892549843648, 9.989297186108352e-05], [1.2196791815437068e-05, 2.0986869491575716e-05, 3.225809053024166e-05, 8.745692662836991e-05, 9.989297186108352e-05, 5.1720507719993644e-05]]</COVARIANCE_MATRIX>
		<ROI_SIZE>372</ROI_SIZE>
		<MAX_VALUE>[0.10505402833223343, 0.11082672327756882, 0.10568295419216156, 0.27985209226608276, 0.1549866944551468, 0.07672964781522751]</MAX_VALUE>
		<MIN_VALUE>[0.08447898179292679, 0.07104679942131042, 0.04620400816202164, 0.18117721378803253, 0.07576378434896469, 0.03539986535906792]</MIN_VALUE>
		<SIGNATURE_THRESHOLD_MD>0.0</SIGNATURE_THRESHOLD_MD>
		<SIGNATURE_THRESHOLD_ML>0.0</SIGNATURE_THRESHOLD_ML>
		<SIGNATURE_THRESHOLD_SAM>0.0</SIGNATURE_THRESHOLD_SAM>
	</signature>
	<signature ID="20181217_085112644000_344">
		<MACROCLASSID>3</MACROCLASSID>
		<MACROCLASSINFO>barren</MACROCLASSINFO>
		<CLASSID>20</CLASSID>
		<CLASSINFO>C 1</CLASSINFO>
		<VALUES>[0.08780195739481386, 0.002960215826224864, 0.08067155104857855, 0.005148410340507255, 0.0604156587577707, 0.008398074287335397, 0.2582657487850205, 0.028876461309526646, 0.12254408742732494, 0.01974970458995541, 0.05534967936146855, 0.008506004050341824]</VALUES>
		<LCS_MIN>[0.07933521270751953, 0.06316269934177399, 0.03661279380321503, 0.1994386911392212, 0.06911508738994598, 0.03230012208223343]</LCS_MIN>
		<LCS_MAX>[0.1072777584195137, 0.10806391388177872, 0.11361199617385864, 0.30934450030326843, 0.16702625155448914, 0.08926335722208023]</LCS_MAX>
		<WAVELENGTH>[0.48, 0.56, 0.655, 0.865, 1.61, 2.2]</WAVELENGTH>
		<MEAN_VALUE>[0.08780195739481386, 0.08067155104857855, 0.0604156587577707, 0.2582657487850205, 0.12254408742732494, 0.05534967936146855]</MEAN_VALUE>
		<CHECKBOX>2</CHECKBOX>
		<SD>[0.002960215826224864, 0.005148410340507255, 0.008398074287335397, 0.028876461309526646, 0.01974970458995541, 0.008506004050341824]</SD>
		<WAVELENGTH_UNIT>E-6m</WAVELENGTH_UNIT>
		<COLOR>#ff5500</COLOR>
		<COVARIANCE_MATRIX>[[1.0110035801998813e-05, 1.5263833008279023e-05, 2.6392698006060107e-05, -1.7459996138489817e-05, 1.566179442734585e-05, 1.1337037600398843e-05], [1.5263833008279023e-05, 2.9263692193308542e-05, 4.127205418129364e-05, 1.0532824627477717e-05, 4.126353392616529e-05, 2.4371026957584308e-05], [2.6392698006060107e-05, 4.127205418129364e-05, 7.600002910582131e-05, -7.531383699600895e-05, 2.0503931431876154e-05, 2.1825339623073796e-05], [-1.7459996138489817e-05, 1.0532824627477717e-05, -7.531383699600895e-05, 0.0008322618827902421, 0.0004449481416663546, 0.0001600989043001854], [1.566179442734585e-05, 4.126353392616529e-05, 2.0503931431876154e-05, 0.0004449481416663546, 0.0004089622883643881, 0.00017202612638983432], [1.1337037600398843e-05, 2.4371026957584308e-05, 2.1825339623073796e-05, 0.0001600989043001854, 0.00017202612638983432, 7.871023793526246e-05]]</COVARIANCE_MATRIX>
		<ROI_SIZE>6742</ROI_SIZE>
		<MAX_VALUE>[0.1072777584195137, 0.10806391388177872, 0.11361199617385864, 0.30934450030326843, 0.16702625155448914, 0.08926335722208023]</MAX_VALUE>
		<MIN_VALUE>[0.07933521270751953, 0.06316269934177399, 0.03661279380321503, 0.1994386911392212, 0.06911508738994598, 0.03230012208223343]</MIN_VALUE>
		<SIGNATURE_THRESHOLD_MD>0.0</SIGNATURE_THRESHOLD_MD>
		<SIGNATURE_THRESHOLD_ML>0.0</SIGNATURE_THRESHOLD_ML>
		<SIGNATURE_THRESHOLD_SAM>0.0</SIGNATURE_THRESHOLD_SAM>
	</signature>
	<signature ID="20181217_092630278000_688">
		<MACROCLASSID>3</MACROCLASSID>
		<MACROCLASSINFO>barren</MACROCLASSINFO>
		<CLASSID>40</CLASSID>
		<CLASSINFO>C 1</CLASSINFO>
		<VALUES>[0.12843346235252198, 0.026195763132759148, 0.11337533306617006, 0.027861078954309292, 0.10928699963959519, 0.030118920000598553, 0.26858889616600623, 0.03239991862403485, 0.28134900594023854, 0.035651046761351744, 0.1796649162179188, 0.032164651577434096]</VALUES>
		<LCS_MIN>[0.09809084981679916, 0.08059307932853699, 0.06451039761304855, 0.1882302463054657, 0.17818978428840637, 0.09072337299585342]</LCS_MIN>
		<LCS_MAX>[0.22794274985790253, 0.21633000671863556, 0.21707125008106232, 0.3439806401729584, 0.3295826017856598, 0.24240821599960327]</LCS_MAX>
		<WAVELENGTH>[0.48, 0.56, 0.655, 0.865, 1.61, 2.2]</WAVELENGTH>
		<MEAN_VALUE>[0.12843346235252198, 0.11337533306617006, 0.10928699963959519, 0.26858889616600623, 0.28134900594023854, 0.1796649162179188]</MEAN_VALUE>
