<?xml version="1.0" ?>
<signaturelist MCID_LIST="[['1', 'waterbody', '#0000ff'], ['2', 'vegetation', '#00ff00'], ['3', 'barren', '#ffaa00'], ['4', 'builtup', '#ff0000']]">
	<signature ID="20190913_100844962672_278">
		<MACROCLASSID>1</MACROCLASSID>
		<MACROCLASSINFO>waterbody</MACROCLASSINFO>
		<CLASSID>36</CLASSID>
		<CLASSINFO>C 1</CLASSINFO>
		<VALUES>[818.5266863594077, 76.5958801059349, 941.7960182899664, 184.0114562442841, 624.1133816210048, 161.78570125610852, 375.3638166147375, 41.09749584591048, 323.93574232185546, 33.29740639512668, 266.6893942459471, 28.455118272945292]</VALUES>
		<LCS_MIN>[625.0, 530.0, 323.0, 274.0, 236.0, 195.0]</LCS_MIN>
		<LCS_MAX>[979.0, 1278.0, 1151.0, 549.0, 449.0, 372.0]</LCS_MAX>
		<WAVELENGTH>[0.48, 0.56, 0.655, 0.865, 1.61, 2.2]</WAVELENGTH>
		<MEAN_VALUE>[818.5266863594077, 941.7960182899664, 624.1133816210048, 375.3638166147375, 323.93574232185546, 266.6893942459471]</MEAN_VALUE>
		<CHECKBOX>2</CHECKBOX>
		<SD>[76.5958801059349, 184.0114562442841, 161.78570125610852, 41.09749584591048, 33.29740639512668, 28.455118272945292]</SD>
		<WAVELENGTH_UNIT>E-6m</WAVELENGTH_UNIT>
		<COLOR>#944f32</COLOR>
		<COVARIANCE_MATRIX>[[5638.856685672328, 12937.198215490736, 10289.67431712228, 2422.9496266693227, 1772.7890050258857, 1516.671463870744], [12937.198215490736, 33176.66669758989, 27183.662361553044, 5807.003272247907, 4003.089189352188, 3435.300059490209], [10289.67431712228, 27183.662361553044, 24291.22159617502, 5225.163542816499, 3393.0442871144733, 2910.7446784918207], [2422.9496266693227, 5807.003272247907, 5225.163542816499, 1577.3402775436828, 1233.5824250008757, 1055.1609035123074], [1772.7890050258857, 4003.089189352188, 3393.0442871144733, 1233.5824250008757, 1102.7906499068108, 935.6564798709642], [1516.671463870744, 3435.300059490209, 2910.7446784918207, 1055.1609035123074, 935.6564798709642, 806.0023106325445]]</COVARIANCE_MATRIX>
		<ROI_SIZE>331270</ROI_SIZE>
		<MAX_VALUE>[979.0, 1278.0, 1151.0, 549.0, 449.0, 372.0]</MAX_VALUE>
		<MIN_VALUE>[625.0, 530.0, 323.0, 274.0, 236.0, 195.0]</MIN_VALUE>
		<SIGNATURE_THRESHOLD_MD>0</SIGNATURE_THRESHOLD_MD>
		<SIGNATURE_THRESHOLD_ML>0</SIGNATURE_THRESHOLD_ML>
		<SIGNATURE_THRESHOLD_SAM>0</SIGNATURE_THRESHOLD_SAM>
	</signature>
	<signature ID="20190913_100852144286_179">
		<MACROCLASSID>1</MACROCLASSID>
		<MACROCLASSINFO>waterbody</MACROCLASSINFO>
		<CLASSID>37</CLASSID>
		<CLASSINFO>C 1</CLASSINFO>
		<VALUES>[467.539175448326, 12.240294155819516, 371.7717507857314, 13.23253638341784, 276.5522647439454, 16.414285872095213, 224.62122388611573, 19.900287409738024, 185.1031983730823, 20.87889790296582, 150.77637271214732, 17.26195198157497]</VALUES>
		<LCS_MIN>[409.0, 305.0, 201.0, 133.0, 89.0, 69.0]</LCS_MIN>
		<LCS_MAX>[592.0, 512.0, 440.0, 383.0, 275.0, 197.0]</LCS_MAX>
		<WAVELENGTH>[0.48, 0.56, 0.655, 0.865, 1.61, 2.2]</WAVELENGTH>
		<MEAN_VALUE>[467.539175448326, 371.7717507857314, 276.5522647439454, 224.62122388611573, 185.1031983730823, 150.77637271214732]</MEAN_VALUE>
		<CHECKBOX>2</CHECKBOX>
		<SD>[12.240294155819516, 13.23253638341784, 16.414285872095213, 19.900287409738024, 20.87889790296582, 17.26195198157497]</SD>
		<WAVELENGTH_UNIT>E-6m</WAVELENGTH_UNIT>
		<COLOR>#7965b6</COLOR>
		<COVARIANCE_MATRIX>[[153.36184183035968, 138.76136508692326, 172.08566642812605, 202.1117467665529, 200.48086553853352, 165.25007302947358], [138.76136508692326, 185.58112238622257, 213.44069651607035, 252.68600478478328, 261.7581180108633, 217.23053581979687], [172.08566642812605, 213.44069651607035, 275.1594913278514, 323.6851851741951, 332.4840458860933, 274.0254442605374], [202.1117467665529, 252.68600478478328, 323.6851851741951, 402.89895031938556, 408.3552969281452, 336.5074548925501], [200.48086553853352, 261.7581180108633, 332.4840458860933, 408.3552969281452, 443.05846815338816, 360.03944101915545], [165.25007302947358, 217.23053581979687, 274.0254442605374, 336.5074548925501, 360.03944101915545, 302.9524734051362]]</COVARIANCE_MATRIX>
		<ROI_SIZE>361164</ROI_SIZE>
		<MAX_VALUE>[592.0, 512.0, 440.0, 383.0, 275.0, 197.0]</MAX_VALUE>
		<MIN_VALUE>[409.0, 305.0, 201.0, 133.0, 89.0, 69.0]</MIN_VALUE>
		<SIGNATURE_THRESHOLD_MD>0</SIGNATURE_THRESHOLD_MD>
		<SIGNATURE_THRESHOLD_ML>0</SIGNATURE_THRESHOLD_ML>
		<SIGNATURE_THRESHOLD_SAM>0</SIGNATURE_THRESHOLD_SAM>
	</signature>
	<signature ID="20190913_100903051550_512">
		<MACROCLASSID>1</MACROCLASSID>
		<MACROCLASSINFO>waterbody</MACROCLASSINFO>
		<CLASSID>38</CLASSID>
		<CLASSINFO>C 1</CLASSINFO>
		<VALUES>[1010.276393755975, 85.30172485214771, 1294.0546670914364, 91.10150023317966, 1163.5574386747378, 109.00733305618198, 653.3989805670585, 101.184815273362, 512.035234151004, 93.65685148920271, 423.78853137941877, 79.13742573926523]</VALUES>
		<LCS_MIN>[565.0, 807.0, 641.0, 289.0, 174.0, 128.0]</LCS_MIN>
		<LCS_MAX>[1485.0, 1777.0, 1637.0, 1115.0, 1013.0, 852.0]</LCS_MAX>
		<WAVELENGTH>[0.48, 0.56, 0.655, 0.865, 1.61, 2.2]</WAVELENGTH>
		<MEAN_VALUE>[1010.276393755975, 1294.0546670914364, 1163.5574386747378, 653.3989805670585, 512.035234151004, 423.78853137941877]</MEAN_VALUE>
		<CHECKBOX>2</CHECKBOX>
		<SD>[85.30172485214771, 91.10150023317966, 109.00733305618198, 101.184815273362, 93.65685148920271, 79.13742573926523]</SD>
		<WAVELENGTH_UNIT>E-6m</WAVELENGTH_UNIT>
		<COLOR>#a523a0</COLOR>
		<COVARIANCE_MATRIX>[[7283.360027900418, 7428.014514821885, 6584.810150098135, 5361.36845810098, 6357.164595478927, 5438.603739358174], [7428.014514821885, 8789.409456621335, 8694.071011788858, 6400.942234029366, 6921.906225565523, 5959.093545089286], [6584.810150098135, 8694.071011788858, 12537.030302538087, 8663.888340544501, 5906.486760904636, 5049.4346522667065], [5361.36845810098, 6400.942234029366, 8663.888340544501, 10231.582727813457, 7343.75273616975, 5980.171291057367], [6357.164595478927, 6921.906225565523, 5906.486760904636, 7343.75273616975, 8865.36883625335, 7445.016760873166], [5438.603739358174, 5959.093545089286, 5049.4346522667065, 5980.171291057367, 7445.016760873166, 6368.536454935255]]</COVARIANCE_MATRIX>
		<ROI_SIZE>168050</ROI_SIZE>
		<MAX_VALUE>[1485.0, 1777.0, 1637.0, 1115.0, 1013.0, 852.0]</MAX_VALUE>
		<MIN_VALUE>[565.0, 807.0, 641.0, 289.0, 174.0, 128.0]</MIN_VALUE>
		<SIGNATURE_THRESHOLD_MD>0</SIGNATURE_THRESHOLD_MD>
		<SIGNATURE_THRESHOLD_ML>0</SIGNATURE_THRESHOLD_ML>
		<SIGNATURE_THRESHOLD_SAM>0</SIGNATURE_THRESHOLD_SAM>
	</signature>
	<signature ID="20190913_100918341668_916">
		<MACROCLASSID>1</MACROCLASSID>
		<MACROCLASSINFO>waterbody</MACROCLASSINFO>
		<CLASSID>39</CLASSID>
		<CLASSINFO>C 1</CLASSINFO>
		<VALUES>[586.7902603664411, 38.36416231931288, 752.1393442622946, 69.52535987065329, 571.0911282545813, 69.97170449180763, 485.46697203471496, 81.42575416573212, 330.9076663452269, 79.45070831732068, 233.24035679845667, 58.140801404135644]</VALUES>
		<LCS_MIN>[349.0, 644.0, 458.0, 315.0, 153.0, 127.0]</LCS_MIN>
		<LCS_MAX>[752.0, 1058.0, 937.0, 868.0, 723.0, 635.0]</LCS_MAX>
		<WAVELENGTH>[0.48, 0.56, 0.655, 0.865, 1.61, 2.2]</WAVELENGTH>
		<MEAN_VALUE>[586.7902603664411, 752.1393442622946, 571.0911282545813, 485.46697203471496, 330.9076663452269, 233.24035679845667]</MEAN_VALUE>
		<CHECKBOX>2</CHECKBOX>
		<SD>[38.36416231931288, 69.52535987065329, 69.97170449180763, 81.42575416573212, 79.45070831732068, 58.140801404135644]</SD>
		<WAVELENGTH_UNIT>E-6m</WAVELENGTH_UNIT>
		<COLOR>#a4fb7f</COLOR>
		<COVARIANCE_MATRIX>[[2194.3121613239614, 3766.0049127687125, 3670.9392711464093, 1817.1388751015686, 1278.596531461178, 884.4168073267341], [3766.0049127687125, 6964.71389199899, 6807.666029881145, 3635.4164266834814, 2663.925527802211, 1868.2362032693102], [3670.9392711464093, 6807.666029881145, 7660.904393154699, 5503.554753652071, 4324.475613642883, 3005.04156477909], [1817.1388751015686, 3635.4164266834814, 5503.554753652071, 7309.997476616156, 6371.532049044809, 4599.234481892145], [1278.596531461178, 2663.925527802211, 4324.475613642883, 6371.532049044809, 6897.294547620696, 4813.9328787887225], [884.4168073267341, 1868.2362032693102, 3005.04156477909, 4599.234481892145, 4813.9328787887225, 3656.9924698134905]]</COVARIANCE_MATRIX>
		<ROI_SIZE>25221</ROI_SIZE>
		<MAX_VALUE>[752.0, 1058.0, 937.0, 868.0, 723.0, 635.0]</MAX_VALUE>
		<MIN_VALUE>[349.0, 644.0, 458.0, 315.0, 153.0, 127.0]</MIN_VALUE>
		<SIGNATURE_THRESHOLD_MD>0</SIGNATURE_THRESHOLD_MD>
		<SIGNATURE_THRESHOLD_ML>0</SIGNATURE_THRESHOLD_ML>
		<SIGNATURE_THRESHOLD_SAM>0</SIGNATURE_THRESHOLD_SAM>
	</signature>
	<signature ID="20190913_100932439273_933">
		<MACROCLASSID>1</MACROCLASSID>
		<MACROCLASSINFO>waterbody</MACROCLASSINFO>
		<CLASSID>40</CLASSID>
		<CLASSINFO>C 1</CLASSINFO>
		<VALUES>[769.0150078988947, 32.331355066229456, 1155.6295418641384, 39.903935347133654, 1094.081753554501, 58.45607064038155, 570.4668246445491, 72.04618333324188, 294.34557661927386, 83.34798438457192, 210.19470774091636, 68.46536297835706]</VALUES>
		<LCS_MIN>[683.0, 999.0, 832.0, 444.0, 185.0, 123.0]</LCS_MIN>
		<LCS_MAX>[901.0, 1298.0, 1277.0, 1025.0, 735.0, 610.0]</LCS_MAX>
		<WAVELENGTH>[0.48, 0.56, 0.655, 0.865, 1.61, 2.2]</WAVELENGTH>
		<MEAN_VALUE>[769.0150078988947, 1155.6295418641384, 1094.081753554501, 570.4668246445491, 294.34557661927386, 210.19470774091636]</MEAN_VALUE>
		<CHECKBOX>2</CHECKBOX>
		<SD>[32.331355066229456, 39.903935347133654, 58.45607064038155, 72.04618333324188, 83.34798438457192, 68.46536297835706]</SD>
		<WAVELENGTH_UNIT>E-6m</WAVELENGTH_UNIT>
		<COLOR>#3333fb</COLOR>
		<COVARIANCE_MATRIX>[[1057.2007461932415, 1337.9890590401242, 1772.4367709347805, 981.5763393572591, 1672.1461960109764, 1469.5382610159193], [1337.9890590401242, 1812.8872788227548, 2296.366348473368, 1193.9446714107635, 2066.318878195318, 1804.051046889655], [1772.4367709347805, 2296.366348473368, 3856.969726416247, 1773.4188876720914, 3058.0068896138714, 2722.398532868493], [981.5763393572591, 1193.9446714107635, 1773.4188876720914, 4784.706508050774, 5229.23125295144, 4174.692726604298], [1672.1461960109764, 2066.318878195318, 3058.0068896138714, 5229.23125295144, 7178.11713476825, 5931.463976069125], [1469.5382610159193, 1804.051046889655, 2722.398532868493, 4174.692726604298, 5931.463976069125, 5027.839525914486]]</COVARIANCE_MATRIX>
		<ROI_SIZE>25909</ROI_SIZE>
		<MAX_VALUE>[901.0, 1298.0, 1277.0, 1025.0, 735.0, 610.0]</MAX_VALUE>
		<MIN_VALUE>[683.0, 999.0, 832.0, 444.0, 185.0, 123.0]</MIN_VALUE>
		<SIGNATURE_THRESHOLD_MD>0</SIGNATURE_THRESHOLD_MD>
		<SIGNATURE_THRESHOLD_ML>0</SIGNATURE_THRESHOLD_ML>
		<SIGNATURE_THRESHOLD_SAM>0</SIGNATURE_THRESHOLD_SAM>
	</signature>
	<signature ID="20190913_100946421762_779">
		<MACROCLASSID>2</MACROCLASSID>
		<MACROCLASSINFO>vegetation</MACROCLASSINFO>
		<CLASSID>41</CLASSID>
		<CLASSINFO>C 1</CLASSINFO>
		<VALUES>[198.21216154548299, 50.24719161393376, 464.70622908427055, 67.38949481368837, 337.1824231822332, 95.41138339597163, 3056.3452996653336, 228.62011455622562, 1524.4267188926094, 218.67293360070545, 676.4403331305112, 133.6176897726536]</VALUES>
		<LCS_MIN>[56.0, 314.5, 144.0, 2680.0, 1055.5, 413.5]</LCS_MIN>
		<LCS_MAX>[586.5, 847.0, 740.5, 3680.0, 2054.5, 1167.0]</LCS_MAX>
		<WAVELENGTH>[0.48, 0.56, 0.655, 0.865, 1.61, 2.2]</WAVELENGTH>
		<MEAN_VALUE>[198.21216154548299, 464.70622908427055, 337.1824231822332, 3056.3452996653336, 1524.4267188926094, 676.4403331305112]</MEAN_VALUE>
		<CHECKBOX>2</CHECKBOX>
		<SD>[50.24719161393376, 67.38949481368837, 95.41138339597163, 228.62011455622562, 218.67293360070545, 133.6176897726536]</SD>
		<WAVELENGTH_UNIT>E-6m</WAVELENGTH_UNIT>
		<COLOR>#65b0ca</COLOR>
		<COVARIANCE_MATRIX>[[2560.4226752938443, 2231.4362034883993, 2741.301968511255, -296.95428255108925, 5397.095429832016, 3378.3847099625627], [2231.4362034883993, 4449.385355935378, 5968.274589620612, 968.260442388398, 10680.121343677678, 6788.097670316464], [2741.301968511255, 5968.274589620612, 9146.56234294043, -2123.0540588367385, 15545.34661328659, 10468.413596091217], [-296.95428255108925, 968.260442388398, -2123.0540588367385, 53928.65139585914, 9456.126837645783, -47.99234659902076], [5397.095429832016, 10680.121343677678, 15545.34661328659, 9456.126837645783, 47211.517456484755, 28083.38565852204], [3378.3847099625627, 6788.097670316464, 10468.413596091217, -47.99234659902076, 28083.38565852204, 17848.046406053716]]</COVARIANCE_MATRIX>
		<ROI_SIZE>154457</ROI_SIZE>
		<MAX_VALUE>[586.5, 847.0, 740.5, 3680.0, 2054.5, 1167.0]</MAX_VALUE>
		<MIN_VALUE>[56.0, 314.5, 144.0, 2680.0, 1055.5, 413.5]</MIN_VALUE>
		<SIGNATURE_THRESHOLD_MD>0</SIGNATURE_THRESHOLD_MD>
		<SIGNATURE_THRESHOLD_ML>0</SIGNATURE_THRESHOLD_ML>
		<SIGNATURE_THRESHOLD_SAM>0</SIGNATURE_THRESHOLD_SAM>
	</signature>
	<signature ID="20190913_101009916487_156">
		<MACROCLASSID>2</MACROCLASSID>
		<MACROCLASSINFO>vegetation</MACROCLASSINFO>
		<CLASSID>42</CLASSID>
		<CLASSINFO>C 1</CLASSINFO>
		<VALUES>[267.7191462044591, 57.32807222335686, 532.6190820093067, 55.383552520299276, 384.2593484191946, 91.52909554825547, 2964.059220028896, 224.71699177383258, 1676.5129192745965, 236.59423170959442, 793.1779810624286, 161.01479840551613]</VALUES>
		<LCS_MIN>[88.0, 389.0, 197.0, 2309.0, 1220.0, 495.0]</LCS_MIN>
		<LCS_MAX>[535.0, 794.0, 881.0, 3309.0, 2220.0, 1336.0]</LCS_MAX>
		<WAVELENGTH>[0.48, 0.56, 0.655, 0.865, 1.61, 2.2]</WAVELENGTH>
		<MEAN_VALUE>[267.7191462044591, 532.6190820093067, 384.2593484191946, 2964.059220028896, 1676.5129192745965, 793.1779810624286]</MEAN_VALUE>
		<CHECKBOX>2</CHECKBOX>
		<SD>[57.32807222335686, 55.383552520299276, 91.52909554825547, 224.71699177383258, 236.59423170959442, 161.01479840551613]</SD>
		<WAVELENGTH_UNIT>E-6m</WAVELENGTH_UNIT>
		<COLOR>#1b618b</COLOR>
		<COVARIANCE_MATRIX>[[3303.9377942765445, 2376.5014736313597, 3352.5726731166283, -117.59570704967275, 6386.803217092527, 4225.345446109797], [2376.5014736313597, 3232.1383916018253, 5009.5374316394455, 858.1079606208634, 10745.556866899607, 7495.292478400171], [3352.5726731166283, 5009.5374316394455, 9059.687369317182, -4045.9864838925428, 17731.403252704484, 13598.82913269226], [-117.59570704967275, 858.1079606208634, -4045.9864838925428, 50825.07537103144, 9262.000686299933, -2802.219447511609], [6386.803217092527, 10745.556866899607, 17731.403252704484, 9262.000686299933, 56538.15863044766, 37298.199020866225], [4225.345446109797, 7495.292478400171, 13598.82913269226, -2802.219447511609, 37298.199020866225, 26894.04857548585]]</COVARIANCE_MATRIX>
		<ROI_SIZE>166420</ROI_SIZE>
		<MAX_VALUE>[535.0, 794.0, 881.0, 3309.0, 2220.0, 1336.0]</MAX_VALUE>
		<MIN_VALUE>[88.0, 389.0, 197.0, 2309.0, 1220.0, 495.0]</MIN_VALUE>
		<SIGNATURE_THRESHOLD_MD>0</SIGNATURE_THRESHOLD_MD>
		<SIGNATURE_THRESHOLD_ML>0</SIGNATURE_THRESHOLD_ML>
		<SIGNATURE_THRESHOLD_SAM>0</SIGNATURE_THRESHOLD_SAM>
	</signature>
	<signature ID="20190913_101052727253_593">
		<MACROCLASSID>2</MACROCLASSID>
		<MACROCLASSINFO>vegetation</MACROCLASSINFO>
		<CLASSID>43</CLASSID>
		<CLASSINFO>C 1</CLASSINFO>
		<VALUES>[217.6610052788614, 47.49640263922051, 585.1567592380072, 76.25991085454945, 432.1865962818454, 125.3549116177842, 1974.9100298370406, 234.88368865399613, 1018.324994262106, 195.95139859179747, 533.2960752811586, 118.62872502256378]</VALUES>
		<LCS_MIN>[144.0, 422.0, 178.0, 1442.0, 573.0, 300.0]</LCS_MIN>
		<LCS_MAX>[564.0, 869.0, 875.0, 2641.0, 1543.0, 1056.0]</LCS_MAX>
		<WAVELENGTH>[0.48, 0.56, 0.655, 0.865, 1.61, 2.2]</WAVELENGTH>
		<MEAN_VALUE>[217.6610052788614, 585.1567592380072, 432.1865962818454, 1974.9100298370406, 1018.324994262106, 533.2960752811586]</MEAN_VALUE>
		<CHECKBOX>2</CHECKBOX>
		<SD>[47.49640263922051, 76.25991085454945, 125.3549116177842, 234.88368865399613, 195.95139859179747, 118.62872502256378]</SD>
		<WAVELENGTH_UNIT>E-6m</WAVELENGTH_UNIT>
		<COLOR>#494682</COLOR>
		<COVARIANCE_MATRIX>[[1948.3172685113684, 2326.686329539719, 3579.7557961317707, 681.9757063541906, 4145.995760999744, 3125.5217829297576], [2326.686329539719, 5517.371537863223, 8973.404972754463, -688.9159861215284, 5984.441480134381, 4442.458829206023], [3579.7557961317707, 8973.404972754463, 15292.325378072917, -4845.014410143348, 8113.343505444022, 6542.453147055025], [681.9757063541906, -688.9159861215284, -4845.014410143348, 56486.08918747957, 28321.74817308295, 12578.017432260678], [4145.995760999744, 5984.441480134381, 8113.343505444022, 28321.74817308295, 35825.20723642254, 20551.927141461052], [3125.5217829297576, 4442.458829206023, 6542.453147055025, 12578.017432260678, 20551.927141461052, 13128.416488768231]]</COVARIANCE_MATRIX>
		<ROI_SIZE>24152</ROI_SIZE>
		<MAX_VALUE>[564.0, 869.0, 875.0, 2641.0, 1543.0, 1056.0]</MAX_VALUE>
		<MIN_VALUE>[144.0, 422.0, 178.0, 1442.0, 573.0, 300.0]</MIN_VALUE>
		<SIGNATURE_THRESHOLD_MD>0</SIGNATURE_THRESHOLD_MD>
		<SIGNATURE_THRESHOLD_ML>0</SIGNATURE_THRESHOLD_ML>
		<SIGNATURE_THRESHOLD_SAM>0</SIGNATURE_THRESHOLD_SAM>
	</signature>
	<signature ID="20190913_101101605865_304">
		<MACROCLASSID>2</MACROCLASSID>
		<MACROCLASSINFO>vegetation</MACROCLASSINFO>
		<CLASSID>44</CLASSID>
		<CLASSINFO>C 1</CLASSINFO>
		<VALUES>[259.0186179735048, 74.93088122346926, 603.3863229502343, 91.16431531707538, 415.1951306838522, 140.07018425647604, 2826.617257429288, 250.1387669641458, 1378.8936627282494, 307.7882566998706, 701.2470461868968, 236.6773033354018]</VALUES>
		<LCS_MIN>[166.0, 456.0, 220.0, 2350.0, 1071.0, 480.0]</LCS_MIN>
		<LCS_MAX>[629.0, 956.0, 969.0, 3544.0, 2271.0, 1535.0]</LCS_MAX>
		<WAVELENGTH>[0.48, 0.56, 0.655, 0.865, 1.61, 2.2]</WAVELENGTH>
		<MEAN_VALUE>[259.0186179735048, 603.3863229502343, 415.1951306838522, 2826.617257429288, 1378.8936627282494, 701.2470461868968]</MEAN_VALUE>
		<CHECKBOX>2</CHECKBOX>
		<SD>[74.93088122346926, 91.16431531707538, 140.07018425647604, 250.1387669641458, 307.7882566998706, 236.6773033354018]</SD>
		<WAVELENGTH_UNIT>E-6m</WAVELENGTH_UNIT>
		<COLOR>#f8d41f</COLOR>
		<COVARIANCE_MATRIX>[[4877.27495114729, 5619.009205060242, 8667.603163656271, 580.5234411893294, 17048.42078365267, 13549.330487197363], [5619.009205060242, 7368.692960860912, 10946.264025496448, 1756.6206299763726, 21564.998416464547, 17001.25881423804], [8667.603163656271, 10946.264025496448, 17437.960859629176, -288.6823548557718, 33859.26607252339, 26964.511894640797], [580.5234411893294, 1756.6206299763726, -288.6823548557718, 61936.2805981761, 13831.406652400145, 2195.7636617089547], [17048.42078365267, 21564.998416464547, 33859.26607252339, 13831.406652400145, 80777.4689320767, 60628.89395119684], [13549.330487197363, 17001.25881423804, 26964.511894640797, 2195.7636617089547, 60628.89395119684, 48239.76579294823]]</COVARIANCE_MATRIX>
		<ROI_SIZE>13833</ROI_SIZE>
		<MAX_VALUE>[629.0, 956.0, 969.0, 3544.0, 2271.0, 1535.0]</MAX_VALUE>
		<MIN_VALUE>[166.0, 456.0, 220.0, 2350.0, 1071.0, 480.0]</MIN_VALUE>
		<SIGNATURE_THRESHOLD_MD>0</SIGNATURE_THRESHOLD_MD>
		<SIGNATURE_THRESHOLD_ML>0</SIGNATURE_THRESHOLD_ML>
		<SIGNATURE_THRESHOLD_SAM>0</SIGNATURE_THRESHOLD_SAM>
	</signature>
	<signature ID="20190913_101112721949_764">
		<MACROCLASSID>2</MACROCLASSID>
		<MACROCLASSINFO>vegetation</MACROCLASSINFO>
		<CLASSID>45</CLASSID>
		<CLASSINFO>C 1</CLASSINFO>
		<VALUES>[315.1433189655173, 39.616941943876334, 848.6034482758625, 34.643941180575744, 737.0064655172406, 78.76774540900456, 3427.094827586209, 180.2969522973945, 2207.96120689655, 198.1970637555007, 1155.3879310344835, 174.93371387726225]</VALUES>
		<LCS_MIN>[235.0, 718.0, 544.0, 3114.0, 1739.0, 826.0]</LCS_MIN>
		<LCS_MAX>[431.0, 985.0, 1008.0, 3959.0, 2658.0, 1548.0]</LCS_MAX>
		<WAVELENGTH>[0.48, 0.56, 0.655, 0.865, 1.61, 2.2]</WAVELENGTH>
		<MEAN_VALUE>[315.1433189655173, 848.6034482758625, 737.0064655172406, 3427.094827586209, 2207.96120689655, 1155.3879310344835]</MEAN_VALUE>
		<CHECKBOX>2</CHECKBOX>
		<SD>[39.616941943876334, 34.643941180575744, 78.76774540900456, 180.2969522973945, 198.1970637555007, 174.93371387726225]</SD>
		<WAVELENGTH_UNIT>E-6m</WAVELENGTH_UNIT>
		<COLOR>#22271d</COLOR>
		<COVARIANCE_MATRIX>[[1571.1951872465866, 852.9360748428373, 2687.0670335342033, -2114.8280604843208, 6525.683019938248, 6133.8936409626895], [852.9360748428373, 1201.4973775248297, 2099.307852546218, 1658.9481084700367, 5068.590856675223, 4035.4474203027926], [2687.0670335342033, 2099.307852546218, 6211.050659338615, -3495.2756946769327, 14425.827651303796, 12872.286593758134], [-2114.8280604843208, 1658.9481084700367, -3495.2756946769327, 32542.057880444892, -2265.8528438046364, -8472.457538221179], [6525.683019938248, 5068.590856675223, 14425.827651303796, -2265.8528438046364, 39324.451567905366, 33216.16716884276], [6133.8936409626895, 4035.4474203027926, 12872.286593758134, -8472.457538221179, 33216.16716884276, 30634.81590596288]]</COVARIANCE_MATRIX>
		<ROI_SIZE>928</ROI_SIZE>
		<MAX_VALUE>[431.0, 985.0, 1008.0, 3959.0, 2658.0, 1548.0]</MAX_VALUE>
		<MIN_VALUE>[235.0, 718.0, 544.0, 3114.0, 1739.0, 826.0]</MIN_VALUE>
		<SIGNATURE_THRESHOLD_MD>0</SIGNATURE_THRESHOLD_MD>
		<SIGNATURE_THRESHOLD_ML>0</SIGNATURE_THRESHOLD_ML>
		<SIGNATURE_THRESHOLD_SAM>0</SIGNATURE_THRESHOLD_SAM>
	</signature>
	<signature ID="20190913_101136491727_788">
		<MACROCLASSID>2</MACROCLASSID>
		<MACROCLASSINFO>vegetation</MACROCLASSINFO>
		<CLASSID>46</CLASSID>
		<CLASSINFO>C 1</CLASSINFO>
		<VALUES>[199.33196040656466, 44.69329196904555, 481.99574835580955, 45.81910376222828, 355.3733475054805, 61.38604657475689, 2683.92665913772, 240.06198199715973, 1343.3830465687915, 162.41016615629357, 623.4491463495625, 108.30326792111255]</VALUES>
		<LCS_MIN>[-191.0, 196.0, 48.0, 1907.0, 680.0, 343.0]</LCS_MIN>
		<LCS_MAX>[513.0, 882.0, 759.0, 3091.0, 1686.0, 1081.0]</LCS_MAX>
		<WAVELENGTH>[0.48, 0.56, 0.655, 0.865, 1.61, 2.2]</WAVELENGTH>
		<MEAN_VALUE>[199.33196040656466, 481.99574835580955, 355.3733475054805, 2683.92665913772, 1343.3830465687915, 623.4491463495625]</MEAN_VALUE>
		<CHECKBOX>2</CHECKBOX>
		<SD>[44.69329196904555, 45.81910376222828, 61.38604657475689, 240.06198199715973, 162.41016615629357, 108.30326792111255]</SD>
		<WAVELENGTH_UNIT>E-6m</WAVELENGTH_UNIT>
		<COLOR>#c17aa3</COLOR>
		<COVARIANCE_MATRIX>[[1751.2809723942737, 1175.0110770864412, 1487.1901348651445, -1237.4180071970345, 4457.703765724696, 3293.249169868443], [1175.0110770864412, 1942.1615049327522, 2346.9526434124714, 1471.3488266232005, 4545.589172631096, 2713.0081720906123], [1487.1901348651445, 2346.9526434124714, 3563.235542146093, -1806.567098819993, 5838.48051495721, 4197.342120269983], [-1237.4180071970345, 1471.3488266232005, -1806.567098819993, 57272.80500376347, 10951.154681687236, -1025.2782899335216], [4457.703765724696, 4545.589172631096, 5838.48051495721, 10951.154681687236, 26937.73989725395, 16529.541402270577], [3293.249169868443, 2713.0081720906123, 4197.342120269983, -1025.2782899335216, 16529.541402270577, 11866.243305479718]]</COVARIANCE_MATRIX>
		<ROI_SIZE>205497</ROI_SIZE>
		<MAX_VALUE>[513.0, 882.0, 759.0, 3091.0, 1686.0, 1081.0]</MAX_VALUE>
		<MIN_VALUE>[-191.0, 196.0, 48.0, 1907.0, 680.0, 343.0]</MIN_VALUE>
		<SIGNATURE_THRESHOLD_MD>0</SIGNATURE_THRESHOLD_MD>
		<SIGNATURE_THRESHOLD_ML>0</SIGNATURE_THRESHOLD_ML>
		<SIGNATURE_THRESHOLD_SAM>0</SIGNATURE_THRESHOLD_SAM>
	</signature>
	<signature ID="20190913_101208811780_963">
		<MACROCLASSID>3</MACROCLASSID>
		<MACROCLASSINFO>barren</MACROCLASSINFO>
		<CLASSID>47</CLASSID>
		<CLASSINFO>C 1</CLASSINFO>
		<VALUES>[595.1295160694553, 70.5238637943706, 921.0472848171366, 73.04316132369509, 981.6657554488361, 112.22783698347646, 1931.9413372737447, 147.09172253128872, 2459.6574806058206, 226.23388162895375, 1847.5635020317675, 229.69844885089563]</VALUES>
		<LCS_MIN>[272.0, 673.0, 596.0, 1338.0, 1685.0, 1285.0]</LCS_MIN>
		<LCS_MAX>[945.0, 1332.0, 1543.0, 2229.0, 2870.0, 2475.0]</LCS_MAX>
		<WAVELENGTH>[0.48, 0.56, 0.655, 0.865, 1.61, 2.2]</WAVELENGTH>
		<MEAN_VALUE>[595.1295160694553, 921.0472848171366, 981.6657554488361, 1931.9413372737447, 2459.6574806058206, 1847.5635020317675]</MEAN_VALUE>
		<CHECKBOX>2</CHECKBOX>
		<SD>[70.5238637943706, 73.04316132369509, 112.22783698347646, 147.09172253128872, 226.23388162895375, 229.69844885089563]</SD>
		<WAVELENGTH_UNIT>E-6m</WAVELENGTH_UNIT>
		<COLOR>#d42d85</COLOR>
		<COVARIANCE_MATRIX>[[4997.200743291926, 4709.53538497127, 7139.467868308864, 24.654420973378922, 11986.437036741747, 14003.137442267265], [4709.53538497127, 5441.056391670061, 7956.670517498579, 1600.3551382690014, 12405.71887649911, 13182.553447400707], [7139.467868308864, 7956.670517498579, 13031.647947470417, 2150.932091312807, 20613.217489142622, 21982.514112529032], [24.654420973378922, 1600.3551382690014, 2150.932091312807, 22872.93863740222, 14431.295731855798, 340.31741379140266], [11986.437036741747, 12405.71887649911, 20613.217489142622, 14431.295731855798, 54161.23280797417, 47098.196209649526], [14003.137442267265, 13182.553447400707, 21982.514112529032, 340.31741379140266, 47098.196209649526, 54665.600272523494]]</COVARIANCE_MATRIX>
		<ROI_SIZE>182421</ROI_SIZE>
		<MAX_VALUE>[945.0, 1332.0, 1543.0, 2229.0, 2870.0, 2475.0]</MAX_VALUE>
		<MIN_VALUE>[272.0, 673.0, 596.0, 1338.0, 1685.0, 1285.0]</MIN_VALUE>
		<SIGNATURE_THRESHOLD_MD>0</SIGNATURE_THRESHOLD_MD>
		<SIGNATURE_THRESHOLD_ML>0</SIGNATURE_THRESHOLD_ML>
		<SIGNATURE_THRESHOLD_SAM>0</SIGNATURE_THRESHOLD_SAM>
	</signature>
	<signature ID="20190913_101229620987_236">
		<MACROCLASSID>3</MACROCLASSID>
		<MACROCLASSINFO>barren</MACROCLASSINFO>
		<CLASSID>48</CLASSID>
		<CLASSINFO>C 1</CLASSINFO>
		<VALUES>[678.2893006021283, 75.52202609562164, 1133.729041222791, 94.15550314331165, 1291.834830940254, 142.42877306340486, 2354.171375636864, 159.8093888213356, 3295.163223714678, 199.97621729828143, 2602.897637795275, 210.25499855595385]</VALUES>
		<LCS_MIN>[184.0, 755.0, 1038.0, 1989.0, 2880.0, 2249.0]</LCS_MIN>
		<LCS_MAX>[1383.0, 1909.0, 2013.0, 3080.0, 4061.0, 3447.0]</LCS_MAX>
		<WAVELENGTH>[0.48, 0.56, 0.655, 0.865, 1.61, 2.2]</WAVELENGTH>
		<MEAN_VALUE>[678.2893006021283, 1133.729041222791, 1291.834830940254, 2354.171375636864, 3295.163223714678, 2602.897637795275]</MEAN_VALUE>
		<CHECKBOX>2</CHECKBOX>
		<SD>[75.52202609562164, 94.15550314331165, 142.42877306340486, 159.8093888213356, 199.97621729828143, 210.25499855595385]</SD>
		<WAVELENGTH_UNIT>E-6m</WAVELENGTH_UNIT>
		<COLOR>#ed1b71</COLOR>
		<COVARIANCE_MATRIX>[[5797.4714349010765, 5339.720926336624, 7715.665389331494, 5820.456447899748, 7694.608312125494, 8299.352020607565], [5339.720926336624, 9000.055173151912, 12631.263561883441, 10497.479007034033, 10816.639645649373, 11400.854261743623], [7715.665389331494, 12631.263561883441, 20636.32831653354, 17267.15319468641, 18296.67843340371, 18859.770301061428], [5820.456447899748, 10497.479007034033, 17267.15319468641, 26330.549153733587, 19868.996440815266, 12334.472658678527], [7694.608312125494, 10816.639645649373, 18296.67843340371, 19868.996440815266, 38956.832365101305, 34816.55545821734], [8299.352020607565, 11400.854261743623, 18859.770301061428, 12334.472658678527, 34816.55545821734, 42202.413716294555]]</COVARIANCE_MATRIX>
		<ROI_SIZE>128926</ROI_SIZE>
		<MAX_VALUE>[1383.0, 1909.0, 2013.0, 3080.0, 4061.0, 3447.0]</MAX_VALUE>
		<MIN_VALUE>[184.0, 755.0, 1038.0, 1989.0, 2880.0, 2249.0]</MIN_VALUE>
		<SIGNATURE_THRESHOLD_MD>0</SIGNATURE_THRESHOLD_MD>
		<SIGNATURE_THRESHOLD_ML>0</SIGNATURE_THRESHOLD_ML>
		<SIGNATURE_THRESHOLD_SAM>0</SIGNATURE_THRESHOLD_SAM>
	</signature>
	<signature ID="20190913_101251907546_318">
		<MACROCLASSID>3</MACROCLASSID>
		<MACROCLASSINFO>barren</MACROCLASSINFO>
		<CLASSID>49</CLASSID>
		<CLASSINFO>C 1</CLASSINFO>
		<VALUES>[858.5400577408864, 70.30196957833832, 1341.0584987369205, 92.88748867849219, 1823.8749909779908, 145.77049794718374, 2992.180476362324, 175.2941550002573, 4204.633381450745, 260.8088782729676, 3394.8902923132578, 322.43210730526664]</VALUES>
		<LCS_MIN>[657.0, 1071.0, 1421.0, 2599.0, 3519.0, 2742.0]</LCS_MIN>
		<LCS_MAX>[1210.0, 1795.0, 2461.0, 3798.0, 4715.0, 3942.0]</LCS_MAX>
		<WAVELENGTH>[0.48, 0.56, 0.655, 0.865, 1.61, 2.2]</WAVELENGTH>
		<MEAN_VALUE>[858.5400577408864, 1341.0584987369205, 1823.8749909779908, 2992.180476362324, 4204.633381450745, 3394.8902923132578]</MEAN_VALUE>
		<CHECKBOX>2</CHECKBOX>
		<SD>[70.30196957833832, 92.88748867849219, 145.77049794718374, 175.2941550002573, 260.8088782729676, 322.43210730526664]</SD>
		<WAVELENGTH_UNIT>E-6m</WAVELENGTH_UNIT>
		<COLOR>#85c7bd</COLOR>
		<COVARIANCE_MATRIX>[[4659.4147123765015, 4966.108931496672, 7013.744705697324, 7193.3974086178905, 9067.347948223742, 11269.263554279307], [4966.108931496672, 8324.07957967603, 11485.295265267168, 12356.115140194388, 12308.44734048118, 14304.014287645345], [7013.744705697324, 11485.295265267168, 21234.154505902796, 21100.582582174582, 30651.96597602301, 37144.29256136407], [7193.3974086178905, 12356.115140194388, 21100.582582174582, 29966.918020662637, 29746.22655456292, 32255.347877237546], [9067.347948223742, 12308.44734048118, 30651.96597602301, 29746.22655456292, 70455.06937450642, 81083.03012752665], [11269.263554279307, 14304.014287645345, 37144.29256136407, 32255.347877237546, 81083.03012752665, 104851.20537954735]]</COVARIANCE_MATRIX>
		<ROI_SIZE>165648</ROI_SIZE>
		<MAX_VALUE>[1210.0, 1795.0, 2461.0, 3798.0, 4715.0, 3942.0]</MAX_VALUE>
		<MIN_VALUE>[657.0, 1071.0, 1421.0, 2599.0, 3519.0, 2742.0]</MIN_VALUE>
		<SIGNATURE_THRESHOLD_MD>0</SIGNATURE_THRESHOLD_MD>
		<SIGNATURE_THRESHOLD_ML>0</SIGNATURE_THRESHOLD_ML>
		<SIGNATURE_THRESHOLD_SAM>0</SIGNATURE_THRESHOLD_SAM>
	</signature>
	<signature ID="20190913_101310982771_415">
		<MACROCLASSID>3</MACROCLASSID>
		<MACROCLASSINFO>barren</MACROCLASSINFO>
		<CLASSID>50</CLASSID>
		<CLASSINFO>C 1</CLASSINFO>
		<VALUES>[430.00723072588926, 64.86337624222928, 743.3806460700533, 70.51362500941728, 991.3017654239811, 120.9662195709412, 2003.833270729646, 217.52990523065327, 2670.1590759695664, 223.3419172137691, 2020.0315522584272, 229.6544476189175]</VALUES>
		<LCS_MIN>[252.0, 555.0, 663.0, 1261.5, 2017.0, 1542.0]</LCS_MIN>
		<LCS_MAX>[907.0, 1275.0, 1550.0, 2422.0, 3217.0, 2741.0]</LCS_MAX>
		<WAVELENGTH>[0.48, 0.56, 0.655, 0.865, 1.61, 2.2]</WAVELENGTH>
		<MEAN_VALUE>[430.00723072588926, 743.3806460700533, 991.3017654239811, 2003.833270729646, 2670.1590759695664, 2020.0315522584272]</MEAN_VALUE>
		<CHECKBOX>2</CHECKBOX>
		<SD>[64.86337624222928, 70.51362500941728, 120.9662195709412, 217.52990523065327, 223.3419172137691, 229.6544476189175]</SD>
		<WAVELENGTH_UNIT>E-6m</WAVELENGTH_UNIT>
		<COLOR>#f1b1db</COLOR>
		<COVARIANCE_MATRIX>[[4639.920760265318, 3694.515365623865, 4297.183117245489, 3.05436968410596, 6391.7854013425385, 7766.970663686996], [3694.515365623865, 5359.978275274827, 6901.893692727901, 6518.471463060779, 10119.209353745679, 8339.807113121618], [4297.183117245489, 6901.893692727901, 15137.506901847937, 3345.9441191786045, 20582.99851633413, 21334.248620214676], [3.05436968410596, 6518.471463060779, 3345.9441191786045, 47041.18062354651, 17828.699688051904, -8223.528238542698], [6391.7854013425385, 10119.209353745679, 20582.99851633413, 17828.699688051904, 51554.3686608085, 38458.42865344473], [7766.970663686996, 8339.807113121618, 21334.248620214676, -8223.528238542698, 38458.42865344473, 51731.30782860355]]</COVARIANCE_MATRIX>
		<ROI_SIZE>139896</ROI_SIZE>
		<MAX_VALUE>[907.0, 1275.0, 1550.0, 2422.0, 3217.0, 2741.0]</MAX_VALUE>
		<MIN_VALUE>[252.0, 555.0, 663.0, 1261.5, 2017.0, 1542.0]</MIN_VALUE>
		<SIGNATURE_THRESHOLD_MD>0</SIGNATURE_THRESHOLD_MD>
		<SIGNATURE_THRESHOLD_ML>0</SIGNATURE_THRESHOLD_ML>
		<SIGNATURE_THRESHOLD_SAM>0</SIGNATURE_THRESHOLD_SAM>
	</signature>
	<signature ID="20190913_101332070471_503">
		<MACROCLASSID>3</MACROCLASSID>
		<MACROCLASSINFO>barren</MACROCLASSINFO>
		<CLASSID>51</CLASSID>
		<CLASSINFO>C 1</CLASSINFO>
		<VALUES>[671.9199029126211, 80.21361584532183, 1001.6771844660193, 57.978152596305925, 1007.2281553398055, 78.19009312942086, 1693.3058252427193, 181.15292489793336, 1020.56067961165, 321.7293059669645, 594.8689320388349, 182.16092934658863]</VALUES>
		<LCS_MIN>[425.0, 809.0, 787.0, 1221.0, 410.0, 260.0]</LCS_MIN>
		<LCS_MAX>[825.0, 1139.0, 1205.0, 2295.0, 1563.0, 995.0]</LCS_MAX>
		<WAVELENGTH>[0.48, 0.56, 0.655, 0.865, 1.61, 2.2]</WAVELENGTH>
		<MEAN_VALUE>[671.9199029126211, 1001.6771844660193, 1007.2281553398055, 1693.3058252427193, 1020.56067961165, 594.8689320388349]</MEAN_VALUE>
		<CHECKBOX>2</CHECKBOX>
		<SD>[80.21361584532183, 57.978152596305925, 78.19009312942086, 181.15292489793336, 321.7293059669645, 182.16092934658863]</SD>
		<WAVELENGTH_UNIT>E-6m</WAVELENGTH_UNIT>
		<COLOR>#b5461e</COLOR>
		<COVARIANCE_MATRIX>[[6449.8792136158545, 3773.2271218671026, 4696.689851888597, -260.53505539413715, -4739.086368790305, -2883.514173339947], [3773.2271218671026, 3369.6449283065213, 4352.8402546476755, 2941.424999409445, 1781.3274218694637, 743.8724281293554], [4696.689851888597, 4352.8402546476755, 6128.56582335294, 3891.7086433751456, 4282.188068409987, 2352.6917771006074], [-260.53505539413715, 2941.424999409445, 3891.7086433751456, 32896.22741123946, 45103.25390357405, 23837.553563413883], [-4739.086368790305, 1781.3274218694637, 4282.188068409987, 45103.25390357405, 103761.59484917206, 56972.07853211443], [-2883.514173339947, 743.8724281293554, 2352.6917771006074, 23837.553563413883, 56972.07853211443, 33263.34044362554]]</COVARIANCE_MATRIX>
		<ROI_SIZE>412</ROI_SIZE>
		<MAX_VALUE>[825.0, 1139.0, 1205.0, 2295.0, 1563.0, 995.0]</MAX_VALUE>
		<MIN_VALUE>[425.0, 809.0, 787.0, 1221.0, 410.0, 260.0]</MIN_VALUE>
		<SIGNATURE_THRESHOLD_MD>0</SIGNATURE_THRESHOLD_MD>
		<SIGNATURE_THRESHOLD_ML>0</SIGNATURE_THRESHOLD_ML>
		<SIGNATURE_THRESHOLD_SAM>0</SIGNATURE_THRESHOLD_SAM>
	</signature>
	<signature ID="20190913_101344890277_686">
		<MACROCLASSID>3</MACROCLASSID>
		<MACROCLASSINFO>barren</MACROCLASSINFO>
		<CLASSID>52</CLASSID>
		<CLASSINFO>C 1</CLASSINFO>
		<VALUES>[1153.2223950233247, 64.28783040895823, 1474.7506480041436, 89.97267329419779, 1714.4944271643326, 118.11937817878879, 2728.79004665629, 158.047092989182, 3583.8913945049176, 195.12705946374012, 2838.1750907205765, 232.11309899998403]</VALUES>
		<LCS_MIN>[879.0, 1223.0, 1359.0, 2167.0, 3013.0, 2395.0]</LCS_MIN>
		<LCS_MAX>[1457.0, 1857.0, 2168.0, 3284.0, 4201.0, 3593.0]</LCS_MAX>
		<WAVELENGTH>[0.48, 0.56, 0.655, 0.865, 1.61, 2.2]</WAVELENGTH>
		<MEAN_VALUE>[1153.2223950233247, 1474.7506480041436, 1714.4944271643326, 2728.79004665629, 3583.8913945049176, 2838.1750907205765]</MEAN_VALUE>
		<CHECKBOX>2</CHECKBOX>
		<SD>[64.28783040895823, 89.97267329419779, 118.11937817878879, 158.047092989182, 195.12705946374012, 232.11309899998403]</SD>
		<WAVELENGTH_UNIT>E-6m</WAVELENGTH_UNIT>
		<COLOR>#8181ab</COLOR>
		<COVARIANCE_MATRIX>[[4215.873200925228, 5372.292415121267, 6877.09850461347, 411.19403426798954, 5807.018353486219, 12489.37055684467], [5372.292415121267, 7857.948990970096, 9996.788465003725, 641.0499979827666, 6504.386324053285, 17402.936938026236], [6877.09850461347, 9996.788465003725, 13664.733706483428, 181.45487605483964, 10100.0881266793, 23259.971324983817], [411.19403426798954, 641.0499979827666, 181.45487605483964, 27585.491911922443, 20101.5556044972, 61.657371667165506], [5807.018353486219, 6504.386324053285, 10100.0881266793, 20101.5556044972, 39759.21321224547, 28567.054868692958], [12489.37055684467, 17402.936938026236, 23259.971324983817, 61.657371667165506, 28567.054868692958, 53707.349631763296]]</COVARIANCE_MATRIX>
		<ROI_SIZE>48980</ROI_SIZE>
		<MAX_VALUE>[1457.0, 1857.0, 2168.0, 3284.0, 4201.0, 3593.0]</MAX_VALUE>
		<MIN_VALUE>[879.0, 1223.0, 1359.0, 2167.0, 3013.0, 2395.0]</MIN_VALUE>
		<SIGNATURE_THRESHOLD_MD>0</SIGNATURE_THRESHOLD_MD>
		<SIGNATURE_THRESHOLD_ML>0</SIGNATURE_THRESHOLD_ML>
		<SIGNATURE_THRESHOLD_SAM>0</SIGNATURE_THRESHOLD_SAM>
	</signature>
	<signature ID="20190913_101358162851_473">
		<MACROCLASSID>3</MACROCLASSID>
		<MACROCLASSINFO>barren</MACROCLASSINFO>
		<CLASSID>53</CLASSID>
		<CLASSINFO>C 1</CLASSINFO>
		<VALUES>[617.3774497943377, 69.7235063004589, 926.4601984030959, 88.46025502861926, 1062.8277280425834, 115.88332041013561, 2026.7539317686858, 177.36672852391268, 2684.570045971452, 225.2862130843283, 1930.0302443745484, 211.49695807727005]</VALUES>
		<LCS_MIN>[427.0, 704.0, 733.0, 1441.0, 1931.0, 1316.0]</LCS_MIN>
		<LCS_MAX>[902.0, 1306.0, 1524.0, 2491.0, 3043.0, 2480.0]</LCS_MAX>
		<WAVELENGTH>[0.48, 0.56, 0.655, 0.865, 1.61, 2.2]</WAVELENGTH>
		<MEAN_VALUE>[617.3774497943377, 926.4601984030959, 1062.8277280425834, 2026.7539317686858, 2684.570045971452, 1930.0302443745484]</MEAN_VALUE>
		<CHECKBOX>2</CHECKBOX>
		<SD>[69.7235063004589, 88.46025502861926, 115.88332041013561, 177.36672852391268, 225.2862130843283, 211.49695807727005]</SD>
		<WAVELENGTH_UNIT>E-6m</WAVELENGTH_UNIT>
		<COLOR>#0476d5</COLOR>
		<COVARIANCE_MATRIX>[[4402.9957153999, 4988.8212914992, 6086.148051210215, 6585.1502513578525, 8993.743966704296, 8284.524949059321], [4988.8212914992, 7563.470268061948, 9298.002761881793, 10695.903914871185, 12286.57698563263, 9981.439587633735], [6086.148051210215, 9298.002761881793, 12690.78286947412, 12531.96039240572, 18528.9431538072, 15637.659984679798], [6585.1502513578525, 10695.903914871185, 12531.96039240572, 37179.409757881054, 27495.229164556968, 7148.394247107068], [8993.743966704296, 12286.57698563263, 18528.9431538072, 27495.229164556968, 53448.1098664897, 37271.3379935826], [8284.524949059321, 9981.439587633735, 15637.659984679798, 7148.394247107068, 37271.3379935826, 41980.532073371614]]</COVARIANCE_MATRIX>
		<ROI_SIZE>26793</ROI_SIZE>
		<MAX_VALUE>[902.0, 1306.0, 1524.0, 2491.0, 3043.0, 2480.0]</MAX_VALUE>
		<MIN_VALUE>[427.0, 704.0, 733.0, 1441.0, 1931.0, 1316.0]</MIN_VALUE>
		<SIGNATURE_THRESHOLD_MD>0</SIGNATURE_THRESHOLD_MD>
		<SIGNATURE_THRESHOLD_ML>0</SIGNATURE_THRESHOLD_ML>
		<SIGNATURE_THRESHOLD_SAM>0</SIGNATURE_THRESHOLD_SAM>
	</signature>
	<signature ID="20190913_101413088383_454">
		<MACROCLASSID>3</MACROCLASSID>
		<MACROCLASSINFO>barren</MACROCLASSINFO>
		<CLASSID>54</CLASSID>
		<CLASSINFO>C 1</CLASSINFO>
		<VALUES>[1330.998910675381, 47.95698643402216, 1954.5119825708064, 54.83448424593992, 2377.833333333339, 79.5762983236963, 3044.080610021785, 91.48460848235824, 4074.8540305010897, 131.01391284734626, 3767.5893246187366, 140.31617804329213]</VALUES>
		<LCS_MIN>[1130.0, 1740.0, 1996.0, 2672.0, 3546.0, 3212.0]</LCS_MIN>
		<LCS_MAX>[1416.0, 2068.0, 2503.0, 3199.0, 4304.0, 3998.0]</LCS_MAX>
		<WAVELENGTH>[0.48, 0.56, 0.655, 0.865, 1.61, 2.2]</WAVELENGTH>
		<MEAN_VALUE>[1330.998910675381, 1954.5119825708064, 2377.833333333339, 3044.080610021785, 4074.8540305010897, 3767.5893246187366]</MEAN_VALUE>
		<CHECKBOX>2</CHECKBOX>
		<SD>[47.95698643402216, 54.83448424593992, 79.5762983236963, 91.48460848235824, 131.01391284734626, 140.31617804329213]</SD>
		<WAVELENGTH_UNIT>E-6m</WAVELENGTH_UNIT>
		<COLOR>#d25768</COLOR>
		<COVARIANCE_MATRIX>[[2302.38058768885, 2570.549086131484, 3645.2342784442026, 3924.0698807088565, 5590.378248670121, 6172.810893483773], [2570.549086131484, 3010.09963815891, 4241.199927299163, 4507.681693881964, 6321.98539330915, 6973.412232747212], [3645.2342784442026, 4241.199927299163, 6339.292802617231, 6667.700472555434, 9405.930934205742, 10262.649036713925], [3924.0698807088565, 4507.681693881964, 6667.700472555434, 8378.560561459528, 11075.659543885411, 11642.363565952248], [5590.378248670121, 6321.98539330915, 9405.930934205742, 11075.659543885411, 17183.363620596672, 18051.15700054407], [6172.810893483773, 6973.412232747212, 10262.649036713925, 11642.363565952248, 18051.15700054407, 19710.10051840923]]</COVARIANCE_MATRIX>
		<ROI_SIZE>918</ROI_SIZE>
