<?xml version="1.0" ?>
<signaturelist MCID_LIST="[['1', 'waterbody', '#0000ff'], ['2', 'vegetation', '#00ff00'], ['3', 'bareland', '#ffaa00'], ['4', 'built-up', '#ff0000']]">
	<signature ID="20210205_155516198635_984">
		<MACROCLASSID>1</MACROCLASSID>
		<MACROCLASSINFO>waterbody</MACROCLASSINFO>
		<CLASSID>1</CLASSID>
		<CLASSINFO>C 1</CLASSINFO>
		<VALUES>[0.15774440952994692, 0.004932442146681622, 0.1183070041092769, 0.005484396079346208, 0.09153750642142088, 0.0050770444915469864, 0.09486499708884746, 0.016725011125343275, 0.032055120282941704, 0.01080823977883965, 0.014803689425196293, 0.0059460137414685515]</VALUES>
		<LCS_MIN>[0.1425485461950302, 0.10215215384960175, 0.07715649902820587, 0.07385634630918503, 0.02343723177909851, 0.010450501926243305]</LCS_MIN>
		<LCS_MAX>[0.16925539076328278, 0.13237304985523224, 0.10838578641414642, 0.14862938225269318, 0.09494069218635559, 0.06267246603965759]</LCS_MAX>
		<WAVELENGTH>[0.48, 0.56, 0.655, 0.865, 1.61, 2.2]</WAVELENGTH>
		<MEAN_VALUE>[0.15774440952994692, 0.1183070041092769, 0.09153750642142088, 0.09486499708884746, 0.032055120282941704, 0.014803689425196293]</MEAN_VALUE>
		<CHECKBOX>2</CHECKBOX>
		<SD>[0.004932442146681622, 0.005484396079346208, 0.0050770444915469864, 0.016725011125343275, 0.01080823977883965, 0.0059460137414685515]</SD>
		<WAVELENGTH_UNIT>E-6m</WAVELENGTH_UNIT>
		<COLOR>#69cc6c</COLOR>
		<COVARIANCE_MATRIX>[[2.351808485049563e-05, 2.464322830222259e-05, 2.229483802862107e-05, -9.152032242362671e-06, -2.283469448929103e-06, 4.710975260995396e-07], [2.464322830222259e-05, 2.7270697700542324e-05, 2.4859809439555202e-05, 4.685719462119899e-06, 5.679983279474122e-06, 4.709589323173481e-06], [2.229483802862107e-05, 2.4859809439555202e-05, 2.3060344223789395e-05, 5.986987219923096e-06, 7.954743430656075e-06, 6.121901406563701e-06], [-9.152032242362671e-06, 4.685719462119899e-06, 5.986987219923096e-06, 0.0002935021581334922, 0.00015173726935540293, 7.195576460027431e-05], [-2.283469448929103e-06, 5.679983279474122e-06, 7.954743430656075e-06, 0.00015173726935540293, 0.00010930168564443462, 5.812780174965278e-05], [4.710975260995396e-07, 4.709589323173481e-06, 6.121901406563701e-06, 7.195576460027431e-05, 5.812780174965278e-05, 3.273048718909989e-05]]</COVARIANCE_MATRIX>
		<ROI_SIZE>24706</ROI_SIZE>
		<MAX_VALUE>[0.16925539076328278, 0.13237304985523224, 0.10838578641414642, 0.14862938225269318, 0.09494069218635559, 0.06267246603965759]</MAX_VALUE>
		<MIN_VALUE>[0.1425485461950302, 0.10215215384960175, 0.07715649902820587, 0.07385634630918503, 0.02343723177909851, 0.010450501926243305]</MIN_VALUE>
		<SIGNATURE_THRESHOLD_MD>0</SIGNATURE_THRESHOLD_MD>
		<SIGNATURE_THRESHOLD_ML>0</SIGNATURE_THRESHOLD_ML>
		<SIGNATURE_THRESHOLD_SAM>0</SIGNATURE_THRESHOLD_SAM>
	</signature>
	<signature ID="20210205_155559188726_824">
		<MACROCLASSID>1</MACROCLASSID>
		<MACROCLASSINFO>waterbody</MACROCLASSINFO>
		<CLASSID>2</CLASSID>
		<CLASSINFO>C 1</CLASSINFO>
		<VALUES>[0.14851321886774485, 0.003169743507614109, 0.10941872871686109, 0.002927988528098206, 0.08278477313640989, 0.0027426758866052575, 0.08565683780088146, 0.011727967253674781, 0.02628399516590272, 0.007026033096605018, 0.011927578067825035, 0.0042313142544864145]</VALUES>
		<LCS_MIN>[0.13848446309566498, 0.10077708959579468, 0.07455915212631226, 0.07000614702701569, 0.020625991746783257, 0.007211451884359121]</LCS_MIN>
		<LCS_MAX>[0.15660478174686432, 0.12097527831792831, 0.09729359298944473, 0.12959235906600952, 0.07306185364723206, 0.05011352524161339]</LCS_MAX>
		<WAVELENGTH>[0.48, 0.56, 0.655, 0.865, 1.61, 2.2]</WAVELENGTH>
		<MEAN_VALUE>[0.14851321886774485, 0.10941872871686109, 0.08278477313640989, 0.08565683780088146, 0.02628399516590272, 0.011927578067825035]</MEAN_VALUE>
		<CHECKBOX>2</CHECKBOX>
		<SD>[0.003169743507614109, 0.002927988528098206, 0.0027426758866052575, 0.011727967253674781, 0.007026033096605018, 0.0042313142544864145]</SD>
		<WAVELENGTH_UNIT>E-6m</WAVELENGTH_UNIT>
		<COLOR>#4c61c2</COLOR>
		<COVARIANCE_MATRIX>[[1.1051913415564544e-05, 9.963829588584232e-06, 9.111219411445477e-06, -1.6442488696437212e-05, -2.931079563005195e-06, -3.597859689322941e-07], [9.963829588584232e-06, 1.0062195047965161e-05, 9.252258745771142e-06, -5.68644090072279e-06, 2.028063007182975e-06, 2.3494108165947096e-06], [9.111219411445477e-06, 9.252258745771142e-06, 9.098831767753897e-06, -3.7828607171155704e-06, 4.6143620641255284e-06, 4.144758314206815e-06], [-1.6442488696437212e-05, -5.68644090072279e-06, -3.7828607171155704e-06, 0.00015878138849402637, 6.90422228588762e-05, 3.375645687984472e-05], [-2.931079563005195e-06, 2.028063007182975e-06, 4.6143620641255284e-06, 6.90422228588762e-05, 5.679758148338839e-05, 3.321503414578683e-05], [-3.597859689322941e-07, 2.3494108165947096e-06, 4.144758314206815e-06, 3.375645687984472e-05, 3.321503414578683e-05, 2.1084937057117285e-05]]</COVARIANCE_MATRIX>
		<ROI_SIZE>19389</ROI_SIZE>
		<MAX_VALUE>[0.15660478174686432, 0.12097527831792831, 0.09729359298944473, 0.12959235906600952, 0.07306185364723206, 0.05011352524161339]</MAX_VALUE>
		<MIN_VALUE>[0.13848446309566498, 0.10077708959579468, 0.07455915212631226, 0.07000614702701569, 0.020625991746783257, 0.007211451884359121]</MIN_VALUE>
		<SIGNATURE_THRESHOLD_MD>0</SIGNATURE_THRESHOLD_MD>
		<SIGNATURE_THRESHOLD_ML>0</SIGNATURE_THRESHOLD_ML>
		<SIGNATURE_THRESHOLD_SAM>0</SIGNATURE_THRESHOLD_SAM>
	</signature>
	<signature ID="20210205_155700163263_711">
		<MACROCLASSID>1</MACROCLASSID>
		<MACROCLASSINFO>waterbody</MACROCLASSINFO>
		<CLASSID>3</CLASSID>
		<CLASSINFO>C 1</CLASSINFO>
		<VALUES>[0.15436732392720498, 0.002231340351884864, 0.12979978014423385, 0.004917405610340438, 0.10646470259837428, 0.005492701445014271, 0.12482083340485899, 0.016133811653139898, 0.04447899367472139, 0.013608707758027035, 0.021180954667730158, 0.0075515648317802464]</VALUES>
		<LCS_MIN>[0.1459709256887436, 0.11193038523197174, 0.08714865148067474, 0.10499394685029984, 0.030404238030314445, 0.013383976183831692]</LCS_MIN>
		<LCS_MAX>[0.1570325791835785, 0.13591767847537994, 0.11318324506282806, 0.15956881642341614, 0.07981495559215546, 0.0431465320289135]</LCS_MAX>
		<WAVELENGTH>[0.48, 0.56, 0.655, 0.865, 1.61, 2.2]</WAVELENGTH>
		<MEAN_VALUE>[0.15436732392720498, 0.12979978014423385, 0.10646470259837428, 0.12482083340485899, 0.04447899367472139, 0.021180954667730158]</MEAN_VALUE>
		<CHECKBOX>2</CHECKBOX>
		<SD>[0.002231340351884864, 0.004917405610340438, 0.005492701445014271, 0.016133811653139898, 0.013608707758027035, 0.0075515648317802464]</SD>
		<WAVELENGTH_UNIT>E-6m</WAVELENGTH_UNIT>
		<COLOR>#44c100</COLOR>
		<COVARIANCE_MATRIX>[[5.0296846615205784e-06, 1.0699767332050742e-05, 1.1603053357669664e-05, -1.9945888266975883e-05, -1.275073771513672e-05, -5.17515726795155e-06], [1.0699767332050742e-05, 2.442762158902208e-05, 2.5896146094031347e-05, -3.822521872270134e-05, -2.3817689713837593e-05, -9.661040104770446e-06], [1.1603053357669664e-05, 2.5896146094031347e-05, 3.0477623951450284e-05, -3.1327726726060026e-05, -1.8183236300272994e-05, -5.39923397731666e-06], [-1.9945888266975883e-05, -3.822521872270134e-05, -3.1327726726060026e-05, 0.0002629559996677578, 0.00020633085465340706, 0.00010937934507628569], [-1.275073771513672e-05, -2.3817689713837593e-05, -1.8183236300272994e-05, 0.00020633085465340706, 0.00018708669140301152, 0.00010142808013435075], [-5.17515726795155e-06, -9.661040104770446e-06, -5.39923397731666e-06, 0.00010937934507628569, 0.00010142808013435075, 5.7608030708667774e-05]]</COVARIANCE_MATRIX>
		<ROI_SIZE>99</ROI_SIZE>
		<MAX_VALUE>[0.1570325791835785, 0.13591767847537994, 0.11318324506282806, 0.15956881642341614, 0.07981495559215546, 0.0431465320289135]</MAX_VALUE>
		<MIN_VALUE>[0.1459709256887436, 0.11193038523197174, 0.08714865148067474, 0.10499394685029984, 0.030404238030314445, 0.013383976183831692]</MIN_VALUE>
		<SIGNATURE_THRESHOLD_MD>0</SIGNATURE_THRESHOLD_MD>
		<SIGNATURE_THRESHOLD_ML>0</SIGNATURE_THRESHOLD_ML>
		<SIGNATURE_THRESHOLD_SAM>0</SIGNATURE_THRESHOLD_SAM>
	</signature>
	<signature ID="20210205_155726148236_490">
		<MACROCLASSID>1</MACROCLASSID>
		<MACROCLASSINFO>waterbody</MACROCLASSINFO>
		<CLASSID>4</CLASSID>
		<CLASSINFO>C 1</CLASSINFO>
		<VALUES>[0.15068806583479444, 0.0036759886534946658, 0.11412295257694012, 0.004409474771331485, 0.0867698090044254, 0.004825135949358209, 0.10112611216579834, 0.011254459435888426, 0.033975561571638245, 0.011344404899179922, 0.016528046720412776, 0.007470171841394386]</VALUES>
		<LCS_MIN>[0.1431596875190735, 0.10615511983633041, 0.07874546200037003, 0.08898206055164337, 0.025148427113890648, 0.009503234177827835]</LCS_MIN>
		<LCS_MAX>[0.15923269093036652, 0.12604773044586182, 0.10563565045595169, 0.14001229405403137, 0.07568975538015366, 0.049319036304950714]</LCS_MAX>
		<WAVELENGTH>[0.48, 0.56, 0.655, 0.865, 1.61, 2.2]</WAVELENGTH>
		<MEAN_VALUE>[0.15068806583479444, 0.11412295257694012, 0.0867698090044254, 0.10112611216579834, 0.033975561571638245, 0.016528046720412776]</MEAN_VALUE>
		<CHECKBOX>2</CHECKBOX>
		<SD>[0.0036759886534946658, 0.004409474771331485, 0.004825135949358209, 0.011254459435888426, 0.011344404899179922, 0.007470171841394386]</SD>
		<WAVELENGTH_UNIT>E-6m</WAVELENGTH_UNIT>
		<COLOR>#8c4d1e</COLOR>
		<COVARIANCE_MATRIX>[[1.3742365861960436e-05, 1.4121248300684308e-05, 1.471673946383631e-05, -4.988616099584631e-07, 3.0554901018827525e-06, 3.315278138862707e-06], [1.4121248300684308e-05, 1.6218860067556223e-05, 1.7374452600102572e-05, 7.667122263922397e-06, 1.1930092020583837e-05, 9.491658659402935e-06], [1.471673946383631e-05, 1.7374452600102572e-05, 1.97304395708647e-05, 1.6032313386901978e-05, 2.0178086775907236e-05, 1.496695599522976e-05], [-4.988616099584631e-07, 7.667122263922397e-06, 1.6032313386901978e-05, 0.00014289252396688438, 0.00012640212496032005, 7.55843852724465e-05], [3.0554901018827525e-06, 1.1930092020583837e-05, 2.0178086775907236e-05, 0.00012640212496032005, 0.00013591943769478943, 8.555361989228365e-05], [3.315278138862707e-06, 9.491658659402935e-06, 1.496695599522976e-05, 7.55843852724465e-05, 8.555361989228365e-05, 5.6401208775739566e-05]]</COVARIANCE_MATRIX>
		<ROI_SIZE>2336</ROI_SIZE>
		<MAX_VALUE>[0.15923269093036652, 0.12604773044586182, 0.10563565045595169, 0.14001229405403137, 0.07568975538015366, 0.049319036304950714]</MAX_VALUE>
		<MIN_VALUE>[0.1431596875190735, 0.10615511983633041, 0.07874546200037003, 0.08898206055164337, 0.025148427113890648, 0.009503234177827835]</MIN_VALUE>
		<SIGNATURE_THRESHOLD_MD>0</SIGNATURE_THRESHOLD_MD>
		<SIGNATURE_THRESHOLD_ML>0</SIGNATURE_THRESHOLD_ML>
		<SIGNATURE_THRESHOLD_SAM>0</SIGNATURE_THRESHOLD_SAM>
	</signature>
	<signature ID="20210205_155813405186_508">
		<MACROCLASSID>1</MACROCLASSID>
		<MACROCLASSINFO>waterbody</MACROCLASSINFO>
		<CLASSID>5</CLASSID>
		<CLASSINFO>C 1</CLASSINFO>
		<VALUES>[0.19277870720201498, 0.002627608643313244, 0.15853371072173764, 0.00319740242223169, 0.13834645057636538, 0.0042782916252604285, 0.15012518353149543, 0.014192841016191804, 0.06621975150427535, 0.017718694343439815, 0.03451566282110143, 0.01169412179744849]</VALUES>
		<LCS_MIN>[0.18795627355575562, 0.15092118084430695, 0.12641441822052002, 0.13185358047485352, 0.04222980514168739, 0.01677580364048481]</LCS_MIN>
		<LCS_MAX>[0.20439599454402924, 0.1720055192708969, 0.15547417104244232, 0.1937926858663559, 0.10701071470975876, 0.0737341120839119]</LCS_MAX>
		<WAVELENGTH>[0.48, 0.56, 0.655, 0.865, 1.61, 2.2]</WAVELENGTH>
		<MEAN_VALUE>[0.19277870720201498, 0.15853371072173764, 0.13834645057636538, 0.15012518353149543, 0.06621975150427535, 0.03451566282110143]</MEAN_VALUE>
		<CHECKBOX>2</CHECKBOX>
		<SD>[0.002627608643313244, 0.00319740242223169, 0.0042782916252604285, 0.014192841016191804, 0.017718694343439815, 0.01169412179744849]</SD>
		<WAVELENGTH_UNIT>E-6m</WAVELENGTH_UNIT>
		<COLOR>#a7b3d5</COLOR>
		<COVARIANCE_MATRIX>[[6.923243147297688e-06, 8.11808430243206e-06, 1.0269447234791745e-05, 4.016517523547205e-06, 5.433775819653154e-06, 5.936636875480805e-06], [8.11808430243206e-06, 1.0251391516130565e-05, 1.3386750386540218e-05, 1.7154878767661792e-06, 4.4993444303874895e-06, 6.919205815821592e-06], [1.0269447234791745e-05, 1.3386750386540218e-05, 1.8353926571131824e-05, -2.0567483902869215e-06, 3.406449290521918e-06, 8.86014433784522e-06], [4.016517523547205e-06, 1.7154878767661792e-06, -2.0567483902869215e-06, 0.00020198861757969363, 0.00023942732617601213, 0.00014499071997723314], [5.433775819653154e-06, 4.4993444303874895e-06, 3.406449290521918e-06, 0.00023942732617601213, 0.00031481227205607144, 0.00020159776102463803], [5.936636875480805e-06, 6.919205815821592e-06, 8.86014433784522e-06, 0.00014499071997723314, 0.00020159776102463803, 0.0001371271489549669]]</COVARIANCE_MATRIX>
		<ROI_SIZE>366</ROI_SIZE>
		<MAX_VALUE>[0.20439599454402924, 0.1720055192708969, 0.15547417104244232, 0.1937926858663559, 0.10701071470975876, 0.0737341120839119]</MAX_VALUE>
		<MIN_VALUE>[0.18795627355575562, 0.15092118084430695, 0.12641441822052002, 0.13185358047485352, 0.04222980514168739, 0.01677580364048481]</MIN_VALUE>
		<SIGNATURE_THRESHOLD_MD>0</SIGNATURE_THRESHOLD_MD>
		<SIGNATURE_THRESHOLD_ML>0</SIGNATURE_THRESHOLD_ML>
		<SIGNATURE_THRESHOLD_SAM>0</SIGNATURE_THRESHOLD_SAM>
	</signature>
	<signature ID="20210205_155821825704_643">
		<MACROCLASSID>1</MACROCLASSID>
		<MACROCLASSINFO>waterbody</MACROCLASSINFO>
		<CLASSID>6</CLASSID>
		<CLASSINFO>C 1</CLASSINFO>
		<VALUES>[0.18275408560441708, 0.0012448035442946914, 0.14696170440164658, 0.0019454243375875767, 0.12319843275314671, 0.00342976924077521, 0.14871614211696688, 0.013181663053046508, 0.06052052403279281, 0.014546581502124224, 0.02999456807718439, 0.00898765909743965]</VALUES>
		<LCS_MIN>[0.18022537231445312, 0.1414484977722168, 0.11400828510522842, 0.13145634531974792, 0.04002969339489937, 0.017173048108816147]</LCS_MIN>
		<LCS_MAX>[0.18633677065372467, 0.15128785371780396, 0.13206747174263, 0.1819671243429184, 0.09570460766553879, 0.05543045327067375]</LCS_MAX>
		<WAVELENGTH>[0.48, 0.56, 0.655, 0.865, 1.61, 2.2]</WAVELENGTH>
		<MEAN_VALUE>[0.18275408560441708, 0.14696170440164658, 0.12319843275314671, 0.14871614211696688, 0.06052052403279281, 0.02999456807718439]</MEAN_VALUE>
		<CHECKBOX>2</CHECKBOX>
		<SD>[0.0012448035442946914, 0.0019454243375875767, 0.00342976924077521, 0.013181663053046508, 0.014546581502124224, 0.00898765909743965]</SD>
		<WAVELENGTH_UNIT>E-6m</WAVELENGTH_UNIT>
		<COLOR>#3ef224</COLOR>
		<COVARIANCE_MATRIX>[[1.5627797601611808e-06, 2.19044205615911e-06, 3.6545850556516015e-06, -2.729569477369717e-06, -1.9046664510908535e-06, -2.916518864512775e-09], [2.19044205615911e-06, 3.817023510143692e-06, 6.311816775511058e-06, -1.0138867998340672e-05, -7.388234047002421e-06, -2.215598280349258e-06], [3.6545850556516015e-06, 6.311816775511058e-06, 1.1863858216292254e-05, -1.2308287026725057e-05, -8.097062975817355e-06, -8.759468306465858e-07], [-2.729569477369717e-06, -1.0138867998340672e-05, -1.2308287026725057e-05, 0.0001752413369196417, 0.00017775023821258072, 0.00010303027694168267], [-1.9046664510908535e-06, -7.388234047002421e-06, -8.097062975817355e-06, 0.00017775023821258072, 0.00021341160633296788, 0.00012859609454519651], [-2.916518864512775e-09, -2.215598280349258e-06, -8.759468306465858e-07, 0.00010303027694168267, 0.00012859609454519651, 8.14684264453948e-05]]</COVARIANCE_MATRIX>
		<ROI_SIZE>118</ROI_SIZE>
		<MAX_VALUE>[0.18633677065372467, 0.15128785371780396, 0.13206747174263, 0.1819671243429184, 0.09570460766553879, 0.05543045327067375]</MAX_VALUE>
		<MIN_VALUE>[0.18022537231445312, 0.1414484977722168, 0.11400828510522842, 0.13145634531974792, 0.04002969339489937, 0.017173048108816147]</MIN_VALUE>
		<SIGNATURE_THRESHOLD_MD>0</SIGNATURE_THRESHOLD_MD>
		<SIGNATURE_THRESHOLD_ML>0</SIGNATURE_THRESHOLD_ML>
		<SIGNATURE_THRESHOLD_SAM>0</SIGNATURE_THRESHOLD_SAM>
	</signature>
	<signature ID="20210205_155836996288_113">
		<MACROCLASSID>1</MACROCLASSID>
		<MACROCLASSINFO>waterbody</MACROCLASSINFO>
		<CLASSID>7</CLASSID>
		<CLASSINFO>C 1</CLASSINFO>
		<VALUES>[0.1952476052443186, 0.0016947006310066867, 0.15947713851928716, 0.0022633063609537275, 0.1418184341986974, 0.003690276358469265, 0.15985360046227778, 0.010304657037565463, 0.07559523651997249, 0.015356118888409981, 0.04172704587380091, 0.011674403260320907]</VALUES>
		<LCS_MIN>[0.19137868285179138, 0.15388520061969757, 0.131700798869133, 0.14248743653297424, 0.04773007333278656, 0.022245517000555992]</LCS_MIN>
		<LCS_MAX>[0.1977345198392868, 0.1628078669309616, 0.1491183042526245, 0.1864590048789978, 0.10294662415981293, 0.07125899940729141]</LCS_MAX>
		<WAVELENGTH>[0.48, 0.56, 0.655, 0.865, 1.61, 2.2]</WAVELENGTH>
		<MEAN_VALUE>[0.1952476052443186, 0.15947713851928716, 0.1418184341986974, 0.15985360046227778, 0.07559523651997249, 0.04172704587380091]</MEAN_VALUE>
		<CHECKBOX>2</CHECKBOX>
		<SD>[0.0016947006310066867, 0.0022633063609537275, 0.003690276358469265, 0.010304657037565463, 0.015356118888409981, 0.011674403260320907]</SD>
		<WAVELENGTH_UNIT>E-6m</WAVELENGTH_UNIT>
		<COLOR>#4d8799</COLOR>
		<COVARIANCE_MATRIX>[[2.9108211777714994e-06, 3.7249111504504302e-06, 5.5130977323138075e-06, 3.574417650115974e-06, 3.952459945246153e-06, 4.1113564797361465e-06], [3.7249111504504302e-06, 5.191779408986786e-06, 8.019752141211124e-06, 5.445497449083745e-06, 7.382004757919209e-06, 7.719274599184559e-06], [5.5130977323138075e-06, 8.019752141211124e-06, 1.3802168515415991e-05, 9.939290806859829e-06, 1.1839653244472163e-05, 1.2829099128666037e-05], [3.574417650115974e-06, 5.445497449083745e-06, 9.939290806859829e-06, 0.0001076209020221426, 0.000127545959859359, 9.382737786388417e-05], [3.952459945246153e-06, 7.382004757919209e-06, 1.1839653244472163e-05, 0.000127545959859359, 0.00023899701417058963, 0.00017673963876283305], [4.1113564797361465e-06, 7.719274599184559e-06, 1.2829099128666037e-05, 9.382737786388417e-05, 0.00017673963876283305, 0.00013813347109924802]]</COVARIANCE_MATRIX>
		<ROI_SIZE>75</ROI_SIZE>
		<MAX_VALUE>[0.1977345198392868, 0.1628078669309616, 0.1491183042526245, 0.1864590048789978, 0.10294662415981293, 0.07125899940729141]</MAX_VALUE>
		<MIN_VALUE>[0.19137868285179138, 0.15388520061969757, 0.131700798869133, 0.14248743653297424, 0.04773007333278656, 0.022245517000555992]</MIN_VALUE>
		<SIGNATURE_THRESHOLD_MD>0</SIGNATURE_THRESHOLD_MD>
		<SIGNATURE_THRESHOLD_ML>0</SIGNATURE_THRESHOLD_ML>
		<SIGNATURE_THRESHOLD_SAM>0</SIGNATURE_THRESHOLD_SAM>
	</signature>
	<signature ID="20210205_155918640491_316">
		<MACROCLASSID>1</MACROCLASSID>
		<MACROCLASSINFO>waterbody</MACROCLASSINFO>
		<CLASSID>8</CLASSID>
		<CLASSINFO>C 1</CLASSINFO>
		<VALUES>[0.17255312495115324, 0.002216661001601358, 0.14076104969149686, 0.0030672030496404898, 0.11725589240015279, 0.004633073280782584, 0.12195515369133243, 0.011075155355326202, 0.050438751869766846, 0.014977449540647923, 0.027120290241749362, 0.01076881836201217]</VALUES>
		<LCS_MIN>[0.16781921684741974, 0.13200636208057404, 0.10661347955465317, 0.10548286139965057, 0.030190343037247658, 0.013995115645229816]</LCS_MIN>
		<LCS_MAX>[0.17768913507461548, 0.14954611659049988, 0.1311507672071457, 0.15672700107097626, 0.08659862726926804, 0.05674439296126366]</LCS_MAX>
		<WAVELENGTH>[0.48, 0.56, 0.655, 0.865, 1.61, 2.2]</WAVELENGTH>
		<MEAN_VALUE>[0.17255312495115324, 0.14076104969149686, 0.11725589240015279, 0.12195515369133243, 0.050438751869766846, 0.027120290241749362]</MEAN_VALUE>
		<CHECKBOX>2</CHECKBOX>
		<SD>[0.002216661001601358, 0.0030672030496404898, 0.004633073280782584, 0.011075155355326202, 0.014977449540647923, 0.01076881836201217]</SD>
		<WAVELENGTH_UNIT>E-6m</WAVELENGTH_UNIT>
		<COLOR>#f891f9</COLOR>
		<COVARIANCE_MATRIX>[[4.518737906883986e-06, 5.986502389315108e-06, 8.434405968756453e-06, 3.7855173848876434e-07, 5.311345648784396e-06, 6.0639032684885975e-06], [5.986502389315108e-06, 8.529133293062767e-06, 1.1828645002746957e-05, -1.2584857378285364e-06, 6.034879317767729e-06, 8.067982227898779e-06], [8.434405968756453e-06, 1.1828645002746957e-05, 1.781714541513285e-05, 7.106295064864077e-06, 2.1194969902281808e-05, 2.0584806480559416e-05], [3.7855173848876434e-07, -1.2584857378285364e-06, 7.106295064864077e-06, 0.00011511790078207175, 0.00014400897231587343, 9.492656145995506e-05], [5.311345648784396e-06, 6.034879317767729e-06, 2.1194969902281808e-05, 0.00014400897231587343, 0.00020739470052513168, 0.00014569040987739664], [6.0639032684885975e-06, 8.067982227898779e-06, 2.0584806480559416e-05, 9.492656145995506e-05, 0.00014569040987739664, 0.00010748216566821896]]</COVARIANCE_MATRIX>
		<ROI_SIZE>543</ROI_SIZE>
		<MAX_VALUE>[0.17768913507461548, 0.14954611659049988, 0.1311507672071457, 0.15672700107097626, 0.08659862726926804, 0.05674439296126366]</MAX_VALUE>
		<MIN_VALUE>[0.16781921684741974, 0.13200636208057404, 0.10661347955465317, 0.10548286139965057, 0.030190343037247658, 0.013995115645229816]</MIN_VALUE>
		<SIGNATURE_THRESHOLD_MD>0</SIGNATURE_THRESHOLD_MD>
		<SIGNATURE_THRESHOLD_ML>0</SIGNATURE_THRESHOLD_ML>
		<SIGNATURE_THRESHOLD_SAM>0</SIGNATURE_THRESHOLD_SAM>
	</signature>
	<signature ID="20210205_155944286543_462">
		<MACROCLASSID>1</MACROCLASSID>
		<MACROCLASSINFO>waterbody</MACROCLASSINFO>
		<CLASSID>9</CLASSID>
		<CLASSINFO>C 1</CLASSINFO>
		<VALUES>[0.16560382270441815, 0.002300745135108142, 0.1351197150709865, 0.003182593139296707, 0.11453048796171235, 0.0074393241595074365, 0.11648613832645367, 0.01215859968449266, 0.04575321529633723, 0.014253484749159943, 0.023730998058827252, 0.00949587594573527]</VALUES>
		<LCS_MIN>[0.16088275611400604, 0.12785062193870544, 0.10193826258182526, 0.0997992530465126, 0.027684668079018593, 0.01133665256202221]</LCS_MIN>
		<LCS_MAX>[0.17169994115829468, 0.1425485461950302, 0.13668158650398254, 0.15791872143745422, 0.08323734253644943, 0.05414704605937004]</LCS_MAX>
		<WAVELENGTH>[0.48, 0.56, 0.655, 0.865, 1.61, 2.2]</WAVELENGTH>
		<MEAN_VALUE>[0.16560382270441815, 0.1351197150709865, 0.11453048796171235, 0.11648613832645367, 0.04575321529633723, 0.023730998058827252]</MEAN_VALUE>
		<CHECKBOX>2</CHECKBOX>
		<SD>[0.002300745135108142, 0.003182593139296707, 0.0074393241595074365, 0.01215859968449266, 0.014253484749159943, 0.00949587594573527]</SD>
		<WAVELENGTH_UNIT>E-6m</WAVELENGTH_UNIT>
		<COLOR>#aed3aa</COLOR>
		<COVARIANCE_MATRIX>[[5.703153708757572e-06, 8.067317111508121e-06, 9.36417271480399e-06, -5.285865178698981e-07, -1.3567284181456772e-07, 1.0824319859663116e-06], [8.067317111508121e-06, 1.6241196664151102e-05, 2.599998621998872e-05, -1.2887151326361506e-06, -5.4176179339582816e-06, -1.6796863314570105e-06], [9.36417271480399e-06, 2.599998621998872e-05, 7.917995604100778e-05, 2.1038660368164886e-05, -3.8192581011329275e-07, 2.3461726685959716e-06], [-5.285865178698981e-07, -1.2887151326361506e-06, 2.1038660368164886e-05, 0.00013962558763556683, 0.00013802819839084886, 8.537737007704559e-05], [-1.3567284181456772e-07, -5.4176179339582816e-06, -3.8192581011329275e-07, 0.00013802819839084886, 0.00018121470692401183, 0.00011754758540064036], [1.0824319859663116e-06, -1.6796863314570105e-06, 2.3461726685959716e-06, 8.537737007704559e-05, 0.00011754758540064036, 8.014662886729996e-05]]</COVARIANCE_MATRIX>
		<ROI_SIZE>2955</ROI_SIZE>
		<MAX_VALUE>[0.17169994115829468, 0.1425485461950302, 0.13668158650398254, 0.15791872143745422, 0.08323734253644943, 0.05414704605937004]</MAX_VALUE>
		<MIN_VALUE>[0.16088275611400604, 0.12785062193870544, 0.10193826258182526, 0.0997992530465126, 0.027684668079018593, 0.01133665256202221]</MIN_VALUE>
		<SIGNATURE_THRESHOLD_MD>0</SIGNATURE_THRESHOLD_MD>
		<SIGNATURE_THRESHOLD_ML>0</SIGNATURE_THRESHOLD_ML>
		<SIGNATURE_THRESHOLD_SAM>0</SIGNATURE_THRESHOLD_SAM>
	</signature>
	<signature ID="20210205_160015747651_390">
		<MACROCLASSID>1</MACROCLASSID>
		<MACROCLASSINFO>waterbody</MACROCLASSINFO>
		<CLASSID>10</CLASSID>
		<CLASSINFO>C 1</CLASSINFO>
		<VALUES>[0.18202262255108353, 0.003097397470938099, 0.14463276249273324, 0.0035752055452636677, 0.1127345428289202, 0.002540073657757193, 0.0928581033150828, 0.009574023012722815, 0.0332867133994246, 0.007355486318732683, 0.01606566194408249, 0.004577946170478405]</VALUES>
		<LCS_MIN>[0.17038600146770477, 0.13231194019317627, 0.10456615686416626, 0.08005942404270172, 0.027379091829061508, 0.012711719609797001]</LCS_MIN>
		<LCS_MAX>[0.19046196341514587, 0.15263237059116364, 0.12565051019191742, 0.13607046008110046, 0.07941772043704987, 0.053108107298612595]</LCS_MAX>
		<WAVELENGTH>[0.48, 0.56, 0.655, 0.865, 1.61, 2.2]</WAVELENGTH>
		<MEAN_VALUE>[0.18202262255108353, 0.14463276249273324, 0.1127345428289202, 0.0928581033150828, 0.0332867133994246, 0.01606566194408249]</MEAN_VALUE>
		<CHECKBOX>2</CHECKBOX>
		<SD>[0.003097397470938099, 0.0035752055452636677, 0.002540073657757193, 0.009574023012722815, 0.007355486318732683, 0.004577946170478405]</SD>
		<WAVELENGTH_UNIT>E-6m</WAVELENGTH_UNIT>
		<COLOR>#905f35</COLOR>
		<COVARIANCE_MATRIX>[[8.476385531431483e-06, 9.00079933144733e-06, 5.7396450977084275e-06, -1.215184563331029e-05, -5.235010103051812e-06, -2.40119152185224e-06], [9.00079933144733e-06, 1.116211846917553e-05, 7.559493750215671e-06, -8.45636106344418e-06, -3.2910730044940765e-06, -1.2699992255877777e-06], [5.7396450977084275e-06, 7.559493750215671e-06, 6.653865185264968e-06, 1.7359693105033811e-06, 3.3417488686822066e-06, 2.5827008402100243e-06], [-1.215184563331029e-05, -8.45636106344418e-06, 1.7359693105033811e-06, 9.528980198967465e-05, 6.357103273507216e-05, 3.5593589485524185e-05], [-5.235010103051812e-06, -3.2910730044940765e-06, 3.3417488686822066e-06, 6.357103273507216e-05, 5.772732448355068e-05, 3.4941641644952126e-05], [-2.40119152185224e-06, -1.2699992255877777e-06, 2.5827008402100243e-06, 3.5593589485524185e-05, 3.4941641644952126e-05, 2.195403671796661e-05]]</COVARIANCE_MATRIX>
		<ROI_SIZE>57741</ROI_SIZE>
		<MAX_VALUE>[0.19046196341514587, 0.15263237059116364, 0.12565051019191742, 0.13607046008110046, 0.07941772043704987, 0.053108107298612595]</MAX_VALUE>
		<MIN_VALUE>[0.17038600146770477, 0.13231194019317627, 0.10456615686416626, 0.08005942404270172, 0.027379091829061508, 0.012711719609797001]</MIN_VALUE>
		<SIGNATURE_THRESHOLD_MD>0</SIGNATURE_THRESHOLD_MD>
		<SIGNATURE_THRESHOLD_ML>0</SIGNATURE_THRESHOLD_ML>
		<SIGNATURE_THRESHOLD_SAM>0</SIGNATURE_THRESHOLD_SAM>
	</signature>
	<signature ID="20210205_160026500987_706">
		<MACROCLASSID>1</MACROCLASSID>
		<MACROCLASSINFO>waterbody</MACROCLASSINFO>
		<CLASSID>11</CLASSID>
		<CLASSINFO>C 1</CLASSINFO>
		<VALUES>[0.17998996013429955, 0.002855740184638432, 0.13993713018131448, 0.0028203652777821476, 0.11012664127279204, 0.002406916695182849, 0.08969761165824378, 0.010817885144505934, 0.03192817152121785, 0.007462573983481327, 0.01546118348136806, 0.004333081546886277]</VALUES>
		<LCS_MIN>[0.17157770693302155, 0.1335647702217102, 0.1046883687376976, 0.07593422383069992, 0.02410949021577835, 0.011153311468660831]</LCS_MIN>
		<LCS_MAX>[0.18526726961135864, 0.14817103743553162, 0.12216700613498688, 0.13344253599643707, 0.07923437654972076, 0.056347157806158066]</LCS_MAX>
		<WAVELENGTH>[0.48, 0.56, 0.655, 0.865, 1.61, 2.2]</WAVELENGTH>
		<MEAN_VALUE>[0.17998996013429955, 0.13993713018131448, 0.11012664127279204, 0.08969761165824378, 0.03192817152121785, 0.01546118348136806]</MEAN_VALUE>
		<CHECKBOX>2</CHECKBOX>
		<SD>[0.002855740184638432, 0.0028203652777821476, 0.002406916695182849, 0.010817885144505934, 0.007462573983481327, 0.004333081546886277]</SD>
		<WAVELENGTH_UNIT>E-6m</WAVELENGTH_UNIT>
		<COLOR>#51b405</COLOR>
		<COVARIANCE_MATRIX>[[7.846287285486698e-06, 7.322489201888337e-06, 5.676543595657542e-06, -3.714283877167911e-06, -2.06796551237291e-06, -1.036023665765456e-06], [7.322489201888337e-06, 8.225865140241703e-06, 6.945932991785501e-06, 5.600080332870987e-06, 3.1415227502151087e-06, 1.8484726556983604e-06], [5.676543595657542e-06, 6.945932991785501e-06, 6.937308659771254e-06, 1.315444899567221e-05, 8.686851733389826e-06, 5.146399802658107e-06], [-3.714283877167911e-06, 5.600080332870987e-06, 1.315444899567221e-05, 0.00013243070759038237, 8.152779057600727e-05, 4.3652566873881076e-05], [-2.06796551237291e-06, 3.1415227502151087e-06, 8.686851733389826e-06, 8.152779057600727e-05, 6.636568305166885e-05, 3.841191701799122e-05], [-1.036023665765456e-06, 1.8484726556983604e-06, 5.146399802658107e-06, 4.3652566873881076e-05, 3.841191701799122e-05, 2.3342497734171276e-05]]</COVARIANCE_MATRIX>
		<ROI_SIZE>71854</ROI_SIZE>
		<MAX_VALUE>[0.18526726961135864, 0.14817103743553162, 0.12216700613498688, 0.13344253599643707, 0.07923437654972076, 0.056347157806158066]</MAX_VALUE>
		<MIN_VALUE>[0.17157770693302155, 0.1335647702217102, 0.1046883687376976, 0.07593422383069992, 0.02410949021577835, 0.011153311468660831]</MIN_VALUE>
		<SIGNATURE_THRESHOLD_MD>0</SIGNATURE_THRESHOLD_MD>
		<SIGNATURE_THRESHOLD_ML>0</SIGNATURE_THRESHOLD_ML>
		<SIGNATURE_THRESHOLD_SAM>0</SIGNATURE_THRESHOLD_SAM>
	</signature>
	<signature ID="20210205_160041482844_980">
		<MACROCLASSID>1</MACROCLASSID>
		<MACROCLASSINFO>waterbody</MACROCLASSINFO>
		<CLASSID>12</CLASSID>
		<CLASSINFO>C 1</CLASSINFO>
		<VALUES>[0.18726040907407698, 0.002012690810428566, 0.15673259889981783, 0.002057984657779939, 0.1382625435626572, 0.002529271789197416, 0.1299518664555797, 0.008285958813933148, 0.05081282959121178, 0.011850654606796466, 0.026879995043486194, 0.00926333629225224]</VALUES>
		<LCS_MIN>[0.18172265589237213, 0.1504628211259842, 0.13063129782676697, 0.12048636376857758, 0.04024361073970795, 0.019159255549311638]</LCS_MIN>
		<LCS_MAX>[0.19214259088039398, 0.16128000617027283, 0.14609315991401672, 0.1661996841430664, 0.09096827358007431, 0.06383361667394638]</LCS_MAX>
		<WAVELENGTH>[0.48, 0.56, 0.655, 0.865, 1.61, 2.2]</WAVELENGTH>
		<MEAN_VALUE>[0.18726040907407698, 0.15673259889981783, 0.1382625435626572, 0.1299518664555797, 0.05081282959121178, 0.026879995043486194]</MEAN_VALUE>
		<CHECKBOX>2</CHECKBOX>
		<SD>[0.002012690810428566, 0.002057984657779939, 0.002529271789197416, 0.008285958813933148, 0.011850654606796466, 0.00926333629225224]</SD>
		<WAVELENGTH_UNIT>E-6m</WAVELENGTH_UNIT>
		<COLOR>#bd0d4f</COLOR>
		<COVARIANCE_MATRIX>[[5.67836788770455e-06, 5.6546894166903335e-06, 6.057180054289156e-06, 3.8320440506765915e-06, 3.885046502979671e-06, 3.977963852038065e-06], [5.6546894166903335e-06, 6.46337403146348e-06, 7.463338528572389e-06, 4.3629756040593064e-08, -2.889512189234316e-07, 1.8951186735403979e-06], [6.057180054289156e-06, 7.463338528572389e-06, 9.576401363560449e-06, -1.0813668965022333e-06, -3.5013821640964337e-07, 3.334219173767231e-06], [3.8320440506765915e-06, 4.3629756040593064e-08, -1.0813668965022333e-06, 7.89071800270397e-05, 0.00010204204466521023, 7.426864206564712e-05], [3.885046502979671e-06, -2.889512189234316e-07, -3.5013821640964337e-07, 0.00010204204466521023, 0.00015128614884669895, 0.000113775177837863], [3.977963852038065e-06, 1.8951186735403979e-06, 3.334219173767231e-06, 7.426864206564712e-05, 0.000113775177837863, 9.02549985757489e-05]]</COVARIANCE_MATRIX>
		<ROI_SIZE>2943</ROI_SIZE>
		<MAX_VALUE>[0.19214259088039398, 0.16128000617027283, 0.14609315991401672, 0.1661996841430664, 0.09096827358007431, 0.06383361667394638]</MAX_VALUE>
		<MIN_VALUE>[0.18172265589237213, 0.1504628211259842, 0.13063129782676697, 0.12048636376857758, 0.04024361073970795, 0.019159255549311638]</MIN_VALUE>
		<SIGNATURE_THRESHOLD_MD>0</SIGNATURE_THRESHOLD_MD>
		<SIGNATURE_THRESHOLD_ML>0</SIGNATURE_THRESHOLD_ML>
		<SIGNATURE_THRESHOLD_SAM>0</SIGNATURE_THRESHOLD_SAM>
	</signature>
	<signature ID="20210205_160054339620_518">
		<MACROCLASSID>1</MACROCLASSID>
		<MACROCLASSINFO>waterbody</MACROCLASSINFO>
		<CLASSID>13</CLASSID>
		<CLASSINFO>C 1</CLASSINFO>
		<VALUES>[0.18744401214252995, 0.000980079338881647, 0.15594574683854565, 0.0016754210108223375, 0.13813767475741248, 0.0030118482683532664, 0.1542373774181894, 0.01217148048267399, 0.06364746499775337, 0.015606610758814534, 0.03314987823617558, 0.010356813819654536]</VALUES>
		<LCS_MIN>[0.1838310956954956, 0.14963777363300323, 0.12705612182617188, 0.13796497881412506, 0.040793634951114655, 0.018700892105698586]</LCS_MIN>
		<LCS_MAX>[0.18969805538654327, 0.1584993153810501, 0.14288467168807983, 0.18768128752708435, 0.10010483115911484, 0.06523926556110382]</LCS_MAX>
		<WAVELENGTH>[0.48, 0.56, 0.655, 0.865, 1.61, 2.2]</WAVELENGTH>
		<MEAN_VALUE>[0.18744401214252995, 0.15594574683854565, 0.13813767475741248, 0.1542373774181894, 0.06364746499775337, 0.03314987823617558]</MEAN_VALUE>
		<CHECKBOX>2</CHECKBOX>
		<SD>[0.000980079338881647, 0.0016754210108223375, 0.0030118482683532664, 0.01217148048267399, 0.015606610758814534, 0.010356813819654536]</SD>
		<WAVELENGTH_UNIT>E-6m</WAVELENGTH_UNIT>
		<COLOR>#e5522e</COLOR>
		<COVARIANCE_MATRIX>[[9.64608487340267e-07, 1.1318167388102828e-06, 1.502695783104015e-06, -4.712577141752464e-06, -4.8036857462161705e-06, -2.1925610026664897e-06], [1.1318167388102828e-06, 2.818879595418438e-06, 4.818549016801581e-06, -1.3030948928520568e-05, -1.4419806250975473e-05, -7.024238475234833e-06], [1.502695783104015e-06, 4.818549016801581e-06, 9.109505223614613e-06, -2.3965976693689363e-05, -2.6340677601894084e-05, -1.2699882315077152e-05], [-4.712577141752464e-06, -1.3030948928520568e-05, -2.3965976693689363e-05, 0.00014877002126306775, 0.00017452378617512627, 0.00010808345961127549], [-4.8036857462161705e-06, -1.4419806250975473e-05, -2.6340677601894084e-05, 0.00017452378617512627, 0.0002445940052816907, 0.0001565526772346164], [-2.1925610026664897e-06, -7.024238475234833e-06, -1.2699882315077152e-05, 0.00010808345961127549, 0.0001565526772346164, 0.00010771618149285633]]</COVARIANCE_MATRIX>
		<ROI_SIZE>238</ROI_SIZE>
		<MAX_VALUE>[0.18969805538654327, 0.1584993153810501, 0.14288467168807983, 0.18768128752708435, 0.10010483115911484, 0.06523926556110382]</MAX_VALUE>
		<MIN_VALUE>[0.1838310956954956, 0.14963777363300323, 0.12705612182617188, 0.13796497881412506, 0.040793634951114655, 0.018700892105698586]</MIN_VALUE>
		<SIGNATURE_THRESHOLD_MD>0</SIGNATURE_THRESHOLD_MD>
		<SIGNATURE_THRESHOLD_ML>0</SIGNATURE_THRESHOLD_ML>
		<SIGNATURE_THRESHOLD_SAM>0</SIGNATURE_THRESHOLD_SAM>
	</signature>
	<signature ID="20210205_160120761090_261">
		<MACROCLASSID>1</MACROCLASSID>
		<MACROCLASSINFO>waterbody</MACROCLASSINFO>
		<CLASSID>14</CLASSID>
		<CLASSINFO>C 1</CLASSINFO>
		<VALUES>[0.1680693480857583, 0.0013888983946175133, 0.13451168859420823, 0.0023737957787811903, 0.11061999929505724, 0.003053177568870194, 0.14715021952640173, 0.014014152845355978, 0.0675569691283758, 0.016836131167326046, 0.03735880631693574, 0.012435471452690262]</VALUES>
		<LCS_MIN>[0.16384680569171906, 0.12788116931915283, 0.10371056199073792, 0.1253143697977066, 0.03712678328156471, 0.01812031678855419]</LCS_MIN>
		<LCS_MAX>[0.17008043825626373, 0.1382399946451187, 0.11733899265527725, 0.1763140708208084, 0.09897421300411224, 0.06774492561817169]</LCS_MAX>
		<WAVELENGTH>[0.48, 0.56, 0.655, 0.865, 1.61, 2.2]</WAVELENGTH>
		<MEAN_VALUE>[0.1680693480857583, 0.13451168859420823, 0.11061999929505724, 0.14715021952640173, 0.0675569691283758, 0.03735880631693574]</MEAN_VALUE>
		<CHECKBOX>2</CHECKBOX>
		<SD>[0.0013888983946175133, 0.0023737957787811903, 0.003053177568870194, 0.014014152845355978, 0.016836131167326046, 0.012435471452690262]</SD>
		<WAVELENGTH_UNIT>E-6m</WAVELENGTH_UNIT>
		<COLOR>#e49183</COLOR>
		<COVARIANCE_MATRIX>[[1.9517333241072353e-06, 3.0603473032546553e-06, 3.3773242308616606e-06, -9.274814740949875e-06, -3.5925929983037858e-06, 7.768524020062669e-07], [3.0603473032546553e-06, 5.701199415822431e-06, 6.4409800526442845e-06, -1.2736569859144173e-05, -6.062505775513365e-07, 5.749683929439806e-06], [3.3773242308616606e-06, 6.4409800526442845e-06, 9.431562599605701e-06, -5.4243594084795446e-06, 1.3753329112045674e-05, 1.9974684235036633e-05], [-9.274814740949875e-06, -1.2736569859144173e-05, -5.4243594084795446e-06, 0.00019870702679621047, 0.00020010317564993953, 0.00011783682497226734], [-3.5925929983037858e-06, -6.062505775513365e-07, 1.3753329112045674e-05, 0.00020010317564993953, 0.0002867900810679181, 0.00019523719766785107], [7.768524020062669e-07, 5.749683929439806e-06, 1.9974684235036633e-05, 0.00011783682497226734, 0.00019523719766785107, 0.00015646025554774117]]</COVARIANCE_MATRIX>
		<ROI_SIZE>86</ROI_SIZE>
		<MAX_VALUE>[0.17008043825626373, 0.1382399946451187, 0.11733899265527725, 0.1763140708208084, 0.09897421300411224, 0.06774492561817169]</MAX_VALUE>
		<MIN_VALUE>[0.16384680569171906, 0.12788116931915283, 0.10371056199073792, 0.1253143697977066, 0.03712678328156471, 0.01812031678855419]</MIN_VALUE>
		<SIGNATURE_THRESHOLD_MD>0</SIGNATURE_THRESHOLD_MD>
		<SIGNATURE_THRESHOLD_ML>0</SIGNATURE_THRESHOLD_ML>
		<SIGNATURE_THRESHOLD_SAM>0</SIGNATURE_THRESHOLD_SAM>
	</signature>
	<signature ID="20210205_160148735944_485">
		<MACROCLASSID>1</MACROCLASSID>
		<MACROCLASSINFO>waterbody</MACROCLASSINFO>
		<CLASSID>15</CLASSID>
		<CLASSINFO>C 1</CLASSINFO>
		<VALUES>[0.15979520976543427, 0.0009908319372436258, 0.12822840532118623, 0.002073313046624199, 0.1087858023291284, 0.003345118668856278, 0.16603439978577875, 0.018043964135405027, 0.09833668544888495, 0.024149534928496398, 0.0583417003296993, 0.015760090138035483]</VALUES>
		<LCS_MIN>[0.15801040828227997, 0.12375596910715103, 0.10285496711730957, 0.1337786763906479, 0.05289421230554581, 0.028265243396162987]</LCS_MIN>
		<LCS_MAX>[0.1622578203678131, 0.132831409573555, 0.11795012652873993, 0.1973678469657898, 0.14979055523872375, 0.09142664074897766]</LCS_MAX>
		<WAVELENGTH>[0.48, 0.56, 0.655, 0.865, 1.61, 2.2]</WAVELENGTH>
		<MEAN_VALUE>[0.15979520976543427, 0.12822840532118623, 0.1087858023291284, 0.16603439978577875, 0.09833668544888495, 0.0583417003296993]</MEAN_VALUE>
		<CHECKBOX>2</CHECKBOX>
		<SD>[0.0009908319372436258, 0.002073313046624199, 0.003345118668856278, 0.018043964135405027, 0.024149534928496398, 0.015760090138035483]</SD>
		<WAVELENGTH_UNIT>E-6m</WAVELENGTH_UNIT>
		<COLOR>#386e38</COLOR>
		<COVARIANCE_MATRIX>[[1.0284978291887268e-06, 2.0101854067131713e-06, 3.2127116076892324e-06, 6.794284265326006e-06, 1.5424609999174843e-05, 1.1488290638284575e-05], [2.0101854067131713e-06, 4.503323512602205e-06, 6.767713870888082e-06, 2.255513472495015e-05, 4.08533607577736e-05, 2.9355264856376125e-05], [3.2127116076892324e-06, 6.767713870888082e-06, 1.1722667428194084e-05, 3.31537747965985e-05, 5.507312418506639e-05, 4.135274752967266e-05], [6.794284265326006e-06, 2.255513472495015e-05, 3.31537747965985e-05, 0.0003410886722778678, 0.0003509300835064035, 0.00021190484855579376], [1.5424609999174843e-05, 4.08533607577736e-05, 5.507312418506639e-05, 0.0003509300835064035, 0.0006109714676085086, 0.000383893135591672], [1.1488290638284575e-05, 2.9355264856376125e-05, 4.135274752967266e-05, 0.00021190484855579376, 0.000383893135591672, 0.00026020808121419406]]</COVARIANCE_MATRIX>
		<ROI_SIZE>22</ROI_SIZE>
		<MAX_VALUE>[0.1622578203678131, 0.132831409573555, 0.11795012652873993, 0.1973678469657898, 0.14979055523872375, 0.09142664074897766]</MAX_VALUE>
		<MIN_VALUE>[0.15801040828227997, 0.12375596910715103, 0.10285496711730957, 0.1337786763906479, 0.05289421230554581, 0.028265243396162987]</MIN_VALUE>
		<SIGNATURE_THRESHOLD_MD>0</SIGNATURE_THRESHOLD_MD>
		<SIGNATURE_THRESHOLD_ML>0</SIGNATURE_THRESHOLD_ML>
		<SIGNATURE_THRESHOLD_SAM>0</SIGNATURE_THRESHOLD_SAM>
	</signature>
	<signature ID="20210205_160220376061_752">
		<MACROCLASSID>1</MACROCLASSID>
		<MACROCLASSINFO>waterbody</MACROCLASSINFO>
		<CLASSID>16</CLASSID>
		<CLASSINFO>C 1</CLASSINFO>
