<?xml version="1.0" ?>
<signaturelist MCID_LIST="[['1', 'waterbody', '#0000ff'], ['2', 'vegetation', '#00ff00'], ['3', 'bare land', '#ffaa00'], ['4', 'built-up', '#ff0000']]">
	<signature ID="20200828_090411331343_627">
		<MACROCLASSID>1</MACROCLASSID>
		<MACROCLASSINFO>waterbody</MACROCLASSINFO>
		<CLASSID>1</CLASSID>
		<CLASSINFO>C 1</CLASSINFO>
		<VALUES>[0.12750086252662246, 0.0057609073884479925, 0.10398886887864635, 0.008427454058717244, 0.09588408903642133, 0.010618886101023498, 0.0862404037605632, 0.013457220841171963, 0.0396913187747652, 0.01910810892710535, 0.02734834316334771, 0.013297301007183062]</VALUES>
		<LCS_MIN>[0.11638043075799942, 0.08879140019416809, 0.07719600945711136, 0.06602709740400314, 0.007143818773329258, 0.006930578500032425]</LCS_MIN>
		<LCS_MAX>[0.14724816381931305, 0.13082802295684814, 0.13157439231872559, 0.12296448647975922, 0.08279377967119217, 0.06557393819093704]</LCS_MAX>
		<WAVELENGTH>[1.0, 2.0, 3.0, 4.0, 5.0, 6.0]</WAVELENGTH>
		<MEAN_VALUE>[0.12750086252662246, 0.10398886887864635, 0.09588408903642133, 0.0862404037605632, 0.0396913187747652, 0.02734834316334771]</MEAN_VALUE>
		<CHECKBOX>2</CHECKBOX>
		<SD>[0.0057609073884479925, 0.008427454058717244, 0.010618886101023498, 0.013457220841171963, 0.01910810892710535, 0.013297301007183062]</SD>
		<WAVELENGTH_UNIT>E-6m</WAVELENGTH_UNIT>
		<COLOR>#2b0d9d</COLOR>
		<COVARIANCE_MATRIX>[[3.4739387047011405e-05, 4.913372322334908e-05, 6.250594015000388e-05, 6.697783101117238e-05, 2.3224354663398117e-05, 1.6664465874782763e-05], [4.913372322334908e-05, 7.435715815518051e-05, 9.427436452824622e-05, 9.759780368767679e-05, 2.4116950953612104e-05, 1.627491474209819e-05], [6.250594015000388e-05, 9.427436452824622e-05, 0.0001204177169711329, 0.00012641317152883857, 3.288736843387596e-05, 2.2225849534152076e-05], [6.697783101117238e-05, 9.759780368767679e-05, 0.00012641317152883857, 0.0001893776934593916, 0.0001571135362610221, 0.00010455978917889297], [2.3224354663398117e-05, 2.4116950953612104e-05, 3.288736843387596e-05, 0.0001571135362610221, 0.0003458139253780246, 0.00023592100478708744], [1.6664465874782763e-05, 1.627491474209819e-05, 2.2225849534152076e-05, 0.00010455978917889297, 0.00023592100478708744, 0.00016480477643199265]]</COVARIANCE_MATRIX>
		<ROI_SIZE>763</ROI_SIZE>
		<MAX_VALUE>[0.14724816381931305, 0.13082802295684814, 0.13157439231872559, 0.12296448647975922, 0.08279377967119217, 0.06557393819093704]</MAX_VALUE>
		<MIN_VALUE>[0.11638043075799942, 0.08879140019416809, 0.07719600945711136, 0.06602709740400314, 0.007143818773329258, 0.006930578500032425]</MIN_VALUE>
		<SIGNATURE_THRESHOLD_MD>0.0</SIGNATURE_THRESHOLD_MD>
		<SIGNATURE_THRESHOLD_ML>0.0</SIGNATURE_THRESHOLD_ML>
		<SIGNATURE_THRESHOLD_SAM>0.0</SIGNATURE_THRESHOLD_SAM>
	</signature>
	<signature ID="20200828_090431795062_360">
		<MACROCLASSID>1</MACROCLASSID>
		<MACROCLASSINFO>waterbody</MACROCLASSINFO>
		<CLASSID>2</CLASSID>
		<CLASSINFO>C 1</CLASSINFO>
		<VALUES>[0.12842098191380508, 0.006617872085296925, 0.10705960027873514, 0.007672781695654432, 0.10012981981039049, 0.009695517497407748, 0.10550635166466235, 0.012890946753947871, 0.05607238711789251, 0.016105197055814383, 0.037183624599128946, 0.011031227050019554]</VALUES>
		<LCS_MIN>[0.10454512387514114, 0.08183414489030838, 0.06488089263439178, 0.07207804173231125, 0.029241709038615227, 0.02071176841855049]</LCS_MIN>
		<LCS_MAX>[0.14527562260627747, 0.1258966475725174, 0.12421731650829315, 0.14335636794567108, 0.10459844768047333, 0.08010151237249374]</LCS_MAX>
		<WAVELENGTH>[1.0, 2.0, 3.0, 4.0, 5.0, 6.0]</WAVELENGTH>
		<MEAN_VALUE>[0.12842098191380508, 0.10705960027873514, 0.10012981981039049, 0.10550635166466235, 0.05607238711789251, 0.037183624599128946]</MEAN_VALUE>
		<CHECKBOX>2</CHECKBOX>
		<SD>[0.006617872085296925, 0.007672781695654432, 0.009695517497407748, 0.012890946753947871, 0.016105197055814383, 0.011031227050019554]</SD>
		<WAVELENGTH_UNIT>E-6m</WAVELENGTH_UNIT>
		<COLOR>#30886d</COLOR>
		<COVARIANCE_MATRIX>[[4.4238615373615175e-05, 4.8502235586056486e-05, 5.981211506878026e-05, 9.399150258104783e-06, -3.858159288938623e-06, 7.371373158093775e-06], [4.8502235586056486e-05, 5.946624150965363e-05, 7.425844523822889e-05, 3.373594881850295e-05, 9.358918759971857e-06, 1.53524615598144e-05], [5.981211506878026e-05, 7.425844523822889e-05, 9.495258564129472e-05, 4.4989632442593575e-05, 1.0456024028826505e-05, 1.844949110818561e-05], [9.399150258104783e-06, 3.373594881850295e-05, 4.4989632442593575e-05, 0.00016785506159067154, 0.00014827268023509532, 9.406349272467196e-05], [-3.858159288938623e-06, 9.358918759971857e-06, 1.0456024028826505e-05, 0.00014827268023509532, 0.0002619973383843899, 0.00017499893147032708], [7.371373158093775e-06, 1.53524615598144e-05, 1.844949110818561e-05, 9.406349272467196e-05, 0.00017499893147032708, 0.00012291714665479958]]</COVARIANCE_MATRIX>
		<ROI_SIZE>100</ROI_SIZE>
		<MAX_VALUE>[0.14527562260627747, 0.1258966475725174, 0.12421731650829315, 0.14335636794567108, 0.10459844768047333, 0.08010151237249374]</MAX_VALUE>
		<MIN_VALUE>[0.10454512387514114, 0.08183414489030838, 0.06488089263439178, 0.07207804173231125, 0.029241709038615227, 0.02071176841855049]</MIN_VALUE>
		<SIGNATURE_THRESHOLD_MD>0.0</SIGNATURE_THRESHOLD_MD>
		<SIGNATURE_THRESHOLD_ML>0.0</SIGNATURE_THRESHOLD_ML>
		<SIGNATURE_THRESHOLD_SAM>0.0</SIGNATURE_THRESHOLD_SAM>
	</signature>
	<signature ID="20200828_090441376472_340">
		<MACROCLASSID>1</MACROCLASSID>
		<MACROCLASSINFO>waterbody</MACROCLASSINFO>
		<CLASSID>3</CLASSID>
		<CLASSINFO>C 1</CLASSINFO>
		<VALUES>[0.10193910945324874, 0.0022278617928403175, 0.08566490985554266, 0.005385217207218173, 0.06392850647617253, 0.0015891617573691548, 0.025537723793365854, 0.008163625902339471, 0.009709682071168494, 0.004297438927205329, 0.006053216241266394, 0.00291662025610253]</VALUES>
		<LCS_MIN>[0.09201677143573761, 0.06914585828781128, 0.058323491364717484, 0.017139848321676254, 0.006210860330611467, 0.0036785295233130455]</LCS_MIN>
		<LCS_MAX>[0.10515820980072021, 0.09140368551015854, 0.06911920756101608, 0.0596562996506691, 0.030734451487660408, 0.025136679410934448]</LCS_MAX>
		<WAVELENGTH>[1.0, 2.0, 3.0, 4.0, 5.0, 6.0]</WAVELENGTH>
		<MEAN_VALUE>[0.10193910945324874, 0.08566490985554266, 0.06392850647617253, 0.025537723793365854, 0.009709682071168494, 0.006053216241266394]</MEAN_VALUE>
		<CHECKBOX>2</CHECKBOX>
		<SD>[0.0022278617928403175, 0.005385217207218173, 0.0015891617573691548, 0.008163625902339471, 0.004297438927205329, 0.00291662025610253]</SD>
		<WAVELENGTH_UNIT>E-6m</WAVELENGTH_UNIT>
		<COLOR>#f790e1</COLOR>
		<COVARIANCE_MATRIX>[[4.985929081158247e-06, 1.1549592272785958e-05, 2.1563594145845855e-06, -1.1389251085347496e-05, -1.925431433846825e-06, -1.3365079212235287e-06], [1.1549592272785958e-05, 2.9132384952390566e-05, 5.111142399982782e-06, -2.5609280783100985e-05, -5.157182840775931e-06, -4.044781690026866e-06], [2.1563594145845855e-06, 5.111142399982782e-06, 2.536914280426572e-06, -3.6138649193162564e-06, -8.535017741451156e-07, -5.11072187237005e-07], [-1.1389251085347496e-05, -2.5609280783100985e-05, -3.6138649193162564e-06, 6.694771582260728e-05, 2.7850595870404504e-05, 1.7673897673375905e-05], [-1.925431433846825e-06, -5.157182840775931e-06, -8.535017741451156e-07, 2.7850595870404504e-05, 1.8551927496446297e-05, 1.2149034773756284e-05], [-1.3365079212235287e-06, -4.044781690026866e-06, -5.11072187237005e-07, 1.7673897673375905e-05, 1.2149034773756284e-05, 8.545340278942604e-06]]</COVARIANCE_MATRIX>
		<ROI_SIZE>221</ROI_SIZE>
		<MAX_VALUE>[0.10515820980072021, 0.09140368551015854, 0.06911920756101608, 0.0596562996506691, 0.030734451487660408, 0.025136679410934448]</MAX_VALUE>
		<MIN_VALUE>[0.09201677143573761, 0.06914585828781128, 0.058323491364717484, 0.017139848321676254, 0.006210860330611467, 0.0036785295233130455]</MIN_VALUE>
		<SIGNATURE_THRESHOLD_MD>0.0</SIGNATURE_THRESHOLD_MD>
		<SIGNATURE_THRESHOLD_ML>0.0</SIGNATURE_THRESHOLD_ML>
		<SIGNATURE_THRESHOLD_SAM>0.0</SIGNATURE_THRESHOLD_SAM>
	</signature>
	<signature ID="20200828_090458117445_593">
		<MACROCLASSID>1</MACROCLASSID>
		<MACROCLASSINFO>waterbody</MACROCLASSINFO>
		<CLASSID>4</CLASSID>
		<CLASSINFO>C 1</CLASSINFO>
		<VALUES>[0.12704888450675428, 0.002216659913997248, 0.10737502687146974, 0.0031476440306166583, 0.10047099084659601, 0.003790553366315633, 0.09813495890615372, 0.007540526990331258, 0.04751551356244535, 0.012687405658476836, 0.03168961045304977, 0.008482095284670208]</VALUES>
		<LCS_MIN>[0.12048546224832535, 0.09806770086288452, 0.08937783539295197, 0.07852879166603088, 0.018819188699126244, 0.012021882459521294]</LCS_MIN>
		<LCS_MAX>[0.13509300351142883, 0.11576734483242035, 0.11163565516471863, 0.1253368854522705, 0.07058529555797577, 0.05035332590341568]</LCS_MAX>
		<WAVELENGTH>[1.0, 2.0, 3.0, 4.0, 5.0, 6.0]</WAVELENGTH>
		<MEAN_VALUE>[0.12704888450675428, 0.10737502687146974, 0.10047099084659601, 0.09813495890615372, 0.04751551356244535, 0.03168961045304977]</MEAN_VALUE>
		<CHECKBOX>2</CHECKBOX>
		<SD>[0.002216659913997248, 0.0031476440306166583, 0.003790553366315633, 0.007540526990331258, 0.012687405658476836, 0.008482095284670208]</SD>
		<WAVELENGTH_UNIT>E-6m</WAVELENGTH_UNIT>
		<COLOR>#549b5b</COLOR>
		<COVARIANCE_MATRIX>[[4.93422658109921e-06, 6.411302365449956e-06, 7.613038178533316e-06, 6.699176083202474e-06, 6.158430551295169e-06, 4.891331627732143e-06], [6.411302365449956e-06, 9.949291779776104e-06, 1.1700583854690194e-05, 1.0695706805563532e-05, 6.832969575043535e-06, 5.364105618355097e-06], [7.613038178533316e-06, 1.1700583854690194e-05, 1.4428665963350795e-05, 1.1814187018899247e-05, 6.502917131001595e-06, 5.2185596359777264e-06], [6.699176083202474e-06, 1.0695706805563532e-05, 1.1814187018899247e-05, 5.7098452089121565e-05, 7.84352669143118e-05, 5.060420517111197e-05], [6.158430551295169e-06, 6.832969575043535e-06, 6.502917131001595e-06, 7.84352669143118e-05, 0.00016164660337381065, 0.0001063974923454225], [4.891331627732143e-06, 5.364105618355097e-06, 5.2185596359777264e-06, 5.060420517111197e-05, 0.0001063974923454225, 7.224823639262468e-05]]</COVARIANCE_MATRIX>
		<ROI_SIZE>239</ROI_SIZE>
		<MAX_VALUE>[0.13509300351142883, 0.11576734483242035, 0.11163565516471863, 0.1253368854522705, 0.07058529555797577, 0.05035332590341568]</MAX_VALUE>
		<MIN_VALUE>[0.12048546224832535, 0.09806770086288452, 0.08937783539295197, 0.07852879166603088, 0.018819188699126244, 0.012021882459521294]</MIN_VALUE>
		<SIGNATURE_THRESHOLD_MD>0.0</SIGNATURE_THRESHOLD_MD>
		<SIGNATURE_THRESHOLD_ML>0.0</SIGNATURE_THRESHOLD_ML>
		<SIGNATURE_THRESHOLD_SAM>0.0</SIGNATURE_THRESHOLD_SAM>
	</signature>
	<signature ID="20200828_090527816627_558">
		<MACROCLASSID>1</MACROCLASSID>
		<MACROCLASSINFO>waterbody</MACROCLASSINFO>
		<CLASSID>5</CLASSID>
		<CLASSINFO>C 1</CLASSINFO>
		<VALUES>[0.12343801778238432, 0.003964259539349619, 0.12713037923110254, 0.005898501228213017, 0.10749338937807923, 0.008978205507661048, 0.03783501863677416, 0.008802585387281446, 0.010514708832977749, 0.00568363946592352, 0.005857868290061247, 0.0032524632474487864]</VALUES>
		<LCS_MIN>[0.10881011188030243, 0.10302572697401047, 0.0765829011797905, 0.02662941999733448, 0.0028788535855710506, 0.001759297214448452]</LCS_MIN>
		<LCS_MAX>[0.1282157301902771, 0.1334136575460434, 0.11768658459186554, 0.07314427942037582, 0.044862184673547745, 0.030281297862529755]</LCS_MAX>
		<WAVELENGTH>[1.0, 2.0, 3.0, 4.0, 5.0, 6.0]</WAVELENGTH>
		<MEAN_VALUE>[0.12343801778238432, 0.12713037923110254, 0.10749338937807923, 0.03783501863677416, 0.010514708832977749, 0.005857868290061247]</MEAN_VALUE>
		<CHECKBOX>2</CHECKBOX>
		<SD>[0.003964259539349619, 0.005898501228213017, 0.008978205507661048, 0.008802585387281446, 0.00568363946592352, 0.0032524632474487864]</SD>
		<WAVELENGTH_UNIT>E-6m</WAVELENGTH_UNIT>
		<COLOR>#e14ced</COLOR>
		<COVARIANCE_MATRIX>[[1.5743218682473525e-05, 2.3142496502259746e-05, 3.5085362469544634e-05, 1.4207117828846094e-06, -3.574332140487968e-06, -1.835126795413089e-06], [2.3142496502259746e-05, 3.485400520730764e-05, 5.2716834034072235e-05, 4.0792465370032005e-06, -4.424928647495108e-06, -2.272090796395787e-06], [3.5085362469544634e-05, 5.2716834034072235e-05, 8.075109508354217e-05, 8.67144171934342e-06, -5.252290975477081e-06, -2.5515378183627035e-06], [1.4207117828846094e-06, 4.0792465370032005e-06, 8.67144171934342e-06, 7.762289169477299e-05, 4.438251198735088e-05, 2.3895585400168784e-05], [-3.574332140487968e-06, -4.424928647495108e-06, -5.252290975477081e-06, 4.438251198735088e-05, 3.236103293602355e-05, 1.7986892999033444e-05], [-1.835126795413089e-06, -2.272090796395787e-06, -2.5515378183627035e-06, 2.3895585400168784e-05, 1.7986892999033444e-05, 1.059727310348535e-05]]</COVARIANCE_MATRIX>
		<ROI_SIZE>565</ROI_SIZE>
		<MAX_VALUE>[0.1282157301902771, 0.1334136575460434, 0.11768658459186554, 0.07314427942037582, 0.044862184673547745, 0.030281297862529755]</MAX_VALUE>
		<MIN_VALUE>[0.10881011188030243, 0.10302572697401047, 0.0765829011797905, 0.02662941999733448, 0.0028788535855710506, 0.001759297214448452]</MIN_VALUE>
		<SIGNATURE_THRESHOLD_MD>0.0</SIGNATURE_THRESHOLD_MD>
		<SIGNATURE_THRESHOLD_ML>0.0</SIGNATURE_THRESHOLD_ML>
		<SIGNATURE_THRESHOLD_SAM>0.0</SIGNATURE_THRESHOLD_SAM>
	</signature>
	<signature ID="20200828_090539463940_824">
		<MACROCLASSID>1</MACROCLASSID>
		<MACROCLASSINFO>waterbody</MACROCLASSINFO>
		<CLASSID>6</CLASSID>
		<CLASSINFO>C 1</CLASSINFO>
		<VALUES>[0.10888335074445141, 0.0029889477098489037, 0.10582140978556452, 0.004736485837313571, 0.07780978874417775, 0.005231681160561237, 0.030966290447395267, 0.008434137772612314, 0.011505014967712526, 0.005838044192233424, 0.006804952060184933, 0.003434913882442838]</VALUES>
		<LCS_MIN>[0.09726802259683609, 0.08865811675786972, 0.05901655927300453, 0.002932158764451742, 0.001759297214448452, 0.0019192324252799153]</LCS_MIN>
		<LCS_MAX>[0.1132083609700203, 0.11179559677839279, 0.08535276353359222, 0.06677346676588058, 0.047101277858018875, 0.0380382165312767]</LCS_MAX>
		<WAVELENGTH>[1.0, 2.0, 3.0, 4.0, 5.0, 6.0]</WAVELENGTH>
		<MEAN_VALUE>[0.10888335074445141, 0.10582140978556452, 0.07780978874417775, 0.030966290447395267, 0.011505014967712526, 0.006804952060184933]</MEAN_VALUE>
		<CHECKBOX>2</CHECKBOX>
		<SD>[0.0029889477098489037, 0.004736485837313571, 0.005231681160561237, 0.008434137772612314, 0.005838044192233424, 0.003434913882442838]</SD>
		<WAVELENGTH_UNIT>E-6m</WAVELENGTH_UNIT>
		<COLOR>#af106f</COLOR>
		<COVARIANCE_MATRIX>[[8.953443284553941e-06, 1.3962813682155684e-05, 1.5324570995289832e-05, -6.522632702399278e-06, -6.631128144363174e-06, -4.6128348003549036e-06], [1.3962813682155684e-05, 2.248360397061333e-05, 2.4285711333504878e-05, -9.97424649540335e-06, -1.0868015124287922e-05, -7.583073966088705e-06], [1.5324570995289832e-05, 2.4285711333504878e-05, 2.7430642148829065e-05, -7.52546793592046e-06, -9.058497198566329e-06, -6.430440862459363e-06], [-6.522632702399278e-06, -9.97424649540335e-06, -7.52546793592046e-06, 7.129101868486032e-05, 4.0474893467035145e-05, 2.1485993784153834e-05], [-6.631128144363174e-06, -1.0868015124287922e-05, -9.058497198566329e-06, 4.0474893467035145e-05, 3.4157666959799826e-05, 1.885400888568256e-05], [-4.6128348003549036e-06, -7.583073966088705e-06, -6.430440862459363e-06, 2.1485993784153834e-05, 1.885400888568256e-05, 1.1824564353446476e-05]]</COVARIANCE_MATRIX>
		<ROI_SIZE>456</ROI_SIZE>
		<MAX_VALUE>[0.1132083609700203, 0.11179559677839279, 0.08535276353359222, 0.06677346676588058, 0.047101277858018875, 0.0380382165312767]</MAX_VALUE>
		<MIN_VALUE>[0.09726802259683609, 0.08865811675786972, 0.05901655927300453, 0.002932158764451742, 0.001759297214448452, 0.0019192324252799153]</MIN_VALUE>
		<SIGNATURE_THRESHOLD_MD>0.0</SIGNATURE_THRESHOLD_MD>
		<SIGNATURE_THRESHOLD_ML>0.0</SIGNATURE_THRESHOLD_ML>
		<SIGNATURE_THRESHOLD_SAM>0.0</SIGNATURE_THRESHOLD_SAM>
	</signature>
	<signature ID="20200828_090555624922_717">
		<MACROCLASSID>1</MACROCLASSID>
		<MACROCLASSINFO>waterbody</MACROCLASSINFO>
		<CLASSID>7</CLASSID>
		<CLASSINFO>C 1</CLASSINFO>
		<VALUES>[0.08301493250972751, 0.0019590311226688312, 0.05669272599028955, 0.002766942043118368, 0.030069848127196184, 0.0018440155899234335, 0.01890177398602537, 0.005554902211953274, 0.007186541638431274, 0.003208472154742636, 0.004495999196845904, 0.0019691259713805814]</VALUES>
		<LCS_MIN>[0.07442376017570496, 0.04190335050225258, 0.023697251453995705, 0.007810222450643778, 0.0, 0.0018925798358395696]</LCS_MIN>
		<LCS_MAX>[0.09305636584758759, 0.06837283819913864, 0.04518205299973488, 0.0549381822347641, 0.03963758796453476, 0.029774829745292664]</LCS_MAX>
		<WAVELENGTH>[1.0, 2.0, 3.0, 4.0, 5.0, 6.0]</WAVELENGTH>
		<MEAN_VALUE>[0.08301493250972751, 0.05669272599028955, 0.030069848127196184, 0.01890177398602537, 0.007186541638431274, 0.004495999196845904]</MEAN_VALUE>
		<CHECKBOX>2</CHECKBOX>
		<SD>[0.0019590311226688312, 0.002766942043118368, 0.0018440155899234335, 0.005554902211953274, 0.003208472154742636, 0.0019691259713805814]</SD>
		<WAVELENGTH_UNIT>E-6m</WAVELENGTH_UNIT>
		<COLOR>#05e4fe</COLOR>
		<COVARIANCE_MATRIX>[[3.940913757105591e-06, 5.103628154756734e-06, 3.3044436804630095e-06, 9.709523283163435e-07, 1.9066621916863369e-06, 1.8728320583250024e-06], [5.103628154756734e-06, 8.180073564290069e-06, 4.903727585769957e-06, 1.5875233430051594e-06, 2.8915205803059507e-06, 2.748314955169917e-06], [3.3044436804630095e-06, 4.903727585769957e-06, 3.821123300440377e-06, 3.657448360172566e-06, 3.660753463918809e-06, 2.9846316920156823e-06], [9.709523283163435e-07, 1.5875233430051594e-06, 3.657448360172566e-06, 3.5975066566606984e-05, 1.856185008364264e-05, 9.27862220123643e-06], [1.9066621916863369e-06, 2.8915205803059507e-06, 3.660753463918809e-06, 1.856185008364264e-05, 1.2374483958410565e-05, 6.922623924765503e-06], [1.8728320583250024e-06, 2.748314955169917e-06, 2.9846316920156823e-06, 9.27862220123643e-06, 6.922623924765503e-06, 4.472618456929922e-06]]</COVARIANCE_MATRIX>
		<ROI_SIZE>4108</ROI_SIZE>
		<MAX_VALUE>[0.09305636584758759, 0.06837283819913864, 0.04518205299973488, 0.0549381822347641, 0.03963758796453476, 0.029774829745292664]</MAX_VALUE>
		<MIN_VALUE>[0.07442376017570496, 0.04190335050225258, 0.023697251453995705, 0.007810222450643778, 0.0, 0.0018925798358395696]</MIN_VALUE>
		<SIGNATURE_THRESHOLD_MD>0.0</SIGNATURE_THRESHOLD_MD>
		<SIGNATURE_THRESHOLD_ML>0.0</SIGNATURE_THRESHOLD_ML>
		<SIGNATURE_THRESHOLD_SAM>0.0</SIGNATURE_THRESHOLD_SAM>
	</signature>
	<signature ID="20200828_091537140264_859">
		<MACROCLASSID>1</MACROCLASSID>
		<MACROCLASSINFO>waterbody</MACROCLASSINFO>
		<CLASSID>8</CLASSID>
		<CLASSINFO>C 1</CLASSINFO>
		<VALUES>[0.10212752780797905, 0.004246001548947171, 0.08342151678627044, 0.006177747940803956, 0.041538503253411393, 0.00323873773303853, 0.025309820241795008, 0.009874431356800327, 0.009613391046898989, 0.005947751392644827, 0.004812935116291588, 0.003391965151647825]</VALUES>
		<LCS_MIN>[0.07543669641017914, 0.045341987162828445, 0.025536516681313515, 0.01204854529350996, 0.0026922558899968863, 0.002052515046671033]</LCS_MIN>
		<LCS_MAX>[0.11302176862955093, 0.09617512673139572, 0.06120234727859497, 0.05952301621437073, 0.04483551159501076, 0.03377325087785721]</LCS_MAX>
		<WAVELENGTH>[1.0, 2.0, 3.0, 4.0, 5.0, 6.0]</WAVELENGTH>
		<MEAN_VALUE>[0.10212752780797905, 0.08342151678627044, 0.041538503253411393, 0.025309820241795008, 0.009613391046898989, 0.004812935116291588]</MEAN_VALUE>
		<CHECKBOX>2</CHECKBOX>
		<SD>[0.004246001548947171, 0.006177747940803956, 0.00323873773303853, 0.009874431356800327, 0.005947751392644827, 0.003391965151647825]</SD>
		<WAVELENGTH_UNIT>E-6m</WAVELENGTH_UNIT>
		<COLOR>#8f997f</COLOR>
		<COVARIANCE_MATRIX>[[1.8061189621221274e-05, 2.5737672331160866e-05, 1.0534387911320664e-05, -2.042127016466111e-05, -7.964822543726768e-06, -2.366870376135921e-06], [2.5737672331160866e-05, 3.823370934696868e-05, 1.5714356777607463e-05, -2.5984358217101544e-05, -9.40126756177051e-06, -2.785757033052505e-06], [1.0534387911320664e-05, 1.5714356777607463e-05, 1.0508424566069152e-05, -1.9356655229785247e-06, 3.1058918921189616e-06, 3.8190169107110705e-06], [-2.042127016466111e-05, -2.5984358217101544e-05, -1.9356655229785247e-06, 9.768103336682543e-05, 5.3104362450540066e-05, 2.5740904675330967e-05], [-7.964822543726768e-06, -9.40126756177051e-06, 3.1058918921189616e-06, 5.3104362450540066e-05, 3.543983257259242e-05, 1.8792745322571136e-05], [-2.366870376135921e-06, -2.785757033052505e-06, 3.8190169107110705e-06, 2.5740904675330967e-05, 1.8792745322571136e-05, 1.1526271009643096e-05]]</COVARIANCE_MATRIX>
		<ROI_SIZE>553</ROI_SIZE>
		<MAX_VALUE>[0.11302176862955093, 0.09617512673139572, 0.06120234727859497, 0.05952301621437073, 0.04483551159501076, 0.03377325087785721]</MAX_VALUE>
		<MIN_VALUE>[0.07543669641017914, 0.045341987162828445, 0.025536516681313515, 0.01204854529350996, 0.0026922558899968863, 0.002052515046671033]</MIN_VALUE>
		<SIGNATURE_THRESHOLD_MD>0.0</SIGNATURE_THRESHOLD_MD>
		<SIGNATURE_THRESHOLD_ML>0.0</SIGNATURE_THRESHOLD_ML>
		<SIGNATURE_THRESHOLD_SAM>0.0</SIGNATURE_THRESHOLD_SAM>
	</signature>
	<signature ID="20200828_091550716432_747">
		<MACROCLASSID>1</MACROCLASSID>
		<MACROCLASSINFO>waterbody</MACROCLASSINFO>
		<CLASSID>9</CLASSID>
		<CLASSINFO>C 1</CLASSINFO>
		<VALUES>[0.1018079296579381, 0.002655170152111901, 0.0893880301491643, 0.0038336581359968754, 0.05387787741016261, 0.0029762066893010805, 0.020651837689302753, 0.006164674110476397, 0.00752244547355728, 0.00407588827746711, 0.004516988374522972, 0.0023624516715701357]</VALUES>
		<LCS_MIN>[0.09191014617681503, 0.07069190591573715, 0.042809657752513885, 0.0098627470433712, 0.0034386268816888332, 0.0026656033005565405]</LCS_MIN>
		<LCS_MAX>[0.12035217881202698, 0.10457179695367813, 0.06933245062828064, 0.057283904403448105, 0.04483551159501076, 0.028148815035820007]</LCS_MAX>
		<WAVELENGTH>[1.0, 2.0, 3.0, 4.0, 5.0, 6.0]</WAVELENGTH>
		<MEAN_VALUE>[0.1018079296579381, 0.0893880301491643, 0.05387787741016261, 0.020651837689302753, 0.00752244547355728, 0.004516988374522972]</MEAN_VALUE>
		<CHECKBOX>2</CHECKBOX>
		<SD>[0.002655170152111901, 0.0038336581359968754, 0.0029762066893010805, 0.006164674110476397, 0.00407588827746711, 0.0023624516715701357]</SD>
		<WAVELENGTH_UNIT>E-6m</WAVELENGTH_UNIT>
		<COLOR>#daaff0</COLOR>
		<COVARIANCE_MATRIX>[[7.054039087961428e-06, 9.732942089613061e-06, 5.942342340858886e-06, 2.178736053792818e-07, 2.7112039902021934e-07, 6.418692919396563e-07], [9.732942089613061e-06, 1.4705504327139352e-05, 9.322279765910935e-06, 4.900073804492422e-07, 3.945957587347948e-07, 8.210292321564339e-07], [5.942342340858886e-06, 9.322279765910935e-06, 8.86297129909508e-06, 2.837499323504744e-06, 1.6645522009639535e-06, 1.5234467127811513e-06], [2.178736053792818e-07, 4.900073804492422e-07, 2.837499323504744e-06, 3.8025365938665345e-05, 2.2063812139094807e-05, 1.2211938155815005e-05], [2.7112039902021934e-07, 3.945957587347948e-07, 1.6645522009639535e-06, 2.2063812139094807e-05, 1.662255272094626e-05, 9.037354175234213e-06], [6.418692919396563e-07, 8.210292321564339e-07, 1.5234467127811513e-06, 1.2211938155815005e-05, 9.037354175234213e-06, 5.584432074101642e-06]]</COVARIANCE_MATRIX>
		<ROI_SIZE>1716</ROI_SIZE>
		<MAX_VALUE>[0.12035217881202698, 0.10457179695367813, 0.06933245062828064, 0.057283904403448105, 0.04483551159501076, 0.028148815035820007]</MAX_VALUE>
		<MIN_VALUE>[0.09191014617681503, 0.07069190591573715, 0.042809657752513885, 0.0098627470433712, 0.0034386268816888332, 0.0026656033005565405]</MIN_VALUE>
		<SIGNATURE_THRESHOLD_MD>0.0</SIGNATURE_THRESHOLD_MD>
		<SIGNATURE_THRESHOLD_ML>0.0</SIGNATURE_THRESHOLD_ML>
		<SIGNATURE_THRESHOLD_SAM>0.0</SIGNATURE_THRESHOLD_SAM>
	</signature>
	<signature ID="20200828_091620352643_318">
		<MACROCLASSID>1</MACROCLASSID>
		<MACROCLASSINFO>waterbody</MACROCLASSINFO>
		<CLASSID>10</CLASSID>
		<CLASSINFO>C 1</CLASSINFO>
		<VALUES>[0.11772578493835993, 0.002887946956669348, 0.11033124210396181, 0.004353855733668565, 0.09430406898055285, 0.0052871549958246195, 0.0410277291018631, 0.01111255427868685, 0.012275347434931604, 0.006911763024665063, 0.006747005152503264, 0.003748866819985838]</VALUES>
		<LCS_MIN>[0.10363882035017014, 0.08346017450094223, 0.06304161250591278, 0.022017912939190865, 0.0, 0.0010662412969395518]</LCS_MIN>
		<LCS_MAX>[0.12336433678865433, 0.11451451480388641, 0.10115981101989746, 0.07487691193819046, 0.04115698114037514, 0.025963017717003822]</LCS_MAX>
		<WAVELENGTH>[1.0, 2.0, 3.0, 4.0, 5.0, 6.0]</WAVELENGTH>
		<MEAN_VALUE>[0.11772578493835993, 0.11033124210396181, 0.09430406898055285, 0.0410277291018631, 0.012275347434931604, 0.006747005152503264]</MEAN_VALUE>
		<CHECKBOX>2</CHECKBOX>
		<SD>[0.002887946956669348, 0.004353855733668565, 0.0052871549958246195, 0.01111255427868685, 0.006911763024665063, 0.003748866819985838]</SD>
		<WAVELENGTH_UNIT>E-6m</WAVELENGTH_UNIT>
		<COLOR>#80b08a</COLOR>
		<COVARIANCE_MATRIX>[[8.181490557035431e-06, 1.0287247278029099e-05, 1.3694657354790252e-05, -1.0510853826417588e-05, -7.3765490924415644e-06, -3.814486944975215e-06], [1.0287247278029099e-05, 1.7390590073773637e-05, 2.0201861843816005e-05, -1.832274028856773e-05, -1.2943238289153669e-05, -6.8526333052432165e-06], [1.3694657354790252e-05, 2.0201861843816005e-05, 2.6774681828101166e-05, -2.3325304937316105e-05, -1.738498394843191e-05, -9.399912414664868e-06], [-1.0510853826417588e-05, -1.832274028856773e-05, -2.3325304937316105e-05, 0.0001133322439272888, 6.297966319834813e-05, 3.293629197287373e-05], [-7.3765490924415644e-06, -1.2943238289153669e-05, -1.738498394843191e-05, 6.297966319834813e-05, 4.872291174251586e-05, 2.674339702934958e-05], [-3.814486944975215e-06, -6.8526333052432165e-06, -9.399912414664868e-06, 3.293629197287373e-05, 2.674339702934958e-05, 1.574216366861947e-05]]</COVARIANCE_MATRIX>
		<ROI_SIZE>522</ROI_SIZE>
		<MAX_VALUE>[0.12336433678865433, 0.11451451480388641, 0.10115981101989746, 0.07487691193819046, 0.04115698114037514, 0.025963017717003822]</MAX_VALUE>
		<MIN_VALUE>[0.10363882035017014, 0.08346017450094223, 0.06304161250591278, 0.022017912939190865, 0.0, 0.0010662412969395518]</MIN_VALUE>
		<SIGNATURE_THRESHOLD_MD>0.0</SIGNATURE_THRESHOLD_MD>
		<SIGNATURE_THRESHOLD_ML>0.0</SIGNATURE_THRESHOLD_ML>
		<SIGNATURE_THRESHOLD_SAM>0.0</SIGNATURE_THRESHOLD_SAM>
	</signature>
	<signature ID="20200828_091818763384_821">
		<MACROCLASSID>1</MACROCLASSID>
		<MACROCLASSINFO>waterbody</MACROCLASSINFO>
		<CLASSID>11</CLASSID>
		<CLASSINFO>C 1</CLASSINFO>
		<VALUES>[0.09958376993353552, 0.0035675483465330217, 0.07755995520318928, 0.004396561355953158, 0.060794179309875934, 0.007041508819732748, 0.04008496889414696, 0.016140126522719567, 0.02213376648768854, 0.013083470170734642, 0.01482679739442224, 0.00870427911274898]</VALUES>
		<LCS_MIN>[0.09228333830833435, 0.06877268850803375, 0.045741815119981766, 0.010049334727227688, 0.005117966327816248, 0.004691465757787228]</LCS_MIN>
		<LCS_MAX>[0.11555410176515579, 0.09633506834506989, 0.08463304489850998, 0.07549000531435013, 0.05827018618583679, 0.04430240020155907]</LCS_MAX>
		<WAVELENGTH>[1.0, 2.0, 3.0, 4.0, 5.0, 6.0]</WAVELENGTH>
		<MEAN_VALUE>[0.09958376993353552, 0.07755995520318928, 0.060794179309875934, 0.04008496889414696, 0.02213376648768854, 0.01482679739442224]</MEAN_VALUE>
		<CHECKBOX>2</CHECKBOX>
		<SD>[0.0035675483465330217, 0.004396561355953158, 0.007041508819732748, 0.016140126522719567, 0.013083470170734642, 0.00870427911274898]</SD>
		<WAVELENGTH_UNIT>E-6m</WAVELENGTH_UNIT>
		<COLOR>#b0797f</COLOR>
		<COVARIANCE_MATRIX>[[1.2788886124326382e-05, 1.5161765986704268e-05, 2.2210726456250995e-05, 3.575253504095599e-05, 2.4492665033903904e-05, 1.5965189959388226e-05], [1.5161765986704268e-05, 1.9423132471274585e-05, 2.5789682695176452e-05, 4.311621523811482e-05, 2.9525092031690292e-05, 1.9331801013322547e-05], [2.2210726456250995e-05, 2.5789682695176452e-05, 4.982237805961631e-05, 7.458664913428947e-05, 4.654595977626741e-05, 2.922498606494628e-05], [3.575253504095599e-05, 4.311621523811482e-05, 7.458664913428947e-05, 0.000261762150330469, 0.0001843104837462306, 0.00011069378524553031], [2.4492665033903904e-05, 2.9525092031690292e-05, 4.654595977626741e-05, 0.0001843104837462306, 0.00017200413276441395, 0.0001108237192966044], [1.5965189959388226e-05, 1.9331801013322547e-05, 2.922498606494628e-05, 0.00011069378524553031, 0.0001108237192966044, 7.613048364873976e-05]]</COVARIANCE_MATRIX>
		<ROI_SIZE>208</ROI_SIZE>
		<MAX_VALUE>[0.11555410176515579, 0.09633506834506989, 0.08463304489850998, 0.07549000531435013, 0.05827018618583679, 0.04430240020155907]</MAX_VALUE>
		<MIN_VALUE>[0.09228333830833435, 0.06877268850803375, 0.045741815119981766, 0.010049334727227688, 0.005117966327816248, 0.004691465757787228]</MIN_VALUE>
		<SIGNATURE_THRESHOLD_MD>0.0</SIGNATURE_THRESHOLD_MD>
		<SIGNATURE_THRESHOLD_ML>0.0</SIGNATURE_THRESHOLD_ML>
		<SIGNATURE_THRESHOLD_SAM>0.0</SIGNATURE_THRESHOLD_SAM>
	</signature>
	<signature ID="20200828_091841851954_399">
		<MACROCLASSID>1</MACROCLASSID>
		<MACROCLASSINFO>waterbody</MACROCLASSINFO>
		<CLASSID>12</CLASSID>
		<CLASSINFO>C 1</CLASSINFO>
		<VALUES>[0.10089807208608739, 0.003363929059081413, 0.08672139202080775, 0.008465808427109544, 0.06306794048029578, 0.0070541720633063845, 0.03668766582019666, 0.013699900170772359, 0.013549788208004442, 0.01030437534474829, 0.0078053361579457576, 0.005952080838896605]</VALUES>
		<LCS_MIN>[0.09249658137559891, 0.06322821974754333, 0.043769270181655884, 0.01799285039305687, 0.003945094998925924, 0.0017859498038887978]</LCS_MIN>
		<LCS_MAX>[0.10928991436958313, 0.10323899239301682, 0.07692944258451462, 0.06826620548963547, 0.04454229399561882, 0.025829734280705452]</LCS_MAX>
		<WAVELENGTH>[1.0, 2.0, 3.0, 4.0, 5.0, 6.0]</WAVELENGTH>
		<MEAN_VALUE>[0.10089807208608739, 0.08672139202080775, 0.06306794048029578, 0.03668766582019666, 0.013549788208004442, 0.0078053361579457576]</MEAN_VALUE>
		<CHECKBOX>2</CHECKBOX>
		<SD>[0.003363929059081413, 0.008465808427109544, 0.0070541720633063845, 0.013699900170772359, 0.01030437534474829, 0.005952080838896605]</SD>
		<WAVELENGTH_UNIT>E-6m</WAVELENGTH_UNIT>
		<COLOR>#8a58f8</COLOR>
		<COVARIANCE_MATRIX>[[1.1344522135914303e-05, 2.433936606394127e-05, 2.2055202862247825e-05, 1.0628168638504576e-05, 9.584608051227406e-06, 5.694157607649686e-06], [2.433936606394127e-05, 7.185043796198443e-05, 5.69380572414957e-05, 1.652714672673028e-05, 1.3930782188253943e-05, 8.657665603095666e-06], [2.2055202862247825e-05, 5.69380572414957e-05, 4.988668661098927e-05, 2.558480809966568e-05, 1.9684135622810572e-05, 1.183210224553477e-05], [1.0628168638504576e-05, 1.652714672673028e-05, 2.558480809966568e-05, 0.00018816003284882754, 0.0001159771709353663, 6.486872734967619e-05], [9.584608051227406e-06, 1.3930782188253943e-05, 1.9684135622810572e-05, 0.0001159771709353663, 0.000106447609141469, 6.0635837144218385e-05], [5.694157607649686e-06, 8.657665603095666e-06, 1.183210224553477e-05, 6.486872734967619e-05, 6.0635837144218385e-05, 3.551650297595188e-05]]</COVARIANCE_MATRIX>
		<ROI_SIZE>398</ROI_SIZE>
		<MAX_VALUE>[0.10928991436958313, 0.10323899239301682, 0.07692944258451462, 0.06826620548963547, 0.04454229399561882, 0.025829734280705452]</MAX_VALUE>
		<MIN_VALUE>[0.09249658137559891, 0.06322821974754333, 0.043769270181655884, 0.01799285039305687, 0.003945094998925924, 0.0017859498038887978]</MIN_VALUE>
		<SIGNATURE_THRESHOLD_MD>0.0</SIGNATURE_THRESHOLD_MD>
		<SIGNATURE_THRESHOLD_ML>0.0</SIGNATURE_THRESHOLD_ML>
		<SIGNATURE_THRESHOLD_SAM>0.0</SIGNATURE_THRESHOLD_SAM>
	</signature>
	<signature ID="20200828_091940271357_730">
		<MACROCLASSID>1</MACROCLASSID>
		<MACROCLASSINFO>waterbody</MACROCLASSINFO>
		<CLASSID>13</CLASSID>
		<CLASSINFO>C 1</CLASSINFO>
		<VALUES>[0.09891333622062129, 0.004186487732912511, 0.07779939566632457, 0.008151067869454293, 0.05517835735815936, 0.007793731371182874, 0.035704816203330283, 0.012561861590229388, 0.015403778769782125, 0.01075253602867713, 0.00934294441281627, 0.006931873188924569]</VALUES>
		<LCS_MIN>[0.08801835775375366, 0.05677744373679161, 0.03643886372447014, 0.017406413331627846, 0.0015726995188742876, 0.001466079382225871]</LCS_MIN>
		<LCS_MAX>[0.11808641254901886, 0.1005200743675232, 0.08260718733072281, 0.07271777838468552, 0.04688803479075432, 0.03873128071427345]</LCS_MAX>
		<WAVELENGTH>[1.0, 2.0, 3.0, 4.0, 5.0, 6.0]</WAVELENGTH>
		<MEAN_VALUE>[0.09891333622062129, 0.07779939566632457, 0.05517835735815936, 0.035704816203330283, 0.015403778769782125, 0.00934294441281627]</MEAN_VALUE>
		<CHECKBOX>2</CHECKBOX>
		<SD>[0.004186487732912511, 0.008151067869454293, 0.007793731371182874, 0.012561861590229388, 0.01075253602867713, 0.006931873188924569]</SD>
		<WAVELENGTH_UNIT>E-6m</WAVELENGTH_UNIT>
		<COLOR>#c554cc</COLOR>
		<COVARIANCE_MATRIX>[[1.8546566934674047e-05, 2.8605172701645643e-05, 3.198793638148345e-05, 2.0613393644453026e-05, 2.1917843696428463e-05, 1.4499826647806913e-05], [2.8605172701645643e-05, 6.286122516030446e-05, 5.614530891762115e-05, 1.9437187802395783e-05, 2.236730870208703e-05, 1.5121567230380606e-05], [3.198793638148345e-05, 5.614530891762115e-05, 6.14674499956891e-05, 3.606441168813035e-05, 3.8382047932827845e-05, 2.5662795451353304e-05], [2.0613393644453026e-05, 1.9437187802395783e-05, 3.606441168813035e-05, 0.00016592262545600533, 0.00011478945089038461, 6.788292375858873e-05], [2.1917843696428463e-05, 2.236730870208703e-05, 3.8382047932827845e-05, 0.00011478945089038461, 0.00011761203495552763, 7.354161789407954e-05], [1.4499826647806913e-05, 1.5121567230380606e-05, 2.5662795451353304e-05, 6.788292375858873e-05, 7.354161789407954e-05, 4.8221871111309156e-05]]</COVARIANCE_MATRIX>
		<ROI_SIZE>4207</ROI_SIZE>
		<MAX_VALUE>[0.11808641254901886, 0.1005200743675232, 0.08260718733072281, 0.07271777838468552, 0.04688803479075432, 0.03873128071427345]</MAX_VALUE>
		<MIN_VALUE>[0.08801835775375366, 0.05677744373679161, 0.03643886372447014, 0.017406413331627846, 0.0015726995188742876, 0.001466079382225871]</MIN_VALUE>
		<SIGNATURE_THRESHOLD_MD>0.0</SIGNATURE_THRESHOLD_MD>
		<SIGNATURE_THRESHOLD_ML>0.0</SIGNATURE_THRESHOLD_ML>
		<SIGNATURE_THRESHOLD_SAM>0.0</SIGNATURE_THRESHOLD_SAM>
	</signature>
	<signature ID="20200828_091950844709_176">
		<MACROCLASSID>1</MACROCLASSID>
		<MACROCLASSINFO>waterbody</MACROCLASSINFO>
		<CLASSID>14</CLASSID>
		<CLASSINFO>C 1</CLASSINFO>
		<VALUES>[0.09774693912020742, 0.004704695090014319, 0.08107238113162357, 0.008445971938396928, 0.058465545973336794, 0.00827908333201658, 0.02124039483111294, 0.009599085478939286, 0.007795937048264164, 0.007901667631689318, 0.00469112036803723, 0.004968081153749953]</VALUES>
		<LCS_MIN>[0.08487295359373093, 0.05280567705631256, 0.03228050842881203, 0.008263375610113144, 0.0007996760541573167, 0.00021324031695257872]</LCS_MIN>
		<LCS_MAX>[0.11488768458366394, 0.10601121187210083, 0.08007486164569855, 0.05560457333922386, 0.04339609295129776, 0.033453378826379776]</LCS_MAX>
		<WAVELENGTH>[1.0, 2.0, 3.0, 4.0, 5.0, 6.0]</WAVELENGTH>
		<MEAN_VALUE>[0.09774693912020742, 0.08107238113162357, 0.058465545973336794, 0.02124039483111294, 0.007795937048264164, 0.00469112036803723]</MEAN_VALUE>
		<CHECKBOX>2</CHECKBOX>
		<SD>[0.004704695090014319, 0.008445971938396928, 0.00827908333201658, 0.009599085478939286, 0.007901667631689318, 0.004968081153749953]</SD>
		<WAVELENGTH_UNIT>E-6m</WAVELENGTH_UNIT>
		<COLOR>#bde5c7</COLOR>
		<COVARIANCE_MATRIX>[[2.21605077967979e-05, 3.307728184154257e-05, 3.499672675388865e-05, 5.216859790380113e-06, 3.81679546990199e-06, 2.726861566770822e-06], [3.307728184154257e-05, 7.071865547914058e-05, 6.463748286478221e-05, 1.255022652912885e-05, 4.963285846315557e-06, 3.69209783457336e-06], [3.499672675388865e-05, 6.463748286478221e-05, 7.065509271342307e-05, 2.130459324689582e-05, 1.187535235658288e-05, 8.005247764231171e-06], [5.216859790380113e-06, 1.255022652912885e-05, 2.130459324689582e-05, 9.434649837203324e-05, 7.066585385473445e-05, 4.369873568066396e-05], [3.81679546990199e-06, 4.963285846315557e-06, 1.187535235658288e-05, 7.066585385473445e-05, 6.457867857534438e-05, 4.050957431900315e-05], [2.726861566770822e-06, 3.69209783457336e-06, 8.005247764231171e-06, 4.369873568066396e-05, 4.050957431900315e-05, 2.6231919036945328e-05]]</COVARIANCE_MATRIX>
		<ROI_SIZE>8816</ROI_SIZE>
		<MAX_VALUE>[0.11488768458366394, 0.10601121187210083, 0.08007486164569855, 0.05560457333922386, 0.04339609295129776, 0.033453378826379776]</MAX_VALUE>
		<MIN_VALUE>[0.08487295359373093, 0.05280567705631256, 0.03228050842881203, 0.008263375610113144, 0.0007996760541573167, 0.00021324031695257872]</MIN_VALUE>
		<SIGNATURE_THRESHOLD_MD>0.0</SIGNATURE_THRESHOLD_MD>
		<SIGNATURE_THRESHOLD_ML>0.0</SIGNATURE_THRESHOLD_ML>
		<SIGNATURE_THRESHOLD_SAM>0.0</SIGNATURE_THRESHOLD_SAM>
	</signature>
	<signature ID="20200828_092022976770_784">
		<MACROCLASSID>1</MACROCLASSID>
		<MACROCLASSINFO>waterbody</MACROCLASSINFO>
		<CLASSID>15</CLASSID>
		<CLASSINFO>C 1</CLASSINFO>
		<VALUES>[0.08989678938445204, 0.002739565110281772, 0.0688368662537353, 0.004893490376231165, 0.045162379031849845, 0.00535583736665876, 0.05184473378986528, 0.015455151540762815, 0.018109341367695354, 0.012351080792286022, 0.010703814777583387, 0.007945472210492374]</VALUES>
		<LCS_MIN>[0.08575259149074554, 0.05672411993145943, 0.03670540824532509, 0.0183393731713295, 0.0017059821402654052, 0.0011995140230283141]</LCS_MIN>
		<LCS_MAX>[0.10294577479362488, 0.0897243544459343, 0.06847947090864182, 0.08119440823793411, 0.05184606835246086, 0.041370220482349396]</LCS_MAX>
		<WAVELENGTH>[1.0, 2.0, 3.0, 4.0, 5.0, 6.0]</WAVELENGTH>
		<MEAN_VALUE>[0.08989678938445204, 0.0688368662537353, 0.045162379031849845, 0.05184473378986528, 0.018109341367695354, 0.010703814777583387]</MEAN_VALUE>
		<CHECKBOX>2</CHECKBOX>
		<SD>[0.002739565110281772, 0.004893490376231165, 0.00535583736665876, 0.015455151540762815, 0.012351080792286022, 0.007945472210492374]</SD>
		<WAVELENGTH_UNIT>E-6m</WAVELENGTH_UNIT>
		<COLOR>#5afb5e</COLOR>
		<COVARIANCE_MATRIX>[[7.5153729994781315e-06, 1.1753536455216818e-05, 1.3992715139465872e-05, 1.8233014998259023e-05, 1.7318068785243668e-05, 1.0725891115725972e-05], [1.1753536455216818e-05, 2.397865137027111e-05, 2.3665616026846692e-05, 3.323044074932113e-05, 2.5626608476159163e-05, 1.487398458266398e-05], [1.3992715139465872e-05, 2.3665616026846692e-05, 2.8723809009534307e-05, 3.617004767875187e-05, 3.8720016164006665e-05, 2.4754555852268822e-05], [1.8233014998259023e-05, 3.323044074932113e-05, 3.617004767875187e-05, 0.00023918492661323398, 0.00015077268471941352, 8.278593304567039e-05], [1.7318068785243668e-05, 2.5626608476159163e-05, 3.8720016164006665e-05, 0.00015077268471941352, 0.00015275561599992216, 9.4021757831797e-05], [1.0725891115725972e-05, 1.487398458266398e-05, 2.4754555852268822e-05, 8.278593304567039e-05, 9.4021757831797e-05, 6.321595719782636e-05]]</COVARIANCE_MATRIX>
		<ROI_SIZE>740</ROI_SIZE>
		<MAX_VALUE>[0.10294577479362488, 0.0897243544459343, 0.06847947090864182, 0.08119440823793411, 0.05184606835246086, 0.041370220482349396]</MAX_VALUE>
		<MIN_VALUE>[0.08575259149074554, 0.05672411993145943, 0.03670540824532509, 0.0183393731713295, 0.0017059821402654052, 0.0011995140230283141]</MIN_VALUE>
		<SIGNATURE_THRESHOLD_MD>0.0</SIGNATURE_THRESHOLD_MD>
		<SIGNATURE_THRESHOLD_ML>0.0</SIGNATURE_THRESHOLD_ML>
		<SIGNATURE_THRESHOLD_SAM>0.0</SIGNATURE_THRESHOLD_SAM>
	</signature>
	<signature ID="20200828_092035877947_414">
		<MACROCLASSID>1</MACROCLASSID>
		<MACROCLASSINFO>waterbody</MACROCLASSINFO>
		<CLASSID>16</CLASSID>
		<CLASSINFO>C 1</CLASSINFO>
