<?xml version="1.0" ?>
<signaturelist MCID_LIST="[['1', 'waterbody', '#0000ff'], ['2', 'vegetation', '#00ff00'], ['3', 'barren', '#ffaa00'], ['4', 'builtup', '#ff0000']]">
	<signature ID="20190913_094822410817_125">
		<MACROCLASSID>1</MACROCLASSID>
		<MACROCLASSINFO>waterbody</MACROCLASSINFO>
		<CLASSID>1</CLASSID>
		<CLASSINFO>C 1</CLASSINFO>
		<VALUES>[684.6192711550351, 43.57931661666795, 1088.7066090179137, 58.841700092062275, 1103.0737492279177, 142.75007205769813, 461.7804817788758, 197.6476837898399, 78.33996294008689, 48.85350202300911, 50.222112415071024, 27.6532769037946]</VALUES>
		<LCS_MIN>[402.0, 776.0, 594.0, 171.0, -42.0, 16.0]</LCS_MIN>
		<LCS_MAX>[769.0, 1190.0, 1323.0, 995.0, 647.0, 474.0]</LCS_MAX>
		<WAVELENGTH>[0.48, 0.56, 0.655, 0.865, 1.61, 2.2]</WAVELENGTH>
		<MEAN_VALUE>[684.6192711550351, 1088.7066090179137, 1103.0737492279177, 461.7804817788758, 78.33996294008689, 50.222112415071024]</MEAN_VALUE>
		<CHECKBOX>2</CHECKBOX>
		<SD>[43.57931661666795, 58.841700092062275, 142.75007205769813, 197.6476837898399, 48.85350202300911, 27.6532769037946]</SD>
		<WAVELENGTH_UNIT>E-6m</WAVELENGTH_UNIT>
		<COLOR>#cec8ae</COLOR>
		<COVARIANCE_MATRIX>[[2152.6633042939375, 2735.7258038534683, 2402.4162854216615, -2091.9254307440406, -802.6785950446881, -379.71303649994894], [2735.7258038534683, 4010.397821941832, 6044.3261110354215, 503.2639922792839, -1206.9242358038525, -588.8762622498895], [2402.4162854216615, 6044.3261110354215, 22152.394199521474, 20280.208597757493, -1702.7725919246338, -827.7297084191558], [-2091.9254307440406, 503.2639922792839, 20280.208597757493, 38832.46309111166, 2172.7971652538977, 1196.3323612421236], [-802.6785950446881, -1206.9242358038525, -1702.7725919246338, 2172.7971652538977, 2266.0056623995465, 1248.0975244613094], [-379.71303649994894, -588.8762622498895, -827.7297084191558, 1196.3323612421236, 1248.0975244613094, 721.691360837628]]</COVARIANCE_MATRIX>
		<ROI_SIZE>108657</ROI_SIZE>
		<MAX_VALUE>[769.0, 1190.0, 1323.0, 995.0, 647.0, 474.0]</MAX_VALUE>
		<MIN_VALUE>[402.0, 776.0, 594.0, 171.0, -42.0, 16.0]</MIN_VALUE>
		<SIGNATURE_THRESHOLD_MD>0</SIGNATURE_THRESHOLD_MD>
		<SIGNATURE_THRESHOLD_ML>0</SIGNATURE_THRESHOLD_ML>
		<SIGNATURE_THRESHOLD_SAM>0</SIGNATURE_THRESHOLD_SAM>
	</signature>
	<signature ID="20190913_094832217730_995">
		<MACROCLASSID>1</MACROCLASSID>
		<MACROCLASSINFO>waterbody</MACROCLASSINFO>
		<CLASSID>2</CLASSID>
		<CLASSINFO>C 1</CLASSINFO>
		<VALUES>[408.14083934183833, 27.039472897619245, 299.43253836198863, 32.36652507618348, 176.26407838787188, 20.709754121565226, 105.24041412460629, 13.99835294878251, 51.85583287114046, 6.65348917387681, 31.181697171381114, 4.382527789764483]</VALUES>
		<LCS_MIN>[369.0, 257.0, 140.0, 80.0, 35.0, 20.0]</LCS_MIN>
		<LCS_MAX>[501.0, 416.0, 251.0, 154.0, 83.0, 54.0]</LCS_MAX>
		<WAVELENGTH>[0.48, 0.56, 0.655, 0.865, 1.61, 2.2]</WAVELENGTH>
		<MEAN_VALUE>[408.14083934183833, 299.43253836198863, 176.26407838787188, 105.24041412460629, 51.85583287114046, 31.181697171381114]</MEAN_VALUE>
		<CHECKBOX>2</CHECKBOX>
		<SD>[27.039472897619245, 32.36652507618348, 20.709754121565226, 13.99835294878251, 6.65348917387681, 4.382527789764483]</SD>
		<WAVELENGTH_UNIT>E-6m</WAVELENGTH_UNIT>
		<COLOR>#a4a218</COLOR>
		<COVARIANCE_MATRIX>[[696.8489094273864, 793.0972979516955, 514.8859591192079, 331.18102346318165, 141.10822993630595, 78.96043292448653], [793.0972979516955, 1006.2701477746631, 601.1066488278688, 364.6715814773154, 156.71201750920585, 88.65089483592575], [514.8859591192079, 601.1066488278688, 405.65782410546353, 261.1494454357287, 114.7447045894429, 65.55093732464648], [331.18102346318165, 364.6715814773154, 261.1494454357287, 185.98221513847577, 81.33980051664291, 47.33010000033648], [141.10822993630595, 156.71201750920585, 114.7447045894429, 81.33980051664291, 43.04142927233256, 24.394694398849154], [78.96043292448653, 88.65089483592575, 65.55093732464648, 47.33010000033648, 24.394694398849154, 18.90292401349999]]</COVARIANCE_MATRIX>
		<ROI_SIZE>361179</ROI_SIZE>
		<MAX_VALUE>[501.0, 416.0, 251.0, 154.0, 83.0, 54.0]</MAX_VALUE>
		<MIN_VALUE>[369.0, 257.0, 140.0, 80.0, 35.0, 20.0]</MIN_VALUE>
		<SIGNATURE_THRESHOLD_MD>0</SIGNATURE_THRESHOLD_MD>
		<SIGNATURE_THRESHOLD_ML>0</SIGNATURE_THRESHOLD_ML>
		<SIGNATURE_THRESHOLD_SAM>0</SIGNATURE_THRESHOLD_SAM>
	</signature>
	<signature ID="20190913_094853360705_109">
		<MACROCLASSID>1</MACROCLASSID>
		<MACROCLASSINFO>waterbody</MACROCLASSINFO>
		<CLASSID>3</CLASSID>
		<CLASSINFO>C 1</CLASSINFO>
		<VALUES>[816.1950782997772, 28.328552926330865, 1171.1346756152102, 41.036353516192946, 1195.0192393736024, 40.48866039890636, 551.750782997762, 57.78549466986937, 128.36286353467574, 77.99623325291788, 82.06263982102895, 67.49194742066004]</VALUES>
		<LCS_MIN>[589.0, 751.0, 697.0, 405.0, 64.0, 14.0]</LCS_MIN>
		<LCS_MAX>[950.0, 1317.0, 1363.0, 988.0, 685.0, 630.0]</LCS_MAX>
		<WAVELENGTH>[0.48, 0.56, 0.655, 0.865, 1.61, 2.2]</WAVELENGTH>
		<MEAN_VALUE>[816.1950782997772, 1171.1346756152102, 1195.0192393736024, 551.750782997762, 128.36286353467574, 82.06263982102895]</MEAN_VALUE>
		<CHECKBOX>2</CHECKBOX>
		<SD>[28.328552926330865, 41.036353516192946, 40.48866039890636, 57.78549466986937, 77.99623325291788, 67.49194742066004]</SD>
		<WAVELENGTH_UNIT>E-6m</WAVELENGTH_UNIT>
		<COLOR>#e748d8</COLOR>
		<COVARIANCE_MATRIX>[[745.6474185910491, 1003.405536248014, 905.1534139377488, -25.063862880832893, 163.80043960273701, 224.948224523832], [1003.405536248014, 1674.0523625431204, 1481.2011030107235, -480.6575318039848, -107.69485178317764, 46.74987201224308], [905.1534139377488, 1481.2011030107235, 1495.063700691171, -123.82153974150675, 74.82335717118194, 230.2498984152111], [-25.063862880832893, -480.6575318039848, -123.82153974150675, 4224.183223854013, 4819.404798754308, 4005.7957735092355], [163.80043960273701, -107.69485178317764, 74.82335717118194, 4819.404798754308, 7260.314806145617, 6078.082786875982], [224.948224523832, 46.74987201224308, 230.2498984152111, 4005.7957735092355, 6078.082786875982, 5213.10586622386]]</COVARIANCE_MATRIX>
		<ROI_SIZE>23179</ROI_SIZE>
		<MAX_VALUE>[950.0, 1317.0, 1363.0, 988.0, 685.0, 630.0]</MAX_VALUE>
		<MIN_VALUE>[589.0, 751.0, 697.0, 405.0, 64.0, 14.0]</MIN_VALUE>
		<SIGNATURE_THRESHOLD_MD>0</SIGNATURE_THRESHOLD_MD>
		<SIGNATURE_THRESHOLD_ML>0</SIGNATURE_THRESHOLD_ML>
		<SIGNATURE_THRESHOLD_SAM>0</SIGNATURE_THRESHOLD_SAM>
	</signature>
	<signature ID="20190913_094923541141_857">
		<MACROCLASSID>2</MACROCLASSID>
		<MACROCLASSINFO>vegetation</MACROCLASSINFO>
		<CLASSID>4</CLASSID>
		<CLASSINFO>C 1</CLASSINFO>
		<VALUES>[320.09720115092944, 65.06807373215574, 622.065812189387, 82.95856574874585, 598.1975935129464, 150.14050524479018, 2752.133821606064, 246.4365817820164, 2218.3417211613837, 292.914162620621, 1217.5152498038206, 260.8421922241376]</VALUES>
		<LCS_MIN>[147.0, 430.0, 271.0, 2054.0, 1706.0, 715.0]</LCS_MIN>
		<LCS_MAX>[607.0, 1089.0, 1184.0, 3253.0, 2906.0, 1857.0]</LCS_MAX>
		<WAVELENGTH>[0.48, 0.56, 0.655, 0.865, 1.61, 2.2]</WAVELENGTH>
		<MEAN_VALUE>[320.09720115092944, 622.065812189387, 598.1975935129464, 2752.133821606064, 2218.3417211613837, 1217.5152498038206]</MEAN_VALUE>
		<CHECKBOX>2</CHECKBOX>
		<SD>[65.06807373215574, 82.95856574874585, 150.14050524479018, 246.4365817820164, 292.914162620621, 260.8421922241376]</SD>
		<WAVELENGTH_UNIT>E-6m</WAVELENGTH_UNIT>
		<COLOR>#ca6743</COLOR>
		<COVARIANCE_MATRIX>[[4185.5420139961425, 4748.875530006892, 8691.407846635539, -3916.32648426654, 14823.722325936198, 15163.17602737655], [4748.875530006892, 6975.1221405486285, 11388.400650216421, -1176.4499711381573, 18200.04067449938, 18713.646716487136], [8691.407846635539, 11388.400650216421, 22527.263950713033, -11014.773765712596, 36288.508850091144, 36620.33221098379], [-3916.32648426654, -1176.4499711381573, -11014.773765712596, 61192.0138611922, -2919.919407671226, -16600.735908446244], [14823.722325936198, 18200.04067449938, 36288.508850091144, -2919.919407671226, 85167.08060025152, 69815.63666483427], [15163.17602737655, 18713.646716487136, 36620.33221098379, -16600.735908446244, 69815.63666483427, 67839.37765314105]]</COVARIANCE_MATRIX>
		<ROI_SIZE>254385</ROI_SIZE>
		<MAX_VALUE>[607.0, 1089.0, 1184.0, 3253.0, 2906.0, 1857.0]</MAX_VALUE>
		<MIN_VALUE>[147.0, 430.0, 271.0, 2054.0, 1706.0, 715.0]</MIN_VALUE>
		<SIGNATURE_THRESHOLD_MD>0</SIGNATURE_THRESHOLD_MD>
		<SIGNATURE_THRESHOLD_ML>0</SIGNATURE_THRESHOLD_ML>
		<SIGNATURE_THRESHOLD_SAM>0</SIGNATURE_THRESHOLD_SAM>
	</signature>
	<signature ID="20190913_095014107059_385">
		<MACROCLASSID>1</MACROCLASSID>
		<MACROCLASSINFO>waterbody</MACROCLASSINFO>
		<CLASSID>5</CLASSID>
		<CLASSINFO>C 1</CLASSINFO>
		<VALUES>[193.34008097166003, 26.423898304619545, 297.3461538461542, 75.87046557083906, 204.27074898785412, 53.58529349356261, 193.039979757085, 113.83656745474258, 103.7348178137651, 95.65321199968929, 62.53289473684202, 59.67465716206483]</VALUES>
		<LCS_MIN>[106.0, 217.0, 137.0, 72.0, 3.0, -1.0]</LCS_MIN>
		<LCS_MAX>[452.0, 829.0, 740.0, 723.0, 621.0, 478.0]</LCS_MAX>
		<WAVELENGTH>[0.48, 0.56, 0.655, 0.865, 1.61, 2.2]</WAVELENGTH>
		<MEAN_VALUE>[193.34008097166003, 297.3461538461542, 204.27074898785412, 193.039979757085, 103.7348178137651, 62.53289473684202]</MEAN_VALUE>
		<CHECKBOX>2</CHECKBOX>
		<SD>[26.423898304619545, 75.87046557083906, 53.58529349356261, 113.83656745474258, 95.65321199968929, 59.67465716206483]</SD>
		<WAVELENGTH_UNIT>E-6m</WAVELENGTH_UNIT>
		<COLOR>#e26b3f</COLOR>
		<COVARIANCE_MATRIX>[[1434.0731769499066, 3422.9304294220124, 2724.8918065083217, 986.8670363452217, 615.3784107583148, 461.26620144238433], [3422.9304294220124, 9610.89559461765, 7276.172370270683, 3826.406061356606, 2476.237057279667, 1618.8122547444104], [2724.8918065083217, 7276.172370270683, 5885.285377454949, 3758.217839165093, 2650.13562038267, 1753.54231784957], [986.8670363452217, 3826.406061356606, 3758.217839165093, 14427.929068343872, 11048.968947330237, 6562.272147455921], [615.3784107583148, 2476.237057279667, 2650.13562038267, 11048.968947330237, 9905.036996422594, 6086.705032843241], [461.26620144238433, 1618.8122547444104, 1753.54231784957, 6562.272147455921, 6086.705032843241, 3983.696648201383]]</COVARIANCE_MATRIX>
		<ROI_SIZE>8242</ROI_SIZE>
		<MAX_VALUE>[452.0, 829.0, 740.0, 723.0, 621.0, 478.0]</MAX_VALUE>
		<MIN_VALUE>[106.0, 217.0, 137.0, 72.0, 3.0, -1.0]</MIN_VALUE>
		<SIGNATURE_THRESHOLD_MD>0</SIGNATURE_THRESHOLD_MD>
		<SIGNATURE_THRESHOLD_ML>0</SIGNATURE_THRESHOLD_ML>
		<SIGNATURE_THRESHOLD_SAM>0</SIGNATURE_THRESHOLD_SAM>
	</signature>
	<signature ID="20190913_095047749496_488">
		<MACROCLASSID>2</MACROCLASSID>
		<MACROCLASSINFO>vegetation</MACROCLASSINFO>
		<CLASSID>6</CLASSID>
		<CLASSINFO>C 1</CLASSINFO>
		<VALUES>[369.9359572702751, 59.6587589335169, 645.9856357602192, 85.35325053048886, 725.3062901887557, 146.74909447861884, 2454.7774061398213, 237.06988244461425, 2440.229153702548, 297.1134825424338, 1461.4959811242509, 260.366449705131]</VALUES>
		<LCS_MIN>[226.0, 447.0, 377.5, 1961.5, 1926.0, 957.5]</LCS_MIN>
		<LCS_MAX>[685.0, 1069.5, 1281.5, 3161.0, 3125.0, 2157.0]</LCS_MAX>
		<WAVELENGTH>[0.48, 0.56, 0.655, 0.865, 1.61, 2.2]</WAVELENGTH>
		<MEAN_VALUE>[369.9359572702751, 645.9856357602192, 725.3062901887557, 2454.7774061398213, 2440.229153702548, 1461.4959811242509]</MEAN_VALUE>
		<CHECKBOX>2</CHECKBOX>
		<SD>[59.6587589335169, 85.35325053048886, 146.74909447861884, 237.06988244461425, 297.1134825424338, 260.366449705131]</SD>
		<WAVELENGTH_UNIT>E-6m</WAVELENGTH_UNIT>
		<COLOR>#123656</COLOR>
		<COVARIANCE_MATRIX>[[3544.372185799339, 4462.991773632436, 7591.786660320661, 735.2832918822445, 14075.451343835619, 13713.555784285178], [4462.991773632436, 7262.138370622038, 11223.71200466595, 5321.795910098377, 19348.358954513646, 18738.813495408707], [7591.786660320661, 11223.71200466595, 21465.827242984873, 1888.1048065462558, 35952.75045051009, 33845.920822489985], [735.2832918822445, 5321.795910098377, 1888.1048065462558, 56481.053060868246, 18580.289364044183, 2327.1896778926166], [14075.451343835619, 19348.358954513646, 35952.75045051009, 18580.289364044183, 87916.74347659422, 69921.68669589801], [13713.555784285178, 18738.813495408707, 33845.920822489985, 2327.1896778926166, 69921.68669589801, 66780.13180547848]]</COVARIANCE_MATRIX>
		<ROI_SIZE>255684</ROI_SIZE>
		<MAX_VALUE>[685.0, 1069.5, 1281.5, 3161.0, 3125.0, 2157.0]</MAX_VALUE>
		<MIN_VALUE>[226.0, 447.0, 377.5, 1961.5, 1926.0, 957.5]</MIN_VALUE>
		<SIGNATURE_THRESHOLD_MD>0</SIGNATURE_THRESHOLD_MD>
		<SIGNATURE_THRESHOLD_ML>0</SIGNATURE_THRESHOLD_ML>
		<SIGNATURE_THRESHOLD_SAM>0</SIGNATURE_THRESHOLD_SAM>
	</signature>
	<signature ID="20190913_095200038724_836">
		<MACROCLASSID>1</MACROCLASSID>
		<MACROCLASSINFO>waterbody</MACROCLASSINFO>
		<CLASSID>7</CLASSID>
		<CLASSINFO>C 1</CLASSINFO>
		<VALUES>[240.54964028776945, 64.35798081135864, 554.3773381294944, 95.60713071353075, 420.47374100719463, 114.1659291663134, 494.66330935251716, 338.29445841787344, 193.02230215827348, 203.65108987945166, 107.81330935251789, 112.83231033048918]</VALUES>
		<LCS_MIN>[106.0, 305.0, 197.0, 141.0, -10.0, 3.0]</LCS_MIN>
		<LCS_MAX>[517.0, 880.0, 857.0, 1340.0, 945.0, 691.0]</LCS_MAX>
		<WAVELENGTH>[0.48, 0.56, 0.655, 0.865, 1.61, 2.2]</WAVELENGTH>
		<MEAN_VALUE>[240.54964028776945, 554.3773381294944, 420.47374100719463, 494.66330935251716, 193.02230215827348, 107.81330935251789]</MEAN_VALUE>
		<CHECKBOX>2</CHECKBOX>
		<SD>[64.35798081135864, 95.60713071353075, 114.1659291663134, 338.29445841787344, 203.65108987945166, 112.83231033048918]</SD>
		<WAVELENGTH_UNIT>E-6m</WAVELENGTH_UNIT>
		<COLOR>#a2c9ca</COLOR>
		<COVARIANCE_MATRIX>[[5534.946587943816, 6570.024660931922, 9005.350350119208, 2994.895039439544, 1609.0617021275225, 1066.9406927390964], [6570.024660931922, 9179.388028515665, 11281.610627806498, 3386.7792662949655, 1132.9861573562202, 804.0225567942654], [9005.350350119208, 11281.610627806498, 15582.539619184052, 4923.3820156908105, 2545.324001280048, 1681.758082565644], [2994.895039439544, 3386.7792662949655, 4923.3820156908105, 105343.94768618591, 56640.19281298815, 30144.593016963885], [1609.0617021275225, 1132.9861573562202, 2545.324001280048, 56640.19281298815, 37583.62602498127, 20494.841090071288], [1066.9406927390964, 804.0225567942654, 1681.758082565644, 30144.593016963885, 20494.841090071288, 11594.167237483609]]</COVARIANCE_MATRIX>
		<ROI_SIZE>12384</ROI_SIZE>
		<MAX_VALUE>[517.0, 880.0, 857.0, 1340.0, 945.0, 691.0]</MAX_VALUE>
		<MIN_VALUE>[106.0, 305.0, 197.0, 141.0, -10.0, 3.0]</MIN_VALUE>
		<SIGNATURE_THRESHOLD_MD>0</SIGNATURE_THRESHOLD_MD>
		<SIGNATURE_THRESHOLD_ML>0</SIGNATURE_THRESHOLD_ML>
		<SIGNATURE_THRESHOLD_SAM>0</SIGNATURE_THRESHOLD_SAM>
	</signature>
	<signature ID="20190913_095215191128_268">
		<MACROCLASSID>1</MACROCLASSID>
		<MACROCLASSINFO>waterbody</MACROCLASSINFO>
		<CLASSID>8</CLASSID>
		<CLASSINFO>C 1</CLASSINFO>
		<VALUES>[252.38997722095712, 39.661915079132996, 524.6268792710721, 49.565163450214186, 378.2831435079727, 40.95696683978409, 409.33052391799583, 255.4074753276735, 165.7733485193622, 137.3395103821986, 94.79794988610504, 67.10091978082389]</VALUES>
		<LCS_MIN>[74.0, 352.0, 259.0, 120.0, 45.0, 32.0]</LCS_MIN>
		<LCS_MAX>[336.0, 650.0, 525.0, 1176.0, 772.0, 472.0]</LCS_MAX>
		<WAVELENGTH>[0.48, 0.56, 0.655, 0.865, 1.61, 2.2]</WAVELENGTH>
		<MEAN_VALUE>[252.38997722095712, 524.6268792710721, 378.2831435079727, 409.33052391799583, 165.7733485193622, 94.79794988610504]</MEAN_VALUE>
		<CHECKBOX>2</CHECKBOX>
		<SD>[39.661915079132996, 49.565163450214186, 40.95696683978409, 255.4074753276735, 137.3395103821986, 67.10091978082389]</SD>
		<WAVELENGTH_UNIT>E-6m</WAVELENGTH_UNIT>
		<COLOR>#1aa66a</COLOR>
		<COVARIANCE_MATRIX>[[1569.9197308717148, 1415.2341229524461, 1326.163048644063, -2881.787430324483, -1231.290365256298, -589.4561572360402], [1415.2341229524461, 3773.2453475223424, 2765.6913614049417, 1868.8652554644186, 528.934669255874, 291.3100838787806], [1326.163048644063, 2765.6913614049417, 2551.4960961662614, 971.493208431676, 632.6974461044058, 356.2094498003], [-2881.787430324483, 1868.8652554644186, 971.493208431676, 61137.23783211366, 30430.885051317553, 14534.319708075534], [-1231.290365256298, 528.934669255874, 632.6974461044058, 30430.885051317553, 18651.411603078337, 8963.144429914399], [-589.4561572360402, 291.3100838787806, 356.2094498003, 14534.319708075534, 8963.144429914399, 4483.231483150719]]</COVARIANCE_MATRIX>
		<ROI_SIZE>8784</ROI_SIZE>
		<MAX_VALUE>[336.0, 650.0, 525.0, 1176.0, 772.0, 472.0]</MAX_VALUE>
		<MIN_VALUE>[74.0, 352.0, 259.0, 120.0, 45.0, 32.0]</MIN_VALUE>
		<SIGNATURE_THRESHOLD_MD>0</SIGNATURE_THRESHOLD_MD>
		<SIGNATURE_THRESHOLD_ML>0</SIGNATURE_THRESHOLD_ML>
		<SIGNATURE_THRESHOLD_SAM>0</SIGNATURE_THRESHOLD_SAM>
	</signature>
	<signature ID="20190913_095232512923_594">
		<MACROCLASSID>2</MACROCLASSID>
		<MACROCLASSINFO>vegetation</MACROCLASSINFO>
		<CLASSID>9</CLASSID>
		<CLASSINFO>C 1</CLASSINFO>
		<VALUES>[264.0920684835778, 48.1148508041817, 563.8287910552078, 59.70425630297035, 331.43413696715663, 57.74608897008622, 3803.3354297693872, 256.113449231988, 1864.3225017470236, 221.73013571809557, 790.3473095737247, 126.260106630339]</VALUES>
		<LCS_MIN>[127.0, 406.0, 216.0, 3404.0, 1319.0, 476.0]</LCS_MIN>
		<LCS_MAX>[489.0, 803.0, 786.0, 4603.0, 2506.0, 1367.0]</LCS_MAX>
		<WAVELENGTH>[0.48, 0.56, 0.655, 0.865, 1.61, 2.2]</WAVELENGTH>
		<MEAN_VALUE>[264.0920684835778, 563.8287910552078, 331.43413696715663, 3803.3354297693872, 1864.3225017470236, 790.3473095737247]</MEAN_VALUE>
		<CHECKBOX>2</CHECKBOX>
		<SD>[48.1148508041817, 59.70425630297035, 57.74608897008622, 256.113449231988, 221.73013571809557, 126.260106630339]</SD>
		<WAVELENGTH_UNIT>E-6m</WAVELENGTH_UNIT>
		<COLOR>#531ad5</COLOR>
		<COVARIANCE_MATRIX>[[2209.278585120881, 2015.498474772701, 1782.901698352577, 3359.4130242493975, 7098.459865523222, 4063.047368086226], [2015.498474772701, 3519.4148805123396, 2590.0666825256953, 8220.412839226628, 10033.650522587906, 5621.63247012021], [1782.901698352577, 2590.0666825256953, 3165.0658873726675, 1282.1468902792778, 8188.623841967462, 5494.614801823324], [3359.4130242493975, 8220.412839226628, 1282.1468902792778, 68820.90463284212, 27353.358871412198, 9466.946819987004], [7098.459865523222, 10033.650522587906, 8188.623841967462, 27353.358871412198, 47976.63004747782, 25866.15651005296], [4063.047368086226, 5621.63247012021, 5494.614801823324, 9466.946819987004, 25866.15651005296, 15279.892401893972]]</COVARIANCE_MATRIX>
		<ROI_SIZE>47060</ROI_SIZE>
		<MAX_VALUE>[489.0, 803.0, 786.0, 4603.0, 2506.0, 1367.0]</MAX_VALUE>
		<MIN_VALUE>[127.0, 406.0, 216.0, 3404.0, 1319.0, 476.0]</MIN_VALUE>
		<SIGNATURE_THRESHOLD_MD>0</SIGNATURE_THRESHOLD_MD>
		<SIGNATURE_THRESHOLD_ML>0</SIGNATURE_THRESHOLD_ML>
		<SIGNATURE_THRESHOLD_SAM>0</SIGNATURE_THRESHOLD_SAM>
	</signature>
	<signature ID="20190913_095253484398_416">
		<MACROCLASSID>2</MACROCLASSID>
		<MACROCLASSINFO>vegetation</MACROCLASSINFO>
		<CLASSID>10</CLASSID>
		<CLASSINFO>C 1</CLASSINFO>
		<VALUES>[233.10435301133003, 25.041584237004507, 506.9925462134767, 37.5383279130683, 313.03249850924163, 31.958910045940982, 3442.059630292189, 234.30164957087763, 1203.167262969589, 101.74674671333902, 431.97346451997515, 43.65259883802735]</VALUES>
		<LCS_MIN>[167.0, 409.0, 247.0, 2508.0, 764.0, 243.0]</LCS_MIN>
		<LCS_MAX>[399.0, 708.0, 562.0, 3708.0, 1592.0, 760.0]</LCS_MAX>
		<WAVELENGTH>[0.48, 0.56, 0.655, 0.865, 1.61, 2.2]</WAVELENGTH>
		<MEAN_VALUE>[233.10435301133003, 506.9925462134767, 313.03249850924163, 3442.059630292189, 1203.167262969589, 431.97346451997515]</MEAN_VALUE>
		<CHECKBOX>2</CHECKBOX>
		<SD>[25.041584237004507, 37.5383279130683, 31.958910045940982, 234.30164957087763, 101.74674671333902, 43.65259883802735]</SD>
		<WAVELENGTH_UNIT>E-6m</WAVELENGTH_UNIT>
		<COLOR>#615ecd</COLOR>
		<COVARIANCE_MATRIX>[[719.0643237945901, 715.6593638477664, 843.3654398869147, -2805.3307281462694, 692.3944928777148, 606.5276843033372], [715.6593638477664, 1405.0109273463281, 1032.5107458259608, 419.35362626558333, 1196.469476882588, 441.26870646326967], [843.3654398869147, 1032.5107458259608, 1174.4679124629122, -3716.7302786063124, 789.8850356165418, 716.4878559021015], [-2805.3307281462694, 419.35362626558333, -3716.7302786063124, 57512.907305072236, 6867.235014788484, -1975.9059013928065], [692.3944928777148, 1196.469476882588, 789.8850356165418, 6867.235014788484, 9319.443096620313, 3597.7685465832546], [606.5276843033372, 441.26870646326967, 716.4878559021015, -1975.9059013928065, 3597.7685465832546, 1969.5595778364334]]</COVARIANCE_MATRIX>
		<ROI_SIZE>19615</ROI_SIZE>
		<MAX_VALUE>[399.0, 708.0, 562.0, 3708.0, 1592.0, 760.0]</MAX_VALUE>
		<MIN_VALUE>[167.0, 409.0, 247.0, 2508.0, 764.0, 243.0]</MIN_VALUE>
		<SIGNATURE_THRESHOLD_MD>0</SIGNATURE_THRESHOLD_MD>
		<SIGNATURE_THRESHOLD_ML>0</SIGNATURE_THRESHOLD_ML>
		<SIGNATURE_THRESHOLD_SAM>0</SIGNATURE_THRESHOLD_SAM>
	</signature>
	<signature ID="20190913_095308171164_223">
		<MACROCLASSID>2</MACROCLASSID>
		<MACROCLASSINFO>vegetation</MACROCLASSINFO>
		<CLASSID>11</CLASSID>
		<CLASSINFO>C 1</CLASSINFO>
		<VALUES>[208.20906310814533, 31.1665367358209, 477.43035863219393, 45.68162844431915, 311.82735613010925, 52.239881539731606, 3181.9202112871753, 266.669898211918, 1250.6283013622474, 133.69618132752612, 480.06505421184295, 69.57951227612469]</VALUES>
		<LCS_MIN>[111.0, 379.0, 199.0, 2576.0, 706.0, 253.0]</LCS_MIN>
		<LCS_MAX>[580.0, 767.0, 701.0, 3772.0, 1752.0, 1021.0]</LCS_MAX>
		<WAVELENGTH>[0.48, 0.56, 0.655, 0.865, 1.61, 2.2]</WAVELENGTH>
		<MEAN_VALUE>[208.20906310814533, 477.43035863219393, 311.82735613010925, 3181.9202112871753, 1250.6283013622474, 480.06505421184295]</MEAN_VALUE>
		<CHECKBOX>2</CHECKBOX>
		<SD>[31.1665367358209, 45.68162844431915, 52.239881539731606, 266.669898211918, 133.69618132752612, 69.57951227612469]</SD>
		<WAVELENGTH_UNIT>E-6m</WAVELENGTH_UNIT>
		<COLOR>#87be9a</COLOR>
		<COVARIANCE_MATRIX>[[823.0615498678125, 931.9240442424123, 1243.4645817229418, -2930.2357320591964, 1105.8989523985308, 1039.2393861092992], [931.9240442424123, 2008.6637904219751, 1914.0074501713175, -1985.0694891188357, 1955.482608305894, 1249.6966849133453], [1243.4645817229418, 1914.0074501713175, 2553.3338633940975, -7188.257253840751, 1299.1618246593616, 1772.3844065663113], [-2930.2357320591964, -1985.0694891188357, -7188.257253840751, 71162.6108765025, 13045.976975791998, -2150.775601680198], [1105.8989523985308, 1955.482608305894, 1299.1618246593616, 13045.976975791998, 15287.303610093202, 5951.056655918549], [1039.2393861092992, 1249.6966849133453, 1772.3844065663113, -2150.775601680198, 5951.056655918549, 3752.267940084548]]</COVARIANCE_MATRIX>
		<ROI_SIZE>21578</ROI_SIZE>
		<MAX_VALUE>[580.0, 767.0, 701.0, 3772.0, 1752.0, 1021.0]</MAX_VALUE>
		<MIN_VALUE>[111.0, 379.0, 199.0, 2576.0, 706.0, 253.0]</MIN_VALUE>
		<SIGNATURE_THRESHOLD_MD>0</SIGNATURE_THRESHOLD_MD>
		<SIGNATURE_THRESHOLD_ML>0</SIGNATURE_THRESHOLD_ML>
		<SIGNATURE_THRESHOLD_SAM>0</SIGNATURE_THRESHOLD_SAM>
	</signature>
	<signature ID="20190913_095325862165_969">
		<MACROCLASSID>2</MACROCLASSID>
		<MACROCLASSINFO>vegetation</MACROCLASSINFO>
		<CLASSID>12</CLASSID>
		<CLASSINFO>C 1</CLASSINFO>
		<VALUES>[292.6378518666396, 59.08778683333867, 563.4921141944477, 70.54201918045742, 407.77221002195955, 126.60574076185529, 3395.7730085845506, 311.18306086111323, 1862.4969055699753, 251.0625382724085, 850.0493112397712, 193.32323706901107]</VALUES>
		<LCS_MIN>[161.0, 398.0, 222.0, 2849.0, 1375.0, 506.0]</LCS_MIN>
		<LCS_MAX>[555.0, 1007.0, 997.0, 4049.0, 2573.0, 1470.0]</LCS_MAX>
		<WAVELENGTH>[0.48, 0.56, 0.655, 0.865, 1.61, 2.2]</WAVELENGTH>
		<MEAN_VALUE>[292.6378518666396, 563.4921141944477, 407.77221002195955, 3395.7730085845506, 1862.4969055699753, 850.0493112397712]</MEAN_VALUE>
		<CHECKBOX>2</CHECKBOX>
		<SD>[59.08778683333867, 70.54201918045742, 126.60574076185529, 311.18306086111323, 251.0625382724085, 193.32323706901107]</SD>
		<WAVELENGTH_UNIT>E-6m</WAVELENGTH_UNIT>
		<COLOR>#08b3d6</COLOR>
		<COVARIANCE_MATRIX>[[3171.649007736954, 3223.4458193346773, 5484.853209224283, -3182.670458235745, 11118.510912424295, 8760.657642966104], [3223.4458193346773, 4818.190771466697, 6899.812666161999, 588.0330395801067, 12828.91811692388, 10147.35978164065], [5484.853209224283, 6899.812666161999, 14497.280978607929, -15439.8754690993, 22484.00321073059, 19945.577793709785], [-3182.670458235745, 588.0330395801067, -15439.8754690993, 95332.74426102029, -10607.728181008291, -20170.0961392509], [11118.510912424295, 12828.91811692388, 22484.00321073059, -10607.728181008291, 60304.208000004175, 42744.02951004914], [8760.657642966104, 10147.35978164065, 19945.577793709785, -20170.0961392509, 42744.02951004914, 34258.7435064112]]</COVARIANCE_MATRIX>
		<ROI_SIZE>39599</ROI_SIZE>
		<MAX_VALUE>[555.0, 1007.0, 997.0, 4049.0, 2573.0, 1470.0]</MAX_VALUE>
		<MIN_VALUE>[161.0, 398.0, 222.0, 2849.0, 1375.0, 506.0]</MIN_VALUE>
		<SIGNATURE_THRESHOLD_MD>0</SIGNATURE_THRESHOLD_MD>
		<SIGNATURE_THRESHOLD_ML>0</SIGNATURE_THRESHOLD_ML>
		<SIGNATURE_THRESHOLD_SAM>0</SIGNATURE_THRESHOLD_SAM>
	</signature>
	<signature ID="20190913_095353148205_891">
		<MACROCLASSID>2</MACROCLASSID>
		<MACROCLASSINFO>vegetation</MACROCLASSINFO>
		<CLASSID>13</CLASSID>
		<CLASSINFO>C 1</CLASSINFO>
		<VALUES>[329.7443990311845, 56.00343213413743, 795.0522630941562, 88.4506158333037, 605.8344686648541, 157.4597788949502, 3719.4339615500876, 298.16804468958895, 1789.8248561913417, 169.35070686216838, 872.9265062064788, 136.8858343872112]</VALUES>
		<LCS_MIN>[186.0, 486.0, 304.5, 2987.0, 1196.0, 490.0]</LCS_MIN>
		<LCS_MAX>[541.0, 1133.0, 1146.0, 4187.0, 2390.0, 1454.0]</LCS_MAX>
		<WAVELENGTH>[0.48, 0.56, 0.655, 0.865, 1.61, 2.2]</WAVELENGTH>
		<MEAN_VALUE>[329.7443990311845, 795.0522630941562, 605.8344686648541, 3719.4339615500876, 1789.8248561913417, 872.9265062064788]</MEAN_VALUE>
		<CHECKBOX>2</CHECKBOX>
		<SD>[56.00343213413743, 88.4506158333037, 157.4597788949502, 298.16804468958895, 169.35070686216838, 136.8858343872112]</SD>
		<WAVELENGTH_UNIT>E-6m</WAVELENGTH_UNIT>
		<COLOR>#4e71c8</COLOR>
		<COVARIANCE_MATRIX>[[3068.0144042802135, 4271.190517659455, 8285.958035528338, -5152.626872653751, 8268.985676295173, 6891.850767244873], [4271.190517659455, 7972.708433936317, 12801.46577589456, 1054.8961778418745, 12441.676216822863, 9244.22082377416], [8285.958035528338, 12801.46577589456, 24504.52143190732, -13366.065495716568, 22706.42717145482, 18525.615109672846], [-5152.626872653751, 1054.8961778418745, -13366.065495716568, 88608.60106977008, -7248.8508410698305, -14213.334177241071], [8268.985676295173, 12441.676216822863, 22706.42717145482, -7248.8508410698305, 28316.503686778055, 21666.186716452714], [6891.850767244873, 9244.22082377416, 18525.615109672846, -14213.334177241071, 21666.186716452714, 18138.91208142728]]</COVARIANCE_MATRIX>
		<ROI_SIZE>177888</ROI_SIZE>
		<MAX_VALUE>[541.0, 1133.0, 1146.0, 4187.0, 2390.0, 1454.0]</MAX_VALUE>
		<MIN_VALUE>[186.0, 486.0, 304.5, 2987.0, 1196.0, 490.0]</MIN_VALUE>
		<SIGNATURE_THRESHOLD_MD>0</SIGNATURE_THRESHOLD_MD>
		<SIGNATURE_THRESHOLD_ML>0</SIGNATURE_THRESHOLD_ML>
		<SIGNATURE_THRESHOLD_SAM>0</SIGNATURE_THRESHOLD_SAM>
	</signature>
	<signature ID="20190913_095417444456_341">
		<MACROCLASSID>2</MACROCLASSID>
		<MACROCLASSINFO>vegetation</MACROCLASSINFO>
		<CLASSID>14</CLASSID>
		<CLASSINFO>C 1</CLASSINFO>
		<VALUES>[198.4868122637557, 32.58516599956605, 440.64981100378156, 47.23454844880957, 314.5448971020565, 68.75566381312721, 2624.2076858463, 209.5665162597109, 1447.7693406131855, 185.53381549262056, 628.6957580848386, 132.79810997241506]</VALUES>
		<LCS_MIN>[125.0, 323.0, 187.0, 2248.0, 939.0, 370.0]</LCS_MIN>
		<LCS_MAX>[392.0, 755.0, 875.0, 3446.0, 2076.0, 1227.0]</LCS_MAX>
		<WAVELENGTH>[0.48, 0.56, 0.655, 0.865, 1.61, 2.2]</WAVELENGTH>
		<MEAN_VALUE>[198.4868122637557, 440.64981100378156, 314.5448971020565, 2624.2076858463, 1447.7693406131855, 628.6957580848386]</MEAN_VALUE>
		<CHECKBOX>2</CHECKBOX>
		<SD>[32.58516599956605, 47.23454844880957, 68.75566381312721, 209.5665162597109, 185.53381549262056, 132.79810997241506]</SD>
		<WAVELENGTH_UNIT>E-6m</WAVELENGTH_UNIT>
		<COLOR>#778935</COLOR>
		<COVARIANCE_MATRIX>[[1134.3216106622522, 1508.7702074139283, 2269.6131747045492, 49.79544749667081, 5634.006521843805, 4210.208270917226], [1508.7702074139283, 2367.060889148589, 3181.738310889676, 2274.956827382862, 8106.608093228802, 5810.845620784648], [2269.6131747045492, 3181.738310889676, 5024.979911366648, -955.9058226129061, 11919.589756153306, 9070.546248552395], [49.79544749667081, 2274.956827382862, -955.9058226129061, 43227.21487226465, 5131.359617082859, -1534.8712545835403], [5634.006521843805, 8106.608093228802, 11919.589756153306, 5131.359617082859, 35609.46806286924, 24495.014905453874], [4210.208270917226, 5810.845620784648, 9070.546248552395, -1534.8712545835403, 24495.014905453874, 18239.149795272795]]</COVARIANCE_MATRIX>
		<ROI_SIZE>317062</ROI_SIZE>
		<MAX_VALUE>[392.0, 755.0, 875.0, 3446.0, 2076.0, 1227.0]</MAX_VALUE>
		<MIN_VALUE>[125.0, 323.0, 187.0, 2248.0, 939.0, 370.0]</MIN_VALUE>
		<SIGNATURE_THRESHOLD_MD>0</SIGNATURE_THRESHOLD_MD>
		<SIGNATURE_THRESHOLD_ML>0</SIGNATURE_THRESHOLD_ML>
		<SIGNATURE_THRESHOLD_SAM>0</SIGNATURE_THRESHOLD_SAM>
	</signature>
	<signature ID="20190913_095452941348_439">
		<MACROCLASSID>3</MACROCLASSID>
		<MACROCLASSINFO>barren</MACROCLASSINFO>
		<CLASSID>15</CLASSID>
		<CLASSINFO>C 1</CLASSINFO>
		<VALUES>[524.9471830985914, 73.01915967647467, 872.4688967136159, 95.68064285717423, 1042.2634976525808, 173.36734163749452, 2662.8210093896764, 197.34181935562165, 2809.9055164319266, 274.6121633345091, 1734.3849765258249, 216.47862748842363]</VALUES>
		<LCS_MIN>[347.0, 611.0, 621.0, 2135.0, 2390.0, 1303.0]</LCS_MIN>
		<LCS_MAX>[729.0, 1128.0, 1496.0, 3332.0, 3590.0, 2357.0]</LCS_MAX>
		<WAVELENGTH>[0.48, 0.56, 0.655, 0.865, 1.61, 2.2]</WAVELENGTH>
		<MEAN_VALUE>[524.9471830985914, 872.4688967136159, 1042.2634976525808, 2662.8210093896764, 2809.9055164319266, 1734.3849765258249]</MEAN_VALUE>
		<CHECKBOX>2</CHECKBOX>
		<SD>[73.01915967647467, 95.68064285717423, 173.36734163749452, 197.34181935562165, 274.6121633345091, 216.47862748842363]</SD>
		<WAVELENGTH_UNIT>E-6m</WAVELENGTH_UNIT>
		<COLOR>#c96fad</COLOR>
		<COVARIANCE_MATRIX>[[5141.510417239271, 6109.452291112059, 11048.109746315195, 1574.9670826785655, 16162.178694176058, 13192.40404045031], [6109.452291112059, 8417.368779199145, 14323.777774360333, 4702.883107156766, 18704.943346645367, 14828.143483822985], [11048.109746315195, 14323.777774360333, 27181.145173857687, 2203.712069871151, 34402.56890118005, 28125.23438133954], [1574.9670826785655, 4702.883107156766, 2203.712069871151, 38155.36102916518, 17550.4204080398, 4528.138062231203], [16162.178694176058, 18704.943346645367, 34402.56890118005, 17550.4204080398, 74809.53239241673, 54774.87905697765], [13192.40404045031, 14828.143483822985, 28125.23438133954, 4528.138062231203, 54774.87905697765, 45097.91929395333]]</COVARIANCE_MATRIX>
		<ROI_SIZE>3702</ROI_SIZE>
		<MAX_VALUE>[729.0, 1128.0, 1496.0, 3332.0, 3590.0, 2357.0]</MAX_VALUE>
		<MIN_VALUE>[347.0, 611.0, 621.0, 2135.0, 2390.0, 1303.0]</MIN_VALUE>
		<SIGNATURE_THRESHOLD_MD>0</SIGNATURE_THRESHOLD_MD>
		<SIGNATURE_THRESHOLD_ML>0</SIGNATURE_THRESHOLD_ML>
		<SIGNATURE_THRESHOLD_SAM>0</SIGNATURE_THRESHOLD_SAM>
	</signature>
	<signature ID="20190913_095518543827_918">
		<MACROCLASSID>3</MACROCLASSID>
		<MACROCLASSINFO>barren</MACROCLASSINFO>
		<CLASSID>16</CLASSID>
		<CLASSINFO>C 1</CLASSINFO>
		<VALUES>[503.96309983452784, 76.38801103716827, 870.3605626034195, 95.73497543406111, 1083.809542195255, 143.16328314124218, 2585.3113072255796, 194.57450487451135, 3103.618643132926, 232.89101114508455, 2103.7762272476593, 250.13260538914406]</VALUES>
		<LCS_MIN>[329.0, 645.5, 732.5, 2020.0, 2705.5, 1488.5]</LCS_MIN>
		<LCS_MAX>[832.5, 1372.0, 1679.5, 3218.0, 3895.5, 2653.5]</LCS_MAX>
		<WAVELENGTH>[0.48, 0.56, 0.655, 0.865, 1.61, 2.2]</WAVELENGTH>
		<MEAN_VALUE>[503.96309983452784, 870.3605626034195, 1083.809542195255, 2585.3113072255796, 3103.618643132926, 2103.7762272476593]</MEAN_VALUE>
		<CHECKBOX>2</CHECKBOX>
		<SD>[76.38801103716827, 95.73497543406111, 143.16328314124218, 194.57450487451135, 232.89101114508455, 250.13260538914406]</SD>
		<WAVELENGTH_UNIT>E-6m</WAVELENGTH_UNIT>
		<COLOR>#193a6a</COLOR>
		<COVARIANCE_MATRIX>[[6087.15703984805, 6780.772194204526, 9649.490168815204, 3470.9758073176426, 11437.612075508725, 9866.405214224202], [6780.772194204526, 9979.55713440447, 13357.026425648102, 8808.27088155885, 13988.132983166674, 11277.782736970094], [9649.490168815204, 13357.026425648102, 21264.38568842714, 7822.253199577817, 24182.799570354306, 21791.339446313938], [3470.9758073176426, 8808.27088155885, 7822.253199577817, 38542.674545368594, 7346.003129079349, -5296.284079893505], [11437.612075508725, 13988.132983166674, 24182.799570354306, 7346.003129079349, 54718.63398463352, 51286.34084321807], [9866.405214224202, 11277.782736970094, 21791.339446313938, -5296.284079893505, 51286.34084321807, 62202.76568512221]]</COVARIANCE_MATRIX>
		<ROI_SIZE>101958</ROI_SIZE>
		<MAX_VALUE>[832.5, 1372.0, 1679.5, 3218.0, 3895.5, 2653.5]</MAX_VALUE>
		<MIN_VALUE>[329.0, 645.5, 732.5, 2020.0, 2705.5, 1488.5]</MIN_VALUE>
		<SIGNATURE_THRESHOLD_MD>0</SIGNATURE_THRESHOLD_MD>
		<SIGNATURE_THRESHOLD_ML>0</SIGNATURE_THRESHOLD_ML>
		<SIGNATURE_THRESHOLD_SAM>0</SIGNATURE_THRESHOLD_SAM>
	</signature>
	<signature ID="20190913_095544129671_204">
		<MACROCLASSID>3</MACROCLASSID>
		<MACROCLASSINFO>barren</MACROCLASSINFO>
		<CLASSID>17</CLASSID>
		<CLASSINFO>C 1</CLASSINFO>
		<VALUES>[584.1793431287823, 60.21386033899304, 847.6149524632665, 69.67562180750933, 1006.1361279170264, 113.70384152741953, 2050.543215211758, 227.41412483381976, 2325.893690579074, 258.5878159041698, 1577.2091616248927, 212.36706733933218]</VALUES>
		<LCS_MIN>[369.0, 607.0, 561.0, 1251.0, 1545.0, 980.0]</LCS_MIN>
		<LCS_MAX>[732.0, 1060.0, 1314.0, 2415.0, 2736.0, 2143.0]</LCS_MAX>
		<WAVELENGTH>[0.48, 0.56, 0.655, 0.865, 1.61, 2.2]</WAVELENGTH>
		<MEAN_VALUE>[584.1793431287823, 847.6149524632665, 1006.1361279170264, 2050.543215211758, 2325.893690579074, 1577.2091616248927]</MEAN_VALUE>
		<CHECKBOX>2</CHECKBOX>
		<SD>[60.21386033899304, 69.67562180750933, 113.70384152741953, 227.41412483381976, 258.5878159041698, 212.36706733933218]</SD>
		<WAVELENGTH_UNIT>E-6m</WAVELENGTH_UNIT>
		<COLOR>#707926</COLOR>
		<COVARIANCE_MATRIX>[[4448.77087564961, 4498.745966528996, 7221.812633105565, 5043.8641563563915, 15003.760660983853, 13436.203051126711], [4498.745966528996, 5399.684809687873, 8265.282313718284, 9019.646109905792, 17170.85688133543, 13632.953594631088], [7221.812633105565, 8265.282313718284, 14333.676609730404, 9400.50262496066, 26547.912003346864, 21681.351493668473], [5043.8641563563915, 9019.646109905792, 9400.50262496066, 58406.465286176965, 44074.89649648855, 19275.194028374433], [15003.760660983853, 17170.85688133543, 26547.912003346864, 44074.89649648855, 81152.48581233434, 56524.52701224557], [13436.203051126711, 13632.953594631088, 21681.351493668473, 19275.194028374433, 56524.52701224557, 52002.065222747595]]</COVARIANCE_MATRIX>
		<ROI_SIZE>8143</ROI_SIZE>
		<MAX_VALUE>[732.0, 1060.0, 1314.0, 2415.0, 2736.0, 2143.0]</MAX_VALUE>
		<MIN_VALUE>[369.0, 607.0, 561.0, 1251.0, 1545.0, 980.0]</MIN_VALUE>
		<SIGNATURE_THRESHOLD_MD>0</SIGNATURE_THRESHOLD_MD>
		<SIGNATURE_THRESHOLD_ML>0</SIGNATURE_THRESHOLD_ML>
		<SIGNATURE_THRESHOLD_SAM>0</SIGNATURE_THRESHOLD_SAM>
	</signature>
	<signature ID="20190913_095603076013_202">
		<MACROCLASSID>2</MACROCLASSID>
		<MACROCLASSINFO>vegetation</MACROCLASSINFO>
		<CLASSID>18</CLASSID>
		<CLASSINFO>C 1</CLASSINFO>
		<VALUES>[489.8337555414819, 28.75381805007852, 782.3290056998115, 29.136795806660057, 449.8160227992396, 29.447262406193882, 5294.248575047503, 320.88305755705665, 2373.1960101329914, 92.68891440863834, 1073.3755541481924, 57.410250447852896]</VALUES>
		<LCS_MIN>[333.0, 675.0, 377.0, 4659.0, 1913.0, 795.0]</LCS_MIN>
		<LCS_MAX>[640.0, 968.0, 727.0, 5859.0, 2700.0, 1553.0]</LCS_MAX>
		<WAVELENGTH>[0.48, 0.56, 0.655, 0.865, 1.61, 2.2]</WAVELENGTH>
		<MEAN_VALUE>[489.8337555414819, 782.3290056998115, 449.8160227992396, 5294.248575047503, 2373.1960101329914, 1073.3755541481924]</MEAN_VALUE>
		<CHECKBOX>2</CHECKBOX>
		<SD>[28.75381805007852, 29.136795806660057, 29.447262406193882, 320.88305755705665, 92.68891440863834, 57.410250447852896]</SD>
		<WAVELENGTH_UNIT>E-6m</WAVELENGTH_UNIT>
		<COLOR>#fd599e</COLOR>
		<COVARIANCE_MATRIX>[[785.8929980157368, 422.93113149572207, 360.96891763205446, 1759.6458889093267, 1433.2802163523954, 881.1888883401839], [422.93113149572207, 827.563393872228, 591.8931440579544, -1928.8202200563783, 904.8075386041924, 868.1542986266421], [360.96891763205446, 591.8931440579544, 892.3624574976109, -4679.239706277523, 352.7035734099643, 974.4050532042651], [1759.6458889093267, -1928.8202200563783, -4679.239706277523, 102591.29136219708, 17362.63089201968, 2656.095600016201], [1433.2802163523954, 904.8075386041924, 352.7035734099643, 17362.63089201968, 8813.627659176038, 4343.2956736831975], [881.1888883401839, 868.1542986266421, 974.4050532042651, 2656.095600016201, 4343.2956736831975, 3134.496548563994]]</COVARIANCE_MATRIX>
		<ROI_SIZE>9442</ROI_SIZE>
		<MAX_VALUE>[640.0, 968.0, 727.0, 5859.0, 2700.0, 1553.0]</MAX_VALUE>
		<MIN_VALUE>[333.0, 675.0, 377.0, 4659.0, 1913.0, 795.0]</MIN_VALUE>
		<SIGNATURE_THRESHOLD_MD>0</SIGNATURE_THRESHOLD_MD>
		<SIGNATURE_THRESHOLD_ML>0</SIGNATURE_THRESHOLD_ML>
		<SIGNATURE_THRESHOLD_SAM>0</SIGNATURE_THRESHOLD_SAM>
	</signature>
	<signature ID="20190913_095630927017_863">
		<MACROCLASSID>3</MACROCLASSID>
		<MACROCLASSINFO>barren</MACROCLASSINFO>
		<CLASSID>19</CLASSID>
		<CLASSINFO>C 1</CLASSINFO>
		<VALUES>[643.2734247849337, 115.28466678139453, 1023.3357358753811, 136.86934015578265, 1137.5326668216712, 230.15350591432977, 3024.2176238084144, 318.4604663995336, 2254.5470820739392, 309.23136280068275, 1341.7182050685863, 244.07091032867538]</VALUES>
		<LCS_MIN>[384.0, 689.0, 681.0, 2334.0, 1662.0, 819.0]</LCS_MIN>
		<LCS_MAX>[1130.0, 1462.0, 1752.0, 3533.0, 2862.0, 1958.0]</LCS_MAX>
		<WAVELENGTH>[0.48, 0.56, 0.655, 0.865, 1.61, 2.2]</WAVELENGTH>
		<MEAN_VALUE>[643.2734247849337, 1023.3357358753811, 1137.5326668216712, 3024.2176238084144, 2254.5470820739392, 1341.7182050685863]</MEAN_VALUE>
		<CHECKBOX>2</CHECKBOX>
		<SD>[115.28466678139453, 136.86934015578265, 230.15350591432977, 318.4604663995336, 309.23136280068275, 244.07091032867538]</SD>
		<WAVELENGTH_UNIT>E-6m</WAVELENGTH_UNIT>
		<COLOR>#4fec56</COLOR>
		<COVARIANCE_MATRIX>[[13162.420255196595, 14395.541632180291, 25095.021817046916, 10624.870923166509, 30367.52478628181, 23656.360347142927], [14395.541632180291, 19257.266906829056, 31226.580930526958, 25319.20098665835, 33640.15245604295, 24200.545365904814], [25095.021817046916, 31226.580930526958, 54737.62080037373, 31280.783364547096, 61546.49407607752, 45420.708960988566], [10624.870923166509, 25319.20098665835, 31280.783364547096, 96529.85671237373, 25912.175436437825, 6566.559835534378], [30367.52478628181, 33640.15245604295, 61546.49407607752, 25912.175436437825, 90451.31066299572, 68596.78956926528], [23656.360347142927, 24200.545365904814, 45420.708960988566, 6566.559835534378, 68596.78956926528, 56592.34880875948]]</COVARIANCE_MATRIX>
		<ROI_SIZE>30268</ROI_SIZE>
