<?xml version="1.0" ?>
<signaturelist MCID_LIST="[['1', 'waterbody', '#0000ff'], ['2', 'vegetation', '#00ff00'], ['3', 'bareland', '#ffaa00'], ['4', 'built-up', '#ff0000']]">
	<signature ID="20200804_141731546875_774">
		<MACROCLASSID>1</MACROCLASSID>
		<MACROCLASSINFO>MC 1</MACROCLASSINFO>
		<CLASSID>1</CLASSID>
		<CLASSINFO>C 1</CLASSINFO>
		<VALUES>[0.12708126923177268, 0.001623610198662513, 0.1036374152330705, 0.0030763653441833795, 0.07299542308594996, 0.0031364335813188725, 0.09905209893628167, 0.007777001044566317, 0.05766059113525652, 0.005827684007241658, 0.039120815242746326, 0.0035416330628628093]</VALUES>
		<LCS_MIN>[0.12301028519868851, 0.09829637408256531, 0.06872143596410751, 0.08945614844560623, 0.050954945385456085, 0.03523183614015579]</LCS_MIN>
		<LCS_MAX>[0.13578665256500244, 0.1231178268790245, 0.09608094394207001, 0.14066919684410095, 0.10137217491865158, 0.06708673387765884]</LCS_MAX>
		<WAVELENGTH>[0.48, 0.56, 0.655, 0.865, 1.61, 2.2]</WAVELENGTH>
		<MEAN_VALUE>[0.12708126923177268, 0.1036374152330705, 0.07299542308594996, 0.09905209893628167, 0.05766059113525652, 0.039120815242746326]</MEAN_VALUE>
		<CHECKBOX>2</CHECKBOX>
		<SD>[0.001623610198662513, 0.0030763653441833795, 0.0031364335813188725, 0.007777001044566317, 0.005827684007241658, 0.0035416330628628093]</SD>
		<WAVELENGTH_UNIT>E-6m</WAVELENGTH_UNIT>
		<COLOR>#a592b0</COLOR>
		<COVARIANCE_MATRIX>[[2.4157399490678473e-06, 3.901819714083449e-06, 3.82492895838765e-06, 6.382304834388198e-06, 4.542052292880571e-06, 2.921522980129028e-06], [3.901819714083449e-06, 9.2028451892134e-06, 8.265634179745334e-06, 1.3209326857428242e-05, 1.0224293610842103e-05, 6.215146472896178e-06], [3.82492895838765e-06, 8.265634179745334e-06, 9.237414232073117e-06, 1.7867315143170027e-05, 1.375036376192549e-05, 8.418568609754636e-06], [6.382304834388198e-06, 1.3209326857428242e-05, 1.7867315143170027e-05, 5.517326657959146e-05, 3.892918080414631e-05, 2.1932759275757257e-05], [4.542052292880571e-06, 1.0224293610842103e-05, 1.375036376192549e-05, 3.892918080414631e-05, 3.120546815339119e-05, 1.8056149138663236e-05], [2.921522980129028e-06, 6.215146472896178e-06, 8.418568609754636e-06, 2.1932759275757257e-05, 1.8056149138663236e-05, 1.0929843121629878e-05]]</COVARIANCE_MATRIX>
		<ROI_SIZE>5554</ROI_SIZE>
		<MAX_VALUE>[0.13578665256500244, 0.1231178268790245, 0.09608094394207001, 0.14066919684410095, 0.10137217491865158, 0.06708673387765884]</MAX_VALUE>
		<MIN_VALUE>[0.12301028519868851, 0.09829637408256531, 0.06872143596410751, 0.08945614844560623, 0.050954945385456085, 0.03523183614015579]</MIN_VALUE>
		<SIGNATURE_THRESHOLD_MD>0</SIGNATURE_THRESHOLD_MD>
		<SIGNATURE_THRESHOLD_ML>0</SIGNATURE_THRESHOLD_ML>
		<SIGNATURE_THRESHOLD_SAM>0</SIGNATURE_THRESHOLD_SAM>
	</signature>
	<signature ID="20200804_141739454051_690">
		<MACROCLASSID>1</MACROCLASSID>
		<MACROCLASSINFO>MC 1</MACROCLASSINFO>
		<CLASSID>2</CLASSID>
		<CLASSINFO>C 1</CLASSINFO>
		<VALUES>[0.1267344423748077, 0.002879055574001955, 0.10656306790427818, 0.0043119040488505305, 0.07893603535375297, 0.004719985068527582, 0.11961004371188523, 0.01256044642748813, 0.07004806283164719, 0.009365146105585283, 0.04680795033544724, 0.005534093411996199]</VALUES>
		<LCS_MIN>[0.12169823050498962, 0.1006193459033966, 0.07295870035886765, 0.10457701981067657, 0.05953706055879593, 0.03989929333329201]</LCS_MIN>
		<LCS_MAX>[0.1379590630531311, 0.1310976892709732, 0.11470777541399002, 0.16648009419441223, 0.1161273792386055, 0.07926085591316223]</LCS_MAX>
		<WAVELENGTH>[0.48, 0.56, 0.655, 0.865, 1.61, 2.2]</WAVELENGTH>
		<MEAN_VALUE>[0.1267344423748077, 0.10656306790427818, 0.07893603535375297, 0.11961004371188523, 0.07004806283164719, 0.04680795033544724]</MEAN_VALUE>
		<CHECKBOX>2</CHECKBOX>
		<SD>[0.002879055574001955, 0.0043119040488505305, 0.004719985068527582, 0.01256044642748813, 0.009365146105585283, 0.005534093411996199]</SD>
		<WAVELENGTH_UNIT>E-6m</WAVELENGTH_UNIT>
		<COLOR>#6f4eae</COLOR>
		<COVARIANCE_MATRIX>[[1.1937498692819171e-05, 1.4642550687730755e-05, 1.4236400026578826e-05, 3.3958264009809066e-05, 2.2678842465815102e-05, 1.5190913188726635e-05], [1.4642550687730755e-05, 2.086445938094561e-05, 2.1803027618503663e-05, 4.794894965007914e-05, 3.489289168439561e-05, 2.2936817065943328e-05], [1.4236400026578826e-05, 2.1803027618503663e-05, 2.6190895710825306e-05, 5.485430383013215e-05, 4.1923315334165374e-05, 2.726783939824516e-05], [3.3958264009809066e-05, 4.794894965007914e-05, 5.485430383013215e-05, 0.0001666833151457497, 0.00011504354883383796, 6.932115427667822e-05], [2.2678842465815102e-05, 3.489289168439561e-05, 4.1923315334165374e-05, 0.00011504354883383796, 9.13678282908499e-05, 5.591025866749039e-05], [1.5190913188726635e-05, 2.2936817065943328e-05, 2.726783939824516e-05, 6.932115427667822e-05, 5.591025866749039e-05, 3.58554998161734e-05]]</COVARIANCE_MATRIX>
		<ROI_SIZE>2654</ROI_SIZE>
		<MAX_VALUE>[0.1379590630531311, 0.1310976892709732, 0.11470777541399002, 0.16648009419441223, 0.1161273792386055, 0.07926085591316223]</MAX_VALUE>
		<MIN_VALUE>[0.12169823050498962, 0.1006193459033966, 0.07295870035886765, 0.10457701981067657, 0.05953706055879593, 0.03989929333329201]</MIN_VALUE>
		<SIGNATURE_THRESHOLD_MD>0</SIGNATURE_THRESHOLD_MD>
		<SIGNATURE_THRESHOLD_ML>0</SIGNATURE_THRESHOLD_ML>
		<SIGNATURE_THRESHOLD_SAM>0</SIGNATURE_THRESHOLD_SAM>
	</signature>
	<signature ID="20200804_141756510116_264">
		<MACROCLASSID>1</MACROCLASSID>
		<MACROCLASSINFO>MC 1</MACROCLASSINFO>
		<CLASSID>3</CLASSID>
		<CLASSINFO>C 1</CLASSINFO>
		<VALUES>[0.13328905453166592, 0.005072042037282915, 0.11481635251266091, 0.005670462433159088, 0.09197925455921341, 0.007401095518270928, 0.1570758242292811, 0.015476125328319127, 0.09069146960973747, 0.014608960683338628, 0.05863316861509996, 0.008772977796404]</VALUES>
		<LCS_MIN>[0.12141861766576767, 0.09904918819665909, 0.07865860313177109, 0.13185051083564758, 0.06842029839754105, 0.04286753386259079]</LCS_MIN>
		<LCS_MAX>[0.14475592970848083, 0.1326463371515274, 0.11711679399013519, 0.20280888676643372, 0.13428102433681488, 0.0901874527335167]</LCS_MAX>
		<WAVELENGTH>[0.48, 0.56, 0.655, 0.865, 1.61, 2.2]</WAVELENGTH>
		<MEAN_VALUE>[0.13328905453166592, 0.11481635251266091, 0.09197925455921341, 0.1570758242292811, 0.09069146960973747, 0.05863316861509996]</MEAN_VALUE>
		<CHECKBOX>2</CHECKBOX>
		<SD>[0.005072042037282915, 0.005670462433159088, 0.007401095518270928, 0.015476125328319127, 0.014608960683338628, 0.008772977796404]</SD>
		<WAVELENGTH_UNIT>E-6m</WAVELENGTH_UNIT>
		<COLOR>#176207</COLOR>
		<COVARIANCE_MATRIX>[[3.0114005770577223e-05, 2.817757218135546e-05, 2.7512944171798145e-05, 3.0333557499395243e-05, 1.779978156560207e-05, 1.888428655846578e-05], [2.817757218135546e-05, 3.5007425143857766e-05, 3.920139814545415e-05, 5.4181058824618565e-05, 4.880111101823935e-05, 3.6631082131937247e-05], [2.7512944171798145e-05, 3.920139814545415e-05, 5.056523921465468e-05, 8.376512255962638e-05, 7.597933932284449e-05, 5.115190685443862e-05], [3.0333557499395243e-05, 5.4181058824618565e-05, 8.376512255962638e-05, 0.0002234670515378746, 0.0001836525748772919, 0.00010795756071028011], [1.779978156560207e-05, 4.880111101823935e-05, 7.597933932284449e-05, 0.0001836525748772919, 0.0001903139526031405, 0.00011132839916062755], [1.888428655846578e-05, 3.6631082131937247e-05, 5.115190685443862e-05, 0.00010795756071028011, 0.00011132839916062755, 7.014009024709193e-05]]</COVARIANCE_MATRIX>
		<ROI_SIZE>970</ROI_SIZE>
		<MAX_VALUE>[0.14475592970848083, 0.1326463371515274, 0.11711679399013519, 0.20280888676643372, 0.13428102433681488, 0.0901874527335167]</MAX_VALUE>
		<MIN_VALUE>[0.12141861766576767, 0.09904918819665909, 0.07865860313177109, 0.13185051083564758, 0.06842029839754105, 0.04286753386259079]</MIN_VALUE>
		<SIGNATURE_THRESHOLD_MD>0</SIGNATURE_THRESHOLD_MD>
		<SIGNATURE_THRESHOLD_ML>0</SIGNATURE_THRESHOLD_ML>
		<SIGNATURE_THRESHOLD_SAM>0</SIGNATURE_THRESHOLD_SAM>
	</signature>
	<signature ID="20200804_141830305450_725">
		<MACROCLASSID>1</MACROCLASSID>
		<MACROCLASSINFO>MC 1</MACROCLASSINFO>
		<CLASSID>4</CLASSID>
		<CLASSINFO>C 1</CLASSINFO>
		<VALUES>[0.12001988922236653, 0.0011337117127162622, 0.09708215897514874, 0.0022730467322912297, 0.06627469510652496, 0.00390190490229165, 0.09174054832631393, 0.009214465608245528, 0.050105843384269794, 0.00792209448456194, 0.0321847662804983, 0.005248347114931769]</VALUES>
		<LCS_MIN>[0.11786962300539017, 0.0936289131641388, 0.06231173127889633, 0.07977708429098129, 0.043297722935676575, 0.027294984087347984]</LCS_MIN>
		<LCS_MAX>[0.1285381019115448, 0.11711679399013519, 0.10055483132600784, 0.1366255134344101, 0.09590888023376465, 0.06403245031833649]</LCS_MAX>
		<WAVELENGTH>[0.48, 0.56, 0.655, 0.865, 1.61, 2.2]</WAVELENGTH>
		<MEAN_VALUE>[0.12001988922236653, 0.09708215897514874, 0.06627469510652496, 0.09174054832631393, 0.050105843384269794, 0.0321847662804983]</MEAN_VALUE>
		<CHECKBOX>2</CHECKBOX>
		<SD>[0.0011337117127162622, 0.0022730467322912297, 0.00390190490229165, 0.009214465608245528, 0.00792209448456194, 0.005248347114931769]</SD>
		<WAVELENGTH_UNIT>E-6m</WAVELENGTH_UNIT>
		<COLOR>#98a618</COLOR>
		<COVARIANCE_MATRIX>[[1.7024349137665332e-06, 2.4580886299388792e-06, 4.242137573998556e-06, 8.622952471343993e-06, 7.547825117933481e-06, 4.9992502329722986e-06], [2.4580886299388792e-06, 5.050353558675225e-06, 7.965510338206045e-06, 1.5568536823816103e-05, 1.5052030644480383e-05, 1.0208589325907596e-05], [4.242137573998556e-06, 7.965510338206045e-06, 1.6929358257472523e-05, 3.782960923748966e-05, 3.282552807557872e-05, 2.1716671282485006e-05], [8.622952471343993e-06, 1.5568536823816103e-05, 3.782960923748966e-05, 0.00011955060540450908, 8.694515192608205e-05, 5.357195198979545e-05], [7.547825117933481e-06, 1.5052030644480383e-05, 3.282552807557872e-05, 8.694515192608205e-05, 7.611393419363031e-05, 4.89082318287707e-05], [4.9992502329722986e-06, 1.0208589325907596e-05, 2.1716671282485006e-05, 5.357195198979545e-05, 4.89082318287707e-05, 3.252803240018202e-05]]</COVARIANCE_MATRIX>
		<ROI_SIZE>1877</ROI_SIZE>
		<MAX_VALUE>[0.1285381019115448, 0.11711679399013519, 0.10055483132600784, 0.1366255134344101, 0.09590888023376465, 0.06403245031833649]</MAX_VALUE>
		<MIN_VALUE>[0.11786962300539017, 0.0936289131641388, 0.06231173127889633, 0.07977708429098129, 0.043297722935676575, 0.027294984087347984]</MIN_VALUE>
		<SIGNATURE_THRESHOLD_MD>0</SIGNATURE_THRESHOLD_MD>
		<SIGNATURE_THRESHOLD_ML>0</SIGNATURE_THRESHOLD_ML>
		<SIGNATURE_THRESHOLD_SAM>0</SIGNATURE_THRESHOLD_SAM>
	</signature>
	<signature ID="20200804_141840596087_778">
		<MACROCLASSID>1</MACROCLASSID>
		<MACROCLASSINFO>MC 1</MACROCLASSINFO>
		<CLASSID>5</CLASSID>
		<CLASSINFO>C 1</CLASSINFO>
		<VALUES>[0.1273815802791541, 0.002583349748292471, 0.10931559434877573, 0.004210111464427859, 0.07577472052876197, 0.004828291606665897, 0.09801687020327889, 0.009512991003438113, 0.05669181585942388, 0.007863753808111343, 0.037628311371686374, 0.004887376581628187]</VALUES>
		<LCS_MIN>[0.11995600163936615, 0.09932881593704224, 0.06876444816589355, 0.08390682190656662, 0.04719085991382599, 0.03217753395438194]</LCS_MIN>
		<LCS_MAX>[0.1373998373746872, 0.1368406116962433, 0.11487986147403717, 0.1375289112329483, 0.09887712448835373, 0.06958179175853729]</LCS_MAX>
		<WAVELENGTH>[0.48, 0.56, 0.655, 0.865, 1.61, 2.2]</WAVELENGTH>
		<MEAN_VALUE>[0.1273815802791541, 0.10931559434877573, 0.07577472052876197, 0.09801687020327889, 0.05669181585942388, 0.037628311371686374]</MEAN_VALUE>
		<CHECKBOX>2</CHECKBOX>
		<SD>[0.002583349748292471, 0.004210111464427859, 0.004828291606665897, 0.009512991003438113, 0.007863753808111343, 0.004887376581628187]</SD>
		<WAVELENGTH_UNIT>E-6m</WAVELENGTH_UNIT>
		<COLOR>#ea1c22</COLOR>
		<COVARIANCE_MATRIX>[[9.934592796934151e-06, 1.4750921243213887e-05, 1.3824959408964876e-05, 1.2891228139337839e-05, 1.199585728250762e-05, 9.354963657062251e-06], [1.4750921243213887e-05, 2.579669310313119e-05, 2.5041039286480454e-05, 2.4258265978167595e-05, 2.3963690113989325e-05, 1.7627287707491578e-05], [1.3824959408964876e-05, 2.5041039286480454e-05, 2.8691653554948197e-05, 3.823696480896781e-05, 3.47543164024682e-05, 2.395114734294118e-05], [1.2891228139337839e-05, 2.4258265978167595e-05, 3.823696480896781e-05, 9.481973841678189e-05, 7.356202165541498e-05, 4.505429523572931e-05], [1.199585728250762e-05, 2.3963690113989325e-05, 3.47543164024682e-05, 7.356202165541498e-05, 6.961290226685824e-05, 4.365095342776037e-05], [9.354963657062251e-06, 1.7627287707491578e-05, 2.395114734294118e-05, 4.505429523572931e-05, 4.365095342776037e-05, 2.890690299969612e-05]]</COVARIANCE_MATRIX>
		<ROI_SIZE>3523</ROI_SIZE>
		<MAX_VALUE>[0.1373998373746872, 0.1368406116962433, 0.11487986147403717, 0.1375289112329483, 0.09887712448835373, 0.06958179175853729]</MAX_VALUE>
		<MIN_VALUE>[0.11995600163936615, 0.09932881593704224, 0.06876444816589355, 0.08390682190656662, 0.04719085991382599, 0.03217753395438194]</MIN_VALUE>
		<SIGNATURE_THRESHOLD_MD>0</SIGNATURE_THRESHOLD_MD>
		<SIGNATURE_THRESHOLD_ML>0</SIGNATURE_THRESHOLD_ML>
		<SIGNATURE_THRESHOLD_SAM>0</SIGNATURE_THRESHOLD_SAM>
	</signature>
	<signature ID="20200804_141857323973_252">
		<MACROCLASSID>1</MACROCLASSID>
		<MACROCLASSINFO>MC 1</MACROCLASSINFO>
		<CLASSID>6</CLASSID>
		<CLASSINFO>C 1</CLASSINFO>
		<VALUES>[0.1276835021829552, 0.0030723968697694884, 0.10422491689216723, 0.0034552913729991334, 0.08227113585114987, 0.0034707223397535117, 0.13935209336456755, 0.009531289744332988, 0.07195297247086056, 0.004988991564298272, 0.04883069071574095, 0.0031049174142513923]</VALUES>
		<LCS_MIN>[0.12137558311223984, 0.09734997153282166, 0.0762280821800232, 0.12324688583612442, 0.06246229261159897, 0.04357733577489853]</LCS_MIN>
		<LCS_MAX>[0.13522742688655853, 0.11543910205364227, 0.09812431037425995, 0.17159923911094666, 0.10530833154916763, 0.0714745819568634]</LCS_MAX>
		<WAVELENGTH>[0.48, 0.56, 0.655, 0.865, 1.61, 2.2]</WAVELENGTH>
		<MEAN_VALUE>[0.1276835021829552, 0.10422491689216723, 0.08227113585114987, 0.13935209336456755, 0.07195297247086056, 0.04883069071574095]</MEAN_VALUE>
		<CHECKBOX>2</CHECKBOX>
		<SD>[0.0030723968697694884, 0.0034552913729991334, 0.0034707223397535117, 0.009531289744332988, 0.004988991564298272, 0.0031049174142513923]</SD>
		<WAVELENGTH_UNIT>E-6m</WAVELENGTH_UNIT>
		<COLOR>#2a2dcd</COLOR>
		<COVARIANCE_MATRIX>[[1.1852233133675748e-05, 1.2132534790313133e-05, 1.2282479572428376e-05, 1.7956135971255636e-05, 1.1176570009417597e-05, 8.982382575675571e-06], [1.2132534790313133e-05, 1.5221728915637685e-05, 1.3861619191467683e-05, 1.9472830076904852e-05, 1.3450568117134642e-05, 1.0288066184785217e-05], [1.2282479572428376e-05, 1.3861619191467683e-05, 1.4378819555773757e-05, 2.384915428878797e-05, 1.5147733933804218e-05, 1.1381797232919373e-05], [1.7956135971255636e-05, 1.9472830076904852e-05, 2.384915428878797e-05, 0.00010326454421685074, 5.160670066803048e-05, 2.9197830759442635e-05], [1.1176570009417597e-05, 1.3450568117134642e-05, 1.5147733933804218e-05, 5.160670066803048e-05, 3.0502394802982194e-05, 1.8491831818150577e-05], [8.982382575675571e-06, 1.0288066184785217e-05, 1.1381797232919373e-05, 2.9197830759442635e-05, 1.8491831818150577e-05, 1.280500510512241e-05]]</COVARIANCE_MATRIX>
		<ROI_SIZE>1934</ROI_SIZE>
		<MAX_VALUE>[0.13522742688655853, 0.11543910205364227, 0.09812431037425995, 0.17159923911094666, 0.10530833154916763, 0.0714745819568634]</MAX_VALUE>
		<MIN_VALUE>[0.12137558311223984, 0.09734997153282166, 0.0762280821800232, 0.12324688583612442, 0.06246229261159897, 0.04357733577489853]</MIN_VALUE>
		<SIGNATURE_THRESHOLD_MD>0</SIGNATURE_THRESHOLD_MD>
		<SIGNATURE_THRESHOLD_ML>0</SIGNATURE_THRESHOLD_ML>
		<SIGNATURE_THRESHOLD_SAM>0</SIGNATURE_THRESHOLD_SAM>
	</signature>
	<signature ID="20200804_141914466053_977">
		<MACROCLASSID>1</MACROCLASSID>
		<MACROCLASSINFO>MC 1</MACROCLASSINFO>
		<CLASSID>7</CLASSID>
		<CLASSINFO>C 1</CLASSINFO>
		<VALUES>[0.15315349319254062, 0.0037873047096922217, 0.14205987485178048, 0.0038465276095648567, 0.12150201265771224, 0.007163036708877644, 0.2068981948686413, 0.02067189187082745, 0.12266190341079089, 0.016161236151338722, 0.08027403430646682, 0.009764933777481498]</VALUES>
		<LCS_MIN>[0.14314277470111847, 0.13316255807876587, 0.10821205377578735, 0.16514654457569122, 0.09887712448835373, 0.06401094794273376]</LCS_MIN>
		<LCS_MAX>[0.16308166086673737, 0.15400481224060059, 0.14314277470111847, 0.24873071908950806, 0.15996283292770386, 0.10601812601089478]</LCS_MAX>
		<WAVELENGTH>[0.48, 0.56, 0.655, 0.865, 1.61, 2.2]</WAVELENGTH>
		<MEAN_VALUE>[0.15315349319254062, 0.14205987485178048, 0.12150201265771224, 0.2068981948686413, 0.12266190341079089, 0.08027403430646682]</MEAN_VALUE>
		<CHECKBOX>2</CHECKBOX>
		<SD>[0.0037873047096922217, 0.0038465276095648567, 0.007163036708877644, 0.02067189187082745, 0.016161236151338722, 0.009764933777481498]</SD>
		<WAVELENGTH_UNIT>E-6m</WAVELENGTH_UNIT>
		<COLOR>#3735f5</COLOR>
		<COVARIANCE_MATRIX>[[1.437253748108707e-05, 1.1793872150204404e-05, 1.9456341502437485e-05, 4.133577213136514e-05, 2.3013213677170414e-05, 1.6207139802613194e-05], [1.1793872150204404e-05, 1.4825544821468776e-05, 2.290307208636845e-05, 4.027425138964356e-05, 3.085657606893541e-05, 2.1466918763165578e-05], [1.9456341502437485e-05, 2.290307208636845e-05, 5.141233250820697e-05, 0.00011859546154062504, 9.28527327193472e-05, 5.826364466031629e-05], [4.133577213136514e-05, 4.027425138964356e-05, 0.00011859546154062504, 0.0004281869266248558, 0.0003130452150196689, 0.0001864850284159537], [2.3013213677170414e-05, 3.085657606893541e-05, 9.28527327193472e-05, 0.0003130452150196689, 0.0002617110781927368, 0.0001559053675265365], [1.6207139802613194e-05, 2.1466918763165578e-05, 5.826364466031629e-05, 0.0001864850284159537, 0.0001559053675265365, 9.554579069606102e-05]]</COVARIANCE_MATRIX>
		<ROI_SIZE>498</ROI_SIZE>
		<MAX_VALUE>[0.16308166086673737, 0.15400481224060059, 0.14314277470111847, 0.24873071908950806, 0.15996283292770386, 0.10601812601089478]</MAX_VALUE>
		<MIN_VALUE>[0.14314277470111847, 0.13316255807876587, 0.10821205377578735, 0.16514654457569122, 0.09887712448835373, 0.06401094794273376]</MIN_VALUE>
		<SIGNATURE_THRESHOLD_MD>0</SIGNATURE_THRESHOLD_MD>
		<SIGNATURE_THRESHOLD_ML>0</SIGNATURE_THRESHOLD_ML>
		<SIGNATURE_THRESHOLD_SAM>0</SIGNATURE_THRESHOLD_SAM>
	</signature>
	<signature ID="20200804_141948121170_486">
		<MACROCLASSID>1</MACROCLASSID>
		<MACROCLASSINFO>MC 1</MACROCLASSINFO>
		<CLASSID>8</CLASSID>
		<CLASSINFO>C 1</CLASSINFO>
		<VALUES>[0.13159485140017102, 0.0011973135278610025, 0.13033549737717431, 0.0029528805137970485, 0.09375258822526249, 0.0018668166201768277, 0.12938971450286244, 0.014553308562559264, 0.07831477304654459, 0.01030670837932292, 0.04855023401656323, 0.005144683184828768]</VALUES>
		<LCS_MIN>[0.12660230696201324, 0.11866544932126999, 0.0869826152920723, 0.1083626076579094, 0.06631241738796234, 0.04189964383840561]</LCS_MIN>
		<LCS_MAX>[0.13382934033870697, 0.13432404398918152, 0.10098500549793243, 0.1674264818429947, 0.11515947431325912, 0.06958179175853729]</LCS_MAX>
		<WAVELENGTH>[0.48, 0.56, 0.655, 0.865, 1.61, 2.2]</WAVELENGTH>
		<MEAN_VALUE>[0.13159485140017102, 0.13033549737717431, 0.09375258822526249, 0.12938971450286244, 0.07831477304654459, 0.04855023401656323]</MEAN_VALUE>
		<CHECKBOX>2</CHECKBOX>
		<SD>[0.0011973135278610025, 0.0029528805137970485, 0.0018668166201768277, 0.014553308562559264, 0.01030670837932292, 0.005144683184828768]</SD>
		<WAVELENGTH_UNIT>E-6m</WAVELENGTH_UNIT>
		<COLOR>#61626c</COLOR>
		<COVARIANCE_MATRIX>[[1.4438730630205667e-06, 3.237435626628891e-06, 1.7120073614005113e-06, -6.032282449032119e-06, -2.4240752832822267e-06, -5.196462905358949e-07], [3.237435626628891e-06, 8.782233568537646e-06, 3.5962460525302127e-06, -2.6128997048881613e-05, -1.4007435167343796e-05, -5.284448057763584e-06], [1.7120073614005113e-06, 3.5962460525302127e-06, 3.5100762667019885e-06, 1.9092576939836808e-06, 5.216472597154197e-06, 3.7694818103960882e-06], [-6.032282449032119e-06, -2.6128997048881613e-05, 1.9092576939836808e-06, 0.00021332252242006107, 0.00014152546127249734, 6.82003151654672e-05], [-2.4240752832822267e-06, -1.4007435167343796e-05, 5.216472597154197e-06, 0.00014152546127249734, 0.00010699246954170319, 5.1731304031947936e-05], [-5.196462905358949e-07, -5.284448057763584e-06, 3.7694818103960882e-06, 6.82003151654672e-05, 5.1731304031947936e-05, 2.665818064831929e-05]]</COVARIANCE_MATRIX>
		<ROI_SIZE>140</ROI_SIZE>
		<MAX_VALUE>[0.13382934033870697, 0.13432404398918152, 0.10098500549793243, 0.1674264818429947, 0.11515947431325912, 0.06958179175853729]</MAX_VALUE>
		<MIN_VALUE>[0.12660230696201324, 0.11866544932126999, 0.0869826152920723, 0.1083626076579094, 0.06631241738796234, 0.04189964383840561]</MIN_VALUE>
		<SIGNATURE_THRESHOLD_MD>0</SIGNATURE_THRESHOLD_MD>
		<SIGNATURE_THRESHOLD_ML>0</SIGNATURE_THRESHOLD_ML>
		<SIGNATURE_THRESHOLD_SAM>0</SIGNATURE_THRESHOLD_SAM>
	</signature>
	<signature ID="20200804_141955535437_950">
		<MACROCLASSID>1</MACROCLASSID>
		<MACROCLASSINFO>MC 1</MACROCLASSINFO>
		<CLASSID>9</CLASSID>
		<CLASSINFO>C 1</CLASSINFO>
		<VALUES>[0.13532853746655002, 0.0019374448943117219, 0.12315854108092769, 0.002311924344459719, 0.10260348913043439, 0.003683887792825552, 0.12689638091157193, 0.012200645256124526, 0.07556956172591517, 0.009469832471067075, 0.04796023428289577, 0.0059086373585534235]</VALUES>
		<LCS_MIN>[0.1318720132112503, 0.11776207387447357, 0.09702734649181366, 0.11090067774057388, 0.06246229261159897, 0.03961968049407005]</LCS_MIN>
		<LCS_MAX>[0.14374500513076782, 0.13443158566951752, 0.1250966638326645, 0.17179282009601593, 0.11707378178834915, 0.08016424626111984]</LCS_MAX>
		<WAVELENGTH>[0.48, 0.56, 0.655, 0.865, 1.61, 2.2]</WAVELENGTH>
		<MEAN_VALUE>[0.13532853746655002, 0.12315854108092769, 0.10260348913043439, 0.12689638091157193, 0.07556956172591517, 0.04796023428289577]</MEAN_VALUE>
		<CHECKBOX>2</CHECKBOX>
		<SD>[0.0019374448943117219, 0.002311924344459719, 0.003683887792825552, 0.012200645256124526, 0.009469832471067075, 0.0059086373585534235]</SD>
		<WAVELENGTH_UNIT>E-6m</WAVELENGTH_UNIT>
		<COLOR>#fa0ee9</COLOR>
		<COVARIANCE_MATRIX>[[2.8606390575412785e-06, 3.091911498070906e-06, 4.400400893061659e-06, 7.178525861313555e-06, 7.038416934598327e-06, 5.492058781880707e-06], [3.091911498070906e-06, 4.223728150268853e-06, 5.993778296206551e-06, 9.352042156266977e-06, 1.0072576953722671e-05, 7.655576058197189e-06], [4.400400893061659e-06, 5.993778296206551e-06, 1.1534783156018285e-05, 1.800098652245852e-05, 1.7980812308421246e-05, 1.3583768723578103e-05], [7.178525861313555e-06, 9.352042156266977e-06, 1.800098652245852e-05, 0.0001485396425768129, 0.00010379293162057407, 5.9756710821849584e-05], [7.038416934598327e-06, 1.0072576953722671e-05, 1.7980812308421246e-05, 0.00010379293162057407, 8.318923521480806e-05, 4.962666432298204e-05], [5.492058781880707e-06, 7.655576058197189e-06, 1.3583768723578103e-05, 5.9756710821849584e-05, 4.962666432298204e-05, 3.146174248485026e-05]]</COVARIANCE_MATRIX>
		<ROI_SIZE>815</ROI_SIZE>
		<MAX_VALUE>[0.14374500513076782, 0.13443158566951752, 0.1250966638326645, 0.17179282009601593, 0.11707378178834915, 0.08016424626111984]</MAX_VALUE>
		<MIN_VALUE>[0.1318720132112503, 0.11776207387447357, 0.09702734649181366, 0.11090067774057388, 0.06246229261159897, 0.03961968049407005]</MIN_VALUE>
		<SIGNATURE_THRESHOLD_MD>0</SIGNATURE_THRESHOLD_MD>
		<SIGNATURE_THRESHOLD_ML>0</SIGNATURE_THRESHOLD_ML>
		<SIGNATURE_THRESHOLD_SAM>0</SIGNATURE_THRESHOLD_SAM>
	</signature>
	<signature ID="20200804_142016601338_305">
		<MACROCLASSID>1</MACROCLASSID>
		<MACROCLASSINFO>MC 1</MACROCLASSINFO>
		<CLASSID>10</CLASSID>
		<CLASSINFO>C 1</CLASSINFO>
		<VALUES>[0.13502721164334738, 0.0022920274450577718, 0.12291229531425459, 0.002923891285128605, 0.1036614555055173, 0.004760542990308798, 0.12176248643413196, 0.012199051166283817, 0.07398956248621245, 0.010671132932161306, 0.04781418709967617, 0.007156589419067314]</VALUES>
		<LCS_MIN>[0.1305384486913681, 0.1161273792386055, 0.09498398005962372, 0.10455551743507385, 0.06168797239661217, 0.038974396884441376]</LCS_MIN>
		<LCS_MAX>[0.14701439440250397, 0.13813114166259766, 0.128860741853714, 0.16480237245559692, 0.11584776639938354, 0.08280986547470093]</LCS_MAX>
		<WAVELENGTH>[0.48, 0.56, 0.655, 0.865, 1.61, 2.2]</WAVELENGTH>
		<MEAN_VALUE>[0.13502721164334738, 0.12291229531425459, 0.1036614555055173, 0.12176248643413196, 0.07398956248621245, 0.04781418709967617]</MEAN_VALUE>
		<CHECKBOX>2</CHECKBOX>
		<SD>[0.0022920274450577718, 0.002923891285128605, 0.004760542990308798, 0.012199051166283817, 0.010671132932161306, 0.007156589419067314]</SD>
		<WAVELENGTH_UNIT>E-6m</WAVELENGTH_UNIT>
		<COLOR>#6cf26e</COLOR>
		<COVARIANCE_MATRIX>[[5.2616239622035344e-06, 6.304014711689509e-06, 9.803228568916722e-06, 1.3787750869300874e-05, 1.5059527552630176e-05, 1.216079615991319e-05], [6.304014711689509e-06, 8.562540153594687e-06, 1.3012317020634428e-05, 1.840984667689578e-05, 2.0417812437156827e-05, 1.6537488428663465e-05], [9.803228568916722e-06, 1.3012317020634428e-05, 2.269829114496466e-05, 3.346148570822159e-05, 3.535467083933152e-05, 2.808827708093709e-05], [1.3787750869300874e-05, 1.840984667689578e-05, 3.346148570822159e-05, 0.00014905010460738693, 0.00011690388127280541, 7.41384824430179e-05], [1.5059527552630176e-05, 2.0417812437156827e-05, 3.535467083933152e-05, 0.00011690388127280541, 0.00011405156250422108, 7.383047935435675e-05], [1.216079615991319e-05, 1.6537488428663465e-05, 2.808827708093709e-05, 7.41384824430179e-05, 7.383047935435675e-05, 5.129704918538379e-05]]</COVARIANCE_MATRIX>
		<ROI_SIZE>639</ROI_SIZE>
		<MAX_VALUE>[0.14701439440250397, 0.13813114166259766, 0.128860741853714, 0.16480237245559692, 0.11584776639938354, 0.08280986547470093]</MAX_VALUE>
		<MIN_VALUE>[0.1305384486913681, 0.1161273792386055, 0.09498398005962372, 0.10455551743507385, 0.06168797239661217, 0.038974396884441376]</MIN_VALUE>
		<SIGNATURE_THRESHOLD_MD>0</SIGNATURE_THRESHOLD_MD>
		<SIGNATURE_THRESHOLD_ML>0</SIGNATURE_THRESHOLD_ML>
		<SIGNATURE_THRESHOLD_SAM>0</SIGNATURE_THRESHOLD_SAM>
	</signature>
	<signature ID="20200804_142046659173_679">
		<MACROCLASSID>1</MACROCLASSID>
		<MACROCLASSINFO>MC 1</MACROCLASSINFO>
		<CLASSID>11</CLASSID>
		<CLASSINFO>C 1</CLASSINFO>
		<VALUES>[0.13869788920780296, 0.002047502656349691, 0.12770494568958857, 0.002472712959452191, 0.11206637232092276, 0.003992903437744521, 0.13449721852539312, 0.012535133961149716, 0.08413629873637687, 0.010636684072356833, 0.05603522481783771, 0.007288826843447197]</VALUES>
		<LCS_MIN>[0.13492630422115326, 0.1227736845612526, 0.10487814247608185, 0.12187030911445618, 0.07483000308275223, 0.049427811056375504]</LCS_MIN>
		<LCS_MAX>[0.15348860621452332, 0.14430423080921173, 0.13948622345924377, 0.18708576261997223, 0.1361953318119049, 0.09532812982797623]</LCS_MAX>
		<WAVELENGTH>[0.48, 0.56, 0.655, 0.865, 1.61, 2.2]</WAVELENGTH>
		<MEAN_VALUE>[0.13869788920780296, 0.12770494568958857, 0.11206637232092276, 0.13449721852539312, 0.08413629873637687, 0.05603522481783771]</MEAN_VALUE>
		<CHECKBOX>2</CHECKBOX>
		<SD>[0.002047502656349691, 0.002472712959452191, 0.003992903437744521, 0.012535133961149716, 0.010636684072356833, 0.007288826843447197]</SD>
		<WAVELENGTH_UNIT>E-6m</WAVELENGTH_UNIT>
		<COLOR>#d82181</COLOR>
		<COVARIANCE_MATRIX>[[4.198081645273259e-06, 4.538880521816373e-06, 7.340364068666106e-06, 1.1302204001647117e-05, 1.2622687360227649e-05, 1.0125430216070851e-05], [4.538880521816373e-06, 6.122789697984057e-06, 9.466934936119053e-06, 1.4025514344456985e-05, 1.6617000573574632e-05, 1.3385523160467373e-05], [7.340364068666106e-06, 9.466934936119053e-06, 1.5965390592504548e-05, 2.3092727356778328e-05, 2.780410116344757e-05, 2.2462744208909273e-05], [1.1302204001647117e-05, 1.4025514344456985e-05, 2.3092727356778328e-05, 0.00015734751627199085, 0.0001227744135382059, 7.700714716931122e-05], [1.2622687360227649e-05, 1.6617000573574632e-05, 2.780410116344757e-05, 0.0001227744135382059, 0.00011329596767795222, 7.566014049511719e-05], [1.0125430216070851e-05, 1.3385523160467373e-05, 2.2462744208909273e-05, 7.700714716931122e-05, 7.566014049511719e-05, 5.320068190875477e-05]]</COVARIANCE_MATRIX>
		<ROI_SIZE>722</ROI_SIZE>
		<MAX_VALUE>[0.15348860621452332, 0.14430423080921173, 0.13948622345924377, 0.18708576261997223, 0.1361953318119049, 0.09532812982797623]</MAX_VALUE>
		<MIN_VALUE>[0.13492630422115326, 0.1227736845612526, 0.10487814247608185, 0.12187030911445618, 0.07483000308275223, 0.049427811056375504]</MIN_VALUE>
		<SIGNATURE_THRESHOLD_MD>0</SIGNATURE_THRESHOLD_MD>
		<SIGNATURE_THRESHOLD_ML>0</SIGNATURE_THRESHOLD_ML>
		<SIGNATURE_THRESHOLD_SAM>0</SIGNATURE_THRESHOLD_SAM>
	</signature>
	<signature ID="20200804_142114510249_582">
		<MACROCLASSID>1</MACROCLASSID>
		<MACROCLASSINFO>MC 1</MACROCLASSINFO>
		<CLASSID>12</CLASSID>
		<CLASSINFO>C 1</CLASSINFO>
		<VALUES>[0.13148811263401713, 0.0020918755854240365, 0.12162068615611327, 0.0024224896595260435, 0.10940676697374921, 0.0035141375585508545, 0.1164580399146682, 0.012242748018847248, 0.07291380461761672, 0.009446721662008172, 0.04926316327052752, 0.005924531914073229]</VALUES>
		<LCS_MIN>[0.12529024481773376, 0.1140194982290268, 0.09935031831264496, 0.09627453237771988, 0.06026836857199669, 0.04121134802699089]</LCS_MIN>
		<LCS_MAX>[0.13989488780498505, 0.1329689770936966, 0.12464496493339539, 0.15972623229026794, 0.11262140423059464, 0.08313249051570892]</LCS_MAX>
		<WAVELENGTH>[0.48, 0.56, 0.655, 0.865, 1.61, 2.2]</WAVELENGTH>
		<MEAN_VALUE>[0.13148811263401713, 0.12162068615611327, 0.10940676697374921, 0.1164580399146682, 0.07291380461761672, 0.04926316327052752]</MEAN_VALUE>
		<CHECKBOX>2</CHECKBOX>
		<SD>[0.0020918755854240365, 0.0024224896595260435, 0.0035141375585508545, 0.012242748018847248, 0.009446721662008172, 0.005924531914073229]</SD>
		<WAVELENGTH_UNIT>E-6m</WAVELENGTH_UNIT>
		<COLOR>#9604dd</COLOR>
		<COVARIANCE_MATRIX>[[4.021231846654924e-06, 4.2643720436193815e-06, 5.486147720163566e-06, 9.198899493772295e-06, 1.044828924794912e-05, 7.740090671091532e-06], [4.2643720436193815e-06, 5.445201037808908e-06, 7.390881532135819e-06, 9.357026548904968e-06, 1.2141419148697375e-05, 9.20653592909259e-06], [5.486147720163566e-06, 7.390881532135819e-06, 1.2510450811083996e-05, 8.572884756187624e-06, 1.4070805319882778e-05, 1.1458512532606472e-05], [9.198899493772295e-06, 9.357026548904968e-06, 8.572884756187624e-06, 0.00014054769622127348, 9.908874545755388e-05, 5.5765248807372267e-05], [1.044828924794912e-05, 1.2141419148697375e-05, 1.4070805319882778e-05, 9.908874545755388e-05, 8.283802386926981e-05, 4.9818396588904433e-05], [7.740090671091532e-06, 9.20653592909259e-06, 1.1458512532606472e-05, 5.5765248807372267e-05, 4.9818396588904433e-05, 3.180884082353608e-05]]</COVARIANCE_MATRIX>
		<ROI_SIZE>823</ROI_SIZE>
		<MAX_VALUE>[0.13989488780498505, 0.1329689770936966, 0.12464496493339539, 0.15972623229026794, 0.11262140423059464, 0.08313249051570892]</MAX_VALUE>
		<MIN_VALUE>[0.12529024481773376, 0.1140194982290268, 0.09935031831264496, 0.09627453237771988, 0.06026836857199669, 0.04121134802699089]</MIN_VALUE>
		<SIGNATURE_THRESHOLD_MD>0</SIGNATURE_THRESHOLD_MD>
		<SIGNATURE_THRESHOLD_ML>0</SIGNATURE_THRESHOLD_ML>
		<SIGNATURE_THRESHOLD_SAM>0</SIGNATURE_THRESHOLD_SAM>
	</signature>
	<signature ID="20200804_142126362358_955">
		<MACROCLASSID>1</MACROCLASSID>
		<MACROCLASSINFO>MC 1</MACROCLASSINFO>
		<CLASSID>13</CLASSID>
		<CLASSINFO>C 1</CLASSINFO>
		<VALUES>[0.12605525416399452, 0.0015468058680830384, 0.11628469296458901, 0.0018369749773972297, 0.10288215909982182, 0.0037300696965511804, 0.08978683558410033, 0.011197598120792069, 0.048115433995229925, 0.008372461923360717, 0.031830542498635206, 0.00545843834515632]</VALUES>
		<LCS_MIN>[0.12275217473506927, 0.11264290660619736, 0.0957367941737175, 0.07536771893501282, 0.0402219332754612, 0.02658519148826599]</LCS_MIN>
		<LCS_MAX>[0.13559308648109436, 0.13038788735866547, 0.11868695914745331, 0.1339799016714096, 0.09111235290765762, 0.07181873172521591]</LCS_MAX>
		<WAVELENGTH>[0.48, 0.56, 0.655, 0.865, 1.61, 2.2]</WAVELENGTH>
		<MEAN_VALUE>[0.12605525416399452, 0.11628469296458901, 0.10288215909982182, 0.08978683558410033, 0.048115433995229925, 0.031830542498635206]</MEAN_VALUE>
		<CHECKBOX>2</CHECKBOX>
		<SD>[0.0015468058680830384, 0.0018369749773972297, 0.0037300696965511804, 0.011197598120792069, 0.008372461923360717, 0.00545843834515632]</SD>
		<WAVELENGTH_UNIT>E-6m</WAVELENGTH_UNIT>
		<COLOR>#506999</COLOR>
		<COVARIANCE_MATRIX>[[2.8671794772111236e-06, 2.898080245844995e-06, 5.38601926606304e-06, 1.0192485515523166e-05, 1.0168078620541795e-05, 7.651218753191356e-06], [2.898080245844995e-06, 4.281949367794369e-06, 6.400206674636151e-06, 1.1569012349801751e-05, 1.3241474333924187e-05, 9.993322402879976e-06], [5.38601926606304e-06, 6.400206674636151e-06, 1.543053054831624e-05, 2.7409013006939677e-05, 2.2843374472776797e-05, 1.6430089088157384e-05], [1.0192485515523166e-05, 1.1569012349801751e-05, 2.7409013006939677e-05, 0.00013527972403712922, 8.769030060483212e-05, 5.194060958945013e-05], [1.0168078620541795e-05, 1.3241474333924187e-05, 2.2843374472776797e-05, 8.769030060483212e-05, 8.642730833873782e-05, 5.489777748748818e-05], [7.651218753191356e-06, 9.993322402879976e-06, 1.6430089088157384e-05, 5.194060958945013e-05, 5.489777748748818e-05, 3.768168873533096e-05]]</COVARIANCE_MATRIX>
		<ROI_SIZE>1089</ROI_SIZE>
		<MAX_VALUE>[0.13559308648109436, 0.13038788735866547, 0.11868695914745331, 0.1339799016714096, 0.09111235290765762, 0.07181873172521591]</MAX_VALUE>
		<MIN_VALUE>[0.12275217473506927, 0.11264290660619736, 0.0957367941737175, 0.07536771893501282, 0.0402219332754612, 0.02658519148826599]</MIN_VALUE>
		<SIGNATURE_THRESHOLD_MD>0</SIGNATURE_THRESHOLD_MD>
		<SIGNATURE_THRESHOLD_ML>0</SIGNATURE_THRESHOLD_ML>
		<SIGNATURE_THRESHOLD_SAM>0</SIGNATURE_THRESHOLD_SAM>
	</signature>
	<signature ID="20200804_142144262999_957">
		<MACROCLASSID>1</MACROCLASSID>
		<MACROCLASSINFO>MC 1</MACROCLASSINFO>
		<CLASSID>14</CLASSID>
		<CLASSINFO>C 1</CLASSINFO>
		<VALUES>[0.1252077452747031, 0.0016849757280281953, 0.12089328457264086, 0.002963395475789761, 0.10191450812033177, 0.00415464473228056, 0.08658947987064687, 0.010724349054611627, 0.04307673134876501, 0.006655119125786451, 0.028004285342524783, 0.0034888127095335647]</VALUES>
		<LCS_MIN>[0.12098842859268188, 0.10614718496799469, 0.0925319567322731, 0.07605601102113724, 0.03688802197575569, 0.024584848433732986]</LCS_MIN>
		<LCS_MAX>[0.13598023355007172, 0.13823868334293365, 0.12307479977607727, 0.12748417258262634, 0.08721921592950821, 0.05702050030231476]</LCS_MAX>
		<WAVELENGTH>[0.48, 0.56, 0.655, 0.865, 1.61, 2.2]</WAVELENGTH>
		<MEAN_VALUE>[0.1252077452747031, 0.12089328457264086, 0.10191450812033177, 0.08658947987064687, 0.04307673134876501, 0.028004285342524783]</MEAN_VALUE>
		<CHECKBOX>2</CHECKBOX>
		<SD>[0.0016849757280281953, 0.002963395475789761, 0.00415464473228056, 0.010724349054611627, 0.006655119125786451, 0.0034888127095335647]</SD>
		<WAVELENGTH_UNIT>E-6m</WAVELENGTH_UNIT>
		<COLOR>#6d3301</COLOR>
		<COVARIANCE_MATRIX>[[2.8409772758813812e-06, 4.067588471200936e-06, 5.773683362025687e-06, 4.437065892650578e-06, 5.424004189187987e-07, 5.249968455389242e-07], [4.067588471200936e-06, 8.78738568698153e-06, 8.815849919695364e-06, -1.5755988024084006e-06, -4.204474764271948e-06, -2.060500984497639e-06], [5.773683362025687e-06, 8.815849919695364e-06, 1.7272223415324245e-05, 1.3022678102602027e-05, 1.3623396093667617e-06, 1.2031985284846584e-06], [4.437065892650578e-06, -1.5755988024084006e-06, 1.3022678102602027e-05, 0.00011508595958484251, 6.106903668860741e-05, 3.166481548695799e-05], [5.424004189187987e-07, -4.204474764271948e-06, 1.3623396093667617e-06, 6.106903668860741e-05, 4.4319222083950283e-05, 2.2880248718649813e-05], [5.249968455389242e-07, -2.060500984497639e-06, 1.2031985284846584e-06, 3.166481548695799e-05, 2.2880248718649813e-05, 1.217967705122245e-05]]</COVARIANCE_MATRIX>
		<ROI_SIZE>1549</ROI_SIZE>
		<MAX_VALUE>[0.13598023355007172, 0.13823868334293365, 0.12307479977607727, 0.12748417258262634, 0.08721921592950821, 0.05702050030231476]</MAX_VALUE>
		<MIN_VALUE>[0.12098842859268188, 0.10614718496799469, 0.0925319567322731, 0.07605601102113724, 0.03688802197575569, 0.024584848433732986]</MIN_VALUE>
		<SIGNATURE_THRESHOLD_MD>0</SIGNATURE_THRESHOLD_MD>
		<SIGNATURE_THRESHOLD_ML>0</SIGNATURE_THRESHOLD_ML>
		<SIGNATURE_THRESHOLD_SAM>0</SIGNATURE_THRESHOLD_SAM>
	</signature>
	<signature ID="20200804_143136554006_960">
		<MACROCLASSID>1</MACROCLASSID>
		<MACROCLASSINFO>MC 1</MACROCLASSINFO>
		<CLASSID>15</CLASSID>
		<CLASSINFO>C 1</CLASSINFO>
		<VALUES>[0.1264826018943348, 0.001235726566044172, 0.11844475173145042, 0.001702509534491662, 0.10687699641396363, 0.002915974236408105, 0.09475843999779471, 0.010282828306441295, 0.049824288852275175, 0.007752336784964408, 0.03262451051701193, 0.004518665479253181]</VALUES>
		<LCS_MIN>[0.12326838821172714, 0.1133527085185051, 0.09446776658296585, 0.08506830781698227, 0.0378989577293396, 0.02778969146311283]</LCS_MIN>
		<LCS_MAX>[0.13335613906383514, 0.12647323310375214, 0.12010655552148819, 0.13623833656311035, 0.09446776658296585, 0.059687621891498566]</LCS_MAX>
		<WAVELENGTH>[0.48, 0.56, 0.655, 0.865, 1.61, 2.2]</WAVELENGTH>
		<MEAN_VALUE>[0.1264826018943348, 0.11844475173145042, 0.10687699641396363, 0.09475843999779471, 0.049824288852275175, 0.03262451051701193]</MEAN_VALUE>
		<CHECKBOX>2</CHECKBOX>
		<SD>[0.001235726566044172, 0.001702509534491662, 0.002915974236408105, 0.010282828306441295, 0.007752336784964408, 0.004518665479253181]</SD>
		<WAVELENGTH_UNIT>E-6m</WAVELENGTH_UNIT>
		<COLOR>#e67ecb</COLOR>
		<COVARIANCE_MATRIX>[[1.3892590818645414e-06, 1.5233430310850023e-06, 2.7597794708303406e-06, 2.444169253085035e-06, 3.85131953350297e-06, 3.0803555670501143e-06], [1.5233430310850023e-06, 2.3685808487635706e-06, 3.505977565289774e-06, 1.474474417322167e-06, 4.011236761630384e-06, 3.469456430464503e-06], [2.7597794708303406e-06, 3.505977565289774e-06, 7.178316292830605e-06, 5.311660435327234e-06, 7.621080958215296e-06, 6.229167331804375e-06], [2.444169253085035e-06, 1.474474417322167e-06, 5.311660435327234e-06, 0.00010091376777601147, 6.832308600072788e-05, 3.761771876184826e-05], [3.85131953350297e-06, 4.011236761630384e-06, 7.621080958215296e-06, 6.832308600072788e-05, 6.147100547945922e-05, 3.561237850420706e-05], [3.0803555670501143e-06, 3.469456430464503e-06, 6.229167331804375e-06, 3.761771876184826e-05, 3.561237850420706e-05, 2.2086270821290383e-05]]</COVARIANCE_MATRIX>
		<ROI_SIZE>1003</ROI_SIZE>
		<MAX_VALUE>[0.13335613906383514, 0.12647323310375214, 0.12010655552148819, 0.13623833656311035, 0.09446776658296585, 0.059687621891498566]</MAX_VALUE>
		<MIN_VALUE>[0.12326838821172714, 0.1133527085185051, 0.09446776658296585, 0.08506830781698227, 0.0378989577293396, 0.02778969146311283]</MIN_VALUE>
		<SIGNATURE_THRESHOLD_MD>0</SIGNATURE_THRESHOLD_MD>
		<SIGNATURE_THRESHOLD_ML>0</SIGNATURE_THRESHOLD_ML>
		<SIGNATURE_THRESHOLD_SAM>0</SIGNATURE_THRESHOLD_SAM>
	</signature>
	<signature ID="20200804_143219332154_155">
		<MACROCLASSID>1</MACROCLASSID>
		<MACROCLASSINFO>MC 1</MACROCLASSINFO>
		<CLASSID>16</CLASSID>
		<CLASSINFO>C 1</CLASSINFO>
		<VALUES>[0.1260243625228489, 0.0025572294725408153, 0.11996903171936092, 0.0030825710976258806, 0.11261765561391439, 0.004726515231206918, 0.09035522145284124, 0.017038634317449324, 0.0504745257054564, 0.016484492759631767, 0.034887151435277486, 0.011075586679479431]</VALUES>
