<?xml version="1.0" ?>
<signaturelist MCID_LIST="[['1', 'waterbody', '#0000ff'], ['2', 'vegetation', '#00ff00'], ['3', 'barren', '#ffaa00'], ['4', 'builtup', '#ff0000']]">
	<signature ID="20190911_192810070112_196">
		<MACROCLASSID>1</MACROCLASSID>
		<MACROCLASSINFO>waterbody</MACROCLASSINFO>
		<CLASSID>1</CLASSID>
		<CLASSINFO>C 1</CLASSINFO>
		<VALUES>[832.5516775501029, 61.15940057559906, 1152.440891691064, 80.22548404085785, 1138.598176086469, 158.13244361677346, 602.4122945282614, 101.86651893735339, 380.77403737897043, 56.239703446529774, 301.4147714478712, 52.8693354139188]</VALUES>
		<LCS_MIN>[448.0, 673.0, 559.0, 342.0, 143.0, 94.0]</LCS_MIN>
		<LCS_MAX>[1263.0, 1534.0, 1549.0, 1025.0, 815.0, 597.0]</LCS_MAX>
		<WAVELENGTH>[0.48, 0.56, 0.655, 0.865, 1.61, 2.2]</WAVELENGTH>
		<MEAN_VALUE>[832.5516775501029, 1152.440891691064, 1138.598176086469, 602.4122945282614, 380.77403737897043, 301.4147714478712]</MEAN_VALUE>
		<CHECKBOX>2</CHECKBOX>
		<SD>[61.15940057559906, 80.22548404085785, 158.13244361677346, 101.86651893735339, 56.239703446529774, 52.8693354139188]</SD>
		<WAVELENGTH_UNIT>E-6m</WAVELENGTH_UNIT>
		<COLOR>#820f09</COLOR>
		<COVARIANCE_MATRIX>[[3248.8944544084206, 4011.826311235432, 5922.053466054687, -349.5506141509342, 1996.553782297955, 2178.7949130621746], [4011.826311235432, 5454.949684781335, 8972.041925420672, 829.890777936178, 2356.7882085017723, 2573.176570726932], [5922.053466054687, 8972.041925420672, 23530.568702411936, 8680.740818238233, 2745.675315373747, 3071.938857794626], [-349.5506141509342, 829.890777936178, 8680.740818238233, 10568.108370980859, -13.176045738825614, -544.1974422006415], [1996.553782297955, 2356.7882085017723, 2745.675315373747, -13.176045738825614, 2742.7017977353576, 2521.079593699214], [2178.7949130621746, 2573.176570726932, 3071.938857794626, -544.1974422006415, 2521.079593699214, 2467.7303929122563]]</COVARIANCE_MATRIX>
		<ROI_SIZE>139279</ROI_SIZE>
		<MAX_VALUE>[1263.0, 1534.0, 1549.0, 1025.0, 815.0, 597.0]</MAX_VALUE>
		<MIN_VALUE>[448.0, 673.0, 559.0, 342.0, 143.0, 94.0]</MIN_VALUE>
		<SIGNATURE_THRESHOLD_MD>0</SIGNATURE_THRESHOLD_MD>
		<SIGNATURE_THRESHOLD_ML>0</SIGNATURE_THRESHOLD_ML>
		<SIGNATURE_THRESHOLD_SAM>0</SIGNATURE_THRESHOLD_SAM>
	</signature>
	<signature ID="20190911_192826593128_199">
		<MACROCLASSID>1</MACROCLASSID>
		<MACROCLASSINFO>waterbody</MACROCLASSINFO>
		<CLASSID>2</CLASSID>
		<CLASSINFO>C 1</CLASSINFO>
		<VALUES>[701.3576287657921, 45.07042747806559, 999.699708454811, 46.05192288569386, 829.836734693877, 73.59513237741179, 636.4907677356651, 116.44508944341305, 322.61127308066114, 96.70557095169126, 224.37803692905732, 66.14589070220276]</VALUES>
		<LCS_MIN>[454.0, 810.0, 639.0, 437.0, 131.0, 77.0]</LCS_MIN>
		<LCS_MAX>[922.0, 1186.0, 1127.0, 1181.0, 857.0, 659.0]</LCS_MAX>
		<WAVELENGTH>[0.48, 0.56, 0.655, 0.865, 1.61, 2.2]</WAVELENGTH>
		<MEAN_VALUE>[701.3576287657921, 999.699708454811, 829.836734693877, 636.4907677356651, 322.61127308066114, 224.37803692905732]</MEAN_VALUE>
		<CHECKBOX>2</CHECKBOX>
		<SD>[45.07042747806559, 46.05192288569386, 73.59513237741179, 116.44508944341305, 96.70557095169126, 66.14589070220276]</SD>
		<WAVELENGTH_UNIT>E-6m</WAVELENGTH_UNIT>
		<COLOR>#662895</COLOR>
		<COVARIANCE_MATRIX>[[2027.054886524509, 2078.6693170982826, 2784.797207564856, -573.8652582239115, 333.73787009548613, 737.7100796898393], [2078.6693170982826, 2439.4080569803205, 3416.9997472769196, 296.4300560743676, 947.8816652254325, 1154.8206106520288], [2784.797207564856, 3416.9997472769196, 5927.08078355814, 2557.1161723410632, 2927.319211428873, 2683.674748377527], [-573.8652582239115, 296.4300560743676, 2557.1161723410632, 12990.39301975366, 10152.35350589018, 6787.900825905835], [333.73787009548613, 947.8816652254325, 2927.319211428873, 10152.35350589018, 9773.987870125613, 6983.116318643592], [737.7100796898393, 1154.8206106520288, 2683.674748377527, 6787.900825905835, 6983.116318643592, 5312.021457667245]]</COVARIANCE_MATRIX>
		<ROI_SIZE>14103</ROI_SIZE>
		<MAX_VALUE>[922.0, 1186.0, 1127.0, 1181.0, 857.0, 659.0]</MAX_VALUE>
		<MIN_VALUE>[454.0, 810.0, 639.0, 437.0, 131.0, 77.0]</MIN_VALUE>
		<SIGNATURE_THRESHOLD_MD>0</SIGNATURE_THRESHOLD_MD>
		<SIGNATURE_THRESHOLD_ML>0</SIGNATURE_THRESHOLD_ML>
		<SIGNATURE_THRESHOLD_SAM>0</SIGNATURE_THRESHOLD_SAM>
	</signature>
	<signature ID="20190911_192839157111_258">
		<MACROCLASSID>2</MACROCLASSID>
		<MACROCLASSINFO>vegetation</MACROCLASSINFO>
		<CLASSID>3</CLASSID>
		<CLASSINFO>C 1</CLASSINFO>
		<VALUES>[442.8931022029611, 62.83881470502693, 811.629469122428, 63.61095706644581, 648.011556518598, 98.62213186467078, 3049.8504875406256, 238.48296734550894, 1629.6442759118834, 174.03877955816438, 839.9187432286027, 145.53715242661826]</VALUES>
		<LCS_MIN>[316.0, 666.0, 476.0, 2386.0, 1170.0, 526.0]</LCS_MIN>
		<LCS_MAX>[717.0, 1094.0, 1136.0, 3384.0, 2164.0, 1329.0]</LCS_MAX>
		<WAVELENGTH>[0.48, 0.56, 0.655, 0.865, 1.61, 2.2]</WAVELENGTH>
		<MEAN_VALUE>[442.8931022029611, 811.629469122428, 648.011556518598, 3049.8504875406256, 1629.6442759118834, 839.9187432286027]</MEAN_VALUE>
		<CHECKBOX>2</CHECKBOX>
		<SD>[62.83881470502693, 63.61095706644581, 98.62213186467078, 238.48296734550894, 174.03877955816438, 145.53715242661826]</SD>
		<WAVELENGTH_UNIT>E-6m</WAVELENGTH_UNIT>
		<COLOR>#c53cf3</COLOR>
		<COVARIANCE_MATRIX>[[4110.220205317608, 3392.3499995456327, 5743.276935940255, -5199.914788008902, 7004.620737574826, 7722.1564163800485], [3392.3499995456327, 4092.4737120521613, 5904.014506386991, -3277.8263578673664, 6808.172781738965, 6796.58446127712], [5743.276935940255, 5904.014506386991, 10307.625745716963, -10834.841754497695, 9943.229900081253, 11546.806276306672], [-5199.914788008902, -3277.8263578673664, -10834.841754497695, 59061.78021774281, 10957.545073075444, -3834.442614691681], [7004.620737574826, 6808.172781738965, 9943.229900081253, 10957.545073075444, 29861.05803255704, 22425.54294223726], [7722.1564163800485, 6796.58446127712, 11546.806276306672, -3834.442614691681, 22425.54294223726, 21208.310606392777]]</COVARIANCE_MATRIX>
		<ROI_SIZE>9880</ROI_SIZE>
		<MAX_VALUE>[717.0, 1094.0, 1136.0, 3384.0, 2164.0, 1329.0]</MAX_VALUE>
		<MIN_VALUE>[316.0, 666.0, 476.0, 2386.0, 1170.0, 526.0]</MIN_VALUE>
		<SIGNATURE_THRESHOLD_MD>0</SIGNATURE_THRESHOLD_MD>
		<SIGNATURE_THRESHOLD_ML>0</SIGNATURE_THRESHOLD_ML>
		<SIGNATURE_THRESHOLD_SAM>0</SIGNATURE_THRESHOLD_SAM>
	</signature>
	<signature ID="20190911_192847540076_389">
		<MACROCLASSID>2</MACROCLASSID>
		<MACROCLASSINFO>vegetation</MACROCLASSINFO>
		<CLASSID>4</CLASSID>
		<CLASSINFO>C 1</CLASSINFO>
		<VALUES>[479.10042633822707, 60.685967845362846, 828.0606347702501, 53.254082198860026, 665.7721459024145, 85.02414571135415, 3135.599242065372, 253.33586523673972, 1700.2055897678874, 153.49027094654664, 882.893415442918, 125.197959815102]</VALUES>
		<LCS_MIN>[341.0, 654.0, 443.0, 2583.0, 1178.0, 550.0]</LCS_MIN>
		<LCS_MAX>[746.0, 1188.0, 1097.0, 3582.0, 2107.0, 1296.0]</LCS_MAX>
		<WAVELENGTH>[0.48, 0.56, 0.655, 0.865, 1.61, 2.2]</WAVELENGTH>
		<MEAN_VALUE>[479.10042633822707, 828.0606347702501, 665.7721459024145, 3135.599242065372, 1700.2055897678874, 882.893415442918]</MEAN_VALUE>
		<CHECKBOX>2</CHECKBOX>
		<SD>[60.685967845362846, 53.254082198860026, 85.02414571135415, 253.33586523673972, 153.49027094654664, 125.197959815102]</SD>
		<WAVELENGTH_UNIT>E-6m</WAVELENGTH_UNIT>
		<COLOR>#144d33</COLOR>
		<COVARIANCE_MATRIX>[[3715.0140295689407, 2469.8778643849464, 3944.5649915329736, -3286.0243490690236, 5451.932375736762, 5993.061969551532], [2469.8778643849464, 2958.1814129520603, 3950.4864782545696, -1358.4563526471347, 4706.026251914421, 4625.4518113268], [3944.5649915329736, 3950.4864782545696, 6833.160794949669, -7787.812410646267, 6054.1529493665, 7348.816216478557], [-3286.0243490690236, -1358.4563526471347, -7787.812410646267, 63562.4600467837, 17414.132350211163, 836.758726951973], [5451.932375736762, 4706.026251914421, 6054.1529493665, 17414.132350211163, 26788.85449714578, 18092.37065136678], [5993.061969551532, 4625.4518113268, 7348.816216478557, 836.758726951973, 18092.37065136678, 16082.184969612657]]</COVARIANCE_MATRIX>
		<ROI_SIZE>5920</ROI_SIZE>
		<MAX_VALUE>[746.0, 1188.0, 1097.0, 3582.0, 2107.0, 1296.0]</MAX_VALUE>
		<MIN_VALUE>[341.0, 654.0, 443.0, 2583.0, 1178.0, 550.0]</MIN_VALUE>
		<SIGNATURE_THRESHOLD_MD>0</SIGNATURE_THRESHOLD_MD>
		<SIGNATURE_THRESHOLD_ML>0</SIGNATURE_THRESHOLD_ML>
		<SIGNATURE_THRESHOLD_SAM>0</SIGNATURE_THRESHOLD_SAM>
	</signature>
	<signature ID="20190911_192852907803_323">
		<MACROCLASSID>2</MACROCLASSID>
		<MACROCLASSINFO>vegetation</MACROCLASSINFO>
		<CLASSID>5</CLASSID>
		<CLASSINFO>C 1</CLASSINFO>
		<VALUES>[400.73964297743277, 55.41212671555734, 768.1455035365435, 56.95963347756333, 583.5089255641635, 82.43139980076185, 3135.044459413947, 247.79079261574506, 1535.4732233075104, 166.35844555849994, 769.4705287975756, 117.64895129041253]</VALUES>
		<LCS_MIN>[257.0, 577.0, 373.0, 2566.0, 997.0, 486.0]</LCS_MIN>
		<LCS_MAX>[775.0, 1030.0, 970.0, 3565.0, 1929.0, 1206.0]</LCS_MAX>
		<WAVELENGTH>[0.48, 0.56, 0.655, 0.865, 1.61, 2.2]</WAVELENGTH>
		<MEAN_VALUE>[400.73964297743277, 768.1455035365435, 583.5089255641635, 3135.044459413947, 1535.4732233075104, 769.4705287975756]</MEAN_VALUE>
		<CHECKBOX>2</CHECKBOX>
		<SD>[55.41212671555734, 56.95963347756333, 82.43139980076185, 247.79079261574506, 166.35844555849994, 117.64895129041253]</SD>
		<WAVELENGTH_UNIT>E-6m</WAVELENGTH_UNIT>
		<COLOR>#7b1506</COLOR>
		<COVARIANCE_MATRIX>[[2681.9219246805756, 2337.5934406632923, 3479.4538108526635, -1017.5430993731311, 4987.492032768031, 4590.737532038591], [2337.5934406632923, 2858.861150284759, 3696.702434891931, 111.57707050128764, 5216.116006830292, 4464.668003112574], [3479.4538108526635, 3696.702434891931, 5815.186770673652, -4568.731180340989, 6450.177510197641, 6517.978591010577], [-1017.5430993731311, 111.57707050128764, -4568.731180340989, 57565.92254595563, 19112.69485825367, 3917.134692572659], [4987.492032768031, 5216.116006830292, 6450.177510197641, 19112.69485825367, 24093.305985160572, 15051.124057399164], [4590.737532038591, 4464.668003112574, 6517.978591010577, 3917.134692572659, 15051.124057399164, 11891.036324629054]]</COVARIANCE_MATRIX>
		<ROI_SIZE>16210</ROI_SIZE>
		<MAX_VALUE>[775.0, 1030.0, 970.0, 3565.0, 1929.0, 1206.0]</MAX_VALUE>
		<MIN_VALUE>[257.0, 577.0, 373.0, 2566.0, 997.0, 486.0]</MIN_VALUE>
		<SIGNATURE_THRESHOLD_MD>0</SIGNATURE_THRESHOLD_MD>
		<SIGNATURE_THRESHOLD_ML>0</SIGNATURE_THRESHOLD_ML>
		<SIGNATURE_THRESHOLD_SAM>0</SIGNATURE_THRESHOLD_SAM>
	</signature>
	<signature ID="20190911_192908758805_911">
		<MACROCLASSID>2</MACROCLASSID>
		<MACROCLASSINFO>vegetation</MACROCLASSINFO>
		<CLASSID>6</CLASSID>
		<CLASSINFO>C 1</CLASSINFO>
		<VALUES>[471.53931888544867, 57.127510700126294, 809.902167182663, 56.9969775007389, 632.9678018575834, 79.20594438435955, 3207.513312693498, 216.0510681858766, 1706.7999999999993, 141.11893936123397, 836.2699690402478, 105.25610310360312]</VALUES>
		<LCS_MIN>[330.0, 655.0, 441.0, 2901.0, 1221.0, 532.0]</LCS_MIN>
		<LCS_MAX>[761.0, 1045.0, 1030.0, 3901.0, 2150.0, 1303.0]</LCS_MAX>
		<WAVELENGTH>[0.48, 0.56, 0.655, 0.865, 1.61, 2.2]</WAVELENGTH>
		<MEAN_VALUE>[471.53931888544867, 809.902167182663, 632.9678018575834, 3207.513312693498, 1706.7999999999993, 836.2699690402478]</MEAN_VALUE>
		<CHECKBOX>2</CHECKBOX>
		<SD>[57.127510700126294, 56.9969775007389, 79.20594438435955, 216.0510681858766, 141.11893936123397, 105.25610310360312]</SD>
		<WAVELENGTH_UNIT>E-6m</WAVELENGTH_UNIT>
		<COLOR>#a14933</COLOR>
		<COVARIANCE_MATRIX>[[3131.4905390604995, 2644.776367686667, 3646.0688788700313, -2021.7466576878865, 4931.8860711182, 4744.075004953486], [2644.776367686667, 3215.7556358284633, 3883.649484586312, -696.6486608752452, 5504.812988944643, 4702.034455306846], [3646.0688788700313, 3883.649484586312, 5899.097525087089, -6104.758280592103, 6003.979785046698, 6330.014637518408], [-2021.7466576878865, -696.6486608752452, -6104.758280592103, 47467.78927111536, 12623.32047838139, 800.1536751923738], [4931.8860711182, 5504.812988944643, 6003.979785046698, 12623.32047838139, 23446.08397453066, 14599.343280959736], [4744.075004953486, 4702.034455306846, 6330.014637518408, 800.1536751923738, 14599.343280959736, 11811.38001856192]]</COVARIANCE_MATRIX>
		<ROI_SIZE>2594</ROI_SIZE>
		<MAX_VALUE>[761.0, 1045.0, 1030.0, 3901.0, 2150.0, 1303.0]</MAX_VALUE>
		<MIN_VALUE>[330.0, 655.0, 441.0, 2901.0, 1221.0, 532.0]</MIN_VALUE>
		<SIGNATURE_THRESHOLD_MD>0</SIGNATURE_THRESHOLD_MD>
		<SIGNATURE_THRESHOLD_ML>0</SIGNATURE_THRESHOLD_ML>
		<SIGNATURE_THRESHOLD_SAM>0</SIGNATURE_THRESHOLD_SAM>
	</signature>
	<signature ID="20190911_192926704507_819">
		<MACROCLASSID>3</MACROCLASSID>
		<MACROCLASSINFO>barren</MACROCLASSINFO>
		<CLASSID>7</CLASSID>
		<CLASSINFO>C 1</CLASSINFO>
		<VALUES>[613.9523076923074, 46.40503158293311, 909.9764102564098, 50.24574948152228, 965.114358974359, 86.65640224605518, 2042.4687179487112, 195.77824398105332, 1603.8410256410255, 147.37806036134094, 1065.4620512820545, 113.15161757524682]</VALUES>
		<LCS_MIN>[414.0, 722.0, 632.0, 1421.0, 983.0, 542.0]</LCS_MIN>
		<LCS_MAX>[823.0, 1156.0, 1326.0, 2413.0, 1979.0, 1482.0]</LCS_MAX>
		<WAVELENGTH>[0.48, 0.56, 0.655, 0.865, 1.61, 2.2]</WAVELENGTH>
		<MEAN_VALUE>[613.9523076923074, 909.9764102564098, 965.114358974359, 2042.4687179487112, 1603.8410256410255, 1065.4620512820545]</MEAN_VALUE>
		<CHECKBOX>2</CHECKBOX>
		<SD>[46.40503158293311, 50.24574948152228, 86.65640224605518, 195.77824398105332, 147.37806036134094, 113.15161757524682]</SD>
		<WAVELENGTH_UNIT>E-6m</WAVELENGTH_UNIT>
		<COLOR>#df8c96</COLOR>
		<COVARIANCE_MATRIX>[[2195.822331022506, 2297.393769350092, 3924.7415440266823, 645.9219403457934, 2660.195260203109, 3311.0447502417205], [2297.393769350092, 2818.351563482912, 4484.893486682389, 1610.2888435731898, 2881.1845299690763, 3483.3072952188436], [3924.7415440266823, 4484.893486682389, 8607.175445160548, -475.1209804990329, 4694.144182988992, 6730.023215089487], [645.9219403457934, 1610.2888435731898, -475.1209804990329, 35042.73796256479, 17104.986062364016, 6456.884060590954], [2660.195260203109, 2881.1845299690763, 4694.144182988992, 17104.986062364016, 20501.777766578194, 14109.731171692325], [3311.0447502417205, 3483.3072952188436, 6730.023215089487, 6456.884060590954, 14109.731171692325, 12709.543772865176]]</COVARIANCE_MATRIX>
		<ROI_SIZE>3310</ROI_SIZE>
		<MAX_VALUE>[823.0, 1156.0, 1326.0, 2413.0, 1979.0, 1482.0]</MAX_VALUE>
		<MIN_VALUE>[414.0, 722.0, 632.0, 1421.0, 983.0, 542.0]</MIN_VALUE>
		<SIGNATURE_THRESHOLD_MD>0</SIGNATURE_THRESHOLD_MD>
		<SIGNATURE_THRESHOLD_ML>0</SIGNATURE_THRESHOLD_ML>
		<SIGNATURE_THRESHOLD_SAM>0</SIGNATURE_THRESHOLD_SAM>
	</signature>
	<signature ID="20190911_192933109365_925">
		<MACROCLASSID>3</MACROCLASSID>
		<MACROCLASSINFO>barren</MACROCLASSINFO>
		<CLASSID>8</CLASSID>
		<CLASSINFO>C 1</CLASSINFO>
		<VALUES>[652.1826086956524, 59.432326529196004, 939.9652173913043, 59.89685778718972, 1022.15652173913, 115.30014452303219, 1844.8521739130424, 188.7066849108868, 1537.8, 149.6567783441425, 1039.9739130434782, 119.29192988992172]</VALUES>
		<LCS_MIN>[472.0, 773.0, 730.0, 1411.0, 1145.0, 709.0]</LCS_MIN>
		<LCS_MAX>[838.0, 1078.0, 1242.0, 2358.0, 2105.0, 1479.0]</LCS_MAX>
		<WAVELENGTH>[0.48, 0.56, 0.655, 0.865, 1.61, 2.2]</WAVELENGTH>
		<MEAN_VALUE>[652.1826086956524, 939.9652173913043, 1022.15652173913, 1844.8521739130424, 1537.8, 1039.9739130434782]</MEAN_VALUE>
		<CHECKBOX>2</CHECKBOX>
		<SD>[59.432326529196004, 59.89685778718972, 115.30014452303219, 188.7066849108868, 149.6567783441425, 119.29192988992172]</SD>
		<WAVELENGTH_UNIT>E-6m</WAVELENGTH_UNIT>
		<COLOR>#2bc1b2</COLOR>
		<COVARIANCE_MATRIX>[[3547.6258970951217, 3219.181051832162, 6168.010594266185, -3891.907385608506, 1861.447161572053, 3556.0135181317623], [3219.181051832162, 3603.3000949306997, 6365.018568445035, -3748.7780899943036, 1308.844541484717, 3183.7851148661475], [6168.010594266185, 6365.018568445035, 13352.176267324856, -9142.601215112965, 3563.472489082968, 7718.087070438576], [-3891.907385608506, -3748.7780899943036, -9142.601215112965, 35765.7160432884, 16254.476855895196, 5146.917524207331], [1861.447161572053, 1308.844541484717, 3563.472489082968, 16254.476855895196, 22494.955458515276, 15931.898689956328], [3556.0135181317623, 3183.7851148661475, 7718.087070438576, 5146.917524207331, 15931.898689956328, 14292.70674007974]]</COVARIANCE_MATRIX>
		<ROI_SIZE>230</ROI_SIZE>
		<MAX_VALUE>[838.0, 1078.0, 1242.0, 2358.0, 2105.0, 1479.0]</MAX_VALUE>
		<MIN_VALUE>[472.0, 773.0, 730.0, 1411.0, 1145.0, 709.0]</MIN_VALUE>
		<SIGNATURE_THRESHOLD_MD>0</SIGNATURE_THRESHOLD_MD>
		<SIGNATURE_THRESHOLD_ML>0</SIGNATURE_THRESHOLD_ML>
		<SIGNATURE_THRESHOLD_SAM>0</SIGNATURE_THRESHOLD_SAM>
	</signature>
	<signature ID="20190911_192950176163_531">
		<MACROCLASSID>4</MACROCLASSID>
		<MACROCLASSINFO>builtup</MACROCLASSINFO>
		<CLASSID>9</CLASSID>
		<CLASSINFO>C 1</CLASSINFO>
		<VALUES>[977.3334081724302, 76.14893412341955, 1088.377413560846, 91.44580482194858, 1282.3459811405485, 98.85174084886407, 1996.3738212842372, 145.6492410267434, 2659.7254153569775, 186.65218301217578, 2446.6427929950605, 224.57079663108132]</VALUES>
		<LCS_MIN>[756.0, 884.0, 877.0, 1634.5, 2262.5, 2060.5]</LCS_MIN>
		<LCS_MAX>[1454.0, 1588.0, 1823.0, 2602.0, 3245.0, 3057.0]</LCS_MAX>
		<WAVELENGTH>[0.48, 0.56, 0.655, 0.865, 1.61, 2.2]</WAVELENGTH>
		<MEAN_VALUE>[977.3334081724302, 1088.377413560846, 1282.3459811405485, 1996.3738212842372, 2659.7254153569775, 2446.6427929950605]</MEAN_VALUE>
		<CHECKBOX>2</CHECKBOX>
		<SD>[76.14893412341955, 91.44580482194858, 98.85174084886407, 145.6492410267434, 186.65218301217578, 224.57079663108132]</SD>
		<WAVELENGTH_UNIT>E-6m</WAVELENGTH_UNIT>
		<COLOR>#a465d9</COLOR>
		<COVARIANCE_MATRIX>[[5176.592084592336, 5745.220416756638, 4614.657393867495, 3241.402404315734, 681.8555184105518, 606.8677174646258], [5745.220416756638, 7416.610547877782, 5984.037759046463, 5353.775082762161, 1141.7091924977574, 682.9289028989942], [4614.657393867495, 5984.037759046463, 8943.387562734915, 2983.4321166364007, 5997.356530929873, 6399.939164061638], [3241.402404315734, 5353.775082762161, 2983.4321166364007, 22164.87851928869, 7113.004694698009, 1313.770807530047], [681.8555184105518, 1141.7091924977574, 5997.356530929873, 7113.004694698009, 34604.69562421813, 36953.33318545682], [606.8677174646258, 682.9289028989942, 6399.939164061638, 1313.770807530047, 36953.33318545682, 49956.62277704517]]</COVARIANCE_MATRIX>
		<ROI_SIZE>4606</ROI_SIZE>
		<MAX_VALUE>[1454.0, 1588.0, 1823.0, 2602.0, 3245.0, 3057.0]</MAX_VALUE>
		<MIN_VALUE>[756.0, 884.0, 877.0, 1634.5, 2262.5, 2060.5]</MIN_VALUE>
		<SIGNATURE_THRESHOLD_MD>0</SIGNATURE_THRESHOLD_MD>
		<SIGNATURE_THRESHOLD_ML>0</SIGNATURE_THRESHOLD_ML>
		<SIGNATURE_THRESHOLD_SAM>0</SIGNATURE_THRESHOLD_SAM>
	</signature>
	<signature ID="20190911_193018520184_396">
		<MACROCLASSID>4</MACROCLASSID>
		<MACROCLASSINFO>builtup</MACROCLASSINFO>
		<CLASSID>10</CLASSID>
		<CLASSINFO>C 1</CLASSINFO>
		<VALUES>[1084.3453650533218, 110.41304211831866, 1364.1168990976223, 160.9651560231313, 1479.5799835931075, 191.93589764191907, 2266.7670221493013, 207.87818918194327, 2245.6123872026214, 205.0813662390341, 1817.3753076292053, 250.44072398865237]</VALUES>
		<LCS_MIN>[787.0, 1012.0, 1144.5, 1829.5, 1771.5, 1318.0]</LCS_MIN>
		<LCS_MAX>[1585.5, 1981.0, 2097.5, 2823.0, 2767.5, 2312.0]</LCS_MAX>
		<WAVELENGTH>[0.48, 0.56, 0.655, 0.865, 1.61, 2.2]</WAVELENGTH>
		<MEAN_VALUE>[1084.3453650533218, 1364.1168990976223, 1479.5799835931075, 2266.7670221493013, 2245.6123872026214, 1817.3753076292053]</MEAN_VALUE>
		<CHECKBOX>2</CHECKBOX>
		<SD>[110.41304211831866, 160.9651560231313, 191.93589764191907, 207.87818918194327, 205.0813662390341, 250.44072398865237]</SD>
		<WAVELENGTH_UNIT>E-6m</WAVELENGTH_UNIT>
		<COLOR>#11f6b6</COLOR>
		<COVARIANCE_MATRIX>[[12201.048933754148, 15149.043337832429, 18724.518125539653, 3926.4534759237636, 7336.374946623722, 9877.189651468068], [15149.043337832429, 25931.053852117067, 29197.412645597688, 12354.505500282201, 2111.880324157326, -193.77174165612718], [18724.518125539653, 29197.412645597688, 36869.63460722468, 9930.379076634188, 6134.709599546587, 5790.9510734861715], [3926.4534759237636, 12354.505500282201, 9930.379076634188, 43248.82047150279, 9825.647100135915, -7230.333877367247], [7336.374946623722, 2111.880324157326, 6134.709599546587, 9825.647100135915, 42092.89745726868, 45082.58155406798], [9877.189651468068, -193.77174165612718, 5790.9510734861715, -7230.333877367247, 45082.58155406798, 62772.05094151037]]</COVARIANCE_MATRIX>
		<ROI_SIZE>1219</ROI_SIZE>
		<MAX_VALUE>[1585.5, 1981.0, 2097.5, 2823.0, 2767.5, 2312.0]</MAX_VALUE>
		<MIN_VALUE>[787.0, 1012.0, 1144.5, 1829.5, 1771.5, 1318.0]</MIN_VALUE>
		<SIGNATURE_THRESHOLD_MD>0</SIGNATURE_THRESHOLD_MD>
		<SIGNATURE_THRESHOLD_ML>0</SIGNATURE_THRESHOLD_ML>
		<SIGNATURE_THRESHOLD_SAM>0</SIGNATURE_THRESHOLD_SAM>
	</signature>
	<signature ID="20190911_193025983568_824">
		<MACROCLASSID>4</MACROCLASSID>
		<MACROCLASSINFO>builtup</MACROCLASSINFO>
		<CLASSID>11</CLASSID>
		<CLASSINFO>C 1</CLASSINFO>
		<VALUES>[1145.3945652173918, 100.86253167827036, 1485.0054347826092, 134.52418350885463, 1711.1749999999997, 174.90917930581793, 2347.582608695651, 195.6169746839446, 2639.7880434782633, 246.26182639550598, 2235.2782608695643, 243.03505688529037]</VALUES>
		<LCS_MIN>[858.5, 1102.5, 1250.5, 1937.5, 2217.0, 1840.0]</LCS_MIN>
		<LCS_MAX>[1484.0, 1895.5, 2149.5, 2792.0, 3179.0, 2802.0]</LCS_MAX>
		<WAVELENGTH>[0.48, 0.56, 0.655, 0.865, 1.61, 2.2]</WAVELENGTH>
		<MEAN_VALUE>[1145.3945652173918, 1485.0054347826092, 1711.1749999999997, 2347.582608695651, 2639.7880434782633, 2235.2782608695643]</MEAN_VALUE>
		<CHECKBOX>2</CHECKBOX>
		<SD>[100.86253167827036, 134.52418350885463, 174.90917930581793, 195.6169746839446, 246.26182639550598, 243.03505688529037]</SD>
		<WAVELENGTH_UNIT>E-6m</WAVELENGTH_UNIT>
		<COLOR>#d1b8fe</COLOR>
		<COVARIANCE_MATRIX>[[10195.414240551294, 13012.996761627352, 15804.698229847498, 11102.822998958036, 15930.394815051628, 17490.898138675762], [13012.996761627352, 18136.182432272428, 22566.047521786502, 16486.678199299047, 23574.421089087817, 24412.752841716403], [15804.698229847498, 22566.047521786502, 30659.872903050124, 21287.737145969495, 31060.99087690631, 31139.36241830066], [11102.822998958036, 16486.678199299047, 21287.737145969495, 38349.368977929335, 39664.56493321967, 31788.271625461777], [15930.394815051628, 23574.421089087817, 31060.99087690631, 39664.56493321967, 60777.011076773706, 55836.59178743962], [17490.898138675762, 24412.752841716403, 31139.36241830066, 31788.271625461777, 55836.59178743962, 59194.723055792376]]</COVARIANCE_MATRIX>
		<ROI_SIZE>460</ROI_SIZE>
		<MAX_VALUE>[1484.0, 1895.5, 2149.5, 2792.0, 3179.0, 2802.0]</MAX_VALUE>
		<MIN_VALUE>[858.5, 1102.5, 1250.5, 1937.5, 2217.0, 1840.0]</MIN_VALUE>
		<SIGNATURE_THRESHOLD_MD>0</SIGNATURE_THRESHOLD_MD>
		<SIGNATURE_THRESHOLD_ML>0</SIGNATURE_THRESHOLD_ML>
		<SIGNATURE_THRESHOLD_SAM>0</SIGNATURE_THRESHOLD_SAM>
	</signature>
	<signature ID="20190911_193050585658_820">
		<MACROCLASSID>4</MACROCLASSID>
		<MACROCLASSINFO>builtup</MACROCLASSINFO>
		<CLASSID>12</CLASSID>
		<CLASSINFO>C 1</CLASSINFO>
		<VALUES>[1967.8720930232557, 150.2591595715687, 2485.627906976745, 171.08759802494407, 2655.627906976744, 165.57212624304404, 3014.9651162790697, 125.24387351440976, 2902.1279069767443, 115.9673216312118, 3033.6860465116274, 228.52169057031347]</VALUES>
		<LCS_MIN>[1618.5, 2087.5, 2276.5, 2640.0, 2555.0, 2450.5]</LCS_MIN>
		<LCS_MAX>[2273.5, 2754.0, 2929.0, 3191.0, 3198.0, 3353.0]</LCS_MAX>
		<WAVELENGTH>[0.48, 0.56, 0.655, 0.865, 1.61, 2.2]</WAVELENGTH>
		<MEAN_VALUE>[1967.8720930232557, 2485.627906976745, 2655.627906976744, 3014.9651162790697, 2902.1279069767443, 3033.6860465116274]</MEAN_VALUE>
		<CHECKBOX>2</CHECKBOX>
		<SD>[150.2591595715687, 171.08759802494407, 165.57212624304404, 125.24387351440976, 115.9673216312118, 228.52169057031347]</SD>
		<WAVELENGTH_UNIT>E-6m</WAVELENGTH_UNIT>
		<COLOR>#8d8601</COLOR>
		<COVARIANCE_MATRIX>[[23115.38205980067, 25099.284606866, 24388.100083056477, 14384.6561461794, 8321.30841638981, 27680.214839424138], [25099.284606866, 29967.893964562565, 28528.62015503875, 17330.242663344412, 10533.334440753044, 32635.826827242516], [24388.100083056477, 28528.62015503875, 28066.846345514954, 18154.558139534878, 11795.50110741971, 32200.439922480622], [14384.6561461794, 17330.242663344412, 18154.558139534878, 16059.504706533771, 11692.587901439647, 20405.750692137317], [8321.30841638981, 10533.334440753044, 11795.50110741971, 11692.587901439647, 13768.620155038758, 20220.683970099664], [27680.214839424138, 32635.826827242516, 32200.439922480622, 20405.750692137317, 20220.683970099664, 53465.547895902564]]</COVARIANCE_MATRIX>
		<ROI_SIZE>43</ROI_SIZE>
		<MAX_VALUE>[2273.5, 2754.0, 2929.0, 3191.0, 3198.0, 3353.0]</MAX_VALUE>
		<MIN_VALUE>[1618.5, 2087.5, 2276.5, 2640.0, 2555.0, 2450.5]</MIN_VALUE>
		<SIGNATURE_THRESHOLD_MD>0</SIGNATURE_THRESHOLD_MD>
		<SIGNATURE_THRESHOLD_ML>0</SIGNATURE_THRESHOLD_ML>
		<SIGNATURE_THRESHOLD_SAM>0</SIGNATURE_THRESHOLD_SAM>
	</signature>
	<signature ID="20190911_193058041734_291">
		<MACROCLASSID>4</MACROCLASSID>
		<MACROCLASSINFO>builtup</MACROCLASSINFO>
		<CLASSID>13</CLASSID>
		<CLASSINFO>C 1</CLASSINFO>
		<VALUES>[1299.992424242424, 113.05909866566576, 1734.0909090909092, 131.2722393594559, 1974.5606060606065, 156.41011832609865, 2739.1515151515146, 166.93740819624614, 2894.537878787879, 162.1043974925096, 2321.2499999999995, 178.30120604123124]</VALUES>
		<LCS_MIN>[1003.5, 1394.5, 1493.0, 2412.5, 2541.0, 1854.5]</LCS_MIN>
		<LCS_MAX>[1503.5, 1983.0, 2298.0, 3090.5, 3371.0, 2733.5]</LCS_MAX>
		<WAVELENGTH>[0.48, 0.56, 0.655, 0.865, 1.61, 2.2]</WAVELENGTH>
		<MEAN_VALUE>[1299.992424242424, 1734.0909090909092, 1974.5606060606065, 2739.1515151515146, 2894.537878787879, 2321.2499999999995]</MEAN_VALUE>
		<CHECKBOX>2</CHECKBOX>
		<SD>[113.05909866566576, 131.2722393594559, 156.41011832609865, 166.93740819624614, 162.1043974925096, 178.30120604123124]</SD>
		<WAVELENGTH_UNIT>E-6m</WAVELENGTH_UNIT>
		<COLOR>#b68f77</COLOR>
		<COVARIANCE_MATRIX>[[12979.01148018648, 14212.700699300702, 16013.200466200466, -3182.9449883449884, 2558.196445221445, 4158.490384615385], [14212.700699300702, 17497.514685314683, 20253.909790209793, 304.0821678321678, 6913.596503496504, 8750.880769230773], [16013.200466200466, 20253.909790209793, 24840.496270396274, 2547.440675990677, 10906.266899766899, 13027.057692307693], [-3182.9449883449884, 304.0821678321678, 2547.440675990677, 28296.838228438213, 19771.478787878787, 14435.950000000004], [2558.196445221445, 6913.596503496504, 10906.266899766899, 19771.478787878787, 26682.110081585084, 26130.62884615384], [4158.490384615385, 8750.880769230773, 13027.057692307693, 14435.950000000004, 26130.62884615384, 32280.41730769231]]</COVARIANCE_MATRIX>
		<ROI_SIZE>66</ROI_SIZE>
		<MAX_VALUE>[1503.5, 1983.0, 2298.0, 3090.5, 3371.0, 2733.5]</MAX_VALUE>
		<MIN_VALUE>[1003.5, 1394.5, 1493.0, 2412.5, 2541.0, 1854.5]</MIN_VALUE>
		<SIGNATURE_THRESHOLD_MD>0</SIGNATURE_THRESHOLD_MD>
		<SIGNATURE_THRESHOLD_ML>0</SIGNATURE_THRESHOLD_ML>
		<SIGNATURE_THRESHOLD_SAM>0</SIGNATURE_THRESHOLD_SAM>
	</signature>
</signaturelist>
