<?xml version="1.0" ?>
<signaturelist MCID_LIST="[['1', 'waterbody', '#0000ff'], ['2', 'vegetation', '#00ff00'], ['3', 'barren', '#ffaa00'], ['4', 'builtup', '#ff0000']]">
	<signature ID="20190912_201007122183_361">
		<MACROCLASSID>1</MACROCLASSID>
		<MACROCLASSINFO>waterbody</MACROCLASSINFO>
		<CLASSID>1</CLASSID>
		<CLASSINFO>C 1</CLASSINFO>
		<VALUES>[582.0253553785672, 67.40214376474405, 678.5805524750494, 67.08162012279834, 433.0676983566898, 89.16849016398211, 312.1806129650183, 93.76333789281918, 134.4763585038808, 38.538732663659516, 86.01144268575447, 24.61770704752513]</VALUES>
		<LCS_MIN>[282.0, 538.5, 322.5, 195.0, 71.5, 56.0]</LCS_MIN>
		<LCS_MAX>[767.0, 965.0, 854.0, 723.0, 576.0, 529.0]</LCS_MAX>
		<WAVELENGTH>[0.48, 0.56, 0.655, 0.865, 1.61, 2.2]</WAVELENGTH>
		<MEAN_VALUE>[582.0253553785672, 678.5805524750494, 433.0676983566898, 312.1806129650183, 134.4763585038808, 86.01144268575447]</MEAN_VALUE>
		<CHECKBOX>2</CHECKBOX>
		<SD>[67.40214376474405, 67.08162012279834, 89.16849016398211, 93.76333789281918, 38.538732663659516, 24.61770704752513]</SD>
		<WAVELENGTH_UNIT>E-6m</WAVELENGTH_UNIT>
		<COLOR>#4ea750</COLOR>
		<COVARIANCE_MATRIX>[[4593.373086413145, 3895.267697793711, 4292.885828985546, 3472.466255385494, 1081.3737446217885, 462.85414293867296], [3895.267697793711, 4362.094867627711, 5348.206139440774, 4614.045309497225, 1665.0389331129186, 879.2210022110858], [4292.885828985546, 5348.206139440774, 7237.516256464583, 6499.934004603211, 2506.2604413885538, 1408.2497230469799], [3472.466255385494, 4614.045309497225, 6499.934004603211, 8653.753887588548, 3213.4420250536305, 1778.6877540633327], [1081.3737446217885, 1665.0389331129186, 2506.2604413885538, 3213.4420250536305, 1441.3421018086426, 863.5213260527603], [462.85414293867296, 879.2210022110858, 1408.2497230469799, 1778.6877540633327, 863.5213260527603, 564.2571254871788]]</COVARIANCE_MATRIX>
		<ROI_SIZE>99294</ROI_SIZE>
		<MAX_VALUE>[767.0, 965.0, 854.0, 723.0, 576.0, 529.0]</MAX_VALUE>
		<MIN_VALUE>[282.0, 538.5, 322.5, 195.0, 71.5, 56.0]</MIN_VALUE>
		<SIGNATURE_THRESHOLD_MD>0</SIGNATURE_THRESHOLD_MD>
		<SIGNATURE_THRESHOLD_ML>0</SIGNATURE_THRESHOLD_ML>
		<SIGNATURE_THRESHOLD_SAM>0</SIGNATURE_THRESHOLD_SAM>
	</signature>
	<signature ID="20190912_201021820989_429">
		<MACROCLASSID>1</MACROCLASSID>
		<MACROCLASSINFO>waterbody</MACROCLASSINFO>
		<CLASSID>2</CLASSID>
		<CLASSINFO>C 1</CLASSINFO>
		<VALUES>[701.4944013781229, 71.14537619398182, 974.8944875107675, 60.84509278141104, 802.5900086132638, 74.25910252145854, 489.34165948894554, 69.21041999006995, 185.00645994832078, 46.917911724754674, 114.17398794142974, 35.870714685749746]</VALUES>
		<LCS_MIN>[407.0, 730.0, 503.0, 401.0, 137.0, 72.0]</LCS_MIN>
		<LCS_MAX>[819.5, 1134.5, 1151.5, 917.0, 636.5, 561.0]</LCS_MAX>
		<WAVELENGTH>[0.48, 0.56, 0.655, 0.865, 1.61, 2.2]</WAVELENGTH>
		<MEAN_VALUE>[701.4944013781229, 974.8944875107675, 802.5900086132638, 489.34165948894554, 185.00645994832078, 114.17398794142974]</MEAN_VALUE>
		<CHECKBOX>2</CHECKBOX>
		<SD>[71.14537619398182, 60.84509278141104, 74.25910252145854, 69.21041999006995, 46.917911724754674, 35.870714685749746]</SD>
		<WAVELENGTH_UNIT>E-6m</WAVELENGTH_UNIT>
		<COLOR>#6e5a14</COLOR>
		<COVARIANCE_MATRIX>[[4356.509019998018, 3691.09993561987, 4060.4615029018605, -638.6511778604366, -363.04985396991646, -370.1853937415907], [3691.09993561987, 3270.3221624146963, 3722.8955810349244, -256.6559750427576, -143.07825658413202, -185.79989623661388], [4060.4615029018605, 3722.8955810349244, 4681.409597223296, 598.1509027537566, 421.0616420253387, 224.13514928589888], [-638.6511778604366, -256.6559750427576, 598.1509027537566, 4391.966647766422, 2932.2421317147086, 2151.9283537287492], [-363.04985396991646, -143.07825658413202, 421.0616420253387, 2932.2421317147086, 2341.5235796136253, 1737.6347627845234], [-370.1853937415907, -185.79989623661388, 224.13514928589888, 2151.9283537287492, 1737.6347627845234, 1382.1977636843017]]</COVARIANCE_MATRIX>
		<ROI_SIZE>26488</ROI_SIZE>
		<MAX_VALUE>[819.5, 1134.5, 1151.5, 917.0, 636.5, 561.0]</MAX_VALUE>
		<MIN_VALUE>[407.0, 730.0, 503.0, 401.0, 137.0, 72.0]</MIN_VALUE>
		<SIGNATURE_THRESHOLD_MD>0</SIGNATURE_THRESHOLD_MD>
		<SIGNATURE_THRESHOLD_ML>0</SIGNATURE_THRESHOLD_ML>
		<SIGNATURE_THRESHOLD_SAM>0</SIGNATURE_THRESHOLD_SAM>
	</signature>
	<signature ID="20190912_201033561945_846">
		<MACROCLASSID>1</MACROCLASSID>
		<MACROCLASSINFO>waterbody</MACROCLASSINFO>
		<CLASSID>3</CLASSID>
		<CLASSINFO>C 1</CLASSINFO>
		<VALUES>[723.4610427650841, 25.34174342423293, 984.7149970708864, 27.93896442083335, 872.3541300527248, 34.32622390474902, 657.5123022847105, 83.41572081448118, 252.09373169302864, 55.348377428480305, 141.02694786174567, 36.30254921241044]</VALUES>
		<LCS_MIN>[439.0, 796.0, 608.0, 522.0, 188.0, 103.0]</LCS_MIN>
		<LCS_MAX>[802.0, 1096.0, 1092.0, 1116.0, 711.0, 500.0]</LCS_MAX>
		<WAVELENGTH>[0.48, 0.56, 0.655, 0.865, 1.61, 2.2]</WAVELENGTH>
		<MEAN_VALUE>[723.4610427650841, 984.7149970708864, 872.3541300527248, 657.5123022847105, 252.09373169302864, 141.02694786174567]</MEAN_VALUE>
		<CHECKBOX>2</CHECKBOX>
		<SD>[25.34174342423293, 27.93896442083335, 34.32622390474902, 83.41572081448118, 55.348377428480305, 36.30254921241044]</SD>
		<WAVELENGTH_UNIT>E-6m</WAVELENGTH_UNIT>
		<COLOR>#4a235f</COLOR>
		<COVARIANCE_MATRIX>[[673.3208836551267, 596.776000282464, 550.8236742474076, 764.1783968415588, 261.20743679536315, 168.91364758734707], [596.776000282464, 721.1302998288784, 758.8201486420843, 841.3365811729149, 356.6109895493663, 249.46524324619773], [550.8236742474076, 758.8201486420843, 1116.3667743300073, 1111.2372002505292, 626.2117932095085, 451.13764676535413], [764.1783968415588, 841.3365811729149, 1111.2372002505292, 7026.023701809723, 4303.475628593384, 2576.535206129513], [261.20743679536315, 356.6109895493663, 626.2117932095085, 4303.475628593384, 3192.1549346916167, 1999.4305228172177], [168.91364758734707, 249.46524324619773, 451.13764676535413, 2576.535206129513, 1999.4305228172177, 1321.7945997845045]]</COVARIANCE_MATRIX>
		<ROI_SIZE>24038</ROI_SIZE>
		<MAX_VALUE>[802.0, 1096.0, 1092.0, 1116.0, 711.0, 500.0]</MAX_VALUE>
		<MIN_VALUE>[439.0, 796.0, 608.0, 522.0, 188.0, 103.0]</MIN_VALUE>
		<SIGNATURE_THRESHOLD_MD>0</SIGNATURE_THRESHOLD_MD>
		<SIGNATURE_THRESHOLD_ML>0</SIGNATURE_THRESHOLD_ML>
		<SIGNATURE_THRESHOLD_SAM>0</SIGNATURE_THRESHOLD_SAM>
	</signature>
	<signature ID="20190912_201126298185_710">
		<MACROCLASSID>2</MACROCLASSID>
		<MACROCLASSINFO>vegetation</MACROCLASSINFO>
		<CLASSID>4</CLASSID>
		<CLASSINFO>C 1</CLASSINFO>
		<VALUES>[201.8152505446622, 30.046599003006467, 496.8752069716775, 25.439168839246125, 269.3688017429198, 36.71565738560307, 2579.7908496731916, 160.01965076473704, 1258.541960784312, 118.58340419837488, 520.4075816993472, 74.57680793911177]</VALUES>
		<LCS_MIN>[73.0, 420.0, 176.0, 2265.0, 924.0, 356.0]</LCS_MIN>
		<LCS_MAX>[474.0, 693.0, 547.0, 3226.0, 1667.0, 959.0]</LCS_MAX>
		<WAVELENGTH>[0.48, 0.56, 0.655, 0.865, 1.61, 2.2]</WAVELENGTH>
		<MEAN_VALUE>[201.8152505446622, 496.8752069716775, 269.3688017429198, 2579.7908496731916, 1258.541960784312, 520.4075816993472]</MEAN_VALUE>
		<CHECKBOX>2</CHECKBOX>
		<SD>[30.046599003006467, 25.439168839246125, 36.71565738560307, 160.01965076473704, 118.58340419837488, 74.57680793911177]</SD>
		<WAVELENGTH_UNIT>E-6m</WAVELENGTH_UNIT>
		<COLOR>#bd6e33</COLOR>
		<COVARIANCE_MATRIX>[[938.318674048197, 641.173876411504, 929.5652964590912, -573.682845770797, 1799.1379344143222, 1230.2382271588829], [641.173876411504, 653.4344089336687, 837.1073208017906, -70.5398158269053, 2010.6876521197712, 1300.657234521081], [929.5652964590912, 837.1073208017906, 1343.1881646062072, -1354.4735590604191, 3332.3935775895407, 2304.0802415648745], [-573.682845770797, -70.5398158269053, -1354.4735590604191, 25366.370609178077, 271.71387913830773, -2527.468553743467], [1799.1379344143222, 2010.6876521197712, 3332.3935775895407, 271.71387913830773, 13640.729611754547, 8109.6539703124035], [1230.2382271588829, 1300.657234521081, 2304.0802415648745, -2527.468553743467, 8109.6539703124035, 5479.99442886032]]</COVARIANCE_MATRIX>
		<ROI_SIZE>113462</ROI_SIZE>
		<MAX_VALUE>[474.0, 693.0, 547.0, 3226.0, 1667.0, 959.0]</MAX_VALUE>
		<MIN_VALUE>[73.0, 420.0, 176.0, 2265.0, 924.0, 356.0]</MIN_VALUE>
		<SIGNATURE_THRESHOLD_MD>0</SIGNATURE_THRESHOLD_MD>
		<SIGNATURE_THRESHOLD_ML>0</SIGNATURE_THRESHOLD_ML>
		<SIGNATURE_THRESHOLD_SAM>0</SIGNATURE_THRESHOLD_SAM>
	</signature>
	<signature ID="20190912_201136863987_749">
		<MACROCLASSID>2</MACROCLASSID>
		<MACROCLASSINFO>vegetation</MACROCLASSINFO>
		<CLASSID>5</CLASSID>
		<CLASSINFO>C 1</CLASSINFO>
		<VALUES>[272.4485887096772, 50.272457046820236, 728.3770161290323, 51.612984776586266, 453.37298387096814, 69.17513709931778, 4235.139112903227, 262.63740797334054, 1987.2086693548374, 159.6039131038718, 855.9203629032259, 115.3590673682039]</VALUES>
		<LCS_MIN>[216.0, 614.0, 361.0, 3554.0, 1620.0, 690.0]</LCS_MIN>
		<LCS_MAX>[632.0, 929.0, 886.0, 4553.0, 2585.0, 1397.0]</LCS_MAX>
		<WAVELENGTH>[0.48, 0.56, 0.655, 0.865, 1.61, 2.2]</WAVELENGTH>
		<MEAN_VALUE>[272.4485887096772, 728.3770161290323, 453.37298387096814, 4235.139112903227, 1987.2086693548374, 855.9203629032259]</MEAN_VALUE>
		<CHECKBOX>2</CHECKBOX>
		<SD>[50.272457046820236, 51.612984776586266, 69.17513709931778, 262.63740797334054, 159.6039131038718, 115.3590673682039]</SD>
		<WAVELENGTH_UNIT>E-6m</WAVELENGTH_UNIT>
		<COLOR>#cb56d1</COLOR>
		<COVARIANCE_MATRIX>[[2529.870209913414, 1686.970966521272, 3114.6428074444193, -5031.560953826372, 4625.977943629763, 4131.580664488461], [1686.970966521272, 2666.5882905829885, 2603.3163511929947, -3923.35623433482, 4143.379372009375, 3223.1763716187625], [3114.6428074444193, 2603.3163511929947, 4790.02825021972, -9900.499971517853, 7849.231879251978, 6976.471711125939], [-5031.560953826372, -3923.35623433482, -9900.499971517853, 69048.01291868754, -6205.509380798152, -13028.173572230724], [4625.977943629763, 4143.379372009375, 7849.231879251978, -6205.509380798152, 25499.11382991276, 16763.233587163504], [4131.580664488461, 3223.1763716187625, 6976.471711125939, -13028.173572230724, 16763.233587163504, 13321.142995630025]]</COVARIANCE_MATRIX>
		<ROI_SIZE>992</ROI_SIZE>
		<MAX_VALUE>[632.0, 929.0, 886.0, 4553.0, 2585.0, 1397.0]</MAX_VALUE>
		<MIN_VALUE>[216.0, 614.0, 361.0, 3554.0, 1620.0, 690.0]</MIN_VALUE>
		<SIGNATURE_THRESHOLD_MD>0</SIGNATURE_THRESHOLD_MD>
		<SIGNATURE_THRESHOLD_ML>0</SIGNATURE_THRESHOLD_ML>
		<SIGNATURE_THRESHOLD_SAM>0</SIGNATURE_THRESHOLD_SAM>
	</signature>
	<signature ID="20190912_201150221472_716">
		<MACROCLASSID>2</MACROCLASSID>
		<MACROCLASSINFO>vegetation</MACROCLASSINFO>
		<CLASSID>6</CLASSID>
		<CLASSINFO>C 1</CLASSINFO>
		<VALUES>[228.4017774385265, 42.657293222500336, 466.55493157406806, 38.83572881701139, 299.4886047652791, 61.253288320278756, 2450.7490867455426, 208.0803258222325, 1336.469767188266, 200.55808706947033, 594.279346818606, 130.05847162724092]</VALUES>
		<LCS_MIN>[89.0, 347.0, 148.0, 1881.0, 789.0, 299.0]</LCS_MIN>
		<LCS_MAX>[488.0, 652.5, 661.0, 2878.5, 1787.5, 1117.5]</LCS_MAX>
		<WAVELENGTH>[0.48, 0.56, 0.655, 0.865, 1.61, 2.2]</WAVELENGTH>
		<MEAN_VALUE>[228.4017774385265, 466.55493157406806, 299.4886047652791, 2450.7490867455426, 1336.469767188266, 594.279346818606]</MEAN_VALUE>
		<CHECKBOX>2</CHECKBOX>
		<SD>[42.657293222500336, 38.83572881701139, 61.253288320278756, 208.0803258222325, 200.55808706947033, 130.05847162724092]</SD>
		<WAVELENGTH_UNIT>E-6m</WAVELENGTH_UNIT>
		<COLOR>#446661</COLOR>
		<COVARIANCE_MATRIX>[[1746.3716073034805, 1417.408283223535, 2323.654796828945, -897.7170515407495, 6713.218140018696, 4620.413515758214], [1417.408283223535, 1445.497329914127, 2114.0989493753, 956.3046305796684, 6516.110281027197, 4161.455826649701], [2323.654796828945, 2114.0989493753, 3572.001637619089, -1512.0855182602572, 10228.565233029776, 7019.238755406348], [-897.7170515407495, 956.3046305796684, -1512.0855182602572, 43968.29311851515, 5871.308471830545, -2436.540038221171], [6713.218140018696, 6516.110281027197, 10228.565233029776, 5871.308471830545, 38298.432414247996, 23605.96556497889], [4620.413515758214, 4161.455826649701, 7019.238755406348, -2436.540038221171, 23605.96556497889, 16016.213686719448]]</COVARIANCE_MATRIX>
		<ROI_SIZE>193190</ROI_SIZE>
		<MAX_VALUE>[488.0, 652.5, 661.0, 2878.5, 1787.5, 1117.5]</MAX_VALUE>
		<MIN_VALUE>[89.0, 347.0, 148.0, 1881.0, 789.0, 299.0]</MIN_VALUE>
		<SIGNATURE_THRESHOLD_MD>0</SIGNATURE_THRESHOLD_MD>
		<SIGNATURE_THRESHOLD_ML>0</SIGNATURE_THRESHOLD_ML>
		<SIGNATURE_THRESHOLD_SAM>0</SIGNATURE_THRESHOLD_SAM>
	</signature>
	<signature ID="20190912_201209005701_683">
		<MACROCLASSID>2</MACROCLASSID>
		<MACROCLASSINFO>vegetation</MACROCLASSINFO>
		<CLASSID>7</CLASSID>
		<CLASSINFO>C 1</CLASSINFO>
		<VALUES>[198.80905017921242, 38.977472684559935, 536.9482078853048, 37.75913816163547, 272.26048387096836, 39.751641355381516, 2751.9935483871077, 142.92255451537784, 1375.5741935483888, 130.94405648600085, 576.6939964157713, 79.00913925503019]</VALUES>
		<LCS_MIN>[59.0, 405.0, 143.0, 2516.0, 972.0, 390.0]</LCS_MIN>
		<LCS_MAX>[670.0, 767.0, 570.0, 3512.0, 1914.0, 1067.0]</LCS_MAX>
		<WAVELENGTH>[0.48, 0.56, 0.655, 0.865, 1.61, 2.2]</WAVELENGTH>
		<MEAN_VALUE>[198.80905017921242, 536.9482078853048, 272.26048387096836, 2751.9935483871077, 1375.5741935483888, 576.6939964157713]</MEAN_VALUE>
		<CHECKBOX>2</CHECKBOX>
		<SD>[38.977472684559935, 37.75913816163547, 39.751641355381516, 142.92255451537784, 130.94405648600085, 79.00913925503019]</SD>
		<WAVELENGTH_UNIT>E-6m</WAVELENGTH_UNIT>
		<COLOR>#8ba2c5</COLOR>
		<COVARIANCE_MATRIX>[[1499.6480986815452, 1229.023487094053, 1312.1974279702886, -86.3159040302793, 2412.5716104154394, 1622.8711299147242], [1229.023487094053, 1471.4239986640266, 1133.8893654172716, 522.4635353958658, 2311.4947521707404, 1545.456955970276], [1312.1974279702886, 1133.8893654172716, 1677.5093174042572, -233.380703855581, 4017.8974473759617, 2667.5667419850283], [-86.3159040302793, 522.4635353958658, -233.380703855581, 21225.52432510634, 4611.8684315300015, 301.28833157988663], [2412.5716104154394, 2311.4947521707404, 4017.8974473759617, 4611.8684315300015, 17180.344746916213, 9972.552809628733], [1622.8711299147242, 1545.456955970276, 2667.5667419850283, 301.28833157988663, 9972.552809628733, 6345.7327939734105]]</COVARIANCE_MATRIX>
		<ROI_SIZE>118180</ROI_SIZE>
		<MAX_VALUE>[670.0, 767.0, 570.0, 3512.0, 1914.0, 1067.0]</MAX_VALUE>
		<MIN_VALUE>[59.0, 405.0, 143.0, 2516.0, 972.0, 390.0]</MIN_VALUE>
		<SIGNATURE_THRESHOLD_MD>0</SIGNATURE_THRESHOLD_MD>
		<SIGNATURE_THRESHOLD_ML>0</SIGNATURE_THRESHOLD_ML>
		<SIGNATURE_THRESHOLD_SAM>0</SIGNATURE_THRESHOLD_SAM>
	</signature>
	<signature ID="20190912_201231643971_347">
		<MACROCLASSID>2</MACROCLASSID>
		<MACROCLASSINFO>vegetation</MACROCLASSINFO>
		<CLASSID>8</CLASSID>
		<CLASSINFO>C 1</CLASSINFO>
		<VALUES>[223.38041174689698, 17.565424286889595, 575.6141386618228, 25.350966482202, 383.3287920072653, 36.482584035384725, 3700.3330305782656, 263.9616575097418, 1764.8561913412084, 103.02918482101366, 736.921586436573, 74.33115772300974]</VALUES>
		<LCS_MIN>[171.5, 489.0, 285.5, 3124.0, 1343.0, 552.5]</LCS_MIN>
		<LCS_MAX>[374.0, 783.0, 856.0, 4124.0, 2308.0, 1254.0]</LCS_MAX>
		<WAVELENGTH>[0.48, 0.56, 0.655, 0.865, 1.61, 2.2]</WAVELENGTH>
		<MEAN_VALUE>[223.38041174689698, 575.6141386618228, 383.3287920072653, 3700.3330305782656, 1764.8561913412084, 736.921586436573]</MEAN_VALUE>
		<CHECKBOX>2</CHECKBOX>
		<SD>[17.565424286889595, 25.350966482202, 36.482584035384725, 263.9616575097418, 103.02918482101366, 74.33115772300974]</SD>
		<WAVELENGTH_UNIT>E-6m</WAVELENGTH_UNIT>
		<COLOR>#8b03a9</COLOR>
		<COVARIANCE_MATRIX>[[369.11685008794365, 362.6378493159992, 604.9766311475682, -903.44907325452, 1236.7189921836452, 1093.527688154496], [362.6378493159992, 762.7607735805082, 562.8516727732525, 2861.9205212059146, 1279.3854205579507, 751.602679639993], [604.9766311475682, 562.8516727732525, 1531.4421788424286, -3976.5502793606233, 2980.3415684716383, 2738.698141759576], [-903.44907325452, 2861.9205212059146, -3976.5502793606233, 68405.88961506233, 797.2396838021443, -8188.790694408862], [1236.7189921836452, 1279.3854205579507, 2980.3415684716383, 797.2396838021443, 11295.432014907276, 7151.3275897691765], [1093.527688154496, 751.602679639993, 2738.698141759576, -8188.790694408862, 7151.3275897691765, 6164.390179651131]]</COVARIANCE_MATRIX>
		<ROI_SIZE>13391</ROI_SIZE>
		<MAX_VALUE>[374.0, 783.0, 856.0, 4124.0, 2308.0, 1254.0]</MAX_VALUE>
		<MIN_VALUE>[171.5, 489.0, 285.5, 3124.0, 1343.0, 552.5]</MIN_VALUE>
		<SIGNATURE_THRESHOLD_MD>0</SIGNATURE_THRESHOLD_MD>
		<SIGNATURE_THRESHOLD_ML>0</SIGNATURE_THRESHOLD_ML>
		<SIGNATURE_THRESHOLD_SAM>0</SIGNATURE_THRESHOLD_SAM>
	</signature>
	<signature ID="20190912_201245497251_528">
		<MACROCLASSID>2</MACROCLASSID>
		<MACROCLASSINFO>vegetation</MACROCLASSINFO>
		<CLASSID>9</CLASSID>
		<CLASSINFO>C 1</CLASSINFO>
		<VALUES>[258.1266063779143, 34.92346512485855, 681.3215135649716, 64.88236460208115, 381.0152308424561, 55.439263208479055, 4328.381009043316, 238.84378053523199, 1901.652784388386, 127.79374372732619, 784.5209424083776, 94.8368180123434]</VALUES>
		<LCS_MIN>[196.0, 560.0, 255.0, 3750.0, 1524.0, 609.0]</LCS_MIN>
		<LCS_MAX>[494.0, 916.0, 679.0, 4750.0, 2411.0, 1283.0]</LCS_MAX>
		<WAVELENGTH>[0.48, 0.56, 0.655, 0.865, 1.61, 2.2]</WAVELENGTH>
		<MEAN_VALUE>[258.1266063779143, 681.3215135649716, 381.0152308424561, 4328.381009043316, 1901.652784388386, 784.5209424083776]</MEAN_VALUE>
		<CHECKBOX>2</CHECKBOX>
		<SD>[34.92346512485855, 64.88236460208115, 55.439263208479055, 238.84378053523199, 127.79374372732619, 94.8368180123434]</SD>
		<WAVELENGTH_UNIT>E-6m</WAVELENGTH_UNIT>
		<COLOR>#7e992a</COLOR>
		<COVARIANCE_MATRIX>[[1244.3634189123457, 1276.6871279750533, 1635.4247778418435, -3202.8437798894206, 2463.8436890452276, 2123.674912357941], [1276.6871279750533, 4140.082715635718, 2433.8369981518954, -5957.864464732064, 4662.702515173589, 3540.832070295223], [1635.4247778418435, 2433.8369981518954, 2905.2525538221857, -6376.311184577232, 4915.265631006367, 4105.140494801103], [-3202.8437798894206, -5957.864464732064, -6376.311184577232, 54912.728926802694, -2537.9496405101518, -7934.334405400031], [2463.8436890452276, 4662.702515173589, 4915.265631006367, -2537.9496405101518, 16225.505740124436, 10400.072103224751], [2123.674912357941, 3540.832070295223, 4105.140494801103, -7934.334405400031, 10400.072103224751, 8146.473145044505]]</COVARIANCE_MATRIX>
		<ROI_SIZE>20515</ROI_SIZE>
		<MAX_VALUE>[494.0, 916.0, 679.0, 4750.0, 2411.0, 1283.0]</MAX_VALUE>
		<MIN_VALUE>[196.0, 560.0, 255.0, 3750.0, 1524.0, 609.0]</MIN_VALUE>
		<SIGNATURE_THRESHOLD_MD>0</SIGNATURE_THRESHOLD_MD>
		<SIGNATURE_THRESHOLD_ML>0</SIGNATURE_THRESHOLD_ML>
		<SIGNATURE_THRESHOLD_SAM>0</SIGNATURE_THRESHOLD_SAM>
	</signature>
	<signature ID="20190912_201259412665_658">
		<MACROCLASSID>2</MACROCLASSID>
		<MACROCLASSINFO>vegetation</MACROCLASSINFO>
		<CLASSID>10</CLASSID>
		<CLASSINFO>C 1</CLASSINFO>
		<VALUES>[189.38119484046155, 29.742708928322962, 420.07179226069206, 27.01532915740568, 285.0461642905598, 49.08598171498999, 2487.508486082836, 212.11866650258392, 1357.780436750396, 132.8772781970064, 590.8238289205725, 99.80752618668797]</VALUES>
		<LCS_MIN>[115.0, 342.0, 175.0, 2046.0, 898.0, 350.0]</LCS_MIN>
		<LCS_MAX>[368.0, 593.0, 557.0, 3045.0, 1744.0, 1003.0]</LCS_MAX>
		<WAVELENGTH>[0.48, 0.56, 0.655, 0.865, 1.61, 2.2]</WAVELENGTH>
		<MEAN_VALUE>[189.38119484046155, 420.07179226069206, 285.0461642905598, 2487.508486082836, 1357.780436750396, 590.8238289205725]</MEAN_VALUE>
		<CHECKBOX>2</CHECKBOX>
		<SD>[29.742708928322962, 27.01532915740568, 49.08598171498999, 212.11866650258392, 132.8772781970064, 99.80752618668797]</SD>
		<WAVELENGTH_UNIT>E-6m</WAVELENGTH_UNIT>
		<COLOR>#d22b5b</COLOR>
		<COVARIANCE_MATRIX>[[900.0679791273943, 717.4939943977263, 1409.9309106300034, -4136.5225336958565, 3541.8879749973644, 2753.6156120542855], [717.4939943977263, 746.8489594242599, 1184.9996075090105, -2079.9190234390803, 3079.2001596394143, 2265.9518466796058], [1409.9309106300034, 1184.9996075090105, 2422.0546274431304, -7073.022718359146, 6153.297412681691, 4773.895289232457], [-4136.5225336958565, -2079.9190234390803, -7073.022718359146, 45041.715329052175, -15973.686222256043, -14460.773169177717], [3541.8879749973644, 3079.2001596394143, 6153.297412681691, -15973.686222256043, 18025.028576696914, 13111.705309449033], [2753.6156120542855, 2265.9518466796058, 4773.895289232457, -14460.773169177717, 13111.705309449033, 10072.883043037333]]</COVARIANCE_MATRIX>
		<ROI_SIZE>182591</ROI_SIZE>
		<MAX_VALUE>[368.0, 593.0, 557.0, 3045.0, 1744.0, 1003.0]</MAX_VALUE>
		<MIN_VALUE>[115.0, 342.0, 175.0, 2046.0, 898.0, 350.0]</MIN_VALUE>
		<SIGNATURE_THRESHOLD_MD>0</SIGNATURE_THRESHOLD_MD>
		<SIGNATURE_THRESHOLD_ML>0</SIGNATURE_THRESHOLD_ML>
		<SIGNATURE_THRESHOLD_SAM>0</SIGNATURE_THRESHOLD_SAM>
	</signature>
	<signature ID="20190912_201318205246_651">
		<MACROCLASSID>3</MACROCLASSID>
		<MACROCLASSINFO>barren</MACROCLASSINFO>
		<CLASSID>11</CLASSID>
		<CLASSINFO>C 1</CLASSINFO>
		<VALUES>[538.0937924784782, 37.49348582573072, 772.1653828726777, 42.72288041274702, 942.50022655188, 56.74945033411887, 1816.245582238334, 163.91655642172267, 2394.958314454014, 177.7005777062659, 1965.4150430448553, 140.98139712905999]</VALUES>
		<LCS_MIN>[463.0, 672.0, 791.0, 1444.0, 2068.0, 1787.0]</LCS_MIN>
		<LCS_MAX>[789.0, 986.0, 1241.0, 2267.0, 3064.0, 2645.0]</LCS_MAX>
		<WAVELENGTH>[0.48, 0.56, 0.655, 0.865, 1.61, 2.2]</WAVELENGTH>
		<MEAN_VALUE>[538.0937924784782, 772.1653828726777, 942.50022655188, 1816.245582238334, 2394.958314454014, 1965.4150430448553]</MEAN_VALUE>
		<CHECKBOX>2</CHECKBOX>
		<SD>[37.49348582573072, 42.72288041274702, 56.74945033411887, 163.91655642172267, 177.7005777062659, 140.98139712905999]</SD>
		<WAVELENGTH_UNIT>E-6m</WAVELENGTH_UNIT>
		<COLOR>#34846a</COLOR>
		<COVARIANCE_MATRIX>[[1436.3726147970865, 1468.9255960555051, 1682.5408345431006, 1081.3588953845751, 3258.2172905141183, 4511.0233125384175], [1468.9255960555051, 1828.4050003815962, 2203.3444040885256, 2213.1993548791897, 4493.725239259065, 5297.727393083161], [1682.5408345431006, 2203.3444040885256, 3298.5364604466995, 3213.2153136644997, 7042.783990502151, 6910.418614627559], [1081.3588953845751, 2213.1993548791897, 3213.2153136644997, 27521.616137473244, 24501.232522487277, 4340.179256356224], [3258.2172905141183, 4493.725239259065, 7042.783990502151, 24501.232522487277, 33251.48060190445, 15774.187014385927], [4511.0233125384175, 5297.727393083161, 6910.418614627559, 4340.179256356224, 15774.187014385927, 20960.431868633612]]</COVARIANCE_MATRIX>
		<ROI_SIZE>6949</ROI_SIZE>
		<MAX_VALUE>[789.0, 986.0, 1241.0, 2267.0, 3064.0, 2645.0]</MAX_VALUE>
		<MIN_VALUE>[463.0, 672.0, 791.0, 1444.0, 2068.0, 1787.0]</MIN_VALUE>
		<SIGNATURE_THRESHOLD_MD>0</SIGNATURE_THRESHOLD_MD>
		<SIGNATURE_THRESHOLD_ML>0</SIGNATURE_THRESHOLD_ML>
		<SIGNATURE_THRESHOLD_SAM>0</SIGNATURE_THRESHOLD_SAM>
	</signature>
	<signature ID="20190912_201329539880_881">
		<MACROCLASSID>3</MACROCLASSID>
		<MACROCLASSINFO>barren</MACROCLASSINFO>
		<CLASSID>12</CLASSID>
		<CLASSINFO>C 1</CLASSINFO>
		<VALUES>[445.01661538461514, 53.06604390979875, 691.7182769230765, 52.195974069184665, 816.4274461538474, 89.92413655932096, 2024.588307692311, 172.52900398812974, 2255.655138461523, 210.0648092515819, 1605.819323076924, 213.32880183958076]</VALUES>
		<LCS_MIN>[309.0, 547.0, 564.0, 1381.0, 1918.0, 1229.0]</LCS_MIN>
		<LCS_MAX>[644.0, 900.0, 1206.0, 2342.0, 2901.0, 2228.0]</LCS_MAX>
		<WAVELENGTH>[0.48, 0.56, 0.655, 0.865, 1.61, 2.2]</WAVELENGTH>
		<MEAN_VALUE>[445.01661538461514, 691.7182769230765, 816.4274461538474, 2024.588307692311, 2255.655138461523, 1605.819323076924]</MEAN_VALUE>
		<CHECKBOX>2</CHECKBOX>
		<SD>[53.06604390979875, 52.195974069184665, 89.92413655932096, 172.52900398812974, 210.0648092515819, 213.32880183958076]</SD>
		<WAVELENGTH_UNIT>E-6m</WAVELENGTH_UNIT>
		<COLOR>#cad360</COLOR>
		<COVARIANCE_MATRIX>[[2777.713955599356, 2009.494541623261, 3703.305398102753, -1362.5899275683653, 7186.278447754952, 9948.893349498101], [2009.494541623261, 2606.3777220931447, 4091.3790788240613, 2193.5142984465547, 6714.02225706734, 7705.180653156226], [3703.305398102753, 4091.3790788240613, 7931.546942350541, 1154.6388361925262, 14200.395463062212, 15084.418475802457], [-1362.5899275683653, 2193.5142984465547, 1154.6388361925262, 31158.984560052948, 10380.028531273818, -6159.453109625794], [7186.278447754952, 6714.02225706734, 14200.395463062212, 10380.028531273818, 42223.23540640079, 33484.543873835064], [9948.893349498101, 7705.180653156226, 15084.418475802457, -6159.453109625794, 33484.543873835064, 44377.578155308285]]</COVARIANCE_MATRIX>
		<ROI_SIZE>86865</ROI_SIZE>
		<MAX_VALUE>[644.0, 900.0, 1206.0, 2342.0, 2901.0, 2228.0]</MAX_VALUE>
		<MIN_VALUE>[309.0, 547.0, 564.0, 1381.0, 1918.0, 1229.0]</MIN_VALUE>
		<SIGNATURE_THRESHOLD_MD>0</SIGNATURE_THRESHOLD_MD>
		<SIGNATURE_THRESHOLD_ML>0</SIGNATURE_THRESHOLD_ML>
		<SIGNATURE_THRESHOLD_SAM>0</SIGNATURE_THRESHOLD_SAM>
	</signature>
	<signature ID="20190912_201345199751_961">
		<MACROCLASSID>3</MACROCLASSID>
		<MACROCLASSINFO>barren</MACROCLASSINFO>
		<CLASSID>13</CLASSID>
		<CLASSINFO>C 1</CLASSINFO>
		<VALUES>[1042.1873589164786, 47.97839640836891, 1401.363431151241, 75.3276438123016, 1814.4334085778771, 115.92796457130481, 3308.607223476299, 177.6461192793126, 4632.352144469528, 166.6025065286583, 3303.121896162529, 167.05312963548317]</VALUES>
		<LCS_MIN>[918.0, 1204.0, 1526.0, 2864.0, 4311.0, 2997.0]</LCS_MIN>
		<LCS_MAX>[1264.0, 1727.0, 2252.0, 3757.0, 5124.0, 3819.0]</LCS_MAX>
		<WAVELENGTH>[0.48, 0.56, 0.655, 0.865, 1.61, 2.2]</WAVELENGTH>
		<MEAN_VALUE>[1042.1873589164786, 1401.363431151241, 1814.4334085778771, 3308.607223476299, 4632.352144469528, 3303.121896162529]</MEAN_VALUE>
		<CHECKBOX>2</CHECKBOX>
		<SD>[47.97839640836891, 75.3276438123016, 115.92796457130481, 177.6461192793126, 166.6025065286583, 167.05312963548317]</SD>
		<WAVELENGTH_UNIT>E-6m</WAVELENGTH_UNIT>
		<COLOR>#7f1832</COLOR>
		<COVARIANCE_MATRIX>[[2307.13450047496, 2992.999627182007, 3917.470649520444, 3894.5466073562616, 4656.497221739885, 6481.49747198758], [2992.999627182007, 5687.091600870247, 8413.785568368692, 10390.24488013646, 7781.980327466982, 10815.231617008672], [3917.470649520444, 8413.785568368692, 13469.698609848525, 18404.555233241066, 12679.17734900871, 15518.039809811753], [3894.5466073562616, 10390.24488013646, 18404.555233241066, 31629.542210146778, 20071.301522935966, 18532.127171792483], [4656.497221739885, 7781.980327466982, 12679.17734900871, 20071.301522935966, 27819.19245579809, 22171.509014024086], [6481.49747198758, 10815.231617008672, 15518.039809811753, 18532.127171792483, 22171.509014024086, 27969.88556019734]]</COVARIANCE_MATRIX>
		<ROI_SIZE>443</ROI_SIZE>
		<MAX_VALUE>[1264.0, 1727.0, 2252.0, 3757.0, 5124.0, 3819.0]</MAX_VALUE>
		<MIN_VALUE>[918.0, 1204.0, 1526.0, 2864.0, 4311.0, 2997.0]</MIN_VALUE>
		<SIGNATURE_THRESHOLD_MD>0</SIGNATURE_THRESHOLD_MD>
		<SIGNATURE_THRESHOLD_ML>0</SIGNATURE_THRESHOLD_ML>
		<SIGNATURE_THRESHOLD_SAM>0</SIGNATURE_THRESHOLD_SAM>
	</signature>
	<signature ID="20190912_201353141276_173">
		<MACROCLASSID>3</MACROCLASSID>
		<MACROCLASSINFO>barren</MACROCLASSINFO>
		<CLASSID>14</CLASSID>
		<CLASSINFO>C 1</CLASSINFO>
		<VALUES>[1101.6716557530408, 58.90146320586391, 1534.147801683817, 84.6857540473748, 2026.5434985968159, 117.54788538139647, 3515.047708138447, 138.5964340494735, 4591.975678203929, 150.5628087245718, 3319.8250701590296, 166.33180597885385]</VALUES>
		<LCS_MIN>[897.0, 1311.0, 1705.0, 3269.0, 4205.0, 2915.0]</LCS_MIN>
		<LCS_MAX>[1243.0, 1741.0, 2290.0, 3867.0, 5012.0, 3792.0]</LCS_MAX>
		<WAVELENGTH>[0.48, 0.56, 0.655, 0.865, 1.61, 2.2]</WAVELENGTH>
		<MEAN_VALUE>[1101.6716557530408, 1534.147801683817, 2026.5434985968159, 3515.047708138447, 4591.975678203929, 3319.8250701590296]</MEAN_VALUE>
		<CHECKBOX>2</CHECKBOX>
		<SD>[58.90146320586391, 84.6857540473748, 117.54788538139647, 138.5964340494735, 150.5628087245718, 166.33180597885385]</SD>
		<WAVELENGTH_UNIT>E-6m</WAVELENGTH_UNIT>
		<COLOR>#705454</COLOR>
		<COVARIANCE_MATRIX>[[3472.6308531547916, 4738.013931077732, 6392.7544644264835, 5701.309686850745, 4949.535077761779, 7495.960299275109], [4738.013931077732, 7178.391991885726, 9821.7772726795, 8595.30661246641, 6372.116894048482, 10941.484680631902], [6392.7544644264835, 9821.7772726795, 13830.443096737123, 12853.704383493974, 9161.293193786065, 14591.902279248696], [5701.309686850745, 8595.30661246641, 12853.704383493974, 19226.957459630088, 14063.159401134451, 12406.506480732103], [4949.535077761779, 6372.116894048482, 9161.293193786065, 14063.159401134451, 22690.385175686613, 17785.627763880282], [7495.960299275109, 10941.484680631902, 14591.902279248696, 12406.506480732103, 17785.627763880282, 27692.174427078407]]</COVARIANCE_MATRIX>
		<ROI_SIZE>1069</ROI_SIZE>
		<MAX_VALUE>[1243.0, 1741.0, 2290.0, 3867.0, 5012.0, 3792.0]</MAX_VALUE>
		<MIN_VALUE>[897.0, 1311.0, 1705.0, 3269.0, 4205.0, 2915.0]</MIN_VALUE>
		<SIGNATURE_THRESHOLD_MD>0</SIGNATURE_THRESHOLD_MD>
		<SIGNATURE_THRESHOLD_ML>0</SIGNATURE_THRESHOLD_ML>
		<SIGNATURE_THRESHOLD_SAM>0</SIGNATURE_THRESHOLD_SAM>
	</signature>
	<signature ID="20190912_201415137170_595">
		<MACROCLASSID>3</MACROCLASSID>
		<MACROCLASSINFO>barren</MACROCLASSINFO>
		<CLASSID>15</CLASSID>
		<CLASSINFO>C 1</CLASSINFO>
		<VALUES>[852.9475862068967, 54.99523918717021, 1262.2114942528733, 73.0387228824269, 1646.2524137931027, 105.01377780394508, 2691.6004597701167, 205.81570798887273, 4016.44735632184, 252.29589062060722, 3285.244597701146, 235.2379239442898]</VALUES>
		<LCS_MIN>[676.0, 1051.0, 1329.0, 2163.0, 3538.0, 2717.0]</LCS_MIN>
		<LCS_MAX>[1028.0, 1560.0, 2040.0, 3055.0, 4537.0, 3715.0]</LCS_MAX>
		<WAVELENGTH>[0.48, 0.56, 0.655, 0.865, 1.61, 2.2]</WAVELENGTH>
		<MEAN_VALUE>[852.9475862068967, 1262.2114942528733, 1646.2524137931027, 2691.6004597701167, 4016.44735632184, 3285.244597701146]</MEAN_VALUE>
		<CHECKBOX>2</CHECKBOX>
		<SD>[54.99523918717021, 73.0387228824269, 105.01377780394508, 205.81570798887273, 252.29589062060722, 235.2379239442898]</SD>
		<WAVELENGTH_UNIT>E-6m</WAVELENGTH_UNIT>
		<COLOR>#884c5a</COLOR>
		<COVARIANCE_MATRIX>[[2981.9659190833613, 3545.26224430736, 4478.778613582359, 1742.6199879612157, 3983.6094907509723, 10845.838674176175], [3545.26224430736, 5134.917876543521, 7055.823836584014, 7176.540112095401, 9070.014565035746, 11629.321806828008], [4478.778613582359, 7055.823836584014, 10879.55503171757, 14456.73435063172, 17933.839871582786, 12868.93201443391], [1742.6199879612157, 7176.540112095401, 14456.73435063172, 44745.177682575966, 43648.52314677425, -8088.4007600009245], [3983.6094907509723, 9070.014565035746, 17933.839871582786, 43648.52314677425, 61645.269476786394, 3716.570944539507], [10845.838674176175, 11629.321806828008, 12868.93201443391, -8088.4007600009245, 3716.570944539507, 53998.539731358294]]</COVARIANCE_MATRIX>
		<ROI_SIZE>4358</ROI_SIZE>
		<MAX_VALUE>[1028.0, 1560.0, 2040.0, 3055.0, 4537.0, 3715.0]</MAX_VALUE>
		<MIN_VALUE>[676.0, 1051.0, 1329.0, 2163.0, 3538.0, 2717.0]</MIN_VALUE>
		<SIGNATURE_THRESHOLD_MD>0</SIGNATURE_THRESHOLD_MD>
		<SIGNATURE_THRESHOLD_ML>0</SIGNATURE_THRESHOLD_ML>
		<SIGNATURE_THRESHOLD_SAM>0</SIGNATURE_THRESHOLD_SAM>
	</signature>
	<signature ID="20190912_201430646038_231">
		<MACROCLASSID>3</MACROCLASSID>
		<MACROCLASSINFO>barren</MACROCLASSINFO>
		<CLASSID>16</CLASSID>
		<CLASSINFO>C 1</CLASSINFO>
		<VALUES>[801.0265419615786, 55.495520850357785, 1193.5389282103135, 72.60887192602559, 1582.7760364004039, 112.81341419668357, 3075.689079878663, 183.37179240221033, 4150.049544994953, 230.65540344596795, 2777.400404448943, 213.218452847828]</VALUES>
		<LCS_MIN>[605.0, 985.0, 1252.0, 2686.0, 3686.0, 2243.0]</LCS_MIN>
		<LCS_MAX>[987.0, 1549.0, 2132.0, 3666.0, 4682.0, 3237.0]</LCS_MAX>
		<WAVELENGTH>[0.48, 0.56, 0.655, 0.865, 1.61, 2.2]</WAVELENGTH>
		<MEAN_VALUE>[801.0265419615786, 1193.5389282103135, 1582.7760364004039, 3075.689079878663, 4150.049544994953, 2777.400404448943]</MEAN_VALUE>
		<CHECKBOX>2</CHECKBOX>
		<SD>[55.495520850357785, 72.60887192602559, 112.81341419668357, 183.37179240221033, 230.65540344596795, 213.218452847828]</SD>
		<WAVELENGTH_UNIT>E-6m</WAVELENGTH_UNIT>
		<COLOR>#d19736</COLOR>
		<COVARIANCE_MATRIX>[[3164.1333381348386, 3701.1118160304395, 5409.332129982603, 4359.899499571217, 7951.58628985339, 9460.501199357775], [3701.1118160304395, 5435.293518149676, 7997.964528047414, 7667.154932635064, 8149.317065291074, 10633.933003249615], [5409.332129982603, 7997.964528047414, 12806.547974678559, 12410.100445409784, 14070.41371084911, 15444.216653626201], [4359.899499571217, 7667.154932635064, 12410.100445409784, 32132.996495357307, 15708.446325294019, 9202.554427560597], [7951.58628985339, 8149.317065291074, 14070.41371084911, 15708.446325294019, 52118.84686494681, 38113.016111147284], [9460.501199357775, 10633.933003249615, 15444.216653626201, 9202.554427560597, 38113.016111147284, 45431.02401016003]]</COVARIANCE_MATRIX>
		<ROI_SIZE>22829</ROI_SIZE>
		<MAX_VALUE>[987.0, 1549.0, 2132.0, 3666.0, 4682.0, 3237.0]</MAX_VALUE>
		<MIN_VALUE>[605.0, 985.0, 1252.0, 2686.0, 3686.0, 2243.0]</MIN_VALUE>
		<SIGNATURE_THRESHOLD_MD>0</SIGNATURE_THRESHOLD_MD>
		<SIGNATURE_THRESHOLD_ML>0</SIGNATURE_THRESHOLD_ML>
		<SIGNATURE_THRESHOLD_SAM>0</SIGNATURE_THRESHOLD_SAM>
	</signature>
	<signature ID="20190912_201438380650_746">
		<MACROCLASSID>3</MACROCLASSID>
		<MACROCLASSINFO>barren</MACROCLASSINFO>
		<CLASSID>17</CLASSID>
		<CLASSINFO>C 1</CLASSINFO>
		<VALUES>[912.3017848164893, 58.285952438957175, 1336.867269984919, 68.70099362839264, 1753.1334841628955, 107.1945783701444, 3093.9557566616304, 167.0644075432172, 4239.789718451491, 245.37627007087957, 3068.017722473594, 214.3303844546871]</VALUES>
		<LCS_MIN>[699.0, 1067.5, 1360.5, 2651.5, 3721.5, 2496.5]</LCS_MIN>
		<LCS_MAX>[1104.5, 1657.0, 2097.5, 3621.5, 4721.5, 3491.0]</LCS_MAX>
		<WAVELENGTH>[0.48, 0.56, 0.655, 0.865, 1.61, 2.2]</WAVELENGTH>
		<MEAN_VALUE>[912.3017848164893, 1336.867269984919, 1753.1334841628955, 3093.9557566616304, 4239.789718451491, 3068.017722473594]</MEAN_VALUE>
		<CHECKBOX>2</CHECKBOX>
		<SD>[58.285952438957175, 68.70099362839264, 107.1945783701444, 167.0644075432172, 245.37627007087957, 214.3303844546871]</SD>
		<WAVELENGTH_UNIT>E-6m</WAVELENGTH_UNIT>
		<COLOR>#925c55</COLOR>
		<COVARIANCE_MATRIX>[[3181.7765445818804, 3377.4426862725177, 4766.927763015682, 3722.7266844761734, 7496.483168532105, 8281.90884672434], [3377.4426862725177, 4617.521857886155, 6959.159337977771, 6275.941971330412, 8685.460257163586, 10365.180949241669], [4766.927763015682, 6959.159337977771, 11446.203721176424, 11577.810255122156, 14268.07115688743, 15461.013299364544], [3722.7266844761734, 6275.941971330412, 11577.810255122156, 26192.534145139583, 22126.46063684194, 9461.257722480232], [7496.483168532105, 8685.460257163586, 14268.07115688743, 22126.46063684194, 58049.60573781066, 38353.40025023182], [8281.90884672434, 10365.180949241669, 15461.013299364544, 9461.257722480232, 38353.40025023182, 45218.65813044107]]</COVARIANCE_MATRIX>
		<ROI_SIZE>11006</ROI_SIZE>
		<MAX_VALUE>[1104.5, 1657.0, 2097.5, 3621.5, 4721.5, 3491.0]</MAX_VALUE>
		<MIN_VALUE>[699.0, 1067.5, 1360.5, 2651.5, 3721.5, 2496.5]</MIN_VALUE>
		<SIGNATURE_THRESHOLD_MD>0</SIGNATURE_THRESHOLD_MD>
		<SIGNATURE_THRESHOLD_ML>0</SIGNATURE_THRESHOLD_ML>
		<SIGNATURE_THRESHOLD_SAM>0</SIGNATURE_THRESHOLD_SAM>
	</signature>
	<signature ID="20190912_201452637638_116">
		<MACROCLASSID>3</MACROCLASSID>
		<MACROCLASSINFO>barren</MACROCLASSINFO>
		<CLASSID>18</CLASSID>
		<CLASSINFO>C 1</CLASSINFO>
		<VALUES>[842.1519230769231, 57.09893232999068, 1319.6346153846143, 74.90055685480424, 1706.2638461538488, 114.94316488786018, 3149.425000000005, 142.2427710411374, 4348.269999999997, 238.54244458634798, 3107.540000000005, 225.19316480951005]</VALUES>
		<LCS_MIN>[663.0, 1081.0, 1358.0, 2692.0, 3795.0, 2622.0]</LCS_MIN>
		<LCS_MAX>[999.0, 1564.0, 2093.0, 3614.0, 4793.0, 3622.0]</LCS_MAX>
		<WAVELENGTH>[0.48, 0.56, 0.655, 0.865, 1.61, 2.2]</WAVELENGTH>
		<MEAN_VALUE>[842.1519230769231, 1319.6346153846143, 1706.2638461538488, 3149.425000000005, 4348.269999999997, 3107.540000000005]</MEAN_VALUE>
		<CHECKBOX>2</CHECKBOX>
		<SD>[57.09893232999068, 74.90055685480424, 114.94316488786018, 142.2427710411374, 238.54244458634798, 225.19316480951005]</SD>
		<WAVELENGTH_UNIT>E-6m</WAVELENGTH_UNIT>
		<COLOR>#786587</COLOR>
		<COVARIANCE_MATRIX>[[3591.6704050035005, 4272.861331586535, 6289.473899268241, 6482.410906484736, 8575.725202513979, 8860.852482843746], [4272.861331586535, 6616.257981143565, 9743.721874383202, 9270.974872357034, 8750.886880831113, 9792.608660364569], [6289.473899268241, 9743.721874383202, 14936.185621280798, 14535.939380158503, 14643.742098931021, 15802.766433827086], [6482.410906484736, 9270.974872357034, 14535.939380158503, 22708.35903836246, 20908.275134121955, 17283.134637902043], [8575.725202513979, 8750.886880831113, 14643.742098931021, 20908.275134121955, 58197.44119101597, 46301.67028267536], [8860.852482843746, 9792.608660364569, 15802.766433827086, 17283.134637902043, 46301.67028267536, 49027.099984134526]]</COVARIANCE_MATRIX>
		<ROI_SIZE>7650</ROI_SIZE>
		<MAX_VALUE>[999.0, 1564.0, 2093.0, 3614.0, 4793.0, 3622.0]</MAX_VALUE>
		<MIN_VALUE>[663.0, 1081.0, 1358.0, 2692.0, 3795.0, 2622.0]</MIN_VALUE>
		<SIGNATURE_THRESHOLD_MD>0</SIGNATURE_THRESHOLD_MD>
		<SIGNATURE_THRESHOLD_ML>0</SIGNATURE_THRESHOLD_ML>
		<SIGNATURE_THRESHOLD_SAM>0</SIGNATURE_THRESHOLD_SAM>
	</signature>
	<signature ID="20190912_201504569516_640">
		<MACROCLASSID>3</MACROCLASSID>
		<MACROCLASSINFO>barren</MACROCLASSINFO>
		<CLASSID>19</CLASSID>
		<CLASSINFO>C 1</CLASSINFO>
		<VALUES>[708.032223796034, 61.81394014908316, 1109.4346671388112, 73.33178208795344, 1363.7009560906497, 114.35993504776238, 2704.9495396600632, 136.31405284090317, 3683.819405099148, 262.6055547228915, 2455.3657932011447, 220.24810576563615]</VALUES>
		<LCS_MIN>[495.0, 841.0, 943.0, 2129.0, 3095.0, 1884.0]</LCS_MIN>
		<LCS_MAX>[985.0, 1443.0, 1813.0, 3000.0, 4095.0, 2884.0]</LCS_MAX>
		<WAVELENGTH>[0.48, 0.56, 0.655, 0.865, 1.61, 2.2]</WAVELENGTH>
		<MEAN_VALUE>[708.032223796034, 1109.4346671388112, 1363.7009560906497, 2704.9495396600632, 3683.819405099148, 2455.3657932011447]</MEAN_VALUE>
		<CHECKBOX>2</CHECKBOX>
		<SD>[61.81394014908316, 73.33178208795344, 114.35993504776238, 136.31405284090317, 262.6055547228915, 220.24810576563615]</SD>
		<WAVELENGTH_UNIT>E-6m</WAVELENGTH_UNIT>
		<COLOR>#a1da9e</COLOR>
		<COVARIANCE_MATRIX>[[3859.020721802484, 4046.495448094858, 5881.583214161227, 2007.1159691756607, 9932.742576698327, 9763.504693791005], [4046.495448094858, 5176.116159857803, 7789.689547872056, 3677.833230876666, 10231.02377767412, 10935.719466011746], [5881.583214161227, 7789.689547872056, 12698.533863792596, 6017.695649238314, 17364.02304561553, 18037.52404632922], [2007.1159691756607, 3677.833230876666, 6017.695649238314, 19195.279647141866, 9172.898491090853, 5912.044079438194], [9932.742576698327, 10231.02377767412, 17364.02304561553, 9172.898491090853, 69415.66765909622, 51740.125344392814], [9763.504693791005, 10935.719466011746, 18037.52404632922, 5912.044079438194, 51740.125344392814, 48692.62323852016]]</COVARIANCE_MATRIX>
		<ROI_SIZE>40530</ROI_SIZE>
