<?xml version="1.0" ?>
<signaturelist MCID_LIST="[['1', 'waterbody', '#0000ff'], ['2', 'vegetation', '#00ff00'], ['4', 'builtup', '#ff0000'], ['3', 'barren', '#ffaa00']]">
	<signature ID="20190912_192714635934_540">
		<MACROCLASSID>1</MACROCLASSID>
		<MACROCLASSINFO>waterbody</MACROCLASSINFO>
		<CLASSID>92</CLASSID>
		<CLASSINFO>C 1</CLASSINFO>
		<VALUES>[842.3387438249823, 50.04736925500193, 1485.2187720536317, 67.62340287099452, 1786.1863091037417, 82.78755329041982, 1348.304163726182, 110.5318505348722, 372.93083980239965, 75.09555062433047, 244.9527170077629, 42.04369666315511]</VALUES>
		<LCS_MIN>[663.0, 1187.0, 1374.0, 1104.0, 270.0, 182.0]</LCS_MIN>
		<LCS_MAX>[1013.0, 1697.0, 2011.0, 1767.0, 771.0, 434.0]</LCS_MAX>
		<WAVELENGTH>[0.48, 0.56, 0.655, 0.865, 1.61, 2.2]</WAVELENGTH>
		<MEAN_VALUE>[842.3387438249823, 1485.2187720536317, 1786.1863091037417, 1348.304163726182, 372.93083980239965, 244.9527170077629]</MEAN_VALUE>
		<CHECKBOX>2</CHECKBOX>
		<SD>[50.04736925500193, 67.62340287099452, 82.78755329041982, 110.5318505348722, 75.09555062433047, 42.04369666315511]</SD>
		<WAVELENGTH_UNIT>E-6m</WAVELENGTH_UNIT>
		<COLOR>#e43a8b</COLOR>
		<COVARIANCE_MATRIX>[[2506.508052940684, 3248.72245015131, 3857.6917878744384, -54.62853007667222, 666.6519752082262, 1012.3006326527359], [3248.72245015131, 4576.154082389388, 5442.062319334633, -428.40910364061875, 487.1351975008871, 1103.4778656268315], [3857.6917878744384, 5442.062319334633, 6858.619219206645, -1930.3300135760674, -562.3967102456448, 732.2016120832984], [-54.62853007667222, -428.40910364061875, -1930.3300135760674, 12225.91801231216, 6596.4786779979995, 3123.4402393853493], [666.6519752082262, 487.1351975008871, -562.3967102456448, 6596.4786779979995, 5643.324309534347, 2951.0108518833053], [1012.3006326527359, 1103.4778656268315, 732.2016120832984, 3123.4402393853493, 2951.0108518833053, 1768.9207853386438]]</COVARIANCE_MATRIX>
		<ROI_SIZE>1417</ROI_SIZE>
		<MAX_VALUE>[1013.0, 1697.0, 2011.0, 1767.0, 771.0, 434.0]</MAX_VALUE>
		<MIN_VALUE>[663.0, 1187.0, 1374.0, 1104.0, 270.0, 182.0]</MIN_VALUE>
		<SIGNATURE_THRESHOLD_MD>0</SIGNATURE_THRESHOLD_MD>
		<SIGNATURE_THRESHOLD_ML>0</SIGNATURE_THRESHOLD_ML>
		<SIGNATURE_THRESHOLD_SAM>0</SIGNATURE_THRESHOLD_SAM>
	</signature>
	<signature ID="20190912_192722063460_992">
		<MACROCLASSID>1</MACROCLASSID>
		<MACROCLASSINFO>waterbody</MACROCLASSINFO>
		<CLASSID>93</CLASSID>
		<CLASSINFO>C 1</CLASSINFO>
		<VALUES>[783.3225190839689, 41.722193150502015, 1395.8606870228996, 57.381188737268914, 1610.9809160305338, 99.37416579092259, 1223.8263358778647, 103.82991446824279, 455.33396946564864, 77.7602814112666, 295.54389312977054, 36.2077337289991]</VALUES>
		<LCS_MIN>[612.0, 1202.0, 1243.0, 1026.0, 355.0, 236.0]</LCS_MIN>
		<LCS_MAX>[878.0, 1539.0, 1759.0, 1657.0, 823.0, 433.0]</LCS_MAX>
		<WAVELENGTH>[0.48, 0.56, 0.655, 0.865, 1.61, 2.2]</WAVELENGTH>
		<MEAN_VALUE>[783.3225190839689, 1395.8606870228996, 1610.9809160305338, 1223.8263358778647, 455.33396946564864, 295.54389312977054]</MEAN_VALUE>
		<CHECKBOX>2</CHECKBOX>
		<SD>[41.722193150502015, 57.381188737268914, 99.37416579092259, 103.82991446824279, 77.7602814112666, 36.2077337289991]</SD>
		<WAVELENGTH_UNIT>E-6m</WAVELENGTH_UNIT>
		<COLOR>#83e3b3</COLOR>
		<COVARIANCE_MATRIX>[[1515.767708796365, 1967.9027418524083, 2873.330618998229, -2237.2893148191274, -1316.4663159974316, -228.65919889366342], [1967.9027418524083, 2778.576213760065, 4214.386930691672, -3435.802156933303, -2349.24236465367, -615.4177797063406], [2873.330618998229, 4214.386930691672, 7001.643957129452, -5497.080725186801, -4252.685535070452, -1345.395844181501], [-2237.2893148191274, -3435.802156933303, -5497.080725186801, 12150.881781427937, 7592.377397709714, 3122.4894206549116], [-1316.4663159974316, -2349.24236465367, -4252.685535070452, 7592.377397709714, 6156.2553027256245, 2657.953352524889], [-228.65919889366342, -615.4177797063406, -1345.395844181501, 3122.4894206549116, 2657.953352524889, 1295.360130954145]]</COVARIANCE_MATRIX>
		<ROI_SIZE>1186</ROI_SIZE>
		<MAX_VALUE>[878.0, 1539.0, 1759.0, 1657.0, 823.0, 433.0]</MAX_VALUE>
		<MIN_VALUE>[612.0, 1202.0, 1243.0, 1026.0, 355.0, 236.0]</MIN_VALUE>
		<SIGNATURE_THRESHOLD_MD>0</SIGNATURE_THRESHOLD_MD>
		<SIGNATURE_THRESHOLD_ML>0</SIGNATURE_THRESHOLD_ML>
		<SIGNATURE_THRESHOLD_SAM>0</SIGNATURE_THRESHOLD_SAM>
	</signature>
	<signature ID="20190912_192735343482_278">
		<MACROCLASSID>1</MACROCLASSID>
		<MACROCLASSINFO>waterbody</MACROCLASSINFO>
		<CLASSID>94</CLASSID>
		<CLASSINFO>C 1</CLASSINFO>
		<VALUES>[850.6390041493776, 45.18232282766912, 1568.2116182572613, 76.26058752340187, 1974.5643153526978, 110.42556782516684, 1579.1950207468883, 182.10160669782417, 627.3941908713697, 233.34464699582617, 410.65975103734445, 140.14793753965313]</VALUES>
		<LCS_MIN>[706.0, 1330.0, 1605.0, 1254.0, 222.0, 186.0]</LCS_MIN>
		<LCS_MAX>[1001.0, 1745.0, 2187.0, 2013.0, 1149.0, 869.0]</LCS_MAX>
		<WAVELENGTH>[0.48, 0.56, 0.655, 0.865, 1.61, 2.2]</WAVELENGTH>
		<MEAN_VALUE>[850.6390041493776, 1568.2116182572613, 1974.5643153526978, 1579.1950207468883, 627.3941908713697, 410.65975103734445]</MEAN_VALUE>
		<CHECKBOX>2</CHECKBOX>
		<SD>[45.18232282766912, 76.26058752340187, 110.42556782516684, 182.10160669782417, 233.34464699582617, 140.14793753965313]</SD>
		<WAVELENGTH_UNIT>E-6m</WAVELENGTH_UNIT>
		<COLOR>#03b0ba</COLOR>
		<COVARIANCE_MATRIX>[[2049.948305670817, 3335.1100449515898, 4658.662897648685, -5183.375138312584, -6451.257105809128, -3619.019173582297], [3335.1100449515898, 5839.9091977869975, 7941.98008298755, -9580.05394190871, -12684.97543222683, -7249.7901970954335], [4658.662897648685, 7941.98008298755, 12244.61355463347, -14902.356345089906, -17343.365041493773, -9314.344692254494], [-5183.375138312584, -9580.05394190871, -14902.356345089906, 33299.16597510374, 38698.843637621016, 21420.46663208852], [-6451.257105809128, -12684.97543222683, -17343.365041493773, 38698.843637621016, 54676.59813278008, 31202.31801521438], [-3619.019173582297, -7249.7901970954335, -9314.344692254494, 21420.46663208852, 31202.31801521438, 19723.2837482711]]</COVARIANCE_MATRIX>
		<ROI_SIZE>241</ROI_SIZE>
		<MAX_VALUE>[1001.0, 1745.0, 2187.0, 2013.0, 1149.0, 869.0]</MAX_VALUE>
		<MIN_VALUE>[706.0, 1330.0, 1605.0, 1254.0, 222.0, 186.0]</MIN_VALUE>
		<SIGNATURE_THRESHOLD_MD>0</SIGNATURE_THRESHOLD_MD>
		<SIGNATURE_THRESHOLD_ML>0</SIGNATURE_THRESHOLD_ML>
		<SIGNATURE_THRESHOLD_SAM>0</SIGNATURE_THRESHOLD_SAM>
	</signature>
	<signature ID="20190912_192748985988_432">
		<MACROCLASSID>1</MACROCLASSID>
		<MACROCLASSINFO>waterbody</MACROCLASSINFO>
		<CLASSID>95</CLASSID>
		<CLASSINFO>C 1</CLASSINFO>
		<VALUES>[917.2846958174887, 40.05907274898245, 1473.8117870722413, 96.92107414755937, 1718.1002851711003, 141.51898971017258, 939.4296577946759, 127.24856216431982, 376.4838403041824, 81.8041963773734, 268.9995247148293, 49.19622481345293]</VALUES>
		<LCS_MIN>[634.0, 1069.0, 1202.0, 661.0, 287.0, 210.0]</LCS_MIN>
		<LCS_MAX>[1111.0, 1706.0, 2082.0, 1325.0, 846.0, 602.0]</LCS_MAX>
		<WAVELENGTH>[0.48, 0.56, 0.655, 0.865, 1.61, 2.2]</WAVELENGTH>
		<MEAN_VALUE>[917.2846958174887, 1473.8117870722413, 1718.1002851711003, 939.4296577946759, 376.4838403041824, 268.9995247148293]</MEAN_VALUE>
		<CHECKBOX>2</CHECKBOX>
		<SD>[40.05907274898245, 96.92107414755937, 141.51898971017258, 127.24856216431982, 81.8041963773734, 49.19622481345293]</SD>
		<WAVELENGTH_UNIT>E-6m</WAVELENGTH_UNIT>
		<COLOR>#c1d2c2</COLOR>
		<COVARIANCE_MATRIX>[[2308.094088180759, 4971.914043283351, 6703.533158717848, 1009.0200387027865, -1378.9496317286691, -733.4627071348845], [4971.914043283351, 13905.89460376062, 20231.412592265926, 6988.603016383463, -4130.87912207852, -2513.9904081165396], [6703.533158717848, 20231.412592265926, 30654.914566337447, 13026.33144520361, -6157.352995841158, -3830.606944563692], [1009.0200387027865, 6988.603016383463, 13026.33144520361, 19225.918015126328, 2525.0429280314565, 1018.771135628631], [-1378.9496317286691, -4130.87912207852, -6157.352995841158, 2525.0429280314565, 5502.686223352658, 3173.9661443576315], [-733.4627071348845, -2513.9904081165396, -3830.606944563692, 1018.771135628631, 3173.9661443576315, 1917.4156249105642]]</COVARIANCE_MATRIX>
		<ROI_SIZE>9195</ROI_SIZE>
		<MAX_VALUE>[1111.0, 1706.0, 2082.0, 1325.0, 846.0, 602.0]</MAX_VALUE>
		<MIN_VALUE>[634.0, 1069.0, 1202.0, 661.0, 287.0, 210.0]</MIN_VALUE>
		<SIGNATURE_THRESHOLD_MD>0</SIGNATURE_THRESHOLD_MD>
		<SIGNATURE_THRESHOLD_ML>0</SIGNATURE_THRESHOLD_ML>
		<SIGNATURE_THRESHOLD_SAM>0</SIGNATURE_THRESHOLD_SAM>
	</signature>
	<signature ID="20190912_192809461194_612">
		<MACROCLASSID>1</MACROCLASSID>
		<MACROCLASSINFO>waterbody</MACROCLASSINFO>
		<CLASSID>96</CLASSID>
		<CLASSINFO>C 1</CLASSINFO>
		<VALUES>[909.5911915060955, 124.34502789625527, 1429.593708218648, 129.97426016288125, 1789.7087691702643, 159.74727990997084, 1761.0972080220258, 242.29439359909745, 244.77027133307124, 58.97580164703704, 180.8939834840748, 47.59677526172863]</VALUES>
		<LCS_MIN>[592.0, 930.0, 1125.0, 1166.0, 162.0, 121.0]</LCS_MIN>
		<LCS_MAX>[1271.0, 1752.0, 2125.0, 2166.0, 440.0, 352.0]</LCS_MAX>
		<WAVELENGTH>[0.48, 0.56, 0.655, 0.865, 1.61, 2.2]</WAVELENGTH>
		<MEAN_VALUE>[909.5911915060955, 1429.593708218648, 1789.7087691702643, 1761.0972080220258, 244.77027133307124, 180.8939834840748]</MEAN_VALUE>
		<CHECKBOX>2</CHECKBOX>
		<SD>[124.34502789625527, 129.97426016288125, 159.74727990997084, 242.29439359909745, 58.97580164703704, 47.59677526172863]</SD>
		<WAVELENGTH_UNIT>E-6m</WAVELENGTH_UNIT>
		<COLOR>#528ad0</COLOR>
		<COVARIANCE_MATRIX>[[15178.998762204488, 15267.92126290091, 17525.43460898827, 25089.70049658787, 5541.31280685388, 4492.454412608912], [15267.92126290091, 16444.38362783324, 19550.291986460466, 26749.199320790405, 5523.966455076869, 4547.414380339758], [17525.43460898827, 19550.291986460466, 24551.085218217795, 33115.05405016327, 6063.972053690369, 4995.148922033663], [25089.70049658787, 26749.199320790405, 33115.05405016327, 56496.65163111438, 7915.776638460994, 6100.997598403921], [5541.31280685388, 5523.966455076869, 6063.972053690369, 7915.776638460994, 3384.8391947916475, 2679.538783186321], [4492.454412608912, 4547.414380339758, 4995.148922033663, 6100.997598403921, 2679.538783186321, 2178.566038540005]]</COVARIANCE_MATRIX>
		<ROI_SIZE>152735</ROI_SIZE>
		<MAX_VALUE>[1271.0, 1752.0, 2125.0, 2166.0, 440.0, 352.0]</MAX_VALUE>
		<MIN_VALUE>[592.0, 930.0, 1125.0, 1166.0, 162.0, 121.0]</MIN_VALUE>
		<SIGNATURE_THRESHOLD_MD>0</SIGNATURE_THRESHOLD_MD>
		<SIGNATURE_THRESHOLD_ML>0</SIGNATURE_THRESHOLD_ML>
		<SIGNATURE_THRESHOLD_SAM>0</SIGNATURE_THRESHOLD_SAM>
	</signature>
	<signature ID="20190912_192830822901_108">
		<MACROCLASSID>2</MACROCLASSID>
		<MACROCLASSINFO>vegetation</MACROCLASSINFO>
		<CLASSID>97</CLASSID>
		<CLASSINFO>C 1</CLASSINFO>
		<VALUES>[591.7879138354755, 68.13159827901636, 844.1048142258226, 83.33839617285818, 640.3215266734114, 86.45433321236916, 3751.9466531733365, 233.51553581500409, 2036.5252276998724, 122.55652650892567, 890.0845742373862, 82.07959155610803]</VALUES>
		<LCS_MIN>[419.0, 674.0, 490.0, 3261.0, 1545.0, 638.0]</LCS_MIN>
		<LCS_MAX>[855.0, 1189.0, 1011.0, 4261.0, 2487.0, 1267.0]</LCS_MAX>
		<WAVELENGTH>[0.48, 0.56, 0.655, 0.865, 1.61, 2.2]</WAVELENGTH>
		<MEAN_VALUE>[591.7879138354755, 844.1048142258226, 640.3215266734114, 3751.9466531733365, 2036.5252276998724, 890.0845742373862]</MEAN_VALUE>
		<CHECKBOX>2</CHECKBOX>
		<SD>[68.13159827901636, 83.33839617285818, 86.45433321236916, 233.51553581500409, 122.55652650892567, 82.07959155610803]</SD>
		<WAVELENGTH_UNIT>E-6m</WAVELENGTH_UNIT>
		<COLOR>#80960e</COLOR>
		<COVARIANCE_MATRIX>[[4741.003433758799, 5198.566316543729, 5659.184160379136, 4898.802690060302, 1934.3761894801992, 2735.871949253078], [5198.566316543729, 7567.656496183062, 7116.873165803006, 6240.5336427477505, 3003.6902774037508, 4129.437274707987], [5659.184160379136, 7116.873165803006, 7819.992319257649, 3768.8499448341477, 2234.5286459058416, 3901.133236451979], [4898.802690060302, 6240.5336427477505, 3768.8499448341477, 56368.95135559788, 3004.9744799213827, -887.1755055062616], [1934.3761894801992, 3003.6902774037508, 2234.5286459058416, 3004.9744799213827, 17435.290048010607, 10347.240119943132], [2735.871949253078, 4129.437274707987, 3901.133236451979, -887.1755055062616, 10347.240119943132, 7645.801588266231]]</COVARIANCE_MATRIX>
		<ROI_SIZE>100774</ROI_SIZE>
		<MAX_VALUE>[855.0, 1189.0, 1011.0, 4261.0, 2487.0, 1267.0]</MAX_VALUE>
		<MIN_VALUE>[419.0, 674.0, 490.0, 3261.0, 1545.0, 638.0]</MIN_VALUE>
		<SIGNATURE_THRESHOLD_MD>0</SIGNATURE_THRESHOLD_MD>
		<SIGNATURE_THRESHOLD_ML>0</SIGNATURE_THRESHOLD_ML>
		<SIGNATURE_THRESHOLD_SAM>0</SIGNATURE_THRESHOLD_SAM>
	</signature>
	<signature ID="20190912_192850584386_861">
		<MACROCLASSID>2</MACROCLASSID>
		<MACROCLASSINFO>vegetation</MACROCLASSINFO>
		<CLASSID>98</CLASSID>
		<CLASSINFO>C 1</CLASSINFO>
		<VALUES>[178.03402390869314, 19.517082626539526, 430.0015686698751, 27.829551905161786, 258.87293774003484, 32.22266990857134, 3001.1443176285993, 141.9003253316747, 1358.7340834099632, 79.29087821768319, 533.9119922107384, 49.682148579262794]</VALUES>
		<LCS_MIN>[53.0, 342.0, 193.0, 2348.0, 973.0, 372.0]</LCS_MIN>
		<LCS_MAX>[547.0, 823.0, 714.0, 3346.0, 1712.0, 895.0]</LCS_MAX>
		<WAVELENGTH>[0.48, 0.56, 0.655, 0.865, 1.61, 2.2]</WAVELENGTH>
		<MEAN_VALUE>[178.03402390869314, 430.0015686698751, 258.87293774003484, 3001.1443176285993, 1358.7340834099632, 533.9119922107384]</MEAN_VALUE>
		<CHECKBOX>2</CHECKBOX>
		<SD>[19.517082626539526, 27.829551905161786, 32.22266990857134, 141.9003253316747, 79.29087821768319, 49.682148579262794]</SD>
		<WAVELENGTH_UNIT>E-6m</WAVELENGTH_UNIT>
		<COLOR>#d38b1a</COLOR>
		<COVARIANCE_MATRIX>[[372.6380334493692, 401.4818716009602, 524.531660380143, -85.7459809864468, 1029.7357956118824, 718.127892407627], [401.4818716009602, 739.9557369540778, 739.6823649743594, 1373.0015318192534, 1709.0612855738648, 1025.859786527085], [524.531660380143, 739.6823649743594, 1047.1412332383989, -254.98559677248485, 2003.195991651048, 1383.1824699397807], [-85.7459809864468, 1373.0015318192534, -254.98559677248485, 21007.086710519878, 2530.228508127096, -102.5708482423593], [1029.7357956118824, 1709.0612855738648, 2003.195991651048, 2530.228508127096, 6264.046481697984, 3654.6120560818486], [718.127892407627, 1025.859786527085, 1383.1824699397807, -102.5708482423593, 3654.6120560818486, 2459.2343141214756]]</COVARIANCE_MATRIX>
		<ROI_SIZE>276422</ROI_SIZE>
		<MAX_VALUE>[547.0, 823.0, 714.0, 3346.0, 1712.0, 895.0]</MAX_VALUE>
		<MIN_VALUE>[53.0, 342.0, 193.0, 2348.0, 973.0, 372.0]</MIN_VALUE>
		<SIGNATURE_THRESHOLD_MD>0</SIGNATURE_THRESHOLD_MD>
		<SIGNATURE_THRESHOLD_ML>0</SIGNATURE_THRESHOLD_ML>
		<SIGNATURE_THRESHOLD_SAM>0</SIGNATURE_THRESHOLD_SAM>
	</signature>
	<signature ID="20190912_192905326690_528">
		<MACROCLASSID>2</MACROCLASSID>
		<MACROCLASSINFO>vegetation</MACROCLASSINFO>
		<CLASSID>99</CLASSID>
		<CLASSINFO>C 1</CLASSINFO>
		<VALUES>[258.0678297096735, 25.607346369552914, 539.6572060929566, 55.54213103314926, 325.7854446035674, 67.96785467172575, 3959.5259731805745, 203.60022166680375, 1942.6923577659131, 120.8409366372761, 784.7535477151413, 95.98801111089067]</VALUES>
		<LCS_MIN>[66.0, 445.0, 241.0, 3402.0, 1495.0, 604.0]</LCS_MIN>
		<LCS_MAX>[610.0, 923.0, 764.0, 4402.0, 2424.0, 1259.0]</LCS_MAX>
		<WAVELENGTH>[0.48, 0.56, 0.655, 0.865, 1.61, 2.2]</WAVELENGTH>
		<MEAN_VALUE>[258.0678297096735, 539.6572060929566, 325.7854446035674, 3959.5259731805745, 1942.6923577659131, 784.7535477151413]</MEAN_VALUE>
		<CHECKBOX>2</CHECKBOX>
		<SD>[25.607346369552914, 55.54213103314926, 67.96785467172575, 203.60022166680375, 120.8409366372761, 95.98801111089067]</SD>
		<WAVELENGTH_UNIT>E-6m</WAVELENGTH_UNIT>
		<COLOR>#9b390e</COLOR>
		<COVARIANCE_MATRIX>[[764.9839959911382, 208.83590202220898, 282.17044139083606, 1340.37791257763, 1284.2026700809736, 627.5821053818186], [208.83590202220898, 2802.154928593497, 2809.404813745525, 373.64942132612146, 4293.239464592977, 3503.90541720244], [282.17044139083606, 2809.404813745525, 4204.887420820318, -4813.597941220308, 5157.653707761497, 5300.117158408208], [1340.37791257763, 373.64942132612146, -4813.597941220308, 43124.665993425326, 3712.4466631553314, -4530.21234916734], [1284.2026700809736, 4293.239464592977, 5157.653707761497, 3712.4466631553314, 13435.582725228916, 8864.611713666181], [627.5821053818186, 3503.90541720244, 5300.117158408208, -4530.21234916734, 8864.611713666181, 7870.24646432627]]</COVARIANCE_MATRIX>
		<ROI_SIZE>60488</ROI_SIZE>
		<MAX_VALUE>[610.0, 923.0, 764.0, 4402.0, 2424.0, 1259.0]</MAX_VALUE>
		<MIN_VALUE>[66.0, 445.0, 241.0, 3402.0, 1495.0, 604.0]</MIN_VALUE>
		<SIGNATURE_THRESHOLD_MD>0</SIGNATURE_THRESHOLD_MD>
		<SIGNATURE_THRESHOLD_ML>0</SIGNATURE_THRESHOLD_ML>
		<SIGNATURE_THRESHOLD_SAM>0</SIGNATURE_THRESHOLD_SAM>
	</signature>
	<signature ID="20190912_192927159869_107">
		<MACROCLASSID>2</MACROCLASSID>
		<MACROCLASSINFO>vegetation</MACROCLASSINFO>
		<CLASSID>100</CLASSID>
		<CLASSINFO>C 1</CLASSINFO>
		<VALUES>[199.77810399947822, 27.79503072025218, 510.63965550988684, 65.03772628638339, 310.79976512037564, 58.30850321814625, 3316.7237554642056, 214.84413932074577, 1478.917335421155, 141.04787410701252, 613.3381614144965, 102.03705471205667]</VALUES>
		<LCS_MIN>[123.0, 365.0, 213.0, 2812.0, 1090.0, 450.0]</LCS_MIN>
		<LCS_MAX>[531.0, 867.0, 756.0, 3812.0, 1828.0, 1011.0]</LCS_MAX>
		<WAVELENGTH>[0.48, 0.56, 0.655, 0.865, 1.61, 2.2]</WAVELENGTH>
		<MEAN_VALUE>[199.77810399947822, 510.63965550988684, 310.79976512037564, 3316.7237554642056, 1478.917335421155, 613.3381614144965]</MEAN_VALUE>
		<CHECKBOX>2</CHECKBOX>
		<SD>[27.79503072025218, 65.03772628638339, 58.30850321814625, 214.84413932074577, 141.04787410701252, 102.03705471205667]</SD>
		<WAVELENGTH_UNIT>E-6m</WAVELENGTH_UNIT>
		<COLOR>#bdcc32</COLOR>
		<COVARIANCE_MATRIX>[[747.3330504005643, 1441.556533066308, 1467.0245052403225, -306.80168091030777, 3050.2539098338452, 2455.4714586890796], [1441.556533066308, 4193.174237610255, 3521.893506594581, 3731.6865152668606, 7974.314897291328, 6032.083673421477], [1467.0245052403225, 3521.893506594581, 3471.864686522395, 13.016434297540188, 7264.651278896507, 5861.373581164498], [-306.80168091030777, 3731.6865152668606, 13.016434297540188, 46824.73711223314, 9102.010179257892, 924.2542424739737], [3050.2539098338452, 7974.314897291328, 7264.651278896507, 9102.010179257892, 20224.406832283876, 13956.807079192604], [2455.4714586890796, 6032.083673421477, 5861.373581164498, 924.2542424739737, 13956.807079192604, 10912.821676501388]]</COVARIANCE_MATRIX>
		<ROI_SIZE>207207</ROI_SIZE>
		<MAX_VALUE>[531.0, 867.0, 756.0, 3812.0, 1828.0, 1011.0]</MAX_VALUE>
		<MIN_VALUE>[123.0, 365.0, 213.0, 2812.0, 1090.0, 450.0]</MIN_VALUE>
		<SIGNATURE_THRESHOLD_MD>0</SIGNATURE_THRESHOLD_MD>
		<SIGNATURE_THRESHOLD_ML>0</SIGNATURE_THRESHOLD_ML>
		<SIGNATURE_THRESHOLD_SAM>0</SIGNATURE_THRESHOLD_SAM>
	</signature>
	<signature ID="20190912_193007535505_352">
		<MACROCLASSID>3</MACROCLASSID>
		<MACROCLASSINFO>barren</MACROCLASSINFO>
		<CLASSID>101</CLASSID>
		<CLASSINFO>C 1</CLASSINFO>
		<VALUES>[1435.0426446281017, 137.23636303276382, 2113.834710743802, 179.64442690347596, 2741.8056198347085, 258.0149766326843, 4274.220165289241, 201.07614064618318, 5332.122975206609, 171.57900838030253, 4205.628099173552, 237.7375958902852]</VALUES>
		<LCS_MIN>[1070.0, 1679.0, 2247.0, 3795.0, 4925.0, 3729.0]</LCS_MIN>
		<LCS_MAX>[1814.0, 2559.0, 3247.0, 4791.0, 5874.0, 4729.0]</LCS_MAX>
		<WAVELENGTH>[0.48, 0.56, 0.655, 0.865, 1.61, 2.2]</WAVELENGTH>
		<MEAN_VALUE>[1435.0426446281017, 2113.834710743802, 2741.8056198347085, 4274.220165289241, 5332.122975206609, 4205.628099173552]</MEAN_VALUE>
		<CHECKBOX>2</CHECKBOX>
		<SD>[137.23636303276382, 179.64442690347596, 258.0149766326843, 201.07614064618318, 171.57900838030253, 237.7375958902852]</SD>
		<WAVELENGTH_UNIT>E-6m</WAVELENGTH_UNIT>
		<COLOR>#e835ee</COLOR>
		<COVARIANCE_MATRIX>[[18596.574658128673, 23402.751952684604, 32535.21083474213, 18090.768129520966, 12232.850585658813, 24886.450719257777], [23402.751952684604, 32535.451583393904, 43698.91278449796, 27066.933787751528, 16641.4071087602, 32167.218320066124], [32535.21083474213, 43698.91278449796, 65823.76559059125, 34829.39706306221, 22509.691665001563, 48761.34454235752], [18090.768129520966, 27066.933787751528, 34829.39706306221, 41096.13251851379, 22855.71492914855, 26266.068583321165], [12232.850585658813, 16641.4071087602, 22509.691665001563, 22855.71492914855, 28870.362494976307, 29084.30008211683], [24886.450719257777, 32167.218320066124, 48761.34454235752, 26266.068583321165, 29084.30008211683, 55575.080269929706]]</COVARIANCE_MATRIX>
		<ROI_SIZE>6152</ROI_SIZE>
		<MAX_VALUE>[1814.0, 2559.0, 3247.0, 4791.0, 5874.0, 4729.0]</MAX_VALUE>
		<MIN_VALUE>[1070.0, 1679.0, 2247.0, 3795.0, 4925.0, 3729.0]</MIN_VALUE>
		<SIGNATURE_THRESHOLD_MD>0</SIGNATURE_THRESHOLD_MD>
		<SIGNATURE_THRESHOLD_ML>0</SIGNATURE_THRESHOLD_ML>
		<SIGNATURE_THRESHOLD_SAM>0</SIGNATURE_THRESHOLD_SAM>
	</signature>
	<signature ID="20190912_193015461237_584">
		<MACROCLASSID>3</MACROCLASSID>
		<MACROCLASSINFO>barren</MACROCLASSINFO>
		<CLASSID>102</CLASSID>
		<CLASSINFO>C 1</CLASSINFO>
		<VALUES>[892.8839941262864, 96.79130277563323, 1342.9959618208516, 110.72672595081538, 1724.526431718062, 141.1559383598759, 2822.4805433186475, 215.55290546551274, 3687.0686490455137, 250.34393974176828, 2834.188693098382, 192.79652201995466]</VALUES>
		<LCS_MIN>[481.0, 1070.0, 1326.0, 2253.0, 3190.0, 2393.0]</LCS_MIN>
		<LCS_MAX>[1334.0, 1806.0, 2151.0, 3227.0, 4189.0, 3390.0]</LCS_MAX>
		<WAVELENGTH>[0.48, 0.56, 0.655, 0.865, 1.61, 2.2]</WAVELENGTH>
		<MEAN_VALUE>[892.8839941262864, 1342.9959618208516, 1724.526431718062, 2822.4805433186475, 3687.0686490455137, 2834.188693098382]</MEAN_VALUE>
		<CHECKBOX>2</CHECKBOX>
		<SD>[96.79130277563323, 110.72672595081538, 141.1559383598759, 215.55290546551274, 250.34393974176828, 192.79652201995466]</SD>
		<WAVELENGTH_UNIT>E-6m</WAVELENGTH_UNIT>
		<COLOR>#8e6af0</COLOR>
		<COVARIANCE_MATRIX>[[8483.962854541725, 8204.93885702526, 8674.551802432312, 11149.55776618285, 9485.820604230781, 9032.479732197671], [8204.93885702526, 11247.298932787064, 13605.442652764383, 14748.895372919094, 12875.59545563719, 13192.420865066844], [8674.551802432312, 13605.442652764383, 19225.5241307499, 13461.815874026319, 17326.241845216507, 20856.829997431254], [11149.55776618285, 14748.895372919094, 13461.815874026319, 42989.828008098404, 30645.036081185324, 14615.211735779461], [9485.820604230781, 12875.59545563719, 17326.241845216507, 30645.036081185324, 59893.003166757684, 34235.32430962778], [9032.479732197671, 13192.420865066844, 20856.829997431254, 14615.211735779461, 34235.32430962778, 38332.830297035194]]</COVARIANCE_MATRIX>
		<ROI_SIZE>8959</ROI_SIZE>
		<MAX_VALUE>[1334.0, 1806.0, 2151.0, 3227.0, 4189.0, 3390.0]</MAX_VALUE>
		<MIN_VALUE>[481.0, 1070.0, 1326.0, 2253.0, 3190.0, 2393.0]</MIN_VALUE>
		<SIGNATURE_THRESHOLD_MD>0</SIGNATURE_THRESHOLD_MD>
		<SIGNATURE_THRESHOLD_ML>0</SIGNATURE_THRESHOLD_ML>
		<SIGNATURE_THRESHOLD_SAM>0</SIGNATURE_THRESHOLD_SAM>
	</signature>
	<signature ID="20190912_193023875988_423">
		<MACROCLASSID>3</MACROCLASSID>
		<MACROCLASSINFO>barren</MACROCLASSINFO>
		<CLASSID>103</CLASSID>
		<CLASSINFO>C 1</CLASSINFO>
		<VALUES>[521.0436115040083, 54.30227994939048, 820.2213578500703, 72.53348434999954, 1027.1885902876018, 95.62471230264254, 1719.5577557755776, 150.81679575438767, 2097.54502593117, 188.98173498379037, 1648.2930221593547, 162.50728542291458]</VALUES>
		<LCS_MIN>[355.0, 666.0, 756.0, 1328.0, 1498.0, 1188.0]</LCS_MIN>
		<LCS_MAX>[784.0, 1316.0, 1499.0, 2116.0, 2464.0, 2174.0]</LCS_MAX>
		<WAVELENGTH>[0.48, 0.56, 0.655, 0.865, 1.61, 2.2]</WAVELENGTH>
		<MEAN_VALUE>[521.0436115040083, 820.2213578500703, 1027.1885902876018, 1719.5577557755776, 2097.54502593117, 1648.2930221593547]</MEAN_VALUE>
		<CHECKBOX>2</CHECKBOX>
		<SD>[54.30227994939048, 72.53348434999954, 95.62471230264254, 150.81679575438767, 188.98173498379037, 162.50728542291458]</SD>
		<WAVELENGTH_UNIT>E-6m</WAVELENGTH_UNIT>
		<COLOR>#95a9bc</COLOR>
		<COVARIANCE_MATRIX>[[3205.5366012782515, 3755.2127372448313, 5009.0037921564835, 3804.4998770399766, 2844.9756067050284, 7220.091165922417], [3755.2127372448313, 5757.655280187313, 7348.537517540907, 7465.723565415558, 3677.576166075146, 7168.356243003843], [5009.0037921564835, 7348.537517540907, 10000.346179851354, 8373.562314308967, 5942.437344144429, 10743.156607339159], [3804.4998770399766, 7465.723565415558, 8373.562314308967, 22508.99977727339, 14654.204330272129, 8800.478304142727], [2844.9756067050284, 3677.576166075146, 5942.437344144429, 14654.204330272129, 34895.31470934479, 19609.681105543852], [7220.091165922417, 7168.356243003843, 10743.156607339159, 8800.478304142727, 19609.681105543852, 27181.543987646808]]</COVARIANCE_MATRIX>
		<ROI_SIZE>13121</ROI_SIZE>
		<MAX_VALUE>[784.0, 1316.0, 1499.0, 2116.0, 2464.0, 2174.0]</MAX_VALUE>
		<MIN_VALUE>[355.0, 666.0, 756.0, 1328.0, 1498.0, 1188.0]</MIN_VALUE>
		<SIGNATURE_THRESHOLD_MD>0</SIGNATURE_THRESHOLD_MD>
		<SIGNATURE_THRESHOLD_ML>0</SIGNATURE_THRESHOLD_ML>
		<SIGNATURE_THRESHOLD_SAM>0</SIGNATURE_THRESHOLD_SAM>
	</signature>
	<signature ID="20190912_193032190915_644">
		<MACROCLASSID>3</MACROCLASSID>
		<MACROCLASSINFO>barren</MACROCLASSINFO>
		<CLASSID>104</CLASSID>
		<CLASSINFO>C 1</CLASSINFO>
		<VALUES>[797.1525880661386, 69.86335056457365, 1212.5197699496716, 94.24473016262829, 1491.8051761322786, 134.50454174082225, 3132.0253414809504, 206.51931404031873, 4000.223220704533, 242.53075607428298, 2770.837886412647, 208.81723843556267]</VALUES>
		<LCS_MIN>[540.0, 849.0, 1027.0, 2627.0, 3485.0, 2233.0]</LCS_MIN>
		<LCS_MAX>[1087.0, 1602.0, 2003.0, 3627.0, 4485.0, 3233.0]</LCS_MAX>
		<WAVELENGTH>[0.48, 0.56, 0.655, 0.865, 1.61, 2.2]</WAVELENGTH>
		<MEAN_VALUE>[797.1525880661386, 1212.5197699496716, 1491.8051761322786, 3132.0253414809504, 4000.223220704533, 2770.837886412647]</MEAN_VALUE>
		<CHECKBOX>2</CHECKBOX>
		<SD>[69.86335056457365, 94.24473016262829, 134.50454174082225, 206.51931404031873, 242.53075607428298, 208.81723843556267]</SD>
		<WAVELENGTH_UNIT>E-6m</WAVELENGTH_UNIT>
		<COLOR>#488eba</COLOR>
		<COVARIANCE_MATRIX>[[5061.356669924977, 5701.977487406112, 8286.25667352744, 3298.763021500515, 12673.216713410653, 12185.160217114782], [5701.977487406112, 8868.162011730437, 11882.045064485666, 9176.745245560793, 13700.953802989237, 12395.314465719903], [8286.25667352744, 11882.045064485666, 17887.887589115497, 8336.082706043915, 20743.060052601093, 19715.674700460433], [3298.763021500515, 9176.745245560793, 8336.082706043915, 43300.29101518586, 14504.815662297011, 3588.2812828213746], [12673.216713410653, 13700.953802989237, 20743.060052601093, 14504.815662297011, 61689.251998242566, 45844.13680233222], [12185.160217114782, 12395.314465719903, 19715.674700460433, 3588.2812828213746, 45844.13680233222, 47408.650962342464]]</COVARIANCE_MATRIX>
		<ROI_SIZE>48716</ROI_SIZE>
		<MAX_VALUE>[1087.0, 1602.0, 2003.0, 3627.0, 4485.0, 3233.0]</MAX_VALUE>
		<MIN_VALUE>[540.0, 849.0, 1027.0, 2627.0, 3485.0, 2233.0]</MIN_VALUE>
		<SIGNATURE_THRESHOLD_MD>0</SIGNATURE_THRESHOLD_MD>
		<SIGNATURE_THRESHOLD_ML>0</SIGNATURE_THRESHOLD_ML>
		<SIGNATURE_THRESHOLD_SAM>0</SIGNATURE_THRESHOLD_SAM>
	</signature>
	<signature ID="20190912_193058273788_308">
		<MACROCLASSID>3</MACROCLASSID>
		<MACROCLASSINFO>barren</MACROCLASSINFO>
		<CLASSID>105</CLASSID>
		<CLASSINFO>C 1</CLASSINFO>
		<VALUES>[699.8884747706423, 88.88818889591941, 1116.6532396788973, 96.5230627705861, 1383.3681192660563, 146.5095070173362, 3022.5950401376176, 197.35925062824452, 3475.453698394494, 252.741618870907, 2254.7071387614665, 201.17599933871992]</VALUES>
		<LCS_MIN>[480.0, 838.5, 1002.0, 2363.0, 3017.0, 1835.0]</LCS_MIN>
		<LCS_MAX>[1211.0, 1579.0, 1896.0, 3359.5, 4017.0, 2831.5]</LCS_MAX>
		<WAVELENGTH>[0.48, 0.56, 0.655, 0.865, 1.61, 2.2]</WAVELENGTH>
		<MEAN_VALUE>[699.8884747706423, 1116.6532396788973, 1383.3681192660563, 3022.5950401376176, 3475.453698394494, 2254.7071387614665]</MEAN_VALUE>
		<CHECKBOX>2</CHECKBOX>
		<SD>[88.88818889591941, 96.5230627705861, 146.5095070173362, 197.35925062824452, 252.741618870907, 201.17599933871992]</SD>
		<WAVELENGTH_UNIT>E-6m</WAVELENGTH_UNIT>
		<COLOR>#e7d593</COLOR>
		<COVARIANCE_MATRIX>[[8250.500828713946, 7723.187138392531, 10736.256960917288, 3268.6150800030077, 15377.017228965517, 12714.481964973142], [7723.187138392531, 10001.12464932785, 13995.199265001875, 11401.000068837033, 18845.794944842768, 15330.129050582826], [10736.256960917288, 13995.199265001875, 22502.856629935737, 13352.204111901347, 27357.313131555497, 25040.0668039249], [3268.6150800030077, 11401.000068837033, 13352.204111901347, 44731.95493789092, 25179.916991436126, 12855.207049346518], [15377.017228965517, 18845.794944842768, 27357.313131555497, 25179.916991436126, 63416.87314635569, 45682.12342208478], [12714.481964973142, 15330.129050582826, 25040.0668039249, 12855.207049346518, 45682.12342208478, 41293.7825346837]]</COVARIANCE_MATRIX>
		<ROI_SIZE>26822</ROI_SIZE>
		<MAX_VALUE>[1211.0, 1579.0, 1896.0, 3359.5, 4017.0, 2831.5]</MAX_VALUE>
		<MIN_VALUE>[480.0, 838.5, 1002.0, 2363.0, 3017.0, 1835.0]</MIN_VALUE>
		<SIGNATURE_THRESHOLD_MD>0</SIGNATURE_THRESHOLD_MD>
		<SIGNATURE_THRESHOLD_ML>0</SIGNATURE_THRESHOLD_ML>
		<SIGNATURE_THRESHOLD_SAM>0</SIGNATURE_THRESHOLD_SAM>
	</signature>
	<signature ID="20190912_193113079003_990">
		<MACROCLASSID>3</MACROCLASSID>
		<MACROCLASSINFO>barren</MACROCLASSINFO>
		<CLASSID>106</CLASSID>
		<CLASSINFO>C 1</CLASSINFO>
		<VALUES>[899.7620827770385, 66.92859917392796, 1440.4173564753028, 94.74149590975135, 1930.1586114819727, 165.73155686590349, 3210.636048064086, 159.57415370179018, 3789.950600801065, 224.63907135553902, 2672.6574098798387, 172.2795950395449]</VALUES>
		<LCS_MIN>[708.0, 1210.0, 1585.0, 2696.0, 3333.0, 2330.0]</LCS_MIN>
		<LCS_MAX>[1221.0, 1791.0, 2402.0, 3690.0, 4325.0, 3265.0]</LCS_MAX>
		<WAVELENGTH>[0.48, 0.56, 0.655, 0.865, 1.61, 2.2]</WAVELENGTH>
		<MEAN_VALUE>[899.7620827770385, 1440.4173564753028, 1930.1586114819727, 3210.636048064086, 3789.950600801065, 2672.6574098798387]</MEAN_VALUE>
		<CHECKBOX>2</CHECKBOX>
		<SD>[66.92859917392796, 94.74149590975135, 165.73155686590349, 159.57415370179018, 224.63907135553902, 172.2795950395449]</SD>
		<WAVELENGTH_UNIT>E-6m</WAVELENGTH_UNIT>
		<COLOR>#206dba</COLOR>
		<COVARIANCE_MATRIX>[[5013.570777127137, 6615.172904572475, 10379.4906101494, 4118.6813933469575, 5913.768981390601, 9240.598596310641], [6615.172904572475, 10136.054655954264, 16105.89081845066, 6393.873432630281, 4514.439436858723, 10353.395001896819], [10379.4906101494, 16105.89081845066, 29887.953665966612, 2587.2447558689973, -2045.091208664574, 11414.669078807015], [4118.6813933469575, 6393.873432630281, 2587.2447558689973, 27732.342117921886, 26075.65203702625, 17283.1469348319], [5913.768981390601, 4514.439436858723, -2045.091208664574, 26075.65203702625, 54946.787859004835, 37462.95171018679], [9240.598596310641, 10353.395001896819, 11414.669078807015, 17283.1469348319, 37462.95171018679, 36159.69797205364]]</COVARIANCE_MATRIX>
		<ROI_SIZE>26383</ROI_SIZE>
		<MAX_VALUE>[1221.0, 1791.0, 2402.0, 3690.0, 4325.0, 3265.0]</MAX_VALUE>
		<MIN_VALUE>[708.0, 1210.0, 1585.0, 2696.0, 3333.0, 2330.0]</MIN_VALUE>
		<SIGNATURE_THRESHOLD_MD>0</SIGNATURE_THRESHOLD_MD>
		<SIGNATURE_THRESHOLD_ML>0</SIGNATURE_THRESHOLD_ML>
		<SIGNATURE_THRESHOLD_SAM>0</SIGNATURE_THRESHOLD_SAM>
	</signature>
	<signature ID="20190912_193122543978_500">
		<MACROCLASSID>3</MACROCLASSID>
		<MACROCLASSINFO>barren</MACROCLASSINFO>
		<CLASSID>107</CLASSID>
		<CLASSINFO>C 1</CLASSINFO>
		<VALUES>[599.9330970314585, 63.855087996391575, 1011.7206468763871, 93.69951777520053, 1382.1818785999121, 159.92056462839759, 2412.723526805492, 198.87497211285105, 2979.767611874174, 182.81166856665405, 1911.1971643774882, 199.6169229636462]</VALUES>
		<LCS_MIN>[405.0, 742.0, 948.0, 1801.0, 2538.0, 1510.0]</LCS_MIN>
		<LCS_MAX>[786.0, 1270.0, 1785.0, 2742.0, 3533.0, 2505.0]</LCS_MAX>
		<WAVELENGTH>[0.48, 0.56, 0.655, 0.865, 1.61, 2.2]</WAVELENGTH>
		<MEAN_VALUE>[599.9330970314585, 1011.7206468763871, 1382.1818785999121, 2412.723526805492, 2979.767611874174, 1911.1971643774882]</MEAN_VALUE>
		<CHECKBOX>2</CHECKBOX>
		<SD>[63.855087996391575, 93.69951777520053, 159.92056462839759, 198.87497211285105, 182.81166856665405, 199.6169229636462]</SD>
		<WAVELENGTH_UNIT>E-6m</WAVELENGTH_UNIT>
		<COLOR>#5cc3e8</COLOR>
		<COVARIANCE_MATRIX>[[4021.944582672615, 5569.809013783802, 8718.355286933232, 9213.468854436987, 8087.268998969875, 9878.824712507547], [5569.809013783802, 9252.732096942404, 15187.150658202461, 14621.67005041185, 10347.434337478304, 12812.238914084608], [8718.355286933232, 15187.150658202461, 27274.88824370578, 21143.47403364861, 14874.128306942064, 19018.250520572015], [9213.468854436987, 14621.67005041185, 21143.47403364861, 37985.61250512337, 24434.739602810958, 24432.530215851526], [8087.268998969875, 10347.434337478304, 14874.128306942064, 24434.739602810958, 33093.23631216673, 32060.31685825541], [9878.824712507547, 12812.238914084608, 19018.250520572015, 24432.530215851526, 32060.31685825541, 37469.30124810711]]</COVARIANCE_MATRIX>
		<ROI_SIZE>22618</ROI_SIZE>
		<MAX_VALUE>[786.0, 1270.0, 1785.0, 2742.0, 3533.0, 2505.0]</MAX_VALUE>
		<MIN_VALUE>[405.0, 742.0, 948.0, 1801.0, 2538.0, 1510.0]</MIN_VALUE>
		<SIGNATURE_THRESHOLD_MD>0</SIGNATURE_THRESHOLD_MD>
		<SIGNATURE_THRESHOLD_ML>0</SIGNATURE_THRESHOLD_ML>
		<SIGNATURE_THRESHOLD_SAM>0</SIGNATURE_THRESHOLD_SAM>
	</signature>
	<signature ID="20190912_193131727771_437">
		<MACROCLASSID>3</MACROCLASSID>
		<MACROCLASSINFO>barren</MACROCLASSINFO>
		<CLASSID>108</CLASSID>
		<CLASSINFO>C 1</CLASSINFO>
		<VALUES>[885.1337734537879, 88.93568331625153, 1337.4798471160566, 111.04410084229546, 1781.835649756776, 141.7766098829946, 3291.7390548992357, 244.04559394005253, 3930.50243224462, 234.98305905179527, 2530.350590687978, 215.99386561663098]</VALUES>
		<LCS_MIN>[660.0, 1065.0, 1344.0, 2850.0, 3528.0, 2127.0]</LCS_MIN>
		<LCS_MAX>[1262.0, 1748.0, 2213.0, 3848.0, 4526.0, 3068.0]</LCS_MAX>
		<WAVELENGTH>[0.48, 0.56, 0.655, 0.865, 1.61, 2.2]</WAVELENGTH>
		<MEAN_VALUE>[885.1337734537879, 1337.4798471160566, 1781.835649756776, 3291.7390548992357, 3930.50243224462, 2530.350590687978]</MEAN_VALUE>
		<CHECKBOX>2</CHECKBOX>
		<SD>[88.93568331625153, 111.04410084229546, 141.7766098829946, 244.04559394005253, 234.98305905179527, 215.99386561663098]</SD>
		<WAVELENGTH_UNIT>E-6m</WAVELENGTH_UNIT>
		<COLOR>#bb745a</COLOR>
		<COVARIANCE_MATRIX>[[8940.481658697283, 9194.963198749692, 7727.563735605631, 10411.19951173196, 13671.942638674871, 10690.05577474456], [9194.963198749692, 12563.308415166011, 10693.200902153007, 19071.893070848906, 14065.010452984505, 9485.945858906549], [7727.563735605631, 10693.200902153007, 18153.643247686257, 13705.457534401363, 22350.073284435504, 18558.292494832087], [10411.19951173196, 19071.893070848906, 13705.457534401363, 53053.41067687627, 19083.499771717583, 8650.610564139417], [13671.942638674871, 14065.010452984505, 22350.073284435504, 19083.499771717583, 52842.55252962166, 44668.74695037481], [10690.05577474456, 9485.945858906549, 18558.292494832087, 8650.610564139417, 44668.74695037481, 42081.07256736849]]</COVARIANCE_MATRIX>
		<ROI_SIZE>5565</ROI_SIZE>
		<MAX_VALUE>[1262.0, 1748.0, 2213.0, 3848.0, 4526.0, 3068.0]</MAX_VALUE>
		<MIN_VALUE>[660.0, 1065.0, 1344.0, 2850.0, 3528.0, 2127.0]</MIN_VALUE>
		<SIGNATURE_THRESHOLD_MD>0</SIGNATURE_THRESHOLD_MD>
		<SIGNATURE_THRESHOLD_ML>0</SIGNATURE_THRESHOLD_ML>
		<SIGNATURE_THRESHOLD_SAM>0</SIGNATURE_THRESHOLD_SAM>
	</signature>
	<signature ID="20190912_193148355748_747">
		<MACROCLASSID>3</MACROCLASSID>
		<MACROCLASSINFO>barren</MACROCLASSINFO>
		<CLASSID>109</CLASSID>
		<CLASSINFO>C 1</CLASSINFO>
		<VALUES>[960.1973482916875, 119.64450706355038, 1400.8906170321284, 154.22091719026727, 1894.2085670576244, 172.80904692365112, 3343.49209586945, 235.80359649090246, 4043.907190209081, 220.49628681231962, 2726.916624171337, 219.80922940586441]</VALUES>
		<LCS_MIN>[637.0, 1042.0, 1329.0, 2758.0, 3642.0, 2279.0]</LCS_MIN>
		<LCS_MAX>[1338.0, 1784.0, 2327.0, 3757.0, 4630.0, 3273.0]</LCS_MAX>
		<WAVELENGTH>[0.48, 0.56, 0.655, 0.865, 1.61, 2.2]</WAVELENGTH>
		<MEAN_VALUE>[960.1973482916875, 1400.8906170321284, 1894.2085670576244, 3343.49209586945, 4043.907190209081, 2726.916624171337]</MEAN_VALUE>
		<CHECKBOX>2</CHECKBOX>
		<SD>[119.64450706355038, 154.22091719026727, 172.80904692365112, 235.80359649090246, 220.49628681231962, 219.80922940586441]</SD>
		<WAVELENGTH_UNIT>E-6m</WAVELENGTH_UNIT>
		<COLOR>#053815</COLOR>
		<COVARIANCE_MATRIX>[[13818.012248706698, 16060.98047591642, 13222.10515473038, 13629.903142609754, 7082.712944423951, 6050.654585938693], [16060.98047591642, 22601.943176050117, 20916.88520759072, 19392.92508817209, 6652.513506339578, 4444.261276566271], [13222.10515473038, 20916.88520759072, 26082.42200023256, 16623.039602787183, 13793.016733254153, 10871.929125218589], [13629.903142609754, 19392.92508817209, 16623.039602787183, 49482.28914228631, 19631.93791264415, 16180.51365696548], [7082.712944423951, 6652.513506339578, 13793.016733254153, 19631.93791264415, 53200.065595659544, 49363.2010288991], [6050.654585938693, 4444.261276566271, 10871.929125218589, 16180.51365696548, 49363.2010288991, 53760.4636908491]]</COVARIANCE_MATRIX>
		<ROI_SIZE>19753</ROI_SIZE>
		<MAX_VALUE>[1338.0, 1784.0, 2327.0, 3757.0, 4630.0, 3273.0]</MAX_VALUE>
		<MIN_VALUE>[637.0, 1042.0, 1329.0, 2758.0, 3642.0, 2279.0]</MIN_VALUE>
		<SIGNATURE_THRESHOLD_MD>0</SIGNATURE_THRESHOLD_MD>
		<SIGNATURE_THRESHOLD_ML>0</SIGNATURE_THRESHOLD_ML>
		<SIGNATURE_THRESHOLD_SAM>0</SIGNATURE_THRESHOLD_SAM>
	</signature>
	<signature ID="20190912_193157303134_529">
		<MACROCLASSID>3</MACROCLASSID>
		<MACROCLASSINFO>barren</MACROCLASSINFO>
		<CLASSID>110</CLASSID>
		<CLASSINFO>C 1</CLASSINFO>
		<VALUES>[948.0215203054516, 121.14157148622688, 1444.5720236029138, 141.34965950669783, 1923.3554321416193, 148.21025998691746, 3290.761194029843, 259.05273713736284, 4311.40159666781, 257.58088699858956, 2967.064908018049, 233.44629088123537]</VALUES>
		<LCS_MIN>[630.0, 1107.0, 1535.0, 2828.0, 3914.0, 2534.0]</LCS_MIN>
		<LCS_MAX>[1252.0, 1797.0, 2327.0, 3826.0, 4913.0, 3530.0]</LCS_MAX>
		<WAVELENGTH>[0.48, 0.56, 0.655, 0.865, 1.61, 2.2]</WAVELENGTH>
		<MEAN_VALUE>[948.0215203054516, 1444.5720236029138, 1923.3554321416193, 3290.761194029843, 4311.40159666781, 2967.064908018049]</MEAN_VALUE>
		<CHECKBOX>2</CHECKBOX>
		<SD>[121.14157148622688, 141.34965950669783, 148.21025998691746, 259.05273713736284, 257.58088699858956, 233.44629088123537]</SD>
		<WAVELENGTH_UNIT>E-6m</WAVELENGTH_UNIT>
		<COLOR>#87d52a</COLOR>
		<COVARIANCE_MATRIX>[[13210.73954560042, 13180.254318076537, 13266.97770417163, 19694.05817664944, 23002.335002925647, 21722.69084160548], [13180.254318076537, 16958.529178530054, 19007.02092491366, 26047.347044306163, 27962.575597123563, 24474.357598399507], [13266.97770417163, 19007.02092491366, 24753.992364651393, 28752.9071491893, 32868.551120225085, 28202.86849902997], [19694.05817664944, 26047.347044306163, 28752.9071491893, 52158.16899738177, 46453.37531340677, 37324.56385990223], [23002.335002925647, 27962.575597123563, 32868.551120225085, 46453.37531340677, 64812.39574604427, 53638.04512099902], [21722.69084160548, 24474.357598399507, 28202.86849902997, 37324.56385990223, 53638.04512099902, 51887.348759459885]]</COVARIANCE_MATRIX>
		<ROI_SIZE>12029</ROI_SIZE>
		<MAX_VALUE>[1252.0, 1797.0, 2327.0, 3826.0, 4913.0, 3530.0]</MAX_VALUE>
		<MIN_VALUE>[630.0, 1107.0, 1535.0, 2828.0, 3914.0, 2534.0]</MIN_VALUE>
		<SIGNATURE_THRESHOLD_MD>0</SIGNATURE_THRESHOLD_MD>
		<SIGNATURE_THRESHOLD_ML>0</SIGNATURE_THRESHOLD_ML>
