<?xml version="1.0" ?>
<signaturelist MCID_LIST="[[u'1', u'water', u'#c69b35'], [u'2', u'vegetation', u'#707065'], [u'3', u'barren', u'#e4f758'], [u'4', u'builtup', u'#c3e05e']]">
	<signature ID="20180407_233427175000_792">
		<MACROCLASSID>4</MACROCLASSID>
		<MACROCLASSINFO>builtup</MACROCLASSINFO>
		<CLASSID>18</CLASSID>
		<CLASSINFO>C 1</CLASSINFO>
		<VALUES>[0.09642067411398975, 0.0059159224113276435, 0.10640744199612039, 0.008780716200158974, 0.1139764108616048, 0.013936067361129583, 0.23458539719291283, 0.017768299488188626, 0.22426212746718718, 0.023646354515716516, 0.16395905415950232, 0.0255035393074313]</VALUES>
		<LCS_MIN>[0.0816652700304985, 0.08375239372253418, 0.07674015313386917, 0.1887103021144867, 0.17796824872493744, 0.11035242676734924]</LCS_MIN>
		<LCS_MAX>[0.10880635678768158, 0.12710155546665192, 0.14853118360042572, 0.28227028250694275, 0.2758904695510864, 0.21006740629673004]</LCS_MAX>
		<WAVELENGTH>[0.48, 0.56, 0.655, 0.865, 1.61, 2.2]</WAVELENGTH>
		<MEAN_VALUE>[0.09642067411398975, 0.10640744199612039, 0.1139764108616048, 0.23458539719291283, 0.22426212746718718, 0.16395905415950232]</MEAN_VALUE>
		<CHECKBOX>2</CHECKBOX>
		<SD>[0.0059159224113276435, 0.008780716200158974, 0.013936067361129583, 0.017768299488188626, 0.023646354515716516, 0.0255035393074313]</SD>
		<WAVELENGTH_UNIT>E-6m</WAVELENGTH_UNIT>
		<COLOR>#4419c0</COLOR>
		<COVARIANCE_MATRIX>[[3.512776071009626e-05, 4.707106800278824e-05, 7.087802111957013e-05, -2.9424182743934776e-05, 4.288880777596698e-05, 9.172409158012633e-05], [4.707106800278824e-05, 7.738653616176297e-05, 0.00011737211003726066, -1.7174706858973862e-05, 7.319624359334442e-05, 0.00012264935317575894], [7.087802111957013e-05, 0.00011737211003726066, 0.00019493328450688187, -3.1889986297007444e-05, 0.0001488844832606591, 0.0002155756322775997], [-2.9424182743934776e-05, -1.7174706858973862e-05, -3.1889986297007444e-05, 0.00031688177213419396, 0.00011275239665280948, -5.561605473031721e-05], [4.288880777596698e-05, 7.319624359334442e-05, 0.0001488844832606591, 0.00011275239665280948, 0.0005612210081121431, 0.0005134568966866421], [9.172409158012633e-05, 0.00012264935317575894, 0.0002155756322775997, -5.561605473031721e-05, 0.0005134568966866421, 0.0006528395191212694]]</COVARIANCE_MATRIX>
		<ROI_SIZE>271</ROI_SIZE>
		<MAX_VALUE>[0.10880635678768158, 0.12710155546665192, 0.14853118360042572, 0.28227028250694275, 0.2758904695510864, 0.21006740629673004]</MAX_VALUE>
		<MIN_VALUE>[0.0816652700304985, 0.08375239372253418, 0.07674015313386917, 0.1887103021144867, 0.17796824872493744, 0.11035242676734924]</MIN_VALUE>
		<SIGNATURE_THRESHOLD_MD>0.0</SIGNATURE_THRESHOLD_MD>
		<SIGNATURE_THRESHOLD_ML>0.0</SIGNATURE_THRESHOLD_ML>
		<SIGNATURE_THRESHOLD_SAM>0.0</SIGNATURE_THRESHOLD_SAM>
	</signature>
	<signature ID="20180407_232742293000_391">
		<MACROCLASSID>1</MACROCLASSID>
		<MACROCLASSINFO>water</MACROCLASSINFO>
		<CLASSID>3</CLASSID>
		<CLASSINFO>C 1</CLASSINFO>
		<VALUES>[0.0876858237066439, 0.0020623738736059135, 0.1017968249876821, 0.0032004410595297453, 0.09566106730037266, 0.004093692530106783, 0.09805269897102366, 0.014874639280836861, 0.04104886470835597, 0.013611480257235922, 0.025266681768236657, 0.008220326760107177]</VALUES>
		<LCS_MIN>[0.08031678944826126, 0.0891219973564148, 0.08022183179855347, 0.07624712586402893, 0.02424456737935543, 0.015124285593628883]</LCS_MIN>
		<LCS_MAX>[0.09389961510896683, 0.11067395657300949, 0.10834487527608871, 0.14072895050048828, 0.08156608790159225, 0.053911857306957245]</LCS_MAX>
		<WAVELENGTH>[0.48, 0.56, 0.655, 0.865, 1.61, 2.2]</WAVELENGTH>
		<MEAN_VALUE>[0.0876858237066439, 0.1017968249876821, 0.09566106730037266, 0.09805269897102366, 0.04104886470835597, 0.025266681768236657]</MEAN_VALUE>
		<CHECKBOX>2</CHECKBOX>
		<SD>[0.0020623738736059135, 0.0032004410595297453, 0.004093692530106783, 0.014874639280836861, 0.013611480257235922, 0.008220326760107177]</SD>
		<WAVELENGTH_UNIT>E-6m</WAVELENGTH_UNIT>
		<COLOR>#5aa1bb</COLOR>
		<COVARIANCE_MATRIX>[[4.270331755466651e-06, 6.016013509439681e-06, 7.816216516780399e-06, -1.2279081102148918e-05, -4.267507191131415e-06, 5.836478477388534e-07], [6.016013509439681e-06, 1.028363103518737e-05, 1.220150109914215e-05, -2.999440523117522e-05, -1.7642173119201776e-05, -5.667279674990831e-06], [7.816216516780399e-06, 1.220150109914215e-05, 1.6825084740339195e-05, -2.7601631901359074e-05, -9.204964407653331e-06, 1.9099918467080143e-06], [-1.2279081102148918e-05, -2.999440523117522e-05, -2.7601631901359074e-05, 0.0002221363873355528, 0.0001873961926830262, 9.967831522342198e-05], [-4.267507191131415e-06, -1.7642173119201776e-05, -9.204964407653331e-06, 0.0001873961926830262, 0.00018601053182417163, 0.00010839593019429573], [5.836478477388534e-07, -5.667279674990831e-06, 1.9099918467080143e-06, 9.967831522342198e-05, 0.00010839593019429573, 6.784299025824473e-05]]</COVARIANCE_MATRIX>
		<ROI_SIZE>252</ROI_SIZE>
		<MAX_VALUE>[0.09389961510896683, 0.11067395657300949, 0.10834487527608871, 0.14072895050048828, 0.08156608790159225, 0.053911857306957245]</MAX_VALUE>
		<MIN_VALUE>[0.08031678944826126, 0.0891219973564148, 0.08022183179855347, 0.07624712586402893, 0.02424456737935543, 0.015124285593628883]</MIN_VALUE>
		<SIGNATURE_THRESHOLD_MD>0.0</SIGNATURE_THRESHOLD_MD>
		<SIGNATURE_THRESHOLD_ML>0.0</SIGNATURE_THRESHOLD_ML>
		<SIGNATURE_THRESHOLD_SAM>0.0</SIGNATURE_THRESHOLD_SAM>
	</signature>
	<signature ID="20180407_233046830000_109">
		<MACROCLASSID>3</MACROCLASSID>
		<MACROCLASSINFO>barren</MACROCLASSINFO>
		<CLASSID>12</CLASSID>
		<CLASSINFO>C 1</CLASSINFO>
		<VALUES>[0.07990552923612058, 0.0015101017221733554, 0.08373726303538974, 0.0021976289266927903, 0.08317692532774895, 0.0037503239312411786, 0.1970585298634345, 0.014878882192754048, 0.15134015162625616, 0.018521693807629778, 0.087614401694267, 0.012891479226195756]</VALUES>
		<LCS_MIN>[0.07646753638982773, 0.07899575680494308, 0.07237580418586731, 0.17093488574028015, 0.09762495011091232, 0.053911857306957245]</LCS_MIN>
		<LCS_MAX>[0.08438673615455627, 0.09250558912754059, 0.09669843316078186, 0.22730132937431335, 0.1885107010602951, 0.1200125515460968]</LCS_MAX>
		<WAVELENGTH>[0.48, 0.56, 0.655, 0.865, 1.61, 2.2]</WAVELENGTH>
		<MEAN_VALUE>[0.07990552923612058, 0.08373726303538974, 0.08317692532774895, 0.1970585298634345, 0.15134015162625616, 0.087614401694267]</MEAN_VALUE>
		<CHECKBOX>2</CHECKBOX>
		<SD>[0.0015101017221733554, 0.0021976289266927903, 0.0037503239312411786, 0.014878882192754048, 0.018521693807629778, 0.012891479226195756]</SD>
		<WAVELENGTH_UNIT>E-6m</WAVELENGTH_UNIT>
		<COLOR>#7bdd5b</COLOR>
		<COVARIANCE_MATRIX>[[2.2896396291705007e-06, 2.9446344649586963e-06, 4.6841946692437625e-06, -3.885430566477475e-06, 5.040109209100001e-06, 6.722465178346171e-06], [2.9446344649586963e-06, 4.8491258261553e-06, 6.888118817116482e-06, 2.9975466985761153e-06, 1.3448287883394228e-05, 1.277757952821067e-05], [4.6841946692437625e-06, 6.888118817116482e-06, 1.4121872624014544e-05, -1.180105284584231e-05, 3.432987619166867e-05, 3.1681154261119636e-05], [-3.885430566477475e-06, 2.9975466985761153e-06, -1.180105284584231e-05, 0.00022227741520587736, 8.090133520827321e-05, 2.6604907205427664e-05], [5.040109209100001e-06, 1.3448287883394228e-05, 3.432987619166867e-05, 8.090133520827321e-05, 0.0003444420206189904, 0.00022969708113427433], [6.722465178346171e-06, 1.277757952821067e-05, 3.1681154261119636e-05, 2.6604907205427664e-05, 0.00022969708113427433, 0.0001668630716055882]]</COVARIANCE_MATRIX>
		<ROI_SIZE>248</ROI_SIZE>
		<MAX_VALUE>[0.08438673615455627, 0.09250558912754059, 0.09669843316078186, 0.22730132937431335, 0.1885107010602951, 0.1200125515460968]</MAX_VALUE>
		<MIN_VALUE>[0.07646753638982773, 0.07899575680494308, 0.07237580418586731, 0.17093488574028015, 0.09762495011091232, 0.053911857306957245]</MIN_VALUE>
		<SIGNATURE_THRESHOLD_MD>0.0</SIGNATURE_THRESHOLD_MD>
		<SIGNATURE_THRESHOLD_ML>0.0</SIGNATURE_THRESHOLD_ML>
		<SIGNATURE_THRESHOLD_SAM>0.0</SIGNATURE_THRESHOLD_SAM>
	</signature>
	<signature ID="20180407_233150624000_223">
		<MACROCLASSID>4</MACROCLASSID>
		<MACROCLASSINFO>builtup</MACROCLASSINFO>
		<CLASSID>15</CLASSID>
		<CLASSINFO>C 1</CLASSINFO>
		<VALUES>[0.08608823717340054, 0.0032382308147063743, 0.08691473249258569, 0.005058829302626691, 0.0923096961888349, 0.008308992209557348, 0.182944484999482, 0.01329588088244257, 0.17791840748887666, 0.01860672906638785, 0.14150464821589379, 0.022913301248935498]</VALUES>
		<LCS_MIN>[0.08007160574197769, 0.0791919007897377, 0.07472960650920868, 0.14470084011554718, 0.13959862291812897, 0.09615648537874222]</LCS_MIN>
		<LCS_MAX>[0.09765081852674484, 0.10996292531490326, 0.12460082769393921, 0.2067553997039795, 0.2203586846590042, 0.19145818054676056]</LCS_MAX>
		<WAVELENGTH>[0.48, 0.56, 0.655, 0.865, 1.61, 2.2]</WAVELENGTH>
		<MEAN_VALUE>[0.08608823717340054, 0.08691473249258569, 0.0923096961888349, 0.182944484999482, 0.17791840748887666, 0.14150464821589379]</MEAN_VALUE>
		<CHECKBOX>2</CHECKBOX>
		<SD>[0.0032382308147063743, 0.005058829302626691, 0.008308992209557348, 0.01329588088244257, 0.01860672906638785, 0.022913301248935498]</SD>
		<WAVELENGTH_UNIT>E-6m</WAVELENGTH_UNIT>
		<COLOR>#c751b5</COLOR>
		<COVARIANCE_MATRIX>[[1.0535601728225901e-05, 1.529678391996508e-05, 2.2257599241322566e-05, -7.949228301052406e-06, 8.48013735959686e-06, 1.5543216546333403e-05], [1.529678391996508e-05, 2.571246973345942e-05, 3.4795817395595885e-05, -3.4934236624904193e-06, 1.0303686471576087e-05, 1.5631928383256806e-05], [2.2257599241322566e-05, 3.4795817395595885e-05, 6.936500885706261e-05, -2.7563002588614893e-05, 6.554473593708751e-05, 8.754895191960072e-05], [-7.949228301052406e-06, -3.4934236624904193e-06, -2.7563002588614893e-05, 0.00017761431847991368, -1.1413480488127592e-05, -7.866141735428152e-05], [8.48013735959686e-06, 1.0303686471576087e-05, 6.554473593708751e-05, -1.1413480488127592e-05, 0.0003478434343167075, 0.00040356695278631285], [1.5543216546333403e-05, 1.5631928383256806e-05, 8.754895191960072e-05, -7.866141735428152e-05, 0.00040356695278631285, 0.0005274958806061881]]</COVARIANCE_MATRIX>
		<ROI_SIZE>213</ROI_SIZE>
		<MAX_VALUE>[0.09765081852674484, 0.10996292531490326, 0.12460082769393921, 0.2067553997039795, 0.2203586846590042, 0.19145818054676056]</MAX_VALUE>
		<MIN_VALUE>[0.08007160574197769, 0.0791919007897377, 0.07472960650920868, 0.14470084011554718, 0.13959862291812897, 0.09615648537874222]</MIN_VALUE>
		<SIGNATURE_THRESHOLD_MD>0.0</SIGNATURE_THRESHOLD_MD>
		<SIGNATURE_THRESHOLD_ML>0.0</SIGNATURE_THRESHOLD_ML>
		<SIGNATURE_THRESHOLD_SAM>0.0</SIGNATURE_THRESHOLD_SAM>
	</signature>
	<signature ID="20180407_233011275000_812">
		<MACROCLASSID>3</MACROCLASSID>
		<MACROCLASSINFO>barren</MACROCLASSINFO>
		<CLASSID>10</CLASSID>
		<CLASSINFO>C 1</CLASSINFO>
		<VALUES>[0.08409576167225317, 0.0022659668007282974, 0.09201175131986841, 0.003369471842980652, 0.09823967201331639, 0.006340564028547939, 0.20613232373140988, 0.011444674111196736, 0.20739779447406398, 0.02171108553956206, 0.1339570666265382, 0.018633131335809863]</VALUES>
		<LCS_MIN>[0.07585456222295761, 0.07857892662286758, 0.07345463335514069, 0.17836381494998932, 0.14732159674167633, 0.08166629821062088]</LCS_MIN>
		<LCS_MAX>[0.08830955624580383, 0.10049869120121002, 0.11060061305761337, 0.23254814743995667, 0.245464488863945, 0.1653219312429428]</LCS_MAX>
		<WAVELENGTH>[0.48, 0.56, 0.655, 0.865, 1.61, 2.2]</WAVELENGTH>
		<MEAN_VALUE>[0.08409576167225317, 0.09201175131986841, 0.09823967201331639, 0.20613232373140988, 0.20739779447406398, 0.1339570666265382]</MEAN_VALUE>
		<CHECKBOX>2</CHECKBOX>
		<SD>[0.0022659668007282974, 0.003369471842980652, 0.006340564028547939, 0.011444674111196736, 0.02171108553956206, 0.018633131335809863]</SD>
		<WAVELENGTH_UNIT>E-6m</WAVELENGTH_UNIT>
		<COLOR>#e24efb</COLOR>
		<COVARIANCE_MATRIX>[[5.157325035551554e-06, 6.969372116342351e-06, 1.3007425972179917e-05, -2.707829214236231e-06, 2.9423221540142208e-05, 2.546920444155114e-05], [6.969372116342351e-06, 1.1403576520553772e-05, 1.990284117802344e-05, 1.567673006588368e-06, 4.369978196810589e-05, 3.496496700988694e-05], [1.3007425972179917e-05, 1.990284117802344e-05, 4.038064048418731e-05, -6.297891287213588e-06, 0.00010355295270703841, 8.750321648164089e-05], [-2.707829214236231e-06, 1.567673006588368e-06, -6.297891287213588e-06, 0.0001315601255358842, 6.90194975619883e-05, 2.3124285714347994e-05], [2.9423221540142208e-05, 4.369978196810589e-05, 0.00010355295270703841, 6.90194975619883e-05, 0.00047345694873673916, 0.00039144634680300184], [2.546920444155114e-05, 3.496496700988694e-05, 8.750321648164089e-05, 2.3124285714347994e-05, 0.00039144634680300184, 0.0003487298381712448]]</COVARIANCE_MATRIX>
		<ROI_SIZE>227</ROI_SIZE>
		<MAX_VALUE>[0.08830955624580383, 0.10049869120121002, 0.11060061305761337, 0.23254814743995667, 0.245464488863945, 0.1653219312429428]</MAX_VALUE>
		<MIN_VALUE>[0.07585456222295761, 0.07857892662286758, 0.07345463335514069, 0.17836381494998932, 0.14732159674167633, 0.08166629821062088]</MIN_VALUE>
		<SIGNATURE_THRESHOLD_MD>0.0</SIGNATURE_THRESHOLD_MD>
		<SIGNATURE_THRESHOLD_ML>0.0</SIGNATURE_THRESHOLD_ML>
		<SIGNATURE_THRESHOLD_SAM>0.0</SIGNATURE_THRESHOLD_SAM>
	</signature>
	<signature ID="20180407_232904195000_314">
		<MACROCLASSID>2</MACROCLASSID>
		<MACROCLASSINFO>vegetation</MACROCLASSINFO>
		<CLASSID>7</CLASSID>
		<CLASSINFO>C 1</CLASSINFO>
		<VALUES>[0.06821207840580881, 0.003687891127401851, 0.0735972633868678, 0.0050167925827750886, 0.059633873302740344, 0.006393151185251437, 0.3531179285406171, 0.024709164949564367, 0.17972449472271623, 0.011784736430451814, 0.07898248321100362, 0.008965754472432957]</VALUES>
		<LCS_MIN>[0.05724562332034111, 0.059674981981515884, 0.046018101274967194, 0.3079894781112671, 0.15803565084934235, 0.0635719746351242]</LCS_MIN>
		<LCS_MAX>[0.07754629850387573, 0.09118156135082245, 0.08941635489463806, 0.4077278673648834, 0.25291770696640015, 0.13138893246650696]</LCS_MAX>
		<WAVELENGTH>[0.48, 0.56, 0.655, 0.865, 1.61, 2.2]</WAVELENGTH>
		<MEAN_VALUE>[0.06821207840580881, 0.0735972633868678, 0.059633873302740344, 0.3531179285406171, 0.17972449472271623, 0.07898248321100362]</MEAN_VALUE>
		<CHECKBOX>2</CHECKBOX>
		<SD>[0.003687891127401851, 0.0050167925827750886, 0.006393151185251437, 0.024709164949564367, 0.011784736430451814, 0.008965754472432957]</SD>
		<WAVELENGTH_UNIT>E-6m</WAVELENGTH_UNIT>
		<COLOR>#dcdc4a</COLOR>
		<COVARIANCE_MATRIX>[[1.4260348340758183e-05, 1.783487729586244e-05, 2.3507907590756327e-05, -3.861772961293376e-05, 2.1069349060298364e-05, 2.1613375908819678e-05], [1.783487729586244e-05, 2.453684942516954e-05, 3.0740600513759074e-05, -4.1776219262336235e-05, 3.533317774113568e-05, 3.248716275167858e-05], [2.3507907590756327e-05, 3.0740600513759074e-05, 4.256571917453849e-05, -7.747245734536723e-05, 4.4879982646447476e-05, 4.629652202374653e-05], [-3.861772961293376e-05, -4.1776219262336235e-05, -7.747245734536723e-05, 0.0005252108831340265, -1.720641716272849e-05, -8.443987423781731e-05], [2.1069349060298364e-05, 3.533317774113568e-05, 4.4879982646447476e-05, -1.720641716272849e-05, 0.00013645758081836697, 9.723068533366984e-05], [2.1613375908819678e-05, 3.248716275167858e-05, 4.629652202374653e-05, -8.443987423781731e-05, 9.723068533366984e-05, 8.633421231584908e-05]]</COVARIANCE_MATRIX>
		<ROI_SIZE>3980</ROI_SIZE>
		<MAX_VALUE>[0.07754629850387573, 0.09118156135082245, 0.08941635489463806, 0.4077278673648834, 0.25291770696640015, 0.13138893246650696]</MAX_VALUE>
		<MIN_VALUE>[0.05724562332034111, 0.059674981981515884, 0.046018101274967194, 0.3079894781112671, 0.15803565084934235, 0.0635719746351242]</MIN_VALUE>
		<SIGNATURE_THRESHOLD_MD>0.0</SIGNATURE_THRESHOLD_MD>
		<SIGNATURE_THRESHOLD_ML>0.0</SIGNATURE_THRESHOLD_ML>
		<SIGNATURE_THRESHOLD_SAM>0.0</SIGNATURE_THRESHOLD_SAM>
	</signature>
	<signature ID="20180407_233137317000_428">
		<MACROCLASSID>4</MACROCLASSID>
		<MACROCLASSINFO>builtup</MACROCLASSINFO>
		<CLASSID>14</CLASSID>
		<CLASSINFO>C 1</CLASSINFO>
		<VALUES>[0.08678166528283815, 0.00322221956393517, 0.08736612208393271, 0.0046338882409316644, 0.0920393859019126, 0.007297386681797138, 0.18143516148160566, 0.01524380168159763, 0.18385947639682548, 0.017141978344909277, 0.14855797022603978, 0.020347500159933713]</VALUES>
		<LCS_MIN>[0.07671268284320831, 0.07536696642637253, 0.0683792382478714, 0.12810230255126953, 0.12878648936748505, 0.10020196437835693]</LCS_MIN>
		<LCS_MAX>[0.10588877648115158, 0.11739210784435272, 0.12982332706451416, 0.21310551464557648, 0.22702741622924805, 0.1987890899181366]</LCS_MAX>
		<WAVELENGTH>[0.48, 0.56, 0.655, 0.865, 1.61, 2.2]</WAVELENGTH>
		<MEAN_VALUE>[0.08678166528283815, 0.08736612208393271, 0.0920393859019126, 0.18143516148160566, 0.18385947639682548, 0.14855797022603978]</MEAN_VALUE>
		<CHECKBOX>2</CHECKBOX>
		<SD>[0.00322221956393517, 0.0046338882409316644, 0.007297386681797138, 0.01524380168159763, 0.017141978344909277, 0.020347500159933713]</SD>
		<WAVELENGTH_UNIT>E-6m</WAVELENGTH_UNIT>
		<COLOR>#c3e05e</COLOR>
		<COVARIANCE_MATRIX>[[1.039066722129035e-05, 1.3852440217259976e-05, 2.044828264758487e-05, -1.0293365142459608e-05, 1.2678992074739128e-05, 1.9867566416216987e-05], [1.3852440217259976e-05, 2.1489399830541783e-05, 2.9009260487266075e-05, -2.2997599661487795e-06, 1.8548620254879802e-05, 2.178761004232467e-05], [2.044828264758487e-05, 2.9009260487266075e-05, 5.329272103477049e-05, -2.8216329601545983e-05, 5.050628186203257e-05, 7.02203253162199e-05], [-1.0293365142459608e-05, -2.2997599661487795e-06, -2.8216329601545983e-05, 0.00023255182699852167, 2.5564453974370135e-05, -6.456994405120992e-05], [1.2678992074739128e-05, 1.8548620254879802e-05, 5.050628186203257e-05, 2.5564453974370135e-05, 0.0002940729376338062, 0.0003228607434277922], [1.9867566416216987e-05, 2.178761004232467e-05, 7.02203253162199e-05, -6.456994405120992e-05, 0.0003228607434277922, 0.0004143385070123463]]</COVARIANCE_MATRIX>
		<ROI_SIZE>1304</ROI_SIZE>
		<MAX_VALUE>[0.10588877648115158, 0.11739210784435272, 0.12982332706451416, 0.21310551464557648, 0.22702741622924805, 0.1987890899181366]</MAX_VALUE>
		<MIN_VALUE>[0.07671268284320831, 0.07536696642637253, 0.0683792382478714, 0.12810230255126953, 0.12878648936748505, 0.10020196437835693]</MIN_VALUE>
		<SIGNATURE_THRESHOLD_MD>0.0</SIGNATURE_THRESHOLD_MD>
		<SIGNATURE_THRESHOLD_ML>0.0</SIGNATURE_THRESHOLD_ML>
		<SIGNATURE_THRESHOLD_SAM>0.0</SIGNATURE_THRESHOLD_SAM>
	</signature>
	<signature ID="20180407_232815867000_317">
		<MACROCLASSID>1</MACROCLASSID>
		<MACROCLASSINFO>water</MACROCLASSINFO>
		<CLASSID>4</CLASSID>
		<CLASSINFO>C 1</CLASSINFO>
		<VALUES>[0.06064496607253773, 0.0012523825689787897, 0.05830241277995383, 0.0015701618066424209, 0.0459555480931666, 0.0014667489711100946, 0.03376553708458063, 0.006697734964006597, 0.01678113164619638, 0.004444314864147883, 0.013251383986742476, 0.0028422667337601216]</VALUES>
		<LCS_MIN>[0.05528422072529793, 0.05315299332141876, 0.04180087894201279, 0.026279818266630173, 0.013530489057302475, 0.010171635076403618]</LCS_MIN>
		<LCS_MAX>[0.0681069865822792, 0.06654023379087448, 0.059871233999729156, 0.07796337455511093, 0.0608244314789772, 0.04788040742278099]</LCS_MAX>
		<WAVELENGTH>[0.48, 0.56, 0.655, 0.865, 1.61, 2.2]</WAVELENGTH>
		<MEAN_VALUE>[0.06064496607253773, 0.05830241277995383, 0.0459555480931666, 0.03376553708458063, 0.01678113164619638, 0.013251383986742476]</MEAN_VALUE>
		<CHECKBOX>2</CHECKBOX>
		<SD>[0.0012523825689787897, 0.0015701618066424209, 0.0014667489711100946, 0.006697734964006597, 0.004444314864147883, 0.0028422667337601216]</SD>
		<WAVELENGTH_UNIT>E-6m</WAVELENGTH_UNIT>
		<COLOR>#0865f4</COLOR>
		<COVARIANCE_MATRIX>[[1.881721024265208e-06, 2.121321429437512e-06, 1.9123053421034867e-06, 1.2257501971405207e-06, 1.0187035572519008e-06, 9.886487672039862e-07], [2.121321429437512e-06, 3.2170648571229646e-06, 2.7366531696934e-06, 6.4384876246995445e-06, 3.181906400033878e-06, 1.9203867520278857e-06], [1.9123053421034867e-06, 2.7366531696934e-06, 2.7673581783718946e-06, 6.745068677914325e-06, 4.478605059593521e-06, 2.993612071898018e-06], [1.2257501971405207e-06, 6.4384876246995445e-06, 6.745068677914325e-06, 6.055102144313425e-05, 3.207909177591218e-05, 1.6345786507759084e-05], [1.0187035572519008e-06, 3.181906400033878e-06, 4.478605059593521e-06, 3.207909177591218e-05, 2.4638672940202562e-05, 1.4559838322534779e-05], [9.886487672039862e-07, 1.9203867520278857e-06, 2.993612071898018e-06, 1.6345786507759084e-05, 1.4559838322534779e-05, 9.746847540177554e-06]]</COVARIANCE_MATRIX>
		<ROI_SIZE>2733</ROI_SIZE>
		<MAX_VALUE>[0.0681069865822792, 0.06654023379087448, 0.059871233999729156, 0.07796337455511093, 0.0608244314789772, 0.04788040742278099]</MAX_VALUE>
		<MIN_VALUE>[0.05528422072529793, 0.05315299332141876, 0.04180087894201279, 0.026279818266630173, 0.013530489057302475, 0.010171635076403618]</MIN_VALUE>
		<SIGNATURE_THRESHOLD_MD>0.0</SIGNATURE_THRESHOLD_MD>
		<SIGNATURE_THRESHOLD_ML>0.0</SIGNATURE_THRESHOLD_ML>
		<SIGNATURE_THRESHOLD_SAM>0.0</SIGNATURE_THRESHOLD_SAM>
	</signature>
	<signature ID="20180407_232957859000_961">
		<MACROCLASSID>3</MACROCLASSID>
		<MACROCLASSINFO>barren</MACROCLASSINFO>
		<CLASSID>9</CLASSID>
		<CLASSINFO>C 1</CLASSINFO>
		<VALUES>[0.0824596920335779, 0.002136987181647377, 0.0922242168413133, 0.0034578349735125366, 0.09969499099011331, 0.0073353941067882565, 0.24188979207252959, 0.013522812689080808, 0.25044803397387877, 0.020396086415927796, 0.15483690877350006, 0.016429756934447533]</VALUES>
		<LCS_MIN>[0.07484933733940125, 0.0819380059838295, 0.07813772559165955, 0.21119314432144165, 0.21359191834926605, 0.11675164103507996]</LCS_MIN>
		<LCS_MAX>[0.09122718125581741, 0.105794757604599, 0.1200648620724678, 0.2785681188106537, 0.3130342364311218, 0.1996472328901291]</LCS_MAX>
		<WAVELENGTH>[0.48, 0.56, 0.655, 0.865, 1.61, 2.2]</WAVELENGTH>
		<MEAN_VALUE>[0.0824596920335779, 0.0922242168413133, 0.09969499099011331, 0.24188979207252959, 0.25044803397387877, 0.15483690877350006]</MEAN_VALUE>
		<CHECKBOX>2</CHECKBOX>
		<SD>[0.002136987181647377, 0.0034578349735125366, 0.0073353941067882565, 0.013522812689080808, 0.020396086415927796, 0.016429756934447533]</SD>
		<WAVELENGTH_UNIT>E-6m</WAVELENGTH_UNIT>
		<COLOR>#e4f758</COLOR>
		<COVARIANCE_MATRIX>[[4.576053098399442e-06, 6.878442090955703e-06, 1.4173736949673318e-05, -5.3028707755908996e-06, 2.6048177313386615e-05, 2.540683044613488e-05], [6.878442090955703e-06, 1.1981073875220353e-05, 2.4000545727429833e-05, -6.2742744397273814e-06, 4.432464080406045e-05, 4.156884714649461e-05], [1.4173736949673318e-05, 2.4000545727429833e-05, 5.391804352542519e-05, -2.608918011049884e-05, 0.00011279800596953326, 0.00010180275706747463], [-5.3028707755908996e-06, -6.2742744397273814e-06, -2.608918011049884e-05, 0.0001832404230710487, -4.93213695160454e-06, -3.822762702505064e-05], [2.6048177313386615e-05, 4.432464080406045e-05, 0.00011279800596953326, -4.93213695160454e-06, 0.00041685105752993344, 0.0003229078829711736], [2.540683044613488e-05, 4.156884714649461e-05, 0.00010180275706747463, -3.822762702505064e-05, 0.0003229078829711736, 0.000270488931151867]]</COVARIANCE_MATRIX>
		<ROI_SIZE>490</ROI_SIZE>
		<MAX_VALUE>[0.09122718125581741, 0.105794757604599, 0.1200648620724678, 0.2785681188106537, 0.3130342364311218, 0.1996472328901291]</MAX_VALUE>
		<MIN_VALUE>[0.07484933733940125, 0.0819380059838295, 0.07813772559165955, 0.21119314432144165, 0.21359191834926605, 0.11675164103507996]</MIN_VALUE>
		<SIGNATURE_THRESHOLD_MD>0.0</SIGNATURE_THRESHOLD_MD>
		<SIGNATURE_THRESHOLD_ML>0.0</SIGNATURE_THRESHOLD_ML>
		<SIGNATURE_THRESHOLD_SAM>0.0</SIGNATURE_THRESHOLD_SAM>
	</signature>
	<signature ID="20180407_233023305000_570">
		<MACROCLASSID>3</MACROCLASSID>
		<MACROCLASSINFO>barren</MACROCLASSINFO>
		<CLASSID>11</CLASSID>
		<CLASSINFO>C 1</CLASSINFO>
		<VALUES>[0.08500137074249933, 0.0027285976423791175, 0.09296075956565197, 0.0034409135405921282, 0.09987562144192587, 0.006206340422860788, 0.22225328792478427, 0.016400363040064158, 0.24119299240758474, 0.02185475825012069, 0.15520857557236614, 0.01709934801587272]</VALUES>
		<LCS_MIN>[0.07798759639263153, 0.08291876316070557, 0.0808347836136818, 0.17674562335014343, 0.20069579780101776, 0.11672712117433548]</LCS_MIN>
		<LCS_MAX>[0.09294340014457703, 0.10635866224765778, 0.12109462916851044, 0.2636857330799103, 0.2981031537055969, 0.20996932685375214]</LCS_MAX>
		<WAVELENGTH>[0.48, 0.56, 0.655, 0.865, 1.61, 2.2]</WAVELENGTH>
		<MEAN_VALUE>[0.08500137074249933, 0.09296075956565197, 0.09987562144192587, 0.22225328792478427, 0.24119299240758474, 0.15520857557236614]</MEAN_VALUE>
		<CHECKBOX>2</CHECKBOX>
		<SD>[0.0027285976423791175, 0.0034409135405921282, 0.006206340422860788, 0.016400363040064158, 0.02185475825012069, 0.01709934801587272]</SD>
		<WAVELENGTH_UNIT>E-6m</WAVELENGTH_UNIT>
		<COLOR>#955f2b</COLOR>
		<COVARIANCE_MATRIX>[[7.459187500539904e-06, 8.782541279784728e-06, 1.3575822861869576e-05, -8.901846033906228e-06, 1.193717146403083e-05, 1.6286523290261586e-05], [8.782541279784728e-06, 1.1862058064979726e-05, 1.9024253309755614e-05, -7.679342520099215e-06, 2.3622501884684435e-05, 2.5809579087680324e-05], [1.3575822861869576e-05, 1.9024253309755614e-05, 3.8590793769238044e-05, -3.3336832689436935e-05, 6.250396422782226e-05, 6.894264351308884e-05], [-8.901846033906228e-06, -7.679342520099215e-06, -3.3336832689436935e-05, 0.000269475600557224, 0.00011710564220666586, -7.732454285225662e-06], [1.193717146403083e-05, 2.3622501884684435e-05, 6.250396422782226e-05, 0.00011710564220666586, 0.0004785248972314645, 0.00033381172361755877], [1.6286523290261586e-05, 2.5809579087680324e-05, 6.894264351308884e-05, -7.732454285225662e-06, 0.00033381172361755877, 0.0002929352450821023]]</COVARIANCE_MATRIX>
		<ROI_SIZE>535</ROI_SIZE>
		<MAX_VALUE>[0.09294340014457703, 0.10635866224765778, 0.12109462916851044, 0.2636857330799103, 0.2981031537055969, 0.20996932685375214]</MAX_VALUE>
		<MIN_VALUE>[0.07798759639263153, 0.08291876316070557, 0.0808347836136818, 0.17674562335014343, 0.20069579780101776, 0.11672712117433548]</MIN_VALUE>
		<SIGNATURE_THRESHOLD_MD>0.0</SIGNATURE_THRESHOLD_MD>
		<SIGNATURE_THRESHOLD_ML>0.0</SIGNATURE_THRESHOLD_ML>
		<SIGNATURE_THRESHOLD_SAM>0.0</SIGNATURE_THRESHOLD_SAM>
	</signature>
	<signature ID="20180407_232729871000_969">
		<MACROCLASSID>1</MACROCLASSID>
		<MACROCLASSINFO>water</MACROCLASSINFO>
		<CLASSID>2</CLASSID>
		<CLASSINFO>C 1</CLASSINFO>
		<VALUES>[0.08623849238230762, 0.0020212326090271763, 0.10019120022858662, 0.003838151078749697, 0.09563809046394207, 0.004886953401325047, 0.09881794886433916, 0.01621695948032322, 0.04642670882278927, 0.01432755290449857, 0.029626712764370927, 0.009062637500464791]</VALUES>
		<LCS_MIN>[0.07791406661272049, 0.08313941210508347, 0.07433729618787766, 0.07293721288442612, 0.0221115592867136, 0.014192590489983559]</LCS_MIN>
		<LCS_MAX>[0.08992772549390793, 0.10653030872344971, 0.10638336092233658, 0.13766424357891083, 0.08791607618331909, 0.0611201636493206]</LCS_MAX>
		<WAVELENGTH>[0.48, 0.56, 0.655, 0.865, 1.61, 2.2]</WAVELENGTH>
		<MEAN_VALUE>[0.08623849238230762, 0.10019120022858662, 0.09563809046394207, 0.09881794886433916, 0.04642670882278927, 0.029626712764370927]</MEAN_VALUE>
		<CHECKBOX>2</CHECKBOX>
		<SD>[0.0020212326090271763, 0.003838151078749697, 0.004886953401325047, 0.01621695948032322, 0.01432755290449857, 0.009062637500464791]</SD>
		<WAVELENGTH_UNIT>E-6m</WAVELENGTH_UNIT>
		<COLOR>#d3250a</COLOR>
		<COVARIANCE_MATRIX>[[4.1135563029657836e-06, 7.364227748711005e-06, 9.599902061727624e-06, -1.541713167502932e-05, -5.949674470894191e-06, 3.796812511185515e-07], [7.364227748711005e-06, 1.4832999590916466e-05, 1.7873359182331027e-05, -3.517701685657828e-05, -1.8641665455313568e-05, -4.642191423947242e-06], [9.599902061727624e-06, 1.7873359182331027e-05, 2.4047019157389463e-05, -3.372046862799458e-05, -9.000362886232149e-06, 4.7172620208138864e-06], [-1.541713167502932e-05, -3.517701685657828e-05, -3.372046862799458e-05, 0.0002648034973711793, 0.00021020476516420703, 0.0001125601753737635], [-5.949674470894191e-06, -1.8641665455313568e-05, -9.000362886232149e-06, 0.00021020476516420703, 0.0002066944879017656, 0.00012419235376715342], [3.796812511185515e-07, -4.642191423947242e-06, 4.7172620208138864e-06, 0.0001125601753737635, 0.00012419235376715342, 8.269782190251916e-05]]</COVARIANCE_MATRIX>
		<ROI_SIZE>146</ROI_SIZE>
		<MAX_VALUE>[0.08992772549390793, 0.10653030872344971, 0.10638336092233658, 0.13766424357891083, 0.08791607618331909, 0.0611201636493206]</MAX_VALUE>
		<MIN_VALUE>[0.07791406661272049, 0.08313941210508347, 0.07433729618787766, 0.07293721288442612, 0.0221115592867136, 0.014192590489983559]</MIN_VALUE>
		<SIGNATURE_THRESHOLD_MD>0.0</SIGNATURE_THRESHOLD_MD>
		<SIGNATURE_THRESHOLD_ML>0.0</SIGNATURE_THRESHOLD_ML>
		<SIGNATURE_THRESHOLD_SAM>0.0</SIGNATURE_THRESHOLD_SAM>
	</signature>
	<signature ID="20180407_232710761000_822">
		<MACROCLASSID>1</MACROCLASSID>
		<MACROCLASSINFO>water</MACROCLASSINFO>
		<CLASSID>1</CLASSID>
		<CLASSINFO>C 1</CLASSINFO>
		<VALUES>[0.08699298748927833, 0.0029054975437976466, 0.09858340980996072, 0.005892226078883078, 0.08909414820702732, 0.006998314717838595, 0.13815415624232422, 0.03130305095949159, 0.06554954784172301, 0.025737597845853114, 0.03651704754581493, 0.01379443852395899]</VALUES>
		<LCS_MIN>[0.08009614050388336, 0.08367883414030075, 0.07237580418586731, 0.10022556036710739, 0.03093780390918255, 0.018581321462988853]</LCS_MIN>
		<LCS_MAX>[0.09279629588127136, 0.1074865311384201, 0.10471609234809875, 0.2065347582101822, 0.11978862434625626, 0.07884672284126282]</LCS_MAX>
		<WAVELENGTH>[0.48, 0.56, 0.655, 0.865, 1.61, 2.2]</WAVELENGTH>
		<MEAN_VALUE>[0.08699298748927833, 0.09858340980996072, 0.08909414820702732, 0.13815415624232422, 0.06554954784172301, 0.03651704754581493]</MEAN_VALUE>
		<CHECKBOX>2</CHECKBOX>
		<SD>[0.0029054975437976466, 0.005892226078883078, 0.006998314717838595, 0.03130305095949159, 0.025737597845853114, 0.01379443852395899]</SD>
		<WAVELENGTH_UNIT>E-6m</WAVELENGTH_UNIT>
		<COLOR>#c69b35</COLOR>
		<COVARIANCE_MATRIX>[[8.517290226808908e-06, 1.681715225678872e-05, 1.971908471672892e-05, -6.133403506720997e-05, -4.312407080896017e-05, -1.5471842991173216e-05], [1.681715225678872e-05, 3.5028313237568734e-05, 3.984982604290732e-05, -0.00012235390904871785, -8.751077461722683e-05, -3.316056073799578e-05], [1.971908471672892e-05, 3.984982604290732e-05, 4.941369825500476e-05, -0.0001432892664465682, -8.814332211261173e-05, -2.709166146745966e-05], [-6.133403506720997e-05, -0.00012235390904871785, -0.0001432892664465682, 0.0009886299368669247, 0.0007388600203177421, 0.00034890943401142484], [-4.312407080896017e-05, -8.751077461722683e-05, -8.814332211261173e-05, 0.0007388600203177421, 0.0006683384423648166, 0.0003433002139704527], [-1.5471842991173216e-05, -3.316056073799578e-05, -2.709166146745966e-05, 0.00034890943401142484, 0.0003433002139704527, 0.00019198552110370604]]</COVARIANCE_MATRIX>
		<ROI_SIZE>113</ROI_SIZE>
		<MAX_VALUE>[0.09279629588127136, 0.1074865311384201, 0.10471609234809875, 0.2065347582101822, 0.11978862434625626, 0.07884672284126282]</MAX_VALUE>
		<MIN_VALUE>[0.08009614050388336, 0.08367883414030075, 0.07237580418586731, 0.10022556036710739, 0.03093780390918255, 0.018581321462988853]</MIN_VALUE>
		<SIGNATURE_THRESHOLD_MD>0.0</SIGNATURE_THRESHOLD_MD>
		<SIGNATURE_THRESHOLD_ML>0.0</SIGNATURE_THRESHOLD_ML>
		<SIGNATURE_THRESHOLD_SAM>0.0</SIGNATURE_THRESHOLD_SAM>
	</signature>
	<signature ID="20180407_232838287000_142">
		<MACROCLASSID>2</MACROCLASSID>
		<MACROCLASSINFO>vegetation</MACROCLASSINFO>
		<CLASSID>5</CLASSID>
		<CLASSINFO>C 1</CLASSINFO>
		<VALUES>[0.059248763582676785, 0.004077372079675288, 0.06919253448193736, 0.005876457537514757, 0.054274956643088866, 0.006646681988780324, 0.3732755701108419, 0.024153355528413453, 0.19463759360234628, 0.020349128811777237, 0.08564435413923152, 0.011322843690121062]</VALUES>
		<LCS_MIN>[0.05094457417726517, 0.0557519793510437, 0.0430513359606266, 0.3352532386779785, 0.14516405761241913, 0.057589560747146606]</LCS_MIN>
		<LCS_MAX>[0.09438995271921158, 0.10194531828165054, 0.09145142138004303, 0.43508970737457275, 0.24269400537014008, 0.12677952647209167]</LCS_MAX>
		<WAVELENGTH>[0.48, 0.56, 0.655, 0.865, 1.61, 2.2]</WAVELENGTH>
		<MEAN_VALUE>[0.059248763582676785, 0.06919253448193736, 0.054274956643088866, 0.3732755701108419, 0.19463759360234628, 0.08564435413923152]</MEAN_VALUE>
		<CHECKBOX>2</CHECKBOX>
		<SD>[0.004077372079675288, 0.005876457537514757, 0.006646681988780324, 0.024153355528413453, 0.020349128811777237, 0.011322843690121062]</SD>
		<WAVELENGTH_UNIT>E-6m</WAVELENGTH_UNIT>
		<COLOR>#707065</COLOR>
		<COVARIANCE_MATRIX>[[1.768325207234335e-05, 2.0340181066247308e-05, 2.3154196068250667e-05, 3.0457588084740977e-06, 4.3923140962910316e-05, 2.6133252455812008e-05], [2.0340181066247308e-05, 3.207980777609313e-05, 3.385102543916131e-05, 2.35839166479453e-05, 8.106241249777586e-05, 4.721961103012442e-05], [2.3154196068250667e-05, 3.385102543916131e-05, 4.091535790234922e-05, -1.571114637190752e-06, 8.432997152775877e-05, 5.280498027865519e-05], [3.0457588084740977e-06, 2.35839166479453e-05, -1.571114637190752e-06, 0.000569180413454335, 0.0002485621570914306, 8.614097018600594e-05], [4.3923140962910316e-05, 8.106241249777586e-05, 8.432997152775877e-05, 0.0002485621570914306, 0.00038031191009814467, 0.0002025665937178516], [2.6133252455812008e-05, 4.721961103012442e-05, 5.280498027865519e-05, 8.614097018600594e-05, 0.0002025665937178516, 0.00011810347924573598]]</COVARIANCE_MATRIX>
		<ROI_SIZE>5563</ROI_SIZE>
		<MAX_VALUE>[0.09438995271921158, 0.10194531828165054, 0.09145142138004303, 0.43508970737457275, 0.24269400537014008, 0.12677952647209167]</MAX_VALUE>
		<MIN_VALUE>[0.05094457417726517, 0.0557519793510437, 0.0430513359606266, 0.3352532386779785, 0.14516405761241913, 0.057589560747146606]</MIN_VALUE>
		<SIGNATURE_THRESHOLD_MD>0.0</SIGNATURE_THRESHOLD_MD>
		<SIGNATURE_THRESHOLD_ML>0.0</SIGNATURE_THRESHOLD_ML>
		<SIGNATURE_THRESHOLD_SAM>0.0</SIGNATURE_THRESHOLD_SAM>
	</signature>
	<signature ID="20180407_232851722000_364">
		<MACROCLASSID>2</MACROCLASSID>
		<MACROCLASSINFO>vegetation</MACROCLASSINFO>
		<CLASSID>6</CLASSID>
		<CLASSINFO>C 1</CLASSINFO>
		<VALUES>[0.06418865365889621, 0.002455994076550554, 0.071635407244138, 0.003665943724825377, 0.05675242732109538, 0.005800490347324644, 0.34477928415265535, 0.024664732309939364, 0.191238200821613, 0.0176896182808445, 0.08649617221699238, 0.012279626398909328]</VALUES>
		<LCS_MIN>[0.057883087545633316, 0.06276433169841766, 0.04829834774136543, 0.2970544993877411, 0.1642630696296692, 0.06587667018175125]</LCS_MIN>
		<LCS_MAX>[0.07217690348625183, 0.08613070845603943, 0.08465973287820816, 0.39664584398269653, 0.26331308484077454, 0.1372242271900177]</LCS_MAX>
		<WAVELENGTH>[0.48, 0.56, 0.655, 0.865, 1.61, 2.2]</WAVELENGTH>
		<MEAN_VALUE>[0.06418865365889621, 0.071635407244138, 0.05675242732109538, 0.34477928415265535, 0.191238200821613, 0.08649617221699238]</MEAN_VALUE>
		<CHECKBOX>2</CHECKBOX>
		<SD>[0.002455994076550554, 0.003665943724825377, 0.005800490347324644, 0.024664732309939364, 0.0176896182808445, 0.012279626398909328]</SD>
		<WAVELENGTH_UNIT>E-6m</WAVELENGTH_UNIT>
		<COLOR>#31be6e</COLOR>
		<COVARIANCE_MATRIX>[[6.03496568037192e-06, 7.4903980388971665e-06, 1.2613874397711393e-05, -2.2093759399833032e-05, 2.3435447641947156e-05, 2.072219039962188e-05], [7.4903980388971665e-06, 1.3445958375023542e-05, 1.8937887802526853e-05, -1.1976852648175479e-05, 4.676997969347463e-05, 3.5573611908333987e-05], [1.2613874397711393e-05, 1.8937887802526853e-05, 3.3662749977453774e-05, -5.9565805773651256e-05, 7.048962493770038e-05, 6.10758429080374e-05], [-2.2093759399833032e-05, -1.1976852648175479e-05, -5.9565805773651256e-05, 0.0006086575133387807, 7.764888797068079e-05, -4.387472489229961e-05], [2.3435447641947156e-05, 4.676997969347463e-05, 7.048962493770038e-05, 7.764888797068079e-05, 0.0003130812777794536, 0.00020172669342640917], [2.072219039962188e-05, 3.5573611908333987e-05, 6.10758429080374e-05, -4.387472489229961e-05, 0.00020172669342640917, 0.00015086568962077525]]</COVARIANCE_MATRIX>
		<ROI_SIZE>1973</ROI_SIZE>
		<MAX_VALUE>[0.07217690348625183, 0.08613070845603943, 0.08465973287820816, 0.39664584398269653, 0.26331308484077454, 0.1372242271900177]</MAX_VALUE>
		<MIN_VALUE>[0.057883087545633316, 0.06276433169841766, 0.04829834774136543, 0.2970544993877411, 0.1642630696296692, 0.06587667018175125]</MIN_VALUE>
		<SIGNATURE_THRESHOLD_MD>0.0</SIGNATURE_THRESHOLD_MD>
		<SIGNATURE_THRESHOLD_ML>0.0</SIGNATURE_THRESHOLD_ML>
		<SIGNATURE_THRESHOLD_SAM>0.0</SIGNATURE_THRESHOLD_SAM>
	</signature>
	<signature ID="20180407_232920045000_572">
		<MACROCLASSID>2</MACROCLASSID>
		<MACROCLASSINFO>vegetation</MACROCLASSINFO>
		<CLASSID>8</CLASSID>
		<CLASSINFO>C 1</CLASSINFO>
		<VALUES>[0.059013512684195246, 0.00270068612522268, 0.06870100274942723, 0.0044551098258131, 0.0552383208187249, 0.005380158956895836, 0.3552445975361044, 0.025373418916706858, 0.18488515524533808, 0.023360437116940552, 0.08350213535489771, 0.013857849864210424]</VALUES>
		<LCS_MIN>[0.05354345589876175, 0.05822836980223656, 0.045258019119501114, 0.31080901622772217, 0.13158142566680908, 0.05288209393620491]</LCS_MIN>
		<LCS_MAX>[0.0743589922785759, 0.08870518207550049, 0.08743035048246384, 0.41044938564300537, 0.2311953902244568, 0.12587237358093262]</LCS_MAX>
		<WAVELENGTH>[0.48, 0.56, 0.655, 0.865, 1.61, 2.2]</WAVELENGTH>
		<MEAN_VALUE>[0.059013512684195246, 0.06870100274942723, 0.0552383208187249, 0.3552445975361044, 0.18488515524533808, 0.08350213535489771]</MEAN_VALUE>
		<CHECKBOX>2</CHECKBOX>
		<SD>[0.00270068612522268, 0.0044551098258131, 0.005380158956895836, 0.025373418916706858, 0.023360437116940552, 0.013857849864210424]</SD>
		<WAVELENGTH_UNIT>E-6m</WAVELENGTH_UNIT>
		<COLOR>#f79836</COLOR>
		<COVARIANCE_MATRIX>[[8.439745362941408e-06, 1.0082858197561461e-05, 1.2885391170463154e-05, -2.02934614965167e-06, 3.3293538462179014e-05, 2.250909165177512e-05], [1.0082858197561461e-05, 1.9676436660371143e-05, 2.1574884028301612e-05, 2.6143435739148482e-05, 7.601727559094321e-05, 4.705515379585347e-05], [1.2885391170463154e-05, 2.1574884028301612e-05, 2.8859238987157618e-05, -7.501189182837114e-06, 8.515044914092828e-05, 5.856187862711137e-05], [-2.02934614965167e-06, 2.6143435739148482e-05, -7.501189182837114e-06, 0.0006218001370038056, 0.00023362870347874698, 6.589694918943936e-05], [3.3293538462179014e-05, 7.601727559094321e-05, 8.515044914092828e-05, 0.00023362870347874698, 0.0005172961089072487, 0.00029281886513579], [2.250909165177512e-05, 4.705515379585347e-05, 5.856187862711137e-05, 6.589694918943936e-05, 0.00029281886513579, 0.0001837414965606633]]</COVARIANCE_MATRIX>
		<ROI_SIZE>2496</ROI_SIZE>
		<MAX_VALUE>[0.0743589922785759, 0.08870518207550049, 0.08743035048246384, 0.41044938564300537, 0.2311953902244568, 0.12587237358093262]</MAX_VALUE>
		<MIN_VALUE>[0.05354345589876175, 0.05822836980223656, 0.045258019119501114, 0.31080901622772217, 0.13158142566680908, 0.05288209393620491]</MIN_VALUE>
		<SIGNATURE_THRESHOLD_MD>0.0</SIGNATURE_THRESHOLD_MD>
		<SIGNATURE_THRESHOLD_ML>0.0</SIGNATURE_THRESHOLD_ML>
		<SIGNATURE_THRESHOLD_SAM>0.0</SIGNATURE_THRESHOLD_SAM>
	</signature>
	<signature ID="20180407_233059201000_291">
		<MACROCLASSID>3</MACROCLASSID>
		<MACROCLASSINFO>barren</MACROCLASSINFO>
		<CLASSID>13</CLASSID>
		<CLASSINFO>C 1</CLASSINFO>
		<VALUES>[0.08347896422362994, 0.0020924143678776874, 0.09002510238852764, 0.0033075462821473512, 0.08958309236913911, 0.006085210657529119, 0.2151219178405072, 0.01799702238137384, 0.18279802567429007, 0.021521670549080333, 0.1105408179677195, 0.01664376178523161]</VALUES>
		<LCS_MIN>[0.07516808062791824, 0.07649483531713486, 0.06551054865121841, 0.16595779359340668, 0.11991120129823685, 0.06234606355428696]</LCS_MIN>
