<?xml version="1.0" ?>
<signaturelist MCID_LIST="[[u'1', u'water', u'#0000ff'], [u'2', u'cloud', u'#ffffff'], [u'3', u'vegetation', u'#00ff00'], [u'4', u'building', u'#ff0000'], [u'5', u'barren', u'#ffaa00']]">
	<signature ID="20170822_133520374000_547">
		<MACROCLASSID>5</MACROCLASSID>
		<MACROCLASSINFO>barren</MACROCLASSINFO>
		<CLASSID>48</CLASSID>
		<CLASSINFO>C 1</CLASSINFO>
		<VALUES>[0.06505403914649721, 0.0031193299383699786, 0.0856599467906522, 0.005248948146336634, 0.1479287714559156, 0.011894326780264253, 0.25133059678180114, 0.0179916623952402, 0.3711089448434639, 0.021634273238291275, 0.2991291394754618, 0.025177125898123247]</VALUES>
		<LCS_MIN>[0.055771782994270325, 0.07071410119533539, 0.11513644456863403, 0.2102818787097931, 0.32594600319862366, 0.23972292244434357]</LCS_MIN>
		<LCS_MAX>[0.07499990612268448, 0.1047290489077568, 0.17984937131404877, 0.30774855613708496, 0.42337095737457275, 0.3385607898235321]</LCS_MAX>
		<WAVELENGTH>[0.48, 0.56, 0.655, 0.865, 1.61, 2.2]</WAVELENGTH>
		<MEAN_VALUE>[0.06505403914649721, 0.0856599467906522, 0.1479287714559156, 0.25133059678180114, 0.3711089448434639, 0.2991291394754618]</MEAN_VALUE>
		<CHECKBOX>2</CHECKBOX>
		<SD>[0.0031193299383699786, 0.005248948146336634, 0.011894326780264253, 0.0179916623952402, 0.021634273238291275, 0.025177125898123247]</SD>
		<WAVELENGTH_UNIT>E-6m</WAVELENGTH_UNIT>
		<COLOR>#51616f</COLOR>
		<COVARIANCE_MATRIX>[[9.73931309999898e-06, 1.463046828575898e-05, 2.0854102331213653e-05, 1.4427120731852483e-05, 3.670487058116123e-05, 3.8338654121616855e-05], [1.463046828575898e-05, 2.757720540103037e-05, 5.132966907694936e-05, 3.363479481777176e-05, 8.09536941233091e-05, 9.096489520743489e-05], [2.0854102331213653e-05, 5.132966907694936e-05, 0.0001416072336724028, 4.8560905270278454e-05, 0.00020963903807569295, 0.0002573980891611427], [1.4427120731852483e-05, 3.363479481777176e-05, 4.8560905270278454e-05, 0.00032400243799202144, 0.00014474993804469705, 6.303156987996772e-05], [3.670487058116123e-05, 8.09536941233091e-05, 0.00020963903807569295, 0.00014474993804469705, 0.0004684792074840516, 0.0004799049347639084], [3.8338654121616855e-05, 9.096489520743489e-05, 0.0002573980891611427, 6.303156987996772e-05, 0.0004799049347639084, 0.0006344800931401551]]</COVARIANCE_MATRIX>
		<ROI_SIZE>1071</ROI_SIZE>
		<MAX_VALUE>[0.07499990612268448, 0.1047290489077568, 0.17984937131404877, 0.30774855613708496, 0.42337095737457275, 0.3385607898235321]</MAX_VALUE>
		<MIN_VALUE>[0.055771782994270325, 0.07071410119533539, 0.11513644456863403, 0.2102818787097931, 0.32594600319862366, 0.23972292244434357]</MIN_VALUE>
		<SIGNATURE_THRESHOLD_MD>0.0</SIGNATURE_THRESHOLD_MD>
		<SIGNATURE_THRESHOLD_ML>0.0</SIGNATURE_THRESHOLD_ML>
		<SIGNATURE_THRESHOLD_SAM>0.0</SIGNATURE_THRESHOLD_SAM>
	</signature>
	<signature ID="20170822_131601677000_237">
		<MACROCLASSID>4</MACROCLASSID>
		<MACROCLASSINFO>building</MACROCLASSINFO>
		<CLASSID>2</CLASSID>
		<CLASSINFO>C 1</CLASSINFO>
		<VALUES>[0.09394370965860985, 0.006286136002921579, 0.09555492751501701, 0.008535588931272344, 0.11761538825325063, 0.010399261010266083, 0.15717486916361628, 0.012916507390211811, 0.25534193096934144, 0.018827223767616086, 0.2369805268339209, 0.02354313971337686]</VALUES>
		<LCS_MIN>[0.08154190331697464, 0.07893603295087814, 0.09327814728021622, 0.13089405000209808, 0.22582460939884186, 0.19916664063930511]</LCS_MIN>
		<LCS_MAX>[0.11418552696704865, 0.12252113223075867, 0.14963674545288086, 0.1911863535642624, 0.30196550488471985, 0.297628790140152]</LCS_MAX>
		<WAVELENGTH>[0.48, 0.56, 0.655, 0.865, 1.61, 2.2]</WAVELENGTH>
		<MEAN_VALUE>[0.09394370965860985, 0.09555492751501701, 0.11761538825325063, 0.15717486916361628, 0.25534193096934144, 0.2369805268339209]</MEAN_VALUE>
		<CHECKBOX>2</CHECKBOX>
		<SD>[0.006286136002921579, 0.008535588931272344, 0.010399261010266083, 0.012916507390211811, 0.018827223767616086, 0.02354313971337686]</SD>
		<WAVELENGTH_UNIT>E-6m</WAVELENGTH_UNIT>
		<COLOR>#3a0e1d</COLOR>
		<COVARIANCE_MATRIX>[[4.061315848957747e-05, 4.7037694457685575e-05, 5.749611591454595e-05, 4.835087020182982e-05, 6.6577093093656e-05, 7.56435256334953e-05], [4.7037694457685575e-05, 7.488006667699665e-05, 8.809981227386743e-05, 7.655902300029993e-05, 9.315813076682389e-05, 0.00011432504106778651], [5.749611591454595e-05, 8.809981227386743e-05, 0.0001111486490117386, 8.674886339576915e-05, 9.965537901734933e-05, 0.00011618131975410506], [4.835087020182982e-05, 7.655902300029993e-05, 8.674886339576915e-05, 0.0001714704994810745, 0.00011156017717439681, 7.582521357107908e-05], [6.6577093093656e-05, 9.315813076682389e-05, 9.965537901734933e-05, 0.00011156017717439681, 0.0003643105737864971, 0.00040805357275530696], [7.56435256334953e-05, 0.00011432504106778651, 0.00011618131975410506, 7.582521357107908e-05, 0.00040805357275530696, 0.0005696761072613299]]</COVARIANCE_MATRIX>
		<ROI_SIZE>37</ROI_SIZE>
		<MAX_VALUE>[0.11418552696704865, 0.12252113223075867, 0.14963674545288086, 0.1911863535642624, 0.30196550488471985, 0.297628790140152]</MAX_VALUE>
		<MIN_VALUE>[0.08154190331697464, 0.07893603295087814, 0.09327814728021622, 0.13089405000209808, 0.22582460939884186, 0.19916664063930511]</MIN_VALUE>
		<SIGNATURE_THRESHOLD_MD>0.0</SIGNATURE_THRESHOLD_MD>
		<SIGNATURE_THRESHOLD_ML>0.0</SIGNATURE_THRESHOLD_ML>
		<SIGNATURE_THRESHOLD_SAM>0.0</SIGNATURE_THRESHOLD_SAM>
	</signature>
	<signature ID="20171001_144634851000_389">
		<MACROCLASSID>5</MACROCLASSID>
		<MACROCLASSINFO>barren</MACROCLASSINFO>
		<CLASSID>8</CLASSID>
		<CLASSINFO>C 1</CLASSINFO>
		<VALUES>[0.09333662762076664, 0.002648855245791817, 0.10272508374338177, 0.004023986060593335, 0.14317155167937173, 0.007409101256382365, 0.28251221189252507, 0.012127622040742596, 0.4061747197492669, 0.02067327424502514, 0.27718301310560733, 0.017685096961783095]</VALUES>
		<LCS_MIN>[0.08534332364797592, 0.08923554420471191, 0.11955674737691879, 0.23996390402317047, 0.3636738359928131, 0.23203158378601074]</LCS_MIN>
		<LCS_MAX>[0.10121206194162369, 0.11739348620176315, 0.1631186157464981, 0.3241698443889618, 0.4605462849140167, 0.33133357763290405]</LCS_MAX>
		<WAVELENGTH>[0.48, 0.56, 0.655, 0.865, 1.61, 2.2]</WAVELENGTH>
		<MEAN_VALUE>[0.09333662762076664, 0.10272508374338177, 0.14317155167937173, 0.28251221189252507, 0.4061747197492669, 0.27718301310560733]</MEAN_VALUE>
		<CHECKBOX>2</CHECKBOX>
		<SD>[0.002648855245791817, 0.004023986060593335, 0.007409101256382365, 0.012127622040742596, 0.02067327424502514, 0.017685096961783095]</SD>
		<WAVELENGTH_UNIT>E-6m</WAVELENGTH_UNIT>
		<COLOR>#2ab402</COLOR>
		<COVARIANCE_MATRIX>[[7.022194949968252e-06, 1.0265160199196544e-05, 1.8089476725435816e-05, 1.823722755034396e-06, 3.0230718039092608e-05, 3.386291064089164e-05], [1.0265160199196544e-05, 1.620575858396478e-05, 2.8054284484824166e-05, 6.0748002397303935e-06, 4.612665725289844e-05, 5.283252539811656e-05], [1.8089476725435816e-05, 2.8054284484824166e-05, 5.493985008797608e-05, 6.0838606259494554e-06, 0.00011054820788558573, 0.00011299143079668283], [1.823722755034396e-06, 6.0748002397303935e-06, 6.0838606259494554e-06, 0.00014719997125212103, 7.116300548659638e-05, -7.968107638589572e-06], [3.0230718039092608e-05, 4.612665725289844e-05, 0.00011054820788558573, 7.116300548659638e-05, 0.00042773515451699495, 0.00031060443143360317], [3.386291064089164e-05, 5.283252539811656e-05, 0.00011299143079668283, -7.968107638589572e-06, 0.00031060443143360317, 0.0003130194381810725]]</COVARIANCE_MATRIX>
		<ROI_SIZE>1219</ROI_SIZE>
		<MAX_VALUE>[0.10121206194162369, 0.11739348620176315, 0.1631186157464981, 0.3241698443889618, 0.4605462849140167, 0.33133357763290405]</MAX_VALUE>
		<MIN_VALUE>[0.08534332364797592, 0.08923554420471191, 0.11955674737691879, 0.23996390402317047, 0.3636738359928131, 0.23203158378601074]</MIN_VALUE>
		<SIGNATURE_THRESHOLD_MD>0.0</SIGNATURE_THRESHOLD_MD>
		<SIGNATURE_THRESHOLD_ML>0.0</SIGNATURE_THRESHOLD_ML>
		<SIGNATURE_THRESHOLD_SAM>0.0</SIGNATURE_THRESHOLD_SAM>
	</signature>
	<signature ID="20170822_131937709000_394">
		<MACROCLASSID>3</MACROCLASSID>
		<MACROCLASSINFO>vegetation</MACROCLASSINFO>
		<CLASSID>9</CLASSID>
		<CLASSINFO>C 1</CLASSINFO>
		<VALUES>[0.052305480479090304, 0.0029449074764826646, 0.05824221295339088, 0.004106944987178437, 0.04994217237388645, 0.005574643262845403, 0.35415194255334354, 0.022587579944152492, 0.16101902215569108, 0.010714449653998922, 0.0703336363037427, 0.009009720170260182]</VALUES>
		<LCS_MIN>[0.04938450828194618, 0.04958462715148926, 0.04354994371533394, 0.32264479994773865, 0.13564904034137726, 0.05758450925350189]</LCS_MIN>
		<LCS_MAX>[0.06929777562618256, 0.07707946747541428, 0.07919954508543015, 0.4157133102416992, 0.19731320440769196, 0.10930200666189194]</LCS_MAX>
		<WAVELENGTH>[0.48, 0.56, 0.655, 0.865, 1.61, 2.2]</WAVELENGTH>
		<MEAN_VALUE>[0.052305480479090304, 0.05824221295339088, 0.04994217237388645, 0.35415194255334354, 0.16101902215569108, 0.0703336363037427]</MEAN_VALUE>
		<CHECKBOX>2</CHECKBOX>
		<SD>[0.0029449074764826646, 0.004106944987178437, 0.005574643262845403, 0.022587579944152492, 0.010714449653998922, 0.009009720170260182]</SD>
		<WAVELENGTH_UNIT>E-6m</WAVELENGTH_UNIT>
		<COLOR>#893022</COLOR>
		<COVARIANCE_MATRIX>[[8.737200005271006e-06, 1.058757788996445e-05, 1.597285518073477e-05, -3.245099151172326e-06, 2.052984928013757e-05, 2.250351826660335e-05], [1.058757788996445e-05, 1.699286985967774e-05, 2.012139157159254e-05, 2.4569822926423512e-05, 3.1752384529681876e-05, 2.7704107196768746e-05], [1.597285518073477e-05, 2.012139157159254e-05, 3.130856202915311e-05, -1.4072079466131981e-05, 4.331804302637465e-05, 4.5133561798138544e-05], [-3.245099151172326e-06, 2.4569822926423512e-05, -1.4072079466131981e-05, 0.0005140062421560287, 2.217537439719308e-05, -4.463945151655935e-05], [2.052984928013757e-05, 3.1752384529681876e-05, 4.331804302637465e-05, 2.217537439719308e-05, 0.0001156561411335133, 8.257919398602098e-05], [2.250351826660335e-05, 2.7704107196768746e-05, 4.5133561798138544e-05, -4.463945151655935e-05, 8.257919398602098e-05, 8.17808395368047e-05]]</COVARIANCE_MATRIX>
		<ROI_SIZE>135</ROI_SIZE>
		<MAX_VALUE>[0.06929777562618256, 0.07707946747541428, 0.07919954508543015, 0.4157133102416992, 0.19731320440769196, 0.10930200666189194]</MAX_VALUE>
		<MIN_VALUE>[0.04938450828194618, 0.04958462715148926, 0.04354994371533394, 0.32264479994773865, 0.13564904034137726, 0.05758450925350189]</MIN_VALUE>
		<SIGNATURE_THRESHOLD_MD>0.0</SIGNATURE_THRESHOLD_MD>
		<SIGNATURE_THRESHOLD_ML>0.0</SIGNATURE_THRESHOLD_ML>
		<SIGNATURE_THRESHOLD_SAM>0.0</SIGNATURE_THRESHOLD_SAM>
	</signature>
	<signature ID="20170822_131904907000_341">
		<MACROCLASSID>4</MACROCLASSID>
		<MACROCLASSINFO>building</MACROCLASSINFO>
		<CLASSID>7</CLASSID>
		<CLASSINFO>C 1</CLASSINFO>
		<VALUES>[0.08550070353153047, 0.006217242223575846, 0.0862356342809617, 0.007690164756396332, 0.10598169992189234, 0.010245660039931022, 0.1505108726599291, 0.013874647213896044, 0.22299675897365193, 0.02100050091512795, 0.20057045838758011, 0.023053273434971183]</VALUES>
		<LCS_MIN>[0.06949669867753983, 0.06578537821769714, 0.08306728303432465, 0.10969892144203186, 0.16451406478881836, 0.14879737794399261]</LCS_MIN>
		<LCS_MAX>[0.10547759383916855, 0.10676241666078568, 0.13714945316314697, 0.17609117925167084, 0.2561262547969818, 0.24807727336883545]</LCS_MAX>
		<WAVELENGTH>[0.48, 0.56, 0.655, 0.865, 1.61, 2.2]</WAVELENGTH>
		<MEAN_VALUE>[0.08550070353153047, 0.0862356342809617, 0.10598169992189234, 0.1505108726599291, 0.22299675897365193, 0.20057045838758011]</MEAN_VALUE>
		<CHECKBOX>2</CHECKBOX>
		<SD>[0.006217242223575846, 0.007690164756396332, 0.010245660039931022, 0.013874647213896044, 0.02100050091512795, 0.023053273434971183]</SD>
		<WAVELENGTH_UNIT>E-6m</WAVELENGTH_UNIT>
		<COLOR>#1f3d88</COLOR>
		<COVARIANCE_MATRIX>[[3.882821692968719e-05, 4.151946268393658e-05, 5.486758891493082e-05, 2.804062569339294e-05, 5.375537875806913e-05, 6.502485484816134e-05], [4.151946268393658e-05, 5.9405025240266696e-05, 7.367349462583661e-05, 4.427792737260461e-05, 7.57092420826666e-05, 8.894190250430256e-05], [5.486758891493082e-05, 7.367349462583661e-05, 0.00010544640099396929, 5.349300045054406e-05, 0.00010751906665973365, 0.00011979663395322859], [2.804062569339294e-05, 4.427792737260461e-05, 5.349300045054406e-05, 0.00019337297999300063, 0.0001394654536852613, 9.181688801618293e-05], [5.375537875806913e-05, 7.57092420826666e-05, 0.00010751906665973365, 0.0001394654536852613, 0.0004430076223798096, 0.00044669825001619756], [6.502485484816134e-05, 8.894190250430256e-05, 0.00011979663395322859, 9.181688801618293e-05, 0.00044669825001619756, 0.0005338473711162806]]</COVARIANCE_MATRIX>
		<ROI_SIZE>223</ROI_SIZE>
		<MAX_VALUE>[0.10547759383916855, 0.10676241666078568, 0.13714945316314697, 0.17609117925167084, 0.2561262547969818, 0.24807727336883545]</MAX_VALUE>
		<MIN_VALUE>[0.06949669867753983, 0.06578537821769714, 0.08306728303432465, 0.10969892144203186, 0.16451406478881836, 0.14879737794399261]</MIN_VALUE>
		<SIGNATURE_THRESHOLD_MD>0.0</SIGNATURE_THRESHOLD_MD>
		<SIGNATURE_THRESHOLD_ML>0.0</SIGNATURE_THRESHOLD_ML>
		<SIGNATURE_THRESHOLD_SAM>0.0</SIGNATURE_THRESHOLD_SAM>
	</signature>
	<signature ID="20170725_145736642000_167">
		<MACROCLASSID>5</MACROCLASSID>
		<MACROCLASSINFO>barren</MACROCLASSINFO>
		<CLASSID>57</CLASSID>
		<CLASSINFO>barren</CLASSINFO>
		<VALUES>[11913.080508474575, 159.17835203215637, 11260.652542372885, 253.6071841440411, 11852.222457627118, 388.0328311560466, 15287.292372881351, 741.4558538188007, 20015.48940677965, 1370.369197397518, 16254.949152542378, 1068.288579429713]</VALUES>
		<LCS_MIN>[11536.0, 10688.0, 10930.0, 12721.0, 13831.0, 11623.0]</LCS_MIN>
		<LCS_MAX>[12494.0, 12016.0, 12896.0, 16998.0, 23059.0, 18320.0]</LCS_MAX>
		<WAVELENGTH>[0.48, 0.56, 0.655, 0.865, 1.61, 2.2]</WAVELENGTH>
		<MEAN_VALUE>[11913.080508474575, 11260.652542372885, 11852.222457627118, 15287.292372881351, 20015.48940677965, 16254.949152542378]</MEAN_VALUE>
		<CHECKBOX>2</CHECKBOX>
		<SD>[159.17835203215637, 253.6071841440411, 388.0328311560466, 741.4558538188007, 1370.369197397518, 1068.288579429713]</SD>
		<WAVELENGTH_UNIT>E-6m</WAVELENGTH_UNIT>
		<COLOR>#a2f4c4</COLOR>
		<COVARIANCE_MATRIX>[[25391.54296875, 38653.8203125, 54363.26953125, 87846.6171875, 136594.71875, 112511.7421875], [38653.8203125, 64453.15625, 95644.1953125, 157252.21875, 250620.203125, 205899.640625], [54363.26953125, 95644.1953125, 150889.15625, 250468.84375, 426807.9375, 350905.65625], [87846.6171875, 157252.21875, 250468.84375, 550924.0, 938665.625, 667614.25], [136594.71875, 250620.203125, 426807.9375, 938665.625, 1881898.75, 1377135.875], [112511.7421875, 205899.640625, 350905.65625, 667614.25, 1377135.875, 1143663.5]]</COVARIANCE_MATRIX>
		<ROI_SIZE>472</ROI_SIZE>
		<MAX_VALUE>[12494.0, 12016.0, 12896.0, 16998.0, 23059.0, 18320.0]</MAX_VALUE>
		<MIN_VALUE>[11536.0, 10688.0, 10930.0, 12721.0, 13831.0, 11623.0]</MIN_VALUE>
		<SIGNATURE_THRESHOLD_MD>0.0</SIGNATURE_THRESHOLD_MD>
		<SIGNATURE_THRESHOLD_ML>0.0</SIGNATURE_THRESHOLD_ML>
		<SIGNATURE_THRESHOLD_SAM>0.0</SIGNATURE_THRESHOLD_SAM>
	</signature>
	<signature ID="20170714_151446061000_156">
		<MACROCLASSID>1</MACROCLASSID>
		<MACROCLASSINFO>w</MACROCLASSINFO>
		<CLASSID>31</CLASSID>
		<CLASSINFO>water</CLASSINFO>
		<VALUES>[0.08380000417431198, 0.0023344586253739702, 0.11049599600955845, 0.0040353846545166765, 0.09467476783320308, 0.004736155118193508, 0.02330800901011875, 0.003169341059608421, 0.019783475715667007, 0.002928120489526771, 0.01722801486418273, 0.002216238815298358]</VALUES>
		<LCS_MIN>[0.07827088981866837, 0.10152425616979599, 0.08476909250020981, 0.016984008252620697, 0.013889926485717297, 0.012409061193466187]</LCS_MIN>
		<LCS_MAX>[0.08865850418806076, 0.11874166876077652, 0.10446146130561829, 0.03349366411566734, 0.028587663546204567, 0.024255460128188133]</LCS_MAX>
		<WAVELENGTH>[0.48, 0.56, 0.655, 0.865, 1.61, 2.2]</WAVELENGTH>
		<MEAN_VALUE>[0.08380000417431198, 0.11049599600955845, 0.09467476783320308, 0.02330800901011875, 0.019783475715667007, 0.01722801486418273]</MEAN_VALUE>
		<CHECKBOX>2</CHECKBOX>
		<SD>[0.0023344586253739702, 0.0040353846545166765, 0.004736155118193508, 0.003169341059608421, 0.002928120489526771, 0.002216238815298358]</SD>
		<WAVELENGTH_UNIT>E-6m</WAVELENGTH_UNIT>
		<COLOR>#8c66bc</COLOR>
		<COVARIANCE_MATRIX>[[5.472499196912395e-06, 9.155317457043566e-06, 1.0385775567556266e-05, 6.372562211254262e-07, -5.474666977534071e-07, -4.219597258270369e-07], [9.155317457043566e-06, 1.635246371733956e-05, 1.8738039216259494e-05, 2.1710700366384117e-06, -5.303280090629414e-07, -4.6467533820759854e-07], [1.0385775567556266e-05, 1.8738039216259494e-05, 2.2525018721353263e-05, 5.041578333475627e-06, 1.4801566976530012e-06, 1.0532559144849074e-06], [6.372562211254262e-07, 2.1710700366384117e-06, 5.041578333475627e-06, 1.008675099001266e-05, 7.658710273972247e-06, 5.706387582904426e-06], [-5.474666977534071e-07, -5.303280090629414e-07, 1.4801566976530012e-06, 7.658710273972247e-06, 8.609763426647987e-06, 6.358663995342795e-06], [-4.219597258270369e-07, -4.6467533820759854e-07, 1.0532559144849074e-06, 5.706387582904426e-06, 6.358663995342795e-06, 4.932265710522188e-06]]</COVARIANCE_MATRIX>
		<ROI_SIZE>240</ROI_SIZE>
		<MAX_VALUE>[0.08865850418806076, 0.11874166876077652, 0.10446146130561829, 0.03349366411566734, 0.028587663546204567, 0.024255460128188133]</MAX_VALUE>
		<MIN_VALUE>[0.07827088981866837, 0.10152425616979599, 0.08476909250020981, 0.016984008252620697, 0.013889926485717297, 0.012409061193466187]</MIN_VALUE>
		<SIGNATURE_THRESHOLD_MD>0.0</SIGNATURE_THRESHOLD_MD>
		<SIGNATURE_THRESHOLD_ML>0.0</SIGNATURE_THRESHOLD_ML>
		<SIGNATURE_THRESHOLD_SAM>0.0</SIGNATURE_THRESHOLD_SAM>
	</signature>
	<signature ID="20170822_132758736000_777">
		<MACROCLASSID>5</MACROCLASSID>
		<MACROCLASSINFO>barren</MACROCLASSINFO>
		<CLASSID>27</CLASSID>
		<CLASSINFO>C 1</CLASSINFO>
		<VALUES>[0.08475949936546387, 0.004378810744970517, 0.09879921656101937, 0.005174811583792132, 0.14275582076516002, 0.008244020128883332, 0.2538667963817715, 0.011343921551191318, 0.38241002392023826, 0.018332569872628872, 0.26933738677762464, 0.014485638775461648]</VALUES>
		<LCS_MIN>[0.07263507694005966, 0.08335644006729126, 0.12004294991493225, 0.21874667704105377, 0.34340646862983704, 0.23959030210971832]</LCS_MIN>
		<LCS_MAX>[0.09358710795640945, 0.10897261649370193, 0.1591845601797104, 0.2812933027744293, 0.42206692695617676, 0.3024027347564697]</LCS_MAX>
		<WAVELENGTH>[0.48, 0.56, 0.655, 0.865, 1.61, 2.2]</WAVELENGTH>
		<MEAN_VALUE>[0.08475949936546387, 0.09879921656101937, 0.14275582076516002, 0.2538667963817715, 0.38241002392023826, 0.26933738677762464]</MEAN_VALUE>
		<CHECKBOX>2</CHECKBOX>
		<SD>[0.004378810744970517, 0.005174811583792132, 0.008244020128883332, 0.011343921551191318, 0.018332569872628872, 0.014485638775461648]</SD>
		<WAVELENGTH_UNIT>E-6m</WAVELENGTH_UNIT>
		<COLOR>#e46c10</COLOR>
		<COVARIANCE_MATRIX>[[1.9234090359532274e-05, 2.123899139405694e-05, 3.0714800232090056e-05, 1.489970145485131e-05, 5.468520612339489e-05, 5.3200008551357314e-05], [2.123899139405694e-05, 2.686262087081559e-05, 4.0605322283227e-05, 2.487339406798128e-05, 6.36479671811685e-05, 5.9698748373193666e-05], [3.0714800232090056e-05, 4.0605322283227e-05, 6.817692337790504e-05, 4.471817737794481e-05, 0.000107713152829092, 9.31318718357943e-05], [1.489970145485131e-05, 2.487339406798128e-05, 4.471817737794481e-05, 0.00012908795906696469, 0.00012104136112611741, 5.833400064148009e-05], [5.468520612339489e-05, 6.36479671811685e-05, 0.000107713152829092, 0.00012104136112611741, 0.00033713667653501034, 0.00024559738812968135], [5.3200008551357314e-05, 5.9698748373193666e-05, 9.31318718357943e-05, 5.833400064148009e-05, 0.00024559738812968135, 0.00021049151837360114]]</COVARIANCE_MATRIX>
		<ROI_SIZE>320</ROI_SIZE>
		<MAX_VALUE>[0.09358710795640945, 0.10897261649370193, 0.1591845601797104, 0.2812933027744293, 0.42206692695617676, 0.3024027347564697]</MAX_VALUE>
		<MIN_VALUE>[0.07263507694005966, 0.08335644006729126, 0.12004294991493225, 0.21874667704105377, 0.34340646862983704, 0.23959030210971832]</MIN_VALUE>
		<SIGNATURE_THRESHOLD_MD>0.0</SIGNATURE_THRESHOLD_MD>
		<SIGNATURE_THRESHOLD_ML>0.0</SIGNATURE_THRESHOLD_ML>
		<SIGNATURE_THRESHOLD_SAM>0.0</SIGNATURE_THRESHOLD_SAM>
	</signature>
	<signature ID="20171001_143521938000_770">
		<MACROCLASSID>5</MACROCLASSID>
		<MACROCLASSINFO>barren</MACROCLASSINFO>
		<CLASSID>4</CLASSID>
		<CLASSINFO>C 1</CLASSINFO>
		<VALUES>[0.08788936904079286, 0.004806557283401413, 0.09643037133978545, 0.007018167372267497, 0.1382168878905101, 0.011318327108695445, 0.24049816216368639, 0.019604938203868973, 0.36462485928504185, 0.02623848478133168, 0.2566132910859407, 0.018279437786528095]</VALUES>
		<LCS_MIN>[0.07358542084693909, 0.07637222111225128, 0.10843970626592636, 0.1869649887084961, 0.31900596618652344, 0.20466995239257812]</LCS_MIN>
		<LCS_MAX>[0.10187508910894394, 0.11584632098674774, 0.1689312905073166, 0.2812933027744293, 0.41857489943504333, 0.2994190454483032]</LCS_MAX>
		<WAVELENGTH>[0.48, 0.56, 0.655, 0.865, 1.61, 2.2]</WAVELENGTH>
		<MEAN_VALUE>[0.08788936904079286, 0.09643037133978545, 0.1382168878905101, 0.24049816216368639, 0.36462485928504185, 0.2566132910859407]</MEAN_VALUE>
		<CHECKBOX>2</CHECKBOX>
		<SD>[0.004806557283401413, 0.007018167372267497, 0.011318327108695445, 0.019604938203868973, 0.02623848478133168, 0.018279437786528095]</SD>
		<WAVELENGTH_UNIT>E-6m</WAVELENGTH_UNIT>
		<COLOR>#f4aa10</COLOR>
		<COVARIANCE_MATRIX>[[2.579943793534767e-05, 3.6437224480323493e-05, 5.757439066655934e-05, 6.663617386948317e-05, 9.455383406020701e-05, 8.14977684058249e-05], [3.6437224480323493e-05, 5.4900057875784114e-05, 8.603761671110988e-05, 0.00010569108417257667, 0.00014153221854940057, 0.00011913556954823434], [5.757439066655934e-05, 8.603761671110988e-05, 0.00013961820513941348, 0.0001641728013055399, 0.00024400516122113913, 0.00019898447499144822], [6.663617386948317e-05, 0.00010569108417257667, 0.0001641728013055399, 0.0003985184303019196, 0.00037044883356429636, 0.00017802110232878476], [9.455383406020701e-05, 0.00014153221854940057, 0.00024400516122113913, 0.00037044883356429636, 0.0007101569208316505, 0.00043468133662827313], [8.14977684058249e-05, 0.00011913556954823434, 0.00019898447499144822, 0.00017802110232878476, 0.00043468133662827313, 0.00038591856718994677]]</COVARIANCE_MATRIX>
		<ROI_SIZE>4197</ROI_SIZE>
		<MAX_VALUE>[0.10187508910894394, 0.11584632098674774, 0.1689312905073166, 0.2812933027744293, 0.41857489943504333, 0.2994190454483032]</MAX_VALUE>
		<MIN_VALUE>[0.07358542084693909, 0.07637222111225128, 0.10843970626592636, 0.1869649887084961, 0.31900596618652344, 0.20466995239257812]</MIN_VALUE>
		<SIGNATURE_THRESHOLD_MD>0.0</SIGNATURE_THRESHOLD_MD>
		<SIGNATURE_THRESHOLD_ML>0.0</SIGNATURE_THRESHOLD_ML>
		<SIGNATURE_THRESHOLD_SAM>0.0</SIGNATURE_THRESHOLD_SAM>
	</signature>
	<signature ID="20171001_143655339000_129">
		<MACROCLASSID>5</MACROCLASSID>
		<MACROCLASSINFO>barren</MACROCLASSINFO>
		<CLASSID>15</CLASSID>
		<CLASSINFO>C 1</CLASSINFO>
		<VALUES>[0.08595080715958145, 0.004484365650895709, 0.0936505989155226, 0.006492771552475308, 0.13176253702034044, 0.010105221903076311, 0.23196452343673044, 0.021226394854026224, 0.34288593748508106, 0.02851428880520771, 0.23286074041797378, 0.01766467088164021]</VALUES>
		<LCS_MIN>[0.07206042855978012, 0.07177498936653137, 0.10041691362857819, 0.17984838783740997, 0.2906935214996338, 0.19094489514827728]</LCS_MIN>
		<LCS_MAX>[0.10379790514707565, 0.12541648745536804, 0.17982728779315948, 0.27802231907844543, 0.3904392719268799, 0.2839038074016571]</LCS_MAX>
		<WAVELENGTH>[0.48, 0.56, 0.655, 0.865, 1.61, 2.2]</WAVELENGTH>
		<MEAN_VALUE>[0.08595080715958145, 0.0936505989155226, 0.13176253702034044, 0.23196452343673044, 0.34288593748508106, 0.23286074041797378]</MEAN_VALUE>
		<CHECKBOX>2</CHECKBOX>
		<SD>[0.004484365650895709, 0.006492771552475308, 0.010105221903076311, 0.021226394854026224, 0.02851428880520771, 0.01766467088164021]</SD>
		<WAVELENGTH_UNIT>E-6m</WAVELENGTH_UNIT>
		<COLOR>#37b00e</COLOR>
		<COVARIANCE_MATRIX>[[2.0266848878236488e-05, 2.8693504646071233e-05, 4.226805685902946e-05, 4.656888995668851e-05, 6.602507346542552e-05, 5.6856239098124206e-05], [2.8693504646071233e-05, 4.370466558611952e-05, 6.466259947046638e-05, 8.017026266315952e-05, 0.00010335317347198725, 8.33552039694041e-05], [4.226805685902946e-05, 6.466259947046638e-05, 0.00010505475074751303, 0.0001258672564290464, 0.00019097029871772975, 0.00014286150690168142], [4.656888995668851e-05, 8.017026266315952e-05, 0.0001258672564290464, 0.00046705410932190716, 0.00047204302973113954, 0.00016743379819672555], [6.602507346542552e-05, 0.00010335317347198725, 0.00019097029871772975, 0.00047204302973113954, 0.0008233166881836951, 0.0003984635404776782], [5.6856239098124206e-05, 8.33552039694041e-05, 0.00014286150690168142, 0.00016743379819672555, 0.0003984635404776782, 0.00030946717015467584]]</COVARIANCE_MATRIX>
		<ROI_SIZE>3140</ROI_SIZE>
		<MAX_VALUE>[0.10379790514707565, 0.12541648745536804, 0.17982728779315948, 0.27802231907844543, 0.3904392719268799, 0.2839038074016571]</MAX_VALUE>
		<MIN_VALUE>[0.07206042855978012, 0.07177498936653137, 0.10041691362857819, 0.17984838783740997, 0.2906935214996338, 0.19094489514827728]</MIN_VALUE>
		<SIGNATURE_THRESHOLD_MD>0.0</SIGNATURE_THRESHOLD_MD>
		<SIGNATURE_THRESHOLD_ML>0.0</SIGNATURE_THRESHOLD_ML>
		<SIGNATURE_THRESHOLD_SAM>0.0</SIGNATURE_THRESHOLD_SAM>
	</signature>
	<signature ID="20170727_152709887000_621">
		<MACROCLASSID>5</MACROCLASSID>
		<MACROCLASSINFO>barren</MACROCLASSINFO>
		<CLASSID>97</CLASSID>
		<CLASSINFO>barren</CLASSINFO>
		<VALUES>[11499.300000000005, 104.15046652521502, 10504.280645161289, 159.18925218898158, 10655.54193548387, 263.3321278001157, 13275.329032258067, 593.7330871987413, 18234.5870967742, 1119.291870247105, 14970.704838709671, 925.0012109717285]</VALUES>
		<LCS_MIN>[11145.0, 10034.0, 9981.0, 11451.0, 14753.0, 12268.0]</LCS_MIN>
		<LCS_MAX>[11724.0, 10879.0, 11239.0, 14622.0, 20155.0, 16418.0]</LCS_MAX>
		<WAVELENGTH>[0.48, 0.56, 0.655, 0.865, 1.61, 2.2]</WAVELENGTH>
		<MEAN_VALUE>[11499.300000000005, 10504.280645161289, 10655.54193548387, 13275.329032258067, 18234.5870967742, 14970.704838709671]</MEAN_VALUE>
		<CHECKBOX>2</CHECKBOX>
		<SD>[104.15046652521502, 159.18925218898158, 263.3321278001157, 593.7330871987413, 1119.291870247105, 925.0012109717285]</SD>
		<WAVELENGTH_UNIT>E-6m</WAVELENGTH_UNIT>
		<COLOR>#7e3455</COLOR>
		<COVARIANCE_MATRIX>[[10864.84375, 15886.2568359375, 24416.771484375, 53577.00390625, 96878.3515625, 73207.9140625], [15886.2568359375, 25382.15625, 40949.9296875, 88774.984375, 157978.0, 117187.2265625], [24416.771484375, 40949.9296875, 69455.8359375, 147238.390625, 267752.75, 196580.796875], [53577.00390625, 88774.984375, 147238.390625, 353088.46875, 624292.75, 466242.90625], [96878.3515625, 157978.0, 267752.75, 624292.75, 1254838.25, 991504.1875], [73207.9140625, 117187.2265625, 196580.796875, 466242.90625, 991504.1875, 857009.5]]</COVARIANCE_MATRIX>
		<ROI_SIZE>620</ROI_SIZE>
		<MAX_VALUE>[11724.0, 10879.0, 11239.0, 14622.0, 20155.0, 16418.0]</MAX_VALUE>
		<MIN_VALUE>[11145.0, 10034.0, 9981.0, 11451.0, 14753.0, 12268.0]</MIN_VALUE>
		<SIGNATURE_THRESHOLD_MD>0.0</SIGNATURE_THRESHOLD_MD>
		<SIGNATURE_THRESHOLD_ML>0.0</SIGNATURE_THRESHOLD_ML>
		<SIGNATURE_THRESHOLD_SAM>0.0</SIGNATURE_THRESHOLD_SAM>
	</signature>
	<signature ID="20171001_154505962000_838">
		<MACROCLASSID>5</MACROCLASSID>
		<MACROCLASSINFO>barren</MACROCLASSINFO>
		<CLASSID>4</CLASSID>
		<CLASSINFO>C 1</CLASSINFO>
		<VALUES>[0.06964642931081433, 0.004999502583849967, 0.08777682565893803, 0.00662631749206438, 0.14553846198850898, 0.01262822619976801, 0.24460112375010576, 0.02267944608416358, 0.37123380757959373, 0.02284616415571188, 0.296685109764702, 0.025328435435431017]</VALUES>
		<LCS_MIN>[0.05711997300386429, 0.0692995935678482, 0.11478280276060104, 0.19010338187217712, 0.31723788380622864, 0.25484028458595276]</LCS_MIN>
		<LCS_MAX>[0.10779822617769241, 0.13178186118602753, 0.18356242775917053, 0.2897581160068512, 0.41621002554893494, 0.3547612130641937]</LCS_MAX>
		<WAVELENGTH>[0.48, 0.56, 0.655, 0.865, 1.61, 2.2]</WAVELENGTH>
		<MEAN_VALUE>[0.06964642931081433, 0.08777682565893803, 0.14553846198850898, 0.24460112375010576, 0.37123380757959373, 0.296685109764702]</MEAN_VALUE>
		<CHECKBOX>2</CHECKBOX>
		<SD>[0.004999502583849967, 0.00662631749206438, 0.01262822619976801, 0.02267944608416358, 0.02284616415571188, 0.025328435435431017]</SD>
		<WAVELENGTH_UNIT>E-6m</WAVELENGTH_UNIT>
		<COLOR>#adf97d</COLOR>
		<COVARIANCE_MATRIX>[[2.6671489822868768e-05, 2.8999443877743214e-05, 1.8444524952113488e-05, 4.573890930491631e-05, 5.536425799930119e-05, 3.336488807218845e-05], [2.8999443877743214e-05, 4.390489344875244e-05, 5.53078132300526e-05, 9.158663590399881e-05, 0.00010084647607968871, 8.105270802293991e-05], [1.8444524952113488e-05, 5.53078132300526e-05, 0.00014932001483827738, 0.00012717684433169823, 0.00019740737864891783, 0.00020677439687407563], [4.573890930491631e-05, 9.158663590399881e-05, 0.00012717684433169823, 0.00048675817808431244, 0.00025504443544476527, 9.799227064508205e-05], [5.536425799930119e-05, 0.00010084647607968871, 0.00019740737864891783, 0.00025504443544476527, 0.0004946798871553927, 0.0004349254808990976], [3.336488807218845e-05, 8.105270802293991e-05, 0.00020677439687407563, 9.799227064508205e-05, 0.0004349254808990976, 0.0006245173898821579]]</COVARIANCE_MATRIX>
		<ROI_SIZE>15353</ROI_SIZE>
		<MAX_VALUE>[0.10779822617769241, 0.13178186118602753, 0.18356242775917053, 0.2897581160068512, 0.41621002554893494, 0.3547612130641937]</MAX_VALUE>
		<MIN_VALUE>[0.05711997300386429, 0.0692995935678482, 0.11478280276060104, 0.19010338187217712, 0.31723788380622864, 0.25484028458595276]</MIN_VALUE>
		<SIGNATURE_THRESHOLD_MD>0.0</SIGNATURE_THRESHOLD_MD>
		<SIGNATURE_THRESHOLD_ML>0.0</SIGNATURE_THRESHOLD_ML>
		<SIGNATURE_THRESHOLD_SAM>0.0</SIGNATURE_THRESHOLD_SAM>
	</signature>
	<signature ID="20170713_170151668000_214">
		<MACROCLASSID>1</MACROCLASSID>
		<MACROCLASSINFO>w</MACROCLASSINFO>
		<CLASSID>8</CLASSID>
		<CLASSINFO>water</CLASSINFO>
		<VALUES>[0.06848602197144277, 0.0004626246941770502, 0.06525995315347974, 0.0007416532643211215, 0.06405139861506644, 0.0007360999759622719, 0.03997485453294493, 0.0016819737221221056, 0.017699630576981897, 0.0016100289455353337, 0.012582073292579977, 0.0010619674687211552]</VALUES>
		<LCS_MIN>[0.06737495958805084, 0.06333205848932266, 0.0622919499874115, 0.03619001805782318, 0.01475189533084631, 0.01123768463730812]</LCS_MIN>
		<LCS_MAX>[0.06951878219842911, 0.0670451819896698, 0.06600499898195267, 0.04777109622955322, 0.025869136676192284, 0.017934435978531837]</LCS_MAX>
		<WAVELENGTH>[0.48, 0.56, 0.655, 0.865, 1.61, 2.2]</WAVELENGTH>
		<MEAN_VALUE>[0.06848602197144277, 0.06525995315347974, 0.06405139861506644, 0.03997485453294493, 0.017699630576981897, 0.012582073292579977]</MEAN_VALUE>
		<CHECKBOX>2</CHECKBOX>
		<SD>[0.0004626246941770502, 0.0007416532643211215, 0.0007360999759622719, 0.0016819737221221056, 0.0016100289455353337, 0.0010619674687211552]</SD>
		<WAVELENGTH_UNIT>E-6m</WAVELENGTH_UNIT>
		<COLOR>#52ef33</COLOR>
		<COVARIANCE_MATRIX>[[2.1454107468343864e-07, 2.6577211542644363e-07, 2.5898856392814196e-07, 6.946901720539245e-08, -9.828693237068364e-08, -8.127104678123942e-08], [2.6577211542644363e-07, 5.513846303983883e-07, 4.959709940521861e-07, 2.055042216397851e-07, -3.2729609245052416e-08, -2.159805490009603e-08], [2.5898856392814196e-07, 4.959709940521861e-07, 5.43158307664271e-07, 3.424742942570447e-07, 1.2352043654573208e-07, 7.846191607541186e-08], [6.946901720539245e-08, 2.055042216397851e-07, 3.424742942570447e-07, 2.835902250808431e-06, 2.157685685233446e-06, 1.06777611108555e-06], [-9.828693237068364e-08, -3.2729609245052416e-08, 1.2352043654573208e-07, 2.157685685233446e-06, 2.5984850253735203e-06, 1.5382136098196497e-06], [-8.127104678123942e-08, -2.159805490009603e-08, 7.846191607541186e-08, 1.06777611108555e-06, 1.5382136098196497e-06, 1.1305122598059825e-06]]</COVARIANCE_MATRIX>
		<ROI_SIZE>413</ROI_SIZE>
		<MAX_VALUE>[0.06951878219842911, 0.0670451819896698, 0.06600499898195267, 0.04777109622955322, 0.025869136676192284, 0.017934435978531837]</MAX_VALUE>
		<MIN_VALUE>[0.06737495958805084, 0.06333205848932266, 0.0622919499874115, 0.03619001805782318, 0.01475189533084631, 0.01123768463730812]</MIN_VALUE>
		<SIGNATURE_THRESHOLD_MD>0.0</SIGNATURE_THRESHOLD_MD>
		<SIGNATURE_THRESHOLD_ML>0.0</SIGNATURE_THRESHOLD_ML>
		<SIGNATURE_THRESHOLD_SAM>0.0</SIGNATURE_THRESHOLD_SAM>
	</signature>
	<signature ID="20170713_170946342000_751">
		<MACROCLASSID>4</MACROCLASSID>
		<MACROCLASSINFO>building</MACROCLASSINFO>
		<CLASSID>14</CLASSID>
		<CLASSINFO>building</CLASSINFO>
		<VALUES>[0.0899684733242556, 0.007383655590260294, 0.11619876458007053, 0.013920246595356721, 0.16912794872454018, 0.02375009542525075, 0.23568273485181448, 0.044707047702490926, 0.3279120180827035, 0.07829499953717736, 0.2553289641691431, 0.06053143189608534]</VALUES>
		<LCS_MIN>[0.06244635954499245, 0.05966312438249588, 0.06810463219881058, 0.07729841768741608, 0.08483689278364182, 0.059905167669057846]</LCS_MIN>
		<LCS_MAX>[0.11168806254863739, 0.151651531457901, 0.21788592636585236, 0.326578825712204, 0.47875818610191345, 0.37642064690589905]</LCS_MAX>
		<WAVELENGTH>[0.48, 0.56, 0.655, 0.865, 1.61, 2.2]</WAVELENGTH>
		<MEAN_VALUE>[0.0899684733242556, 0.11619876458007053, 0.16912794872454018, 0.23568273485181448, 0.3279120180827035, 0.2553289641691431]</MEAN_VALUE>
		<CHECKBOX>2</CHECKBOX>
		<SD>[0.007383655590260294, 0.013920246595356721, 0.02375009542525075, 0.044707047702490926, 0.07829499953717736, 0.06053143189608534]</SD>
		<WAVELENGTH_UNIT>E-6m</WAVELENGTH_UNIT>
		<COLOR>#9b54d2</COLOR>
		<COVARIANCE_MATRIX>[[5.469255120260641e-05, 9.421708091394976e-05, 0.00013849767856299877, 0.0001452169963158667, 0.00020300954929552972, 0.00021492279483936727], [9.421708091394976e-05, 0.00019439235620666295, 0.00031595269683748484, 0.00044432145659811795, 0.0007009700057096779, 0.0006222863448783755], [0.00013849767856299877, 0.00031595269683748484, 0.0005658691516146064, 0.0009210542775690556, 0.001518963952548802, 0.0012525779893621802], [0.0001452169963158667, 0.00044432145659811795, 0.0009210542775690556, 0.0020051058381795883, 0.003361857496201992, 0.002579763997346163], [0.00020300954929552972, 0.0007009700057096779, 0.001518963952548802, 0.003361857496201992, 0.006149691995233297, 0.0046559483744204044], [0.00021492279483936727, 0.0006222863448783755, 0.0012525779893621802, 0.002579763997346163, 0.0046559483744204044, 0.00367576046846807]]</COVARIANCE_MATRIX>
		<ROI_SIZE>314</ROI_SIZE>
		<MAX_VALUE>[0.11168806254863739, 0.151651531457901, 0.21788592636585236, 0.326578825712204, 0.47875818610191345, 0.37642064690589905]</MAX_VALUE>
		<MIN_VALUE>[0.06244635954499245, 0.05966312438249588, 0.06810463219881058, 0.07729841768741608, 0.08483689278364182, 0.059905167669057846]</MIN_VALUE>
		<SIGNATURE_THRESHOLD_MD>0.0</SIGNATURE_THRESHOLD_MD>
		<SIGNATURE_THRESHOLD_ML>0.0</SIGNATURE_THRESHOLD_ML>
		<SIGNATURE_THRESHOLD_SAM>0.0</SIGNATURE_THRESHOLD_SAM>
	</signature>
	<signature ID="20170822_132407384000_445">
		<MACROCLASSID>4</MACROCLASSID>
		<MACROCLASSINFO>building</MACROCLASSINFO>
		<CLASSID>21</CLASSID>
		<CLASSINFO>C 1</CLASSINFO>
		<VALUES>[0.10138769810529134, 0.004023666636141774, 0.11568347364664078, 0.004525003235547871, 0.14678101476870087, 0.00534323259956084, 0.17118586266511365, 0.010138812950221595, 0.25579297405324486, 0.012859833372232024, 0.24236897810509334, 0.013317702163827995]</VALUES>
		<LCS_MIN>[0.09261464327573776, 0.1057015210390091, 0.13622120022773743, 0.1527080237865448, 0.22880834341049194, 0.21576489508152008]</LCS_MIN>
		<LCS_MAX>[0.10952214896678925, 0.12890858948230743, 0.16241134703159332, 0.2007562220096588, 0.28313472867012024, 0.2726099491119385]</LCS_MAX>
		<WAVELENGTH>[0.48, 0.56, 0.655, 0.865, 1.61, 2.2]</WAVELENGTH>
		<MEAN_VALUE>[0.10138769810529134, 0.11568347364664078, 0.14678101476870087, 0.17118586266511365, 0.25579297405324486, 0.24236897810509334]</MEAN_VALUE>
		<CHECKBOX>2</CHECKBOX>
		<SD>[0.004023666636141774, 0.004525003235547871, 0.00534323259956084, 0.010138812950221595, 0.012859833372232024, 0.013317702163827995]</SD>
		<WAVELENGTH_UNIT>E-6m</WAVELENGTH_UNIT>
		<COLOR>#bfb6f5</COLOR>
		<COVARIANCE_MATRIX>[[1.640575828787405e-05, 1.5194484149105847e-05, 1.6142910681082867e-05, 2.4641274649184197e-05, 3.783542342716828e-05, 3.188522532582283e-05], [1.5194484149105847e-05, 2.0748662791447714e-05, 2.3120484911487438e-05, 2.628209040267393e-05, 4.305956463213079e-05, 4.188732782495208e-05], [1.6142910681082867e-05, 2.3120484911487438e-05, 2.893080272770021e-05, 2.6515879653743468e-05, 4.8717505706008524e-05, 4.890548007097095e-05], [2.4641274649184197e-05, 2.628209040267393e-05, 2.6515879653743468e-05, 0.0001041661380440928, 7.498067861888558e-05, 2.3536409571534023e-05], [3.783542342716828e-05, 4.305956463213079e-05, 4.8717505706008524e-05, 7.498067861888558e-05, 0.00016758032143115997, 0.0001469731651013717], [3.188522532582283e-05, 4.188732782495208e-05, 4.890548007097095e-05, 2.3536409571534023e-05, 0.0001469731651013717, 0.00017972600471694022]]</COVARIANCE_MATRIX>
		<ROI_SIZE>76</ROI_SIZE>
		<MAX_VALUE>[0.10952214896678925, 0.12890858948230743, 0.16241134703159332, 0.2007562220096588, 0.28313472867012024, 0.2726099491119385]</MAX_VALUE>
		<MIN_VALUE>[0.09261464327573776, 0.1057015210390091, 0.13622120022773743, 0.1527080237865448, 0.22880834341049194, 0.21576489508152008]</MIN_VALUE>
		<SIGNATURE_THRESHOLD_MD>0.0</SIGNATURE_THRESHOLD_MD>
		<SIGNATURE_THRESHOLD_ML>0.0</SIGNATURE_THRESHOLD_ML>
		<SIGNATURE_THRESHOLD_SAM>0.0</SIGNATURE_THRESHOLD_SAM>
	</signature>
	<signature ID="20170727_152512688000_859">
		<MACROCLASSID>1</MACROCLASSID>
		<MACROCLASSINFO>w</MACROCLASSINFO>
		<CLASSID>95</CLASSID>
		<CLASSINFO>water</CLASSINFO>
		<VALUES>[11685.163265306124, 157.34238591576172, 10922.285714285712, 184.6527905589954, 9615.81632653061, 223.7103332500134, 9796.714285714284, 331.4638528019094, 8854.34693877551, 392.44006697086627, 7916.795918367347, 310.81545017095436]</VALUES>
		<LCS_MIN>[11344.0, 10375.0, 8868.0, 8654.0, 7580.0, 6876.0]</LCS_MIN>
		<LCS_MAX>[12031.0, 11255.0, 9968.0, 10182.0, 9298.0, 8288.0]</LCS_MAX>
		<WAVELENGTH>[0.48, 0.56, 0.655, 0.865, 1.61, 2.2]</WAVELENGTH>
		<MEAN_VALUE>[11685.163265306124, 10922.285714285712, 9615.81632653061, 9796.714285714284, 8854.34693877551, 7916.795918367347]</MEAN_VALUE>
		<CHECKBOX>2</CHECKBOX>
		<SD>[157.34238591576172, 184.6527905589954, 223.7103332500134, 331.4638528019094, 392.44006697086627, 310.81545017095436]</SD>
		<WAVELENGTH_UNIT>E-6m</WAVELENGTH_UNIT>
		<COLOR>#551922</COLOR>
		<COVARIANCE_MATRIX>[[25272.388671875, 25972.16015625, 27832.28125, 32326.568359375, 36202.12890625, 28554.3046875], [25972.16015625, 34807.0, 40904.40625, 55632.83203125, 63335.19140625, 49979.08203125], [27832.28125, 40904.40625, 51088.9453125, 73258.6953125, 84700.3359375, 66972.8359375], [32326.568359375, 55632.83203125, 73258.6953125, 112157.2109375, 131337.28125, 103713.8125], [36202.12890625, 63335.19140625, 84700.3359375, 131337.28125, 157217.734375, 124286.9296875], [28554.3046875, 49979.08203125, 66972.8359375, 103713.8125, 124286.9296875, 98618.875]]</COVARIANCE_MATRIX>
		<ROI_SIZE>49</ROI_SIZE>
		<MAX_VALUE>[12031.0, 11255.0, 9968.0, 10182.0, 9298.0, 8288.0]</MAX_VALUE>
		<MIN_VALUE>[11344.0, 10375.0, 8868.0, 8654.0, 7580.0, 6876.0]</MIN_VALUE>
		<SIGNATURE_THRESHOLD_MD>0.0</SIGNATURE_THRESHOLD_MD>
		<SIGNATURE_THRESHOLD_ML>0.0</SIGNATURE_THRESHOLD_ML>
		<SIGNATURE_THRESHOLD_SAM>0.0</SIGNATURE_THRESHOLD_SAM>
	</signature>
	<signature ID="20170727_152353960000_318">
		<MACROCLASSID>1</MACROCLASSID>
		<MACROCLASSINFO>w</MACROCLASSINFO>
		<CLASSID>93</CLASSID>
