<?xml version="1.0" ?>
<signaturelist MCID_LIST="[['1', 'waterbody', '#0000ff'], ['2', 'vegetation', '#00ff00'], ['3', 'barren', '#ffaa00'], ['4', 'builtup', '#ff0000']]">
	<signature ID="20190911_191320529183_601">
		<MACROCLASSID>1</MACROCLASSID>
		<MACROCLASSINFO>waterbody</MACROCLASSINFO>
		<CLASSID>16</CLASSID>
		<CLASSINFO>C 1</CLASSINFO>
		<VALUES>[388.22664233576774, 33.84424529844014, 629.9060218978113, 84.8846991719816, 426.06313868613137, 51.20981271803093, 349.5684306569343, 131.0607010550486, 106.99470802919706, 69.54470920087641, 53.410583941605786, 39.76823867973291]</VALUES>
		<LCS_MIN>[225.0, 315.0, 213.0, 189.0, -19.0, -87.0]</LCS_MIN>
		<LCS_MAX>[483.0, 781.0, 652.0, 837.0, 566.0, 362.0]</LCS_MAX>
		<WAVELENGTH>[0.485, 0.56, 0.66, 0.83, 1.65, 2.215]</WAVELENGTH>
		<MEAN_VALUE>[388.22664233576774, 629.9060218978113, 426.06313868613137, 349.5684306569343, 106.99470802919706, 53.410583941605786]</MEAN_VALUE>
		<CHECKBOX>2</CHECKBOX>
		<SD>[33.84424529844014, 84.8846991719816, 51.20981271803093, 131.0607010550486, 69.54470920087641, 39.76823867973291]</SD>
		<WAVELENGTH_UNIT>E-6m</WAVELENGTH_UNIT>
		<COLOR>#a2f23c</COLOR>
		<COVARIANCE_MATRIX>[[1140.8487010950016, 1959.6737995452836, 1040.6120737080337, -1687.408147973658, -886.7009372942939, -375.23697687236364], [1959.6737995452836, 7253.291755480887, 3400.972780178394, -6792.936097800772, -3441.279003282914, -1439.3199066019392], [1040.6120737080337, 3400.972780178394, 2481.800288717608, -2420.0916582259656, -1306.8166322755692, -535.9323088772014], [-1687.408147973658, -6792.936097800772, -2420.0916582259656, 17580.391113041693, 8295.227477829207, 3478.4244242725385], [-886.7009372942939, -3441.279003282914, -1306.8166322755692, 8295.227477829207, 4690.632869987051, 1844.1190119557407], [-375.23697687236364, -1439.3199066019392, -535.9323088772014, 3478.4244242725385, 1844.1190119557407, 1497.780561479789]]</COVARIANCE_MATRIX>
		<ROI_SIZE>14596</ROI_SIZE>
		<MAX_VALUE>[483.0, 781.0, 652.0, 837.0, 566.0, 362.0]</MAX_VALUE>
		<MIN_VALUE>[225.0, 315.0, 213.0, 189.0, -19.0, -87.0]</MIN_VALUE>
		<SIGNATURE_THRESHOLD_MD>0</SIGNATURE_THRESHOLD_MD>
		<SIGNATURE_THRESHOLD_ML>0</SIGNATURE_THRESHOLD_ML>
		<SIGNATURE_THRESHOLD_SAM>0</SIGNATURE_THRESHOLD_SAM>
	</signature>
	<signature ID="20190911_191329158903_468">
		<MACROCLASSID>1</MACROCLASSID>
		<MACROCLASSINFO>waterbody</MACROCLASSINFO>
		<CLASSID>17</CLASSID>
		<CLASSINFO>C 1</CLASSINFO>
		<VALUES>[512.07779886148, 30.05882311016006, 703.4648956356742, 39.95688142231182, 669.4497153700188, 40.835589675789834, 525.4648956356733, 130.76093965989472, 173.22390891840595, 89.3626343338248, 85.26185958254271, 52.96996863852782]</VALUES>
		<LCS_MIN>[374.0, 531.0, 484.0, 371.0, 57.0, -33.0]</LCS_MIN>
		<LCS_MAX>[583.0, 835.0, 854.0, 881.0, 592.0, 361.0]</LCS_MAX>
		<WAVELENGTH>[0.485, 0.56, 0.66, 0.83, 1.65, 2.215]</WAVELENGTH>
		<MEAN_VALUE>[512.07779886148, 703.4648956356742, 669.4497153700188, 525.4648956356733, 173.22390891840595, 85.26185958254271]</MEAN_VALUE>
		<CHECKBOX>2</CHECKBOX>
		<SD>[30.05882311016006, 39.95688142231182, 40.835589675789834, 130.76093965989472, 89.3626343338248, 52.96996863852782]</SD>
		<WAVELENGTH_UNIT>E-6m</WAVELENGTH_UNIT>
		<COLOR>#775ab2</COLOR>
		<COVARIANCE_MATRIX>[[905.2505898225844, 775.8896184010217, 726.4554404369376, -2011.7757808385225, -1065.4566164746282, -466.2067228952173], [775.8896184010217, 1599.5876436677943, 1226.9901515862075, -2564.254561655401, -1373.7297674619958, -617.8082806040362], [726.4554404369376, 1226.9901515862075, 1670.715622542408, -2392.072586056378, -1047.9430920411828, -367.0818644887122], [-2011.7757808385225, -2564.254561655401, -2392.072586056378, 17130.92984899099, 9880.492665998083, 4838.634685175433], [-1065.4566164746282, -1373.7297674619958, -1047.9430920411828, 9880.492665998083, 8000.862317010697, 3913.9298489909884], [-466.2067228952173, -617.8082806040362, -367.0818644887122, 4838.634685175433, 3913.9298489909884, 2811.151831516368]]</COVARIANCE_MATRIX>
		<ROI_SIZE>527</ROI_SIZE>
		<MAX_VALUE>[583.0, 835.0, 854.0, 881.0, 592.0, 361.0]</MAX_VALUE>
		<MIN_VALUE>[374.0, 531.0, 484.0, 371.0, 57.0, -33.0]</MIN_VALUE>
		<SIGNATURE_THRESHOLD_MD>0</SIGNATURE_THRESHOLD_MD>
		<SIGNATURE_THRESHOLD_ML>0</SIGNATURE_THRESHOLD_ML>
		<SIGNATURE_THRESHOLD_SAM>0</SIGNATURE_THRESHOLD_SAM>
	</signature>
	<signature ID="20190911_191407261819_480">
		<MACROCLASSID>2</MACROCLASSID>
		<MACROCLASSINFO>vegetation</MACROCLASSINFO>
		<CLASSID>18</CLASSID>
		<CLASSINFO>C 1</CLASSINFO>
		<VALUES>[315.89260885473766, 44.83081984379047, 486.03018660812245, 66.93431366095695, 371.3637028905971, 89.58879815561602, 2662.7457006952054, 243.11308915210944, 1428.6772777167957, 159.04742664389147, 577.9083424807915, 110.30077553209942]</VALUES>
		<LCS_MIN>[181.0, 314.0, 204.0, 2075.0, 821.0, 282.0]</LCS_MIN>
		<LCS_MAX>[565.0, 849.0, 853.0, 3074.0, 1771.0, 949.0]</LCS_MAX>
		<WAVELENGTH>[0.485, 0.56, 0.66, 0.83, 1.65, 2.215]</WAVELENGTH>
		<MEAN_VALUE>[315.89260885473766, 486.03018660812245, 371.3637028905971, 2662.7457006952054, 1428.6772777167957, 577.9083424807915]</MEAN_VALUE>
		<CHECKBOX>2</CHECKBOX>
		<SD>[44.83081984379047, 66.93431366095695, 89.58879815561602, 243.11308915210944, 159.04742664389147, 110.30077553209942]</SD>
		<WAVELENGTH_UNIT>E-6m</WAVELENGTH_UNIT>
		<COLOR>#c3a95a</COLOR>
		<COVARIANCE_MATRIX>[[1982.0127912067169, 2387.941113798353, 3380.396828272927, -2425.5006214128, 3258.444759251894, 3222.9659734706574], [2387.941113798353, 4699.7942899970285, 5380.611489507122, -347.23753273158303, 6414.3355011045805, 5170.812789885771], [3380.396828272927, 5380.611489507122, 8447.91224613458, -7265.453972265179, 7512.506260715204, 7694.408015969695], [-2425.5006214128, -347.23753273158303, -7265.453972265179, 53298.15107226223, 9128.866419427135, -3815.235912688434], [3258.444759251894, 6414.3355011045805, 7512.506260715204, 9128.866419427135, 24178.555689172692, 13921.85541457387], [3222.9659734706574, 5170.812789885771, 7694.408015969695, -3815.235912688434, 13921.85541457387, 12024.88316903318]]</COVARIANCE_MATRIX>
		<ROI_SIZE>43270</ROI_SIZE>
		<MAX_VALUE>[565.0, 849.0, 853.0, 3074.0, 1771.0, 949.0]</MAX_VALUE>
		<MIN_VALUE>[181.0, 314.0, 204.0, 2075.0, 821.0, 282.0]</MIN_VALUE>
		<SIGNATURE_THRESHOLD_MD>0</SIGNATURE_THRESHOLD_MD>
		<SIGNATURE_THRESHOLD_ML>0</SIGNATURE_THRESHOLD_ML>
		<SIGNATURE_THRESHOLD_SAM>0</SIGNATURE_THRESHOLD_SAM>
	</signature>
	<signature ID="20190911_191438806966_882">
		<MACROCLASSID>2</MACROCLASSID>
		<MACROCLASSINFO>vegetation</MACROCLASSINFO>
		<CLASSID>19</CLASSID>
		<CLASSINFO>C 1</CLASSINFO>
		<VALUES>[337.1085933108474, 45.376647244653164, 532.271184654296, 57.1016175257786, 428.24659218662043, 82.95453458678729, 2662.1371557054504, 221.5150666798206, 1575.9158234963436, 158.79208481049898, 670.2795460933104, 118.6978105119857]</VALUES>
		<LCS_MIN>[190.0, 328.0, 204.0, 2158.0, 899.0, 362.0]</LCS_MIN>
		<LCS_MAX>[646.0, 846.0, 809.0, 3158.0, 1880.0, 1004.0]</LCS_MAX>
		<WAVELENGTH>[0.485, 0.56, 0.66, 0.83, 1.65, 2.215]</WAVELENGTH>
		<MEAN_VALUE>[337.1085933108474, 532.271184654296, 428.24659218662043, 2662.1371557054504, 1575.9158234963436, 670.2795460933104]</MEAN_VALUE>
		<CHECKBOX>2</CHECKBOX>
		<SD>[45.376647244653164, 57.1016175257786, 82.95453458678729, 221.5150666798206, 158.79208481049898, 118.6978105119857]</SD>
		<WAVELENGTH_UNIT>E-6m</WAVELENGTH_UNIT>
		<COLOR>#5ab6f0</COLOR>
		<COVARIANCE_MATRIX>[[2099.023730503993, 2035.2617954944285, 3141.607338183866, -3240.703772052356, 3662.514467676303, 3700.434790782058], [2035.2617954944285, 3338.2175465970577, 4038.1312877050655, -685.5539754153757, 5671.774527527059, 4869.366639069029], [3141.607338183866, 4038.1312877050655, 7081.435595314782, -7280.380688812946, 8492.139171862462, 8164.818027043107], [-3240.703772052356, -685.5539754153757, -7280.380688812946, 50909.223393194414, 1591.7235192024918, -6194.978408194648], [3662.514467676303, 5671.774527527059, 8492.139171862462, 1591.7235192024918, 25972.06695449444, 16871.27182436434], [3700.434790782058, 4869.366639069029, 8164.818027043107, -6194.978408194648, 16871.27182436434, 14510.609529571966]]</COVARIANCE_MATRIX>
		<ROI_SIZE>238405</ROI_SIZE>
		<MAX_VALUE>[646.0, 846.0, 809.0, 3158.0, 1880.0, 1004.0]</MAX_VALUE>
		<MIN_VALUE>[190.0, 328.0, 204.0, 2158.0, 899.0, 362.0]</MIN_VALUE>
		<SIGNATURE_THRESHOLD_MD>0</SIGNATURE_THRESHOLD_MD>
		<SIGNATURE_THRESHOLD_ML>0</SIGNATURE_THRESHOLD_ML>
		<SIGNATURE_THRESHOLD_SAM>0</SIGNATURE_THRESHOLD_SAM>
	</signature>
	<signature ID="20190911_191500090478_136">
		<MACROCLASSID>3</MACROCLASSID>
		<MACROCLASSINFO>barren</MACROCLASSINFO>
		<CLASSID>20</CLASSID>
		<CLASSINFO>C 1</CLASSINFO>
		<VALUES>[507.55534259702824, 51.63696650173869, 750.414949688547, 71.59162073757068, 851.5011978917103, 128.3619548215834, 2464.1092477240018, 222.6601479630001, 2202.3938667944467, 244.7514470626074, 1218.2755150934372, 215.922301171468]</VALUES>
		<LCS_MIN>[387.0, 592.0, 634.0, 2107.0, 1837.0, 892.0]</LCS_MIN>
		<LCS_MAX>[691.0, 1023.0, 1430.0, 3071.0, 2804.0, 1851.0]</LCS_MAX>
		<WAVELENGTH>[0.485, 0.56, 0.66, 0.83, 1.65, 2.215]</WAVELENGTH>
		<MEAN_VALUE>[507.55534259702824, 750.414949688547, 851.5011978917103, 2464.1092477240018, 2202.3938667944467, 1218.2755150934372]</MEAN_VALUE>
		<CHECKBOX>2</CHECKBOX>
		<SD>[51.63696650173869, 71.59162073757068, 128.3619548215834, 222.6601479630001, 244.7514470626074, 215.922301171468]</SD>
		<WAVELENGTH_UNIT>E-6m</WAVELENGTH_UNIT>
		<COLOR>#fd1a66</COLOR>
		<COVARIANCE_MATRIX>[[2683.6368042809554, 3213.7880579951043, 5529.511659977954, 2724.652907139893, 8612.951284595463, 7549.243316411267], [3213.7880579951043, 5176.084124655776, 8447.968965489463, 3913.9668385055043, 12080.357530139492, 10255.323392191325], [5529.511659977954, 8447.968965489463, 16523.719487316506, 373.6313664175128, 19947.66393425234, 15871.862549426887], [2724.652907139893, 3913.9668385055043, 373.6313664175128, 49921.1309941634, 25752.4645892047, 25215.62614613306], [8612.951284595463, 12080.357530139492, 19947.66393425234, 25752.4645892047, 62255.270351389074, 50420.07164759857], [7549.243316411267, 10255.323392191325, 15871.862549426887, 25215.62614613306, 50420.07164759857, 46834.09694342141]]</COVARIANCE_MATRIX>
		<ROI_SIZE>3857</ROI_SIZE>
		<MAX_VALUE>[691.0, 1023.0, 1430.0, 3071.0, 2804.0, 1851.0]</MAX_VALUE>
		<MIN_VALUE>[387.0, 592.0, 634.0, 2107.0, 1837.0, 892.0]</MIN_VALUE>
		<SIGNATURE_THRESHOLD_MD>0</SIGNATURE_THRESHOLD_MD>
		<SIGNATURE_THRESHOLD_ML>0</SIGNATURE_THRESHOLD_ML>
		<SIGNATURE_THRESHOLD_SAM>0</SIGNATURE_THRESHOLD_SAM>
	</signature>
	<signature ID="20190911_191516404234_982">
		<MACROCLASSID>3</MACROCLASSID>
		<MACROCLASSINFO>barren</MACROCLASSINFO>
		<CLASSID>21</CLASSID>
		<CLASSINFO>C 1</CLASSINFO>
		<VALUES>[498.3943957968484, 59.26325225987659, 712.3765323993026, 76.1859070454783, 770.2368943374195, 121.57526783495314, 2257.309281961465, 179.39545938478778, 1930.8180969060118, 257.4864605387401, 1018.278108581436, 178.942127685892]</VALUES>
		<LCS_MIN>[324.0, 497.0, 431.0, 1637.0, 1401.0, 574.0]</LCS_MIN>
		<LCS_MAX>[737.0, 1095.0, 1238.0, 2632.0, 2401.0, 1492.0]</LCS_MAX>
		<WAVELENGTH>[0.485, 0.56, 0.66, 0.83, 1.65, 2.215]</WAVELENGTH>
		<MEAN_VALUE>[498.3943957968484, 712.3765323993026, 770.2368943374195, 2257.309281961465, 1930.8180969060118, 1018.278108581436]</MEAN_VALUE>
		<CHECKBOX>2</CHECKBOX>
		<SD>[59.26325225987659, 76.1859070454783, 121.57526783495314, 179.39545938478778, 257.4864605387401, 178.942127685892]</SD>
		<WAVELENGTH_UNIT>E-6m</WAVELENGTH_UNIT>
		<COLOR>#fd5bc8</COLOR>
		<COVARIANCE_MATRIX>[[3519.7054298693556, 3966.1283346027312, 6161.365413079464, 530.0519240023817, 6114.475016932465, 4724.2643131317645], [3966.1283346027312, 5795.549643896737, 8396.557648618515, 2778.4512069223674, 8983.234948012023, 6781.229429998356], [6161.365413079464, 8396.557648618515, 14590.474707231935, 1243.961594612193, 16437.19962746344, 12293.89222826534], [530.0519240023817, 2778.4512069223674, 1243.961594612193, 29265.28039675678, 16367.472615636321, 9523.711679011743], [6114.475016932465, 8983.234948012023, 16437.19962746344, 16367.472615636321, 65569.61195354203, 43284.75410259969], [4724.2643131317645, 6781.229429998356, 12293.89222826534, 9523.711679011743, 43284.75410259969, 32033.9998197282]]</COVARIANCE_MATRIX>
		<ROI_SIZE>97510</ROI_SIZE>
		<MAX_VALUE>[737.0, 1095.0, 1238.0, 2632.0, 2401.0, 1492.0]</MAX_VALUE>
		<MIN_VALUE>[324.0, 497.0, 431.0, 1637.0, 1401.0, 574.0]</MIN_VALUE>
		<SIGNATURE_THRESHOLD_MD>0</SIGNATURE_THRESHOLD_MD>
		<SIGNATURE_THRESHOLD_ML>0</SIGNATURE_THRESHOLD_ML>
		<SIGNATURE_THRESHOLD_SAM>0</SIGNATURE_THRESHOLD_SAM>
	</signature>
	<signature ID="20190911_191539987528_807">
		<MACROCLASSID>4</MACROCLASSID>
		<MACROCLASSINFO>builtup</MACROCLASSINFO>
		<CLASSID>22</CLASSID>
		<CLASSINFO>C 1</CLASSINFO>
		<VALUES>[861.2678571428572, 78.90149624496284, 1127.875, 106.36226212135313, 1448.696428571429, 153.88584818936138, 2139.5178571428573, 161.9090343230056, 3174.2499999999995, 221.22308149403008, 2775.5535714285716, 237.4154676362919]</VALUES>
		<LCS_MIN>[679.0, 898.0, 1123.0, 1723.0, 2643.0, 2398.0]</LCS_MIN>
		<LCS_MAX>[1073.0, 1406.0, 1847.0, 2352.0, 3576.0, 3191.0]</LCS_MAX>
		<WAVELENGTH>[0.485, 0.56, 0.66, 0.83, 1.65, 2.215]</WAVELENGTH>
		<MEAN_VALUE>[861.2678571428572, 1127.875, 1448.696428571429, 2139.5178571428573, 3174.2499999999995, 2775.5535714285716]</MEAN_VALUE>
		<CHECKBOX>2</CHECKBOX>
		<SD>[78.90149624496284, 106.36226212135313, 153.88584818936138, 161.9090343230056, 221.22308149403008, 237.4154676362919]</SD>
		<WAVELENGTH_UNIT>E-6m</WAVELENGTH_UNIT>
		<COLOR>#87cd9a</COLOR>
		<COVARIANCE_MATRIX>[[6338.63603896104, 7715.234090909093, 9230.137337662332, 7596.60422077922, 1371.9863636363632, 3315.5581168831172], [7715.234090909093, 11518.620454545455, 14427.270454545454, 14014.93863636363, 3291.7227272727273, 3547.506818181818], [9230.137337662332, 14427.270454545454, 24111.415259740268, 19126.541883116886, 3574.495454545455, 4992.116558441558], [7596.60422077922, 14014.93863636363, 19126.541883116886, 26691.163311688317, 2208.286363636365, -3524.910064935065], [1371.9863636363632, 3291.7227272727273, 3574.495454545455, 2208.286363636365, 49829.46363636363, 48316.95000000001], [3315.5581168831172, 3547.506818181818, 4992.116558441558, -3524.910064935065, 48316.95000000001, 57390.94253246752]]</COVARIANCE_MATRIX>
		<ROI_SIZE>56</ROI_SIZE>
		<MAX_VALUE>[1073.0, 1406.0, 1847.0, 2352.0, 3576.0, 3191.0]</MAX_VALUE>
		<MIN_VALUE>[679.0, 898.0, 1123.0, 1723.0, 2643.0, 2398.0]</MIN_VALUE>
		<SIGNATURE_THRESHOLD_MD>0</SIGNATURE_THRESHOLD_MD>
		<SIGNATURE_THRESHOLD_ML>0</SIGNATURE_THRESHOLD_ML>
		<SIGNATURE_THRESHOLD_SAM>0</SIGNATURE_THRESHOLD_SAM>
	</signature>
	<signature ID="20190911_191548049801_665">
		<MACROCLASSID>4</MACROCLASSID>
		<MACROCLASSINFO>builtup</MACROCLASSINFO>
		<CLASSID>23</CLASSID>
		<CLASSINFO>C 1</CLASSINFO>
		<VALUES>[949.4833333333331, 89.58654877950275, 1362.8166666666668, 140.4488627777226, 1826.5333333333335, 178.0812049475058, 2648.983333333333, 205.0830312878718, 3313.733333333333, 199.25242505146312, 2897.666666666666, 203.24038859329994]</VALUES>
		<LCS_MIN>[737.0, 960.0, 1485.0, 2143.0, 2994.0, 2584.0]</LCS_MIN>
		<LCS_MAX>[1111.0, 1574.0, 2189.0, 2977.0, 3880.0, 3325.0]</LCS_MAX>
		<WAVELENGTH>[0.485, 0.56, 0.66, 0.83, 1.65, 2.215]</WAVELENGTH>
		<MEAN_VALUE>[949.4833333333331, 1362.8166666666668, 1826.5333333333335, 2648.983333333333, 3313.733333333333, 2897.666666666666]</MEAN_VALUE>
		<CHECKBOX>2</CHECKBOX>
		<SD>[89.58654877950275, 140.4488627777226, 178.0812049475058, 205.0830312878718, 199.25242505146312, 203.24038859329994]</SD>
		<WAVELENGTH_UNIT>E-6m</WAVELENGTH_UNIT>
		<COLOR>#f4a7f3</COLOR>
		<COVARIANCE_MATRIX>[[8161.779378531071, 11564.107062146892, 12851.415819209042, 8579.68615819209, 1339.2666666666662, 3095.1129943502824], [11564.107062146892, 20060.22005649717, 23204.794350282486, 19598.50536723164, 5675.1367231638405, 6605.073446327684], [12851.415819209042, 23204.794350282486, 32250.422598870056, 22216.80564971751, 10750.127683615818, 13530.689265536723], [8579.68615819209, 19598.50536723164, 22216.80564971751, 42771.91497175142, 21516.334463276828, 14333.757062146886], [1339.2666666666662, 5675.1367231638405, 10750.127683615818, 21516.334463276828, 40374.4361581921, 36831.60451977401], [3095.1129943502824, 6605.073446327684, 13530.689265536723, 14333.757062146886, 36831.60451977401, 42006.76836158194]]</COVARIANCE_MATRIX>
		<ROI_SIZE>60</ROI_SIZE>
		<MAX_VALUE>[1111.0, 1574.0, 2189.0, 2977.0, 3880.0, 3325.0]</MAX_VALUE>
		<MIN_VALUE>[737.0, 960.0, 1485.0, 2143.0, 2994.0, 2584.0]</MIN_VALUE>
		<SIGNATURE_THRESHOLD_MD>0</SIGNATURE_THRESHOLD_MD>
		<SIGNATURE_THRESHOLD_ML>0</SIGNATURE_THRESHOLD_ML>
		<SIGNATURE_THRESHOLD_SAM>0</SIGNATURE_THRESHOLD_SAM>
	</signature>
	<signature ID="20190911_191558208962_867">
		<MACROCLASSID>4</MACROCLASSID>
		<MACROCLASSINFO>builtup</MACROCLASSINFO>
		<CLASSID>24</CLASSID>
		<CLASSINFO>C 1</CLASSINFO>
		<VALUES>[881.1071428571429, 75.15761499566584, 1267.0000000000002, 123.53484181742873, 1654.1785714285713, 199.0466660235786, 2713.785714285715, 159.497504938581, 3064.9285714285716, 313.15581796691976, 2533.3571428571436, 312.17579917706104]</VALUES>
		<LCS_MIN>[737.0, 1067.0, 1352.0, 2312.0, 2594.0, 1951.0]</LCS_MIN>
		<LCS_MAX>[1033.0, 1469.0, 2000.0, 2939.0, 3579.0, 3087.0]</LCS_MAX>
		<WAVELENGTH>[0.485, 0.56, 0.66, 0.83, 1.65, 2.215]</WAVELENGTH>
		<MEAN_VALUE>[881.1071428571429, 1267.0000000000002, 1654.1785714285713, 2713.785714285715, 3064.9285714285716, 2533.3571428571436]</MEAN_VALUE>
		<CHECKBOX>2</CHECKBOX>
		<SD>[75.15761499566584, 123.53484181742873, 199.0466660235786, 159.497504938581, 313.15581796691976, 312.17579917706104]</SD>
		<WAVELENGTH_UNIT>E-6m</WAVELENGTH_UNIT>
		<COLOR>#2c71f6</COLOR>
		<COVARIANCE_MATRIX>[[5857.876984126984, 8833.96296296296, 13213.239417989416, 5325.542328042327, 16684.34126984127, 17740.997354497358], [8833.96296296296, 15826.074074074073, 24819.518518518515, 11234.740740740743, 31162.074074074062, 33675.03703703703], [13213.239417989416, 24819.518518518515, 41086.96693121693, 18068.81746031746, 50313.124338624344, 54634.97089947089], [5325.542328042327, 11234.740740740743, 18068.81746031746, 26381.656084656093, 37441.206349206346, 32793.671957671955], [16684.34126984127, 31162.074074074062, 50313.124338624344, 37441.206349206346, 101698.66137566138, 97440.54497354497], [17740.997354497358, 33675.03703703703, 54634.97089947089, 32793.671957671955, 97440.54497354497, 101063.12698412697]]</COVARIANCE_MATRIX>
		<ROI_SIZE>28</ROI_SIZE>
		<MAX_VALUE>[1033.0, 1469.0, 2000.0, 2939.0, 3579.0, 3087.0]</MAX_VALUE>
		<MIN_VALUE>[737.0, 1067.0, 1352.0, 2312.0, 2594.0, 1951.0]</MIN_VALUE>
		<SIGNATURE_THRESHOLD_MD>0</SIGNATURE_THRESHOLD_MD>
		<SIGNATURE_THRESHOLD_ML>0</SIGNATURE_THRESHOLD_ML>
		<SIGNATURE_THRESHOLD_SAM>0</SIGNATURE_THRESHOLD_SAM>
	</signature>
	<signature ID="20190911_191611265607_849">
		<MACROCLASSID>4</MACROCLASSID>
		<MACROCLASSINFO>builtup</MACROCLASSINFO>
		<CLASSID>25</CLASSID>
		<CLASSINFO>C 1</CLASSINFO>
		<VALUES>[729.7272727272725, 161.54396581909828, 1001.5272727272726, 199.8354645516205, 1179.7454545454548, 254.16646071436347, 2521.109090909092, 126.95534973543322, 2880.054545454546, 197.48412301492783, 1959.2545454545455, 369.77306151853924]</VALUES>
		<LCS_MIN>[500.0, 716.0, 808.0, 2325.0, 2478.0, 1429.0]</LCS_MIN>
		<LCS_MAX>[1124.0, 1428.0, 1664.0, 2789.0, 3267.0, 2599.0]</LCS_MAX>
		<WAVELENGTH>[0.485, 0.56, 0.66, 0.83, 1.65, 2.215]</WAVELENGTH>
		<MEAN_VALUE>[729.7272727272725, 1001.5272727272726, 1179.7454545454548, 2521.109090909092, 2880.054545454546, 1959.2545454545455]</MEAN_VALUE>
		<CHECKBOX>2</CHECKBOX>
		<SD>[161.54396581909828, 199.8354645516205, 254.16646071436347, 126.95534973543322, 197.48412301492783, 369.77306151853924]</SD>
		<WAVELENGTH_UNIT>E-6m</WAVELENGTH_UNIT>
		<COLOR>#fd51ae</COLOR>
		<COVARIANCE_MATRIX>[[26579.720538720525, 32327.090909090904, 40204.61447811446, -5718.654882154881, 15041.21885521886, 55898.47811447809], [32327.090909090904, 40673.73535353535, 50711.65521885523, -5793.040067340066, 20521.24848484848, 71098.12255892257], [40204.61447811446, 50711.65521885523, 65796.89696969697, -4478.175420875421, 30884.588215488206, 92321.23265993266], [-5718.654882154881, -5793.040067340066, -4478.175420875421, 16416.136026936027, 9323.86430976431, -7648.380134680134], [15041.21885521886, 20521.24848484848, 30884.588215488206, 9323.86430976431, 39722.20067340068, 48817.70808080807], [55898.47811447809, 71098.12255892257, 92321.23265993266, -7648.380134680134, 48817.70808080807, 139264.19326599326]]</COVARIANCE_MATRIX>
		<ROI_SIZE>55</ROI_SIZE>
		<MAX_VALUE>[1124.0, 1428.0, 1664.0, 2789.0, 3267.0, 2599.0]</MAX_VALUE>
		<MIN_VALUE>[500.0, 716.0, 808.0, 2325.0, 2478.0, 1429.0]</MIN_VALUE>
		<SIGNATURE_THRESHOLD_MD>0</SIGNATURE_THRESHOLD_MD>
		<SIGNATURE_THRESHOLD_ML>0</SIGNATURE_THRESHOLD_ML>
		<SIGNATURE_THRESHOLD_SAM>0</SIGNATURE_THRESHOLD_SAM>
	</signature>
	<signature ID="20190911_191650649120_310">
		<MACROCLASSID>4</MACROCLASSID>
		<MACROCLASSINFO>builtup</MACROCLASSINFO>
		<CLASSID>26</CLASSID>
		<CLASSINFO>C 1</CLASSINFO>
		<VALUES>[617.1679104477608, 61.31870024805966, 953.2126865671643, 99.31325528282672, 1139.5074626865667, 159.54558821988084, 2836.9514925373146, 160.59244756273657, 2826.9589552238813, 244.42155708745844, 1734.8432835820893, 225.53223466458226]</VALUES>
		<LCS_MIN>[472.0, 744.0, 775.0, 2490.0, 2401.0, 1400.0]</LCS_MIN>
		<LCS_MAX>[812.0, 1282.0, 1587.0, 3288.0, 3366.0, 2304.0]</LCS_MAX>
		<WAVELENGTH>[0.485, 0.56, 0.66, 0.83, 1.65, 2.215]</WAVELENGTH>
		<MEAN_VALUE>[617.1679104477608, 953.2126865671643, 1139.5074626865667, 2836.9514925373146, 2826.9589552238813, 1734.8432835820893]</MEAN_VALUE>
		<CHECKBOX>2</CHECKBOX>
		<SD>[61.31870024805966, 99.31325528282672, 159.54558821988084, 160.59244756273657, 244.42155708745844, 225.53223466458226]</SD>
		<WAVELENGTH_UNIT>E-6m</WAVELENGTH_UNIT>
		<COLOR>#6dd04e</COLOR>
		<COVARIANCE_MATRIX>[[3774.065333445137, 5431.664528481189, 7730.963161719494, 2469.468849572363, 6230.332760355526, 7008.970233104143], [5431.664528481189, 9900.063209234719, 14357.989043546311, 2241.18638548829, 8992.360822293027, 11339.497875789591], [7730.963161719494, 14357.989043546311, 25550.131030242042, 440.49287271507615, 16442.20817262005, 19303.214657051813], [2469.468849572363, 2241.18638548829, 440.49287271507615, 25886.525728101064, 19383.226465984688, 12526.981133657553], [6230.332760355526, 8992.360822293027, 16442.20817262005, 19383.226465984688, 59965.649994409985, 50042.712644641964], [7008.970233104143, 11339.497875789591, 19303.214657051813, 12526.981133657553, 50042.712644641964, 51055.293700039125]]</COVARIANCE_MATRIX>
		<ROI_SIZE>268</ROI_SIZE>
		<MAX_VALUE>[812.0, 1282.0, 1587.0, 3288.0, 3366.0, 2304.0]</MAX_VALUE>
		<MIN_VALUE>[472.0, 744.0, 775.0, 2490.0, 2401.0, 1400.0]</MIN_VALUE>
		<SIGNATURE_THRESHOLD_MD>0</SIGNATURE_THRESHOLD_MD>
		<SIGNATURE_THRESHOLD_ML>0</SIGNATURE_THRESHOLD_ML>
		<SIGNATURE_THRESHOLD_SAM>0</SIGNATURE_THRESHOLD_SAM>
	</signature>
</signaturelist>
