<?xml version="1.0" ?>
<signaturelist MCID_LIST="[['1', 'waterbody', '#0000ff'], ['2', 'vegetation', '#00ff00'], ['3', 'bare land', '#ffaa00'], ['4', 'built-up', '#ff0000']]">
	<signature ID="20200826_103727872995_941">
		<MACROCLASSID>1</MACROCLASSID>
		<MACROCLASSINFO>waterbody</MACROCLASSINFO>
		<CLASSID>1</CLASSID>
		<CLASSINFO>C 1</CLASSINFO>
		<VALUES>[0.1527080825633473, 0.00558537580662142, 0.12941782891986864, 0.007067232293233576, 0.11958113200371231, 0.009472125921485842, 0.13225904249009637, 0.008716525311336546, 0.09437569461408112, 0.01468084837529843, 0.05543904003524592, 0.009416209629810943]</VALUES>
		<LCS_MIN>[0.13923436403274536, 0.11290690302848816, 0.09867928177118301, 0.10807210206985474, 0.061689458787441254, 0.03536795824766159]</LCS_MIN>
		<LCS_MAX>[0.16822990775108337, 0.1431264579296112, 0.13847115635871887, 0.14893317222595215, 0.11706724017858505, 0.07264504581689835]</LCS_MAX>
		<WAVELENGTH>[0.485, 0.56, 0.66, 0.835, 1.65, 2.22]</WAVELENGTH>
		<MEAN_VALUE>[0.1527080825633473, 0.12941782891986864, 0.11958113200371231, 0.13225904249009637, 0.09437569461408112, 0.05543904003524592]</MEAN_VALUE>
		<CHECKBOX>2</CHECKBOX>
		<SD>[0.00558537580662142, 0.007067232293233576, 0.009472125921485842, 0.008716525311336546, 0.01468084837529843, 0.009416209629810943]</SD>
		<WAVELENGTH_UNIT>E-6m</WAVELENGTH_UNIT>
		<COLOR>#f497a8</COLOR>
		<COVARIANCE_MATRIX>[[3.144599395454861e-05, 3.6431054468266666e-05, 4.9095702706836164e-05, 3.705159906530753e-05, 3.975850995630026e-05, 2.4359016606467776e-05], [3.6431054468266666e-05, 5.0345337513135746e-05, 6.50375077384524e-05, 5.1170569349778816e-05, 4.8124740715138614e-05, 2.7708769266610034e-05], [4.9095702706836164e-05, 6.50375077384524e-05, 9.043893805937842e-05, 6.795326044084504e-05, 6.24732711003162e-05, 3.5523615224519745e-05], [3.705159906530753e-05, 5.1170569349778816e-05, 6.795326044084504e-05, 7.658563845325261e-05, 8.223305485444143e-05, 4.858188913203776e-05], [3.975850995630026e-05, 4.8124740715138614e-05, 6.24732711003162e-05, 8.223305485444143e-05, 0.0002172515232814476, 0.00012879569840151817], [2.4359016606467776e-05, 2.7708769266610034e-05, 3.5523615224519745e-05, 4.858188913203776e-05, 0.00012879569840151817, 8.937432721722871e-05]]</COVARIANCE_MATRIX>
		<ROI_SIZE>126</ROI_SIZE>
		<MAX_VALUE>[0.16822990775108337, 0.1431264579296112, 0.13847115635871887, 0.14893317222595215, 0.11706724017858505, 0.07264504581689835]</MAX_VALUE>
		<MIN_VALUE>[0.13923436403274536, 0.11290690302848816, 0.09867928177118301, 0.10807210206985474, 0.061689458787441254, 0.03536795824766159]</MIN_VALUE>
		<SIGNATURE_THRESHOLD_MD>0.0</SIGNATURE_THRESHOLD_MD>
		<SIGNATURE_THRESHOLD_ML>0.0</SIGNATURE_THRESHOLD_ML>
		<SIGNATURE_THRESHOLD_SAM>0.0</SIGNATURE_THRESHOLD_SAM>
	</signature>
	<signature ID="20200826_103758057540_423">
		<MACROCLASSID>1</MACROCLASSID>
		<MACROCLASSINFO>waterbody</MACROCLASSINFO>
		<CLASSID>2</CLASSID>
		<CLASSINFO>C 1</CLASSINFO>
		<VALUES>[0.1116031290554599, 0.003009141318694464, 0.07407784061215761, 0.0056561555938752835, 0.040521802719259925, 0.0040146175092821736, 0.030242485412612822, 0.0025537534704816135, 0.006741927724484762, 0.003142028257485955, 0.0029772850916109815, 0.00213512014709595]</VALUES>
		<LCS_MIN>[0.10298989713191986, 0.06519182026386261, 0.033833250403404236, 0.0263499952852726, 0.0, 0.0]</LCS_MIN>
		<LCS_MAX>[0.12618635594844818, 0.0985923781991005, 0.06625626981258392, 0.053590696305036545, 0.03502608835697174, 0.019672347232699394]</LCS_MAX>
		<WAVELENGTH>[0.485, 0.56, 0.66, 0.835, 1.65, 2.22]</WAVELENGTH>
		<MEAN_VALUE>[0.1116031290554599, 0.07407784061215761, 0.040521802719259925, 0.030242485412612822, 0.006741927724484762, 0.0029772850916109815]</MEAN_VALUE>
		<CHECKBOX>2</CHECKBOX>
		<SD>[0.003009141318694464, 0.0056561555938752835, 0.0040146175092821736, 0.0025537534704816135, 0.003142028257485955, 0.00213512014709595]</SD>
		<WAVELENGTH_UNIT>E-6m</WAVELENGTH_UNIT>
		<COLOR>#cc5d49</COLOR>
		<COVARIANCE_MATRIX>[[9.059418516699225e-06, 1.3331160516827367e-05, 7.5810285125044174e-06, 4.1905823309207335e-06, 2.6138316115975613e-06, 9.96902713268355e-07], [1.3331160516827367e-05, 3.200794890290126e-05, 1.724230060062837e-05, 9.21431819733698e-06, 5.827531367685879e-06, 2.536195097491145e-06], [7.5810285125044174e-06, 1.724230060062837e-05, 1.6125140973599628e-05, 6.4542118707322516e-06, 4.501028342929203e-06, 2.132963800249854e-06], [4.1905823309207335e-06, 9.21431819733698e-06, 6.4542118707322516e-06, 6.524888704007026e-06, 3.0146056815283373e-06, 1.5433413409482455e-06], [2.6138316115975613e-06, 5.827531367685879e-06, 4.501028342929203e-06, 3.0146056815283373e-06, 9.877233424049336e-06, 1.6201328207898769e-06], [9.96902713268355e-07, 2.536195097491145e-06, 2.132963800249854e-06, 1.5433413409482455e-06, 1.6201328207898769e-06, 4.560997240332654e-06]]</COVARIANCE_MATRIX>
		<ROI_SIZE>2019</ROI_SIZE>
		<MAX_VALUE>[0.12618635594844818, 0.0985923781991005, 0.06625626981258392, 0.053590696305036545, 0.03502608835697174, 0.019672347232699394]</MAX_VALUE>
		<MIN_VALUE>[0.10298989713191986, 0.06519182026386261, 0.033833250403404236, 0.0263499952852726, 0.0, 0.0]</MIN_VALUE>
		<SIGNATURE_THRESHOLD_MD>0.0</SIGNATURE_THRESHOLD_MD>
		<SIGNATURE_THRESHOLD_ML>0.0</SIGNATURE_THRESHOLD_ML>
		<SIGNATURE_THRESHOLD_SAM>0.0</SIGNATURE_THRESHOLD_SAM>
	</signature>
	<signature ID="20200826_103812664166_963">
		<MACROCLASSID>1</MACROCLASSID>
		<MACROCLASSINFO>waterbody</MACROCLASSINFO>
		<CLASSID>3</CLASSID>
		<CLASSINFO>C 1</CLASSINFO>
		<VALUES>[0.11437250639223162, 0.0035373938683404675, 0.07719643197608211, 0.007312568883448244, 0.044303102208560485, 0.00743172902634294, 0.032942695272654574, 0.004847369364759665, 0.008166833009900013, 0.004469987411795723, 0.003917539135431553, 0.002855319376405627]</VALUES>
		<LCS_MIN>[0.1058894619345665, 0.06837282329797745, 0.03530702739953995, 0.022944901138544083, 0.0, 0.0]</LCS_MIN>
		<LCS_MAX>[0.12908592820167542, 0.10336389392614365, 0.0750989094376564, 0.0638059601187706, 0.03707711398601532, 0.023596253246068954]</LCS_MAX>
		<WAVELENGTH>[0.485, 0.56, 0.66, 0.835, 1.65, 2.22]</WAVELENGTH>
		<MEAN_VALUE>[0.11437250639223162, 0.07719643197608211, 0.044303102208560485, 0.032942695272654574, 0.008166833009900013, 0.003917539135431553]</MEAN_VALUE>
		<CHECKBOX>2</CHECKBOX>
		<SD>[0.0035373938683404675, 0.007312568883448244, 0.00743172902634294, 0.004847369364759665, 0.004469987411795723, 0.002855319376405627]</SD>
		<WAVELENGTH_UNIT>E-6m</WAVELENGTH_UNIT>
		<COLOR>#b880dd</COLOR>
		<COVARIANCE_MATRIX>[[1.2524112207756843e-05, 2.2009009626344778e-05, 2.1755047782789916e-05, 9.640429198043421e-06, 5.137672815180849e-06, 2.730038204390439e-06], [2.2009009626344778e-05, 5.3520489018410444e-05, 5.103895455249585e-05, 2.2967258701100945e-05, 1.1995927707175724e-05, 6.407789896911709e-06], [2.1755047782789916e-05, 5.103895455249585e-05, 5.527896064450033e-05, 2.370566471654456e-05, 1.2784215869032778e-05, 6.997987838985864e-06], [9.640429198043421e-06, 2.2967258701100945e-05, 2.370566471654456e-05, 2.3517564841313288e-05, 1.4183500752551481e-05, 7.605455721204635e-06], [5.137672815180849e-06, 1.1995927707175724e-05, 1.2784215869032778e-05, 1.4183500752551481e-05, 1.999828418774996e-05, 6.4105538513103966e-06], [2.730038204390439e-06, 6.407789896911709e-06, 6.997987838985864e-06, 7.605455721204635e-06, 6.4105538513103966e-06, 8.159988283296116e-06]]</COVARIANCE_MATRIX>
		<ROI_SIZE>1143</ROI_SIZE>
		<MAX_VALUE>[0.12908592820167542, 0.10336389392614365, 0.0750989094376564, 0.0638059601187706, 0.03707711398601532, 0.023596253246068954]</MAX_VALUE>
		<MIN_VALUE>[0.1058894619345665, 0.06837282329797745, 0.03530702739953995, 0.022944901138544083, 0.0, 0.0]</MIN_VALUE>
		<SIGNATURE_THRESHOLD_MD>0.0</SIGNATURE_THRESHOLD_MD>
		<SIGNATURE_THRESHOLD_ML>0.0</SIGNATURE_THRESHOLD_ML>
		<SIGNATURE_THRESHOLD_SAM>0.0</SIGNATURE_THRESHOLD_SAM>
	</signature>
	<signature ID="20200826_103821384672_519">
		<MACROCLASSID>1</MACROCLASSID>
		<MACROCLASSINFO>waterbody</MACROCLASSINFO>
		<CLASSID>4</CLASSID>
		<CLASSINFO>C 1</CLASSINFO>
		<VALUES>[0.11245099596821334, 0.004510995792741751, 0.07155643027955894, 0.008749360688467992, 0.04064714425631701, 0.004246776915567086, 0.027856768107381757, 0.0035608180489244893, 0.008229351371059802, 0.002954957475341198, 0.004275700269824938, 0.0021555008107721307]</VALUES>
		<LCS_MIN>[0.10298989713191986, 0.060420308262109756, 0.03235947713255882, 0.022944901138544083, 0.0, 0.0]</LCS_MIN>
		<LCS_MAX>[0.13633480668067932, 0.10177338868379593, 0.06183494254946709, 0.053590696305036545, 0.03297505900263786, 0.015748443081974983]</LCS_MAX>
		<WAVELENGTH>[0.485, 0.56, 0.66, 0.835, 1.65, 2.22]</WAVELENGTH>
		<MEAN_VALUE>[0.11245099596821334, 0.07155643027955894, 0.04064714425631701, 0.027856768107381757, 0.008229351371059802, 0.004275700269824938]</MEAN_VALUE>
		<CHECKBOX>2</CHECKBOX>
		<SD>[0.004510995792741751, 0.008749360688467992, 0.004246776915567086, 0.0035608180489244893, 0.002954957475341198, 0.0021555008107721307]</SD>
		<WAVELENGTH_UNIT>E-6m</WAVELENGTH_UNIT>
		<COLOR>#bac524</COLOR>
		<COVARIANCE_MATRIX>[[2.0360179405543022e-05, 3.43786996381823e-05, 1.1493358215375338e-05, 4.252869985066354e-06, 1.3853309610567521e-06, 4.6372992557053294e-08], [3.43786996381823e-05, 7.659305265406147e-05, 2.8526143069029786e-05, 1.247250384039944e-05, 3.6453609482123284e-06, 6.924652211637294e-07], [1.1493358215375338e-05, 2.8526143069029786e-05, 1.8044947864837013e-05, 8.068648639891762e-06, 2.635181090226979e-06, 9.314705948781921e-07], [4.252869985066354e-06, 1.247250384039944e-05, 8.068648639891762e-06, 1.268633877771208e-05, 3.5591508549259743e-06, 1.6617185565337422e-06], [1.3853309610567521e-06, 3.6453609482123284e-06, 2.635181090226979e-06, 3.5591508549259743e-06, 8.73653516464401e-06, 1.0366298965891474e-06], [4.6372992557053294e-08, 6.924652211637294e-07, 9.314705948781921e-07, 1.6617185565337422e-06, 1.0366298965891474e-06, 4.648717094823951e-06]]</COVARIANCE_MATRIX>
		<ROI_SIZE>1835</ROI_SIZE>
		<MAX_VALUE>[0.13633480668067932, 0.10177338868379593, 0.06183494254946709, 0.053590696305036545, 0.03297505900263786, 0.015748443081974983]</MAX_VALUE>
		<MIN_VALUE>[0.10298989713191986, 0.060420308262109756, 0.03235947713255882, 0.022944901138544083, 0.0, 0.0]</MIN_VALUE>
		<SIGNATURE_THRESHOLD_MD>0.0</SIGNATURE_THRESHOLD_MD>
		<SIGNATURE_THRESHOLD_ML>0.0</SIGNATURE_THRESHOLD_ML>
		<SIGNATURE_THRESHOLD_SAM>0.0</SIGNATURE_THRESHOLD_SAM>
	</signature>
	<signature ID="20200826_103829996185_991">
		<MACROCLASSID>1</MACROCLASSID>
		<MACROCLASSINFO>waterbody</MACROCLASSINFO>
		<CLASSID>5</CLASSID>
		<CLASSINFO>C 1</CLASSINFO>
		<VALUES>[0.10770017019313254, 0.0029975186218507014, 0.0646073020672533, 0.008492034799726862, 0.03772631588793314, 0.006387588048527534, 0.025932073273606377, 0.004109231160678283, 0.007354464500134539, 0.0027696838583702275, 0.0038925737204190303, 0.0021873537138498594]</VALUES>
		<LCS_MIN>[0.10154013335704803, 0.0556487999856472, 0.029411930590867996, 0.019539814442396164, 0.0, 0.0]</LCS_MIN>
		<LCS_MAX>[0.12328680604696274, 0.0985923781991005, 0.06478249281644821, 0.050185613334178925, 0.01861785538494587, 0.011824539862573147]</LCS_MAX>
		<WAVELENGTH>[0.485, 0.56, 0.66, 0.835, 1.65, 2.22]</WAVELENGTH>
		<MEAN_VALUE>[0.10770017019313254, 0.0646073020672533, 0.03772631588793314, 0.025932073273606377, 0.007354464500134539, 0.0038925737204190303]</MEAN_VALUE>
		<CHECKBOX>2</CHECKBOX>
		<SD>[0.0029975186218507014, 0.008492034799726862, 0.006387588048527534, 0.004109231160678283, 0.0027696838583702275, 0.0021873537138498594]</SD>
		<WAVELENGTH_UNIT>E-6m</WAVELENGTH_UNIT>
		<COLOR>#456133</COLOR>
		<COVARIANCE_MATRIX>[[8.99138831300661e-06, 1.8988002921105362e-05, 1.2499242075136863e-05, 5.68354607821675e-06, 1.7108627616835292e-06, 8.023174018489954e-07], [1.8988002921105362e-05, 7.216497760964558e-05, 4.8750654968898743e-05, 2.582547858764883e-05, 8.299160981550813e-06, 3.4427453101670835e-06], [1.2499242075136863e-05, 4.8750654968898743e-05, 4.082975283381529e-05, 1.9015416910406202e-05, 5.9212725318502635e-06, 2.469272430971614e-06], [5.68354607821675e-06, 2.582547858764883e-05, 1.9015416910406202e-05, 1.6897563909878954e-05, 4.469999566936167e-06, 1.900782649499888e-06], [1.7108627616835292e-06, 8.299160981550813e-06, 5.9212725318502635e-06, 4.469999566936167e-06, 7.676501809328329e-06, 8.346527238245471e-07], [8.023174018489954e-07, 3.4427453101670835e-06, 2.469272430971614e-06, 1.900782649499888e-06, 8.346527238245471e-07, 4.7878552322799806e-06]]</COVARIANCE_MATRIX>
		<ROI_SIZE>1434</ROI_SIZE>
		<MAX_VALUE>[0.12328680604696274, 0.0985923781991005, 0.06478249281644821, 0.050185613334178925, 0.01861785538494587, 0.011824539862573147]</MAX_VALUE>
		<MIN_VALUE>[0.10154013335704803, 0.0556487999856472, 0.029411930590867996, 0.019539814442396164, 0.0, 0.0]</MIN_VALUE>
		<SIGNATURE_THRESHOLD_MD>0.0</SIGNATURE_THRESHOLD_MD>
		<SIGNATURE_THRESHOLD_ML>0.0</SIGNATURE_THRESHOLD_ML>
		<SIGNATURE_THRESHOLD_SAM>0.0</SIGNATURE_THRESHOLD_SAM>
	</signature>
	<signature ID="20200826_103837791009_483">
		<MACROCLASSID>1</MACROCLASSID>
		<MACROCLASSINFO>waterbody</MACROCLASSINFO>
		<CLASSID>6</CLASSID>
		<CLASSINFO>C 1</CLASSINFO>
		<VALUES>[0.11243884396970362, 0.003848262178031727, 0.07021872874751937, 0.007165411572980681, 0.03751207711784619, 0.005541637741495726, 0.02814064447057846, 0.003803664878639317, 0.007678311919195285, 0.002913498814359221, 0.004012164575548755, 0.0021963021478377115]</VALUES>
		<LCS_MIN>[0.10154013335704803, 0.05723930150270462, 0.029411930590867996, 0.019539814442396164, 0.0, 0.0]</LCS_MIN>
		<LCS_MAX>[0.1276361346244812, 0.09382086992263794, 0.06183494254946709, 0.053590696305036545, 0.02682197093963623, 0.013786491006612778]</LCS_MAX>
		<WAVELENGTH>[0.485, 0.56, 0.66, 0.835, 1.65, 2.22]</WAVELENGTH>
		<MEAN_VALUE>[0.11243884396970362, 0.07021872874751937, 0.03751207711784619, 0.02814064447057846, 0.007678311919195285, 0.004012164575548755]</MEAN_VALUE>
		<CHECKBOX>2</CHECKBOX>
		<SD>[0.003848262178031727, 0.007165411572980681, 0.005541637741495726, 0.003803664878639317, 0.002913498814359221, 0.0021963021478377115]</SD>
		<WAVELENGTH_UNIT>E-6m</WAVELENGTH_UNIT>
		<COLOR>#960fe8</COLOR>
		<COVARIANCE_MATRIX>[[1.4820400792814326e-05, 2.007816692639608e-05, 1.1382288903405424e-05, 9.581498488842044e-06, 3.6516814816422993e-06, 2.180480578317656e-06], [2.007816692639608e-05, 5.138222695677541e-05, 3.3497293770778924e-05, 2.093329021590762e-05, 7.881125384301413e-06, 4.930693648930173e-06], [1.1382288903405424e-05, 3.3497293770778924e-05, 3.0733139283256605e-05, 1.544914448459167e-05, 5.516589226317592e-06, 3.591009999581729e-06], [9.581498488842044e-06, 2.093329021590762e-05, 1.544914448459167e-05, 1.4478885532298591e-05, 4.726400675281184e-06, 2.7957175916526467e-06], [3.6516814816422993e-06, 7.881125384301413e-06, 5.516589226317592e-06, 4.726400675281184e-06, 8.494940630043857e-06, 1.683609525571228e-06], [2.180480578317656e-06, 4.930693648930173e-06, 3.591009999581729e-06, 2.7957175916526467e-06, 1.683609525571228e-06, 4.82741688756505e-06]]</COVARIANCE_MATRIX>
		<ROI_SIZE>1314</ROI_SIZE>
		<MAX_VALUE>[0.1276361346244812, 0.09382086992263794, 0.06183494254946709, 0.053590696305036545, 0.02682197093963623, 0.013786491006612778]</MAX_VALUE>
		<MIN_VALUE>[0.10154013335704803, 0.05723930150270462, 0.029411930590867996, 0.019539814442396164, 0.0, 0.0]</MIN_VALUE>
		<SIGNATURE_THRESHOLD_MD>0.0</SIGNATURE_THRESHOLD_MD>
		<SIGNATURE_THRESHOLD_ML>0.0</SIGNATURE_THRESHOLD_ML>
		<SIGNATURE_THRESHOLD_SAM>0.0</SIGNATURE_THRESHOLD_SAM>
	</signature>
	<signature ID="20200826_103845936151_206">
		<MACROCLASSID>1</MACROCLASSID>
		<MACROCLASSINFO>waterbody</MACROCLASSINFO>
		<CLASSID>7</CLASSID>
		<CLASSINFO>C 1</CLASSINFO>
		<VALUES>[0.11111411982550591, 0.002592407910805531, 0.07025794796178675, 0.00620965617101776, 0.03901916872684045, 0.004153646436773386, 0.0337482331305078, 0.004858230025019375, 0.008177468608312498, 0.003220711503009117, 0.0037505996937484015, 0.0022991261176265087]</VALUES>
		<LCS_MIN>[0.10298989713191986, 0.060420308262109756, 0.03088570572435856, 0.0263499952852726, 0.0, 0.0]</LCS_MIN>
		<LCS_MAX>[0.12328680604696274, 0.09223036468029022, 0.0633087232708931, 0.056995783001184464, 0.030924027785658836, 0.015748443081974983]</LCS_MAX>
		<WAVELENGTH>[0.485, 0.56, 0.66, 0.835, 1.65, 2.22]</WAVELENGTH>
		<MEAN_VALUE>[0.11111411982550591, 0.07025794796178675, 0.03901916872684045, 0.0337482331305078, 0.008177468608312498, 0.0037505996937484015]</MEAN_VALUE>
		<CHECKBOX>2</CHECKBOX>
		<SD>[0.002592407910805531, 0.00620965617101776, 0.004153646436773386, 0.004858230025019375, 0.003220711503009117, 0.0022991261176265087]</SD>
		<WAVELENGTH_UNIT>E-6m</WAVELENGTH_UNIT>
		<COLOR>#14b2e0</COLOR>
		<COVARIANCE_MATRIX>[[6.725262210238725e-06, 9.373583452543244e-06, 4.036839527543634e-06, 5.3365961321105715e-06, 1.5861470501477015e-06, 8.365968824364245e-07], [9.373583452543244e-06, 3.858670243062079e-05, 1.9720975615200587e-05, 2.05425367312273e-05, 6.503240001620725e-06, 2.555768787715351e-06], [4.036839527543634e-06, 1.9720975615200587e-05, 1.726480149955023e-05, 1.3356571798794903e-05, 4.444566002348438e-06, 1.7627722854740568e-06], [5.3365961321105715e-06, 2.05425367312273e-05, 1.3356571798794903e-05, 2.361884617130272e-05, 8.00342058937531e-06, 3.3359201552229933e-06], [1.5861470501477015e-06, 6.503240001620725e-06, 4.444566002348438e-06, 8.00342058937531e-06, 1.0380211278970819e-05, 2.1744135665358044e-06], [8.365968824364245e-07, 2.555768787715351e-06, 1.7627722854740568e-06, 3.3359201552229933e-06, 2.1744135665358044e-06, 5.289664386509685e-06]]</COVARIANCE_MATRIX>
		<ROI_SIZE>1436</ROI_SIZE>
		<MAX_VALUE>[0.12328680604696274, 0.09223036468029022, 0.0633087232708931, 0.056995783001184464, 0.030924027785658836, 0.015748443081974983]</MAX_VALUE>
		<MIN_VALUE>[0.10298989713191986, 0.060420308262109756, 0.03088570572435856, 0.0263499952852726, 0.0, 0.0]</MIN_VALUE>
		<SIGNATURE_THRESHOLD_MD>0.0</SIGNATURE_THRESHOLD_MD>
		<SIGNATURE_THRESHOLD_ML>0.0</SIGNATURE_THRESHOLD_ML>
		<SIGNATURE_THRESHOLD_SAM>0.0</SIGNATURE_THRESHOLD_SAM>
	</signature>
	<signature ID="20200826_103853016893_290">
		<MACROCLASSID>1</MACROCLASSID>
		<MACROCLASSINFO>waterbody</MACROCLASSINFO>
		<CLASSID>8</CLASSID>
		<CLASSINFO>C 1</CLASSINFO>
		<VALUES>[0.12458448696232675, 0.005032811750007033, 0.08178781290120866, 0.008072087582774664, 0.04857693197958492, 0.005699574402654755, 0.04130764631898952, 0.006295317379758459, 0.011621480443776078, 0.003826711802933048, 0.006280337988898004, 0.0025225760497647417]</VALUES>
		<LCS_MIN>[0.11458813399076462, 0.06837282329797745, 0.038254573941230774, 0.029755080118775368, 0.0, 0.0]</LCS_MIN>
		<LCS_MAX>[0.1406841278076172, 0.11131640523672104, 0.07952022552490234, 0.07402122765779495, 0.0391281433403492, 0.02163429744541645]</LCS_MAX>
		<WAVELENGTH>[0.485, 0.56, 0.66, 0.835, 1.65, 2.22]</WAVELENGTH>
		<MEAN_VALUE>[0.12458448696232675, 0.08178781290120866, 0.04857693197958492, 0.04130764631898952, 0.011621480443776078, 0.006280337988898004]</MEAN_VALUE>
		<CHECKBOX>2</CHECKBOX>
		<SD>[0.005032811750007033, 0.008072087582774664, 0.005699574402654755, 0.006295317379758459, 0.003826711802933048, 0.0025225760497647417]</SD>
		<WAVELENGTH_UNIT>E-6m</WAVELENGTH_UNIT>
		<COLOR>#367173</COLOR>
		<COVARIANCE_MATRIX>[[2.5346238544443622e-05, 3.3087249903474e-05, 2.1895046302233823e-05, 2.3840191715862602e-05, 8.572161277697887e-06, 5.069291091785999e-06], [3.3087249903474e-05, 6.520244642160833e-05, 4.0683757106307894e-05, 4.383041232358664e-05, 1.576503927935846e-05, 9.04163607629016e-06], [2.1895046302233823e-05, 4.0683757106307894e-05, 3.250701047363691e-05, 3.159468178637326e-05, 1.1769941920647398e-05, 6.870722700114129e-06], [2.3840191715862602e-05, 4.383041232358664e-05, 3.159468178637326e-05, 3.9657690649619326e-05, 1.4081926565268077e-05, 8.13445421954384e-06], [8.572161277697887e-06, 1.576503927935846e-05, 1.1769941920647398e-05, 1.4081926565268077e-05, 1.4653577636636328e-05, 3.3704504858178552e-06], [5.069291091785999e-06, 9.04163607629016e-06, 6.870722700114129e-06, 8.13445421954384e-06, 3.3704504858178552e-06, 6.367672085616505e-06]]</COVARIANCE_MATRIX>
		<ROI_SIZE>1487</ROI_SIZE>
		<MAX_VALUE>[0.1406841278076172, 0.11131640523672104, 0.07952022552490234, 0.07402122765779495, 0.0391281433403492, 0.02163429744541645]</MAX_VALUE>
		<MIN_VALUE>[0.11458813399076462, 0.06837282329797745, 0.038254573941230774, 0.029755080118775368, 0.0, 0.0]</MIN_VALUE>
		<SIGNATURE_THRESHOLD_MD>0.0</SIGNATURE_THRESHOLD_MD>
		<SIGNATURE_THRESHOLD_ML>0.0</SIGNATURE_THRESHOLD_ML>
		<SIGNATURE_THRESHOLD_SAM>0.0</SIGNATURE_THRESHOLD_SAM>
	</signature>
	<signature ID="20200826_103904097285_304">
		<MACROCLASSID>1</MACROCLASSID>
		<MACROCLASSINFO>waterbody</MACROCLASSINFO>
		<CLASSID>9</CLASSID>
		<CLASSINFO>C 1</CLASSINFO>
		<VALUES>[0.1189465042709313, 0.003013517722800613, 0.08722314464026379, 0.004352208112140604, 0.06416399856652673, 0.004809731283256757, 0.05053460507310537, 0.009478446184038805, 0.021749683991177736, 0.011107407829061914, 0.011192454645704371, 0.00666885203728662]</VALUES>
		<LCS_MIN>[0.11023880541324615, 0.07473484426736832, 0.048570986837148666, 0.029755080118775368, 0.0, 0.0]</LCS_MIN>
		<LCS_MAX>[0.12908592820167542, 0.10336389392614365, 0.08246777206659317, 0.07061613351106644, 0.04528123140335083, 0.03144405782222748]</LCS_MAX>
		<WAVELENGTH>[0.485, 0.56, 0.66, 0.835, 1.65, 2.22]</WAVELENGTH>
		<MEAN_VALUE>[0.1189465042709313, 0.08722314464026379, 0.06416399856652673, 0.05053460507310537, 0.021749683991177736, 0.011192454645704371]</MEAN_VALUE>
		<CHECKBOX>2</CHECKBOX>
		<SD>[0.003013517722800613, 0.004352208112140604, 0.004809731283256757, 0.009478446184038805, 0.011107407829061914, 0.00666885203728662]</SD>
		<WAVELENGTH_UNIT>E-6m</WAVELENGTH_UNIT>
		<COLOR>#9be062</COLOR>
		<COVARIANCE_MATRIX>[[9.087582839129027e-06, 9.588383363734465e-06, 1.0373434633947909e-05, 1.4276455658546183e-05, 1.1214827281946782e-05, 6.067591584724141e-06], [9.588383363734465e-06, 1.895484274427872e-05, 1.789169618859887e-05, 2.3400674763252027e-05, 1.634683576412499e-05, 8.985841304820497e-06], [1.0373434633947909e-05, 1.789169618859887e-05, 2.314954690518789e-05, 2.865668102458585e-05, 2.395664523646701e-05, 1.3660245713253971e-05], [1.4276455658546183e-05, 2.3400674763252027e-05, 2.865668102458585e-05, 8.990320202428848e-05, 8.015875209821388e-05, 4.301056469557807e-05], [1.1214827281946782e-05, 1.634683576412499e-05, 2.395664523646701e-05, 8.015875209821388e-05, 0.0001234600058523938, 6.511351239169016e-05], [6.067591584724141e-06, 8.985841304820497e-06, 1.3660245713253971e-05, 4.301056469557807e-05, 6.511351239169016e-05, 4.4504406105261296e-05]]</COVARIANCE_MATRIX>
		<ROI_SIZE>1444</ROI_SIZE>
		<MAX_VALUE>[0.12908592820167542, 0.10336389392614365, 0.08246777206659317, 0.07061613351106644, 0.04528123140335083, 0.03144405782222748]</MAX_VALUE>
		<MIN_VALUE>[0.11023880541324615, 0.07473484426736832, 0.048570986837148666, 0.029755080118775368, 0.0, 0.0]</MIN_VALUE>
		<SIGNATURE_THRESHOLD_MD>0.0</SIGNATURE_THRESHOLD_MD>
		<SIGNATURE_THRESHOLD_ML>0.0</SIGNATURE_THRESHOLD_ML>
		<SIGNATURE_THRESHOLD_SAM>0.0</SIGNATURE_THRESHOLD_SAM>
	</signature>
	<signature ID="20200826_103911045267_637">
		<MACROCLASSID>1</MACROCLASSID>
		<MACROCLASSINFO>waterbody</MACROCLASSINFO>
		<CLASSID>10</CLASSID>
		<CLASSINFO>C 1</CLASSINFO>
		<VALUES>[0.12255654644083094, 0.0020869801842742287, 0.09744956769325118, 0.0014179985134372202, 0.07291553787611148, 0.0019963212691598816, 0.050059493106824365, 0.008998595312769505, 0.013269988495718551, 0.006841757162156998, 0.006490936880382595, 0.003780697449312584]</VALUES>
		<LCS_MIN>[0.11603791266679764, 0.09223036468029022, 0.06773003935813904, 0.036565255373716354, 0.00015859678387641907, 5.282717393129133e-05]</LCS_MIN>
		<LCS_MAX>[0.1276361346244812, 0.10177338868379593, 0.07804645597934723, 0.07402122765779495, 0.0391281433403492, 0.02163429744541645]</LCS_MAX>
		<WAVELENGTH>[0.485, 0.56, 0.66, 0.835, 1.65, 2.22]</WAVELENGTH>
		<MEAN_VALUE>[0.12255654644083094, 0.09744956769325118, 0.07291553787611148, 0.050059493106824365, 0.013269988495718551, 0.006490936880382595]</MEAN_VALUE>
		<CHECKBOX>2</CHECKBOX>
		<SD>[0.0020869801842742287, 0.0014179985134372202, 0.0019963212691598816, 0.008998595312769505, 0.006841757162156998, 0.003780697449312584]</SD>
		<WAVELENGTH_UNIT>E-6m</WAVELENGTH_UNIT>
		<COLOR>#e7347e</COLOR>
		<COVARIANCE_MATRIX>[[4.387989974929951e-06, 7.595769488943915e-07, 1.6145909285114612e-06, 1.4913605355104664e-06, -1.6207144426516606e-07, 1.0912116010786121e-07], [7.595769488943915e-07, 2.0257250525901327e-06, 1.0022763490269426e-06, -1.3172766557545401e-06, -1.1178668728462071e-06, -3.8881228192622075e-07], [1.6145909285114612e-06, 1.0022763490269426e-06, 4.015039849036839e-06, 2.456463107591844e-06, -1.6876469999260735e-07, 3.948019013932935e-07], [1.4913605355104664e-06, -1.3172766557545401e-06, 2.456463107591844e-06, 8.157900447258726e-05, 4.440337943378836e-05, 2.0112027414143085e-05], [-1.6207144426516606e-07, -1.1178668728462071e-06, -1.6876469999260735e-07, 4.440337943378836e-05, 4.715896648121998e-05, 1.8831255147233605e-05], [1.0912116010786121e-07, -3.8881228192622075e-07, 3.948019013932935e-07, 2.0112027414143085e-05, 1.8831255147233605e-05, 1.4400342479348183e-05]]</COVARIANCE_MATRIX>
		<ROI_SIZE>135</ROI_SIZE>
		<MAX_VALUE>[0.1276361346244812, 0.10177338868379593, 0.07804645597934723, 0.07402122765779495, 0.0391281433403492, 0.02163429744541645]</MAX_VALUE>
		<MIN_VALUE>[0.11603791266679764, 0.09223036468029022, 0.06773003935813904, 0.036565255373716354, 0.00015859678387641907, 5.282717393129133e-05]</MIN_VALUE>
		<SIGNATURE_THRESHOLD_MD>0.0</SIGNATURE_THRESHOLD_MD>
		<SIGNATURE_THRESHOLD_ML>0.0</SIGNATURE_THRESHOLD_ML>
		<SIGNATURE_THRESHOLD_SAM>0.0</SIGNATURE_THRESHOLD_SAM>
	</signature>
	<signature ID="20200826_103922911622_550">
		<MACROCLASSID>1</MACROCLASSID>
		<MACROCLASSINFO>waterbody</MACROCLASSINFO>
		<CLASSID>11</CLASSID>
		<CLASSINFO>C 1</CLASSINFO>
		<VALUES>[0.12010265570402896, 0.003949016856733049, 0.09829523372682403, 0.005670042804100898, 0.06823415588755642, 0.005765199636029755, 0.04462160688189496, 0.008078854185169564, 0.014196835082975829, 0.007893629682043851, 0.007499401908369078, 0.005115640757008621]</VALUES>
		<LCS_MIN>[0.11168858408927917, 0.08427784591913223, 0.05741362273693085, 0.029755080118775368, 0.0, 0.0]</LCS_MIN>
		<LCS_MAX>[0.1348850280046463, 0.11449740082025528, 0.09425795078277588, 0.07061613351106644, 0.03707711398601532, 0.029482103884220123]</LCS_MAX>
		<WAVELENGTH>[0.485, 0.56, 0.66, 0.835, 1.65, 2.22]</WAVELENGTH>
		<MEAN_VALUE>[0.12010265570402896, 0.09829523372682403, 0.06823415588755642, 0.04462160688189496, 0.014196835082975829, 0.007499401908369078]</MEAN_VALUE>
		<CHECKBOX>2</CHECKBOX>
		<SD>[0.003949016856733049, 0.005670042804100898, 0.005765199636029755, 0.008078854185169564, 0.007893629682043851, 0.005115640757008621]</SD>
		<WAVELENGTH_UNIT>E-6m</WAVELENGTH_UNIT>
		<COLOR>#51e3fc</COLOR>
		<COVARIANCE_MATRIX>[[1.56017740664538e-05, 1.6007608792278916e-05, 1.8984594134963118e-05, 1.916747169161681e-05, 1.2851584870077204e-05, 7.322870715142926e-06], [1.6007608792278916e-05, 3.216389814042486e-05, 2.6696254280977882e-05, 2.6777081075124443e-05, 1.2573084859468509e-05, 7.326794275286375e-06], [1.8984594134963118e-05, 2.6696254280977882e-05, 3.32525341946166e-05, 3.324918361613527e-05, 2.2597145289182663e-05, 1.3883568499295507e-05], [1.916747169161681e-05, 2.6777081075124443e-05, 3.324918361613527e-05, 6.529735401272774e-05, 4.719719072454609e-05, 2.7148042136104777e-05], [1.2851584870077204e-05, 1.2573084859468509e-05, 2.2597145289182663e-05, 4.719719072454609e-05, 6.233752355910838e-05, 3.403368828003295e-05], [7.322870715142926e-06, 7.326794275286375e-06, 1.3883568499295507e-05, 2.7148042136104777e-05, 3.403368828003295e-05, 2.618159487610683e-05]]</COVARIANCE_MATRIX>
		<ROI_SIZE>2216</ROI_SIZE>
		<MAX_VALUE>[0.1348850280046463, 0.11449740082025528, 0.09425795078277588, 0.07061613351106644, 0.03707711398601532, 0.029482103884220123]</MAX_VALUE>
		<MIN_VALUE>[0.11168858408927917, 0.08427784591913223, 0.05741362273693085, 0.029755080118775368, 0.0, 0.0]</MIN_VALUE>
		<SIGNATURE_THRESHOLD_MD>0.0</SIGNATURE_THRESHOLD_MD>
		<SIGNATURE_THRESHOLD_ML>0.0</SIGNATURE_THRESHOLD_ML>
		<SIGNATURE_THRESHOLD_SAM>0.0</SIGNATURE_THRESHOLD_SAM>
	</signature>
	<signature ID="20200826_103936299570_197">
		<MACROCLASSID>1</MACROCLASSID>
		<MACROCLASSINFO>waterbody</MACROCLASSINFO>
		<CLASSID>12</CLASSID>
		<CLASSINFO>C 1</CLASSINFO>
		<VALUES>[0.11320386215112194, 0.0024524016837515076, 0.08465533723542344, 0.0036000961715862774, 0.059037411043488884, 0.00351127307057223, 0.051712317743672576, 0.008767462629684118, 0.018770298370749238, 0.008752095544868195, 0.009559546015178354, 0.0051730888407733495]</VALUES>
		<LCS_MIN>[0.10443967580795288, 0.07632534205913544, 0.05004475638270378, 0.033160168677568436, 0.0, 0.0]</LCS_MIN>
		<LCS_MAX>[0.12183702737092972, 0.0985923781991005, 0.07215135544538498, 0.07061613351106644, 0.0391281433403492, 0.03144405782222748]</LCS_MAX>
		<WAVELENGTH>[0.485, 0.56, 0.66, 0.835, 1.65, 2.22]</WAVELENGTH>
		<MEAN_VALUE>[0.11320386215112194, 0.08465533723542344, 0.059037411043488884, 0.051712317743672576, 0.018770298370749238, 0.009559546015178354]</MEAN_VALUE>
		<CHECKBOX>2</CHECKBOX>
		<SD>[0.0024524016837515076, 0.0036000961715862774, 0.00351127307057223, 0.008767462629684118, 0.008752095544868195, 0.0051730888407733495]</SD>
		<WAVELENGTH_UNIT>E-6m</WAVELENGTH_UNIT>
		<COLOR>#1b630a</COLOR>
		<COVARIANCE_MATRIX>[[6.01726151217008e-06, 4.93752986585605e-06, 4.769752649735892e-06, 9.052183486346621e-06, 7.551506314484868e-06, 4.568422809825279e-06], [4.93752986585605e-06, 1.2967130714969244e-05, 8.910785254556686e-06, 1.4715710676682647e-05, 1.1405450095480774e-05, 6.9846323640376795e-06], [4.769752649735892e-06, 8.910785254556686e-06, 1.2335162864474114e-05, 1.708197669358924e-05, 1.6214780771406367e-05, 1.0031370948127005e-05], [9.052183486346621e-06, 1.4715710676682647e-05, 1.708197669358924e-05, 7.690658821957186e-05, 6.081073297536932e-05, 3.1842089811107144e-05], [7.551506314484868e-06, 1.1405450095480774e-05, 1.6214780771406367e-05, 6.081073297536932e-05, 7.663723226869479e-05, 3.7494035495910794e-05], [4.568422809825279e-06, 6.9846323640376795e-06, 1.0031370948127005e-05, 3.1842089811107144e-05, 3.7494035495910794e-05, 2.6774141588248312e-05]]</COVARIANCE_MATRIX>
		<ROI_SIZE>2014</ROI_SIZE>
		<MAX_VALUE>[0.12183702737092972, 0.0985923781991005, 0.07215135544538498, 0.07061613351106644, 0.0391281433403492, 0.03144405782222748]</MAX_VALUE>
		<MIN_VALUE>[0.10443967580795288, 0.07632534205913544, 0.05004475638270378, 0.033160168677568436, 0.0, 0.0]</MIN_VALUE>
		<SIGNATURE_THRESHOLD_MD>0.0</SIGNATURE_THRESHOLD_MD>
		<SIGNATURE_THRESHOLD_ML>0.0</SIGNATURE_THRESHOLD_ML>
		<SIGNATURE_THRESHOLD_SAM>0.0</SIGNATURE_THRESHOLD_SAM>
	</signature>
	<signature ID="20200826_103947707904_631">
		<MACROCLASSID>1</MACROCLASSID>
		<MACROCLASSINFO>waterbody</MACROCLASSINFO>
		<CLASSID>13</CLASSID>
		<CLASSINFO>C 1</CLASSINFO>
		<VALUES>[0.11254218575831886, 0.0024513409709040154, 0.09234928096009189, 0.0020936268128353376, 0.05920419138725672, 0.002619589329229582, 0.06596994180684894, 0.0071272724059860725, 0.015800087425474806, 0.005082506436025501, 0.007643931717220171, 0.0030593107878334335]</VALUES>
		<LCS_MIN>[0.10733924806118011, 0.08745885640382767, 0.052992306649684906, 0.056995783001184464, 0.004260653629899025, 0.002014779718592763]</LCS_MIN>
		<LCS_MAX>[0.1203872561454773, 0.09700186550617218, 0.06478249281644821, 0.09104666113853455, 0.03707711398601532, 0.02555820159614086]</LCS_MAX>
		<WAVELENGTH>[0.485, 0.56, 0.66, 0.835, 1.65, 2.22]</WAVELENGTH>
		<MEAN_VALUE>[0.11254218575831886, 0.09234928096009189, 0.05920419138725672, 0.06596994180684894, 0.015800087425474806, 0.007643931717220171]</MEAN_VALUE>
		<CHECKBOX>2</CHECKBOX>
		<SD>[0.0024513409709040154, 0.0020936268128353376, 0.002619589329229582, 0.0071272724059860725, 0.005082506436025501, 0.0030593107878334335]</SD>
		<WAVELENGTH_UNIT>E-6m</WAVELENGTH_UNIT>
		<COLOR>#eab9cf</COLOR>
		<COVARIANCE_MATRIX>[[6.065762136131525e-06, 2.312173819518648e-06, 3.052939291592338e-06, 7.263469797180733e-06, 3.606152404245222e-06, 1.5092176681719138e-06], [2.312173819518648e-06, 4.4246248762647156e-06, 3.3674650694592856e-06, 8.0172148955171e-06, 3.815830041276058e-06, 2.7391620278649498e-06], [3.052939291592338e-06, 3.3674650694592856e-06, 6.926986316102557e-06, 1.2043194146826863e-05, 4.494148925004993e-06, 1.773328904164373e-06], [7.263469797180733e-06, 8.0172148955171e-06, 1.2043194146826863e-05, 5.127723852638155e-05, 2.2231344701140188e-05, 7.99765984993428e-06], [3.606152404245222e-06, 3.815830041276058e-06, 4.494148925004993e-06, 2.2231344701140188e-05, 2.6075567802763544e-05, 8.304906259581912e-06], [1.5092176681719138e-06, 2.7391620278649498e-06, 1.773328904164373e-06, 7.99765984993428e-06, 8.304906259581912e-06, 9.44767816690728e-06]]</COVARIANCE_MATRIX>
		<ROI_SIZE>107</ROI_SIZE>
		<MAX_VALUE>[0.1203872561454773, 0.09700186550617218, 0.06478249281644821, 0.09104666113853455, 0.03707711398601532, 0.02555820159614086]</MAX_VALUE>
		<MIN_VALUE>[0.10733924806118011, 0.08745885640382767, 0.052992306649684906, 0.056995783001184464, 0.004260653629899025, 0.002014779718592763]</MIN_VALUE>
		<SIGNATURE_THRESHOLD_MD>0.0</SIGNATURE_THRESHOLD_MD>
		<SIGNATURE_THRESHOLD_ML>0.0</SIGNATURE_THRESHOLD_ML>
		<SIGNATURE_THRESHOLD_SAM>0.0</SIGNATURE_THRESHOLD_SAM>
	</signature>
	<signature ID="20200826_103959270243_667">
		<MACROCLASSID>1</MACROCLASSID>
		<MACROCLASSINFO>waterbody</MACROCLASSINFO>
		<CLASSID>14</CLASSID>
		<CLASSINFO>C 1</CLASSINFO>
		<VALUES>[0.14134312279460845, 0.0027583251769061814, 0.13601519253628314, 0.0030472368231975987, 0.1258649179511819, 0.004299674890697198, 0.08806369841591384, 0.009333640986147798, 0.021211304825014807, 0.00678339535462699, 0.01030037843252817, 0.0038789560661494785]</VALUES>
		<LCS_MIN>[0.13343524932861328, 0.1256309151649475, 0.11341702193021774, 0.07402122765779495, 0.00836271233856678, 0.002014779718592763]</LCS_MIN>
		<LCS_MAX>[0.1479330211877823, 0.1415359526872635, 0.13552363216876984, 0.11488228291273117, 0.04528123140335083, 0.027520153671503067]</LCS_MAX>
		<WAVELENGTH>[0.485, 0.56, 0.66, 0.835, 1.65, 2.22]</WAVELENGTH>
		<MEAN_VALUE>[0.14134312279460845, 0.13601519253628314, 0.1258649179511819, 0.08806369841591384, 0.021211304825014807, 0.01030037843252817]</MEAN_VALUE>
		<CHECKBOX>2</CHECKBOX>
		<SD>[0.0027583251769061814, 0.0030472368231975987, 0.004299674890697198, 0.009333640986147798, 0.00678339535462699, 0.0038789560661494785]</SD>
		<WAVELENGTH_UNIT>E-6m</WAVELENGTH_UNIT>
		<COLOR>#b38832</COLOR>
		<COVARIANCE_MATRIX>[[7.671760613447987e-06, 3.207262579962844e-06, 3.3911035188793903e-06, 8.976464016541286e-08, -2.2436640847445233e-06, -5.387046897453729e-08], [3.207262579962844e-06, 9.363032404507976e-06, 1.0302805094397627e-05, -1.060296199284494e-05, -5.598032203124603e-06, -9.174482329399325e-07], [3.3911035188793903e-06, 1.0302805094397627e-05, 1.8641263523022644e-05, -1.428943232895108e-05, -7.312050001928583e-06, -2.903372546825267e-07], [8.976464016541286e-08, -1.060296199284494e-05, -1.428943232895108e-05, 8.784282545093447e-05, 4.69688638986554e-05, 1.8352373444940895e-05], [-2.2436640847445233e-06, -5.598032203124603e-06, -7.312050001928583e-06, 4.69688638986554e-05, 4.63979049527552e-05, 1.8371645637671463e-05], [-5.387046897453729e-08, -9.174482329399325e-07, -2.903372546825267e-07, 1.8352373444940895e-05, 1.8371645637671463e-05, 1.5171685845416505e-05]]</COVARIANCE_MATRIX>
		<ROI_SIZE>121</ROI_SIZE>
		<MAX_VALUE>[0.1479330211877823, 0.1415359526872635, 0.13552363216876984, 0.11488228291273117, 0.04528123140335083, 0.027520153671503067]</MAX_VALUE>
		<MIN_VALUE>[0.13343524932861328, 0.1256309151649475, 0.11341702193021774, 0.07402122765779495, 0.00836271233856678, 0.002014779718592763]</MIN_VALUE>
		<SIGNATURE_THRESHOLD_MD>0.0</SIGNATURE_THRESHOLD_MD>
		<SIGNATURE_THRESHOLD_ML>0.0</SIGNATURE_THRESHOLD_ML>
		<SIGNATURE_THRESHOLD_SAM>0.0</SIGNATURE_THRESHOLD_SAM>
	</signature>
	<signature ID="20200826_104017433122_213">
		<MACROCLASSID>1</MACROCLASSID>
		<MACROCLASSINFO>waterbody</MACROCLASSINFO>
		<CLASSID>15</CLASSID>
		<CLASSINFO>C 1</CLASSINFO>
		<VALUES>[0.12242454466336676, 0.004098104230553226, 0.1014116895833098, 0.007904727510912578, 0.07559302897781743, 0.007913116659530374, 0.050235243443584265, 0.00861765673304461, 0.01791179164125429, 0.009666439360771838, 0.00938180136910023, 0.006037337062814111]</VALUES>
		<LCS_MIN>[0.113138347864151, 0.08268734067678452, 0.05888739973306656, 0.033160168677568436, 0.0, 0.0]</LCS_MIN>
		<LCS_MAX>[0.13198547065258026, 0.11290690302848816, 0.09278418123722076, 0.06721104681491852, 0.03707711398601532, 0.027520153671503067]</LCS_MAX>
		<WAVELENGTH>[0.485, 0.56, 0.66, 0.835, 1.65, 2.22]</WAVELENGTH>
		<MEAN_VALUE>[0.12242454466336676, 0.1014116895833098, 0.07559302897781743, 0.050235243443584265, 0.01791179164125429, 0.00938180136910023]</MEAN_VALUE>
		<CHECKBOX>2</CHECKBOX>
		<SD>[0.004098104230553226, 0.007904727510912578, 0.007913116659530374, 0.00861765673304461, 0.009666439360771838, 0.006037337062814111]</SD>
		<WAVELENGTH_UNIT>E-6m</WAVELENGTH_UNIT>
		<COLOR>#ab6b4a</COLOR>
		<COVARIANCE_MATRIX>[[1.6843565390445292e-05, 2.8092645152355544e-05, 2.8391114028636366e-05, -1.4016354725754354e-05, -1.863373108790256e-05, -1.0221456250292249e-05], [2.8092645152355544e-05, 6.266742275329307e-05, 5.971236532786861e-05, -3.296770228189416e-05, -4.4850796257378533e-05, -2.6362185963080265e-05], [2.8391114028636366e-05, 5.971236532786861e-05, 6.28005072940141e-05, -2.8725915399263613e-05, -4.02118093916215e-05, -2.2869744498166256e-05], [-1.4016354725754354e-05, -3.296770228189416e-05, -2.8725915399263613e-05, 7.448115502484143e-05, 7.106364500941709e-05, 4.138051735935733e-05], [-1.863373108790256e-05, -4.4850796257378533e-05, -4.02118093916215e-05, 7.106364500941709e-05, 9.371326450491324e-05, 5.0848775572376326e-05], [-1.0221456250292249e-05, -2.6362185963080265e-05, -2.2869744498166256e-05, 4.138051735935733e-05, 5.0848775572376326e-05, 3.655601540231146e-05]]</COVARIANCE_MATRIX>
		<ROI_SIZE>343</ROI_SIZE>
		<MAX_VALUE>[0.13198547065258026, 0.11290690302848816, 0.09278418123722076, 0.06721104681491852, 0.03707711398601532, 0.027520153671503067]</MAX_VALUE>
		<MIN_VALUE>[0.113138347864151, 0.08268734067678452, 0.05888739973306656, 0.033160168677568436, 0.0, 0.0]</MIN_VALUE>
		<SIGNATURE_THRESHOLD_MD>0.0</SIGNATURE_THRESHOLD_MD>
		<SIGNATURE_THRESHOLD_ML>0.0</SIGNATURE_THRESHOLD_ML>
		<SIGNATURE_THRESHOLD_SAM>0.0</SIGNATURE_THRESHOLD_SAM>
	</signature>
	<signature ID="20200826_104028090539_806">
		<MACROCLASSID>1</MACROCLASSID>
		<MACROCLASSINFO>waterbody</MACROCLASSINFO>
		<CLASSID>16</CLASSID>
		<CLASSINFO>C 1</CLASSINFO>
		<VALUES>[0.1129524871133841, 0.00520844510009157, 0.08786667730563727, 0.005240781816864729, 0.06289304023942886, 0.006686955697178493, 0.05175718650794947, 0.013105222067524654, 0.02185013676539828, 0.013502882164298591, 0.014163112324520343, 0.009447147825407188]</VALUES>
		<LCS_MIN>[0.10443967580795288, 0.07950635254383087, 0.052992306649684906, 0.033160168677568436, 0.0, 0.0]</LCS_MIN>
		<LCS_MAX>[0.1276361346244812, 0.10018288344144821, 0.08099399507045746, 0.07742632180452347, 0.051434312015771866, 0.0392918661236763]</LCS_MAX>
		<WAVELENGTH>[0.485, 0.56, 0.66, 0.835, 1.65, 2.22]</WAVELENGTH>
