<?xml version="1.0" ?>
<signaturelist MCID_LIST="[['1', 'waterbody', '#0000ff'], ['2', 'vegetation', '#00ff00'], ['3', 'bareland', '#ffaa00'], ['4', 'built-up', '#ff0000']]">
	<signature ID="20200826_101316154849_511">
		<MACROCLASSID>1</MACROCLASSID>
		<MACROCLASSINFO>MC 1</MACROCLASSINFO>
		<CLASSID>1</CLASSID>
		<CLASSINFO>C 1</CLASSINFO>
		<VALUES>[0.09351014285102939, 0.00289739950780771, 0.05961926144791257, 0.0027197317747463157, 0.03543644094867874, 0.0027858457799028033, 0.030896224503033302, 0.004519289204367439, 0.01348553810224576, 0.0027400944555325793, 0.008983216417919592, 0.0024412646549944214]</VALUES>
		<LCS_MIN>[0.08479440957307816, 0.05197853595018387, 0.027677632868289948, 0.022327933460474014, 0.00625282758846879, 5.2334558859001845e-05]</LCS_MIN>
		<LCS_MAX>[0.10202950984239578, 0.06773523986339569, 0.04227793589234352, 0.04013994336128235, 0.01844424195587635, 0.013657931238412857]</LCS_MAX>
		<WAVELENGTH>[0.485, 0.56, 0.66, 0.835, 1.65, 2.22]</WAVELENGTH>
		<MEAN_VALUE>[0.09351014285102939, 0.05961926144791257, 0.03543644094867874, 0.030896224503033302, 0.01348553810224576, 0.008983216417919592]</MEAN_VALUE>
		<CHECKBOX>2</CHECKBOX>
		<SD>[0.00289739950780771, 0.0027197317747463157, 0.0027858457799028033, 0.004519289204367439, 0.0027400944555325793, 0.0024412646549944214]</SD>
		<WAVELENGTH_UNIT>E-6m</WAVELENGTH_UNIT>
		<COLOR>#2d10a6</COLOR>
		<COVARIANCE_MATRIX>[[7.613513153806649e-06, 5.227044295948332e-06, 5.024211883927759e-06, 9.12346233090922e-06, 5.019862844810459e-06, 3.397047713491368e-06], [5.227044295948332e-06, 6.611683223459227e-06, 4.889215789302268e-06, 8.970847299361612e-06, 4.955905954545592e-06, 3.3085977775199324e-06], [5.024211883927759e-06, 4.889215789302268e-06, 6.876273819823068e-06, 8.636474404865989e-06, 4.744821514419017e-06, 3.1999339799008235e-06], [9.12346233090922e-06, 8.970847299361612e-06, 8.636474404865989e-06, 1.727240667313288e-05, 8.747753829693e-06, 5.7978654581843735e-06], [5.019862844810459e-06, 4.955905954545592e-06, 4.744821514419017e-06, 8.747753829693e-06, 6.718022200236718e-06, 3.226150872201941e-06], [3.397047713491368e-06, 3.3085977775199324e-06, 3.1999339799008235e-06, 5.7978654581843735e-06, 3.226150872201941e-06, 5.738941866968297e-06]]</COVARIANCE_MATRIX>
		<ROI_SIZE>9827</ROI_SIZE>
		<MAX_VALUE>[0.10202950984239578, 0.06773523986339569, 0.04227793589234352, 0.04013994336128235, 0.01844424195587635, 0.013657931238412857]</MAX_VALUE>
		<MIN_VALUE>[0.08479440957307816, 0.05197853595018387, 0.027677632868289948, 0.022327933460474014, 0.00625282758846879, 5.2334558859001845e-05]</MIN_VALUE>
		<SIGNATURE_THRESHOLD_MD>0</SIGNATURE_THRESHOLD_MD>
		<SIGNATURE_THRESHOLD_ML>0</SIGNATURE_THRESHOLD_ML>
		<SIGNATURE_THRESHOLD_SAM>0</SIGNATURE_THRESHOLD_SAM>
	</signature>
	<signature ID="20200826_101330116565_124">
		<MACROCLASSID>1</MACROCLASSID>
		<MACROCLASSINFO>MC 1</MACROCLASSINFO>
		<CLASSID>2</CLASSID>
		<CLASSINFO>C 1</CLASSINFO>
		<VALUES>[0.09847773427371131, 0.001766829327087165, 0.06338680739523754, 0.0014483421868862173, 0.03681125423160965, 0.0015907316376631649, 0.029358311989359967, 0.0014630085108693902, 0.010615717520685313, 0.0014183273445943995, 0.0066197137130435315, 0.0019462363954778081]</VALUES>
		<LCS_MIN>[0.09197570383548737, 0.05828121677041054, 0.030597692355513573, 0.024554435163736343, 0.00625282758846879, 5.2334558859001845e-05]</LCS_MIN>
		<LCS_MAX>[0.10490202903747559, 0.06931091845035553, 0.04373796656727791, 0.03568693622946739, 0.016412340104579926, 0.013657931238412857]</LCS_MAX>
		<WAVELENGTH>[0.485, 0.56, 0.66, 0.835, 1.65, 2.22]</WAVELENGTH>
		<MEAN_VALUE>[0.09847773427371131, 0.06338680739523754, 0.03681125423160965, 0.029358311989359967, 0.010615717520685313, 0.0066197137130435315]</MEAN_VALUE>
		<CHECKBOX>2</CHECKBOX>
		<SD>[0.001766829327087165, 0.0014483421868862173, 0.0015907316376631649, 0.0014630085108693902, 0.0014183273445943995, 0.0019462363954778081]</SD>
		<WAVELENGTH_UNIT>E-6m</WAVELENGTH_UNIT>
		<COLOR>#a78449</COLOR>
		<COVARIANCE_MATRIX>[[2.9549827036031274e-06, 5.713724899718968e-07, 3.8096598314070397e-07, 3.736017602357e-07, 6.392971572835978e-08, 3.810716391271995e-08], [5.713724899718968e-07, 2.0133017070718553e-06, 3.3236625786982897e-07, 4.3263315452541637e-07, 7.869799742041235e-08, 4.7169042587632095e-08], [3.8096598314070397e-07, 3.3236625786982897e-07, 2.493155649382288e-06, 3.638241269865362e-07, 8.216158166669252e-08, 1.1815551971677092e-07], [3.736017602357e-07, 4.3263315452541637e-07, 3.638241269865362e-07, 2.008241822812186e-06, 1.754258161509219e-07, 1.2510804107897357e-07], [6.392971572835978e-08, 7.869799742041235e-08, 8.216158166669252e-08, 1.754258161509219e-07, 2.044051507038915e-06, 7.204720347070393e-08], [3.810716391271995e-08, 4.7169042587632095e-08, 1.1815551971677092e-07, 1.2510804107897357e-07, 7.204720347070393e-08, 3.7447970267790354e-06]]</COVARIANCE_MATRIX>
		<ROI_SIZE>10200</ROI_SIZE>
		<MAX_VALUE>[0.10490202903747559, 0.06931091845035553, 0.04373796656727791, 0.03568693622946739, 0.016412340104579926, 0.013657931238412857]</MAX_VALUE>
		<MIN_VALUE>[0.09197570383548737, 0.05828121677041054, 0.030597692355513573, 0.024554435163736343, 0.00625282758846879, 5.2334558859001845e-05]</MIN_VALUE>
		<SIGNATURE_THRESHOLD_MD>0</SIGNATURE_THRESHOLD_MD>
		<SIGNATURE_THRESHOLD_ML>0</SIGNATURE_THRESHOLD_ML>
		<SIGNATURE_THRESHOLD_SAM>0</SIGNATURE_THRESHOLD_SAM>
	</signature>
	<signature ID="20200826_101405135831_463">
		<MACROCLASSID>1</MACROCLASSID>
		<MACROCLASSINFO>MC 1</MACROCLASSINFO>
		<CLASSID>3</CLASSID>
		<CLASSINFO>C 1</CLASSINFO>
		<VALUES>[0.11250510022772299, 0.007739376605225454, 0.09306489962257206, 0.010088101223769881, 0.06343531010228183, 0.008795346127963592, 0.05030730609112054, 0.01639751119547345, 0.025227083149864517, 0.01078137436871714, 0.016288967140698683, 0.006221228827256446]</VALUES>
		<LCS_MIN>[0.08623066544532776, 0.055129870772361755, 0.03205772489309311, 0.024554435163736343, 0.00015711785817984492, 5.2334558859001845e-05]</LCS_MIN>
		<LCS_MAX>[0.14080849289894104, 0.11815672367811203, 0.08899891376495361, 0.11361446976661682, 0.09159274399280548, 0.048643749207258224]</LCS_MAX>
		<WAVELENGTH>[0.485, 0.56, 0.66, 0.835, 1.65, 2.22]</WAVELENGTH>
		<MEAN_VALUE>[0.11250510022772299, 0.09306489962257206, 0.06343531010228183, 0.05030730609112054, 0.025227083149864517, 0.016288967140698683]</MEAN_VALUE>
		<CHECKBOX>2</CHECKBOX>
		<SD>[0.007739376605225454, 0.010088101223769881, 0.008795346127963592, 0.01639751119547345, 0.01078137436871714, 0.006221228827256446]</SD>
		<WAVELENGTH_UNIT>E-6m</WAVELENGTH_UNIT>
		<COLOR>#b6ab01</COLOR>
		<COVARIANCE_MATRIX>[[6.321682822197249e-05, 8.003766401474225e-05, 6.689155754529039e-05, -2.1412463614096248e-05, 6.666806832830516e-06, 1.533495124924984e-05], [8.003766401474225e-05, 0.00011440656250833517, 9.367938678991987e-05, -1.7420783889375377e-05, 9.5857505110861e-06, 1.7405402893853818e-05], [6.689155754529039e-05, 9.367938678991987e-05, 8.647757899756665e-05, 6.579812678901114e-06, 2.581677403686674e-05, 2.472925230392555e-05], [-2.1412463614096248e-05, -1.7420783889375377e-05, 6.579812678901114e-06, 0.0002583117194196133, 0.00013424308952632535, 5.4569955447882316e-05], [6.666806832830516e-06, 9.5857505110861e-06, 2.581677403686674e-05, 0.00013424308952632535, 0.00010607931168912221, 5.260055277790626e-05], [1.533495124924984e-05, 1.7405402893853818e-05, 2.472925230392555e-05, 5.4569955447882316e-05, 5.260055277790626e-05, 3.590708832801082e-05]]</COVARIANCE_MATRIX>
		<ROI_SIZE>4386</ROI_SIZE>
		<MAX_VALUE>[0.14080849289894104, 0.11815672367811203, 0.08899891376495361, 0.11361446976661682, 0.09159274399280548, 0.048643749207258224]</MAX_VALUE>
		<MIN_VALUE>[0.08623066544532776, 0.055129870772361755, 0.03205772489309311, 0.024554435163736343, 0.00015711785817984492, 5.2334558859001845e-05]</MIN_VALUE>
		<SIGNATURE_THRESHOLD_MD>0</SIGNATURE_THRESHOLD_MD>
		<SIGNATURE_THRESHOLD_ML>0</SIGNATURE_THRESHOLD_ML>
		<SIGNATURE_THRESHOLD_SAM>0</SIGNATURE_THRESHOLD_SAM>
	</signature>
	<signature ID="20200826_101411204448_987">
		<MACROCLASSID>1</MACROCLASSID>
		<MACROCLASSINFO>MC 1</MACROCLASSINFO>
		<CLASSID>4</CLASSID>
		<CLASSINFO>C 1</CLASSINFO>
		<VALUES>[0.09559754850967551, 0.008709326280033835, 0.06694740768260811, 0.009131054578831135, 0.046646342973406474, 0.009710080673177445, 0.05142433033466744, 0.018037598495001778, 0.026878498935275306, 0.011838511211256925, 0.01666971042283883, 0.007389500154072378]</VALUES>
		<LCS_MIN>[0.07474061101675034, 0.04252450168132782, 0.023297542706131935, 0.020101431757211685, 0.00015711785817984492, 5.2334558859001845e-05]</LCS_MIN>
		<LCS_MAX>[0.14224475622177124, 0.1134297102689743, 0.09629905968904495, 0.10916146636009216, 0.0895608514547348, 0.052531059831380844]</LCS_MAX>
		<WAVELENGTH>[0.485, 0.56, 0.66, 0.835, 1.65, 2.22]</WAVELENGTH>
		<MEAN_VALUE>[0.09559754850967551, 0.06694740768260811, 0.046646342973406474, 0.05142433033466744, 0.026878498935275306, 0.01666971042283883]</MEAN_VALUE>
		<CHECKBOX>2</CHECKBOX>
		<SD>[0.008709326280033835, 0.009131054578831135, 0.009710080673177445, 0.018037598495001778, 0.011838511211256925, 0.007389500154072378]</SD>
		<WAVELENGTH_UNIT>E-6m</WAVELENGTH_UNIT>
		<COLOR>#176f77</COLOR>
		<COVARIANCE_MATRIX>[[8.316259517118506e-05, 8.4407210034563e-05, 9.084946907428652e-05, 3.4596689677184624e-05, 6.822139866951467e-05, 6.034319836954138e-05], [8.4407210034563e-05, 9.204168005669074e-05, 9.702639049298936e-05, 5.643703805916828e-05, 8.169901478761779e-05, 6.70854691735304e-05], [9.084946907428652e-05, 9.702639049298936e-05, 0.00010790522334868199, 5.572077541559947e-05, 8.828110150625665e-05, 7.370744072834067e-05], [3.4596689677184624e-05, 5.643703805916828e-05, 5.572077541559947e-05, 0.0002905502120328383, 0.00015221171557976222, 6.660835299380989e-05], [6.822139866951467e-05, 8.169901478761779e-05, 8.828110150625665e-05, 0.00015221171557976222, 0.0001384945241434884, 8.212232830127154e-05], [6.034319836954138e-05, 6.70854691735304e-05, 7.370744072834067e-05, 6.660835299380989e-05, 8.212232830127154e-05, 6.374297168824586e-05]]</COVARIANCE_MATRIX>
		<ROI_SIZE>4870</ROI_SIZE>
		<MAX_VALUE>[0.14224475622177124, 0.1134297102689743, 0.09629905968904495, 0.10916146636009216, 0.0895608514547348, 0.052531059831380844]</MAX_VALUE>
		<MIN_VALUE>[0.07474061101675034, 0.04252450168132782, 0.023297542706131935, 0.020101431757211685, 0.00015711785817984492, 5.2334558859001845e-05]</MIN_VALUE>
		<SIGNATURE_THRESHOLD_MD>0</SIGNATURE_THRESHOLD_MD>
		<SIGNATURE_THRESHOLD_ML>0</SIGNATURE_THRESHOLD_ML>
		<SIGNATURE_THRESHOLD_SAM>0</SIGNATURE_THRESHOLD_SAM>
	</signature>
	<signature ID="20200826_101450805590_544">
		<MACROCLASSID>1</MACROCLASSID>
		<MACROCLASSINFO>MC 1</MACROCLASSINFO>
		<CLASSID>5</CLASSID>
		<CLASSINFO>C 1</CLASSINFO>
		<VALUES>[0.11523882408758322, 0.0064261979324890545, 0.07972329345026699, 0.008696114981535972, 0.056596908968777365, 0.008351182296229906, 0.049815242779231626, 0.008913412119780405, 0.03495335027780162, 0.008661062925030537, 0.025522585875150407, 0.0067002849749660896]</VALUES>
		<LCS_MIN>[0.08623066544532776, 0.05197853595018387, 0.029137661680579185, 0.022327933460474014, 0.008284729905426502, 0.00393964909017086]</LCS_MIN>
		<LCS_MAX>[0.13219094276428223, 0.11185403913259506, 0.10505925863981247, 0.11138796806335449, 0.09972035884857178, 0.07974225282669067]</LCS_MAX>
		<WAVELENGTH>[0.485, 0.56, 0.66, 0.835, 1.65, 2.22]</WAVELENGTH>
		<MEAN_VALUE>[0.11523882408758322, 0.07972329345026699, 0.056596908968777365, 0.049815242779231626, 0.03495335027780162, 0.025522585875150407]</MEAN_VALUE>
		<CHECKBOX>2</CHECKBOX>
		<SD>[0.0064261979324890545, 0.008696114981535972, 0.008351182296229906, 0.008913412119780405, 0.008661062925030537, 0.0067002849749660896]</SD>
		<WAVELENGTH_UNIT>E-6m</WAVELENGTH_UNIT>
		<COLOR>#3d12a5</COLOR>
		<COVARIANCE_MATRIX>[[3.789285459845542e-05, 4.1371243841286634e-05, 3.996309770691632e-05, 3.399586338651128e-05, 3.768988993775836e-05, 2.884617292261719e-05], [4.1371243841286634e-05, 6.735781809879568e-05, 5.99783051614174e-05, 5.105961049148007e-05, 5.1349784376630046e-05, 3.77501588057761e-05], [3.996309770691632e-05, 5.99783051614174e-05, 6.157186823181908e-05, 5.174287292478405e-05, 5.3071441048497075e-05, 3.9172084009611114e-05], [3.399586338651128e-05, 5.105961049148007e-05, 5.174287292478405e-05, 6.525759938434544e-05, 5.540078542323212e-05, 3.872820503788185e-05], [3.768988993775836e-05, 5.1349784376630046e-05, 5.3071441048497075e-05, 5.540078542323212e-05, 6.153101139726129e-05, 4.3725303029786924e-05], [2.884617292261719e-05, 3.77501588057761e-05, 3.9172084009611114e-05, 3.872820503788185e-05, 4.3725303029786924e-05, 3.661924001166713e-05]]</COVARIANCE_MATRIX>
		<ROI_SIZE>8531</ROI_SIZE>
		<MAX_VALUE>[0.13219094276428223, 0.11185403913259506, 0.10505925863981247, 0.11138796806335449, 0.09972035884857178, 0.07974225282669067]</MAX_VALUE>
		<MIN_VALUE>[0.08623066544532776, 0.05197853595018387, 0.029137661680579185, 0.022327933460474014, 0.008284729905426502, 0.00393964909017086]</MIN_VALUE>
		<SIGNATURE_THRESHOLD_MD>0</SIGNATURE_THRESHOLD_MD>
		<SIGNATURE_THRESHOLD_ML>0</SIGNATURE_THRESHOLD_ML>
		<SIGNATURE_THRESHOLD_SAM>0</SIGNATURE_THRESHOLD_SAM>
	</signature>
	<signature ID="20200826_101457253761_418">
		<MACROCLASSID>1</MACROCLASSID>
		<MACROCLASSINFO>MC 1</MACROCLASSINFO>
		<CLASSID>6</CLASSID>
		<CLASSINFO>C 1</CLASSINFO>
		<VALUES>[0.10581904394343021, 0.00886419981225668, 0.07080606149276354, 0.009685307050992494, 0.04724972947095148, 0.009658333629706901, 0.04402352370075685, 0.012842924175134418, 0.026667533043432747, 0.01066150762965445, 0.018363740764470164, 0.007678407368916661]</VALUES>
		<LCS_MIN>[0.08479440957307816, 0.04882718622684479, 0.02621760219335556, 0.020101431757211685, 0.00625282758846879, 0.0019959919154644012]</LCS_MIN>
		<LCS_MAX>[0.12788216769695282, 0.10240001976490021, 0.09483902901411057, 0.12029396742582321, 0.10378416627645493, 0.06613665074110031]</LCS_MAX>
		<WAVELENGTH>[0.485, 0.56, 0.66, 0.835, 1.65, 2.22]</WAVELENGTH>
		<MEAN_VALUE>[0.10581904394343021, 0.07080606149276354, 0.04724972947095148, 0.04402352370075685, 0.026667533043432747, 0.018363740764470164]</MEAN_VALUE>
		<CHECKBOX>2</CHECKBOX>
		<SD>[0.00886419981225668, 0.009685307050992494, 0.009658333629706901, 0.012842924175134418, 0.01066150762965445, 0.007678407368916661]</SD>
		<WAVELENGTH_UNIT>E-6m</WAVELENGTH_UNIT>
		<COLOR>#20a089</COLOR>
		<COVARIANCE_MATRIX>[[7.76923924043443e-05, 7.319995346849214e-05, 7.163472695497961e-05, 6.600400092739495e-05, 7.241452822331951e-05, 5.6145746045822286e-05], [7.319995346849214e-05, 9.057497711531004e-05, 8.568415595488201e-05, 9.297319032898271e-05, 8.623311877441272e-05, 6.207697218264693e-05], [7.163472695497961e-05, 8.568415595488201e-05, 9.003305428793557e-05, 9.895026172000001e-05, 9.135347229577175e-05, 6.507571955013703e-05], [6.600400092739495e-05, 9.297319032898271e-05, 9.895026172000001e-05, 0.0001675627085734203, 0.00012289418228218714, 7.743321313267006e-05], [7.241452822331951e-05, 8.623311877441272e-05, 9.135347229577175e-05, 0.00012289418228218714, 0.00011353130684717754, 7.588674710914054e-05], [5.6145746045822286e-05, 6.207697218264693e-05, 6.507571955013703e-05, 7.743321313267006e-05, 7.588674710914054e-05, 5.7821980245706045e-05]]</COVARIANCE_MATRIX>
		<ROI_SIZE>7893</ROI_SIZE>
		<MAX_VALUE>[0.12788216769695282, 0.10240001976490021, 0.09483902901411057, 0.12029396742582321, 0.10378416627645493, 0.06613665074110031]</MAX_VALUE>
		<MIN_VALUE>[0.08479440957307816, 0.04882718622684479, 0.02621760219335556, 0.020101431757211685, 0.00625282758846879, 0.0019959919154644012]</MIN_VALUE>
		<SIGNATURE_THRESHOLD_MD>0</SIGNATURE_THRESHOLD_MD>
		<SIGNATURE_THRESHOLD_ML>0</SIGNATURE_THRESHOLD_ML>
		<SIGNATURE_THRESHOLD_SAM>0</SIGNATURE_THRESHOLD_SAM>
	</signature>
	<signature ID="20200826_101511720281_185">
		<MACROCLASSID>1</MACROCLASSID>
		<MACROCLASSINFO>MC 1</MACROCLASSINFO>
		<CLASSID>7</CLASSID>
		<CLASSINFO>C 1</CLASSINFO>
		<VALUES>[0.09762265083649252, 0.003430748097637662, 0.05577223708551704, 0.004454006589595914, 0.03458627269321207, 0.003591194122514262, 0.03131515982484813, 0.005179028767357333, 0.015428708468204487, 0.0028176734600628616, 0.01077235482475639, 0.002420295625247302]</VALUES>
		<LCS_MIN>[0.09053944051265717, 0.04882718622684479, 0.02621760219335556, 0.020101431757211685, 0.008284729905426502, 0.0019959919154644012]</LCS_MIN>
		<LCS_MAX>[0.15086230635643005, 0.12288374453783035, 0.10359920561313629, 0.09802895784378052, 0.046890877187252045, 0.031150836497545242]</LCS_MAX>
		<WAVELENGTH>[0.485, 0.56, 0.66, 0.835, 1.65, 2.22]</WAVELENGTH>
		<MEAN_VALUE>[0.09762265083649252, 0.05577223708551704, 0.03458627269321207, 0.03131515982484813, 0.015428708468204487, 0.01077235482475639]</MEAN_VALUE>
		<CHECKBOX>2</CHECKBOX>
		<SD>[0.003430748097637662, 0.004454006589595914, 0.003591194122514262, 0.005179028767357333, 0.0028176734600628616, 0.002420295625247302]</SD>
		<WAVELENGTH_UNIT>E-6m</WAVELENGTH_UNIT>
		<COLOR>#8e331e</COLOR>
		<COVARIANCE_MATRIX>[[1.0127135111334005e-05, 1.0709339548750298e-05, 7.673704069334705e-06, 1.1818971790229268e-05, 5.85913983842133e-06, 3.410796186845628e-06], [1.0709339548750298e-05, 1.652341220145741e-05, 1.0490022939424917e-05, 1.6357454943161234e-05, 7.936079837888516e-06, 4.629163066178206e-06], [7.673704069334705e-06, 1.0490022939424917e-05, 1.0227338912135093e-05, 1.1959222098510632e-05, 5.841133440884784e-06, 3.517242284070223e-06], [1.1818971790229268e-05, 1.6357454943161234e-05, 1.1959222098510632e-05, 2.0644292648743137e-05, 9.304730906831838e-06, 5.47665198494881e-06], [5.85913983842133e-06, 7.936079837888516e-06, 5.841133440884784e-06, 9.304730906831838e-06, 6.548989872978642e-06, 2.7984113607827197e-06], [3.410796186845628e-06, 4.629163066178206e-06, 3.517242284070223e-06, 5.47665198494881e-06, 2.7984113607827197e-06, 5.479666018462081e-06]]</COVARIANCE_MATRIX>
		<ROI_SIZE>9896</ROI_SIZE>
		<MAX_VALUE>[0.15086230635643005, 0.12288374453783035, 0.10359920561313629, 0.09802895784378052, 0.046890877187252045, 0.031150836497545242]</MAX_VALUE>
		<MIN_VALUE>[0.09053944051265717, 0.04882718622684479, 0.02621760219335556, 0.020101431757211685, 0.008284729905426502, 0.0019959919154644012]</MIN_VALUE>
		<SIGNATURE_THRESHOLD_MD>0</SIGNATURE_THRESHOLD_MD>
		<SIGNATURE_THRESHOLD_ML>0</SIGNATURE_THRESHOLD_ML>
		<SIGNATURE_THRESHOLD_SAM>0</SIGNATURE_THRESHOLD_SAM>
	</signature>
	<signature ID="20200826_101518776551_633">
		<MACROCLASSID>1</MACROCLASSID>
		<MACROCLASSINFO>MC 1</MACROCLASSINFO>
		<CLASSID>8</CLASSID>
		<CLASSINFO>C 1</CLASSINFO>
		<VALUES>[0.10669880838468976, 0.003992911103982257, 0.06662977391202875, 0.004880764866517627, 0.046865160268443826, 0.004749158781166662, 0.042109914148206216, 0.005085655198396119, 0.027803747709865687, 0.004209197884981422, 0.020288922455631242, 0.003464992373559125]</VALUES>
		<LCS_MIN>[0.08910319209098816, 0.04882718622684479, 0.029137661680579185, 0.024554435163736343, 0.010316631756722927, 0.00393964909017086]</LCS_MIN>
		<LCS_MAX>[0.15660731494426727, 0.13391342759132385, 0.10943932086229324, 0.11584095656871796, 0.06111420691013336, 0.03503815084695816]</LCS_MAX>
		<WAVELENGTH>[0.485, 0.56, 0.66, 0.835, 1.65, 2.22]</WAVELENGTH>
		<MEAN_VALUE>[0.10669880838468976, 0.06662977391202875, 0.046865160268443826, 0.042109914148206216, 0.027803747709865687, 0.020288922455631242]</MEAN_VALUE>
		<CHECKBOX>2</CHECKBOX>
		<SD>[0.003992911103982257, 0.004880764866517627, 0.004749158781166662, 0.005085655198396119, 0.004209197884981422, 0.003464992373559125]</SD>
		<WAVELENGTH_UNIT>E-6m</WAVELENGTH_UNIT>
		<COLOR>#891e1a</COLOR>
		<COVARIANCE_MATRIX>[[1.6699101310517352e-05, 1.7489854521708427e-05, 1.7119023652004163e-05, 1.7373207122013152e-05, 1.3452070736929219e-05, 9.468336291318138e-06], [1.7489854521708427e-05, 2.4845706480214834e-05, 2.180714219853218e-05, 2.33397556842443e-05, 1.6308501019619666e-05, 1.1027080100230767e-05], [1.7119023652004163e-05, 2.180714219853218e-05, 2.3584214386551605e-05, 2.248095260830039e-05, 1.6576202253104745e-05, 1.1402070122196771e-05], [1.7373207122013152e-05, 2.33397556842443e-05, 2.248095260830039e-05, 2.7177988470318788e-05, 1.7802686747551624e-05, 1.178166459627503e-05], [1.3452070736929219e-05, 1.6308501019619666e-05, 1.6576202253104745e-05, 1.7802686747551624e-05, 1.8031649004690712e-05, 1.121313394627631e-05], [9.468336291318138e-06, 1.1027080100230767e-05, 1.1402070122196771e-05, 1.178166459627503e-05, 1.121313394627631e-05, 1.1940304371133116e-05]]</COVARIANCE_MATRIX>
		<ROI_SIZE>9998</ROI_SIZE>
		<MAX_VALUE>[0.15660731494426727, 0.13391342759132385, 0.10943932086229324, 0.11584095656871796, 0.06111420691013336, 0.03503815084695816]</MAX_VALUE>
		<MIN_VALUE>[0.08910319209098816, 0.04882718622684479, 0.029137661680579185, 0.024554435163736343, 0.010316631756722927, 0.00393964909017086]</MIN_VALUE>
		<SIGNATURE_THRESHOLD_MD>0</SIGNATURE_THRESHOLD_MD>
		<SIGNATURE_THRESHOLD_ML>0</SIGNATURE_THRESHOLD_ML>
		<SIGNATURE_THRESHOLD_SAM>0</SIGNATURE_THRESHOLD_SAM>
	</signature>
	<signature ID="20200826_101529372769_936">
		<MACROCLASSID>1</MACROCLASSID>
		<MACROCLASSINFO>MC 1</MACROCLASSINFO>
		<CLASSID>9</CLASSID>
		<CLASSINFO>C 1</CLASSINFO>
		<VALUES>[0.1181393144166609, 0.003530849774437152, 0.074102933346463, 0.0035432344274015687, 0.05608582521170974, 0.003782540773251948, 0.046838551390264466, 0.003735905945189517, 0.03507868938037362, 0.003622566378972897, 0.026395617457100628, 0.0031845336845589445]</VALUES>
		<LCS_MIN>[0.10490202903747559, 0.06143255904316902, 0.04227793589234352, 0.03346044197678566, 0.022508051246404648, 0.015601585619151592]</LCS_MIN>
		<LCS_MAX>[0.12931841611862183, 0.08349194377660751, 0.0670984536409378, 0.057951949536800385, 0.04485898092389107, 0.03892546892166138]</LCS_MAX>
		<WAVELENGTH>[0.485, 0.56, 0.66, 0.835, 1.65, 2.22]</WAVELENGTH>
		<MEAN_VALUE>[0.1181393144166609, 0.074102933346463, 0.05608582521170974, 0.046838551390264466, 0.03507868938037362, 0.026395617457100628]</MEAN_VALUE>
		<CHECKBOX>2</CHECKBOX>
		<SD>[0.003530849774437152, 0.0035432344274015687, 0.003782540773251948, 0.003735905945189517, 0.003622566378972897, 0.0031845336845589445]</SD>
		<WAVELENGTH_UNIT>E-6m</WAVELENGTH_UNIT>
		<COLOR>#8f6450</COLOR>
		<COVARIANCE_MATRIX>[[1.0591704591340528e-05, 8.518554595120413e-06, 8.879771672712413e-06, 9.06208139077502e-06, 8.119169930507248e-06, 6.154921423430369e-06], [8.518554595120413e-06, 1.0609714186226725e-05, 9.462883269893056e-06, 9.661958832494618e-06, 8.81238288066919e-06, 6.638731614794325e-06], [8.879771672712413e-06, 9.462883269893056e-06, 1.2171626048201987e-05, 1.0031752230952162e-05, 9.280109283364395e-06, 6.995278421499663e-06], [9.06208139077502e-06, 9.661958832494618e-06, 1.0031752230952162e-05, 1.1723614075876318e-05, 9.301705873864486e-06, 7.035991178977395e-06], [8.119169930507248e-06, 8.81238288066919e-06, 9.280109283364395e-06, 9.301705873864486e-06, 1.110769406772026e-05, 6.839619018273829e-06], [6.154921423430369e-06, 6.638731614794325e-06, 6.995278421499663e-06, 7.035991178977395e-06, 6.839619018273829e-06, 9.008640228280133e-06]]</COVARIANCE_MATRIX>
		<ROI_SIZE>10201</ROI_SIZE>
		<MAX_VALUE>[0.12931841611862183, 0.08349194377660751, 0.0670984536409378, 0.057951949536800385, 0.04485898092389107, 0.03892546892166138]</MAX_VALUE>
		<MIN_VALUE>[0.10490202903747559, 0.06143255904316902, 0.04227793589234352, 0.03346044197678566, 0.022508051246404648, 0.015601585619151592]</MIN_VALUE>
		<SIGNATURE_THRESHOLD_MD>0</SIGNATURE_THRESHOLD_MD>
		<SIGNATURE_THRESHOLD_ML>0</SIGNATURE_THRESHOLD_ML>
		<SIGNATURE_THRESHOLD_SAM>0</SIGNATURE_THRESHOLD_SAM>
	</signature>
	<signature ID="20200826_101536899684_481">
		<MACROCLASSID>1</MACROCLASSID>
		<MACROCLASSINFO>MC 1</MACROCLASSINFO>
		<CLASSID>10</CLASSID>
		<CLASSINFO>C 1</CLASSINFO>
		<VALUES>[0.09243596924020102, 0.0034204545321610946, 0.04929052952849126, 0.0033171570701150768, 0.030084755020554223, 0.0035309458541521845, 0.02161552610133986, 0.003744548252231782, 0.010846067051458515, 0.003110971096582909, 0.008073581584656528, 0.002871434332726182]</VALUES>
		<LCS_MIN>[0.08479440957307816, 0.04252450168132782, 0.02037748135626316, 0.015648430213332176, 0.004220922943204641, 0.0]</LCS_MIN>
		<LCS_MAX>[0.10777454823255539, 0.06300823390483856, 0.045197997242212296, 0.03791343793272972, 0.024539949372410774, 0.021432558074593544]</LCS_MAX>
		<WAVELENGTH>[0.485, 0.56, 0.66, 0.835, 1.65, 2.22]</WAVELENGTH>
		<MEAN_VALUE>[0.09243596924020102, 0.04929052952849126, 0.030084755020554223, 0.02161552610133986, 0.010846067051458515, 0.008073581584656528]</MEAN_VALUE>
		<CHECKBOX>2</CHECKBOX>
		<SD>[0.0034204545321610946, 0.0033171570701150768, 0.0035309458541521845, 0.003744548252231782, 0.003110971096582909, 0.002871434332726182]</SD>
		<WAVELENGTH_UNIT>E-6m</WAVELENGTH_UNIT>
		<COLOR>#fb0e02</COLOR>
		<COVARIANCE_MATRIX>[[1.1228052299361005e-05, 8.921255916443044e-06, 9.306565660736161e-06, 1.0095150023049006e-05, 7.974596849744885e-06, 6.071501508617836e-06], [8.921255916443044e-06, 1.0488856521287718e-05, 9.330047844648857e-06, 1.0252178865376775e-05, 8.114275534776067e-06, 6.106513481352053e-06], [9.306565660736161e-06, 9.330047844648857e-06, 1.1908478045401001e-05, 1.0729236547554675e-05, 8.512530600538822e-06, 6.476954377314525e-06], [1.0095150023049006e-05, 1.0252178865376775e-05, 1.0729236547554675e-05, 1.3226218378067103e-05, 9.322787353016694e-06, 7.058735771852093e-06], [7.974596849744885e-06, 8.114275534776067e-06, 8.512530600538822e-06, 9.322787353016694e-06, 9.317554696396638e-06, 5.6941649169735e-06], [6.071501508617836e-06, 6.106513481352053e-06, 6.476954377314525e-06, 7.058735771852093e-06, 5.6941649169735e-06, 8.056809265394723e-06]]</COVARIANCE_MATRIX>
		<ROI_SIZE>10201</ROI_SIZE>
		<MAX_VALUE>[0.10777454823255539, 0.06300823390483856, 0.045197997242212296, 0.03791343793272972, 0.024539949372410774, 0.021432558074593544]</MAX_VALUE>
		<MIN_VALUE>[0.08479440957307816, 0.04252450168132782, 0.02037748135626316, 0.015648430213332176, 0.004220922943204641, 0.0]</MIN_VALUE>
		<SIGNATURE_THRESHOLD_MD>0</SIGNATURE_THRESHOLD_MD>
		<SIGNATURE_THRESHOLD_ML>0</SIGNATURE_THRESHOLD_ML>
		<SIGNATURE_THRESHOLD_SAM>0</SIGNATURE_THRESHOLD_SAM>
	</signature>
	<signature ID="20200826_101620276699_870">
		<MACROCLASSID>1</MACROCLASSID>
		<MACROCLASSINFO>waterbody</MACROCLASSINFO>
		<CLASSID>11</CLASSID>
		<CLASSINFO>C 1</CLASSINFO>
		<VALUES>[0.1579701977185704, 0.005270826999087904, 0.15669225521562116, 0.006717113625665937, 0.14361327036589924, 0.009241742795621392, 0.08972144663631021, 0.006008819142970459, 0.027931803709734148, 0.00754183745620949, 0.017990177823636933, 0.005148207608481838]</VALUES>
		<LCS_MIN>[0.14224475622177124, 0.132337749004364, 0.12111958861351013, 0.08021695911884308, 0.0143804382532835, 0.005883304867893457]</LCS_MIN>
		<LCS_MAX>[0.1838962584733963, 0.18275924026966095, 0.16930057108402252, 0.12029396742582321, 0.05501849204301834, 0.04086912423372269]</LCS_MAX>
		<WAVELENGTH>[0.485, 0.56, 0.66, 0.835, 1.65, 2.22]</WAVELENGTH>
		<MEAN_VALUE>[0.1579701977185704, 0.15669225521562116, 0.14361327036589924, 0.08972144663631021, 0.027931803709734148, 0.017990177823636933]</MEAN_VALUE>
		<CHECKBOX>2</CHECKBOX>
		<SD>[0.005270826999087904, 0.006717113625665937, 0.009241742795621392, 0.006008819142970459, 0.00754183745620949, 0.005148207608481838]</SD>
		<WAVELENGTH_UNIT>E-6m</WAVELENGTH_UNIT>
		<COLOR>#8c2726</COLOR>
		<COVARIANCE_MATRIX>[[3.5673971893483494e-05, 4.191902367059698e-05, 5.429271140962581e-05, 1.902782841913499e-05, 4.102729474578706e-06, 4.365325703739043e-06], [4.191902367059698e-05, 5.959785736516453e-05, 7.738603545523537e-05, 1.965974750656305e-05, -5.016493341272795e-06, -9.527319994110714e-07], [5.429271140962581e-05, 7.738603545523537e-05, 0.00011268401136187419, 2.667912429529692e-05, -1.2575988435238014e-05, -5.876273368120779e-06], [1.902782841913499e-05, 1.965974750656305e-05, 2.667912429529692e-05, 3.9173510811382165e-05, 2.349238083997669e-05, 1.4095461544872393e-05], [4.102729474578706e-06, -5.016493341272795e-06, -1.2575988435238014e-05, 2.349238083997669e-05, 4.146951864590234e-05, 2.4126059801562498e-05], [4.365325703739043e-06, -9.527319994110714e-07, -5.876273368120779e-06, 1.4095461544872393e-05, 2.4126059801562498e-05, 1.8834733476080995e-05]]</COVARIANCE_MATRIX>
		<ROI_SIZE>4684</ROI_SIZE>
		<MAX_VALUE>[0.1838962584733963, 0.18275924026966095, 0.16930057108402252, 0.12029396742582321, 0.05501849204301834, 0.04086912423372269]</MAX_VALUE>
		<MIN_VALUE>[0.14224475622177124, 0.132337749004364, 0.12111958861351013, 0.08021695911884308, 0.0143804382532835, 0.005883304867893457]</MIN_VALUE>
		<SIGNATURE_THRESHOLD_MD>0</SIGNATURE_THRESHOLD_MD>
		<SIGNATURE_THRESHOLD_ML>0</SIGNATURE_THRESHOLD_ML>
		<SIGNATURE_THRESHOLD_SAM>0</SIGNATURE_THRESHOLD_SAM>
	</signature>
	<signature ID="20200826_101626187464_459">
		<MACROCLASSID>1</MACROCLASSID>
		<MACROCLASSINFO>waterbody</MACROCLASSINFO>
		<CLASSID>12</CLASSID>
		<CLASSINFO>C 1</CLASSINFO>
		<VALUES>[0.1524613859261024, 0.0037287736858676083, 0.14886437037056033, 0.004676129364788435, 0.14131498468468096, 0.008300230170180306, 0.08968289630616659, 0.0050525505280752045, 0.022952653648848135, 0.005290696119977283, 0.014498899321966246, 0.003251739022436505]</VALUES>
		<LCS_MIN>[0.13937224447727203, 0.13076208531856537, 0.12111958861351013, 0.07576395571231842, 0.012348535470664501, 0.005883304867893457]</LCS_MIN>
		<LCS_MAX>[0.16091610491275787, 0.15754850208759308, 0.15616030991077423, 0.12029396742582321, 0.05095469206571579, 0.03309449926018715]</LCS_MAX>
		<WAVELENGTH>[0.485, 0.56, 0.66, 0.835, 1.65, 2.22]</WAVELENGTH>
		<MEAN_VALUE>[0.1524613859261024, 0.14886437037056033, 0.14131498468468096, 0.08968289630616659, 0.022952653648848135, 0.014498899321966246]</MEAN_VALUE>
		<CHECKBOX>2</CHECKBOX>
		<SD>[0.0037287736858676083, 0.004676129364788435, 0.008300230170180306, 0.0050525505280752045, 0.005290696119977283, 0.003251739022436505]</SD>
		<WAVELENGTH_UNIT>E-6m</WAVELENGTH_UNIT>
		<COLOR>#bb9dd2</COLOR>
		<COVARIANCE_MATRIX>[[1.3910639655693876e-05, 1.4215188991155503e-05, 2.5087355567897014e-05, -8.012836342614227e-08, -7.564124588310938e-06, -3.3765710953854265e-06], [1.4215188991155503e-05, 2.187701604219809e-05, 3.338628290381022e-05, -3.531202205910894e-06, -1.291104999231221e-05, -6.055425621998214e-06], [2.5087355567897014e-05, 3.338628290381022e-05, 6.892794362233919e-05, 5.228355689615055e-06, -1.6647605001052045e-05, -7.587595927250025e-06], [-8.012836342614227e-08, -3.531202205910894e-06, 5.228355689615055e-06, 2.55409108540274e-05, 1.5917791707713413e-05, 8.070384853188105e-06], [-7.564124588310938e-06, -1.291104999231221e-05, -1.6647605001052045e-05, 1.5917791707713413e-05, 2.8005329458427018e-05, 1.311307463761839e-05], [-3.3765710953854265e-06, -6.055425621998214e-06, -7.587595927250025e-06, 8.070384853188105e-06, 1.311307463761839e-05, 1.0579043820442458e-05]]</COVARIANCE_MATRIX>
		<ROI_SIZE>2020</ROI_SIZE>
		<MAX_VALUE>[0.16091610491275787, 0.15754850208759308, 0.15616030991077423, 0.12029396742582321, 0.05095469206571579, 0.03309449926018715]</MAX_VALUE>
		<MIN_VALUE>[0.13937224447727203, 0.13076208531856537, 0.12111958861351013, 0.07576395571231842, 0.012348535470664501, 0.005883304867893457]</MIN_VALUE>
		<SIGNATURE_THRESHOLD_MD>0</SIGNATURE_THRESHOLD_MD>
		<SIGNATURE_THRESHOLD_ML>0</SIGNATURE_THRESHOLD_ML>
		<SIGNATURE_THRESHOLD_SAM>0</SIGNATURE_THRESHOLD_SAM>
	</signature>
	<signature ID="20200826_101631827975_472">
		<MACROCLASSID>1</MACROCLASSID>
		<MACROCLASSINFO>waterbody</MACROCLASSINFO>
		<CLASSID>13</CLASSID>
		<CLASSINFO>C 1</CLASSINFO>
		<VALUES>[0.1350075027191795, 0.004398260679843605, 0.12473360511002601, 0.006125926644898566, 0.11646265145633128, 0.007550753322905675, 0.10658219911448363, 0.010656396051106088, 0.04318068227791164, 0.008254173259204804, 0.02473929851956955, 0.004657458909965848]</VALUES>
		<LCS_MIN>[0.1178283542394638, 0.09609732031822205, 0.08315879851579666, 0.08021695911884308, 0.026571854948997498, 0.015601585619151592]</LCS_MIN>
		<LCS_MAX>[0.14511728286743164, 0.13391342759132385, 0.12841972708702087, 0.13810598850250244, 0.07533752173185349, 0.046700093895196915]</LCS_MAX>
		<WAVELENGTH>[0.485, 0.56, 0.66, 0.835, 1.65, 2.22]</WAVELENGTH>
		<MEAN_VALUE>[0.1350075027191795, 0.12473360511002601, 0.11646265145633128, 0.10658219911448363, 0.04318068227791164, 0.02473929851956955]</MEAN_VALUE>
		<CHECKBOX>2</CHECKBOX>
		<SD>[0.004398260679843605, 0.006125926644898566, 0.007550753322905675, 0.010656396051106088, 0.008254173259204804, 0.004657458909965848]</SD>
		<WAVELENGTH_UNIT>E-6m</WAVELENGTH_UNIT>
		<COLOR>#d7989e</COLOR>
		<COVARIANCE_MATRIX>[[1.9395073822982513e-05, 2.3406331202184885e-05, 2.7900533901708e-05, -3.842203788126895e-06, -2.8681016050488453e-06, 1.2687187618761264e-06], [2.3406331202184885e-05, 3.7624703761956295e-05, 4.3911920464843133e-05, -4.461867825253019e-06, -9.093390653497302e-06, -1.66675443693061e-06], [2.7900533901708e-05, 4.3911920464843133e-05, 5.716234937811966e-05, -1.0612090794191102e-05, -1.544581559354244e-05, -3.7083879141259796e-06], [-3.842203788126895e-06, -4.461867825253019e-06, -1.0612090794191102e-05, 0.00011385450277927447, 6.904587000011249e-05, 3.295001468752231e-05], [-2.8681016050488453e-06, -9.093390653497302e-06, -1.544581559354244e-05, 6.904587000011249e-05, 6.830880165180757e-05, 3.1975228846706604e-05], [1.2687187618761264e-06, -1.66675443693061e-06, -3.7083879141259796e-06, 3.295001468752231e-05, 3.1975228846706604e-05, 2.174841288212968e-05]]</COVARIANCE_MATRIX>
		<ROI_SIZE>385</ROI_SIZE>
		<MAX_VALUE>[0.14511728286743164, 0.13391342759132385, 0.12841972708702087, 0.13810598850250244, 0.07533752173185349, 0.046700093895196915]</MAX_VALUE>
		<MIN_VALUE>[0.1178283542394638, 0.09609732031822205, 0.08315879851579666, 0.08021695911884308, 0.026571854948997498, 0.015601585619151592]</MIN_VALUE>
		<SIGNATURE_THRESHOLD_MD>0</SIGNATURE_THRESHOLD_MD>
		<SIGNATURE_THRESHOLD_ML>0</SIGNATURE_THRESHOLD_ML>
		<SIGNATURE_THRESHOLD_SAM>0</SIGNATURE_THRESHOLD_SAM>
	</signature>
	<signature ID="20200826_101653055400_228">
		<MACROCLASSID>1</MACROCLASSID>
		<MACROCLASSINFO>waterbody</MACROCLASSINFO>
		<CLASSID>15</CLASSID>
		<CLASSINFO>C 1</CLASSINFO>
		<VALUES>[0.15538968069344317, 0.005356165598468519, 0.1474601982575229, 0.007232366122546474, 0.12206816841856218, 0.008406033053321688, 0.09186233950441171, 0.008287188082944062, 0.045763690363123194, 0.0067987301736221785, 0.030069951321768904, 0.004127033440195639]</VALUES>
		<LCS_MIN>[0.13506345450878143, 0.1244593933224678, 0.09775908291339874, 0.08021695911884308, 0.03673136979341507, 0.019488902762532234]</LCS_MIN>
		<LCS_MAX>[0.1738424301147461, 0.1654268354177475, 0.14448007941246033, 0.12252046912908554, 0.07736942172050476, 0.048643749207258224]</LCS_MAX>
		<WAVELENGTH>[0.485, 0.56, 0.66, 0.835, 1.65, 2.22]</WAVELENGTH>
		<MEAN_VALUE>[0.15538968069344317, 0.1474601982575229, 0.12206816841856218, 0.09186233950441171, 0.045763690363123194, 0.030069951321768904]</MEAN_VALUE>
		<CHECKBOX>2</CHECKBOX>
		<SD>[0.005356165598468519, 0.007232366122546474, 0.008406033053321688, 0.008287188082944062, 0.0067987301736221785, 0.004127033440195639]</SD>
		<WAVELENGTH_UNIT>E-6m</WAVELENGTH_UNIT>
		<COLOR>#597dcc</COLOR>
		<COVARIANCE_MATRIX>[[3.0071827156565407e-05, 3.693898267219301e-05, 4.365625119287577e-05, 4.200866013351601e-06, -3.9622235976662845e-06, -2.527747886505491e-07], [3.693898267219301e-05, 5.303103524974289e-05, 5.8646706813224906e-05, 6.971977488464507e-08, -1.029943072766044e-05, -3.3003528905437665e-06], [4.365625119287577e-05, 5.8646706813224906e-05, 7.5535715558417e-05, 1.0281315879557896e-05, -5.743722449476735e-06, -3.029821217965702e-07], [4.200866013351601e-06, 6.971977488464507e-08, 1.0281315879557896e-05, 5.409228370758367e-05, 3.646774812043896e-05, 1.8595792338683407e-05], [-3.9622235976662845e-06, -1.029943072766044e-05, -5.743722449476735e-06, 3.646774812043896e-05, 3.63906003442797e-05, 1.7943939986397978e-05], [-2.527747886505491e-07, -3.3003528905437665e-06, -3.029821217965702e-07, 1.8595792338683407e-05, 1.7943939986397978e-05, 1.3858533843749383e-05]]</COVARIANCE_MATRIX>
		<ROI_SIZE>3716</ROI_SIZE>
		<MAX_VALUE>[0.1738424301147461, 0.1654268354177475, 0.14448007941246033, 0.12252046912908554, 0.07736942172050476, 0.048643749207258224]</MAX_VALUE>
		<MIN_VALUE>[0.13506345450878143, 0.1244593933224678, 0.09775908291339874, 0.08021695911884308, 0.03673136979341507, 0.019488902762532234]</MIN_VALUE>
		<SIGNATURE_THRESHOLD_MD>0</SIGNATURE_THRESHOLD_MD>
		<SIGNATURE_THRESHOLD_ML>0</SIGNATURE_THRESHOLD_ML>
		<SIGNATURE_THRESHOLD_SAM>0</SIGNATURE_THRESHOLD_SAM>
	</signature>
	<signature ID="20200826_101703097284_798">
		<MACROCLASSID>1</MACROCLASSID>
		<MACROCLASSINFO>waterbody</MACROCLASSINFO>
		<CLASSID>16</CLASSID>
		<CLASSINFO>C 1</CLASSINFO>
		<VALUES>[0.14487394019345604, 0.005946302741104816, 0.14086722311648453, 0.006411360372075904, 0.1394664913354334, 0.007427809018028643, 0.12122321255074062, 0.009676394895148405, 0.047772494760488164, 0.010578611016790699, 0.029456164811022017, 0.007226229543252827]</VALUES>
		<LCS_MIN>[0.12788216769695282, 0.11973239481449127, 0.11235939711332321, 0.09802895784378052, 0.028603756800293922, 0.017545243725180626]</LCS_MIN>
		<LCS_MAX>[0.16235235333442688, 0.15912416577339172, 0.159080371260643, 0.15369148552417755, 0.07127370685338974, 0.048643749207258224]</LCS_MAX>
		<WAVELENGTH>[0.485, 0.56, 0.66, 0.835, 1.65, 2.22]</WAVELENGTH>
		<MEAN_VALUE>[0.14487394019345604, 0.14086722311648453, 0.1394664913354334, 0.12122321255074062, 0.047772494760488164, 0.029456164811022017]</MEAN_VALUE>
		<CHECKBOX>2</CHECKBOX>
		<SD>[0.005946302741104816, 0.006411360372075904, 0.007427809018028643, 0.009676394895148405, 0.010578611016790699, 0.007226229543252827]</SD>
		<WAVELENGTH_UNIT>E-6m</WAVELENGTH_UNIT>
		<COLOR>#f08571</COLOR>
		<COVARIANCE_MATRIX>[[3.550523212409462e-05, 3.563578149702375e-05, 4.0140302689642914e-05, 2.401837547125736e-05, 3.014955581576478e-05, 2.444383186397755e-05], [3.563578149702375e-05, 4.127610423481898e-05, 4.471604396662853e-05, 2.4226670080296153e-05, 2.847722106913086e-05, 2.4197940651498776e-05], [4.0140302689642914e-05, 4.471604396662853e-05, 5.5401277707927096e-05, 2.4614342974949404e-05, 2.600496901934618e-05, 2.3708562268128745e-05], [2.401837547125736e-05, 2.4226670080296153e-05, 2.4614342974949404e-05, 9.402113525468358e-05, 7.41899768315613e-05, 4.555714057240146e-05], [3.014955581576478e-05, 2.847722106913086e-05, 2.600496901934618e-05, 7.41899768315613e-05, 0.00011237135548873373, 7.158839223710456e-05], [2.444383186397755e-05, 2.4197940651498776e-05, 2.3708562268128745e-05, 4.555714057240146e-05, 7.158839223710456e-05, 5.2435067243364165e-05]]</COVARIANCE_MATRIX>
		<ROI_SIZE>242</ROI_SIZE>
		<MAX_VALUE>[0.16235235333442688, 0.15912416577339172, 0.159080371260643, 0.15369148552417755, 0.07127370685338974, 0.048643749207258224]</MAX_VALUE>
		<MIN_VALUE>[0.12788216769695282, 0.11973239481449127, 0.11235939711332321, 0.09802895784378052, 0.028603756800293922, 0.017545243725180626]</MIN_VALUE>
		<SIGNATURE_THRESHOLD_MD>0</SIGNATURE_THRESHOLD_MD>
		<SIGNATURE_THRESHOLD_ML>0</SIGNATURE_THRESHOLD_ML>
		<SIGNATURE_THRESHOLD_SAM>0</SIGNATURE_THRESHOLD_SAM>
	</signature>
	<signature ID="20200826_101727054251_497">
		<MACROCLASSID>1</MACROCLASSID>
		<MACROCLASSINFO>waterbody</MACROCLASSINFO>
		<CLASSID>17</CLASSID>
		<CLASSINFO>C 1</CLASSINFO>
