<?xml version="1.0" ?>
<signaturelist MCID_LIST="[['1', 'waterbody', '#0000ff'], ['2', 'vegetation', '#00ff00'], ['3', 'bare land', '#ffaa00'], ['4', 'built-up', '#ff0000']]">
	<signature ID="20200602_152540479306_702">
		<MACROCLASSID>2</MACROCLASSID>
		<MACROCLASSINFO>vegetation</MACROCLASSINFO>
		<CLASSID>13</CLASSID>
		<CLASSINFO>C 1</CLASSINFO>
		<VALUES>[66.34978540772535, 1.4020103427437534, 51.01931330472106, 1.8603764099823143, 36.920600858369184, 2.098467779343645, 89.58583690987128, 3.8387750984739117, 64.50858369098708, 3.573107009623879, 30.412017167381965, 2.324940676645294]</VALUES>
		<LCS_MIN>[62.0, 46.0, 31.0, 82.0, 59.0, 25.0]</LCS_MIN>
		<LCS_MAX>[72.0, 59.0, 45.0, 96.0, 73.0, 39.0]</LCS_MAX>
		<WAVELENGTH>[0.485, 0.56, 0.66, 0.835, 1.65, 2.22]</WAVELENGTH>
		<MEAN_VALUE>[66.34978540772535, 51.01931330472106, 36.920600858369184, 89.58583690987128, 64.50858369098708, 30.412017167381965]</MEAN_VALUE>
		<CHECKBOX>2</CHECKBOX>
		<SD>[1.4020103427437534, 1.8603764099823143, 2.098467779343645, 3.8387750984739117, 3.573107009623879, 2.324940676645294]</SD>
		<WAVELENGTH_UNIT>E-6m</WAVELENGTH_UNIT>
		<COLOR>#4a7088</COLOR>
		<COVARIANCE_MATRIX>[[1.9677443504333496, 1.3691771030426025, 1.592786431312561, -0.1009482592344284, 1.0775529146194458, 1.1650724411010742], [1.3691771030426025, 3.4647178649902344, 2.5847790241241455, 1.230349063873291, 2.26191782951355, 1.990959882736206], [1.592786431312561, 2.5847790241241455, 4.408297061920166, -0.6623502373695374, 1.8696403503417969, 2.25186824798584], [-0.1009482592344284, 1.230349063873291, -0.6623502373695374, 14.752022743225098, 5.474020957946777, 0.5811370611190796], [1.0775529146194458, 2.26191782951355, 1.8696403503417969, 5.474020957946777, 12.780806541442871, 6.111389636993408], [1.1650724411010742, 1.990959882736206, 2.25186824798584, 0.5811370611190796, 6.111389636993408, 5.4111552238464355]]</COVARIANCE_MATRIX>
		<ROI_SIZE>932</ROI_SIZE>
		<MAX_VALUE>[72.0, 59.0, 45.0, 96.0, 73.0, 39.0]</MAX_VALUE>
		<MIN_VALUE>[62.0, 46.0, 31.0, 82.0, 59.0, 25.0]</MIN_VALUE>
		<SIGNATURE_THRESHOLD_MD>0.0</SIGNATURE_THRESHOLD_MD>
		<SIGNATURE_THRESHOLD_ML>0.0</SIGNATURE_THRESHOLD_ML>
		<SIGNATURE_THRESHOLD_SAM>0.0</SIGNATURE_THRESHOLD_SAM>
	</signature>
	<signature ID="20200602_152819273754_895">
		<MACROCLASSID>2</MACROCLASSID>
		<MACROCLASSINFO>vegetation</MACROCLASSINFO>
		<CLASSID>14</CLASSID>
		<CLASSINFO>C 1</CLASSINFO>
		<VALUES>[71.68783068783068, 1.3145140341345034, 56.65608465608466, 1.7467210439940775, 41.87830687830689, 2.1506748764851062, 110.76719576719574, 4.005126750107482, 80.44973544973543, 3.8919075495774016, 36.761904761904766, 2.1160581731105377]</VALUES>
		<LCS_MIN>[68.0, 52.0, 36.0, 104.0, 70.0, 32.0]</LCS_MIN>
		<LCS_MAX>[75.0, 62.0, 50.0, 121.0, 87.0, 43.0]</LCS_MAX>
		<WAVELENGTH>[0.485, 0.56, 0.66, 0.835, 1.65, 2.22]</WAVELENGTH>
		<MEAN_VALUE>[71.68783068783068, 56.65608465608466, 41.87830687830689, 110.76719576719574, 80.44973544973543, 36.761904761904766]</MEAN_VALUE>
		<CHECKBOX>2</CHECKBOX>
		<SD>[1.3145140341345034, 1.7467210439940775, 2.1506748764851062, 4.005126750107482, 3.8919075495774016, 2.1160581731105377]</SD>
		<WAVELENGTH_UNIT>E-6m</WAVELENGTH_UNIT>
		<COLOR>#278848</COLOR>
		<COVARIANCE_MATRIX>[[1.7371383905410767, 1.041005253791809, 1.3341494798660278, -0.17412473261356354, 1.497523307800293, 0.9837892651557922], [1.041005253791809, 3.06726336479187, 2.3409039974212646, 1.887594223022461, 3.304429769515991, 1.869807481765747], [1.3341494798660278, 2.3409039974212646, 4.65000581741333, 0.040667567402124405, 3.63480806350708, 2.3857648372650146], [-0.17412473261356354, 1.887594223022461, 0.040667567402124405, 16.126365661621094, 6.552065849304199, 1.5293819904327393], [1.497523307800293, 3.304429769515991, 3.63480806350708, 6.552065849304199, 15.227513313293457, 6.341691970825195], [0.9837892651557922, 1.869807481765747, 2.3857648372650146, 1.5293819904327393, 6.341691970825195, 4.501519680023193]]</COVARIANCE_MATRIX>
		<ROI_SIZE>189</ROI_SIZE>
		<MAX_VALUE>[75.0, 62.0, 50.0, 121.0, 87.0, 43.0]</MAX_VALUE>
		<MIN_VALUE>[68.0, 52.0, 36.0, 104.0, 70.0, 32.0]</MIN_VALUE>
		<SIGNATURE_THRESHOLD_MD>0.0</SIGNATURE_THRESHOLD_MD>
		<SIGNATURE_THRESHOLD_ML>0.0</SIGNATURE_THRESHOLD_ML>
		<SIGNATURE_THRESHOLD_SAM>0.0</SIGNATURE_THRESHOLD_SAM>
	</signature>
	<signature ID="20200602_152830069891_767">
		<MACROCLASSID>2</MACROCLASSID>
		<MACROCLASSINFO>vegetation</MACROCLASSINFO>
		<CLASSID>15</CLASSID>
		<CLASSINFO>C 1</CLASSINFO>
		<VALUES>[71.3010752688172, 1.4722154049715983, 59.64516129032259, 2.0512003372288667, 45.08602150537633, 3.0184234080899373, 113.08602150537635, 4.957140855564137, 96.49462365591401, 3.5759761609281475, 44.41935483870969, 2.5115756980415136]</VALUES>
		<LCS_MIN>[68.0, 55.0, 38.0, 103.0, 90.0, 37.0]</LCS_MIN>
		<LCS_MAX>[76.0, 64.0, 53.0, 121.0, 105.0, 51.0]</LCS_MAX>
		<WAVELENGTH>[0.485, 0.56, 0.66, 0.835, 1.65, 2.22]</WAVELENGTH>
		<MEAN_VALUE>[71.3010752688172, 59.64516129032259, 45.08602150537633, 113.08602150537635, 96.49462365591401, 44.41935483870969]</MEAN_VALUE>
		<CHECKBOX>2</CHECKBOX>
		<SD>[1.4722154049715983, 2.0512003372288667, 3.0184234080899373, 4.957140855564137, 3.5759761609281475, 2.5115756980415136]</SD>
		<WAVELENGTH_UNIT>E-6m</WAVELENGTH_UNIT>
		<COLOR>#ca2ee1</COLOR>
		<COVARIANCE_MATRIX>[[2.190977096557617, 1.7166900634765625, 2.9412107467651367, -1.8631370067596436, 2.034245014190674, 1.8397616147994995], [1.7166900634765625, 4.253155708312988, 4.693899154663086, 0.8569424748420715, 3.394810676574707, 2.900420665740967], [2.9412107467651367, 4.693899154663086, 9.209911346435547, -4.518349647521973, 5.043945789337158, 4.8113603591918945], [-1.8631370067596436, 0.8569424748420715, -4.518349647521973, 24.84034538269043, 1.3700326681137085, -2.7755961418151855], [2.034245014190674, 3.394810676574707, 5.043945789337158, 1.3700326681137085, 12.92660140991211, 6.355539798736572], [1.8397616147994995, 2.900420665740967, 4.8113603591918945, -2.7755961418151855, 6.355539798736572, 6.376577854156494]]</COVARIANCE_MATRIX>
		<ROI_SIZE>93</ROI_SIZE>
		<MAX_VALUE>[76.0, 64.0, 53.0, 121.0, 105.0, 51.0]</MAX_VALUE>
		<MIN_VALUE>[68.0, 55.0, 38.0, 103.0, 90.0, 37.0]</MIN_VALUE>
		<SIGNATURE_THRESHOLD_MD>0.0</SIGNATURE_THRESHOLD_MD>
		<SIGNATURE_THRESHOLD_ML>0.0</SIGNATURE_THRESHOLD_ML>
		<SIGNATURE_THRESHOLD_SAM>0.0</SIGNATURE_THRESHOLD_SAM>
	</signature>
	<signature ID="20200602_152938825632_567">
		<MACROCLASSID>2</MACROCLASSID>
		<MACROCLASSINFO>vegetation</MACROCLASSINFO>
		<CLASSID>16</CLASSID>
		<CLASSINFO>C 1</CLASSINFO>
		<VALUES>[69.54011741682972, 1.7788316010467475, 54.72211350293544, 2.6529679563335016, 42.1956947162426, 3.4828151018972173, 89.35616438356163, 6.796623151721752, 78.71428571428575, 8.427924616131621, 37.7749510763209, 5.131369961192042]</VALUES>
		<LCS_MIN>[65.0, 48.0, 34.0, 79.0, 63.0, 27.0]</LCS_MIN>
		<LCS_MAX>[75.0, 62.0, 56.0, 109.0, 93.0, 51.0]</LCS_MAX>
		<WAVELENGTH>[0.485, 0.56, 0.66, 0.835, 1.65, 2.22]</WAVELENGTH>
		<MEAN_VALUE>[69.54011741682972, 54.72211350293544, 42.1956947162426, 89.35616438356163, 78.71428571428575, 37.7749510763209]</MEAN_VALUE>
		<CHECKBOX>2</CHECKBOX>
		<SD>[1.7788316010467475, 2.6529679563335016, 3.4828151018972173, 6.796623151721752, 8.427924616131621, 5.131369961192042]</SD>
		<WAVELENGTH_UNIT>E-6m</WAVELENGTH_UNIT>
		<COLOR>#6e7b93</COLOR>
		<COVARIANCE_MATRIX>[[3.1704461574554443, 3.2229347229003906, 4.523506164550781, 0.7425463199615479, 10.076190948486328, 6.023751735687256], [3.2229347229003906, 7.052039623260498, 7.234879493713379, 6.461912631988525, 17.06358528137207, 9.464790344238281], [4.523506164550781, 7.234879493713379, 12.153785705566406, 0.3870265781879425, 23.479551315307617, 14.900989532470703], [0.7425463199615479, 6.461912631988525, 0.3870265781879425, 46.284664154052734, 13.094118118286133, -0.06870803236961365], [10.076190948486328, 17.06358528137207, 23.479551315307617, 13.094118118286133, 71.169189453125, 39.90420150756836], [6.023751735687256, 9.464790344238281, 14.900989532470703, -0.06870803236961365, 39.90420150756836, 26.382587432861328]]</COVARIANCE_MATRIX>
		<ROI_SIZE>511</ROI_SIZE>
		<MAX_VALUE>[75.0, 62.0, 56.0, 109.0, 93.0, 51.0]</MAX_VALUE>
		<MIN_VALUE>[65.0, 48.0, 34.0, 79.0, 63.0, 27.0]</MIN_VALUE>
		<SIGNATURE_THRESHOLD_MD>0.0</SIGNATURE_THRESHOLD_MD>
		<SIGNATURE_THRESHOLD_ML>0.0</SIGNATURE_THRESHOLD_ML>
		<SIGNATURE_THRESHOLD_SAM>0.0</SIGNATURE_THRESHOLD_SAM>
	</signature>
	<signature ID="20200602_152944297662_955">
		<MACROCLASSID>2</MACROCLASSID>
		<MACROCLASSINFO>vegetation</MACROCLASSINFO>
		<CLASSID>17</CLASSID>
		<CLASSINFO>C 1</CLASSINFO>
		<VALUES>[83.37238493723848, 3.013121749992052, 72.64016736401672, 3.172221476083935, 65.20292887029282, 5.785083238332739, 104.82845188284517, 6.312624836893667, 116.70711297071142, 5.886477627725666, 58.4644351464435, 4.641746036880799]</VALUES>
		<LCS_MIN>[76.0, 64.0, 50.0, 89.0, 105.0, 47.0]</LCS_MIN>
		<LCS_MAX>[93.0, 83.0, 77.0, 118.0, 135.0, 73.0]</LCS_MAX>
		<WAVELENGTH>[0.485, 0.56, 0.66, 0.835, 1.65, 2.22]</WAVELENGTH>
		<MEAN_VALUE>[83.37238493723848, 72.64016736401672, 65.20292887029282, 104.82845188284517, 116.70711297071142, 58.4644351464435]</MEAN_VALUE>
		<CHECKBOX>2</CHECKBOX>
		<SD>[3.013121749992052, 3.172221476083935, 5.785083238332739, 6.312624836893667, 5.886477627725666, 4.641746036880799]</SD>
		<WAVELENGTH_UNIT>E-6m</WAVELENGTH_UNIT>
		<COLOR>#3df155</COLOR>
		<COVARIANCE_MATRIX>[[9.097935676574707, 6.863836765289307, 13.362428665161133, -4.376235485076904, 9.304264068603516, 9.298386573791504], [6.863836765289307, 10.084085464477539, 14.51342487335205, 0.05134952440857887, 10.63233470916748, 9.492417335510254], [13.362428665161133, 14.51342487335205, 33.537349700927734, -14.227169036865234, 22.71993637084961, 22.46739959716797], [-4.376235485076904, 0.05134952440857887, -14.227169036865234, 39.93277359008789, -1.6205801963806152, -10.96628189086914], [9.304264068603516, 10.63233470916748, 22.71993637084961, -1.6205801963806152, 34.723262786865234, 23.000043869018555], [9.298386573791504, 9.492417335510254, 22.46739959716797, -10.96628189086914, 23.000043869018555, 21.590974807739258]]</COVARIANCE_MATRIX>
		<ROI_SIZE>478</ROI_SIZE>
		<MAX_VALUE>[93.0, 83.0, 77.0, 118.0, 135.0, 73.0]</MAX_VALUE>
		<MIN_VALUE>[76.0, 64.0, 50.0, 89.0, 105.0, 47.0]</MIN_VALUE>
		<SIGNATURE_THRESHOLD_MD>0.0</SIGNATURE_THRESHOLD_MD>
		<SIGNATURE_THRESHOLD_ML>0.0</SIGNATURE_THRESHOLD_ML>
		<SIGNATURE_THRESHOLD_SAM>0.0</SIGNATURE_THRESHOLD_SAM>
	</signature>
	<signature ID="20200602_153009743206_258">
		<MACROCLASSID>2</MACROCLASSID>
		<MACROCLASSINFO>vegetation</MACROCLASSINFO>
		<CLASSID>18</CLASSID>
		<CLASSINFO>C 1</CLASSINFO>
		<VALUES>[72.50277777777775, 1.3406022923196987, 59.40138888888887, 2.0245022059999753, 42.108333333333356, 1.8810273493197494, 106.63333333333333, 6.414956482055563, 75.71111111111105, 4.573460747604221, 33.913888888888835, 2.528905426132218]</VALUES>
		<LCS_MIN>[69.0, 54.0, 38.0, 94.0, 61.0, 27.0]</LCS_MIN>
		<LCS_MAX>[77.0, 65.0, 49.0, 124.0, 84.0, 42.0]</LCS_MAX>
		<WAVELENGTH>[0.485, 0.56, 0.66, 0.835, 1.65, 2.22]</WAVELENGTH>
		<MEAN_VALUE>[72.50277777777775, 59.40138888888887, 42.108333333333356, 106.63333333333333, 75.71111111111105, 33.913888888888835]</MEAN_VALUE>
		<CHECKBOX>2</CHECKBOX>
		<SD>[1.3406022923196987, 2.0245022059999753, 1.8810273493197494, 6.414956482055563, 4.573460747604221, 2.528905426132218]</SD>
		<WAVELENGTH_UNIT>E-6m</WAVELENGTH_UNIT>
		<COLOR>#f16c26</COLOR>
		<COVARIANCE_MATRIX>[[1.7997140884399414, 1.1108444929122925, 1.0803662538528442, 1.0302271842956543, 2.1092875003814697, 1.2255524396896362], [1.1108444929122925, 4.104309558868408, 2.251309633255005, 6.172415256500244, 6.394282341003418, 3.0262672901153564], [1.0803662538528442, 2.251309633255005, 3.543184995651245, 1.298470139503479, 5.253870964050293, 2.942582368850708], [1.0302271842956543, 6.172415256500244, 1.298470139503479, 41.208900451660156, 13.711729049682617, 2.6262402534484863], [2.1092875003814697, 6.394282341003418, 5.253870964050293, 13.711729049682617, 20.945634841918945, 9.406243324279785], [1.2255524396896362, 3.0262672901153564, 2.942582368850708, 2.6262402534484863, 9.406243324279785, 6.404257297515869]]</COVARIANCE_MATRIX>
		<ROI_SIZE>720</ROI_SIZE>
		<MAX_VALUE>[77.0, 65.0, 49.0, 124.0, 84.0, 42.0]</MAX_VALUE>
		<MIN_VALUE>[69.0, 54.0, 38.0, 94.0, 61.0, 27.0]</MIN_VALUE>
		<SIGNATURE_THRESHOLD_MD>0.0</SIGNATURE_THRESHOLD_MD>
		<SIGNATURE_THRESHOLD_ML>0.0</SIGNATURE_THRESHOLD_ML>
		<SIGNATURE_THRESHOLD_SAM>0.0</SIGNATURE_THRESHOLD_SAM>
	</signature>
	<signature ID="20200602_153018766733_142">
		<MACROCLASSID>2</MACROCLASSID>
		<MACROCLASSINFO>vegetation</MACROCLASSINFO>
		<CLASSID>19</CLASSID>
		<CLASSINFO>C 1</CLASSINFO>
		<VALUES>[69.29797979797975, 1.3322328638913976, 55.99831649831647, 1.852743128035293, 40.13973063973066, 2.1167133363590995, 109.87373737373751, 6.275591418201084, 81.42929292929294, 5.341460080946715, 35.85016835016833, 2.7881618986359125]</VALUES>
		<LCS_MIN>[66.0, 50.0, 35.0, 97.0, 63.0, 28.0]</LCS_MIN>
		<LCS_MAX>[73.0, 62.0, 47.0, 126.0, 91.0, 45.0]</LCS_MAX>
		<WAVELENGTH>[0.485, 0.56, 0.66, 0.835, 1.65, 2.22]</WAVELENGTH>
		<MEAN_VALUE>[69.29797979797975, 55.99831649831647, 40.13973063973066, 109.87373737373751, 81.42929292929294, 35.85016835016833]</MEAN_VALUE>
		<CHECKBOX>2</CHECKBOX>
		<SD>[1.3322328638913976, 1.852743128035293, 2.1167133363590995, 6.275591418201084, 5.341460080946715, 2.7881618986359125]</SD>
		<WAVELENGTH_UNIT>E-6m</WAVELENGTH_UNIT>
		<COLOR>#18188a</COLOR>
		<COVARIANCE_MATRIX>[[1.7778373956680298, 1.054465413093567, 1.103318214416504, 1.0629823207855225, 3.4502785205841064, 1.7125129699707031], [1.054465413093567, 3.438445806503296, 2.6713991165161133, 3.8969202041625977, 6.27559757232666, 3.097555160522461], [1.103318214416504, 2.6713991165161133, 4.488030910491943, 0.626441478729248, 5.462678909301758, 3.2030961513519287], [1.0629823207855225, 3.8969202041625977, 0.626441478729248, 39.449459075927734, 15.789539337158203, 3.7230398654937744], [3.4502785205841064, 6.27559757232666, 5.462678909301758, 15.789539337158203, 28.579309463500977, 12.722103118896484], [1.7125129699707031, 3.097555160522461, 3.2030961513519287, 3.7230398654937744, 12.722103118896484, 7.786956310272217]]</COVARIANCE_MATRIX>
		<ROI_SIZE>594</ROI_SIZE>
		<MAX_VALUE>[73.0, 62.0, 47.0, 126.0, 91.0, 45.0]</MAX_VALUE>
		<MIN_VALUE>[66.0, 50.0, 35.0, 97.0, 63.0, 28.0]</MIN_VALUE>
		<SIGNATURE_THRESHOLD_MD>0.0</SIGNATURE_THRESHOLD_MD>
		<SIGNATURE_THRESHOLD_ML>0.0</SIGNATURE_THRESHOLD_ML>
		<SIGNATURE_THRESHOLD_SAM>0.0</SIGNATURE_THRESHOLD_SAM>
	</signature>
	<signature ID="20200602_153032249888_914">
		<MACROCLASSID>2</MACROCLASSID>
		<MACROCLASSINFO>vegetation</MACROCLASSINFO>
		<CLASSID>20</CLASSID>
		<CLASSINFO>C 1</CLASSINFO>
		<VALUES>[67.23385689354268, 1.6797028617522851, 51.98952879581152, 2.1795244100622875, 40.51483420593373, 2.830624074545296, 76.65794066317628, 7.401117359393035, 69.47643979057601, 6.157747703819684, 34.65794066317621, 3.652667955575324]</VALUES>
		<LCS_MIN>[62.0, 45.0, 33.0, 63.0, 54.0, 25.0]</LCS_MIN>
		<LCS_MAX>[72.0, 57.0, 49.0, 93.0, 80.0, 45.0]</LCS_MAX>
		<WAVELENGTH>[0.485, 0.56, 0.66, 0.835, 1.65, 2.22]</WAVELENGTH>
		<MEAN_VALUE>[67.23385689354268, 51.98952879581152, 40.51483420593373, 76.65794066317628, 69.47643979057601, 34.65794066317621]</MEAN_VALUE>
		<CHECKBOX>2</CHECKBOX>
		<SD>[1.6797028617522851, 2.1795244100622875, 2.830624074545296, 7.401117359393035, 6.157747703819684, 3.652667955575324]</SD>
		<WAVELENGTH_UNIT>E-6m</WAVELENGTH_UNIT>
		<COLOR>#45f442</COLOR>
		<COVARIANCE_MATRIX>[[2.826334238052368, 2.112592935562134, 3.3182032108306885, 0.2689439654350281, 5.687337398529053, 3.9297831058502197], [2.112592935562134, 4.758631229400635, 4.38477087020874, 8.492915153503418, 10.91234016418457, 5.445712566375732], [3.3182032108306885, 4.38477087020874, 8.026440620422363, 1.3145235776901245, 11.958828926086426, 8.160677909851074], [0.2689439654350281, 8.492915153503418, 1.3145235776901245, 54.8723030090332, 24.311857223510742, 3.9369866847991943], [5.687337398529053, 10.91234016418457, 11.958828926086426, 24.311857223510742, 37.98414611816406, 18.974445343017578], [3.9297831058502197, 5.445712566375732, 8.160677909851074, 3.9369866847991943, 18.974445343017578, 13.36530876159668]]</COVARIANCE_MATRIX>
		<ROI_SIZE>573</ROI_SIZE>
		<MAX_VALUE>[72.0, 57.0, 49.0, 93.0, 80.0, 45.0]</MAX_VALUE>
		<MIN_VALUE>[62.0, 45.0, 33.0, 63.0, 54.0, 25.0]</MIN_VALUE>
		<SIGNATURE_THRESHOLD_MD>0.0</SIGNATURE_THRESHOLD_MD>
		<SIGNATURE_THRESHOLD_ML>0.0</SIGNATURE_THRESHOLD_ML>
		<SIGNATURE_THRESHOLD_SAM>0.0</SIGNATURE_THRESHOLD_SAM>
	</signature>
	<signature ID="20200602_153038262714_411">
		<MACROCLASSID>2</MACROCLASSID>
		<MACROCLASSINFO>vegetation</MACROCLASSINFO>
		<CLASSID>21</CLASSID>
		<CLASSINFO>C 1</CLASSINFO>
		<VALUES>[67.76572008113587, 2.121770027939611, 52.651115618661244, 2.8154859669406997, 41.048681541582134, 3.97375559839619, 84.79716024340772, 6.528408201057619, 70.22819472616631, 7.1499199407291485, 34.151115618661265, 4.493683167577283]</VALUES>
		<LCS_MIN>[62.0, 45.0, 32.0, 68.0, 54.0, 21.0]</LCS_MIN>
		<LCS_MAX>[75.0, 61.0, 54.0, 98.0, 84.0, 48.0]</LCS_MAX>
		<WAVELENGTH>[0.485, 0.56, 0.66, 0.835, 1.65, 2.22]</WAVELENGTH>
		<MEAN_VALUE>[67.76572008113587, 52.651115618661244, 41.048681541582134, 84.79716024340772, 70.22819472616631, 34.151115618661265]</MEAN_VALUE>
		<CHECKBOX>2</CHECKBOX>
		<SD>[2.121770027939611, 2.8154859669406997, 3.97375559839619, 6.528408201057619, 7.1499199407291485, 4.493683167577283]</SD>
		<WAVELENGTH_UNIT>E-6m</WAVELENGTH_UNIT>
		<COLOR>#2bdf4f</COLOR>
		<COVARIANCE_MATRIX>[[4.506478309631348, 4.493814945220947, 6.560655117034912, -1.940970540046692, 10.727627754211426, 6.749145030975342], [4.493814945220947, 7.935009002685547, 9.208879470825195, 0.41748541593551636, 15.70507526397705, 9.297445297241211], [6.560655117034912, 9.208879470825195, 15.806764602661133, -7.604328632354736, 21.146240234375, 14.819031715393066], [-1.940970540046692, 0.41748541593551636, -7.604328632354736, 42.66338348388672, 3.844303607940674, -5.645458698272705], [10.727627754211426, 15.70507526397705, 21.146240234375, 3.844303607940674, 51.173255920410156, 28.211166381835938], [6.749145030975342, 9.297445297241211, 14.819031715393066, -5.645458698272705, 28.211166381835938, 20.21368980407715]]</COVARIANCE_MATRIX>
		<ROI_SIZE>986</ROI_SIZE>
		<MAX_VALUE>[75.0, 61.0, 54.0, 98.0, 84.0, 48.0]</MAX_VALUE>
		<MIN_VALUE>[62.0, 45.0, 32.0, 68.0, 54.0, 21.0]</MIN_VALUE>
		<SIGNATURE_THRESHOLD_MD>0.0</SIGNATURE_THRESHOLD_MD>
		<SIGNATURE_THRESHOLD_ML>0.0</SIGNATURE_THRESHOLD_ML>
		<SIGNATURE_THRESHOLD_SAM>0.0</SIGNATURE_THRESHOLD_SAM>
	</signature>
	<signature ID="20200602_153553082079_832">
		<MACROCLASSID>2</MACROCLASSID>
		<MACROCLASSINFO>vegetation</MACROCLASSINFO>
		<CLASSID>22</CLASSID>
		<CLASSINFO>C 1</CLASSINFO>
		<VALUES>[67.08205128205132, 1.6743727175781777, 54.246153846153824, 2.4726033362394957, 40.235897435897414, 3.339851614966363, 99.50769230769225, 7.574159329348111, 76.46153846153847, 6.449194558520374, 34.83589743589741, 3.8141092436916333]</VALUES>
		<LCS_MIN>[62.0, 48.0, 34.0, 84.0, 60.0, 27.0]</LCS_MIN>
		<LCS_MAX>[71.0, 61.0, 50.0, 114.0, 90.0, 45.0]</LCS_MAX>
		<WAVELENGTH>[0.485, 0.56, 0.66, 0.835, 1.65, 2.22]</WAVELENGTH>
		<MEAN_VALUE>[67.08205128205132, 54.246153846153824, 40.235897435897414, 99.50769230769225, 76.46153846153847, 34.83589743589741]</MEAN_VALUE>
		<CHECKBOX>2</CHECKBOX>
		<SD>[1.6743727175781777, 2.4726033362394957, 3.339851614966363, 7.574159329348111, 6.449194558520374, 3.8141092436916333]</SD>
		<WAVELENGTH_UNIT>E-6m</WAVELENGTH_UNIT>
		<COLOR>#0ed58d</COLOR>
		<COVARIANCE_MATRIX>[[2.8179750442504883, 2.6394925117492676, 4.0991010665893555, -0.24805709719657898, 6.900079250335693, 4.199101448059082], [2.6394925117492676, 6.1452813148498535, 6.173592567443848, 6.400158405303955, 13.74662971496582, 6.958128452301025], [4.0991010665893555, 6.173592567443848, 11.212106704711914, -2.72347354888916, 17.019428253173828, 10.786334037780762], [-0.24805709719657898, 6.400158405303955, -2.72347354888916, 57.66360092163086, 12.609833717346191, -2.5915145874023438], [6.900079250335693, 13.74662971496582, 17.019428253173828, 12.609833717346191, 41.80650329589844, 21.473037719726562], [4.199101448059082, 6.958128452301025, 10.786334037780762, -2.5915145874023438, 21.473037719726562, 14.622416496276855]]</COVARIANCE_MATRIX>
		<ROI_SIZE>195</ROI_SIZE>
		<MAX_VALUE>[71.0, 61.0, 50.0, 114.0, 90.0, 45.0]</MAX_VALUE>
		<MIN_VALUE>[62.0, 48.0, 34.0, 84.0, 60.0, 27.0]</MIN_VALUE>
		<SIGNATURE_THRESHOLD_MD>0.0</SIGNATURE_THRESHOLD_MD>
		<SIGNATURE_THRESHOLD_ML>0.0</SIGNATURE_THRESHOLD_ML>
		<SIGNATURE_THRESHOLD_SAM>0.0</SIGNATURE_THRESHOLD_SAM>
	</signature>
	<signature ID="20200602_153559533037_378">
		<MACROCLASSID>2</MACROCLASSID>
		<MACROCLASSINFO>vegetation</MACROCLASSINFO>
		<CLASSID>23</CLASSID>
		<CLASSINFO>C 1</CLASSINFO>
		<VALUES>[70.98596491228075, 2.278768411325085, 57.768421052631616, 3.0772029846403726, 46.8035087719298, 5.326858951109066, 93.61754385964912, 7.26667767922113, 87.4877192982456, 7.785097553737301, 42.45614035087722, 6.066503300591794]</VALUES>
		<LCS_MIN>[66.0, 52.0, 38.0, 82.0, 77.0, 34.0]</LCS_MIN>
		<LCS_MAX>[77.0, 66.0, 61.0, 112.0, 107.0, 59.0]</LCS_MAX>
		<WAVELENGTH>[0.485, 0.56, 0.66, 0.835, 1.65, 2.22]</WAVELENGTH>
		<MEAN_VALUE>[70.98596491228075, 57.768421052631616, 46.8035087719298, 93.61754385964912, 87.4877192982456, 42.45614035087722]</MEAN_VALUE>
		<CHECKBOX>2</CHECKBOX>
		<SD>[2.278768411325085, 3.0772029846403726, 5.326858951109066, 7.26667767922113, 7.785097553737301, 6.066503300591794]</SD>
		<WAVELENGTH_UNIT>E-6m</WAVELENGTH_UNIT>
		<COLOR>#4c8795</COLOR>
		<COVARIANCE_MATRIX>[[5.2110700607299805, 5.236175060272217, 9.962020874023438, -7.593414783477783, 12.704051971435547, 10.383185386657715], [5.236175060272217, 9.502520561218262, 13.785322189331055, -6.095922946929932, 16.039400100708008, 12.588398933410645], [9.962020874023438, 13.785322189331055, 28.475339889526367, -19.666963577270508, 33.27574920654297, 27.917407989501953], [-7.593414783477783, -6.095922946929932, -19.666963577270508, 52.990535736083984, -16.333938598632812, -21.148876190185547], [12.704051971435547, 16.039400100708008, 33.27574920654297, -16.333938598632812, 60.82115173339844, 43.30843734741211], [10.383185386657715, 12.588398933410645, 27.917407989501953, -21.148876190185547, 43.30843734741211, 36.93204879760742]]</COVARIANCE_MATRIX>
		<ROI_SIZE>285</ROI_SIZE>
		<MAX_VALUE>[77.0, 66.0, 61.0, 112.0, 107.0, 59.0]</MAX_VALUE>
		<MIN_VALUE>[66.0, 52.0, 38.0, 82.0, 77.0, 34.0]</MIN_VALUE>
		<SIGNATURE_THRESHOLD_MD>0.0</SIGNATURE_THRESHOLD_MD>
		<SIGNATURE_THRESHOLD_ML>0.0</SIGNATURE_THRESHOLD_ML>
		<SIGNATURE_THRESHOLD_SAM>0.0</SIGNATURE_THRESHOLD_SAM>
	</signature>
	<signature ID="20200602_153606507971_268">
		<MACROCLASSID>2</MACROCLASSID>
		<MACROCLASSINFO>vegetation</MACROCLASSINFO>
		<CLASSID>24</CLASSID>
		<CLASSINFO>C 1</CLASSINFO>
		<VALUES>[68.06129032258066, 1.351027666046286, 56.18387096774192, 2.034000788878197, 38.68387096774191, 2.0438888888103213, 111.94193548387092, 5.951674971264775, 81.62258064516134, 5.732432331658593, 35.35483870967743, 2.712556074601298]</VALUES>
		<LCS_MIN>[64.0, 52.0, 33.0, 101.0, 66.0, 27.0]</LCS_MIN>
		<LCS_MAX>[72.0, 64.0, 45.0, 128.0, 94.0, 43.0]</LCS_MAX>
		<WAVELENGTH>[0.485, 0.56, 0.66, 0.835, 1.65, 2.22]</WAVELENGTH>
		<MEAN_VALUE>[68.06129032258066, 56.18387096774192, 38.68387096774191, 111.94193548387092, 81.62258064516134, 35.35483870967743]</MEAN_VALUE>
		<CHECKBOX>2</CHECKBOX>
		<SD>[1.351027666046286, 2.034000788878197, 2.0438888888103213, 5.951674971264775, 5.732432331658593, 2.712556074601298]</SD>
		<WAVELENGTH_UNIT>E-6m</WAVELENGTH_UNIT>
		<COLOR>#2c89eb</COLOR>
		<COVARIANCE_MATRIX>[[1.831182837486267, 1.3673348426818848, 1.3042279481887817, 1.0488777160644531, 3.651038646697998, 1.7063367366790771], [1.3673348426818848, 4.150547981262207, 2.699091672897339, 3.2178306579589844, 8.286449432373047, 3.562376022338867], [1.3042279481887817, 2.699091672897339, 4.191000938415527, -0.5847583413124084, 6.886773109436035, 3.549431085586548], [1.0488777160644531, 3.2178306579589844, -0.5847583413124084, 35.537071228027344, 16.757949829101562, 4.059504985809326], [3.651038646697998, 8.286449432373047, 6.886773109436035, 16.757949829101562, 32.967124938964844, 13.435327529907227], [1.7063367366790771, 3.562376022338867, 3.549431085586548, 4.059504985809326, 13.435327529907227, 7.381772518157959]]</COVARIANCE_MATRIX>
		<ROI_SIZE>310</ROI_SIZE>
		<MAX_VALUE>[72.0, 64.0, 45.0, 128.0, 94.0, 43.0]</MAX_VALUE>
		<MIN_VALUE>[64.0, 52.0, 33.0, 101.0, 66.0, 27.0]</MIN_VALUE>
		<SIGNATURE_THRESHOLD_MD>0.0</SIGNATURE_THRESHOLD_MD>
		<SIGNATURE_THRESHOLD_ML>0.0</SIGNATURE_THRESHOLD_ML>
		<SIGNATURE_THRESHOLD_SAM>0.0</SIGNATURE_THRESHOLD_SAM>
	</signature>
	<signature ID="20200602_153715573795_380">
		<MACROCLASSID>2</MACROCLASSID>
		<MACROCLASSINFO>vegetation</MACROCLASSINFO>
		<CLASSID>25</CLASSID>
		<CLASSINFO>C 1</CLASSINFO>
		<VALUES>[70.87804878048786, 2.0961069832967336, 56.44817073170731, 2.6255771156762626, 46.807926829268276, 4.434104039013111, 84.30792682926821, 7.04642691634057, 87.10670731707319, 8.064387469349425, 43.83841463414637, 5.259844421679562]</VALUES>
		<LCS_MIN>[66.0, 49.0, 38.0, 72.0, 72.0, 32.0]</LCS_MIN>
		<LCS_MAX>[79.0, 64.0, 58.0, 100.0, 102.0, 58.0]</LCS_MAX>
		<WAVELENGTH>[0.485, 0.56, 0.66, 0.835, 1.65, 2.22]</WAVELENGTH>
		<MEAN_VALUE>[70.87804878048786, 56.44817073170731, 46.807926829268276, 84.30792682926821, 87.10670731707319, 43.83841463414637]</MEAN_VALUE>
		<CHECKBOX>2</CHECKBOX>
		<SD>[2.0961069832967336, 2.6255771156762626, 4.434104039013111, 7.04642691634057, 8.064387469349425, 5.259844421679562]</SD>
		<WAVELENGTH_UNIT>E-6m</WAVELENGTH_UNIT>
		<COLOR>#05e6be</COLOR>
		<COVARIANCE_MATRIX>[[4.407100677490234, 4.210785388946533, 7.352651596069336, -1.577012062072754, 8.991645812988281, 7.215708255767822], [4.210785388946533, 6.914736747741699, 9.814173698425293, 2.10622239112854, 14.976495742797852, 10.094045639038086], [7.352651596069336, 9.814173698425293, 19.721405029296875, -5.564527988433838, 23.638296127319336, 19.259387969970703], [-1.577012062072754, 2.10622239112854, -5.564527988433838, 49.80397415161133, 18.804962158203125, -2.460794687271118], [8.991645812988281, 14.976495742797852, 23.638296127319336, 18.804962158203125, 65.23323059082031, 36.390384674072266], [7.215708255767822, 10.094045639038086, 19.259387969970703, -2.460794687271118, 36.390384674072266, 27.750568389892578]]</COVARIANCE_MATRIX>
		<ROI_SIZE>328</ROI_SIZE>
		<MAX_VALUE>[79.0, 64.0, 58.0, 100.0, 102.0, 58.0]</MAX_VALUE>
		<MIN_VALUE>[66.0, 49.0, 38.0, 72.0, 72.0, 32.0]</MIN_VALUE>
		<SIGNATURE_THRESHOLD_MD>0.0</SIGNATURE_THRESHOLD_MD>
		<SIGNATURE_THRESHOLD_ML>0.0</SIGNATURE_THRESHOLD_ML>
		<SIGNATURE_THRESHOLD_SAM>0.0</SIGNATURE_THRESHOLD_SAM>
	</signature>
	<signature ID="20200602_153736999671_749">
		<MACROCLASSID>2</MACROCLASSID>
		<MACROCLASSINFO>vegetation</MACROCLASSINFO>
		<CLASSID>26</CLASSID>
		<CLASSINFO>C 1</CLASSINFO>
		<VALUES>[77.92243186582807, 3.6988666117899913, 68.41090146750527, 5.749754039469888, 49.19077568134175, 6.642036169104599, 130.89308176100604, 11.864146009035508, 98.49895178197063, 6.122311924735185, 45.20964360587004, 3.7892697557429558]</VALUES>
		<LCS_MIN>[70.0, 57.0, 39.0, 114.0, 79.0, 35.0]</LCS_MIN>
		<LCS_MAX>[90.0, 82.0, 75.0, 160.0, 117.0, 61.0]</LCS_MAX>
		<WAVELENGTH>[0.485, 0.56, 0.66, 0.835, 1.65, 2.22]</WAVELENGTH>
		<MEAN_VALUE>[77.92243186582807, 68.41090146750527, 49.19077568134175, 130.89308176100604, 98.49895178197063, 45.20964360587004]</MEAN_VALUE>
		<CHECKBOX>2</CHECKBOX>
		<SD>[3.6988666117899913, 5.749754039469888, 6.642036169104599, 11.864146009035508, 6.122311924735185, 3.7892697557429558]</SD>
		<WAVELENGTH_UNIT>E-6m</WAVELENGTH_UNIT>
		<COLOR>#b4acee</COLOR>
		<COVARIANCE_MATRIX>[[13.710356712341309, 18.821855545043945, 22.72281265258789, 3.5000925064086914, -0.881384015083313, -0.26311594247817993], [18.821855545043945, 33.12912368774414, 34.211360931396484, 21.111251831054688, 4.086565971374512, -0.32792046666145325], [22.72281265258789, 34.211360931396484, 44.209327697753906, 2.3943898677825928, 0.3688978850841522, 1.917904257774353], [3.5000925064086914, 21.111251831054688, 2.3943898677825928, 141.0536651611328, 32.01984405517578, -6.338882923126221], [-0.881384015083313, 4.086565971374512, 0.3688978850841522, 32.01984405517578, 37.56144714355469, 16.796438217163086], [-0.26311594247817993, -0.32792046666145325, 1.917904257774353, -6.338882923126221, 16.796438217163086, 14.3887300491333]]</COVARIANCE_MATRIX>
		<ROI_SIZE>477</ROI_SIZE>
		<MAX_VALUE>[90.0, 82.0, 75.0, 160.0, 117.0, 61.0]</MAX_VALUE>
		<MIN_VALUE>[70.0, 57.0, 39.0, 114.0, 79.0, 35.0]</MIN_VALUE>
		<SIGNATURE_THRESHOLD_MD>0.0</SIGNATURE_THRESHOLD_MD>
		<SIGNATURE_THRESHOLD_ML>0.0</SIGNATURE_THRESHOLD_ML>
		<SIGNATURE_THRESHOLD_SAM>0.0</SIGNATURE_THRESHOLD_SAM>
	</signature>
	<signature ID="20200602_153744546431_333">
		<MACROCLASSID>2</MACROCLASSID>
		<MACROCLASSINFO>vegetation</MACROCLASSINFO>
		<CLASSID>27</CLASSID>
		<CLASSINFO>C 1</CLASSINFO>
		<VALUES>[77.28150134048255, 2.400537450573677, 65.23056300268092, 2.590026023744053, 48.981233243967836, 4.3840035299893625, 93.75871313672931, 7.595378195044174, 79.86595174262739, 6.6075952696121565, 40.198391420911484, 3.8613083930588976]</VALUES>
		<LCS_MIN>[71.0, 60.0, 41.0, 80.0, 62.0, 31.0]</LCS_MIN>
		<LCS_MAX>[88.0, 73.0, 64.0, 116.0, 92.0, 55.0]</LCS_MAX>
		<WAVELENGTH>[0.485, 0.56, 0.66, 0.835, 1.65, 2.22]</WAVELENGTH>
		<MEAN_VALUE>[77.28150134048255, 65.23056300268092, 48.981233243967836, 93.75871313672931, 79.86595174262739, 40.198391420911484]</MEAN_VALUE>
		<CHECKBOX>2</CHECKBOX>
		<SD>[2.400537450573677, 2.590026023744053, 4.3840035299893625, 7.595378195044174, 6.6075952696121565, 3.8613083930588976]</SD>
		<WAVELENGTH_UNIT>E-6m</WAVELENGTH_UNIT>
		<COLOR>#b0b6eb</COLOR>
		<COVARIANCE_MATRIX>[[5.77807092666626, 4.593523979187012, 8.50798511505127, -5.85393762588501, 2.9625673294067383, 4.4332499504089355], [4.593523979187012, 6.7262678146362305, 9.036596298217773, -3.9576594829559326, 4.592817783355713, 4.599296569824219], [8.50798511505127, 9.036596298217773, 19.27115249633789, -13.499163627624512, 4.9732842445373535, 8.796744346618652], [-5.85393762588501, -3.9576594829559326, -13.499163627624512, 57.8448486328125, 29.311655044555664, 5.763051509857178], [2.9625673294067383, 4.592817783355713, 4.9732842445373535, 29.311655044555664, 43.77768325805664, 20.15838623046875], [4.4332499504089355, 4.599296569824219, 8.796744346618652, 5.763051509857178, 20.15838623046875, 14.949782371520996]]</COVARIANCE_MATRIX>
		<ROI_SIZE>373</ROI_SIZE>
		<MAX_VALUE>[88.0, 73.0, 64.0, 116.0, 92.0, 55.0]</MAX_VALUE>
		<MIN_VALUE>[71.0, 60.0, 41.0, 80.0, 62.0, 31.0]</MIN_VALUE>
		<SIGNATURE_THRESHOLD_MD>0.0</SIGNATURE_THRESHOLD_MD>
		<SIGNATURE_THRESHOLD_ML>0.0</SIGNATURE_THRESHOLD_ML>
		<SIGNATURE_THRESHOLD_SAM>0.0</SIGNATURE_THRESHOLD_SAM>
	</signature>
	<signature ID="20200602_153803572867_727">
		<MACROCLASSID>2</MACROCLASSID>
		<MACROCLASSINFO>vegetation</MACROCLASSINFO>
		<CLASSID>28</CLASSID>
		<CLASSINFO>C 1</CLASSINFO>
		<VALUES>[72.79400749063674, 3.2450887189646145, 58.960049937578006, 4.008219021317269, 46.966292134831455, 6.603454047152865, 102.26966292134836, 8.60593477604403, 86.72409488139822, 7.474469652774601, 42.735330836454445, 6.457958743499721]</VALUES>
		<LCS_MIN>[67.0, 51.0, 37.0, 80.0, 75.0, 32.0]</LCS_MIN>
		<LCS_MAX>[88.0, 79.0, 69.0, 120.0, 113.0, 65.0]</LCS_MAX>
		<WAVELENGTH>[0.485, 0.56, 0.66, 0.835, 1.65, 2.22]</WAVELENGTH>
		<MEAN_VALUE>[72.79400749063674, 58.960049937578006, 46.966292134831455, 102.26966292134836, 86.72409488139822, 42.735330836454445]</MEAN_VALUE>
		<CHECKBOX>2</CHECKBOX>
		<SD>[3.2450887189646145, 4.008219021317269, 6.603454047152865, 8.60593477604403, 7.474469652774601, 6.457958743499721]</SD>
		<WAVELENGTH_UNIT>E-6m</WAVELENGTH_UNIT>
		<COLOR>#f9d674</COLOR>
		<COVARIANCE_MATRIX>[[10.543764114379883, 11.316760063171387, 19.034297943115234, -13.579381942749023, 13.293094635009766, 16.81041145324707], [11.316760063171387, 16.085901260375977, 23.882402420043945, -13.535463333129883, 17.51021385192871, 20.315662384033203], [19.034297943115234, 23.882402420043945, 43.66011047363281, -32.4734001159668, 30.10818862915039, 37.272315979003906], [-13.579381942749023, -13.535463333129883, -32.4734001159668, 74.15469360351562, -1.7505055665969849, -25.083539962768555], [13.293094635009766, 17.51021385192871, 30.10818862915039, -1.7505055665969849, 55.937530517578125, 38.628135681152344], [16.81041145324707, 20.315662384033203, 37.272315979003906, -25.083539962768555, 38.628135681152344, 41.757362365722656]]</COVARIANCE_MATRIX>
		<ROI_SIZE>801</ROI_SIZE>
		<MAX_VALUE>[88.0, 79.0, 69.0, 120.0, 113.0, 65.0]</MAX_VALUE>
		<MIN_VALUE>[67.0, 51.0, 37.0, 80.0, 75.0, 32.0]</MIN_VALUE>
		<SIGNATURE_THRESHOLD_MD>0.0</SIGNATURE_THRESHOLD_MD>
		<SIGNATURE_THRESHOLD_ML>0.0</SIGNATURE_THRESHOLD_ML>
		<SIGNATURE_THRESHOLD_SAM>0.0</SIGNATURE_THRESHOLD_SAM>
	</signature>
	<signature ID="20200602_153825588529_446">
		<MACROCLASSID>2</MACROCLASSID>
		<MACROCLASSINFO>vegetation</MACROCLASSINFO>
		<CLASSID>29</CLASSID>
		<CLASSINFO>C 1</CLASSINFO>
		<VALUES>[68.40684178375078, 1.8374777824814463, 50.986560781918115, 2.292547797652598, 37.44593769089796, 2.330702029890279, 83.52718387293835, 8.188600040774162, 62.03359804520469, 8.486690579187783, 29.827733659132544, 4.011241145012662]</VALUES>
		<LCS_MIN>[63.0, 44.0, 31.0, 61.0, 37.0, 19.0]</LCS_MIN>
		<LCS_MAX>[79.0, 63.0, 52.0, 101.0, 77.0, 45.0]</LCS_MAX>
		<WAVELENGTH>[0.485, 0.56, 0.66, 0.835, 1.65, 2.22]</WAVELENGTH>
		<MEAN_VALUE>[68.40684178375078, 50.986560781918115, 37.44593769089796, 83.52718387293835, 62.03359804520469, 29.827733659132544]</MEAN_VALUE>
		<CHECKBOX>2</CHECKBOX>
		<SD>[1.8374777824814463, 2.292547797652598, 2.330702029890279, 8.188600040774162, 8.486690579187783, 4.011241145012662]</SD>
		<WAVELENGTH_UNIT>E-6m</WAVELENGTH_UNIT>
		<COLOR>#5f291a</COLOR>
		<COVARIANCE_MATRIX>[[3.3783884048461914, 2.7261312007904053, 2.856971502304077, 4.690645217895508, 10.845124244689941, 5.125751495361328], [2.7261312007904053, 5.258987903594971, 4.03350305557251, 11.411734580993652, 14.928324699401855, 6.712231159210205], [2.856971502304077, 4.03350305557251, 5.435492515563965, 6.643738269805908, 13.767404556274414, 6.866598129272461], [4.690645217895508, 11.411734580993652, 6.643738269805908, 67.09415435791016, 43.78362274169922, 14.785247802734375], [10.845124244689941, 14.928324699401855, 13.767404556274414, 43.78362274169922, 72.06793975830078, 31.466060638427734], [5.125751495361328, 6.712231159210205, 6.866598129272461, 14.785247802734375, 31.466060638427734, 16.099889755249023]]</COVARIANCE_MATRIX>
		<ROI_SIZE>1637</ROI_SIZE>
		<MAX_VALUE>[79.0, 63.0, 52.0, 101.0, 77.0, 45.0]</MAX_VALUE>
		<MIN_VALUE>[63.0, 44.0, 31.0, 61.0, 37.0, 19.0]</MIN_VALUE>
		<SIGNATURE_THRESHOLD_MD>0.0</SIGNATURE_THRESHOLD_MD>
		<SIGNATURE_THRESHOLD_ML>0.0</SIGNATURE_THRESHOLD_ML>
		<SIGNATURE_THRESHOLD_SAM>0.0</SIGNATURE_THRESHOLD_SAM>
	</signature>
	<signature ID="20200602_153840076480_878">
		<MACROCLASSID>2</MACROCLASSID>
		<MACROCLASSINFO>vegetation</MACROCLASSINFO>
		<CLASSID>30</CLASSID>
		<CLASSINFO>C 1</CLASSINFO>
		<VALUES>[72.91727748691088, 3.0200837201851938, 56.65130890052361, 2.9793154039658516, 41.57591623036647, 3.2225069219619336, 108.70785340314121, 8.559461933196452, 72.63350785340312, 6.453517061212615, 32.596858638743505, 2.915168953446337]</VALUES>
		<LCS_MIN>[66.0, 50.0, 35.0, 80.0, 45.0, 23.0]</LCS_MIN>
		<LCS_MAX>[89.0, 72.0, 58.0, 120.0, 82.0, 43.0]</LCS_MAX>
		<WAVELENGTH>[0.485, 0.56, 0.66, 0.835, 1.65, 2.22]</WAVELENGTH>
		<MEAN_VALUE>[72.91727748691088, 56.65130890052361, 41.57591623036647, 108.70785340314121, 72.63350785340312, 32.596858638743505]</MEAN_VALUE>
		<CHECKBOX>2</CHECKBOX>
		<SD>[3.0200837201851938, 2.9793154039658516, 3.2225069219619336, 8.559461933196452, 6.453517061212615, 2.915168953446337]</SD>
		<WAVELENGTH_UNIT>E-6m</WAVELENGTH_UNIT>
		<COLOR>#47a84e</COLOR>
		<COVARIANCE_MATRIX>[[9.13046646118164, 7.389364242553711, 8.394651412963867, 5.135136604309082, 6.914095401763916, 4.874372959136963], [7.389364242553711, 8.885624885559082, 8.167484283447266, 11.544775009155273, 10.912954330444336, 5.9965972900390625], [8.394651412963867, 8.167484283447266, 10.39543628692627, 7.0415940284729, 8.962862014770508, 5.915857315063477], [5.135136604309082, 11.544775009155273, 7.0415940284729, 73.3411865234375, 46.59722137451172, 15.832834243774414], [6.914095401763916, 10.912954330444336, 8.962862014770508, 46.59722137451172, 41.6915397644043, 15.821698188781738], [4.874372959136963, 5.9965972900390625, 5.915857315063477, 15.832834243774414, 15.821698188781738, 8.507118225097656]]</COVARIANCE_MATRIX>
		<ROI_SIZE>955</ROI_SIZE>
		<MAX_VALUE>[89.0, 72.0, 58.0, 120.0, 82.0, 43.0]</MAX_VALUE>
		<MIN_VALUE>[66.0, 50.0, 35.0, 80.0, 45.0, 23.0]</MIN_VALUE>
		<SIGNATURE_THRESHOLD_MD>0.0</SIGNATURE_THRESHOLD_MD>
		<SIGNATURE_THRESHOLD_ML>0.0</SIGNATURE_THRESHOLD_ML>
		<SIGNATURE_THRESHOLD_SAM>0.0</SIGNATURE_THRESHOLD_SAM>
	</signature>
	<signature ID="20200602_153909362108_940">
		<MACROCLASSID>3</MACROCLASSID>
		<MACROCLASSINFO>bare land</MACROCLASSINFO>
		<CLASSID>31</CLASSID>
		<CLASSINFO>C 1</CLASSINFO>
		<VALUES>[99.8385214007782, 5.029407155435437, 86.52334630350194, 5.254647719342655, 99.19066147859913, 8.356515570543372, 71.18871595330745, 5.196282447049233, 142.03891050583675, 7.872923330644166, 93.75486381322959, 6.063720147257351]</VALUES>
		<LCS_MIN>[86.0, 68.0, 72.0, 57.0, 117.0, 76.0]</LCS_MIN>
		<LCS_MAX>[116.0, 104.0, 112.0, 84.0, 157.0, 108.0]</LCS_MAX>
		<WAVELENGTH>[0.485, 0.56, 0.66, 0.835, 1.65, 2.22]</WAVELENGTH>
		<MEAN_VALUE>[99.8385214007782, 86.52334630350194, 99.19066147859913, 71.18871595330745, 142.03891050583675, 93.75486381322959]</MEAN_VALUE>
		<CHECKBOX>2</CHECKBOX>
		<SD>[5.029407155435437, 5.254647719342655, 8.356515570543372, 5.196282447049233, 7.872923330644166, 6.063720147257351]</SD>
		<WAVELENGTH_UNIT>E-6m</WAVELENGTH_UNIT>
		<COLOR>#087e55</COLOR>
		<COVARIANCE_MATRIX>[[25.3442440032959, 23.932626724243164, 34.701412200927734, -6.838862895965576, 5.207075119018555, 15.638701438903809], [23.932626724243164, 27.665145874023438, 40.63491439819336, -2.038527488708496, 8.876282691955566, 15.348814010620117], [34.701412200927734, 40.63491439819336, 69.96747589111328, -2.2446279525756836, 18.998414993286133, 26.078018188476562], [-6.838862895965576, -2.038527488708496, -2.2446279525756836, 27.053985595703125, 15.047223091125488, -5.879574775695801], [5.207075119018555, 8.876282691955566, 18.998414993286133, 15.047223091125488, 62.10374450683594, 34.29220962524414], [15.638701438903809, 15.348814010620117, 26.078018188476562, -5.879574775695801, 34.29220962524414, 36.84037780761719]]</COVARIANCE_MATRIX>
		<ROI_SIZE>514</ROI_SIZE>
		<MAX_VALUE>[116.0, 104.0, 112.0, 84.0, 157.0, 108.0]</MAX_VALUE>
		<MIN_VALUE>[86.0, 68.0, 72.0, 57.0, 117.0, 76.0]</MIN_VALUE>
		<SIGNATURE_THRESHOLD_MD>0.0</SIGNATURE_THRESHOLD_MD>
		<SIGNATURE_THRESHOLD_ML>0.0</SIGNATURE_THRESHOLD_ML>
		<SIGNATURE_THRESHOLD_SAM>0.0</SIGNATURE_THRESHOLD_SAM>
	</signature>
	<signature ID="20200602_153916895014_141">
		<MACROCLASSID>3</MACROCLASSID>
		<MACROCLASSINFO>bare land</MACROCLASSINFO>
		<CLASSID>32</CLASSID>
		<CLASSINFO>C 1</CLASSINFO>
		<VALUES>[106.2696335078534, 5.24909060902024, 94.2958115183246, 5.78985692306861, 111.40575916230371, 7.682867887621549, 74.24083769633512, 4.577958498097893, 160.7303664921465, 8.424786999760752, 109.60732984293196, 6.38615556674102]</VALUES>
		<LCS_MIN>[90.0, 78.0, 91.0, 64.0, 143.0, 92.0]</LCS_MIN>
		<LCS_MAX>[118.0, 108.0, 129.0, 86.0, 183.0, 125.0]</LCS_MAX>
