<?xml version="1.0" ?>
<signaturelist MCID_LIST="[['1', 'waterbody', '#0000ff'], ['2', 'vegetation', '#00ff00'], ['3', 'bare land', '#ffaa00'], ['4', 'built-up', '#ff0000']]">
	<signature ID="20200821_212537780960_162">
		<MACROCLASSID>1</MACROCLASSID>
		<MACROCLASSINFO>waterbody</MACROCLASSINFO>
		<CLASSID>1</CLASSID>
		<CLASSINFO>C 1</CLASSINFO>
		<VALUES>[0.13759128959459624, 0.00406265771935603, 0.11651033280027466, 0.006184502560319963, 0.11018087866521156, 0.007988429661347161, 0.09852261052921761, 0.007724933924852354, 0.03274776080764051, 0.009811283636091262, 0.01968439477549996, 0.0061371175124324585]</VALUES>
		<LCS_MIN>[0.1230892688035965, 0.09960571676492691, 0.08778213709592819, 0.0782221108675003, 0.01466499175876379, 0.007981838658452034]</LCS_MIN>
		<LCS_MAX>[0.14798879623413086, 0.13817010819911957, 0.13542760908603668, 0.11950314044952393, 0.05403507500886917, 0.03771359473466873]</LCS_MAX>
		<WAVELENGTH>[0.485, 0.56, 0.66, 0.835, 1.65, 2.22]</WAVELENGTH>
		<MEAN_VALUE>[0.13759128959459624, 0.11651033280027466, 0.11018087866521156, 0.09852261052921761, 0.03274776080764051, 0.01968439477549996]</MEAN_VALUE>
		<CHECKBOX>2</CHECKBOX>
		<SD>[0.00406265771935603, 0.006184502560319963, 0.007988429661347161, 0.007724933924852354, 0.009811283636091262, 0.0061371175124324585]</SD>
		<WAVELENGTH_UNIT>E-6m</WAVELENGTH_UNIT>
		<COLOR>#a663c0</COLOR>
		<COVARIANCE_MATRIX>[[1.6553307432332076e-05, 2.1961761376587674e-05, 2.8569496862473898e-05, 2.3469079678761773e-05, -5.860157216375228e-06, -2.109757133439416e-06], [2.1961761376587674e-05, 3.8359583413694054e-05, 4.677663673646748e-05, 3.9365819247905165e-05, -1.4998470760474447e-05, -6.804760687373346e-06], [2.8569496862473898e-05, 4.677663673646748e-05, 6.400105485226959e-05, 5.05553834955208e-05, -1.797966251615435e-05, -8.290599907923024e-06], [2.3469079678761773e-05, 3.9365819247905165e-05, 5.05553834955208e-05, 5.9848582168342546e-05, 5.9376179706305265e-06, 3.950810878450284e-06], [-5.860157216375228e-06, -1.4998470760474447e-05, -1.797966251615435e-05, 5.9376179706305265e-06, 9.654193127062172e-05, 5.4003598052076995e-05], [-2.109757133439416e-06, -6.804760687373346e-06, -8.290599907923024e-06, 3.950810878450284e-06, 5.4003598052076995e-05, 3.777401798288338e-05]]</COVARIANCE_MATRIX>
		<ROI_SIZE>344</ROI_SIZE>
		<MAX_VALUE>[0.14798879623413086, 0.13817010819911957, 0.13542760908603668, 0.11950314044952393, 0.05403507500886917, 0.03771359473466873]</MAX_VALUE>
		<MIN_VALUE>[0.1230892688035965, 0.09960571676492691, 0.08778213709592819, 0.0782221108675003, 0.01466499175876379, 0.007981838658452034]</MIN_VALUE>
		<SIGNATURE_THRESHOLD_MD>0.0</SIGNATURE_THRESHOLD_MD>
		<SIGNATURE_THRESHOLD_ML>0.0</SIGNATURE_THRESHOLD_ML>
		<SIGNATURE_THRESHOLD_SAM>0.0</SIGNATURE_THRESHOLD_SAM>
	</signature>
	<signature ID="20200821_212548712613_514">
		<MACROCLASSID>1</MACROCLASSID>
		<MACROCLASSINFO>waterbody</MACROCLASSINFO>
		<CLASSID>2</CLASSID>
		<CLASSINFO>C 1</CLASSINFO>
		<VALUES>[0.09711155895557667, 0.003078081840809166, 0.06936569004837012, 0.004168929639631216, 0.04667138168588283, 0.005748146353151241, 0.0398555935567452, 0.008949728929201437, 0.021341789313333324, 0.008607656601658402, 0.012083719471573, 0.004779582683336103]</VALUES>
		<LCS_MIN>[0.0908663347363472, 0.0642550140619278, 0.0401366725564003, 0.0300609041005373, 0.006376555655151606, 0.004017604980617762]</LCS_MIN>
		<LCS_MAX>[0.10404843837022781, 0.0851440578699112, 0.06991510093212128, 0.06446176022291183, 0.05403507500886917, 0.029785122722387314]</LCS_MAX>
		<WAVELENGTH>[0.485, 0.56, 0.66, 0.835, 1.65, 2.22]</WAVELENGTH>
		<MEAN_VALUE>[0.09711155895557667, 0.06936569004837012, 0.04667138168588283, 0.0398555935567452, 0.021341789313333324, 0.012083719471573]</MEAN_VALUE>
		<CHECKBOX>2</CHECKBOX>
		<SD>[0.003078081840809166, 0.004168929639631216, 0.005748146353151241, 0.008949728929201437, 0.008607656601658402, 0.004779582683336103]</SD>
		<WAVELENGTH_UNIT>E-6m</WAVELENGTH_UNIT>
		<COLOR>#44d61f</COLOR>
		<COVARIANCE_MATRIX>[[9.60803299676627e-06, 8.769989108259324e-06, 1.21206230687676e-05, 1.5889585483819246e-05, 1.2814331967092585e-05, 5.915932433708804e-06], [8.769989108259324e-06, 1.7624763131607324e-05, 2.011512333410792e-05, 2.8883116101496853e-05, 2.6688669095165096e-05, 8.572368642489891e-06], [1.21206230687676e-05, 2.011512333410792e-05, 3.350655606482178e-05, 3.991405537817627e-05, 3.3580003218958154e-05, 1.2680067811743356e-05], [1.5889585483819246e-05, 2.8883116101496853e-05, 3.991405537817627e-05, 8.122578583424911e-05, 5.998202686896548e-05, 2.389062319707591e-05], [1.2814331967092585e-05, 2.6688669095165096e-05, 3.3580003218958154e-05, 5.998202686896548e-05, 7.513529999414459e-05, 1.943028655659873e-05], [5.915932433708804e-06, 8.572368642489891e-06, 1.2680067811743356e-05, 2.389062319707591e-05, 1.943028655659873e-05, 2.316616337338928e-05]]</COVARIANCE_MATRIX>
		<ROI_SIZE>72</ROI_SIZE>
		<MAX_VALUE>[0.10404843837022781, 0.0851440578699112, 0.06991510093212128, 0.06446176022291183, 0.05403507500886917, 0.029785122722387314]</MAX_VALUE>
		<MIN_VALUE>[0.0908663347363472, 0.0642550140619278, 0.0401366725564003, 0.0300609041005373, 0.006376555655151606, 0.004017604980617762]</MIN_VALUE>
		<SIGNATURE_THRESHOLD_MD>0.0</SIGNATURE_THRESHOLD_MD>
		<SIGNATURE_THRESHOLD_ML>0.0</SIGNATURE_THRESHOLD_ML>
		<SIGNATURE_THRESHOLD_SAM>0.0</SIGNATURE_THRESHOLD_SAM>
	</signature>
	<signature ID="20200821_212600512591_171">
		<MACROCLASSID>1</MACROCLASSID>
		<MACROCLASSINFO>waterbody</MACROCLASSINFO>
		<CLASSID>3</CLASSID>
		<CLASSINFO>C 1</CLASSINFO>
		<VALUES>[0.14426376309145134, 0.003177907718959928, 0.10493220842971991, 0.003033657762080312, 0.043945493629655344, 0.004014083875049104, 0.027880635334027782, 0.0059848561027272176, 0.012399673163639132, 0.004763395146286632, 0.008327297726321606, 0.0037429283957327066]</VALUES>
		<LCS_MIN>[0.12162458896636963, 0.08675091713666916, 0.03715883195400238, 0.019740646705031395, 0.004304444883018732, 0.0]</LCS_MIN>
		<LCS_MAX>[0.1553121954202652, 0.1156742125749588, 0.07140401005744934, 0.057581592351198196, 0.04160241410136223, 0.035731468349695206]</LCS_MAX>
		<WAVELENGTH>[0.485, 0.56, 0.66, 0.835, 1.65, 2.22]</WAVELENGTH>
		<MEAN_VALUE>[0.14426376309145134, 0.10493220842971991, 0.043945493629655344, 0.027880635334027782, 0.012399673163639132, 0.008327297726321606]</MEAN_VALUE>
		<CHECKBOX>2</CHECKBOX>
		<SD>[0.003177907718959928, 0.003033657762080312, 0.004014083875049104, 0.0059848561027272176, 0.004763395146286632, 0.0037429283957327066]</SD>
		<WAVELENGTH_UNIT>E-6m</WAVELENGTH_UNIT>
		<COLOR>#aac494</COLOR>
		<COVARIANCE_MATRIX>[[1.0112763447978068e-05, 6.890405529702548e-06, 3.884578291035723e-06, 2.0742131709994283e-06, 2.7742528345697792e-06, 2.7739840788854053e-06], [6.890405529702548e-06, 9.215533282258548e-06, 6.824400770710781e-06, 6.662189207418123e-06, 6.180307536851615e-06, 4.60877026853268e-06], [3.884578291035723e-06, 6.824400770710781e-06, 1.6134672478074208e-05, 1.8469427232048474e-05, 1.352025992673589e-05, 9.640125426813029e-06], [2.0742131709994283e-06, 6.662189207418123e-06, 1.8469427232048474e-05, 3.586697130231187e-05, 2.333574229851365e-05, 1.6098736523417756e-05], [2.7742528345697792e-06, 6.180307536851615e-06, 1.352025992673589e-05, 2.333574229851365e-05, 2.272063647978939e-05, 1.3444143405649811e-05], [2.7739840788854053e-06, 4.60877026853268e-06, 9.640125426813029e-06, 1.6098736523417756e-05, 1.3444143405649811e-05, 1.4028470104676671e-05]]</COVARIANCE_MATRIX>
		<ROI_SIZE>740</ROI_SIZE>
		<MAX_VALUE>[0.1553121954202652, 0.1156742125749588, 0.07140401005744934, 0.057581592351198196, 0.04160241410136223, 0.035731468349695206]</MAX_VALUE>
		<MIN_VALUE>[0.12162458896636963, 0.08675091713666916, 0.03715883195400238, 0.019740646705031395, 0.004304444883018732, 0.0]</MIN_VALUE>
		<SIGNATURE_THRESHOLD_MD>0.0</SIGNATURE_THRESHOLD_MD>
		<SIGNATURE_THRESHOLD_ML>0.0</SIGNATURE_THRESHOLD_ML>
		<SIGNATURE_THRESHOLD_SAM>0.0</SIGNATURE_THRESHOLD_SAM>
	</signature>
	<signature ID="20200821_212632591751_167">
		<MACROCLASSID>1</MACROCLASSID>
		<MACROCLASSINFO>waterbody</MACROCLASSINFO>
		<CLASSID>4</CLASSID>
		<CLASSINFO>C 1</CLASSINFO>
		<VALUES>[0.11095335973160607, 0.00197765692632835, 0.08743956259318758, 0.0023559207454075986, 0.05814552768355325, 0.004404999479766621, 0.0690485443032923, 0.013358595005034888, 0.03459671104238147, 0.015406722582337738, 0.019591379777661393, 0.008806822842817306]</VALUES>
		<LCS_MIN>[0.10697780549526215, 0.08353719860315323, 0.05204804241657257, 0.057581592351198196, 0.02088131755590439, 0.009963956661522388]</LCS_MIN>
		<LCS_MAX>[0.11430118978023529, 0.09157146513462067, 0.06693725287914276, 0.09198244661092758, 0.06646773219108582, 0.03969570994377136]</LCS_MAX>
		<WAVELENGTH>[0.485, 0.56, 0.66, 0.835, 1.65, 2.22]</WAVELENGTH>
		<MEAN_VALUE>[0.11095335973160607, 0.08743956259318758, 0.05814552768355325, 0.0690485443032923, 0.03459671104238147, 0.019591379777661393]</MEAN_VALUE>
		<CHECKBOX>2</CHECKBOX>
		<SD>[0.00197765692632835, 0.0023559207454075986, 0.004404999479766621, 0.013358595005034888, 0.015406722582337738, 0.008806822842817306]</SD>
		<WAVELENGTH_UNIT>E-6m</WAVELENGTH_UNIT>
		<COLOR>#ec51be</COLOR>
		<COVARIANCE_MATRIX>[[4.1066832636715844e-06, 1.8323843278267304e-06, 4.314845682529267e-06, 1.0833029591594823e-05, 1.2096540558559354e-05, 8.149594577844255e-06], [1.8323843278267304e-06, 5.8278806136513595e-06, 5.639405571855605e-06, 1.9623368643806316e-05, 2.354484604438767e-05, 1.4537108654621989e-05], [4.314845682529267e-06, 5.639405571855605e-06, 2.0374222003738396e-05, 5.668362427968532e-05, 6.274722545640543e-05, 3.5751854738919064e-05], [1.0833029591594823e-05, 1.9623368643806316e-05, 5.668362427968532e-05, 0.00018737466598395258, 0.0002073128125630319, 0.00011353054287610576], [1.2096540558559354e-05, 2.354484604438767e-05, 6.274722545640543e-05, 0.0002073128125630319, 0.00024923545424826443, 0.00013509632844943553], [8.149594577844255e-06, 1.4537108654621989e-05, 3.5751854738919064e-05, 0.00011353054287610576, 0.00013509632844943553, 8.143813465721905e-05]]</COVARIANCE_MATRIX>
		<ROI_SIZE>21</ROI_SIZE>
		<MAX_VALUE>[0.11430118978023529, 0.09157146513462067, 0.06693725287914276, 0.09198244661092758, 0.06646773219108582, 0.03969570994377136]</MAX_VALUE>
		<MIN_VALUE>[0.10697780549526215, 0.08353719860315323, 0.05204804241657257, 0.057581592351198196, 0.02088131755590439, 0.009963956661522388]</MIN_VALUE>
		<SIGNATURE_THRESHOLD_MD>0.0</SIGNATURE_THRESHOLD_MD>
		<SIGNATURE_THRESHOLD_ML>0.0</SIGNATURE_THRESHOLD_ML>
		<SIGNATURE_THRESHOLD_SAM>0.0</SIGNATURE_THRESHOLD_SAM>
	</signature>
	<signature ID="20200821_212657835552_983">
		<MACROCLASSID>1</MACROCLASSID>
		<MACROCLASSINFO>waterbody</MACROCLASSINFO>
		<CLASSID>5</CLASSID>
		<CLASSINFO>C 1</CLASSINFO>
		<VALUES>[0.11690360746745553, 0.00292745688921874, 0.1069943475137864, 0.005069764956882021, 0.0917969093924123, 0.006649253060606234, 0.08083288797310421, 0.007125295567661241, 0.019382741144259596, 0.003848869715416238, 0.00886671242187731, 0.0023218113601700787]</VALUES>
		<LCS_MIN>[0.10697780549526215, 0.08675091713666916, 0.0654483288526535, 0.06446176022291183, 0.01466499175876379, 0.004017604980617762]</LCS_MIN>
		<LCS_MAX>[0.1230892688035965, 0.1156742125749588, 0.0982045903801918, 0.09886261820793152, 0.039530303329229355, 0.017892422154545784]</LCS_MAX>
		<WAVELENGTH>[0.485, 0.56, 0.66, 0.835, 1.65, 2.22]</WAVELENGTH>
		<MEAN_VALUE>[0.11690360746745553, 0.1069943475137864, 0.0917969093924123, 0.08083288797310421, 0.019382741144259596, 0.00886671242187731]</MEAN_VALUE>
		<CHECKBOX>2</CHECKBOX>
		<SD>[0.00292745688921874, 0.005069764956882021, 0.006649253060606234, 0.007125295567661241, 0.003848869715416238, 0.0023218113601700787]</SD>
		<WAVELENGTH_UNIT>E-6m</WAVELENGTH_UNIT>
		<COLOR>#9a7755</COLOR>
		<COVARIANCE_MATRIX>[[8.647210961498786e-06, 1.1893842383869924e-05, 1.5037820958241355e-05, -5.539146968658315e-06, -5.30655961483717e-06, -1.0419792033644626e-06], [1.1893842383869924e-05, 2.5934070436051115e-05, 3.1906922231428325e-05, -4.474345587368589e-06, -7.365380042756442e-06, -5.139195309311617e-07], [1.5037820958241355e-05, 3.1906922231428325e-05, 4.461087883100845e-05, -6.330817086563911e-06, -1.0550551451160572e-05, -1.7234397091669962e-06], [-5.539146968658315e-06, -4.474345587368589e-06, -6.330817086563911e-06, 5.1227223593741655e-05, 1.8910568542196415e-05, 4.794775577465771e-06], [-5.30655961483717e-06, -7.365380042756442e-06, -1.0550551451160572e-05, 1.8910568542196415e-05, 1.494725529482821e-05, 3.077067731283023e-06], [-1.0419792033644626e-06, -5.139195309311617e-07, -1.7234397091669962e-06, 4.794775577465771e-06, 3.077067731283023e-06, 5.439374035631772e-06]]</COVARIANCE_MATRIX>
		<ROI_SIZE>112</ROI_SIZE>
		<MAX_VALUE>[0.1230892688035965, 0.1156742125749588, 0.0982045903801918, 0.09886261820793152, 0.039530303329229355, 0.017892422154545784]</MAX_VALUE>
		<MIN_VALUE>[0.10697780549526215, 0.08675091713666916, 0.0654483288526535, 0.06446176022291183, 0.01466499175876379, 0.004017604980617762]</MIN_VALUE>
		<SIGNATURE_THRESHOLD_MD>0.0</SIGNATURE_THRESHOLD_MD>
		<SIGNATURE_THRESHOLD_ML>0.0</SIGNATURE_THRESHOLD_ML>
		<SIGNATURE_THRESHOLD_SAM>0.0</SIGNATURE_THRESHOLD_SAM>
	</signature>
	<signature ID="20200821_212707242858_540">
		<MACROCLASSID>1</MACROCLASSID>
		<MACROCLASSINFO>waterbody</MACROCLASSINFO>
		<CLASSID>6</CLASSID>
		<CLASSINFO>C 1</CLASSINFO>
		<VALUES>[0.12142567805669927, 0.00218042126891869, 0.10837394964915735, 0.002708255130052231, 0.07645899406921719, 0.003629637237451982, 0.07359285542258509, 0.009411917553305725, 0.02745579047427502, 0.004978497421851931, 0.013291954177857179, 0.003395154798361914]</VALUES>
		<LCS_MIN>[0.11723054200410843, 0.09960571676492691, 0.06991510093212128, 0.061021678149700165, 0.02088131755590439, 0.007981838658452034]</LCS_MIN>
		<LCS_MAX>[0.1318773478269577, 0.12370846420526505, 0.10118243098258972, 0.09886261820793152, 0.049890853464603424, 0.023838773369789124]</LCS_MAX>
		<WAVELENGTH>[0.485, 0.56, 0.66, 0.835, 1.65, 2.22]</WAVELENGTH>
		<MEAN_VALUE>[0.12142567805669927, 0.10837394964915735, 0.07645899406921719, 0.07359285542258509, 0.02745579047427502, 0.013291954177857179]</MEAN_VALUE>
		<CHECKBOX>2</CHECKBOX>
		<SD>[0.00218042126891869, 0.002708255130052231, 0.003629637237451982, 0.009411917553305725, 0.004978497421851931, 0.003395154798361914]</SD>
		<WAVELENGTH_UNIT>E-6m</WAVELENGTH_UNIT>
		<COLOR>#20edaf</COLOR>
		<COVARIANCE_MATRIX>[[4.813664872926893e-06, 3.001468257934903e-06, 3.880330950778443e-06, 1.3980599078422529e-06, 1.134369199462526e-06, 1.3960292335468694e-06], [3.001468257934903e-06, 7.426328920701053e-06, 7.039331194391707e-06, -2.217810788351926e-07, 8.575724450565758e-07, 6.718908025504788e-07], [3.880330950778443e-06, 7.039331194391707e-06, 1.3338944881979842e-05, 5.574136594077572e-06, 3.758903858397389e-06, 3.440806494836579e-06], [1.3980599078422529e-06, -2.217810788351926e-07, 5.574136594077572e-06, 8.969149348558858e-05, 3.553777787601575e-05, 1.824094943003729e-05], [1.134369199462526e-06, 8.575724450565758e-07, 3.758903858397389e-06, 3.553777787601575e-05, 2.5095254386542365e-05, 8.034321581362747e-06], [1.3960292335468694e-06, 6.718908025504788e-07, 3.440806494836579e-06, 1.824094943003729e-05, 8.034321581362747e-06, 1.1671164429571945e-05]]</COVARIANCE_MATRIX>
		<ROI_SIZE>81</ROI_SIZE>
		<MAX_VALUE>[0.1318773478269577, 0.12370846420526505, 0.10118243098258972, 0.09886261820793152, 0.049890853464603424, 0.023838773369789124]</MAX_VALUE>
		<MIN_VALUE>[0.11723054200410843, 0.09960571676492691, 0.06991510093212128, 0.061021678149700165, 0.02088131755590439, 0.007981838658452034]</MIN_VALUE>
		<SIGNATURE_THRESHOLD_MD>0.0</SIGNATURE_THRESHOLD_MD>
		<SIGNATURE_THRESHOLD_ML>0.0</SIGNATURE_THRESHOLD_ML>
		<SIGNATURE_THRESHOLD_SAM>0.0</SIGNATURE_THRESHOLD_SAM>
	</signature>
	<signature ID="20200821_212716804664_910">
		<MACROCLASSID>1</MACROCLASSID>
		<MACROCLASSINFO>waterbody</MACROCLASSINFO>
		<CLASSID>7</CLASSID>
		<CLASSINFO>C 1</CLASSINFO>
		<VALUES>[0.12938939851440795, 0.001857202869586527, 0.11992245881933056, 0.0026778334629655055, 0.0917186055281391, 0.0024935105123580635, 0.0755360115268459, 0.010533977394857074, 0.029198143159179662, 0.00855036109646744, 0.014362625726690033, 0.004429069537915638]</VALUES>
		<LCS_MIN>[0.12455395609140396, 0.1108536496758461, 0.08629322052001953, 0.061021678149700165, 0.01466499175876379, 0.004017604980617762]</LCS_MIN>
		<LCS_MAX>[0.13334201276302338, 0.125315323472023, 0.09671566635370255, 0.10230270028114319, 0.056107182055711746, 0.027803007513284683]</LCS_MAX>
		<WAVELENGTH>[0.485, 0.56, 0.66, 0.835, 1.65, 2.22]</WAVELENGTH>
		<MEAN_VALUE>[0.12938939851440795, 0.11992245881933056, 0.0917186055281391, 0.0755360115268459, 0.029198143159179662, 0.014362625726690033]</MEAN_VALUE>
		<CHECKBOX>2</CHECKBOX>
		<SD>[0.001857202869586527, 0.0026778334629655055, 0.0024935105123580635, 0.010533977394857074, 0.00855036109646744, 0.004429069537915638]</SD>
		<WAVELENGTH_UNIT>E-6m</WAVELENGTH_UNIT>
		<COLOR>#f9c3d6</COLOR>
		<COVARIANCE_MATRIX>[[3.497108082228806e-06, 3.3287803944404004e-06, 2.4181233584386064e-06, -5.865928869752679e-06, -4.342254271705315e-07, 1.095868242373399e-06], [3.3287803944404004e-06, 7.270386504387716e-06, 3.4803742892108858e-06, -1.1462416296126321e-05, -1.4633434375355137e-06, 6.502004907815717e-07], [2.4181233584386064e-06, 3.4803742892108858e-06, 6.303950158326188e-06, -3.862950052280212e-06, 2.243461722173379e-06, 2.2010517568560317e-06], [-5.865928869752679e-06, -1.1462416296126321e-05, -3.862950052280212e-06, 0.00011250585521338508, 7.056762115098536e-05, 2.4196091544581577e-05], [-4.342254271705315e-07, -1.4633434375355137e-06, 2.243461722173379e-06, 7.056762115098536e-05, 7.412407285301015e-05, 2.297620267199818e-05], [1.095868242373399e-06, 6.502004907815717e-07, 2.2010517568560317e-06, 2.4196091544581577e-05, 2.297620267199818e-05, 1.988911026273854e-05]]</COVARIANCE_MATRIX>
		<ROI_SIZE>73</ROI_SIZE>
		<MAX_VALUE>[0.13334201276302338, 0.125315323472023, 0.09671566635370255, 0.10230270028114319, 0.056107182055711746, 0.027803007513284683]</MAX_VALUE>
		<MIN_VALUE>[0.12455395609140396, 0.1108536496758461, 0.08629322052001953, 0.061021678149700165, 0.01466499175876379, 0.004017604980617762]</MIN_VALUE>
		<SIGNATURE_THRESHOLD_MD>0.0</SIGNATURE_THRESHOLD_MD>
		<SIGNATURE_THRESHOLD_ML>0.0</SIGNATURE_THRESHOLD_ML>
		<SIGNATURE_THRESHOLD_SAM>0.0</SIGNATURE_THRESHOLD_SAM>
	</signature>
	<signature ID="20200821_212739217532_871">
		<MACROCLASSID>1</MACROCLASSID>
		<MACROCLASSINFO>waterbody</MACROCLASSINFO>
		<CLASSID>8</CLASSID>
		<CLASSINFO>C 1</CLASSINFO>
		<VALUES>[0.11602875876885195, 0.0030736179420544985, 0.10446746876606573, 0.0029220945959142156, 0.0886984022381978, 0.00527346761372933, 0.12726538456403294, 0.04081322073641015, 0.0985057265139543, 0.04558603397847921, 0.049962056776843004, 0.021309661496882227]</VALUES>
		<LCS_MIN>[0.10990715771913528, 0.09960571676492691, 0.0803375393152237, 0.07134193181991577, 0.02709764800965786, 0.011946071870625019]</LCS_MIN>
		<LCS_MAX>[0.1230892688035965, 0.11246050894260406, 0.10416027903556824, 0.21238546073436737, 0.18250584602355957, 0.08330228179693222]</LCS_MAX>
		<WAVELENGTH>[0.485, 0.56, 0.66, 0.835, 1.65, 2.22]</WAVELENGTH>
		<MEAN_VALUE>[0.11602875876885195, 0.10446746876606573, 0.0886984022381978, 0.12726538456403294, 0.0985057265139543, 0.049962056776843004]</MEAN_VALUE>
		<CHECKBOX>2</CHECKBOX>
		<SD>[0.0030736179420544985, 0.0029220945959142156, 0.00527346761372933, 0.04081322073641015, 0.04558603397847921, 0.021309661496882227]</SD>
		<WAVELENGTH_UNIT>E-6m</WAVELENGTH_UNIT>
		<COLOR>#03004d</COLOR>
		<COVARIANCE_MATRIX>[[9.695735570858233e-06, 5.253323251963593e-06, 1.0656729500624351e-05, -2.728737126744818e-05, -1.319660987064708e-05, 3.6475632896326715e-06], [5.253323251963593e-06, 8.763337973505259e-06, 1.0664417459338438e-05, -8.037894986046012e-06, 1.082447670341935e-05, 1.1048508895328268e-05], [1.0656729500624351e-05, 1.0664417459338438e-05, 2.854128797480371e-05, 8.449254528386518e-05, 0.00013452503480948508, 6.894136458868161e-05], [-2.728737126744818e-05, -8.037894986046012e-06, 8.449254528386518e-05, 0.0017095536459237337, 0.001699780928902328, 0.0007351952372118831], [-1.319660987064708e-05, 1.082447670341935e-05, 0.00013452503480948508, 0.001699780928902328, 0.00213277293369174, 0.0009160885238088667], [3.6475632896326715e-06, 1.1048508895328268e-05, 6.894136458868161e-05, 0.0007351952372118831, 0.0009160885238088667, 0.00046605171519331634]]</COVARIANCE_MATRIX>
		<ROI_SIZE>39</ROI_SIZE>
		<MAX_VALUE>[0.1230892688035965, 0.11246050894260406, 0.10416027903556824, 0.21238546073436737, 0.18250584602355957, 0.08330228179693222]</MAX_VALUE>
		<MIN_VALUE>[0.10990715771913528, 0.09960571676492691, 0.0803375393152237, 0.07134193181991577, 0.02709764800965786, 0.011946071870625019]</MIN_VALUE>
		<SIGNATURE_THRESHOLD_MD>0.0</SIGNATURE_THRESHOLD_MD>
		<SIGNATURE_THRESHOLD_ML>0.0</SIGNATURE_THRESHOLD_ML>
		<SIGNATURE_THRESHOLD_SAM>0.0</SIGNATURE_THRESHOLD_SAM>
	</signature>
	<signature ID="20200821_212758633553_300">
		<MACROCLASSID>1</MACROCLASSID>
		<MACROCLASSINFO>waterbody</MACROCLASSINFO>
		<CLASSID>9</CLASSID>
		<CLASSINFO>C 1</CLASSINFO>
		<VALUES>[0.10718704015016556, 0.004593755244116153, 0.0876691085951669, 0.005070925626348586, 0.0701277953173433, 0.005595341304524482, 0.12146890269858497, 0.011163390201922587, 0.049594836043460024, 0.010705784414590226, 0.027519847532468184, 0.008437964978439842]</VALUES>
		<LCS_MIN>[0.10111908614635468, 0.07871666550636292, 0.060981567949056625, 0.10574279725551605, 0.03331397846341133, 0.011946071870625019]</LCS_MIN>
		<LCS_MAX>[0.11430118978023529, 0.0947851613163948, 0.0803375393152237, 0.13670356571674347, 0.06232350692152977, 0.03969570994377136]</LCS_MAX>
		<WAVELENGTH>[0.485, 0.56, 0.66, 0.835, 1.65, 2.22]</WAVELENGTH>
		<MEAN_VALUE>[0.10718704015016556, 0.0876691085951669, 0.0701277953173433, 0.12146890269858497, 0.049594836043460024, 0.027519847532468184]</MEAN_VALUE>
		<CHECKBOX>2</CHECKBOX>
		<SD>[0.004593755244116153, 0.005070925626348586, 0.005595341304524482, 0.011163390201922587, 0.010705784414590226, 0.008437964978439842]</SD>
		<WAVELENGTH_UNIT>E-6m</WAVELENGTH_UNIT>
		<COLOR>#1d7ce1</COLOR>
		<COVARIANCE_MATRIX>[[2.461968506395351e-05, 2.4095548724289984e-05, 2.7207948733121157e-05, -4.678692221204983e-06, 3.952693805331364e-05, 3.974570063292049e-05], [2.4095548724289984e-05, 3.000000106112566e-05, 3.207052213838324e-05, 7.107062174327439e-06, 4.915078170597553e-05, 4.2238687456119806e-05], [2.7207948733121157e-05, 3.207052213838324e-05, 3.65258201782126e-05, -6.463515546784038e-06, 5.303616853780113e-05, 4.876531966147013e-05], [-4.678692221204983e-06, 7.107062174327439e-06, -6.463515546784038e-06, 0.00014539148833137006, 5.770474672317505e-05, -6.1692699091508985e-06], [3.952693805331364e-05, 4.915078170597553e-05, 5.303616853780113e-05, 5.770474672317505e-05, 0.00013371612294577062, 8.683715714141726e-05], [3.974570063292049e-05, 4.2238687456119806e-05, 4.876531966147013e-05, -6.1692699091508985e-06, 8.683715714141726e-05, 8.306579547934234e-05]]</COVARIANCE_MATRIX>
		<ROI_SIZE>7</ROI_SIZE>
		<MAX_VALUE>[0.11430118978023529, 0.0947851613163948, 0.0803375393152237, 0.13670356571674347, 0.06232350692152977, 0.03969570994377136]</MAX_VALUE>
		<MIN_VALUE>[0.10111908614635468, 0.07871666550636292, 0.060981567949056625, 0.10574279725551605, 0.03331397846341133, 0.011946071870625019]</MIN_VALUE>
		<SIGNATURE_THRESHOLD_MD>0.0</SIGNATURE_THRESHOLD_MD>
		<SIGNATURE_THRESHOLD_ML>0.0</SIGNATURE_THRESHOLD_ML>
		<SIGNATURE_THRESHOLD_SAM>0.0</SIGNATURE_THRESHOLD_SAM>
	</signature>
	<signature ID="20200821_212811453546_723">
		<MACROCLASSID>1</MACROCLASSID>
		<MACROCLASSINFO>waterbody</MACROCLASSINFO>
		<CLASSID>10</CLASSID>
		<CLASSINFO>C 1</CLASSINFO>
		<VALUES>[0.11054560694939052, 0.005332402133012325, 0.07884026936486237, 0.0064347894615975265, 0.05505133550773322, 0.005993686239737173, 0.0590223107073042, 0.009469139294255078, 0.02222730583933175, 0.00714888012375615, 0.011166778735370714, 0.004047698899987387]</VALUES>
		<LCS_MIN>[0.09965440630912781, 0.06746871024370193, 0.04460343345999718, 0.043821245431900024, 0.010520773939788342, 0.004017604980617762]</LCS_MIN>
		<LCS_MAX>[0.12601862847805023, 0.09799886494874954, 0.07438185811042786, 0.07478202134370804, 0.04160241410136223, 0.021856656298041344]</LCS_MAX>
		<WAVELENGTH>[0.485, 0.56, 0.66, 0.835, 1.65, 2.22]</WAVELENGTH>
		<MEAN_VALUE>[0.11054560694939052, 0.07884026936486237, 0.05505133550773322, 0.0590223107073042, 0.02222730583933175, 0.011166778735370714]</MEAN_VALUE>
		<CHECKBOX>2</CHECKBOX>
		<SD>[0.005332402133012325, 0.0064347894615975265, 0.005993686239737173, 0.009469139294255078, 0.00714888012375615, 0.004047698899987387]</SD>
		<WAVELENGTH_UNIT>E-6m</WAVELENGTH_UNIT>
		<COLOR>#4e554e</COLOR>
		<COVARIANCE_MATRIX>[[2.8679638489848003e-05, 3.2423293305328116e-05, 2.9048280339338817e-05, 1.635991793591529e-05, 1.0462073078087997e-05, 5.657449037244078e-06], [3.2423293305328116e-05, 4.1763469198485836e-05, 3.477017526165582e-05, 1.6022268027882092e-05, 7.122802799131023e-06, 4.105817424715497e-06], [2.9048280339338817e-05, 3.477017526165582e-05, 3.623396696639247e-05, 2.2835467461845838e-05, 1.682770198385697e-05, 9.509691153652966e-06], [1.635991793591529e-05, 1.6022268027882092e-05, 2.2835467461845838e-05, 9.043757017934695e-05, 5.334935849532485e-05, 2.4409890102106147e-05], [1.0462073078087997e-05, 7.122802799131023e-06, 1.682770198385697e-05, 5.334935849532485e-05, 5.154706013854593e-05, 2.54176866292255e-05], [5.657449037244078e-06, 4.105817424715497e-06, 9.509691153652966e-06, 2.4409890102106147e-05, 2.54176866292255e-05, 1.65251058206195e-05]]</COVARIANCE_MATRIX>
		<ROI_SIZE>117</ROI_SIZE>
		<MAX_VALUE>[0.12601862847805023, 0.09799886494874954, 0.07438185811042786, 0.07478202134370804, 0.04160241410136223, 0.021856656298041344]</MAX_VALUE>
		<MIN_VALUE>[0.09965440630912781, 0.06746871024370193, 0.04460343345999718, 0.043821245431900024, 0.010520773939788342, 0.004017604980617762]</MIN_VALUE>
		<SIGNATURE_THRESHOLD_MD>0.0</SIGNATURE_THRESHOLD_MD>
		<SIGNATURE_THRESHOLD_ML>0.0</SIGNATURE_THRESHOLD_ML>
		<SIGNATURE_THRESHOLD_SAM>0.0</SIGNATURE_THRESHOLD_SAM>
	</signature>
	<signature ID="20200821_212823345556_861">
		<MACROCLASSID>1</MACROCLASSID>
		<MACROCLASSINFO>waterbody</MACROCLASSINFO>
		<CLASSID>11</CLASSID>
		<CLASSINFO>C 1</CLASSINFO>
		<VALUES>[0.13885098484429434, 0.005660961469231639, 0.09460597339001559, 0.008109613151642962, 0.0616005978259174, 0.005463000052958783, 0.05117260704437895, 0.006976984629951969, 0.027838584265925677, 0.0031869246937582295, 0.018723710645554663, 0.00282925392997643]</VALUES>
		<LCS_MIN>[0.12601862847805023, 0.08353719860315323, 0.05055912211537361, 0.040381159633398056, 0.018809210509061813, 0.009963956661522388]</LCS_MIN>
		<LCS_MAX>[0.16263557970523834, 0.13817010819911957, 0.0982045903801918, 0.08166220039129257, 0.039530303329229355, 0.027803007513284683]</LCS_MAX>
		<WAVELENGTH>[0.485, 0.56, 0.66, 0.835, 1.65, 2.22]</WAVELENGTH>
		<MEAN_VALUE>[0.13885098484429434, 0.09460597339001559, 0.0616005978259174, 0.05117260704437895, 0.027838584265925677, 0.018723710645554663]</MEAN_VALUE>
		<CHECKBOX>2</CHECKBOX>
		<SD>[0.005660961469231639, 0.008109613151642962, 0.005463000052958783, 0.006976984629951969, 0.0031869246937582295, 0.00282925392997643]</SD>
		<WAVELENGTH_UNIT>E-6m</WAVELENGTH_UNIT>
		<COLOR>#c5a375</COLOR>
		<COVARIANCE_MATRIX>[[3.2085376005852595e-05, 4.04526072088629e-05, 2.552609657868743e-05, 2.0460116502363235e-05, 8.226261343224905e-06, 4.624700068234233e-06], [4.04526072088629e-05, 6.584564107470214e-05, 3.925005876226351e-05, 4.1508774302201346e-05, 1.44613968586782e-05, 6.638892045884859e-06], [2.552609657868743e-05, 3.925005876226351e-05, 2.988058804476168e-05, 2.815878360706847e-05, 1.0567404387984425e-05, 5.852818958373973e-06], [2.0460116502363235e-05, 4.1508774302201346e-05, 2.815878360706847e-05, 4.873739089816809e-05, 1.4694152923766524e-05, 7.080217073962558e-06], [8.226261343224905e-06, 1.44613968586782e-05, 1.0567404387984425e-05, 1.4694152923766524e-05, 1.0168814696953632e-05, 4.796404937223997e-06], [4.624700068234233e-06, 6.638892045884859e-06, 5.852818958373973e-06, 7.080217073962558e-06, 4.796404937223997e-06, 8.014391823962796e-06]]</COVARIANCE_MATRIX>
		<ROI_SIZE>825</ROI_SIZE>
		<MAX_VALUE>[0.16263557970523834, 0.13817010819911957, 0.0982045903801918, 0.08166220039129257, 0.039530303329229355, 0.027803007513284683]</MAX_VALUE>
		<MIN_VALUE>[0.12601862847805023, 0.08353719860315323, 0.05055912211537361, 0.040381159633398056, 0.018809210509061813, 0.009963956661522388]</MIN_VALUE>
		<SIGNATURE_THRESHOLD_MD>0.0</SIGNATURE_THRESHOLD_MD>
		<SIGNATURE_THRESHOLD_ML>0.0</SIGNATURE_THRESHOLD_ML>
		<SIGNATURE_THRESHOLD_SAM>0.0</SIGNATURE_THRESHOLD_SAM>
	</signature>
	<signature ID="20200821_212836790536_121">
		<MACROCLASSID>1</MACROCLASSID>
		<MACROCLASSINFO>waterbody</MACROCLASSINFO>
		<CLASSID>12</CLASSID>
		<CLASSINFO>C 1</CLASSINFO>
		<VALUES>[0.1572357594583166, 0.004875880860848336, 0.12877728064172775, 0.014895525852688472, 0.08166031413132033, 0.015085719843501618, 0.05205973797345878, 0.0047896515784839975, 0.021041396333808044, 0.0024905645511950425, 0.012881835764713682, 0.0026550644740949915]</VALUES>
		<LCS_MIN>[0.14505943655967712, 0.10442627221345901, 0.05651480332016945, 0.043821245431900024, 0.01673710346221924, 0.005999721121042967]</LCS_MIN>
		<LCS_MAX>[0.16702961921691895, 0.15423861145973206, 0.11160486936569214, 0.07134193181991577, 0.029169756919145584, 0.021856656298041344]</LCS_MAX>
		<WAVELENGTH>[0.485, 0.56, 0.66, 0.835, 1.65, 2.22]</WAVELENGTH>
		<MEAN_VALUE>[0.1572357594583166, 0.12877728064172775, 0.08166031413132033, 0.05205973797345878, 0.021041396333808044, 0.012881835764713682]</MEAN_VALUE>
		<CHECKBOX>2</CHECKBOX>
		<SD>[0.004875880860848336, 0.014895525852688472, 0.015085719843501618, 0.0047896515784839975, 0.0024905645511950425, 0.0026550644740949915]</SD>
		<WAVELENGTH_UNIT>E-6m</WAVELENGTH_UNIT>
		<COLOR>#2a8a4c</COLOR>
		<COVARIANCE_MATRIX>[[2.387668973824475e-05, 6.519567978102714e-05, 6.162746285554022e-05, 1.4967652532504871e-05, -1.7089990933527588e-06, -3.4845900245272787e-06], [6.519567978102714e-05, 0.00022283305588643998, 0.0002185401535825804, 5.746395981987007e-05, -3.756970045287744e-06, -1.0241242307529319e-05], [6.162746285554022e-05, 0.0002185401535825804, 0.0002285598893649876, 6.261812086449936e-05, -4.254319492247305e-07, -7.5653515523299575e-06], [1.4967652532504871e-05, 5.746395981987007e-05, 6.261812086449936e-05, 2.3039645384415053e-05, 2.5161639314319473e-06, 4.5751048105557857e-07], [-1.7089990933527588e-06, -3.756970045287744e-06, -4.254319492247305e-07, 2.5161639314319473e-06, 6.229648533917498e-06, 2.6997888653568225e-06], [-3.4845900245272787e-06, -1.0241242307529319e-05, -7.5653515523299575e-06, 4.5751048105557857e-07, 2.6997888653568225e-06, 7.079752776917303e-06]]</COVARIANCE_MATRIX>
		<ROI_SIZE>233</ROI_SIZE>
		<MAX_VALUE>[0.16702961921691895, 0.15423861145973206, 0.11160486936569214, 0.07134193181991577, 0.029169756919145584, 0.021856656298041344]</MAX_VALUE>
		<MIN_VALUE>[0.14505943655967712, 0.10442627221345901, 0.05651480332016945, 0.043821245431900024, 0.01673710346221924, 0.005999721121042967]</MIN_VALUE>
		<SIGNATURE_THRESHOLD_MD>0.0</SIGNATURE_THRESHOLD_MD>
		<SIGNATURE_THRESHOLD_ML>0.0</SIGNATURE_THRESHOLD_ML>
		<SIGNATURE_THRESHOLD_SAM>0.0</SIGNATURE_THRESHOLD_SAM>
	</signature>
	<signature ID="20200821_212847265646_455">
		<MACROCLASSID>1</MACROCLASSID>
		<MACROCLASSINFO>waterbody</MACROCLASSINFO>
		<CLASSID>13</CLASSID>
		<CLASSINFO>C 1</CLASSINFO>
		<VALUES>[0.13726705057531827, 0.0026945073026500596, 0.09173805264174305, 0.004220451303399539, 0.0559012607580877, 0.0026777374850308557, 0.04435170449443603, 0.004230483127131569, 0.02528523163640201, 0.0023361031859061906, 0.01760889162410911, 0.002622004053597337]</VALUES>
		<LCS_MIN>[0.1274833083152771, 0.08353719860315323, 0.049070194363594055, 0.036941077560186386, 0.01673710346221924, 0.005999721121042967]</LCS_MIN>
		<LCS_MAX>[0.14945347607135773, 0.1156742125749588, 0.0803375393152237, 0.07478202134370804, 0.03745819628238678, 0.025820890441536903]</LCS_MAX>
		<WAVELENGTH>[0.485, 0.56, 0.66, 0.835, 1.65, 2.22]</WAVELENGTH>
		<MEAN_VALUE>[0.13726705057531827, 0.09173805264174305, 0.0559012607580877, 0.04435170449443603, 0.02528523163640201, 0.01760889162410911]</MEAN_VALUE>
		<CHECKBOX>2</CHECKBOX>
		<SD>[0.0026945073026500596, 0.004220451303399539, 0.0026777374850308557, 0.004230483127131569, 0.0023361031859061906, 0.002622004053597337]</SD>
		<WAVELENGTH_UNIT>E-6m</WAVELENGTH_UNIT>
		<COLOR>#5f9cf4</COLOR>
		<COVARIANCE_MATRIX>[[7.2651369009690825e-06, 4.347892172518186e-06, 1.5005025488790125e-06, -3.200862010999117e-07, 4.646326772217435e-07, 4.959870238963049e-07], [4.347892172518186e-06, 1.782390427251812e-05, 6.326159564196132e-06, 1.2066710041835904e-05, 2.0156332425358414e-07, -1.7972121213460923e-06], [1.5005025488790125e-06, 6.326159564196132e-06, 7.174985967139946e-06, 6.641592335654423e-06, 1.8651135178515688e-06, 6.99857935160253e-07], [-3.200862010999117e-07, 1.2066710041835904e-05, 6.641592335654423e-06, 1.7908738300320692e-05, 1.7857931879916578e-06, -5.300222483128891e-07], [4.646326772217435e-07, 2.0156332425358414e-07, 1.8651135178515688e-06, 1.7857931879916578e-06, 5.4609613471257035e-06, 2.716502876864979e-06], [4.959870238963049e-07, -1.7972121213460923e-06, 6.99857935160253e-07, -5.300222483128891e-07, 2.716502876864979e-06, 6.879419288452482e-06]]</COVARIANCE_MATRIX>
		<ROI_SIZE>1524</ROI_SIZE>
		<MAX_VALUE>[0.14945347607135773, 0.1156742125749588, 0.0803375393152237, 0.07478202134370804, 0.03745819628238678, 0.025820890441536903]</MAX_VALUE>
		<MIN_VALUE>[0.1274833083152771, 0.08353719860315323, 0.049070194363594055, 0.036941077560186386, 0.01673710346221924, 0.005999721121042967]</MIN_VALUE>
		<SIGNATURE_THRESHOLD_MD>0.0</SIGNATURE_THRESHOLD_MD>
		<SIGNATURE_THRESHOLD_ML>0.0</SIGNATURE_THRESHOLD_ML>
		<SIGNATURE_THRESHOLD_SAM>0.0</SIGNATURE_THRESHOLD_SAM>
	</signature>
	<signature ID="20200821_212910376881_913">
		<MACROCLASSID>1</MACROCLASSID>
		<MACROCLASSINFO>waterbody</MACROCLASSINFO>
		<CLASSID>14</CLASSID>
		<CLASSINFO>C 1</CLASSINFO>
		<VALUES>[0.13878093555452317, 0.0026666391692820035, 0.09677158378827293, 0.006414279941457478, 0.06163809998767584, 0.0051106974862272616, 0.04910868427122206, 0.005163976479870842, 0.03185371207439995, 0.002307017200020241, 0.02270725015844182, 0.0024693584096986657]</VALUES>
		<LCS_MIN>[0.12894798815250397, 0.0851440578699112, 0.05353696644306183, 0.040381159633398056, 0.02295343019068241, 0.013928189873695374]</LCS_MIN>
		<LCS_MAX>[0.14798879623413086, 0.125315323472023, 0.09075998514890671, 0.07478202134370804, 0.039530303329229355, 0.03176724165678024]</LCS_MAX>
		<WAVELENGTH>[0.485, 0.56, 0.66, 0.835, 1.65, 2.22]</WAVELENGTH>
		<MEAN_VALUE>[0.13878093555452317, 0.09677158378827293, 0.06163809998767584, 0.04910868427122206, 0.03185371207439995, 0.02270725015844182]</MEAN_VALUE>
		<CHECKBOX>2</CHECKBOX>
		<SD>[0.0026666391692820035, 0.006414279941457478, 0.0051106974862272616, 0.005163976479870842, 0.002307017200020241, 0.0024693584096986657]</SD>
		<WAVELENGTH_UNIT>E-6m</WAVELENGTH_UNIT>
		<COLOR>#f7194c</COLOR>
		<COVARIANCE_MATRIX>[[7.116568212950369e-06, 1.305622276959184e-06, 9.048019364854554e-07, 6.053884931134235e-07, 5.966632556919649e-07, 1.3773342288914137e-07], [1.305622276959184e-06, 4.1175408114213496e-05, 2.8335842216620222e-05, 2.9476286727003753e-05, 2.4018484054977307e-06, -1.811439460652764e-06], [9.048019364854554e-07, 2.8335842216620222e-05, 2.6139810870517977e-05, 2.295130616403185e-05, 2.2601666387345176e-06, -1.126333472711849e-06], [6.053884931134235e-07, 2.9476286727003753e-05, 2.295130616403185e-05, 2.6687666832003742e-05, 3.4636964301171247e-06, -4.979351615475025e-07], [5.966632556919649e-07, 2.4018484054977307e-06, 2.2601666387345176e-06, 3.4636964301171247e-06, 5.3265225687937345e-06, 2.191377006965922e-06], [1.3773342288914137e-07, -1.811439460652764e-06, -1.126333472711849e-06, -4.979351615475025e-07, 2.191377006965922e-06, 6.102536190155661e-06]]</COVARIANCE_MATRIX>
		<ROI_SIZE>1270</ROI_SIZE>
		<MAX_VALUE>[0.14798879623413086, 0.125315323472023, 0.09075998514890671, 0.07478202134370804, 0.039530303329229355, 0.03176724165678024]</MAX_VALUE>
		<MIN_VALUE>[0.12894798815250397, 0.0851440578699112, 0.05353696644306183, 0.040381159633398056, 0.02295343019068241, 0.013928189873695374]</MIN_VALUE>
		<SIGNATURE_THRESHOLD_MD>0.0</SIGNATURE_THRESHOLD_MD>
		<SIGNATURE_THRESHOLD_ML>0.0</SIGNATURE_THRESHOLD_ML>
		<SIGNATURE_THRESHOLD_SAM>0.0</SIGNATURE_THRESHOLD_SAM>
	</signature>
	<signature ID="20200821_212923156106_777">
		<MACROCLASSID>1</MACROCLASSID>
		<MACROCLASSINFO>waterbody</MACROCLASSINFO>
		<CLASSID>15</CLASSID>
		<CLASSINFO>C 1</CLASSINFO>
		<VALUES>[0.11092799382679389, 0.006042448959072585, 0.08021801409095229, 0.007235012467227167, 0.05522139910420383, 0.006848142580189215, 0.06656403888506117, 0.013888005514689035, 0.02461739604107359, 0.006604204048661569, 0.01408836037635503, 0.004794943331416579]</VALUES>
		<LCS_MIN>[0.09379568696022034, 0.05943445861339569, 0.03715883195400238, 0.043821245431900024, 0.01259288378059864, 0.004017604980617762]</LCS_MIN>
		<LCS_MAX>[0.13041266798973083, 0.09799886494874954, 0.07587077468633652, 0.09886261820793152, 0.0436745248734951, 0.027803007513284683]</LCS_MAX>
		<WAVELENGTH>[0.485, 0.56, 0.66, 0.835, 1.65, 2.22]</WAVELENGTH>
		<MEAN_VALUE>[0.11092799382679389, 0.08021801409095229, 0.05522139910420383, 0.06656403888506117, 0.02461739604107359, 0.01408836037635503]</MEAN_VALUE>
		<CHECKBOX>2</CHECKBOX>
		<SD>[0.006042448959072585, 0.007235012467227167, 0.006848142580189215, 0.013888005514689035, 0.006604204048661569, 0.004794943331416579]</SD>
		<WAVELENGTH_UNIT>E-6m</WAVELENGTH_UNIT>
		<COLOR>#e2cab6</COLOR>
		<COVARIANCE_MATRIX>[[3.669652505777776e-05, 4.0858758438844234e-05, 3.843371450784616e-05, 3.5466566714603687e-06, 2.457531081745401e-05, 2.0806230168091133e-05], [4.0858758438844234e-05, 5.261111800791696e-05, 4.535626430879347e-05, 1.3719502021558583e-05, 2.8807349735870957e-05, 2.2909920517122373e-05], [3.843371450784616e-05, 4.535626430879347e-05, 4.713511225418188e-05, 1.5082941899891011e-05, 3.093227496719919e-05, 2.4522038074792363e-05], [3.5466566714603687e-06, 1.3719502021558583e-05, 1.5082941899891011e-05, 0.00019385576888453215, 5.0868577091023326e-05, 1.714085192361381e-05], [2.457531081745401e-05, 2.8807349735870957e-05, 3.093227496719919e-05, 5.0868577091023326e-05, 4.383690975373611e-05, 2.595959449536167e-05], [2.0806230168091133e-05, 2.2909920517122373e-05, 2.4522038074792363e-05, 1.714085192361381e-05, 2.595959449536167e-05, 2.310819036210887e-05]]</COVARIANCE_MATRIX>
		<ROI_SIZE>198</ROI_SIZE>
		<MAX_VALUE>[0.13041266798973083, 0.09799886494874954, 0.07587077468633652, 0.09886261820793152, 0.0436745248734951, 0.027803007513284683]</MAX_VALUE>
		<MIN_VALUE>[0.09379568696022034, 0.05943445861339569, 0.03715883195400238, 0.043821245431900024, 0.01259288378059864, 0.004017604980617762]</MIN_VALUE>
		<SIGNATURE_THRESHOLD_MD>0.0</SIGNATURE_THRESHOLD_MD>
		<SIGNATURE_THRESHOLD_ML>0.0</SIGNATURE_THRESHOLD_ML>
		<SIGNATURE_THRESHOLD_SAM>0.0</SIGNATURE_THRESHOLD_SAM>
	</signature>
	<signature ID="20200821_212936266508_802">
		<MACROCLASSID>1</MACROCLASSID>
		<MACROCLASSINFO>waterbody</MACROCLASSINFO>
		<CLASSID>16</CLASSID>
		<CLASSINFO>C 1</CLASSINFO>
