<?xml version="1.0" ?>
<signaturelist MCID_LIST="[['1', 'waterbody', '#0000ff'], ['2', 'vegetation', '#00ff00'], ['3', 'bare land', '#ffaa00'], ['4', 'built-up', '#ff0000']]">
	<signature ID="20200602_110931811106_382">
		<MACROCLASSID>1</MACROCLASSID>
		<MACROCLASSINFO>waterbody</MACROCLASSINFO>
		<CLASSID>1</CLASSID>
		<CLASSINFO>C 1</CLASSINFO>
		<VALUES>[0.11835394839124584, 0.0034778958899099733, 0.10396839586865982, 0.004974164832613218, 0.08026305855984724, 0.004512522567420028, 0.04265659544439019, 0.002850545868984695, 0.012310199960956758, 0.0019630716058895957, 0.008643656400423064, 0.002424132212974996]</VALUES>
		<LCS_MIN>[0.10916280001401901, 0.0947389155626297, 0.0723334550857544, 0.03465978428721428, 0.004453334957361221, 0.0021058949641883373]</LCS_MIN>
		<LCS_MAX>[0.1273469179868698, 0.11468806862831116, 0.09081851691007614, 0.04889609292149544, 0.021603601053357124, 0.018511319532990456]</LCS_MAX>
		<WAVELENGTH>[0.485, 0.56, 0.66, 0.835, 1.65, 2.22]</WAVELENGTH>
		<MEAN_VALUE>[0.11835394839124584, 0.10396839586865982, 0.08026305855984724, 0.04265659544439019, 0.012310199960956758, 0.008643656400423064]</MEAN_VALUE>
		<CHECKBOX>2</CHECKBOX>
		<SD>[0.0034778958899099733, 0.004974164832613218, 0.004512522567420028, 0.002850545868984695, 0.0019630716058895957, 0.002424132212974996]</SD>
		<WAVELENGTH_UNIT>E-6m</WAVELENGTH_UNIT>
		<COLOR>#1f61c7</COLOR>
		<COVARIANCE_MATRIX>[[1.210465416079387e-05, 1.4575689419871196e-05, 1.2778152267856058e-05, 4.683493898482993e-06, 1.905712224470335e-06, 1.675432940828614e-06], [1.4575689419871196e-05, 2.4760509404586628e-05, 1.9793995306827128e-05, 6.9025354605400935e-06, 2.331259111088002e-06, 2.2954827727517113e-06], [1.2778152267856058e-05, 1.9793995306827128e-05, 2.0377832697704434e-05, 6.749819021933945e-06, 2.0356553704914404e-06, 2.218652525698417e-06], [4.683493898482993e-06, 6.9025354605400935e-06, 6.749819021933945e-06, 8.13158658274915e-06, 1.7087374999391614e-06, 1.2761662446791888e-06], [1.905712224470335e-06, 2.331259111088002e-06, 2.0356553704914404e-06, 1.7087374999391614e-06, 3.856483544950606e-06, 1.2179189070593566e-06], [1.675432940828614e-06, 2.2954827727517113e-06, 2.218652525698417e-06, 1.2761662446791888e-06, 1.2179189070593566e-06, 5.880737717234297e-06]]</COVARIANCE_MATRIX>
		<ROI_SIZE>1361</ROI_SIZE>
		<MAX_VALUE>[0.1273469179868698, 0.11468806862831116, 0.09081851691007614, 0.04889609292149544, 0.021603601053357124, 0.018511319532990456]</MAX_VALUE>
		<MIN_VALUE>[0.10916280001401901, 0.0947389155626297, 0.0723334550857544, 0.03465978428721428, 0.004453334957361221, 0.0021058949641883373]</MIN_VALUE>
		<SIGNATURE_THRESHOLD_MD>0.0</SIGNATURE_THRESHOLD_MD>
		<SIGNATURE_THRESHOLD_ML>0.0</SIGNATURE_THRESHOLD_ML>
		<SIGNATURE_THRESHOLD_SAM>0.0</SIGNATURE_THRESHOLD_SAM>
	</signature>
	<signature ID="20200602_111020446224_963">
		<MACROCLASSID>1</MACROCLASSID>
		<MACROCLASSINFO>waterbody</MACROCLASSINFO>
		<CLASSID>2</CLASSID>
		<CLASSINFO>C 1</CLASSINFO>
		<VALUES>[0.12749681552520845, 0.0019947738696417883, 0.11765498841959297, 0.0019241569167546663, 0.09178665301399892, 0.0024394901828276487, 0.04386388651358899, 0.0022746094703588304, 0.011960962961741999, 0.0019628423036541147, 0.008526371331146363, 0.0022641305591971778]</VALUES>
		<LCS_MIN>[0.11977019906044006, 0.10970080643892288, 0.08311640471220016, 0.03465978428721428, 0.0023095521610230207, 0.0041565741412341595]</LCS_MIN>
		<LCS_MAX>[0.13492362201213837, 0.12466266751289368, 0.10006104409694672, 0.04889609292149544, 0.019459819421172142, 0.020562000572681427]</LCS_MAX>
		<WAVELENGTH>[0.485, 0.56, 0.66, 0.835, 1.65, 2.22]</WAVELENGTH>
		<MEAN_VALUE>[0.12749681552520845, 0.11765498841959297, 0.09178665301399892, 0.04386388651358899, 0.011960962961741999, 0.008526371331146363]</MEAN_VALUE>
		<CHECKBOX>2</CHECKBOX>
		<SD>[0.0019947738696417883, 0.0019241569167546663, 0.0024394901828276487, 0.0022746094703588304, 0.0019628423036541147, 0.0022641305591971778]</SD>
		<WAVELENGTH_UNIT>E-6m</WAVELENGTH_UNIT>
		<COLOR>#44ffe3</COLOR>
		<COVARIANCE_MATRIX>[[3.98060319639626e-06, 1.4397770655705244e-06, 1.6159455071829143e-06, 1.2060519338774611e-06, 1.2042611388096702e-06, 9.065565791388508e-07], [1.4397770655705244e-06, 3.7037571019027382e-06, 1.9472142867016373e-06, 1.4777475598748424e-06, 1.243233896275342e-06, 8.811877592052042e-07], [1.6159455071829143e-06, 1.9472142867016373e-06, 5.953326308372198e-06, 2.4546909571654396e-06, 1.5805784414624213e-06, 1.2466102816688363e-06], [1.2060519338774611e-06, 1.4777475598748424e-06, 2.4546909571654396e-06, 5.17577291248017e-06, 1.7535606957608252e-06, 1.283476194657851e-06], [1.2042611388096702e-06, 1.243233896275342e-06, 1.5805784414624213e-06, 1.7535606957608252e-06, 3.8541834328498226e-06, 1.2859568414569367e-06], [9.065565791388508e-07, 8.811877592052042e-07, 1.2466102816688363e-06, 1.283476194657851e-06, 1.2859568414569367e-06, 5.128194516146323e-06]]</COVARIANCE_MATRIX>
		<ROI_SIZE>2689</ROI_SIZE>
		<MAX_VALUE>[0.13492362201213837, 0.12466266751289368, 0.10006104409694672, 0.04889609292149544, 0.019459819421172142, 0.020562000572681427]</MAX_VALUE>
		<MIN_VALUE>[0.11977019906044006, 0.10970080643892288, 0.08311640471220016, 0.03465978428721428, 0.0023095521610230207, 0.0041565741412341595]</MIN_VALUE>
		<SIGNATURE_THRESHOLD_MD>0.0</SIGNATURE_THRESHOLD_MD>
		<SIGNATURE_THRESHOLD_ML>0.0</SIGNATURE_THRESHOLD_ML>
		<SIGNATURE_THRESHOLD_SAM>0.0</SIGNATURE_THRESHOLD_SAM>
	</signature>
	<signature ID="20200602_111058659637_152">
		<MACROCLASSID>1</MACROCLASSID>
		<MACROCLASSINFO>waterbody</MACROCLASSINFO>
		<CLASSID>3</CLASSID>
		<CLASSINFO>C 1</CLASSINFO>
		<VALUES>[0.14268123737552715, 0.0022568391016438666, 0.13592906148325531, 0.002187624895195227, 0.11186766719455954, 0.002871890321905742, 0.050857624387353514, 0.0020537016260505653, 0.015295174372951125, 0.0019684283371223773, 0.01088335983228825, 0.002309217156338848]</VALUES>
		<LCS_MIN>[0.13189293444156647, 0.12798753380775452, 0.10006104409694672, 0.045337021350860596, 0.008740903809666634, 0.0021058949641883373]</LCS_MIN>
		<LCS_MAX>[0.15007703006267548, 0.1429494023323059, 0.11854612082242966, 0.05601425841450691, 0.021603601053357124, 0.016460642218589783]</LCS_MAX>
		<WAVELENGTH>[0.485, 0.56, 0.66, 0.835, 1.65, 2.22]</WAVELENGTH>
		<MEAN_VALUE>[0.14268123737552715, 0.13592906148325531, 0.11186766719455954, 0.050857624387353514, 0.015295174372951125, 0.01088335983228825]</MEAN_VALUE>
		<CHECKBOX>2</CHECKBOX>
		<SD>[0.0022568391016438666, 0.002187624895195227, 0.002871890321905742, 0.0020537016260505653, 0.0019684283371223773, 0.002309217156338848]</SD>
		<WAVELENGTH_UNIT>E-6m</WAVELENGTH_UNIT>
		<COLOR>#268345</COLOR>
		<COVARIANCE_MATRIX>[[5.095503183838446e-06, 2.330644065295928e-06, 2.9514012567233294e-06, 1.2287903246033238e-06, 1.5130333395063644e-06, 1.196969151351368e-06], [2.330644065295928e-06, 4.7877515498839784e-06, 3.2944763006526046e-06, 1.3832906233801623e-06, 1.7375095922034234e-06, 1.4710876712342724e-06], [2.9514012567233294e-06, 3.2944763006526046e-06, 8.251285180449486e-06, 2.093690682158922e-06, 2.1812234081153292e-06, 1.8657763121154858e-06], [1.2287903246033238e-06, 1.3832906233801623e-06, 2.093690682158922e-06, 4.219496076984797e-06, 1.509479375272349e-06, 1.0654332527337829e-06], [1.5130333395063644e-06, 1.7375095922034234e-06, 2.1812234081153292e-06, 1.509479375272349e-06, 3.87636873711017e-06, 1.2184489150968147e-06], [1.196969151351368e-06, 1.4710876712342724e-06, 1.8657763121154858e-06, 1.0654332527337829e-06, 1.2184489150968147e-06, 5.334766683517955e-06]]</COVARIANCE_MATRIX>
		<ROI_SIZE>2337</ROI_SIZE>
		<MAX_VALUE>[0.15007703006267548, 0.1429494023323059, 0.11854612082242966, 0.05601425841450691, 0.021603601053357124, 0.016460642218589783]</MAX_VALUE>
		<MIN_VALUE>[0.13189293444156647, 0.12798753380775452, 0.10006104409694672, 0.045337021350860596, 0.008740903809666634, 0.0021058949641883373]</MIN_VALUE>
		<SIGNATURE_THRESHOLD_MD>0.0</SIGNATURE_THRESHOLD_MD>
		<SIGNATURE_THRESHOLD_ML>0.0</SIGNATURE_THRESHOLD_ML>
		<SIGNATURE_THRESHOLD_SAM>0.0</SIGNATURE_THRESHOLD_SAM>
	</signature>
	<signature ID="20200602_111117657319_299">
		<MACROCLASSID>1</MACROCLASSID>
		<MACROCLASSINFO>waterbody</MACROCLASSINFO>
		<CLASSID>4</CLASSID>
		<CLASSINFO>C 1</CLASSINFO>
		<VALUES>[0.13013106513975833, 0.006498967083219805, 0.1254932805357081, 0.00781844396154879, 0.10770524587328686, 0.013944200912215182, 0.05134344553212627, 0.009530548119275431, 0.012676597906199814, 0.0026864193621930037, 0.00824310221771054, 0.0026421991614625053]</VALUES>
		<LCS_MIN>[0.11673951894044876, 0.10471349954605103, 0.08927808701992035, 0.03465978428721428, 0.004453334957361221, -0.001995461294427514]</LCS_MIN>
		<LCS_MAX>[0.14856168627738953, 0.14793670177459717, 0.14627371728420258, 0.08092779666185379, 0.03446630761027336, 0.026714032515883446]</LCS_MAX>
		<WAVELENGTH>[0.485, 0.56, 0.66, 0.835, 1.65, 2.22]</WAVELENGTH>
		<MEAN_VALUE>[0.13013106513975833, 0.1254932805357081, 0.10770524587328686, 0.05134344553212627, 0.012676597906199814, 0.00824310221771054]</MEAN_VALUE>
		<CHECKBOX>2</CHECKBOX>
		<SD>[0.006498967083219805, 0.00781844396154879, 0.013944200912215182, 0.009530548119275431, 0.0026864193621930037, 0.0026421991614625053]</SD>
		<WAVELENGTH_UNIT>E-6m</WAVELENGTH_UNIT>
		<COLOR>#1e5e04</COLOR>
		<COVARIANCE_MATRIX>[[4.226713645039126e-05, 4.7109959268709645e-05, 8.431995229329914e-05, 4.468613042263314e-05, 2.0099489574931795e-06, 7.36111587684718e-07], [4.7109959268709645e-05, 6.117230077506974e-05, 0.00010250788182020187, 5.0655351515160874e-05, 1.5844572089918074e-06, 9.47241915127961e-07], [8.431995229329914e-05, 0.00010250788182020187, 0.00019458142924122512, 0.00010413450218038633, 5.79376433051948e-07, -1.3334540653886506e-06], [4.468613042263314e-05, 5.0655351515160874e-05, 0.00010413450218038633, 9.089706873055547e-05, 6.11767927694018e-06, 6.172401185722265e-07], [2.0099489574931795e-06, 1.5844572089918074e-06, 5.79376433051948e-07, 6.11767927694018e-06, 7.222070962598082e-06, 2.848179747161339e-06], [7.36111587684718e-07, 9.47241915127961e-07, -1.3334540653886506e-06, 6.172401185722265e-07, 2.848179747161339e-06, 6.986268090258818e-06]]</COVARIANCE_MATRIX>
		<ROI_SIZE>1383</ROI_SIZE>
		<MAX_VALUE>[0.14856168627738953, 0.14793670177459717, 0.14627371728420258, 0.08092779666185379, 0.03446630761027336, 0.026714032515883446]</MAX_VALUE>
		<MIN_VALUE>[0.11673951894044876, 0.10471349954605103, 0.08927808701992035, 0.03465978428721428, 0.004453334957361221, -0.001995461294427514]</MIN_VALUE>
		<SIGNATURE_THRESHOLD_MD>0.0</SIGNATURE_THRESHOLD_MD>
		<SIGNATURE_THRESHOLD_ML>0.0</SIGNATURE_THRESHOLD_ML>
		<SIGNATURE_THRESHOLD_SAM>0.0</SIGNATURE_THRESHOLD_SAM>
	</signature>
	<signature ID="20200602_111135715097_394">
		<MACROCLASSID>1</MACROCLASSID>
		<MACROCLASSINFO>waterbody</MACROCLASSINFO>
		<CLASSID>5</CLASSID>
		<CLASSINFO>C 1</CLASSINFO>
		<VALUES>[0.12571827412765715, 0.0042180732796763135, 0.11356943612483053, 0.005794341689803831, 0.07330281083179037, 0.009488747944915384, 0.04275363714744645, 0.008056594964070374, 0.01859162065941795, 0.005207852668037309, 0.012295402109119901, 0.004067176966044809]</VALUES>
		<LCS_MIN>[0.10613211989402771, 0.08808919787406921, 0.04922711104154587, 0.023982549086213112, 0.0023095521610230207, 5.5216205510078e-05]</LCS_MIN>
		<LCS_MAX>[0.13946965336799622, 0.12964995205402374, 0.09235893934965134, 0.06669148057699203, 0.036610089242458344, 0.024663357064127922]</LCS_MAX>
		<WAVELENGTH>[0.485, 0.56, 0.66, 0.835, 1.65, 2.22]</WAVELENGTH>
		<MEAN_VALUE>[0.12571827412765715, 0.11356943612483053, 0.07330281083179037, 0.04275363714744645, 0.01859162065941795, 0.012295402109119901]</MEAN_VALUE>
		<CHECKBOX>2</CHECKBOX>
		<SD>[0.0042180732796763135, 0.005794341689803831, 0.009488747944915384, 0.008056594964070374, 0.005207852668037309, 0.004067176966044809]</SD>
		<WAVELENGTH_UNIT>E-6m</WAVELENGTH_UNIT>
		<COLOR>#1457a3</COLOR>
		<COVARIANCE_MATRIX>[[1.7819898857851513e-05, 2.0203133317409083e-05, 2.844531263690442e-05, 1.1839500075438991e-05, 1.4375588762050029e-05, 1.1739120054699015e-05], [2.0203133317409083e-05, 3.3626773074502125e-05, 4.944649845128879e-05, 2.1197100068093278e-05, 2.12446138903033e-05, 1.6490002963109873e-05], [2.844531263690442e-05, 4.944649845128879e-05, 9.017679985845461e-05, 4.516203625826165e-05, 3.6545188777381554e-05, 2.5614210244384594e-05], [1.1839500075438991e-05, 2.1197100068093278e-05, 4.516203625826165e-05, 6.500998279079795e-05, 3.25702058034949e-05, 1.9100076315226033e-05], [1.4375588762050029e-05, 2.12446138903033e-05, 3.6545188777381554e-05, 3.25702058034949e-05, 2.7164040147908963e-05, 1.6287922335322946e-05], [1.1739120054699015e-05, 1.6490002963109873e-05, 2.5614210244384594e-05, 1.9100076315226033e-05, 1.6287922335322946e-05, 1.6567735656281002e-05]]</COVARIANCE_MATRIX>
		<ROI_SIZE>642</ROI_SIZE>
		<MAX_VALUE>[0.13946965336799622, 0.12964995205402374, 0.09235893934965134, 0.06669148057699203, 0.036610089242458344, 0.024663357064127922]</MAX_VALUE>
		<MIN_VALUE>[0.10613211989402771, 0.08808919787406921, 0.04922711104154587, 0.023982549086213112, 0.0023095521610230207, 5.5216205510078e-05]</MIN_VALUE>
		<SIGNATURE_THRESHOLD_MD>0.0</SIGNATURE_THRESHOLD_MD>
		<SIGNATURE_THRESHOLD_ML>0.0</SIGNATURE_THRESHOLD_ML>
		<SIGNATURE_THRESHOLD_SAM>0.0</SIGNATURE_THRESHOLD_SAM>
	</signature>
	<signature ID="20200602_111144043110_999">
		<MACROCLASSID>1</MACROCLASSID>
		<MACROCLASSINFO>waterbody</MACROCLASSINFO>
		<CLASSID>6</CLASSID>
		<CLASSINFO>C 1</CLASSINFO>
		<VALUES>[0.113837827291244, 0.004521855207299705, 0.09114294564876806, 0.004969661826305603, 0.05176130120188756, 0.004253299027085758, 0.03786477868946703, 0.005519999274556526, 0.019028864072826827, 0.004593594435808667, 0.013087013929318166, 0.0038592857209973097]</VALUES>
		<LCS_MIN>[0.0970400720834732, 0.06814001500606537, 0.0399845726788044, 0.02042347379028797, 0.0023095521610230207, 0.0021058949641883373]</LCS_MIN>
		<LCS_MAX>[0.1273469179868698, 0.10803836584091187, 0.06771218031644821, 0.059573329985141754, 0.038753870874643326, 0.03081539086997509]</LCS_MAX>
		<WAVELENGTH>[0.485, 0.56, 0.66, 0.835, 1.65, 2.22]</WAVELENGTH>
		<MEAN_VALUE>[0.113837827291244, 0.09114294564876806, 0.05176130120188756, 0.03786477868946703, 0.019028864072826827, 0.013087013929318166]</MEAN_VALUE>
		<CHECKBOX>2</CHECKBOX>
		<SD>[0.004521855207299705, 0.004969661826305603, 0.004253299027085758, 0.005519999274556526, 0.004593594435808667, 0.0038592857209973097]</SD>
		<WAVELENGTH_UNIT>E-6m</WAVELENGTH_UNIT>
		<COLOR>#837219</COLOR>
		<COVARIANCE_MATRIX>[[2.046816734946333e-05, 1.9712320863618515e-05, 1.4857479072816204e-05, 3.6393585105543025e-06, 1.1455646017566323e-05, 1.0625874892866705e-05], [1.9712320863618515e-05, 2.4722896341700107e-05, 1.6221078112721443e-05, 4.8365322982135694e-06, 1.2393255019560456e-05, 1.1331352652632631e-05], [1.4857479072816204e-05, 1.6221078112721443e-05, 1.8109125448972918e-05, 9.887482519843616e-06, 1.4214421753422357e-05, 1.1584140338527504e-05], [3.6393585105543025e-06, 4.8365322982135694e-06, 9.887482519843616e-06, 3.0501676519634202e-05, 1.6665911971358582e-05, 1.0066734830616042e-05], [1.1455646017566323e-05, 1.2393255019560456e-05, 1.4214421753422357e-05, 1.6665911971358582e-05, 2.112277434207499e-05, 1.3317511729837861e-05], [1.0625874892866705e-05, 1.1331352652632631e-05, 1.1584140338527504e-05, 1.0066734830616042e-05, 1.3317511729837861e-05, 1.4909377568983473e-05]]</COVARIANCE_MATRIX>
		<ROI_SIZE>975</ROI_SIZE>
		<MAX_VALUE>[0.1273469179868698, 0.10803836584091187, 0.06771218031644821, 0.059573329985141754, 0.038753870874643326, 0.03081539086997509]</MAX_VALUE>
		<MIN_VALUE>[0.0970400720834732, 0.06814001500606537, 0.0399845726788044, 0.02042347379028797, 0.0023095521610230207, 0.0021058949641883373]</MIN_VALUE>
		<SIGNATURE_THRESHOLD_MD>0.0</SIGNATURE_THRESHOLD_MD>
		<SIGNATURE_THRESHOLD_ML>0.0</SIGNATURE_THRESHOLD_ML>
		<SIGNATURE_THRESHOLD_SAM>0.0</SIGNATURE_THRESHOLD_SAM>
	</signature>
	<signature ID="20200602_111220183091_296">
		<MACROCLASSID>1</MACROCLASSID>
		<MACROCLASSINFO>waterbody</MACROCLASSINFO>
		<CLASSID>7</CLASSID>
		<CLASSINFO>C 1</CLASSINFO>
		<VALUES>[0.09134830254166561, 0.0043273137085532015, 0.06369949681773857, 0.00443483113332339, 0.041267689839225824, 0.00487596631200695, 0.035701465185150674, 0.006693902214142473, 0.01773275100007922, 0.005126758788038753, 0.01201523299664837, 0.00417679170442483]</VALUES>
		<LCS_MIN>[0.0788559764623642, 0.05151571333408356, 0.027661193162202835, 0.016864396631717682, 0.0023095521610230207, -0.001995461294427514]</LCS_MIN>
		<LCS_MAX>[0.10764745622873306, 0.07645218074321747, 0.056929223239421844, 0.059573329985141754, 0.04089765250682831, 0.026714032515883446]</LCS_MAX>
		<WAVELENGTH>[0.485, 0.56, 0.66, 0.835, 1.65, 2.22]</WAVELENGTH>
		<MEAN_VALUE>[0.09134830254166561, 0.06369949681773857, 0.041267689839225824, 0.035701465185150674, 0.01773275100007922, 0.01201523299664837]</MEAN_VALUE>
		<CHECKBOX>2</CHECKBOX>
		<SD>[0.0043273137085532015, 0.00443483113332339, 0.00487596631200695, 0.006693902214142473, 0.005126758788038753, 0.00417679170442483]</SD>
		<WAVELENGTH_UNIT>E-6m</WAVELENGTH_UNIT>
		<COLOR>#7867a4</COLOR>
		<COVARIANCE_MATRIX>[[1.873949440778233e-05, 1.6479678379255347e-05, 1.755899575073272e-05, 9.734971172292717e-06, 1.5372654161183164e-05, 1.3559276339947246e-05], [1.6479678379255347e-05, 1.9682274796650745e-05, 1.9080060155829415e-05, 1.4532531167787965e-05, 1.7902486433740705e-05, 1.4538290088239592e-05], [1.755899575073272e-05, 1.9080060155829415e-05, 2.3792632418917492e-05, 1.618446003703866e-05, 1.9894423530786298e-05, 1.586717553436756e-05], [9.734971172292717e-06, 1.4532531167787965e-05, 1.618446003703866e-05, 4.484146847971715e-05, 2.3922553737065755e-05, 1.3703293916478287e-05], [1.5372654161183164e-05, 1.7902486433740705e-05, 1.9894423530786298e-05, 2.3922553737065755e-05, 2.6303096092306077e-05, 1.648619036132004e-05], [1.3559276339947246e-05, 1.4538290088239592e-05, 1.586717553436756e-05, 1.3703293916478287e-05, 1.648619036132004e-05, 1.7458492948208004e-05]]</COVARIANCE_MATRIX>
		<ROI_SIZE>1353</ROI_SIZE>
		<MAX_VALUE>[0.10764745622873306, 0.07645218074321747, 0.056929223239421844, 0.059573329985141754, 0.04089765250682831, 0.026714032515883446]</MAX_VALUE>
		<MIN_VALUE>[0.0788559764623642, 0.05151571333408356, 0.027661193162202835, 0.016864396631717682, 0.0023095521610230207, -0.001995461294427514]</MIN_VALUE>
		<SIGNATURE_THRESHOLD_MD>0.0</SIGNATURE_THRESHOLD_MD>
		<SIGNATURE_THRESHOLD_ML>0.0</SIGNATURE_THRESHOLD_ML>
		<SIGNATURE_THRESHOLD_SAM>0.0</SIGNATURE_THRESHOLD_SAM>
	</signature>
	<signature ID="20200602_111240083959_533">
		<MACROCLASSID>1</MACROCLASSID>
		<MACROCLASSINFO>waterbody</MACROCLASSINFO>
		<CLASSID>8</CLASSID>
		<CLASSINFO>C 1</CLASSINFO>
		<VALUES>[0.126529765317846, 0.003301922136460252, 0.11594788064510544, 0.005082955225284555, 0.08976729257559003, 0.00495609839084496, 0.04722291621131151, 0.003106896181152044, 0.011334096953683216, 0.0023488645383816834, 0.007261860066206935, 0.0026036128280579633]</VALUES>
		<LCS_MIN>[0.10613211989402771, 0.08143947273492813, 0.06001006439328194, 0.03110070526599884, 0.004453334957361221, -0.001995461294427514]</LCS_MIN>
		<LCS_MAX>[0.13340827822685242, 0.1263251006603241, 0.10006104409694672, 0.059573329985141754, 0.02803495153784752, 0.016460642218589783]</LCS_MAX>
		<WAVELENGTH>[0.485, 0.56, 0.66, 0.835, 1.65, 2.22]</WAVELENGTH>
		<MEAN_VALUE>[0.126529765317846, 0.11594788064510544, 0.08976729257559003, 0.04722291621131151, 0.011334096953683216, 0.007261860066206935]</MEAN_VALUE>
		<CHECKBOX>2</CHECKBOX>
		<SD>[0.003301922136460252, 0.005082955225284555, 0.00495609839084496, 0.003106896181152044, 0.0023488645383816834, 0.0026036128280579633]</SD>
		<WAVELENGTH_UNIT>E-6m</WAVELENGTH_UNIT>
		<COLOR>#973fdd</COLOR>
		<COVARIANCE_MATRIX>[[1.0907554496952798e-05, 1.3788669093628414e-05, 1.318371869274415e-05, 6.448835392802721e-06, 3.1941303859639447e-06, 2.7812798180093523e-06], [1.3788669093628414e-05, 2.584796311566606e-05, 2.2580752556677908e-05, 1.111722485802602e-05, 4.514634383667726e-06, 3.9404098970408086e-06], [1.318371869274415e-05, 2.2580752556677908e-05, 2.4573871996835805e-05, 1.0697625839384273e-05, 4.753444500238402e-06, 4.049550170748262e-06], [6.448835392802721e-06, 1.111722485802602e-05, 1.0697625839384273e-05, 9.65711114986334e-06, 3.3091939712903695e-06, 2.550227918618475e-06], [3.1941303859639447e-06, 4.514634383667726e-06, 4.753444500238402e-06, 3.3091939712903695e-06, 5.519626483874163e-06, 2.629273922138964e-06], [2.7812798180093523e-06, 3.9404098970408086e-06, 4.049550170748262e-06, 2.550227918618475e-06, 2.629273922138964e-06, 6.781824595236685e-06]]</COVARIANCE_MATRIX>
		<ROI_SIZE>2242</ROI_SIZE>
		<MAX_VALUE>[0.13340827822685242, 0.1263251006603241, 0.10006104409694672, 0.059573329985141754, 0.02803495153784752, 0.016460642218589783]</MAX_VALUE>
		<MIN_VALUE>[0.10613211989402771, 0.08143947273492813, 0.06001006439328194, 0.03110070526599884, 0.004453334957361221, -0.001995461294427514]</MIN_VALUE>
		<SIGNATURE_THRESHOLD_MD>0.0</SIGNATURE_THRESHOLD_MD>
		<SIGNATURE_THRESHOLD_ML>0.0</SIGNATURE_THRESHOLD_ML>
		<SIGNATURE_THRESHOLD_SAM>0.0</SIGNATURE_THRESHOLD_SAM>
	</signature>
	<signature ID="20200602_111309900902_831">
		<MACROCLASSID>1</MACROCLASSID>
		<MACROCLASSINFO>waterbody</MACROCLASSINFO>
		<CLASSID>9</CLASSID>
		<CLASSINFO>C 1</CLASSINFO>
		<VALUES>[0.09829414481746739, 0.005034773812459404, 0.07243941043471468, 0.007655869076292468, 0.05517632642696644, 0.009115275215838128, 0.12351400790543392, 0.022088103034344143, 0.06965391832435953, 0.02436182346809316, 0.035694588457458994, 0.015226472739003434]</VALUES>
		<LCS_MIN>[0.09097870439291, 0.05982786417007446, 0.04306541755795479, 0.08092779666185379, 0.025891168043017387, 0.012359286658465862]</LCS_MIN>
		<LCS_MAX>[0.11067814379930496, 0.08808919787406921, 0.07849513739347458, 0.16634568572044373, 0.12021763622760773, 0.06567692011594772]</LCS_MAX>
		<WAVELENGTH>[0.485, 0.56, 0.66, 0.835, 1.65, 2.22]</WAVELENGTH>
		<MEAN_VALUE>[0.09829414481746739, 0.07243941043471468, 0.05517632642696644, 0.12351400790543392, 0.06965391832435953, 0.035694588457458994]</MEAN_VALUE>
		<CHECKBOX>2</CHECKBOX>
		<SD>[0.005034773812459404, 0.007655869076292468, 0.009115275215838128, 0.022088103034344143, 0.02436182346809316, 0.015226472739003434]</SD>
		<WAVELENGTH_UNIT>E-6m</WAVELENGTH_UNIT>
		<COLOR>#f0bf16</COLOR>
		<COVARIANCE_MATRIX>[[2.6254267140757293e-05, 3.4002332540694624e-05, 4.262622314854525e-05, 6.333710916806012e-05, 9.81610210146755e-05, 6.75761402817443e-05], [3.4002332540694624e-05, 6.070562812965363e-05, 6.579043110832572e-05, 0.00011507737508509308, 0.00016775313997641206, 0.00010854998254217207], [4.262622314854525e-05, 6.579043110832572e-05, 8.60556829138659e-05, 0.00011099330731667578, 0.00018017231195699424, 0.00012630198034457862], [6.333710916806012e-05, 0.00011507737508509308, 0.00011099330731667578, 0.0005053087370470166, 0.00043392664520069957, 0.00024564206250943244], [9.81610210146755e-05, 0.00016775313997641206, 0.00018017231195699424, 0.00043392664520069957, 0.0006146948435343802, 0.00035741939791478217], [6.75761402817443e-05, 0.00010854998254217207, 0.00012630198034457862, 0.00024564206250943244, 0.00035741939791478217, 0.00024012566427700222]]</COVARIANCE_MATRIX>
		<ROI_SIZE>29</ROI_SIZE>
		<MAX_VALUE>[0.11067814379930496, 0.08808919787406921, 0.07849513739347458, 0.16634568572044373, 0.12021763622760773, 0.06567692011594772]</MAX_VALUE>
		<MIN_VALUE>[0.09097870439291, 0.05982786417007446, 0.04306541755795479, 0.08092779666185379, 0.025891168043017387, 0.012359286658465862]</MIN_VALUE>
		<SIGNATURE_THRESHOLD_MD>0.0</SIGNATURE_THRESHOLD_MD>
		<SIGNATURE_THRESHOLD_ML>0.0</SIGNATURE_THRESHOLD_ML>
		<SIGNATURE_THRESHOLD_SAM>0.0</SIGNATURE_THRESHOLD_SAM>
	</signature>
	<signature ID="20200602_111332238505_693">
		<MACROCLASSID>1</MACROCLASSID>
		<MACROCLASSINFO>waterbody</MACROCLASSINFO>
		<CLASSID>10</CLASSID>
		<CLASSINFO>C 1</CLASSINFO>
		<VALUES>[0.13326826445306572, 0.0028522858862196883, 0.12429946145406703, 0.003192381528073349, 0.10064816079438602, 0.00388039443397305, 0.04710970660339934, 0.004901681771618677, 0.010890876465473476, 0.003340650099574394, 0.007336210286376138, 0.0029534062437829947]</VALUES>
		<LCS_MIN>[0.12280088663101196, 0.11136320978403091, 0.08927808701992035, 0.03821885958313942, 0.0023095521610230207, -0.001995461294427514]</LCS_MIN>
		<LCS_MAX>[0.14250032603740692, 0.13297481834888458, 0.11392484605312347, 0.08804596960544586, 0.04518521949648857, 0.03081539086997509]</LCS_MAX>
		<WAVELENGTH>[0.485, 0.56, 0.66, 0.835, 1.65, 2.22]</WAVELENGTH>
		<MEAN_VALUE>[0.13326826445306572, 0.12429946145406703, 0.10064816079438602, 0.04710970660339934, 0.010890876465473476, 0.007336210286376138]</MEAN_VALUE>
		<CHECKBOX>2</CHECKBOX>
		<SD>[0.0028522858862196883, 0.003192381528073349, 0.00388039443397305, 0.004901681771618677, 0.003340650099574394, 0.0029534062437829947]</SD>
		<WAVELENGTH_UNIT>E-6m</WAVELENGTH_UNIT>
		<COLOR>#6720cb</COLOR>
		<COVARIANCE_MATRIX>[[8.139451892930083e-06, 6.3701004364702385e-06, 6.6748248173098546e-06, 3.2552227366977604e-06, 4.034588982904097e-06, 3.3419232750020456e-06], [6.3701004364702385e-06, 1.0196206858381629e-05, 8.257134140876587e-06, 3.8745706660847645e-06, 4.659158094000304e-06, 3.896497219102457e-06], [6.6748248173098546e-06, 8.257134140876587e-06, 1.5064710169099271e-05, 1.0435788681206759e-05, 7.450061730196467e-06, 5.491943284141598e-06], [3.2552227366977604e-06, 3.8745706660847645e-06, 1.0435788681206759e-05, 2.4038052288233303e-05, 1.1589984751481097e-05, 7.411681508529e-06], [4.034588982904097e-06, 4.659158094000304e-06, 7.450061730196467e-06, 1.1589984751481097e-05, 1.1165316209371667e-05, 5.813700227008667e-06], [3.3419232750020456e-06, 3.896497219102457e-06, 5.491943284141598e-06, 7.411681508529e-06, 5.813700227008667e-06, 8.726808118808549e-06]]</COVARIANCE_MATRIX>
		<ROI_SIZE>2078</ROI_SIZE>
		<MAX_VALUE>[0.14250032603740692, 0.13297481834888458, 0.11392484605312347, 0.08804596960544586, 0.04518521949648857, 0.03081539086997509]</MAX_VALUE>
		<MIN_VALUE>[0.12280088663101196, 0.11136320978403091, 0.08927808701992035, 0.03821885958313942, 0.0023095521610230207, -0.001995461294427514]</MIN_VALUE>
		<SIGNATURE_THRESHOLD_MD>0.0</SIGNATURE_THRESHOLD_MD>
		<SIGNATURE_THRESHOLD_ML>0.0</SIGNATURE_THRESHOLD_ML>
		<SIGNATURE_THRESHOLD_SAM>0.0</SIGNATURE_THRESHOLD_SAM>
	</signature>
	<signature ID="20200602_111657322714_623">
		<MACROCLASSID>2</MACROCLASSID>
		<MACROCLASSINFO>vegetation</MACROCLASSINFO>
		<CLASSID>11</CLASSID>
		<CLASSINFO>C 1</CLASSINFO>
		<VALUES>[0.08210066120283545, 0.002797658938930429, 0.06452642848419661, 0.004452199752184322, 0.038291405806935824, 0.00428413530850482, 0.267539838042397, 0.025831394000640273, 0.1086149260115164, 0.014953308266301514, 0.03691566314843768, 0.007656934043188353]</VALUES>
		<LCS_MIN>[0.0758252963423729, 0.0548405796289444, 0.02920161932706833, 0.21973185241222382, 0.07091061770915985, 0.018511319532990456]</LCS_MIN>
		<LCS_MAX>[0.10461678355932236, 0.0864267498254776, 0.06463134288787842, 0.3193860352039337, 0.1588057428598404, 0.07182896137237549]</LCS_MAX>
		<WAVELENGTH>[0.485, 0.56, 0.66, 0.835, 1.65, 2.22]</WAVELENGTH>
		<MEAN_VALUE>[0.08210066120283545, 0.06452642848419661, 0.038291405806935824, 0.267539838042397, 0.1086149260115164, 0.03691566314843768]</MEAN_VALUE>
		<CHECKBOX>2</CHECKBOX>
		<SD>[0.002797658938930429, 0.004452199752184322, 0.00428413530850482, 0.025831394000640273, 0.014953308266301514, 0.007656934043188353]</SD>
		<WAVELENGTH_UNIT>E-6m</WAVELENGTH_UNIT>
		<COLOR>#499f8c</COLOR>
		<COVARIANCE_MATRIX>[[7.831601578800473e-06, 7.914670277386904e-06, 8.315633749589324e-06, 8.488123967254069e-06, 1.826439256547019e-05, 1.211399012390757e-05], [7.914670277386904e-06, 1.9834002159768716e-05, 1.529784822196234e-05, 5.3001600463176146e-05, 4.5181608584243804e-05, 2.4617564122308977e-05], [8.315633749589324e-06, 1.529784822196234e-05, 1.836485171224922e-05, 2.2165297195897438e-05, 3.484223270788789e-05, 2.2446374714490958e-05], [8.488123967254069e-06, 5.3001600463176146e-05, 2.2165297195897438e-05, 0.000667662126943469, 0.00025744724553078413, 8.981253631645814e-05], [1.826439256547019e-05, 4.5181608584243804e-05, 3.484223270788789e-05, 0.00025744724553078413, 0.00022373588581103832, 9.987744851969182e-05], [1.211399012390757e-05, 2.4617564122308977e-05, 2.2446374714490958e-05, 8.981253631645814e-05, 9.987744851969182e-05, 5.8663892559707165e-05]]</COVARIANCE_MATRIX>
		<ROI_SIZE>1664</ROI_SIZE>
		<MAX_VALUE>[0.10461678355932236, 0.0864267498254776, 0.06463134288787842, 0.3193860352039337, 0.1588057428598404, 0.07182896137237549]</MAX_VALUE>
		<MIN_VALUE>[0.0758252963423729, 0.0548405796289444, 0.02920161932706833, 0.21973185241222382, 0.07091061770915985, 0.018511319532990456]</MIN_VALUE>
		<SIGNATURE_THRESHOLD_MD>0.0</SIGNATURE_THRESHOLD_MD>
		<SIGNATURE_THRESHOLD_ML>0.0</SIGNATURE_THRESHOLD_ML>
		<SIGNATURE_THRESHOLD_SAM>0.0</SIGNATURE_THRESHOLD_SAM>
	</signature>
	<signature ID="20200602_111813016243_543">
		<MACROCLASSID>2</MACROCLASSID>
		<MACROCLASSINFO>vegetation</MACROCLASSINFO>
		<CLASSID>12</CLASSID>
		<CLASSINFO>C 1</CLASSINFO>
		<VALUES>[0.08171894209226586, 0.0025644896252041403, 0.06236480233686364, 0.0038660628895401247, 0.03750545721656333, 0.004152483180202163, 0.24922862198824677, 0.01934498257029176, 0.10436257337763295, 0.01275892207864266, 0.03583260741531073, 0.007162791730080063]</VALUES>
		<LCS_MIN>[0.07430995255708694, 0.05317814275622368, 0.02920161932706833, 0.1805819869041443, 0.06662305444478989, 0.018511319532990456]</LCS_MIN>
		<LCS_MAX>[0.10158608853816986, 0.0864267498254776, 0.06309091299772263, 0.27667710185050964, 0.14808683097362518, 0.0820823386311531]</LCS_MAX>
		<WAVELENGTH>[0.485, 0.56, 0.66, 0.835, 1.65, 2.22]</WAVELENGTH>
		<MEAN_VALUE>[0.08171894209226586, 0.06236480233686364, 0.03750545721656333, 0.24922862198824677, 0.10436257337763295, 0.03583260741531073]</MEAN_VALUE>
		<CHECKBOX>2</CHECKBOX>
		<SD>[0.0025644896252041403, 0.0038660628895401247, 0.004152483180202163, 0.01934498257029176, 0.01275892207864266, 0.007162791730080063]</SD>
		<WAVELENGTH_UNIT>E-6m</WAVELENGTH_UNIT>
		<COLOR>#c9d877</COLOR>
		<COVARIANCE_MATRIX>[[6.585181381524308e-06, 6.420100362447556e-06, 7.149497832870111e-06, 7.203560016932897e-06, 1.4757686585653573e-05, 1.0833477972482797e-05], [6.420100362447556e-06, 1.4965929040045012e-05, 1.2480989425966982e-05, 3.051502426387742e-05, 3.311545151518658e-05, 1.9270441043772735e-05], [7.149497832870111e-06, 1.2480989425966982e-05, 1.7265598216908984e-05, 9.46870022744406e-06, 2.9009497666265815e-05, 2.0988079995731823e-05], [7.203560016932897e-06, 3.051502426387742e-05, 9.46870022744406e-06, 0.0003747162700165063, 0.0001567905565025285, 5.022656114306301e-05], [1.4757686585653573e-05, 3.311545151518658e-05, 2.9009497666265815e-05, 0.0001567905565025285, 0.00016300233255606145, 7.694095256738365e-05], [1.0833477972482797e-05, 1.9270441043772735e-05, 2.0988079995731823e-05, 5.022656114306301e-05, 7.694095256738365e-05, 5.1372477173572406e-05]]</COVARIANCE_MATRIX>
		<ROI_SIZE>768</ROI_SIZE>
		<MAX_VALUE>[0.10158608853816986, 0.0864267498254776, 0.06309091299772263, 0.27667710185050964, 0.14808683097362518, 0.0820823386311531]</MAX_VALUE>
		<MIN_VALUE>[0.07430995255708694, 0.05317814275622368, 0.02920161932706833, 0.1805819869041443, 0.06662305444478989, 0.018511319532990456]</MIN_VALUE>
		<SIGNATURE_THRESHOLD_MD>0.0</SIGNATURE_THRESHOLD_MD>
		<SIGNATURE_THRESHOLD_ML>0.0</SIGNATURE_THRESHOLD_ML>
		<SIGNATURE_THRESHOLD_SAM>0.0</SIGNATURE_THRESHOLD_SAM>
	</signature>
	<signature ID="20200602_111846146978_447">
		<MACROCLASSID>2</MACROCLASSID>
		<MACROCLASSINFO>vegetation</MACROCLASSINFO>
		<CLASSID>13</CLASSID>
		<CLASSINFO>C 1</CLASSINFO>
		<VALUES>[0.07859649840895443, 0.002101211392728478, 0.054199134378128414, 0.0032575626958818936, 0.03204682726225896, 0.002594746219198983, 0.16065764677238795, 0.031174837686911136, 0.06424922859253675, 0.014908256076881515, 0.023511604262413846, 0.006089159021582593]</VALUES>
		<LCS_MIN>[0.07127926498651505, 0.04486599192023277, 0.02303992584347725, 0.06669148057699203, 0.015172252431511879, 0.0021058949641883373]</LCS_MIN>
		<LCS_MAX>[0.0849173367023468, 0.061490293592214584, 0.0399845726788044, 0.20193643867969513, 0.09877979755401611, 0.04311945661902428]</LCS_MAX>
		<WAVELENGTH>[0.485, 0.56, 0.66, 0.835, 1.65, 2.22]</WAVELENGTH>
		<MEAN_VALUE>[0.07859649840895443, 0.054199134378128414, 0.03204682726225896, 0.16065764677238795, 0.06424922859253675, 0.023511604262413846]</MEAN_VALUE>
		<CHECKBOX>2</CHECKBOX>
		<SD>[0.002101211392728478, 0.0032575626958818936, 0.002594746219198983, 0.031174837686911136, 0.014908256076881515, 0.006089159021582593]</SD>
		<WAVELENGTH_UNIT>E-6m</WAVELENGTH_UNIT>
		<COLOR>#35d176</COLOR>
		<COVARIANCE_MATRIX>[[4.425192400958622e-06, 3.447612243689946e-06, 2.3370816961687524e-06, 3.547102460288443e-05, 1.6368825527024455e-05, 5.382095878303517e-06], [3.447612243689946e-06, 1.0635997568897437e-05, 5.761308784713037e-06, 8.318490290548652e-05, 4.074307798873633e-05, 1.4261178876040503e-05], [2.3370816961687524e-06, 5.761308784713037e-06, 6.7481146288628224e-06, 4.787353100255132e-05, 2.7460066121420823e-05, 1.0838388334377669e-05], [3.547102460288443e-05, 8.318490290548652e-05, 4.787353100255132e-05, 0.0009740944369696081, 0.0004076995828654617, 0.00012549199163913727], [1.6368825527024455e-05, 4.074307798873633e-05, 2.7460066121420823e-05, 0.0004076995828654617, 0.0002227646909886971, 7.874549191910774e-05], [5.382095878303517e-06, 1.4261178876040503e-05, 1.0838388334377669e-05, 0.00012549199163913727, 7.874549191910774e-05, 3.716270293807611e-05]]</COVARIANCE_MATRIX>
		<ROI_SIZE>438</ROI_SIZE>
		<MAX_VALUE>[0.0849173367023468, 0.061490293592214584, 0.0399845726788044, 0.20193643867969513, 0.09877979755401611, 0.04311945661902428]</MAX_VALUE>
		<MIN_VALUE>[0.07127926498651505, 0.04486599192023277, 0.02303992584347725, 0.06669148057699203, 0.015172252431511879, 0.0021058949641883373]</MIN_VALUE>
		<SIGNATURE_THRESHOLD_MD>0.0</SIGNATURE_THRESHOLD_MD>
		<SIGNATURE_THRESHOLD_ML>0.0</SIGNATURE_THRESHOLD_ML>
		<SIGNATURE_THRESHOLD_SAM>0.0</SIGNATURE_THRESHOLD_SAM>
	</signature>
	<signature ID="20200602_111858068922_469">
		<MACROCLASSID>2</MACROCLASSID>
		<MACROCLASSINFO>vegetation</MACROCLASSINFO>
		<CLASSID>14</CLASSID>
		<CLASSINFO>C 1</CLASSINFO>
		<VALUES>[0.09434890486448705, 0.006624826678916181, 0.07959038568493308, 0.008654969764073147, 0.05239788885646594, 0.010348478833925279, 0.30493481605204037, 0.026960123365035192, 0.16762370884998481, 0.02445711478883132, 0.0670000333385448, 0.01527835903387593]</VALUES>
		<LCS_MIN>[0.08340199291706085, 0.061490293592214584, 0.03536330908536911, 0.22329093515872955, 0.09020467102527618, 0.028764711692929268]</LCS_MIN>
		<LCS_MAX>[0.14250032603740692, 0.12964995205402374, 0.10776317119598389, 0.35853585600852966, 0.22097544372081757, 0.12514659762382507]</LCS_MAX>
		<WAVELENGTH>[0.485, 0.56, 0.66, 0.835, 1.65, 2.22]</WAVELENGTH>
		<MEAN_VALUE>[0.09434890486448705, 0.07959038568493308, 0.05239788885646594, 0.30493481605204037, 0.16762370884998481, 0.0670000333385448]</MEAN_VALUE>
		<CHECKBOX>2</CHECKBOX>
		<SD>[0.006624826678916181, 0.008654969764073147, 0.010348478833925279, 0.026960123365035192, 0.02445711478883132, 0.01527835903387593]</SD>
		<WAVELENGTH_UNIT>E-6m</WAVELENGTH_UNIT>
		<COLOR>#53078b</COLOR>
		<COVARIANCE_MATRIX>[[4.3910240492550656e-05, 5.110038910061121e-05, 6.224877142813057e-05, 3.8156604205141775e-06, 9.334571223007515e-05, 7.473349251085892e-05], [5.110038910061121e-05, 7.494589954148978e-05, 8.324109512614086e-05, 5.336988397175446e-05, 0.0001685659954091534, 0.00011448547593317926], [6.224877142813057e-05, 8.324109512614086e-05, 0.00010714447853388265, -6.820772796345409e-06, 0.0001713812380330637, 0.0001383257913403213], [3.8156604205141775e-06, 5.336988397175446e-05, -6.820772796345409e-06, 0.0007272111251950264, 0.0003288232546765357, 4.778863149113022e-05], [9.334571223007515e-05, 0.0001685659954091534, 0.0001713812380330637, 0.0003288232546765357, 0.0005984490853734314, 0.00032222384470514953], [7.473349251085892e-05, 0.00011448547593317926, 0.0001383257913403213, 4.778863149113022e-05, 0.00032222384470514953, 0.00023354479344561696]]</COVARIANCE_MATRIX>
		<ROI_SIZE>2004</ROI_SIZE>
		<MAX_VALUE>[0.14250032603740692, 0.12964995205402374, 0.10776317119598389, 0.35853585600852966, 0.22097544372081757, 0.12514659762382507]</MAX_VALUE>
		<MIN_VALUE>[0.08340199291706085, 0.061490293592214584, 0.03536330908536911, 0.22329093515872955, 0.09020467102527618, 0.028764711692929268]</MIN_VALUE>
		<SIGNATURE_THRESHOLD_MD>0.0</SIGNATURE_THRESHOLD_MD>
		<SIGNATURE_THRESHOLD_ML>0.0</SIGNATURE_THRESHOLD_ML>
		<SIGNATURE_THRESHOLD_SAM>0.0</SIGNATURE_THRESHOLD_SAM>
	</signature>
	<signature ID="20200602_111919969119_927">
		<MACROCLASSID>2</MACROCLASSID>
		<MACROCLASSINFO>vegetation</MACROCLASSINFO>
		<CLASSID>15</CLASSID>
		<CLASSINFO>C 1</CLASSINFO>
		<VALUES>[0.08540225017815833, 0.001985968819436326, 0.06437461173161865, 0.003400788313473658, 0.0388446612469852, 0.0030430255835289404, 0.212880617827177, 0.024378872718077375, 0.102209858186543, 0.014218634108070092, 0.03811580304056406, 0.006205259239076717]</VALUES>
		<LCS_MIN>[0.08037131279706955, 0.05317814275622368, 0.03228246420621872, 0.14855027198791504, 0.062335483729839325, 0.020562000572681427]</LCS_MIN>
		<LCS_MAX>[0.09097870439291, 0.07312731444835663, 0.050767529755830765, 0.24820443987846375, 0.13308033347129822, 0.057474203407764435]</LCS_MAX>
		<WAVELENGTH>[0.485, 0.56, 0.66, 0.835, 1.65, 2.22]</WAVELENGTH>
		<MEAN_VALUE>[0.08540225017815833, 0.06437461173161865, 0.0388446612469852, 0.212880617827177, 0.102209858186543, 0.03811580304056406]</MEAN_VALUE>
		<CHECKBOX>2</CHECKBOX>
		<SD>[0.001985968819436326, 0.003400788313473658, 0.0030430255835289404, 0.024378872718077375, 0.014218634108070092, 0.006205259239076717]</SD>
		<WAVELENGTH_UNIT>E-6m</WAVELENGTH_UNIT>
		<COLOR>#ec7726</COLOR>
		<COVARIANCE_MATRIX>[[3.963891685998533e-06, 3.544032324498403e-06, 3.054022727155825e-06, 1.3664659491041675e-05, 1.3803977708448656e-05, 5.8739256019180175e-06], [3.544032324498403e-06, 1.1623478712863289e-05, 7.139223271224182e-06, 5.5598597100470215e-05, 4.082894156454131e-05, 1.6371954188798554e-05], [3.054022727155825e-06, 7.139223271224182e-06, 9.306537322117947e-06, 2.2648995582130738e-05, 2.7958632927038707e-05, 1.3157575267541688e-05], [1.3664659491041675e-05, 5.5598597100470215e-05, 2.2648995582130738e-05, 0.0005973160150460899, 0.0002769382845144719, 9.780022810446098e-05], [1.3803977708448656e-05, 4.082894156454131e-05, 2.7958632927038707e-05, 0.0002769382845144719, 0.00020318548195064068, 7.996684144018218e-05], [5.8739256019180175e-06, 1.6371954188798554e-05, 1.3157575267541688e-05, 9.780022810446098e-05, 7.996684144018218e-05, 3.8698737625963986e-05]]</COVARIANCE_MATRIX>
		<ROI_SIZE>200</ROI_SIZE>
		<MAX_VALUE>[0.09097870439291, 0.07312731444835663, 0.050767529755830765, 0.24820443987846375, 0.13308033347129822, 0.057474203407764435]</MAX_VALUE>
		<MIN_VALUE>[0.08037131279706955, 0.05317814275622368, 0.03228246420621872, 0.14855027198791504, 0.062335483729839325, 0.020562000572681427]</MIN_VALUE>
		<SIGNATURE_THRESHOLD_MD>0.0</SIGNATURE_THRESHOLD_MD>
		<SIGNATURE_THRESHOLD_ML>0.0</SIGNATURE_THRESHOLD_ML>
		<SIGNATURE_THRESHOLD_SAM>0.0</SIGNATURE_THRESHOLD_SAM>
	</signature>
	<signature ID="20200602_111935690794_180">
		<MACROCLASSID>2</MACROCLASSID>
		<MACROCLASSINFO>vegetation</MACROCLASSINFO>
		<CLASSID>16</CLASSID>
		<CLASSINFO>C 1</CLASSINFO>
		<VALUES>[0.08850990198183771, 0.0041082631049450995, 0.07376265776076221, 0.006271828995567063, 0.04516176604619712, 0.007438624892119386, 0.31061166117687045, 0.03365486387646065, 0.1471857988708977, 0.02324169249998804, 0.05491999302815541, 0.01244054911624908]</VALUES>
