<?xml version="1.0" ?>
<signaturelist MCID_LIST="[['1', 'waterbody', '#0000ff'], ['2', 'vegetation', '#00ff00'], ['3', 'bareland', '#ffaa00'], ['4', 'built-up', '#ff0000']]">
	<signature ID="20210204_160830885995_606">
		<MACROCLASSID>1</MACROCLASSID>
		<MACROCLASSINFO>waterbody</MACROCLASSINFO>
		<CLASSID>1</CLASSID>
		<CLASSINFO>C 1</CLASSINFO>
		<VALUES>[0.10794521472463676, 0.004660229476262943, 0.07918546921129833, 0.007764534087083209, 0.048997108861517806, 0.006262120549354155, 0.04198958087138084, 0.0126703292457321, 0.011098960784661738, 0.006746320324080844, 0.005309066530079804, 0.0036192203491243863]</VALUES>
		<LCS_MIN>[0.09512551128864288, 0.05852644890546799, 0.03213852271437645, 0.0263945534825325, 0.0, 0.0]</LCS_MIN>
		<LCS_MAX>[0.12514491379261017, 0.10609674453735352, 0.07113152742385864, 0.10081805288791656, 0.06624539196491241, 0.03391459211707115]</LCS_MAX>
		<WAVELENGTH>[0.485, 0.56, 0.66, 0.835, 1.65, 2.22]</WAVELENGTH>
		<MEAN_VALUE>[0.10794521472463676, 0.07918546921129833, 0.048997108861517806, 0.04198958087138084, 0.011098960784661738, 0.005309066530079804]</MEAN_VALUE>
		<CHECKBOX>2</CHECKBOX>
		<SD>[0.004660229476262943, 0.007764534087083209, 0.006262120549354155, 0.0126703292457321, 0.006746320324080844, 0.0036192203491243863]</SD>
		<WAVELENGTH_UNIT>E-6m</WAVELENGTH_UNIT>
		<COLOR>#cbe5ec</COLOR>
		<COVARIANCE_MATRIX>[[2.1287186599975575e-05, 3.1789270101145704e-05, 2.4352572438893704e-05, 9.857449971937397e-06, 4.432061953000606e-06, 2.8056277379395637e-06], [3.1789270101145704e-05, 5.973934931761461e-05, 4.491362813817456e-05, 2.6712847036459257e-05, 1.1350222630170541e-05, 6.242083377098278e-06], [2.4352572438893704e-05, 4.491362813817456e-05, 3.991794804291878e-05, 2.8262100761310426e-05, 1.2982893525157215e-05, 6.758194253594889e-06], [9.857449971937397e-06, 2.6712847036459257e-05, 2.8262100761310426e-05, 0.0001669094479305868, 7.827463081719914e-05, 3.313017551444549e-05], [4.432061953000606e-06, 1.1350222630170541e-05, 1.2982893525157215e-05, 7.827463081719914e-05, 4.9494631032449294e-05, 2.0395555681024788e-05], [2.8056277379395637e-06, 6.242083377098278e-06, 6.758194253594889e-06, 3.313017551444549e-05, 2.0395555681024788e-05, 1.4065408507920945e-05]]</COVARIANCE_MATRIX>
		<ROI_SIZE>47404</ROI_SIZE>
		<MAX_VALUE>[0.12514491379261017, 0.10609674453735352, 0.07113152742385864, 0.10081805288791656, 0.06624539196491241, 0.03391459211707115]</MAX_VALUE>
		<MIN_VALUE>[0.09512551128864288, 0.05852644890546799, 0.03213852271437645, 0.0263945534825325, 0.0, 0.0]</MIN_VALUE>
		<SIGNATURE_THRESHOLD_MD>0</SIGNATURE_THRESHOLD_MD>
		<SIGNATURE_THRESHOLD_ML>0</SIGNATURE_THRESHOLD_ML>
		<SIGNATURE_THRESHOLD_SAM>0</SIGNATURE_THRESHOLD_SAM>
	</signature>
	<signature ID="20210204_160841327442_484">
		<MACROCLASSID>1</MACROCLASSID>
		<MACROCLASSINFO>waterbody</MACROCLASSINFO>
		<CLASSID>2</CLASSID>
		<CLASSINFO>C 1</CLASSINFO>
		<VALUES>[0.1022061028304588, 0.002011077687020948, 0.06761947070972198, 0.0025385350701196893, 0.040731434042688947, 0.0024578036856394503, 0.03599245185649609, 0.01290134459427012, 0.009690022525229946, 0.0071123574081434, 0.004714970557802821, 0.003774839730101064]</VALUES>
		<LCS_MIN>[0.09512551128864288, 0.06035607308149338, 0.03213852271437645, 0.02247752994298935, 0.0, 0.0]</LCS_MIN>
		<LCS_MAX>[0.11013521999120712, 0.08414122462272644, 0.06435013562440872, 0.09298401325941086, 0.073323555290699, 0.051969967782497406]</LCS_MAX>
		<WAVELENGTH>[0.485, 0.56, 0.66, 0.835, 1.65, 2.22]</WAVELENGTH>
		<MEAN_VALUE>[0.1022061028304588, 0.06761947070972198, 0.040731434042688947, 0.03599245185649609, 0.009690022525229946, 0.004714970557802821]</MEAN_VALUE>
		<CHECKBOX>2</CHECKBOX>
		<SD>[0.002011077687020948, 0.0025385350701196893, 0.0024578036856394503, 0.01290134459427012, 0.0071123574081434, 0.003774839730101064]</SD>
		<WAVELENGTH_UNIT>E-6m</WAVELENGTH_UNIT>
		<COLOR>#59ac92</COLOR>
		<COVARIANCE_MATRIX>[[4.014279320400847e-06, 1.5013913009689779e-06, 1.014788557734263e-06, 9.441483906170958e-07, 7.921680381891037e-07, 4.3526381902666357e-07], [1.5013913009689779e-06, 6.279541822693168e-06, 3.1309095768793426e-06, 1.5255077241673953e-05, 7.3424234656305424e-06, 3.211577036750048e-06], [1.014788557734263e-06, 3.1309095768793426e-06, 5.8711211822713465e-06, 1.4588718896604413e-05, 7.778463123134446e-06, 3.620981707099696e-06], [9.441483906170958e-07, 1.5255077241673953e-05, 1.4588718896604413e-05, 0.00015265438376459837, 7.079490369330531e-05, 2.972059752492866e-05], [7.921680381891037e-07, 7.3424234656305424e-06, 7.778463123134446e-06, 7.079490369330531e-05, 4.611991313628933e-05, 1.8952044785731263e-05], [4.3526381902666357e-07, 3.211577036750048e-06, 3.620981707099696e-06, 2.972059752492866e-05, 1.8952044785731263e-05, 1.347618400287556e-05]]</COVARIANCE_MATRIX>
		<ROI_SIZE>72424</ROI_SIZE>
		<MAX_VALUE>[0.11013521999120712, 0.08414122462272644, 0.06435013562440872, 0.09298401325941086, 0.073323555290699, 0.051969967782497406]</MAX_VALUE>
		<MIN_VALUE>[0.09512551128864288, 0.06035607308149338, 0.03213852271437645, 0.02247752994298935, 0.0, 0.0]</MIN_VALUE>
		<SIGNATURE_THRESHOLD_MD>0</SIGNATURE_THRESHOLD_MD>
		<SIGNATURE_THRESHOLD_ML>0</SIGNATURE_THRESHOLD_ML>
		<SIGNATURE_THRESHOLD_SAM>0</SIGNATURE_THRESHOLD_SAM>
	</signature>
	<signature ID="20210204_160855487907_602">
		<MACROCLASSID>1</MACROCLASSID>
		<MACROCLASSINFO>waterbody</MACROCLASSINFO>
		<CLASSID>3</CLASSID>
		<CLASSINFO>C 1</CLASSINFO>
		<VALUES>[0.0932620643353835, 0.002936598079840346, 0.06268336305733159, 0.004651381929021581, 0.03901109422546997, 0.004996530364071044, 0.0348434796738014, 0.013217914667896215, 0.009749888539051345, 0.007427455055448952, 0.005008194569309988, 0.004169115874841435]</VALUES>
		<LCS_MIN>[0.0834513008594513, 0.05486718565225601, 0.03044317476451397, 0.02247752994298935, 0.0, 0.0]</LCS_MIN>
		<LCS_MAX>[0.1151384487748146, 0.09877824783325195, 0.06604548543691635, 0.09298401325941086, 0.073323555290699, 0.04294228553771973]</LCS_MAX>
		<WAVELENGTH>[0.485, 0.56, 0.66, 0.835, 1.65, 2.22]</WAVELENGTH>
		<MEAN_VALUE>[0.0932620643353835, 0.06268336305733159, 0.03901109422546997, 0.0348434796738014, 0.009749888539051345, 0.005008194569309988]</MEAN_VALUE>
		<CHECKBOX>2</CHECKBOX>
		<SD>[0.002936598079840346, 0.004651381929021581, 0.004996530364071044, 0.013217914667896215, 0.007427455055448952, 0.004169115874841435]</SD>
		<WAVELENGTH_UNIT>E-6m</WAVELENGTH_UNIT>
		<COLOR>#f6c256</COLOR>
		<COVARIANCE_MATRIX>[[8.421438398885778e-06, 9.114708027852679e-06, 8.720588779742617e-06, -3.1063811202872645e-07, 8.678215369881777e-07, 1.0522510491865294e-06], [9.114708027852679e-06, 1.9168086903076098e-05, 1.7110082245531726e-05, 1.420190861492526e-05, 7.875015162754544e-06, 4.333939478246473e-06], [8.720588779742617e-06, 1.7110082245531726e-05, 2.207626527434383e-05, 1.9243241209535024e-05, 1.0902744294912391e-05, 5.951659873986393e-06], [-3.1063811202872645e-07, 1.420190861492526e-05, 1.9243241209535024e-05, 0.00018754817614177513, 8.542687815910906e-05, 3.5587459834167464e-05], [8.678215369881777e-07, 7.875015162754544e-06, 1.0902744294912391e-05, 8.542687815910906e-05, 5.306267751224188e-05, 2.2489475438834238e-05], [1.0522510491865294e-06, 4.333939478246473e-06, 5.951659873986393e-06, 3.5587459834167464e-05, 2.2489475438834238e-05, 1.55610374304957e-05]]</COVARIANCE_MATRIX>
		<ROI_SIZE>23951</ROI_SIZE>
		<MAX_VALUE>[0.1151384487748146, 0.09877824783325195, 0.06604548543691635, 0.09298401325941086, 0.073323555290699, 0.04294228553771973]</MAX_VALUE>
		<MIN_VALUE>[0.0834513008594513, 0.05486718565225601, 0.03044317476451397, 0.02247752994298935, 0.0, 0.0]</MIN_VALUE>
		<SIGNATURE_THRESHOLD_MD>0</SIGNATURE_THRESHOLD_MD>
		<SIGNATURE_THRESHOLD_ML>0</SIGNATURE_THRESHOLD_ML>
		<SIGNATURE_THRESHOLD_SAM>0</SIGNATURE_THRESHOLD_SAM>
	</signature>
	<signature ID="20210204_160919042256_236">
		<MACROCLASSID>1</MACROCLASSID>
		<MACROCLASSINFO>waterbody</MACROCLASSINFO>
		<CLASSID>4</CLASSID>
		<CLASSINFO>C 1</CLASSINFO>
		<VALUES>[0.12962424916980778, 0.0037799058892490672, 0.12465644701925249, 0.004938482186786101, 0.10228687411671539, 0.007316029223971448, 0.07020988017905751, 0.018982993170310984, 0.027772013334489153, 0.01789177334942786, 0.016721337458742186, 0.011842376343124222]</VALUES>
		<LCS_MIN>[0.11013521999120712, 0.09694861620664597, 0.0745222195982933, 0.0342286117374897, 0.0, 0.0]</LCS_MIN>
		<LCS_MAX>[0.140154629945755, 0.13903003931045532, 0.125382661819458, 0.12040319293737411, 0.08040172606706619, 0.06325457245111465]</LCS_MAX>
		<WAVELENGTH>[0.485, 0.56, 0.66, 0.835, 1.65, 2.22]</WAVELENGTH>
		<MEAN_VALUE>[0.12962424916980778, 0.12465644701925249, 0.10228687411671539, 0.07020988017905751, 0.027772013334489153, 0.016721337458742186]</MEAN_VALUE>
		<CHECKBOX>2</CHECKBOX>
		<SD>[0.0037799058892490672, 0.004938482186786101, 0.007316029223971448, 0.018982993170310984, 0.01789177334942786, 0.011842376343124222]</SD>
		<WAVELENGTH_UNIT>E-6m</WAVELENGTH_UNIT>
		<COLOR>#af1105</COLOR>
		<COVARIANCE_MATRIX>[[1.700794826176138e-05, 1.5831675315027428e-05, 1.878341539681667e-05, 3.025931310437244e-06, 2.6379509574878553e-06, 3.345726084768047e-06], [1.5831675315027428e-05, 2.5452817061094773e-05, 2.66566993715017e-05, -1.0747949530729724e-06, -1.2490411667071671e-06, 1.4494587968978273e-06], [1.878341539681667e-05, 2.66566993715017e-05, 4.4748106250705634e-05, 4.9620376251922314e-05, 4.499707332609205e-05, 3.218300831972029e-05], [3.025931310437244e-06, -1.0747949530729724e-06, 4.9620376251922314e-05, 0.00035820682176032436, 0.0003059350909723056, 0.00018685822723368107], [2.6379509574878553e-06, -1.2490411667071671e-06, 4.499707332609205e-05, 0.0003059350909723056, 0.0003246223757807829, 0.00020071124721466574], [3.345726084768047e-06, 1.4494587968978273e-06, 3.218300831972029e-05, 0.00018685822723368107, 0.00020071124721466574, 0.00013739378288981513]]</COVARIANCE_MATRIX>
		<ROI_SIZE>1509</ROI_SIZE>
		<MAX_VALUE>[0.140154629945755, 0.13903003931045532, 0.125382661819458, 0.12040319293737411, 0.08040172606706619, 0.06325457245111465]</MAX_VALUE>
		<MIN_VALUE>[0.11013521999120712, 0.09694861620664597, 0.0745222195982933, 0.0342286117374897, 0.0, 0.0]</MIN_VALUE>
		<SIGNATURE_THRESHOLD_MD>0</SIGNATURE_THRESHOLD_MD>
		<SIGNATURE_THRESHOLD_ML>0</SIGNATURE_THRESHOLD_ML>
		<SIGNATURE_THRESHOLD_SAM>0</SIGNATURE_THRESHOLD_SAM>
	</signature>
	<signature ID="20210204_160933874286_476">
		<MACROCLASSID>1</MACROCLASSID>
		<MACROCLASSINFO>waterbody</MACROCLASSINFO>
		<CLASSID>5</CLASSID>
		<CLASSINFO>C 1</CLASSINFO>
		<VALUES>[0.13275955374524864, 0.002944474593817716, 0.13118385922946144, 0.004497392265195317, 0.11745863794392931, 0.006490904340925731, 0.07218938368171177, 0.019538520544098173, 0.029164488437559234, 0.02009831490348504, 0.01917031657372081, 0.014705134800441423]</VALUES>
		<LCS_MIN>[0.12347716093063354, 0.11524488776922226, 0.09656175225973129, 0.045979682356119156, 0.004901221953332424, 6.076947465771809e-05]</LCS_MIN>
		<LCS_MAX>[0.1451578587293625, 0.15366704761981964, 0.1525082290172577, 0.12432020902633667, 0.08512051403522491, 0.07002533227205276]</LCS_MAX>
		<WAVELENGTH>[0.485, 0.56, 0.66, 0.835, 1.65, 2.22]</WAVELENGTH>
		<MEAN_VALUE>[0.13275955374524864, 0.13118385922946144, 0.11745863794392931, 0.07218938368171177, 0.029164488437559234, 0.01917031657372081]</MEAN_VALUE>
		<CHECKBOX>2</CHECKBOX>
		<SD>[0.002944474593817716, 0.004497392265195317, 0.006490904340925731, 0.019538520544098173, 0.02009831490348504, 0.014705134800441423]</SD>
		<WAVELENGTH_UNIT>E-6m</WAVELENGTH_UNIT>
		<COLOR>#3b8773</COLOR>
		<COVARIANCE_MATRIX>[[1.1663481656972353e-05, 1.2792795079766316e-05, 1.8933565419556488e-05, -3.0691264028944145e-06, -8.264268306013382e-06, -4.1014175096660425e-06], [1.2792795079766316e-05, 2.383743767269589e-05, 2.848527905783902e-05, -1.174927420079755e-05, -1.7898012576741942e-05, -1.0268656282942164e-05], [1.8933565419556488e-05, 2.848527905783902e-05, 5.5940223496942724e-05, 2.5358133481079197e-05, 1.107651946344724e-05, 1.1574909070295667e-05], [-3.0691264028944145e-06, -1.174927420079755e-05, 2.5358133481079197e-05, 0.00033774670005252895, 0.00031225251655385276, 0.00021222851532514255], [-8.264268306013382e-06, -1.7898012576741942e-05, 1.107651946344724e-05, 0.00031225251655385276, 0.0003698557644235799, 0.0002559140864544369], [-4.1014175096660425e-06, -1.0268656282942164e-05, 1.1574909070295667e-05, 0.00021222851532514255, 0.0002559140864544369, 0.00018981507093991575]]</COVARIANCE_MATRIX>
		<ROI_SIZE>3066</ROI_SIZE>
		<MAX_VALUE>[0.1451578587293625, 0.15366704761981964, 0.1525082290172577, 0.12432020902633667, 0.08512051403522491, 0.07002533227205276]</MAX_VALUE>
		<MIN_VALUE>[0.12347716093063354, 0.11524488776922226, 0.09656175225973129, 0.045979682356119156, 0.004901221953332424, 6.076947465771809e-05]</MIN_VALUE>
		<SIGNATURE_THRESHOLD_MD>0</SIGNATURE_THRESHOLD_MD>
		<SIGNATURE_THRESHOLD_ML>0</SIGNATURE_THRESHOLD_ML>
		<SIGNATURE_THRESHOLD_SAM>0</SIGNATURE_THRESHOLD_SAM>
	</signature>
	<signature ID="20210204_160946702721_162">
		<MACROCLASSID>1</MACROCLASSID>
		<MACROCLASSINFO>waterbody</MACROCLASSINFO>
		<CLASSID>6</CLASSID>
		<CLASSINFO>C 1</CLASSINFO>
		<VALUES>[0.10515932164719846, 0.004683062818281558, 0.0839012751325232, 0.005377529788634102, 0.056679380111029874, 0.005706895831543466, 0.1319616261075755, 0.02252312419742491, 0.05893514287032066, 0.017383669962481304, 0.028105796513254525, 0.009160451939818737]</VALUES>
		<LCS_MIN>[0.09512551128864288, 0.07133383303880692, 0.04570130258798599, 0.08906697481870651, 0.019057568162679672, 0.006831535138189793]</LCS_MIN>
		<LCS_MAX>[0.11347070336341858, 0.10060785710811615, 0.07791291922330856, 0.18699263036251068, 0.10163626074790955, 0.051969967782497406]</LCS_MAX>
		<WAVELENGTH>[0.485, 0.56, 0.66, 0.835, 1.65, 2.22]</WAVELENGTH>
		<MEAN_VALUE>[0.10515932164719846, 0.0839012751325232, 0.056679380111029874, 0.1319616261075755, 0.05893514287032066, 0.028105796513254525]</MEAN_VALUE>
		<CHECKBOX>2</CHECKBOX>
		<SD>[0.004683062818281558, 0.005377529788634102, 0.005706895831543466, 0.02252312419742491, 0.017383669962481304, 0.009160451939818737]</SD>
		<WAVELENGTH_UNIT>E-6m</WAVELENGTH_UNIT>
		<COLOR>#b30c4c</COLOR>
		<COVARIANCE_MATRIX>[[2.229659531597074e-05, 2.131528639493661e-05, 1.6046700276263275e-05, -2.0633010991810267e-06, 1.0958478738931487e-05, 1.0888772878672155e-05], [2.131528639493661e-05, 2.939979040477455e-05, 2.2426586006735248e-05, 1.5839190164269e-05, 2.454918409596614e-05, 1.7646668126330418e-05], [1.6046700276263275e-05, 2.2426586006735248e-05, 3.311147103262295e-05, 9.565552675601575e-06, 3.712339581055745e-05, 2.880155303693325e-05], [-2.0633010991810267e-06, 1.5839190164269e-05, 9.565552675601575e-06, 0.000515745975672838, 0.0002881445521813248, 0.00012056546444985624], [1.0958478738931487e-05, 2.454918409596614e-05, 3.712339581055745e-05, 0.0002881445521813248, 0.000307228514387216, 0.00014905961755629936], [1.0888772878672155e-05, 1.7646668126330418e-05, 2.880155303693325e-05, 0.00012056546444985624, 0.00014905961755629936, 8.531244440409107e-05]]</COVARIANCE_MATRIX>
		<ROI_SIZE>61</ROI_SIZE>
		<MAX_VALUE>[0.11347070336341858, 0.10060785710811615, 0.07791291922330856, 0.18699263036251068, 0.10163626074790955, 0.051969967782497406]</MAX_VALUE>
		<MIN_VALUE>[0.09512551128864288, 0.07133383303880692, 0.04570130258798599, 0.08906697481870651, 0.019057568162679672, 0.006831535138189793]</MIN_VALUE>
		<SIGNATURE_THRESHOLD_MD>0</SIGNATURE_THRESHOLD_MD>
		<SIGNATURE_THRESHOLD_ML>0</SIGNATURE_THRESHOLD_ML>
		<SIGNATURE_THRESHOLD_SAM>0</SIGNATURE_THRESHOLD_SAM>
	</signature>
	<signature ID="20210204_160957785468_632">
		<MACROCLASSID>1</MACROCLASSID>
		<MACROCLASSINFO>waterbody</MACROCLASSINFO>
		<CLASSID>7</CLASSID>
		<CLASSINFO>C 1</CLASSINFO>
		<VALUES>[0.10596585587451336, 0.002994373596344854, 0.0843819669987026, 0.004051598233140947, 0.054824956545704275, 0.0032653214540090047, 0.13292736569909674, 0.030979979867842528, 0.056683644309247806, 0.019312047159773898, 0.025569923601946546, 0.00924787033294418]</VALUES>
		<LCS_MIN>[0.09846099466085434, 0.0731634646654129, 0.04909200221300125, 0.06948184967041016, 0.021416958421468735, 0.009088456630706787]</LCS_MIN>
		<LCS_MAX>[0.11347070336341858, 0.09328935295343399, 0.06604548543691635, 0.19090968370437622, 0.09927686303853989, 0.047456126660108566]</LCS_MAX>
		<WAVELENGTH>[0.485, 0.56, 0.66, 0.835, 1.65, 2.22]</WAVELENGTH>
		<MEAN_VALUE>[0.10596585587451336, 0.0843819669987026, 0.054824956545704275, 0.13292736569909674, 0.056683644309247806, 0.025569923601946546]</MEAN_VALUE>
		<CHECKBOX>2</CHECKBOX>
		<SD>[0.002994373596344854, 0.004051598233140947, 0.0032653214540090047, 0.030979979867842528, 0.019312047159773898, 0.00924787033294418]</SD>
		<WAVELENGTH_UNIT>E-6m</WAVELENGTH_UNIT>
		<COLOR>#733ad7</COLOR>
		<COVARIANCE_MATRIX>[[9.08582354428035e-06, 8.62516073091096e-06, 3.939523449957763e-06, -3.862945619118701e-05, -2.429121596441248e-05, -6.448932900288053e-06], [8.62516073091096e-06, 1.6634320886028066e-05, 7.741576438247757e-06, -7.3553037222990885e-06, -7.739963979091768e-06, 3.9627003997337385e-06], [3.939523449957763e-06, 7.741576438247757e-06, 1.0804488520651634e-05, 1.312883020327904e-05, 1.4481361606116323e-05, 1.2612587198537778e-05], [-3.862945619118701e-05, -7.3553037222990885e-06, 1.312883020327904e-05, 0.00097255594131342, 0.0005410504557778407, 0.00023497376686146753], [-2.429121596441248e-05, -7.739963979091768e-06, 1.4481361606116323e-05, 0.0005410504557778407, 0.0003779279010413491, 0.00016530170876518862], [-6.448932900288053e-06, 3.9627003997337385e-06, 1.2612587198537778e-05, 0.00023497376686146753, 0.00016530170876518862, 8.666341377088174e-05]]</COVARIANCE_MATRIX>
		<ROI_SIZE>76</ROI_SIZE>
		<MAX_VALUE>[0.11347070336341858, 0.09328935295343399, 0.06604548543691635, 0.19090968370437622, 0.09927686303853989, 0.047456126660108566]</MAX_VALUE>
		<MIN_VALUE>[0.09846099466085434, 0.0731634646654129, 0.04909200221300125, 0.06948184967041016, 0.021416958421468735, 0.009088456630706787]</MIN_VALUE>
		<SIGNATURE_THRESHOLD_MD>0</SIGNATURE_THRESHOLD_MD>
		<SIGNATURE_THRESHOLD_ML>0</SIGNATURE_THRESHOLD_ML>
		<SIGNATURE_THRESHOLD_SAM>0</SIGNATURE_THRESHOLD_SAM>
	</signature>
	<signature ID="20210204_161014693380_490">
		<MACROCLASSID>1</MACROCLASSID>
		<MACROCLASSINFO>waterbody</MACROCLASSINFO>
		<CLASSID>8</CLASSID>
		<CLASSINFO>C 1</CLASSINFO>
		<VALUES>[0.09639617534620423, 0.007658229865008619, 0.07338127680122851, 0.011641639614151928, 0.048123231778542205, 0.009235131089140257, 0.12338759022809209, 0.03335567134999945, 0.05770663823932407, 0.02588658262207646, 0.026498994812191954, 0.013023692782620503]</VALUES>
		<LCS_MIN>[0.08511904627084732, 0.05486718565225601, 0.03552921861410141, 0.06556481868028641, 0.021416958421468735, 0.006831535138189793]</LCS_MIN>
		<LCS_MAX>[0.1084674745798111, 0.0914597436785698, 0.06943618506193161, 0.19482670724391937, 0.1110738217830658, 0.05422688648104668]</LCS_MAX>
		<WAVELENGTH>[0.485, 0.56, 0.66, 0.835, 1.65, 2.22]</WAVELENGTH>
		<MEAN_VALUE>[0.09639617534620423, 0.07338127680122851, 0.048123231778542205, 0.12338759022809209, 0.05770663823932407, 0.026498994812191954]</MEAN_VALUE>
		<CHECKBOX>2</CHECKBOX>
		<SD>[0.007658229865008619, 0.011641639614151928, 0.009235131089140257, 0.03335567134999945, 0.02588658262207646, 0.013023692782620503]</SD>
		<WAVELENGTH_UNIT>E-6m</WAVELENGTH_UNIT>
		<COLOR>#c9420a</COLOR>
		<COVARIANCE_MATRIX>[[6.0078935510805164e-05, 8.671720870943391e-05, 6.525697207764397e-05, 4.327752268960087e-05, 6.054021549338603e-05, 4.32528620656187e-05], [8.671720870943391e-05, 0.00013883332834251812, 0.00010424179240633282, 0.00014983475255708455, 0.0001472026045116274, 9.119046424897921e-05], [6.525697207764397e-05, 0.00010424179240633282, 8.736783272710735e-05, 0.00010759358375627666, 0.00012606238667647063, 7.691198033976168e-05], [4.327752268960087e-05, 0.00014983475255708455, 0.00010759358375627666, 0.0011397374163606166, 0.0007411041766897541, 0.000327557666359456], [6.054021549338603e-05, 0.0001472026045116274, 0.00012606238667647063, 0.0007411041766897541, 0.0006864594320410437, 0.00032632544869250804], [4.32528620656187e-05, 9.119046424897921e-05, 7.691198033976168e-05, 0.000327557666359456, 0.00032632544869250804, 0.00017375356329842487]]</COVARIANCE_MATRIX>
		<ROI_SIZE>42</ROI_SIZE>
		<MAX_VALUE>[0.1084674745798111, 0.0914597436785698, 0.06943618506193161, 0.19482670724391937, 0.1110738217830658, 0.05422688648104668]</MAX_VALUE>
		<MIN_VALUE>[0.08511904627084732, 0.05486718565225601, 0.03552921861410141, 0.06556481868028641, 0.021416958421468735, 0.006831535138189793]</MIN_VALUE>
		<SIGNATURE_THRESHOLD_MD>0</SIGNATURE_THRESHOLD_MD>
		<SIGNATURE_THRESHOLD_ML>0</SIGNATURE_THRESHOLD_ML>
		<SIGNATURE_THRESHOLD_SAM>0</SIGNATURE_THRESHOLD_SAM>
	</signature>
	<signature ID="20210204_161026881379_335">
		<MACROCLASSID>1</MACROCLASSID>
		<MACROCLASSINFO>waterbody</MACROCLASSINFO>
		<CLASSID>9</CLASSID>
		<CLASSINFO>C 1</CLASSINFO>
		<VALUES>[0.10162093895569184, 0.002717753979503047, 0.08096345200350409, 0.003945402431507622, 0.052869356841894616, 0.00352224893181098, 0.1469977377799519, 0.028884381110711756, 0.06719742277473734, 0.022092682450279785, 0.02975710706883355, 0.010941155736246575]</VALUES>
		<LCS_MIN>[0.09679325670003891, 0.0731634646654129, 0.04570130258798599, 0.09690103679895401, 0.03321390971541405, 0.01360230054706335]</LCS_MIN>
		<LCS_MAX>[0.10679972916841507, 0.0896301120519638, 0.06095943972468376, 0.19874371588230133, 0.1110738217830658, 0.056483808904886246]</LCS_MAX>
		<WAVELENGTH>[0.485, 0.56, 0.66, 0.835, 1.65, 2.22]</WAVELENGTH>
		<MEAN_VALUE>[0.10162093895569184, 0.08096345200350409, 0.052869356841894616, 0.1469977377799519, 0.06719742277473734, 0.02975710706883355]</MEAN_VALUE>
		<CHECKBOX>2</CHECKBOX>
		<SD>[0.002717753979503047, 0.003945402431507622, 0.00352224893181098, 0.028884381110711756, 0.022092682450279785, 0.010941155736246575]</SD>
		<WAVELENGTH_UNIT>E-6m</WAVELENGTH_UNIT>
		<COLOR>#60ff98</COLOR>
		<COVARIANCE_MATRIX>[[7.518082884052941e-06, 7.224020429270551e-06, 2.593563267794014e-06, 2.6523037396999e-06, 4.386019744487586e-06, 1.94564932295425e-06], [7.224020429270551e-06, 1.584416820987745e-05, 8.39600169809677e-06, 4.583590010293196e-05, 2.9057310946656698e-05, 1.427800024906976e-05], [2.593563267794014e-06, 8.39600169809677e-06, 1.2627777493672926e-05, 6.222558536032374e-05, 5.033946705772085e-05, 2.630199452672724e-05], [2.6523037396999e-06, 4.583590010293196e-05, 6.222558536032374e-05, 0.0008492058198657856, 0.0005095930871069927, 0.00022888716603398432], [4.386019744487586e-06, 2.9057310946656698e-05, 5.033946705772085e-05, 0.0005095930871069927, 0.0004968024503104879, 0.00022691640202666632], [1.94564932295425e-06, 1.427800024906976e-05, 2.630199452672724e-05, 0.00022888716603398432, 0.00022691640202666632, 0.00012184654757417278]]</COVARIANCE_MATRIX>
		<ROI_SIZE>57</ROI_SIZE>
		<MAX_VALUE>[0.10679972916841507, 0.0896301120519638, 0.06095943972468376, 0.19874371588230133, 0.1110738217830658, 0.056483808904886246]</MAX_VALUE>
		<MIN_VALUE>[0.09679325670003891, 0.0731634646654129, 0.04570130258798599, 0.09690103679895401, 0.03321390971541405, 0.01360230054706335]</MIN_VALUE>
		<SIGNATURE_THRESHOLD_MD>0</SIGNATURE_THRESHOLD_MD>
		<SIGNATURE_THRESHOLD_ML>0</SIGNATURE_THRESHOLD_ML>
		<SIGNATURE_THRESHOLD_SAM>0</SIGNATURE_THRESHOLD_SAM>
	</signature>
	<signature ID="20210204_161042483951_807">
		<MACROCLASSID>1</MACROCLASSID>
		<MACROCLASSINFO>waterbody</MACROCLASSINFO>
		<CLASSID>10</CLASSID>
		<CLASSINFO>C 1</CLASSINFO>
		<VALUES>[0.10504996190305617, 0.0032584056182736677, 0.09109980893916768, 0.005183649547202657, 0.0699364452577028, 0.00874941384745015, 0.15976609765994743, 0.026112269102508405, 0.08767329791530237, 0.025723002808810458, 0.046013172685367164, 0.017860225772481593]</VALUES>
		<LCS_MIN>[0.09846099466085434, 0.08231160044670105, 0.0575687438249588, 0.10865210741758347, 0.03557330742478371, 0.018116140738129616]</LCS_MIN>
		<LCS_MAX>[0.11347070336341858, 0.10609674453735352, 0.10164778679609299, 0.21049481630325317, 0.14410530030727386, 0.097108393907547]</LCS_MAX>
		<WAVELENGTH>[0.485, 0.56, 0.66, 0.835, 1.65, 2.22]</WAVELENGTH>
		<MEAN_VALUE>[0.10504996190305617, 0.09109980893916768, 0.0699364452577028, 0.15976609765994743, 0.08767329791530237, 0.046013172685367164]</MEAN_VALUE>
		<CHECKBOX>2</CHECKBOX>
		<SD>[0.0032584056182736677, 0.005183649547202657, 0.00874941384745015, 0.026112269102508405, 0.025723002808810458, 0.017860225772481593]</SD>
		<WAVELENGTH_UNIT>E-6m</WAVELENGTH_UNIT>
		<COLOR>#02dfd7</COLOR>
		<COVARIANCE_MATRIX>[[1.0794160626084028e-05, 1.49215973971357e-05, 2.22368637526345e-05, 3.736074232377917e-05, 5.503859529289437e-05, 4.335350675501891e-05], [1.49215973971357e-05, 2.7318059672017895e-05, 3.967998605116043e-05, 6.81541065923324e-05, 9.302595461468843e-05, 7.476331656363777e-05], [2.22368637526345e-05, 3.967998605116043e-05, 7.782811338518496e-05, 6.177142251170947e-05, 0.00012790127163919617, 0.00011686109507884952], [3.736074232377917e-05, 6.81541065923324e-05, 6.177142251170947e-05, 0.0006932147743098452, 0.00046220607877573214, 0.0002675580675786053], [5.503859529289437e-05, 9.302595461468843e-05, 0.00012790127163919617, 0.00046220607877573214, 0.0006727007547271054, 0.0004373741832776875], [4.335350675501891e-05, 7.476331656363777e-05, 0.00011686109507884952, 0.0002675580675786053, 0.0004373741832776875, 0.0003243041257214161]]</COVARIANCE_MATRIX>
		<ROI_SIZE>61</ROI_SIZE>
		<MAX_VALUE>[0.11347070336341858, 0.10609674453735352, 0.10164778679609299, 0.21049481630325317, 0.14410530030727386, 0.097108393907547]</MAX_VALUE>
		<MIN_VALUE>[0.09846099466085434, 0.08231160044670105, 0.0575687438249588, 0.10865210741758347, 0.03557330742478371, 0.018116140738129616]</MIN_VALUE>
		<SIGNATURE_THRESHOLD_MD>0</SIGNATURE_THRESHOLD_MD>
		<SIGNATURE_THRESHOLD_ML>0</SIGNATURE_THRESHOLD_ML>
		<SIGNATURE_THRESHOLD_SAM>0</SIGNATURE_THRESHOLD_SAM>
	</signature>
	<signature ID="20210204_161057966230_189">
		<MACROCLASSID>1</MACROCLASSID>
		<MACROCLASSINFO>waterbody</MACROCLASSINFO>
		<CLASSID>11</CLASSID>
		<CLASSINFO>C 1</CLASSINFO>
		<VALUES>[0.10467305357346865, 0.002573471583143644, 0.09068642249129874, 0.004287116732229887, 0.06580764648886474, 0.00587420332673202, 0.04631080396185299, 0.015441043171178953, 0.016909860952018962, 0.013445816774403357, 0.009374193981621036, 0.008045995698411034]</VALUES>
		<LCS_MIN>[0.09679325670003891, 0.08048196882009506, 0.05587339401245117, 0.0263945534825325, 0.0, 0.0]</LCS_MIN>
		<LCS_MAX>[0.1151384487748146, 0.11341525614261627, 0.09486640244722366, 0.09690103679895401, 0.07568295300006866, 0.051969967782497406]</LCS_MAX>
		<WAVELENGTH>[0.485, 0.56, 0.66, 0.835, 1.65, 2.22]</WAVELENGTH>
		<MEAN_VALUE>[0.10467305357346865, 0.09068642249129874, 0.06580764648886474, 0.04631080396185299, 0.016909860952018962, 0.009374193981621036]</MEAN_VALUE>
		<CHECKBOX>2</CHECKBOX>
		<SD>[0.002573471583143644, 0.004287116732229887, 0.00587420332673202, 0.015441043171178953, 0.013445816774403357, 0.008045995698411034]</SD>
		<WAVELENGTH_UNIT>E-6m</WAVELENGTH_UNIT>
		<COLOR>#1d5fe0</COLOR>
		<COVARIANCE_MATRIX>[[6.628717065745839e-06, 7.744182132285496e-06, 1.0164598081665374e-05, 1.1806107111951731e-05, 6.857299502994565e-06, 4.322186535340646e-06], [7.744182132285496e-06, 1.839591296296213e-05, 2.0512618923189683e-05, 2.233692989026029e-05, 1.0912652215665183e-05, 6.227151349627762e-06], [1.0164598081665374e-05, 2.0512618923189683e-05, 3.453732346791499e-05, 5.596609121656987e-05, 3.760174419183275e-05, 2.1874964381778256e-05], [1.1806107111951731e-05, 2.233692989026029e-05, 5.596609121656987e-05, 0.00023864041890747488, 0.00018085480987063997, 9.950740250510358e-05], [6.857299502994565e-06, 1.0912652215665183e-05, 3.760174419183275e-05, 0.00018085480987063997, 0.00018095271599341043, 0.00010106633355168207], [4.322186535340646e-06, 6.227151349627762e-06, 2.1874964381778256e-05, 9.950740250510358e-05, 0.00010106633355168207, 6.47963168479567e-05]]</COVARIANCE_MATRIX>
		<ROI_SIZE>1112</ROI_SIZE>
		<MAX_VALUE>[0.1151384487748146, 0.11341525614261627, 0.09486640244722366, 0.09690103679895401, 0.07568295300006866, 0.051969967782497406]</MAX_VALUE>
		<MIN_VALUE>[0.09679325670003891, 0.08048196882009506, 0.05587339401245117, 0.0263945534825325, 0.0, 0.0]</MIN_VALUE>
		<SIGNATURE_THRESHOLD_MD>0</SIGNATURE_THRESHOLD_MD>
		<SIGNATURE_THRESHOLD_ML>0</SIGNATURE_THRESHOLD_ML>
		<SIGNATURE_THRESHOLD_SAM>0</SIGNATURE_THRESHOLD_SAM>
	</signature>
	<signature ID="20210204_161104565992_181">
		<MACROCLASSID>1</MACROCLASSID>
		<MACROCLASSINFO>waterbody</MACROCLASSINFO>
		<CLASSID>12</CLASSID>
		<CLASSINFO>C 1</CLASSINFO>
		<VALUES>[0.09793554475602892, 0.0021586353355634432, 0.07726702174800427, 0.0036590523183533765, 0.05371779035475305, 0.00488495305524718, 0.05022353968892713, 0.01779527261311656, 0.019130796811092213, 0.014612611609889779, 0.010091466990275685, 0.008393197700421807]</VALUES>
		<LCS_MIN>[0.09179001301527023, 0.06950420886278152, 0.04231060668826103, 0.0303115863353014, 0.0, 0.0]</LCS_MIN>
		<LCS_MAX>[0.10679972916841507, 0.10426711291074753, 0.08638965338468552, 0.10081805288791656, 0.07804233580827713, 0.04971304535865784]</LCS_MAX>
		<WAVELENGTH>[0.485, 0.56, 0.66, 0.835, 1.65, 2.22]</WAVELENGTH>
		<MEAN_VALUE>[0.09793554475602892, 0.07726702174800427, 0.05371779035475305, 0.05022353968892713, 0.019130796811092213, 0.010091466990275685]</MEAN_VALUE>
		<CHECKBOX>2</CHECKBOX>
		<SD>[0.0021586353355634432, 0.0036590523183533765, 0.00488495305524718, 0.01779527261311656, 0.014612611609889779, 0.008393197700421807]</SD>
		<WAVELENGTH_UNIT>E-6m</WAVELENGTH_UNIT>
		<COLOR>#c58b48</COLOR>
		<COVARIANCE_MATRIX>[[4.6655166198133455e-06, 4.494990338941455e-06, 5.673553517728573e-06, 1.5737778076062976e-05, 1.1578548492375e-05, 6.686345387269505e-06], [4.494990338941455e-06, 1.3405357963046264e-05, 1.3826610628287617e-05, 4.041525252523978e-05, 2.7784859622999265e-05, 1.5721954138157278e-05], [5.673553517728573e-06, 1.3826610628287617e-05, 2.3892520424726782e-05, 6.383365478072233e-05, 4.819398177357225e-05, 2.72328058149433e-05], [1.5737778076062976e-05, 4.041525252523978e-05, 6.383365478072233e-05, 0.00031706657990303555, 0.0002249977470974909, 0.0001197172598577243], [1.1578548492375e-05, 2.7784859622999265e-05, 4.819398177357225e-05, 0.0002249977470974909, 0.00021379466297178677, 0.00011496391060664974], [6.686345387269505e-06, 1.5721954138157278e-05, 2.72328058149433e-05, 0.0001197172598577243, 0.00011496391060664974, 7.053360525387498e-05]]</COVARIANCE_MATRIX>
		<ROI_SIZE>803</ROI_SIZE>
		<MAX_VALUE>[0.10679972916841507, 0.10426711291074753, 0.08638965338468552, 0.10081805288791656, 0.07804233580827713, 0.04971304535865784]</MAX_VALUE>
		<MIN_VALUE>[0.09179001301527023, 0.06950420886278152, 0.04231060668826103, 0.0303115863353014, 0.0, 0.0]</MIN_VALUE>
		<SIGNATURE_THRESHOLD_MD>0</SIGNATURE_THRESHOLD_MD>
		<SIGNATURE_THRESHOLD_ML>0</SIGNATURE_THRESHOLD_ML>
		<SIGNATURE_THRESHOLD_SAM>0</SIGNATURE_THRESHOLD_SAM>
	</signature>
	<signature ID="20210204_161110315090_854">
		<MACROCLASSID>1</MACROCLASSID>
		<MACROCLASSINFO>waterbody</MACROCLASSINFO>
		<CLASSID>13</CLASSID>
		<CLASSINFO>C 1</CLASSINFO>
		<VALUES>[0.09625026781848343, 0.0022399240796313713, 0.07147212057959204, 0.002957820027554211, 0.04841681873035985, 0.003527696002631097, 0.05578364024675174, 0.01863282171363789, 0.01779530337080361, 0.011306056867818876, 0.008979938280326878, 0.006204779201910108]</VALUES>
		<LCS_MIN>[0.0901222825050354, 0.06584495306015015, 0.04231060668826103, 0.0303115863353014, 0.0, 0.0]</LCS_MIN>
		<LCS_MAX>[0.1084674745798111, 0.08597085624933243, 0.06435013562440872, 0.10473509132862091, 0.07568295300006866, 0.04294228553771973]</LCS_MAX>
		<WAVELENGTH>[0.485, 0.56, 0.66, 0.835, 1.65, 2.22]</WAVELENGTH>
		<MEAN_VALUE>[0.09625026781848343, 0.07147212057959204, 0.04841681873035985, 0.05578364024675174, 0.01779530337080361, 0.008979938280326878]</MEAN_VALUE>
		<CHECKBOX>2</CHECKBOX>
		<SD>[0.0022399240796313713, 0.002957820027554211, 0.003527696002631097, 0.01863282171363789, 0.011306056867818876, 0.006204779201910108]</SD>
		<WAVELENGTH_UNIT>E-6m</WAVELENGTH_UNIT>
		<COLOR>#43c071</COLOR>
		<COVARIANCE_MATRIX>[[5.0245630264462115e-06, 3.406365387284384e-06, 3.789593930236749e-06, 6.110891845040179e-06, 7.3837981860050055e-06, 4.488581763342439e-06], [3.406365387284384e-06, 8.761433957781312e-06, 7.322138785417011e-06, 1.982942106921853e-05, 1.6323558734225597e-05, 9.181451697351762e-06], [3.789593930236749e-06, 7.322138785417011e-06, 1.246275355435494e-05, 3.263135269674277e-05, 2.2343848353874735e-05, 1.24252538041543e-05], [6.110891845040179e-06, 1.982942106921853e-05, 3.263135269674277e-05, 0.0003476874046119427, 0.00015876144817525986, 7.79286754513049e-05], [7.3837981860050055e-06, 1.6323558734225597e-05, 2.2343848353874735e-05, 0.00015876144817525986, 0.00012801298728685263, 6.358896977987553e-05], [4.488581763342439e-06, 9.181451697351762e-06, 1.24252538041543e-05, 7.79286754513049e-05, 6.358896977987553e-05, 3.855532466053256e-05]]</COVARIANCE_MATRIX>
		<ROI_SIZE>688</ROI_SIZE>
		<MAX_VALUE>[0.1084674745798111, 0.08597085624933243, 0.06435013562440872, 0.10473509132862091, 0.07568295300006866, 0.04294228553771973]</MAX_VALUE>
		<MIN_VALUE>[0.0901222825050354, 0.06584495306015015, 0.04231060668826103, 0.0303115863353014, 0.0, 0.0]</MIN_VALUE>
		<SIGNATURE_THRESHOLD_MD>0</SIGNATURE_THRESHOLD_MD>
		<SIGNATURE_THRESHOLD_ML>0</SIGNATURE_THRESHOLD_ML>
		<SIGNATURE_THRESHOLD_SAM>0</SIGNATURE_THRESHOLD_SAM>
	</signature>
	<signature ID="20210204_161132021965_923">
		<MACROCLASSID>1</MACROCLASSID>
		<MACROCLASSINFO>waterbody</MACROCLASSINFO>
		<CLASSID>14</CLASSID>
		<CLASSINFO>C 1</CLASSINFO>
		<VALUES>[0.10236533598382346, 0.004733048980587698, 0.08581483999426048, 0.007993137176762548, 0.059986913591161255, 0.009241971116153384, 0.09790306113833605, 0.026243506476251878, 0.040657883044896294, 0.020615738028122273, 0.02009219433414044, 0.012873294554871694]</VALUES>
		<LCS_MIN>[0.08511904627084732, 0.05486718565225601, 0.03213852271437645, 0.03814563527703285, 0.000182441042852588, 0.0]</LCS_MIN>
		<LCS_MAX>[0.11347070336341858, 0.10243748873472214, 0.08130361139774323, 0.13998833298683167, 0.09691745787858963, 0.060997650027275085]</LCS_MAX>
		<WAVELENGTH>[0.485, 0.56, 0.66, 0.835, 1.65, 2.22]</WAVELENGTH>
		<MEAN_VALUE>[0.10236533598382346, 0.08581483999426048, 0.059986913591161255, 0.09790306113833605, 0.040657883044896294, 0.02009219433414044]</MEAN_VALUE>
		<CHECKBOX>2</CHECKBOX>
		<SD>[0.004733048980587698, 0.007993137176762548, 0.009241971116153384, 0.026243506476251878, 0.020615738028122273, 0.012873294554871694]</SD>
		<WAVELENGTH_UNIT>E-6m</WAVELENGTH_UNIT>
		<COLOR>#9b4e97</COLOR>
		<COVARIANCE_MATRIX>[[2.257676634524097e-05, 3.491776336054277e-05, 3.543627267708331e-05, -1.0322316274937384e-05, 1.0057825401851174e-05, 1.6955813880088266e-05], [3.491776336054277e-05, 6.438938444159467e-05, 6.224768325847428e-05, -2.839729239579966e-05, 1.0984403299918154e-05, 2.309170460688598e-05], [3.543627267708331e-05, 6.224768325847428e-05, 8.608132722206195e-05, 1.799896376137244e-05, 5.863960408417488e-05, 5.943092773367701e-05], [-1.0322316274937384e-05, -2.839729239579966e-05, 1.799896376137244e-05, 0.0006941022699203951, 0.00044995157321468576, 0.00023100058686393487], [1.0057825401851174e-05, 1.0984403299918154e-05, 5.863960408417488e-05, 0.00044995157321468576, 0.00042832903455701206, 0.0002458307814779038], [1.6955813880088266e-05, 2.309170460688598e-05, 5.943092773367701e-05, 0.00023100058686393487, 0.0002458307814779038, 0.00016701641357693057]]</COVARIANCE_MATRIX>
		<ROI_SIZE>129</ROI_SIZE>
		<MAX_VALUE>[0.11347070336341858, 0.10243748873472214, 0.08130361139774323, 0.13998833298683167, 0.09691745787858963, 0.060997650027275085]</MAX_VALUE>
		<MIN_VALUE>[0.08511904627084732, 0.05486718565225601, 0.03213852271437645, 0.03814563527703285, 0.000182441042852588, 0.0]</MIN_VALUE>
		<SIGNATURE_THRESHOLD_MD>0</SIGNATURE_THRESHOLD_MD>
		<SIGNATURE_THRESHOLD_ML>0</SIGNATURE_THRESHOLD_ML>
		<SIGNATURE_THRESHOLD_SAM>0</SIGNATURE_THRESHOLD_SAM>
	</signature>
	<signature ID="20210204_161158871876_475">
		<MACROCLASSID>1</MACROCLASSID>
		<MACROCLASSINFO>waterbody</MACROCLASSINFO>
		<CLASSID>15</CLASSID>
		<CLASSINFO>C 1</CLASSINFO>
		<VALUES>[0.10280724524548558, 0.003043195105902196, 0.08763415072903487, 0.005083271940158211, 0.06594273549589244, 0.007057548609728808, 0.12966161424463446, 0.02637014709113383, 0.06595939804207193, 0.02207013816781406, 0.03528242586462787, 0.013495164749880061]</VALUES>
		<LCS_MIN>[0.09679325670003891, 0.07682272046804428, 0.05417804792523384, 0.08123292773962021, 0.02613573893904686, 0.011345379054546356]</LCS_MIN>
		<LCS_MAX>[0.1084674745798111, 0.09877824783325195, 0.08299896121025085, 0.17915859818458557, 0.10399564355611801, 0.060997650027275085]</LCS_MAX>
		<WAVELENGTH>[0.485, 0.56, 0.66, 0.835, 1.65, 2.22]</WAVELENGTH>
		<MEAN_VALUE>[0.10280724524548558, 0.08763415072903487, 0.06594273549589244, 0.12966161424463446, 0.06595939804207193, 0.03528242586462787]</MEAN_VALUE>
		<CHECKBOX>2</CHECKBOX>
		<SD>[0.003043195105902196, 0.005083271940158211, 0.007057548609728808, 0.02637014709113383, 0.02207013816781406, 0.013495164749880061]</SD>
		<WAVELENGTH_UNIT>E-6m</WAVELENGTH_UNIT>
		<COLOR>#c9472a</COLOR>
		<COVARIANCE_MATRIX>[[9.550443841730414e-06, 1.1043814784400918e-05, 1.4597570330474636e-05, 8.314177958195799e-06, 1.5176780149416292e-05, 1.798221510104849e-05], [1.1043814784400918e-05, 2.66471427931498e-05, 3.235798127274605e-05, 5.9593559563117416e-05, 5.229223712618235e-05, 4.30763739271804e-05], [1.4597570330474636e-05, 3.235798127274605e-05, 5.136552339051892e-05, 7.983958966625462e-05, 9.146943449057018e-05, 7.069173594132831e-05], [8.314177958195799e-06, 5.9593559563117416e-05, 7.983958966625462e-05, 0.0007171154281582851, 0.0004711741097951726, 0.0002366822095263911], [1.5176780149416292e-05, 5.229223712618235e-05, 9.146943449057018e-05, 0.0004711741097951726, 0.0005023125924572282, 0.0002889496793878869], [1.798221510104849e-05, 4.30763739271804e-05, 7.069173594132831e-05, 0.0002366822095263911, 0.0002889496793878869, 0.00018781070511473055]]</COVARIANCE_MATRIX>
		<ROI_SIZE>33</ROI_SIZE>
		<MAX_VALUE>[0.1084674745798111, 0.09877824783325195, 0.08299896121025085, 0.17915859818458557, 0.10399564355611801, 0.060997650027275085]</MAX_VALUE>
		<MIN_VALUE>[0.09679325670003891, 0.07682272046804428, 0.05417804792523384, 0.08123292773962021, 0.02613573893904686, 0.011345379054546356]</MIN_VALUE>
		<SIGNATURE_THRESHOLD_MD>0</SIGNATURE_THRESHOLD_MD>
		<SIGNATURE_THRESHOLD_ML>0</SIGNATURE_THRESHOLD_ML>
		<SIGNATURE_THRESHOLD_SAM>0</SIGNATURE_THRESHOLD_SAM>
	</signature>
	<signature ID="20210204_161215596672_415">
		<MACROCLASSID>1</MACROCLASSID>
		<MACROCLASSINFO>waterbody</MACROCLASSINFO>
		<CLASSID>16</CLASSID>
		<CLASSINFO>C 1</CLASSINFO>
		<VALUES>[0.0894870257929085, 0.002452762700666922, 0.06018499646878496, 0.0033881462175506393, 0.03392898299965979, 0.003510314650490425, 0.04195471365173447, 0.01691630011985953, 0.011233958527519121, 0.007993403880088639, 0.004820169888419722, 0.004098688700363338]</VALUES>
		<LCS_MIN>[0.07844806462526321, 0.04754868149757385, 0.02705247886478901, 0.0263945534825325, 0.0025418316945433617, 0.0]</LCS_MIN>
		<LCS_MAX>[0.10179649293422699, 0.08597085624933243, 0.06774082779884338, 0.09690103679895401, 0.06388599425554276, 0.03617151454091072]</LCS_MAX>
		<WAVELENGTH>[0.485, 0.56, 0.66, 0.835, 1.65, 2.22]</WAVELENGTH>
