<?xml version="1.0" ?>
<signaturelist MCID_LIST="[[u'1', u'waterbody', u'#0000ff'], [u'2', u'vegetation', u'#00aa00'], [u'3', u'barren', u'#ff5500'], [u'4', u'built-up', u'#ff0000']]">
	<signature ID="20181217_052008937000_810">
		<MACROCLASSID>3</MACROCLASSID>
		<MACROCLASSINFO>barren</MACROCLASSINFO>
		<CLASSID>38</CLASSID>
		<CLASSINFO>C 1</CLASSINFO>
		<VALUES>[0.10042025358961501, 0.004241844248909016, 0.08356761266519354, 0.00660370401839609, 0.08436335917260185, 0.014126315242790953, 0.17250927336312638, 0.019956037407412114, 0.1674892282499384, 0.0183617727183785, 0.10031371407949166, 0.018064531724053052]</VALUES>
		<LCS_MIN>[0.08921566605567932, 0.06709625571966171, 0.04790082573890686, 0.14672571420669556, 0.10405486822128296, 0.04027792811393738]</LCS_MIN>
		<LCS_MAX>[0.11543581634759903, 0.10544992983341217, 0.11364767700433731, 0.24525882303714752, 0.20049968361854553, 0.1278030276298523]</LCS_MAX>
		<WAVELENGTH>[0.485, 0.56, 0.66, 0.835, 1.65, 2.22]</WAVELENGTH>
		<MEAN_VALUE>[0.10042025358961501, 0.08356761266519354, 0.08436335917260185, 0.17250927336312638, 0.1674892282499384, 0.10031371407949166]</MEAN_VALUE>
		<CHECKBOX>2</CHECKBOX>
		<SD>[0.004241844248909016, 0.00660370401839609, 0.014126315242790953, 0.019956037407412114, 0.0183617727183785, 0.018064531724053052]</SD>
		<WAVELENGTH_UNIT>E-6m</WAVELENGTH_UNIT>
		<COLOR>#ff5500</COLOR>
		<COVARIANCE_MATRIX>[[1.8009466657531448e-05, 2.3014295948087238e-05, 4.945827095070854e-05, -3.957435183110647e-05, 3.6385135899763554e-05, 5.852162939845584e-05], [2.3014295948087238e-05, 4.3648229620885104e-05, 8.547314791940153e-05, -4.485516910790466e-05, 5.701916597899981e-05, 8.99417427717708e-05], [4.945827095070854e-05, 8.547314791940153e-05, 0.00019973271992057562, -0.00013729973579756916, 0.00013210639008320868, 0.00021550522069446743], [-3.957435183110647e-05, -4.485516910790466e-05, -0.00013729973579756916, 0.00039860254037193954, -1.4253227220706322e-07, -0.00017139753617811948], [3.6385135899763554e-05, 5.701916597899981e-05, 0.00013210639008320868, -1.4253227220706322e-07, 0.0003374587104190141, 0.00025487644597887993], [5.852162939845584e-05, 8.99417427717708e-05, 0.00021550522069446743, -0.00017139753617811948, 0.00025487644597887993, 0.0003266215499024838]]</COVARIANCE_MATRIX>
		<ROI_SIZE>1110</ROI_SIZE>
		<MAX_VALUE>[0.11543581634759903, 0.10544992983341217, 0.11364767700433731, 0.24525882303714752, 0.20049968361854553, 0.1278030276298523]</MAX_VALUE>
		<MIN_VALUE>[0.08921566605567932, 0.06709625571966171, 0.04790082573890686, 0.14672571420669556, 0.10405486822128296, 0.04027792811393738]</MIN_VALUE>
		<SIGNATURE_THRESHOLD_MD>0.0</SIGNATURE_THRESHOLD_MD>
		<SIGNATURE_THRESHOLD_ML>0.0</SIGNATURE_THRESHOLD_ML>
		<SIGNATURE_THRESHOLD_SAM>0.0</SIGNATURE_THRESHOLD_SAM>
	</signature>
	<signature ID="20181217_043208177000_927">
		<MACROCLASSID>2</MACROCLASSID>
		<MACROCLASSINFO>vegetation</MACROCLASSINFO>
		<CLASSID>16</CLASSID>
		<CLASSINFO>C 1</CLASSINFO>
		<VALUES>[0.09212199736192041, 0.002231140561240814, 0.07135521420034541, 0.0033167460726825967, 0.04769387461215137, 0.0051771086306151605, 0.25686644705902617, 0.01694473352540035, 0.12503020037489254, 0.012449016747426808, 0.04673804730236767, 0.008121442751473825]</VALUES>
		<LCS_MIN>[0.08746765553951263, 0.06517858803272247, 0.04079305753111839, 0.22883661091327667, 0.10405486822128296, 0.03318130224943161]</LCS_MIN>
		<LCS_MAX>[0.10145173966884613, 0.0843554213643074, 0.07455495744943619, 0.2863142192363739, 0.16340552270412445, 0.07812661677598953]</LCS_MAX>
		<WAVELENGTH>[0.485, 0.56, 0.66, 0.835, 1.65, 2.22]</WAVELENGTH>
		<MEAN_VALUE>[0.09212199736192041, 0.07135521420034541, 0.04769387461215137, 0.25686644705902617, 0.12503020037489254, 0.04673804730236767]</MEAN_VALUE>
		<CHECKBOX>2</CHECKBOX>
		<SD>[0.002231140561240814, 0.0033167460726825967, 0.0051771086306151605, 0.01694473352540035, 0.012449016747426808, 0.008121442751473825]</SD>
		<WAVELENGTH_UNIT>E-6m</WAVELENGTH_UNIT>
		<COLOR>#00aa00</COLOR>
		<COVARIANCE_MATRIX>[[4.998060830985196e-06, 4.211173290968873e-06, 7.34216109776753e-06, 1.6058661458373535e-06, 1.4841643860563636e-05, 9.82723940978758e-06], [4.211173290968873e-06, 1.1045162864320446e-05, 1.274290116271004e-05, 1.846054510679096e-05, 2.825304909492843e-05, 1.7208902136189863e-05], [7.34216109776753e-06, 1.274290116271004e-05, 2.6910527594736777e-05, -3.7655656797142e-06, 4.908082337351516e-05, 3.319011739222333e-05], [1.6058661458373535e-06, 1.846054510679096e-05, -3.7655656797142e-06, 0.00028828176436945796, 5.2021634473931044e-05, 4.9119162213173695e-06], [1.4841643860563636e-05, 2.825304909492843e-05, 4.908082337351516e-05, 5.2021634473931044e-05, 0.00015560293104499578, 9.027858322951943e-05], [9.82723940978758e-06, 1.7208902136189863e-05, 3.319011739222333e-05, 4.9119162213173695e-06, 9.027858322951943e-05, 6.62237944197841e-05]]</COVARIANCE_MATRIX>
		<ROI_SIZE>249</ROI_SIZE>
		<MAX_VALUE>[0.10145173966884613, 0.0843554213643074, 0.07455495744943619, 0.2863142192363739, 0.16340552270412445, 0.07812661677598953]</MAX_VALUE>
		<MIN_VALUE>[0.08746765553951263, 0.06517858803272247, 0.04079305753111839, 0.22883661091327667, 0.10405486822128296, 0.03318130224943161]</MIN_VALUE>
		<SIGNATURE_THRESHOLD_MD>0.0</SIGNATURE_THRESHOLD_MD>
		<SIGNATURE_THRESHOLD_ML>0.0</SIGNATURE_THRESHOLD_ML>
		<SIGNATURE_THRESHOLD_SAM>0.0</SIGNATURE_THRESHOLD_SAM>
	</signature>
	<signature ID="20181217_051812500000_184">
		<MACROCLASSID>3</MACROCLASSID>
		<MACROCLASSINFO>barren</MACROCLASSINFO>
		<CLASSID>36</CLASSID>
		<CLASSINFO>C 1</CLASSINFO>
		<VALUES>[0.1277041876121707, 0.007766337986005111, 0.11037337722499739, 0.010274232250395622, 0.11086251994837892, 0.014356536760186325, 0.20951824065135868, 0.018307176769068307, 0.2461013122097307, 0.02012280645104526, 0.16233996781318083, 0.020663403560567246]</VALUES>
		<LCS_MIN>[0.11019178479909897, 0.0901084765791893, 0.07988578081130981, 0.1590423434972763, 0.19555379450321198, 0.11124424636363983]</LCS_MIN>
		<LCS_MAX>[0.14864802360534668, 0.13805055618286133, 0.15096347033977509, 0.2370477020740509, 0.29199859499931335, 0.20823150873184204]</LCS_MAX>
		<WAVELENGTH>[0.485, 0.56, 0.66, 0.835, 1.65, 2.22]</WAVELENGTH>
		<MEAN_VALUE>[0.1277041876121707, 0.11037337722499739, 0.11086251994837892, 0.20951824065135868, 0.2461013122097307, 0.16233996781318083]</MEAN_VALUE>
		<CHECKBOX>2</CHECKBOX>
		<SD>[0.007766337986005111, 0.010274232250395622, 0.014356536760186325, 0.018307176769068307, 0.02012280645104526, 0.020663403560567246]</SD>
		<WAVELENGTH_UNIT>E-6m</WAVELENGTH_UNIT>
		<COLOR>#ff5500</COLOR>
		<COVARIANCE_MATRIX>[[6.038163701305166e-05, 7.49993123463355e-05, 0.00010487323743291199, 5.954409425612539e-05, 0.00011950080806855112, 0.00014068341988604516], [7.49993123463355e-05, 0.00010567471326794475, 0.00014161868602968752, 9.787221642909572e-05, 0.0001677059626672417, 0.0001862367644207552], [0.00010487323743291199, 0.00014161868602968752, 0.0002063344290945679, 0.00011993815860478207, 0.00024548088549636304, 0.00026871421141549945], [5.954409425612539e-05, 9.787221642909572e-05, 0.00011993815860478207, 0.00033551742671988904, 0.00016670556215103716, 9.605528612155467e-05], [0.00011950080806855112, 0.0001677059626672417, 0.00024548088549636304, 0.00016670556215103716, 0.00040536795859225094, 0.00036830539465881884], [0.00014068341988604516, 0.0001862367644207552, 0.00026871421141549945, 9.605528612155467e-05, 0.00036830539465881884, 0.00042744085658341646]]</COVARIANCE_MATRIX>
		<ROI_SIZE>920</ROI_SIZE>
		<MAX_VALUE>[0.14864802360534668, 0.13805055618286133, 0.15096347033977509, 0.2370477020740509, 0.29199859499931335, 0.20823150873184204]</MAX_VALUE>
		<MIN_VALUE>[0.11019178479909897, 0.0901084765791893, 0.07988578081130981, 0.1590423434972763, 0.19555379450321198, 0.11124424636363983]</MIN_VALUE>
		<SIGNATURE_THRESHOLD_MD>0.0</SIGNATURE_THRESHOLD_MD>
		<SIGNATURE_THRESHOLD_ML>0.0</SIGNATURE_THRESHOLD_ML>
		<SIGNATURE_THRESHOLD_SAM>0.0</SIGNATURE_THRESHOLD_SAM>
	</signature>
	<signature ID="20181217_051234786000_806">
		<MACROCLASSID>3</MACROCLASSID>
		<MACROCLASSINFO>barren</MACROCLASSINFO>
		<CLASSID>33</CLASSID>
		<CLASSINFO>C 1</CLASSINFO>
		<VALUES>[0.11373704482971783, 0.004429658146250057, 0.09070268189403372, 0.005013032046371525, 0.0906725749373436, 0.007246097900107863, 0.13527643502178327, 0.013727951548614673, 0.17510847705350788, 0.01781312251316551, 0.13983065477559256, 0.018852354666836896]</VALUES>
		<LCS_MIN>[0.09970372915267944, 0.0786023661494255, 0.0710010752081871, 0.10567024350166321, 0.1337301880121231, 0.09468542784452438]</LCS_MIN>
		<LCS_MAX>[0.12242785841226578, 0.1016145646572113, 0.10653991997241974, 0.16314789652824402, 0.20791853964328766, 0.1727483570575714]</LCS_MAX>
		<WAVELENGTH>[0.485, 0.56, 0.66, 0.835, 1.65, 2.22]</WAVELENGTH>
		<MEAN_VALUE>[0.11373704482971783, 0.09070268189403372, 0.0906725749373436, 0.13527643502178327, 0.17510847705350788, 0.13983065477559256]</MEAN_VALUE>
		<CHECKBOX>2</CHECKBOX>
		<SD>[0.004429658146250057, 0.005013032046371525, 0.007246097900107863, 0.013727951548614673, 0.01781312251316551, 0.018852354666836896]</SD>
		<WAVELENGTH_UNIT>E-6m</WAVELENGTH_UNIT>
		<COLOR>#ff5500</COLOR>
		<COVARIANCE_MATRIX>[[1.9902183339581825e-05, 1.8454915334586985e-05, 2.5596980776754208e-05, 7.645831828995142e-06, 5.00532187288627e-05, 5.87069007451646e-05], [1.8454915334586985e-05, 2.5489496692898683e-05, 3.2442920200992376e-05, 2.590847543615382e-05, 6.821408896939829e-05, 6.630483403569087e-05], [2.5596980776754208e-05, 3.2442920200992376e-05, 5.32560188730713e-05, 3.647070116130635e-05, 9.430988575331867e-05, 9.45518768276088e-05], [7.645831828995142e-06, 2.590847543615382e-05, 3.647070116130635e-05, 0.0001911488943733275, 9.51481779338792e-05, -1.6408519513788633e-05], [5.00532187288627e-05, 6.821408896939829e-05, 9.430988575331867e-05, 9.51481779338792e-05, 0.00032184028532356024, 0.00028092737193219364], [5.87069007451646e-05, 6.630483403569087e-05, 9.45518768276088e-05, -1.6408519513788633e-05, 0.00028092737193219364, 0.0003604885714594275]]</COVARIANCE_MATRIX>
		<ROI_SIZE>71</ROI_SIZE>
		<MAX_VALUE>[0.12242785841226578, 0.1016145646572113, 0.10653991997241974, 0.16314789652824402, 0.20791853964328766, 0.1727483570575714]</MAX_VALUE>
		<MIN_VALUE>[0.09970372915267944, 0.0786023661494255, 0.0710010752081871, 0.10567024350166321, 0.1337301880121231, 0.09468542784452438]</MIN_VALUE>
		<SIGNATURE_THRESHOLD_MD>0.0</SIGNATURE_THRESHOLD_MD>
		<SIGNATURE_THRESHOLD_ML>0.0</SIGNATURE_THRESHOLD_ML>
		<SIGNATURE_THRESHOLD_SAM>0.0</SIGNATURE_THRESHOLD_SAM>
	</signature>
	<signature ID="20181217_042737477000_474">
		<MACROCLASSID>3</MACROCLASSID>
		<MACROCLASSINFO>barren</MACROCLASSINFO>
		<CLASSID>11</CLASSID>
		<CLASSINFO>C 1</CLASSINFO>
		<VALUES>[0.1304328495875383, 0.0045125079946074075, 0.12171582732445155, 0.006415867190833468, 0.13776853493390945, 0.010269962954131708, 0.2491748594320737, 0.01223773440469275, 0.32413419286409995, 0.014591488338546248, 0.18819110966645755, 0.010762697320146323]</VALUES>
		<LCS_MIN>[0.1189318299293518, 0.1073676124215126, 0.11542462557554245, 0.22473104298114777, 0.2994174361228943, 0.16565173864364624]</LCS_MIN>
		<LCS_MAX>[0.13990797102451324, 0.1361328810453415, 0.16340206563472748, 0.27810317277908325, 0.3587680757045746, 0.21059706807136536]</LCS_MAX>
		<WAVELENGTH>[0.485, 0.56, 0.66, 0.835, 1.65, 2.22]</WAVELENGTH>
		<MEAN_VALUE>[0.1304328495875383, 0.12171582732445155, 0.13776853493390945, 0.2491748594320737, 0.32413419286409995, 0.18819110966645755]</MEAN_VALUE>
		<CHECKBOX>2</CHECKBOX>
		<SD>[0.0045125079946074075, 0.006415867190833468, 0.010269962954131708, 0.01223773440469275, 0.014591488338546248, 0.010762697320146323]</SD>
		<WAVELENGTH_UNIT>E-6m</WAVELENGTH_UNIT>
		<COLOR>#ff5500</COLOR>
		<COVARIANCE_MATRIX>[[2.04676907742396e-05, 2.4061537260422483e-05, 3.778727841563523e-05, 3.08227063214872e-05, 3.356977686053142e-05, 1.8422302673570812e-05], [2.4061537260422483e-05, 4.137553332839161e-05, 6.163580110296607e-05, 5.80882842768915e-05, 5.2617338951677084e-05, 2.3905902708065696e-05], [3.778727841563523e-05, 6.163580110296607e-05, 0.00010601581016089767, 9.194993617711589e-05, 9.752518963068724e-05, 4.78593647130765e-05], [3.08227063214872e-05, 5.80882842768915e-05, 9.194993617711589e-05, 0.00015053410606924444, 8.294687722809613e-05, 2.1113444745424204e-05], [3.356977686053142e-05, 5.2617338951677084e-05, 9.752518963068724e-05, 8.294687722809613e-05, 0.00021400900732260197, 0.0001268130145035684], [1.8422302673570812e-05, 2.3905902708065696e-05, 4.78593647130765e-05, 2.1113444745424204e-05, 0.0001268130145035684, 0.00011643274774542078]]</COVARIANCE_MATRIX>
		<ROI_SIZE>195</ROI_SIZE>
		<MAX_VALUE>[0.13990797102451324, 0.1361328810453415, 0.16340206563472748, 0.27810317277908325, 0.3587680757045746, 0.21059706807136536]</MAX_VALUE>
		<MIN_VALUE>[0.1189318299293518, 0.1073676124215126, 0.11542462557554245, 0.22473104298114777, 0.2994174361228943, 0.16565173864364624]</MIN_VALUE>
		<SIGNATURE_THRESHOLD_MD>0.0</SIGNATURE_THRESHOLD_MD>
		<SIGNATURE_THRESHOLD_ML>0.0</SIGNATURE_THRESHOLD_ML>
		<SIGNATURE_THRESHOLD_SAM>0.0</SIGNATURE_THRESHOLD_SAM>
	</signature>
	<signature ID="20181217_051025626000_999">
		<MACROCLASSID>3</MACROCLASSID>
		<MACROCLASSINFO>barren</MACROCLASSINFO>
		<CLASSID>31</CLASSID>
		<CLASSINFO>C 1</CLASSINFO>
		<VALUES>[0.10954555318211064, 0.0031985101365486963, 0.08928328657692128, 0.004636329943390066, 0.08971819787314447, 0.00791664776268946, 0.1647652262088024, 0.015921240016845636, 0.21010670400027073, 0.01909993553936915, 0.1377239807537107, 0.01864795713958575]</VALUES>
		<LCS_MIN>[0.10319973528385162, 0.08052004128694534, 0.07277802377939224, 0.1303035169839859, 0.16340552270412445, 0.09468542784452438]</LCS_MIN>
		<LCS_MAX>[0.1206798404455185, 0.11120299249887466, 0.12253239005804062, 0.19188670814037323, 0.24253973364830017, 0.1703828126192093]</LCS_MAX>
		<WAVELENGTH>[0.485, 0.56, 0.66, 0.835, 1.65, 2.22]</WAVELENGTH>
		<MEAN_VALUE>[0.10954555318211064, 0.08928328657692128, 0.08971819787314447, 0.1647652262088024, 0.21010670400027073, 0.1377239807537107]</MEAN_VALUE>
		<CHECKBOX>2</CHECKBOX>
		<SD>[0.0031985101365486963, 0.004636329943390066, 0.00791664776268946, 0.015921240016845636, 0.01909993553936915, 0.01864795713958575]</SD>
		<WAVELENGTH_UNIT>E-6m</WAVELENGTH_UNIT>
		<COLOR>#ff5500</COLOR>
		<COVARIANCE_MATRIX>[[1.0292847946402617e-05, 1.039878225128632e-05, 1.804069870559033e-05, -8.61925036588218e-06, 2.0136958482908085e-05, 3.443717650952749e-05], [1.039878225128632e-05, 2.1626625311910175e-05, 3.28058740706183e-05, 1.3728523299505468e-05, 4.2155326809734106e-05, 3.830377318081446e-05], [1.804069870559033e-05, 3.28058740706183e-05, 6.30554641247727e-05, 2.5726381863933057e-05, 9.027381747728214e-05, 7.74029758758843e-05], [-8.61925036588218e-06, 1.3728523299505468e-05, 2.5726381863933057e-05, 0.00025503154029138386, 0.00012495882401708513, -0.00010852432751562446], [2.0136958482908085e-05, 4.2155326809734106e-05, 9.027381747728214e-05, 0.00012495882401708513, 0.0003670319856610149, 0.00022367444762494415], [3.443717650952749e-05, 3.830377318081446e-05, 7.74029758758843e-05, -0.00010852432751562446, 0.00022367444762494415, 0.0003498667210806161]]</COVARIANCE_MATRIX>
		<ROI_SIZE>165</ROI_SIZE>
		<MAX_VALUE>[0.1206798404455185, 0.11120299249887466, 0.12253239005804062, 0.19188670814037323, 0.24253973364830017, 0.1703828126192093]</MAX_VALUE>
		<MIN_VALUE>[0.10319973528385162, 0.08052004128694534, 0.07277802377939224, 0.1303035169839859, 0.16340552270412445, 0.09468542784452438]</MIN_VALUE>
		<SIGNATURE_THRESHOLD_MD>0.0</SIGNATURE_THRESHOLD_MD>
		<SIGNATURE_THRESHOLD_ML>0.0</SIGNATURE_THRESHOLD_ML>
		<SIGNATURE_THRESHOLD_SAM>0.0</SIGNATURE_THRESHOLD_SAM>
	</signature>
	<signature ID="20181217_050503276000_993">
		<MACROCLASSID>3</MACROCLASSID>
		<MACROCLASSINFO>barren</MACROCLASSINFO>
		<CLASSID>25</CLASSID>
		<CLASSINFO>C 1</CLASSINFO>
		<VALUES>[0.11092637106137254, 0.003168923879568544, 0.08881576258312167, 0.003752298000718989, 0.09020606980468973, 0.006567767559869852, 0.16504221479847755, 0.013363535764463547, 0.2172928061943318, 0.014536434716274546, 0.1428524344443865, 0.015407487245514518]</VALUES>
		<LCS_MIN>[0.10145173966884613, 0.0786023661494255, 0.0710010752081871, 0.12619797885417938, 0.18813496828079224, 0.11597532033920288]</LCS_MIN>
		<LCS_MAX>[0.1206798404455185, 0.09969687461853027, 0.11187073588371277, 0.1877811700105667, 0.25985032320022583, 0.18930715322494507]</LCS_MAX>
		<WAVELENGTH>[0.485, 0.56, 0.66, 0.835, 1.65, 2.22]</WAVELENGTH>
		<MEAN_VALUE>[0.11092637106137254, 0.08881576258312167, 0.09020606980468973, 0.16504221479847755, 0.2172928061943318, 0.1428524344443865]</MEAN_VALUE>
		<CHECKBOX>2</CHECKBOX>
		<SD>[0.003168923879568544, 0.003752298000718989, 0.006567767559869852, 0.013363535764463547, 0.014536434716274546, 0.015407487245514518]</SD>
		<WAVELENGTH_UNIT>E-6m</WAVELENGTH_UNIT>
		<COLOR>#ff5500</COLOR>
		<COVARIANCE_MATRIX>[[1.0059333362733014e-05, 7.425102921843063e-06, 1.1576224096643273e-05, -3.465505415078951e-06, 2.2432655896409415e-05, 2.4954386390163563e-05], [7.425102921843063e-06, 1.4103932699072175e-05, 2.0694511476904154e-05, 1.5290828741854057e-05, 2.4711900550755672e-05, 1.294059711653972e-05], [1.1576224096643273e-05, 2.0694511476904154e-05, 4.3209685827605426e-05, 3.410345016163774e-05, 4.480021016206592e-05, 1.610257641004864e-05], [-3.465505415078951e-06, 1.5290828741854057e-05, 3.410345016163774e-05, 0.00017889092850964516, 3.278358781244606e-05, -8.586070907767862e-05], [2.2432655896409415e-05, 2.4711900550755672e-05, 4.480021016206592e-05, 3.278358781244606e-05, 0.00021167100931052119, 0.0001646418240852654], [2.4954386390163563e-05, 1.294059711653972e-05, 1.610257641004864e-05, -8.586070907767862e-05, 0.0001646418240852654, 0.00023779855109751225]]</COVARIANCE_MATRIX>
		<ROI_SIZE>583</ROI_SIZE>
		<MAX_VALUE>[0.1206798404455185, 0.09969687461853027, 0.11187073588371277, 0.1877811700105667, 0.25985032320022583, 0.18930715322494507]</MAX_VALUE>
		<MIN_VALUE>[0.10145173966884613, 0.0786023661494255, 0.0710010752081871, 0.12619797885417938, 0.18813496828079224, 0.11597532033920288]</MIN_VALUE>
		<SIGNATURE_THRESHOLD_MD>0.0</SIGNATURE_THRESHOLD_MD>
		<SIGNATURE_THRESHOLD_ML>0.0</SIGNATURE_THRESHOLD_ML>
		<SIGNATURE_THRESHOLD_SAM>0.0</SIGNATURE_THRESHOLD_SAM>
	</signature>
	<signature ID="20181217_052258043000_999">
		<MACROCLASSID>3</MACROCLASSID>
		<MACROCLASSINFO>barren</MACROCLASSINFO>
		<CLASSID>40</CLASSID>
		<CLASSINFO>C 1</CLASSINFO>
		<VALUES>[0.108797540999062, 0.004154795332966018, 0.08953773174878386, 0.004945064559862788, 0.088024814324897, 0.008316440747071658, 0.1596166299256895, 0.024435374327813286, 0.1962750775828248, 0.02164180037982025, 0.13417451289881546, 0.023277671977531392]</VALUES>
		<LCS_MIN>[0.09795572608709335, 0.07476699352264404, 0.06744718551635742, 0.10156470537185669, 0.1460949331521988, 0.08758879452943802]</LCS_MIN>
		<LCS_MAX>[0.1189318299293518, 0.10544992983341217, 0.11720156669616699, 0.20009779930114746, 0.24253973364830017, 0.18694163858890533]</LCS_MAX>
		<WAVELENGTH>[0.485, 0.56, 0.66, 0.835, 1.65, 2.22]</WAVELENGTH>
		<MEAN_VALUE>[0.108797540999062, 0.08953773174878386, 0.088024814324897, 0.1596166299256895, 0.1962750775828248, 0.13417451289881546]</MEAN_VALUE>
		<CHECKBOX>2</CHECKBOX>
		<SD>[0.004154795332966018, 0.004945064559862788, 0.008316440747071658, 0.024435374327813286, 0.02164180037982025, 0.023277671977531392]</SD>
		<WAVELENGTH_UNIT>E-6m</WAVELENGTH_UNIT>
		<COLOR>#ff5500</COLOR>
		<COVARIANCE_MATRIX>[[1.7313854186795652e-05, 1.4961887245590333e-05, 2.637447505549062e-05, -2.852431316568982e-05, 3.600340278353542e-05, 6.719482917105779e-05], [1.4961887245590333e-05, 2.4526660126866773e-05, 3.633465530583635e-05, 1.1445153177191969e-05, 7.149111479520798e-05, 7.055525929899886e-05], [2.637447505549062e-05, 3.633465530583635e-05, 6.936964200576767e-05, 2.1498815385712078e-06, 0.0001303477183682844, 0.00014058008673600852], [-2.852431316568982e-05, 1.1445153177191969e-05, 2.1498815385712078e-06, 0.0005988698685541749, 0.00023085589054971933, -0.0002703834034036845], [3.600340278353542e-05, 7.149111479520798e-05, 0.0001303477183682844, 0.00023085589054971933, 0.00046976562589406967, 0.0002619346196297556], [6.719482917105779e-05, 7.055525929899886e-05, 0.00014058008673600852, -0.0002703834034036845, 0.0002619346196297556, 0.0005434674676507711]]</COVARIANCE_MATRIX>
		<ROI_SIZE>336</ROI_SIZE>
		<MAX_VALUE>[0.1189318299293518, 0.10544992983341217, 0.11720156669616699, 0.20009779930114746, 0.24253973364830017, 0.18694163858890533]</MAX_VALUE>
		<MIN_VALUE>[0.09795572608709335, 0.07476699352264404, 0.06744718551635742, 0.10156470537185669, 0.1460949331521988, 0.08758879452943802]</MIN_VALUE>
		<SIGNATURE_THRESHOLD_MD>0.0</SIGNATURE_THRESHOLD_MD>
		<SIGNATURE_THRESHOLD_ML>0.0</SIGNATURE_THRESHOLD_ML>
		<SIGNATURE_THRESHOLD_SAM>0.0</SIGNATURE_THRESHOLD_SAM>
	</signature>
	<signature ID="20181217_050302529000_959">
		<MACROCLASSID>2</MACROCLASSID>
		<MACROCLASSINFO>vegetation</MACROCLASSINFO>
		<CLASSID>23</CLASSID>
		<CLASSINFO>C 1</CLASSINFO>
		<VALUES>[0.11600978783707118, 0.0031150699022701157, 0.10562166338091464, 0.003502210470534917, 0.12133892503247333, 0.0067219388675640954, 0.17344239331893063, 0.008841718109234026, 0.19736237156746997, 0.010347996908670562, 0.15117601783417942, 0.009528342825219999]</VALUES>
		<LCS_MIN>[0.10844378173351288, 0.09777919948101044, 0.10653991997241974, 0.1549368053674698, 0.17577025294303894, 0.13253413140773773]</LCS_MIN>
		<LCS_MAX>[0.12417586147785187, 0.1131206750869751, 0.13497097790241241, 0.19188670814037323, 0.21781030297279358, 0.1703828126192093]</LCS_MAX>
		<WAVELENGTH>[0.485, 0.56, 0.66, 0.835, 1.65, 2.22]</WAVELENGTH>
		<MEAN_VALUE>[0.11600978783707118, 0.10562166338091464, 0.12133892503247333, 0.17344239331893063, 0.19736237156746997, 0.15117601783417942]</MEAN_VALUE>
		<CHECKBOX>2</CHECKBOX>
		<SD>[0.0031150699022701157, 0.003502210470534917, 0.0067219388675640954, 0.008841718109234026, 0.010347996908670562, 0.009528342825219999]</SD>
		<WAVELENGTH_UNIT>E-6m</WAVELENGTH_UNIT>
		<COLOR>#00aa00</COLOR>
		<COVARIANCE_MATRIX>[[9.850685273704585e-06, 6.0962979659962e-06, 1.0343167559767608e-05, 9.442120244784746e-06, 1.7874497643788345e-05, 1.8458784325048327e-05], [6.0962979659962e-06, 1.2451318980311044e-05, 1.8743419786915183e-05, 1.8603912394610234e-05, 2.8066800950909965e-05, 2.6992516723112203e-05], [1.0343167559767608e-05, 1.8743419786915183e-05, 4.586907380144112e-05, 2.9384205845417455e-05, 4.360391540103592e-05, 4.290223296266049e-05], [9.442120244784746e-06, 1.8603912394610234e-05, 2.9384205845417455e-05, 7.936046313261613e-05, 7.016721065156162e-05, 3.91504836443346e-05], [1.7874497643788345e-05, 2.8066800950909965e-05, 4.360391540103592e-05, 7.016721065156162e-05, 0.0001087034834199585, 7.860530604375526e-05], [1.8458784325048327e-05, 2.6992516723112203e-05, 4.290223296266049e-05, 3.91504836443346e-05, 7.860530604375526e-05, 9.216491162078455e-05]]</COVARIANCE_MATRIX>
		<ROI_SIZE>67</ROI_SIZE>
		<MAX_VALUE>[0.12417586147785187, 0.1131206750869751, 0.13497097790241241, 0.19188670814037323, 0.21781030297279358, 0.1703828126192093]</MAX_VALUE>
		<MIN_VALUE>[0.10844378173351288, 0.09777919948101044, 0.10653991997241974, 0.1549368053674698, 0.17577025294303894, 0.13253413140773773]</MIN_VALUE>
		<SIGNATURE_THRESHOLD_MD>0.0</SIGNATURE_THRESHOLD_MD>
		<SIGNATURE_THRESHOLD_ML>0.0</SIGNATURE_THRESHOLD_ML>
		<SIGNATURE_THRESHOLD_SAM>0.0</SIGNATURE_THRESHOLD_SAM>
	</signature>
	<signature ID="20181217_050353535000_894">
		<MACROCLASSID>2</MACROCLASSID>
		<MACROCLASSINFO>vegetation</MACROCLASSINFO>
		<CLASSID>24</CLASSID>
		<CLASSINFO>C 1</CLASSINFO>
		<VALUES>[0.09978913520660011, 0.0026248917741417254, 0.08904239813616162, 0.0037561381560910537, 0.10429799737940648, 0.005310508381558446, 0.16591166456540427, 0.00725828142804239, 0.17984886194026162, 0.011445769759259051, 0.12247863656211247, 0.007914266997311794]</VALUES>
		<LCS_MIN>[0.09096367657184601, 0.0786023661494255, 0.08877050131559372, 0.14672571420669556, 0.1559866964817047, 0.09941651672124863]</LCS_MIN>
		<LCS_MAX>[0.10844378173351288, 0.10353224724531174, 0.12253239005804062, 0.1836756318807602, 0.20049968361854553, 0.14199629426002502]</LCS_MAX>
		<WAVELENGTH>[0.485, 0.56, 0.66, 0.835, 1.65, 2.22]</WAVELENGTH>
		<MEAN_VALUE>[0.09978913520660011, 0.08904239813616162, 0.10429799737940648, 0.16591166456540427, 0.17984886194026162, 0.12247863656211247]</MEAN_VALUE>
		<CHECKBOX>2</CHECKBOX>
		<SD>[0.0026248917741417254, 0.0037561381560910537, 0.005310508381558446, 0.00725828142804239, 0.011445769759259051, 0.007914266997311794]</SD>
		<WAVELENGTH_UNIT>E-6m</WAVELENGTH_UNIT>
		<COLOR>#00aa00</COLOR>
		<COVARIANCE_MATRIX>[[6.897545972606167e-06, 6.084900178393582e-06, 7.359374649240635e-06, 7.774888217682019e-06, 1.203214287670562e-05, 8.051042641454842e-06], [6.084900178393582e-06, 1.4123908840701915e-05, 1.4815789654676337e-05, 1.306485319219064e-05, 1.5956058632582426e-05, 1.1797422303061467e-05], [7.359374649240635e-06, 1.4815789654676337e-05, 2.8232152544660494e-05, 1.2499065633164719e-05, 1.9967601474490948e-05, 2.0348063117126003e-05], [7.774888217682019e-06, 1.306485319219064e-05, 1.2499065633164719e-05, 5.2739913371624425e-05, 5.15633073518984e-05, 2.2353122403728776e-05], [1.203214287670562e-05, 1.5956058632582426e-05, 1.9967601474490948e-05, 5.15633073518984e-05, 0.00013114804460201412, 7.447114330716431e-05], [8.051042641454842e-06, 1.1797422303061467e-05, 2.0348063117126003e-05, 2.2353122403728776e-05, 7.447114330716431e-05, 6.270370067795739e-05]]</COVARIANCE_MATRIX>
		<ROI_SIZE>921</ROI_SIZE>
		<MAX_VALUE>[0.10844378173351288, 0.10353224724531174, 0.12253239005804062, 0.1836756318807602, 0.20049968361854553, 0.14199629426002502]</MAX_VALUE>
		<MIN_VALUE>[0.09096367657184601, 0.0786023661494255, 0.08877050131559372, 0.14672571420669556, 0.1559866964817047, 0.09941651672124863]</MIN_VALUE>
		<SIGNATURE_THRESHOLD_MD>0.0</SIGNATURE_THRESHOLD_MD>
		<SIGNATURE_THRESHOLD_ML>0.0</SIGNATURE_THRESHOLD_ML>
		<SIGNATURE_THRESHOLD_SAM>0.0</SIGNATURE_THRESHOLD_SAM>
	</signature>
	<signature ID="20181217_041818636000_475">
		<MACROCLASSID>2</MACROCLASSID>
		<MACROCLASSINFO>vegetation</MACROCLASSINFO>
		<CLASSID>2</CLASSID>
		<CLASSINFO>C 1</CLASSINFO>
		<VALUES>[0.09292456444733999, 0.001989255731045337, 0.06913039841421761, 0.0020166556017462626, 0.045125748797415134, 0.0027509247955793212, 0.2383051134867242, 0.01352222323841165, 0.11437186270017817, 0.008835990838041983, 0.04124991016419423, 0.005141761712081688]</VALUES>
		<LCS_MIN>[0.08397164195775986, 0.06134321540594101, 0.03546223044395447, 0.19188670814037323, 0.07932543754577637, 0.026084670796990395]</LCS_MIN>
		<LCS_MAX>[0.10319973528385162, 0.07476699352264404, 0.062116365879774094, 0.2945253551006317, 0.16340552270412445, 0.07339552789926529]</LCS_MAX>
		<WAVELENGTH>[0.485, 0.56, 0.66, 0.835, 1.65, 2.22]</WAVELENGTH>
		<MEAN_VALUE>[0.09292456444733999, 0.06913039841421761, 0.045125748797415134, 0.2383051134867242, 0.11437186270017817, 0.04124991016419423]</MEAN_VALUE>
		<CHECKBOX>2</CHECKBOX>
		<SD>[0.001989255731045337, 0.0020166556017462626, 0.0027509247955793212, 0.01352222323841165, 0.008835990838041983, 0.005141761712081688]</SD>
		<WAVELENGTH_UNIT>E-6m</WAVELENGTH_UNIT>
		<COLOR>#00aa00</COLOR>
		<COVARIANCE_MATRIX>[[3.958444722229615e-06, 8.19597801182681e-07, 1.4502778640235192e-06, 9.784770327314618e-07, 5.0741796258080285e-06, 2.8550171009555925e-06], [8.19597801182681e-07, 4.06824256060645e-06, 1.5686443930462701e-06, 9.465564289712347e-06, 7.672202627873048e-06, 3.3957524010475026e-06], [1.4502778640235192e-06, 1.5686443930462701e-06, 7.570085472252686e-06, -2.7064859295933275e-06, 1.2612186765181832e-05, 7.893871043052059e-06], [9.784770327314618e-07, 9.465564289712347e-06, -2.7064859295933275e-06, 0.0001829108950914815, 4.022041684947908e-05, 3.0449880341620883e-06], [5.0741796258080285e-06, 7.672202627873048e-06, 1.2612186765181832e-05, 4.022041684947908e-05, 7.810050738044083e-05, 3.4629683796083555e-05], [2.8550171009555925e-06, 3.3957524010475026e-06, 7.893871043052059e-06, 3.0449880341620883e-06, 3.4629683796083555e-05, 2.644644155225251e-05]]</COVARIANCE_MATRIX>
		<ROI_SIZE>3030</ROI_SIZE>
		<MAX_VALUE>[0.10319973528385162, 0.07476699352264404, 0.062116365879774094, 0.2945253551006317, 0.16340552270412445, 0.07339552789926529]</MAX_VALUE>
		<MIN_VALUE>[0.08397164195775986, 0.06134321540594101, 0.03546223044395447, 0.19188670814037323, 0.07932543754577637, 0.026084670796990395]</MIN_VALUE>
		<SIGNATURE_THRESHOLD_MD>0.0</SIGNATURE_THRESHOLD_MD>
		<SIGNATURE_THRESHOLD_ML>0.0</SIGNATURE_THRESHOLD_ML>
		<SIGNATURE_THRESHOLD_SAM>0.0</SIGNATURE_THRESHOLD_SAM>
	</signature>
	<signature ID="20181217_042150574000_324">
		<MACROCLASSID>3</MACROCLASSID>
		<MACROCLASSINFO>barren</MACROCLASSINFO>
		<CLASSID>6</CLASSID>
		<CLASSINFO>C 1</CLASSINFO>
		<VALUES>[0.14871936631040514, 0.004396120927979357, 0.1516961097514548, 0.005953990507759051, 0.18455613784644073, 0.008216061427710041, 0.28296279157100074, 0.010941346941021937, 0.3874845119560656, 0.013295163114954836, 0.26704824761468526, 0.00966768735259136]</VALUES>
		<LCS_MIN>[0.13815994560718536, 0.1361328810453415, 0.16517901420593262, 0.2616809904575348, 0.36618688702583313, 0.2460802048444748]</LCS_MIN>
		<LCS_MAX>[0.16263210773468018, 0.16681581735610962, 0.20960254967212677, 0.30684199929237366, 0.41811874508857727, 0.29339104890823364]</LCS_MAX>
		<WAVELENGTH>[0.485, 0.56, 0.66, 0.835, 1.65, 2.22]</WAVELENGTH>
		<MEAN_VALUE>[0.14871936631040514, 0.1516961097514548, 0.18455613784644073, 0.28296279157100074, 0.3874845119560656, 0.26704824761468526]</MEAN_VALUE>
		<CHECKBOX>2</CHECKBOX>
		<SD>[0.004396120927979357, 0.005953990507759051, 0.008216061427710041, 0.010941346941021937, 0.013295163114954836, 0.00966768735259136]</SD>
		<WAVELENGTH_UNIT>E-6m</WAVELENGTH_UNIT>
		<COLOR>#ff5500</COLOR>
		<COVARIANCE_MATRIX>[[1.9458248061710037e-05, 2.179586408601608e-05, 2.864796442736406e-05, 2.55060749623226e-05, 3.1008963560452685e-05, 3.0893967050360516e-05], [2.179586408601608e-05, 3.5692810342879966e-05, 4.3006351916119456e-05, 4.475158129935153e-05, 4.695517782238312e-05, 4.15826725657098e-05], [2.864796442736406e-05, 4.3006351916119456e-05, 6.796602247050032e-05, 7.028340041870251e-05, 7.47499507269822e-05, 5.5568663810845464e-05], [2.55060749623226e-05, 4.475158129935153e-05, 7.028340041870251e-05, 0.00012053302634740248, 9.683170355856419e-05, 4.5211490942165256e-05], [3.1008963560452685e-05, 4.695517782238312e-05, 7.47499507269822e-05, 9.683170355856419e-05, 0.00017797206237446517, 9.112327097682282e-05], [3.0893967050360516e-05, 4.15826725657098e-05, 5.5568663810845464e-05, 4.5211490942165256e-05, 9.112327097682282e-05, 9.41043472266756e-05]]</COVARIANCE_MATRIX>
		<ROI_SIZE>147</ROI_SIZE>
		<MAX_VALUE>[0.16263210773468018, 0.16681581735610962, 0.20960254967212677, 0.30684199929237366, 0.41811874508857727, 0.29339104890823364]</MAX_VALUE>
		<MIN_VALUE>[0.13815994560718536, 0.1361328810453415, 0.16517901420593262, 0.2616809904575348, 0.36618688702583313, 0.2460802048444748]</MIN_VALUE>
		<SIGNATURE_THRESHOLD_MD>0.0</SIGNATURE_THRESHOLD_MD>
		<SIGNATURE_THRESHOLD_ML>0.0</SIGNATURE_THRESHOLD_ML>
		<SIGNATURE_THRESHOLD_SAM>0.0</SIGNATURE_THRESHOLD_SAM>
	</signature>
	<signature ID="20181217_042931867000_321">
		<MACROCLASSID>3</MACROCLASSID>
		<MACROCLASSINFO>barren</MACROCLASSINFO>
		<CLASSID>12</CLASSID>
		<CLASSINFO>C 1</CLASSINFO>
		<VALUES>[0.13313442313422758, 0.0033527238655688568, 0.11910011510675156, 0.004672800653199653, 0.13329276654662364, 0.007183799366790071, 0.2176604090879361, 0.009932862089705338, 0.3578063789755107, 0.013131309826113687, 0.2142110711170567, 0.010553081177859542]</VALUES>
		<LCS_MIN>[0.12417586147785187, 0.10928529500961304, 0.11542462557554245, 0.1877811700105667, 0.32661980390548706, 0.18694163858890533]</LCS_MIN>
		<LCS_MAX>[0.14165596663951874, 0.1303798109292984, 0.147409588098526, 0.232942134141922, 0.38597044348716736, 0.2366180270910263]</LCS_MAX>
		<WAVELENGTH>[0.485, 0.56, 0.66, 0.835, 1.65, 2.22]</WAVELENGTH>
		<MEAN_VALUE>[0.13313442313422758, 0.11910011510675156, 0.13329276654662364, 0.2176604090879361, 0.3578063789755107, 0.2142110711170567]</MEAN_VALUE>
		<CHECKBOX>2</CHECKBOX>
		<SD>[0.0033527238655688568, 0.004672800653199653, 0.007183799366790071, 0.009932862089705338, 0.013131309826113687, 0.010553081177859542]</SD>
		<WAVELENGTH_UNIT>E-6m</WAVELENGTH_UNIT>
		<COLOR>#ff5500</COLOR>
		<COVARIANCE_MATRIX>[[1.131936369347386e-05, 1.218662964674877e-05, 1.72682230186183e-05, 1.3349334039958194e-05, 1.538649303256534e-05, 2.063157626253087e-05], [1.218662964674877e-05, 2.198775837314315e-05, 2.9001790608162992e-05, 2.825948286044877e-05, 2.6418152629048564e-05, 2.867832881747745e-05], [1.72682230186183e-05, 2.9001790608162992e-05, 5.196786150918342e-05, 4.5648106606677175e-05, 5.39024913450703e-05, 4.981736128684133e-05], [1.3349334039958194e-05, 2.825948286044877e-05, 4.5648106606677175e-05, 9.935169509844854e-05, 3.617764377850108e-05, 1.5341207472374663e-05], [1.538649303256534e-05, 2.6418152629048564e-05, 5.39024913450703e-05, 3.617764377850108e-05, 0.0001736371050355956, 0.00010769282380351797], [2.063157626253087e-05, 2.867832881747745e-05, 4.981736128684133e-05, 1.5341207472374663e-05, 0.00010769282380351797, 0.0001121463137678802]]</COVARIANCE_MATRIX>
		<ROI_SIZE>144</ROI_SIZE>
		<MAX_VALUE>[0.14165596663951874, 0.1303798109292984, 0.147409588098526, 0.232942134141922, 0.38597044348716736, 0.2366180270910263]</MAX_VALUE>
		<MIN_VALUE>[0.12417586147785187, 0.10928529500961304, 0.11542462557554245, 0.1877811700105667, 0.32661980390548706, 0.18694163858890533]</MIN_VALUE>
		<SIGNATURE_THRESHOLD_MD>0.0</SIGNATURE_THRESHOLD_MD>
		<SIGNATURE_THRESHOLD_ML>0.0</SIGNATURE_THRESHOLD_ML>
		<SIGNATURE_THRESHOLD_SAM>0.0</SIGNATURE_THRESHOLD_SAM>
	</signature>
	<signature ID="20181217_043323926000_800">
		<MACROCLASSID>3</MACROCLASSID>
		<MACROCLASSINFO>barren</MACROCLASSINFO>
		<CLASSID>18</CLASSID>
		<CLASSINFO>C 1</CLASSINFO>
		<VALUES>[0.1066133773861231, 0.004830875005523257, 0.09122478936964508, 0.006510541455993894, 0.08949664128135139, 0.012442622127115673, 0.22551707040782787, 0.022013734014952494, 0.2231539240282524, 0.023212723485108513, 0.12029145643172968, 0.023724396745410832]</VALUES>
		<LCS_MIN>[0.09620769321918488, 0.0786023661494255, 0.062116365879774094, 0.16314789652824402, 0.18566203117370605, 0.08285771310329437]</LCS_MIN>
		<LCS_MAX>[0.12592387199401855, 0.1188737079501152, 0.13319404423236847, 0.2616809904575348, 0.2845797836780548, 0.1822105199098587]</LCS_MAX>
		<WAVELENGTH>[0.485, 0.56, 0.66, 0.835, 1.65, 2.22]</WAVELENGTH>
		<MEAN_VALUE>[0.1066133773861231, 0.09122478936964508, 0.08949664128135139, 0.22551707040782787, 0.2231539240282524, 0.12029145643172968]</MEAN_VALUE>
		<CHECKBOX>2</CHECKBOX>
		<SD>[0.004830875005523257, 0.006510541455993894, 0.012442622127115673, 0.022013734014952494, 0.023212723485108513, 0.023724396745410832]</SD>
		<WAVELENGTH_UNIT>E-6m</WAVELENGTH_UNIT>
		<COLOR>#ff5500</COLOR>
		<COVARIANCE_MATRIX>[[2.2103020455688238e-05, 2.3557993699796498e-05, 4.8848374717636034e-05, -3.748371091205627e-05, 8.642076136311516e-05, 9.261876402888447e-05], [2.3557993699796498e-05, 3.7254125345498323e-05, 6.634107558056712e-05, -1.292619708692655e-05, 0.0001131819881265983, 0.00010767859203042462], [4.8848374717636034e-05, 6.634107558056712e-05, 0.0001471310097258538, -7.996964995982125e-05, 0.0002403897960903123, 0.0002408103464404121], [-3.748371091205627e-05, -1.292619708692655e-05, -7.996964995982125e-05, 0.0004945540567860007, -0.0001291195658268407, -0.0002860631502699107], [8.642076136311516e-05, 0.0001131819881265983, 0.0002403897960903123, -0.0001291195658268407, 0.0005429356824606657, 0.0004908760311082006], [9.261876402888447e-05, 0.00010767859203042462, 0.0002408103464404121, -0.0002860631502699107, 0.0004908760311082006, 0.0005505408043973148]]</COVARIANCE_MATRIX>
		<ROI_SIZE>4082</ROI_SIZE>
		<MAX_VALUE>[0.12592387199401855, 0.1188737079501152, 0.13319404423236847, 0.2616809904575348, 0.2845797836780548, 0.1822105199098587]</MAX_VALUE>
		<MIN_VALUE>[0.09620769321918488, 0.0786023661494255, 0.062116365879774094, 0.16314789652824402, 0.18566203117370605, 0.08285771310329437]</MIN_VALUE>
		<SIGNATURE_THRESHOLD_MD>0.0</SIGNATURE_THRESHOLD_MD>
		<SIGNATURE_THRESHOLD_ML>0.0</SIGNATURE_THRESHOLD_ML>
		<SIGNATURE_THRESHOLD_SAM>0.0</SIGNATURE_THRESHOLD_SAM>
	</signature>
	<signature ID="20181217_050830736000_420">
		<MACROCLASSID>3</MACROCLASSID>
		<MACROCLASSINFO>barren</MACROCLASSINFO>
		<CLASSID>29</CLASSID>
		<CLASSINFO>C 1</CLASSINFO>
		<VALUES>[0.1093050082377082, 0.005009844320326286, 0.09160663186098704, 0.006205345324134338, 0.097189396941215, 0.011857809244433224, 0.19263387652344982, 0.01023342777714592, 0.21613135610701414, 0.01928408291866861, 0.12430658018965607, 0.017182784112384344]</VALUES>
		<LCS_MIN>[0.09795572608709335, 0.07668468356132507, 0.060339417308568954, 0.15083123743534088, 0.16587847471237183, 0.0757610872387886]</LCS_MIN>
		<LCS_MAX>[0.1329159289598465, 0.11695602536201477, 0.14030180871486664, 0.22062553465366364, 0.24501268565654755, 0.15618954598903656]</LCS_MAX>
		<WAVELENGTH>[0.485, 0.56, 0.66, 0.835, 1.65, 2.22]</WAVELENGTH>
		<MEAN_VALUE>[0.1093050082377082, 0.09160663186098704, 0.097189396941215, 0.19263387652344982, 0.21613135610701414, 0.12430658018965607]</MEAN_VALUE>
		<CHECKBOX>2</CHECKBOX>
		<SD>[0.005009844320326286, 0.006205345324134338, 0.011857809244433224, 0.01023342777714592, 0.01928408291866861, 0.017182784112384344]</SD>
		<WAVELENGTH_UNIT>E-6m</WAVELENGTH_UNIT>
		<COLOR>#ff5500</COLOR>
		<COVARIANCE_MATRIX>[[2.4770968593657017e-05, 2.7820264222100377e-05, 5.391467857407406e-05, 5.980537480354542e-06, 4.5515596866607666e-05, 6.53485330985859e-05], [2.7820264222100377e-05, 4.10188440582715e-05, 7.082561933202669e-05, 1.8336686480324715e-05, 5.989813507767394e-05, 8.357887418242171e-05], [5.391467857407406e-05, 7.082561933202669e-05, 0.00015040939615573734, 1.886302197817713e-05, 0.00014935602666810155, 0.00018499259022064507], [5.980537480354542e-06, 1.8336686480324715e-05, 1.886302197817713e-05, 0.00010710805509006605, 4.483006341615692e-05, 1.8544893464422785e-05], [4.5515596866607666e-05, 5.989813507767394e-05, 0.00014935602666810155, 4.483006341615692e-05, 0.00038618253893218935, 0.00029020453803241253], [6.53485330985859e-05, 8.357887418242171e-05, 0.00018499259022064507, 1.8544893464422785e-05, 0.00029020453803241253, 0.00030729378340765834]]</COVARIANCE_MATRIX>
		<ROI_SIZE>4057</ROI_SIZE>
		<MAX_VALUE>[0.1329159289598465, 0.11695602536201477, 0.14030180871486664, 0.22062553465366364, 0.24501268565654755, 0.15618954598903656]</MAX_VALUE>
		<MIN_VALUE>[0.09795572608709335, 0.07668468356132507, 0.060339417308568954, 0.15083123743534088, 0.16587847471237183, 0.0757610872387886]</MIN_VALUE>
		<SIGNATURE_THRESHOLD_MD>0.0</SIGNATURE_THRESHOLD_MD>
		<SIGNATURE_THRESHOLD_ML>0.0</SIGNATURE_THRESHOLD_ML>
		<SIGNATURE_THRESHOLD_SAM>0.0</SIGNATURE_THRESHOLD_SAM>
	</signature>
	<signature ID="20181217_042127718000_655">
		<MACROCLASSID>4</MACROCLASSID>
		<MACROCLASSINFO>built-up</MACROCLASSINFO>
		<CLASSID>5</CLASSID>
		<CLASSINFO>C 1</CLASSINFO>
		<VALUES>[0.11805783212184905, 0.00575782880530982, 0.10429932326078414, 0.007486335861090067, 0.10440758503973484, 0.013101255835612134, 0.20830890014767647, 0.009362087622062578, 0.1951828613877296, 0.02420802608337637, 0.12792131155729292, 0.022259686588918914]</VALUES>
		<LCS_MIN>[0.10669577866792679, 0.0901084765791893, 0.07810884714126587, 0.1836756318807602, 0.1460949331521988, 0.07812661677598953]</LCS_MIN>
		<LCS_MAX>[0.12941990792751312, 0.11695602536201477, 0.12253239005804062, 0.22062553465366364, 0.2277020812034607, 0.16328617930412292]</LCS_MAX>
