<?xml version="1.0" ?>
<signaturelist MCID_LIST="[['1', 'waterbody', '#0000ff'], ['2', 'vegetation', '#00ff00'], ['3', 'bareland', '#ffaa00'], ['4', 'built-up', '#ff0000']]">
	<signature ID="20210204_132331752842_507">
		<MACROCLASSID>1</MACROCLASSID>
		<MACROCLASSINFO>waterbody</MACROCLASSINFO>
		<CLASSID>1</CLASSID>
		<CLASSINFO>C 1</CLASSINFO>
		<VALUES>[0.10058102488930931, 0.004456944341651636, 0.09506205775140704, 0.01340071090941937, 0.06764867041886248, 0.010365524540658103, 0.06307973593047313, 0.020889148420220778, 0.021958156416807626, 0.010234643461209633, 0.013928144038035573, 0.006309085731764353]</VALUES>
		<LCS_MIN>[0.08520488440990448, 0.0627935379743576, 0.041722189635038376, 0.037026796489953995, 0.0022375162225216627, 5.349397906684317e-05]</LCS_MIN>
		<LCS_MAX>[0.14539606869220734, 0.14654363691806793, 0.12231050431728363, 0.14736498892307281, 0.11646798998117447, 0.08548229932785034]</LCS_MAX>
		<WAVELENGTH>[0.485, 0.56, 0.66, 0.835, 1.65, 2.22]</WAVELENGTH>
		<MEAN_VALUE>[0.10058102488930931, 0.09506205775140704, 0.06764867041886248, 0.06307973593047313, 0.021958156416807626, 0.013928144038035573]</MEAN_VALUE>
		<CHECKBOX>2</CHECKBOX>
		<SD>[0.004456944341651636, 0.01340071090941937, 0.010365524540658103, 0.020889148420220778, 0.010234643461209633, 0.006309085731764353]</SD>
		<WAVELENGTH_UNIT>E-6m</WAVELENGTH_UNIT>
		<COLOR>#1edee1</COLOR>
		<COVARIANCE_MATRIX>[[2.234205265938414e-05, 3.9654199088605075e-05, 3.603689517428418e-05, 2.328131042159298e-05, 2.5006478945350387e-05, 1.8941297931264024e-05], [3.9654199088605075e-05, 0.00016984108888609746, 0.00012605055874132307, -5.733632249258339e-05, 2.8474555732386316e-05, 3.9790405862448416e-05], [3.603689517428418e-05, 0.00012605055874132307, 0.00010536502617400078, 4.641624450523973e-08, 4.497579145401277e-05, 4.259957747400703e-05], [2.328131042159298e-05, -5.733632249258339e-05, 4.641624450523973e-08, 0.0004707026781358601, 0.00019887952134382256, 8.504400517375328e-05], [2.5006478945350387e-05, 2.8474555732386316e-05, 4.497579145401277e-05, 0.00019887952134382256, 0.0001318912722374548, 7.050419822680856e-05], [1.8941297931264024e-05, 3.9790405862448416e-05, 4.259957747400703e-05, 8.504400517375328e-05, 7.050419822680856e-05, 4.845549464205253e-05]]</COVARIANCE_MATRIX>
		<ROI_SIZE>35261</ROI_SIZE>
		<MAX_VALUE>[0.14539606869220734, 0.14654363691806793, 0.12231050431728363, 0.14736498892307281, 0.11646798998117447, 0.08548229932785034]</MAX_VALUE>
		<MIN_VALUE>[0.08520488440990448, 0.0627935379743576, 0.041722189635038376, 0.037026796489953995, 0.0022375162225216627, 5.349397906684317e-05]</MIN_VALUE>
		<SIGNATURE_THRESHOLD_MD>0</SIGNATURE_THRESHOLD_MD>
		<SIGNATURE_THRESHOLD_ML>0</SIGNATURE_THRESHOLD_ML>
		<SIGNATURE_THRESHOLD_SAM>0</SIGNATURE_THRESHOLD_SAM>
	</signature>
	<signature ID="20210204_132338646869_732">
		<MACROCLASSID>1</MACROCLASSID>
		<MACROCLASSINFO>waterbody</MACROCLASSINFO>
		<CLASSID>2</CLASSID>
		<CLASSINFO>C 1</CLASSINFO>
		<VALUES>[0.11038436405883771, 0.0044741647367482484, 0.10380843954351607, 0.0056122957695091315, 0.0742828413665883, 0.00564812661279859, 0.05600462383936915, 0.01975509385046962, 0.02288572934373356, 0.012560073486974363, 0.014229124853628664, 0.006990615029172847]</VALUES>
		<LCS_MIN>[0.09107720106840134, 0.07728875428438187, 0.055153582245111465, 0.037026796489953995, 0.006391352973878384, 0.002040211111307144]</LCS_MIN>
		<LCS_MAX>[0.12043874710798264, 0.11916379630565643, 0.1252952516078949, 0.1370207816362381, 0.10608341544866562, 0.06760184466838837]</LCS_MAX>
		<WAVELENGTH>[0.485, 0.56, 0.66, 0.835, 1.65, 2.22]</WAVELENGTH>
		<MEAN_VALUE>[0.11038436405883771, 0.10380843954351607, 0.0742828413665883, 0.05600462383936915, 0.02288572934373356, 0.014229124853628664]</MEAN_VALUE>
		<CHECKBOX>2</CHECKBOX>
		<SD>[0.0044741647367482484, 0.0056122957695091315, 0.00564812661279859, 0.01975509385046962, 0.012560073486974363, 0.006990615029172847]</SD>
		<WAVELENGTH_UNIT>E-6m</WAVELENGTH_UNIT>
		<COLOR>#1d7e00</COLOR>
		<COVARIANCE_MATRIX>[[1.8242655850009554e-05, 1.8425042066770237e-05, 1.3181514160127414e-05, -2.1875531761753733e-05, -6.192064186640259e-06, 8.889095204643671e-07], [1.8425042066770237e-05, 2.6684751874434892e-05, 1.9311436549180253e-05, -2.4055628216577326e-05, -4.472915145710994e-06, 2.7509906107188854e-06], [1.3181514160127414e-05, 1.9311436549180253e-05, 2.825581538368609e-05, 2.37365892942628e-05, 2.029627263596012e-05, 1.4578281712378658e-05], [-2.1875531761753733e-05, -2.4055628216577326e-05, 2.37365892942628e-05, 0.0002459781731991133, 0.0001386627471655622, 6.75805056074189e-05], [-6.192064186640259e-06, -4.472915145710994e-06, 2.029627263596012e-05, 0.0001386627471655622, 0.00010618758206877842, 5.7339184398697945e-05], [8.889095204643671e-07, 2.7509906107188854e-06, 1.4578281712378658e-05, 6.75805056074189e-05, 5.7339184398697945e-05, 3.8910579358507416e-05]]</COVARIANCE_MATRIX>
		<ROI_SIZE>4433</ROI_SIZE>
		<MAX_VALUE>[0.12043874710798264, 0.11916379630565643, 0.1252952516078949, 0.1370207816362381, 0.10608341544866562, 0.06760184466838837]</MAX_VALUE>
		<MIN_VALUE>[0.09107720106840134, 0.07728875428438187, 0.055153582245111465, 0.037026796489953995, 0.006391352973878384, 0.002040211111307144]</MIN_VALUE>
		<SIGNATURE_THRESHOLD_MD>0</SIGNATURE_THRESHOLD_MD>
		<SIGNATURE_THRESHOLD_ML>0</SIGNATURE_THRESHOLD_ML>
		<SIGNATURE_THRESHOLD_SAM>0</SIGNATURE_THRESHOLD_SAM>
	</signature>
	<signature ID="20210204_132348623094_540">
		<MACROCLASSID>1</MACROCLASSID>
		<MACROCLASSINFO>waterbody</MACROCLASSINFO>
		<CLASSID>3</CLASSID>
		<CLASSINFO>C 1</CLASSINFO>
		<VALUES>[0.12661630788160236, 0.004885762447082588, 0.149206670695799, 0.007890525284940176, 0.16579134929494888, 0.014964451107049874, 0.09604225639659575, 0.01527572862668634, 0.02457637739100374, 0.009780932825255242, 0.014530953321077256, 0.00585988216684912]</VALUES>
		<LCS_MIN>[0.11456643044948578, 0.12560610473155975, 0.12678763270378113, 0.06805941462516785, 0.006391352973878384, 0.00402692798525095]</LCS_MIN>
		<LCS_MAX>[0.14392799139022827, 0.1723128855228424, 0.21185308694839478, 0.1370207816362381, 0.0728527158498764, 0.045747969299554825]</LCS_MAX>
		<WAVELENGTH>[0.485, 0.56, 0.66, 0.835, 1.65, 2.22]</WAVELENGTH>
		<MEAN_VALUE>[0.12661630788160236, 0.149206670695799, 0.16579134929494888, 0.09604225639659575, 0.02457637739100374, 0.014530953321077256]</MEAN_VALUE>
		<CHECKBOX>2</CHECKBOX>
		<SD>[0.004885762447082588, 0.007890525284940176, 0.014964451107049874, 0.01527572862668634, 0.009780932825255242, 0.00585988216684912]</SD>
		<WAVELENGTH_UNIT>E-6m</WAVELENGTH_UNIT>
		<COLOR>#b426eb</COLOR>
		<COVARIANCE_MATRIX>[[2.3949716658492425e-05, 3.366476234865428e-05, 4.526561943465706e-05, -7.011043915854902e-06, -1.8538171112384365e-06, 3.2827911198252e-06], [3.366476234865428e-05, 6.246654950165889e-05, 9.373367836786147e-05, -2.342484242668072e-05, -1.3486987794639962e-05, -8.460560690536299e-07], [4.526561943465706e-05, 9.373367836786147e-05, 0.0002246763028854032, 2.932883064641794e-05, -2.2548524791926232e-05, -3.5419381465653805e-06], [-7.011043915854902e-06, -2.342484242668072e-05, 2.932883064641794e-05, 0.00023412056019231088, 9.901515423275538e-05, 5.130832705068847e-05], [-1.8538171112384365e-06, -1.3486987794639962e-05, -2.2548524791926232e-05, 9.901515423275538e-05, 9.598342390875209e-05, 5.06387112171416e-05], [3.2827911198252e-06, -8.460560690536299e-07, -3.5419381465653805e-06, 5.130832705068847e-05, 5.06387112171416e-05, 3.4451921721307846e-05]]</COVARIANCE_MATRIX>
		<ROI_SIZE>303</ROI_SIZE>
		<MAX_VALUE>[0.14392799139022827, 0.1723128855228424, 0.21185308694839478, 0.1370207816362381, 0.0728527158498764, 0.045747969299554825]</MAX_VALUE>
		<MIN_VALUE>[0.11456643044948578, 0.12560610473155975, 0.12678763270378113, 0.06805941462516785, 0.006391352973878384, 0.00402692798525095]</MIN_VALUE>
		<SIGNATURE_THRESHOLD_MD>0</SIGNATURE_THRESHOLD_MD>
		<SIGNATURE_THRESHOLD_ML>0</SIGNATURE_THRESHOLD_ML>
		<SIGNATURE_THRESHOLD_SAM>0</SIGNATURE_THRESHOLD_SAM>
	</signature>
	<signature ID="20210204_132357153592_307">
		<MACROCLASSID>1</MACROCLASSID>
		<MACROCLASSINFO>waterbody</MACROCLASSINFO>
		<CLASSID>4</CLASSID>
		<CLASSINFO>C 1</CLASSINFO>
		<VALUES>[0.11561291599885008, 0.002898112120712674, 0.125597848265599, 0.004672162161125478, 0.1120705059323555, 0.0058391829002793294, 0.06404551030733642, 0.013257510130055558, 0.020269423360243816, 0.011855924703134136, 0.010954964853441104, 0.007188197331202809]</VALUES>
		<LCS_MIN>[0.10722604393959045, 0.1062791720032692, 0.09097060561180115, 0.05081907659769058, 0.008468270301818848, 0.002040211111307144]</LCS_MIN>
		<LCS_MAX>[0.1219068318605423, 0.1336589902639389, 0.1297723799943924, 0.10254009813070297, 0.06662197411060333, 0.045747969299554825]</LCS_MAX>
		<WAVELENGTH>[0.485, 0.56, 0.66, 0.835, 1.65, 2.22]</WAVELENGTH>
		<MEAN_VALUE>[0.11561291599885008, 0.125597848265599, 0.1120705059323555, 0.06404551030733642, 0.020269423360243816, 0.010954964853441104]</MEAN_VALUE>
		<CHECKBOX>2</CHECKBOX>
		<SD>[0.002898112120712674, 0.004672162161125478, 0.0058391829002793294, 0.013257510130055558, 0.011855924703134136, 0.007188197331202809]</SD>
		<WAVELENGTH_UNIT>E-6m</WAVELENGTH_UNIT>
		<COLOR>#f2f471</COLOR>
		<COVARIANCE_MATRIX>[[8.442347956305353e-06, 1.0965612091674323e-05, 1.3515450746995195e-05, -1.5660720848625442e-05, -1.235040936974757e-05, -6.4454716124288785e-06], [1.0965612091674323e-05, 2.1941620390058105e-05, 2.4074746955929984e-05, -4.065315736003648e-05, -3.25937274691239e-05, -1.767311576704219e-05], [1.3515450746995195e-05, 2.4074746955929984e-05, 3.427180981375432e-05, -3.5797065194359795e-05, -2.8956991293958203e-05, -1.4368492850461414e-05], [-1.5660720848625442e-05, -4.065315736003648e-05, -3.5797065194359795e-05, 0.00017666756234774488, 0.0001363546210779935, 7.703411873563475e-05], [-1.235040936974757e-05, -3.25937274691239e-05, -2.8956991293958203e-05, 0.0001363546210779935, 0.00014128750185796564, 7.974301835791007e-05], [-6.4454716124288785e-06, -1.767311576704219e-05, -1.4368492850461414e-05, 7.703411873563475e-05, 7.974301835791007e-05, 5.193652201082826e-05]]</COVARIANCE_MATRIX>
		<ROI_SIZE>195</ROI_SIZE>
		<MAX_VALUE>[0.1219068318605423, 0.1336589902639389, 0.1297723799943924, 0.10254009813070297, 0.06662197411060333, 0.045747969299554825]</MAX_VALUE>
		<MIN_VALUE>[0.10722604393959045, 0.1062791720032692, 0.09097060561180115, 0.05081907659769058, 0.008468270301818848, 0.002040211111307144]</MIN_VALUE>
		<SIGNATURE_THRESHOLD_MD>0</SIGNATURE_THRESHOLD_MD>
		<SIGNATURE_THRESHOLD_ML>0</SIGNATURE_THRESHOLD_ML>
		<SIGNATURE_THRESHOLD_SAM>0</SIGNATURE_THRESHOLD_SAM>
	</signature>
	<signature ID="20210204_132415151490_785">
		<MACROCLASSID>1</MACROCLASSID>
		<MACROCLASSINFO>waterbody</MACROCLASSINFO>
		<CLASSID>5</CLASSID>
		<CLASSINFO>C 1</CLASSINFO>
		<VALUES>[0.10939625197130703, 0.0030263551661104853, 0.10676934116560481, 0.004312092517733193, 0.08616904396077861, 0.00823258888003935, 0.11198481010354083, 0.01867161632281651, 0.03998323886290841, 0.014985030716361439, 0.02035255475050729, 0.008767359823203334]</VALUES>
		<LCS_MIN>[0.10428988188505173, 0.09822627156972885, 0.07306208461523056, 0.08185169845819473, 0.016775941476225853, 0.008000360801815987]</LCS_MIN>
		<LCS_MAX>[0.11456643044948578, 0.11272148787975311, 0.10141723603010178, 0.1508130580186844, 0.0728527158498764, 0.03978782519698143]</LCS_MAX>
		<WAVELENGTH>[0.485, 0.56, 0.66, 0.835, 1.65, 2.22]</WAVELENGTH>
		<MEAN_VALUE>[0.10939625197130703, 0.10676934116560481, 0.08616904396077861, 0.11198481010354083, 0.03998323886290841, 0.02035255475050729]</MEAN_VALUE>
		<CHECKBOX>2</CHECKBOX>
		<SD>[0.0030263551661104853, 0.004312092517733193, 0.00823258888003935, 0.01867161632281651, 0.014985030716361439, 0.008767359823203334]</SD>
		<WAVELENGTH_UNIT>E-6m</WAVELENGTH_UNIT>
		<COLOR>#91a5d1</COLOR>
		<COVARIANCE_MATRIX>[[9.575135845600166e-06, 1.1462477856959716e-05, 1.9159793782142597e-05, 3.3793608313852856e-05, 2.731516649069481e-05, 1.6122308879940497e-05], [1.1462477856959716e-05, 1.9439330148831083e-05, 2.9337072173422428e-05, 5.1703544741962465e-05, 3.8130798465124554e-05, 2.290423033407088e-05], [1.9159793782142597e-05, 2.9337072173422428e-05, 7.085622510719058e-05, 0.00013605901240887225, 7.690663147793315e-05, 4.3677025507075526e-05], [3.3793608313852856e-05, 5.1703544741962465e-05, 0.00013605901240887225, 0.00036447604047494384, 0.0002402450144410188, 0.00013492178999728046], [2.731516649069481e-05, 3.8130798465124554e-05, 7.690663147793315e-05, 0.0002402450144410188, 0.0002347580158234912, 0.00013393991683249048], [1.6122308879940497e-05, 2.290423033407088e-05, 4.3677025507075526e-05, 0.00013492178999728046, 0.00013393991683249048, 8.03605345544982e-05]]</COVARIANCE_MATRIX>
		<ROI_SIZE>23</ROI_SIZE>
		<MAX_VALUE>[0.11456643044948578, 0.11272148787975311, 0.10141723603010178, 0.1508130580186844, 0.0728527158498764, 0.03978782519698143]</MAX_VALUE>
		<MIN_VALUE>[0.10428988188505173, 0.09822627156972885, 0.07306208461523056, 0.08185169845819473, 0.016775941476225853, 0.008000360801815987]</MIN_VALUE>
		<SIGNATURE_THRESHOLD_MD>0</SIGNATURE_THRESHOLD_MD>
		<SIGNATURE_THRESHOLD_ML>0</SIGNATURE_THRESHOLD_ML>
		<SIGNATURE_THRESHOLD_SAM>0</SIGNATURE_THRESHOLD_SAM>
	</signature>
	<signature ID="20210204_132421094136_742">
		<MACROCLASSID>1</MACROCLASSID>
		<MACROCLASSINFO>waterbody</MACROCLASSINFO>
		<CLASSID>6</CLASSID>
		<CLASSINFO>C 1</CLASSINFO>
		<VALUES>[0.15523830465972427, 0.004640529023864735, 0.19310949457188442, 0.008770615526188524, 0.21823297577599676, 0.01311461020902, 0.1443623004481197, 0.009021708444878504, 0.028406680181312073, 0.013538254678301668, 0.015102872256344808, 0.008417843529149377]</VALUES>
		<LCS_MIN>[0.14099183678627014, 0.1658705621957779, 0.1805131733417511, 0.13357271254062653, 0.008468270301818848, 0.002040211111307144]</LCS_MIN>
		<LCS_MAX>[0.16301299631595612, 0.20774562656879425, 0.2402082085609436, 0.17839762568473816, 0.07077579945325851, 0.045747969299554825]</LCS_MAX>
		<WAVELENGTH>[0.485, 0.56, 0.66, 0.835, 1.65, 2.22]</WAVELENGTH>
		<MEAN_VALUE>[0.15523830465972427, 0.19310949457188442, 0.21823297577599676, 0.1443623004481197, 0.028406680181312073, 0.015102872256344808]</MEAN_VALUE>
		<CHECKBOX>2</CHECKBOX>
		<SD>[0.004640529023864735, 0.008770615526188524, 0.01311461020902, 0.009021708444878504, 0.013538254678301668, 0.008417843529149377]</SD>
		<WAVELENGTH_UNIT>E-6m</WAVELENGTH_UNIT>
		<COLOR>#5c4281</COLOR>
		<COVARIANCE_MATRIX>[[2.1624612172047864e-05, 3.781929439484902e-05, 5.611626872483226e-05, -2.9775547012919914e-05, -3.668331754723454e-05, -2.0089210726796168e-05], [3.781929439484902e-05, 7.72455531798016e-05, 0.0001111763559777193, -6.118696200218872e-05, -7.81452283936306e-05, -4.361756046982458e-05], [5.611626872483226e-05, 0.0001111763559777193, 0.0001727126369217057, -8.798540605994398e-05, -0.00010799892984821941, -5.896297630777677e-05], [-2.9775547012919914e-05, -6.118696200218872e-05, -8.798540605994398e-05, 8.173177231570768e-05, 9.892264884299418e-05, 5.8189898801704255e-05], [-3.668331754723454e-05, -7.81452283936306e-05, -0.00010799892984821941, 9.892264884299418e-05, 0.0001840512198171283, 0.0001076829504455178], [-2.0089210726796168e-05, -4.361756046982458e-05, -5.896297630777677e-05, 5.8189898801704255e-05, 0.0001076829504455178, 7.115657541212586e-05]]</COVARIANCE_MATRIX>
		<ROI_SIZE>240</ROI_SIZE>
		<MAX_VALUE>[0.16301299631595612, 0.20774562656879425, 0.2402082085609436, 0.17839762568473816, 0.07077579945325851, 0.045747969299554825]</MAX_VALUE>
		<MIN_VALUE>[0.14099183678627014, 0.1658705621957779, 0.1805131733417511, 0.13357271254062653, 0.008468270301818848, 0.002040211111307144]</MIN_VALUE>
		<SIGNATURE_THRESHOLD_MD>0</SIGNATURE_THRESHOLD_MD>
		<SIGNATURE_THRESHOLD_ML>0</SIGNATURE_THRESHOLD_ML>
		<SIGNATURE_THRESHOLD_SAM>0</SIGNATURE_THRESHOLD_SAM>
	</signature>
	<signature ID="20210204_132429545701_668">
		<MACROCLASSID>1</MACROCLASSID>
		<MACROCLASSINFO>waterbody</MACROCLASSINFO>
		<CLASSID>7</CLASSID>
		<CLASSINFO>C 1</CLASSINFO>
		<VALUES>[0.11735578730702399, 0.004993623693540909, 0.12702341809868817, 0.010163962332724914, 0.12305669143795965, 0.012150728521401463, 0.0990230706334114, 0.025585411667113284, 0.040785110183060184, 0.024501151859956136, 0.021748438309878115, 0.01419266566480491]</VALUES>
		<LCS_MIN>[0.1013537347316742, 0.09661569446325302, 0.08350872248411179, 0.07150748372077942, 0.014699023216962814, 0.00402692798525095]</LCS_MIN>
		<LCS_MAX>[0.12337490916252136, 0.1401013284921646, 0.13723427057266235, 0.17150148749351501, 0.09777573496103287, 0.05965498462319374]</LCS_MAX>
		<WAVELENGTH>[0.485, 0.56, 0.66, 0.835, 1.65, 2.22]</WAVELENGTH>
		<MEAN_VALUE>[0.11735578730702399, 0.12702341809868817, 0.12305669143795965, 0.0990230706334114, 0.040785110183060184, 0.021748438309878115]</MEAN_VALUE>
		<CHECKBOX>2</CHECKBOX>
		<SD>[0.004993623693540909, 0.010163962332724914, 0.012150728521401463, 0.025585411667113284, 0.024501151859956136, 0.01419266566480491]</SD>
		<WAVELENGTH_UNIT>E-6m</WAVELENGTH_UNIT>
		<COLOR>#1335e4</COLOR>
		<COVARIANCE_MATRIX>[[2.5445181217033825e-05, 4.8900782195236204e-05, 5.940088606315138e-05, -0.00011085852872051002, -9.316485484749576e-05, -4.5499801711577895e-05], [4.8900782195236204e-05, 0.00010541441867454175, 0.00012223966280864982, -0.00023064908513778143, -0.0001939194322117319, -9.798327138078862e-05], [5.940088606315138e-05, 0.00012223966280864982, 0.00015065326898040706, -0.00027519612204233345, -0.00023101081554520252, -0.00011393796634304945], [-0.00011085852872051002, -0.00023064908513778143, -0.00027519612204233345, 0.0006679727450772004, 0.0005946204332688453, 0.0003260087909696409], [-9.316485484749576e-05, -0.0001939194322117319, -0.00023101081554520252, 0.0005946204332688453, 0.0006125575943516653, 0.00034174079542399326], [-4.5499801711577895e-05, -9.798327138078862e-05, -0.00011393796634304945, 0.0003260087909696409, 0.00034174079542399326, 0.00020554261089074716]]</COVARIANCE_MATRIX>
		<ROI_SIZE>50</ROI_SIZE>
		<MAX_VALUE>[0.12337490916252136, 0.1401013284921646, 0.13723427057266235, 0.17150148749351501, 0.09777573496103287, 0.05965498462319374]</MAX_VALUE>
		<MIN_VALUE>[0.1013537347316742, 0.09661569446325302, 0.08350872248411179, 0.07150748372077942, 0.014699023216962814, 0.00402692798525095]</MIN_VALUE>
		<SIGNATURE_THRESHOLD_MD>0</SIGNATURE_THRESHOLD_MD>
		<SIGNATURE_THRESHOLD_ML>0</SIGNATURE_THRESHOLD_ML>
		<SIGNATURE_THRESHOLD_SAM>0</SIGNATURE_THRESHOLD_SAM>
	</signature>
	<signature ID="20210204_132438353607_616">
		<MACROCLASSID>1</MACROCLASSID>
		<MACROCLASSINFO>waterbody</MACROCLASSINFO>
		<CLASSID>8</CLASSID>
		<CLASSINFO>C 1</CLASSINFO>
		<VALUES>[0.13100175177905624, 0.004400883139997218, 0.15102182619455384, 0.009016659015029734, 0.17680043127478623, 0.01336904656778379, 0.11195921498100933, 0.018309314470182077, 0.03729183488048432, 0.021774176971168072, 0.020938245443309227, 0.0128313675167605]</VALUES>
		<LCS_MIN>[0.11897067725658417, 0.12560610473155975, 0.14171138405799866, 0.09219589829444885, 0.01262210588902235, 0.006013643927872181]</LCS_MIN>
		<LCS_MAX>[0.13658760488033295, 0.16264940798282623, 0.19245219230651855, 0.17150148749351501, 0.1102372258901596, 0.06561513245105743]</LCS_MAX>
		<WAVELENGTH>[0.485, 0.56, 0.66, 0.835, 1.65, 2.22]</WAVELENGTH>
		<MEAN_VALUE>[0.13100175177905624, 0.15102182619455384, 0.17680043127478623, 0.11195921498100933, 0.03729183488048432, 0.020938245443309227]</MEAN_VALUE>
		<CHECKBOX>2</CHECKBOX>
		<SD>[0.004400883139997218, 0.009016659015029734, 0.01336904656778379, 0.018309314470182077, 0.021774176971168072, 0.0128313675167605]</SD>
		<WAVELENGTH_UNIT>E-6m</WAVELENGTH_UNIT>
		<COLOR>#243592</COLOR>
		<COVARIANCE_MATRIX>[[1.9851966722209462e-05, 3.62799495181118e-05, 5.306978706856883e-05, -6.439584281976338e-05, -6.144074996723653e-05, -2.9246567698520802e-05], [3.62799495181118e-05, 8.333264328815005e-05, 0.00012039635536064807, -0.00014736111191540537, -0.00015404719900548227, -7.706549531525173e-05], [5.306978706856883e-05, 0.00012039635536064807, 0.00018319969128486108, -0.0002177150638519972, -0.0002280828388996539, -0.00011027722889921945], [-6.439584281976338e-05, -0.00014736111191540537, -0.0002177150638519972, 0.00034361177127721935, 0.00036230343960845285, 0.00020030963081017652], [-6.144074996723653e-05, -0.00015404719900548227, -0.0002280828388996539, 0.00036230343960845285, 0.0004859676523410396, 0.0002714617063506852], [-2.9246567698520802e-05, -7.706549531525173e-05, -0.00011027722889921945, 0.00020030963081017652, 0.0002714617063506852, 0.0001687600921589309]]</COVARIANCE_MATRIX>
		<ROI_SIZE>41</ROI_SIZE>
		<MAX_VALUE>[0.13658760488033295, 0.16264940798282623, 0.19245219230651855, 0.17150148749351501, 0.1102372258901596, 0.06561513245105743]</MAX_VALUE>
		<MIN_VALUE>[0.11897067725658417, 0.12560610473155975, 0.14171138405799866, 0.09219589829444885, 0.01262210588902235, 0.006013643927872181]</MIN_VALUE>
		<SIGNATURE_THRESHOLD_MD>0</SIGNATURE_THRESHOLD_MD>
		<SIGNATURE_THRESHOLD_ML>0</SIGNATURE_THRESHOLD_ML>
		<SIGNATURE_THRESHOLD_SAM>0</SIGNATURE_THRESHOLD_SAM>
	</signature>
	<signature ID="20210204_132447965567_953">
		<MACROCLASSID>1</MACROCLASSID>
		<MACROCLASSINFO>waterbody</MACROCLASSINFO>
		<CLASSID>9</CLASSID>
		<CLASSINFO>C 1</CLASSINFO>
		<VALUES>[0.12825670901192246, 0.006153484550604209, 0.13261116008801627, 0.015222804040577822, 0.11875037543744928, 0.015061273697671755, 0.10407719168677387, 0.015179174669675066, 0.042950109275708706, 0.016174530006896563, 0.023606856095503614, 0.010723801717772659]</VALUES>
		<LCS_MIN>[0.11163028329610825, 0.0950051099061966, 0.08649346977472305, 0.08185169845819473, 0.016775941476225853, 0.00402692798525095]</LCS_MIN>
		<LCS_MAX>[0.14099183678627014, 0.15459652245044708, 0.14171138405799866, 0.1370207816362381, 0.07700655609369278, 0.05369483307003975]</LCS_MAX>
		<WAVELENGTH>[0.485, 0.56, 0.66, 0.835, 1.65, 2.22]</WAVELENGTH>
		<MEAN_VALUE>[0.12825670901192246, 0.13261116008801627, 0.11875037543744928, 0.10407719168677387, 0.042950109275708706, 0.023606856095503614]</MEAN_VALUE>
		<CHECKBOX>2</CHECKBOX>
		<SD>[0.006153484550604209, 0.015222804040577822, 0.015061273697671755, 0.015179174669675066, 0.016174530006896563, 0.010723801717772659]</SD>
		<WAVELENGTH_UNIT>E-6m</WAVELENGTH_UNIT>
		<COLOR>#69a6a6</COLOR>
		<COVARIANCE_MATRIX>[[3.832714494518956e-05, 8.447352495369299e-05, 8.468216248047737e-05, -3.006577547886622e-05, -3.187643490407329e-05, -1.2203582802169348e-05], [8.447352495369299e-05, 0.00023455978435609897, 0.00022635308327164253, -0.00011898655683026624, -0.0001256621295266512, -5.981244846937729e-05], [8.468216248047737e-05, 0.00022635308327164253, 0.00022960833082783986, -9.342384961174851e-05, -9.376960068351434e-05, -3.9868405517295116e-05], [-3.006577547886622e-05, -0.00011898655683026624, -9.342384961174851e-05, 0.000233217189306804, 0.00021455337927080807, 0.00012851472387047095], [-3.187643490407329e-05, -0.0001256621295266512, -9.376960068351434e-05, 0.00021455337927080807, 0.000264805852906729, 0.00016455818189262776], [-1.2203582802169348e-05, -5.981244846937729e-05, -3.9868405517295116e-05, 0.00012851472387047095, 0.00016455818189262776, 0.00011640236137091006]]</COVARIANCE_MATRIX>
		<ROI_SIZE>83</ROI_SIZE>
		<MAX_VALUE>[0.14099183678627014, 0.15459652245044708, 0.14171138405799866, 0.1370207816362381, 0.07700655609369278, 0.05369483307003975]</MAX_VALUE>
		<MIN_VALUE>[0.11163028329610825, 0.0950051099061966, 0.08649346977472305, 0.08185169845819473, 0.016775941476225853, 0.00402692798525095]</MIN_VALUE>
		<SIGNATURE_THRESHOLD_MD>0</SIGNATURE_THRESHOLD_MD>
		<SIGNATURE_THRESHOLD_ML>0</SIGNATURE_THRESHOLD_ML>
		<SIGNATURE_THRESHOLD_SAM>0</SIGNATURE_THRESHOLD_SAM>
	</signature>
	<signature ID="20210204_132504732766_391">
		<MACROCLASSID>1</MACROCLASSID>
		<MACROCLASSINFO>waterbody</MACROCLASSINFO>
		<CLASSID>10</CLASSID>
		<CLASSINFO>C 1</CLASSINFO>
		<VALUES>[0.11069817226084454, 0.002755454818040201, 0.11889963053048604, 0.004355036626767466, 0.10658922937338944, 0.008186344756373727, 0.07479135903022281, 0.013106048881465196, 0.02349020922605794, 0.009993439407171218, 0.012509892009711147, 0.006671460923813546]</VALUES>
		<LCS_MIN>[0.1013537347316742, 0.09983684867620468, 0.08500110357999802, 0.061163280159235, 0.008468270301818848, 0.002040211111307144]</LCS_MIN>
		<LCS_MAX>[0.1175025999546051, 0.12560610473155975, 0.12380288541316986, 0.11633237451314926, 0.06454504281282425, 0.043761253356933594]</LCS_MAX>
		<WAVELENGTH>[0.485, 0.56, 0.66, 0.835, 1.65, 2.22]</WAVELENGTH>
		<MEAN_VALUE>[0.11069817226084454, 0.11889963053048604, 0.10658922937338944, 0.07479135903022281, 0.02349020922605794, 0.012509892009711147]</MEAN_VALUE>
		<CHECKBOX>2</CHECKBOX>
		<SD>[0.002755454818040201, 0.004355036626767466, 0.008186344756373727, 0.013106048881465196, 0.009993439407171218, 0.006671460923813546]</SD>
		<WAVELENGTH_UNIT>E-6m</WAVELENGTH_UNIT>
		<COLOR>#4ef42c</COLOR>
		<COVARIANCE_MATRIX>[[7.632917058804882e-06, 7.902284090094798e-06, 9.240033371694649e-06, -6.966077465191815e-06, -5.450453586082604e-06, -1.995416758992905e-06], [7.902284090094798e-06, 1.9067228829105833e-05, 1.9963012501335282e-05, -2.249347414486791e-05, -1.737967594091298e-05, -9.422877815325019e-06], [9.240033371694649e-06, 1.9963012501335282e-05, 6.737270983441095e-05, 3.7586083392216535e-05, 1.583590830175592e-05, 1.1280190300924184e-05], [-6.966077465191815e-06, -2.249347414486791e-05, 3.7586083392216535e-05, 0.00017268217960933016, 0.00010856672438878823, 6.47294114077014e-05], [-5.450453586082604e-06, -1.737967594091298e-05, 1.583590830175592e-05, 0.00010856672438878823, 0.00010040004837195579, 6.15014180252457e-05], [-1.995416758992905e-06, -9.422877815325019e-06, 1.1280190300924184e-05, 6.47294114077014e-05, 6.15014180252457e-05, 4.4745137617853886e-05]]</COVARIANCE_MATRIX>
		<ROI_SIZE>189</ROI_SIZE>
		<MAX_VALUE>[0.1175025999546051, 0.12560610473155975, 0.12380288541316986, 0.11633237451314926, 0.06454504281282425, 0.043761253356933594]</MAX_VALUE>
		<MIN_VALUE>[0.1013537347316742, 0.09983684867620468, 0.08500110357999802, 0.061163280159235, 0.008468270301818848, 0.002040211111307144]</MIN_VALUE>
		<SIGNATURE_THRESHOLD_MD>0</SIGNATURE_THRESHOLD_MD>
		<SIGNATURE_THRESHOLD_ML>0</SIGNATURE_THRESHOLD_ML>
		<SIGNATURE_THRESHOLD_SAM>0</SIGNATURE_THRESHOLD_SAM>
	</signature>
	<signature ID="20210204_132511072535_657">
		<MACROCLASSID>1</MACROCLASSID>
		<MACROCLASSINFO>waterbody</MACROCLASSINFO>
		<CLASSID>11</CLASSID>
		<CLASSINFO>C 1</CLASSINFO>
		<VALUES>[0.11706337567846306, 0.0032436893349785593, 0.14031254381063532, 0.007331321418685355, 0.14544233502667453, 0.008440534218846038, 0.08692487420850109, 0.010914467966759597, 0.023372708075511905, 0.008171883386699283, 0.01182723304134656, 0.004783754187992764]</VALUES>
		<LCS_MIN>[0.10869412869215012, 0.10950031876564026, 0.1073867455124855, 0.07150748372077942, 0.010545188561081886, 0.002040211111307144]</LCS_MIN>
		<LCS_MAX>[0.12337490916252136, 0.15137538313865662, 0.15961989760398865, 0.1232285127043724, 0.05623737722635269, 0.029854241758584976]</LCS_MAX>
		<WAVELENGTH>[0.485, 0.56, 0.66, 0.835, 1.65, 2.22]</WAVELENGTH>
		<MEAN_VALUE>[0.11706337567846306, 0.14031254381063532, 0.14544233502667453, 0.08692487420850109, 0.023372708075511905, 0.01182723304134656]</MEAN_VALUE>
		<CHECKBOX>2</CHECKBOX>
		<SD>[0.0032436893349785593, 0.007331321418685355, 0.008440534218846038, 0.010914467966759597, 0.008171883386699283, 0.004783754187992764]</SD>
		<WAVELENGTH_UNIT>E-6m</WAVELENGTH_UNIT>
		<COLOR>#88b43e</COLOR>
		<COVARIANCE_MATRIX>[[1.0564818940132897e-05, 1.934936399994732e-05, 2.0408060388757266e-05, -1.34278091185962e-05, -1.030330865487854e-05, -5.021748202002952e-06], [1.934936399994732e-05, 5.3969460055778634e-05, 5.591562537477535e-05, -4.888540237428381e-05, -3.5468984839991174e-05, -1.856178237507223e-05], [2.0408060388757266e-05, 5.591562537477535e-05, 7.153579739704008e-05, -5.223109020472957e-05, -4.2698436873971424e-05, -2.2474889136179344e-05], [-1.34278091185962e-05, -4.888540237428381e-05, -5.223109020472957e-05, 0.00011961583984926264, 7.611470312358324e-05, 4.1228401983426634e-05], [-1.030330865487854e-05, -3.5468984839991174e-05, -4.2698436873971424e-05, 7.611470312358324e-05, 6.705449157587683e-05, 3.415058499581737e-05], [-5.021748202002952e-06, -1.856178237507223e-05, -2.2474889136179344e-05, 4.1228401983426634e-05, 3.415058499581737e-05, 2.2978478222212934e-05]]</COVARIANCE_MATRIX>
		<ROI_SIZE>244</ROI_SIZE>
		<MAX_VALUE>[0.12337490916252136, 0.15137538313865662, 0.15961989760398865, 0.1232285127043724, 0.05623737722635269, 0.029854241758584976]</MAX_VALUE>
		<MIN_VALUE>[0.10869412869215012, 0.10950031876564026, 0.1073867455124855, 0.07150748372077942, 0.010545188561081886, 0.002040211111307144]</MIN_VALUE>
		<SIGNATURE_THRESHOLD_MD>0</SIGNATURE_THRESHOLD_MD>
		<SIGNATURE_THRESHOLD_ML>0</SIGNATURE_THRESHOLD_ML>
		<SIGNATURE_THRESHOLD_SAM>0</SIGNATURE_THRESHOLD_SAM>
	</signature>
	<signature ID="20210204_132546275504_444">
		<MACROCLASSID>1</MACROCLASSID>
		<MACROCLASSINFO>waterbody</MACROCLASSINFO>
		<CLASSID>12</CLASSID>
		<CLASSINFO>C 1</CLASSINFO>
		<VALUES>[0.12134082426866852, 0.003021852114427625, 0.15432486261229914, 0.006642088044583301, 0.16708178351442501, 0.01006862425584279, 0.15787538419286892, 0.0077176112508630474, 0.025884351087173064, 0.013027645042075422, 0.013960510155702212, 0.00762934940166502]</VALUES>
		<LCS_MIN>[0.11309836804866791, 0.1288272589445114, 0.12827999889850616, 0.1508130580186844, 0.010545188561081886, 0.002040211111307144]</LCS_MIN>
		<LCS_MAX>[0.1263110637664795, 0.1610388457775116, 0.17902080714702606, 0.1852937638759613, 0.06869888305664062, 0.04177453741431236]</LCS_MAX>
		<WAVELENGTH>[0.485, 0.56, 0.66, 0.835, 1.65, 2.22]</WAVELENGTH>
		<MEAN_VALUE>[0.12134082426866852, 0.15432486261229914, 0.16708178351442501, 0.15787538419286892, 0.025884351087173064, 0.013960510155702212]</MEAN_VALUE>
		<CHECKBOX>2</CHECKBOX>
		<SD>[0.003021852114427625, 0.006642088044583301, 0.01006862425584279, 0.0077176112508630474, 0.013027645042075422, 0.00762934940166502]</SD>
		<WAVELENGTH_UNIT>E-6m</WAVELENGTH_UNIT>
		<COLOR>#a31a2f</COLOR>
		<COVARIANCE_MATRIX>[[9.242951057586223e-06, 1.6741558655662113e-05, 2.5623123947343845e-05, -1.3917988501303423e-05, -2.1888753488860506e-05, -9.568048512530707e-06], [1.6741558655662113e-05, 4.4655349855313494e-05, 6.302091501973957e-05, -3.571268082573358e-05, -6.504887283336336e-05, -3.289511935298719e-05], [2.5623123947343845e-05, 6.302091501973957e-05, 0.00010261350165419143, -5.45330788514206e-05, -9.80891553869376e-05, -4.9897551360706284e-05], [-1.3917988501303423e-05, -3.571268082573358e-05, -5.45330788514206e-05, 6.028788346114834e-05, 8.641290583721417e-05, 4.8119413292130565e-05], [-2.1888753488860506e-05, -6.504887283336336e-05, -9.80891553869376e-05, 8.641290583721417e-05, 0.00017178928577331608, 9.480302402111845e-05], [-9.568048512530707e-06, -3.289511935298719e-05, -4.9897551360706284e-05, 4.8119413292130565e-05, 9.480302402111845e-05, 5.8916813418207014e-05]]</COVARIANCE_MATRIX>
		<ROI_SIZE>83</ROI_SIZE>
		<MAX_VALUE>[0.1263110637664795, 0.1610388457775116, 0.17902080714702606, 0.1852937638759613, 0.06869888305664062, 0.04177453741431236]</MAX_VALUE>
		<MIN_VALUE>[0.11309836804866791, 0.1288272589445114, 0.12827999889850616, 0.1508130580186844, 0.010545188561081886, 0.002040211111307144]</MIN_VALUE>
		<SIGNATURE_THRESHOLD_MD>0</SIGNATURE_THRESHOLD_MD>
		<SIGNATURE_THRESHOLD_ML>0</SIGNATURE_THRESHOLD_ML>
		<SIGNATURE_THRESHOLD_SAM>0</SIGNATURE_THRESHOLD_SAM>
	</signature>
	<signature ID="20210204_132553513370_795">
		<MACROCLASSID>1</MACROCLASSID>
		<MACROCLASSINFO>waterbody</MACROCLASSINFO>
		<CLASSID>13</CLASSID>
		<CLASSINFO>C 1</CLASSINFO>
		<VALUES>[0.10693881725487502, 0.004421430461132055, 0.10333810811457426, 0.00900061795267013, 0.08483888257456862, 0.007246119978008769, 0.11543288195262784, 0.046597125216894436, 0.05172233979987061, 0.03644282347231461, 0.027219681757623734, 0.020738014276653144]</VALUES>
		<LCS_MIN>[0.0969495177268982, 0.08856279402971268, 0.07306208461523056, 0.06461134552955627, 0.016775941476225853, 0.006013643927872181]</LCS_MIN>
		<LCS_MAX>[0.11456643044948578, 0.12238495796918869, 0.10141723603010178, 0.2232224941253662, 0.13723717629909515, 0.07356199622154236]</LCS_MAX>
		<WAVELENGTH>[0.485, 0.56, 0.66, 0.835, 1.65, 2.22]</WAVELENGTH>
		<MEAN_VALUE>[0.10693881725487502, 0.10333810811457426, 0.08483888257456862, 0.11543288195262784, 0.05172233979987061, 0.027219681757623734]</MEAN_VALUE>
		<CHECKBOX>2</CHECKBOX>
		<SD>[0.004421430461132055, 0.00900061795267013, 0.007246119978008769, 0.046597125216894436, 0.03644282347231461, 0.020738014276653144]</SD>
		<WAVELENGTH_UNIT>E-6m</WAVELENGTH_UNIT>
		<COLOR>#fb50e2</COLOR>
		<COVARIANCE_MATRIX>[[1.998347059646258e-05, 3.602197909842132e-05, 1.5727033477710354e-05, -0.00016967357661867193, -0.00012281455024295285, -6.73381253051935e-05], [3.602197909842132e-05, 8.281137071948177e-05, 4.534076557755771e-05, -0.00031653230723900443, -0.00023679973005340615, -0.00012894272542922822], [1.5727033477710354e-05, 4.534076557755771e-05, 5.3673060396491024e-05, -4.6804567781327747e-05, -2.6922610185189066e-05, -8.672776475788487e-06], [-0.00016967357661867193, -0.00031653230723900443, -4.6804567781327747e-05, 0.002219543013556249, 0.001676698167870726, 0.0009429236900893753], [-0.00012281455024295285, -0.00023679973005340615, -2.6922610185189066e-05, 0.001676698167870726, 0.001357592257803936, 0.0007652253349733654], [-6.73381253051935e-05, -0.00012894272542922822, -8.672776475788487e-06, 0.0009429236900893753, 0.0007652253349733654, 0.00043962224138619546]]</COVARIANCE_MATRIX>
		<ROI_SIZE>46</ROI_SIZE>
		<MAX_VALUE>[0.11456643044948578, 0.12238495796918869, 0.10141723603010178, 0.2232224941253662, 0.13723717629909515, 0.07356199622154236]</MAX_VALUE>
		<MIN_VALUE>[0.0969495177268982, 0.08856279402971268, 0.07306208461523056, 0.06461134552955627, 0.016775941476225853, 0.006013643927872181]</MIN_VALUE>
		<SIGNATURE_THRESHOLD_MD>0</SIGNATURE_THRESHOLD_MD>
		<SIGNATURE_THRESHOLD_ML>0</SIGNATURE_THRESHOLD_ML>
		<SIGNATURE_THRESHOLD_SAM>0</SIGNATURE_THRESHOLD_SAM>
	</signature>
	<signature ID="20210204_132559234024_552">
		<MACROCLASSID>1</MACROCLASSID>
		<MACROCLASSINFO>waterbody</MACROCLASSINFO>
		<CLASSID>14</CLASSID>
		<CLASSINFO>C 1</CLASSINFO>
		<VALUES>[0.099498474581556, 0.0024894612641556606, 0.0930405617742748, 0.004289872729203198, 0.06769937673931595, 0.004598362965984394, 0.07336413614697511, 0.013430481013368708, 0.027228999268877643, 0.01130657672070712, 0.01424432674568859, 0.006661673119428387]</VALUES>
		<LCS_MIN>[0.09548142552375793, 0.08534163981676102, 0.05963071063160896, 0.05771520733833313, 0.008468270301818848, 5.349397906684317e-05]</LCS_MIN>
		<LCS_MAX>[0.10575796663761139, 0.10144743323326111, 0.07753922045230865, 0.10598817467689514, 0.06454504281282425, 0.03382767364382744]</LCS_MAX>
		<WAVELENGTH>[0.485, 0.56, 0.66, 0.835, 1.65, 2.22]</WAVELENGTH>
		<MEAN_VALUE>[0.099498474581556, 0.0930405617742748, 0.06769937673931595, 0.07336413614697511, 0.027228999268877643, 0.01424432674568859]</MEAN_VALUE>
		<CHECKBOX>2</CHECKBOX>
		<SD>[0.0024894612641556606, 0.004289872729203198, 0.004598362965984394, 0.013430481013368708, 0.01130657672070712, 0.006661673119428387]</SD>
		<WAVELENGTH_UNIT>E-6m</WAVELENGTH_UNIT>
		<COLOR>#edc88b</COLOR>
		<COVARIANCE_MATRIX>[[6.266277578906255e-06, 8.215821707587066e-06, 8.149215137751885e-06, 7.138770276964445e-06, 2.872614354456631e-06, 3.481468364765307e-06], [8.215821707587066e-06, 1.8607485899792024e-05, 1.6267801606931538e-05, 1.1277657717713838e-05, 2.366044699415316e-06, 3.763538201535048e-06], [8.149215137751885e-06, 1.6267801606931538e-05, 2.1379885766569375e-05, 2.9335529329544328e-05, 1.7556495863610866e-05, 1.257505285329467e-05], [7.138770276964445e-06, 1.1277657717713838e-05, 2.9335529329544328e-05, 0.0001823820182532401, 0.00012439947456147706, 7.20046276974306e-05], [2.872614354456631e-06, 2.366044699415316e-06, 1.7556495863610866e-05, 0.00012439947456147706, 0.00012925910688724987, 7.040163093162238e-05], [3.481468364765307e-06, 3.763538201535048e-06, 1.257505285329467e-05, 7.20046276974306e-05, 7.040163093162238e-05, 4.487097640289383e-05]]</COVARIANCE_MATRIX>
		<ROI_SIZE>91</ROI_SIZE>
		<MAX_VALUE>[0.10575796663761139, 0.10144743323326111, 0.07753922045230865, 0.10598817467689514, 0.06454504281282425, 0.03382767364382744]</MAX_VALUE>
		<MIN_VALUE>[0.09548142552375793, 0.08534163981676102, 0.05963071063160896, 0.05771520733833313, 0.008468270301818848, 5.349397906684317e-05]</MIN_VALUE>
		<SIGNATURE_THRESHOLD_MD>0</SIGNATURE_THRESHOLD_MD>
		<SIGNATURE_THRESHOLD_ML>0</SIGNATURE_THRESHOLD_ML>
		<SIGNATURE_THRESHOLD_SAM>0</SIGNATURE_THRESHOLD_SAM>
	</signature>
	<signature ID="20210204_132611169002_636">
		<MACROCLASSID>1</MACROCLASSID>
		<MACROCLASSINFO>waterbody</MACROCLASSINFO>
		<CLASSID>15</CLASSID>
		<CLASSINFO>C 1</CLASSINFO>
		<VALUES>[0.10930160895503802, 0.002513901250326906, 0.10639024037739327, 0.0034860359783571216, 0.11129779599863907, 0.007553066103100683, 0.2173964545644563, 0.021790642357692118, 0.1554997280753892, 0.02176499824386055, 0.09356618441384412, 0.0175068456608596]</VALUES>
		<LCS_MIN>[0.10428988188505173, 0.09983684867620468, 0.09843248128890991, 0.18184567987918854, 0.12062183022499084, 0.06760184466838837]</LCS_MIN>
		<LCS_MAX>[0.11456643044948578, 0.11272148787975311, 0.1252952516078949, 0.26804742217063904, 0.19954471290111542, 0.1291900873184204]</LCS_MAX>
		<WAVELENGTH>[0.485, 0.56, 0.66, 0.835, 1.65, 2.22]</WAVELENGTH>
		<MEAN_VALUE>[0.10930160895503802, 0.10639024037739327, 0.11129779599863907, 0.2173964545644563, 0.1554997280753892, 0.09356618441384412]</MEAN_VALUE>
		<CHECKBOX>2</CHECKBOX>
		<SD>[0.002513901250326906, 0.0034860359783571216, 0.007553066103100683, 0.021790642357692118, 0.02176499824386055, 0.0175068456608596]</SD>
		<WAVELENGTH_UNIT>E-6m</WAVELENGTH_UNIT>
		<COLOR>#4c37bf</COLOR>
		<COVARIANCE_MATRIX>[[6.54540304983787e-06, 6.770151225622078e-06, 1.4831925767559537e-05, -2.2367722414714127e-05, 2.6078650881036924e-05, 2.949705268253743e-05], [6.770151225622078e-06, 1.2586462801057444e-05, 2.2985052962419143e-05, -4.058345955099144e-05, 7.575747633738255e-06, 2.1811173720623964e-05], [1.4831925767559537e-05, 2.2985052962419143e-05, 5.90862649705874e-05, -0.00011772636680956312, 1.0153661114434142e-05, 5.8320005529192376e-05], [-2.2367722414714127e-05, -4.058345955099144e-05, -0.00011772636680956312, 0.000491790383445162, 0.00017311611273096986, 2.050017859316398e-06], [2.6078650881036924e-05, 7.575747633738255e-06, 1.0153661114434142e-05, 0.00017311611273096986, 0.0004906335467179404, 0.00034475007668183607], [2.949705268253743e-05, 2.1811173720623964e-05, 5.8320005529192376e-05, 2.050017859316398e-06, 0.00034475007668183607, 0.00031743570374291434]]</COVARIANCE_MATRIX>
		<ROI_SIZE>29</ROI_SIZE>
		<MAX_VALUE>[0.11456643044948578, 0.11272148787975311, 0.1252952516078949, 0.26804742217063904, 0.19954471290111542, 0.1291900873184204]</MAX_VALUE>
		<MIN_VALUE>[0.10428988188505173, 0.09983684867620468, 0.09843248128890991, 0.18184567987918854, 0.12062183022499084, 0.06760184466838837]</MIN_VALUE>
		<SIGNATURE_THRESHOLD_MD>0</SIGNATURE_THRESHOLD_MD>
		<SIGNATURE_THRESHOLD_ML>0</SIGNATURE_THRESHOLD_ML>
		<SIGNATURE_THRESHOLD_SAM>0</SIGNATURE_THRESHOLD_SAM>
	</signature>
	<signature ID="20210204_132723868145_758">
		<MACROCLASSID>1</MACROCLASSID>
		<MACROCLASSINFO>waterbody</MACROCLASSINFO>
		<CLASSID>16</CLASSID>
		<CLASSINFO>C 1</CLASSINFO>
