<?xml version="1.0" ?>
<signaturelist MCID_LIST="[['1', 'waterbody', '#0000ff'], ['2', 'vegetation', '#00ff00'], ['3', 'bare land', '#ffaa00'], ['4', 'built-up', '#ff0000']]">
	<signature ID="20200601_161429861532_103">
		<MACROCLASSID>1</MACROCLASSID>
		<MACROCLASSINFO>waterbody</MACROCLASSINFO>
		<CLASSID>1</CLASSID>
		<CLASSINFO>C 1</CLASSINFO>
		<VALUES>[0.059815032311272096, 0.004259735834727065, 0.047028375619023656, 0.0029833695663314804, 0.03315378580826538, 0.0027296546666097576, 0.016272166238800716, 0.0018649122924484485]</VALUES>
		<LCS_MIN>[0.05032402649521828, 0.03834216296672821, 0.025433961302042007, 0.015707140788435936]</LCS_MIN>
		<LCS_MAX>[0.06825578212738037, 0.05689079686999321, 0.04172056168317795, 0.025695793330669403]</LCS_MAX>
		<WAVELENGTH>[1.0, 2.0, 3.0, 4.0]</WAVELENGTH>
		<MEAN_VALUE>[0.059815032311272096, 0.047028375619023656, 0.03315378580826538, 0.016272166238800716]</MEAN_VALUE>
		<CHECKBOX>2</CHECKBOX>
		<SD>[0.004259735834727065, 0.0029833695663314804, 0.0027296546666097576, 0.0018649122924484485]</SD>
		<WAVELENGTH_UNIT>band number</WAVELENGTH_UNIT>
		<COLOR>#c4ad8c</COLOR>
		<COVARIANCE_MATRIX>[[1.815016548789572e-05, 7.062646091071656e-06, 5.457085080706747e-06, 8.987290129880421e-07], [7.062646091071656e-06, 8.90285627974663e-06, 4.511191036726814e-06, 1.0920707609329838e-06], [5.457085080706747e-06, 4.511191036726814e-06, 7.452992122125579e-06, 1.1693161923176376e-06], [8.987290129880421e-07, 1.0920707609329838e-06, 1.1693161923176376e-06, 3.4788208722602576e-06]]</COVARIANCE_MATRIX>
		<ROI_SIZE>3769</ROI_SIZE>
		<MAX_VALUE>[0.06825578212738037, 0.05689079686999321, 0.04172056168317795, 0.025695793330669403]</MAX_VALUE>
		<MIN_VALUE>[0.05032402649521828, 0.03834216296672821, 0.025433961302042007, 0.015707140788435936]</MIN_VALUE>
		<SIGNATURE_THRESHOLD_MD>0.0</SIGNATURE_THRESHOLD_MD>
		<SIGNATURE_THRESHOLD_ML>0.0</SIGNATURE_THRESHOLD_ML>
		<SIGNATURE_THRESHOLD_SAM>0.0</SIGNATURE_THRESHOLD_SAM>
	</signature>
	<signature ID="20200601_161451302189_667">
		<MACROCLASSID>1</MACROCLASSID>
		<MACROCLASSINFO>waterbody</MACROCLASSINFO>
		<CLASSID>2</CLASSID>
		<CLASSINFO>C 1</CLASSINFO>
		<VALUES>[0.09666654236373237, 0.009516419458445818, 0.08381408174522603, 0.00916960085557967, 0.05914671084701581, 0.00787689385111954, 0.02826630139910509, 0.009084621937041784]</VALUES>
		<LCS_MIN>[0.06825578212738037, 0.05843650922179222, 0.038463249802589417, 0.015707140788435936]</LCS_MIN>
		<LCS_MAX>[0.12205101549625397, 0.10326237976551056, 0.07917975634336472, 0.04567309468984604]</LCS_MAX>
		<WAVELENGTH>[1.0, 2.0, 3.0, 4.0]</WAVELENGTH>
		<MEAN_VALUE>[0.09666654236373237, 0.08381408174522603, 0.05914671084701581, 0.02826630139910509]</MEAN_VALUE>
		<CHECKBOX>2</CHECKBOX>
		<SD>[0.009516419458445818, 0.00916960085557967, 0.00787689385111954, 0.009084621937041784]</SD>
		<WAVELENGTH_UNIT>band number</WAVELENGTH_UNIT>
		<COLOR>#1bb3a9</COLOR>
		<COVARIANCE_MATRIX>[[7.959487265907228e-05, 6.542656774399802e-05, 3.858669151668437e-05, 2.25976764340885e-05], [6.542656774399802e-05, 7.228185859275982e-05, 4.675113450502977e-05, 3.0532632081303746e-05], [3.858669151668437e-05, 4.675113450502977e-05, 5.287865860736929e-05, 3.757151716854423e-05], [2.25976764340885e-05, 3.0532632081303746e-05, 3.757151716854423e-05, 7.778259896440431e-05]]</COVARIANCE_MATRIX>
		<ROI_SIZE>8943</ROI_SIZE>
		<MAX_VALUE>[0.12205101549625397, 0.10326237976551056, 0.07917975634336472, 0.04567309468984604]</MAX_VALUE>
		<MIN_VALUE>[0.06825578212738037, 0.05843650922179222, 0.038463249802589417, 0.015707140788435936]</MIN_VALUE>
		<SIGNATURE_THRESHOLD_MD>0.0</SIGNATURE_THRESHOLD_MD>
		<SIGNATURE_THRESHOLD_ML>0.0</SIGNATURE_THRESHOLD_ML>
		<SIGNATURE_THRESHOLD_SAM>0.0</SIGNATURE_THRESHOLD_SAM>
	</signature>
	<signature ID="20200601_161459267899_819">
		<MACROCLASSID>1</MACROCLASSID>
		<MACROCLASSINFO>waterbody</MACROCLASSINFO>
		<CLASSID>3</CLASSID>
		<CLASSINFO>C 1</CLASSINFO>
		<VALUES>[0.1048246167671332, 0.010668530605058948, 0.09575679054569834, 0.01029212488567578, 0.07357518081341742, 0.009071859842405784, 0.03764711947649352, 0.007591665189148602]</VALUES>
		<LCS_MIN>[0.06601430475711823, 0.0537993460893631, 0.040091902017593384, 0.015707140788435936]</LCS_MIN>
		<LCS_MAX>[0.11980955302715302, 0.10789953172206879, 0.08569438755512238, 0.05366401746869087]</LCS_MAX>
		<WAVELENGTH>[1.0, 2.0, 3.0, 4.0]</WAVELENGTH>
		<MEAN_VALUE>[0.1048246167671332, 0.09575679054569834, 0.07357518081341742, 0.03764711947649352]</MEAN_VALUE>
		<CHECKBOX>2</CHECKBOX>
		<SD>[0.010668530605058948, 0.01029212488567578, 0.009071859842405784, 0.007591665189148602]</SD>
		<WAVELENGTH_UNIT>band number</WAVELENGTH_UNIT>
		<COLOR>#07387a</COLOR>
		<COVARIANCE_MATRIX>[[0.00010535126784816384, 9.313879127148539e-05, 7.452604040736333e-05, 4.6518933231709525e-05], [9.313879127148539e-05, 0.00010084734094562009, 8.053432975430042e-05, 5.0954389735125005e-05], [7.452604040736333e-05, 8.053432975430042e-05, 8.287783566629514e-05, 4.77049543405883e-05], [4.6518933231709525e-05, 5.0954389735125005e-05, 4.77049543405883e-05, 5.7054709031945094e-05]]</COVARIANCE_MATRIX>
		<ROI_SIZE>8413</ROI_SIZE>
		<MAX_VALUE>[0.11980955302715302, 0.10789953172206879, 0.08569438755512238, 0.05366401746869087]</MAX_VALUE>
		<MIN_VALUE>[0.06601430475711823, 0.0537993460893631, 0.040091902017593384, 0.015707140788435936]</MIN_VALUE>
		<SIGNATURE_THRESHOLD_MD>0.0</SIGNATURE_THRESHOLD_MD>
		<SIGNATURE_THRESHOLD_ML>0.0</SIGNATURE_THRESHOLD_ML>
		<SIGNATURE_THRESHOLD_SAM>0.0</SIGNATURE_THRESHOLD_SAM>
	</signature>
	<signature ID="20200601_161503938416_921">
		<MACROCLASSID>1</MACROCLASSID>
		<MACROCLASSINFO>waterbody</MACROCLASSINFO>
		<CLASSID>4</CLASSID>
		<CLASSINFO>C 1</CLASSINFO>
		<VALUES>[0.13478893099901995, 0.00695642142296729, 0.12114778953514717, 0.008405014575682308, 0.09096506154974016, 0.007799408358932776, 0.04306204866790388, 0.005199961792889023]</VALUES>
		<LCS_MIN>[0.10860220342874527, 0.09862520545721054, 0.0710364580154419, 0.015707140788435936]</LCS_MIN>
		<LCS_MAX>[0.1646389216184616, 0.1465425193309784, 0.11826760321855545, 0.06964585930109024]</LCS_MAX>
		<WAVELENGTH>[1.0, 2.0, 3.0, 4.0]</WAVELENGTH>
		<MEAN_VALUE>[0.13478893099901995, 0.12114778953514717, 0.09096506154974016, 0.04306204866790388]</MEAN_VALUE>
		<CHECKBOX>2</CHECKBOX>
		<SD>[0.00695642142296729, 0.008405014575682308, 0.007799408358932776, 0.005199961792889023]</SD>
		<WAVELENGTH_UNIT>band number</WAVELENGTH_UNIT>
		<COLOR>#54c7ae</COLOR>
		<COVARIANCE_MATRIX>[[4.761974196298979e-05, 4.741002703667618e-05, 4.100315345567651e-05, 1.9639164747786708e-05], [4.741002703667618e-05, 6.932707037776709e-05, 5.609379513771273e-05, 2.6008612621808425e-05], [4.100315345567651e-05, 5.609379513771273e-05, 6.48667337372899e-05, 2.388486245763488e-05], [1.9639164747786708e-05, 2.6008612621808425e-05, 2.388486245763488e-05, 2.885339745262172e-05]]</COVARIANCE_MATRIX>
		<ROI_SIZE>7714</ROI_SIZE>
		<MAX_VALUE>[0.1646389216184616, 0.1465425193309784, 0.11826760321855545, 0.06964585930109024]</MAX_VALUE>
		<MIN_VALUE>[0.10860220342874527, 0.09862520545721054, 0.0710364580154419, 0.015707140788435936]</MIN_VALUE>
		<SIGNATURE_THRESHOLD_MD>0.0</SIGNATURE_THRESHOLD_MD>
		<SIGNATURE_THRESHOLD_ML>0.0</SIGNATURE_THRESHOLD_ML>
		<SIGNATURE_THRESHOLD_SAM>0.0</SIGNATURE_THRESHOLD_SAM>
	</signature>
	<signature ID="20200601_161510281508_790">
		<MACROCLASSID>1</MACROCLASSID>
		<MACROCLASSINFO>waterbody</MACROCLASSINFO>
		<CLASSID>5</CLASSID>
		<CLASSINFO>C 1</CLASSINFO>
		<VALUES>[0.14648611476066833, 0.012202179778401405, 0.13034364291273934, 0.013707844574991608, 0.09280231087613121, 0.011178381641036102, 0.0450598128546954, 0.00621988718252233]</VALUES>
		<LCS_MIN>[0.11756809055805206, 0.10017094016075134, 0.06452181935310364, 0.015707140788435936]</LCS_MIN>
		<LCS_MAX>[0.1736048012971878, 0.15581682324409485, 0.11501027643680573, 0.06964585930109024]</LCS_MAX>
		<WAVELENGTH>[1.0, 2.0, 3.0, 4.0]</WAVELENGTH>
		<MEAN_VALUE>[0.14648611476066833, 0.13034364291273934, 0.09280231087613121, 0.0450598128546954]</MEAN_VALUE>
		<CHECKBOX>2</CHECKBOX>
		<SD>[0.012202179778401405, 0.013707844574991608, 0.011178381641036102, 0.00621988718252233]</SD>
		<WAVELENGTH_UNIT>band number</WAVELENGTH_UNIT>
		<COLOR>#33bbcf</COLOR>
		<COVARIANCE_MATRIX>[[0.0001339387963525951, 0.00014081824338063598, 0.00011029754386981949, 4.762464959640056e-05], [0.00014081824338063598, 0.00016898708418011665, 0.00012736051576212049, 5.378530113375746e-05], [0.00011029754386981949, 0.00012736051576212049, 0.00011298438039375469, 4.358055957709439e-05], [4.762464959640056e-05, 5.378530113375746e-05, 4.358055957709439e-05, 3.6883655411656946e-05]]</COVARIANCE_MATRIX>
		<ROI_SIZE>10164</ROI_SIZE>
		<MAX_VALUE>[0.1736048012971878, 0.15581682324409485, 0.11501027643680573, 0.06964585930109024]</MAX_VALUE>
		<MIN_VALUE>[0.11756809055805206, 0.10017094016075134, 0.06452181935310364, 0.015707140788435936]</MIN_VALUE>
		<SIGNATURE_THRESHOLD_MD>0.0</SIGNATURE_THRESHOLD_MD>
		<SIGNATURE_THRESHOLD_ML>0.0</SIGNATURE_THRESHOLD_ML>
		<SIGNATURE_THRESHOLD_SAM>0.0</SIGNATURE_THRESHOLD_SAM>
	</signature>
	<signature ID="20200601_161518918378_861">
		<MACROCLASSID>1</MACROCLASSID>
		<MACROCLASSINFO>waterbody</MACROCLASSINFO>
		<CLASSID>6</CLASSID>
		<CLASSINFO>C 1</CLASSINFO>
		<VALUES>[0.13087744572055418, 0.007246593565445849, 0.11191840206116119, 0.00891259618433185, 0.07786365646143559, 0.007269267322592075, 0.034103731232274205, 0.006892063690543622]</VALUES>
		<LCS_MIN>[0.11084368079900742, 0.09398805350065231, 0.058007173240184784, 0.015707140788435936]</LCS_MIN>
		<LCS_MAX>[0.1601559817790985, 0.14035964012145996, 0.10360966622829437, 0.0496685616672039]</LCS_MAX>
		<WAVELENGTH>[1.0, 2.0, 3.0, 4.0]</WAVELENGTH>
		<MEAN_VALUE>[0.13087744572055418, 0.11191840206116119, 0.07786365646143559, 0.034103731232274205]</MEAN_VALUE>
		<CHECKBOX>2</CHECKBOX>
		<SD>[0.007246593565445849, 0.00891259618433185, 0.007269267322592075, 0.006892063690543622]</SD>
		<WAVELENGTH_UNIT>band number</WAVELENGTH_UNIT>
		<COLOR>#9aa439</COLOR>
		<COVARIANCE_MATRIX>[[5.50194745301269e-05, 5.602852252195589e-05, 4.161759352427907e-05, 2.4382161427638493e-05], [5.602852252195589e-05, 8.233898552134633e-05, 5.740389315178618e-05, 3.337178713991307e-05], [4.161759352427907e-05, 5.740389315178618e-05, 5.5131462431745604e-05, 2.6447612981428392e-05], [2.4382161427638493e-05, 3.337178713991307e-05, 2.6447612981428392e-05, 4.951149458065629e-05]]</COVARIANCE_MATRIX>
		<ROI_SIZE>10201</ROI_SIZE>
		<MAX_VALUE>[0.1601559817790985, 0.14035964012145996, 0.10360966622829437, 0.0496685616672039]</MAX_VALUE>
		<MIN_VALUE>[0.11084368079900742, 0.09398805350065231, 0.058007173240184784, 0.015707140788435936]</MIN_VALUE>
		<SIGNATURE_THRESHOLD_MD>0.0</SIGNATURE_THRESHOLD_MD>
		<SIGNATURE_THRESHOLD_ML>0.0</SIGNATURE_THRESHOLD_ML>
		<SIGNATURE_THRESHOLD_SAM>0.0</SIGNATURE_THRESHOLD_SAM>
	</signature>
	<signature ID="20200601_161535984798_697">
		<MACROCLASSID>1</MACROCLASSID>
		<MACROCLASSINFO>waterbody</MACROCLASSINFO>
		<CLASSID>7</CLASSID>
		<CLASSINFO>C 1</CLASSINFO>
		<VALUES>[0.08468671923085774, 0.010538387797013634, 0.07048519576435205, 0.008905274755237164, 0.053608169311594366, 0.00758323187833353, 0.02567018049162862, 0.009257889912538578]</VALUES>
		<LCS_MIN>[0.05032402649521828, 0.03988787904381752, 0.027062619104981422, 0.015707140788435936]</LCS_MIN>
		<LCS_MAX>[0.10636072605848312, 0.09553377330303192, 0.07755108922719955, 0.04567309468984604]</LCS_MAX>
		<WAVELENGTH>[1.0, 2.0, 3.0, 4.0]</WAVELENGTH>
		<MEAN_VALUE>[0.08468671923085774, 0.07048519576435205, 0.053608169311594366, 0.02567018049162862]</MEAN_VALUE>
		<CHECKBOX>2</CHECKBOX>
		<SD>[0.010538387797013634, 0.008905274755237164, 0.00758323187833353, 0.009257889912538578]</SD>
		<WAVELENGTH_UNIT>band number</WAVELENGTH_UNIT>
		<COLOR>#bbea9e</COLOR>
		<COVARIANCE_MATRIX>[[0.00011625411571003497, 8.210496162064373e-05, 4.797667497768998e-05, 2.6677860660129227e-05], [8.210496162064373e-05, 7.38671951694414e-05, 4.413174610817805e-05, 2.9030848963884637e-05], [4.797667497768998e-05, 4.413174610817805e-05, 4.434156289789826e-05, 3.4311779018025845e-05], [2.6677860660129227e-05, 2.9030848963884637e-05, 3.4311779018025845e-05, 7.68695172155276e-05]]</COVARIANCE_MATRIX>
		<ROI_SIZE>4401</ROI_SIZE>
		<MAX_VALUE>[0.10636072605848312, 0.09553377330303192, 0.07755108922719955, 0.04567309468984604]</MAX_VALUE>
		<MIN_VALUE>[0.05032402649521828, 0.03988787904381752, 0.027062619104981422, 0.015707140788435936]</MIN_VALUE>
		<SIGNATURE_THRESHOLD_MD>0.0</SIGNATURE_THRESHOLD_MD>
		<SIGNATURE_THRESHOLD_ML>0.0</SIGNATURE_THRESHOLD_ML>
		<SIGNATURE_THRESHOLD_SAM>0.0</SIGNATURE_THRESHOLD_SAM>
	</signature>
	<signature ID="20200601_161554006596_769">
		<MACROCLASSID>1</MACROCLASSID>
		<MACROCLASSINFO>waterbody</MACROCLASSINFO>
		<CLASSID>8</CLASSID>
		<CLASSINFO>C 1</CLASSINFO>
		<VALUES>[0.057972785586271766, 0.00803955718702167, 0.047434354178449954, 0.005577315231280218, 0.03937598267496981, 0.006565212115350957, 0.023320847278140086, 0.008782835258792242]</VALUES>
		<LCS_MIN>[0.03463374450802803, 0.03215928375720978, 0.023805303499102592, 0.015707140788435936]</LCS_MIN>
		<LCS_MAX>[0.06825578212738037, 0.06461939215660095, 0.05637851357460022, 0.04567309468984604]</LCS_MAX>
		<WAVELENGTH>[1.0, 2.0, 3.0, 4.0]</WAVELENGTH>
		<MEAN_VALUE>[0.057972785586271766, 0.047434354178449954, 0.03937598267496981, 0.023320847278140086]</MEAN_VALUE>
		<CHECKBOX>2</CHECKBOX>
		<SD>[0.00803955718702167, 0.005577315231280218, 0.006565212115350957, 0.008782835258792242]</SD>
		<WAVELENGTH_UNIT>band number</WAVELENGTH_UNIT>
		<COLOR>#2c2160</COLOR>
		<COVARIANCE_MATRIX>[[6.473225948866457e-05, 3.714790364028886e-05, 2.4703644157852978e-05, 1.2895314284833148e-05], [3.714790364028886e-05, 3.1153504096437246e-05, 2.586657319625374e-05, 1.985558083106298e-05], [2.4703644157852978e-05, 2.586657319625374e-05, 4.316721606301144e-05, 4.0855142287909985e-05], [1.2895314284833148e-05, 1.985558083106298e-05, 4.0855142287909985e-05, 7.725489558652043e-05]]</COVARIANCE_MATRIX>
		<ROI_SIZE>662</ROI_SIZE>
		<MAX_VALUE>[0.06825578212738037, 0.06461939215660095, 0.05637851357460022, 0.04567309468984604]</MAX_VALUE>
		<MIN_VALUE>[0.03463374450802803, 0.03215928375720978, 0.023805303499102592, 0.015707140788435936]</MIN_VALUE>
		<SIGNATURE_THRESHOLD_MD>0.0</SIGNATURE_THRESHOLD_MD>
		<SIGNATURE_THRESHOLD_ML>0.0</SIGNATURE_THRESHOLD_ML>
		<SIGNATURE_THRESHOLD_SAM>0.0</SIGNATURE_THRESHOLD_SAM>
	</signature>
	<signature ID="20200601_161600117264_659">
		<MACROCLASSID>1</MACROCLASSID>
		<MACROCLASSINFO>waterbody</MACROCLASSINFO>
		<CLASSID>9</CLASSID>
		<CLASSINFO>C 1</CLASSINFO>
		<VALUES>[0.06727451002432246, 0.00931746304710011, 0.05562673820389638, 0.0068826692335371056, 0.04891019526662099, 0.008906722097367738, 0.035511307627376636, 0.01232765673157516]</VALUES>
		<LCS_MIN>[0.04359962418675423, 0.0367964468896389, 0.027062619104981422, 0.015707140788435936]</LCS_MIN>
		<LCS_MAX>[0.09739486128091812, 0.08007659018039703, 0.07592242956161499, 0.061654940247535706]</LCS_MAX>
		<WAVELENGTH>[1.0, 2.0, 3.0, 4.0]</WAVELENGTH>
		<MEAN_VALUE>[0.06727451002432246, 0.05562673820389638, 0.04891019526662099, 0.035511307627376636]</MEAN_VALUE>
		<CHECKBOX>2</CHECKBOX>
		<SD>[0.00931746304710011, 0.0068826692335371056, 0.008906722097367738, 0.01232765673157516]</SD>
		<WAVELENGTH_UNIT>band number</WAVELENGTH_UNIT>
		<COLOR>#f88101</COLOR>
		<COVARIANCE_MATRIX>[[8.691168477525935e-05, 5.340693678590469e-05, 3.943080810131505e-05, 3.2310512324329466e-05], [5.340693678590469e-05, 4.742382952827029e-05, 4.475136665860191e-05, 4.551250458462164e-05], [3.943080810131505e-05, 4.475136665860191e-05, 7.941794319776818e-05, 9.116058208746836e-05], [3.2310512324329466e-05, 4.551250458462164e-05, 9.116058208746836e-05, 0.00015214017184916884]]</COVARIANCE_MATRIX>
		<ROI_SIZE>900</ROI_SIZE>
		<MAX_VALUE>[0.09739486128091812, 0.08007659018039703, 0.07592242956161499, 0.061654940247535706]</MAX_VALUE>
		<MIN_VALUE>[0.04359962418675423, 0.0367964468896389, 0.027062619104981422, 0.015707140788435936]</MIN_VALUE>
		<SIGNATURE_THRESHOLD_MD>0.0</SIGNATURE_THRESHOLD_MD>
		<SIGNATURE_THRESHOLD_ML>0.0</SIGNATURE_THRESHOLD_ML>
		<SIGNATURE_THRESHOLD_SAM>0.0</SIGNATURE_THRESHOLD_SAM>
	</signature>
	<signature ID="20200601_161646694549_578">
		<MACROCLASSID>1</MACROCLASSID>
		<MACROCLASSINFO>waterbody</MACROCLASSINFO>
		<CLASSID>10</CLASSID>
		<CLASSINFO>C 1</CLASSINFO>
		<VALUES>[0.08150081381653292, 0.008997462688432573, 0.07740670380493006, 0.009811270523107842, 0.07639129030885121, 0.012845269030616974, 0.06210896931588651, 0.012440853125208236]</VALUES>
		<LCS_MIN>[0.061531372368335724, 0.0553450770676136, 0.05149252340197563, 0.03368671238422394]</LCS_MIN>
		<LCS_MAX>[0.10411927103996277, 0.09707949310541153, 0.10035233944654465, 0.08562770485877991]</LCS_MAX>
		<WAVELENGTH>[1.0, 2.0, 3.0, 4.0]</WAVELENGTH>
		<MEAN_VALUE>[0.08150081381653292, 0.07740670380493006, 0.07639129030885121, 0.06210896931588651]</MEAN_VALUE>
		<CHECKBOX>2</CHECKBOX>
		<SD>[0.008997462688432573, 0.009811270523107842, 0.012845269030616974, 0.012440853125208236]</SD>
		<WAVELENGTH_UNIT>band number</WAVELENGTH_UNIT>
		<COLOR>#a22977</COLOR>
		<COVARIANCE_MATRIX>[[8.219978917622939e-05, 8.036119834287092e-05, 9.383293217979372e-05, 7.752628152957186e-05], [8.036119834287092e-05, 9.774196951184422e-05, 0.00011250369425397366, 9.339369717054069e-05], [9.383293217979372e-05, 0.00011250369425397366, 0.00016753941599745303, 0.00014945057046134025], [7.752628152957186e-05, 9.339369717054069e-05, 0.00014945057046134025, 0.00015715598419774324]]</COVARIANCE_MATRIX>
		<ROI_SIZE>66</ROI_SIZE>
		<MAX_VALUE>[0.10411927103996277, 0.09707949310541153, 0.10035233944654465, 0.08562770485877991]</MAX_VALUE>
		<MIN_VALUE>[0.061531372368335724, 0.0553450770676136, 0.05149252340197563, 0.03368671238422394]</MIN_VALUE>
		<SIGNATURE_THRESHOLD_MD>0.0</SIGNATURE_THRESHOLD_MD>
		<SIGNATURE_THRESHOLD_ML>0.0</SIGNATURE_THRESHOLD_ML>
		<SIGNATURE_THRESHOLD_SAM>0.0</SIGNATURE_THRESHOLD_SAM>
	</signature>
	<signature ID="20200601_161704194771_912">
		<MACROCLASSID>2</MACROCLASSID>
		<MACROCLASSINFO>vegetation</MACROCLASSINFO>
		<CLASSID>11</CLASSID>
		<CLASSINFO>C 1</CLASSINFO>
		<VALUES>[0.06030228714977297, 0.004967933389468157, 0.05550851754108886, 0.005463269867807543, 0.174422762019997, 0.009605410054770438, 0.23062156953015134, 0.013669975131070784]</VALUES>
		<LCS_MIN>[0.045841094106435776, 0.04452504217624664, 0.15084080398082733, 0.20149603486061096]</LCS_MIN>
		<LCS_MAX>[0.08394605666399002, 0.08316802233457565, 0.20784391462802887, 0.26142793893814087]</LCS_MAX>
		<WAVELENGTH>[1.0, 2.0, 3.0, 4.0]</WAVELENGTH>
		<MEAN_VALUE>[0.06030228714977297, 0.05550851754108886, 0.174422762019997, 0.23062156953015134]</MEAN_VALUE>
		<CHECKBOX>2</CHECKBOX>
		<SD>[0.004967933389468157, 0.005463269867807543, 0.009605410054770438, 0.013669975131070784]</SD>
		<WAVELENGTH_UNIT>band number</WAVELENGTH_UNIT>
		<COLOR>#9f60dc</COLOR>
		<COVARIANCE_MATRIX>[[2.3008922653389163e-05, 1.8414342775940895e-05, 1.151147262135055e-05, 1.029297550303454e-06], [1.8414342775940895e-05, 2.6002015147241764e-05, 9.855740245257039e-06, -5.225070253800368e-06], [1.151147262135055e-05, 9.855740245257039e-06, 8.921362314140424e-05, 0.00010489072155905887], [1.029297550303454e-06, -5.225070253800368e-06, 0.00010489072155905887, 0.000182822608621791]]</COVARIANCE_MATRIX>
		<ROI_SIZE>7173</ROI_SIZE>
		<MAX_VALUE>[0.08394605666399002, 0.08316802233457565, 0.20784391462802887, 0.26142793893814087]</MAX_VALUE>
		<MIN_VALUE>[0.045841094106435776, 0.04452504217624664, 0.15084080398082733, 0.20149603486061096]</MIN_VALUE>
		<SIGNATURE_THRESHOLD_MD>0.0</SIGNATURE_THRESHOLD_MD>
		<SIGNATURE_THRESHOLD_ML>0.0</SIGNATURE_THRESHOLD_ML>
		<SIGNATURE_THRESHOLD_SAM>0.0</SIGNATURE_THRESHOLD_SAM>
	</signature>
	<signature ID="20200601_161710204709_921">
		<MACROCLASSID>2</MACROCLASSID>
		<MACROCLASSINFO>vegetation</MACROCLASSINFO>
		<CLASSID>12</CLASSID>
		<CLASSINFO>C 1</CLASSINFO>
		<VALUES>[0.06436150733644909, 0.0072235024090153465, 0.061227394578357575, 0.008958301520262255, 0.17233007847133888, 0.00968556246571336, 0.2187315188348294, 0.012811223819731574]</VALUES>
		<LCS_MIN>[0.05032402649521828, 0.04761647805571556, 0.13781152665615082, 0.1735278218984604]</LCS_MIN>
		<LCS_MAX>[0.09291192144155502, 0.0908966138958931, 0.19481463730335236, 0.2334597408771515]</LCS_MAX>
		<WAVELENGTH>[1.0, 2.0, 3.0, 4.0]</WAVELENGTH>
		<MEAN_VALUE>[0.06436150733644909, 0.061227394578357575, 0.17233007847133888, 0.2187315188348294]</MEAN_VALUE>
		<CHECKBOX>2</CHECKBOX>
		<SD>[0.0072235024090153465, 0.008958301520262255, 0.00968556246571336, 0.012811223819731574]</SD>
		<WAVELENGTH_UNIT>band number</WAVELENGTH_UNIT>
		<COLOR>#ce85d0</COLOR>
		<COVARIANCE_MATRIX>[[5.2992530982010067e-05, 5.718081956729293e-05, 3.0022827559150755e-05, -2.767557134575327e-06], [5.718081956729293e-05, 7.785669004078954e-05, 3.60536141670309e-05, -5.554264589591185e-06], [3.0022827559150755e-05, 3.60536141670309e-05, 9.963830234482884e-05, 9.481835149927065e-05], [-2.767557134575327e-06, -5.554264589591185e-06, 9.481835149927065e-05, 0.00015794626960996538]]</COVARIANCE_MATRIX>
		<ROI_SIZE>1645</ROI_SIZE>
		<MAX_VALUE>[0.09291192144155502, 0.0908966138958931, 0.19481463730335236, 0.2334597408771515]</MAX_VALUE>
		<MIN_VALUE>[0.05032402649521828, 0.04761647805571556, 0.13781152665615082, 0.1735278218984604]</MIN_VALUE>
		<SIGNATURE_THRESHOLD_MD>0.0</SIGNATURE_THRESHOLD_MD>
		<SIGNATURE_THRESHOLD_ML>0.0</SIGNATURE_THRESHOLD_ML>
		<SIGNATURE_THRESHOLD_SAM>0.0</SIGNATURE_THRESHOLD_SAM>
	</signature>
	<signature ID="20200601_161723691013_541">
		<MACROCLASSID>2</MACROCLASSID>
		<MACROCLASSINFO>vegetation</MACROCLASSINFO>
		<CLASSID>13</CLASSID>
		<CLASSINFO>C 1</CLASSINFO>
		<VALUES>[0.07328282226569993, 0.009435852370622983, 0.07607314358195195, 0.012299924424734338, 0.16394374586972368, 0.008689145467649002, 0.1964275752203765, 0.014981427956965191]</VALUES>
		<LCS_MIN>[0.054806966334581375, 0.05225363373756409, 0.13781152665615082, 0.1595437377691269]</LCS_MIN>
		<LCS_MAX>[0.10187780857086182, 0.10789953172206879, 0.19481463730335236, 0.2194756418466568]</LCS_MAX>
		<WAVELENGTH>[1.0, 2.0, 3.0, 4.0]</WAVELENGTH>
		<MEAN_VALUE>[0.07328282226569993, 0.07607314358195195, 0.16394374586972368, 0.1964275752203765]</MEAN_VALUE>
		<CHECKBOX>2</CHECKBOX>
		<SD>[0.009435852370622983, 0.012299924424734338, 0.008689145467649002, 0.014981427956965191]</SD>
		<WAVELENGTH_UNIT>band number</WAVELENGTH_UNIT>
		<COLOR>#e93a9e</COLOR>
		<COVARIANCE_MATRIX>[[9.38399534788914e-05, 0.00010523186938371509, 1.6420175597886555e-05, -5.63617650186643e-05], [0.00010523186938371509, 0.00014760684280190617, 1.1625728802755475e-05, -9.165029769064859e-05], [1.6420175597886555e-05, 1.1625728802755475e-05, 8.461165271000937e-05, 9.325271821580827e-05], [-5.63617650186643e-05, -9.165029769064859e-05, 9.325271821580827e-05, 0.00022756343241780996]]</COVARIANCE_MATRIX>
		<ROI_SIZE>4422</ROI_SIZE>
		<MAX_VALUE>[0.10187780857086182, 0.10789953172206879, 0.19481463730335236, 0.2194756418466568]</MAX_VALUE>
		<MIN_VALUE>[0.054806966334581375, 0.05225363373756409, 0.13781152665615082, 0.1595437377691269]</MIN_VALUE>
		<SIGNATURE_THRESHOLD_MD>0.0</SIGNATURE_THRESHOLD_MD>
		<SIGNATURE_THRESHOLD_ML>0.0</SIGNATURE_THRESHOLD_ML>
		<SIGNATURE_THRESHOLD_SAM>0.0</SIGNATURE_THRESHOLD_SAM>
	</signature>
	<signature ID="20200601_161753526012_404">
		<MACROCLASSID>2</MACROCLASSID>
		<MACROCLASSINFO>vegetation</MACROCLASSINFO>
		<CLASSID>14</CLASSID>
		<CLASSINFO>C 1</CLASSINFO>
		<VALUES>[0.08251109362911874, 0.011049273316337432, 0.08368807645372878, 0.013441874432839307, 0.19081257152382305, 0.01734568461041036, 0.24109325045657576, 0.02458994751904171]</VALUES>
		<LCS_MIN>[0.05704842880368233, 0.05070791766047478, 0.14432616531848907, 0.19350512325763702]</LCS_MIN>
		<LCS_MAX>[0.11084368079900742, 0.11562812328338623, 0.2241305261850357, 0.2933916449546814]</LCS_MAX>
		<WAVELENGTH>[1.0, 2.0, 3.0, 4.0]</WAVELENGTH>
		<MEAN_VALUE>[0.08251109362911874, 0.08368807645372878, 0.19081257152382305, 0.24109325045657576]</MEAN_VALUE>
		<CHECKBOX>2</CHECKBOX>
		<SD>[0.011049273316337432, 0.013441874432839307, 0.01734568461041036, 0.02458994751904171]</SD>
		<WAVELENGTH_UNIT>band number</WAVELENGTH_UNIT>
		<COLOR>#a01120</COLOR>
		<COVARIANCE_MATRIX>[[0.00012216799950692803, 0.0001333095715381205, 8.356235775863752e-05, 2.236361979157664e-05], [0.0001333095715381205, 0.00018080467998515815, 6.818555266363546e-05, -2.1118032236699946e-05], [8.356235775863752e-05, 6.818555266363546e-05, 0.0003010737709701061, 0.00037356792017817497], [2.236361979157664e-05, -2.1118032236699946e-05, 0.00037356792017817497, 0.0006050694501027465]]</COVARIANCE_MATRIX>
		<ROI_SIZE>1498</ROI_SIZE>
		<MAX_VALUE>[0.11084368079900742, 0.11562812328338623, 0.2241305261850357, 0.2933916449546814]</MAX_VALUE>
		<MIN_VALUE>[0.05704842880368233, 0.05070791766047478, 0.14432616531848907, 0.19350512325763702]</MIN_VALUE>
		<SIGNATURE_THRESHOLD_MD>0.0</SIGNATURE_THRESHOLD_MD>
		<SIGNATURE_THRESHOLD_ML>0.0</SIGNATURE_THRESHOLD_ML>
		<SIGNATURE_THRESHOLD_SAM>0.0</SIGNATURE_THRESHOLD_SAM>
	</signature>
	<signature ID="20200601_161820442051_823">
		<MACROCLASSID>2</MACROCLASSID>
		<MACROCLASSINFO>vegetation</MACROCLASSINFO>
		<CLASSID>15</CLASSID>
		<CLASSINFO>C 1</CLASSINFO>
		<VALUES>[0.07446085635478011, 0.00978956449704687, 0.07091548111183944, 0.010051823908573, 0.21409807858713012, 0.016168333426165554, 0.2850871753220429, 0.024713394160093792]</VALUES>
		<LCS_MIN>[0.05704842880368233, 0.04916219413280487, 0.18178535997867584, 0.24944157898426056]</LCS_MIN>
		<LCS_MAX>[0.11084368079900742, 0.10480810701847076, 0.26158973574638367, 0.3493281304836273]</LCS_MAX>
		<WAVELENGTH>[1.0, 2.0, 3.0, 4.0]</WAVELENGTH>
		<MEAN_VALUE>[0.07446085635478011, 0.07091548111183944, 0.21409807858713012, 0.2850871753220429]</MEAN_VALUE>
		<CHECKBOX>2</CHECKBOX>
		<SD>[0.00978956449704687, 0.010051823908573, 0.016168333426165554, 0.024713394160093792]</SD>
		<WAVELENGTH_UNIT>band number</WAVELENGTH_UNIT>
		<COLOR>#0eb537</COLOR>
		<COVARIANCE_MATRIX>[[9.223308734362945e-05, 8.525152952643111e-05, 5.393741594161838e-05, 2.779304122668691e-05], [8.525152952643111e-05, 0.0001019986011669971, 3.495531564112753e-05, -1.958590701178764e-06], [5.393741594161838e-05, 3.495531564112753e-05, 0.00025727367028594017, 0.00034866761416196823], [2.779304122668691e-05, -1.958590701178764e-06, 0.00034866761416196823, 0.0005740208434872329]]</COVARIANCE_MATRIX>
		<ROI_SIZE>1730</ROI_SIZE>
		<MAX_VALUE>[0.11084368079900742, 0.10480810701847076, 0.26158973574638367, 0.3493281304836273]</MAX_VALUE>
		<MIN_VALUE>[0.05704842880368233, 0.04916219413280487, 0.18178535997867584, 0.24944157898426056]</MIN_VALUE>
		<SIGNATURE_THRESHOLD_MD>0.0</SIGNATURE_THRESHOLD_MD>
		<SIGNATURE_THRESHOLD_ML>0.0</SIGNATURE_THRESHOLD_ML>
		<SIGNATURE_THRESHOLD_SAM>0.0</SIGNATURE_THRESHOLD_SAM>
	</signature>
	<signature ID="20200601_161836659270_172">
		<MACROCLASSID>2</MACROCLASSID>
		<MACROCLASSINFO>vegetation</MACROCLASSINFO>
		<CLASSID>16</CLASSID>
		<CLASSINFO>C 1</CLASSINFO>
		<VALUES>[0.07831801799461831, 0.01042116664022597, 0.08059445814803592, 0.01248834225084473, 0.17466152963392853, 0.010554617683396335, 0.21795944122554697, 0.014910515814769106]</VALUES>
		<LCS_MIN>[0.05704842880368233, 0.05070791766047478, 0.1426974982023239, 0.1815187633037567]</LCS_MIN>
		<LCS_MAX>[0.10636072605848312, 0.10635379701852798, 0.2013292908668518, 0.24145065248012543]</LCS_MAX>
		<WAVELENGTH>[1.0, 2.0, 3.0, 4.0]</WAVELENGTH>
		<MEAN_VALUE>[0.07831801799461831, 0.08059445814803592, 0.17466152963392853, 0.21795944122554697]</MEAN_VALUE>
		<CHECKBOX>2</CHECKBOX>
		<SD>[0.01042116664022597, 0.01248834225084473, 0.010554617683396335, 0.014910515814769106]</SD>
		<WAVELENGTH_UNIT>band number</WAVELENGTH_UNIT>
		<COLOR>#da9347</COLOR>
		<COVARIANCE_MATRIX>[[0.00010843775817193091, 0.0001166823276435025, 3.123392161796801e-05, -2.4246002794825472e-05], [0.0001166823276435025, 0.00015262787928804755, 2.307974500581622e-05, -4.297187479096465e-05], [3.123392161796801e-05, 2.307974500581622e-05, 0.00011711750266840681, 0.0001234875526279211], [-2.4246002794825472e-05, -4.297187479096465e-05, 0.0001234875526279211, 0.00022094811720307916]]</COVARIANCE_MATRIX>
		<ROI_SIZE>2525</ROI_SIZE>
		<MAX_VALUE>[0.10636072605848312, 0.10635379701852798, 0.2013292908668518, 0.24145065248012543]</MAX_VALUE>
		<MIN_VALUE>[0.05704842880368233, 0.05070791766047478, 0.1426974982023239, 0.1815187633037567]</MIN_VALUE>
		<SIGNATURE_THRESHOLD_MD>0.0</SIGNATURE_THRESHOLD_MD>
		<SIGNATURE_THRESHOLD_ML>0.0</SIGNATURE_THRESHOLD_ML>
		<SIGNATURE_THRESHOLD_SAM>0.0</SIGNATURE_THRESHOLD_SAM>
	</signature>
	<signature ID="20200601_161849583727_332">
		<MACROCLASSID>2</MACROCLASSID>
		<MACROCLASSINFO>vegetation</MACROCLASSINFO>
		<CLASSID>17</CLASSID>
		<CLASSINFO>C 1</CLASSINFO>
		<VALUES>[0.07895786736588006, 0.008258902271239488, 0.06517686249810417, 0.00561453563471368, 0.2282689282762224, 0.012976024527055898, 0.28458607068560154, 0.014280927391784298]</VALUES>
		<LCS_MIN>[0.061531372368335724, 0.05225363373756409, 0.19970062375068665, 0.25943025946617126]</LCS_MIN>
		<LCS_MAX>[0.10860220342874527, 0.08780517429113388, 0.25833243131637573, 0.317364364862442]</LCS_MAX>
		<WAVELENGTH>[1.0, 2.0, 3.0, 4.0]</WAVELENGTH>
		<MEAN_VALUE>[0.07895786736588006, 0.06517686249810417, 0.2282689282762224, 0.28458607068560154]</MEAN_VALUE>
		<CHECKBOX>2</CHECKBOX>
		<SD>[0.008258902271239488, 0.00561453563471368, 0.012976024527055898, 0.014280927391784298]</SD>
		<WAVELENGTH_UNIT>band number</WAVELENGTH_UNIT>
		<COLOR>#c0d201</COLOR>
		<COVARIANCE_MATRIX>[[6.83495236444287e-05, 3.0966359190642834e-05, 4.102984894416295e-05, 1.1724639989552088e-05], [3.0966359190642834e-05, 3.158774052280933e-05, 4.666777840611758e-06, -5.543241968553048e-06], [4.102984894416295e-05, 4.666777840611758e-06, 0.00016872295236680657, 0.00014668473158963025], [1.1724639989552088e-05, -5.543241968553048e-06, 0.00014668473158963025, 0.00020436366321519017]]</COVARIANCE_MATRIX>
		<ROI_SIZE>488</ROI_SIZE>
		<MAX_VALUE>[0.10860220342874527, 0.08780517429113388, 0.25833243131637573, 0.317364364862442]</MAX_VALUE>
		<MIN_VALUE>[0.061531372368335724, 0.05225363373756409, 0.19970062375068665, 0.25943025946617126]</MIN_VALUE>
		<SIGNATURE_THRESHOLD_MD>0.0</SIGNATURE_THRESHOLD_MD>
		<SIGNATURE_THRESHOLD_ML>0.0</SIGNATURE_THRESHOLD_ML>
		<SIGNATURE_THRESHOLD_SAM>0.0</SIGNATURE_THRESHOLD_SAM>
	</signature>
	<signature ID="20200601_161859231938_671">
		<MACROCLASSID>2</MACROCLASSID>
		<MACROCLASSINFO>vegetation</MACROCLASSINFO>
		<CLASSID>18</CLASSID>
		<CLASSINFO>C 1</CLASSINFO>
		<VALUES>[0.08070489492508771, 0.009115031821456258, 0.06942349369371402, 0.00876399235777402, 0.21989849482436943, 0.012150822168008881, 0.2781941693044222, 0.015393467997479215]</VALUES>
		<LCS_MIN>[0.061531372368335724, 0.05225363373756409, 0.19155731797218323, 0.25143930315971375]</LCS_MIN>
		<LCS_MAX>[0.09963633120059967, 0.0908966138958931, 0.24367444217205048, 0.31137123703956604]</LCS_MAX>
		<WAVELENGTH>[1.0, 2.0, 3.0, 4.0]</WAVELENGTH>
		<MEAN_VALUE>[0.08070489492508771, 0.06942349369371402, 0.21989849482436943, 0.2781941693044222]</MEAN_VALUE>
		<CHECKBOX>2</CHECKBOX>
		<SD>[0.009115031821456258, 0.00876399235777402, 0.012150822168008881, 0.015393467997479215]</SD>
		<WAVELENGTH_UNIT>band number</WAVELENGTH_UNIT>
		<COLOR>#fac8ae</COLOR>
		<COVARIANCE_MATRIX>[[8.31895085866563e-05, 6.574919098056853e-05, 2.4457720428472385e-05, 5.96939435126842e-06], [6.574919098056853e-05, 7.69052785472013e-05, 5.591782610281371e-06, -1.1013512448698748e-05], [2.4457720428472385e-05, 5.591782610281371e-06, 0.0001478303165640682, 0.00015866976173128933], [5.96939435126842e-06, -1.1013512448698748e-05, 0.00015866976173128933, 0.00023726033396087587]]</COVARIANCE_MATRIX>
		<ROI_SIZE>787</ROI_SIZE>
		<MAX_VALUE>[0.09963633120059967, 0.0908966138958931, 0.24367444217205048, 0.31137123703956604]</MAX_VALUE>
		<MIN_VALUE>[0.061531372368335724, 0.05225363373756409, 0.19155731797218323, 0.25143930315971375]</MIN_VALUE>
		<SIGNATURE_THRESHOLD_MD>0.0</SIGNATURE_THRESHOLD_MD>
		<SIGNATURE_THRESHOLD_ML>0.0</SIGNATURE_THRESHOLD_ML>
		<SIGNATURE_THRESHOLD_SAM>0.0</SIGNATURE_THRESHOLD_SAM>
	</signature>
	<signature ID="20200601_161917194928_857">
		<MACROCLASSID>2</MACROCLASSID>
		<MACROCLASSINFO>vegetation</MACROCLASSINFO>
		<CLASSID>19</CLASSID>
		<CLASSINFO>C 1</CLASSINFO>
		<VALUES>[0.06427282285438718, 0.006581743609993102, 0.06512861805741053, 0.009749269126712059, 0.17778692306028954, 0.011720486185504126, 0.2395379359315503, 0.015757403388198463]</VALUES>
		<LCS_MIN>[0.048082564026117325, 0.04761647805571556, 0.15084080398082733, 0.21348243951797485]</LCS_MIN>
		<LCS_MAX>[0.08618751168251038, 0.08780517429113388, 0.20947256684303284, 0.27341434359550476]</LCS_MAX>
		<WAVELENGTH>[1.0, 2.0, 3.0, 4.0]</WAVELENGTH>
		<MEAN_VALUE>[0.06427282285438718, 0.06512861805741053, 0.17778692306028954, 0.2395379359315503]</MEAN_VALUE>
		<CHECKBOX>2</CHECKBOX>
		<SD>[0.006581743609993102, 0.009749269126712059, 0.011720486185504126, 0.015757403388198463]</SD>
		<WAVELENGTH_UNIT>band number</WAVELENGTH_UNIT>
		<COLOR>#cc72f6</COLOR>
		<COVARIANCE_MATRIX>[[4.3349100451450795e-05, 5.556799078476615e-05, 3.8869988202350214e-05, 2.5348346753162332e-05], [5.556799078476615e-05, 9.511352982372046e-05, 5.1748538680840284e-05, 2.698243042686954e-05], [3.8869988202350214e-05, 5.1748538680840284e-05, 0.00013746414333581924, 0.00015545039786957204], [2.5348346753162332e-05, 2.698243042686954e-05, 0.00015545039786957204, 0.0002484662982169539]]</COVARIANCE_MATRIX>
		<ROI_SIZE>1457</ROI_SIZE>
		<MAX_VALUE>[0.08618751168251038, 0.08780517429113388, 0.20947256684303284, 0.27341434359550476]</MAX_VALUE>
		<MIN_VALUE>[0.048082564026117325, 0.04761647805571556, 0.15084080398082733, 0.21348243951797485]</MIN_VALUE>
		<SIGNATURE_THRESHOLD_MD>0.0</SIGNATURE_THRESHOLD_MD>
		<SIGNATURE_THRESHOLD_ML>0.0</SIGNATURE_THRESHOLD_ML>
		<SIGNATURE_THRESHOLD_SAM>0.0</SIGNATURE_THRESHOLD_SAM>
	</signature>
	<signature ID="20200601_161933042579_793">
		<MACROCLASSID>2</MACROCLASSID>
		<MACROCLASSINFO>vegetation</MACROCLASSINFO>
		<CLASSID>20</CLASSID>
		<CLASSINFO>C 1</CLASSINFO>
		<VALUES>[0.07401487639133081, 0.007326256773621384, 0.0663080226874699, 0.007681625627945951, 0.166303178073426, 0.009815037114993173, 0.20123357273221312, 0.015098589780722394]</VALUES>
		<LCS_MIN>[0.05928990617394447, 0.05070791766047478, 0.14595484733581543, 0.16953235864639282]</LCS_MIN>
		<LCS_MAX>[0.09739486128091812, 0.08780517429113388, 0.1931859701871872, 0.22946426272392273]</LCS_MAX>
		<WAVELENGTH>[1.0, 2.0, 3.0, 4.0]</WAVELENGTH>
		<MEAN_VALUE>[0.07401487639133081, 0.0663080226874699, 0.166303178073426, 0.20123357273221312]</MEAN_VALUE>
		<CHECKBOX>2</CHECKBOX>
		<SD>[0.007326256773621384, 0.007681625627945951, 0.009815037114993173, 0.015098589780722394]</SD>
		<WAVELENGTH_UNIT>band number</WAVELENGTH_UNIT>
		<COLOR>#92f003</COLOR>
		<COVARIANCE_MATRIX>[[5.380494985729456e-05, 4.8153684474527836e-05, 1.4775298041058704e-05, -1.0367367394792382e-05], [4.8153684474527836e-05, 5.9151294408366084e-05, 6.970457889110548e-06, -1.7766944438335486e-05], [1.4775298041058704e-05, 6.970457889110548e-06, 9.656991460360587e-05, 0.00012238127237651497], [-1.0367367394792382e-05, -1.7766944438335486e-05, 0.00012238127237651497, 0.00022852343681734055]]</COVARIANCE_MATRIX>
		<ROI_SIZE>411</ROI_SIZE>
		<MAX_VALUE>[0.09739486128091812, 0.08780517429113388, 0.1931859701871872, 0.22946426272392273]</MAX_VALUE>
		<MIN_VALUE>[0.05928990617394447, 0.05070791766047478, 0.14595484733581543, 0.16953235864639282]</MIN_VALUE>
		<SIGNATURE_THRESHOLD_MD>0.0</SIGNATURE_THRESHOLD_MD>
		<SIGNATURE_THRESHOLD_ML>0.0</SIGNATURE_THRESHOLD_ML>
		<SIGNATURE_THRESHOLD_SAM>0.0</SIGNATURE_THRESHOLD_SAM>
	</signature>
	<signature ID="20200601_162007746154_220">
		<MACROCLASSID>2</MACROCLASSID>
		<MACROCLASSINFO>vegetation</MACROCLASSINFO>
		<CLASSID>21</CLASSID>
		<CLASSINFO>C 1</CLASSINFO>
		<VALUES>[0.0910682931413382, 0.008530444293002683, 0.08749737376064964, 0.015086335159796386, 0.19404613694329284, 0.013083620998549546, 0.24243654962225922, 0.01858658413287195]</VALUES>
		<LCS_MIN>[0.07049724459648132, 0.05689079686999321, 0.16387009620666504, 0.21548016369342804]</LCS_MIN>
		<LCS_MAX>[0.11756809055805206, 0.11871957033872604, 0.22738784551620483, 0.2913939356803894]</LCS_MAX>
		<WAVELENGTH>[1.0, 2.0, 3.0, 4.0]</WAVELENGTH>
		<MEAN_VALUE>[0.0910682931413382, 0.08749737376064964, 0.19404613694329284, 0.24243654962225922]</MEAN_VALUE>
		<CHECKBOX>2</CHECKBOX>
		<SD>[0.008530444293002683, 0.015086335159796386, 0.013083620998549546, 0.01858658413287195]</SD>
		<WAVELENGTH_UNIT>band number</WAVELENGTH_UNIT>
		<COLOR>#446c1d</COLOR>
		<COVARIANCE_MATRIX>[[7.308486237889156e-05, 0.00010511789878364652, -1.3295357348397374e-05, -3.4639753721421584e-05], [0.00010511789878364652, 0.00022858705779071897, -7.969055150169879e-05, -0.00011500928667373955], [-1.3295357348397374e-05, -7.969055150169879e-05, 0.0001719254069030285, 0.00021715526236221194], [-3.4639753721421584e-05, -0.00011500928667373955, 0.00021715526236221194, 0.00034696311922743917]]</COVARIANCE_MATRIX>
		<ROI_SIZE>231</ROI_SIZE>
		<MAX_VALUE>[0.11756809055805206, 0.11871957033872604, 0.22738784551620483, 0.2913939356803894]</MAX_VALUE>
		<MIN_VALUE>[0.07049724459648132, 0.05689079686999321, 0.16387009620666504, 0.21548016369342804]</MIN_VALUE>
		<SIGNATURE_THRESHOLD_MD>0.0</SIGNATURE_THRESHOLD_MD>
		<SIGNATURE_THRESHOLD_ML>0.0</SIGNATURE_THRESHOLD_ML>
		<SIGNATURE_THRESHOLD_SAM>0.0</SIGNATURE_THRESHOLD_SAM>
	</signature>
	<signature ID="20200601_162021315596_108">
		<MACROCLASSID>2</MACROCLASSID>
		<MACROCLASSINFO>vegetation</MACROCLASSINFO>
		<CLASSID>22</CLASSID>
		<CLASSINFO>C 1</CLASSINFO>
		<VALUES>[0.10802519406274991, 0.008337154129200634, 0.11050123758245219, 0.011807825885690636, 0.2002811343363016, 0.013197680491413418, 0.2376628791046615, 0.021616446126294143]</VALUES>
		<LCS_MIN>[0.08618751168251038, 0.07698514312505722, 0.1654987633228302, 0.1975005567073822]</LCS_MIN>
		<LCS_MAX>[0.12877541780471802, 0.1295395940542221, 0.22901651263237, 0.27740979194641113]</LCS_MAX>
		<WAVELENGTH>[1.0, 2.0, 3.0, 4.0]</WAVELENGTH>
		<MEAN_VALUE>[0.10802519406274991, 0.11050123758245219, 0.2002811343363016, 0.2376628791046615]</MEAN_VALUE>
		<CHECKBOX>2</CHECKBOX>
		<SD>[0.008337154129200634, 0.011807825885690636, 0.013197680491413418, 0.021616446126294143]</SD>
		<WAVELENGTH_UNIT>band number</WAVELENGTH_UNIT>
		<COLOR>#053a84</COLOR>
		<COVARIANCE_MATRIX>[[6.985395157244056e-05, 8.11273930594325e-05, 8.27348958409857e-06, -1.271160817850614e-05], [8.11273930594325e-05, 0.00014011841267347336, 1.01050336525077e-05, -8.79284107213607e-06], [8.27348958409857e-06, 1.01050336525077e-05, 0.00017504533752799034, 0.0002584367757663131], [-1.271160817850614e-05, -8.79284107213607e-06, 0.0002584367757663131, 0.0004695954849012196]]</COVARIANCE_MATRIX>
		<ROI_SIZE>202</ROI_SIZE>
		<MAX_VALUE>[0.12877541780471802, 0.1295395940542221, 0.22901651263237, 0.27740979194641113]</MAX_VALUE>
		<MIN_VALUE>[0.08618751168251038, 0.07698514312505722, 0.1654987633228302, 0.1975005567073822]</MIN_VALUE>
		<SIGNATURE_THRESHOLD_MD>0.0</SIGNATURE_THRESHOLD_MD>
		<SIGNATURE_THRESHOLD_ML>0.0</SIGNATURE_THRESHOLD_ML>
		<SIGNATURE_THRESHOLD_SAM>0.0</SIGNATURE_THRESHOLD_SAM>
	</signature>
	<signature ID="20200601_162025686912_810">
		<MACROCLASSID>2</MACROCLASSID>
		<MACROCLASSINFO>vegetation</MACROCLASSINFO>
		<CLASSID>23</CLASSID>
		<CLASSINFO>C 1</CLASSINFO>
		<VALUES>[0.10407106618406956, 0.007826893090574797, 0.10143410238207026, 0.008978591433936917, 0.2258992880903264, 0.013024152639201196, 0.2870762370606904, 0.019865909711096214]</VALUES>
