<?xml version="1.0" ?>
<signaturelist MCID_LIST="[['1', 'MC 1', '#367deb']]">
	<signature ID="20201102_135915802018_834">
		<MACROCLASSID>1</MACROCLASSID>
		<MACROCLASSINFO>MC 1</MACROCLASSINFO>
		<CLASSID>1</CLASSID>
		<CLASSINFO>C 1</CLASSINFO>
		<VALUES>[0.11498789911468822, 0.015924053505979578, 0.1169468315111266, 0.018615664879331105, 0.186487227347162, 0.011818801118575513, 0.2140502277347777, 0.02493556054875285]</VALUES>
		<LCS_MIN>[0.0812637135386467, 0.08525492250919342, 0.16363155841827393, 0.1816433072090149]</LCS_MIN>
		<LCS_MAX>[0.15852274000644684, 0.15946346521377563, 0.21776340901851654, 0.2873893082141876]</LCS_MAX>
		<WAVELENGTH>[0.55, 0.65, 0.75, 0.95]</WAVELENGTH>
		<MEAN_VALUE>[0.11498789911468822, 0.1169468315111266, 0.186487227347162, 0.2140502277347777]</MEAN_VALUE>
		<CHECKBOX>2</CHECKBOX>
		<SD>[0.015924053505979578, 0.018615664879331105, 0.011818801118575513, 0.02493556054875285]</SD>
		<WAVELENGTH_UNIT>E-6m</WAVELENGTH_UNIT>
		<COLOR>#243ba8</COLOR>
		<COVARIANCE_MATRIX>[[0.00025642465334385633, 0.00028858057339675725, -0.00010684793232940137, -0.00031118770129978657], [0.00028858057339675725, 0.00035043671960011125, -0.00013007374946027994, -0.0003680111840367317], [-0.00010684793232940137, -0.00013007374946027994, 0.00014125354937277734, 0.0002679936296772212], [-0.00031118770129978657, -0.0003680111840367317, 0.0002679936296772212, 0.000628768524620682]]</COVARIANCE_MATRIX>
		<ROI_SIZE>90</ROI_SIZE>
		<MAX_VALUE>[0.15852274000644684, 0.15946346521377563, 0.21776340901851654, 0.2873893082141876]</MAX_VALUE>
		<MIN_VALUE>[0.0812637135386467, 0.08525492250919342, 0.16363155841827393, 0.1816433072090149]</MIN_VALUE>
		<SIGNATURE_THRESHOLD_MD>0.0</SIGNATURE_THRESHOLD_MD>
		<SIGNATURE_THRESHOLD_ML>0.0</SIGNATURE_THRESHOLD_ML>
		<SIGNATURE_THRESHOLD_SAM>0.0</SIGNATURE_THRESHOLD_SAM>
	</signature>
	<signature ID="20201102_140646827458_625">
		<MACROCLASSID>1</MACROCLASSID>
		<MACROCLASSINFO>MC 1</MACROCLASSINFO>
		<CLASSID>2</CLASSID>
		<CLASSINFO>C 1</CLASSINFO>
		<VALUES>[0.12741892631157106, 0.01093468597305519, 0.12968823345271688, 0.013590258689208622, 0.18487297994655788, 0.011930704361357741, 0.2030560968659859, 0.01847323970811357]</VALUES>
		<LCS_MIN>[0.09505996853113174, 0.08715769648551941, 0.15360711514949799, 0.16934725642204285]</LCS_MIN>
		<LCS_MAX>[0.1530042290687561, 0.1499495506286621, 0.221773162484169, 0.2554195821285248]</LCS_MAX>
		<WAVELENGTH>[0.55, 0.65, 0.75, 0.95]</WAVELENGTH>
		<MEAN_VALUE>[0.12741892631157106, 0.12968823345271688, 0.18487297994655788, 0.2030560968659859]</MEAN_VALUE>
		<CHECKBOX>2</CHECKBOX>
		<SD>[0.01093468597305519, 0.013590258689208622, 0.011930704361357741, 0.01847323970811357]</SD>
		<WAVELENGTH_UNIT>E-6m</WAVELENGTH_UNIT>
		<COLOR>#7c1c62</COLOR>
		<COVARIANCE_MATRIX>[[0.00011978796101175249, 0.00013422113261185586, 1.2574907486850861e-05, -5.271137342788279e-05], [0.00013422113261185586, 0.0001850358967203647, 7.829498827049974e-06, -8.27265321277082e-05], [1.2574907486850861e-05, 7.829498827049974e-06, 0.0001426043309038505, 0.00018343175179325044], [-5.271137342788279e-05, -8.27265321277082e-05, 0.00018343175179325044, 0.00034189020516350865]]</COVARIANCE_MATRIX>
		<ROI_SIZE>543</ROI_SIZE>
		<MAX_VALUE>[0.1530042290687561, 0.1499495506286621, 0.221773162484169, 0.2554195821285248]</MAX_VALUE>
		<MIN_VALUE>[0.09505996853113174, 0.08715769648551941, 0.15360711514949799, 0.16934725642204285]</MIN_VALUE>
		<SIGNATURE_THRESHOLD_MD>0.0</SIGNATURE_THRESHOLD_MD>
		<SIGNATURE_THRESHOLD_ML>0.0</SIGNATURE_THRESHOLD_ML>
		<SIGNATURE_THRESHOLD_SAM>0.0</SIGNATURE_THRESHOLD_SAM>
	</signature>
	<signature ID="20201102_140712024126_539">
		<MACROCLASSID>1</MACROCLASSID>
		<MACROCLASSINFO>MC 1</MACROCLASSINFO>
		<CLASSID>3</CLASSID>
		<CLASSINFO>C 1</CLASSINFO>
		<VALUES>[0.13644874393939974, 0.011963831155257567, 0.1352981150150299, 0.012274057105943635, 0.21696144640445708, 0.0056136781615932245, 0.24287762492895126, 0.01201996152476335]</VALUES>
		<LCS_MIN>[0.1171339824795723, 0.11950501054525375, 0.20974385738372803, 0.22344990074634552]</LCS_MIN>
		<LCS_MAX>[0.15576350688934326, 0.1518523246049881, 0.22377805411815643, 0.2603380084037781]</LCS_MAX>
		<WAVELENGTH>[0.55, 0.65, 0.75, 0.95]</WAVELENGTH>
		<MEAN_VALUE>[0.13644874393939974, 0.1352981150150299, 0.21696144640445708, 0.24287762492895126]</MEAN_VALUE>
		<CHECKBOX>2</CHECKBOX>
		<SD>[0.011963831155257567, 0.012274057105943635, 0.0056136781615932245, 0.01201996152476335]</SD>
		<WAVELENGTH_UNIT>E-6m</WAVELENGTH_UNIT>
		<COLOR>#0cff12</COLOR>
		<COVARIANCE_MATRIX>[[0.0001590369502082467, 0.00015284083201549947, -3.196255420334637e-05, -0.00012591005361173302], [0.00015284083201549947, 0.00016739164129830897, -2.5347590053570457e-05, -0.00013138540089130402], [-3.196255420334637e-05, -2.5347590053570457e-05, 3.501486935419962e-05, 4.963293031323701e-05], [-0.00012591005361173302, -0.00013138540089130402, 4.963293031323701e-05, 0.00016053275612648576]]</COVARIANCE_MATRIX>
		<ROI_SIZE>10</ROI_SIZE>
		<MAX_VALUE>[0.15576350688934326, 0.1518523246049881, 0.22377805411815643, 0.2603380084037781]</MAX_VALUE>
		<MIN_VALUE>[0.1171339824795723, 0.11950501054525375, 0.20974385738372803, 0.22344990074634552]</MIN_VALUE>
		<SIGNATURE_THRESHOLD_MD>0.0</SIGNATURE_THRESHOLD_MD>
		<SIGNATURE_THRESHOLD_ML>0.0</SIGNATURE_THRESHOLD_ML>
		<SIGNATURE_THRESHOLD_SAM>0.0</SIGNATURE_THRESHOLD_SAM>
	</signature>
	<signature ID="20201102_140720295867_454">
		<MACROCLASSID>1</MACROCLASSID>
		<MACROCLASSINFO>MC 1</MACROCLASSINFO>
		<CLASSID>4</CLASSID>
		<CLASSINFO>C 1</CLASSINFO>
		<VALUES>[0.12986416649073362, 0.009943681383905128, 0.1291486658155918, 0.011086858223404253, 0.18901155567304656, 0.009325139077030488, 0.2065707529810342, 0.011030246221264077]</VALUES>
		<LCS_MIN>[0.10885622352361679, 0.10428275167942047, 0.16363155841827393, 0.18410252034664154]</LCS_MIN>
		<LCS_MAX>[0.15024501085281372, 0.1499495506286621, 0.20573410391807556, 0.23574593663215637]</LCS_MAX>
		<WAVELENGTH>[0.55, 0.65, 0.75, 0.95]</WAVELENGTH>
		<MEAN_VALUE>[0.12986416649073362, 0.1291486658155918, 0.18901155567304656, 0.2065707529810342]</MEAN_VALUE>
		<CHECKBOX>2</CHECKBOX>
		<SD>[0.009943681383905128, 0.011086858223404253, 0.009325139077030488, 0.011030246221264077]</SD>
		<WAVELENGTH_UNIT>E-6m</WAVELENGTH_UNIT>
		<COLOR>#a30391</COLOR>
		<COVARIANCE_MATRIX>[[0.00010001331247622147, 9.886886982712895e-05, 3.010217915289104e-05, -7.203957920864923e-06], [9.886886982712895e-05, 0.00012433128722477704, 3.411648503970355e-05, -1.2273359288883512e-06], [3.010217915289104e-05, 3.411648503970355e-05, 8.795774192549288e-05, 7.962867675814778e-05], [-7.203957920864923e-06, -1.2273359288883512e-06, 7.962867675814778e-05, 0.0001230647903867066]]</COVARIANCE_MATRIX>
		<ROI_SIZE>88</ROI_SIZE>
		<MAX_VALUE>[0.15024501085281372, 0.1499495506286621, 0.20573410391807556, 0.23574593663215637]</MAX_VALUE>
		<MIN_VALUE>[0.10885622352361679, 0.10428275167942047, 0.16363155841827393, 0.18410252034664154]</MIN_VALUE>
		<SIGNATURE_THRESHOLD_MD>0.0</SIGNATURE_THRESHOLD_MD>
		<SIGNATURE_THRESHOLD_ML>0.0</SIGNATURE_THRESHOLD_ML>
		<SIGNATURE_THRESHOLD_SAM>0.0</SIGNATURE_THRESHOLD_SAM>
	</signature>
	<signature ID="20201102_140827603099_738">
		<MACROCLASSID>1</MACROCLASSID>
		<MACROCLASSINFO>MC 1</MACROCLASSINFO>
		<CLASSID>5</CLASSID>
		<CLASSINFO>C 1</CLASSINFO>
		<VALUES>[0.13139011710882187, 0.006836528622133419, 0.12553049251437187, 0.008885315605951887, 0.20874142398436865, 0.01065610244962003, 0.23451631019512814, 0.01629708782453284]</VALUES>
		<LCS_MIN>[0.1254117488861084, 0.11569944769144058, 0.19169992208480835, 0.2160722315311432]</LCS_MIN>
		<LCS_MAX>[0.14196723699569702, 0.1385328322649002, 0.22377805411815643, 0.25787878036499023]</LCS_MAX>
		<WAVELENGTH>[0.55, 0.65, 0.75, 0.95]</WAVELENGTH>
		<MEAN_VALUE>[0.13139011710882187, 0.12553049251437187, 0.20874142398436865, 0.23451631019512814]</MEAN_VALUE>
		<CHECKBOX>2</CHECKBOX>
		<SD>[0.006836528622133419, 0.008885315605951887, 0.01065610244962003, 0.01629708782453284]</SD>
		<WAVELENGTH_UNIT>E-6m</WAVELENGTH_UNIT>
		<COLOR>#d5beba</COLOR>
		<COVARIANCE_MATRIX>[[5.6085747928591445e-05, 7.122840179363266e-05, -2.6000312573160045e-05, -8.889089076546952e-05], [7.122840179363266e-05, 9.473859972786158e-05, -5.150060314917937e-05, -0.0001324252807535231], [-2.6000312573160045e-05, -5.150060314917937e-05, 0.00013626302825286984, 0.00018193284631706774], [-8.889089076546952e-05, -0.0001324252807535231, 0.00018193284631706774, 0.0003187140973750502]]</COVARIANCE_MATRIX>
		<ROI_SIZE>6</ROI_SIZE>
		<MAX_VALUE>[0.14196723699569702, 0.1385328322649002, 0.22377805411815643, 0.25787878036499023]</MAX_VALUE>
		<MIN_VALUE>[0.1254117488861084, 0.11569944769144058, 0.19169992208480835, 0.2160722315311432]</MIN_VALUE>
		<SIGNATURE_THRESHOLD_MD>0.0</SIGNATURE_THRESHOLD_MD>
		<SIGNATURE_THRESHOLD_ML>0.0</SIGNATURE_THRESHOLD_ML>
		<SIGNATURE_THRESHOLD_SAM>0.0</SIGNATURE_THRESHOLD_SAM>
	</signature>
	<signature ID="20201102_140833356690_941">
		<MACROCLASSID>1</MACROCLASSID>
		<MACROCLASSINFO>MC 1</MACROCLASSINFO>
		<CLASSID>6</CLASSID>
		<CLASSINFO>C 1</CLASSINFO>
		<VALUES>[0.130371404693851, 0.0076720752487649795, 0.13202966249819037, 0.007722360759623858, 0.1910654649704317, 0.009973756226669721, 0.20832106527648395, 0.011594870161547229]</VALUES>
		<LCS_MIN>[0.10885622352361679, 0.11189388483762741, 0.16563642024993896, 0.1865617334842682]</LCS_MIN>
		<LCS_MAX>[0.14472649991512299, 0.14424116909503937, 0.21776340901851654, 0.24312353134155273]</LCS_MAX>
		<WAVELENGTH>[0.55, 0.65, 0.75, 0.95]</WAVELENGTH>
		<MEAN_VALUE>[0.130371404693851, 0.13202966249819037, 0.1910654649704317, 0.20832106527648395]</MEAN_VALUE>
		<CHECKBOX>2</CHECKBOX>
		<SD>[0.0076720752487649795, 0.007722360759623858, 0.009973756226669721, 0.011594870161547229]</SD>
		<WAVELENGTH_UNIT>E-6m</WAVELENGTH_UNIT>
		<COLOR>#d101d8</COLOR>
		<COVARIANCE_MATRIX>[[5.961536226095632e-05, 4.5119650167180225e-05, 3.637889676610939e-05, 2.2407128199120052e-05], [4.5119650167180225e-05, 6.0399404901545495e-05, 1.2841243005823344e-05, -1.5778532542753965e-05], [3.637889676610939e-05, 1.2841243005823344e-05, 0.00010075114551000297, 9.381726704305038e-05], [2.2407128199120052e-05, -1.5778532542753965e-05, 9.381726704305038e-05, 0.0001361646136501804]]</COVARIANCE_MATRIX>
		<ROI_SIZE>79</ROI_SIZE>
		<MAX_VALUE>[0.14472649991512299, 0.14424116909503937, 0.21776340901851654, 0.24312353134155273]</MAX_VALUE>
		<MIN_VALUE>[0.10885622352361679, 0.11189388483762741, 0.16563642024993896, 0.1865617334842682]</MIN_VALUE>
		<SIGNATURE_THRESHOLD_MD>0.0</SIGNATURE_THRESHOLD_MD>
		<SIGNATURE_THRESHOLD_ML>0.0</SIGNATURE_THRESHOLD_ML>
		<SIGNATURE_THRESHOLD_SAM>0.0</SIGNATURE_THRESHOLD_SAM>
	</signature>
	<signature ID="20201102_140841881725_570">
		<MACROCLASSID>1</MACROCLASSID>
		<MACROCLASSINFO>MC 1</MACROCLASSINFO>
		<CLASSID>7</CLASSID>
		<CLASSINFO>C 1</CLASSINFO>
		<VALUES>[0.14350015338924196, 0.014836858562374445, 0.14170414788855448, 0.015639392376092416, 0.20417475038104588, 0.00939317283889652, 0.2239963577853309, 0.00826087992425732]</VALUES>
		<LCS_MIN>[0.11989323794841766, 0.11950501054525375, 0.19370481371879578, 0.2160722315311432]</LCS_MIN>
		<LCS_MAX>[0.1612819880247116, 0.16136623919010162, 0.21976830065250397, 0.24066433310508728]</LCS_MAX>
		<WAVELENGTH>[0.55, 0.65, 0.75, 0.95]</WAVELENGTH>
		<MEAN_VALUE>[0.14350015338924196, 0.14170414788855448, 0.20417475038104588, 0.2239963577853309]</MEAN_VALUE>
		<CHECKBOX>2</CHECKBOX>
		<SD>[0.014836858562374445, 0.015639392376092416, 0.00939317283889652, 0.00826087992425732]</SD>
		<WAVELENGTH_UNIT>E-6m</WAVELENGTH_UNIT>
		<COLOR>#d13d4a</COLOR>
		<COVARIANCE_MATRIX>[[0.0002476489171385765, 0.0002380115183768794, 6.284938717726618e-05, -7.049453415675089e-05], [0.0002380115183768794, 0.00027516440604813397, 2.9406166504486464e-05, -7.15549394953996e-05], [6.284938717726618e-05, 2.9406166504486464e-05, 9.926065831677988e-05, 3.67042921425309e-05], [-7.049453415675089e-05, -7.15549394953996e-05, 3.67042921425309e-05, 7.677240500925109e-05]]</COVARIANCE_MATRIX>
		<ROI_SIZE>9</ROI_SIZE>
		<MAX_VALUE>[0.1612819880247116, 0.16136623919010162, 0.21976830065250397, 0.24066433310508728]</MAX_VALUE>
		<MIN_VALUE>[0.11989323794841766, 0.11950501054525375, 0.19370481371879578, 0.2160722315311432]</MIN_VALUE>
		<SIGNATURE_THRESHOLD_MD>0.0</SIGNATURE_THRESHOLD_MD>
		<SIGNATURE_THRESHOLD_ML>0.0</SIGNATURE_THRESHOLD_ML>
		<SIGNATURE_THRESHOLD_SAM>0.0</SIGNATURE_THRESHOLD_SAM>
	</signature>
	<signature ID="20201102_142026573505_729">
		<MACROCLASSID>1</MACROCLASSID>
		<MACROCLASSINFO>MC 1</MACROCLASSINFO>
		<CLASSID>8</CLASSID>
		<CLASSINFO>C 1</CLASSINFO>
		<VALUES>[0.11161547899246216, 0.009733723112051687, 0.11041393958859973, 0.011408863659420695, 0.18167550365130106, 0.008764603187364172, 0.21060732669300503, 0.01418773381427925]</VALUES>
		<LCS_MIN>[0.09781923145055771, 0.08715769648551941, 0.16964618861675262, 0.19393935799598694]</LCS_MIN>
		<LCS_MAX>[0.12817098200321198, 0.1271161437034607, 0.19771456718444824, 0.24066433310508728]</LCS_MAX>
		<WAVELENGTH>[0.55, 0.65, 0.75, 0.95]</WAVELENGTH>
		<MEAN_VALUE>[0.11161547899246216, 0.11041393958859973, 0.18167550365130106, 0.21060732669300503]</MEAN_VALUE>
		<CHECKBOX>2</CHECKBOX>
		<SD>[0.009733723112051687, 0.011408863659420695, 0.008764603187364172, 0.01418773381427925]</SD>
		<WAVELENGTH_UNIT>E-6m</WAVELENGTH_UNIT>
		<COLOR>#57a51e</COLOR>
		<COVARIANCE_MATRIX>[[0.00010658853716449812, 0.00011288045789115131, -1.4521314369631e-05, -9.92390196188353e-05], [0.00011288045789115131, 0.00014643244503531605, -5.340797360986471e-05, -0.000155328176333569], [-1.4521314369631e-05, -5.340797360986471e-05, 8.642055036034435e-05, 0.00011586507025640458], [-9.92390196188353e-05, -0.000155328176333569, 0.00011586507025640458, 0.00022645326680503786]]</COVARIANCE_MATRIX>
		<ROI_SIZE>9</ROI_SIZE>
		<MAX_VALUE>[0.12817098200321198, 0.1271161437034607, 0.19771456718444824, 0.24066433310508728]</MAX_VALUE>
		<MIN_VALUE>[0.09781923145055771, 0.08715769648551941, 0.16964618861675262, 0.19393935799598694]</MIN_VALUE>
		<SIGNATURE_THRESHOLD_MD>0.0</SIGNATURE_THRESHOLD_MD>
		<SIGNATURE_THRESHOLD_ML>0.0</SIGNATURE_THRESHOLD_ML>
		<SIGNATURE_THRESHOLD_SAM>0.0</SIGNATURE_THRESHOLD_SAM>
	</signature>
	<signature ID="20201102_142033638321_226">
		<MACROCLASSID>1</MACROCLASSID>
		<MACROCLASSINFO>MC 1</MACROCLASSINFO>
		<CLASSID>9</CLASSID>
		<CLASSINFO>C 1</CLASSINFO>
		<VALUES>[0.11161548112119947, 0.009558332108503919, 0.11488396780831472, 0.006735585636300014, 0.17823856856141773, 0.0035078171233858904, 0.21220776864460536, 0.012250799950276173]</VALUES>
		<LCS_MIN>[0.10057847201824188, 0.10618553310632706, 0.17165108025074005, 0.1865617334842682]</LCS_MIN>
		<LCS_MAX>[0.1254117488861084, 0.1271161437034607, 0.1816755086183548, 0.22590909898281097]</LCS_MAX>
		<WAVELENGTH>[0.55, 0.65, 0.75, 0.95]</WAVELENGTH>
		<MEAN_VALUE>[0.11161548112119947, 0.11488396780831472, 0.17823856856141773, 0.21220776864460536]</MEAN_VALUE>
		<CHECKBOX>2</CHECKBOX>
		<SD>[0.009558332108503919, 0.006735585636300014, 0.0035078171233858904, 0.012250799950276173]</SD>
		<WAVELENGTH_UNIT>E-6m</WAVELENGTH_UNIT>
		<COLOR>#30ac68</COLOR>
		<COVARIANCE_MATRIX>[[0.00010658866813173518, 7.175353675847873e-05, -1.3829992894898169e-05, -9.726001735543832e-05], [7.175353675847873e-05, 5.292946661938913e-05, -7.084756362019107e-06, -6.138852768344805e-05], [-1.3829992894898169e-05, -7.084756362019107e-06, 1.4355578059621621e-05, 4.4491323933470994e-05], [-9.726001735543832e-05, -6.138852768344805e-05, 4.4491323933470994e-05, 0.0001750957890180871]]</COVARIANCE_MATRIX>
		<ROI_SIZE>7</ROI_SIZE>
		<MAX_VALUE>[0.1254117488861084, 0.1271161437034607, 0.1816755086183548, 0.22590909898281097]</MAX_VALUE>
		<MIN_VALUE>[0.10057847201824188, 0.10618553310632706, 0.17165108025074005, 0.1865617334842682]</MIN_VALUE>
		<SIGNATURE_THRESHOLD_MD>0.0</SIGNATURE_THRESHOLD_MD>
		<SIGNATURE_THRESHOLD_ML>0.0</SIGNATURE_THRESHOLD_ML>
		<SIGNATURE_THRESHOLD_SAM>0.0</SIGNATURE_THRESHOLD_SAM>
	</signature>
	<signature ID="20201102_142047873683_256">
		<MACROCLASSID>1</MACROCLASSID>
		<MACROCLASSINFO>MC 1</MACROCLASSINFO>
		<CLASSID>10</CLASSID>
		<CLASSINFO>C 1</CLASSINFO>
		<VALUES>[0.116271716542542, 0.012746383467967606, 0.1139155924320221, 0.012754834500287261, 0.1949578560888767, 0.005005936752185676, 0.22237396892160177, 0.008992478339316854]</VALUES>
		<LCS_MIN>[0.09230072051286697, 0.09667162597179413, 0.18568527698516846, 0.2062353938817978]</LCS_MIN>
		<LCS_MAX>[0.13644875586032867, 0.13472728431224823, 0.2017243355512619, 0.23574593663215637]</LCS_MAX>
		<WAVELENGTH>[0.55, 0.65, 0.75, 0.95]</WAVELENGTH>
		<MEAN_VALUE>[0.116271716542542, 0.1139155924320221, 0.1949578560888767, 0.22237396892160177]</MEAN_VALUE>
		<CHECKBOX>2</CHECKBOX>
		<SD>[0.012746383467967606, 0.012754834500287261, 0.005005936752185676, 0.008992478339316854]</SD>
		<WAVELENGTH_UNIT>E-6m</WAVELENGTH_UNIT>
		<COLOR>#f9726f</COLOR>
		<COVARIANCE_MATRIX>[[0.00017330163973383605, 0.00016601751849520952, -9.911450433719438e-06, -5.391714512370527e-05], [0.00016601751849520952, 0.00017353151633869857, -4.132660080813366e-07, -5.539177800528705e-05], [-9.911450433719438e-06, -4.132660080813366e-07, 2.6730029276222922e-05, 3.233541428926401e-05], [-5.391714512370527e-05, -5.539177800528705e-05, 3.233541428926401e-05, 8.62556480569765e-05]]</COVARIANCE_MATRIX>
		<ROI_SIZE>16</ROI_SIZE>
		<MAX_VALUE>[0.13644875586032867, 0.13472728431224823, 0.2017243355512619, 0.23574593663215637]</MAX_VALUE>
		<MIN_VALUE>[0.09230072051286697, 0.09667162597179413, 0.18568527698516846, 0.2062353938817978]</MIN_VALUE>
		<SIGNATURE_THRESHOLD_MD>0.0</SIGNATURE_THRESHOLD_MD>
		<SIGNATURE_THRESHOLD_ML>0.0</SIGNATURE_THRESHOLD_ML>
		<SIGNATURE_THRESHOLD_SAM>0.0</SIGNATURE_THRESHOLD_SAM>
	</signature>
	<signature ID="20201102_142122004015_333">
		<MACROCLASSID>1</MACROCLASSID>
		<MACROCLASSINFO>MC 1</MACROCLASSINFO>
		<CLASSID>11</CLASSID>
		<CLASSINFO>C 1</CLASSINFO>
		<VALUES>[0.1267077478043961, 0.010077877241432167, 0.12711614720297582, 0.012075210370916177, 0.18966466278740854, 0.009037097570299137, 0.21096752155007736, 0.012461197984032706]</VALUES>
		<LCS_MIN>[0.10057847201824188, 0.09667162597179413, 0.16563642024993896, 0.18902096152305603]</LCS_MIN>
		<LCS_MAX>[0.14748574793338776, 0.14424116909503937, 0.20372921228408813, 0.23574593663215637]</LCS_MAX>
		<WAVELENGTH>[0.55, 0.65, 0.75, 0.95]</WAVELENGTH>
		<MEAN_VALUE>[0.1267077478043961, 0.12711614720297582, 0.18966466278740854, 0.21096752155007736]</MEAN_VALUE>
		<CHECKBOX>2</CHECKBOX>
		<SD>[0.010077877241432167, 0.012075210370916177, 0.009037097570299137, 0.012461197984032706]</SD>
		<WAVELENGTH_UNIT>E-6m</WAVELENGTH_UNIT>
		<COLOR>#ee6d37</COLOR>
		<COVARIANCE_MATRIX>[[0.00010312612721463665, 0.0001085591284208931, 8.380510735150892e-06, -3.8693608075845987e-05], [0.0001085591284208931, 0.00014805395039729774, 9.801266060094349e-06, -5.140080247656442e-05], [8.380510735150892e-06, 9.801266060094349e-06, 8.292558050015941e-05, 8.767996041569859e-05], [-3.8693608075845987e-05, -5.140080247656442e-05, 8.767996041569859e-05, 0.000157670394401066]]</COVARIANCE_MATRIX>
		<ROI_SIZE>66</ROI_SIZE>
		<MAX_VALUE>[0.14748574793338776, 0.14424116909503937, 0.20372921228408813, 0.23574593663215637]</MAX_VALUE>
		<MIN_VALUE>[0.10057847201824188, 0.09667162597179413, 0.16563642024993896, 0.18902096152305603]</MIN_VALUE>
		<SIGNATURE_THRESHOLD_MD>0.0</SIGNATURE_THRESHOLD_MD>
		<SIGNATURE_THRESHOLD_ML>0.0</SIGNATURE_THRESHOLD_ML>
		<SIGNATURE_THRESHOLD_SAM>0.0</SIGNATURE_THRESHOLD_SAM>
	</signature>
	<signature ID="20201102_142127159903_347">
		<MACROCLASSID>1</MACROCLASSID>
		<MACROCLASSINFO>MC 1</MACROCLASSINFO>
		<CLASSID>12</CLASSID>
		<CLASSINFO>C 1</CLASSINFO>
		<VALUES>[0.1311273298093251, 0.008999454195213879, 0.13717371571276865, 0.011324093823345753, 0.18124589270779062, 0.007115767688882792, 0.18998706500445087, 0.01098493703133391]</VALUES>
		<LCS_MIN>[0.1171339824795723, 0.11760222911834717, 0.1556120067834854, 0.16934725642204285]</LCS_MIN>
		<LCS_MAX>[0.14748574793338776, 0.15375511348247528, 0.1896950602531433, 0.2062353938817978]</LCS_MAX>
		<WAVELENGTH>[0.55, 0.65, 0.75, 0.95]</WAVELENGTH>
		<MEAN_VALUE>[0.1311273298093251, 0.13717371571276865, 0.18124589270779062, 0.18998706500445087]</MEAN_VALUE>
		<CHECKBOX>2</CHECKBOX>
		<SD>[0.008999454195213879, 0.011324093823345753, 0.007115767688882792, 0.01098493703133391]</SD>
		<WAVELENGTH_UNIT>E-6m</WAVELENGTH_UNIT>
		<COLOR>#287ddd</COLOR>
		<COVARIANCE_MATRIX>[[8.398981299251318e-05, 9.400453564012423e-05, 2.0781488274224102e-05, -1.854363472375553e-05], [9.400453564012423e-05, 0.00013298455451149493, 8.295775842270814e-06, -3.6246336094336584e-05], [2.0781488274224102e-05, 8.295775842270814e-06, 5.250948743196204e-05, 4.3708671000786126e-05], [-1.854363472375553e-05, -3.6246336094336584e-05, 4.3708671000786126e-05, 0.00012513805995695293]]</COVARIANCE_MATRIX>
		<ROI_SIZE>28</ROI_SIZE>
		<MAX_VALUE>[0.14748574793338776, 0.15375511348247528, 0.1896950602531433, 0.2062353938817978]</MAX_VALUE>
		<MIN_VALUE>[0.1171339824795723, 0.11760222911834717, 0.1556120067834854, 0.16934725642204285]</MIN_VALUE>
		<SIGNATURE_THRESHOLD_MD>0.0</SIGNATURE_THRESHOLD_MD>
		<SIGNATURE_THRESHOLD_ML>0.0</SIGNATURE_THRESHOLD_ML>
		<SIGNATURE_THRESHOLD_SAM>0.0</SIGNATURE_THRESHOLD_SAM>
	</signature>
	<signature ID="20201102_142155294541_400">
		<MACROCLASSID>1</MACROCLASSID>
		<MACROCLASSINFO>MC 1</MACROCLASSINFO>
		<CLASSID>13</CLASSID>
		<CLASSINFO>C 1</CLASSINFO>
		<VALUES>[0.13851817945639291, 0.018133027839122403, 0.13821572065353394, 0.018330587041348725, 0.20723776891827583, 0.011015463329923515, 0.22570414344469708, 0.009601337467277751]</VALUES>
		<LCS_MIN>[0.10885622352361679, 0.10999109596014023, 0.19370481371879578, 0.21361301839351654]</LCS_MIN>
		<LCS_MAX>[0.17507827281951904, 0.16326904296875, 0.2277878373861313, 0.24312353134155273]</LCS_MAX>
		<WAVELENGTH>[0.55, 0.65, 0.75, 0.95]</WAVELENGTH>
		<MEAN_VALUE>[0.13851817945639291, 0.13821572065353394, 0.20723776891827583, 0.22570414344469708]</MEAN_VALUE>
		<CHECKBOX>2</CHECKBOX>
		<SD>[0.018133027839122403, 0.018330587041348725, 0.011015463329923515, 0.009601337467277751]</SD>
		<WAVELENGTH_UNIT>E-6m</WAVELENGTH_UNIT>
		<COLOR>#5d92d6</COLOR>
		<COVARIANCE_MATRIX>[[0.00035869822022505105, 0.0003262319369241595, 0.00017161708092316985, 0.00010224634024780244], [0.0003262319369241595, 0.0003665568365249783, 0.0001472188887419179, 5.140187931829132e-05], [0.00017161708092316985, 0.0001472188887419179, 0.00013237138045951724, 9.625547681935132e-05], [0.00010224634024780244, 5.140187931829132e-05, 9.625547681935132e-05, 0.00010056619794340804]]</COVARIANCE_MATRIX>
		<ROI_SIZE>12</ROI_SIZE>
		<MAX_VALUE>[0.17507827281951904, 0.16326904296875, 0.2277878373861313, 0.24312353134155273]</MAX_VALUE>
		<MIN_VALUE>[0.10885622352361679, 0.10999109596014023, 0.19370481371879578, 0.21361301839351654]</MIN_VALUE>
		<SIGNATURE_THRESHOLD_MD>0.0</SIGNATURE_THRESHOLD_MD>
		<SIGNATURE_THRESHOLD_ML>0.0</SIGNATURE_THRESHOLD_ML>
		<SIGNATURE_THRESHOLD_SAM>0.0</SIGNATURE_THRESHOLD_SAM>
	</signature>
	<signature ID="20201102_142228068338_251">
		<MACROCLASSID>1</MACROCLASSID>
		<MACROCLASSINFO>MC 1</MACROCLASSINFO>
		<CLASSID>14</CLASSID>
		<CLASSINFO>C 1</CLASSINFO>
		<VALUES>[0.13506911943356195, 0.0066164489739793, 0.13583723331491152, 0.00730605209176518, 0.19854993497331938, 0.010073028598966716, 0.21443277349074683, 0.013331741927239104]</VALUES>
		<LCS_MIN>[0.12265249341726303, 0.12140779197216034, 0.18368038535118103, 0.19148017466068268]</LCS_MIN>
		<LCS_MAX>[0.14472649991512299, 0.14614397287368774, 0.2157585173845291, 0.24066433310508728]</LCS_MAX>
		<WAVELENGTH>[0.55, 0.65, 0.75, 0.95]</WAVELENGTH>
		<MEAN_VALUE>[0.13506911943356195, 0.13583723331491152, 0.19854993497331938, 0.21443277349074683]</MEAN_VALUE>
		<CHECKBOX>2</CHECKBOX>
		<SD>[0.0066164489739793, 0.00730605209176518, 0.010073028598966716, 0.013331741927239104]</SD>
		<WAVELENGTH_UNIT>E-6m</WAVELENGTH_UNIT>
		<COLOR>#8618d4</COLOR>
		<COVARIANCE_MATRIX>[[4.775715933647007e-05, 3.889957588398829e-05, 4.27471104558208e-06, 7.402480605378514e-06], [3.889957588398829e-05, 5.8230980357620865e-05, 4.5373426473815925e-06, -9.500518899585586e-06], [4.27471104558208e-06, 4.5373426473815925e-06, 0.00011069008178310469, 0.00011982429714407772], [7.402480605378514e-06, -9.500518899585586e-06, 0.00011982429714407772, 0.00019389309454709291]]</COVARIANCE_MATRIX>
		<ROI_SIZE>12</ROI_SIZE>
		<MAX_VALUE>[0.14472649991512299, 0.14614397287368774, 0.2157585173845291, 0.24066433310508728]</MAX_VALUE>
		<MIN_VALUE>[0.12265249341726303, 0.12140779197216034, 0.18368038535118103, 0.19148017466068268]</MIN_VALUE>
		<SIGNATURE_THRESHOLD_MD>0.0</SIGNATURE_THRESHOLD_MD>
		<SIGNATURE_THRESHOLD_ML>0.0</SIGNATURE_THRESHOLD_ML>
		<SIGNATURE_THRESHOLD_SAM>0.0</SIGNATURE_THRESHOLD_SAM>
	</signature>
	<signature ID="20201102_142245444793_753">
		<MACROCLASSID>1</MACROCLASSID>
		<MACROCLASSINFO>MC 1</MACROCLASSINFO>
		<CLASSID>15</CLASSID>
		<CLASSINFO>C 1</CLASSINFO>
		<VALUES>[0.1140611774542115, 0.005830033457625298, 0.11055328680033033, 0.00594253621113991, 0.15793585472486238, 0.00574974737555674, 0.16163429854945707, 0.0067874916632144865]</VALUES>
		<LCS_MIN>[0.10057847201824188, 0.09857440739870071, 0.1475924849510193, 0.14967359602451324]</LCS_MIN>
		<LCS_MAX>[0.12265249341726303, 0.11950501054525375, 0.16964618861675262, 0.1767248958349228]</LCS_MAX>
		<WAVELENGTH>[0.55, 0.65, 0.75, 0.95]</WAVELENGTH>
		<MEAN_VALUE>[0.1140611774542115, 0.11055328680033033, 0.15793585472486238, 0.16163429854945707]</MEAN_VALUE>
		<CHECKBOX>2</CHECKBOX>
		<SD>[0.005830033457625298, 0.00594253621113991, 0.00574974737555674, 0.0067874916632144865]</SD>
		<WAVELENGTH_UNIT>E-6m</WAVELENGTH_UNIT>
		<COLOR>#27aa36</COLOR>
		<COVARIANCE_MATRIX>[[3.4779739507939667e-05, 2.692005000426434e-05, 3.061295274164877e-06, -1.0544046062932466e-06], [2.692005000426434e-05, 3.613498483900912e-05, 3.488127333639568e-07, -8.186357263184618e-06], [3.061295274164877e-06, 3.488127333639568e-07, 3.382842260180041e-05, 2.6596144380164333e-05], [-1.0544046062932466e-06, -8.186357263184618e-06, 2.6596144380164333e-05, 4.714143869932741e-05]]</COVARIANCE_MATRIX>
		<ROI_SIZE>44</ROI_SIZE>
		<MAX_VALUE>[0.12265249341726303, 0.11950501054525375, 0.16964618861675262, 0.1767248958349228]</MAX_VALUE>
		<MIN_VALUE>[0.10057847201824188, 0.09857440739870071, 0.1475924849510193, 0.14967359602451324]</MIN_VALUE>
		<SIGNATURE_THRESHOLD_MD>0.0</SIGNATURE_THRESHOLD_MD>
		<SIGNATURE_THRESHOLD_ML>0.0</SIGNATURE_THRESHOLD_ML>
		<SIGNATURE_THRESHOLD_SAM>0.0</SIGNATURE_THRESHOLD_SAM>
	</signature>
	<signature ID="20201102_142302448451_278">
		<MACROCLASSID>1</MACROCLASSID>
		<MACROCLASSINFO>MC 1</MACROCLASSINFO>
		<CLASSID>16</CLASSID>
		<CLASSINFO>C 1</CLASSINFO>
		<VALUES>[0.13037838935852053, 0.011407869481274938, 0.12711614718039832, 0.01203425550715983, 0.1733886539936066, 0.011755910910512988, 0.17606911261876423, 0.01620012084980681]</VALUES>
		<LCS_MIN>[0.10885622352361679, 0.10618553310632706, 0.1556120067834854, 0.14967359602451324]</LCS_MIN>
		<LCS_MAX>[0.1530042290687561, 0.14614397287368774, 0.19370481371879578, 0.20131701231002808]</LCS_MAX>
		<WAVELENGTH>[0.55, 0.65, 0.75, 0.95]</WAVELENGTH>
		<MEAN_VALUE>[0.13037838935852053, 0.12711614718039832, 0.1733886539936066, 0.17606911261876423]</MEAN_VALUE>
		<CHECKBOX>2</CHECKBOX>
		<SD>[0.011407869481274938, 0.01203425550715983, 0.011755910910512988, 0.01620012084980681]</SD>
		<WAVELENGTH_UNIT>E-6m</WAVELENGTH_UNIT>
		<COLOR>#a95eaa</COLOR>
		<COVARIANCE_MATRIX>[[0.00013943515659775585, 0.00013800672604702413, 5.6347147619817406e-05, 1.4152804396871943e-05], [0.00013800672604702413, 0.00015516782877966762, 6.621504871873185e-05, 3.576354356482625e-05], [5.6347147619817406e-05, 6.621504871873185e-05, 0.00014807296975050122, 0.0001787164219422266], [1.4152804396871943e-05, 3.576354356482625e-05, 0.0001787164219422266, 0.00028118991758674383]]</COVARIANCE_MATRIX>
		<ROI_SIZE>15</ROI_SIZE>
		<MAX_VALUE>[0.1530042290687561, 0.14614397287368774, 0.19370481371879578, 0.20131701231002808]</MAX_VALUE>
		<MIN_VALUE>[0.10885622352361679, 0.10618553310632706, 0.1556120067834854, 0.14967359602451324]</MIN_VALUE>
		<SIGNATURE_THRESHOLD_MD>0.0</SIGNATURE_THRESHOLD_MD>
		<SIGNATURE_THRESHOLD_ML>0.0</SIGNATURE_THRESHOLD_ML>
		<SIGNATURE_THRESHOLD_SAM>0.0</SIGNATURE_THRESHOLD_SAM>
	</signature>
	<signature ID="20201102_142312038431_307">
		<MACROCLASSID>1</MACROCLASSID>
		<MACROCLASSINFO>MC 1</MACROCLASSINFO>
		<CLASSID>17</CLASSID>
		<CLASSINFO>C 1</CLASSINFO>
		<VALUES>[0.1139805508511407, 0.008840508109596903, 0.10890379760946546, 0.008799779099751647, 0.15962177940777367, 0.010390082110442988, 0.1675906947680882, 0.01603015911036883]</VALUES>
		<LCS_MIN>[0.10057847201824188, 0.09286605566740036, 0.13957296311855316, 0.1472143977880478]</LCS_MIN>
		<LCS_MAX>[0.12817098200321198, 0.1252133697271347, 0.17766575515270233, 0.19885779917240143]</LCS_MAX>
		<WAVELENGTH>[0.55, 0.65, 0.75, 0.95]</WAVELENGTH>
		<MEAN_VALUE>[0.1139805508511407, 0.10890379760946546, 0.15962177940777367, 0.1675906947680882]</MEAN_VALUE>
		<CHECKBOX>2</CHECKBOX>
		<SD>[0.008840508109596903, 0.008799779099751647, 0.010390082110442988, 0.01603015911036883]</SD>
		<WAVELENGTH_UNIT>E-6m</WAVELENGTH_UNIT>
		<COLOR>#af78f7</COLOR>
		<COVARIANCE_MATRIX>[[8.416647324338555e-05, 6.375309021677822e-05, 6.212836160557345e-05, 4.4143533159513026e-05], [6.375309021677822e-05, 8.339273335877806e-05, 4.401756086735986e-05, 3.3218202588614076e-05], [6.212836160557345e-05, 4.401756086735986e-05, 0.00011625794286374003, 0.000130466723931022], [4.4143533159513026e-05, 3.3218202588614076e-05, 0.000130466723931022, 0.00027673260774463415]]</COVARIANCE_MATRIX>
		<ROI_SIZE>14</ROI_SIZE>
		<MAX_VALUE>[0.12817098200321198, 0.1252133697271347, 0.17766575515270233, 0.19885779917240143]</MAX_VALUE>
		<MIN_VALUE>[0.10057847201824188, 0.09286605566740036, 0.13957296311855316, 0.1472143977880478]</MIN_VALUE>
		<SIGNATURE_THRESHOLD_MD>0.0</SIGNATURE_THRESHOLD_MD>
		<SIGNATURE_THRESHOLD_ML>0.0</SIGNATURE_THRESHOLD_ML>
		<SIGNATURE_THRESHOLD_SAM>0.0</SIGNATURE_THRESHOLD_SAM>
	</signature>
	<signature ID="20201102_142338782437_438">
		<MACROCLASSID>1</MACROCLASSID>
		<MACROCLASSINFO>MC 1</MACROCLASSINFO>
		<CLASSID>18</CLASSID>
		<CLASSINFO>C 1</CLASSINFO>
		<VALUES>[0.13920799270272255, 0.009794368925477887, 0.13967451676726342, 0.011704823015366714, 0.1906974792480469, 0.008796385928566044, 0.19615264832973478, 0.01221956735306489]</VALUES>
		<LCS_MIN>[0.1171339824795723, 0.11950501054525375, 0.1756608635187149, 0.18410252034664154]</LCS_MIN>
		<LCS_MAX>[0.1530042290687561, 0.15375511348247528, 0.20372921228408813, 0.22099065780639648]</LCS_MAX>
		<WAVELENGTH>[0.55, 0.65, 0.75, 0.95]</WAVELENGTH>
		<MEAN_VALUE>[0.13920799270272255, 0.13967451676726342, 0.1906974792480469, 0.19615264832973478]</MEAN_VALUE>
		<CHECKBOX>2</CHECKBOX>
		<SD>[0.009794368925477887, 0.011704823015366714, 0.008796385928566044, 0.01221956735306489]</SD>
		<WAVELENGTH_UNIT>E-6m</WAVELENGTH_UNIT>
		<COLOR>#366b07</COLOR>
		<COVARIANCE_MATRIX>[[0.00010658851533662528, 0.00011317218013573438, -3.687931666718214e-06, -4.9760841648094356e-05], [0.00011317218013573438, 0.00015222543152049184, 2.5432175334572094e-06, -5.220067032496445e-05], [-3.687931666718214e-06, 2.5432175334572094e-06, 8.597378473496065e-05, 0.00010052582365460694], [-4.9760841648094356e-05, -5.220067032496445e-05, 0.00010052582365460694, 0.0001659086992731318]]</COVARIANCE_MATRIX>
		<ROI_SIZE>10</ROI_SIZE>
		<MAX_VALUE>[0.1530042290687561, 0.15375511348247528, 0.20372921228408813, 0.22099065780639648]</MAX_VALUE>
		<MIN_VALUE>[0.1171339824795723, 0.11950501054525375, 0.1756608635187149, 0.18410252034664154]</MIN_VALUE>
		<SIGNATURE_THRESHOLD_MD>0.0</SIGNATURE_THRESHOLD_MD>
		<SIGNATURE_THRESHOLD_ML>0.0</SIGNATURE_THRESHOLD_ML>
		<SIGNATURE_THRESHOLD_SAM>0.0</SIGNATURE_THRESHOLD_SAM>
	</signature>
	<signature ID="20201102_142407372350_288">
		<MACROCLASSID>1</MACROCLASSID>
		<MACROCLASSINFO>MC 1</MACROCLASSINFO>
		<CLASSID>19</CLASSID>
		<CLASSINFO>C 1</CLASSINFO>
		<VALUES>[0.13610383495688438, 0.007857503368078906, 0.13401374034583569, 0.006087226405127896, 0.21275119297206402, 0.00896610901947244, 0.2335941046476364, 0.01175784467099091]</VALUES>
		<LCS_MIN>[0.1254117488861084, 0.1252133697271347, 0.195709690451622, 0.20869459211826324]</LCS_MIN>
		<LCS_MAX>[0.1530042290687561, 0.14233841001987457, 0.22377805411815643, 0.24558274447917938]</LCS_MAX>
		<WAVELENGTH>[0.55, 0.65, 0.75, 0.95]</WAVELENGTH>
		<MEAN_VALUE>[0.13610383495688438, 0.13401374034583569, 0.21275119297206402, 0.2335941046476364]</MEAN_VALUE>
		<CHECKBOX>2</CHECKBOX>
		<SD>[0.007857503368078906, 0.006087226405127896, 0.00896610901947244, 0.01175784467099091]</SD>
		<WAVELENGTH_UNIT>E-6m</WAVELENGTH_UNIT>
		<COLOR>#3ec47a</COLOR>
		<COVARIANCE_MATRIX>[[7.05604106769897e-05, 4.472086584428325e-05, 3.516753713483922e-05, 1.0784110600070562e-05], [4.472086584428325e-05, 4.234780135448091e-05, -1.9074263946095016e-06, -2.5151484805974178e-05], [3.516753713483922e-05, -1.9074263946095016e-06, 9.187555406242609e-05, 0.00010177809599554166], [1.0784110600070562e-05, -2.5151484805974178e-05, 0.00010177809599554166, 0.00015799647371750325]]</COVARIANCE_MATRIX>
		<ROI_SIZE>8</ROI_SIZE>
		<MAX_VALUE>[0.1530042290687561, 0.14233841001987457, 0.22377805411815643, 0.24558274447917938]</MAX_VALUE>
		<MIN_VALUE>[0.1254117488861084, 0.1252133697271347, 0.195709690451622, 0.20869459211826324]</MIN_VALUE>
		<SIGNATURE_THRESHOLD_MD>0.0</SIGNATURE_THRESHOLD_MD>
		<SIGNATURE_THRESHOLD_ML>0.0</SIGNATURE_THRESHOLD_ML>
		<SIGNATURE_THRESHOLD_SAM>0.0</SIGNATURE_THRESHOLD_SAM>
	</signature>
	<signature ID="20201102_142415909491_662">
		<MACROCLASSID>1</MACROCLASSID>
		<MACROCLASSINFO>MC 1</MACROCLASSINFO>
		<CLASSID>20</CLASSID>
		<CLASSINFO>C 1</CLASSINFO>
		<VALUES>[0.1283317214559197, 0.008081889962476834, 0.13196239251534925, 0.01106572561840216, 0.17887255959333334, 0.011282712546471604, 0.19276148775248847, 0.017242925925488716]</VALUES>
		<LCS_MIN>[0.10885622352361679, 0.09667162597179413, 0.1495973765850067, 0.16442884504795074]</LCS_MIN>
		<LCS_MAX>[0.14748574793338776, 0.14804676175117493, 0.2017243355512619, 0.22344990074634552]</LCS_MAX>
		<WAVELENGTH>[0.55, 0.65, 0.75, 0.95]</WAVELENGTH>
		<MEAN_VALUE>[0.1283317214559197, 0.13196239251534925, 0.17887255959333334, 0.19276148775248847]</MEAN_VALUE>
		<CHECKBOX>2</CHECKBOX>
		<SD>[0.008081889962476834, 0.01106572561840216, 0.011282712546471604, 0.017242925925488716]</SD>
		<WAVELENGTH_UNIT>E-6m</WAVELENGTH_UNIT>
		<COLOR>#65475a</COLOR>
		<COVARIANCE_MATRIX>[[6.552901322720572e-05, 7.459718472091481e-05, 2.10352627618704e-05, -4.480668849282665e-06], [7.459718472091481e-05, 0.0001228478504344821, 1.667480137257371e-05, -2.8775753889931366e-05], [2.10352627618704e-05, 1.667480137257371e-05, 0.00012771291949320585, 0.0001689806376816705], [-4.480668849282665e-06, -2.8775753889931366e-05, 0.0001689806376816705, 0.0002982838195748627]]</COVARIANCE_MATRIX>
		<ROI_SIZE>309</ROI_SIZE>
		<MAX_VALUE>[0.14748574793338776, 0.14804676175117493, 0.2017243355512619, 0.22344990074634552]</MAX_VALUE>
		<MIN_VALUE>[0.10885622352361679, 0.09667162597179413, 0.1495973765850067, 0.16442884504795074]</MIN_VALUE>
		<SIGNATURE_THRESHOLD_MD>0.0</SIGNATURE_THRESHOLD_MD>
		<SIGNATURE_THRESHOLD_ML>0.0</SIGNATURE_THRESHOLD_ML>
		<SIGNATURE_THRESHOLD_SAM>0.0</SIGNATURE_THRESHOLD_SAM>
	</signature>
	<signature ID="20201102_142423475705_736">
		<MACROCLASSID>1</MACROCLASSID>
		<MACROCLASSINFO>MC 1</MACROCLASSINFO>
		<CLASSID>21</CLASSID>
		<CLASSINFO>C 1</CLASSINFO>
		<VALUES>[0.11676608100533485, 0.01347489347756099, 0.11354296281933787, 0.012532712728528324, 0.19577651719252273, 0.009732578083948076, 0.22828631252050396, 0.011578034640748669]</VALUES>
		<LCS_MIN>[0.08678221702575684, 0.089060477912426, 0.1816755086183548, 0.2111538201570511]</LCS_MIN>
		<LCS_MAX>[0.1336894929409027, 0.1385328322649002, 0.22377805411815643, 0.2529603838920593]</LCS_MAX>
		<WAVELENGTH>[0.55, 0.65, 0.75, 0.95]</WAVELENGTH>
		<MEAN_VALUE>[0.11676608100533485, 0.11354296281933787, 0.19577651719252273, 0.22828631252050396]</MEAN_VALUE>
		<CHECKBOX>2</CHECKBOX>
		<SD>[0.01347489347756099, 0.012532712728528324, 0.009732578083948076, 0.011578034640748669]</SD>
		<WAVELENGTH_UNIT>E-6m</WAVELENGTH_UNIT>
		<COLOR>#0b9f54</COLOR>
		<COVARIANCE_MATRIX>[[0.00018783388077281415, 0.00016302346193697304, 6.129668690846302e-06, -8.520191477146e-05], [0.00016302346193697304, 0.0001624850556254387, 1.490498817702246e-07, -8.247476944234222e-05], [6.129668690846302e-06, 1.490498817702246e-07, 9.798938845051453e-05, 8.212278044084087e-05], [-8.520191477146e-05, -8.247476944234222e-05, 8.212278044084087e-05, 0.0001386733347317204]]</COVARIANCE_MATRIX>
		<ROI_SIZE>30</ROI_SIZE>
		<MAX_VALUE>[0.1336894929409027, 0.1385328322649002, 0.22377805411815643, 0.2529603838920593]</MAX_VALUE>
		<MIN_VALUE>[0.08678221702575684, 0.089060477912426, 0.1816755086183548, 0.2111538201570511]</MIN_VALUE>
		<SIGNATURE_THRESHOLD_MD>0.0</SIGNATURE_THRESHOLD_MD>
		<SIGNATURE_THRESHOLD_ML>0.0</SIGNATURE_THRESHOLD_ML>
		<SIGNATURE_THRESHOLD_SAM>0.0</SIGNATURE_THRESHOLD_SAM>
	</signature>
	<signature ID="20201102_142428326416_910">
		<MACROCLASSID>1</MACROCLASSID>
		<MACROCLASSINFO>MC 1</MACROCLASSINFO>
		<CLASSID>22</CLASSID>
		<CLASSINFO>C 1</CLASSINFO>
		<VALUES>[0.13093024119734764, 0.007556521428765114, 0.1271161437034607, 0.009978276376834273, 0.22628416121006012, 0.006999170865878097, 0.2652564197778702, 0.012896205442157508]</VALUES>
		<LCS_MIN>[0.11989323794841766, 0.113796666264534, 0.21776340901851654, 0.2554195821285248]</LCS_MIN>
		<LCS_MAX>[0.13920798897743225, 0.1385328322649002, 0.2358073592185974, 0.2873893082141876]</LCS_MAX>
		<WAVELENGTH>[0.55, 0.65, 0.75, 0.95]</WAVELENGTH>
		<MEAN_VALUE>[0.13093024119734764, 0.1271161437034607, 0.22628416121006012, 0.2652564197778702]</MEAN_VALUE>
		<CHECKBOX>2</CHECKBOX>
		<SD>[0.007556521428765114, 0.009978276376834273, 0.006999170865878097, 0.012896205442157508]</SD>
		<WAVELENGTH_UNIT>E-6m</WAVELENGTH_UNIT>
		<COLOR>#a2d392</COLOR>
		<COVARIANCE_MATRIX>[[7.613468915224075e-05, 9.975486318580806e-05, -2.581589978944976e-05, -0.0001176166842924431], [9.975486318580806e-05, 0.0001327546633547172, -2.4160786779248156e-05, -0.00014505961735267192], [-2.581589978944976e-05, -2.4160786779248156e-05, 6.53178576612845e-05, 8.381730003748089e-05], [-0.0001176166842924431, -0.00014505961735267192, 8.381730003748089e-05, 0.00022174949117470533]]</COVARIANCE_MATRIX>
		<ROI_SIZE>4</ROI_SIZE>
		<MAX_VALUE>[0.13920798897743225, 0.1385328322649002, 0.2358073592185974, 0.2873893082141876]</MAX_VALUE>
		<MIN_VALUE>[0.11989323794841766, 0.113796666264534, 0.21776340901851654, 0.2554195821285248]</MIN_VALUE>
		<SIGNATURE_THRESHOLD_MD>0.0</SIGNATURE_THRESHOLD_MD>
		<SIGNATURE_THRESHOLD_ML>0.0</SIGNATURE_THRESHOLD_ML>
		<SIGNATURE_THRESHOLD_SAM>0.0</SIGNATURE_THRESHOLD_SAM>
	</signature>
	<signature ID="20201102_142442090747_603">
		<MACROCLASSID>1</MACROCLASSID>
		<MACROCLASSINFO>MC 1</MACROCLASSINFO>
		<CLASSID>23</CLASSID>
		<CLASSINFO>C 1</CLASSINFO>
		<VALUES>[0.13146497852118433, 0.010684202040507476, 0.1348895330646241, 0.014558854143268936, 0.19354938802330987, 0.010142188794179408, 0.21412775232348333, 0.01253085604567829]</VALUES>
