<?xml version="1.0" ?>
<signaturelist MCID_LIST="[['1', 'waterbody', '#0000ff'], ['2', 'vegetation', '#00ff00'], ['3', 'bareland', '#ffaa00'], ['4', 'built-up', '#ff0000']]">
	<signature ID="20200825_143348655335_808">
		<MACROCLASSID>1</MACROCLASSID>
		<MACROCLASSINFO>waterbody</MACROCLASSINFO>
		<CLASSID>1</CLASSID>
		<CLASSINFO>C 1</CLASSINFO>
		<VALUES>[0.08179954972238061, 0.015888938991238236, 0.06855960892492144, 0.012312593418071059, 0.06101723105017064, 0.016994948352765445, 0.036831220297427095, 0.023671266443352827]</VALUES>
		<LCS_MIN>[0.03239228576421738, 0.03370501101016998, 0.027062619104981422, 0.015707140788435936]</LCS_MIN>
		<LCS_MAX>[0.1467071771621704, 0.1295395940542221, 0.13781152665615082, 0.12758003175258636]</LCS_MAX>
		<WAVELENGTH>[0.55, 0.65, 0.75, 0.95]</WAVELENGTH>
		<MEAN_VALUE>[0.08179954972238061, 0.06855960892492144, 0.06101723105017064, 0.036831220297427095]</MEAN_VALUE>
		<CHECKBOX>2</CHECKBOX>
		<SD>[0.015888938991238236, 0.012312593418071059, 0.016994948352765445, 0.023671266443352827]</SD>
		<WAVELENGTH_UNIT>E-6m</WAVELENGTH_UNIT>
		<COLOR>#40d3c3</COLOR>
		<COVARIANCE_MATRIX>[[0.00027125029009766877, 0.0001940965885296464, 5.766406320617534e-05, -2.3402513761539012e-05], [0.0001940965885296464, 0.00015819536929484457, 6.71218876959756e-05, 1.253705340786837e-05], [5.766406320617534e-05, 6.71218876959756e-05, 0.00025698551326058805, 0.00030298533965833485], [-2.3402513761539012e-05, 1.253705340786837e-05, 0.00030298533965833485, 0.00044706850894726813]]</COVARIANCE_MATRIX>
		<ROI_SIZE>8559</ROI_SIZE>
		<MAX_VALUE>[0.1467071771621704, 0.1295395940542221, 0.13781152665615082, 0.12758003175258636]</MAX_VALUE>
		<MIN_VALUE>[0.03239228576421738, 0.03370501101016998, 0.027062619104981422, 0.015707140788435936]</MIN_VALUE>
		<SIGNATURE_THRESHOLD_MD>0.0</SIGNATURE_THRESHOLD_MD>
		<SIGNATURE_THRESHOLD_ML>0.0</SIGNATURE_THRESHOLD_ML>
		<SIGNATURE_THRESHOLD_SAM>0.0</SIGNATURE_THRESHOLD_SAM>
	</signature>
	<signature ID="20200825_143453486260_289">
		<MACROCLASSID>1</MACROCLASSID>
		<MACROCLASSINFO>waterbody</MACROCLASSINFO>
		<CLASSID>2</CLASSID>
		<CLASSINFO>C 1</CLASSINFO>
		<VALUES>[0.14270163525993293, 0.010955829047861148, 0.12839409238045227, 0.011287929486842622, 0.09292489048815486, 0.010354786215697982, 0.047260439724755236, 0.011698435885139467]</VALUES>
		<LCS_MIN>[0.061531372368335724, 0.0553450770676136, 0.040091902017593384, 0.015707140788435936]</LCS_MIN>
		<LCS_MAX>[0.17584624886512756, 0.15581682324409485, 0.15572680532932281, 0.1335732340812683]</LCS_MAX>
		<WAVELENGTH>[0.55, 0.65, 0.75, 0.95]</WAVELENGTH>
		<MEAN_VALUE>[0.14270163525993293, 0.12839409238045227, 0.09292489048815486, 0.047260439724755236]</MEAN_VALUE>
		<CHECKBOX>2</CHECKBOX>
		<SD>[0.010955829047861148, 0.011287929486842622, 0.010354786215697982, 0.011698435885139467]</SD>
		<WAVELENGTH_UNIT>E-6m</WAVELENGTH_UNIT>
		<COLOR>#d3d818</COLOR>
		<COVARIANCE_MATRIX>[[0.00013427129306364805, 0.00012872567458543926, 4.228470425005071e-05, -2.6458577849552967e-05], [0.00012872567458543926, 0.00015120576426852494, 6.152949936222285e-05, -1.439685274817748e-05], [4.228470425005071e-05, 6.152949936222285e-05, 0.00013401900650933385, 0.00011795609316322953], [-2.6458577849552967e-05, -1.439685274817748e-05, 0.00011795609316322953, 0.0001834565628087148]]</COVARIANCE_MATRIX>
		<ROI_SIZE>8841</ROI_SIZE>
		<MAX_VALUE>[0.17584624886512756, 0.15581682324409485, 0.15572680532932281, 0.1335732340812683]</MAX_VALUE>
		<MIN_VALUE>[0.061531372368335724, 0.0553450770676136, 0.040091902017593384, 0.015707140788435936]</MIN_VALUE>
		<SIGNATURE_THRESHOLD_MD>0.0</SIGNATURE_THRESHOLD_MD>
		<SIGNATURE_THRESHOLD_ML>0.0</SIGNATURE_THRESHOLD_ML>
		<SIGNATURE_THRESHOLD_SAM>0.0</SIGNATURE_THRESHOLD_SAM>
	</signature>
	<signature ID="20200825_143503074815_885">
		<MACROCLASSID>1</MACROCLASSID>
		<MACROCLASSINFO>waterbody</MACROCLASSINFO>
		<CLASSID>3</CLASSID>
		<CLASSINFO>C 1</CLASSINFO>
		<VALUES>[0.11664586286831168, 0.00860409582132787, 0.10734511894606426, 0.006237082471665281, 0.08602960186458397, 0.008462447933116766, 0.04458426249324667, 0.010257117684916078]</VALUES>
		<LCS_MIN>[0.05928990617394447, 0.0553450770676136, 0.05637851357460022, 0.01770487241446972]</LCS_MIN>
		<LCS_MAX>[0.1377413123846054, 0.12335672974586487, 0.15084080398082733, 0.1335732340812683]</LCS_MAX>
		<WAVELENGTH>[0.55, 0.65, 0.75, 0.95]</WAVELENGTH>
		<MEAN_VALUE>[0.11664586286831168, 0.10734511894606426, 0.08602960186458397, 0.04458426249324667]</MEAN_VALUE>
		<CHECKBOX>2</CHECKBOX>
		<SD>[0.00860409582132787, 0.006237082471665281, 0.008462447933116766, 0.010257117684916078]</SD>
		<WAVELENGTH_UNIT>E-6m</WAVELENGTH_UNIT>
		<COLOR>#933735</COLOR>
		<COVARIANCE_MATRIX>[[6.769463652744889e-05, 3.192698204657063e-05, -1.1470882782305125e-05, -2.4206910893553868e-05], [3.192698204657063e-05, 3.2359286706196144e-05, 2.3252573555510025e-06, -1.2739599696942605e-05], [-1.1470882782305125e-05, 2.3252573555510025e-06, 6.414877134375274e-05, 5.273945498629473e-05], [-2.4206910893553868e-05, -1.2739599696942605e-05, 5.273945498629473e-05, 8.719196921447292e-05]]</COVARIANCE_MATRIX>
		<ROI_SIZE>8564</ROI_SIZE>
		<MAX_VALUE>[0.1377413123846054, 0.12335672974586487, 0.15084080398082733, 0.1335732340812683]</MAX_VALUE>
		<MIN_VALUE>[0.05928990617394447, 0.0553450770676136, 0.05637851357460022, 0.01770487241446972]</MIN_VALUE>
		<SIGNATURE_THRESHOLD_MD>0.0</SIGNATURE_THRESHOLD_MD>
		<SIGNATURE_THRESHOLD_ML>0.0</SIGNATURE_THRESHOLD_ML>
		<SIGNATURE_THRESHOLD_SAM>0.0</SIGNATURE_THRESHOLD_SAM>
	</signature>
	<signature ID="20200825_143510436925_574">
		<MACROCLASSID>1</MACROCLASSID>
		<MACROCLASSINFO>waterbody</MACROCLASSINFO>
		<CLASSID>4</CLASSID>
		<CLASSINFO>C 1</CLASSINFO>
		<VALUES>[0.11041076113839726, 0.012620117976669721, 0.0927650076886474, 0.010569654250659938, 0.0667905725284539, 0.008784339923468854, 0.02868815195088258, 0.011232556753721104]</VALUES>
		<LCS_MIN>[0.04359962418675423, 0.04452504217624664, 0.04172056168317795, 0.015707140788435936]</LCS_MIN>
		<LCS_MAX>[0.1377413123846054, 0.11871957033872604, 0.12478222697973251, 0.10560500621795654]</LCS_MAX>
		<WAVELENGTH>[0.55, 0.65, 0.75, 0.95]</WAVELENGTH>
		<MEAN_VALUE>[0.11041076113839726, 0.0927650076886474, 0.0667905725284539, 0.02868815195088258]</MEAN_VALUE>
		<CHECKBOX>2</CHECKBOX>
		<SD>[0.012620117976669721, 0.010569654250659938, 0.008784339923468854, 0.011232556753721104]</SD>
		<WAVELENGTH_UNIT>E-6m</WAVELENGTH_UNIT>
		<COLOR>#dc99db</COLOR>
		<COVARIANCE_MATRIX>[[0.00015346059808507562, 0.00011497659579617903, 4.6586395910708234e-05, 1.1302826123937848e-06], [0.00011497659579617903, 0.00010586191638140008, 5.028340092394501e-05, 1.3441648661682848e-05], [4.6586395910708234e-05, 5.028340092394501e-05, 6.981389742577448e-05, 5.797620178782381e-05], [1.1302826123937848e-06, 1.3441648661682848e-05, 5.797620178782381e-05, 0.00011759209155570716]]</COVARIANCE_MATRIX>
		<ROI_SIZE>9050</ROI_SIZE>
		<MAX_VALUE>[0.1377413123846054, 0.11871957033872604, 0.12478222697973251, 0.10560500621795654]</MAX_VALUE>
		<MIN_VALUE>[0.04359962418675423, 0.04452504217624664, 0.04172056168317795, 0.015707140788435936]</MIN_VALUE>
		<SIGNATURE_THRESHOLD_MD>0.0</SIGNATURE_THRESHOLD_MD>
		<SIGNATURE_THRESHOLD_ML>0.0</SIGNATURE_THRESHOLD_ML>
		<SIGNATURE_THRESHOLD_SAM>0.0</SIGNATURE_THRESHOLD_SAM>
	</signature>
	<signature ID="20200825_143527897944_334">
		<MACROCLASSID>1</MACROCLASSID>
		<MACROCLASSINFO>waterbody</MACROCLASSINFO>
		<CLASSID>5</CLASSID>
		<CLASSINFO>C 1</CLASSINFO>
		<VALUES>[0.04697545080668441, 0.006432390719950032, 0.04364939116961739, 0.005140455830651979, 0.033894901848799355, 0.007200048779408722, 0.017233472541547362, 0.008386060386874438]</VALUES>
		<LCS_MIN>[0.03463374450802803, 0.035250723361968994, 0.02217664010822773, 0.015707140788435936]</LCS_MIN>
		<LCS_MAX>[0.13101688027381897, 0.11871957033872604, 0.11663893610239029, 0.10560500621795654]</LCS_MAX>
		<WAVELENGTH>[0.55, 0.65, 0.75, 0.95]</WAVELENGTH>
		<MEAN_VALUE>[0.04697545080668441, 0.04364939116961739, 0.033894901848799355, 0.017233472541547362]</MEAN_VALUE>
		<CHECKBOX>2</CHECKBOX>
		<SD>[0.006432390719950032, 0.005140455830651979, 0.007200048779408722, 0.008386060386874438]</SD>
		<WAVELENGTH_UNIT>E-6m</WAVELENGTH_UNIT>
		<COLOR>#5ceab0</COLOR>
		<COVARIANCE_MATRIX>[[3.15245779347606e-05, 2.0080777176190168e-05, 2.7036208848585375e-05, 2.695311195566319e-05], [2.0080777176190168e-05, 1.9778661226155236e-05, 2.318413316970691e-05, 2.4243163352366537e-05], [2.7036208848585375e-05, 2.318413316970691e-05, 4.2007872252725065e-05, 4.3615254980977625e-05], [2.695311195566319e-05, 2.4243163352366537e-05, 4.3615254980977625e-05, 5.540352503885515e-05]]</COVARIANCE_MATRIX>
		<ROI_SIZE>9541</ROI_SIZE>
		<MAX_VALUE>[0.13101688027381897, 0.11871957033872604, 0.11663893610239029, 0.10560500621795654]</MAX_VALUE>
		<MIN_VALUE>[0.03463374450802803, 0.035250723361968994, 0.02217664010822773, 0.015707140788435936]</MIN_VALUE>
		<SIGNATURE_THRESHOLD_MD>0.0</SIGNATURE_THRESHOLD_MD>
		<SIGNATURE_THRESHOLD_ML>0.0</SIGNATURE_THRESHOLD_ML>
		<SIGNATURE_THRESHOLD_SAM>0.0</SIGNATURE_THRESHOLD_SAM>
	</signature>
	<signature ID="20200825_143541020539_952">
		<MACROCLASSID>1</MACROCLASSID>
		<MACROCLASSINFO>waterbody</MACROCLASSINFO>
		<CLASSID>6</CLASSID>
		<CLASSINFO>C 1</CLASSINFO>
		<VALUES>[0.04553159785124125, 0.00424559607937799, 0.04344419065267408, 0.003683796711275291, 0.03483593800420347, 0.007903464267218394, 0.01812406843447424, 0.010099642244803721]</VALUES>
		<LCS_MIN>[0.03463374450802803, 0.03215928375720978, 0.0189193207770586, 0.015707140788435936]</LCS_MIN>
		<LCS_MAX>[0.08618751168251038, 0.08780517429113388, 0.10849565267562866, 0.10560500621795654]</LCS_MAX>
		<WAVELENGTH>[0.55, 0.65, 0.75, 0.95]</WAVELENGTH>
		<MEAN_VALUE>[0.04553159785124125, 0.04344419065267408, 0.03483593800420347, 0.01812406843447424]</MEAN_VALUE>
		<CHECKBOX>2</CHECKBOX>
		<SD>[0.00424559607937799, 0.003683796711275291, 0.007903464267218394, 0.010099642244803721]</SD>
		<WAVELENGTH_UNIT>E-6m</WAVELENGTH_UNIT>
		<COLOR>#6ad7ae</COLOR>
		<COVARIANCE_MATRIX>[[1.5242283552652225e-05, 7.836248187231831e-06, 1.4888672922097612e-05, 1.653595063544344e-05], [7.836248187231831e-06, 1.0515488611417823e-05, 1.5710935258539394e-05, 1.7919877791428007e-05], [1.4888672922097612e-05, 1.5710935258539394e-05, 4.072723459103145e-05, 4.566257484839298e-05], [1.653595063544344e-05, 1.7919877791428007e-05, 4.566257484839298e-05, 6.448049680329859e-05]]</COVARIANCE_MATRIX>
		<ROI_SIZE>9069</ROI_SIZE>
		<MAX_VALUE>[0.08618751168251038, 0.08780517429113388, 0.10849565267562866, 0.10560500621795654]</MAX_VALUE>
		<MIN_VALUE>[0.03463374450802803, 0.03215928375720978, 0.0189193207770586, 0.015707140788435936]</MIN_VALUE>
		<SIGNATURE_THRESHOLD_MD>0.0</SIGNATURE_THRESHOLD_MD>
		<SIGNATURE_THRESHOLD_ML>0.0</SIGNATURE_THRESHOLD_ML>
		<SIGNATURE_THRESHOLD_SAM>0.0</SIGNATURE_THRESHOLD_SAM>
	</signature>
	<signature ID="20200825_143553496764_561">
		<MACROCLASSID>1</MACROCLASSID>
		<MACROCLASSINFO>waterbody</MACROCLASSINFO>
		<CLASSID>7</CLASSID>
		<CLASSINFO>C 1</CLASSINFO>
		<VALUES>[0.0679345389395999, 0.01883137717110439, 0.05024367823562789, 0.009702445215245027, 0.0403192276750219, 0.0079597689835051, 0.02274134261734242, 0.009850942810976569]</VALUES>
		<LCS_MIN>[0.036875221878290176, 0.03370501101016998, 0.027062619104981422, 0.015707140788435936]</LCS_MIN>
		<LCS_MAX>[0.14894863963127136, 0.1295395940542221, 0.11826760321855545, 0.10560500621795654]</LCS_MAX>
		<WAVELENGTH>[0.55, 0.65, 0.75, 0.95]</WAVELENGTH>
		<MEAN_VALUE>[0.0679345389395999, 0.05024367823562789, 0.0403192276750219, 0.02274134261734242]</MEAN_VALUE>
		<CHECKBOX>2</CHECKBOX>
		<SD>[0.01883137717110439, 0.009702445215245027, 0.0079597689835051, 0.009850942810976569]</SD>
		<WAVELENGTH_UNIT>E-6m</WAVELENGTH_UNIT>
		<COLOR>#740202</COLOR>
		<COVARIANCE_MATRIX>[[0.00035855252644978464, 0.0001125713242799975, 5.715468796552159e-05, 3.736926373676397e-05], [0.0001125713242799975, 8.091165364021435e-05, 5.168199641047977e-05, 4.072172669111751e-05], [5.715468796552159e-05, 5.168199641047977e-05, 5.284009603201412e-05, 4.6800174459349364e-05], [3.736926373676397e-05, 4.072172669111751e-05, 4.6800174459349364e-05, 8.641341264592484e-05]]</COVARIANCE_MATRIX>
		<ROI_SIZE>9630</ROI_SIZE>
		<MAX_VALUE>[0.14894863963127136, 0.1295395940542221, 0.11826760321855545, 0.10560500621795654]</MAX_VALUE>
		<MIN_VALUE>[0.036875221878290176, 0.03370501101016998, 0.027062619104981422, 0.015707140788435936]</MIN_VALUE>
		<SIGNATURE_THRESHOLD_MD>0.0</SIGNATURE_THRESHOLD_MD>
		<SIGNATURE_THRESHOLD_ML>0.0</SIGNATURE_THRESHOLD_ML>
		<SIGNATURE_THRESHOLD_SAM>0.0</SIGNATURE_THRESHOLD_SAM>
	</signature>
	<signature ID="20200825_145056600430_310">
		<MACROCLASSID>1</MACROCLASSID>
		<MACROCLASSINFO>waterbody</MACROCLASSINFO>
		<CLASSID>8</CLASSID>
		<CLASSINFO>C 1</CLASSINFO>
		<VALUES>[0.07989112250469266, 0.018699311313444267, 0.057193486621004236, 0.00963872222437969, 0.0458533163915713, 0.007349937667955184, 0.03203146076795021, 0.009902858986142026]</VALUES>
		<LCS_MIN>[0.02790934592485428, 0.035250723361968994, 0.023805303499102592, 0.015707140788435936]</LCS_MIN>
		<LCS_MAX>[0.1736048012971878, 0.13881391286849976, 0.1345542073249817, 0.12758003175258636]</LCS_MAX>
		<WAVELENGTH>[0.55, 0.65, 0.75, 0.95]</WAVELENGTH>
		<MEAN_VALUE>[0.07989112250469266, 0.057193486621004236, 0.0458533163915713, 0.03203146076795021]</MEAN_VALUE>
		<CHECKBOX>2</CHECKBOX>
		<SD>[0.018699311313444267, 0.00963872222437969, 0.007349937667955184, 0.009902858986142026]</SD>
		<WAVELENGTH_UNIT>E-6m</WAVELENGTH_UNIT>
		<COLOR>#069559</COLOR>
		<COVARIANCE_MATRIX>[[0.0003746354777831584, 0.0001487756089773029, 4.396845179144293e-05, 2.8313148504821584e-05], [0.0001487756089773029, 8.34161473903805e-05, 3.4011824027402326e-05, 2.622468673507683e-05], [4.396845179144293e-05, 3.4011824027402326e-05, 4.135022754780948e-05, 3.870960426866077e-05], [2.8313148504821584e-05, 2.622468673507683e-05, 3.870960426866077e-05, 8.327949035447091e-05]]</COVARIANCE_MATRIX>
		<ROI_SIZE>10049</ROI_SIZE>
		<MAX_VALUE>[0.1736048012971878, 0.13881391286849976, 0.1345542073249817, 0.12758003175258636]</MAX_VALUE>
		<MIN_VALUE>[0.02790934592485428, 0.035250723361968994, 0.023805303499102592, 0.015707140788435936]</MIN_VALUE>
		<SIGNATURE_THRESHOLD_MD>0.0</SIGNATURE_THRESHOLD_MD>
		<SIGNATURE_THRESHOLD_ML>0.0</SIGNATURE_THRESHOLD_ML>
		<SIGNATURE_THRESHOLD_SAM>0.0</SIGNATURE_THRESHOLD_SAM>
	</signature>
	<signature ID="20200825_145112217567_774">
		<MACROCLASSID>1</MACROCLASSID>
		<MACROCLASSINFO>waterbody</MACROCLASSINFO>
		<CLASSID>9</CLASSID>
		<CLASSINFO>C 1</CLASSINFO>
		<VALUES>[0.08304881960693657, 0.025942671699622968, 0.05665138327767496, 0.013597667891267925, 0.03938446813214298, 0.007670540863537571, 0.019110774964945877, 0.008789755677934627]</VALUES>
		<LCS_MIN>[0.03239228576421738, 0.03061356581747532, 0.0189193207770586, 0.015707140788435936]</LCS_MIN>
		<LCS_MAX>[0.18481212854385376, 0.13263104856014252, 0.12478222697973251, 0.10560500621795654]</LCS_MAX>
		<WAVELENGTH>[0.55, 0.65, 0.75, 0.95]</WAVELENGTH>
		<MEAN_VALUE>[0.08304881960693657, 0.05665138327767496, 0.03938446813214298, 0.019110774964945877]</MEAN_VALUE>
		<CHECKBOX>2</CHECKBOX>
		<SD>[0.025942671699622968, 0.013597667891267925, 0.007670540863537571, 0.008789755677934627]</SD>
		<WAVELENGTH_UNIT>E-6m</WAVELENGTH_UNIT>
		<COLOR>#b9c239</COLOR>
		<COVARIANCE_MATRIX>[[0.0007139234221540391, 0.0003340630210004747, 7.436973828589544e-05, 2.6580662961350754e-05], [0.0003340630210004747, 0.00018071031081490219, 5.11548641952686e-05, 2.6185189199168235e-05], [7.436973828589544e-05, 5.11548641952686e-05, 3.9347381971310824e-05, 3.2612904760753736e-05], [2.6580662961350754e-05, 2.6185189199168235e-05, 3.2612904760753736e-05, 5.437763320514932e-05]]</COVARIANCE_MATRIX>
		<ROI_SIZE>9676</ROI_SIZE>
		<MAX_VALUE>[0.18481212854385376, 0.13263104856014252, 0.12478222697973251, 0.10560500621795654]</MAX_VALUE>
		<MIN_VALUE>[0.03239228576421738, 0.03061356581747532, 0.0189193207770586, 0.015707140788435936]</MIN_VALUE>
		<SIGNATURE_THRESHOLD_MD>0.0</SIGNATURE_THRESHOLD_MD>
		<SIGNATURE_THRESHOLD_ML>0.0</SIGNATURE_THRESHOLD_ML>
		<SIGNATURE_THRESHOLD_SAM>0.0</SIGNATURE_THRESHOLD_SAM>
	</signature>
	<signature ID="20200825_145123894108_565">
		<MACROCLASSID>1</MACROCLASSID>
		<MACROCLASSINFO>waterbody</MACROCLASSINFO>
		<CLASSID>10</CLASSID>
		<CLASSINFO>C 1</CLASSINFO>
		<VALUES>[0.08416815225356543, 0.010660458023345034, 0.06050297658163133, 0.011991376029232462, 0.04034365517734544, 0.01908018205620765, 0.022263538343380795, 0.01742222087165172]</VALUES>
		<LCS_MIN>[0.054806966334581375, 0.0367964468896389, 0.015661997720599174, 0.015707140788435936]</LCS_MIN>
		<LCS_MAX>[0.13101688027381897, 0.12181100994348526, 0.11989625543355942, 0.10560500621795654]</LCS_MAX>
		<WAVELENGTH>[0.55, 0.65, 0.75, 0.95]</WAVELENGTH>
		<MEAN_VALUE>[0.08416815225356543, 0.06050297658163133, 0.04034365517734544, 0.022263538343380795]</MEAN_VALUE>
		<CHECKBOX>2</CHECKBOX>
		<SD>[0.010660458023345034, 0.011991376029232462, 0.01908018205620765, 0.01742222087165172]</SD>
		<WAVELENGTH_UNIT>E-6m</WAVELENGTH_UNIT>
		<COLOR>#fdb298</COLOR>
		<COVARIANCE_MATRIX>[[0.00010346530325477943, 8.497538510710001e-05, 3.850116263492964e-05, 6.552517334057484e-06], [8.497538510710001e-05, 0.0001282104931306094, 0.0001325196644756943, 8.556892134947702e-05], [3.850116263492964e-05, 0.0001325196644756943, 0.00028028650558553636, 0.00023490175954066217], [6.552517334057484e-06, 8.556892134947702e-05, 0.00023490175954066217, 0.00022729123884346336]]</COVARIANCE_MATRIX>
		<ROI_SIZE>9916</ROI_SIZE>
		<MAX_VALUE>[0.13101688027381897, 0.12181100994348526, 0.11989625543355942, 0.10560500621795654]</MAX_VALUE>
		<MIN_VALUE>[0.054806966334581375, 0.0367964468896389, 0.015661997720599174, 0.015707140788435936]</MIN_VALUE>
		<SIGNATURE_THRESHOLD_MD>0.0</SIGNATURE_THRESHOLD_MD>
		<SIGNATURE_THRESHOLD_ML>0.0</SIGNATURE_THRESHOLD_ML>
		<SIGNATURE_THRESHOLD_SAM>0.0</SIGNATURE_THRESHOLD_SAM>
	</signature>
	<signature ID="20200825_145137565410_795">
		<MACROCLASSID>1</MACROCLASSID>
		<MACROCLASSINFO>waterbody</MACROCLASSINFO>
		<CLASSID>11</CLASSID>
		<CLASSINFO>C 1</CLASSINFO>
		<VALUES>[0.08515790512817548, 0.030034179239852802, 0.05472492803442546, 0.007364237949448807, 0.042392695416785614, 0.005562907287102329, 0.023157848737219922, 0.008861676740258766]</VALUES>
		<LCS_MIN>[0.05704842880368233, 0.04297932609915733, 0.025433961302042007, 0.015707140788435936]</LCS_MIN>
		<LCS_MAX>[0.1780877262353897, 0.1449967920780182, 0.11989625543355942, 0.10560500621795654]</LCS_MAX>
		<WAVELENGTH>[0.55, 0.65, 0.75, 0.95]</WAVELENGTH>
		<MEAN_VALUE>[0.08515790512817548, 0.05472492803442546, 0.042392695416785614, 0.023157848737219922]</MEAN_VALUE>
		<CHECKBOX>2</CHECKBOX>
		<SD>[0.030034179239852802, 0.007364237949448807, 0.005562907287102329, 0.008861676740258766]</SD>
		<WAVELENGTH_UNIT>E-6m</WAVELENGTH_UNIT>
		<COLOR>#617728</COLOR>
		<COVARIANCE_MATRIX>[[0.0009999973699450493, 0.00016100157517939806, 2.2839492885395885e-05, 4.975543561158702e-06], [0.00016100157517939806, 5.748112380388193e-05, 2.3775100999046117e-05, 1.9502780560287647e-05], [2.2839492885395885e-05, 2.3775100999046117e-05, 3.0513298042933457e-05, 2.8381971787894145e-05], [4.975543561158702e-06, 1.9502780560287647e-05, 2.8381971787894145e-05, 7.536332122981548e-05]]</COVARIANCE_MATRIX>
		<ROI_SIZE>9522</ROI_SIZE>
		<MAX_VALUE>[0.1780877262353897, 0.1449967920780182, 0.11989625543355942, 0.10560500621795654]</MAX_VALUE>
		<MIN_VALUE>[0.05704842880368233, 0.04297932609915733, 0.025433961302042007, 0.015707140788435936]</MIN_VALUE>
		<SIGNATURE_THRESHOLD_MD>0.0</SIGNATURE_THRESHOLD_MD>
		<SIGNATURE_THRESHOLD_ML>0.0</SIGNATURE_THRESHOLD_ML>
		<SIGNATURE_THRESHOLD_SAM>0.0</SIGNATURE_THRESHOLD_SAM>
	</signature>
	<signature ID="20200825_145151608677_860">
		<MACROCLASSID>1</MACROCLASSID>
		<MACROCLASSINFO>waterbody</MACROCLASSINFO>
		<CLASSID>12</CLASSID>
		<CLASSINFO>C 1</CLASSINFO>
		<VALUES>[0.055899568085710165, 0.013315433714904892, 0.0483415454033886, 0.010584016820854285, 0.03908621205004099, 0.008699648507806572, 0.01844430043066995, 0.006580086875642133]</VALUES>
		<LCS_MIN>[0.04359962418675423, 0.03834216296672821, 0.028691280633211136, 0.015707140788435936]</LCS_MIN>
		<LCS_MAX>[0.1377413123846054, 0.11562812328338623, 0.11501027643680573, 0.09361862391233444]</LCS_MAX>
		<WAVELENGTH>[0.55, 0.65, 0.75, 0.95]</WAVELENGTH>
		<MEAN_VALUE>[0.055899568085710165, 0.0483415454033886, 0.03908621205004099, 0.01844430043066995]</MEAN_VALUE>
		<CHECKBOX>2</CHECKBOX>
		<SD>[0.013315433714904892, 0.010584016820854285, 0.008699648507806572, 0.006580086875642133]</SD>
		<WAVELENGTH_UNIT>E-6m</WAVELENGTH_UNIT>
		<COLOR>#412a54</COLOR>
		<COVARIANCE_MATRIX>[[0.00021568985539488494, 0.0001620601542526856, 0.00011158762936247513, 5.12504338985309e-05], [0.0001620601542526856, 0.00013159947411622852, 9.02389147086069e-05, 4.170626925770193e-05], [0.00011158762936247513, 9.02389147086069e-05, 7.240975537570193e-05, 3.682133319671266e-05], [5.12504338985309e-05, 4.170626925770193e-05, 3.682133319671266e-05, 3.9192182157421485e-05]]</COVARIANCE_MATRIX>
		<ROI_SIZE>9561</ROI_SIZE>
		<MAX_VALUE>[0.1377413123846054, 0.11562812328338623, 0.11501027643680573, 0.09361862391233444]</MAX_VALUE>
		<MIN_VALUE>[0.04359962418675423, 0.03834216296672821, 0.028691280633211136, 0.015707140788435936]</MIN_VALUE>
		<SIGNATURE_THRESHOLD_MD>0.0</SIGNATURE_THRESHOLD_MD>
		<SIGNATURE_THRESHOLD_ML>0.0</SIGNATURE_THRESHOLD_ML>
		<SIGNATURE_THRESHOLD_SAM>0.0</SIGNATURE_THRESHOLD_SAM>
	</signature>
	<signature ID="20200825_145201229514_788">
		<MACROCLASSID>1</MACROCLASSID>
		<MACROCLASSINFO>waterbody</MACROCLASSINFO>
		<CLASSID>13</CLASSID>
		<CLASSINFO>C 1</CLASSINFO>
		<VALUES>[0.05832884709246535, 0.00855127017099377, 0.050707145439716494, 0.0069833888122489834, 0.04237397547720961, 0.00720156941194458, 0.026060373341706102, 0.010634513678740479]</VALUES>
		<LCS_MIN>[0.03463374450802803, 0.03215928375720978, 0.02217664010822773, 0.015707140788435936]</LCS_MIN>
		<LCS_MAX>[0.1467071771621704, 0.1279938817024231, 0.12152492254972458, 0.10960046947002411]</LCS_MAX>
		<WAVELENGTH>[0.55, 0.65, 0.75, 0.95]</WAVELENGTH>
		<MEAN_VALUE>[0.05832884709246535, 0.050707145439716494, 0.04237397547720961, 0.026060373341706102]</MEAN_VALUE>
		<CHECKBOX>2</CHECKBOX>
		<SD>[0.00855127017099377, 0.0069833888122489834, 0.00720156941194458, 0.010634513678740479]</SD>
		<WAVELENGTH_UNIT>E-6m</WAVELENGTH_UNIT>
		<COLOR>#97934b</COLOR>
		<COVARIANCE_MATRIX>[[5.183623215998523e-05, 3.8047030102461576e-05, 3.854584429063834e-05, 4.238963811076246e-05], [3.8047030102461576e-05, 3.4178232453996316e-05, 3.2531148463021964e-05, 3.4455621062079445e-05], [3.854584429063834e-05, 3.2531148463021964e-05, 3.7519537727348506e-05, 3.465146801318042e-05], [4.238963811076246e-05, 3.4455621062079445e-05, 3.465146801318042e-05, 9.602771751815453e-05]]</COVARIANCE_MATRIX>
		<ROI_SIZE>10160</ROI_SIZE>
		<MAX_VALUE>[0.1467071771621704, 0.1279938817024231, 0.12152492254972458, 0.10960046947002411]</MAX_VALUE>
		<MIN_VALUE>[0.03463374450802803, 0.03215928375720978, 0.02217664010822773, 0.015707140788435936]</MIN_VALUE>
		<SIGNATURE_THRESHOLD_MD>0.0</SIGNATURE_THRESHOLD_MD>
		<SIGNATURE_THRESHOLD_ML>0.0</SIGNATURE_THRESHOLD_ML>
		<SIGNATURE_THRESHOLD_SAM>0.0</SIGNATURE_THRESHOLD_SAM>
	</signature>
	<signature ID="20200825_145313853115_648">
		<MACROCLASSID>1</MACROCLASSID>
		<MACROCLASSINFO>waterbody</MACROCLASSINFO>
		<CLASSID>14</CLASSID>
		<CLASSINFO>C 1</CLASSINFO>
		<VALUES>[0.07028524397455767, 0.010788666253458009, 0.05722458988225453, 0.013986909184204055, 0.04550041316943372, 0.02135954584799681, 0.029153640483894284, 0.022652194623308402]</VALUES>
		<LCS_MIN>[0.04359962418675423, 0.03988787904381752, 0.02217664010822773, 0.015707140788435936]</LCS_MIN>
		<LCS_MAX>[0.13325834274291992, 0.1279938817024231, 0.12478222697973251, 0.11159820109605789]</LCS_MAX>
		<WAVELENGTH>[0.55, 0.65, 0.75, 0.95]</WAVELENGTH>
		<MEAN_VALUE>[0.07028524397455767, 0.05722458988225453, 0.04550041316943372, 0.029153640483894284]</MEAN_VALUE>
		<CHECKBOX>2</CHECKBOX>
		<SD>[0.010788666253458009, 0.013986909184204055, 0.02135954584799681, 0.022652194623308402]</SD>
		<WAVELENGTH_UNIT>E-6m</WAVELENGTH_UNIT>
		<COLOR>#625389</COLOR>
		<COVARIANCE_MATRIX>[[0.00010668343747965991, 0.0001220231206389144, 0.00015287376299966127, 0.00014297626330517232], [0.0001220231206389144, 0.00018244182865601033, 0.00024351685715373605, 0.00023060226521920413], [0.00015287376299966127, 0.00024351685715373605, 0.00040192692540585995, 0.0004111404705327004], [0.00014297626330517232, 0.00023060226521920413, 0.0004111404705327004, 0.0004695306997746229]]</COVARIANCE_MATRIX>
		<ROI_SIZE>8196</ROI_SIZE>
		<MAX_VALUE>[0.13325834274291992, 0.1279938817024231, 0.12478222697973251, 0.11159820109605789]</MAX_VALUE>
		<MIN_VALUE>[0.04359962418675423, 0.03988787904381752, 0.02217664010822773, 0.015707140788435936]</MIN_VALUE>
		<SIGNATURE_THRESHOLD_MD>0.0</SIGNATURE_THRESHOLD_MD>
		<SIGNATURE_THRESHOLD_ML>0.0</SIGNATURE_THRESHOLD_ML>
		<SIGNATURE_THRESHOLD_SAM>0.0</SIGNATURE_THRESHOLD_SAM>
	</signature>
	<signature ID="20200825_145408538647_799">
		<MACROCLASSID>1</MACROCLASSID>
		<MACROCLASSINFO>waterbody</MACROCLASSINFO>
		<CLASSID>15</CLASSID>
		<CLASSINFO>C 1</CLASSINFO>
		<VALUES>[0.04807971046322317, 0.007514202240558282, 0.03620441712908986, 0.004795067422084651, 0.028017781639570215, 0.007003091355197304, 0.016415390075636346, 0.006216133886497304]</VALUES>
		<LCS_MIN>[0.03463374450802803, 0.02906784787774086, 0.014033338986337185, 0.015707140788435936]</LCS_MIN>
		<LCS_MAX>[0.11532659828662872, 0.10171665996313095, 0.11826760321855545, 0.10560500621795654]</LCS_MAX>
		<WAVELENGTH>[0.55, 0.65, 0.75, 0.95]</WAVELENGTH>
		<MEAN_VALUE>[0.04807971046322317, 0.03620441712908986, 0.028017781639570215, 0.016415390075636346]</MEAN_VALUE>
		<CHECKBOX>2</CHECKBOX>
		<SD>[0.007514202240558282, 0.004795067422084651, 0.007003091355197304, 0.006216133886497304]</SD>
		<WAVELENGTH_UNIT>E-6m</WAVELENGTH_UNIT>
		<COLOR>#e5f5c6</COLOR>
		<COVARIANCE_MATRIX>[[6.858388223918155e-05, 3.4626267733983696e-05, 3.864584141410887e-05, 2.2967924451222643e-05], [3.4626267733983696e-05, 2.6797391910804436e-05, 2.8705113436444663e-05, 2.034102908510249e-05], [3.864584141410887e-05, 2.8705113436444663e-05, 4.690492642112076e-05, 3.5636134271044284e-05], [2.2967924451222643e-05, 2.034102908510249e-05, 3.5636134271044284e-05, 3.389631092431955e-05]]</COVARIANCE_MATRIX>
		<ROI_SIZE>7477</ROI_SIZE>
		<MAX_VALUE>[0.11532659828662872, 0.10171665996313095, 0.11826760321855545, 0.10560500621795654]</MAX_VALUE>
		<MIN_VALUE>[0.03463374450802803, 0.02906784787774086, 0.014033338986337185, 0.015707140788435936]</MIN_VALUE>
		<SIGNATURE_THRESHOLD_MD>0.0</SIGNATURE_THRESHOLD_MD>
		<SIGNATURE_THRESHOLD_ML>0.0</SIGNATURE_THRESHOLD_ML>
		<SIGNATURE_THRESHOLD_SAM>0.0</SIGNATURE_THRESHOLD_SAM>
	</signature>
	<signature ID="20200825_145420024791_759">
		<MACROCLASSID>1</MACROCLASSID>
		<MACROCLASSINFO>waterbody</MACROCLASSINFO>
		<CLASSID>16</CLASSID>
		<CLASSINFO>C 1</CLASSINFO>
		<VALUES>[0.07082855154994686, 0.012670682540081366, 0.05056768399449665, 0.012010959202052373, 0.04569177381565205, 0.019875743914233406, 0.03256871811969629, 0.025217599833123532]</VALUES>
		<LCS_MIN>[0.036875221878290176, 0.03370501101016998, 0.0189193207770586, 0.015707140788435936]</LCS_MIN>
		<LCS_MAX>[0.11756809055805206, 0.10789953172206879, 0.12641090154647827, 0.10560500621795654]</LCS_MAX>
		<WAVELENGTH>[0.55, 0.65, 0.75, 0.95]</WAVELENGTH>
		<MEAN_VALUE>[0.07082855154994686, 0.05056768399449665, 0.04569177381565205, 0.03256871811969629]</MEAN_VALUE>
		<CHECKBOX>2</CHECKBOX>
		<SD>[0.012670682540081366, 0.012010959202052373, 0.019875743914233406, 0.025217599833123532]</SD>
		<WAVELENGTH_UNIT>E-6m</WAVELENGTH_UNIT>
		<COLOR>#b2ba0e</COLOR>
		<COVARIANCE_MATRIX>[[0.00015985638310667127, 0.00011752246064133942, 0.00011714871652657166, 9.641645738156512e-05], [0.00011752246064133942, 0.00013712570944335312, 0.00019589152361731976, 0.00021223411022219807], [0.00011714871652657166, 0.00019589152361731976, 0.0003994559228885919, 0.0004877634928561747], [9.641645738156512e-05, 0.00021223411022219807, 0.0004877634928561747, 0.0006479466101154685]]</COVARIANCE_MATRIX>
		<ROI_SIZE>1787</ROI_SIZE>
		<MAX_VALUE>[0.11756809055805206, 0.10789953172206879, 0.12641090154647827, 0.10560500621795654]</MAX_VALUE>
		<MIN_VALUE>[0.036875221878290176, 0.03370501101016998, 0.0189193207770586, 0.015707140788435936]</MIN_VALUE>
		<SIGNATURE_THRESHOLD_MD>0.0</SIGNATURE_THRESHOLD_MD>
		<SIGNATURE_THRESHOLD_ML>0.0</SIGNATURE_THRESHOLD_ML>
		<SIGNATURE_THRESHOLD_SAM>0.0</SIGNATURE_THRESHOLD_SAM>
	</signature>
	<signature ID="20200825_145437292181_123">
		<MACROCLASSID>1</MACROCLASSID>
		<MACROCLASSINFO>waterbody</MACROCLASSINFO>
		<CLASSID>17</CLASSID>
		<CLASSINFO>C 1</CLASSINFO>
		<VALUES>[0.09538584359818032, 0.01380909697323697, 0.07288994205034813, 0.011880647566018263, 0.08188614538054402, 0.024648449823124054, 0.07155480246393035, 0.030074965593606603]</VALUES>
		<LCS_MIN>[0.05928990617394447, 0.0537993460893631, 0.03194860368967056, 0.015707140788435936]</LCS_MIN>
		<LCS_MAX>[0.1467071771621704, 0.13572248816490173, 0.14106884598731995, 0.11958912014961243]</LCS_MAX>
		<WAVELENGTH>[0.55, 0.65, 0.75, 0.95]</WAVELENGTH>
		<MEAN_VALUE>[0.09538584359818032, 0.07288994205034813, 0.08188614538054402, 0.07155480246393035]</MEAN_VALUE>
		<CHECKBOX>2</CHECKBOX>
		<SD>[0.01380909697323697, 0.011880647566018263, 0.024648449823124054, 0.030074965593606603]</SD>
		<WAVELENGTH_UNIT>E-6m</WAVELENGTH_UNIT>
		<COLOR>#63f64f</COLOR>
		<COVARIANCE_MATRIX>[[0.00019116316980216652, 0.0001240019191754982, -4.29196807090193e-05, -7.856336742406711e-05], [0.0001240019191754982, 0.00014149917114991695, 9.178126492770389e-05, 7.153687329264358e-05], [-4.29196807090193e-05, 9.178126492770389e-05, 0.000609049922786653, 0.0007184059359133244], [-7.856336742406711e-05, 7.153687329264358e-05, 0.0007184059359133244, 0.0009067424107342958]]</COVARIANCE_MATRIX>
		<ROI_SIZE>405</ROI_SIZE>
		<MAX_VALUE>[0.1467071771621704, 0.13572248816490173, 0.14106884598731995, 0.11958912014961243]</MAX_VALUE>
		<MIN_VALUE>[0.05928990617394447, 0.0537993460893631, 0.03194860368967056, 0.015707140788435936]</MIN_VALUE>
		<SIGNATURE_THRESHOLD_MD>0.0</SIGNATURE_THRESHOLD_MD>
		<SIGNATURE_THRESHOLD_ML>0.0</SIGNATURE_THRESHOLD_ML>
		<SIGNATURE_THRESHOLD_SAM>0.0</SIGNATURE_THRESHOLD_SAM>
	</signature>
	<signature ID="20200825_145517229782_447">
		<MACROCLASSID>1</MACROCLASSID>
		<MACROCLASSINFO>waterbody</MACROCLASSINFO>
		<CLASSID>18</CLASSID>
		<CLASSINFO>C 1</CLASSINFO>
		<VALUES>[0.10885837241297673, 0.006960861792667884, 0.09808053211087271, 0.009015491652689504, 0.08912233926710629, 0.01684312994043549, 0.07120599255320571, 0.021709627930711118]</VALUES>
		<LCS_MIN>[0.09291192144155502, 0.08162230998277664, 0.053121186792850494, 0.019702604040503502]</LCS_MIN>
		<LCS_MAX>[0.12877541780471802, 0.12490244209766388, 0.11989625543355942, 0.10760273039340973]</LCS_MAX>
		<WAVELENGTH>[0.55, 0.65, 0.75, 0.95]</WAVELENGTH>
		<MEAN_VALUE>[0.10885837241297673, 0.09808053211087271, 0.08912233926710629, 0.07120599255320571]</MEAN_VALUE>
		<CHECKBOX>2</CHECKBOX>
		<SD>[0.006960861792667884, 0.009015491652689504, 0.01684312994043549, 0.021709627930711118]</SD>
		<WAVELENGTH_UNIT>E-6m</WAVELENGTH_UNIT>
		<COLOR>#84e0e3</COLOR>
		<COVARIANCE_MATRIX>[[4.891949720331468e-05, 4.924605309497565e-05, 5.338084520190023e-05, 4.8680602048989385e-05], [4.924605309497565e-05, 8.20606219349429e-05, 0.00010672242933651432, 0.00010929180280072615], [5.338084520190023e-05, 0.00010672242933651432, 0.00028641882818192244, 0.0003417059197090566], [4.8680602048989385e-05, 0.00010929180280072615, 0.0003417059197090566, 0.0004758397408295423]]</COVARIANCE_MATRIX>
		<ROI_SIZE>105</ROI_SIZE>
		<MAX_VALUE>[0.12877541780471802, 0.12490244209766388, 0.11989625543355942, 0.10760273039340973]</MAX_VALUE>
		<MIN_VALUE>[0.09291192144155502, 0.08162230998277664, 0.053121186792850494, 0.019702604040503502]</MIN_VALUE>
		<SIGNATURE_THRESHOLD_MD>0.0</SIGNATURE_THRESHOLD_MD>
		<SIGNATURE_THRESHOLD_ML>0.0</SIGNATURE_THRESHOLD_ML>
		<SIGNATURE_THRESHOLD_SAM>0.0</SIGNATURE_THRESHOLD_SAM>
	</signature>
	<signature ID="20200825_145533501324_414">
		<MACROCLASSID>1</MACROCLASSID>
		<MACROCLASSINFO>waterbody</MACROCLASSINFO>
		<CLASSID>19</CLASSID>
		<CLASSINFO>C 1</CLASSINFO>
		<VALUES>[0.10402664505253152, 0.005538617356132037, 0.08537801743046311, 0.006308784544373401, 0.08613857580733696, 0.017940329951968002, 0.07222144679774428, 0.02400086686831839]</VALUES>
		<LCS_MIN>[0.08618751168251038, 0.06925654411315918, 0.049863867461681366, 0.019702604040503502]</LCS_MIN>
		<LCS_MAX>[0.11308513581752777, 0.10635379701852798, 0.12315358966588974, 0.11359592527151108]</LCS_MAX>
		<WAVELENGTH>[0.55, 0.65, 0.75, 0.95]</WAVELENGTH>
		<MEAN_VALUE>[0.10402664505253152, 0.08537801743046311, 0.08613857580733696, 0.07222144679774428]</MEAN_VALUE>
		<CHECKBOX>2</CHECKBOX>
		<SD>[0.005538617356132037, 0.006308784544373401, 0.017940329951968002, 0.02400086686831839]</SD>
		<WAVELENGTH_UNIT>E-6m</WAVELENGTH_UNIT>
		<COLOR>#d31a32</COLOR>
		<COVARIANCE_MATRIX>[[3.0931918445276096e-05, 2.134094938810449e-05, 1.4004976947035175e-05, 2.815274001477519e-06], [2.134094938810449e-05, 4.013243597000837e-05, 5.231720206211321e-05, 4.840222027269192e-05], [1.4004976947035175e-05, 5.231720206211321e-05, 0.0003245375701226294, 0.00041501206578686833], [2.815274001477519e-06, 4.840222027269192e-05, 0.00041501206578686833, 0.0005808419664390385]]</COVARIANCE_MATRIX>
		<ROI_SIZE>121</ROI_SIZE>
		<MAX_VALUE>[0.11308513581752777, 0.10635379701852798, 0.12315358966588974, 0.11359592527151108]</MAX_VALUE>
		<MIN_VALUE>[0.08618751168251038, 0.06925654411315918, 0.049863867461681366, 0.019702604040503502]</MIN_VALUE>
		<SIGNATURE_THRESHOLD_MD>0.0</SIGNATURE_THRESHOLD_MD>
		<SIGNATURE_THRESHOLD_ML>0.0</SIGNATURE_THRESHOLD_ML>
		<SIGNATURE_THRESHOLD_SAM>0.0</SIGNATURE_THRESHOLD_SAM>
	</signature>
	<signature ID="20200825_145613618663_596">
		<MACROCLASSID>1</MACROCLASSID>
		<MACROCLASSINFO>waterbody</MACROCLASSINFO>
		<CLASSID>20</CLASSID>
		<CLASSINFO>C 1</CLASSINFO>
		<VALUES>[0.10984216656879336, 0.012496875117968287, 0.1016947283072674, 0.014676670928754885, 0.0999134086230968, 0.019940217200750978, 0.08183059787232402, 0.022674636447161573]</VALUES>
		<LCS_MIN>[0.08170458674430847, 0.07080226391553879, 0.0482352077960968, 0.021700333803892136]</LCS_MIN>
		<LCS_MAX>[0.14894863963127136, 0.14345107972621918, 0.13944019377231598, 0.11759138107299805]</LCS_MAX>
		<WAVELENGTH>[0.55, 0.65, 0.75, 0.95]</WAVELENGTH>
		<MEAN_VALUE>[0.10984216656879336, 0.1016947283072674, 0.0999134086230968, 0.08183059787232402]</MEAN_VALUE>
		<CHECKBOX>2</CHECKBOX>
		<SD>[0.012496875117968287, 0.014676670928754885, 0.019940217200750978, 0.022674636447161573]</SD>
		<WAVELENGTH_UNIT>E-6m</WAVELENGTH_UNIT>
		<COLOR>#1064a6</COLOR>
		<COVARIANCE_MATRIX>[[0.00015728740254417062, 0.00017024221597239375, 0.0001828690874390304, 0.00017502810806035995], [0.00017024221597239375, 0.0002169432700611651, 0.0002434458874631673, 0.00024891362409107387], [0.0001828690874390304, 0.0002434458874631673, 0.0004004523507319391, 0.0004320295120123774], [0.00017502810806035995, 0.00024891362409107387, 0.0004320295120123774, 0.0005178115679882467]]</COVARIANCE_MATRIX>
		<ROI_SIZE>141</ROI_SIZE>
		<MAX_VALUE>[0.14894863963127136, 0.14345107972621918, 0.13944019377231598, 0.11759138107299805]</MAX_VALUE>
		<MIN_VALUE>[0.08170458674430847, 0.07080226391553879, 0.0482352077960968, 0.021700333803892136]</MIN_VALUE>
		<SIGNATURE_THRESHOLD_MD>0.0</SIGNATURE_THRESHOLD_MD>
		<SIGNATURE_THRESHOLD_ML>0.0</SIGNATURE_THRESHOLD_ML>
		<SIGNATURE_THRESHOLD_SAM>0.0</SIGNATURE_THRESHOLD_SAM>
	</signature>
	<signature ID="20200825_145649580437_262">
		<MACROCLASSID>1</MACROCLASSID>
		<MACROCLASSINFO>waterbody</MACROCLASSINFO>
		<CLASSID>21</CLASSID>
		<CLASSINFO>C 1</CLASSINFO>
		<VALUES>[0.0526154031737524, 0.011194057389358254, 0.038521953666450344, 0.009413783406430886, 0.029958573281550455, 0.012591625381923186, 0.01847482175135451, 0.011881308884382859]</VALUES>
		<LCS_MIN>[0.03463374450802803, 0.027522126212716103, 0.014033338986337185, 0.015707140788435936]</LCS_MIN>
		<LCS_MAX>[0.10636072605848312, 0.10326237976551056, 0.11012428998947144, 0.09761408716440201]</LCS_MAX>
		<WAVELENGTH>[0.55, 0.65, 0.75, 0.95]</WAVELENGTH>
		<MEAN_VALUE>[0.0526154031737524, 0.038521953666450344, 0.029958573281550455, 0.01847482175135451]</MEAN_VALUE>
		<CHECKBOX>2</CHECKBOX>
		<SD>[0.011194057389358254, 0.009413783406430886, 0.012591625381923186, 0.011881308884382859]</SD>
		<WAVELENGTH_UNIT>E-6m</WAVELENGTH_UNIT>
		<COLOR>#f735c0</COLOR>
		<COVARIANCE_MATRIX>[[0.00014982691209297627, 0.00011595351679716259, 0.00012805212463717908, 0.00010282602306688204], [0.00011595351679716259, 0.00011775268649216741, 0.00013730151113122702, 0.00011806582915596664], [0.00012805212463717908, 0.00013730151113122702, 0.00018848649051506072, 0.00016879118629731238], [0.00010282602306688204, 0.00011806582915596664, 0.00016879118629731238, 0.00016375674749724567]]</COVARIANCE_MATRIX>
		<ROI_SIZE>4120</ROI_SIZE>
		<MAX_VALUE>[0.10636072605848312, 0.10326237976551056, 0.11012428998947144, 0.09761408716440201]</MAX_VALUE>
		<MIN_VALUE>[0.03463374450802803, 0.027522126212716103, 0.014033338986337185, 0.015707140788435936]</MIN_VALUE>
		<SIGNATURE_THRESHOLD_MD>0.0</SIGNATURE_THRESHOLD_MD>
		<SIGNATURE_THRESHOLD_ML>0.0</SIGNATURE_THRESHOLD_ML>
		<SIGNATURE_THRESHOLD_SAM>0.0</SIGNATURE_THRESHOLD_SAM>
	</signature>
	<signature ID="20200825_145801242326_346">
		<MACROCLASSID>1</MACROCLASSID>
		<MACROCLASSINFO>waterbody</MACROCLASSINFO>
		<CLASSID>22</CLASSID>
		<CLASSINFO>C 1</CLASSINFO>
		<VALUES>[0.051486895608722716, 0.005660523696342952, 0.04283404736814642, 0.004571464985348494, 0.037863212119423804, 0.0124788099923763, 0.023224915762929097, 0.0159846959178542]</VALUES>
		<LCS_MIN>[0.04135815426707268, 0.03370501101016998, 0.023805303499102592, 0.015707140788435936]</LCS_MIN>
		<LCS_MAX>[0.07498018443584442, 0.06771083176136017, 0.09546636044979095, 0.08163223415613174]</LCS_MAX>
		<WAVELENGTH>[0.55, 0.65, 0.75, 0.95]</WAVELENGTH>
		<MEAN_VALUE>[0.051486895608722716, 0.04283404736814642, 0.037863212119423804, 0.023224915762929097]</MEAN_VALUE>
		<CHECKBOX>2</CHECKBOX>
		<SD>[0.005660523696342952, 0.004571464985348494, 0.0124788099923763, 0.0159846959178542]</SD>
		<WAVELENGTH_UNIT>E-6m</WAVELENGTH_UNIT>
		<COLOR>#6d3f70</COLOR>
		<COVARIANCE_MATRIX>[[3.216243931092322e-05, 1.9689452528837137e-05, 4.6146800741553307e-05, 4.955516124027781e-05], [1.9689452528837137e-05, 2.0977153326384723e-05, 4.542612805380486e-05, 5.021182732889429e-05], [4.6146800741553307e-05, 4.542612805380486e-05, 0.00015630832058377564, 0.0001887444668682292], [4.955516124027781e-05, 5.021182732889429e-05, 0.0001887444668682292, 0.00025647468282841146]]</COVARIANCE_MATRIX>
		<ROI_SIZE>266</ROI_SIZE>
		<MAX_VALUE>[0.07498018443584442, 0.06771083176136017, 0.09546636044979095, 0.08163223415613174]</MAX_VALUE>
		<MIN_VALUE>[0.04135815426707268, 0.03370501101016998, 0.023805303499102592, 0.015707140788435936]</MIN_VALUE>
		<SIGNATURE_THRESHOLD_MD>0.0</SIGNATURE_THRESHOLD_MD>
		<SIGNATURE_THRESHOLD_ML>0.0</SIGNATURE_THRESHOLD_ML>
