<?xml version="1.0" ?>
<signaturelist MCID_LIST="[['1', 'waterbody', '#0000ff'], ['2', 'vegetation', '#00ff00'], ['3', 'bare land', '#ffaa00'], ['4', 'built-up', '#ff0000']]">
	<signature ID="20200601_135604855216_216">
		<MACROCLASSID>1</MACROCLASSID>
		<MACROCLASSINFO>waterbody</MACROCLASSINFO>
		<CLASSID>1</CLASSID>
		<CLASSINFO>C 1</CLASSINFO>
		<VALUES>[0.12861123333847427, 0.003633444035337509, 0.11898048486882118, 0.0031981481190765763, 0.04645688025739925, 0.0038024315629361523]</VALUES>
		<LCS_MIN>[0.12236618995666504, 0.10546590387821198, 0.038486283272504807]</LCS_MIN>
		<LCS_MAX>[0.14068061113357544, 0.12441036105155945, 0.054809167981147766]</LCS_MAX>
		<WAVELENGTH>[1.0, 2.0, 3.0]</WAVELENGTH>
		<MEAN_VALUE>[0.12861123333847427, 0.11898048486882118, 0.04645688025739925]</MEAN_VALUE>
		<CHECKBOX>2</CHECKBOX>
		<SD>[0.003633444035337509, 0.0031981481190765763, 0.0038024315629361523]</SD>
		<WAVELENGTH_UNIT>band number</WAVELENGTH_UNIT>
		<COLOR>#641b2d</COLOR>
		<COVARIANCE_MATRIX>[[1.363924820907414e-05, 3.687477146741003e-06, 5.169211476641067e-07], [3.687477146741003e-06, 1.1004412044712808e-05, 2.9378393264778424e-06], [5.169211476641067e-07, 2.9378393264778424e-06, 1.4244625162973534e-05]]</COVARIANCE_MATRIX>
		<ROI_SIZE>5568</ROI_SIZE>
		<MAX_VALUE>[0.14068061113357544, 0.12441036105155945, 0.054809167981147766]</MAX_VALUE>
		<MIN_VALUE>[0.12236618995666504, 0.10546590387821198, 0.038486283272504807]</MIN_VALUE>
		<SIGNATURE_THRESHOLD_MD>0.0</SIGNATURE_THRESHOLD_MD>
		<SIGNATURE_THRESHOLD_ML>0.0</SIGNATURE_THRESHOLD_ML>
		<SIGNATURE_THRESHOLD_SAM>0.0</SIGNATURE_THRESHOLD_SAM>
	</signature>
	<signature ID="20200601_135846715836_855">
		<MACROCLASSID>1</MACROCLASSID>
		<MACROCLASSINFO>waterbody</MACROCLASSINFO>
		<CLASSID>2</CLASSID>
		<CLASSINFO>C 1</CLASSINFO>
		<VALUES>[0.1726267192174088, 0.1422050936577777, 0.054851709272373796, 0.0014768376905139812, 0.02992295163373153, 0.0031211443280287185]</VALUES>
		<LCS_MIN>[0.07200160622596741, 0.05021127685904503, 0.02420375868678093]</LCS_MIN>
		<LCS_MAX>[0.5138364434242249, 0.05810479447245598, 0.03440556302666664]</LCS_MAX>
		<WAVELENGTH>[1.0, 2.0, 3.0]</WAVELENGTH>
		<MEAN_VALUE>[0.1726267192174088, 0.054851709272373796, 0.02992295163373153]</MEAN_VALUE>
		<CHECKBOX>2</CHECKBOX>
		<SD>[0.1422050936577777, 0.0014768376905139812, 0.0031211443280287185]</SD>
		<WAVELENGTH_UNIT>band number</WAVELENGTH_UNIT>
		<COLOR>#f8d6c9</COLOR>
		<COVARIANCE_MATRIX>[[0.020533401519060135, -2.0673310245911125e-06, 0.00017788648256100714], [-2.0673310245911125e-06, 2.21460413740715e-06, -1.8770860776839982e-07], [0.00017788648256100714, -1.8770860776839982e-07, 9.891411536955275e-06]]</COVARIANCE_MATRIX>
		<ROI_SIZE>66</ROI_SIZE>
		<MAX_VALUE>[0.5138364434242249, 0.05810479447245598, 0.03440556302666664]</MAX_VALUE>
		<MIN_VALUE>[0.07200160622596741, 0.05021127685904503, 0.02420375868678093]</MIN_VALUE>
		<SIGNATURE_THRESHOLD_MD>0.0</SIGNATURE_THRESHOLD_MD>
		<SIGNATURE_THRESHOLD_ML>0.0</SIGNATURE_THRESHOLD_ML>
		<SIGNATURE_THRESHOLD_SAM>0.0</SIGNATURE_THRESHOLD_SAM>
	</signature>
	<signature ID="20200601_135854458870_719">
		<MACROCLASSID>1</MACROCLASSID>
		<MACROCLASSINFO>waterbody</MACROCLASSINFO>
		<CLASSID>3</CLASSID>
		<CLASSINFO>C 1</CLASSINFO>
		<VALUES>[0.07178304104317139, 0.003585217847723497, 0.0569581920532925, 0.0023668286304338324, 0.030229105597435402, 0.0032551304620523896]</VALUES>
		<LCS_MIN>[0.0651337057352066, 0.05021127685904503, 0.020123040303587914]</LCS_MIN>
		<LCS_MAX>[0.08344809710979462, 0.06599831581115723, 0.036445919424295425]</LCS_MAX>
		<WAVELENGTH>[1.0, 2.0, 3.0]</WAVELENGTH>
		<MEAN_VALUE>[0.07178304104317139, 0.0569581920532925, 0.030229105597435402]</MEAN_VALUE>
		<CHECKBOX>2</CHECKBOX>
		<SD>[0.003585217847723497, 0.0023668286304338324, 0.0032551304620523896]</SD>
		<WAVELENGTH_UNIT>band number</WAVELENGTH_UNIT>
		<COLOR>#1e9c0d</COLOR>
		<COVARIANCE_MATRIX>[[1.2857976798841264e-05, 3.4270524338353425e-06, 2.2201709271030268e-06], [3.4270524338353425e-06, 5.603703812084859e-06, 2.2451426957559306e-06], [2.2201709271030268e-06, 2.2451426957559306e-06, 1.0599327652016655e-05]]</COVARIANCE_MATRIX>
		<ROI_SIZE>3069</ROI_SIZE>
		<MAX_VALUE>[0.08344809710979462, 0.06599831581115723, 0.036445919424295425]</MAX_VALUE>
		<MIN_VALUE>[0.0651337057352066, 0.05021127685904503, 0.020123040303587914]</MIN_VALUE>
		<SIGNATURE_THRESHOLD_MD>0.0</SIGNATURE_THRESHOLD_MD>
		<SIGNATURE_THRESHOLD_ML>0.0</SIGNATURE_THRESHOLD_ML>
		<SIGNATURE_THRESHOLD_SAM>0.0</SIGNATURE_THRESHOLD_SAM>
	</signature>
	<signature ID="20200601_135919611629_505">
		<MACROCLASSID>1</MACROCLASSID>
		<MACROCLASSINFO>waterbody</MACROCLASSINFO>
		<CLASSID>4</CLASSID>
		<CLASSINFO>C 1</CLASSINFO>
		<VALUES>[0.12965888832664374, 0.003813788044739994, 0.12581861794608248, 0.003562981647241416, 0.05917349844220806, 0.0033660193263285684]</VALUES>
		<LCS_MIN>[0.12236618995666504, 0.11809553951025009, 0.0507284440100193]</LCS_MIN>
		<LCS_MAX>[0.14068061113357544, 0.13703998923301697, 0.06705132126808167]</LCS_MAX>
		<WAVELENGTH>[1.0, 2.0, 3.0]</WAVELENGTH>
		<MEAN_VALUE>[0.12965888832664374, 0.12581861794608248, 0.05917349844220806]</MEAN_VALUE>
		<CHECKBOX>2</CHECKBOX>
		<SD>[0.003813788044739994, 0.003562981647241416, 0.0033660193263285684]</SD>
		<WAVELENGTH_UNIT>band number</WAVELENGTH_UNIT>
		<COLOR>#779f29</COLOR>
		<COVARIANCE_MATRIX>[[1.4085008842812385e-05, 4.13797351939138e-06, 7.81704102337244e-07], [4.13797351939138e-06, 1.2559164133563172e-05, 3.6727510632772464e-07], [7.81704102337244e-07, 3.6727510632772464e-07, 1.1302489838271867e-05]]</COVARIANCE_MATRIX>
		<ROI_SIZE>5315</ROI_SIZE>
		<MAX_VALUE>[0.14068061113357544, 0.13703998923301697, 0.06705132126808167]</MAX_VALUE>
		<MIN_VALUE>[0.12236618995666504, 0.11809553951025009, 0.0507284440100193]</MIN_VALUE>
		<SIGNATURE_THRESHOLD_MD>0.0</SIGNATURE_THRESHOLD_MD>
		<SIGNATURE_THRESHOLD_ML>0.0</SIGNATURE_THRESHOLD_ML>
		<SIGNATURE_THRESHOLD_SAM>0.0</SIGNATURE_THRESHOLD_SAM>
	</signature>
	<signature ID="20200601_135930817237_652">
		<MACROCLASSID>1</MACROCLASSID>
		<MACROCLASSINFO>waterbody</MACROCLASSINFO>
		<CLASSID>5</CLASSID>
		<CLASSINFO>C 1</CLASSINFO>
		<VALUES>[0.11939009452859559, 0.0032990308022745464, 0.11651683971285819, 0.0036458540230942553, 0.07902144119143487, 0.012170920177900276]</VALUES>
		<LCS_MIN>[0.11320898681879044, 0.10862333327531815, 0.05684952437877655]</LCS_MIN>
		<LCS_MAX>[0.12465548515319824, 0.12283165007829666, 0.09969709813594818]</LCS_MAX>
		<WAVELENGTH>[1.0, 2.0, 3.0]</WAVELENGTH>
		<MEAN_VALUE>[0.11939009452859559, 0.11651683971285819, 0.07902144119143487]</MEAN_VALUE>
		<CHECKBOX>2</CHECKBOX>
		<SD>[0.0032990308022745464, 0.0036458540230942553, 0.012170920177900276]</SD>
		<WAVELENGTH_UNIT>band number</WAVELENGTH_UNIT>
		<COLOR>#17587d</COLOR>
		<COVARIANCE_MATRIX>[[1.1258900485699996e-05, 5.358867838367587e-06, -7.441381058015395e-06], [5.358867838367587e-06, 1.3750604921369813e-05, -1.4217354873835575e-05], [-7.441381058015395e-06, -1.4217354873835575e-05, 0.00015323927800636739]]</COVARIANCE_MATRIX>
		<ROI_SIZE>30</ROI_SIZE>
		<MAX_VALUE>[0.12465548515319824, 0.12283165007829666, 0.09969709813594818]</MAX_VALUE>
		<MIN_VALUE>[0.11320898681879044, 0.10862333327531815, 0.05684952437877655]</MIN_VALUE>
		<SIGNATURE_THRESHOLD_MD>0.0</SIGNATURE_THRESHOLD_MD>
		<SIGNATURE_THRESHOLD_ML>0.0</SIGNATURE_THRESHOLD_ML>
		<SIGNATURE_THRESHOLD_SAM>0.0</SIGNATURE_THRESHOLD_SAM>
	</signature>
	<signature ID="20200601_135942942820_292">
		<MACROCLASSID>1</MACROCLASSID>
		<MACROCLASSINFO>waterbody</MACROCLASSINFO>
		<CLASSID>6</CLASSID>
		<CLASSINFO>C 1</CLASSINFO>
		<VALUES>[0.12208776569005816, 0.00338795932520215, 0.11363111478048603, 0.0029661648959522905, 0.04491878491756986, 0.003720758820800187]</VALUES>
		<LCS_MIN>[0.11091970652341843, 0.10230850428342819, 0.03440556302666664]</LCS_MIN>
		<LCS_MAX>[0.12694478034973145, 0.11967423558235168, 0.0507284440100193]</LCS_MAX>
		<WAVELENGTH>[1.0, 2.0, 3.0]</WAVELENGTH>
		<MEAN_VALUE>[0.12208776569005816, 0.11363111478048603, 0.04491878491756986]</MEAN_VALUE>
		<CHECKBOX>2</CHECKBOX>
		<SD>[0.00338795932520215, 0.0029661648959522905, 0.003720758820800187]</SD>
		<WAVELENGTH_UNIT>band number</WAVELENGTH_UNIT>
		<COLOR>#5cd279</COLOR>
		<COVARIANCE_MATRIX>[[1.1481759429443628e-05, 2.63624286844788e-07, -1.9234450974181527e-06], [2.63624286844788e-07, 8.800810064713005e-06, 2.548691554693505e-06], [-1.9234450974181527e-06, 2.548691554693505e-06, 1.3848256458004471e-05]]</COVARIANCE_MATRIX>
		<ROI_SIZE>3289</ROI_SIZE>
		<MAX_VALUE>[0.12694478034973145, 0.11967423558235168, 0.0507284440100193]</MAX_VALUE>
		<MIN_VALUE>[0.11091970652341843, 0.10230850428342819, 0.03440556302666664]</MIN_VALUE>
		<SIGNATURE_THRESHOLD_MD>0.0</SIGNATURE_THRESHOLD_MD>
		<SIGNATURE_THRESHOLD_ML>0.0</SIGNATURE_THRESHOLD_ML>
		<SIGNATURE_THRESHOLD_SAM>0.0</SIGNATURE_THRESHOLD_SAM>
	</signature>
	<signature ID="20200601_140016254033_681">
		<MACROCLASSID>1</MACROCLASSID>
		<MACROCLASSINFO>waterbody</MACROCLASSINFO>
		<CLASSID>7</CLASSID>
		<CLASSINFO>C 1</CLASSINFO>
		<VALUES>[0.06425838356508931, 0.0036075323311337273, 0.05179926976561546, 0.0027477499602185287, 0.03128501065075398, 0.0038086638463478402]</VALUES>
		<LCS_MIN>[0.055976502597332, 0.045475177466869354, 0.02420375868678093]</LCS_MIN>
		<LCS_MAX>[0.07200160622596741, 0.059683509171009064, 0.04052664712071419]</LCS_MAX>
		<WAVELENGTH>[1.0, 2.0, 3.0]</WAVELENGTH>
		<MEAN_VALUE>[0.06425838356508931, 0.05179926976561546, 0.03128501065075398]</MEAN_VALUE>
		<CHECKBOX>2</CHECKBOX>
		<SD>[0.0036075323311337273, 0.0027477499602185287, 0.0038086638463478402]</SD>
		<WAVELENGTH_UNIT>band number</WAVELENGTH_UNIT>
		<COLOR>#3222fa</COLOR>
		<COVARIANCE_MATRIX>[[1.3091296750644688e-05, 4.434947186382487e-06, 4.63197784483782e-06], [4.434947186382487e-06, 7.594805083499523e-06, 6.0711395235557575e-06], [4.63197784483782e-06, 6.0711395235557575e-06, 1.4591753824788611e-05]]</COVARIANCE_MATRIX>
		<ROI_SIZE>170</ROI_SIZE>
		<MAX_VALUE>[0.07200160622596741, 0.059683509171009064, 0.04052664712071419]</MAX_VALUE>
		<MIN_VALUE>[0.055976502597332, 0.045475177466869354, 0.02420375868678093]</MIN_VALUE>
		<SIGNATURE_THRESHOLD_MD>0.0</SIGNATURE_THRESHOLD_MD>
		<SIGNATURE_THRESHOLD_ML>0.0</SIGNATURE_THRESHOLD_ML>
		<SIGNATURE_THRESHOLD_SAM>0.0</SIGNATURE_THRESHOLD_SAM>
	</signature>
	<signature ID="20200601_140026902831_350">
		<MACROCLASSID>1</MACROCLASSID>
		<MACROCLASSINFO>waterbody</MACROCLASSINFO>
		<CLASSID>8</CLASSID>
		<CLASSINFO>C 1</CLASSINFO>
		<VALUES>[0.06585664173266044, 0.0037702691235076955, 0.051528845346511774, 0.0035548472911021193, 0.02968051704697143, 0.00418948435029554]</VALUES>
		<LCS_MIN>[0.055976502597332, 0.04231775924563408, 0.02420375868678093]</LCS_MIN>
		<LCS_MAX>[0.07200160622596741, 0.061262208968400955, 0.04052664712071419]</LCS_MAX>
		<WAVELENGTH>[1.0, 2.0, 3.0]</WAVELENGTH>
		<MEAN_VALUE>[0.06585664173266044, 0.051528845346511774, 0.02968051704697143]</MEAN_VALUE>
		<CHECKBOX>2</CHECKBOX>
		<SD>[0.0037702691235076955, 0.0035548472911021193, 0.00418948435029554]</SD>
		<WAVELENGTH_UNIT>band number</WAVELENGTH_UNIT>
		<COLOR>#53bcf5</COLOR>
		<COVARIANCE_MATRIX>[[1.432261797162937e-05, 6.679218131466769e-06, 3.4771762784657767e-06], [6.679218131466769e-06, 1.2732673894788604e-05, 5.589443389908411e-06], [3.4771762784657767e-06, 5.589443389908411e-06, 1.7684747945168056e-05]]</COVARIANCE_MATRIX>
		<ROI_SIZE>133</ROI_SIZE>
		<MAX_VALUE>[0.07200160622596741, 0.061262208968400955, 0.04052664712071419]</MAX_VALUE>
		<MIN_VALUE>[0.055976502597332, 0.04231775924563408, 0.02420375868678093]</MIN_VALUE>
		<SIGNATURE_THRESHOLD_MD>0.0</SIGNATURE_THRESHOLD_MD>
		<SIGNATURE_THRESHOLD_ML>0.0</SIGNATURE_THRESHOLD_ML>
		<SIGNATURE_THRESHOLD_SAM>0.0</SIGNATURE_THRESHOLD_SAM>
	</signature>
	<signature ID="20200601_140036037667_715">
		<MACROCLASSID>1</MACROCLASSID>
		<MACROCLASSINFO>waterbody</MACROCLASSINFO>
		<CLASSID>9</CLASSID>
		<CLASSINFO>C 1</CLASSINFO>
		<VALUES>[0.15252008208908552, 0.004001370074311962, 0.14024256343372166, 0.003995027010888875, 0.05285080745105695, 0.0035741546768372394]</VALUES>
		<LCS_MIN>[0.14068061113357544, 0.1323038935661316, 0.046647727489471436]</LCS_MIN>
		<LCS_MAX>[0.15899501740932465, 0.15124830603599548, 0.0629706084728241]</LCS_MAX>
		<WAVELENGTH>[1.0, 2.0, 3.0]</WAVELENGTH>
		<MEAN_VALUE>[0.15252008208908552, 0.14024256343372166, 0.05285080745105695]</MEAN_VALUE>
		<CHECKBOX>2</CHECKBOX>
		<SD>[0.004001370074311962, 0.003995027010888875, 0.0035741546768372394]</SD>
		<WAVELENGTH_UNIT>band number</WAVELENGTH_UNIT>
		<COLOR>#d87c78</COLOR>
		<COVARIANCE_MATRIX>[[1.6596211935393512e-05, 5.7361503422725946e-06, 3.091769031016156e-06], [5.7361503422725946e-06, 1.5490380974370055e-05, 4.6243303586379625e-06], [3.091769031016156e-06, 4.6243303586379625e-06, 1.2804003745259251e-05]]</COVARIANCE_MATRIX>
		<ROI_SIZE>2837</ROI_SIZE>
		<MAX_VALUE>[0.15899501740932465, 0.15124830603599548, 0.0629706084728241]</MAX_VALUE>
		<MIN_VALUE>[0.14068061113357544, 0.1323038935661316, 0.046647727489471436]</MIN_VALUE>
		<SIGNATURE_THRESHOLD_MD>0.0</SIGNATURE_THRESHOLD_MD>
		<SIGNATURE_THRESHOLD_ML>0.0</SIGNATURE_THRESHOLD_ML>
		<SIGNATURE_THRESHOLD_SAM>0.0</SIGNATURE_THRESHOLD_SAM>
	</signature>
	<signature ID="20200601_140043274456_490">
		<MACROCLASSID>1</MACROCLASSID>
		<MACROCLASSINFO>waterbody</MACROCLASSINFO>
		<CLASSID>10</CLASSID>
		<CLASSINFO>C 1</CLASSINFO>
		<VALUES>[0.14771362161583715, 0.0036294153340689582, 0.13645746569872153, 0.003367056678034647, 0.047955236500960764, 0.0032738859696132046]</VALUES>
		<LCS_MIN>[0.13381268084049225, 0.12598904967308044, 0.038486283272504807]</LCS_MIN>
		<LCS_MAX>[0.15212708711624146, 0.14493350684642792, 0.054809167981147766]</LCS_MAX>
		<WAVELENGTH>[1.0, 2.0, 3.0]</WAVELENGTH>
		<MEAN_VALUE>[0.14771362161583715, 0.13645746569872153, 0.047955236500960764]</MEAN_VALUE>
		<CHECKBOX>2</CHECKBOX>
		<SD>[0.0036294153340689582, 0.003367056678034647, 0.0032738859696132046]</SD>
		<WAVELENGTH_UNIT>band number</WAVELENGTH_UNIT>
		<COLOR>#eca588</COLOR>
		<COVARIANCE_MATRIX>[[1.317912210652139e-05, 2.635169721543207e-06, -3.9487008507421706e-07], [2.635169721543207e-06, 1.1342635843902826e-05, 8.094713166428846e-07], [-3.9487008507421706e-07, 8.094713166428846e-07, 1.0723591003625188e-05]]</COVARIANCE_MATRIX>
		<ROI_SIZE>2038</ROI_SIZE>
		<MAX_VALUE>[0.15212708711624146, 0.14493350684642792, 0.054809167981147766]</MAX_VALUE>
		<MIN_VALUE>[0.13381268084049225, 0.12598904967308044, 0.038486283272504807]</MIN_VALUE>
		<SIGNATURE_THRESHOLD_MD>0.0</SIGNATURE_THRESHOLD_MD>
		<SIGNATURE_THRESHOLD_ML>0.0</SIGNATURE_THRESHOLD_ML>
		<SIGNATURE_THRESHOLD_SAM>0.0</SIGNATURE_THRESHOLD_SAM>
	</signature>
	<signature ID="20200601_145742521751_563">
		<MACROCLASSID>1</MACROCLASSID>
		<MACROCLASSINFO>waterbody</MACROCLASSINFO>
		<CLASSID>12</CLASSID>
		<CLASSINFO>C 1</CLASSINFO>
		<VALUES>[0.15123966873417644, 0.010966019556816075, 0.14167262591449495, 0.011220817288191522, 0.052684744164236075, 0.006346867004727218]</VALUES>
		<LCS_MIN>[0.12007688730955124, 0.11178073287010193, 0.038486283272504807]</LCS_MIN>
		<LCS_MAX>[0.17730940878391266, 0.17019277811050415, 0.07725312560796738]</LCS_MAX>
		<WAVELENGTH>[1.0, 2.0, 3.0]</WAVELENGTH>
		<MEAN_VALUE>[0.15123966873417644, 0.14167262591449495, 0.052684744164236075]</MEAN_VALUE>
		<CHECKBOX>2</CHECKBOX>
		<SD>[0.010966019556816075, 0.011220817288191522, 0.006346867004727218]</SD>
		<WAVELENGTH_UNIT>band number</WAVELENGTH_UNIT>
		<COLOR>#fbe39d</COLOR>
		<COVARIANCE_MATRIX>[[0.00012047919881297275, 0.00010481259960215539, 3.986972660641186e-05], [0.00010481259960215539, 0.00012614295701496303, 4.754669134854339e-05], [3.986972660641186e-05, 4.754669134854339e-05, 4.035829988424666e-05]]</COVARIANCE_MATRIX>
		<ROI_SIZE>534</ROI_SIZE>
		<MAX_VALUE>[0.17730940878391266, 0.17019277811050415, 0.07725312560796738]</MAX_VALUE>
		<MIN_VALUE>[0.12007688730955124, 0.11178073287010193, 0.038486283272504807]</MIN_VALUE>
		<SIGNATURE_THRESHOLD_MD>0.0</SIGNATURE_THRESHOLD_MD>
		<SIGNATURE_THRESHOLD_ML>0.0</SIGNATURE_THRESHOLD_ML>
		<SIGNATURE_THRESHOLD_SAM>0.0</SIGNATURE_THRESHOLD_SAM>
	</signature>
	<signature ID="20200601_145929736538_552">
		<MACROCLASSID>1</MACROCLASSID>
		<MACROCLASSINFO>waterbody</MACROCLASSINFO>
		<CLASSID>13</CLASSID>
		<CLASSINFO>C 1</CLASSINFO>
		<VALUES>[0.15398033663757857, 0.010121856367845409, 0.141014699033838, 0.010947662165892135, 0.05190433015516967, 0.00955790827724023]</VALUES>
		<LCS_MIN>[0.13152338564395905, 0.1165168359875679, 0.036445919424295425]</LCS_MIN>
		<LCS_MAX>[0.18875588476657867, 0.17492890357971191, 0.08745492249727249]</LCS_MAX>
		<WAVELENGTH>[1.0, 2.0, 3.0]</WAVELENGTH>
		<MEAN_VALUE>[0.15398033663757857, 0.141014699033838, 0.05190433015516967]</MEAN_VALUE>
		<CHECKBOX>2</CHECKBOX>
		<SD>[0.010121856367845409, 0.010947662165892135, 0.00955790827724023]</SD>
		<WAVELENGTH_UNIT>band number</WAVELENGTH_UNIT>
		<COLOR>#3a80bd</COLOR>
		<COVARIANCE_MATRIX>[[0.00010257722169626504, 8.231530955526978e-05, 7.979467773111537e-05], [8.231530955526978e-05, 0.00011999782145721838, 8.197582792490721e-05], [7.979467773111537e-05, 8.197582792490721e-05, 9.146529191639274e-05]]</COVARIANCE_MATRIX>
		<ROI_SIZE>819</ROI_SIZE>
		<MAX_VALUE>[0.18875588476657867, 0.17492890357971191, 0.08745492249727249]</MAX_VALUE>
		<MIN_VALUE>[0.13152338564395905, 0.1165168359875679, 0.036445919424295425]</MIN_VALUE>
		<SIGNATURE_THRESHOLD_MD>0.0</SIGNATURE_THRESHOLD_MD>
		<SIGNATURE_THRESHOLD_ML>0.0</SIGNATURE_THRESHOLD_ML>
		<SIGNATURE_THRESHOLD_SAM>0.0</SIGNATURE_THRESHOLD_SAM>
	</signature>
	<signature ID="20200601_151113813240_206">
		<MACROCLASSID>1</MACROCLASSID>
		<MACROCLASSINFO>waterbody</MACROCLASSINFO>
		<CLASSID>14</CLASSID>
		<CLASSINFO>C 1</CLASSINFO>
		<VALUES>[0.12457204206004495, 0.01241374582958247, 0.11260162494163738, 0.01205061701180746, 0.043545516922768875, 0.0052162740275938785]</VALUES>
		<LCS_MIN>[0.09260530024766922, 0.08020664751529694, 0.02420375868678093]</LCS_MIN>
		<LCS_MAX>[0.14983779191970825, 0.13703998923301697, 0.07113204896450043]</LCS_MAX>
		<WAVELENGTH>[1.0, 2.0, 3.0]</WAVELENGTH>
		<MEAN_VALUE>[0.12457204206004495, 0.11260162494163738, 0.043545516922768875]</MEAN_VALUE>
		<CHECKBOX>2</CHECKBOX>
		<SD>[0.01241374582958247, 0.01205061701180746, 0.0052162740275938785]</SD>
		<WAVELENGTH_UNIT>band number</WAVELENGTH_UNIT>
		<COLOR>#758b34</COLOR>
		<COVARIANCE_MATRIX>[[0.00015416879614349455, 0.0001266343897441402, 2.500462142052129e-05], [0.0001266343897441402, 0.0001452811702620238, 2.7038737243856303e-05], [2.500462142052129e-05, 2.7038737243856303e-05, 2.7221469281357713e-05]]</COVARIANCE_MATRIX>
		<ROI_SIZE>2277</ROI_SIZE>
		<MAX_VALUE>[0.14983779191970825, 0.13703998923301697, 0.07113204896450043]</MAX_VALUE>
		<MIN_VALUE>[0.09260530024766922, 0.08020664751529694, 0.02420375868678093]</MIN_VALUE>
		<SIGNATURE_THRESHOLD_MD>0.0</SIGNATURE_THRESHOLD_MD>
		<SIGNATURE_THRESHOLD_ML>0.0</SIGNATURE_THRESHOLD_ML>
		<SIGNATURE_THRESHOLD_SAM>0.0</SIGNATURE_THRESHOLD_SAM>
	</signature>
	<signature ID="20200601_151145568012_327">
		<MACROCLASSID>2</MACROCLASSID>
		<MACROCLASSINFO>vegetation</MACROCLASSINFO>
		<CLASSID>15</CLASSID>
		<CLASSINFO>C 1</CLASSINFO>
		<VALUES>[0.06527176491033865, 0.005096574898711745, 0.05827443911285538, 0.004799582404304919, 0.22468705409647552, 0.01402225107612757]</VALUES>
		<LCS_MIN>[0.0536871999502182, 0.05021127685904503, 0.19763439893722534]</LCS_MIN>
		<LCS_MAX>[0.09489459544420242, 0.08652146905660629, 0.25476449728012085]</LCS_MAX>
		<WAVELENGTH>[1.0, 2.0, 3.0]</WAVELENGTH>
		<MEAN_VALUE>[0.06527176491033865, 0.05827443911285538, 0.22468705409647552]</MEAN_VALUE>
		<CHECKBOX>2</CHECKBOX>
		<SD>[0.005096574898711745, 0.004799582404304919, 0.01402225107612757]</SD>
		<WAVELENGTH_UNIT>band number</WAVELENGTH_UNIT>
		<COLOR>#281305</COLOR>
		<COVARIANCE_MATRIX>[[2.515040796424728e-05, 1.9336361219757237e-05, 7.624561476404779e-06], [1.9336361219757237e-05, 2.3127046006266028e-05, 4.272288151696557e-06], [7.624561476404779e-06, 4.272288151696557e-06, 0.00018477701814845204]]</COVARIANCE_MATRIX>
		<ROI_SIZE>8010</ROI_SIZE>
		<MAX_VALUE>[0.09489459544420242, 0.08652146905660629, 0.25476449728012085]</MAX_VALUE>
		<MIN_VALUE>[0.0536871999502182, 0.05021127685904503, 0.19763439893722534]</MIN_VALUE>
		<SIGNATURE_THRESHOLD_MD>0.0</SIGNATURE_THRESHOLD_MD>
		<SIGNATURE_THRESHOLD_ML>0.0</SIGNATURE_THRESHOLD_ML>
		<SIGNATURE_THRESHOLD_SAM>0.0</SIGNATURE_THRESHOLD_SAM>
	</signature>
	<signature ID="20200601_151259149322_382">
		<MACROCLASSID>2</MACROCLASSID>
		<MACROCLASSINFO>vegetation</MACROCLASSINFO>
		<CLASSID>16</CLASSID>
		<CLASSINFO>C 1</CLASSINFO>
		<VALUES>[0.09853940336197091, 0.010996944071771599, 0.09833404827013352, 0.012496035919954252, 0.2213401437589996, 0.015153309403785665]</VALUES>
		<LCS_MIN>[0.07658019661903381, 0.07547053694725037, 0.20171506702899933]</LCS_MIN>
		<LCS_MAX>[0.12923409044742584, 0.1307251751422882, 0.25884518027305603]</LCS_MAX>
		<WAVELENGTH>[1.0, 2.0, 3.0]</WAVELENGTH>
		<MEAN_VALUE>[0.09853940336197091, 0.09833404827013352, 0.2213401437589996]</MEAN_VALUE>
		<CHECKBOX>2</CHECKBOX>
		<SD>[0.010996944071771599, 0.012496035919954252, 0.015153309403785665]</SD>
		<WAVELENGTH_UNIT>band number</WAVELENGTH_UNIT>
		<COLOR>#05af6d</COLOR>
		<COVARIANCE_MATRIX>[[0.00012146552035119385, 0.0001111282836063765, -3.628739796113223e-05], [0.0001111282836063765, 0.00015683879610151052, -3.133183781756088e-05], [-3.628739796113223e-05, -3.133183781756088e-05, 0.00023063433764036745]]</COVARIANCE_MATRIX>
		<ROI_SIZE>228</ROI_SIZE>
		<MAX_VALUE>[0.12923409044742584, 0.1307251751422882, 0.25884518027305603]</MAX_VALUE>
		<MIN_VALUE>[0.07658019661903381, 0.07547053694725037, 0.20171506702899933]</MIN_VALUE>
		<SIGNATURE_THRESHOLD_MD>0.0</SIGNATURE_THRESHOLD_MD>
		<SIGNATURE_THRESHOLD_ML>0.0</SIGNATURE_THRESHOLD_ML>
		<SIGNATURE_THRESHOLD_SAM>0.0</SIGNATURE_THRESHOLD_SAM>
	</signature>
	<signature ID="20200601_151316694557_502">
		<MACROCLASSID>2</MACROCLASSID>
		<MACROCLASSINFO>vegetation</MACROCLASSINFO>
		<CLASSID>17</CLASSID>
		<CLASSINFO>C 1</CLASSINFO>
		<VALUES>[0.10909013056242067, 0.010316594908126836, 0.10015396276091947, 0.010654950701089622, 0.2753520455272473, 0.01675920597089249]</VALUES>
		<LCS_MIN>[0.07658019661903381, 0.07231313735246658, 0.2506837248802185]</LCS_MIN>
		<LCS_MAX>[0.12694478034973145, 0.12283165007829666, 0.3180156350135803]</LCS_MAX>
		<WAVELENGTH>[1.0, 2.0, 3.0]</WAVELENGTH>
		<MEAN_VALUE>[0.10909013056242067, 0.10015396276091947, 0.2753520455272473]</MEAN_VALUE>
		<CHECKBOX>2</CHECKBOX>
		<SD>[0.010316594908126836, 0.010654950701089622, 0.01675920597089249]</SD>
		<WAVELENGTH_UNIT>band number</WAVELENGTH_UNIT>
		<COLOR>#738c43</COLOR>
		<COVARIANCE_MATRIX>[[0.00010687012400012463, 9.592858259566128e-05, 2.990172288264148e-05], [9.592858259566128e-05, 0.00011399517097743228, 2.0493553165579215e-05], [2.990172288264148e-05, 2.0493553165579215e-05, 0.00028202682733535767]]</COVARIANCE_MATRIX>
		<ROI_SIZE>244</ROI_SIZE>
		<MAX_VALUE>[0.12694478034973145, 0.12283165007829666, 0.3180156350135803]</MAX_VALUE>
		<MIN_VALUE>[0.07658019661903381, 0.07231313735246658, 0.2506837248802185]</MIN_VALUE>
		<SIGNATURE_THRESHOLD_MD>0.0</SIGNATURE_THRESHOLD_MD>
		<SIGNATURE_THRESHOLD_ML>0.0</SIGNATURE_THRESHOLD_ML>
		<SIGNATURE_THRESHOLD_SAM>0.0</SIGNATURE_THRESHOLD_SAM>
	</signature>
	<signature ID="20200601_151350840513_852">
		<MACROCLASSID>2</MACROCLASSID>
		<MACROCLASSINFO>vegetation</MACROCLASSINFO>
		<CLASSID>18</CLASSID>
		<CLASSINFO>C 1</CLASSINFO>
		<VALUES>[0.07708612273740499, 0.008928511230265602, 0.07095248332422084, 0.008069956322153262, 0.22350525156239784, 0.010451716244133696]</VALUES>
		<LCS_MIN>[0.055976502597332, 0.05810479447245598, 0.19967477023601532]</LCS_MIN>
		<LCS_MAX>[0.09718389809131622, 0.09283628314733505, 0.2527241110801697]</LCS_MAX>
		<WAVELENGTH>[1.0, 2.0, 3.0]</WAVELENGTH>
		<MEAN_VALUE>[0.07708612273740499, 0.07095248332422084, 0.22350525156239784]</MEAN_VALUE>
		<CHECKBOX>2</CHECKBOX>
		<SD>[0.008928511230265602, 0.008069956322153262, 0.010451716244133696]</SD>
		<WAVELENGTH_UNIT>band number</WAVELENGTH_UNIT>
		<COLOR>#3cb068</COLOR>
		<COVARIANCE_MATRIX>[[8.016118954401463e-05, 6.104811473051086e-05, -1.3317074262886308e-05], [6.104811473051086e-05, 6.548599776579067e-05, -1.5890696886344813e-05], [-1.3317074262886308e-05, -1.5890696886344813e-05, 0.00010984525579260662]]</COVARIANCE_MATRIX>
		<ROI_SIZE>181</ROI_SIZE>
		<MAX_VALUE>[0.09718389809131622, 0.09283628314733505, 0.2527241110801697]</MAX_VALUE>
		<MIN_VALUE>[0.055976502597332, 0.05810479447245598, 0.19967477023601532]</MIN_VALUE>
		<SIGNATURE_THRESHOLD_MD>0.0</SIGNATURE_THRESHOLD_MD>
		<SIGNATURE_THRESHOLD_ML>0.0</SIGNATURE_THRESHOLD_ML>
		<SIGNATURE_THRESHOLD_SAM>0.0</SIGNATURE_THRESHOLD_SAM>
	</signature>
	<signature ID="20200601_151413854449_811">
		<MACROCLASSID>2</MACROCLASSID>
		<MACROCLASSINFO>vegetation</MACROCLASSINFO>
		<CLASSID>19</CLASSID>
		<CLASSINFO>C 1</CLASSINFO>
		<VALUES>[0.08569517800370688, 0.010000776220163385, 0.07686808221347508, 0.010340794402308326, 0.21590564073231372, 0.014046128418634776]</VALUES>
		<LCS_MIN>[0.06742300093173981, 0.05810479447245598, 0.18539223074913025]</LCS_MIN>
		<LCS_MAX>[0.10863039642572403, 0.09915108978748322, 0.24252229928970337]</LCS_MAX>
		<WAVELENGTH>[1.0, 2.0, 3.0]</WAVELENGTH>
		<MEAN_VALUE>[0.08569517800370688, 0.07686808221347508, 0.21590564073231372]</MEAN_VALUE>
		<CHECKBOX>2</CHECKBOX>
		<SD>[0.010000776220163385, 0.010340794402308326, 0.014046128418634776]</SD>
		<WAVELENGTH_UNIT>band number</WAVELENGTH_UNIT>
		<COLOR>#7b2c02</COLOR>
		<COVARIANCE_MATRIX>[[0.00010022089554695413, 9.360340482089669e-05, 1.3922785910835955e-05], [9.360340482089669e-05, 0.00010715160169638693, 5.969179255771451e-06], [1.3922785910835955e-05, 5.969179255771451e-06, 0.00019769884238485247]]</COVARIANCE_MATRIX>
		<ROI_SIZE>488</ROI_SIZE>
		<MAX_VALUE>[0.10863039642572403, 0.09915108978748322, 0.24252229928970337]</MAX_VALUE>
		<MIN_VALUE>[0.06742300093173981, 0.05810479447245598, 0.18539223074913025]</MIN_VALUE>
		<SIGNATURE_THRESHOLD_MD>0.0</SIGNATURE_THRESHOLD_MD>
		<SIGNATURE_THRESHOLD_ML>0.0</SIGNATURE_THRESHOLD_ML>
		<SIGNATURE_THRESHOLD_SAM>0.0</SIGNATURE_THRESHOLD_SAM>
	</signature>
	<signature ID="20200601_151553388001_766">
		<MACROCLASSID>2</MACROCLASSID>
		<MACROCLASSINFO>vegetation</MACROCLASSINFO>
		<CLASSID>20</CLASSID>
		<CLASSINFO>C 1</CLASSINFO>
		<VALUES>[0.06948884999352774, 0.005775062062855557, 0.06687755826771546, 0.006837054756838376, 0.2141173675299832, 0.013984953441514467]</VALUES>
		<LCS_MIN>[0.0536871999502182, 0.05178998410701752, 0.19559404253959656]</LCS_MIN>
		<LCS_MAX>[0.08802670240402222, 0.08652146905660629, 0.2527241110801697]</LCS_MAX>
		<WAVELENGTH>[1.0, 2.0, 3.0]</WAVELENGTH>
		<MEAN_VALUE>[0.06948884999352774, 0.06687755826771546, 0.2141173675299832]</MEAN_VALUE>
		<CHECKBOX>2</CHECKBOX>
		<SD>[0.005775062062855557, 0.006837054756838376, 0.013984953441514467]</SD>
		<WAVELENGTH_UNIT>band number</WAVELENGTH_UNIT>
		<COLOR>#c68f49</COLOR>
		<COVARIANCE_MATRIX>[[3.3383286790922284e-05, 3.0999806767795235e-05, -3.2482000733580207e-06], [3.0999806767795235e-05, 4.679009362007491e-05, -1.9887271264451556e-05], [-3.2482000733580207e-06, -1.9887271264451556e-05, 0.00019576626073103398]]</COVARIANCE_MATRIX>
		<ROI_SIZE>1045</ROI_SIZE>
		<MAX_VALUE>[0.08802670240402222, 0.08652146905660629, 0.2527241110801697]</MAX_VALUE>
		<MIN_VALUE>[0.0536871999502182, 0.05178998410701752, 0.19559404253959656]</MIN_VALUE>
		<SIGNATURE_THRESHOLD_MD>0.0</SIGNATURE_THRESHOLD_MD>
		<SIGNATURE_THRESHOLD_ML>0.0</SIGNATURE_THRESHOLD_ML>
		<SIGNATURE_THRESHOLD_SAM>0.0</SIGNATURE_THRESHOLD_SAM>
	</signature>
	<signature ID="20200601_151616177975_406">
		<MACROCLASSID>2</MACROCLASSID>
		<MACROCLASSINFO>vegetation</MACROCLASSINFO>
		<CLASSID>21</CLASSID>
		<CLASSINFO>C 1</CLASSINFO>
		<VALUES>[0.07701403317489713, 0.009763420134096952, 0.0724189941589409, 0.01064380628505294, 0.2719023139066665, 0.019156844284170596]</VALUES>
		<LCS_MIN>[0.058265797793865204, 0.053368691354990005, 0.24456268548965454]</LCS_MIN>
		<LCS_MAX>[0.11320898681879044, 0.11493813991546631, 0.3220963776111603]</LCS_MAX>
		<WAVELENGTH>[1.0, 2.0, 3.0]</WAVELENGTH>
		<MEAN_VALUE>[0.07701403317489713, 0.0724189941589409, 0.2719023139066665]</MEAN_VALUE>
		<CHECKBOX>2</CHECKBOX>
		<SD>[0.009763420134096952, 0.01064380628505294, 0.019156844284170596]</SD>
		<WAVELENGTH_UNIT>band number</WAVELENGTH_UNIT>
		<COLOR>#149f4e</COLOR>
		<COVARIANCE_MATRIX>[[9.56030999077484e-05, 9.011686779558659e-05, 2.331452014914248e-05], [9.011686779558659e-05, 0.00011362187069607899, -7.646507924619073e-07], [2.331452014914248e-05, -7.646507924619073e-07, 0.0003680577501654625]]</COVARIANCE_MATRIX>
		<ROI_SIZE>343</ROI_SIZE>
		<MAX_VALUE>[0.11320898681879044, 0.11493813991546631, 0.3220963776111603]</MAX_VALUE>
		<MIN_VALUE>[0.058265797793865204, 0.053368691354990005, 0.24456268548965454]</MIN_VALUE>
		<SIGNATURE_THRESHOLD_MD>0.0</SIGNATURE_THRESHOLD_MD>
		<SIGNATURE_THRESHOLD_ML>0.0</SIGNATURE_THRESHOLD_ML>
		<SIGNATURE_THRESHOLD_SAM>0.0</SIGNATURE_THRESHOLD_SAM>
	</signature>
	<signature ID="20200601_152207369138_960">
		<MACROCLASSID>2</MACROCLASSID>
		<MACROCLASSINFO>vegetation</MACROCLASSINFO>
		<CLASSID>22</CLASSID>
		<CLASSINFO>C 1</CLASSINFO>
		<VALUES>[0.07590653156427289, 0.009737215298587665, 0.07827601629371939, 0.011629563754611244, 0.1801731749573948, 0.016089711115888708]</VALUES>
		<LCS_MIN>[0.0536871999502182, 0.05021127685904503, 0.1445850133895874]</LCS_MIN>
		<LCS_MAX>[0.11091970652341843, 0.11020204424858093, 0.22211872041225433]</LCS_MAX>
		<WAVELENGTH>[1.0, 2.0, 3.0]</WAVELENGTH>
		<MEAN_VALUE>[0.07590653156427289, 0.07827601629371939, 0.1801731749573948]</MEAN_VALUE>
		<CHECKBOX>2</CHECKBOX>
		<SD>[0.009737215298587665, 0.011629563754611244, 0.016089711115888708]</SD>
		<WAVELENGTH_UNIT>band number</WAVELENGTH_UNIT>
		<COLOR>#5e607b</COLOR>
		<COVARIANCE_MATRIX>[[8.184928447008133e-05, 8.830377191770822e-05, -1.4436284800467547e-05], [8.830377191770822e-05, 0.00012085399066563696, -4.311377415433526e-05], [-1.4436284800467547e-05, -4.311377415433526e-05, 0.00023401800717692822]]</COVARIANCE_MATRIX>
		<ROI_SIZE>9014</ROI_SIZE>
		<MAX_VALUE>[0.11091970652341843, 0.11020204424858093, 0.22211872041225433]</MAX_VALUE>
		<MIN_VALUE>[0.0536871999502182, 0.05021127685904503, 0.1445850133895874]</MIN_VALUE>
		<SIGNATURE_THRESHOLD_MD>0.0</SIGNATURE_THRESHOLD_MD>
		<SIGNATURE_THRESHOLD_ML>0.0</SIGNATURE_THRESHOLD_ML>
		<SIGNATURE_THRESHOLD_SAM>0.0</SIGNATURE_THRESHOLD_SAM>
	</signature>
	<signature ID="20200601_152256279356_379">
		<MACROCLASSID>2</MACROCLASSID>
		<MACROCLASSINFO>vegetation</MACROCLASSINFO>
		<CLASSID>23</CLASSID>
		<CLASSINFO>C 1</CLASSINFO>
		<VALUES>[0.06615314527285139, 0.01095382884253853, 0.060345637967092684, 0.010836098258734774, 0.21885941320831323, 0.017712424623649203]</VALUES>
		<LCS_MIN>[0.04681931436061859, 0.04231775924563408, 0.18743260204792023]</LCS_MIN>
		<LCS_MAX>[0.11091970652341843, 0.11178073287010193, 0.26496630907058716]</LCS_MAX>
		<WAVELENGTH>[1.0, 2.0, 3.0]</WAVELENGTH>
		<MEAN_VALUE>[0.06615314527285139, 0.060345637967092684, 0.21885941320831323]</MEAN_VALUE>
		<CHECKBOX>2</CHECKBOX>
		<SD>[0.01095382884253853, 0.010836098258734774, 0.017712424623649203]</SD>
		<WAVELENGTH_UNIT>band number</WAVELENGTH_UNIT>
		<COLOR>#f5b1dd</COLOR>
		<COVARIANCE_MATRIX>[[0.00012006407632725313, 0.00010926047252723947, 7.176520739449188e-05], [0.00010926047252723947, 0.00011749707482522354, 6.099091115174815e-05], [7.176520739449188e-05, 6.099091115174815e-05, 0.0003139331820420921]]</COVARIANCE_MATRIX>
		<ROI_SIZE>1545</ROI_SIZE>
		<MAX_VALUE>[0.11091970652341843, 0.11178073287010193, 0.26496630907058716]</MAX_VALUE>
		<MIN_VALUE>[0.04681931436061859, 0.04231775924563408, 0.18743260204792023]</MIN_VALUE>
		<SIGNATURE_THRESHOLD_MD>0.0</SIGNATURE_THRESHOLD_MD>
		<SIGNATURE_THRESHOLD_ML>0.0</SIGNATURE_THRESHOLD_ML>
		<SIGNATURE_THRESHOLD_SAM>0.0</SIGNATURE_THRESHOLD_SAM>
	</signature>
	<signature ID="20200601_152307305222_352">
		<MACROCLASSID>2</MACROCLASSID>
		<MACROCLASSINFO>vegetation</MACROCLASSINFO>
		<CLASSID>24</CLASSID>
		<CLASSINFO>C 1</CLASSINFO>
		<VALUES>[0.06256275445410889, 0.005860670033042943, 0.057359437496410204, 0.0067129229629117534, 0.24488878641845546, 0.01952293895703747]</VALUES>
		<LCS_MIN>[0.04681931436061859, 0.047053877264261246, 0.21395725011825562]</LCS_MIN>
		<LCS_MAX>[0.08344809710979462, 0.09757239371538162, 0.29149097204208374]</LCS_MAX>
		<WAVELENGTH>[1.0, 2.0, 3.0]</WAVELENGTH>
		<MEAN_VALUE>[0.06256275445410889, 0.057359437496410204, 0.24488878641845546]</MEAN_VALUE>
		<CHECKBOX>2</CHECKBOX>
		<SD>[0.005860670033042943, 0.0067129229629117534, 0.01952293895703747]</SD>
		<WAVELENGTH_UNIT>band number</WAVELENGTH_UNIT>
		<COLOR>#8c6988</COLOR>
		<COVARIANCE_MATRIX>[[3.4383607271593064e-05, 3.0578405130654573e-05, 4.231776256347075e-05], [3.0578405130654573e-05, 4.5110769860912114e-05, 2.6782006898429245e-05], [4.231776256347075e-05, 2.6782006898429245e-05, 0.0003815463569480926]]</COVARIANCE_MATRIX>
		<ROI_SIZE>951</ROI_SIZE>
		<MAX_VALUE>[0.08344809710979462, 0.09757239371538162, 0.29149097204208374]</MAX_VALUE>
		<MIN_VALUE>[0.04681931436061859, 0.047053877264261246, 0.21395725011825562]</MIN_VALUE>
		<SIGNATURE_THRESHOLD_MD>0.0</SIGNATURE_THRESHOLD_MD>
		<SIGNATURE_THRESHOLD_ML>0.0</SIGNATURE_THRESHOLD_ML>
		<SIGNATURE_THRESHOLD_SAM>0.0</SIGNATURE_THRESHOLD_SAM>
	</signature>
	<signature ID="20200601_152357104369_631">
		<MACROCLASSID>2</MACROCLASSID>
		<MACROCLASSINFO>vegetation</MACROCLASSINFO>
		<CLASSID>25</CLASSID>
		<CLASSINFO>C 1</CLASSINFO>
		<VALUES>[0.09655236750841142, 0.005400651743051366, 0.08647791738140169, 0.009390109655962453, 0.2700179273712224, 0.02210832320012796]</VALUES>
		<LCS_MIN>[0.08573739975690842, 0.07389183342456818, 0.22823978960514069]</LCS_MIN>
		<LCS_MAX>[0.11549828201532364, 0.12125294655561447, 0.30577346682548523]</LCS_MAX>
		<WAVELENGTH>[1.0, 2.0, 3.0]</WAVELENGTH>
		<MEAN_VALUE>[0.09655236750841142, 0.08647791738140169, 0.2700179273712224]</MEAN_VALUE>
		<CHECKBOX>2</CHECKBOX>
		<SD>[0.005400651743051366, 0.009390109655962453, 0.02210832320012796]</SD>
		<WAVELENGTH_UNIT>band number</WAVELENGTH_UNIT>
		<COLOR>#f18741</COLOR>
		<COVARIANCE_MATRIX>[[2.936958844657056e-05, 3.872377419611439e-05, -6.607404066016898e-05], [3.872377419611439e-05, 8.878648077370599e-05, -0.00013848817616235465], [-6.607404066016898e-05, -0.00013848817616235465, 0.0004921722575090826]]</COVARIANCE_MATRIX>
		<ROI_SIZE>145</ROI_SIZE>
		<MAX_VALUE>[0.11549828201532364, 0.12125294655561447, 0.30577346682548523]</MAX_VALUE>
		<MIN_VALUE>[0.08573739975690842, 0.07389183342456818, 0.22823978960514069]</MIN_VALUE>
		<SIGNATURE_THRESHOLD_MD>0.0</SIGNATURE_THRESHOLD_MD>
		<SIGNATURE_THRESHOLD_ML>0.0</SIGNATURE_THRESHOLD_ML>
		<SIGNATURE_THRESHOLD_SAM>0.0</SIGNATURE_THRESHOLD_SAM>
	</signature>
	<signature ID="20200601_152445828447_672">
		<MACROCLASSID>2</MACROCLASSID>
		<MACROCLASSINFO>vegetation</MACROCLASSINFO>
		<CLASSID>26</CLASSID>
		<CLASSINFO>C 1</CLASSINFO>
		<VALUES>[0.08810749772716973, 0.009966134780509187, 0.08440414750400713, 0.012436745911471486, 0.21285306986640487, 0.012470290812566882]</VALUES>
		<LCS_MIN>[0.0697123110294342, 0.061262208968400955, 0.19559404253959656]</LCS_MIN>
		<LCS_MAX>[0.11091970652341843, 0.11493813991546631, 0.24456268548965454]</LCS_MAX>
		<WAVELENGTH>[1.0, 2.0, 3.0]</WAVELENGTH>
		<MEAN_VALUE>[0.08810749772716973, 0.08440414750400713, 0.21285306986640487]</MEAN_VALUE>
		<CHECKBOX>2</CHECKBOX>
		<SD>[0.009966134780509187, 0.012436745911471486, 0.012470290812566882]</SD>
		<WAVELENGTH_UNIT>band number</WAVELENGTH_UNIT>
		<COLOR>#029568</COLOR>
		<COVARIANCE_MATRIX>[[0.00010050626588054001, 0.00011569608614081517, -5.1368228923820425e-06], [0.00011569608614081517, 0.00015651398280169815, -2.9093464036122896e-05], [-5.1368228923820425e-06, -2.9093464036122896e-05, 0.00015735943452455103]]</COVARIANCE_MATRIX>
		<ROI_SIZE>85</ROI_SIZE>
		<MAX_VALUE>[0.11091970652341843, 0.11493813991546631, 0.24456268548965454]</MAX_VALUE>
		<MIN_VALUE>[0.0697123110294342, 0.061262208968400955, 0.19559404253959656]</MIN_VALUE>
		<SIGNATURE_THRESHOLD_MD>0.0</SIGNATURE_THRESHOLD_MD>
		<SIGNATURE_THRESHOLD_ML>0.0</SIGNATURE_THRESHOLD_ML>
		<SIGNATURE_THRESHOLD_SAM>0.0</SIGNATURE_THRESHOLD_SAM>
	</signature>
	<signature ID="20200601_152535522833_312">
		<MACROCLASSID>2</MACROCLASSID>
		<MACROCLASSINFO>vegetation</MACROCLASSINFO>
		<CLASSID>27</CLASSID>
		<CLASSINFO>C 1</CLASSINFO>
		<VALUES>[0.07787278896733513, 0.00830240104397166, 0.08007407498153787, 0.010740451990163137, 0.20744002336650588, 0.014428269735271728]</VALUES>
		<LCS_MIN>[0.0605551078915596, 0.05810479447245598, 0.18539223074913025]</LCS_MIN>
		<LCS_MAX>[0.10176250338554382, 0.10388721525669098, 0.24252229928970337]</LCS_MAX>
		<WAVELENGTH>[1.0, 2.0, 3.0]</WAVELENGTH>
		<MEAN_VALUE>[0.07787278896733513, 0.08007407498153787, 0.20744002336650588]</MEAN_VALUE>
		<CHECKBOX>2</CHECKBOX>
		<SD>[0.00830240104397166, 0.010740451990163137, 0.014428269735271728]</SD>
		<WAVELENGTH_UNIT>band number</WAVELENGTH_UNIT>
		<COLOR>#89358e</COLOR>
		<COVARIANCE_MATRIX>[[6.944123015273362e-05, 7.763791654724628e-05, -1.4302395356935449e-05], [7.763791654724628e-05, 0.00011437421198934317, -3.38345198542811e-05], [-1.4302395356935449e-05, -3.38345198542811e-05, 0.00020690531528089195]]</COVARIANCE_MATRIX>
		<ROI_SIZE>3048</ROI_SIZE>
		<MAX_VALUE>[0.10176250338554382, 0.10388721525669098, 0.24252229928970337]</MAX_VALUE>
		<MIN_VALUE>[0.0605551078915596, 0.05810479447245598, 0.18539223074913025]</MIN_VALUE>
		<SIGNATURE_THRESHOLD_MD>0.0</SIGNATURE_THRESHOLD_MD>
		<SIGNATURE_THRESHOLD_ML>0.0</SIGNATURE_THRESHOLD_ML>
		<SIGNATURE_THRESHOLD_SAM>0.0</SIGNATURE_THRESHOLD_SAM>
	</signature>
	<signature ID="20200601_152729492670_297">
		<MACROCLASSID>3</MACROCLASSID>
		<MACROCLASSINFO>bare land</MACROCLASSINFO>
		<CLASSID>28</CLASSID>
		<CLASSINFO>C 1</CLASSINFO>
		<VALUES>[0.10011652081827561, 0.006343465618901533, 0.11427867723793922, 0.008737317544153208, 0.1492520198320284, 0.011789069653366005]</VALUES>
		<LCS_MIN>[0.08115880191326141, 0.09125757217407227, 0.11601997911930084]</LCS_MIN>
		<LCS_MAX>[0.11778757721185684, 0.13703998923301697, 0.1690693348646164]</LCS_MAX>
		<WAVELENGTH>[1.0, 2.0, 3.0]</WAVELENGTH>
		<MEAN_VALUE>[0.10011652081827561, 0.11427867723793922, 0.1492520198320284]</MEAN_VALUE>
		<CHECKBOX>2</CHECKBOX>
		<SD>[0.006343465618901533, 0.008737317544153208, 0.011789069653366005]</SD>
		<WAVELENGTH_UNIT>band number</WAVELENGTH_UNIT>
		<COLOR>#41e5fa</COLOR>
		<COVARIANCE_MATRIX>[[4.029055708087981e-05, 3.91907524317503e-05, 2.6771506327349925e-06], [3.91907524317503e-05, 7.643747085239738e-05, -3.1399544241139665e-05], [2.6771506327349925e-06, -3.1399544241139665e-05, 0.00013915830641053617]]</COVARIANCE_MATRIX>
		<ROI_SIZE>790</ROI_SIZE>
		<MAX_VALUE>[0.11778757721185684, 0.13703998923301697, 0.1690693348646164]</MAX_VALUE>
		<MIN_VALUE>[0.08115880191326141, 0.09125757217407227, 0.11601997911930084]</MIN_VALUE>
		<SIGNATURE_THRESHOLD_MD>0.0</SIGNATURE_THRESHOLD_MD>
		<SIGNATURE_THRESHOLD_ML>0.0</SIGNATURE_THRESHOLD_ML>
		<SIGNATURE_THRESHOLD_SAM>0.0</SIGNATURE_THRESHOLD_SAM>
	</signature>
	<signature ID="20200601_152738694377_194">
		<MACROCLASSID>3</MACROCLASSID>
		<MACROCLASSINFO>bare land</MACROCLASSINFO>
		<CLASSID>29</CLASSID>
		<CLASSINFO>C 1</CLASSINFO>
		<VALUES>[0.10772362672589691, 0.006601086204769355, 0.1182100475102726, 0.009176104208431578, 0.1432310754103668, 0.012646562912813282]</VALUES>
		<LCS_MIN>[0.08344809710979462, 0.08810016512870789, 0.1098988875746727]</LCS_MIN>
		<LCS_MAX>[0.13381268084049225, 0.14335480332374573, 0.1670289933681488]</LCS_MAX>
		<WAVELENGTH>[1.0, 2.0, 3.0]</WAVELENGTH>
		<MEAN_VALUE>[0.10772362672589691, 0.1182100475102726, 0.1432310754103668]</MEAN_VALUE>
