<?xml version="1.0" ?>
<signaturelist MCID_LIST="[['1', 'waterbody', '#0000ff'], ['2', 'vegetation', '#00ff00'], ['3', 'bareland', '#ffaa00'], ['4', 'built-up', '#ff0000']]">
	<signature ID="20200826_103527703603_997">
		<MACROCLASSID>1</MACROCLASSID>
		<MACROCLASSINFO>waterbody</MACROCLASSINFO>
		<CLASSID>1</CLASSID>
		<CLASSINFO>C 1</CLASSINFO>
		<VALUES>[0.11822697976818061, 0.017911870741445724, 0.08932684099834245, 0.01300920606179383, 0.05965038273074185, 0.011098810732506199, 0.036052357923026065, 0.013964251824699401]</VALUES>
		<LCS_MIN>[0.061085283756256104, 0.049058374017477036, 0.041305940598249435, 0.018240999430418015]</LCS_MIN>
		<LCS_MAX>[0.14653097093105316, 0.13186971843242645, 0.12017092108726501, 0.102628193795681]</LCS_MAX>
		<WAVELENGTH>[0.55, 0.65, 0.75, 0.95]</WAVELENGTH>
		<MEAN_VALUE>[0.11822697976818061, 0.08932684099834245, 0.05965038273074185, 0.036052357923026065]</MEAN_VALUE>
		<CHECKBOX>2</CHECKBOX>
		<SD>[0.017911870741445724, 0.01300920606179383, 0.011098810732506199, 0.013964251824699401]</SD>
		<WAVELENGTH_UNIT>E-6m</WAVELENGTH_UNIT>
		<COLOR>#1e43ca</COLOR>
		<COVARIANCE_MATRIX>[[0.00032452717818036176, 0.00021756315704074585, -4.079113356250731e-05, -0.00013020333650888547], [0.00021756315704074585, 0.00016654266803534763, -1.1275018977155935e-05, -7.819900385695634e-05], [-4.079113356250731e-05, -1.1275018977155935e-05, 0.00012171147420921875, 0.00013725057025124762], [-0.00013020333650888547, -7.819900385695634e-05, 0.00013725057025124762, 0.0002034154154086586]]</COVARIANCE_MATRIX>
		<ROI_SIZE>7359</ROI_SIZE>
		<MAX_VALUE>[0.14653097093105316, 0.13186971843242645, 0.12017092108726501, 0.102628193795681]</MAX_VALUE>
		<MIN_VALUE>[0.061085283756256104, 0.049058374017477036, 0.041305940598249435, 0.018240999430418015]</MIN_VALUE>
		<SIGNATURE_THRESHOLD_MD>0</SIGNATURE_THRESHOLD_MD>
		<SIGNATURE_THRESHOLD_ML>0</SIGNATURE_THRESHOLD_ML>
		<SIGNATURE_THRESHOLD_SAM>0</SIGNATURE_THRESHOLD_SAM>
	</signature>
	<signature ID="20200826_103544911216_982">
		<MACROCLASSID>1</MACROCLASSID>
		<MACROCLASSINFO>waterbody</MACROCLASSINFO>
		<CLASSID>2</CLASSID>
		<CLASSINFO>C 1</CLASSINFO>
		<VALUES>[0.15475924088331067, 0.013171379098808568, 0.12771231044671055, 0.012889452280102659, 0.08186872559310211, 0.009188829451937096, 0.042201505272090226, 0.007946949130957148]</VALUES>
		<LCS_MIN>[0.09341607987880707, 0.06976120918989182, 0.05976370349526405, 0.02647389844059944]</LCS_MIN>
		<LCS_MAX>[0.20657390356063843, 0.16849783062934875, 0.14534059166908264, 0.1005699634552002]</LCS_MAX>
		<WAVELENGTH>[0.55, 0.65, 0.75, 0.95]</WAVELENGTH>
		<MEAN_VALUE>[0.15475924088331067, 0.12771231044671055, 0.08186872559310211, 0.042201505272090226]</MEAN_VALUE>
		<CHECKBOX>2</CHECKBOX>
		<SD>[0.013171379098808568, 0.012889452280102659, 0.009188829451937096, 0.007946949130957148]</SD>
		<WAVELENGTH_UNIT>E-6m</WAVELENGTH_UNIT>
		<COLOR>#963579</COLOR>
		<COVARIANCE_MATRIX>[[0.000153256040963571, 0.00011884626696574974, 2.7085795373749606e-05, -2.7789088334434895e-05], [0.00011884626696574974, 0.00013088271412928581, 3.6220783511666356e-05, -2.599079237021469e-05], [2.7085795373749606e-05, 3.6220783511666356e-05, 8.242674913324715e-05, 2.9684616471283044e-05], [-2.7789088334434895e-05, -2.599079237021469e-05, 2.9684616471283044e-05, 5.692220288570351e-05]]</COVARIANCE_MATRIX>
		<ROI_SIZE>8718</ROI_SIZE>
		<MAX_VALUE>[0.20657390356063843, 0.16849783062934875, 0.14534059166908264, 0.1005699634552002]</MAX_VALUE>
		<MIN_VALUE>[0.09341607987880707, 0.06976120918989182, 0.05976370349526405, 0.02647389844059944]</MIN_VALUE>
		<SIGNATURE_THRESHOLD_MD>0</SIGNATURE_THRESHOLD_MD>
		<SIGNATURE_THRESHOLD_ML>0</SIGNATURE_THRESHOLD_ML>
		<SIGNATURE_THRESHOLD_SAM>0</SIGNATURE_THRESHOLD_SAM>
	</signature>
	<signature ID="20200826_103554145416_544">
		<MACROCLASSID>1</MACROCLASSID>
		<MACROCLASSINFO>waterbody</MACROCLASSINFO>
		<CLASSID>3</CLASSID>
		<CLASSINFO>C 1</CLASSINFO>
		<VALUES>[0.09449493461040066, 0.017658423311880004, 0.07548918223286263, 0.009935007837068386, 0.058788708403513065, 0.013529069213959499, 0.03828334469901118, 0.012302199460788551]</VALUES>
		<LCS_MIN>[0.04030119627714157, 0.05702100321650505, 0.03794998303055763, 0.016182774677872658]</LCS_MIN>
		<LCS_MAX>[0.1765524297952652, 0.1270921379327774, 0.12017092108726501, 0.1005699634552002]</LCS_MAX>
		<WAVELENGTH>[0.55, 0.65, 0.75, 0.95]</WAVELENGTH>
		<MEAN_VALUE>[0.09449493461040066, 0.07548918223286263, 0.058788708403513065, 0.03828334469901118]</MEAN_VALUE>
		<CHECKBOX>2</CHECKBOX>
		<SD>[0.017658423311880004, 0.009935007837068386, 0.013529069213959499, 0.012302199460788551]</SD>
		<WAVELENGTH_UNIT>E-6m</WAVELENGTH_UNIT>
		<COLOR>#9962d8</COLOR>
		<COVARIANCE_MATRIX>[[0.00031325913616846136, 0.0001435203633674022, 1.427168407904319e-05, -2.24371409280325e-05], [0.0001435203633674022, 0.00011042938881384387, 2.521216944073683e-05, -4.365363686008548e-06], [1.427168407904319e-05, 2.521216944073683e-05, 0.00014754402882491676, 0.00010439276152811466], [-2.24371409280325e-05, -4.365363686008548e-06, 0.00010439276152811466, 0.00014731114227469022]]</COVARIANCE_MATRIX>
		<ROI_SIZE>4876</ROI_SIZE>
		<MAX_VALUE>[0.1765524297952652, 0.1270921379327774, 0.12017092108726501, 0.1005699634552002]</MAX_VALUE>
		<MIN_VALUE>[0.04030119627714157, 0.05702100321650505, 0.03794998303055763, 0.016182774677872658]</MIN_VALUE>
		<SIGNATURE_THRESHOLD_MD>0</SIGNATURE_THRESHOLD_MD>
		<SIGNATURE_THRESHOLD_ML>0</SIGNATURE_THRESHOLD_ML>
		<SIGNATURE_THRESHOLD_SAM>0</SIGNATURE_THRESHOLD_SAM>
	</signature>
	<signature ID="20200826_103614153216_820">
		<MACROCLASSID>1</MACROCLASSID>
		<MACROCLASSINFO>waterbody</MACROCLASSINFO>
		<CLASSID>4</CLASSID>
		<CLASSINFO>C 1</CLASSINFO>
		<VALUES>[0.15729330744898234, 0.013657590577801469, 0.12494509833276381, 0.013759537205842463, 0.08063304139269385, 0.010301486106109158, 0.045252945321475904, 0.013490188209541582]</VALUES>
		<LCS_MIN>[0.095725417137146, 0.07453878223896027, 0.05472976341843605, 0.024415671825408936]</LCS_MIN>
		<LCS_MAX>[0.1857897937297821, 0.15098004043102264, 0.13023878633975983, 0.11086107790470123]</LCS_MAX>
		<WAVELENGTH>[0.55, 0.65, 0.75, 0.95]</WAVELENGTH>
		<MEAN_VALUE>[0.15729330744898234, 0.12494509833276381, 0.08063304139269385, 0.045252945321475904]</MEAN_VALUE>
		<CHECKBOX>2</CHECKBOX>
		<SD>[0.013657590577801469, 0.013759537205842463, 0.010301486106109158, 0.013490188209541582]</SD>
		<WAVELENGTH_UNIT>E-6m</WAVELENGTH_UNIT>
		<COLOR>#146028</COLOR>
		<COVARIANCE_MATRIX>[[0.00014828850385887915, 0.00014153422174719286, 3.694706790224031e-06, -6.818291698146569e-05], [0.00014153422174719286, 0.00016335539218638003, 1.6221257393417587e-05, -6.447717970416736e-05], [3.694706790224031e-06, 1.6221257393417587e-05, 0.00011293984365351879, 0.00011443771712628888], [-6.818291698146569e-05, -6.447717970416736e-05, 0.00011443771712628888, 0.00018359180861796633]]</COVARIANCE_MATRIX>
		<ROI_SIZE>9077</ROI_SIZE>
		<MAX_VALUE>[0.1857897937297821, 0.15098004043102264, 0.13023878633975983, 0.11086107790470123]</MAX_VALUE>
		<MIN_VALUE>[0.095725417137146, 0.07453878223896027, 0.05472976341843605, 0.024415671825408936]</MIN_VALUE>
		<SIGNATURE_THRESHOLD_MD>0</SIGNATURE_THRESHOLD_MD>
		<SIGNATURE_THRESHOLD_ML>0</SIGNATURE_THRESHOLD_ML>
		<SIGNATURE_THRESHOLD_SAM>0</SIGNATURE_THRESHOLD_SAM>
	</signature>
	<signature ID="20200826_103622544387_447">
		<MACROCLASSID>1</MACROCLASSID>
		<MACROCLASSINFO>waterbody</MACROCLASSINFO>
		<CLASSID>5</CLASSID>
		<CLASSINFO>C 1</CLASSINFO>
		<VALUES>[0.1540867425526068, 0.007636935258364758, 0.12094772993959427, 0.01265510728457516, 0.0708498884254553, 0.010388190101954518, 0.03455992304796354, 0.005229231625599599]</VALUES>
		<LCS_MIN>[0.09110673516988754, 0.09205656498670578, 0.04969583451747894, 0.016182774677872658]</LCS_MIN>
		<LCS_MAX>[0.20888324081897736, 0.14142486453056335, 0.12352687865495682, 0.1005699634552002]</LCS_MAX>
		<WAVELENGTH>[0.55, 0.65, 0.75, 0.95]</WAVELENGTH>
		<MEAN_VALUE>[0.1540867425526068, 0.12094772993959427, 0.0708498884254553, 0.03455992304796354]</MEAN_VALUE>
		<CHECKBOX>2</CHECKBOX>
		<SD>[0.007636935258364758, 0.01265510728457516, 0.010388190101954518, 0.005229231625599599]</SD>
		<WAVELENGTH_UNIT>E-6m</WAVELENGTH_UNIT>
		<COLOR>#beecea</COLOR>
		<COVARIANCE_MATRIX>[[7.366136308250133e-05, 7.199701946178209e-05, 5.36964378758233e-05, 1.705469089858276e-05], [7.199701946178209e-05, 0.00015991924938762065, 0.00011795242942193867, 3.769859260627832e-05], [5.36964378758233e-05, 0.00011795242942193867, 0.00010441795070842958, 3.468894089215489e-05], [1.705469089858276e-05, 3.769859260627832e-05, 3.468894089215489e-05, 2.4891855930317114e-05]]</COVARIANCE_MATRIX>
		<ROI_SIZE>9965</ROI_SIZE>
		<MAX_VALUE>[0.20888324081897736, 0.14142486453056335, 0.12352687865495682, 0.1005699634552002]</MAX_VALUE>
		<MIN_VALUE>[0.09110673516988754, 0.09205656498670578, 0.04969583451747894, 0.016182774677872658]</MIN_VALUE>
		<SIGNATURE_THRESHOLD_MD>0</SIGNATURE_THRESHOLD_MD>
		<SIGNATURE_THRESHOLD_ML>0</SIGNATURE_THRESHOLD_ML>
		<SIGNATURE_THRESHOLD_SAM>0</SIGNATURE_THRESHOLD_SAM>
	</signature>
	<signature ID="20200826_103656653667_165">
		<MACROCLASSID>1</MACROCLASSID>
		<MACROCLASSINFO>waterbody</MACROCLASSINFO>
		<CLASSID>6</CLASSID>
		<CLASSINFO>C 1</CLASSINFO>
		<VALUES>[0.08190773180391611, 0.005043456711586274, 0.05275899474697745, 0.002357030183751206, 0.04053528082626473, 0.0067988784133571935, 0.02726699698624327, 0.008057730265671376]</VALUES>
		<LCS_MIN>[0.056466590613126755, 0.042688269168138504, 0.031238069757819176, 0.016182774677872658]</LCS_MIN>
		<LCS_MAX>[0.09803476929664612, 0.07931636273860931, 0.101713165640831, 0.09645351767539978]</LCS_MAX>
		<WAVELENGTH>[0.55, 0.65, 0.75, 0.95]</WAVELENGTH>
		<MEAN_VALUE>[0.08190773180391611, 0.05275899474697745, 0.04053528082626473, 0.02726699698624327]</MEAN_VALUE>
		<CHECKBOX>2</CHECKBOX>
		<SD>[0.005043456711586274, 0.002357030183751206, 0.0067988784133571935, 0.008057730265671376]</SD>
		<WAVELENGTH_UNIT>E-6m</WAVELENGTH_UNIT>
		<COLOR>#797856</COLOR>
		<COVARIANCE_MATRIX>[[2.779806102004264e-05, 3.940587288368663e-06, 1.6812065777876141e-06, -1.0437134236556293e-06], [3.940587288368663e-06, 5.026155829340433e-06, 5.949933423534277e-06, 6.455376091999349e-06], [1.6812065777876141e-06, 5.949933423534277e-06, 3.9275719634168146e-05, 2.7807855626114437e-05], [-1.0437134236556293e-06, 6.455376091999349e-06, 2.7807855626114437e-05, 4.276824998259461e-05]]</COVARIANCE_MATRIX>
		<ROI_SIZE>9059</ROI_SIZE>
		<MAX_VALUE>[0.09803476929664612, 0.07931636273860931, 0.101713165640831, 0.09645351767539978]</MAX_VALUE>
		<MIN_VALUE>[0.056466590613126755, 0.042688269168138504, 0.031238069757819176, 0.016182774677872658]</MIN_VALUE>
		<SIGNATURE_THRESHOLD_MD>0</SIGNATURE_THRESHOLD_MD>
		<SIGNATURE_THRESHOLD_ML>0</SIGNATURE_THRESHOLD_ML>
		<SIGNATURE_THRESHOLD_SAM>0</SIGNATURE_THRESHOLD_SAM>
	</signature>
	<signature ID="20200826_103703387319_734">
		<MACROCLASSID>1</MACROCLASSID>
		<MACROCLASSINFO>waterbody</MACROCLASSINFO>
		<CLASSID>7</CLASSID>
		<CLASSINFO>C 1</CLASSINFO>
		<VALUES>[0.07561826014724761, 0.004885612554144758, 0.05131065108821149, 0.002610205990818526, 0.0396721971562058, 0.006464237853245041, 0.025966167951057304, 0.004752261822718087]</VALUES>
		<LCS_MIN>[0.06339462101459503, 0.044280797243118286, 0.029560092836618423, 0.016182774677872658]</LCS_MIN>
		<LCS_MAX>[0.10034410655498505, 0.07294625788927078, 0.09835720807313919, 0.08822062611579895]</LCS_MAX>
		<WAVELENGTH>[0.55, 0.65, 0.75, 0.95]</WAVELENGTH>
		<MEAN_VALUE>[0.07561826014724761, 0.05131065108821149, 0.0396721971562058, 0.025966167951057304]</MEAN_VALUE>
		<CHECKBOX>2</CHECKBOX>
		<SD>[0.004885612554144758, 0.002610205990818526, 0.006464237853245041, 0.004752261822718087]</SD>
		<WAVELENGTH_UNIT>E-6m</WAVELENGTH_UNIT>
		<COLOR>#c151cf</COLOR>
		<COVARIANCE_MATRIX>[[2.2255020249686394e-05, 7.1467636843045125e-06, 1.0755437399142906e-05, 5.8771237719615e-06], [7.1467636843045125e-06, 7.396771328246836e-06, 7.501030010771524e-06, 6.0113851350717764e-06], [1.0755437399142906e-05, 7.501030010771524e-06, 4.2588370986962375e-05, 1.4904067908285496e-05], [5.8771237719615e-06, 6.0113851350717764e-06, 1.4904067908285496e-05, 2.5044036535394115e-05]]</COVARIANCE_MATRIX>
		<ROI_SIZE>9578</ROI_SIZE>
		<MAX_VALUE>[0.10034410655498505, 0.07294625788927078, 0.09835720807313919, 0.08822062611579895]</MAX_VALUE>
		<MIN_VALUE>[0.06339462101459503, 0.044280797243118286, 0.029560092836618423, 0.016182774677872658]</MIN_VALUE>
		<SIGNATURE_THRESHOLD_MD>0</SIGNATURE_THRESHOLD_MD>
		<SIGNATURE_THRESHOLD_ML>0</SIGNATURE_THRESHOLD_ML>
		<SIGNATURE_THRESHOLD_SAM>0</SIGNATURE_THRESHOLD_SAM>
	</signature>
	<signature ID="20200826_103722080052_881">
		<MACROCLASSID>1</MACROCLASSID>
		<MACROCLASSINFO>waterbody</MACROCLASSINFO>
		<CLASSID>8</CLASSID>
		<CLASSINFO>C 1</CLASSINFO>
		<VALUES>[0.10185212755952373, 0.014082892866310174, 0.07314206238408558, 0.00800059777380404, 0.058076556181647095, 0.010985743188520731, 0.041781235486269004, 0.012785915670853616]</VALUES>
		<LCS_MIN>[0.06339462101459503, 0.053835950791835785, 0.04466189444065094, 0.024415671825408936]</LCS_MIN>
		<LCS_MAX>[0.1419122964143753, 0.10161172598600388, 0.103391133248806, 0.07998772710561752]</LCS_MAX>
		<WAVELENGTH>[0.55, 0.65, 0.75, 0.95]</WAVELENGTH>
		<MEAN_VALUE>[0.10185212755952373, 0.07314206238408558, 0.058076556181647095, 0.041781235486269004]</MEAN_VALUE>
		<CHECKBOX>2</CHECKBOX>
		<SD>[0.014082892866310174, 0.00800059777380404, 0.010985743188520731, 0.012785915670853616]</SD>
		<WAVELENGTH_UNIT>E-6m</WAVELENGTH_UNIT>
		<COLOR>#7d6aa4</COLOR>
		<COVARIANCE_MATRIX>[[0.00019887123551543256, 9.324819786890587e-05, -2.2917801589751577e-05, -5.6640326588277106e-05], [9.324819786890587e-05, 6.418493340871353e-05, 2.5354995394619047e-05, 1.093186964968203e-05], [-2.2917801589751577e-05, 2.5354995394619047e-05, 0.00012101720149564791, 0.0001297805652033568], [-5.6640326588277106e-05, 1.093186964968203e-05, 0.0001297805652033568, 0.00016392752896558335]]</COVARIANCE_MATRIX>
		<ROI_SIZE>366</ROI_SIZE>
		<MAX_VALUE>[0.1419122964143753, 0.10161172598600388, 0.103391133248806, 0.07998772710561752]</MAX_VALUE>
		<MIN_VALUE>[0.06339462101459503, 0.053835950791835785, 0.04466189444065094, 0.024415671825408936]</MIN_VALUE>
		<SIGNATURE_THRESHOLD_MD>0</SIGNATURE_THRESHOLD_MD>
		<SIGNATURE_THRESHOLD_ML>0</SIGNATURE_THRESHOLD_ML>
		<SIGNATURE_THRESHOLD_SAM>0</SIGNATURE_THRESHOLD_SAM>
	</signature>
	<signature ID="20200826_103753216853_163">
		<MACROCLASSID>1</MACROCLASSID>
		<MACROCLASSINFO>waterbody</MACROCLASSINFO>
		<CLASSID>9</CLASSID>
		<CLASSINFO>C 1</CLASSINFO>
		<VALUES>[0.09417258845321068, 0.004495359779587213, 0.06536803410613333, 0.003433595360137788, 0.06800894269013195, 0.011347644218300762, 0.05390505637202797, 0.015138738417594883]</VALUES>
		<LCS_MIN>[0.08186937123537064, 0.06020604819059372, 0.05305178835988045, 0.03676501289010048]</LCS_MIN>
		<LCS_MAX>[0.10265345871448517, 0.07294625788927078, 0.106747105717659, 0.09851175546646118]</LCS_MAX>
		<WAVELENGTH>[0.55, 0.65, 0.75, 0.95]</WAVELENGTH>
		<MEAN_VALUE>[0.09417258845321068, 0.06536803410613333, 0.06800894269013195, 0.05390505637202797]</MEAN_VALUE>
		<CHECKBOX>2</CHECKBOX>
		<SD>[0.004495359779587213, 0.003433595360137788, 0.011347644218300762, 0.015138738417594883]</SD>
		<WAVELENGTH_UNIT>E-6m</WAVELENGTH_UNIT>
		<COLOR>#5b611e</COLOR>
		<COVARIANCE_MATRIX>[[2.0383983543999426e-05, 2.3929778060390566e-06, -4.842904034123791e-06, -8.904828254968105e-06], [2.3929778060390566e-06, 1.1892095158874176e-05, 1.3696045516137511e-05, 1.379024586911939e-05], [-4.842904034123791e-06, 1.3696045516137511e-05, 0.0001298887599947445, 0.00016148922740203038], [-8.904828254968105e-06, 1.379024586911939e-05, 0.00016148922740203038, 0.00023117428262311413]]</COVARIANCE_MATRIX>
		<ROI_SIZE>116</ROI_SIZE>
		<MAX_VALUE>[0.10265345871448517, 0.07294625788927078, 0.106747105717659, 0.09851175546646118]</MAX_VALUE>
		<MIN_VALUE>[0.08186937123537064, 0.06020604819059372, 0.05305178835988045, 0.03676501289010048]</MIN_VALUE>
		<SIGNATURE_THRESHOLD_MD>0</SIGNATURE_THRESHOLD_MD>
		<SIGNATURE_THRESHOLD_ML>0</SIGNATURE_THRESHOLD_ML>
		<SIGNATURE_THRESHOLD_SAM>0</SIGNATURE_THRESHOLD_SAM>
	</signature>
	<signature ID="20200826_103933323505_476">
		<MACROCLASSID>1</MACROCLASSID>
		<MACROCLASSINFO>waterbody</MACROCLASSINFO>
		<CLASSID>10</CLASSID>
		<CLASSINFO>C 1</CLASSINFO>
		<VALUES>[0.13273200372631647, 0.011974071944142354, 0.08692291108577437, 0.00816938857956869, 0.05556121586999868, 0.009803347324591464, 0.03586309882445951, 0.011319518566706061]</VALUES>
		<LCS_MIN>[0.095725417137146, 0.06020604819059372, 0.03627200797200203, 0.016182774677872658]</LCS_MIN>
		<LCS_MAX>[0.15345901250839233, 0.10320425778627396, 0.103391133248806, 0.07792949676513672]</LCS_MAX>
		<WAVELENGTH>[0.55, 0.65, 0.75, 0.95]</WAVELENGTH>
		<MEAN_VALUE>[0.13273200372631647, 0.08692291108577437, 0.05556121586999868, 0.03586309882445951]</MEAN_VALUE>
		<CHECKBOX>2</CHECKBOX>
		<SD>[0.011974071944142354, 0.00816938857956869, 0.009803347324591464, 0.011319518566706061]</SD>
		<WAVELENGTH_UNIT>E-6m</WAVELENGTH_UNIT>
		<COLOR>#c27010</COLOR>
		<COVARIANCE_MATRIX>[[0.00010628965323491416, 5.816961350018133e-05, -1.95039041002373e-05, -5.576009875850771e-05], [5.816961350018133e-05, 5.002944782130536e-05, 3.846713920187226e-06, -1.5188909428816499e-05], [-1.95039041002373e-05, 3.846713920187226e-06, 0.00010270119677629451, 6.896055092487665e-05], [-5.576009875850771e-05, -1.5188909428816499e-05, 6.896055092487665e-05, 0.00011660196457938425]]</COVARIANCE_MATRIX>
		<ROI_SIZE>2043</ROI_SIZE>
		<MAX_VALUE>[0.15345901250839233, 0.10320425778627396, 0.103391133248806, 0.07792949676513672]</MAX_VALUE>
		<MIN_VALUE>[0.095725417137146, 0.06020604819059372, 0.03627200797200203, 0.016182774677872658]</MIN_VALUE>
		<SIGNATURE_THRESHOLD_MD>0</SIGNATURE_THRESHOLD_MD>
		<SIGNATURE_THRESHOLD_ML>0</SIGNATURE_THRESHOLD_ML>
		<SIGNATURE_THRESHOLD_SAM>0</SIGNATURE_THRESHOLD_SAM>
	</signature>
	<signature ID="20200826_103957823480_838">
		<MACROCLASSID>1</MACROCLASSID>
		<MACROCLASSINFO>waterbody</MACROCLASSINFO>
		<CLASSID>11</CLASSID>
		<CLASSINFO>C 1</CLASSINFO>
		<VALUES>[0.15545293150878545, 0.01009609573064783, 0.177322741616063, 0.01612938988846611, 0.14364625197358247, 0.007931241834888973, 0.08213631258141701, 0.012680093008863101]</VALUES>
		<LCS_MIN>[0.13036556541919708, 0.14779497683048248, 0.1117810383439064, 0.057347264140844345]</LCS_MIN>
		<LCS_MAX>[0.1765524297952652, 0.20671845972537994, 0.19064602255821228, 0.11291931569576263]</LCS_MAX>
		<WAVELENGTH>[0.55, 0.65, 0.75, 0.95]</WAVELENGTH>
		<MEAN_VALUE>[0.15545293150878545, 0.177322741616063, 0.14364625197358247, 0.08213631258141701]</MEAN_VALUE>
		<CHECKBOX>2</CHECKBOX>
		<SD>[0.01009609573064783, 0.01612938988846611, 0.007931241834888973, 0.012680093008863101]</SD>
		<WAVELENGTH_UNIT>E-6m</WAVELENGTH_UNIT>
		<COLOR>#e504f2</COLOR>
		<COVARIANCE_MATRIX>[[0.00010243081149751519, 0.00014959832727486723, 7.858833194934416e-06, -0.00010109220416704727], [0.00014959832727486723, 0.0002614324986553987, 2.116930158720101e-05, -0.00016171765245654715], [7.858833194934416e-06, 2.116930158720101e-05, 6.321295291135318e-05, 2.3279793798925976e-05], [-0.00010109220416704727, -0.00016171765245654715, 2.3279793798925976e-05, 0.00016157291929534744]]</COVARIANCE_MATRIX>
		<ROI_SIZE>205</ROI_SIZE>
		<MAX_VALUE>[0.1765524297952652, 0.20671845972537994, 0.19064602255821228, 0.11291931569576263]</MAX_VALUE>
		<MIN_VALUE>[0.13036556541919708, 0.14779497683048248, 0.1117810383439064, 0.057347264140844345]</MIN_VALUE>
		<SIGNATURE_THRESHOLD_MD>0</SIGNATURE_THRESHOLD_MD>
		<SIGNATURE_THRESHOLD_ML>0</SIGNATURE_THRESHOLD_ML>
		<SIGNATURE_THRESHOLD_SAM>0</SIGNATURE_THRESHOLD_SAM>
	</signature>
	<signature ID="20200826_104009320197_743">
		<MACROCLASSID>1</MACROCLASSID>
		<MACROCLASSINFO>waterbody</MACROCLASSINFO>
		<CLASSID>12</CLASSID>
		<CLASSINFO>C 1</CLASSINFO>
		<VALUES>[0.1715373750498046, 0.011750097978430954, 0.2027133605373439, 0.01615972005554159, 0.15560882805443518, 0.011925238134846214, 0.08626991782837845, 0.018461307172573348]</VALUES>
		<LCS_MIN>[0.1419122964143753, 0.1732754111289978, 0.12856082618236542, 0.05323081091046333]</LCS_MIN>
		<LCS_MAX>[0.201955184340477, 0.23379138112068176, 0.1940019726753235, 0.1293851137161255]</LCS_MAX>
		<WAVELENGTH>[0.55, 0.65, 0.75, 0.95]</WAVELENGTH>
		<MEAN_VALUE>[0.1715373750498046, 0.2027133605373439, 0.15560882805443518, 0.08626991782837845]</MEAN_VALUE>
		<CHECKBOX>2</CHECKBOX>
		<SD>[0.011750097978430954, 0.01615972005554159, 0.011925238134846214, 0.018461307172573348]</SD>
		<WAVELENGTH_UNIT>E-6m</WAVELENGTH_UNIT>
		<COLOR>#2794fc</COLOR>
		<COVARIANCE_MATRIX>[[0.00013910288372455233, 0.0001753443697324286, 2.365065117818491e-05, -8.422715954329171e-05], [0.0001753443697324286, 0.0002630999849973335, 3.120754611046023e-05, -0.00013550754623641235], [2.365065117818491e-05, 3.120754611046023e-05, 0.00014328056250190885, 0.00016123547863338138], [-8.422715954329171e-05, -0.00013550754623641235, 0.00016123547863338138, 0.0003433824178774022]]</COVARIANCE_MATRIX>
		<ROI_SIZE>134</ROI_SIZE>
		<MAX_VALUE>[0.201955184340477, 0.23379138112068176, 0.1940019726753235, 0.1293851137161255]</MAX_VALUE>
		<MIN_VALUE>[0.1419122964143753, 0.1732754111289978, 0.12856082618236542, 0.05323081091046333]</MIN_VALUE>
		<SIGNATURE_THRESHOLD_MD>0</SIGNATURE_THRESHOLD_MD>
		<SIGNATURE_THRESHOLD_ML>0</SIGNATURE_THRESHOLD_ML>
		<SIGNATURE_THRESHOLD_SAM>0</SIGNATURE_THRESHOLD_SAM>
	</signature>
	<signature ID="20200826_104055843093_711">
		<MACROCLASSID>1</MACROCLASSID>
		<MACROCLASSINFO>waterbody</MACROCLASSINFO>
		<CLASSID>13</CLASSID>
		<CLASSINFO>C 1</CLASSINFO>
		<VALUES>[0.15893309326637092, 0.010912843309070712, 0.15545871173139844, 0.017973678413085305, 0.09932033400224238, 0.022642367521516455, 0.04918998734361486, 0.01697399424074617]</VALUES>
		<LCS_MIN>[0.11650950461626053, 0.13027720153331757, 0.06647562235593796, 0.022357448935508728]</LCS_MIN>
		<LCS_MAX>[0.2135019302368164, 0.20353339612483978, 0.16044241189956665, 0.10468640923500061]</LCS_MAX>
		<WAVELENGTH>[0.55, 0.65, 0.75, 0.95]</WAVELENGTH>
		<MEAN_VALUE>[0.15893309326637092, 0.15545871173139844, 0.09932033400224238, 0.04918998734361486]</MEAN_VALUE>
		<CHECKBOX>2</CHECKBOX>
		<SD>[0.010912843309070712, 0.017973678413085305, 0.022642367521516455, 0.01697399424074617]</SD>
		<WAVELENGTH_UNIT>E-6m</WAVELENGTH_UNIT>
		<COLOR>#a22ee1</COLOR>
		<COVARIANCE_MATRIX>[[0.00011920852895819821, 0.00010461308147834361, -4.079572386033933e-06, -4.63347049411359e-05], [0.00010461308147834361, 0.0003233742420545604, 0.00029659695031741985, 0.00012346380640205], [-4.079572386033933e-06, 0.00029659695031741985, 0.0005131864260718491, 0.00033661046086788795], [-4.63347049411359e-05, 0.00012346380640205, 0.00033661046086788795, 0.000288402878576816]]</COVARIANCE_MATRIX>
		<ROI_SIZE>1007</ROI_SIZE>
		<MAX_VALUE>[0.2135019302368164, 0.20353339612483978, 0.16044241189956665, 0.10468640923500061]</MAX_VALUE>
		<MIN_VALUE>[0.11650950461626053, 0.13027720153331757, 0.06647562235593796, 0.022357448935508728]</MIN_VALUE>
		<SIGNATURE_THRESHOLD_MD>0</SIGNATURE_THRESHOLD_MD>
		<SIGNATURE_THRESHOLD_ML>0</SIGNATURE_THRESHOLD_ML>
		<SIGNATURE_THRESHOLD_SAM>0</SIGNATURE_THRESHOLD_SAM>
	</signature>
	<signature ID="20200826_104146495490_191">
		<MACROCLASSID>1</MACROCLASSID>
		<MACROCLASSINFO>waterbody</MACROCLASSINFO>
		<CLASSID>14</CLASSID>
		<CLASSINFO>C 1</CLASSINFO>
		<VALUES>[0.10052299691889949, 0.013806727141089048, 0.06792684168732152, 0.015068130730786729, 0.039800167166886884, 0.010141247247163688, 0.023182539288076832, 0.006811104089536511]</VALUES>
		<LCS_MIN>[0.06570396572351456, 0.049058374017477036, 0.02620413713157177, 0.016182774677872658]</LCS_MIN>
		<LCS_MAX>[0.1511496603488922, 0.11594445258378983, 0.08157742768526077, 0.06969660520553589]</LCS_MAX>
		<WAVELENGTH>[0.55, 0.65, 0.75, 0.95]</WAVELENGTH>
		<MEAN_VALUE>[0.10052299691889949, 0.06792684168732152, 0.039800167166886884, 0.023182539288076832]</MEAN_VALUE>
		<CHECKBOX>2</CHECKBOX>
		<SD>[0.013806727141089048, 0.015068130730786729, 0.010141247247163688, 0.006811104089536511]</SD>
		<WAVELENGTH_UNIT>E-6m</WAVELENGTH_UNIT>
		<COLOR>#88cf08</COLOR>
		<COVARIANCE_MATRIX>[[0.00017094913036133302, 0.00016331478777705235, 6.62557950562675e-05, 2.2923692825925883e-05], [0.00016331478777705235, 0.00021402501401316157, 0.00010727000508564914, 4.590191156259561e-05], [6.62557950562675e-05, 0.00010727000508564914, 7.671690789385454e-05, 3.84821808980798e-05], [2.2923692825925883e-05, 4.590191156259561e-05, 3.84821808980798e-05, 3.5856396025558386e-05]]</COVARIANCE_MATRIX>
		<ROI_SIZE>7886</ROI_SIZE>
		<MAX_VALUE>[0.1511496603488922, 0.11594445258378983, 0.08157742768526077, 0.06969660520553589]</MAX_VALUE>
		<MIN_VALUE>[0.06570396572351456, 0.049058374017477036, 0.02620413713157177, 0.016182774677872658]</MIN_VALUE>
		<SIGNATURE_THRESHOLD_MD>0</SIGNATURE_THRESHOLD_MD>
		<SIGNATURE_THRESHOLD_ML>0</SIGNATURE_THRESHOLD_ML>
		<SIGNATURE_THRESHOLD_SAM>0</SIGNATURE_THRESHOLD_SAM>
	</signature>
	<signature ID="20200826_104157723540_102">
		<MACROCLASSID>1</MACROCLASSID>
		<MACROCLASSINFO>waterbody</MACROCLASSINFO>
		<CLASSID>15</CLASSID>
		<CLASSINFO>C 1</CLASSINFO>
		<VALUES>[0.10712945135858759, 0.016905213686002365, 0.07972564213488614, 0.013278539959888437, 0.062348224092106046, 0.012778386455638958, 0.04390223396553236, 0.010833013155657295]</VALUES>
		<LCS_MIN>[0.06570396572351456, 0.04746584966778755, 0.021170197054743767, 0.02029922418296337]</LCS_MIN>
		<LCS_MAX>[0.16269639134407043, 0.13346225023269653, 0.1168149784207344, 0.09645351767539978]</LCS_MAX>
		<WAVELENGTH>[0.55, 0.65, 0.75, 0.95]</WAVELENGTH>
		<MEAN_VALUE>[0.10712945135858759, 0.07972564213488614, 0.062348224092106046, 0.04390223396553236]</MEAN_VALUE>
		<CHECKBOX>2</CHECKBOX>
		<SD>[0.016905213686002365, 0.013278539959888437, 0.012778386455638958, 0.010833013155657295]</SD>
		<WAVELENGTH_UNIT>E-6m</WAVELENGTH_UNIT>
		<COLOR>#13fc13</COLOR>
		<COVARIANCE_MATRIX>[[0.00023925883047618663, 0.00017974275217238459, 0.0001595150418048957, 0.00012186176341262358], [0.00017974275217238459, 0.00015231421640911024, 0.00013722275198858278, 0.00010800765513617355], [0.0001595150418048957, 0.00013722275198858278, 0.00014485478002804588, 0.00011243139508536378], [0.00012186176341262358, 0.00010800765513617355, 0.00011243139508536378, 0.00010401243470248083]]</COVARIANCE_MATRIX>
		<ROI_SIZE>8787</ROI_SIZE>
		<MAX_VALUE>[0.16269639134407043, 0.13346225023269653, 0.1168149784207344, 0.09645351767539978]</MAX_VALUE>
		<MIN_VALUE>[0.06570396572351456, 0.04746584966778755, 0.021170197054743767, 0.02029922418296337]</MIN_VALUE>
		<SIGNATURE_THRESHOLD_MD>0</SIGNATURE_THRESHOLD_MD>
		<SIGNATURE_THRESHOLD_ML>0</SIGNATURE_THRESHOLD_ML>
		<SIGNATURE_THRESHOLD_SAM>0</SIGNATURE_THRESHOLD_SAM>
	</signature>
	<signature ID="20200826_104206823481_432">
		<MACROCLASSID>1</MACROCLASSID>
		<MACROCLASSINFO>waterbody</MACROCLASSINFO>
		<CLASSID>16</CLASSID>
		<CLASSINFO>C 1</CLASSINFO>
		<VALUES>[0.05109286669812051, 0.004577652189059887, 0.04010879426129705, 0.0021135191645089498, 0.027953010381994544, 0.002067571132491121, 0.01923325451597859, 0.0030446999535469247]</VALUES>
		<LCS_MIN>[0.04030119627714157, 0.02517048642039299, 0.01781424507498741, 0.016182774677872658]</LCS_MIN>
		<LCS_MAX>[0.06801331043243408, 0.08250141888856888, 0.05640774592757225, 0.057347264140844345]</LCS_MAX>
		<WAVELENGTH>[0.55, 0.65, 0.75, 0.95]</WAVELENGTH>
		<MEAN_VALUE>[0.05109286669812051, 0.04010879426129705, 0.027953010381994544, 0.01923325451597859]</MEAN_VALUE>
		<CHECKBOX>2</CHECKBOX>
		<SD>[0.004577652189059887, 0.0021135191645089498, 0.002067571132491121, 0.0030446999535469247]</SD>
		<WAVELENGTH_UNIT>E-6m</WAVELENGTH_UNIT>
		<COLOR>#12de93</COLOR>
		<COVARIANCE_MATRIX>[[1.9708684002444472e-05, 3.846886114744717e-06, 1.9489571935741803e-06, -4.5630430201212244e-07], [3.846886114744717e-06, 4.561377081071832e-06, 9.695753901988296e-07, 6.296787021917513e-07], [1.9489571935741803e-06, 9.695753901988296e-07, 5.184710333157906e-06, 1.2839946697616473e-06], [-4.5630430201212244e-07, 6.296787021917513e-07, 1.2839946697616473e-06, 1.0096669684274926e-05]]</COVARIANCE_MATRIX>
		<ROI_SIZE>10191</ROI_SIZE>
		<MAX_VALUE>[0.06801331043243408, 0.08250141888856888, 0.05640774592757225, 0.057347264140844345]</MAX_VALUE>
		<MIN_VALUE>[0.04030119627714157, 0.02517048642039299, 0.01781424507498741, 0.016182774677872658]</MIN_VALUE>
		<SIGNATURE_THRESHOLD_MD>0</SIGNATURE_THRESHOLD_MD>
		<SIGNATURE_THRESHOLD_ML>0</SIGNATURE_THRESHOLD_ML>
		<SIGNATURE_THRESHOLD_SAM>0</SIGNATURE_THRESHOLD_SAM>
	</signature>
	<signature ID="20200826_104217473607_183">
		<MACROCLASSID>1</MACROCLASSID>
		<MACROCLASSINFO>waterbody</MACROCLASSINFO>
		<CLASSID>17</CLASSID>
		<CLASSINFO>C 1</CLASSINFO>
		<VALUES>[0.05934050687851311, 0.004259671510246453, 0.0442065969790202, 0.0029254789536190275, 0.03152013550501084, 0.004510465539022685, 0.021959191376080336, 0.005315726329964719]</VALUES>
		<LCS_MIN>[0.04491988196969032, 0.03791069611907005, 0.01781424507498741, 0.016182774677872658]</LCS_MIN>
		<LCS_MAX>[0.09110673516988754, 0.0809088870882988, 0.07822146266698837, 0.06763837486505508]</LCS_MAX>
		<WAVELENGTH>[0.55, 0.65, 0.75, 0.95]</WAVELENGTH>
		<MEAN_VALUE>[0.05934050687851311, 0.0442065969790202, 0.03152013550501084, 0.021959191376080336]</MEAN_VALUE>
		<CHECKBOX>2</CHECKBOX>
		<SD>[0.004259671510246453, 0.0029254789536190275, 0.004510465539022685, 0.005315726329964719]</SD>
		<WAVELENGTH_UNIT>E-6m</WAVELENGTH_UNIT>
		<COLOR>#776be9</COLOR>
		<COVARIANCE_MATRIX>[[1.7612126383156053e-05, 7.107403198423704e-06, 8.589152883301874e-06, 7.3552884084242475e-06], [7.107403198423704e-06, 8.550685128711786e-06, 8.124742405911802e-06, 7.654919833951591e-06], [8.589152883301874e-06, 8.124742405911802e-06, 1.8397020485955946e-05, 1.4575422788808397e-05], [7.3552884084242475e-06, 7.654919833951591e-06, 1.4575422788808397e-05, 2.5571230895913906e-05]]</COVARIANCE_MATRIX>
		<ROI_SIZE>9202</ROI_SIZE>
		<MAX_VALUE>[0.09110673516988754, 0.0809088870882988, 0.07822146266698837, 0.06763837486505508]</MAX_VALUE>
		<MIN_VALUE>[0.04491988196969032, 0.03791069611907005, 0.01781424507498741, 0.016182774677872658]</MIN_VALUE>
		<SIGNATURE_THRESHOLD_MD>0</SIGNATURE_THRESHOLD_MD>
		<SIGNATURE_THRESHOLD_ML>0</SIGNATURE_THRESHOLD_ML>
		<SIGNATURE_THRESHOLD_SAM>0</SIGNATURE_THRESHOLD_SAM>
	</signature>
	<signature ID="20200826_104231783900_114">
		<MACROCLASSID>1</MACROCLASSID>
		<MACROCLASSINFO>waterbody</MACROCLASSINFO>
		<CLASSID>18</CLASSID>
		<CLASSINFO>C 1</CLASSINFO>
		<VALUES>[0.0585650555155806, 0.008377926998188638, 0.04558817894867516, 0.005445544402600733, 0.034846100590676075, 0.005550800784565196, 0.025143145292583824, 0.005518693555600025]</VALUES>
		<LCS_MIN>[0.04491988196969032, 0.03791069611907005, 0.02620413713157177, 0.016182774677872658]</LCS_MIN>
		<LCS_MAX>[0.1049628034234047, 0.08568647503852844, 0.07989944517612457, 0.0717548355460167]</LCS_MAX>
		<WAVELENGTH>[0.55, 0.65, 0.75, 0.95]</WAVELENGTH>
		<MEAN_VALUE>[0.0585650555155806, 0.04558817894867516, 0.034846100590676075, 0.025143145292583824]</MEAN_VALUE>
		<CHECKBOX>2</CHECKBOX>
		<SD>[0.008377926998188638, 0.005445544402600733, 0.005550800784565196, 0.005518693555600025]</SD>
		<WAVELENGTH_UNIT>E-6m</WAVELENGTH_UNIT>
		<COLOR>#21149a</COLOR>
		<COVARIANCE_MATRIX>[[5.9491761928579166e-05, 2.9139597093553495e-05, 2.4263518626346283e-05, 1.727712014200286e-05], [2.9139597093553495e-05, 2.3433621612233557e-05, 1.8708462763246486e-05, 1.4498740895053024e-05], [2.4263518626346283e-05, 1.8708462763246486e-05, 2.595163708429434e-05, 1.9679112869364404e-05], [1.727712014200286e-05, 1.4498740895053024e-05, 1.9679112869364404e-05, 2.7511225631425356e-05]]</COVARIANCE_MATRIX>
		<ROI_SIZE>9655</ROI_SIZE>
		<MAX_VALUE>[0.1049628034234047, 0.08568647503852844, 0.07989944517612457, 0.0717548355460167]</MAX_VALUE>
		<MIN_VALUE>[0.04491988196969032, 0.03791069611907005, 0.02620413713157177, 0.016182774677872658]</MIN_VALUE>
		<SIGNATURE_THRESHOLD_MD>0</SIGNATURE_THRESHOLD_MD>
		<SIGNATURE_THRESHOLD_ML>0</SIGNATURE_THRESHOLD_ML>
		<SIGNATURE_THRESHOLD_SAM>0</SIGNATURE_THRESHOLD_SAM>
	</signature>
	<signature ID="20200826_104241607849_146">
		<MACROCLASSID>1</MACROCLASSID>
		<MACROCLASSINFO>waterbody</MACROCLASSINFO>
		<CLASSID>19</CLASSID>
		<CLASSINFO>C 1</CLASSINFO>
		<VALUES>[0.057932984275452466, 0.0048779206274632315, 0.0452799256013021, 0.003376004504661901, 0.034679659509129435, 0.00444683471408456, 0.02485064995182323, 0.004974515878694795]</VALUES>
		<LCS_MIN>[0.04491988196969032, 0.03791069611907005, 0.024526158347725868, 0.016182774677872658]</LCS_MIN>
		<LCS_MAX>[0.09110673516988754, 0.08727899193763733, 0.08493337780237198, 0.07792949676513672]</LCS_MAX>
		<WAVELENGTH>[0.55, 0.65, 0.75, 0.95]</WAVELENGTH>
		<MEAN_VALUE>[0.057932984275452466, 0.0452799256013021, 0.034679659509129435, 0.02485064995182323]</MEAN_VALUE>
		<CHECKBOX>2</CHECKBOX>
		<SD>[0.0048779206274632315, 0.003376004504661901, 0.00444683471408456, 0.004974515878694795]</SD>
		<WAVELENGTH_UNIT>E-6m</WAVELENGTH_UNIT>
		<COLOR>#9c5c5b</COLOR>
		<COVARIANCE_MATRIX>[[1.999873952442779e-05, 7.522312973382319e-06, 9.413183930918228e-06, 6.92938578474662e-06], [7.522312973382319e-06, 8.573075395731607e-06, 7.935041298054914e-06, 6.799135251729432e-06], [9.413183930918228e-06, 7.935041298054914e-06, 1.4246974642768279e-05, 9.848783999940195e-06], [6.92938578474662e-06, 6.799135251729432e-06, 9.848783999940195e-06, 1.9920750087399174e-05]]</COVARIANCE_MATRIX>
		<ROI_SIZE>9273</ROI_SIZE>
		<MAX_VALUE>[0.09110673516988754, 0.08727899193763733, 0.08493337780237198, 0.07792949676513672]</MAX_VALUE>
		<MIN_VALUE>[0.04491988196969032, 0.03791069611907005, 0.024526158347725868, 0.016182774677872658]</MIN_VALUE>
		<SIGNATURE_THRESHOLD_MD>0</SIGNATURE_THRESHOLD_MD>
		<SIGNATURE_THRESHOLD_ML>0</SIGNATURE_THRESHOLD_ML>
		<SIGNATURE_THRESHOLD_SAM>0</SIGNATURE_THRESHOLD_SAM>
	</signature>
	<signature ID="20200826_104258899612_618">
		<MACROCLASSID>1</MACROCLASSID>
		<MACROCLASSINFO>waterbody</MACROCLASSINFO>
		<CLASSID>20</CLASSID>
		<CLASSINFO>C 1</CLASSINFO>
		<VALUES>[0.09413289587474939, 0.014922493527048407, 0.07021750010419044, 0.008913646170822543, 0.060888061534822714, 0.00900514304405341, 0.04946551542864186, 0.008391308174539572]</VALUES>
		<LCS_MIN>[0.06339462101459503, 0.05542847141623497, 0.04633987322449684, 0.03264857083559036]</LCS_MIN>
		<LCS_MAX>[0.14422164857387543, 0.11912951618432999, 0.1084250807762146, 0.09851175546646118]</LCS_MAX>
		<WAVELENGTH>[0.55, 0.65, 0.75, 0.95]</WAVELENGTH>
		<MEAN_VALUE>[0.09413289587474939, 0.07021750010419044, 0.060888061534822714, 0.04946551542864186]</MEAN_VALUE>
		<CHECKBOX>2</CHECKBOX>
		<SD>[0.014922493527048407, 0.008913646170822543, 0.00900514304405341, 0.008391308174539572]</SD>
		<WAVELENGTH_UNIT>E-6m</WAVELENGTH_UNIT>
		<COLOR>#b05112</COLOR>
		<COVARIANCE_MATRIX>[[0.00025467578730326566, 0.00011440904657549522, 9.151094430664833e-05, 7.667606829090949e-05], [0.00011440904657549522, 7.348280294445951e-05, 6.155503285244103e-05, 5.3417370097263254e-05], [9.151094430664833e-05, 6.155503285244103e-05, 6.791771014375492e-05, 5.538403290872267e-05], [7.667606829090949e-05, 5.3417370097263254e-05, 5.538403290872267e-05, 5.975998006911585e-05]]</COVARIANCE_MATRIX>
		<ROI_SIZE>7969</ROI_SIZE>
		<MAX_VALUE>[0.14422164857387543, 0.11912951618432999, 0.1084250807762146, 0.09851175546646118]</MAX_VALUE>
		<MIN_VALUE>[0.06339462101459503, 0.05542847141623497, 0.04633987322449684, 0.03264857083559036]</MIN_VALUE>
		<SIGNATURE_THRESHOLD_MD>0</SIGNATURE_THRESHOLD_MD>
		<SIGNATURE_THRESHOLD_ML>0</SIGNATURE_THRESHOLD_ML>
		<SIGNATURE_THRESHOLD_SAM>0</SIGNATURE_THRESHOLD_SAM>
	</signature>
	<signature ID="20200826_104319761992_704">
		<MACROCLASSID>1</MACROCLASSID>
		<MACROCLASSINFO>waterbody</MACROCLASSINFO>
		<CLASSID>21</CLASSID>
		<CLASSINFO>C 1</CLASSINFO>
		<VALUES>[0.04341077272187785, 0.005663992442614735, 0.03658650587875764, 0.004112918530978906, 0.027071603436036665, 0.00447142463601336, 0.02117177035263823, 0.004201278067631025]</VALUES>
		<LCS_MIN>[0.005661051254719496, 0.026763012632727623, 0.014458286575973034, 0.016182774677872658]</LCS_MIN>
		<LCS_MAX>[0.08648805320262909, 0.07772384583950043, 0.07486550509929657, 0.06969660520553589]</LCS_MAX>
		<WAVELENGTH>[0.55, 0.65, 0.75, 0.95]</WAVELENGTH>
		<MEAN_VALUE>[0.04341077272187785, 0.03658650587875764, 0.027071603436036665, 0.02117177035263823]</MEAN_VALUE>
		<CHECKBOX>2</CHECKBOX>
		<SD>[0.005663992442614735, 0.004112918530978906, 0.00447142463601336, 0.004201278067631025]</SD>
		<WAVELENGTH_UNIT>E-6m</WAVELENGTH_UNIT>
		<COLOR>#ac2301</COLOR>
		<COVARIANCE_MATRIX>[[2.7755344429072754e-05, 1.4758732452889505e-05, 1.4203980427629047e-05, 5.44205368396378e-06], [1.4758732452889505e-05, 1.4421275964173335e-05, 1.1581886460036896e-05, 5.885302250127955e-06], [1.4203980427629047e-05, 1.1581886460036896e-05, 1.6945690099745555e-05, 7.207491968568954e-06], [5.44205368396378e-06, 5.885302250127955e-06, 7.207491968568954e-06, 1.5258052759848216e-05]]</COVARIANCE_MATRIX>
		<ROI_SIZE>7449</ROI_SIZE>
		<MAX_VALUE>[0.08648805320262909, 0.07772384583950043, 0.07486550509929657, 0.06969660520553589]</MAX_VALUE>
		<MIN_VALUE>[0.005661051254719496, 0.026763012632727623, 0.014458286575973034, 0.016182774677872658]</MIN_VALUE>
		<SIGNATURE_THRESHOLD_MD>0</SIGNATURE_THRESHOLD_MD>
		<SIGNATURE_THRESHOLD_ML>0</SIGNATURE_THRESHOLD_ML>
		<SIGNATURE_THRESHOLD_SAM>0</SIGNATURE_THRESHOLD_SAM>
	</signature>
	<signature ID="20200826_104330999743_505">
		<MACROCLASSID>1</MACROCLASSID>
		<MACROCLASSINFO>waterbody</MACROCLASSINFO>
		<CLASSID>22</CLASSID>
		<CLASSINFO>C 1</CLASSINFO>
		<VALUES>[0.04696483425838748, 0.004899939856943961, 0.038107325340014535, 0.00329164543675353, 0.029367663563636386, 0.004257417420587106, 0.020967202734939853, 0.003956672877175142]</VALUES>
		<LCS_MIN>[0.03568250313401222, 0.03154058754444122, 0.01613626442849636, 0.016182774677872658]</LCS_MIN>
		<LCS_MAX>[0.09341607987880707, 0.07613130658864975, 0.07654348760843277, 0.0717548355460167]</LCS_MAX>
		<WAVELENGTH>[0.55, 0.65, 0.75, 0.95]</WAVELENGTH>
		<MEAN_VALUE>[0.04696483425838748, 0.038107325340014535, 0.029367663563636386, 0.020967202734939853]</MEAN_VALUE>
		<CHECKBOX>2</CHECKBOX>
		<SD>[0.004899939856943961, 0.00329164543675353, 0.004257417420587106, 0.003956672877175142]</SD>
		<WAVELENGTH_UNIT>E-6m</WAVELENGTH_UNIT>
		<COLOR>#1374ba</COLOR>
		<COVARIANCE_MATRIX>[[2.309436198651603e-05, 1.0630221952598565e-05, 1.4463001549832708e-05, 7.568145609943909e-06], [1.0630221952598565e-05, 1.0843413638366775e-05, 1.0110968231738698e-05, 6.043312894544333e-06], [1.4463001549832708e-05, 1.0110968231738698e-05, 1.759409266092103e-05, 8.140362223067763e-06], [7.568145609943909e-06, 6.043312894544333e-06, 8.140362223067763e-06, 1.5268895690808096e-05]]</COVARIANCE_MATRIX>
		<ROI_SIZE>8764</ROI_SIZE>
		<MAX_VALUE>[0.09341607987880707, 0.07613130658864975, 0.07654348760843277, 0.0717548355460167]</MAX_VALUE>
		<MIN_VALUE>[0.03568250313401222, 0.03154058754444122, 0.01613626442849636, 0.016182774677872658]</MIN_VALUE>
		<SIGNATURE_THRESHOLD_MD>0</SIGNATURE_THRESHOLD_MD>
		<SIGNATURE_THRESHOLD_ML>0</SIGNATURE_THRESHOLD_ML>
		<SIGNATURE_THRESHOLD_SAM>0</SIGNATURE_THRESHOLD_SAM>
	</signature>
	<signature ID="20200826_104340987979_820">
