<?xml version="1.0" ?>
<signaturelist MCID_LIST="[['1', 'waterbody', '#0000ff'], ['2', 'vegetation', '#00ff00'], ['3', 'bare land', '#ffaa00'], ['4', 'built-up', '#ff0000']]">
	<signature ID="20200908_122828771490_718">
		<MACROCLASSID>1</MACROCLASSID>
		<MACROCLASSINFO>waterbody</MACROCLASSINFO>
		<CLASSID>1</CLASSID>
		<CLASSINFO>C 1</CLASSINFO>
		<VALUES>[0.06782983561880902, 0.011676000138905228, 0.04179593595314415, 0.01098421353449769, 0.037833937658110973, 0.018819599746808392, 0.025365573367237767, 0.022401314647008688]</VALUES>
		<LCS_MIN>[0.03496672958135605, 0.024631323292851448, 0.009806173853576183, 0.0031189611181616783]</LCS_MIN>
		<LCS_MAX>[0.11415871977806091, 0.08555004000663757, 0.09250005334615707, 0.08458318561315536]</LCS_MAX>
		<WAVELENGTH>[0.55, 0.65, 0.75, 0.95]</WAVELENGTH>
		<MEAN_VALUE>[0.06782983561880902, 0.04179593595314415, 0.037833937658110973, 0.025365573367237767]</MEAN_VALUE>
		<CHECKBOX>2</CHECKBOX>
		<SD>[0.011676000138905228, 0.01098421353449769, 0.018819599746808392, 0.022401314647008688]</SD>
		<WAVELENGTH_UNIT>E-6m</WAVELENGTH_UNIT>
		<COLOR>#57efb4</COLOR>
		<COVARIANCE_MATRIX>[[0.00013643328603732117, 9.982550639468163e-05, 9.961970189999952e-05, 7.717358806264364e-05], [9.982550639468163e-05, 0.0001207452598612442, 0.0001723719981206266, 0.00017579368739442053], [9.961970189999952e-05, 0.0001723719981206266, 0.00035444831958388127, 0.0004010481921588599], [7.717358806264364e-05, 0.00017579368739442053, 0.0004010481921588599, 0.000502202845043524]]</COVARIANCE_MATRIX>
		<ROI_SIZE>1308</ROI_SIZE>
		<MAX_VALUE>[0.11415871977806091, 0.08555004000663757, 0.09250005334615707, 0.08458318561315536]</MAX_VALUE>
		<MIN_VALUE>[0.03496672958135605, 0.024631323292851448, 0.009806173853576183, 0.0031189611181616783]</MIN_VALUE>
		<SIGNATURE_THRESHOLD_MD>0</SIGNATURE_THRESHOLD_MD>
		<SIGNATURE_THRESHOLD_ML>0</SIGNATURE_THRESHOLD_ML>
		<SIGNATURE_THRESHOLD_SAM>0</SIGNATURE_THRESHOLD_SAM>
	</signature>
	<signature ID="20200908_122839471044_338">
		<MACROCLASSID>1</MACROCLASSID>
		<MACROCLASSINFO>waterbody</MACROCLASSINFO>
		<CLASSID>2</CLASSID>
		<CLASSINFO>C 1</CLASSINFO>
		<VALUES>[0.07411602915149848, 0.004977008235424989, 0.05328258938372949, 0.008153870856464249, 0.0575151974973205, 0.015121375285442743, 0.04512201513048925, 0.019494917084910274]</VALUES>
		<LCS_MIN>[0.0629168376326561, 0.0430915392935276, 0.023267969489097595, 0.0031189611181616783]</LCS_MIN>
		<LCS_MAX>[0.0885377898812294, 0.09293412417173386, 0.10019250959157944, 0.08005738258361816]</LCS_MAX>
		<WAVELENGTH>[0.55, 0.65, 0.75, 0.95]</WAVELENGTH>
		<MEAN_VALUE>[0.07411602915149848, 0.05328258938372949, 0.0575151974973205, 0.04512201513048925]</MEAN_VALUE>
		<CHECKBOX>2</CHECKBOX>
		<SD>[0.004977008235424989, 0.008153870856464249, 0.015121375285442743, 0.019494917084910274]</SD>
		<WAVELENGTH_UNIT>E-6m</WAVELENGTH_UNIT>
		<COLOR>#865f48</COLOR>
		<COVARIANCE_MATRIX>[[2.5114647239036655e-05, 1.7216025763794512e-05, 1.5074936455598084e-05, 8.628038974489881e-06], [1.7216025763794512e-05, 6.740902119311774e-05, 8.787938448289981e-05, 8.230879281119092e-05], [1.5074936455598084e-05, 8.787938448289981e-05, 0.00023183176816935402, 0.0002812874815591553], [8.628038974489881e-06, 8.230879281119092e-05, 0.0002812874815591553, 0.00038533028926068656]]</COVARIANCE_MATRIX>
		<ROI_SIZE>73</ROI_SIZE>
		<MAX_VALUE>[0.0885377898812294, 0.09293412417173386, 0.10019250959157944, 0.08005738258361816]</MAX_VALUE>
		<MIN_VALUE>[0.0629168376326561, 0.0430915392935276, 0.023267969489097595, 0.0031189611181616783]</MIN_VALUE>
		<SIGNATURE_THRESHOLD_MD>0</SIGNATURE_THRESHOLD_MD>
		<SIGNATURE_THRESHOLD_ML>0</SIGNATURE_THRESHOLD_ML>
		<SIGNATURE_THRESHOLD_SAM>0</SIGNATURE_THRESHOLD_SAM>
	</signature>
	<signature ID="20200908_122859624842_872">
		<MACROCLASSID>1</MACROCLASSID>
		<MACROCLASSINFO>waterbody</MACROCLASSINFO>
		<CLASSID>3</CLASSID>
		<CLASSINFO>C 1</CLASSINFO>
		<VALUES>[0.09774245700998638, 0.005531962994973955, 0.06585050622124476, 0.0062653985083457, 0.04924734564636177, 0.015707829118208266, 0.028359992169254368, 0.019232572682757146]</VALUES>
		<LCS_MIN>[0.07456272095441818, 0.048629600554704666, 0.027114199474453926, 0.0031189611181616783]</LCS_MIN>
		<LCS_MAX>[0.10950036346912384, 0.08185799419879913, 0.10211562365293503, 0.08232028782367706]</LCS_MAX>
		<WAVELENGTH>[0.55, 0.65, 0.75, 0.95]</WAVELENGTH>
		<MEAN_VALUE>[0.09774245700998638, 0.06585050622124476, 0.04924734564636177, 0.028359992169254368]</MEAN_VALUE>
		<CHECKBOX>2</CHECKBOX>
		<SD>[0.005531962994973955, 0.0062653985083457, 0.015707829118208266, 0.019232572682757146]</SD>
		<WAVELENGTH_UNIT>E-6m</WAVELENGTH_UNIT>
		<COLOR>#364458</COLOR>
		<COVARIANCE_MATRIX>[[3.0664065611049874e-05, 5.542029834514042e-06, -4.689546122618904e-05, -5.900724002187161e-05], [5.542029834514042e-06, 3.93340442082769e-05, 3.653134380368737e-05, 1.9332361955225334e-05], [-4.689546122618904e-05, 3.653134380368737e-05, 0.00024723134921246807, 0.00027774477200674446], [-5.900724002187161e-05, 1.9332361955225334e-05, 0.00027774477200674446, 0.00037063460672042336]]</COVARIANCE_MATRIX>
		<ROI_SIZE>499</ROI_SIZE>
		<MAX_VALUE>[0.10950036346912384, 0.08185799419879913, 0.10211562365293503, 0.08232028782367706]</MAX_VALUE>
		<MIN_VALUE>[0.07456272095441818, 0.048629600554704666, 0.027114199474453926, 0.0031189611181616783]</MIN_VALUE>
		<SIGNATURE_THRESHOLD_MD>0</SIGNATURE_THRESHOLD_MD>
		<SIGNATURE_THRESHOLD_ML>0</SIGNATURE_THRESHOLD_ML>
		<SIGNATURE_THRESHOLD_SAM>0</SIGNATURE_THRESHOLD_SAM>
	</signature>
	<signature ID="20200908_122919511020_246">
		<MACROCLASSID>1</MACROCLASSID>
		<MACROCLASSINFO>waterbody</MACROCLASSINFO>
		<CLASSID>4</CLASSID>
		<CLASSINFO>C 1</CLASSINFO>
		<VALUES>[0.09158073714183222, 0.005030238431569236, 0.07301495416510491, 0.005094928128819535, 0.08390808309758864, 0.013956601291077494, 0.07399867553143734, 0.020000937616542577]</VALUES>
		<LCS_MIN>[0.07922106236219406, 0.06155175715684891, 0.05403778702020645, 0.0347994901239872]</LCS_MIN>
		<LCS_MAX>[0.10950036346912384, 0.08924208581447601, 0.11942365020513535, 0.1140008196234703]</LCS_MAX>
		<WAVELENGTH>[0.55, 0.65, 0.75, 0.95]</WAVELENGTH>
		<MEAN_VALUE>[0.09158073714183222, 0.07301495416510491, 0.08390808309758864, 0.07399867553143734]</MEAN_VALUE>
		<CHECKBOX>2</CHECKBOX>
		<SD>[0.005030238431569236, 0.005094928128819535, 0.013956601291077494, 0.020000937616542577]</SD>
		<WAVELENGTH_UNIT>E-6m</WAVELENGTH_UNIT>
		<COLOR>#b493ee</COLOR>
		<COVARIANCE_MATRIX>[[2.5718106853492475e-05, 1.4450976166663557e-05, 8.583086447263858e-06, -9.688477252115326e-06], [1.4450976166663557e-05, 2.638383841878468e-05, 6.872133296639522e-06, -8.573389989673566e-06], [8.583086447263858e-06, 6.872133296639522e-06, 0.00019797994450955044, 0.0002515025201948326], [-9.688477252115326e-06, -8.573389989673566e-06, 0.0002515025201948326, 0.0004065954974349399]]</COVARIANCE_MATRIX>
		<ROI_SIZE>62</ROI_SIZE>
		<MAX_VALUE>[0.10950036346912384, 0.08924208581447601, 0.11942365020513535, 0.1140008196234703]</MAX_VALUE>
		<MIN_VALUE>[0.07922106236219406, 0.06155175715684891, 0.05403778702020645, 0.0347994901239872]</MIN_VALUE>
		<SIGNATURE_THRESHOLD_MD>0</SIGNATURE_THRESHOLD_MD>
		<SIGNATURE_THRESHOLD_ML>0</SIGNATURE_THRESHOLD_ML>
		<SIGNATURE_THRESHOLD_SAM>0</SIGNATURE_THRESHOLD_SAM>
	</signature>
	<signature ID="20200908_122931265503_998">
		<MACROCLASSID>1</MACROCLASSID>
		<MACROCLASSINFO>waterbody</MACROCLASSINFO>
		<CLASSID>5</CLASSID>
		<CLASSINFO>C 1</CLASSINFO>
		<VALUES>[0.06857144011697834, 0.006468776842281179, 0.050795585358453466, 0.008071904915513219, 0.040151526699203265, 0.018953888431076708, 0.019239216540295628, 0.01641753767206227]</VALUES>
		<LCS_MIN>[0.04894179105758667, 0.03016938641667366, 0.011729288846254349, 0.0031189611181616783]</LCS_MIN>
		<LCS_MAX>[0.13046294450759888, 0.08185799419879913, 0.09250005334615707, 0.07326871156692505]</LCS_MAX>
		<WAVELENGTH>[0.55, 0.65, 0.75, 0.95]</WAVELENGTH>
		<MEAN_VALUE>[0.06857144011697834, 0.050795585358453466, 0.040151526699203265, 0.019239216540295628]</MEAN_VALUE>
		<CHECKBOX>2</CHECKBOX>
		<SD>[0.006468776842281179, 0.008071904915513219, 0.018953888431076708, 0.01641753767206227]</SD>
		<WAVELENGTH_UNIT>E-6m</WAVELENGTH_UNIT>
		<COLOR>#24d0c9</COLOR>
		<COVARIANCE_MATRIX>[[5.8152932953449645e-05, 3.138693964519991e-05, 3.1521859512270925e-05, 2.1484211703354164e-05], [3.138693964519991e-05, 6.886531765918636e-05, 0.00012256457651178035, 9.220769020756355e-05], [3.1521859512270925e-05, 0.00012256457651178035, 0.0003756558505843402, 0.0003066538010737256], [2.1484211703354164e-05, 9.220769020756355e-05, 0.0003066538010737256, 0.00029057980714095326]]</COVARIANCE_MATRIX>
		<ROI_SIZE>9738</ROI_SIZE>
		<MAX_VALUE>[0.13046294450759888, 0.08185799419879913, 0.09250005334615707, 0.07326871156692505]</MAX_VALUE>
		<MIN_VALUE>[0.04894179105758667, 0.03016938641667366, 0.011729288846254349, 0.0031189611181616783]</MIN_VALUE>
		<SIGNATURE_THRESHOLD_MD>0</SIGNATURE_THRESHOLD_MD>
		<SIGNATURE_THRESHOLD_ML>0</SIGNATURE_THRESHOLD_ML>
		<SIGNATURE_THRESHOLD_SAM>0</SIGNATURE_THRESHOLD_SAM>
	</signature>
	<signature ID="20200908_122941648935_835">
		<MACROCLASSID>1</MACROCLASSID>
		<MACROCLASSINFO>waterbody</MACROCLASSINFO>
		<CLASSID>6</CLASSID>
		<CLASSINFO>C 1</CLASSINFO>
		<VALUES>[0.07860631042454598, 0.009074595932096413, 0.05077595879089407, 0.010003830985193158, 0.036717066858018524, 0.006768923595957983, 0.018580694807169267, 0.005995166284440622]</VALUES>
		<LCS_MIN>[0.020991669967770576, 0.0338614284992218, 0.021344857290387154, 0.0031189611181616783]</LCS_MIN>
		<LCS_MAX>[0.14909635484218597, 0.12247047573328018, 0.10211562365293503, 0.08684607595205307]</LCS_MAX>
		<WAVELENGTH>[0.55, 0.65, 0.75, 0.95]</WAVELENGTH>
		<MEAN_VALUE>[0.07860631042454598, 0.05077595879089407, 0.036717066858018524, 0.018580694807169267]</MEAN_VALUE>
		<CHECKBOX>2</CHECKBOX>
		<SD>[0.009074595932096413, 0.010003830985193158, 0.006768923595957983, 0.005995166284440622]</SD>
		<WAVELENGTH_UNIT>E-6m</WAVELENGTH_UNIT>
		<COLOR>#fa1913</COLOR>
		<COVARIANCE_MATRIX>[[8.07573052377526e-05, 4.920223776022457e-05, 4.698621661059866e-05, 3.1664135196963264e-05], [4.920223776022457e-05, 8.48475834718821e-05, 4.2907771645246e-05, 3.13931424431206e-05], [4.698621661059866e-05, 4.2907771645246e-05, 5.423292193401046e-05, 3.38948145731993e-05], [3.1664135196963264e-05, 3.13931424431206e-05, 3.38948145731993e-05, 4.043553167637603e-05]]</COVARIANCE_MATRIX>
		<ROI_SIZE>9330</ROI_SIZE>
		<MAX_VALUE>[0.14909635484218597, 0.12247047573328018, 0.10211562365293503, 0.08684607595205307]</MAX_VALUE>
		<MIN_VALUE>[0.020991669967770576, 0.0338614284992218, 0.021344857290387154, 0.0031189611181616783]</MIN_VALUE>
		<SIGNATURE_THRESHOLD_MD>0</SIGNATURE_THRESHOLD_MD>
		<SIGNATURE_THRESHOLD_ML>0</SIGNATURE_THRESHOLD_ML>
		<SIGNATURE_THRESHOLD_SAM>0</SIGNATURE_THRESHOLD_SAM>
	</signature>
	<signature ID="20200908_123004763839_939">
		<MACROCLASSID>1</MACROCLASSID>
		<MACROCLASSINFO>waterbody</MACROCLASSINFO>
		<CLASSID>7</CLASSID>
		<CLASSINFO>C 1</CLASSINFO>
		<VALUES>[0.0547118666760856, 0.0075876519635038, 0.039120773966189834, 0.003139418639031089, 0.02531913067375767, 0.007258723927726671, 0.008528263550764107, 0.009377417483882709]</VALUES>
		<LCS_MIN>[0.0, 0.03016938641667366, 0.009806173853576183, 0.0031189611181616783]</LCS_MIN>
		<LCS_MAX>[0.12347541749477386, 0.08555004000663757, 0.09442317485809326, 0.08005738258361816]</LCS_MAX>
		<WAVELENGTH>[0.55, 0.65, 0.75, 0.95]</WAVELENGTH>
		<MEAN_VALUE>[0.0547118666760856, 0.039120773966189834, 0.02531913067375767, 0.008528263550764107]</MEAN_VALUE>
		<CHECKBOX>2</CHECKBOX>
		<SD>[0.0075876519635038, 0.003139418639031089, 0.007258723927726671, 0.009377417483882709]</SD>
		<WAVELENGTH_UNIT>E-6m</WAVELENGTH_UNIT>
		<COLOR>#7a5450</COLOR>
		<COVARIANCE_MATRIX>[[6.766182694242487e-05, 6.34817433191945e-06, 8.930378658717094e-06, 8.738512676496259e-06], [6.34817433191945e-06, 1.088184538542871e-05, 1.2836982093497909e-05, 1.3003727860468361e-05], [8.930378658717094e-06, 1.2836982093497909e-05, 5.407137301130805e-05, 5.907590541767373e-05], [8.738512676496259e-06, 1.3003727860468361e-05, 5.907590541767373e-05, 8.803123376446854e-05]]</COVARIANCE_MATRIX>
		<ROI_SIZE>5250</ROI_SIZE>
		<MAX_VALUE>[0.12347541749477386, 0.08555004000663757, 0.09442317485809326, 0.08005738258361816]</MAX_VALUE>
		<MIN_VALUE>[0.0, 0.03016938641667366, 0.009806173853576183, 0.0031189611181616783]</MIN_VALUE>
		<SIGNATURE_THRESHOLD_MD>0</SIGNATURE_THRESHOLD_MD>
		<SIGNATURE_THRESHOLD_ML>0</SIGNATURE_THRESHOLD_ML>
		<SIGNATURE_THRESHOLD_SAM>0</SIGNATURE_THRESHOLD_SAM>
	</signature>
	<signature ID="20200908_123011901730_177">
		<MACROCLASSID>1</MACROCLASSID>
		<MACROCLASSINFO>waterbody</MACROCLASSINFO>
		<CLASSID>8</CLASSID>
		<CLASSINFO>C 1</CLASSINFO>
		<VALUES>[0.05827693585642102, 0.003973714879085074, 0.04055590499528166, 0.002854985763265193, 0.03061067215271258, 0.008639959093372677, 0.01281999624174053, 0.010169140200746754]</VALUES>
		<LCS_MIN>[0.04195426031947136, 0.03201541304588318, 0.01365240290760994, 0.0031189611181616783]</LCS_MIN>
		<LCS_MAX>[0.07689189910888672, 0.05970573052763939, 0.08865383267402649, 0.07553160190582275]</LCS_MAX>
		<WAVELENGTH>[0.55, 0.65, 0.75, 0.95]</WAVELENGTH>
		<MEAN_VALUE>[0.05827693585642102, 0.04055590499528166, 0.03061067215271258, 0.01281999624174053]</MEAN_VALUE>
		<CHECKBOX>2</CHECKBOX>
		<SD>[0.003973714879085074, 0.002854985763265193, 0.008639959093372677, 0.010169140200746754]</SD>
		<WAVELENGTH_UNIT>E-6m</WAVELENGTH_UNIT>
		<COLOR>#4cb83a</COLOR>
		<COVARIANCE_MATRIX>[[1.729382579641496e-05, 8.103006501130257e-06, 8.002190043482281e-06, 5.9961874949518635e-06], [8.103006501130257e-06, 1.0664745804166874e-05, 1.2325050194317439e-05, 1.029161225725831e-05], [8.002190043482281e-06, 1.2325050194317439e-05, 0.00011285031621106549, 0.00011239855262625535], [5.9961874949518635e-06, 1.029161225725831e-05, 0.00011239855262625535, 0.00014298019436090228]]</COVARIANCE_MATRIX>
		<ROI_SIZE>6443</ROI_SIZE>
		<MAX_VALUE>[0.07689189910888672, 0.05970573052763939, 0.08865383267402649, 0.07553160190582275]</MAX_VALUE>
		<MIN_VALUE>[0.04195426031947136, 0.03201541304588318, 0.01365240290760994, 0.0031189611181616783]</MIN_VALUE>
		<SIGNATURE_THRESHOLD_MD>0</SIGNATURE_THRESHOLD_MD>
		<SIGNATURE_THRESHOLD_ML>0</SIGNATURE_THRESHOLD_ML>
		<SIGNATURE_THRESHOLD_SAM>0</SIGNATURE_THRESHOLD_SAM>
	</signature>
	<signature ID="20200908_123028225809_301">
		<MACROCLASSID>1</MACROCLASSID>
		<MACROCLASSINFO>waterbody</MACROCLASSINFO>
		<CLASSID>9</CLASSID>
		<CLASSINFO>C 1</CLASSINFO>
		<VALUES>[0.06934969720866478, 0.013187025181488106, 0.052421639752216, 0.015046226183851756, 0.03390056953096795, 0.00895169911774196, 0.011461936276501574, 0.00846766289239653]</VALUES>
		<LCS_MIN>[0.01400414202362299, 0.03016938641667366, 0.017498629167675972, 0.0031189611181616783]</LCS_MIN>
		<LCS_MAX>[0.13512130081653595, 0.11693241447210312, 0.08865383267402649, 0.07779449969530106]</LCS_MAX>
		<WAVELENGTH>[0.55, 0.65, 0.75, 0.95]</WAVELENGTH>
		<MEAN_VALUE>[0.06934969720866478, 0.052421639752216, 0.03390056953096795, 0.011461936276501574]</MEAN_VALUE>
		<CHECKBOX>2</CHECKBOX>
		<SD>[0.013187025181488106, 0.015046226183851756, 0.00895169911774196, 0.00846766289239653]</SD>
		<WAVELENGTH_UNIT>E-6m</WAVELENGTH_UNIT>
		<COLOR>#c4eb86</COLOR>
		<COVARIANCE_MATRIX>[[0.0002089835015383319, 0.0001385464106722838, 1.2207829037468522e-05, -2.8369781121950822e-05], [0.0001385464106722838, 0.00018026190146321863, 2.064044038828115e-05, -1.4647208352986577e-05], [1.2207829037468522e-05, 2.064044038828115e-05, 9.820144386110521e-05, 8.162978318435481e-05], [-2.8369781121950822e-05, -1.4647208352986577e-05, 8.162978318435481e-05, 0.00010457502932080779]]</COVARIANCE_MATRIX>
		<ROI_SIZE>6456</ROI_SIZE>
		<MAX_VALUE>[0.13512130081653595, 0.11693241447210312, 0.08865383267402649, 0.07779449969530106]</MAX_VALUE>
		<MIN_VALUE>[0.01400414202362299, 0.03016938641667366, 0.017498629167675972, 0.0031189611181616783]</MIN_VALUE>
		<SIGNATURE_THRESHOLD_MD>0</SIGNATURE_THRESHOLD_MD>
		<SIGNATURE_THRESHOLD_ML>0</SIGNATURE_THRESHOLD_ML>
		<SIGNATURE_THRESHOLD_SAM>0</SIGNATURE_THRESHOLD_SAM>
	</signature>
	<signature ID="20200908_123041062868_325">
		<MACROCLASSID>1</MACROCLASSID>
		<MACROCLASSINFO>waterbody</MACROCLASSINFO>
		<CLASSID>10</CLASSID>
		<CLASSINFO>C 1</CLASSINFO>
		<VALUES>[0.052397650636268035, 0.011365357356205917, 0.04072343486806075, 0.011102928543599592, 0.04072432423764103, 0.016880234538932785, 0.030206336792626486, 0.021245840072965]</VALUES>
		<LCS_MIN>[0.0, 0.015401213429868221, 0.015575514174997807, 0.0031189611181616783]</LCS_MIN>
		<LCS_MAX>[0.11648789048194885, 0.10031821578741074, 0.09442317485809326, 0.08005738258361816]</LCS_MAX>
		<WAVELENGTH>[0.55, 0.65, 0.75, 0.95]</WAVELENGTH>
		<MEAN_VALUE>[0.052397650636268035, 0.04072343486806075, 0.04072432423764103, 0.030206336792626486]</MEAN_VALUE>
		<CHECKBOX>2</CHECKBOX>
		<SD>[0.011365357356205917, 0.011102928543599592, 0.016880234538932785, 0.021245840072965]</SD>
		<WAVELENGTH_UNIT>E-6m</WAVELENGTH_UNIT>
		<COLOR>#2ac864</COLOR>
		<COVARIANCE_MATRIX>[[0.00012925880304606773, 6.894723031116852e-05, 8.438250249529927e-05, 7.588356055622173e-05], [6.894723031116852e-05, 0.00012335848536021887, 9.646163438370531e-05, 9.610049738570947e-05], [8.438250249529927e-05, 9.646163438370531e-05, 0.0002851352377360209, 0.0003381513754660838], [7.588356055622173e-05, 9.610049738570947e-05, 0.0003381513754660838, 0.000451691330237019]]</COVARIANCE_MATRIX>
		<ROI_SIZE>1478</ROI_SIZE>
		<MAX_VALUE>[0.11648789048194885, 0.10031821578741074, 0.09442317485809326, 0.08005738258361816]</MAX_VALUE>
		<MIN_VALUE>[0.0, 0.015401213429868221, 0.015575514174997807, 0.0031189611181616783]</MIN_VALUE>
		<SIGNATURE_THRESHOLD_MD>0</SIGNATURE_THRESHOLD_MD>
		<SIGNATURE_THRESHOLD_ML>0</SIGNATURE_THRESHOLD_ML>
		<SIGNATURE_THRESHOLD_SAM>0</SIGNATURE_THRESHOLD_SAM>
	</signature>
	<signature ID="20200908_123052213005_917">
		<MACROCLASSID>1</MACROCLASSID>
		<MACROCLASSINFO>waterbody</MACROCLASSINFO>
		<CLASSID>11</CLASSID>
		<CLASSINFO>C 1</CLASSINFO>
		<VALUES>[0.10373226509860345, 0.006867184528514484, 0.06437448029331554, 0.007029068495169163, 0.05616866043895237, 0.015281609729162149, 0.03542633434638918, 0.01986514332226951]</VALUES>
		<LCS_MIN>[0.06990436464548111, 0.04493756219744682, 0.03672976419329643, 0.014433437958359718]</LCS_MIN>
		<LCS_MAX>[0.11881706863641739, 0.09478014707565308, 0.10980808734893799, 0.10042344778776169]</LCS_MAX>
		<WAVELENGTH>[0.55, 0.65, 0.75, 0.95]</WAVELENGTH>
		<MEAN_VALUE>[0.10373226509860345, 0.06437448029331554, 0.05616866043895237, 0.03542633434638918]</MEAN_VALUE>
		<CHECKBOX>2</CHECKBOX>
		<SD>[0.006867184528514484, 0.007029068495169163, 0.015281609729162149, 0.01986514332226951]</SD>
		<WAVELENGTH_UNIT>E-6m</WAVELENGTH_UNIT>
		<COLOR>#02238e</COLOR>
		<COVARIANCE_MATRIX>[[4.7289218413526185e-05, 1.83693480369211e-05, -2.6793731427202207e-05, -4.93007006315367e-05], [1.83693480369211e-05, 4.954504780952911e-05, 6.632162643739259e-05, 6.505173655856006e-05], [-2.6793731427202207e-05, 6.632162643739259e-05, 0.00023417628368085244, 0.00028439278135988723], [-4.93007006315367e-05, 6.505173655856006e-05, 0.00028439278135988723, 0.00039572009676768193]]</COVARIANCE_MATRIX>
		<ROI_SIZE>361</ROI_SIZE>
		<MAX_VALUE>[0.11881706863641739, 0.09478014707565308, 0.10980808734893799, 0.10042344778776169]</MAX_VALUE>
		<MIN_VALUE>[0.06990436464548111, 0.04493756219744682, 0.03672976419329643, 0.014433437958359718]</MIN_VALUE>
		<SIGNATURE_THRESHOLD_MD>0</SIGNATURE_THRESHOLD_MD>
		<SIGNATURE_THRESHOLD_ML>0</SIGNATURE_THRESHOLD_ML>
		<SIGNATURE_THRESHOLD_SAM>0</SIGNATURE_THRESHOLD_SAM>
	</signature>
	<signature ID="20200908_123103660702_229">
		<MACROCLASSID>1</MACROCLASSID>
		<MACROCLASSINFO>waterbody</MACROCLASSINFO>
		<CLASSID>12</CLASSID>
		<CLASSINFO>C 1</CLASSINFO>
		<VALUES>[0.05840375597803341, 0.00807209805111529, 0.04151324824160289, 0.007150342165191245, 0.0356039511476966, 0.011047870198501316, 0.017872272184154093, 0.011093817029587914]</VALUES>
		<LCS_MIN>[0.04195426031947136, 0.03016938641667366, 0.019421741366386414, 0.0031189611181616783]</LCS_MIN>
		<LCS_MAX>[0.1258045881986618, 0.10585629194974899, 0.09826940298080444, 0.08232028782367706]</LCS_MAX>
		<WAVELENGTH>[0.55, 0.65, 0.75, 0.95]</WAVELENGTH>
		<MEAN_VALUE>[0.05840375597803341, 0.04151324824160289, 0.0356039511476966, 0.017872272184154093]</MEAN_VALUE>
		<CHECKBOX>2</CHECKBOX>
		<SD>[0.00807209805111529, 0.007150342165191245, 0.011047870198501316, 0.011093817029587914]</SD>
		<WAVELENGTH_UNIT>E-6m</WAVELENGTH_UNIT>
		<COLOR>#4842ec</COLOR>
		<COVARIANCE_MATRIX>[[8.103070788751589e-05, 6.659235796803916e-05, 7.82721165189458e-05, 7.640444592719863e-05], [6.659235796803916e-05, 6.40333907912439e-05, 7.314530111282488e-05, 7.176631125622754e-05], [7.82721165189458e-05, 7.314530111282488e-05, 0.00012965480655169397, 0.00010376901852389242], [7.640444592719863e-05, 7.176631125622754e-05, 0.00010376901852389242, 0.00012712898702416038]]</COVARIANCE_MATRIX>
		<ROI_SIZE>8456</ROI_SIZE>
		<MAX_VALUE>[0.1258045881986618, 0.10585629194974899, 0.09826940298080444, 0.08232028782367706]</MAX_VALUE>
		<MIN_VALUE>[0.04195426031947136, 0.03016938641667366, 0.019421741366386414, 0.0031189611181616783]</MIN_VALUE>
		<SIGNATURE_THRESHOLD_MD>0</SIGNATURE_THRESHOLD_MD>
		<SIGNATURE_THRESHOLD_ML>0</SIGNATURE_THRESHOLD_ML>
		<SIGNATURE_THRESHOLD_SAM>0</SIGNATURE_THRESHOLD_SAM>
	</signature>
	<signature ID="20200908_123111951743_108">
		<MACROCLASSID>1</MACROCLASSID>
		<MACROCLASSINFO>waterbody</MACROCLASSINFO>
		<CLASSID>13</CLASSID>
		<CLASSINFO>C 1</CLASSINFO>
		<VALUES>[0.05498861090852581, 0.007493294689885057, 0.03580675839180074, 0.005721583986737459, 0.027492724911304327, 0.007912854368700206, 0.013198658548220873, 0.009078846720035148]</VALUES>
		<LCS_MIN>[0.039625078439712524, 0.02832336537539959, 0.01365240290760994, 0.0031189611181616783]</LCS_MIN>
		<LCS_MAX>[0.09785448014736176, 0.08370401710271835, 0.08865383267402649, 0.08232028782367706]</LCS_MAX>
		<WAVELENGTH>[0.55, 0.65, 0.75, 0.95]</WAVELENGTH>
		<MEAN_VALUE>[0.05498861090852581, 0.03580675839180074, 0.027492724911304327, 0.013198658548220873]</MEAN_VALUE>
		<CHECKBOX>2</CHECKBOX>
		<SD>[0.007493294689885057, 0.005721583986737459, 0.007912854368700206, 0.009078846720035148]</SD>
		<WAVELENGTH_UNIT>E-6m</WAVELENGTH_UNIT>
		<COLOR>#83f3a0</COLOR>
		<COVARIANCE_MATRIX>[[4.8852238243907044e-05, 2.8431934060402605e-05, 2.789530448964692e-05, 2.2621033428612704e-05], [2.8431934060402605e-05, 2.689616937082016e-05, 2.5827148040837962e-05, 2.3132633585202774e-05], [2.789530448964692e-05, 2.5827148040837962e-05, 5.226803875507405e-05, 4.7952743176097225e-05], [2.2621033428612704e-05, 2.3132633585202774e-05, 4.7952743176097225e-05, 7.007798262966037e-05]]</COVARIANCE_MATRIX>
		<ROI_SIZE>8512</ROI_SIZE>
		<MAX_VALUE>[0.09785448014736176, 0.08370401710271835, 0.08865383267402649, 0.08232028782367706]</MAX_VALUE>
		<MIN_VALUE>[0.039625078439712524, 0.02832336537539959, 0.01365240290760994, 0.0031189611181616783]</MIN_VALUE>
		<SIGNATURE_THRESHOLD_MD>0</SIGNATURE_THRESHOLD_MD>
		<SIGNATURE_THRESHOLD_ML>0</SIGNATURE_THRESHOLD_ML>
		<SIGNATURE_THRESHOLD_SAM>0</SIGNATURE_THRESHOLD_SAM>
	</signature>
	<signature ID="20200908_123129550960_951">
		<MACROCLASSID>1</MACROCLASSID>
		<MACROCLASSINFO>waterbody</MACROCLASSINFO>
		<CLASSID>14</CLASSID>
		<CLASSINFO>C 1</CLASSINFO>
		<VALUES>[0.05163479345591783, 0.010739300675209, 0.03288005087120299, 0.008940123797688389, 0.02427898849100897, 0.009503865665557642, 0.008935850902771273, 0.009186099046956402]</VALUES>
		<LCS_MIN>[0.03496672958135605, 0.020939277485013008, 0.011729288846254349, 0.0031189611181616783]</LCS_MIN>
		<LCS_MAX>[0.11415871977806091, 0.09478014707565308, 0.0867307260632515, 0.07100582122802734]</LCS_MAX>
		<WAVELENGTH>[0.55, 0.65, 0.75, 0.95]</WAVELENGTH>
		<MEAN_VALUE>[0.05163479345591783, 0.03288005087120299, 0.02427898849100897, 0.008935850902771273]</MEAN_VALUE>
		<CHECKBOX>2</CHECKBOX>
		<SD>[0.010739300675209, 0.008940123797688389, 0.009503865665557642, 0.009186099046956402]</SD>
		<WAVELENGTH_UNIT>E-6m</WAVELENGTH_UNIT>
		<COLOR>#785a18</COLOR>
		<COVARIANCE_MATRIX>[[0.00012060586566178763, 8.997508908700019e-05, 8.676022822935721e-05, 7.383943486719198e-05], [8.997508908700019e-05, 8.356611726914323e-05, 8.024072420093843e-05, 7.082188992094164e-05], [8.676022822935721e-05, 8.024072420093843e-05, 9.121413466469976e-05, 7.838826331667351e-05], [7.383943486719198e-05, 7.082188992094164e-05, 7.838826331667351e-05, 8.520120321839994e-05]]</COVARIANCE_MATRIX>
		<ROI_SIZE>7423</ROI_SIZE>
		<MAX_VALUE>[0.11415871977806091, 0.09478014707565308, 0.0867307260632515, 0.07100582122802734]</MAX_VALUE>
		<MIN_VALUE>[0.03496672958135605, 0.020939277485013008, 0.011729288846254349, 0.0031189611181616783]</MIN_VALUE>
		<SIGNATURE_THRESHOLD_MD>0</SIGNATURE_THRESHOLD_MD>
		<SIGNATURE_THRESHOLD_ML>0</SIGNATURE_THRESHOLD_ML>
		<SIGNATURE_THRESHOLD_SAM>0</SIGNATURE_THRESHOLD_SAM>
	</signature>
	<signature ID="20200908_123148075512_378">
		<MACROCLASSID>1</MACROCLASSID>
		<MACROCLASSINFO>waterbody</MACROCLASSINFO>
		<CLASSID>15</CLASSID>
		<CLASSINFO>C 1</CLASSINFO>
		<VALUES>[0.046755886399238736, 0.006562164073642877, 0.03090297246753701, 0.005326610146491438, 0.02271312492543188, 0.0064475360866615185, 0.008812948732194579, 0.0062727351342258654]</VALUES>
		<LCS_MIN>[0.032637547701597214, 0.019093254581093788, 0.01365240290760994, 0.0031189611181616783]</LCS_MIN>
		<LCS_MAX>[0.0885377898812294, 0.08001197129487991, 0.09250005334615707, 0.07553160190582275]</LCS_MAX>
		<WAVELENGTH>[0.55, 0.65, 0.75, 0.95]</WAVELENGTH>
		<MEAN_VALUE>[0.046755886399238736, 0.03090297246753701, 0.02271312492543188, 0.008812948732194579]</MEAN_VALUE>
		<CHECKBOX>2</CHECKBOX>
		<SD>[0.006562164073642877, 0.005326610146491438, 0.0064475360866615185, 0.0062727351342258654]</SD>
		<WAVELENGTH_UNIT>E-6m</WAVELENGTH_UNIT>
		<COLOR>#bddd5e</COLOR>
		<COVARIANCE_MATRIX>[[4.408677939360473e-05, 2.4568746218870406e-05, 2.5600266042087922e-05, 1.7626629147979134e-05], [2.4568746218870406e-05, 2.7680034577644953e-05, 2.7662962190527934e-05, 1.9300443475351814e-05], [2.5600266042087922e-05, 2.7662962190527934e-05, 3.871770183055561e-05, 2.5926836550199757e-05], [1.7626629147979134e-05, 1.9300443475351814e-05, 2.5926836550199757e-05, 3.6028363961385235e-05]]</COVARIANCE_MATRIX>
		<ROI_SIZE>9259</ROI_SIZE>
		<MAX_VALUE>[0.0885377898812294, 0.08001197129487991, 0.09250005334615707, 0.07553160190582275]</MAX_VALUE>
		<MIN_VALUE>[0.032637547701597214, 0.019093254581093788, 0.01365240290760994, 0.0031189611181616783]</MIN_VALUE>
		<SIGNATURE_THRESHOLD_MD>0</SIGNATURE_THRESHOLD_MD>
		<SIGNATURE_THRESHOLD_ML>0</SIGNATURE_THRESHOLD_ML>
		<SIGNATURE_THRESHOLD_SAM>0</SIGNATURE_THRESHOLD_SAM>
	</signature>
	<signature ID="20200908_123230196658_158">
		<MACROCLASSID>1</MACROCLASSID>
		<MACROCLASSINFO>waterbody</MACROCLASSINFO>
		<CLASSID>16</CLASSID>
		<CLASSINFO>C 1</CLASSINFO>
		<VALUES>[0.050960674640242405, 0.0086131421417034, 0.03600687155690195, 0.0050944820176658965, 0.027904404119619062, 0.006947096282132266, 0.015622142145642223, 0.007784108490819525]</VALUES>
		<LCS_MIN>[0.03496672958135605, 0.024631323292851448, 0.01365240290760994, 0.0031189611181616783]</LCS_MIN>
		<LCS_MAX>[0.12114624679088593, 0.0873960629105568, 0.09250005334615707, 0.08458318561315536]</LCS_MAX>
		<WAVELENGTH>[0.55, 0.65, 0.75, 0.95]</WAVELENGTH>
		<MEAN_VALUE>[0.050960674640242405, 0.03600687155690195, 0.027904404119619062, 0.015622142145642223]</MEAN_VALUE>
		<CHECKBOX>2</CHECKBOX>
		<SD>[0.0086131421417034, 0.0050944820176658965, 0.006947096282132266, 0.007784108490819525]</SD>
		<WAVELENGTH_UNIT>E-6m</WAVELENGTH_UNIT>
		<COLOR>#98681a</COLOR>
		<COVARIANCE_MATRIX>[[6.373764418916114e-05, 2.952829411248256e-05, 3.3283781368519366e-05, 2.8825784440164998e-05], [2.952829411248256e-05, 2.1452679312929964e-05, 2.215793505480433e-05, 2.039497110538067e-05], [3.3283781368519366e-05, 2.215793505480433e-05, 4.2762312701137846e-05, 3.845219078018968e-05], [2.8825784440164998e-05, 2.039497110538067e-05, 3.845219078018968e-05, 5.7475096068117106e-05]]</COVARIANCE_MATRIX>
		<ROI_SIZE>8213</ROI_SIZE>
		<MAX_VALUE>[0.12114624679088593, 0.0873960629105568, 0.09250005334615707, 0.08458318561315536]</MAX_VALUE>
		<MIN_VALUE>[0.03496672958135605, 0.024631323292851448, 0.01365240290760994, 0.0031189611181616783]</MIN_VALUE>
		<SIGNATURE_THRESHOLD_MD>0</SIGNATURE_THRESHOLD_MD>
		<SIGNATURE_THRESHOLD_ML>0</SIGNATURE_THRESHOLD_ML>
		<SIGNATURE_THRESHOLD_SAM>0</SIGNATURE_THRESHOLD_SAM>
	</signature>
	<signature ID="20200908_123242855583_439">
		<MACROCLASSID>1</MACROCLASSID>
		<MACROCLASSINFO>waterbody</MACROCLASSINFO>
		<CLASSID>17</CLASSID>
		<CLASSINFO>C 1</CLASSINFO>
		<VALUES>[0.04604686548365946, 0.011691082287686734, 0.029870616140496527, 0.009285580669304058, 0.02299468971992419, 0.009549339257125663, 0.00934140314433564, 0.009588475576370019]</VALUES>
		<LCS_MIN>[0.0, 0.004325082991272211, 0.009806173853576183, 0.0031189611181616783]</LCS_MIN>
		<LCS_MAX>[0.11182954162359238, 0.09293412417173386, 0.08480760455131531, 0.07100582122802734]</LCS_MAX>
		<WAVELENGTH>[0.55, 0.65, 0.75, 0.95]</WAVELENGTH>
		<MEAN_VALUE>[0.04604686548365946, 0.029870616140496527, 0.02299468971992419, 0.00934140314433564]</MEAN_VALUE>
		<CHECKBOX>2</CHECKBOX>
		<SD>[0.011691082287686734, 0.009285580669304058, 0.009549339257125663, 0.009588475576370019]</SD>
		<WAVELENGTH_UNIT>E-6m</WAVELENGTH_UNIT>
		<COLOR>#a4c1ec</COLOR>
		<COVARIANCE_MATRIX>[[0.00016900252365605452, 0.0001128568778913056, 0.00011055916922556363, 0.00010107139281865096], [0.0001128568778913056, 0.00010332071937912672, 9.978584341598975e-05, 9.31737700742295e-05], [0.00011055916922556363, 9.978584341598975e-05, 0.00010651073925909464, 9.443086712586322e-05], [0.00010107139281865096, 9.31737700742295e-05, 9.443086712586322e-05, 0.0001032084275135331]]</COVARIANCE_MATRIX>
		<ROI_SIZE>7695</ROI_SIZE>
		<MAX_VALUE>[0.11182954162359238, 0.09293412417173386, 0.08480760455131531, 0.07100582122802734]</MAX_VALUE>
		<MIN_VALUE>[0.0, 0.004325082991272211, 0.009806173853576183, 0.0031189611181616783]</MIN_VALUE>
		<SIGNATURE_THRESHOLD_MD>0</SIGNATURE_THRESHOLD_MD>
		<SIGNATURE_THRESHOLD_ML>0</SIGNATURE_THRESHOLD_ML>
		<SIGNATURE_THRESHOLD_SAM>0</SIGNATURE_THRESHOLD_SAM>
	</signature>
	<signature ID="20200908_123304873504_569">
		<MACROCLASSID>1</MACROCLASSID>
		<MACROCLASSINFO>waterbody</MACROCLASSINFO>
		<CLASSID>18</CLASSID>
		<CLASSINFO>C 1</CLASSINFO>
		<VALUES>[0.05024202213429603, 0.01337554210001198, 0.03350164005214445, 0.0103685458974939, 0.024613071960894156, 0.009925339016498017, 0.010277874750510249, 0.008888849258897961]</VALUES>
		<LCS_MIN>[0.018662497401237488, 0.017247237265110016, 0.009806173853576183, 0.0031189611181616783]</LCS_MIN>
		<LCS_MAX>[0.11182954162359238, 0.09108810871839523, 0.09057693928480148, 0.07326871156692505]</LCS_MAX>
		<WAVELENGTH>[0.55, 0.65, 0.75, 0.95]</WAVELENGTH>
		<MEAN_VALUE>[0.05024202213429603, 0.03350164005214445, 0.024613071960894156, 0.010277874750510249]</MEAN_VALUE>
		<CHECKBOX>2</CHECKBOX>
		<SD>[0.01337554210001198, 0.0103685458974939, 0.009925339016498017, 0.008888849258897961]</SD>
		<WAVELENGTH_UNIT>E-6m</WAVELENGTH_UNIT>
		<COLOR>#b56134</COLOR>
		<COVARIANCE_MATRIX>[[0.0001487292277659345, 0.00010354923857576495, 8.563828878943464e-05, 5.9845847368207476e-05], [0.00010354923857576495, 9.36808519430147e-05, 8.277135114018165e-05, 6.183676317299207e-05], [8.563828878943464e-05, 8.277135114018165e-05, 9.273290103053086e-05, 7.16605113234105e-05], [5.9845847368207476e-05, 6.183676317299207e-05, 7.16605113234105e-05, 7.687672185347093e-05]]</COVARIANCE_MATRIX>
		<ROI_SIZE>8825</ROI_SIZE>
		<MAX_VALUE>[0.11182954162359238, 0.09108810871839523, 0.09057693928480148, 0.07326871156692505]</MAX_VALUE>
		<MIN_VALUE>[0.018662497401237488, 0.017247237265110016, 0.009806173853576183, 0.0031189611181616783]</MIN_VALUE>
		<SIGNATURE_THRESHOLD_MD>0</SIGNATURE_THRESHOLD_MD>
		<SIGNATURE_THRESHOLD_ML>0</SIGNATURE_THRESHOLD_ML>
		<SIGNATURE_THRESHOLD_SAM>0</SIGNATURE_THRESHOLD_SAM>
	</signature>
	<signature ID="20200908_123316852008_182">
		<MACROCLASSID>1</MACROCLASSID>
		<MACROCLASSINFO>waterbody</MACROCLASSINFO>
		<CLASSID>19</CLASSID>
		<CLASSINFO>C 1</CLASSINFO>
		<VALUES>[0.04842109686818736, 0.015041897468307622, 0.0341339909050576, 0.012597145554516073, 0.027795060057931843, 0.013741433422231619, 0.014153442543710773, 0.013399598487700752]</VALUES>
		<LCS_MIN>[0.023320849984884262, 0.017247237265110016, 0.011729288846254349, 0.0031189611181616783]</LCS_MIN>
		<LCS_MAX>[0.10484200716018677, 0.09108810871839523, 0.09057693928480148, 0.07100582122802734]</LCS_MAX>
		<WAVELENGTH>[0.55, 0.65, 0.75, 0.95]</WAVELENGTH>
		<MEAN_VALUE>[0.04842109686818736, 0.0341339909050576, 0.027795060057931843, 0.014153442543710773]</MEAN_VALUE>
		<CHECKBOX>2</CHECKBOX>
		<SD>[0.015041897468307622, 0.012597145554516073, 0.013741433422231619, 0.013399598487700752]</SD>
		<WAVELENGTH_UNIT>E-6m</WAVELENGTH_UNIT>
		<COLOR>#51974d</COLOR>
		<COVARIANCE_MATRIX>[[0.00020541257512059894, 0.00016035752792010135, 0.00016266997050751246, 0.00014993131859891514], [0.00016035752792010135, 0.0001412754055135414, 0.0001438836240203564, 0.00013357911229432877], [0.00016266997050751246, 0.0001438836240203564, 0.00016723828046606175, 0.00015407800747992037], [0.00014993131859891514, 0.00013357911229432877, 0.00015407800747992037, 0.00016467897901054014]]</COVARIANCE_MATRIX>
		<ROI_SIZE>6852</ROI_SIZE>
		<MAX_VALUE>[0.10484200716018677, 0.09108810871839523, 0.09057693928480148, 0.07100582122802734]</MAX_VALUE>
		<MIN_VALUE>[0.023320849984884262, 0.017247237265110016, 0.011729288846254349, 0.0031189611181616783]</MIN_VALUE>
		<SIGNATURE_THRESHOLD_MD>0</SIGNATURE_THRESHOLD_MD>
		<SIGNATURE_THRESHOLD_ML>0</SIGNATURE_THRESHOLD_ML>
		<SIGNATURE_THRESHOLD_SAM>0</SIGNATURE_THRESHOLD_SAM>
	</signature>
	<signature ID="20200908_123335957510_911">
		<MACROCLASSID>1</MACROCLASSID>
		<MACROCLASSINFO>waterbody</MACROCLASSINFO>
		<CLASSID>20</CLASSID>
		<CLASSINFO>C 1</CLASSINFO>
		<VALUES>[0.06806427726231835, 0.010592760941348972, 0.05497233168018544, 0.009096199416867299, 0.06228772412223115, 0.016584544581996045, 0.03878043487149844, 0.018541431996819905]</VALUES>
		<LCS_MIN>[0.039625078439712524, 0.03201541304588318, 0.019421741366386414, 0.0031189611181616783]</LCS_MIN>
		<LCS_MAX>[0.13046294450759888, 0.09293412417173386, 0.11173119395971298, 0.09137187153100967]</LCS_MAX>
		<WAVELENGTH>[0.55, 0.65, 0.75, 0.95]</WAVELENGTH>
		<MEAN_VALUE>[0.06806427726231835, 0.05497233168018544, 0.06228772412223115, 0.03878043487149844]</MEAN_VALUE>
		<CHECKBOX>2</CHECKBOX>
		<SD>[0.010592760941348972, 0.009096199416867299, 0.016584544581996045, 0.018541431996819905]</SD>
		<WAVELENGTH_UNIT>E-6m</WAVELENGTH_UNIT>
		<COLOR>#0a4ef6</COLOR>
		<COVARIANCE_MATRIX>[[0.00011673123901061393, 8.747135029619208e-05, 0.00010530653997209088, 7.284330566562723e-05], [8.747135029619208e-05, 8.790744288198237e-05, 0.00010799212570968546, 8.533822862356484e-05], [0.00010530653997209088, 0.00010799212570968546, 0.0002679347059850751, 0.000265361197568596], [7.284330566562723e-05, 8.533822862356484e-05, 0.000265361197568596, 0.0003369451913978368]]</COVARIANCE_MATRIX>
		<ROI_SIZE>7226</ROI_SIZE>
		<MAX_VALUE>[0.13046294450759888, 0.09293412417173386, 0.11173119395971298, 0.09137187153100967]</MAX_VALUE>
		<MIN_VALUE>[0.039625078439712524, 0.03201541304588318, 0.019421741366386414, 0.0031189611181616783]</MIN_VALUE>
		<SIGNATURE_THRESHOLD_MD>0</SIGNATURE_THRESHOLD_MD>
		<SIGNATURE_THRESHOLD_ML>0</SIGNATURE_THRESHOLD_ML>
		<SIGNATURE_THRESHOLD_SAM>0</SIGNATURE_THRESHOLD_SAM>
	</signature>
	<signature ID="20200908_123643173422_102">
		<MACROCLASSID>1</MACROCLASSID>
		<MACROCLASSINFO>waterbody</MACROCLASSINFO>
		<CLASSID>21</CLASSID>
		<CLASSINFO>C 1</CLASSINFO>
		<VALUES>[0.07584862519627278, 0.007124328426356882, 0.06526766679990181, 0.0077536104391378044, 0.09062480018002708, 0.01681785378786896, 0.08144913920662344, 0.024086705740850273]</VALUES>
		<LCS_MIN>[0.04195426031947136, 0.03201541304588318, 0.029037311673164368, 0.014433437958359718]</LCS_MIN>
		<LCS_MAX>[0.13279211521148682, 0.12062446027994156, 0.14442414045333862, 0.14115555584430695]</LCS_MAX>
		<WAVELENGTH>[0.55, 0.65, 0.75, 0.95]</WAVELENGTH>
		<MEAN_VALUE>[0.07584862519627278, 0.06526766679990181, 0.09062480018002708, 0.08144913920662344]</MEAN_VALUE>
		<CHECKBOX>2</CHECKBOX>
		<SD>[0.007124328426356882, 0.0077536104391378044, 0.01681785378786896, 0.024086705740850273]</SD>
		<WAVELENGTH_UNIT>E-6m</WAVELENGTH_UNIT>
		<COLOR>#44d9ee</COLOR>
		<COVARIANCE_MATRIX>[[5.0768441094075015e-05, 4.467557486485582e-05, 5.787383965598918e-05, 6.2389260913545e-05], [4.467557486485582e-05, 6.013314504074565e-05, 4.483609894590676e-05, 4.1087913250441824e-05], [5.787383965598918e-05, 4.483609894590676e-05, 0.0002829092251140892, 0.0003815509745297561], [6.2389260913545e-05, 4.1087913250441824e-05, 0.0003815509745297561, 0.0005803109672368031]]</COVARIANCE_MATRIX>
		<ROI_SIZE>4099</ROI_SIZE>
		<MAX_VALUE>[0.13279211521148682, 0.12062446027994156, 0.14442414045333862, 0.14115555584430695]</MAX_VALUE>
		<MIN_VALUE>[0.04195426031947136, 0.03201541304588318, 0.029037311673164368, 0.014433437958359718]</MIN_VALUE>
		<SIGNATURE_THRESHOLD_MD>0</SIGNATURE_THRESHOLD_MD>
		<SIGNATURE_THRESHOLD_ML>0</SIGNATURE_THRESHOLD_ML>
		<SIGNATURE_THRESHOLD_SAM>0</SIGNATURE_THRESHOLD_SAM>
	</signature>
	<signature ID="20200908_123741015041_619">
		<MACROCLASSID>1</MACROCLASSID>
		<MACROCLASSINFO>waterbody</MACROCLASSINFO>
		<CLASSID>22</CLASSID>
		<CLASSINFO>C 1</CLASSINFO>
		<VALUES>[0.07300485737579138, 0.004871938040657262, 0.06239552118146119, 0.004969092307682817, 0.09087885658234625, 0.015326013365840784, 0.08911822710981264, 0.02298774251695111]</VALUES>
		<LCS_MIN>[0.05825849622488022, 0.048629600554704666, 0.057884011417627335, 0.0347994901239872]</LCS_MIN>
		<LCS_MAX>[0.09319613128900528, 0.08185799419879913, 0.1309623271226883, 0.13210397958755493]</LCS_MAX>
		<WAVELENGTH>[0.55, 0.65, 0.75, 0.95]</WAVELENGTH>
		<MEAN_VALUE>[0.07300485737579138, 0.06239552118146119, 0.09087885658234625, 0.08911822710981264]</MEAN_VALUE>
		<CHECKBOX>2</CHECKBOX>
		<SD>[0.004871938040657262, 0.004969092307682817, 0.015326013365840784, 0.02298774251695111]</SD>
		<WAVELENGTH_UNIT>E-6m</WAVELENGTH_UNIT>
		<COLOR>#488024</COLOR>
		<COVARIANCE_MATRIX>[[2.3755203987446877e-05, 1.4095041397284814e-05, 1.4890892576488188e-05, 1.3738897061460272e-05], [1.4095041397284814e-05, 2.4712084482045234e-05, -1.0097640078304185e-05, -2.2908040304400633e-05], [1.4890892576488188e-05, -1.0097640078304185e-05, 0.00023507890065366973, 0.00033098721960548607], [1.3738897061460272e-05, -2.2908040304400633e-05, 0.00033098721960548607, 0.0005288687416279536]]</COVARIANCE_MATRIX>
		<ROI_SIZE>1223</ROI_SIZE>
		<MAX_VALUE>[0.09319613128900528, 0.08185799419879913, 0.1309623271226883, 0.13210397958755493]</MAX_VALUE>
		<MIN_VALUE>[0.05825849622488022, 0.048629600554704666, 0.057884011417627335, 0.0347994901239872]</MIN_VALUE>
		<SIGNATURE_THRESHOLD_MD>0</SIGNATURE_THRESHOLD_MD>
		<SIGNATURE_THRESHOLD_ML>0</SIGNATURE_THRESHOLD_ML>
		<SIGNATURE_THRESHOLD_SAM>0</SIGNATURE_THRESHOLD_SAM>
	</signature>
	<signature ID="20200908_123801176535_165">
		<MACROCLASSID>1</MACROCLASSID>
