<?xml version="1.0" ?>
<signaturelist MCID_LIST="[['1', 'waterbody', '#0000ff'], ['2', 'vegetation', '#00ff00'], ['3', 'bareland', '#ffaa00'], ['4', 'built-up', '#ff0000']]">
	<signature ID="20200826_151252573157_778">
		<MACROCLASSID>1</MACROCLASSID>
		<MACROCLASSINFO>waterbody</MACROCLASSINFO>
		<CLASSID>1</CLASSID>
		<CLASSINFO>C 1</CLASSINFO>
		<VALUES>[0.13763298141082517, 0.00651064333023736, 0.1187581415263769, 0.006849595922426942, 0.0992169391642238, 0.006932318692624265, 0.12688930310319582, 0.010919370088318335, 0.07851515766383928, 0.0066499354222857125, 0.05332698707585387, 0.005275933809320708]</VALUES>
		<LCS_MIN>[0.11766093224287033, 0.09701613336801529, 0.07779500633478165, 0.10296560078859329, 0.059738606214523315, 0.037627749145030975]</LCS_MIN>
		<LCS_MAX>[0.1599748283624649, 0.14153039455413818, 0.12422467768192291, 0.16676820814609528, 0.11512730270624161, 0.07902418822050095]</LCS_MAX>
		<WAVELENGTH>[0.485, 0.56, 0.66, 0.83, 1.65, 2.215]</WAVELENGTH>
		<MEAN_VALUE>[0.13763298141082517, 0.1187581415263769, 0.0992169391642238, 0.12688930310319582, 0.07851515766383928, 0.05332698707585387]</MEAN_VALUE>
		<CHECKBOX>2</CHECKBOX>
		<SD>[0.00651064333023736, 0.006849595922426942, 0.006932318692624265, 0.010919370088318335, 0.0066499354222857125, 0.005275933809320708]</SD>
		<WAVELENGTH_UNIT>E-6m</WAVELENGTH_UNIT>
		<COLOR>#2ef840</COLOR>
		<COVARIANCE_MATRIX>[[5.5666572734480724e-05, 5.5229294957825914e-05, 5.7714645663509145e-05, 1.9902732674381696e-05, 3.3024676667992026e-05, 3.488879883661866e-05], [5.5229294957825914e-05, 6.08334485150408e-05, 6.0525497246999294e-05, 2.5674642529338598e-05, 3.743558409041725e-05, 3.738310624612495e-05], [5.7714645663509145e-05, 6.0525497246999294e-05, 6.622999353567138e-05, 3.16105033562053e-05, 4.1874351154547185e-05, 4.03479061787948e-05], [1.9902732674381696e-05, 2.5674642529338598e-05, 3.16105033562053e-05, 0.00014270420069806278, 7.364372868323699e-05, 3.508118606987409e-05], [3.3024676667992026e-05, 3.743558409041725e-05, 4.1874351154547185e-05, 7.364372868323699e-05, 5.937892638030462e-05, 3.457658021943644e-05], [3.488879883661866e-05, 3.738310624612495e-05, 4.03479061787948e-05, 3.508118606987409e-05, 3.457658021943644e-05, 3.6154629924567416e-05]]</COVARIANCE_MATRIX>
		<ROI_SIZE>4340</ROI_SIZE>
		<MAX_VALUE>[0.1599748283624649, 0.14153039455413818, 0.12422467768192291, 0.16676820814609528, 0.11512730270624161, 0.07902418822050095]</MAX_VALUE>
		<MIN_VALUE>[0.11766093224287033, 0.09701613336801529, 0.07779500633478165, 0.10296560078859329, 0.059738606214523315, 0.037627749145030975]</MIN_VALUE>
		<SIGNATURE_THRESHOLD_MD>0.0</SIGNATURE_THRESHOLD_MD>
		<SIGNATURE_THRESHOLD_ML>0.0</SIGNATURE_THRESHOLD_ML>
		<SIGNATURE_THRESHOLD_SAM>0.0</SIGNATURE_THRESHOLD_SAM>
	</signature>
	<signature ID="20200826_151419328702_554">
		<MACROCLASSID>1</MACROCLASSID>
		<MACROCLASSINFO>waterbody</MACROCLASSINFO>
		<CLASSID>2</CLASSID>
		<CLASSINFO>C 1</CLASSINFO>
		<VALUES>[0.09463181551504553, 0.002725248169866554, 0.07198305120753616, 0.003556507147881612, 0.045767250064008766, 0.00285797275622919, 0.03932567800657448, 0.010241066174002594, 0.017405889337746127, 0.005212966281645703, 0.010045419085746058, 0.003661184341684774]</VALUES>
		<LCS_MIN>[0.08688721060752869, 0.06363045424222946, 0.03869633004069328, 0.020022202283143997, 0.00861058384180069, 0.002145084086805582]</LCS_MIN>
		<LCS_MAX>[0.11124974489212036, 0.08866971731185913, 0.06068933382630348, 0.07744455337524414, 0.04695660248398781, 0.025800196453928947]</LCS_MAX>
		<WAVELENGTH>[0.485, 0.56, 0.66, 0.83, 1.65, 2.215]</WAVELENGTH>
		<MEAN_VALUE>[0.09463181551504553, 0.07198305120753616, 0.045767250064008766, 0.03932567800657448, 0.017405889337746127, 0.010045419085746058]</MEAN_VALUE>
		<CHECKBOX>2</CHECKBOX>
		<SD>[0.002725248169866554, 0.003556507147881612, 0.00285797275622919, 0.010241066174002594, 0.005212966281645703, 0.003661184341684774]</SD>
		<WAVELENGTH_UNIT>E-6m</WAVELENGTH_UNIT>
		<COLOR>#bab5f5</COLOR>
		<COVARIANCE_MATRIX>[[7.44348199077649e-06, 7.166124760260573e-06, 5.590726232185261e-06, 4.545756837615045e-06, 2.5779302177397767e-06, 2.383606670264271e-06], [7.166124760260573e-06, 1.2676851838477887e-05, 7.767144779791124e-06, 9.604136721463874e-06, 2.8695531000266783e-06, 3.5525240491551813e-06], [5.590726232185261e-06, 7.767144779791124e-06, 8.186158993339632e-06, 1.0765711522253696e-05, 5.554884410230443e-06, 4.243037437845487e-06], [4.545756837615045e-06, 9.604136721463874e-06, 1.0765711522253696e-05, 0.0001051125000230968, 4.219652691972442e-05, 1.8793356503010727e-05], [2.5779302177397767e-06, 2.8695531000266783e-06, 5.554884410230443e-06, 4.219652691972442e-05, 2.723540637816768e-05, 1.1338958756823558e-05], [2.383606670264271e-06, 3.5525240491551813e-06, 4.243037437845487e-06, 1.8793356503010727e-05, 1.1338958756823558e-05, 1.3434058018901851e-05]]</COVARIANCE_MATRIX>
		<ROI_SIZE>451</ROI_SIZE>
		<MAX_VALUE>[0.11124974489212036, 0.08866971731185913, 0.06068933382630348, 0.07744455337524414, 0.04695660248398781, 0.025800196453928947]</MAX_VALUE>
		<MIN_VALUE>[0.08688721060752869, 0.06363045424222946, 0.03869633004069328, 0.020022202283143997, 0.00861058384180069, 0.002145084086805582]</MIN_VALUE>
		<SIGNATURE_THRESHOLD_MD>0.0</SIGNATURE_THRESHOLD_MD>
		<SIGNATURE_THRESHOLD_ML>0.0</SIGNATURE_THRESHOLD_ML>
		<SIGNATURE_THRESHOLD_SAM>0.0</SIGNATURE_THRESHOLD_SAM>
	</signature>
	<signature ID="20200826_151439721262_157">
		<MACROCLASSID>1</MACROCLASSID>
		<MACROCLASSINFO>waterbody</MACROCLASSINFO>
		<CLASSID>3</CLASSID>
		<CLASSINFO>C 1</CLASSINFO>
		<VALUES>[0.11177766630195463, 0.0028439845382466147, 0.08220296582604668, 0.004813258502088676, 0.06127086260722706, 0.0036533091240644137, 0.05184826874885401, 0.003994807600621965, 0.03647955590210913, 0.0031008543965635035, 0.02764117330924334, 0.003572939750238534]</VALUES>
		<LCS_MIN>[0.08688721060752869, 0.06363045424222946, 0.03869633004069328, 0.029592597857117653, 0.017131922766566277, 0.005101973190903664]</LCS_MIN>
		<LCS_MAX>[0.1227898895740509, 0.10258042812347412, 0.09001334756612778, 0.09658534079790115, 0.08104195445775986, 0.05536907911300659]</LCS_MAX>
		<WAVELENGTH>[0.485, 0.56, 0.66, 0.83, 1.65, 2.215]</WAVELENGTH>
		<MEAN_VALUE>[0.11177766630195463, 0.08220296582604668, 0.06127086260722706, 0.05184826874885401, 0.03647955590210913, 0.02764117330924334]</MEAN_VALUE>
		<CHECKBOX>2</CHECKBOX>
		<SD>[0.0028439845382466147, 0.004813258502088676, 0.0036533091240644137, 0.003994807600621965, 0.0031008543965635035, 0.003572939750238534]</SD>
		<WAVELENGTH_UNIT>E-6m</WAVELENGTH_UNIT>
		<COLOR>#55f119</COLOR>
		<COVARIANCE_MATRIX>[[9.466490155318752e-06, 6.675607892248081e-06, 6.590011707885424e-06, 1.4393000355994445e-06, 3.5821585697703995e-06, 4.734939011541428e-06], [6.675607892248081e-06, 2.681602018128615e-05, 1.8175629520555958e-05, 7.434980943799019e-06, 6.170814231154509e-06, 4.4316066123428755e-06], [6.590011707885424e-06, 1.8175629520555958e-05, 1.9724036974366754e-05, 9.422838047612458e-06, 9.09684422367718e-06, 6.780488547519781e-06], [1.4393000355994445e-06, 7.434980943799019e-06, 9.422838047612458e-06, 2.3934306227602065e-05, 1.263739432033617e-05, 7.035913313302444e-06], [3.5821585697703995e-06, 6.170814231154509e-06, 9.09684422367718e-06, 1.263739432033617e-05, 1.58295933943009e-05, 8.830084880173672e-06], [4.734939011541428e-06, 4.4316066123428755e-06, 6.780488547519781e-06, 7.035913313302444e-06, 8.830084880173672e-06, 1.573980443936307e-05]]</COVARIANCE_MATRIX>
		<ROI_SIZE>7220</ROI_SIZE>
		<MAX_VALUE>[0.1227898895740509, 0.10258042812347412, 0.09001334756612778, 0.09658534079790115, 0.08104195445775986, 0.05536907911300659]</MAX_VALUE>
		<MIN_VALUE>[0.08688721060752869, 0.06363045424222946, 0.03869633004069328, 0.029592597857117653, 0.017131922766566277, 0.005101973190903664]</MIN_VALUE>
		<SIGNATURE_THRESHOLD_MD>0.0</SIGNATURE_THRESHOLD_MD>
		<SIGNATURE_THRESHOLD_ML>0.0</SIGNATURE_THRESHOLD_ML>
		<SIGNATURE_THRESHOLD_SAM>0.0</SIGNATURE_THRESHOLD_SAM>
	</signature>
	<signature ID="20200826_153445681948_510">
		<MACROCLASSID>1</MACROCLASSID>
		<MACROCLASSINFO>waterbody</MACROCLASSINFO>
		<CLASSID>4</CLASSID>
		<CLASSINFO>C 1</CLASSINFO>
		<VALUES>[0.10375357611416694, 0.008976403493562995, 0.0820353867915961, 0.010685923812082497, 0.05868796147911796, 0.011804143905362921, 0.06913000722816086, 0.027451559757572668, 0.044700953907152105, 0.018340522625568893, 0.024917142708023077, 0.013046339929973233]</VALUES>
		<LCS_MIN>[0.08945167064666748, 0.0691947415471077, 0.043583665043115616, 0.013641942292451859, 0.017131922766566277, 0.002145084086805582]</LCS_MIN>
		<LCS_MAX>[0.13817675411701202, 0.12205538898706436, 0.10223168134689331, 0.12848664820194244, 0.1023453027009964, 0.07311040908098221]</LCS_MAX>
		<WAVELENGTH>[0.485, 0.56, 0.66, 0.83, 1.65, 2.215]</WAVELENGTH>
		<MEAN_VALUE>[0.10375357611416694, 0.0820353867915961, 0.05868796147911796, 0.06913000722816086, 0.044700953907152105, 0.024917142708023077]</MEAN_VALUE>
		<CHECKBOX>2</CHECKBOX>
		<SD>[0.008976403493562995, 0.010685923812082497, 0.011804143905362921, 0.027451559757572668, 0.018340522625568893, 0.013046339929973233]</SD>
		<WAVELENGTH_UNIT>E-6m</WAVELENGTH_UNIT>
		<COLOR>#86dc34</COLOR>
		<COVARIANCE_MATRIX>[[8.094207441899925e-05, 9.27041401155293e-05, 0.00010264400771120563, 7.574162737000734e-05, 9.077593858819455e-05, 9.068693907465786e-05], [9.27041401155293e-05, 0.00011470801109680906, 0.0001229124900419265, 0.00011439010995673016, 0.00011926514707738534, 0.00011384754907339811], [0.00010264400771120563, 0.0001229124900419265, 0.00013997116184327751, 0.0001307273341808468, 0.00013985585246700794, 0.00013143943215254694], [7.574162737000734e-05, 0.00011439010995673016, 0.0001307273341808468, 0.0007570135057903826, 0.00040433742105960846, 0.00023865062394179404], [9.077593858819455e-05, 0.00011926514707738534, 0.00013985585246700794, 0.00040433742105960846, 0.000337903737090528, 0.00020947914163116366], [9.068693907465786e-05, 0.00011384754907339811, 0.00013143943215254694, 0.00023865062394179404, 0.00020947914163116366, 0.00017098065291065723]]</COVARIANCE_MATRIX>
		<ROI_SIZE>221</ROI_SIZE>
		<MAX_VALUE>[0.13817675411701202, 0.12205538898706436, 0.10223168134689331, 0.12848664820194244, 0.1023453027009964, 0.07311040908098221]</MAX_VALUE>
		<MIN_VALUE>[0.08945167064666748, 0.0691947415471077, 0.043583665043115616, 0.013641942292451859, 0.017131922766566277, 0.002145084086805582]</MIN_VALUE>
		<SIGNATURE_THRESHOLD_MD>0.0</SIGNATURE_THRESHOLD_MD>
		<SIGNATURE_THRESHOLD_ML>0.0</SIGNATURE_THRESHOLD_ML>
		<SIGNATURE_THRESHOLD_SAM>0.0</SIGNATURE_THRESHOLD_SAM>
	</signature>
	<signature ID="20200826_153457580189_322">
		<MACROCLASSID>1</MACROCLASSID>
		<MACROCLASSINFO>waterbody</MACROCLASSINFO>
		<CLASSID>5</CLASSID>
		<CLASSINFO>C 1</CLASSINFO>
		<VALUES>[0.11123356288906329, 0.00367992282514468, 0.0766112606434489, 0.005383745595465703, 0.05801894576708145, 0.00406630541651115, 0.05118852035469305, 0.0053609891250857794, 0.03417790367380836, 0.0042981306265078975, 0.025455263511621983, 0.003670052716820364]</VALUES>
		<LCS_MIN>[0.10099183022975922, 0.06641260534524918, 0.046027328819036484, 0.03916298598051071, 0.02352292463183403, 0.008058861829340458]</LCS_MIN>
		<LCS_MAX>[0.13817675411701202, 0.12205538898706436, 0.09734435379505157, 0.11572612822055817, 0.08104195445775986, 0.05832596868276596]</LCS_MAX>
		<WAVELENGTH>[0.485, 0.56, 0.66, 0.83, 1.65, 2.215]</WAVELENGTH>
		<MEAN_VALUE>[0.11123356288906329, 0.0766112606434489, 0.05801894576708145, 0.05118852035469305, 0.03417790367380836, 0.025455263511621983]</MEAN_VALUE>
		<CHECKBOX>2</CHECKBOX>
		<SD>[0.00367992282514468, 0.005383745595465703, 0.00406630541651115, 0.0053609891250857794, 0.0042981306265078975, 0.003670052716820364]</SD>
		<WAVELENGTH_UNIT>E-6m</WAVELENGTH_UNIT>
		<COLOR>#ec1aef</COLOR>
		<COVARIANCE_MATRIX>[[1.3268733709992375e-05, 1.615381916053593e-05, 1.06411080196267e-05, 1.045158933266066e-05, 9.539036909700371e-06, 6.259314886847278e-06], [1.615381916053593e-05, 2.886321999540087e-05, 1.6496944226673804e-05, 1.758801045070868e-05, 1.4585440112568904e-05, 9.062534445547499e-06], [1.06411080196267e-05, 1.6496944226673804e-05, 1.4699944586027414e-05, 1.3438007044896949e-05, 1.1677539987431373e-05, 7.398647085210541e-06], [1.045158933266066e-05, 1.758801045070868e-05, 1.3438007044896949e-05, 2.1751877284259535e-05, 1.4550119885825552e-05, 8.708224413567223e-06], [9.539036909700371e-06, 1.4585440112568904e-05, 1.1677539987431373e-05, 1.4550119885825552e-05, 1.5591127521474846e-05, 7.891591849329416e-06], [6.259314886847278e-06, 9.062534445547499e-06, 7.398647085210541e-06, 8.708224413567223e-06, 7.891591849329416e-06, 1.2696836165559944e-05]]</COVARIANCE_MATRIX>
		<ROI_SIZE>9216</ROI_SIZE>
		<MAX_VALUE>[0.13817675411701202, 0.12205538898706436, 0.09734435379505157, 0.11572612822055817, 0.08104195445775986, 0.05832596868276596]</MAX_VALUE>
		<MIN_VALUE>[0.10099183022975922, 0.06641260534524918, 0.046027328819036484, 0.03916298598051071, 0.02352292463183403, 0.008058861829340458]</MIN_VALUE>
		<SIGNATURE_THRESHOLD_MD>0.0</SIGNATURE_THRESHOLD_MD>
		<SIGNATURE_THRESHOLD_ML>0.0</SIGNATURE_THRESHOLD_ML>
		<SIGNATURE_THRESHOLD_SAM>0.0</SIGNATURE_THRESHOLD_SAM>
	</signature>
	<signature ID="20200826_153513910237_881">
		<MACROCLASSID>1</MACROCLASSID>
		<MACROCLASSINFO>waterbody</MACROCLASSINFO>
		<CLASSID>6</CLASSID>
		<CLASSINFO>C 1</CLASSINFO>
		<VALUES>[0.15243572035999414, 0.005576941206390612, 0.1560259486831916, 0.007868427370834244, 0.13891490720218594, 0.0058101759367301725, 0.06965858451653528, 0.007571796485745465, 0.026362346398881423, 0.0050288670120212774, 0.01964708461916816, 0.004105007401552983]</VALUES>
		<LCS_MIN>[0.11894317716360092, 0.11092682927846909, 0.09245701134204865, 0.051923517137765884, 0.015001586638391018, 0.0]</LCS_MIN>
		<LCS_MAX>[0.17023272812366486, 0.16935177147388458, 0.15110504627227783, 0.13486690819263458, 0.08104195445775986, 0.05241220071911812]</LCS_MAX>
		<WAVELENGTH>[0.485, 0.56, 0.66, 0.83, 1.65, 2.215]</WAVELENGTH>
		<MEAN_VALUE>[0.15243572035999414, 0.1560259486831916, 0.13891490720218594, 0.06965858451653528, 0.026362346398881423, 0.01964708461916816]</MEAN_VALUE>
		<CHECKBOX>2</CHECKBOX>
		<SD>[0.005576941206390612, 0.007868427370834244, 0.0058101759367301725, 0.007571796485745465, 0.0050288670120212774, 0.004105007401552983]</SD>
		<WAVELENGTH_UNIT>E-6m</WAVELENGTH_UNIT>
		<COLOR>#75c652</COLOR>
		<COVARIANCE_MATRIX>[[2.3815055101295002e-05, 3.0303201128845103e-05, 2.1269086573738605e-05, -8.219180017476901e-06, 1.3178779454392497e-06, 3.4451870760676684e-06], [3.0303201128845103e-05, 4.693119990406558e-05, 3.003969686687924e-05, -1.5984920537448488e-05, -1.320966816820146e-06, 2.6686673209042056e-06], [2.1269086573738605e-05, 3.003969686687924e-05, 2.4574057533754967e-05, -7.85783959145192e-06, 1.290366412831645e-06, 3.6537212508847006e-06], [-8.219180017476901e-06, -1.5984920537448488e-05, -7.85783959145192e-06, 4.284702299628407e-05, 2.326073263247963e-05, 1.286387396248756e-05], [1.3178779454392497e-06, -1.320966816820146e-06, 1.290366412831645e-06, 2.326073263247963e-05, 2.225467142125126e-05, 1.1954997717111837e-05], [3.4451870760676684e-06, 2.6686673209042056e-06, 3.6537212508847006e-06, 1.286387396248756e-05, 1.1954997717111837e-05, 1.6105081158457324e-05]]</COVARIANCE_MATRIX>
		<ROI_SIZE>8626</ROI_SIZE>
		<MAX_VALUE>[0.17023272812366486, 0.16935177147388458, 0.15110504627227783, 0.13486690819263458, 0.08104195445775986, 0.05241220071911812]</MAX_VALUE>
		<MIN_VALUE>[0.11894317716360092, 0.11092682927846909, 0.09245701134204865, 0.051923517137765884, 0.015001586638391018, 0.0]</MIN_VALUE>
		<SIGNATURE_THRESHOLD_MD>0.0</SIGNATURE_THRESHOLD_MD>
		<SIGNATURE_THRESHOLD_ML>0.0</SIGNATURE_THRESHOLD_ML>
		<SIGNATURE_THRESHOLD_SAM>0.0</SIGNATURE_THRESHOLD_SAM>
	</signature>
	<signature ID="20200826_153525718179_647">
		<MACROCLASSID>1</MACROCLASSID>
		<MACROCLASSINFO>waterbody</MACROCLASSINFO>
		<CLASSID>7</CLASSID>
		<CLASSINFO>C 1</CLASSINFO>
		<VALUES>[0.15862331931902532, 0.00827124309888727, 0.16107439366369308, 0.01380171411654998, 0.14664682957263211, 0.013814171726945722, 0.11031404448917395, 0.011290343829144076, 0.05939053147561945, 0.006498076675458895, 0.043136855628960885, 0.005188153601291115]</VALUES>
		<LCS_MIN>[0.11509644985198975, 0.0997982770204544, 0.08023868501186371, 0.08701494336128235, 0.04269593209028244, 0.02284330502152443]</LCS_MIN>
		<LCS_MAX>[0.18690183758735657, 0.19717317819595337, 0.1902037262916565, 0.16995835304260254, 0.10660596936941147, 0.08198109269142151]</LCS_MAX>
		<WAVELENGTH>[0.485, 0.56, 0.66, 0.83, 1.65, 2.215]</WAVELENGTH>
		<MEAN_VALUE>[0.15862331931902532, 0.16107439366369308, 0.14664682957263211, 0.11031404448917395, 0.05939053147561945, 0.043136855628960885]</MEAN_VALUE>
		<CHECKBOX>2</CHECKBOX>
		<SD>[0.00827124309888727, 0.01380171411654998, 0.013814171726945722, 0.011290343829144076, 0.006498076675458895, 0.005188153601291115]</SD>
		<WAVELENGTH_UNIT>E-6m</WAVELENGTH_UNIT>
		<COLOR>#c24f3b</COLOR>
		<COVARIANCE_MATRIX>[[5.481547850649804e-05, 8.657468424644321e-05, 8.312370482599363e-05, 5.141250312590273e-06, 1.7981401470024139e-06, 8.373903256142512e-06], [8.657468424644321e-05, 0.00015701577649451792, 0.00014208012726157904, -1.1443520634202287e-05, -1.1262922271271236e-05, 3.6653927963925526e-06], [8.312370482599363e-05, 0.00014208012726157904, 0.00014514695794787258, 6.557861070177751e-06, -2.921321765825269e-06, 8.99890892469557e-06], [5.141250312590273e-06, -1.1443520634202287e-05, 6.557861070177751e-06, 0.00010546172416070476, 5.058783426648006e-05, 3.0520885047735646e-05], [1.7981401470024139e-06, -1.1262922271271236e-05, -2.921321765825269e-06, 5.058783426648006e-05, 3.4789649362210184e-05, 2.00389858946437e-05], [8.373903256142512e-06, 3.6653927963925526e-06, 8.99890892469557e-06, 3.0520885047735646e-05, 2.00389858946437e-05, 2.3641749066882767e-05]]</COVARIANCE_MATRIX>
		<ROI_SIZE>9133</ROI_SIZE>
		<MAX_VALUE>[0.18690183758735657, 0.19717317819595337, 0.1902037262916565, 0.16995835304260254, 0.10660596936941147, 0.08198109269142151]</MAX_VALUE>
		<MIN_VALUE>[0.11509644985198975, 0.0997982770204544, 0.08023868501186371, 0.08701494336128235, 0.04269593209028244, 0.02284330502152443]</MIN_VALUE>
		<SIGNATURE_THRESHOLD_MD>0.0</SIGNATURE_THRESHOLD_MD>
		<SIGNATURE_THRESHOLD_ML>0.0</SIGNATURE_THRESHOLD_ML>
		<SIGNATURE_THRESHOLD_SAM>0.0</SIGNATURE_THRESHOLD_SAM>
	</signature>
	<signature ID="20200826_153625980296_610">
		<MACROCLASSID>1</MACROCLASSID>
		<MACROCLASSINFO>waterbody</MACROCLASSINFO>
		<CLASSID>8</CLASSID>
		<CLASSINFO>C 1</CLASSINFO>
		<VALUES>[0.1620400834633539, 0.009854398973040945, 0.16538789283998326, 0.014018070812450186, 0.1474259844840626, 0.01467073137732269, 0.0981869259992415, 0.011854622056920457, 0.050733309450903916, 0.007806008991133781, 0.036025263475504846, 0.006206593832151305]</VALUES>
		<LCS_MIN>[0.11894317716360092, 0.10536256432533264, 0.08756967633962631, 0.06787416338920593, 0.034174595028162, 0.013972639106214046]</LCS_MIN>
		<LCS_MAX>[0.19459526240825653, 0.19995534420013428, 0.18531639873981476, 0.16676820814609528, 0.11512730270624161, 0.08789485692977905]</LCS_MAX>
		<WAVELENGTH>[0.485, 0.56, 0.66, 0.83, 1.65, 2.215]</WAVELENGTH>
		<MEAN_VALUE>[0.1620400834633539, 0.16538789283998326, 0.1474259844840626, 0.0981869259992415, 0.050733309450903916, 0.036025263475504846]</MEAN_VALUE>
		<CHECKBOX>2</CHECKBOX>
		<SD>[0.009854398973040945, 0.014018070812450186, 0.01467073137732269, 0.011854622056920457, 0.007806008991133781, 0.006206593832151305]</SD>
		<WAVELENGTH_UNIT>E-6m</WAVELENGTH_UNIT>
		<COLOR>#367281</COLOR>
		<COVARIANCE_MATRIX>[[9.267612040275708e-05, 0.00012780334509443492, 0.00013360244338400662, 6.490922532975674e-05, 4.196575901005417e-05, 3.61455931852106e-05], [0.00012780334509443492, 0.0001886478712549433, 0.00019328489725012332, 8.930723561206833e-05, 5.4554006055695936e-05, 4.706937761511654e-05], [0.00013360244338400662, 0.00019328489725012332, 0.00020619839779101312, 9.282328392146155e-05, 5.5561871704412624e-05, 4.846796582569368e-05], [6.490922532975674e-05, 8.930723561206833e-05, 9.282328392146155e-05, 0.00013944890815764666, 7.598044612677768e-05, 4.9228845455218107e-05], [4.196575901005417e-05, 5.4554006055695936e-05, 5.5561871704412624e-05, 7.598044612677768e-05, 5.602263627224602e-05, 3.656505577964708e-05], [3.61455931852106e-05, 4.706937761511654e-05, 4.846796582569368e-05, 4.9228845455218107e-05, 3.656505577964708e-05, 3.6006837035529315e-05]]</COVARIANCE_MATRIX>
		<ROI_SIZE>8708</ROI_SIZE>
		<MAX_VALUE>[0.19459526240825653, 0.19995534420013428, 0.18531639873981476, 0.16676820814609528, 0.11512730270624161, 0.08789485692977905]</MAX_VALUE>
		<MIN_VALUE>[0.11894317716360092, 0.10536256432533264, 0.08756967633962631, 0.06787416338920593, 0.034174595028162, 0.013972639106214046]</MIN_VALUE>
		<SIGNATURE_THRESHOLD_MD>0.0</SIGNATURE_THRESHOLD_MD>
		<SIGNATURE_THRESHOLD_ML>0.0</SIGNATURE_THRESHOLD_ML>
		<SIGNATURE_THRESHOLD_SAM>0.0</SIGNATURE_THRESHOLD_SAM>
	</signature>
	<signature ID="20200826_153647795891_846">
		<MACROCLASSID>1</MACROCLASSID>
		<MACROCLASSINFO>waterbody</MACROCLASSINFO>
		<CLASSID>9</CLASSID>
		<CLASSINFO>C 1</CLASSINFO>
		<VALUES>[0.14224422275690873, 0.007560652774067062, 0.14480713650721921, 0.01096724865916208, 0.1263757962277012, 0.012709412890919052, 0.07957472726508126, 0.014446863422615237, 0.02189543177181002, 0.007169251268363915, 0.013019831112128344, 0.00423974020272304]</VALUES>
		<LCS_MIN>[0.10612078756093979, 0.08866971731185913, 0.06557667255401611, 0.04554324969649315, 0.010740918107330799, 0.0]</LCS_MIN>
		<LCS_MAX>[0.15484584867954254, 0.16100536286830902, 0.14377403259277344, 0.14762742817401886, 0.07891161739826202, 0.04058464244008064]</LCS_MAX>
		<WAVELENGTH>[0.485, 0.56, 0.66, 0.83, 1.65, 2.215]</WAVELENGTH>
		<MEAN_VALUE>[0.14224422275690873, 0.14480713650721921, 0.1263757962277012, 0.07957472726508126, 0.02189543177181002, 0.013019831112128344]</MEAN_VALUE>
		<CHECKBOX>2</CHECKBOX>
		<SD>[0.007560652774067062, 0.01096724865916208, 0.012709412890919052, 0.014446863422615237, 0.007169251268363915, 0.00423974020272304]</SD>
		<WAVELENGTH_UNIT>E-6m</WAVELENGTH_UNIT>
		<COLOR>#743384</COLOR>
		<COVARIANCE_MATRIX>[[4.350605740910396e-05, 5.780061110272072e-05, 6.717393989674747e-05, -3.661788650788367e-05, -2.642701474542264e-05, -1.0144452971871942e-05], [5.780061110272072e-05, 8.641975000500679e-05, 9.626163227949291e-05, -4.6984780055936426e-05, -3.739679232239723e-05, -1.4993562217568979e-05], [6.717393989674747e-05, 9.626163227949291e-05, 0.00011793560406658798, -6.002893496770412e-05, -4.955006079399027e-05, -2.0521212718449533e-05], [-3.661788650788367e-05, -4.6984780055936426e-05, -6.002893496770412e-05, 0.00020758401660714298, 7.066853868309408e-05, 2.4807906811474822e-05], [-2.642701474542264e-05, -3.739679232239723e-05, -4.955006079399027e-05, 7.066853868309408e-05, 4.779679511557333e-05, 1.9799877918558195e-05], [-1.0144452971871942e-05, -1.4993562217568979e-05, -2.0521212718449533e-05, 2.4807906811474822e-05, 1.9799877918558195e-05, 1.8143335182685405e-05]]</COVARIANCE_MATRIX>
		<ROI_SIZE>8848</ROI_SIZE>
		<MAX_VALUE>[0.15484584867954254, 0.16100536286830902, 0.14377403259277344, 0.14762742817401886, 0.07891161739826202, 0.04058464244008064]</MAX_VALUE>
		<MIN_VALUE>[0.10612078756093979, 0.08866971731185913, 0.06557667255401611, 0.04554324969649315, 0.010740918107330799, 0.0]</MIN_VALUE>
		<SIGNATURE_THRESHOLD_MD>0.0</SIGNATURE_THRESHOLD_MD>
		<SIGNATURE_THRESHOLD_ML>0.0</SIGNATURE_THRESHOLD_ML>
		<SIGNATURE_THRESHOLD_SAM>0.0</SIGNATURE_THRESHOLD_SAM>
	</signature>
	<signature ID="20200826_153657863911_752">
		<MACROCLASSID>1</MACROCLASSID>
		<MACROCLASSINFO>waterbody</MACROCLASSINFO>
		<CLASSID>10</CLASSID>
		<CLASSINFO>C 1</CLASSINFO>
		<VALUES>[0.16295812755926778, 0.004757504633888375, 0.17044270907863138, 0.006924948160270422, 0.15431433378562173, 0.0064132857980863656, 0.08548489423396387, 0.005195246246092884, 0.034531365909863804, 0.003622085441692963, 0.024989150077757996, 0.003234964141550858]</VALUES>
		<LCS_MIN>[0.12022540718317032, 0.10814469307661057, 0.09245701134204865, 0.07425442337989807, 0.02352292463183403, 0.008058861829340458]</LCS_MIN>
		<LCS_MAX>[0.17279721796512604, 0.18326246738433838, 0.16576707363128662, 0.15081757307052612, 0.0895632952451706, 0.04945530742406845]</LCS_MAX>
		<WAVELENGTH>[0.485, 0.56, 0.66, 0.83, 1.65, 2.215]</WAVELENGTH>
		<MEAN_VALUE>[0.16295812755926778, 0.17044270907863138, 0.15431433378562173, 0.08548489423396387, 0.034531365909863804, 0.024989150077757996]</MEAN_VALUE>
		<CHECKBOX>2</CHECKBOX>
		<SD>[0.004757504633888375, 0.006924948160270422, 0.0064132857980863656, 0.005195246246092884, 0.003622085441692963, 0.003234964141550858]</SD>
		<WAVELENGTH_UNIT>E-6m</WAVELENGTH_UNIT>
		<COLOR>#7cab65</COLOR>
		<COVARIANCE_MATRIX>[[2.1472143998835236e-05, 2.81771626760019e-05, 2.58186391874915e-05, -9.08927177079022e-06, -6.104865406086901e-06, -1.4833408386039082e-06], [2.81771626760019e-05, 4.6092762204352766e-05, 3.832717993645929e-05, -1.577089642523788e-05, -1.0849046702787746e-05, -3.6020862808072707e-06], [2.58186391874915e-05, 3.832717993645929e-05, 3.805439700954594e-05, -1.4268298400565982e-05, -9.592922651791014e-06, -2.946522954516695e-06], [-9.08927177079022e-06, -1.577089642523788e-05, -1.4268298400565982e-05, 2.9034881663392298e-05, 1.6286781828966923e-05, 8.50483775138855e-06], [-6.104865406086901e-06, -1.0849046702787746e-05, -9.592922651791014e-06, 1.6286781828966923e-05, 1.4526123777613975e-05, 6.254930667637382e-06], [-1.4833408386039082e-06, -3.6020862808072707e-06, -2.946522954516695e-06, 8.50483775138855e-06, 6.254930667637382e-06, 1.097593212762149e-05]]</COVARIANCE_MATRIX>
		<ROI_SIZE>8813</ROI_SIZE>
		<MAX_VALUE>[0.17279721796512604, 0.18326246738433838, 0.16576707363128662, 0.15081757307052612, 0.0895632952451706, 0.04945530742406845]</MAX_VALUE>
		<MIN_VALUE>[0.12022540718317032, 0.10814469307661057, 0.09245701134204865, 0.07425442337989807, 0.02352292463183403, 0.008058861829340458]</MIN_VALUE>
		<SIGNATURE_THRESHOLD_MD>0.0</SIGNATURE_THRESHOLD_MD>
		<SIGNATURE_THRESHOLD_ML>0.0</SIGNATURE_THRESHOLD_ML>
		<SIGNATURE_THRESHOLD_SAM>0.0</SIGNATURE_THRESHOLD_SAM>
	</signature>
	<signature ID="20200826_160341054020_339">
		<MACROCLASSID>1</MACROCLASSID>
		<MACROCLASSINFO>waterbody</MACROCLASSINFO>
		<CLASSID>11</CLASSID>
		<CLASSINFO>C 1</CLASSINFO>
		<VALUES>[0.09137406705179489, 0.004600014239309078, 0.06555216537794165, 0.006494487346721941, 0.04468851289386352, 0.007030199710562703, 0.040743509088119134, 0.01558105094254486, 0.023191071910172206, 0.012668873034847141, 0.014549690635951311, 0.007508535551888966]</VALUES>
		<LCS_MIN>[0.08304049074649811, 0.052501898258924484, 0.03380899131298065, 0.020022202283143997, 0.00861058384180069, 0.0]</LCS_MIN>
		<LCS_MAX>[0.11766093224287033, 0.10536256432533264, 0.09490068256855011, 0.1221063882112503, 0.10447561740875244, 0.07015352696180344]</LCS_MAX>
		<WAVELENGTH>[0.485, 0.56, 0.66, 0.83, 1.65, 2.215]</WAVELENGTH>
		<MEAN_VALUE>[0.09137406705179489, 0.06555216537794165, 0.04468851289386352, 0.040743509088119134, 0.023191071910172206, 0.014549690635951311]</MEAN_VALUE>
		<CHECKBOX>2</CHECKBOX>
		<SD>[0.004600014239309078, 0.006494487346721941, 0.007030199710562703, 0.01558105094254486, 0.012668873034847141, 0.007508535551888966]</SD>
		<WAVELENGTH_UNIT>E-6m</WAVELENGTH_UNIT>
		<COLOR>#95d253</COLOR>
		<COVARIANCE_MATRIX>[[2.1176221707719378e-05, 2.533561928430572e-05, 2.7151743779540993e-05, 3.788618414546363e-05, 3.4065702493535355e-05, 2.331254472665023e-05], [2.533561928430572e-05, 4.2210442188661546e-05, 4.144843842368573e-05, 7.158117659855634e-05, 6.070937524782494e-05, 3.731605102075264e-05], [2.7151743779540993e-05, 4.144843842368573e-05, 4.946129411109723e-05, 8.341734792338684e-05, 7.207672751974314e-05, 4.399961471790448e-05], [3.788618414546363e-05, 7.158117659855634e-05, 8.341734792338684e-05, 0.0002429537707939744, 0.0001780644670361653, 9.251261508325115e-05], [3.4065702493535355e-05, 6.070937524782494e-05, 7.207672751974314e-05, 0.0001780644670361653, 0.0001606223959242925, 8.204975165426731e-05], [2.331254472665023e-05, 3.731605102075264e-05, 4.399961471790448e-05, 9.251261508325115e-05, 8.204975165426731e-05, 5.642098039970733e-05]]</COVARIANCE_MATRIX>
		<ROI_SIZE>1316</ROI_SIZE>
		<MAX_VALUE>[0.11766093224287033, 0.10536256432533264, 0.09490068256855011, 0.1221063882112503, 0.10447561740875244, 0.07015352696180344]</MAX_VALUE>
		<MIN_VALUE>[0.08304049074649811, 0.052501898258924484, 0.03380899131298065, 0.020022202283143997, 0.00861058384180069, 0.0]</MIN_VALUE>
		<SIGNATURE_THRESHOLD_MD>0.0</SIGNATURE_THRESHOLD_MD>
		<SIGNATURE_THRESHOLD_ML>0.0</SIGNATURE_THRESHOLD_ML>
		<SIGNATURE_THRESHOLD_SAM>0.0</SIGNATURE_THRESHOLD_SAM>
	</signature>
	<signature ID="20200826_160349923948_420">
		<MACROCLASSID>1</MACROCLASSID>
		<MACROCLASSINFO>waterbody</MACROCLASSINFO>
		<CLASSID>12</CLASSID>
		<CLASSINFO>C 1</CLASSINFO>
		<VALUES>[0.0996648843265192, 0.006468494159671289, 0.07622490637683563, 0.007053669366369998, 0.057992836739783095, 0.006463129709147708, 0.05493189064478509, 0.0118499631971253, 0.03295358617636378, 0.007249718723599965, 0.023492905781935403, 0.004933670044340159]</VALUES>
		<LCS_MIN>[0.07919377833604813, 0.052501898258924484, 0.03625266253948212, 0.03278272598981857, 0.017131922766566277, 0.002145084086805582]</LCS_MIN>
		<LCS_MAX>[0.1433057188987732, 0.12483753263950348, 0.1095626950263977, 0.1221063882112503, 0.09808462858200073, 0.0642397478222847]</LCS_MAX>
		<WAVELENGTH>[0.485, 0.56, 0.66, 0.83, 1.65, 2.215]</WAVELENGTH>
		<MEAN_VALUE>[0.0996648843265192, 0.07622490637683563, 0.057992836739783095, 0.05493189064478509, 0.03295358617636378, 0.023492905781935403]</MEAN_VALUE>
		<CHECKBOX>2</CHECKBOX>
		<SD>[0.006468494159671289, 0.007053669366369998, 0.006463129709147708, 0.0118499631971253, 0.007249718723599965, 0.004933670044340159]</SD>
		<WAVELENGTH_UNIT>E-6m</WAVELENGTH_UNIT>
		<COLOR>#2e4960</COLOR>
		<COVARIANCE_MATRIX>[[3.397584441700019e-05, 3.3643085771473125e-05, 3.077567453146912e-05, 1.533500471850857e-05, 1.8375931176706217e-05, 1.553983565827366e-05], [3.3643085771473125e-05, 4.009650365333073e-05, 3.421618021093309e-05, 2.4640698029543273e-05, 2.301159292983357e-05, 1.803593295335304e-05], [3.077567453146912e-05, 3.421618021093309e-05, 3.4449803933966905e-05, 2.7875963496626355e-05, 2.4195136575144716e-05, 1.792956391000189e-05], [1.533500471850857e-05, 2.4640698029543273e-05, 2.7875963496626355e-05, 0.00011893428018083796, 6.085183849791065e-05, 2.8803162422263995e-05], [1.8375931176706217e-05, 2.301159292983357e-05, 2.4195136575144716e-05, 6.085183849791065e-05, 4.4800897740060464e-05, 2.2521520804730244e-05], [1.553983565827366e-05, 1.803593295335304e-05, 1.792956391000189e-05, 2.8803162422263995e-05, 2.2521520804730244e-05, 2.116214636771474e-05]]</COVARIANCE_MATRIX>
		<ROI_SIZE>7738</ROI_SIZE>
		<MAX_VALUE>[0.1433057188987732, 0.12483753263950348, 0.1095626950263977, 0.1221063882112503, 0.09808462858200073, 0.0642397478222847]</MAX_VALUE>
		<MIN_VALUE>[0.07919377833604813, 0.052501898258924484, 0.03625266253948212, 0.03278272598981857, 0.017131922766566277, 0.002145084086805582]</MIN_VALUE>
		<SIGNATURE_THRESHOLD_MD>0.0</SIGNATURE_THRESHOLD_MD>
		<SIGNATURE_THRESHOLD_ML>0.0</SIGNATURE_THRESHOLD_ML>
		<SIGNATURE_THRESHOLD_SAM>0.0</SIGNATURE_THRESHOLD_SAM>
	</signature>
	<signature ID="20200826_160400034169_846">
		<MACROCLASSID>1</MACROCLASSID>
		<MACROCLASSINFO>waterbody</MACROCLASSINFO>
		<CLASSID>13</CLASSID>
		<CLASSINFO>C 1</CLASSINFO>
		<VALUES>[0.11107689125977625, 0.01013927677252107, 0.08486961300664185, 0.011036026744840177, 0.06644414659425317, 0.010965299699623657, 0.06800517291262764, 0.012232760570409607, 0.04063183157261812, 0.011429341811655835, 0.028973191123230952, 0.009661006366971633]</VALUES>
		<LCS_MIN>[0.08816944807767868, 0.052501898258924484, 0.04113999381661415, 0.04235311970114708, 0.021392591297626495, 0.002145084086805582]</LCS_MIN>
		<LCS_MAX>[0.17151498794555664, 0.14709465205669403, 0.1315557062625885, 0.13805703818798065, 0.10660596936941147, 0.09380864351987839]</LCS_MAX>
		<WAVELENGTH>[0.485, 0.56, 0.66, 0.83, 1.65, 2.215]</WAVELENGTH>
		<MEAN_VALUE>[0.11107689125977625, 0.08486961300664185, 0.06644414659425317, 0.06800517291262764, 0.04063183157261812, 0.028973191123230952]</MEAN_VALUE>
		<CHECKBOX>2</CHECKBOX>
		<SD>[0.01013927677252107, 0.011036026744840177, 0.010965299699623657, 0.012232760570409607, 0.011429341811655835, 0.009661006366971633]</SD>
		<WAVELENGTH_UNIT>E-6m</WAVELENGTH_UNIT>
		<COLOR>#4120de</COLOR>
		<COVARIANCE_MATRIX>[[9.510803647572175e-05, 0.00010157383076148108, 0.00010157681390410289, 0.00010476960596861318, 9.692452294984832e-05, 7.849434041418135e-05], [0.00010157383076148108, 0.00011535618978086859, 0.0001113611288019456, 0.00011619427095865831, 0.00010570841550361365, 8.523176074959338e-05], [0.00010157681390410289, 0.0001113611288019456, 0.00011421698582125828, 0.0001193004718516022, 0.00010891664715018123, 8.748181426199153e-05], [0.00010476960596861318, 0.00011619427095865831, 0.0001193004718516022, 0.00017224482144229114, 0.00013763015158474445, 0.00010261568968417123], [9.692452294984832e-05, 0.00010570841550361365, 0.00010891664715018123, 0.00013763015158474445, 0.00012768665328621864, 9.58507735049352e-05], [7.849434041418135e-05, 8.523176074959338e-05, 8.748181426199153e-05, 0.00010261568968417123, 9.58507735049352e-05, 8.339012128999457e-05]]</COVARIANCE_MATRIX>
		<ROI_SIZE>7812</ROI_SIZE>
		<MAX_VALUE>[0.17151498794555664, 0.14709465205669403, 0.1315557062625885, 0.13805703818798065, 0.10660596936941147, 0.09380864351987839]</MAX_VALUE>
		<MIN_VALUE>[0.08816944807767868, 0.052501898258924484, 0.04113999381661415, 0.04235311970114708, 0.021392591297626495, 0.002145084086805582]</MIN_VALUE>
		<SIGNATURE_THRESHOLD_MD>0.0</SIGNATURE_THRESHOLD_MD>
		<SIGNATURE_THRESHOLD_ML>0.0</SIGNATURE_THRESHOLD_ML>
		<SIGNATURE_THRESHOLD_SAM>0.0</SIGNATURE_THRESHOLD_SAM>
	</signature>
	<signature ID="20200826_160444160260_669">
		<MACROCLASSID>1</MACROCLASSID>
		<MACROCLASSINFO>waterbody</MACROCLASSINFO>
		<CLASSID>14</CLASSID>
		<CLASSINFO>C 1</CLASSINFO>
		<VALUES>[0.10801645783377223, 0.0063404360192544675, 0.07836070071155413, 0.011661752914445607, 0.05652124680965171, 0.009829413335067106, 0.04672771538770668, 0.013255011508895456, 0.028303199839543484, 0.008256148668823182, 0.020501336713733873, 0.00544598929703157]</VALUES>
		<LCS_MIN>[0.08688721060752869, 0.052501898258924484, 0.03625266253948212, 0.023212336003780365, 0.012871252372860909, 0.005101973190903664]</LCS_MIN>
		<LCS_MAX>[0.14458796381950378, 0.12205538898706436, 0.09734435379505157, 0.10296560078859329, 0.08743295818567276, 0.06128285825252533]</LCS_MAX>
		<WAVELENGTH>[0.485, 0.56, 0.66, 0.83, 1.65, 2.215]</WAVELENGTH>
		<MEAN_VALUE>[0.10801645783377223, 0.07836070071155413, 0.05652124680965171, 0.04672771538770668, 0.028303199839543484, 0.020501336713733873]</MEAN_VALUE>
		<CHECKBOX>2</CHECKBOX>
		<SD>[0.0063404360192544675, 0.011661752914445607, 0.009829413335067106, 0.013255011508895456, 0.008256148668823182, 0.00544598929703157]</SD>
		<WAVELENGTH_UNIT>E-6m</WAVELENGTH_UNIT>
		<COLOR>#323390</COLOR>
		<COVARIANCE_MATRIX>[[3.3810094464570284e-05, 4.640953920898028e-05, 3.246480628149584e-05, 4.600800821208395e-06, 1.1213156540179625e-05, 9.962938747776207e-06], [4.640953920898028e-05, 0.00011533159704413265, 8.645256457384676e-05, 4.707065090769902e-05, 2.892638985940721e-05, 1.4646958334196825e-05], [3.246480628149584e-05, 8.645256457384676e-05, 8.108400652417913e-05, 6.480728188762441e-05, 4.046075991936959e-05, 2.0542205675155856e-05], [4.600800821208395e-06, 4.707065090769902e-05, 6.480728188762441e-05, 0.00014294259017333388, 7.060137431835756e-05, 3.225878026569262e-05], [1.1213156540179625e-05, 2.892638985940721e-05, 4.046075991936959e-05, 7.060137431835756e-05, 5.747440445702523e-05, 2.9349757824093103e-05], [9.962938747776207e-06, 1.4646958334196825e-05, 2.0542205675155856e-05, 3.225878026569262e-05, 2.9349757824093103e-05, 2.5682293198769912e-05]]</COVARIANCE_MATRIX>
		<ROI_SIZE>7538</ROI_SIZE>
		<MAX_VALUE>[0.14458796381950378, 0.12205538898706436, 0.09734435379505157, 0.10296560078859329, 0.08743295818567276, 0.06128285825252533]</MAX_VALUE>
		<MIN_VALUE>[0.08688721060752869, 0.052501898258924484, 0.03625266253948212, 0.023212336003780365, 0.012871252372860909, 0.005101973190903664]</MIN_VALUE>
		<SIGNATURE_THRESHOLD_MD>0.0</SIGNATURE_THRESHOLD_MD>
		<SIGNATURE_THRESHOLD_ML>0.0</SIGNATURE_THRESHOLD_ML>
		<SIGNATURE_THRESHOLD_SAM>0.0</SIGNATURE_THRESHOLD_SAM>
	</signature>
	<signature ID="20200826_160458290640_204">
		<MACROCLASSID>1</MACROCLASSID>
		<MACROCLASSINFO>waterbody</MACROCLASSINFO>
		<CLASSID>15</CLASSID>
		<CLASSINFO>C 1</CLASSINFO>
		<VALUES>[0.11267813327801167, 0.005226459963428579, 0.07753703558059821, 0.010543098201856775, 0.05519315522416688, 0.00703825109629335, 0.04647595776655412, 0.004957055002877042, 0.02734714655079323, 0.0034636168335425606, 0.020560488412334283, 0.0032312958732540528]</VALUES>
		<LCS_MIN>[0.1035563126206398, 0.06641260534524918, 0.046027328819036484, 0.03597285971045494, 0.021392591297626495, 0.002145084086805582]</LCS_MIN>
		<LCS_MAX>[0.14587019383907318, 0.13874824345111847, 0.11445001512765884, 0.1125359982252121, 0.07891161739826202, 0.05536907911300659]</LCS_MAX>
		<WAVELENGTH>[0.485, 0.56, 0.66, 0.83, 1.65, 2.215]</WAVELENGTH>
		<MEAN_VALUE>[0.11267813327801167, 0.07753703558059821, 0.05519315522416688, 0.04647595776655412, 0.02734714655079323, 0.020560488412334283]</MEAN_VALUE>
		<CHECKBOX>2</CHECKBOX>
		<SD>[0.005226459963428579, 0.010543098201856775, 0.00703825109629335, 0.004957055002877042, 0.0034636168335425606, 0.0032312958732540528]</SD>
		<WAVELENGTH_UNIT>E-6m</WAVELENGTH_UNIT>
		<COLOR>#abcd40</COLOR>
		<COVARIANCE_MATRIX>[[2.9416360121103935e-05, 5.871422399650328e-05, 3.594172085286118e-05, 1.0864132491406053e-05, 7.007749445619993e-06, 3.0221858651202638e-06], [5.871422399650328e-05, 0.00014559492410626262, 9.158364991890267e-05, 2.9531207474065013e-05, 1.7101030607591383e-05, 6.462944384111324e-06], [3.594172085286118e-05, 9.158364991890267e-05, 6.804176518926397e-05, 2.371591835981235e-05, 1.4919185559847392e-05, 5.879455784452148e-06], [1.0864132491406053e-05, 2.9531207474065013e-05, 2.371591835981235e-05, 2.646009852469433e-05, 1.2519508345576469e-05, 5.572327609115746e-06], [7.007749445619993e-06, 1.7101030607591383e-05, 1.4919185559847392e-05, 1.2519508345576469e-05, 1.2817332390113734e-05, 4.588432148011634e-06], [3.0221858651202638e-06, 6.462944384111324e-06, 5.879455784452148e-06, 5.572327609115746e-06, 4.588432148011634e-06, 1.0151082278753165e-05]]</COVARIANCE_MATRIX>
		<ROI_SIZE>8376</ROI_SIZE>
		<MAX_VALUE>[0.14587019383907318, 0.13874824345111847, 0.11445001512765884, 0.1125359982252121, 0.07891161739826202, 0.05536907911300659]</MAX_VALUE>
		<MIN_VALUE>[0.1035563126206398, 0.06641260534524918, 0.046027328819036484, 0.03597285971045494, 0.021392591297626495, 0.002145084086805582]</MIN_VALUE>
		<SIGNATURE_THRESHOLD_MD>0.0</SIGNATURE_THRESHOLD_MD>
		<SIGNATURE_THRESHOLD_ML>0.0</SIGNATURE_THRESHOLD_ML>
		<SIGNATURE_THRESHOLD_SAM>0.0</SIGNATURE_THRESHOLD_SAM>
	</signature>
	<signature ID="20200826_160514385080_267">
		<MACROCLASSID>1</MACROCLASSID>
		<MACROCLASSINFO>waterbody</MACROCLASSINFO>
		<CLASSID>16</CLASSID>
		<CLASSINFO>C 1</CLASSINFO>
