<?xml version="1.0" ?>
<signaturelist MCID_LIST="[['1', 'waterbody', '#0000ff'], ['2', 'vegetation', '#00ff00'], ['3', 'bareland', '#ffaa00'], ['4', 'built-up', '#ff0000']]">
	<signature ID="20210202_120355185984_865">
		<MACROCLASSID>1</MACROCLASSID>
		<MACROCLASSINFO>waterbody</MACROCLASSINFO>
		<CLASSID>1</CLASSID>
		<CLASSINFO>C 1</CLASSINFO>
		<VALUES>[0.15773293466838673, 0.0027424394868966087, 0.1436175834175143, 0.004895307934586029, 0.117465704612999, 0.006465332467538073, 0.11337456996628849, 0.00536161034005534, 0.029646508968225096, 0.00443310041554847, 0.013240124674280299, 0.003749898793406921]</VALUES>
		<LCS_MIN>[0.14673133194446564, 0.12255847454071045, 0.09700724482536316, 0.10258711129426956, 0.020710064098238945, 0.002670782385393977]</LCS_MIN>
		<LCS_MAX>[0.16613686084747314, 0.1577238291501999, 0.1327202171087265, 0.14317339658737183, 0.05467969551682472, 0.03644393011927605]</LCS_MAX>
		<WAVELENGTH>[0.485, 0.56, 0.66, 0.83, 1.65, 2.215]</WAVELENGTH>
		<MEAN_VALUE>[0.15773293466838673, 0.1436175834175143, 0.117465704612999, 0.11337456996628849, 0.029646508968225096, 0.013240124674280299]</MEAN_VALUE>
		<CHECKBOX>2</CHECKBOX>
		<SD>[0.0027424394868966087, 0.004895307934586029, 0.006465332467538073, 0.00536161034005534, 0.00443310041554847, 0.003749898793406921]</SD>
		<WAVELENGTH_UNIT>E-6m</WAVELENGTH_UNIT>
		<COLOR>#d4b9eb</COLOR>
		<COVARIANCE_MATRIX>[[6.6832527228297436e-06, 6.870821308998816e-06, 8.703672620963687e-06, -7.044699296074711e-07, -3.2354042985680225e-06, -1.8792195665551263e-06], [6.870821308998816e-06, 1.968827199855893e-05, 2.0444829942580517e-05, 1.3362768307599068e-06, -5.7172632091860755e-06, -3.391348109532472e-06], [8.703672620963687e-06, 2.0444829942580517e-05, 3.367677138767859e-05, 7.406248011452284e-06, -3.7566100523923793e-06, -2.2193868954877558e-06], [-7.044699296074711e-07, 1.3362768307599068e-06, 7.406248011452284e-06, 2.8460256938313025e-05, 1.5911739798782744e-05, 9.771263775320283e-06], [-3.2354042985680225e-06, -5.7172632091860755e-06, -3.7566100523923793e-06, 1.5911739798782744e-05, 2.138838312057404e-05, 1.060194171765863e-05], [-1.8792195665551263e-06, -3.391348109532472e-06, -2.2193868954877558e-06, 9.771263775320283e-06, 1.060194171765863e-05, 1.5099413691005327e-05]]</COVARIANCE_MATRIX>
		<ROI_SIZE>5065</ROI_SIZE>
		<MAX_VALUE>[0.16613686084747314, 0.1577238291501999, 0.1327202171087265, 0.14317339658737183, 0.05467969551682472, 0.03644393011927605]</MAX_VALUE>
		<MIN_VALUE>[0.14673133194446564, 0.12255847454071045, 0.09700724482536316, 0.10258711129426956, 0.020710064098238945, 0.002670782385393977]</MIN_VALUE>
		<SIGNATURE_THRESHOLD_MD>0</SIGNATURE_THRESHOLD_MD>
		<SIGNATURE_THRESHOLD_ML>0</SIGNATURE_THRESHOLD_ML>
		<SIGNATURE_THRESHOLD_SAM>0</SIGNATURE_THRESHOLD_SAM>
	</signature>
	<signature ID="20210202_120402620942_709">
		<MACROCLASSID>1</MACROCLASSID>
		<MACROCLASSINFO>waterbody</MACROCLASSINFO>
		<CLASSID>2</CLASSID>
		<CLASSINFO>C 1</CLASSINFO>
		<VALUES>[0.14997526994365398, 0.0031836130990095402, 0.13540856391860742, 0.0049077801554655255, 0.11368512318742847, 0.005113306562020672, 0.11360859389634363, 0.007071648576053516, 0.02905969351702951, 0.005574378277888323, 0.012970694489247293, 0.004044516152567497]</VALUES>
		<LCS_MIN>[0.13702858984470367, 0.10849234461784363, 0.08726734668016434, 0.10258711129426956, 0.01809701696038246, 0.002670782385393977]</LCS_MIN>
		<LCS_MAX>[0.16128547489643097, 0.15069074928760529, 0.12298031151294708, 0.14317339658737183, 0.05467969551682472, 0.032691359519958496]</LCS_MAX>
		<WAVELENGTH>[0.485, 0.56, 0.66, 0.83, 1.65, 2.215]</WAVELENGTH>
		<MEAN_VALUE>[0.14997526994365398, 0.13540856391860742, 0.11368512318742847, 0.11360859389634363, 0.02905969351702951, 0.012970694489247293]</MEAN_VALUE>
		<CHECKBOX>2</CHECKBOX>
		<SD>[0.0031836130990095402, 0.0049077801554655255, 0.005113306562020672, 0.007071648576053516, 0.005574378277888323, 0.004044516152567497]</SD>
		<WAVELENGTH_UNIT>E-6m</WAVELENGTH_UNIT>
		<COLOR>#4da3b8</COLOR>
		<COVARIANCE_MATRIX>[[1.1148055653867103e-05, 1.3470935164460228e-05, 1.4049299710920353e-05, 2.3572334573119638e-07, -2.289625918191793e-06, -1.0191852124697645e-06], [1.3470935164460228e-05, 2.734779285607503e-05, 2.5031999483412092e-05, -1.5388366624288593e-06, -4.638740770351907e-06, -2.024787745740365e-06], [1.4049299710920353e-05, 2.5031999483412092e-05, 3.015314943071992e-05, -1.0734712570814517e-06, -4.292947764157442e-06, -1.8165812127141546e-06], [2.3572334573119638e-07, -1.5388366624288593e-06, -1.0734712570814517e-06, 4.034541354408479e-05, 2.5272968648540188e-05, 1.3381194047600731e-05], [-2.289625918191793e-06, -4.638740770351907e-06, -4.292947764157442e-06, 2.5272968648540188e-05, 2.7730177175345623e-05, 1.2551386069481706e-05], [-1.0191852124697645e-06, -2.024787745740365e-06, -1.8165812127141546e-06, 1.3381194047600731e-05, 1.2551386069481706e-05, 1.4835433231655665e-05]]</COVARIANCE_MATRIX>
		<ROI_SIZE>2626</ROI_SIZE>
		<MAX_VALUE>[0.16128547489643097, 0.15069074928760529, 0.12298031151294708, 0.14317339658737183, 0.05467969551682472, 0.032691359519958496]</MAX_VALUE>
		<MIN_VALUE>[0.13702858984470367, 0.10849234461784363, 0.08726734668016434, 0.10258711129426956, 0.01809701696038246, 0.002670782385393977]</MIN_VALUE>
		<SIGNATURE_THRESHOLD_MD>0</SIGNATURE_THRESHOLD_MD>
		<SIGNATURE_THRESHOLD_ML>0</SIGNATURE_THRESHOLD_ML>
		<SIGNATURE_THRESHOLD_SAM>0</SIGNATURE_THRESHOLD_SAM>
	</signature>
	<signature ID="20210202_120409064265_583">
		<MACROCLASSID>1</MACROCLASSID>
		<MACROCLASSINFO>waterbody</MACROCLASSINFO>
		<CLASSID>3</CLASSID>
		<CLASSINFO>C 1</CLASSINFO>
		<VALUES>[0.15683172128537393, 0.0038736938573240513, 0.14252115844150479, 0.006384278437751164, 0.11565995420339897, 0.005980012794795576, 0.1129831642913426, 0.006179874951039586, 0.0305826850624989, 0.006156802369503861, 0.01373180619757316, 0.00447338339019538]</VALUES>
		<LCS_MIN>[0.14187996089458466, 0.11904194205999374, 0.09051398932933807, 0.10258711129426956, 0.020710064098238945, 0.0]</LCS_MIN>
		<LCS_MAX>[0.16613686084747314, 0.1542072892189026, 0.12622694671154022, 0.14317339658737183, 0.06251884251832962, 0.040196504443883896]</LCS_MAX>
		<WAVELENGTH>[0.485, 0.56, 0.66, 0.83, 1.65, 2.215]</WAVELENGTH>
		<MEAN_VALUE>[0.15683172128537393, 0.14252115844150479, 0.11565995420339897, 0.1129831642913426, 0.0305826850624989, 0.01373180619757316]</MEAN_VALUE>
		<CHECKBOX>2</CHECKBOX>
		<SD>[0.0038736938573240513, 0.006384278437751164, 0.005980012794795576, 0.006179874951039586, 0.006156802369503861, 0.00447338339019538]</SD>
		<WAVELENGTH_UNIT>E-6m</WAVELENGTH_UNIT>
		<COLOR>#bca580</COLOR>
		<COVARIANCE_MATRIX>[[1.4166032195704054e-05, 1.900607138432598e-05, 1.7406816344470344e-05, -1.372788635077917e-05, -1.2019197360513767e-05, -6.067651571939082e-06], [1.900607138432598e-05, 3.751206668364439e-05, 3.0324877220813028e-05, -2.5814710080689872e-05, -2.266862955007855e-05, -1.185046524073286e-05], [1.7406816344470344e-05, 3.0324877220813028e-05, 3.2120046209530625e-05, -2.1877518826955344e-05, -1.8983779742399803e-05, -9.778272923665081e-06], [-1.372788635077917e-05, -2.5814710080689872e-05, -2.1877518826955344e-05, 4.260937998650543e-05, 3.4673800302600155e-05, 1.887534632347029e-05], [-1.2019197360513767e-05, -2.266862955007855e-05, -1.8983779742399803e-05, 3.4673800302600155e-05, 4.091585521788785e-05, 1.9941958077710775e-05], [-6.067651571939082e-06, -1.185046524073286e-05, -9.778272923665081e-06, 1.887534632347029e-05, 1.9941958077710775e-05, 2.0134951664179617e-05]]</COVARIANCE_MATRIX>
		<ROI_SIZE>2577</ROI_SIZE>
		<MAX_VALUE>[0.16613686084747314, 0.1542072892189026, 0.12622694671154022, 0.14317339658737183, 0.06251884251832962, 0.040196504443883896]</MAX_VALUE>
		<MIN_VALUE>[0.14187996089458466, 0.11904194205999374, 0.09051398932933807, 0.10258711129426956, 0.020710064098238945, 0.0]</MIN_VALUE>
		<SIGNATURE_THRESHOLD_MD>0</SIGNATURE_THRESHOLD_MD>
		<SIGNATURE_THRESHOLD_ML>0</SIGNATURE_THRESHOLD_ML>
		<SIGNATURE_THRESHOLD_SAM>0</SIGNATURE_THRESHOLD_SAM>
	</signature>
	<signature ID="20210202_120419708972_981">
		<MACROCLASSID>1</MACROCLASSID>
		<MACROCLASSINFO>waterbody</MACROCLASSINFO>
		<CLASSID>4</CLASSID>
		<CLASSINFO>C 1</CLASSINFO>
		<VALUES>[0.16778464087700662, 0.002137067019589243, 0.16350693448863493, 0.00239373950134666, 0.16767483542073605, 0.003206172329788503, 0.13651800940548492, 0.0032453529533621587, 0.03472711540854457, 0.005400130408257848, 0.017894487889810195, 0.0055262730163729065]</VALUES>
		<LCS_MIN>[0.16128547489643097, 0.15069074928760529, 0.14246012270450592, 0.13099750876426697, 0.023323114961385727, 0.0064233532175421715]</LCS_MIN>
		<LCS_MAX>[0.1758396178483963, 0.17178994417190552, 0.17492645978927612, 0.15534928441047668, 0.057292744517326355, 0.043949078768491745]</LCS_MAX>
		<WAVELENGTH>[0.485, 0.56, 0.66, 0.83, 1.65, 2.215]</WAVELENGTH>
		<MEAN_VALUE>[0.16778464087700662, 0.16350693448863493, 0.16767483542073605, 0.13651800940548492, 0.03472711540854457, 0.017894487889810195]</MEAN_VALUE>
		<CHECKBOX>2</CHECKBOX>
		<SD>[0.002137067019589243, 0.00239373950134666, 0.003206172329788503, 0.0032453529533621587, 0.005400130408257848, 0.0055262730163729065]</SD>
		<WAVELENGTH_UNIT>E-6m</WAVELENGTH_UNIT>
		<COLOR>#7d3327</COLOR>
		<COVARIANCE_MATRIX>[[4.733851683668743e-06, 1.3378377562204226e-06, 2.166440442857538e-06, -7.091238509351884e-07, -1.5284442227256812e-06, -7.574915124486943e-07], [1.3378377562204226e-06, 7.238629712217921e-06, 6.503939897152741e-06, -3.0200866622637887e-06, -5.68787103770052e-06, -4.5996422160776964e-06], [2.166440442857538e-06, 6.503939897152741e-06, 1.594795160594851e-05, -4.877417204568472e-06, -1.0341695753400915e-05, -8.822515783557965e-06], [-7.091238509351884e-07, -3.0200866622637887e-06, -4.877417204568472e-06, 1.0927056834106056e-05, 1.1039051053768049e-05, 9.476835144681245e-06], [-1.5284442227256812e-06, -5.68787103770052e-06, -1.0341695753400915e-05, 1.1039051053768049e-05, 2.9302649888386787e-05, 2.0483486706806764e-05], [-7.574915124486943e-07, -4.5996422160776964e-06, -8.822515783557965e-06, 9.476835144681245e-06, 2.0483486706806764e-05, 3.024066368780225e-05]]</COVARIANCE_MATRIX>
		<ROI_SIZE>2845</ROI_SIZE>
		<MAX_VALUE>[0.1758396178483963, 0.17178994417190552, 0.17492645978927612, 0.15534928441047668, 0.057292744517326355, 0.043949078768491745]</MAX_VALUE>
		<MIN_VALUE>[0.16128547489643097, 0.15069074928760529, 0.14246012270450592, 0.13099750876426697, 0.023323114961385727, 0.0064233532175421715]</MIN_VALUE>
		<SIGNATURE_THRESHOLD_MD>0</SIGNATURE_THRESHOLD_MD>
		<SIGNATURE_THRESHOLD_ML>0</SIGNATURE_THRESHOLD_ML>
		<SIGNATURE_THRESHOLD_SAM>0</SIGNATURE_THRESHOLD_SAM>
	</signature>
	<signature ID="20210202_120430911676_462">
		<MACROCLASSID>1</MACROCLASSID>
		<MACROCLASSINFO>waterbody</MACROCLASSINFO>
		<CLASSID>5</CLASSID>
		<CLASSINFO>C 1</CLASSINFO>
		<VALUES>[0.1669529854303436, 0.002477069110517859, 0.1608801436017224, 0.0031047186404999797, 0.16511973932427246, 0.004284316210300709, 0.13912045703355774, 0.0067985278771039975, 0.03508060934741688, 0.010132672183216226, 0.018023331347291918, 0.008655755572791928]</VALUES>
		<LCS_MIN>[0.15805122256278992, 0.14365768432617188, 0.13596685230731964, 0.13099750876426697, 0.023323114961385727, 0.0064233532175421715]</LCS_MIN>
		<LCS_MAX>[0.1758396178483963, 0.17178994417190552, 0.17492645978927612, 0.1837596893310547, 0.08603627234697342, 0.06646451354026794]</LCS_MAX>
		<WAVELENGTH>[0.485, 0.56, 0.66, 0.83, 1.65, 2.215]</WAVELENGTH>
		<MEAN_VALUE>[0.1669529854303436, 0.1608801436017224, 0.16511973932427246, 0.13912045703355774, 0.03508060934741688, 0.018023331347291918]</MEAN_VALUE>
		<CHECKBOX>2</CHECKBOX>
		<SD>[0.002477069110517859, 0.0031047186404999797, 0.004284316210300709, 0.0067985278771039975, 0.010132672183216226, 0.008655755572791928]</SD>
		<WAVELENGTH_UNIT>E-6m</WAVELENGTH_UNIT>
		<COLOR>#62dabf</COLOR>
		<COVARIANCE_MATRIX>[[6.021092717052705e-06, 3.249637471925056e-06, 4.8385547211473e-06, -4.00136981957879e-06, -5.333360373113448e-06, -3.055568505397717e-06], [3.249637471925056e-06, 9.847738297336841e-06, 8.502655040624269e-06, -9.983695902049157e-06, -1.4514626855724828e-05, -1.0280424498047478e-05], [4.8385547211473e-06, 8.502655040624269e-06, 1.7778526528030433e-05, -1.780537135261109e-05, -2.527371354458487e-05, -1.7700489720304012e-05], [-4.00136981957879e-06, -9.983695902049157e-06, -1.780537135261109e-05, 4.35849053797065e-05, 5.6818725170600113e-05, 4.3938375759492754e-05], [-5.333360373113448e-06, -1.4514626855724828e-05, -2.527371354458487e-05, 5.6818725170600113e-05, 9.803597075842909e-05, 7.443739252922813e-05], [-3.055568505397717e-06, -1.0280424498047478e-05, -1.7700489720304012e-05, 4.3938375759492754e-05, 7.443739252922813e-05, 7.344283205808148e-05]]</COVARIANCE_MATRIX>
		<ROI_SIZE>3746</ROI_SIZE>
		<MAX_VALUE>[0.1758396178483963, 0.17178994417190552, 0.17492645978927612, 0.1837596893310547, 0.08603627234697342, 0.06646451354026794]</MAX_VALUE>
		<MIN_VALUE>[0.15805122256278992, 0.14365768432617188, 0.13596685230731964, 0.13099750876426697, 0.023323114961385727, 0.0064233532175421715]</MIN_VALUE>
		<SIGNATURE_THRESHOLD_MD>0</SIGNATURE_THRESHOLD_MD>
		<SIGNATURE_THRESHOLD_ML>0</SIGNATURE_THRESHOLD_ML>
		<SIGNATURE_THRESHOLD_SAM>0</SIGNATURE_THRESHOLD_SAM>
	</signature>
	<signature ID="20210202_120440149853_413">
		<MACROCLASSID>1</MACROCLASSID>
		<MACROCLASSINFO>waterbody</MACROCLASSINFO>
		<CLASSID>6</CLASSID>
		<CLASSINFO>C 1</CLASSINFO>
		<VALUES>[0.15480405099517947, 0.002170209308288892, 0.1325599845849491, 0.0024580158917444682, 0.11031238653996472, 0.0029878591523971525, 0.1123335828432288, 0.008972066901821793, 0.03990993807902874, 0.011609215370719994, 0.020307205344482503, 0.008327077314038582]</VALUES>
		<LCS_MIN>[0.14834846556186676, 0.12607501447200775, 0.10350050777196884, 0.10258711129426956, 0.02593616209924221, 0.0064233532175421715]</LCS_MIN>
		<LCS_MAX>[0.1629026085138321, 0.14014115929603577, 0.12622694671154022, 0.1512906700372696, 0.08081018179655075, 0.0627119392156601]</LCS_MAX>
		<WAVELENGTH>[0.485, 0.56, 0.66, 0.83, 1.65, 2.215]</WAVELENGTH>
		<MEAN_VALUE>[0.15480405099517947, 0.1325599845849491, 0.11031238653996472, 0.1123335828432288, 0.03990993807902874, 0.020307205344482503]</MEAN_VALUE>
		<CHECKBOX>2</CHECKBOX>
		<SD>[0.002170209308288892, 0.0024580158917444682, 0.0029878591523971525, 0.008972066901821793, 0.011609215370719994, 0.008327077314038582]</SD>
		<WAVELENGTH_UNIT>E-6m</WAVELENGTH_UNIT>
		<COLOR>#0dc65b</COLOR>
		<COVARIANCE_MATRIX>[[4.503398605262321e-06, 9.68302708548369e-07, 4.0913027465937206e-07, -2.075967470202104e-06, -2.564444241093293e-06, -1.2764473554621866e-06], [9.68302708548369e-07, 6.093810309292413e-06, 2.7341449082776376e-06, -3.557063743776059e-07, -2.175776206644236e-06, -1.4068452180712907e-06], [4.0913027465937206e-07, 2.7341449082776376e-06, 9.078139272922422e-06, 1.0957729008341338e-05, 1.2380334511335215e-05, 8.234616546992716e-06], [-2.075967470202104e-06, -3.557063743776059e-07, 1.0957729008341338e-05, 8.118173083348983e-05, 8.863870368097731e-05, 5.608584125063582e-05], [-2.564444241093293e-06, -2.175776206644236e-06, 1.2380334511335215e-05, 8.863870368097731e-05, 0.00013007071193161306, 8.048774827032395e-05], [-1.2764473554621866e-06, -1.4068452180712907e-06, 8.234616546992716e-06, 5.608584125063582e-05, 8.048774827032395e-05, 6.582392076173786e-05]]</COVARIANCE_MATRIX>
		<ROI_SIZE>4446</ROI_SIZE>
		<MAX_VALUE>[0.1629026085138321, 0.14014115929603577, 0.12622694671154022, 0.1512906700372696, 0.08081018179655075, 0.0627119392156601]</MAX_VALUE>
		<MIN_VALUE>[0.14834846556186676, 0.12607501447200775, 0.10350050777196884, 0.10258711129426956, 0.02593616209924221, 0.0064233532175421715]</MIN_VALUE>
		<SIGNATURE_THRESHOLD_MD>0</SIGNATURE_THRESHOLD_MD>
		<SIGNATURE_THRESHOLD_ML>0</SIGNATURE_THRESHOLD_ML>
		<SIGNATURE_THRESHOLD_SAM>0</SIGNATURE_THRESHOLD_SAM>
	</signature>
	<signature ID="20210202_120448156405_758">
		<MACROCLASSID>1</MACROCLASSID>
		<MACROCLASSINFO>waterbody</MACROCLASSINFO>
		<CLASSID>7</CLASSID>
		<CLASSINFO>C 1</CLASSINFO>
		<VALUES>[0.16447871105310788, 0.0021105925699958293, 0.15400113330853668, 0.0025377674088530714, 0.15379039529950392, 0.0031663230758740566, 0.14587305428243907, 0.00460432618856703, 0.03532781774491036, 0.00732957578239623, 0.01897141479665524, 0.0069541011771318455]</VALUES>
		<LCS_MIN>[0.15805122256278992, 0.14365768432617188, 0.14246012270450592, 0.13505613803863525, 0.023323114961385727, 0.0064233532175421715]</LCS_MIN>
		<LCS_MAX>[0.17260535061359406, 0.1612403392791748, 0.1651865541934967, 0.19593559205532074, 0.07819712907075882, 0.0627119392156601]</LCS_MAX>
		<WAVELENGTH>[0.485, 0.56, 0.66, 0.83, 1.65, 2.215]</WAVELENGTH>
		<MEAN_VALUE>[0.16447871105310788, 0.15400113330853668, 0.15379039529950392, 0.14587305428243907, 0.03532781774491036, 0.01897141479665524]</MEAN_VALUE>
		<CHECKBOX>2</CHECKBOX>
		<SD>[0.0021105925699958293, 0.0025377674088530714, 0.0031663230758740566, 0.00460432618856703, 0.00732957578239623, 0.0069541011771318455]</SD>
		<WAVELENGTH_UNIT>E-6m</WAVELENGTH_UNIT>
		<COLOR>#ffaf93</COLOR>
		<COVARIANCE_MATRIX>[[4.937564284232193e-06, 2.2718087026201908e-06, 3.1524531439483502e-06, -1.8875748482528493e-06, 1.2720126377812715e-06, 1.6618118140106828e-06], [2.2718087026201908e-06, 7.324860252389075e-06, 4.580624229733515e-06, -3.473630027912577e-06, 4.455315063532898e-08, 7.952585559027203e-07], [3.1524531439483502e-06, 4.580624229733515e-06, 1.1559670110602408e-05, -6.403098106930384e-06, -2.785074099228417e-06, -1.1163287513329121e-06], [-1.8875748482528493e-06, -3.473630027912577e-06, -6.403098106930384e-06, 1.9199837008118604e-05, 2.005173665824889e-05, 1.645974481515817e-05], [1.2720126377812715e-06, 4.455315063532898e-08, -2.785074099228417e-06, 2.005173665824889e-05, 6.273807841260395e-05, 5.078587349726513e-05], [1.6618118140106828e-06, 7.952585559027203e-07, -1.1163287513329121e-06, 1.645974481515817e-05, 5.078587349726513e-05, 5.762206163052801e-05]]</COVARIANCE_MATRIX>
		<ROI_SIZE>3091</ROI_SIZE>
		<MAX_VALUE>[0.17260535061359406, 0.1612403392791748, 0.1651865541934967, 0.19593559205532074, 0.07819712907075882, 0.0627119392156601]</MAX_VALUE>
		<MIN_VALUE>[0.15805122256278992, 0.14365768432617188, 0.14246012270450592, 0.13505613803863525, 0.023323114961385727, 0.0064233532175421715]</MIN_VALUE>
		<SIGNATURE_THRESHOLD_MD>0</SIGNATURE_THRESHOLD_MD>
		<SIGNATURE_THRESHOLD_ML>0</SIGNATURE_THRESHOLD_ML>
		<SIGNATURE_THRESHOLD_SAM>0</SIGNATURE_THRESHOLD_SAM>
	</signature>
	<signature ID="20210202_120454400494_876">
		<MACROCLASSID>1</MACROCLASSID>
		<MACROCLASSINFO>waterbody</MACROCLASSINFO>
		<CLASSID>8</CLASSID>
		<CLASSINFO>C 1</CLASSINFO>
		<VALUES>[0.1567672425097794, 0.002673140902206763, 0.1363251481376346, 0.0038997910910474774, 0.11676008239809692, 0.004588991090147816, 0.10873672085494959, 0.011335350098694352, 0.033251773924056746, 0.009060045073671284, 0.017303162350158045, 0.006993895988626225]</VALUES>
		<LCS_MIN>[0.14834846556186676, 0.12255847454071045, 0.10674714297056198, 0.09852848947048187, 0.020710064098238945, 0.0064233532175421715]</LCS_MIN>
		<LCS_MAX>[0.16613686084747314, 0.14717420935630798, 0.1327202171087265, 0.15534928441047668, 0.08081018179655075, 0.0627119392156601]</LCS_MAX>
		<WAVELENGTH>[0.485, 0.56, 0.66, 0.83, 1.65, 2.215]</WAVELENGTH>
		<MEAN_VALUE>[0.1567672425097794, 0.1363251481376346, 0.11676008239809692, 0.10873672085494959, 0.033251773924056746, 0.017303162350158045]</MEAN_VALUE>
		<CHECKBOX>2</CHECKBOX>
		<SD>[0.002673140902206763, 0.0038997910910474774, 0.004588991090147816, 0.011335350098694352, 0.009060045073671284, 0.006993895988626225]</SD>
		<WAVELENGTH_UNIT>E-6m</WAVELENGTH_UNIT>
		<COLOR>#262e80</COLOR>
		<COVARIANCE_MATRIX>[[6.867696952997354e-06, 5.42404951032246e-06, 6.528150038256279e-06, 7.534516984523415e-06, 4.9368346280199855e-06, 3.2259969968920835e-06], [5.42404951032246e-06, 1.37251362496245e-05, 1.1774675459292107e-05, 1.4276227305881157e-05, 8.54887834567611e-06, 5.591770922689689e-06], [6.528150038256279e-06, 1.1774675459292107e-05, 1.822654073135774e-05, 2.117419999007632e-05, 1.4703562021876635e-05, 1.0110418310154529e-05], [7.534516984523415e-06, 1.4276227305881157e-05, 2.117419999007632e-05, 0.00010115656366072644, 7.679018287611403e-05, 5.277380570064364e-05], [4.9368346280199855e-06, 8.54887834567611e-06, 1.4703562021876635e-05, 7.679018287611403e-05, 7.598162809784235e-05, 5.07780454146305e-05], [3.2259969968920835e-06, 5.591770922689689e-06, 1.0110418310154529e-05, 5.277380570064364e-05, 5.07780454146305e-05, 4.82163278777994e-05]]</COVARIANCE_MATRIX>
		<ROI_SIZE>6066</ROI_SIZE>
		<MAX_VALUE>[0.16613686084747314, 0.14717420935630798, 0.1327202171087265, 0.15534928441047668, 0.08081018179655075, 0.0627119392156601]</MAX_VALUE>
		<MIN_VALUE>[0.14834846556186676, 0.12255847454071045, 0.10674714297056198, 0.09852848947048187, 0.020710064098238945, 0.0064233532175421715]</MIN_VALUE>
		<SIGNATURE_THRESHOLD_MD>0</SIGNATURE_THRESHOLD_MD>
		<SIGNATURE_THRESHOLD_ML>0</SIGNATURE_THRESHOLD_ML>
		<SIGNATURE_THRESHOLD_SAM>0</SIGNATURE_THRESHOLD_SAM>
	</signature>
	<signature ID="20210202_120504845792_143">
		<MACROCLASSID>1</MACROCLASSID>
		<MACROCLASSINFO>waterbody</MACROCLASSINFO>
		<CLASSID>9</CLASSID>
		<CLASSINFO>C 1</CLASSINFO>
		<VALUES>[0.16179301815502573, 0.0019669321717081726, 0.15242618477189682, 0.002754583872645017, 0.13105474112482823, 0.0029031762242778397, 0.1185317235591608, 0.008206032191606906, 0.044074791834338926, 0.01057269320272033, 0.02529992953595983, 0.00835017921582992]</VALUES>
		<LCS_MIN>[0.15319985151290894, 0.14014115929603577, 0.11973366886377335, 0.10664573311805725, 0.028549209237098694, 0.010175926610827446]</LCS_MIN>
		<LCS_MAX>[0.16613686084747314, 0.1612403392791748, 0.1392134726047516, 0.1472320407629013, 0.07819712907075882, 0.051454223692417145]</LCS_MAX>
		<WAVELENGTH>[0.485, 0.56, 0.66, 0.83, 1.65, 2.215]</WAVELENGTH>
		<MEAN_VALUE>[0.16179301815502573, 0.15242618477189682, 0.13105474112482823, 0.1185317235591608, 0.044074791834338926, 0.02529992953595983]</MEAN_VALUE>
		<CHECKBOX>2</CHECKBOX>
		<SD>[0.0019669321717081726, 0.002754583872645017, 0.0029031762242778397, 0.008206032191606906, 0.01057269320272033, 0.00835017921582992]</SD>
		<WAVELENGTH_UNIT>E-6m</WAVELENGTH_UNIT>
		<COLOR>#2fce6a</COLOR>
		<COVARIANCE_MATRIX>[[3.9368155144827625e-06, 1.729613242792708e-06, 1.5032675212798894e-06, -4.1561911923482495e-06, -4.59156413724527e-06, -3.34064116239731e-06], [1.729613242792708e-06, 7.75139201182721e-06, 2.905883387076545e-06, -7.293761485014851e-06, -6.567432555747175e-06, -3.392780454199152e-06], [1.5032675212798894e-06, 2.905883387076545e-06, 8.329685200278841e-06, 3.9062058275517675e-06, 4.7215250989314565e-06, 4.755710047152514e-06], [-4.1561911923482495e-06, -7.293761485014851e-06, 3.9062058275517675e-06, 7.372227908850995e-05, 7.606879799787895e-05, 5.697830240452681e-05], [-4.59156413724527e-06, -6.567432555747175e-06, 4.7215250989314565e-06, 7.606879799787895e-05, 0.00011729807452848862, 8.249593546978692e-05], [-3.34064116239731e-06, -3.392780454199152e-06, 4.755710047152514e-06, 5.697830240452681e-05, 8.249593546978692e-05, 7.633176144565193e-05]]</COVARIANCE_MATRIX>
		<ROI_SIZE>749</ROI_SIZE>
		<MAX_VALUE>[0.16613686084747314, 0.1612403392791748, 0.1392134726047516, 0.1472320407629013, 0.07819712907075882, 0.051454223692417145]</MAX_VALUE>
		<MIN_VALUE>[0.15319985151290894, 0.14014115929603577, 0.11973366886377335, 0.10664573311805725, 0.028549209237098694, 0.010175926610827446]</MIN_VALUE>
		<SIGNATURE_THRESHOLD_MD>0</SIGNATURE_THRESHOLD_MD>
		<SIGNATURE_THRESHOLD_ML>0</SIGNATURE_THRESHOLD_ML>
		<SIGNATURE_THRESHOLD_SAM>0</SIGNATURE_THRESHOLD_SAM>
	</signature>
	<signature ID="20210202_120515119879_245">
		<MACROCLASSID>1</MACROCLASSID>
		<MACROCLASSINFO>waterbody</MACROCLASSINFO>
		<CLASSID>10</CLASSID>
		<CLASSINFO>C 1</CLASSINFO>
		<VALUES>[0.1633975011585601, 0.001981340078690852, 0.15480600968645555, 0.0029455392935047162, 0.13796800445636806, 0.0032386291106576877, 0.11892659037277621, 0.008538620211384747, 0.04532565872570306, 0.011342791141434109, 0.02780654551943057, 0.009851285101181035]</VALUES>
		<LCS_MIN>[0.15805122256278992, 0.14365768432617188, 0.12298031151294708, 0.10664573311805725, 0.028549209237098694, 0.01392850000411272]</LCS_MIN>
		<LCS_MAX>[0.17098823189735413, 0.1612403392791748, 0.148953378200531, 0.1512906700372696, 0.07819712907075882, 0.05895935744047165]</LCS_MAX>
		<WAVELENGTH>[0.485, 0.56, 0.66, 0.83, 1.65, 2.215]</WAVELENGTH>
		<MEAN_VALUE>[0.1633975011585601, 0.15480600968645555, 0.13796800445636806, 0.11892659037277621, 0.04532565872570306, 0.02780654551943057]</MEAN_VALUE>
		<CHECKBOX>2</CHECKBOX>
		<SD>[0.001981340078690852, 0.0029455392935047162, 0.0032386291106576877, 0.008538620211384747, 0.011342791141434109, 0.009851285101181035]</SD>
		<WAVELENGTH_UNIT>E-6m</WAVELENGTH_UNIT>
		<COLOR>#88c03e</COLOR>
		<COVARIANCE_MATRIX>[[3.78202779528446e-06, 1.1430221134947648e-06, 1.6405708208394315e-06, -1.5532332882146873e-06, -2.245758245522028e-06, -1.935001229616626e-06], [1.1430221134947648e-06, 8.189010880831249e-06, 3.3920236549841226e-06, -5.258680156963957e-06, -7.916327011150787e-06, -7.15240080657908e-06], [1.6405708208394315e-06, 3.3920236549841226e-06, 1.0069369597578503e-05, 4.290904339426055e-06, 2.1145658418824204e-06, 2.2711982257873947e-07], [-1.5532332882146873e-06, -5.258680156963957e-06, 4.290904339426055e-06, 7.551949322245506e-05, 7.950686927235887e-05, 6.194072819206282e-05], [-2.245758245522028e-06, -7.916327011150787e-06, 2.1145658418824204e-06, 7.950686927235887e-05, 0.00012297720616805932, 9.297423465945709e-05], [-1.935001229616626e-06, -7.15240080657908e-06, 2.2711982257873947e-07, 6.194072819206282e-05, 9.297423465945709e-05, 8.901452849073887e-05]]</COVARIANCE_MATRIX>
		<ROI_SIZE>789</ROI_SIZE>
		<MAX_VALUE>[0.17098823189735413, 0.1612403392791748, 0.148953378200531, 0.1512906700372696, 0.07819712907075882, 0.05895935744047165]</MAX_VALUE>
		<MIN_VALUE>[0.15805122256278992, 0.14365768432617188, 0.12298031151294708, 0.10664573311805725, 0.028549209237098694, 0.01392850000411272]</MIN_VALUE>
		<SIGNATURE_THRESHOLD_MD>0</SIGNATURE_THRESHOLD_MD>
		<SIGNATURE_THRESHOLD_ML>0</SIGNATURE_THRESHOLD_ML>
		<SIGNATURE_THRESHOLD_SAM>0</SIGNATURE_THRESHOLD_SAM>
	</signature>
	<signature ID="20210202_120554526359_753">
		<MACROCLASSID>1</MACROCLASSID>
		<MACROCLASSINFO>waterbody</MACROCLASSINFO>
		<CLASSID>11</CLASSID>
		<CLASSINFO>C 1</CLASSINFO>
		<VALUES>[0.16641824896558394, 0.002437852289816011, 0.155242231731512, 0.0023825241507365777, 0.15417031844563692, 0.003058294491663702, 0.1463775858203015, 0.0036687849032187602, 0.03655956579106193, 0.006921960206319979, 0.01938605315235037, 0.006264796142616105]</VALUES>
		<LCS_MIN>[0.15643411874771118, 0.14365768432617188, 0.13596685230731964, 0.13911475241184235, 0.028549209237098694, 0.010175926610827446]</LCS_MIN>
		<LCS_MAX>[0.17260535061359406, 0.1612403392791748, 0.15869329869747162, 0.17158381640911102, 0.07558409124612808, 0.051454223692417145]</LCS_MAX>
		<WAVELENGTH>[0.485, 0.56, 0.66, 0.83, 1.65, 2.215]</WAVELENGTH>
		<MEAN_VALUE>[0.16641824896558394, 0.155242231731512, 0.15417031844563692, 0.1463775858203015, 0.03655956579106193, 0.01938605315235037]</MEAN_VALUE>
		<CHECKBOX>2</CHECKBOX>
		<SD>[0.002437852289816011, 0.0023825241507365777, 0.003058294491663702, 0.0036687849032187602, 0.006921960206319979, 0.006264796142616105]</SD>
		<WAVELENGTH_UNIT>E-6m</WAVELENGTH_UNIT>
		<COLOR>#a03651</COLOR>
		<COVARIANCE_MATRIX>[[6.093886975195772e-06, 2.241932464537062e-06, 2.3334595010780673e-06, 1.7208991837465105e-06, 3.2769730722823655e-07, -2.5876912051051916e-07], [2.241932464537062e-06, 6.671344882412345e-06, 3.247118259547024e-06, 9.400163103707745e-07, -9.464570540903832e-07, -8.531543333943967e-07], [2.3334595010780673e-06, 3.247118259547024e-06, 9.23413758654004e-06, -6.181550404874948e-07, -3.7625800328174395e-06, -3.533490368461906e-06], [1.7208991837465105e-06, 9.400163103707745e-07, -6.181550404874948e-07, 1.3480153264149318e-05, 1.4472716144783172e-05, 1.1331638835356246e-05], [3.2769730722823655e-07, -9.464570540903832e-07, -3.7625800328174395e-06, 1.4472716144783172e-05, 4.917053440726504e-05, 3.6245135250803195e-05], [-2.5876912051051916e-07, -8.531543333943967e-07, -3.533490368461906e-06, 1.1331638835356246e-05, 3.6245135250803195e-05, 4.3029282858794775e-05]]</COVARIANCE_MATRIX>
		<ROI_SIZE>3828</ROI_SIZE>
		<MAX_VALUE>[0.17260535061359406, 0.1612403392791748, 0.15869329869747162, 0.17158381640911102, 0.07558409124612808, 0.051454223692417145]</MAX_VALUE>
		<MIN_VALUE>[0.15643411874771118, 0.14365768432617188, 0.13596685230731964, 0.13911475241184235, 0.028549209237098694, 0.010175926610827446]</MIN_VALUE>
		<SIGNATURE_THRESHOLD_MD>0</SIGNATURE_THRESHOLD_MD>
		<SIGNATURE_THRESHOLD_ML>0</SIGNATURE_THRESHOLD_ML>
		<SIGNATURE_THRESHOLD_SAM>0</SIGNATURE_THRESHOLD_SAM>
	</signature>
	<signature ID="20210202_121155353122_282">
		<MACROCLASSID>1</MACROCLASSID>
		<MACROCLASSINFO>waterbody</MACROCLASSINFO>
		<CLASSID>12</CLASSID>
		<CLASSINFO>C 1</CLASSINFO>
		<VALUES>[0.15862216646149352, 0.001905306708971434, 0.1436056637993226, 0.0027514612262742283, 0.11917976121724942, 0.0025539675488181614, 0.11639205201784288, 0.006440803994876782, 0.0351926413175505, 0.00663295903698369, 0.01701123370463856, 0.005786032300024117]</VALUES>
		<LCS_MIN>[0.1499655693769455, 0.13310807943344116, 0.10674714297056198, 0.10664573311805725, 0.023323114961385727, 0.0064233532175421715]</LCS_MIN>
		<LCS_MAX>[0.16451972723007202, 0.15069074928760529, 0.12947359681129456, 0.1472320407629013, 0.06774494051933289, 0.051454223692417145]</LCS_MAX>
		<WAVELENGTH>[0.485, 0.56, 0.66, 0.83, 1.65, 2.215]</WAVELENGTH>
		<MEAN_VALUE>[0.15862216646149352, 0.1436056637993226, 0.11917976121724942, 0.11639205201784288, 0.0351926413175505, 0.01701123370463856]</MEAN_VALUE>
		<CHECKBOX>2</CHECKBOX>
		<SD>[0.001905306708971434, 0.0027514612262742283, 0.0025539675488181614, 0.006440803994876782, 0.00663295903698369, 0.005786032300024117]</SD>
		<WAVELENGTH_UNIT>E-6m</WAVELENGTH_UNIT>
		<COLOR>#2504fb</COLOR>
		<COVARIANCE_MATRIX>[[3.7621354683685765e-06, 8.759315050144147e-07, 7.481306688703275e-07, -1.111602799746651e-06, -8.131630866571316e-07, -5.733454726991248e-07], [8.759315050144147e-07, 7.339305798928578e-06, 8.248971362645666e-07, -3.585320107206653e-06, -3.752331234970995e-06, -2.5916406521558536e-06], [7.481306688703275e-07, 8.248971362645666e-07, 5.998665319705652e-06, 3.477725024953853e-06, 4.036876247088071e-06, 3.843522049919366e-06], [-1.111602799746651e-06, -3.585320107206653e-06, 3.477725024953853e-06, 3.746443500544642e-05, 3.1509022390316204e-05, 2.3409679706018302e-05], [-8.131630866571316e-07, -3.752331234970995e-06, 4.036876247088071e-06, 3.1509022390316204e-05, 4.49532012940849e-05, 2.8852634337410664e-05], [-5.733454726991248e-07, -2.5916406521558536e-06, 3.843522049919366e-06, 2.3409679706018302e-05, 2.8852634337410664e-05, 3.4726600076277655e-05]]</COVARIANCE_MATRIX>
		<ROI_SIZE>1948</ROI_SIZE>
		<MAX_VALUE>[0.16451972723007202, 0.15069074928760529, 0.12947359681129456, 0.1472320407629013, 0.06774494051933289, 0.051454223692417145]</MAX_VALUE>
		<MIN_VALUE>[0.1499655693769455, 0.13310807943344116, 0.10674714297056198, 0.10664573311805725, 0.023323114961385727, 0.0064233532175421715]</MIN_VALUE>
		<SIGNATURE_THRESHOLD_MD>0</SIGNATURE_THRESHOLD_MD>
		<SIGNATURE_THRESHOLD_ML>0</SIGNATURE_THRESHOLD_ML>
		<SIGNATURE_THRESHOLD_SAM>0</SIGNATURE_THRESHOLD_SAM>
	</signature>
	<signature ID="20210202_121208917890_972">
		<MACROCLASSID>1</MACROCLASSID>
		<MACROCLASSINFO>waterbody</MACROCLASSINFO>
		<CLASSID>13</CLASSID>
		<CLASSINFO>C 1</CLASSINFO>
		<VALUES>[0.1550395877536717, 0.002147969301140844, 0.13696958577331095, 0.0021210136082912183, 0.13227329363079768, 0.0029194096726429123, 0.15007051007374203, 0.004999224169728599, 0.03459395203574357, 0.008457010860006832, 0.01714668626443166, 0.007050795866018562]</VALUES>
		<LCS_MIN>[0.14673133194446564, 0.12607501447200775, 0.11324041336774826, 0.14317339658737183, 0.023323114961385727, 0.0064233532175421715]</LCS_MIN>
		<LCS_MAX>[0.16128547489643097, 0.14717420935630798, 0.1392134726047516, 0.1797010600566864, 0.07035798579454422, 0.047701645642519]</LCS_MAX>
		<WAVELENGTH>[0.485, 0.56, 0.66, 0.83, 1.65, 2.215]</WAVELENGTH>
		<MEAN_VALUE>[0.1550395877536717, 0.13696958577331095, 0.13227329363079768, 0.15007051007374203, 0.03459395203574357, 0.01714668626443166]</MEAN_VALUE>
		<CHECKBOX>2</CHECKBOX>
		<SD>[0.002147969301140844, 0.0021210136082912183, 0.0029194096726429123, 0.004999224169728599, 0.008457010860006832, 0.007050795866018562]</SD>
		<WAVELENGTH_UNIT>E-6m</WAVELENGTH_UNIT>
		<COLOR>#15144d</COLOR>
		<COVARIANCE_MATRIX>[[4.67331127392547e-06, 8.931873911669992e-07, 1.3697455756188942e-06, -8.247203602389788e-07, -7.674186681294967e-07, 2.1304277629131035e-07], [8.931873911669992e-07, 4.910665309470878e-06, 2.5058739121707197e-06, -1.920557965931935e-06, -2.973912470277441e-06, -1.7083994468970461e-06], [1.3697455756188942e-06, 2.5058739121707197e-06, 9.25988353123447e-06, -6.214673457063272e-06, -9.197811484266863e-06, -5.472618151190226e-06], [-8.247203602389788e-07, -1.920557965931935e-06, -6.214673457063272e-06, 2.5515797069720938e-05, 3.506910462784604e-05, 2.5909542484271933e-05], [-7.674186681294967e-07, -2.973912470277441e-06, -9.197811484266863e-06, 3.506910462784604e-05, 9.267306059463381e-05, 6.875336677728392e-05], [2.1304277629131035e-07, -1.7083994468970461e-06, -5.472618151190226e-06, 2.5909542484271933e-05, 6.875336677728392e-05, 6.796497036639161e-05]]</COVARIANCE_MATRIX>
		<ROI_SIZE>1908</ROI_SIZE>
		<MAX_VALUE>[0.16128547489643097, 0.14717420935630798, 0.1392134726047516, 0.1797010600566864, 0.07035798579454422, 0.047701645642519]</MAX_VALUE>
		<MIN_VALUE>[0.14673133194446564, 0.12607501447200775, 0.11324041336774826, 0.14317339658737183, 0.023323114961385727, 0.0064233532175421715]</MIN_VALUE>
		<SIGNATURE_THRESHOLD_MD>0</SIGNATURE_THRESHOLD_MD>
		<SIGNATURE_THRESHOLD_ML>0</SIGNATURE_THRESHOLD_ML>
		<SIGNATURE_THRESHOLD_SAM>0</SIGNATURE_THRESHOLD_SAM>
	</signature>
	<signature ID="20210202_121230625534_483">
		<MACROCLASSID>1</MACROCLASSID>
		<MACROCLASSINFO>waterbody</MACROCLASSINFO>
		<CLASSID>14</CLASSID>
		<CLASSINFO>C 1</CLASSINFO>
		<VALUES>[0.14799001057722558, 0.001953331776864523, 0.11681994759645456, 0.002418082280678207, 0.08824858482287136, 0.0021293295986429903, 0.0950539971055864, 0.006417678076413975, 0.02537379147878521, 0.005598479992207015, 0.01154765277197545, 0.0038205036044474867]</VALUES>
		<LCS_MIN>[0.1386457085609436, 0.10497580468654633, 0.08077407628297806, 0.08635259419679642, 0.015483968891203403, 0.0]</LCS_MIN>
		<LCS_MAX>[0.15481697022914886, 0.12607501447200775, 0.1002538725733757, 0.13099750876426697, 0.06251884251832962, 0.03644393011927605]</LCS_MAX>
		<WAVELENGTH>[0.485, 0.56, 0.66, 0.83, 1.65, 2.215]</WAVELENGTH>
		<MEAN_VALUE>[0.14799001057722558, 0.11681994759645456, 0.08824858482287136, 0.0950539971055864, 0.02537379147878521, 0.01154765277197545]</MEAN_VALUE>
		<CHECKBOX>2</CHECKBOX>
		<SD>[0.001953331776864523, 0.002418082280678207, 0.0021293295986429903, 0.006417678076413975, 0.005598479992207015, 0.0038205036044474867]</SD>
		<WAVELENGTH_UNIT>E-6m</WAVELENGTH_UNIT>
		<COLOR>#95243e</COLOR>
		<COVARIANCE_MATRIX>[[3.709260863560188e-06, 8.555587780954956e-07, 5.488435719282726e-07, 7.31207137533804e-07, 6.28247966574132e-07, 3.8667453612516426e-07], [8.555587780954956e-07, 5.951088531845296e-06, 1.0959806431526427e-06, 4.78963499173792e-06, 3.6676591162586707e-06, 1.8530736924597468e-06], [5.488435719282726e-07, 1.0959806431526427e-06, 4.557087265549918e-06, 4.922608978376228e-06, 4.0336525305938865e-06, 2.0144060714531167e-06], [7.31207137533804e-07, 4.78963499173792e-06, 4.922608978376228e-06, 4.450190205030551e-05, 3.02105923016475e-05, 1.5756654698095744e-05], [6.28247966574132e-07, 3.6676591162586707e-06, 4.0336525305938865e-06, 3.02105923016475e-05, 3.25129445796023e-05, 1.420575522151529e-05], [3.8667453612516426e-07, 1.8530736924597468e-06, 2.0144060714531167e-06, 1.5756654698095744e-05, 1.420575522151529e-05, 1.5079226415630055e-05]]</COVARIANCE_MATRIX>
		<ROI_SIZE>19039</ROI_SIZE>
		<MAX_VALUE>[0.15481697022914886, 0.12607501447200775, 0.1002538725733757, 0.13099750876426697, 0.06251884251832962, 0.03644393011927605]</MAX_VALUE>
		<MIN_VALUE>[0.1386457085609436, 0.10497580468654633, 0.08077407628297806, 0.08635259419679642, 0.015483968891203403, 0.0]</MIN_VALUE>
		<SIGNATURE_THRESHOLD_MD>0</SIGNATURE_THRESHOLD_MD>
		<SIGNATURE_THRESHOLD_ML>0</SIGNATURE_THRESHOLD_ML>
		<SIGNATURE_THRESHOLD_SAM>0</SIGNATURE_THRESHOLD_SAM>
	</signature>
	<signature ID="20210202_121305142348_262">
		<MACROCLASSID>1</MACROCLASSID>
		<MACROCLASSINFO>waterbody</MACROCLASSINFO>
		<CLASSID>15</CLASSID>
		<CLASSINFO>C 1</CLASSINFO>
		<VALUES>[0.15194879777318865, 0.00187230432982078, 0.13994732730853277, 0.003483348816167285, 0.12430964401505122, 0.0040966765787962866, 0.13396957595869305, 0.009335316759588881, 0.041948800235546715, 0.011332448587350927, 0.020983039317139237, 0.008166118407959999]</VALUES>
		<LCS_MIN>[0.14349707961082458, 0.12255847454071045, 0.1002538725733757, 0.12288025766611099, 0.02593616209924221, 0.0064233532175421715]</LCS_MIN>
		<LCS_MAX>[0.15805122256278992, 0.15069074928760529, 0.1327202171087265, 0.16346654295921326, 0.07819712907075882, 0.051454223692417145]</LCS_MAX>
		<WAVELENGTH>[0.485, 0.56, 0.66, 0.83, 1.65, 2.215]</WAVELENGTH>
		<MEAN_VALUE>[0.15194879777318865, 0.13994732730853277, 0.12430964401505122, 0.13396957595869305, 0.041948800235546715, 0.020983039317139237]</MEAN_VALUE>
		<CHECKBOX>2</CHECKBOX>
		<SD>[0.00187230432982078, 0.003483348816167285, 0.0040966765787962866, 0.009335316759588881, 0.011332448587350927, 0.008166118407959999]</SD>
		<WAVELENGTH_UNIT>E-6m</WAVELENGTH_UNIT>
		<COLOR>#d16c43</COLOR>
		<COVARIANCE_MATRIX>[[3.74649325127342e-06, 1.676445529949759e-06, 2.6946777050565684e-06, -4.8410128445985155e-06, -3.756598938410457e-06, -1.6592485447508179e-06], [1.676445529949759e-06, 1.059265448706731e-05, 7.471959429164122e-06, -1.5087231334786296e-05, -1.5328570367731347e-05, -8.286092082925777e-06], [2.6946777050565684e-06, 7.471959429164122e-06, 1.527954323323904e-05, -1.9981055870552956e-05, -1.9118856164101172e-05, -9.77652739507402e-06], [-4.8410128445985155e-06, -1.5087231334786296e-05, -1.9981055870552956e-05, 8.234695374256904e-05, 8.609100660362132e-05, 5.426627458096473e-05], [-3.756598938410457e-06, -1.5328570367731347e-05, -1.9118856164101172e-05, 8.609100660362132e-05, 0.0001250920592546677, 7.707322219322602e-05], [-1.6592485447508179e-06, -8.286092082925777e-06, -9.77652739507402e-06, 5.426627458096473e-05, 7.707322219322602e-05, 6.69000918429498e-05]]</COVARIANCE_MATRIX>
		<ROI_SIZE>864</ROI_SIZE>
		<MAX_VALUE>[0.15805122256278992, 0.15069074928760529, 0.1327202171087265, 0.16346654295921326, 0.07819712907075882, 0.051454223692417145]</MAX_VALUE>
		<MIN_VALUE>[0.14349707961082458, 0.12255847454071045, 0.1002538725733757, 0.12288025766611099, 0.02593616209924221, 0.0064233532175421715]</MIN_VALUE>
		<SIGNATURE_THRESHOLD_MD>0</SIGNATURE_THRESHOLD_MD>
		<SIGNATURE_THRESHOLD_ML>0</SIGNATURE_THRESHOLD_ML>
		<SIGNATURE_THRESHOLD_SAM>0</SIGNATURE_THRESHOLD_SAM>
	</signature>
	<signature ID="20210202_121327967793_221">
		<MACROCLASSID>1</MACROCLASSID>
		<MACROCLASSINFO>waterbody</MACROCLASSINFO>
		<CLASSID>16</CLASSID>
		<CLASSINFO>C 1</CLASSINFO>
