<?xml version="1.0" ?>
<signaturelist MCID_LIST="[['1', 'waterbody', '#0000ff'], ['2', 'vegetation', '#00ff00'], ['3', 'bare land', '#ff5500'], ['4', 'built-up', '#ff0000'], ['5', 'built-up', '#cdc8b9']]">
	<signature ID="20200804_124227589963_942">
		<MACROCLASSID>1</MACROCLASSID>
		<MACROCLASSINFO>waterbody</MACROCLASSINFO>
		<CLASSID>1</CLASSID>
		<CLASSINFO>C 1</CLASSINFO>
		<VALUES>[0.1090337126052867, 0.002474932483918065, 0.11535099393368366, 0.0044768630919555736, 0.09729807670776705, 0.007859584302379059, 0.055731401992720614, 0.017349398945826364, 0.027891193006931495, 0.016894381397947893, 0.02094165654580668, 0.01467782637674199]</VALUES>
		<LCS_MIN>[0.09637804329395294, 0.08813922107219696, 0.07652118057012558, 0.03735141456127167, 0.008371790871024132, 0.0021797148510813713]</LCS_MIN>
		<LCS_MAX>[0.11896127462387085, 0.13214759528636932, 0.1348142772912979, 0.11684861779212952, 0.0872778445482254, 0.07874470204114914]</LCS_MAX>
		<WAVELENGTH>[0.485, 0.56, 0.66, 0.83, 1.65, 2.215]</WAVELENGTH>
		<MEAN_VALUE>[0.1090337126052867, 0.11535099393368366, 0.09729807670776705, 0.055731401992720614, 0.027891193006931495, 0.02094165654580668]</MEAN_VALUE>
		<CHECKBOX>2</CHECKBOX>
		<SD>[0.002474932483918065, 0.0044768630919555736, 0.007859584302379059, 0.017349398945826364, 0.016894381397947893, 0.01467782637674199]</SD>
		<WAVELENGTH_UNIT>E-6m</WAVELENGTH_UNIT>
		<COLOR>#47928e</COLOR>
		<COVARIANCE_MATRIX>[[6.130412202765001e-06, 7.252760042320006e-06, 9.683372809377033e-06, -3.976853804488201e-06, -2.266573119413806e-06, 1.2749015922963736e-06], [7.252760042320006e-06, 2.0059060261701234e-05, 2.2764274035580456e-05, -1.7554826627019793e-05, -1.2707741007034201e-05, -4.162806362728588e-06], [9.683372809377033e-06, 2.2764274035580456e-05, 6.182471406646073e-05, 6.0749731346732005e-05, 6.188874976942316e-05, 6.195415335241705e-05], [-3.976853804488201e-06, -1.7554826627019793e-05, 6.0749731346732005e-05, 0.0003012533125001937, 0.0002743111690506339, 0.0002270648692501709], [-2.266573119413806e-06, -1.2707741007034201e-05, 6.188874976942316e-05, 0.0002743111690506339, 0.00028565878164954484, 0.00023443784448318183], [1.2749015922963736e-06, -4.162806362728588e-06, 6.195415335241705e-05, 0.0002270648692501709, 0.00023443784448318183, 0.0002156187256332487]]</COVARIANCE_MATRIX>
		<ROI_SIZE>1197</ROI_SIZE>
		<MAX_VALUE>[0.11896127462387085, 0.13214759528636932, 0.1348142772912979, 0.11684861779212952, 0.0872778445482254, 0.07874470204114914]</MAX_VALUE>
		<MIN_VALUE>[0.09637804329395294, 0.08813922107219696, 0.07652118057012558, 0.03735141456127167, 0.008371790871024132, 0.0021797148510813713]</MIN_VALUE>
		<SIGNATURE_THRESHOLD_MD>0.0</SIGNATURE_THRESHOLD_MD>
		<SIGNATURE_THRESHOLD_ML>0.0</SIGNATURE_THRESHOLD_ML>
		<SIGNATURE_THRESHOLD_SAM>0.0</SIGNATURE_THRESHOLD_SAM>
	</signature>
	<signature ID="20200804_124244487931_727">
		<MACROCLASSID>1</MACROCLASSID>
		<MACROCLASSINFO>waterbody</MACROCLASSINFO>
		<CLASSID>2</CLASSID>
		<CLASSINFO>C 1</CLASSINFO>
		<VALUES>[0.10394135430416096, 0.0023933016873526, 0.11147174900128773, 0.0037869899175301956, 0.1189717907370544, 0.008281528728965908, 0.07470918175937938, 0.01943660118399379, 0.03178557093081669, 0.018085726105587993, 0.02414844218235746, 0.014375630703100141]</VALUES>
		<LCS_MIN>[0.09487249702215195, 0.08499576151371002, 0.07652118057012558, 0.053913332521915436, 0.014769580215215683, 0.005242313724011183]</LCS_MIN>
		<LCS_MAX>[0.10992798954248428, 0.11957377195358276, 0.15071240067481995, 0.1300981342792511, 0.0915430560708046, 0.07874470204114914]</LCS_MAX>
		<WAVELENGTH>[0.485, 0.56, 0.66, 0.83, 1.65, 2.215]</WAVELENGTH>
		<MEAN_VALUE>[0.10394135430416096, 0.11147174900128773, 0.1189717907370544, 0.07470918175937938, 0.03178557093081669, 0.02414844218235746]</MEAN_VALUE>
		<CHECKBOX>2</CHECKBOX>
		<SD>[0.0023933016873526, 0.0037869899175301956, 0.008281528728965908, 0.01943660118399379, 0.018085726105587993, 0.014375630703100141]</SD>
		<WAVELENGTH_UNIT>E-6m</WAVELENGTH_UNIT>
		<COLOR>#68e247</COLOR>
		<COVARIANCE_MATRIX>[[5.742966550315032e-06, 4.548263405013131e-06, 1.6042048400777276e-06, -8.484439604217187e-06, -3.014803041878622e-06, -1.8268760868522804e-06], [4.548263405013131e-06, 1.4379033018485643e-05, 1.3975904039398301e-05, -3.114909122814424e-05, -3.053050022572279e-05, -2.1531610400415957e-05], [1.6042048400777276e-06, 1.3975904039398301e-05, 6.876420229673386e-05, 2.992824920511339e-05, -3.4645283449208364e-05, -2.38404991250718e-05], [-8.484439604217187e-06, -3.114909122814424e-05, 2.992824920511339e-05, 0.0003787756140809506, 0.0002746627142187208, 0.0002102752187056467], [-3.014803041878622e-06, -3.053050022572279e-05, -3.4645283449208364e-05, 0.0002746627142187208, 0.00032795427250675857, 0.0002489862381480634], [-1.8268760868522804e-06, -2.1531610400415957e-05, -2.38404991250718e-05, 0.0002102752187056467, 0.0002489862381480634, 0.00020720259635709226]]</COVARIANCE_MATRIX>
		<ROI_SIZE>381</ROI_SIZE>
		<MAX_VALUE>[0.10992798954248428, 0.11957377195358276, 0.15071240067481995, 0.1300981342792511, 0.0915430560708046, 0.07874470204114914]</MAX_VALUE>
		<MIN_VALUE>[0.09487249702215195, 0.08499576151371002, 0.07652118057012558, 0.053913332521915436, 0.014769580215215683, 0.005242313724011183]</MIN_VALUE>
		<SIGNATURE_THRESHOLD_MD>0.0</SIGNATURE_THRESHOLD_MD>
		<SIGNATURE_THRESHOLD_ML>0.0</SIGNATURE_THRESHOLD_ML>
		<SIGNATURE_THRESHOLD_SAM>0.0</SIGNATURE_THRESHOLD_SAM>
	</signature>
	<signature ID="20200804_124259104702_126">
		<MACROCLASSID>1</MACROCLASSID>
		<MACROCLASSINFO>waterbody</MACROCLASSINFO>
		<CLASSID>3</CLASSID>
		<CLASSINFO>C 1</CLASSINFO>
		<VALUES>[0.09727773087242914, 0.0024643248734469475, 0.090041461988224, 0.0038196071306016138, 0.07131399996522331, 0.009103370248170947, 0.053557532739440875, 0.018246387099988774, 0.028878268395492793, 0.017611719570175002, 0.022936820691527502, 0.01622514135253888]</VALUES>
		<LCS_MIN>[0.08583921194076538, 0.07242193073034286, 0.06062304973602295, 0.03735141456127167, 0.012636983767151833, 0.005242313724011183]</LCS_MIN>
		<LCS_MAX>[0.10842243582010269, 0.1069999635219574, 0.10566771775484085, 0.11353621631860733, 0.0872778445482254, 0.07568211853504181]</LCS_MAX>
		<WAVELENGTH>[0.485, 0.56, 0.66, 0.83, 1.65, 2.215]</WAVELENGTH>
		<MEAN_VALUE>[0.09727773087242914, 0.090041461988224, 0.07131399996522331, 0.053557532739440875, 0.028878268395492793, 0.022936820691527502]</MEAN_VALUE>
		<CHECKBOX>2</CHECKBOX>
		<SD>[0.0024643248734469475, 0.0038196071306016138, 0.009103370248170947, 0.018246387099988774, 0.017611719570175002, 0.01622514135253888]</SD>
		<WAVELENGTH_UNIT>E-6m</WAVELENGTH_UNIT>
		<COLOR>#4a4087</COLOR>
		<COVARIANCE_MATRIX>[[6.08209847996477e-06, 6.0804795793956146e-06, 9.938360562955495e-06, 1.3649361790157855e-05, 1.3235914593678899e-05, 1.3950360880699009e-05], [6.0804795793956146e-06, 1.461150350223761e-05, 2.3663442334509455e-05, 3.30349248542916e-05, 3.198188642272726e-05, 3.30233815475367e-05], [9.938360562955495e-06, 2.3663442334509455e-05, 8.299691398860887e-05, 0.0001485731336288154, 0.0001389547105645761, 0.00012961894390173256], [1.3649361790157855e-05, 3.30349248542916e-05, 0.0001485731336288154, 0.0003334350767545402, 0.00030155383865348995, 0.0002690016699489206], [1.3235914593678899e-05, 3.198188642272726e-05, 0.0001389547105645761, 0.00030155383865348995, 0.0003106426156591624, 0.0002721618802752346], [1.3950360880699009e-05, 3.30233815475367e-05, 0.00012961894390173256, 0.0002690016699489206, 0.0002721618802752346, 0.00026365407393313944]]</COVARIANCE_MATRIX>
		<ROI_SIZE>661</ROI_SIZE>
		<MAX_VALUE>[0.10842243582010269, 0.1069999635219574, 0.10566771775484085, 0.11353621631860733, 0.0872778445482254, 0.07568211853504181]</MAX_VALUE>
		<MIN_VALUE>[0.08583921194076538, 0.07242193073034286, 0.06062304973602295, 0.03735141456127167, 0.012636983767151833, 0.005242313724011183]</MIN_VALUE>
		<SIGNATURE_THRESHOLD_MD>0.0</SIGNATURE_THRESHOLD_MD>
		<SIGNATURE_THRESHOLD_ML>0.0</SIGNATURE_THRESHOLD_ML>
		<SIGNATURE_THRESHOLD_SAM>0.0</SIGNATURE_THRESHOLD_SAM>
	</signature>
	<signature ID="20200804_124331765075_145">
		<MACROCLASSID>1</MACROCLASSID>
		<MACROCLASSINFO>waterbody</MACROCLASSINFO>
		<CLASSID>4</CLASSID>
		<CLASSINFO>C 1</CLASSINFO>
		<VALUES>[0.09092721282156212, 0.003113620268581506, 0.07552620776802546, 0.005405383439658237, 0.058424771523459124, 0.009533224044781633, 0.06148317894818382, 0.020650248420992365, 0.03462162880108293, 0.018020353874286577, 0.024483245781976262, 0.013944686138050527]</VALUES>
		<LCS_MIN>[0.08433365076780319, 0.06613502651453018, 0.047374624758958817, 0.03735141456127167, 0.014769580215215683, 0.008304915390908718]</LCS_MIN>
		<LCS_MAX>[0.1069168820977211, 0.10071304440498352, 0.10566771775484085, 0.12347337603569031, 0.0915430560708046, 0.07568211853504181]</LCS_MAX>
		<WAVELENGTH>[0.485, 0.56, 0.66, 0.83, 1.65, 2.215]</WAVELENGTH>
		<MEAN_VALUE>[0.09092721282156212, 0.07552620776802546, 0.058424771523459124, 0.06148317894818382, 0.03462162880108293, 0.024483245781976262]</MEAN_VALUE>
		<CHECKBOX>2</CHECKBOX>
		<SD>[0.003113620268581506, 0.005405383439658237, 0.009533224044781633, 0.020650248420992365, 0.018020353874286577, 0.013944686138050527]</SD>
		<WAVELENGTH_UNIT>E-6m</WAVELENGTH_UNIT>
		<COLOR>#243436</COLOR>
		<COVARIANCE_MATRIX>[[9.708077413961291e-06, 1.2507097380876075e-05, 2.2791840819991194e-05, 4.271640136721544e-05, 3.581392957130447e-05, 2.9075987185933627e-05], [1.2507097380876075e-05, 2.9258693757583387e-05, 4.671192436944693e-05, 7.653381180716679e-05, 6.422726437449455e-05, 5.289649561746046e-05], [2.2791840819991194e-05, 4.671192436944693e-05, 9.100841270992532e-05, 0.00016432297707069665, 0.00013807804498355836, 0.0001108430078602396], [4.271640136721544e-05, 7.653381180716679e-05, 0.00016432297707069665, 0.00042702420614659786, 0.00034938144381158054, 0.00026243162574246526], [3.581392957130447e-05, 6.422726437449455e-05, 0.00013807804498355836, 0.00034938144381158054, 0.00032518355874344707, 0.00023841460642870516], [2.9075987185933627e-05, 5.289649561746046e-05, 0.0001108430078602396, 0.00026243162574246526, 0.00023841460642870516, 0.00019472396525088698]]</COVARIANCE_MATRIX>
		<ROI_SIZE>722</ROI_SIZE>
		<MAX_VALUE>[0.1069168820977211, 0.10071304440498352, 0.10566771775484085, 0.12347337603569031, 0.0915430560708046, 0.07568211853504181]</MAX_VALUE>
		<MIN_VALUE>[0.08433365076780319, 0.06613502651453018, 0.047374624758958817, 0.03735141456127167, 0.014769580215215683, 0.008304915390908718]</MIN_VALUE>
		<SIGNATURE_THRESHOLD_MD>0.0</SIGNATURE_THRESHOLD_MD>
		<SIGNATURE_THRESHOLD_ML>0.0</SIGNATURE_THRESHOLD_ML>
		<SIGNATURE_THRESHOLD_SAM>0.0</SIGNATURE_THRESHOLD_SAM>
	</signature>
	<signature ID="20200804_124411130675_484">
		<MACROCLASSID>1</MACROCLASSID>
		<MACROCLASSINFO>waterbody</MACROCLASSINFO>
		<CLASSID>5</CLASSID>
		<CLASSINFO>C 1</CLASSINFO>
		<VALUES>[0.09860473983928937, 0.0029202066179508466, 0.0957469101838705, 0.005383210794998383, 0.08113029154659321, 0.009454016833648852, 0.07002988263588991, 0.01791727705852623, 0.04765457198211625, 0.017084265949491168, 0.037129382673306614, 0.01489506305776814]</VALUES>
		<LCS_MIN>[0.09186139702796936, 0.08813922107219696, 0.06592243164777756, 0.04728856310248375, 0.025432562455534935, 0.02055531181395054]</LCS_MIN>
		<LCS_MAX>[0.1069168820977211, 0.11014340817928314, 0.10566771775484085, 0.1267857551574707, 0.0936756357550621, 0.08180730789899826]</LCS_MAX>
		<WAVELENGTH>[0.485, 0.56, 0.66, 0.83, 1.65, 2.215]</WAVELENGTH>
		<MEAN_VALUE>[0.09860473983928937, 0.0957469101838705, 0.08113029154659321, 0.07002988263588991, 0.04765457198211625, 0.037129382673306614]</MEAN_VALUE>
		<CHECKBOX>2</CHECKBOX>
		<SD>[0.0029202066179508466, 0.005383210794998383, 0.009454016833648852, 0.01791727705852623, 0.017084265949491168, 0.01489506305776814]</SD>
		<WAVELENGTH_UNIT>E-6m</WAVELENGTH_UNIT>
		<COLOR>#4267a3</COLOR>
		<COVARIANCE_MATRIX>[[8.59987449075561e-06, 1.263572721654782e-05, 2.082002356473822e-05, 3.459863000898622e-05, 3.363238283782266e-05, 2.8154947358416393e-05], [1.263572721654782e-05, 2.9224542231531814e-05, 4.609457027981989e-05, 7.295009709196165e-05, 6.749125168425962e-05, 5.967297329334542e-05], [2.082002356473822e-05, 4.609457027981989e-05, 9.013587987283245e-05, 0.0001506802364019677, 0.00013552248128689826, 0.00012136386794736609], [3.459863000898622e-05, 7.295009709196165e-05, 0.0001506802364019677, 0.0003237494092900306, 0.0002689532411750406, 0.00023346010129898787], [3.363238283782266e-05, 6.749125168425962e-05, 0.00013552248128689826, 0.0002689532411750406, 0.0002943456347566098, 0.00023719713499303907], [2.8154947358416393e-05, 5.967297329334542e-05, 0.00012136386794736609, 0.00023346010129898787, 0.00023719713499303907, 0.00022374310356099159]]</COVARIANCE_MATRIX>
		<ROI_SIZE>119</ROI_SIZE>
		<MAX_VALUE>[0.1069168820977211, 0.11014340817928314, 0.10566771775484085, 0.1267857551574707, 0.0936756357550621, 0.08180730789899826]</MAX_VALUE>
		<MIN_VALUE>[0.09186139702796936, 0.08813922107219696, 0.06592243164777756, 0.04728856310248375, 0.025432562455534935, 0.02055531181395054]</MIN_VALUE>
		<SIGNATURE_THRESHOLD_MD>0.0</SIGNATURE_THRESHOLD_MD>
		<SIGNATURE_THRESHOLD_ML>0.0</SIGNATURE_THRESHOLD_ML>
		<SIGNATURE_THRESHOLD_SAM>0.0</SIGNATURE_THRESHOLD_SAM>
	</signature>
	<signature ID="20200804_124417786308_110">
		<MACROCLASSID>1</MACROCLASSID>
		<MACROCLASSINFO>waterbody</MACROCLASSINFO>
		<CLASSID>6</CLASSID>
		<CLASSINFO>C 1</CLASSINFO>
		<VALUES>[0.10067436793228476, 0.0025705543220252624, 0.09824427795119395, 0.0047827137333817165, 0.08798591225612463, 0.009724309218751365, 0.07188098568741863, 0.0184092784053279, 0.04052718107293295, 0.015627903738347798, 0.03090839434142519, 0.013078311041846785]</VALUES>
		<LCS_MIN>[0.09487249702215195, 0.0912826731801033, 0.07652118057012558, 0.053913332521915436, 0.025432562455534935, 0.017492713406682014]</LCS_MIN>
		<LCS_MAX>[0.1069168820977211, 0.11643033474683762, 0.1242155209183693, 0.1300981342792511, 0.0958082303404808, 0.08486990630626678]</LCS_MAX>
		<WAVELENGTH>[0.485, 0.56, 0.66, 0.83, 1.65, 2.215]</WAVELENGTH>
		<MEAN_VALUE>[0.10067436793228476, 0.09824427795119395, 0.08798591225612463, 0.07188098568741863, 0.04052718107293295, 0.03090839434142519]</MEAN_VALUE>
		<CHECKBOX>2</CHECKBOX>
		<SD>[0.0025705543220252624, 0.0047827137333817165, 0.009724309218751365, 0.0184092784053279, 0.015627903738347798, 0.013078311041846785]</SD>
		<WAVELENGTH_UNIT>E-6m</WAVELENGTH_UNIT>
		<COLOR>#58ff39</COLOR>
		<COVARIANCE_MATRIX>[[6.640140327363042e-06, 8.315485501952935e-06, 1.8201943021267653e-05, 3.199306956958026e-05, 2.622631836857181e-05, 2.1504270989680663e-05], [8.315485501952935e-06, 2.2986479962128215e-05, 4.158951560384594e-05, 6.810520426370203e-05, 5.338552000466734e-05, 4.432542482391e-05], [1.8201943021267653e-05, 4.158951560384594e-05, 9.50257308431901e-05, 0.0001543063117424026, 0.00011575012467801571, 9.783689165487885e-05], [3.199306956958026e-05, 6.810520426370203e-05, 0.0001543063117424026, 0.0003405628085602075, 0.00026341737248003483, 0.00021327812282834202], [2.622631836857181e-05, 5.338552000466734e-05, 0.00011575012467801571, 0.00026341737248003483, 0.0002454285859130323, 0.00019263818103354424], [2.1504270989680663e-05, 4.432542482391e-05, 9.783689165487885e-05, 0.00021327812282834202, 0.00019263818103354424, 0.00017188065976370126]]</COVARIANCE_MATRIX>
		<ROI_SIZE>205</ROI_SIZE>
		<MAX_VALUE>[0.1069168820977211, 0.11643033474683762, 0.1242155209183693, 0.1300981342792511, 0.0958082303404808, 0.08486990630626678]</MAX_VALUE>
		<MIN_VALUE>[0.09487249702215195, 0.0912826731801033, 0.07652118057012558, 0.053913332521915436, 0.025432562455534935, 0.017492713406682014]</MIN_VALUE>
		<SIGNATURE_THRESHOLD_MD>0.0</SIGNATURE_THRESHOLD_MD>
		<SIGNATURE_THRESHOLD_ML>0.0</SIGNATURE_THRESHOLD_ML>
		<SIGNATURE_THRESHOLD_SAM>0.0</SIGNATURE_THRESHOLD_SAM>
	</signature>
	<signature ID="20200804_124423871941_989">
		<MACROCLASSID>1</MACROCLASSID>
		<MACROCLASSINFO>waterbody</MACROCLASSINFO>
		<CLASSID>7</CLASSID>
		<CLASSINFO>C 1</CLASSINFO>
		<VALUES>[0.09903964103155201, 0.0022996067940886412, 0.09798122778357492, 0.003686980246943993, 0.09150451643481144, 0.007832480164323863, 0.06842472211324738, 0.01920518970073866, 0.0370729821512387, 0.017781565356387377, 0.028503488843506647, 0.014726578352849275]</VALUES>
		<LCS_MIN>[0.09487249702215195, 0.0912826731801033, 0.07917086035013199, 0.04066379368305206, 0.016902174800634384, 0.008304915390908718]</LCS_MIN>
		<LCS_MAX>[0.1054113432765007, 0.11014340817928314, 0.11891615390777588, 0.12347337603569031, 0.0915430560708046, 0.07874470204114914]</LCS_MAX>
		<WAVELENGTH>[0.485, 0.56, 0.66, 0.83, 1.65, 2.215]</WAVELENGTH>
		<MEAN_VALUE>[0.09903964103155201, 0.09798122778357492, 0.09150451643481144, 0.06842472211324738, 0.0370729821512387, 0.028503488843506647]</MEAN_VALUE>
		<CHECKBOX>2</CHECKBOX>
		<SD>[0.0022996067940886412, 0.003686980246943993, 0.007832480164323863, 0.01920518970073866, 0.017781565356387377, 0.014726578352849275]</SD>
		<WAVELENGTH_UNIT>E-6m</WAVELENGTH_UNIT>
		<COLOR>#6e69f0</COLOR>
		<COVARIANCE_MATRIX>[[5.319857336871792e-06, 4.8206829887931235e-06, 1.2171594789833762e-05, 2.5438161173951812e-05, 2.2818758225184865e-05, 1.8753204130916856e-05], [4.8206829887931235e-06, 1.3675223272002768e-05, 2.387009226367809e-05, 4.6800611016806215e-05, 3.752951670321636e-05, 3.1931314879329875e-05], [1.2171594789833762e-05, 2.387009226367809e-05, 6.171509448904544e-05, 0.00013354863040149212, 0.0001115451377700083, 9.215661702910438e-05], [2.5438161173951812e-05, 4.6800611016806215e-05, 0.00013354863040149212, 0.00037104793591424823, 0.0003124928043689579, 0.0002516022068448365], [2.2818758225184865e-05, 3.752951670321636e-05, 0.0001115451377700083, 0.0003124928043689579, 0.0003180773928761482, 0.00025112871662713587], [1.8753204130916856e-05, 3.1931314879329875e-05, 9.215661702910438e-05, 0.0002516022068448365, 0.00025112871662713587, 0.00021817073866259307]]</COVARIANCE_MATRIX>
		<ROI_SIZE>168</ROI_SIZE>
		<MAX_VALUE>[0.1054113432765007, 0.11014340817928314, 0.11891615390777588, 0.12347337603569031, 0.0915430560708046, 0.07874470204114914]</MAX_VALUE>
		<MIN_VALUE>[0.09487249702215195, 0.0912826731801033, 0.07917086035013199, 0.04066379368305206, 0.016902174800634384, 0.008304915390908718]</MIN_VALUE>
		<SIGNATURE_THRESHOLD_MD>0.0</SIGNATURE_THRESHOLD_MD>
		<SIGNATURE_THRESHOLD_ML>0.0</SIGNATURE_THRESHOLD_ML>
		<SIGNATURE_THRESHOLD_SAM>0.0</SIGNATURE_THRESHOLD_SAM>
	</signature>
	<signature ID="20200804_124435671198_827">
		<MACROCLASSID>1</MACROCLASSID>
		<MACROCLASSINFO>waterbody</MACROCLASSINFO>
		<CLASSID>8</CLASSID>
		<CLASSINFO>C 1</CLASSINFO>
		<VALUES>[0.1257362541171812, 0.002209225579404241, 0.15871487341580856, 0.00652763484803919, 0.18246589889449455, 0.006670926956016487, 0.10194288170145407, 0.020597954273942745, 0.045210670619722344, 0.021779204725956063, 0.03848634095441909, 0.020380762796952636]</VALUES>
		<LCS_MIN>[0.12046682834625244, 0.14157794415950775, 0.16131114959716797, 0.08372477442026138, 0.023299966007471085, 0.02055531181395054]</LCS_MIN>
		<LCS_MAX>[0.1310056746006012, 0.16672562062740326, 0.19045770168304443, 0.15659722685813904, 0.0958082303404808, 0.08486990630626678]</LCS_MAX>
		<WAVELENGTH>[0.485, 0.56, 0.66, 0.83, 1.65, 2.215]</WAVELENGTH>
		<MEAN_VALUE>[0.1257362541171812, 0.15871487341580856, 0.18246589889449455, 0.10194288170145407, 0.045210670619722344, 0.03848634095441909]</MEAN_VALUE>
		<CHECKBOX>2</CHECKBOX>
		<SD>[0.002209225579404241, 0.00652763484803919, 0.006670926956016487, 0.020597954273942745, 0.021779204725956063, 0.020380762796952636]</SD>
		<WAVELENGTH_UNIT>E-6m</WAVELENGTH_UNIT>
		<COLOR>#93f31f</COLOR>
		<COVARIANCE_MATRIX>[[4.9606887841946445e-06, 1.0008361641666852e-05, 9.319122000306379e-06, -2.3504122509621084e-05, -3.139675027341582e-05, -2.9139377147657797e-05], [1.0008361641666852e-05, 4.330854062573053e-05, 4.061522122356109e-05, -0.00012016861728625372, -0.0001275551476282999, -0.00012214419257361442], [9.319122000306379e-06, 4.061522122356109e-05, 4.5230794057715684e-05, -0.00011316294694552198, -0.00012188181426608935, -0.00011761932546505705], [-2.3504122509621084e-05, -0.00012016861728625372, -0.00011316294694552198, 0.0004312310484237969, 0.0004155586939305067, 0.0003940558235626668], [-3.139675027341582e-05, -0.0001275551476282999, -0.00012188181426608935, 0.0004155586939305067, 0.0004821097245439887, 0.0004413939022924751], [-2.9139377147657797e-05, -0.00012214419257361442, -0.00011761932546505705, 0.0003940558235626668, 0.0004413939022924751, 0.000422184937633574]]</COVARIANCE_MATRIX>
		<ROI_SIZE>62</ROI_SIZE>
		<MAX_VALUE>[0.1310056746006012, 0.16672562062740326, 0.19045770168304443, 0.15659722685813904, 0.0958082303404808, 0.08486990630626678]</MAX_VALUE>
		<MIN_VALUE>[0.12046682834625244, 0.14157794415950775, 0.16131114959716797, 0.08372477442026138, 0.023299966007471085, 0.02055531181395054]</MIN_VALUE>
		<SIGNATURE_THRESHOLD_MD>0.0</SIGNATURE_THRESHOLD_MD>
		<SIGNATURE_THRESHOLD_ML>0.0</SIGNATURE_THRESHOLD_ML>
		<SIGNATURE_THRESHOLD_SAM>0.0</SIGNATURE_THRESHOLD_SAM>
	</signature>
	<signature ID="20200804_124443874704_196">
		<MACROCLASSID>1</MACROCLASSID>
		<MACROCLASSINFO>waterbody</MACROCLASSINFO>
		<CLASSID>9</CLASSID>
		<CLASSINFO>C 1</CLASSINFO>
		<VALUES>[0.1228087946536049, 0.0020034145816690114, 0.1615863165685108, 0.004956069697332983, 0.225198029998749, 0.009192265119401634, 0.15864773000043533, 0.010109662973054932, 0.045099837350703435, 0.019030738102812198, 0.038298946494857475, 0.017581941472056748]</VALUES>
		<LCS_MIN>[0.11444462835788727, 0.13214759528636932, 0.1692601889371872, 0.14666005969047546, 0.014769580215215683, 0.017492713406682014]</LCS_MIN>
		<LCS_MAX>[0.12648902833461761, 0.16672562062740326, 0.23285269737243652, 0.20959535241127014, 0.0979408398270607, 0.08793250471353531]</LCS_MAX>
		<WAVELENGTH>[0.485, 0.56, 0.66, 0.83, 1.65, 2.215]</WAVELENGTH>
		<MEAN_VALUE>[0.1228087946536049, 0.1615863165685108, 0.225198029998749, 0.15864773000043533, 0.045099837350703435, 0.038298946494857475]</MEAN_VALUE>
		<CHECKBOX>2</CHECKBOX>
		<SD>[0.0020034145816690114, 0.004956069697332983, 0.009192265119401634, 0.010109662973054932, 0.019030738102812198, 0.017581941472056748]</SD>
		<WAVELENGTH_UNIT>E-6m</WAVELENGTH_UNIT>
		<COLOR>#ea1395</COLOR>
		<COVARIANCE_MATRIX>[[4.078406618646113e-06, 5.818253612233093e-06, 1.1138408808619715e-05, -4.477542461245321e-06, -1.5265357433236204e-05, -1.136198261519894e-05], [5.818253612233093e-06, 2.4958797439467162e-05, 4.1302551835542545e-05, -1.7673781258054078e-05, -4.034246376249939e-05, -3.342389754834585e-05], [1.1138408808619715e-05, 4.1302551835542545e-05, 8.586060721427202e-05, -4.0392056689597666e-05, -9.939375740941614e-05, -8.266171789728105e-05], [-4.477542461245321e-06, -1.7673781258054078e-05, -4.0392056689597666e-05, 0.00010385375935584307, 0.00015373651694972068, 0.00014563057629857212], [-1.5265357433236204e-05, -4.034246376249939e-05, -9.939375740941614e-05, 0.00015373651694972068, 0.00036801042733713984, 0.0003227603738196194], [-1.136198261519894e-05, -3.342389754834585e-05, -8.266171789728105e-05, 0.00014563057629857212, 0.0003227603738196194, 0.0003141105407848954]]</COVARIANCE_MATRIX>
		<ROI_SIZE>63</ROI_SIZE>
		<MAX_VALUE>[0.12648902833461761, 0.16672562062740326, 0.23285269737243652, 0.20959535241127014, 0.0979408398270607, 0.08793250471353531]</MAX_VALUE>
		<MIN_VALUE>[0.11444462835788727, 0.13214759528636932, 0.1692601889371872, 0.14666005969047546, 0.014769580215215683, 0.017492713406682014]</MIN_VALUE>
		<SIGNATURE_THRESHOLD_MD>0.0</SIGNATURE_THRESHOLD_MD>
		<SIGNATURE_THRESHOLD_ML>0.0</SIGNATURE_THRESHOLD_ML>
		<SIGNATURE_THRESHOLD_SAM>0.0</SIGNATURE_THRESHOLD_SAM>
	</signature>
	<signature ID="20200804_124452399193_765">
		<MACROCLASSID>1</MACROCLASSID>
		<MACROCLASSINFO>waterbody</MACROCLASSINFO>
		<CLASSID>10</CLASSID>
		<CLASSINFO>C 1</CLASSINFO>
		<VALUES>[0.10110887062100683, 0.0021757912599943024, 0.0985560253823651, 0.003908363961864244, 0.07990257513697682, 0.007606827198476993, 0.061383515845781576, 0.017021800828508057, 0.03411463715884227, 0.0170472635464782, 0.02551441816574111, 0.014028094429765686]</VALUES>
		<LCS_MIN>[0.09487249702215195, 0.08185230940580368, 0.06857211142778397, 0.04397617280483246, 0.019034773111343384, 0.008304915390908718]</LCS_MIN>
		<LCS_MAX>[0.10842243582010269, 0.1069999635219574, 0.10566771775484085, 0.12016099691390991, 0.0915430560708046, 0.07874470204114914]</LCS_MAX>
		<WAVELENGTH>[0.485, 0.56, 0.66, 0.83, 1.65, 2.215]</WAVELENGTH>
		<MEAN_VALUE>[0.10110887062100683, 0.0985560253823651, 0.07990257513697682, 0.061383515845781576, 0.03411463715884227, 0.02551441816574111]</MEAN_VALUE>
		<CHECKBOX>2</CHECKBOX>
		<SD>[0.0021757912599943024, 0.003908363961864244, 0.007606827198476993, 0.017021800828508057, 0.0170472635464782, 0.014028094429765686]</SD>
		<WAVELENGTH_UNIT>E-6m</WAVELENGTH_UNIT>
		<COLOR>#8f4782</COLOR>
		<COVARIANCE_MATRIX>[[4.753958819492254e-06, 4.83863050249056e-06, 8.776493814366404e-06, 9.100615898205433e-06, 1.3633211892738473e-05, 1.2165512089268304e-05], [4.83863050249056e-06, 1.5339490346377715e-05, 2.0273104382795282e-05, 1.7624779502511956e-05, 2.350998329347931e-05, 2.186565507145133e-05], [8.776493814366404e-06, 2.0273104382795282e-05, 5.810694710817188e-05, 0.00010064357047667727, 0.00010440291225677356, 8.688186062499881e-05], [9.100615898205433e-06, 1.7624779502511956e-05, 0.00010064357047667727, 0.00029095911304466426, 0.0002674712159205228, 0.00020942115224897861], [1.3633211892738473e-05, 2.350998329347931e-05, 0.00010440291225677356, 0.0002674712159205228, 0.0002918302488978952, 0.00022814156545791775], [1.2165512089268304e-05, 2.186565507145133e-05, 8.688186062499881e-05, 0.00020942115224897861, 0.00022814156545791775, 0.0001976142666535452]]</COVARIANCE_MATRIX>
		<ROI_SIZE>239</ROI_SIZE>
		<MAX_VALUE>[0.10842243582010269, 0.1069999635219574, 0.10566771775484085, 0.12016099691390991, 0.0915430560708046, 0.07874470204114914]</MAX_VALUE>
		<MIN_VALUE>[0.09487249702215195, 0.08185230940580368, 0.06857211142778397, 0.04397617280483246, 0.019034773111343384, 0.008304915390908718]</MIN_VALUE>
		<SIGNATURE_THRESHOLD_MD>0.0</SIGNATURE_THRESHOLD_MD>
		<SIGNATURE_THRESHOLD_ML>0.0</SIGNATURE_THRESHOLD_ML>
		<SIGNATURE_THRESHOLD_SAM>0.0</SIGNATURE_THRESHOLD_SAM>
	</signature>
	<signature ID="20200804_124500309746_643">
		<MACROCLASSID>1</MACROCLASSID>
		<MACROCLASSINFO>waterbody</MACROCLASSINFO>
		<CLASSID>11</CLASSID>
		<CLASSINFO>C 1</CLASSINFO>
		<VALUES>[0.09996395722806596, 0.0029868324586193387, 0.09402855487439078, 0.00640787111361291, 0.0795780224967793, 0.011806967170640198, 0.06089830754355621, 0.013197548728289245, 0.029382653706145585, 0.012464973879825671, 0.021898368206733826, 0.011049538914880284]</VALUES>
		<LCS_MIN>[0.09186139702796936, 0.08499576151371002, 0.06592243164777756, 0.04728856310248375, 0.014769580215215683, 0.005242313724011183]</LCS_MIN>
		<LCS_MAX>[0.11293908208608627, 0.11643033474683762, 0.1295149177312851, 0.12016099691390991, 0.0872778445482254, 0.07568211853504181]</LCS_MAX>
		<WAVELENGTH>[0.485, 0.56, 0.66, 0.83, 1.65, 2.215]</WAVELENGTH>
		<MEAN_VALUE>[0.09996395722806596, 0.09402855487439078, 0.0795780224967793, 0.06089830754355621, 0.029382653706145585, 0.021898368206733826]</MEAN_VALUE>
		<CHECKBOX>2</CHECKBOX>
		<SD>[0.0029868324586193387, 0.00640787111361291, 0.011806967170640198, 0.013197548728289245, 0.012464973879825671, 0.011049538914880284]</SD>
		<WAVELENGTH_UNIT>E-6m</WAVELENGTH_UNIT>
		<COLOR>#034f17</COLOR>
		<COVARIANCE_MATRIX>[[8.931725460570306e-06, 1.5048366549308412e-05, 2.7024645532947034e-05, 2.4579925593570806e-05, 2.0760389816132374e-05, 1.7146810932899825e-05], [1.5048366549308412e-05, 4.110940426471643e-05, 6.969342211959884e-05, 5.238986341282725e-05, 3.996997111244127e-05, 3.3346648706356063e-05], [2.7024645532947034e-05, 6.969342211959884e-05, 0.00013956945622339845, 0.00011473023187136278, 8.606605842942372e-05, 7.299584831343964e-05], [2.4579925593570806e-05, 5.238986341282725e-05, 0.00011473023187136278, 0.00017438142094761133, 0.00014401809312403202, 0.00012347065785434097], [2.0760389816132374e-05, 3.996997111244127e-05, 8.606605842942372e-05, 0.00014401809312403202, 0.00015555944992229342, 0.0001291016669711098], [1.7146810932899825e-05, 3.3346648706356063e-05, 7.299584831343964e-05, 0.00012347065785434097, 0.0001291016669711098, 0.00012223680096212775]]</COVARIANCE_MATRIX>
		<ROI_SIZE>846</ROI_SIZE>
		<MAX_VALUE>[0.11293908208608627, 0.11643033474683762, 0.1295149177312851, 0.12016099691390991, 0.0872778445482254, 0.07568211853504181]</MAX_VALUE>
		<MIN_VALUE>[0.09186139702796936, 0.08499576151371002, 0.06592243164777756, 0.04728856310248375, 0.014769580215215683, 0.005242313724011183]</MIN_VALUE>
		<SIGNATURE_THRESHOLD_MD>0.0</SIGNATURE_THRESHOLD_MD>
		<SIGNATURE_THRESHOLD_ML>0.0</SIGNATURE_THRESHOLD_ML>
		<SIGNATURE_THRESHOLD_SAM>0.0</SIGNATURE_THRESHOLD_SAM>
	</signature>
	<signature ID="20200804_124513302967_419">
		<MACROCLASSID>1</MACROCLASSID>
		<MACROCLASSINFO>waterbody</MACROCLASSINFO>
		<CLASSID>12</CLASSID>
		<CLASSINFO>C 1</CLASSINFO>
		<VALUES>[0.09938914352466191, 0.0017176370059342261, 0.10335754189226364, 0.0022547339999656533, 0.10306009295440853, 0.0038206198400267165, 0.07357731526569714, 0.0165447980480709, 0.04066539162562953, 0.018027160557706107, 0.031590395030521204, 0.014411840367354265]</VALUES>
		<LCS_MIN>[0.09637804329395294, 0.09756957739591599, 0.09506897628307343, 0.05722571536898613, 0.023299966007471085, 0.014430114068090916]</LCS_MIN>
		<LCS_MAX>[0.10240024328231812, 0.1069999635219574, 0.11361677199602127, 0.1267857551574707, 0.0894104540348053, 0.06955691426992416]</LCS_MAX>
		<WAVELENGTH>[0.485, 0.56, 0.66, 0.83, 1.65, 2.215]</WAVELENGTH>
		<MEAN_VALUE>[0.09938914352466191, 0.10335754189226364, 0.10306009295440853, 0.07357731526569714, 0.04066539162562953, 0.031590395030521204]</MEAN_VALUE>
		<CHECKBOX>2</CHECKBOX>
		<SD>[0.0017176370059342261, 0.0022547339999656533, 0.0038206198400267165, 0.0165447980480709, 0.018027160557706107, 0.014411840367354265]</SD>
		<WAVELENGTH_UNIT>E-6m</WAVELENGTH_UNIT>
		<COLOR>#2cb3c3</COLOR>
		<COVARIANCE_MATRIX>[[2.9978618840686977e-06, 7.633408927176788e-08, 1.6085609786387067e-06, 3.860865035676397e-06, 2.7446560579846846e-06, 7.436925102410896e-07], [7.633408927176788e-08, 5.165822585695423e-06, 3.514212721711374e-06, -7.663978976779617e-06, -2.656779088283656e-06, -2.0136701550654834e-06], [1.6085609786387067e-06, 3.514212721711374e-06, 1.4832573469902854e-05, 2.9453660317813046e-05, 3.6352059396449476e-05, 2.544381823099684e-05], [3.860865035676397e-06, -7.663978976779617e-06, 2.9453660317813046e-05, 0.00027814533677883446, 0.0002691798144951463, 0.00020197588310111314], [2.7446560579846846e-06, -2.656779088283656e-06, 3.6352059396449476e-05, 0.0002691798144951463, 0.00033022009301930666, 0.00023708278604317456], [7.436925102410896e-07, -2.0136701550654834e-06, 2.544381823099684e-05, 0.00020197588310111314, 0.00023708278604317456, 0.00021105115592945367]]</COVARIANCE_MATRIX>
		<ROI_SIZE>63</ROI_SIZE>
		<MAX_VALUE>[0.10240024328231812, 0.1069999635219574, 0.11361677199602127, 0.1267857551574707, 0.0894104540348053, 0.06955691426992416]</MAX_VALUE>
		<MIN_VALUE>[0.09637804329395294, 0.09756957739591599, 0.09506897628307343, 0.05722571536898613, 0.023299966007471085, 0.014430114068090916]</MIN_VALUE>
		<SIGNATURE_THRESHOLD_MD>0.0</SIGNATURE_THRESHOLD_MD>
		<SIGNATURE_THRESHOLD_ML>0.0</SIGNATURE_THRESHOLD_ML>
		<SIGNATURE_THRESHOLD_SAM>0.0</SIGNATURE_THRESHOLD_SAM>
	</signature>
	<signature ID="20200804_124526421175_293">
		<MACROCLASSID>1</MACROCLASSID>
		<MACROCLASSINFO>waterbody</MACROCLASSINFO>
		<CLASSID>13</CLASSID>
		<CLASSINFO>C 1</CLASSINFO>
		<VALUES>[0.08614987820859939, 0.0019922654243546617, 0.07451757339258039, 0.0043743878293784726, 0.06344097580701585, 0.008456794528610255, 0.06784636905742071, 0.019787871892469697, 0.05241159497508928, 0.021071096195452575, 0.04038929315431723, 0.019276022082390345]</VALUES>
		<LCS_MIN>[0.0828281119465828, 0.06927847862243652, 0.05267399922013283, 0.04397617280483246, 0.023299966007471085, 0.017492713406682014]</LCS_MIN>
		<LCS_MAX>[0.09186139702796936, 0.08499576151371002, 0.084470234811306, 0.12347337603569031, 0.0979408398270607, 0.09405771642923355]</LCS_MAX>
		<WAVELENGTH>[0.485, 0.56, 0.66, 0.83, 1.65, 2.215]</WAVELENGTH>
		<MEAN_VALUE>[0.08614987820859939, 0.07451757339258039, 0.06344097580701585, 0.06784636905742071, 0.05241159497508928, 0.04038929315431723]</MEAN_VALUE>
		<CHECKBOX>2</CHECKBOX>
		<SD>[0.0019922654243546617, 0.0043743878293784726, 0.008456794528610255, 0.019787871892469697, 0.021071096195452575, 0.019276022082390345]</SD>
		<WAVELENGTH_UNIT>E-6m</WAVELENGTH_UNIT>
		<COLOR>#64ae2c</COLOR>
		<COVARIANCE_MATRIX>[[4.033139703096822e-06, 5.1397428251220845e-06, 1.107815023715375e-05, 1.7962502170121297e-05, 2.2295924281934276e-05, 2.0809253328479826e-05], [5.1397428251220845e-06, 1.944390169228427e-05, 3.201806975994259e-05, 5.6820001191226766e-05, 6.332498014671728e-05, 5.652070467476733e-05], [1.107815023715375e-05, 3.201806975994259e-05, 7.267088221851736e-05, 0.0001354984997306019, 0.00015105596685316414, 0.00013377791037783027], [1.7962502170121297e-05, 5.6820001191226766e-05, 0.0001354984997306019, 0.0003978753520641476, 0.00039040311821736395, 0.00031313946237787604], [2.2295924281934276e-05, 6.332498014671728e-05, 0.00015105596685316414, 0.00039040311821736395, 0.0004511522420216352, 0.00036675043520517647], [2.0809253328479826e-05, 5.652070467476733e-05, 0.00013377791037783027, 0.00031313946237787604, 0.00036675043520517647, 0.00037755799712613225]]</COVARIANCE_MATRIX>
		<ROI_SIZE>63</ROI_SIZE>
		<MAX_VALUE>[0.09186139702796936, 0.08499576151371002, 0.084470234811306, 0.12347337603569031, 0.0979408398270607, 0.09405771642923355]</MAX_VALUE>
		<MIN_VALUE>[0.0828281119465828, 0.06927847862243652, 0.05267399922013283, 0.04397617280483246, 0.023299966007471085, 0.017492713406682014]</MIN_VALUE>
		<SIGNATURE_THRESHOLD_MD>0.0</SIGNATURE_THRESHOLD_MD>
		<SIGNATURE_THRESHOLD_ML>0.0</SIGNATURE_THRESHOLD_ML>
		<SIGNATURE_THRESHOLD_SAM>0.0</SIGNATURE_THRESHOLD_SAM>
	</signature>
	<signature ID="20200804_124539095380_966">
		<MACROCLASSID>1</MACROCLASSID>
		<MACROCLASSINFO>waterbody</MACROCLASSINFO>
		<CLASSID>14</CLASSID>
		<CLASSINFO>C 1</CLASSINFO>
		<VALUES>[0.10900383070469134, 0.0025045124231221506, 0.12064273330480527, 0.0036501141635508242, 0.11324007345379607, 0.007217070301397524, 0.0695874865500544, 0.01444900608625141, 0.03237732700058807, 0.013429050518449564, 0.02524482698862395, 0.012137805197458832]</VALUES>
		<LCS_MIN>[0.10089468955993652, 0.10071304440498352, 0.10301803797483444, 0.053913332521915436, 0.012636983767151833, 0.008304915390908718]</LCS_MIN>
		<LCS_MAX>[0.12197237461805344, 0.13214759528636932, 0.14541302621364594, 0.1267857551574707, 0.0872778445482254, 0.08180730789899826]</LCS_MAX>
		<WAVELENGTH>[0.485, 0.56, 0.66, 0.83, 1.65, 2.215]</WAVELENGTH>
		<MEAN_VALUE>[0.10900383070469134, 0.12064273330480527, 0.11324007345379607, 0.0695874865500544, 0.03237732700058807, 0.02524482698862395]</MEAN_VALUE>
		<CHECKBOX>2</CHECKBOX>
		<SD>[0.0025045124231221506, 0.0036501141635508242, 0.007217070301397524, 0.01444900608625141, 0.013429050518449564, 0.012137805197458832]</SD>
		<WAVELENGTH_UNIT>E-6m</WAVELENGTH_UNIT>
		<COLOR>#87ad69</COLOR>
		<COVARIANCE_MATRIX>[[6.576304258487653e-06, 4.517036359175108e-06, -9.235689049091889e-07, -8.118882988128462e-07, 2.2711737983627245e-06, 1.8407449715596158e-06], [4.517036359175108e-06, 1.8496006305213086e-05, 1.8759237718768418e-05, -9.86080976872472e-07, -4.540775989880785e-06, -3.4730005609162617e-06], [-9.235689049091889e-07, 1.8759237718768418e-05, 8.294714643852785e-05, 7.734476093901321e-05, 4.042702494189143e-05, 3.798522084252909e-05], [-8.118882988128462e-07, -9.86080976872472e-07, 7.734476093901321e-05, 0.00020766670058947057, 0.0001710755459498614, 0.00014811479195486754], [2.2711737983627245e-06, -4.540775989880785e-06, 4.042702494189143e-05, 0.0001710755459498614, 0.00019760611758101732, 0.00015869644994381815], [1.8407449715596158e-06, -3.4730005609162617e-06, 3.798522084252909e-05, 0.00014811479195486754, 0.00015869644994381815, 0.00014958555402699858]]</COVARIANCE_MATRIX>
		<ROI_SIZE>2023</ROI_SIZE>
		<MAX_VALUE>[0.12197237461805344, 0.13214759528636932, 0.14541302621364594, 0.1267857551574707, 0.0872778445482254, 0.08180730789899826]</MAX_VALUE>
		<MIN_VALUE>[0.10089468955993652, 0.10071304440498352, 0.10301803797483444, 0.053913332521915436, 0.012636983767151833, 0.008304915390908718]</MIN_VALUE>
		<SIGNATURE_THRESHOLD_MD>0.0</SIGNATURE_THRESHOLD_MD>
		<SIGNATURE_THRESHOLD_ML>0.0</SIGNATURE_THRESHOLD_ML>
		<SIGNATURE_THRESHOLD_SAM>0.0</SIGNATURE_THRESHOLD_SAM>
	</signature>
	<signature ID="20200804_124557806282_975">
		<MACROCLASSID>1</MACROCLASSID>
		<MACROCLASSINFO>waterbody</MACROCLASSINFO>
		<CLASSID>15</CLASSID>
		<CLASSINFO>C 1</CLASSINFO>
		<VALUES>[0.10498439242590718, 0.0024095228678043977, 0.12248264798032704, 0.0053576113265781464, 0.13485382597393064, 0.008322484822174231, 0.10725752798034183, 0.022921263959802363, 0.05293350255311425, 0.02144383492107054, 0.04117072398649222, 0.018501496848029125]</VALUES>
		<LCS_MIN>[0.09938914328813553, 0.10385650396347046, 0.10566771775484085, 0.0737876296043396, 0.027565157040953636, 0.02055531181395054]</LCS_MIN>
		<LCS_MAX>[0.10992798954248428, 0.1384345144033432, 0.16131114959716797, 0.15328481793403625, 0.1000734344124794, 0.08793250471353531]</LCS_MAX>
		<WAVELENGTH>[0.485, 0.56, 0.66, 0.83, 1.65, 2.215]</WAVELENGTH>
		<MEAN_VALUE>[0.10498439242590718, 0.12248264798032704, 0.13485382597393064, 0.10725752798034183, 0.05293350255311425, 0.04117072398649222]</MEAN_VALUE>
		<CHECKBOX>2</CHECKBOX>
		<SD>[0.0024095228678043977, 0.0053576113265781464, 0.008322484822174231, 0.022921263959802363, 0.02144383492107054, 0.018501496848029125]</SD>
		<WAVELENGTH_UNIT>E-6m</WAVELENGTH_UNIT>
		<COLOR>#ab6548</COLOR>
		<COVARIANCE_MATRIX>[[5.893767138331896e-06, 6.8538465711753815e-06, 9.62756257649744e-06, 9.055952432390768e-07, 5.984357358101988e-06, 9.773380952537991e-06], [6.8538465711753815e-06, 2.9138907848391682e-05, 3.433569872868247e-05, -4.1724644688656554e-05, -4.291623190511018e-05, -2.1492343876161613e-05], [9.62756257649744e-06, 3.433569872868247e-05, 7.031320274109021e-05, 3.522618499118835e-05, -2.645190988914692e-06, 1.970558696484659e-05], [9.055952432390768e-07, -4.1724644688656554e-05, 3.522618499118835e-05, 0.0005333446897566319, 0.00041824427898973227, 0.00035242634476162493], [5.984357358101988e-06, -4.291623190511018e-05, -2.645190988914692e-06, 0.00041824427898973227, 0.00046680530067533255, 0.00038783185300417244], [9.773380952537991e-06, -2.1492343876161613e-05, 1.970558696484659e-05, 0.00035242634476162493, 0.00038783185300417244, 0.0003474918194115162]]</COVARIANCE_MATRIX>
		<ROI_SIZE>67</ROI_SIZE>
		<MAX_VALUE>[0.10992798954248428, 0.1384345144033432, 0.16131114959716797, 0.15328481793403625, 0.1000734344124794, 0.08793250471353531]</MAX_VALUE>
		<MIN_VALUE>[0.09938914328813553, 0.10385650396347046, 0.10566771775484085, 0.0737876296043396, 0.027565157040953636, 0.02055531181395054]</MIN_VALUE>
		<SIGNATURE_THRESHOLD_MD>0.0</SIGNATURE_THRESHOLD_MD>
		<SIGNATURE_THRESHOLD_ML>0.0</SIGNATURE_THRESHOLD_ML>
		<SIGNATURE_THRESHOLD_SAM>0.0</SIGNATURE_THRESHOLD_SAM>
	</signature>
	<signature ID="20200804_124610039549_829">
		<MACROCLASSID>1</MACROCLASSID>
		<MACROCLASSINFO>waterbody</MACROCLASSINFO>
		<CLASSID>16</CLASSID>
