<?xml version="1.0" ?>
<signaturelist MCID_LIST="[['1', 'waterbody', '#0000ff'], ['2', 'vegetation', '#00ff00'], ['3', 'barren', '#ffaa00'], ['4', 'builtup', '#ff0000']]">
	<signature ID="20190912_210301589836_334">
		<MACROCLASSID>1</MACROCLASSID>
		<MACROCLASSINFO>waterbody</MACROCLASSINFO>
		<CLASSID>1</CLASSID>
		<CLASSINFO>C 1</CLASSINFO>
		<VALUES>[325.13321903128883, 28.4665962983185, 337.7195027861134, 33.767562575753274, 231.99468495499332, 36.7187613970199, 218.32096013716256, 38.720188621431824, 72.52293184740682, 37.05049683251613, 52.46275182168865, 34.43486812508242]</VALUES>
		<LCS_MIN>[210.0, 248.0, 130.0, 133.0, -21.0, -48.0]</LCS_MIN>
		<LCS_MAX>[487.0, 588.0, 579.0, 724.0, 510.0, 407.0]</LCS_MAX>
		<WAVELENGTH>[0.485, 0.56, 0.66, 0.83, 1.65, 2.215]</WAVELENGTH>
		<MEAN_VALUE>[325.13321903128883, 337.7195027861134, 231.99468495499332, 218.32096013716256, 72.52293184740682, 52.46275182168865]</MEAN_VALUE>
		<CHECKBOX>2</CHECKBOX>
		<SD>[28.4665962983185, 33.767562575753274, 36.7187613970199, 38.720188621431824, 37.05049683251613, 34.43486812508242]</SD>
		<WAVELENGTH_UNIT>E-6m</WAVELENGTH_UNIT>
		<COLOR>#8c1361</COLOR>
		<COVARIANCE_MATRIX>[[794.0597606602787, 523.4982866964484, 547.0132161775839, 453.5506188650743, 352.6722157273839, 246.86504107228308], [523.4982866964484, 1117.3585228442012, 836.0545021596671, 770.2060810885199, 613.5824764700003, 427.3319169390633], [547.0132161775839, 836.0545021596671, 1271.1349694986027, 897.364685636736, 758.9278096125081, 532.6763591187982], [453.5506188650743, 770.2060810885199, 897.364685636736, 1446.4742076102061, 917.7105941154555, 625.9557970564011], [352.6722157273839, 613.5824764700003, 758.9278096125081, 917.7105941154555, 1315.3269527611455, 723.2944328857792], [246.86504107228308, 427.3319169390633, 532.6763591187982, 625.9557970564011, 723.2944328857792, 1164.9930336386567]]</COVARIANCE_MATRIX>
		<ROI_SIZE>121298</ROI_SIZE>
		<MAX_VALUE>[487.0, 588.0, 579.0, 724.0, 510.0, 407.0]</MAX_VALUE>
		<MIN_VALUE>[210.0, 248.0, 130.0, 133.0, -21.0, -48.0]</MIN_VALUE>
		<SIGNATURE_THRESHOLD_MD>0</SIGNATURE_THRESHOLD_MD>
		<SIGNATURE_THRESHOLD_ML>0</SIGNATURE_THRESHOLD_ML>
		<SIGNATURE_THRESHOLD_SAM>0</SIGNATURE_THRESHOLD_SAM>
	</signature>
	<signature ID="20190912_210400474568_639">
		<MACROCLASSID>1</MACROCLASSID>
		<MACROCLASSINFO>waterbody</MACROCLASSINFO>
		<CLASSID>2</CLASSID>
		<CLASSINFO>C 1</CLASSINFO>
		<VALUES>[440.25109505878834, 28.019254060131296, 555.2017213555675, 35.52627518468272, 359.8424652270814, 37.48689573923681, 273.3104587719964, 41.08428840881076, 117.3386229155459, 46.30546160099816, 83.66817797587036, 41.23810004656717]</VALUES>
		<LCS_MIN>[330.0, 457.0, 283.0, 204.0, 13.0, -10.0]</LCS_MIN>
		<LCS_MAX>[607.0, 839.0, 802.0, 738.0, 624.0, 535.0]</LCS_MAX>
		<WAVELENGTH>[0.485, 0.56, 0.66, 0.83, 1.65, 2.215]</WAVELENGTH>
		<MEAN_VALUE>[440.25109505878834, 555.2017213555675, 359.8424652270814, 273.3104587719964, 117.3386229155459, 83.66817797587036]</MEAN_VALUE>
		<CHECKBOX>2</CHECKBOX>
		<SD>[28.019254060131296, 35.52627518468272, 37.48689573923681, 41.08428840881076, 46.30546160099816, 41.23810004656717]</SD>
		<WAVELENGTH_UNIT>E-6m</WAVELENGTH_UNIT>
		<COLOR>#ac5eb5</COLOR>
		<COVARIANCE_MATRIX>[[802.1347097750811, 594.7483443514698, 584.9903134933247, 506.95767728778026, 532.9045949305646, 433.5858631731812], [594.7483443514698, 1310.5028623043781, 766.5034574930493, 635.1223778800376, 593.657843003379, 476.41091021057184], [584.9903134933247, 766.5034574930493, 1326.0826205756657, 1090.166087026232, 1158.9652742352043, 924.0070958164496], [506.95767728778026, 635.1223778800376, 1090.166087026232, 1527.6285939263485, 1295.1712248820875, 1018.0751303123698], [532.9045949305646, 593.657843003379, 1158.9652742352043, 1295.1712248820875, 1989.7850552050054, 1282.5674480090363], [433.5858631731812, 476.41091021057184, 924.0070958164496, 1018.0751303123698, 1282.5674480090363, 1621.2394860649433]]</COVARIANCE_MATRIX>
		<ROI_SIZE>83167</ROI_SIZE>
		<MAX_VALUE>[607.0, 839.0, 802.0, 738.0, 624.0, 535.0]</MAX_VALUE>
		<MIN_VALUE>[330.0, 457.0, 283.0, 204.0, 13.0, -10.0]</MIN_VALUE>
		<SIGNATURE_THRESHOLD_MD>0</SIGNATURE_THRESHOLD_MD>
		<SIGNATURE_THRESHOLD_ML>0</SIGNATURE_THRESHOLD_ML>
		<SIGNATURE_THRESHOLD_SAM>0</SIGNATURE_THRESHOLD_SAM>
	</signature>
	<signature ID="20190912_210414853306_479">
		<MACROCLASSID>2</MACROCLASSID>
		<MACROCLASSINFO>vegetation</MACROCLASSINFO>
		<CLASSID>3</CLASSID>
		<CLASSINFO>C 1</CLASSINFO>
		<VALUES>[314.80475247524674, 36.98952349924389, 499.3348514851482, 59.64136093256794, 447.9091089108909, 74.4175718908959, 2159.5241584158407, 234.93571189434286, 1446.684158415844, 221.28240937665817, 725.7176237623763, 162.33399339687062]</VALUES>
		<LCS_MIN>[199.0, 323.0, 257.0, 1776.0, 884.0, 345.0]</LCS_MIN>
		<LCS_MAX>[490.0, 707.0, 730.0, 2773.0, 1863.0, 1132.0]</LCS_MAX>
		<WAVELENGTH>[0.485, 0.56, 0.66, 0.83, 1.65, 2.215]</WAVELENGTH>
		<MEAN_VALUE>[314.80475247524674, 499.3348514851482, 447.9091089108909, 2159.5241584158407, 1446.684158415844, 725.7176237623763]</MEAN_VALUE>
		<CHECKBOX>2</CHECKBOX>
		<SD>[36.98952349924389, 59.64136093256794, 74.4175718908959, 234.93571189434286, 221.28240937665817, 162.33399339687062]</SD>
		<WAVELENGTH_UNIT>E-6m</WAVELENGTH_UNIT>
		<COLOR>#d1ba9a</COLOR>
		<COVARIANCE_MATRIX>[[1639.782777510794, 1928.3564020498213, 2538.3139875892084, 2244.988854301119, 6172.867008974435, 4716.915801528104], [1928.3564020498213, 3902.4098334239143, 4353.647169999817, 5250.525542358882, 10365.135097051561, 7654.959716840613], [2538.3139875892084, 4353.647169999817, 6322.625758781584, 3225.4387857945508, 13983.390085506473, 11143.484421625095], [2244.988854301119, 5250.525542358882, 3225.4387857945508, 54937.64430328014, 25497.604971283297, 8078.909727676057], [6172.867008974435, 10365.135097051561, 13983.390085506473, 25497.604971283297, 48120.06682826586, 32533.290558291577], [4716.915801528104, 7654.959716840613, 11143.484421625095, 8078.909727676057, 32533.290558291577, 26015.62416853935]]</COVARIANCE_MATRIX>
		<ROI_SIZE>25588</ROI_SIZE>
		<MAX_VALUE>[490.0, 707.0, 730.0, 2773.0, 1863.0, 1132.0]</MAX_VALUE>
		<MIN_VALUE>[199.0, 323.0, 257.0, 1776.0, 884.0, 345.0]</MIN_VALUE>
		<SIGNATURE_THRESHOLD_MD>0</SIGNATURE_THRESHOLD_MD>
		<SIGNATURE_THRESHOLD_ML>0</SIGNATURE_THRESHOLD_ML>
		<SIGNATURE_THRESHOLD_SAM>0</SIGNATURE_THRESHOLD_SAM>
	</signature>
	<signature ID="20190912_210429068905_858">
		<MACROCLASSID>2</MACROCLASSID>
		<MACROCLASSINFO>vegetation</MACROCLASSINFO>
		<CLASSID>4</CLASSID>
		<CLASSINFO>C 1</CLASSINFO>
		<VALUES>[418.0154320987655, 51.1077270268433, 624.5879629629629, 65.66049729093173, 512.8472222222223, 82.42210946151776, 3823.277777777779, 155.14400916647392, 1302.4444444444462, 137.80406335280225, 610.1080246913575, 113.08723578975338]</VALUES>
		<LCS_MIN>[336.0, 517.0, 383.0, 3568.0, 1061.0, 408.0]</LCS_MIN>
		<LCS_MAX>[702.0, 1000.0, 917.0, 4321.0, 1697.0, 990.0]</LCS_MAX>
		<WAVELENGTH>[0.485, 0.56, 0.66, 0.83, 1.65, 2.215]</WAVELENGTH>
		<MEAN_VALUE>[418.0154320987655, 624.5879629629629, 512.8472222222223, 3823.277777777779, 1302.4444444444462, 610.1080246913575]</MEAN_VALUE>
		<CHECKBOX>2</CHECKBOX>
		<SD>[51.1077270268433, 65.66049729093173, 82.42210946151776, 155.14400916647392, 137.80406335280225, 113.08723578975338]</SD>
		<WAVELENGTH_UNIT>E-6m</WAVELENGTH_UNIT>
		<COLOR>#a1167a</COLOR>
		<COVARIANCE_MATRIX>[[2616.0368557635406, 2854.159382334426, 3588.530954834279, -2303.920831186673, 4356.577365619097, 3988.2533535596394], [2854.159382334426, 4317.9644298471585, 4975.151790314271, -3322.817362184441, 5835.950025759916, 5324.667453775257], [3588.530954834279, 4975.151790314271, 6803.903979907269, -5594.611282843894, 8066.953632148376, 7171.656405632836], [-2303.920831186673, -3322.817362184441, -5594.611282843894, 24106.86553323029, -8506.792890262754, -7924.632835308261], [4356.577365619097, 5835.950025759916, 8066.953632148376, -8506.792890262754, 19019.31066460587, 13933.972007556242], [3988.2533535596394, 5324.667453775257, 7171.656405632836, -7924.632835308261, 13933.972007556242, 12808.489085427529]]</COVARIANCE_MATRIX>
		<ROI_SIZE>648</ROI_SIZE>
		<MAX_VALUE>[702.0, 1000.0, 917.0, 4321.0, 1697.0, 990.0]</MAX_VALUE>
		<MIN_VALUE>[336.0, 517.0, 383.0, 3568.0, 1061.0, 408.0]</MIN_VALUE>
		<SIGNATURE_THRESHOLD_MD>0</SIGNATURE_THRESHOLD_MD>
		<SIGNATURE_THRESHOLD_ML>0</SIGNATURE_THRESHOLD_ML>
		<SIGNATURE_THRESHOLD_SAM>0</SIGNATURE_THRESHOLD_SAM>
	</signature>
	<signature ID="20190912_210436025893_239">
		<MACROCLASSID>2</MACROCLASSID>
		<MACROCLASSINFO>vegetation</MACROCLASSINFO>
		<CLASSID>5</CLASSID>
		<CLASSINFO>C 1</CLASSINFO>
		<VALUES>[495.6797163995067, 55.4458493378675, 735.3418618988901, 88.66950053577219, 689.7718865598026, 116.03195672006916, 3232.947287299634, 240.21169216944884, 1635.860665844636, 217.64751791214502, 908.2872996300847, 197.44821874745526]</VALUES>
		<LCS_MIN>[363.0, 528.5, 443.0, 2624.0, 1181.5, 504.0]</LCS_MIN>
		<LCS_MAX>[710.5, 1026.5, 1093.0, 3622.5, 2159.0, 1358.5]</LCS_MAX>
		<WAVELENGTH>[0.485, 0.56, 0.66, 0.83, 1.65, 2.215]</WAVELENGTH>
		<MEAN_VALUE>[495.6797163995067, 735.3418618988901, 689.7718865598026, 3232.947287299634, 1635.860665844636, 908.2872996300847]</MEAN_VALUE>
		<CHECKBOX>2</CHECKBOX>
		<SD>[55.4458493378675, 88.66950053577219, 116.03195672006916, 240.21169216944884, 217.64751791214502, 197.44821874745526]</SD>
		<WAVELENGTH_UNIT>E-6m</WAVELENGTH_UNIT>
		<COLOR>#7bf8ec</COLOR>
		<COVARIANCE_MATRIX>[[3420.8834415570623, 4498.833716696092, 5841.2808334830415, -5637.32688408823, 8038.663490377607, 7966.437093766524], [4498.833716696092, 7903.967121724231, 9738.537922946505, -8922.198653831445, 13748.280796385134, 13202.55661804691], [5841.2808334830415, 9738.537922946505, 14176.01111770461, -16188.523733717126, 20820.938765372495, 20032.569464438213], [-5637.32688408823, -8922.198653831445, -16188.523733717126, 63186.056831340924, -25764.08023288383, -27317.748465087305], [8038.663490377607, 13748.280796385134, 20820.938765372495, -25764.08023288383, 45751.114468487875, 40536.75082110038], [7966.437093766524, 13202.55661804691, 20032.569464438213, -27317.748465087305, 40536.75082110038, 40122.83663633184]]</COVARIANCE_MATRIX>
		<ROI_SIZE>5718</ROI_SIZE>
		<MAX_VALUE>[710.5, 1026.5, 1093.0, 3622.5, 2159.0, 1358.5]</MAX_VALUE>
		<MIN_VALUE>[363.0, 528.5, 443.0, 2624.0, 1181.5, 504.0]</MIN_VALUE>
		<SIGNATURE_THRESHOLD_MD>0</SIGNATURE_THRESHOLD_MD>
		<SIGNATURE_THRESHOLD_ML>0</SIGNATURE_THRESHOLD_ML>
		<SIGNATURE_THRESHOLD_SAM>0</SIGNATURE_THRESHOLD_SAM>
	</signature>
	<signature ID="20190912_210447130968_766">
		<MACROCLASSID>2</MACROCLASSID>
		<MACROCLASSINFO>vegetation</MACROCLASSINFO>
		<CLASSID>6</CLASSID>
		<CLASSINFO>C 1</CLASSINFO>
		<VALUES>[467.2677231025856, 36.68276941626363, 667.8874061718093, 54.11330743506898, 537.6497080900756, 58.22683546388474, 3876.2810675562923, 176.3384613302352, 1443.107589658048, 121.01288925944027, 627.5721434528773, 94.84397225911445]</VALUES>
		<LCS_MIN>[361.0, 541.0, 427.0, 3617.0, 1130.0, 441.0]</LCS_MIN>
		<LCS_MAX>[780.0, 996.0, 971.0, 4478.0, 1839.0, 961.0]</LCS_MAX>
		<WAVELENGTH>[0.485, 0.56, 0.66, 0.83, 1.65, 2.215]</WAVELENGTH>
		<MEAN_VALUE>[467.2677231025856, 667.8874061718093, 537.6497080900756, 3876.2810675562923, 1443.107589658048, 627.5721434528773]</MEAN_VALUE>
		<CHECKBOX>2</CHECKBOX>
		<SD>[36.68276941626363, 54.11330743506898, 58.22683546388474, 176.3384613302352, 121.01288925944027, 94.84397225911445]</SD>
		<WAVELENGTH_UNIT>E-6m</WAVELENGTH_UNIT>
		<COLOR>#099024</COLOR>
		<COVARIANCE_MATRIX>[[1346.7487987346165, 1500.628666626752, 1615.1163970810403, 168.3712665395899, 2886.593876226851, 2137.6605525472673], [1500.628666626752, 2930.6943237338855, 2681.2910772889486, -287.7504640065944, 4835.592257599195, 3595.2380962989464], [1615.1163970810403, 2681.2910772889486, 3393.19438847899, -1768.620994679762, 5249.950073168932, 4253.966861644582], [168.3712665395899, -287.7504640065944, -1768.620994679762, 31121.208915053034, 1377.4087999042051, -3571.5315628911694], [2886.593876226851, 4835.592257599195, 5249.950073168932, 1377.4087999042051, 14656.34317273298, 9689.99014482018], [2137.6605525472673, 3595.2380962989464, 4253.966861644582, -3571.5315628911694, 9689.99014482018, 9002.887737555362]]</COVARIANCE_MATRIX>
		<ROI_SIZE>1199</ROI_SIZE>
		<MAX_VALUE>[780.0, 996.0, 971.0, 4478.0, 1839.0, 961.0]</MAX_VALUE>
		<MIN_VALUE>[361.0, 541.0, 427.0, 3617.0, 1130.0, 441.0]</MIN_VALUE>
		<SIGNATURE_THRESHOLD_MD>0</SIGNATURE_THRESHOLD_MD>
		<SIGNATURE_THRESHOLD_ML>0</SIGNATURE_THRESHOLD_ML>
		<SIGNATURE_THRESHOLD_SAM>0</SIGNATURE_THRESHOLD_SAM>
	</signature>
	<signature ID="20190912_210454405059_660">
		<MACROCLASSID>2</MACROCLASSID>
		<MACROCLASSINFO>vegetation</MACROCLASSINFO>
		<CLASSID>7</CLASSID>
		<CLASSINFO>C 1</CLASSINFO>
		<VALUES>[640.6484069312468, 60.975770866248496, 975.2593627724975, 94.73955253640335, 984.6813862493009, 145.54652192618101, 2882.4583566238134, 176.25705056691825, 1913.7814421464464, 186.45775959108465, 1164.8267188373393, 202.4095658679627]</VALUES>
		<LCS_MIN>[472.0, 718.0, 632.0, 2610.0, 1557.0, 762.0]</LCS_MIN>
		<LCS_MAX>[886.0, 1265.0, 1501.0, 3594.0, 2533.0, 1665.0]</LCS_MAX>
		<WAVELENGTH>[0.485, 0.56, 0.66, 0.83, 1.65, 2.215]</WAVELENGTH>
		<MEAN_VALUE>[640.6484069312468, 975.2593627724975, 984.6813862493009, 2882.4583566238134, 1913.7814421464464, 1164.8267188373393]</MEAN_VALUE>
		<CHECKBOX>2</CHECKBOX>
		<SD>[60.975770866248496, 94.73955253640335, 145.54652192618101, 176.25705056691825, 186.45775959108465, 202.4095658679627]</SD>
		<WAVELENGTH_UNIT>E-6m</WAVELENGTH_UNIT>
		<COLOR>#dfa053</COLOR>
		<COVARIANCE_MATRIX>[[3599.7138381002787, 4553.450519232372, 6759.234424430992, -3245.6623970584224, 7930.137400520547, 9468.141627591038], [4553.450519232372, 7510.673396346158, 10514.759760494337, -3607.399176467391, 11485.462394858194, 13295.3649553634], [6759.234424430992, 10514.759760494337, 17106.370840327683, -9233.593188092364, 18120.281873869957, 21402.002305925813], [-3245.6623970584224, -3607.399176467391, -9233.593188092364, 33813.01019068217, -8275.63835852595, -14526.24597183449], [7930.137400520547, 11485.462394858194, 18120.281873869957, -8275.63835852595, 35461.35792645282, 35083.323315692665], [9468.141627591038, 13295.3649553634, 21402.002305925813, -14526.24597183449, 35083.323315692665, 40175.41913042656]]</COVARIANCE_MATRIX>
		<ROI_SIZE>4811</ROI_SIZE>
		<MAX_VALUE>[886.0, 1265.0, 1501.0, 3594.0, 2533.0, 1665.0]</MAX_VALUE>
		<MIN_VALUE>[472.0, 718.0, 632.0, 2610.0, 1557.0, 762.0]</MIN_VALUE>
		<SIGNATURE_THRESHOLD_MD>0</SIGNATURE_THRESHOLD_MD>
		<SIGNATURE_THRESHOLD_ML>0</SIGNATURE_THRESHOLD_ML>
		<SIGNATURE_THRESHOLD_SAM>0</SIGNATURE_THRESHOLD_SAM>
	</signature>
	<signature ID="20190912_210500899758_315">
		<MACROCLASSID>2</MACROCLASSID>
		<MACROCLASSINFO>vegetation</MACROCLASSINFO>
		<CLASSID>8</CLASSID>
		<CLASSINFO>C 1</CLASSINFO>
		<VALUES>[510.9223330311276, 52.51547006769191, 764.9181021456628, 81.86970241408012, 650.3309156844962, 80.45093642932832, 3358.291024478697, 222.17222793306286, 1561.832577818073, 155.43637988655243, 812.6615291628884, 128.13736032284024]</VALUES>
		<LCS_MIN>[375.0, 587.0, 438.0, 2814.0, 1106.0, 473.0]</LCS_MIN>
		<LCS_MAX>[739.0, 1037.0, 1030.0, 3811.0, 1879.0, 1248.0]</LCS_MAX>
		<WAVELENGTH>[0.485, 0.56, 0.66, 0.83, 1.65, 2.215]</WAVELENGTH>
		<MEAN_VALUE>[510.9223330311276, 764.9181021456628, 650.3309156844962, 3358.291024478697, 1561.832577818073, 812.6615291628884]</MEAN_VALUE>
		<CHECKBOX>2</CHECKBOX>
		<SD>[52.51547006769191, 81.86970241408012, 80.45093642932832, 222.17222793306286, 155.43637988655243, 128.13736032284024]</SD>
		<WAVELENGTH_UNIT>E-6m</WAVELENGTH_UNIT>
		<COLOR>#985cff</COLOR>
		<COVARIANCE_MATRIX>[[2797.3684025991624, 3664.946961160827, 3416.092293383056, 1329.1719950000772, 1335.7474803519274, 2276.264905026733], [3664.946961160827, 6548.935323349625, 5514.213182045532, 3799.416881598574, 1597.909699721401, 3066.706273474718], [3416.092293383056, 5514.213182045532, 6365.034812982606, -1393.7680874826128, 4972.102508199982, 5781.678133916871], [1329.1719950000772, 3799.416881598574, -1393.7680874826128, 49106.38454796761, -14850.601452673338, -12292.430569069009], [1335.7474803519274, 1597.909699721401, 4972.102508199982, -14850.601452673338, 25547.71673941914, 18926.92394270511], [2276.264905026733, 3066.706273474718, 5781.678133916871, -12292.430569069009, 18926.92394270511, 17495.04900210148]]</COVARIANCE_MATRIX>
		<ROI_SIZE>8701</ROI_SIZE>
		<MAX_VALUE>[739.0, 1037.0, 1030.0, 3811.0, 1879.0, 1248.0]</MAX_VALUE>
		<MIN_VALUE>[375.0, 587.0, 438.0, 2814.0, 1106.0, 473.0]</MIN_VALUE>
		<SIGNATURE_THRESHOLD_MD>0</SIGNATURE_THRESHOLD_MD>
		<SIGNATURE_THRESHOLD_ML>0</SIGNATURE_THRESHOLD_ML>
		<SIGNATURE_THRESHOLD_SAM>0</SIGNATURE_THRESHOLD_SAM>
	</signature>
	<signature ID="20190912_210520371253_936">
		<MACROCLASSID>2</MACROCLASSID>
		<MACROCLASSINFO>vegetation</MACROCLASSINFO>
		<CLASSID>9</CLASSID>
		<CLASSINFO>C 1</CLASSINFO>
		<VALUES>[369.2058281077094, 64.45161558658644, 538.1327923275549, 70.192944802855, 481.01180376244815, 87.6882653402202, 2285.3391737366283, 261.1619000566904, 1520.8367760973802, 236.3099041783291, 751.2272224271514, 173.37764194041642]</VALUES>
		<LCS_MIN>[224.0, 381.0, 312.0, 1812.0, 1022.0, 344.0]</LCS_MIN>
		<LCS_MAX>[611.0, 814.0, 883.0, 2799.0, 2010.0, 1239.0]</LCS_MAX>
		<WAVELENGTH>[0.485, 0.56, 0.66, 0.83, 1.65, 2.215]</WAVELENGTH>
		<MEAN_VALUE>[369.2058281077094, 538.1327923275549, 481.01180376244815, 2285.3391737366283, 1520.8367760973802, 751.2272224271514]</MEAN_VALUE>
		<CHECKBOX>2</CHECKBOX>
		<SD>[64.45161558658644, 70.192944802855, 87.6882653402202, 261.1619000566904, 236.3099041783291, 173.37764194041642]</SD>
		<WAVELENGTH_UNIT>E-6m</WAVELENGTH_UNIT>
		<COLOR>#e51062</COLOR>
		<COVARIANCE_MATRIX>[[4261.799585077906, 3841.8007951957, 4678.6820193919675, 2020.5598606294834, 7127.897972185664, 5561.551270993254], [3841.8007951957, 4857.280483182432, 5354.626188268775, 5851.885996237506, 10639.176007399516, 7543.0068455170685], [4678.6820193919675, 5354.626188268775, 7713.858603194236, 2572.862734667267, 15184.008657682258, 11839.744234155867], [2020.5598606294834, 5851.885996237506, 2572.862734667267, 67030.91891067606, 25808.149997891964, 6893.759965432243], [7127.897972185664, 10639.176007399516, 15184.008657682258, 25808.149997891964, 58801.1322439037, 39667.13612056784], [5561.551270993254, 7543.0068455170685, 11839.744234155867, 6893.759965432243, 39667.13612056784, 31021.409969587614]]</COVARIANCE_MATRIX>
		<ROI_SIZE>48977</ROI_SIZE>
		<MAX_VALUE>[611.0, 814.0, 883.0, 2799.0, 2010.0, 1239.0]</MAX_VALUE>
		<MIN_VALUE>[224.0, 381.0, 312.0, 1812.0, 1022.0, 344.0]</MIN_VALUE>
		<SIGNATURE_THRESHOLD_MD>0</SIGNATURE_THRESHOLD_MD>
		<SIGNATURE_THRESHOLD_ML>0</SIGNATURE_THRESHOLD_ML>
		<SIGNATURE_THRESHOLD_SAM>0</SIGNATURE_THRESHOLD_SAM>
	</signature>
	<signature ID="20190912_210547191950_439">
		<MACROCLASSID>3</MACROCLASSID>
		<MACROCLASSINFO>barren</MACROCLASSINFO>
		<CLASSID>10</CLASSID>
		<CLASSINFO>C 1</CLASSINFO>
		<VALUES>[714.9086556169433, 53.190520162987774, 1076.1307550644594, 92.64923570829042, 1486.5259668508256, 160.07084402979652, 2177.7046040515597, 172.7854470592095, 3261.0629834254178, 182.0283003009045, 2573.1856353591124, 185.40492188907018]</VALUES>
		<LCS_MIN>[592.0, 840.0, 1100.0, 1718.0, 2975.0, 2236.0]</LCS_MIN>
		<LCS_MAX>[937.0, 1449.0, 1963.0, 2634.0, 3925.0, 3167.0]</LCS_MAX>
		<WAVELENGTH>[0.485, 0.56, 0.66, 0.83, 1.65, 2.215]</WAVELENGTH>
		<MEAN_VALUE>[714.9086556169433, 1076.1307550644594, 1486.5259668508256, 2177.7046040515597, 3261.0629834254178, 2573.1856353591124]</MEAN_VALUE>
		<CHECKBOX>2</CHECKBOX>
		<SD>[53.190520162987774, 92.64923570829042, 160.07084402979652, 172.7854470592095, 182.0283003009045, 185.40492188907018]</SD>
		<WAVELENGTH_UNIT>E-6m</WAVELENGTH_UNIT>
		<COLOR>#3c1b7c</COLOR>
		<COVARIANCE_MATRIX>[[2704.2634145248057, 3756.101499716645, 4531.028461263643, 4359.617974139454, 4476.678991979033, 4957.868836764812], [3756.101499716645, 9342.494812214261, 14690.42622814585, 14087.703071150961, 8012.635474677455, 10504.096747852052], [4531.028461263643, 14690.42622814585, 28960.42207169778, 27342.097454638675, 11431.962007890497, 16532.899735105668], [4359.617974139454, 14087.703071150961, 27342.097454638675, 33546.27254555032, 17180.825292100035, 17182.858478440277], [4476.678991979033, 8012.635474677455, 11431.962007890497, 17180.825292100035, 36586.49134679407, 28587.963166640027], [4957.868836764812, 10504.096747852052, 16532.899735105668, 17182.858478440277, 28587.963166640027, 36412.26583665588]]</COVARIANCE_MATRIX>
		<ROI_SIZE>10455</ROI_SIZE>
		<MAX_VALUE>[937.0, 1449.0, 1963.0, 2634.0, 3925.0, 3167.0]</MAX_VALUE>
		<MIN_VALUE>[592.0, 840.0, 1100.0, 1718.0, 2975.0, 2236.0]</MIN_VALUE>
		<SIGNATURE_THRESHOLD_MD>0</SIGNATURE_THRESHOLD_MD>
		<SIGNATURE_THRESHOLD_ML>0</SIGNATURE_THRESHOLD_ML>
		<SIGNATURE_THRESHOLD_SAM>0</SIGNATURE_THRESHOLD_SAM>
	</signature>
	<signature ID="20190912_210555668731_315">
		<MACROCLASSID>3</MACROCLASSID>
		<MACROCLASSINFO>barren</MACROCLASSINFO>
		<CLASSID>11</CLASSID>
		<CLASSINFO>C 1</CLASSINFO>
		<VALUES>[682.5380269448086, 64.12180319572497, 1041.0215848181929, 104.16076995660104, 1447.1752861074915, 155.87682760345976, 2136.170505577287, 198.45625358898457, 2468.85600463566, 249.4580760785045, 1906.370418658554, 203.3231621053386]</VALUES>
		<LCS_MIN>[497.0, 785.0, 1133.0, 1686.0, 1960.0, 1530.0]</LCS_MIN>
		<LCS_MAX>[1027.0, 1457.0, 1974.0, 2671.0, 2958.0, 2495.0]</LCS_MAX>
		<WAVELENGTH>[0.485, 0.56, 0.66, 0.83, 1.65, 2.215]</WAVELENGTH>
		<MEAN_VALUE>[682.5380269448086, 1041.0215848181929, 1447.1752861074915, 2136.170505577287, 2468.85600463566, 1906.370418658554]</MEAN_VALUE>
		<CHECKBOX>2</CHECKBOX>
		<SD>[64.12180319572497, 104.16076995660104, 155.87682760345976, 198.45625358898457, 249.4580760785045, 203.3231621053386]</SD>
		<WAVELENGTH_UNIT>E-6m</WAVELENGTH_UNIT>
		<COLOR>#4abd60</COLOR>
		<COVARIANCE_MATRIX>[[4412.675603529968, 6178.235985769963, 6930.510216151548, 5619.775823579455, 5310.015999252866, 5507.538476135516], [6178.235985769963, 11278.920532900427, 14090.647314144946, 10020.91335341796, 9331.752331332871, 11303.061607327489], [6930.510216151548, 14090.647314144946, 24132.57482671478, 12347.835725306664, 15265.576322287878, 20141.924924839215], [5619.775823579455, 10020.91335341796, 12347.835725306664, 40064.18680176908, 33917.21192298842, 12061.56421160219], [5310.015999252866, 9331.752331332871, 15265.576322287878, 33917.21192298842, 62298.59064019955, 35860.34343933126], [5507.538476135516, 11303.061607327489, 20141.924924839215, 12061.56421160219, 35860.34343933126, 40939.00240547854]]</COVARIANCE_MATRIX>
		<ROI_SIZE>73019</ROI_SIZE>
		<MAX_VALUE>[1027.0, 1457.0, 1974.0, 2671.0, 2958.0, 2495.0]</MAX_VALUE>
		<MIN_VALUE>[497.0, 785.0, 1133.0, 1686.0, 1960.0, 1530.0]</MIN_VALUE>
		<SIGNATURE_THRESHOLD_MD>0</SIGNATURE_THRESHOLD_MD>
		<SIGNATURE_THRESHOLD_ML>0</SIGNATURE_THRESHOLD_ML>
		<SIGNATURE_THRESHOLD_SAM>0</SIGNATURE_THRESHOLD_SAM>
	</signature>
	<signature ID="20190912_210611440126_594">
		<MACROCLASSID>3</MACROCLASSID>
		<MACROCLASSINFO>barren</MACROCLASSINFO>
		<CLASSID>12</CLASSID>
		<CLASSINFO>C 1</CLASSINFO>
		<VALUES>[991.0710932260245, 66.19915111537195, 1605.7505030181092, 105.88386000205783, 2175.398390342053, 148.86852791094572, 2947.928906773976, 201.30280980858973, 4319.721663313208, 214.50479130579373, 3403.876592890675, 218.60674812092455]</VALUES>
		<LCS_MIN>[788.0, 1285.0, 1714.0, 2374.0, 3855.0, 3069.0]</LCS_MIN>
		<LCS_MAX>[1217.0, 1930.0, 2543.0, 3354.0, 4851.0, 4036.0]</LCS_MAX>
		<WAVELENGTH>[0.485, 0.56, 0.66, 0.83, 1.65, 2.215]</WAVELENGTH>
		<MEAN_VALUE>[991.0710932260245, 1605.7505030181092, 2175.398390342053, 2947.928906773976, 4319.721663313208, 3403.876592890675]</MEAN_VALUE>
		<CHECKBOX>2</CHECKBOX>
		<SD>[66.19915111537195, 105.88386000205783, 148.86852791094572, 201.30280980858973, 214.50479130579373, 218.60674812092455]</SD>
		<WAVELENGTH_UNIT>E-6m</WAVELENGTH_UNIT>
		<COLOR>#590f04</COLOR>
		<COVARIANCE_MATRIX>[[4385.268767864455, 5901.617749449718, 6986.6743427004985, 9769.733916699299, 7798.287586368321, 4234.34434976751], [5901.617749449718, 11218.916232968277, 14239.455168595467, 17461.192988805313, 15894.633864934569, 10558.08731043982], [6986.6743427004985, 14239.455168595467, 22176.712319554914, 26642.522301594803, 24869.48143086708, 14244.3847676664], [9769.733916699299, 17461.192988805313, 26642.522301594803, 40550.01776115304, 34531.284896853154, 12332.050952245909], [7798.287586368321, 15894.633864934569, 24869.48143086708, 34531.284896853154, 46043.18623508388, 30251.019319496398], [4234.34434976751, 10558.08731043982, 14244.3847676664, 12332.050952245909, 30251.019319496398, 47820.98341818246]]</COVARIANCE_MATRIX>
		<ROI_SIZE>1491</ROI_SIZE>
		<MAX_VALUE>[1217.0, 1930.0, 2543.0, 3354.0, 4851.0, 4036.0]</MAX_VALUE>
		<MIN_VALUE>[788.0, 1285.0, 1714.0, 2374.0, 3855.0, 3069.0]</MIN_VALUE>
		<SIGNATURE_THRESHOLD_MD>0</SIGNATURE_THRESHOLD_MD>
		<SIGNATURE_THRESHOLD_ML>0</SIGNATURE_THRESHOLD_ML>
		<SIGNATURE_THRESHOLD_SAM>0</SIGNATURE_THRESHOLD_SAM>
	</signature>
	<signature ID="20190912_210617938472_353">
		<MACROCLASSID>3</MACROCLASSID>
		<MACROCLASSINFO>barren</MACROCLASSINFO>
		<CLASSID>13</CLASSID>
		<CLASSINFO>C 1</CLASSINFO>
		<VALUES>[632.0713012477722, 77.0681167477417, 1067.472370766487, 102.30735985023261, 1650.4884135472366, 137.10666643972064, 2398.1283422459846, 144.36326950351273, 3314.9732620320833, 190.02432811191787, 2558.5519904931693, 181.42618173295938]</VALUES>
		<LCS_MIN>[438.0, 830.0, 1363.0, 1952.0, 2684.0, 2045.0]</LCS_MIN>
		<LCS_MAX>[843.0, 1341.0, 2001.0, 2801.0, 3612.0, 3009.0]</LCS_MAX>
		<WAVELENGTH>[0.485, 0.56, 0.66, 0.83, 1.65, 2.215]</WAVELENGTH>
		<MEAN_VALUE>[632.0713012477722, 1067.472370766487, 1650.4884135472366, 2398.1283422459846, 3314.9732620320833, 2558.5519904931693]</MEAN_VALUE>
		<CHECKBOX>2</CHECKBOX>
		<SD>[77.0681167477417, 102.30735985023261, 137.10666643972064, 144.36326950351273, 190.02432811191787, 181.42618173295938]</SD>
		<WAVELENGTH_UNIT>E-6m</WAVELENGTH_UNIT>
		<COLOR>#99877f</COLOR>
		<COVARIANCE_MATRIX>[[6305.13729115985, 6827.017075433297, 2534.782198536581, 5943.7625938301635, 7243.370726882047, -78.153897797298], [6827.017075433297, 9827.998516702479, 7950.954971933777, 10403.204092320364, 11668.336527266358, 4705.971435873649], [2534.782198536581, 7950.954971933777, 20487.41896213348, 12293.606479605844, 16221.572177680175, 18116.0965979762], [5943.7625938301635, 10403.204092320364, 12293.606479605844, 21726.243519210926, 15111.119284997587, 8518.224541616577], [7243.370726882047, 11668.336527266358, 16221.572177680175, 15111.119284997587, 36881.74207440784, 27764.728671327022], [-78.153897797298, 4705.971435873649, 18116.0965979762, 8518.224541616577, 27764.728671327022, 36211.26700633266]]</COVARIANCE_MATRIX>
		<ROI_SIZE>3542</ROI_SIZE>
		<MAX_VALUE>[843.0, 1341.0, 2001.0, 2801.0, 3612.0, 3009.0]</MAX_VALUE>
		<MIN_VALUE>[438.0, 830.0, 1363.0, 1952.0, 2684.0, 2045.0]</MIN_VALUE>
		<SIGNATURE_THRESHOLD_MD>0</SIGNATURE_THRESHOLD_MD>
		<SIGNATURE_THRESHOLD_ML>0</SIGNATURE_THRESHOLD_ML>
		<SIGNATURE_THRESHOLD_SAM>0</SIGNATURE_THRESHOLD_SAM>
	</signature>
	<signature ID="20190912_210629800369_543">
		<MACROCLASSID>3</MACROCLASSID>
		<MACROCLASSINFO>barren</MACROCLASSINFO>
		<CLASSID>14</CLASSID>
		<CLASSINFO>C 1</CLASSINFO>
		<VALUES>[661.2216748768485, 69.42970245999297, 954.3082336382848, 117.41537145395787, 1205.5242786769884, 194.80439026402968, 1836.0612244897973, 159.15969450747852, 1998.6826178747351, 184.73535831373187, 1523.8881069669249, 190.30385941572644]</VALUES>
		<LCS_MIN>[518.0, 712.0, 769.0, 1292.0, 1481.0, 1014.0]</LCS_MIN>
		<LCS_MAX>[916.0, 1249.0, 1656.0, 2108.0, 2317.0, 1943.0]</LCS_MAX>
		<WAVELENGTH>[0.485, 0.56, 0.66, 0.83, 1.65, 2.215]</WAVELENGTH>
		<MEAN_VALUE>[661.2216748768485, 954.3082336382848, 1205.5242786769884, 1836.0612244897973, 1998.6826178747351, 1523.8881069669249]</MEAN_VALUE>
		<CHECKBOX>2</CHECKBOX>
		<SD>[69.42970245999297, 117.41537145395787, 194.80439026402968, 159.15969450747852, 184.73535831373187, 190.30385941572644]</SD>
		<WAVELENGTH_UNIT>E-6m</WAVELENGTH_UNIT>
		<COLOR>#b5d445</COLOR>
		<COVARIANCE_MATRIX>[[4432.856689162367, 7088.763927484452, 10493.982135768163, 4955.786820166732, 4362.227603546382, 7529.605928278415], [7088.763927484452, 13598.358033075605, 20871.362394374184, 9765.164545170986, 8638.786172548946, 14353.866446750726], [10493.982135768163, 20871.362394374184, 37247.41142176601, 12892.923229172575, 13874.529285997847, 24232.968184653775], [4955.786820166732, 9765.164545170986, 12892.923229172575, 24404.52956246809, 15238.599023138435, 11971.358503941474], [4362.227603546382, 8638.786172548946, 13874.529285997847, 15238.599023138435, 34899.46826200243, 27965.625610440024], [7529.605928278415, 14353.866446750726, 24232.968184653775, 11971.358503941474, 27965.625610440024, 32506.675601933246]]</COVARIANCE_MATRIX>
		<ROI_SIZE>2520</ROI_SIZE>
		<MAX_VALUE>[916.0, 1249.0, 1656.0, 2108.0, 2317.0, 1943.0]</MAX_VALUE>
		<MIN_VALUE>[518.0, 712.0, 769.0, 1292.0, 1481.0, 1014.0]</MIN_VALUE>
		<SIGNATURE_THRESHOLD_MD>0</SIGNATURE_THRESHOLD_MD>
		<SIGNATURE_THRESHOLD_ML>0</SIGNATURE_THRESHOLD_ML>
		<SIGNATURE_THRESHOLD_SAM>0</SIGNATURE_THRESHOLD_SAM>
	</signature>
	<signature ID="20190912_210639570501_113">
		<MACROCLASSID>3</MACROCLASSID>
		<MACROCLASSINFO>barren</MACROCLASSINFO>
		<CLASSID>15</CLASSID>
		<CLASSINFO>C 1</CLASSINFO>
		<VALUES>[762.532341703058, 138.4128936898719, 1082.2570960698629, 172.83085937995156, 1279.2808406113554, 206.36750259803776, 1981.0521288209616, 202.46086745411193, 2441.142194323142, 239.10088125795227, 1868.829284934498, 222.14551254509095]</VALUES>
		<LCS_MIN>[483.0, 712.0, 797.0, 1451.0, 1883.0, 1394.0]</LCS_MIN>
		<LCS_MAX>[1268.0, 1629.0, 1797.0, 2435.0, 2878.0, 2361.0]</LCS_MAX>
		<WAVELENGTH>[0.485, 0.56, 0.66, 0.83, 1.65, 2.215]</WAVELENGTH>
		<MEAN_VALUE>[762.532341703058, 1082.2570960698629, 1279.2808406113554, 1981.0521288209616, 2441.142194323142, 1868.829284934498]</MEAN_VALUE>
		<CHECKBOX>2</CHECKBOX>
		<SD>[138.4128936898719, 172.83085937995156, 206.36750259803776, 202.46086745411193, 239.10088125795227, 222.14551254509095]</SD>
		<WAVELENGTH_UNIT>E-6m</WAVELENGTH_UNIT>
		<COLOR>#7f6106</COLOR>
		<COVARIANCE_MATRIX>[[19333.170541669246, 22539.062631431632, 24297.050111567107, 3828.2745446474805, -3679.1064402929824, 17720.141822965525], [22539.062631431632, 29538.03206327632, 33194.3540378116, 9526.896528738107, -252.16416136309104, 24620.84025386829], [24297.050111567107, 33194.3540378116, 41521.12433574808, 13572.509737923298, 5604.331736407338, 32655.16700351761], [3828.2745446474805, 9526.896528738107, 13572.509737923298, 41692.869127277314, 17174.925413133376, 7594.342597482781], [-3679.1064402929824, -252.16416136309104, 5604.331736407338, 17174.925413133376, 59148.50002442895, 31902.133051677592], [17720.141822965525, 24620.84025386829, 32655.16700351761, 7594.342597482781, 31902.133051677592, 48739.96334048135]]</COVARIANCE_MATRIX>
		<ROI_SIZE>64240</ROI_SIZE>
		<MAX_VALUE>[1268.0, 1629.0, 1797.0, 2435.0, 2878.0, 2361.0]</MAX_VALUE>
		<MIN_VALUE>[483.0, 712.0, 797.0, 1451.0, 1883.0, 1394.0]</MIN_VALUE>
		<SIGNATURE_THRESHOLD_MD>0</SIGNATURE_THRESHOLD_MD>
		<SIGNATURE_THRESHOLD_ML>0</SIGNATURE_THRESHOLD_ML>
		<SIGNATURE_THRESHOLD_SAM>0</SIGNATURE_THRESHOLD_SAM>
	</signature>
	<signature ID="20190912_210702016966_443">
		<MACROCLASSID>3</MACROCLASSID>
		<MACROCLASSINFO>barren</MACROCLASSINFO>
		<CLASSID>16</CLASSID>
		<CLASSINFO>C 1</CLASSINFO>
		<VALUES>[724.4278422273782, 93.39080507774968, 1118.6160092807413, 130.39504272899651, 1374.692575406034, 163.57981772278924, 2074.131322505795, 183.08047858990955, 2459.6269141531434, 229.98586059532468, 1888.590951276103, 203.8897977253801]</VALUES>
		<LCS_MIN>[501.0, 812.0, 1016.0, 1417.0, 1881.0, 1457.0]</LCS_MIN>
		<LCS_MAX>[1233.0, 1659.0, 1930.0, 2399.0, 2876.0, 2418.0]</LCS_MAX>
		<WAVELENGTH>[0.485, 0.56, 0.66, 0.83, 1.65, 2.215]</WAVELENGTH>
		<MEAN_VALUE>[724.4278422273782, 1118.6160092807413, 1374.692575406034, 2074.131322505795, 2459.6269141531434, 1888.590951276103]</MEAN_VALUE>
		<CHECKBOX>2</CHECKBOX>
		<SD>[93.39080507774968, 130.39504272899651, 163.57981772278924, 183.08047858990955, 229.98586059532468, 203.8897977253801]</SD>
		<WAVELENGTH_UNIT>E-6m</WAVELENGTH_UNIT>
		<COLOR>#528c01</COLOR>
		<COVARIANCE_MATRIX>[[9117.433793342296, 10915.530379410942, 10980.49414558723, -261.54022600475616, -2782.4476427579566, 6587.625304632994], [10915.530379410942, 16691.261994816366, 18671.5969245815, 3173.3308256881373, 2678.378783972112, 14241.520541135447], [10980.49414558723, 18671.5969245815, 25853.046472294147, 7615.1440781198635, 11644.513224520735, 22917.82240822154], [-261.54022600475616, 3173.3308256881373, 7615.1440781198635, 32658.57296635628, 19820.301575418493, 6591.997971733868], [-2782.4476427579566, 2678.378783972112, 11644.513224520735, 19820.301575418493, 53534.79015331549, 34436.95010169909], [6587.625304632994, 14241.520541135447, 22917.82240822154, 6591.997971733868, 34436.95010169909, 41271.07593606151]]</COVARIANCE_MATRIX>
		<ROI_SIZE>35893</ROI_SIZE>
		<MAX_VALUE>[1233.0, 1659.0, 1930.0, 2399.0, 2876.0, 2418.0]</MAX_VALUE>
		<MIN_VALUE>[501.0, 812.0, 1016.0, 1417.0, 1881.0, 1457.0]</MIN_VALUE>
		<SIGNATURE_THRESHOLD_MD>0</SIGNATURE_THRESHOLD_MD>
		<SIGNATURE_THRESHOLD_ML>0</SIGNATURE_THRESHOLD_ML>
		<SIGNATURE_THRESHOLD_SAM>0</SIGNATURE_THRESHOLD_SAM>
	</signature>
	<signature ID="20190912_210743486860_621">
		<MACROCLASSID>4</MACROCLASSID>
		<MACROCLASSINFO>builtup</MACROCLASSINFO>
		<CLASSID>17</CLASSID>
		<CLASSINFO>C 1</CLASSINFO>
		<VALUES>[977.6137602179829, 121.07913394611582, 1250.367166212535, 141.10440000664036, 1352.1069482288865, 168.44121503286928, 2133.133514986377, 169.39777091081285, 2344.8385558583104, 174.60091656855406, 1990.7350136239788, 244.29833059730296]</VALUES>
		<LCS_MIN>[678.0, 848.0, 854.0, 1658.0, 1637.0, 1373.0]</LCS_MIN>
		<LCS_MAX>[1333.0, 1644.0, 1796.0, 2526.0, 2600.0, 2372.0]</LCS_MAX>
		<WAVELENGTH>[0.485, 0.56, 0.66, 0.83, 1.65, 2.215]</WAVELENGTH>
		<MEAN_VALUE>[977.6137602179829, 1250.367166212535, 1352.1069482288865, 2133.133514986377, 2344.8385558583104, 1990.7350136239788]</MEAN_VALUE>
		<CHECKBOX>2</CHECKBOX>
		<SD>[121.07913394611582, 141.10440000664036, 168.44121503286928, 169.39777091081285, 174.60091656855406, 244.29833059730296]</SD>
		<WAVELENGTH_UNIT>E-6m</WAVELENGTH_UNIT>
		<COLOR>#0ee005</COLOR>
		<COVARIANCE_MATRIX>[[13668.143610989046, 14248.935765825903, 16136.794603543067, -864.9869944281004, 5273.964233055912, 17713.492753958646], [14248.935765825903, 18035.35911077715, 20571.209002593063, 2650.563950715021, 7453.111230011102, 19498.813412813688], [16136.794603543067, 20571.209002593063, 25683.592078576865, 2692.6379526539486, 11096.327525050066, 24957.877670469614], [-864.9869944281004, 2650.563950715021, 2692.6379526539486, 31114.34713505063, 7771.587186643543, -6033.59065893332], [5273.964233055912, 7453.111230011102, 11096.327525050066, 7771.587186643543, 29248.84351873905, 29870.08800123895], [17713.492753958646, 19498.813412813688, 24957.877670469614, -6033.59065893332, 29870.08800123895, 53941.31210644196]]</COVARIANCE_MATRIX>
		<ROI_SIZE>2990</ROI_SIZE>
		<MAX_VALUE>[1333.0, 1644.0, 1796.0, 2526.0, 2600.0, 2372.0]</MAX_VALUE>
		<MIN_VALUE>[678.0, 848.0, 854.0, 1658.0, 1637.0, 1373.0]</MIN_VALUE>
		<SIGNATURE_THRESHOLD_MD>0</SIGNATURE_THRESHOLD_MD>
		<SIGNATURE_THRESHOLD_ML>0</SIGNATURE_THRESHOLD_ML>
		<SIGNATURE_THRESHOLD_SAM>0</SIGNATURE_THRESHOLD_SAM>
	</signature>
	<signature ID="20190912_210800231347_441">
		<MACROCLASSID>4</MACROCLASSID>
		<MACROCLASSINFO>builtup</MACROCLASSINFO>
		<CLASSID>18</CLASSID>
		<CLASSINFO>C 1</CLASSINFO>
		<VALUES>[1132.9066967644849, 93.62972567926354, 1425.2031602708798, 126.5320414835375, 1568.7411587659885, 161.83026007660007, 2290.9398043641827, 202.7571821953294, 2750.8645598194125, 237.3625484330272, 2399.857787810383, 235.26624228070176]</VALUES>
		<LCS_MIN>[843.0, 1098.0, 1149.0, 1781.0, 2245.0, 2028.0]</LCS_MIN>
		<LCS_MAX>[1390.0, 1809.0, 2086.0, 2770.0, 3243.0, 2975.0]</LCS_MAX>
		<WAVELENGTH>[0.485, 0.56, 0.66, 0.83, 1.65, 2.215]</WAVELENGTH>
		<MEAN_VALUE>[1132.9066967644849, 1425.2031602708798, 1568.7411587659885, 2290.9398043641827, 2750.8645598194125, 2399.857787810383]</MEAN_VALUE>
		<CHECKBOX>2</CHECKBOX>
		<SD>[93.62972567926354, 126.5320414835375, 161.83026007660007, 202.7571821953294, 237.3625484330272, 235.26624228070176]</SD>
		<WAVELENGTH_UNIT>E-6m</WAVELENGTH_UNIT>
		<COLOR>#a805a8</COLOR>
		<COVARIANCE_MATRIX>[[8773.126830119576, 9948.209481832524, 11600.122668438995, 6176.408535949669, 9908.40678118796, 15839.684763319648], [9948.209481832524, 16022.413514101554, 19278.146752359327, 13873.698985558489, 17594.8212114825, 21468.68403410482], [11600.122668438995, 19278.146752359327, 26208.753733897214, 19786.847358961804, 24547.638108868887, 26837.42551130029], [6176.408535949669, 13873.698985558489, 19786.847358961804, 41141.43161472073, 35863.53325661563, 22485.569746253645], [9908.40678118796, 17594.8212114825, 24547.638108868887, 35863.53325661563, 56383.404834915294, 46134.62454955261], [15839.684763319648, 21468.68403410482, 26837.42551130029, 22485.569746253645, 46134.62454955261, 55391.884127933874]]</COVARIANCE_MATRIX>
		<ROI_SIZE>1329</ROI_SIZE>
		<MAX_VALUE>[1390.0, 1809.0, 2086.0, 2770.0, 3243.0, 2975.0]</MAX_VALUE>
		<MIN_VALUE>[843.0, 1098.0, 1149.0, 1781.0, 2245.0, 2028.0]</MIN_VALUE>
		<SIGNATURE_THRESHOLD_MD>0</SIGNATURE_THRESHOLD_MD>
		<SIGNATURE_THRESHOLD_ML>0</SIGNATURE_THRESHOLD_ML>
		<SIGNATURE_THRESHOLD_SAM>0</SIGNATURE_THRESHOLD_SAM>
	</signature>
	<signature ID="20190912_210829109567_128">
		<MACROCLASSID>4</MACROCLASSID>
		<MACROCLASSINFO>builtup</MACROCLASSINFO>
		<CLASSID>19</CLASSID>
		<CLASSINFO>C 1</CLASSINFO>
		<VALUES>[978.2046511627909, 99.37511726712602, 1232.1395348837214, 113.81373632619142, 1368.53488372093, 143.69873991407653, 2008.0302325581395, 144.73011456755168, 2291.5081395348843, 173.43603788161641, 1988.391860465117, 189.37900028171396]</VALUES>
		<LCS_MIN>[721.0, 930.0, 1010.0, 1605.0, 1755.0, 1554.0]</LCS_MIN>
		<LCS_MAX>[1297.0, 1541.0, 1766.0, 2250.0, 2722.0, 2534.0]</LCS_MAX>
		<WAVELENGTH>[0.485, 0.56, 0.66, 0.83, 1.65, 2.215]</WAVELENGTH>
		<MEAN_VALUE>[978.2046511627909, 1232.1395348837214, 1368.53488372093, 2008.0302325581395, 2291.5081395348843, 1988.391860465117]</MEAN_VALUE>
		<CHECKBOX>2</CHECKBOX>
		<SD>[99.37511726712602, 113.81373632619142, 143.69873991407653, 144.73011456755168, 173.43603788161641, 189.37900028171396]</SD>
		<WAVELENGTH_UNIT>E-6m</WAVELENGTH_UNIT>
		<COLOR>#a05847</COLOR>
		<COVARIANCE_MATRIX>[[9886.91033922625, 9643.205403795655, 11670.255949319111, 3042.3954354712073, 9183.35106803476, 12326.894100766169], [9643.205403795655, 12968.646397920787, 15585.990470260178, 6351.9061374773255, 10102.98954977394, 12122.405095162032], [11670.255949319111, 15585.990470260178, 20673.36665132523, 8068.078105964208, 12930.697620272356, 15387.61437041449], [3042.3954354712073, 6351.9061374773255, 8068.078105964208, 20971.191168746784, 10526.842594146789, 4680.3385467146745], [9183.35106803476, 10102.98954977394, 12930.697620272356, 10526.842594146789, 30115.076767198196, 29225.678413244164], [12326.894100766169, 12122.405095162032, 15387.61437041449, 4680.3385467146745, 29225.678413244164, 35906.157093158625]]</COVARIANCE_MATRIX>
		<ROI_SIZE>860</ROI_SIZE>
		<MAX_VALUE>[1297.0, 1541.0, 1766.0, 2250.0, 2722.0, 2534.0]</MAX_VALUE>
		<MIN_VALUE>[721.0, 930.0, 1010.0, 1605.0, 1755.0, 1554.0]</MIN_VALUE>
		<SIGNATURE_THRESHOLD_MD>0</SIGNATURE_THRESHOLD_MD>
		<SIGNATURE_THRESHOLD_ML>0</SIGNATURE_THRESHOLD_ML>
		<SIGNATURE_THRESHOLD_SAM>0</SIGNATURE_THRESHOLD_SAM>
	</signature>
	<signature ID="20190912_210906900161_334">
