<?xml version="1.0" ?>
<signaturelist MCID_LIST="[['1', 'waterbody', '#0000ff'], ['2', 'vegetation', '#00ff00'], ['3', 'bare land', '#ffaa00'], ['4', 'built-up', '#ff0000']]">
	<signature ID="20200602_143159521320_332">
		<MACROCLASSID>1</MACROCLASSID>
		<MACROCLASSINFO>waterbody</MACROCLASSINFO>
		<CLASSID>1</CLASSID>
		<CLASSINFO>C 1</CLASSINFO>
		<VALUES>[0.12453812092916475, 0.004306295507977312, 0.10292370285451631, 0.0054130270541550085, 0.07529242012022203, 0.005243185894469523, 0.09201447451387053, 0.017281696361529177, 0.03503534182518934, 0.010788581863115971, 0.022475350409826282, 0.0070451041548061566]</VALUES>
		<LCS_MIN>[0.11427244544029236, 0.0899696797132492, 0.06290580332279205, 0.057767849415540695, 0.01409372128546238, 0.005002424120903015]</LCS_MIN>
		<LCS_MAX>[0.136941596865654, 0.1228332668542862, 0.0907185971736908, 0.15575289726257324, 0.1015990823507309, 0.05760660395026207]</LCS_MAX>
		<WAVELENGTH>[1.0, 2.0, 3.0, 4.0, 5.0, 6.0]</WAVELENGTH>
		<MEAN_VALUE>[0.12453812092916475, 0.10292370285451631, 0.07529242012022203, 0.09201447451387053, 0.03503534182518934, 0.022475350409826282]</MEAN_VALUE>
		<CHECKBOX>2</CHECKBOX>
		<SD>[0.004306295507977312, 0.0054130270541550085, 0.005243185894469523, 0.017281696361529177, 0.010788581863115971, 0.0070451041548061566]</SD>
		<WAVELENGTH_UNIT>band number</WAVELENGTH_UNIT>
		<COLOR>#69e5a8</COLOR>
		<COVARIANCE_MATRIX>[[2.519938971090596e-05, 3.060609378735535e-05, 2.6377556423540227e-05, -1.8734845070866868e-05, 4.809622623724863e-06, 1.596593028807547e-05], [3.060609378735535e-05, 4.4497941416921094e-05, 3.625240788096562e-05, -8.809351129457355e-06, 1.5170670849329326e-05, 2.4579889213782735e-05], [2.6377556423540227e-05, 3.625240788096562e-05, 3.6897617974318564e-05, -5.9901076383539476e-06, 2.1196396119194105e-05, 2.8994791136938147e-05], [-1.8734845070866868e-05, -8.809351129457355e-06, -5.9901076383539476e-06, 0.0002667142834980041, 0.00013085093814879656, 3.9060625567799434e-05], [4.809622623724863e-06, 1.5170670849329326e-05, 2.1196396119194105e-05, 0.00013085093814879656, 0.00011128262121928856, 5.626872734865174e-05], [1.596593028807547e-05, 2.4579889213782735e-05, 2.8994791136938147e-05, 3.9060625567799434e-05, 5.626872734865174e-05, 5.2294217312010005e-05]]</COVARIANCE_MATRIX>
		<ROI_SIZE>5735</ROI_SIZE>
		<MAX_VALUE>[0.136941596865654, 0.1228332668542862, 0.0907185971736908, 0.15575289726257324, 0.1015990823507309, 0.05760660395026207]</MAX_VALUE>
		<MIN_VALUE>[0.11427244544029236, 0.0899696797132492, 0.06290580332279205, 0.057767849415540695, 0.01409372128546238, 0.005002424120903015]</MIN_VALUE>
		<SIGNATURE_THRESHOLD_MD>0.0</SIGNATURE_THRESHOLD_MD>
		<SIGNATURE_THRESHOLD_ML>0.0</SIGNATURE_THRESHOLD_ML>
		<SIGNATURE_THRESHOLD_SAM>0.0</SIGNATURE_THRESHOLD_SAM>
	</signature>
	<signature ID="20200602_143214315960_778">
		<MACROCLASSID>1</MACROCLASSID>
		<MACROCLASSINFO>waterbody</MACROCLASSINFO>
		<CLASSID>2</CLASSID>
		<CLASSINFO>C 1</CLASSINFO>
		<VALUES>[0.12387658630485651, 0.001873643945455793, 0.0980148532367372, 0.0024195147618654373, 0.07112814606010141, 0.002480571854764268, 0.10194527744859842, 0.020563265917642345, 0.028296493216381453, 0.008661071234035195, 0.014361869698608079, 0.00446378467968627]</VALUES>
		<LCS_MIN>[0.11805063486099243, 0.09270831942558289, 0.06543423235416412, 0.083054319024086, 0.016128728166222572, 0.005002424120903015]</LCS_MIN>
		<LCS_MAX>[0.13568219542503357, 0.10914010554552078, 0.08819016814231873, 0.18103936314582825, 0.06903895735740662, 0.03130451589822769]</LCS_MAX>
		<WAVELENGTH>[1.0, 2.0, 3.0, 4.0, 5.0, 6.0]</WAVELENGTH>
		<MEAN_VALUE>[0.12387658630485651, 0.0980148532367372, 0.07112814606010141, 0.10194527744859842, 0.028296493216381453, 0.014361869698608079]</MEAN_VALUE>
		<CHECKBOX>2</CHECKBOX>
		<SD>[0.001873643945455793, 0.0024195147618654373, 0.002480571854764268, 0.020563265917642345, 0.008661071234035195, 0.00446378467968627]</SD>
		<WAVELENGTH_UNIT>band number</WAVELENGTH_UNIT>
		<COLOR>#f4f2e6</COLOR>
		<COVARIANCE_MATRIX>[[3.5196835597162135e-06, 1.8325004020880442e-06, 1.8847138107958017e-06, -6.721235422446625e-06, 4.0099124021253374e-08, 1.6310664250340778e-06], [1.8325004020880442e-06, 5.869296728633344e-06, 3.192585836586659e-06, 9.026873158290982e-06, 6.494761237263447e-06, 4.58248450740939e-06], [1.8847138107958017e-06, 3.192585836586659e-06, 6.169260814203881e-06, 8.01827718532877e-06, 6.96792449161876e-06, 4.85588770970935e-06], [-6.721235422446625e-06, 9.026873158290982e-06, 8.01827718532877e-06, 0.0004239490663167089, 0.0001547231076983735, 4.998310032533482e-05], [4.0099124021253374e-08, 6.494761237263447e-06, 6.96792449161876e-06, 0.0001547231076983735, 7.520950748585165e-05, 2.850670352927409e-05], [1.6310664250340778e-06, 4.58248450740939e-06, 4.85588770970935e-06, 4.998310032533482e-05, 2.850670352927409e-05, 1.997726212721318e-05]]</COVARIANCE_MATRIX>
		<ROI_SIZE>385</ROI_SIZE>
		<MAX_VALUE>[0.13568219542503357, 0.10914010554552078, 0.08819016814231873, 0.18103936314582825, 0.06903895735740662, 0.03130451589822769]</MAX_VALUE>
		<MIN_VALUE>[0.11805063486099243, 0.09270831942558289, 0.06543423235416412, 0.083054319024086, 0.016128728166222572, 0.005002424120903015]</MIN_VALUE>
		<SIGNATURE_THRESHOLD_MD>0.0</SIGNATURE_THRESHOLD_MD>
		<SIGNATURE_THRESHOLD_ML>0.0</SIGNATURE_THRESHOLD_ML>
		<SIGNATURE_THRESHOLD_SAM>0.0</SIGNATURE_THRESHOLD_SAM>
	</signature>
	<signature ID="20200602_143221596545_709">
		<MACROCLASSID>1</MACROCLASSID>
		<MACROCLASSINFO>waterbody</MACROCLASSINFO>
		<CLASSID>3</CLASSID>
		<CLASSINFO>C 1</CLASSINFO>
		<VALUES>[0.12868027423412787, 0.0035488054256631717, 0.10511540395033937, 0.004033709190747846, 0.07710639065604048, 0.004213729137928153, 0.10234386217731599, 0.014727675031002025, 0.026482953852046447, 0.00748104571543208, 0.014627531443212948, 0.004706060897279925]</VALUES>
		<LCS_MIN>[0.12182885408401489, 0.09544694423675537, 0.06796266883611679, 0.083054319024086, 0.01409372128546238, 0.002079970669001341]</LCS_MIN>
		<LCS_MAX>[0.14071980118751526, 0.1228332668542862, 0.0983039140701294, 0.1620745062828064, 0.06293392181396484, 0.028382059186697006]</LCS_MAX>
		<WAVELENGTH>[1.0, 2.0, 3.0, 4.0, 5.0, 6.0]</WAVELENGTH>
		<MEAN_VALUE>[0.12868027423412787, 0.10511540395033937, 0.07710639065604048, 0.10234386217731599, 0.026482953852046447, 0.014627531443212948]</MEAN_VALUE>
		<CHECKBOX>2</CHECKBOX>
		<SD>[0.0035488054256631717, 0.004033709190747846, 0.004213729137928153, 0.014727675031002025, 0.00748104571543208, 0.004706060897279925]</SD>
		<WAVELENGTH_UNIT>band number</WAVELENGTH_UNIT>
		<COLOR>#86742f</COLOR>
		<COVARIANCE_MATRIX>[[1.2620477718883194e-05, 1.1684768651321065e-05, 1.183788390335394e-05, 1.552498906676192e-05, 7.222959993669065e-06, 5.392163529904792e-06], [1.1684768651321065e-05, 1.630499173188582e-05, 1.405348302796483e-05, 2.4696077161934227e-05, 1.169332790595945e-05, 7.79745550971711e-06], [1.183788390335394e-05, 1.405348302796483e-05, 1.7792814105632715e-05, 2.8388014470692724e-05, 1.5707628335803747e-05, 1.0303184353688266e-05], [1.552498906676192e-05, 2.4696077161934227e-05, 2.8388014470692724e-05, 0.00021736009512096643, 9.039886936079711e-05, 3.725235728779808e-05], [7.222959993669065e-06, 1.169332790595945e-05, 1.5707628335803747e-05, 9.039886936079711e-05, 5.6083619710989296e-05, 2.5821336748776957e-05], [5.392163529904792e-06, 7.79745550971711e-06, 1.0303184353688266e-05, 3.725235728779808e-05, 2.5821336748776957e-05, 2.2193537006387487e-05]]</COVARIANCE_MATRIX>
		<ROI_SIZE>477</ROI_SIZE>
		<MAX_VALUE>[0.14071980118751526, 0.1228332668542862, 0.0983039140701294, 0.1620745062828064, 0.06293392181396484, 0.028382059186697006]</MAX_VALUE>
		<MIN_VALUE>[0.12182885408401489, 0.09544694423675537, 0.06796266883611679, 0.083054319024086, 0.01409372128546238, 0.002079970669001341]</MIN_VALUE>
		<SIGNATURE_THRESHOLD_MD>0.0</SIGNATURE_THRESHOLD_MD>
		<SIGNATURE_THRESHOLD_ML>0.0</SIGNATURE_THRESHOLD_ML>
		<SIGNATURE_THRESHOLD_SAM>0.0</SIGNATURE_THRESHOLD_SAM>
	</signature>
	<signature ID="20200602_143246163807_447">
		<MACROCLASSID>1</MACROCLASSID>
		<MACROCLASSINFO>waterbody</MACROCLASSINFO>
		<CLASSID>4</CLASSID>
		<CLASSINFO>C 1</CLASSINFO>
		<VALUES>[0.16033708252752196, 0.0060804669258671664, 0.15965649307126398, 0.008651075713234119, 0.13784824990612804, 0.010152555430775007, 0.08429381061865282, 0.006457418371652166, 0.015216459624576777, 0.003111442708003439, 0.008041716864340338, 0.002631584671338536]</VALUES>
		<LCS_MIN>[0.13820098340511322, 0.12831053137779236, 0.10083233565092087, 0.07357189059257507, 0.007988696917891502, -0.0008424838306382298]</LCS_MIN>
		<LCS_MAX>[0.17472350597381592, 0.17486725747585297, 0.15645793080329895, 0.1494312882423401, 0.06293392181396484, 0.03422696888446808]</LCS_MAX>
		<WAVELENGTH>[1.0, 2.0, 3.0, 4.0, 5.0, 6.0]</WAVELENGTH>
		<MEAN_VALUE>[0.16033708252752196, 0.15965649307126398, 0.13784824990612804, 0.08429381061865282, 0.015216459624576777, 0.008041716864340338]</MEAN_VALUE>
		<CHECKBOX>2</CHECKBOX>
		<SD>[0.0060804669258671664, 0.008651075713234119, 0.010152555430775007, 0.006457418371652166, 0.003111442708003439, 0.002631584671338536]</SD>
		<WAVELENGTH_UNIT>band number</WAVELENGTH_UNIT>
		<COLOR>#d685c8</COLOR>
		<COVARIANCE_MATRIX>[[3.459291110630147e-05, 4.578845982905477e-05, 5.412477548816241e-05, 5.499694452737458e-06, 6.868216217981171e-08, 1.1354503612892586e-06], [4.578845982905477e-05, 6.839197885710746e-05, 7.754125545034185e-05, 8.656684258312453e-06, 1.6546813697004836e-07, 1.6182531226149877e-06], [5.412477548816241e-05, 7.754125545034185e-05, 9.55616487772204e-05, 1.2619395420188084e-05, 1.0383226936028223e-06, 2.3967963898030575e-06], [5.499694452737458e-06, 8.656684258312453e-06, 1.2619395420188084e-05, 3.336617737659253e-05, 1.0842504707397893e-05, 5.647986199619481e-06], [6.868216217981171e-08, 1.6546813697004836e-07, 1.0383226936028223e-06, 1.0842504707397893e-05, 7.67727215134073e-06, 2.819978135448764e-06], [1.1354503612892586e-06, 1.6182531226149877e-06, 2.3967963898030575e-06, 5.647986199619481e-06, 2.819978135448764e-06, 6.191464308358263e-06]]</COVARIANCE_MATRIX>
		<ROI_SIZE>9861</ROI_SIZE>
		<MAX_VALUE>[0.17472350597381592, 0.17486725747585297, 0.15645793080329895, 0.1494312882423401, 0.06293392181396484, 0.03422696888446808]</MAX_VALUE>
		<MIN_VALUE>[0.13820098340511322, 0.12831053137779236, 0.10083233565092087, 0.07357189059257507, 0.007988696917891502, -0.0008424838306382298]</MIN_VALUE>
		<SIGNATURE_THRESHOLD_MD>0.0</SIGNATURE_THRESHOLD_MD>
		<SIGNATURE_THRESHOLD_ML>0.0</SIGNATURE_THRESHOLD_ML>
		<SIGNATURE_THRESHOLD_SAM>0.0</SIGNATURE_THRESHOLD_SAM>
	</signature>
	<signature ID="20200602_143258697696_853">
		<MACROCLASSID>1</MACROCLASSID>
		<MACROCLASSINFO>waterbody</MACROCLASSINFO>
		<CLASSID>5</CLASSID>
		<CLASSINFO>C 1</CLASSINFO>
		<VALUES>[0.17499158918218222, 0.002199939963928083, 0.17097080473114928, 0.0020809517283366255, 0.15306875633180309, 0.002413740451659306, 0.09477747536138328, 0.002839484016536645, 0.019235978714457758, 0.002048832564725374, 0.012167743265339903, 0.0026190203544402893]</VALUES>
		<LCS_MIN>[0.16716712713241577, 0.16117408871650696, 0.1438157707452774, 0.08621513098478317, 0.012058712542057037, 0.005002424120903015]</LCS_MIN>
		<LCS_MAX>[0.1835392862558365, 0.18034450709819794, 0.1589863896369934, 0.10201916843652725, 0.028338778764009476, 0.022537153214216232]</LCS_MAX>
		<WAVELENGTH>[1.0, 2.0, 3.0, 4.0, 5.0, 6.0]</WAVELENGTH>
		<MEAN_VALUE>[0.17499158918218222, 0.17097080473114928, 0.15306875633180309, 0.09477747536138328, 0.019235978714457758, 0.012167743265339903]</MEAN_VALUE>
		<CHECKBOX>2</CHECKBOX>
		<SD>[0.002199939963928083, 0.0020809517283366255, 0.002413740451659306, 0.002839484016536645, 0.002048832564725374, 0.0026190203544402893]</SD>
		<WAVELENGTH_UNIT>band number</WAVELENGTH_UNIT>
		<COLOR>#3b4869</COLOR>
		<COVARIANCE_MATRIX>[[4.789721060660668e-06, 1.6111523564177332e-06, 1.7482096836829442e-06, 2.459186589476303e-06, 7.668125476811838e-07, 2.3332508192197565e-07], [1.6111523564177332e-06, 4.331175205152249e-06, 1.9959593373641837e-06, 1.0061548891826533e-06, 1.0095102531693101e-08, -1.4615465282474815e-08], [1.7482096836829442e-06, 1.9959593373641837e-06, 5.981585218250984e-06, 1.1581774970181868e-06, 1.5775063033629522e-08, 7.414251967929886e-08], [2.459186589476303e-06, 1.0061548891826533e-06, 1.1581774970181868e-06, 7.627982995472848e-06, 2.0487264009716455e-06, 1.2696644944298896e-06], [7.668125476811838e-07, 1.0095102531693101e-08, 1.5775063033629522e-08, 2.0487264009716455e-06, 4.086913577339146e-06, 9.233465902980242e-07], [2.3332508192197565e-07, -1.4615465282474815e-08, 7.414251967929886e-08, 1.2696644944298896e-06, 9.233465902980242e-07, 6.684427717118524e-06]]</COVARIANCE_MATRIX>
		<ROI_SIZE>10199</ROI_SIZE>
		<MAX_VALUE>[0.1835392862558365, 0.18034450709819794, 0.1589863896369934, 0.10201916843652725, 0.028338778764009476, 0.022537153214216232]</MAX_VALUE>
		<MIN_VALUE>[0.16716712713241577, 0.16117408871650696, 0.1438157707452774, 0.08621513098478317, 0.012058712542057037, 0.005002424120903015]</MIN_VALUE>
		<SIGNATURE_THRESHOLD_MD>0.0</SIGNATURE_THRESHOLD_MD>
		<SIGNATURE_THRESHOLD_ML>0.0</SIGNATURE_THRESHOLD_ML>
		<SIGNATURE_THRESHOLD_SAM>0.0</SIGNATURE_THRESHOLD_SAM>
	</signature>
	<signature ID="20200602_143305969198_340">
		<MACROCLASSID>1</MACROCLASSID>
		<MACROCLASSINFO>waterbody</MACROCLASSINFO>
		<CLASSID>6</CLASSID>
		<CLASSINFO>C 1</CLASSINFO>
		<VALUES>[0.16498989841705994, 0.006369335789212022, 0.16349484243007956, 0.008175588817891948, 0.14558933506995483, 0.00867429467623655, 0.09968422736440394, 0.011945713708921894, 0.019215369099407933, 0.0070202330780071995, 0.010609544502227996, 0.0037302210525760556]</VALUES>
		<LCS_MIN>[0.136941596865654, 0.12009462714195251, 0.09324702620506287, 0.08937593549489975, 0.01002370472997427, 0.002079970669001341]</LCS_MIN>
		<LCS_MAX>[0.17598289251327515, 0.17760588228702545, 0.1589863896369934, 0.1620745062828064, 0.08328399807214737, 0.04883924126625061]</LCS_MAX>
		<WAVELENGTH>[1.0, 2.0, 3.0, 4.0, 5.0, 6.0]</WAVELENGTH>
		<MEAN_VALUE>[0.16498989841705994, 0.16349484243007956, 0.14558933506995483, 0.09968422736440394, 0.019215369099407933, 0.010609544502227996]</MEAN_VALUE>
		<CHECKBOX>2</CHECKBOX>
		<SD>[0.006369335789212022, 0.008175588817891948, 0.00867429467623655, 0.011945713708921894, 0.0070202330780071995, 0.0037302210525760556]</SD>
		<WAVELENGTH_UNIT>band number</WAVELENGTH_UNIT>
		<COLOR>#a9c4d0</COLOR>
		<COVARIANCE_MATRIX>[[3.255499177612364e-05, 3.740227111848071e-05, 3.8859368942212313e-05, -4.0654071199242026e-05, -2.1109341105329804e-05, -8.259615242423024e-06], [3.740227111848071e-05, 5.0769620429491624e-05, 5.022868572268635e-05, -5.435001367004588e-05, -3.012600245710928e-05, -1.2159639481978957e-05], [3.8859368942212313e-05, 5.022868572268635e-05, 5.664414493367076e-05, -5.927881284151226e-05, -3.3238105970667675e-05, -1.3678511095349677e-05], [-4.0654071199242026e-05, -5.435001367004588e-05, -5.927881284151226e-05, 0.00011386796541046351, 5.488556780619547e-05, 2.220124952145852e-05], [-2.1109341105329804e-05, -3.012600245710928e-05, -3.3238105970667675e-05, 5.488556780619547e-05, 3.749960524146445e-05, 1.5084787264640909e-05], [-8.259615242423024e-06, -1.2159639481978957e-05, -1.3678511095349677e-05, 2.220124952145852e-05, 1.5084787264640909e-05, 1.1597526281548198e-05]]</COVARIANCE_MATRIX>
		<ROI_SIZE>8629</ROI_SIZE>
		<MAX_VALUE>[0.17598289251327515, 0.17760588228702545, 0.1589863896369934, 0.1620745062828064, 0.08328399807214737, 0.04883924126625061]</MAX_VALUE>
		<MIN_VALUE>[0.136941596865654, 0.12009462714195251, 0.09324702620506287, 0.08937593549489975, 0.01002370472997427, 0.002079970669001341]</MIN_VALUE>
		<SIGNATURE_THRESHOLD_MD>0.0</SIGNATURE_THRESHOLD_MD>
		<SIGNATURE_THRESHOLD_ML>0.0</SIGNATURE_THRESHOLD_ML>
		<SIGNATURE_THRESHOLD_SAM>0.0</SIGNATURE_THRESHOLD_SAM>
	</signature>
	<signature ID="20200602_143314726078_336">
		<MACROCLASSID>1</MACROCLASSID>
		<MACROCLASSINFO>waterbody</MACROCLASSINFO>
		<CLASSID>7</CLASSID>
		<CLASSINFO>C 1</CLASSINFO>
		<VALUES>[0.17068095972189767, 0.002241639930227207, 0.17258099632786464, 0.0025610698242632063, 0.15494046597049987, 0.0030246838729298983, 0.08795148665853864, 0.0036208178825406887, 0.017185523152572643, 0.004150218806954403, 0.01156782016095476, 0.004298733409451821]</VALUES>
		<LCS_MIN>[0.1633889228105545, 0.16391272842884064, 0.14634419977664948, 0.07989351451396942, 0.007988696917891502, -0.0008424838306382298]</LCS_MIN>
		<LCS_MAX>[0.1785016804933548, 0.18308314681053162, 0.1665716916322708, 0.10517996549606323, 0.036478813737630844, 0.028382059186697006]</LCS_MAX>
		<WAVELENGTH>[1.0, 2.0, 3.0, 4.0, 5.0, 6.0]</WAVELENGTH>
		<MEAN_VALUE>[0.17068095972189767, 0.17258099632786464, 0.15494046597049987, 0.08795148665853864, 0.017185523152572643, 0.01156782016095476]</MEAN_VALUE>
		<CHECKBOX>2</CHECKBOX>
		<SD>[0.002241639930227207, 0.0025610698242632063, 0.0030246838729298983, 0.0036208178825406887, 0.004150218806954403, 0.004298733409451821]</SD>
		<WAVELENGTH_UNIT>band number</WAVELENGTH_UNIT>
		<COLOR>#6072f4</COLOR>
		<COVARIANCE_MATRIX>[[4.7851435738266446e-06, 2.3347056412603706e-06, 2.8283645860938122e-06, 3.0938099371269345e-06, 3.1557410693494603e-06, 3.051063231396256e-06], [2.3347056412603706e-06, 5.956969289400149e-06, 3.991835001215804e-06, 5.0075714170816354e-06, 5.442075689643389e-06, 5.1788988457701635e-06], [2.8283645860938122e-06, 3.991835001215804e-06, 8.756415809330065e-06, 6.532885890919715e-06, 7.668120815651491e-06, 7.281645594048314e-06], [3.0938099371269345e-06, 5.0075714170816354e-06, 6.532885890919715e-06, 1.208597041113535e-05, 1.1097180504293647e-05, 1.0604669114400167e-05], [3.1557410693494603e-06, 5.442075689643389e-06, 7.668120815651491e-06, 1.1097180504293647e-05, 1.6204390703933313e-05, 1.2942716239194851e-05], [3.051063231396256e-06, 5.1788988457701635e-06, 7.281645594048314e-06, 1.0604669114400167e-05, 1.2942716239194851e-05, 1.7499747627880424e-05]]</COVARIANCE_MATRIX>
		<ROI_SIZE>10201</ROI_SIZE>
		<MAX_VALUE>[0.1785016804933548, 0.18308314681053162, 0.1665716916322708, 0.10517996549606323, 0.036478813737630844, 0.028382059186697006]</MAX_VALUE>
		<MIN_VALUE>[0.1633889228105545, 0.16391272842884064, 0.14634419977664948, 0.07989351451396942, 0.007988696917891502, -0.0008424838306382298]</MIN_VALUE>
		<SIGNATURE_THRESHOLD_MD>0.0</SIGNATURE_THRESHOLD_MD>
		<SIGNATURE_THRESHOLD_ML>0.0</SIGNATURE_THRESHOLD_ML>
		<SIGNATURE_THRESHOLD_SAM>0.0</SIGNATURE_THRESHOLD_SAM>
	</signature>
	<signature ID="20200602_143324268060_930">
		<MACROCLASSID>1</MACROCLASSID>
		<MACROCLASSINFO>waterbody</MACROCLASSINFO>
		<CLASSID>8</CLASSID>
		<CLASSINFO>C 1</CLASSINFO>
		<VALUES>[0.11493461343283447, 0.0019202133877290082, 0.0843752199650688, 0.0030721641442348993, 0.059641040608041006, 0.003323238464136263, 0.04217703061738977, 0.004717949061913998, 0.013557079342078726, 0.004543713383390033, 0.008535932914275332, 0.003869694463042966]</VALUES>
		<LCS_MIN>[0.10923486948013306, 0.07627653330564499, 0.05026362091302872, 0.032481394708156586, 0.00595368817448616, -0.0037649383302778006]</LCS_MIN>
		<LCS_MAX>[0.13820098340511322, 0.12831053137779236, 0.1134745255112648, 0.1083407774567604, 0.08531901985406876, 0.06345151364803314]</LCS_MAX>
		<WAVELENGTH>[1.0, 2.0, 3.0, 4.0, 5.0, 6.0]</WAVELENGTH>
		<MEAN_VALUE>[0.11493461343283447, 0.0843752199650688, 0.059641040608041006, 0.04217703061738977, 0.013557079342078726, 0.008535932914275332]</MEAN_VALUE>
		<CHECKBOX>2</CHECKBOX>
		<SD>[0.0019202133877290082, 0.0030721641442348993, 0.003323238464136263, 0.004717949061913998, 0.004543713383390033, 0.003869694463042966]</SD>
		<WAVELENGTH_UNIT>band number</WAVELENGTH_UNIT>
		<COLOR>#d66b43</COLOR>
		<COVARIANCE_MATRIX>[[3.5947723517892882e-06, 3.3006776902766433e-06, 3.413244030525675e-06, 5.137777861818904e-06, 3.9706064853817225e-06, 2.7368273549654987e-06], [3.3006776902766433e-06, 9.836481694946997e-06, 6.675492841168307e-06, 1.009484549285844e-05, 6.9751758928759955e-06, 4.9022355597116984e-06], [3.413244030525675e-06, 6.675492841168307e-06, 1.0951151125482284e-05, 1.3036417840339709e-05, 9.136469998338725e-06, 6.4105261117219925e-06], [5.137777861818904e-06, 1.009484549285844e-05, 1.3036417840339709e-05, 2.5657331207185052e-05, 1.571154825796839e-05, 1.0879465662583243e-05], [3.9706064853817225e-06, 6.9751758928759955e-06, 9.136469998338725e-06, 1.571154825796839e-05, 1.9553750462364405e-05, 1.2484042599680834e-05], [2.7368273549654987e-06, 4.9022355597116984e-06, 6.4105261117219925e-06, 1.0879465662583243e-05, 1.2484042599680834e-05, 1.4194024515745696e-05]]</COVARIANCE_MATRIX>
		<ROI_SIZE>8555</ROI_SIZE>
		<MAX_VALUE>[0.13820098340511322, 0.12831053137779236, 0.1134745255112648, 0.1083407774567604, 0.08531901985406876, 0.06345151364803314]</MAX_VALUE>
		<MIN_VALUE>[0.10923486948013306, 0.07627653330564499, 0.05026362091302872, 0.032481394708156586, 0.00595368817448616, -0.0037649383302778006]</MIN_VALUE>
		<SIGNATURE_THRESHOLD_MD>0.0</SIGNATURE_THRESHOLD_MD>
		<SIGNATURE_THRESHOLD_ML>0.0</SIGNATURE_THRESHOLD_ML>
		<SIGNATURE_THRESHOLD_SAM>0.0</SIGNATURE_THRESHOLD_SAM>
	</signature>
	<signature ID="20200602_143350708221_581">
		<MACROCLASSID>1</MACROCLASSID>
		<MACROCLASSINFO>waterbody</MACROCLASSINFO>
		<CLASSID>9</CLASSID>
		<CLASSINFO>C 1</CLASSINFO>
		<VALUES>[0.1436392995831255, 0.0031237089758040233, 0.12302887613897197, 0.0038994141714652625, 0.09626802119922326, 0.004744100027242595, 0.10729402202096856, 0.02814245430497967, 0.043389911448897464, 0.0167384583110686, 0.024150194418798017, 0.010442115068426525]</VALUES>
		<LCS_MIN>[0.13820098340511322, 0.11735600233078003, 0.08819016814231873, 0.06408946961164474, 0.02223375253379345, 0.010847334749996662]</LCS_MIN>
		<LCS_MAX>[0.158351331949234, 0.1392650455236435, 0.11094608902931213, 0.19052179157733917, 0.09956406056880951, 0.06345151364803314]</LCS_MAX>
		<WAVELENGTH>[1.0, 2.0, 3.0, 4.0, 5.0, 6.0]</WAVELENGTH>
		<MEAN_VALUE>[0.1436392995831255, 0.12302887613897197, 0.09626802119922326, 0.10729402202096856, 0.043389911448897464, 0.024150194418798017]</MEAN_VALUE>
		<CHECKBOX>2</CHECKBOX>
		<SD>[0.0031237089758040233, 0.0038994141714652625, 0.004744100027242595, 0.02814245430497967, 0.0167384583110686, 0.010442115068426525]</SD>
		<WAVELENGTH_UNIT>band number</WAVELENGTH_UNIT>
		<COLOR>#4a1a27</COLOR>
		<COVARIANCE_MATRIX>[[9.821332241699565e-06, 9.388993930770084e-06, 1.1622799320321064e-05, 4.069758870173246e-05, 2.9675657060579397e-05, 1.6645464711473323e-05], [9.388993930770084e-06, 1.5304813132388517e-05, 1.5607496607117355e-05, 6.02343279751949e-05, 4.289649587008171e-05, 2.583770765340887e-05], [1.1622799320321064e-05, 1.5607496607117355e-05, 2.2653586711385287e-05, 6.774497160222381e-05, 5.56615850655362e-05, 3.184818706358783e-05], [4.069758870173246e-05, 6.02343279751949e-05, 6.774497160222381e-05, 0.000797174172475934, 0.00040465290658175945, 0.00020123763533774763], [2.9675657060579397e-05, 4.289649587008171e-05, 5.56615850655362e-05, 0.00040465290658175945, 0.00028200721135362983, 0.00015569008246529847], [1.6645464711473323e-05, 2.583770765340887e-05, 3.184818706358783e-05, 0.00020123763533774763, 0.00015569008246529847, 0.00010975043551297858]]</COVARIANCE_MATRIX>
		<ROI_SIZE>154</ROI_SIZE>
		<MAX_VALUE>[0.158351331949234, 0.1392650455236435, 0.11094608902931213, 0.19052179157733917, 0.09956406056880951, 0.06345151364803314]</MAX_VALUE>
		<MIN_VALUE>[0.13820098340511322, 0.11735600233078003, 0.08819016814231873, 0.06408946961164474, 0.02223375253379345, 0.010847334749996662]</MIN_VALUE>
		<SIGNATURE_THRESHOLD_MD>0.0</SIGNATURE_THRESHOLD_MD>
		<SIGNATURE_THRESHOLD_ML>0.0</SIGNATURE_THRESHOLD_ML>
		<SIGNATURE_THRESHOLD_SAM>0.0</SIGNATURE_THRESHOLD_SAM>
	</signature>
	<signature ID="20200602_143404166577_773">
		<MACROCLASSID>1</MACROCLASSID>
		<MACROCLASSINFO>waterbody</MACROCLASSINFO>
		<CLASSID>10</CLASSID>
		<CLASSINFO>C 1</CLASSINFO>
		<VALUES>[0.17538359596811495, 0.0025707289227498917, 0.160494156130429, 0.003272653766765104, 0.14578620349538735, 0.003286215685248348, 0.12863534889344513, 0.013536327967121965, 0.05364305378291117, 0.02249621611465759, 0.038741657356249855, 0.01861652284982697]</VALUES>
		<LCS_MIN>[0.16716712713241577, 0.15021957457065582, 0.13370200991630554, 0.11150158941745758, 0.02426876500248909, 0.01669224165380001]</LCS_MIN>
		<LCS_MAX>[0.17976108193397522, 0.16665135324001312, 0.15392951667308807, 0.18103936314582825, 0.1015990823507309, 0.08098623901605606]</LCS_MAX>
		<WAVELENGTH>[1.0, 2.0, 3.0, 4.0, 5.0, 6.0]</WAVELENGTH>
		<MEAN_VALUE>[0.17538359596811495, 0.160494156130429, 0.14578620349538735, 0.12863534889344513, 0.05364305378291117, 0.038741657356249855]</MEAN_VALUE>
		<CHECKBOX>2</CHECKBOX>
		<SD>[0.0025707289227498917, 0.003272653766765104, 0.003286215685248348, 0.013536327967121965, 0.02249621611465759, 0.01861652284982697]</SD>
		<WAVELENGTH_UNIT>band number</WAVELENGTH_UNIT>
		<COLOR>#fe51d4</COLOR>
		<COVARIANCE_MATRIX>[[6.654540356976213e-06, 5.385959866543999e-06, 5.523270829144167e-06, -5.002764282835415e-06, -9.895946277538314e-06, -8.751660061534494e-06], [5.385959866543999e-06, 1.0784639925986994e-05, 7.119456313375849e-06, -1.7303878848906606e-05, -3.205944085493684e-05, -2.8200558517710306e-05], [5.523270829144167e-06, 7.119456313375849e-06, 1.0874207873712294e-05, -6.301277608145028e-06, -1.2473871720430907e-05, -9.727397809911054e-06], [-5.002764282835415e-06, -1.7303878848906606e-05, -6.301277608145028e-06, 0.00018450462084729224, 0.00025954641751013696, 0.000193198851775378], [-9.895946277538314e-06, -3.205944085493684e-05, -1.2473871720430907e-05, 0.00025954641751013696, 0.0005095941596664488, 0.000403943209676072], [-8.751660061534494e-06, -2.8200558517710306e-05, -9.727397809911054e-06, 0.000193198851775378, 0.000403943209676072, 0.0003489817027002573]]</COVARIANCE_MATRIX>
		<ROI_SIZE>145</ROI_SIZE>
		<MAX_VALUE>[0.17976108193397522, 0.16665135324001312, 0.15392951667308807, 0.18103936314582825, 0.1015990823507309, 0.08098623901605606]</MAX_VALUE>
		<MIN_VALUE>[0.16716712713241577, 0.15021957457065582, 0.13370200991630554, 0.11150158941745758, 0.02426876500248909, 0.01669224165380001]</MIN_VALUE>
		<SIGNATURE_THRESHOLD_MD>0.0</SIGNATURE_THRESHOLD_MD>
		<SIGNATURE_THRESHOLD_ML>0.0</SIGNATURE_THRESHOLD_ML>
		<SIGNATURE_THRESHOLD_SAM>0.0</SIGNATURE_THRESHOLD_SAM>
	</signature>
	<signature ID="20200602_143420210217_878">
		<MACROCLASSID>1</MACROCLASSID>
		<MACROCLASSINFO>waterbody</MACROCLASSINFO>
		<CLASSID>11</CLASSID>
		<CLASSINFO>C 1</CLASSINFO>
		<VALUES>[0.12353372499820534, 0.008611589665252587, 0.09868192747353766, 0.011011164200214533, 0.07615094696466221, 0.014868548617853961, 0.05917991947424143, 0.021246920435529608, 0.030438493324268893, 0.02268200018711029, 0.023852023758665648, 0.020306177870555213]</VALUES>
		<LCS_MIN>[0.10923486948013306, 0.07901516556739807, 0.055320486426353455, 0.032481394708156586, 0.00595368817448616, -0.0008424838306382298]</LCS_MIN>
		<LCS_MAX>[0.14575737714767456, 0.12557187676429749, 0.1210598349571228, 0.12414481490850449, 0.09142404049634933, 0.08683115988969803]</LCS_MAX>
		<WAVELENGTH>[1.0, 2.0, 3.0, 4.0, 5.0, 6.0]</WAVELENGTH>
		<MEAN_VALUE>[0.12353372499820534, 0.09868192747353766, 0.07615094696466221, 0.05917991947424143, 0.030438493324268893, 0.023852023758665648]</MEAN_VALUE>
		<CHECKBOX>2</CHECKBOX>
		<SD>[0.008611589665252587, 0.011011164200214533, 0.014868548617853961, 0.021246920435529608, 0.02268200018711029, 0.020306177870555213]</SD>
		<WAVELENGTH_UNIT>band number</WAVELENGTH_UNIT>
		<COLOR>#438a47</COLOR>
		<COVARIANCE_MATRIX>[[7.421847112709656e-05, 9.150024561677128e-05, 0.00011898174852831289, 0.0001256923278560862, 0.00012613352737389505, 0.00011403433018131182], [9.150024561677128e-05, 0.00012134219286963344, 0.00015687513223383576, 0.00017416657647117972, 0.00017337356985080987, 0.00015501126472372562], [0.00011898174852831289, 0.00015687513223383576, 0.0002212496183346957, 0.00026567172608338296, 0.0002745536039583385, 0.00024408606986980885], [0.0001256923278560862, 0.00017416657647117972, 0.00026567172608338296, 0.00045179075095802546, 0.00043915020069107413, 0.00037035351851955056], [0.00012613352737389505, 0.00017337356985080987, 0.0002745536039583385, 0.00043915020069107413, 0.0005148824420757592, 0.0004453648580238223], [0.00011403433018131182, 0.00015501126472372562, 0.00024408606986980885, 0.00037035351851955056, 0.0004453648580238223, 0.00041266888729296625]]</COVARIANCE_MATRIX>
		<ROI_SIZE>1258</ROI_SIZE>
		<MAX_VALUE>[0.14575737714767456, 0.12557187676429749, 0.1210598349571228, 0.12414481490850449, 0.09142404049634933, 0.08683115988969803]</MAX_VALUE>
		<MIN_VALUE>[0.10923486948013306, 0.07901516556739807, 0.055320486426353455, 0.032481394708156586, 0.00595368817448616, -0.0008424838306382298]</MIN_VALUE>
		<SIGNATURE_THRESHOLD_MD>0.0</SIGNATURE_THRESHOLD_MD>
		<SIGNATURE_THRESHOLD_ML>0.0</SIGNATURE_THRESHOLD_ML>
		<SIGNATURE_THRESHOLD_SAM>0.0</SIGNATURE_THRESHOLD_SAM>
	</signature>
	<signature ID="20200602_143445734229_166">
		<MACROCLASSID>2</MACROCLASSID>
		<MACROCLASSINFO>vegetation</MACROCLASSINFO>
		<CLASSID>12</CLASSID>
		<CLASSINFO>C 1</CLASSINFO>
		<VALUES>[0.13557667837869447, 0.005325515181961871, 0.11934207325327306, 0.00706374279667239, 0.0970507595524984, 0.009274636124033153, 0.23329108111251762, 0.031202626363601584, 0.14877707076672259, 0.02321124297465821, 0.07600527233273328, 0.016266243778908847]</VALUES>
		<LCS_MIN>[0.12308823317289352, 0.10092420876026154, 0.07807641476392746, 0.16839613020420074, 0.06903895735740662, 0.03130451589822769]</LCS_MIN>
		<LCS_MAX>[0.1785016804933548, 0.1693899780511856, 0.15645793080329895, 0.30747172236442566, 0.20131447911262512, 0.12482306361198425]</LCS_MAX>
		<WAVELENGTH>[1.0, 2.0, 3.0, 4.0, 5.0, 6.0]</WAVELENGTH>
		<MEAN_VALUE>[0.13557667837869447, 0.11934207325327306, 0.0970507595524984, 0.23329108111251762, 0.14877707076672259, 0.07600527233273328]</MEAN_VALUE>
		<CHECKBOX>2</CHECKBOX>
		<SD>[0.005325515181961871, 0.00706374279667239, 0.009274636124033153, 0.031202626363601584, 0.02321124297465821, 0.016266243778908847]</SD>
		<WAVELENGTH_UNIT>band number</WAVELENGTH_UNIT>
		<COLOR>#ffbfea</COLOR>
		<COVARIANCE_MATRIX>[[2.8304777515586466e-05, 3.349762482685037e-05, 4.222219286020845e-05, 1.7772001228877343e-05, 5.476571459439583e-05, 4.942655505146831e-05], [3.349762482685037e-05, 4.831394107895903e-05, 5.731544297304936e-05, 5.052720007370226e-05, 9.086581849260256e-05, 7.277815166162327e-05], [4.222219286020845e-05, 5.731544297304936e-05, 8.328207331942394e-05, 1.0223360732197762e-05, 0.00012098578008590266, 0.00011353043373674154], [1.7772001228877343e-05, 5.052720007370226e-05, 1.0223360732197762e-05, 0.0009632391156628728, 0.0004524824325926602, 0.00010566433047642931], [5.476571459439583e-05, 9.086581849260256e-05, 0.00012098578008590266, 0.0004524824325926602, 0.0005228801746852696, 0.0003052757529076189], [4.942655505146831e-05, 7.277815166162327e-05, 0.00011353043373674154, 0.00010566433047642931, 0.0003052757529076189, 0.0002499627007637173]]</COVARIANCE_MATRIX>
		<ROI_SIZE>7604</ROI_SIZE>
		<MAX_VALUE>[0.1785016804933548, 0.1693899780511856, 0.15645793080329895, 0.30747172236442566, 0.20131447911262512, 0.12482306361198425]</MAX_VALUE>
		<MIN_VALUE>[0.12308823317289352, 0.10092420876026154, 0.07807641476392746, 0.16839613020420074, 0.06903895735740662, 0.03130451589822769]</MIN_VALUE>
		<SIGNATURE_THRESHOLD_MD>0.0</SIGNATURE_THRESHOLD_MD>
		<SIGNATURE_THRESHOLD_ML>0.0</SIGNATURE_THRESHOLD_ML>
		<SIGNATURE_THRESHOLD_SAM>0.0</SIGNATURE_THRESHOLD_SAM>
	</signature>
	<signature ID="20200602_143834960604_368">
		<MACROCLASSID>2</MACROCLASSID>
		<MACROCLASSINFO>vegetation</MACROCLASSINFO>
		<CLASSID>13</CLASSID>
		<CLASSINFO>C 1</CLASSINFO>
		<VALUES>[0.1100550202045993, 0.00231982839052848, 0.09763211733553744, 0.004310713491971194, 0.07013715397797263, 0.005712881644220244, 0.2941105142427475, 0.030367995164472573, 0.13341139763629453, 0.020712707844236934, 0.056024298449566974, 0.01251754870048565]</VALUES>
		<LCS_MIN>[0.10293788462877274, 0.08723105490207672, 0.05784892290830612, 0.2379339188337326, 0.07921397686004639, 0.028382059186697006]</LCS_MIN>
		<LCS_MAX>[0.14323857426643372, 0.1392650455236435, 0.1210598349571228, 0.37700948119163513, 0.21759456396102905, 0.12774550914764404]</LCS_MAX>
		<WAVELENGTH>[1.0, 2.0, 3.0, 4.0, 5.0, 6.0]</WAVELENGTH>
		<MEAN_VALUE>[0.1100550202045993, 0.09763211733553744, 0.07013715397797263, 0.2941105142427475, 0.13341139763629453, 0.056024298449566974]</MEAN_VALUE>
		<CHECKBOX>2</CHECKBOX>
		<SD>[0.00231982839052848, 0.004310713491971194, 0.005712881644220244, 0.030367995164472573, 0.020712707844236934, 0.01251754870048565]</SD>
		<WAVELENGTH_UNIT>band number</WAVELENGTH_UNIT>
		<COLOR>#6241d7</COLOR>
		<COVARIANCE_MATRIX>[[5.1728147809626535e-06, 5.302754743752303e-06, 8.414617695962079e-06, 2.760523557299166e-06, 2.189661972806789e-05, 1.5619012629031204e-05], [5.302754743752303e-06, 1.7126769307651557e-05, 1.7683696569292806e-05, 5.4159449064172804e-05, 6.738410593243316e-05, 3.897737042279914e-05], [8.414617695962079e-06, 1.7683696569292806e-05, 3.2240648579318076e-05, 5.1498441280273255e-06, 8.369548595510423e-05, 6.014764585415833e-05], [2.760523557299166e-06, 5.4159449064172804e-05, 5.1498441280273255e-06, 0.0008495430229231715, 0.00032288310467265546, 8.205352787626907e-05], [2.189661972806789e-05, 6.738410593243316e-05, 8.369548595510423e-05, 0.00032288310467265546, 0.0004255912499502301, 0.00023323672940023243], [1.5619012629031204e-05, 3.897737042279914e-05, 6.014764585415833e-05, 8.205352787626907e-05, 0.00023323672940023243, 0.00015850785712245852]]</COVARIANCE_MATRIX>
		<ROI_SIZE>9819</ROI_SIZE>
		<MAX_VALUE>[0.14323857426643372, 0.1392650455236435, 0.1210598349571228, 0.37700948119163513, 0.21759456396102905, 0.12774550914764404]</MAX_VALUE>
		<MIN_VALUE>[0.10293788462877274, 0.08723105490207672, 0.05784892290830612, 0.2379339188337326, 0.07921397686004639, 0.028382059186697006]</MIN_VALUE>
		<SIGNATURE_THRESHOLD_MD>0.0</SIGNATURE_THRESHOLD_MD>
		<SIGNATURE_THRESHOLD_ML>0.0</SIGNATURE_THRESHOLD_ML>
		<SIGNATURE_THRESHOLD_SAM>0.0</SIGNATURE_THRESHOLD_SAM>
	</signature>
	<signature ID="20200602_143857043505_263">
		<MACROCLASSID>2</MACROCLASSID>
		<MACROCLASSINFO>vegetation</MACROCLASSINFO>
		<CLASSID>14</CLASSID>
		<CLASSINFO>C 1</CLASSINFO>
		<VALUES>[0.12008974596679683, 0.006275736682692014, 0.10563231889846687, 0.009723728265909379, 0.08574304511393055, 0.015592095939968126, 0.2648096514438062, 0.02910249497759358, 0.1296698615963586, 0.029458346862791376, 0.06287554840131707, 0.023938215365574722]</VALUES>
		<LCS_MIN>[0.1067160815000534, 0.08723105490207672, 0.06290580332279205, 0.20632584393024445, 0.08328399807214737, 0.02545960620045662]</LCS_MIN>
		<LCS_MAX>[0.1482761651277542, 0.14474231004714966, 0.14128732681274414, 0.34540143609046936, 0.22166456282138824, 0.14235778152942657]</LCS_MAX>
		<WAVELENGTH>[1.0, 2.0, 3.0, 4.0, 5.0, 6.0]</WAVELENGTH>
		<MEAN_VALUE>[0.12008974596679683, 0.10563231889846687, 0.08574304511393055, 0.2648096514438062, 0.1296698615963586, 0.06287554840131707]</MEAN_VALUE>
		<CHECKBOX>2</CHECKBOX>
		<SD>[0.006275736682692014, 0.009723728265909379, 0.015592095939968126, 0.02910249497759358, 0.029458346862791376, 0.023938215365574722]</SD>
		<WAVELENGTH_UNIT>band number</WAVELENGTH_UNIT>
		<COLOR>#52f8f9</COLOR>
		<COVARIANCE_MATRIX>[[3.6999626900069416e-05, 5.343937664292753e-05, 8.365717803826556e-05, -2.9212584195192903e-05, 0.0001224149891640991, 0.00010770944209070876], [5.343937664292753e-05, 9.268992289435118e-05, 0.0001422617642674595, -4.038770202896558e-05, 0.000226843316340819, 0.00019447131489869207], [8.365717803826556e-05, 0.0001422617642674595, 0.00023951113689690828, -0.00014140836719889194, 0.0003555815201252699, 0.0003200570645276457], [-2.9212584195192903e-05, -4.038770202896558e-05, -0.00014140836719889194, 0.0008102153660729527, 9.016461990540847e-05, -8.775558671914041e-05], [0.0001224149891640991, 0.000226843316340819, 0.0003555815201252699, 9.016461990540847e-05, 0.0008350336574949324, 0.0006357909296639264], [0.00010770944209070876, 0.00019447131489869207, 0.0003200570645276457, -8.775558671914041e-05, 0.0006357909296639264, 0.0005411648307926953]]</COVARIANCE_MATRIX>
		<ROI_SIZE>9151</ROI_SIZE>
		<MAX_VALUE>[0.1482761651277542, 0.14474231004714966, 0.14128732681274414, 0.34540143609046936, 0.22166456282138824, 0.14235778152942657]</MAX_VALUE>
		<MIN_VALUE>[0.1067160815000534, 0.08723105490207672, 0.06290580332279205, 0.20632584393024445, 0.08328399807214737, 0.02545960620045662]</MIN_VALUE>
		<SIGNATURE_THRESHOLD_MD>0.0</SIGNATURE_THRESHOLD_MD>
		<SIGNATURE_THRESHOLD_ML>0.0</SIGNATURE_THRESHOLD_ML>
		<SIGNATURE_THRESHOLD_SAM>0.0</SIGNATURE_THRESHOLD_SAM>
	</signature>
	<signature ID="20200602_143905856773_477">
		<MACROCLASSID>2</MACROCLASSID>
		<MACROCLASSINFO>vegetation</MACROCLASSINFO>
		<CLASSID>15</CLASSID>
		<CLASSINFO>C 1</CLASSINFO>
		<VALUES>[0.12918999258354052, 0.005966680132758014, 0.11131596974517158, 0.008419474065648207, 0.08820137646847814, 0.011714452232688018, 0.27636694051522104, 0.02594655031170459, 0.13770188445809536, 0.027294316186893628, 0.06551790890434347, 0.022165826701330014]</VALUES>
		<LCS_MIN>[0.11805063486099243, 0.09818556904792786, 0.07049111276865005, 0.22845147550106049, 0.09345904737710953, 0.028382059186697006]</LCS_MIN>
		<LCS_MAX>[0.17472350597381592, 0.1693899780511856, 0.1589863896369934, 0.367527037858963, 0.2318395972251892, 0.13943533599376678]</LCS_MAX>
		<WAVELENGTH>[1.0, 2.0, 3.0, 4.0, 5.0, 6.0]</WAVELENGTH>
		<MEAN_VALUE>[0.12918999258354052, 0.11131596974517158, 0.08820137646847814, 0.27636694051522104, 0.13770188445809536, 0.06551790890434347]</MEAN_VALUE>
		<CHECKBOX>2</CHECKBOX>
		<SD>[0.005966680132758014, 0.008419474065648207, 0.011714452232688018, 0.02594655031170459, 0.027294316186893628, 0.022165826701330014]</SD>
		<WAVELENGTH_UNIT>band number</WAVELENGTH_UNIT>
		<COLOR>#5d4a97</COLOR>
		<COVARIANCE_MATRIX>[[3.5856766771757975e-05, 4.5476746890926734e-05, 6.0472470067907125e-05, -2.3208764105220325e-05, 8.669149246998131e-05, 8.468134910799563e-05], [4.5476746890926734e-05, 6.951799150556326e-05, 9.01126186363399e-05, -2.632984433148522e-05, 0.00015556701691821218, 0.00014077848754823208], [6.0472470067907125e-05, 9.01126186363399e-05, 0.00013324884639587253, -9.06829081941396e-05, 0.0002248309610877186, 0.0002174545224988833], [-2.3208764105220325e-05, -2.632984433148522e-05, -9.06829081941396e-05, 0.000697040930390358, 5.0153488700743765e-05, -0.00014260383613873273], [8.669149246998131e-05, 0.00015556701691821218, 0.0002248309610877186, 5.0153488700743765e-05, 0.0008003574912436306, 0.0005948473117314279], [8.468134910799563e-05, 0.00014077848754823208, 0.0002174545224988833, -0.00014260383613873273, 0.0005948473117314279, 0.0005302788922563195]]</COVARIANCE_MATRIX>
		<ROI_SIZE>7844</ROI_SIZE>
		<MAX_VALUE>[0.17472350597381592, 0.1693899780511856, 0.1589863896369934, 0.367527037858963, 0.2318395972251892, 0.13943533599376678]</MAX_VALUE>
		<MIN_VALUE>[0.11805063486099243, 0.09818556904792786, 0.07049111276865005, 0.22845147550106049, 0.09345904737710953, 0.028382059186697006]</MIN_VALUE>
		<SIGNATURE_THRESHOLD_MD>0.0</SIGNATURE_THRESHOLD_MD>
		<SIGNATURE_THRESHOLD_ML>0.0</SIGNATURE_THRESHOLD_ML>
		<SIGNATURE_THRESHOLD_SAM>0.0</SIGNATURE_THRESHOLD_SAM>
	</signature>
	<signature ID="20200602_143918622918_126">
		<MACROCLASSID>2</MACROCLASSID>
		<MACROCLASSINFO>vegetation</MACROCLASSINFO>
		<CLASSID>16</CLASSID>
		<CLASSINFO>C 1</CLASSINFO>
		<VALUES>[0.1389945864456292, 0.007859190928061307, 0.12101844818114414, 0.009680675055662537, 0.09450115039774551, 0.012199153412139502, 0.32911023781656085, 0.03482856990538471, 0.1594237435532555, 0.025244582566656227, 0.07219218926240584, 0.01969099489476433]</VALUES>
