<?xml version="1.0" ?>
<signaturelist MCID_LIST="[['1', 'waterbody', '#0000ff'], ['2', 'vegetation', '#00ff00'], ['3', 'bare land', '#ff5500'], ['4', 'built-up', '#ff0000']]">
	<signature ID="20200809_220908130260_651">
		<MACROCLASSID>1</MACROCLASSID>
		<MACROCLASSINFO>waterbody</MACROCLASSINFO>
		<CLASSID>1</CLASSID>
		<CLASSINFO>C 1</CLASSINFO>
		<VALUES>[0.11264355107009594, 0.004467784687914712, 0.12879746963233232, 0.008510053732858994, 0.1512401912893568, 0.014513206632567876, 0.1573107405409988, 0.01568270039710346, 0.02657198331440519, 0.021254917818234024, 0.01504132572078857, 0.014337476252393715]</VALUES>
		<LCS_MIN>[0.08497043699026108, 0.07547690719366074, 0.05937426537275314, 0.14039480686187744, 0.008199338801205158, 0.0]</LCS_MIN>
		<LCS_MAX>[0.12762637436389923, 0.14293710887432098, 0.16577357053756714, 0.24420763552188873, 0.11054398864507675, 0.08912068605422974]</LCS_MAX>
		<WAVELENGTH>[0.485, 0.56, 0.66, 0.83, 1.65, 2.215]</WAVELENGTH>
		<MEAN_VALUE>[0.11264355107009594, 0.12879746963233232, 0.1512401912893568, 0.1573107405409988, 0.02657198331440519, 0.01504132572078857]</MEAN_VALUE>
		<CHECKBOX>2</CHECKBOX>
		<SD>[0.004467784687914712, 0.008510053732858994, 0.014513206632567876, 0.01568270039710346, 0.021254917818234024, 0.014337476252393715]</SD>
		<WAVELENGTH_UNIT>E-6m</WAVELENGTH_UNIT>
		<COLOR>#7b2d5a</COLOR>
		<COVARIANCE_MATRIX>[[1.5859770428505726e-05, 2.5037841623998247e-05, 4.0609578718431294e-05, -3.212448427802883e-05, -1.9626015273388475e-05, -1.6908817315197666e-06], [2.5037841623998247e-05, 5.7766807003645226e-05, 9.607843094272539e-05, -7.930693391244859e-05, -9.268142457585782e-05, -4.3649855797411874e-05], [4.0609578718431294e-05, 9.607843094272539e-05, 0.00018708864809013903, -0.00016712681099306792, -0.00020572442736010998, -0.00010709253547247499], [-3.212448427802883e-05, -7.930693391244859e-05, -0.00016712681099306792, 0.00026881881058216095, 0.00025449355598539114, 0.00013336710981093347], [-1.9626015273388475e-05, -9.268142457585782e-05, -0.00020572442736010998, 0.00025449355598539114, 0.00046432719682343304, 0.00029689291841350496], [-1.6908817315197666e-06, -4.3649855797411874e-05, -0.00010709253547247499, 0.00013336710981093347, 0.00029689291841350496, 0.00021259338245727122]]</COVARIANCE_MATRIX>
		<ROI_SIZE>1196</ROI_SIZE>
		<MAX_VALUE>[0.12762637436389923, 0.14293710887432098, 0.16577357053756714, 0.24420763552188873, 0.11054398864507675, 0.08912068605422974]</MAX_VALUE>
		<MIN_VALUE>[0.08497043699026108, 0.07547690719366074, 0.05937426537275314, 0.14039480686187744, 0.008199338801205158, 0.0]</MIN_VALUE>
		<SIGNATURE_THRESHOLD_MD>0.0</SIGNATURE_THRESHOLD_MD>
		<SIGNATURE_THRESHOLD_ML>0.0</SIGNATURE_THRESHOLD_ML>
		<SIGNATURE_THRESHOLD_SAM>0.0</SIGNATURE_THRESHOLD_SAM>
	</signature>
	<signature ID="20200809_220922111296_467">
		<MACROCLASSID>1</MACROCLASSID>
		<MACROCLASSINFO>waterbody</MACROCLASSINFO>
		<CLASSID>2</CLASSID>
		<CLASSINFO>C 1</CLASSINFO>
		<VALUES>[0.10238616697534303, 0.00690751107303855, 0.10067468855155293, 0.01484492478328238, 0.07968978892416646, 0.014688302296298816, 0.08988972453499683, 0.02055642222066291, 0.051418664220433966, 0.017622135284181755, 0.03418877514729486, 0.012872222436010348]</VALUES>
		<LCS_MIN>[0.09014085680246353, 0.07828774303197861, 0.05937426537275314, 0.06253519654273987, 0.02490866929292679, 0.011133352294564247]</LCS_MIN>
		<LCS_MAX>[0.11728552728891373, 0.12888289988040924, 0.12944211065769196, 0.1339065134525299, 0.09592332690954208, 0.07412312179803848]</LCS_MAX>
		<WAVELENGTH>[0.485, 0.56, 0.66, 0.83, 1.65, 2.215]</WAVELENGTH>
		<MEAN_VALUE>[0.10238616697534303, 0.10067468855155293, 0.07968978892416646, 0.08988972453499683, 0.051418664220433966, 0.03418877514729486]</MEAN_VALUE>
		<CHECKBOX>2</CHECKBOX>
		<SD>[0.00690751107303855, 0.01484492478328238, 0.014688302296298816, 0.02055642222066291, 0.017622135284181755, 0.012872222436010348]</SD>
		<WAVELENGTH_UNIT>E-6m</WAVELENGTH_UNIT>
		<COLOR>#f6dec8</COLOR>
		<COVARIANCE_MATRIX>[[4.799772068508901e-05, 9.893921378534287e-05, 9.220179344993085e-05, 7.706484029768035e-05, 6.425914034480229e-05, 4.5743563532596454e-05], [9.893921378534287e-05, 0.00022168352734297514, 0.0001962535607162863, 0.0001389851386193186, 0.00011022471881005913, 7.904800440883264e-05], [9.220179344993085e-05, 0.0001962535607162863, 0.00021703042148146778, 0.00019541526853572577, 0.00014748002286069095, 0.00010466326784808189], [7.706484029768035e-05, 0.0001389851386193186, 0.00019541526853572577, 0.00042508175829425454, 0.00032933775219134986, 0.00022988562704995275], [6.425914034480229e-05, 0.00011022471881005913, 0.00014748002286069095, 0.00032933775219134986, 0.00031238808878697455, 0.00021475057292263955], [4.5743563532596454e-05, 7.904800440883264e-05, 0.00010466326784808189, 0.00022988562704995275, 0.00021475057292263955, 0.00016668038733769208]]</COVARIANCE_MATRIX>
		<ROI_SIZE>169</ROI_SIZE>
		<MAX_VALUE>[0.11728552728891373, 0.12888289988040924, 0.12944211065769196, 0.1339065134525299, 0.09592332690954208, 0.07412312179803848]</MAX_VALUE>
		<MIN_VALUE>[0.09014085680246353, 0.07828774303197861, 0.05937426537275314, 0.06253519654273987, 0.02490866929292679, 0.011133352294564247]</MIN_VALUE>
		<SIGNATURE_THRESHOLD_MD>0.0</SIGNATURE_THRESHOLD_MD>
		<SIGNATURE_THRESHOLD_ML>0.0</SIGNATURE_THRESHOLD_ML>
		<SIGNATURE_THRESHOLD_SAM>0.0</SIGNATURE_THRESHOLD_SAM>
	</signature>
	<signature ID="20200809_220939145850_486">
		<MACROCLASSID>1</MACROCLASSID>
		<MACROCLASSINFO>waterbody</MACROCLASSINFO>
		<CLASSID>3</CLASSID>
		<CLASSINFO>C 1</CLASSINFO>
		<VALUES>[0.09159349139247619, 0.0028637758231446816, 0.08136628958440961, 0.007587278222305127, 0.06172221654227803, 0.007068744806506702, 0.07449221263329188, 0.015026268604995627, 0.04028523065859366, 0.012726504415880404, 0.024645440573138847, 0.008393775577265566]</VALUES>
		<LCS_MIN>[0.08626303821802139, 0.0698552206158638, 0.04639874026179314, 0.05280275270342827, 0.0228200014680624, 0.011133352294564247]</LCS_MIN>
		<LCS_MAX>[0.10048168152570724, 0.12888289988040924, 0.07753999531269073, 0.11119744926691055, 0.07712532579898834, 0.05312652885913849]</LCS_MAX>
		<WAVELENGTH>[0.485, 0.56, 0.66, 0.83, 1.65, 2.215]</WAVELENGTH>
		<MEAN_VALUE>[0.09159349139247619, 0.08136628958440961, 0.06172221654227803, 0.07449221263329188, 0.04028523065859366, 0.024645440573138847]</MEAN_VALUE>
		<CHECKBOX>2</CHECKBOX>
		<SD>[0.0028637758231446816, 0.007587278222305127, 0.007068744806506702, 0.015026268604995627, 0.012726504415880404, 0.008393775577265566]</SD>
		<WAVELENGTH_UNIT>E-6m</WAVELENGTH_UNIT>
		<COLOR>#0bec7c</COLOR>
		<COVARIANCE_MATRIX>[[8.280069778265897e-06, 1.0297698281647172e-05, 1.5167183846642729e-05, 2.302682514709886e-05, 2.1294685211614706e-05, 1.4108391951594967e-05], [1.0297698281647172e-05, 5.812031668028794e-05, 3.759103492484428e-05, 8.780597454460803e-06, 6.56982365399017e-06, 5.914159828535048e-06], [1.5167183846642729e-05, 3.759103492484428e-05, 5.04476047353819e-05, 4.5563887397293e-05, 3.5368502722121775e-05, 2.597534876258578e-05], [2.302682514709886e-05, 8.780597454460803e-06, 4.5563887397293e-05, 0.00022795979748480022, 0.00016359632718376815, 9.896081610349938e-05], [2.1294685211614706e-05, 6.56982365399017e-06, 3.5368502722121775e-05, 0.00016359632718376815, 0.000163521253853105, 9.583125938661397e-05], [1.4108391951594967e-05, 5.914159828535048e-06, 2.597534876258578e-05, 9.896081610349938e-05, 9.583125938661397e-05, 7.113292667781934e-05]]</COVARIANCE_MATRIX>
		<ROI_SIZE>105</ROI_SIZE>
		<MAX_VALUE>[0.10048168152570724, 0.12888289988040924, 0.07753999531269073, 0.11119744926691055, 0.07712532579898834, 0.05312652885913849]</MAX_VALUE>
		<MIN_VALUE>[0.08626303821802139, 0.0698552206158638, 0.04639874026179314, 0.05280275270342827, 0.0228200014680624, 0.011133352294564247]</MIN_VALUE>
		<SIGNATURE_THRESHOLD_MD>0.0</SIGNATURE_THRESHOLD_MD>
		<SIGNATURE_THRESHOLD_ML>0.0</SIGNATURE_THRESHOLD_ML>
		<SIGNATURE_THRESHOLD_SAM>0.0</SIGNATURE_THRESHOLD_SAM>
	</signature>
	<signature ID="20200809_220946882093_383">
		<MACROCLASSID>1</MACROCLASSID>
		<MACROCLASSINFO>waterbody</MACROCLASSINFO>
		<CLASSID>4</CLASSID>
		<CLASSINFO>C 1</CLASSINFO>
		<VALUES>[0.12171923125412258, 0.001986604314733838, 0.1412684982249596, 0.003055005941829317, 0.1641024061810254, 0.0050082606654269154, 0.15509554507730638, 0.008101083265575125, 0.03466402288584193, 0.009444696273821664, 0.02244313339875816, 0.006269811907137746]</VALUES>
		<LCS_MIN>[0.11211511492729187, 0.1148286834359169, 0.12165677547454834, 0.1436389535665512, 0.020731335505843163, 0.011133352294564247]</LCS_MIN>
		<LCS_MAX>[0.13021156191825867, 0.14855879545211792, 0.17355889081954956, 0.20203366875648499, 0.08130265772342682, 0.062125060707330704]</LCS_MAX>
		<WAVELENGTH>[0.485, 0.56, 0.66, 0.83, 1.65, 2.215]</WAVELENGTH>
		<MEAN_VALUE>[0.12171923125412258, 0.1412684982249596, 0.1641024061810254, 0.15509554507730638, 0.03466402288584193, 0.02244313339875816]</MEAN_VALUE>
		<CHECKBOX>2</CHECKBOX>
		<SD>[0.001986604314733838, 0.003055005941829317, 0.0050082606654269154, 0.008101083265575125, 0.009444696273821664, 0.006269811907137746]</SD>
		<WAVELENGTH_UNIT>E-6m</WAVELENGTH_UNIT>
		<COLOR>#159a68</COLOR>
		<COVARIANCE_MATRIX>[[3.949520305468468e-06, 2.922529347415548e-06, 4.271690613677492e-06, -3.0900025649316376e-06, -3.4690231132117333e-06, -1.4350862329592928e-06], [2.922529347415548e-06, 9.339974894828629e-06, 1.1366011676727794e-05, -1.36023436425603e-05, -1.6661071640555747e-05, -9.23072366276756e-06], [4.271690613677492e-06, 1.1366011676727794e-05, 2.5101255232584663e-05, -3.063630356336944e-05, -3.598910916480236e-05, -2.0755336663569324e-05], [-3.0900025649316376e-06, -1.36023436425603e-05, -3.063630356336944e-05, 6.567616219399497e-05, 6.553846469614655e-05, 3.7653073377441615e-05], [-3.4690231132117333e-06, -1.6661071640555747e-05, -3.598910916480236e-05, 6.553846469614655e-05, 8.926836017053574e-05, 5.0639100663829595e-05], [-1.4350862329592928e-06, -9.23072366276756e-06, -2.0755336663569324e-05, 3.7653073377441615e-05, 5.0639100663829595e-05, 3.933965854230337e-05]]</COVARIANCE_MATRIX>
		<ROI_SIZE>1351</ROI_SIZE>
		<MAX_VALUE>[0.13021156191825867, 0.14855879545211792, 0.17355889081954956, 0.20203366875648499, 0.08130265772342682, 0.062125060707330704]</MAX_VALUE>
		<MIN_VALUE>[0.11211511492729187, 0.1148286834359169, 0.12165677547454834, 0.1436389535665512, 0.020731335505843163, 0.011133352294564247]</MIN_VALUE>
		<SIGNATURE_THRESHOLD_MD>0.0</SIGNATURE_THRESHOLD_MD>
		<SIGNATURE_THRESHOLD_ML>0.0</SIGNATURE_THRESHOLD_ML>
		<SIGNATURE_THRESHOLD_SAM>0.0</SIGNATURE_THRESHOLD_SAM>
	</signature>
	<signature ID="20200809_220958341545_154">
		<MACROCLASSID>1</MACROCLASSID>
		<MACROCLASSINFO>waterbody</MACROCLASSINFO>
		<CLASSID>5</CLASSID>
		<CLASSINFO>C 1</CLASSINFO>
		<VALUES>[0.11981688005228835, 0.0025439251202391358, 0.13575384952127928, 0.005235362654978227, 0.10060759623431498, 0.005289383836889529, 0.08533437032666469, 0.01692608926464357, 0.043764683159275175, 0.01089744570483069, 0.02638087266435226, 0.005972931206489193]</VALUES>
		<LCS_MIN>[0.11340772360563278, 0.1232612207531929, 0.0879204124212265, 0.0495586022734642, 0.0311746709048748, 0.01713237538933754]</LCS_MIN>
		<LCS_MAX>[0.1250411719083786, 0.14574794471263885, 0.11387147009372711, 0.12417405843734741, 0.0750366672873497, 0.04412798583507538]</LCS_MAX>
		<WAVELENGTH>[0.485, 0.56, 0.66, 0.83, 1.65, 2.215]</WAVELENGTH>
		<MEAN_VALUE>[0.11981688005228835, 0.13575384952127928, 0.10060759623431498, 0.08533437032666469, 0.043764683159275175, 0.02638087266435226]</MEAN_VALUE>
		<CHECKBOX>2</CHECKBOX>
		<SD>[0.0025439251202391358, 0.005235362654978227, 0.005289383836889529, 0.01692608926464357, 0.01089744570483069, 0.005972931206489193]</SD>
		<WAVELENGTH_UNIT>E-6m</WAVELENGTH_UNIT>
		<COLOR>#f1623a</COLOR>
		<COVARIANCE_MATRIX>[[6.562703674717341e-06, 1.1224012268939987e-05, 8.016024366952479e-06, -2.474206303304527e-05, -1.3153699910617433e-05, -5.33795491719502e-06], [1.1224012268939987e-05, 2.7795063942903653e-05, 1.7933556591742672e-05, -6.099171514506452e-05, -2.8353075322229415e-05, -1.3854002645530272e-05], [8.016024366952479e-06, 1.7933556591742672e-05, 2.837163265212439e-05, -2.1080270471429685e-06, 4.0631089177622925e-06, 5.7740849115361925e-06], [-2.474206303304527e-05, -6.099171514506452e-05, -2.1080270471429685e-06, 0.0002905275905504823, 0.0001514514588052407, 7.878350152168423e-05], [-1.3153699910617433e-05, -2.8353075322229415e-05, 4.0631089177622925e-06, 0.0001514514588052407, 0.00012042692105751485, 5.584069003816694e-05], [-5.33795491719502e-06, -1.3854002645530272e-05, 5.7740849115361925e-06, 7.878350152168423e-05, 5.584069003816694e-05, 3.6178385926177725e-05]]</COVARIANCE_MATRIX>
		<ROI_SIZE>72</ROI_SIZE>
		<MAX_VALUE>[0.1250411719083786, 0.14574794471263885, 0.11387147009372711, 0.12417405843734741, 0.0750366672873497, 0.04412798583507538]</MAX_VALUE>
		<MIN_VALUE>[0.11340772360563278, 0.1232612207531929, 0.0879204124212265, 0.0495586022734642, 0.0311746709048748, 0.01713237538933754]</MIN_VALUE>
		<SIGNATURE_THRESHOLD_MD>0.0</SIGNATURE_THRESHOLD_MD>
		<SIGNATURE_THRESHOLD_ML>0.0</SIGNATURE_THRESHOLD_ML>
		<SIGNATURE_THRESHOLD_SAM>0.0</SIGNATURE_THRESHOLD_SAM>
	</signature>
	<signature ID="20200809_221001652711_450">
		<MACROCLASSID>1</MACROCLASSID>
		<MACROCLASSINFO>waterbody</MACROCLASSINFO>
		<CLASSID>6</CLASSID>
		<CLASSINFO>C 1</CLASSINFO>
		<VALUES>[0.12693342343740854, 0.003785940061451329, 0.1508480348077017, 0.009451189312475475, 0.13554193340625967, 0.010870744720913462, 0.09688306269571952, 0.015511272062590583, 0.03851729863774531, 0.01055306004145746, 0.023224169263597005, 0.005785789361767062]</VALUES>
		<LCS_MIN>[0.11599292606115341, 0.1232612207531929, 0.10868126153945923, 0.07226765155792236, 0.020731335505843163, 0.011133352294564247]</LCS_MIN>
		<LCS_MAX>[0.134089395403862, 0.16542384028434753, 0.1631784588098526, 0.12741820514202118, 0.06877066195011139, 0.038128964602947235]</LCS_MAX>
		<WAVELENGTH>[0.485, 0.56, 0.66, 0.83, 1.65, 2.215]</WAVELENGTH>
		<MEAN_VALUE>[0.12693342343740854, 0.1508480348077017, 0.13554193340625967, 0.09688306269571952, 0.03851729863774531, 0.023224169263597005]</MEAN_VALUE>
		<CHECKBOX>2</CHECKBOX>
		<SD>[0.003785940061451329, 0.009451189312475475, 0.010870744720913462, 0.015511272062590583, 0.01055306004145746, 0.005785789361767062]</SD>
		<WAVELENGTH_UNIT>E-6m</WAVELENGTH_UNIT>
		<COLOR>#6699b0</COLOR>
		<COVARIANCE_MATRIX>[[1.4482648111879826e-05, 3.1274830689653754e-05, 2.9988268579472788e-05, -3.7803656596224755e-05, -1.9072977011092007e-05, -1.0354975529480726e-05], [3.1274830689653754e-05, 9.025544568430632e-05, 8.049015741562471e-05, -9.588246757630259e-05, -4.62775569758378e-05, -2.462980046402663e-05], [2.9988268579472788e-05, 8.049015741562471e-05, 0.00011940405966015533, -4.9020796723198146e-05, -5.050629624747671e-05, -2.5707755412440747e-05], [-3.7803656596224755e-05, -9.588246757630259e-05, -4.9020796723198146e-05, 0.00024310580920428038, 0.00010881173511734232, 5.607790080830455e-05], [-1.9072977011092007e-05, -4.62775569758378e-05, -5.050629624747671e-05, 0.00010881173511734232, 0.00011252715194132179, 5.3086161642568186e-05], [-1.0354975529480726e-05, -2.462980046402663e-05, -2.5707755412440747e-05, 5.607790080830455e-05, 5.3086161642568186e-05, 3.382406066521071e-05]]</COVARIANCE_MATRIX>
		<ROI_SIZE>97</ROI_SIZE>
		<MAX_VALUE>[0.134089395403862, 0.16542384028434753, 0.1631784588098526, 0.12741820514202118, 0.06877066195011139, 0.038128964602947235]</MAX_VALUE>
		<MIN_VALUE>[0.11599292606115341, 0.1232612207531929, 0.10868126153945923, 0.07226765155792236, 0.020731335505843163, 0.011133352294564247]</MIN_VALUE>
		<SIGNATURE_THRESHOLD_MD>0.0</SIGNATURE_THRESHOLD_MD>
		<SIGNATURE_THRESHOLD_ML>0.0</SIGNATURE_THRESHOLD_ML>
		<SIGNATURE_THRESHOLD_SAM>0.0</SIGNATURE_THRESHOLD_SAM>
	</signature>
	<signature ID="20200809_221023293747_459">
		<MACROCLASSID>1</MACROCLASSID>
		<MACROCLASSINFO>waterbody</MACROCLASSINFO>
		<CLASSID>7</CLASSID>
		<CLASSINFO>C 1</CLASSINFO>
		<VALUES>[0.10662405181300738, 0.0025090906150080734, 0.11436021307757657, 0.0038571807445513025, 0.11008945095908731, 0.005757740484115575, 0.08562148157362795, 0.02268075447188224, 0.03910836123305465, 0.014353096574755742, 0.024712539324897902, 0.008451594954802402]</VALUES>
		<LCS_MIN>[0.09918907284736633, 0.09796363115310669, 0.08532530814409256, 0.05280275270342827, 0.014465337619185448, 0.008133839815855026]</LCS_MIN>
		<LCS_MAX>[0.11211511492729187, 0.1232612207531929, 0.12165677547454834, 0.15012726187705994, 0.0750366672873497, 0.05012701079249382]</LCS_MAX>
		<WAVELENGTH>[0.485, 0.56, 0.66, 0.83, 1.65, 2.215]</WAVELENGTH>
		<MEAN_VALUE>[0.10662405181300738, 0.11436021307757657, 0.11008945095908731, 0.08562148157362795, 0.03910836123305465, 0.024712539324897902]</MEAN_VALUE>
		<CHECKBOX>2</CHECKBOX>
		<SD>[0.0025090906150080734, 0.0038571807445513025, 0.005757740484115575, 0.02268075447188224, 0.014353096574755742, 0.008451594954802402]</SD>
		<WAVELENGTH_UNIT>E-6m</WAVELENGTH_UNIT>
		<COLOR>#5e7846</COLOR>
		<COVARIANCE_MATRIX>[[6.320031843642937e-06, 6.6492748374002986e-06, 1.0816815120051615e-05, -1.4759437362954486e-05, -4.978367996955058e-06, -1.3315685691850376e-06], [6.6492748374002986e-06, 1.493573381594615e-05, 1.774881820892915e-05, -4.740350414067507e-05, -2.578325438662432e-05, -1.1263403393968474e-05], [1.0816815120051615e-05, 1.774881820892915e-05, 3.328056845930405e-05, -5.8384630392538384e-05, -2.524097726563923e-05, -1.0382722393842414e-05], [-1.4759437362954486e-05, -4.740350414067507e-05, -5.8384630392538384e-05, 0.000516418251208961, 0.000278606079518795, 0.00013673145440407097], [-4.978367996955058e-06, -2.578325438662432e-05, -2.524097726563923e-05, 0.000278606079518795, 0.00020681298337876797, 0.00010627091978676617], [-1.3315685691850376e-06, -1.1263403393968474e-05, -1.0382722393842414e-05, 0.00013673145440407097, 0.00010627091978676617, 7.170739263528958e-05]]</COVARIANCE_MATRIX>
		<ROI_SIZE>258</ROI_SIZE>
		<MAX_VALUE>[0.11211511492729187, 0.1232612207531929, 0.12165677547454834, 0.15012726187705994, 0.0750366672873497, 0.05012701079249382]</MAX_VALUE>
		<MIN_VALUE>[0.09918907284736633, 0.09796363115310669, 0.08532530814409256, 0.05280275270342827, 0.014465337619185448, 0.008133839815855026]</MIN_VALUE>
		<SIGNATURE_THRESHOLD_MD>0.0</SIGNATURE_THRESHOLD_MD>
		<SIGNATURE_THRESHOLD_ML>0.0</SIGNATURE_THRESHOLD_ML>
		<SIGNATURE_THRESHOLD_SAM>0.0</SIGNATURE_THRESHOLD_SAM>
	</signature>
	<signature ID="20200809_221057132676_593">
		<MACROCLASSID>1</MACROCLASSID>
		<MACROCLASSINFO>waterbody</MACROCLASSINFO>
		<CLASSID>8</CLASSID>
		<CLASSINFO>C 1</CLASSINFO>
		<VALUES>[0.11337278370518938, 0.0033305339033800323, 0.12851572129036387, 0.005763019321259525, 0.15685435483517426, 0.00894677670002258, 0.1335777121822577, 0.01337281898918232, 0.027209023863228186, 0.013284959245494278, 0.016416276669809337, 0.008895137186417407]</VALUES>
		<LCS_MIN>[0.10306688398122787, 0.11201785504817963, 0.12425189465284348, 0.11119744926691055, 0.010288004763424397, 0.0051343259401619434]</LCS_MIN>
		<LCS_MAX>[0.12245594710111618, 0.14574794471263885, 0.18134421110153198, 0.1728363186120987, 0.06877066195011139, 0.05312652885913849]</LCS_MAX>
		<WAVELENGTH>[0.485, 0.56, 0.66, 0.83, 1.65, 2.215]</WAVELENGTH>
		<MEAN_VALUE>[0.11337278370518938, 0.12851572129036387, 0.15685435483517426, 0.1335777121822577, 0.027209023863228186, 0.016416276669809337]</MEAN_VALUE>
		<CHECKBOX>2</CHECKBOX>
		<SD>[0.0033305339033800323, 0.005763019321259525, 0.00894677670002258, 0.01337281898918232, 0.013284959245494278, 0.008895137186417407]</SD>
		<WAVELENGTH_UNIT>E-6m</WAVELENGTH_UNIT>
		<COLOR>#7cdc3e</COLOR>
		<COVARIANCE_MATRIX>[[1.1117495887447149e-05, 1.5840823834878393e-05, 2.2585751139558852e-05, 5.119004072184907e-06, 4.072370302310446e-06, 3.9133701648097485e-06], [1.5840823834878393e-05, 3.32873642037157e-05, 4.611558688338846e-05, -2.7146336378791602e-06, -8.006209100130945e-06, -3.8225202843023e-06], [2.2585751139558852e-05, 4.611558688338846e-05, 8.02255017333664e-05, -2.9963372071506456e-05, -3.5401313652982935e-05, -1.8648599507287145e-05], [5.119004072184907e-06, -2.7146336378791602e-06, -2.9963372071506456e-05, 0.00017923596897162497, 0.00014842170639894903, 8.999970305012539e-05], [4.072370302310446e-06, -8.006209100130945e-06, -3.5401313652982935e-05, 0.00014842170639894903, 0.0001768885413184762, 0.00010658588871592656], [3.9133701648097485e-06, -3.8225202843023e-06, -1.8648599507287145e-05, 8.999970305012539e-05, 0.00010658588871592656, 7.930207357276231e-05]]</COVARIANCE_MATRIX>
		<ROI_SIZE>444</ROI_SIZE>
		<MAX_VALUE>[0.12245594710111618, 0.14574794471263885, 0.18134421110153198, 0.1728363186120987, 0.06877066195011139, 0.05312652885913849]</MAX_VALUE>
		<MIN_VALUE>[0.10306688398122787, 0.11201785504817963, 0.12425189465284348, 0.11119744926691055, 0.010288004763424397, 0.0051343259401619434]</MIN_VALUE>
		<SIGNATURE_THRESHOLD_MD>0.0</SIGNATURE_THRESHOLD_MD>
		<SIGNATURE_THRESHOLD_ML>0.0</SIGNATURE_THRESHOLD_ML>
		<SIGNATURE_THRESHOLD_SAM>0.0</SIGNATURE_THRESHOLD_SAM>
	</signature>
	<signature ID="20200809_221106551209_355">
		<MACROCLASSID>1</MACROCLASSID>
		<MACROCLASSINFO>waterbody</MACROCLASSINFO>
		<CLASSID>9</CLASSID>
		<CLASSINFO>C 1</CLASSINFO>
		<VALUES>[0.11266176747199197, 0.002712204810778267, 0.12227061256306813, 0.005691848247515494, 0.10912711058419182, 0.006647111787758103, 0.07001675444651011, 0.01481223531728283, 0.029643014040549955, 0.01089572415250911, 0.01992707576762703, 0.006957834514993192]</VALUES>
		<LCS_MIN>[0.10306688398122787, 0.10639616847038269, 0.08532530814409256, 0.0495586022734642, 0.0, 0.0051343259401619434]</LCS_MIN>
		<LCS_MAX>[0.12374855577945709, 0.17385637760162354, 0.16058334708213806, 0.11119744926691055, 0.0750366672873497, 0.059125546365976334]</LCS_MAX>
		<WAVELENGTH>[0.485, 0.56, 0.66, 0.83, 1.65, 2.215]</WAVELENGTH>
		<MEAN_VALUE>[0.11266176747199197, 0.12227061256306813, 0.10912711058419182, 0.07001675444651011, 0.029643014040549955, 0.01992707576762703]</MEAN_VALUE>
		<CHECKBOX>2</CHECKBOX>
		<SD>[0.002712204810778267, 0.005691848247515494, 0.006647111787758103, 0.01481223531728283, 0.01089572415250911, 0.006957834514993192]</SD>
		<WAVELENGTH_UNIT>E-6m</WAVELENGTH_UNIT>
		<COLOR>#1ac9c7</COLOR>
		<COVARIANCE_MATRIX>[[7.372293566731969e-06, 8.523159522155765e-06, 9.663556738814805e-06, -1.8271239241585135e-05, -6.462590135924984e-06, -1.017566432892636e-06], [8.523159522155765e-06, 3.2468651625094935e-05, 1.7350268535665236e-05, -4.3319603719282895e-05, -2.0456249330891296e-05, -8.001694368431345e-06], [9.663556738814805e-06, 1.7350268535665236e-05, 4.428163083503023e-05, -4.5437605876941234e-05, -1.8067094060825184e-05, -5.149397111381404e-06], [-1.8271239241585135e-05, -4.3319603719282895e-05, -4.5437605876941234e-05, 0.00021988664229866117, 0.00012523020268417895, 6.993104034336284e-05], [-6.462590135924984e-06, -2.0456249330891296e-05, -1.8067094060825184e-05, 0.00012523020268417895, 0.00011897887452505529, 6.174072768772021e-05], [-1.017566432892636e-06, -8.001694368431345e-06, -5.149397111381404e-06, 6.993104034336284e-05, 6.174072768772021e-05, 4.851833000429906e-05]]</COVARIANCE_MATRIX>
		<ROI_SIZE>454</ROI_SIZE>
		<MAX_VALUE>[0.12374855577945709, 0.17385637760162354, 0.16058334708213806, 0.11119744926691055, 0.0750366672873497, 0.059125546365976334]</MAX_VALUE>
		<MIN_VALUE>[0.10306688398122787, 0.10639616847038269, 0.08532530814409256, 0.0495586022734642, 0.0, 0.0051343259401619434]</MIN_VALUE>
		<SIGNATURE_THRESHOLD_MD>0.0</SIGNATURE_THRESHOLD_MD>
		<SIGNATURE_THRESHOLD_ML>0.0</SIGNATURE_THRESHOLD_ML>
		<SIGNATURE_THRESHOLD_SAM>0.0</SIGNATURE_THRESHOLD_SAM>
	</signature>
	<signature ID="20200809_221114965321_440">
		<MACROCLASSID>1</MACROCLASSID>
		<MACROCLASSINFO>waterbody</MACROCLASSINFO>
		<CLASSID>10</CLASSID>
		<CLASSINFO>C 1</CLASSINFO>
		<VALUES>[0.12626329369587694, 0.0036770089031675198, 0.13537585611144717, 0.004765452757232345, 0.128221352117548, 0.005753760741850457, 0.09523947241011059, 0.013326731983590325, 0.04606536113746994, 0.01040234682979422, 0.03280739861647845, 0.007506020144069465]</VALUES>
		<LCS_MIN>[0.1147003248333931, 0.10920700430870056, 0.1008959412574768, 0.07226765155792236, 0.0311746709048748, 0.02013188786804676]</LCS_MIN>
		<LCS_MAX>[0.1444302350282669, 0.14855879545211792, 0.14760783314704895, 0.13715067505836487, 0.08756866306066513, 0.07412312179803848]</LCS_MAX>
		<WAVELENGTH>[0.485, 0.56, 0.66, 0.83, 1.65, 2.215]</WAVELENGTH>
		<MEAN_VALUE>[0.12626329369587694, 0.13537585611144717, 0.128221352117548, 0.09523947241011059, 0.04606536113746994, 0.03280739861647845]</MEAN_VALUE>
		<CHECKBOX>2</CHECKBOX>
		<SD>[0.0036770089031675198, 0.004765452757232345, 0.005753760741850457, 0.013326731983590325, 0.01040234682979422, 0.007506020144069465]</SD>
		<WAVELENGTH_UNIT>E-6m</WAVELENGTH_UNIT>
		<COLOR>#c64319</COLOR>
		<COVARIANCE_MATRIX>[[1.354148753307527e-05, 1.2843249351135455e-05, 1.5184155927272514e-05, 3.2175580599869136e-06, 5.115432486491045e-06, 6.296060746535659e-06], [1.2843249351135455e-05, 2.2744969101040624e-05, 2.3517548470408656e-05, -1.981833338504657e-05, -1.336961577180773e-05, -5.681432867277181e-06], [1.5184155927272514e-05, 2.3517548470408656e-05, 3.315740832476877e-05, -2.303105611645151e-05, -1.6142192180268466e-05, -5.765688911196776e-06], [3.2175580599869136e-06, -1.981833338504657e-05, -2.303105611645151e-05, 0.00017787885735742748, 0.0001270968932658434, 8.257205627160147e-05], [5.115432486491045e-06, -1.336961577180773e-05, -1.6142192180268466e-05, 0.0001270968932658434, 0.0001083776296582073, 6.93375404807739e-05], [6.296060746535659e-06, -5.681432867277181e-06, -5.765688911196776e-06, 8.257205627160147e-05, 6.93375404807739e-05, 5.642823452944867e-05]]</COVARIANCE_MATRIX>
		<ROI_SIZE>642</ROI_SIZE>
		<MAX_VALUE>[0.1444302350282669, 0.14855879545211792, 0.14760783314704895, 0.13715067505836487, 0.08756866306066513, 0.07412312179803848]</MAX_VALUE>
		<MIN_VALUE>[0.1147003248333931, 0.10920700430870056, 0.1008959412574768, 0.07226765155792236, 0.0311746709048748, 0.02013188786804676]</MIN_VALUE>
		<SIGNATURE_THRESHOLD_MD>0.0</SIGNATURE_THRESHOLD_MD>
		<SIGNATURE_THRESHOLD_ML>0.0</SIGNATURE_THRESHOLD_ML>
		<SIGNATURE_THRESHOLD_SAM>0.0</SIGNATURE_THRESHOLD_SAM>
	</signature>
	<signature ID="20200809_221126483368_557">
		<MACROCLASSID>1</MACROCLASSID>
		<MACROCLASSINFO>waterbody</MACROCLASSINFO>
		<CLASSID>11</CLASSID>
		<CLASSINFO>C 1</CLASSINFO>
		<VALUES>[0.11798644761069563, 0.002537539537468071, 0.12030191336509202, 0.004846208961531863, 0.10075887554967906, 0.00476180985114072, 0.09667874329631598, 0.014303552063646708, 0.050082980694485364, 0.00857264727877691, 0.03385149017894561, 0.005738424746940488]</VALUES>
		<LCS_MIN>[0.10823730379343033, 0.09515280276536942, 0.08273021131753922, 0.0787559524178505, 0.03744066506624222, 0.02313140034675598]</LCS_MIN>
		<LCS_MAX>[0.12633375823497772, 0.13450457155704498, 0.11387147009372711, 0.1339065134525299, 0.08130265772342682, 0.05312652885913849]</LCS_MAX>
		<WAVELENGTH>[0.485, 0.56, 0.66, 0.83, 1.65, 2.215]</WAVELENGTH>
		<MEAN_VALUE>[0.11798644761069563, 0.12030191336509202, 0.10075887554967906, 0.09667874329631598, 0.050082980694485364, 0.03385149017894561]</MEAN_VALUE>
		<CHECKBOX>2</CHECKBOX>
		<SD>[0.002537539537468071, 0.004846208961531863, 0.00476180985114072, 0.014303552063646708, 0.00857264727877691, 0.005738424746940488]</SD>
		<WAVELENGTH_UNIT>E-6m</WAVELENGTH_UNIT>
		<COLOR>#6cce26</COLOR>
		<COVARIANCE_MATRIX>[[5.745938779000426e-06, 7.0756491368229035e-06, 6.519953785755206e-06, -1.1616029041761067e-05, -3.3263468139921315e-06, -5.419435069597967e-07], [7.0756491368229035e-06, 1.8830201952368952e-05, 1.5007178262749221e-05, -2.641662649693899e-05, -1.1000131053151563e-05, -5.384504220273811e-06], [6.519953785755206e-06, 1.5007178262749221e-05, 1.7692025721771643e-05, -1.8895845641964115e-05, -6.939137165318243e-06, -1.9992808120150585e-06], [-1.1616029041761067e-05, -2.641662649693899e-05, -1.8895845641964115e-05, 0.00019211482140235603, 9.287257853429765e-05, 4.786114004673436e-05], [-3.3263468139921315e-06, -1.1000131053151563e-05, -6.939137165318243e-06, 9.287257853429765e-05, 6.628038681810722e-05, 3.344275683048181e-05], [-5.419435069597967e-07, -5.384504220273811e-06, -1.9992808120150585e-06, 4.786114004673436e-05, 3.344275683048181e-05, 2.9948550945846364e-05]]</COVARIANCE_MATRIX>
		<ROI_SIZE>481</ROI_SIZE>
		<MAX_VALUE>[0.12633375823497772, 0.13450457155704498, 0.11387147009372711, 0.1339065134525299, 0.08130265772342682, 0.05312652885913849]</MAX_VALUE>
		<MIN_VALUE>[0.10823730379343033, 0.09515280276536942, 0.08273021131753922, 0.0787559524178505, 0.03744066506624222, 0.02313140034675598]</MIN_VALUE>
		<SIGNATURE_THRESHOLD_MD>0.0</SIGNATURE_THRESHOLD_MD>
		<SIGNATURE_THRESHOLD_ML>0.0</SIGNATURE_THRESHOLD_ML>
		<SIGNATURE_THRESHOLD_SAM>0.0</SIGNATURE_THRESHOLD_SAM>
	</signature>
	<signature ID="20200809_221144842845_165">
		<MACROCLASSID>1</MACROCLASSID>
		<MACROCLASSINFO>waterbody</MACROCLASSINFO>
		<CLASSID>12</CLASSID>
		<CLASSINFO>C 1</CLASSINFO>
		<VALUES>[0.10583306052855086, 0.004131793244473459, 0.10141695774027285, 0.007011369107938811, 0.08152904453022142, 0.00647516824896721, 0.08329776463764058, 0.013702455799368457, 0.04479873888194561, 0.009488627842747599, 0.03135863555861367, 0.00701592376323788]</VALUES>
		<LCS_MIN>[0.09918907284736633, 0.08953111618757248, 0.0697546899318695, 0.0592910498380661, 0.029085999354720116, 0.01713237538933754]</LCS_MIN>
		<LCS_MAX>[0.11857812851667404, 0.12045037001371384, 0.10349104553461075, 0.12092991173267365, 0.08130265772342682, 0.07412312179803848]</LCS_MAX>
		<WAVELENGTH>[0.485, 0.56, 0.66, 0.83, 1.65, 2.215]</WAVELENGTH>
		<MEAN_VALUE>[0.10583306052855086, 0.10141695774027285, 0.08152904453022142, 0.08329776463764058, 0.04479873888194561, 0.03135863555861367]</MEAN_VALUE>
		<CHECKBOX>2</CHECKBOX>
		<SD>[0.004131793244473459, 0.007011369107938811, 0.00647516824896721, 0.013702455799368457, 0.009488627842747599, 0.00701592376323788]</SD>
		<WAVELENGTH_UNIT>E-6m</WAVELENGTH_UNIT>
		<COLOR>#3bd592</COLOR>
		<COVARIANCE_MATRIX>[[1.7120632037403993e-05, 2.5524745069560595e-05, 2.2958984118304215e-05, 1.003771922114538e-05, 6.779555405955762e-06, 9.37188906391384e-06], [2.5524745069560595e-05, 4.930015347781591e-05, 4.054841338074766e-05, 1.5494104445679113e-05, 1.1004528460034635e-05, 1.5209209777822252e-05], [2.2958984118304215e-05, 4.054841338074766e-05, 4.204794095130637e-05, 3.229580033803359e-05, 2.2686122974846512e-05, 2.1441655917442404e-05], [1.003771922114538e-05, 1.5494104445679113e-05, 3.229580033803359e-05, 0.00018829527834895998, 0.00010514951281948015, 6.17310797679238e-05], [6.779555405955762e-06, 1.1004528460034635e-05, 2.2686122974846512e-05, 0.00010514951281948015, 9.029203647514805e-05, 5.168263305677101e-05], [9.37188906391384e-06, 1.5209209777822252e-05, 2.1441655917442404e-05, 6.17310797679238e-05, 5.168263305677101e-05, 4.936422556056641e-05]]</COVARIANCE_MATRIX>
		<ROI_SIZE>350</ROI_SIZE>
		<MAX_VALUE>[0.11857812851667404, 0.12045037001371384, 0.10349104553461075, 0.12092991173267365, 0.08130265772342682, 0.07412312179803848]</MAX_VALUE>
		<MIN_VALUE>[0.09918907284736633, 0.08953111618757248, 0.0697546899318695, 0.0592910498380661, 0.029085999354720116, 0.01713237538933754]</MIN_VALUE>
		<SIGNATURE_THRESHOLD_MD>0.0</SIGNATURE_THRESHOLD_MD>
		<SIGNATURE_THRESHOLD_ML>0.0</SIGNATURE_THRESHOLD_ML>
		<SIGNATURE_THRESHOLD_SAM>0.0</SIGNATURE_THRESHOLD_SAM>
	</signature>
	<signature ID="20200809_221202896603_344">
		<MACROCLASSID>1</MACROCLASSID>
		<MACROCLASSINFO>waterbody</MACROCLASSINFO>
		<CLASSID>13</CLASSID>
		<CLASSINFO>C 1</CLASSINFO>
		<VALUES>[0.12471632735619716, 0.006842477774505097, 0.1334426017216628, 0.010147215564229607, 0.12163879068978313, 0.012822139117513736, 0.0726668461898996, 0.011404228069427605, 0.03328867286340406, 0.007300326801867427, 0.02565415344399561, 0.006853510825332142]</VALUES>
		<LCS_MIN>[0.10177429020404816, 0.10077448189258575, 0.08273021131753922, 0.0495586022734642, 0.016554003581404686, 0.0]</LCS_MIN>
		<LCS_MAX>[0.14055241644382477, 0.15418048202991486, 0.1502029448747635, 0.11768575757741928, 0.07085933536291122, 0.062125060707330704]</LCS_MAX>
		<WAVELENGTH>[0.485, 0.56, 0.66, 0.83, 1.65, 2.215]</WAVELENGTH>
		<MEAN_VALUE>[0.12471632735619716, 0.1334426017216628, 0.12163879068978313, 0.0726668461898996, 0.03328867286340406, 0.02565415344399561]</MEAN_VALUE>
		<CHECKBOX>2</CHECKBOX>
		<SD>[0.006842477774505097, 0.010147215564229607, 0.012822139117513736, 0.011404228069427605, 0.007300326801867427, 0.006853510825332142]</SD>
		<WAVELENGTH_UNIT>E-6m</WAVELENGTH_UNIT>
		<COLOR>#3edfd2</COLOR>
		<COVARIANCE_MATRIX>[[5.329320629243739e-05, 7.658360846107826e-05, 8.730559056857601e-05, -1.6007063550205203e-06, 1.642048664507456e-05, 2.3466393031412736e-05], [7.658360846107826e-05, 0.00012040819274261594, 0.00013591726019512862, -1.1870549315062817e-05, 1.7093798305722885e-05, 3.027522143383976e-05], [8.730559056857601e-05, 0.00013591726019512862, 0.0001687531330389902, 2.2706869913236005e-06, 2.456865149724763e-05, 3.736960206879303e-05], [-1.6007063550205203e-06, -1.1870549315062817e-05, 2.2706869913236005e-06, 0.0001626025332370773, 7.833621930330992e-05, 4.3746298615587875e-05], [1.642048664507456e-05, 1.7093798305722885e-05, 2.456865149724763e-05, 7.833621930330992e-05, 6.046696216799319e-05, 3.640936847659759e-05], [2.3466393031412736e-05, 3.027522143383976e-05, 3.736960206879303e-05, 4.3746298615587875e-05, 3.640936847659759e-05, 4.271802754374221e-05]]</COVARIANCE_MATRIX>
		<ROI_SIZE>1083</ROI_SIZE>
		<MAX_VALUE>[0.14055241644382477, 0.15418048202991486, 0.1502029448747635, 0.11768575757741928, 0.07085933536291122, 0.062125060707330704]</MAX_VALUE>
		<MIN_VALUE>[0.10177429020404816, 0.10077448189258575, 0.08273021131753922, 0.0495586022734642, 0.016554003581404686, 0.0]</MIN_VALUE>
		<SIGNATURE_THRESHOLD_MD>0.0</SIGNATURE_THRESHOLD_MD>
		<SIGNATURE_THRESHOLD_ML>0.0</SIGNATURE_THRESHOLD_ML>
		<SIGNATURE_THRESHOLD_SAM>0.0</SIGNATURE_THRESHOLD_SAM>
	</signature>
	<signature ID="20200809_221236038234_255">
		<MACROCLASSID>1</MACROCLASSID>
		<MACROCLASSINFO>waterbody</MACROCLASSINFO>
		<CLASSID>14</CLASSID>
		<CLASSINFO>C 1</CLASSINFO>
		<VALUES>[0.10811005196886357, 0.005569523415353338, 0.10198328798453424, 0.007162856992662785, 0.07930144196656079, 0.006492687315774429, 0.06698960455742528, 0.009882960810265235, 0.034626918516744286, 0.006441635066548697, 0.02443688812091406, 0.004834835797313793]</VALUES>
		<LCS_MIN>[0.09272605925798416, 0.08390943706035614, 0.05937426537275314, 0.046314455568790436, 0.012376670725643635, 0.008133839815855026]</LCS_MIN>
		<LCS_MAX>[0.11987073719501495, 0.11763952672481537, 0.09051552414894104, 0.08848840743303299, 0.05623866990208626, 0.041128478944301605]</LCS_MAX>
		<WAVELENGTH>[0.485, 0.56, 0.66, 0.83, 1.65, 2.215]</WAVELENGTH>
		<MEAN_VALUE>[0.10811005196886357, 0.10198328798453424, 0.07930144196656079, 0.06698960455742528, 0.034626918516744286, 0.02443688812091406]</MEAN_VALUE>
		<CHECKBOX>2</CHECKBOX>
		<SD>[0.005569523415353338, 0.007162856992662785, 0.006492687315774429, 0.009882960810265235, 0.006441635066548697, 0.004834835797313793]</SD>
		<WAVELENGTH_UNIT>E-6m</WAVELENGTH_UNIT>
		<COLOR>#671f73</COLOR>
		<COVARIANCE_MATRIX>[[3.123430360574275e-05, 3.678407665574923e-05, 3.119193934253417e-05, -1.2898620298074093e-05, 6.620107797061792e-06, 1.1294890100543853e-05], [3.678407665574923e-05, 5.145315662957728e-05, 4.223350697429851e-05, -1.8351825929130428e-05, 7.915901733213104e-06, 1.4305315744422842e-05], [3.119193934253417e-05, 4.223350697429851e-05, 4.3088773963972926e-05, -8.928678653319366e-06, 1.02731401057099e-05, 1.558660005684942e-05], [-1.2898620298074093e-05, -1.8351825929130428e-05, -8.928678653319366e-06, 0.00011291259579593316, 4.037602775497362e-05, 2.218310874013696e-05], [6.620107797061792e-06, 7.915901733213104e-06, 1.02731401057099e-05, 4.037602775497362e-05, 4.56971101812087e-05, 2.4691504222573712e-05], [1.1294890100543853e-05, 1.4305315744422842e-05, 1.558660005684942e-05, 2.218310874013696e-05, 2.4691504222573712e-05, 2.697998752410058e-05]]</COVARIANCE_MATRIX>
		<ROI_SIZE>340</ROI_SIZE>
		<MAX_VALUE>[0.11987073719501495, 0.11763952672481537, 0.09051552414894104, 0.08848840743303299, 0.05623866990208626, 0.041128478944301605]</MAX_VALUE>
		<MIN_VALUE>[0.09272605925798416, 0.08390943706035614, 0.05937426537275314, 0.046314455568790436, 0.012376670725643635, 0.008133839815855026]</MIN_VALUE>
		<SIGNATURE_THRESHOLD_MD>0.0</SIGNATURE_THRESHOLD_MD>
		<SIGNATURE_THRESHOLD_ML>0.0</SIGNATURE_THRESHOLD_ML>
		<SIGNATURE_THRESHOLD_SAM>0.0</SIGNATURE_THRESHOLD_SAM>
	</signature>
	<signature ID="20200809_221300135482_513">
		<MACROCLASSID>1</MACROCLASSID>
		<MACROCLASSINFO>waterbody</MACROCLASSINFO>
		<CLASSID>15</CLASSID>
		<CLASSINFO>C 1</CLASSINFO>
		<VALUES>[0.09612540533953853, 0.006098076295964342, 0.08706890334656761, 0.011144237774304112, 0.056439683310572045, 0.005437864772098414, 0.04924739067724276, 0.007905017314675628, 0.01892196806147701, 0.004732238020223185, 0.011497502838795672, 0.003654085426231656]</VALUES>
		<LCS_MIN>[0.08367782831192017, 0.0698552206158638, 0.043803635984659195, 0.03333784639835358, 0.008199338801205158, 0.0]</LCS_MIN>
		<LCS_MAX>[0.11340772360563278, 0.11763952672481537, 0.07753999531269073, 0.07551180571317673, 0.04370666295289993, 0.029130427166819572]</LCS_MAX>
		<WAVELENGTH>[0.485, 0.56, 0.66, 0.83, 1.65, 2.215]</WAVELENGTH>
		<MEAN_VALUE>[0.09612540533953853, 0.08706890334656761, 0.056439683310572045, 0.04924739067724276, 0.01892196806147701, 0.011497502838795672]</MEAN_VALUE>
		<CHECKBOX>2</CHECKBOX>
		<SD>[0.006098076295964342, 0.011144237774304112, 0.005437864772098414, 0.007905017314675628, 0.004732238020223185, 0.003654085426231656]</SD>
		<WAVELENGTH_UNIT>E-6m</WAVELENGTH_UNIT>
		<COLOR>#dfe66f</COLOR>
		<COVARIANCE_MATRIX>[[3.7222602259134874e-05, 6.438941636588424e-05, 2.389114524703473e-05, -1.8220123820356093e-05, -2.904563700667495e-07, 2.5714971343404613e-06], [6.438941636588424e-05, 0.0001243144943146035, 4.778342190547846e-05, -2.823836803145241e-05, 2.214181051840569e-07, 4.298133717384189e-06], [2.389114524703473e-05, 4.778342190547846e-05, 2.959905395982787e-05, 2.3194820641947445e-06, 3.506916073092725e-06, 3.7714110021624947e-06], [-1.8220123820356093e-05, -2.823836803145241e-05, 2.3194820641947445e-06, 6.254990876186639e-05, 2.1735857444582507e-05, 1.0986335837515071e-05], [-2.904563700667495e-07, 2.214181051840569e-07, 3.506916073092725e-06, 2.1735857444582507e-05, 2.2415797502617352e-05, 1.1680731404339895e-05], [2.5714971343404613e-06, 4.298133717384189e-06, 3.7714110021624947e-06, 1.0986335837515071e-05, 1.1680731404339895e-05, 1.33652911245008e-05]]</COVARIANCE_MATRIX>
		<ROI_SIZE>1032</ROI_SIZE>
		<MAX_VALUE>[0.11340772360563278, 0.11763952672481537, 0.07753999531269073, 0.07551180571317673, 0.04370666295289993, 0.029130427166819572]</MAX_VALUE>
		<MIN_VALUE>[0.08367782831192017, 0.0698552206158638, 0.043803635984659195, 0.03333784639835358, 0.008199338801205158, 0.0]</MIN_VALUE>
		<SIGNATURE_THRESHOLD_MD>0.0</SIGNATURE_THRESHOLD_MD>
		<SIGNATURE_THRESHOLD_ML>0.0</SIGNATURE_THRESHOLD_ML>
		<SIGNATURE_THRESHOLD_SAM>0.0</SIGNATURE_THRESHOLD_SAM>
	</signature>
	<signature ID="20200809_221358612599_580">
		<MACROCLASSID>1</MACROCLASSID>
		<MACROCLASSINFO>waterbody</MACROCLASSINFO>
		<CLASSID>16</CLASSID>
		<CLASSINFO>C 1</CLASSINFO>
