<?xml version="1.0" ?>
<signaturelist MCID_LIST="[['1', 'Water Body', '#06c8d3'], ['4', 'Built up', '#ff0000'], ['2', 'Vegetation', '#00aa00'], ['5', 'Cloud', '#ffffff'], ['3', 'Barren', '#ffaa00']]">
	<signature ID="20190911_164043354974_767">
		<MACROCLASSID>1</MACROCLASSID>
		<MACROCLASSINFO>Waterbody</MACROCLASSINFO>
		<CLASSID>1</CLASSID>
		<CLASSINFO>C 1</CLASSINFO>
		<VALUES>[809.6926938092588, 40.15721804091724, 1151.8800892359195, 37.8447913398819, 1121.7144450641383, 41.76656636282907, 735.819854991632, 65.02048590968968, 239.5409927495817, 79.52941360286847, 145.0111544896822, 71.22735558366088]</VALUES>
		<LCS_MIN>[640.0, 1013.0, 884.0, 580.0, 84.0, 14.0]</LCS_MIN>
		<LCS_MAX>[930.0, 1281.0, 1280.0, 1173.0, 679.0, 578.0]</LCS_MAX>
		<WAVELENGTH>[0.485, 0.56, 0.66, 0.83, 1.65, 2.215]</WAVELENGTH>
		<MEAN_VALUE>[809.6926938092588, 1151.8800892359195, 1121.7144450641383, 735.819854991632, 239.5409927495817, 145.0111544896822]</MEAN_VALUE>
		<CHECKBOX>2</CHECKBOX>
		<SD>[40.15721804091724, 37.8447913398819, 41.76656636282907, 65.02048590968968, 79.52941360286847, 71.22735558366088]</SD>
		<WAVELENGTH_UNIT>E-6m</WAVELENGTH_UNIT>
		<COLOR>#0b1697</COLOR>
		<COVARIANCE_MATRIX>[[1453.9601626860233, 683.4150634286556, 563.5666336582773, 256.12751931634494, 326.5460257620567, 284.5872103570551], [683.4150634286556, 1260.2739069416953, 664.8554762437705, 69.15307815109148, 170.4201245904502, 144.5344186149771], [563.5666336582773, 664.8554762437705, 1652.1324807518527, 78.2193612569616, -11.869036004493761, 60.51324224924425], [256.12751931634494, 69.15307815109148, 78.2193612569616, 3886.5615142799406, 3592.4461312799863, 2764.770247986231], [326.5460257620567, 170.4201245904502, -11.869036004493761, 3592.4461312799863, 5672.599612224359, 4119.872829039711], [284.5872103570551, 144.5344186149771, 60.51324224924425, 2764.770247986231, 4119.872829039711, 4553.44555742842]]</COVARIANCE_MATRIX>
		<ROI_SIZE>17406</ROI_SIZE>
		<MAX_VALUE>[930.0, 1281.0, 1280.0, 1173.0, 679.0, 578.0]</MAX_VALUE>
		<MIN_VALUE>[640.0, 1013.0, 884.0, 580.0, 84.0, 14.0]</MIN_VALUE>
		<SIGNATURE_THRESHOLD_MD>0</SIGNATURE_THRESHOLD_MD>
		<SIGNATURE_THRESHOLD_ML>0</SIGNATURE_THRESHOLD_ML>
		<SIGNATURE_THRESHOLD_SAM>0</SIGNATURE_THRESHOLD_SAM>
	</signature>
	<signature ID="20190911_164053623835_128">
		<MACROCLASSID>1</MACROCLASSID>
		<MACROCLASSINFO>Waterbody</MACROCLASSINFO>
		<CLASSID>2</CLASSID>
		<CLASSINFO>C 1</CLASSINFO>
		<VALUES>[917.4750705550326, 46.92003053744443, 1204.2699905926615, 78.68030453925161, 1032.339604891816, 69.68021568417456, 737.8476011288813, 86.57021419777803, 301.9332079021637, 99.08927841432086, 179.04609595484482, 75.90343137776014]</VALUES>
		<LCS_MIN>[692.0, 882.0, 779.0, 625.0, 171.0, 16.0]</LCS_MIN>
		<LCS_MAX>[1002.0, 1327.0, 1277.0, 1130.0, 677.0, 536.0]</LCS_MAX>
		<WAVELENGTH>[0.485, 0.56, 0.66, 0.83, 1.65, 2.215]</WAVELENGTH>
		<MEAN_VALUE>[917.4750705550326, 1204.2699905926615, 1032.339604891816, 737.8476011288813, 301.9332079021637, 179.04609595484482]</MEAN_VALUE>
		<CHECKBOX>2</CHECKBOX>
		<SD>[46.92003053744443, 78.68030453925161, 69.68021568417456, 86.57021419777803, 99.08927841432086, 75.90343137776014]</SD>
		<WAVELENGTH_UNIT>E-6m</WAVELENGTH_UNIT>
		<COLOR>#cb7a96</COLOR>
		<COVARIANCE_MATRIX>[[2203.562231044924, 2823.538281309517, 2111.7904891992785, -1484.5301681450887, -539.3081638329496, -272.497437341993], [2823.538281309517, 6196.419503483902, 4288.98637796238, -1856.7177603804032, 10.7845285612792, 238.6937574961951], [2111.7904891992785, 4288.98637796238, 4859.904333930373, 216.55557061438276, 1538.7270357319392, 1199.0022216198686], [-1484.5301681450887, -1856.7177603804032, 216.55557061438276, 7501.458861942442, 6590.444613634793, 4478.421344204034], [-539.3081638329496, 10.7845285612792, 1538.7270357319392, 6590.444613634793, 9827.930562863514, 6343.491782309601], [-272.497437341993, 238.6937574961951, 1199.0022216198686, 4478.421344204034, 6343.491782309601, 5766.755876928633]]</COVARIANCE_MATRIX>
		<ROI_SIZE>1063</ROI_SIZE>
		<MAX_VALUE>[1002.0, 1327.0, 1277.0, 1130.0, 677.0, 536.0]</MAX_VALUE>
		<MIN_VALUE>[692.0, 882.0, 779.0, 625.0, 171.0, 16.0]</MIN_VALUE>
		<SIGNATURE_THRESHOLD_MD>0</SIGNATURE_THRESHOLD_MD>
		<SIGNATURE_THRESHOLD_ML>0</SIGNATURE_THRESHOLD_ML>
		<SIGNATURE_THRESHOLD_SAM>0</SIGNATURE_THRESHOLD_SAM>
	</signature>
	<signature ID="20190911_164108683339_432">
		<MACROCLASSID>1</MACROCLASSID>
		<MACROCLASSINFO>Waterbody</MACROCLASSINFO>
		<CLASSID>3</CLASSID>
		<CLASSINFO>C 1</CLASSINFO>
		<VALUES>[799.449339207048, 32.2224623680617, 1030.4603524229065, 42.9570727829357, 825.7577092511017, 61.18008637785509, 885.3414096916302, 125.06347358924032, 428.5770925110132, 124.37865662623, 268.69162995594706, 96.40592899713899]</VALUES>
		<LCS_MIN>[710.0, 835.0, 705.0, 707.0, 198.0, 96.0]</LCS_MIN>
		<LCS_MAX>[899.0, 1143.0, 1094.0, 1289.0, 785.0, 692.0]</LCS_MAX>
		<WAVELENGTH>[0.485, 0.56, 0.66, 0.83, 1.65, 2.215]</WAVELENGTH>
		<MEAN_VALUE>[799.449339207048, 1030.4603524229065, 825.7577092511017, 885.3414096916302, 428.5770925110132, 268.69162995594706]</MEAN_VALUE>
		<CHECKBOX>2</CHECKBOX>
		<SD>[32.2224623680617, 42.9570727829357, 61.18008637785509, 125.06347358924032, 124.37865662623, 96.40592899713899]</SD>
		<WAVELENGTH_UNIT>E-6m</WAVELENGTH_UNIT>
		<COLOR>#3c7f44</COLOR>
		<COVARIANCE_MATRIX>[[1149.5318794521572, 742.511787292389, 804.7941843331803, -567.2534500224259, -365.1104254459193, -16.27746886367541], [742.511787292389, 1899.663778431134, 1608.3445191882986, -579.2199841227341, -288.7314652959807, 214.7228423716645], [804.7941843331803, 1608.3445191882986, 3372.984255328947, 2122.114028527917, 2384.4483571037554, 2364.524417478295], [-567.2534500224259, -579.2199841227341, 2122.114028527917, 15918.054686607336, 11882.824939927317, 7930.041191784073], [-365.1104254459193, -288.7314652959807, 2384.4483571037554, 11882.824939927317, 14205.992034080713, 9518.544676340829], [-16.27746886367541, 214.7228423716645, 2364.524417478295, 7930.041191784073, 9518.544676340829, 8876.087573524015]]</COVARIANCE_MATRIX>
		<ROI_SIZE>1521</ROI_SIZE>
		<MAX_VALUE>[899.0, 1143.0, 1094.0, 1289.0, 785.0, 692.0]</MAX_VALUE>
		<MIN_VALUE>[710.0, 835.0, 705.0, 707.0, 198.0, 96.0]</MIN_VALUE>
		<SIGNATURE_THRESHOLD_MD>0</SIGNATURE_THRESHOLD_MD>
		<SIGNATURE_THRESHOLD_ML>0</SIGNATURE_THRESHOLD_ML>
		<SIGNATURE_THRESHOLD_SAM>0</SIGNATURE_THRESHOLD_SAM>
	</signature>
	<signature ID="20190911_164120080022_432">
		<MACROCLASSID>1</MACROCLASSID>
		<MACROCLASSINFO>Waterbody</MACROCLASSINFO>
		<CLASSID>4</CLASSID>
		<CLASSINFO>C 1</CLASSINFO>
		<VALUES>[626.9565957446815, 28.56051114601558, 714.8536170212774, 37.822101184109194, 627.5991489361706, 40.68705894056656, 743.5191489361713, 117.55236884279395, 346.8212765957451, 97.33491410975442, 202.69446808510602, 70.86127480697947]</VALUES>
		<LCS_MIN>[525.0, 605.0, 556.0, 618.0, 168.0, 56.0]</LCS_MIN>
		<LCS_MAX>[724.0, 874.0, 807.0, 1204.0, 756.0, 573.0]</LCS_MAX>
		<WAVELENGTH>[0.485, 0.56, 0.66, 0.83, 1.65, 2.215]</WAVELENGTH>
		<MEAN_VALUE>[626.9565957446815, 714.8536170212774, 627.5991489361706, 743.5191489361713, 346.8212765957451, 202.69446808510602]</MEAN_VALUE>
		<CHECKBOX>2</CHECKBOX>
		<SD>[28.56051114601558, 37.822101184109194, 40.68705894056656, 117.55236884279395, 97.33491410975442, 70.86127480697947]</SD>
		<WAVELENGTH_UNIT>E-6m</WAVELENGTH_UNIT>
		<COLOR>#e2df62</COLOR>
		<COVARIANCE_MATRIX>[[816.3976033926566, 339.46638370364997, 403.93318279024237, 961.3905252093228, 680.697517126391, 451.3163695675812], [339.46638370364997, 1431.7298314545646, 887.8884613432892, 1815.0573199463558, 1460.2847185472472, 969.1102627858935], [403.93318279024237, 887.8884613432892, 1656.846847656676, 3481.003849360252, 2627.320972126572, 1663.7530617275], [961.3905252093228, 1815.0573199463558, 3481.003849360252, 13830.329914096197, 9070.412283881262, 5548.299296821197], [680.697517126391, 1460.2847185472472, 2627.320972126572, 9070.412283881262, 9482.155424263297, 5635.351651020335], [451.3163695675812, 969.1102627858935, 1663.7530617275, 5548.299296821197, 5635.351651020335, 5025.5973714161455]]</COVARIANCE_MATRIX>
		<ROI_SIZE>1175</ROI_SIZE>
		<MAX_VALUE>[724.0, 874.0, 807.0, 1204.0, 756.0, 573.0]</MAX_VALUE>
		<MIN_VALUE>[525.0, 605.0, 556.0, 618.0, 168.0, 56.0]</MIN_VALUE>
		<SIGNATURE_THRESHOLD_MD>0</SIGNATURE_THRESHOLD_MD>
		<SIGNATURE_THRESHOLD_ML>0</SIGNATURE_THRESHOLD_ML>
		<SIGNATURE_THRESHOLD_SAM>0</SIGNATURE_THRESHOLD_SAM>
	</signature>
	<signature ID="20190911_164126325157_935">
		<MACROCLASSID>1</MACROCLASSID>
		<MACROCLASSINFO>Waterbody</MACROCLASSINFO>
		<CLASSID>5</CLASSID>
		<CLASSINFO>C 1</CLASSINFO>
		<VALUES>[849.3158218756416, 51.10243883716679, 1211.0041042479002, 52.649852425022004, 1163.7016211779214, 58.745197125776286, 716.7568233121289, 84.21182095863932, 253.2534373076139, 78.3544253155813, 159.1264108352148, 66.85348834844538]</VALUES>
		<LCS_MIN>[648.0, 955.0, 908.0, 533.0, 56.0, 15.0]</LCS_MIN>
		<LCS_MAX>[1027.0, 1441.0, 1438.0, 1201.0, 671.0, 571.0]</LCS_MAX>
		<WAVELENGTH>[0.485, 0.56, 0.66, 0.83, 1.65, 2.215]</WAVELENGTH>
		<MEAN_VALUE>[849.3158218756416, 1211.0041042479002, 1163.7016211779214, 716.7568233121289, 253.2534373076139, 159.1264108352148]</MEAN_VALUE>
		<CHECKBOX>2</CHECKBOX>
		<SD>[51.10243883716679, 52.649852425022004, 58.745197125776286, 84.21182095863932, 78.3544253155813, 66.85348834844538]</SD>
		<WAVELENGTH_UNIT>E-6m</WAVELENGTH_UNIT>
		<COLOR>#eb6d2d</COLOR>
		<COVARIANCE_MATRIX>[[2478.132670884052, 1853.8505187350563, 1843.9969452499506, 1555.4519330629578, 638.1865245338804, 418.8293416737885], [1853.8505187350563, 3214.2100601328634, 2829.465552602805, 1040.1852605445263, 217.49876760728267, 129.23894675257145], [1843.9969452499506, 2829.465552602805, 4044.524613113102, 1041.698278905898, 188.08453027552244, 204.49900210353664], [1555.4519330629578, 1040.1852605445263, 1041.698278905898, 6288.481269628377, 4471.430038764323, 3238.3350507528817], [638.1865245338804, 217.49876760728267, 188.08453027552244, 4471.430038764323, 5278.874995181605, 3614.2770793650716], [418.8293416737885, 129.23894675257145, 204.49900210353664, 3238.3350507528817, 3614.2770793650716, 4064.4742445061897]]</COVARIANCE_MATRIX>
		<ROI_SIZE>22876</ROI_SIZE>
		<MAX_VALUE>[1027.0, 1441.0, 1438.0, 1201.0, 671.0, 571.0]</MAX_VALUE>
		<MIN_VALUE>[648.0, 955.0, 908.0, 533.0, 56.0, 15.0]</MIN_VALUE>
		<SIGNATURE_THRESHOLD_MD>0</SIGNATURE_THRESHOLD_MD>
		<SIGNATURE_THRESHOLD_ML>0</SIGNATURE_THRESHOLD_ML>
		<SIGNATURE_THRESHOLD_SAM>0</SIGNATURE_THRESHOLD_SAM>
	</signature>
	<signature ID="20190911_164140896771_426">
		<MACROCLASSID>1</MACROCLASSID>
		<MACROCLASSINFO>Waterbody</MACROCLASSINFO>
		<CLASSID>6</CLASSID>
		<CLASSINFO>C 1</CLASSINFO>
		<VALUES>[479.1605058365762, 35.416820628081744, 567.4046692607, 52.74538408619603, 476.96498054474705, 61.533062980690445, 745.2616731517505, 160.2264056879852, 268.88715953307405, 91.91942054883134, 142.17412451361875, 60.83140197830379]</VALUES>
		<LCS_MIN>[369.5, 468.0, 378.5, 574.5, 85.0, 16.5]</LCS_MIN>
		<LCS_MAX>[632.5, 756.5, 731.5, 1071.5, 556.0, 430.0]</LCS_MAX>
		<WAVELENGTH>[0.485, 0.56, 0.66, 0.83, 1.65, 2.215]</WAVELENGTH>
		<MEAN_VALUE>[479.1605058365762, 567.4046692607, 476.96498054474705, 745.2616731517505, 268.88715953307405, 142.17412451361875]</MEAN_VALUE>
		<CHECKBOX>2</CHECKBOX>
		<SD>[35.416820628081744, 52.74538408619603, 61.533062980690445, 160.2264056879852, 91.91942054883134, 60.83140197830379]</SD>
		<WAVELENGTH_UNIT>E-6m</WAVELENGTH_UNIT>
		<COLOR>#709cc1</COLOR>
		<COVARIANCE_MATRIX>[[1256.7963124141959, 1141.8228358401407, 1374.1318501073265, 1818.5851110428466, 1126.1687316540376, 709.5304770519032], [1141.8228358401407, 2787.498691605797, 2697.4177076933574, 4095.876845973559, 2333.659299838442, 1577.9342731016907], [1374.1318501073265, 2697.4177076933574, 3793.698576315412, 5958.229941748016, 3294.8196274300103, 2101.6537704507714], [1818.5851110428466, 4095.876845973559, 5958.229941748016, 25722.54494144462, 12108.66116382612, 6088.736511214266], [1126.1687316540376, 2333.659299838442, 3294.8196274300103, 12108.66116382612, 8465.6500102396, 4448.889082303684], [709.5304770519032, 1577.9342731016907, 2101.6537704507714, 6088.736511214266, 4448.889082303684, 3707.672837925989]]</COVARIANCE_MATRIX>
		<ROI_SIZE>514</ROI_SIZE>
		<MAX_VALUE>[632.5, 756.5, 731.5, 1071.5, 556.0, 430.0]</MAX_VALUE>
		<MIN_VALUE>[369.5, 468.0, 378.5, 574.5, 85.0, 16.5]</MIN_VALUE>
		<SIGNATURE_THRESHOLD_MD>0</SIGNATURE_THRESHOLD_MD>
		<SIGNATURE_THRESHOLD_ML>0</SIGNATURE_THRESHOLD_ML>
		<SIGNATURE_THRESHOLD_SAM>0</SIGNATURE_THRESHOLD_SAM>
	</signature>
	<signature ID="20190911_164146782883_330">
		<MACROCLASSID>1</MACROCLASSID>
		<MACROCLASSINFO>Waterbody</MACROCLASSINFO>
		<CLASSID>7</CLASSID>
		<CLASSINFO>C 1</CLASSINFO>
		<VALUES>[826.4639948564073, 34.8154954118845, 1190.7753964852097, 45.751620789525624, 1114.2843977711132, 62.630419612309176, 672.6558079725668, 71.62254047605629, 267.65537933990504, 73.63489309952523, 173.31697385340752, 63.04314393617798]</VALUES>
		<LCS_MIN>[704.0, 964.0, 805.0, 549.0, 121.0, 17.0]</LCS_MIN>
		<LCS_MAX>[1079.0, 1384.0, 1322.0, 1152.0, 747.0, 564.0]</LCS_MAX>
		<WAVELENGTH>[0.485, 0.56, 0.66, 0.83, 1.65, 2.215]</WAVELENGTH>
		<MEAN_VALUE>[826.4639948564073, 1190.7753964852097, 1114.2843977711132, 672.6558079725668, 267.65537933990504, 173.31697385340752]</MEAN_VALUE>
		<CHECKBOX>2</CHECKBOX>
		<SD>[34.8154954118845, 45.751620789525624, 62.630419612309176, 71.62254047605629, 73.63489309952523, 63.04314393617798]</SD>
		<WAVELENGTH_UNIT>E-6m</WAVELENGTH_UNIT>
		<COLOR>#4c4148</COLOR>
		<COVARIANCE_MATRIX>[[1291.5990957390084, 1150.7867939341368, 1352.9914950683983, 30.182939395338853, -72.40913952466357, 51.30907471209548], [1150.7867939341368, 2935.905240417233, 3000.575189382129, -41.326190345116046, -374.99010339336024, -99.85904390686377], [1352.9914950683983, 3000.575189382129, 5062.692391717783, 571.134729870025, -238.8152076096045, 117.25923779285357], [30.182939395338853, -41.326190345116046, 571.134729870025, 4823.312433692157, 3643.0974633159503, 2535.569365891581], [-72.40913952466357, -374.99010339336024, -238.8152076096045, 3643.0974633159503, 4748.2582597079645, 3111.577776088248], [51.30907471209548, -99.85904390686377, 117.25923779285357, 2535.569365891581, 3111.577776088248, 3527.2139416766654]]</COVARIANCE_MATRIX>
		<ROI_SIZE>20234</ROI_SIZE>
		<MAX_VALUE>[1079.0, 1384.0, 1322.0, 1152.0, 747.0, 564.0]</MAX_VALUE>
		<MIN_VALUE>[704.0, 964.0, 805.0, 549.0, 121.0, 17.0]</MIN_VALUE>
		<SIGNATURE_THRESHOLD_MD>0</SIGNATURE_THRESHOLD_MD>
		<SIGNATURE_THRESHOLD_ML>0</SIGNATURE_THRESHOLD_ML>
		<SIGNATURE_THRESHOLD_SAM>0</SIGNATURE_THRESHOLD_SAM>
	</signature>
	<signature ID="20190911_164201905254_549">
		<MACROCLASSID>2</MACROCLASSID>
		<MACROCLASSINFO>Vegetation</MACROCLASSINFO>
		<CLASSID>8</CLASSID>
		<CLASSINFO>C 1</CLASSINFO>
		<VALUES>[449.9197343895618, 39.30813835618743, 600.5987884436181, 50.94471930801813, 484.7179636533095, 62.1545239120307, 2467.5963420316943, 166.24222501952627, 1196.4148998136088, 152.78339959875694, 489.7840167753952, 96.44520731176267]</VALUES>
		<LCS_MIN>[326.0, 421.5, 370.0, 1813.5, 807.0, 253.0]</LCS_MIN>
		<LCS_MAX>[612.0, 821.0, 871.0, 2805.0, 1528.0, 887.0]</LCS_MAX>
		<WAVELENGTH>[0.485, 0.56, 0.66, 0.83, 1.65, 2.215]</WAVELENGTH>
		<MEAN_VALUE>[449.9197343895618, 600.5987884436181, 484.7179636533095, 2467.5963420316943, 1196.4148998136088, 489.7840167753952]</MEAN_VALUE>
		<CHECKBOX>2</CHECKBOX>
		<SD>[39.30813835618743, 50.94471930801813, 62.1545239120307, 166.24222501952627, 152.78339959875694, 96.44520731176267]</SD>
		<WAVELENGTH_UNIT>E-6m</WAVELENGTH_UNIT>
		<COLOR>#56181d</COLOR>
		<COVARIANCE_MATRIX>[[1577.2231161129641, 1330.6550191315355, 1683.3215830136457, 1304.8918167344593, 3724.8067643070635, 2303.6796202268206], [1330.6550191315355, 2597.2814530596606, 2538.1065034658645, 3085.9214704691253, 5840.8457315020605, 3480.63260638058], [1683.3215830136457, 2538.1065034658645, 3686.977146677855, 2729.0353887720303, 7453.484390509733, 4624.767361795812], [1304.8918167344593, 3085.9214704691253, 2729.0353887720303, 26673.22764888895, 11212.458240541371, 4238.040628264687], [3724.8067643070635, 5840.8457315020605, 7453.484390509733, 11212.458240541371, 22830.01444470312, 12721.376467578239], [2303.6796202268206, 3480.63260638058, 4624.767361795812, 4238.040628264687, 12721.376467578239, 8896.059520099012]]</COVARIANCE_MATRIX>
		<ROI_SIZE>51297</ROI_SIZE>
		<MAX_VALUE>[612.0, 821.0, 871.0, 2805.0, 1528.0, 887.0]</MAX_VALUE>
		<MIN_VALUE>[326.0, 421.5, 370.0, 1813.5, 807.0, 253.0]</MIN_VALUE>
		<SIGNATURE_THRESHOLD_MD>0</SIGNATURE_THRESHOLD_MD>
		<SIGNATURE_THRESHOLD_ML>0</SIGNATURE_THRESHOLD_ML>
		<SIGNATURE_THRESHOLD_SAM>0</SIGNATURE_THRESHOLD_SAM>
	</signature>
	<signature ID="20190911_164209065704_862">
		<MACROCLASSID>2</MACROCLASSID>
		<MACROCLASSINFO>Vegetation</MACROCLASSINFO>
		<CLASSID>9</CLASSID>
		<CLASSINFO>C 1</CLASSINFO>
		<VALUES>[480.4197530864194, 51.57064251130787, 646.0850480109742, 60.26976461907092, 587.8097850937367, 87.44516047677462, 2317.1746684956515, 154.32675635139188, 1508.8815729309536, 213.11108571534487, 712.1966163694549, 152.59299630619185]</VALUES>
		<LCS_MIN>[324.0, 479.0, 386.0, 1966.0, 858.0, 331.0]</LCS_MIN>
		<LCS_MAX>[816.0, 1043.0, 944.0, 2901.0, 1852.0, 1037.0]</LCS_MAX>
		<WAVELENGTH>[0.485, 0.56, 0.66, 0.83, 1.65, 2.215]</WAVELENGTH>
		<MEAN_VALUE>[480.4197530864194, 646.0850480109742, 587.8097850937367, 2317.1746684956515, 1508.8815729309536, 712.1966163694549]</MEAN_VALUE>
		<CHECKBOX>2</CHECKBOX>
		<SD>[51.57064251130787, 60.26976461907092, 87.44516047677462, 154.32675635139188, 213.11108571534487, 152.59299630619185]</SD>
		<WAVELENGTH_UNIT>E-6m</WAVELENGTH_UNIT>
		<COLOR>#65c31c</COLOR>
		<COVARIANCE_MATRIX>[[2602.6921820859857, 2347.043120602094, 3536.2122672283867, -285.65681341701855, 7565.60403184025, 5314.436037091753], [2347.043120602094, 3473.3994239011854, 4390.539067116861, 543.1773666407876, 9901.615014507277, 6891.3328442754655], [3536.2122672283867, 4390.539067116861, 7496.875239070503, -1319.10251651867, 16368.76069517301, 11669.008444416937], [-285.65681341701855, 543.1773666407876, -1319.10251651867, 26419.701221026764, 2967.860105930744, -2084.469759350422], [7565.60403184025, 9901.615014507277, 16368.76069517301, 2967.860105930744, 47066.174077213036, 31310.479932988714], [5314.436037091753, 6891.3328442754655, 11669.008444416937, -2084.469759350422, 31310.479932988714, 23362.04260422147]]</COVARIANCE_MATRIX>
		<ROI_SIZE>6803</ROI_SIZE>
		<MAX_VALUE>[816.0, 1043.0, 944.0, 2901.0, 1852.0, 1037.0]</MAX_VALUE>
		<MIN_VALUE>[324.0, 479.0, 386.0, 1966.0, 858.0, 331.0]</MIN_VALUE>
		<SIGNATURE_THRESHOLD_MD>0</SIGNATURE_THRESHOLD_MD>
		<SIGNATURE_THRESHOLD_ML>0</SIGNATURE_THRESHOLD_ML>
		<SIGNATURE_THRESHOLD_SAM>0</SIGNATURE_THRESHOLD_SAM>
	</signature>
	<signature ID="20190911_164221301133_693">
		<MACROCLASSID>2</MACROCLASSID>
		<MACROCLASSINFO>Vegetation</MACROCLASSINFO>
		<CLASSID>10</CLASSID>
		<CLASSINFO>C 1</CLASSINFO>
		<VALUES>[439.29319105691036, 38.05284775060831, 613.231961382115, 45.76237454057627, 560.3628048780492, 66.70608828348331, 2217.6056910568996, 185.27877125393573, 1509.4756097560978, 186.16220830078515, 724.3188516260169, 128.13576034649918]</VALUES>
		<LCS_MIN>[290.0, 479.0, 355.0, 1912.0, 937.0, 330.0]</LCS_MIN>
		<LCS_MAX>[665.0, 826.0, 873.0, 2845.0, 1843.0, 1032.0]</LCS_MAX>
		<WAVELENGTH>[0.485, 0.56, 0.66, 0.83, 1.65, 2.215]</WAVELENGTH>
		<MEAN_VALUE>[439.29319105691036, 613.231961382115, 560.3628048780492, 2217.6056910568996, 1509.4756097560978, 724.3188516260169]</MEAN_VALUE>
		<CHECKBOX>2</CHECKBOX>
		<SD>[38.05284775060831, 45.76237454057627, 66.70608828348331, 185.27877125393573, 186.16220830078515, 128.13576034649918]</SD>
		<WAVELENGTH_UNIT>E-6m</WAVELENGTH_UNIT>
		<COLOR>#72264b</COLOR>
		<COVARIANCE_MATRIX>[[1500.0255240667766, 1104.7939247162637, 1797.3668558137226, -473.16166297665933, 3999.1163773307126, 2767.001018124299], [1104.7939247162637, 2096.2058052504276, 2363.451492031536, 1056.3205581047785, 5590.136668306875, 3674.7175388597416], [1797.3668558137226, 2363.451492031536, 4621.328167426371, -2050.5691842937717, 10128.205376285485, 7226.003242273243], [-473.16166297665933, 1056.3205581047785, -2050.5691842937717, 36513.510581702074, -1215.2988572377583, -5839.2413948459825], [3999.1163773307126, 5590.136668306875, 10128.205376285485, -1215.2988572377583, 34917.997734487115, 22566.935312638256], [2767.001018124299, 3674.7175388597416, 7226.003242273243, -5839.2413948459825, 22566.935312638256, 17255.914281327372]]</COVARIANCE_MATRIX>
		<ROI_SIZE>30762</ROI_SIZE>
		<MAX_VALUE>[665.0, 826.0, 873.0, 2845.0, 1843.0, 1032.0]</MAX_VALUE>
		<MIN_VALUE>[290.0, 479.0, 355.0, 1912.0, 937.0, 330.0]</MIN_VALUE>
		<SIGNATURE_THRESHOLD_MD>0</SIGNATURE_THRESHOLD_MD>
		<SIGNATURE_THRESHOLD_ML>0</SIGNATURE_THRESHOLD_ML>
		<SIGNATURE_THRESHOLD_SAM>0</SIGNATURE_THRESHOLD_SAM>
	</signature>
	<signature ID="20190911_164240991853_902">
		<MACROCLASSID>2</MACROCLASSID>
		<MACROCLASSINFO>Vegetation</MACROCLASSINFO>
		<CLASSID>11</CLASSID>
		<CLASSINFO>C 1</CLASSINFO>
		<VALUES>[457.7343370568223, 46.82832504378128, 599.3235794074758, 44.093875667754794, 502.86146187469814, 59.161753114395474, 2232.1670713938897, 252.17275644000102, 1314.667314230208, 154.84086225138572, 592.7975959203511, 98.84615377752395]</VALUES>
		<LCS_MIN>[323.0, 425.0, 372.0, 1714.0, 731.0, 295.0]</LCS_MIN>
		<LCS_MAX>[687.0, 798.0, 744.0, 2714.0, 1577.0, 817.0]</LCS_MAX>
		<WAVELENGTH>[0.485, 0.56, 0.66, 0.83, 1.65, 2.215]</WAVELENGTH>
		<MEAN_VALUE>[457.7343370568223, 599.3235794074758, 502.86146187469814, 2232.1670713938897, 1314.667314230208, 592.7975959203511]</MEAN_VALUE>
		<CHECKBOX>2</CHECKBOX>
		<SD>[46.82832504378128, 44.093875667754794, 59.161753114395474, 252.17275644000102, 154.84086225138572, 98.84615377752395]</SD>
		<WAVELENGTH_UNIT>E-6m</WAVELENGTH_UNIT>
		<COLOR>#eedd61</COLOR>
		<COVARIANCE_MATRIX>[[2070.34144786385, 1254.253933796139, 1836.073921221601, -2360.9271673535322, 2766.0008488488825, 2148.557350804332], [1254.253933796139, 1975.9884635307706, 1878.1922543785454, 806.4937411365569, 4213.08916788947, 2693.902243966484], [1836.073921221601, 1878.1922543785454, 3444.3919510081923, -2696.6392188286977, 5917.681617157954, 4319.323099397041], [-2360.9271673535322, 806.4937411365569, -2696.6392188286977, 62573.10096831253, 14537.783024760334, 1419.755077986971], [2766.0008488488825, 4213.08916788947, 5917.681617157954, 14537.783024760334, 26122.862733733924, 14350.236398417743], [2148.557350804332, 2693.902243966484, 4319.323099397041, 1419.755077986971, 14350.236398417743, 10336.129752212613]]</COVARIANCE_MATRIX>
		<ROI_SIZE>65754</ROI_SIZE>
		<MAX_VALUE>[687.0, 798.0, 744.0, 2714.0, 1577.0, 817.0]</MAX_VALUE>
		<MIN_VALUE>[323.0, 425.0, 372.0, 1714.0, 731.0, 295.0]</MIN_VALUE>
		<SIGNATURE_THRESHOLD_MD>0</SIGNATURE_THRESHOLD_MD>
		<SIGNATURE_THRESHOLD_ML>0</SIGNATURE_THRESHOLD_ML>
		<SIGNATURE_THRESHOLD_SAM>0</SIGNATURE_THRESHOLD_SAM>
	</signature>
	<signature ID="20190911_164313606797_544">
		<MACROCLASSID>2</MACROCLASSID>
		<MACROCLASSINFO>Vegetation</MACROCLASSINFO>
		<CLASSID>12</CLASSID>
		<CLASSINFO>C 1</CLASSINFO>
		<VALUES>[457.340549102429, 39.00528519835392, 608.8805438225965, 45.434036819443946, 502.0335269271388, 61.069303297118196, 2512.2604276663083, 213.4340621552607, 1424.267423442447, 192.08857905066452, 622.0081837381199, 117.52285466725384]</VALUES>
		<LCS_MIN>[321.0, 418.0, 336.0, 1974.0, 798.0, 258.0]</LCS_MIN>
		<LCS_MAX>[628.0, 843.0, 819.0, 2972.0, 1758.0, 1029.0]</LCS_MAX>
		<WAVELENGTH>[0.485, 0.56, 0.66, 0.83, 1.65, 2.215]</WAVELENGTH>
		<MEAN_VALUE>[457.340549102429, 608.8805438225965, 502.0335269271388, 2512.2604276663083, 1424.267423442447, 622.0081837381199]</MEAN_VALUE>
		<CHECKBOX>2</CHECKBOX>
		<SD>[39.00528519835392, 45.434036819443946, 61.069303297118196, 213.4340621552607, 192.08857905066452, 117.52285466725384]</SD>
		<WAVELENGTH_UNIT>E-6m</WAVELENGTH_UNIT>
		<COLOR>#c4454e</COLOR>
		<COVARIANCE_MATRIX>[[1480.4522813804774, 921.0165422043713, 1394.8937957505973, 165.32495519963746, 3265.557991978459, 2157.9201817761264], [921.0165422043713, 1964.681338691585, 1958.270398635967, 2058.2209655414154, 5397.901257363654, 3342.587955450976], [1394.8937957505973, 1958.270398635967, 3620.817656047499, 310.8218087807658, 7923.297217262135, 5295.541345972377], [165.32495519963746, 2058.2209655414154, 310.8218087807658, 45256.54633252351, 15826.301435427878, 4156.59908110379], [3265.557991978459, 5397.901257363654, 7923.297217262135, 15826.301435427878, 36086.5987814979, 20036.553778349313], [2157.9201817761264, 3342.587955450976, 5295.541345972377, 4156.59908110379, 20036.553778349313, 13719.730829306418]]</COVARIANCE_MATRIX>
		<ROI_SIZE>80223</ROI_SIZE>
		<MAX_VALUE>[628.0, 843.0, 819.0, 2972.0, 1758.0, 1029.0]</MAX_VALUE>
		<MIN_VALUE>[321.0, 418.0, 336.0, 1974.0, 798.0, 258.0]</MIN_VALUE>
		<SIGNATURE_THRESHOLD_MD>0</SIGNATURE_THRESHOLD_MD>
		<SIGNATURE_THRESHOLD_ML>0</SIGNATURE_THRESHOLD_ML>
		<SIGNATURE_THRESHOLD_SAM>0</SIGNATURE_THRESHOLD_SAM>
	</signature>
	<signature ID="20190911_164343745635_508">
		<MACROCLASSID>3</MACROCLASSID>
		<MACROCLASSINFO>Barren</MACROCLASSINFO>
		<CLASSID>13</CLASSID>
		<CLASSINFO>C 1</CLASSINFO>
		<VALUES>[509.300653594771, 55.30449563650147, 650.5641998734972, 86.47620072254577, 650.8882563778205, 120.00362350973839, 1575.6344086021468, 393.0224916067997, 2093.7309719586688, 468.7982025750035, 1429.5395319418035, 395.6494694886809]</VALUES>
		<LCS_MIN>[318.0, 366.0, 397.0, 705.0, 1337.0, 824.0]</LCS_MIN>
		<LCS_MAX>[755.0, 1055.0, 1286.0, 2573.0, 3317.0, 2783.0]</LCS_MAX>
		<WAVELENGTH>[0.485, 0.56, 0.66, 0.83, 1.65, 2.215]</WAVELENGTH>
		<MEAN_VALUE>[509.300653594771, 650.5641998734972, 650.8882563778205, 1575.6344086021468, 2093.7309719586688, 1429.5395319418035]</MEAN_VALUE>
		<CHECKBOX>2</CHECKBOX>
		<SD>[55.30449563650147, 86.47620072254577, 120.00362350973839, 393.0224916067997, 468.7982025750035, 395.6494694886809]</SD>
		<WAVELENGTH_UNIT>E-6m</WAVELENGTH_UNIT>
		<COLOR>#906584</COLOR>
		<COVARIANCE_MATRIX>[[2985.794025429232, 3342.752426143187, 4602.180265710323, 7855.979548897787, 15282.217123198872, 11199.694300057552], [3342.752426143187, 6509.765233000114, 8086.734044532548, 20510.55858434936, 21697.631712331837, 12760.402939551308], [4602.180265710323, 8086.734044532548, 12370.238804260254, 24561.28202789038, 32379.89689739623, 20326.685589948116], [7855.979548897787, 20510.55858434936, 24561.28202789038, 150890.9496145844, 43077.881361666, -11933.310694432193], [15282.217123198872, 21697.631712331837, 32379.89689739623, 43077.881361666, 206359.49375246326, 165648.61590594507], [11199.694300057552, 12760.402939551308, 20326.685589948116, -11933.310694432193, 165648.61590594507, 155351.59744987125]]</COVARIANCE_MATRIX>
		<ROI_SIZE>52875</ROI_SIZE>
		<MAX_VALUE>[755.0, 1055.0, 1286.0, 2573.0, 3317.0, 2783.0]</MAX_VALUE>
		<MIN_VALUE>[318.0, 366.0, 397.0, 705.0, 1337.0, 824.0]</MIN_VALUE>
		<SIGNATURE_THRESHOLD_MD>0</SIGNATURE_THRESHOLD_MD>
		<SIGNATURE_THRESHOLD_ML>0</SIGNATURE_THRESHOLD_ML>
		<SIGNATURE_THRESHOLD_SAM>0</SIGNATURE_THRESHOLD_SAM>
	</signature>
	<signature ID="20190911_164430704840_541">
		<MACROCLASSID>3</MACROCLASSID>
		<MACROCLASSINFO>Barren</MACROCLASSINFO>
		<CLASSID>14</CLASSID>
		<CLASSINFO>C 1</CLASSINFO>
		<VALUES>[853.3460669077751, 54.78039994198494, 1154.0149186256774, 76.40328693734719, 1399.5266726943928, 111.50093137390064, 2400.7642405063266, 148.22231657799276, 3653.0334538878847, 239.1625236412935, 2481.159358047015, 202.51455903536313]</VALUES>
		<LCS_MIN>[677.0, 930.0, 1069.0, 1933.0, 3096.0, 2057.0]</LCS_MIN>
		<LCS_MAX>[1074.0, 1601.0, 1925.0, 2881.0, 4096.0, 3026.0]</LCS_MAX>
		<WAVELENGTH>[0.485, 0.56, 0.66, 0.83, 1.65, 2.215]</WAVELENGTH>
		<MEAN_VALUE>[853.3460669077751, 1154.0149186256774, 1399.5266726943928, 2400.7642405063266, 3653.0334538878847, 2481.159358047015]</MEAN_VALUE>
		<CHECKBOX>2</CHECKBOX>
		<SD>[54.78039994198494, 76.40328693734719, 111.50093137390064, 148.22231657799276, 239.1625236412935, 202.51455903536313]</SD>
		<WAVELENGTH_UNIT>E-6m</WAVELENGTH_UNIT>
		<COLOR>#ca1418</COLOR>
		<COVARIANCE_MATRIX>[[3033.609972692342, 3269.5139210678917, 4663.272857494195, 4715.848928540744, 8142.647524001715, 7022.918170489079], [3269.5139210678917, 5835.200357894361, 7651.885113698642, 7743.301981318139, 10670.064167553448, 10560.664782125306], [4663.272857494195, 7651.885113698642, 12485.526320270452, 11170.929083828025, 16599.033011302916, 16699.570865339985], [4715.848928540744, 7743.301981318139, 11170.929083828025, 20766.409353409294, 17504.462730011765, 13801.5326832854], [8142.647524001715, 10670.064167553448, 16599.033011302916, 17504.462730011765, 58029.96892798765, 41196.9099583757], [7022.918170489079, 10560.664782125306, 16699.570865339985, 13801.5326832854, 41196.9099583757, 41274.16207266006]]</COVARIANCE_MATRIX>
		<ROI_SIZE>26400</ROI_SIZE>
		<MAX_VALUE>[1074.0, 1601.0, 1925.0, 2881.0, 4096.0, 3026.0]</MAX_VALUE>
		<MIN_VALUE>[677.0, 930.0, 1069.0, 1933.0, 3096.0, 2057.0]</MIN_VALUE>
		<SIGNATURE_THRESHOLD_MD>0</SIGNATURE_THRESHOLD_MD>
		<SIGNATURE_THRESHOLD_ML>0</SIGNATURE_THRESHOLD_ML>
		<SIGNATURE_THRESHOLD_SAM>0</SIGNATURE_THRESHOLD_SAM>
	</signature>
	<signature ID="20190911_164439301322_980">
		<MACROCLASSID>3</MACROCLASSID>
		<MACROCLASSINFO>Barren</MACROCLASSINFO>
		<CLASSID>15</CLASSID>
		<CLASSINFO>C 1</CLASSINFO>
		<VALUES>[890.2537174721189, 50.17990621791878, 1191.2123605947963, 70.54037953267212, 1438.8215613382874, 106.91730962031826, 2457.269516728626, 129.6210513451077, 3673.9916356877316, 230.29175354666816, 2504.458643122674, 204.38820477814696]</VALUES>
		<LCS_MIN>[748.0, 981.0, 1142.0, 2054.0, 3179.0, 1938.0]</LCS_MIN>
		<LCS_MAX>[1056.0, 1423.0, 1816.0, 2839.0, 4137.0, 2901.0]</LCS_MAX>
		<WAVELENGTH>[0.485, 0.56, 0.66, 0.83, 1.65, 2.215]</WAVELENGTH>
		<MEAN_VALUE>[890.2537174721189, 1191.2123605947963, 1438.8215613382874, 2457.269516728626, 3673.9916356877316, 2504.458643122674]</MEAN_VALUE>
		<CHECKBOX>2</CHECKBOX>
		<SD>[50.17990621791878, 70.54037953267212, 106.91730962031826, 129.6210513451077, 230.29175354666816, 204.38820477814696]</SD>
		<WAVELENGTH_UNIT>E-6m</WAVELENGTH_UNIT>
		<COLOR>#4650fe</COLOR>
		<COVARIANCE_MATRIX>[[2649.3349665196806, 2883.738720269562, 4326.404010188791, 3816.087384065258, 8093.144270524424, 7547.2723323906675], [2883.738720269562, 5379.773518009796, 7188.3531918849, 6487.1025451414225, 10945.036531547043, 10940.072015090711], [4326.404010188791, 7188.3531918849, 11967.086846804817, 9781.419739087949, 17402.850168888996, 17351.79916288385], [3816.087384065258, 6487.1025451414225, 9781.419739087949, 17042.618787508305, 17768.98359001663, 15318.537274402439], [8093.144270524424, 10945.036531547043, 17402.850168888996, 17768.98359001663, 56156.021971159855, 43716.153744100775], [7547.2723323906675, 10940.072015090711, 17351.79916288385, 15318.537274402439, 43716.153744100775, 44849.301474963344]]</COVARIANCE_MATRIX>
		<ROI_SIZE>5964</ROI_SIZE>
		<MAX_VALUE>[1056.0, 1423.0, 1816.0, 2839.0, 4137.0, 2901.0]</MAX_VALUE>
		<MIN_VALUE>[748.0, 981.0, 1142.0, 2054.0, 3179.0, 1938.0]</MIN_VALUE>
		<SIGNATURE_THRESHOLD_MD>0</SIGNATURE_THRESHOLD_MD>
		<SIGNATURE_THRESHOLD_ML>0</SIGNATURE_THRESHOLD_ML>
		<SIGNATURE_THRESHOLD_SAM>0</SIGNATURE_THRESHOLD_SAM>
	</signature>
	<signature ID="20190911_164457006985_524">
		<MACROCLASSID>3</MACROCLASSID>
		<MACROCLASSINFO>Barren</MACROCLASSINFO>
		<CLASSID>16</CLASSID>
		<CLASSINFO>C 1</CLASSINFO>
		<VALUES>[989.4286863810062, 59.96233893025074, 1304.3291088312212, 89.11129608253692, 1535.8837256085292, 117.81092120418805, 2502.0549185274576, 170.11597805079825, 3680.0144840072435, 244.17976984063827, 2487.5807684570464, 204.75754257534257]</VALUES>
		<LCS_MIN>[796.0, 1009.0, 1165.0, 2119.0, 3104.0, 1885.0]</LCS_MIN>
		<LCS_MAX>[1189.0, 1626.0, 1943.0, 3073.0, 4104.0, 2802.0]</LCS_MAX>
		<WAVELENGTH>[0.485, 0.56, 0.66, 0.83, 1.65, 2.215]</WAVELENGTH>
		<MEAN_VALUE>[989.4286863810062, 1304.3291088312212, 1535.8837256085292, 2502.0549185274576, 3680.0144840072435, 2487.5807684570464]</MEAN_VALUE>
		<CHECKBOX>2</CHECKBOX>
		<SD>[59.96233893025074, 89.11129608253692, 117.81092120418805, 170.11597805079825, 244.17976984063827, 204.75754257534257]</SD>
		<WAVELENGTH_UNIT>E-6m</WAVELENGTH_UNIT>
		<COLOR>#b3b8a9</COLOR>
		<COVARIANCE_MATRIX>[[3585.971749597658, 4444.274549907113, 5787.863066329937, 5318.209311130306, 6420.269243231761, 7916.673530661291], [4444.274549907113, 7925.225527659724, 9598.280608985533, 9340.114872965807, 9485.268998627036, 11741.558157414327], [5787.863066329937, 9598.280608985533, 13978.580868029976, 12614.477385064341, 15700.549920296413, 16650.970591033743], [5318.209311130306, 9340.114872965807, 12614.477385064341, 28776.8060664109, 17108.685698294827, 14861.1261502225], [6420.269243231761, 9485.268998627036, 15700.549920296413, 17108.685698294827, 56656.87806490662, 40136.45852141292], [7916.673530661291, 11741.558157414327, 16650.970591033743, 14861.1261502225, 40136.45852141292, 41194.37342973648]]</COVARIANCE_MATRIX>
		<ROI_SIZE>33285</ROI_SIZE>
		<MAX_VALUE>[1189.0, 1626.0, 1943.0, 3073.0, 4104.0, 2802.0]</MAX_VALUE>
		<MIN_VALUE>[796.0, 1009.0, 1165.0, 2119.0, 3104.0, 1885.0]</MIN_VALUE>
		<SIGNATURE_THRESHOLD_MD>0</SIGNATURE_THRESHOLD_MD>
		<SIGNATURE_THRESHOLD_ML>0</SIGNATURE_THRESHOLD_ML>
		<SIGNATURE_THRESHOLD_SAM>0</SIGNATURE_THRESHOLD_SAM>
	</signature>
	<signature ID="20190911_164540260222_917">
		<MACROCLASSID>4</MACROCLASSID>
		<MACROCLASSINFO>Builtup</MACROCLASSINFO>
		<CLASSID>17</CLASSID>
		<CLASSINFO>C 1</CLASSINFO>
		<VALUES>[917.8009079118035, 77.73185425866865, 1171.7944228274948, 97.30699354896585, 1251.5285343709459, 120.47699255760317, 1865.6316472114174, 169.25845511379063, 2221.8826199740597, 186.80802924051716, 1893.5123216601787, 209.74331367239762]</VALUES>
		<LCS_MIN>[709.0, 925.0, 956.0, 1381.0, 1661.0, 1536.0]</LCS_MIN>
		<LCS_MAX>[1239.0, 1636.0, 1776.0, 2175.0, 2589.0, 2495.0]</LCS_MAX>
		<WAVELENGTH>[0.485, 0.56, 0.66, 0.83, 1.65, 2.215]</WAVELENGTH>
		<MEAN_VALUE>[917.8009079118035, 1171.7944228274948, 1251.5285343709459, 1865.6316472114174, 2221.8826199740597, 1893.5123216601787]</MEAN_VALUE>
		<CHECKBOX>2</CHECKBOX>
		<SD>[77.73185425866865, 97.30699354896585, 120.47699255760317, 169.25845511379063, 186.80802924051716, 209.74331367239762]</SD>
		<WAVELENGTH_UNIT>E-6m</WAVELENGTH_UNIT>
		<COLOR>#c05121</COLOR>
		<COVARIANCE_MATRIX>[[6046.1621536203265, 6503.505443094122, 7647.239623654695, -1848.8358756042155, 2301.9467646541443, 7882.3817538933645], [6503.505443094122, 9474.795478284432, 10574.145714078903, -98.78700054119535, 3754.173777113417, 9877.266324442748], [7647.239623654695, 10574.145714078903, 14524.124753074404, 975.6471171464623, 6056.189269773616, 12614.6823217696], [-1848.8358756042155, -98.78700054119535, 975.6471171464623, 28667.015428693092, 10065.726364792514, -3768.1700203095493], [2301.9467646541443, 3754.173777113417, 6056.189269773616, 10065.726364792514, 34919.88562895217, 30352.038760688185], [7882.3817538933645, 9877.266324442748, 12614.6823217696, -3768.1700203095493, 30352.038760688185, 44020.805493762775]]</COVARIANCE_MATRIX>
		<ROI_SIZE>1542</ROI_SIZE>
		<MAX_VALUE>[1239.0, 1636.0, 1776.0, 2175.0, 2589.0, 2495.0]</MAX_VALUE>
		<MIN_VALUE>[709.0, 925.0, 956.0, 1381.0, 1661.0, 1536.0]</MIN_VALUE>
		<SIGNATURE_THRESHOLD_MD>0</SIGNATURE_THRESHOLD_MD>
		<SIGNATURE_THRESHOLD_ML>0</SIGNATURE_THRESHOLD_ML>
		<SIGNATURE_THRESHOLD_SAM>0</SIGNATURE_THRESHOLD_SAM>
	</signature>
	<signature ID="20190911_164547757588_662">
		<MACROCLASSID>4</MACROCLASSID>
		<MACROCLASSINFO>Builtup</MACROCLASSINFO>
		<CLASSID>18</CLASSID>
		<CLASSINFO>C 1</CLASSINFO>
		<VALUES>[778.1410334346515, 63.38383712476263, 1041.7629179331288, 87.6223574819544, 1140.6419452887546, 137.6388210102926, 2142.871732522799, 176.820122112639, 2279.6139817629173, 239.8366590544382, 1660.037689969605, 246.23630588584018]</VALUES>
		<LCS_MIN>[616.0, 788.0, 846.0, 1758.0, 1773.0, 1254.0]</LCS_MIN>
		<LCS_MAX>[1062.0, 1458.0, 1669.0, 2718.0, 2749.0, 2217.0]</LCS_MAX>
		<WAVELENGTH>[0.485, 0.56, 0.66, 0.83, 1.65, 2.215]</WAVELENGTH>
		<MEAN_VALUE>[778.1410334346515, 1041.7629179331288, 1140.6419452887546, 2142.871732522799, 2279.6139817629173, 1660.037689969605]</MEAN_VALUE>
		<CHECKBOX>2</CHECKBOX>
		<SD>[63.38383712476263, 87.6223574819544, 137.6388210102926, 176.820122112639, 239.8366590544382, 246.23630588584018]</SD>
		<WAVELENGTH_UNIT>E-6m</WAVELENGTH_UNIT>
		<COLOR>#155ab6</COLOR>
		<COVARIANCE_MATRIX>[[3436.849525186413, 3971.3617972744028, 6029.564269183181, -1175.9144007008342, 3221.998794532782, 8149.333392131786], [3971.3617972744028, 7266.906038091902, 10278.010362077815, -324.6224060683568, 6843.483998759743, 13252.71001759503], [6029.564269183181, 10278.010362077815, 18457.64266156716, -2063.2794795372483, 14568.42584466527, 24852.345227830414], [-1175.9144007008342, -324.6224060683568, -2063.2794795372483, 28991.271696308213, 13208.637085480788, -4568.021481612254], [3221.998794532782, 6843.483998759743, 14568.42584466527, 13208.637085480788, 56480.71665472401, 41201.18307400694], [8149.333392131786, 13252.71001759503, 24852.345227830414, -4568.021481612254, 41201.18307400694, 57270.96903324266]]</COVARIANCE_MATRIX>
		<ROI_SIZE>6356</ROI_SIZE>
		<MAX_VALUE>[1062.0, 1458.0, 1669.0, 2718.0, 2749.0, 2217.0]</MAX_VALUE>
		<MIN_VALUE>[616.0, 788.0, 846.0, 1758.0, 1773.0, 1254.0]</MIN_VALUE>
		<SIGNATURE_THRESHOLD_MD>0</SIGNATURE_THRESHOLD_MD>
		<SIGNATURE_THRESHOLD_ML>0</SIGNATURE_THRESHOLD_ML>
		<SIGNATURE_THRESHOLD_SAM>0</SIGNATURE_THRESHOLD_SAM>
	</signature>
	<signature ID="20190911_164613759770_437">
		<MACROCLASSID>4</MACROCLASSID>
		<MACROCLASSINFO>Builtup</MACROCLASSINFO>
		<CLASSID>19</CLASSID>
		<CLASSINFO>C 1</CLASSINFO>
		<VALUES>[810.7754587155963, 66.44761452232125, 1101.2518348623862, 92.28874896056763, 1221.5639908256876, 133.9626348412668, 1982.6146788990823, 175.13197098643647, 2205.6451834862346, 211.1491361719462, 1762.274541284404, 227.64704436030416]</VALUES>
		<LCS_MIN>[624.5, 824.5, 856.5, 1360.0, 1634.0, 1254.0]</LCS_MIN>
		<LCS_MAX>[1073.5, 1479.0, 1709.5, 2307.5, 2616.0, 2240.5]</LCS_MAX>
		<WAVELENGTH>[0.485, 0.56, 0.66, 0.83, 1.65, 2.215]</WAVELENGTH>
		<MEAN_VALUE>[810.7754587155963, 1101.2518348623862, 1221.5639908256876, 1982.6146788990823, 2205.6451834862346, 1762.274541284404]</MEAN_VALUE>
		<CHECKBOX>2</CHECKBOX>
		<SD>[66.44761452232125, 92.28874896056763, 133.9626348412668, 175.13197098643647, 211.1491361719462, 227.64704436030416]</SD>
		<WAVELENGTH_UNIT>E-6m</WAVELENGTH_UNIT>
		<COLOR>#3bf64c</COLOR>
		<COVARIANCE_MATRIX>[[4606.921049374834, 5360.237857742305, 7258.40624582527, -1951.6190910206767, 5063.250968797019, 9957.495676925282], [5360.237857742305, 8728.301877908687, 11280.474601133192, -806.4510869480596, 8411.671799269348, 14245.813964114053], [7258.40624582527, 11280.474601133192, 18215.338769384118, -1077.3584100679325, 14711.007334784466, 22360.29597771349], [-1951.6190910206767, -806.4510869480596, -1077.3584100679325, 27524.986484966295, 9182.482058194773, -6010.213288514826], [5063.250968797019, 8411.671799269348, 14711.007334784466, 9182.482058194773, 43359.59799119874, 36891.870162152125], [9957.495676925282, 14245.813964114053, 22360.29597771349, -6010.213288514826, 36891.870162152125, 51369.995248540166]]</COVARIANCE_MATRIX>
		<ROI_SIZE>4386</ROI_SIZE>
