<?xml version="1.0" ?>
<signaturelist MCID_LIST="[['1', 'waterbody', '#0000ff'], ['2', 'vegetation', '#00ff00'], ['3', 'bareland', '#ffaa00'], ['4', 'built-up', '#ff0000']]">
	<signature ID="20200810_094629949555_460">
		<MACROCLASSID>1</MACROCLASSID>
		<MACROCLASSINFO>MC 1</MACROCLASSINFO>
		<CLASSID>1</CLASSID>
		<CLASSINFO>C 1</CLASSINFO>
		<VALUES>[0.09169042840637179, 0.0026746327103456115, 0.06868076539836065, 0.004938043463038043, 0.037912035117843954, 0.006549085651312297, 0.026342380715260096, 0.009037766364558752, 0.009772664912823819, 0.009596631404856601, 0.005851873023828752, 0.006699354716881916]</VALUES>
		<LCS_MIN>[0.07673176378011703, 0.046275123953819275, 0.028402816504240036, 0.014763902872800827, 0.0, 0.0]</LCS_MIN>
		<LCS_MAX>[0.10366407781839371, 0.08922344446182251, 0.07526424527168274, 0.07334554195404053, 0.060710638761520386, 0.048796482384204865]</LCS_MAX>
		<WAVELENGTH>[0.485, 0.56, 0.66, 0.83, 1.65, 2.215]</WAVELENGTH>
		<MEAN_VALUE>[0.09169042840637179, 0.06868076539836065, 0.037912035117843954, 0.026342380715260096, 0.009772664912823819, 0.005851873023828752]</MEAN_VALUE>
		<CHECKBOX>2</CHECKBOX>
		<SD>[0.0026746327103456115, 0.004938043463038043, 0.006549085651312297, 0.009037766364558752, 0.009596631404856601, 0.006699354716881916]</SD>
		<WAVELENGTH_UNIT>E-6m</WAVELENGTH_UNIT>
		<COLOR>#3a8b1b</COLOR>
		<COVARIANCE_MATRIX>[[7.156634630109481e-06, 5.827897422316373e-06, 3.0281954874791427e-07, -8.154282283526281e-06, -8.564668616396403e-06, -4.85994458736752e-06], [5.827897422316373e-06, 2.4394412233806292e-05, 2.077662037319399e-05, 7.1193463922607315e-06, 8.800199147783805e-06, 7.244688817318234e-06], [3.0281954874791427e-07, 2.077662037319399e-05, 4.290835676546719e-05, 3.529049859061083e-05, 3.8709144604132086e-05, 2.6106159619903738e-05], [-8.154282283526281e-06, 7.1193463922607315e-06, 3.529049859061083e-05, 8.171518394594618e-05, 7.289197134589151e-05, 4.4116599576775994e-05], [-8.564668616396403e-06, 8.800199147783805e-06, 3.8709144604132086e-05, 7.289197134589151e-05, 9.213362759898398e-05, 5.382650227377994e-05], [-4.85994458736752e-06, 7.244688817318234e-06, 2.6106159619903738e-05, 4.4116599576775994e-05, 5.382650227377994e-05, 4.4900015308105864e-05]]</COVARIANCE_MATRIX>
		<ROI_SIZE>2406</ROI_SIZE>
		<MAX_VALUE>[0.10366407781839371, 0.08922344446182251, 0.07526424527168274, 0.07334554195404053, 0.060710638761520386, 0.048796482384204865]</MAX_VALUE>
		<MIN_VALUE>[0.07673176378011703, 0.046275123953819275, 0.028402816504240036, 0.014763902872800827, 0.0, 0.0]</MIN_VALUE>
		<SIGNATURE_THRESHOLD_MD>0</SIGNATURE_THRESHOLD_MD>
		<SIGNATURE_THRESHOLD_ML>0</SIGNATURE_THRESHOLD_ML>
		<SIGNATURE_THRESHOLD_SAM>0</SIGNATURE_THRESHOLD_SAM>
	</signature>
	<signature ID="20200810_094637700645_658">
		<MACROCLASSID>1</MACROCLASSID>
		<MACROCLASSINFO>MC 1</MACROCLASSINFO>
		<CLASSID>2</CLASSID>
		<CLASSINFO>C 1</CLASSINFO>
		<VALUES>[0.10347067216752619, 0.004465729896127066, 0.09746850102876362, 0.007746922429590616, 0.058695248540766326, 0.005693541615597667, 0.0323181075591989, 0.008628000142995258, 0.01100023778812764, 0.009566032207277943, 0.006797737756390666, 0.006892486019491241]</VALUES>
		<LCS_MIN>[0.07673176378011703, 0.054083917289972305, 0.03200753778219223, 0.01927018165588379, 0.0, 0.0]</LCS_MIN>
		<LCS_MAX>[0.11264153569936752, 0.1126498132944107, 0.08247368037700653, 0.07785182446241379, 0.05490812659263611, 0.048796482384204865]</LCS_MAX>
		<WAVELENGTH>[0.485, 0.56, 0.66, 0.83, 1.65, 2.215]</WAVELENGTH>
		<MEAN_VALUE>[0.10347067216752619, 0.09746850102876362, 0.058695248540766326, 0.0323181075591989, 0.01100023778812764, 0.006797737756390666]</MEAN_VALUE>
		<CHECKBOX>2</CHECKBOX>
		<SD>[0.004465729896127066, 0.007746922429590616, 0.005693541615597667, 0.008628000142995258, 0.009566032207277943, 0.006892486019491241]</SD>
		<WAVELENGTH_UNIT>E-6m</WAVELENGTH_UNIT>
		<COLOR>#07692c</COLOR>
		<COVARIANCE_MATRIX>[[1.99587875465992e-05, 2.9653988811755616e-05, 2.9787587202642513e-06, -1.8596880983469328e-05, -1.7284444586208843e-05, -1.0975382731833113e-05], [2.9653988811755616e-05, 6.006308935626459e-05, 8.366522006490216e-06, -3.1741545696797564e-05, -3.133122657784314e-05, -1.869762716864957e-05], [2.9787587202642513e-06, 8.366522006490216e-06, 3.244249530483251e-05, 2.2836333809504496e-05, 2.827769349275539e-05, 1.9846114685608787e-05], [-1.8596880983469328e-05, -3.1741545696797564e-05, 2.2836333809504496e-05, 7.450227575671974e-05, 6.86218565710123e-05, 4.514552293596311e-05], [-1.7284444586208843e-05, -3.133122657784314e-05, 2.827769349275539e-05, 6.86218565710123e-05, 9.158259163733273e-05, 5.637762226669353e-05], [-1.0975382731833113e-05, -1.869762716864957e-05, 1.9846114685608787e-05, 4.514552293596311e-05, 5.637762226669353e-05, 4.7544582646765454e-05]]</COVARIANCE_MATRIX>
		<ROI_SIZE>1244</ROI_SIZE>
		<MAX_VALUE>[0.11264153569936752, 0.1126498132944107, 0.08247368037700653, 0.07785182446241379, 0.05490812659263611, 0.048796482384204865]</MAX_VALUE>
		<MIN_VALUE>[0.07673176378011703, 0.054083917289972305, 0.03200753778219223, 0.01927018165588379, 0.0, 0.0]</MIN_VALUE>
		<SIGNATURE_THRESHOLD_MD>0</SIGNATURE_THRESHOLD_MD>
		<SIGNATURE_THRESHOLD_ML>0</SIGNATURE_THRESHOLD_ML>
		<SIGNATURE_THRESHOLD_SAM>0</SIGNATURE_THRESHOLD_SAM>
	</signature>
	<signature ID="20200810_094650413135_846">
		<MACROCLASSID>1</MACROCLASSID>
		<MACROCLASSINFO>MC 1</MACROCLASSINFO>
		<CLASSID>3</CLASSID>
		<CLASSINFO>C 1</CLASSINFO>
		<VALUES>[0.11250756555892509, 0.0028768404235548837, 0.10660763442623901, 0.004679851324665887, 0.06219656333309361, 0.007486866883841716, 0.03258024648988502, 0.006824121735983931, 0.010385470243762601, 0.008192214234986346, 0.006001205366804179, 0.006282037670919642]</VALUES>
		<LCS_MIN>[0.0928911492228508, 0.07360588014125824, 0.050031159073114395, 0.02377646043896675, 0.0, 0.0]</LCS_MIN>
		<LCS_MAX>[0.11982346326112747, 0.12045861035585403, 0.0968925729393959, 0.07785182446241379, 0.05490812659263611, 0.048796482384204865]</LCS_MAX>
		<WAVELENGTH>[0.485, 0.56, 0.66, 0.83, 1.65, 2.215]</WAVELENGTH>
		<MEAN_VALUE>[0.11250756555892509, 0.10660763442623901, 0.06219656333309361, 0.03258024648988502, 0.010385470243762601, 0.006001205366804179]</MEAN_VALUE>
		<CHECKBOX>2</CHECKBOX>
		<SD>[0.0028768404235548837, 0.004679851324665887, 0.007486866883841716, 0.006824121735983931, 0.008192214234986346, 0.006282037670919642]</SD>
		<WAVELENGTH_UNIT>E-6m</WAVELENGTH_UNIT>
		<COLOR>#0d38ce</COLOR>
		<COVARIANCE_MATRIX>[[8.281193490162663e-06, 3.549911502090316e-06, -9.650000160524057e-06, -1.0082039442204735e-05, -1.2051065605332558e-05, -7.958869256484798e-06], [3.549911502090316e-06, 2.1914193856510214e-05, 1.221108279781927e-05, -9.121915470402792e-06, -9.452709990640023e-06, -5.6402691148728145e-06], [-9.650000160524057e-06, 1.221108279781927e-05, 5.6086922380397265e-05, 2.527890741572041e-05, 2.988687566736852e-05, 2.0284295905967648e-05], [-1.0082039442204735e-05, -9.121915470402792e-06, 2.527890741572041e-05, 4.659667397413126e-05, 4.517935268158871e-05, 3.0073229292483104e-05], [-1.2051065605332558e-05, -9.452709990640023e-06, 2.988687566736852e-05, 4.517935268158871e-05, 6.715277887267874e-05, 4.162853477573478e-05], [-7.958869256484798e-06, -5.6402691148728145e-06, 2.0284295905967648e-05, 3.0073229292483104e-05, 4.162853477573478e-05, 3.9487756478443367e-05]]</COVARIANCE_MATRIX>
		<ROI_SIZE>1662</ROI_SIZE>
		<MAX_VALUE>[0.11982346326112747, 0.12045861035585403, 0.0968925729393959, 0.07785182446241379, 0.05490812659263611, 0.048796482384204865]</MAX_VALUE>
		<MIN_VALUE>[0.0928911492228508, 0.07360588014125824, 0.050031159073114395, 0.02377646043896675, 0.0, 0.0]</MIN_VALUE>
		<SIGNATURE_THRESHOLD_MD>0</SIGNATURE_THRESHOLD_MD>
		<SIGNATURE_THRESHOLD_ML>0</SIGNATURE_THRESHOLD_ML>
		<SIGNATURE_THRESHOLD_SAM>0</SIGNATURE_THRESHOLD_SAM>
	</signature>
	<signature ID="20200810_094702049554_259">
		<MACROCLASSID>1</MACROCLASSID>
		<MACROCLASSINFO>MC 1</MACROCLASSINFO>
		<CLASSID>4</CLASSID>
		<CLASSINFO>C 1</CLASSINFO>
		<VALUES>[0.15128183399479656, 0.0024331116457467763, 0.22986277192831067, 0.005235177844667824, 0.2603963682915294, 0.006981145078782042, 0.10781471813803481, 0.006416136808639163, 0.013641998391828435, 0.010679019252502232, 0.008761457825639715, 0.007867313742269792]</VALUES>
		<LCS_MIN>[0.1377783715724945, 0.19073767960071564, 0.20863904058933258, 0.1003832146525383, 0.0, 0.0]</LCS_MIN>
		<LCS_MAX>[0.15932421386241913, 0.23759041726589203, 0.26991933584213257, 0.15445855259895325, 0.06361190229654312, 0.048796482384204865]</LCS_MAX>
		<WAVELENGTH>[0.485, 0.56, 0.66, 0.83, 1.65, 2.215]</WAVELENGTH>
		<MEAN_VALUE>[0.15128183399479656, 0.22986277192831067, 0.2603963682915294, 0.10781471813803481, 0.013641998391828435, 0.008761457825639715]</MEAN_VALUE>
		<CHECKBOX>2</CHECKBOX>
		<SD>[0.0024331116457467763, 0.005235177844667824, 0.006981145078782042, 0.006416136808639163, 0.010679019252502232, 0.007867313742269792]</SD>
		<WAVELENGTH_UNIT>E-6m</WAVELENGTH_UNIT>
		<COLOR>#67e5f9</COLOR>
		<COVARIANCE_MATRIX>[[5.927278342211614e-06, 7.157424261667395e-06, 9.549216483768355e-06, -7.581302439822451e-06, -1.1953517937460084e-05, -7.980248970724279e-06], [7.157424261667395e-06, 2.7440633071500724e-05, 3.000751234205066e-05, -2.4141776020057318e-05, -3.6688376361888295e-05, -2.3961384644560055e-05], [9.549216483768355e-06, 3.000751234205066e-05, 4.879603947099173e-05, -3.288941812292405e-05, -4.909554752609849e-05, -3.331373741482501e-05], [-7.581302439822451e-06, -2.4141776020057318e-05, -3.288941812292405e-05, 4.1217199321406035e-05, 4.98251049589126e-05, 3.3119651662068273e-05], [-1.1953517937460084e-05, -3.6688376361888295e-05, -4.909554752609849e-05, 4.98251049589126e-05, 0.00011418103781611532, 7.185303136566154e-05], [-7.980248970724279e-06, -2.3961384644560055e-05, -3.331373741482501e-05, 3.3119651662068273e-05, 7.185303136566154e-05, 6.197038393487554e-05]]</COVARIANCE_MATRIX>
		<ROI_SIZE>818</ROI_SIZE>
		<MAX_VALUE>[0.15932421386241913, 0.23759041726589203, 0.26991933584213257, 0.15445855259895325, 0.06361190229654312, 0.048796482384204865]</MAX_VALUE>
		<MIN_VALUE>[0.1377783715724945, 0.19073767960071564, 0.20863904058933258, 0.1003832146525383, 0.0, 0.0]</MIN_VALUE>
		<SIGNATURE_THRESHOLD_MD>0</SIGNATURE_THRESHOLD_MD>
		<SIGNATURE_THRESHOLD_ML>0</SIGNATURE_THRESHOLD_ML>
		<SIGNATURE_THRESHOLD_SAM>0</SIGNATURE_THRESHOLD_SAM>
	</signature>
	<signature ID="20200810_094707878197_258">
		<MACROCLASSID>1</MACROCLASSID>
		<MACROCLASSINFO>MC 1</MACROCLASSINFO>
		<CLASSID>5</CLASSID>
		<CLASSINFO>C 1</CLASSINFO>
		<VALUES>[0.1104002582358903, 0.003170284108805893, 0.12395908966146674, 0.007114498864502037, 0.09050351489206845, 0.00457426831615149, 0.039641674203348555, 0.011134017034820679, 0.017732020613641066, 0.014164046111242803, 0.011444934508923829, 0.010384439889770902]</VALUES>
		<LCS_MIN>[0.10007309913635254, 0.09703223407268524, 0.07886895537376404, 0.028282741084694862, 0.0026855010073632, 0.0]</LCS_MIN>
		<LCS_MAX>[0.1162324920296669, 0.1360761821269989, 0.11491619795560837, 0.08235809206962585, 0.060710638761520386, 0.05296294763684273]</LCS_MAX>
		<WAVELENGTH>[0.485, 0.56, 0.66, 0.83, 1.65, 2.215]</WAVELENGTH>
		<MEAN_VALUE>[0.1104002582358903, 0.12395908966146674, 0.09050351489206845, 0.039641674203348555, 0.017732020613641066, 0.011444934508923829]</MEAN_VALUE>
		<CHECKBOX>2</CHECKBOX>
		<SD>[0.003170284108805893, 0.007114498864502037, 0.00457426831615149, 0.011134017034820679, 0.014164046111242803, 0.010384439889770902]</SD>
		<WAVELENGTH_UNIT>E-6m</WAVELENGTH_UNIT>
		<COLOR>#3aa1a4</COLOR>
		<COVARIANCE_MATRIX>[[1.0085478843801662e-05, 1.701760237947666e-05, 1.7106942372215736e-06, -2.4875158716370482e-05, -2.940920762859789e-05, -2.1081289768842144e-05], [1.701760237947666e-05, 5.0791236287093734e-05, 8.562762184520928e-06, -6.747800223092097e-05, -8.483637848441381e-05, -5.805159653930898e-05], [1.7106942372215736e-06, 8.562762184520928e-06, 2.0996331772189244e-05, -4.067450097550111e-06, -1.1481945199797084e-05, -7.082646259431949e-06], [-2.4875158716370482e-05, -6.747800223092097e-05, -4.067450097550111e-06, 0.0001243952845888801, 0.00013946444717051395, 9.572758945369352e-05], [-2.940920762859789e-05, -8.483637848441381e-05, -1.1481945199797084e-05, 0.00013946444717051395, 0.00020131438979242072, 0.00013281340216245835], [-2.1081289768842144e-05, -5.805159653930898e-05, -7.082646259431949e-06, 9.572758945369352e-05, 0.00013281340216245835, 0.00010820972882019673]]</COVARIANCE_MATRIX>
		<ROI_SIZE>290</ROI_SIZE>
		<MAX_VALUE>[0.1162324920296669, 0.1360761821269989, 0.11491619795560837, 0.08235809206962585, 0.060710638761520386, 0.05296294763684273]</MAX_VALUE>
		<MIN_VALUE>[0.10007309913635254, 0.09703223407268524, 0.07886895537376404, 0.028282741084694862, 0.0026855010073632, 0.0]</MIN_VALUE>
		<SIGNATURE_THRESHOLD_MD>0</SIGNATURE_THRESHOLD_MD>
		<SIGNATURE_THRESHOLD_ML>0</SIGNATURE_THRESHOLD_ML>
		<SIGNATURE_THRESHOLD_SAM>0</SIGNATURE_THRESHOLD_SAM>
	</signature>
	<signature ID="20200810_094714109454_294">
		<MACROCLASSID>1</MACROCLASSID>
		<MACROCLASSINFO>MC 1</MACROCLASSINFO>
		<CLASSID>6</CLASSID>
		<CLASSINFO>C 1</CLASSINFO>
		<VALUES>[0.10420557583135269, 0.0073039997939952995, 0.09332616538755481, 0.01344120248635008, 0.06368562892788926, 0.012991359967388308, 0.034840451165560615, 0.011102488293340105, 0.01168653039232133, 0.008272001646086078, 0.007282772748952829, 0.006274173056431081]</VALUES>
		<LCS_MIN>[0.08750469237565994, 0.0657970979809761, 0.039216987788677216, 0.01927018165588379, 0.0, 0.0]</LCS_MIN>
		<LCS_MAX>[0.13059641420841217, 0.15559816360473633, 0.11491619795560837, 0.07785182446241379, 0.05490812659263611, 0.0446300134062767]</LCS_MAX>
		<WAVELENGTH>[0.485, 0.56, 0.66, 0.83, 1.65, 2.215]</WAVELENGTH>
		<MEAN_VALUE>[0.10420557583135269, 0.09332616538755481, 0.06368562892788926, 0.034840451165560615, 0.01168653039232133, 0.007282772748952829]</MEAN_VALUE>
		<CHECKBOX>2</CHECKBOX>
		<SD>[0.0073039997939952995, 0.01344120248635008, 0.012991359967388308, 0.011102488293340105, 0.008272001646086078, 0.006274173056431081]</SD>
		<WAVELENGTH_UNIT>E-6m</WAVELENGTH_UNIT>
		<COLOR>#5320de</COLOR>
		<COVARIANCE_MATRIX>[[5.338230651863155e-05, 9.13559229421782e-05, 5.845055205120381e-05, -1.4985459906497928e-05, -1.52920258483531e-05, -9.585734545073147e-06], [9.13559229421782e-05, 0.00018078070567949557, 0.0001315502144480726, -7.717557184467446e-06, -1.682760366329873e-05, -1.0638297821613292e-05], [5.845055205120381e-05, 0.0001315502144480726, 0.00016888266088853753, 6.903192052638236e-05, 3.3637231910789634e-05, 2.232869072898956e-05], [-1.4985459906497928e-05, -7.717557184467446e-06, 6.903192052638236e-05, 0.00012334355967497665, 7.198306852552109e-05, 4.509072667539551e-05], [-1.52920258483531e-05, -1.682760366329873e-05, 3.3637231910789634e-05, 7.198306852552109e-05, 6.846948392105458e-05, 4.0946138091001135e-05], [-9.585734545073147e-06, -1.0638297821613292e-05, 2.232869072898956e-05, 4.509072667539551e-05, 4.0946138091001135e-05, 3.93902572291754e-05]]</COVARIANCE_MATRIX>
		<ROI_SIZE>1575</ROI_SIZE>
		<MAX_VALUE>[0.13059641420841217, 0.15559816360473633, 0.11491619795560837, 0.07785182446241379, 0.05490812659263611, 0.0446300134062767]</MAX_VALUE>
		<MIN_VALUE>[0.08750469237565994, 0.0657970979809761, 0.039216987788677216, 0.01927018165588379, 0.0, 0.0]</MIN_VALUE>
		<SIGNATURE_THRESHOLD_MD>0</SIGNATURE_THRESHOLD_MD>
		<SIGNATURE_THRESHOLD_ML>0</SIGNATURE_THRESHOLD_ML>
		<SIGNATURE_THRESHOLD_SAM>0</SIGNATURE_THRESHOLD_SAM>
	</signature>
	<signature ID="20200810_094720297218_144">
		<MACROCLASSID>1</MACROCLASSID>
		<MACROCLASSINFO>MC 1</MACROCLASSINFO>
		<CLASSID>7</CLASSID>
		<CLASSINFO>C 1</CLASSINFO>
		<VALUES>[0.095822560189127, 0.0029895642944195297, 0.0773110717573033, 0.004335356190907409, 0.045163556912812465, 0.00770411293513789, 0.027920628940610544, 0.008389316672555474, 0.01004967114869917, 0.008104326754380121, 0.006340408042591178, 0.006326633409960782]</VALUES>
		<LCS_MIN>[0.08391371369361877, 0.0657970979809761, 0.03200753778219223, 0.014763902872800827, 0.0, 0.0]</LCS_MIN>
		<LCS_MAX>[0.10366407781839371, 0.09703223407268524, 0.07886895537376404, 0.07334554195404053, 0.05490812659263611, 0.0446300134062767]</LCS_MAX>
		<WAVELENGTH>[0.485, 0.56, 0.66, 0.83, 1.65, 2.215]</WAVELENGTH>
		<MEAN_VALUE>[0.095822560189127, 0.0773110717573033, 0.045163556912812465, 0.027920628940610544, 0.01004967114869917, 0.006340408042591178]</MEAN_VALUE>
		<CHECKBOX>2</CHECKBOX>
		<SD>[0.0029895642944195297, 0.004335356190907409, 0.00770411293513789, 0.008389316672555474, 0.008104326754380121, 0.006326633409960782]</SD>
		<WAVELENGTH_UNIT>E-6m</WAVELENGTH_UNIT>
		<COLOR>#e264c6</COLOR>
		<COVARIANCE_MATRIX>[[8.941296241999594e-06, 6.270551759747562e-06, -4.41217186729222e-06, -7.507389438057889e-06, -5.649225192358084e-06, -3.9403765687112435e-06], [6.270551759747562e-06, 1.880330790574059e-05, 1.2457664115372297e-05, 2.0158004462255547e-06, 3.975896247785033e-07, 2.5520066492863465e-07], [-4.41217186729222e-06, 1.2457664115372297e-05, 5.937860212166238e-05, 4.3119810902744467e-05, 3.169253976733429e-05, 2.1865109443559814e-05], [-7.507389438057889e-06, 2.0158004462255547e-06, 4.3119810902744467e-05, 7.041057069955125e-05, 5.0956672788256385e-05, 3.4470147009122554e-05], [-5.649225192358084e-06, 3.975896247785033e-07, 3.169253976733429e-05, 5.0956672788256385e-05, 6.570804923752569e-05, 4.191571966517239e-05], [-3.9403765687112435e-06, 2.5520066492863465e-07, 2.1865109443559814e-05, 3.4470147009122554e-05, 4.191571966517239e-05, 4.0043315523217054e-05]]</COVARIANCE_MATRIX>
		<ROI_SIZE>2352</ROI_SIZE>
		<MAX_VALUE>[0.10366407781839371, 0.09703223407268524, 0.07886895537376404, 0.07334554195404053, 0.05490812659263611, 0.0446300134062767]</MAX_VALUE>
		<MIN_VALUE>[0.08391371369361877, 0.0657970979809761, 0.03200753778219223, 0.014763902872800827, 0.0, 0.0]</MIN_VALUE>
		<SIGNATURE_THRESHOLD_MD>0</SIGNATURE_THRESHOLD_MD>
		<SIGNATURE_THRESHOLD_ML>0</SIGNATURE_THRESHOLD_ML>
		<SIGNATURE_THRESHOLD_SAM>0</SIGNATURE_THRESHOLD_SAM>
	</signature>
	<signature ID="20200810_094729056331_434">
		<MACROCLASSID>1</MACROCLASSID>
		<MACROCLASSINFO>MC 1</MACROCLASSINFO>
		<CLASSID>8</CLASSID>
		<CLASSINFO>C 1</CLASSINFO>
		<VALUES>[0.09371592463907434, 0.0023386336756277427, 0.07236847302013158, 0.004985336835309134, 0.041859377036669795, 0.006758839011066842, 0.02850452639401442, 0.008196649192395865, 0.011823188312460046, 0.009330821166581764, 0.007742299208324474, 0.007376187928152932]</VALUES>
		<LCS_MIN>[0.08391371369361877, 0.06189269572496414, 0.03200753778219223, 0.01927018165588379, 0.0, 0.0]</LCS_MIN>
		<LCS_MAX>[0.10186859220266342, 0.09312783926725388, 0.07886895537376404, 0.07785182446241379, 0.05490812659263611, 0.05712940916419029]</LCS_MAX>
		<WAVELENGTH>[0.485, 0.56, 0.66, 0.83, 1.65, 2.215]</WAVELENGTH>
		<MEAN_VALUE>[0.09371592463907434, 0.07236847302013158, 0.041859377036669795, 0.02850452639401442, 0.011823188312460046, 0.007742299208324474]</MEAN_VALUE>
		<CHECKBOX>2</CHECKBOX>
		<SD>[0.0023386336756277427, 0.004985336835309134, 0.006758839011066842, 0.008196649192395865, 0.009330821166581764, 0.007376187928152932]</SD>
		<WAVELENGTH_UNIT>E-6m</WAVELENGTH_UNIT>
		<COLOR>#dc0904</COLOR>
		<COVARIANCE_MATRIX>[[5.536292025158168e-06, 3.786324875484551e-06, 2.8284268268488486e-06, 3.813745517544674e-06, 5.5247135561624095e-06, 4.251312273482799e-06], [3.786324875484551e-06, 2.4869888980275544e-05, 2.3510902700629256e-05, 2.103764953898608e-05, 2.1377336026720055e-05, 1.685040803213148e-05], [2.8284268268488486e-06, 2.3510902700629256e-05, 4.910680091226386e-05, 4.6689792435035396e-05, 4.574570464656275e-05, 3.460812807784561e-05], [3.813745517544674e-06, 2.103764953898608e-05, 4.6689792435035396e-05, 7.06213739115423e-05, 6.174974316666693e-05, 4.578419366253418e-05], [5.5247135561624095e-06, 2.1377336026720055e-05, 4.574570464656275e-05, 6.174974316666693e-05, 8.989461994270073e-05, 6.088732088860651e-05], [4.251312273482799e-06, 1.685040803213148e-05, 3.460812807784561e-05, 4.578419366253418e-05, 6.088732088860651e-05, 5.9111716880224356e-05]]</COVARIANCE_MATRIX>
		<ROI_SIZE>2293</ROI_SIZE>
		<MAX_VALUE>[0.10186859220266342, 0.09312783926725388, 0.07886895537376404, 0.07785182446241379, 0.05490812659263611, 0.05712940916419029]</MAX_VALUE>
		<MIN_VALUE>[0.08391371369361877, 0.06189269572496414, 0.03200753778219223, 0.01927018165588379, 0.0, 0.0]</MIN_VALUE>
		<SIGNATURE_THRESHOLD_MD>0</SIGNATURE_THRESHOLD_MD>
		<SIGNATURE_THRESHOLD_ML>0</SIGNATURE_THRESHOLD_ML>
		<SIGNATURE_THRESHOLD_SAM>0</SIGNATURE_THRESHOLD_SAM>
	</signature>
	<signature ID="20200810_094735645685_215">
		<MACROCLASSID>1</MACROCLASSID>
		<MACROCLASSINFO>MC 1</MACROCLASSINFO>
		<CLASSID>9</CLASSID>
		<CLASSINFO>C 1</CLASSINFO>
		<VALUES>[0.08761353805070879, 0.0026557463317812544, 0.0637980245617257, 0.005909288531383061, 0.04068181243817907, 0.008795170871834422, 0.027582184598297088, 0.008597785093863126, 0.009191186677263152, 0.007971625747442835, 0.005600240616528092, 0.006421393739143443]</VALUES>
		<LCS_MIN>[0.08211822807788849, 0.054083917289972305, 0.028402816504240036, 0.014763902872800827, 0.0, 0.0]</LCS_MIN>
		<LCS_MAX>[0.09827761352062225, 0.09703223407268524, 0.08247368037700653, 0.07334554195404053, 0.05490812659263611, 0.048796482384204865]</LCS_MAX>
		<WAVELENGTH>[0.485, 0.56, 0.66, 0.83, 1.65, 2.215]</WAVELENGTH>
		<MEAN_VALUE>[0.08761353805070879, 0.0637980245617257, 0.04068181243817907, 0.027582184598297088, 0.009191186677263152, 0.005600240616528092]</MEAN_VALUE>
		<CHECKBOX>2</CHECKBOX>
		<SD>[0.0026557463317812544, 0.005909288531383061, 0.008795170871834422, 0.008597785093863126, 0.007971625747442835, 0.006421393739143443]</SD>
		<WAVELENGTH_UNIT>E-6m</WAVELENGTH_UNIT>
		<COLOR>#e061f0</COLOR>
		<COVARIANCE_MATRIX>[[6.417015747559494e-06, 7.08557827949919e-06, 9.03414201744614e-06, 7.800272462813938e-06, 6.695379221759023e-06, 4.736166149101275e-06], [7.08557827949919e-06, 3.2341342349535e-05, 4.051769658869693e-05, 3.183033503789379e-05, 2.79563228037564e-05, 1.9691965166595536e-05], [9.03414201744614e-06, 4.051769658869693e-05, 7.03336999489247e-05, 5.431966124542621e-05, 4.740110038173591e-05, 3.256993997611034e-05], [7.800272462813938e-06, 3.183033503789379e-05, 5.431966124542621e-05, 6.300452856939231e-05, 4.7047601336872893e-05, 3.2476326543732076e-05], [6.695379221759023e-06, 2.79563228037564e-05, 4.740110038173591e-05, 4.7047601336872893e-05, 5.214909863909684e-05, 3.303283882112789e-05], [4.736166149101275e-06, 1.9691965166595536e-05, 3.256993997611034e-05, 3.2476326543732076e-05, 3.303283882112789e-05, 3.257568223581678e-05]]</COVARIANCE_MATRIX>
		<ROI_SIZE>3178</ROI_SIZE>
		<MAX_VALUE>[0.09827761352062225, 0.09703223407268524, 0.08247368037700653, 0.07334554195404053, 0.05490812659263611, 0.048796482384204865]</MAX_VALUE>
		<MIN_VALUE>[0.08211822807788849, 0.054083917289972305, 0.028402816504240036, 0.014763902872800827, 0.0, 0.0]</MIN_VALUE>
		<SIGNATURE_THRESHOLD_MD>0</SIGNATURE_THRESHOLD_MD>
		<SIGNATURE_THRESHOLD_ML>0</SIGNATURE_THRESHOLD_ML>
		<SIGNATURE_THRESHOLD_SAM>0</SIGNATURE_THRESHOLD_SAM>
	</signature>
	<signature ID="20200810_094741754342_187">
		<MACROCLASSID>1</MACROCLASSID>
		<MACROCLASSINFO>MC 1</MACROCLASSINFO>
		<CLASSID>10</CLASSID>
		<CLASSINFO>C 1</CLASSINFO>
		<VALUES>[0.10836148376396873, 0.00896003412561307, 0.09733191898844229, 0.013182640144640675, 0.07232353820775936, 0.0066212840673327686, 0.041732405112206654, 0.010836323070112093, 0.015187628854682935, 0.009881139848472897, 0.00942898995606555, 0.008075124590937188]</VALUES>
		<LCS_MIN>[0.09109566360712051, 0.07360588014125824, 0.05724060907959938, 0.028282741084694862, 0.0026855010073632, 0.0]</LCS_MIN>
		<LCS_MAX>[0.12520994246006012, 0.12826737761497498, 0.09328784793615341, 0.07785182446241379, 0.05490812659263611, 0.05712940916419029]</LCS_MAX>
		<WAVELENGTH>[0.485, 0.56, 0.66, 0.83, 1.65, 2.215]</WAVELENGTH>
		<MEAN_VALUE>[0.10836148376396873, 0.09733191898844229, 0.07232353820775936, 0.041732405112206654, 0.015187628854682935, 0.00942898995606555]</MEAN_VALUE>
		<CHECKBOX>2</CHECKBOX>
		<SD>[0.00896003412561307, 0.013182640144640675, 0.0066212840673327686, 0.010836323070112093, 0.009881139848472897, 0.008075124590937188]</SD>
		<WAVELENGTH_UNIT>E-6m</WAVELENGTH_UNIT>
		<COLOR>#daccbe</COLOR>
		<COVARIANCE_MATRIX>[[8.045865595310036e-05, 0.0001131265539163186, 3.557935541153432e-05, -4.59084599343077e-05, -4.4522829648846495e-05, -3.0650507171325085e-05], [0.0001131265539163186, 0.0001741639396472298, 5.841756723777606e-05, -5.682231422303998e-05, -5.810268593412101e-05, -3.858984787558474e-05], [3.557935541153432e-05, 5.841756723777606e-05, 4.393775743152463e-05, 1.6789741608491046e-05, 7.424796423191507e-06, 6.300567087911256e-06], [-4.59084599343077e-05, -5.682231422303998e-05, 1.6789741608491046e-05, 0.00011768397657584343, 9.212526564218986e-05, 6.701191657257124e-05], [-4.4522829648846495e-05, -5.810268593412101e-05, 7.424796423191507e-06, 9.212526564218986e-05, 9.785151135278261e-05, 6.8443541164888e-05], [-3.0650507171325085e-05, -3.858984787558474e-05, 6.300567087911256e-06, 6.701191657257124e-05, 6.8443541164888e-05, 6.535095064742036e-05]]</COVARIANCE_MATRIX>
		<ROI_SIZE>456</ROI_SIZE>
		<MAX_VALUE>[0.12520994246006012, 0.12826737761497498, 0.09328784793615341, 0.07785182446241379, 0.05490812659263611, 0.05712940916419029]</MAX_VALUE>
		<MIN_VALUE>[0.09109566360712051, 0.07360588014125824, 0.05724060907959938, 0.028282741084694862, 0.0026855010073632, 0.0]</MIN_VALUE>
		<SIGNATURE_THRESHOLD_MD>0</SIGNATURE_THRESHOLD_MD>
		<SIGNATURE_THRESHOLD_ML>0</SIGNATURE_THRESHOLD_ML>
		<SIGNATURE_THRESHOLD_SAM>0</SIGNATURE_THRESHOLD_SAM>
	</signature>
	<signature ID="20200810_094748027738_287">
		<MACROCLASSID>1</MACROCLASSID>
		<MACROCLASSINFO>MC 1</MACROCLASSINFO>
		<CLASSID>11</CLASSID>
		<CLASSINFO>C 1</CLASSINFO>
		<VALUES>[0.12448667176726005, 0.00614798558666693, 0.12957805579416323, 0.011434184011331826, 0.079773324406821, 0.004072347129803535, 0.03629213622228206, 0.010301616537384107, 0.013009055617986107, 0.008234556544160313, 0.008188656763282244, 0.006903313274702438]</VALUES>
		<LCS_MIN>[0.09827761352062225, 0.08922344446182251, 0.07165951281785965, 0.02377646043896675, 0.0026855010073632, 0.0]</LCS_MIN>
		<LCS_MAX>[0.13418738543987274, 0.13998056948184967, 0.10410203784704208, 0.07785182446241379, 0.05490812659263611, 0.04046354815363884]</LCS_MAX>
		<WAVELENGTH>[0.485, 0.56, 0.66, 0.83, 1.65, 2.215]</WAVELENGTH>
		<MEAN_VALUE>[0.12448667176726005, 0.12957805579416323, 0.079773324406821, 0.03629213622228206, 0.013009055617986107, 0.008188656763282244]</MEAN_VALUE>
		<CHECKBOX>2</CHECKBOX>
		<SD>[0.00614798558666693, 0.011434184011331826, 0.004072347129803535, 0.010301616537384107, 0.008234556544160313, 0.006903313274702438]</SD>
		<WAVELENGTH_UNIT>E-6m</WAVELENGTH_UNIT>
		<COLOR>#f6a2f4</COLOR>
		<COVARIANCE_MATRIX>[[3.793176126597022e-05, 6.50880966798175e-05, 2.88267815103187e-06, -4.950351534397943e-05, -2.3207685237263663e-05, -1.389682664158656e-05], [6.50880966798175e-05, 0.0001312041830262908, 7.3947633812154225e-06, -8.889807898757604e-05, -3.996969993595861e-05, -2.4004658506803857e-05], [2.88267815103187e-06, 7.3947633812154225e-06, 1.664281969578082e-05, 5.057833502221601e-06, 1.3623904210242603e-05, 8.255563125685881e-06], [-4.950351534397943e-05, -8.889807898757604e-05, 5.057833502221601e-06, 0.00010649962705381385, 6.055583361783806e-05, 4.4229299445973313e-05], [-2.3207685237263663e-05, -3.996969993595861e-05, 1.3623904210242603e-05, 6.055583361783806e-05, 6.804837510123936e-05, 4.5190923726457906e-05], [-1.389682664158656e-05, -2.4004658506803857e-05, 8.255563125685881e-06, 4.4229299445973313e-05, 4.5190923726457906e-05, 4.7824726133820026e-05]]</COVARIANCE_MATRIX>
		<ROI_SIZE>283</ROI_SIZE>
		<MAX_VALUE>[0.13418738543987274, 0.13998056948184967, 0.10410203784704208, 0.07785182446241379, 0.05490812659263611, 0.04046354815363884]</MAX_VALUE>
		<MIN_VALUE>[0.09827761352062225, 0.08922344446182251, 0.07165951281785965, 0.02377646043896675, 0.0026855010073632, 0.0]</MIN_VALUE>
		<SIGNATURE_THRESHOLD_MD>0</SIGNATURE_THRESHOLD_MD>
		<SIGNATURE_THRESHOLD_ML>0</SIGNATURE_THRESHOLD_ML>
		<SIGNATURE_THRESHOLD_SAM>0</SIGNATURE_THRESHOLD_SAM>
	</signature>
	<signature ID="20200810_094754071279_663">
		<MACROCLASSID>1</MACROCLASSID>
		<MACROCLASSINFO>MC 1</MACROCLASSINFO>
		<CLASSID>12</CLASSID>
		<CLASSINFO>C 1</CLASSINFO>
		<VALUES>[0.12338119623377736, 0.0027351914388414745, 0.1591771764933694, 0.009466734327347888, 0.1527212984216066, 0.008493935422394992, 0.05664170570211649, 0.010023791510545688, 0.013036900052634056, 0.008558550804156984, 0.008192668643055689, 0.006645153591699541]</VALUES>
		<LCS_MIN>[0.11264153569936752, 0.12045861035585403, 0.12573038041591644, 0.04630785807967186, 0.0026855010073632, 0.0]</LCS_MIN>
		<LCS_MAX>[0.1288009136915207, 0.1712157279253006, 0.16538234055042267, 0.1003832146525383, 0.05490812659263611, 0.03629707917571068]</LCS_MAX>
		<WAVELENGTH>[0.485, 0.56, 0.66, 0.83, 1.65, 2.215]</WAVELENGTH>
		<MEAN_VALUE>[0.12338119623377736, 0.1591771764933694, 0.1527212984216066, 0.05664170570211649, 0.013036900052634056, 0.008192668643055689]</MEAN_VALUE>
		<CHECKBOX>2</CHECKBOX>
		<SD>[0.0027351914388414745, 0.009466734327347888, 0.008493935422394992, 0.010023791510545688, 0.008558550804156984, 0.006645153591699541]</SD>
		<WAVELENGTH_UNIT>E-6m</WAVELENGTH_UNIT>
		<COLOR>#c953c9</COLOR>
		<COVARIANCE_MATRIX>[[7.504434040570256e-06, 1.858923285522275e-05, 1.4906718360985476e-05, -1.9294118726447417e-05, -1.2798652215440384e-05, -9.128673161460256e-06], [1.858923285522275e-05, 8.989651721104047e-05, 7.116287271382286e-05, -7.735405066107288e-05, -4.3755834877673346e-05, -3.3334955028967384e-05], [1.4906718360985476e-05, 7.116287271382286e-05, 7.237030409591528e-05, -5.810217633713242e-05, -3.372950585488956e-05, -2.6395322378110596e-05], [-1.9294118726447417e-05, -7.735405066107288e-05, -5.810217633713242e-05, 0.00010078746868108863, 6.189040430024932e-05, 4.500139254869631e-05], [-1.2798652215440384e-05, -4.3755834877673346e-05, -3.372950585488956e-05, 6.189040430024932e-05, 7.347556831274591e-05, 4.7311415649947486e-05], [-9.128673161460256e-06, -3.3334955028967384e-05, -2.6395322378110596e-05, 4.500139254869631e-05, 4.7311415649947486e-05, 4.429477853671164e-05]]</COVARIANCE_MATRIX>
		<ROI_SIZE>324</ROI_SIZE>
		<MAX_VALUE>[0.1288009136915207, 0.1712157279253006, 0.16538234055042267, 0.1003832146525383, 0.05490812659263611, 0.03629707917571068]</MAX_VALUE>
		<MIN_VALUE>[0.11264153569936752, 0.12045861035585403, 0.12573038041591644, 0.04630785807967186, 0.0026855010073632, 0.0]</MIN_VALUE>
		<SIGNATURE_THRESHOLD_MD>0</SIGNATURE_THRESHOLD_MD>
		<SIGNATURE_THRESHOLD_ML>0</SIGNATURE_THRESHOLD_ML>
		<SIGNATURE_THRESHOLD_SAM>0</SIGNATURE_THRESHOLD_SAM>
	</signature>
	<signature ID="20200810_094801886992_840">
		<MACROCLASSID>1</MACROCLASSID>
		<MACROCLASSINFO>MC 1</MACROCLASSINFO>
		<CLASSID>13</CLASSID>
		<CLASSINFO>C 1</CLASSINFO>
		<VALUES>[0.09485321319516521, 0.0024115033360334287, 0.0689141307320824, 0.003176673618854881, 0.04097886731142352, 0.004743082076611875, 0.028491772514826142, 0.0053480504208490934, 0.00782914135811552, 0.006198808595849189, 0.004633820013850705, 0.00533694141158248]</VALUES>
		<LCS_MIN>[0.0803227424621582, 0.054083917289972305, 0.03200753778219223, 0.01927018165588379, 0.0, 0.0]</LCS_MIN>
		<LCS_MAX>[0.10186859220266342, 0.08531907200813293, 0.07886895537376404, 0.07334554195404053, 0.05490812659263611, 0.048796482384204865]</LCS_MAX>
		<WAVELENGTH>[0.485, 0.56, 0.66, 0.83, 1.65, 2.215]</WAVELENGTH>
		<MEAN_VALUE>[0.09485321319516521, 0.0689141307320824, 0.04097886731142352, 0.028491772514826142, 0.00782914135811552, 0.004633820013850705]</MEAN_VALUE>
		<CHECKBOX>2</CHECKBOX>
		<SD>[0.0024115033360334287, 0.003176673618854881, 0.004743082076611875, 0.0053480504208490934, 0.006198808595849189, 0.00533694141158248]</SD>
		<WAVELENGTH_UNIT>E-6m</WAVELENGTH_UNIT>
		<COLOR>#3ffb53</COLOR>
		<COVARIANCE_MATRIX>[[5.3144606642047475e-06, 1.985977314652212e-06, 1.0982936735464546e-06, 9.039131548583534e-07, -5.876842677951639e-07, -2.3266184041327404e-07], [1.985977314652212e-06, 1.2729951424253974e-05, 1.0924994987989967e-05, 8.512919788775562e-06, 8.757032826258907e-06, 6.5393458264861234e-06], [1.0982936735464546e-06, 1.0924994987989967e-05, 2.666361679720627e-05, 1.902253378382544e-05, 2.155257558424028e-05, 1.6068549286469512e-05], [9.039131548583534e-07, 8.512919788775562e-06, 1.902253378382544e-05, 3.110328243174883e-05, 2.5763388343214374e-05, 1.886953835922583e-05], [-5.876842677951639e-07, 8.757032826258907e-06, 2.155257558424028e-05, 2.5763388343214374e-05, 4.063342223989786e-05, 2.576514578435248e-05], [-2.3266184041327404e-07, 6.5393458264861234e-06, 1.6068549286469512e-05, 1.886953835922583e-05, 2.576514578435248e-05, 2.9563822547962686e-05]]</COVARIANCE_MATRIX>
		<ROI_SIZE>3882</ROI_SIZE>
		<MAX_VALUE>[0.10186859220266342, 0.08531907200813293, 0.07886895537376404, 0.07334554195404053, 0.05490812659263611, 0.048796482384204865]</MAX_VALUE>
		<MIN_VALUE>[0.0803227424621582, 0.054083917289972305, 0.03200753778219223, 0.01927018165588379, 0.0, 0.0]</MIN_VALUE>
		<SIGNATURE_THRESHOLD_MD>0</SIGNATURE_THRESHOLD_MD>
		<SIGNATURE_THRESHOLD_ML>0</SIGNATURE_THRESHOLD_ML>
		<SIGNATURE_THRESHOLD_SAM>0</SIGNATURE_THRESHOLD_SAM>
	</signature>
	<signature ID="20200810_094817757509_343">
		<MACROCLASSID>1</MACROCLASSID>
		<MACROCLASSINFO>MC 1</MACROCLASSINFO>
		<CLASSID>14</CLASSID>
		<CLASSINFO>C 1</CLASSINFO>
		<VALUES>[0.11942589511828765, 0.002950813246583396, 0.1601160908383982, 0.00910021337362157, 0.20057990167822162, 0.013450507463643764, 0.09372035403336793, 0.009641873216056723, 0.017937824228179782, 0.011184881418412222, 0.011647370095098654, 0.008590383121072201]</VALUES>
		<LCS_MIN>[0.11264153569936752, 0.13217179477214813, 0.16177760064601898, 0.08235809206962585, 0.0026855010073632, 0.0]</LCS_MIN>
		<LCS_MAX>[0.12520994246006012, 0.1712157279253006, 0.21584850549697876, 0.13192717730998993, 0.05200687050819397, 0.048796482384204865]</LCS_MAX>
		<WAVELENGTH>[0.485, 0.56, 0.66, 0.83, 1.65, 2.215]</WAVELENGTH>
		<MEAN_VALUE>[0.11942589511828765, 0.1601160908383982, 0.20057990167822162, 0.09372035403336793, 0.017937824228179782, 0.011647370095098654]</MEAN_VALUE>
		<CHECKBOX>2</CHECKBOX>
		<SD>[0.002950813246583396, 0.00910021337362157, 0.013450507463643764, 0.009641873216056723, 0.011184881418412222, 0.008590383121072201]</SD>
		<WAVELENGTH_UNIT>E-6m</WAVELENGTH_UNIT>
		<COLOR>#4663f5</COLOR>
		<COVARIANCE_MATRIX>[[8.769941253738726e-06, 2.0116553897644082e-05, 2.9040884818188305e-05, -2.0887227180266164e-05, -1.9001405984171072e-05, -1.2084380742390972e-05], [2.0116553897644082e-05, 8.340966677958084e-05, 0.0001149417817319572, -7.803151083902464e-05, -6.410776282438996e-05, -4.2561483716229745e-05], [2.9040884818188305e-05, 0.0001149417817319572, 0.00018221770607291463, -0.0001161372084186265, -8.806842845846186e-05, -5.824591831613087e-05], [-2.0887227180266164e-05, -7.803151083902464e-05, -0.0001161372084186265, 9.363453723763809e-05, 7.489061240122616e-05, 4.868633541154204e-05], [-1.9001405984171072e-05, -6.410776282438996e-05, -8.806842845846186e-05, 7.489061240122616e-05, 0.00012600158365576997, 8.402613331640843e-05], [-1.2084380742390972e-05, -4.2561483716229745e-05, -5.824591831613087e-05, 4.868633541154204e-05, 8.402613331640843e-05, 7.432557916080793e-05]]</COVARIANCE_MATRIX>
		<ROI_SIZE>140</ROI_SIZE>
		<MAX_VALUE>[0.12520994246006012, 0.1712157279253006, 0.21584850549697876, 0.13192717730998993, 0.05200687050819397, 0.048796482384204865]</MAX_VALUE>
		<MIN_VALUE>[0.11264153569936752, 0.13217179477214813, 0.16177760064601898, 0.08235809206962585, 0.0026855010073632, 0.0]</MIN_VALUE>
		<SIGNATURE_THRESHOLD_MD>0</SIGNATURE_THRESHOLD_MD>
		<SIGNATURE_THRESHOLD_ML>0</SIGNATURE_THRESHOLD_ML>
		<SIGNATURE_THRESHOLD_SAM>0</SIGNATURE_THRESHOLD_SAM>
	</signature>
	<signature ID="20200810_094822884991_841">
		<MACROCLASSID>1</MACROCLASSID>
		<MACROCLASSINFO>MC 1</MACROCLASSINFO>
		<CLASSID>15</CLASSID>
		<CLASSINFO>C 1</CLASSINFO>
		<VALUES>[0.11601263778854391, 0.0030377998475344804, 0.13858614276562412, 0.006013839630429179, 0.11153216872896468, 0.0037777287217536644, 0.04400873720189746, 0.013133924815742364, 0.02175090506634846, 0.012646285794615773, 0.015774615840720273, 0.010362753803578468]</VALUES>
		<LCS_MIN>[0.10725504904985428, 0.11655420809984207, 0.10410203784704208, 0.028282741084694862, 0.005586758255958557, 0.0]</LCS_MIN>
		<LCS_MAX>[0.12341443449258804, 0.1477893590927124, 0.12933510541915894, 0.08686436712741852, 0.05490812659263611, 0.048796482384204865]</LCS_MAX>
		<WAVELENGTH>[0.485, 0.56, 0.66, 0.83, 1.65, 2.215]</WAVELENGTH>
		<MEAN_VALUE>[0.11601263778854391, 0.13858614276562412, 0.11153216872896468, 0.04400873720189746, 0.02175090506634846, 0.015774615840720273]</MEAN_VALUE>
		<CHECKBOX>2</CHECKBOX>
		<SD>[0.0030377998475344804, 0.006013839630429179, 0.0037777287217536644, 0.013133924815742364, 0.012646285794615773, 0.010362753803578468]</SD>
		<WAVELENGTH_UNIT>E-6m</WAVELENGTH_UNIT>
		<COLOR>#a0eda1</COLOR>
		<COVARIANCE_MATRIX>[[9.323364283924639e-06, 1.32772128676359e-05, -4.554936135644387e-06, -2.8703951180414993e-05, -2.079063931153061e-05, -1.5432691520690666e-05], [1.32772128676359e-05, 3.653911521495909e-05, -8.394799034046032e-06, -6.237030185878892e-05, -4.659514492397791e-05, -3.7081333932421855e-05], [-4.554936135644387e-06, -8.394799034046032e-06, 1.441836042191681e-05, 2.9148780419604753e-05, 2.917213582148655e-05, 2.233727896215081e-05], [-2.8703951180414993e-05, -6.237030185878892e-05, 2.9148780419604753e-05, 0.0001742783313858367, 0.00012313317205096962, 9.725006689971613e-05], [-2.079063931153061e-05, -4.659514492397791e-05, 2.917213582148655e-05, 0.00012313317205096962, 0.0001615772922795038, 0.00011822326496637542], [-1.5432691520690666e-05, -3.7081333932421855e-05, 2.233727896215081e-05, 9.725006689971613e-05, 0.00011822326496637542, 0.00010849374542856537]]</COVARIANCE_MATRIX>
		<ROI_SIZE>98</ROI_SIZE>
		<MAX_VALUE>[0.12341443449258804, 0.1477893590927124, 0.12933510541915894, 0.08686436712741852, 0.05490812659263611, 0.048796482384204865]</MAX_VALUE>
		<MIN_VALUE>[0.10725504904985428, 0.11655420809984207, 0.10410203784704208, 0.028282741084694862, 0.005586758255958557, 0.0]</MIN_VALUE>
		<SIGNATURE_THRESHOLD_MD>0</SIGNATURE_THRESHOLD_MD>
		<SIGNATURE_THRESHOLD_ML>0</SIGNATURE_THRESHOLD_ML>
		<SIGNATURE_THRESHOLD_SAM>0</SIGNATURE_THRESHOLD_SAM>
	</signature>
	<signature ID="20200810_094830546983_567">
		<MACROCLASSID>1</MACROCLASSID>
		<MACROCLASSINFO>MC 1</MACROCLASSINFO>
		<CLASSID>16</CLASSID>
		<CLASSINFO>C 1</CLASSINFO>
		<VALUES>[0.15062731939057505, 0.004520983476533325, 0.1967162860867878, 0.008891838381369479, 0.16887441805253425, 0.006360687373909513, 0.0617512565028543, 0.010112907515998141, 0.025593343806879904, 0.014135746986864822, 0.018732318058027882, 0.011934970956904415]</VALUES>
		<LCS_MIN>[0.1288009136915207, 0.16340692341327667, 0.13654454052448273, 0.04630785807967186, 0.0026855010073632, 0.0]</LCS_MIN>
		<LCS_MAX>[0.15752872824668884, 0.2063552588224411, 0.17619653046131134, 0.09587693214416504, 0.060710638761520386, 0.048796482384204865]</LCS_MAX>
		<WAVELENGTH>[0.485, 0.56, 0.66, 0.83, 1.65, 2.215]</WAVELENGTH>
		<MEAN_VALUE>[0.15062731939057505, 0.1967162860867878, 0.16887441805253425, 0.0617512565028543, 0.025593343806879904, 0.018732318058027882]</MEAN_VALUE>
		<CHECKBOX>2</CHECKBOX>
