<?xml version="1.0" ?>
<signaturelist MCID_LIST="[['1', 'waterbody', '#0000ff'], ['2', 'vegetation', '#00ff00'], ['3', 'bareland', '#ffaa00'], ['4', 'built-up', '#ff0000']]">
	<signature ID="20200826_152443742024_807">
		<MACROCLASSID>1</MACROCLASSID>
		<MACROCLASSINFO>MC 1</MACROCLASSINFO>
		<CLASSID>1</CLASSID>
		<CLASSINFO>C 1</CLASSINFO>
		<VALUES>[0.11172363073402068, 0.0018708607816568358, 0.07986315851909416, 0.0025973410531923025, 0.055332324395085654, 0.0022085018015629947, 0.05767502673807363, 0.004858931822970467, 0.014420551962325072, 0.0036888596600367332, 0.006515368860684747, 0.00309416492163236]</VALUES>
		<LCS_MIN>[0.10468856245279312, 0.07173198461532593, 0.05043000355362892, 0.04873828589916229, 0.004922035150229931, 0.0]</LCS_MIN>
		<LCS_MAX>[0.11912457644939423, 0.09057019650936127, 0.06948497146368027, 0.1241704523563385, 0.07649170607328415, 0.039319850504398346]</LCS_MAX>
		<WAVELENGTH>[0.485, 0.56, 0.66, 0.83, 1.65, 2.215]</WAVELENGTH>
		<MEAN_VALUE>[0.11172363073402068, 0.07986315851909416, 0.055332324395085654, 0.05767502673807363, 0.014420551962325072, 0.006515368860684747]</MEAN_VALUE>
		<CHECKBOX>2</CHECKBOX>
		<SD>[0.0018708607816568358, 0.0025973410531923025, 0.0022085018015629947, 0.004858931822970467, 0.0036888596600367332, 0.00309416492163236]</SD>
		<WAVELENGTH_UNIT>E-6m</WAVELENGTH_UNIT>
		<COLOR>#b8dc13</COLOR>
		<COVARIANCE_MATRIX>[[3.576432896717575e-06, 1.1999288312133793e-06, 9.962220334534306e-07, 1.1669410953221767e-06, 7.196237346874955e-07, 3.229421648954566e-07], [1.1999288312133793e-06, 6.845672539063184e-06, 1.466075032726597e-06, 3.7662379674983398e-06, 2.1608759458250285e-06, 9.283307390748054e-07], [9.962220334534306e-07, 1.466075032726597e-06, 4.939125558734877e-06, 4.200811902236333e-06, 2.1849148420433133e-06, 1.131148308517845e-06], [1.1669410953221767e-06, 3.7662379674983398e-06, 4.200811902236333e-06, 3.042193883719755e-05, 1.3792621703495149e-05, 6.0803352946765874e-06], [7.196237346874955e-07, 2.1608759458250285e-06, 2.1849148420433133e-06, 1.3792621703495149e-05, 1.3915724988313815e-05, 4.09870404842589e-06], [3.229421648954566e-07, 9.283307390748054e-07, 1.131148308517845e-06, 6.0803352946765874e-06, 4.09870404842589e-06, 9.483754947353862e-06]]</COVARIANCE_MATRIX>
		<ROI_SIZE>9486</ROI_SIZE>
		<MAX_VALUE>[0.11912457644939423, 0.09057019650936127, 0.06948497146368027, 0.1241704523563385, 0.07649170607328415, 0.039319850504398346]</MAX_VALUE>
		<MIN_VALUE>[0.10468856245279312, 0.07173198461532593, 0.05043000355362892, 0.04873828589916229, 0.004922035150229931, 0.0]</MIN_VALUE>
		<SIGNATURE_THRESHOLD_MD>0</SIGNATURE_THRESHOLD_MD>
		<SIGNATURE_THRESHOLD_ML>0</SIGNATURE_THRESHOLD_ML>
		<SIGNATURE_THRESHOLD_SAM>0</SIGNATURE_THRESHOLD_SAM>
	</signature>
	<signature ID="20200826_152450937380_258">
		<MACROCLASSID>1</MACROCLASSID>
		<MACROCLASSINFO>MC 1</MACROCLASSINFO>
		<CLASSID>2</CLASSID>
		<CLASSINFO>C 1</CLASSINFO>
		<VALUES>[0.11035277004859932, 0.001820146625841626, 0.07813373460301011, 0.0024274424133328455, 0.054354883837622846, 0.0019552331899056383, 0.05590629923732588, 0.0030725489378644172, 0.013908831110138508, 0.002410718191469456, 0.0065295918113877005, 0.0027804631568980804]</VALUES>
		<LCS_MIN>[0.10288406908512115, 0.0679643303155899, 0.04725418612360954, 0.04873828589916229, 0.004922035150229931, 0.0]</LCS_MIN>
		<LCS_MAX>[0.11732007563114166, 0.0943378359079361, 0.06948497146368027, 0.12020032852888107, 0.05348717421293259, 0.028307655826210976]</LCS_MAX>
		<WAVELENGTH>[0.485, 0.56, 0.66, 0.83, 1.65, 2.215]</WAVELENGTH>
		<MEAN_VALUE>[0.11035277004859932, 0.07813373460301011, 0.054354883837622846, 0.05590629923732588, 0.013908831110138508, 0.0065295918113877005]</MEAN_VALUE>
		<CHECKBOX>2</CHECKBOX>
		<SD>[0.001820146625841626, 0.0024274424133328455, 0.0019552331899056383, 0.0030725489378644172, 0.002410718191469456, 0.0027804631568980804]</SD>
		<WAVELENGTH_UNIT>E-6m</WAVELENGTH_UNIT>
		<COLOR>#a7ac41</COLOR>
		<COVARIANCE_MATRIX>[[3.295160259561989e-06, 3.966941291991695e-07, 4.0653258272723186e-07, 4.450166524907967e-07, 2.5370087473482315e-07, 7.782337534038137e-08], [3.966941291991695e-07, 5.8699349539844365e-06, 4.825984045809372e-07, 2.001129389650264e-06, 7.157929829944825e-07, 2.965637638037637e-07], [4.0653258272723186e-07, 4.825984045809372e-07, 3.814177311656283e-06, 1.1529596398601423e-06, 4.471811188620113e-07, 1.4830461588944697e-07], [4.450166524907967e-07, 2.001129389650264e-06, 1.1529596398601423e-06, 9.910856108138768e-06, 1.835660282122852e-06, 9.076828677819461e-07], [2.5370087473482315e-07, 7.157929829944825e-07, 4.471811188620113e-07, 1.835660282122852e-06, 6.289655945029149e-06, 6.9186905675824e-07], [7.782337534038137e-08, 2.965637638037637e-07, 1.4830461588944697e-07, 9.076828677819461e-07, 6.9186905675824e-07, 7.96352860120827e-06]]</COVARIANCE_MATRIX>
		<ROI_SIZE>10183</ROI_SIZE>
		<MAX_VALUE>[0.11732007563114166, 0.0943378359079361, 0.06948497146368027, 0.12020032852888107, 0.05348717421293259, 0.028307655826210976]</MAX_VALUE>
		<MIN_VALUE>[0.10288406908512115, 0.0679643303155899, 0.04725418612360954, 0.04873828589916229, 0.004922035150229931, 0.0]</MIN_VALUE>
		<SIGNATURE_THRESHOLD_MD>0</SIGNATURE_THRESHOLD_MD>
		<SIGNATURE_THRESHOLD_ML>0</SIGNATURE_THRESHOLD_ML>
		<SIGNATURE_THRESHOLD_SAM>0</SIGNATURE_THRESHOLD_SAM>
	</signature>
	<signature ID="20200826_152520783759_565">
		<MACROCLASSID>1</MACROCLASSID>
		<MACROCLASSINFO>MC 1</MACROCLASSINFO>
		<CLASSID>3</CLASSID>
		<CLASSINFO>C 1</CLASSINFO>
		<VALUES>[0.13608721502221333, 0.006543231501852221, 0.09941756663977774, 0.008096930387388391, 0.0751692947610857, 0.007951929192170215, 0.07091755163589991, 0.01212564278619935, 0.02759518097283437, 0.01065137318618567, 0.01849605375214803, 0.010611128886443189]</VALUES>
		<LCS_MIN>[0.11190656572580338, 0.08680254966020584, 0.06313331425189972, 0.052708402276039124, 0.012590214610099792, 0.0026125344447791576]</LCS_MIN>
		<LCS_MAX>[0.1642371267080307, 0.135781928896904, 0.11077072471380234, 0.14005090296268463, 0.07649170607328415, 0.06501497328281403]</LCS_MAX>
		<WAVELENGTH>[0.485, 0.56, 0.66, 0.83, 1.65, 2.215]</WAVELENGTH>
		<MEAN_VALUE>[0.13608721502221333, 0.09941756663977774, 0.0751692947610857, 0.07091755163589991, 0.02759518097283437, 0.01849605375214803]</MEAN_VALUE>
		<CHECKBOX>2</CHECKBOX>
		<SD>[0.006543231501852221, 0.008096930387388391, 0.007951929192170215, 0.01212564278619935, 0.01065137318618567, 0.010611128886443189]</SD>
		<WAVELENGTH_UNIT>E-6m</WAVELENGTH_UNIT>
		<COLOR>#241bb7</COLOR>
		<COVARIANCE_MATRIX>[[4.512991739116983e-05, 5.191589467027629e-05, 5.073626477027165e-05, 7.993148338796375e-05, 6.809106776893132e-05, 6.514205365911454e-05], [5.191589467027629e-05, 7.465752221998789e-05, 6.850603685768223e-05, 0.00010486570407448587, 8.203550026928414e-05, 7.669554968961214e-05], [5.073626477027165e-05, 6.850603685768223e-05, 7.161398541622179e-05, 0.00010327026399644857, 8.043351905445127e-05, 7.542211408185103e-05], [7.993148338796375e-05, 0.00010486570407448587, 0.00010327026399644857, 0.00016991560979421336, 0.00013071867263176796, 0.00012250267067796228], [6.809106776893132e-05, 8.203550026928414e-05, 8.043351905445127e-05, 0.00013071867263176796, 0.0001179814432302365, 0.00010927778757424477], [6.514205365911454e-05, 7.669554968961214e-05, 7.542211408185103e-05, 0.00012250267067796228, 0.00010927778757424477, 0.00011342211203962797]]</COVARIANCE_MATRIX>
		<ROI_SIZE>9384</ROI_SIZE>
		<MAX_VALUE>[0.1642371267080307, 0.135781928896904, 0.11077072471380234, 0.14005090296268463, 0.07649170607328415, 0.06501497328281403]</MAX_VALUE>
		<MIN_VALUE>[0.11190656572580338, 0.08680254966020584, 0.06313331425189972, 0.052708402276039124, 0.012590214610099792, 0.0026125344447791576]</MIN_VALUE>
		<SIGNATURE_THRESHOLD_MD>0</SIGNATURE_THRESHOLD_MD>
		<SIGNATURE_THRESHOLD_ML>0</SIGNATURE_THRESHOLD_ML>
		<SIGNATURE_THRESHOLD_SAM>0</SIGNATURE_THRESHOLD_SAM>
	</signature>
	<signature ID="20200826_152532786743_980">
		<MACROCLASSID>1</MACROCLASSID>
		<MACROCLASSINFO>MC 1</MACROCLASSINFO>
		<CLASSID>4</CLASSID>
		<CLASSINFO>C 1</CLASSINFO>
		<VALUES>[0.13166913163076766, 0.00260507885686428, 0.09414821244259859, 0.0028335555875354675, 0.06998492878041028, 0.0032117361285659237, 0.06591525481024116, 0.0031729447057432317, 0.020612700335088243, 0.004178102818369666, 0.011792845268374184, 0.00537632247263374]</VALUES>
		<LCS_MIN>[0.12273357063531876, 0.08303491026163101, 0.06313331425189972, 0.05667852610349655, 0.0074780951254069805, 0.0]</LCS_MIN>
		<LCS_MAX>[0.14258308708667755, 0.10564077645540237, 0.08218827843666077, 0.08446931093931198, 0.04326292872428894, 0.03564911708235741]</LCS_MAX>
		<WAVELENGTH>[0.485, 0.56, 0.66, 0.83, 1.65, 2.215]</WAVELENGTH>
		<MEAN_VALUE>[0.13166913163076766, 0.09414821244259859, 0.06998492878041028, 0.06591525481024116, 0.020612700335088243, 0.011792845268374184]</MEAN_VALUE>
		<CHECKBOX>2</CHECKBOX>
		<SD>[0.00260507885686428, 0.0028335555875354675, 0.0032117361285659237, 0.0031729447057432317, 0.004178102818369666, 0.00537632247263374]</SD>
		<WAVELENGTH_UNIT>E-6m</WAVELENGTH_UNIT>
		<COLOR>#d80148</COLOR>
		<COVARIANCE_MATRIX>[[7.132808014041514e-06, 4.414605771621848e-06, 5.113163589242287e-06, 4.943485537027248e-06, 7.632392786186444e-06, 9.468569688624853e-06], [4.414605771621848e-06, 8.458621769791179e-06, 5.263534343672946e-06, 5.401601155486982e-06, 7.964149671696666e-06, 9.786454942033402e-06], [5.113163589242287e-06, 5.263534343672946e-06, 1.0797346347808347e-05, 5.94189213576279e-06, 9.279323304348405e-06, 1.1584339371433456e-05], [4.943485537027248e-06, 5.401601155486982e-06, 5.94189213576279e-06, 1.0634860334521538e-05, 8.800543606352087e-06, 1.0924714898071831e-05], [7.632392786186444e-06, 7.964149671696666e-06, 9.279323304348405e-06, 8.800543606352087e-06, 1.9028147676108265e-05, 1.8816678057083538e-05], [9.468569688624853e-06, 9.786454942033402e-06, 1.1584339371433456e-05, 1.0924714898071831e-05, 1.8816678057083538e-05, 3.1126788993161264e-05]]</COVARIANCE_MATRIX>
		<ROI_SIZE>10200</ROI_SIZE>
		<MAX_VALUE>[0.14258308708667755, 0.10564077645540237, 0.08218827843666077, 0.08446931093931198, 0.04326292872428894, 0.03564911708235741]</MAX_VALUE>
		<MIN_VALUE>[0.12273357063531876, 0.08303491026163101, 0.06313331425189972, 0.05667852610349655, 0.0074780951254069805, 0.0]</MIN_VALUE>
		<SIGNATURE_THRESHOLD_MD>0</SIGNATURE_THRESHOLD_MD>
		<SIGNATURE_THRESHOLD_ML>0</SIGNATURE_THRESHOLD_ML>
		<SIGNATURE_THRESHOLD_SAM>0</SIGNATURE_THRESHOLD_SAM>
	</signature>
	<signature ID="20200826_152600459556_773">
		<MACROCLASSID>1</MACROCLASSID>
		<MACROCLASSINFO>MC 1</MACROCLASSINFO>
		<CLASSID>5</CLASSID>
		<CLASSINFO>C 1</CLASSINFO>
		<VALUES>[0.12236195047425925, 0.002030503060055635, 0.08697849819713321, 0.0018364630173721007, 0.0621417876603482, 0.0018002634757797139, 0.05724717879071576, 0.002576196563066208, 0.015222619862984217, 0.0021500154505220675, 0.0071337722920391386, 0.0027329220737161253]</VALUES>
		<LCS_MIN>[0.1155155673623085, 0.07926726341247559, 0.04725418612360954, 0.04873828589916229, 0.0074780951254069805, 0.0]</LCS_MIN>
		<LCS_MAX>[0.12814708054065704, 0.0943378359079361, 0.06630914658308029, 0.06461874395608902, 0.02281445637345314, 0.017295461148023605]</LCS_MAX>
		<WAVELENGTH>[0.485, 0.56, 0.66, 0.83, 1.65, 2.215]</WAVELENGTH>
		<MEAN_VALUE>[0.12236195047425925, 0.08697849819713321, 0.0621417876603482, 0.05724717879071576, 0.015222619862984217, 0.0071337722920391386]</MEAN_VALUE>
		<CHECKBOX>2</CHECKBOX>
		<SD>[0.002030503060055635, 0.0018364630173721007, 0.0018002634757797139, 0.002576196563066208, 0.0021500154505220675, 0.0027329220737161253]</SD>
		<WAVELENGTH_UNIT>E-6m</WAVELENGTH_UNIT>
		<COLOR>#13c042</COLOR>
		<COVARIANCE_MATRIX>[[4.001786019442456e-06, 3.1888257031839514e-07, 3.8218173597735033e-07, 2.9496970918014067e-07, 2.816104568138969e-08, 6.546172610610252e-08], [3.1888257031839514e-07, 3.3321142849488027e-06, 2.686303755291136e-08, 3.78554938881682e-08, -3.401940317702935e-08, -6.991989356431949e-08], [3.8218173597735033e-07, 2.686303755291136e-08, 3.135795527387145e-06, 4.535658915071441e-07, -1.4020480952014446e-07, 1.1287631773317352e-09], [2.9496970918014067e-07, 3.78554938881682e-08, 4.535658915071441e-07, 5.78913069727234e-06, 2.2966802502273354e-07, 1.498640804905533e-07], [2.816104568138969e-08, -3.401940317702935e-08, -1.4020480952014446e-07, 2.2966802502273354e-07, 4.6922898055488555e-06, 1.4007110725694448e-07], [6.546172610610252e-08, -6.991989356431949e-08, 1.1287631773317352e-09, 1.498640804905533e-07, 1.4007110725694448e-07, 7.428815445595114e-06]]</COVARIANCE_MATRIX>
		<ROI_SIZE>10199</ROI_SIZE>
		<MAX_VALUE>[0.12814708054065704, 0.0943378359079361, 0.06630914658308029, 0.06461874395608902, 0.02281445637345314, 0.017295461148023605]</MAX_VALUE>
		<MIN_VALUE>[0.1155155673623085, 0.07926726341247559, 0.04725418612360954, 0.04873828589916229, 0.0074780951254069805, 0.0]</MIN_VALUE>
		<SIGNATURE_THRESHOLD_MD>0</SIGNATURE_THRESHOLD_MD>
		<SIGNATURE_THRESHOLD_ML>0</SIGNATURE_THRESHOLD_ML>
		<SIGNATURE_THRESHOLD_SAM>0</SIGNATURE_THRESHOLD_SAM>
	</signature>
	<signature ID="20200826_152615460703_110">
		<MACROCLASSID>1</MACROCLASSID>
		<MACROCLASSINFO>MC 1</MACROCLASSINFO>
		<CLASSID>6</CLASSID>
		<CLASSINFO>C 1</CLASSINFO>
		<VALUES>[0.11253803370351477, 0.0023757079205010798, 0.07988685843539621, 0.004869076770160067, 0.055004783168477685, 0.005531044518006515, 0.05151890439919274, 0.0062208765695820544, 0.013041967793592416, 0.005507338110700203, 0.0064207919323219596, 0.005013812822337233]</VALUES>
		<LCS_MIN>[0.10468856245279312, 0.07173198461532593, 0.04725418612360954, 0.04079806059598923, 0.0023659751750528812, 0.0]</LCS_MIN>
		<LCS_MAX>[0.1299515813589096, 0.11317607015371323, 0.09806741774082184, 0.11623021960258484, 0.07649170607328415, 0.06134423613548279]</LCS_MAX>
		<WAVELENGTH>[0.485, 0.56, 0.66, 0.83, 1.65, 2.215]</WAVELENGTH>
		<MEAN_VALUE>[0.11253803370351477, 0.07988685843539621, 0.055004783168477685, 0.05151890439919274, 0.013041967793592416, 0.0064207919323219596]</MEAN_VALUE>
		<CHECKBOX>2</CHECKBOX>
		<SD>[0.0023757079205010798, 0.004869076770160067, 0.005531044518006515, 0.0062208765695820544, 0.005507338110700203, 0.005013812822337233]</SD>
		<WAVELENGTH_UNIT>E-6m</WAVELENGTH_UNIT>
		<COLOR>#84c867</COLOR>
		<COVARIANCE_MATRIX>[[4.854995128936856e-06, 4.842031239499498e-06, 4.6588587822393115e-06, 5.2944616048548925e-06, 3.533300892680586e-06, 2.670893963804303e-06], [4.842031239499498e-06, 1.756274510026712e-05, 1.3361661561656058e-05, 1.4271958014505907e-05, 8.853455447565978e-06, 6.548399668040464e-06], [4.6588587822393115e-06, 1.3361661561656058e-05, 2.0426836001432103e-05, 1.8721619098291867e-05, 1.3045283739986777e-05, 1.0167296035754242e-05], [5.2944616048548925e-06, 1.4271958014505907e-05, 1.8721619098291867e-05, 2.566210112292067e-05, 1.6998313227568027e-05, 1.3685759365794117e-05], [3.533300892680586e-06, 8.853455447565978e-06, 1.3045283739986777e-05, 1.6998313227568027e-05, 2.023228176991797e-05, 1.2511256271705774e-05], [2.670893963804303e-06, 6.548399668040464e-06, 1.0167296035754242e-05, 1.3685759365794117e-05, 1.2511256271705774e-05, 1.8184008297175397e-05]]</COVARIANCE_MATRIX>
		<ROI_SIZE>10082</ROI_SIZE>
		<MAX_VALUE>[0.1299515813589096, 0.11317607015371323, 0.09806741774082184, 0.11623021960258484, 0.07649170607328415, 0.06134423613548279]</MAX_VALUE>
		<MIN_VALUE>[0.10468856245279312, 0.07173198461532593, 0.04725418612360954, 0.04079806059598923, 0.0023659751750528812, 0.0]</MIN_VALUE>
		<SIGNATURE_THRESHOLD_MD>0</SIGNATURE_THRESHOLD_MD>
		<SIGNATURE_THRESHOLD_ML>0</SIGNATURE_THRESHOLD_ML>
		<SIGNATURE_THRESHOLD_SAM>0</SIGNATURE_THRESHOLD_SAM>
	</signature>
	<signature ID="20200826_152621289674_391">
		<MACROCLASSID>1</MACROCLASSID>
		<MACROCLASSINFO>MC 1</MACROCLASSINFO>
		<CLASSID>7</CLASSID>
		<CLASSINFO>C 1</CLASSINFO>
		<VALUES>[0.11194218155512141, 0.0028062209724372756, 0.07572515460394205, 0.005128542679821292, 0.05276026539432593, 0.004724363343049946, 0.04379885792140805, 0.0059457662594427675, 0.011801666629693905, 0.004386297679193541, 0.006247484733024277, 0.003535543619450787]</VALUES>
		<LCS_MIN>[0.10468856245279312, 0.0679643303155899, 0.04725418612360954, 0.032857831567525864, 0.0, 0.0]</LCS_MIN>
		<LCS_MAX>[0.13175608217716217, 0.11317607015371323, 0.09806741774082184, 0.10828999429941177, 0.07649170607328415, 0.06501497328281403]</LCS_MAX>
		<WAVELENGTH>[0.485, 0.56, 0.66, 0.83, 1.65, 2.215]</WAVELENGTH>
		<MEAN_VALUE>[0.11194218155512141, 0.07572515460394205, 0.05276026539432593, 0.04379885792140805, 0.011801666629693905, 0.006247484733024277]</MEAN_VALUE>
		<CHECKBOX>2</CHECKBOX>
		<SD>[0.0028062209724372756, 0.005128542679821292, 0.004724363343049946, 0.0059457662594427675, 0.004386297679193541, 0.003535543619450787]</SD>
		<WAVELENGTH_UNIT>E-6m</WAVELENGTH_UNIT>
		<COLOR>#d5bbd7</COLOR>
		<COVARIANCE_MATRIX>[[7.536420872831199e-06, 9.41918338705658e-06, 7.287236007321103e-06, 8.120673001128988e-06, 4.848259653591572e-06, 2.8021126566000966e-06], [9.41918338705658e-06, 2.2837862517756444e-05, 1.5420650269821708e-05, 1.8163132428008906e-05, 1.0765692205723485e-05, 5.960059771972456e-06], [7.287236007321103e-06, 1.5420650269821708e-05, 1.755246297855841e-05, 1.7571548285465293e-05, 9.871185259452985e-06, 5.727460941895527e-06], [8.120673001128988e-06, 1.8163132428008906e-05, 1.7571548285465293e-05, 3.2971155297765594e-05, 1.822764143286689e-05, 1.0067011871671346e-05], [4.848259653591572e-06, 1.0765692205723485e-05, 9.871185259452985e-06, 1.822764143286689e-05, 1.944241597229615e-05, 8.200758327965746e-06], [2.8021126566000966e-06, 5.960059771972456e-06, 5.727460941895527e-06, 1.0067011871671346e-05, 8.200758327965746e-06, 1.2367443851025897e-05]]</COVARIANCE_MATRIX>
		<ROI_SIZE>8145</ROI_SIZE>
		<MAX_VALUE>[0.13175608217716217, 0.11317607015371323, 0.09806741774082184, 0.10828999429941177, 0.07649170607328415, 0.06501497328281403]</MAX_VALUE>
		<MIN_VALUE>[0.10468856245279312, 0.0679643303155899, 0.04725418612360954, 0.032857831567525864, 0.0, 0.0]</MIN_VALUE>
		<SIGNATURE_THRESHOLD_MD>0</SIGNATURE_THRESHOLD_MD>
		<SIGNATURE_THRESHOLD_ML>0</SIGNATURE_THRESHOLD_ML>
		<SIGNATURE_THRESHOLD_SAM>0</SIGNATURE_THRESHOLD_SAM>
	</signature>
	<signature ID="20200826_152637135778_949">
		<MACROCLASSID>1</MACROCLASSID>
		<MACROCLASSINFO>MC 1</MACROCLASSINFO>
		<CLASSID>8</CLASSID>
		<CLASSINFO>C 1</CLASSINFO>
		<VALUES>[0.12000924164478868, 0.010005933950849689, 0.08624842215353638, 0.019268075352729168, 0.06118377333785181, 0.01838728426236439, 0.04507843111933419, 0.01322304238783088, 0.010169642834196151, 0.002844159688493217, 0.005333368365297551, 0.002917359087564436]</VALUES>
		<LCS_MIN>[0.10468856245279312, 0.06419669836759567, 0.04407835379242897, 0.032857831567525864, 0.0023659751750528812, 0.0]</LCS_MIN>
		<LCS_MAX>[0.1552145928144455, 0.14331719279289246, 0.12347403168678284, 0.1122601106762886, 0.05859929695725441, 0.031978387385606766]</LCS_MAX>
		<WAVELENGTH>[0.485, 0.56, 0.66, 0.83, 1.65, 2.215]</WAVELENGTH>
		<MEAN_VALUE>[0.12000924164478868, 0.08624842215353638, 0.06118377333785181, 0.04507843111933419, 0.010169642834196151, 0.005333368365297551]</MEAN_VALUE>
		<CHECKBOX>2</CHECKBOX>
		<SD>[0.010005933950849689, 0.019268075352729168, 0.01838728426236439, 0.01322304238783088, 0.002844159688493217, 0.002917359087564436]</SD>
		<WAVELENGTH_UNIT>E-6m</WAVELENGTH_UNIT>
		<COLOR>#7310a2</COLOR>
		<COVARIANCE_MATRIX>[[0.00011662839176245548, 0.00021553585867862594, 0.0002063190767285276, 0.00012437743785474633, 9.825346225626705e-06, 4.091197752004242e-06], [0.00021553585867862594, 0.0004268225404310976, 0.00040469722109034046, 0.00024092101554955045, 1.9177281460158118e-05, 7.900553056039435e-06], [0.0002063190767285276, 0.00040469722109034046, 0.0004030202937973005, 0.0002521577530662983, 1.934419982003391e-05, 8.126395078022472e-06], [0.00012437743785474633, 0.00024092101554955045, 0.0002521577530662983, 0.00021120704057221953, 1.7791422103438167e-05, 7.382366294422987e-06], [9.825346225626705e-06, 1.9177281460158118e-05, 1.934419982003391e-05, 1.7791422103438167e-05, 8.406020663534506e-06, 1.8495302873604128e-06], [4.091197752004242e-06, 7.900553056039435e-06, 8.126395078022472e-06, 7.382366294422987e-06, 1.8495302873604128e-06, 8.395573915000505e-06]]</COVARIANCE_MATRIX>
		<ROI_SIZE>8176</ROI_SIZE>
		<MAX_VALUE>[0.1552145928144455, 0.14331719279289246, 0.12347403168678284, 0.1122601106762886, 0.05859929695725441, 0.031978387385606766]</MAX_VALUE>
		<MIN_VALUE>[0.10468856245279312, 0.06419669836759567, 0.04407835379242897, 0.032857831567525864, 0.0023659751750528812, 0.0]</MIN_VALUE>
		<SIGNATURE_THRESHOLD_MD>0</SIGNATURE_THRESHOLD_MD>
		<SIGNATURE_THRESHOLD_ML>0</SIGNATURE_THRESHOLD_ML>
		<SIGNATURE_THRESHOLD_SAM>0</SIGNATURE_THRESHOLD_SAM>
	</signature>
	<signature ID="20200826_152643670057_427">
		<MACROCLASSID>1</MACROCLASSID>
		<MACROCLASSINFO>MC 1</MACROCLASSINFO>
		<CLASSID>9</CLASSID>
		<CLASSINFO>C 1</CLASSINFO>
		<VALUES>[0.11856360674066013, 0.005173412401947802, 0.08860806530601702, 0.011969973547732604, 0.06287256099154825, 0.01557252558841008, 0.05422141305138482, 0.01893223145450857, 0.014374771196776997, 0.009477092129890327, 0.007551156359046823, 0.006516282455140043]</VALUES>
		<LCS_MIN>[0.10829756408929825, 0.07173198461532593, 0.04407835379242897, 0.036827947944402695, 0.0023659751750528812, 0.0]</LCS_MIN>
		<LCS_MAX>[0.1498010903596878, 0.13954958319664001, 0.12347403168678284, 0.1122601106762886, 0.0790477767586708, 0.06134423613548279]</LCS_MAX>
		<WAVELENGTH>[0.485, 0.56, 0.66, 0.83, 1.65, 2.215]</WAVELENGTH>
		<MEAN_VALUE>[0.11856360674066013, 0.08860806530601702, 0.06287256099154825, 0.05422141305138482, 0.014374771196776997, 0.007551156359046823]</MEAN_VALUE>
		<CHECKBOX>2</CHECKBOX>
		<SD>[0.005173412401947802, 0.011969973547732604, 0.01557252558841008, 0.01893223145450857, 0.009477092129890327, 0.006516282455140043]</SD>
		<WAVELENGTH_UNIT>E-6m</WAVELENGTH_UNIT>
		<COLOR>#72e4ce</COLOR>
		<COVARIANCE_MATRIX>[[3.1747953663626035e-05, 6.707616058258784e-05, 8.171978186841273e-05, 7.772602212649194e-05, 2.4848462873898786e-05, 1.3257483026199888e-05], [6.707616058258784e-05, 0.00017447521760921109, 0.00021054703536773966, 0.00019902364725033587, 6.412513437416814e-05, 3.4578508685880656e-05], [8.171978186841273e-05, 0.00021054703536773966, 0.00027793626164568467, 0.0002722010760639418, 9.325243040466287e-05, 5.170065341947863e-05], [7.772602212649194e-05, 0.00019902364725033587, 0.0002722010760639418, 0.0003474780620193617, 0.00013943758763556124, 7.911320501265179e-05], [2.4848462873898786e-05, 6.412513437416814e-05, 9.325243040466287e-05, 0.00013943758763556124, 9.499135171481537e-05, 5.53643546636778e-05], [1.3257483026199888e-05, 3.4578508685880656e-05, 5.170065341947863e-05, 7.911320501265179e-05, 5.53643546636778e-05, 4.285675062597732e-05]]</COVARIANCE_MATRIX>
		<ROI_SIZE>6538</ROI_SIZE>
		<MAX_VALUE>[0.1498010903596878, 0.13954958319664001, 0.12347403168678284, 0.1122601106762886, 0.0790477767586708, 0.06134423613548279]</MAX_VALUE>
		<MIN_VALUE>[0.10829756408929825, 0.07173198461532593, 0.04407835379242897, 0.036827947944402695, 0.0023659751750528812, 0.0]</MIN_VALUE>
		<SIGNATURE_THRESHOLD_MD>0</SIGNATURE_THRESHOLD_MD>
		<SIGNATURE_THRESHOLD_ML>0</SIGNATURE_THRESHOLD_ML>
		<SIGNATURE_THRESHOLD_SAM>0</SIGNATURE_THRESHOLD_SAM>
	</signature>
	<signature ID="20200826_152701149975_857">
		<MACROCLASSID>1</MACROCLASSID>
		<MACROCLASSINFO>MC 1</MACROCLASSINFO>
		<CLASSID>10</CLASSID>
		<CLASSINFO>C 1</CLASSINFO>
		<VALUES>[0.1187472537013519, 0.005189458147993247, 0.08052502941723733, 0.010842822642265857, 0.05460497954862709, 0.009795661747025805, 0.043631918869979386, 0.006358159660525002, 0.011153318429511344, 0.003005768698952764, 0.00620625505515481, 0.002961546643167529]</VALUES>
		<LCS_MIN>[0.11010205745697021, 0.0679643303155899, 0.04725418612360954, 0.036827947944402695, 0.0023659751750528812, 0.0]</LCS_MIN>
		<LCS_MAX>[0.16604161262512207, 0.14331719279289246, 0.12029820680618286, 0.10828999429941177, 0.07137959450483322, 0.031978387385606766]</LCS_MAX>
		<WAVELENGTH>[0.485, 0.56, 0.66, 0.83, 1.65, 2.215]</WAVELENGTH>
		<MEAN_VALUE>[0.1187472537013519, 0.08052502941723733, 0.05460497954862709, 0.043631918869979386, 0.011153318429511344, 0.00620625505515481]</MEAN_VALUE>
		<CHECKBOX>2</CHECKBOX>
		<SD>[0.005189458147993247, 0.010842822642265857, 0.009795661747025805, 0.006358159660525002, 0.003005768698952764, 0.002961546643167529]</SD>
		<WAVELENGTH_UNIT>E-6m</WAVELENGTH_UNIT>
		<COLOR>#cebfb1</COLOR>
		<COVARIANCE_MATRIX>[[4.362433216278069e-05, 8.736384927110126e-05, 7.919013315916762e-05, 4.0205356453637236e-05, 5.873964455570098e-06, 2.2983180478751028e-06], [8.736384927110126e-05, 0.0002082939950002198, 0.0001884093731006011, 9.419537756390886e-05, 1.2932868796637238e-05, 5.408929069834521e-06], [7.919013315916762e-05, 0.0001884093731006011, 0.00018784487872205066, 9.512241231432097e-05, 1.283824706634479e-05, 5.659689615084544e-06], [4.0205356453637236e-05, 9.419537756390886e-05, 9.512241231432097e-05, 6.952955284100354e-05, 1.0586511799530299e-05, 4.843060397482055e-06], [5.873964455570098e-06, 1.2932868796637238e-05, 1.283824706634479e-05, 1.0586511799530299e-05, 8.953358212009548e-06, 2.0831909464913704e-06], [2.2983180478751028e-06, 5.408929069834521e-06, 5.659689615084544e-06, 4.843060397482055e-06, 2.0831909464913704e-06, 8.990545711467097e-06]]</COVARIANCE_MATRIX>
		<ROI_SIZE>8179</ROI_SIZE>
		<MAX_VALUE>[0.16604161262512207, 0.14331719279289246, 0.12029820680618286, 0.10828999429941177, 0.07137959450483322, 0.031978387385606766]</MAX_VALUE>
		<MIN_VALUE>[0.11010205745697021, 0.0679643303155899, 0.04725418612360954, 0.036827947944402695, 0.0023659751750528812, 0.0]</MIN_VALUE>
		<SIGNATURE_THRESHOLD_MD>0</SIGNATURE_THRESHOLD_MD>
		<SIGNATURE_THRESHOLD_ML>0</SIGNATURE_THRESHOLD_ML>
		<SIGNATURE_THRESHOLD_SAM>0</SIGNATURE_THRESHOLD_SAM>
	</signature>
	<signature ID="20200826_152707377434_527">
		<MACROCLASSID>1</MACROCLASSID>
		<MACROCLASSINFO>MC 1</MACROCLASSINFO>
		<CLASSID>11</CLASSID>
		<CLASSINFO>C 1</CLASSINFO>
		<VALUES>[0.12653792051493915, 0.00256591440467724, 0.08254747749137221, 0.0032244453818466062, 0.059829096041201776, 0.002485257455990816, 0.04267764190218053, 0.0024152081248216303, 0.013594502185950832, 0.002413638133961419, 0.00765067419112528, 0.0027412454528901193]</VALUES>
		<LCS_MIN>[0.11912457644939423, 0.07173198461532593, 0.05360583961009979, 0.036827947944402695, 0.004922035150229931, 0.0]</LCS_MIN>
		<LCS_MAX>[0.1407785713672638, 0.09810549020767212, 0.07901246100664139, 0.06064863130450249, 0.027926575392484665, 0.020966188982129097]</LCS_MAX>
		<WAVELENGTH>[0.485, 0.56, 0.66, 0.83, 1.65, 2.215]</WAVELENGTH>
		<MEAN_VALUE>[0.12653792051493915, 0.08254747749137221, 0.059829096041201776, 0.04267764190218053, 0.013594502185950832, 0.00765067419112528]</MEAN_VALUE>
		<CHECKBOX>2</CHECKBOX>
		<SD>[0.00256591440467724, 0.0032244453818466062, 0.002485257455990816, 0.0024152081248216303, 0.002413638133961419, 0.0027412454528901193]</SD>
		<WAVELENGTH_UNIT>E-6m</WAVELENGTH_UNIT>
		<COLOR>#9f0eab</COLOR>
		<COVARIANCE_MATRIX>[[6.236304207031726e-06, 3.7918551547047287e-06, 2.943990385072954e-06, 2.6032201332679987e-06, 1.3517904673923367e-06, 7.594897127020413e-07], [3.7918551547047287e-06, 9.807874017176109e-06, 3.3048891114909766e-06, 2.9895454261814893e-06, 1.511116704089898e-06, 7.165157567190515e-07], [2.943990385072954e-06, 3.3048891114909766e-06, 5.833653241156618e-06, 2.360196594883285e-06, 1.0918674213150782e-06, 5.21229271438336e-07], [2.6032201332679987e-06, 2.9895454261814893e-06, 2.360196594883285e-06, 5.458495161191748e-06, 1.1653311418902101e-06, 5.062918382043322e-07], [1.3517904673923367e-06, 1.511116704089898e-06, 1.0918674213150782e-06, 1.1653311418902101e-06, 5.667836240415883e-06, 4.3095336569114205e-07], [7.594897127020413e-07, 7.165157567190515e-07, 5.21229271438336e-07, 5.062918382043322e-07, 4.3095336569114205e-07, 7.632278760909205e-06]]</COVARIANCE_MATRIX>
		<ROI_SIZE>10200</ROI_SIZE>
		<MAX_VALUE>[0.1407785713672638, 0.09810549020767212, 0.07901246100664139, 0.06064863130450249, 0.027926575392484665, 0.020966188982129097]</MAX_VALUE>
		<MIN_VALUE>[0.11912457644939423, 0.07173198461532593, 0.05360583961009979, 0.036827947944402695, 0.004922035150229931, 0.0]</MIN_VALUE>
		<SIGNATURE_THRESHOLD_MD>0</SIGNATURE_THRESHOLD_MD>
		<SIGNATURE_THRESHOLD_ML>0</SIGNATURE_THRESHOLD_ML>
		<SIGNATURE_THRESHOLD_SAM>0</SIGNATURE_THRESHOLD_SAM>
	</signature>
	<signature ID="20200826_152713378285_990">
		<MACROCLASSID>1</MACROCLASSID>
		<MACROCLASSINFO>MC 1</MACROCLASSINFO>
		<CLASSID>12</CLASSID>
		<CLASSINFO>C 1</CLASSINFO>
		<VALUES>[0.110892350237706, 0.0017096506900977208, 0.07008814357171916, 0.0020421842161882533, 0.048059144933329995, 0.0018073581015769966, 0.032997375363391715, 0.0010520184714278688, 0.00878824402275415, 0.001969819500961858, 0.0051175089194915495, 0.0027659907004959515]</VALUES>
		<LCS_MIN>[0.10288406908512115, 0.06419669836759567, 0.040902528911828995, 0.02888772077858448, 0.0, 0.0]</LCS_MIN>
		<LCS_MAX>[0.11732007563114166, 0.07549963146448135, 0.05360583961009979, 0.036827947944402695, 0.017702335491776466, 0.01362473051995039]</LCS_MAX>
		<WAVELENGTH>[0.485, 0.56, 0.66, 0.83, 1.65, 2.215]</WAVELENGTH>
		<MEAN_VALUE>[0.110892350237706, 0.07008814357171916, 0.048059144933329995, 0.032997375363391715, 0.00878824402275415, 0.0051175089194915495]</MEAN_VALUE>
		<CHECKBOX>2</CHECKBOX>
		<SD>[0.0017096506900977208, 0.0020421842161882533, 0.0018073581015769966, 0.0010520184714278688, 0.001969819500961858, 0.0027659907004959515]</SD>
		<WAVELENGTH_UNIT>E-6m</WAVELENGTH_UNIT>
		<COLOR>#35a5c9</COLOR>
		<COVARIANCE_MATRIX>[[2.9296791826804438e-06, 4.514576768132021e-08, 9.527323024264592e-08, -1.6265465960944128e-08, 6.248180114956116e-08, 3.275976828022388e-08], [4.514576768132021e-08, 4.143376160041886e-06, -8.566445402799473e-08, -8.674193467687624e-08, -5.94476338919379e-08, -3.0047033029408585e-08], [9.527323024264592e-08, -8.566445402799473e-08, 3.2815092437557508e-06, -3.844029148573412e-09, -6.720229602235099e-08, -2.2182457593551852e-08], [-1.6265465960944128e-08, -8.674193467687624e-08, -3.844029148573412e-09, 1.0269658275941128e-06, 1.2554078755721101e-08, -2.2469637093743987e-08], [6.248180114956116e-08, -5.94476338919379e-08, -6.720229602235099e-08, 1.2554078755721101e-08, 3.834024560122085e-06, 1.3992628978028055e-07], [3.275976828022388e-08, -3.0047033029408585e-08, -2.2182457593551852e-08, -2.2469637093743987e-08, 1.3992628978028055e-07, 7.65914322367188e-06]]</COVARIANCE_MATRIX>
		<ROI_SIZE>10201</ROI_SIZE>
		<MAX_VALUE>[0.11732007563114166, 0.07549963146448135, 0.05360583961009979, 0.036827947944402695, 0.017702335491776466, 0.01362473051995039]</MAX_VALUE>
		<MIN_VALUE>[0.10288406908512115, 0.06419669836759567, 0.040902528911828995, 0.02888772077858448, 0.0, 0.0]</MIN_VALUE>
		<SIGNATURE_THRESHOLD_MD>0</SIGNATURE_THRESHOLD_MD>
		<SIGNATURE_THRESHOLD_ML>0</SIGNATURE_THRESHOLD_ML>
		<SIGNATURE_THRESHOLD_SAM>0</SIGNATURE_THRESHOLD_SAM>
	</signature>
	<signature ID="20200826_152731119722_126">
		<MACROCLASSID>1</MACROCLASSID>
		<MACROCLASSINFO>MC 1</MACROCLASSINFO>
		<CLASSID>13</CLASSID>
		<CLASSINFO>C 1</CLASSINFO>
		<VALUES>[0.11668339649081008, 0.001873767932577704, 0.08979169600307361, 0.002024347592529343, 0.06334999034482601, 0.001925674816472381, 0.091604681681936, 0.012293596977368537, 0.02347713692175481, 0.007155720939967479, 0.009924409257476792, 0.00396327615860814]</VALUES>
		<LCS_MIN>[0.11190656572580338, 0.08303491026163101, 0.05995749309659004, 0.08049919456243515, 0.015146275982260704, 0.0]</LCS_MIN>
		<LCS_MAX>[0.1209290623664856, 0.0943378359079361, 0.06948497146368027, 0.15196125209331512, 0.07137959450483322, 0.031978387385606766]</LCS_MAX>
		<WAVELENGTH>[0.485, 0.56, 0.66, 0.83, 1.65, 2.215]</WAVELENGTH>
		<MEAN_VALUE>[0.11668339649081008, 0.08979169600307361, 0.06334999034482601, 0.091604681681936, 0.02347713692175481, 0.009924409257476792]</MEAN_VALUE>
		<CHECKBOX>2</CHECKBOX>
		<SD>[0.001873767932577704, 0.002024347592529343, 0.001925674816472381, 0.012293596977368537, 0.007155720939967479, 0.00396327615860814]</SD>
		<WAVELENGTH_UNIT>E-6m</WAVELENGTH_UNIT>
		<COLOR>#94d2f4</COLOR>
		<COVARIANCE_MATRIX>[[3.5178636992681007e-06, 7.383050836422565e-07, 6.195176722943303e-07, -1.5768512104663174e-06, -3.610103962127961e-07, 2.8963793805850936e-07], [7.383050836422565e-07, 4.105987048768777e-06, 7.065179917265211e-07, 1.797020897899612e-06, 1.1376087315653807e-06, 9.067569789575804e-07], [6.195176722943303e-07, 7.065179917265211e-07, 3.715466122817024e-06, 5.937167999468371e-06, 2.8843828917264127e-06, 1.8051569383138316e-06], [-1.5768512104663174e-06, 1.797020897899612e-06, 5.937167999468371e-06, 0.00015142770735806225, 7.777301262110653e-05, 2.9906988046510326e-05], [-3.610103962127961e-07, 1.1376087315653807e-06, 2.8843828917264127e-06, 7.777301262110653e-05, 5.130435065149116e-05, 1.892090225703181e-05], [2.8963793805850936e-07, 9.067569789575804e-07, 1.8051569383138316e-06, 2.9906988046510326e-05, 1.892090225703181e-05, 1.5738236733433472e-05]]</COVARIANCE_MATRIX>
		<ROI_SIZE>513</ROI_SIZE>
		<MAX_VALUE>[0.1209290623664856, 0.0943378359079361, 0.06948497146368027, 0.15196125209331512, 0.07137959450483322, 0.031978387385606766]</MAX_VALUE>
		<MIN_VALUE>[0.11190656572580338, 0.08303491026163101, 0.05995749309659004, 0.08049919456243515, 0.015146275982260704, 0.0]</MIN_VALUE>
		<SIGNATURE_THRESHOLD_MD>0</SIGNATURE_THRESHOLD_MD>
		<SIGNATURE_THRESHOLD_ML>0</SIGNATURE_THRESHOLD_ML>
		<SIGNATURE_THRESHOLD_SAM>0</SIGNATURE_THRESHOLD_SAM>
	</signature>
	<signature ID="20200826_152753492153_946">
		<MACROCLASSID>1</MACROCLASSID>
		<MACROCLASSINFO>MC 1</MACROCLASSINFO>
		<CLASSID>14</CLASSID>
		<CLASSINFO>C 1</CLASSINFO>
		<VALUES>[0.15710237536672625, 0.009217998828600815, 0.13697306603690704, 0.010852322959213642, 0.10036393203788607, 0.010361181975580004, 0.09729568245118891, 0.01791229374741097, 0.03518693946451907, 0.016307100377979836, 0.01941568499808662, 0.012357739137420729]</VALUES>
		<LCS_MIN>[0.13356058299541473, 0.1094084084033966, 0.07901246100664139, 0.07652907818555832, 0.012590214610099792, 0.0]</LCS_MIN>
		<LCS_MAX>[0.1985226571559906, 0.18476127088069916, 0.152056485414505, 0.15196125209331512, 0.08927202224731445, 0.07602716237306595]</LCS_MAX>
		<WAVELENGTH>[0.485, 0.56, 0.66, 0.83, 1.65, 2.215]</WAVELENGTH>
		<MEAN_VALUE>[0.15710237536672625, 0.13697306603690704, 0.10036393203788607, 0.09729568245118891, 0.03518693946451907, 0.01941568499808662]</MEAN_VALUE>
		<CHECKBOX>2</CHECKBOX>
		<SD>[0.009217998828600815, 0.010852322959213642, 0.010361181975580004, 0.01791229374741097, 0.016307100377979836, 0.012357739137420729]</SD>
		<WAVELENGTH_UNIT>E-6m</WAVELENGTH_UNIT>
		<COLOR>#51e4cd</COLOR>
		<COVARIANCE_MATRIX>[[8.501323693375499e-05, 9.367367554736026e-05, 8.011847545966342e-05, 6.462910049609042e-05, 7.284715133035224e-05, 7.125827316767908e-05], [9.367367554736026e-05, 0.00011783075885351798, 9.915108715372601e-05, 8.559255830198689e-05, 8.979822749062059e-05, 8.329160372342684e-05], [8.011847545966342e-05, 9.915108715372601e-05, 0.00010740681987407604, 0.00012683406403493104, 0.00012251764284763883, 0.00010101206072104617], [6.462910049609042e-05, 8.559255830198689e-05, 0.00012683406403493104, 0.0003210078558334651, 0.00026888305249853274, 0.000184681291146196], [7.284715133035224e-05, 8.979822749062059e-05, 0.00012251764284763883, 0.00026888305249853274, 0.00026605213252274383, 0.00018443481034732668], [7.125827316767908e-05, 8.329160372342684e-05, 0.00010101206072104617, 0.000184681291146196, 0.00018443481034732668, 0.00015278872332556814]]</COVARIANCE_MATRIX>
		<ROI_SIZE>2037</ROI_SIZE>
		<MAX_VALUE>[0.1985226571559906, 0.18476127088069916, 0.152056485414505, 0.15196125209331512, 0.08927202224731445, 0.07602716237306595]</MAX_VALUE>
		<MIN_VALUE>[0.13356058299541473, 0.1094084084033966, 0.07901246100664139, 0.07652907818555832, 0.012590214610099792, 0.0]</MIN_VALUE>
		<SIGNATURE_THRESHOLD_MD>0</SIGNATURE_THRESHOLD_MD>
		<SIGNATURE_THRESHOLD_ML>0</SIGNATURE_THRESHOLD_ML>
		<SIGNATURE_THRESHOLD_SAM>0</SIGNATURE_THRESHOLD_SAM>
	</signature>
	<signature ID="20200826_152814498816_607">
		<MACROCLASSID>1</MACROCLASSID>
		<MACROCLASSINFO>MC 1</MACROCLASSINFO>
		<CLASSID>15</CLASSID>
		<CLASSINFO>C 1</CLASSINFO>
		<VALUES>[0.13926888561785916, 0.003290458704687775, 0.1309540775582886, 0.004178723516315059, 0.10207597712964507, 0.006289839256952167, 0.08101392348058688, 0.013164626202087235, 0.030182446536153214, 0.016037642693347152, 0.01670491791568525, 0.012329074173031975]</VALUES>
		<LCS_MIN>[0.11732007563114166, 0.0943378359079361, 0.07583662867546082, 0.06461874395608902, 0.012590214610099792, 0.0]</LCS_MIN>
		<LCS_MAX>[0.14799658954143524, 0.14331719279289246, 0.12029820680618286, 0.1360807716846466, 0.08671596646308899, 0.07602716237306595]</LCS_MAX>
		<WAVELENGTH>[0.485, 0.56, 0.66, 0.83, 1.65, 2.215]</WAVELENGTH>
		<MEAN_VALUE>[0.13926888561785916, 0.1309540775582886, 0.10207597712964507, 0.08101392348058688, 0.030182446536153214, 0.01670491791568525]</MEAN_VALUE>
		<CHECKBOX>2</CHECKBOX>
		<SD>[0.003290458704687775, 0.004178723516315059, 0.006289839256952167, 0.013164626202087235, 0.016037642693347152, 0.012329074173031975]</SD>
		<WAVELENGTH_UNIT>E-6m</WAVELENGTH_UNIT>
		<COLOR>#e65f9d</COLOR>
		<COVARIANCE_MATRIX>[[1.0833416985502989e-05, 8.709288269187078e-06, -4.212842286957627e-06, -2.3727848984486972e-05, -2.542058686180661e-05, -1.7754658896901216e-05], [8.709288269187078e-06, 1.7471888300397638e-05, 2.8462747389784393e-06, -2.761221896139387e-05, -3.4240281960785094e-05, -2.3767301495301013e-05], [-4.212842286957627e-06, 2.8462747389784393e-06, 3.958509246694013e-05, 3.887790959193332e-05, 3.283386439574409e-05, 2.4530936778380565e-05], [-2.3727848984486972e-05, -2.761221896139387e-05, 3.887790959193332e-05, 0.00017340820176263652, 0.00019151744905938938, 0.00014010555612151813], [-2.542058686180661e-05, -3.4240281960785094e-05, 3.283386439574409e-05, 0.00019151744905938938, 0.0002573556085132587, 0.00018599795988813857], [-1.7754658896901216e-05, -2.3767301495301013e-05, 2.4530936778380565e-05, 0.00014010555612151813, 0.00018599795988813857, 0.0001520944969972624]]</COVARIANCE_MATRIX>
		<ROI_SIZE>1720</ROI_SIZE>
		<MAX_VALUE>[0.14799658954143524, 0.14331719279289246, 0.12029820680618286, 0.1360807716846466, 0.08671596646308899, 0.07602716237306595]</MAX_VALUE>
		<MIN_VALUE>[0.11732007563114166, 0.0943378359079361, 0.07583662867546082, 0.06461874395608902, 0.012590214610099792, 0.0]</MIN_VALUE>
		<SIGNATURE_THRESHOLD_MD>0</SIGNATURE_THRESHOLD_MD>
		<SIGNATURE_THRESHOLD_ML>0</SIGNATURE_THRESHOLD_ML>
		<SIGNATURE_THRESHOLD_SAM>0</SIGNATURE_THRESHOLD_SAM>
	</signature>
	<signature ID="20200826_152845880544_444">
		<MACROCLASSID>1</MACROCLASSID>
		<MACROCLASSINFO>MC 1</MACROCLASSINFO>
		<CLASSID>16</CLASSID>
		<CLASSINFO>C 1</CLASSINFO>
		<VALUES>[0.1288804954716137, 0.007054537206504541, 0.12215927680973078, 0.01089977055996052, 0.09815687809131997, 0.012574538613736027, 0.1042160336340457, 0.02143280020410042, 0.03885540262734149, 0.017354699400772472, 0.020685532676539477, 0.012256661157725342]</VALUES>
		<LCS_MIN>[0.1155155673623085, 0.10187312215566635, 0.07583662867546082, 0.07255896180868149, 0.017702335491776466, 0.0026125344447791576]</LCS_MIN>
		<LCS_MAX>[0.14438758790493011, 0.13954958319664001, 0.12347403168678284, 0.15593135356903076, 0.08927202224731445, 0.07235643267631531]</LCS_MAX>
		<WAVELENGTH>[0.485, 0.56, 0.66, 0.83, 1.65, 2.215]</WAVELENGTH>
