<?xml version="1.0" ?>
<signaturelist MCID_LIST="[['1', 'waterbody', '#0000ff'], ['2', 'vegetation', '#00ff00'], ['3', 'bare land', '#ff5500'], ['4', 'built-up', '#ff0000']]">
	<signature ID="20200803_100630842163_115">
		<MACROCLASSID>1</MACROCLASSID>
		<MACROCLASSINFO>MC 1</MACROCLASSINFO>
		<CLASSID>1</CLASSID>
		<CLASSINFO>C 1</CLASSINFO>
		<VALUES>[0.12079271429543752, 0.003446741887343793, 0.1159212332308652, 0.006390144783277615, 0.09646285410566505, 0.007641221509906861, 0.06715958389307718, 0.014803568302459305, 0.03225814205235298, 0.014107130877329215, 0.019628098422481883, 0.009925046889950023]</VALUES>
		<LCS_MIN>[0.10774201899766922, 0.08927319943904877, 0.0675259456038475, 0.03700549155473709, 0.008422057144343853, 0.002942316234111786]</LCS_MIN>
		<LCS_MAX>[0.1300971359014511, 0.13170553743839264, 0.12117664515972137, 0.10407444089651108, 0.0688750147819519, 0.05255139246582985]</LCS_MAX>
		<WAVELENGTH>[0.485, 0.56, 0.66, 0.83, 1.65, 2.215]</WAVELENGTH>
		<MEAN_VALUE>[0.12079271429543752, 0.1159212332308652, 0.09646285410566505, 0.06715958389307718, 0.03225814205235298, 0.019628098422481883]</MEAN_VALUE>
		<CHECKBOX>2</CHECKBOX>
		<SD>[0.003446741887343793, 0.006390144783277615, 0.007641221509906861, 0.014803568302459305, 0.014107130877329215, 0.009925046889950023]</SD>
		<WAVELENGTH_UNIT>E-6m</WAVELENGTH_UNIT>
		<COLOR>#313bff</COLOR>
		<COVARIANCE_MATRIX>[[1.1915921277250163e-05, 1.625126060389448e-05, 1.8608139725984074e-05, -1.5075886039994657e-05, -1.7837710402091034e-05, -8.50469950819388e-06], [1.625126060389448e-05, 4.0957314922707155e-05, 4.033076766063459e-05, -3.646582263172604e-05, -3.967313023167662e-05, -1.978692671400495e-05], [1.8608139725984074e-05, 4.033076766063459e-05, 5.856466668774374e-05, -1.2287548088352196e-05, -1.936092485266272e-05, -4.917681962979259e-06], [-1.5075886039994657e-05, -3.646582263172604e-05, -1.2287548088352196e-05, 0.0002198077127104625, 0.00017634355754125863, 0.0001067232878995128], [-1.7837710402091034e-05, -3.967313023167662e-05, -1.936092485266272e-05, 0.00017634355754125863, 0.00019961239013355225, 0.00011870790331158787], [-8.50469950819388e-06, -1.978692671400495e-05, -4.917681962979259e-06, 0.0001067232878995128, 0.00011870790331158787, 9.88041574601084e-05]]</COVARIANCE_MATRIX>
		<ROI_SIZE>332</ROI_SIZE>
		<MAX_VALUE>[0.1300971359014511, 0.13170553743839264, 0.12117664515972137, 0.10407444089651108, 0.0688750147819519, 0.05255139246582985]</MAX_VALUE>
		<MIN_VALUE>[0.10774201899766922, 0.08927319943904877, 0.0675259456038475, 0.03700549155473709, 0.008422057144343853, 0.002942316234111786]</MIN_VALUE>
		<SIGNATURE_THRESHOLD_MD>0.0</SIGNATURE_THRESHOLD_MD>
		<SIGNATURE_THRESHOLD_ML>0.0</SIGNATURE_THRESHOLD_ML>
		<SIGNATURE_THRESHOLD_SAM>0.0</SIGNATURE_THRESHOLD_SAM>
	</signature>
	<signature ID="20200803_100721658017_724">
		<MACROCLASSID>1</MACROCLASSID>
		<MACROCLASSINFO>MC 1</MACROCLASSINFO>
		<CLASSID>2</CLASSID>
		<CLASSINFO>C 1</CLASSINFO>
		<VALUES>[0.11753606804861479, 0.0038260126354945916, 0.1105628217785404, 0.008906216615107453, 0.09322326158961411, 0.011630427896943227, 0.06593972429489867, 0.01597230547706011, 0.029420049117806414, 0.014417888653524242, 0.01668250482762231, 0.009394543346033308]</VALUES>
		<LCS_MIN>[0.09961288422346115, 0.07654350250959396, 0.060372527688741684, 0.03700549155473709, 0.008422057144343853, 0.0]</LCS_MIN>
		<LCS_MAX>[0.1280648559331894, 0.13170553743839264, 0.12117664515972137, 0.1085457131266594, 0.0688750147819519, 0.04841729998588562]</LCS_MAX>
		<WAVELENGTH>[0.485, 0.56, 0.66, 0.83, 1.65, 2.215]</WAVELENGTH>
		<MEAN_VALUE>[0.11753606804861479, 0.1105628217785404, 0.09322326158961411, 0.06593972429489867, 0.029420049117806414, 0.01668250482762231]</MEAN_VALUE>
		<CHECKBOX>2</CHECKBOX>
		<SD>[0.0038260126354945916, 0.008906216615107453, 0.011630427896943227, 0.01597230547706011, 0.014417888653524242, 0.009394543346033308]</SD>
		<WAVELENGTH_UNIT>E-6m</WAVELENGTH_UNIT>
		<COLOR>#d2ff56</COLOR>
		<COVARIANCE_MATRIX>[[1.466657795390347e-05, 2.7409434551373124e-05, 3.455673504504375e-05, -2.04973421205068e-05, -1.691242323431652e-05, -7.428203844028758e-06], [2.7409434551373124e-05, 7.947353151394054e-05, 9.694864274933934e-05, -5.045622674515471e-05, -4.423892460181378e-05, -2.1141191609785892e-05], [3.455673504504375e-05, 9.694864274933934e-05, 0.0001355274871457368, -4.656695091398433e-05, -4.0297440136782825e-05, -1.494728076067986e-05], [-2.04973421205068e-05, -5.045622674515471e-05, -4.656695091398433e-05, 0.00025560607900843024, 0.00019049079855903983, 0.00010903499787673354], [-1.691242323431652e-05, -4.423892460181378e-05, -4.0297440136782825e-05, 0.00019049079855903983, 0.0002082760474877432, 0.0001164280911325477], [-7.428203844028758e-06, -2.1141191609785892e-05, -1.494728076067986e-05, 0.00010903499787673354, 0.0001164280911325477, 8.842749957693741e-05]]</COVARIANCE_MATRIX>
		<ROI_SIZE>520</ROI_SIZE>
		<MAX_VALUE>[0.1280648559331894, 0.13170553743839264, 0.12117664515972137, 0.1085457131266594, 0.0688750147819519, 0.04841729998588562]</MAX_VALUE>
		<MIN_VALUE>[0.09961288422346115, 0.07654350250959396, 0.060372527688741684, 0.03700549155473709, 0.008422057144343853, 0.0]</MIN_VALUE>
		<SIGNATURE_THRESHOLD_MD>0.0</SIGNATURE_THRESHOLD_MD>
		<SIGNATURE_THRESHOLD_ML>0.0</SIGNATURE_THRESHOLD_ML>
		<SIGNATURE_THRESHOLD_SAM>0.0</SIGNATURE_THRESHOLD_SAM>
	</signature>
	<signature ID="20200803_100800804594_512">
		<MACROCLASSID>1</MACROCLASSID>
		<MACROCLASSINFO>MC 1</MACROCLASSINFO>
		<CLASSID>3</CLASSID>
		<CLASSINFO>C 1</CLASSINFO>
		<VALUES>[0.13061056240160662, 0.003385612488766745, 0.14706414764312872, 0.00751299006809597, 0.16858827458288422, 0.011234231025105335, 0.09649682379978944, 0.012288600535120134, 0.027958341008682438, 0.014089348700950924, 0.01715016414628441, 0.010464692700954285]</VALUES>
		<LCS_MIN>[0.1179034411907196, 0.11897585541009903, 0.13190677762031555, 0.06830433756113052, 0.005543345585465431, 0.0]</LCS_MIN>
		<LCS_MAX>[0.13822627067565918, 0.1614081859588623, 0.18913419544696808, 0.13984453678131104, 0.06599630415439606, 0.05255139246582985]</LCS_MAX>
		<WAVELENGTH>[0.485, 0.56, 0.66, 0.83, 1.65, 2.215]</WAVELENGTH>
		<MEAN_VALUE>[0.13061056240160662, 0.14706414764312872, 0.16858827458288422, 0.09649682379978944, 0.027958341008682438, 0.01715016414628441]</MEAN_VALUE>
		<CHECKBOX>2</CHECKBOX>
		<SD>[0.003385612488766745, 0.00751299006809597, 0.011234231025105335, 0.012288600535120134, 0.014089348700950924, 0.010464692700954285]</SD>
		<WAVELENGTH_UNIT>E-6m</WAVELENGTH_UNIT>
		<COLOR>#4c9eac</COLOR>
		<COVARIANCE_MATRIX>[[1.1673181688820478e-05, 1.9143051758874208e-05, 2.9980043109389953e-05, -1.3015438526053913e-05, -1.9008051822311245e-05, -9.537844562146347e-06], [1.9143051758874208e-05, 5.514501390280202e-05, 7.785218622302637e-05, -4.010022894362919e-05, -5.369526843423955e-05, -3.068958903895691e-05], [2.9980043109389953e-05, 7.785218622302637e-05, 0.0001279162970604375, -6.091195245971903e-05, -8.391189476242289e-05, -4.601096225087531e-05], [-1.3015438526053913e-05, -4.010022894362919e-05, -6.091195245971903e-05, 0.00014329167606774718, 0.000134263580548577, 9.562486957293004e-05], [-1.9008051822311245e-05, -5.369526843423955e-05, -8.391189476242289e-05, 0.000134263580548577, 0.00019857527513522655, 0.00012723867257591337], [-9.537844562146347e-06, -3.068958903895691e-05, -4.601096225087531e-05, 9.562486957293004e-05, 0.00012723867257591337, 0.00010958416532957926]]</COVARIANCE_MATRIX>
		<ROI_SIZE>905</ROI_SIZE>
		<MAX_VALUE>[0.13822627067565918, 0.1614081859588623, 0.18913419544696808, 0.13984453678131104, 0.06599630415439606, 0.05255139246582985]</MAX_VALUE>
		<MIN_VALUE>[0.1179034411907196, 0.11897585541009903, 0.13190677762031555, 0.06830433756113052, 0.005543345585465431, 0.0]</MIN_VALUE>
		<SIGNATURE_THRESHOLD_MD>0.0</SIGNATURE_THRESHOLD_MD>
		<SIGNATURE_THRESHOLD_ML>0.0</SIGNATURE_THRESHOLD_ML>
		<SIGNATURE_THRESHOLD_SAM>0.0</SIGNATURE_THRESHOLD_SAM>
	</signature>
	<signature ID="20200803_101257776728_262">
		<MACROCLASSID>1</MACROCLASSID>
		<MACROCLASSINFO>waterbody</MACROCLASSINFO>
		<CLASSID>4</CLASSID>
		<CLASSINFO>C 1</CLASSINFO>
		<VALUES>[0.11885356891212204, 0.002402902738062155, 0.09690832150684803, 0.0032968994989915536, 0.06739381717601013, 0.002842882517399179, 0.04932852235569318, 0.005815126455283608, 0.015013895096304769, 0.006529951079813274, 0.008446533883963329, 0.005112808433178334]</VALUES>
		<LCS_MIN>[0.10977430641651154, 0.0850299820303917, 0.060372527688741684, 0.03700549155473709, 0.0, 0.0]</LCS_MIN>
		<LCS_MAX>[0.12603259086608887, 0.10624614357948303, 0.08540952205657959, 0.07277560234069824, 0.042966607958078384, 0.0318809412419796]</LCS_MAX>
		<WAVELENGTH>[0.485, 0.56, 0.66, 0.83, 1.65, 2.215]</WAVELENGTH>
		<MEAN_VALUE>[0.11885356891212204, 0.09690832150684803, 0.06739381717601013, 0.04932852235569318, 0.015013895096304769, 0.008446533883963329]</MEAN_VALUE>
		<CHECKBOX>2</CHECKBOX>
		<SD>[0.002402902738062155, 0.0032968994989915536, 0.002842882517399179, 0.005815126455283608, 0.006529951079813274, 0.005112808433178334]</SD>
		<WAVELENGTH_UNIT>E-6m</WAVELENGTH_UNIT>
		<COLOR>#f88270</COLOR>
		<COVARIANCE_MATRIX>[[6.697873232042184e-06, 4.593726316670654e-06, 2.8159806788607966e-06, -1.6831645552883856e-06, -2.5277488475694554e-06, -1.4262494687500293e-06], [4.593726316670654e-06, 1.4192053640726954e-05, 6.158007636258844e-06, -2.156023128918605e-06, -4.08560208597919e-06, -2.12301983992802e-06], [2.8159806788607966e-06, 6.158007636258844e-06, 1.008094386634184e-05, 5.6096428124874365e-06, 4.3859899960807525e-06, 3.308204213681165e-06], [-1.6831645552883856e-06, -2.156023128918605e-06, 5.6096428124874365e-06, 3.54422845703084e-05, 2.8909715183544904e-05, 1.8797396478476003e-05], [-2.5277488475694554e-06, -4.08560208597919e-06, 4.3859899960807525e-06, 2.8909715183544904e-05, 4.5587097702082247e-05, 2.4190754629671574e-05], [-1.4262494687500293e-06, -2.12301983992802e-06, 3.308204213681165e-06, 1.8797396478476003e-05, 2.4190754629671574e-05, 2.787725861708168e-05]]</COVARIANCE_MATRIX>
		<ROI_SIZE>2473</ROI_SIZE>
		<MAX_VALUE>[0.12603259086608887, 0.10624614357948303, 0.08540952205657959, 0.07277560234069824, 0.042966607958078384, 0.0318809412419796]</MAX_VALUE>
		<MIN_VALUE>[0.10977430641651154, 0.0850299820303917, 0.060372527688741684, 0.03700549155473709, 0.0, 0.0]</MIN_VALUE>
		<SIGNATURE_THRESHOLD_MD>0.0</SIGNATURE_THRESHOLD_MD>
		<SIGNATURE_THRESHOLD_ML>0.0</SIGNATURE_THRESHOLD_ML>
		<SIGNATURE_THRESHOLD_SAM>0.0</SIGNATURE_THRESHOLD_SAM>
	</signature>
	<signature ID="20200803_102136532030_392">
		<MACROCLASSID>1</MACROCLASSID>
		<MACROCLASSINFO>waterbody</MACROCLASSINFO>
		<CLASSID>5</CLASSID>
		<CLASSINFO>C 1</CLASSINFO>
		<VALUES>[0.1356959819965827, 0.002285335523063936, 0.10936065268742765, 0.002922771078373012, 0.069661946420745, 0.002370458000175905, 0.0390751134014071, 0.0022806650378533184, 0.0127644234738027, 0.0028747293036645097, 0.009144740435141137, 0.0032378453431571317]</VALUES>
		<LCS_MIN>[0.1280648559331894, 0.10200291126966476, 0.060372527688741684, 0.03253423422574997, 0.0, 0.0]</LCS_MIN>
		<LCS_MAX>[0.14635542035102844, 0.11897585541009903, 0.08183280378580093, 0.04594801738858223, 0.02281561866402626, 0.02361276187002659]</LCS_MAX>
		<WAVELENGTH>[0.485, 0.56, 0.66, 0.83, 1.65, 2.215]</WAVELENGTH>
		<MEAN_VALUE>[0.1356959819965827, 0.10936065268742765, 0.069661946420745, 0.0390751134014071, 0.0127644234738027, 0.009144740435141137]</MEAN_VALUE>
		<CHECKBOX>2</CHECKBOX>
		<SD>[0.002285335523063936, 0.002922771078373012, 0.002370458000175905, 0.0022806650378533184, 0.0028747293036645097, 0.0032378453431571317]</SD>
		<WAVELENGTH_UNIT>E-6m</WAVELENGTH_UNIT>
		<COLOR>#a2056c</COLOR>
		<COVARIANCE_MATRIX>[[5.268623226584168e-06, 1.173703253698477e-06, 7.608991836605128e-07, 2.6704412903200136e-07, 7.476236874026654e-08, 3.573222073782745e-08], [1.173703253698477e-06, 8.349680683750194e-06, 2.1069358808745164e-06, 4.4765383222511446e-07, 2.7177748052054085e-07, 2.152745004480039e-08], [7.608991836605128e-07, 2.1069358808745164e-06, 5.214996690483531e-06, 2.3332042076162907e-07, -1.5538401498815801e-07, -4.448838453185999e-08], [2.6704412903200136e-07, 4.4765383222511446e-07, 2.3332042076162907e-07, 5.100496309751179e-06, 1.6411638625868363e-07, 4.883416693246545e-08], [7.476236874026654e-08, 2.7177748052054085e-07, -1.5538401498815801e-07, 1.6411638625868363e-07, 8.253332453023177e-06, 9.338838822259277e-07], [3.573222073782745e-08, 2.152745004480039e-08, -4.448838453185999e-08, 4.883416693246545e-08, 9.338838822259277e-07, 1.0428978384879883e-05]]</COVARIANCE_MATRIX>
		<ROI_SIZE>10201</ROI_SIZE>
		<MAX_VALUE>[0.14635542035102844, 0.11897585541009903, 0.08183280378580093, 0.04594801738858223, 0.02281561866402626, 0.02361276187002659]</MAX_VALUE>
		<MIN_VALUE>[0.1280648559331894, 0.10200291126966476, 0.060372527688741684, 0.03253423422574997, 0.0, 0.0]</MIN_VALUE>
		<SIGNATURE_THRESHOLD_MD>0.0</SIGNATURE_THRESHOLD_MD>
		<SIGNATURE_THRESHOLD_ML>0.0</SIGNATURE_THRESHOLD_ML>
		<SIGNATURE_THRESHOLD_SAM>0.0</SIGNATURE_THRESHOLD_SAM>
	</signature>
	<signature ID="20200803_111029744615_485">
		<MACROCLASSID>1</MACROCLASSID>
		<MACROCLASSINFO>waterbody</MACROCLASSINFO>
		<CLASSID>6</CLASSID>
		<CLASSINFO>C 1</CLASSINFO>
		<VALUES>[0.12862843487943929, 0.0034646045234560927, 0.1177991561028136, 0.0068026303798228325, 0.08760363677469625, 0.0058488879369663314, 0.09764934813275054, 0.016655848347262747, 0.04891755513283385, 0.0135318841375717, 0.026947825622721362, 0.008529420187824295]</VALUES>
		<LCS_MIN>[0.11993573606014252, 0.10200291126966476, 0.07110267132520676, 0.0638330802321434, 0.028573041781783104, 0.011210495606064796]</LCS_MIN>
		<LCS_MAX>[0.13416171073913574, 0.12746231257915497, 0.09971637278795242, 0.12643074989318848, 0.08326858282089233, 0.05668547749519348]</LCS_MAX>
		<WAVELENGTH>[0.485, 0.56, 0.66, 0.83, 1.65, 2.215]</WAVELENGTH>
		<MEAN_VALUE>[0.12862843487943929, 0.1177991561028136, 0.08760363677469625, 0.09764934813275054, 0.04891755513283385, 0.026947825622721362]</MEAN_VALUE>
		<CHECKBOX>2</CHECKBOX>
		<SD>[0.0034646045234560927, 0.0068026303798228325, 0.0058488879369663314, 0.016655848347262747, 0.0135318841375717, 0.008529420187824295]</SD>
		<WAVELENGTH_UNIT>E-6m</WAVELENGTH_UNIT>
		<COLOR>#b4d755</COLOR>
		<COVARIANCE_MATRIX>[[1.2105208952561952e-05, 1.77695164893521e-05, 1.3783556823909748e-05, -4.819097284780582e-06, -7.545235689576657e-07, -3.2907482250266185e-07], [1.77695164893521e-05, 4.666794848162681e-05, 3.17997983074747e-05, -1.4698977793159429e-05, 1.7824150972955977e-06, 6.4848327383515425e-06], [1.3783556823909748e-05, 3.17997983074747e-05, 3.4499400499043986e-05, -1.5044857946122647e-06, 1.2224050806253217e-05, 1.1416797860874794e-05], [-4.819097284780582e-06, -1.4698977793159429e-05, -1.5044857946122647e-06, 0.00027976828278042376, 0.00018538159201852977, 8.583584713051096e-05], [-7.545235689576657e-07, 1.7824150972955977e-06, 1.2224050806253217e-05, 0.00018538159201852977, 0.00018466368783265352, 8.578158303862438e-05], [-3.2907482250266185e-07, 6.4848327383515425e-06, 1.1416797860874794e-05, 8.583584713051096e-05, 8.578158303862438e-05, 7.33675406081602e-05]]</COVARIANCE_MATRIX>
		<ROI_SIZE>119</ROI_SIZE>
		<MAX_VALUE>[0.13416171073913574, 0.12746231257915497, 0.09971637278795242, 0.12643074989318848, 0.08326858282089233, 0.05668547749519348]</MAX_VALUE>
		<MIN_VALUE>[0.11993573606014252, 0.10200291126966476, 0.07110267132520676, 0.0638330802321434, 0.028573041781783104, 0.011210495606064796]</MIN_VALUE>
		<SIGNATURE_THRESHOLD_MD>0.0</SIGNATURE_THRESHOLD_MD>
		<SIGNATURE_THRESHOLD_ML>0.0</SIGNATURE_THRESHOLD_ML>
		<SIGNATURE_THRESHOLD_SAM>0.0</SIGNATURE_THRESHOLD_SAM>
	</signature>
	<signature ID="20200803_111135345555_281">
		<MACROCLASSID>1</MACROCLASSID>
		<MACROCLASSINFO>waterbody</MACROCLASSINFO>
		<CLASSID>7</CLASSID>
		<CLASSINFO>C 1</CLASSINFO>
		<VALUES>[0.11223365265191083, 0.002901045801745888, 0.08639729477433294, 0.005650152523376328, 0.06303703492972709, 0.0058832003699642345, 0.04960260085793405, 0.006899103881941753, 0.01690181629108145, 0.008668982994257717, 0.009636562962054264, 0.006239090870339006]</VALUES>
		<LCS_MIN>[0.10367745161056519, 0.07654350250959396, 0.05321909859776497, 0.03700549155473709, 0.0, 0.0]</LCS_MIN>
		<LCS_MAX>[0.12400029599666595, 0.1232190877199173, 0.10329309850931168, 0.09066064655780792, 0.06599630415439606, 0.04841729998588562]</LCS_MAX>
		<WAVELENGTH>[0.485, 0.56, 0.66, 0.83, 1.65, 2.215]</WAVELENGTH>
		<MEAN_VALUE>[0.11223365265191083, 0.08639729477433294, 0.06303703492972709, 0.04960260085793405, 0.01690181629108145, 0.009636562962054264]</MEAN_VALUE>
		<CHECKBOX>2</CHECKBOX>
		<SD>[0.002901045801745888, 0.005650152523376328, 0.0058832003699642345, 0.006899103881941753, 0.008668982994257717, 0.006239090870339006]</SD>
		<WAVELENGTH_UNIT>E-6m</WAVELENGTH_UNIT>
		<COLOR>#f0859e</COLOR>
		<COVARIANCE_MATRIX>[[8.146135769493412e-06, 9.336263246950693e-06, 9.382054486195557e-06, 7.91938236943679e-06, 8.713156603334937e-06, 5.8348459788248874e-06], [9.336263246950693e-06, 3.3034521038644016e-05, 2.927182322309818e-05, 2.513631625333801e-05, 2.8331478461041115e-05, 1.8768276277114637e-05], [9.382054486195557e-06, 2.927182322309818e-05, 3.686766649479978e-05, 3.3099669963121414e-05, 3.791938070207834e-05, 2.491813211236149e-05], [7.91938236943679e-06, 2.513631625333801e-05, 3.3099669963121414e-05, 5.202825923333876e-05, 5.414967381511815e-05, 3.5152846976416185e-05], [8.713156603334937e-06, 2.8331478461041115e-05, 3.791938070207834e-05, 5.414967381511815e-05, 8.380179497180507e-05, 4.961934973835014e-05], [5.8348459788248874e-06, 1.8768276277114637e-05, 2.491813211236149e-05, 3.5152846976416185e-05, 4.961934973835014e-05, 4.3542426283238456e-05]]</COVARIANCE_MATRIX>
		<ROI_SIZE>5174</ROI_SIZE>
		<MAX_VALUE>[0.12400029599666595, 0.1232190877199173, 0.10329309850931168, 0.09066064655780792, 0.06599630415439606, 0.04841729998588562]</MAX_VALUE>
		<MIN_VALUE>[0.10367745161056519, 0.07654350250959396, 0.05321909859776497, 0.03700549155473709, 0.0, 0.0]</MIN_VALUE>
		<SIGNATURE_THRESHOLD_MD>0.0</SIGNATURE_THRESHOLD_MD>
		<SIGNATURE_THRESHOLD_ML>0.0</SIGNATURE_THRESHOLD_ML>
		<SIGNATURE_THRESHOLD_SAM>0.0</SIGNATURE_THRESHOLD_SAM>
	</signature>
	<signature ID="20200803_111211064377_843">
		<MACROCLASSID>1</MACROCLASSID>
		<MACROCLASSINFO>waterbody</MACROCLASSINFO>
		<CLASSID>8</CLASSID>
		<CLASSINFO>C 1</CLASSINFO>
		<VALUES>[0.11685527404263228, 0.0023361420483487094, 0.09543744066895597, 0.00326372057806523, 0.06744396257451753, 0.003922845336035767, 0.0652167284407554, 0.012001905135715406, 0.02279912235274014, 0.011054012033248342, 0.011427341638810741, 0.007530026627508018]</VALUES>
		<LCS_MIN>[0.10774201899766922, 0.08078673481941223, 0.05321909859776497, 0.05489054322242737, 0.005543345585465431, 0.0]</LCS_MIN>
		<LCS_MAX>[0.12196800112724304, 0.10624614357948303, 0.09256294369697571, 0.1085457131266594, 0.060238879173994064, 0.04428321495652199]</LCS_MAX>
		<WAVELENGTH>[0.485, 0.56, 0.66, 0.83, 1.65, 2.215]</WAVELENGTH>
		<MEAN_VALUE>[0.11685527404263228, 0.09543744066895597, 0.06744396257451753, 0.0652167284407554, 0.02279912235274014, 0.011427341638810741]</MEAN_VALUE>
		<CHECKBOX>2</CHECKBOX>
		<SD>[0.0023361420483487094, 0.00326372057806523, 0.003922845336035767, 0.012001905135715406, 0.011054012033248342, 0.007530026627508018]</SD>
		<WAVELENGTH_UNIT>E-6m</WAVELENGTH_UNIT>
		<COLOR>#267bf7</COLOR>
		<COVARIANCE_MATRIX>[[5.473242254083743e-06, 2.4901482902350836e-06, 2.7963121738139307e-06, -1.2089196843589889e-06, -5.30606003579237e-10, -5.032931085224845e-07], [2.4901482902350836e-06, 1.068248093361035e-05, 6.6996940404351335e-06, 3.276935331086861e-06, 4.875694685324561e-06, 3.2406701393483672e-06], [2.7963121738139307e-06, 6.6996940404351335e-06, 1.5432935470016673e-05, 1.8403965441393666e-05, 1.6774563846411183e-05, 1.1180402907484677e-05], [-1.2089196843589889e-06, 3.276935331086861e-06, 1.8403965441393666e-05, 0.00014445965643972158, 0.00011331411224091426, 6.830957136116922e-05], [-5.30606003579237e-10, 4.875694685324561e-06, 1.6774563846411183e-05, 0.00011331411224091426, 0.00012254230387043208, 7.078205817379057e-05], [-5.032931085224845e-07, 3.2406701393483672e-06, 1.1180402907484677e-05, 6.830957136116922e-05, 7.078205817379057e-05, 5.6864235375542194e-05]]</COVARIANCE_MATRIX>
		<ROI_SIZE>349</ROI_SIZE>
		<MAX_VALUE>[0.12196800112724304, 0.10624614357948303, 0.09256294369697571, 0.1085457131266594, 0.060238879173994064, 0.04428321495652199]</MAX_VALUE>
		<MIN_VALUE>[0.10774201899766922, 0.08078673481941223, 0.05321909859776497, 0.05489054322242737, 0.005543345585465431, 0.0]</MIN_VALUE>
		<SIGNATURE_THRESHOLD_MD>0.0</SIGNATURE_THRESHOLD_MD>
		<SIGNATURE_THRESHOLD_ML>0.0</SIGNATURE_THRESHOLD_ML>
		<SIGNATURE_THRESHOLD_SAM>0.0</SIGNATURE_THRESHOLD_SAM>
	</signature>
	<signature ID="20200803_111232084077_713">
		<MACROCLASSID>1</MACROCLASSID>
		<MACROCLASSINFO>waterbody</MACROCLASSINFO>
		<CLASSID>9</CLASSID>
		<CLASSINFO>C 1</CLASSINFO>
		<VALUES>[0.12431232737643376, 0.005781331952281294, 0.10709026102747543, 0.010257990228245127, 0.07543387859363422, 0.007382172620673586, 0.06743873614514459, 0.013253572828068513, 0.024818034566570824, 0.010600623283117843, 0.012457150941682309, 0.006521627882821926]</VALUES>
		<LCS_MIN>[0.10367745161056519, 0.07230028510093689, 0.05321909859776497, 0.04594801738858223, 0.008422057144343853, 0.0]</LCS_MIN>
		<LCS_MAX>[0.13212943077087402, 0.11897585541009903, 0.09613965451717377, 0.1085457131266594, 0.06599630415439606, 0.04014911875128746]</LCS_MAX>
		<WAVELENGTH>[0.485, 0.56, 0.66, 0.83, 1.65, 2.215]</WAVELENGTH>
		<MEAN_VALUE>[0.12431232737643376, 0.10709026102747543, 0.07543387859363422, 0.06743873614514459, 0.024818034566570824, 0.012457150941682309]</MEAN_VALUE>
		<CHECKBOX>2</CHECKBOX>
		<SD>[0.005781331952281294, 0.010257990228245127, 0.007382172620673586, 0.013253572828068513, 0.010600623283117843, 0.006521627882821926]</SD>
		<WAVELENGTH_UNIT>E-6m</WAVELENGTH_UNIT>
		<COLOR>#6d4954</COLOR>
		<COVARIANCE_MATRIX>[[3.3468484616605565e-05, 5.362135198083706e-05, 3.586580351111479e-05, -4.091204755241051e-05, -2.326842695765663e-05, -1.0597815162327606e-05], [5.362135198083706e-05, 0.00010536704212427139, 6.755657523171976e-05, -6.985766958678141e-05, -3.8190712075447664e-05, -1.7221917005372234e-05], [3.586580351111479e-05, 6.755657523171976e-05, 5.4569329222431406e-05, -3.740287502296269e-05, -1.738405080686789e-05, -6.112345545261633e-06], [-4.091204755241051e-05, -6.985766958678141e-05, -3.740287502296269e-05, 0.00017589202616363764, 0.00011849094153149053, 5.9827729273820296e-05], [-2.326842695765663e-05, -3.8190712075447664e-05, -1.738405080686789e-05, 0.00011849094153149053, 0.00011252344847889617, 5.3492742154048756e-05], [-1.0597815162327606e-05, -1.7221917005372234e-05, -6.112345545261633e-06, 5.9827729273820296e-05, 5.3492742154048756e-05, 4.2588490032358095e-05]]</COVARIANCE_MATRIX>
		<ROI_SIZE>749</ROI_SIZE>
		<MAX_VALUE>[0.13212943077087402, 0.11897585541009903, 0.09613965451717377, 0.1085457131266594, 0.06599630415439606, 0.04014911875128746]</MAX_VALUE>
		<MIN_VALUE>[0.10367745161056519, 0.07230028510093689, 0.05321909859776497, 0.04594801738858223, 0.008422057144343853, 0.0]</MIN_VALUE>
		<SIGNATURE_THRESHOLD_MD>0.0</SIGNATURE_THRESHOLD_MD>
		<SIGNATURE_THRESHOLD_ML>0.0</SIGNATURE_THRESHOLD_ML>
		<SIGNATURE_THRESHOLD_SAM>0.0</SIGNATURE_THRESHOLD_SAM>
	</signature>
	<signature ID="20200803_111253669705_164">
		<MACROCLASSID>1</MACROCLASSID>
		<MACROCLASSINFO>waterbody</MACROCLASSINFO>
		<CLASSID>10</CLASSID>
		<CLASSINFO>C 1</CLASSINFO>
		<VALUES>[0.12245670350079069, 0.00839924792744408, 0.10469538887362857, 0.016179529869714288, 0.0787221261268577, 0.014045386764835242, 0.07136885589777921, 0.015230770213928362, 0.029167692797550538, 0.012842149345699114, 0.01682294402676001, 0.009687672798747953]</VALUES>
		<LCS_MIN>[0.10164516419172287, 0.07230028510093689, 0.04606567323207855, 0.04594801738858223, 0.008422057144343853, 0.0]</LCS_MIN>
		<LCS_MAX>[0.13619399070739746, 0.12746231257915497, 0.110446497797966, 0.11301697045564651, 0.07175372540950775, 0.060819562524557114]</LCS_MAX>
		<WAVELENGTH>[0.485, 0.56, 0.66, 0.83, 1.65, 2.215]</WAVELENGTH>
		<MEAN_VALUE>[0.12245670350079069, 0.10469538887362857, 0.0787221261268577, 0.07136885589777921, 0.029167692797550538, 0.01682294402676001]</MEAN_VALUE>
		<CHECKBOX>2</CHECKBOX>
		<SD>[0.00839924792744408, 0.016179529869714288, 0.014045386764835242, 0.015230770213928362, 0.012842149345699114, 0.009687672798747953]</SD>
		<WAVELENGTH_UNIT>E-6m</WAVELENGTH_UNIT>
		<COLOR>#5da4bb</COLOR>
		<COVARIANCE_MATRIX>[[7.062217628117651e-05, 0.0001291869266424328, 0.00010994631156791002, -4.149882079218514e-05, -1.1352623005222995e-05, 9.097745532926638e-06], [0.0001291869266424328, 0.00026205478934571147, 0.0002191218372900039, -7.63842836022377e-05, -2.0294533896958455e-05, 2.0267618310754187e-05], [0.00010994631156791002, 0.0002191218372900039, 0.00019748209160752594, -4.3793508666567504e-05, 3.227477009204449e-06, 3.482629472273402e-05], [-4.149882079218514e-05, -7.63842836022377e-05, -4.3793508666567504e-05, 0.00023222235904540867, 0.00016022264026105404, 9.154199506156147e-05], [-1.1352623005222995e-05, -2.0294533896958455e-05, 3.227477009204449e-06, 0.00016022264026105404, 0.00016509568376932293, 9.990468970499933e-05], [9.097745532926638e-06, 2.0267618310754187e-05, 3.482629472273402e-05, 9.154199506156147e-05, 9.990468970499933e-05, 9.395052620675415e-05]]</COVARIANCE_MATRIX>
		<ROI_SIZE>944</ROI_SIZE>
		<MAX_VALUE>[0.13619399070739746, 0.12746231257915497, 0.110446497797966, 0.11301697045564651, 0.07175372540950775, 0.060819562524557114]</MAX_VALUE>
		<MIN_VALUE>[0.10164516419172287, 0.07230028510093689, 0.04606567323207855, 0.04594801738858223, 0.008422057144343853, 0.0]</MIN_VALUE>
		<SIGNATURE_THRESHOLD_MD>0.0</SIGNATURE_THRESHOLD_MD>
		<SIGNATURE_THRESHOLD_ML>0.0</SIGNATURE_THRESHOLD_ML>
		<SIGNATURE_THRESHOLD_SAM>0.0</SIGNATURE_THRESHOLD_SAM>
	</signature>
	<signature ID="20200803_111316007326_251">
		<MACROCLASSID>1</MACROCLASSID>
		<MACROCLASSINFO>waterbody</MACROCLASSINFO>
		<CLASSID>11</CLASSID>
		<CLASSINFO>C 1</CLASSINFO>
		<VALUES>[0.12534819144466428, 0.0028573477300236055, 0.1160065571109862, 0.004075319159586297, 0.09143603473612577, 0.003940097943169942, 0.06582880644425404, 0.012063370522610166, 0.025704190246633257, 0.010827650643475895, 0.014686606069027388, 0.007626674881756672]</VALUES>
		<LCS_MIN>[0.10977430641651154, 0.08078673481941223, 0.060372527688741684, 0.05041928589344025, 0.008422057144343853, 0.0]</LCS_MIN>
		<LCS_MAX>[0.13212943077087402, 0.12746231257915497, 0.10686980187892914, 0.1085457131266594, 0.07175372540950775, 0.05255139246582985]</LCS_MAX>
		<WAVELENGTH>[0.485, 0.56, 0.66, 0.83, 1.65, 2.215]</WAVELENGTH>
		<MEAN_VALUE>[0.12534819144466428, 0.1160065571109862, 0.09143603473612577, 0.06582880644425404, 0.025704190246633257, 0.014686606069027388]</MEAN_VALUE>
		<CHECKBOX>2</CHECKBOX>
		<SD>[0.0028573477300236055, 0.004075319159586297, 0.003940097943169942, 0.012063370522610166, 0.010827650643475895, 0.007626674881756672]</SD>
		<WAVELENGTH_UNIT>E-6m</WAVELENGTH_UNIT>
		<COLOR>#58a2d3</COLOR>
		<COVARIANCE_MATRIX>[[7.806107532815076e-06, 5.492915079230443e-06, 5.280327059153933e-06, -7.501614163629711e-06, -5.697679171134951e-06, -3.1570903047395404e-06], [5.492915079230443e-06, 1.5738227375550196e-05, 9.58690361585468e-06, -1.5546564100077376e-05, -1.1880296369781718e-05, -6.380041213560617e-06], [5.280327059153933e-06, 9.58690361585468e-06, 1.4553859728039242e-05, 1.0652023547663703e-06, 7.969364332893747e-07, 2.765676526905736e-06], [-7.501614163629711e-06, -1.5546564100077376e-05, 1.0652023547663703e-06, 0.0001549784792587161, 0.00011536297824932262, 7.538776844739914e-05], [-5.697679171134951e-06, -1.1880296369781718e-05, 7.969364332893747e-07, 0.00011536297824932262, 0.00012146060907980427, 7.481177453882992e-05], [-3.1570903047395404e-06, -6.380041213560617e-06, 2.765676526905736e-06, 7.538776844739914e-05, 7.481177453882992e-05, 6.20052742306143e-05]]</COVARIANCE_MATRIX>
		<ROI_SIZE>1137</ROI_SIZE>
		<MAX_VALUE>[0.13212943077087402, 0.12746231257915497, 0.10686980187892914, 0.1085457131266594, 0.07175372540950775, 0.05255139246582985]</MAX_VALUE>
		<MIN_VALUE>[0.10977430641651154, 0.08078673481941223, 0.060372527688741684, 0.05041928589344025, 0.008422057144343853, 0.0]</MIN_VALUE>
		<SIGNATURE_THRESHOLD_MD>0.0</SIGNATURE_THRESHOLD_MD>
		<SIGNATURE_THRESHOLD_ML>0.0</SIGNATURE_THRESHOLD_ML>
		<SIGNATURE_THRESHOLD_SAM>0.0</SIGNATURE_THRESHOLD_SAM>
	</signature>
	<signature ID="20200803_111331505380_876">
		<MACROCLASSID>1</MACROCLASSID>
		<MACROCLASSINFO>waterbody</MACROCLASSINFO>
		<CLASSID>12</CLASSID>
		<CLASSINFO>C 1</CLASSINFO>
		<VALUES>[0.103307077875854, 0.002974918361097222, 0.0829546248244348, 0.004501170486546891, 0.05748106998237681, 0.00362495491188708, 0.05658990423255993, 0.014858100776836324, 0.02143007065125994, 0.010847744806324583, 0.01124379340475107, 0.005963353525277801]</VALUES>
		<LCS_MIN>[0.09148374199867249, 0.06381380558013916, 0.042488954961299896, 0.04147676005959511, 0.005543345585465431, 0.0]</LCS_MIN>
		<LCS_MAX>[0.10977430641651154, 0.09351643174886703, 0.07110267132520676, 0.09513191133737564, 0.060238879173994064, 0.03601502999663353]</LCS_MAX>
		<WAVELENGTH>[0.485, 0.56, 0.66, 0.83, 1.65, 2.215]</WAVELENGTH>
		<MEAN_VALUE>[0.103307077875854, 0.0829546248244348, 0.05748106998237681, 0.05658990423255993, 0.02143007065125994, 0.01124379340475107]</MEAN_VALUE>
		<CHECKBOX>2</CHECKBOX>
		<SD>[0.002974918361097222, 0.004501170486546891, 0.00362495491188708, 0.014858100776836324, 0.010847744806324583, 0.005963353525277801]</SD>
		<WAVELENGTH_UNIT>E-6m</WAVELENGTH_UNIT>
		<COLOR>#7d34eb</COLOR>
		<COVARIANCE_MATRIX>[[8.86394627741538e-06, 8.741514648136217e-06, 6.321057753666537e-06, -2.015178142755758e-05, -1.0726997061283328e-05, -3.962638857046841e-06], [8.741514648136217e-06, 2.0292143744882196e-05, 1.1652752618829254e-05, -3.390979327377863e-05, -1.7057831428246573e-05, -5.818280442326795e-06], [6.321057753666537e-06, 1.1652752618829254e-05, 1.316079760727007e-05, -1.4888367331877816e-05, -4.124941824557027e-06, -4.638456516659062e-07], [-2.015178142755758e-05, -3.390979327377863e-05, -1.4888367331877816e-05, 0.00022110756253823638, 0.00013960714568383992, 6.0718233726220205e-05], [-1.0726997061283328e-05, -1.7057831428246573e-05, -4.124941824557027e-06, 0.00013960714568383992, 0.00011785714741563424, 4.9968715757131577e-05], [-3.962638857046841e-06, -5.818280442326795e-06, -4.638456516659062e-07, 6.0718233726220205e-05, 4.9968715757131577e-05, 3.561706398613751e-05]]</COVARIANCE_MATRIX>
		<ROI_SIZE>642</ROI_SIZE>
		<MAX_VALUE>[0.10977430641651154, 0.09351643174886703, 0.07110267132520676, 0.09513191133737564, 0.060238879173994064, 0.03601502999663353]</MAX_VALUE>
		<MIN_VALUE>[0.09148374199867249, 0.06381380558013916, 0.042488954961299896, 0.04147676005959511, 0.005543345585465431, 0.0]</MIN_VALUE>
		<SIGNATURE_THRESHOLD_MD>0.0</SIGNATURE_THRESHOLD_MD>
		<SIGNATURE_THRESHOLD_ML>0.0</SIGNATURE_THRESHOLD_ML>
		<SIGNATURE_THRESHOLD_SAM>0.0</SIGNATURE_THRESHOLD_SAM>
	</signature>
	<signature ID="20200803_111338617927_224">
		<MACROCLASSID>1</MACROCLASSID>
		<MACROCLASSINFO>waterbody</MACROCLASSINFO>
		<CLASSID>13</CLASSID>
		<CLASSINFO>C 1</CLASSINFO>
		<VALUES>[0.11727812551917173, 0.002238299121874286, 0.1072797535512692, 0.002733590488971102, 0.09178340435028078, 0.00311849633754969, 0.06945081537541672, 0.012306358158124534, 0.026616995593007554, 0.011500941054999063, 0.01725262561096595, 0.008339220714170214]</VALUES>
		<LCS_MIN>[0.10977430641651154, 0.0977596715092659, 0.08183280378580093, 0.05489054322242737, 0.01130076963454485, 0.007076404523104429]</LCS_MIN>
		<LCS_MAX>[0.12196800112724304, 0.11473261564970016, 0.09971637278795242, 0.1085457131266594, 0.060238879173994064, 0.04841729998588562]</LCS_MAX>
		<WAVELENGTH>[0.485, 0.56, 0.66, 0.83, 1.65, 2.215]</WAVELENGTH>
		<MEAN_VALUE>[0.11727812551917173, 0.1072797535512692, 0.09178340435028078, 0.06945081537541672, 0.026616995593007554, 0.01725262561096595]</MEAN_VALUE>
		<CHECKBOX>2</CHECKBOX>
		<SD>[0.002238299121874286, 0.002733590488971102, 0.00311849633754969, 0.012306358158124534, 0.011500941054999063, 0.008339220714170214]</SD>
		<WAVELENGTH_UNIT>E-6m</WAVELENGTH_UNIT>
		<COLOR>#19db77</COLOR>
		<COVARIANCE_MATRIX>[[5.075047738500871e-06, 3.1185761599772377e-06, 2.5270487640227657e-06, -9.776796105143148e-06, -8.229083505284507e-06, -5.2290010899014305e-06], [3.1185761599772377e-06, 7.569562512799166e-06, 3.7727306789747672e-06, -1.6477060853503644e-05, -1.3815666534355842e-05, -8.148842425725888e-06], [2.5270487640227657e-06, 3.7727306789747672e-06, 9.851318282017019e-06, 3.189965582350851e-06, 4.7401481424458325e-06, 6.30750628261012e-06], [-9.776796105143148e-06, -1.6477060853503644e-05, 3.189965582350851e-06, 0.0001534132898086682, 0.0001256372925126925, 8.684622298460454e-05], [-8.229083505284507e-06, -1.3815666534355842e-05, 4.7401481424458325e-06, 0.0001256372925126925, 0.00013398945156950504, 8.337730105267838e-05], [-5.2290010899014305e-06, -8.148842425725888e-06, 6.30750628261012e-06, 8.684622298460454e-05, 8.337730105267838e-05, 7.04457561369054e-05]]</COVARIANCE_MATRIX>
		<ROI_SIZE>78</ROI_SIZE>
		<MAX_VALUE>[0.12196800112724304, 0.11473261564970016, 0.09971637278795242, 0.1085457131266594, 0.060238879173994064, 0.04841729998588562]</MAX_VALUE>
		<MIN_VALUE>[0.10977430641651154, 0.0977596715092659, 0.08183280378580093, 0.05489054322242737, 0.01130076963454485, 0.007076404523104429]</MIN_VALUE>
		<SIGNATURE_THRESHOLD_MD>0.0</SIGNATURE_THRESHOLD_MD>
		<SIGNATURE_THRESHOLD_ML>0.0</SIGNATURE_THRESHOLD_ML>
		<SIGNATURE_THRESHOLD_SAM>0.0</SIGNATURE_THRESHOLD_SAM>
	</signature>
	<signature ID="20200803_111352853044_398">
		<MACROCLASSID>1</MACROCLASSID>
		<MACROCLASSINFO>waterbody</MACROCLASSINFO>
		<CLASSID>14</CLASSID>
		<CLASSINFO>C 1</CLASSINFO>
		<VALUES>[0.1165346850877379, 0.0032753900338266416, 0.1045915998907678, 0.0053179752992815795, 0.07824941844915723, 0.004975932631082677, 0.05327888979062219, 0.009887686724434982, 0.015463167007095093, 0.007875309791468213, 0.008686972973145428, 0.004901388750362945]</VALUES>
		<LCS_MIN>[0.09554831683635712, 0.06805704534053802, 0.04606567323207855, 0.04147676005959511, 0.0, 0.0]</LCS_MIN>
		<LCS_MAX>[0.12603259086608887, 0.11473261564970016, 0.09971637278795242, 0.09513191133737564, 0.06311758607625961, 0.04428321495652199]</LCS_MAX>
		<WAVELENGTH>[0.485, 0.56, 0.66, 0.83, 1.65, 2.215]</WAVELENGTH>
		<MEAN_VALUE>[0.1165346850877379, 0.1045915998907678, 0.07824941844915723, 0.05327888979062219, 0.015463167007095093, 0.008686972973145428]</MEAN_VALUE>
		<CHECKBOX>2</CHECKBOX>
		<SD>[0.0032753900338266416, 0.0053179752992815795, 0.004975932631082677, 0.009887686724434982, 0.007875309791468213, 0.004901388750362945]</SD>
		<WAVELENGTH_UNIT>E-6m</WAVELENGTH_UNIT>
		<COLOR>#803980</COLOR>
		<COVARIANCE_MATRIX>[[1.2177441021776758e-05, 1.5625942978658713e-05, 1.3717675756197423e-05, -2.1209178157732822e-05, -1.2051705198246054e-05, -4.504983280639863e-06], [1.5625942978658713e-05, 3.622158328653313e-05, 2.7479145501274616e-05, -4.107595304958522e-05, -2.3413340386468917e-05, -8.790692845650483e-06], [1.3717675756197423e-05, 2.7479145501274616e-05, 3.0049010092625394e-05, -2.9551645639003254e-05, -1.5819530744920485e-05, -4.896682185062673e-06], [-2.1209178157732822e-05, -4.107595304958522e-05, -2.9551645639003254e-05, 0.00012465323379728943, 8.305498340632766e-05, 3.7824345781700686e-05], [-1.2051705198246054e-05, -2.3413340386468917e-05, -1.5819530744920485e-05, 8.305498340632766e-05, 7.735277904430404e-05, 3.372810169821605e-05], [-4.504983280639863e-06, -8.790692845650483e-06, -4.896682185062673e-06, 3.7824345781700686e-05, 3.372810169821605e-05, 2.770383798633702e-05]]</COVARIANCE_MATRIX>
		<ROI_SIZE>3881</ROI_SIZE>
		<MAX_VALUE>[0.12603259086608887, 0.11473261564970016, 0.09971637278795242, 0.09513191133737564, 0.06311758607625961, 0.04428321495652199]</MAX_VALUE>
		<MIN_VALUE>[0.09554831683635712, 0.06805704534053802, 0.04606567323207855, 0.04147676005959511, 0.0, 0.0]</MIN_VALUE>
		<SIGNATURE_THRESHOLD_MD>0.0</SIGNATURE_THRESHOLD_MD>
		<SIGNATURE_THRESHOLD_ML>0.0</SIGNATURE_THRESHOLD_ML>
		<SIGNATURE_THRESHOLD_SAM>0.0</SIGNATURE_THRESHOLD_SAM>
	</signature>
	<signature ID="20200803_111523899409_360">
		<MACROCLASSID>1</MACROCLASSID>
		<MACROCLASSINFO>waterbody</MACROCLASSINFO>
		<CLASSID>15</CLASSID>
		<CLASSINFO>C 1</CLASSINFO>
		<VALUES>[0.10747978571922548, 0.0025152270302343156, 0.08393494376251773, 0.004306781349677605, 0.06325697213892013, 0.006823896004399746, 0.09267993139163141, 0.02679964642621193, 0.05058126277740925, 0.019709005825632762, 0.028413640545500864, 0.009799751596733412]</VALUES>
		<LCS_MIN>[0.10164516419172287, 0.07654350250959396, 0.05321909859776497, 0.05041928589344025, 0.02281561866402626, 0.015344585292041302]</LCS_MIN>
		<LCS_MAX>[0.11587116122245789, 0.09351643174886703, 0.08540952205657959, 0.13984453678131104, 0.09190472215414047, 0.04841729998588562]</LCS_MAX>
		<WAVELENGTH>[0.485, 0.56, 0.66, 0.83, 1.65, 2.215]</WAVELENGTH>
		<MEAN_VALUE>[0.10747978571922548, 0.08393494376251773, 0.06325697213892013, 0.09267993139163141, 0.05058126277740925, 0.028413640545500864]</MEAN_VALUE>
		<CHECKBOX>2</CHECKBOX>
		<SD>[0.0025152270302343156, 0.004306781349677605, 0.006823896004399746, 0.02679964642621193, 0.019709005825632762, 0.009799751596733412]</SD>
		<WAVELENGTH_UNIT>E-6m</WAVELENGTH_UNIT>
		<COLOR>#a5cab1</COLOR>
		<COVARIANCE_MATRIX>[[6.537246008520015e-06, 7.176950020948425e-06, 1.2896452062705066e-05, 3.0231005439418368e-05, 2.156459777324926e-05, 1.3343277714739088e-05], [7.176950020948425e-06, 1.9166644051438197e-05, 2.602907807158772e-05, 7.56456793169491e-05, 5.34047358087264e-05, 2.4143704649759457e-05], [1.2896452062705066e-05, 2.602907807158772e-05, 4.811774124391377e-05, 0.0001059283604263328, 8.266956865554675e-05, 4.2371946619823575e-05], [3.0231005439418368e-05, 7.56456793169491e-05, 0.0001059283604263328, 0.0007421617629006505, 0.0004303226887714118, 0.00019577777129597962], [2.156459777324926e-05, 5.34047358087264e-05, 8.266956865554675e-05, 0.0004303226887714118, 0.0004013930738437921, 0.000161365358508192], [1.3343277714739088e-05, 2.4143704649759457e-05, 4.2371946619823575e-05, 0.00019577777129597962, 0.000161365358508192, 9.923630568664521e-05]]</COVARIANCE_MATRIX>
		<ROI_SIZE>31</ROI_SIZE>
		<MAX_VALUE>[0.11587116122245789, 0.09351643174886703, 0.08540952205657959, 0.13984453678131104, 0.09190472215414047, 0.04841729998588562]</MAX_VALUE>
		<MIN_VALUE>[0.10164516419172287, 0.07654350250959396, 0.05321909859776497, 0.05041928589344025, 0.02281561866402626, 0.015344585292041302]</MIN_VALUE>
		<SIGNATURE_THRESHOLD_MD>0.0</SIGNATURE_THRESHOLD_MD>
		<SIGNATURE_THRESHOLD_ML>0.0</SIGNATURE_THRESHOLD_ML>
		<SIGNATURE_THRESHOLD_SAM>0.0</SIGNATURE_THRESHOLD_SAM>
	</signature>
	<signature ID="20200803_111630343298_604">
		<MACROCLASSID>1</MACROCLASSID>
		<MACROCLASSINFO>waterbody</MACROCLASSINFO>
		<CLASSID>16</CLASSID>
		<CLASSINFO>C 1</CLASSINFO>
		<VALUES>[0.10282026729469636, 0.002378686509402194, 0.07957118327173085, 0.003405200745454007, 0.053348945708263, 0.0036928743229408373, 0.04726431232081, 0.0060160750611457925, 0.01617082921179512, 0.006348887156518543, 0.009262347660294845, 0.004687144660232184]</VALUES>
		<LCS_MIN>[0.09554831683635712, 0.06805704534053802, 0.042488954961299896, 0.03253423422574997, 0.005543345585465431, 0.0]</LCS_MIN>
