<?xml version="1.0" ?>
<signaturelist MCID_LIST="[['1', 'waterbody', '#0000ff'], ['2', 'vegetation', '#00ff00'], ['3', 'bareland', '#ffaa00'], ['4', 'built-up', '#ff0000']]">
	<signature ID="20201225_095507124399_777">
		<MACROCLASSID>1</MACROCLASSID>
		<MACROCLASSINFO>waterbody</MACROCLASSINFO>
		<CLASSID>1</CLASSID>
		<CLASSINFO>C 1</CLASSINFO>
		<VALUES>[0.15227958303603029, 0.002681270219813288, 0.14004896316045645, 0.005390200957528597, 0.11869422752520116, 0.010830968187994838, 0.07000603751632697, 0.01424194445153466, 0.016134079200504733, 0.0028316425572632656, 0.009015896315176516, 0.0025402105752649943]</VALUES>
		<LCS_MIN>[0.14062556624412537, 0.12551984190940857, 0.09821238368749619, 0.05188708007335663, 0.005657135043293238, 0.0]</LCS_MIN>
		<LCS_MAX>[0.16110198199748993, 0.15117162466049194, 0.14145730435848236, 0.13297800719738007, 0.07526832818984985, 0.06306788325309753]</LCS_MAX>
		<WAVELENGTH>[0.485, 0.56, 0.66, 0.83, 1.65, 2.215]</WAVELENGTH>
		<MEAN_VALUE>[0.15227958303603029, 0.14004896316045645, 0.11869422752520116, 0.07000603751632697, 0.016134079200504733, 0.009015896315176516]</MEAN_VALUE>
		<CHECKBOX>2</CHECKBOX>
		<SD>[0.002681270219813288, 0.005390200957528597, 0.010830968187994838, 0.01424194445153466, 0.0028316425572632656, 0.0025402105752649943]</SD>
		<WAVELENGTH_UNIT>E-6m</WAVELENGTH_UNIT>
		<COLOR>#a65cd9</COLOR>
		<COVARIANCE_MATRIX>[[6.6736433836922515e-06, 8.89498187461868e-06, 1.6705818779882975e-05, 1.1705486940627452e-05, 4.838651648242376e-07, 1.7943226282568503e-07], [8.89498187461868e-06, 2.5342700610053726e-05, 4.259369598003104e-05, 3.096185173490085e-05, 1.6173465837709955e-06, 5.226980306360929e-07], [1.6705818779882975e-05, 4.259369598003104e-05, 9.319034143118188e-05, 8.866083953762427e-05, 6.69674273012788e-06, 2.6397699457447743e-06], [1.1705486940627452e-05, 3.096185173490085e-05, 8.866083953762427e-05, 0.00014876489876769483, 1.5508678188780323e-05, 6.743959602317773e-06], [4.838651648242376e-07, 1.6173465837709955e-06, 6.69674273012788e-06, 1.5508678188780323e-05, 6.531966391776223e-06, 2.4265457341243746e-06], [1.7943226282568503e-07, 5.226980306360929e-07, 2.6397699457447743e-06, 6.743959602317773e-06, 2.4265457341243746e-06, 5.719714408769505e-06]]</COVARIANCE_MATRIX>
		<ROI_SIZE>9751</ROI_SIZE>
		<MAX_VALUE>[0.16110198199748993, 0.15117162466049194, 0.14145730435848236, 0.13297800719738007, 0.07526832818984985, 0.06306788325309753]</MAX_VALUE>
		<MIN_VALUE>[0.14062556624412537, 0.12551984190940857, 0.09821238368749619, 0.05188708007335663, 0.005657135043293238, 0.0]</MIN_VALUE>
		<SIGNATURE_THRESHOLD_MD>0.0</SIGNATURE_THRESHOLD_MD>
		<SIGNATURE_THRESHOLD_ML>0.0</SIGNATURE_THRESHOLD_ML>
		<SIGNATURE_THRESHOLD_SAM>0.0</SIGNATURE_THRESHOLD_SAM>
	</signature>
	<signature ID="20201225_095521179402_101">
		<MACROCLASSID>1</MACROCLASSID>
		<MACROCLASSINFO>waterbody</MACROCLASSINFO>
		<CLASSID>2</CLASSID>
		<CLASSINFO>C 1</CLASSINFO>
		<VALUES>[0.13888577043515937, 0.0021678069287618283, 0.11372368046967224, 0.0032870642200911043, 0.08069935568818598, 0.003029802952861447, 0.053848680821796883, 0.003607351391309929, 0.015183399180397595, 0.002682819971393785, 0.008625055766490829, 0.0027264696630522603]</VALUES>
		<LCS_MIN>[0.13243499398231506, 0.10556844621896744, 0.07418742775917053, 0.04888371005654335, 0.0037234907504171133, 0.0]</LCS_MIN>
		<LCS_MAX>[0.15291142463684082, 0.13407042622566223, 0.11502984911203384, 0.09693758934736252, 0.06946741044521332, 0.06306788325309753]</LCS_MAX>
		<WAVELENGTH>[0.485, 0.56, 0.66, 0.83, 1.65, 2.215]</WAVELENGTH>
		<MEAN_VALUE>[0.13888577043515937, 0.11372368046967224, 0.08069935568818598, 0.053848680821796883, 0.015183399180397595, 0.008625055766490829]</MEAN_VALUE>
		<CHECKBOX>2</CHECKBOX>
		<SD>[0.0021678069287618283, 0.0032870642200911043, 0.003029802952861447, 0.003607351391309929, 0.002682819971393785, 0.0027264696630522603]</SD>
		<WAVELENGTH_UNIT>E-6m</WAVELENGTH_UNIT>
		<COLOR>#305b78</COLOR>
		<COVARIANCE_MATRIX>[[4.6987288442323916e-06, 3.3759110920073e-06, 3.401247113288264e-06, 2.7968999347649515e-06, 1.6776677966845455e-06, 1.3851509947926388e-06], [3.3759110920073e-06, 1.1635058399406262e-05, 8.12029520602664e-06, 6.716918960592011e-06, 3.3389167128916597e-06, 2.5414897208975162e-06], [3.401247113288264e-06, 8.12029520602664e-06, 1.0362725333834533e-05, 7.954896318551619e-06, 4.418797743710456e-06, 3.405779580134549e-06], [2.7968999347649515e-06, 6.716918960592011e-06, 7.954896318551619e-06, 1.3883768588129897e-05, 5.647517809848068e-06, 4.245871423336212e-06], [1.6776677966845455e-06, 3.3389167128916597e-06, 4.418797743710456e-06, 5.647517809848068e-06, 6.908655905135674e-06, 3.743758497876115e-06], [1.3851509947926388e-06, 2.5414897208975162e-06, 3.405779580134549e-06, 4.245871423336212e-06, 3.743758497876115e-06, 7.349794941546861e-06]]</COVARIANCE_MATRIX>
		<ROI_SIZE>9920</ROI_SIZE>
		<MAX_VALUE>[0.15291142463684082, 0.13407042622566223, 0.11502984911203384, 0.09693758934736252, 0.06946741044521332, 0.06306788325309753]</MAX_VALUE>
		<MIN_VALUE>[0.13243499398231506, 0.10556844621896744, 0.07418742775917053, 0.04888371005654335, 0.0037234907504171133, 0.0]</MIN_VALUE>
		<SIGNATURE_THRESHOLD_MD>0.0</SIGNATURE_THRESHOLD_MD>
		<SIGNATURE_THRESHOLD_ML>0.0</SIGNATURE_THRESHOLD_ML>
		<SIGNATURE_THRESHOLD_SAM>0.0</SIGNATURE_THRESHOLD_SAM>
	</signature>
	<signature ID="20201225_095541766544_706">
		<MACROCLASSID>1</MACROCLASSID>
		<MACROCLASSINFO>waterbody</MACROCLASSINFO>
		<CLASSID>3</CLASSID>
		<CLASSINFO>C 1</CLASSINFO>
		<VALUES>[0.15100794364467693, 0.0032094631588981525, 0.1246892370443436, 0.004919463030157376, 0.09207254039129822, 0.004523627235652262, 0.06243057692417314, 0.001909785440300235, 0.029054553586399468, 0.0023264541609096874, 0.021703720515403358, 0.0023858095876206084]</VALUES>
		<LCS_MIN>[0.14062556624412537, 0.1141190379858017, 0.08139491081237793, 0.05789380148053169, 0.019192645326256752, 0.010307028889656067]</LCS_MIN>
		<LCS_MAX>[0.1624670922756195, 0.13977083563804626, 0.10301736742258072, 0.0699072778224945, 0.04239637777209282, 0.029745236039161682]</LCS_MAX>
		<WAVELENGTH>[0.485, 0.56, 0.66, 0.83, 1.65, 2.215]</WAVELENGTH>
		<MEAN_VALUE>[0.15100794364467693, 0.1246892370443436, 0.09207254039129822, 0.06243057692417314, 0.029054553586399468, 0.021703720515403358]</MEAN_VALUE>
		<CHECKBOX>2</CHECKBOX>
		<SD>[0.0032094631588981525, 0.004919463030157376, 0.004523627235652262, 0.001909785440300235, 0.0023264541609096874, 0.0023858095876206084]</SD>
		<WAVELENGTH_UNIT>E-6m</WAVELENGTH_UNIT>
		<COLOR>#6a1740</COLOR>
		<COVARIANCE_MATRIX>[[9.242266969522461e-06, 1.0658700375643093e-05, 9.669252904132009e-06, 1.369260758110613e-06, 2.671112042662571e-07, 2.1432610708416178e-07], [1.0658700375643093e-05, 2.082153150695376e-05, 1.681007597653661e-05, 2.6351351607445395e-06, 1.0886939207921387e-06, 1.0009696325141704e-06], [9.669252904132009e-06, 1.681007597653661e-05, 1.7552221834193915e-05, 2.582360139058437e-06, 1.3769822544418275e-06, 1.2065703458574717e-06], [1.369260758110613e-06, 2.6351351607445395e-06, 2.582360139058437e-06, 3.6725214158650488e-06, 9.047246862792235e-07, 8.079652502601675e-07], [2.671112042662571e-07, 1.0886939207921387e-06, 1.3769822544418275e-06, 9.047246862792235e-07, 5.235481239651563e-06, 2.0065622265974525e-06], [2.1432610708416178e-07, 1.0009696325141704e-06, 1.2065703458574717e-06, 8.079652502601675e-07, 2.0065622265974525e-06, 5.587198302237084e-06]]</COVARIANCE_MATRIX>
		<ROI_SIZE>10201</ROI_SIZE>
		<MAX_VALUE>[0.1624670922756195, 0.13977083563804626, 0.10301736742258072, 0.0699072778224945, 0.04239637777209282, 0.029745236039161682]</MAX_VALUE>
		<MIN_VALUE>[0.14062556624412537, 0.1141190379858017, 0.08139491081237793, 0.05789380148053169, 0.019192645326256752, 0.010307028889656067]</MIN_VALUE>
		<SIGNATURE_THRESHOLD_MD>0.0</SIGNATURE_THRESHOLD_MD>
		<SIGNATURE_THRESHOLD_ML>0.0</SIGNATURE_THRESHOLD_ML>
		<SIGNATURE_THRESHOLD_SAM>0.0</SIGNATURE_THRESHOLD_SAM>
	</signature>
	<signature ID="20201225_095552789960_742">
		<MACROCLASSID>1</MACROCLASSID>
		<MACROCLASSINFO>waterbody</MACROCLASSINFO>
		<CLASSID>4</CLASSID>
		<CLASSINFO>C 1</CLASSINFO>
		<VALUES>[0.14948178449086263, 0.0018710078078186486, 0.11802700725153534, 0.002077090431034095, 0.08504662592173039, 0.0018254591286873622, 0.05937665380574387, 0.0018982284961801023, 0.017416948753504427, 0.0018274345911665768, 0.009861300924712973, 0.002211245075686367]</VALUES>
		<LCS_MIN>[0.14199066162109375, 0.11126883327960968, 0.07899241894483566, 0.05188708007335663, 0.009524424560368061, 0.0]</LCS_MIN>
		<LCS_MAX>[0.1556416153907776, 0.12551984190940857, 0.09100490063428879, 0.06690391153097153, 0.02499357797205448, 0.01863768883049488]</LCS_MAX>
		<WAVELENGTH>[0.485, 0.56, 0.66, 0.83, 1.65, 2.215]</WAVELENGTH>
		<MEAN_VALUE>[0.14948178449086263, 0.11802700725153534, 0.08504662592173039, 0.05937665380574387, 0.017416948753504427, 0.009861300924712973]</MEAN_VALUE>
		<CHECKBOX>2</CHECKBOX>
		<SD>[0.0018710078078186486, 0.002077090431034095, 0.0018254591286873622, 0.0018982284961801023, 0.0018274345911665768, 0.002211245075686367]</SD>
		<WAVELENGTH_UNIT>E-6m</WAVELENGTH_UNIT>
		<COLOR>#4017d7</COLOR>
		<COVARIANCE_MATRIX>[[3.4725685509329196e-06, 8.221532539209875e-07, 7.000149935265654e-07, 4.909052222501487e-07, 2.4751955152169103e-07, 2.390477220615139e-07], [8.221532539209875e-07, 4.082351551915053e-06, 1.1420293049013708e-06, 9.360096555610653e-07, 3.2298993346557836e-07, 2.9813645596732385e-07], [7.000149935265654e-07, 1.1420293049013708e-06, 3.20169965561945e-06, 5.873156396773993e-07, 3.9922448991092097e-07, 3.0630232572548266e-07], [4.909052222501487e-07, 9.360096555610653e-07, 5.873156396773993e-07, 3.3364351565978723e-06, 2.1644805769938102e-07, 1.6354056242562365e-07], [2.4751955152169103e-07, 3.2298993346557836e-07, 3.9922448991092097e-07, 2.1644805769938102e-07, 3.33006528308033e-06, 6.931106781848939e-07], [2.390477220615139e-07, 2.9813645596732385e-07, 3.0630232572548266e-07, 1.6354056242562365e-07, 6.931106781848939e-07, 4.931900548399426e-06]]</COVARIANCE_MATRIX>
		<ROI_SIZE>10200</ROI_SIZE>
		<MAX_VALUE>[0.1556416153907776, 0.12551984190940857, 0.09100490063428879, 0.06690391153097153, 0.02499357797205448, 0.01863768883049488]</MAX_VALUE>
		<MIN_VALUE>[0.14199066162109375, 0.11126883327960968, 0.07899241894483566, 0.05188708007335663, 0.009524424560368061, 0.0]</MIN_VALUE>
		<SIGNATURE_THRESHOLD_MD>0.0</SIGNATURE_THRESHOLD_MD>
		<SIGNATURE_THRESHOLD_ML>0.0</SIGNATURE_THRESHOLD_ML>
		<SIGNATURE_THRESHOLD_SAM>0.0</SIGNATURE_THRESHOLD_SAM>
	</signature>
	<signature ID="20201225_095602851456_240">
		<MACROCLASSID>1</MACROCLASSID>
		<MACROCLASSINFO>waterbody</MACROCLASSINFO>
		<CLASSID>5</CLASSID>
		<CLASSINFO>C 1</CLASSINFO>
		<VALUES>[0.15543617000772608, 0.001947086448629612, 0.14582962471463123, 0.002847888542943471, 0.11671317949055061, 0.006064472115302986, 0.06203359573735272, 0.003564377022481005, 0.016597862123733088, 0.001976805885228973, 0.009793350438083246, 0.0023542224453041174]</VALUES>
		<LCS_MIN>[0.1474510133266449, 0.13692063093185425, 0.10541985929012299, 0.05489043891429901, 0.007590779569000006, 0.0019763673190027475]</LCS_MIN>
		<LCS_MAX>[0.1624670922756195, 0.15687203407287598, 0.13424980640411377, 0.08192075043916702, 0.026927223429083824, 0.02141457609832287]</LCS_MAX>
		<WAVELENGTH>[0.485, 0.56, 0.66, 0.83, 1.65, 2.215]</WAVELENGTH>
		<MEAN_VALUE>[0.15543617000772608, 0.14582962471463123, 0.11671317949055061, 0.06203359573735272, 0.016597862123733088, 0.009793350438083246]</MEAN_VALUE>
		<CHECKBOX>2</CHECKBOX>
		<SD>[0.001947086448629612, 0.002847888542943471, 0.006064472115302986, 0.003564377022481005, 0.001976805885228973, 0.0023542224453041174]</SD>
		<WAVELENGTH_UNIT>E-6m</WAVELENGTH_UNIT>
		<COLOR>#fc3213</COLOR>
		<COVARIANCE_MATRIX>[[3.884503257722827e-06, 2.3498607788496884e-06, 5.113683528179536e-06, 2.673893277460593e-06, 6.838308195256104e-07, 5.375381988415029e-07], [2.3498607788496884e-06, 8.558174158679321e-06, 1.3771248632110655e-05, 6.814861535531236e-06, 1.7625746977500967e-06, 1.2729684613077552e-06], [5.113683528179536e-06, 1.3771248632110655e-05, 3.76646094082389e-05, 1.7848500647232868e-05, 4.5985798351466656e-06, 3.17304920827155e-06], [2.673893277460593e-06, 6.814861535531236e-06, 1.7848500647232868e-05, 1.2638515727303457e-05, 2.395747515038238e-06, 1.740263883220905e-06], [6.838308195256104e-07, 1.7625746977500967e-06, 4.5985798351466656e-06, 2.395747515038238e-06, 3.833353730442468e-06, 1.1488407380966237e-06], [5.375381988415029e-07, 1.2729684613077552e-06, 3.17304920827155e-06, 1.740263883220905e-06, 1.1488407380966237e-06, 5.37627010999131e-06]]</COVARIANCE_MATRIX>
		<ROI_SIZE>10201</ROI_SIZE>
		<MAX_VALUE>[0.1624670922756195, 0.15687203407287598, 0.13424980640411377, 0.08192075043916702, 0.026927223429083824, 0.02141457609832287]</MAX_VALUE>
		<MIN_VALUE>[0.1474510133266449, 0.13692063093185425, 0.10541985929012299, 0.05489043891429901, 0.007590779569000006, 0.0019763673190027475]</MIN_VALUE>
		<SIGNATURE_THRESHOLD_MD>0.0</SIGNATURE_THRESHOLD_MD>
		<SIGNATURE_THRESHOLD_ML>0.0</SIGNATURE_THRESHOLD_ML>
		<SIGNATURE_THRESHOLD_SAM>0.0</SIGNATURE_THRESHOLD_SAM>
	</signature>
	<signature ID="20201225_095613460916_317">
		<MACROCLASSID>1</MACROCLASSID>
		<MACROCLASSINFO>waterbody</MACROCLASSINFO>
		<CLASSID>6</CLASSID>
		<CLASSINFO>C 1</CLASSINFO>
		<VALUES>[0.1421195121684879, 0.0016861795522929307, 0.10513291714510105, 0.001512492580286203, 0.08075821112484817, 0.001303676847343541, 0.06323345918946036, 0.0013602382830296591, 0.03637559912398013, 0.0018973531769049486, 0.028863597975693503, 0.002431205800447685]</VALUES>
		<LCS_MIN>[0.13516516983509064, 0.0998680368065834, 0.07418742775917053, 0.05789380148053169, 0.028860874474048615, 0.02141457609832287]</LCS_MIN>
		<LCS_MAX>[0.14881615340709686, 0.11126883327960968, 0.08619990199804306, 0.06690391153097153, 0.0462636724114418, 0.038075897842645645]</LCS_MAX>
		<WAVELENGTH>[0.485, 0.56, 0.66, 0.83, 1.65, 2.215]</WAVELENGTH>
		<MEAN_VALUE>[0.1421195121684879, 0.10513291714510105, 0.08075821112484817, 0.06323345918946036, 0.03637559912398013, 0.028863597975693503]</MEAN_VALUE>
		<CHECKBOX>2</CHECKBOX>
		<SD>[0.0016861795522929307, 0.001512492580286203, 0.001303676847343541, 0.0013602382830296591, 0.0018973531769049486, 0.002431205800447685]</SD>
		<WAVELENGTH_UNIT>E-6m</WAVELENGTH_UNIT>
		<COLOR>#ff71fa</COLOR>
		<COVARIANCE_MATRIX>[[2.8567310437210836e-06, 8.852646971035938e-08, 3.072594978448251e-08, 2.287037403903014e-08, 7.809897173416402e-10, 2.687277955715217e-08], [8.852646971035938e-08, 2.293002808073652e-06, 1.0362371938299475e-07, 7.222548958907282e-08, 3.651678071037168e-08, 7.005470337162478e-08], [3.072594978448251e-08, 1.0362371938299475e-07, 1.6851350892466144e-06, 9.090106090070549e-08, 2.1327178956198622e-07, 1.3916634600263933e-07], [2.287037403903014e-08, 7.222548958907282e-08, 9.090106090070549e-08, 1.6993061535686138e-06, 1.662591984086248e-07, 1.7426299336875672e-07], [7.809897173416402e-10, 3.651678071037168e-08, 2.1327178956198622e-07, 1.662591984086248e-07, 3.5041184673900716e-06, 9.743434929987416e-07], [2.687277955715217e-08, 7.005470337162478e-08, 1.3916634600263933e-07, 1.7426299336875672e-07, 9.743434929987416e-07, 5.753151526732836e-06]]</COVARIANCE_MATRIX>
		<ROI_SIZE>10201</ROI_SIZE>
		<MAX_VALUE>[0.14881615340709686, 0.11126883327960968, 0.08619990199804306, 0.06690391153097153, 0.0462636724114418, 0.038075897842645645]</MAX_VALUE>
		<MIN_VALUE>[0.13516516983509064, 0.0998680368065834, 0.07418742775917053, 0.05789380148053169, 0.028860874474048615, 0.02141457609832287]</MIN_VALUE>
		<SIGNATURE_THRESHOLD_MD>0.0</SIGNATURE_THRESHOLD_MD>
		<SIGNATURE_THRESHOLD_ML>0.0</SIGNATURE_THRESHOLD_ML>
		<SIGNATURE_THRESHOLD_SAM>0.0</SIGNATURE_THRESHOLD_SAM>
	</signature>
	<signature ID="20201225_095623608379_686">
		<MACROCLASSID>1</MACROCLASSID>
		<MACROCLASSINFO>waterbody</MACROCLASSINFO>
		<CLASSID>7</CLASSID>
		<CLASSINFO>C 1</CLASSINFO>
		<VALUES>[0.16145339721057675, 0.002817461779577688, 0.15317664978527792, 0.0057332423501409375, 0.13394731623873657, 0.015319659475849004, 0.07746129539417165, 0.016245514712784414, 0.019118619392235688, 0.002984561466673886, 0.011599243090145296, 0.003299901019710873]</VALUES>
		<LCS_MIN>[0.15154631435871124, 0.13977083563804626, 0.10782235860824585, 0.05789380148053169, 0.009524424560368061, 0.0019763673190027475]</LCS_MIN>
		<LCS_MAX>[0.17065764963626862, 0.17112304270267487, 0.17268973588943481, 0.1419881284236908, 0.034661803394556046, 0.026968348771333694]</LCS_MAX>
		<WAVELENGTH>[0.485, 0.56, 0.66, 0.83, 1.65, 2.215]</WAVELENGTH>
		<MEAN_VALUE>[0.16145339721057675, 0.15317664978527792, 0.13394731623873657, 0.07746129539417165, 0.019118619392235688, 0.011599243090145296]</MEAN_VALUE>
		<CHECKBOX>2</CHECKBOX>
		<SD>[0.002817461779577688, 0.0057332423501409375, 0.015319659475849004, 0.016245514712784414, 0.002984561466673886, 0.003299901019710873]</SD>
		<WAVELENGTH_UNIT>E-6m</WAVELENGTH_UNIT>
		<COLOR>#ef23cd</COLOR>
		<COVARIANCE_MATRIX>[[6.947796464373823e-06, 9.059719559445512e-06, 2.2841946702101268e-05, 1.8237969925394282e-05, 8.71973952598637e-07, 5.87920169436984e-07], [9.059719559445512e-06, 2.6523521228227764e-05, 6.451524677686393e-05, 5.625489939120598e-05, 1.7420145468349801e-06, 4.65581763364753e-07], [2.2841946702101268e-05, 6.451524677686393e-05, 0.0001888161787064746, 0.0001757629943313077, 4.958390945830615e-06, 5.552923880713934e-07], [1.8237969925394282e-05, 5.625489939120598e-05, 0.0001757629943313077, 0.00019948440603911877, 8.655393685330637e-06, 3.5889090668206336e-06], [8.71973952598637e-07, 1.7420145468349801e-06, 4.958390945830615e-06, 8.655393685330637e-06, 9.720382877276279e-06, 6.729334018018562e-06], [5.87920169436984e-07, 4.65581763364753e-07, 5.552923880713934e-07, 3.5889090668206336e-06, 6.729334018018562e-06, 1.127687755797524e-05]]</COVARIANCE_MATRIX>
		<ROI_SIZE>10201</ROI_SIZE>
		<MAX_VALUE>[0.17065764963626862, 0.17112304270267487, 0.17268973588943481, 0.1419881284236908, 0.034661803394556046, 0.026968348771333694]</MAX_VALUE>
		<MIN_VALUE>[0.15154631435871124, 0.13977083563804626, 0.10782235860824585, 0.05789380148053169, 0.009524424560368061, 0.0019763673190027475]</MIN_VALUE>
		<SIGNATURE_THRESHOLD_MD>0.0</SIGNATURE_THRESHOLD_MD>
		<SIGNATURE_THRESHOLD_ML>0.0</SIGNATURE_THRESHOLD_ML>
		<SIGNATURE_THRESHOLD_SAM>0.0</SIGNATURE_THRESHOLD_SAM>
	</signature>
	<signature ID="20201225_095631000391_497">
		<MACROCLASSID>1</MACROCLASSID>
		<MACROCLASSINFO>waterbody</MACROCLASSINFO>
		<CLASSID>8</CLASSID>
		<CLASSINFO>C 1</CLASSINFO>
		<VALUES>[0.143414999296268, 0.0032505011657163207, 0.11859234626414178, 0.004877103139415557, 0.08152851765674146, 0.004492139885893004, 0.052819309433424215, 0.0024580394490752526, 0.01704649291786584, 0.002923751890355141, 0.010911436654894729, 0.0031366439219677506]</VALUES>
		<LCS_MIN>[0.13243499398231506, 0.10556844621896744, 0.0693824514746666, 0.04588034003973007, 0.007590779569000006, 0.0019763673190027475]</LCS_MIN>
		<LCS_MAX>[0.1556416153907776, 0.13407042622566223, 0.09821238368749619, 0.07891737669706345, 0.05013096332550049, 0.040852781385183334]</LCS_MAX>
		<WAVELENGTH>[0.485, 0.56, 0.66, 0.83, 1.65, 2.215]</WAVELENGTH>
		<MEAN_VALUE>[0.143414999296268, 0.11859234626414178, 0.08152851765674146, 0.052819309433424215, 0.01704649291786584, 0.010911436654894729]</MEAN_VALUE>
		<CHECKBOX>2</CHECKBOX>
		<SD>[0.0032505011657163207, 0.004877103139415557, 0.004492139885893004, 0.0024580394490752526, 0.002923751890355141, 0.0031366439219677506]</SD>
		<WAVELENGTH_UNIT>E-6m</WAVELENGTH_UNIT>
		<COLOR>#d8c9eb</COLOR>
		<COVARIANCE_MATRIX>[[9.186916031467263e-06, 1.04327318695141e-05, 9.475085789745208e-06, 2.3787156351318117e-06, 2.085470669044298e-06, 1.9110680113954004e-06], [1.04327318695141e-05, 1.993783371290192e-05, 1.5717461792519316e-05, 3.5454654607747216e-06, 2.806642896757694e-06, 2.5819679194682976e-06], [9.475085789745208e-06, 1.5717461792519316e-05, 1.713114579615649e-05, 3.8746429709135555e-06, 3.4757752018776955e-06, 3.1466552172787488e-06], [2.3787156351318117e-06, 3.5454654607747216e-06, 3.8746429709135555e-06, 6.2887761487218086e-06, 4.2705923988251016e-06, 3.842438218271127e-06], [2.085470669044298e-06, 2.806642896757694e-06, 3.4757752018776955e-06, 4.2705923988251016e-06, 8.44837813929189e-06, 5.586474799201824e-06], [1.9110680113954004e-06, 2.5819679194682976e-06, 3.1466552172787488e-06, 3.842438218271127e-06, 5.586474799201824e-06, 1.0001180271501653e-05]]</COVARIANCE_MATRIX>
		<ROI_SIZE>10201</ROI_SIZE>
		<MAX_VALUE>[0.1556416153907776, 0.13407042622566223, 0.09821238368749619, 0.07891737669706345, 0.05013096332550049, 0.040852781385183334]</MAX_VALUE>
		<MIN_VALUE>[0.13243499398231506, 0.10556844621896744, 0.0693824514746666, 0.04588034003973007, 0.007590779569000006, 0.0019763673190027475]</MIN_VALUE>
		<SIGNATURE_THRESHOLD_MD>0.0</SIGNATURE_THRESHOLD_MD>
		<SIGNATURE_THRESHOLD_ML>0.0</SIGNATURE_THRESHOLD_ML>
		<SIGNATURE_THRESHOLD_SAM>0.0</SIGNATURE_THRESHOLD_SAM>
	</signature>
	<signature ID="20201225_095647818491_202">
		<MACROCLASSID>1</MACROCLASSID>
		<MACROCLASSINFO>waterbody</MACROCLASSINFO>
		<CLASSID>9</CLASSID>
		<CLASSINFO>C 1</CLASSINFO>
		<VALUES>[0.1476697657933521, 0.00204391573528897, 0.12580015905717784, 0.0029206676917171003, 0.09194884790052274, 0.003449322810196207, 0.060078927020699134, 0.002047770416865109, 0.0203381552007479, 0.002094953309999032, 0.013542146820086275, 0.0028364999591071315]</VALUES>
		<LCS_MIN>[0.14062556624412537, 0.11981943249702454, 0.08619990199804306, 0.05489043891429901, 0.009524424560368061, 0.004753253422677517]</LCS_MIN>
		<LCS_MAX>[0.1556416153907776, 0.13692063093185425, 0.10541985929012299, 0.0699072778224945, 0.03079451248049736, 0.024191463366150856]</LCS_MAX>
		<WAVELENGTH>[0.485, 0.56, 0.66, 0.83, 1.65, 2.215]</WAVELENGTH>
		<MEAN_VALUE>[0.1476697657933521, 0.12580015905717784, 0.09194884790052274, 0.060078927020699134, 0.0203381552007479, 0.013542146820086275]</MEAN_VALUE>
		<CHECKBOX>2</CHECKBOX>
		<SD>[0.00204391573528897, 0.0029206676917171003, 0.003449322810196207, 0.002047770416865109, 0.002094953309999032, 0.0028364999591071315]</SD>
		<WAVELENGTH_UNIT>E-6m</WAVELENGTH_UNIT>
		<COLOR>#b20fd7</COLOR>
		<COVARIANCE_MATRIX>[[4.120036010135664e-06, 2.8793908768420806e-06, 3.3977007660723757e-06, 1.1441285323599004e-06, -1.57973971681713e-07, -3.550932206053403e-07], [2.8793908768420806e-06, 8.167016858351417e-06, 7.056133654259611e-06, 2.1306864255166147e-06, -6.310460207714641e-07, -9.063355150829011e-07], [3.3977007660723757e-06, 7.056133654259611e-06, 1.0798552466440015e-05, 2.5696401735331165e-06, -8.61213891312218e-07, -1.3206181392888539e-06], [1.1441285323599004e-06, 2.1306864255166147e-06, 2.5696401735331165e-06, 4.041670763399452e-06, 1.7043511491010577e-07, -2.1738486566391657e-08], [-1.57973971681713e-07, -6.310460207714641e-07, -8.61213891312218e-07, 1.7043511491010577e-07, 4.4843604882771615e-06, 2.21442701331398e-06], [-3.550932206053403e-07, -9.063355150829011e-07, -1.3206181392888539e-06, -2.1738486566391657e-08, 2.21442701331398e-06, 8.026714567677118e-06]]</COVARIANCE_MATRIX>
		<ROI_SIZE>10201</ROI_SIZE>
		<MAX_VALUE>[0.1556416153907776, 0.13692063093185425, 0.10541985929012299, 0.0699072778224945, 0.03079451248049736, 0.024191463366150856]</MAX_VALUE>
		<MIN_VALUE>[0.14062556624412537, 0.11981943249702454, 0.08619990199804306, 0.05489043891429901, 0.009524424560368061, 0.004753253422677517]</MIN_VALUE>
		<SIGNATURE_THRESHOLD_MD>0.0</SIGNATURE_THRESHOLD_MD>
		<SIGNATURE_THRESHOLD_ML>0.0</SIGNATURE_THRESHOLD_ML>
		<SIGNATURE_THRESHOLD_SAM>0.0</SIGNATURE_THRESHOLD_SAM>
	</signature>
	<signature ID="20201225_095701408201_677">
		<MACROCLASSID>1</MACROCLASSID>
		<MACROCLASSINFO>waterbody</MACROCLASSINFO>
		<CLASSID>10</CLASSID>
		<CLASSINFO>C 1</CLASSINFO>
		<VALUES>[0.147184100508591, 0.002797021508256368, 0.11622564499896537, 0.004984865824535845, 0.08345725258240563, 0.003783920966338327, 0.05398348452025418, 0.002321069495564446, 0.014967346515371259, 0.0018236664575776037, 0.008530920865429122, 0.0021172481760398237]</VALUES>
		<LCS_MIN>[0.1378953754901886, 0.10556844621896744, 0.07418742775917053, 0.04888371005654335, 0.005657135043293238, 0.0019763673190027475]</LCS_MIN>
		<LCS_MAX>[0.15700669586658478, 0.1283700317144394, 0.09340739250183105, 0.06089717149734497, 0.023059936240315437, 0.01863768883049488]</LCS_MAX>
		<WAVELENGTH>[0.485, 0.56, 0.66, 0.83, 1.65, 2.215]</WAVELENGTH>
		<MEAN_VALUE>[0.147184100508591, 0.11622564499896537, 0.08345725258240563, 0.05398348452025418, 0.014967346515371259, 0.008530920865429122]</MEAN_VALUE>
		<CHECKBOX>2</CHECKBOX>
		<SD>[0.002797021508256368, 0.004984865824535845, 0.003783920966338327, 0.002321069495564446, 0.0018236664575776037, 0.0021172481760398237]</SD>
		<WAVELENGTH_UNIT>E-6m</WAVELENGTH_UNIT>
		<COLOR>#3e0f9a</COLOR>
		<COVARIANCE_MATRIX>[[7.412970262521412e-06, 9.899275937641505e-06, 7.30800093151629e-06, 3.3211795198440086e-06, 8.792891321718344e-07, 5.936467459832784e-07], [9.899275937641505e-06, 2.332200347154867e-05, 1.5398787581943907e-05, 6.855975243524881e-06, 1.731491465761792e-06, 1.2166904070909368e-06], [7.30800093151629e-06, 1.5398787581943907e-05, 1.3431639672489837e-05, 5.081070867163362e-06, 1.3908253322370001e-06, 9.01167481970333e-07], [3.3211795198440086e-06, 6.855975243524881e-06, 5.081070867163362e-06, 5.075858553027501e-06, 8.153045882863807e-07, 5.636305786538287e-07], [8.792891321718344e-07, 1.731491465761792e-06, 1.3908253322370001e-06, 8.153045882863807e-07, 3.225713271604036e-06, 6.818005999775778e-07], [5.936467459832784e-07, 1.2166904070909368e-06, 9.01167481970333e-07, 5.636305786538287e-07, 6.818005999775778e-07, 4.507884568738518e-06]]</COVARIANCE_MATRIX>
		<ROI_SIZE>10201</ROI_SIZE>
		<MAX_VALUE>[0.15700669586658478, 0.1283700317144394, 0.09340739250183105, 0.06089717149734497, 0.023059936240315437, 0.01863768883049488]</MAX_VALUE>
		<MIN_VALUE>[0.1378953754901886, 0.10556844621896744, 0.07418742775917053, 0.04888371005654335, 0.005657135043293238, 0.0019763673190027475]</MIN_VALUE>
		<SIGNATURE_THRESHOLD_MD>0.0</SIGNATURE_THRESHOLD_MD>
		<SIGNATURE_THRESHOLD_ML>0.0</SIGNATURE_THRESHOLD_ML>
		<SIGNATURE_THRESHOLD_SAM>0.0</SIGNATURE_THRESHOLD_SAM>
	</signature>
	<signature ID="20201225_095712435365_753">
		<MACROCLASSID>1</MACROCLASSID>
		<MACROCLASSINFO>waterbody</MACROCLASSINFO>
		<CLASSID>11</CLASSID>
		<CLASSINFO>C 1</CLASSINFO>
		<VALUES>[0.14421490879833906, 0.002062346813019132, 0.11579623254440197, 0.002533363219456046, 0.08564328470639249, 0.001967135064137699, 0.0626476525491959, 0.0017559270212747166, 0.033200081265085724, 0.002371350585785518, 0.025670177914607954, 0.002728487035206639]</VALUES>
		<LCS_MIN>[0.13653028011322021, 0.10841863602399826, 0.07899241894483566, 0.05489043891429901, 0.021126290783286095, 0.015860799700021744]</LCS_MIN>
		<LCS_MAX>[0.15291142463684082, 0.12266965210437775, 0.09100490063428879, 0.06690391153097153, 0.04239637777209282, 0.035299014300107956]</LCS_MAX>
		<WAVELENGTH>[0.485, 0.56, 0.66, 0.83, 1.65, 2.215]</WAVELENGTH>
		<MEAN_VALUE>[0.14421490879833906, 0.11579623254440197, 0.08564328470639249, 0.0626476525491959, 0.033200081265085724, 0.025670177914607954]</MEAN_VALUE>
		<CHECKBOX>2</CHECKBOX>
		<SD>[0.002062346813019132, 0.002533363219456046, 0.001967135064137699, 0.0017559270212747166, 0.002371350585785518, 0.002728487035206639]</SD>
		<WAVELENGTH_UNIT>E-6m</WAVELENGTH_UNIT>
		<COLOR>#0f334b</COLOR>
		<COVARIANCE_MATRIX>[[4.150158929405734e-06, 2.0159909581707325e-06, 1.4491085948975524e-06, 5.988343900753534e-07, -1.5615086113029975e-07, -1.852261277690559e-07], [2.0159909581707325e-06, 6.09510243521072e-06, 2.2128397176857106e-06, 9.739696906763129e-07, 6.295050525295665e-08, -8.005670792954334e-09], [1.4491085948975524e-06, 2.2128397176857106e-06, 3.7624013202730566e-06, 8.872550552041503e-07, 5.583837037193007e-07, 4.767093741975259e-07], [5.988343900753534e-07, 9.739696906763129e-07, 8.872550552041503e-07, 3.1360777938971296e-06, 1.0553608262853231e-06, 1.0172400379815372e-06], [-1.5615086113029975e-07, 6.295050525295665e-08, 5.583837037193007e-07, 1.0553608262853231e-06, 5.636889000015799e-06, 2.9270154300320428e-06], [-1.852261277690559e-07, -8.005670792954334e-09, 4.767093741975259e-07, 1.0172400379815372e-06, 2.9270154300320428e-06, 7.486666163458722e-06]]</COVARIANCE_MATRIX>
		<ROI_SIZE>10201</ROI_SIZE>
		<MAX_VALUE>[0.15291142463684082, 0.12266965210437775, 0.09100490063428879, 0.06690391153097153, 0.04239637777209282, 0.035299014300107956]</MAX_VALUE>
		<MIN_VALUE>[0.13653028011322021, 0.10841863602399826, 0.07899241894483566, 0.05489043891429901, 0.021126290783286095, 0.015860799700021744]</MIN_VALUE>
		<SIGNATURE_THRESHOLD_MD>0.0</SIGNATURE_THRESHOLD_MD>
		<SIGNATURE_THRESHOLD_ML>0.0</SIGNATURE_THRESHOLD_ML>
		<SIGNATURE_THRESHOLD_SAM>0.0</SIGNATURE_THRESHOLD_SAM>
	</signature>
	<signature ID="20201225_095718231297_392">
		<MACROCLASSID>1</MACROCLASSID>
		<MACROCLASSINFO>waterbody</MACROCLASSINFO>
		<CLASSID>12</CLASSID>
		<CLASSINFO>C 1</CLASSINFO>
		<VALUES>[0.15661587113200998, 0.004457355399603247, 0.1316849241211464, 0.008999047644239543, 0.09547012757522269, 0.006753793723568707, 0.07320404823857148, 0.0023764608416447113, 0.0497892204211048, 0.0035390384208684295, 0.04217203405897819, 0.0038504182652608263]</VALUES>
		<LCS_MIN>[0.1460859477519989, 0.1141190379858017, 0.0837974101305008, 0.06390054523944855, 0.032728154212236404, 0.026968348771333694]</LCS_MIN>
		<LCS_MAX>[0.16792744398117065, 0.15117162466049194, 0.11262735724449158, 0.07891737669706345, 0.06366647034883499, 0.054737213999032974]</LCS_MAX>
		<WAVELENGTH>[0.485, 0.56, 0.66, 0.83, 1.65, 2.215]</WAVELENGTH>
		<MEAN_VALUE>[0.15661587113200998, 0.1316849241211464, 0.09547012757522269, 0.07320404823857148, 0.0497892204211048, 0.04217203405897819]</MEAN_VALUE>
		<CHECKBOX>2</CHECKBOX>
		<SD>[0.004457355399603247, 0.008999047644239543, 0.006753793723568707, 0.0023764608416447113, 0.0035390384208684295, 0.0038504182652608263]</SD>
		<WAVELENGTH_UNIT>E-6m</WAVELENGTH_UNIT>
		<COLOR>#1eee30</COLOR>
		<COVARIANCE_MATRIX>[[1.8879234630730934e-05, 3.365001248312183e-05, 2.4863587896106765e-05, 5.1135280045855325e-06, 8.868777513271198e-06, 8.95256562216673e-06], [3.365001248312183e-05, 7.51958868931979e-05, 5.3071038564667106e-05, 9.841604878602084e-06, 1.7546859453432262e-05, 1.7498152374173515e-05], [2.4863587896106765e-05, 5.3071038564667106e-05, 4.1733925172593445e-05, 8.301419256895315e-06, 1.4538113646267448e-05, 1.4520604054268915e-05], [5.1135280045855325e-06, 9.841604878602084e-06, 8.301419256895315e-06, 5.548090484808199e-06, 5.583081019722158e-06, 5.669238362315809e-06], [8.868777513271198e-06, 1.7546859453432262e-05, 1.4538113646267448e-05, 5.583081019722158e-06, 1.2950584277859889e-05, 1.021926073008217e-05], [8.95256562216673e-06, 1.7498152374173515e-05, 1.4520604054268915e-05, 5.669238362315809e-06, 1.021926073008217e-05, 1.5249780517478939e-05]]</COVARIANCE_MATRIX>
		<ROI_SIZE>10201</ROI_SIZE>
		<MAX_VALUE>[0.16792744398117065, 0.15117162466049194, 0.11262735724449158, 0.07891737669706345, 0.06366647034883499, 0.054737213999032974]</MAX_VALUE>
		<MIN_VALUE>[0.1460859477519989, 0.1141190379858017, 0.0837974101305008, 0.06390054523944855, 0.032728154212236404, 0.026968348771333694]</MIN_VALUE>
		<SIGNATURE_THRESHOLD_MD>0.0</SIGNATURE_THRESHOLD_MD>
		<SIGNATURE_THRESHOLD_ML>0.0</SIGNATURE_THRESHOLD_ML>
		<SIGNATURE_THRESHOLD_SAM>0.0</SIGNATURE_THRESHOLD_SAM>
	</signature>
	<signature ID="20201225_095753552632_668">
		<MACROCLASSID>1</MACROCLASSID>
		<MACROCLASSINFO>waterbody</MACROCLASSINFO>
		<CLASSID>13</CLASSID>
		<CLASSINFO>C 1</CLASSINFO>
		<VALUES>[0.14284687528948817, 0.001963145208504527, 0.12865674248813885, 0.0023744438115774927, 0.10388454221762145, 0.0022252331699516526, 0.13185841193389614, 0.008524647976314161, 0.03955884207282546, 0.007155197137169545, 0.021907514225713604, 0.0049484636532817605]</VALUES>
		<LCS_MIN>[0.13653028011322021, 0.12266965210437775, 0.09821238368749619, 0.11495780199766159, 0.028860874474048615, 0.01308391522616148]</LCS_MIN>
		<LCS_MAX>[0.1460859477519989, 0.13407042622566223, 0.11022484302520752, 0.15400157868862152, 0.06366647034883499, 0.040852781385183334]</LCS_MAX>
		<WAVELENGTH>[0.485, 0.56, 0.66, 0.83, 1.65, 2.215]</WAVELENGTH>
		<MEAN_VALUE>[0.14284687528948817, 0.12865674248813885, 0.10388454221762145, 0.13185841193389614, 0.03955884207282546, 0.021907514225713604]</MEAN_VALUE>
		<CHECKBOX>2</CHECKBOX>
		<SD>[0.001963145208504527, 0.0023744438115774927, 0.0022252331699516526, 0.008524647976314161, 0.007155197137169545, 0.0049484636532817605]</SD>
		<WAVELENGTH_UNIT>E-6m</WAVELENGTH_UNIT>
		<COLOR>#53046c</COLOR>
		<COVARIANCE_MATRIX>[[3.876879418385215e-06, 2.069003130600322e-06, 2.0642048639274435e-06, -4.74623084301129e-06, -4.453550445759902e-06, -2.703515065149986e-06], [2.069003130600322e-06, 5.671543021890102e-06, 2.847601535904687e-06, -8.033460289880168e-06, -7.054848538246006e-06, -3.581279997888487e-06], [2.0642048639274435e-06, 2.847601535904687e-06, 4.981136953574605e-06, -7.097889920260059e-06, -6.622275577683467e-06, -3.924571046809433e-06], [-4.74623084301129e-06, -8.033460289880168e-06, -7.097889920260059e-06, 7.310217915801331e-05, 4.685884414357133e-05, 2.5773795641725883e-05], [-4.453550445759902e-06, -7.054848538246006e-06, -6.622275577683467e-06, 4.685884414357133e-05, 5.150158904143609e-05, 2.8670119718299247e-05], [-2.703515065149986e-06, -3.581279997888487e-06, -3.924571046809433e-06, 2.5773795641725883e-05, 2.8670119718299247e-05, 2.4633050998090766e-05]]</COVARIANCE_MATRIX>
		<ROI_SIZE>169</ROI_SIZE>
		<MAX_VALUE>[0.1460859477519989, 0.13407042622566223, 0.11022484302520752, 0.15400157868862152, 0.06366647034883499, 0.040852781385183334]</MAX_VALUE>
		<MIN_VALUE>[0.13653028011322021, 0.12266965210437775, 0.09821238368749619, 0.11495780199766159, 0.028860874474048615, 0.01308391522616148]</MIN_VALUE>
		<SIGNATURE_THRESHOLD_MD>0.0</SIGNATURE_THRESHOLD_MD>
		<SIGNATURE_THRESHOLD_ML>0.0</SIGNATURE_THRESHOLD_ML>
		<SIGNATURE_THRESHOLD_SAM>0.0</SIGNATURE_THRESHOLD_SAM>
	</signature>
	<signature ID="20201225_095802926394_265">
		<MACROCLASSID>1</MACROCLASSID>
		<MACROCLASSINFO>waterbody</MACROCLASSINFO>
		<CLASSID>14</CLASSID>
		<CLASSINFO>C 1</CLASSINFO>
		<VALUES>[0.14543256481997993, 0.0024510570116231998, 0.1321215769674024, 0.0027798907004519197, 0.10930081622468099, 0.0036879255738695407, 0.1470964071460259, 0.01781913832185105, 0.06429449039009899, 0.018536229975363867, 0.038906591251874595, 0.012292006848251708]</VALUES>
		<LCS_MIN>[0.1378953754901886, 0.12266965210437775, 0.09821238368749619, 0.11796116083860397, 0.032728154212236404, 0.01863768883049488]</LCS_MIN>
		<LCS_MAX>[0.15291142463684082, 0.13692063093185425, 0.1174323633313179, 0.20205546915531158, 0.10620664805173874, 0.0713985338807106]</LCS_MAX>
		<WAVELENGTH>[0.485, 0.56, 0.66, 0.83, 1.65, 2.215]</WAVELENGTH>
		<MEAN_VALUE>[0.14543256481997993, 0.1321215769674024, 0.10930081622468099, 0.1470964071460259, 0.06429449039009899, 0.038906591251874595]</MEAN_VALUE>
		<CHECKBOX>2</CHECKBOX>
		<SD>[0.0024510570116231998, 0.0027798907004519197, 0.0036879255738695407, 0.01781913832185105, 0.018536229975363867, 0.012292006848251708]</SD>
		<WAVELENGTH_UNIT>E-6m</WAVELENGTH_UNIT>
		<COLOR>#b94c6d</COLOR>
		<COVARIANCE_MATRIX>[[6.059470706532011e-06, 3.948119228880387e-06, 5.300038992572809e-06, -2.147185796275153e-06, 3.9113487559916393e-07, 2.704228563743527e-06], [3.948119228880387e-06, 7.794411430950277e-06, 6.861206657049479e-06, -3.610896101235994e-06, -2.186315668950556e-06, 1.2917005278723082e-06], [5.300038992572809e-06, 6.861206657049479e-06, 1.3718043192056939e-05, 8.11994141258765e-06, 1.251963749382412e-05, 1.0723885679908562e-05], [-2.147185796275153e-06, -3.610896101235994e-06, 8.11994141258765e-06, 0.00032025895779952407, 0.0002844831033144146, 0.00017991925415117294], [3.9113487559916393e-07, -2.186315668950556e-06, 1.251963749382412e-05, 0.0002844831033144146, 0.0003465538320597261, 0.00021166211809031665], [2.704228563743527e-06, 1.2917005278723082e-06, 1.0723885679908562e-05, 0.00017991925415117294, 0.00021166211809031665, 0.00015239596541505307]]</COVARIANCE_MATRIX>
		<ROI_SIZE>117</ROI_SIZE>
		<MAX_VALUE>[0.15291142463684082, 0.13692063093185425, 0.1174323633313179, 0.20205546915531158, 0.10620664805173874, 0.0713985338807106]</MAX_VALUE>
		<MIN_VALUE>[0.1378953754901886, 0.12266965210437775, 0.09821238368749619, 0.11796116083860397, 0.032728154212236404, 0.01863768883049488]</MIN_VALUE>
		<SIGNATURE_THRESHOLD_MD>0.0</SIGNATURE_THRESHOLD_MD>
		<SIGNATURE_THRESHOLD_ML>0.0</SIGNATURE_THRESHOLD_ML>
		<SIGNATURE_THRESHOLD_SAM>0.0</SIGNATURE_THRESHOLD_SAM>
	</signature>
	<signature ID="20201225_095818380649_673">
		<MACROCLASSID>1</MACROCLASSID>
		<MACROCLASSINFO>waterbody</MACROCLASSINFO>
		<CLASSID>15</CLASSID>
		<CLASSINFO>C 1</CLASSINFO>
		<VALUES>[0.14244569242000577, 0.0015893545941642712, 0.1216245693465074, 0.0020131615333717216, 0.0953293912112713, 0.002353955780944341, 0.20896322528521225, 0.019528059180453992, 0.092413317412138, 0.01221652517023781, 0.04936857248346011, 0.006450245868204922]</VALUES>
		<LCS_MIN>[0.13926047086715698, 0.11696923524141312, 0.09100490063428879, 0.17502515017986298, 0.06946741044521332, 0.038075897842645645]</LCS_MIN>
		<LCS_MAX>[0.1474510133266449, 0.12551984190940857, 0.10061489045619965, 0.2410992681980133, 0.11587487161159515, 0.06584476679563522]</LCS_MAX>
		<WAVELENGTH>[0.485, 0.56, 0.66, 0.83, 1.65, 2.215]</WAVELENGTH>
		<MEAN_VALUE>[0.14244569242000577, 0.1216245693465074, 0.0953293912112713, 0.20896322528521225, 0.092413317412138, 0.04936857248346011]</MEAN_VALUE>
		<CHECKBOX>2</CHECKBOX>
		<SD>[0.0015893545941642712, 0.0020131615333717216, 0.002353955780944341, 0.019528059180453992, 0.01221652517023781, 0.006450245868204922]</SD>
		<WAVELENGTH_UNIT>E-6m</WAVELENGTH_UNIT>
		<COLOR>#9296e6</COLOR>
		<COVARIANCE_MATRIX>[[2.6131531285500387e-06, 3.577691813916317e-07, -1.1309472114362507e-07, -8.199782314477488e-06, 9.405446803611994e-07, 1.8735745470621623e-06], [3.577691813916317e-07, 4.192571850580862e-06, 2.5501497020741226e-06, 8.9439317889628e-06, 1.0363763067289256e-05, 2.0014151402847347e-07], [-1.1309472114362507e-07, 2.5501497020741226e-06, 5.732180397899356e-06, 1.4132604519545566e-05, 1.1245499990764074e-05, 2.3925279037939617e-06], [-8.199782314477488e-06, 8.9439317889628e-06, 1.4132604519545566e-05, 0.0003944949130527675, 0.00018487709166947752, 6.45344698568806e-05], [9.405446803611994e-07, 1.0363763067289256e-05, 1.1245499990764074e-05, 0.00018487709166947752, 0.00015438981063198298, 5.855853305547498e-05], [1.8735745470621623e-06, 2.0014151402847347e-07, 2.3925279037939617e-06, 6.45344698568806e-05, 5.855853305547498e-05, 4.304034882807173e-05]]</COVARIANCE_MATRIX>
		<ROI_SIZE>30</ROI_SIZE>
		<MAX_VALUE>[0.1474510133266449, 0.12551984190940857, 0.10061489045619965, 0.2410992681980133, 0.11587487161159515, 0.06584476679563522]</MAX_VALUE>
		<MIN_VALUE>[0.13926047086715698, 0.11696923524141312, 0.09100490063428879, 0.17502515017986298, 0.06946741044521332, 0.038075897842645645]</MIN_VALUE>
		<SIGNATURE_THRESHOLD_MD>0.0</SIGNATURE_THRESHOLD_MD>
		<SIGNATURE_THRESHOLD_ML>0.0</SIGNATURE_THRESHOLD_ML>
		<SIGNATURE_THRESHOLD_SAM>0.0</SIGNATURE_THRESHOLD_SAM>
	</signature>
	<signature ID="20201225_095824839790_444">
		<MACROCLASSID>1</MACROCLASSID>
		<MACROCLASSINFO>waterbody</MACROCLASSINFO>
		<CLASSID>16</CLASSID>
		<CLASSINFO>C 1</CLASSINFO>
