<?xml version="1.0" ?>
<signaturelist MCID_LIST="[['1', 'waterbody', '#0000ff'], ['2', 'vegetation', '#00ff00'], ['4', 'builtup', '#ff0000'], ['3', 'barren', '#ffaa00']]">
	<signature ID="20190911_211500424423_257">
		<MACROCLASSID>1</MACROCLASSID>
		<MACROCLASSINFO>waterbody</MACROCLASSINFO>
		<CLASSID>1</CLASSID>
		<CLASSINFO>C 1</CLASSINFO>
		<VALUES>[602.5276188296381, 107.00930323226503, 997.7965209430065, 174.67803892439377, 836.692492561227, 247.63085688705485, 295.50370031280664, 120.71640964668703, 72.50453955901412, 81.90156185028542, 56.600938429846465, 63.926051283410196]</VALUES>
		<LCS_MIN>[165.0, 215.0, 180.0, 88.0, -68.0, -86.0]</LCS_MIN>
		<LCS_MAX>[1349.0, 1771.0, 1542.0, 1172.0, 1040.0, 949.0]</LCS_MAX>
		<WAVELENGTH>[0.485, 0.56, 0.66, 0.83, 1.65, 2.215]</WAVELENGTH>
		<MEAN_VALUE>[602.5276188296381, 997.7965209430065, 836.692492561227, 295.50370031280664, 72.50453955901412, 56.600938429846465]</MEAN_VALUE>
		<CHECKBOX>2</CHECKBOX>
		<SD>[107.00930323226503, 174.67803892439377, 247.63085688705485, 120.71640964668703, 81.90156185028542, 63.926051283410196]</SD>
		<WAVELENGTH_UNIT>E-6m</WAVELENGTH_UNIT>
		<COLOR>#1be875</COLOR>
		<COVARIANCE_MATRIX>[[11633.2646484375, 17525.046875, 22724.86328125, 8109.8232421875, 3641.995361328125, 2945.38623046875], [17525.046875, 30178.08203125, 40332.8828125, 13308.5224609375, 3736.56298828125, 3115.99658203125], [22724.86328125, 40332.8828125, 60490.66015625, 21278.81640625, 4282.20068359375, 3462.525634765625], [8109.8232421875, 13308.5224609375, 21278.81640625, 13730.6806640625, 5621.01708984375, 3691.652587890625], [3641.995361328125, 3736.56298828125, 4282.20068359375, 5621.01708984375, 6255.1318359375, 4178.7314453125], [2945.38623046875, 3115.99658203125, 3462.525634765625, 3691.652587890625, 4178.7314453125, 3923.94775390625]]</COVARIANCE_MATRIX>
		<ROI_SIZE>516962</ROI_SIZE>
		<MAX_VALUE>[1349.0, 1771.0, 1542.0, 1172.0, 1040.0, 949.0]</MAX_VALUE>
		<MIN_VALUE>[165.0, 215.0, 180.0, 88.0, -68.0, -86.0]</MIN_VALUE>
		<SIGNATURE_THRESHOLD_MD>0.0</SIGNATURE_THRESHOLD_MD>
		<SIGNATURE_THRESHOLD_ML>0.0</SIGNATURE_THRESHOLD_ML>
		<SIGNATURE_THRESHOLD_SAM>0.0</SIGNATURE_THRESHOLD_SAM>
	</signature>
	<signature ID="20190911_211517723718_480">
		<MACROCLASSID>1</MACROCLASSID>
		<MACROCLASSINFO>waterbody</MACROCLASSINFO>
		<CLASSID>2</CLASSID>
		<CLASSINFO>C 1</CLASSINFO>
		<VALUES>[837.4677734374991, 134.8775158206464, 1340.9576822916674, 229.01419774001644, 1491.9404296875016, 323.8082798747432, 961.9593098958329, 327.84186788222047, 216.80631510416643, 198.79991491712704, 131.22884114583368, 118.30768518535677]</VALUES>
		<LCS_MIN>[425.0, 675.0, 649.0, 399.0, -7.0, -46.0]</LCS_MIN>
		<LCS_MAX>[1207.0, 1752.0, 2081.0, 1785.0, 1032.0, 800.0]</LCS_MAX>
		<WAVELENGTH>[0.485, 0.56, 0.66, 0.83, 1.65, 2.215]</WAVELENGTH>
		<MEAN_VALUE>[837.4677734374991, 1340.9576822916674, 1491.9404296875016, 961.9593098958329, 216.80631510416643, 131.22884114583368]</MEAN_VALUE>
		<CHECKBOX>2</CHECKBOX>
		<SD>[134.8775158206464, 229.01419774001644, 323.8082798747432, 327.84186788222047, 198.79991491712704, 118.30768518535677]</SD>
		<WAVELENGTH_UNIT>E-6m</WAVELENGTH_UNIT>
		<COLOR>#2d9ab5</COLOR>
		<COVARIANCE_MATRIX>[[20193.931640625, 32541.666015625, 44750.109375, 1272.951171875, -12977.6318359375, -5826.16015625], [32541.666015625, 56971.57421875, 78186.6328125, 3932.537841796875, -22881.43359375, -10720.90625], [44750.109375, 78186.6328125, 110864.5859375, 6726.66162109375, -32952.1953125, -15598.18359375], [1272.951171875, 3932.537841796875, 6726.66162109375, 98186.390625, 40861.45703125, 20900.482421875], [-12977.6318359375, -22881.43359375, -32952.1953125, 40861.45703125, 40217.1015625, 21540.01171875], [-5826.16015625, -10720.90625, -15598.18359375, 20900.482421875, 21540.01171875, 13201.8720703125]]</COVARIANCE_MATRIX>
		<ROI_SIZE>18041</ROI_SIZE>
		<MAX_VALUE>[1207.0, 1752.0, 2081.0, 1785.0, 1032.0, 800.0]</MAX_VALUE>
		<MIN_VALUE>[425.0, 675.0, 649.0, 399.0, -7.0, -46.0]</MIN_VALUE>
		<SIGNATURE_THRESHOLD_MD>0.0</SIGNATURE_THRESHOLD_MD>
		<SIGNATURE_THRESHOLD_ML>0.0</SIGNATURE_THRESHOLD_ML>
		<SIGNATURE_THRESHOLD_SAM>0.0</SIGNATURE_THRESHOLD_SAM>
	</signature>
	<signature ID="20190911_211640460094_502">
		<MACROCLASSID>2</MACROCLASSID>
		<MACROCLASSINFO>vegetation</MACROCLASSINFO>
		<CLASSID>4</CLASSID>
		<CLASSINFO>C 1</CLASSINFO>
		<VALUES>[290.83323060803343, 94.157645721184, 550.3843878085642, 141.21737038082333, 405.4456839964248, 181.23481245122534, 3252.414003513198, 362.13943882294825, 1689.3680390766956, 312.6002395462098, 683.3821381244408, 219.8156275261058]</VALUES>
		<LCS_MIN>[93.0, 232.0, 120.0, 1919.0, 928.5, 272.0]</LCS_MIN>
		<LCS_MAX>[933.0, 1461.5, 1498.5, 3919.0, 2924.0, 1887.0]</LCS_MAX>
		<WAVELENGTH>[0.485, 0.56, 0.66, 0.83, 1.65, 2.215]</WAVELENGTH>
		<MEAN_VALUE>[290.83323060803343, 550.3843878085642, 405.4456839964248, 3252.414003513198, 1689.3680390766956, 683.3821381244408]</MEAN_VALUE>
		<CHECKBOX>2</CHECKBOX>
		<SD>[94.157645721184, 141.21737038082333, 181.23481245122534, 362.13943882294825, 312.6002395462098, 219.8156275261058]</SD>
		<WAVELENGTH_UNIT>E-6m</WAVELENGTH_UNIT>
		<COLOR>#edad83</COLOR>
		<COVARIANCE_MATRIX>[[8711.0341796875, 12175.4677734375, 16115.263671875, -11482.6806640625, 19381.072265625, 15771.7626953125], [12175.4677734375, 19572.25390625, 23522.490234375, -9576.919921875, 30694.857421875, 23298.4921875], [16115.263671875, 23522.490234375, 32098.150390625, -24845.67578125, 36888.4609375, 30683.015625], [-11482.6806640625, -9576.919921875, -24845.67578125, 126879.4609375, 5803.193359375, -14744.7685546875], [19381.072265625, 30694.857421875, 36888.4609375, 5803.193359375, 97530.359375, 64778.796875], [15771.7626953125, 23298.4921875, 30683.015625, -14744.7685546875, 64778.796875, 48595.41796875]]</COVARIANCE_MATRIX>
		<ROI_SIZE>717694</ROI_SIZE>
		<MAX_VALUE>[933.0, 1461.5, 1498.5, 3919.0, 2924.0, 1887.0]</MAX_VALUE>
		<MIN_VALUE>[93.0, 232.0, 120.0, 1919.0, 928.5, 272.0]</MIN_VALUE>
		<SIGNATURE_THRESHOLD_MD>0.0</SIGNATURE_THRESHOLD_MD>
		<SIGNATURE_THRESHOLD_ML>0.0</SIGNATURE_THRESHOLD_ML>
		<SIGNATURE_THRESHOLD_SAM>0.0</SIGNATURE_THRESHOLD_SAM>
	</signature>
	<signature ID="20190911_212011261011_789">
		<MACROCLASSID>4</MACROCLASSID>
		<MACROCLASSINFO>builtup</MACROCLASSINFO>
		<CLASSID>5</CLASSID>
		<CLASSINFO>C 1</CLASSINFO>
		<VALUES>[701.9913043478264, 146.914608185499, 1055.2630434782593, 165.36292873383942, 1227.4847826086964, 224.46581706197617, 2349.652173913046, 310.96892528880386, 2439.006521739132, 258.2223173446831, 1826.867391304346, 315.0718238022313]</VALUES>
		<LCS_MIN>[447.0, 677.0, 683.0, 1665.0, 1968.5, 1459.0]</LCS_MIN>
		<LCS_MAX>[1348.5, 1827.5, 2262.0, 3107.0, 3472.0, 3215.0]</LCS_MAX>
		<WAVELENGTH>[0.485, 0.56, 0.66, 0.83, 1.65, 2.215]</WAVELENGTH>
		<MEAN_VALUE>[701.9913043478264, 1055.2630434782593, 1227.4847826086964, 2349.652173913046, 2439.006521739132, 1826.867391304346]</MEAN_VALUE>
		<CHECKBOX>2</CHECKBOX>
		<SD>[146.914608185499, 165.36292873383942, 224.46581706197617, 310.96892528880386, 258.2223173446831, 315.0718238022313]</SD>
		<WAVELENGTH_UNIT>E-6m</WAVELENGTH_UNIT>
		<COLOR>#5dee22</COLOR>
		<COVARIANCE_MATRIX>[[21630.92578125, 22349.54296875, 27188.091796875, -15262.73046875, 13279.0068359375, 28698.115234375], [22349.54296875, 27404.47265625, 32925.60546875, -9495.8662109375, 15750.5029296875, 29925.205078125], [27188.091796875, 32925.60546875, 50494.67578125, -14313.6220703125, 30964.654296875, 50594.515625], [-15262.73046875, -9495.8662109375, -14313.6220703125, 96912.3515625, 13441.1220703125, -24036.919921875], [13279.0068359375, 15750.5029296875, 30964.654296875, 13441.1220703125, 66824.03125, 65851.703125], [28698.115234375, 29925.205078125, 50594.515625, -24036.919921875, 65851.703125, 99486.53125]]</COVARIANCE_MATRIX>
		<ROI_SIZE>460</ROI_SIZE>
		<MAX_VALUE>[1348.5, 1827.5, 2262.0, 3107.0, 3472.0, 3215.0]</MAX_VALUE>
		<MIN_VALUE>[447.0, 677.0, 683.0, 1665.0, 1968.5, 1459.0]</MIN_VALUE>
		<SIGNATURE_THRESHOLD_MD>0.0</SIGNATURE_THRESHOLD_MD>
		<SIGNATURE_THRESHOLD_ML>0.0</SIGNATURE_THRESHOLD_ML>
		<SIGNATURE_THRESHOLD_SAM>0.0</SIGNATURE_THRESHOLD_SAM>
	</signature>
	<signature ID="20190911_212200087828_311">
		<MACROCLASSID>2</MACROCLASSID>
		<MACROCLASSINFO>vegetation</MACROCLASSINFO>
		<CLASSID>6</CLASSID>
		<CLASSINFO>C 1</CLASSINFO>
		<VALUES>[320.96685909771213, 50.29035187590628, 674.1088304468672, 76.97278633710928, 492.2334830019242, 120.02053049070038, 3627.867222578571, 326.2712413473549, 1940.578148385718, 241.0345205296767, 815.68505452213, 185.98634487530316]</VALUES>
		<LCS_MIN>[202.0, 425.0, 270.0, 3182.0, 1313.0, 414.0]</LCS_MIN>
		<LCS_MAX>[624.0, 1113.0, 1243.0, 4850.0, 3057.0, 1800.0]</LCS_MAX>
		<WAVELENGTH>[0.485, 0.56, 0.66, 0.83, 1.65, 2.215]</WAVELENGTH>
		<MEAN_VALUE>[320.96685909771213, 674.1088304468672, 492.2334830019242, 3627.867222578571, 1940.578148385718, 815.68505452213]</MEAN_VALUE>
		<CHECKBOX>2</CHECKBOX>
		<SD>[50.29035187590628, 76.97278633710928, 120.02053049070038, 326.2712413473549, 241.0345205296767, 185.98634487530316]</SD>
		<WAVELENGTH_UNIT>E-6m</WAVELENGTH_UNIT>
		<COLOR>#466454</COLOR>
		<COVARIANCE_MATRIX>[[2609.3369140625, 3079.978759765625, 4849.23876953125, -2543.5361328125, 8065.74267578125, 6694.86572265625], [3079.978759765625, 5575.7841796875, 7000.89111328125, 2238.0703125, 13713.85546875, 10110.7783203125], [4849.23876953125, 7000.89111328125, 12597.1279296875, -10855.8525390625, 19326.052734375, 16984.94140625], [-2543.5361328125, 2238.0703125, -10855.8525390625, 105129.375, 10479.03125, -9572.8212890625], [8065.74267578125, 13713.85546875, 19326.052734375, 10479.03125, 50636.984375, 35167.296875], [6694.86572265625, 10110.7783203125, 16984.94140625, -9572.8212890625, 35167.296875, 29750.517578125]]</COVARIANCE_MATRIX>
		<ROI_SIZE>19368</ROI_SIZE>
		<MAX_VALUE>[624.0, 1113.0, 1243.0, 4850.0, 3057.0, 1800.0]</MAX_VALUE>
		<MIN_VALUE>[202.0, 425.0, 270.0, 3182.0, 1313.0, 414.0]</MIN_VALUE>
		<SIGNATURE_THRESHOLD_MD>0.0</SIGNATURE_THRESHOLD_MD>
		<SIGNATURE_THRESHOLD_ML>0.0</SIGNATURE_THRESHOLD_ML>
		<SIGNATURE_THRESHOLD_SAM>0.0</SIGNATURE_THRESHOLD_SAM>
	</signature>
	<signature ID="20190911_212315078222_180">
		<MACROCLASSID>3</MACROCLASSID>
		<MACROCLASSINFO>barren</MACROCLASSINFO>
		<CLASSID>7</CLASSID>
		<CLASSINFO>C 1</CLASSINFO>
		<VALUES>[1146.543581616482, 102.02208013946516, 1777.076069730587, 142.10670054638172, 2117.331220285259, 177.30435200757117, 3631.5610142630726, 152.25661985588007, 4431.854199683037, 195.38538692472758, 3224.023771790809, 214.3077923520146]</VALUES>
		<LCS_MIN>[897.0, 1465.0, 1675.0, 3208.0, 4113.0, 2787.0]</LCS_MIN>
		<LCS_MAX>[1445.0, 2211.0, 2575.0, 4040.0, 4956.0, 3778.0]</LCS_MAX>
		<WAVELENGTH>[0.485, 0.56, 0.66, 0.83, 1.65, 2.215]</WAVELENGTH>
		<MEAN_VALUE>[1146.543581616482, 1777.076069730587, 2117.331220285259, 3631.5610142630726, 4431.854199683037, 3224.023771790809]</MEAN_VALUE>
		<CHECKBOX>2</CHECKBOX>
		<SD>[102.02208013946516, 142.10670054638172, 177.30435200757117, 152.25661985588007, 195.38538692472758, 214.3077923520146]</SD>
		<WAVELENGTH_UNIT>E-6m</WAVELENGTH_UNIT>
		<COLOR>#f494d2</COLOR>
		<COVARIANCE_MATRIX>[[10425.0263671875, 13493.2841796875, 16753.9921875, 10443.791015625, 12065.2763671875, 16589.619140625], [13493.2841796875, 20226.369140625, 24385.3359375, 14479.7568359375, 16291.5634765625, 22939.751953125], [16753.9921875, 24385.3359375, 31486.732421875, 16841.400390625, 19756.8671875, 28389.048828125], [10443.791015625, 14479.7568359375, 16841.400390625, 23218.875, 19522.34765625, 20906.3125], [12065.2763671875, 16291.5634765625, 19756.8671875, 19522.34765625, 38236.046875, 37688.59375], [16589.619140625, 22939.751953125, 28389.048828125, 20906.3125, 37688.59375, 46000.73046875]]</COVARIANCE_MATRIX>
		<ROI_SIZE>631</ROI_SIZE>
		<MAX_VALUE>[1445.0, 2211.0, 2575.0, 4040.0, 4956.0, 3778.0]</MAX_VALUE>
		<MIN_VALUE>[897.0, 1465.0, 1675.0, 3208.0, 4113.0, 2787.0]</MIN_VALUE>
		<SIGNATURE_THRESHOLD_MD>0.0</SIGNATURE_THRESHOLD_MD>
		<SIGNATURE_THRESHOLD_ML>0.0</SIGNATURE_THRESHOLD_ML>
		<SIGNATURE_THRESHOLD_SAM>0.0</SIGNATURE_THRESHOLD_SAM>
	</signature>
	<signature ID="20190911_212329179850_276">
		<MACROCLASSID>3</MACROCLASSID>
		<MACROCLASSINFO>barren</MACROCLASSINFO>
		<CLASSID>8</CLASSID>
		<CLASSINFO>C 1</CLASSINFO>
		<VALUES>[652.1189444663247, 84.56351353564474, 1065.4048838125234, 131.97527693366484, 1280.6289877904685, 186.08990075883827, 2355.25797558094, 226.81987484055244, 2923.3883418668806, 216.37847668671867, 1779.5640015754245, 230.4413700476512]</VALUES>
		<LCS_MIN>[426.0, 674.0, 768.0, 1827.0, 2474.0, 1227.0]</LCS_MIN>
		<LCS_MAX>[913.0, 1465.0, 1733.0, 2772.0, 3467.0, 2219.0]</LCS_MAX>
		<WAVELENGTH>[0.485, 0.56, 0.66, 0.83, 1.65, 2.215]</WAVELENGTH>
		<MEAN_VALUE>[652.1189444663247, 1065.4048838125234, 1280.6289877904685, 2355.25797558094, 2923.3883418668806, 1779.5640015754245]</MEAN_VALUE>
		<CHECKBOX>2</CHECKBOX>
		<SD>[84.56351353564474, 131.97527693366484, 186.08990075883827, 226.81987484055244, 216.37847668671867, 230.4413700476512]</SD>
		<WAVELENGTH_UNIT>E-6m</WAVELENGTH_UNIT>
		<COLOR>#4fdf86</COLOR>
		<COVARIANCE_MATRIX>[[7154.68310546875, 10243.6416015625, 14631.9619140625, 7487.95947265625, 6987.37451171875, 9131.529296875], [10243.6416015625, 17451.935546875, 24039.421875, 14508.9794921875, 9554.4521484375, 12347.7021484375], [14631.9619140625, 24039.421875, 35412.9375, 17408.587890625, 14832.54296875, 19433.5], [7487.95947265625, 14508.9794921875, 17408.587890625, 49252.9375, 14555.6083984375, 12153.1806640625], [6987.37451171875, 9554.4521484375, 14832.54296875, 14555.6083984375, 50077.3984375, 49346.7109375], [9131.529296875, 12347.7021484375, 19433.5, 12153.1806640625, 49346.7109375, 57665.92578125]]</COVARIANCE_MATRIX>
		<ROI_SIZE>7791</ROI_SIZE>
		<MAX_VALUE>[913.0, 1465.0, 1733.0, 2772.0, 3467.0, 2219.0]</MAX_VALUE>
		<MIN_VALUE>[426.0, 674.0, 768.0, 1827.0, 2474.0, 1227.0]</MIN_VALUE>
		<SIGNATURE_THRESHOLD_MD>0.0</SIGNATURE_THRESHOLD_MD>
		<SIGNATURE_THRESHOLD_ML>0.0</SIGNATURE_THRESHOLD_ML>
		<SIGNATURE_THRESHOLD_SAM>0.0</SIGNATURE_THRESHOLD_SAM>
	</signature>
	<signature ID="20190911_212417765650_844">
		<MACROCLASSID>4</MACROCLASSID>
		<MACROCLASSINFO>builtup</MACROCLASSINFO>
		<CLASSID>9</CLASSID>
		<CLASSINFO>C 1</CLASSINFO>
		<VALUES>[995.470588235294, 96.73500348712442, 1692.7647058823527, 220.8554303323023, 2139.9411764705874, 333.1755358910118, 3189.9411764705883, 180.10453519724578, 3651.529411764706, 241.21618754749468, 2731.352941176471, 204.9754479347596]</VALUES>
		<LCS_MIN>[795.0, 1325.0, 1620.0, 2888.0, 3177.0, 2331.0]</LCS_MIN>
		<LCS_MAX>[1210.0, 2038.0, 2667.0, 3469.0, 4121.0, 3183.0]</LCS_MAX>
		<WAVELENGTH>[0.485, 0.56, 0.66, 0.83, 1.65, 2.215]</WAVELENGTH>
		<MEAN_VALUE>[995.470588235294, 1692.7647058823527, 2139.9411764705874, 3189.9411764705883, 3651.529411764706, 2731.352941176471]</MEAN_VALUE>
		<CHECKBOX>2</CHECKBOX>
		<SD>[96.73500348712442, 220.8554303323023, 333.1755358910118, 180.10453519724578, 241.21618754749468, 204.9754479347596]</SD>
		<WAVELENGTH_UNIT>E-6m</WAVELENGTH_UNIT>
		<COLOR>#b3b815</COLOR>
		<COVARIANCE_MATRIX>[[9641.2265625, 21020.689453125, 31187.54296875, 15532.3623046875, 331.1675720214844, 4603.0712890625], [21020.689453125, 50255.21484375, 75046.2890625, 36796.5, -236.0837860107422, 8763.751953125], [31187.54296875, 75046.2890625, 114369.7578125, 55915.96484375, 1995.0926513671875, 15264.6884765625], [15532.3623046875, 36796.5, 55915.96484375, 33420.6015625, 731.1229858398438, 6592.50634765625], [331.1675720214844, -236.0837860107422, 1995.0926513671875, 731.1229858398438, 59948.4375, 47647.47265625], [4603.0712890625, 8763.751953125, 15264.6884765625, 6592.50634765625, 47647.47265625, 43288.11328125]]</COVARIANCE_MATRIX>
		<ROI_SIZE>34</ROI_SIZE>
		<MAX_VALUE>[1210.0, 2038.0, 2667.0, 3469.0, 4121.0, 3183.0]</MAX_VALUE>
		<MIN_VALUE>[795.0, 1325.0, 1620.0, 2888.0, 3177.0, 2331.0]</MIN_VALUE>
		<SIGNATURE_THRESHOLD_MD>0.0</SIGNATURE_THRESHOLD_MD>
		<SIGNATURE_THRESHOLD_ML>0.0</SIGNATURE_THRESHOLD_ML>
		<SIGNATURE_THRESHOLD_SAM>0.0</SIGNATURE_THRESHOLD_SAM>
	</signature>
	<signature ID="20190911_212505683375_363">
		<MACROCLASSID>4</MACROCLASSID>
		<MACROCLASSINFO>builtup</MACROCLASSINFO>
		<CLASSID>10</CLASSID>
		<CLASSINFO>C 1</CLASSINFO>
		<VALUES>[857.0211864406775, 77.73305292625795, 1272.5593220338988, 90.56344740743927, 1374.9406779661012, 106.85716685377227, 2375.872881355934, 167.7956054155845, 2981.2245762711864, 114.85944058248818, 2522.0211864406797, 147.77257053317504]</VALUES>
		<LCS_MIN>[642.0, 1040.0, 1067.0, 1980.0, 2707.0, 2228.0]</LCS_MIN>
		<LCS_MAX>[1164.0, 1688.0, 1799.0, 2674.0, 3555.0, 2833.0]</LCS_MAX>
		<WAVELENGTH>[0.485, 0.56, 0.66, 0.83, 1.65, 2.215]</WAVELENGTH>
		<MEAN_VALUE>[857.0211864406775, 1272.5593220338988, 1374.9406779661012, 2375.872881355934, 2981.2245762711864, 2522.0211864406797]</MEAN_VALUE>
		<CHECKBOX>2</CHECKBOX>
		<SD>[77.73305292625795, 90.56344740743927, 106.85716685377227, 167.7956054155845, 114.85944058248818, 147.77257053317504]</SD>
		<WAVELENGTH_UNIT>E-6m</WAVELENGTH_UNIT>
		<COLOR>#a987f0</COLOR>
		<COVARIANCE_MATRIX>[[6068.14013671875, 6135.3837890625, 7010.533203125, -4372.98046875, -13.740948677062988, 6882.14404296875], [6135.3837890625, 8236.638671875, 8856.701171875, -3843.081787109375, 866.8185424804688, 8038.78369140625], [7010.533203125, 8856.701171875, 11467.04296875, -4910.939453125, 2765.6474609375, 9922.720703125], [-4372.98046875, -3843.081787109375, -4910.939453125, 28275.17578125, 5696.6923828125, -14586.865234375], [-13.740948677062988, 866.8185424804688, 2765.6474609375, 5696.6923828125, 13248.830078125, 3282.91015625], [6882.14404296875, 8038.78369140625, 9922.720703125, -14586.865234375, 3282.91015625, 21929.654296875]]</COVARIANCE_MATRIX>
		<ROI_SIZE>236</ROI_SIZE>
		<MAX_VALUE>[1164.0, 1688.0, 1799.0, 2674.0, 3555.0, 2833.0]</MAX_VALUE>
		<MIN_VALUE>[642.0, 1040.0, 1067.0, 1980.0, 2707.0, 2228.0]</MIN_VALUE>
		<SIGNATURE_THRESHOLD_MD>0.0</SIGNATURE_THRESHOLD_MD>
		<SIGNATURE_THRESHOLD_ML>0.0</SIGNATURE_THRESHOLD_ML>
		<SIGNATURE_THRESHOLD_SAM>0.0</SIGNATURE_THRESHOLD_SAM>
	</signature>
	<signature ID="20190911_212519176357_417">
		<MACROCLASSID>3</MACROCLASSID>
		<MACROCLASSINFO>barren</MACROCLASSINFO>
		<CLASSID>11</CLASSID>
		<CLASSINFO>C 1</CLASSINFO>
		<VALUES>[732.7830009496686, 56.930987909456064, 1148.2212725546067, 74.12339685641435, 1345.7970085470067, 118.40172168344489, 2798.843067426401, 128.7783693632279, 2723.7060778727487, 152.38875811649095, 1715.0985280151976, 125.9320546415696]</VALUES>
		<LCS_MIN>[534.0, 968.0, 1183.0, 2177.0, 2034.0, 1229.0]</LCS_MIN>
		<LCS_MAX>[973.0, 1472.5, 1930.5, 3051.5, 3006.0, 2192.0]</LCS_MAX>
		<WAVELENGTH>[0.485, 0.56, 0.66, 0.83, 1.65, 2.215]</WAVELENGTH>
		<MEAN_VALUE>[732.7830009496686, 1148.2212725546067, 1345.7970085470067, 2798.843067426401, 2723.7060778727487, 1715.0985280151976]</MEAN_VALUE>
		<CHECKBOX>2</CHECKBOX>
		<SD>[56.930987909456064, 74.12339685641435, 118.40172168344489, 128.7783693632279, 152.38875811649095, 125.9320546415696]</SD>
		<WAVELENGTH_UNIT>E-6m</WAVELENGTH_UNIT>
		<COLOR>#b33e53</COLOR>
		<COVARIANCE_MATRIX>[[3754.756103515625, 4116.67236328125, 6237.146484375, 1059.3809814453125, 2280.870361328125, 2790.3671875], [4116.67236328125, 6334.47216796875, 8795.6669921875, 1652.156005859375, 2266.199951171875, 3331.148193359375], [6237.146484375, 8795.6669921875, 14961.123046875, -493.9551086425781, 3140.521240234375, 6014.1787109375], [1059.3809814453125, 1652.156005859375, -493.9551086425781, 16356.1943359375, 6524.03564453125, -546.3802490234375], [2280.870361328125, 2266.199951171875, 3140.521240234375, 6524.03564453125, 24804.470703125, 17214.5625], [2790.3671875, 3331.148193359375, 6014.1787109375, -546.3802490234375, 17214.5625, 18590.59375]]</COVARIANCE_MATRIX>
		<ROI_SIZE>5896</ROI_SIZE>
		<MAX_VALUE>[973.0, 1472.5, 1930.5, 3051.5, 3006.0, 2192.0]</MAX_VALUE>
		<MIN_VALUE>[534.0, 968.0, 1183.0, 2177.0, 2034.0, 1229.0]</MIN_VALUE>
		<SIGNATURE_THRESHOLD_MD>0.0</SIGNATURE_THRESHOLD_MD>
		<SIGNATURE_THRESHOLD_ML>0.0</SIGNATURE_THRESHOLD_ML>
		<SIGNATURE_THRESHOLD_SAM>0.0</SIGNATURE_THRESHOLD_SAM>
	</signature>
	<signature ID="20190911_212631265735_456">
		<MACROCLASSID>4</MACROCLASSID>
		<MACROCLASSINFO>builtup</MACROCLASSINFO>
		<CLASSID>12</CLASSID>
		<CLASSINFO>C 1</CLASSINFO>
		<VALUES>[1121.2105263157896, 117.04995737195134, 1697.2631578947369, 127.65613437144053, 1861.157894736842, 168.06523268562458, 3090.736842105263, 148.14816271673251, 2772.8421052631584, 193.1474111596455, 1649.6315789473686, 179.20150684467387]</VALUES>
		<LCS_MIN>[958.0, 1477.0, 1600.0, 2868.0, 2417.0, 1272.0]</LCS_MIN>
		<LCS_MAX>[1357.0, 1944.0, 2246.0, 3380.0, 3093.0, 1950.0]</LCS_MAX>
		<WAVELENGTH>[0.485, 0.56, 0.66, 0.83, 1.65, 2.215]</WAVELENGTH>
		<MEAN_VALUE>[1121.2105263157896, 1697.2631578947369, 1861.157894736842, 3090.736842105263, 2772.8421052631584, 1649.6315789473686]</MEAN_VALUE>
		<CHECKBOX>2</CHECKBOX>
		<SD>[117.04995737195134, 127.65613437144053, 168.06523268562458, 148.14816271673251, 193.1474111596455, 179.20150684467387]</SD>
		<WAVELENGTH_UNIT>E-6m</WAVELENGTH_UNIT>
		<COLOR>#d9ec97</COLOR>
		<COVARIANCE_MATRIX>[[14461.841796875, 14312.2744140625, 19512.91015625, -1008.2192993164062, 4268.20166015625, 3964.24853515625], [14312.2744140625, 17201.427734375, 21529.900390625, 945.5731201171875, 6105.32177734375, 5905.046875], [19512.91015625, 21529.900390625, 29815.140625, 947.877197265625, 7894.08203125, 7886.22802734375], [-1008.2192993164062, 945.5731201171875, 947.877197265625, 23167.205078125, 23101.01171875, 23273.73046875], [4268.20166015625, 6105.32177734375, 7894.08203125, 23101.01171875, 39378.47265625, 35292.21484375], [3964.24853515625, 5905.046875, 7886.22802734375, 23273.73046875, 35292.21484375, 33897.24609375]]</COVARIANCE_MATRIX>
		<ROI_SIZE>19</ROI_SIZE>
		<MAX_VALUE>[1357.0, 1944.0, 2246.0, 3380.0, 3093.0, 1950.0]</MAX_VALUE>
		<MIN_VALUE>[958.0, 1477.0, 1600.0, 2868.0, 2417.0, 1272.0]</MIN_VALUE>
		<SIGNATURE_THRESHOLD_MD>0.0</SIGNATURE_THRESHOLD_MD>
		<SIGNATURE_THRESHOLD_ML>0.0</SIGNATURE_THRESHOLD_ML>
		<SIGNATURE_THRESHOLD_SAM>0.0</SIGNATURE_THRESHOLD_SAM>
	</signature>
	<signature ID="20190911_212719046721_849">
		<MACROCLASSID>3</MACROCLASSID>
		<MACROCLASSINFO>barren</MACROCLASSINFO>
		<CLASSID>13</CLASSID>
		<CLASSINFO>C 1</CLASSINFO>
		<VALUES>[1044.109375, 88.524469990559, 1617.0468749999998, 126.04320064063106, 1896.8203124999995, 173.16329376098255, 3046.1953125, 151.3217447916106, 3238.2421875, 260.3470189025885, 2022.8984375, 230.01966933027393]</VALUES>
		<LCS_MIN>[736.5, 1221.5, 1419.0, 2779.0, 2792.5, 1532.0]</LCS_MIN>
		<LCS_MAX>[1204.5, 1830.5, 2237.0, 3397.0, 3762.5, 2455.0]</LCS_MAX>
		<WAVELENGTH>[0.485, 0.56, 0.66, 0.83, 1.65, 2.215]</WAVELENGTH>
		<MEAN_VALUE>[1044.109375, 1617.0468749999998, 1896.8203124999995, 3046.1953125, 3238.2421875, 2022.8984375]</MEAN_VALUE>
		<CHECKBOX>2</CHECKBOX>
		<SD>[88.524469990559, 126.04320064063106, 173.16329376098255, 151.3217447916106, 260.3470189025885, 230.01966933027393]</SD>
		<WAVELENGTH_UNIT>E-6m</WAVELENGTH_UNIT>
		<COLOR>#7d4f3d</COLOR>
		<COVARIANCE_MATRIX>[[7960.97216796875, 10483.6259765625, 14050.4326171875, -1375.3470458984375, 6602.02880859375, 7893.33251953125], [10483.6259765625, 16139.0615234375, 21440.333984375, -405.5132751464844, 10008.3134765625, 12477.91796875], [14050.4326171875, 21440.333984375, 30461.486328125, -2441.4287109375, 13779.6279296875, 16097.2509765625], [-1375.3470458984375, -405.5132751464844, -2441.4287109375, 23261.734375, 12930.3564453125, 12424.5517578125], [6602.02880859375, 10008.3134765625, 13779.6279296875, 12930.3564453125, 68856.453125, 57143.31640625], [7893.33251953125, 12477.91796875, 16097.2509765625, 12424.5517578125, 57143.31640625, 53748.875]]</COVARIANCE_MATRIX>
		<ROI_SIZE>64</ROI_SIZE>
		<MAX_VALUE>[1204.5, 1830.5, 2237.0, 3397.0, 3762.5, 2455.0]</MAX_VALUE>
		<MIN_VALUE>[736.5, 1221.5, 1419.0, 2779.0, 2792.5, 1532.0]</MIN_VALUE>
		<SIGNATURE_THRESHOLD_MD>0.0</SIGNATURE_THRESHOLD_MD>
		<SIGNATURE_THRESHOLD_ML>0.0</SIGNATURE_THRESHOLD_ML>
		<SIGNATURE_THRESHOLD_SAM>0.0</SIGNATURE_THRESHOLD_SAM>
	</signature>
	<signature ID="20190911_212734749822_806">
		<MACROCLASSID>3</MACROCLASSID>
		<MACROCLASSINFO>barren</MACROCLASSINFO>
		<CLASSID>14</CLASSID>
		<CLASSINFO>C 1</CLASSINFO>
		<VALUES>[597.9334192439867, 90.07609226037656, 945.9963487972527, 133.38732860562575, 1125.8056271477649, 193.86417464674108, 2464.3174398625433, 229.9956329070883, 2257.1262886597915, 270.81488520658564, 1186.7875859106518, 202.41013948584902]</VALUES>
		<LCS_MIN>[340.0, 623.0, 623.5, 1978.5, 1734.5, 751.5]</LCS_MIN>
		<LCS_MAX>[902.5, 1348.0, 1595.5, 2968.0, 2734.0, 1623.0]</LCS_MAX>
		<WAVELENGTH>[0.485, 0.56, 0.66, 0.83, 1.65, 2.215]</WAVELENGTH>
		<MEAN_VALUE>[597.9334192439867, 945.9963487972527, 1125.8056271477649, 2464.3174398625433, 2257.1262886597915, 1186.7875859106518]</MEAN_VALUE>
		<CHECKBOX>2</CHECKBOX>
		<SD>[90.07609226037656, 133.38732860562575, 193.86417464674108, 229.9956329070883, 270.81488520658564, 202.41013948584902]</SD>
		<WAVELENGTH_UNIT>E-6m</WAVELENGTH_UNIT>
		<COLOR>#30bfe8</COLOR>
		<COVARIANCE_MATRIX>[[7657.7294921875, 10123.6884765625, 15266.5576171875, 1272.93408203125, 2552.563232421875, 2357.998779296875], [10123.6884765625, 15510.31640625, 21939.583984375, 6226.02392578125, 3684.79248046875, 3202.677490234375], [15266.5576171875, 21939.583984375, 35574.62109375, -147.16616821289062, 6875.65625, 6154.59326171875], [1272.93408203125, 6226.02392578125, -147.16616821289062, 52331.5390625, 13631.841796875, 6324.63330078125], [2552.563232421875, 3684.79248046875, 6875.65625, 13631.841796875, 70979.75, 50415.17578125], [2357.998779296875, 3202.677490234375, 6154.59326171875, 6324.63330078125, 50415.17578125, 38901.2265625]]</COVARIANCE_MATRIX>
		<ROI_SIZE>6933</ROI_SIZE>
		<MAX_VALUE>[902.5, 1348.0, 1595.5, 2968.0, 2734.0, 1623.0]</MAX_VALUE>
		<MIN_VALUE>[340.0, 623.0, 623.5, 1978.5, 1734.5, 751.5]</MIN_VALUE>
		<SIGNATURE_THRESHOLD_MD>0.0</SIGNATURE_THRESHOLD_MD>
		<SIGNATURE_THRESHOLD_ML>0.0</SIGNATURE_THRESHOLD_ML>
		<SIGNATURE_THRESHOLD_SAM>0.0</SIGNATURE_THRESHOLD_SAM>
	</signature>
	<signature ID="20190911_212810986445_141">
		<MACROCLASSID>4</MACROCLASSID>
		<MACROCLASSINFO>builtup</MACROCLASSINFO>
		<CLASSID>15</CLASSID>
		<CLASSINFO>C 1</CLASSINFO>
		<VALUES>[822.5744680851064, 63.451018026087304, 1499.04255319149, 116.2629004412548, 1845.1276595744682, 175.51136436761578, 2312.893617021276, 176.54656839010323, 2063.1489361702124, 235.20683326332573, 1282.2765957446807, 180.49255328867827]</VALUES>
		<LCS_MIN>[707.0, 1288.0, 1530.0, 1822.0, 1627.0, 977.0]</LCS_MIN>
		<LCS_MAX>[950.0, 1717.0, 2170.0, 2584.0, 2568.0, 1612.0]</LCS_MAX>
		<WAVELENGTH>[0.485, 0.56, 0.66, 0.83, 1.65, 2.215]</WAVELENGTH>
		<MEAN_VALUE>[822.5744680851064, 1499.04255319149, 1845.1276595744682, 2312.893617021276, 2063.1489361702124, 1282.2765957446807]</MEAN_VALUE>
		<CHECKBOX>2</CHECKBOX>
		<SD>[63.451018026087304, 116.2629004412548, 175.51136436761578, 176.54656839010323, 235.20683326332573, 180.49255328867827]</SD>
		<WAVELENGTH_UNIT>E-6m</WAVELENGTH_UNIT>
		<COLOR>#0f0978</COLOR>
		<COVARIANCE_MATRIX>[[4113.55419921875, 6943.08349609375, 10304.12109375, -1480.741943359375, 4081.08642578125, 4944.72900390625], [6943.08349609375, 13810.9111328125, 20066.38671875, -3883.278076171875, 6667.037109375, 8500.552734375], [10304.12109375, 20066.38671875, 31473.896484375, -3019.4208984375, 12141.4375, 13990.74609375], [-1480.741943359375, -3883.278076171875, -3019.4208984375, 31846.271484375, 20290.7109375, 8861.986328125], [4081.08642578125, 6667.037109375, 12141.4375, 20290.7109375, 56524.9140625, 39325.15234375], [4944.72900390625, 8500.552734375, 13990.74609375, 8861.986328125, 39325.15234375, 33285.76953125]]</COVARIANCE_MATRIX>
		<ROI_SIZE>47</ROI_SIZE>
		<MAX_VALUE>[950.0, 1717.0, 2170.0, 2584.0, 2568.0, 1612.0]</MAX_VALUE>
		<MIN_VALUE>[707.0, 1288.0, 1530.0, 1822.0, 1627.0, 977.0]</MIN_VALUE>
		<SIGNATURE_THRESHOLD_MD>0.0</SIGNATURE_THRESHOLD_MD>
		<SIGNATURE_THRESHOLD_ML>0.0</SIGNATURE_THRESHOLD_ML>
		<SIGNATURE_THRESHOLD_SAM>0.0</SIGNATURE_THRESHOLD_SAM>
	</signature>
	<signature ID="20190911_212824937025_537">
		<MACROCLASSID>3</MACROCLASSID>
		<MACROCLASSINFO>barren</MACROCLASSINFO>
		<CLASSID>16</CLASSID>
		<CLASSINFO>C 1</CLASSINFO>
		<VALUES>[564.5681257706536, 73.09094368924869, 872.298088779285, 102.3501140854953, 1037.3449445129465, 151.6862483648378, 2340.714549938338, 163.8102188980486, 2865.0693588162726, 237.15634452646935, 1786.9497533908739, 233.8880893734026]</VALUES>
		<LCS_MIN>[408.0, 604.0, 650.0, 1748.0, 2293.0, 1328.0]</LCS_MIN>
		<LCS_MAX>[948.0, 1323.0, 1529.0, 2619.0, 3285.0, 2318.0]</LCS_MAX>
		<WAVELENGTH>[0.485, 0.56, 0.66, 0.83, 1.65, 2.215]</WAVELENGTH>
		<MEAN_VALUE>[564.5681257706536, 872.298088779285, 1037.3449445129465, 2340.714549938338, 2865.0693588162726, 1786.9497533908739]</MEAN_VALUE>
		<CHECKBOX>2</CHECKBOX>
		<SD>[73.09094368924869, 102.3501140854953, 151.6862483648378, 163.8102188980486, 237.15634452646935, 233.8880893734026]</SD>
		<WAVELENGTH_UNIT>E-6m</WAVELENGTH_UNIT>
		<COLOR>#374ac6</COLOR>
		<COVARIANCE_MATRIX>[[4684.80224609375, 6064.31884765625, 8669.4326171875, 3663.859619140625, 11238.5634765625, 11459.86328125], [6064.31884765625, 9746.8330078125, 13678.61328125, 5617.326171875, 17038.61328125, 17554.763671875], [8669.4326171875, 13678.61328125, 21765.720703125, 4422.8701171875, 25550.54296875, 27176.16015625], [3663.859619140625, 5617.326171875, 4422.8701171875, 28559.162109375, 14774.19921875, 7359.66748046875], [11238.5634765625, 17038.61328125, 25550.54296875, 14774.19921875, 53621.76953125, 48418.29296875], [11459.86328125, 17554.763671875, 27176.16015625, 7359.66748046875, 48418.29296875, 53300.7890625]]</COVARIANCE_MATRIX>
		<ROI_SIZE>12926</ROI_SIZE>
		<MAX_VALUE>[948.0, 1323.0, 1529.0, 2619.0, 3285.0, 2318.0]</MAX_VALUE>
		<MIN_VALUE>[408.0, 604.0, 650.0, 1748.0, 2293.0, 1328.0]</MIN_VALUE>
		<SIGNATURE_THRESHOLD_MD>0.0</SIGNATURE_THRESHOLD_MD>
		<SIGNATURE_THRESHOLD_ML>0.0</SIGNATURE_THRESHOLD_ML>
		<SIGNATURE_THRESHOLD_SAM>0.0</SIGNATURE_THRESHOLD_SAM>
	</signature>
	<signature ID="20190911_212948193683_582">
		<MACROCLASSID>4</MACROCLASSID>
		<MACROCLASSINFO>builtup</MACROCLASSINFO>
		<CLASSID>17</CLASSID>
		<CLASSINFO>C 1</CLASSINFO>
		<VALUES>[985.4141414141413, 91.9531072962439, 1613.3838383838386, 160.2613211349934, 1912.1010101010102, 200.553451146213, 2403.2626262626277, 159.75591140695357, 944.3232323232322, 247.86387712103445, 506.2020202020202, 138.12722723999673]</VALUES>
		<LCS_MIN>[795.0, 1290.0, 1590.0, 2188.0, 389.0, 235.0]</LCS_MIN>
		<LCS_MAX>[1175.0, 2004.0, 2435.0, 3096.0, 1356.0, 801.0]</LCS_MAX>
		<WAVELENGTH>[0.485, 0.56, 0.66, 0.83, 1.65, 2.215]</WAVELENGTH>
		<MEAN_VALUE>[985.4141414141413, 1613.3838383838386, 1912.1010101010102, 2403.2626262626277, 944.3232323232322, 506.2020202020202]</MEAN_VALUE>
		<CHECKBOX>2</CHECKBOX>
		<SD>[91.9531072962439, 160.2613211349934, 200.553451146213, 159.75591140695357, 247.86387712103445, 138.12722723999673]</SD>
		<WAVELENGTH_UNIT>E-6m</WAVELENGTH_UNIT>
		<COLOR>#4f7fc3</COLOR>
		<COVARIANCE_MATRIX>[[8541.6533203125, 12900.6552734375, 16336.5087890625, 6817.9716796875, -10711.3798828125, -5684.4619140625], [12900.6552734375, 25945.76953125, 30585.84765625, 12045.5205078125, -17365.30859375, -9083.201171875], [16336.5087890625, 30585.84765625, 40632.11328125, 15809.60546875, -19713.919921875, -10156.5107421875], [6817.9716796875, 12045.5205078125, 15809.60546875, 25782.37890625, -4261.728515625, -2423.288330078125], [-10711.3798828125, -17365.30859375, -19713.919921875, -4261.728515625, 62063.40625, 33015.83203125], [-5684.4619140625, -9083.201171875, -10156.5107421875, -2423.288330078125, 33015.83203125, 19273.81640625]]</COVARIANCE_MATRIX>
		<ROI_SIZE>99</ROI_SIZE>
		<MAX_VALUE>[1175.0, 2004.0, 2435.0, 3096.0, 1356.0, 801.0]</MAX_VALUE>
		<MIN_VALUE>[795.0, 1290.0, 1590.0, 2188.0, 389.0, 235.0]</MIN_VALUE>
		<SIGNATURE_THRESHOLD_MD>0.0</SIGNATURE_THRESHOLD_MD>
		<SIGNATURE_THRESHOLD_ML>0.0</SIGNATURE_THRESHOLD_ML>
		<SIGNATURE_THRESHOLD_SAM>0.0</SIGNATURE_THRESHOLD_SAM>
	</signature>
	<signature ID="20190911_213001499060_654">
		<MACROCLASSID>4</MACROCLASSID>
		<MACROCLASSINFO>builtup</MACROCLASSINFO>
		<CLASSID>18</CLASSID>
		<CLASSINFO>C 1</CLASSINFO>
		<VALUES>[985.4141414141413, 91.9531072962439, 1613.3838383838386, 160.2613211349934, 1912.1010101010102, 200.553451146213, 2403.2626262626277, 159.75591140695357, 944.3232323232322, 247.86387712103445, 506.2020202020202, 138.12722723999673]</VALUES>
		<LCS_MIN>[795.0, 1290.0, 1590.0, 2188.0, 389.0, 235.0]</LCS_MIN>
		<LCS_MAX>[1175.0, 2004.0, 2435.0, 3096.0, 1356.0, 801.0]</LCS_MAX>
		<WAVELENGTH>[0.485, 0.56, 0.66, 0.83, 1.65, 2.215]</WAVELENGTH>
		<MEAN_VALUE>[985.4141414141413, 1613.3838383838386, 1912.1010101010102, 2403.2626262626277, 944.3232323232322, 506.2020202020202]</MEAN_VALUE>
		<CHECKBOX>2</CHECKBOX>
		<SD>[91.9531072962439, 160.2613211349934, 200.553451146213, 159.75591140695357, 247.86387712103445, 138.12722723999673]</SD>
		<WAVELENGTH_UNIT>E-6m</WAVELENGTH_UNIT>
		<COLOR>#9cd459</COLOR>
		<COVARIANCE_MATRIX>[[8541.6533203125, 12900.6552734375, 16336.5087890625, 6817.9716796875, -10711.3798828125, -5684.4619140625], [12900.6552734375, 25945.76953125, 30585.84765625, 12045.5205078125, -17365.30859375, -9083.201171875], [16336.5087890625, 30585.84765625, 40632.11328125, 15809.60546875, -19713.919921875, -10156.5107421875], [6817.9716796875, 12045.5205078125, 15809.60546875, 25782.37890625, -4261.728515625, -2423.288330078125], [-10711.3798828125, -17365.30859375, -19713.919921875, -4261.728515625, 62063.40625, 33015.83203125], [-5684.4619140625, -9083.201171875, -10156.5107421875, -2423.288330078125, 33015.83203125, 19273.81640625]]</COVARIANCE_MATRIX>
		<ROI_SIZE>99</ROI_SIZE>
		<MAX_VALUE>[1175.0, 2004.0, 2435.0, 3096.0, 1356.0, 801.0]</MAX_VALUE>
		<MIN_VALUE>[795.0, 1290.0, 1590.0, 2188.0, 389.0, 235.0]</MIN_VALUE>
		<SIGNATURE_THRESHOLD_MD>0.0</SIGNATURE_THRESHOLD_MD>
		<SIGNATURE_THRESHOLD_ML>0.0</SIGNATURE_THRESHOLD_ML>
		<SIGNATURE_THRESHOLD_SAM>0.0</SIGNATURE_THRESHOLD_SAM>
	</signature>
	<signature ID="20190911_213111677718_895">
		<MACROCLASSID>2</MACROCLASSID>
		<MACROCLASSINFO>vegetation</MACROCLASSINFO>
		<CLASSID>19</CLASSID>
		<CLASSINFO>C 1</CLASSINFO>
		<VALUES>[300.6776848533123, 47.33871136148196, 532.0820390282745, 64.41179218516623, 421.43010752688303, 82.68336926401334, 2259.396389220751, 205.90769616942598, 1964.2462498340692, 242.31252419056665, 925.3816540554865, 171.5072675743605]</VALUES>
		<LCS_MIN>[186.0, 378.0, 260.0, 1718.0, 1485.0, 589.0]</LCS_MIN>
		<LCS_MAX>[753.0, 965.0, 857.0, 2675.0, 2485.0, 1409.0]</LCS_MAX>
		<WAVELENGTH>[0.485, 0.56, 0.66, 0.83, 1.65, 2.215]</WAVELENGTH>
		<MEAN_VALUE>[300.6776848533123, 532.0820390282745, 421.43010752688303, 2259.396389220751, 1964.2462498340692, 925.3816540554865]</MEAN_VALUE>
		<CHECKBOX>2</CHECKBOX>
		<SD>[47.33871136148196, 64.41179218516623, 82.68336926401334, 205.90769616942598, 242.31252419056665, 171.5072675743605]</SD>
		<WAVELENGTH_UNIT>E-6m</WAVELENGTH_UNIT>
		<COLOR>#d2041d</COLOR>
		<COVARIANCE_MATRIX>[[2393.09423828125, 2643.43798828125, 3424.74169921875, 1826.6806640625, 4346.96337890625, 3800.869873046875], [2643.43798828125, 4499.03125, 5032.79248046875, 4284.49609375, 5690.29833984375, 4845.27392578125], [3424.74169921875, 5032.79248046875, 7211.78662109375, 2865.439208984375, 8953.306640625, 7913.82568359375], [1826.6806640625, 4284.49609375, 2865.439208984375, 42484.72265625, 1010.66748046875, -4655.287109375], [4346.96337890625, 5690.29833984375, 8953.306640625, 1010.66748046875, 56603.59765625, 37415.2421875], [3800.869873046875, 4845.27392578125, 7913.82568359375, -4655.287109375, 37415.2421875, 28691.302734375]]</COVARIANCE_MATRIX>
		<ROI_SIZE>93297</ROI_SIZE>
		<MAX_VALUE>[753.0, 965.0, 857.0, 2675.0, 2485.0, 1409.0]</MAX_VALUE>
		<MIN_VALUE>[186.0, 378.0, 260.0, 1718.0, 1485.0, 589.0]</MIN_VALUE>
		<SIGNATURE_THRESHOLD_MD>0.0</SIGNATURE_THRESHOLD_MD>
		<SIGNATURE_THRESHOLD_ML>0.0</SIGNATURE_THRESHOLD_ML>
		<SIGNATURE_THRESHOLD_SAM>0.0</SIGNATURE_THRESHOLD_SAM>
	</signature>
	<signature ID="20190911_213125088785_532">
		<MACROCLASSID>2</MACROCLASSID>
		<MACROCLASSINFO>vegetation</MACROCLASSINFO>
		<CLASSID>20</CLASSID>
		<CLASSINFO>C 1</CLASSINFO>
		<VALUES>[323.79900280461226, 37.6473167730247, 612.5796198192584, 46.65486249239099, 464.12464942349646, 69.47401580443281, 3133.887815518853, 155.368478680602, 1758.412589591781, 126.19530552277479, 712.8931131193491, 108.4087321479263]</VALUES>
		<LCS_MIN>[195.0, 482.0, 315.0, 2804.0, 1282.0, 412.0]</LCS_MIN>
		<LCS_MAX>[528.0, 855.0, 796.0, 3790.0, 2031.0, 1087.0]</LCS_MAX>
		<WAVELENGTH>[0.485, 0.56, 0.66, 0.83, 1.65, 2.215]</WAVELENGTH>
		<MEAN_VALUE>[323.79900280461226, 612.5796198192584, 464.12464942349646, 3133.887815518853, 1758.412589591781, 712.8931131193491]</MEAN_VALUE>
		<CHECKBOX>2</CHECKBOX>
		<SD>[37.6473167730247, 46.65486249239099, 69.47401580443281, 155.368478680602, 126.19530552277479, 108.4087321479263]</SD>
		<WAVELENGTH_UNIT>E-6m</WAVELENGTH_UNIT>
		<COLOR>#2b995d</COLOR>
		<COVARIANCE_MATRIX>[[1413.58984375, 1106.6466064453125, 1969.7718505859375, -1640.8868408203125, 3389.573486328125, 2829.79248046875], [1106.6466064453125, 1973.23974609375, 2281.2919921875, 45.69076919555664, 3591.545166015625, 2910.452392578125], [1969.7718505859375, 2281.2919921875, 4430.65869140625, -3422.141357421875, 6838.8935546875, 5763.5234375], [-1640.8868408203125, 45.69076919555664, -3422.141357421875, 24427.837890625, -5932.39599609375, -6307.6943359375], [3389.573486328125, 3591.545166015625, 6838.8935546875, -5932.39599609375, 15544.7373046875, 11979.2919921875], [2829.79248046875, 2910.452392578125, 5763.5234375, -6307.6943359375, 11979.2919921875, 11145.5302734375]]</COVARIANCE_MATRIX>
		<ROI_SIZE>13037</ROI_SIZE>
		<MAX_VALUE>[528.0, 855.0, 796.0, 3790.0, 2031.0, 1087.0]</MAX_VALUE>
		<MIN_VALUE>[195.0, 482.0, 315.0, 2804.0, 1282.0, 412.0]</MIN_VALUE>
		<SIGNATURE_THRESHOLD_MD>0.0</SIGNATURE_THRESHOLD_MD>
		<SIGNATURE_THRESHOLD_ML>0.0</SIGNATURE_THRESHOLD_ML>
		<SIGNATURE_THRESHOLD_SAM>0.0</SIGNATURE_THRESHOLD_SAM>
	</signature>
	<signature ID="20190911_213208241620_871">
		<MACROCLASSID>3</MACROCLASSID>
		<MACROCLASSINFO>barren</MACROCLASSINFO>
		<CLASSID>21</CLASSID>
		<CLASSINFO>C 1</CLASSINFO>
		<VALUES>[816.8525137002614, 85.22691921774053, 1295.805575411007, 129.11301422809018, 1639.4317369549651, 202.5807990672753, 2949.7624493685985, 180.38357864519287, 3426.2718608529876, 218.43181467415798, 2335.927567309979, 230.81524409671187]</VALUES>
		<LCS_MIN>[568.0, 929.0, 1150.0, 2547.0, 2939.0, 1965.0]</LCS_MIN>
		<LCS_MAX>[1292.0, 1788.0, 2143.0, 3491.0, 3933.0, 2958.0]</LCS_MAX>
		<WAVELENGTH>[0.485, 0.56, 0.66, 0.83, 1.65, 2.215]</WAVELENGTH>
		<MEAN_VALUE>[816.8525137002614, 1295.805575411007, 1639.4317369549651, 2949.7624493685985, 3426.2718608529876, 2335.927567309979]</MEAN_VALUE>
		<CHECKBOX>2</CHECKBOX>
		<SD>[85.22691921774053, 129.11301422809018, 202.5807990672753, 180.38357864519287, 218.43181467415798, 230.81524409671187]</SD>
		<WAVELENGTH_UNIT>E-6m</WAVELENGTH_UNIT>
		<COLOR>#359712</COLOR>
