<?xml version="1.0" ?>
<signaturelist MCID_LIST="[['1', 'waterbody', '#0000ff'], ['2', 'vegetation', '#00ff00'], ['3', 'bare land', '#ff5500'], ['4', 'built-up', '#ff0000']]">
	<signature ID="20200807_132058976980_116">
		<MACROCLASSID>1</MACROCLASSID>
		<MACROCLASSINFO>waterbody</MACROCLASSINFO>
		<CLASSID>1</CLASSID>
		<CLASSINFO>C 1</CLASSINFO>
		<VALUES>[0.12295243848657215, 0.0023995278461993123, 0.14170131514033843, 0.003761081313252189, 0.17816038278316518, 0.006671540458094416, 0.12822709636930502, 0.007850074162328784, 0.02331187939766027, 0.007389315035195366, 0.01320750939532874, 0.004832768979447421]</VALUES>
		<LCS_MIN>[0.11065314710140228, 0.11561766266822815, 0.13217958807945251, 0.10911108553409576, 0.012896981090307236, 0.005350170657038689]</LCS_MIN>
		<LCS_MAX>[0.12909144163131714, 0.15090706944465637, 0.18626360595226288, 0.16996067762374878, 0.06730879843235016, 0.03660627454519272]</LCS_MAX>
		<WAVELENGTH>[0.485, 0.56, 0.66, 0.83, 1.65, 2.215]</WAVELENGTH>
		<MEAN_VALUE>[0.12295243848657215, 0.14170131514033843, 0.17816038278316518, 0.12822709636930502, 0.02331187939766027, 0.01320750939532874]</MEAN_VALUE>
		<CHECKBOX>2</CHECKBOX>
		<SD>[0.0023995278461993123, 0.003761081313252189, 0.006671540458094416, 0.007850074162328784, 0.007389315035195366, 0.004832768979447421]</SD>
		<WAVELENGTH_UNIT>E-6m</WAVELENGTH_UNIT>
		<COLOR>#148253</COLOR>
		<COVARIANCE_MATRIX>[[6.010064680594951e-06, 5.528545443667099e-06, 1.0685173037927598e-05, -4.40394342149375e-06, -5.76921001993469e-06, -2.8641297831200063e-06], [5.528545443667099e-06, 1.5257698578352574e-05, 2.2801465092925355e-05, -1.0907161595241632e-05, -1.3729681995755527e-05, -7.0977148425299674e-06], [1.0685173037927598e-05, 2.2801465092925355e-05, 5.022684490540996e-05, -2.9291053579072468e-05, -3.402099900995381e-05, -1.8390184777672403e-05], [-4.40394342149375e-06, -1.0907161595241632e-05, -2.9291053579072468e-05, 6.831063365098089e-05, 5.080563641968183e-05, 2.9349241231102496e-05], [-5.76921001993469e-06, -1.3729681995755527e-05, -3.402099900995381e-05, 5.080563641968183e-05, 5.937109744991176e-05, 3.160529740853235e-05], [-2.8641297831200063e-06, -7.0977148425299674e-06, -1.8390184777672403e-05, 2.9349241231102496e-05, 3.160529740853235e-05, 2.6117782908841036e-05]]</COVARIANCE_MATRIX>
		<ROI_SIZE>1520</ROI_SIZE>
		<MAX_VALUE>[0.12909144163131714, 0.15090706944465637, 0.18626360595226288, 0.16996067762374878, 0.06730879843235016, 0.03660627454519272]</MAX_VALUE>
		<MIN_VALUE>[0.11065314710140228, 0.11561766266822815, 0.13217958807945251, 0.10911108553409576, 0.012896981090307236, 0.005350170657038689]</MIN_VALUE>
		<SIGNATURE_THRESHOLD_MD>0.0</SIGNATURE_THRESHOLD_MD>
		<SIGNATURE_THRESHOLD_ML>0.0</SIGNATURE_THRESHOLD_ML>
		<SIGNATURE_THRESHOLD_SAM>0.0</SIGNATURE_THRESHOLD_SAM>
	</signature>
	<signature ID="20200807_132112516027_870">
		<MACROCLASSID>1</MACROCLASSID>
		<MACROCLASSINFO>waterbody</MACROCLASSINFO>
		<CLASSID>2</CLASSID>
		<CLASSINFO>C 1</CLASSINFO>
		<VALUES>[0.12378037751517995, 0.002505435161189602, 0.1456214889328936, 0.0043205133761809135, 0.18594334756291941, 0.007500792429428099, 0.13412444049415995, 0.011622152999355347, 0.022436457735049563, 0.008156221991887643, 0.012795513601210451, 0.005507850517624814]</VALUES>
		<LCS_MIN>[0.10911662876605988, 0.11561766266822815, 0.1402921825647354, 0.08544735610485077, 0.012896981090307236, 0.002224561059847474]</LCS_MIN>
		<LCS_MAX>[0.13370101153850555, 0.15732334554195404, 0.19708043336868286, 0.18010228872299194, 0.06730879843235016, 0.05223432555794716]</LCS_MAX>
		<WAVELENGTH>[0.485, 0.56, 0.66, 0.83, 1.65, 2.215]</WAVELENGTH>
		<MEAN_VALUE>[0.12378037751517995, 0.1456214889328936, 0.18594334756291941, 0.13412444049415995, 0.022436457735049563, 0.012795513601210451]</MEAN_VALUE>
		<CHECKBOX>2</CHECKBOX>
		<SD>[0.002505435161189602, 0.0043205133761809135, 0.007500792429428099, 0.011622152999355347, 0.008156221991887643, 0.005507850517624814]</SD>
		<WAVELENGTH_UNIT>E-6m</WAVELENGTH_UNIT>
		<COLOR>#8a8a3b</COLOR>
		<COVARIANCE_MATRIX>[[6.283206403168151e-06, 7.08520929038059e-06, 1.2164866348030046e-05, 4.95764425068046e-07, -2.3592494926560903e-06, -9.659464694777853e-07], [7.08520929038059e-06, 1.868468098109588e-05, 2.5692061171866953e-05, -3.3315166092506843e-06, -9.901714292936958e-06, -5.732415502279764e-06], [1.2164866348030046e-05, 2.5692061171866953e-05, 5.6315675465157256e-05, -1.760990471666446e-06, -2.4169921744032763e-05, -1.3354176189750433e-05], [4.95764425068046e-07, -3.3315166092506843e-06, -1.760990471666446e-06, 0.0001352035760646686, 6.87081555952318e-05, 3.8904185203136876e-05], [-2.3592494926560903e-06, -9.901714292936958e-06, -2.4169921744032763e-05, 6.87081555952318e-05, 6.65875559207052e-05, 3.725154238054529e-05], [-9.659464694777853e-07, -5.732415502279764e-06, -1.3354176189750433e-05, 3.8904185203136876e-05, 3.725154238054529e-05, 3.036541966139339e-05]]</COVARIANCE_MATRIX>
		<ROI_SIZE>1047</ROI_SIZE>
		<MAX_VALUE>[0.13370101153850555, 0.15732334554195404, 0.19708043336868286, 0.18010228872299194, 0.06730879843235016, 0.05223432555794716]</MAX_VALUE>
		<MIN_VALUE>[0.10911662876605988, 0.11561766266822815, 0.1402921825647354, 0.08544735610485077, 0.012896981090307236, 0.002224561059847474]</MIN_VALUE>
		<SIGNATURE_THRESHOLD_MD>0.0</SIGNATURE_THRESHOLD_MD>
		<SIGNATURE_THRESHOLD_ML>0.0</SIGNATURE_THRESHOLD_ML>
		<SIGNATURE_THRESHOLD_SAM>0.0</SIGNATURE_THRESHOLD_SAM>
	</signature>
	<signature ID="20200807_132123435245_275">
		<MACROCLASSID>1</MACROCLASSID>
		<MACROCLASSINFO>waterbody</MACROCLASSINFO>
		<CLASSID>3</CLASSID>
		<CLASSINFO>C 1</CLASSINFO>
		<VALUES>[0.0994623071299149, 0.0050227011390396245, 0.09193806842594712, 0.013215837392385885, 0.07055024969411071, 0.017927245682533007, 0.06893474910851122, 0.020116233844745774, 0.035057429406609594, 0.0145094956946899, 0.019939996341204316, 0.008950851111897352]</VALUES>
		<LCS_MIN>[0.08760528266429901, 0.06428758054971695, 0.04834932088851929, 0.03811988979578018, 0.015073453076183796, 0.008475782349705696]</LCS_MIN>
		<LCS_MAX>[0.11218967288732529, 0.12203391641378403, 0.11325015872716904, 0.12263321876525879, 0.08254410326480865, 0.061611149460077286]</LCS_MAX>
		<WAVELENGTH>[0.485, 0.56, 0.66, 0.83, 1.65, 2.215]</WAVELENGTH>
		<MEAN_VALUE>[0.0994623071299149, 0.09193806842594712, 0.07055024969411071, 0.06893474910851122, 0.035057429406609594, 0.019939996341204316]</MEAN_VALUE>
		<CHECKBOX>2</CHECKBOX>
		<SD>[0.0050227011390396245, 0.013215837392385885, 0.017927245682533007, 0.020116233844745774, 0.0145094956946899, 0.008950851111897352]</SD>
		<WAVELENGTH_UNIT>E-6m</WAVELENGTH_UNIT>
		<COLOR>#482445</COLOR>
		<COVARIANCE_MATRIX>[[2.5316045139334165e-05, 6.126481457613409e-05, 8.24744493002072e-05, -2.2629783416050486e-05, -1.5363077181973495e-05, -9.300242709286977e-06], [6.126481457613409e-05, 0.00017527119780424982, 0.00023127994791138917, -8.148820052156225e-05, -6.022465822752565e-05, -3.385400850675069e-05], [8.24744493002072e-05, 0.00023127994791138917, 0.00032251380616798997, -8.977807738119736e-05, -7.37439258955419e-05, -4.0454389818478376e-05], [-2.2629783416050486e-05, -8.148820052156225e-05, -8.977807738119736e-05, 0.00040608271956443787, 0.0002694960858207196, 0.0001456642203265801], [-1.5363077181973495e-05, -6.022465822752565e-05, -7.37439258955419e-05, 0.0002694960858207196, 0.00021126415231265128, 0.00011290921247564256], [-9.300242709286977e-06, -3.385400850675069e-05, -4.0454389818478376e-05, 0.0001456642203265801, 0.00011290921247564256, 8.039885142352432e-05]]</COVARIANCE_MATRIX>
		<ROI_SIZE>286</ROI_SIZE>
		<MAX_VALUE>[0.11218967288732529, 0.12203391641378403, 0.11325015872716904, 0.12263321876525879, 0.08254410326480865, 0.061611149460077286]</MAX_VALUE>
		<MIN_VALUE>[0.08760528266429901, 0.06428758054971695, 0.04834932088851929, 0.03811988979578018, 0.015073453076183796, 0.008475782349705696]</MIN_VALUE>
		<SIGNATURE_THRESHOLD_MD>0.0</SIGNATURE_THRESHOLD_MD>
		<SIGNATURE_THRESHOLD_ML>0.0</SIGNATURE_THRESHOLD_ML>
		<SIGNATURE_THRESHOLD_SAM>0.0</SIGNATURE_THRESHOLD_SAM>
	</signature>
	<signature ID="20200807_132137831223_626">
		<MACROCLASSID>1</MACROCLASSID>
		<MACROCLASSINFO>waterbody</MACROCLASSINFO>
		<CLASSID>4</CLASSID>
		<CLASSINFO>C 1</CLASSINFO>
		<VALUES>[0.09893714729696512, 0.0027633426082565612, 0.08514042291790247, 0.0032081347890201934, 0.06694070715457201, 0.004153723500632763, 0.13404251169413328, 0.016118580839027397, 0.07465439569205046, 0.010491045653298768, 0.044811002910137177, 0.008406890300955174]</VALUES>
		<LCS_MIN>[0.09528791159391403, 0.08032821863889694, 0.06187032535672188, 0.11587213724851608, 0.060779377818107605, 0.030355054885149002]</LCS_MIN>
		<LCS_MAX>[0.10450705140829086, 0.08995262533426285, 0.07268713414669037, 0.159819096326828, 0.09125000983476639, 0.055359940975904465]</LCS_MAX>
		<WAVELENGTH>[0.485, 0.56, 0.66, 0.83, 1.65, 2.215]</WAVELENGTH>
		<MEAN_VALUE>[0.09893714729696512, 0.08514042291790247, 0.06694070715457201, 0.13404251169413328, 0.07465439569205046, 0.044811002910137177]</MEAN_VALUE>
		<CHECKBOX>2</CHECKBOX>
		<SD>[0.0027633426082565612, 0.0032081347890201934, 0.004153723500632763, 0.016118580839027397, 0.010491045653298768, 0.008406890300955174]</SD>
		<WAVELENGTH_UNIT>E-6m</WAVELENGTH_UNIT>
		<COLOR>#0cec45</COLOR>
		<COVARIANCE_MATRIX>[[8.726928172109183e-06, 7.39407551009208e-06, 1.0907075193244964e-05, 5.101540864416165e-06, 1.666131356614642e-05, 1.1063092642871197e-05], [7.39407551009208e-06, 1.176243313238956e-05, 1.3013158422836568e-05, 3.021164593519643e-05, 2.8428426958271302e-05, 2.0771009076270275e-05], [1.0907075193244964e-05, 1.3013158422836568e-05, 1.971819256141316e-05, 2.530273013690021e-05, 3.142501736874692e-05, 1.0414400094305165e-05], [5.101540864416165e-06, 3.021164593519643e-05, 2.530273013690021e-05, 0.0002969241759274155, 0.00015332794282585382, 7.113336323527619e-05], [1.666131356614642e-05, 2.8428426958271302e-05, 3.142501736874692e-05, 0.00015332794282585382, 0.0001257851836271584, 6.329041934804991e-05], [1.1063092642871197e-05, 2.0771009076270275e-05, 1.0414400094305165e-05, 7.113336323527619e-05, 6.329041934804991e-05, 8.07723481557332e-05]]</COVARIANCE_MATRIX>
		<ROI_SIZE>8</ROI_SIZE>
		<MAX_VALUE>[0.10450705140829086, 0.08995262533426285, 0.07268713414669037, 0.159819096326828, 0.09125000983476639, 0.055359940975904465]</MAX_VALUE>
		<MIN_VALUE>[0.09528791159391403, 0.08032821863889694, 0.06187032535672188, 0.11587213724851608, 0.060779377818107605, 0.030355054885149002]</MIN_VALUE>
		<SIGNATURE_THRESHOLD_MD>0.0</SIGNATURE_THRESHOLD_MD>
		<SIGNATURE_THRESHOLD_ML>0.0</SIGNATURE_THRESHOLD_ML>
		<SIGNATURE_THRESHOLD_SAM>0.0</SIGNATURE_THRESHOLD_SAM>
	</signature>
	<signature ID="20200807_132147882487_940">
		<MACROCLASSID>1</MACROCLASSID>
		<MACROCLASSINFO>waterbody</MACROCLASSINFO>
		<CLASSID>5</CLASSID>
		<CLASSINFO>C 1</CLASSINFO>
		<VALUES>[0.09968657981531291, 0.006153772350129864, 0.08529768314431696, 0.0069103424134678675, 0.06595314484016566, 0.008557683053618363, 0.20204259688947718, 0.024691299255942704, 0.10968600681015091, 0.01656629147608895, 0.05603408944957396, 0.010708487540628971]</VALUES>
		<LCS_MIN>[0.09067833423614502, 0.07391195744276047, 0.051053520292043686, 0.1530580073595047, 0.07383822649717331, 0.03660627454519272]</LCS_MIN>
		<LCS_MAX>[0.13370101153850555, 0.12203391641378403, 0.11054597049951553, 0.2375713288784027, 0.15872067213058472, 0.09911848604679108]</LCS_MAX>
		<WAVELENGTH>[0.485, 0.56, 0.66, 0.83, 1.65, 2.215]</WAVELENGTH>
		<MEAN_VALUE>[0.09968657981531291, 0.08529768314431696, 0.06595314484016566, 0.20204259688947718, 0.10968600681015091, 0.05603408944957396]</MEAN_VALUE>
		<CHECKBOX>2</CHECKBOX>
		<SD>[0.006153772350129864, 0.0069103424134678675, 0.008557683053618363, 0.024691299255942704, 0.01656629147608895, 0.010708487540628971]</SD>
		<WAVELENGTH_UNIT>E-6m</WAVELENGTH_UNIT>
		<COLOR>#97b8c8</COLOR>
		<COVARIANCE_MATRIX>[[3.862629091599956e-05, 3.616612229961902e-05, 4.52544518338982e-05, 5.966270691715181e-06, 4.235730739310384e-05, 4.2695854062912986e-05], [3.616612229961902e-05, 4.870789052802138e-05, 5.478111779666506e-05, 2.7172509362571873e-05, 5.960513954050839e-05, 5.5142656492535025e-05], [4.52544518338982e-05, 5.478111779666506e-05, 7.469861884601414e-05, 6.9942093432473484e-06, 7.471971912309527e-05, 7.393924897769466e-05], [5.966270691715181e-06, 2.7172509362571873e-05, 6.9942093432473484e-06, 0.0006218534545041621, 0.00023165304446592927, 8.360164792975411e-05], [4.235730739310384e-05, 5.960513954050839e-05, 7.471971912309527e-05, 0.00023165304446592927, 0.0002799308567773551, 0.00015181464550551027], [4.2695854062912986e-05, 5.5142656492535025e-05, 7.393924897769466e-05, 8.360164792975411e-05, 0.00015181464550551027, 0.0001169651368400082]]</COVARIANCE_MATRIX>
		<ROI_SIZE>51</ROI_SIZE>
		<MAX_VALUE>[0.13370101153850555, 0.12203391641378403, 0.11054597049951553, 0.2375713288784027, 0.15872067213058472, 0.09911848604679108]</MAX_VALUE>
		<MIN_VALUE>[0.09067833423614502, 0.07391195744276047, 0.051053520292043686, 0.1530580073595047, 0.07383822649717331, 0.03660627454519272]</MIN_VALUE>
		<SIGNATURE_THRESHOLD_MD>0.0</SIGNATURE_THRESHOLD_MD>
		<SIGNATURE_THRESHOLD_ML>0.0</SIGNATURE_THRESHOLD_ML>
		<SIGNATURE_THRESHOLD_SAM>0.0</SIGNATURE_THRESHOLD_SAM>
	</signature>
	<signature ID="20200807_132159942406_172">
		<MACROCLASSID>1</MACROCLASSID>
		<MACROCLASSINFO>waterbody</MACROCLASSINFO>
		<CLASSID>6</CLASSID>
		<CLASSINFO>C 1</CLASSINFO>
		<VALUES>[0.09920068007222442, 0.0034964189861839577, 0.08696831009069154, 0.00550885757140425, 0.06847361414585, 0.007418434387423227, 0.15749987682630845, 0.02850009181605243, 0.08679582265227338, 0.015795895007171615, 0.0458013845694273, 0.009643850473618942]</VALUES>
		<LCS_MIN>[0.09221485257148743, 0.07070383429527283, 0.05375772342085838, 0.09558895230293274, 0.04554406926035881, 0.024103833362460136]</LCS_MIN>
		<LCS_MAX>[0.10911662876605988, 0.1027851477265358, 0.09161654859781265, 0.19700494408607483, 0.11519120633602142, 0.0678623840212822]</LCS_MAX>
		<WAVELENGTH>[0.485, 0.56, 0.66, 0.83, 1.65, 2.215]</WAVELENGTH>
		<MEAN_VALUE>[0.09920068007222442, 0.08696831009069154, 0.06847361414585, 0.15749987682630845, 0.08679582265227338, 0.0458013845694273]</MEAN_VALUE>
		<CHECKBOX>2</CHECKBOX>
		<SD>[0.0034964189861839577, 0.00550885757140425, 0.007418434387423227, 0.02850009181605243, 0.015795895007171615, 0.009643850473618942]</SD>
		<WAVELENGTH_UNIT>E-6m</WAVELENGTH_UNIT>
		<COLOR>#8aa833</COLOR>
		<COVARIANCE_MATRIX>[[1.2368768693704624e-05, 1.5699819414294325e-05, 2.1275571270962246e-05, 3.460267907939851e-05, 2.4557721189921722e-05, 1.8234684830531478e-05], [1.5699819414294325e-05, 3.070454113185406e-05, 3.790131813730113e-05, 9.02213214430958e-05, 5.2349925681483e-05, 3.130294498987496e-05], [2.1275571270962246e-05, 3.790131813730113e-05, 5.5680618970654905e-05, 0.00010088825365528464, 6.216377369128168e-05, 3.999514228780754e-05], [3.460267907939851e-05, 9.02213214430958e-05, 0.00010088825365528464, 0.0008218112052418292, 0.0003408106858842075, 0.00018143704801332206], [2.4557721189921722e-05, 5.2349925681483e-05, 6.216377369128168e-05, 0.0003408106858842075, 0.000252445723162964, 0.00013907876564189792], [1.8234684830531478e-05, 3.130294498987496e-05, 3.999514228780754e-05, 0.00018143704801332206, 0.00013907876564189792, 9.409801714355126e-05]]</COVARIANCE_MATRIX>
		<ROI_SIZE>86</ROI_SIZE>
		<MAX_VALUE>[0.10911662876605988, 0.1027851477265358, 0.09161654859781265, 0.19700494408607483, 0.11519120633602142, 0.0678623840212822]</MAX_VALUE>
		<MIN_VALUE>[0.09221485257148743, 0.07070383429527283, 0.05375772342085838, 0.09558895230293274, 0.04554406926035881, 0.024103833362460136]</MIN_VALUE>
		<SIGNATURE_THRESHOLD_MD>0.0</SIGNATURE_THRESHOLD_MD>
		<SIGNATURE_THRESHOLD_ML>0.0</SIGNATURE_THRESHOLD_ML>
		<SIGNATURE_THRESHOLD_SAM>0.0</SIGNATURE_THRESHOLD_SAM>
	</signature>
	<signature ID="20200807_132216883121_966">
		<MACROCLASSID>1</MACROCLASSID>
		<MACROCLASSINFO>waterbody</MACROCLASSINFO>
		<CLASSID>7</CLASSID>
		<CLASSINFO>C 1</CLASSINFO>
		<VALUES>[0.11682206303766457, 0.002930853007155929, 0.13127714764363707, 0.006202871080359934, 0.12389294006446809, 0.016517282350613387, 0.08300399564501681, 0.01570639177101761, 0.03484487563998688, 0.01219675788264511, 0.021504315925706723, 0.008753358569286716]</VALUES>
		<LCS_MIN>[0.10758011043071747, 0.11561766266822815, 0.09702494740486145, 0.05840309336781502, 0.017249925062060356, 0.005350170657038689]</LCS_MIN>
		<LCS_MAX>[0.12601839005947113, 0.1444908231496811, 0.161925807595253, 0.12263321876525879, 0.07166174054145813, 0.04910871386528015]</LCS_MAX>
		<WAVELENGTH>[0.485, 0.56, 0.66, 0.83, 1.65, 2.215]</WAVELENGTH>
		<MEAN_VALUE>[0.11682206303766457, 0.13127714764363707, 0.12389294006446809, 0.08300399564501681, 0.03484487563998688, 0.021504315925706723]</MEAN_VALUE>
		<CHECKBOX>2</CHECKBOX>
		<SD>[0.002930853007155929, 0.006202871080359934, 0.016517282350613387, 0.01570639177101761, 0.01219675788264511, 0.008753358569286716]</SD>
		<WAVELENGTH_UNIT>E-6m</WAVELENGTH_UNIT>
		<COLOR>#587348</COLOR>
		<COVARIANCE_MATRIX>[[8.632635399408173e-06, 1.35706413857406e-05, 3.6593410186469555e-05, 1.3623164704767987e-05, -2.999000798808993e-06, -1.9952133243350545e-06], [1.35706413857406e-05, 3.8667029002681375e-05, 9.40251411520876e-05, 1.8272468878421932e-05, -2.2509764676215127e-05, -1.5363342754426412e-05], [3.6593410186469555e-05, 9.40251411520876e-05, 0.000274177931714803, 9.899373253574595e-05, -3.498887599562295e-05, -2.7998146833851933e-05], [1.3623164704767987e-05, 1.8272468878421932e-05, 9.899373253574595e-05, 0.0002479180693626404, 0.00012465109466575086, 7.793641270836815e-05], [-2.999000798808993e-06, -2.2509764676215127e-05, -3.498887599562295e-05, 0.00012465109466575086, 0.00014950100739952177, 9.382249118061736e-05], [-1.9952133243350545e-06, -1.5363342754426412e-05, -2.7998146833851933e-05, 7.793641270836815e-05, 9.382249118061736e-05, 7.70024853409268e-05]]</COVARIANCE_MATRIX>
		<ROI_SIZE>202</ROI_SIZE>
		<MAX_VALUE>[0.12601839005947113, 0.1444908231496811, 0.161925807595253, 0.12263321876525879, 0.07166174054145813, 0.04910871386528015]</MAX_VALUE>
		<MIN_VALUE>[0.10758011043071747, 0.11561766266822815, 0.09702494740486145, 0.05840309336781502, 0.017249925062060356, 0.005350170657038689]</MIN_VALUE>
		<SIGNATURE_THRESHOLD_MD>0.0</SIGNATURE_THRESHOLD_MD>
		<SIGNATURE_THRESHOLD_ML>0.0</SIGNATURE_THRESHOLD_ML>
		<SIGNATURE_THRESHOLD_SAM>0.0</SIGNATURE_THRESHOLD_SAM>
	</signature>
	<signature ID="20200807_132228682050_292">
		<MACROCLASSID>1</MACROCLASSID>
		<MACROCLASSINFO>waterbody</MACROCLASSINFO>
		<CLASSID>8</CLASSID>
		<CLASSINFO>C 1</CLASSINFO>
		<VALUES>[0.12412269249297217, 0.0024974174589834654, 0.14528376346562222, 0.004245843663092404, 0.15981375262136113, 0.006499311225137701, 0.08792029055851591, 0.006217845194863025, 0.022271748863982765, 0.005919085419099177, 0.013405415098156903, 0.004501558120740374]</VALUES>
		<LCS_MIN>[0.11218967288732529, 0.11882580071687698, 0.12136276811361313, 0.07192521542310715, 0.012896981090307236, 0.002224561059847474]</LCS_MIN>
		<LCS_MAX>[0.13370101153850555, 0.15732334554195404, 0.17274260520935059, 0.13277480006217957, 0.06513231992721558, 0.05223432555794716]</LCS_MAX>
		<WAVELENGTH>[0.485, 0.56, 0.66, 0.83, 1.65, 2.215]</WAVELENGTH>
		<MEAN_VALUE>[0.12412269249297217, 0.14528376346562222, 0.15981375262136113, 0.08792029055851591, 0.022271748863982765, 0.013405415098156903]</MEAN_VALUE>
		<CHECKBOX>2</CHECKBOX>
		<SD>[0.0024974174589834654, 0.004245843663092404, 0.006499311225137701, 0.006217845194863025, 0.005919085419099177, 0.004501558120740374]</SD>
		<WAVELENGTH_UNIT>E-6m</WAVELENGTH_UNIT>
		<COLOR>#bfe3be</COLOR>
		<COVARIANCE_MATRIX>[[5.62311561225215e-06, 5.651360424963059e-06, 8.411539056396578e-06, -2.0048976239195326e-06, -4.2477345232327934e-06, -2.4363582724618027e-06], [5.651360424963059e-06, 1.6209085515583865e-05, 1.8287895727553405e-05, -5.151972345629474e-06, -9.725177733344026e-06, -5.957807388767833e-06], [8.411539056396578e-06, 1.8287895727553405e-05, 3.6400484532350674e-05, -7.220339739433257e-06, -1.5148493730521295e-05, -9.258170393877663e-06], [-2.0048976239195326e-06, -5.151972345629474e-06, -7.220339739433257e-06, 3.9218237361637875e-05, 2.839280932676047e-05, 1.7405480321031064e-05], [-4.2477345232327934e-06, -9.725177733344026e-06, -1.5148493730521295e-05, 2.839280932676047e-05, 3.45591724908445e-05, 1.9082204744336195e-05], [-2.4363582724618027e-06, -5.957807388767833e-06, -9.258170393877663e-06, 1.7405480321031064e-05, 1.9082204744336195e-05, 1.937436536536552e-05]]</COVARIANCE_MATRIX>
		<ROI_SIZE>5058</ROI_SIZE>
		<MAX_VALUE>[0.13370101153850555, 0.15732334554195404, 0.17274260520935059, 0.13277480006217957, 0.06513231992721558, 0.05223432555794716]</MAX_VALUE>
		<MIN_VALUE>[0.11218967288732529, 0.11882580071687698, 0.12136276811361313, 0.07192521542310715, 0.012896981090307236, 0.002224561059847474]</MIN_VALUE>
		<SIGNATURE_THRESHOLD_MD>0.0</SIGNATURE_THRESHOLD_MD>
		<SIGNATURE_THRESHOLD_ML>0.0</SIGNATURE_THRESHOLD_ML>
		<SIGNATURE_THRESHOLD_SAM>0.0</SIGNATURE_THRESHOLD_SAM>
	</signature>
	<signature ID="20200807_132242103976_665">
		<MACROCLASSID>1</MACROCLASSID>
		<MACROCLASSINFO>waterbody</MACROCLASSINFO>
		<CLASSID>9</CLASSID>
		<CLASSINFO>C 1</CLASSINFO>
		<VALUES>[0.11889993942270242, 0.006530060608720749, 0.12598777586413965, 0.016826785583670886, 0.11639052601195372, 0.028353414594307187, 0.07760220542691462, 0.008528031190315224, 0.029817300193909494, 0.010348105716754465, 0.018279641398371904, 0.006965381322485265]</VALUES>
		<LCS_MIN>[0.10143400728702545, 0.08674448728561401, 0.06727874279022217, 0.06516414880752563, 0.012896981090307236, 0.005350170657038689]</LCS_MIN>
		<LCS_MAX>[0.12909144163131714, 0.1444908231496811, 0.1511089950799942, 0.11925268173217773, 0.07383822649717331, 0.05848555266857147]</LCS_MAX>
		<WAVELENGTH>[0.485, 0.56, 0.66, 0.83, 1.65, 2.215]</WAVELENGTH>
		<MEAN_VALUE>[0.11889993942270242, 0.12598777586413965, 0.11639052601195372, 0.07760220542691462, 0.029817300193909494, 0.018279641398371904]</MEAN_VALUE>
		<CHECKBOX>2</CHECKBOX>
		<SD>[0.006530060608720749, 0.016826785583670886, 0.028353414594307187, 0.008528031190315224, 0.010348105716754465, 0.006965381322485265]</SD>
		<WAVELENGTH_UNIT>E-6m</WAVELENGTH_UNIT>
		<COLOR>#7e6cf8</COLOR>
		<COVARIANCE_MATRIX>[[3.39049038302619e-05, 7.812922558514401e-05, 0.0001277738920180127, 4.047421953146113e-06, -2.118625707225874e-05, -1.2335364772297908e-05], [7.812922558514401e-05, 0.00020603563461918384, 0.00033523209276609123, -5.996646905259695e-06, -7.217755046440288e-05, -4.383849955047481e-05], [0.0001277738920180127, 0.00033523209276609123, 0.0005854719784110785, -6.613582172576571e-06, -0.00013071007560938597, -8.109847112791613e-05], [4.047421953146113e-06, -5.996646905259695e-06, -6.613582172576571e-06, 9.295918425777927e-05, 8.126119064399973e-05, 5.235097705735825e-05], [-2.118625707225874e-05, -7.217755046440288e-05, -0.00013071007560938597, 8.126119064399973e-05, 0.00011671122774714604, 7.273642404470593e-05], [-1.2335364772297908e-05, -4.383849955047481e-05, -8.109847112791613e-05, 5.235097705735825e-05, 7.273642404470593e-05, 5.61171727895271e-05]]</COVARIANCE_MATRIX>
		<ROI_SIZE>1680</ROI_SIZE>
		<MAX_VALUE>[0.12909144163131714, 0.1444908231496811, 0.1511089950799942, 0.11925268173217773, 0.07383822649717331, 0.05848555266857147]</MAX_VALUE>
		<MIN_VALUE>[0.10143400728702545, 0.08674448728561401, 0.06727874279022217, 0.06516414880752563, 0.012896981090307236, 0.005350170657038689]</MIN_VALUE>
		<SIGNATURE_THRESHOLD_MD>0.0</SIGNATURE_THRESHOLD_MD>
		<SIGNATURE_THRESHOLD_ML>0.0</SIGNATURE_THRESHOLD_ML>
		<SIGNATURE_THRESHOLD_SAM>0.0</SIGNATURE_THRESHOLD_SAM>
	</signature>
	<signature ID="20200807_132252993486_473">
		<MACROCLASSID>1</MACROCLASSID>
		<MACROCLASSINFO>waterbody</MACROCLASSINFO>
		<CLASSID>10</CLASSID>
		<CLASSINFO>C 1</CLASSINFO>
		<VALUES>[0.12421907232462076, 0.001990293680977942, 0.1462723621864613, 0.0026659402816571866, 0.1759208859542294, 0.004220981551208444, 0.10180978192278303, 0.006248964024288239, 0.02152958491350208, 0.0065410171649750905, 0.01285431022658238, 0.004972494974709056]</VALUES>
		<LCS_MIN>[0.10911662876605988, 0.12524203956127167, 0.13217958807945251, 0.08544735610485077, 0.012896981090307236, 0.002224561059847474]</LCS_MIN>
		<LCS_MAX>[0.13062795996665955, 0.1541152149438858, 0.18355940282344818, 0.14967747032642365, 0.06730879843235016, 0.04910871386528015]</LCS_MAX>
		<WAVELENGTH>[0.485, 0.56, 0.66, 0.83, 1.65, 2.215]</WAVELENGTH>
		<MEAN_VALUE>[0.12421907232462076, 0.1462723621864613, 0.1759208859542294, 0.10180978192278303, 0.02152958491350208, 0.01285431022658238]</MEAN_VALUE>
		<CHECKBOX>2</CHECKBOX>
		<SD>[0.001990293680977942, 0.0026659402816571866, 0.004220981551208444, 0.006248964024288239, 0.0065410171649750905, 0.004972494974709056]</SD>
		<WAVELENGTH_UNIT>E-6m</WAVELENGTH_UNIT>
		<COLOR>#6a646c</COLOR>
		<COVARIANCE_MATRIX>[[4.058662398165325e-06, 1.7812619717005873e-06, 3.495412784104701e-06, -2.8252129595784936e-06, -3.144591573800426e-06, -1.5693175328124198e-06], [1.7812619717005873e-06, 8.579931090935133e-06, 7.534221367677674e-06, -9.04330863704672e-06, -8.137256372720003e-06, -5.012091605749447e-06], [3.495412784104701e-06, 7.534221367677674e-06, 2.649244197527878e-05, -1.5046121006889734e-05, -2.4619415853521787e-05, -1.5253462152031716e-05], [-2.8252129595784936e-06, -9.04330863704672e-06, -1.5046121006889734e-05, 5.338451956049539e-05, 4.179945608484559e-05, 2.6598463591653854e-05], [-3.144591573800426e-06, -8.137256372720003e-06, -2.4619415853521787e-05, 4.179945608484559e-05, 6.321988621493801e-05, 3.8564365240745246e-05], [-1.5693175328124198e-06, -5.012091605749447e-06, -1.5253462152031716e-05, 2.6598463591653854e-05, 3.8564365240745246e-05, 3.407333861105144e-05]]</COVARIANCE_MATRIX>
		<ROI_SIZE>2947</ROI_SIZE>
		<MAX_VALUE>[0.13062795996665955, 0.1541152149438858, 0.18355940282344818, 0.14967747032642365, 0.06730879843235016, 0.04910871386528015]</MAX_VALUE>
		<MIN_VALUE>[0.10911662876605988, 0.12524203956127167, 0.13217958807945251, 0.08544735610485077, 0.012896981090307236, 0.002224561059847474]</MIN_VALUE>
		<SIGNATURE_THRESHOLD_MD>0.0</SIGNATURE_THRESHOLD_MD>
		<SIGNATURE_THRESHOLD_ML>0.0</SIGNATURE_THRESHOLD_ML>
		<SIGNATURE_THRESHOLD_SAM>0.0</SIGNATURE_THRESHOLD_SAM>
	</signature>
	<signature ID="20200807_132306329330_194">
		<MACROCLASSID>1</MACROCLASSID>
		<MACROCLASSINFO>waterbody</MACROCLASSINFO>
		<CLASSID>11</CLASSID>
		<CLASSINFO>C 1</CLASSINFO>
		<VALUES>[0.1285262105053635, 0.0036370058944182023, 0.1535002799677322, 0.005713040571609294, 0.17905314801470473, 0.006936457983521544, 0.10417263709968869, 0.008822655713547125, 0.0309283280726917, 0.0076553879251949316, 0.020618752072007685, 0.005882659231875592]</VALUES>
		<LCS_MIN>[0.10758011043071747, 0.11882580071687698, 0.1348837912082672, 0.08882788568735123, 0.017249925062060356, 0.005350170657038689]</LCS_MIN>
		<LCS_MAX>[0.13677407801151276, 0.16053149104118347, 0.19167202711105347, 0.16319960355758667, 0.06948526948690414, 0.05223432555794716]</LCS_MAX>
		<WAVELENGTH>[0.485, 0.56, 0.66, 0.83, 1.65, 2.215]</WAVELENGTH>
		<MEAN_VALUE>[0.1285262105053635, 0.1535002799677322, 0.17905314801470473, 0.10417263709968869, 0.0309283280726917, 0.020618752072007685]</MEAN_VALUE>
		<CHECKBOX>2</CHECKBOX>
		<SD>[0.0036370058944182023, 0.005713040571609294, 0.006936457983521544, 0.008822655713547125, 0.0076553879251949316, 0.005882659231875592]</SD>
		<WAVELENGTH_UNIT>E-6m</WAVELENGTH_UNIT>
		<COLOR>#e54617</COLOR>
		<COVARIANCE_MATRIX>[[1.3147555364412256e-05, 1.593286833667662e-05, 1.5943816833896562e-05, -6.527563073177589e-06, -3.328633511046064e-06, 4.168278735505737e-07], [1.593286833667662e-05, 3.067594298045151e-05, 2.9672752134501934e-05, -1.9186220015399158e-05, -1.4291634215624072e-05, -5.777274054707959e-06], [1.5943816833896562e-05, 2.9672752134501934e-05, 4.1813931602519006e-05, -2.6831346986000426e-05, -2.3027105271467008e-05, -1.16725777843385e-05], [-6.527563073177589e-06, -1.9186220015399158e-05, -2.6831346986000426e-05, 7.959766662679613e-05, 5.9399182646302506e-05, 3.764028588193469e-05], [-3.328633511046064e-06, -1.4291634215624072e-05, -2.3027105271467008e-05, 5.9399182646302506e-05, 6.709237641189247e-05, 4.1033556044567376e-05], [4.168278735505737e-07, -5.777274054707959e-06, -1.16725777843385e-05, 3.764028588193469e-05, 4.1033556044567376e-05, 3.777596793952398e-05]]</COVARIANCE_MATRIX>
		<ROI_SIZE>1588</ROI_SIZE>
		<MAX_VALUE>[0.13677407801151276, 0.16053149104118347, 0.19167202711105347, 0.16319960355758667, 0.06948526948690414, 0.05223432555794716]</MAX_VALUE>
		<MIN_VALUE>[0.10758011043071747, 0.11882580071687698, 0.1348837912082672, 0.08882788568735123, 0.017249925062060356, 0.005350170657038689]</MIN_VALUE>
		<SIGNATURE_THRESHOLD_MD>0.0</SIGNATURE_THRESHOLD_MD>
		<SIGNATURE_THRESHOLD_ML>0.0</SIGNATURE_THRESHOLD_ML>
		<SIGNATURE_THRESHOLD_SAM>0.0</SIGNATURE_THRESHOLD_SAM>
	</signature>
	<signature ID="20200807_132315227219_726">
		<MACROCLASSID>1</MACROCLASSID>
		<MACROCLASSINFO>waterbody</MACROCLASSINFO>
		<CLASSID>12</CLASSID>
		<CLASSINFO>C 1</CLASSINFO>
		<VALUES>[0.11926526861426273, 0.0035785414788928735, 0.1369259859676715, 0.006954306014362345, 0.16245996400162024, 0.0127789952093231, 0.11403580911365555, 0.013953968620144534, 0.03815481149488026, 0.013106573574757188, 0.024373947953184455, 0.009849791020861694]</VALUES>
		<LCS_MIN>[0.10758011043071747, 0.10920140147209167, 0.12136276811361313, 0.09220841526985168, 0.021602870896458626, 0.008475782349705696]</LCS_MIN>
		<LCS_MAX>[0.12601839005947113, 0.1444908231496811, 0.17815102636814117, 0.1530580073595047, 0.06948526948690414, 0.05223432555794716]</LCS_MAX>
		<WAVELENGTH>[0.485, 0.56, 0.66, 0.83, 1.65, 2.215]</WAVELENGTH>
		<MEAN_VALUE>[0.11926526861426273, 0.1369259859676715, 0.16245996400162024, 0.11403580911365555, 0.03815481149488026, 0.024373947953184455]</MEAN_VALUE>
		<CHECKBOX>2</CHECKBOX>
		<SD>[0.0035785414788928735, 0.006954306014362345, 0.0127789952093231, 0.013953968620144534, 0.013106573574757188, 0.009849791020861694]</SD>
		<WAVELENGTH_UNIT>E-6m</WAVELENGTH_UNIT>
		<COLOR>#5dcfa9</COLOR>
		<COVARIANCE_MATRIX>[[1.2966033864358906e-05, 1.981256173166912e-05, 3.414019010961056e-05, 3.351416353325476e-06, -1.4899180769134546e-06, -1.7550071333971573e-06], [1.981256173166912e-05, 4.896690006717108e-05, 8.292938582599163e-05, -4.575725142785814e-06, -1.959061046363786e-05, -1.522828642919194e-05], [3.414019010961056e-05, 8.292938582599163e-05, 0.00016534399765077978, -4.140121745876968e-05, -7.060387724777684e-05, -5.04371892020572e-05], [3.351416353325476e-06, -4.575725142785814e-06, -4.140121745876968e-05, 0.00019714715017471462, 0.00013405774370767176, 0.00010167386062676087], [-1.4899180769134546e-06, -1.959061046363786e-05, -7.060387724777684e-05, 0.00013405774370767176, 0.00017392955487594008, 0.0001174134886241518], [-1.7550071333971573e-06, -1.522828642919194e-05, -5.04371892020572e-05, 0.00010167386062676087, 0.0001174134886241518, 9.823111031437293e-05]]</COVARIANCE_MATRIX>
		<ROI_SIZE>81</ROI_SIZE>
		<MAX_VALUE>[0.12601839005947113, 0.1444908231496811, 0.17815102636814117, 0.1530580073595047, 0.06948526948690414, 0.05223432555794716]</MAX_VALUE>
		<MIN_VALUE>[0.10758011043071747, 0.10920140147209167, 0.12136276811361313, 0.09220841526985168, 0.021602870896458626, 0.008475782349705696]</MIN_VALUE>
		<SIGNATURE_THRESHOLD_MD>0.0</SIGNATURE_THRESHOLD_MD>
		<SIGNATURE_THRESHOLD_ML>0.0</SIGNATURE_THRESHOLD_ML>
		<SIGNATURE_THRESHOLD_SAM>0.0</SIGNATURE_THRESHOLD_SAM>
	</signature>
	<signature ID="20200807_132329878060_839">
		<MACROCLASSID>1</MACROCLASSID>
		<MACROCLASSINFO>waterbody</MACROCLASSINFO>
		<CLASSID>13</CLASSID>
		<CLASSINFO>C 1</CLASSINFO>
		<VALUES>[0.1227918258609781, 0.0025397845631185416, 0.14514905503426798, 0.004151061214521786, 0.17383298042573425, 0.006139258679013972, 0.0967710811933908, 0.007100061416670865, 0.0224377354424211, 0.007096349043717437, 0.01395466259928265, 0.005637327439142858]</VALUES>
		<LCS_MIN>[0.11065314710140228, 0.11561766266822815, 0.12947538495063782, 0.08544735610485077, 0.008544034324586391, 0.002224561059847474]</LCS_MIN>
		<LCS_MAX>[0.12909144163131714, 0.1541152149438858, 0.18355940282344818, 0.14291642606258392, 0.06295585632324219, 0.05223432555794716]</LCS_MAX>
		<WAVELENGTH>[0.485, 0.56, 0.66, 0.83, 1.65, 2.215]</WAVELENGTH>
		<MEAN_VALUE>[0.1227918258609781, 0.14514905503426798, 0.17383298042573425, 0.0967710811933908, 0.0224377354424211, 0.01395466259928265]</MEAN_VALUE>
		<CHECKBOX>2</CHECKBOX>
		<SD>[0.0025397845631185416, 0.004151061214521786, 0.006139258679013972, 0.007100061416670865, 0.007096349043717437, 0.005637327439142858]</SD>
		<WAVELENGTH_UNIT>E-6m</WAVELENGTH_UNIT>
		<COLOR>#224498</COLOR>
		<COVARIANCE_MATRIX>[[6.343867880787002e-06, 6.651146577496547e-06, 1.0038328582595568e-05, -2.5617421215429204e-06, -3.907162863470148e-06, -1.6253383137154742e-06], [6.651146577496547e-06, 1.69069753610529e-05, 2.0418097847141325e-05, -9.507402864983305e-06, -1.1630793778749648e-05, -6.5269487095065415e-06], [1.0038328582595568e-05, 2.0418097847141325e-05, 3.873978857882321e-05, -1.6054193110903725e-05, -2.135869362973608e-05, -1.1902893675141968e-05], [-2.5617421215429204e-06, -9.507402864983305e-06, -1.6054193110903725e-05, 5.6240398407680914e-05, 4.681500286096707e-05, 3.135970837320201e-05], [-3.907162863470148e-06, -1.1630793778749648e-05, -2.135869362973608e-05, 4.681500286096707e-05, 5.6663040595594794e-05, 3.494967313599773e-05], [-1.6253383137154742e-06, -6.5269487095065415e-06, -1.1902893675141968e-05, 3.135970837320201e-05, 3.494967313599773e-05, 3.219653808628209e-05]]</COVARIANCE_MATRIX>
		<ROI_SIZE>2406</ROI_SIZE>
		<MAX_VALUE>[0.12909144163131714, 0.1541152149438858, 0.18355940282344818, 0.14291642606258392, 0.06295585632324219, 0.05223432555794716]</MAX_VALUE>
		<MIN_VALUE>[0.11065314710140228, 0.11561766266822815, 0.12947538495063782, 0.08544735610485077, 0.008544034324586391, 0.002224561059847474]</MIN_VALUE>
		<SIGNATURE_THRESHOLD_MD>0.0</SIGNATURE_THRESHOLD_MD>
		<SIGNATURE_THRESHOLD_ML>0.0</SIGNATURE_THRESHOLD_ML>
		<SIGNATURE_THRESHOLD_SAM>0.0</SIGNATURE_THRESHOLD_SAM>
	</signature>
	<signature ID="20200807_132347725201_823">
		<MACROCLASSID>1</MACROCLASSID>
		<MACROCLASSINFO>waterbody</MACROCLASSINFO>
		<CLASSID>14</CLASSID>
		<CLASSINFO>C 1</CLASSINFO>
		<VALUES>[0.12308351009391073, 0.0045511508964955144, 0.1424465799227704, 0.008187549546426098, 0.156471280424401, 0.011428309598120027, 0.09736307502485994, 0.011458033482366304, 0.030514598356256646, 0.009675676134032243, 0.01878787309884333, 0.006383387939754109]</VALUES>
		<LCS_MIN>[0.10450705140829086, 0.10599327832460403, 0.11054597049951553, 0.0753057524561882, 0.015073453076183796, 0.008475782349705696]</LCS_MIN>
		<LCS_MAX>[0.13523754477500916, 0.1541152149438858, 0.1700384020805359, 0.13953587412834167, 0.07383822649717331, 0.04910871386528015]</LCS_MAX>
		<WAVELENGTH>[0.485, 0.56, 0.66, 0.83, 1.65, 2.215]</WAVELENGTH>
		<MEAN_VALUE>[0.12308351009391073, 0.1424465799227704, 0.156471280424401, 0.09736307502485994, 0.030514598356256646, 0.01878787309884333]</MEAN_VALUE>
		<CHECKBOX>2</CHECKBOX>
		<SD>[0.0045511508964955144, 0.008187549546426098, 0.011428309598120027, 0.011458033482366304, 0.009675676134032243, 0.006383387939754109]</SD>
		<WAVELENGTH_UNIT>E-6m</WAVELENGTH_UNIT>
		<COLOR>#37a7a0</COLOR>
		<COVARIANCE_MATRIX>[[2.072904317174107e-05, 3.191247014910914e-05, 4.3378371628932655e-05, 2.5750216082087718e-05, 1.1853969226649497e-05, 9.084618795895949e-06], [3.191247014910914e-05, 6.708797445753589e-05, 8.897521183826029e-05, 3.2715528504922986e-05, 8.41105793369934e-06, 9.132464583672117e-06], [4.3378371628932655e-05, 8.897521183826029e-05, 0.00013070758723188192, 3.4159143979195505e-05, 2.1692324025934795e-06, 6.770891104679322e-06], [2.5750216082087718e-05, 3.2715528504922986e-05, 3.4159143979195505e-05, 0.00013138838403392583, 9.453607344767079e-05, 5.763819717685692e-05], [1.1853969226649497e-05, 8.41105793369934e-06, 2.1692324025934795e-06, 9.453607344767079e-05, 9.369133476866409e-05, 5.337481707101688e-05], [9.084618795895949e-06, 9.132464583672117e-06, 6.770891104679322e-06, 5.763819717685692e-05, 5.337481707101688e-05, 4.077925404999405e-05]]</COVARIANCE_MATRIX>
		<ROI_SIZE>1290</ROI_SIZE>
		<MAX_VALUE>[0.13523754477500916, 0.1541152149438858, 0.1700384020805359, 0.13953587412834167, 0.07383822649717331, 0.04910871386528015]</MAX_VALUE>
		<MIN_VALUE>[0.10450705140829086, 0.10599327832460403, 0.11054597049951553, 0.0753057524561882, 0.015073453076183796, 0.008475782349705696]</MIN_VALUE>
		<SIGNATURE_THRESHOLD_MD>0.0</SIGNATURE_THRESHOLD_MD>
		<SIGNATURE_THRESHOLD_ML>0.0</SIGNATURE_THRESHOLD_ML>
		<SIGNATURE_THRESHOLD_SAM>0.0</SIGNATURE_THRESHOLD_SAM>
	</signature>
	<signature ID="20200807_132400882629_383">
		<MACROCLASSID>1</MACROCLASSID>
		<MACROCLASSINFO>waterbody</MACROCLASSINFO>
		<CLASSID>15</CLASSID>
		<CLASSINFO>C 1</CLASSINFO>
		<VALUES>[0.11628962919116022, 0.004780127197954379, 0.13559896459182108, 0.01030913255218718, 0.1550976856922109, 0.029649286854027172, 0.09098579158385599, 0.01619043541307832, 0.023975495874571286, 0.01029845660400198, 0.014023741005609432, 0.00690071803840702]</VALUES>
		<LCS_MIN>[0.09682442247867584, 0.08995262533426285, 0.08891233801841736, 0.05164201930165291, 0.0, 0.005350170657038689]</LCS_MIN>
		<LCS_MAX>[0.12448186427354813, 0.14769896864891052, 0.18355940282344818, 0.11587213724851608, 0.06948526948690414, 0.04910871386528015]</LCS_MAX>
		<WAVELENGTH>[0.485, 0.56, 0.66, 0.83, 1.65, 2.215]</WAVELENGTH>
		<MEAN_VALUE>[0.11628962919116022, 0.13559896459182108, 0.1550976856922109, 0.09098579158385599, 0.023975495874571286, 0.014023741005609432]</MEAN_VALUE>
		<CHECKBOX>2</CHECKBOX>
		<SD>[0.004780127197954379, 0.01030913255218718, 0.029649286854027172, 0.01619043541307832, 0.01029845660400198, 0.00690071803840702]</SD>
		<WAVELENGTH_UNIT>E-6m</WAVELENGTH_UNIT>
		<COLOR>#482f18</COLOR>
		<COVARIANCE_MATRIX>[[2.2887761588208377e-05, 4.467239341465756e-05, 0.000125016420497559, 4.5387219870463014e-05, -2.4469292839057744e-05, -1.3131107152730692e-05], [4.467239341465756e-05, 0.00010645564179867506, 0.00028430388192646205, 9.720017260406166e-05, -6.310042226687074e-05, -3.512380862957798e-05], [0.000125016420497559, 0.00028430388192646205, 0.0008805477991700172, 0.00035217570257373154, -0.00018343699048273265, -0.00010169369488721713], [4.5387219870463014e-05, 9.720017260406166e-05, 0.00035217570257373154, 0.0002625678025651723, -6.428644155676011e-06, 2.8254507924430072e-06], [-2.4469292839057744e-05, -6.310042226687074e-05, -0.00018343699048273265, -6.428644155676011e-06, 0.00010623526759445667, 6.061302337911911e-05], [-1.3131107152730692e-05, -3.512380862957798e-05, -0.00010169369488721713, 2.8254507924430072e-06, 6.061302337911911e-05, 4.7699410060886294e-05]]</COVARIANCE_MATRIX>
		<ROI_SIZE>600</ROI_SIZE>
		<MAX_VALUE>[0.12448186427354813, 0.14769896864891052, 0.18355940282344818, 0.11587213724851608, 0.06948526948690414, 0.04910871386528015]</MAX_VALUE>
		<MIN_VALUE>[0.09682442247867584, 0.08995262533426285, 0.08891233801841736, 0.05164201930165291, 0.0, 0.005350170657038689]</MIN_VALUE>
		<SIGNATURE_THRESHOLD_MD>0.0</SIGNATURE_THRESHOLD_MD>
		<SIGNATURE_THRESHOLD_ML>0.0</SIGNATURE_THRESHOLD_ML>
		<SIGNATURE_THRESHOLD_SAM>0.0</SIGNATURE_THRESHOLD_SAM>
	</signature>
	<signature ID="20200807_132411072519_876">
		<MACROCLASSID>1</MACROCLASSID>
		<MACROCLASSINFO>waterbody</MACROCLASSINFO>
		<CLASSID>16</CLASSID>
