<?xml version="1.0" ?>
<signaturelist MCID_LIST="[['1', 'waterbody', '#0000ff'], ['2', 'vegetation', '#00ff00'], ['3', 'bareland', '#ffaa00'], ['4', 'built-up', '#ff0000']]">
	<signature ID="20200805_143203375774_186">
		<MACROCLASSID>1</MACROCLASSID>
		<MACROCLASSINFO>waterbody</MACROCLASSINFO>
		<CLASSID>1</CLASSID>
		<CLASSINFO>C 1</CLASSINFO>
		<VALUES>[0.0950704739425083, 0.0029123763155281465, 0.08876702083065395, 0.0029739657118052795, 0.06647727488186415, 0.003931761905344627, 0.040326364075428604, 0.0056338853106807875, 0.007820044871046056, 0.006145789144114699, 0.005488378808377932, 0.005294821483404345]</VALUES>
		<LCS_MIN>[0.08494044095277786, 0.07313937693834305, 0.05532238259911537, 0.03398090600967407, 0.0, 0.0]</LCS_MIN>
		<LCS_MAX>[0.11990545690059662, 0.11137956380844116, 0.11099835485219955, 0.12556084990501404, 0.09652144461870193, 0.09047152101993561]</LCS_MAX>
		<WAVELENGTH>[0.485, 0.56, 0.66, 0.83, 1.65, 2.215]</WAVELENGTH>
		<MEAN_VALUE>[0.0950704739425083, 0.08876702083065395, 0.06647727488186415, 0.040326364075428604, 0.007820044871046056, 0.005488378808377932]</MEAN_VALUE>
		<CHECKBOX>2</CHECKBOX>
		<SD>[0.0029123763155281465, 0.0029739657118052795, 0.003931761905344627, 0.0056338853106807875, 0.006145789144114699, 0.005294821483404345]</SD>
		<WAVELENGTH_UNIT>E-6m</WAVELENGTH_UNIT>
		<COLOR>#308a5c</COLOR>
		<COVARIANCE_MATRIX>[[7.54317290487604e-06, 4.2132664889655315e-06, 5.782551587716443e-06, 3.826396355782738e-06, 3.442810553644563e-06, 2.626672429991756e-06], [4.2132664889655315e-06, 7.6852522521048e-06, 6.8288396610844606e-06, 3.737531508772465e-06, 3.601154229304648e-06, 3.112833844559244e-06], [5.782551587716443e-06, 6.8288396610844606e-06, 1.4187464182338022e-05, 7.866237617947827e-06, 7.69456921952093e-06, 6.2422492451445055e-06], [3.826396355782738e-06, 3.737531508772465e-06, 7.866237617947827e-06, 3.177441742108502e-05, 2.8828305211150697e-05, 2.1271834130753886e-05], [3.442810553644563e-06, 3.601154229304648e-06, 7.69456921952093e-06, 2.8828305211150697e-05, 3.68413953493648e-05, 2.5212202100932708e-05], [2.626672429991756e-06, 3.112833844559244e-06, 6.2422492451445055e-06, 2.1271834130753886e-05, 2.5212202100932708e-05, 2.653195489190252e-05]]</COVARIANCE_MATRIX>
		<ROI_SIZE>9290</ROI_SIZE>
		<MAX_VALUE>[0.11990545690059662, 0.11137956380844116, 0.11099835485219955, 0.12556084990501404, 0.09652144461870193, 0.09047152101993561]</MAX_VALUE>
		<MIN_VALUE>[0.08494044095277786, 0.07313937693834305, 0.05532238259911537, 0.03398090600967407, 0.0, 0.0]</MIN_VALUE>
		<SIGNATURE_THRESHOLD_MD>0</SIGNATURE_THRESHOLD_MD>
		<SIGNATURE_THRESHOLD_ML>0</SIGNATURE_THRESHOLD_ML>
		<SIGNATURE_THRESHOLD_SAM>0</SIGNATURE_THRESHOLD_SAM>
	</signature>
	<signature ID="20200805_143215470447_924">
		<MACROCLASSID>1</MACROCLASSID>
		<MACROCLASSINFO>waterbody</MACROCLASSINFO>
		<CLASSID>2</CLASSID>
		<CLASSINFO>C 1</CLASSINFO>
		<VALUES>[0.09696984226674084, 0.0022020590159643086, 0.1033368893050272, 0.004056668415478295, 0.09516178889216213, 0.007765858288129314, 0.05799946772002552, 0.01025891296879009, 0.006900101573021252, 0.006973897341632701, 0.004734414568369433, 0.0051666129322872475]</VALUES>
		<LCS_MIN>[0.08660542964935303, 0.08009213954210281, 0.06704363971948624, 0.037644099444150925, 0.0, 0.0]</LCS_MIN>
		<LCS_MAX>[0.10492045432329178, 0.11137956380844116, 0.11392868310213089, 0.14754004776477814, 0.09652144461870193, 0.073536716401577]</LCS_MAX>
		<WAVELENGTH>[0.485, 0.56, 0.66, 0.83, 1.65, 2.215]</WAVELENGTH>
		<MEAN_VALUE>[0.09696984226674084, 0.1033368893050272, 0.09516178889216213, 0.05799946772002552, 0.006900101573021252, 0.004734414568369433]</MEAN_VALUE>
		<CHECKBOX>2</CHECKBOX>
		<SD>[0.0022020590159643086, 0.004056668415478295, 0.007765858288129314, 0.01025891296879009, 0.006973897341632701, 0.0051666129322872475]</SD>
		<WAVELENGTH_UNIT>E-6m</WAVELENGTH_UNIT>
		<COLOR>#4dcb97</COLOR>
		<COVARIANCE_MATRIX>[[4.7637200293995585e-06, 2.174025446848724e-06, 3.5243482116971042e-06, 1.9248188327195218e-06, -5.978515123061592e-07, -3.694946287813009e-07], [2.174025446848724e-06, 1.5301845845434037e-05, 2.2166512839458695e-05, 1.3784535563005523e-05, -3.3409027327991673e-06, -2.387656136092274e-06], [3.5243482116971042e-06, 2.2166512839458695e-05, 5.7051357648705166e-05, 4.549941665186642e-05, -5.683039931422498e-07, -5.961327155765024e-07], [1.9248188327195218e-06, 1.3784535563005523e-05, 4.549941665186642e-05, 9.237654247630465e-05, 3.7076207136563105e-05, 2.471055118332736e-05], [-5.978515123061592e-07, -3.3409027327991673e-06, -5.683039931422498e-07, 3.7076207136563105e-05, 3.7460929991654646e-05, 2.3382131057845858e-05], [-3.694946287813009e-07, -2.387656136092274e-06, -5.961327155765024e-07, 2.471055118332736e-05, 2.3382131057845858e-05, 2.301621591449633e-05]]</COVARIANCE_MATRIX>
		<ROI_SIZE>8508</ROI_SIZE>
		<MAX_VALUE>[0.10492045432329178, 0.11137956380844116, 0.11392868310213089, 0.14754004776477814, 0.09652144461870193, 0.073536716401577]</MAX_VALUE>
		<MIN_VALUE>[0.08660542964935303, 0.08009213954210281, 0.06704363971948624, 0.037644099444150925, 0.0, 0.0]</MIN_VALUE>
		<SIGNATURE_THRESHOLD_MD>0</SIGNATURE_THRESHOLD_MD>
		<SIGNATURE_THRESHOLD_ML>0</SIGNATURE_THRESHOLD_ML>
		<SIGNATURE_THRESHOLD_SAM>0</SIGNATURE_THRESHOLD_SAM>
	</signature>
	<signature ID="20200805_143232607258_395">
		<MACROCLASSID>1</MACROCLASSID>
		<MACROCLASSINFO>waterbody</MACROCLASSINFO>
		<CLASSID>3</CLASSID>
		<CLASSINFO>C 1</CLASSINFO>
		<VALUES>[0.09057207574898538, 0.0034362459856559927, 0.09167056509547597, 0.008397411556955694, 0.06969584882030486, 0.016256728888095533, 0.0469454788714208, 0.0166301034608787, 0.00916599431910056, 0.011450919994691224, 0.006010659565535308, 0.008920359193697798]</VALUES>
		<LCS_MIN>[0.07661542296409607, 0.06966301053762436, 0.04946175590157509, 0.030317705124616623, 0.0, 0.0]</LCS_MIN>
		<LCS_MAX>[0.10991546511650085, 0.12180870026350021, 0.13151055574417114, 0.12556084990501404, 0.09416298568248749, 0.083697609603405]</LCS_MAX>
		<WAVELENGTH>[0.485, 0.56, 0.66, 0.83, 1.65, 2.215]</WAVELENGTH>
		<MEAN_VALUE>[0.09057207574898538, 0.09167056509547597, 0.06969584882030486, 0.0469454788714208, 0.00916599431910056, 0.006010659565535308]</MEAN_VALUE>
		<CHECKBOX>2</CHECKBOX>
		<SD>[0.0034362459856559927, 0.008397411556955694, 0.016256728888095533, 0.0166301034608787, 0.011450919994691224, 0.008920359193697798]</SD>
		<WAVELENGTH_UNIT>E-6m</WAVELENGTH_UNIT>
		<COLOR>#40e0ed</COLOR>
		<COVARIANCE_MATRIX>[[1.109711832390641e-05, 2.0951017237174548e-05, 4.099754848244995e-05, 2.8153739165279734e-05, 4.764971788039987e-06, 3.476284926850361e-06], [2.0951017237174548e-05, 6.830984604072611e-05, 0.0001227886663548299, 6.112461450677514e-05, -6.753519201253107e-06, -4.761894517750851e-06], [4.099754848244995e-05, 0.0001227886663548299, 0.0002512425560167096, 0.00016012806775180544, 1.791713467156776e-05, 1.381706409074451e-05], [2.8153739165279734e-05, 6.112461450677514e-05, 0.00016012806775180544, 0.00024232881262272214, 0.000124744567335967, 9.083162377643327e-05], [4.764971788039987e-06, -6.753519201253107e-06, 1.791713467156776e-05, 0.000124744567335967, 0.00011673266625360164, 8.32204264623105e-05], [3.476284926850361e-06, -4.761894517750851e-06, 1.381706409074451e-05, 9.083162377643327e-05, 8.32204264623105e-05, 6.8886711727674e-05]]</COVARIANCE_MATRIX>
		<ROI_SIZE>8402</ROI_SIZE>
		<MAX_VALUE>[0.10991546511650085, 0.12180870026350021, 0.13151055574417114, 0.12556084990501404, 0.09416298568248749, 0.083697609603405]</MAX_VALUE>
		<MIN_VALUE>[0.07661542296409607, 0.06966301053762436, 0.04946175590157509, 0.030317705124616623, 0.0, 0.0]</MIN_VALUE>
		<SIGNATURE_THRESHOLD_MD>0</SIGNATURE_THRESHOLD_MD>
		<SIGNATURE_THRESHOLD_ML>0</SIGNATURE_THRESHOLD_ML>
		<SIGNATURE_THRESHOLD_SAM>0</SIGNATURE_THRESHOLD_SAM>
	</signature>
	<signature ID="20200805_143256134208_150">
		<MACROCLASSID>1</MACROCLASSID>
		<MACROCLASSINFO>waterbody</MACROCLASSINFO>
		<CLASSID>4</CLASSID>
		<CLASSINFO>C 1</CLASSINFO>
		<VALUES>[0.09124338850337793, 0.0023707055516101446, 0.08858782249463164, 0.004120821011302034, 0.06419197726926737, 0.004260115005710891, 0.041869855445140235, 0.018315357452444534, 0.01094025727871684, 0.015498140300724795, 0.007456404419706589, 0.0107251129534829]</VALUES>
		<LCS_MIN>[0.07828042656183243, 0.06618662178516388, 0.04946175590157509, 0.02665451169013977, 0.0, 0.0]</LCS_MIN>
		<LCS_MAX>[0.0999254435300827, 0.10095041990280151, 0.08755584061145782, 0.1292240470647812, 0.09652144461870193, 0.0769236832857132]</LCS_MAX>
		<WAVELENGTH>[0.485, 0.56, 0.66, 0.83, 1.65, 2.215]</WAVELENGTH>
		<MEAN_VALUE>[0.09124338850337793, 0.08858782249463164, 0.06419197726926737, 0.041869855445140235, 0.01094025727871684, 0.007456404419706589]</MEAN_VALUE>
		<CHECKBOX>2</CHECKBOX>
		<SD>[0.0023707055516101446, 0.004120821011302034, 0.004260115005710891, 0.018315357452444534, 0.015498140300724795, 0.0107251129534829]</SD>
		<WAVELENGTH_UNIT>E-6m</WAVELENGTH_UNIT>
		<COLOR>#ed67ee</COLOR>
		<COVARIANCE_MATRIX>[[6.151672242404583e-06, 5.868219845396691e-06, 4.7635175652159785e-06, -9.925035340171757e-06, -7.791120501260488e-06, -4.9558420602579475e-06], [5.868219845396691e-06, 1.7334419660893256e-05, 9.73158337450596e-06, -3.1931947888272075e-05, -2.6721391471996374e-05, -1.6735390032103025e-05], [4.7635175652159785e-06, 9.73158337450596e-06, 1.606339003730366e-05, 1.6930503116286566e-05, 1.2272669255012807e-05, 8.611822132811896e-06], [-9.925035340171757e-06, -3.1931947888272075e-05, 1.6930503116286566e-05, 0.00039409441398029086, 0.00029914755369004194, 0.00019024381346561956], [-7.791120501260488e-06, -2.6721391471996374e-05, 1.2272669255012807e-05, 0.00029914755369004194, 0.0002483310268688764, 0.00015787723402000163], [-4.9558420602579475e-06, -1.6735390032103025e-05, 8.611822132811896e-06, 0.00019024381346561956, 0.00015787723402000163, 0.00010994605061323881]]</COVARIANCE_MATRIX>
		<ROI_SIZE>6456</ROI_SIZE>
		<MAX_VALUE>[0.0999254435300827, 0.10095041990280151, 0.08755584061145782, 0.1292240470647812, 0.09652144461870193, 0.0769236832857132]</MAX_VALUE>
		<MIN_VALUE>[0.07828042656183243, 0.06618662178516388, 0.04946175590157509, 0.02665451169013977, 0.0, 0.0]</MIN_VALUE>
		<SIGNATURE_THRESHOLD_MD>0</SIGNATURE_THRESHOLD_MD>
		<SIGNATURE_THRESHOLD_ML>0</SIGNATURE_THRESHOLD_ML>
		<SIGNATURE_THRESHOLD_SAM>0</SIGNATURE_THRESHOLD_SAM>
	</signature>
	<signature ID="20200805_143414003847_976">
		<MACROCLASSID>1</MACROCLASSID>
		<MACROCLASSINFO>waterbody</MACROCLASSINFO>
		<CLASSID>5</CLASSID>
		<CLASSINFO>C 1</CLASSINFO>
		<VALUES>[0.0930673141543219, 0.002765568039284893, 0.09625140605295249, 0.006521411381418035, 0.08596352299241904, 0.01716461897982043, 0.052224090049664225, 0.015203603219504893, 0.005673696234494262, 0.003803798020984605, 0.003972053366988518, 0.0033634643437921224]</VALUES>
		<LCS_MIN>[0.07994542270898819, 0.07313937693834305, 0.05825269967317581, 0.030317705124616623, 0.0, 0.0]</LCS_MIN>
		<LCS_MAX>[0.10325545817613602, 0.11485593765974045, 0.12564992904663086, 0.11090805381536484, 0.0493522584438324, 0.03289320319890976]</LCS_MAX>
		<WAVELENGTH>[0.485, 0.56, 0.66, 0.83, 1.65, 2.215]</WAVELENGTH>
		<MEAN_VALUE>[0.0930673141543219, 0.09625140605295249, 0.08596352299241904, 0.052224090049664225, 0.005673696234494262, 0.003972053366988518]</MEAN_VALUE>
		<CHECKBOX>2</CHECKBOX>
		<SD>[0.002765568039284893, 0.006521411381418035, 0.01716461897982043, 0.015203603219504893, 0.003803798020984605, 0.0033634643437921224]</SD>
		<WAVELENGTH_UNIT>E-6m</WAVELENGTH_UNIT>
		<COLOR>#bc7f1a</COLOR>
		<COVARIANCE_MATRIX>[[6.930323096463983e-06, 1.0579251548722556e-05, 2.7080263582616052e-05, 2.0308445937073766e-05, -9.62166954695319e-07, -6.598460216876316e-07], [1.0579251548722556e-05, 3.6609756978502336e-05, 8.53410490777803e-05, 6.455162033070628e-05, -2.701477777118739e-06, -1.7921837102030306e-06], [2.7080263582616052e-05, 8.53410490777803e-05, 0.00023863984490963178, 0.000197710983931216, 6.642838278057376e-06, 4.288421280776325e-06], [2.0308445937073766e-05, 6.455162033070628e-05, 0.000197710983931216, 0.00021464083006769654, 3.574748667559303e-05, 2.2698918756587155e-05], [-9.62166954695319e-07, -2.701477777118739e-06, 6.642838278057376e-06, 3.574748667559303e-05, 2.802383619931826e-05, 1.619062140505928e-05], [-6.598460216876316e-07, -1.7921837102030306e-06, 4.288421280776325e-06, 2.2698918756587155e-05, 1.619062140505928e-05, 1.6857766766581023e-05]]</COVARIANCE_MATRIX>
		<ROI_SIZE>6339</ROI_SIZE>
		<MAX_VALUE>[0.10325545817613602, 0.11485593765974045, 0.12564992904663086, 0.11090805381536484, 0.0493522584438324, 0.03289320319890976]</MAX_VALUE>
		<MIN_VALUE>[0.07994542270898819, 0.07313937693834305, 0.05825269967317581, 0.030317705124616623, 0.0, 0.0]</MIN_VALUE>
		<SIGNATURE_THRESHOLD_MD>0</SIGNATURE_THRESHOLD_MD>
		<SIGNATURE_THRESHOLD_ML>0</SIGNATURE_THRESHOLD_ML>
		<SIGNATURE_THRESHOLD_SAM>0</SIGNATURE_THRESHOLD_SAM>
	</signature>
	<signature ID="20200805_143435737702_337">
		<MACROCLASSID>1</MACROCLASSID>
		<MACROCLASSINFO>waterbody</MACROCLASSINFO>
		<CLASSID>6</CLASSID>
		<CLASSINFO>C 1</CLASSINFO>
		<VALUES>[0.08190398968844723, 0.002804271362478226, 0.05843172840140081, 0.0024877606270668888, 0.036102928322603756, 0.0031360544019631287, 0.02801645052754569, 0.005159833349515715, 0.00804229284361455, 0.005482903508705947, 0.005612002225537758, 0.004323618289845826]</VALUES>
		<LCS_MIN>[0.07328542321920395, 0.04880473390221596, 0.028949543833732605, 0.01932811364531517, 0.0, 0.0]</LCS_MIN>
		<LCS_MAX>[0.0916004329919815, 0.0835685208439827, 0.07583458721637726, 0.09625527262687683, 0.07765376567840576, 0.05998888239264488]</LCS_MAX>
		<WAVELENGTH>[0.485, 0.56, 0.66, 0.83, 1.65, 2.215]</WAVELENGTH>
		<MEAN_VALUE>[0.08190398968844723, 0.05843172840140081, 0.036102928322603756, 0.02801645052754569, 0.00804229284361455, 0.005612002225537758]</MEAN_VALUE>
		<CHECKBOX>2</CHECKBOX>
		<SD>[0.002804271362478226, 0.0024877606270668888, 0.0031360544019631287, 0.005159833349515715, 0.005482903508705947, 0.004323618289845826]</SD>
		<WAVELENGTH_UNIT>E-6m</WAVELENGTH_UNIT>
		<COLOR>#382635</COLOR>
		<COVARIANCE_MATRIX>[[7.407347809716828e-06, 2.998080315076478e-06, 3.414281006646548e-06, 3.7348100746043336e-06, 2.840985209113782e-06, 1.7699277407924989e-06], [2.998080315076478e-06, 5.845018974978397e-06, 4.040344860315624e-06, 5.899684873957611e-06, 5.2493202211472375e-06, 3.5885506561823327e-06], [3.414281006646548e-06, 4.040344860315624e-06, 9.017368603037413e-06, 1.1409155285032495e-05, 1.147314887200343e-05, 7.913525059535325e-06], [3.7348100746043336e-06, 5.899684873957611e-06, 1.1409155285032495e-05, 2.5502665893890346e-05, 2.3376170817955068e-05, 1.618614772723116e-05], [2.840985209113782e-06, 5.2493202211472375e-06, 1.147314887200343e-05, 2.3376170817955068e-05, 3.15219714061526e-05, 1.9739311284720865e-05], [1.7699277407924989e-06, 3.5885506561823327e-06, 7.913525059535325e-06, 1.618614772723116e-05, 1.9739311284720865e-05, 2.0969117727651367e-05]]</COVARIANCE_MATRIX>
		<ROI_SIZE>8882</ROI_SIZE>
		<MAX_VALUE>[0.0916004329919815, 0.0835685208439827, 0.07583458721637726, 0.09625527262687683, 0.07765376567840576, 0.05998888239264488]</MAX_VALUE>
		<MIN_VALUE>[0.07328542321920395, 0.04880473390221596, 0.028949543833732605, 0.01932811364531517, 0.0, 0.0]</MIN_VALUE>
		<SIGNATURE_THRESHOLD_MD>0</SIGNATURE_THRESHOLD_MD>
		<SIGNATURE_THRESHOLD_ML>0</SIGNATURE_THRESHOLD_ML>
		<SIGNATURE_THRESHOLD_SAM>0</SIGNATURE_THRESHOLD_SAM>
	</signature>
	<signature ID="20200805_143443744026_391">
		<MACROCLASSID>1</MACROCLASSID>
		<MACROCLASSINFO>waterbody</MACROCLASSINFO>
		<CLASSID>7</CLASSID>
		<CLASSINFO>C 1</CLASSINFO>
		<VALUES>[0.0858983966862576, 0.003230251015660691, 0.07759809709816382, 0.0054300272201045115, 0.05749596894266937, 0.005985819854665154, 0.04827715139222011, 0.017596814293082776, 0.01734274331029957, 0.014211387003566422, 0.01130433599727763, 0.010459842639883052]</VALUES>
		<LCS_MIN>[0.07661542296409607, 0.05923387035727501, 0.04360112175345421, 0.02665451169013977, 0.0021830694749951363, 0.0]</LCS_MIN>
		<LCS_MAX>[0.10159045457839966, 0.104426808655262, 0.08462554216384888, 0.10358165949583054, 0.07529531419277191, 0.05660191923379898]</LCS_MAX>
		<WAVELENGTH>[0.485, 0.56, 0.66, 0.83, 1.65, 2.215]</WAVELENGTH>
		<MEAN_VALUE>[0.0858983966862576, 0.07759809709816382, 0.05749596894266937, 0.04827715139222011, 0.01734274331029957, 0.01130433599727763]</MEAN_VALUE>
		<CHECKBOX>2</CHECKBOX>
		<SD>[0.003230251015660691, 0.0054300272201045115, 0.005985819854665154, 0.017596814293082776, 0.014211387003566422, 0.010459842639883052]</SD>
		<WAVELENGTH_UNIT>E-6m</WAVELENGTH_UNIT>
		<COLOR>#aa03eb</COLOR>
		<COVARIANCE_MATRIX>[[1.044271842042523e-05, 1.3076247171624458e-05, 1.4783694631171931e-05, 1.2128228150468014e-05, 1.5758038925556626e-05, 1.1925831766124214e-05], [1.3076247171624458e-05, 2.9508357587203777e-05, 2.6279180011345128e-05, 1.5235990804668959e-05, 2.2954332064855303e-05, 1.7059511471168543e-05], [1.4783694631171931e-05, 2.6279180011345128e-05, 3.58581854749486e-05, 4.905895636220582e-05, 5.0118485782859255e-05, 3.6737680324181584e-05], [1.2128228150468014e-05, 1.5235990804668959e-05, 4.905895636220582e-05, 0.00030989111589938635, 0.000209255474741027, 0.00014246886746121249], [1.5758038925556626e-05, 2.2954332064855303e-05, 5.0118485782859255e-05, 0.000209255474741027, 0.0002021221721916608, 0.0001394436223594624], [1.1925831766124214e-05, 1.7059511471168543e-05, 3.6737680324181584e-05, 0.00014246886746121249, 0.0001394436223594624, 0.0001094942533048872]]</COVARIANCE_MATRIX>
		<ROI_SIZE>1274</ROI_SIZE>
		<MAX_VALUE>[0.10159045457839966, 0.104426808655262, 0.08462554216384888, 0.10358165949583054, 0.07529531419277191, 0.05660191923379898]</MAX_VALUE>
		<MIN_VALUE>[0.07661542296409607, 0.05923387035727501, 0.04360112175345421, 0.02665451169013977, 0.0021830694749951363, 0.0]</MIN_VALUE>
		<SIGNATURE_THRESHOLD_MD>0</SIGNATURE_THRESHOLD_MD>
		<SIGNATURE_THRESHOLD_ML>0</SIGNATURE_THRESHOLD_ML>
		<SIGNATURE_THRESHOLD_SAM>0</SIGNATURE_THRESHOLD_SAM>
	</signature>
	<signature ID="20200805_143503670399_932">
		<MACROCLASSID>1</MACROCLASSID>
		<MACROCLASSINFO>waterbody</MACROCLASSINFO>
		<CLASSID>8</CLASSID>
		<CLASSINFO>C 1</CLASSINFO>
		<VALUES>[0.08813621282520313, 0.0027897199672893306, 0.0823274326087073, 0.00395869753658311, 0.05835393764035715, 0.006287156221537253, 0.0349160394168346, 0.009670691292482091, 0.011913748680579966, 0.010443854777925355, 0.007819007098989387, 0.008293334590527142]</VALUES>
		<LCS_MIN>[0.07994542270898819, 0.0627102330327034, 0.04946175590157509, 0.02299131080508232, 0.0, 0.0]</LCS_MIN>
		<LCS_MAX>[0.10159045457839966, 0.10095041990280151, 0.09634678810834885, 0.09991845488548279, 0.07529531419277191, 0.06676279008388519]</LCS_MAX>
		<WAVELENGTH>[0.485, 0.56, 0.66, 0.83, 1.65, 2.215]</WAVELENGTH>
		<MEAN_VALUE>[0.08813621282520313, 0.0823274326087073, 0.05835393764035715, 0.0349160394168346, 0.011913748680579966, 0.007819007098989387]</MEAN_VALUE>
		<CHECKBOX>2</CHECKBOX>
		<SD>[0.0027897199672893306, 0.00395869753658311, 0.006287156221537253, 0.009670691292482091, 0.010443854777925355, 0.008293334590527142]</SD>
		<WAVELENGTH_UNIT>E-6m</WAVELENGTH_UNIT>
		<COLOR>#8c4e7b</COLOR>
		<COVARIANCE_MATRIX>[[7.790013516542025e-06, 7.144933388200451e-06, 1.2171209011588015e-05, 8.31067424717297e-06, 8.119610388598343e-06, 6.565875591902833e-06], [7.144933388200451e-06, 1.5686340255492447e-05, 1.8004199801935155e-05, 8.844094733455591e-06, 1.0182242505497053e-05, 8.658013067484858e-06], [1.2171209011588015e-05, 1.8004199801935155e-05, 3.956630485579555e-05, 3.9037565691102426e-05, 4.0645083949710574e-05, 3.184130241586236e-05], [8.31067424717297e-06, 8.844094733455591e-06, 3.9037565691102426e-05, 9.361210895064143e-05, 8.861402257801219e-05, 6.490396174251614e-05], [8.119610388598343e-06, 1.0182242505497053e-05, 4.0645083949710574e-05, 8.861402257801219e-05, 0.00010917888081895748, 7.900505098806415e-05], [6.565875591902833e-06, 8.658013067484858e-06, 3.184130241586236e-05, 6.490396174251614e-05, 7.900505098806415e-05, 6.884546913824404e-05]]</COVARIANCE_MATRIX>
		<ROI_SIZE>1042</ROI_SIZE>
		<MAX_VALUE>[0.10159045457839966, 0.10095041990280151, 0.09634678810834885, 0.09991845488548279, 0.07529531419277191, 0.06676279008388519]</MAX_VALUE>
		<MIN_VALUE>[0.07994542270898819, 0.0627102330327034, 0.04946175590157509, 0.02299131080508232, 0.0, 0.0]</MIN_VALUE>
		<SIGNATURE_THRESHOLD_MD>0</SIGNATURE_THRESHOLD_MD>
		<SIGNATURE_THRESHOLD_ML>0</SIGNATURE_THRESHOLD_ML>
		<SIGNATURE_THRESHOLD_SAM>0</SIGNATURE_THRESHOLD_SAM>
	</signature>
	<signature ID="20200805_143521655847_935">
		<MACROCLASSID>1</MACROCLASSID>
		<MACROCLASSINFO>waterbody</MACROCLASSINFO>
		<CLASSID>9</CLASSID>
		<CLASSINFO>C 1</CLASSINFO>
		<VALUES>[0.09314880439926523, 0.0035580690917843025, 0.08668844011531875, 0.007105183354200886, 0.05584299840449077, 0.012156412563132454, 0.033966028104124905, 0.009205277826545864, 0.01490216795071429, 0.011628098370843713, 0.010200156064392039, 0.0099536839370275]</VALUES>
		<LCS_MIN>[0.08494044095277786, 0.07661575824022293, 0.04360112175345421, 0.02299131080508232, 0.0, 0.0]</LCS_MIN>
		<LCS_MAX>[0.10991546511650085, 0.13571421802043915, 0.11392868310213089, 0.09259207546710968, 0.07765376567840576, 0.073536716401577]</LCS_MAX>
		<WAVELENGTH>[0.485, 0.56, 0.66, 0.83, 1.65, 2.215]</WAVELENGTH>
		<MEAN_VALUE>[0.09314880439926523, 0.08668844011531875, 0.05584299840449077, 0.033966028104124905, 0.01490216795071429, 0.010200156064392039]</MEAN_VALUE>
		<CHECKBOX>2</CHECKBOX>
		<SD>[0.0035580690917843025, 0.007105183354200886, 0.012156412563132454, 0.009205277826545864, 0.011628098370843713, 0.0099536839370275]</SD>
		<WAVELENGTH_UNIT>E-6m</WAVELENGTH_UNIT>
		<COLOR>#28bab8</COLOR>
		<COVARIANCE_MATRIX>[[1.2672721368884194e-05, 1.956408245097509e-05, 2.6210933049756054e-05, 6.438410828772934e-06, 1.7004966384350543e-06, 3.399242945358951e-06], [1.956408245097509e-05, 5.0534934999350846e-05, 7.302615722971306e-05, 2.4816942916794816e-05, 1.8569310191562304e-05, 1.9835428997021706e-05], [2.6210933049756054e-05, 7.302615722971306e-05, 0.00014792854767175625, 7.574799600885766e-05, 7.609914171143164e-05, 6.773289165027516e-05], [6.438410828772934e-06, 2.4816942916794816e-05, 7.574799600885766e-05, 8.482325484343342e-05, 9.07542789150495e-05, 7.266808546389538e-05], [1.7004966384350543e-06, 1.8569310191562304e-05, 7.609914171143164e-05, 9.07542789150495e-05, 0.00013535008297376814, 0.0001051622075090436], [3.399242945358951e-06, 1.9835428997021706e-05, 6.773289165027516e-05, 7.266808546389538e-05, 0.0001051622075090436, 9.917651073116428e-05]]</COVARIANCE_MATRIX>
		<ROI_SIZE>985</ROI_SIZE>
		<MAX_VALUE>[0.10991546511650085, 0.13571421802043915, 0.11392868310213089, 0.09259207546710968, 0.07765376567840576, 0.073536716401577]</MAX_VALUE>
		<MIN_VALUE>[0.08494044095277786, 0.07661575824022293, 0.04360112175345421, 0.02299131080508232, 0.0, 0.0]</MIN_VALUE>
		<SIGNATURE_THRESHOLD_MD>0</SIGNATURE_THRESHOLD_MD>
		<SIGNATURE_THRESHOLD_ML>0</SIGNATURE_THRESHOLD_ML>
		<SIGNATURE_THRESHOLD_SAM>0</SIGNATURE_THRESHOLD_SAM>
	</signature>
	<signature ID="20200805_143533215633_939">
		<MACROCLASSID>1</MACROCLASSID>
		<MACROCLASSINFO>waterbody</MACROCLASSINFO>
		<CLASSID>10</CLASSID>
		<CLASSINFO>C 1</CLASSINFO>
		<VALUES>[0.08907003530752863, 0.002458428572915973, 0.08482584656177157, 0.004431367882009176, 0.05488546875244142, 0.009103531566579365, 0.03333161898671151, 0.010042701677980744, 0.016434096384369674, 0.01131489361780223, 0.012043313779951815, 0.00917107559109936]</VALUES>
		<LCS_MIN>[0.07828042656183243, 0.0627102330327034, 0.04360112175345421, 0.01566491648554802, 0.0021830694749951363, 0.0]</LCS_MIN>
		<LCS_MAX>[0.0999254435300827, 0.104426808655262, 0.10513772815465927, 0.09991845488548279, 0.07765376567840576, 0.073536716401577]</LCS_MAX>
		<WAVELENGTH>[0.485, 0.56, 0.66, 0.83, 1.65, 2.215]</WAVELENGTH>
		<MEAN_VALUE>[0.08907003530752863, 0.08482584656177157, 0.05488546875244142, 0.03333161898671151, 0.016434096384369674, 0.012043313779951815]</MEAN_VALUE>
		<CHECKBOX>2</CHECKBOX>
		<SD>[0.002458428572915973, 0.004431367882009176, 0.009103531566579365, 0.010042701677980744, 0.01131489361780223, 0.00917107559109936]</SD>
		<WAVELENGTH_UNIT>E-6m</WAVELENGTH_UNIT>
		<COLOR>#7156fa</COLOR>
		<COVARIANCE_MATRIX>[[5.8611923294956e-06, 4.629240649653006e-06, -1.7521042908184886e-06, -2.8309078036217712e-06, -3.2301316198659584e-06, -2.069038603183841e-06], [4.629240649653006e-06, 1.7991163384542353e-05, 1.2767031625318477e-05, 3.612568580965895e-06, 3.0875153798793867e-06, 3.1426372041955092e-06], [-1.7521042908184886e-06, 1.2767031625318477e-05, 6.88736587824047e-05, 6.206796833313026e-05, 6.574435937158646e-05, 5.017228575189894e-05], [-2.8309078036217712e-06, 3.612568580965895e-06, 6.206796833313026e-05, 9.74853837643098e-05, 9.221972390571369e-05, 6.794654424473542e-05], [-3.2301316198659584e-06, 3.0875153798793867e-06, 6.574435937158646e-05, 9.221972390571369e-05, 0.00011857920431618247, 8.554325676279147e-05], [-2.069038603183841e-06, 3.1426372041955092e-06, 5.017228575189894e-05, 6.794654424473542e-05, 8.554325676279147e-05, 7.45901119458363e-05]]</COVARIANCE_MATRIX>
		<ROI_SIZE>3592</ROI_SIZE>
		<MAX_VALUE>[0.0999254435300827, 0.104426808655262, 0.10513772815465927, 0.09991845488548279, 0.07765376567840576, 0.073536716401577]</MAX_VALUE>
		<MIN_VALUE>[0.07828042656183243, 0.0627102330327034, 0.04360112175345421, 0.01566491648554802, 0.0021830694749951363, 0.0]</MIN_VALUE>
		<SIGNATURE_THRESHOLD_MD>0</SIGNATURE_THRESHOLD_MD>
		<SIGNATURE_THRESHOLD_ML>0</SIGNATURE_THRESHOLD_ML>
		<SIGNATURE_THRESHOLD_SAM>0</SIGNATURE_THRESHOLD_SAM>
	</signature>
	<signature ID="20200805_143548044246_446">
		<MACROCLASSID>1</MACROCLASSID>
		<MACROCLASSINFO>waterbody</MACROCLASSINFO>
		<CLASSID>11</CLASSID>
		<CLASSINFO>C 1</CLASSINFO>
		<VALUES>[0.10001131295823724, 0.00738568976730087, 0.10727961713890853, 0.015884486779746906, 0.08846253281116755, 0.01262687948529116, 0.05441596252935618, 0.01975340928885562, 0.023340853943902944, 0.01698329677559464, 0.016402215023437364, 0.013085582320825547]</VALUES>
		<LCS_MIN>[0.07994542270898819, 0.06966301053762436, 0.05532238259911537, 0.02665451169013977, 0.0, 0.0]</LCS_MIN>
		<LCS_MAX>[0.11324545741081238, 0.13223783671855927, 0.11392868310213089, 0.10724486410617828, 0.0847291648387909, 0.07014975696802139]</LCS_MAX>
		<WAVELENGTH>[0.485, 0.56, 0.66, 0.83, 1.65, 2.215]</WAVELENGTH>
		<MEAN_VALUE>[0.10001131295823724, 0.10727961713890853, 0.08846253281116755, 0.05441596252935618, 0.023340853943902944, 0.016402215023437364]</MEAN_VALUE>
		<CHECKBOX>2</CHECKBOX>
		<SD>[0.00738568976730087, 0.015884486779746906, 0.01262687948529116, 0.01975340928885562, 0.01698329677559464, 0.013085582320825547]</SD>
		<WAVELENGTH_UNIT>E-6m</WAVELENGTH_UNIT>
		<COLOR>#f1ba55</COLOR>
		<COVARIANCE_MATRIX>[[5.467099404294496e-05, 0.00010299222905516263, 7.174712918043858e-05, -8.341974715569516e-05, -1.728854970497357e-05, -1.4892387017332896e-05], [0.00010299222905516263, 0.00025288392457113604, 0.0001725304578778987, -0.00015870323241279114, 2.8028726112694913e-06, 2.272059136195959e-06], [7.174712918043858e-05, 0.0001725304578778987, 0.00015979637336873214, -3.482816623184692e-05, 6.925582111021331e-05, 5.346720240855709e-05], [-8.341974715569516e-05, -0.00015870323241279114, -3.482816623184692e-05, 0.00039107402612525646, 0.00023727095076455274, 0.00017902534454002826], [-1.728854970497357e-05, 2.8028726112694913e-06, 6.925582111021331e-05, 0.00023727095076455274, 0.00028908053199571635, 0.00021196615752770104], [-1.4892387017332896e-05, 2.272059136195959e-06, 5.346720240855709e-05, 0.00017902534454002826, 0.00021196615752770104, 0.00017161725673055193]]</COVARIANCE_MATRIX>
		<ROI_SIZE>446</ROI_SIZE>
		<MAX_VALUE>[0.11324545741081238, 0.13223783671855927, 0.11392868310213089, 0.10724486410617828, 0.0847291648387909, 0.07014975696802139]</MAX_VALUE>
		<MIN_VALUE>[0.07994542270898819, 0.06966301053762436, 0.05532238259911537, 0.02665451169013977, 0.0, 0.0]</MIN_VALUE>
		<SIGNATURE_THRESHOLD_MD>0</SIGNATURE_THRESHOLD_MD>
		<SIGNATURE_THRESHOLD_ML>0</SIGNATURE_THRESHOLD_ML>
		<SIGNATURE_THRESHOLD_SAM>0</SIGNATURE_THRESHOLD_SAM>
	</signature>
	<signature ID="20200805_143603936869_298">
		<MACROCLASSID>1</MACROCLASSID>
		<MACROCLASSINFO>waterbody</MACROCLASSINFO>
		<CLASSID>12</CLASSID>
		<CLASSINFO>C 1</CLASSINFO>
		<VALUES>[0.09013261028418414, 0.0018706576543976376, 0.1067596377902909, 0.0034482790500342565, 0.08431707538272203, 0.008655972536203928, 0.039620301441142446, 0.01683352489565164, 0.023967787843981857, 0.01628545763203023, 0.01586927606503626, 0.012223885345236007]</VALUES>
		<LCS_MIN>[0.08494044095277786, 0.09747404605150223, 0.07583458721637726, 0.02665451169013977, 0.00689998734742403, 0.0024105682969093323]</LCS_MIN>
		<LCS_MAX>[0.09493044018745422, 0.11485593765974045, 0.11685898900032043, 0.09259207546710968, 0.0847291648387909, 0.05998888239264488]</LCS_MAX>
		<WAVELENGTH>[0.485, 0.56, 0.66, 0.83, 1.65, 2.215]</WAVELENGTH>
		<MEAN_VALUE>[0.09013261028418414, 0.1067596377902909, 0.08431707538272203, 0.039620301441142446, 0.023967787843981857, 0.01586927606503626]</MEAN_VALUE>
		<CHECKBOX>2</CHECKBOX>
		<SD>[0.0018706576543976376, 0.0034482790500342565, 0.008655972536203928, 0.01683352489565164, 0.01628545763203023, 0.012223885345236007]</SD>
		<WAVELENGTH_UNIT>E-6m</WAVELENGTH_UNIT>
		<COLOR>#4a7db4</COLOR>
		<COVARIANCE_MATRIX>[[3.546018194089228e-06, 1.5404664764274773e-06, -2.0851198619563e-06, 7.436734875317952e-07, 3.867593114492689e-06, 1.7471887295382444e-06], [1.5404664764274773e-06, 1.2049170118997275e-05, -1.271752339096124e-05, -2.436789799845568e-05, -2.4386696766053633e-05, -1.627340111387717e-05], [-2.0851198619563e-06, -1.271752339096124e-05, 7.592487202148342e-05, 0.00012384769153094092, 0.00011213324413145166, 8.466424292918695e-05], [7.436734875317952e-07, -2.436789799845568e-05, 0.00012384769153094092, 0.00028714579455135704, 0.0002503485676878945, 0.00017917162490790743], [3.867593114492689e-06, -2.4386696766053633e-05, 0.00011213324413145166, 0.0002503485676878945, 0.00026875234535511373, 0.0001905910501312186], [1.7471887295382444e-06, -1.627340111387717e-05, 8.466424292918695e-05, 0.00017917162490790743, 0.0001905910501312186, 0.00015141568457258862]]</COVARIANCE_MATRIX>
		<ROI_SIZE>76</ROI_SIZE>
		<MAX_VALUE>[0.09493044018745422, 0.11485593765974045, 0.11685898900032043, 0.09259207546710968, 0.0847291648387909, 0.05998888239264488]</MAX_VALUE>
		<MIN_VALUE>[0.08494044095277786, 0.09747404605150223, 0.07583458721637726, 0.02665451169013977, 0.00689998734742403, 0.0024105682969093323]</MIN_VALUE>
		<SIGNATURE_THRESHOLD_MD>0</SIGNATURE_THRESHOLD_MD>
		<SIGNATURE_THRESHOLD_ML>0</SIGNATURE_THRESHOLD_ML>
		<SIGNATURE_THRESHOLD_SAM>0</SIGNATURE_THRESHOLD_SAM>
	</signature>
	<signature ID="20200805_143737143223_204">
		<MACROCLASSID>1</MACROCLASSID>
		<MACROCLASSINFO>waterbody</MACROCLASSINFO>
		<CLASSID>13</CLASSID>
		<CLASSINFO>C 1</CLASSINFO>
		<VALUES>[0.1035492775194785, 0.002868861922383176, 0.10013245155706124, 0.0033787780378606324, 0.10578412244863371, 0.0043476835592762535, 0.08434987495488978, 0.016614068181398305, 0.04605735276880509, 0.017500808707529274, 0.03448706632480026, 0.014090711705953869]</VALUES>
		<LCS_MIN>[0.0999254435300827, 0.09399765729904175, 0.09634678810834885, 0.059623293578624725, 0.01869228482246399, 0.01257144846022129]</LCS_MIN>
		<LCS_MAX>[0.11158045381307602, 0.11137956380844116, 0.12271962314844131, 0.1292240470647812, 0.08708761632442474, 0.0769236832857132]</LCS_MAX>
		<WAVELENGTH>[0.485, 0.56, 0.66, 0.83, 1.65, 2.215]</WAVELENGTH>
		<MEAN_VALUE>[0.1035492775194785, 0.10013245155706124, 0.10578412244863371, 0.08434987495488978, 0.04605735276880509, 0.03448706632480026]</MEAN_VALUE>
		<CHECKBOX>2</CHECKBOX>
		<SD>[0.002868861922383176, 0.0033787780378606324, 0.0043476835592762535, 0.016614068181398305, 0.017500808707529274, 0.014090711705953869]</SD>
		<WAVELENGTH_UNIT>E-6m</WAVELENGTH_UNIT>
		<COLOR>#5022be</COLOR>
		<COVARIANCE_MATRIX>[[8.353210054024036e-06, 6.464064810495125e-06, 8.764175280772045e-06, 2.0391468961654278e-05, 1.938598447999735e-05, 1.7031774402404422e-05], [6.464064810495125e-06, 1.1586531193743255e-05, 1.2091900360224553e-05, 2.2808375275083397e-05, 2.2350837257592444e-05, 2.2411606716798322e-05], [8.764175280772045e-06, 1.2091900360224553e-05, 1.918447699326676e-05, 3.168228815473331e-05, 2.836161321930626e-05, 3.0506526086150774e-05], [2.0391468961654278e-05, 2.2808375275083397e-05, 3.168228815473331e-05, 0.0002801470714098257, 0.00025960422240757904, 0.00020499498724988992], [1.938598447999735e-05, 2.2350837257592444e-05, 2.836161321930626e-05, 0.00025960422240757904, 0.00031084962340883874, 0.00022815964972449965], [1.7031774402404422e-05, 2.2411606716798322e-05, 3.0506526086150774e-05, 0.00020499498724988992, 0.00022815964972449965, 0.00020151156169941422]]</COVARIANCE_MATRIX>
		<ROI_SIZE>68</ROI_SIZE>
		<MAX_VALUE>[0.11158045381307602, 0.11137956380844116, 0.12271962314844131, 0.1292240470647812, 0.08708761632442474, 0.0769236832857132]</MAX_VALUE>
		<MIN_VALUE>[0.0999254435300827, 0.09399765729904175, 0.09634678810834885, 0.059623293578624725, 0.01869228482246399, 0.01257144846022129]</MIN_VALUE>
		<SIGNATURE_THRESHOLD_MD>0</SIGNATURE_THRESHOLD_MD>
		<SIGNATURE_THRESHOLD_ML>0</SIGNATURE_THRESHOLD_ML>
		<SIGNATURE_THRESHOLD_SAM>0</SIGNATURE_THRESHOLD_SAM>
	</signature>
	<signature ID="20200805_143756816958_488">
		<MACROCLASSID>1</MACROCLASSID>
		<MACROCLASSINFO>waterbody</MACROCLASSINFO>
		<CLASSID>14</CLASSID>
		<CLASSINFO>C 1</CLASSINFO>
		<VALUES>[0.09621294305936712, 0.004245357907592619, 0.10602405848535329, 0.009075897664948134, 0.09020896688909144, 0.0134384832217666, 0.05704914999974741, 0.0213151411979812, 0.03705002441750588, 0.0237885490533702, 0.02680583032653541, 0.01803402564961039]</VALUES>
		<LCS_MIN>[0.08993544429540634, 0.08704490214586258, 0.07290427386760712, 0.030317705124616623, 0.009258447214961052, 0.0024105682969093323]</LCS_MIN>
		<LCS_MAX>[0.10492045432329178, 0.12180870026350021, 0.11685898900032043, 0.10724486410617828, 0.09416298568248749, 0.0769236832857132]</LCS_MAX>
		<WAVELENGTH>[0.485, 0.56, 0.66, 0.83, 1.65, 2.215]</WAVELENGTH>
		<MEAN_VALUE>[0.09621294305936712, 0.10602405848535329, 0.09020896688909144, 0.05704914999974741, 0.03705002441750588, 0.02680583032653541]</MEAN_VALUE>
		<CHECKBOX>2</CHECKBOX>
		<SD>[0.004245357907592619, 0.009075897664948134, 0.0134384832217666, 0.0213151411979812, 0.0237885490533702, 0.01803402564961039]</SD>
		<WAVELENGTH_UNIT>E-6m</WAVELENGTH_UNIT>
		<COLOR>#8ee738</COLOR>
		<COVARIANCE_MATRIX>[[1.8269955047991514e-05, 3.336615608913735e-05, 5.0754228032237016e-05, 3.476179916620451e-05, 1.6693079343864545e-05, 2.03513692765263e-05], [3.336615608913735e-05, 8.350030086878356e-05, 0.00011013224474010169, 3.644065174121954e-05, -1.0518039933029309e-05, 9.372404363722213e-06], [5.0754228032237016e-05, 0.00011013224474010169, 0.00018306670570309518, 0.00015029242895852493, 0.00010503689542847909, 9.740213558471303e-05], [3.476179916620451e-05, 3.644065174121954e-05, 0.00015029242895852493, 0.00046055901475959955, 0.00044176940495598515, 0.00030873980513569454], [1.6693079343864545e-05, -1.0518039933029309e-05, 0.00010503689542847909, 0.00044176940495598515, 0.0005736470532709646, 0.0004066489809378977], [2.03513692765263e-05, 9.372404363722213e-06, 9.740213558471303e-05, 0.00030873980513569454, 0.0004066489809378977, 0.00032968123292711793]]</COVARIANCE_MATRIX>
		<ROI_SIZE>74</ROI_SIZE>
		<MAX_VALUE>[0.10492045432329178, 0.12180870026350021, 0.11685898900032043, 0.10724486410617828, 0.09416298568248749, 0.0769236832857132]</MAX_VALUE>
		<MIN_VALUE>[0.08993544429540634, 0.08704490214586258, 0.07290427386760712, 0.030317705124616623, 0.009258447214961052, 0.0024105682969093323]</MIN_VALUE>
		<SIGNATURE_THRESHOLD_MD>0</SIGNATURE_THRESHOLD_MD>
		<SIGNATURE_THRESHOLD_ML>0</SIGNATURE_THRESHOLD_ML>
		<SIGNATURE_THRESHOLD_SAM>0</SIGNATURE_THRESHOLD_SAM>
	</signature>
	<signature ID="20200805_143812943056_966">
		<MACROCLASSID>1</MACROCLASSID>
		<MACROCLASSINFO>waterbody</MACROCLASSINFO>
		<CLASSID>15</CLASSID>
		<CLASSINFO>C 1</CLASSINFO>
		<VALUES>[0.10866375716654121, 0.0033894349049764347, 0.10270094168735733, 0.004295240670204743, 0.10786022076792755, 0.005195759979338551, 0.0928778500421673, 0.0178452638024254, 0.0599067855679186, 0.021468372347277984, 0.04732981797122784, 0.017310851996374846]</VALUES>
		<LCS_MIN>[0.09826044738292694, 0.09399765729904175, 0.09341646730899811, 0.06328649073839188, 0.021050747483968735, 0.015958406031131744]</LCS_MIN>
		<LCS_MAX>[0.1165754646062851, 0.11485593765974045, 0.11978930979967117, 0.1438768208026886, 0.10123837739229202, 0.08708454668521881]</LCS_MAX>
		<WAVELENGTH>[0.485, 0.56, 0.66, 0.83, 1.65, 2.215]</WAVELENGTH>
		<MEAN_VALUE>[0.10866375716654121, 0.10270094168735733, 0.10786022076792755, 0.0928778500421673, 0.0599067855679186, 0.04732981797122784]</MEAN_VALUE>
		<CHECKBOX>2</CHECKBOX>
		<SD>[0.0033894349049764347, 0.004295240670204743, 0.005195759979338551, 0.0178452638024254, 0.021468372347277984, 0.017310851996374846]</SD>
		<WAVELENGTH_UNIT>E-6m</WAVELENGTH_UNIT>
		<COLOR>#c397da</COLOR>
		<COVARIANCE_MATRIX>[[1.1570328039180275e-05, 9.028556994068612e-06, 9.670208903229468e-06, 1.7525225322026014e-05, 2.2365252060510617e-05, 1.9166149695234912e-05], [9.028556994068612e-06, 1.8580871646516475e-05, 1.746581677003431e-05, 3.115089341332228e-05, 3.1229750384145386e-05, 2.5514085311728175e-05], [9.670208903229468e-06, 1.746581677003431e-05, 2.7188749775488225e-05, 2.781571118223043e-05, 2.6397756389117967e-05, 2.492728739790469e-05], [1.7525225322026014e-05, 3.115089341332228e-05, 2.781571118223043e-05, 0.00032072810760799835, 0.0003241525321096683, 0.00024230302653109305], [2.2365252060510617e-05, 3.1229750384145386e-05, 2.6397756389117967e-05, 0.0003241525321096683, 0.0004641830898930945, 0.00035606076900419783], [1.9166149695234912e-05, 2.5514085311728175e-05, 2.492728739790469e-05, 0.00024230302653109305, 0.00035606076900419783, 0.00030180606538925483]]</COVARIANCE_MATRIX>
		<ROI_SIZE>141</ROI_SIZE>
		<MAX_VALUE>[0.1165754646062851, 0.11485593765974045, 0.11978930979967117, 0.1438768208026886, 0.10123837739229202, 0.08708454668521881]</MAX_VALUE>
		<MIN_VALUE>[0.09826044738292694, 0.09399765729904175, 0.09341646730899811, 0.06328649073839188, 0.021050747483968735, 0.015958406031131744]</MIN_VALUE>
		<SIGNATURE_THRESHOLD_MD>0</SIGNATURE_THRESHOLD_MD>
		<SIGNATURE_THRESHOLD_ML>0</SIGNATURE_THRESHOLD_ML>
		<SIGNATURE_THRESHOLD_SAM>0</SIGNATURE_THRESHOLD_SAM>
	</signature>
	<signature ID="20200805_143824783478_462">
		<MACROCLASSID>1</MACROCLASSID>
		<MACROCLASSINFO>waterbody</MACROCLASSINFO>
		<CLASSID>16</CLASSID>
		<CLASSINFO>C 1</CLASSINFO>
		<VALUES>[0.10272391497784726, 0.0030254865148034785, 0.10339301071909011, 0.006104565078940901, 0.0749589094984462, 0.010794957169572673, 0.04334715522999493, 0.012410127959788417, 0.01989558193311313, 0.01336678978472847, 0.013363587879100629, 0.010876559242966079]</VALUES>
		<LCS_MIN>[0.09659544378519058, 0.09399765729904175, 0.06118301302194595, 0.030317705124616623, 0.00689998734742403, 0.0]</LCS_MIN>
		<LCS_MAX>[0.1165754646062851, 0.1252850890159607, 0.11392868310213089, 0.10724486410617828, 0.07765376567840576, 0.073536716401577]</LCS_MAX>
		<WAVELENGTH>[0.485, 0.56, 0.66, 0.83, 1.65, 2.215]</WAVELENGTH>
		<MEAN_VALUE>[0.10272391497784726, 0.10339301071909011, 0.0749589094984462, 0.04334715522999493, 0.01989558193311313, 0.013363587879100629]</MEAN_VALUE>
