<?xml version="1.0" ?>
<signaturelist MCID_LIST="[['1', 'waterbody', '#0000ff'], ['2', 'vegetation', '#00ff00'], ['3', 'barren', '#ffaa00'], ['4', 'builtup', '#ff0000']]">
	<signature ID="20190911_190526075928_129">
		<MACROCLASSID>1</MACROCLASSID>
		<MACROCLASSINFO>waterbody</MACROCLASSINFO>
		<CLASSID>1</CLASSID>
		<CLASSINFO>C 1</CLASSINFO>
		<VALUES>[319.0612143331124, 37.39379655178, 583.5187458526896, 93.10492123022149, 423.2430325149311, 74.3373189384386, 362.44774386197605, 221.76930320780423, 137.57896483079043, 135.10815017969904, 74.73009289980111, 65.8985439325231]</VALUES>
		<LCS_MIN>[146.0, 253.0, 204.0, 177.0, -35.0, -93.0]</LCS_MIN>
		<LCS_MAX>[545.0, 934.0, 958.0, 1255.0, 1066.0, 874.0]</LCS_MAX>
		<WAVELENGTH>[0.485, 0.56, 0.66, 0.83, 1.65, 2.215]</WAVELENGTH>
		<MEAN_VALUE>[319.0612143331124, 583.5187458526896, 423.2430325149311, 362.44774386197605, 137.57896483079043, 74.73009289980111]</MEAN_VALUE>
		<CHECKBOX>2</CHECKBOX>
		<SD>[37.39379655178, 93.10492123022149, 74.3373189384386, 221.76930320780423, 135.10815017969904, 65.8985439325231]</SD>
		<WAVELENGTH_UNIT>E-6m</WAVELENGTH_UNIT>
		<COLOR>#69f355</COLOR>
		<COVARIANCE_MATRIX>[[1398.964359766292, 2548.331755369995, 1773.1543995771294, -1621.338921784317, -1028.9032903357556, -330.81061004655805], [2548.331755369995, 9151.918909809936, 4902.826425003765, -8850.821353317424, -5103.492134540385, -1779.2395148080166], [1773.1543995771294, 4902.826425003765, 4677.987979938419, -1096.8711185008995, -954.5485743609731, -231.99872344028597], [-1621.338921784317, -8850.821353317424, -1096.8711185008995, 50573.78746173057, 27931.837448633552, 10980.726641089897], [-1028.9032903357556, -5103.492134540385, -954.5485743609731, 27931.837448633552, 17732.307232631418, 7023.667576488167], [-330.81061004655805, -1779.2395148080166, -231.99872344028597, 10980.726641089897, 7023.667576488167, 4009.076924198506]]</COVARIANCE_MATRIX>
		<ROI_SIZE>15982</ROI_SIZE>
		<MAX_VALUE>[545.0, 934.0, 958.0, 1255.0, 1066.0, 874.0]</MAX_VALUE>
		<MIN_VALUE>[146.0, 253.0, 204.0, 177.0, -35.0, -93.0]</MIN_VALUE>
		<SIGNATURE_THRESHOLD_MD>0</SIGNATURE_THRESHOLD_MD>
		<SIGNATURE_THRESHOLD_ML>0</SIGNATURE_THRESHOLD_ML>
		<SIGNATURE_THRESHOLD_SAM>0</SIGNATURE_THRESHOLD_SAM>
	</signature>
	<signature ID="20190911_190538777363_955">
		<MACROCLASSID>1</MACROCLASSID>
		<MACROCLASSINFO>waterbody</MACROCLASSINFO>
		<CLASSID>2</CLASSID>
		<CLASSINFO>C 1</CLASSINFO>
		<VALUES>[568.396802325582, 71.80542054752863, 970.3662790697676, 143.63577209626288, 1046.8866279069773, 168.53385880995313, 762.476744186046, 290.17711018121446, 344.5450581395343, 273.8475551011554, 189.2005813953487, 152.6140267552517]</VALUES>
		<LCS_MIN>[313.0, 508.0, 547.0, 467.0, 48.0, -52.0]</LCS_MIN>
		<LCS_MAX>[687.0, 1142.0, 1265.0, 1501.0, 1065.0, 712.0]</LCS_MAX>
		<WAVELENGTH>[0.485, 0.56, 0.66, 0.83, 1.65, 2.215]</WAVELENGTH>
		<MEAN_VALUE>[568.396802325582, 970.3662790697676, 1046.8866279069773, 762.476744186046, 344.5450581395343, 189.2005813953487]</MEAN_VALUE>
		<CHECKBOX>2</CHECKBOX>
		<SD>[71.80542054752863, 143.63577209626288, 168.53385880995313, 290.17711018121446, 273.8475551011554, 152.6140267552517]</SD>
		<WAVELENGTH_UNIT>E-6m</WAVELENGTH_UNIT>
		<COLOR>#7bbad1</COLOR>
		<COVARIANCE_MATRIX>[[5163.5235414339395, 9626.89374936529, 11296.149855285872, -16845.056988592125, -15002.571762550351, -7526.592079652008], [9626.89374936529, 20661.265935479507, 23501.14493415931, -35206.82116380624, -31708.741418706224, -15991.181290409928], [11296.149855285872, 23501.14493415931, 28445.006050912278, -40208.50482380419, -36233.30492789683, -17960.06456281101], [-16845.056988592125, -35206.82116380624, -40208.50482380419, 84325.3211468806, 72413.7819809756, 37781.4995768593], [-15002.571762550351, -31708.741418706224, -36233.30492789683, 72413.7819809756, 75101.64279941436, 39723.06518482786], [-7526.592079652008, -15991.181290409928, -17960.06456281101, 37781.4995768593, 39723.06518482786, 23324.943696895843]]</COVARIANCE_MATRIX>
		<ROI_SIZE>688</ROI_SIZE>
		<MAX_VALUE>[687.0, 1142.0, 1265.0, 1501.0, 1065.0, 712.0]</MAX_VALUE>
		<MIN_VALUE>[313.0, 508.0, 547.0, 467.0, 48.0, -52.0]</MIN_VALUE>
		<SIGNATURE_THRESHOLD_MD>0</SIGNATURE_THRESHOLD_MD>
		<SIGNATURE_THRESHOLD_ML>0</SIGNATURE_THRESHOLD_ML>
		<SIGNATURE_THRESHOLD_SAM>0</SIGNATURE_THRESHOLD_SAM>
	</signature>
	<signature ID="20190911_190545609951_305">
		<MACROCLASSID>1</MACROCLASSID>
		<MACROCLASSINFO>waterbody</MACROCLASSINFO>
		<CLASSID>3</CLASSID>
		<CLASSINFO>C 1</CLASSINFO>
		<VALUES>[642.9257142857142, 62.17294010767577, 1305.76, 120.67661437554025, 1296.3657142857155, 133.32890789934766, 756.617142857143, 285.4460103924727, 380.1599999999999, 235.3721129251661, 208.56571428571434, 132.8698825228376]</VALUES>
		<LCS_MIN>[479.0, 972.0, 888.0, 384.0, -6.0, -12.0]</LCS_MIN>
		<LCS_MAX>[810.0, 1601.0, 1636.0, 1416.0, 1091.0, 750.0]</LCS_MAX>
		<WAVELENGTH>[0.485, 0.56, 0.66, 0.83, 1.65, 2.215]</WAVELENGTH>
		<MEAN_VALUE>[642.9257142857142, 1305.76, 1296.3657142857155, 756.617142857143, 380.1599999999999, 208.56571428571434]</MEAN_VALUE>
		<CHECKBOX>2</CHECKBOX>
		<SD>[62.17294010767577, 120.67661437554025, 133.32890789934766, 285.4460103924727, 235.3721129251661, 132.8698825228376]</SD>
		<WAVELENGTH_UNIT>E-6m</WAVELENGTH_UNIT>
		<COLOR>#f764b9</COLOR>
		<COVARIANCE_MATRIX>[[3887.6898522167485, 6319.453333333336, 7058.9755993431845, -4019.6665353037765, -3575.6144827586218, -1471.8140558292282], [6319.453333333336, 14646.539770114941, 15397.898620689662, -16339.98321839081, -13906.156781609197, -6065.673793103447], [7058.9755993431845, 15397.898620689662, 17878.762036124786, -16805.03733990148, -13693.961149425288, -5653.208078817734], [-4019.6665353037765, -16339.98321839081, -16805.03733990148, 81947.69740558293, 58648.923678160936, 28011.76380952381], [-3575.6144827586218, -13906.156781609197, -13693.961149425288, 58648.923678160936, 55718.42252873565, 27399.908965517236], [-1471.8140558292282, -6065.673793103447, -5653.208078817734, 28011.76380952381, 27399.908965517236, 17755.867783251222]]</COVARIANCE_MATRIX>
		<ROI_SIZE>175</ROI_SIZE>
		<MAX_VALUE>[810.0, 1601.0, 1636.0, 1416.0, 1091.0, 750.0]</MAX_VALUE>
		<MIN_VALUE>[479.0, 972.0, 888.0, 384.0, -6.0, -12.0]</MIN_VALUE>
		<SIGNATURE_THRESHOLD_MD>0</SIGNATURE_THRESHOLD_MD>
		<SIGNATURE_THRESHOLD_ML>0</SIGNATURE_THRESHOLD_ML>
		<SIGNATURE_THRESHOLD_SAM>0</SIGNATURE_THRESHOLD_SAM>
	</signature>
	<signature ID="20190911_190715476207_270">
		<MACROCLASSID>3</MACROCLASSID>
		<MACROCLASSINFO>barren</MACROCLASSINFO>
		<CLASSID>5</CLASSID>
		<CLASSINFO>C 1</CLASSINFO>
		<VALUES>[539.5897320423318, 46.80190204070338, 793.2204458455309, 64.8926662755278, 949.3305561810397, 83.66463105412429, 2013.5611348795308, 150.27591800288522, 2616.3015086692258, 186.67069533823886, 1521.2472416122491, 136.83897917363]</VALUES>
		<LCS_MIN>[381.0, 640.0, 688.0, 1589.0, 2003.0, 1037.0]</LCS_MIN>
		<LCS_MAX>[816.0, 1231.0, 1406.0, 2294.0, 2968.0, 1966.0]</LCS_MAX>
		<WAVELENGTH>[0.485, 0.56, 0.66, 0.83, 1.65, 2.215]</WAVELENGTH>
		<MEAN_VALUE>[539.5897320423318, 793.2204458455309, 949.3305561810397, 2013.5611348795308, 2616.3015086692258, 1521.2472416122491]</MEAN_VALUE>
		<CHECKBOX>2</CHECKBOX>
		<SD>[46.80190204070338, 64.8926662755278, 83.66463105412429, 150.27591800288522, 186.67069533823886, 136.83897917363]</SD>
		<WAVELENGTH_UNIT>E-6m</WAVELENGTH_UNIT>
		<COLOR>#ea91a8</COLOR>
		<COVARIANCE_MATRIX>[[2121.8821592695567, 2344.4114004744574, 3060.0460276775493, 2671.9624308052475, 2972.731392066105, 2544.958125699581], [2344.4114004744574, 4325.590571789307, 4874.955670375564, 5258.76520328635, 3967.8633704486033, 3339.258880887425], [3060.0460276775493, 4874.955670375564, 7278.085183913346, 5249.882133206127, 6528.288151282235, 5726.0336145846395], [2671.9624308052475, 5258.76520328635, 5249.882133206127, 24756.88761709583, 5151.051670142041, 423.76213815714215], [2972.731392066105, 3967.8633704486033, 6528.288151282235, 5151.051670142041, 35093.04107931398, 23901.383328950407], [2544.958125699581, 3339.258880887425, 5726.0336145846395, 423.76213815714215, 23901.383328950407, 20007.957765093208]]</COVARIANCE_MATRIX>
		<ROI_SIZE>17848</ROI_SIZE>
		<MAX_VALUE>[816.0, 1231.0, 1406.0, 2294.0, 2968.0, 1966.0]</MAX_VALUE>
		<MIN_VALUE>[381.0, 640.0, 688.0, 1589.0, 2003.0, 1037.0]</MIN_VALUE>
		<SIGNATURE_THRESHOLD_MD>0</SIGNATURE_THRESHOLD_MD>
		<SIGNATURE_THRESHOLD_ML>0</SIGNATURE_THRESHOLD_ML>
		<SIGNATURE_THRESHOLD_SAM>0</SIGNATURE_THRESHOLD_SAM>
	</signature>
	<signature ID="20190911_190722927168_476">
		<MACROCLASSID>3</MACROCLASSID>
		<MACROCLASSINFO>barren</MACROCLASSINFO>
		<CLASSID>6</CLASSID>
		<CLASSINFO>C 1</CLASSINFO>
		<VALUES>[531.830279652845, 49.72769432925017, 821.314689810351, 72.59860211786602, 967.5805207328815, 110.32272226114193, 2180.245580199299, 196.55026796129462, 2527.923818707812, 263.47689994856114, 1458.5387335262003, 172.64186288345076]</VALUES>
		<LCS_MIN>[357.0, 595.0, 584.0, 1586.0, 1915.0, 874.0]</LCS_MIN>
		<LCS_MAX>[732.0, 1229.0, 1404.0, 2577.0, 2877.0, 1843.0]</LCS_MAX>
		<WAVELENGTH>[0.485, 0.56, 0.66, 0.83, 1.65, 2.215]</WAVELENGTH>
		<MEAN_VALUE>[531.830279652845, 821.314689810351, 967.5805207328815, 2180.245580199299, 2527.923818707812, 1458.5387335262003]</MEAN_VALUE>
		<CHECKBOX>2</CHECKBOX>
		<SD>[49.72769432925017, 72.59860211786602, 110.32272226114193, 196.55026796129462, 263.47689994856114, 172.64186288345076]</SD>
		<WAVELENGTH_UNIT>E-6m</WAVELENGTH_UNIT>
		<COLOR>#59c35d</COLOR>
		<COVARIANCE_MATRIX>[[2446.6935827021175, 2864.805831021221, 4364.455018202938, 880.598674212115, 3377.992465286423, 3095.397973884084], [2864.805831021221, 5281.383563885357, 6862.785755343334, 2708.190612250036, 4853.143074718276, 4350.100513849604], [4364.455018202938, 6862.785755343334, 11913.049576917618, -1156.1935521609141, 9774.117341316656, 8560.592861339434], [880.598674212115, 2708.190612250036, -1156.1935521609141, 36807.971135866304, 3913.722180547059, -837.224299223796], [3377.992465286423, 4853.143074718276, 9774.117341316656, 3913.722180547059, 66491.97652318727, 40828.44314072649], [3095.397973884084, 4350.100513849604, 8560.592861339434, -837.224299223796, 40828.44314072649, 29094.975370213793]]</COVARIANCE_MATRIX>
		<ROI_SIZE>10488</ROI_SIZE>
		<MAX_VALUE>[732.0, 1229.0, 1404.0, 2577.0, 2877.0, 1843.0]</MAX_VALUE>
		<MIN_VALUE>[357.0, 595.0, 584.0, 1586.0, 1915.0, 874.0]</MIN_VALUE>
		<SIGNATURE_THRESHOLD_MD>0</SIGNATURE_THRESHOLD_MD>
		<SIGNATURE_THRESHOLD_ML>0</SIGNATURE_THRESHOLD_ML>
		<SIGNATURE_THRESHOLD_SAM>0</SIGNATURE_THRESHOLD_SAM>
	</signature>
	<signature ID="20190911_190743076934_453">
		<MACROCLASSID>2</MACROCLASSID>
		<MACROCLASSINFO>vegetation</MACROCLASSINFO>
		<CLASSID>7</CLASSID>
		<CLASSINFO>C 1</CLASSINFO>
		<VALUES>[306.63878787878707, 40.10522201861968, 510.6446753246743, 67.97715286384613, 416.564675324676, 83.58558005855889, 2804.828744588733, 203.1078128940322, 1566.8119480519438, 212.54532402839376, 635.5799134199139, 157.4849388084711]</VALUES>
		<LCS_MIN>[188.0, 336.0, 205.0, 2407.0, 1121.0, 349.0]</LCS_MIN>
		<LCS_MAX>[502.0, 849.0, 856.0, 3399.0, 2087.0, 1077.0]</LCS_MAX>
		<WAVELENGTH>[0.485, 0.56, 0.66, 0.83, 1.65, 2.215]</WAVELENGTH>
		<MEAN_VALUE>[306.63878787878707, 510.6446753246743, 416.564675324676, 2804.828744588733, 1566.8119480519438, 635.5799134199139]</MEAN_VALUE>
		<CHECKBOX>2</CHECKBOX>
		<SD>[40.10522201861968, 67.97715286384613, 83.58558005855889, 203.1078128940322, 212.54532402839376, 157.4849388084711]</SD>
		<WAVELENGTH_UNIT>E-6m</WAVELENGTH_UNIT>
		<COLOR>#fba581</COLOR>
		<COVARIANCE_MATRIX>[[1727.383380344179, 2173.5067632942464, 2815.414436737092, -157.534356634092, 6092.951221088193, 4876.2232882659955], [2173.5067632942464, 4911.934053504667, 5249.385775460454, 1131.953331384644, 11908.913048194972, 8833.038848567616], [2815.414436737092, 5249.385775460454, 7301.506274444025, -1473.3120358694748, 14847.97083967873, 11776.750463799446], [-157.534356634092, 1131.953331384644, -1473.3120358694748, 41319.64966664957, 2167.6373338040926, -3132.4990828051114], [6092.951221088193, 11908.913048194972, 14847.97083967873, 2167.6373338040926, 45762.70262967661, 31268.67857078689], [4876.2232882659955, 8833.038848567616, 11776.750463799446, -3132.4990828051114, 31268.67857078689, 25399.64071055663]]</COVARIANCE_MATRIX>
		<ROI_SIZE>60382</ROI_SIZE>
		<MAX_VALUE>[502.0, 849.0, 856.0, 3399.0, 2087.0, 1077.0]</MAX_VALUE>
		<MIN_VALUE>[188.0, 336.0, 205.0, 2407.0, 1121.0, 349.0]</MIN_VALUE>
		<SIGNATURE_THRESHOLD_MD>0</SIGNATURE_THRESHOLD_MD>
		<SIGNATURE_THRESHOLD_ML>0</SIGNATURE_THRESHOLD_ML>
		<SIGNATURE_THRESHOLD_SAM>0</SIGNATURE_THRESHOLD_SAM>
	</signature>
	<signature ID="20190911_190759877666_561">
		<MACROCLASSID>3</MACROCLASSID>
		<MACROCLASSINFO>barren</MACROCLASSINFO>
		<CLASSID>8</CLASSID>
		<CLASSINFO>C 1</CLASSINFO>
		<VALUES>[550.8596201486407, 51.05138575410248, 819.8495733553517, 73.87217758723862, 977.4329755023392, 103.25871629516904, 2164.511147811728, 168.9143446283528, 2738.4814203137958, 218.31677729384194, 1601.062895678497, 171.84398961063695]</VALUES>
		<LCS_MIN>[339.0, 554.0, 584.0, 1548.0, 2170.0, 1117.0]</LCS_MIN>
		<LCS_MAX>[817.0, 1231.0, 1406.0, 2459.0, 3141.0, 2091.0]</LCS_MAX>
		<WAVELENGTH>[0.485, 0.56, 0.66, 0.83, 1.65, 2.215]</WAVELENGTH>
		<MEAN_VALUE>[550.8596201486407, 819.8495733553517, 977.4329755023392, 2164.511147811728, 2738.4814203137958, 1601.062895678497]</MEAN_VALUE>
		<CHECKBOX>2</CHECKBOX>
		<SD>[51.05138575410248, 73.87217758723862, 103.25871629516904, 168.9143446283528, 218.31677729384194, 171.84398961063695]</SD>
		<WAVELENGTH_UNIT>E-6m</WAVELENGTH_UNIT>
		<COLOR>#b9f657</COLOR>
		<COVARIANCE_MATRIX>[[2516.08198269712, 2878.954798605889, 4037.2930512781286, 1654.5248831494007, 5699.825192944532, 4769.728521055479], [2878.954798605889, 5257.054074134232, 6491.376439402073, 4071.7098315828935, 8013.652409500592, 6714.710820120864], [4037.2930512781286, 6491.376439402073, 10379.140421080365, 2404.0361666396316, 13299.763773855602, 11305.382773729965], [1654.5248831494007, 4071.7098315828935, 2404.0361666396316, 30338.14577825231, 3770.0639372135643, -358.66319248061825], [5699.825192944532, 8013.652409500592, 13299.763773855602, 3770.0639372135643, 47123.46026032882, 34099.688037887965], [4769.728521055479, 6714.710820120864, 11305.382773729965, -358.66319248061825, 34099.688037887965, 28913.258519963212]]</COVARIANCE_MATRIX>
		<ROI_SIZE>91796</ROI_SIZE>
		<MAX_VALUE>[817.0, 1231.0, 1406.0, 2459.0, 3141.0, 2091.0]</MAX_VALUE>
		<MIN_VALUE>[339.0, 554.0, 584.0, 1548.0, 2170.0, 1117.0]</MIN_VALUE>
		<SIGNATURE_THRESHOLD_MD>0</SIGNATURE_THRESHOLD_MD>
		<SIGNATURE_THRESHOLD_ML>0</SIGNATURE_THRESHOLD_ML>
		<SIGNATURE_THRESHOLD_SAM>0</SIGNATURE_THRESHOLD_SAM>
	</signature>
	<signature ID="20190911_190811079588_575">
		<MACROCLASSID>3</MACROCLASSID>
		<MACROCLASSINFO>barren</MACROCLASSINFO>
		<CLASSID>9</CLASSID>
		<CLASSINFO>C 1</CLASSINFO>
		<VALUES>[577.3137902559888, 61.00707787248133, 899.1699009083418, 98.56307546687957, 1085.8214285714303, 130.53852642747592, 2480.155243600338, 185.14917059208182, 3268.743806771264, 235.490185331205, 2113.702312138735, 225.0344724184547]</VALUES>
		<LCS_MIN>[396.0, 634.0, 752.0, 1869.0, 2866.0, 1756.0]</LCS_MIN>
		<LCS_MAX>[850.0, 1308.0, 1569.0, 2857.0, 3828.0, 2723.0]</LCS_MAX>
		<WAVELENGTH>[0.485, 0.56, 0.66, 0.83, 1.65, 2.215]</WAVELENGTH>
		<MEAN_VALUE>[577.3137902559888, 899.1699009083418, 1085.8214285714303, 2480.155243600338, 3268.743806771264, 2113.702312138735]</MEAN_VALUE>
		<CHECKBOX>2</CHECKBOX>
		<SD>[61.00707787248133, 98.56307546687957, 130.53852642747592, 185.14917059208182, 235.490185331205, 225.0344724184547]</SD>
		<WAVELENGTH_UNIT>E-6m</WAVELENGTH_UNIT>
		<COLOR>#86ee3a</COLOR>
		<COVARIANCE_MATRIX>[[3563.887122859955, 4858.217603016123, 6397.3779758733035, 5121.928409381726, 9125.43793283014, 9617.55618670114], [4858.217603016123, 9077.392355992482, 11152.378573932752, 10095.210688009836, 14613.318592795906, 15459.66373532079], [6397.3779758733035, 11152.378573932752, 15913.36647930485, 11330.288983730714, 20137.038342028507, 21453.2606484071], [5121.928409381726, 10095.210688009836, 11330.288983730714, 32995.292231795014, 16241.326010405508, 16123.654218463718], [9125.43793283014, 14613.318592795906, 20137.038342028507, 16241.326010405508, 56338.2840705611, 50458.531796713774], [9617.55618670114, 15459.66373532079, 21453.2606484071, 16123.654218463718, 50458.531796713774, 53307.41531493109]]</COVARIANCE_MATRIX>
		<ROI_SIZE>29146</ROI_SIZE>
		<MAX_VALUE>[850.0, 1308.0, 1569.0, 2857.0, 3828.0, 2723.0]</MAX_VALUE>
		<MIN_VALUE>[396.0, 634.0, 752.0, 1869.0, 2866.0, 1756.0]</MIN_VALUE>
		<SIGNATURE_THRESHOLD_MD>0</SIGNATURE_THRESHOLD_MD>
		<SIGNATURE_THRESHOLD_ML>0</SIGNATURE_THRESHOLD_ML>
		<SIGNATURE_THRESHOLD_SAM>0</SIGNATURE_THRESHOLD_SAM>
	</signature>
	<signature ID="20190911_190827420951_421">
		<MACROCLASSID>4</MACROCLASSID>
		<MACROCLASSINFO>builtup</MACROCLASSINFO>
		<CLASSID>10</CLASSID>
		<CLASSINFO>C 1</CLASSINFO>
		<VALUES>[734.4664723032068, 123.06931565613122, 1091.8338192419824, 162.51524734654066, 1378.425655976676, 210.28712742307042, 2331.3090379008727, 192.01634741192825, 2491.349854227405, 212.34621612568048, 1955.6763848396497, 219.27519803752128]</VALUES>
		<LCS_MIN>[500.0, 762.0, 1060.0, 2036.0, 2023.0, 1395.0]</LCS_MIN>
		<LCS_MAX>[1179.0, 1645.0, 2010.0, 2940.0, 2984.0, 2363.0]</LCS_MAX>
		<WAVELENGTH>[0.485, 0.56, 0.66, 0.83, 1.65, 2.215]</WAVELENGTH>
		<MEAN_VALUE>[734.4664723032068, 1091.8338192419824, 1378.425655976676, 2331.3090379008727, 2491.349854227405, 1955.6763848396497]</MEAN_VALUE>
		<CHECKBOX>2</CHECKBOX>
		<SD>[123.06931565613122, 162.51524734654066, 210.28712742307042, 192.01634741192825, 212.34621612568048, 219.27519803752128]</SD>
		<WAVELENGTH_UNIT>E-6m</WAVELENGTH_UNIT>
		<COLOR>#8588b7</COLOR>
		<COVARIANCE_MATRIX>[[15190.343170852308, 18035.326283395567, 16740.8505703033, -1447.0773276729237, 7350.3655652737225, 14041.739118203666], [18035.326283395567, 26488.431367534482, 27341.70836956337, 1484.2766525156433, 11180.461817809834, 18948.083491040525], [16740.8505703033, 27341.70836956337, 44349.97618195148, 268.90608323529943, 16525.137196733325, 26457.983180740972], [-1447.0773276729237, 1484.2766525156433, 268.90608323529943, 36978.08550287283, 7713.0465364090505, -7017.557592961995], [7350.3655652737225, 11180.461817809834, 16525.137196733325, 7713.0465364090505, 45222.76028506641, 36828.50243806796], [14041.739118203666, 18948.083491040525, 26457.983180740972, -7017.557592961995, 36828.50243806796, 48222.20198455318]]</COVARIANCE_MATRIX>
		<ROI_SIZE>343</ROI_SIZE>
		<MAX_VALUE>[1179.0, 1645.0, 2010.0, 2940.0, 2984.0, 2363.0]</MAX_VALUE>
		<MIN_VALUE>[500.0, 762.0, 1060.0, 2036.0, 2023.0, 1395.0]</MIN_VALUE>
		<SIGNATURE_THRESHOLD_MD>0</SIGNATURE_THRESHOLD_MD>
		<SIGNATURE_THRESHOLD_ML>0</SIGNATURE_THRESHOLD_ML>
		<SIGNATURE_THRESHOLD_SAM>0</SIGNATURE_THRESHOLD_SAM>
	</signature>
	<signature ID="20190911_190841157086_737">
		<MACROCLASSID>4</MACROCLASSID>
		<MACROCLASSINFO>builtup</MACROCLASSINFO>
		<CLASSID>11</CLASSID>
		<CLASSINFO>C 1</CLASSINFO>
		<VALUES>[743.4886052871462, 121.49675075677558, 1078.2452142206023, 161.89999681137962, 1285.2935278030975, 204.24550772030852, 2159.066545123066, 221.15391453165878, 2418.5615314494107, 215.03144731247392, 1915.1349134001819, 231.60515159829774]</VALUES>
		<LCS_MIN>[439.0, 719.0, 889.0, 1583.0, 1911.0, 1516.0]</LCS_MIN>
		<LCS_MAX>[1137.0, 1477.0, 1840.0, 2571.0, 2870.0, 2483.0]</LCS_MAX>
		<WAVELENGTH>[0.485, 0.56, 0.66, 0.83, 1.65, 2.215]</WAVELENGTH>
		<MEAN_VALUE>[743.4886052871462, 1078.2452142206023, 1285.2935278030975, 2159.066545123066, 2418.5615314494107, 1915.1349134001819]</MEAN_VALUE>
		<CHECKBOX>2</CHECKBOX>
		<SD>[121.49675075677558, 161.89999681137962, 204.24550772030852, 221.15391453165878, 215.03144731247392, 231.60515159829774]</SD>
		<WAVELENGTH_UNIT>E-6m</WAVELENGTH_UNIT>
		<COLOR>#27ea49</COLOR>
		<COVARIANCE_MATRIX>[[14774.928930261032, 17762.750515673128, 18919.63747180432, -5147.627434476243, 6064.3357838897045, 14861.302633592612], [17762.750515673128, 26235.524669137463, 28491.888723559277, -3660.0747268595837, 9794.331156970902, 20210.2278360359], [18919.63747180432, 28491.888723559277, 41754.28967522574, -5838.157324388344, 14497.094148607017, 29366.19029004118], [-5147.627434476243, -3660.0747268595837, -5838.157324388344, 48953.67896186681, 12970.946175368792, -8278.552781640707], [6064.3357838897045, 9794.331156970902, 14497.094148607017, 12970.946175368792, 46280.711766995584, 37814.25902677508], [14861.302633592612, 20210.2278360359, 29366.19029004118, -8278.552781640707, 37814.25902677508, 53689.888716073714]]</COVARIANCE_MATRIX>
		<ROI_SIZE>1097</ROI_SIZE>
		<MAX_VALUE>[1137.0, 1477.0, 1840.0, 2571.0, 2870.0, 2483.0]</MAX_VALUE>
		<MIN_VALUE>[439.0, 719.0, 889.0, 1583.0, 1911.0, 1516.0]</MIN_VALUE>
		<SIGNATURE_THRESHOLD_MD>0</SIGNATURE_THRESHOLD_MD>
		<SIGNATURE_THRESHOLD_ML>0</SIGNATURE_THRESHOLD_ML>
		<SIGNATURE_THRESHOLD_SAM>0</SIGNATURE_THRESHOLD_SAM>
	</signature>
	<signature ID="20190911_190849557588_187">
		<MACROCLASSID>4</MACROCLASSID>
		<MACROCLASSINFO>builtup</MACROCLASSINFO>
		<CLASSID>12</CLASSID>
		<CLASSINFO>C 1</CLASSINFO>
		<VALUES>[791.82863340564, 111.93550069923089, 1173.002169197396, 150.37586313040515, 1489.7245119305853, 175.45845750555367, 2204.414316702822, 205.45876852813316, 2638.3665943600868, 232.18583628571884, 2163.101952277659, 225.20806580340994]</VALUES>
		<LCS_MIN>[562.0, 889.0, 1229.0, 1665.0, 2221.0, 1718.0]</LCS_MIN>
		<LCS_MAX>[1179.0, 1728.0, 2146.0, 2654.0, 3181.0, 2684.0]</LCS_MAX>
		<WAVELENGTH>[0.485, 0.56, 0.66, 0.83, 1.65, 2.215]</WAVELENGTH>
		<MEAN_VALUE>[791.82863340564, 1173.002169197396, 1489.7245119305853, 2204.414316702822, 2638.3665943600868, 2163.101952277659]</MEAN_VALUE>
		<CHECKBOX>2</CHECKBOX>
		<SD>[111.93550069923089, 150.37586313040515, 175.45845750555367, 205.45876852813316, 232.18583628571884, 225.20806580340994]</SD>
		<WAVELENGTH_UNIT>E-6m</WAVELENGTH_UNIT>
		<COLOR>#3509e3</COLOR>
		<COVARIANCE_MATRIX>[[12556.794482693569, 14973.54385079694, 12327.896166179386, 4759.988545694615, 5009.471654248798, 8581.443596152036], [14973.54385079694, 22662.05869093653, 19865.135381495802, 11142.2382297463, 8552.944855229653, 11448.571517495051], [12327.896166179386, 19865.135381495802, 30852.595680467803, 12486.214387437522, 10502.64686409507, 15342.284669433182], [4759.988545694615, 11142.2382297463, 12486.214387437522, 42305.0736206734, 10070.002131472225, -1929.2423323587661], [5009.471654248798, 8552.944855229653, 10502.64686409507, 10070.002131472225, 54027.45879468076, 43693.36471753276], [8581.443596152036, 11448.571517495051, 15342.284669433182, -1929.2423323587661, 43693.36471753276, 50828.93088748468]]</COVARIANCE_MATRIX>
		<ROI_SIZE>461</ROI_SIZE>
		<MAX_VALUE>[1179.0, 1728.0, 2146.0, 2654.0, 3181.0, 2684.0]</MAX_VALUE>
		<MIN_VALUE>[562.0, 889.0, 1229.0, 1665.0, 2221.0, 1718.0]</MIN_VALUE>
		<SIGNATURE_THRESHOLD_MD>0</SIGNATURE_THRESHOLD_MD>
		<SIGNATURE_THRESHOLD_ML>0</SIGNATURE_THRESHOLD_ML>
		<SIGNATURE_THRESHOLD_SAM>0</SIGNATURE_THRESHOLD_SAM>
	</signature>
	<signature ID="20190911_191006202586_388">
		<MACROCLASSID>3</MACROCLASSID>
		<MACROCLASSINFO>barren</MACROCLASSINFO>
		<CLASSID>13</CLASSID>
		<CLASSINFO>C 1</CLASSINFO>
		<VALUES>[519.5714944649455, 48.336043666437455, 807.5867158671575, 69.8301831085835, 941.9146678966782, 105.40432873217378, 2317.6619003690016, 165.76414408293226, 2667.120387453878, 212.69175804105677, 1533.1411439114365, 171.44428377761633]</VALUES>
		<LCS_MIN>[357.0, 595.0, 617.0, 1875.0, 2225.0, 1116.0]</LCS_MIN>
		<LCS_MAX>[711.0, 1061.0, 1266.0, 2618.0, 3187.0, 2044.0]</LCS_MAX>
		<WAVELENGTH>[0.485, 0.56, 0.66, 0.83, 1.65, 2.215]</WAVELENGTH>
		<MEAN_VALUE>[519.5714944649455, 807.5867158671575, 941.9146678966782, 2317.6619003690016, 2667.120387453878, 1533.1411439114365]</MEAN_VALUE>
		<CHECKBOX>2</CHECKBOX>
		<SD>[48.336043666437455, 69.8301831085835, 105.40432873217378, 165.76414408293226, 212.69175804105677, 171.44428377761633]</SD>
		<WAVELENGTH_UNIT>E-6m</WAVELENGTH_UNIT>
		<COLOR>#a8cc80</COLOR>
		<COVARIANCE_MATRIX>[[2296.7650434646316, 2629.801233147478, 4039.7538822696224, -498.68077478790156, 5578.138129758254, 5003.757236142837], [2629.801233147478, 4706.304457105704, 6260.828229980874, 259.8315354987766, 8282.73420403851, 7426.50685234796], [4039.7538822696224, 6260.828229980874, 10851.64013525555, -3339.008639172446, 14206.10743377267, 12500.55536822307], [-498.68077478790156, 259.8315354987766, -3339.008639172446, 28496.507611172237, 1791.3528054496956, 474.6536238908906], [5578.138129758254, 8282.73420403851, 14206.10743377267, 1791.3528054496956, 46034.497912943014, 34594.12205553605], [5003.757236142837, 7426.50685234796, 12500.55536822307, 474.6536238908906, 34594.12205553605, 30086.96783425677]]</COVARIANCE_MATRIX>
		<ROI_SIZE>4151</ROI_SIZE>
		<MAX_VALUE>[711.0, 1061.0, 1266.0, 2618.0, 3187.0, 2044.0]</MAX_VALUE>
		<MIN_VALUE>[357.0, 595.0, 617.0, 1875.0, 2225.0, 1116.0]</MIN_VALUE>
		<SIGNATURE_THRESHOLD_MD>0</SIGNATURE_THRESHOLD_MD>
		<SIGNATURE_THRESHOLD_ML>0</SIGNATURE_THRESHOLD_ML>
		<SIGNATURE_THRESHOLD_SAM>0</SIGNATURE_THRESHOLD_SAM>
	</signature>
	<signature ID="20190911_191030586060_736">
		<MACROCLASSID>1</MACROCLASSID>
		<MACROCLASSINFO>waterbody</MACROCLASSINFO>
		<CLASSID>14</CLASSID>
		<CLASSINFO>C 1</CLASSINFO>
		<VALUES>[580.4394904458599, 53.8795941874477, 919.3630573248412, 95.84928142604119, 971.0509554140126, 95.5926732913421, 1654.6942675159241, 140.4703954766098, 849.2292993630571, 138.35299966875854, 461.14649681528664, 77.09179037860424]</VALUES>
		<LCS_MIN>[399.0, 680.0, 651.0, 1379.0, 528.0, 268.0]</LCS_MIN>
		<LCS_MAX>[690.0, 1102.0, 1198.0, 1958.0, 1095.0, 631.0]</LCS_MAX>
		<WAVELENGTH>[0.485, 0.56, 0.66, 0.83, 1.65, 2.215]</WAVELENGTH>
		<MEAN_VALUE>[580.4394904458599, 919.3630573248412, 971.0509554140126, 1654.6942675159241, 849.2292993630571, 461.14649681528664]</MEAN_VALUE>
		<CHECKBOX>2</CHECKBOX>
		<SD>[53.8795941874477, 95.84928142604119, 95.5926732913421, 140.4703954766098, 138.35299966875854, 77.09179037860424]</SD>
		<WAVELENGTH_UNIT>E-6m</WAVELENGTH_UNIT>
		<COLOR>#563cd0</COLOR>
		<COVARIANCE_MATRIX>[[2921.619712559204, 4349.659929772989, 4308.695410746366, -5417.698105503836, -5218.082190102891, -1971.4301812836843], [4349.659929772989, 9245.976318797973, 7851.269843214112, -9869.195982361589, -9693.532500408297, -3831.1112199902], [4308.695410746366, 7851.269843214112, 9196.535848440313, -8783.503552180302, -7436.441246121183, -2267.725461375144], [-5417.698105503836, -9869.195982361589, -8783.503552180302, 19858.41874897926, 14858.891066470684, 5708.506614404702], [-5218.082190102891, -9693.532500408297, -7436.441246121183, 14858.891066470684, 19264.25477707007, 8585.620039196472], [-1971.4301812836843, -3831.1112199902, -2267.725461375144, 5708.506614404702, 8585.620039196472, 5981.241221623387]]</COVARIANCE_MATRIX>
		<ROI_SIZE>157</ROI_SIZE>
		<MAX_VALUE>[690.0, 1102.0, 1198.0, 1958.0, 1095.0, 631.0]</MAX_VALUE>
		<MIN_VALUE>[399.0, 680.0, 651.0, 1379.0, 528.0, 268.0]</MIN_VALUE>
		<SIGNATURE_THRESHOLD_MD>0</SIGNATURE_THRESHOLD_MD>
		<SIGNATURE_THRESHOLD_ML>0</SIGNATURE_THRESHOLD_ML>
		<SIGNATURE_THRESHOLD_SAM>0</SIGNATURE_THRESHOLD_SAM>
	</signature>
	<signature ID="20190911_191054383460_530">
		<MACROCLASSID>2</MACROCLASSID>
		<MACROCLASSINFO>vegetation</MACROCLASSINFO>
		<CLASSID>15</CLASSID>
		<CLASSINFO>C 1</CLASSINFO>
		<VALUES>[340.4639004149393, 34.47976470335001, 552.7546887966804, 48.20863273881882, 471.4492946058095, 64.7146417462763, 2698.333278008294, 176.46885812636876, 1730.4051452282176, 174.139479575915, 749.0006639004158, 137.01818154627537]</VALUES>
		<LCS_MIN>[178.0, 331.0, 266.0, 2289.0, 1096.0, 309.0]</LCS_MIN>
		<LCS_MAX>[524.0, 809.0, 790.0, 3282.0, 2066.0, 1119.0]</LCS_MAX>
		<WAVELENGTH>[0.485, 0.56, 0.66, 0.83, 1.65, 2.215]</WAVELENGTH>
		<MEAN_VALUE>[340.4639004149393, 552.7546887966804, 471.4492946058095, 2698.333278008294, 1730.4051452282176, 749.0006639004158]</MEAN_VALUE>
		<CHECKBOX>2</CHECKBOX>
		<SD>[34.47976470335001, 48.20863273881882, 64.7146417462763, 176.46885812636876, 174.139479575915, 137.01818154627537]</SD>
		<WAVELENGTH_UNIT>E-6m</WAVELENGTH_UNIT>
		<COLOR>#6547d7</COLOR>
		<COVARIANCE_MATRIX>[[1224.1093896989912, 1041.1507473310692, 1526.3679198438724, -626.2197052125096, 3262.6626875982784, 2747.3476325077995], [1041.1507473310692, 2344.076495485452, 2372.230724455899, 718.4509609478918, 5171.596212836966, 4061.5478739059695], [1526.3679198438724, 2372.230724455899, 4188.980370036617, -2283.1993917573886, 8503.926978474963, 7007.215991319316], [-626.2197052125096, 718.4509609478918, -2283.1993917573886, 30960.541952660682, -4355.188051963835, -5829.593237446985], [3262.6626875982784, 5171.596212836966, 8503.926978474963, -4355.188051963835, 29447.084914036524, 21091.621430495295], [2747.3476325077995, 4061.5478739059695, 7007.215991319316, -5829.593237446985, 21091.621430495295, 18302.233834923023]]</COVARIANCE_MATRIX>
		<ROI_SIZE>63410</ROI_SIZE>
		<MAX_VALUE>[524.0, 809.0, 790.0, 3282.0, 2066.0, 1119.0]</MAX_VALUE>
		<MIN_VALUE>[178.0, 331.0, 266.0, 2289.0, 1096.0, 309.0]</MIN_VALUE>
		<SIGNATURE_THRESHOLD_MD>0</SIGNATURE_THRESHOLD_MD>
		<SIGNATURE_THRESHOLD_ML>0</SIGNATURE_THRESHOLD_ML>
		<SIGNATURE_THRESHOLD_SAM>0</SIGNATURE_THRESHOLD_SAM>
	</signature>
</signaturelist>
