<?xml version="1.0" ?>
<signaturelist MCID_LIST="[['1', 'waterbody', '#0000ff'], ['2', 'vegetation', '#00ff00'], ['3', 'bareland', '#ffaa00'], ['4', 'built-up', '#ff0000']]">
	<signature ID="20200807_152350485352_325">
		<MACROCLASSID>1</MACROCLASSID>
		<MACROCLASSINFO>MC 1</MACROCLASSINFO>
		<CLASSID>1</CLASSID>
		<CLASSINFO>C 1</CLASSINFO>
		<VALUES>[0.09782429844592712, 0.009713797812605621, 0.07228209900493647, 0.0125700063079408, 0.041723229984271186, 0.006290243618869284, 0.035328277162476135, 0.012258741715631617, 0.013627881880065553, 0.013626484823730864, 0.007723583338562108, 0.009215036992593123]</VALUES>
		<LCS_MIN>[0.07590620964765549, 0.04687408730387688, 0.0287704486399889, 0.014955002814531326, 0.0, 0.0]</LCS_MIN>
		<LCS_MAX>[0.11228076368570328, 0.09828818589448929, 0.08354117721319199, 0.09711793065071106, 0.0761905163526535, 0.06630965322256088]</LCS_MAX>
		<WAVELENGTH>[0.485, 0.56, 0.66, 0.83, 1.65, 2.215]</WAVELENGTH>
		<MEAN_VALUE>[0.09782429844592712, 0.07228209900493647, 0.041723229984271186, 0.035328277162476135, 0.013627881880065553, 0.007723583338562108]</MEAN_VALUE>
		<CHECKBOX>2</CHECKBOX>
		<SD>[0.009713797812605621, 0.0125700063079408, 0.006290243618869284, 0.012258741715631617, 0.013626484823730864, 0.009215036992593123]</SD>
		<WAVELENGTH_UNIT>E-6m</WAVELENGTH_UNIT>
		<COLOR>#620d25</COLOR>
		<COVARIANCE_MATRIX>[[7.667897443752736e-05, 9.169798431685194e-05, 2.207239049312193e-05, -4.529880970949307e-05, -4.477898255572654e-05, -2.239571767859161e-05], [9.169798431685194e-05, 0.00012650579446926713, 4.1456423787167296e-05, -3.8998405216261744e-05, -3.5496570490067825e-05, -1.5026444998511579e-05], [2.207239049312193e-05, 4.1456423787167296e-05, 4.225728116580285e-05, 3.1185889383777976e-05, 4.0072463889373466e-05, 2.8387923521222547e-05], [-4.529880970949307e-05, -3.8998405216261744e-05, 3.1185889383777976e-05, 0.00015176150191109627, 0.0001495089818490669, 8.939726831158623e-05], [-4.477898255572654e-05, -3.5496570490067825e-05, 4.0072463889373466e-05, 0.0001495089818490669, 0.00018565388745628297, 0.00011102089774794877], [-2.239571767859161e-05, -1.5026444998511579e-05, 2.8387923521222547e-05, 8.939726831158623e-05, 0.00011102089774794877, 8.217893628170714e-05]]</COVARIANCE_MATRIX>
		<ROI_SIZE>4996</ROI_SIZE>
		<MAX_VALUE>[0.11228076368570328, 0.09828818589448929, 0.08354117721319199, 0.09711793065071106, 0.0761905163526535, 0.06630965322256088]</MAX_VALUE>
		<MIN_VALUE>[0.07590620964765549, 0.04687408730387688, 0.0287704486399889, 0.014955002814531326, 0.0, 0.0]</MIN_VALUE>
		<SIGNATURE_THRESHOLD_MD>0.0</SIGNATURE_THRESHOLD_MD>
		<SIGNATURE_THRESHOLD_ML>0.0</SIGNATURE_THRESHOLD_ML>
		<SIGNATURE_THRESHOLD_SAM>0.0</SIGNATURE_THRESHOLD_SAM>
	</signature>
	<signature ID="20200807_152421583932_587">
		<MACROCLASSID>1</MACROCLASSID>
		<MACROCLASSINFO>MC 1</MACROCLASSINFO>
		<CLASSID>2</CLASSID>
		<CLASSINFO>C 1</CLASSINFO>
		<VALUES>[0.10243492009997418, 0.005289609463023536, 0.0767663468109267, 0.00656113964600966, 0.04201862222634303, 0.00396098912423743, 0.030275662784328458, 0.004628938613622071, 0.008549667047850021, 0.005330252085850021, 0.004947261845826529, 0.004357946645094964]</VALUES>
		<LCS_MIN>[0.07954366505146027, 0.05082901939749718, 0.0287704486399889, 0.014955002814531326, 0.0, 0.0]</LCS_MIN>
		<LCS_MAX>[0.11228076368570328, 0.09037831425666809, 0.06528427451848984, 0.05603647232055664, 0.03504716977477074, 0.0325465053319931]</LCS_MAX>
		<WAVELENGTH>[0.485, 0.56, 0.66, 0.83, 1.65, 2.215]</WAVELENGTH>
		<MEAN_VALUE>[0.10243492009997418, 0.0767663468109267, 0.04201862222634303, 0.030275662784328458, 0.008549667047850021, 0.004947261845826529]</MEAN_VALUE>
		<CHECKBOX>2</CHECKBOX>
		<SD>[0.005289609463023536, 0.00656113964600966, 0.00396098912423743, 0.004628938613622071, 0.005330252085850021, 0.004357946645094964]</SD>
		<WAVELENGTH_UNIT>E-6m</WAVELENGTH_UNIT>
		<COLOR>#31907a</COLOR>
		<COVARIANCE_MATRIX>[[2.0723620764329098e-05, 1.969022923731245e-05, 3.3909916510310723e-06, -5.85815223530517e-06, -8.123005500237923e-06, -5.304079877532786e-06], [1.969022923731245e-05, 3.0574574338970706e-05, 8.92446405487135e-06, -3.2917255339270923e-06, -5.298788437357871e-06, -3.305505288153654e-06], [3.3909916510310723e-06, 8.92446405487135e-06, 1.3560226761910599e-05, 6.15143926552264e-06, 6.977253178774845e-06, 4.724637165054446e-06], [-5.85815223530517e-06, -3.2917255339270923e-06, 6.15143926552264e-06, 2.0184133973089047e-05, 1.3806964489049278e-05, 9.182889698422514e-06], [-8.123005500237923e-06, -5.298788437357871e-06, 6.977253178774845e-06, 1.3806964489049278e-05, 2.629933260323014e-05, 1.3639287317346316e-05], [-5.304079877532786e-06, -3.305505288153654e-06, 4.724637165054446e-06, 9.182889698422514e-06, 1.3639287317346316e-05, 1.8491697119316086e-05]]</COVARIANCE_MATRIX>
		<ROI_SIZE>4793</ROI_SIZE>
		<MAX_VALUE>[0.11228076368570328, 0.09037831425666809, 0.06528427451848984, 0.05603647232055664, 0.03504716977477074, 0.0325465053319931]</MAX_VALUE>
		<MIN_VALUE>[0.07954366505146027, 0.05082901939749718, 0.0287704486399889, 0.014955002814531326, 0.0, 0.0]</MIN_VALUE>
		<SIGNATURE_THRESHOLD_MD>0.0</SIGNATURE_THRESHOLD_MD>
		<SIGNATURE_THRESHOLD_ML>0.0</SIGNATURE_THRESHOLD_ML>
		<SIGNATURE_THRESHOLD_SAM>0.0</SIGNATURE_THRESHOLD_SAM>
	</signature>
	<signature ID="20200807_152722295267_388">
		<MACROCLASSID>1</MACROCLASSID>
		<MACROCLASSINFO>MC 1</MACROCLASSINFO>
		<CLASSID>3</CLASSID>
		<CLASSINFO>C 1</CLASSINFO>
		<VALUES>[0.11379638065894446, 0.004859405898694537, 0.10685719177126884, 0.008363741309568984, 0.09023538728555043, 0.006803949690261129, 0.16254397730032602, 0.012820688640613755, 0.11439503480990727, 0.012921847950607909, 0.05575867493947347, 0.010550988217194949]</VALUES>
		<LCS_MIN>[0.10682458430528641, 0.09037831425666809, 0.07988979667425156, 0.14276400208473206, 0.10263980180025101, 0.04942808300256729]</LCS_MIN>
		<LCS_MAX>[0.12319313734769821, 0.1180628314614296, 0.10179809480905533, 0.1747162640094757, 0.14084431529045105, 0.07897084951400757]</LCS_MAX>
		<WAVELENGTH>[0.485, 0.56, 0.66, 0.83, 1.65, 2.215]</WAVELENGTH>
		<MEAN_VALUE>[0.11379638065894446, 0.10685719177126884, 0.09023538728555043, 0.16254397730032602, 0.11439503480990727, 0.05575867493947347]</MEAN_VALUE>
		<CHECKBOX>2</CHECKBOX>
		<SD>[0.004859405898694537, 0.008363741309568984, 0.006803949690261129, 0.012820688640613755, 0.012921847950607909, 0.010550988217194949]</SD>
		<WAVELENGTH_UNIT>E-6m</WAVELENGTH_UNIT>
		<COLOR>#3bff4c</COLOR>
		<COVARIANCE_MATRIX>[[2.8336591640254483e-05, 4.339743827586062e-05, 3.5639335692394525e-05, -4.095550684724003e-05, 6.41386941424571e-05, 5.603297904599458e-05], [4.339743827586062e-05, 8.394259930355474e-05, 6.40216312604025e-05, -5.1751099817920476e-05, 9.298226359533146e-05, 6.84346305206418e-05], [3.5639335692394525e-05, 6.40216312604025e-05, 5.5552478443132713e-05, -4.555678242468275e-05, 9.228409908246249e-05, 6.626417598454282e-05], [-4.095550684724003e-05, -5.1751099817920476e-05, -4.555678242468275e-05, 0.00019724406593013555, -0.0001368278608424589, -0.0001001750715659], [6.41386941424571e-05, 9.298226359533146e-05, 9.228409908246249e-05, -0.0001368278608424589, 0.00020036898786202073, 0.0001488352136220783], [5.603297904599458e-05, 6.84346305206418e-05, 6.626417598454282e-05, -0.0001001750715659, 0.0001488352136220783, 0.0001335880224360153]]</COVARIANCE_MATRIX>
		<ROI_SIZE>6</ROI_SIZE>
		<MAX_VALUE>[0.12319313734769821, 0.1180628314614296, 0.10179809480905533, 0.1747162640094757, 0.14084431529045105, 0.07897084951400757]</MAX_VALUE>
		<MIN_VALUE>[0.10682458430528641, 0.09037831425666809, 0.07988979667425156, 0.14276400208473206, 0.10263980180025101, 0.04942808300256729]</MIN_VALUE>
		<SIGNATURE_THRESHOLD_MD>0.0</SIGNATURE_THRESHOLD_MD>
		<SIGNATURE_THRESHOLD_ML>0.0</SIGNATURE_THRESHOLD_ML>
		<SIGNATURE_THRESHOLD_SAM>0.0</SIGNATURE_THRESHOLD_SAM>
	</signature>
	<signature ID="20200807_153138027377_365">
		<MACROCLASSID>1</MACROCLASSID>
		<MACROCLASSINFO>MC 1</MACROCLASSINFO>
		<CLASSID>4</CLASSID>
		<CLASSINFO>C 1</CLASSINFO>
		<VALUES>[0.12187961613138518, 0.002895122559843605, 0.10663747539122899, 0.003460124453483804, 0.0774555467069149, 0.003848894213730951, 0.09331409550375407, 0.014454590951839229, 0.04990448223219977, 0.016551299901262, 0.02668484321071042, 0.009451641689009764]</VALUES>
		<LCS_MIN>[0.11591821908950806, 0.09828818589448929, 0.06893565505743027, 0.06973028928041458, 0.026230739429593086, 0.015664927661418915]</LCS_MIN>
		<LCS_MAX>[0.1250118762254715, 0.110152967274189, 0.08719257265329361, 0.11537636816501617, 0.0761905163526535, 0.045207686722278595]</LCS_MAX>
		<WAVELENGTH>[0.485, 0.56, 0.66, 0.83, 1.65, 2.215]</WAVELENGTH>
		<MEAN_VALUE>[0.12187961613138518, 0.10663747539122899, 0.0774555467069149, 0.09331409550375407, 0.04990448223219977, 0.02668484321071042]</MEAN_VALUE>
		<CHECKBOX>2</CHECKBOX>
		<SD>[0.002895122559843605, 0.003460124453483804, 0.003848894213730951, 0.014454590951839229, 0.016551299901262, 0.009451641689009764]</SD>
		<WAVELENGTH_UNIT>E-6m</WAVELENGTH_UNIT>
		<COLOR>#9db475</COLOR>
		<COVARIANCE_MATRIX>[[8.874777449818794e-06, 6.957873665669467e-06, -2.604233486636076e-07, -2.091725946229417e-05, -3.089907841058448e-05, -1.763416366884485e-05], [6.957873665669467e-06, 1.2676723599724937e-05, 6.229417067515897e-06, -1.4158961676002946e-05, -2.0586723621818237e-05, -9.054788279172499e-06], [-2.604233486636076e-07, 6.229417067515897e-06, 1.5685398466303013e-05, 1.568669540574774e-05, 1.4307608580566011e-05, 1.9338382116984576e-05], [-2.091725946229417e-05, -1.4158961676002946e-05, 1.568669540574774e-05, 0.0002212255058111623, 0.00019319524290040135, 8.74454781296663e-05], [-3.089907841058448e-05, -2.0586723621818237e-05, 1.4307608580566011e-05, 0.00019319524290040135, 0.00029005997930653393, 0.0001294201792916283], [-1.763416366884485e-05, -9.054788279172499e-06, 1.9338382116984576e-05, 8.74454781296663e-05, 0.0001294201792916283, 9.458844579057768e-05]]</COVARIANCE_MATRIX>
		<ROI_SIZE>18</ROI_SIZE>
		<MAX_VALUE>[0.1250118762254715, 0.110152967274189, 0.08719257265329361, 0.11537636816501617, 0.0761905163526535, 0.045207686722278595]</MAX_VALUE>
		<MIN_VALUE>[0.11591821908950806, 0.09828818589448929, 0.06893565505743027, 0.06973028928041458, 0.026230739429593086, 0.015664927661418915]</MIN_VALUE>
		<SIGNATURE_THRESHOLD_MD>0.0</SIGNATURE_THRESHOLD_MD>
		<SIGNATURE_THRESHOLD_ML>0.0</SIGNATURE_THRESHOLD_ML>
		<SIGNATURE_THRESHOLD_SAM>0.0</SIGNATURE_THRESHOLD_SAM>
	</signature>
	<signature ID="20200807_153240662740_561">
		<MACROCLASSID>1</MACROCLASSID>
		<MACROCLASSINFO>MC 1</MACROCLASSINFO>
		<CLASSID>5</CLASSID>
		<CLASSINFO>C 1</CLASSINFO>
		<VALUES>[0.12205643532797694, 0.0021204976302679496, 0.10768113657832144, 0.003087314595178519, 0.0785205322317779, 0.004257226943237203, 0.08912987215444446, 0.015605017041411583, 0.04386359709315003, 0.010020005556211634, 0.021731741493567824, 0.006146571648460514]</VALUES>
		<LCS_MIN>[0.11955568939447403, 0.10224311798810959, 0.0725870355963707, 0.06973028928041458, 0.02916954830288887, 0.011444530449807644]</LCS_MIN>
		<LCS_MAX>[0.12683060765266418, 0.1141078993678093, 0.08719257265329361, 0.11994097381830215, 0.06149645149707794, 0.0325465053319931]</LCS_MAX>
		<WAVELENGTH>[0.485, 0.56, 0.66, 0.83, 1.65, 2.215]</WAVELENGTH>
		<MEAN_VALUE>[0.12205643532797694, 0.10768113657832144, 0.0785205322317779, 0.08912987215444446, 0.04386359709315003, 0.021731741493567824]</MEAN_VALUE>
		<CHECKBOX>2</CHECKBOX>
		<SD>[0.0021204976302679496, 0.003087314595178519, 0.004257226943237203, 0.015605017041411583, 0.010020005556211634, 0.006146571648460514]</SD>
		<WAVELENGTH_UNIT>E-6m</WAVELENGTH_UNIT>
		<COLOR>#0da606</COLOR>
		<COVARIANCE_MATRIX>[[4.796277607965749e-06, 1.7982265489990823e-06, -4.316560080042109e-06, 2.767231990219443e-07, -1.0689531109164818e-06, -8.315259947266895e-07], [1.7982265489990823e-06, 1.0166945685341489e-05, -3.6102371723245597e-06, -3.068957812502049e-05, -2.7894677259610035e-05, -1.182305277325213e-05], [-4.316560080042109e-06, -3.6102371723245597e-06, 1.9332246665726416e-05, -2.055613549600821e-05, 7.86918644735124e-06, 3.724141606653575e-06], [2.767231990219443e-07, -3.068957812502049e-05, -2.055613549600821e-05, 0.00025975098833441734, 0.00010910467972280458, 6.068298171157949e-05], [-1.0689531109164818e-06, -2.7894677259610035e-05, 7.86918644735124e-06, 0.00010910467972280458, 0.00010709388152463362, 5.45729162695352e-05], [-8.315259947266895e-07, -1.182305277325213e-05, 3.724141606653575e-06, 6.068298171157949e-05, 5.45729162695352e-05, 4.029903357150033e-05]]</COVARIANCE_MATRIX>
		<ROI_SIZE>16</ROI_SIZE>
		<MAX_VALUE>[0.12683060765266418, 0.1141078993678093, 0.08719257265329361, 0.11994097381830215, 0.06149645149707794, 0.0325465053319931]</MAX_VALUE>
		<MIN_VALUE>[0.11955568939447403, 0.10224311798810959, 0.0725870355963707, 0.06973028928041458, 0.02916954830288887, 0.011444530449807644]</MIN_VALUE>
		<SIGNATURE_THRESHOLD_MD>0.0</SIGNATURE_THRESHOLD_MD>
		<SIGNATURE_THRESHOLD_ML>0.0</SIGNATURE_THRESHOLD_ML>
		<SIGNATURE_THRESHOLD_SAM>0.0</SIGNATURE_THRESHOLD_SAM>
	</signature>
	<signature ID="20200807_153254402757_521">
		<MACROCLASSID>1</MACROCLASSID>
		<MACROCLASSINFO>MC 1</MACROCLASSINFO>
		<CLASSID>6</CLASSID>
		<CLASSINFO>C 1</CLASSINFO>
		<VALUES>[0.11773695932193234, 0.003450792260849169, 0.1006611406803131, 0.0049798426139152155, 0.07132565135305578, 0.004304532225774829, 0.08226221190257504, 0.016634633621409867, 0.038734038411216316, 0.011501610867384715, 0.01919470935721289, 0.006324891676384832]</VALUES>
		<LCS_MIN>[0.1086433157324791, 0.08642339706420898, 0.06163289397954941, 0.05603647232055664, 0.014475500211119652, 0.007224135100841522]</LCS_MIN>
		<LCS_MAX>[0.12319313734769821, 0.1061980351805687, 0.07988979667425156, 0.12450557947158813, 0.06149645149707794, 0.0325465053319931]</LCS_MAX>
		<WAVELENGTH>[0.485, 0.56, 0.66, 0.83, 1.65, 2.215]</WAVELENGTH>
		<MEAN_VALUE>[0.11773695932193234, 0.1006611406803131, 0.07132565135305578, 0.08226221190257504, 0.038734038411216316, 0.01919470935721289]</MEAN_VALUE>
		<CHECKBOX>2</CHECKBOX>
		<SD>[0.003450792260849169, 0.0049798426139152155, 0.004304532225774829, 0.016634633621409867, 0.011501610867384715, 0.006324891676384832]</SD>
		<WAVELENGTH_UNIT>E-6m</WAVELENGTH_UNIT>
		<COLOR>#f940a3</COLOR>
		<COVARIANCE_MATRIX>[[1.2128484740969725e-05, 1.3719866728933994e-05, 6.271931397350272e-06, -3.090104291914031e-05, -1.1778557563957293e-05, -4.406442712934222e-06], [1.3719866728933994e-05, 2.525807030906435e-05, 1.2943379260832444e-05, -3.797754834522493e-05, -1.3430783837975468e-05, -4.512853593041655e-06], [6.271931397350272e-06, 1.2943379260832444e-05, 1.887212783913128e-05, -1.8468523194314912e-05, -3.410705176065676e-06, 2.537246245992719e-06], [-3.090104291914031e-05, -3.797754834522493e-05, -1.8468523194314912e-05, 0.00028183532413095236, 0.00014943855057936162, 6.553800631081685e-05], [-1.1778557563957293e-05, -1.3430783837975468e-05, -3.410705176065676e-06, 0.00014943855057936162, 0.0001347368088318035, 6.09330709266942e-05], [-4.406442712934222e-06, -4.512853593041655e-06, 2.537246245992719e-06, 6.553800631081685e-05, 6.09330709266942e-05, 4.0745075239101425e-05]]</COVARIANCE_MATRIX>
		<ROI_SIZE>55</ROI_SIZE>
		<MAX_VALUE>[0.12319313734769821, 0.1061980351805687, 0.07988979667425156, 0.12450557947158813, 0.06149645149707794, 0.0325465053319931]</MAX_VALUE>
		<MIN_VALUE>[0.1086433157324791, 0.08642339706420898, 0.06163289397954941, 0.05603647232055664, 0.014475500211119652, 0.007224135100841522]</MIN_VALUE>
		<SIGNATURE_THRESHOLD_MD>0.0</SIGNATURE_THRESHOLD_MD>
		<SIGNATURE_THRESHOLD_ML>0.0</SIGNATURE_THRESHOLD_ML>
		<SIGNATURE_THRESHOLD_SAM>0.0</SIGNATURE_THRESHOLD_SAM>
	</signature>
	<signature ID="20200807_154116634131_375">
		<MACROCLASSID>1</MACROCLASSID>
		<MACROCLASSINFO>MC 1</MACROCLASSINFO>
		<CLASSID>7</CLASSID>
		<CLASSINFO>C 1</CLASSINFO>
		<VALUES>[0.11913997339350839, 0.004261653814004143, 0.10552005278212684, 0.008792085172118515, 0.07342163920402527, 0.007663467375278524, 0.08303286092621939, 0.015788579703125746, 0.040672888127820835, 0.01661508331590426, 0.021091146634093345, 0.009167458288863058]</VALUES>
		<LCS_MIN>[0.10682458430528641, 0.07851353287696838, 0.057981498539447784, 0.06060107797384262, 0.014475500211119652, 0.007224135100841522]</LCS_MIN>
		<LCS_MAX>[0.1250118762254715, 0.1180628314614296, 0.09084395319223404, 0.11994097381830215, 0.07325168699026108, 0.0367668978869915]</LCS_MAX>
		<WAVELENGTH>[0.485, 0.56, 0.66, 0.83, 1.65, 2.215]</WAVELENGTH>
		<MEAN_VALUE>[0.11913997339350839, 0.10552005278212684, 0.07342163920402527, 0.08303286092621939, 0.040672888127820835, 0.021091146634093345]</MEAN_VALUE>
		<CHECKBOX>2</CHECKBOX>
		<SD>[0.004261653814004143, 0.008792085172118515, 0.007663467375278524, 0.015788579703125746, 0.01661508331590426, 0.009167458288863058]</SD>
		<WAVELENGTH_UNIT>E-6m</WAVELENGTH_UNIT>
		<COLOR>#6c619e</COLOR>
		<COVARIANCE_MATRIX>[[1.8695860489970073e-05, 3.398210174054839e-05, 2.5358080165460706e-05, -3.801376442424953e-05, -3.610722706071101e-05, -8.514286491845269e-06], [3.398210174054839e-05, 7.95743108028546e-05, 5.707214222638868e-05, -7.248385372804478e-05, -6.854511593701318e-05, -1.4377009392774198e-05], [2.5358080165460706e-05, 5.707214222638868e-05, 6.045604823157191e-05, -1.682121910562273e-05, -1.4932837075321004e-05, 1.0748342901933938e-05], [-3.801376442424953e-05, -7.248385372804478e-05, -1.682121910562273e-05, 0.0002566110051702708, 0.00023267972574103624, 9.850766946328804e-05], [-3.610722706071101e-05, -6.854511593701318e-05, -1.4932837075321004e-05, 0.00023267972574103624, 0.0002841804234776646, 0.0001206941160489805], [-8.514286491845269e-06, -1.4377009392774198e-05, 1.0748342901933938e-05, 9.850766946328804e-05, 0.0001206941160489805, 8.651412645122036e-05]]</COVARIANCE_MATRIX>
		<ROI_SIZE>35</ROI_SIZE>
		<MAX_VALUE>[0.1250118762254715, 0.1180628314614296, 0.09084395319223404, 0.11994097381830215, 0.07325168699026108, 0.0367668978869915]</MAX_VALUE>
		<MIN_VALUE>[0.10682458430528641, 0.07851353287696838, 0.057981498539447784, 0.06060107797384262, 0.014475500211119652, 0.007224135100841522]</MIN_VALUE>
		<SIGNATURE_THRESHOLD_MD>0.0</SIGNATURE_THRESHOLD_MD>
		<SIGNATURE_THRESHOLD_ML>0.0</SIGNATURE_THRESHOLD_ML>
		<SIGNATURE_THRESHOLD_SAM>0.0</SIGNATURE_THRESHOLD_SAM>
	</signature>
	<signature ID="20200807_154137949226_868">
		<MACROCLASSID>1</MACROCLASSID>
		<MACROCLASSINFO>MC 1</MACROCLASSINFO>
		<CLASSID>8</CLASSID>
		<CLASSINFO>C 1</CLASSINFO>
		<VALUES>[0.12802218414586164, 0.0029160676856905296, 0.11942660166271803, 0.004316929659680738, 0.09613215897617669, 0.005956473410426599, 0.14481021155571114, 0.03410758141491834, 0.11105086885649583, 0.032940393896308595, 0.06427222593077299, 0.017823814441389873]</VALUES>
		<LCS_MIN>[0.12137440592050552, 0.1061980351805687, 0.08719257265329361, 0.10624714940786362, 0.06149645149707794, 0.0367668978869915]</LCS_MIN>
		<LCS_MAX>[0.13410551846027374, 0.1259727030992508, 0.11640362441539764, 0.20666851103305817, 0.16729360818862915, 0.09163203835487366]</LCS_MAX>
		<WAVELENGTH>[0.485, 0.56, 0.66, 0.83, 1.65, 2.215]</WAVELENGTH>
		<MEAN_VALUE>[0.12802218414586164, 0.11942660166271803, 0.09613215897617669, 0.14481021155571114, 0.11105086885649583, 0.06427222593077299]</MEAN_VALUE>
		<CHECKBOX>2</CHECKBOX>
		<SD>[0.0029160676856905296, 0.004316929659680738, 0.005956473410426599, 0.03410758141491834, 0.032940393896308595, 0.017823814441389873]</SD>
		<WAVELENGTH_UNIT>E-6m</WAVELENGTH_UNIT>
		<COLOR>#dabd37</COLOR>
		<COVARIANCE_MATRIX>[[8.807145604805555e-06, 1.0904587725235615e-05, 1.7747199763107346e-06, -4.6999142796266824e-05, -4.512225859798491e-05, -1.8593857021187432e-05], [1.0904587725235615e-05, 1.930144935613498e-05, 3.3612582228670362e-06, -6.929841038072482e-05, -7.082462980179116e-05, -2.990880784636829e-05], [1.7747199763107346e-06, 3.3612582228670362e-06, 3.674670369946398e-05, 9.355756628792733e-05, 9.956305439118296e-05, 7.004838698776439e-05], [-4.6999142796266824e-05, -6.929841038072482e-05, 9.355756628792733e-05, 0.0012048744829371572, 0.0010855181608349085, 0.000501065282151103], [-4.512225859798491e-05, -7.082462980179116e-05, 9.956305439118296e-05, 0.0010855181608349085, 0.0011238220613449812, 0.0005462027038447559], [-1.8593857021187432e-05, -2.990880784636829e-05, 7.004838698776439e-05, 0.000501065282151103, 0.0005462027038447559, 0.00032903437386266887]]</COVARIANCE_MATRIX>
		<ROI_SIZE>29</ROI_SIZE>
		<MAX_VALUE>[0.13410551846027374, 0.1259727030992508, 0.11640362441539764, 0.20666851103305817, 0.16729360818862915, 0.09163203835487366]</MAX_VALUE>
		<MIN_VALUE>[0.12137440592050552, 0.1061980351805687, 0.08719257265329361, 0.10624714940786362, 0.06149645149707794, 0.0367668978869915]</MIN_VALUE>
		<SIGNATURE_THRESHOLD_MD>0.0</SIGNATURE_THRESHOLD_MD>
		<SIGNATURE_THRESHOLD_ML>0.0</SIGNATURE_THRESHOLD_ML>
		<SIGNATURE_THRESHOLD_SAM>0.0</SIGNATURE_THRESHOLD_SAM>
	</signature>
	<signature ID="20200807_154202831453_190">
		<MACROCLASSID>1</MACROCLASSID>
		<MACROCLASSINFO>MC 1</MACROCLASSINFO>
		<CLASSID>9</CLASSID>
		<CLASSINFO>C 1</CLASSINFO>
		<VALUES>[0.1146802724409504, 0.003127393655533428, 0.09416707598862528, 0.004451963695465424, 0.06200109703951526, 0.003999749998021359, 0.05626661922125257, 0.006897199713697404, 0.01867379962286654, 0.007284489639238888, 0.008622944593711305, 0.004948132581332895]</VALUES>
		<LCS_MIN>[0.10136840492486954, 0.07455859333276749, 0.050678741186857224, 0.046907249838113785, 0.005659071262925863, 0.0]</LCS_MIN>
		<LCS_MAX>[0.12137440592050552, 0.09828818589448929, 0.07623842358589172, 0.07885950803756714, 0.04386359825730324, 0.028326107189059258]</LCS_MAX>
		<WAVELENGTH>[0.485, 0.56, 0.66, 0.83, 1.65, 2.215]</WAVELENGTH>
		<MEAN_VALUE>[0.1146802724409504, 0.09416707598862528, 0.06200109703951526, 0.05626661922125257, 0.01867379962286654, 0.008622944593711305]</MEAN_VALUE>
		<CHECKBOX>2</CHECKBOX>
		<SD>[0.003127393655533428, 0.004451963695465424, 0.003999749998021359, 0.006897199713697404, 0.007284489639238888, 0.004948132581332895]</SD>
		<WAVELENGTH_UNIT>E-6m</WAVELENGTH_UNIT>
		<COLOR>#9cea08</COLOR>
		<COVARIANCE_MATRIX>[[9.863477316685021e-06, 1.0216216651315335e-05, 6.65033758195932e-06, -5.200289706408512e-06, -2.504210669940221e-06, -9.857062650553416e-07], [1.0216216651315335e-05, 1.998794687096961e-05, 1.1443151379353367e-05, -6.692934221064206e-06, -1.758884422997653e-06, 6.995563239797775e-07], [6.65033758195932e-06, 1.1443151379353367e-05, 1.613357562746387e-05, 5.2819195843767375e-06, 9.808342838368844e-06, 6.178602689033141e-06], [-5.200289706408512e-06, -6.692934221064206e-06, 5.2819195843767375e-06, 4.797451038029976e-05, 3.2902913517318666e-05, 1.830881774367299e-05], [-2.504210669940221e-06, -1.758884422997653e-06, 9.808342838368844e-06, 3.2902913517318666e-05, 5.3513482271227986e-05, 2.5729821572895162e-05], [-9.857062650553416e-07, 6.995563239797775e-07, 6.178602689033141e-06, 1.830881774367299e-05, 2.5729821572895162e-05, 2.469150786055252e-05]]</COVARIANCE_MATRIX>
		<ROI_SIZE>119</ROI_SIZE>
		<MAX_VALUE>[0.12137440592050552, 0.09828818589448929, 0.07623842358589172, 0.07885950803756714, 0.04386359825730324, 0.028326107189059258]</MAX_VALUE>
		<MIN_VALUE>[0.10136840492486954, 0.07455859333276749, 0.050678741186857224, 0.046907249838113785, 0.005659071262925863, 0.0]</MIN_VALUE>
		<SIGNATURE_THRESHOLD_MD>0.0</SIGNATURE_THRESHOLD_MD>
		<SIGNATURE_THRESHOLD_ML>0.0</SIGNATURE_THRESHOLD_ML>
		<SIGNATURE_THRESHOLD_SAM>0.0</SIGNATURE_THRESHOLD_SAM>
	</signature>
	<signature ID="20200807_154210067809_861">
		<MACROCLASSID>1</MACROCLASSID>
		<MACROCLASSINFO>MC 1</MACROCLASSINFO>
		<CLASSID>10</CLASSID>
		<CLASSINFO>C 1</CLASSINFO>
		<VALUES>[0.12595259751482257, 0.0038021419842001604, 0.11485797487970055, 0.007753420878751241, 0.08473732733520967, 0.006927611270934157, 0.06335558324795343, 0.008280733695728845, 0.027826816903363024, 0.009207955955178676, 0.01705795636496924, 0.007342831718423586]</VALUES>
		<LCS_MIN>[0.11046204715967178, 0.08642339706420898, 0.06528427451848984, 0.046907249838113785, 0.014475500211119652, 0.0]</LCS_MIN>
		<LCS_MAX>[0.13228677213191986, 0.1259727030992508, 0.10179809480905533, 0.08342410624027252, 0.05268003046512604, 0.0409872941672802]</LCS_MAX>
		<WAVELENGTH>[0.485, 0.56, 0.66, 0.83, 1.65, 2.215]</WAVELENGTH>
		<MEAN_VALUE>[0.12595259751482257, 0.11485797487970055, 0.08473732733520967, 0.06335558324795343, 0.027826816903363024, 0.01705795636496924]</MEAN_VALUE>
		<CHECKBOX>2</CHECKBOX>
		<SD>[0.0038021419842001604, 0.007753420878751241, 0.006927611270934157, 0.008280733695728845, 0.009207955955178676, 0.007342831718423586]</SD>
		<WAVELENGTH_UNIT>E-6m</WAVELENGTH_UNIT>
		<COLOR>#46e3bd</COLOR>
		<COVARIANCE_MATRIX>[[1.4581990399165079e-05, 2.5245417418773286e-05, 1.9596067431848496e-05, -2.2528122372023063e-06, -6.31454440735979e-07, 2.5686399567348417e-06], [2.5245417418773286e-05, 6.0638278227997944e-05, 4.2543480958556756e-05, -3.182895625286619e-06, -4.441744295036187e-06, 2.2843162241770187e-06], [1.9596067431848496e-05, 4.2543480958556756e-05, 4.8409117880510166e-05, 1.928589517774526e-05, 1.3750442121818196e-05, 1.2925503142469097e-05], [-2.2528122372023063e-06, -3.182895625286619e-06, 1.928589517774526e-05, 6.91668174113147e-05, 5.482250708155334e-05, 3.7792935472680256e-05], [-6.31454440735979e-07, -4.441744295036187e-06, 1.3750442121818196e-05, 5.482250708155334e-05, 8.552372310077772e-05, 5.1759845518972725e-05], [2.5686399567348417e-06, 2.2843162241770187e-06, 1.2925503142469097e-05, 3.7792935472680256e-05, 5.1759845518972725e-05, 5.4386022384278476e-05]]</COVARIANCE_MATRIX>
		<ROI_SIZE>116</ROI_SIZE>
		<MAX_VALUE>[0.13228677213191986, 0.1259727030992508, 0.10179809480905533, 0.08342410624027252, 0.05268003046512604, 0.0409872941672802]</MAX_VALUE>
		<MIN_VALUE>[0.11046204715967178, 0.08642339706420898, 0.06528427451848984, 0.046907249838113785, 0.014475500211119652, 0.0]</MIN_VALUE>
		<SIGNATURE_THRESHOLD_MD>0.0</SIGNATURE_THRESHOLD_MD>
		<SIGNATURE_THRESHOLD_ML>0.0</SIGNATURE_THRESHOLD_ML>
		<SIGNATURE_THRESHOLD_SAM>0.0</SIGNATURE_THRESHOLD_SAM>
	</signature>
	<signature ID="20200807_154217654176_745">
		<MACROCLASSID>1</MACROCLASSID>
		<MACROCLASSINFO>MC 1</MACROCLASSINFO>
		<CLASSID>11</CLASSID>
		<CLASSINFO>C 1</CLASSINFO>
		<VALUES>[0.12512698439480383, 0.0034807000965557575, 0.11502571215357957, 0.007733666144968642, 0.08437314384345769, 0.0061195757245102915, 0.06759243887625167, 0.008909966255230765, 0.026590340236351206, 0.009497832193787735, 0.015171446535885645, 0.006706936909047834]</VALUES>
		<LCS_MIN>[0.10682458430528641, 0.08246846497058868, 0.057981498539447784, 0.05147186294198036, 0.00859787967056036, 0.0]</LCS_MIN>
		<LCS_MAX>[0.13046805560588837, 0.1299276202917099, 0.10544948279857635, 0.0879887118935585, 0.05268003046512604, 0.0367668978869915]</LCS_MAX>
		<WAVELENGTH>[0.485, 0.56, 0.66, 0.83, 1.65, 2.215]</WAVELENGTH>
		<MEAN_VALUE>[0.12512698439480383, 0.11502571215357957, 0.08437314384345769, 0.06759243887625167, 0.026590340236351206, 0.015171446535885645]</MEAN_VALUE>
		<CHECKBOX>2</CHECKBOX>
		<SD>[0.0034807000965557575, 0.007733666144968642, 0.0061195757245102915, 0.008909966255230765, 0.009497832193787735, 0.006706936909047834]</SD>
		<WAVELENGTH_UNIT>E-6m</WAVELENGTH_UNIT>
		<COLOR>#664b35</COLOR>
		<COVARIANCE_MATRIX>[[1.2166608939878643e-05, 2.159466930606868e-05, 1.4620688489230815e-05, -5.486734607984545e-06, -2.781968078124919e-06, -1.0068864639833919e-06], [2.159466930606868e-05, 6.006302282912657e-05, 3.521321195876226e-05, -8.73877161211567e-06, -3.631135996329249e-06, -3.734864719717734e-07], [1.4620688489230815e-05, 3.521321195876226e-05, 3.7607889680657536e-05, 1.0967191883537453e-05, 1.2976553080079611e-05, 1.1885880667250603e-05], [-5.486734607984545e-06, -8.73877161211567e-06, 1.0967191883537453e-05, 7.972388993948698e-05, 6.176257011247799e-05, 3.791213021031581e-05], [-2.781968078124919e-06, -3.631135996329249e-06, 1.2976553080079611e-05, 6.176257011247799e-05, 9.059105650521815e-05, 4.933920718031004e-05], [-1.0068864639833919e-06, -3.734864719717734e-07, 1.1885880667250603e-05, 3.791213021031581e-05, 4.933920718031004e-05, 4.517360866884701e-05]]</COVARIANCE_MATRIX>
		<ROI_SIZE>237</ROI_SIZE>
		<MAX_VALUE>[0.13046805560588837, 0.1299276202917099, 0.10544948279857635, 0.0879887118935585, 0.05268003046512604, 0.0367668978869915]</MAX_VALUE>
		<MIN_VALUE>[0.10682458430528641, 0.08246846497058868, 0.057981498539447784, 0.05147186294198036, 0.00859787967056036, 0.0]</MIN_VALUE>
		<SIGNATURE_THRESHOLD_MD>0.0</SIGNATURE_THRESHOLD_MD>
		<SIGNATURE_THRESHOLD_ML>0.0</SIGNATURE_THRESHOLD_ML>
		<SIGNATURE_THRESHOLD_SAM>0.0</SIGNATURE_THRESHOLD_SAM>
	</signature>
	<signature ID="20200807_154234776820_725">
		<MACROCLASSID>1</MACROCLASSID>
		<MACROCLASSINFO>MC 1</MACROCLASSINFO>
		<CLASSID>12</CLASSID>
		<CLASSINFO>C 1</CLASSINFO>
		<VALUES>[0.11640618378069341, 0.002572835437952711, 0.0972271047350837, 0.004099341065911516, 0.06662014562909196, 0.00424873427633612, 0.06728099059404397, 0.013454124182298981, 0.039347864369430184, 0.016751876191976992, 0.02245873031092853, 0.009726269082104848]</VALUES>
		<LCS_MIN>[0.11046204715967178, 0.08642339706420898, 0.057981498539447784, 0.05147186294198036, 0.017414309084415436, 0.007224135100841522]</LCS_MIN>
		<LCS_MAX>[0.12137440592050552, 0.1061980351805687, 0.07623842358589172, 0.10168254375457764, 0.0761905163526535, 0.045207686722278595]</LCS_MAX>
		<WAVELENGTH>[0.485, 0.56, 0.66, 0.83, 1.65, 2.215]</WAVELENGTH>
		<MEAN_VALUE>[0.11640618378069341, 0.0972271047350837, 0.06662014562909196, 0.06728099059404397, 0.039347864369430184, 0.02245873031092853]</MEAN_VALUE>
		<CHECKBOX>2</CHECKBOX>
		<SD>[0.002572835437952711, 0.004099341065911516, 0.00424873427633612, 0.013454124182298981, 0.016751876191976992, 0.009726269082104848]</SD>
		<WAVELENGTH_UNIT>E-6m</WAVELENGTH_UNIT>
		<COLOR>#2e2ec4</COLOR>
		<COVARIANCE_MATRIX>[[6.784969173168065e-06, 5.9254061852698214e-06, 2.1542423382925335e-06, -1.1435208762122784e-05, -1.3375281923799776e-05, -8.579060704505537e-06], [5.9254061852698214e-06, 1.7224712792085484e-05, 9.39543497224804e-06, -4.0728647832111164e-07, -3.458496394159738e-06, -1.2213551769946207e-07], [2.1542423382925335e-06, 9.39543497224804e-06, 1.850303669925779e-05, 3.0021139536984265e-05, 3.086389187956229e-05, 1.4583372831111774e-05], [-1.1435208762122784e-05, -4.0728647832111164e-07, 3.0021139536984265e-05, 0.00018553879635874182, 0.00018250278662890196, 9.844834130490199e-05], [-1.3375281923799776e-05, -3.458496394159738e-06, 3.086389187956229e-05, 0.00018250278662890196, 0.00028764098533429205, 0.00014059183013159782], [-8.579060704505537e-06, -1.2213551769946207e-07, 1.4583372831111774e-05, 9.844834130490199e-05, 0.00014059183013159782, 9.696531924419105e-05]]</COVARIANCE_MATRIX>
		<ROI_SIZE>41</ROI_SIZE>
		<MAX_VALUE>[0.12137440592050552, 0.1061980351805687, 0.07623842358589172, 0.10168254375457764, 0.0761905163526535, 0.045207686722278595]</MAX_VALUE>
		<MIN_VALUE>[0.11046204715967178, 0.08642339706420898, 0.057981498539447784, 0.05147186294198036, 0.017414309084415436, 0.007224135100841522]</MIN_VALUE>
		<SIGNATURE_THRESHOLD_MD>0.0</SIGNATURE_THRESHOLD_MD>
		<SIGNATURE_THRESHOLD_ML>0.0</SIGNATURE_THRESHOLD_ML>
		<SIGNATURE_THRESHOLD_SAM>0.0</SIGNATURE_THRESHOLD_SAM>
	</signature>
	<signature ID="20200807_154325387352_193">
		<MACROCLASSID>1</MACROCLASSID>
		<MACROCLASSINFO>MC 1</MACROCLASSINFO>
		<CLASSID>13</CLASSID>
		<CLASSINFO>C 1</CLASSINFO>
		<VALUES>[0.12023771461099386, 0.003851399079661636, 0.1101529709994793, 0.010275212839156436, 0.09723386634141207, 0.012877267748760659, 0.12450557947158813, 0.015479336109721614, 0.09933362528681756, 0.020277653294094995, 0.07633309718221426, 0.011925418621640356]</VALUES>
		<LCS_MIN>[0.11409951746463776, 0.09433324635028839, 0.07988979667425156, 0.10624714940786362, 0.06737406551837921, 0.06208926439285278]</LCS_MIN>
		<LCS_MAX>[0.12683060765266418, 0.1259727030992508, 0.12005499750375748, 0.16102243959903717, 0.12027264386415482, 0.09585242718458176]</LCS_MAX>
		<WAVELENGTH>[0.485, 0.56, 0.66, 0.83, 1.65, 2.215]</WAVELENGTH>
		<MEAN_VALUE>[0.12023771461099386, 0.1101529709994793, 0.09723386634141207, 0.12450557947158813, 0.09933362528681756, 0.07633309718221426]</MEAN_VALUE>
		<CHECKBOX>2</CHECKBOX>
		<SD>[0.003851399079661636, 0.010275212839156436, 0.012877267748760659, 0.015479336109721614, 0.020277653294094995, 0.011925418621640356]</SD>
		<WAVELENGTH_UNIT>E-6m</WAVELENGTH_UNIT>
		<COLOR>#995013</COLOR>
		<COVARIANCE_MATRIX>[[1.695231367193628e-05, 3.4937180316774175e-05, 4.7197623644024134e-05, 4.981068195775151e-05, 4.9153932195622474e-05, 2.1793648556922562e-05], [3.4937180316774175e-05, 0.00012066285853506997, 0.00014647262287326157, 0.00011605316831264645, 4.8151647206395864e-05, 7.15344722266309e-05], [4.7197623644024134e-05, 0.00014647262287326157, 0.0001895131717901677, 0.00017619524442125112, 0.00010998983634635806, 8.750833512749523e-05], [4.981068195775151e-05, 0.00011605316831264645, 0.00017619524442125112, 0.0002738398325163871, 0.00020313402637839317, 0.00011283468484180048], [4.9153932195622474e-05, 4.8151647206395864e-05, 0.00010998983634635806, 0.00020313402637839317, 0.0004699236887972802, 0.00010697540710680187], [2.1793648556922562e-05, 7.15344722266309e-05, 8.750833512749523e-05, 0.00011283468484180048, 0.00010697540710680187, 0.00016253213107120246]]</COVARIANCE_MATRIX>
		<ROI_SIZE>8</ROI_SIZE>
		<MAX_VALUE>[0.12683060765266418, 0.1259727030992508, 0.12005499750375748, 0.16102243959903717, 0.12027264386415482, 0.09585242718458176]</MAX_VALUE>
		<MIN_VALUE>[0.11409951746463776, 0.09433324635028839, 0.07988979667425156, 0.10624714940786362, 0.06737406551837921, 0.06208926439285278]</MIN_VALUE>
		<SIGNATURE_THRESHOLD_MD>0.0</SIGNATURE_THRESHOLD_MD>
		<SIGNATURE_THRESHOLD_ML>0.0</SIGNATURE_THRESHOLD_ML>
		<SIGNATURE_THRESHOLD_SAM>0.0</SIGNATURE_THRESHOLD_SAM>
	</signature>
	<signature ID="20200807_154438149229_221">
		<MACROCLASSID>1</MACROCLASSID>
		<MACROCLASSINFO>MC 1</MACROCLASSINFO>
		<CLASSID>14</CLASSID>
		<CLASSINFO>C 1</CLASSINFO>
		<VALUES>[0.11698806987089269, 0.0031844580268841458, 0.09130889089668498, 0.004606093778832785, 0.06614342112751569, 0.005674613609210183, 0.10383059172069324, 0.024760885429757584, 0.05060557056875789, 0.011701728025623841, 0.026340039282598916, 0.006960099072507567]</VALUES>
		<LCS_MIN>[0.11046204715967178, 0.08246846497058868, 0.057981498539447784, 0.07885950803756714, 0.02916954830288887, 0.011444530449807644]</LCS_MIN>
		<LCS_MAX>[0.12319313734769821, 0.09828818589448929, 0.07623842358589172, 0.1564578264951706, 0.07031287997961044, 0.045207686722278595]</LCS_MAX>
		<WAVELENGTH>[0.485, 0.56, 0.66, 0.83, 1.65, 2.215]</WAVELENGTH>
		<MEAN_VALUE>[0.11698806987089269, 0.09130889089668498, 0.06614342112751569, 0.10383059172069324, 0.05060557056875789, 0.026340039282598916]</MEAN_VALUE>
		<CHECKBOX>2</CHECKBOX>
		<SD>[0.0031844580268841458, 0.004606093778832785, 0.005674613609210183, 0.024760885429757584, 0.011701728025623841, 0.006960099072507567]</SD>
		<WAVELENGTH_UNIT>E-6m</WAVELENGTH_UNIT>
		<COLOR>#65b177</COLOR>
		<COVARIANCE_MATRIX>[[1.0774570910143666e-05, 1.1080318472522777e-05, 1.5625593732693233e-05, -4.2394138290546834e-05, -6.327480605250457e-06, 3.696748080983525e-06], [1.1080318472522777e-05, 2.2542106307810172e-05, 2.3519667593063787e-05, -6.869318167446181e-05, -1.8288788851350546e-05, 1.9636972865555435e-06], [1.5625593732693233e-05, 2.3519667593063787e-05, 3.421381552470848e-05, -0.00010092197044286877, -2.828650212904904e-05, -3.002727680723183e-06], [-4.2394138290546834e-05, -6.869318167446181e-05, -0.00010092197044286877, 0.0006514202686958015, 0.0002403269027126953, 4.065363827976398e-05], [-6.327480605250457e-06, -1.8288788851350546e-05, -2.828650212904904e-05, 0.0002403269027126953, 0.00014548859326168895, 3.128091702819802e-05], [3.696748080983525e-06, 1.9636972865555435e-06, -3.002727680723183e-06, 4.065363827976398e-05, 3.128091702819802e-05, 5.147066622157581e-05]]</COVARIANCE_MATRIX>
		<ROI_SIZE>17</ROI_SIZE>
		<MAX_VALUE>[0.12319313734769821, 0.09828818589448929, 0.07623842358589172, 0.1564578264951706, 0.07031287997961044, 0.045207686722278595]</MAX_VALUE>
		<MIN_VALUE>[0.11046204715967178, 0.08246846497058868, 0.057981498539447784, 0.07885950803756714, 0.02916954830288887, 0.011444530449807644]</MIN_VALUE>
		<SIGNATURE_THRESHOLD_MD>0.0</SIGNATURE_THRESHOLD_MD>
		<SIGNATURE_THRESHOLD_ML>0.0</SIGNATURE_THRESHOLD_ML>
		<SIGNATURE_THRESHOLD_SAM>0.0</SIGNATURE_THRESHOLD_SAM>
	</signature>
	<signature ID="20200807_154450895089_572">
		<MACROCLASSID>1</MACROCLASSID>
		<MACROCLASSINFO>MC 1</MACROCLASSINFO>
		<CLASSID>15</CLASSID>
		<CLASSINFO>C 1</CLASSINFO>
		<VALUES>[0.12144915739150897, 0.0035547787312546304, 0.09704210772498012, 0.00408166592108974, 0.07353739654772902, 0.005860545479402817, 0.11093681458741017, 0.020910463611364102, 0.06854154557397922, 0.014378583017257536, 0.039541952158898525, 0.01015250732630897]</VALUES>
		<LCS_MIN>[0.11409951746463776, 0.08642339706420898, 0.06528427451848984, 0.07885950803756714, 0.03798597678542137, 0.019885318353772163]</LCS_MIN>
		<LCS_MAX>[0.12864933907985687, 0.110152967274189, 0.09449533373117447, 0.16102243959903717, 0.10263980180025101, 0.06208926439285278]</LCS_MAX>
		<WAVELENGTH>[0.485, 0.56, 0.66, 0.83, 1.65, 2.215]</WAVELENGTH>
		<MEAN_VALUE>[0.12144915739150897, 0.09704210772498012, 0.07353739654772902, 0.11093681458741017, 0.06854154557397922, 0.039541952158898525]</MEAN_VALUE>
		<CHECKBOX>2</CHECKBOX>
		<SD>[0.0035547787312546304, 0.00408166592108974, 0.005860545479402817, 0.020910463611364102, 0.014378583017257536, 0.01015250732630897]</SD>
		<WAVELENGTH_UNIT>E-6m</WAVELENGTH_UNIT>
		<COLOR>#c813f0</COLOR>
		<COVARIANCE_MATRIX>[[1.2811958185920957e-05, 7.287377684406238e-06, 1.4869950064166915e-05, -9.579575817042496e-06, -2.76091805062606e-06, 1.013065775623545e-05], [7.287377684406238e-06, 1.689138480287511e-05, 1.8449602066539228e-05, 1.6706311726011336e-05, 1.6164882254088297e-05, 2.066098022623919e-05], [1.4869950064166915e-05, 1.8449602066539228e-05, 3.482302054180764e-05, 2.7889536795555614e-05, 2.0336512534413487e-05, 3.478159851511009e-05], [-9.579575817042496e-06, 1.6706311726011336e-05, 2.7889536795555614e-05, 0.0004433203721418977, 0.00018858673865906894, 0.00010319454304408282], [-2.76091805062606e-06, 1.6164882254088297e-05, 2.0336512534413487e-05, 0.00018858673865906894, 0.00020961508562322706, 0.0001140263193519786], [1.013065775623545e-05, 2.066098022623919e-05, 3.478159851511009e-05, 0.00010319454304408282, 0.0001140263193519786, 0.00010450497939018533]]</COVARIANCE_MATRIX>
		<ROI_SIZE>73</ROI_SIZE>
		<MAX_VALUE>[0.12864933907985687, 0.110152967274189, 0.09449533373117447, 0.16102243959903717, 0.10263980180025101, 0.06208926439285278]</MAX_VALUE>
		<MIN_VALUE>[0.11409951746463776, 0.08642339706420898, 0.06528427451848984, 0.07885950803756714, 0.03798597678542137, 0.019885318353772163]</MIN_VALUE>
		<SIGNATURE_THRESHOLD_MD>0.0</SIGNATURE_THRESHOLD_MD>
		<SIGNATURE_THRESHOLD_ML>0.0</SIGNATURE_THRESHOLD_ML>
		<SIGNATURE_THRESHOLD_SAM>0.0</SIGNATURE_THRESHOLD_SAM>
	</signature>
	<signature ID="20200807_154520355078_984">
		<MACROCLASSID>1</MACROCLASSID>
		<MACROCLASSINFO>MC 1</MACROCLASSINFO>
		<CLASSID>16</CLASSID>
		<CLASSINFO>C 1</CLASSINFO>
		<VALUES>[0.13616354626260296, 0.0031131894083688797, 0.1456432609181656, 0.0072861362494192955, 0.15210068372911528, 0.011661557666067093, 0.14132255374601005, 0.012592698048726224, 0.04177549503449547, 0.013106526261832337, 0.02071829181850741, 0.0077765919902926415]</VALUES>
