<?xml version="1.0" ?>
<signaturelist MCID_LIST="[['1', 'waterbody', '#0000ff'], ['2', 'vegetation', '#00ff00'], ['3', 'bare land', '#ff5500'], ['4', 'built-up', '#ff0000']]">
	<signature ID="20200810_191407553953_575">
		<MACROCLASSID>1</MACROCLASSID>
		<MACROCLASSINFO>waterbody</MACROCLASSINFO>
		<CLASSID>1</CLASSID>
		<CLASSINFO>C 1</CLASSINFO>
		<VALUES>[0.10739542359764553, 0.0026160100156601518, 0.09806706435207664, 0.0027690010010370746, 0.06682702387287015, 0.002279425728705023, 0.03999287727149736, 0.0031884345120514633, 0.010677009590783682, 0.003035294409667056, 0.005730071717916036, 0.002940198894054845]</VALUES>
		<LCS_MIN>[0.09958335757255554, 0.0880967304110527, 0.060243088752031326, 0.03486085310578346, 0.005222083069384098, 0.0]</LCS_MIN>
		<LCS_MAX>[0.1148994043469429, 0.1040860190987587, 0.07035136222839355, 0.047497253865003586, 0.016069594770669937, 0.010560794733464718]</LCS_MAX>
		<WAVELENGTH>[0.485, 0.56, 0.66, 0.83, 1.65, 2.215]</WAVELENGTH>
		<MEAN_VALUE>[0.10739542359764553, 0.09806706435207664, 0.06682702387287015, 0.03999287727149736, 0.010677009590783682, 0.005730071717916036]</MEAN_VALUE>
		<CHECKBOX>2</CHECKBOX>
		<SD>[0.0026160100156601518, 0.0027690010010370746, 0.002279425728705023, 0.0031884345120514633, 0.003035294409667056, 0.002940198894054845]</SD>
		<WAVELENGTH_UNIT>E-6m</WAVELENGTH_UNIT>
		<COLOR>#3534d4</COLOR>
		<COVARIANCE_MATRIX>[[6.883066362206591e-06, 2.657743834788562e-06, -5.353160759113962e-07, -1.6807670135676744e-06, -2.0155666788923554e-06, -1.1114055951111368e-06], [2.657743834788562e-06, 7.711686521361116e-06, 1.7870543160825036e-06, -3.774428478209302e-06, -3.257622893215739e-06, -2.071451035590144e-06], [-5.353160759113962e-07, 1.7870543160825036e-06, 5.22581512996112e-06, -8.411193448409904e-07, -1.3684043551620562e-06, -9.365027722196828e-07], [-1.6807670135676744e-06, -3.774428478209302e-06, -8.411193448409904e-07, 1.022487867885502e-05, 3.2725438359193504e-06, 1.2053358204866527e-06], [-2.0155666788923554e-06, -3.257622893215739e-06, -1.3684043551620562e-06, 3.2725438359193504e-06, 9.266266715712845e-06, 3.246231926823384e-06], [-1.1114055951111368e-06, -2.071451035590144e-06, -9.365027722196828e-07, 1.2053358204866527e-06, 3.246231926823384e-06, 8.694739335624035e-06]]</COVARIANCE_MATRIX>
		<ROI_SIZE>174</ROI_SIZE>
		<MAX_VALUE>[0.1148994043469429, 0.1040860190987587, 0.07035136222839355, 0.047497253865003586, 0.016069594770669937, 0.010560794733464718]</MAX_VALUE>
		<MIN_VALUE>[0.09958335757255554, 0.0880967304110527, 0.060243088752031326, 0.03486085310578346, 0.005222083069384098, 0.0]</MIN_VALUE>
		<SIGNATURE_THRESHOLD_MD>0.0</SIGNATURE_THRESHOLD_MD>
		<SIGNATURE_THRESHOLD_ML>0.0</SIGNATURE_THRESHOLD_ML>
		<SIGNATURE_THRESHOLD_SAM>0.0</SIGNATURE_THRESHOLD_SAM>
	</signature>
	<signature ID="20200810_191416393530_421">
		<MACROCLASSID>1</MACROCLASSID>
		<MACROCLASSINFO>waterbody</MACROCLASSINFO>
		<CLASSID>2</CLASSID>
		<CLASSINFO>C 1</CLASSINFO>
		<VALUES>[0.0997927610296756, 0.0029527228751228952, 0.07897785038221627, 0.004550453640139093, 0.05471511994255707, 0.002257706323242713, 0.040126019302988425, 0.0036478137069805567, 0.012933985504787415, 0.002963694352526117, 0.008430989539192522, 0.0024755449664171335]</VALUES>
		<LCS_MIN>[0.09192534536123276, 0.07210744917392731, 0.0501348078250885, 0.030648725107312202, 0.007933961227536201, 0.0066662938334047794]</LCS_MIN>
		<LCS_MAX>[0.10724137723445892, 0.0880967304110527, 0.060243088752031326, 0.047497253865003586, 0.018781473860144615, 0.018349794670939445]</LCS_MAX>
		<WAVELENGTH>[0.485, 0.56, 0.66, 0.83, 1.65, 2.215]</WAVELENGTH>
		<MEAN_VALUE>[0.0997927610296756, 0.07897785038221627, 0.05471511994255707, 0.040126019302988425, 0.012933985504787415, 0.008430989539192522]</MEAN_VALUE>
		<CHECKBOX>2</CHECKBOX>
		<SD>[0.0029527228751228952, 0.004550453640139093, 0.002257706323242713, 0.0036478137069805567, 0.002963694352526117, 0.0024755449664171335]</SD>
		<WAVELENGTH_UNIT>E-6m</WAVELENGTH_UNIT>
		<COLOR>#b4c704</COLOR>
		<COVARIANCE_MATRIX>[[8.856962267600466e-06, 9.106789548241068e-06, 1.5855015362831182e-06, -4.3200784602959175e-06, -8.163829647855891e-07, -1.55888983499608e-06], [9.106789548241068e-06, 2.103530459862668e-05, 3.093260829700739e-06, -4.944271495332941e-06, -3.2370194276154507e-06, -2.4324324385816e-06], [1.5855015362831182e-06, 3.093260829700739e-06, 5.178146238904446e-06, 5.068758923698624e-07, -5.892203702728693e-08, -7.127413255147985e-07], [-4.3200784602959175e-06, -4.944271495332941e-06, 5.068758923698624e-07, 1.3517759725800715e-05, 4.5328476971917553e-07, 3.0595042517234106e-06], [-8.163829647855891e-07, -3.2370194276154507e-06, -5.892203702728693e-08, 4.5328476971917553e-07, 8.92290427145781e-06, 5.919841328250186e-07], [-1.55888983499608e-06, -2.4324324385816e-06, -7.127413255147985e-07, 3.0595042517234106e-06, 5.919841328250186e-07, 6.225597644515801e-06]]</COVARIANCE_MATRIX>
		<ROI_SIZE>64</ROI_SIZE>
		<MAX_VALUE>[0.10724137723445892, 0.0880967304110527, 0.060243088752031326, 0.047497253865003586, 0.018781473860144615, 0.018349794670939445]</MAX_VALUE>
		<MIN_VALUE>[0.09192534536123276, 0.07210744917392731, 0.0501348078250885, 0.030648725107312202, 0.007933961227536201, 0.0066662938334047794]</MIN_VALUE>
		<SIGNATURE_THRESHOLD_MD>0.0</SIGNATURE_THRESHOLD_MD>
		<SIGNATURE_THRESHOLD_ML>0.0</SIGNATURE_THRESHOLD_ML>
		<SIGNATURE_THRESHOLD_SAM>0.0</SIGNATURE_THRESHOLD_SAM>
	</signature>
	<signature ID="20200810_191430255292_706">
		<MACROCLASSID>1</MACROCLASSID>
		<MACROCLASSINFO>waterbody</MACROCLASSINFO>
		<CLASSID>3</CLASSID>
		<CLASSINFO>C 1</CLASSINFO>
		<VALUES>[0.1423204279209996, 0.0023145953344294, 0.18196795922291453, 0.003290400071103268, 0.15168674018564102, 0.0022829998575389578, 0.053271603362658355, 0.0025970983401949195, 0.012444603243324021, 0.00342544432249335, 0.007277583123974588, 0.0034682583316192396]</VALUES>
		<LCS_MIN>[0.1359589397907257, 0.1760377585887909, 0.14447873830795288, 0.04328511655330658, 0.0025102051440626383, 0.002771795028820634]</LCS_MIN>
		<LCS_MAX>[0.14936046302318573, 0.1920270323753357, 0.15795645117759705, 0.06013365089893341, 0.018781473860144615, 0.018349794670939445]</LCS_MAX>
		<WAVELENGTH>[0.485, 0.56, 0.66, 0.83, 1.65, 2.215]</WAVELENGTH>
		<MEAN_VALUE>[0.1423204279209996, 0.18196795922291453, 0.15168674018564102, 0.053271603362658355, 0.012444603243324021, 0.007277583123974588]</MEAN_VALUE>
		<CHECKBOX>2</CHECKBOX>
		<SD>[0.0023145953344294, 0.003290400071103268, 0.0022829998575389578, 0.0025970983401949195, 0.00342544432249335, 0.0034682583316192396]</SD>
		<WAVELENGTH_UNIT>E-6m</WAVELENGTH_UNIT>
		<COLOR>#77b0d1</COLOR>
		<COVARIANCE_MATRIX>[[5.364141543395817e-06, 2.014544634221238e-06, 7.071608365549764e-07, 4.4382693431543885e-07, 8.463072020958862e-08, -5.672362703990075e-07], [2.014544634221238e-06, 1.0840454706340097e-05, 1.4989699366196874e-06, -6.546787858496828e-07, -1.365367324979161e-06, -1.5973921563272597e-06], [7.071608365549764e-07, 1.4989699366196874e-06, 5.218694241193589e-06, 5.972439680590469e-07, 4.3943002014934507e-10, -4.5347042032517493e-07], [4.4382693431543885e-07, -6.546787858496828e-07, 5.972439680590469e-07, 6.753468369424809e-06, 3.4985869206138887e-06, 1.8921994069387438e-06], [8.463072020958862e-08, -1.365367324979161e-06, 4.3943002014934507e-10, 3.4985869206138887e-06, 1.1748540600819979e-05, 4.132896265218733e-06], [-5.672362703990075e-07, -1.5973921563272597e-06, -4.5347042032517493e-07, 1.8921994069387438e-06, 4.132896265218733e-06, 1.2044061804772355e-05]]</COVARIANCE_MATRIX>
		<ROI_SIZE>790</ROI_SIZE>
		<MAX_VALUE>[0.14936046302318573, 0.1920270323753357, 0.15795645117759705, 0.06013365089893341, 0.018781473860144615, 0.018349794670939445]</MAX_VALUE>
		<MIN_VALUE>[0.1359589397907257, 0.1760377585887909, 0.14447873830795288, 0.04328511655330658, 0.0025102051440626383, 0.002771795028820634]</MIN_VALUE>
		<SIGNATURE_THRESHOLD_MD>0.0</SIGNATURE_THRESHOLD_MD>
		<SIGNATURE_THRESHOLD_ML>0.0</SIGNATURE_THRESHOLD_ML>
		<SIGNATURE_THRESHOLD_SAM>0.0</SIGNATURE_THRESHOLD_SAM>
	</signature>
	<signature ID="20200810_191445650015_260">
		<MACROCLASSID>1</MACROCLASSID>
		<MACROCLASSINFO>waterbody</MACROCLASSINFO>
		<CLASSID>4</CLASSID>
		<CLASSINFO>C 1</CLASSINFO>
		<VALUES>[0.09888525190979816, 0.003226636480009756, 0.0784107173933725, 0.0064326839011826205, 0.05642131809434051, 0.00707542319976427, 0.04743379878046721, 0.01227300393940346, 0.01313338568568225, 0.007658147566540904, 0.00740005820298441, 0.005534054650297411]</VALUES>
		<LCS_MIN>[0.09001085162162781, 0.0641128197312355, 0.03328767046332359, 0.0011637922143563628, 0.0, 0.0]</LCS_MIN>
		<LCS_MAX>[0.1148994043469429, 0.1120806559920311, 0.09393735229969025, 0.08540644496679306, 0.056747760623693466, 0.045611292123794556]</LCS_MAX>
		<WAVELENGTH>[0.485, 0.56, 0.66, 0.83, 1.65, 2.215]</WAVELENGTH>
		<MEAN_VALUE>[0.09888525190979816, 0.0784107173933725, 0.05642131809434051, 0.04743379878046721, 0.01313338568568225, 0.00740005820298441]</MEAN_VALUE>
		<CHECKBOX>2</CHECKBOX>
		<SD>[0.003226636480009756, 0.0064326839011826205, 0.00707542319976427, 0.01227300393940346, 0.007658147566540904, 0.005534054650297411]</SD>
		<WAVELENGTH_UNIT>E-6m</WAVELENGTH_UNIT>
		<COLOR>#04e985</COLOR>
		<COVARIANCE_MATRIX>[[1.041579798766179e-05, 1.4602788724005222e-05, 1.3812316865369212e-05, 4.548955985228531e-06, 4.100352271052543e-06, 2.339864522582502e-06], [1.4602788724005222e-05, 4.139776501688175e-05, 3.648240090114996e-05, 1.622237869014498e-05, 1.2222684745211154e-05, 6.613031928281998e-06], [1.3812316865369212e-05, 3.648240090114996e-05, 5.008380321669392e-05, 4.146665378357284e-05, 2.5604216716601513e-05, 1.4009703591000289e-05], [4.548955985228531e-06, 1.622237869014498e-05, 4.146665378357284e-05, 0.00015069339133333415, 5.513719588634558e-05, 2.9223414458101615e-05], [4.100352271052543e-06, 1.2222684745211154e-05, 2.5604216716601513e-05, 5.513719588634558e-05, 5.867322033736855e-05, 3.139094769721851e-05], [2.339864522582502e-06, 6.613031928281998e-06, 1.4009703591000289e-05, 2.9223414458101615e-05, 3.139094769721851e-05, 3.063933763769455e-05]]</COVARIANCE_MATRIX>
		<ROI_SIZE>2257</ROI_SIZE>
		<MAX_VALUE>[0.1148994043469429, 0.1120806559920311, 0.09393735229969025, 0.08540644496679306, 0.056747760623693466, 0.045611292123794556]</MAX_VALUE>
		<MIN_VALUE>[0.09001085162162781, 0.0641128197312355, 0.03328767046332359, 0.0011637922143563628, 0.0, 0.0]</MIN_VALUE>
		<SIGNATURE_THRESHOLD_MD>0.0</SIGNATURE_THRESHOLD_MD>
		<SIGNATURE_THRESHOLD_ML>0.0</SIGNATURE_THRESHOLD_ML>
		<SIGNATURE_THRESHOLD_SAM>0.0</SIGNATURE_THRESHOLD_SAM>
	</signature>
	<signature ID="20200810_191458991539_793">
		<MACROCLASSID>1</MACROCLASSID>
		<MACROCLASSINFO>waterbody</MACROCLASSINFO>
		<CLASSID>5</CLASSID>
		<CLASSINFO>C 1</CLASSINFO>
		<VALUES>[0.12134163666271817, 0.003842092206971586, 0.1258378574611062, 0.007890255443810553, 0.0842963634398732, 0.0029966752797145574, 0.04571401187810147, 0.009496973801619828, 0.015911236289807052, 0.008998854008491004, 0.008646579448262864, 0.005877674851282403]</VALUES>
		<LCS_MIN>[0.09958335757255554, 0.0920940488576889, 0.073720782995224, 0.03486085310578346, 0.005222083069384098, 0.0]</LCS_MIN>
		<LCS_MAX>[0.12830093502998352, 0.1360645741224289, 0.09730677306652069, 0.08540644496679306, 0.05403588339686394, 0.0339277945458889]</LCS_MAX>
		<WAVELENGTH>[0.485, 0.56, 0.66, 0.83, 1.65, 2.215]</WAVELENGTH>
		<MEAN_VALUE>[0.12134163666271817, 0.1258378574611062, 0.0842963634398732, 0.04571401187810147, 0.015911236289807052, 0.008646579448262864]</MEAN_VALUE>
		<CHECKBOX>2</CHECKBOX>
		<SD>[0.003842092206971586, 0.007890255443810553, 0.0029966752797145574, 0.009496973801619828, 0.008998854008491004, 0.005877674851282403]</SD>
		<WAVELENGTH_UNIT>E-6m</WAVELENGTH_UNIT>
		<COLOR>#252539</COLOR>
		<COVARIANCE_MATRIX>[[1.4815744179941248e-05, 2.4495939214830287e-05, 5.225161203270545e-06, -2.6132078346563503e-05, -2.0219124053255655e-05, -1.0443111932545435e-05], [2.4495939214830287e-05, 6.248417776077986e-05, 1.2640774002647959e-05, -6.10441857133992e-05, -4.490698120207526e-05, -2.3813681764295325e-05], [5.225161203270545e-06, 1.2640774002647959e-05, 9.012956979859155e-06, -9.353127097710967e-06, -2.4360340376006206e-06, -5.507312721420021e-07], [-2.6132078346563503e-05, -6.10441857133992e-05, -9.353127097710967e-06, 9.052288805833086e-05, 6.833699444541708e-05, 3.781688792514615e-05], [-2.0219124053255655e-05, -4.490698120207526e-05, -2.4360340376006206e-06, 6.833699444541708e-05, 8.12760044937022e-05, 4.1827781387837604e-05], [-1.0443111932545435e-05, -2.3813681764295325e-05, -5.507312721420021e-07, 3.781688792514615e-05, 4.1827781387837604e-05, 3.467360875220038e-05]]</COVARIANCE_MATRIX>
		<ROI_SIZE>274</ROI_SIZE>
		<MAX_VALUE>[0.12830093502998352, 0.1360645741224289, 0.09730677306652069, 0.08540644496679306, 0.05403588339686394, 0.0339277945458889]</MAX_VALUE>
		<MIN_VALUE>[0.09958335757255554, 0.0920940488576889, 0.073720782995224, 0.03486085310578346, 0.005222083069384098, 0.0]</MIN_VALUE>
		<SIGNATURE_THRESHOLD_MD>0.0</SIGNATURE_THRESHOLD_MD>
		<SIGNATURE_THRESHOLD_ML>0.0</SIGNATURE_THRESHOLD_ML>
		<SIGNATURE_THRESHOLD_SAM>0.0</SIGNATURE_THRESHOLD_SAM>
	</signature>
	<signature ID="20200810_191511467470_535">
		<MACROCLASSID>1</MACROCLASSID>
		<MACROCLASSINFO>waterbody</MACROCLASSINFO>
		<CLASSID>6</CLASSID>
		<CLASSINFO>C 1</CLASSINFO>
		<VALUES>[0.09699284889787996, 0.005123234134630631, 0.08224621065704, 0.008139477649114494, 0.054094563647502224, 0.004567070426483998, 0.042830980380349416, 0.011307598749138439, 0.02044807053660608, 0.012373738603455312, 0.012143049699773973, 0.008597056832386788]</VALUES>
		<LCS_MIN>[0.08043831586837769, 0.056118182837963104, 0.036657098680734634, 0.030648725107312202, 0.005222083069384098, 0.0]</LCS_MIN>
		<LCS_MAX>[0.10915589332580566, 0.1000887006521225, 0.06698194146156311, 0.08119430392980576, 0.062171511352062225, 0.04950579255819321]</LCS_MAX>
		<WAVELENGTH>[0.485, 0.56, 0.66, 0.83, 1.65, 2.215]</WAVELENGTH>
		<MEAN_VALUE>[0.09699284889787996, 0.08224621065704, 0.054094563647502224, 0.042830980380349416, 0.02044807053660608, 0.012143049699773973]</MEAN_VALUE>
		<CHECKBOX>2</CHECKBOX>
		<SD>[0.005123234134630631, 0.008139477649114494, 0.004567070426483998, 0.011307598749138439, 0.012373738603455312, 0.008597056832386788]</SD>
		<WAVELENGTH_UNIT>E-6m</WAVELENGTH_UNIT>
		<COLOR>#791077</COLOR>
		<COVARIANCE_MATRIX>[[2.631846655276604e-05, 3.5725872294278815e-05, 5.665380285790889e-06, -3.0319524739752524e-05, -2.816947926476132e-05, -1.607909689482767e-05], [3.5725872294278815e-05, 6.643015512963757e-05, 1.3728392332268413e-05, -4.234540028846823e-05, -4.067424015374854e-05, -2.4714896426303312e-05], [5.665380285790889e-06, 1.3728392332268413e-05, 2.09145055123372e-05, 1.8028593331109732e-05, 1.8967770301969722e-05, 1.4607536286348477e-05], [-3.0319524739752524e-05, -4.234540028846823e-05, 1.8028593331109732e-05, 0.0001282073644688353, 0.00011866061686305329, 7.501928484998643e-05], [-2.816947926476132e-05, -4.067424015374854e-05, 1.8967770301969722e-05, 0.00011866061686305329, 0.00015352321497630328, 9.194258745992556e-05], [-1.607909689482767e-05, -2.4714896426303312e-05, 1.4607536286348477e-05, 7.501928484998643e-05, 9.194258745992556e-05, 7.410914258798584e-05]]</COVARIANCE_MATRIX>
		<ROI_SIZE>371</ROI_SIZE>
		<MAX_VALUE>[0.10915589332580566, 0.1000887006521225, 0.06698194146156311, 0.08119430392980576, 0.062171511352062225, 0.04950579255819321]</MAX_VALUE>
		<MIN_VALUE>[0.08043831586837769, 0.056118182837963104, 0.036657098680734634, 0.030648725107312202, 0.005222083069384098, 0.0]</MIN_VALUE>
		<SIGNATURE_THRESHOLD_MD>0.0</SIGNATURE_THRESHOLD_MD>
		<SIGNATURE_THRESHOLD_ML>0.0</SIGNATURE_THRESHOLD_ML>
		<SIGNATURE_THRESHOLD_SAM>0.0</SIGNATURE_THRESHOLD_SAM>
	</signature>
	<signature ID="20200810_191523943229_256">
		<MACROCLASSID>1</MACROCLASSID>
		<MACROCLASSINFO>waterbody</MACROCLASSINFO>
		<CLASSID>7</CLASSID>
		<CLASSINFO>C 1</CLASSINFO>
		<VALUES>[0.10729664035381807, 0.003466949393554157, 0.108443024569841, 0.0066236478816382414, 0.07403828130943277, 0.005981622249168092, 0.04155807304456953, 0.008455460175503367, 0.015390987198875728, 0.008479283307457942, 0.009125322430214335, 0.0059025677944090586]</VALUES>
		<LCS_MIN>[0.08043831586837769, 0.060115501284599304, 0.03328767046332359, 0.0053759245201945305, 0.0, 0.0]</LCS_MIN>
		<LCS_MAX>[0.11681389808654785, 0.1560511589050293, 0.10741505026817322, 0.08540644496679306, 0.056747760623693466, 0.0417167954146862]</LCS_MAX>
		<WAVELENGTH>[0.485, 0.56, 0.66, 0.83, 1.65, 2.215]</WAVELENGTH>
		<MEAN_VALUE>[0.10729664035381807, 0.108443024569841, 0.07403828130943277, 0.04155807304456953, 0.015390987198875728, 0.009125322430214335]</MEAN_VALUE>
		<CHECKBOX>2</CHECKBOX>
		<SD>[0.003466949393554157, 0.0066236478816382414, 0.005981622249168092, 0.008455460175503367, 0.008479283307457942, 0.0059025677944090586]</SD>
		<WAVELENGTH_UNIT>E-6m</WAVELENGTH_UNIT>
		<COLOR>#60fd87</COLOR>
		<COVARIANCE_MATRIX>[[1.2029950084979646e-05, 1.5851561329327524e-05, 8.422717655776069e-06, -1.1730076039384585e-05, -1.0196296898357105e-05, -6.055362973711453e-06], [1.5851561329327524e-05, 4.390998583403416e-05, 1.8194863514509052e-05, -2.5628334697103128e-05, -2.1665062376996502e-05, -1.2892613085568883e-05], [8.422717655776069e-06, 1.8194863514509052e-05, 3.581020428100601e-05, 8.205736776289996e-06, 9.04976695892401e-06, 6.055493486201158e-06], [-1.1730076039384585e-05, -2.5628334697103128e-05, 8.205736776289996e-06, 7.155555067583919e-05, 5.828812572872266e-05, 3.5715263948077336e-05], [-1.0196296898357105e-05, -2.1665062376996502e-05, 9.04976695892401e-06, 5.828812572872266e-05, 7.19593299436383e-05, 3.978257518610917e-05], [-6.055362973711453e-06, -1.2892613085568883e-05, 6.055493486201158e-06, 3.5715263948077336e-05, 3.978257518610917e-05, 3.4869906812673435e-05]]</COVARIANCE_MATRIX>
		<ROI_SIZE>1178</ROI_SIZE>
		<MAX_VALUE>[0.11681389808654785, 0.1560511589050293, 0.10741505026817322, 0.08540644496679306, 0.056747760623693466, 0.0417167954146862]</MAX_VALUE>
		<MIN_VALUE>[0.08043831586837769, 0.060115501284599304, 0.03328767046332359, 0.0053759245201945305, 0.0, 0.0]</MIN_VALUE>
		<SIGNATURE_THRESHOLD_MD>0.0</SIGNATURE_THRESHOLD_MD>
		<SIGNATURE_THRESHOLD_ML>0.0</SIGNATURE_THRESHOLD_ML>
		<SIGNATURE_THRESHOLD_SAM>0.0</SIGNATURE_THRESHOLD_SAM>
	</signature>
	<signature ID="20200810_191532745823_972">
		<MACROCLASSID>1</MACROCLASSID>
		<MACROCLASSINFO>waterbody</MACROCLASSINFO>
		<CLASSID>8</CLASSID>
		<CLASSINFO>C 1</CLASSINFO>
		<VALUES>[0.09995131552577385, 0.0030073980351156726, 0.08870893578092612, 0.006138097431953798, 0.056752240302058, 0.0030089963825351185, 0.04191902161271009, 0.01001617615590587, 0.01883033459429984, 0.009024789379021165, 0.011063897961263992, 0.006148184043161349]</VALUES>
		<LCS_MIN>[0.09192534536123276, 0.07210744917392731, 0.0501348078250885, 0.030648725107312202, 0.005222083069384098, 0.0]</LCS_MIN>
		<LCS_MAX>[0.10724137723445892, 0.1000887006521225, 0.073720782995224, 0.08119430392980576, 0.0594596303999424, 0.03782229125499725]</LCS_MAX>
		<WAVELENGTH>[0.485, 0.56, 0.66, 0.83, 1.65, 2.215]</WAVELENGTH>
		<MEAN_VALUE>[0.09995131552577385, 0.08870893578092612, 0.056752240302058, 0.04191902161271009, 0.01883033459429984, 0.011063897961263992]</MEAN_VALUE>
		<CHECKBOX>2</CHECKBOX>
		<SD>[0.0030073980351156726, 0.006138097431953798, 0.0030089963825351185, 0.01001617615590587, 0.009024789379021165, 0.006148184043161349]</SD>
		<WAVELENGTH_UNIT>E-6m</WAVELENGTH_UNIT>
		<COLOR>#5b3089</COLOR>
		<COVARIANCE_MATRIX>[[9.071684871742036e-06, 1.325881021330133e-05, -4.020785411285033e-07, -1.0693326657928992e-05, -8.056096703512594e-06, -5.482311735249823e-06], [1.325881021330133e-05, 3.7789723137393594e-05, -1.2236251905051176e-06, -2.715558912314009e-05, -2.1677828044630587e-05, -1.4060441571928095e-05], [-4.020785411285033e-07, -1.2236251905051176e-06, 9.081330063054338e-06, 1.3769606994173955e-05, 1.3106663573125843e-05, 8.344740308530163e-06], [-1.0693326657928992e-05, -2.715558912314009e-05, 1.3769606994173955e-05, 0.00010062596265925094, 7.328289211727679e-05, 4.506540790316649e-05], [-8.056096703512594e-06, -2.1677828044630587e-05, 1.3106663573125843e-05, 7.328289211727679e-05, 8.169214561348781e-05, 4.444176011020318e-05], [-5.482311735249823e-06, -1.4060441571928095e-05, 8.344740308530163e-06, 4.506540790316649e-05, 4.444176011020318e-05, 3.7914021959295496e-05]]</COVARIANCE_MATRIX>
		<ROI_SIZE>333</ROI_SIZE>
		<MAX_VALUE>[0.10724137723445892, 0.1000887006521225, 0.073720782995224, 0.08119430392980576, 0.0594596303999424, 0.03782229125499725]</MAX_VALUE>
		<MIN_VALUE>[0.09192534536123276, 0.07210744917392731, 0.0501348078250885, 0.030648725107312202, 0.005222083069384098, 0.0]</MIN_VALUE>
		<SIGNATURE_THRESHOLD_MD>0.0</SIGNATURE_THRESHOLD_MD>
		<SIGNATURE_THRESHOLD_ML>0.0</SIGNATURE_THRESHOLD_ML>
		<SIGNATURE_THRESHOLD_SAM>0.0</SIGNATURE_THRESHOLD_SAM>
	</signature>
	<signature ID="20200810_191548907285_187">
		<MACROCLASSID>1</MACROCLASSID>
		<MACROCLASSINFO>waterbody</MACROCLASSINFO>
		<CLASSID>9</CLASSID>
		<CLASSINFO>C 1</CLASSINFO>
		<VALUES>[0.09488741006210166, 0.002551451596241602, 0.07685898771544677, 0.003925525739162178, 0.055093585671681274, 0.005728727602927134, 0.046225664487003174, 0.010733726598709414, 0.022772537474081204, 0.010297642828313691, 0.013206115163827562, 0.007026963141322778]</VALUES>
		<LCS_MIN>[0.08809634298086166, 0.0681101530790329, 0.04339595511555672, 0.026436589658260345, 0.007933961227536201, 0.002771795028820634]</LCS_MIN>
		<LCS_MAX>[0.09958335757255554, 0.0880967304110527, 0.07035136222839355, 0.07698217034339905, 0.0594596303999424, 0.0417167954146862]</LCS_MAX>
		<WAVELENGTH>[0.485, 0.56, 0.66, 0.83, 1.65, 2.215]</WAVELENGTH>
		<MEAN_VALUE>[0.09488741006210166, 0.07685898771544677, 0.055093585671681274, 0.046225664487003174, 0.022772537474081204, 0.013206115163827562]</MEAN_VALUE>
		<CHECKBOX>2</CHECKBOX>
		<SD>[0.002551451596241602, 0.003925525739162178, 0.005728727602927134, 0.010733726598709414, 0.010297642828313691, 0.007026963141322778]</SD>
		<WAVELENGTH_UNIT>E-6m</WAVELENGTH_UNIT>
		<COLOR>#4ade02</COLOR>
		<COVARIANCE_MATRIX>[[6.5719041231204756e-06, 5.3247122195898555e-06, 3.602700417104643e-06, 8.071360184658261e-07, -2.4406133434240473e-06, -8.802529691820382e-07], [5.3247122195898555e-06, 1.5556512153125368e-05, 1.3926110113970935e-05, 1.3155143278709147e-05, 4.084814463567454e-06, 5.102471277496079e-06], [3.602700417104643e-06, 1.3926110113970935e-05, 3.313087654532865e-05, 4.637483652913943e-05, 3.179972554789856e-05, 2.050039438472595e-05], [8.071360184658261e-07, 1.3155143278709147e-05, 4.637483652913943e-05, 0.00011631015513557941, 9.258925274480134e-05, 5.620153388008475e-05], [-2.4406133434240473e-06, 4.084814463567454e-06, 3.179972554789856e-05, 9.258925274480134e-05, 0.00010705136810429394, 6.206463876878843e-05], [-8.802529691820382e-07, 5.102471277496079e-06, 2.050039438472595e-05, 5.620153388008475e-05, 6.206463876878843e-05, 4.9848480557557195e-05]]</COVARIANCE_MATRIX>
		<ROI_SIZE>106</ROI_SIZE>
		<MAX_VALUE>[0.09958335757255554, 0.0880967304110527, 0.07035136222839355, 0.07698217034339905, 0.0594596303999424, 0.0417167954146862]</MAX_VALUE>
		<MIN_VALUE>[0.08809634298086166, 0.0681101530790329, 0.04339595511555672, 0.026436589658260345, 0.007933961227536201, 0.002771795028820634]</MIN_VALUE>
		<SIGNATURE_THRESHOLD_MD>0.0</SIGNATURE_THRESHOLD_MD>
		<SIGNATURE_THRESHOLD_ML>0.0</SIGNATURE_THRESHOLD_ML>
		<SIGNATURE_THRESHOLD_SAM>0.0</SIGNATURE_THRESHOLD_SAM>
	</signature>
	<signature ID="20200810_191601657142_270">
		<MACROCLASSID>1</MACROCLASSID>
		<MACROCLASSINFO>waterbody</MACROCLASSINFO>
		<CLASSID>10</CLASSID>
		<CLASSINFO>C 1</CLASSINFO>
		<VALUES>[0.09918972651395841, 0.0034846424768197473, 0.10208735653312402, 0.007609442823897867, 0.07316971533696782, 0.008640495144440898, 0.045843890963870766, 0.011095899117490675, 0.020923094851156336, 0.01149586688481737, 0.012645927190380253, 0.007639065261345295]</VALUES>
		<LCS_MIN>[0.08043831586837769, 0.060115501284599304, 0.036657098680734634, 0.030648725107312202, 0.0025102051440626383, 0.0]</LCS_MIN>
		<LCS_MAX>[0.11298490315675735, 0.1200752928853035, 0.10067620128393173, 0.08540644496679306, 0.062171511352062225, 0.0417167954146862]</LCS_MAX>
		<WAVELENGTH>[0.485, 0.56, 0.66, 0.83, 1.65, 2.215]</WAVELENGTH>
		<MEAN_VALUE>[0.09918972651395841, 0.10208735653312402, 0.07316971533696782, 0.045843890963870766, 0.020923094851156336, 0.012645927190380253]</MEAN_VALUE>
		<CHECKBOX>2</CHECKBOX>
		<SD>[0.0034846424768197473, 0.007609442823897867, 0.008640495144440898, 0.011095899117490675, 0.01149586688481737, 0.007639065261345295]</SD>
		<WAVELENGTH_UNIT>E-6m</WAVELENGTH_UNIT>
		<COLOR>#7cf1a0</COLOR>
		<COVARIANCE_MATRIX>[[1.2199740922369529e-05, 2.012025834119413e-05, 1.1563060979824513e-05, -1.2693301869148854e-05, -9.122439223574474e-06, -5.035994490754092e-06], [2.012025834119413e-05, 5.817546843900345e-05, 3.7971531128278e-05, -2.9247792554087937e-05, -2.2316648028208874e-05, -1.2403746950440109e-05], [1.1563060979824513e-05, 3.7971531128278e-05, 7.500866195186973e-05, 3.519877645885572e-05, 3.988056778325699e-05, 2.5083947548409924e-05], [-1.2693301869148854e-05, -2.9247792554087937e-05, 3.519877645885572e-05, 0.000123696998343803, 0.00011049196473322809, 6.611970457015559e-05], [-9.122439223574474e-06, -2.2316648028208874e-05, 3.988056778325699e-05, 0.00011049196473322809, 0.00013277539983391762, 7.53572239773348e-05], [-5.035994490754092e-06, -1.2403746950440109e-05, 2.5083947548409924e-05, 6.611970457015559e-05, 7.53572239773348e-05, 5.862928810529411e-05]]</COVARIANCE_MATRIX>
		<ROI_SIZE>214</ROI_SIZE>
		<MAX_VALUE>[0.11298490315675735, 0.1200752928853035, 0.10067620128393173, 0.08540644496679306, 0.062171511352062225, 0.0417167954146862]</MAX_VALUE>
		<MIN_VALUE>[0.08043831586837769, 0.060115501284599304, 0.036657098680734634, 0.030648725107312202, 0.0025102051440626383, 0.0]</MIN_VALUE>
		<SIGNATURE_THRESHOLD_MD>0.0</SIGNATURE_THRESHOLD_MD>
		<SIGNATURE_THRESHOLD_ML>0.0</SIGNATURE_THRESHOLD_ML>
		<SIGNATURE_THRESHOLD_SAM>0.0</SIGNATURE_THRESHOLD_SAM>
	</signature>
	<signature ID="20200810_191613776138_784">
		<MACROCLASSID>1</MACROCLASSID>
		<MACROCLASSINFO>waterbody</MACROCLASSINFO>
		<CLASSID>11</CLASSID>
		<CLASSINFO>C 1</CLASSINFO>
		<VALUES>[0.09969672139145827, 0.002274127511181025, 0.10187697341959731, 0.0036907467330583575, 0.0828315429389477, 0.00460305886613355, 0.04940933766039576, 0.009685481653111196, 0.021172206370944264, 0.010298063126261997, 0.013558534611212576, 0.007508122827686414]</VALUES>
		<LCS_MIN>[0.09192534536123276, 0.0880967304110527, 0.06698194146156311, 0.03907298669219017, 0.007933961227536201, 0.002771795028820634]</LCS_MIN>
		<LCS_MAX>[0.10724137723445892, 0.1160779744386673, 0.10067620128393173, 0.08540644496679306, 0.062171511352062225, 0.0417167954146862]</LCS_MAX>
		<WAVELENGTH>[0.485, 0.56, 0.66, 0.83, 1.65, 2.215]</WAVELENGTH>
		<MEAN_VALUE>[0.09969672139145827, 0.10187697341959731, 0.0828315429389477, 0.04940933766039576, 0.021172206370944264, 0.013558534611212576]</MEAN_VALUE>
		<CHECKBOX>2</CHECKBOX>
		<SD>[0.002274127511181025, 0.0036907467330583575, 0.00460305886613355, 0.009685481653111196, 0.010298063126261997, 0.007508122827686414]</SD>
		<WAVELENGTH_UNIT>E-6m</WAVELENGTH_UNIT>
		<COLOR>#5d2c63</COLOR>
		<COVARIANCE_MATRIX>[[5.205905381444609e-06, 2.431371058264631e-06, 5.0266726248082705e-06, 6.8312647272250615e-06, 5.503613465407398e-06, 2.3243287614604924e-06], [2.431371058264631e-06, 1.3711820429307409e-05, 1.0626113180478569e-05, 5.812923518533353e-06, 1.295988568017492e-06, 9.956936537491856e-07], [5.0266726248082705e-06, 1.0626113180478569e-05, 2.1328469301806763e-05, 2.2127802367322147e-05, 1.2143211279180832e-05, 7.00762984706671e-06], [6.8312647272250615e-06, 5.812923518533353e-06, 2.2127802367322147e-05, 9.442980081075802e-05, 8.2393191405572e-05, 5.3002589993411675e-05], [5.503613465407398e-06, 1.295988568017492e-06, 1.2143211279180832e-05, 8.2393191405572e-05, 0.00010675242083379999, 6.391786882886663e-05], [2.3243287614604924e-06, 9.956936537491856e-07, 7.00762984706671e-06, 5.3002589993411675e-05, 6.391786882886663e-05, 5.674523345078342e-05]]</COVARIANCE_MATRIX>
		<ROI_SIZE>152</ROI_SIZE>
		<MAX_VALUE>[0.10724137723445892, 0.1160779744386673, 0.10067620128393173, 0.08540644496679306, 0.062171511352062225, 0.0417167954146862]</MAX_VALUE>
		<MIN_VALUE>[0.09192534536123276, 0.0880967304110527, 0.06698194146156311, 0.03907298669219017, 0.007933961227536201, 0.002771795028820634]</MIN_VALUE>
		<SIGNATURE_THRESHOLD_MD>0.0</SIGNATURE_THRESHOLD_MD>
		<SIGNATURE_THRESHOLD_ML>0.0</SIGNATURE_THRESHOLD_ML>
		<SIGNATURE_THRESHOLD_SAM>0.0</SIGNATURE_THRESHOLD_SAM>
	</signature>
	<signature ID="20200810_191629665356_838">
		<MACROCLASSID>1</MACROCLASSID>
		<MACROCLASSINFO>waterbody</MACROCLASSINFO>
		<CLASSID>12</CLASSID>
		<CLASSINFO>C 1</CLASSINFO>
		<VALUES>[0.09337186036365373, 0.00474404916222857, 0.0725833305290768, 0.008561556822664006, 0.046225201504098055, 0.008961850821790705, 0.04083138446781843, 0.01095464036155922, 0.01984470023123162, 0.011073387494549634, 0.012340412654411331, 0.007737807700746941]</VALUES>
		<LCS_MIN>[0.07852381467819214, 0.04812353849411011, 0.03328767046332359, 0.026436589658260345, 0.0025102051440626383, 0.0]</LCS_MIN>
		<LCS_MAX>[0.10724137723445892, 0.1040860190987587, 0.08382907509803772, 0.08119430392980576, 0.0594596303999424, 0.05340029299259186]</LCS_MAX>
		<WAVELENGTH>[0.485, 0.56, 0.66, 0.83, 1.65, 2.215]</WAVELENGTH>
		<MEAN_VALUE>[0.09337186036365373, 0.0725833305290768, 0.046225201504098055, 0.04083138446781843, 0.01984470023123162, 0.012340412654411331]</MEAN_VALUE>
		<CHECKBOX>2</CHECKBOX>
		<SD>[0.00474404916222857, 0.008561556822664006, 0.008961850821790705, 0.01095464036155922, 0.011073387494549634, 0.007737807700746941]</SD>
		<WAVELENGTH_UNIT>E-6m</WAVELENGTH_UNIT>
		<COLOR>#f36669</COLOR>
		<COVARIANCE_MATRIX>[[2.254178252769634e-05, 3.1990432034945115e-05, 2.2750144125893712e-05, -1.3727139958064072e-05, -1.2568050806294195e-05, -5.766792583017377e-06], [3.1990432034945115e-05, 7.34167915652506e-05, 6.306130671873689e-05, -2.7118826437799726e-06, -2.7471999146655435e-06, 2.5500730771454982e-06], [2.2750144125893712e-05, 6.306130671873689e-05, 8.044245623750612e-05, 3.8271467929007486e-05, 3.5643388400785625e-05, 2.744844096014276e-05], [-1.3727139958064072e-05, -2.7118826437799726e-06, 3.8271467929007486e-05, 0.00012019493442494422, 0.00010429218673380092, 6.707190914312378e-05], [-1.2568050806294195e-05, -2.7471999146655435e-06, 3.5643388400785625e-05, 0.00010429218673380092, 0.0001228148612426594, 7.254719821503386e-05], [-5.766792583017377e-06, 2.5500730771454982e-06, 2.744844096014276e-05, 6.707190914312378e-05, 7.254719821503386e-05, 5.9968857385683805e-05]]</COVARIANCE_MATRIX>
		<ROI_SIZE>630</ROI_SIZE>
		<MAX_VALUE>[0.10724137723445892, 0.1040860190987587, 0.08382907509803772, 0.08119430392980576, 0.0594596303999424, 0.05340029299259186]</MAX_VALUE>
		<MIN_VALUE>[0.07852381467819214, 0.04812353849411011, 0.03328767046332359, 0.026436589658260345, 0.0025102051440626383, 0.0]</MIN_VALUE>
		<SIGNATURE_THRESHOLD_MD>0.0</SIGNATURE_THRESHOLD_MD>
		<SIGNATURE_THRESHOLD_ML>0.0</SIGNATURE_THRESHOLD_ML>
		<SIGNATURE_THRESHOLD_SAM>0.0</SIGNATURE_THRESHOLD_SAM>
	</signature>
	<signature ID="20200810_191650179920_209">
		<MACROCLASSID>1</MACROCLASSID>
		<MACROCLASSINFO>waterbody</MACROCLASSINFO>
		<CLASSID>13</CLASSID>
		<CLASSINFO>C 1</CLASSINFO>
		<VALUES>[0.08266060172790274, 0.0028500814781977288, 0.06514929092023103, 0.005845486482068458, 0.04050121540099051, 0.006802646903330079, 0.0321231518051842, 0.009173013813822338, 0.011067660487608707, 0.009370964420252061, 0.006663863784605402, 0.006936631865800567]</VALUES>
		<LCS_MIN>[0.0727803111076355, 0.04812353849411011, 0.01307111606001854, 0.013800189830362797, 0.0, 0.0]</LCS_MIN>
		<LCS_MAX>[0.09575435519218445, 0.0960913747549057, 0.07709021866321564, 0.07277005910873413, 0.05403588339686394, 0.05340029299259186]</LCS_MAX>
		<WAVELENGTH>[0.485, 0.56, 0.66, 0.83, 1.65, 2.215]</WAVELENGTH>
		<MEAN_VALUE>[0.08266060172790274, 0.06514929092023103, 0.04050121540099051, 0.0321231518051842, 0.011067660487608707, 0.006663863784605402]</MEAN_VALUE>
		<CHECKBOX>2</CHECKBOX>
		<SD>[0.0028500814781977288, 0.005845486482068458, 0.006802646903330079, 0.009173013813822338, 0.009370964420252061, 0.006936631865800567]</SD>
		<WAVELENGTH_UNIT>E-6m</WAVELENGTH_UNIT>
		<COLOR>#ae01a4</COLOR>
		<COVARIANCE_MATRIX>[[8.129991329042241e-06, 1.1457960681582335e-05, 1.2509814951044973e-05, 1.0100364306708798e-05, 1.0124293112312444e-05, 7.4325030254840385e-06], [1.1457960681582335e-05, 3.419927088543773e-05, 3.306274811620824e-05, 2.4119592126226053e-05, 2.6242432795697823e-05, 1.7760794435162097e-05], [1.2509814951044973e-05, 3.306274811620824e-05, 4.6316035877680406e-05, 3.969157114624977e-05, 4.256671672919765e-05, 2.9115803044987842e-05], [1.0100364306708798e-05, 2.4119592126226053e-05, 3.969157114624977e-05, 8.421696838922799e-05, 6.937847501831129e-05, 4.596962753566913e-05], [1.0124293112312444e-05, 2.6242432795697823e-05, 4.256671672919765e-05, 6.937847501831129e-05, 8.789094135863706e-05, 5.417094143922441e-05], [7.4325030254840385e-06, 1.7760794435162097e-05, 2.9115803044987842e-05, 4.596962753566913e-05, 5.417094143922441e-05, 4.81584866065532e-05]]</COVARIANCE_MATRIX>
		<ROI_SIZE>1157</ROI_SIZE>
		<MAX_VALUE>[0.09575435519218445, 0.0960913747549057, 0.07709021866321564, 0.07277005910873413, 0.05403588339686394, 0.05340029299259186]</MAX_VALUE>
		<MIN_VALUE>[0.0727803111076355, 0.04812353849411011, 0.01307111606001854, 0.013800189830362797, 0.0, 0.0]</MIN_VALUE>
		<SIGNATURE_THRESHOLD_MD>0.0</SIGNATURE_THRESHOLD_MD>
		<SIGNATURE_THRESHOLD_ML>0.0</SIGNATURE_THRESHOLD_ML>
		<SIGNATURE_THRESHOLD_SAM>0.0</SIGNATURE_THRESHOLD_SAM>
	</signature>
	<signature ID="20200810_191709252426_713">
		<MACROCLASSID>1</MACROCLASSID>
		<MACROCLASSINFO>waterbody</MACROCLASSINFO>
		<CLASSID>14</CLASSID>
		<CLASSINFO>C 1</CLASSINFO>
		<VALUES>[0.13493369183823703, 0.0037856583787371366, 0.12061045333091674, 0.004579814199038825, 0.1191067757298712, 0.006313868936861218, 0.17708362997229643, 0.012174899619402874, 0.041913936881582604, 0.01378364903538619, 0.020456654790666752, 0.007839076192523966]</VALUES>
		<LCS_MIN>[0.09766886383295059, 0.1040860190987587, 0.09393735229969025, 0.1528005748987198, 0.024205226451158524, 0.0066662938334047794]</LCS_MIN>
		<LCS_MAX>[0.15318946540355682, 0.1320672631263733, 0.1310010403394699, 0.2201947122812271, 0.08115465193986893, 0.06118929013609886]</LCS_MAX>
		<WAVELENGTH>[0.485, 0.56, 0.66, 0.83, 1.65, 2.215]</WAVELENGTH>
		<MEAN_VALUE>[0.13493369183823703, 0.12061045333091674, 0.1191067757298712, 0.17708362997229643, 0.041913936881582604, 0.020456654790666752]</MEAN_VALUE>
		<CHECKBOX>2</CHECKBOX>
		<SD>[0.0037856583787371366, 0.004579814199038825, 0.006313868936861218, 0.012174899619402874, 0.01378364903538619, 0.007839076192523966]</SD>
		<WAVELENGTH_UNIT>E-6m</WAVELENGTH_UNIT>
		<COLOR>#32c249</COLOR>
		<COVARIANCE_MATRIX>[[1.1982759133388754e-05, 8.284466275654268e-06, 1.1771163372031879e-05, -1.1918778000108432e-05, -1.5041786355141085e-05, -5.436375431600027e-06], [8.284466275654268e-06, 2.1318612198228948e-05, 2.5427416403545067e-05, -3.0208713724277914e-05, -3.6710607673740014e-05, -1.4820251635683235e-05], [1.1771163372031879e-05, 2.5427416403545067e-05, 4.6051460230955854e-05, -6.0516653320519254e-05, -7.215025834739208e-05, -3.05998619296588e-05], [-1.1918778000108432e-05, -3.0208713724277914e-05, -6.0516653320519254e-05, 0.0001584535784786567, 0.0001494854805059731, 6.767917511751875e-05], [-1.5041786355141085e-05, -3.6710607673740014e-05, -7.215025834739208e-05, 0.0001494854805059731, 0.00020000251242890954, 9.067200153367594e-05], [-5.436375431600027e-06, -1.4820251635683235e-05, -3.05998619296588e-05, 6.767917511751875e-05, 9.067200153367594e-05, 5.849408989888616e-05]]</COVARIANCE_MATRIX>
		<ROI_SIZE>653</ROI_SIZE>
		<MAX_VALUE>[0.15318946540355682, 0.1320672631263733, 0.1310010403394699, 0.2201947122812271, 0.08115465193986893, 0.06118929013609886]</MAX_VALUE>
		<MIN_VALUE>[0.09766886383295059, 0.1040860190987587, 0.09393735229969025, 0.1528005748987198, 0.024205226451158524, 0.0066662938334047794]</MIN_VALUE>
		<SIGNATURE_THRESHOLD_MD>0.0</SIGNATURE_THRESHOLD_MD>
		<SIGNATURE_THRESHOLD_ML>0.0</SIGNATURE_THRESHOLD_ML>
		<SIGNATURE_THRESHOLD_SAM>0.0</SIGNATURE_THRESHOLD_SAM>
	</signature>
	<signature ID="20200810_191723808109_101">
		<MACROCLASSID>1</MACROCLASSID>
		<MACROCLASSINFO>waterbody</MACROCLASSINFO>
		<CLASSID>15</CLASSID>
		<CLASSINFO>C 1</CLASSINFO>
		<VALUES>[0.13459510069627048, 0.0028449825784408814, 0.12389213250432916, 0.004147510669568332, 0.12249858623812832, 0.006157624458747089, 0.15015212543632656, 0.009852146053241402, 0.03830427027316796, 0.013221090310807187, 0.022231268979154225, 0.010160098531277546]</VALUES>
		<LCS_MIN>[0.12447192519903183, 0.1040860190987587, 0.08719848841428757, 0.13595204055309296, 0.024205226451158524, 0.0066662938334047794]</LCS_MIN>
		<LCS_MAX>[0.1436169445514679, 0.1360645741224289, 0.15121757984161377, 0.19070975482463837, 0.08115465193986893, 0.05729478970170021]</LCS_MAX>
		<WAVELENGTH>[0.485, 0.56, 0.66, 0.83, 1.65, 2.215]</WAVELENGTH>
		<MEAN_VALUE>[0.13459510069627048, 0.12389213250432916, 0.12249858623812832, 0.15015212543632656, 0.03830427027316796, 0.022231268979154225]</MEAN_VALUE>
		<CHECKBOX>2</CHECKBOX>
		<SD>[0.0028449825784408814, 0.004147510669568332, 0.006157624458747089, 0.009852146053241402, 0.013221090310807187, 0.010160098531277546]</SD>
		<WAVELENGTH_UNIT>E-6m</WAVELENGTH_UNIT>
		<COLOR>#24ada6</COLOR>
		<COVARIANCE_MATRIX>[[7.74152886151569e-06, 5.237655386736151e-06, 8.364374480152037e-06, -4.643549800675828e-06, -9.367025768369786e-07, 3.7853005778742954e-06], [5.237655386736151e-06, 1.6998423234326765e-05, 1.7952897906070575e-05, -1.5875017197686248e-05, -1.3791983292321675e-05, -2.4878265776351327e-06], [8.364374480152037e-06, 1.7952897906070575e-05, 3.573162030079402e-05, -3.3347885619150475e-05, -3.2781077607069165e-05, -1.0805714737216476e-05], [-4.643549800675828e-06, -1.5875017197686248e-05, -3.3347885619150475e-05, 0.00010295063839294016, 0.00010233979992335662, 5.765824971604161e-05], [-9.367025768369786e-07, -1.3791983292321675e-05, -3.2781077607069165e-05, 0.00010233979992335662, 0.0001683555165072903, 0.00010976949852192774], [3.7853005778742954e-06, -2.4878265776351327e-06, -1.0805714737216476e-05, 5.765824971604161e-05, 0.00010976949852192774, 9.803654393181205e-05]]</COVARIANCE_MATRIX>
		<ROI_SIZE>777</ROI_SIZE>
		<MAX_VALUE>[0.1436169445514679, 0.1360645741224289, 0.15121757984161377, 0.19070975482463837, 0.08115465193986893, 0.05729478970170021]</MAX_VALUE>
		<MIN_VALUE>[0.12447192519903183, 0.1040860190987587, 0.08719848841428757, 0.13595204055309296, 0.024205226451158524, 0.0066662938334047794]</MIN_VALUE>
		<SIGNATURE_THRESHOLD_MD>0.0</SIGNATURE_THRESHOLD_MD>
		<SIGNATURE_THRESHOLD_ML>0.0</SIGNATURE_THRESHOLD_ML>
		<SIGNATURE_THRESHOLD_SAM>0.0</SIGNATURE_THRESHOLD_SAM>
	</signature>
	<signature ID="20200810_191737472843_296">
		<MACROCLASSID>1</MACROCLASSID>
		<MACROCLASSINFO>waterbody</MACROCLASSINFO>
		<CLASSID>16</CLASSID>
		<CLASSINFO>C 1</CLASSINFO>
