<?xml version="1.0" ?>
<signaturelist MCID_LIST="[['1', 'waterbody', '#0000ff'], ['2', 'vegetation', '#00ff00'], ['3', 'bareland', '#ffaa00'], ['4', 'built-up', '#ff0000']]">
	<signature ID="20210203_101658541358_108">
		<MACROCLASSID>1</MACROCLASSID>
		<MACROCLASSINFO>waterbody</MACROCLASSINFO>
		<CLASSID>1</CLASSID>
		<CLASSINFO>C 1</CLASSINFO>
		<VALUES>[0.09610798107201127, 0.00827018088807256, 0.07712303517113774, 0.009383778455472804, 0.051782578401078375, 0.008996186674981569, 0.053967202956165486, 0.027050022485426387, 0.028263858631264533, 0.0242679295394267, 0.018975768225355367, 0.018483085900050364]</VALUES>
		<LCS_MIN>[0.07426013052463531, 0.05420804023742676, 0.03609317168593407, 0.020040487870573997, 0.002263530855998397, 0.0]</LCS_MIN>
		<LCS_MAX>[0.1191457137465477, 0.10467115789651871, 0.09078288823366165, 0.11879399418830872, 0.10007893294095993, 0.09731781482696533]</LCS_MAX>
		<WAVELENGTH>[0.485, 0.56, 0.66, 0.83, 1.65, 2.215]</WAVELENGTH>
		<MEAN_VALUE>[0.09610798107201127, 0.07712303517113774, 0.051782578401078375, 0.053967202956165486, 0.028263858631264533, 0.018975768225355367]</MEAN_VALUE>
		<CHECKBOX>2</CHECKBOX>
		<SD>[0.00827018088807256, 0.009383778455472804, 0.008996186674981569, 0.027050022485426387, 0.0242679295394267, 0.018483085900050364]</SD>
		<WAVELENGTH_UNIT>E-6m</WAVELENGTH_UNIT>
		<COLOR>#9f7d47</COLOR>
		<COVARIANCE_MATRIX>[[8.758475502141814e-05, 8.088215715783018e-05, -1.291808884670185e-05, -8.61518304604585e-05, -6.386319332669369e-05, -3.9175852799635505e-05], [8.088215715783018e-05, 0.00011306270782412853, 4.236430256934046e-06, -7.20882066776397e-05, -4.473403973785323e-05, -2.4393206231850355e-05], [-1.291808884670185e-05, 4.236430256934046e-06, 7.024697024397821e-05, 0.00014289880614499947, 0.00013285264231628868, 0.00010286076803510039], [-8.61518304604585e-05, -7.20882066776397e-05, 0.00014289880614499947, 0.0006632227652419415, 0.0005556624235023728, 0.00037724138788447194], [-6.386319332669369e-05, -4.473403973785323e-05, 0.00013285264231628868, 0.0005556624235023728, 0.0005351832768744616, 0.00037384896835338904], [-3.9175852799635505e-05, -2.4393206231850355e-05, 0.00010286076803510039, 0.00037724138788447194, 0.00037384896835338904, 0.00029097784879841403]]</COVARIANCE_MATRIX>
		<ROI_SIZE>9334</ROI_SIZE>
		<MAX_VALUE>[0.1191457137465477, 0.10467115789651871, 0.09078288823366165, 0.11879399418830872, 0.10007893294095993, 0.09731781482696533]</MAX_VALUE>
		<MIN_VALUE>[0.07426013052463531, 0.05420804023742676, 0.03609317168593407, 0.020040487870573997, 0.002263530855998397, 0.0]</MIN_VALUE>
		<SIGNATURE_THRESHOLD_MD>0</SIGNATURE_THRESHOLD_MD>
		<SIGNATURE_THRESHOLD_ML>0</SIGNATURE_THRESHOLD_ML>
		<SIGNATURE_THRESHOLD_SAM>0</SIGNATURE_THRESHOLD_SAM>
	</signature>
	<signature ID="20210203_101721307542_366">
		<MACROCLASSID>1</MACROCLASSID>
		<MACROCLASSINFO>waterbody</MACROCLASSINFO>
		<CLASSID>2</CLASSID>
		<CLASSINFO>C 1</CLASSINFO>
		<VALUES>[0.0840739892946707, 0.003329069396738595, 0.06552164414981469, 0.004834301320035149, 0.04507674115735129, 0.008428487065034764, 0.04469122732611928, 0.023064038593182793, 0.028043617509506832, 0.02359174823523895, 0.01875073879554465, 0.01629802044811109]</VALUES>
		<LCS_MIN>[0.07598649710416794, 0.05420804023742676, 0.033054858446121216, 0.020040487870573997, 0.002263530855998397, 0.0]</LCS_MIN>
		<LCS_MAX>[0.10015566647052765, 0.09385763853788376, 0.0877445787191391, 0.1111975833773613, 0.09274277836084366, 0.07624706625938416]</LCS_MAX>
		<WAVELENGTH>[0.485, 0.56, 0.66, 0.83, 1.65, 2.215]</WAVELENGTH>
		<MEAN_VALUE>[0.0840739892946707, 0.06552164414981469, 0.04507674115735129, 0.04469122732611928, 0.028043617509506832, 0.01875073879554465]</MEAN_VALUE>
		<CHECKBOX>2</CHECKBOX>
		<SD>[0.003329069396738595, 0.004834301320035149, 0.008428487065034764, 0.023064038593182793, 0.02359174823523895, 0.01629802044811109]</SD>
		<WAVELENGTH_UNIT>E-6m</WAVELENGTH_UNIT>
		<COLOR>#9da23f</COLOR>
		<COVARIANCE_MATRIX>[[1.110270792744996e-05, 1.0595220442224658e-05, 1.8239409195317464e-05, 3.149267665094923e-05, 3.910659453115049e-05, 2.9772577910834343e-05], [1.0595220442224658e-05, 2.3412654215443902e-05, 3.3612640893691696e-05, 5.0765841035911656e-05, 6.167287256245046e-05, 4.816063668707701e-05], [1.8239409195317464e-05, 3.3612640893691696e-05, 7.116762415889776e-05, 0.00014451805365445745, 0.00015903136757468989, 0.00011480957233692333], [3.149267665094923e-05, 5.0765841035911656e-05, 0.00014451805365445745, 0.0005329100745603671, 0.000513652941774331, 0.0003347507303911157], [3.910659453115049e-05, 6.167287256245046e-05, 0.00015903136757468989, 0.000513652941774331, 0.0005575752248396576, 0.00036795188225629893], [2.9772577910834343e-05, 4.816063668707701e-05, 0.00011480957233692333, 0.0003347507303911157, 0.00036795188225629893, 0.0002661049388853996]]</COVARIANCE_MATRIX>
		<ROI_SIZE>555</ROI_SIZE>
		<MAX_VALUE>[0.10015566647052765, 0.09385763853788376, 0.0877445787191391, 0.1111975833773613, 0.09274277836084366, 0.07624706625938416]</MAX_VALUE>
		<MIN_VALUE>[0.07598649710416794, 0.05420804023742676, 0.033054858446121216, 0.020040487870573997, 0.002263530855998397, 0.0]</MIN_VALUE>
		<SIGNATURE_THRESHOLD_MD>0</SIGNATURE_THRESHOLD_MD>
		<SIGNATURE_THRESHOLD_ML>0</SIGNATURE_THRESHOLD_ML>
		<SIGNATURE_THRESHOLD_SAM>0</SIGNATURE_THRESHOLD_SAM>
	</signature>
	<signature ID="20210203_101732811028_797">
		<MACROCLASSID>1</MACROCLASSID>
		<MACROCLASSINFO>waterbody</MACROCLASSINFO>
		<CLASSID>3</CLASSID>
		<CLASSINFO>C 1</CLASSINFO>
		<VALUES>[0.10449165400377537, 0.004347870663041438, 0.12462169538403667, 0.006836815295883, 0.13932531136412957, 0.011546136410097987, 0.1050144399321357, 0.04154295801537376, 0.06686719342373137, 0.0405683512326466, 0.04570263258159854, 0.02977481492676194]</VALUES>
		<LCS_MIN>[0.09497655183076859, 0.10467115789651871, 0.11812774091959, 0.042829763144254684, 0.016935842111706734, 0.006011206656694412]</LCS_MIN>
		<LCS_MAX>[0.11224023252725601, 0.13350723683834076, 0.16370250284671783, 0.175767183303833, 0.153877392411232, 0.10785320401191711]</LCS_MAX>
		<WAVELENGTH>[0.485, 0.56, 0.66, 0.83, 1.65, 2.215]</WAVELENGTH>
		<MEAN_VALUE>[0.10449165400377537, 0.12462169538403667, 0.13932531136412957, 0.1050144399321357, 0.06686719342373137, 0.04570263258159854]</MEAN_VALUE>
		<CHECKBOX>2</CHECKBOX>
		<SD>[0.004347870663041438, 0.006836815295883, 0.011546136410097987, 0.04154295801537376, 0.0405683512326466, 0.02977481492676194]</SD>
		<WAVELENGTH_UNIT>E-6m</WAVELENGTH_UNIT>
		<COLOR>#1d32e2</COLOR>
		<COVARIANCE_MATRIX>[[1.93540740478349e-05, 2.181392363717902e-05, -2.9159658765551735e-05, -0.0001380405619500025, -0.00011179377148492148, -8.367185794616332e-05], [2.181392363717902e-05, 4.7854949185020214e-05, -1.6548758686366266e-05, -0.00017848690791980135, -0.00019887585557539533, -0.00015037853294235147], [-2.9159658765551735e-05, -1.6548758686366266e-05, 0.00013648739138155702, 0.0003941168515129348, 0.00020917153492593194, 0.0001532667632262866], [-0.0001380405619500025, -0.00017848690791980135, 0.0003941168515129348, 0.0017669082502067995, 0.0014322020458950393, 0.0010493496836160576], [-0.00011179377148492148, -0.00019887585557539533, 0.00020917153492593194, 0.0014322020458950393, 0.0016849766246338394, 0.0012109778532361207], [-8.367185794616332e-05, -0.00015037853294235147, 0.0001532667632262866, 0.0010493496836160576, 0.0012109778532361207, 0.0009076476897306142]]</COVARIANCE_MATRIX>
		<ROI_SIZE>43</ROI_SIZE>
		<MAX_VALUE>[0.11224023252725601, 0.13350723683834076, 0.16370250284671783, 0.175767183303833, 0.153877392411232, 0.10785320401191711]</MAX_VALUE>
		<MIN_VALUE>[0.09497655183076859, 0.10467115789651871, 0.11812774091959, 0.042829763144254684, 0.016935842111706734, 0.006011206656694412]</MIN_VALUE>
		<SIGNATURE_THRESHOLD_MD>0</SIGNATURE_THRESHOLD_MD>
		<SIGNATURE_THRESHOLD_ML>0</SIGNATURE_THRESHOLD_ML>
		<SIGNATURE_THRESHOLD_SAM>0</SIGNATURE_THRESHOLD_SAM>
	</signature>
	<signature ID="20210203_101738701832_827">
		<MACROCLASSID>1</MACROCLASSID>
		<MACROCLASSINFO>waterbody</MACROCLASSINFO>
		<CLASSID>4</CLASSID>
		<CLASSINFO>C 1</CLASSINFO>
		<VALUES>[0.085254369597686, 0.0027273585820216215, 0.07915502492534486, 0.003912140057437705, 0.06319816959531682, 0.009768024646269318, 0.06561903077128685, 0.03146597315007856, 0.04640916712263501, 0.035772669724200186, 0.02957718424793137, 0.022238388365613475]</VALUES>
		<LCS_MIN>[0.07943923771381378, 0.07583508640527725, 0.05128476396203041, 0.031435124576091766, 0.002263530855998397, 0.0024994146078824997]</LCS_MIN>
		<LCS_MAX>[0.09152380377054214, 0.09025311470031738, 0.09078288823366165, 0.13778506219387054, 0.12208740413188934, 0.08327064663171768]</LCS_MAX>
		<WAVELENGTH>[0.485, 0.56, 0.66, 0.83, 1.65, 2.215]</WAVELENGTH>
		<MEAN_VALUE>[0.085254369597686, 0.07915502492534486, 0.06319816959531682, 0.06561903077128685, 0.04640916712263501, 0.02957718424793137]</MEAN_VALUE>
		<CHECKBOX>2</CHECKBOX>
		<SD>[0.0027273585820216215, 0.003912140057437705, 0.009768024646269318, 0.03146597315007856, 0.035772669724200186, 0.022238388365613475]</SD>
		<WAVELENGTH_UNIT>E-6m</WAVELENGTH_UNIT>
		<COLOR>#755ca6</COLOR>
		<COVARIANCE_MATRIX>[[7.639524965600718e-06, 7.754040489358832e-06, 2.156300005407667e-05, 6.769776380333202e-05, 7.544899171299582e-05, 4.78543895610765e-05], [7.754040489358832e-06, 1.571848414871163e-05, 3.485673661569548e-05, 9.435468981075708e-05, 0.00010366645773755697, 6.846815085044037e-05], [2.156300005407667e-05, 3.485673661569548e-05, 9.799307050337142e-05, 0.0002825783115654381, 0.0003036518088744376, 0.00019152013618929677], [6.769776380333202e-05, 9.435468981075708e-05, 0.0002825783115654381, 0.0010168671275323155, 0.001080179842013963, 0.0006615191135112585], [7.544899171299582e-05, 0.00010366645773755697, 0.0003036518088744376, 0.001080179842013963, 0.0013142699505263493, 0.0007906656769787999], [4.78543895610765e-05, 6.846815085044037e-05, 0.00019152013618929677, 0.0006615191135112585, 0.0007906656769787999, 0.0005079120229674161]]</COVARIANCE_MATRIX>
		<ROI_SIZE>38</ROI_SIZE>
		<MAX_VALUE>[0.09152380377054214, 0.09025311470031738, 0.09078288823366165, 0.13778506219387054, 0.12208740413188934, 0.08327064663171768]</MAX_VALUE>
		<MIN_VALUE>[0.07943923771381378, 0.07583508640527725, 0.05128476396203041, 0.031435124576091766, 0.002263530855998397, 0.0024994146078824997]</MIN_VALUE>
		<SIGNATURE_THRESHOLD_MD>0</SIGNATURE_THRESHOLD_MD>
		<SIGNATURE_THRESHOLD_ML>0</SIGNATURE_THRESHOLD_ML>
		<SIGNATURE_THRESHOLD_SAM>0</SIGNATURE_THRESHOLD_SAM>
	</signature>
	<signature ID="20210203_101750768638_691">
		<MACROCLASSID>1</MACROCLASSID>
		<MACROCLASSINFO>waterbody</MACROCLASSINFO>
		<CLASSID>5</CLASSID>
		<CLASSINFO>C 1</CLASSINFO>
		<VALUES>[0.10435689235483848, 0.0026974402866693174, 0.11099794960313743, 0.005047694530885416, 0.07714233834009904, 0.005230121800043162, 0.04190012991063661, 0.01429100970121329, 0.020219155769612834, 0.0129949216697794, 0.014294329444532627, 0.00930701198547919]</VALUES>
		<LCS_MIN>[0.09497655183076859, 0.09025311470031738, 0.0695146694779396, 0.01624227687716484, 0.0071542998775839806, 0.0]</LCS_MIN>
		<LCS_MAX>[0.11224023252725601, 0.11908919364213943, 0.0938212051987648, 0.08461009711027145, 0.060952767729759216, 0.044640928506851196]</LCS_MAX>
		<WAVELENGTH>[0.485, 0.56, 0.66, 0.83, 1.65, 2.215]</WAVELENGTH>
		<MEAN_VALUE>[0.10435689235483848, 0.11099794960313743, 0.07714233834009904, 0.04190012991063661, 0.020219155769612834, 0.014294329444532627]</MEAN_VALUE>
		<CHECKBOX>2</CHECKBOX>
		<SD>[0.0026974402866693174, 0.005047694530885416, 0.005230121800043162, 0.01429100970121329, 0.0129949216697794, 0.00930701198547919]</SD>
		<WAVELENGTH_UNIT>E-6m</WAVELENGTH_UNIT>
		<COLOR>#1b0d9d</COLOR>
		<COVARIANCE_MATRIX>[[7.327424833246287e-06, 7.325912347160621e-06, 7.51684754684178e-07, -1.3706442351947785e-05, -1.2999201413056068e-05, -8.902912265715752e-06], [7.325912347160621e-06, 2.5658651204434317e-05, -1.552723420680083e-06, -4.180155255938763e-05, -3.76789295166694e-05, -2.32683740345957e-05], [7.51684754684178e-07, -1.552723420680083e-06, 2.7546809071760577e-05, 4.712510532091065e-05, 3.521258607762007e-05, 2.6940057489638273e-05], [-1.3706442351947785e-05, -4.180155255938763e-05, 4.712510532091065e-05, 0.00020567121854975093, 0.00016685811581787448, 0.00011463622063725534], [-1.2999201413056068e-05, -3.76789295166694e-05, 3.521258607762007e-05, 0.00016685811581787448, 0.00017005720039527767, 0.00011214020376563729], [-8.902912265715752e-06, -2.32683740345957e-05, 2.6940057489638273e-05, 0.00011463622063725534, 0.00011214020376563729, 8.723047542248601e-05]]</COVARIANCE_MATRIX>
		<ROI_SIZE>143</ROI_SIZE>
		<MAX_VALUE>[0.11224023252725601, 0.11908919364213943, 0.0938212051987648, 0.08461009711027145, 0.060952767729759216, 0.044640928506851196]</MAX_VALUE>
		<MIN_VALUE>[0.09497655183076859, 0.09025311470031738, 0.0695146694779396, 0.01624227687716484, 0.0071542998775839806, 0.0]</MIN_VALUE>
		<SIGNATURE_THRESHOLD_MD>0</SIGNATURE_THRESHOLD_MD>
		<SIGNATURE_THRESHOLD_ML>0</SIGNATURE_THRESHOLD_ML>
		<SIGNATURE_THRESHOLD_SAM>0</SIGNATURE_THRESHOLD_SAM>
	</signature>
	<signature ID="20210203_101806774013_537">
		<MACROCLASSID>1</MACROCLASSID>
		<MACROCLASSINFO>waterbody</MACROCLASSINFO>
		<CLASSID>6</CLASSID>
		<CLASSINFO>C 1</CLASSINFO>
		<VALUES>[0.08961247878947429, 0.0023679425946768226, 0.07969705813697409, 0.005971851092857565, 0.06050823023542763, 0.009168407555248918, 0.05503829937827375, 0.02214386740491873, 0.03802728772695573, 0.02111990683335741, 0.028148042586898174, 0.014719631311405532]</VALUES>
		<LCS_MIN>[0.08461833745241165, 0.07223058491945267, 0.04824644327163696, 0.02763691358268261, 0.012045071460306644, 0.0024994146078824997]</LCS_MIN>
		<LCS_MAX>[0.09497655183076859, 0.09385763853788376, 0.07862962782382965, 0.09980294853448868, 0.08785201609134674, 0.06571168452501297]</LCS_MAX>
		<WAVELENGTH>[0.485, 0.56, 0.66, 0.83, 1.65, 2.215]</WAVELENGTH>
		<MEAN_VALUE>[0.08961247878947429, 0.07969705813697409, 0.06050823023542763, 0.05503829937827375, 0.03802728772695573, 0.028148042586898174]</MEAN_VALUE>
		<CHECKBOX>2</CHECKBOX>
		<SD>[0.0023679425946768226, 0.005971851092857565, 0.009168407555248918, 0.02214386740491873, 0.02111990683335741, 0.014719631311405532]</SD>
		<WAVELENGTH_UNIT>E-6m</WAVELENGTH_UNIT>
		<COLOR>#2828cc</COLOR>
		<COVARIANCE_MATRIX>[[5.709100352260885e-06, 1.0457376151191875e-05, 1.4707141725441458e-05, 2.7097022779745512e-05, 2.6078166547339657e-05, 1.9380766078075244e-05], [1.0457376151191875e-05, 3.631142375663248e-05, 4.497282832576043e-05, 8.41709933730892e-05, 7.973030568114183e-05, 5.794861295850949e-05], [1.4707141725441458e-05, 4.497282832576043e-05, 8.558805522822071e-05, 0.0001837136132168646, 0.00017193366875490018, 0.00011511759840973901], [2.7097022779745512e-05, 8.41709933730892e-05, 0.0001837136132168646, 0.0004992663338947429, 0.00044084657886157933, 0.0002969296090013025], [2.6078166547339657e-05, 7.973030568114183e-05, 0.00017193366875490018, 0.00044084657886157933, 0.0004541604730978733, 0.0002979731727224258], [1.9380766078075244e-05, 5.794861295850949e-05, 0.00011511759840973901, 0.0002969296090013025, 0.0002979731727224258, 0.00022060695586995945]]</COVARIANCE_MATRIX>
		<ROI_SIZE>56</ROI_SIZE>
		<MAX_VALUE>[0.09497655183076859, 0.09385763853788376, 0.07862962782382965, 0.09980294853448868, 0.08785201609134674, 0.06571168452501297]</MAX_VALUE>
		<MIN_VALUE>[0.08461833745241165, 0.07223058491945267, 0.04824644327163696, 0.02763691358268261, 0.012045071460306644, 0.0024994146078824997]</MIN_VALUE>
		<SIGNATURE_THRESHOLD_MD>0</SIGNATURE_THRESHOLD_MD>
		<SIGNATURE_THRESHOLD_ML>0</SIGNATURE_THRESHOLD_ML>
		<SIGNATURE_THRESHOLD_SAM>0</SIGNATURE_THRESHOLD_SAM>
	</signature>
	<signature ID="20210203_101812289730_650">
		<MACROCLASSID>1</MACROCLASSID>
		<MACROCLASSINFO>waterbody</MACROCLASSINFO>
		<CLASSID>7</CLASSID>
		<CLASSINFO>C 1</CLASSINFO>
		<VALUES>[0.09863764856909883, 0.0034240096820541744, 0.10025874435387809, 0.005314543600571151, 0.07281491520075961, 0.004523632028018012, 0.04950937593420006, 0.01746708099393926, 0.031228695691017244, 0.015924499766232253, 0.022783044452682654, 0.01150112044830085]</VALUES>
		<LCS_MIN>[0.08807108551263809, 0.08304409682750702, 0.0634380429983139, 0.02763691358268261, 0.009599686600267887, 0.0024994146078824997]</LCS_MIN>
		<LCS_MAX>[0.1036083921790123, 0.10827565938234329, 0.08470626175403595, 0.09220652282238007, 0.073179692029953, 0.055176299065351486]</LCS_MAX>
		<WAVELENGTH>[0.485, 0.56, 0.66, 0.83, 1.65, 2.215]</WAVELENGTH>
		<MEAN_VALUE>[0.09863764856909883, 0.10025874435387809, 0.07281491520075961, 0.04950937593420006, 0.031228695691017244, 0.022783044452682654]</MEAN_VALUE>
		<CHECKBOX>2</CHECKBOX>
		<SD>[0.0034240096820541744, 0.005314543600571151, 0.004523632028018012, 0.01746708099393926, 0.015924499766232253, 0.01150112044830085]</SD>
		<WAVELENGTH_UNIT>E-6m</WAVELENGTH_UNIT>
		<COLOR>#5ede7b</COLOR>
		<COVARIANCE_MATRIX>[[1.1929523746709512e-05, 1.4581792244326148e-05, 3.90142663727103e-06, -3.857316458362143e-05, -2.4360629152999068e-05, -1.302205413476626e-05], [1.4581792244326148e-05, 2.873988901013256e-05, 1.1166974682685883e-05, -6.248190192349352e-05, -4.299225646879589e-05, -2.263252611000743e-05], [3.90142663727103e-06, 1.1166974682685883e-05, 2.0822251053417565e-05, 1.4618925758677279e-05, 1.9653379583482447e-05, 2.1736854086140797e-05], [-3.857316458362143e-05, -6.248190192349352e-05, 1.4618925758677279e-05, 0.00031045153105319984, 0.00023119647336398294, 0.00015511591712395682], [-2.4360629152999068e-05, -4.299225646879589e-05, 1.9653379583482447e-05, 0.00023119647336398294, 0.0002580386347837613, 0.00016888854517539117], [-1.302205413476626e-05, -2.263252611000743e-05, 2.1736854086140797e-05, 0.00015511591712395682, 0.00016888854517539117, 0.00013459639913766293]]</COVARIANCE_MATRIX>
		<ROI_SIZE>58</ROI_SIZE>
		<MAX_VALUE>[0.1036083921790123, 0.10827565938234329, 0.08470626175403595, 0.09220652282238007, 0.073179692029953, 0.055176299065351486]</MAX_VALUE>
		<MIN_VALUE>[0.08807108551263809, 0.08304409682750702, 0.0634380429983139, 0.02763691358268261, 0.009599686600267887, 0.0024994146078824997]</MIN_VALUE>
		<SIGNATURE_THRESHOLD_MD>0</SIGNATURE_THRESHOLD_MD>
		<SIGNATURE_THRESHOLD_ML>0</SIGNATURE_THRESHOLD_ML>
		<SIGNATURE_THRESHOLD_SAM>0</SIGNATURE_THRESHOLD_SAM>
	</signature>
	<signature ID="20210203_101823931528_613">
		<MACROCLASSID>1</MACROCLASSID>
		<MACROCLASSINFO>waterbody</MACROCLASSINFO>
		<CLASSID>8</CLASSID>
		<CLASSINFO>C 1</CLASSINFO>
		<VALUES>[0.09848498216559809, 0.002924619292523669, 0.09455528014129208, 0.003093864207902525, 0.08480426885427968, 0.006001874105427221, 0.0996804172473569, 0.01686193662293848, 0.07672945193706016, 0.020354055122955853, 0.056535706645058054, 0.015415734350692439]</VALUES>
		<LCS_MIN>[0.09152380377054214, 0.0866486132144928, 0.07255299389362335, 0.07321544736623764, 0.03649892657995224, 0.023570168763399124]</LCS_MIN>
		<LCS_MAX>[0.1036083921790123, 0.10106665641069412, 0.0938212051987648, 0.13018861413002014, 0.11475124955177307, 0.0902942344546318]</LCS_MAX>
		<WAVELENGTH>[0.485, 0.56, 0.66, 0.83, 1.65, 2.215]</WAVELENGTH>
		<MEAN_VALUE>[0.09848498216559809, 0.09455528014129208, 0.08480426885427968, 0.0996804172473569, 0.07672945193706016, 0.056535706645058054]</MEAN_VALUE>
		<CHECKBOX>2</CHECKBOX>
		<SD>[0.002924619292523669, 0.003093864207902525, 0.006001874105427221, 0.01686193662293848, 0.020354055122955853, 0.015415734350692439]</SD>
		<WAVELENGTH_UNIT>E-6m</WAVELENGTH_UNIT>
		<COLOR>#7b3a86</COLOR>
		<COVARIANCE_MATRIX>[[8.838511273075028e-06, 5.767726365761455e-06, 9.61066638791597e-06, 6.782733173591472e-06, 2.3287071169885063e-06, 4.569810038790045e-06], [5.767726365761455e-06, 9.891062261505017e-06, 1.3801420162997607e-05, 1.5148066288248082e-05, 1.0368790630961741e-05, 1.4631904324991667e-05], [9.61066638791597e-06, 1.3801420162997607e-05, 3.722324253664438e-05, 5.771325447878217e-05, 6.675683027076093e-05, 6.352627590526448e-05], [6.782733173591472e-06, 1.5148066288248082e-05, 5.771325447878217e-05, 0.00029380240356519376, 0.00028559378817861217, 0.000208697839054864], [2.3287071169885063e-06, 1.0368790630961741e-05, 6.675683027076093e-05, 0.00028559378817861217, 0.0004280971452799363, 0.00030502904790362915], [4.569810038790045e-06, 1.4631904324991667e-05, 6.352627590526448e-05, 0.000208697839054864, 0.00030502904790362915, 0.0002455663610901562]]</COVARIANCE_MATRIX>
		<ROI_SIZE>31</ROI_SIZE>
		<MAX_VALUE>[0.1036083921790123, 0.10106665641069412, 0.0938212051987648, 0.13018861413002014, 0.11475124955177307, 0.0902942344546318]</MAX_VALUE>
		<MIN_VALUE>[0.09152380377054214, 0.0866486132144928, 0.07255299389362335, 0.07321544736623764, 0.03649892657995224, 0.023570168763399124]</MIN_VALUE>
		<SIGNATURE_THRESHOLD_MD>0</SIGNATURE_THRESHOLD_MD>
		<SIGNATURE_THRESHOLD_ML>0</SIGNATURE_THRESHOLD_ML>
		<SIGNATURE_THRESHOLD_SAM>0</SIGNATURE_THRESHOLD_SAM>
	</signature>
	<signature ID="20210203_101844544376_316">
		<MACROCLASSID>1</MACROCLASSID>
		<MACROCLASSINFO>waterbody</MACROCLASSINFO>
		<CLASSID>9</CLASSID>
		<CLASSINFO>C 1</CLASSINFO>
		<VALUES>[0.09428952786387228, 0.003967045976854625, 0.088671548101975, 0.00527812830778717, 0.07094082228687347, 0.006556873670853832, 0.08158702631385957, 0.015413703570760138, 0.05244383067652888, 0.01386063976974496, 0.0338547055571511, 0.00988522486261507]</VALUES>
		<LCS_MIN>[0.08807108551263809, 0.07583508640527725, 0.05736139789223671, 0.0504261814057827, 0.026717379689216614, 0.013034793548285961]</LCS_MIN>
		<LCS_MAX>[0.11224023252725601, 0.10827565938234329, 0.0938212051987648, 0.1111975833773613, 0.08051584661006927, 0.05868809297680855]</LCS_MAX>
		<WAVELENGTH>[0.485, 0.56, 0.66, 0.83, 1.65, 2.215]</WAVELENGTH>
		<MEAN_VALUE>[0.09428952786387228, 0.088671548101975, 0.07094082228687347, 0.08158702631385957, 0.05244383067652888, 0.0338547055571511]</MEAN_VALUE>
		<CHECKBOX>2</CHECKBOX>
		<SD>[0.003967045976854625, 0.00527812830778717, 0.006556873670853832, 0.015413703570760138, 0.01386063976974496, 0.00988522486261507]</SD>
		<WAVELENGTH_UNIT>E-6m</WAVELENGTH_UNIT>
		<COLOR>#d74aed</COLOR>
		<COVARIANCE_MATRIX>[[1.5899695574050382e-05, 1.6479784129279492e-05, 2.0943506095456968e-05, -2.0555401895732466e-07, 7.498677224457317e-06, 1.320121855183069e-05], [1.6479784129279492e-05, 2.8145840891541185e-05, 2.824662698476731e-05, -2.1626289828692922e-05, -2.7826725188038865e-06, 7.037559424527871e-06], [2.0943506095456968e-05, 2.824662698476731e-05, 4.343581493693328e-05, -4.804968479059377e-06, 1.4175033998983649e-05, 2.5221290762309254e-05], [-2.0555401895732466e-07, -2.1626289828692922e-05, -4.804968479059377e-06, 0.00024003155939373026, 0.00017068947097258156, 9.054095519451142e-05], [7.498677224457317e-06, -2.7826725188038865e-06, 1.4175033998983649e-05, 0.00017068947097258156, 0.0001940979259073226, 0.00010266648430492182], [1.320121855183069e-05, 7.037559424527871e-06, 2.5221290762309254e-05, 9.054095519451142e-05, 0.00010266648430492182, 9.872506925028244e-05]]</COVARIANCE_MATRIX>
		<ROI_SIZE>98</ROI_SIZE>
		<MAX_VALUE>[0.11224023252725601, 0.10827565938234329, 0.0938212051987648, 0.1111975833773613, 0.08051584661006927, 0.05868809297680855]</MAX_VALUE>
		<MIN_VALUE>[0.08807108551263809, 0.07583508640527725, 0.05736139789223671, 0.0504261814057827, 0.026717379689216614, 0.013034793548285961]</MIN_VALUE>
		<SIGNATURE_THRESHOLD_MD>0</SIGNATURE_THRESHOLD_MD>
		<SIGNATURE_THRESHOLD_ML>0</SIGNATURE_THRESHOLD_ML>
		<SIGNATURE_THRESHOLD_SAM>0</SIGNATURE_THRESHOLD_SAM>
	</signature>
	<signature ID="20210203_101940785380_611">
		<MACROCLASSID>1</MACROCLASSID>
		<MACROCLASSINFO>waterbody</MACROCLASSINFO>
		<CLASSID>10</CLASSID>
		<CLASSINFO>C 1</CLASSINFO>
		<VALUES>[0.09794974699616432, 0.0024282335406602723, 0.09485888481140137, 0.004776722625062008, 0.09348361897799704, 0.0068606538015066765, 0.14010618834031952, 0.011953406076666305, 0.10252432152628899, 0.010342821798347146, 0.06649208048151597, 0.00997109822379494]</VALUES>
		<LCS_MIN>[0.09325018525123596, 0.0866486132144928, 0.07862962782382965, 0.12259220331907272, 0.08051584661006927, 0.04815272241830826]</LCS_MIN>
		<LCS_MAX>[0.10188203305006027, 0.10467115789651871, 0.105974480509758, 0.16057434678077698, 0.12697817385196686, 0.07975885272026062]</LCS_MAX>
		<WAVELENGTH>[0.485, 0.56, 0.66, 0.83, 1.65, 2.215]</WAVELENGTH>
		<MEAN_VALUE>[0.09794974699616432, 0.09485888481140137, 0.09348361897799704, 0.14010618834031952, 0.10252432152628899, 0.06649208048151597]</MEAN_VALUE>
		<CHECKBOX>2</CHECKBOX>
		<SD>[0.0024282335406602723, 0.004776722625062008, 0.0068606538015066765, 0.011953406076666305, 0.010342821798347146, 0.00997109822379494]</SD>
		<WAVELENGTH_UNIT>E-6m</WAVELENGTH_UNIT>
		<COLOR>#0f2271</COLOR>
		<COVARIANCE_MATRIX>[[6.2431603708103164e-06, 7.829245063314458e-06, 1.0010563114074815e-05, 4.071333159902523e-07, 7.698287851692255e-06, 8.955294791388228e-06], [7.829245063314458e-06, 2.4159260156589803e-05, 2.741489890747472e-05, -2.178877139900322e-05, -7.777409348489406e-06, 1.406477801393096e-05], [1.0010563114074815e-05, 2.741489890747472e-05, 4.983731003025321e-05, -3.446967166193861e-05, -9.615102065715755e-06, 1.722533731528489e-05], [4.071333159902523e-07, -2.178877139900322e-05, -3.446967166193861e-05, 0.00015128885311801725, 2.403978916301619e-05, -3.4870026381185667e-07], [7.698287851692255e-06, -7.777409348489406e-06, -9.615102065715755e-06, 2.403978916301619e-05, 0.00011326654879662164, 7.930981845818402e-05], [8.955294791388228e-06, 1.406477801393096e-05, 1.722533731528489e-05, -3.4870026381185667e-07, 7.930981845818402e-05, 0.00010527119977612936]]</COVARIANCE_MATRIX>
		<ROI_SIZE>18</ROI_SIZE>
		<MAX_VALUE>[0.10188203305006027, 0.10467115789651871, 0.105974480509758, 0.16057434678077698, 0.12697817385196686, 0.07975885272026062]</MAX_VALUE>
		<MIN_VALUE>[0.09325018525123596, 0.0866486132144928, 0.07862962782382965, 0.12259220331907272, 0.08051584661006927, 0.04815272241830826]</MIN_VALUE>
		<SIGNATURE_THRESHOLD_MD>0</SIGNATURE_THRESHOLD_MD>
		<SIGNATURE_THRESHOLD_ML>0</SIGNATURE_THRESHOLD_ML>
		<SIGNATURE_THRESHOLD_SAM>0</SIGNATURE_THRESHOLD_SAM>
	</signature>
	<signature ID="20210203_101949454983_444">
		<MACROCLASSID>1</MACROCLASSID>
		<MACROCLASSINFO>waterbody</MACROCLASSINFO>
		<CLASSID>11</CLASSID>
		<CLASSINFO>C 1</CLASSINFO>
		<VALUES>[0.10291785047604488, 0.0020041413851509832, 0.10794293869000215, 0.0043218506555867476, 0.08339744622890764, 0.0029659015558815855, 0.04762135142317185, 0.006469044835899521, 0.018177344850622695, 0.005643948822551522, 0.011630075310285277, 0.0052559699008090065]</VALUES>
		<LCS_MIN>[0.0967029258608818, 0.09385763853788376, 0.07862962782382965, 0.03903154656291008, 0.0071542998775839806, 0.0024994146078824997]</LCS_MIN>
		<LCS_MAX>[0.10706113278865814, 0.11548468470573425, 0.09078288823366165, 0.07321544736623764, 0.03649892657995224, 0.027081962674856186]</LCS_MAX>
		<WAVELENGTH>[0.485, 0.56, 0.66, 0.83, 1.65, 2.215]</WAVELENGTH>
		<MEAN_VALUE>[0.10291785047604488, 0.10794293869000215, 0.08339744622890764, 0.04762135142317185, 0.018177344850622695, 0.011630075310285277]</MEAN_VALUE>
		<CHECKBOX>2</CHECKBOX>
		<SD>[0.0020041413851509832, 0.0043218506555867476, 0.0029659015558815855, 0.006469044835899521, 0.005643948822551522, 0.0052559699008090065]</SD>
		<WAVELENGTH_UNIT>E-6m</WAVELENGTH_UNIT>
		<COLOR>#a5c1ec</COLOR>
		<COVARIANCE_MATRIX>[[4.079341796232308e-06, 1.1278615794806293e-06, -9.179197251680187e-07, -1.7622219689927562e-06, -7.783652198078087e-07, -2.2166536572056115e-06], [1.1278615794806293e-06, 1.8970242981214233e-05, 6.744731792164346e-06, -1.314107377071552e-05, -9.496673407642112e-06, -8.583893238730832e-06], [-9.179197251680187e-07, 6.744731792164346e-06, 8.934018477293042e-06, 5.825671207328211e-08, 6.054615574818508e-07, 4.6681164907717024e-07], [-1.7622219689927562e-06, -1.314107377071552e-05, 5.825671207328211e-08, 4.2502424543391985e-05, 2.6901972078836183e-05, 2.434281749062397e-05], [-7.783652198078087e-07, -9.496673407642112e-06, 6.054615574818508e-07, 2.6901972078836183e-05, 3.235187953519915e-05, 1.5457832718827576e-05], [-2.2166536572056115e-06, -8.583893238730832e-06, 4.6681164907717024e-07, 2.434281749062397e-05, 1.5457832718827576e-05, 2.8056863654432273e-05]]</COVARIANCE_MATRIX>
		<ROI_SIZE>65</ROI_SIZE>
		<MAX_VALUE>[0.10706113278865814, 0.11548468470573425, 0.09078288823366165, 0.07321544736623764, 0.03649892657995224, 0.027081962674856186]</MAX_VALUE>
		<MIN_VALUE>[0.0967029258608818, 0.09385763853788376, 0.07862962782382965, 0.03903154656291008, 0.0071542998775839806, 0.0024994146078824997]</MIN_VALUE>
		<SIGNATURE_THRESHOLD_MD>0</SIGNATURE_THRESHOLD_MD>
		<SIGNATURE_THRESHOLD_ML>0</SIGNATURE_THRESHOLD_ML>
		<SIGNATURE_THRESHOLD_SAM>0</SIGNATURE_THRESHOLD_SAM>
	</signature>
	<signature ID="20210203_103712649979_783">
		<MACROCLASSID>1</MACROCLASSID>
		<MACROCLASSINFO>waterbody</MACROCLASSINFO>
		<CLASSID>12</CLASSID>
		<CLASSINFO>C 1</CLASSINFO>
		<VALUES>[0.11209012049695723, 0.00608584019398997, 0.10968612652757893, 0.00912737965793864, 0.10518187252075778, 0.009013878234192642, 0.11978484009918958, 0.014952207309806174, 0.07488083580265875, 0.016717111493861143, 0.053954811199851654, 0.011606192791241511]</VALUES>
		<LCS_MIN>[0.10015566647052765, 0.09385763853788376, 0.0877445787191391, 0.08081188052892685, 0.03160814940929413, 0.027081962674856186]</LCS_MIN>
		<LCS_MAX>[0.127777561545372, 0.12990272045135498, 0.12724269926548004, 0.14158327877521515, 0.09763354808092117, 0.0727352648973465]</LCS_MAX>
		<WAVELENGTH>[0.485, 0.56, 0.66, 0.83, 1.65, 2.215]</WAVELENGTH>
		<MEAN_VALUE>[0.11209012049695723, 0.10968612652757893, 0.10518187252075778, 0.11978484009918958, 0.07488083580265875, 0.053954811199851654]</MEAN_VALUE>
		<CHECKBOX>2</CHECKBOX>
		<SD>[0.00608584019398997, 0.00912737965793864, 0.009013878234192642, 0.014952207309806174, 0.016717111493861143, 0.011606192791241511]</SD>
		<WAVELENGTH_UNIT>E-6m</WAVELENGTH_UNIT>
		<COLOR>#36c69f</COLOR>
		<COVARIANCE_MATRIX>[[3.872097136072856e-05, 5.368009953116434e-05, 5.161289164079618e-05, -3.918715344643248e-05, 1.41833995358204e-06, 1.551607417865713e-05], [5.368009953116434e-05, 8.70958348483408e-05, 8.131482887626133e-05, -6.80475595714461e-05, -9.319596393389115e-06, 2.0213224676300826e-05], [5.161289164079618e-05, 8.131482887626133e-05, 8.494318267634508e-05, -4.901149112152235e-05, 7.488598055254632e-06, 3.148264958080938e-05], [-3.918715344643248e-05, -6.80475595714461e-05, -4.901149112152235e-05, 0.00023373070813703114, 0.0001793556030415147, 9.9485433127137e-05], [1.41833995358204e-06, -9.319596393389115e-06, 7.488598055254632e-06, 0.0001793556030415147, 0.0002921646265481019, 0.00018758831564074426], [1.551607417865713e-05, 2.0213224676300826e-05, 3.148264958080938e-05, 9.9485433127137e-05, 0.00018758831564074426, 0.00014082660706689673]]</COVARIANCE_MATRIX>
		<ROI_SIZE>23</ROI_SIZE>
		<MAX_VALUE>[0.127777561545372, 0.12990272045135498, 0.12724269926548004, 0.14158327877521515, 0.09763354808092117, 0.0727352648973465]</MAX_VALUE>
		<MIN_VALUE>[0.10015566647052765, 0.09385763853788376, 0.0877445787191391, 0.08081188052892685, 0.03160814940929413, 0.027081962674856186]</MIN_VALUE>
		<SIGNATURE_THRESHOLD_MD>0</SIGNATURE_THRESHOLD_MD>
		<SIGNATURE_THRESHOLD_ML>0</SIGNATURE_THRESHOLD_ML>
		<SIGNATURE_THRESHOLD_SAM>0</SIGNATURE_THRESHOLD_SAM>
	</signature>
	<signature ID="20210203_103744424809_488">
		<MACROCLASSID>1</MACROCLASSID>
		<MACROCLASSINFO>waterbody</MACROCLASSINFO>
		<CLASSID>13</CLASSID>
		<CLASSINFO>C 1</CLASSINFO>
		<VALUES>[0.10360839776694775, 0.004048691682874424, 0.10016552358865738, 0.004682391951379229, 0.0968595240265131, 0.0037211631206735397, 0.09410562366247177, 0.0018991008400917053, 0.07134566269814968, 0.00761120004376231, 0.04376297816634178, 0.0062698038712137635]</VALUES>
		<LCS_MIN>[0.0967029258608818, 0.09385763853788376, 0.09078288823366165, 0.09220652282238007, 0.06339816004037857, 0.03410554677248001]</LCS_MIN>
		<LCS_MAX>[0.10706113278865814, 0.10467115789651871, 0.0998978391289711, 0.09600472450256348, 0.08296124637126923, 0.05166450887918472]</LCS_MAX>
		<WAVELENGTH>[0.485, 0.56, 0.66, 0.83, 1.65, 2.215]</WAVELENGTH>
		<MEAN_VALUE>[0.10360839776694775, 0.10016552358865738, 0.0968595240265131, 0.09410562366247177, 0.07134566269814968, 0.04376297816634178]</MEAN_VALUE>
		<CHECKBOX>2</CHECKBOX>
		<SD>[0.004048691682874424, 0.004682391951379229, 0.0037211631206735397, 0.0018991008400917053, 0.00761120004376231, 0.0062698038712137635]</SD>
		<WAVELENGTH_UNIT>E-6m</WAVELENGTH_UNIT>
		<COLOR>#313c84</COLOR>
		<COVARIANCE_MATRIX>No</COVARIANCE_MATRIX>
		<ROI_SIZE>4</ROI_SIZE>
		<MAX_VALUE>[0.10706113278865814, 0.10467115789651871, 0.0998978391289711, 0.09600472450256348, 0.08296124637126923, 0.05166450887918472]</MAX_VALUE>
		<MIN_VALUE>[0.0967029258608818, 0.09385763853788376, 0.09078288823366165, 0.09220652282238007, 0.06339816004037857, 0.03410554677248001]</MIN_VALUE>
		<SIGNATURE_THRESHOLD_MD>0</SIGNATURE_THRESHOLD_MD>
		<SIGNATURE_THRESHOLD_ML>0</SIGNATURE_THRESHOLD_ML>
		<SIGNATURE_THRESHOLD_SAM>0</SIGNATURE_THRESHOLD_SAM>
	</signature>
	<signature ID="20210203_103751675986_840">
		<MACROCLASSID>1</MACROCLASSID>
		<MACROCLASSINFO>waterbody</MACROCLASSINFO>
		<CLASSID>14</CLASSID>
		<CLASSINFO>C 1</CLASSINFO>
		<VALUES>[0.1084997732606199, 0.005155070498567556, 0.10106664896011353, 0.007598971075283514, 0.09787229821085928, 0.009766821025707082, 0.11119757882422869, 0.016312177743587494, 0.07807047127021681, 0.014581460192397663, 0.05946849534908931, 0.0111394859774321]</VALUES>
		<LCS_MIN>[0.10015566647052765, 0.09025311470031738, 0.07862962782382965, 0.08461009711027145, 0.056062001734972, 0.041129134595394135]</LCS_MIN>
		<LCS_MAX>[0.11741934716701508, 0.11548468470573425, 0.11812774091959, 0.14158327877521515, 0.10496971756219864, 0.08327064663171768]</LCS_MAX>
		<WAVELENGTH>[0.485, 0.56, 0.66, 0.83, 1.65, 2.215]</WAVELENGTH>
		<MEAN_VALUE>[0.1084997732606199, 0.10106664896011353, 0.09787229821085928, 0.11119757882422869, 0.07807047127021681, 0.05946849534908931]</MEAN_VALUE>
		<CHECKBOX>2</CHECKBOX>
		<SD>[0.005155070498567556, 0.007598971075283514, 0.009766821025707082, 0.016312177743587494, 0.014581460192397663, 0.0111394859774321]</SD>
		<WAVELENGTH_UNIT>E-6m</WAVELENGTH_UNIT>
		<COLOR>#04a0d9</COLOR>
		<COVARIANCE_MATRIX>[[2.8137972541978118e-05, 3.587207772546874e-05, 4.597308622720329e-05, -1.5042791654417555e-05, 5.711645110716951e-06, 9.866660284124204e-06], [3.587207772546874e-05, 6.114108854434818e-05, 6.893090264337807e-05, -1.3690697201757955e-05, 1.399935353588994e-05, 1.6381300047142315e-05], [4.597308622720329e-05, 6.893090264337807e-05, 0.00010100201606279361, 1.7649653990012772e-05, 3.54010748931377e-05, 3.61940791233623e-05], [-1.5042791654417555e-05, -1.3690697201757955e-05, 1.7649653990012772e-05, 0.00028173932760535537, 0.00019832799501823278, 0.00012946220432702817], [5.711645110716951e-06, 1.399935353588994e-05, 3.54010748931377e-05, 0.00019832799501823278, 0.00022512598024497624, 0.00013841327952474901], [9.866660284124204e-06, 1.6381300047142315e-05, 3.61940791233623e-05, 0.00012946220432702817, 0.00013841327952474901, 0.00013138745065560673]]</COVARIANCE_MATRIX>
		<ROI_SIZE>18</ROI_SIZE>
		<MAX_VALUE>[0.11741934716701508, 0.11548468470573425, 0.11812774091959, 0.14158327877521515, 0.10496971756219864, 0.08327064663171768]</MAX_VALUE>
		<MIN_VALUE>[0.10015566647052765, 0.09025311470031738, 0.07862962782382965, 0.08461009711027145, 0.056062001734972, 0.041129134595394135]</MIN_VALUE>
		<SIGNATURE_THRESHOLD_MD>0</SIGNATURE_THRESHOLD_MD>
		<SIGNATURE_THRESHOLD_ML>0</SIGNATURE_THRESHOLD_ML>
		<SIGNATURE_THRESHOLD_SAM>0</SIGNATURE_THRESHOLD_SAM>
	</signature>
	<signature ID="20210203_103808098143_986">
		<MACROCLASSID>1</MACROCLASSID>
		<MACROCLASSINFO>waterbody</MACROCLASSINFO>
		<CLASSID>15</CLASSID>
		<CLASSINFO>C 1</CLASSINFO>
		<VALUES>[0.10533476620912552, 0.008386668905398024, 0.09674123525619507, 0.009778789041617879, 0.09382120817899704, 0.013989460258021218, 0.10132223069667816, 0.010634996422699616, 0.06437631249427796, 0.013358160814252115, 0.04534328430891037, 0.014462447757491484]</VALUES>
		<LCS_MIN>[0.09325018525123596, 0.08304409682750702, 0.0755913108587265, 0.08840830624103546, 0.04872584715485573, 0.023570168763399124]</LCS_MIN>
		<LCS_MAX>[0.1191457137465477, 0.11188016831874847, 0.11508942395448685, 0.1111975833773613, 0.08051584661006927, 0.06571168452501297]</LCS_MAX>
		<WAVELENGTH>[0.485, 0.56, 0.66, 0.83, 1.65, 2.215]</WAVELENGTH>
		<MEAN_VALUE>[0.10533476620912552, 0.09674123525619507, 0.09382120817899704, 0.10132223069667816, 0.06437631249427796, 0.04534328430891037]</MEAN_VALUE>
		<CHECKBOX>2</CHECKBOX>
		<SD>[0.008386668905398024, 0.009778789041617879, 0.013989460258021218, 0.010634996422699616, 0.013358160814252115, 0.014462447757491484]</SD>
		<WAVELENGTH_UNIT>E-6m</WAVELENGTH_UNIT>
		<COLOR>#31ca89</COLOR>
		<COVARIANCE_MATRIX>[[8.792026916096263e-05, 0.0001011190500097986, 0.00014162184403036793, 2.1310603038893206e-05, 2.8495978794305925e-05, 0.00011215898311360549], [0.0001011190500097986, 0.00011953089390058236, 0.0001697504342377726, 2.5327738066441283e-05, 3.1731778979553196e-05, 0.0001398741119738603], [0.00014162184403036793, 0.0001697504342377726, 0.0002446312478884438, 5.193079824522273e-05, 6.12962583569382e-05, 0.0002160662906393093], [2.1310603038893206e-05, 2.5327738066441283e-05, 5.193079824522273e-05, 0.000141378936138542, 0.0001676500919074425, 0.00013538612373236865], [2.8495978794305925e-05, 3.1731778979553196e-05, 6.12962583569382e-05, 0.0001676500919074425, 0.00022305057542427594, 0.00015801336602535508], [0.00011215898311360549, 0.0001398741119738603, 0.0002160662906393093, 0.00013538612373236865, 0.00015801336602535508, 0.00026145299392271314]]</COVARIANCE_MATRIX>
		<ROI_SIZE>5</ROI_SIZE>
		<MAX_VALUE>[0.1191457137465477, 0.11188016831874847, 0.11508942395448685, 0.1111975833773613, 0.08051584661006927, 0.06571168452501297]</MAX_VALUE>
		<MIN_VALUE>[0.09325018525123596, 0.08304409682750702, 0.0755913108587265, 0.08840830624103546, 0.04872584715485573, 0.023570168763399124]</MIN_VALUE>
		<SIGNATURE_THRESHOLD_MD>0</SIGNATURE_THRESHOLD_MD>
		<SIGNATURE_THRESHOLD_ML>0</SIGNATURE_THRESHOLD_ML>
		<SIGNATURE_THRESHOLD_SAM>0</SIGNATURE_THRESHOLD_SAM>
	</signature>
	<signature ID="20210203_103832605846_502">
		<MACROCLASSID>1</MACROCLASSID>
		<MACROCLASSINFO>waterbody</MACROCLASSINFO>
		<CLASSID>16</CLASSID>
		<CLASSINFO>C 1</CLASSINFO>
		<VALUES>[0.10551648743842777, 0.0041875215125630905, 0.09879012092163689, 0.005511420321792754, 0.09398111897079568, 0.0069335926559980325, 0.10719946340510719, 0.013010785611863234, 0.07652601521266132, 0.012373047148563689, 0.057024616748094566, 0.011242842758429305]</VALUES>
		<LCS_MIN>[0.10015566647052765, 0.0866486132144928, 0.07862962782382965, 0.08461009711027145, 0.056062001734972, 0.03761734068393707]</LCS_MIN>
		<LCS_MAX>[0.11396661400794983, 0.10827565938234329, 0.105974480509758, 0.13398684561252594, 0.10007893294095993, 0.07975885272026062]</LCS_MAX>
		<WAVELENGTH>[0.485, 0.56, 0.66, 0.83, 1.65, 2.215]</WAVELENGTH>
		<MEAN_VALUE>[0.10551648743842777, 0.09879012092163689, 0.09398111897079568, 0.10719946340510719, 0.07652601521266132, 0.057024616748094566]</MEAN_VALUE>
		<CHECKBOX>2</CHECKBOX>
		<SD>[0.0041875215125630905, 0.005511420321792754, 0.0069335926559980325, 0.013010785611863234, 0.012373047148563689, 0.011242842758429305]</SD>
		<WAVELENGTH_UNIT>E-6m</WAVELENGTH_UNIT>
		<COLOR>#569bb7</COLOR>
