<?xml version="1.0" ?>
<signaturelist MCID_LIST="[['1', 'waterbody', '#0000ff'], ['2', 'vegetation', '#00ff00'], ['3', 'bare land', '#ffaa00'], ['4', 'built-up', '#ff0000']]">
	<signature ID="20200811_095119100382_358">
		<MACROCLASSID>1</MACROCLASSID>
		<MACROCLASSINFO>waterbody</MACROCLASSINFO>
		<CLASSID>5</CLASSID>
		<CLASSINFO>C 1</CLASSINFO>
		<VALUES>[0.11183498507501007, 0.004737094519827447, 0.11255557129903093, 0.008755950262110861, 0.0879866078966112, 0.006910307005464757, 0.037230470819483046, 0.010748395929838004, 0.011300465568583277, 0.010770975537952256, 0.007780781718397663, 0.008167351977704684]</VALUES>
		<LCS_MIN>[0.08582959324121475, 0.06487929821014404, 0.04563022777438164, 0.017178278416395187, 0.0, 0.0]</LCS_MIN>
		<LCS_MAX>[0.12395993620157242, 0.1245889738202095, 0.10015501827001572, 0.08009670674800873, 0.057135965675115585, 0.04708064720034599]</LCS_MAX>
		<WAVELENGTH>[0.485, 0.56, 0.66, 0.83, 1.65, 2.215]</WAVELENGTH>
		<MEAN_VALUE>[0.11183498507501007, 0.11255557129903093, 0.0879866078966112, 0.037230470819483046, 0.011300465568583277, 0.007780781718397663]</MEAN_VALUE>
		<CHECKBOX>2</CHECKBOX>
		<SD>[0.004737094519827447, 0.008755950262110861, 0.006910307005464757, 0.010748395929838004, 0.010770975537952256, 0.008167351977704684]</SD>
		<WAVELENGTH_UNIT>E-6m</WAVELENGTH_UNIT>
		<COLOR>#36da6a</COLOR>
		<COVARIANCE_MATRIX>[[2.247088875418823e-05, 3.394900834458863e-05, 2.547351811101954e-05, -2.2454463139265968e-05, -2.25512114941849e-05, -1.4494963347189428e-05], [3.394900834458863e-05, 7.677197634557106e-05, 5.2464172398482755e-05, -4.707346477578273e-05, -4.75938049068578e-05, -3.084024328105251e-05], [2.547351811101954e-05, 5.2464172398482755e-05, 4.781793678739869e-05, -1.9978013196794766e-05, -2.102741785766656e-05, -1.3450310562552388e-05], [-2.2454463139265968e-05, -4.707346477578273e-05, -1.9978013196794766e-05, 0.00011568670739294356, 9.974789130544151e-05, 6.702192319255293e-05], [-2.25512114941849e-05, -4.75938049068578e-05, -2.102741785766656e-05, 9.974789130544151e-05, 0.00011617327381119767, 7.486164313051889e-05], [-1.4494963347189428e-05, -3.084024328105251e-05, -1.3450310562552388e-05, 6.702192319255293e-05, 7.486164313051889e-05, 6.679726695179314e-05]]</COVARIANCE_MATRIX>
		<ROI_SIZE>729</ROI_SIZE>
		<MAX_VALUE>[0.12395993620157242, 0.1245889738202095, 0.10015501827001572, 0.08009670674800873, 0.057135965675115585, 0.04708064720034599]</MAX_VALUE>
		<MIN_VALUE>[0.08582959324121475, 0.06487929821014404, 0.04563022777438164, 0.017178278416395187, 0.0, 0.0]</MIN_VALUE>
		<SIGNATURE_THRESHOLD_MD>0</SIGNATURE_THRESHOLD_MD>
		<SIGNATURE_THRESHOLD_ML>0</SIGNATURE_THRESHOLD_ML>
		<SIGNATURE_THRESHOLD_SAM>0</SIGNATURE_THRESHOLD_SAM>
	</signature>
	<signature ID="20200811_095132533563_859">
		<MACROCLASSID>1</MACROCLASSID>
		<MACROCLASSINFO>waterbody</MACROCLASSINFO>
		<CLASSID>6</CLASSID>
		<CLASSINFO>C 1</CLASSINFO>
		<VALUES>[0.12597882999972526, 0.005788504640731265, 0.11220164786834463, 0.008375489442865744, 0.10451263756482866, 0.010178717749704627, 0.07845199070535935, 0.0117481426619623, 0.020927219377173772, 0.016009714478612665, 0.015468196417730723, 0.01447789253906729]</VALUES>
		<LCS_MIN>[0.10251161456108093, 0.07483091950416565, 0.06240708753466606, 0.043394289910793304, 0.0031246673315763474, 0.0]</LCS_MIN>
		<LCS_MAX>[0.14302513003349304, 0.13951639831066132, 0.13370871543884277, 0.13252872228622437, 0.08751732856035233, 0.07131973654031754]</LCS_MAX>
		<WAVELENGTH>[0.485, 0.56, 0.66, 0.83, 1.65, 2.215]</WAVELENGTH>
		<MEAN_VALUE>[0.12597882999972526, 0.11220164786834463, 0.10451263756482866, 0.07845199070535935, 0.020927219377173772, 0.015468196417730723]</MEAN_VALUE>
		<CHECKBOX>2</CHECKBOX>
		<SD>[0.005788504640731265, 0.008375489442865744, 0.010178717749704627, 0.0117481426619623, 0.016009714478612665, 0.01447789253906729]</SD>
		<WAVELENGTH_UNIT>E-6m</WAVELENGTH_UNIT>
		<COLOR>#8eddf2</COLOR>
		<COVARIANCE_MATRIX>[[3.354029276174257e-05, 4.03542845900979e-05, 4.9526955911728286e-05, 4.7982112894173436e-05, 3.6240890015275914e-05, 3.22876417779942e-05], [4.03542845900979e-05, 7.021897223096293e-05, 7.803329952117344e-05, 6.781338668380453e-05, 4.147358263034469e-05, 3.772710391698465e-05], [4.9526955911728286e-05, 7.803329952117344e-05, 0.00010370990132318032, 8.807951977580445e-05, 5.6694953628073185e-05, 5.0845188443881225e-05], [4.7982112894173436e-05, 6.781338668380453e-05, 8.807951977580445e-05, 0.0001381568748618245, 0.00014817936411098587, 0.00013011131902207967], [3.6240890015275914e-05, 4.147358263034469e-05, 5.6694953628073185e-05, 0.00014817936411098587, 0.0002565672686443865, 0.0002157251414807639], [3.22876417779942e-05, 3.772710391698465e-05, 5.0845188443881225e-05, 0.00013011131902207967, 0.0002157251414807639, 0.00020981898174515307]]</COVARIANCE_MATRIX>
		<ROI_SIZE>1001</ROI_SIZE>
		<MAX_VALUE>[0.14302513003349304, 0.13951639831066132, 0.13370871543884277, 0.13252872228622437, 0.08751732856035233, 0.07131973654031754]</MAX_VALUE>
		<MIN_VALUE>[0.10251161456108093, 0.07483091950416565, 0.06240708753466606, 0.043394289910793304, 0.0031246673315763474, 0.0]</MIN_VALUE>
		<SIGNATURE_THRESHOLD_MD>0</SIGNATURE_THRESHOLD_MD>
		<SIGNATURE_THRESHOLD_ML>0</SIGNATURE_THRESHOLD_ML>
		<SIGNATURE_THRESHOLD_SAM>0</SIGNATURE_THRESHOLD_SAM>
	</signature>
	<signature ID="20200811_095149487483_708">
		<MACROCLASSID>1</MACROCLASSID>
		<MACROCLASSINFO>waterbody</MACROCLASSINFO>
		<CLASSID>7</CLASSID>
		<CLASSINFO>C 1</CLASSINFO>
		<VALUES>[0.093739309204223, 0.002765585994630075, 0.10957281483408655, 0.005154213920396362, 0.12494352562759, 0.004095792203516242, 0.044966559207541716, 0.00791928703115015, 0.006498341501814713, 0.006678904618189651, 0.005045303572006173, 0.006186360545260537]</VALUES>
		<LCS_MIN>[0.0834464505314827, 0.08478253334760666, 0.10015501827001572, 0.0381510891020298, 0.0, 0.0]</LCS_MIN>
		<LCS_MAX>[0.10251161456108093, 0.1196131706237793, 0.13790293037891388, 0.09058311581611633, 0.05038456246256828, 0.04708064720034599]</LCS_MAX>
		<WAVELENGTH>[0.485, 0.56, 0.66, 0.83, 1.65, 2.215]</WAVELENGTH>
		<MEAN_VALUE>[0.093739309204223, 0.10957281483408655, 0.12494352562759, 0.044966559207541716, 0.006498341501814713, 0.005045303572006173]</MEAN_VALUE>
		<CHECKBOX>2</CHECKBOX>
		<SD>[0.002765585994630075, 0.005154213920396362, 0.004095792203516242, 0.00791928703115015, 0.006678904618189651, 0.006186360545260537]</SD>
		<WAVELENGTH_UNIT>E-6m</WAVELENGTH_UNIT>
		<COLOR>#39b19f</COLOR>
		<COVARIANCE_MATRIX>[[7.708913683275089e-06, 6.317100773260166e-06, 3.542896571087124e-06, -6.094383563120851e-06, -2.7473595953769083e-06, -2.263438564383241e-06], [6.317100773260166e-06, 2.663659161909661e-05, 1.0903566091873709e-05, -2.0768016681550782e-05, -1.0797229906104749e-05, -9.084911592223041e-06], [3.542896571087124e-06, 1.0903566091873709e-05, 2.2783546396805515e-05, -8.30983907869988e-06, -1.050184564617222e-05, -8.398170687167682e-06], [-6.094383563120851e-06, -2.0768016681550782e-05, -8.30983907869988e-06, 5.160093851023761e-05, 2.7512321113036792e-05, 2.3592970029978377e-05], [-2.7473595953769083e-06, -1.0797229906104749e-05, -1.050184564617222e-05, 2.7512321113036792e-05, 4.466163736130261e-05, 3.13857077547487e-05], [-2.263438564383241e-06, -9.084911592223041e-06, -8.398170687167682e-06, 2.3592970029978377e-05, 3.13857077547487e-05, 3.7550943863799366e-05]]</COVARIANCE_MATRIX>
		<ROI_SIZE>2879</ROI_SIZE>
		<MAX_VALUE>[0.10251161456108093, 0.1196131706237793, 0.13790293037891388, 0.09058311581611633, 0.05038456246256828, 0.04708064720034599]</MAX_VALUE>
		<MIN_VALUE>[0.0834464505314827, 0.08478253334760666, 0.10015501827001572, 0.0381510891020298, 0.0, 0.0]</MIN_VALUE>
		<SIGNATURE_THRESHOLD_MD>0</SIGNATURE_THRESHOLD_MD>
		<SIGNATURE_THRESHOLD_ML>0</SIGNATURE_THRESHOLD_ML>
		<SIGNATURE_THRESHOLD_SAM>0</SIGNATURE_THRESHOLD_SAM>
	</signature>
	<signature ID="20200811_095159968815_253">
		<MACROCLASSID>1</MACROCLASSID>
		<MACROCLASSINFO>waterbody</MACROCLASSINFO>
		<CLASSID>8</CLASSID>
		<CLASSINFO>C 1</CLASSINFO>
		<VALUES>[0.0860741731850549, 0.003392061616788083, 0.06098812731319411, 0.004242205659582029, 0.039877862714553305, 0.005707534757106403, 0.028394017839350888, 0.009836061910674395, 0.011905990155892455, 0.009278903017023834, 0.0084469802863264, 0.007876526137080153]</VALUES>
		<LCS_MIN>[0.07629700005054474, 0.05492768436670303, 0.02885337732732296, 0.017178278416395187, 0.0, 0.0]</LCS_MIN>
		<LCS_MAX>[0.1096610575914383, 0.08975831419229507, 0.07498972862958908, 0.06961030513048172, 0.053760264068841934, 0.04708064720034599]</LCS_MAX>
		<WAVELENGTH>[0.485, 0.56, 0.66, 0.83, 1.65, 2.215]</WAVELENGTH>
		<MEAN_VALUE>[0.0860741731850549, 0.06098812731319411, 0.039877862714553305, 0.028394017839350888, 0.011905990155892455, 0.0084469802863264]</MEAN_VALUE>
		<CHECKBOX>2</CHECKBOX>
		<SD>[0.003392061616788083, 0.004242205659582029, 0.005707534757106403, 0.009836061910674395, 0.009278903017023834, 0.007876526137080153]</SD>
		<WAVELENGTH_UNIT>E-6m</WAVELENGTH_UNIT>
		<COLOR>#faeed7</COLOR>
		<COVARIANCE_MATRIX>[[1.1025477656350593e-05, 7.546597182753574e-06, 5.899402527865896e-06, 4.410669119634897e-06, 3.684424526809263e-06, 2.734288389527066e-06], [7.546597182753574e-06, 1.7142162348491597e-05, 1.2519676457969375e-05, 1.5257347728689669e-05, 1.384727129765093e-05, 1.042473030880493e-05], [5.899402527865896e-06, 1.2519676457969375e-05, 2.795554668783189e-05, 4.122689412611954e-05, 3.566583281233705e-05, 2.8747059975839363e-05], [4.410669119634897e-06, 1.5257347728689669e-05, 4.122689412611954e-05, 9.372738345559103e-05, 7.50155414679567e-05, 5.960058161329896e-05], [3.684424526809263e-06, 1.384727129765093e-05, 3.566583281233705e-05, 7.50155414679567e-05, 8.03611800480705e-05, 5.8147426192324634e-05], [2.734288389527066e-06, 1.042473030880493e-05, 2.8747059975839363e-05, 5.960058161329896e-05, 5.8147426192324634e-05, 6.0414046003485026e-05]]</COVARIANCE_MATRIX>
		<ROI_SIZE>2421</ROI_SIZE>
		<MAX_VALUE>[0.1096610575914383, 0.08975831419229507, 0.07498972862958908, 0.06961030513048172, 0.053760264068841934, 0.04708064720034599]</MAX_VALUE>
		<MIN_VALUE>[0.07629700005054474, 0.05492768436670303, 0.02885337732732296, 0.017178278416395187, 0.0, 0.0]</MIN_VALUE>
		<SIGNATURE_THRESHOLD_MD>0</SIGNATURE_THRESHOLD_MD>
		<SIGNATURE_THRESHOLD_ML>0</SIGNATURE_THRESHOLD_ML>
		<SIGNATURE_THRESHOLD_SAM>0</SIGNATURE_THRESHOLD_SAM>
	</signature>
	<signature ID="20200811_095247640781_948">
		<MACROCLASSID>1</MACROCLASSID>
		<MACROCLASSINFO>waterbody</MACROCLASSINFO>
		<CLASSID>9</CLASSID>
		<CLASSINFO>C 1</CLASSINFO>
		<VALUES>[0.10909059542070834, 0.004566701385045022, 0.08809972122744951, 0.006793893729047862, 0.07838638626889098, 0.008717051678362803, 0.0563674043422311, 0.006378120355316344, 0.016325416893466997, 0.007109004916550772, 0.011085721875605505, 0.006693724575314025]</VALUES>
		<LCS_MIN>[0.09297903627157211, 0.06487929821014404, 0.05401866137981415, 0.0381510891020298, 0.0031246673315763474, 0.0]</LCS_MIN>
		<LCS_MAX>[0.1191936507821083, 0.09970995038747787, 0.09596078842878342, 0.08009670674800873, 0.04025743901729584, 0.03253719583153725]</LCS_MAX>
		<WAVELENGTH>[0.485, 0.56, 0.66, 0.83, 1.65, 2.215]</WAVELENGTH>
		<MEAN_VALUE>[0.10909059542070834, 0.08809972122744951, 0.07838638626889098, 0.0563674043422311, 0.016325416893466997, 0.011085721875605505]</MEAN_VALUE>
		<CHECKBOX>2</CHECKBOX>
		<SD>[0.004566701385045022, 0.006793893729047862, 0.008717051678362803, 0.006378120355316344, 0.007109004916550772, 0.006693724575314025]</SD>
		<WAVELENGTH_UNIT>E-6m</WAVELENGTH_UNIT>
		<COLOR>#cf5eca</COLOR>
		<COVARIANCE_MATRIX>[[2.0901521095194913e-05, 2.3911111856854605e-05, 3.174900709895359e-05, 1.8455736488039383e-05, 3.651280094098099e-06, 4.606095248606519e-06], [2.3911111856854605e-05, 4.626048301505226e-05, 5.342175267068405e-05, 2.9813377138503685e-05, 4.393808491994161e-06, 5.9163595377337015e-06], [3.174900709895359e-05, 5.342175267068405e-05, 7.615736438020565e-05, 3.906692316214402e-05, 4.4251035657995495e-06, 7.979486535856665e-06], [1.8455736488039383e-05, 2.9813377138503685e-05, 3.906692316214402e-05, 4.0771630969292886e-05, 2.170654524041412e-05, 1.910619455408787e-05], [3.651280094098099e-06, 4.393808491994161e-06, 4.4251035657995495e-06, 2.170654524041412e-05, 5.0651264694806573e-05, 3.589876029072808e-05], [4.606095248606519e-06, 5.9163595377337015e-06, 7.979486535856665e-06, 1.910619455408787e-05, 3.589876029072808e-05, 4.490641045852648e-05]]</COVARIANCE_MATRIX>
		<ROI_SIZE>447</ROI_SIZE>
		<MAX_VALUE>[0.1191936507821083, 0.09970995038747787, 0.09596078842878342, 0.08009670674800873, 0.04025743901729584, 0.03253719583153725]</MAX_VALUE>
		<MIN_VALUE>[0.09297903627157211, 0.06487929821014404, 0.05401866137981415, 0.0381510891020298, 0.0031246673315763474, 0.0]</MIN_VALUE>
		<SIGNATURE_THRESHOLD_MD>0</SIGNATURE_THRESHOLD_MD>
		<SIGNATURE_THRESHOLD_ML>0</SIGNATURE_THRESHOLD_ML>
		<SIGNATURE_THRESHOLD_SAM>0</SIGNATURE_THRESHOLD_SAM>
	</signature>
	<signature ID="20200811_095256684177_731">
		<MACROCLASSID>1</MACROCLASSID>
		<MACROCLASSINFO>waterbody</MACROCLASSINFO>
		<CLASSID>10</CLASSID>
		<CLASSINFO>C 1</CLASSINFO>
		<VALUES>[0.10553457380589, 0.004613786496094927, 0.0848070340497153, 0.007165616835610684, 0.07394633918376685, 0.008566986953381647, 0.050251781876231055, 0.006717976238941996, 0.015755702548756675, 0.007663527648933149, 0.011266435696078188, 0.006805661121487349]</VALUES>
		<LCS_MIN>[0.08821273595094681, 0.05990349501371384, 0.04982444643974304, 0.032907884567976, 0.0, 0.0]</LCS_MIN>
		<LCS_MAX>[0.11681050062179565, 0.09970995038747787, 0.09176657348871231, 0.06961030513048172, 0.04025743901729584, 0.03253719583153725]</LCS_MAX>
		<WAVELENGTH>[0.485, 0.56, 0.66, 0.83, 1.65, 2.215]</WAVELENGTH>
		<MEAN_VALUE>[0.10553457380589, 0.0848070340497153, 0.07394633918376685, 0.050251781876231055, 0.015755702548756675, 0.011266435696078188]</MEAN_VALUE>
		<CHECKBOX>2</CHECKBOX>
		<SD>[0.004613786496094927, 0.007165616835610684, 0.008566986953381647, 0.006717976238941996, 0.007663527648933149, 0.006805661121487349]</SD>
		<WAVELENGTH_UNIT>E-6m</WAVELENGTH_UNIT>
		<COLOR>#c6bebd</COLOR>
		<COVARIANCE_MATRIX>[[2.133958638915673e-05, 2.592563282192677e-05, 3.12478173328925e-05, 1.9203947727288316e-05, 7.632117099150296e-06, 6.269512175030805e-06], [2.592563282192677e-05, 5.147284504129297e-05, 5.5832438271986475e-05, 3.262007683600547e-05, 1.0061140006319891e-05, 8.374386731485064e-06], [3.12478173328925e-05, 5.5832438271986475e-05, 7.357448339881712e-05, 4.083809678831122e-05, 1.3351451257895422e-05, 1.185888580133369e-05], [1.9203947727288316e-05, 3.262007683600547e-05, 4.083809678831122e-05, 4.524263982043854e-05, 3.0079626877216726e-05, 2.53832072502724e-05], [7.632117099150296e-06, 1.0061140006319891e-05, 1.3351451257895422e-05, 3.0079626877216726e-05, 5.887466752232335e-05, 3.780971036027011e-05], [6.269512175030805e-06, 8.374386731485064e-06, 1.185888580133369e-05, 2.53832072502724e-05, 3.780971036027011e-05, 4.643138632101954e-05]]</COVARIANCE_MATRIX>
		<ROI_SIZE>406</ROI_SIZE>
		<MAX_VALUE>[0.11681050062179565, 0.09970995038747787, 0.09176657348871231, 0.06961030513048172, 0.04025743901729584, 0.03253719583153725]</MAX_VALUE>
		<MIN_VALUE>[0.08821273595094681, 0.05990349501371384, 0.04982444643974304, 0.032907884567976, 0.0, 0.0]</MIN_VALUE>
		<SIGNATURE_THRESHOLD_MD>0</SIGNATURE_THRESHOLD_MD>
		<SIGNATURE_THRESHOLD_ML>0</SIGNATURE_THRESHOLD_ML>
		<SIGNATURE_THRESHOLD_SAM>0</SIGNATURE_THRESHOLD_SAM>
	</signature>
	<signature ID="20200811_095306196603_820">
		<MACROCLASSID>1</MACROCLASSID>
		<MACROCLASSINFO>waterbody</MACROCLASSINFO>
		<CLASSID>11</CLASSID>
		<CLASSINFO>C 1</CLASSINFO>
		<VALUES>[0.08849317903320002, 0.0035628967269838285, 0.06780447364229751, 0.008419984729656847, 0.03850006984095229, 0.0072338278303860064, 0.021891864629067243, 0.003463140659638983, 0.006002396477311106, 0.00423235838599246, 0.004329096745332762, 0.004171060409868714]</VALUES>
		<LCS_MIN>[0.07868015766143799, 0.05492768436670303, 0.02885337732732296, 0.011935077607631683, 0.0, 0.0]</LCS_MIN>
		<LCS_MAX>[0.10012847185134888, 0.09473413228988647, 0.06660129874944687, 0.048637498170137405, 0.02675461210310459, 0.0276893749833107]</LCS_MAX>
		<WAVELENGTH>[0.485, 0.56, 0.66, 0.83, 1.65, 2.215]</WAVELENGTH>
		<MEAN_VALUE>[0.08849317903320002, 0.06780447364229751, 0.03850006984095229, 0.021891864629067243, 0.006002396477311106, 0.004329096745332762]</MEAN_VALUE>
		<CHECKBOX>2</CHECKBOX>
		<SD>[0.0035628967269838285, 0.008419984729656847, 0.0072338278303860064, 0.003463140659638983, 0.00423235838599246, 0.004171060409868714]</SD>
		<WAVELENGTH_UNIT>E-6m</WAVELENGTH_UNIT>
		<COLOR>#530772</COLOR>
		<COVARIANCE_MATRIX>[[1.1643442717685906e-05, 1.62284102554466e-05, 1.041604664499064e-05, 1.2913775568382201e-06, 1.2682881288263947e-06, 6.496899112235915e-07], [1.62284102554466e-05, 6.363917960736876e-05, 4.4266078263252174e-05, 6.42189811800495e-06, 4.662603108772047e-06, 4.143218357392455e-06], [1.041604664499064e-05, 4.4266078263252174e-05, 4.858030636167293e-05, 9.230476195519358e-06, 6.5662588559550555e-06, 6.108097695720471e-06], [1.2913775568382201e-06, 6.42189811800495e-06, 9.230476195519358e-06, 1.0838670946773175e-05, 5.696118994547404e-06, 4.602008614066527e-06], [1.2682881288263947e-06, 4.662603108772047e-06, 6.5662588559550555e-06, 5.696118994547404e-06, 1.668877440033073e-05, 7.649652989941825e-06], [6.496899112235915e-07, 4.143218357392455e-06, 6.108097695720471e-06, 4.602008614066527e-06, 7.649652989941825e-06, 1.7224218264344423e-05]]</COVARIANCE_MATRIX>
		<ROI_SIZE>3807</ROI_SIZE>
		<MAX_VALUE>[0.10012847185134888, 0.09473413228988647, 0.06660129874944687, 0.048637498170137405, 0.02675461210310459, 0.0276893749833107]</MAX_VALUE>
		<MIN_VALUE>[0.07868015766143799, 0.05492768436670303, 0.02885337732732296, 0.011935077607631683, 0.0, 0.0]</MIN_VALUE>
		<SIGNATURE_THRESHOLD_MD>0</SIGNATURE_THRESHOLD_MD>
		<SIGNATURE_THRESHOLD_ML>0</SIGNATURE_THRESHOLD_ML>
		<SIGNATURE_THRESHOLD_SAM>0</SIGNATURE_THRESHOLD_SAM>
	</signature>
	<signature ID="20200811_095321286615_519">
		<MACROCLASSID>1</MACROCLASSID>
		<MACROCLASSINFO>waterbody</MACROCLASSINFO>
		<CLASSID>12</CLASSID>
		<CLASSINFO>C 1</CLASSINFO>
		<VALUES>[0.0903833142165149, 0.00344622496440461, 0.07899797019595786, 0.005429395922145152, 0.04772525838584569, 0.004962046842084145, 0.024011590109161526, 0.0051174991019703134, 0.00783891391980104, 0.005806481256012568, 0.0054597613725689345, 0.005319377580568734]</VALUES>
		<LCS_MIN>[0.07868015766143799, 0.05492768436670303, 0.03724180534482002, 0.017178278416395187, 0.0, 0.0]</LCS_MIN>
		<LCS_MAX>[0.10012847185134888, 0.09473413228988647, 0.07498972862958908, 0.048637498170137405, 0.03688172996044159, 0.03253719583153725]</LCS_MAX>
		<WAVELENGTH>[0.485, 0.56, 0.66, 0.83, 1.65, 2.215]</WAVELENGTH>
		<MEAN_VALUE>[0.0903833142165149, 0.07899797019595786, 0.04772525838584569, 0.024011590109161526, 0.00783891391980104, 0.0054597613725689345]</MEAN_VALUE>
		<CHECKBOX>2</CHECKBOX>
		<SD>[0.00344622496440461, 0.005429395922145152, 0.004962046842084145, 0.0051174991019703134, 0.005806481256012568, 0.005319377580568734]</SD>
		<WAVELENGTH_UNIT>E-6m</WAVELENGTH_UNIT>
		<COLOR>#136831</COLOR>
		<COVARIANCE_MATRIX>[[1.4553310156776755e-05, 1.2883395248268847e-05, -2.226225073355788e-06, -6.298976753878627e-06, -6.233749694320974e-06, -4.8081124486430285e-06], [1.2883395248268847e-05, 3.231058973213308e-05, 4.504812146342552e-06, -5.7890373830579664e-06, -5.783148540301676e-06, -4.9128109721323195e-06], [-2.226225073355788e-06, 4.504812146342552e-06, 2.4304400823855304e-05, 1.5429572790505525e-05, 1.375786950966747e-05, 1.1576367615697885e-05], [-6.298976753878627e-06, -5.7890373830579664e-06, 1.5429572790505525e-05, 2.6692417693623895e-05, 1.9331803917596116e-05, 1.5053414660717485e-05], [-6.233749694320974e-06, -5.783148540301676e-06, 1.375786950966747e-05, 1.9331803917596116e-05, 3.240428525233069e-05, 1.919846338478906e-05], [-4.8081124486430285e-06, -4.9128109721323195e-06, 1.1576367615697885e-05, 1.5053414660717485e-05, 1.919846338478906e-05, 2.784057640230767e-05]]</COVARIANCE_MATRIX>
		<ROI_SIZE>2132</ROI_SIZE>
		<MAX_VALUE>[0.10012847185134888, 0.09473413228988647, 0.07498972862958908, 0.048637498170137405, 0.03688172996044159, 0.03253719583153725]</MAX_VALUE>
		<MIN_VALUE>[0.07868015766143799, 0.05492768436670303, 0.03724180534482002, 0.017178278416395187, 0.0, 0.0]</MIN_VALUE>
		<SIGNATURE_THRESHOLD_MD>0</SIGNATURE_THRESHOLD_MD>
		<SIGNATURE_THRESHOLD_ML>0</SIGNATURE_THRESHOLD_ML>
		<SIGNATURE_THRESHOLD_SAM>0</SIGNATURE_THRESHOLD_SAM>
	</signature>
	<signature ID="20200811_095329062118_711">
		<MACROCLASSID>1</MACROCLASSID>
		<MACROCLASSINFO>waterbody</MACROCLASSINFO>
		<CLASSID>13</CLASSID>
		<CLASSINFO>C 1</CLASSINFO>
		<VALUES>[0.09875080745751676, 0.003127730355417673, 0.10909127567892424, 0.006067348512014905, 0.07896208127383458, 0.004808886864146801, 0.02790901399867361, 0.005435394766438766, 0.008395670171268736, 0.005776291716149828, 0.005995312198921475, 0.005368470403338332]</VALUES>
		<LCS_MIN>[0.08582959324121475, 0.07980672270059586, 0.058212876319885254, 0.017178278416395187, 0.0, 0.0]</LCS_MIN>
		<LCS_MAX>[0.10489476472139359, 0.1196131706237793, 0.09596078842878342, 0.048637498170137405, 0.03350602462887764, 0.0276893749833107]</LCS_MAX>
		<WAVELENGTH>[0.485, 0.56, 0.66, 0.83, 1.65, 2.215]</WAVELENGTH>
		<MEAN_VALUE>[0.09875080745751676, 0.10909127567892424, 0.07896208127383458, 0.02790901399867361, 0.008395670171268736, 0.005995312198921475]</MEAN_VALUE>
		<CHECKBOX>2</CHECKBOX>
		<SD>[0.003127730355417673, 0.006067348512014905, 0.004808886864146801, 0.005435394766438766, 0.005776291716149828, 0.005368470403338332]</SD>
		<WAVELENGTH_UNIT>E-6m</WAVELENGTH_UNIT>
		<COLOR>#ff6eaa</COLOR>
		<COVARIANCE_MATRIX>[[9.795033490420857e-06, 1.0084506198134713e-05, 3.0089696249653328e-06, -4.484617608313602e-06, -3.783702246938231e-06, -3.7178757727982394e-06], [1.0084506198134713e-05, 3.6859140057001e-05, 1.4216228009612699e-05, -1.1441043731939746e-05, -1.237901330404847e-05, -1.118634267502665e-05], [3.0089696249653328e-06, 1.4216228009612699e-05, 2.3154554779946912e-05, 3.9644231953173765e-06, 1.8465673031702146e-06, -8.940651232584534e-07], [-4.484617608313602e-06, -1.1441043731939746e-05, 3.9644231953173765e-06, 2.9580771646938023e-05, 1.8506236495072578e-05, 1.4855572474920581e-05], [-3.783702246938231e-06, -1.237901330404847e-05, 1.8465673031702146e-06, 1.8506236495072578e-05, 3.340762107958198e-05, 1.9816021454970163e-05], [-3.7178757727982394e-06, -1.118634267502665e-05, -8.940651232584534e-07, 1.4855572474920581e-05, 1.9816021454970163e-05, 2.8856818071105398e-05]]</COVARIANCE_MATRIX>
		<ROI_SIZE>794</ROI_SIZE>
		<MAX_VALUE>[0.10489476472139359, 0.1196131706237793, 0.09596078842878342, 0.048637498170137405, 0.03350602462887764, 0.0276893749833107]</MAX_VALUE>
		<MIN_VALUE>[0.08582959324121475, 0.07980672270059586, 0.058212876319885254, 0.017178278416395187, 0.0, 0.0]</MIN_VALUE>
		<SIGNATURE_THRESHOLD_MD>0</SIGNATURE_THRESHOLD_MD>
		<SIGNATURE_THRESHOLD_ML>0</SIGNATURE_THRESHOLD_ML>
		<SIGNATURE_THRESHOLD_SAM>0</SIGNATURE_THRESHOLD_SAM>
	</signature>
	<signature ID="20200811_095340936365_988">
		<MACROCLASSID>1</MACROCLASSID>
		<MACROCLASSINFO>waterbody</MACROCLASSINFO>
		<CLASSID>14</CLASSID>
		<CLASSINFO>C 1</CLASSINFO>
		<VALUES>[0.10370318988632213, 0.002956901639627358, 0.10157587379217153, 0.006062268896936743, 0.07808020024707442, 0.003988767489207536, 0.04367024931860597, 0.006745466398968814, 0.017360377119314895, 0.008544481035634424, 0.01142855844533954, 0.006825767825878858]</VALUES>
		<LCS_MIN>[0.09297903627157211, 0.07980672270059586, 0.06240708753466606, 0.032907884567976, 0.006500374060124159, 0.0]</LCS_MIN>
		<LCS_MAX>[0.11204420775175095, 0.10966154932975769, 0.08337816596031189, 0.06436710059642792, 0.04363314434885979, 0.0276893749833107]</LCS_MAX>
		<WAVELENGTH>[0.485, 0.56, 0.66, 0.83, 1.65, 2.215]</WAVELENGTH>
		<MEAN_VALUE>[0.10370318988632213, 0.10157587379217153, 0.07808020024707442, 0.04367024931860597, 0.017360377119314895, 0.01142855844533954]</MEAN_VALUE>
		<CHECKBOX>2</CHECKBOX>
		<SD>[0.002956901639627358, 0.006062268896936743, 0.003988767489207536, 0.006745466398968814, 0.008544481035634424, 0.006825767825878858]</SD>
		<WAVELENGTH_UNIT>E-6m</WAVELENGTH_UNIT>
		<COLOR>#831f4b</COLOR>
		<COVARIANCE_MATRIX>[[8.801169738923894e-06, 1.0326730927958496e-05, 6.0237328870102804e-06, -9.185301209324168e-06, -1.1268049233599974e-05, -7.524551941484553e-06], [1.0326730927958496e-05, 3.6994488974652434e-05, 1.644690106483161e-05, -2.418862946406952e-05, -3.141068504857821e-05, -2.123718055074212e-05], [6.0237328870102804e-06, 1.644690106483161e-05, 1.6015632083508426e-05, -8.140309513569307e-06, -9.030996079878012e-06, -5.043943644492408e-06], [-9.185301209324168e-06, -2.418862946406952e-05, -8.140309513569307e-06, 4.580265016438298e-05, 4.3166084030462764e-05, 2.8899345948769264e-05], [-1.1268049233599974e-05, -3.141068504857821e-05, -9.030996079878012e-06, 4.3166084030462764e-05, 7.349165389128524e-05, 4.573050931689245e-05], [-7.524551941484553e-06, -2.123718055074212e-05, -5.043943644492408e-06, 2.8899345948769264e-05, 4.573050931689245e-05, 4.689965678639774e-05]]</COVARIANCE_MATRIX>
		<ROI_SIZE>152</ROI_SIZE>
		<MAX_VALUE>[0.11204420775175095, 0.10966154932975769, 0.08337816596031189, 0.06436710059642792, 0.04363314434885979, 0.0276893749833107]</MAX_VALUE>
		<MIN_VALUE>[0.09297903627157211, 0.07980672270059586, 0.06240708753466606, 0.032907884567976, 0.006500374060124159, 0.0]</MIN_VALUE>
		<SIGNATURE_THRESHOLD_MD>0</SIGNATURE_THRESHOLD_MD>
		<SIGNATURE_THRESHOLD_ML>0</SIGNATURE_THRESHOLD_ML>
		<SIGNATURE_THRESHOLD_SAM>0</SIGNATURE_THRESHOLD_SAM>
	</signature>
	<signature ID="20200811_095353822575_769">
		<MACROCLASSID>1</MACROCLASSID>
		<MACROCLASSINFO>waterbody</MACROCLASSINFO>
		<CLASSID>15</CLASSID>
		<CLASSINFO>C 1</CLASSINFO>
		<VALUES>[0.10495586922535528, 0.003872426129829519, 0.11986834059158963, 0.010200401719259275, 0.10381150494019191, 0.00845161161501526, 0.04809972968621131, 0.012666035574909187, 0.020262869540601965, 0.009830937029680537, 0.012311639276165992, 0.006122143356213494]</VALUES>
		<LCS_MIN>[0.09774532169103622, 0.09970995038747787, 0.07918393611907959, 0.032907884567976, 0.006500374060124159, 0.0]</LCS_MIN>
		<LCS_MAX>[0.11204420775175095, 0.1295647919178009, 0.11693187803030014, 0.08533991873264313, 0.04700884968042374, 0.03253719583153725]</LCS_MAX>
		<WAVELENGTH>[0.485, 0.56, 0.66, 0.83, 1.65, 2.215]</WAVELENGTH>
		<MEAN_VALUE>[0.10495586922535528, 0.11986834059158963, 0.10381150494019191, 0.04809972968621131, 0.020262869540601965, 0.012311639276165992]</MEAN_VALUE>
		<CHECKBOX>2</CHECKBOX>
		<SD>[0.003872426129829519, 0.010200401719259275, 0.00845161161501526, 0.012666035574909187, 0.009830937029680537, 0.006122143356213494]</SD>
		<WAVELENGTH_UNIT>E-6m</WAVELENGTH_UNIT>
		<COLOR>#5c668d</COLOR>
		<COVARIANCE_MATRIX>[[1.5390307397591373e-05, 3.0253306357048467e-05, 2.5022290912168902e-05, -3.120458450050713e-05, -1.8646358559724305e-05, -6.852672577498922e-06], [3.0253306357048467e-05, 0.00010678630563516926, 7.20860027842275e-05, -0.0001097082590154789, -8.007410051412467e-05, -3.686778386305828e-05], [2.5022290912168902e-05, 7.20860027842275e-05, 7.330946886187814e-05, -6.279785648646937e-05, -5.015640816443895e-05, -2.4919543515334908e-05], [-3.120458450050713e-05, -0.0001097082590154789, -6.279785648646937e-05, 0.00016465025868973, 0.00010494307007016976, 5.2189588632577906e-05], [-1.8646358559724305e-05, -8.007410051412467e-05, -5.015640816443895e-05, 0.00010494307007016976, 9.919067348368987e-05, 4.906847062379485e-05], [-6.852672577498922e-06, -3.686778386305828e-05, -2.4919543515334908e-05, 5.2189588632577906e-05, 4.906847062379485e-05, 3.846697188650347e-05]]</COVARIANCE_MATRIX>
		<ROI_SIZE>39</ROI_SIZE>
		<MAX_VALUE>[0.11204420775175095, 0.1295647919178009, 0.11693187803030014, 0.08533991873264313, 0.04700884968042374, 0.03253719583153725]</MAX_VALUE>
		<MIN_VALUE>[0.09774532169103622, 0.09970995038747787, 0.07918393611907959, 0.032907884567976, 0.006500374060124159, 0.0]</MIN_VALUE>
		<SIGNATURE_THRESHOLD_MD>0</SIGNATURE_THRESHOLD_MD>
		<SIGNATURE_THRESHOLD_ML>0</SIGNATURE_THRESHOLD_ML>
		<SIGNATURE_THRESHOLD_SAM>0</SIGNATURE_THRESHOLD_SAM>
	</signature>
	<signature ID="20200811_095411122476_594">
		<MACROCLASSID>1</MACROCLASSID>
		<MACROCLASSINFO>waterbody</MACROCLASSINFO>
		<CLASSID>16</CLASSID>
		<CLASSINFO>C 1</CLASSINFO>
		<VALUES>[0.1032324446434224, 0.0027015416859761734, 0.11417663410122016, 0.006126747808724598, 0.08405130424387298, 0.00447997706761188, 0.03253568278878559, 0.005688474746516245, 0.009435818029027206, 0.005998566012992487, 0.006199185980805826, 0.0053608401372888794]</VALUES>
		<LCS_MIN>[0.09297903627157211, 0.08478253334760666, 0.06240708753466606, 0.02242148108780384, 0.0, 0.0]</LCS_MIN>
		<LCS_MAX>[0.1096610575914383, 0.1245889738202095, 0.09176657348871231, 0.059123896062374115, 0.03350602462887764, 0.03253719583153725]</LCS_MAX>
		<WAVELENGTH>[0.485, 0.56, 0.66, 0.83, 1.65, 2.215]</WAVELENGTH>
		<MEAN_VALUE>[0.1032324446434224, 0.11417663410122016, 0.08405130424387298, 0.03253568278878559, 0.009435818029027206, 0.006199185980805826]</MEAN_VALUE>
		<CHECKBOX>2</CHECKBOX>
		<SD>[0.0027015416859761734, 0.006126747808724598, 0.00447997706761188, 0.005688474746516245, 0.005998566012992487, 0.0053608401372888794]</SD>
		<WAVELENGTH_UNIT>E-6m</WAVELENGTH_UNIT>
		<COLOR>#9199ce</COLOR>
		<COVARIANCE_MATRIX>[[7.320922922184862e-06, 8.960518736112622e-06, 5.949959556317942e-06, -6.462099473033807e-06, -5.475620145312398e-06, -3.752181667734403e-06], [8.960518736112622e-06, 3.765325245385331e-05, 2.1051466289517176e-05, -1.656860357888436e-05, -1.5848534882392567e-05, -1.2328863032951959e-05], [5.949959556317942e-06, 2.1051466289517176e-05, 2.0132331351487487e-05, -6.6932470860880335e-06, -6.355741451096965e-06, -3.903437243259256e-06], [-6.462099473033807e-06, -1.656860357888436e-05, -6.6932470860880335e-06, 3.2458926814637786e-05, 1.6865347260577626e-05, 1.3894532446905796e-05], [-5.475620145312398e-06, -1.5848534882392567e-05, -6.355741451096965e-06, 1.6865347260577626e-05, 3.609419605189489e-05, 2.0201309939906685e-05], [-3.752181667734403e-06, -1.2328863032951959e-05, -3.903437243259256e-06, 1.3894532446905796e-05, 2.0201309939906685e-05, 2.882758099297785e-05]]</COVARIANCE_MATRIX>
		<ROI_SIZE>324</ROI_SIZE>
		<MAX_VALUE>[0.1096610575914383, 0.1245889738202095, 0.09176657348871231, 0.059123896062374115, 0.03350602462887764, 0.03253719583153725]</MAX_VALUE>
		<MIN_VALUE>[0.09297903627157211, 0.08478253334760666, 0.06240708753466606, 0.02242148108780384, 0.0, 0.0]</MIN_VALUE>
		<SIGNATURE_THRESHOLD_MD>0</SIGNATURE_THRESHOLD_MD>
		<SIGNATURE_THRESHOLD_ML>0</SIGNATURE_THRESHOLD_ML>
		<SIGNATURE_THRESHOLD_SAM>0</SIGNATURE_THRESHOLD_SAM>
	</signature>
	<signature ID="20200811_095424750577_911">
		<MACROCLASSID>1</MACROCLASSID>
		<MACROCLASSINFO>waterbody</MACROCLASSINFO>
		<CLASSID>17</CLASSID>
		<CLASSINFO>C 1</CLASSINFO>
		<VALUES>[0.09875635554393132, 0.005149198266904037, 0.09428179444688738, 0.009114518670121812, 0.0678722747799122, 0.009263298401753054, 0.056422854293927995, 0.03509235134340131, 0.044042321472344076, 0.03774390218951, 0.028130089680692458, 0.023549516776125025]</VALUES>
		<LCS_MIN>[0.08821273595094681, 0.07483091950416565, 0.04982444643974304, 0.02242148108780384, 0.0031246673315763474, 0.0034502907656133175]</LCS_MIN>
		<LCS_MAX>[0.10489476472139359, 0.10966154932975769, 0.09176657348871231, 0.12728552520275116, 0.13140150904655457, 0.08586319535970688]</LCS_MAX>
		<WAVELENGTH>[0.485, 0.56, 0.66, 0.83, 1.65, 2.215]</WAVELENGTH>
		<MEAN_VALUE>[0.09875635554393132, 0.09428179444688738, 0.0678722747799122, 0.056422854293927995, 0.044042321472344076, 0.028130089680692458]</MEAN_VALUE>
		<CHECKBOX>2</CHECKBOX>
		<SD>[0.005149198266904037, 0.009114518670121812, 0.009263298401753054, 0.03509235134340131, 0.03774390218951, 0.023549516776125025]</SD>
		<WAVELENGTH_UNIT>E-6m</WAVELENGTH_UNIT>
		<COLOR>#7c7c03</COLOR>
		<COVARIANCE_MATRIX>[[2.7342812879134027e-05, 3.9380941158629945e-05, -5.073446817913514e-06, -0.0001272132460406734, -0.0001321602911904978, -8.530228725860559e-05], [3.9380941158629945e-05, 8.567052716887413e-05, 9.723293551299054e-06, -0.000185514709230557, -0.0001940228910317938, -0.00011738823977250733], [-5.073446817913514e-06, 9.723293551299054e-06, 8.849021906991809e-05, 0.000226200282600816, 0.00024148448243333767, 0.00015191827683951886], [-0.0001272132460406734, -0.000185514709230557, 0.000226200282600816, 0.001269956657896492, 0.0013269437917821111, 0.0008058689338745278], [-0.0001321602911904978, -0.0001940228910317938, 0.00024148448243333767, 0.0013269437917821111, 0.001469120969756651, 0.0008743085368821331], [-8.530228725860559e-05, -0.00011738823977250733, 0.00015191827683951886, 0.0008058689338745278, 0.0008743085368821331, 0.0005719103572761502]]</COVARIANCE_MATRIX>
		<ROI_SIZE>33</ROI_SIZE>
		<MAX_VALUE>[0.10489476472139359, 0.10966154932975769, 0.09176657348871231, 0.12728552520275116, 0.13140150904655457, 0.08586319535970688]</MAX_VALUE>
		<MIN_VALUE>[0.08821273595094681, 0.07483091950416565, 0.04982444643974304, 0.02242148108780384, 0.0031246673315763474, 0.0034502907656133175]</MIN_VALUE>
		<SIGNATURE_THRESHOLD_MD>0</SIGNATURE_THRESHOLD_MD>
		<SIGNATURE_THRESHOLD_ML>0</SIGNATURE_THRESHOLD_ML>
		<SIGNATURE_THRESHOLD_SAM>0</SIGNATURE_THRESHOLD_SAM>
	</signature>
	<signature ID="20200811_095433704008_156">
		<MACROCLASSID>1</MACROCLASSID>
		<MACROCLASSINFO>waterbody</MACROCLASSINFO>
		<CLASSID>18</CLASSID>
		<CLASSINFO>C 1</CLASSINFO>
		<VALUES>[0.10533608665206919, 0.0037351200484337485, 0.10344179688642424, 0.007664492643292396, 0.08382476147057281, 0.008554506489030706, 0.04363703198248039, 0.007462376480414384, 0.01351862977888366, 0.0076284720585784085, 0.008792673642919573, 0.005999065734927381]</VALUES>
		<LCS_MIN>[0.09536217898130417, 0.08478253334760666, 0.06240708753466606, 0.027664683759212494, 0.0, 0.0]</LCS_MIN>
		<LCS_MAX>[0.114427350461483, 0.1146373525261879, 0.10015501827001572, 0.06436710059642792, 0.03350602462887764, 0.0276893749833107]</LCS_MAX>
		<WAVELENGTH>[0.485, 0.56, 0.66, 0.83, 1.65, 2.215]</WAVELENGTH>
		<MEAN_VALUE>[0.10533608665206919, 0.10344179688642424, 0.08382476147057281, 0.04363703198248039, 0.01351862977888366, 0.008792673642919573]</MEAN_VALUE>
		<CHECKBOX>2</CHECKBOX>
		<SD>[0.0037351200484337485, 0.007664492643292396, 0.008554506489030706, 0.007462376480414384, 0.0076284720585784085, 0.005999065734927381]</SD>
		<WAVELENGTH_UNIT>E-6m</WAVELENGTH_UNIT>
		<COLOR>#20e3b2</COLOR>
		<COVARIANCE_MATRIX>[[1.4016010714705738e-05, 1.6215229246537572e-05, 1.872356053503444e-05, -2.2386178569476002e-07, -2.061249638230333e-06, 5.485047437595432e-07], [1.6215229246537572e-05, 5.901767746735791e-05, 5.578974312407664e-05, -7.341374560933391e-06, -6.156698760834882e-06, -2.8619648350114467e-06], [1.872356053503444e-05, 5.578974312407664e-05, 7.351995141631427e-05, 5.823570155856044e-06, 2.1094854413532626e-06, 4.357552778204245e-06], [-2.2386178569476002e-07, -7.341374560933391e-06, 5.823570155856044e-06, 5.5946072329560096e-05, 4.20783404744774e-05, 2.684824445847403e-05], [-2.061249638230333e-06, -6.156698760834882e-06, 2.1094854413532626e-06, 4.20783404744774e-05, 5.846425379013248e-05, 3.181583354228713e-05], [5.485047437595432e-07, -2.8619648350114467e-06, 4.357552778204245e-06, 2.684824445847403e-05, 3.181583354228713e-05, 3.615617941147734e-05]]</COVARIANCE_MATRIX>
		<ROI_SIZE>216</ROI_SIZE>
		<MAX_VALUE>[0.114427350461483, 0.1146373525261879, 0.10015501827001572, 0.06436710059642792, 0.03350602462887764, 0.0276893749833107]</MAX_VALUE>
		<MIN_VALUE>[0.09536217898130417, 0.08478253334760666, 0.06240708753466606, 0.027664683759212494, 0.0, 0.0]</MIN_VALUE>
		<SIGNATURE_THRESHOLD_MD>0</SIGNATURE_THRESHOLD_MD>
		<SIGNATURE_THRESHOLD_ML>0</SIGNATURE_THRESHOLD_ML>
		<SIGNATURE_THRESHOLD_SAM>0</SIGNATURE_THRESHOLD_SAM>
	</signature>
	<signature ID="20200811_095440253593_794">
		<MACROCLASSID>1</MACROCLASSID>
		<MACROCLASSINFO>waterbody</MACROCLASSINFO>
		<CLASSID>19</CLASSID>
		<CLASSINFO>C 1</CLASSINFO>
		<VALUES>[0.09652233615764291, 0.003073872741545925, 0.08422118470136718, 0.005000515100227987, 0.053684357261361816, 0.005971057953732089, 0.030284677116528026, 0.005735637757690129, 0.007730672417173154, 0.004553022313743358, 0.0048491610294056076, 0.0044372104745009815]</VALUES>
		<LCS_MIN>[0.08582959324121475, 0.06985511630773544, 0.04143601655960083, 0.0014486717991530895, 0.0, 0.0]</LCS_MIN>
		<LCS_MAX>[0.10727790743112564, 0.09970995038747787, 0.07498972862958908, 0.05388069525361061, 0.03688172996044159, 0.037385012954473495]</LCS_MAX>
		<WAVELENGTH>[0.485, 0.56, 0.66, 0.83, 1.65, 2.215]</WAVELENGTH>
		<MEAN_VALUE>[0.09652233615764291, 0.08422118470136718, 0.053684357261361816, 0.030284677116528026, 0.007730672417173154, 0.0048491610294056076]</MEAN_VALUE>
		<CHECKBOX>2</CHECKBOX>
		<SD>[0.003073872741545925, 0.005000515100227987, 0.005971057953732089, 0.005735637757690129, 0.004553022313743358, 0.0044372104745009815]</SD>
		<WAVELENGTH_UNIT>E-6m</WAVELENGTH_UNIT>
		<COLOR>#03fb2a</COLOR>
		<COVARIANCE_MATRIX>[[1.0307401568133946e-05, 9.935035721875667e-06, 8.432247657136538e-06, 1.5267683754616603e-07, -8.067949455902337e-07, -1.073412200661574e-06], [9.935035721875667e-06, 2.714208462767772e-05, 2.0070354582036563e-05, 2.7568013474375623e-06, -7.241892338227453e-07, -1.1245194905845582e-06], [8.432247657136538e-06, 2.0070354582036563e-05, 2.9817568471516285e-05, 1.1209455300121016e-05, 5.661330342421974e-06, 4.066937425361071e-06], [1.5267683754616603e-07, 2.7568013474375623e-06, 1.1209455300121016e-05, 3.371885667514139e-05, 1.3978429367913383e-05, 9.22672020915628e-06], [-8.067949455902337e-07, -7.241892338227453e-07, 5.661330342421974e-06, 1.3978429367913383e-05, 2.5127275238348147e-05, 1.2418298192070324e-05], [-1.073412200661574e-06, -1.1245194905845582e-06, 4.066937425361071e-06, 9.22672020915628e-06, 1.2418298192070324e-05, 2.1250042686807395e-05]]</COVARIANCE_MATRIX>
		<ROI_SIZE>2815</ROI_SIZE>
		<MAX_VALUE>[0.10727790743112564, 0.09970995038747787, 0.07498972862958908, 0.05388069525361061, 0.03688172996044159, 0.037385012954473495]</MAX_VALUE>
		<MIN_VALUE>[0.08582959324121475, 0.06985511630773544, 0.04143601655960083, 0.0014486717991530895, 0.0, 0.0]</MIN_VALUE>
		<SIGNATURE_THRESHOLD_MD>0</SIGNATURE_THRESHOLD_MD>
		<SIGNATURE_THRESHOLD_ML>0</SIGNATURE_THRESHOLD_ML>
		<SIGNATURE_THRESHOLD_SAM>0</SIGNATURE_THRESHOLD_SAM>
	</signature>
	<signature ID="20200811_095452255862_798">
		<MACROCLASSID>4</MACROCLASSID>
		<MACROCLASSINFO>built-up</MACROCLASSINFO>
		<CLASSID>20</CLASSID>
		<CLASSINFO>C 1</CLASSINFO>
		<VALUES>[0.1101721045061848, 0.004502127112991108, 0.11831749773521133, 0.006280223857665778, 0.1441437722524095, 0.009587961209483539, 0.20919191710145518, 0.010241198228373513, 0.21719765017538678, 0.010025669798696776, 0.18089951317211198, 0.013163122770693802]</VALUES>
		<LCS_MIN>[0.09536217898130417, 0.09970995038747787, 0.11273764073848724, 0.1849607527256012, 0.1955399513244629, 0.14403702318668365]</LCS_MIN>
		<LCS_MAX>[0.12395993620157242, 0.1345405876636505, 0.17145663499832153, 0.22690635919570923, 0.23942413926124573, 0.20221084356307983]</LCS_MAX>
		<WAVELENGTH>[0.485, 0.56, 0.66, 0.83, 1.65, 2.215]</WAVELENGTH>
		<MEAN_VALUE>[0.1101721045061848, 0.11831749773521133, 0.1441437722524095, 0.20919191710145518, 0.21719765017538678, 0.18089951317211198]</MEAN_VALUE>
		<CHECKBOX>2</CHECKBOX>
