<?xml version="1.0" ?>
<signaturelist MCID_LIST="[['1', 'waterbody', '#0055ff'], ['2', 'vegetation', '#00ff00'], ['3', 'bare land', '#ffaa00'], ['4', 'build-up', '#ff0000']]">
	<signature ID="20200601_125510125131_839">
		<MACROCLASSID>1</MACROCLASSID>
		<MACROCLASSINFO>waterbody</MACROCLASSINFO>
		<CLASSID>1</CLASSID>
		<CLASSINFO>C 1</CLASSINFO>
		<VALUES>[0.168723481674694, 0.004579508714184406, 0.1733112642424725, 0.004825034353838339, 0.1617541986649776, 0.0050065291259435195, 0.10385905050060944, 0.004966407385134797, 0.034124935571128966, 0.003974179952604219, 0.026015929653841002, 0.003444770379389265]</VALUES>
		<LCS_MIN>[0.15740929543972015, 0.1600799858570099, 0.14787280559539795, 0.09183461964130402, 0.020878540351986885, 0.012468609027564526]</LCS_MIN>
		<LCS_MAX>[0.1849142462015152, 0.1915595382452011, 0.17693625390529633, 0.1209004670381546, 0.04660936817526817, 0.03934263065457344]</LCS_MAX>
		<WAVELENGTH>[1.0, 2.0, 3.0, 4.0, 5.0, 6.0]</WAVELENGTH>
		<MEAN_VALUE>[0.168723481674694, 0.1733112642424725, 0.1617541986649776, 0.10385905050060944, 0.034124935571128966, 0.026015929653841002]</MEAN_VALUE>
		<CHECKBOX>2</CHECKBOX>
		<SD>[0.004579508714184406, 0.004825034353838339, 0.0050065291259435195, 0.004966407385134797, 0.003974179952604219, 0.003444770379389265]</SD>
		<WAVELENGTH_UNIT>band number</WAVELENGTH_UNIT>
		<COLOR>#a4e184</COLOR>
		<COVARIANCE_MATRIX>[[1.8404160073259845e-05, 1.5268347851815633e-05, 1.5856619938858785e-05, 1.6901565686566755e-05, 1.1687291589623783e-05, 8.168293788912706e-06], [1.5268347851815633e-05, 1.9575538317440078e-05, 1.6701689673936926e-05, 1.600369614607189e-05, 1.0191819455940276e-05, 7.192153589130612e-06], [1.5856619938858785e-05, 1.6701689673936926e-05, 2.1297466446412727e-05, 1.7007016140269116e-05, 1.0641042536008172e-05, 7.537714282079833e-06], [1.6901565686566755e-05, 1.600369614607189e-05, 1.7007016140269116e-05, 2.3108654204406776e-05, 1.3251708878669888e-05, 9.39728670346085e-06], [1.1687291589623783e-05, 1.0191819455940276e-05, 1.0641042536008172e-05, 1.3251708878669888e-05, 1.4337373613670934e-05, 7.195240414148429e-06], [8.168293788912706e-06, 7.192153589130612e-06, 7.537714282079833e-06, 9.39728670346085e-06, 7.195240414148429e-06, 1.0976637895510066e-05]]</COVARIANCE_MATRIX>
		<ROI_SIZE>10201</ROI_SIZE>
		<MAX_VALUE>[0.1849142462015152, 0.1915595382452011, 0.17693625390529633, 0.1209004670381546, 0.04660936817526817, 0.03934263065457344]</MAX_VALUE>
		<MIN_VALUE>[0.15740929543972015, 0.1600799858570099, 0.14787280559539795, 0.09183461964130402, 0.020878540351986885, 0.012468609027564526]</MIN_VALUE>
		<SIGNATURE_THRESHOLD_MD>0.0</SIGNATURE_THRESHOLD_MD>
		<SIGNATURE_THRESHOLD_ML>0.0</SIGNATURE_THRESHOLD_ML>
		<SIGNATURE_THRESHOLD_SAM>0.0</SIGNATURE_THRESHOLD_SAM>
	</signature>
	<signature ID="20200601_125525685451_264">
		<MACROCLASSID>1</MACROCLASSID>
		<MACROCLASSINFO>waterbody</MACROCLASSINFO>
		<CLASSID>2</CLASSID>
		<CLASSINFO>C 1</CLASSINFO>
		<VALUES>[0.15564297631287047, 0.0040335637044737116, 0.15515370823000632, 0.006266911238302072, 0.14429965208235268, 0.006308736744278545, 0.10896771560251205, 0.012429415137253827, 0.03607056978177292, 0.007397479080873898, 0.026924446914331664, 0.004518542683707734]</VALUES>
		<LCS_MIN>[0.13424719870090485, 0.1223045215010643, 0.10718398541212082, 0.09183461964130402, 0.023217706009745598, 0.012468609027564526]</LCS_MIN>
		<LCS_MAX>[0.1660950481891632, 0.16952385008335114, 0.15368549525737762, 0.17176569998264313, 0.09807103127241135, 0.07629440724849701]</LCS_MAX>
		<WAVELENGTH>[1.0, 2.0, 3.0, 4.0, 5.0, 6.0]</WAVELENGTH>
		<MEAN_VALUE>[0.15564297631287047, 0.15515370823000632, 0.14429965208235268, 0.10896771560251205, 0.03607056978177292, 0.026924446914331664]</MEAN_VALUE>
		<CHECKBOX>2</CHECKBOX>
		<SD>[0.0040335637044737116, 0.006266911238302072, 0.006308736744278545, 0.012429415137253827, 0.007397479080873898, 0.004518542683707734]</SD>
		<WAVELENGTH_UNIT>band number</WAVELENGTH_UNIT>
		<COLOR>#c0f28b</COLOR>
		<COVARIANCE_MATRIX>[[1.3554141332861036e-05, 1.679732304182835e-05, 1.6306903489748947e-05, -1.2134676580899395e-05, -5.705848252546275e-06, -2.7577921173360664e-06], [1.679732304182835e-05, 3.0793409678153694e-05, 2.646277062012814e-05, -2.5556355467415415e-05, -1.3051056157564744e-05, -6.515268523799023e-06], [1.6306903489748947e-05, 2.646277062012814e-05, 3.02336375170853e-05, -2.9748869565082714e-05, -1.603105920366943e-05, -7.854740033508278e-06], [-1.2134676580899395e-05, -2.5556355467415415e-05, -2.9748869565082714e-05, 0.0001317091955570504, 6.298322841757908e-05, 2.9707354769925587e-05], [-5.705848252546275e-06, -1.3051056157564744e-05, -1.603105920366943e-05, 6.298322841757908e-05, 4.2424409912200645e-05, 1.9284769223304465e-05], [-2.7577921173360664e-06, -6.515268523799023e-06, -7.854740033508278e-06, 2.9707354769925587e-05, 1.9284769223304465e-05, 1.6124104149639606e-05]]</COVARIANCE_MATRIX>
		<ROI_SIZE>9546</ROI_SIZE>
		<MAX_VALUE>[0.1660950481891632, 0.16952385008335114, 0.15368549525737762, 0.17176569998264313, 0.09807103127241135, 0.07629440724849701]</MAX_VALUE>
		<MIN_VALUE>[0.13424719870090485, 0.1223045215010643, 0.10718398541212082, 0.09183461964130402, 0.023217706009745598, 0.012468609027564526]</MIN_VALUE>
		<SIGNATURE_THRESHOLD_MD>0.0</SIGNATURE_THRESHOLD_MD>
		<SIGNATURE_THRESHOLD_ML>0.0</SIGNATURE_THRESHOLD_ML>
		<SIGNATURE_THRESHOLD_SAM>0.0</SIGNATURE_THRESHOLD_SAM>
	</signature>
	<signature ID="20200601_125532540046_272">
		<MACROCLASSID>1</MACROCLASSID>
		<MACROCLASSINFO>waterbody</MACROCLASSINFO>
		<CLASSID>3</CLASSID>
		<CLASSINFO>C 1</CLASSINFO>
		<VALUES>[0.17386558719836925, 0.004793243383469118, 0.1773225237836621, 0.005724063399931184, 0.1646732376344348, 0.005636169758317727, 0.10732479885106502, 0.005098411357788749, 0.03926892927243651, 0.0035062086691748733, 0.02986833028382537, 0.0034902398945592145]</VALUES>
		<LCS_MIN>[0.15161876380443573, 0.1411922723054886, 0.12752839922904968, 0.08820139616727829, 0.027896039187908173, 0.019187109544873238]</LCS_MIN>
		<LCS_MAX>[0.1878095120191574, 0.1915595382452011, 0.17693625390529633, 0.1209004670381546, 0.0512876957654953, 0.042701881378889084]</LCS_MAX>
		<WAVELENGTH>[1.0, 2.0, 3.0, 4.0, 5.0, 6.0]</WAVELENGTH>
		<MEAN_VALUE>[0.17386558719836925, 0.1773225237836621, 0.1646732376344348, 0.10732479885106502, 0.03926892927243651, 0.02986833028382537]</MEAN_VALUE>
		<CHECKBOX>2</CHECKBOX>
		<SD>[0.004793243383469118, 0.005724063399931184, 0.005636169758317727, 0.005098411357788749, 0.0035062086691748733, 0.0034902398945592145]</SD>
		<WAVELENGTH_UNIT>band number</WAVELENGTH_UNIT>
		<COLOR>#9bd77a</COLOR>
		<COVARIANCE_MATRIX>[[2.1786525394418277e-05, 2.1886628019274212e-05, 2.1136524082976393e-05, 1.769913978932891e-05, 9.870018402580172e-06, 8.19801880425075e-06], [2.1886628019274212e-05, 3.0269718990894035e-05, 2.5754525267984718e-05, 1.9697114112204872e-05, 1.0357016435591504e-05, 8.727832209842745e-06], [2.1136524082976393e-05, 2.5754525267984718e-05, 2.880630017898511e-05, 1.9085455278400332e-05, 9.757802217791323e-06, 8.312275895150378e-06], [1.769913978932891e-05, 1.9697114112204872e-05, 1.9085455278400332e-05, 2.334601231268607e-05, 1.2094199519196991e-05, 9.782153938431293e-06], [9.870018402580172e-06, 1.0357016435591504e-05, 9.757802217791323e-06, 1.2094199519196991e-05, 1.1529117728059646e-05, 6.511582341772737e-06], [8.19801880425075e-06, 8.727832209842745e-06, 8.312275895150378e-06, 9.782153938431293e-06, 6.511582341772737e-06, 1.1664043086057063e-05]]</COVARIANCE_MATRIX>
		<ROI_SIZE>10140</ROI_SIZE>
		<MAX_VALUE>[0.1878095120191574, 0.1915595382452011, 0.17693625390529633, 0.1209004670381546, 0.0512876957654953, 0.042701881378889084]</MAX_VALUE>
		<MIN_VALUE>[0.15161876380443573, 0.1411922723054886, 0.12752839922904968, 0.08820139616727829, 0.027896039187908173, 0.019187109544873238]</MIN_VALUE>
		<SIGNATURE_THRESHOLD_MD>0.0</SIGNATURE_THRESHOLD_MD>
		<SIGNATURE_THRESHOLD_ML>0.0</SIGNATURE_THRESHOLD_ML>
		<SIGNATURE_THRESHOLD_SAM>0.0</SIGNATURE_THRESHOLD_SAM>
	</signature>
	<signature ID="20200601_125542350173_406">
		<MACROCLASSID>1</MACROCLASSID>
		<MACROCLASSINFO>waterbody</MACROCLASSINFO>
		<CLASSID>4</CLASSID>
		<CLASSINFO>C 1</CLASSINFO>
		<VALUES>[0.12517759194189493, 0.00623032075447483, 0.09734796476240891, 0.007231844663183469, 0.07522781969771222, 0.007158805142766442, 0.06358986924407498, 0.008182052430895379, 0.03218853987747891, 0.006708709896838647, 0.024810675792772127, 0.004990947138455943]</VALUES>
		<LCS_MIN>[0.10818985849618912, 0.08138112723827362, 0.057776160538196564, 0.044602617621421814, 0.018539372831583023, 0.012468609027564526]</LCS_MIN>
		<LCS_MAX>[0.1429329812526703, 0.1223045215010643, 0.11009034514427185, 0.12816692888736725, 0.09105352312326431, 0.06621664762496948]</LCS_MAX>
		<WAVELENGTH>[1.0, 2.0, 3.0, 4.0, 5.0, 6.0]</WAVELENGTH>
		<MEAN_VALUE>[0.12517759194189493, 0.09734796476240891, 0.07522781969771222, 0.06358986924407498, 0.03218853987747891, 0.024810675792772127]</MEAN_VALUE>
		<CHECKBOX>2</CHECKBOX>
		<SD>[0.00623032075447483, 0.007231844663183469, 0.007158805142766442, 0.008182052430895379, 0.006708709896838647, 0.004990947138455943]</SD>
		<WAVELENGTH_UNIT>band number</WAVELENGTH_UNIT>
		<COLOR>#e30fde</COLOR>
		<COVARIANCE_MATRIX>[[4.034493395010941e-05, 4.4712181988870725e-05, 4.354945122031495e-05, 4.584659109241329e-05, 3.159672633046284e-05, 2.0420948203536682e-05], [4.4712181988870725e-05, 5.741269706049934e-05, 5.268091626930982e-05, 5.69885378354229e-05, 4.0182483644457534e-05, 2.6030358640127815e-05], [4.354945122031495e-05, 5.268091626930982e-05, 5.5676740885246545e-05, 5.831218368257396e-05, 4.124262341065332e-05, 2.705980477912817e-05], [4.584659109241329e-05, 5.69885378354229e-05, 5.831218368257396e-05, 7.546805863967165e-05, 5.3792482503922656e-05, 3.5714012483367696e-05], [3.159672633046284e-05, 4.0182483644457534e-05, 4.124262341065332e-05, 5.3792482503922656e-05, 4.6906887291697785e-05, 2.8747846954502165e-05], [2.0420948203536682e-05, 2.6030358640127815e-05, 2.705980477912817e-05, 3.5714012483367696e-05, 2.8747846954502165e-05, 2.5989451387431473e-05]]</COVARIANCE_MATRIX>
		<ROI_SIZE>7936</ROI_SIZE>
		<MAX_VALUE>[0.1429329812526703, 0.1223045215010643, 0.11009034514427185, 0.12816692888736725, 0.09105352312326431, 0.06621664762496948]</MAX_VALUE>
		<MIN_VALUE>[0.10818985849618912, 0.08138112723827362, 0.057776160538196564, 0.044602617621421814, 0.018539372831583023, 0.012468609027564526]</MIN_VALUE>
		<SIGNATURE_THRESHOLD_MD>0.0</SIGNATURE_THRESHOLD_MD>
		<SIGNATURE_THRESHOLD_ML>0.0</SIGNATURE_THRESHOLD_ML>
		<SIGNATURE_THRESHOLD_SAM>0.0</SIGNATURE_THRESHOLD_SAM>
	</signature>
	<signature ID="20200601_125556307971_922">
		<MACROCLASSID>1</MACROCLASSID>
		<MACROCLASSINFO>waterbody</MACROCLASSINFO>
		<CLASSID>5</CLASSID>
		<CLASSINFO>C 1</CLASSINFO>
		<VALUES>[0.14328261129842368, 0.004318145104998765, 0.13990193785366037, 0.0059775778353411205, 0.13224614762265693, 0.007367647325132398, 0.0976539040569943, 0.007956985727950713, 0.030019195685180296, 0.006847177320697811, 0.023391258495868893, 0.0045455300293673695]</VALUES>
		<LCS_MIN>[0.103846974670887, 0.08138112723827362, 0.06649519503116608, 0.08456815779209137, 0.018539372831583023, 0.009109354577958584]</LCS_MIN>
		<LCS_MAX>[0.15451401472091675, 0.15378406643867493, 0.14787280559539795, 0.16449923813343048, 0.09573184698820114, 0.06957589834928513]</LCS_MAX>
		<WAVELENGTH>[1.0, 2.0, 3.0, 4.0, 5.0, 6.0]</WAVELENGTH>
		<MEAN_VALUE>[0.14328261129842368, 0.13990193785366037, 0.13224614762265693, 0.0976539040569943, 0.030019195685180296, 0.023391258495868893]</MEAN_VALUE>
		<CHECKBOX>2</CHECKBOX>
		<SD>[0.004318145104998765, 0.0059775778353411205, 0.007367647325132398, 0.007956985727950713, 0.006847177320697811, 0.0045455300293673695]</SD>
		<WAVELENGTH_UNIT>band number</WAVELENGTH_UNIT>
		<COLOR>#7dbb50</COLOR>
		<COVARIANCE_MATRIX>[[3.4315358789172024e-05, 4.6692206524312496e-05, 5.7501179981045425e-05, -6.248144472920103e-06, -2.3122791390051134e-05, -9.758541636983864e-06], [4.6692206524312496e-05, 7.400182948913425e-05, 8.648677612654865e-05, -1.399229313392425e-05, -4.016311140730977e-05, -1.8239819837617688e-05], [5.7501179981045425e-05, 8.648677612654865e-05, 0.00011078266834374517, -1.8260428987559862e-05, -5.0139176892116666e-05, -2.221973227278795e-05], [-6.248144472920103e-06, -1.399229313392425e-05, -1.8260428987559862e-05, 0.00010826192738022655, 7.177660154411569e-05, 3.72740178136155e-05], [-2.3122791390051134e-05, -4.016311140730977e-05, -5.0139176892116666e-05, 7.177660154411569e-05, 8.135104144457728e-05, 4.108496432309039e-05], [-9.758541636983864e-06, -1.8239819837617688e-05, -2.221973227278795e-05, 3.72740178136155e-05, 4.108496432309039e-05, 2.9433078452711925e-05]]</COVARIANCE_MATRIX>
		<ROI_SIZE>6640</ROI_SIZE>
		<MAX_VALUE>[0.15451401472091675, 0.15378406643867493, 0.14787280559539795, 0.16449923813343048, 0.09573184698820114, 0.06957589834928513]</MAX_VALUE>
		<MIN_VALUE>[0.103846974670887, 0.08138112723827362, 0.06649519503116608, 0.08456815779209137, 0.018539372831583023, 0.009109354577958584]</MIN_VALUE>
		<SIGNATURE_THRESHOLD_MD>0.0</SIGNATURE_THRESHOLD_MD>
		<SIGNATURE_THRESHOLD_ML>0.0</SIGNATURE_THRESHOLD_ML>
		<SIGNATURE_THRESHOLD_SAM>0.0</SIGNATURE_THRESHOLD_SAM>
	</signature>
	<signature ID="20200601_125616896847_719">
		<MACROCLASSID>1</MACROCLASSID>
		<MACROCLASSINFO>waterbody</MACROCLASSINFO>
		<CLASSID>6</CLASSID>
		<CLASSINFO>C 1</CLASSINFO>
		<VALUES>[0.14751670028938593, 0.005542028515020899, 0.1448522656605116, 0.006478990394604679, 0.1299136468173177, 0.008299399973150896, 0.10789873515722269, 0.01887165368711943, 0.06247332334077725, 0.016495785442305004, 0.04582518023781327, 0.013793456842318336]</VALUES>
		<LCS_MIN>[0.13135193288326263, 0.12860044836997986, 0.11009034514427185, 0.08093491941690445, 0.04427020251750946, 0.029264871031045914]</LCS_MIN>
		<LCS_MAX>[0.1660950481891632, 0.16322793066501617, 0.15659184753894806, 0.16086599230766296, 0.11444517225027084, 0.10652767866849899]</LCS_MAX>
		<WAVELENGTH>[1.0, 2.0, 3.0, 4.0, 5.0, 6.0]</WAVELENGTH>
		<MEAN_VALUE>[0.14751670028938593, 0.1448522656605116, 0.1299136468173177, 0.10789873515722269, 0.06247332334077725, 0.04582518023781327]</MEAN_VALUE>
		<CHECKBOX>2</CHECKBOX>
		<SD>[0.005542028515020899, 0.006478990394604679, 0.008299399973150896, 0.01887165368711943, 0.016495785442305004, 0.013793456842318336]</SD>
		<WAVELENGTH_UNIT>band number</WAVELENGTH_UNIT>
		<COLOR>#d393c6</COLOR>
		<COVARIANCE_MATRIX>[[3.077095971093513e-05, 3.125274088233709e-05, 4.177028313279152e-05, -1.6381931345677003e-05, 1.138951688517409e-06, 1.7716636648401618e-05], [3.125274088233709e-05, 4.205505319987424e-05, 4.8791094741318375e-05, -2.726061393332202e-05, -1.203819101647241e-05, 7.4646377470344305e-06], [4.177028313279152e-05, 4.8791094741318375e-05, 6.900759763084352e-05, -2.0163002773188055e-05, 4.328879640524974e-06, 2.793682142510079e-05], [-1.6381931345677003e-05, -2.726061393332202e-05, -2.0163002773188055e-05, 0.00035679881693795323, 0.00027521298034116626, 0.00019209251331631094], [1.138951688517409e-06, -1.203819101647241e-05, 4.328879640524974e-06, 0.00027521298034116626, 0.0002726148522924632, 0.00020642443269025534], [1.7716636648401618e-05, 7.4646377470344305e-06, 2.793682142510079e-05, 0.00019209251331631094, 0.00020642443269025534, 0.00019061178318224847]]</COVARIANCE_MATRIX>
		<ROI_SIZE>541</ROI_SIZE>
		<MAX_VALUE>[0.1660950481891632, 0.16322793066501617, 0.15659184753894806, 0.16086599230766296, 0.11444517225027084, 0.10652767866849899]</MAX_VALUE>
		<MIN_VALUE>[0.13135193288326263, 0.12860044836997986, 0.11009034514427185, 0.08093491941690445, 0.04427020251750946, 0.029264871031045914]</MIN_VALUE>
		<SIGNATURE_THRESHOLD_MD>0.0</SIGNATURE_THRESHOLD_MD>
		<SIGNATURE_THRESHOLD_ML>0.0</SIGNATURE_THRESHOLD_ML>
		<SIGNATURE_THRESHOLD_SAM>0.0</SIGNATURE_THRESHOLD_SAM>
	</signature>
	<signature ID="20200601_125906437634_242">
		<MACROCLASSID>1</MACROCLASSID>
		<MACROCLASSINFO>waterbody</MACROCLASSINFO>
		<CLASSID>7</CLASSID>
		<CLASSINFO>C 1</CLASSINFO>
		<VALUES>[0.1483863345807113, 0.004686936032143156, 0.14032358268771, 0.006177080182393002, 0.1308099967392185, 0.007259476436057097, 0.13636239065399655, 0.016146353113893508, 0.07487478486344785, 0.02171622658975422, 0.05692980523822432, 0.017914059744921124]</VALUES>
		<LCS_MIN>[0.13279956579208374, 0.11600860953330994, 0.10427765548229218, 0.11363400518894196, 0.04427020251750946, 0.02590561844408512]</LCS_MIN>
		<LCS_MAX>[0.16899031400680542, 0.16637589037418365, 0.16531087458133698, 0.1971983015537262, 0.11912351101636887, 0.10652767866849899]</LCS_MAX>
		<WAVELENGTH>[1.0, 2.0, 3.0, 4.0, 5.0, 6.0]</WAVELENGTH>
		<MEAN_VALUE>[0.1483863345807113, 0.14032358268771, 0.1308099967392185, 0.13636239065399655, 0.07487478486344785, 0.05692980523822432]</MEAN_VALUE>
		<CHECKBOX>2</CHECKBOX>
		<SD>[0.004686936032143156, 0.006177080182393002, 0.007259476436057097, 0.016146353113893508, 0.02171622658975422, 0.017914059744921124]</SD>
		<WAVELENGTH_UNIT>band number</WAVELENGTH_UNIT>
		<COLOR>#8935f4</COLOR>
		<COVARIANCE_MATRIX>[[2.6323439669795334e-05, 2.886875518015586e-05, 3.3022213756339625e-05, -1.063661420630524e-05, -2.7812369808088988e-05, -1.6762067389208823e-05], [2.886875518015586e-05, 4.4130174501333386e-05, 4.511801671469584e-05, -2.563049565651454e-05, -6.63913378957659e-05, -4.964015170116909e-05], [3.3022213756339625e-05, 4.511801671469584e-05, 5.538493496715091e-05, -3.446512346272357e-05, -6.84796686982736e-05, -4.841683403356001e-05], [-1.063661420630524e-05, -2.563049565651454e-05, -3.446512346272357e-05, 0.00025005455245263875, 0.0002532141515985131, 0.00017121915880125016], [-2.7812369808088988e-05, -6.63913378957659e-05, -6.84796686982736e-05, 0.0002532141515985131, 0.0004389595123939216, 0.0003399585548322648], [-1.6762067389208823e-05, -4.964015170116909e-05, -4.841683403356001e-05, 0.00017121915880125016, 0.0003399585548322648, 0.0002960625570267439]]</COVARIANCE_MATRIX>
		<ROI_SIZE>471</ROI_SIZE>
		<MAX_VALUE>[0.16899031400680542, 0.16637589037418365, 0.16531087458133698, 0.1971983015537262, 0.11912351101636887, 0.10652767866849899]</MAX_VALUE>
		<MIN_VALUE>[0.13279956579208374, 0.11600860953330994, 0.10427765548229218, 0.11363400518894196, 0.04427020251750946, 0.02590561844408512]</MIN_VALUE>
		<SIGNATURE_THRESHOLD_MD>0.0</SIGNATURE_THRESHOLD_MD>
		<SIGNATURE_THRESHOLD_ML>0.0</SIGNATURE_THRESHOLD_ML>
		<SIGNATURE_THRESHOLD_SAM>0.0</SIGNATURE_THRESHOLD_SAM>
	</signature>
	<signature ID="20200601_130054412205_263">
		<MACROCLASSID>1</MACROCLASSID>
		<MACROCLASSINFO>waterbody</MACROCLASSINFO>
		<CLASSID>8</CLASSID>
		<CLASSINFO>C 1</CLASSINFO>
		<VALUES>[0.12628743111362573, 0.0052482555146202, 0.1037325551308759, 0.005910186641783942, 0.08634490055516142, 0.007685232427219249, 0.09656113028345135, 0.015561133948761414, 0.06636074657543457, 0.013884414062536335, 0.051993430611935086, 0.012040922605062305]</VALUES>
		<LCS_MIN>[0.11542800068855286, 0.08767703175544739, 0.07230788469314575, 0.07003522664308548, 0.04427020251750946, 0.0359833799302578]</LCS_MIN>
		<LCS_MAX>[0.14003774523735046, 0.1223045215010643, 0.11590303480625153, 0.13180015981197357, 0.10508852452039719, 0.09309067577123642]</LCS_MAX>
		<WAVELENGTH>[1.0, 2.0, 3.0, 4.0, 5.0, 6.0]</WAVELENGTH>
		<MEAN_VALUE>[0.12628743111362573, 0.1037325551308759, 0.08634490055516142, 0.09656113028345135, 0.06636074657543457, 0.051993430611935086]</MEAN_VALUE>
		<CHECKBOX>2</CHECKBOX>
		<SD>[0.0052482555146202, 0.005910186641783942, 0.007685232427219249, 0.015561133948761414, 0.013884414062536335, 0.012040922605062305]</SD>
		<WAVELENGTH_UNIT>band number</WAVELENGTH_UNIT>
		<COLOR>#6e1718</COLOR>
		<COVARIANCE_MATRIX>[[2.7628162570181303e-05, 2.7251418941887096e-05, 3.401872527319938e-05, 3.738385930773802e-05, 3.4200875234091654e-05, 2.9750272005912848e-05], [2.7251418941887096e-05, 3.5036802728427574e-05, 3.9765283872839063e-05, 5.446880459203385e-05, 4.894888843409717e-05, 4.341856765677221e-05], [3.401872527319938e-05, 3.9765283872839063e-05, 5.924286597291939e-05, 7.61324554332532e-05, 7.376391295110807e-05, 6.759467942174524e-05], [3.738385930773802e-05, 5.446880459203385e-05, 7.61324554332532e-05, 0.00024288715212605894, 0.0001877252507256344, 0.00014367485709954053], [3.4200875234091654e-05, 4.894888843409717e-05, 7.376391295110807e-05, 0.0001877252507256344, 0.00019336468540132046, 0.0001509083667770028], [2.9750272005912848e-05, 4.341856765677221e-05, 6.759467942174524e-05, 0.00014367485709954053, 0.0001509083667770028, 0.00014542584540322423]]</COVARIANCE_MATRIX>
		<ROI_SIZE>329</ROI_SIZE>
		<MAX_VALUE>[0.14003774523735046, 0.1223045215010643, 0.11590303480625153, 0.13180015981197357, 0.10508852452039719, 0.09309067577123642]</MAX_VALUE>
		<MIN_VALUE>[0.11542800068855286, 0.08767703175544739, 0.07230788469314575, 0.07003522664308548, 0.04427020251750946, 0.0359833799302578]</MIN_VALUE>
		<SIGNATURE_THRESHOLD_MD>0.0</SIGNATURE_THRESHOLD_MD>
		<SIGNATURE_THRESHOLD_ML>0.0</SIGNATURE_THRESHOLD_ML>
		<SIGNATURE_THRESHOLD_SAM>0.0</SIGNATURE_THRESHOLD_SAM>
	</signature>
	<signature ID="20200601_211238075180_805">
		<MACROCLASSID>1</MACROCLASSID>
		<MACROCLASSINFO>waterbody</MACROCLASSINFO>
		<CLASSID>9</CLASSID>
		<CLASSINFO>C 1</CLASSINFO>
		<VALUES>[0.11816876661680682, 0.0017874379433252135, 0.09280433054589889, 0.0024003972536967054, 0.07340703278849124, 0.002073392835086373, 0.10592076082102375, 0.010946634138982747, 0.05522249051285455, 0.005040749891791045, 0.03688749294563811, 0.0033112862144435823]</VALUES>
		<LCS_MIN>[0.11253275722265244, 0.08767703175544739, 0.06649519503116608, 0.08820139616727829, 0.04427020251750946, 0.02590561844408512]</LCS_MIN>
		<LCS_MAX>[0.12266615778207779, 0.1034168004989624, 0.08102691173553467, 0.14633308351039886, 0.07467936724424362, 0.04942038282752037]</LCS_MAX>
		<WAVELENGTH>[1.0, 2.0, 3.0, 4.0, 5.0, 6.0]</WAVELENGTH>
		<MEAN_VALUE>[0.11816876661680682, 0.09280433054589889, 0.07340703278849124, 0.10592076082102375, 0.05522249051285455, 0.03688749294563811]</MEAN_VALUE>
		<CHECKBOX>2</CHECKBOX>
		<SD>[0.0017874379433252135, 0.0024003972536967054, 0.002073392835086373, 0.010946634138982747, 0.005040749891791045, 0.0033112862144435823]</SD>
		<WAVELENGTH_UNIT>band number</WAVELENGTH_UNIT>
		<COLOR>#52b5a3</COLOR>
		<COVARIANCE_MATRIX>[[3.202364496246446e-06, 1.8432100432619336e-06, 1.3834845731253154e-06, 5.116983629704919e-06, 3.1844706427364144e-06, 1.4405700312636327e-06], [1.8432100432619336e-06, 5.7753068176680245e-06, 2.2662018182018073e-06, 1.038195568980882e-05, 5.430929832073161e-06, 2.485382310624118e-06], [1.3834845731253154e-06, 2.2662018182018073e-06, 4.3089553400932346e-06, 8.276710104837548e-06, 4.629435807146365e-06, 2.2280353277892573e-06], [5.116983629704919e-06, 1.038195568980882e-05, 8.276710104837548e-06, 0.00012010747013846412, 4.0441180317429826e-05, 1.4227680367184803e-05], [3.1844706427364144e-06, 5.430929832073161e-06, 4.629435807146365e-06, 4.0441180317429826e-05, 2.5468250896665268e-05, 8.330643140652683e-06], [1.4405700312636327e-06, 2.485382310624118e-06, 2.2280353277892573e-06, 1.4227680367184803e-05, 8.330643140652683e-06, 1.099011569749564e-05]]</COVARIANCE_MATRIX>
		<ROI_SIZE>431</ROI_SIZE>
		<MAX_VALUE>[0.12266615778207779, 0.1034168004989624, 0.08102691173553467, 0.14633308351039886, 0.07467936724424362, 0.04942038282752037]</MAX_VALUE>
		<MIN_VALUE>[0.11253275722265244, 0.08767703175544739, 0.06649519503116608, 0.08820139616727829, 0.04427020251750946, 0.02590561844408512]</MIN_VALUE>
		<SIGNATURE_THRESHOLD_MD>0.0</SIGNATURE_THRESHOLD_MD>
		<SIGNATURE_THRESHOLD_ML>0.0</SIGNATURE_THRESHOLD_ML>
		<SIGNATURE_THRESHOLD_SAM>0.0</SIGNATURE_THRESHOLD_SAM>
	</signature>
	<signature ID="20200601_211324112246_785">
		<MACROCLASSID>1</MACROCLASSID>
		<MACROCLASSINFO>waterbody</MACROCLASSINFO>
		<CLASSID>10</CLASSID>
		<CLASSINFO>C 1</CLASSINFO>
		<VALUES>[0.20083055088751053, 0.013372979170607553, 0.20036326216168365, 0.015448427701062585, 0.19110432413348716, 0.016307944318032407, 0.17376831735542245, 0.019446554281100557, 0.08968416234059474, 0.01414076002981068, 0.06977761998754793, 0.011534256459380996]</VALUES>
		<LCS_MIN>[0.15885689854621887, 0.15063612163066864, 0.13915377855300903, 0.12453369051218033, 0.05830519646406174, 0.04606113210320473]</LCS_MIN>
		<LCS_MAX>[0.23413363099098206, 0.23563088476657867, 0.22634409368038177, 0.2117312252521515, 0.12848016619682312, 0.10316843539476395]</LCS_MAX>
		<WAVELENGTH>[1.0, 2.0, 3.0, 4.0, 5.0, 6.0]</WAVELENGTH>
		<MEAN_VALUE>[0.20083055088751053, 0.20036326216168365, 0.19110432413348716, 0.17376831735542245, 0.08968416234059474, 0.06977761998754793]</MEAN_VALUE>
		<CHECKBOX>2</CHECKBOX>
		<SD>[0.013372979170607553, 0.015448427701062585, 0.016307944318032407, 0.019446554281100557, 0.01414076002981068, 0.011534256459380996]</SD>
		<WAVELENGTH_UNIT>band number</WAVELENGTH_UNIT>
		<COLOR>#aae239</COLOR>
		<COVARIANCE_MATRIX>[[0.0001767464418662712, 0.0001882713258964941, 0.00019550589786376804, 0.00024076728732325137, 0.00015500800509471446, 0.00012062833411619067], [0.0001882713258964941, 0.00022107244876679033, 0.00022817413264419883, 0.0002490310580469668, 0.00014976580860093236, 0.00011666142381727695], [0.00019550589786376804, 0.00022817413264419883, 0.00024528149515390396, 0.000257871113717556, 0.00015378501848317683, 0.00012013584637315944], [0.00024076728732325137, 0.0002490310580469668, 0.000257871113717556, 0.00036841610562987626, 0.00024523132015019655, 0.0001886357640614733], [0.00015500800509471446, 0.00014976580860093236, 0.00015378501848317683, 0.00024523132015019655, 0.00019303816952742636, 0.00014941328845452517], [0.00012062833411619067, 0.00011666142381727695, 0.00012013584637315944, 0.0001886357640614733, 0.00014941328845452517, 0.00012741827231366187]]</COVARIANCE_MATRIX>
		<ROI_SIZE>7415</ROI_SIZE>
		<MAX_VALUE>[0.23413363099098206, 0.23563088476657867, 0.22634409368038177, 0.2117312252521515, 0.12848016619682312, 0.10316843539476395]</MAX_VALUE>
		<MIN_VALUE>[0.15885689854621887, 0.15063612163066864, 0.13915377855300903, 0.12453369051218033, 0.05830519646406174, 0.04606113210320473]</MIN_VALUE>
		<SIGNATURE_THRESHOLD_MD>0.0</SIGNATURE_THRESHOLD_MD>
		<SIGNATURE_THRESHOLD_ML>0.0</SIGNATURE_THRESHOLD_ML>
		<SIGNATURE_THRESHOLD_SAM>0.0</SIGNATURE_THRESHOLD_SAM>
	</signature>
	<signature ID="20200601_211420386128_799">
		<MACROCLASSID>2</MACROCLASSID>
		<MACROCLASSINFO>vegetation</MACROCLASSINFO>
		<CLASSID>11</CLASSID>
		<CLASSINFO>C 1</CLASSINFO>
		<VALUES>[0.10714346339602557, 0.003982413437132015, 0.09281370882369055, 0.006337538406684087, 0.07239675517972598, 0.007832697935627408, 0.29656494852390597, 0.025359634322721238, 0.14140267105422866, 0.01582245824544552, 0.06932237563277885, 0.010754514332755049]</VALUES>
		<LCS_MIN>[0.09660881757736206, 0.07823316007852554, 0.057776160538196564, 0.25533002614974976, 0.09339268505573273, 0.03934263065457344]</LCS_MIN>
		<LCS_MAX>[0.1270090490579605, 0.11600860953330994, 0.11009034514427185, 0.34979405999183655, 0.16824601590633392, 0.09309067577123642]</LCS_MAX>
		<WAVELENGTH>[1.0, 2.0, 3.0, 4.0, 5.0, 6.0]</WAVELENGTH>
		<MEAN_VALUE>[0.10714346339602557, 0.09281370882369055, 0.07239675517972598, 0.29656494852390597, 0.14140267105422866, 0.06932237563277885]</MEAN_VALUE>
		<CHECKBOX>2</CHECKBOX>
		<SD>[0.003982413437132015, 0.006337538406684087, 0.007832697935627408, 0.025359634322721238, 0.01582245824544552, 0.010754514332755049]</SD>
		<WAVELENGTH_UNIT>band number</WAVELENGTH_UNIT>
		<COLOR>#f73379</COLOR>
		<COVARIANCE_MATRIX>[[1.3832468539476395e-05, 1.8038837879430503e-05, 2.1886080503463745e-05, -1.8913969768163952e-07, 2.8006514185108244e-05, 2.5260294933104888e-05], [1.8038837879430503e-05, 3.604881567298435e-05, 3.882684904965572e-05, 1.1873272342199925e-05, 6.332618795568123e-05, 5.004347622161731e-05], [2.1886080503463745e-05, 3.882684904965572e-05, 5.378078276407905e-05, -1.6829644664539956e-05, 7.232498319353908e-05, 6.454536196542904e-05], [-1.8913969768163952e-07, 1.1873272342199925e-05, -1.6829644664539956e-05, 0.0006178892799653113, 0.00014271229156292975, 8.465369319310412e-06], [2.8006514185108244e-05, 6.332618795568123e-05, 7.232498319353908e-05, 0.00014271229156292975, 0.0002584321773611009, 0.00014518012176267803], [2.5260294933104888e-05, 5.004347622161731e-05, 6.454536196542904e-05, 8.465369319310412e-06, 0.00014518012176267803, 0.00011621922021731734]]</COVARIANCE_MATRIX>
		<ROI_SIZE>2666</ROI_SIZE>
		<MAX_VALUE>[0.1270090490579605, 0.11600860953330994, 0.11009034514427185, 0.34979405999183655, 0.16824601590633392, 0.09309067577123642]</MAX_VALUE>
		<MIN_VALUE>[0.09660881757736206, 0.07823316007852554, 0.057776160538196564, 0.25533002614974976, 0.09339268505573273, 0.03934263065457344]</MIN_VALUE>
		<SIGNATURE_THRESHOLD_MD>0.0</SIGNATURE_THRESHOLD_MD>
		<SIGNATURE_THRESHOLD_ML>0.0</SIGNATURE_THRESHOLD_ML>
		<SIGNATURE_THRESHOLD_SAM>0.0</SIGNATURE_THRESHOLD_SAM>
	</signature>
	<signature ID="20200601_211438917646_213">
		<MACROCLASSID>2</MACROCLASSID>
		<MACROCLASSINFO>vegetation</MACROCLASSINFO>
		<CLASSID>12</CLASSID>
		<CLASSINFO>C 1</CLASSINFO>
		<VALUES>[0.12741681793788515, 0.006413534656590756, 0.11783688915473925, 0.00874641671373242, 0.10519232527987747, 0.012641215205128191, 0.2533922919013485, 0.021410855652087054, 0.19157304612544893, 0.023211896178260853, 0.1092978089376611, 0.018880574920558]</VALUES>
		<LCS_MIN>[0.11253275722265244, 0.09712090343236923, 0.07812056690454483, 0.215364471077919, 0.14953267574310303, 0.06957589834928513]</LCS_MIN>
		<LCS_MAX>[0.15740929543972015, 0.15063612163066864, 0.1449664682149887, 0.3098284900188446, 0.24777765572071075, 0.15691648423671722]</LCS_MAX>
		<WAVELENGTH>[1.0, 2.0, 3.0, 4.0, 5.0, 6.0]</WAVELENGTH>
		<MEAN_VALUE>[0.12741681793788515, 0.11783688915473925, 0.10519232527987747, 0.2533922919013485, 0.19157304612544893, 0.1092978089376611]</MEAN_VALUE>
		<CHECKBOX>2</CHECKBOX>
		<SD>[0.006413534656590756, 0.00874641671373242, 0.012641215205128191, 0.021410855652087054, 0.023211896178260853, 0.018880574920558]</SD>
		<WAVELENGTH_UNIT>band number</WAVELENGTH_UNIT>
		<COLOR>#4abef1</COLOR>
		<COVARIANCE_MATRIX>[[6.955862772883847e-05, 8.237791189458221e-05, 0.0001165334542747587, -5.889452950214036e-05, 0.0001836966839618981, 0.0001574788911966607], [8.237791189458221e-05, 0.00010923162335529923, 0.00014704368368256837, -5.3415336878970265e-05, 0.0002346012624911964, 0.00019363600586075336], [0.0001165334542747587, 0.00014704368368256837, 0.00021776848006993532, -0.00011379114584997296, 0.00034674719790928066, 0.0002945563173852861], [-5.889452950214036e-05, -5.3415336878970265e-05, -0.00011379114584997296, 0.00044103263644501567, -0.0001079233770724386, -0.00017245803610421717], [0.0001836966839618981, 0.0002346012624911964, 0.00034674719790928066, -0.0001079233770724386, 0.0007002348429523408, 0.0005472253542393446], [0.0001574788911966607, 0.00019363600586075336, 0.0002945563173852861, -0.00017245803610421717, 0.0005472253542393446, 0.00047760934103280306]]</COVARIANCE_MATRIX>
		<ROI_SIZE>3427</ROI_SIZE>
		<MAX_VALUE>[0.15740929543972015, 0.15063612163066864, 0.1449664682149887, 0.3098284900188446, 0.24777765572071075, 0.15691648423671722]</MAX_VALUE>
		<MIN_VALUE>[0.11253275722265244, 0.09712090343236923, 0.07812056690454483, 0.215364471077919, 0.14953267574310303, 0.06957589834928513]</MIN_VALUE>
		<SIGNATURE_THRESHOLD_MD>0.0</SIGNATURE_THRESHOLD_MD>
		<SIGNATURE_THRESHOLD_ML>0.0</SIGNATURE_THRESHOLD_ML>
		<SIGNATURE_THRESHOLD_SAM>0.0</SIGNATURE_THRESHOLD_SAM>
	</signature>
	<signature ID="20200601_211452225718_179">
		<MACROCLASSID>2</MACROCLASSID>
		<MACROCLASSINFO>vegetation</MACROCLASSINFO>
		<CLASSID>13</CLASSID>
		<CLASSINFO>C 1</CLASSINFO>
		<VALUES>[0.11907558038292218, 0.003853598138638606, 0.10904600137463734, 0.006607083936783254, 0.08940384488394126, 0.009311810676373053, 0.2645117560829894, 0.021796981981760888, 0.15648736699275428, 0.022132793105587776, 0.08136143530787629, 0.013348030110719621]</VALUES>
		<LCS_MIN>[0.1067422479391098, 0.09082499146461487, 0.06940153986215591, 0.2117312252521515, 0.10976684093475342, 0.04606113210320473]</LCS_MIN>
		<LCS_MAX>[0.13859009742736816, 0.1380442976951599, 0.1362474262714386, 0.3061952292919159, 0.20801182091236115, 0.12668320536613464]</LCS_MAX>
		<WAVELENGTH>[1.0, 2.0, 3.0, 4.0, 5.0, 6.0]</WAVELENGTH>
		<MEAN_VALUE>[0.11907558038292218, 0.10904600137463734, 0.08940384488394126, 0.2645117560829894, 0.15648736699275428, 0.08136143530787629]</MEAN_VALUE>
		<CHECKBOX>2</CHECKBOX>
		<SD>[0.003853598138638606, 0.006607083936783254, 0.009311810676373053, 0.021796981981760888, 0.022132793105587776, 0.013348030110719621]</SD>
		<WAVELENGTH_UNIT>band number</WAVELENGTH_UNIT>
		<COLOR>#0546d9</COLOR>
		<COVARIANCE_MATRIX>[[1.5279578292393126e-05, 2.1864359950996004e-05, 3.26607987517491e-05, 1.4625991752836853e-05, 6.291414320003241e-05, 4.050187271786854e-05], [2.1864359950996004e-05, 4.3775933590950444e-05, 5.766078902524896e-05, 4.527206692728214e-05, 0.00012116126890759915, 7.366816862486303e-05], [3.26607987517491e-05, 5.766078902524896e-05, 9.293237962992862e-05, 2.426938954158686e-05, 0.00016836478607729077, 0.0001090357982320711], [1.4625991752836853e-05, 4.527206692728214e-05, 2.426938954158686e-05, 0.0004786269273608923, 0.00019805032934527844, 6.827676406828687e-05], [6.291414320003241e-05, 0.00012116126890759915, 0.00016836478607729077, 0.00019805032934527844, 0.00045523367589339614, 0.00025886791991069913], [4.050187271786854e-05, 7.366816862486303e-05, 0.0001090357982320711, 6.827676406828687e-05, 0.00025886791991069913, 0.00017120310803875327]]</COVARIANCE_MATRIX>
		<ROI_SIZE>8565</ROI_SIZE>
		<MAX_VALUE>[0.13859009742736816, 0.1380442976951599, 0.1362474262714386, 0.3061952292919159, 0.20801182091236115, 0.12668320536613464]</MAX_VALUE>
		<MIN_VALUE>[0.1067422479391098, 0.09082499146461487, 0.06940153986215591, 0.2117312252521515, 0.10976684093475342, 0.04606113210320473]</MIN_VALUE>
		<SIGNATURE_THRESHOLD_MD>0.0</SIGNATURE_THRESHOLD_MD>
		<SIGNATURE_THRESHOLD_ML>0.0</SIGNATURE_THRESHOLD_ML>
		<SIGNATURE_THRESHOLD_SAM>0.0</SIGNATURE_THRESHOLD_SAM>
	</signature>
	<signature ID="20200601_211537425607_346">
		<MACROCLASSID>2</MACROCLASSID>
		<MACROCLASSINFO>vegetation</MACROCLASSINFO>
		<CLASSID>15</CLASSID>
		<CLASSINFO>C 1</CLASSINFO>
		<VALUES>[0.18624808534546455, 0.011408931369608856, 0.16936034611697154, 0.012258803895977395, 0.1487563883916699, 0.013292499117386624, 0.33370993150155687, 0.022524186859891396, 0.1618886309781651, 0.016144078695335292, 0.09907637853846171, 0.013853738722628942]</VALUES>
		<LCS_MIN>[0.1631997972726822, 0.14434020221233368, 0.11880937963724136, 0.28439587354660034, 0.12380185723304749, 0.07293516397476196]</LCS_MIN>
		<LCS_MAX>[0.23268602788448334, 0.21674317121505737, 0.20018698275089264, 0.37885987758636475, 0.20801182091236115, 0.1401202231645584]</LCS_MAX>
		<WAVELENGTH>[1.0, 2.0, 3.0, 4.0, 5.0, 6.0]</WAVELENGTH>
		<MEAN_VALUE>[0.18624808534546455, 0.16936034611697154, 0.1487563883916699, 0.33370993150155687, 0.1618886309781651, 0.09907637853846171]</MEAN_VALUE>
		<CHECKBOX>2</CHECKBOX>
		<SD>[0.011408931369608856, 0.012258803895977395, 0.013292499117386624, 0.022524186859891396, 0.016144078695335292, 0.013853738722628942]</SD>
		<WAVELENGTH_UNIT>band number</WAVELENGTH_UNIT>
		<COLOR>#bae65e</COLOR>
		<COVARIANCE_MATRIX>[[0.00012550233805086464, 0.00013069622218608856, 0.00014134820958133787, 0.00012920588778797537, 0.00014223520702216774, 0.00013471729471348226], [0.00013069622218608856, 0.00014668056974187493, 0.00015406880993396044, 0.00015264152898453176, 0.00016512899310328066, 0.00014944959548301995], [0.00014134820958133787, 0.00015406880993396044, 0.00017079307872336358, 0.00015194401203189045, 0.000175922890775837, 0.00016277513350360096], [0.00012920588778797537, 0.00015264152898453176, 0.00015194401203189045, 0.0005092256469652057, 0.0002746186510194093, 0.00017577096878085285], [0.00014223520702216774, 0.00016512899310328066, 0.000175922890775837, 0.0002746186510194093, 0.0002664279309101403, 0.00020320936164353043], [0.00013471729471348226, 0.00014944959548301995, 0.00016277513350360096, 0.00017577096878085285, 0.00020320936164353043, 0.000188187143066898]]</COVARIANCE_MATRIX>
		<ROI_SIZE>5502</ROI_SIZE>
		<MAX_VALUE>[0.23268602788448334, 0.21674317121505737, 0.20018698275089264, 0.37885987758636475, 0.20801182091236115, 0.1401202231645584]</MAX_VALUE>
		<MIN_VALUE>[0.1631997972726822, 0.14434020221233368, 0.11880937963724136, 0.28439587354660034, 0.12380185723304749, 0.07293516397476196]</MIN_VALUE>
		<SIGNATURE_THRESHOLD_MD>0.0</SIGNATURE_THRESHOLD_MD>
		<SIGNATURE_THRESHOLD_ML>0.0</SIGNATURE_THRESHOLD_ML>
		<SIGNATURE_THRESHOLD_SAM>0.0</SIGNATURE_THRESHOLD_SAM>
	</signature>
	<signature ID="20200601_211557096669_644">
		<MACROCLASSID>2</MACROCLASSID>
		<MACROCLASSINFO>vegetation</MACROCLASSINFO>
		<CLASSID>16</CLASSID>
		<CLASSINFO>C 1</CLASSINFO>
		<VALUES>[0.13660790099326645, 0.005359244633410606, 0.13057441072658127, 0.0056849820516828835, 0.10194458123125598, 0.006800950574450468, 0.39162951349665226, 0.025245090577981473, 0.17062917030459177, 0.009887527326010108, 0.08278331573061427, 0.00784417298966126]</VALUES>
		<LCS_MIN>[0.12266615778207779, 0.11600860953330994, 0.08102691173553467, 0.34979405999183655, 0.1448543518781662, 0.06285740435123444]</LCS_MIN>
		<LCS_MAX>[0.15596164762973785, 0.15063612163066864, 0.12752839922904968, 0.44425806403160095, 0.21035100519657135, 0.11996470391750336]</LCS_MAX>
		<WAVELENGTH>[1.0, 2.0, 3.0, 4.0, 5.0, 6.0]</WAVELENGTH>
		<MEAN_VALUE>[0.13660790099326645, 0.13057441072658127, 0.10194458123125598, 0.39162951349665226, 0.17062917030459177, 0.08278331573061427]</MEAN_VALUE>
		<CHECKBOX>2</CHECKBOX>
		<SD>[0.005359244633410606, 0.0056849820516828835, 0.006800950574450468, 0.025245090577981473, 0.009887527326010108, 0.00784417298966126]</SD>
		<WAVELENGTH_UNIT>band number</WAVELENGTH_UNIT>
		<COLOR>#5acde7</COLOR>
		<COVARIANCE_MATRIX>[[2.8734684747178108e-05, 2.6001460355473682e-05, 3.1933843274600804e-05, -1.2507317478593905e-05, 3.173833465552889e-05, 2.8006041247863322e-05], [2.6001460355473682e-05, 3.2333853596355766e-05, 3.376353197381832e-05, -6.464292710006703e-06, 3.8988458982203156e-05, 3.15031866193749e-05], [3.1933843274600804e-05, 3.376353197381832e-05, 4.6274155465653166e-05, -4.331014133640565e-05, 4.7660418204031885e-05, 4.222654752084054e-05], [-1.2507317478593905e-05, -6.464292710006703e-06, -4.331014133640565e-05, 0.0006376070668920875, -3.241528702346841e-06, -5.634946865029633e-05], [3.173833465552889e-05, 3.8988458982203156e-05, 4.7660418204031885e-05, -3.241528702346841e-06, 9.780806431081146e-05, 6.446681072702631e-05], [2.8006041247863322e-05, 3.15031866193749e-05, 4.222654752084054e-05, -5.634946865029633e-05, 6.446681072702631e-05, 6.155928713269532e-05]]</COVARIANCE_MATRIX>
		<ROI_SIZE>2180</ROI_SIZE>
		<MAX_VALUE>[0.15596164762973785, 0.15063612163066864, 0.12752839922904968, 0.44425806403160095, 0.21035100519657135, 0.11996470391750336]</MAX_VALUE>
		<MIN_VALUE>[0.12266615778207779, 0.11600860953330994, 0.08102691173553467, 0.34979405999183655, 0.1448543518781662, 0.06285740435123444]</MIN_VALUE>
		<SIGNATURE_THRESHOLD_MD>0.0</SIGNATURE_THRESHOLD_MD>
		<SIGNATURE_THRESHOLD_ML>0.0</SIGNATURE_THRESHOLD_ML>
		<SIGNATURE_THRESHOLD_SAM>0.0</SIGNATURE_THRESHOLD_SAM>
	</signature>
	<signature ID="20200601_211806742589_992">
		<MACROCLASSID>2</MACROCLASSID>
		<MACROCLASSINFO>vegetation</MACROCLASSINFO>
		<CLASSID>17</CLASSID>
		<CLASSINFO>C 1</CLASSINFO>
		<VALUES>[0.11878147461836663, 0.0070744963526573924, 0.10088589141211171, 0.008284886609253504, 0.07882279545131729, 0.009169919264937916, 0.2851607022968461, 0.02122019755904527, 0.1173502442651158, 0.014327104663673944, 0.059784253728971386, 0.011003945206344182]</VALUES>
