<?xml version="1.0" ?>
<signaturelist MCID_LIST="[['1', 'Waterbody', '#0000ff'], ['2', 'Vegetation', '#00aa00'], ['3', 'Barren', '#ffaa00'], ['4', 'Builtup', '#ff0000']]">
	<signature ID="20190911_182640093297_522">
		<MACROCLASSID>1</MACROCLASSID>
		<MACROCLASSINFO>Waterbody</MACROCLASSINFO>
		<CLASSID>15</CLASSID>
		<CLASSINFO>C 1</CLASSINFO>
		<VALUES>[604.3638461538463, 58.782137859735506, 862.8834615384611, 70.65208279592616, 739.0651923076929, 100.95731047539168, 529.9349999999991, 83.1045125475702, 184.3961538461539, 69.31868146893538, 111.06596153846165, 57.4690265661431]</VALUES>
		<LCS_MIN>[475.0, 631.0, 508.0, 330.0, 34.0, -18.0]</LCS_MIN>
		<LCS_MAX>[784.0, 1095.0, 1058.5, 857.0, 653.0, 556.0]</LCS_MAX>
		<WAVELENGTH>[0.485, 0.56, 0.66, 0.83, 1.65, 2.215]</WAVELENGTH>
		<MEAN_VALUE>[604.3638461538463, 862.8834615384611, 739.0651923076929, 529.9349999999991, 184.3961538461539, 111.06596153846165]</MEAN_VALUE>
		<CHECKBOX>2</CHECKBOX>
		<SD>[58.782137859735506, 70.65208279592616, 100.95731047539168, 83.1045125475702, 69.31868146893538, 57.4690265661431]</SD>
		<WAVELENGTH_UNIT>E-6m</WAVELENGTH_UNIT>
		<COLOR>#3baf82</COLOR>
		<COVARIANCE_MATRIX>[[4267.935609160314, 4238.204411316559, 5388.398859381943, 1674.6159957158548, 77.47106985384895, 145.60660336520286], [4238.204411316559, 5876.765110287963, 6756.683267313696, 1966.8684575320742, -156.57894885800377, -37.5903303410504], [5388.398859381943, 6756.683267313696, 11011.624438637324, 4275.2711640631005, 238.65853928729936, 195.19141072537425], [1674.6159957158548, 1966.8684575320742, 4275.2711640631005, 7379.776878120398, 3931.32319433682, 2394.7707051680222], [77.47106985384895, -156.57894885800377, 238.65853928729936, 3931.32319433682, 4986.445349352246, 3090.8511125154287], [145.60660336520286, -37.5903303410504, 195.19141072537425, 2394.7707051680222, 3090.8511125154287, 3188.1978676837134]]</COVARIANCE_MATRIX>
		<ROI_SIZE>35884</ROI_SIZE>
		<MAX_VALUE>[784.0, 1095.0, 1058.5, 857.0, 653.0, 556.0]</MAX_VALUE>
		<MIN_VALUE>[475.0, 631.0, 508.0, 330.0, 34.0, -18.0]</MIN_VALUE>
		<SIGNATURE_THRESHOLD_MD>0</SIGNATURE_THRESHOLD_MD>
		<SIGNATURE_THRESHOLD_ML>0</SIGNATURE_THRESHOLD_ML>
		<SIGNATURE_THRESHOLD_SAM>0</SIGNATURE_THRESHOLD_SAM>
	</signature>
	<signature ID="20190911_182650688680_414">
		<MACROCLASSID>1</MACROCLASSID>
		<MACROCLASSINFO>Waterbody</MACROCLASSINFO>
		<CLASSID>16</CLASSID>
		<CLASSINFO>C 1</CLASSINFO>
		<VALUES>[529.5954323001628, 63.33211055299657, 737.9951060358887, 81.87887430598427, 709.5962479608482, 98.25061856249266, 680.5081566068511, 120.82017807892356, 244.08564437194127, 86.88652341141749, 141.86704730831974, 67.97959839758023]</VALUES>
		<LCS_MIN>[391.0, 547.5, 482.0, 473.0, 83.0, 16.0]</LCS_MIN>
		<LCS_MAX>[754.5, 977.0, 996.0, 1092.0, 655.0, 520.0]</LCS_MAX>
		<WAVELENGTH>[0.485, 0.56, 0.66, 0.83, 1.65, 2.215]</WAVELENGTH>
		<MEAN_VALUE>[529.5954323001628, 737.9951060358887, 709.5962479608482, 680.5081566068511, 244.08564437194127, 141.86704730831974]</MEAN_VALUE>
		<CHECKBOX>2</CHECKBOX>
		<SD>[63.33211055299657, 81.87887430598427, 98.25061856249266, 120.82017807892356, 86.88652341141749, 67.97959839758023]</SD>
		<WAVELENGTH_UNIT>E-6m</WAVELENGTH_UNIT>
		<COLOR>#af952f</COLOR>
		<COVARIANCE_MATRIX>[[3833.0980168173946, 4383.429678635819, 4583.443897670905, 1273.4606567603885, 1024.4581169370285, 1085.9622403649882], [4383.429678635819, 7564.1839914563225, 7977.371260024472, 1241.1733967109433, 713.557412764848, 794.8368691081195], [4583.443897670905, 7977.371260024472, 10235.506323567251, 1636.5519272924155, 720.6455668754909, 736.5836593520806], [1273.4606567603885, 1241.1733967109433, 1636.5519272924155, 15678.568539386266, 8996.410815445275, 5031.943009759108], [1024.4581169370285, 713.557412764848, 720.6455668754909, 8996.410815445275, 9010.50505356463, 5663.161394417527], [1085.9622403649882, 794.8368691081195, 736.5836593520806, 5031.943009759108, 5663.161394417527, 5492.040603907538]]</COVARIANCE_MATRIX>
		<ROI_SIZE>10052</ROI_SIZE>
		<MAX_VALUE>[754.5, 977.0, 996.0, 1092.0, 655.0, 520.0]</MAX_VALUE>
		<MIN_VALUE>[391.0, 547.5, 482.0, 473.0, 83.0, 16.0]</MIN_VALUE>
		<SIGNATURE_THRESHOLD_MD>0</SIGNATURE_THRESHOLD_MD>
		<SIGNATURE_THRESHOLD_ML>0</SIGNATURE_THRESHOLD_ML>
		<SIGNATURE_THRESHOLD_SAM>0</SIGNATURE_THRESHOLD_SAM>
	</signature>
	<signature ID="20190911_182701131609_911">
		<MACROCLASSID>1</MACROCLASSID>
		<MACROCLASSINFO>Waterbody</MACROCLASSINFO>
		<CLASSID>17</CLASSID>
		<CLASSINFO>C 1</CLASSINFO>
		<VALUES>[387.74856674856676, 27.561884950793825, 513.7993447993447, 49.86518959221797, 413.63308763308777, 41.53024635384425, 532.6183456183461, 95.89342017900212, 212.17035217035212, 98.31581167933221, 122.75429975429967, 72.93369415279453]</VALUES>
		<LCS_MIN>[293.0, 412.0, 340.0, 375.0, 64.0, -15.0]</LCS_MIN>
		<LCS_MAX>[502.0, 696.0, 668.0, 1013.0, 733.0, 592.0]</LCS_MAX>
		<WAVELENGTH>[0.485, 0.56, 0.66, 0.83, 1.65, 2.215]</WAVELENGTH>
		<MEAN_VALUE>[387.74856674856676, 513.7993447993447, 413.63308763308777, 532.6183456183461, 212.17035217035212, 122.75429975429967]</MEAN_VALUE>
		<CHECKBOX>2</CHECKBOX>
		<SD>[27.561884950793825, 49.86518959221797, 41.53024635384425, 95.89342017900212, 98.31581167933221, 72.93369415279453]</SD>
		<WAVELENGTH_UNIT>E-6m</WAVELENGTH_UNIT>
		<COLOR>#071e1c</COLOR>
		<COVARIANCE_MATRIX>[[820.217808414444, 626.1501581930357, 509.59326912648305, 834.7342972107825, 760.5410538042249, 539.263458803187], [626.1501581930357, 2492.9770931526127, 1236.5027157762306, 2768.6281966303795, 2170.839787330303, 1373.164774237931], [509.59326912648305, 1236.5027157762306, 1547.5636059955311, 2832.412909698272, 2634.7494132448323, 1742.3302629010213], [834.7342972107825, 2768.6281966303795, 2832.412909698272, 11298.37672687608, 8791.621334058447, 5426.7382879825955], [760.5410538042249, 2170.839787330303, 2634.7494132448323, 8791.621334058447, 9884.680422178631, 5996.947669867713], [539.263458803187, 1373.164774237931, 1742.3302629010213, 5426.7382879825955, 5996.947669867713, 4993.530333088533]]</COVARIANCE_MATRIX>
		<ROI_SIZE>2540</ROI_SIZE>
		<MAX_VALUE>[502.0, 696.0, 668.0, 1013.0, 733.0, 592.0]</MAX_VALUE>
		<MIN_VALUE>[293.0, 412.0, 340.0, 375.0, 64.0, -15.0]</MIN_VALUE>
		<SIGNATURE_THRESHOLD_MD>0</SIGNATURE_THRESHOLD_MD>
		<SIGNATURE_THRESHOLD_ML>0</SIGNATURE_THRESHOLD_ML>
		<SIGNATURE_THRESHOLD_SAM>0</SIGNATURE_THRESHOLD_SAM>
	</signature>
	<signature ID="20190911_182818513070_601">
		<MACROCLASSID>2</MACROCLASSID>
		<MACROCLASSINFO>Vegetation</MACROCLASSINFO>
		<CLASSID>18</CLASSID>
		<CLASSINFO>C 1</CLASSINFO>
		<VALUES>[472.07698001480395, 58.149237504991305, 702.5436713545522, 76.73708164264788, 609.488156920801, 108.38164044511512, 2262.0244263508544, 220.47011743636787, 1361.4122871946713, 167.97265770069578, 686.8219837157657, 167.92696653493462]</VALUES>
		<LCS_MIN>[326.0, 517.0, 391.0, 1650.0, 1029.0, 401.0]</LCS_MIN>
		<LCS_MAX>[753.0, 1053.0, 1155.0, 2608.0, 1999.0, 1400.0]</LCS_MAX>
		<WAVELENGTH>[0.485, 0.56, 0.66, 0.83, 1.65, 2.215]</WAVELENGTH>
		<MEAN_VALUE>[472.07698001480395, 702.5436713545522, 609.488156920801, 2262.0244263508544, 1361.4122871946713, 686.8219837157657]</MEAN_VALUE>
		<CHECKBOX>2</CHECKBOX>
		<SD>[58.149237504991305, 76.73708164264788, 108.38164044511512, 220.47011743636787, 167.97265770069578, 167.92696653493462]</SD>
		<WAVELENGTH_UNIT>E-6m</WAVELENGTH_UNIT>
		<COLOR>#ef127e</COLOR>
		<COVARIANCE_MATRIX>[[3128.2268982679425, 3503.561501033784, 5024.036818801046, -5068.055489252503, 3299.0879438420825, 5518.627512114921], [3503.561501033784, 5645.31330402385, 7157.599606102225, -5695.382565503409, 5371.065248431176, 7783.715665382635], [5024.036818801046, 7157.599606102225, 10981.100051187714, -11256.90691744946, 7323.65150374046, 11604.80737888599], [-5068.055489252503, -5695.382565503409, -11256.90691744946, 51552.517515461994, 11617.630315207865, -3692.373145832896], [3299.0879438420825, 5371.065248431176, 7323.65150374046, 11617.630315207865, 29798.328685824858, 23137.584147476966], [5518.627512114921, 7783.715665382635, 11604.80737888599, -3692.373145832896, 23137.584147476966, 25835.66654056871]]</COVARIANCE_MATRIX>
		<ROI_SIZE>6843</ROI_SIZE>
		<MAX_VALUE>[753.0, 1053.0, 1155.0, 2608.0, 1999.0, 1400.0]</MAX_VALUE>
		<MIN_VALUE>[326.0, 517.0, 391.0, 1650.0, 1029.0, 401.0]</MIN_VALUE>
		<SIGNATURE_THRESHOLD_MD>0</SIGNATURE_THRESHOLD_MD>
		<SIGNATURE_THRESHOLD_ML>0</SIGNATURE_THRESHOLD_ML>
		<SIGNATURE_THRESHOLD_SAM>0</SIGNATURE_THRESHOLD_SAM>
	</signature>
	<signature ID="20190911_182858601489_856">
		<MACROCLASSID>2</MACROCLASSID>
		<MACROCLASSINFO>Vegetation</MACROCLASSINFO>
		<CLASSID>21</CLASSID>
		<CLASSINFO>C 1</CLASSINFO>
		<VALUES>[455.21981566820284, 42.04426100952408, 673.4691244239627, 61.481136559839165, 573.2682027649769, 87.58021972770639, 2552.5451612903194, 230.13352973620584, 1496.3087557603703, 224.06552811862565, 709.6055299539165, 165.01052380018453]</VALUES>
		<LCS_MIN>[347.0, 525.0, 391.0, 2243.0, 1082.0, 363.0]</LCS_MIN>
		<LCS_MAX>[638.0, 968.0, 955.0, 3209.0, 2053.0, 1208.0]</LCS_MAX>
		<WAVELENGTH>[0.485, 0.56, 0.66, 0.83, 1.65, 2.215]</WAVELENGTH>
		<MEAN_VALUE>[455.21981566820284, 673.4691244239627, 573.2682027649769, 2552.5451612903194, 1496.3087557603703, 709.6055299539165]</MEAN_VALUE>
		<CHECKBOX>2</CHECKBOX>
		<SD>[42.04426100952408, 61.481136559839165, 87.58021972770639, 230.13352973620584, 224.06552811862565, 165.01052380018453]</SD>
		<WAVELENGTH_UNIT>E-6m</WAVELENGTH_UNIT>
		<COLOR>#09aa37</COLOR>
		<COVARIANCE_MATRIX>[[1768.3200972171508, 1904.1354692231248, 2751.1598961529844, -1719.270807516868, 4260.046078360088, 3928.784094138852], [1904.1354692231248, 3860.797799166733, 4517.819864103432, -1332.9201527526839, 7989.89871311845, 6569.4681890074025], [2751.1598961529844, 4517.819864103432, 7584.232022137073, -5657.475216324058, 11573.11168213765, 10499.332764713068], [-1719.270807516868, -1332.9201527526839, -5657.475216324058, 47282.588039715585, 7047.153006254847, -2697.0691793954043], [4260.046078360088, 7989.89871311845, 11573.11168213765, 7047.153006254847, 47385.42480762579, 32333.00214733047], [3928.784094138852, 6569.4681890074025, 10499.332764713068, -2697.0691793954043, 32333.00214733047, 26472.553318775783]]</COVARIANCE_MATRIX>
		<ROI_SIZE>6190</ROI_SIZE>
		<MAX_VALUE>[638.0, 968.0, 955.0, 3209.0, 2053.0, 1208.0]</MAX_VALUE>
		<MIN_VALUE>[347.0, 525.0, 391.0, 2243.0, 1082.0, 363.0]</MIN_VALUE>
		<SIGNATURE_THRESHOLD_MD>0</SIGNATURE_THRESHOLD_MD>
		<SIGNATURE_THRESHOLD_ML>0</SIGNATURE_THRESHOLD_ML>
		<SIGNATURE_THRESHOLD_SAM>0</SIGNATURE_THRESHOLD_SAM>
	</signature>
	<signature ID="20190911_182922552081_406">
		<MACROCLASSID>2</MACROCLASSID>
		<MACROCLASSINFO>Vegetation</MACROCLASSINFO>
		<CLASSID>22</CLASSID>
		<CLASSINFO>C 1</CLASSINFO>
		<VALUES>[420.48960780769846, 61.79916027305923, 628.074462317006, 80.29356867137446, 599.9690945237655, 119.94170802027129, 2234.4489427074045, 201.2286240145153, 1571.9380083137582, 208.14169469575458, 843.5846737755279, 188.4035249953593]</VALUES>
		<LCS_MIN>[-75.0, 106.0, 354.0, 1843.0, 1080.0, 401.0]</LCS_MIN>
		<LCS_MAX>[669.0, 1017.0, 1025.0, 2807.0, 2054.0, 1247.0]</LCS_MAX>
		<WAVELENGTH>[0.485, 0.56, 0.66, 0.83, 1.65, 2.215]</WAVELENGTH>
		<MEAN_VALUE>[420.48960780769846, 628.074462317006, 599.9690945237655, 2234.4489427074045, 1571.9380083137582, 843.5846737755279]</MEAN_VALUE>
		<CHECKBOX>2</CHECKBOX>
		<SD>[61.79916027305923, 80.29356867137446, 119.94170802027129, 201.2286240145153, 208.14169469575458, 188.4035249953593]</SD>
		<WAVELENGTH_UNIT>E-6m</WAVELENGTH_UNIT>
		<COLOR>#21762d</COLOR>
		<COVARIANCE_MATRIX>[[4039.878299876858, 4345.1536704922755, 6411.297000541893, -2620.936461152553, 7321.907627972834, 8072.661265403797], [4345.1536704922755, 6731.889639904346, 9100.5368955008, -2931.220106296088, 10813.304037240085, 11558.126042390692], [6411.297000541893, 9100.5368955008, 15224.246917817196, -8469.854809372777, 18802.80294608966, 20150.98214651576], [-2620.936461152553, -2931.220106296088, -8469.854809372777, 42321.03074241598, -6128.531061885611, -14483.421672675488], [7321.907627972834, 10813.304037240085, 18802.80294608966, -6128.531061885611, 42523.29034817319, 35211.84262818497], [8072.661265403797, 11558.126042390692, 20150.98214651576, -14483.421672675488, 35211.84262818497, 36097.29578221816]]</COVARIANCE_MATRIX>
		<ROI_SIZE>35380</ROI_SIZE>
		<MAX_VALUE>[669.0, 1017.0, 1025.0, 2807.0, 2054.0, 1247.0]</MAX_VALUE>
		<MIN_VALUE>[-75.0, 106.0, 354.0, 1843.0, 1080.0, 401.0]</MIN_VALUE>
		<SIGNATURE_THRESHOLD_MD>0</SIGNATURE_THRESHOLD_MD>
		<SIGNATURE_THRESHOLD_ML>0</SIGNATURE_THRESHOLD_ML>
		<SIGNATURE_THRESHOLD_SAM>0</SIGNATURE_THRESHOLD_SAM>
	</signature>
	<signature ID="20190911_182950161954_875">
		<MACROCLASSID>3</MACROCLASSID>
		<MACROCLASSINFO>Barren</MACROCLASSINFO>
		<CLASSID>23</CLASSID>
		<CLASSINFO>C 1</CLASSINFO>
		<VALUES>[814.199134199134, 57.501923168547705, 1200.025974025974, 86.07989453466416, 1497.9090909090896, 107.6068499668104, 2618.926406926406, 92.91772995919301, 3779.2077922077924, 148.36091517445786, 2792.1298701298683, 172.6603414897575]</VALUES>
		<LCS_MIN>[692.0, 1019.0, 1286.0, 2389.0, 3481.0, 2492.0]</LCS_MIN>
		<LCS_MAX>[970.0, 1419.0, 1834.0, 2859.0, 4171.0, 3334.0]</LCS_MAX>
		<WAVELENGTH>[0.485, 0.56, 0.66, 0.83, 1.65, 2.215]</WAVELENGTH>
		<MEAN_VALUE>[814.199134199134, 1200.025974025974, 1497.9090909090896, 2618.926406926406, 3779.2077922077924, 2792.1298701298683]</MEAN_VALUE>
		<CHECKBOX>2</CHECKBOX>
		<SD>[57.501923168547705, 86.07989453466416, 107.6068499668104, 92.91772995919301, 148.36091517445786, 172.6603414897575]</SD>
		<WAVELENGTH_UNIT>E-6m</WAVELENGTH_UNIT>
		<COLOR>#f31ce5</COLOR>
		<COVARIANCE_MATRIX>[[3320.847129681911, 4134.642631281761, 5204.996442687746, 3897.319066440806, 4693.914963297572, 6977.234895539245], [4134.642631281761, 7441.964539808017, 8678.863241106721, 6485.467137210616, 7759.651101072841, 11477.41400338792], [5204.996442687746, 8678.863241106721, 11629.578656126481, 7990.88023715415, 10901.401581027663, 15311.846640316207], [3897.319066440806, 6485.467137210616, 7990.88023715415, 8671.24238659891, 5910.158836815359, 9108.879164313947], [4693.914963297572, 7759.651101072841, 10901.401581027663, 5910.158836815359, 22106.66098249577, 21114.507679277245], [6977.234895539245, 11477.41400338792, 15311.846640316207, 9108.879164313947, 21114.507679277245, 29941.209147374397]]</COVARIANCE_MATRIX>
		<ROI_SIZE>231</ROI_SIZE>
		<MAX_VALUE>[970.0, 1419.0, 1834.0, 2859.0, 4171.0, 3334.0]</MAX_VALUE>
		<MIN_VALUE>[692.0, 1019.0, 1286.0, 2389.0, 3481.0, 2492.0]</MIN_VALUE>
		<SIGNATURE_THRESHOLD_MD>0</SIGNATURE_THRESHOLD_MD>
		<SIGNATURE_THRESHOLD_ML>0</SIGNATURE_THRESHOLD_ML>
		<SIGNATURE_THRESHOLD_SAM>0</SIGNATURE_THRESHOLD_SAM>
	</signature>
	<signature ID="20190911_183001000967_603">
		<MACROCLASSID>3</MACROCLASSID>
		<MACROCLASSINFO>Barren</MACROCLASSINFO>
		<CLASSID>24</CLASSID>
		<CLASSINFO>C 1</CLASSINFO>
		<VALUES>[723.8134328358209, 59.518988304680136, 1087.8283582089537, 90.74974002836056, 1349.298507462686, 131.24407761198273, 2671.8358208955224, 138.88461301306518, 3603.5111940298507, 252.57427580825956, 2602.5858208955233, 276.63189498201615]</VALUES>
		<LCS_MIN>[597.0, 932.0, 1121.0, 2320.0, 3168.0, 2235.0]</LCS_MIN>
		<LCS_MAX>[898.0, 1336.0, 1707.0, 3031.0, 4130.0, 3227.0]</LCS_MAX>
		<WAVELENGTH>[0.485, 0.56, 0.66, 0.83, 1.65, 2.215]</WAVELENGTH>
		<MEAN_VALUE>[723.8134328358209, 1087.8283582089537, 1349.298507462686, 2671.8358208955224, 3603.5111940298507, 2602.5858208955233]</MEAN_VALUE>
		<CHECKBOX>2</CHECKBOX>
		<SD>[59.518988304680136, 90.74974002836056, 131.24407761198273, 138.88461301306518, 252.57427580825956, 276.63189498201615]</SD>
		<WAVELENGTH_UNIT>E-6m</WAVELENGTH_UNIT>
		<COLOR>#6111da</COLOR>
		<COVARIANCE_MATRIX>[[3555.7777964112015, 4790.9790932975575, 6535.7750013975065, 5288.53105260216, 9316.56389401308, 12285.89247582313], [4790.9790932975575, 8266.359941863717, 10926.894124881215, 8958.634635809718, 15199.376460394658, 20587.235759405216], [6535.7750013975065, 10926.894124881215, 17289.521046453123, 9963.772038682988, 26996.374923137133, 33146.768293364636], [5288.53105260216, 8958.634635809718, 9963.772038682988, 19361.178936776792, 11743.926938341998, 18756.12275700151], [9316.56389401308, 15199.376460394658, 26996.374923137133, 11743.926938341998, 64032.69275811951, 64313.613267930035], [12285.89247582313, 20587.235759405216, 33146.768293364636, 18756.12275700151, 64313.613267930035, 76811.8165772262]]</COVARIANCE_MATRIX>
		<ROI_SIZE>268</ROI_SIZE>
		<MAX_VALUE>[898.0, 1336.0, 1707.0, 3031.0, 4130.0, 3227.0]</MAX_VALUE>
		<MIN_VALUE>[597.0, 932.0, 1121.0, 2320.0, 3168.0, 2235.0]</MIN_VALUE>
		<SIGNATURE_THRESHOLD_MD>0</SIGNATURE_THRESHOLD_MD>
		<SIGNATURE_THRESHOLD_ML>0</SIGNATURE_THRESHOLD_ML>
		<SIGNATURE_THRESHOLD_SAM>0</SIGNATURE_THRESHOLD_SAM>
	</signature>
	<signature ID="20190911_183023256231_756">
		<MACROCLASSID>3</MACROCLASSID>
		<MACROCLASSINFO>Barren</MACROCLASSINFO>
		<CLASSID>25</CLASSID>
		<CLASSINFO>C 1</CLASSINFO>
		<VALUES>[672.9498806682578, 73.59310417482062, 993.7291169451071, 98.57518065166799, 1167.5310262529822, 138.24136951364773, 2354.916467780429, 141.83099523209256, 2865.4546539379494, 253.89480602421472, 2048.782816229118, 226.4841490619533]</VALUES>
		<LCS_MIN>[528.0, 765.0, 827.0, 1810.0, 2397.0, 1629.0]</LCS_MIN>
		<LCS_MAX>[1060.0, 1379.0, 1647.0, 2767.0, 3385.0, 2628.0]</LCS_MAX>
		<WAVELENGTH>[0.485, 0.56, 0.66, 0.83, 1.65, 2.215]</WAVELENGTH>
		<MEAN_VALUE>[672.9498806682578, 993.7291169451071, 1167.5310262529822, 2354.916467780429, 2865.4546539379494, 2048.782816229118]</MEAN_VALUE>
		<CHECKBOX>2</CHECKBOX>
		<SD>[73.59310417482062, 98.57518065166799, 138.24136951364773, 141.83099523209256, 253.89480602421472, 226.4841490619533]</SD>
		<WAVELENGTH_UNIT>E-6m</WAVELENGTH_UNIT>
		<COLOR>#7c2e3a</COLOR>
		<COVARIANCE_MATRIX>[[5554.898875953601, 6697.162648190127, 8426.771182489978, 1683.872333004616, 5843.303842163906, 10899.081963601897], [6697.162648190127, 10301.786146010769, 12923.153613982058, 3734.2439219101525, 10028.475118573448, 16673.185991470393], [8426.771182489978, 12923.153613982058, 19915.194158203238, 3669.7498772642066, 20482.3042626674, 27187.34362905188], [1683.872333004616, 3734.2439219101525, 3669.7498772642066, 25630.462161942938, 10978.212160021858, 5907.727407435867], [5843.303842163906, 10028.475118573448, 20482.3042626674, 10978.212160021858, 69838.75105595471, 51785.92499626455], [10899.081963601897, 16673.185991470393, 27187.34362905188, 5907.727407435867, 51785.92499626455, 58242.47824438723]]</COVARIANCE_MATRIX>
		<ROI_SIZE>1527</ROI_SIZE>
		<MAX_VALUE>[1060.0, 1379.0, 1647.0, 2767.0, 3385.0, 2628.0]</MAX_VALUE>
		<MIN_VALUE>[528.0, 765.0, 827.0, 1810.0, 2397.0, 1629.0]</MIN_VALUE>
		<SIGNATURE_THRESHOLD_MD>0</SIGNATURE_THRESHOLD_MD>
		<SIGNATURE_THRESHOLD_ML>0</SIGNATURE_THRESHOLD_ML>
		<SIGNATURE_THRESHOLD_SAM>0</SIGNATURE_THRESHOLD_SAM>
	</signature>
	<signature ID="20190911_183041925571_716">
		<MACROCLASSID>4</MACROCLASSID>
		<MACROCLASSINFO>Builtup</MACROCLASSINFO>
		<CLASSID>26</CLASSID>
		<CLASSINFO>C 1</CLASSINFO>
		<VALUES>[789.8022612460909, 113.61997847631994, 1073.6076497474176, 140.96672746702842, 1149.4532114505628, 162.0056947041711, 1868.8898243925912, 205.82419936421286, 1963.0048111619012, 218.29453099460588, 1573.1972576377248, 199.23903600585882]</VALUES>
		<LCS_MIN>[480.0, 696.0, 760.0, 1330.0, 1457.0, 1243.0]</LCS_MIN>
		<LCS_MAX>[1227.0, 1660.0, 1745.0, 2296.0, 2442.0, 2243.0]</LCS_MAX>
		<WAVELENGTH>[0.485, 0.56, 0.66, 0.83, 1.65, 2.215]</WAVELENGTH>
		<MEAN_VALUE>[789.8022612460909, 1073.6076497474176, 1149.4532114505628, 1868.8898243925912, 1963.0048111619012, 1573.1972576377248]</MEAN_VALUE>
		<CHECKBOX>2</CHECKBOX>
		<SD>[113.61997847631994, 140.96672746702842, 162.0056947041711, 205.82419936421286, 218.29453099460588, 199.23903600585882]</SD>
		<WAVELENGTH_UNIT>E-6m</WAVELENGTH_UNIT>
		<COLOR>#d08151</COLOR>
		<COVARIANCE_MATRIX>[[12493.273026058512, 14020.677920939597, 14887.51890770021, -3085.1479754319494, 57.23421026942815, 11560.806147684758], [14020.677920939597, 18897.687947087652, 20134.49495629363, -624.1857082666335, 2661.8359756953873, 15232.215736193952], [14887.51890770021, 20134.49495629363, 25142.49077450503, -2090.091484213304, 5409.173366000025, 19334.811954281635], [-3085.1479754319494, -624.1857082666335, -2090.091484213304, 41273.64258876938, 21471.246825895876, -259.30257763630124], [57.23421026942815, 2661.8359756953873, 5409.173366000025, 21471.246825895876, 45049.07412967686, 26837.42322487382], [11560.806147684758, 15232.215736193952, 19334.811954281635, -259.30257763630124, 26837.42322487382, 38777.1737508573]]</COVARIANCE_MATRIX>
		<ROI_SIZE>52266</ROI_SIZE>
		<MAX_VALUE>[1227.0, 1660.0, 1745.0, 2296.0, 2442.0, 2243.0]</MAX_VALUE>
		<MIN_VALUE>[480.0, 696.0, 760.0, 1330.0, 1457.0, 1243.0]</MIN_VALUE>
		<SIGNATURE_THRESHOLD_MD>0</SIGNATURE_THRESHOLD_MD>
		<SIGNATURE_THRESHOLD_ML>0</SIGNATURE_THRESHOLD_ML>
		<SIGNATURE_THRESHOLD_SAM>0</SIGNATURE_THRESHOLD_SAM>
	</signature>
	<signature ID="20190911_183101322041_647">
		<MACROCLASSID>4</MACROCLASSID>
		<MACROCLASSINFO>Builtup</MACROCLASSINFO>
		<CLASSID>27</CLASSID>
		<CLASSINFO>C 1</CLASSINFO>
		<VALUES>[897.8970331588149, 106.26305102941159, 1153.905613728912, 122.37577186262301, 1226.1776226488205, 142.7147214534552, 1754.9981578437, 225.99881678793608, 1883.3933488462246, 190.52597843031413, 1634.1932324995125, 205.3613237854819]</VALUES>
		<LCS_MIN>[523.0, 695.0, 758.0, 1335.0, 1336.0, 1192.0]</LCS_MIN>
		<LCS_MAX>[1330.5, 1565.5, 1687.5, 2332.0, 2329.5, 2189.5]</LCS_MAX>
		<WAVELENGTH>[0.485, 0.56, 0.66, 0.83, 1.65, 2.215]</WAVELENGTH>
		<MEAN_VALUE>[897.8970331588149, 1153.905613728912, 1226.1776226488205, 1754.9981578437, 1883.3933488462246, 1634.1932324995125]</MEAN_VALUE>
		<CHECKBOX>2</CHECKBOX>
		<SD>[106.26305102941159, 122.37577186262301, 142.7147214534552, 225.99881678793608, 190.52597843031413, 205.3613237854819]</SD>
		<WAVELENGTH_UNIT>E-6m</WAVELENGTH_UNIT>
		<COLOR>#4df38a</COLOR>
		<COVARIANCE_MATRIX>[[11999.20923266645, 12292.070564384245, 13326.46159337208, -4655.376904508537, 5249.450414537786, 13345.038091876333], [12292.070564384245, 15608.79920765617, 16716.85060247286, -427.4275466151233, 9698.445053790385, 17004.805655021908], [13326.46159337208, 16716.85060247286, 20890.544982520445, -1490.5511106216406, 12313.208239069487, 21096.74629777992], [-4655.376904508537, -427.4275466151233, -1490.5511106216406, 51350.15189895422, 23903.560535776527, 1028.3647841448449], [5249.450414537786, 9698.445053790385, 12313.208239069487, 23903.560535776527, 37181.62425453505, 30144.58173997346], [13345.038091876333, 17004.805655021908, 21096.74629777992, 1028.3647841448449, 30144.58173997346, 43011.28988064486]]</COVARIANCE_MATRIX>
		<ROI_SIZE>118271</ROI_SIZE>
		<MAX_VALUE>[1330.5, 1565.5, 1687.5, 2332.0, 2329.5, 2189.5]</MAX_VALUE>
		<MIN_VALUE>[523.0, 695.0, 758.0, 1335.0, 1336.0, 1192.0]</MIN_VALUE>
		<SIGNATURE_THRESHOLD_MD>0</SIGNATURE_THRESHOLD_MD>
		<SIGNATURE_THRESHOLD_ML>0</SIGNATURE_THRESHOLD_ML>
		<SIGNATURE_THRESHOLD_SAM>0</SIGNATURE_THRESHOLD_SAM>
	</signature>
	<signature ID="20190911_183119176355_436">
		<MACROCLASSID>3</MACROCLASSID>
		<MACROCLASSINFO>Barren</MACROCLASSINFO>
		<CLASSID>28</CLASSID>
		<CLASSINFO>C 1</CLASSINFO>
		<VALUES>[741.5450391644906, 91.50531769955296, 1020.173629242819, 99.36292601863762, 1228.987271540469, 114.20415964184787, 2229.6723237597917, 113.69004748530601, 3092.5319843342045, 178.64345485896627, 2127.999347258485, 177.2495438156722]</VALUES>
		<LCS_MIN>[536.0, 765.5, 892.5, 1802.0, 2702.0, 1660.0]</LCS_MIN>
		<LCS_MAX>[1197.0, 1423.0, 1653.0, 2627.0, 3564.5, 2628.5]</LCS_MAX>
		<WAVELENGTH>[0.485, 0.56, 0.66, 0.83, 1.65, 2.215]</WAVELENGTH>
		<MEAN_VALUE>[741.5450391644906, 1020.173629242819, 1228.987271540469, 2229.6723237597917, 3092.5319843342045, 2127.999347258485]</MEAN_VALUE>
		<CHECKBOX>2</CHECKBOX>
		<SD>[91.50531769955296, 99.36292601863762, 114.20415964184787, 113.69004748530601, 178.64345485896627, 177.2495438156722]</SD>
		<WAVELENGTH_UNIT>E-6m</WAVELENGTH_UNIT>
		<COLOR>#617fb7</COLOR>
		<COVARIANCE_MATRIX>[[8378.69228758828, 8223.145179348297, 8470.3185031115, 4450.382664703185, 3396.303914487878, 8353.42034293871], [8223.145179348297, 9879.439787473162, 10159.881538713415, 5475.231980326516, 3874.4332084696935, 10025.503215956396], [8470.3185031115, 10159.881538713415, 13051.109080205773, 6050.810653372513, 9256.28192272666, 14532.64009619304], [4450.382664703185, 5475.231980326516, 6050.810653372513, 12933.86937069067, 4518.178188201026, 3623.614580224533], [3396.303914487878, 3874.4332084696935, 9256.28192272666, 4518.178188201026, 31934.328826105568, 23893.701359885257], [8353.42034293871, 10025.503215956396, 14532.64009619304, 3623.614580224533, 23893.701359885257, 31437.921619429955]]</COVARIANCE_MATRIX>
		<ROI_SIZE>1532</ROI_SIZE>
		<MAX_VALUE>[1197.0, 1423.0, 1653.0, 2627.0, 3564.5, 2628.5]</MAX_VALUE>
		<MIN_VALUE>[536.0, 765.5, 892.5, 1802.0, 2702.0, 1660.0]</MIN_VALUE>
		<SIGNATURE_THRESHOLD_MD>0</SIGNATURE_THRESHOLD_MD>
		<SIGNATURE_THRESHOLD_ML>0</SIGNATURE_THRESHOLD_ML>
		<SIGNATURE_THRESHOLD_SAM>0</SIGNATURE_THRESHOLD_SAM>
	</signature>
	<signature ID="20190911_183252134434_184">
		<MACROCLASSID>4</MACROCLASSID>
		<MACROCLASSINFO>Builtup</MACROCLASSINFO>
		<CLASSID>29</CLASSID>
		<CLASSINFO>C 1</CLASSINFO>
		<VALUES>[930.4649725274722, 106.63761620862766, 1221.4622252747265, 136.26241228468527, 1310.811813186813, 153.30001925767857, 2039.6820054945044, 178.07910439872072, 2300.994505494512, 255.79156923731355, 1882.2678571428573, 195.48510653992196]</VALUES>
		<LCS_MIN>[712.0, 921.0, 1050.0, 1697.0, 1899.0, 1565.0]</LCS_MIN>
		<LCS_MAX>[1412.0, 1916.0, 1920.0, 2666.0, 2880.0, 2538.0]</LCS_MAX>
		<WAVELENGTH>[0.485, 0.56, 0.66, 0.83, 1.65, 2.215]</WAVELENGTH>
		<MEAN_VALUE>[930.4649725274722, 1221.4622252747265, 1310.811813186813, 2039.6820054945044, 2300.994505494512, 1882.2678571428573]</MEAN_VALUE>
		<CHECKBOX>2</CHECKBOX>
		<SD>[106.63761620862766, 136.26241228468527, 153.30001925767857, 178.07910439872072, 255.79156923731355, 195.48510653992196]</SD>
		<WAVELENGTH_UNIT>E-6m</WAVELENGTH_UNIT>
		<COLOR>#909370</COLOR>
		<COVARIANCE_MATRIX>[[12558.526685175038, 13841.576427942067, 13591.179407575812, -1629.434438362726, -1075.7210740796054, 11328.213332853813], [13841.576427942067, 18881.28150651141, 18952.10424131452, 130.30510350952764, 1670.9021391473907, 15268.660378981142], [13591.179407575812, 18952.10424131452, 23024.3562659378, 980.427481696859, 6797.617668065348, 19129.95074970362], [-1629.434438362726, 130.30510350952764, 980.427481696859, 32532.026447266133, 25316.214428266776, 3997.865279815947], [-1075.7210740796054, 1670.9021391473907, 6797.617668065348, 25316.214428266776, 55775.869261799606, 30085.880463193957], [11328.213332853813, 15268.660378981142, 19129.95074970362, 3997.865279815947, 30085.880463193957, 41587.44902460998]]</COVARIANCE_MATRIX>
		<ROI_SIZE>6189</ROI_SIZE>
		<MAX_VALUE>[1412.0, 1916.0, 1920.0, 2666.0, 2880.0, 2538.0]</MAX_VALUE>
		<MIN_VALUE>[712.0, 921.0, 1050.0, 1697.0, 1899.0, 1565.0]</MIN_VALUE>
		<SIGNATURE_THRESHOLD_MD>0</SIGNATURE_THRESHOLD_MD>
		<SIGNATURE_THRESHOLD_ML>0</SIGNATURE_THRESHOLD_ML>
		<SIGNATURE_THRESHOLD_SAM>0</SIGNATURE_THRESHOLD_SAM>
	</signature>
</signaturelist>
