<?xml version="1.0" ?>
<signaturelist MCID_LIST="[['1', 'waterbody', '#0000ff'], ['2', 'vegetation', '#00ff00'], ['3', 'bareland', '#ffaa00'], ['4', 'built-up', '#ff0000']]">
	<signature ID="20200828_133447706750_498">
		<MACROCLASSID>1</MACROCLASSID>
		<MACROCLASSINFO>waterbody</MACROCLASSINFO>
		<CLASSID>1</CLASSID>
		<CLASSINFO>C 1</CLASSINFO>
		<VALUES>[0.12149830497907955, 0.004245361183491521, 0.10465216113410836, 0.006349128510350742, 0.08019307224286139, 0.005321583871798558, 0.07315109463813826, 0.00796729726586619, 0.02989621670874021, 0.004794491927816352, 0.019602677264545867, 0.003908152909431496]</VALUES>
		<LCS_MIN>[0.10639097541570663, 0.07944032549858093, 0.061186447739601135, 0.05441436916589737, 0.019211670383810997, 0.008382095955312252]</LCS_MIN>
		<LCS_MAX>[0.15349675714969635, 0.13972105085849762, 0.11467266827821732, 0.12127770483493805, 0.08163172006607056, 0.06402119994163513]</LCS_MAX>
		<WAVELENGTH>[0.485, 0.56, 0.66, 0.83, 1.65, 2.215]</WAVELENGTH>
		<MEAN_VALUE>[0.12149830497907955, 0.10465216113410836, 0.08019307224286139, 0.07315109463813826, 0.02989621670874021, 0.019602677264545867]</MEAN_VALUE>
		<CHECKBOX>2</CHECKBOX>
		<SD>[0.004245361183491521, 0.006349128510350742, 0.005321583871798558, 0.00796729726586619, 0.004794491927816352, 0.003908152909431496]</SD>
		<WAVELENGTH_UNIT>E-6m</WAVELENGTH_UNIT>
		<COLOR>#583a3b</COLOR>
		<COVARIANCE_MATRIX>[[1.7341967416873554e-05, 2.163527297315671e-05, 1.879651227757584e-05, 6.915664448616606e-06, 9.94253338068077e-06, 1.0031388447327838e-05], [2.163527297315671e-05, 3.562497201586629e-05, 2.7283033737339856e-05, 7.329895918775835e-06, 1.1742565426339608e-05, 1.2576488666831761e-05], [1.879651227757584e-05, 2.7283033737339856e-05, 2.7242263522257334e-05, 9.68243502342983e-06, 1.2707491216751042e-05, 1.2442856846603636e-05], [6.915664448616606e-06, 7.329895918775835e-06, 9.68243502342983e-06, 5.3690967802463837e-05, 2.772148919177067e-05, 1.4993168847912577e-05], [9.94253338068077e-06, 1.1742565426339608e-05, 1.2707491216751042e-05, 2.772148919177067e-05, 2.465538136947954e-05, 1.3878635325230926e-05], [1.0031388447327838e-05, 1.2576488666831761e-05, 1.2442856846603636e-05, 1.4993168847912577e-05, 1.3878635325230926e-05, 1.749562701252628e-05]]</COVARIANCE_MATRIX>
		<ROI_SIZE>7678</ROI_SIZE>
		<MAX_VALUE>[0.15349675714969635, 0.13972105085849762, 0.11467266827821732, 0.12127770483493805, 0.08163172006607056, 0.06402119994163513]</MAX_VALUE>
		<MIN_VALUE>[0.10639097541570663, 0.07944032549858093, 0.061186447739601135, 0.05441436916589737, 0.019211670383810997, 0.008382095955312252]</MIN_VALUE>
		<SIGNATURE_THRESHOLD_MD>0</SIGNATURE_THRESHOLD_MD>
		<SIGNATURE_THRESHOLD_ML>0</SIGNATURE_THRESHOLD_ML>
		<SIGNATURE_THRESHOLD_SAM>0</SIGNATURE_THRESHOLD_SAM>
	</signature>
	<signature ID="20200828_133502437487_180">
		<MACROCLASSID>1</MACROCLASSID>
		<MACROCLASSINFO>waterbody</MACROCLASSINFO>
		<CLASSID>2</CLASSID>
		<CLASSINFO>C 1</CLASSINFO>
		<VALUES>[0.12489099575256289, 0.0025064586990801167, 0.11118394175969598, 0.002939824049122392, 0.08362959160934579, 0.003154195030287404, 0.06578655610182636, 0.006290108786800052, 0.022002578360543337, 0.0032960176212872955, 0.012186644623446699, 0.002877787873251782]</VALUES>
		<LCS_MIN>[0.11550821363925934, 0.09213101118803024, 0.06920938193798065, 0.05441436916589737, 0.012754425406455994, 0.005291033070534468]</LCS_MIN>
		<LCS_MAX>[0.1398208737373352, 0.12385769933462143, 0.09862679988145828, 0.1112482026219368, 0.05365031585097313, 0.02383740246295929]</LCS_MAX>
		<WAVELENGTH>[0.485, 0.56, 0.66, 0.83, 1.65, 2.215]</WAVELENGTH>
		<MEAN_VALUE>[0.12489099575256289, 0.11118394175969598, 0.08362959160934579, 0.06578655610182636, 0.022002578360543337, 0.012186644623446699]</MEAN_VALUE>
		<CHECKBOX>2</CHECKBOX>
		<SD>[0.0025064586990801167, 0.002939824049122392, 0.003154195030287404, 0.006290108786800052, 0.0032960176212872955, 0.002877787873251782]</SD>
		<WAVELENGTH_UNIT>E-6m</WAVELENGTH_UNIT>
		<COLOR>#873379</COLOR>
		<COVARIANCE_MATRIX>[[7.93560602599107e-06, 6.280058061877798e-06, 6.90102156923885e-06, 4.271684339351534e-06, 2.3921154365186874e-06, 1.8009074157681489e-06], [6.280058061877798e-06, 1.1527715289106298e-05, 8.509518967283916e-06, 2.6270750763939538e-06, 1.779237787835124e-06, 1.796293089042124e-06], [6.90102156923885e-06, 8.509518967283916e-06, 1.275226749796673e-05, 5.873965207733272e-06, 3.123317498751203e-06, 2.3987931081934985e-06], [4.271684339351534e-06, 2.6270750763939538e-06, 5.873965207733272e-06, 4.2875550048560267e-05, 1.7212535588825095e-05, 7.750714719433748e-06], [2.3921154365186874e-06, 1.779237787835124e-06, 3.123317498751203e-06, 1.7212535588825095e-05, 1.1923583636078012e-05, 4.213185264254572e-06], [1.8009074157681489e-06, 1.796293089042124e-06, 2.3987931081934985e-06, 7.750714719433748e-06, 4.213185264254572e-06, 8.611381628087719e-06]]</COVARIANCE_MATRIX>
		<ROI_SIZE>7481</ROI_SIZE>
		<MAX_VALUE>[0.1398208737373352, 0.12385769933462143, 0.09862679988145828, 0.1112482026219368, 0.05365031585097313, 0.02383740246295929]</MAX_VALUE>
		<MIN_VALUE>[0.11550821363925934, 0.09213101118803024, 0.06920938193798065, 0.05441436916589737, 0.012754425406455994, 0.005291033070534468]</MIN_VALUE>
		<SIGNATURE_THRESHOLD_MD>0</SIGNATURE_THRESHOLD_MD>
		<SIGNATURE_THRESHOLD_ML>0</SIGNATURE_THRESHOLD_ML>
		<SIGNATURE_THRESHOLD_SAM>0</SIGNATURE_THRESHOLD_SAM>
	</signature>
	<signature ID="20200828_133512552382_675">
		<MACROCLASSID>1</MACROCLASSID>
		<MACROCLASSINFO>waterbody</MACROCLASSINFO>
		<CLASSID>3</CLASSID>
		<CLASSINFO>C 1</CLASSINFO>
		<VALUES>[0.11762607140840886, 0.0030251385832505023, 0.10593422778067338, 0.0035826032255557344, 0.07842111581786276, 0.005535543957253119, 0.05810673720641554, 0.0064618320223406535, 0.01653915360944276, 0.0024147173764544707, 0.009033470478067997, 0.0023664065797308884]</VALUES>
		<LCS_MIN>[0.10639097541570663, 0.09213101118803024, 0.06653507798910141, 0.0477280393242836, 0.006297178100794554, 0.0]</LCS_MIN>
		<LCS_MAX>[0.12766455113887787, 0.11751237511634827, 0.0932781845331192, 0.10121870785951614, 0.05365031585097313, 0.020746340975165367]</LCS_MAX>
		<WAVELENGTH>[0.485, 0.56, 0.66, 0.83, 1.65, 2.215]</WAVELENGTH>
		<MEAN_VALUE>[0.11762607140840886, 0.10593422778067338, 0.07842111581786276, 0.05810673720641554, 0.01653915360944276, 0.009033470478067997]</MEAN_VALUE>
		<CHECKBOX>2</CHECKBOX>
		<SD>[0.0030251385832505023, 0.0035826032255557344, 0.005535543957253119, 0.0064618320223406535, 0.0024147173764544707, 0.0023664065797308884]</SD>
		<WAVELENGTH_UNIT>E-6m</WAVELENGTH_UNIT>
		<COLOR>#62ab12</COLOR>
		<COVARIANCE_MATRIX>[[9.148336745511326e-06, 8.012103396035286e-06, 1.2061971163493601e-05, 7.467607288644341e-06, 1.3708978455476458e-06, 7.443802938753769e-07], [8.012103396035286e-06, 1.3894818833319696e-05, 1.6086589320448362e-05, 1.3102425311942597e-05, 2.131621300080645e-06, 9.133668421308713e-07], [1.2061971163493601e-05, 1.6086589320448362e-05, 3.191375873386081e-05, 2.4890722261168798e-05, 3.6867758255602546e-06, 1.4116827263198204e-06], [7.467607288644341e-06, 1.3102425311942597e-05, 2.4890722261168798e-05, 4.493378043808784e-05, 8.140572269497374e-06, 2.8154293257203115e-06], [1.3708978455476458e-06, 2.131621300080645e-06, 3.6867758255602546e-06, 8.140572269497374e-06, 5.641411617845946e-06, 1.2285188662758026e-06], [7.443802938753769e-07, 9.133668421308713e-07, 1.4116827263198204e-06, 2.8154293257203115e-06, 1.2285188662758026e-06, 5.624157552367652e-06]]</COVARIANCE_MATRIX>
		<ROI_SIZE>7922</ROI_SIZE>
		<MAX_VALUE>[0.12766455113887787, 0.11751237511634827, 0.0932781845331192, 0.10121870785951614, 0.05365031585097313, 0.020746340975165367]</MAX_VALUE>
		<MIN_VALUE>[0.10639097541570663, 0.09213101118803024, 0.06653507798910141, 0.0477280393242836, 0.006297178100794554, 0.0]</MIN_VALUE>
		<SIGNATURE_THRESHOLD_MD>0</SIGNATURE_THRESHOLD_MD>
		<SIGNATURE_THRESHOLD_ML>0</SIGNATURE_THRESHOLD_ML>
		<SIGNATURE_THRESHOLD_SAM>0</SIGNATURE_THRESHOLD_SAM>
	</signature>
	<signature ID="20200828_133524979263_207">
		<MACROCLASSID>1</MACROCLASSID>
		<MACROCLASSINFO>waterbody</MACROCLASSINFO>
		<CLASSID>4</CLASSID>
		<CLASSINFO>C 1</CLASSINFO>
		<VALUES>[0.12595154084875881, 0.00591043732189914, 0.11180329811174032, 0.007962783800032536, 0.082794299992463, 0.006858286422358017, 0.06727094340234835, 0.007097476653241694, 0.028589380787726302, 0.006494188737159813, 0.020270857684787556, 0.005804564485309933]</VALUES>
		<LCS_MIN>[0.10487144440412521, 0.08261299878358841, 0.061186447739601135, 0.05441436916589737, 0.014906841330230236, 0.005291033070534468]</LCS_MIN>
		<LCS_MAX>[0.16413351893424988, 0.1555843949317932, 0.12536990642547607, 0.11793453991413116, 0.08163172006607056, 0.07020333409309387]</LCS_MAX>
		<WAVELENGTH>[0.485, 0.56, 0.66, 0.83, 1.65, 2.215]</WAVELENGTH>
		<MEAN_VALUE>[0.12595154084875881, 0.11180329811174032, 0.082794299992463, 0.06727094340234835, 0.028589380787726302, 0.020270857684787556]</MEAN_VALUE>
		<CHECKBOX>2</CHECKBOX>
		<SD>[0.00591043732189914, 0.007962783800032536, 0.006858286422358017, 0.007097476653241694, 0.006494188737159813, 0.005804564485309933]</SD>
		<WAVELENGTH_UNIT>E-6m</WAVELENGTH_UNIT>
		<COLOR>#84efc0</COLOR>
		<COVARIANCE_MATRIX>[[3.845501763571468e-05, 4.662459948721965e-05, 3.7716998912596116e-05, 2.4899240788497092e-05, 3.409641472344191e-05, 3.205285575275531e-05], [4.662459948721965e-05, 6.546752637557605e-05, 5.0375941857767435e-05, 2.97080803414211e-05, 4.042124683084991e-05, 3.82825130551151e-05], [3.7716998912596116e-05, 5.0375941857767435e-05, 5.417397801756595e-05, 3.9647526574959284e-05, 4.11572783104492e-05, 3.626105889509216e-05], [2.4899240788497092e-05, 2.97080803414211e-05, 3.9647526574959284e-05, 6.0719788701257115e-05, 4.745003073014119e-05, 3.7362348013743514e-05], [3.409641472344191e-05, 4.042124683084991e-05, 4.11572783104492e-05, 4.745003073014119e-05, 5.5774719413792724e-05, 4.4001660139668536e-05], [3.205285575275531e-05, 3.82825130551151e-05, 3.626105889509216e-05, 3.7362348013743514e-05, 4.4001660139668536e-05, 4.514544041377842e-05]]</COVARIANCE_MATRIX>
		<ROI_SIZE>5977</ROI_SIZE>
		<MAX_VALUE>[0.16413351893424988, 0.1555843949317932, 0.12536990642547607, 0.11793453991413116, 0.08163172006607056, 0.07020333409309387]</MAX_VALUE>
		<MIN_VALUE>[0.10487144440412521, 0.08261299878358841, 0.061186447739601135, 0.05441436916589737, 0.014906841330230236, 0.005291033070534468]</MIN_VALUE>
		<SIGNATURE_THRESHOLD_MD>0</SIGNATURE_THRESHOLD_MD>
		<SIGNATURE_THRESHOLD_ML>0</SIGNATURE_THRESHOLD_ML>
		<SIGNATURE_THRESHOLD_SAM>0</SIGNATURE_THRESHOLD_SAM>
	</signature>
	<signature ID="20200828_133550412207_591">
		<MACROCLASSID>1</MACROCLASSID>
		<MACROCLASSINFO>waterbody</MACROCLASSINFO>
		<CLASSID>5</CLASSID>
		<CLASSINFO>C 1</CLASSINFO>
		<VALUES>[0.11554955246631196, 0.0068549710464411535, 0.08473233180432974, 0.0077863347285079855, 0.06130088939114464, 0.007781605850459361, 0.0541682538668459, 0.008971347656516472, 0.023769015652834232, 0.007835518862169497, 0.016166077655126263, 0.007516282194908465]</VALUES>
		<LCS_MIN>[0.10487144440412521, 0.07309498637914658, 0.05048920586705208, 0.041041698306798935, 0.012754425406455994, 0.005291033070534468]</LCS_MIN>
		<LCS_MAX>[0.15501628816127777, 0.1270303875207901, 0.1066497415304184, 0.09787554293870926, 0.07086963206529617, 0.057839084416627884]</LCS_MAX>
		<WAVELENGTH>[0.485, 0.56, 0.66, 0.83, 1.65, 2.215]</WAVELENGTH>
		<MEAN_VALUE>[0.11554955246631196, 0.08473233180432974, 0.06130088939114464, 0.0541682538668459, 0.023769015652834232, 0.016166077655126263]</MEAN_VALUE>
		<CHECKBOX>2</CHECKBOX>
		<SD>[0.0068549710464411535, 0.0077863347285079855, 0.007781605850459361, 0.008971347656516472, 0.007835518862169497, 0.007516282194908465]</SD>
		<WAVELENGTH_UNIT>E-6m</WAVELENGTH_UNIT>
		<COLOR>#6a0ff5</COLOR>
		<COVARIANCE_MATRIX>[[3.649000508122805e-05, 3.801240815352433e-05, 3.834372234904422e-05, 4.422762312643552e-05, 3.731586248169527e-05, 3.475814426228811e-05], [3.801240815352433e-05, 4.632473907972726e-05, 4.315325194577015e-05, 5.007223494432361e-05, 4.23181847227815e-05, 3.896564724680903e-05], [3.834372234904422e-05, 4.315325194577015e-05, 4.63730193353041e-05, 5.042855333396292e-05, 4.2431180722856806e-05, 3.905586680073676e-05], [4.422762312643552e-05, 5.007223494432361e-05, 5.042855333396292e-05, 6.390014463984992e-05, 5.022823636455054e-05, 4.538155991532106e-05], [3.731586248169527e-05, 4.23181847227815e-05, 4.2431180722856806e-05, 5.022823636455054e-05, 4.614810682443855e-05, 3.910927560689526e-05], [3.475814426228811e-05, 3.896564724680903e-05, 3.905586680073676e-05, 4.538155991532106e-05, 3.910927560689526e-05, 4.294983851761639e-05]]</COVARIANCE_MATRIX>
		<ROI_SIZE>9656</ROI_SIZE>
		<MAX_VALUE>[0.15501628816127777, 0.1270303875207901, 0.1066497415304184, 0.09787554293870926, 0.07086963206529617, 0.057839084416627884]</MAX_VALUE>
		<MIN_VALUE>[0.10487144440412521, 0.07309498637914658, 0.05048920586705208, 0.041041698306798935, 0.012754425406455994, 0.005291033070534468]</MIN_VALUE>
		<SIGNATURE_THRESHOLD_MD>0</SIGNATURE_THRESHOLD_MD>
		<SIGNATURE_THRESHOLD_ML>0</SIGNATURE_THRESHOLD_ML>
		<SIGNATURE_THRESHOLD_SAM>0</SIGNATURE_THRESHOLD_SAM>
	</signature>
	<signature ID="20200828_133621997241_384">
		<MACROCLASSID>1</MACROCLASSID>
		<MACROCLASSINFO>waterbody</MACROCLASSINFO>
		<CLASSID>6</CLASSID>
		<CLASSINFO>C 1</CLASSINFO>
		<VALUES>[0.11753562349251542, 0.005603926389055352, 0.10459289712426113, 0.008627800119478134, 0.07854188452336823, 0.007960977095119852, 0.0535299158909103, 0.01152874321762818, 0.01880669199135746, 0.0074903617184151495, 0.011101583763386233, 0.005160589133774366]</VALUES>
		<LCS_MIN>[0.1033519059419632, 0.08261299878358841, 0.06386075913906097, 0.041041698306798935, 0.008449594490230083, 0.0]</LCS_MIN>
		<LCS_MAX>[0.15045766532421112, 0.1428937166929245, 0.1200212836265564, 0.09787554293870926, 0.06656481325626373, 0.05165695771574974]</LCS_MAX>
		<WAVELENGTH>[0.485, 0.56, 0.66, 0.83, 1.65, 2.215]</WAVELENGTH>
		<MEAN_VALUE>[0.11753562349251542, 0.10459289712426113, 0.07854188452336823, 0.0535299158909103, 0.01880669199135746, 0.011101583763386233]</MEAN_VALUE>
		<CHECKBOX>2</CHECKBOX>
		<SD>[0.005603926389055352, 0.008627800119478134, 0.007960977095119852, 0.01152874321762818, 0.0074903617184151495, 0.005160589133774366]</SD>
		<WAVELENGTH_UNIT>E-6m</WAVELENGTH_UNIT>
		<COLOR>#15851f</COLOR>
		<COVARIANCE_MATRIX>[[3.148388658110703e-05, 4.133342451807758e-05, 3.682530296158843e-05, 4.380504499106544e-06, 6.332608331760764e-06, 5.042784109901853e-06], [4.133342451807758e-05, 7.625012111300943e-05, 5.917912184138738e-05, 1.610353024916796e-05, 1.1730441066159225e-05, 8.48744586968281e-06], [3.682530296158843e-05, 5.917912184138738e-05, 6.0497168843539383e-05, 3.150221914189098e-05, 2.106775329141823e-05, 1.4349765685868002e-05], [4.380504499106544e-06, 1.610353024916796e-05, 3.150221914189098e-05, 0.00015724202907033678, 8.288853159008751e-05, 4.943572458102919e-05], [6.332608331760764e-06, 1.1730441066159225e-05, 2.106775329141823e-05, 8.288853159008751e-05, 6.396692981267479e-05, 3.741801978715123e-05], [5.042784109901853e-06, 8.48744586968281e-06, 1.4349765685868002e-05, 4.943572458102919e-05, 3.741801978715123e-05, 2.9565930430555835e-05]]</COVARIANCE_MATRIX>
		<ROI_SIZE>8445</ROI_SIZE>
		<MAX_VALUE>[0.15045766532421112, 0.1428937166929245, 0.1200212836265564, 0.09787554293870926, 0.06656481325626373, 0.05165695771574974]</MAX_VALUE>
		<MIN_VALUE>[0.1033519059419632, 0.08261299878358841, 0.06386075913906097, 0.041041698306798935, 0.008449594490230083, 0.0]</MIN_VALUE>
		<SIGNATURE_THRESHOLD_MD>0</SIGNATURE_THRESHOLD_MD>
		<SIGNATURE_THRESHOLD_ML>0</SIGNATURE_THRESHOLD_ML>
		<SIGNATURE_THRESHOLD_SAM>0</SIGNATURE_THRESHOLD_SAM>
	</signature>
	<signature ID="20200828_133635194520_121">
		<MACROCLASSID>1</MACROCLASSID>
		<MACROCLASSINFO>waterbody</MACROCLASSINFO>
		<CLASSID>7</CLASSID>
		<CLASSINFO>C 1</CLASSINFO>
		<VALUES>[0.1251906915254027, 0.0028842788601677496, 0.11610989632069903, 0.004012818538198755, 0.0912670398738506, 0.0043402372999262, 0.0942440100235116, 0.014550015473510217, 0.03607129236818805, 0.008726096149173863, 0.019154985503085222, 0.005629777633444613]</VALUES>
		<LCS_MIN>[0.1124691441655159, 0.0984763503074646, 0.07455801218748093, 0.07447336614131927, 0.023516502231359482, 0.011473158374428749]</LCS_MIN>
		<LCS_MAX>[0.13222317397594452, 0.12385769933462143, 0.10130111128091812, 0.1346503645181656, 0.08163172006607056, 0.057839084416627884]</LCS_MAX>
		<WAVELENGTH>[0.485, 0.56, 0.66, 0.83, 1.65, 2.215]</WAVELENGTH>
		<MEAN_VALUE>[0.1251906915254027, 0.11610989632069903, 0.0912670398738506, 0.0942440100235116, 0.03607129236818805, 0.019154985503085222]</MEAN_VALUE>
		<CHECKBOX>2</CHECKBOX>
		<SD>[0.0028842788601677496, 0.004012818538198755, 0.0043402372999262, 0.014550015473510217, 0.008726096149173863, 0.005629777633444613]</SD>
		<WAVELENGTH_UNIT>E-6m</WAVELENGTH_UNIT>
		<COLOR>#ebd1c9</COLOR>
		<COVARIANCE_MATRIX>[[8.341548501435486e-06, 8.260882121862391e-06, 9.497900253531111e-06, -1.0902917768489659e-05, -3.3054995810964152e-06, -6.087610789640093e-07], [8.260882121862391e-06, 1.6146233465431826e-05, 1.3774302657516911e-05, -1.4796299552255871e-05, -6.94714965961193e-06, -3.298071289672816e-06], [9.497900253531111e-06, 1.3774302657516911e-05, 1.888857241377782e-05, -1.416163095857954e-05, -4.661377025167624e-06, -4.833882080425069e-07], [-1.0902917768489659e-05, -1.4796299552255871e-05, -1.416163095857954e-05, 0.00021227512041527714, 9.869352794685324e-05, 4.964549418389933e-05], [-3.3054995810964152e-06, -6.94714965961193e-06, -4.661377025167624e-06, 9.869352794685324e-05, 7.635055063707181e-05, 3.9327550235446586e-05], [-6.087610789640093e-07, -3.298071289672816e-06, -4.833882080425069e-07, 4.964549418389933e-05, 3.9327550235446586e-05, 3.178005673230902e-05]]</COVARIANCE_MATRIX>
		<ROI_SIZE>371</ROI_SIZE>
		<MAX_VALUE>[0.13222317397594452, 0.12385769933462143, 0.10130111128091812, 0.1346503645181656, 0.08163172006607056, 0.057839084416627884]</MAX_VALUE>
		<MIN_VALUE>[0.1124691441655159, 0.0984763503074646, 0.07455801218748093, 0.07447336614131927, 0.023516502231359482, 0.011473158374428749]</MIN_VALUE>
		<SIGNATURE_THRESHOLD_MD>0</SIGNATURE_THRESHOLD_MD>
		<SIGNATURE_THRESHOLD_ML>0</SIGNATURE_THRESHOLD_ML>
		<SIGNATURE_THRESHOLD_SAM>0</SIGNATURE_THRESHOLD_SAM>
	</signature>
	<signature ID="20200828_133650075869_573">
		<MACROCLASSID>1</MACROCLASSID>
		<MACROCLASSINFO>waterbody</MACROCLASSINFO>
		<CLASSID>8</CLASSID>
		<CLASSINFO>C 1</CLASSINFO>
		<VALUES>[0.1330848694029377, 0.007047283233077297, 0.13195962245326237, 0.012079456337112857, 0.1010467289878828, 0.011168164524079918, 0.09345195571460378, 0.013975408079721512, 0.03575377163772543, 0.011056456133556018, 0.020241216424761756, 0.008069245301872311]</VALUES>
		<LCS_MIN>[0.1124691441655159, 0.0984763503074646, 0.06653507798910141, 0.07781653851270676, 0.023516502231359482, 0.008382095955312252]</LCS_MIN>
		<LCS_MAX>[0.15197721123695374, 0.15241172909736633, 0.1280442327260971, 0.1346503645181656, 0.07732689380645752, 0.06402119994163513]</LCS_MAX>
		<WAVELENGTH>[0.485, 0.56, 0.66, 0.83, 1.65, 2.215]</WAVELENGTH>
		<MEAN_VALUE>[0.1330848694029377, 0.13195962245326237, 0.1010467289878828, 0.09345195571460378, 0.03575377163772543, 0.020241216424761756]</MEAN_VALUE>
		<CHECKBOX>2</CHECKBOX>
		<SD>[0.007047283233077297, 0.012079456337112857, 0.011168164524079918, 0.013975408079721512, 0.011056456133556018, 0.008069245301872311]</SD>
		<WAVELENGTH_UNIT>E-6m</WAVELENGTH_UNIT>
		<COLOR>#7a4ef0</COLOR>
		<COVARIANCE_MATRIX>[[4.9724841017233164e-05, 7.979993129815059e-05, 7.17638637485974e-05, 2.854954365243027e-06, 6.007433249144442e-06, 8.046173262539806e-06], [7.979993129815059e-05, 0.00014609142567543034, 0.0001280287369726789, -7.398585845575377e-06, -3.111415673691782e-06, 3.067688528014852e-06], [7.17638637485974e-05, 0.0001280287369726789, 0.00012488019175369025, 1.0641379953420736e-05, 1.1417275532937994e-05, 1.3689151030411078e-05], [2.854954365243027e-06, -7.398585845575377e-06, 1.0641379953420736e-05, 0.00019555050722306575, 0.00013801003840448864, 9.081869429793143e-05], [6.007433249144442e-06, -3.111415673691782e-06, 1.1417275532937994e-05, 0.00013801003840448864, 0.00012239448379885672, 7.954523093784742e-05], [8.046173262539806e-06, 3.067688528014852e-06, 1.3689151030411078e-05, 9.081869429793143e-05, 7.954523093784742e-05, 6.519222245209579e-05]]</COVARIANCE_MATRIX>
		<ROI_SIZE>820</ROI_SIZE>
		<MAX_VALUE>[0.15197721123695374, 0.15241172909736633, 0.1280442327260971, 0.1346503645181656, 0.07732689380645752, 0.06402119994163513]</MAX_VALUE>
		<MIN_VALUE>[0.1124691441655159, 0.0984763503074646, 0.06653507798910141, 0.07781653851270676, 0.023516502231359482, 0.008382095955312252]</MIN_VALUE>
		<SIGNATURE_THRESHOLD_MD>0</SIGNATURE_THRESHOLD_MD>
		<SIGNATURE_THRESHOLD_ML>0</SIGNATURE_THRESHOLD_ML>
		<SIGNATURE_THRESHOLD_SAM>0</SIGNATURE_THRESHOLD_SAM>
	</signature>
	<signature ID="20200828_133700736512_414">
		<MACROCLASSID>1</MACROCLASSID>
		<MACROCLASSINFO>waterbody</MACROCLASSINFO>
		<CLASSID>9</CLASSID>
		<CLASSINFO>C 1</CLASSINFO>
		<VALUES>[0.1277204188609531, 0.005450017965370768, 0.11332880097496158, 0.00854062111756879, 0.08473087461920938, 0.005385060002347927, 0.101251479585235, 0.01658252530222868, 0.041215898971274194, 0.009640453689443598, 0.02195094576032431, 0.005686960888755739]</VALUES>
		<LCS_MIN>[0.1124691441655159, 0.08895834535360336, 0.06920938193798065, 0.07113020122051239, 0.02566891722381115, 0.011473158374428749]</LCS_MIN>
		<LCS_MAX>[0.14589904248714447, 0.13654839992523193, 0.11199835687875748, 0.13799354434013367, 0.07732689380645752, 0.05474802479147911]</LCS_MAX>
		<WAVELENGTH>[0.485, 0.56, 0.66, 0.83, 1.65, 2.215]</WAVELENGTH>
		<MEAN_VALUE>[0.1277204188609531, 0.11332880097496158, 0.08473087461920938, 0.101251479585235, 0.041215898971274194, 0.02195094576032431]</MEAN_VALUE>
		<CHECKBOX>2</CHECKBOX>
		<SD>[0.005450017965370768, 0.00854062111756879, 0.005385060002347927, 0.01658252530222868, 0.009640453689443598, 0.005686960888755739]</SD>
		<WAVELENGTH_UNIT>E-6m</WAVELENGTH_UNIT>
		<COLOR>#8dbceb</COLOR>
		<COVARIANCE_MATRIX>[[2.977567541948028e-05, 4.204790639299004e-05, 2.2055347823390358e-05, -2.105857608885863e-05, -5.981615178702123e-06, -8.75297993160491e-07], [4.204790639299004e-05, 7.312142826077566e-05, 3.53461728056229e-05, -1.39875237063692e-05, 1.6610007589514116e-06, 2.256838150241942e-06], [2.2055347823390358e-05, 3.53461728056229e-05, 2.9070121526747305e-05, 7.222481166576339e-06, 9.516060640270703e-06, 7.92476093018344e-06], [-2.105857608885863e-05, -1.39875237063692e-05, 7.222481166576339e-06, 0.0002756557722919271, 0.00013129582534989313, 6.160856280874581e-05], [-5.981615178702123e-06, 1.6610007589514116e-06, 9.516060640270703e-06, 0.00013129582534989313, 9.316669708606659e-05, 4.3540969152561094e-05], [-8.75297993160491e-07, 2.256838150241942e-06, 7.92476093018344e-06, 6.160856280874581e-05, 4.3540969152561094e-05, 3.242098735453774e-05]]</COVARIANCE_MATRIX>
		<ROI_SIZE>408</ROI_SIZE>
		<MAX_VALUE>[0.14589904248714447, 0.13654839992523193, 0.11199835687875748, 0.13799354434013367, 0.07732689380645752, 0.05474802479147911]</MAX_VALUE>
		<MIN_VALUE>[0.1124691441655159, 0.08895834535360336, 0.06920938193798065, 0.07113020122051239, 0.02566891722381115, 0.011473158374428749]</MIN_VALUE>
		<SIGNATURE_THRESHOLD_MD>0</SIGNATURE_THRESHOLD_MD>
		<SIGNATURE_THRESHOLD_ML>0</SIGNATURE_THRESHOLD_ML>
		<SIGNATURE_THRESHOLD_SAM>0</SIGNATURE_THRESHOLD_SAM>
	</signature>
	<signature ID="20200828_133710636245_423">
		<MACROCLASSID>1</MACROCLASSID>
		<MACROCLASSINFO>waterbody</MACROCLASSINFO>
		<CLASSID>10</CLASSID>
		<CLASSINFO>C 1</CLASSINFO>
		<VALUES>[0.1501695846828321, 0.010543152659088771, 0.13855774182205405, 0.012789000114347832, 0.10343498995838066, 0.00946094363814096, 0.11970362750192486, 0.016326551923578222, 0.054731010234293845, 0.010572975222959566, 0.030579781594375743, 0.006254518635519675]</VALUES>
		<LCS_MIN>[0.12614502012729645, 0.10799436271190643, 0.0799066349864006, 0.09453237056732178, 0.03643099218606949, 0.017655277624726295]</LCS_MIN>
		<LCS_MAX>[0.1762898564338684, 0.16510240733623505, 0.12536990642547607, 0.16139571368694305, 0.09239380061626434, 0.06093014031648636]</LCS_MAX>
		<WAVELENGTH>[0.485, 0.56, 0.66, 0.83, 1.65, 2.215]</WAVELENGTH>
		<MEAN_VALUE>[0.1501695846828321, 0.13855774182205405, 0.10343498995838066, 0.11970362750192486, 0.054731010234293845, 0.030579781594375743]</MEAN_VALUE>
		<CHECKBOX>2</CHECKBOX>
		<SD>[0.010543152659088771, 0.012789000114347832, 0.00946094363814096, 0.016326551923578222, 0.010572975222959566, 0.006254518635519675]</SD>
		<WAVELENGTH_UNIT>E-6m</WAVELENGTH_UNIT>
		<COLOR>#80a951</COLOR>
		<COVARIANCE_MATRIX>[[0.00011139013076527909, 0.00012658024110904473, 9.469248990310492e-05, 1.2558663069251206e-05, 2.304289686233101e-05, 2.2783800623872217e-05], [0.00012658024110904473, 0.00016389998222108253, 0.0001137274893752392, -6.972288933343622e-06, 1.4019441784609896e-05, 2.0737840022427165e-05], [9.469248990310492e-05, 0.0001137274893752392, 8.969632186129146e-05, 2.0575269071269015e-05, 2.915009480084774e-05, 2.5309886666945572e-05], [1.2558663069251206e-05, -6.972288933343622e-06, 2.0575269071269015e-05, 0.00026711278267720626, 0.00015290832916849714, 7.496875615122546e-05], [2.304289686233101e-05, 1.4019441784609896e-05, 2.915009480084774e-05, 0.00015290832916849714, 0.00011202118252891881, 5.534168006396357e-05], [2.2783800623872217e-05, 2.0737840022427165e-05, 2.5309886666945572e-05, 7.496875615122546e-05, 5.534168006396357e-05, 3.920067142753711e-05]]</COVARIANCE_MATRIX>
		<ROI_SIZE>480</ROI_SIZE>
		<MAX_VALUE>[0.1762898564338684, 0.16510240733623505, 0.12536990642547607, 0.16139571368694305, 0.09239380061626434, 0.06093014031648636]</MAX_VALUE>
		<MIN_VALUE>[0.12614502012729645, 0.10799436271190643, 0.0799066349864006, 0.09453237056732178, 0.03643099218606949, 0.017655277624726295]</MIN_VALUE>
		<SIGNATURE_THRESHOLD_MD>0</SIGNATURE_THRESHOLD_MD>
		<SIGNATURE_THRESHOLD_ML>0</SIGNATURE_THRESHOLD_ML>
		<SIGNATURE_THRESHOLD_SAM>0</SIGNATURE_THRESHOLD_SAM>
	</signature>
	<signature ID="20200828_133752748531_196">
		<MACROCLASSID>1</MACROCLASSID>
		<MACROCLASSINFO>waterbody</MACROCLASSINFO>
		<CLASSID>11</CLASSID>
		<CLASSINFO>C 1</CLASSINFO>
		<VALUES>[0.156667329514256, 0.0039709278253854995, 0.14981868103719678, 0.004973111761280601, 0.12318417437088029, 0.0055102994065606625, 0.12407438843869242, 0.012310763726151034, 0.06437100319621655, 0.009471855201004312, 0.04131379050131029, 0.007001221705067004]</VALUES>
		<LCS_MIN>[0.14741858839988708, 0.13972105085849762, 0.11199835687875748, 0.10121870785951614, 0.04504065588116646, 0.02692846581339836]</LCS_MIN>
		<LCS_MAX>[0.16869215667247772, 0.16192972660064697, 0.1414157897233963, 0.1547093689441681, 0.0859365463256836, 0.06402119994163513]</LCS_MAX>
		<WAVELENGTH>[0.485, 0.56, 0.66, 0.83, 1.65, 2.215]</WAVELENGTH>
		<MEAN_VALUE>[0.156667329514256, 0.14981868103719678, 0.12318417437088029, 0.12407438843869242, 0.06437100319621655, 0.04131379050131029]</MEAN_VALUE>
		<CHECKBOX>2</CHECKBOX>
		<SD>[0.0039709278253854995, 0.004973111761280601, 0.0055102994065606625, 0.012310763726151034, 0.009471855201004312, 0.007001221705067004]</SD>
		<WAVELENGTH_UNIT>E-6m</WAVELENGTH_UNIT>
		<COLOR>#f18d47</COLOR>
		<COVARIANCE_MATRIX>[[1.5921357773007186e-05, 1.5556170925115145e-05, 1.808379361895579e-05, -1.0728767051355333e-05, -9.012691522661719e-06, -2.6834889130875187e-07], [1.5556170925115145e-05, 2.4971955547373515e-05, 2.162604061428386e-05, -2.1202650281226454e-05, -1.701489785908739e-05, -5.181780265664546e-06], [1.808379361895579e-05, 2.162604061428386e-05, 3.0658189836835545e-05, -3.376113978856216e-06, 4.675076224912956e-07, 7.911486353855068e-06], [-1.0728767051355333e-05, -2.1202650281226454e-05, -3.376113978856216e-06, 0.00015302631035141808, 8.996065016517467e-05, 5.4590792560906184e-05], [-9.012691522661719e-06, -1.701489785908739e-05, 4.675076224912956e-07, 8.996065016517467e-05, 9.058707047256708e-05, 5.5119110417474e-05], [-2.6834889130875187e-07, -5.181780265664546e-06, 7.911486353855068e-06, 5.4590792560906184e-05, 5.5119110417474e-05, 4.9492999590331494e-05]]</COVARIANCE_MATRIX>
		<ROI_SIZE>104</ROI_SIZE>
		<MAX_VALUE>[0.16869215667247772, 0.16192972660064697, 0.1414157897233963, 0.1547093689441681, 0.0859365463256836, 0.06402119994163513]</MAX_VALUE>
		<MIN_VALUE>[0.14741858839988708, 0.13972105085849762, 0.11199835687875748, 0.10121870785951614, 0.04504065588116646, 0.02692846581339836]</MIN_VALUE>
		<SIGNATURE_THRESHOLD_MD>0</SIGNATURE_THRESHOLD_MD>
		<SIGNATURE_THRESHOLD_ML>0</SIGNATURE_THRESHOLD_ML>
		<SIGNATURE_THRESHOLD_SAM>0</SIGNATURE_THRESHOLD_SAM>
	</signature>
	<signature ID="20200828_133812499879_918">
		<MACROCLASSID>1</MACROCLASSID>
		<MACROCLASSINFO>waterbody</MACROCLASSINFO>
		<CLASSID>12</CLASSID>
		<CLASSINFO>C 1</CLASSINFO>
		<VALUES>[0.09685518208913461, 0.0016766963762051802, 0.07377891893872245, 0.002482426592669369, 0.05641432711018058, 0.0021924318607713586, 0.07929793816662122, 0.006073768845327257, 0.029883528228648402, 0.003999865495293591, 0.016711302268915536, 0.0035753237646535528]</VALUES>
		<LCS_MIN>[0.09271511435508728, 0.06674964725971222, 0.05048920586705208, 0.0677870362997055, 0.021364087238907814, 0.008382095955312252]</LCS_MIN>
		<LCS_MAX>[0.10183235257863998, 0.07944032549858093, 0.061186447739601135, 0.10121870785951614, 0.04073582589626312, 0.02692846581339836]</LCS_MAX>
		<WAVELENGTH>[0.485, 0.56, 0.66, 0.83, 1.65, 2.215]</WAVELENGTH>
		<MEAN_VALUE>[0.09685518208913461, 0.07377891893872245, 0.05641432711018058, 0.07929793816662122, 0.029883528228648402, 0.016711302268915536]</MEAN_VALUE>
		<CHECKBOX>2</CHECKBOX>
		<SD>[0.0016766963762051802, 0.002482426592669369, 0.0021924318607713586, 0.006073768845327257, 0.003999865495293591, 0.0035753237646535528]</SD>
		<WAVELENGTH_UNIT>E-6m</WAVELENGTH_UNIT>
		<COLOR>#791283</COLOR>
		<COVARIANCE_MATRIX>[[2.8282463448349e-06, 1.5368016469925986e-06, 1.1240427671581518e-06, 1.5418808264053524e-06, 1.873199646692766e-06, 1.3285213993320592e-06], [1.5368016469925986e-06, 6.199564931293206e-06, 1.801185543618537e-06, 5.49813880876338e-06, 3.4353937519836006e-06, 2.126450544754157e-06], [1.1240427671581518e-06, 1.801185543618537e-06, 4.835713834391185e-06, 4.257471614628862e-06, 4.4215066998092356e-06, 3.6349487790044932e-06], [1.5418808264053524e-06, 5.49813880876338e-06, 4.257471614628862e-06, 3.7112900926145535e-05, 1.5046416788471542e-05, 7.134076273935976e-06], [1.873199646692766e-06, 3.4353937519836006e-06, 4.4215066998092356e-06, 1.5046416788471542e-05, 1.6095303040563347e-05, 7.208846665125223e-06], [1.3285213993320592e-06, 2.126450544754157e-06, 3.6349487790044932e-06, 7.134076273935976e-06, 7.208846665125223e-06, 1.2859945684880175e-05]]</COVARIANCE_MATRIX>
		<ROI_SIZE>167</ROI_SIZE>
		<MAX_VALUE>[0.10183235257863998, 0.07944032549858093, 0.061186447739601135, 0.10121870785951614, 0.04073582589626312, 0.02692846581339836]</MAX_VALUE>
		<MIN_VALUE>[0.09271511435508728, 0.06674964725971222, 0.05048920586705208, 0.0677870362997055, 0.021364087238907814, 0.008382095955312252]</MIN_VALUE>
		<SIGNATURE_THRESHOLD_MD>0</SIGNATURE_THRESHOLD_MD>
		<SIGNATURE_THRESHOLD_ML>0</SIGNATURE_THRESHOLD_ML>
		<SIGNATURE_THRESHOLD_SAM>0</SIGNATURE_THRESHOLD_SAM>
	</signature>
	<signature ID="20200828_133841781815_768">
		<MACROCLASSID>1</MACROCLASSID>
		<MACROCLASSINFO>waterbody</MACROCLASSINFO>
		<CLASSID>13</CLASSID>
		<CLASSINFO>C 1</CLASSINFO>
		<VALUES>[0.1133991471545438, 0.006744966458427564, 0.08494916771886331, 0.0071235172721395325, 0.06453637702199155, 0.0067349089517487765, 0.06472372147709791, 0.006912515759580552, 0.027696180041123116, 0.007110765144880992, 0.019096225796075988, 0.006966852993804627]</VALUES>
		<LCS_MIN>[0.09879328310489655, 0.07309498637914658, 0.05316351726651192, 0.051071200519800186, 0.014906841330230236, 0.005291033070534468]</LCS_MIN>
		<LCS_MAX>[0.13374271988868713, 0.10164902359247208, 0.08525525778532028, 0.08450286835432053, 0.047193072736263275, 0.04238377511501312]</LCS_MAX>
		<WAVELENGTH>[0.485, 0.56, 0.66, 0.83, 1.65, 2.215]</WAVELENGTH>
		<MEAN_VALUE>[0.1133991471545438, 0.08494916771886331, 0.06453637702199155, 0.06472372147709791, 0.027696180041123116, 0.019096225796075988]</MEAN_VALUE>
		<CHECKBOX>2</CHECKBOX>
		<SD>[0.006744966458427564, 0.0071235172721395325, 0.0067349089517487765, 0.006912515759580552, 0.007110765144880992, 0.006966852993804627]</SD>
		<WAVELENGTH_UNIT>E-6m</WAVELENGTH_UNIT>
		<COLOR>#76c9f6</COLOR>
		<COVARIANCE_MATRIX>[[3.717025501208685e-05, 3.6732354704650715e-05, 3.4886084003326794e-05, 3.4971408548982806e-05, 3.5007508533542335e-05, 3.361470043471106e-05], [3.6732354704650715e-05, 4.3138473412519506e-05, 3.7905246925620505e-05, 3.76918719784484e-05, 3.8739096137740065e-05, 3.7277607844554755e-05], [3.4886084003326794e-05, 3.7905246925620505e-05, 3.982044713363463e-05, 3.7652129627479525e-05, 3.8342262195592596e-05, 3.698417216755731e-05], [3.4971408548982806e-05, 3.76918719784484e-05, 3.7652129627479525e-05, 4.330327401592407e-05, 4.0175847956354134e-05, 3.8655198672129775e-05], [3.5007508533542335e-05, 3.8739096137740065e-05, 3.8342262195592596e-05, 4.0175847956354134e-05, 4.661704513160747e-05, 4.167021046965186e-05], [3.361470043471106e-05, 3.7277607844554755e-05, 3.698417216755731e-05, 3.8655198672129775e-05, 4.167021046965186e-05, 4.7428671631318006e-05]]</COVARIANCE_MATRIX>
		<ROI_SIZE>3637</ROI_SIZE>
		<MAX_VALUE>[0.13374271988868713, 0.10164902359247208, 0.08525525778532028, 0.08450286835432053, 0.047193072736263275, 0.04238377511501312]</MAX_VALUE>
		<MIN_VALUE>[0.09879328310489655, 0.07309498637914658, 0.05316351726651192, 0.051071200519800186, 0.014906841330230236, 0.005291033070534468]</MIN_VALUE>
		<SIGNATURE_THRESHOLD_MD>0</SIGNATURE_THRESHOLD_MD>
		<SIGNATURE_THRESHOLD_ML>0</SIGNATURE_THRESHOLD_ML>
		<SIGNATURE_THRESHOLD_SAM>0</SIGNATURE_THRESHOLD_SAM>
	</signature>
	<signature ID="20200828_133852382521_253">
		<MACROCLASSID>1</MACROCLASSID>
		<MACROCLASSINFO>waterbody</MACROCLASSINFO>
		<CLASSID>14</CLASSID>
		<CLASSINFO>C 1</CLASSINFO>
		<VALUES>[0.1111918542624583, 0.004466143410291474, 0.08276238281254562, 0.005147177126324675, 0.06058160269344597, 0.004256707789880292, 0.058197730767215905, 0.004129227976920206, 0.02212008128169477, 0.003352144821971054, 0.013903052957585989, 0.0036623667126018176]</VALUES>
		<LCS_MIN>[0.09727373719215393, 0.06674964725971222, 0.0451405830681324, 0.04438486695289612, 0.008449594490230083, 0.0]</LCS_MIN>
		<LCS_MAX>[0.13526226580142975, 0.11116702854633331, 0.09060386568307877, 0.08784604072570801, 0.047193072736263275, 0.033110588788986206]</LCS_MAX>
		<WAVELENGTH>[0.485, 0.56, 0.66, 0.83, 1.65, 2.215]</WAVELENGTH>
		<MEAN_VALUE>[0.1111918542624583, 0.08276238281254562, 0.06058160269344597, 0.058197730767215905, 0.02212008128169477, 0.013903052957585989]</MEAN_VALUE>
		<CHECKBOX>2</CHECKBOX>
		<SD>[0.004466143410291474, 0.005147177126324675, 0.004256707789880292, 0.004129227976920206, 0.003352144821971054, 0.0036623667126018176]</SD>
		<WAVELENGTH_UNIT>E-6m</WAVELENGTH_UNIT>
		<COLOR>#b68bbd</COLOR>
		<COVARIANCE_MATRIX>[[1.662447403706228e-05, 1.6590199941006912e-05, 1.3516312943616353e-05, 1.3379139140139276e-05, 1.0247482226476654e-05, 8.660666796138012e-06], [1.6590199941006912e-05, 2.2256824575029213e-05, 1.560780421346918e-05, 1.5416149599009273e-05, 1.1740884478034613e-05, 1.0018132623236032e-05], [1.3516312943616353e-05, 1.560780421346918e-05, 1.63883598129991e-05, 1.327174125168168e-05, 1.0069010851888157e-05, 8.40411195103518e-06], [1.3379139140139276e-05, 1.5416149599009273e-05, 1.327174125168168e-05, 1.6801523240542146e-05, 1.0380120707647835e-05, 8.634872106306451e-06], [1.0247482226476654e-05, 1.1740884478034613e-05, 1.0069010851888157e-05, 1.0380120707647835e-05, 1.1001563993473487e-05, 6.7333726108098805e-06], [8.660666796138012e-06, 1.0018132623236032e-05, 8.40411195103518e-06, 8.634872106306451e-06, 6.7333726108098805e-06, 1.2903038729586949e-05]]</COVARIANCE_MATRIX>
		<ROI_SIZE>10190</ROI_SIZE>
		<MAX_VALUE>[0.13526226580142975, 0.11116702854633331, 0.09060386568307877, 0.08784604072570801, 0.047193072736263275, 0.033110588788986206]</MAX_VALUE>
		<MIN_VALUE>[0.09727373719215393, 0.06674964725971222, 0.0451405830681324, 0.04438486695289612, 0.008449594490230083, 0.0]</MIN_VALUE>
		<SIGNATURE_THRESHOLD_MD>0</SIGNATURE_THRESHOLD_MD>
		<SIGNATURE_THRESHOLD_ML>0</SIGNATURE_THRESHOLD_ML>
		<SIGNATURE_THRESHOLD_SAM>0</SIGNATURE_THRESHOLD_SAM>
	</signature>
	<signature ID="20200828_133907596506_916">
		<MACROCLASSID>1</MACROCLASSID>
		<MACROCLASSINFO>waterbody</MACROCLASSINFO>
		<CLASSID>15</CLASSID>
		<CLASSINFO>C 1</CLASSINFO>
		<VALUES>[0.12553306537350498, 0.005612850404924857, 0.08981040295653231, 0.007281026516672479, 0.0657380965416192, 0.006259413433358811, 0.06161652327806575, 0.006620461612662415, 0.026663590383170017, 0.006307477973573352, 0.018280805097604578, 0.006058206939139291]</VALUES>
		<LCS_MIN>[0.11094959825277328, 0.07626766711473465, 0.05316351726651192, 0.051071200519800186, 0.014906841330230236, 0.005291033070534468]</LCS_MIN>
		<LCS_MAX>[0.1489381343126297, 0.11433970183134079, 0.09595248848199844, 0.08784604072570801, 0.05149790272116661, 0.0454748310148716]</LCS_MAX>
		<WAVELENGTH>[0.485, 0.56, 0.66, 0.83, 1.65, 2.215]</WAVELENGTH>
		<MEAN_VALUE>[0.12553306537350498, 0.08981040295653231, 0.0657380965416192, 0.06161652327806575, 0.026663590383170017, 0.018280805097604578]</MEAN_VALUE>
		<CHECKBOX>2</CHECKBOX>
		<SD>[0.005612850404924857, 0.007281026516672479, 0.006259413433358811, 0.006620461612662415, 0.006307477973573352, 0.006058206939139291]</SD>
		<WAVELENGTH_UNIT>E-6m</WAVELENGTH_UNIT>
		<COLOR>#1b508f</COLOR>
		<COVARIANCE_MATRIX>[[3.181593592974949e-05, 3.438899662336644e-05, 2.980315853333622e-05, 3.314990105926767e-05, 3.0163600138673507e-05, 2.6179061703890662e-05], [3.438899662336644e-05, 4.917367467040126e-05, 3.7733997192397855e-05, 4.237497762281638e-05, 3.5500796630277406e-05, 2.9442455317618858e-05], [2.980315853333622e-05, 3.7733997192397855e-05, 3.6503557252136084e-05, 3.669556259572155e-05, 3.22240461837539e-05, 2.7764043286005613e-05], [3.314990105926767e-05, 4.237497762281638e-05, 3.669556259572155e-05, 4.874154515292816e-05, 3.816094028244913e-05, 3.189105110554343e-05], [3.0163600138673507e-05, 3.5500796630277406e-05, 3.22240461837539e-05, 3.816094028244913e-05, 3.949386298981476e-05, 3.1453270213961644e-05], [2.6179061703890662e-05, 2.9442455317618858e-05, 2.7764043286005613e-05, 3.189105110554343e-05, 3.1453270213961644e-05, 3.524238541942705e-05]]</COVARIANCE_MATRIX>
		<ROI_SIZE>6808</ROI_SIZE>
		<MAX_VALUE>[0.1489381343126297, 0.11433970183134079, 0.09595248848199844, 0.08784604072570801, 0.05149790272116661, 0.0454748310148716]</MAX_VALUE>
		<MIN_VALUE>[0.11094959825277328, 0.07626766711473465, 0.05316351726651192, 0.051071200519800186, 0.014906841330230236, 0.005291033070534468]</MIN_VALUE>
		<SIGNATURE_THRESHOLD_MD>0</SIGNATURE_THRESHOLD_MD>
		<SIGNATURE_THRESHOLD_ML>0</SIGNATURE_THRESHOLD_ML>
		<SIGNATURE_THRESHOLD_SAM>0</SIGNATURE_THRESHOLD_SAM>
	</signature>
	<signature ID="20200828_134000765535_694">
		<MACROCLASSID>1</MACROCLASSID>
		<MACROCLASSINFO>waterbody</MACROCLASSINFO>
		<CLASSID>16</CLASSID>
		<CLASSINFO>C 1</CLASSINFO>
