<?xml version="1.0" ?>
<signaturelist MCID_LIST="[['1', 'waterbody', '#0000ff'], ['2', 'vegetation', '#00ff00'], ['3', 'bare land', '#ffaa00'], ['4', 'built-up', '#ff0000']]">
	<signature ID="20200825_123616998515_230">
		<MACROCLASSID>1</MACROCLASSID>
		<MACROCLASSINFO>waterbody</MACROCLASSINFO>
		<CLASSID>1</CLASSID>
		<CLASSINFO>C 1</CLASSINFO>
		<VALUES>[0.16956174886861397, 0.00370142012907592, 0.15996057808366154, 0.00379261121024992, 0.0825568665267359, 0.004605960498925278, 0.03416745763848506, 0.005059702391084514, 0.010103136583975722, 0.00535003977217968, 0.0077244215371129596, 0.004760037444340659]</VALUES>
		<LCS_MIN>[0.14429153501987457, 0.13365192711353302, 0.06512373685836792, 0.023809868842363358, 0.0, 0.0]</LCS_MIN>
		<LCS_MAX>[0.1814742386341095, 0.170916348695755, 0.10176990181207657, 0.06307687610387802, 0.03776497766375542, 0.03543374314904213]</LCS_MAX>
		<WAVELENGTH>[0.485, 0.56, 0.66, 0.83, 1.65, 2.215]</WAVELENGTH>
		<MEAN_VALUE>[0.16956174886861397, 0.15996057808366154, 0.0825568665267359, 0.03416745763848506, 0.010103136583975722, 0.0077244215371129596]</MEAN_VALUE>
		<CHECKBOX>2</CHECKBOX>
		<SD>[0.00370142012907592, 0.00379261121024992, 0.004605960498925278, 0.005059702391084514, 0.00535003977217968, 0.004760037444340659]</SD>
		<WAVELENGTH_UNIT>E-6m</WAVELENGTH_UNIT>
		<COLOR>#b95720</COLOR>
		<COVARIANCE_MATRIX>[[1.3708114238397684e-05, 1.02061949291965e-05, 7.540490969404345e-06, 1.7523080941828084e-06, 2.989040410739108e-07, 6.49433445687464e-07], [1.02061949291965e-05, 1.4391882359632291e-05, 9.636691174819134e-06, 3.37974574904365e-06, 2.351418061152799e-06, 1.6077583495643921e-06], [7.540490969404345e-06, 9.636691174819134e-06, 2.1226645912975073e-05, 1.5701543816248886e-05, 1.556437200633809e-05, 1.1877988072228618e-05], [1.7523080941828084e-06, 3.37974574904365e-06, 1.5701543816248886e-05, 2.5614795958972536e-05, 2.1443158402689733e-05, 1.676972533459775e-05], [2.989040410739108e-07, 2.351418061152799e-06, 1.556437200633809e-05, 2.1443158402689733e-05, 2.8638809453696012e-05, 2.0381792637635954e-05], [6.49433445687464e-07, 1.6077583495643921e-06, 1.1877988072228618e-05, 1.676972533459775e-05, 2.0381792637635954e-05, 2.2670530597679317e-05]]</COVARIANCE_MATRIX>
		<ROI_SIZE>1803</ROI_SIZE>
		<MAX_VALUE>[0.1814742386341095, 0.170916348695755, 0.10176990181207657, 0.06307687610387802, 0.03776497766375542, 0.03543374314904213]</MAX_VALUE>
		<MIN_VALUE>[0.14429153501987457, 0.13365192711353302, 0.06512373685836792, 0.023809868842363358, 0.0, 0.0]</MIN_VALUE>
		<SIGNATURE_THRESHOLD_MD>0.0</SIGNATURE_THRESHOLD_MD>
		<SIGNATURE_THRESHOLD_ML>0.0</SIGNATURE_THRESHOLD_ML>
		<SIGNATURE_THRESHOLD_SAM>0.0</SIGNATURE_THRESHOLD_SAM>
	</signature>
	<signature ID="20200825_123629262040_378">
		<MACROCLASSID>1</MACROCLASSID>
		<MACROCLASSINFO>waterbody</MACROCLASSINFO>
		<CLASSID>2</CLASSID>
		<CLASSINFO>C 1</CLASSINFO>
		<VALUES>[0.13768464940137595, 0.006756485834820981, 0.12652575582806483, 0.00950281121236785, 0.12145816745941874, 0.011591517570790542, 0.12111667138175905, 0.011035294546468405, 0.051642830646227274, 0.01648116766422769, 0.03449384862654197, 0.011915685406823162]</VALUES>
		<LCS_MIN>[0.1219819039106369, 0.10880894958972931, 0.09653472900390625, 0.09907164424657822, 0.027231184765696526, 0.01122979074716568]</LCS_MIN>
		<LCS_MAX>[0.16065189242362976, 0.15228413045406342, 0.1515040099620819, 0.15142767131328583, 0.08622041344642639, 0.06266318261623383]</LCS_MAX>
		<WAVELENGTH>[0.485, 0.56, 0.66, 0.83, 1.65, 2.215]</WAVELENGTH>
		<MEAN_VALUE>[0.13768464940137595, 0.12652575582806483, 0.12145816745941874, 0.12111667138175905, 0.051642830646227274, 0.03449384862654197]</MEAN_VALUE>
		<CHECKBOX>2</CHECKBOX>
		<SD>[0.006756485834820981, 0.00950281121236785, 0.011591517570790542, 0.011035294546468405, 0.01648116766422769, 0.011915685406823162]</SD>
		<WAVELENGTH_UNIT>E-6m</WAVELENGTH_UNIT>
		<COLOR>#8881a6</COLOR>
		<COVARIANCE_MATRIX>[[4.401115438668057e-05, 5.938839603913948e-05, 7.235396333271638e-05, 6.646344991168007e-05, -3.1008748919703066e-05, -1.4183497114572674e-05], [5.938839603913948e-05, 9.236125333700329e-05, 0.00010882320202654228, 9.994050924433395e-05, -5.628171857097186e-05, -2.9623988666571677e-05], [7.235396333271638e-05, 0.00010882320202654228, 0.00013741073780693114, 0.0001222599676111713, -7.72317944210954e-05, -4.2746065446408466e-05], [6.646344991168007e-05, 9.994050924433395e-05, 0.0001222599676111713, 0.00013209851749707013, -3.690852099680342e-05, -1.7897129509947263e-05], [-3.1008748919703066e-05, -5.628171857097186e-05, -7.72317944210954e-05, -3.690852099680342e-05, 0.00026390189304947853, 0.00018092883692588657], [-1.4183497114572674e-05, -2.9623988666571677e-05, -4.2746065446408466e-05, -1.7897129509947263e-05, 0.00018092883692588657, 0.00013878836762160063]]</COVARIANCE_MATRIX>
		<ROI_SIZE>970</ROI_SIZE>
		<MAX_VALUE>[0.16065189242362976, 0.15228413045406342, 0.1515040099620819, 0.15142767131328583, 0.08622041344642639, 0.06266318261623383]</MAX_VALUE>
		<MIN_VALUE>[0.1219819039106369, 0.10880894958972931, 0.09653472900390625, 0.09907164424657822, 0.027231184765696526, 0.01122979074716568]</MIN_VALUE>
		<SIGNATURE_THRESHOLD_MD>0.0</SIGNATURE_THRESHOLD_MD>
		<SIGNATURE_THRESHOLD_ML>0.0</SIGNATURE_THRESHOLD_ML>
		<SIGNATURE_THRESHOLD_SAM>0.0</SIGNATURE_THRESHOLD_SAM>
	</signature>
	<signature ID="20200825_123639125492_956">
		<MACROCLASSID>1</MACROCLASSID>
		<MACROCLASSINFO>waterbody</MACROCLASSINFO>
		<CLASSID>3</CLASSID>
		<CLASSINFO>C 1</CLASSINFO>
		<VALUES>[0.1409771021899601, 0.006190127320551135, 0.12946686363279433, 0.007632749681643334, 0.12422738202064247, 0.009449357204849332, 0.13124697199029633, 0.009958496073019331, 0.07823636442028134, 0.01575301214420517, 0.05617640956631857, 0.012434562959812842]</VALUES>
		<LCS_MIN>[0.12495652586221695, 0.11191432178020477, 0.10438749194145203, 0.11216064542531967, 0.052512284368276596, 0.029382752254605293]</LCS_MIN>
		<LCS_MAX>[0.17403770983219147, 0.1616002470254898, 0.16197432577610016, 0.16778892278671265, 0.11150152236223221, 0.08384165167808533]</LCS_MAX>
		<WAVELENGTH>[0.485, 0.56, 0.66, 0.83, 1.65, 2.215]</WAVELENGTH>
		<MEAN_VALUE>[0.1409771021899601, 0.12946686363279433, 0.12422738202064247, 0.13124697199029633, 0.07823636442028134, 0.05617640956631857]</MEAN_VALUE>
		<CHECKBOX>2</CHECKBOX>
		<SD>[0.006190127320551135, 0.007632749681643334, 0.009449357204849332, 0.009958496073019331, 0.01575301214420517, 0.012434562959812842]</SD>
		<WAVELENGTH_UNIT>E-6m</WAVELENGTH_UNIT>
		<COLOR>#5ff9e9</COLOR>
		<COVARIANCE_MATRIX>[[3.8381222111638635e-05, 3.990582627011463e-05, 4.951321898261085e-05, 4.4123844418209046e-05, 1.2123160558985546e-05, 2.0649442376452498e-05], [3.990582627011463e-05, 5.8355482906335965e-05, 6.732945621479303e-05, 5.9197926020715386e-05, 8.529398655809928e-06, 1.856854578363709e-05], [4.951321898261085e-05, 6.732945621479303e-05, 8.943842840380967e-05, 7.644262223038822e-05, 4.2654255594243295e-06, 1.8011429347097874e-05], [4.4123844418209046e-05, 5.9197926020715386e-05, 7.644262223038822e-05, 9.933610999723896e-05, 3.853047383017838e-05, 3.88528969779145e-05], [1.2123160558985546e-05, 8.529398655809928e-06, 4.2654255594243295e-06, 3.853047383017838e-05, 0.0002485689183231443, 0.00017771359125617892], [2.0649442376452498e-05, 1.856854578363709e-05, 1.8011429347097874e-05, 3.88528969779145e-05, 0.00017771359125617892, 0.00015487476775888354]]</COVARIANCE_MATRIX>
		<ROI_SIZE>604</ROI_SIZE>
		<MAX_VALUE>[0.17403770983219147, 0.1616002470254898, 0.16197432577610016, 0.16778892278671265, 0.11150152236223221, 0.08384165167808533]</MAX_VALUE>
		<MIN_VALUE>[0.12495652586221695, 0.11191432178020477, 0.10438749194145203, 0.11216064542531967, 0.052512284368276596, 0.029382752254605293]</MIN_VALUE>
		<SIGNATURE_THRESHOLD_MD>0.0</SIGNATURE_THRESHOLD_MD>
		<SIGNATURE_THRESHOLD_ML>0.0</SIGNATURE_THRESHOLD_ML>
		<SIGNATURE_THRESHOLD_SAM>0.0</SIGNATURE_THRESHOLD_SAM>
	</signature>
	<signature ID="20200825_123653485146_748">
		<MACROCLASSID>1</MACROCLASSID>
		<MACROCLASSINFO>waterbody</MACROCLASSINFO>
		<CLASSID>4</CLASSID>
		<CLASSINFO>C 1</CLASSINFO>
		<VALUES>[0.1089291966099536, 0.002730619757363227, 0.10729822804108544, 0.005034339445465514, 0.07778717876631318, 0.0054120452638211115, 0.042192589254280315, 0.008211922176743125, 0.014598770581300876, 0.005948732357228276, 0.0077154627015893285, 0.0037582678770753364]</VALUES>
		<LCS_MIN>[0.09669766575098038, 0.08086060732603073, 0.05727097764611244, 0.023809868842363358, 0.004056844860315323, 0.0]</LCS_MIN>
		<LCS_MAX>[0.116032674908638, 0.11501970142126083, 0.09129957109689713, 0.06634913384914398, 0.03355145826935768, 0.023331765085458755]</LCS_MAX>
		<WAVELENGTH>[0.485, 0.56, 0.66, 0.83, 1.65, 2.215]</WAVELENGTH>
		<MEAN_VALUE>[0.1089291966099536, 0.10729822804108544, 0.07778717876631318, 0.042192589254280315, 0.014598770581300876, 0.0077154627015893285]</MEAN_VALUE>
		<CHECKBOX>2</CHECKBOX>
		<SD>[0.002730619757363227, 0.005034339445465514, 0.0054120452638211115, 0.008211922176743125, 0.005948732357228276, 0.0037582678770753364]</SD>
		<WAVELENGTH_UNIT>E-6m</WAVELENGTH_UNIT>
		<COLOR>#be2a41</COLOR>
		<COVARIANCE_MATRIX>[[7.485184596589534e-06, 1.0333164937037509e-05, 8.396014891332015e-06, -6.561377176694805e-06, -7.0103624238981865e-06, -2.5698059289425146e-06], [1.0333164937037509e-05, 2.5442808691877872e-05, 2.0874909751000814e-05, -1.4815480426477734e-05, -1.3807572941004764e-05, -5.6679882618482225e-06], [8.396014891332015e-06, 2.0874909751000814e-05, 2.9403761800494976e-05, -1.2019901078019757e-05, -1.1282255400146823e-05, -4.391760285216151e-06], [-6.561377176694805e-06, -1.4815480426477734e-05, -1.2019901078019757e-05, 6.769704486941919e-05, 3.111266778432764e-05, 1.4147978617984336e-05], [-7.0103624238981865e-06, -1.3807572941004764e-05, -1.1282255400146823e-05, 3.111266778432764e-05, 3.552457565092482e-05, 1.47279470184003e-05], [-2.5698059289425146e-06, -5.6679882618482225e-06, -4.391760285216151e-06, 1.4147978617984336e-05, 1.47279470184003e-05, 1.4179323443386238e-05]]</COVARIANCE_MATRIX>
		<ROI_SIZE>259</ROI_SIZE>
		<MAX_VALUE>[0.116032674908638, 0.11501970142126083, 0.09129957109689713, 0.06634913384914398, 0.03355145826935768, 0.023331765085458755]</MAX_VALUE>
		<MIN_VALUE>[0.09669766575098038, 0.08086060732603073, 0.05727097764611244, 0.023809868842363358, 0.004056844860315323, 0.0]</MIN_VALUE>
		<SIGNATURE_THRESHOLD_MD>0.0</SIGNATURE_THRESHOLD_MD>
		<SIGNATURE_THRESHOLD_ML>0.0</SIGNATURE_THRESHOLD_ML>
		<SIGNATURE_THRESHOLD_SAM>0.0</SIGNATURE_THRESHOLD_SAM>
	</signature>
	<signature ID="20200825_123939559720_782">
		<MACROCLASSID>1</MACROCLASSID>
		<MACROCLASSINFO>waterbody</MACROCLASSINFO>
		<CLASSID>5</CLASSID>
		<CLASSINFO>C 1</CLASSINFO>
		<VALUES>[0.10436248934281848, 0.006374464031072665, 0.08443026979742767, 0.009271728918171109, 0.04099828693793757, 0.004139807403305598, 0.028766104025223407, 0.004229333135326568, 0.007004334138028271, 0.0041243411190784555, 0.004206808051010332, 0.003345825517807541]</VALUES>
		<LCS_MIN>[0.08926112204790115, 0.06843911856412888, 0.031095141544938087, 0.017265362665057182, 0.0, 0.0]</LCS_MIN>
		<LCS_MAX>[0.1219819039106369, 0.11191432178020477, 0.06774131208658218, 0.05980462580919266, 0.03565821424126625, 0.029382752254605293]</LCS_MAX>
		<WAVELENGTH>[0.485, 0.56, 0.66, 0.83, 1.65, 2.215]</WAVELENGTH>
		<MEAN_VALUE>[0.10436248934281848, 0.08443026979742767, 0.04099828693793757, 0.028766104025223407, 0.007004334138028271, 0.004206808051010332]</MEAN_VALUE>
		<CHECKBOX>2</CHECKBOX>
		<SD>[0.006374464031072665, 0.009271728918171109, 0.004139807403305598, 0.004229333135326568, 0.0041243411190784555, 0.003345825517807541]</SD>
		<WAVELENGTH_UNIT>E-6m</WAVELENGTH_UNIT>
		<COLOR>#23cf47</COLOR>
		<COVARIANCE_MATRIX>[[3.2748266676208004e-05, 4.554048791760579e-05, 1.3869413123757113e-05, 1.4096891618464724e-06, -5.037865662416152e-07, -2.7754438747251697e-07], [4.554048791760579e-05, 7.700497371843085e-05, 2.381134072493296e-05, 4.2214273889840115e-06, 6.756216066605703e-07, 1.1796428367460976e-07], [1.3869413123757113e-05, 2.381134072493296e-05, 1.3969204701425042e-05, 5.122516540723154e-06, 4.7838061618676875e-06, 3.2094842481456e-06], [1.4096891618464724e-06, 4.2214273889840115e-06, 5.122516540723154e-06, 1.521097328804899e-05, 9.375285117130261e-06, 5.084290933154989e-06], [-5.037865662416152e-07, 6.756216066605703e-07, 4.7838061618676875e-06, 9.375285117130261e-06, 1.4384414498636033e-05, 6.95419703333755e-06], [-2.7754438747251697e-07, 1.1796428367460976e-07, 3.2094842481456e-06, 5.084290933154989e-06, 6.95419703333755e-06, 9.782048437045887e-06]]</COVARIANCE_MATRIX>
		<ROI_SIZE>4927</ROI_SIZE>
		<MAX_VALUE>[0.1219819039106369, 0.11191432178020477, 0.06774131208658218, 0.05980462580919266, 0.03565821424126625, 0.029382752254605293]</MAX_VALUE>
		<MIN_VALUE>[0.08926112204790115, 0.06843911856412888, 0.031095141544938087, 0.017265362665057182, 0.0, 0.0]</MIN_VALUE>
		<SIGNATURE_THRESHOLD_MD>0.0</SIGNATURE_THRESHOLD_MD>
		<SIGNATURE_THRESHOLD_ML>0.0</SIGNATURE_THRESHOLD_ML>
		<SIGNATURE_THRESHOLD_SAM>0.0</SIGNATURE_THRESHOLD_SAM>
	</signature>
	<signature ID="20200825_123953944406_862">
		<MACROCLASSID>1</MACROCLASSID>
		<MACROCLASSINFO>waterbody</MACROCLASSINFO>
		<CLASSID>6</CLASSID>
		<CLASSINFO>C 1</CLASSINFO>
		<VALUES>[0.12880289228410247, 0.0037174895065989625, 0.13941690275828802, 0.006962704812884031, 0.11816423970974241, 0.005617378477961393, 0.057236932779541984, 0.006723326926347159, 0.017523969592678063, 0.006438167954871828, 0.010725214016851049, 0.005290530361273759]</VALUES>
		<LCS_MIN>[0.11900728195905685, 0.12123043090105057, 0.10438749194145203, 0.04344337061047554, 0.004056844860315323, 0.0]</LCS_MIN>
		<LCS_MAX>[0.13685499131679535, 0.15228413045406342, 0.13056331872940063, 0.07943813502788544, 0.041978493332862854, 0.032408248633146286]</LCS_MAX>
		<WAVELENGTH>[0.485, 0.56, 0.66, 0.83, 1.65, 2.215]</WAVELENGTH>
		<MEAN_VALUE>[0.12880289228410247, 0.13941690275828802, 0.11816423970974241, 0.057236932779541984, 0.017523969592678063, 0.010725214016851049]</MEAN_VALUE>
		<CHECKBOX>2</CHECKBOX>
		<SD>[0.0037174895065989625, 0.006962704812884031, 0.005617378477961393, 0.006723326926347159, 0.006438167954871828, 0.005290530361273759]</SD>
		<WAVELENGTH_UNIT>E-6m</WAVELENGTH_UNIT>
		<COLOR>#4af84f</COLOR>
		<COVARIANCE_MATRIX>[[1.0525148354645353e-05, 1.5709903891547583e-05, 1.1705786164384335e-05, -4.310567874199478e-06, 7.133490953492583e-08, 1.4859032262393157e-06], [1.5709903891547583e-05, 3.920080416719429e-05, 2.5057905077119358e-05, -1.3975134606880601e-05, -2.023405386353261e-06, 7.091907150424959e-07], [1.1705786164384335e-05, 2.5057905077119358e-05, 2.3128332031774335e-05, -6.02685940975789e-06, 2.0007121293019736e-06, 3.339010845593293e-06], [-4.310567874199478e-06, -1.3975134606880601e-05, -6.02685940975789e-06, 4.59955663245637e-05, 2.7180334654985927e-05, 1.8613238353282213e-05], [7.133490953492583e-08, -2.023405386353261e-06, 2.0007121293019736e-06, 2.7180334654985927e-05, 3.664686664706096e-05, 2.32742604566738e-05], [1.4859032262393157e-06, 7.091907150424959e-07, 3.339010845593293e-06, 1.8613238353282213e-05, 2.32742604566738e-05, 2.494454565749038e-05]]</COVARIANCE_MATRIX>
		<ROI_SIZE>717</ROI_SIZE>
		<MAX_VALUE>[0.13685499131679535, 0.15228413045406342, 0.13056331872940063, 0.07943813502788544, 0.041978493332862854, 0.032408248633146286]</MAX_VALUE>
		<MIN_VALUE>[0.11900728195905685, 0.12123043090105057, 0.10438749194145203, 0.04344337061047554, 0.004056844860315323, 0.0]</MIN_VALUE>
		<SIGNATURE_THRESHOLD_MD>0.0</SIGNATURE_THRESHOLD_MD>
		<SIGNATURE_THRESHOLD_ML>0.0</SIGNATURE_THRESHOLD_ML>
		<SIGNATURE_THRESHOLD_SAM>0.0</SIGNATURE_THRESHOLD_SAM>
	</signature>
	<signature ID="20200825_124001212735_875">
		<MACROCLASSID>1</MACROCLASSID>
		<MACROCLASSINFO>waterbody</MACROCLASSINFO>
		<CLASSID>7</CLASSID>
		<CLASSINFO>C 1</CLASSINFO>
		<VALUES>[0.13028026481198612, 0.005351276875182799, 0.13763661840837735, 0.007955903205772268, 0.12053222401437816, 0.009264800055896472, 0.07016532843728368, 0.007084332791721138, 0.00948370551186462, 0.00527492122078999, 0.005793396866034023, 0.003661907917526731]</VALUES>
		<LCS_MIN>[0.11157075315713882, 0.1181250512599945, 0.09915231168270111, 0.049987878650426865, 0.0, 0.0]</LCS_MIN>
		<LCS_MAX>[0.14280422031879425, 0.15538951754570007, 0.1384160816669464, 0.09252714365720749, 0.03565821424126625, 0.0263572596013546]</LCS_MAX>
		<WAVELENGTH>[0.485, 0.56, 0.66, 0.83, 1.65, 2.215]</WAVELENGTH>
		<MEAN_VALUE>[0.13028026481198612, 0.13763661840837735, 0.12053222401437816, 0.07016532843728368, 0.00948370551186462, 0.005793396866034023]</MEAN_VALUE>
		<CHECKBOX>2</CHECKBOX>
		<SD>[0.005351276875182799, 0.007955903205772268, 0.009264800055896472, 0.007084332791721138, 0.00527492122078999, 0.003661907917526731]</SD>
		<WAVELENGTH_UNIT>E-6m</WAVELENGTH_UNIT>
		<COLOR>#7bda1b</COLOR>
		<COVARIANCE_MATRIX>[[3.0828268791083246e-05, 3.954804196837358e-05, 4.880748383584432e-05, 1.1797860679507721e-05, -6.886180926812813e-06, -4.065536813868675e-06], [3.954804196837358e-05, 6.66010964778252e-05, 7.747249765088782e-05, 1.0591759746603202e-05, -1.5709580111433752e-05, -8.62099932419369e-06], [4.880748383584432e-05, 7.747249765088782e-05, 0.00010000064503401518, 2.2802805688115768e-05, -1.5088978216226678e-05, -8.126423381327186e-06], [1.1797860679507721e-05, 1.0591759746603202e-05, 2.2802805688115768e-05, 6.08065165579319e-05, 2.0138542822678573e-05, 1.0951526746794116e-05], [-6.886180926812813e-06, -1.5709580111433752e-05, -1.5088978216226678e-05, 2.0138542822678573e-05, 2.581367334641982e-05, 1.30159451146028e-05], [-4.065536813868675e-06, -8.62099932419369e-06, -8.126423381327186e-06, 1.0951526746794116e-05, 1.30159451146028e-05, 1.291829175897874e-05]]</COVARIANCE_MATRIX>
		<ROI_SIZE>3575</ROI_SIZE>
		<MAX_VALUE>[0.14280422031879425, 0.15538951754570007, 0.1384160816669464, 0.09252714365720749, 0.03565821424126625, 0.0263572596013546]</MAX_VALUE>
		<MIN_VALUE>[0.11157075315713882, 0.1181250512599945, 0.09915231168270111, 0.049987878650426865, 0.0, 0.0]</MIN_VALUE>
		<SIGNATURE_THRESHOLD_MD>0.0</SIGNATURE_THRESHOLD_MD>
		<SIGNATURE_THRESHOLD_ML>0.0</SIGNATURE_THRESHOLD_ML>
		<SIGNATURE_THRESHOLD_SAM>0.0</SIGNATURE_THRESHOLD_SAM>
	</signature>
	<signature ID="20200825_124027918953_305">
		<MACROCLASSID>1</MACROCLASSID>
		<MACROCLASSINFO>waterbody</MACROCLASSINFO>
		<CLASSID>8</CLASSID>
		<CLASSINFO>C 1</CLASSINFO>
		<VALUES>[0.13172453303228723, 0.002942511887026374, 0.12740980852583453, 0.004140378118567134, 0.12374173782088539, 0.005350477493214546, 0.134901138304761, 0.00976565309759787, 0.06084355883149787, 0.016503682510225756, 0.03939133217426563, 0.01090477419889111]</VALUES>
		<LCS_MIN>[0.11900728195905685, 0.11501970142126083, 0.10700507462024689, 0.12197739630937576, 0.03565821424126625, 0.020306270569562912]</LCS_MIN>
		<LCS_MAX>[0.1398296058177948, 0.1367572695016861, 0.1384160816669464, 0.16778892278671265, 0.09464744478464127, 0.06568868458271027]</LCS_MAX>
		<WAVELENGTH>[0.485, 0.56, 0.66, 0.83, 1.65, 2.215]</WAVELENGTH>
		<MEAN_VALUE>[0.13172453303228723, 0.12740980852583453, 0.12374173782088539, 0.134901138304761, 0.06084355883149787, 0.03939133217426563]</MEAN_VALUE>
		<CHECKBOX>2</CHECKBOX>
		<SD>[0.002942511887026374, 0.004140378118567134, 0.005350477493214546, 0.00976565309759787, 0.016503682510225756, 0.01090477419889111]</SD>
		<WAVELENGTH_UNIT>E-6m</WAVELENGTH_UNIT>
		<COLOR>#1ef609</COLOR>
		<COVARIANCE_MATRIX>[[8.702327249920927e-06, 7.598519914608914e-06, 1.0376363206887618e-05, -1.0734130228229333e-05, -2.265028888359666e-05, -1.2896076441393234e-05], [7.598519914608914e-06, 1.7229749573743902e-05, 1.872410939540714e-05, -4.595961854647612e-06, -3.550395558704622e-05, -2.0668850993388332e-05], [1.0376363206887618e-05, 1.872410939540714e-05, 2.8772927180398256e-05, -5.350568699213909e-06, -4.863655340159312e-05, -2.8784741516574286e-05], [-1.0734130228229333e-05, -4.595961854647612e-06, -5.350568699213909e-06, 9.585208317730576e-05, 5.583473830483854e-05, 3.065944110858254e-05], [-2.265028888359666e-05, -3.550395558704622e-05, -4.863655340159312e-05, 5.583473830483854e-05, 0.000273754121735692, 0.00017118430696427822], [-1.2896076441393234e-05, -2.0668850993388332e-05, -2.8784741516574286e-05, 3.065944110858254e-05, 0.00017118430696427822, 0.0001195177246700041]]</COVARIANCE_MATRIX>
		<ROI_SIZE>198</ROI_SIZE>
		<MAX_VALUE>[0.1398296058177948, 0.1367572695016861, 0.1384160816669464, 0.16778892278671265, 0.09464744478464127, 0.06568868458271027]</MAX_VALUE>
		<MIN_VALUE>[0.11900728195905685, 0.11501970142126083, 0.10700507462024689, 0.12197739630937576, 0.03565821424126625, 0.020306270569562912]</MIN_VALUE>
		<SIGNATURE_THRESHOLD_MD>0.0</SIGNATURE_THRESHOLD_MD>
		<SIGNATURE_THRESHOLD_ML>0.0</SIGNATURE_THRESHOLD_ML>
		<SIGNATURE_THRESHOLD_SAM>0.0</SIGNATURE_THRESHOLD_SAM>
	</signature>
	<signature ID="20200825_124039705461_141">
		<MACROCLASSID>1</MACROCLASSID>
		<MACROCLASSINFO>waterbody</MACROCLASSINFO>
		<CLASSID>9</CLASSID>
		<CLASSINFO>C 1</CLASSINFO>
		<VALUES>[0.10929020941257475, 0.0036914013058194158, 0.09362713247537613, 0.0044987847800416585, 0.07966586616304187, 0.0053943234469136835, 0.09885349290238486, 0.020246863488301063, 0.056959888090689983, 0.01818399492180986, 0.03556820795767838, 0.011533189310794027]</VALUES>
		<LCS_MIN>[0.1041342169046402, 0.08707135170698166, 0.07035890221595764, 0.06962138414382935, 0.025124428793787956, 0.01728077605366707]</LCS_MIN>
		<LCS_MAX>[0.11900728195905685, 0.10259819775819778, 0.09129957109689713, 0.14815540611743927, 0.09043394029140472, 0.056612201035022736]</LCS_MAX>
		<WAVELENGTH>[0.485, 0.56, 0.66, 0.83, 1.65, 2.215]</WAVELENGTH>
		<MEAN_VALUE>[0.10929020941257475, 0.09362713247537613, 0.07966586616304187, 0.09885349290238486, 0.056959888090689983, 0.03556820795767838]</MEAN_VALUE>
		<CHECKBOX>2</CHECKBOX>
		<SD>[0.0036914013058194158, 0.0044987847800416585, 0.0053943234469136835, 0.020246863488301063, 0.01818399492180986, 0.011533189310794027]</SD>
		<WAVELENGTH_UNIT>E-6m</WAVELENGTH_UNIT>
		<COLOR>#7d5d22</COLOR>
		<COVARIANCE_MATRIX>[[1.3936135474068578e-05, 1.2351367331575602e-05, 1.4894251762598287e-05, 3.362540155649185e-06, 2.632529503898695e-05, 2.0971992853446864e-05], [1.2351367331575602e-05, 2.0699042579508387e-05, 2.2025111320544966e-05, 3.4949553082697093e-05, 5.121468348079361e-05, 3.1981900974642485e-05], [1.4894251762598287e-05, 2.2025111320544966e-05, 2.9760059987893328e-05, 3.653265957836993e-05, 6.219257920747623e-05, 3.8137495721457526e-05], [3.362540155649185e-06, 3.4949553082697093e-05, 3.653265957836993e-05, 0.00041925220284610987, 0.00030165782663971186, 0.00016428291564807296], [2.632529503898695e-05, 5.121468348079361e-05, 6.219257920747623e-05, 0.00030165782663971186, 0.0003381726273801178, 0.00019669218454509974], [2.0971992853446864e-05, 3.1981900974642485e-05, 3.8137495721457526e-05, 0.00016428291564807296, 0.00019669218454509974, 0.00013603751722257584]]</COVARIANCE_MATRIX>
		<ROI_SIZE>45</ROI_SIZE>
		<MAX_VALUE>[0.11900728195905685, 0.10259819775819778, 0.09129957109689713, 0.14815540611743927, 0.09043394029140472, 0.056612201035022736]</MAX_VALUE>
		<MIN_VALUE>[0.1041342169046402, 0.08707135170698166, 0.07035890221595764, 0.06962138414382935, 0.025124428793787956, 0.01728077605366707]</MIN_VALUE>
		<SIGNATURE_THRESHOLD_MD>0.0</SIGNATURE_THRESHOLD_MD>
		<SIGNATURE_THRESHOLD_ML>0.0</SIGNATURE_THRESHOLD_ML>
		<SIGNATURE_THRESHOLD_SAM>0.0</SIGNATURE_THRESHOLD_SAM>
	</signature>
	<signature ID="20200825_124053141107_609">
		<MACROCLASSID>1</MACROCLASSID>
		<MACROCLASSINFO>waterbody</MACROCLASSINFO>
		<CLASSID>10</CLASSID>
		<CLASSINFO>C 1</CLASSINFO>
		<VALUES>[0.11276510154659089, 0.006087207813188053, 0.10114485075578143, 0.006978678423615927, 0.07576592903120148, 0.008318141529253767, 0.0545547050376884, 0.009746751825736326, 0.016037966261119255, 0.008154226833891009, 0.009236194562599677, 0.005368259019491868]</VALUES>
		<LCS_MIN>[0.10115959495306015, 0.08707135170698166, 0.0598885603249073, 0.027082117274403572, 0.0, 0.0]</LCS_MIN>
		<LCS_MAX>[0.12644383311271667, 0.11501970142126083, 0.09129957109689713, 0.07289363443851471, 0.041978493332862854, 0.032408248633146286]</LCS_MAX>
		<WAVELENGTH>[0.485, 0.56, 0.66, 0.83, 1.65, 2.215]</WAVELENGTH>
		<MEAN_VALUE>[0.11276510154659089, 0.10114485075578143, 0.07576592903120148, 0.0545547050376884, 0.016037966261119255, 0.009236194562599677]</MEAN_VALUE>
		<CHECKBOX>2</CHECKBOX>
		<SD>[0.006087207813188053, 0.006978678423615927, 0.008318141529253767, 0.009746751825736326, 0.008154226833891009, 0.005368259019491868]</SD>
		<WAVELENGTH_UNIT>E-6m</WAVELENGTH_UNIT>
		<COLOR>#955156</COLOR>
		<COVARIANCE_MATRIX>[[3.711658428073861e-05, 3.8874815800227225e-05, 4.684701343649067e-05, 2.4894668968045153e-05, 2.2445456124842167e-06, 1.7313188891421305e-06], [3.8874815800227225e-05, 4.87840807181783e-05, 5.427158248494379e-05, 2.9850356440874748e-05, 3.74676960746001e-06, 1.995256070586038e-06], [4.684701343649067e-05, 5.427158248494379e-05, 6.930816016392782e-05, 3.978747554356232e-05, 5.642592441290617e-06, 3.042468506464502e-06], [2.4894668968045153e-05, 2.9850356440874748e-05, 3.978747554356232e-05, 9.515937563264742e-05, 5.7033594202948734e-05, 3.0021385100553744e-05], [2.2445456124842167e-06, 3.74676960746001e-06, 5.642592441290617e-06, 5.7033594202948734e-05, 6.660354119958356e-05, 3.572109926608391e-05], [1.7313188891421305e-06, 1.995256070586038e-06, 3.042468506464502e-06, 3.0021385100553744e-05, 3.572109926608391e-05, 2.886680158553645e-05]]</COVARIANCE_MATRIX>
		<ROI_SIZE>594</ROI_SIZE>
		<MAX_VALUE>[0.12644383311271667, 0.11501970142126083, 0.09129957109689713, 0.07289363443851471, 0.041978493332862854, 0.032408248633146286]</MAX_VALUE>
		<MIN_VALUE>[0.10115959495306015, 0.08707135170698166, 0.0598885603249073, 0.027082117274403572, 0.0, 0.0]</MIN_VALUE>
		<SIGNATURE_THRESHOLD_MD>0.0</SIGNATURE_THRESHOLD_MD>
		<SIGNATURE_THRESHOLD_ML>0.0</SIGNATURE_THRESHOLD_ML>
		<SIGNATURE_THRESHOLD_SAM>0.0</SIGNATURE_THRESHOLD_SAM>
	</signature>
	<signature ID="20200825_124111626916_929">
		<MACROCLASSID>1</MACROCLASSID>
		<MACROCLASSINFO>waterbody</MACROCLASSINFO>
		<CLASSID>11</CLASSID>
		<CLASSINFO>C 1</CLASSINFO>
		<VALUES>[0.1041899866424501, 0.0017977905723827285, 0.0886628543026745, 0.0024547041536083255, 0.06466565718874334, 0.0022959873025567485, 0.047697298880666504, 0.007733183565901942, 0.012062526366207743, 0.007201601091183533, 0.0067729754140600585, 0.004789808393437462]</VALUES>
		<LCS_MIN>[0.10115959495306015, 0.0839659795165062, 0.0598885603249073, 0.040171120315790176, 0.004056844860315323, 0.0]</LCS_MIN>
		<LCS_MAX>[0.10859613120555878, 0.09328208863735199, 0.06774131208658218, 0.06962138414382935, 0.039871737360954285, 0.020306270569562912]</LCS_MAX>
		<WAVELENGTH>[0.485, 0.56, 0.66, 0.83, 1.65, 2.215]</WAVELENGTH>
		<MEAN_VALUE>[0.1041899866424501, 0.0886628543026745, 0.06466565718874334, 0.047697298880666504, 0.012062526366207743, 0.0067729754140600585]</MEAN_VALUE>
		<CHECKBOX>2</CHECKBOX>
		<SD>[0.0017977905723827285, 0.0024547041536083255, 0.0022959873025567485, 0.007733183565901942, 0.007201601091183533, 0.004789808393437462]</SD>
		<WAVELENGTH_UNIT>E-6m</WAVELENGTH_UNIT>
		<COLOR>#8cd852</COLOR>
		<COVARIANCE_MATRIX>[[3.2729628856031923e-06, 1.254775156667165e-06, 1.0114802080352092e-06, 4.0721251934883185e-06, 4.267757503839675e-06, 3.318831659271382e-06], [1.254775156667165e-06, 6.101845428929664e-06, 2.79612208942126e-06, 6.907283477630699e-06, 6.4760129134810995e-06, 4.923188953398494e-06], [1.0114802080352092e-06, 2.79612208942126e-06, 5.3382864280138165e-06, 8.370221621589735e-06, 7.692532562941778e-06, 4.791809260495938e-06], [4.0721251934883185e-06, 6.907283477630699e-06, 8.370221621589735e-06, 6.055911580915563e-05, 4.5447010052157566e-05, 2.6807265385286883e-05], [4.267757503839675e-06, 6.4760129134810995e-06, 7.692532562941778e-06, 4.5447010052157566e-05, 5.2519553719321266e-05, 2.9678250939468853e-05], [3.318831659271382e-06, 4.923188953398494e-06, 4.791809260495938e-06, 2.6807265385286883e-05, 2.9678250939468853e-05, 2.3232672901940532e-05]]</COVARIANCE_MATRIX>
		<ROI_SIZE>80</ROI_SIZE>
		<MAX_VALUE>[0.10859613120555878, 0.09328208863735199, 0.06774131208658218, 0.06962138414382935, 0.039871737360954285, 0.020306270569562912]</MAX_VALUE>
		<MIN_VALUE>[0.10115959495306015, 0.0839659795165062, 0.0598885603249073, 0.040171120315790176, 0.004056844860315323, 0.0]</MIN_VALUE>
		<SIGNATURE_THRESHOLD_MD>0.0</SIGNATURE_THRESHOLD_MD>
		<SIGNATURE_THRESHOLD_ML>0.0</SIGNATURE_THRESHOLD_ML>
		<SIGNATURE_THRESHOLD_SAM>0.0</SIGNATURE_THRESHOLD_SAM>
	</signature>
	<signature ID="20200825_124121234387_675">
		<MACROCLASSID>1</MACROCLASSID>
		<MACROCLASSINFO>waterbody</MACROCLASSINFO>
		<CLASSID>12</CLASSID>
		<CLASSINFO>C 1</CLASSINFO>
		<VALUES>[0.10861097867794998, 0.007166693568255437, 0.0960042235490523, 0.012081213645904263, 0.07425202141953686, 0.012075174354243939, 0.04702443943549957, 0.007069915326660831, 0.010075061926837965, 0.004152542796908374, 0.005620743584110925, 0.0028854408245177713]</VALUES>
		<LCS_MIN>[0.09372305870056152, 0.06843911856412888, 0.04941822588443756, 0.030354369431734085, 0.0019500863272696733, 0.0]</LCS_MIN>
		<LCS_MAX>[0.12495652586221695, 0.12123043090105057, 0.09915231168270111, 0.06962138414382935, 0.03355145826935768, 0.020306270569562912]</LCS_MAX>
		<WAVELENGTH>[0.485, 0.56, 0.66, 0.83, 1.65, 2.215]</WAVELENGTH>
		<MEAN_VALUE>[0.10861097867794998, 0.0960042235490523, 0.07425202141953686, 0.04702443943549957, 0.010075061926837965, 0.005620743584110925]</MEAN_VALUE>
		<CHECKBOX>2</CHECKBOX>
		<SD>[0.007166693568255437, 0.012081213645904263, 0.012075174354243939, 0.007069915326660831, 0.004152542796908374, 0.0028854408245177713]</SD>
		<WAVELENGTH_UNIT>E-6m</WAVELENGTH_UNIT>
		<COLOR>#5ea214</COLOR>
		<COVARIANCE_MATRIX>[[5.140814755577594e-05, 8.298186730826274e-05, 8.34027086966671e-05, 2.0780074919457547e-05, -4.082304258190561e-06, -8.579254426877014e-07], [8.298186730826274e-05, 0.00014608829224016517, 0.00014274292334448546, 3.364883741596714e-05, -8.02481736172922e-06, -2.0115685401833616e-06], [8.34027086966671e-05, 0.00014274292334448546, 0.0001459422637708485, 3.4318527468713e-05, -7.287745575013105e-06, -1.6675435290380847e-06], [2.0780074919457547e-05, 3.364883741596714e-05, 3.4318527468713e-05, 5.002910256735049e-05, 1.657346911088098e-05, 7.047189228615025e-06], [-4.082304258190561e-06, -8.02481736172922e-06, -7.287745575013105e-06, 1.657346911088098e-05, 1.7259273590752855e-05, 6.389417649188545e-06], [-8.579254426877014e-07, -2.0115685401833616e-06, -1.6675435290380847e-06, 7.047189228615025e-06, 6.389417649188545e-06, 8.333330697496422e-06]]</COVARIANCE_MATRIX>
		<ROI_SIZE>1102</ROI_SIZE>
		<MAX_VALUE>[0.12495652586221695, 0.12123043090105057, 0.09915231168270111, 0.06962138414382935, 0.03355145826935768, 0.020306270569562912]</MAX_VALUE>
		<MIN_VALUE>[0.09372305870056152, 0.06843911856412888, 0.04941822588443756, 0.030354369431734085, 0.0019500863272696733, 0.0]</MIN_VALUE>
		<SIGNATURE_THRESHOLD_MD>0.0</SIGNATURE_THRESHOLD_MD>
		<SIGNATURE_THRESHOLD_ML>0.0</SIGNATURE_THRESHOLD_ML>
		<SIGNATURE_THRESHOLD_SAM>0.0</SIGNATURE_THRESHOLD_SAM>
	</signature>
	<signature ID="20200825_124130635817_674">
		<MACROCLASSID>1</MACROCLASSID>
		<MACROCLASSINFO>waterbody</MACROCLASSINFO>
		<CLASSID>13</CLASSID>
		<CLASSINFO>C 1</CLASSINFO>
		<VALUES>[0.10861708013944227, 0.002851545988436311, 0.10181092848660242, 0.00435183866821803, 0.07157552378698136, 0.004829204834240976, 0.05220010346719918, 0.007545782905720146, 0.02263192478305019, 0.006426303982139772, 0.015533660800838974, 0.005437406385308917]</VALUES>
		<LCS_MIN>[0.1041342169046402, 0.09328208863735199, 0.06512373685836792, 0.040171120315790176, 0.010377120226621628, 0.008204295299947262]</LCS_MIN>
		<LCS_MAX>[0.11751998215913773, 0.11501970142126083, 0.08606439083814621, 0.07616588473320007, 0.04408524930477142, 0.029382752254605293]</LCS_MAX>
		<WAVELENGTH>[0.485, 0.56, 0.66, 0.83, 1.65, 2.215]</WAVELENGTH>
		<MEAN_VALUE>[0.10861708013944227, 0.10181092848660242, 0.07157552378698136, 0.05220010346719918, 0.02263192478305019, 0.015533660800838974]</MEAN_VALUE>
		<CHECKBOX>2</CHECKBOX>
		<SD>[0.002851545988436311, 0.00435183866821803, 0.004829204834240976, 0.007545782905720146, 0.006426303982139772, 0.005437406385308917]</SD>
		<WAVELENGTH_UNIT>E-6m</WAVELENGTH_UNIT>
		<COLOR>#beac15</COLOR>
		<COVARIANCE_MATRIX>[[8.24747621663846e-06, 7.604503934999229e-06, 1.0151971764571499e-05, 1.1146747965540271e-05, 6.722626039845636e-06, 6.4654714151402e-06], [7.604503934999229e-06, 1.9209050151403062e-05, 1.6996400518110022e-05, 1.3524889254767913e-05, 5.8603955039870925e-06, 6.657985068159178e-06], [1.0151971764571499e-05, 1.6996400518110022e-05, 2.365438012930099e-05, 2.137556111847516e-05, 1.4026211829332169e-05, 1.3130091247148812e-05], [1.1146747965540271e-05, 1.3524889254767913e-05, 2.137556111847516e-05, 5.775225145043805e-05, 2.7160624085809104e-05, 2.5134893803624436e-05], [6.722626039845636e-06, 5.8603955039870925e-06, 1.4026211829332169e-05, 2.7160624085809104e-05, 4.1887346014846116e-05, 2.4812366973492317e-05], [6.4654714151402e-06, 6.657985068159178e-06, 1.3130091247148812e-05, 2.5134893803624436e-05, 2.4812366973492317e-05, 2.9987750167492777e-05]]</COVARIANCE_MATRIX>
		<ROI_SIZE>71</ROI_SIZE>
		<MAX_VALUE>[0.11751998215913773, 0.11501970142126083, 0.08606439083814621, 0.07616588473320007, 0.04408524930477142, 0.029382752254605293]</MAX_VALUE>
		<MIN_VALUE>[0.1041342169046402, 0.09328208863735199, 0.06512373685836792, 0.040171120315790176, 0.010377120226621628, 0.008204295299947262]</MIN_VALUE>
		<SIGNATURE_THRESHOLD_MD>0.0</SIGNATURE_THRESHOLD_MD>
		<SIGNATURE_THRESHOLD_ML>0.0</SIGNATURE_THRESHOLD_ML>
		<SIGNATURE_THRESHOLD_SAM>0.0</SIGNATURE_THRESHOLD_SAM>
	</signature>
	<signature ID="20200825_124149427640_271">
		<MACROCLASSID>1</MACROCLASSID>
		<MACROCLASSINFO>waterbody</MACROCLASSINFO>
		<CLASSID>14</CLASSID>
		<CLASSINFO>C 1</CLASSINFO>
		<VALUES>[0.09203872963205564, 0.0018069160054528647, 0.08040891682559793, 0.0021575948074623852, 0.05339559517897568, 0.0022643560155204343, 0.07196720550199603, 0.01094614566750065, 0.018530547718045787, 0.007914516979775956, 0.010155450124535458, 0.0044214317194166295]</VALUES>
		<LCS_MIN>[0.0862865149974823, 0.0746498629450798, 0.0468006506562233, 0.049987878650426865, 0.004056844860315323, 0.0]</LCS_MIN>
		<LCS_MAX>[0.09967228025197983, 0.08707135170698166, 0.0598885603249073, 0.09252714365720749, 0.039871737360954285, 0.023331765085458755]</LCS_MAX>
		<WAVELENGTH>[0.485, 0.56, 0.66, 0.83, 1.65, 2.215]</WAVELENGTH>
		<MEAN_VALUE>[0.09203872963205564, 0.08040891682559793, 0.05339559517897568, 0.07196720550199603, 0.018530547718045787, 0.010155450124535458]</MEAN_VALUE>
		<CHECKBOX>2</CHECKBOX>
		<SD>[0.0018069160054528647, 0.0021575948074623852, 0.0022643560155204343, 0.01094614566750065, 0.007914516979775956, 0.0044214317194166295]</SD>
		<WAVELENGTH_UNIT>E-6m</WAVELENGTH_UNIT>
		<COLOR>#f75399</COLOR>
		<COVARIANCE_MATRIX>[[3.2734478736529127e-06, 9.571871260050102e-07, 1.008706590255315e-06, 4.443038051249459e-06, 3.585265403671656e-06, 1.471844143452472e-06], [9.571871260050102e-07, 4.66733808934805e-06, 1.7165446024591802e-06, 7.810254828655161e-06, 4.322791482991306e-06, 1.8867557400881196e-06], [1.008706590255315e-06, 1.7165446024591802e-06, 5.140660505276173e-06, 9.359996511193458e-06, 8.616212653578259e-06, 4.1251237234973814e-06], [4.443038051249459e-06, 7.810254828655161e-06, 9.359996511193458e-06, 0.0001201301347464323, 6.365752778947353e-05, 2.8183061658637598e-05], [3.585265403671656e-06, 4.322791482991306e-06, 8.616212653578259e-06, 6.365752778947353e-05, 6.280270463321358e-05, 2.796591979858931e-05], [1.471844143452472e-06, 1.8867557400881196e-06, 4.1251237234973814e-06, 2.8183061658637598e-05, 2.796591979858931e-05, 1.95999673451297e-05]]</COVARIANCE_MATRIX>
		<ROI_SIZE>385</ROI_SIZE>
		<MAX_VALUE>[0.09967228025197983, 0.08707135170698166, 0.0598885603249073, 0.09252714365720749, 0.039871737360954285, 0.023331765085458755]</MAX_VALUE>
		<MIN_VALUE>[0.0862865149974823, 0.0746498629450798, 0.0468006506562233, 0.049987878650426865, 0.004056844860315323, 0.0]</MIN_VALUE>
		<SIGNATURE_THRESHOLD_MD>0.0</SIGNATURE_THRESHOLD_MD>
		<SIGNATURE_THRESHOLD_ML>0.0</SIGNATURE_THRESHOLD_ML>
		<SIGNATURE_THRESHOLD_SAM>0.0</SIGNATURE_THRESHOLD_SAM>
	</signature>
	<signature ID="20200825_124210416598_689">
		<MACROCLASSID>1</MACROCLASSID>
		<MACROCLASSINFO>waterbody</MACROCLASSINFO>
		<CLASSID>15</CLASSID>
		<CLASSINFO>C 1</CLASSINFO>
		<VALUES>[0.117051753650109, 0.0032913502405311503, 0.11556025511688653, 0.0040919817226534975, 0.09243385068796299, 0.0049570522400656375, 0.06273753706503798, 0.013084605338315698, 0.019459588553204576, 0.00881027894859358, 0.012350342427897789, 0.0056059033257729604]</VALUES>
		<LCS_MIN>[0.10562151670455933, 0.09949284046888351, 0.0729764923453331, 0.040171120315790176, 0.0061636026948690414, 0.002153306268155575]</LCS_MIN>
		<LCS_MAX>[0.12495652586221695, 0.12123043090105057, 0.10438749194145203, 0.08598264306783676, 0.041978493332862854, 0.032408248633146286]</LCS_MAX>
		<WAVELENGTH>[0.485, 0.56, 0.66, 0.83, 1.65, 2.215]</WAVELENGTH>
		<MEAN_VALUE>[0.117051753650109, 0.11556025511688653, 0.09243385068796299, 0.06273753706503798, 0.019459588553204576, 0.012350342427897789]</MEAN_VALUE>
		<CHECKBOX>2</CHECKBOX>
		<SD>[0.0032913502405311503, 0.0040919817226534975, 0.0049570522400656375, 0.013084605338315698, 0.00881027894859358, 0.0056059033257729604]</SD>
		<WAVELENGTH_UNIT>E-6m</WAVELENGTH_UNIT>
		<COLOR>#62a1e5</COLOR>
		<COVARIANCE_MATRIX>[[1.0873257451748941e-05, 9.268119356420357e-06, 1.2328309821896255e-05, -6.85364057062543e-06, -4.211509349261178e-06, -1.1461785334176966e-06], [9.268119356420357e-06, 1.680656168900896e-05, 1.6246041923295707e-05, -2.040339313680306e-05, -1.2734842130157631e-05, -5.567570042330772e-06], [1.2328309821896255e-05, 1.6246041923295707e-05, 2.466371370246634e-05, -1.827282176236622e-05, -1.054541553457966e-05, -3.1010615657578455e-06], [-6.85364057062543e-06, -2.040339313680306e-05, -1.827282176236622e-05, 0.00017184334865305573, 8.343627268914133e-05, 4.141771205468103e-05], [-4.211509349261178e-06, -1.2734842130157631e-05, -1.054541553457966e-05, 8.343627268914133e-05, 7.790957170072943e-05, 4.098990393686108e-05], [-1.1461785334176966e-06, -5.567570042330772e-06, -3.1010615657578455e-06, 4.141771205468103e-05, 4.098990393686108e-05, 3.154297883156687e-05]]</COVARIANCE_MATRIX>
		<ROI_SIZE>270</ROI_SIZE>
		<MAX_VALUE>[0.12495652586221695, 0.12123043090105057, 0.10438749194145203, 0.08598264306783676, 0.041978493332862854, 0.032408248633146286]</MAX_VALUE>
		<MIN_VALUE>[0.10562151670455933, 0.09949284046888351, 0.0729764923453331, 0.040171120315790176, 0.0061636026948690414, 0.002153306268155575]</MIN_VALUE>
		<SIGNATURE_THRESHOLD_MD>0.0</SIGNATURE_THRESHOLD_MD>
		<SIGNATURE_THRESHOLD_ML>0.0</SIGNATURE_THRESHOLD_ML>
		<SIGNATURE_THRESHOLD_SAM>0.0</SIGNATURE_THRESHOLD_SAM>
	</signature>
	<signature ID="20200825_124224301234_304">
		<MACROCLASSID>1</MACROCLASSID>
		<MACROCLASSINFO>waterbody</MACROCLASSINFO>
		<CLASSID>16</CLASSID>
		<CLASSINFO>C 1</CLASSINFO>
		<VALUES>[0.09487312417044196, 0.0038393582997215403, 0.08291881839030013, 0.006623314604420917, 0.062049592845141895, 0.007955484151846005, 0.03916281186650658, 0.006509540288925784, 0.01420050304177282, 0.006796427343683674, 0.010528879242862556, 0.0060811515977187034]</VALUES>
