<?xml version="1.0" ?>
<signaturelist MCID_LIST="[['1', 'waterbody', '#0000ff'], ['2', 'vegetation', '#00ff00'], ['3', 'bareland', '#ffaa00'], ['4', 'built-up', '#ff0000']]">
	<signature ID="20200807_095753491937_880">
		<MACROCLASSID>1</MACROCLASSID>
		<MACROCLASSINFO>MC 1</MACROCLASSINFO>
		<CLASSID>1</CLASSID>
		<CLASSINFO>C 1</CLASSINFO>
		<VALUES>[0.13369002101016872, 0.0023517894177325174, 0.11614926720374402, 0.004742519910157044, 0.09049613996656072, 0.005494172694465811, 0.06211917660723204, 0.013709454151383917, 0.023192875392068792, 0.015785250395400793, 0.0143947798476131, 0.012098708451007975]</VALUES>
		<LCS_MIN>[0.122453972697258, 0.091078020632267, 0.07360760867595673, 0.04528858885169029, 0.0026263913605362177, 0.0]</LCS_MIN>
		<LCS_MAX>[0.1417696326971054, 0.12926258146762848, 0.12296294420957565, 0.12020916491746902, 0.07923613488674164, 0.0762457475066185]</LCS_MAX>
		<WAVELENGTH>[0.485, 0.56, 0.66, 0.83, 1.65, 2.215]</WAVELENGTH>
		<MEAN_VALUE>[0.13369002101016872, 0.11614926720374402, 0.09049613996656072, 0.06211917660723204, 0.023192875392068792, 0.0143947798476131]</MEAN_VALUE>
		<CHECKBOX>2</CHECKBOX>
		<SD>[0.0023517894177325174, 0.004742519910157044, 0.005494172694465811, 0.013709454151383917, 0.015785250395400793, 0.012098708451007975]</SD>
		<WAVELENGTH_UNIT>E-6m</WAVELENGTH_UNIT>
		<COLOR>#8707a4</COLOR>
		<COVARIANCE_MATRIX>[[5.648701971949777e-06, 6.233177373360377e-06, 5.7798606576398015e-06, -3.956532054871786e-06, -3.1411850613949355e-06, -1.0518982662688359e-06], [6.233177373360377e-06, 2.184762888646219e-05, 1.49527904795832e-05, -1.2333456652413588e-05, -8.920160325942561e-06, -2.6344073376094457e-06], [5.7798606576398015e-06, 1.49527904795832e-05, 2.973769915115554e-05, 2.8218732040841132e-05, 3.6046501918463036e-05, 3.183737499057315e-05], [-3.956532054871786e-06, -1.2333456652413588e-05, 2.8218732040841132e-05, 0.00018126453505828977, 0.00018897086556535214, 0.00013945953105576336], [-3.1411850613949355e-06, -8.920160325942561e-06, 3.6046501918463036e-05, 0.00018897086556535214, 0.0002520025009289384, 0.00018069417274091393], [-1.0518982662688359e-06, -2.6344073376094457e-06, 3.183737499057315e-05, 0.00013945953105576336, 0.00018069417274091393, 0.00015473258099518716]]</COVARIANCE_MATRIX>
		<ROI_SIZE>3861</ROI_SIZE>
		<MAX_VALUE>[0.1417696326971054, 0.12926258146762848, 0.12296294420957565, 0.12020916491746902, 0.07923613488674164, 0.0762457475066185]</MAX_VALUE>
		<MIN_VALUE>[0.122453972697258, 0.091078020632267, 0.07360760867595673, 0.04528858885169029, 0.0026263913605362177, 0.0]</MIN_VALUE>
		<SIGNATURE_THRESHOLD_MD>0.0</SIGNATURE_THRESHOLD_MD>
		<SIGNATURE_THRESHOLD_ML>0.0</SIGNATURE_THRESHOLD_ML>
		<SIGNATURE_THRESHOLD_SAM>0.0</SIGNATURE_THRESHOLD_SAM>
	</signature>
	<signature ID="20200807_095829409408_842">
		<MACROCLASSID>1</MACROCLASSID>
		<MACROCLASSINFO>MC 1</MACROCLASSINFO>
		<CLASSID>3</CLASSID>
		<CLASSINFO>C 1</CLASSINFO>
		<VALUES>[0.13449953220244482, 0.0024723572910842553, 0.11649347931432022, 0.003974510194700343, 0.08756686416843193, 0.0036748715897898755, 0.061078161994955894, 0.009016457837599592, 0.01910930684934561, 0.010059881246283374, 0.010910877155932482, 0.007939602057638221]</VALUES>
		<LCS_MIN>[0.11718606948852539, 0.091078020632267, 0.06655684113502502, 0.04528858885169029, 0.005463789217174053, 0.0]</LCS_MIN>
		<LCS_MAX>[0.1400136500597, 0.12544411420822144, 0.10181067138910294, 0.10258080065250397, 0.059374354779720306, 0.05179718881845474]</LCS_MAX>
		<WAVELENGTH>[0.485, 0.56, 0.66, 0.83, 1.65, 2.215]</WAVELENGTH>
		<MEAN_VALUE>[0.13449953220244482, 0.11649347931432022, 0.08756686416843193, 0.061078161994955894, 0.01910930684934561, 0.010910877155932482]</MEAN_VALUE>
		<CHECKBOX>2</CHECKBOX>
		<SD>[0.0024723572910842553, 0.003974510194700343, 0.0036748715897898755, 0.009016457837599592, 0.010059881246283374, 0.007939602057638221]</SD>
		<WAVELENGTH_UNIT>E-6m</WAVELENGTH_UNIT>
		<COLOR>#9c2f15</COLOR>
		<COVARIANCE_MATRIX>[[6.026703886163887e-06, 5.462618901219685e-06, 3.3271096526732435e-06, -4.4028079173585866e-06, -4.222808001941303e-06, -2.5943324999389006e-06], [5.462618901219685e-06, 1.6305069948430173e-05, 6.652708634646842e-06, -9.744512681209017e-06, -7.403116796922404e-06, -4.340073701314395e-06], [3.3271096526732435e-06, 6.652708634646842e-06, 1.3793895959679503e-05, 1.0457414646225516e-05, 1.4224786355043761e-05, 1.2295287888264284e-05], [-4.4028079173585866e-06, -9.744512681209017e-06, 1.0457414646225516e-05, 8.924547728383914e-05, 8.317625179188326e-05, 5.98061851633247e-05], [-4.222808001941303e-06, -7.403116796922404e-06, 1.4224786355043761e-05, 8.317625179188326e-05, 0.00011163913586642593, 7.464724330930039e-05], [-2.5943324999389006e-06, -4.340073701314395e-06, 1.2295287888264284e-05, 5.98061851633247e-05, 7.464724330930039e-05, 6.900380685692653e-05]]</COVARIANCE_MATRIX>
		<ROI_SIZE>2449</ROI_SIZE>
		<MAX_VALUE>[0.1400136500597, 0.12544411420822144, 0.10181067138910294, 0.10258080065250397, 0.059374354779720306, 0.05179718881845474]</MAX_VALUE>
		<MIN_VALUE>[0.11718606948852539, 0.091078020632267, 0.06655684113502502, 0.04528858885169029, 0.005463789217174053, 0.0]</MIN_VALUE>
		<SIGNATURE_THRESHOLD_MD>0.0</SIGNATURE_THRESHOLD_MD>
		<SIGNATURE_THRESHOLD_ML>0.0</SIGNATURE_THRESHOLD_ML>
		<SIGNATURE_THRESHOLD_SAM>0.0</SIGNATURE_THRESHOLD_SAM>
	</signature>
	<signature ID="20200807_095835289374_409">
		<MACROCLASSID>1</MACROCLASSID>
		<MACROCLASSINFO>MC 1</MACROCLASSINFO>
		<CLASSID>4</CLASSID>
		<CLASSINFO>C 1</CLASSINFO>
		<VALUES>[0.12622731907796955, 0.0028511908754683644, 0.10035482120416366, 0.00378762681318228, 0.07403350926918238, 0.005518905170276555, 0.059244956716674436, 0.010505378765228742, 0.01982770297481789, 0.010858805128483294, 0.01130568493369588, 0.00817889045574954]</VALUES>
		<LCS_MIN>[0.11718606948852539, 0.08725956827402115, 0.05950608104467392, 0.049695685505867004, 0.005463789217174053, 0.0]</LCS_MIN>
		<LCS_MAX>[0.1347457617521286, 0.11780721694231033, 0.10181067138910294, 0.10258080065250397, 0.059374354779720306, 0.05179718881845474]</LCS_MAX>
		<WAVELENGTH>[0.485, 0.56, 0.66, 0.83, 1.65, 2.215]</WAVELENGTH>
		<MEAN_VALUE>[0.12622731907796955, 0.10035482120416366, 0.07403350926918238, 0.059244956716674436, 0.01982770297481789, 0.01130568493369588]</MEAN_VALUE>
		<CHECKBOX>2</CHECKBOX>
		<SD>[0.0028511908754683644, 0.00378762681318228, 0.005518905170276555, 0.010505378765228742, 0.010858805128483294, 0.00817889045574954]</SD>
		<WAVELENGTH_UNIT>E-6m</WAVELENGTH_UNIT>
		<COLOR>#37c1fb</COLOR>
		<COVARIANCE_MATRIX>[[8.69078667165013e-06, 7.4028635026479606e-06, 8.838523172016721e-06, 1.3489460570781375e-07, 3.8059085909480928e-06, 3.70001566807332e-06], [7.4028635026479606e-06, 1.6679379768902436e-05, 1.5216401152429171e-05, 7.229944003483979e-07, 8.25125152914552e-06, 8.88449631020194e-06], [8.838523172016721e-06, 1.5216401152429171e-05, 2.7800384486909024e-05, 1.945144140336197e-05, 2.7165195206180215e-05, 2.207924444519449e-05], [1.3489460570781375e-07, 7.229944003483979e-07, 1.945144140336197e-05, 9.986830991692841e-05, 8.060197433223948e-05, 5.125697498442605e-05], [3.8059085909480928e-06, 8.25125152914552e-06, 2.7165195206180215e-05, 8.060197433223948e-05, 9.916801354847848e-05, 6.099295933381654e-05], [3.70001566807332e-06, 8.88449631020194e-06, 2.207924444519449e-05, 5.125697498442605e-05, 6.099295933381654e-05, 5.5343789426842704e-05]]</COVARIANCE_MATRIX>
		<ROI_SIZE>2558</ROI_SIZE>
		<MAX_VALUE>[0.1347457617521286, 0.11780721694231033, 0.10181067138910294, 0.10258080065250397, 0.059374354779720306, 0.05179718881845474]</MAX_VALUE>
		<MIN_VALUE>[0.11718606948852539, 0.08725956827402115, 0.05950608104467392, 0.049695685505867004, 0.005463789217174053, 0.0]</MIN_VALUE>
		<SIGNATURE_THRESHOLD_MD>0.0</SIGNATURE_THRESHOLD_MD>
		<SIGNATURE_THRESHOLD_ML>0.0</SIGNATURE_THRESHOLD_ML>
		<SIGNATURE_THRESHOLD_SAM>0.0</SIGNATURE_THRESHOLD_SAM>
	</signature>
	<signature ID="20200807_095847968051_715">
		<MACROCLASSID>1</MACROCLASSID>
		<MACROCLASSINFO>MC 1</MACROCLASSINFO>
		<CLASSID>5</CLASSID>
		<CLASSINFO>C 1</CLASSINFO>
		<VALUES>[0.13137509824558222, 0.0033276547472611572, 0.1167889591263628, 0.005168804025519548, 0.096315924532112, 0.006818509318480334, 0.07483130994028055, 0.01195454421290787, 0.0309416678937516, 0.014583140120154008, 0.02031526112201056, 0.012661650396956482]</VALUES>
		<LCS_MIN>[0.11894204467535019, 0.09489648044109344, 0.07360760867595673, 0.05410277470946312, 0.005463789217174053, 0.0]</LCS_MIN>
		<LCS_MAX>[0.1417696326971054, 0.12926258146762848, 0.11591217666864395, 0.11580207198858261, 0.06788655370473862, 0.05587194859981537]</LCS_MAX>
		<WAVELENGTH>[0.485, 0.56, 0.66, 0.83, 1.65, 2.215]</WAVELENGTH>
		<MEAN_VALUE>[0.13137509824558222, 0.1167889591263628, 0.096315924532112, 0.07483130994028055, 0.0309416678937516, 0.02031526112201056]</MEAN_VALUE>
		<CHECKBOX>2</CHECKBOX>
		<SD>[0.0033276547472611572, 0.005168804025519548, 0.006818509318480334, 0.01195454421290787, 0.014583140120154008, 0.012661650396956482]</SD>
		<WAVELENGTH_UNIT>E-6m</WAVELENGTH_UNIT>
		<COLOR>#174cd3</COLOR>
		<COVARIANCE_MATRIX>[[1.1098800314357504e-05, 1.2426548892108258e-05, 1.5940464436425827e-05, 9.617750947654713e-06, 2.8668630420725094e-06, 3.073296738875797e-06], [1.2426548892108258e-05, 2.6778094252222218e-05, 2.6774123398354277e-05, 1.1655703019641805e-05, 1.6875758319656597e-06, 2.777933332254179e-06], [1.5940464436425827e-05, 2.6774123398354277e-05, 4.659919432015158e-05, 4.514008105616085e-05, 3.475603080005385e-05, 3.066343560931273e-05], [9.617750947654713e-06, 1.1655703019641805e-05, 4.514008105616085e-05, 0.00014324040967039764, 0.0001423726644134149, 0.00011767879914259538], [2.8668630420725094e-06, 1.6875758319656597e-06, 3.475603080005385e-05, 0.0001423726644134149, 0.00021315799676813185, 0.00016507531108800322], [3.073296738875797e-06, 2.777933332254179e-06, 3.066343560931273e-05, 0.00011767879914259538, 0.00016507531108800322, 0.00016068678814917803]]</COVARIANCE_MATRIX>
		<ROI_SIZE>435</ROI_SIZE>
		<MAX_VALUE>[0.1417696326971054, 0.12926258146762848, 0.11591217666864395, 0.11580207198858261, 0.06788655370473862, 0.05587194859981537]</MAX_VALUE>
		<MIN_VALUE>[0.11894204467535019, 0.09489648044109344, 0.07360760867595673, 0.05410277470946312, 0.005463789217174053, 0.0]</MIN_VALUE>
		<SIGNATURE_THRESHOLD_MD>0.0</SIGNATURE_THRESHOLD_MD>
		<SIGNATURE_THRESHOLD_ML>0.0</SIGNATURE_THRESHOLD_ML>
		<SIGNATURE_THRESHOLD_SAM>0.0</SIGNATURE_THRESHOLD_SAM>
	</signature>
	<signature ID="20200807_095926093181_425">
		<MACROCLASSID>1</MACROCLASSID>
		<MACROCLASSINFO>MC 1</MACROCLASSINFO>
		<CLASSID>6</CLASSID>
		<CLASSINFO>C 1</CLASSINFO>
		<VALUES>[0.1385722498741009, 0.005568483285424811, 0.12534022030511405, 0.011775129539096962, 0.10998858050221477, 0.012239845628102927, 0.08858003229105549, 0.014243098737157536, 0.036790981128507726, 0.014369993723970504, 0.020659013699883783, 0.00955200198932612]</VALUES>
		<LCS_MIN>[0.12069801241159439, 0.09489648044109344, 0.07713298499584198, 0.06732405722141266, 0.016813382506370544, 0.002900088904425502]</LCS_MIN>
		<LCS_MAX>[0.147037535905838, 0.13689948618412018, 0.12296294420957565, 0.12461625784635544, 0.07072394341230392, 0.05587194859981537]</LCS_MAX>
		<WAVELENGTH>[0.485, 0.56, 0.66, 0.83, 1.65, 2.215]</WAVELENGTH>
		<MEAN_VALUE>[0.1385722498741009, 0.12534022030511405, 0.10998858050221477, 0.08858003229105549, 0.036790981128507726, 0.020659013699883783]</MEAN_VALUE>
		<CHECKBOX>2</CHECKBOX>
		<SD>[0.005568483285424811, 0.011775129539096962, 0.012239845628102927, 0.014243098737157536, 0.014369993723970504, 0.00955200198932612]</SD>
		<WAVELENGTH_UNIT>E-6m</WAVELENGTH_UNIT>
		<COLOR>#51a4af</COLOR>
		<COVARIANCE_MATRIX>[[3.107847805949859e-05, 6.0729042161256075e-05, 6.260442023631185e-05, -3.480712621239945e-05, -3.2671134249540046e-05, -1.4136364370642696e-05], [6.0729042161256075e-05, 0.00013896879681851715, 0.00013926044630352408, -7.668812031624839e-05, -7.198797538876534e-05, -2.9658136554644443e-05], [6.260442023631185e-05, 0.00013926044630352408, 0.00015015430108178407, -7.418980385409668e-05, -6.815061351517215e-05, -2.7832882551592775e-05], [-3.480712621239945e-05, -7.668812031624839e-05, -7.418980385409668e-05, 0.0002033269265666604, 0.0001830566325224936, 0.00010868351091630757], [-3.2671134249540046e-05, -7.198797538876534e-05, -6.815061351517215e-05, 0.0001830566325224936, 0.0002069660258712247, 0.00011660382006084546], [-1.4136364370642696e-05, -2.9658136554644443e-05, -2.7832882551592775e-05, 0.00010868351091630757, 0.00011660382006084546, 9.144810610450804e-05]]</COVARIANCE_MATRIX>
		<ROI_SIZE>441</ROI_SIZE>
		<MAX_VALUE>[0.147037535905838, 0.13689948618412018, 0.12296294420957565, 0.12461625784635544, 0.07072394341230392, 0.05587194859981537]</MAX_VALUE>
		<MIN_VALUE>[0.12069801241159439, 0.09489648044109344, 0.07713298499584198, 0.06732405722141266, 0.016813382506370544, 0.002900088904425502]</MIN_VALUE>
		<SIGNATURE_THRESHOLD_MD>0.0</SIGNATURE_THRESHOLD_MD>
		<SIGNATURE_THRESHOLD_ML>0.0</SIGNATURE_THRESHOLD_ML>
		<SIGNATURE_THRESHOLD_SAM>0.0</SIGNATURE_THRESHOLD_SAM>
	</signature>
	<signature ID="20200807_095934411788_814">
		<MACROCLASSID>1</MACROCLASSID>
		<MACROCLASSINFO>MC 1</MACROCLASSINFO>
		<CLASSID>7</CLASSID>
		<CLASSINFO>C 1</CLASSINFO>
		<VALUES>[0.1349597860924641, 0.00450591296440777, 0.11860509780212428, 0.008778040534947932, 0.0996445654265916, 0.008828763392657639, 0.10327146015134624, 0.025229960852265858, 0.05536529556176259, 0.025607638014768803, 0.03272083313297019, 0.01648954943977064]</VALUES>
		<LCS_MIN>[0.12069801241159439, 0.09489648044109344, 0.07360760867595673, 0.06291696429252625, 0.016813382506370544, 0.006974846590310335]</LCS_MIN>
		<LCS_MAX>[0.14528155326843262, 0.13308103382587433, 0.1194375604391098, 0.15105880796909332, 0.10761012136936188, 0.08439524471759796]</LCS_MAX>
		<WAVELENGTH>[0.485, 0.56, 0.66, 0.83, 1.65, 2.215]</WAVELENGTH>
		<MEAN_VALUE>[0.1349597860924641, 0.11860509780212428, 0.0996445654265916, 0.10327146015134624, 0.05536529556176259, 0.03272083313297019]</MEAN_VALUE>
		<CHECKBOX>2</CHECKBOX>
		<SD>[0.00450591296440777, 0.008778040534947932, 0.008828763392657639, 0.025229960852265858, 0.025607638014768803, 0.01648954943977064]</SD>
		<WAVELENGTH_UNIT>E-6m</WAVELENGTH_UNIT>
		<COLOR>#da766f</COLOR>
		<COVARIANCE_MATRIX>[[1.6641513866488822e-05, 2.7722384402295575e-05, 2.4551947717554867e-05, -4.249570338288322e-05, -3.81297868443653e-05, -1.6591196981607936e-05], [2.7722384402295575e-05, 6.247137935133651e-05, 5.2581101044779643e-05, -8.653674740344286e-05, -7.825071952538565e-05, -3.600004856707528e-05], [2.4551947717554867e-05, 5.2581101044779643e-05, 6.243958341656253e-05, -2.8917953386553563e-05, -1.9226308722863905e-05, 1.6735968983994098e-06], [-4.249570338288322e-05, -8.653674740344286e-05, -2.8917953386553563e-05, 0.0006056576385162771, 0.0005674018175341189, 0.00033585430355742574], [-3.81297868443653e-05, -7.825071952538565e-05, -1.9226308722863905e-05, 0.0005674018175341189, 0.0006329633761197329, 0.00037581686046905816], [-1.6591196981607936e-05, -3.600004856707528e-05, 1.6735968983994098e-06, 0.00033585430355742574, 0.00037581686046905816, 0.0002743788354564458]]</COVARIANCE_MATRIX>
		<ROI_SIZE>735</ROI_SIZE>
		<MAX_VALUE>[0.14528155326843262, 0.13308103382587433, 0.1194375604391098, 0.15105880796909332, 0.10761012136936188, 0.08439524471759796]</MAX_VALUE>
		<MIN_VALUE>[0.12069801241159439, 0.09489648044109344, 0.07360760867595673, 0.06291696429252625, 0.016813382506370544, 0.006974846590310335]</MIN_VALUE>
		<SIGNATURE_THRESHOLD_MD>0.0</SIGNATURE_THRESHOLD_MD>
		<SIGNATURE_THRESHOLD_ML>0.0</SIGNATURE_THRESHOLD_ML>
		<SIGNATURE_THRESHOLD_SAM>0.0</SIGNATURE_THRESHOLD_SAM>
	</signature>
	<signature ID="20200807_095947415297_545">
		<MACROCLASSID>1</MACROCLASSID>
		<MACROCLASSINFO>MC 1</MACROCLASSINFO>
		<CLASSID>8</CLASSID>
		<CLASSINFO>C 1</CLASSINFO>
		<VALUES>[0.1320970840127774, 0.003051993996218765, 0.11375410767407389, 0.005507083633330967, 0.08644866110892274, 0.004511285068895854, 0.07857568374725697, 0.013069588794968523, 0.030318762805292058, 0.014733895624354542, 0.016617150238439356, 0.009729447696829817]</VALUES>
		<LCS_MIN>[0.1242099404335022, 0.09489648044109344, 0.07360760867595673, 0.06291696429252625, 0.01397598348557949, 0.0]</LCS_MIN>
		<LCS_MAX>[0.1400136500597, 0.12544411420822144, 0.10886140912771225, 0.11580207198858261, 0.07072394341230392, 0.04364767298102379]</LCS_MAX>
		<WAVELENGTH>[0.485, 0.56, 0.66, 0.83, 1.65, 2.215]</WAVELENGTH>
		<MEAN_VALUE>[0.1320970840127774, 0.11375410767407389, 0.08644866110892274, 0.07857568374725697, 0.030318762805292058, 0.016617150238439356]</MEAN_VALUE>
		<CHECKBOX>2</CHECKBOX>
		<SD>[0.003051993996218765, 0.005507083633330967, 0.004511285068895854, 0.013069588794968523, 0.014733895624354542, 0.009729447696829817]</SD>
		<WAVELENGTH_UNIT>E-6m</WAVELENGTH_UNIT>
		<COLOR>#bf7fae</COLOR>
		<COVARIANCE_MATRIX>[[9.366996891913004e-06, 1.2483817954489496e-05, 6.902144377818331e-06, -2.198450602008961e-05, -2.118522570526693e-05, -1.1172910490131471e-05], [1.2483817954489496e-05, 3.049835140700452e-05, 1.5281613741535693e-05, -4.064468521391973e-05, -3.674243271234445e-05, -1.7567150280228816e-05], [6.902144377818331e-06, 1.5281613741535693e-05, 2.046602821792476e-05, -4.242349859850947e-06, 2.901139396271901e-06, 7.518092388636433e-06], [-2.198450602008961e-05, -4.064468521391973e-05, -4.242349859850947e-06, 0.0001717737759463489, 0.00017343438230454922, 0.00010003708302974701], [-2.118522570526693e-05, -3.674243271234445e-05, 2.901139396271901e-06, 0.00017343438230454922, 0.00021830727928318083, 0.0001269667554879561], [-1.1172910490131471e-05, -1.7567150280228816e-05, 7.518092388636433e-06, 0.00010003708302974701, 0.0001269667554879561, 9.519396553514525e-05]]</COVARIANCE_MATRIX>
		<ROI_SIZE>179</ROI_SIZE>
		<MAX_VALUE>[0.1400136500597, 0.12544411420822144, 0.10886140912771225, 0.11580207198858261, 0.07072394341230392, 0.04364767298102379]</MAX_VALUE>
		<MIN_VALUE>[0.1242099404335022, 0.09489648044109344, 0.07360760867595673, 0.06291696429252625, 0.01397598348557949, 0.0]</MIN_VALUE>
		<SIGNATURE_THRESHOLD_MD>0.0</SIGNATURE_THRESHOLD_MD>
		<SIGNATURE_THRESHOLD_ML>0.0</SIGNATURE_THRESHOLD_ML>
		<SIGNATURE_THRESHOLD_SAM>0.0</SIGNATURE_THRESHOLD_SAM>
	</signature>
	<signature ID="20200807_100001341880_255">
		<MACROCLASSID>1</MACROCLASSID>
		<MACROCLASSINFO>MC 1</MACROCLASSINFO>
		<CLASSID>9</CLASSID>
		<CLASSINFO>C 1</CLASSINFO>
		<VALUES>[0.13595541649394566, 0.0035473105343678236, 0.12128624800178739, 0.007192141040699521, 0.09797191321849823, 0.005983798489079519, 0.09161203040017021, 0.014017426908513644, 0.044430724283059435, 0.014071765665532627, 0.025084884588917097, 0.009548644518403065]</VALUES>
		<LCS_MIN>[0.1259659081697464, 0.10635185241699219, 0.08770913630723953, 0.07173115015029907, 0.016813382506370544, 0.006974846590310335]</LCS_MIN>
		<LCS_MAX>[0.1417696326971054, 0.13308103382587433, 0.1123868077993393, 0.11580207198858261, 0.07072394341230392, 0.04364767298102379]</LCS_MAX>
		<WAVELENGTH>[0.485, 0.56, 0.66, 0.83, 1.65, 2.215]</WAVELENGTH>
		<MEAN_VALUE>[0.13595541649394566, 0.12128624800178739, 0.09797191321849823, 0.09161203040017021, 0.044430724283059435, 0.025084884588917097]</MEAN_VALUE>
		<CHECKBOX>2</CHECKBOX>
		<SD>[0.0035473105343678236, 0.007192141040699521, 0.005983798489079519, 0.014017426908513644, 0.014071765665532627, 0.009548644518403065]</SD>
		<WAVELENGTH_UNIT>E-6m</WAVELENGTH_UNIT>
		<COLOR>#e831bf</COLOR>
		<COVARIANCE_MATRIX>[[1.2869398233306129e-05, 2.2516211174661294e-05, 1.7130065316450782e-05, -2.5123477826127782e-05, -2.5900837499648333e-05, -1.281061031477293e-05], [2.2516211174661294e-05, 5.2902505558449775e-05, 3.5380660847295076e-05, -5.58223036932759e-05, -4.680165511672385e-05, -2.1649402697221376e-05], [1.7130065316450782e-05, 3.5380660847295076e-05, 3.6619614547817037e-05, -2.1523803297895938e-05, -1.8656950487638824e-05, -4.31677608503378e-06], [-2.5123477826127782e-05, -5.58223036932759e-05, -2.1523803297895938e-05, 0.00020095390209462494, 0.0001611777115613222, 0.00011745152733055875], [-2.5900837499648333e-05, -4.680165511672385e-05, -1.8656950487638824e-05, 0.0001611777115613222, 0.0002025149151450023, 0.00011701853509293869], [-1.281061031477293e-05, -2.1649402697221376e-05, -4.31677608503378e-06, 0.00011745152733055875, 0.00011701853509293869, 9.324881102656946e-05]]</COVARIANCE_MATRIX>
		<ROI_SIZE>45</ROI_SIZE>
		<MAX_VALUE>[0.1417696326971054, 0.13308103382587433, 0.1123868077993393, 0.11580207198858261, 0.07072394341230392, 0.04364767298102379]</MAX_VALUE>
		<MIN_VALUE>[0.1259659081697464, 0.10635185241699219, 0.08770913630723953, 0.07173115015029907, 0.016813382506370544, 0.006974846590310335]</MIN_VALUE>
		<SIGNATURE_THRESHOLD_MD>0.0</SIGNATURE_THRESHOLD_MD>
		<SIGNATURE_THRESHOLD_ML>0.0</SIGNATURE_THRESHOLD_ML>
		<SIGNATURE_THRESHOLD_SAM>0.0</SIGNATURE_THRESHOLD_SAM>
	</signature>
	<signature ID="20200807_100026767989_424">
		<MACROCLASSID>1</MACROCLASSID>
		<MACROCLASSINFO>MC 1</MACROCLASSINFO>
		<CLASSID>10</CLASSID>
		<CLASSINFO>C 1</CLASSINFO>
		<VALUES>[0.13070810641403552, 0.002663395785757292, 0.10623736454853944, 0.0045171762242845115, 0.0746086396020714, 0.0049343421135588, 0.056181960238219274, 0.004264082761981155, 0.017700381666533555, 0.006115379723485859, 0.009407921920582237, 0.004957157209700907]</VALUES>
		<LCS_MIN>[0.122453972697258, 0.09489648044109344, 0.06303146481513977, 0.04528858885169029, 0.005463789217174053, 0.0]</LCS_MIN>
		<LCS_MAX>[0.1382576823234558, 0.12162566184997559, 0.09475988894701004, 0.0805453285574913, 0.045187365263700485, 0.035498157143592834]</LCS_MAX>
		<WAVELENGTH>[0.485, 0.56, 0.66, 0.83, 1.65, 2.215]</WAVELENGTH>
		<MEAN_VALUE>[0.13070810641403552, 0.10623736454853944, 0.0746086396020714, 0.056181960238219274, 0.017700381666533555, 0.009407921920582237]</MEAN_VALUE>
		<CHECKBOX>2</CHECKBOX>
		<SD>[0.002663395785757292, 0.0045171762242845115, 0.0049343421135588, 0.004264082761981155, 0.006115379723485859, 0.004957157209700907]</SD>
		<WAVELENGTH_UNIT>E-6m</WAVELENGTH_UNIT>
		<COLOR>#8f5150</COLOR>
		<COVARIANCE_MATRIX>[[6.535435204568785e-06, 5.685540600097738e-06, 5.155481630936265e-06, 2.2455355974670965e-06, 2.4179771571652964e-06, 1.478228796258918e-06], [5.685540600097738e-06, 1.862564022303559e-05, 1.490370777901262e-05, 9.226157089869957e-06, 1.1736236956494395e-05, 7.509153874707408e-06], [5.155481630936265e-06, 1.490370777901262e-05, 2.3913313270895742e-05, 1.4524355719913729e-05, 1.9337905541760847e-05, 1.2716125638689846e-05], [2.2455355974670965e-06, 9.226157089869957e-06, 1.4524355719913729e-05, 1.901883297250606e-05, 1.9085209714830853e-05, 1.3246197340777144e-05], [2.4179771571652964e-06, 1.1736236956494395e-05, 1.9337905541760847e-05, 1.9085209714830853e-05, 3.69723784388043e-05, 2.0945035430486314e-05], [1.478228796258918e-06, 7.509153874707408e-06, 1.2716125638689846e-05, 1.3246197340777144e-05, 2.0945035430486314e-05, 2.4342416509171017e-05]]</COVARIANCE_MATRIX>
		<ROI_SIZE>3973</ROI_SIZE>
		<MAX_VALUE>[0.1382576823234558, 0.12162566184997559, 0.09475988894701004, 0.0805453285574913, 0.045187365263700485, 0.035498157143592834]</MAX_VALUE>
		<MIN_VALUE>[0.122453972697258, 0.09489648044109344, 0.06303146481513977, 0.04528858885169029, 0.005463789217174053, 0.0]</MIN_VALUE>
		<SIGNATURE_THRESHOLD_MD>0.0</SIGNATURE_THRESHOLD_MD>
		<SIGNATURE_THRESHOLD_ML>0.0</SIGNATURE_THRESHOLD_ML>
		<SIGNATURE_THRESHOLD_SAM>0.0</SIGNATURE_THRESHOLD_SAM>
	</signature>
	<signature ID="20200807_100037796280_409">
		<MACROCLASSID>1</MACROCLASSID>
		<MACROCLASSINFO>MC 1</MACROCLASSINFO>
		<CLASSID>11</CLASSID>
		<CLASSINFO>C 1</CLASSINFO>
		<VALUES>[0.1399478086829186, 0.0035517035970062715, 0.13015036953613174, 0.006601006350480154, 0.10414622159674766, 0.006038177976628085, 0.0790909924730659, 0.006934835414234186, 0.029007100574672224, 0.007676194959870862, 0.016978379869833596, 0.006394871505992237]</VALUES>
		<LCS_MIN>[0.1277218759059906, 0.11017030477523804, 0.08418375253677368, 0.06732405722141266, 0.016813382506370544, 0.006974846590310335]</LCS_MIN>
		<LCS_MAX>[0.147037535905838, 0.14071792364120483, 0.11591217666864395, 0.10258080065250397, 0.0536995604634285, 0.035498157143592834]</LCS_MAX>
		<WAVELENGTH>[0.485, 0.56, 0.66, 0.83, 1.65, 2.215]</WAVELENGTH>
		<MEAN_VALUE>[0.1399478086829186, 0.13015036953613174, 0.10414622159674766, 0.0790909924730659, 0.029007100574672224, 0.016978379869833596]</MEAN_VALUE>
		<CHECKBOX>2</CHECKBOX>
		<SD>[0.0035517035970062715, 0.006601006350480154, 0.006038177976628085, 0.006934835414234186, 0.007676194959870862, 0.006394871505992237]</SD>
		<WAVELENGTH_UNIT>E-6m</WAVELENGTH_UNIT>
		<COLOR>#ce2904</COLOR>
		<COVARIANCE_MATRIX>[[1.2687845810432918e-05, 1.970328958122991e-05, 1.6553436580579728e-05, -1.51771598666528e-06, -5.876237082702573e-06, -3.473972810752457e-06], [1.970328958122991e-05, 4.564807386486791e-05, 3.284885315224528e-05, -4.8272236199409235e-06, -1.3875602235202678e-05, -7.2561206252430566e-06], [1.6553436580579728e-05, 3.284885315224528e-05, 3.6064440791960806e-05, 5.262451850285288e-06, -2.2593335415876936e-06, 3.3044719316421833e-07], [-1.51771598666528e-06, -4.8272236199409235e-06, 5.262451850285288e-06, 5.1329359848750755e-05, 3.71829628420528e-05, 2.6829524358618073e-05], [-5.876237082702573e-06, -1.3875602235202678e-05, -2.2593335415876936e-06, 3.71829628420528e-05, 6.257286440813914e-05, 3.7291061744326726e-05], [-3.473972810752457e-06, -7.2561206252430566e-06, 3.3044719316421833e-07, 2.6829524358618073e-05, 3.7291061744326726e-05, 4.001232809969224e-05]]</COVARIANCE_MATRIX>
		<ROI_SIZE>682</ROI_SIZE>
		<MAX_VALUE>[0.147037535905838, 0.14071792364120483, 0.11591217666864395, 0.10258080065250397, 0.0536995604634285, 0.035498157143592834]</MAX_VALUE>
		<MIN_VALUE>[0.1277218759059906, 0.11017030477523804, 0.08418375253677368, 0.06732405722141266, 0.016813382506370544, 0.006974846590310335]</MIN_VALUE>
		<SIGNATURE_THRESHOLD_MD>0.0</SIGNATURE_THRESHOLD_MD>
		<SIGNATURE_THRESHOLD_ML>0.0</SIGNATURE_THRESHOLD_ML>
		<SIGNATURE_THRESHOLD_SAM>0.0</SIGNATURE_THRESHOLD_SAM>
	</signature>
	<signature ID="20200807_100110452889_791">
		<MACROCLASSID>1</MACROCLASSID>
		<MACROCLASSINFO>MC 1</MACROCLASSINFO>
		<CLASSID>12</CLASSID>
		<CLASSINFO>C 1</CLASSINFO>
		<VALUES>[0.11799313314777889, 0.003319790438707368, 0.10008702981272781, 0.005068985995315717, 0.06896274415438891, 0.004159649932063961, 0.05876766611150053, 0.007804231421170557, 0.02022774413767632, 0.007881795720213549, 0.010433621454236814, 0.005457194469635092]</VALUES>
		<LCS_MIN>[0.10138235241174698, 0.0758042186498642, 0.052455317229032516, 0.04528858885169029, 0.008301187306642532, 0.0]</LCS_MIN>
		<LCS_MAX>[0.1242099404335022, 0.11017030477523804, 0.08065836131572723, 0.0805453285574913, 0.045187365263700485, 0.027348637580871582]</LCS_MAX>
		<WAVELENGTH>[0.485, 0.56, 0.66, 0.83, 1.65, 2.215]</WAVELENGTH>
		<MEAN_VALUE>[0.11799313314777889, 0.10008702981272781, 0.06896274415438891, 0.05876766611150053, 0.02022774413767632, 0.010433621454236814]</MEAN_VALUE>
		<CHECKBOX>2</CHECKBOX>
		<SD>[0.003319790438707368, 0.005068985995315717, 0.004159649932063961, 0.007804231421170557, 0.007881795720213549, 0.005457194469635092]</SD>
		<WAVELENGTH_UNIT>E-6m</WAVELENGTH_UNIT>
		<COLOR>#021581</COLOR>
		<COVARIANCE_MATRIX>[[1.105179308069637e-05, 1.3404754099610727e-05, 9.586489795765374e-06, -7.687956895097159e-06, -5.908599177928409e-06, -1.9394626633584267e-06], [1.3404754099610727e-05, 2.576639235485345e-05, 1.58290804392891e-05, -1.1777266990975477e-05, -7.905879101599567e-06, -2.5851477403193712e-06], [9.586489795765374e-06, 1.58290804392891e-05, 1.73510197782889e-05, -1.438676644482939e-08, 2.268287062179297e-06, 3.5788277727988316e-06], [-7.687956895097159e-06, -1.1777266990975477e-05, -1.438676644482939e-08, 6.107615627115592e-05, 4.438566247699782e-05, 2.4622724595246837e-05], [-5.908599177928409e-06, -7.905879101599567e-06, 2.268287062179297e-06, 4.438566247699782e-05, 6.229623249964789e-05, 3.070843740715645e-05], [-1.9394626633584267e-06, -2.5851477403193712e-06, 3.5788277727988316e-06, 2.4622724595246837e-05, 3.070843740715645e-05, 2.9864158932468854e-05]]</COVARIANCE_MATRIX>
		<ROI_SIZE>359</ROI_SIZE>
		<MAX_VALUE>[0.1242099404335022, 0.11017030477523804, 0.08065836131572723, 0.0805453285574913, 0.045187365263700485, 0.027348637580871582]</MAX_VALUE>
		<MIN_VALUE>[0.10138235241174698, 0.0758042186498642, 0.052455317229032516, 0.04528858885169029, 0.008301187306642532, 0.0]</MIN_VALUE>
		<SIGNATURE_THRESHOLD_MD>0.0</SIGNATURE_THRESHOLD_MD>
		<SIGNATURE_THRESHOLD_ML>0.0</SIGNATURE_THRESHOLD_ML>
		<SIGNATURE_THRESHOLD_SAM>0.0</SIGNATURE_THRESHOLD_SAM>
	</signature>
	<signature ID="20200807_100120053522_812">
		<MACROCLASSID>1</MACROCLASSID>
		<MACROCLASSINFO>MC 1</MACROCLASSINFO>
		<CLASSID>13</CLASSID>
		<CLASSINFO>C 1</CLASSINFO>
		<VALUES>[0.12829100387723066, 0.002689294977229872, 0.1298361009524273, 0.004518647422959861, 0.10594914785840297, 0.004977493471520555, 0.06586083130756384, 0.0077188686005665265, 0.021422752135032017, 0.008024041775840977, 0.012407133344693387, 0.006128341977036725]</VALUES>
		<LCS_MIN>[0.12069801241159439, 0.11398876458406448, 0.08770913630723953, 0.05410277470946312, 0.005463789217174053, 0.0]</LCS_MIN>
		<LCS_MAX>[0.1347457617521286, 0.14071792364120483, 0.11591217666864395, 0.08495241403579712, 0.04234996810555458, 0.035498157143592834]</LCS_MAX>
		<WAVELENGTH>[0.485, 0.56, 0.66, 0.83, 1.65, 2.215]</WAVELENGTH>
		<MEAN_VALUE>[0.12829100387723066, 0.1298361009524273, 0.10594914785840297, 0.06586083130756384, 0.021422752135032017, 0.012407133344693387]</MEAN_VALUE>
		<CHECKBOX>2</CHECKBOX>
		<SD>[0.002689294977229872, 0.004518647422959861, 0.004977493471520555, 0.0077188686005665265, 0.008024041775840977, 0.006128341977036725]</SD>
		<WAVELENGTH_UNIT>E-6m</WAVELENGTH_UNIT>
		<COLOR>#4dd8c6</COLOR>
		<COVARIANCE_MATRIX>[[7.261006885528332e-06, 7.76097112975549e-06, 9.009052519104443e-06, -6.012077847117325e-06, -7.3393116508668754e-06, -4.365268068795558e-06], [7.76097112975549e-06, 2.049919930868782e-05, 1.5939667719067074e-05, -1.4583404663426336e-05, -1.701405744825024e-05, -8.234793313022237e-06], [9.009052519104443e-06, 1.5939667719067074e-05, 2.4873756046872586e-05, -7.854108844185248e-06, -1.029973918775795e-05, -4.01141369366087e-06], [-6.012077847117325e-06, -1.4583404663426336e-05, -7.854108844185248e-06, 5.981736467219889e-05, 4.458305556909181e-05, 3.1475861760554835e-05], [-7.3393116508668754e-06, -1.701405744825024e-05, -1.029973918775795e-05, 4.458305556909181e-05, 6.464074249379337e-05, 3.537669181241654e-05], [-4.365268068795558e-06, -8.234793313022237e-06, -4.01141369366087e-06, 3.1475861760554835e-05, 3.537669181241654e-05, 3.7705609429394826e-05]]</COVARIANCE_MATRIX>
		<ROI_SIZE>253</ROI_SIZE>
		<MAX_VALUE>[0.1347457617521286, 0.14071792364120483, 0.11591217666864395, 0.08495241403579712, 0.04234996810555458, 0.035498157143592834]</MAX_VALUE>
		<MIN_VALUE>[0.12069801241159439, 0.11398876458406448, 0.08770913630723953, 0.05410277470946312, 0.005463789217174053, 0.0]</MIN_VALUE>
		<SIGNATURE_THRESHOLD_MD>0.0</SIGNATURE_THRESHOLD_MD>
		<SIGNATURE_THRESHOLD_ML>0.0</SIGNATURE_THRESHOLD_ML>
		<SIGNATURE_THRESHOLD_SAM>0.0</SIGNATURE_THRESHOLD_SAM>
	</signature>
	<signature ID="20200807_100129892242_927">
		<MACROCLASSID>1</MACROCLASSID>
		<MACROCLASSINFO>MC 1</MACROCLASSINFO>
		<CLASSID>14</CLASSID>
		<CLASSINFO>C 1</CLASSINFO>
		<VALUES>[0.12701332761007458, 0.0023586235655645056, 0.1280192340204588, 0.003863630318152765, 0.10369581355860366, 0.0037548293304812018, 0.05629240581079539, 0.006044095305352374, 0.015234691058530623, 0.006408009099301755, 0.00926109051789368, 0.005592866844895301]</VALUES>
		<LCS_MIN>[0.11543010175228119, 0.09871494024991989, 0.07360760867595673, 0.04528858885169029, 0.0, 0.0]</LCS_MIN>
		<LCS_MAX>[0.1347457617521286, 0.13689948618412018, 0.12296294420957565, 0.0805453285574913, 0.03951256722211838, 0.035498157143592834]</LCS_MAX>
		<WAVELENGTH>[0.485, 0.56, 0.66, 0.83, 1.65, 2.215]</WAVELENGTH>
		<MEAN_VALUE>[0.12701332761007458, 0.1280192340204588, 0.10369581355860366, 0.05629240581079539, 0.015234691058530623, 0.00926109051789368]</MEAN_VALUE>
		<CHECKBOX>2</CHECKBOX>
		<SD>[0.0023586235655645056, 0.003863630318152765, 0.0037548293304812018, 0.006044095305352374, 0.006408009099301755, 0.005592866844895301]</SD>
		<WAVELENGTH_UNIT>E-6m</WAVELENGTH_UNIT>
		<COLOR>#d28b80</COLOR>
		<COVARIANCE_MATRIX>[[5.8513514886726625e-06, 4.699820237874519e-06, 4.0976592572405934e-06, -7.712501997048093e-07, -2.0139902972005075e-06, -1.3279579889058368e-06], [4.699820237874519e-06, 1.5382323908852413e-05, 8.842645911499858e-06, -4.337106929597212e-06, -5.837610842718277e-06, -4.343813088780735e-06], [4.0976592572405934e-06, 8.842645911499858e-06, 1.604216595296748e-05, 3.048878397748922e-06, 1.3414127124633524e-06, 1.784389496606309e-06], [-7.712501997048093e-07, -4.337106929597212e-06, 3.048878397748922e-06, 2.7368760129320435e-05, 2.0335315639385954e-05, 1.6786229025456123e-05], [-2.0139902972005075e-06, -5.837610842718277e-06, 1.3414127124633524e-06, 2.0335315639385954e-05, 3.3107400668086484e-05, 2.003404006245546e-05], [-1.3279579889058368e-06, -4.343813088780735e-06, 1.784389496606309e-06, 1.6786229025456123e-05, 2.003404006245546e-05, 2.7615975341177545e-05]]</COVARIANCE_MATRIX>
		<ROI_SIZE>3139</ROI_SIZE>
		<MAX_VALUE>[0.1347457617521286, 0.13689948618412018, 0.12296294420957565, 0.0805453285574913, 0.03951256722211838, 0.035498157143592834]</MAX_VALUE>
		<MIN_VALUE>[0.11543010175228119, 0.09871494024991989, 0.07360760867595673, 0.04528858885169029, 0.0, 0.0]</MIN_VALUE>
		<SIGNATURE_THRESHOLD_MD>0.0</SIGNATURE_THRESHOLD_MD>
		<SIGNATURE_THRESHOLD_ML>0.0</SIGNATURE_THRESHOLD_ML>
		<SIGNATURE_THRESHOLD_SAM>0.0</SIGNATURE_THRESHOLD_SAM>
	</signature>
	<signature ID="20200807_100146387383_420">
		<MACROCLASSID>1</MACROCLASSID>
		<MACROCLASSINFO>MC 1</MACROCLASSINFO>
		<CLASSID>15</CLASSID>
		<CLASSINFO>C 1</CLASSINFO>
		<VALUES>[0.11882347129644692, 0.002317227679837455, 0.09900961047295975, 0.003969838567538529, 0.07786980218634343, 0.005501647237491008, 0.06558105706497791, 0.010703196046200578, 0.029312531520699372, 0.012084155076259583, 0.018953959480035813, 0.010237408727033668]</VALUES>
		<LCS_MIN>[0.11016219854354858, 0.08344113081693649, 0.06303146481513977, 0.049695685505867004, 0.011138586327433586, 0.0]</LCS_MIN>
		<LCS_MAX>[0.1242099404335022, 0.11017030477523804, 0.09475988894701004, 0.09376660734415054, 0.0565369538962841, 0.05179718881845474]</LCS_MAX>
		<WAVELENGTH>[0.485, 0.56, 0.66, 0.83, 1.65, 2.215]</WAVELENGTH>
		<MEAN_VALUE>[0.11882347129644692, 0.09900961047295975, 0.07786980218634343, 0.06558105706497791, 0.029312531520699372, 0.018953959480035813]</MEAN_VALUE>
		<CHECKBOX>2</CHECKBOX>
		<SD>[0.002317227679837455, 0.003969838567538529, 0.005501647237491008, 0.010703196046200578, 0.012084155076259583, 0.010237408727033668]</SD>
		<WAVELENGTH_UNIT>E-6m</WAVELENGTH_UNIT>
		<COLOR>#e7001a</COLOR>
		<COVARIANCE_MATRIX>[[5.386865268519614e-06, 5.377494744607247e-06, 6.817270786996232e-06, 2.164199258913868e-06, 5.858438271388877e-06, 7.149060365918558e-06], [5.377494744607247e-06, 1.5810455806786194e-05, 1.4025330528966151e-05, 5.618038812826853e-06, 9.585945917933714e-06, 1.091378271667054e-05], [6.817270786996232e-06, 1.4025330528966151e-05, 3.0365761631401256e-05, 2.5395327611477114e-05, 2.854590638889931e-05, 2.5389614165760577e-05], [2.164199258913868e-06, 5.618038812826853e-06, 2.5395327611477114e-05, 0.0001149279487435706, 9.982897609006613e-05, 7.150180317694321e-05], [5.858438271388877e-06, 9.585945917933714e-06, 2.854590638889931e-05, 9.982897609006613e-05, 0.00014649785589426756, 0.00010684704466257244], [7.149060365918558e-06, 1.091378271667054e-05, 2.5389614165760577e-05, 7.150180317694321e-05, 0.00010684704466257244, 0.0001051426152116619]]</COVARIANCE_MATRIX>
		<ROI_SIZE>311</ROI_SIZE>
		<MAX_VALUE>[0.1242099404335022, 0.11017030477523804, 0.09475988894701004, 0.09376660734415054, 0.0565369538962841, 0.05179718881845474]</MAX_VALUE>
		<MIN_VALUE>[0.11016219854354858, 0.08344113081693649, 0.06303146481513977, 0.049695685505867004, 0.011138586327433586, 0.0]</MIN_VALUE>
		<SIGNATURE_THRESHOLD_MD>0.0</SIGNATURE_THRESHOLD_MD>
		<SIGNATURE_THRESHOLD_ML>0.0</SIGNATURE_THRESHOLD_ML>
		<SIGNATURE_THRESHOLD_SAM>0.0</SIGNATURE_THRESHOLD_SAM>
	</signature>
	<signature ID="20200807_100243019223_386">
		<MACROCLASSID>1</MACROCLASSID>
		<MACROCLASSINFO>MC 1</MACROCLASSINFO>
		<CLASSID>16</CLASSID>
		<CLASSINFO>C 1</CLASSINFO>
		<VALUES>[0.13815982302611873, 0.0032957758657372665, 0.11923681659553843, 0.007605765580959304, 0.08733859746650703, 0.015008293568170648, 0.04653290144818601, 0.015649828281831583, 0.009328596665247288, 0.002723396392029689, 0.005771877521407397, 0.0031642815745606605]</VALUES>
		<LCS_MIN>[0.1277218759059906, 0.10253339260816574, 0.06303146481513977, 0.03206731006503105, 0.0, 0.0]</LCS_MIN>
		<LCS_MAX>[0.15581737458705902, 0.14453639090061188, 0.13706447184085846, 0.13343045115470886, 0.04234996810555458, 0.023273879662156105]</LCS_MAX>
		<WAVELENGTH>[0.485, 0.56, 0.66, 0.83, 1.65, 2.215]</WAVELENGTH>
		<MEAN_VALUE>[0.13815982302611873, 0.11923681659553843, 0.08733859746650703, 0.04653290144818601, 0.009328596665247288, 0.005771877521407397]</MEAN_VALUE>
		<CHECKBOX>2</CHECKBOX>
		<SD>[0.0032957758657372665, 0.007605765580959304, 0.015008293568170648, 0.015649828281831583, 0.002723396392029689, 0.0031642815745606605]</SD>
		<WAVELENGTH_UNIT>E-6m</WAVELENGTH_UNIT>
		<COLOR>#b832f9</COLOR>
		<COVARIANCE_MATRIX>[[9.753610356710851e-06, 1.4915121028025169e-05, 2.4755086997174658e-05, 1.3528961972042453e-05, 1.1362396890035598e-06, 7.557724757134565e-07], [1.4915121028025169e-05, 5.354630047804676e-05, 9.188680269289762e-05, 5.7844750699587166e-05, 1.6089926475615357e-06, 2.3805760918094165e-07], [2.4755086997174658e-05, 9.188680269289762e-05, 0.00021047268819529563, 0.00015620142221450806, 3.2100222142616985e-06, -3.343927801324753e-07], [1.3528961972042453e-05, 5.7844750699587166e-05, 0.00015620142221450806, 0.0002094032970489934, 5.524046628124779e-06, 5.767761876995792e-07], [1.1362396890035598e-06, 1.6089926475615357e-06, 3.2100222142616985e-06, 5.524046628124779e-06, 6.603079782507848e-06, 1.3666458471561782e-06], [7.557724757134565e-07, 2.3805760918094165e-07, -3.343927801324753e-07, 5.767761876995792e-07, 1.3666458471561782e-06, 1.0045355338661466e-05]]</COVARIANCE_MATRIX>
		<ROI_SIZE>10115</ROI_SIZE>
		<MAX_VALUE>[0.15581737458705902, 0.14453639090061188, 0.13706447184085846, 0.13343045115470886, 0.04234996810555458, 0.023273879662156105]</MAX_VALUE>
		<MIN_VALUE>[0.1277218759059906, 0.10253339260816574, 0.06303146481513977, 0.03206731006503105, 0.0, 0.0]</MIN_VALUE>
		<SIGNATURE_THRESHOLD_MD>0.0</SIGNATURE_THRESHOLD_MD>
		<SIGNATURE_THRESHOLD_ML>0.0</SIGNATURE_THRESHOLD_ML>
		<SIGNATURE_THRESHOLD_SAM>0.0</SIGNATURE_THRESHOLD_SAM>
	</signature>
	<signature ID="20200807_100254404024_889">
		<MACROCLASSID>1</MACROCLASSID>
		<MACROCLASSINFO>MC 1</MACROCLASSINFO>
		<CLASSID>17</CLASSID>
		<CLASSINFO>C 1</CLASSINFO>
		<VALUES>[0.1331632480774223, 0.00477427048016101, 0.1240940953587122, 0.0073294033645566305, 0.09204712241526493, 0.007020672722169241, 0.06661372640181461, 0.02419714600023665, 0.02912188770065481, 0.024609498528915745, 0.01810464357506915, 0.016565018506295635]</VALUES>
		<LCS_MIN>[0.12069801241159439, 0.09871494024991989, 0.08065836131572723, 0.04088149592280388, 0.005463789217174053, 0.0]</LCS_MIN>
