<?xml version="1.0" ?>
<signaturelist MCID_LIST="[['1', 'waterbody', '#0000ff'], ['2', 'vegetation', '#00ff00'], ['3', 'bareland', '#ffaa00'], ['4', 'built-up', '#ff0000']]">
	<signature ID="20210129_142646526725_278">
		<MACROCLASSID>1</MACROCLASSID>
		<MACROCLASSINFO>waterbody</MACROCLASSINFO>
		<CLASSID>1</CLASSID>
		<CLASSINFO>C 1</CLASSINFO>
		<VALUES>[0.09562622914229757, 0.005241382199100242, 0.08558172240519701, 0.012699922206010768, 0.059350820598818, 0.012594819323916817, 0.039854919921898505, 0.012195876167460384, 0.013597652035046011, 0.01271896262327509, 0.008432197528100671, 0.009386905789478137]</VALUES>
		<LCS_MIN>[0.08550843596458435, 0.06662921607494354, 0.04094277694821358, 0.02683275192975998, 0.0, 0.0]</LCS_MIN>
		<LCS_MAX>[0.11232659965753555, 0.11562400311231613, 0.10879069566726685, 0.10058663040399551, 0.07817304879426956, 0.07402846962213516]</LCS_MAX>
		<WAVELENGTH>[0.485, 0.56, 0.66, 0.83, 1.65, 2.215]</WAVELENGTH>
		<MEAN_VALUE>[0.09562622914229757, 0.08558172240519701, 0.059350820598818, 0.039854919921898505, 0.013597652035046011, 0.008432197528100671]</MEAN_VALUE>
		<CHECKBOX>2</CHECKBOX>
		<SD>[0.005241382199100242, 0.012699922206010768, 0.012594819323916817, 0.012195876167460384, 0.01271896262327509, 0.009386905789478137]</SD>
		<WAVELENGTH_UNIT>E-6m</WAVELENGTH_UNIT>
		<COLOR>#927e8c</COLOR>
		<COVARIANCE_MATRIX>[[2.4961178496596403e-05, 5.532937575480901e-05, 5.208800212130882e-05, 2.9955896025057882e-05, 2.36137566389516e-05, 1.6480667909490876e-05], [5.532937575480901e-05, 0.0001509215944679454, 0.00013290437345858663, 6.95001581334509e-05, 5.3736155678052455e-05, 3.665188705781475e-05], [5.208800212130882e-05, 0.00013290437345858663, 0.00014151065261103213, 9.989215323003009e-05, 8.455261558992788e-05, 5.8796598750632256e-05], [2.9955896025057882e-05, 6.95001581334509e-05, 9.989215323003009e-05, 0.00013791740639135242, 0.00012690029689110816, 8.701060141902417e-05], [2.36137566389516e-05, 5.3736155678052455e-05, 8.455261558992788e-05, 0.00012690029689110816, 0.0001556611678097397, 0.00010046827810583636], [1.6480667909490876e-05, 3.665188705781475e-05, 5.8796598750632256e-05, 8.701060141902417e-05, 0.00010046827810583636, 7.8982011473272e-05]]</COVARIANCE_MATRIX>
		<ROI_SIZE>5976</ROI_SIZE>
		<MAX_VALUE>[0.11232659965753555, 0.11562400311231613, 0.10879069566726685, 0.10058663040399551, 0.07817304879426956, 0.07402846962213516]</MAX_VALUE>
		<MIN_VALUE>[0.08550843596458435, 0.06662921607494354, 0.04094277694821358, 0.02683275192975998, 0.0, 0.0]</MIN_VALUE>
		<SIGNATURE_THRESHOLD_MD>0.0</SIGNATURE_THRESHOLD_MD>
		<SIGNATURE_THRESHOLD_ML>0.0</SIGNATURE_THRESHOLD_ML>
		<SIGNATURE_THRESHOLD_SAM>0.0</SIGNATURE_THRESHOLD_SAM>
	</signature>
	<signature ID="20210129_143143112403_242">
		<MACROCLASSID>1</MACROCLASSID>
		<MACROCLASSINFO>waterbody</MACROCLASSINFO>
		<CLASSID>2</CLASSID>
		<CLASSINFO>C 1</CLASSINFO>
		<VALUES>[0.09893821901929235, 0.0026955396870995433, 0.09376212844142205, 0.0050033317672230045, 0.06467862712380326, 0.008681678900431278, 0.046853284776946655, 0.015165180161971248, 0.021910734261949515, 0.01640445819198798, 0.013560721880675834, 0.011411992357467753]</VALUES>
		<LCS_MIN>[0.092212975025177, 0.08412735164165497, 0.05569232627749443, 0.030520442873239517, 0.0, 0.0]</LCS_MIN>
		<LCS_MAX>[0.12238341569900513, 0.12962250411510468, 0.12059034407138824, 0.10427432507276535, 0.0805472880601883, 0.060390036553144455]</LCS_MAX>
		<WAVELENGTH>[0.485, 0.56, 0.66, 0.83, 1.65, 2.215]</WAVELENGTH>
		<MEAN_VALUE>[0.09893821901929235, 0.09376212844142205, 0.06467862712380326, 0.046853284776946655, 0.021910734261949515, 0.013560721880675834]</MEAN_VALUE>
		<CHECKBOX>2</CHECKBOX>
		<SD>[0.0026955396870995433, 0.0050033317672230045, 0.008681678900431278, 0.015165180161971248, 0.01640445819198798, 0.011411992357467753]</SD>
		<WAVELENGTH_UNIT>E-6m</WAVELENGTH_UNIT>
		<COLOR>#505cb5</COLOR>
		<COVARIANCE_MATRIX>[[7.288429515028838e-06, 9.188997864839621e-06, 1.6881758710951544e-05, 2.6279773010173813e-05, 2.5719902623677626e-05, 1.6564690668019466e-05], [9.188997864839621e-06, 2.511083221179433e-05, 3.770518014789559e-05, 5.18348315381445e-05, 5.299410258885473e-05, 3.5018812923226506e-05], [1.6881758710951544e-05, 3.770518014789559e-05, 7.56048975745216e-05, 0.00011466284195194021, 0.00011609844659687951, 7.68695172155276e-05], [2.6279773010173813e-05, 5.18348315381445e-05, 0.00011466284195194021, 0.00023069471353664994, 0.00022039089526515454, 0.00014300565817393363], [2.5719902623677626e-05, 5.299410258885473e-05, 0.00011609844659687951, 0.00022039089526515454, 0.00026993939536623657, 0.00016992725431919098], [1.6564690668019466e-05, 3.5018812923226506e-05, 7.68695172155276e-05, 0.00014300565817393363, 0.00016992725431919098, 0.00013063676306046546]]</COVARIANCE_MATRIX>
		<ROI_SIZE>324</ROI_SIZE>
		<MAX_VALUE>[0.12238341569900513, 0.12962250411510468, 0.12059034407138824, 0.10427432507276535, 0.0805472880601883, 0.060390036553144455]</MAX_VALUE>
		<MIN_VALUE>[0.092212975025177, 0.08412735164165497, 0.05569232627749443, 0.030520442873239517, 0.0, 0.0]</MIN_VALUE>
		<SIGNATURE_THRESHOLD_MD>0.0</SIGNATURE_THRESHOLD_MD>
		<SIGNATURE_THRESHOLD_ML>0.0</SIGNATURE_THRESHOLD_ML>
		<SIGNATURE_THRESHOLD_SAM>0.0</SIGNATURE_THRESHOLD_SAM>
	</signature>
	<signature ID="20210129_143157567631_131">
		<MACROCLASSID>1</MACROCLASSID>
		<MACROCLASSINFO>waterbody</MACROCLASSINFO>
		<CLASSID>3</CLASSID>
		<CLASSINFO>C 1</CLASSINFO>
		<VALUES>[0.10224884124472738, 0.005114917504257366, 0.09252645755186675, 0.010151935177391947, 0.06365708392113448, 0.00532620194161737, 0.056749166781082765, 0.010624042108719752, 0.018134690792066976, 0.007329354662357021, 0.01011059354059399, 0.0052435997331433115]</VALUES>
		<LCS_MIN>[0.09053685516119003, 0.07362847030162811, 0.05274241790175438, 0.03420814126729965, 0.006946129258722067, 0.0]</LCS_MIN>
		<LCS_MAX>[0.11065047234296799, 0.11562400311231613, 0.07634169608354568, 0.0784604623913765, 0.0401853509247303, 0.029703553766012192]</LCS_MAX>
		<WAVELENGTH>[0.485, 0.56, 0.66, 0.83, 1.65, 2.215]</WAVELENGTH>
		<MEAN_VALUE>[0.10224884124472738, 0.09252645755186675, 0.06365708392113448, 0.056749166781082765, 0.018134690792066976, 0.01011059354059399]</MEAN_VALUE>
		<CHECKBOX>2</CHECKBOX>
		<SD>[0.005114917504257366, 0.010151935177391947, 0.00532620194161737, 0.010624042108719752, 0.007329354662357021, 0.0052435997331433115]</SD>
		<WAVELENGTH_UNIT>E-6m</WAVELENGTH_UNIT>
		<COLOR>#aa32c8</COLOR>
		<COVARIANCE_MATRIX>[[2.649354973982554e-05, 4.613973214873113e-05, 1.9884193534380756e-05, -2.7532192689250223e-05, 9.103175216296222e-06, 5.247774879535427e-06], [4.613973214873113e-05, 0.00010436636512167752, 4.555446139420383e-05, -4.436895687831566e-05, 2.1056288460385986e-05, 1.3123290045768954e-05], [1.9884193534380756e-05, 4.555446139420383e-05, 2.8727521566906944e-05, -1.3122885320626665e-05, 1.4548331819241866e-05, 1.0796249625855125e-05], [-2.7532192689250223e-05, -4.436895687831566e-05, -1.3122885320626665e-05, 0.00011429900769144297, 3.3646076190052554e-05, 1.7119888070737943e-05], [9.103175216296222e-06, 2.1056288460385986e-05, 1.4548331819241866e-05, 3.3646076190052554e-05, 5.4399431974161416e-05, 2.7561378374230117e-05], [5.247774879535427e-06, 1.3123290045768954e-05, 1.0796249625855125e-05, 1.7119888070737943e-05, 2.7561378374230117e-05, 2.7843379939440638e-05]]</COVARIANCE_MATRIX>
		<ROI_SIZE>80</ROI_SIZE>
		<MAX_VALUE>[0.11065047234296799, 0.11562400311231613, 0.07634169608354568, 0.0784604623913765, 0.0401853509247303, 0.029703553766012192]</MAX_VALUE>
		<MIN_VALUE>[0.09053685516119003, 0.07362847030162811, 0.05274241790175438, 0.03420814126729965, 0.006946129258722067, 0.0]</MIN_VALUE>
		<SIGNATURE_THRESHOLD_MD>0.0</SIGNATURE_THRESHOLD_MD>
		<SIGNATURE_THRESHOLD_ML>0.0</SIGNATURE_THRESHOLD_ML>
		<SIGNATURE_THRESHOLD_SAM>0.0</SIGNATURE_THRESHOLD_SAM>
	</signature>
	<signature ID="20210129_143224680658_229">
		<MACROCLASSID>1</MACROCLASSID>
		<MACROCLASSINFO>waterbody</MACROCLASSINFO>
		<CLASSID>4</CLASSID>
		<CLASSINFO>C 1</CLASSINFO>
		<VALUES>[0.11496053130498957, 0.0023461008067692394, 0.12937252915331302, 0.001853848863913226, 0.10721039505941528, 0.008778581955915903, 0.08148964208417704, 0.03949146581024399, 0.05192931944371334, 0.04711093736619861, 0.0357312565902248, 0.03354976903175029]</VALUES>
		<LCS_MIN>[0.11065047234296799, 0.1261228770017624, 0.09404115378856659, 0.041583526879549026, 0.006946129258722067, 0.005836295895278454]</LCS_MIN>
		<LCS_MAX>[0.12070728093385696, 0.13312211632728577, 0.12649016082286835, 0.17434051632881165, 0.19213612377643585, 0.13199180364608765]</LCS_MAX>
		<WAVELENGTH>[0.485, 0.56, 0.66, 0.83, 1.65, 2.215]</WAVELENGTH>
		<MEAN_VALUE>[0.11496053130498957, 0.12937252915331302, 0.10721039505941528, 0.08148964208417704, 0.05192931944371334, 0.0357312565902248]</MEAN_VALUE>
		<CHECKBOX>2</CHECKBOX>
		<SD>[0.0023461008067692394, 0.001853848863913226, 0.008778581955915903, 0.03949146581024399, 0.04711093736619861, 0.03354976903175029]</SD>
		<WAVELENGTH_UNIT>E-6m</WAVELENGTH_UNIT>
		<COLOR>#97ce49</COLOR>
		<COVARIANCE_MATRIX>[[5.604264970315853e-06, 6.70381780309981e-07, 7.834064490452874e-06, 2.8063670470146462e-05, 3.615686728153378e-05, 2.5606002964195795e-05], [6.70381780309981e-07, 3.4992419841728406e-06, 1.6624873069304158e-06, -3.2180653306568274e-06, -3.2049399578681914e-06, -6.354127322083514e-07], [7.834064490452874e-06, 1.6624873069304158e-06, 7.846465450711548e-05, 0.00032964276033453643, 0.0003828377230092883, 0.0002712078276090324], [2.8063670470146462e-05, -3.2180653306568274e-06, 0.00032964276033453643, 0.001587931765243411, 0.0018204086227342486, 0.001262772479094565], [3.615686728153378e-05, -3.2049399578681914e-06, 0.0003828377230092883, 0.0018204086227342486, 0.0022597939241677523, 0.001559473923407495], [2.5606002964195795e-05, -6.354127322083514e-07, 0.0002712078276090324, 0.001262772479094565, 0.001559473923407495, 0.0011460522655397654]]</COVARIANCE_MATRIX>
		<ROI_SIZE>56</ROI_SIZE>
		<MAX_VALUE>[0.12070728093385696, 0.13312211632728577, 0.12649016082286835, 0.17434051632881165, 0.19213612377643585, 0.13199180364608765]</MAX_VALUE>
		<MIN_VALUE>[0.11065047234296799, 0.1261228770017624, 0.09404115378856659, 0.041583526879549026, 0.006946129258722067, 0.005836295895278454]</MIN_VALUE>
		<SIGNATURE_THRESHOLD_MD>0.0</SIGNATURE_THRESHOLD_MD>
		<SIGNATURE_THRESHOLD_ML>0.0</SIGNATURE_THRESHOLD_ML>
		<SIGNATURE_THRESHOLD_SAM>0.0</SIGNATURE_THRESHOLD_SAM>
	</signature>
	<signature ID="20210129_144318739882_710">
		<MACROCLASSID>1</MACROCLASSID>
		<MACROCLASSINFO>waterbody</MACROCLASSINFO>
		<CLASSID>5</CLASSID>
		<CLASSINFO>C 1</CLASSINFO>
		<VALUES>[0.11525984480977058, 0.005080517037201333, 0.1173738082870841, 0.007214661827598597, 0.1073157498613, 0.010429509906320876, 0.13377587590366602, 0.023103339839584312, 0.1025089118629694, 0.023585980075197577, 0.06848785188049078, 0.020167013765667183]</VALUES>
		<LCS_MIN>[0.10897433757781982, 0.10862472653388977, 0.09404115378856659, 0.09689892828464508, 0.06392767280340195, 0.036522772163152695]</LCS_MIN>
		<LCS_MAX>[0.1274118274450302, 0.13312211632728577, 0.1294400840997696, 0.17434051632881165, 0.13278034329414368, 0.09448611736297607]</LCS_MAX>
		<WAVELENGTH>[0.485, 0.56, 0.66, 0.83, 1.65, 2.215]</WAVELENGTH>
		<MEAN_VALUE>[0.11525984480977058, 0.1173738082870841, 0.1073157498613, 0.13377587590366602, 0.1025089118629694, 0.06848785188049078]</MEAN_VALUE>
		<CHECKBOX>2</CHECKBOX>
		<SD>[0.005080517037201333, 0.007214661827598597, 0.010429509906320876, 0.023103339839584312, 0.023585980075197577, 0.020167013765667183]</SD>
		<WAVELENGTH_UNIT>E-6m</WAVELENGTH_UNIT>
		<COLOR>#63f477</COLOR>
		<COVARIANCE_MATRIX>[[2.9499033189495094e-05, 3.8547001167899e-05, 4.944451939081773e-05, 6.0927734011784196e-05, 1.3928357475379016e-05, 1.85736280400306e-05], [3.8547001167899e-05, 5.948725083726458e-05, 7.963904499774799e-05, 0.00010693154763430357, 5.69752482988406e-05, 6.0513910284498706e-05], [4.944451939081773e-05, 7.963904499774799e-05, 0.00012431391223799437, 0.00022067550162319094, 0.00012506727944128215, 0.00012572550622280687], [6.0927734011784196e-05, 0.00010693154763430357, 0.00022067550162319094, 0.0006100163445807993, 0.00045027959276922047, 0.00042750220745801926], [1.3928357475379016e-05, 5.69752482988406e-05, 0.00012506727944128215, 0.00045027959276922047, 0.000635769683867693, 0.0005230074748396873], [1.85736280400306e-05, 6.0513910284498706e-05, 0.00012572550622280687, 0.00042750220745801926, 0.0005230074748396873, 0.0004648096510209143]]</COVARIANCE_MATRIX>
		<ROI_SIZE>8</ROI_SIZE>
		<MAX_VALUE>[0.1274118274450302, 0.13312211632728577, 0.1294400840997696, 0.17434051632881165, 0.13278034329414368, 0.09448611736297607]</MAX_VALUE>
		<MIN_VALUE>[0.10897433757781982, 0.10862472653388977, 0.09404115378856659, 0.09689892828464508, 0.06392767280340195, 0.036522772163152695]</MIN_VALUE>
		<SIGNATURE_THRESHOLD_MD>0.0</SIGNATURE_THRESHOLD_MD>
		<SIGNATURE_THRESHOLD_ML>0.0</SIGNATURE_THRESHOLD_ML>
		<SIGNATURE_THRESHOLD_SAM>0.0</SIGNATURE_THRESHOLD_SAM>
	</signature>
	<signature ID="20210129_144335782463_258">
		<MACROCLASSID>1</MACROCLASSID>
		<MACROCLASSINFO>waterbody</MACROCLASSINFO>
		<CLASSID>6</CLASSID>
		<CLASSINFO>C 1</CLASSINFO>
		<VALUES>[0.11534364769856136, 0.004826960339992556, 0.13172227938969927, 0.013511759902319172, 0.12000036338965099, 0.011409708411934049, 0.15270603199799854, 0.016757262310619137, 0.05997061369319756, 0.0368494735883832, 0.03765930874894063, 0.025106904616309933]</VALUES>
		<LCS_MIN>[0.1056220531463623, 0.10162549465894699, 0.09699106216430664, 0.1300881803035736, 0.0116945905610919, 0.009245905093848705]</LCS_MIN>
		<LCS_MAX>[0.12405955046415329, 0.1471206396818161, 0.1353398859500885, 0.18171587586402893, 0.14227727055549622, 0.10471494495868683]</LCS_MAX>
		<WAVELENGTH>[0.485, 0.56, 0.66, 0.83, 1.65, 2.215]</WAVELENGTH>
		<MEAN_VALUE>[0.11534364769856136, 0.13172227938969927, 0.12000036338965099, 0.15270603199799854, 0.05997061369319756, 0.03765930874894063]</MEAN_VALUE>
		<CHECKBOX>2</CHECKBOX>
		<SD>[0.004826960339992556, 0.013511759902319172, 0.011409708411934049, 0.016757262310619137, 0.0368494735883832, 0.025106904616309933]</SD>
		<WAVELENGTH_UNIT>E-6m</WAVELENGTH_UNIT>
		<COLOR>#e79ee0</COLOR>
		<COVARIANCE_MATRIX>[[2.4963799660326913e-05, 6.066964124329388e-05, 4.781990355695598e-05, -6.869823846500367e-05, -0.00014411594020202756, -9.184767259284854e-05], [6.066964124329388e-05, 0.00019560819782782346, 0.00016208023589570075, -0.00020114216022193432, -0.0004605515277944505, -0.00029063806869089603], [4.781990355695598e-05, 0.00016208023589570075, 0.0001394801220158115, -0.00016674977086950094, -0.000361194193828851, -0.00022630581224802881], [-6.869823846500367e-05, -0.00020114216022193432, -0.00016674977086950094, 0.00030086340848356485, 0.0005124013987369835, 0.0002867976436391473], [-0.00014411594020202756, -0.0004605515277944505, -0.000361194193828851, 0.0005124013987369835, 0.0014548753388226032, 0.0009432832011952996], [-9.184767259284854e-05, -0.00029063806869089603, -0.00022630581224802881, 0.0002867976436391473, 0.0009432832011952996, 0.0006753821508027613]]</COVARIANCE_MATRIX>
		<ROI_SIZE>15</ROI_SIZE>
		<MAX_VALUE>[0.12405955046415329, 0.1471206396818161, 0.1353398859500885, 0.18171587586402893, 0.14227727055549622, 0.10471494495868683]</MAX_VALUE>
		<MIN_VALUE>[0.1056220531463623, 0.10162549465894699, 0.09699106216430664, 0.1300881803035736, 0.0116945905610919, 0.009245905093848705]</MIN_VALUE>
		<SIGNATURE_THRESHOLD_MD>0.0</SIGNATURE_THRESHOLD_MD>
		<SIGNATURE_THRESHOLD_ML>0.0</SIGNATURE_THRESHOLD_ML>
		<SIGNATURE_THRESHOLD_SAM>0.0</SIGNATURE_THRESHOLD_SAM>
	</signature>
	<signature ID="20210129_144354336563_515">
		<MACROCLASSID>1</MACROCLASSID>
		<MACROCLASSINFO>waterbody</MACROCLASSINFO>
		<CLASSID>7</CLASSID>
		<CLASSINFO>C 1</CLASSINFO>
		<VALUES>[0.1271070716055957, 0.006365228518122583, 0.16175541857426814, 0.017770764701452273, 0.17194559696045789, 0.023204768384244713, 0.10662103478204121, 0.01621004996545579, 0.03953784081915563, 0.02436211204403994, 0.025829000356183813, 0.015119304926068633]</VALUES>
		<LCS_MIN>[0.10897433757781982, 0.10862472653388977, 0.10584079474210739, 0.09321124106645584, 0.014068820513784885, 0.009245905093848705]</LCS_MIN>
		<LCS_MAX>[0.13411636650562286, 0.175117626786232, 0.188438281416893, 0.14483894407749176, 0.09241843223571777, 0.05357080698013306]</LCS_MAX>
		<WAVELENGTH>[0.485, 0.56, 0.66, 0.83, 1.65, 2.215]</WAVELENGTH>
		<MEAN_VALUE>[0.1271070716055957, 0.16175541857426814, 0.17194559696045789, 0.10662103478204121, 0.03953784081915563, 0.025829000356183813]</MEAN_VALUE>
		<CHECKBOX>2</CHECKBOX>
		<SD>[0.006365228518122583, 0.017770764701452273, 0.023204768384244713, 0.01621004996545579, 0.02436211204403994, 0.015119304926068633]</SD>
		<WAVELENGTH_UNIT>E-6m</WAVELENGTH_UNIT>
		<COLOR>#2373d2</COLOR>
		<COVARIANCE_MATRIX>[[4.2445473809493706e-05, 0.0001127714931499213, 0.00014448061119765043, -6.812556966906413e-05, -0.00010651704360498115, -5.403236718848348e-05], [0.0001127714931499213, 0.0003308381710667163, 0.00042934465454891324, -0.00023878045612946153, -0.00036555627593770623, -0.00019856249855365604], [0.00014448061119765043, 0.00042934465454891324, 0.000564102316275239, -0.0003122231282759458, -0.0004814406856894493, -0.0002609211369417608], [-6.812556966906413e-05, -0.00023878045612946153, -0.0003122231282759458, 0.00027527837664820254, 0.00038558023516088724, 0.00023704752675257623], [-0.00010651704360498115, -0.00036555627593770623, -0.0004814406856894493, 0.00038558023516088724, 0.0006217749905772507, 0.00037437654100358486], [-5.403236718848348e-05, -0.00019856249855365604, -0.0002609211369417608, 0.00023704752675257623, 0.00037437654100358486, 0.0002394787734374404]]</COVARIANCE_MATRIX>
		<ROI_SIZE>22</ROI_SIZE>
		<MAX_VALUE>[0.13411636650562286, 0.175117626786232, 0.188438281416893, 0.14483894407749176, 0.09241843223571777, 0.05357080698013306]</MAX_VALUE>
		<MIN_VALUE>[0.10897433757781982, 0.10862472653388977, 0.10584079474210739, 0.09321124106645584, 0.014068820513784885, 0.009245905093848705]</MIN_VALUE>
		<SIGNATURE_THRESHOLD_MD>0.0</SIGNATURE_THRESHOLD_MD>
		<SIGNATURE_THRESHOLD_ML>0.0</SIGNATURE_THRESHOLD_ML>
		<SIGNATURE_THRESHOLD_SAM>0.0</SIGNATURE_THRESHOLD_SAM>
	</signature>
	<signature ID="20210129_144429685671_268">
		<MACROCLASSID>1</MACROCLASSID>
		<MACROCLASSINFO>waterbody</MACROCLASSINFO>
		<CLASSID>8</CLASSID>
		<CLASSINFO>C 1</CLASSINFO>
		<VALUES>[0.10297553398107226, 0.0023273379723596724, 0.09689792389409588, 0.004222577356898343, 0.08110295392965017, 0.007304665010935455, 0.06358029660687109, 0.014814764339236423, 0.034687138987672436, 0.017756858720641602, 0.024798505073576636, 0.01486923918405002]</VALUES>
		<LCS_MIN>[0.09724139422178268, 0.09112660586833954, 0.06749196350574493, 0.045271217823028564, 0.006946129258722067, 0.005836295895278454]</LCS_MIN>
		<LCS_MAX>[0.10729820281267166, 0.10862472653388977, 0.10289088636636734, 0.10058663040399551, 0.0805472880601883, 0.06379964202642441]</LCS_MAX>
		<WAVELENGTH>[0.485, 0.56, 0.66, 0.83, 1.65, 2.215]</WAVELENGTH>
		<MEAN_VALUE>[0.10297553398107226, 0.09689792389409588, 0.08110295392965017, 0.06358029660687109, 0.034687138987672436, 0.024798505073576636]</MEAN_VALUE>
		<CHECKBOX>2</CHECKBOX>
		<SD>[0.0023273379723596724, 0.004222577356898343, 0.007304665010935455, 0.014814764339236423, 0.017756858720641602, 0.01486923918405002]</SD>
		<WAVELENGTH_UNIT>E-6m</WAVELENGTH_UNIT>
		<COLOR>#7d757f</COLOR>
		<COVARIANCE_MATRIX>[[5.513225460163085e-06, 6.4336845753132366e-06, 9.294064511777833e-06, 1.5655985407647677e-05, 1.5674986570957117e-05, 1.4851365449430887e-05], [6.4336845753132366e-06, 1.814855568227358e-05, 2.604506335046608e-05, 4.731228182208724e-05, 4.9806687457021326e-05, 3.7337220419431105e-05], [9.294064511777833e-06, 2.604506335046608e-05, 5.4310956329572946e-05, 9.794955985853449e-05, 9.080539166461676e-05, 7.298379205167294e-05], [1.5655985407647677e-05, 4.731228182208724e-05, 9.794955985853449e-05, 0.0002233964769402519, 0.00021394035138655454, 0.00017471065802965313], [1.5674986570957117e-05, 4.9806687457021326e-05, 9.080539166461676e-05, 0.00021394035138655454, 0.00032093649497255683, 0.00024142554320860654], [1.4851365449430887e-05, 3.7337220419431105e-05, 7.298379205167294e-05, 0.00017471065802965313, 0.00024142554320860654, 0.00022504238586407155]]</COVARIANCE_MATRIX>
		<ROI_SIZE>57</ROI_SIZE>
		<MAX_VALUE>[0.10729820281267166, 0.10862472653388977, 0.10289088636636734, 0.10058663040399551, 0.0805472880601883, 0.06379964202642441]</MAX_VALUE>
		<MIN_VALUE>[0.09724139422178268, 0.09112660586833954, 0.06749196350574493, 0.045271217823028564, 0.006946129258722067, 0.005836295895278454]</MIN_VALUE>
		<SIGNATURE_THRESHOLD_MD>0.0</SIGNATURE_THRESHOLD_MD>
		<SIGNATURE_THRESHOLD_ML>0.0</SIGNATURE_THRESHOLD_ML>
		<SIGNATURE_THRESHOLD_SAM>0.0</SIGNATURE_THRESHOLD_SAM>
	</signature>
	<signature ID="20210129_144456669574_985">
		<MACROCLASSID>1</MACROCLASSID>
		<MACROCLASSINFO>waterbody</MACROCLASSINFO>
		<CLASSID>9</CLASSID>
		<CLASSINFO>C 1</CLASSINFO>
		<VALUES>[0.09680485885375541, 0.004322308307492287, 0.08997861743269576, 0.009536209785603041, 0.06775587540912348, 0.010300547467894753, 0.0528225603237541, 0.014789996316354047, 0.01833110757423917, 0.010543692426393428, 0.009692616246003757, 0.006627352715144143]</VALUES>
		<LCS_MIN>[0.08718457072973251, 0.07012885808944702, 0.05274241790175438, 0.02683275192975998, 0.0021976677235215902, 0.0]</LCS_MIN>
		<LCS_MAX>[0.11232659965753555, 0.1261228770017624, 0.10584079474210739, 0.08583585172891617, 0.05917920172214508, 0.0433419905602932]</LCS_MAX>
		<WAVELENGTH>[0.485, 0.56, 0.66, 0.83, 1.65, 2.215]</WAVELENGTH>
		<MEAN_VALUE>[0.09680485885375541, 0.08997861743269576, 0.06775587540912348, 0.0528225603237541, 0.01833110757423917, 0.009692616246003757]</MEAN_VALUE>
		<CHECKBOX>2</CHECKBOX>
		<SD>[0.004322308307492287, 0.009536209785603041, 0.010300547467894753, 0.014789996316354047, 0.010543692426393428, 0.006627352715144143]</SD>
		<WAVELENGTH_UNIT>E-6m</WAVELENGTH_UNIT>
		<COLOR>#e5cf56</COLOR>
		<COVARIANCE_MATRIX>[[1.692634577921126e-05, 3.227674460504204e-05, 3.239251600462012e-05, 5.5308100854745135e-06, 3.8177668670869025e-07, 5.075515900898608e-07], [3.227674460504204e-05, 8.257854642579332e-05, 7.854854629840702e-05, 1.7843287423602305e-05, 9.47753619584546e-07, 5.391117952058266e-07], [3.239251600462012e-05, 7.854854629840702e-05, 8.646067726658657e-05, 3.0699313356308267e-05, 1.0933998964901548e-05, 6.9429611357918475e-06], [5.5308100854745135e-06, 1.7843287423602305e-05, 3.0699313356308267e-05, 0.000199205256649293, 0.00011954284855164587, 6.470250809798017e-05], [3.8177668670869025e-07, 9.47753619584546e-07, 1.0933998964901548e-05, 0.00011954284855164587, 0.00011394205648684874, 5.9401078033261e-05], [5.075515900898608e-07, 5.391117952058266e-07, 6.9429611357918475e-06, 6.470250809798017e-05, 5.9401078033261e-05, 4.6404802560573444e-05]]</COVARIANCE_MATRIX>
		<ROI_SIZE>969</ROI_SIZE>
		<MAX_VALUE>[0.11232659965753555, 0.1261228770017624, 0.10584079474210739, 0.08583585172891617, 0.05917920172214508, 0.0433419905602932]</MAX_VALUE>
		<MIN_VALUE>[0.08718457072973251, 0.07012885808944702, 0.05274241790175438, 0.02683275192975998, 0.0021976677235215902, 0.0]</MIN_VALUE>
		<SIGNATURE_THRESHOLD_MD>0.0</SIGNATURE_THRESHOLD_MD>
		<SIGNATURE_THRESHOLD_ML>0.0</SIGNATURE_THRESHOLD_ML>
		<SIGNATURE_THRESHOLD_SAM>0.0</SIGNATURE_THRESHOLD_SAM>
	</signature>
	<signature ID="20210129_144519435121_968">
		<MACROCLASSID>1</MACROCLASSID>
		<MACROCLASSINFO>waterbody</MACROCLASSINFO>
		<CLASSID>10</CLASSID>
		<CLASSINFO>C 1</CLASSINFO>
		<VALUES>[0.10186842173415743, 0.0027099772759428785, 0.09981628555730837, 0.004537744937246424, 0.07492230977086341, 0.004821884112201657, 0.03831673312080475, 0.009178656794370809, 0.009510999641505225, 0.00861351692640531, 0.005621615174431068, 0.005975203740379079]</VALUES>
		<LCS_MIN>[0.08383230119943619, 0.06662921607494354, 0.04684259742498398, 0.02683275192975998, 0.0, 0.0]</LCS_MIN>
		<LCS_MAX>[0.10897433757781982, 0.11562400311231613, 0.09699106216430664, 0.08214815706014633, 0.05443074181675911, 0.05357080698013306]</LCS_MAX>
		<WAVELENGTH>[0.485, 0.56, 0.66, 0.83, 1.65, 2.215]</WAVELENGTH>
		<MEAN_VALUE>[0.10186842173415743, 0.09981628555730837, 0.07492230977086341, 0.03831673312080475, 0.009510999641505225, 0.005621615174431068]</MEAN_VALUE>
		<CHECKBOX>2</CHECKBOX>
		<SD>[0.0027099772759428785, 0.004537744937246424, 0.004821884112201657, 0.009178656794370809, 0.00861351692640531, 0.005975203740379079]</SD>
		<WAVELENGTH_UNIT>E-6m</WAVELENGTH_UNIT>
		<COLOR>#f6b2fa</COLOR>
		<COVARIANCE_MATRIX>[[8.049424650380388e-06, 9.309255801781546e-06, 7.831238690414466e-06, -1.0983068932546303e-05, -8.08448385214433e-06, -3.6902640658809105e-06], [9.309255801781546e-06, 2.4566854335716926e-05, 1.99631140276324e-05, -1.688101292529609e-05, -1.2348490599833895e-05, -5.138901087775594e-06], [7.831238690414466e-06, 1.99631140276324e-05, 2.758038135652896e-05, 2.8335371098364703e-06, 4.153812824370107e-06, 5.508235517481808e-06], [-1.0983068932546303e-05, -1.688101292529609e-05, 2.8335371098364703e-06, 0.00010300120629835874, 8.010349847609177e-05, 4.8084963054861873e-05], [-8.08448385214433e-06, -1.2348490599833895e-05, 4.153812824370107e-06, 8.010349847609177e-05, 8.344998786924407e-05, 4.806267315871082e-05], [-3.6902640658809105e-06, -5.138901087775594e-06, 5.508235517481808e-06, 4.8084963054861873e-05, 4.806267315871082e-05, 3.875726542901248e-05]]</COVARIANCE_MATRIX>
		<ROI_SIZE>9591</ROI_SIZE>
		<MAX_VALUE>[0.10897433757781982, 0.11562400311231613, 0.09699106216430664, 0.08214815706014633, 0.05443074181675911, 0.05357080698013306]</MAX_VALUE>
		<MIN_VALUE>[0.08383230119943619, 0.06662921607494354, 0.04684259742498398, 0.02683275192975998, 0.0, 0.0]</MIN_VALUE>
		<SIGNATURE_THRESHOLD_MD>0.0</SIGNATURE_THRESHOLD_MD>
		<SIGNATURE_THRESHOLD_ML>0.0</SIGNATURE_THRESHOLD_ML>
		<SIGNATURE_THRESHOLD_SAM>0.0</SIGNATURE_THRESHOLD_SAM>
	</signature>
	<signature ID="20210129_144533130042_909">
		<MACROCLASSID>1</MACROCLASSID>
		<MACROCLASSINFO>waterbody</MACROCLASSINFO>
		<CLASSID>11</CLASSID>
		<CLASSINFO>C 1</CLASSINFO>
		<VALUES>[0.1016142678096356, 0.0032130812895138122, 0.09967071443998118, 0.006280277137517605, 0.0750937708162153, 0.006444478436237552, 0.03997350700870373, 0.011327133902143715, 0.011077103212463156, 0.010226993904926075, 0.006523578320895865, 0.006699351841969154]</VALUES>
		<LCS_MIN>[0.08550843596458435, 0.06662921607494354, 0.04684259742498398, 0.02683275192975998, 0.0, 0.0]</LCS_MIN>
		<LCS_MAX>[0.11065047234296799, 0.1261228770017624, 0.10584079474210739, 0.089523546397686, 0.05917920172214508, 0.0501612052321434]</LCS_MAX>
		<WAVELENGTH>[0.485, 0.56, 0.66, 0.83, 1.65, 2.215]</WAVELENGTH>
		<MEAN_VALUE>[0.1016142678096356, 0.09967071443998118, 0.0750937708162153, 0.03997350700870373, 0.011077103212463156, 0.006523578320895865]</MEAN_VALUE>
		<CHECKBOX>2</CHECKBOX>
		<SD>[0.0032130812895138122, 0.006280277137517605, 0.006444478436237552, 0.011327133902143715, 0.010226993904926075, 0.006699351841969154]</SD>
		<WAVELENGTH_UNIT>E-6m</WAVELENGTH_UNIT>
		<COLOR>#55383d</COLOR>
		<COVARIANCE_MATRIX>[[8.678330232214648e-06, 1.149176932813134e-05, 9.855254575086292e-06, -1.0126583219971508e-05, -7.087090125423856e-06, -2.806236125252326e-06], [1.149176932813134e-05, 3.2858682970982045e-05, 2.7762578611145727e-05, -1.270490884053288e-05, -7.554926014563534e-06, -1.141983034358418e-06], [9.855254575086292e-06, 2.7762578611145727e-05, 3.525157808326185e-05, 7.949699465825688e-06, 9.714649422676302e-06, 1.009018251352245e-05], [-1.0126583219971508e-05, -1.270490884053288e-05, 7.949699465825688e-06, 0.00011014948540832847, 8.712139970157295e-05, 5.349921775632538e-05], [-7.087090125423856e-06, -7.554926014563534e-06, 9.714649422676302e-06, 8.712139970157295e-05, 9.174923616228625e-05, 5.4296710004564375e-05], [-2.806236125252326e-06, -1.141983034358418e-06, 1.009018251352245e-05, 5.349921775632538e-05, 5.4296710004564375e-05, 4.4027892727172e-05]]</COVARIANCE_MATRIX>
		<ROI_SIZE>9785</ROI_SIZE>
		<MAX_VALUE>[0.11065047234296799, 0.1261228770017624, 0.10584079474210739, 0.089523546397686, 0.05917920172214508, 0.0501612052321434]</MAX_VALUE>
		<MIN_VALUE>[0.08550843596458435, 0.06662921607494354, 0.04684259742498398, 0.02683275192975998, 0.0, 0.0]</MIN_VALUE>
		<SIGNATURE_THRESHOLD_MD>0.0</SIGNATURE_THRESHOLD_MD>
		<SIGNATURE_THRESHOLD_ML>0.0</SIGNATURE_THRESHOLD_ML>
		<SIGNATURE_THRESHOLD_SAM>0.0</SIGNATURE_THRESHOLD_SAM>
	</signature>
	<signature ID="20210129_144540906988_852">
		<MACROCLASSID>1</MACROCLASSID>
		<MACROCLASSINFO>waterbody</MACROCLASSINFO>
		<CLASSID>12</CLASSID>
		<CLASSINFO>C 1</CLASSINFO>
		<VALUES>[0.09208013740800199, 0.002736285995306231, 0.08521231776211928, 0.004246895124851439, 0.05708820533467617, 0.004992818443865038, 0.04320817458549721, 0.01547211025149651, 0.019664447377425003, 0.01439184256005291, 0.012081408221925886, 0.00959505741586189]</VALUES>
		<LCS_MIN>[0.0788038969039917, 0.06312958896160126, 0.04094277694821358, 0.023145055398344994, 0.0, 0.0]</LCS_MIN>
		<LCS_MAX>[0.09891752898693085, 0.10162549465894699, 0.08224152028560638, 0.08583585172891617, 0.06392767280340195, 0.04675159975886345]</LCS_MAX>
		<WAVELENGTH>[0.485, 0.56, 0.66, 0.83, 1.65, 2.215]</WAVELENGTH>
		<MEAN_VALUE>[0.09208013740800199, 0.08521231776211928, 0.05708820533467617, 0.04320817458549721, 0.019664447377425003, 0.012081408221925886]</MEAN_VALUE>
		<CHECKBOX>2</CHECKBOX>
		<SD>[0.002736285995306231, 0.004246895124851439, 0.004992818443865038, 0.01547211025149651, 0.01439184256005291, 0.00959505741586189]</SD>
		<WAVELENGTH_UNIT>E-6m</WAVELENGTH_UNIT>
		<COLOR>#02db40</COLOR>
		<COVARIANCE_MATRIX>[[7.504754648834933e-06, 7.106732482498046e-06, 5.9851931837329175e-06, -8.881986104825046e-06, -3.1680001484346576e-06, -3.8355392462108284e-07], [7.106732482498046e-06, 1.807825901778415e-05, 1.3533190212910995e-05, -1.2441020771802869e-05, -5.501402029040037e-06, -1.954650059587948e-07], [5.9851931837329175e-06, 1.3533190212910995e-05, 2.4986478820210323e-05, 2.962489816127345e-05, 3.005346115969587e-05, 2.178523391194176e-05], [-8.881986104825046e-06, -1.2441020771802869e-05, 2.962489816127345e-05, 0.00023994551156647503, 0.00018614024156704545, 0.0001120286324294284], [-3.1680001484346576e-06, -5.501402029040037e-06, 3.005346115969587e-05, 0.00018614024156704545, 0.00020760907500516623, 0.00012302372488193214], [-3.8355392462108284e-07, -1.954650059587948e-07, 2.178523391194176e-05, 0.0001120286324294284, 0.00012302372488193214, 9.228023554896936e-05]]</COVARIANCE_MATRIX>
		<ROI_SIZE>429</ROI_SIZE>
		<MAX_VALUE>[0.09891752898693085, 0.10162549465894699, 0.08224152028560638, 0.08583585172891617, 0.06392767280340195, 0.04675159975886345]</MAX_VALUE>
		<MIN_VALUE>[0.0788038969039917, 0.06312958896160126, 0.04094277694821358, 0.023145055398344994, 0.0, 0.0]</MIN_VALUE>
		<SIGNATURE_THRESHOLD_MD>0.0</SIGNATURE_THRESHOLD_MD>
		<SIGNATURE_THRESHOLD_ML>0.0</SIGNATURE_THRESHOLD_ML>
		<SIGNATURE_THRESHOLD_SAM>0.0</SIGNATURE_THRESHOLD_SAM>
	</signature>
	<signature ID="20210129_144635573188_738">
		<MACROCLASSID>1</MACROCLASSID>
		<MACROCLASSINFO>waterbody</MACROCLASSINFO>
		<CLASSID>13</CLASSID>
		<CLASSINFO>C 1</CLASSINFO>
		<VALUES>[0.09126534070753801, 0.0025197057314755504, 0.08157992047050394, 0.004576919566172123, 0.05987223485228029, 0.00400175396004794, 0.05078321418892788, 0.014748726063612959, 0.02207241096046782, 0.011352283663673425, 0.011853609576347441, 0.007100261433686826]</VALUES>
		<LCS_MIN>[0.0788038969039917, 0.059629976749420166, 0.04094277694821358, 0.02683275192975998, 0.0021976677235215902, 0.0]</LCS_MIN>
		<LCS_MAX>[0.09724139422178268, 0.08762697875499725, 0.07044187933206558, 0.08214815706014633, 0.056804973632097244, 0.039932381361722946]</LCS_MAX>
		<WAVELENGTH>[0.485, 0.56, 0.66, 0.83, 1.65, 2.215]</WAVELENGTH>
		<MEAN_VALUE>[0.09126534070753801, 0.08157992047050394, 0.05987223485228029, 0.05078321418892788, 0.02207241096046782, 0.011853609576347441]</MEAN_VALUE>
		<CHECKBOX>2</CHECKBOX>
		<SD>[0.0025197057314755504, 0.004576919566172123, 0.00400175396004794, 0.014748726063612959, 0.011352283663673425, 0.007100261433686826]</SD>
		<WAVELENGTH_UNIT>E-6m</WAVELENGTH_UNIT>
		<COLOR>#c51d99</COLOR>
		<COVARIANCE_MATRIX>[[6.371431027218932e-06, 7.249807822518051e-06, 6.675247277598828e-06, -6.813387244619662e-06, -1.1802543440353475e-06, 1.3968937082609045e-06], [7.249807822518051e-06, 2.1022477085352875e-05, 1.4017152352607809e-05, -1.638784488022793e-05, -4.112292572244769e-06, 1.503519456491631e-06], [6.675247277598828e-06, 1.4017152352607809e-05, 1.607082231203094e-05, -7.305270628421567e-06, 2.8119120543124154e-06, 4.959132638759911e-06], [-6.813387244619662e-06, -1.638784488022793e-05, -7.305270628421567e-06, 0.00021829629258718342, 0.00013394128473009914, 7.114344771252945e-05], [-1.1802543440353475e-06, -4.112292572244769e-06, 2.8119120543124154e-06, 0.00013394128473009914, 0.00012933133984915912, 6.645321263931692e-05], [1.3968937082609045e-06, 1.503519456491631e-06, 4.959132638759911e-06, 7.114344771252945e-05, 6.645321263931692e-05, 5.059248360339552e-05]]</COVARIANCE_MATRIX>
		<ROI_SIZE>283</ROI_SIZE>
		<MAX_VALUE>[0.09724139422178268, 0.08762697875499725, 0.07044187933206558, 0.08214815706014633, 0.056804973632097244, 0.039932381361722946]</MAX_VALUE>
		<MIN_VALUE>[0.0788038969039917, 0.059629976749420166, 0.04094277694821358, 0.02683275192975998, 0.0021976677235215902, 0.0]</MIN_VALUE>
		<SIGNATURE_THRESHOLD_MD>0.0</SIGNATURE_THRESHOLD_MD>
		<SIGNATURE_THRESHOLD_ML>0.0</SIGNATURE_THRESHOLD_ML>
		<SIGNATURE_THRESHOLD_SAM>0.0</SIGNATURE_THRESHOLD_SAM>
	</signature>
	<signature ID="20210129_144657805265_703">
		<MACROCLASSID>1</MACROCLASSID>
		<MACROCLASSINFO>waterbody</MACROCLASSINFO>
		<CLASSID>14</CLASSID>
		<CLASSINFO>C 1</CLASSINFO>
		<VALUES>[0.10273437416585889, 0.003457348821258188, 0.10198686539154982, 0.0073292554922667254, 0.09001709269764634, 0.009258724260182212, 0.06571387092623371, 0.016858965916493475, 0.02572061564095076, 0.013024710495450408, 0.014791860791814073, 0.008092614365104231]</VALUES>
		<LCS_MIN>[0.09053685516119003, 0.08062772452831268, 0.06454205513000488, 0.03789582848548889, 0.004571898374706507, 0.0]</LCS_MIN>
		<LCS_MAX>[0.10897433757781982, 0.11562400311231613, 0.11469051986932755, 0.10796201974153519, 0.06630188971757889, 0.039932381361722946]</LCS_MAX>
		<WAVELENGTH>[0.485, 0.56, 0.66, 0.83, 1.65, 2.215]</WAVELENGTH>
		<MEAN_VALUE>[0.10273437416585889, 0.10198686539154982, 0.09001709269764634, 0.06571387092623371, 0.02572061564095076, 0.014791860791814073]</MEAN_VALUE>
		<CHECKBOX>2</CHECKBOX>
		<SD>[0.003457348821258188, 0.0073292554922667254, 0.009258724260182212, 0.016858965916493475, 0.013024710495450408, 0.008092614365104231]</SD>
		<WAVELENGTH_UNIT>E-6m</WAVELENGTH_UNIT>
		<COLOR>#eed503</COLOR>
		<COVARIANCE_MATRIX>[[9.821528692555148e-06, 1.612473715795204e-05, 2.084995139739476e-05, -1.5608349713147618e-05, -1.1060873475798871e-05, -5.146257990418235e-06], [1.612473715795204e-05, 4.617673403117806e-05, 5.430096643976867e-05, -3.2515097700525075e-05, -2.653378942341078e-05, -1.2109924682590645e-05], [2.084995139739476e-05, 5.430096643976867e-05, 8.013419574126601e-05, -2.5117004042840563e-05, -2.448711165925488e-05, -9.45319243328413e-06], [-1.5608349713147618e-05, -3.2515097700525075e-05, -2.5117004042840563e-05, 0.00031437203870154917, 0.00019234335923101753, 0.00010115023906109855], [-1.1060873475798871e-05, -2.653378942341078e-05, -2.448711165925488e-05, 0.00019234335923101753, 0.00017994055815506727, 8.881271060090512e-05], [-5.146257990418235e-06, -1.2109924682590645e-05, -9.45319243328413e-06, 0.00010115023906109855, 8.881271060090512e-05, 6.180312630021945e-05]]</COVARIANCE_MATRIX>
		<ROI_SIZE>1194</ROI_SIZE>
		<MAX_VALUE>[0.10897433757781982, 0.11562400311231613, 0.11469051986932755, 0.10796201974153519, 0.06630188971757889, 0.039932381361722946]</MAX_VALUE>
		<MIN_VALUE>[0.09053685516119003, 0.08062772452831268, 0.06454205513000488, 0.03789582848548889, 0.004571898374706507, 0.0]</MIN_VALUE>
		<SIGNATURE_THRESHOLD_MD>0.0</SIGNATURE_THRESHOLD_MD>
		<SIGNATURE_THRESHOLD_ML>0.0</SIGNATURE_THRESHOLD_ML>
		<SIGNATURE_THRESHOLD_SAM>0.0</SIGNATURE_THRESHOLD_SAM>
	</signature>
	<signature ID="20210129_144712810538_598">
		<MACROCLASSID>1</MACROCLASSID>
		<MACROCLASSINFO>waterbody</MACROCLASSINFO>
		<CLASSID>15</CLASSID>
		<CLASSINFO>C 1</CLASSINFO>
		<VALUES>[0.1166904375218508, 0.0038787496693546493, 0.13507454677631986, 0.008477261221660407, 0.13301101766134557, 0.011223226836261233, 0.07284481844358276, 0.014117894526882321, 0.020991577690859384, 0.010822656965094065, 0.011178932401041185, 0.006012073310279443]</VALUES>
		<LCS_MIN>[0.09891752898693085, 0.10162549465894699, 0.09404115378856659, 0.0489589124917984, 0.0021976677235215902, 0.0]</LCS_MIN>
		<LCS_MAX>[0.12405955046415329, 0.1471206396818161, 0.1530393660068512, 0.10796201974153519, 0.05443074181675911, 0.039932381361722946]</LCS_MAX>
		<WAVELENGTH>[0.485, 0.56, 0.66, 0.83, 1.65, 2.215]</WAVELENGTH>
		<MEAN_VALUE>[0.1166904375218508, 0.13507454677631986, 0.13301101766134557, 0.07284481844358276, 0.020991577690859384, 0.011178932401041185]</MEAN_VALUE>
		<CHECKBOX>2</CHECKBOX>
		<SD>[0.0038787496693546493, 0.008477261221660407, 0.011223226836261233, 0.014117894526882321, 0.010822656965094065, 0.006012073310279443]</SD>
		<WAVELENGTH_UNIT>E-6m</WAVELENGTH_UNIT>
		<COLOR>#c30a7b</COLOR>
		<COVARIANCE_MATRIX>[[1.5265315596479923e-05, 2.6546133085503243e-05, 3.391186328371987e-05, -2.7816948204417713e-05, -2.0458121070987545e-05, -8.56353926792508e-06], [2.6546133085503243e-05, 7.168132287915796e-05, 8.773057925282046e-05, -7.048621773719788e-05, -5.90064337302465e-05, -2.7044779926654883e-05], [3.391186328371987e-05, 8.773057925282046e-05, 0.0001246319734491408, -8.826106204651296e-05, -7.256925891852006e-05, -3.189587368979119e-05], [-2.7816948204417713e-05, -7.048621773719788e-05, -8.826106204651296e-05, 0.00020213512470945716, 0.00012956044520251453, 6.692379974992946e-05], [-2.0458121070987545e-05, -5.90064337302465e-05, -7.256925891852006e-05, 0.00012956044520251453, 0.0001295244146604091, 6.73543763696216e-05], [-8.56353926792508e-06, -2.7044779926654883e-05, -3.189587368979119e-05, 6.692379974992946e-05, 6.73543763696216e-05, 5.5316857469733804e-05]]</COVARIANCE_MATRIX>
		<ROI_SIZE>594</ROI_SIZE>
		<MAX_VALUE>[0.12405955046415329, 0.1471206396818161, 0.1530393660068512, 0.10796201974153519, 0.05443074181675911, 0.039932381361722946]</MAX_VALUE>
		<MIN_VALUE>[0.09891752898693085, 0.10162549465894699, 0.09404115378856659, 0.0489589124917984, 0.0021976677235215902, 0.0]</MIN_VALUE>
		<SIGNATURE_THRESHOLD_MD>0.0</SIGNATURE_THRESHOLD_MD>
		<SIGNATURE_THRESHOLD_ML>0.0</SIGNATURE_THRESHOLD_ML>
		<SIGNATURE_THRESHOLD_SAM>0.0</SIGNATURE_THRESHOLD_SAM>
	</signature>
	<signature ID="20210129_144721515110_867">
		<MACROCLASSID>1</MACROCLASSID>
		<MACROCLASSINFO>waterbody</MACROCLASSINFO>
		<CLASSID>16</CLASSID>
		<CLASSINFO>C 1</CLASSINFO>
		<VALUES>[0.10862369395193, 0.003984302435261435, 0.10804549486472693, 0.00930022546631782, 0.09005369078153852, 0.01252434346978109, 0.05313829962892096, 0.011502618913765915, 0.021022314839493284, 0.010593928649943268, 0.013526751661951514, 0.008454692561991058]</VALUES>
		<LCS_MIN>[0.09388910979032516, 0.0771280974149704, 0.05864223837852478, 0.03420814126729965, 0.004571898374706507, 0.0]</LCS_MIN>
