<?xml version="1.0" ?>
<signaturelist MCID_LIST="[['1', 'waterbody', '#0000ff'], ['2', 'vegetation', '#00ff00'], ['3', 'ิิิbare land', '#ffaa00'], ['4', 'built-up', '#ff0000']]">
	<signature ID="20200803_110226442729_334">
		<MACROCLASSID>1</MACROCLASSID>
		<MACROCLASSINFO>waterbody</MACROCLASSINFO>
		<CLASSID>1</CLASSID>
		<CLASSINFO>C 1</CLASSINFO>
		<VALUES>[0.11617764255443801, 0.0016915237817556365, 0.08109752044155448, 0.0016747271546697668, 0.04560199081467426, 0.0016437435292009754, 0.02679794671401236, 0.0009704187306859656, 0.005924729404378561, 0.0019588648100492046, 0.0038955643093029012, 0.0023996172639115794]</VALUES>
		<LCS_MIN>[0.10917648673057556, 0.07403484731912613, 0.04122302681207657, 0.02361370623111725, 0.0, 0.0]</LCS_MIN>
		<LCS_MAX>[0.12245198339223862, 0.08635400235652924, 0.05160710588097572, 0.03334958106279373, 0.014470428228378296, 0.01113726943731308]</LCS_MAX>
		<WAVELENGTH>[0.485, 0.56, 0.66, 0.83, 1.65, 2.215]</WAVELENGTH>
		<MEAN_VALUE>[0.11617764255443801, 0.08109752044155448, 0.04560199081467426, 0.02679794671401236, 0.005924729404378561, 0.0038955643093029012]</MEAN_VALUE>
		<CHECKBOX>2</CHECKBOX>
		<SD>[0.0016915237817556365, 0.0016747271546697668, 0.0016437435292009754, 0.0009704187306859656, 0.0019588648100492046, 0.0023996172639115794]</SD>
		<WAVELENGTH_UNIT>E-6m</WAVELENGTH_UNIT>
		<COLOR>#d0557e</COLOR>
		<COVARIANCE_MATRIX>[[2.8521262720460072e-06, -3.779929613756394e-08, 2.2752296047201526e-07, 1.4298129258349945e-07, 3.841474836008274e-07, 2.792347970625997e-07], [-3.779929613756394e-08, 2.8592396574822487e-06, 1.1964755408655492e-08, -4.580718027114017e-08, -3.1424509217004015e-08, -5.969788219317707e-08], [2.2752296047201526e-07, 1.1964755408655492e-08, 2.68847111328796e-06, 2.2401447097308846e-07, 4.478537505292479e-07, 3.6098089140068623e-07], [1.4298129258349945e-07, -4.580718027114017e-08, 2.2401447097308846e-07, 9.674487273514387e-07, 2.522146758110466e-07, 2.3437803520209854e-07], [3.841474836008274e-07, -3.1424509217004015e-08, 4.478537505292479e-07, 2.522146758110466e-07, 3.7784532196383225e-06, 1.078585569302959e-06], [2.792347970625997e-07, -5.969788219317707e-08, 3.6098089140068623e-07, 2.3437803520209854e-07, 1.078585569302959e-06, 5.80455525778234e-06]]</COVARIANCE_MATRIX>
		<ROI_SIZE>10200</ROI_SIZE>
		<MAX_VALUE>[0.12245198339223862, 0.08635400235652924, 0.05160710588097572, 0.03334958106279373, 0.014470428228378296, 0.01113726943731308]</MAX_VALUE>
		<MIN_VALUE>[0.10917648673057556, 0.07403484731912613, 0.04122302681207657, 0.02361370623111725, 0.0, 0.0]</MIN_VALUE>
		<SIGNATURE_THRESHOLD_MD>0.0</SIGNATURE_THRESHOLD_MD>
		<SIGNATURE_THRESHOLD_ML>0.0</SIGNATURE_THRESHOLD_ML>
		<SIGNATURE_THRESHOLD_SAM>0.0</SIGNATURE_THRESHOLD_SAM>
	</signature>
	<signature ID="20200803_110250191181_953">
		<MACROCLASSID>1</MACROCLASSID>
		<MACROCLASSINFO>waterbody</MACROCLASSINFO>
		<CLASSID>2</CLASSID>
		<CLASSINFO>C 1</CLASSINFO>
		<VALUES>[0.12808115076795323, 0.002659099321927725, 0.10638517101910834, 0.004361264492161129, 0.06565479296462365, 0.005239049690276447, 0.037469972112480585, 0.005145388512282683, 0.012077985842346652, 0.0055582379578623066, 0.008232694736864658, 0.004183414175881799]</VALUES>
		<LCS_MIN>[0.11802680790424347, 0.09251357614994049, 0.05160710588097572, 0.030104290693998337, 0.0, 0.0]</LCS_MIN>
		<LCS_MAX>[0.13720251619815826, 0.12331144511699677, 0.09833543002605438, 0.104746013879776, 0.08551007509231567, 0.059146344661712646]</LCS_MAX>
		<WAVELENGTH>[0.485, 0.56, 0.66, 0.83, 1.65, 2.215]</WAVELENGTH>
		<MEAN_VALUE>[0.12808115076795323, 0.10638517101910834, 0.06565479296462365, 0.037469972112480585, 0.012077985842346652, 0.008232694736864658]</MEAN_VALUE>
		<CHECKBOX>2</CHECKBOX>
		<SD>[0.002659099321927725, 0.004361264492161129, 0.005239049690276447, 0.005145388512282683, 0.0055582379578623066, 0.004183414175881799]</SD>
		<WAVELENGTH_UNIT>E-6m</WAVELENGTH_UNIT>
		<COLOR>#ab9c45</COLOR>
		<COVARIANCE_MATRIX>[[6.676442808384309e-06, 6.6412803789717145e-06, 6.212940206751227e-06, 7.277855047505e-07, 1.1756865205825306e-06, 1.259820692212088e-06], [6.6412803789717145e-06, 1.6853051420184784e-05, 1.5537068975390866e-05, 5.317457635101164e-06, 3.235968506487552e-06, 2.446981397952186e-06], [6.212940206751227e-06, 1.5537068975390866e-05, 2.3706093998043798e-05, 1.3883778592571616e-05, 9.578863682691008e-06, 5.876687737327302e-06], [7.277855047505e-07, 5.317457635101164e-06, 1.3883778592571616e-05, 2.7579797460930422e-05, 2.2768294002162293e-05, 1.361722570436541e-05], [1.1756865205825306e-06, 3.235968506487552e-06, 9.578863682691008e-06, 2.2768294002162293e-05, 3.31716873915866e-05, 1.931975748448167e-05], [1.259820692212088e-06, 2.446981397952186e-06, 5.876687737327302e-06, 1.361722570436541e-05, 1.931975748448167e-05, 1.828214226406999e-05]]</COVARIANCE_MATRIX>
		<ROI_SIZE>9691</ROI_SIZE>
		<MAX_VALUE>[0.13720251619815826, 0.12331144511699677, 0.09833543002605438, 0.104746013879776, 0.08551007509231567, 0.059146344661712646]</MAX_VALUE>
		<MIN_VALUE>[0.11802680790424347, 0.09251357614994049, 0.05160710588097572, 0.030104290693998337, 0.0, 0.0]</MIN_VALUE>
		<SIGNATURE_THRESHOLD_MD>0.0</SIGNATURE_THRESHOLD_MD>
		<SIGNATURE_THRESHOLD_ML>0.0</SIGNATURE_THRESHOLD_ML>
		<SIGNATURE_THRESHOLD_SAM>0.0</SIGNATURE_THRESHOLD_SAM>
	</signature>
	<signature ID="20200803_110303476488_950">
		<MACROCLASSID>1</MACROCLASSID>
		<MACROCLASSINFO>waterbody</MACROCLASSINFO>
		<CLASSID>3</CLASSID>
		<CLASSINFO>C 1</CLASSINFO>
		<VALUES>[0.13347554617338112, 0.004531721788350213, 0.11826967002189707, 0.009929050507153332, 0.07925793645425337, 0.01683181359792277, 0.03964472119509823, 0.010319831471063825, 0.008921729904562792, 0.004945584824598933, 0.005712225334398933, 0.0038057397264137996]</VALUES>
		<LCS_MIN>[0.12245198339223862, 0.09867314249277115, 0.05939515307545662, 0.026858996599912643, 0.0, 0.0]</LCS_MIN>
		<LCS_MAX>[0.15637823939323425, 0.1602688729763031, 0.15285180509090424, 0.104746013879776, 0.07297366857528687, 0.047144077718257904]</LCS_MAX>
		<WAVELENGTH>[0.485, 0.56, 0.66, 0.83, 1.65, 2.215]</WAVELENGTH>
		<MEAN_VALUE>[0.13347554617338112, 0.11826967002189707, 0.07925793645425337, 0.03964472119509823, 0.008921729904562792, 0.005712225334398933]</MEAN_VALUE>
		<CHECKBOX>2</CHECKBOX>
		<SD>[0.004531721788350213, 0.009929050507153332, 0.01683181359792277, 0.010319831471063825, 0.004945584824598933, 0.0038057397264137996]</SD>
		<WAVELENGTH_UNIT>E-6m</WAVELENGTH_UNIT>
		<COLOR>#33f414</COLOR>
		<COVARIANCE_MATRIX>[[2.3560553017887287e-05, 4.638129030354321e-05, 7.525912951678038e-05, 2.6666737539926544e-05, -5.133661602485518e-07, -1.6190627150081127e-07], [4.638129030354321e-05, 0.00011171216465299949, 0.00017920891696121544, 6.323205889202654e-05, 1.4629878251071204e-06, 1.1441901506259455e-06], [7.525912951678038e-05, 0.00017920891696121544, 0.00031009092344902456, 0.00012622396752703935, 8.156335752573796e-06, 5.133958438818809e-06], [2.6666737539926544e-05, 6.323205889202654e-05, 0.00012622396752703935, 0.00010453310096636415, 2.0632629457395524e-05, 1.2225475074956194e-05], [-5.133661602485518e-07, 1.4629878251071204e-06, 8.156335752573796e-06, 2.0632629457395524e-05, 2.116886207659263e-05, 1.159402381745167e-05], [-1.6190627150081127e-07, 1.1441901506259455e-06, 5.133958438818809e-06, 1.2225475074956194e-05, 1.159402381745167e-05, 1.2854692613473162e-05]]</COVARIANCE_MATRIX>
		<ROI_SIZE>7717</ROI_SIZE>
		<MAX_VALUE>[0.15637823939323425, 0.1602688729763031, 0.15285180509090424, 0.104746013879776, 0.07297366857528687, 0.047144077718257904]</MAX_VALUE>
		<MIN_VALUE>[0.12245198339223862, 0.09867314249277115, 0.05939515307545662, 0.026858996599912643, 0.0, 0.0]</MIN_VALUE>
		<SIGNATURE_THRESHOLD_MD>0.0</SIGNATURE_THRESHOLD_MD>
		<SIGNATURE_THRESHOLD_ML>0.0</SIGNATURE_THRESHOLD_ML>
		<SIGNATURE_THRESHOLD_SAM>0.0</SIGNATURE_THRESHOLD_SAM>
	</signature>
	<signature ID="20200803_111454509953_917">
		<MACROCLASSID>1</MACROCLASSID>
		<MACROCLASSINFO>waterbody</MACROCLASSINFO>
		<CLASSID>4</CLASSID>
		<CLASSINFO>C 1</CLASSINFO>
		<VALUES>[0.12532775031110682, 0.003143355508536751, 0.123974110280338, 0.006080132127242901, 0.10542273794208128, 0.008248748813485163, 0.05076580000975863, 0.012742509313392825, 0.008870923150605399, 0.0067049103300808295, 0.004913919195957058, 0.004521679678624641]</VALUES>
		<LCS_MIN>[0.11065154522657394, 0.09559334814548492, 0.07756728678941727, 0.036594875156879425, 0.0, 0.0]</LCS_MIN>
		<LCS_MAX>[0.1342524290084839, 0.13563057780265808, 0.13467969000339508, 0.1112365871667862, 0.0687948614358902, 0.05614578723907471]</LCS_MAX>
		<WAVELENGTH>[0.485, 0.56, 0.66, 0.83, 1.65, 2.215]</WAVELENGTH>
		<MEAN_VALUE>[0.12532775031110682, 0.123974110280338, 0.10542273794208128, 0.05076580000975863, 0.008870923150605399, 0.004913919195957058]</MEAN_VALUE>
		<CHECKBOX>2</CHECKBOX>
		<SD>[0.003143355508536751, 0.006080132127242901, 0.008248748813485163, 0.012742509313392825, 0.0067049103300808295, 0.004521679678624641]</SD>
		<WAVELENGTH_UNIT>E-6m</WAVELENGTH_UNIT>
		<COLOR>#ff1038</COLOR>
		<COVARIANCE_MATRIX>[[1.55097950482741e-05, 2.708155989239458e-05, 2.5508161343168467e-05, -1.2370125659799669e-05, -8.958803846326191e-06, -4.598225586960325e-06], [2.708155989239458e-05, 6.336668593576178e-05, 6.003837552270852e-05, -2.2301244825939648e-05, -1.867675564426463e-05, -9.93778303381987e-06], [2.5508161343168467e-05, 6.003837552270852e-05, 0.00010039194603450596, 3.8755315472371876e-05, 1.4951972389098955e-06, 1.8163173081120476e-06], [-1.2370125659799669e-05, -2.2301244825939648e-05, 3.8755315472371876e-05, 0.00018422470020595938, 8.336645259987563e-05, 4.664944208343513e-05], [-8.958803846326191e-06, -1.867675564426463e-05, 1.4951972389098955e-06, 8.336645259987563e-05, 6.088446389185265e-05, 3.36267075908836e-05], [-4.598225586960325e-06, -9.93778303381987e-06, 1.8163173081120476e-06, 4.664944208343513e-05, 3.36267075908836e-05, 2.5484707293799147e-05]]</COVARIANCE_MATRIX>
		<ROI_SIZE>6927</ROI_SIZE>
		<MAX_VALUE>[0.1342524290084839, 0.13563057780265808, 0.13467969000339508, 0.1112365871667862, 0.0687948614358902, 0.05614578723907471]</MAX_VALUE>
		<MIN_VALUE>[0.11065154522657394, 0.09559334814548492, 0.07756728678941727, 0.036594875156879425, 0.0, 0.0]</MIN_VALUE>
		<SIGNATURE_THRESHOLD_MD>0.0</SIGNATURE_THRESHOLD_MD>
		<SIGNATURE_THRESHOLD_ML>0.0</SIGNATURE_THRESHOLD_ML>
		<SIGNATURE_THRESHOLD_SAM>0.0</SIGNATURE_THRESHOLD_SAM>
	</signature>
	<signature ID="20200803_111529235055_412">
		<MACROCLASSID>1</MACROCLASSID>
		<MACROCLASSINFO>waterbody</MACROCLASSINFO>
		<CLASSID>5</CLASSID>
		<CLASSINFO>C 1</CLASSINFO>
		<VALUES>[0.13373932557867288, 0.003323854809410291, 0.11981969770361044, 0.005602264330326794, 0.08757418410312298, 0.011383232922115495, 0.04616625975793588, 0.010056411440789262, 0.013132294383362669, 0.0050067564902962205, 0.008786827886915078, 0.0037780088003503474]</VALUES>
		<LCS_MIN>[0.1239270344376564, 0.1048327162861824, 0.06718321144580841, 0.03334958106279373, 0.0019340201979503036, 0.0]</LCS_MIN>
		<LCS_MAX>[0.14457781612873077, 0.13871034979820251, 0.12429561465978622, 0.11772717535495758, 0.0750630721449852, 0.05314522236585617]</LCS_MAX>
		<WAVELENGTH>[0.485, 0.56, 0.66, 0.83, 1.65, 2.215]</WAVELENGTH>
		<MEAN_VALUE>[0.13373932557867288, 0.11981969770361044, 0.08757418410312298, 0.04616625975793588, 0.013132294383362669, 0.008786827886915078]</MEAN_VALUE>
		<CHECKBOX>2</CHECKBOX>
		<SD>[0.003323854809410291, 0.005602264330326794, 0.011383232922115495, 0.010056411440789262, 0.0050067564902962205, 0.0037780088003503474]</SD>
		<WAVELENGTH_UNIT>E-6m</WAVELENGTH_UNIT>
		<COLOR>#e8817c</COLOR>
		<COVARIANCE_MATRIX>[[1.1947995517402887e-05, 1.5876827092142776e-05, 2.9614568120450713e-05, 1.4326044038170949e-05, 4.129335593461292e-06, 2.8049230422766414e-06], [1.5876827092142776e-05, 3.410180943319574e-05, 6.191791908349842e-05, 3.337722228025086e-05, 8.972801879281178e-06, 6.151171419332968e-06], [2.9614568120450713e-05, 6.191791908349842e-05, 0.00014033021579962224, 8.951200288720429e-05, 2.2672309569315985e-05, 1.4675439160782844e-05], [1.4326044038170949e-05, 3.337722228025086e-05, 8.951200288720429e-05, 0.00010270285565638915, 3.220260259695351e-05, 1.906564284581691e-05], [4.129335593461292e-06, 8.972801879281178e-06, 2.2672309569315985e-05, 3.220260259695351e-05, 2.361968108743895e-05, 1.2935848644701764e-05], [2.8049230422766414e-06, 6.151171419332968e-06, 1.4675439160782844e-05, 1.906564284581691e-05, 1.2935848644701764e-05, 1.3911275345890317e-05]]</COVARIANCE_MATRIX>
		<ROI_SIZE>9481</ROI_SIZE>
		<MAX_VALUE>[0.14457781612873077, 0.13871034979820251, 0.12429561465978622, 0.11772717535495758, 0.0750630721449852, 0.05314522236585617]</MAX_VALUE>
		<MIN_VALUE>[0.1239270344376564, 0.1048327162861824, 0.06718321144580841, 0.03334958106279373, 0.0019340201979503036, 0.0]</MIN_VALUE>
		<SIGNATURE_THRESHOLD_MD>0.0</SIGNATURE_THRESHOLD_MD>
		<SIGNATURE_THRESHOLD_ML>0.0</SIGNATURE_THRESHOLD_ML>
		<SIGNATURE_THRESHOLD_SAM>0.0</SIGNATURE_THRESHOLD_SAM>
	</signature>
	<signature ID="20200803_111603044711_795">
		<MACROCLASSID>1</MACROCLASSID>
		<MACROCLASSINFO>waterbody</MACROCLASSINFO>
		<CLASSID>6</CLASSID>
		<CLASSINFO>C 1</CLASSINFO>
		<VALUES>[0.10089401578519244, 0.001875779399943656, 0.07809714291907534, 0.002306355446022476, 0.05289316997846209, 0.002040933270604266, 0.07720084331266909, 0.02008466155723058, 0.021818584344704045, 0.012647758258706633, 0.009606179501647072, 0.005528594280005188]</VALUES>
		<LCS_MIN>[0.0959009975194931, 0.0709550529718399, 0.04901108518242836, 0.052821338176727295, 0.00402342202141881, 0.0]</LCS_MIN>
		<LCS_MAX>[0.1062263697385788, 0.08635400235652924, 0.05939515307545662, 0.13070835173130035, 0.07297366857528687, 0.03214124217629433]</LCS_MAX>
		<WAVELENGTH>[0.485, 0.56, 0.66, 0.83, 1.65, 2.215]</WAVELENGTH>
		<MEAN_VALUE>[0.10089401578519244, 0.07809714291907534, 0.05289316997846209, 0.07720084331266909, 0.021818584344704045, 0.009606179501647072]</MEAN_VALUE>
		<CHECKBOX>2</CHECKBOX>
		<SD>[0.001875779399943656, 0.002306355446022476, 0.002040933270604266, 0.02008466155723058, 0.012647758258706633, 0.005528594280005188]</SD>
		<WAVELENGTH_UNIT>E-6m</WAVELENGTH_UNIT>
		<COLOR>#0c51eb</COLOR>
		<COVARIANCE_MATRIX>[[3.928092155547347e-06, 1.6255088439720566e-06, 1.88177091331454e-06, -7.941247872622625e-07, -7.634101280018513e-07, 1.7153274711745325e-07], [1.6255088439720566e-06, 5.471758868225152e-06, 2.8558968097058823e-06, 1.93941559700761e-05, 1.183603126264643e-05, 5.1046322369074915e-06], [1.88177091331454e-06, 2.8558968097058823e-06, 5.20334106113296e-06, 1.172828342532739e-05, 6.234065949684009e-06, 3.114424771410995e-06], [-7.941247872622625e-07, 1.93941559700761e-05, 1.172828342532739e-05, 0.00038992325426079333, 0.0002227007644250989, 8.715996227692813e-05], [-7.634101280018513e-07, 1.183603126264643e-05, 6.234065949684009e-06, 0.0002227007644250989, 0.00015801542031113058, 6.15159297012724e-05], [1.7153274711745325e-07, 5.1046322369074915e-06, 3.114424771410995e-06, 8.715996227692813e-05, 6.15159297012724e-05, 3.102149275946431e-05]]</COVARIANCE_MATRIX>
		<ROI_SIZE>1009</ROI_SIZE>
		<MAX_VALUE>[0.1062263697385788, 0.08635400235652924, 0.05939515307545662, 0.13070835173130035, 0.07297366857528687, 0.03214124217629433]</MAX_VALUE>
		<MIN_VALUE>[0.0959009975194931, 0.0709550529718399, 0.04901108518242836, 0.052821338176727295, 0.00402342202141881, 0.0]</MIN_VALUE>
		<SIGNATURE_THRESHOLD_MD>0.0</SIGNATURE_THRESHOLD_MD>
		<SIGNATURE_THRESHOLD_ML>0.0</SIGNATURE_THRESHOLD_ML>
		<SIGNATURE_THRESHOLD_SAM>0.0</SIGNATURE_THRESHOLD_SAM>
	</signature>
	<signature ID="20200803_111648532206_469">
		<MACROCLASSID>1</MACROCLASSID>
		<MACROCLASSINFO>waterbody</MACROCLASSINFO>
		<CLASSID>7</CLASSID>
		<CLASSINFO>C 1</CLASSINFO>
		<VALUES>[0.12289530431040849, 0.002814964530396571, 0.12623975810023175, 0.005367718324456463, 0.12844734436718722, 0.007682394082179746, 0.10740017253084486, 0.01895342429924743, 0.027105788689255988, 0.017568933685150733, 0.01424325676634909, 0.01141937659843367]</VALUES>
		<LCS_MIN>[0.11212659627199173, 0.1048327162861824, 0.09573940187692642, 0.08527425676584244, 0.00611282279714942, 0.0]</LCS_MIN>
		<LCS_MAX>[0.12982726097106934, 0.13255080580711365, 0.13727568089962006, 0.1664065569639206, 0.08551007509231567, 0.05614578723907471]</LCS_MAX>
		<WAVELENGTH>[0.485, 0.56, 0.66, 0.83, 1.65, 2.215]</WAVELENGTH>
		<MEAN_VALUE>[0.12289530431040849, 0.12623975810023175, 0.12844734436718722, 0.10740017253084486, 0.027105788689255988, 0.01424325676634909]</MEAN_VALUE>
		<CHECKBOX>2</CHECKBOX>
		<SD>[0.002814964530396571, 0.005367718324456463, 0.007682394082179746, 0.01895342429924743, 0.017568933685150733, 0.01141937659843367]</SD>
		<WAVELENGTH_UNIT>E-6m</WAVELENGTH_UNIT>
		<COLOR>#e09a96</COLOR>
		<COVARIANCE_MATRIX>[[7.938485396152828e-06, 1.0769503205665387e-05, 1.593283741385676e-05, -3.4128621337004006e-05, -3.085813659708947e-05, -1.767347930581309e-05], [1.0769503205665387e-05, 2.8864977139164694e-05, 3.725025453604758e-05, -8.101480489131063e-05, -7.726260810159147e-05, -4.6387027396121994e-05], [1.593283741385676e-05, 3.725025453604758e-05, 5.9126876294612885e-05, -0.00012408300244715065, -0.00011220000305911526, -6.62350794300437e-05], [-3.4128621337004006e-05, -8.101480489131063e-05, -0.00012408300244715065, 0.00035988783929497004, 0.0003100537578575313, 0.00018730269221123308], [-3.085813659708947e-05, -7.726260810159147e-05, -0.00011220000305911526, 0.0003100537578575313, 0.0003092307015322149, 0.00018875747628044337], [-1.767347930581309e-05, -4.6387027396121994e-05, -6.62350794300437e-05, 0.00018730269221123308, 0.00018875747628044337, 0.0001306401245528832]]</COVARIANCE_MATRIX>
		<ROI_SIZE>549</ROI_SIZE>
		<MAX_VALUE>[0.12982726097106934, 0.13255080580711365, 0.13727568089962006, 0.1664065569639206, 0.08551007509231567, 0.05614578723907471]</MAX_VALUE>
		<MIN_VALUE>[0.11212659627199173, 0.1048327162861824, 0.09573940187692642, 0.08527425676584244, 0.00611282279714942, 0.0]</MIN_VALUE>
		<SIGNATURE_THRESHOLD_MD>0.0</SIGNATURE_THRESHOLD_MD>
		<SIGNATURE_THRESHOLD_ML>0.0</SIGNATURE_THRESHOLD_ML>
		<SIGNATURE_THRESHOLD_SAM>0.0</SIGNATURE_THRESHOLD_SAM>
	</signature>
	<signature ID="20200803_111710792848_115">
		<MACROCLASSID>1</MACROCLASSID>
		<MACROCLASSINFO>waterbody</MACROCLASSINFO>
		<CLASSID>8</CLASSID>
		<CLASSINFO>C 1</CLASSINFO>
		<VALUES>[0.128046400174953, 0.004248424314291529, 0.1456211045293546, 0.007504487832750307, 0.17738339002812065, 0.012185826225051209, 0.13746113268794816, 0.01233736628713031, 0.01908240022305286, 0.013950407774028409, 0.009579005213553746, 0.008725093859505614]</VALUES>
		<LCS_MIN>[0.11212659627199173, 0.11407207697629929, 0.11391153186559677, 0.11448188871145248, 0.00611282279714942, 0.0]</LCS_MIN>
		<LCS_MAX>[0.15637823939323425, 0.18490718305110931, 0.228136345744133, 0.19561418890953064, 0.07924187183380127, 0.06214691326022148]</LCS_MAX>
		<WAVELENGTH>[0.485, 0.56, 0.66, 0.83, 1.65, 2.215]</WAVELENGTH>
		<MEAN_VALUE>[0.128046400174953, 0.1456211045293546, 0.17738339002812065, 0.13746113268794816, 0.01908240022305286, 0.009579005213553746]</MEAN_VALUE>
		<CHECKBOX>2</CHECKBOX>
		<SD>[0.004248424314291529, 0.007504487832750307, 0.012185826225051209, 0.01233736628713031, 0.013950407774028409, 0.008725093859505614]</SD>
		<WAVELENGTH_UNIT>E-6m</WAVELENGTH_UNIT>
		<COLOR>#0dd675</COLOR>
		<COVARIANCE_MATRIX>[[1.5583693311782554e-05, 2.4884317099349573e-05, 4.079848076798953e-05, -8.678816811880097e-06, -2.343525738979224e-05, -1.0661226951924618e-05], [2.4884317099349573e-05, 5.7316821767017245e-05, 9.198678890243173e-05, -3.4206004784209654e-05, -6.850624777143821e-05, -3.5164943255949765e-05], [4.079848076798953e-05, 9.198678890243173e-05, 0.00017309449322056025, -8.515181980328634e-05, -0.00014664942864328623, -7.750355143798515e-05], [-8.678816811880097e-06, -3.4206004784209654e-05, -8.515181980328634e-05, 0.00014245815691538155, 0.00014305621152743697, 8.035177597776055e-05], [-2.343525738979224e-05, -6.850624777143821e-05, -0.00014664942864328623, 0.00014305621152743697, 0.00020991482597310096, 0.00012038688873872161], [-1.0661226951924618e-05, -3.5164943255949765e-05, -7.750355143798515e-05, 8.035177597776055e-05, 0.00012038688873872161, 8.076577069004998e-05]]</COVARIANCE_MATRIX>
		<ROI_SIZE>1191</ROI_SIZE>
		<MAX_VALUE>[0.15637823939323425, 0.18490718305110931, 0.228136345744133, 0.19561418890953064, 0.07924187183380127, 0.06214691326022148]</MAX_VALUE>
		<MIN_VALUE>[0.11212659627199173, 0.11407207697629929, 0.11391153186559677, 0.11448188871145248, 0.00611282279714942, 0.0]</MIN_VALUE>
		<SIGNATURE_THRESHOLD_MD>0.0</SIGNATURE_THRESHOLD_MD>
		<SIGNATURE_THRESHOLD_ML>0.0</SIGNATURE_THRESHOLD_ML>
		<SIGNATURE_THRESHOLD_SAM>0.0</SIGNATURE_THRESHOLD_SAM>
	</signature>
	<signature ID="20200803_111850460922_319">
		<MACROCLASSID>1</MACROCLASSID>
		<MACROCLASSINFO>waterbody</MACROCLASSINFO>
		<CLASSID>9</CLASSID>
		<CLASSINFO>C 1</CLASSINFO>
		<VALUES>[0.1379962617549765, 0.006228992069480688, 0.13311438299927955, 0.013338749401003257, 0.10491227317058764, 0.014434312724661303, 0.0765949073520393, 0.018878880884293847, 0.01854308268674269, 0.010416636905150305, 0.00989806406202829, 0.006711587402903952]</VALUES>
		<LCS_MIN>[0.1150767058134079, 0.08943378180265427, 0.06199118122458458, 0.052821338176727295, 0.00402342202141881, 0.0]</LCS_MIN>
		<LCS_MAX>[0.15490318834781647, 0.15718907117843628, 0.1476597636938095, 0.12746304273605347, 0.07924187183380127, 0.05314522236585617]</LCS_MAX>
		<WAVELENGTH>[0.485, 0.56, 0.66, 0.83, 1.65, 2.215]</WAVELENGTH>
		<MEAN_VALUE>[0.1379962617549765, 0.13311438299927955, 0.10491227317058764, 0.0765949073520393, 0.01854308268674269, 0.00989806406202829]</MEAN_VALUE>
		<CHECKBOX>2</CHECKBOX>
		<SD>[0.006228992069480688, 0.013338749401003257, 0.014434312724661303, 0.018878880884293847, 0.010416636905150305, 0.006711587402903952]</SD>
		<WAVELENGTH_UNIT>E-6m</WAVELENGTH_UNIT>
		<COLOR>#d5ae9d</COLOR>
		<COVARIANCE_MATRIX>[[4.537876520771533e-05, 8.175335824489594e-05, 7.899954653112218e-05, -2.4503699023625813e-05, -2.721397777349921e-06, 7.587777872686274e-07], [8.175335824489594e-05, 0.00018357291992288083, 0.00017853165627457201, -5.8152898418484256e-05, -1.0351180208090227e-05, -2.2207555048225913e-06], [7.899954653112218e-05, 0.00017853165627457201, 0.00020270267850719392, -3.904900950146839e-06, 1.107908428821247e-05, 1.0609647688397672e-05], [-2.4503699023625813e-05, -5.8152898418484256e-05, -3.904900950146839e-06, 0.0003315095091238618, 0.00015356455696746707, 8.701950719114393e-05], [-2.721397777349921e-06, -1.0351180208090227e-05, 1.107908428821247e-05, 0.00015356455696746707, 0.00011659607116598636, 6.673462485196069e-05], [7.587777872686274e-07, -2.2207555048225913e-06, 1.0609647688397672e-05, 8.701950719114393e-05, 6.673462485196069e-05, 4.6954210120020434e-05]]</COVARIANCE_MATRIX>
		<ROI_SIZE>3856</ROI_SIZE>
		<MAX_VALUE>[0.15490318834781647, 0.15718907117843628, 0.1476597636938095, 0.12746304273605347, 0.07924187183380127, 0.05314522236585617]</MAX_VALUE>
		<MIN_VALUE>[0.1150767058134079, 0.08943378180265427, 0.06199118122458458, 0.052821338176727295, 0.00402342202141881, 0.0]</MIN_VALUE>
		<SIGNATURE_THRESHOLD_MD>0.0</SIGNATURE_THRESHOLD_MD>
		<SIGNATURE_THRESHOLD_ML>0.0</SIGNATURE_THRESHOLD_ML>
		<SIGNATURE_THRESHOLD_SAM>0.0</SIGNATURE_THRESHOLD_SAM>
	</signature>
	<signature ID="20200803_111918596045_189">
		<MACROCLASSID>1</MACROCLASSID>
		<MACROCLASSINFO>waterbody</MACROCLASSINFO>
		<CLASSID>10</CLASSID>
		<CLASSINFO>C 1</CLASSINFO>
		<VALUES>[0.14354036138035714, 0.0032301435521286154, 0.15757241067199024, 0.0059964143001438215, 0.17773580247923323, 0.019397162771710694, 0.10682013110283137, 0.01777407100735337, 0.01259794652999885, 0.009360588511639494, 0.007149346000314056, 0.0066759449967253885]</VALUES>
		<LCS_MIN>[0.12540209293365479, 0.12023163586854935, 0.11650754511356354, 0.052821338176727295, 0.0, 0.0]</LCS_MIN>
		<LCS_MAX>[0.1519530713558197, 0.16950823366641998, 0.20736820995807648, 0.17289714515209198, 0.07715247571468353, 0.07114862650632858]</LCS_MAX>
		<WAVELENGTH>[0.485, 0.56, 0.66, 0.83, 1.65, 2.215]</WAVELENGTH>
		<MEAN_VALUE>[0.14354036138035714, 0.15757241067199024, 0.17773580247923323, 0.10682013110283137, 0.01259794652999885, 0.007149346000314056]</MEAN_VALUE>
		<CHECKBOX>2</CHECKBOX>
		<SD>[0.0032301435521286154, 0.0059964143001438215, 0.019397162771710694, 0.01777407100735337, 0.009360588511639494, 0.0066759449967253885]</SD>
		<WAVELENGTH_UNIT>E-6m</WAVELENGTH_UNIT>
		<COLOR>#530b47</COLOR>
		<COVARIANCE_MATRIX>[[8.701425031176768e-06, 1.1207604984520003e-05, 3.06713736790698e-05, 2.2475885998574086e-05, -3.4241443245264236e-06, -1.8609860035212478e-06], [1.1207604984520003e-05, 3.061595998588018e-05, 8.648878429085016e-05, 6.191479042172432e-05, -1.2936270650243387e-05, -7.972105777298566e-06], [3.06713736790698e-05, 8.648878429085016e-05, 0.0003427067131269723, 0.000263867259491235, -3.615197420003824e-05, -2.2154994439915754e-05], [2.2475885998574086e-05, 6.191479042172432e-05, 0.000263867259491235, 0.00028450533864088356, 2.8731565180351026e-05, 2.0558665710268542e-05], [-3.4241443245264236e-06, -1.2936270650243387e-05, -3.615197420003824e-05, 2.8731565180351026e-05, 7.099343929439783e-05, 4.612768316292204e-05], [-1.8609860035212478e-06, -7.972105777298566e-06, -2.2154994439915754e-05, 2.0558665710268542e-05, 4.612768316292204e-05, 3.863701567752287e-05]]</COVARIANCE_MATRIX>
		<ROI_SIZE>5273</ROI_SIZE>
		<MAX_VALUE>[0.1519530713558197, 0.16950823366641998, 0.20736820995807648, 0.17289714515209198, 0.07715247571468353, 0.07114862650632858]</MAX_VALUE>
		<MIN_VALUE>[0.12540209293365479, 0.12023163586854935, 0.11650754511356354, 0.052821338176727295, 0.0, 0.0]</MIN_VALUE>
		<SIGNATURE_THRESHOLD_MD>0.0</SIGNATURE_THRESHOLD_MD>
		<SIGNATURE_THRESHOLD_ML>0.0</SIGNATURE_THRESHOLD_ML>
		<SIGNATURE_THRESHOLD_SAM>0.0</SIGNATURE_THRESHOLD_SAM>
	</signature>
	<signature ID="20200803_111935872304_681">
		<MACROCLASSID>1</MACROCLASSID>
		<MACROCLASSINFO>waterbody</MACROCLASSINFO>
		<CLASSID>11</CLASSID>
		<CLASSINFO>C 1</CLASSINFO>
		<VALUES>[0.13551865147128414, 0.0037743633658543, 0.13822077364891527, 0.00589180907798485, 0.14693095398274594, 0.00817543386456753, 0.11156949345480563, 0.01484893707753587, 0.021448051944949302, 0.016070752056795472, 0.012794353290649277, 0.011336728376828937]</VALUES>
		<LCS_MIN>[0.12687714397907257, 0.11715186387300491, 0.10612348467111588, 0.06904779374599457, 0.00402342202141881, 0.0]</LCS_MIN>
		<LCS_MAX>[0.15785330533981323, 0.1725880205631256, 0.18660005927085876, 0.1664065569639206, 0.0813312754034996, 0.06514748930931091]</LCS_MAX>
		<WAVELENGTH>[0.485, 0.56, 0.66, 0.83, 1.65, 2.215]</WAVELENGTH>
		<MEAN_VALUE>[0.13551865147128414, 0.13822077364891527, 0.14693095398274594, 0.11156949345480563, 0.021448051944949302, 0.012794353290649277]</MEAN_VALUE>
		<CHECKBOX>2</CHECKBOX>
		<SD>[0.0037743633658543, 0.00589180907798485, 0.00817543386456753, 0.01484893707753587, 0.016070752056795472, 0.011336728376828937]</SD>
		<WAVELENGTH_UNIT>E-6m</WAVELENGTH_UNIT>
		<COLOR>#374811</COLOR>
		<COVARIANCE_MATRIX>[[1.1870412890857551e-05, 1.2410126146278344e-05, 1.4891424143570475e-05, 4.101777903997572e-06, 7.247145731525961e-06, 5.639059054374229e-06], [1.2410126146278344e-05, 2.7545274861040525e-05, 3.251717862440273e-05, -6.652759111602791e-06, -5.063464868726442e-06, -2.1959074274491286e-06], [1.4891424143570475e-05, 3.251717862440273e-05, 5.320399213815108e-05, -1.9933433577534743e-05, -2.8496984668890946e-05, -1.73002335941419e-05], [4.101777903997572e-06, -6.652759111602791e-06, -1.9933433577534743e-05, 0.00020120144472457469, 0.0001755432749632746, 0.0001162438202300109], [7.247145731525961e-06, -5.063464868726442e-06, -2.8496984668890946e-05, 0.0001755432749632746, 0.00023592100478708744, 0.00015800974506419152], [5.639059054374229e-06, -2.1959074274491286e-06, -1.73002335941419e-05, 0.0001162438202300109, 0.00015800974506419152, 0.00011852767056552693]]</COVARIANCE_MATRIX>
		<ROI_SIZE>3155</ROI_SIZE>
		<MAX_VALUE>[0.15785330533981323, 0.1725880205631256, 0.18660005927085876, 0.1664065569639206, 0.0813312754034996, 0.06514748930931091]</MAX_VALUE>
		<MIN_VALUE>[0.12687714397907257, 0.11715186387300491, 0.10612348467111588, 0.06904779374599457, 0.00402342202141881, 0.0]</MIN_VALUE>
		<SIGNATURE_THRESHOLD_MD>0.0</SIGNATURE_THRESHOLD_MD>
		<SIGNATURE_THRESHOLD_ML>0.0</SIGNATURE_THRESHOLD_ML>
		<SIGNATURE_THRESHOLD_SAM>0.0</SIGNATURE_THRESHOLD_SAM>
	</signature>
	<signature ID="20200803_112010412672_993">
		<MACROCLASSID>1</MACROCLASSID>
		<MACROCLASSINFO>waterbody</MACROCLASSINFO>
		<CLASSID>12</CLASSID>
		<CLASSINFO>C 1</CLASSINFO>
		<VALUES>[0.15553206311804907, 0.006581744865025627, 0.14328192325774575, 0.011289529833742295, 0.12057541896189965, 0.012866008628910195, 0.10845491394866263, 0.019440856661281196, 0.03616662378772164, 0.017607260108484745, 0.02137804513196378, 0.013180654298702332]</VALUES>
		<LCS_MIN>[0.13720251619815826, 0.10791251063346863, 0.08016329258680344, 0.08202896267175674, 0.01655982993543148, 0.002135565271601081]</LCS_MIN>
		<LCS_MAX>[0.18292923271656036, 0.1725880205631256, 0.15025579929351807, 0.1566706895828247, 0.0875994861125946, 0.07114862650632858]</LCS_MAX>
		<WAVELENGTH>[0.485, 0.56, 0.66, 0.83, 1.65, 2.215]</WAVELENGTH>
		<MEAN_VALUE>[0.15553206311804907, 0.14328192325774575, 0.12057541896189965, 0.10845491394866263, 0.03616662378772164, 0.02137804513196378]</MEAN_VALUE>
		<CHECKBOX>2</CHECKBOX>
		<SD>[0.006581744865025627, 0.011289529833742295, 0.012866008628910195, 0.019440856661281196, 0.017607260108484745, 0.013180654298702332]</SD>
		<WAVELENGTH_UNIT>E-6m</WAVELENGTH_UNIT>
		<COLOR>#dd6fc5</COLOR>
		<COVARIANCE_MATRIX>[[4.3416275730123743e-05, 6.705012492602691e-05, 7.516083860537037e-05, 1.3222695997683331e-05, 1.0071026736113708e-05, 9.952325854101218e-06], [6.705012492602691e-05, 0.00012773861817549914, 0.0001412476267432794, -1.044200689648278e-05, -1.3147832760296296e-05, -4.41607562606805e-06], [7.516083860537037e-05, 0.0001412476267432794, 0.0001659044937696308, -9.787252565729432e-06, -9.616817806090694e-06, 3.8532081703124277e-07], [1.3222695997683331e-05, -1.044200689648278e-05, -9.787252565729432e-06, 0.0003787924360949546, 0.00031539335031993687, 0.000216006810660474], [1.0071026736113708e-05, -1.3147832760296296e-05, -9.616817806090694e-06, 0.00031539335031993687, 0.0003107091470155865, 0.00021739458316005766], [9.952325854101218e-06, -4.41607562606805e-06, 3.8532081703124277e-07, 0.000216006810660474, 0.00021739458316005766, 0.00017411830776836723]]</COVARIANCE_MATRIX>
		<ROI_SIZE>448</ROI_SIZE>
		<MAX_VALUE>[0.18292923271656036, 0.1725880205631256, 0.15025579929351807, 0.1566706895828247, 0.0875994861125946, 0.07114862650632858]</MAX_VALUE>
		<MIN_VALUE>[0.13720251619815826, 0.10791251063346863, 0.08016329258680344, 0.08202896267175674, 0.01655982993543148, 0.002135565271601081]</MIN_VALUE>
		<SIGNATURE_THRESHOLD_MD>0.0</SIGNATURE_THRESHOLD_MD>
		<SIGNATURE_THRESHOLD_ML>0.0</SIGNATURE_THRESHOLD_ML>
		<SIGNATURE_THRESHOLD_SAM>0.0</SIGNATURE_THRESHOLD_SAM>
	</signature>
	<signature ID="20200803_112050858362_897">
		<MACROCLASSID>1</MACROCLASSID>
		<MACROCLASSINFO>waterbody</MACROCLASSINFO>
		<CLASSID>13</CLASSID>
		<CLASSINFO>C 1</CLASSINFO>
		<VALUES>[0.14436834786801284, 0.0032280270285526508, 0.15616224222930658, 0.008119757447760032, 0.15549577560483974, 0.01445986586912207, 0.07391067304505285, 0.01141797183841612, 0.009237264238937302, 0.005579807760420743, 0.005443522378241137, 0.004482582360225025]</VALUES>
		<LCS_MIN>[0.13130231201648712, 0.1263912320137024, 0.12429561465978622, 0.0495760403573513, 0.0, 0.0]</LCS_MIN>
		<LCS_MAX>[0.15342815220355988, 0.16950823366641998, 0.18140800297260284, 0.13395364582538605, 0.054169055074453354, 0.04414350911974907]</LCS_MAX>
		<WAVELENGTH>[0.485, 0.56, 0.66, 0.83, 1.65, 2.215]</WAVELENGTH>
		<MEAN_VALUE>[0.14436834786801284, 0.15616224222930658, 0.15549577560483974, 0.07391067304505285, 0.009237264238937302, 0.005443522378241137]</MEAN_VALUE>
		<CHECKBOX>2</CHECKBOX>
		<SD>[0.0032280270285526508, 0.008119757447760032, 0.01445986586912207, 0.01141797183841612, 0.005579807760420743, 0.004482582360225025]</SD>
		<WAVELENGTH_UNIT>E-6m</WAVELENGTH_UNIT>
		<COLOR>#ef0ad9</COLOR>
		<COVARIANCE_MATRIX>[[1.0115441000380088e-05, 1.9095592506346293e-05, 3.3322667150059715e-05, 1.2063514986948576e-05, -4.860458830080461e-06, -3.466616590230842e-06], [1.9095592506346293e-05, 6.215544999577105e-05, 0.00010432866838527843, 3.3232325222343206e-05, -1.7200936781591736e-05, -1.1921746590815019e-05], [3.3322667150059715e-05, 0.00010432866838527843, 0.00020867474086117, 9.740843961481005e-05, -2.041206244030036e-05, -1.3814623343932908e-05], [1.2063514986948576e-05, 3.3232325222343206e-05, 9.740843961481005e-05, 0.0001160629399237223, 1.9820674424408935e-05, 1.3103762285027187e-05], [-4.860458830080461e-06, -1.7200936781591736e-05, -2.041206244030036e-05, 1.9820674424408935e-05, 2.6543244530330412e-05, 1.651803177082911e-05], [-3.466616590230842e-06, -1.1921746590815019e-05, -1.3814623343932908e-05, 1.3103762285027187e-05, 1.651803177082911e-05, 1.7356351236230694e-05]]</COVARIANCE_MATRIX>
		<ROI_SIZE>7122</ROI_SIZE>
		<MAX_VALUE>[0.15342815220355988, 0.16950823366641998, 0.18140800297260284, 0.13395364582538605, 0.054169055074453354, 0.04414350911974907]</MAX_VALUE>
		<MIN_VALUE>[0.13130231201648712, 0.1263912320137024, 0.12429561465978622, 0.0495760403573513, 0.0, 0.0]</MIN_VALUE>
		<SIGNATURE_THRESHOLD_MD>0.0</SIGNATURE_THRESHOLD_MD>
		<SIGNATURE_THRESHOLD_ML>0.0</SIGNATURE_THRESHOLD_ML>
		<SIGNATURE_THRESHOLD_SAM>0.0</SIGNATURE_THRESHOLD_SAM>
	</signature>
	<signature ID="20200803_112108942821_201">
		<MACROCLASSID>1</MACROCLASSID>
		<MACROCLASSINFO>waterbody</MACROCLASSINFO>
		<CLASSID>14</CLASSID>
		<CLASSINFO>C 1</CLASSINFO>
		<VALUES>[0.11657450560952488, 0.0022981361339207422, 0.08961331309423566, 0.0028555922657310428, 0.05336105386891539, 0.0022388862980047635, 0.03530969441948563, 0.007747695933402481, 0.008336973585125858, 0.006002081780207919, 0.004887046851515464, 0.00399840454336196]</VALUES>
		<LCS_MIN>[0.09885110706090927, 0.06479548662900925, 0.04122302681207657, 0.02361370623111725, 0.0, 0.0]</LCS_MIN>
		<LCS_MAX>[0.12982726097106934, 0.1048327162861824, 0.07756728678941727, 0.1015007272362709, 0.0750630721449852, 0.05014464631676674]</LCS_MAX>
		<WAVELENGTH>[0.485, 0.56, 0.66, 0.83, 1.65, 2.215]</WAVELENGTH>
		<MEAN_VALUE>[0.11657450560952488, 0.08961331309423566, 0.05336105386891539, 0.03530969441948563, 0.008336973585125858, 0.004887046851515464]</MEAN_VALUE>
		<CHECKBOX>2</CHECKBOX>
		<SD>[0.0022981361339207422, 0.0028555922657310428, 0.0022388862980047635, 0.007747695933402481, 0.006002081780207919, 0.00399840454336196]</SD>
		<WAVELENGTH_UNIT>E-6m</WAVELENGTH_UNIT>
		<COLOR>#e07588</COLOR>
		<COVARIANCE_MATRIX>[[6.2393105508817825e-06, 4.369633643364068e-06, 2.3260195121110883e-06, -5.721565685234964e-06, -3.647176754384418e-06, -1.5456016626558267e-06], [4.369633643364068e-06, 9.243493877875153e-06, 3.957844910473796e-06, -2.3166842311184155e-06, -9.86771965472144e-07, 1.2764739665271918e-07], [2.3260195121110883e-06, 3.957844910473796e-06, 5.565433639276307e-06, 5.813001735077705e-06, 5.2192040129739325e-06, 3.5290829600853613e-06], [-5.721565685234964e-06, -2.3166842311184155e-06, 5.813001735077705e-06, 7.834658754291013e-05, 5.3820203902432695e-05, 2.94739511446096e-05], [-3.647176754384418e-06, -9.86771965472144e-07, 5.2192040129739325e-06, 5.3820203902432695e-05, 4.773289765580557e-05, 2.5597850253689103e-05], [-1.5456016626558267e-06, 1.2764739665271918e-07, 3.5290829600853613e-06, 2.94739511446096e-05, 2.5597850253689103e-05, 2.0852239686064422e-05]]</COVARIANCE_MATRIX>
		<ROI_SIZE>8852</ROI_SIZE>
		<MAX_VALUE>[0.12982726097106934, 0.1048327162861824, 0.07756728678941727, 0.1015007272362709, 0.0750630721449852, 0.05014464631676674]</MAX_VALUE>
		<MIN_VALUE>[0.09885110706090927, 0.06479548662900925, 0.04122302681207657, 0.02361370623111725, 0.0, 0.0]</MIN_VALUE>
		<SIGNATURE_THRESHOLD_MD>0.0</SIGNATURE_THRESHOLD_MD>
		<SIGNATURE_THRESHOLD_ML>0.0</SIGNATURE_THRESHOLD_ML>
		<SIGNATURE_THRESHOLD_SAM>0.0</SIGNATURE_THRESHOLD_SAM>
	</signature>
	<signature ID="20200803_112139364540_934">
		<MACROCLASSID>1</MACROCLASSID>
		<MACROCLASSINFO>waterbody</MACROCLASSINFO>
		<CLASSID>15</CLASSID>
		<CLASSINFO>C 1</CLASSINFO>
		<VALUES>[0.1293350260987478, 0.002940170725378013, 0.11227897272467438, 0.004764755828958244, 0.08555139038279405, 0.010045809217968877, 0.05041513437200124, 0.011424784542005444, 0.01245331714584436, 0.008235431730482794, 0.00743089801593064, 0.006264591989137525]</VALUES>
		<LCS_MIN>[0.11950188130140305, 0.10175293684005737, 0.06718321144580841, 0.03984016925096512, 0.0019340201979503036, 0.0]</LCS_MIN>
		<LCS_MAX>[0.1431027501821518, 0.13255080580711365, 0.13208365440368652, 0.11448188871145248, 0.07715247571468353, 0.059146344661712646]</LCS_MAX>
		<WAVELENGTH>[0.485, 0.56, 0.66, 0.83, 1.65, 2.215]</WAVELENGTH>
		<MEAN_VALUE>[0.1293350260987478, 0.11227897272467438, 0.08555139038279405, 0.05041513437200124, 0.01245331714584436, 0.00743089801593064]</MEAN_VALUE>
		<CHECKBOX>2</CHECKBOX>
		<SD>[0.002940170725378013, 0.004764755828958244, 0.010045809217968877, 0.011424784542005444, 0.008235431730482794, 0.006264591989137525]</SD>
		<WAVELENGTH_UNIT>E-6m</WAVELENGTH_UNIT>
		<COLOR>#a51b46</COLOR>
		<COVARIANCE_MATRIX>[[9.230885552824475e-06, 1.1465218449302483e-05, 2.274063263030257e-05, 2.0730887626996264e-05, 1.2568558304337785e-05, 9.655929716245737e-06], [1.1465218449302483e-05, 2.436669819871895e-05, 4.38249007856939e-05, 3.91037501685787e-05, 2.237735316157341e-05, 1.7173408195958473e-05], [2.274063263030257e-05, 4.38249007856939e-05, 0.00010099203063873574, 9.129846876021475e-05, 4.877435276284814e-05, 3.598336843424477e-05], [2.0730887626996264e-05, 3.91037501685787e-05, 9.129846876021475e-05, 0.000139345254865475, 8.503422577632591e-05, 5.998971391818486e-05], [1.2568558304337785e-05, 2.237735316157341e-05, 4.877435276284814e-05, 8.503422577632591e-05, 7.995845953701064e-05, 5.6502522056689486e-05], [9.655929716245737e-06, 1.7173408195958473e-05, 3.598336843424477e-05, 5.998971391818486e-05, 5.6502522056689486e-05, 4.797846850124188e-05]]</COVARIANCE_MATRIX>
		<ROI_SIZE>5718</ROI_SIZE>
		<MAX_VALUE>[0.1431027501821518, 0.13255080580711365, 0.13208365440368652, 0.11448188871145248, 0.07715247571468353, 0.059146344661712646]</MAX_VALUE>
		<MIN_VALUE>[0.11950188130140305, 0.10175293684005737, 0.06718321144580841, 0.03984016925096512, 0.0019340201979503036, 0.0]</MIN_VALUE>
		<SIGNATURE_THRESHOLD_MD>0.0</SIGNATURE_THRESHOLD_MD>
		<SIGNATURE_THRESHOLD_ML>0.0</SIGNATURE_THRESHOLD_ML>
		<SIGNATURE_THRESHOLD_SAM>0.0</SIGNATURE_THRESHOLD_SAM>
	</signature>
	<signature ID="20200803_112158863967_375">
		<MACROCLASSID>1</MACROCLASSID>
		<MACROCLASSINFO>waterbody</MACROCLASSINFO>
		<CLASSID>16</CLASSID>
		<CLASSINFO>C 1</CLASSINFO>
		<VALUES>[0.12353417593186614, 0.0023497609072621536, 0.09874835848414877, 0.002599834548145779, 0.05926835339811475, 0.0025361149322861818, 0.0336044925999622, 0.0022491045797389283, 0.009084685149209949, 0.0027487917856070065, 0.005994483166091506, 0.0028309919182421886]</VALUES>
		<LCS_MIN>[0.11655176430940628, 0.08943378180265427, 0.05160710588097572, 0.026858996599912643, 0.0, 0.0]</LCS_MIN>
		<LCS_MAX>[0.13130231201648712, 0.10791251063346863, 0.06718321144580841, 0.03984016925096512, 0.02073863334953785, 0.01713840290904045]</LCS_MAX>
		<WAVELENGTH>[0.485, 0.56, 0.66, 0.83, 1.65, 2.215]</WAVELENGTH>
