<?xml version="1.0" ?>
<signaturelist MCID_LIST="[['1', 'waterbody', '#0000ff'], ['2', 'vegetation', '#00ff00'], ['3', 'bareland', '#ffaa00'], ['4', 'built-up', '#ff0000']]">
	<signature ID="20200828_153124477275_131">
		<MACROCLASSID>1</MACROCLASSID>
		<MACROCLASSINFO>MC 1</MACROCLASSINFO>
		<CLASSID>1</CLASSID>
		<CLASSINFO>C 1</CLASSINFO>
		<VALUES>[0.09189557631687549, 0.0022220602582050785, 0.052080982077018195, 0.0024143707814247564, 0.03187866046403842, 0.0022533504392685242, 0.024748429971387507, 0.002848094229827123, 0.007463952609631411, 0.0025696453650799543, 0.005755186934606566, 0.0028582195077833314]</VALUES>
		<LCS_MIN>[0.084272600710392, 0.04327540472149849, 0.024840807542204857, 0.018452730029821396, 0.0, 0.0]</LCS_MIN>
		<LCS_MAX>[0.10175812989473343, 0.05987005680799484, 0.041626401245594025, 0.03593917563557625, 0.020097345113754272, 0.018469203263521194]</LCS_MAX>
		<WAVELENGTH>[0.485, 0.56, 0.66, 0.83, 1.65, 2.215]</WAVELENGTH>
		<MEAN_VALUE>[0.09189557631687549, 0.052080982077018195, 0.03187866046403842, 0.024748429971387507, 0.007463952609631411, 0.005755186934606566]</MEAN_VALUE>
		<CHECKBOX>2</CHECKBOX>
		<SD>[0.0022220602582050785, 0.0024143707814247564, 0.0022533504392685242, 0.002848094229827123, 0.0025696453650799543, 0.0028582195077833314]</SD>
		<WAVELENGTH_UNIT>E-6m</WAVELENGTH_UNIT>
		<COLOR>#ac1a32</COLOR>
		<COVARIANCE_MATRIX>[[4.669597450761283e-06, 2.3009337065247686e-06, 2.2955067933281603e-06, 2.9551544009915997e-06, 2.1470073765030758e-06, 1.6598488282113295e-06], [2.3009337065247686e-06, 5.5623099628950415e-06, 2.5667829223476107e-06, 3.2661618258354164e-06, 2.2879768761027836e-06, 1.7390741157100565e-06], [2.2955067933281603e-06, 2.5667829223476107e-06, 4.809222877479863e-06, 3.247147152666108e-06, 2.218295435533768e-06, 1.8221045617956985e-06], [2.9551544009915997e-06, 3.2661618258354164e-06, 3.247147152666108e-06, 7.81823902814675e-06, 3.1128151003962198e-06, 2.50361238085572e-06], [2.1470073765030758e-06, 2.2879768761027836e-06, 2.218295435533768e-06, 3.1128151003962198e-06, 6.415623748261952e-06, 2.5092516343322567e-06], [1.6598488282113295e-06, 1.7390741157100565e-06, 1.8221045617956985e-06, 2.50361238085572e-06, 2.5092516343322567e-06, 8.124312714014613e-06]]</COVARIANCE_MATRIX>
		<ROI_SIZE>10201</ROI_SIZE>
		<MAX_VALUE>[0.10175812989473343, 0.05987005680799484, 0.041626401245594025, 0.03593917563557625, 0.020097345113754272, 0.018469203263521194]</MAX_VALUE>
		<MIN_VALUE>[0.084272600710392, 0.04327540472149849, 0.024840807542204857, 0.018452730029821396, 0.0, 0.0]</MIN_VALUE>
		<SIGNATURE_THRESHOLD_MD>0</SIGNATURE_THRESHOLD_MD>
		<SIGNATURE_THRESHOLD_ML>0</SIGNATURE_THRESHOLD_ML>
		<SIGNATURE_THRESHOLD_SAM>0</SIGNATURE_THRESHOLD_SAM>
	</signature>
	<signature ID="20200828_153129891966_855">
		<MACROCLASSID>1</MACROCLASSID>
		<MACROCLASSINFO>MC 1</MACROCLASSINFO>
		<CLASSID>2</CLASSID>
		<CLASSINFO>C 1</CLASSINFO>
		<VALUES>[0.08879849552345963, 0.0018679862750836079, 0.04987986265887618, 0.0022237057011511726, 0.028867779901441713, 0.0017267915238219466, 0.021251138975911396, 0.0019772435082993853, 0.005260141585490952, 0.001998936276539337, 0.003853388230789685, 0.0025230158188530557]</VALUES>
		<LCS_MIN>[0.0826830193400383, 0.0399564690887928, 0.02204320766031742, 0.014955442398786545, 0.0, 0.0]</LCS_MIN>
		<LCS_MAX>[0.09698934853076935, 0.06318899989128113, 0.03323360159993172, 0.028944598510861397, 0.015594057738780975, 0.01200208067893982]</LCS_MAX>
		<WAVELENGTH>[0.485, 0.56, 0.66, 0.83, 1.65, 2.215]</WAVELENGTH>
		<MEAN_VALUE>[0.08879849552345963, 0.04987986265887618, 0.028867779901441713, 0.021251138975911396, 0.005260141585490952, 0.003853388230789685]</MEAN_VALUE>
		<CHECKBOX>2</CHECKBOX>
		<SD>[0.0018679862750836079, 0.0022237057011511726, 0.0017267915238219466, 0.0019772435082993853, 0.001998936276539337, 0.0025230158188530557]</SD>
		<WAVELENGTH_UNIT>E-6m</WAVELENGTH_UNIT>
		<COLOR>#a309c7</COLOR>
		<COVARIANCE_MATRIX>[[3.5503478089178977e-06, 8.972882278055437e-07, 4.419152458243594e-07, 7.474684445640312e-07, 1.873982867149284e-07, 1.335567294495836e-07], [8.972882278055437e-07, 4.668840202487217e-06, 6.951980150966105e-07, 1.319062072846604e-06, 3.268932716100529e-07, 1.893076194991875e-07], [4.419152458243594e-07, 6.951980150966105e-07, 2.962418205431143e-06, 4.2962480705165786e-07, 3.407294451443142e-08, 7.590886795040869e-08], [7.474684445640312e-07, 1.319062072846604e-06, 4.2962480705165786e-07, 4.3009977435504045e-06, 3.533423110602294e-07, 3.122174405605263e-07], [1.873982867149284e-07, 3.268932716100529e-07, 3.407294451443142e-08, 3.533423110602294e-07, 3.870997651324347e-06, 6.559737101212546e-07], [1.335567294495836e-07, 1.893076194991875e-07, 7.590886795040869e-08, 3.122174405605263e-07, 6.559737101212546e-07, 6.319739806546699e-06]]</COVARIANCE_MATRIX>
		<ROI_SIZE>10201</ROI_SIZE>
		<MAX_VALUE>[0.09698934853076935, 0.06318899989128113, 0.03323360159993172, 0.028944598510861397, 0.015594057738780975, 0.01200208067893982]</MAX_VALUE>
		<MIN_VALUE>[0.0826830193400383, 0.0399564690887928, 0.02204320766031742, 0.014955442398786545, 0.0, 0.0]</MIN_VALUE>
		<SIGNATURE_THRESHOLD_MD>0</SIGNATURE_THRESHOLD_MD>
		<SIGNATURE_THRESHOLD_ML>0</SIGNATURE_THRESHOLD_ML>
		<SIGNATURE_THRESHOLD_SAM>0</SIGNATURE_THRESHOLD_SAM>
	</signature>
	<signature ID="20200828_153144023768_187">
		<MACROCLASSID>1</MACROCLASSID>
		<MACROCLASSINFO>MC 1</MACROCLASSINFO>
		<CLASSID>3</CLASSID>
		<CLASSINFO>C 1</CLASSINFO>
		<VALUES>[0.09510143198455703, 0.0038736325715463915, 0.056072457466571635, 0.003395387598159568, 0.035030111584024, 0.0035815928132441077, 0.027445844219351007, 0.003990929031352654, 0.008874358166736629, 0.004071745718966637, 0.006528845444083454, 0.003773628915502858]</VALUES>
		<LCS_MIN>[0.07791423797607422, 0.04327540472149849, 0.024840807542204857, 0.018452730029821396, 0.0, 0.0]</LCS_MIN>
		<LCS_MAX>[0.1367291659116745, 0.10633513331413269, 0.08918558061122894, 0.08490122854709625, 0.07413678616285324, 0.060505516827106476]</LCS_MAX>
		<WAVELENGTH>[0.485, 0.56, 0.66, 0.83, 1.65, 2.215]</WAVELENGTH>
		<MEAN_VALUE>[0.09510143198455703, 0.056072457466571635, 0.035030111584024, 0.027445844219351007, 0.008874358166736629, 0.006528845444083454]</MEAN_VALUE>
		<CHECKBOX>2</CHECKBOX>
		<SD>[0.0038736325715463915, 0.003395387598159568, 0.0035815928132441077, 0.003990929031352654, 0.004071745718966637, 0.003773628915502858]</SD>
		<WAVELENGTH_UNIT>E-6m</WAVELENGTH_UNIT>
		<COLOR>#fd0e80</COLOR>
		<COVARIANCE_MATRIX>[[1.3587202351648254e-05, 8.082917924574844e-06, 8.072964374434228e-06, 9.134888754583631e-06, 7.827796559057431e-06, 6.073172711159382e-06], [8.082917924574844e-06, 9.762013865768032e-06, 7.563522971992428e-06, 8.079236398117819e-06, 7.4222328050870125e-06, 5.639841951049049e-06], [8.072964374434228e-06, 7.563522971992428e-06, 1.0883335559149898e-05, 8.916008862250268e-06, 8.213593555470063e-06, 6.3054586792968475e-06], [9.134888754583631e-06, 8.079236398117819e-06, 8.916008862250268e-06, 1.3967382303787267e-05, 9.155786555115976e-06, 6.989396998174237e-06], [7.827796559057431e-06, 7.4222328050870125e-06, 8.213593555470063e-06, 9.155786555115976e-06, 1.3489628409605845e-05, 7.561549693555815e-06], [6.073172711159382e-06, 5.639841951049049e-06, 6.3054586792968475e-06, 6.989396998174237e-06, 7.561549693555815e-06, 1.2053540432113065e-05]]</COVARIANCE_MATRIX>
		<ROI_SIZE>10194</ROI_SIZE>
		<MAX_VALUE>[0.1367291659116745, 0.10633513331413269, 0.08918558061122894, 0.08490122854709625, 0.07413678616285324, 0.060505516827106476]</MAX_VALUE>
		<MIN_VALUE>[0.07791423797607422, 0.04327540472149849, 0.024840807542204857, 0.018452730029821396, 0.0, 0.0]</MIN_VALUE>
		<SIGNATURE_THRESHOLD_MD>0</SIGNATURE_THRESHOLD_MD>
		<SIGNATURE_THRESHOLD_ML>0</SIGNATURE_THRESHOLD_ML>
		<SIGNATURE_THRESHOLD_SAM>0</SIGNATURE_THRESHOLD_SAM>
	</signature>
	<signature ID="20200828_153157643103_509">
		<MACROCLASSID>1</MACROCLASSID>
		<MACROCLASSINFO>MC 1</MACROCLASSINFO>
		<CLASSID>4</CLASSID>
		<CLASSINFO>C 1</CLASSINFO>
		<VALUES>[0.08595243755346872, 0.0019214622972930405, 0.051037654585570774, 0.0020185053755195546, 0.029591185564833023, 0.0015915842318348999, 0.019701597286025566, 0.0022789550695309683, 0.004441791474081529, 0.0019300282727441641, 0.0031076421801741593, 0.0024259620026758615]</VALUES>
		<LCS_MIN>[0.07950383424758911, 0.0399564690887928, 0.02204320766031742, 0.014955442398786545, 0.0, 0.0]</LCS_MIN>
		<LCS_MAX>[0.09381017088890076, 0.05655113607645035, 0.03603120148181915, 0.028944598510861397, 0.013342414982616901, 0.01200208067893982]</LCS_MAX>
		<WAVELENGTH>[0.485, 0.56, 0.66, 0.83, 1.65, 2.215]</WAVELENGTH>
		<MEAN_VALUE>[0.08595243755346872, 0.051037654585570774, 0.029591185564833023, 0.019701597286025566, 0.004441791474081529, 0.0031076421801741593]</MEAN_VALUE>
		<CHECKBOX>2</CHECKBOX>
		<SD>[0.0019214622972930405, 0.0020185053755195546, 0.0015915842318348999, 0.0022789550695309683, 0.0019300282727441641, 0.0024259620026758615]</SD>
		<WAVELENGTH_UNIT>E-6m</WAVELENGTH_UNIT>
		<COLOR>#f28272</COLOR>
		<COVARIANCE_MATRIX>[[3.624439645213355e-06, 1.4080823862591448e-07, 2.4751873680922644e-08, 3.72115718929819e-08, -7.309852224081827e-08, -3.83412498837777e-08], [1.4080823862591448e-07, 3.894068675677058e-06, 5.21753841381232e-07, 7.407470932453743e-07, -9.155228620564663e-08, -7.822428079292478e-08], [2.4751873680922644e-08, 5.21753841381232e-07, 2.6211303946875067e-06, 3.7456010052165544e-07, -2.1582163288197708e-07, -1.9403332313559045e-07], [3.72115718929819e-08, 7.407470932453743e-07, 3.7456010052165544e-07, 4.682912189668653e-06, 2.297955122812644e-08, 6.234398621904708e-08], [-7.309852224081827e-08, -9.155228620564663e-08, -2.1582163288197708e-07, 2.297955122812644e-08, 3.728371506500814e-06, 5.149278647810824e-07], [-3.83412498837777e-08, -7.822428079292478e-08, -1.9403332313559045e-07, 6.234398621904708e-08, 5.149278647810824e-07, 5.764976612216781e-06]]</COVARIANCE_MATRIX>
		<ROI_SIZE>10201</ROI_SIZE>
		<MAX_VALUE>[0.09381017088890076, 0.05655113607645035, 0.03603120148181915, 0.028944598510861397, 0.013342414982616901, 0.01200208067893982]</MAX_VALUE>
		<MIN_VALUE>[0.07950383424758911, 0.0399564690887928, 0.02204320766031742, 0.014955442398786545, 0.0, 0.0]</MIN_VALUE>
		<SIGNATURE_THRESHOLD_MD>0</SIGNATURE_THRESHOLD_MD>
		<SIGNATURE_THRESHOLD_ML>0</SIGNATURE_THRESHOLD_ML>
		<SIGNATURE_THRESHOLD_SAM>0</SIGNATURE_THRESHOLD_SAM>
	</signature>
	<signature ID="20200828_153207138654_550">
		<MACROCLASSID>1</MACROCLASSID>
		<MACROCLASSINFO>MC 1</MACROCLASSINFO>
		<CLASSID>5</CLASSID>
		<CLASSINFO>C 1</CLASSINFO>
		<VALUES>[0.0861546782340252, 0.002078390360296145, 0.04985905064349808, 0.0021509909712091285, 0.029551483481728966, 0.0018826005935690233, 0.020555720879103193, 0.002239443687487297, 0.006685786614603311, 0.00218532766684744, 0.005031521247604574, 0.0027188647824241273]</VALUES>
		<LCS_MIN>[0.07791423797607422, 0.04327540472149849, 0.02204320766031742, 0.014955442398786545, 0.0, 0.0]</LCS_MIN>
		<LCS_MAX>[0.09381017088890076, 0.05655113607645035, 0.03882880508899689, 0.028944598510861397, 0.017845701426267624, 0.018469203263521194]</LCS_MAX>
		<WAVELENGTH>[0.485, 0.56, 0.66, 0.83, 1.65, 2.215]</WAVELENGTH>
		<MEAN_VALUE>[0.0861546782340252, 0.04985905064349808, 0.029551483481728966, 0.020555720879103193, 0.006685786614603311, 0.005031521247604574]</MEAN_VALUE>
		<CHECKBOX>2</CHECKBOX>
		<SD>[0.002078390360296145, 0.0021509909712091285, 0.0018826005935690233, 0.002239443687487297, 0.00218532766684744, 0.0027188647824241273]</SD>
		<WAVELENGTH_UNIT>E-6m</WAVELENGTH_UNIT>
		<COLOR>#68a8d5</COLOR>
		<COVARIANCE_MATRIX>[[4.203478914293992e-06, 1.0251865075160695e-06, 1.038965036476153e-06, 1.2627709393434394e-06, 7.315553021530569e-07, 6.224187997321564e-07], [1.0251865075160695e-06, 4.328190590040567e-06, 1.2904972222625904e-06, 1.5744302006419972e-06, 9.05918154666014e-07, 7.538484916884767e-07], [1.038965036476153e-06, 1.2904972222625904e-06, 3.4090716724075023e-06, 1.5816505205074603e-06, 8.117855084805389e-07, 6.96064801993257e-07], [1.2627709393434394e-06, 1.5744302006419972e-06, 1.5816505205074603e-06, 5.134936881177408e-06, 1.386052964618451e-06, 1.218540048599266e-06], [7.315553021530569e-07, 9.05918154666014e-07, 8.117855084805389e-07, 1.386052964618451e-06, 4.623329429020232e-06, 1.2103230122714687e-06], [6.224187997321564e-07, 7.538484916884767e-07, 6.96064801993257e-07, 1.218540048599266e-06, 1.2103230122714687e-06, 7.259117558070257e-06]]</COVARIANCE_MATRIX>
		<ROI_SIZE>10201</ROI_SIZE>
		<MAX_VALUE>[0.09381017088890076, 0.05655113607645035, 0.03882880508899689, 0.028944598510861397, 0.017845701426267624, 0.018469203263521194]</MAX_VALUE>
		<MIN_VALUE>[0.07791423797607422, 0.04327540472149849, 0.02204320766031742, 0.014955442398786545, 0.0, 0.0]</MIN_VALUE>
		<SIGNATURE_THRESHOLD_MD>0</SIGNATURE_THRESHOLD_MD>
		<SIGNATURE_THRESHOLD_ML>0</SIGNATURE_THRESHOLD_ML>
		<SIGNATURE_THRESHOLD_SAM>0</SIGNATURE_THRESHOLD_SAM>
	</signature>
	<signature ID="20200828_153218910555_538">
		<MACROCLASSID>1</MACROCLASSID>
		<MACROCLASSINFO>MC 1</MACROCLASSINFO>
		<CLASSID>6</CLASSID>
		<CLASSINFO>C 1</CLASSINFO>
		<VALUES>[0.08963972066126437, 0.0024069645902551305, 0.04938749940727801, 0.002512158430181452, 0.02804788938283968, 0.002437716960158317, 0.017130570932638756, 0.002892352606795445, 0.004158500569646654, 0.0024340884023138086, 0.0030166613704543342, 0.002615513514661598]</VALUES>
		<LCS_MIN>[0.0826830193400383, 0.04327540472149849, 0.02204320766031742, 0.011458153836429119, 0.0, 0.0]</LCS_MIN>
		<LCS_MAX>[0.10652691125869751, 0.06650793552398682, 0.047221601009368896, 0.03593917563557625, 0.02234898880124092, 0.015235641971230507]</LCS_MAX>
		<WAVELENGTH>[0.485, 0.56, 0.66, 0.83, 1.65, 2.215]</WAVELENGTH>
		<MEAN_VALUE>[0.08963972066126437, 0.04938749940727801, 0.02804788938283968, 0.017130570932638756, 0.004158500569646654, 0.0030166613704543342]</MEAN_VALUE>
		<CHECKBOX>2</CHECKBOX>
		<SD>[0.0024069645902551305, 0.002512158430181452, 0.002437716960158317, 0.002892352606795445, 0.0024340884023138086, 0.002615513514661598]</SD>
		<WAVELENGTH_UNIT>E-6m</WAVELENGTH_UNIT>
		<COLOR>#e883f5</COLOR>
		<COVARIANCE_MATRIX>[[4.772576110217298e-06, 1.980289828939421e-06, 2.15051278473624e-06, 2.694229380130918e-06, 1.6734866880971944e-06, 1.267426725566825e-06], [1.980289828939421e-06, 5.253785693277638e-06, 2.2644520845971577e-06, 2.7202354082657303e-06, 1.5535805698504996e-06, 1.1603122691619176e-06], [2.15051278473624e-06, 2.2644520845971577e-06, 4.809801678813263e-06, 2.875948984666902e-06, 1.6646969660240374e-06, 1.2287770973982796e-06], [2.694229380130918e-06, 2.7202354082657303e-06, 2.875948984666902e-06, 6.65491658698759e-06, 2.2446780651634776e-06, 1.746384207170744e-06], [1.6734866880971944e-06, 1.5535805698504996e-06, 1.6646969660240374e-06, 2.2446780651634776e-06, 5.097539599880212e-06, 1.511243358939068e-06], [1.267426725566825e-06, 1.1603122691619176e-06, 1.2287770973982796e-06, 1.746384207170744e-06, 1.511243358939068e-06, 6.349348230046453e-06]]</COVARIANCE_MATRIX>
		<ROI_SIZE>10201</ROI_SIZE>
		<MAX_VALUE>[0.10652691125869751, 0.06650793552398682, 0.047221601009368896, 0.03593917563557625, 0.02234898880124092, 0.015235641971230507]</MAX_VALUE>
		<MIN_VALUE>[0.0826830193400383, 0.04327540472149849, 0.02204320766031742, 0.011458153836429119, 0.0, 0.0]</MIN_VALUE>
		<SIGNATURE_THRESHOLD_MD>0</SIGNATURE_THRESHOLD_MD>
		<SIGNATURE_THRESHOLD_ML>0</SIGNATURE_THRESHOLD_ML>
		<SIGNATURE_THRESHOLD_SAM>0</SIGNATURE_THRESHOLD_SAM>
	</signature>
	<signature ID="20200828_153224747438_463">
		<MACROCLASSID>1</MACROCLASSID>
		<MACROCLASSINFO>MC 1</MACROCLASSINFO>
		<CLASSID>7</CLASSID>
		<CLASSINFO>C 1</CLASSINFO>
		<VALUES>[0.08941544678197436, 0.0016627262732327665, 0.04466103131056022, 0.002075453712667321, 0.02449918629097514, 0.0014409310028731112, 0.014025717661885075, 0.0015786324170877352, 0.002612927032476317, 0.0018655578657040095, 0.0020928915062528846, 0.002138507291746689]</VALUES>
		<LCS_MIN>[0.0826830193400383, 0.03663753718137741, 0.019245607778429985, 0.007960863411426544, 0.0, 0.0]</LCS_MIN>
		<LCS_MAX>[0.09698934853076935, 0.04991327226161957, 0.03043600544333458, 0.018452730029821396, 0.011090770363807678, 0.01200208067893982]</LCS_MAX>
		<WAVELENGTH>[0.485, 0.56, 0.66, 0.83, 1.65, 2.215]</WAVELENGTH>
		<MEAN_VALUE>[0.08941544678197436, 0.04466103131056022, 0.02449918629097514, 0.014025717661885075, 0.002612927032476317, 0.0020928915062528846]</MEAN_VALUE>
		<CHECKBOX>2</CHECKBOX>
		<SD>[0.0016627262732327665, 0.002075453712667321, 0.0014409310028731112, 0.0015786324170877352, 0.0018655578657040095, 0.002138507291746689]</SD>
		<WAVELENGTH_UNIT>E-6m</WAVELENGTH_UNIT>
		<COLOR>#603bb8</COLOR>
		<COVARIANCE_MATRIX>[[2.695309006337812e-06, -3.10573183747344e-09, 5.99869103312619e-08, -1.3408033289432163e-08, -3.803061924958748e-08, -1.0583368721811615e-07], [-3.10573183747344e-09, 4.314440779269532e-06, 4.089767357968332e-08, -6.465210511096579e-08, -1.7491847358145755e-07, -8.61312334572513e-08], [5.99869103312619e-08, 4.089767357968332e-08, 2.082551183490989e-06, 5.286214781697296e-08, -1.7602532463698558e-07, -1.1751258703068988e-07], [-1.3408033289432163e-08, -6.465210511096579e-08, 5.286214781697296e-08, 2.6278216953337933e-06, -6.100515160960758e-08, -1.539514627266194e-08], [-3.803061924958748e-08, -1.7491847358145755e-07, -1.7602532463698558e-07, -6.100515160960758e-08, 3.468658502926342e-06, 3.503660132233982e-07], [-1.0583368721811615e-07, -8.61312334572513e-08, -1.1751258703068988e-07, -1.539514627266194e-08, 3.503660132233982e-07, 4.594653590458902e-06]]</COVARIANCE_MATRIX>
		<ROI_SIZE>10200</ROI_SIZE>
		<MAX_VALUE>[0.09698934853076935, 0.04991327226161957, 0.03043600544333458, 0.018452730029821396, 0.011090770363807678, 0.01200208067893982]</MAX_VALUE>
		<MIN_VALUE>[0.0826830193400383, 0.03663753718137741, 0.019245607778429985, 0.007960863411426544, 0.0, 0.0]</MIN_VALUE>
		<SIGNATURE_THRESHOLD_MD>0</SIGNATURE_THRESHOLD_MD>
		<SIGNATURE_THRESHOLD_ML>0</SIGNATURE_THRESHOLD_ML>
		<SIGNATURE_THRESHOLD_SAM>0</SIGNATURE_THRESHOLD_SAM>
	</signature>
	<signature ID="20200828_153240560625_975">
		<MACROCLASSID>1</MACROCLASSID>
		<MACROCLASSINFO>MC 1</MACROCLASSINFO>
		<CLASSID>8</CLASSID>
		<CLASSINFO>C 1</CLASSINFO>
		<VALUES>[0.08885331850732525, 0.001677672087095286, 0.04610087861592808, 0.0020056575754800686, 0.02534908388400135, 0.0015644075364185175, 0.014797891271162341, 0.0008765716526512416, 0.003218253307765286, 0.0019335878920833298, 0.002541821713062944, 0.002277236498901525]</VALUES>
		<LCS_MIN>[0.0826830193400383, 0.03663753718137741, 0.019245607778429985, 0.011458153836429119, 0.0, 0.0]</LCS_MIN>
		<LCS_MAX>[0.09539975970983505, 0.05323220044374466, 0.03043600544333458, 0.018452730029821396, 0.011090770363807678, 0.01200208067893982]</LCS_MAX>
		<WAVELENGTH>[0.485, 0.56, 0.66, 0.83, 1.65, 2.215]</WAVELENGTH>
		<MEAN_VALUE>[0.08885331850732525, 0.04610087861592808, 0.02534908388400135, 0.014797891271162341, 0.003218253307765286, 0.002541821713062944]</MEAN_VALUE>
		<CHECKBOX>2</CHECKBOX>
		<SD>[0.001677672087095286, 0.0020056575754800686, 0.0015644075364185175, 0.0008765716526512416, 0.0019335878920833298, 0.002277236498901525]</SD>
		<WAVELENGTH_UNIT>E-6m</WAVELENGTH_UNIT>
		<COLOR>#e2af0e</COLOR>
		<COVARIANCE_MATRIX>[[2.8286385151707876e-06, 1.8336086275708038e-07, 1.642743581939454e-07, -1.1094827884797088e-08, 1.3900117102875218e-09, -5.527767180402077e-09], [1.8336086275708038e-07, 3.8639467168193155e-06, 2.9875107566786487e-07, -1.2968899010185296e-08, 2.491235703163052e-08, -1.9048485138009982e-08], [1.642743581939454e-07, 2.9875107566786487e-07, 2.445027056438049e-06, -1.56208190447029e-08, -1.3086003318692104e-07, -1.0754776620097662e-07], [-1.1094827884797088e-08, -1.2968899010185296e-08, -1.56208190447029e-08, 8.312983973470809e-07, -1.8471582939893223e-08, -2.6809555656075946e-09], [1.3900117102875218e-09, 2.491235703163052e-08, -1.3086003318692104e-07, -1.8471582939893223e-08, 3.6536192170702696e-06, 4.675981376290017e-07], [-5.527767180402077e-09, -1.9048485138009982e-08, -1.0754776620097662e-07, -2.6809555656075946e-09, 4.675981376290017e-07, 5.160606216163925e-06]]</COVARIANCE_MATRIX>
		<ROI_SIZE>10201</ROI_SIZE>
		<MAX_VALUE>[0.09539975970983505, 0.05323220044374466, 0.03043600544333458, 0.018452730029821396, 0.011090770363807678, 0.01200208067893982]</MAX_VALUE>
		<MIN_VALUE>[0.0826830193400383, 0.03663753718137741, 0.019245607778429985, 0.011458153836429119, 0.0, 0.0]</MIN_VALUE>
		<SIGNATURE_THRESHOLD_MD>0</SIGNATURE_THRESHOLD_MD>
		<SIGNATURE_THRESHOLD_ML>0</SIGNATURE_THRESHOLD_ML>
		<SIGNATURE_THRESHOLD_SAM>0</SIGNATURE_THRESHOLD_SAM>
	</signature>
	<signature ID="20200828_153251878438_464">
		<MACROCLASSID>1</MACROCLASSID>
		<MACROCLASSINFO>MC 1</MACROCLASSINFO>
		<CLASSID>9</CLASSID>
		<CLASSINFO>C 1</CLASSINFO>
		<VALUES>[0.08839742508855204, 0.0017339275849722077, 0.04558277453477218, 0.0019584373393179712, 0.025544361816872797, 0.0015385056680148816, 0.016418993787489577, 0.001805281835851481, 0.0025665069326278934, 0.0018359084515309628, 0.001961559990056708, 0.0020857746899142658]</VALUES>
		<LCS_MIN>[0.081093430519104, 0.03663753718137741, 0.02204320766031742, 0.011458153836429119, 0.0, 0.0]</LCS_MIN>
		<LCS_MAX>[0.09539975970983505, 0.05655113607645035, 0.03323360159993172, 0.028944598510861397, 0.013342414982616901, 0.01200208067893982]</LCS_MAX>
		<WAVELENGTH>[0.485, 0.56, 0.66, 0.83, 1.65, 2.215]</WAVELENGTH>
		<MEAN_VALUE>[0.08839742508855204, 0.04558277453477218, 0.025544361816872797, 0.016418993787489577, 0.0025665069326278934, 0.001961559990056708]</MEAN_VALUE>
		<CHECKBOX>2</CHECKBOX>
		<SD>[0.0017339275849722077, 0.0019584373393179712, 0.0015385056680148816, 0.001805281835851481, 0.0018359084515309628, 0.0020857746899142658]</SD>
		<WAVELENGTH_UNIT>E-6m</WAVELENGTH_UNIT>
		<COLOR>#527817</COLOR>
		<COVARIANCE_MATRIX>[[3.0457157294939194e-06, 3.734557416345206e-08, 8.766144488472543e-08, 7.119746111404283e-08, -4.5404983422766075e-08, -6.347752793900889e-08], [3.734557416345206e-08, 3.894241804226435e-06, 1.698943796932865e-07, 1.0356751248988354e-07, -9.720682668080753e-08, -1.3301994166692053e-07], [8.766144488472543e-08, 1.698943796932865e-07, 2.392901686509473e-06, 3.208904746083566e-07, -1.5034093825782401e-07, -9.177093624129392e-08], [7.119746111404283e-08, 1.0356751248988354e-07, 3.208904746083566e-07, 3.1907653491765996e-06, -5.083960533030995e-08, -3.2217065591859316e-08], [-4.5404983422766075e-08, -9.720682668080753e-08, -1.5034093825782401e-07, -5.083960533030995e-08, 3.349279116753927e-06, 3.4900651132102604e-07], [-6.347752793900889e-08, -1.3301994166692053e-07, -9.177093624129392e-08, -3.2217065591859316e-08, 3.4900651132102604e-07, 4.367311550533571e-06]]</COVARIANCE_MATRIX>
		<ROI_SIZE>10201</ROI_SIZE>
		<MAX_VALUE>[0.09539975970983505, 0.05655113607645035, 0.03323360159993172, 0.028944598510861397, 0.013342414982616901, 0.01200208067893982]</MAX_VALUE>
		<MIN_VALUE>[0.081093430519104, 0.03663753718137741, 0.02204320766031742, 0.011458153836429119, 0.0, 0.0]</MIN_VALUE>
		<SIGNATURE_THRESHOLD_MD>0</SIGNATURE_THRESHOLD_MD>
		<SIGNATURE_THRESHOLD_ML>0</SIGNATURE_THRESHOLD_ML>
		<SIGNATURE_THRESHOLD_SAM>0</SIGNATURE_THRESHOLD_SAM>
	</signature>
	<signature ID="20200828_153259328453_529">
		<MACROCLASSID>1</MACROCLASSID>
		<MACROCLASSINFO>MC 1</MACROCLASSINFO>
		<CLASSID>10</CLASSID>
		<CLASSINFO>C 1</CLASSINFO>
		<VALUES>[0.09755459451867701, 0.0062783348999831, 0.060993598818790316, 0.011667279008048162, 0.03531816047011954, 0.007234736964169144, 0.02626981717182935, 0.003888344611558455, 0.007739473064150609, 0.0026774923672695148, 0.005446559675354026, 0.0027483041196864322]</VALUES>
		<LCS_MIN>[0.08904139697551727, 0.04991327226161957, 0.027638405561447144, 0.018452730029821396, 0.0, 0.0]</LCS_MIN>
		<LCS_MAX>[0.13037081062793732, 0.11297298967838287, 0.10037598758935928, 0.0883985161781311, 0.051620353013277054, 0.028169890865683556]</LCS_MAX>
		<WAVELENGTH>[0.485, 0.56, 0.66, 0.83, 1.65, 2.215]</WAVELENGTH>
		<MEAN_VALUE>[0.09755459451867701, 0.060993598818790316, 0.03531816047011954, 0.02626981717182935, 0.007739473064150609, 0.005446559675354026]</MEAN_VALUE>
		<CHECKBOX>2</CHECKBOX>
		<SD>[0.0062783348999831, 0.011667279008048162, 0.007234736964169144, 0.003888344611558455, 0.0026774923672695148, 0.0027483041196864322]</SD>
		<WAVELENGTH_UNIT>E-6m</WAVELENGTH_UNIT>
		<COLOR>#99c323</COLOR>
		<COVARIANCE_MATRIX>[[3.9689005138118344e-05, 6.501627441807098e-05, 3.18284132782547e-05, 1.0402582747643834e-05, 6.6277760894497985e-06, 3.4949682673248903e-06], [6.501627441807098e-05, 0.0001346604835060211, 7.271040569984685e-05, 2.1783511282500266e-05, 1.2847078422927699e-05, 6.407816558733451e-06], [3.18284132782547e-05, 7.271040569984685e-05, 5.210479078430888e-05, 1.92660237485613e-05, 1.1206466683775374e-05, 6.162916232038072e-06], [1.0402582747643834e-05, 2.1783511282500266e-05, 1.92660237485613e-05, 2.034484502553549e-05, 1.0580162969842654e-05, 6.3981818404269505e-06], [6.6277760894497985e-06, 1.2847078422927699e-05, 1.1206466683775374e-05, 1.0580162969842654e-05, 1.2833281182137443e-05, 6.172392171568761e-06], [3.4949682673248903e-06, 6.407816558733451e-06, 6.162916232038072e-06, 6.3981818404269505e-06, 6.172392171568761e-06, 1.066914347279247e-05]]</COVARIANCE_MATRIX>
		<ROI_SIZE>8776</ROI_SIZE>
		<MAX_VALUE>[0.13037081062793732, 0.11297298967838287, 0.10037598758935928, 0.0883985161781311, 0.051620353013277054, 0.028169890865683556]</MAX_VALUE>
		<MIN_VALUE>[0.08904139697551727, 0.04991327226161957, 0.027638405561447144, 0.018452730029821396, 0.0, 0.0]</MIN_VALUE>
		<SIGNATURE_THRESHOLD_MD>0</SIGNATURE_THRESHOLD_MD>
		<SIGNATURE_THRESHOLD_ML>0</SIGNATURE_THRESHOLD_ML>
		<SIGNATURE_THRESHOLD_SAM>0</SIGNATURE_THRESHOLD_SAM>
	</signature>
	<signature ID="20200828_153310484942_536">
		<MACROCLASSID>1</MACROCLASSID>
		<MACROCLASSINFO>MC 1</MACROCLASSINFO>
		<CLASSID>11</CLASSID>
		<CLASSINFO>C 1</CLASSINFO>
		<VALUES>[0.08459211011773567, 0.00694139283424749, 0.05833652601975375, 0.007996726068429605, 0.032699638718127644, 0.00793343329986856, 0.02120854719508033, 0.008743636242981271, 0.006444122414371924, 0.008879465337350387, 0.004722054313467091, 0.007699866076626283]</VALUES>
		<LCS_MIN>[0.06996627897024155, 0.0399564690887928, 0.02204320766031742, 0.014955442398786545, 0.0, 0.0]</LCS_MIN>
		<LCS_MAX>[0.14626672863960266, 0.11961084604263306, 0.10037598758935928, 0.09189581125974655, 0.07413678616285324, 0.07020620256662369]</LCS_MAX>
		<WAVELENGTH>[0.485, 0.56, 0.66, 0.83, 1.65, 2.215]</WAVELENGTH>
		<MEAN_VALUE>[0.08459211011773567, 0.05833652601975375, 0.032699638718127644, 0.02120854719508033, 0.006444122414371924, 0.004722054313467091]</MEAN_VALUE>
		<CHECKBOX>2</CHECKBOX>
		<SD>[0.00694139283424749, 0.007996726068429605, 0.00793343329986856, 0.008743636242981271, 0.008879465337350387, 0.007699866076626283]</SD>
		<WAVELENGTH_UNIT>E-6m</WAVELENGTH_UNIT>
		<COLOR>#91a519</COLOR>
		<COVARIANCE_MATRIX>[[4.393603136232198e-05, 4.8526958760419203e-05, 4.511691867363133e-05, 4.610861219084726e-05, 4.516391783502551e-05, 3.7030597068519113e-05], [4.8526958760419203e-05, 6.191798087450693e-05, 5.194632033854241e-05, 5.12026361513092e-05, 4.9824623018210145e-05, 4.0660002445583206e-05], [4.511691867363133e-05, 5.194632033854241e-05, 5.327997675721945e-05, 5.393463777036377e-05, 5.288880150487242e-05, 4.344447167858474e-05], [4.610861219084726e-05, 5.12026361513092e-05, 5.393463777036377e-05, 6.229475738567647e-05, 5.872724483051202e-05, 4.822330157576183e-05], [4.516391783502551e-05, 4.9824623018210145e-05, 5.288880150487242e-05, 5.872724483051202e-05, 6.370193039570821e-05, 4.9741181924277025e-05], [3.7030597068519113e-05, 4.0660002445583206e-05, 4.344447167858474e-05, 4.822330157576183e-05, 4.9741181924277025e-05, 4.706260355679521e-05]]</COVARIANCE_MATRIX>
		<ROI_SIZE>9641</ROI_SIZE>
		<MAX_VALUE>[0.14626672863960266, 0.11961084604263306, 0.10037598758935928, 0.09189581125974655, 0.07413678616285324, 0.07020620256662369]</MAX_VALUE>
		<MIN_VALUE>[0.06996627897024155, 0.0399564690887928, 0.02204320766031742, 0.014955442398786545, 0.0, 0.0]</MIN_VALUE>
		<SIGNATURE_THRESHOLD_MD>0</SIGNATURE_THRESHOLD_MD>
		<SIGNATURE_THRESHOLD_ML>0</SIGNATURE_THRESHOLD_ML>
		<SIGNATURE_THRESHOLD_SAM>0</SIGNATURE_THRESHOLD_SAM>
	</signature>
	<signature ID="20200828_153316478167_138">
		<MACROCLASSID>1</MACROCLASSID>
		<MACROCLASSINFO>MC 1</MACROCLASSINFO>
		<CLASSID>12</CLASSID>
		<CLASSINFO>C 1</CLASSINFO>
		<VALUES>[0.08416018759186862, 0.0016925474614402723, 0.0594359817496914, 0.001870178610224868, 0.03192180513720641, 0.0021985029052037255, 0.023810814544406884, 0.005562697440452574, 0.004850700274044871, 0.003718027366191919, 0.0030630631866776278, 0.002930290616627216]</VALUES>
		<LCS_MIN>[0.07632464170455933, 0.05323220044374466, 0.027638405561447144, 0.011458153836429119, 0.0, 0.0]</LCS_MIN>
		<LCS_MAX>[0.09222057461738586, 0.073145791888237, 0.05281680077314377, 0.09189581125974655, 0.04936870560050011, 0.028169890865683556]</LCS_MAX>
		<WAVELENGTH>[0.485, 0.56, 0.66, 0.83, 1.65, 2.215]</WAVELENGTH>
		<MEAN_VALUE>[0.08416018759186862, 0.0594359817496914, 0.03192180513720641, 0.023810814544406884, 0.004850700274044871, 0.0030630631866776278]</MEAN_VALUE>
		<CHECKBOX>2</CHECKBOX>
		<SD>[0.0016925474614402723, 0.001870178610224868, 0.0021985029052037255, 0.005562697440452574, 0.003718027366191919, 0.002930290616627216]</SD>
		<WAVELENGTH_UNIT>E-6m</WAVELENGTH_UNIT>
		<COLOR>#d693d0</COLOR>
		<COVARIANCE_MATRIX>[[2.7946838670122787e-06, 4.1361568300580385e-07, 5.044425871162054e-07, 8.080251465265101e-07, 4.952204748045809e-07, 2.949054397035057e-07], [4.1361568300580385e-07, 3.7155724668174236e-06, 7.244659258488244e-07, 2.11656276484894e-06, 1.0087742750348206e-06, 5.02323428241306e-07], [5.044425871162054e-07, 7.244659258488244e-07, 4.314400486977015e-06, 6.083083602895587e-06, 3.5450531730089765e-06, 2.0654408014878332e-06], [8.080251465265101e-07, 2.11656276484894e-06, 6.083083602895587e-06, 2.824460501158285e-05, 1.3084416738229961e-05, 7.083410966206621e-06], [4.952204748045809e-07, 1.0087742750348206e-06, 3.5450531730089765e-06, 1.3084416738229961e-05, 1.224457610525372e-05, 5.2157359073299725e-06], [2.949054397035057e-07, 5.02323428241306e-07, 2.0654408014878332e-06, 7.083410966206621e-06, 5.2157359073299725e-06, 8.161986595194246e-06]]</COVARIANCE_MATRIX>
		<ROI_SIZE>8848</ROI_SIZE>
		<MAX_VALUE>[0.09222057461738586, 0.073145791888237, 0.05281680077314377, 0.09189581125974655, 0.04936870560050011, 0.028169890865683556]</MAX_VALUE>
		<MIN_VALUE>[0.07632464170455933, 0.05323220044374466, 0.027638405561447144, 0.011458153836429119, 0.0, 0.0]</MIN_VALUE>
		<SIGNATURE_THRESHOLD_MD>0</SIGNATURE_THRESHOLD_MD>
		<SIGNATURE_THRESHOLD_ML>0</SIGNATURE_THRESHOLD_ML>
		<SIGNATURE_THRESHOLD_SAM>0</SIGNATURE_THRESHOLD_SAM>
	</signature>
	<signature ID="20200828_153331170223_137">
		<MACROCLASSID>1</MACROCLASSID>
		<MACROCLASSINFO>MC 1</MACROCLASSINFO>
		<CLASSID>13</CLASSID>
		<CLASSINFO>C 1</CLASSINFO>
		<VALUES>[0.10299354238372185, 0.010120332321221484, 0.07124205865443342, 0.010529525354152698, 0.0476349394922616, 0.010341213859932296, 0.031131846907660125, 0.01007881397663954, 0.008715540545577168, 0.00861915169088625, 0.005682457416277083, 0.006710536354219918]</VALUES>
		<LCS_MIN>[0.08745180070400238, 0.05655113607645035, 0.03323360159993172, 0.021950019523501396, 0.0, 0.0]</LCS_MIN>
		<LCS_MAX>[0.16375227272510529, 0.1362055093050003, 0.11156637966632843, 0.0953930988907814, 0.07188514620065689, 0.0540383905172348]</LCS_MAX>
		<WAVELENGTH>[0.485, 0.56, 0.66, 0.83, 1.65, 2.215]</WAVELENGTH>
		<MEAN_VALUE>[0.10299354238372185, 0.07124205865443342, 0.0476349394922616, 0.031131846907660125, 0.008715540545577168, 0.005682457416277083]</MEAN_VALUE>
		<CHECKBOX>2</CHECKBOX>
		<SD>[0.010120332321221484, 0.010529525354152698, 0.010341213859932296, 0.01007881397663954, 0.00861915169088625, 0.006710536354219918]</SD>
		<WAVELENGTH_UNIT>E-6m</WAVELENGTH_UNIT>
		<COLOR>#be6d2d</COLOR>
		<COVARIANCE_MATRIX>[[9.348372595365865e-05, 9.333683628744106e-05, 9.198163087068917e-05, 8.734077012772991e-05, 6.788796517835642e-05, 4.844072149626252e-05], [9.333683628744106e-05, 0.00010103748044029622, 9.596105811518118e-05, 9.051934856998931e-05, 7.031221366856513e-05, 5.007009260012453e-05], [9.198163087068917e-05, 9.596105811518118e-05, 9.773125519986356e-05, 9.105626967441045e-05, 7.137009111940762e-05, 5.110296889743238e-05], [8.734077012772991e-05, 9.051934856998931e-05, 9.105626967441045e-05, 9.147989241749257e-05, 7.038508837275578e-05, 5.0712887935205714e-05], [6.788796517835642e-05, 7.031221366856513e-05, 7.137009111940762e-05, 7.038508837275578e-05, 6.405059903829278e-05, 4.407083629030643e-05], [4.844072149626252e-05, 5.007009260012453e-05, 5.110296889743238e-05, 5.0712887935205714e-05, 4.407083629030643e-05, 3.8869239594269605e-05]]</COVARIANCE_MATRIX>
		<ROI_SIZE>9387</ROI_SIZE>
		<MAX_VALUE>[0.16375227272510529, 0.1362055093050003, 0.11156637966632843, 0.0953930988907814, 0.07188514620065689, 0.0540383905172348]</MAX_VALUE>
		<MIN_VALUE>[0.08745180070400238, 0.05655113607645035, 0.03323360159993172, 0.021950019523501396, 0.0, 0.0]</MIN_VALUE>
		<SIGNATURE_THRESHOLD_MD>0</SIGNATURE_THRESHOLD_MD>
		<SIGNATURE_THRESHOLD_ML>0</SIGNATURE_THRESHOLD_ML>
		<SIGNATURE_THRESHOLD_SAM>0</SIGNATURE_THRESHOLD_SAM>
	</signature>
	<signature ID="20200828_153341367471_894">
		<MACROCLASSID>1</MACROCLASSID>
		<MACROCLASSINFO>MC 1</MACROCLASSINFO>
		<CLASSID>14</CLASSID>
		<CLASSINFO>C 1</CLASSINFO>
		<VALUES>[0.11682568466038759, 0.005637921637975364, 0.10086490805491345, 0.005557552797160011, 0.06616910289567317, 0.005096825592287072, 0.033541862283627426, 0.003044533907293665, 0.008131378866223447, 0.002316447001134275, 0.005211769648337355, 0.0026425115676720796]</VALUES>
		<LCS_MIN>[0.10493732988834381, 0.08310259133577347, 0.05001920089125633, 0.025447312742471695, 0.0, 0.0]</LCS_MIN>
		<LCS_MAX>[0.14467714726924896, 0.12956765294075012, 0.09198317676782608, 0.0534256286919117, 0.020097345113754272, 0.015235641971230507]</LCS_MAX>
		<WAVELENGTH>[0.485, 0.56, 0.66, 0.83, 1.65, 2.215]</WAVELENGTH>
		<MEAN_VALUE>[0.11682568466038759, 0.10086490805491345, 0.06616910289567317, 0.033541862283627426, 0.008131378866223447, 0.005211769648337355]</MEAN_VALUE>
		<CHECKBOX>2</CHECKBOX>
		<SD>[0.005637921637975364, 0.005557552797160011, 0.005096825592287072, 0.003044533907293665, 0.002316447001134275, 0.0026425115676720796]</SD>
		<WAVELENGTH_UNIT>E-6m</WAVELENGTH_UNIT>
		<COLOR>#589510</COLOR>
		<COVARIANCE_MATRIX>[[2.9264873485898307e-05, 2.2240623861448162e-05, 1.7185951692803674e-05, 1.0157642455111965e-05, 4.483987323945773e-06, 2.5456752996025495e-06], [2.2240623861448162e-05, 2.7527404502225822e-05, 2.0011967762703577e-05, 9.371307662985851e-06, 3.654480785189758e-06, 1.951334449934556e-06], [1.7185951692803674e-05, 2.0011967762703577e-05, 2.199769696037899e-05, 8.401418147781665e-06, 2.6565640487343608e-06, 1.4632344303256316e-06], [1.0157642455111965e-05, 9.371307662985851e-06, 8.401418147781665e-06, 8.608371032430689e-06, 2.0921586842428644e-06, 1.1500781182808567e-06], [4.483987323945773e-06, 3.654480785189758e-06, 2.6565640487343608e-06, 2.0921586842428644e-06, 5.180700119982214e-06, 1.0749354446247223e-06], [2.5456752996025495e-06, 1.951334449934556e-06, 1.4632344303256316e-06, 1.1500781182808567e-06, 1.0749354446247223e-06, 6.9480768391305404e-06]]</COVARIANCE_MATRIX>
		<ROI_SIZE>10195</ROI_SIZE>
		<MAX_VALUE>[0.14467714726924896, 0.12956765294075012, 0.09198317676782608, 0.0534256286919117, 0.020097345113754272, 0.015235641971230507]</MAX_VALUE>
		<MIN_VALUE>[0.10493732988834381, 0.08310259133577347, 0.05001920089125633, 0.025447312742471695, 0.0, 0.0]</MIN_VALUE>
		<SIGNATURE_THRESHOLD_MD>0</SIGNATURE_THRESHOLD_MD>
		<SIGNATURE_THRESHOLD_ML>0</SIGNATURE_THRESHOLD_ML>
		<SIGNATURE_THRESHOLD_SAM>0</SIGNATURE_THRESHOLD_SAM>
	</signature>
	<signature ID="20200828_153348223538_642">
		<MACROCLASSID>1</MACROCLASSID>
		<MACROCLASSINFO>MC 1</MACROCLASSINFO>
		<CLASSID>15</CLASSID>
		<CLASSINFO>C 1</CLASSINFO>
		<VALUES>[0.10388005677255098, 0.002809867522208387, 0.09100478797739686, 0.00636145413665727, 0.05774865013717281, 0.007183492418053143, 0.02673364383774643, 0.004872673231970784, 0.005678866301871649, 0.0026988832839082147, 0.004117762493536393, 0.0026965373401027105]</VALUES>
		<LCS_MIN>[0.08745180070400238, 0.06982686370611191, 0.041626401245594025, 0.018452730029821396, 0.0, 0.0]</LCS_MIN>
		<LCS_MAX>[0.11606445908546448, 0.10633513331413269, 0.08079279959201813, 0.0953930988907814, 0.04486542195081711, 0.024936329573392868]</LCS_MAX>
		<WAVELENGTH>[0.485, 0.56, 0.66, 0.83, 1.65, 2.215]</WAVELENGTH>
		<MEAN_VALUE>[0.10388005677255098, 0.09100478797739686, 0.05774865013717281, 0.02673364383774643, 0.005678866301871649, 0.004117762493536393]</MEAN_VALUE>
		<CHECKBOX>2</CHECKBOX>
		<SD>[0.002809867522208387, 0.00636145413665727, 0.007183492418053143, 0.004872673231970784, 0.0026988832839082147, 0.0026965373401027105]</SD>
		<WAVELENGTH_UNIT>E-6m</WAVELENGTH_UNIT>
		<COLOR>#a9243e</COLOR>
		<COVARIANCE_MATRIX>[[6.748219417297972e-06, 6.708225527264821e-06, 5.964391569331874e-06, 2.292821108064971e-07, -1.3580473309731093e-07, -2.090177878030196e-07], [6.708225527264821e-06, 3.126217445474804e-05, 3.0149633277707928e-05, 8.18457095741195e-06, 3.270202741567739e-07, 1.3159335768716083e-07], [5.964391569331874e-06, 3.0149633277707928e-05, 3.834114361689989e-05, 1.323465987963426e-05, 1.3359328248933627e-06, 6.011331585206398e-07], [2.292821108064971e-07, 8.18457095741195e-06, 1.323465987963426e-05, 1.6488332971026984e-05, 4.482431093769839e-06, 2.0970393667126544e-06], [-1.3580473309731093e-07, 3.270202741567739e-07, 1.3359328248933627e-06, 4.482431093769839e-06, 5.933392641882421e-06, 1.5017036247972905e-06], [-2.090177878030196e-07, 1.3159335768716083e-07, 6.011331585206398e-07, 2.0970393667126544e-06, 1.5017036247972905e-06, 6.917454798120712e-06]]</COVARIANCE_MATRIX>
		<ROI_SIZE>10155</ROI_SIZE>
		<MAX_VALUE>[0.11606445908546448, 0.10633513331413269, 0.08079279959201813, 0.0953930988907814, 0.04486542195081711, 0.024936329573392868]</MAX_VALUE>
		<MIN_VALUE>[0.08745180070400238, 0.06982686370611191, 0.041626401245594025, 0.018452730029821396, 0.0, 0.0]</MIN_VALUE>
		<SIGNATURE_THRESHOLD_MD>0</SIGNATURE_THRESHOLD_MD>
		<SIGNATURE_THRESHOLD_ML>0</SIGNATURE_THRESHOLD_ML>
		<SIGNATURE_THRESHOLD_SAM>0</SIGNATURE_THRESHOLD_SAM>
	</signature>
	<signature ID="20200828_153355265337_822">
		<MACROCLASSID>1</MACROCLASSID>
		<MACROCLASSINFO>MC 1</MACROCLASSINFO>
		<CLASSID>16</CLASSID>
		<CLASSINFO>C 1</CLASSINFO>
		<VALUES>[0.13015913796595321, 0.011331273769758295, 0.10368828234313539, 0.013326172802451922, 0.07700815655231147, 0.013132001287505841, 0.05240988077710685, 0.012828453975914367, 0.01565566072744004, 0.008768492374834498, 0.009493433094314626, 0.0073122556221864865]</VALUES>
		<LCS_MIN>[0.09857894480228424, 0.073145791888237, 0.047221601009368896, 0.028944598510861397, 0.0, 0.0]</LCS_MIN>
		<LCS_MAX>[0.19236493110656738, 0.16275694966316223, 0.14233995974063873, 0.11987411230802536, 0.08314336091279984, 0.07667332887649536]</LCS_MAX>
		<WAVELENGTH>[0.485, 0.56, 0.66, 0.83, 1.65, 2.215]</WAVELENGTH>
		<MEAN_VALUE>[0.13015913796595321, 0.10368828234313539, 0.07700815655231147, 0.05240988077710685, 0.01565566072744004, 0.009493433094314626]</MEAN_VALUE>
		<CHECKBOX>2</CHECKBOX>
		<SD>[0.011331273769758295, 0.013326172802451922, 0.013132001287505841, 0.012828453975914367, 0.008768492374834498, 0.0073122556221864865]</SD>
