<?xml version="1.0" ?>
<signaturelist MCID_LIST="[['1', 'waterbody', '#0000ff'], ['2', 'vegetation', '#00ff00'], ['3', 'bareland', '#ffaa00'], ['4', 'built-up', '#ff0000']]">
	<signature ID="20210107_155616322183_702">
		<MACROCLASSID>1</MACROCLASSID>
		<MACROCLASSINFO>waterbody</MACROCLASSINFO>
		<CLASSID>1</CLASSID>
		<CLASSINFO>C 1</CLASSINFO>
		<VALUES>[0.13752167852270222, 0.00275258901463577, 0.11617641527545722, 0.007092503736236383, 0.08390745508395796, 0.013898220229249825, 0.04497379680914386, 0.010537122413540405, 0.008588619157683497, 0.0029815125274289113, 0.004770285280034258, 0.0031839544308280864]</VALUES>
		<LCS_MIN>[0.1277218759059906, 0.10253339260816574, 0.06303146481513977, 0.03206731006503105, 0.0, 0.0]</LCS_MIN>
		<LCS_MAX>[0.14879350364208221, 0.14453639090061188, 0.13001370429992676, 0.09376660734415054, 0.05086216330528259, 0.027348637580871582]</LCS_MAX>
		<WAVELENGTH>[0.485, 0.56, 0.66, 0.83, 1.65, 2.215]</WAVELENGTH>
		<MEAN_VALUE>[0.13752167852270222, 0.11617641527545722, 0.08390745508395796, 0.04497379680914386, 0.008588619157683497, 0.004770285280034258]</MEAN_VALUE>
		<CHECKBOX>2</CHECKBOX>
		<SD>[0.00275258901463577, 0.007092503736236383, 0.013898220229249825, 0.010537122413540405, 0.0029815125274289113, 0.0031839544308280864]</SD>
		<WAVELENGTH_UNIT>E-6m</WAVELENGTH_UNIT>
		<COLOR>#8f2721</COLOR>
		<COVARIANCE_MATRIX>[[7.686162462050561e-06, 1.239321045432007e-05, 2.356242112000473e-05, 1.6485626474604942e-05, 7.972268463163346e-07, 4.2267228650416655e-07], [1.239321045432007e-05, 4.756984708365053e-05, 8.352642907993868e-05, 5.00227979500778e-05, 2.6929008072329452e-06, 1.0443789051350905e-06], [2.356242112000473e-05, 8.352642907993868e-05, 0.00017838696658145636, 0.00011005345004377887, 6.303340342128649e-06, 2.265689772684709e-06], [1.6485626474604942e-05, 5.00227979500778e-05, 0.00011005345004377887, 0.00010147257125936449, 6.930749350431142e-06, 3.1453459996555466e-06], [7.972268463163346e-07, 2.6929008072329452e-06, 6.303340342128649e-06, 6.930749350431142e-06, 7.698075023654383e-06, 1.7375882634951267e-06], [4.2267228650416655e-07, 1.0443789051350905e-06, 2.265689772684709e-06, 3.1453459996555466e-06, 1.7375882634951267e-06, 1.0007289347413462e-05]]</COVARIANCE_MATRIX>
		<ROI_SIZE>6584</ROI_SIZE>
		<MAX_VALUE>[0.14879350364208221, 0.14453639090061188, 0.13001370429992676, 0.09376660734415054, 0.05086216330528259, 0.027348637580871582]</MAX_VALUE>
		<MIN_VALUE>[0.1277218759059906, 0.10253339260816574, 0.06303146481513977, 0.03206731006503105, 0.0, 0.0]</MIN_VALUE>
		<SIGNATURE_THRESHOLD_MD>0.0</SIGNATURE_THRESHOLD_MD>
		<SIGNATURE_THRESHOLD_ML>0.0</SIGNATURE_THRESHOLD_ML>
		<SIGNATURE_THRESHOLD_SAM>0.0</SIGNATURE_THRESHOLD_SAM>
	</signature>
	<signature ID="20210107_155625985218_219">
		<MACROCLASSID>1</MACROCLASSID>
		<MACROCLASSINFO>waterbody</MACROCLASSINFO>
		<CLASSID>2</CLASSID>
		<CLASSINFO>C 1</CLASSINFO>
		<VALUES>[0.13673614824429578, 0.002913863839157939, 0.11581704812808928, 0.0070078586973155044, 0.0810235613686404, 0.01181916232541432, 0.042700834483799674, 0.004534832732943728, 0.010579459863022308, 0.002571266225017096, 0.006861899736990079, 0.0031406282529536345]</VALUES>
		<LCS_MIN>[0.1277218759059906, 0.09871494024991989, 0.05950608104467392, 0.036474402993917465, 0.0, 0.0]</LCS_MIN>
		<LCS_MAX>[0.14879350364208221, 0.14071792364120483, 0.11591217666864395, 0.0805453285574913, 0.03951256722211838, 0.023273879662156105]</LCS_MAX>
		<WAVELENGTH>[0.485, 0.56, 0.66, 0.83, 1.65, 2.215]</WAVELENGTH>
		<MEAN_VALUE>[0.13673614824429578, 0.11581704812808928, 0.0810235613686404, 0.042700834483799674, 0.010579459863022308, 0.006861899736990079]</MEAN_VALUE>
		<CHECKBOX>2</CHECKBOX>
		<SD>[0.002913863839157939, 0.0070078586973155044, 0.01181916232541432, 0.004534832732943728, 0.002571266225017096, 0.0031406282529536345]</SD>
		<WAVELENGTH_UNIT>E-6m</WAVELENGTH_UNIT>
		<COLOR>#7ee6bc</COLOR>
		<COVARIANCE_MATRIX>[[8.941308806242887e-06, 1.4578561604139395e-05, 2.351911462028511e-05, 6.127727374405367e-06, 7.468568696822331e-07, 4.4327418891043635e-07], [1.4578561604139395e-05, 4.94782580062747e-05, 7.543999527115375e-05, 2.004476664296817e-05, 2.1334312805265654e-06, 1.1384772733435966e-06], [2.351911462028511e-05, 7.543999527115375e-05, 0.00014019120135344565, 4.003130743512884e-05, 3.531353286234662e-06, 1.186691861221334e-06], [6.127727374405367e-06, 2.004476664296817e-05, 4.003130743512884e-05, 2.2684163923258893e-05, 1.4830567351964419e-06, 4.5815809812665975e-07], [7.468568696822331e-07, 2.1334312805265654e-06, 3.531353286234662e-06, 1.4830567351964419e-06, 6.4037008087325376e-06, 9.206348181578505e-07], [4.4327418891043635e-07, 1.1384772733435966e-06, 1.186691861221334e-06, 4.5815809812665975e-07, 9.206348181578505e-07, 9.946520549419802e-06]]</COVARIANCE_MATRIX>
		<ROI_SIZE>9814</ROI_SIZE>
		<MAX_VALUE>[0.14879350364208221, 0.14071792364120483, 0.11591217666864395, 0.0805453285574913, 0.03951256722211838, 0.023273879662156105]</MAX_VALUE>
		<MIN_VALUE>[0.1277218759059906, 0.09871494024991989, 0.05950608104467392, 0.036474402993917465, 0.0, 0.0]</MIN_VALUE>
		<SIGNATURE_THRESHOLD_MD>0.0</SIGNATURE_THRESHOLD_MD>
		<SIGNATURE_THRESHOLD_ML>0.0</SIGNATURE_THRESHOLD_ML>
		<SIGNATURE_THRESHOLD_SAM>0.0</SIGNATURE_THRESHOLD_SAM>
	</signature>
	<signature ID="20210107_155632567347_838">
		<MACROCLASSID>1</MACROCLASSID>
		<MACROCLASSINFO>waterbody</MACROCLASSINFO>
		<CLASSID>3</CLASSID>
		<CLASSINFO>C 1</CLASSINFO>
		<VALUES>[0.13843166770316478, 0.002287499417763725, 0.12659862653501686, 0.003311955693587458, 0.10498674068527646, 0.010730099135640471, 0.05866292392239515, 0.014157354562025553, 0.011080620520243068, 0.004739546727993789, 0.006145561516591266, 0.0035244187306705706]</VALUES>
		<LCS_MIN>[0.131233811378479, 0.11780721694231033, 0.08065836131572723, 0.04088149592280388, 0.0026263913605362177, 0.0]</LCS_MIN>
		<LCS_MAX>[0.147037535905838, 0.13689948618412018, 0.1264883279800415, 0.09376660734415054, 0.045187365263700485, 0.023273879662156105]</LCS_MAX>
		<WAVELENGTH>[0.485, 0.56, 0.66, 0.83, 1.65, 2.215]</WAVELENGTH>
		<MEAN_VALUE>[0.13843166770316478, 0.12659862653501686, 0.10498674068527646, 0.05866292392239515, 0.011080620520243068, 0.006145561516591266]</MEAN_VALUE>
		<CHECKBOX>2</CHECKBOX>
		<SD>[0.002287499417763725, 0.003311955693587458, 0.010730099135640471, 0.014157354562025553, 0.004739546727993789, 0.0035244187306705706]</SD>
		<WAVELENGTH_UNIT>E-6m</WAVELENGTH_UNIT>
		<COLOR>#0cff6b</COLOR>
		<COVARIANCE_MATRIX>[[5.352947482606396e-06, 2.8960523650312098e-06, 4.194487246422796e-06, 2.0101315385545604e-06, -1.8214828969576047e-06, -9.690071465229266e-07], [2.8960523650312098e-06, 1.410550521541154e-05, 2.5559891582815908e-05, 2.4273927920148708e-05, 1.2491773304645903e-06, 3.4915092328446917e-07], [4.194487246422796e-06, 2.5559891582815908e-05, 0.00010315214603906497, 0.00011384094250388443, 1.3165975360607263e-05, 5.594636604655534e-06], [2.0101315385545604e-06, 2.4273927920148708e-05, 0.00011384094250388443, 0.00018735200865194201, 3.0083074307185598e-05, 1.2863409210694954e-05], [-1.8214828969576047e-06, 1.2491773304645903e-06, 1.3165975360607263e-05, 3.0083074307185598e-05, 2.0825098545174114e-05, 7.645851837878581e-06], [-9.690071465229266e-07, 3.4915092328446917e-07, 5.594636604655534e-06, 1.2863409210694954e-05, 7.645851837878581e-06, 1.2910562873003073e-05]]</COVARIANCE_MATRIX>
		<ROI_SIZE>1773</ROI_SIZE>
		<MAX_VALUE>[0.147037535905838, 0.13689948618412018, 0.1264883279800415, 0.09376660734415054, 0.045187365263700485, 0.023273879662156105]</MAX_VALUE>
		<MIN_VALUE>[0.131233811378479, 0.11780721694231033, 0.08065836131572723, 0.04088149592280388, 0.0026263913605362177, 0.0]</MIN_VALUE>
		<SIGNATURE_THRESHOLD_MD>0.0</SIGNATURE_THRESHOLD_MD>
		<SIGNATURE_THRESHOLD_ML>0.0</SIGNATURE_THRESHOLD_ML>
		<SIGNATURE_THRESHOLD_SAM>0.0</SIGNATURE_THRESHOLD_SAM>
	</signature>
	<signature ID="20210107_155639117185_959">
		<MACROCLASSID>1</MACROCLASSID>
		<MACROCLASSINFO>waterbody</MACROCLASSINFO>
		<CLASSID>4</CLASSID>
		<CLASSINFO>C 1</CLASSINFO>
		<VALUES>[0.1406681754513643, 0.0029651091149426488, 0.12906607621257418, 0.00501881227131672, 0.10609848188529095, 0.011670813677107834, 0.058209524947181034, 0.011686290655309108, 0.012754600488299676, 0.003825947117730457, 0.007441067592932561, 0.0035171678999901795]</VALUES>
		<LCS_MIN>[0.1329897791147232, 0.11398876458406448, 0.08065836131572723, 0.04088149592280388, 0.0026263913605362177, 0.0]</LCS_MIN>
		<LCS_MAX>[0.15230543911457062, 0.14071792364120483, 0.13001370429992676, 0.08935951441526413, 0.05086216330528259, 0.03142339736223221]</LCS_MAX>
		<WAVELENGTH>[0.485, 0.56, 0.66, 0.83, 1.65, 2.215]</WAVELENGTH>
		<MEAN_VALUE>[0.1406681754513643, 0.12906607621257418, 0.10609848188529095, 0.058209524947181034, 0.012754600488299676, 0.007441067592932561]</MEAN_VALUE>
		<CHECKBOX>2</CHECKBOX>
		<SD>[0.0029651091149426488, 0.00501881227131672, 0.011670813677107834, 0.011686290655309108, 0.003825947117730457, 0.0035171678999901795]</SD>
		<WAVELENGTH_UNIT>E-6m</WAVELENGTH_UNIT>
		<COLOR>#1cd022</COLOR>
		<COVARIANCE_MATRIX>[[7.513885975640733e-06, 8.016434549062978e-06, 1.7087571904994547e-05, 1.2122241059842054e-05, 1.1042657206417061e-06, 5.258526698526111e-07], [8.016434549062978e-06, 2.338667218282353e-05, 4.336838173912838e-05, 3.4749344195006415e-05, 3.381438546057325e-06, 1.126696929532045e-06], [1.7087571904994547e-05, 4.336838173912838e-05, 0.00012767384760081768, 0.00010832710540853441, 1.2252741726115346e-05, 5.2902546485711355e-06], [1.2122241059842054e-05, 3.4749344195006415e-05, 0.00010832710540853441, 0.00013369982480071485, 1.7880818631965667e-05, 8.324863301822916e-06], [1.1042657206417061e-06, 3.381438546057325e-06, 1.2252741726115346e-05, 1.7880818631965667e-05, 1.3636795301863458e-05, 4.484196779230842e-06], [5.258526698526111e-07, 1.126696929532045e-06, 5.2902546485711355e-06, 8.324863301822916e-06, 4.484196779230842e-06, 1.2154601790825836e-05]]</COVARIANCE_MATRIX>
		<ROI_SIZE>2918</ROI_SIZE>
		<MAX_VALUE>[0.15230543911457062, 0.14071792364120483, 0.13001370429992676, 0.08935951441526413, 0.05086216330528259, 0.03142339736223221]</MAX_VALUE>
		<MIN_VALUE>[0.1329897791147232, 0.11398876458406448, 0.08065836131572723, 0.04088149592280388, 0.0026263913605362177, 0.0]</MIN_VALUE>
		<SIGNATURE_THRESHOLD_MD>0.0</SIGNATURE_THRESHOLD_MD>
		<SIGNATURE_THRESHOLD_ML>0.0</SIGNATURE_THRESHOLD_ML>
		<SIGNATURE_THRESHOLD_SAM>0.0</SIGNATURE_THRESHOLD_SAM>
	</signature>
	<signature ID="20210107_155645511674_160">
		<MACROCLASSID>1</MACROCLASSID>
		<MACROCLASSINFO>waterbody</MACROCLASSINFO>
		<CLASSID>5</CLASSID>
		<CLASSINFO>C 1</CLASSINFO>
		<VALUES>[0.13715832188184554, 0.0018566242414658814, 0.10976892717477738, 0.0023990303929506624, 0.06991700887581685, 0.0023218798987726694, 0.03750127019120921, 0.0020262375021364637, 0.008227158732106738, 0.0020816057818131553, 0.004997544211224842, 0.003007152350468011]</VALUES>
		<LCS_MIN>[0.131233811378479, 0.10253339260816574, 0.06303146481513977, 0.03206731006503105, 0.0, 0.0]</LCS_MIN>
		<LCS_MAX>[0.147037535905838, 0.11780721694231033, 0.07713298499584198, 0.04088149592280388, 0.016813382506370544, 0.0151243656873703]</LCS_MAX>
		<WAVELENGTH>[0.485, 0.56, 0.66, 0.83, 1.65, 2.215]</WAVELENGTH>
		<MEAN_VALUE>[0.13715832188184554, 0.10976892717477738, 0.06991700887581685, 0.03750127019120921, 0.008227158732106738, 0.004997544211224842]</MEAN_VALUE>
		<CHECKBOX>2</CHECKBOX>
		<SD>[0.0018566242414658814, 0.0023990303929506624, 0.0023218798987726694, 0.0020262375021364637, 0.0020816057818131553, 0.003007152350468011]</SD>
		<WAVELENGTH_UNIT>E-6m</WAVELENGTH_UNIT>
		<COLOR>#067792</COLOR>
		<COVARIANCE_MATRIX>[[3.542298372849473e-06, 4.4220152517482347e-07, 3.852296970308089e-07, 5.630132093870088e-08, 1.941385221471137e-07, 1.574084080857574e-07], [4.4220152517482347e-07, 5.798175152449403e-06, 9.593751428838004e-07, 1.7593585255326616e-07, 1.0205710054833617e-07, 7.502317345142728e-08], [3.852296970308089e-07, 9.593751428838004e-07, 5.280671302898554e-06, 1.148433455000486e-07, 1.4058828412544244e-07, -6.413201703026061e-08], [5.630132093870088e-08, 1.7593585255326616e-07, 1.148433455000486e-07, 3.7621473438775865e-06, 2.765251849723427e-08, 7.429564874428252e-08], [1.941385221471137e-07, 1.0205710054833617e-07, 1.4058828412544244e-07, 2.765251849723427e-08, 4.467656253837049e-06, 2.8011749009237974e-07], [1.574084080857574e-07, 7.502317345142728e-08, -6.413201703026061e-08, 7.429564874428252e-08, 2.8011749009237974e-07, 9.06801869859919e-06]]</COVARIANCE_MATRIX>
		<ROI_SIZE>10200</ROI_SIZE>
		<MAX_VALUE>[0.147037535905838, 0.11780721694231033, 0.07713298499584198, 0.04088149592280388, 0.016813382506370544, 0.0151243656873703]</MAX_VALUE>
		<MIN_VALUE>[0.131233811378479, 0.10253339260816574, 0.06303146481513977, 0.03206731006503105, 0.0, 0.0]</MIN_VALUE>
		<SIGNATURE_THRESHOLD_MD>0.0</SIGNATURE_THRESHOLD_MD>
		<SIGNATURE_THRESHOLD_ML>0.0</SIGNATURE_THRESHOLD_ML>
		<SIGNATURE_THRESHOLD_SAM>0.0</SIGNATURE_THRESHOLD_SAM>
	</signature>
	<signature ID="20210107_155700827860_391">
		<MACROCLASSID>1</MACROCLASSID>
		<MACROCLASSINFO>waterbody</MACROCLASSINFO>
		<CLASSID>6</CLASSID>
		<CLASSINFO>C 1</CLASSINFO>
		<VALUES>[0.14524338365645906, 0.005683117755054509, 0.11775894485164098, 0.010423905425329618, 0.07285178434898022, 0.009217747444008568, 0.03737320335412057, 0.0022094645478855117, 0.007866222065738936, 0.0020821034865747714, 0.004474986210795405, 0.002975872993494434]</VALUES>
		<LCS_MIN>[0.1347457617521286, 0.10253339260816574, 0.05950608104467392, 0.03206731006503105, 0.0, 0.0]</LCS_MIN>
		<LCS_MAX>[0.16635318100452423, 0.15217332541942596, 0.10886140912771225, 0.07613824307918549, 0.031000372022390366, 0.0151243656873703]</LCS_MAX>
		<WAVELENGTH>[0.485, 0.56, 0.66, 0.83, 1.65, 2.215]</WAVELENGTH>
		<MEAN_VALUE>[0.14524338365645906, 0.11775894485164098, 0.07285178434898022, 0.03737320335412057, 0.007866222065738936, 0.004474986210795405]</MEAN_VALUE>
		<CHECKBOX>2</CHECKBOX>
		<SD>[0.005683117755054509, 0.010423905425329618, 0.009217747444008568, 0.0022094645478855117, 0.0020821034865747714, 0.002975872993494434]</SD>
		<WAVELENGTH_UNIT>E-6m</WAVELENGTH_UNIT>
		<COLOR>#ad91cc</COLOR>
		<COVARIANCE_MATRIX>[[2.4861752535798587e-05, 3.9184425986604765e-05, 3.105233554379083e-05, -9.343459623778472e-07, -6.666402896371437e-08, -2.7058645102329137e-08], [3.9184425986604765e-05, 8.39605345390737e-05, 6.676743942080066e-05, 1.7038553323800443e-07, -2.182271430228866e-07, 5.7465314284854685e-08], [3.105233554379083e-05, 6.676743942080066e-05, 6.689900328638032e-05, 2.652914190548472e-06, 4.6439862444458413e-07, 2.5832952132986975e-07], [-9.343459623778472e-07, 1.7038553323800443e-07, 2.652914190548472e-06, 4.395468295115279e-06, 4.02747588168495e-07, 3.3043028224710724e-07], [-6.666402896371437e-08, -2.182271430228866e-07, 4.6439862444458413e-07, 4.02747588168495e-07, 4.3647496568155475e-06, 1.7241360694697505e-07], [-2.7058645102329137e-08, 5.7465314284854685e-08, 2.5832952132986975e-07, 3.3043028224710724e-07, 1.7241360694697505e-07, 9.009026143758092e-06]]</COVARIANCE_MATRIX>
		<ROI_SIZE>10065</ROI_SIZE>
		<MAX_VALUE>[0.16635318100452423, 0.15217332541942596, 0.10886140912771225, 0.07613824307918549, 0.031000372022390366, 0.0151243656873703]</MAX_VALUE>
		<MIN_VALUE>[0.1347457617521286, 0.10253339260816574, 0.05950608104467392, 0.03206731006503105, 0.0, 0.0]</MIN_VALUE>
		<SIGNATURE_THRESHOLD_MD>0.0</SIGNATURE_THRESHOLD_MD>
		<SIGNATURE_THRESHOLD_ML>0.0</SIGNATURE_THRESHOLD_ML>
		<SIGNATURE_THRESHOLD_SAM>0.0</SIGNATURE_THRESHOLD_SAM>
	</signature>
	<signature ID="20210107_155726842954_304">
		<MACROCLASSID>1</MACROCLASSID>
		<MACROCLASSINFO>waterbody</MACROCLASSINFO>
		<CLASSID>7</CLASSID>
		<CLASSINFO>C 1</CLASSINFO>
		<VALUES>[0.13451517010470432, 0.0023025351519795913, 0.12310648525421324, 0.0038705171614248387, 0.10821281043976584, 0.006974091503402194, 0.07246725430005184, 0.00969097175757652, 0.01579183692115587, 0.008825563764951437, 0.00925667790037848, 0.005868421306730485]</VALUES>
		<LCS_MIN>[0.1259659081697464, 0.10635185241699219, 0.08770913630723953, 0.05410277470946312, 0.0026263913605362177, 0.0]</LCS_MIN>
		<LCS_MAX>[0.1435256004333496, 0.13308103382587433, 0.1264883279800415, 0.10258080065250397, 0.04802475869655609, 0.035498157143592834]</LCS_MAX>
		<WAVELENGTH>[0.485, 0.56, 0.66, 0.83, 1.65, 2.215]</WAVELENGTH>
		<MEAN_VALUE>[0.13451517010470432, 0.12310648525421324, 0.10821281043976584, 0.07246725430005184, 0.01579183692115587, 0.00925667790037848]</MEAN_VALUE>
		<CHECKBOX>2</CHECKBOX>
		<SD>[0.0023025351519795913, 0.0038705171614248387, 0.006974091503402194, 0.00969097175757652, 0.008825563764951437, 0.005868421306730485]</SD>
		<WAVELENGTH_UNIT>E-6m</WAVELENGTH_UNIT>
		<COLOR>#75ce5f</COLOR>
		<COVARIANCE_MATRIX>[[6.2635031099489424e-06, 5.11609687237069e-06, 9.63808906817576e-06, 9.467587460676441e-07, -5.062224317953223e-06, -2.367857860008371e-06], [5.11609687237069e-06, 1.5081333003763575e-05, 1.967483331100084e-05, -8.095001248875633e-06, -1.8403301510261372e-05, -1.0014263352786656e-05], [9.63808906817576e-06, 1.967483331100084e-05, 5.224232518230565e-05, 8.920709660742432e-06, -2.6541561965132132e-05, -1.4516330338665284e-05], [9.467587460676441e-07, -8.095001248875633e-06, 8.920709660742432e-06, 9.124790813075379e-05, 5.1043516577919945e-05, 2.9796798116876744e-05], [-5.062224317953223e-06, -1.8403301510261372e-05, -2.6541561965132132e-05, 5.1043516577919945e-05, 6.57926284475252e-05, 3.4811775549314916e-05], [-2.367857860008371e-06, -1.0014263352786656e-05, -1.4516330338665284e-05, 2.9796798116876744e-05, 3.4811775549314916e-05, 3.0026470994926058e-05]]</COVARIANCE_MATRIX>
		<ROI_SIZE>4505</ROI_SIZE>
		<MAX_VALUE>[0.1435256004333496, 0.13308103382587433, 0.1264883279800415, 0.10258080065250397, 0.04802475869655609, 0.035498157143592834]</MAX_VALUE>
		<MIN_VALUE>[0.1259659081697464, 0.10635185241699219, 0.08770913630723953, 0.05410277470946312, 0.0026263913605362177, 0.0]</MIN_VALUE>
		<SIGNATURE_THRESHOLD_MD>0.0</SIGNATURE_THRESHOLD_MD>
		<SIGNATURE_THRESHOLD_ML>0.0</SIGNATURE_THRESHOLD_ML>
		<SIGNATURE_THRESHOLD_SAM>0.0</SIGNATURE_THRESHOLD_SAM>
	</signature>
	<signature ID="20210107_155731323813_259">
		<MACROCLASSID>1</MACROCLASSID>
		<MACROCLASSINFO>waterbody</MACROCLASSINFO>
		<CLASSID>8</CLASSID>
		<CLASSINFO>C 1</CLASSINFO>
		<VALUES>[0.12133103816953945, 0.0019896194936710005, 0.09407652911020675, 0.002509590421819345, 0.06838031566255143, 0.0029452841592881008, 0.056610259872665596, 0.00797361924447611, 0.018498921117286973, 0.009103781117952087, 0.010354655446648183, 0.006576297240595192]</VALUES>
		<LCS_MIN>[0.11367414146661758, 0.08725956827402115, 0.05950608104467392, 0.04088149592280388, 0.005463789217174053, 0.0]</LCS_MIN>
		<LCS_MAX>[0.1259659081697464, 0.10253339260816574, 0.08065836131572723, 0.08935951441526413, 0.0536995604634285, 0.04364767298102379]</LCS_MAX>
		<WAVELENGTH>[0.485, 0.56, 0.66, 0.83, 1.65, 2.215]</WAVELENGTH>
		<MEAN_VALUE>[0.12133103816953945, 0.09407652911020675, 0.06838031566255143, 0.056610259872665596, 0.018498921117286973, 0.010354655446648183]</MEAN_VALUE>
		<CHECKBOX>2</CHECKBOX>
		<SD>[0.0019896194936710005, 0.002509590421819345, 0.0029452841592881008, 0.00797361924447611, 0.009103781117952087, 0.006576297240595192]</SD>
		<WAVELENGTH_UNIT>E-6m</WAVELENGTH_UNIT>
		<COLOR>#6cfbfa</COLOR>
		<COVARIANCE_MATRIX>[[3.964800271205604e-06, 1.3619497849504114e-06, 1.3317189768713433e-06, 1.7875304365588818e-06, 2.3259156023414107e-06, 1.7725315046845935e-06], [1.3619497849504114e-06, 6.307931016635848e-06, 2.744335233728634e-06, 2.2705864921590546e-06, 2.846971028702683e-06, 2.213832431152696e-06], [1.3317189768713433e-06, 2.744335233728634e-06, 8.688316484040115e-06, 1.2152306226198561e-05, 1.3959565876575653e-05, 9.107867299462669e-06], [1.7875304365588818e-06, 2.2705864921590546e-06, 1.2152306226198561e-05, 6.367840978782624e-05, 5.815287659061141e-05, 3.681093585328199e-05], [2.3259156023414107e-06, 2.846971028702683e-06, 1.3959565876575653e-05, 5.815287659061141e-05, 8.300894114654511e-05, 4.8712976422393695e-05], [1.7725315046845935e-06, 2.213832431152696e-06, 9.107867299462669e-06, 3.681093585328199e-05, 4.8712976422393695e-05, 4.3315576476743445e-05]]</COVARIANCE_MATRIX>
		<ROI_SIZE>638</ROI_SIZE>
		<MAX_VALUE>[0.1259659081697464, 0.10253339260816574, 0.08065836131572723, 0.08935951441526413, 0.0536995604634285, 0.04364767298102379]</MAX_VALUE>
		<MIN_VALUE>[0.11367414146661758, 0.08725956827402115, 0.05950608104467392, 0.04088149592280388, 0.005463789217174053, 0.0]</MIN_VALUE>
		<SIGNATURE_THRESHOLD_MD>0.0</SIGNATURE_THRESHOLD_MD>
		<SIGNATURE_THRESHOLD_ML>0.0</SIGNATURE_THRESHOLD_ML>
		<SIGNATURE_THRESHOLD_SAM>0.0</SIGNATURE_THRESHOLD_SAM>
	</signature>
	<signature ID="20210107_155745406237_920">
		<MACROCLASSID>1</MACROCLASSID>
		<MACROCLASSINFO>waterbody</MACROCLASSINFO>
		<CLASSID>9</CLASSID>
		<CLASSINFO>C 1</CLASSINFO>
		<VALUES>[0.14284064245562186, 0.0029336280928058535, 0.12522746997733483, 0.005240202426583399, 0.09658509144123562, 0.006200723147556982, 0.09178185243661514, 0.01060786243010763, 0.03575955489848523, 0.011081855764414604, 0.020817466696116626, 0.008535972137685765]</VALUES>
		<LCS_MIN>[0.1329897791147232, 0.10635185241699219, 0.08418375253677368, 0.07613824307918549, 0.01965077966451645, 0.006974846590310335]</LCS_MIN>
		<LCS_MAX>[0.15054945647716522, 0.14071792364120483, 0.1194375604391098, 0.12461625784635544, 0.06221174821257591, 0.047722432762384415]</LCS_MAX>
		<WAVELENGTH>[0.485, 0.56, 0.66, 0.83, 1.65, 2.215]</WAVELENGTH>
		<MEAN_VALUE>[0.14284064245562186, 0.12522746997733483, 0.09658509144123562, 0.09178185243661514, 0.03575955489848523, 0.020817466696116626]</MEAN_VALUE>
		<CHECKBOX>2</CHECKBOX>
		<SD>[0.0029336280928058535, 0.005240202426583399, 0.006200723147556982, 0.01060786243010763, 0.011081855764414604, 0.008535972137685765]</SD>
		<WAVELENGTH_UNIT>E-6m</WAVELENGTH_UNIT>
		<COLOR>#b17d3c</COLOR>
		<COVARIANCE_MATRIX>[[8.636800885142293e-06, 1.0517182090552524e-05, 8.987196451926138e-06, -4.200920557195786e-06, -2.845752760549658e-06, 2.4668264586580335e-07], [1.0517182090552524e-05, 2.7557442081160843e-05, 2.185860648751259e-05, -6.959212441870477e-06, -4.748772425955394e-06, 2.5667100089776795e-06], [8.987196451926138e-06, 2.185860648751259e-05, 3.8585796573897824e-05, 1.5744146367069334e-05, 1.5773772247484885e-05, 2.085821506625507e-05], [-4.200920557195786e-06, -6.959212441870477e-06, 1.5744146367069334e-05, 0.00011292719864286482, 9.269563452107832e-05, 6.367938476614654e-05], [-2.845752760549658e-06, -4.748772425955394e-06, 1.5773772247484885e-05, 9.269563452107832e-05, 0.00012324456474743783, 7.501294749090448e-05], [2.4668264586580335e-07, 2.5667100089776795e-06, 2.085821506625507e-05, 6.367938476614654e-05, 7.501294749090448e-05, 7.312211528187618e-05]]</COVARIANCE_MATRIX>
		<ROI_SIZE>282</ROI_SIZE>
		<MAX_VALUE>[0.15054945647716522, 0.14071792364120483, 0.1194375604391098, 0.12461625784635544, 0.06221174821257591, 0.047722432762384415]</MAX_VALUE>
		<MIN_VALUE>[0.1329897791147232, 0.10635185241699219, 0.08418375253677368, 0.07613824307918549, 0.01965077966451645, 0.006974846590310335]</MIN_VALUE>
		<SIGNATURE_THRESHOLD_MD>0.0</SIGNATURE_THRESHOLD_MD>
		<SIGNATURE_THRESHOLD_ML>0.0</SIGNATURE_THRESHOLD_ML>
		<SIGNATURE_THRESHOLD_SAM>0.0</SIGNATURE_THRESHOLD_SAM>
	</signature>
	<signature ID="20210107_155749212090_630">
		<MACROCLASSID>1</MACROCLASSID>
		<MACROCLASSINFO>waterbody</MACROCLASSINFO>
		<CLASSID>10</CLASSID>
		<CLASSINFO>C 1</CLASSINFO>
		<VALUES>[0.14226204133222975, 0.002522870333318968, 0.12386824738569359, 0.003598031360493188, 0.09487180869099954, 0.004117419076567367, 0.09497914179449991, 0.010841171092320329, 0.037590943434566426, 0.011276757837838675, 0.021268841423705286, 0.00870835713280307]</VALUES>
		<LCS_MIN>[0.1347457617521286, 0.11017030477523804, 0.08418375253677368, 0.0805453285574913, 0.016813382506370544, 0.006974846590310335]</LCS_MIN>
		<LCS_MAX>[0.15054945647716522, 0.13308103382587433, 0.11591217666864395, 0.12461625784635544, 0.06788655370473862, 0.047722432762384415]</LCS_MAX>
		<WAVELENGTH>[0.485, 0.56, 0.66, 0.83, 1.65, 2.215]</WAVELENGTH>
		<MEAN_VALUE>[0.14226204133222975, 0.12386824738569359, 0.09487180869099954, 0.09497914179449991, 0.037590943434566426, 0.021268841423705286]</MEAN_VALUE>
		<CHECKBOX>2</CHECKBOX>
		<SD>[0.002522870333318968, 0.003598031360493188, 0.004117419076567367, 0.010841171092320329, 0.011276757837838675, 0.00870835713280307]</SD>
		<WAVELENGTH_UNIT>E-6m</WAVELENGTH_UNIT>
		<COLOR>#b327a9</COLOR>
		<COVARIANCE_MATRIX>[[6.3987304201873485e-06, 3.3480159800092224e-06, 3.4678976135182893e-06, -5.910329491598532e-06, -3.7395948311313987e-06, 9.164513130599516e-07], [3.3480159800092224e-06, 1.3014690921409056e-05, 3.900704541592859e-06, -8.641468411951791e-06, -4.600347438099561e-06, -6.108576258156972e-07], [3.4678976135182893e-06, 3.900704541592859e-06, 1.7043315892806277e-05, 1.2838387192459777e-05, 1.5007772162789479e-05, 1.7876323909149505e-05], [-5.910329491598532e-06, -8.641468411951791e-06, 1.2838387192459777e-05, 0.00011815615289378911, 9.86550803645514e-05, 5.889669409953058e-05], [-3.7395948311313987e-06, -4.600347438099561e-06, 1.5007772162789479e-05, 9.86550803645514e-05, 0.00012784167483914644, 7.287665357580408e-05], [9.164513130599516e-07, -6.108576258156972e-07, 1.7876323909149505e-05, 5.889669409953058e-05, 7.287665357580408e-05, 7.623886631336063e-05]]</COVARIANCE_MATRIX>
		<ROI_SIZE>189</ROI_SIZE>
		<MAX_VALUE>[0.15054945647716522, 0.13308103382587433, 0.11591217666864395, 0.12461625784635544, 0.06788655370473862, 0.047722432762384415]</MAX_VALUE>
		<MIN_VALUE>[0.1347457617521286, 0.11017030477523804, 0.08418375253677368, 0.0805453285574913, 0.016813382506370544, 0.006974846590310335]</MIN_VALUE>
		<SIGNATURE_THRESHOLD_MD>0.0</SIGNATURE_THRESHOLD_MD>
		<SIGNATURE_THRESHOLD_ML>0.0</SIGNATURE_THRESHOLD_ML>
		<SIGNATURE_THRESHOLD_SAM>0.0</SIGNATURE_THRESHOLD_SAM>
	</signature>
	<signature ID="20210107_155754009965_876">
		<MACROCLASSID>1</MACROCLASSID>
		<MACROCLASSINFO>waterbody</MACROCLASSINFO>
		<CLASSID>11</CLASSID>
		<CLASSINFO>C 1</CLASSINFO>
		<VALUES>[0.14061045588231552, 0.002173115453663427, 0.1221747228425313, 0.003715186824152643, 0.09236355354778134, 0.0036644293528503174, 0.091980726354652, 0.00931059613733349, 0.033188692835810926, 0.010038254691964522, 0.018586577616291105, 0.007258881840653863]</VALUES>
		<LCS_MIN>[0.1347457617521286, 0.11017030477523804, 0.08065836131572723, 0.07613824307918549, 0.01965077966451645, 0.006974846590310335]</LCS_MIN>
		<LCS_MAX>[0.147037535905838, 0.12926258146762848, 0.10181067138910294, 0.12020916491746902, 0.06221174821257591, 0.047722432762384415]</LCS_MAX>
		<WAVELENGTH>[0.485, 0.56, 0.66, 0.83, 1.65, 2.215]</WAVELENGTH>
		<MEAN_VALUE>[0.14061045588231552, 0.1221747228425313, 0.09236355354778134, 0.091980726354652, 0.033188692835810926, 0.018586577616291105]</MEAN_VALUE>
		<CHECKBOX>2</CHECKBOX>
		<SD>[0.002173115453663427, 0.003715186824152643, 0.0036644293528503174, 0.00931059613733349, 0.010038254691964522, 0.007258881840653863]</SD>
		<WAVELENGTH_UNIT>E-6m</WAVELENGTH_UNIT>
		<COLOR>#3d3a7b</COLOR>
		<COVARIANCE_MATRIX>[[4.753499524667859e-06, 3.199159891664749e-06, 3.8065167018430657e-07, -3.0511059776472393e-06, -2.5601832476240816e-06, -2.1269215721986257e-06], [3.199159891664749e-06, 1.3893420145905111e-05, 2.6163431243730884e-07, -1.0748504791990854e-05, -1.0190622560912743e-05, -7.134004590625409e-06], [3.8065167018430657e-07, 2.6163431243730884e-07, 1.3516384569811635e-05, 1.3682132703252137e-05, 1.3636164112540428e-05, 8.067701855907217e-06], [-3.0511059776472393e-06, -1.0748504791990854e-05, 1.3682132703252137e-05, 8.725751104066148e-05, 7.32854095986113e-05, 4.2493895307416096e-05], [-2.5601832476240816e-06, -1.0190622560912743e-05, 1.3636164112540428e-05, 7.32854095986113e-05, 0.00010142949759028852, 5.6495580793125555e-05], [-2.1269215721986257e-06, -7.134004590625409e-06, 8.067701855907217e-06, 4.2493895307416096e-05, 5.6495580793125555e-05, 5.303802026901394e-05]]</COVARIANCE_MATRIX>
		<ROI_SIZE>153</ROI_SIZE>
		<MAX_VALUE>[0.147037535905838, 0.12926258146762848, 0.10181067138910294, 0.12020916491746902, 0.06221174821257591, 0.047722432762384415]</MAX_VALUE>
		<MIN_VALUE>[0.1347457617521286, 0.11017030477523804, 0.08065836131572723, 0.07613824307918549, 0.01965077966451645, 0.006974846590310335]</MIN_VALUE>
		<SIGNATURE_THRESHOLD_MD>0.0</SIGNATURE_THRESHOLD_MD>
		<SIGNATURE_THRESHOLD_ML>0.0</SIGNATURE_THRESHOLD_ML>
		<SIGNATURE_THRESHOLD_SAM>0.0</SIGNATURE_THRESHOLD_SAM>
	</signature>
	<signature ID="20210107_155758962906_831">
		<MACROCLASSID>1</MACROCLASSID>
		<MACROCLASSINFO>waterbody</MACROCLASSINFO>
		<CLASSID>12</CLASSID>
		<CLASSINFO>C 1</CLASSINFO>
		<VALUES>[0.13837691918475387, 0.003761210473268898, 0.11845540618638932, 0.007021883217636274, 0.08909099284605473, 0.006046860278085254, 0.09818730360747853, 0.014959207819636838, 0.03894333623027727, 0.013934242661210528, 0.021252703970085447, 0.009571980126729163]</VALUES>
		<LCS_MIN>[0.12069801241159439, 0.091078020632267, 0.07008222490549088, 0.07613824307918549, 0.016813382506370544, 0.0]</LCS_MIN>
		<LCS_MAX>[0.147037535905838, 0.12926258146762848, 0.10533604025840759, 0.13343045115470886, 0.07639875262975693, 0.05587194859981537]</LCS_MAX>
		<WAVELENGTH>[0.485, 0.56, 0.66, 0.83, 1.65, 2.215]</WAVELENGTH>
		<MEAN_VALUE>[0.13837691918475387, 0.11845540618638932, 0.08909099284605473, 0.09818730360747853, 0.03894333623027727, 0.021252703970085447]</MEAN_VALUE>
		<CHECKBOX>2</CHECKBOX>
		<SD>[0.003761210473268898, 0.007021883217636274, 0.006046860278085254, 0.014959207819636838, 0.013934242661210528, 0.009571980126729163]</SD>
		<WAVELENGTH_UNIT>E-6m</WAVELENGTH_UNIT>
		<COLOR>#8d3433</COLOR>
		<COVARIANCE_MATRIX>[[1.4190502042765729e-05, 2.1885258320253342e-05, 1.6182901163119823e-05, -2.597305501694791e-05, -1.2796652299584821e-05, -2.1570899662037846e-06], [2.1885258320253342e-05, 4.945949694956653e-05, 3.1317435059463605e-05, -4.50231964350678e-05, -1.9219141904613934e-05, -1.0323218475605245e-06], [1.6182901163119823e-05, 3.1317435059463605e-05, 3.6677720345323905e-05, -1.1899839591933414e-05, 8.314453225466423e-06, 1.6156638594111428e-05], [-2.597305501694791e-05, -4.50231964350678e-05, -1.1899839591933414e-05, 0.00022447071387432516, 0.00016880159091670066, 9.258812497137114e-05], [-1.2796652299584821e-05, -1.9219141904613934e-05, 8.314453225466423e-06, 0.00016880159091670066, 0.0001947642449522391, 0.00010857689630938694], [-2.1570899662037846e-06, -1.0323218475605245e-06, 1.6156638594111428e-05, 9.258812497137114e-05, 0.00010857689630938694, 9.190646233037114e-05]]</COVARIANCE_MATRIX>
		<ROI_SIZE>324</ROI_SIZE>
		<MAX_VALUE>[0.147037535905838, 0.12926258146762848, 0.10533604025840759, 0.13343045115470886, 0.07639875262975693, 0.05587194859981537]</MAX_VALUE>
		<MIN_VALUE>[0.12069801241159439, 0.091078020632267, 0.07008222490549088, 0.07613824307918549, 0.016813382506370544, 0.0]</MIN_VALUE>
		<SIGNATURE_THRESHOLD_MD>0.0</SIGNATURE_THRESHOLD_MD>
		<SIGNATURE_THRESHOLD_ML>0.0</SIGNATURE_THRESHOLD_ML>
		<SIGNATURE_THRESHOLD_SAM>0.0</SIGNATURE_THRESHOLD_SAM>
	</signature>
	<signature ID="20210107_155807485908_939">
		<MACROCLASSID>1</MACROCLASSID>
		<MACROCLASSINFO>waterbody</MACROCLASSINFO>
		<CLASSID>13</CLASSID>
		<CLASSINFO>C 1</CLASSINFO>
		<VALUES>[0.1309122979431085, 0.0036011961571061216, 0.10688966113916584, 0.006223285432440612, 0.07877154385959598, 0.0057922186036881125, 0.10034621276066336, 0.013736238629475341, 0.04207022220525943, 0.01055395790445677, 0.02103563362050434, 0.007133121116918909]</VALUES>
		<LCS_MIN>[0.12069801241159439, 0.09489648044109344, 0.06303146481513977, 0.07613824307918549, 0.022488176822662354, 0.006974846590310335]</LCS_MIN>
		<LCS_MAX>[0.1382576823234558, 0.11780721694231033, 0.08770913630723953, 0.12902335822582245, 0.06504914909601212, 0.03957291319966316]</LCS_MAX>
		<WAVELENGTH>[0.485, 0.56, 0.66, 0.83, 1.65, 2.215]</WAVELENGTH>
		<MEAN_VALUE>[0.1309122979431085, 0.10688966113916584, 0.07877154385959598, 0.10034621276066336, 0.04207022220525943, 0.02103563362050434]</MEAN_VALUE>
		<CHECKBOX>2</CHECKBOX>
		<SD>[0.0036011961571061216, 0.006223285432440612, 0.0057922186036881125, 0.013736238629475341, 0.01055395790445677, 0.007133121116918909]</SD>
		<WAVELENGTH_UNIT>E-6m</WAVELENGTH_UNIT>
		<COLOR>#09d918</COLOR>
		<COVARIANCE_MATRIX>[[1.3153879990568385e-05, 1.7417038179701194e-05, 1.6364228940801695e-05, -1.709056959953159e-05, -3.365355951245874e-06, 3.460963853285648e-06], [1.7417038179701194e-05, 3.928255682694726e-05, 3.064457996515557e-05, -3.652451414382085e-05, -8.979320227808785e-06, 5.221907031227602e-06], [1.6364228940801695e-05, 3.064457996515557e-05, 3.402907896088436e-05, -2.3364424123428762e-05, -1.0667303484979129e-07, 1.0491998182260431e-05], [-1.709056959953159e-05, -3.652451414382085e-05, -2.3364424123428762e-05, 0.0001913797459565103, 0.00011601674486882985, 5.700980909750797e-05], [-3.365355951245874e-06, -8.979320227808785e-06, -1.0667303484979129e-07, 0.00011601674486882985, 0.0001129772572312504, 5.849481385666877e-05], [3.460963853285648e-06, 5.221907031227602e-06, 1.0491998182260431e-05, 5.700980909750797e-05, 5.849481385666877e-05, 5.16082945978269e-05]]</COVARIANCE_MATRIX>
		<ROI_SIZE>71</ROI_SIZE>
		<MAX_VALUE>[0.1382576823234558, 0.11780721694231033, 0.08770913630723953, 0.12902335822582245, 0.06504914909601212, 0.03957291319966316]</MAX_VALUE>
		<MIN_VALUE>[0.12069801241159439, 0.09489648044109344, 0.06303146481513977, 0.07613824307918549, 0.022488176822662354, 0.006974846590310335]</MIN_VALUE>
		<SIGNATURE_THRESHOLD_MD>0.0</SIGNATURE_THRESHOLD_MD>
		<SIGNATURE_THRESHOLD_ML>0.0</SIGNATURE_THRESHOLD_ML>
		<SIGNATURE_THRESHOLD_SAM>0.0</SIGNATURE_THRESHOLD_SAM>
	</signature>
	<signature ID="20210107_155812586656_381">
		<MACROCLASSID>1</MACROCLASSID>
		<MACROCLASSINFO>waterbody</MACROCLASSINFO>
		<CLASSID>14</CLASSID>
		<CLASSINFO>C 1</CLASSINFO>
		<VALUES>[0.13488968180828412, 0.002549502598608264, 0.11636746894629277, 0.004646578933833267, 0.09117671615276178, 0.0032855770975436667, 0.10012438221544516, 0.013460533642591697, 0.043931465595960624, 0.012653030246382225, 0.02440946941554057, 0.008734121971285131]</VALUES>
		<LCS_MIN>[0.1277218759059906, 0.10635185241699219, 0.08418375253677368, 0.0805453285574913, 0.01965077966451645, 0.011049606837332249]</LCS_MIN>
		<LCS_MAX>[0.1400136500597, 0.12544411420822144, 0.10181067138910294, 0.12902335822582245, 0.07072394341230392, 0.05179718881845474]</LCS_MAX>
		<WAVELENGTH>[0.485, 0.56, 0.66, 0.83, 1.65, 2.215]</WAVELENGTH>
		<MEAN_VALUE>[0.13488968180828412, 0.11636746894629277, 0.09117671615276178, 0.10012438221544516, 0.043931465595960624, 0.02440946941554057]</MEAN_VALUE>
		<CHECKBOX>2</CHECKBOX>
		<SD>[0.002549502598608264, 0.004646578933833267, 0.0032855770975436667, 0.013460533642591697, 0.012653030246382225, 0.008734121971285131]</SD>
		<WAVELENGTH_UNIT>E-6m</WAVELENGTH_UNIT>
		<COLOR>#ff3e06</COLOR>
		<COVARIANCE_MATRIX>[[6.608296189369867e-06, 7.0275050347845536e-06, 3.3100295695476234e-06, -1.1506561349960975e-05, -6.95763401381555e-06, 7.233801113670779e-08], [7.0275050347845536e-06, 2.19505400309572e-05, 7.094868124113418e-06, -2.6033247195300646e-05, -9.964162018150091e-06, 1.402881594003702e-06], [3.3100295695476234e-06, 7.094868124113418e-06, 1.0974933502438944e-05, -9.72528778220294e-06, 7.597741387144197e-07, 1.7426424392397166e-06], [-1.1506561349960975e-05, -2.6033247195300646e-05, -9.72528778220294e-06, 0.00018420573906041682, 0.00014546085731126368, 7.34701388864778e-05], [-6.95763401381555e-06, -9.964162018150091e-06, 7.597741387144197e-07, 0.00014546085731126368, 0.00016276749374810606, 9.182398207485676e-05], [7.233801113670779e-08, 1.402881594003702e-06, 1.7426424392397166e-06, 7.34701388864778e-05, 9.182398207485676e-05, 7.755630213068798e-05]]</COVARIANCE_MATRIX>
		<ROI_SIZE>61</ROI_SIZE>
		<MAX_VALUE>[0.1400136500597, 0.12544411420822144, 0.10181067138910294, 0.12902335822582245, 0.07072394341230392, 0.05179718881845474]</MAX_VALUE>
		<MIN_VALUE>[0.1277218759059906, 0.10635185241699219, 0.08418375253677368, 0.0805453285574913, 0.01965077966451645, 0.011049606837332249]</MIN_VALUE>
		<SIGNATURE_THRESHOLD_MD>0.0</SIGNATURE_THRESHOLD_MD>
		<SIGNATURE_THRESHOLD_ML>0.0</SIGNATURE_THRESHOLD_ML>
		<SIGNATURE_THRESHOLD_SAM>0.0</SIGNATURE_THRESHOLD_SAM>
	</signature>
	<signature ID="20210107_155818508646_415">
		<MACROCLASSID>1</MACROCLASSID>
		<MACROCLASSINFO>waterbody</MACROCLASSINFO>
		<CLASSID>15</CLASSID>
		<CLASSINFO>C 1</CLASSINFO>
		<VALUES>[0.133953424125183, 0.0026468048650425545, 0.11738811387884908, 0.005963602700578489, 0.0938570520318136, 0.0058477670520880685, 0.10069971922330738, 0.015126818000409012, 0.04740191846177345, 0.014180238000841542, 0.027795868721313597, 0.009817568998372134]</VALUES>
		<LCS_MIN>[0.1242099404335022, 0.10253339260816574, 0.07713298499584198, 0.07173115015029907, 0.022488176822662354, 0.011049606837332249]</LCS_MIN>
		<LCS_MAX>[0.1400136500597, 0.12926258146762848, 0.1123868077993393, 0.12902335822582245, 0.07639875262975693, 0.05587194859981537]</LCS_MAX>
		<WAVELENGTH>[0.485, 0.56, 0.66, 0.83, 1.65, 2.215]</WAVELENGTH>
		<MEAN_VALUE>[0.133953424125183, 0.11738811387884908, 0.0938570520318136, 0.10069971922330738, 0.04740191846177345, 0.027795868721313597]</MEAN_VALUE>
		<CHECKBOX>2</CHECKBOX>
		<SD>[0.0026468048650425545, 0.005963602700578489, 0.0058477670520880685, 0.015126818000409012, 0.014180238000841542, 0.009817568998372134]</SD>
		<WAVELENGTH_UNIT>E-6m</WAVELENGTH_UNIT>
		<COLOR>#f6619f</COLOR>
		<COVARIANCE_MATRIX>[[7.092064606695203e-06, 7.941715011838824e-06, 7.911893590062391e-06, -1.1636035196715966e-05, -3.821181962848641e-06, -1.2313122397245024e-06], [7.941715011838824e-06, 3.6003624700242653e-05, 2.4878045223886147e-05, -2.6352136046625674e-05, -1.3049222502559132e-07, 3.839450073428452e-06], [7.911893590062391e-06, 2.4878045223886147e-05, 3.461855521891266e-05, -1.5274438283086056e-06, 1.326194433204364e-05, 1.61926363944076e-05], [-1.1636035196715966e-05, -2.6352136046625674e-05, -1.5274438283086056e-06, 0.0002316455647815019, 0.00017773889703676105, 9.152766142506152e-05], [-3.821181962848641e-06, -1.3049222502559132e-07, 1.326194433204364e-05, 0.00017773889703676105, 0.00020356160530354828, 0.00011047509906347841], [-1.2313122397245024e-06, 3.839450073428452e-06, 1.61926363944076e-05, 9.152766142506152e-05, 0.00011047509906347841, 9.757459338288754e-05]]</COVARIANCE_MATRIX>
		<ROI_SIZE>82</ROI_SIZE>
		<MAX_VALUE>[0.1400136500597, 0.12926258146762848, 0.1123868077993393, 0.12902335822582245, 0.07639875262975693, 0.05587194859981537]</MAX_VALUE>
		<MIN_VALUE>[0.1242099404335022, 0.10253339260816574, 0.07713298499584198, 0.07173115015029907, 0.022488176822662354, 0.011049606837332249]</MIN_VALUE>
		<SIGNATURE_THRESHOLD_MD>0.0</SIGNATURE_THRESHOLD_MD>
		<SIGNATURE_THRESHOLD_ML>0.0</SIGNATURE_THRESHOLD_ML>
		<SIGNATURE_THRESHOLD_SAM>0.0</SIGNATURE_THRESHOLD_SAM>
	</signature>
	<signature ID="20210107_164515207334_549">
		<MACROCLASSID>1</MACROCLASSID>
		<MACROCLASSINFO>waterbody</MACROCLASSINFO>
		<CLASSID>16</CLASSID>
		<CLASSINFO>C 1</CLASSINFO>
		<VALUES>[0.1382203247952968, 0.0033687141821479396, 0.11922897612477872, 0.007430688946708057, 0.09048443018121922, 0.006741557536029681, 0.09456363423390587, 0.012710746042088708, 0.036343133552594394, 0.012297487679137045, 0.020889714181898767, 0.009917335342258082]</VALUES>
