<?xml version="1.0" ?>
<signaturelist MCID_LIST="[['1', 'waterbody', '#0000ff'], ['2', 'vegetation', '#00ff00'], ['3', 'barren', '#ffaa00'], ['4', 'builtup', '#ff0000']]">
	<signature ID="20190912_234716358882_145">
		<MACROCLASSID>1</MACROCLASSID>
		<MACROCLASSINFO>waterbody</MACROCLASSINFO>
		<CLASSID>66</CLASSID>
		<CLASSINFO>C 1</CLASSINFO>
		<VALUES>[392.1933445661325, 42.75259321932784, 634.2485256950289, 93.57370617709283, 508.96840775063356, 105.09503888892874, 325.0168491996628, 91.05191758488903, 139.27590564448198, 101.66716386328761, 100.01179443976402, 84.84242460807238]</VALUES>
		<LCS_MIN>[269.0, 467.5, 344.0, 222.0, -37.0, -81.5]</LCS_MIN>
		<LCS_MAX>[618.0, 1006.5, 979.0, 753.5, 565.0, 486.0]</LCS_MAX>
		<WAVELENGTH>[0.485, 0.56, 0.66, 0.83, 1.65, 2.215]</WAVELENGTH>
		<MEAN_VALUE>[392.1933445661325, 634.2485256950289, 508.96840775063356, 325.0168491996628, 139.27590564448198, 100.01179443976402]</MEAN_VALUE>
		<CHECKBOX>2</CHECKBOX>
		<SD>[42.75259321932784, 93.57370617709283, 105.09503888892874, 91.05191758488903, 101.66716386328761, 84.84242460807238]</SD>
		<WAVELENGTH_UNIT>E-6m</WAVELENGTH_UNIT>
		<COLOR>#5acebd</COLOR>
		<COVARIANCE_MATRIX>[[1905.0404385171523, 3408.8770052739724, 3679.5161743843773, 889.6477791936746, 454.821460393639, 425.94367401482197], [3408.8770052739724, 10600.871297438889, 10827.46626112755, 1994.69858442184, 602.5607450520536, 615.2840716180018], [3679.5161743843773, 10827.46626112755, 13669.908288066503, 4833.08762773018, 3144.646947147211, 2553.4485833628396], [889.6477791936746, 1994.69858442184, 4833.08762773018, 9435.258101214826, 8148.211947741714, 5866.572553867385], [454.821460393639, 602.5607450520536, 3144.646947147211, 8148.211947741714, 11147.180595383763, 7531.47901866209], [425.94367401482197, 615.2840716180018, 2553.4485833628396, 5866.572553867385, 7531.47901866209, 7427.808089368624]]</COVARIANCE_MATRIX>
		<ROI_SIZE>2615</ROI_SIZE>
		<MAX_VALUE>[618.0, 1006.5, 979.0, 753.5, 565.0, 486.0]</MAX_VALUE>
		<MIN_VALUE>[269.0, 467.5, 344.0, 222.0, -37.0, -81.5]</MIN_VALUE>
		<SIGNATURE_THRESHOLD_MD>0</SIGNATURE_THRESHOLD_MD>
		<SIGNATURE_THRESHOLD_ML>0</SIGNATURE_THRESHOLD_ML>
		<SIGNATURE_THRESHOLD_SAM>0</SIGNATURE_THRESHOLD_SAM>
	</signature>
	<signature ID="20190912_234725193239_722">
		<MACROCLASSID>1</MACROCLASSID>
		<MACROCLASSINFO>waterbody</MACROCLASSINFO>
		<CLASSID>67</CLASSID>
		<CLASSINFO>C 1</CLASSINFO>
		<VALUES>[318.178756476684, 33.772203691048595, 531.6381692573403, 59.837675449597974, 428.22020725388603, 66.63493424723406, 352.51208981001736, 102.87612581723188, 143.27547495682194, 88.98206055974629, 96.52849740932652, 70.28494041672784]</VALUES>
		<LCS_MIN>[228.0, 377.5, 267.0, 223.0, 24.0, -81.5]</LCS_MIN>
		<LCS_MAX>[408.0, 719.0, 663.5, 799.5, 596.0, 416.5]</LCS_MAX>
		<WAVELENGTH>[0.485, 0.56, 0.66, 0.83, 1.65, 2.215]</WAVELENGTH>
		<MEAN_VALUE>[318.178756476684, 531.6381692573403, 428.22020725388603, 352.51208981001736, 143.27547495682194, 96.52849740932652]</MEAN_VALUE>
		<CHECKBOX>2</CHECKBOX>
		<SD>[33.772203691048595, 59.837675449597974, 66.63493424723406, 102.87612581723188, 88.98206055974629, 70.28494041672784]</SD>
		<WAVELENGTH_UNIT>E-6m</WAVELENGTH_UNIT>
		<COLOR>#af0290</COLOR>
		<COVARIANCE_MATRIX>[[1142.5350323610087, 989.5911755741614, 1072.4618660021151, 755.8728351291752, 619.4714331175933, 543.4879766749735], [989.5911755741614, 3586.742121902101, 3309.1520474389085, 1023.4373405107243, 424.323463673796, 371.70756091220363], [1072.4618660021151, 3309.1520474389085, 4447.89649407462, 2575.4294265557496, 1673.411984330459, 1114.2969144988076], [755.8728351291752, 1023.4373405107243, 2575.4294265557496, 10601.80781206112, 7164.944328157961, 4721.893253491583], [619.4714331175933, 424.323463673796, 1673.411984330459, 7164.944328157961, 7931.505729661571, 4878.9021706976], [543.4879766749735, 371.70756091220363, 1114.2969144988076, 4721.893253491583, 4878.9021706976, 4948.519515212362]]</COVARIANCE_MATRIX>
		<ROI_SIZE>579</ROI_SIZE>
		<MAX_VALUE>[408.0, 719.0, 663.5, 799.5, 596.0, 416.5]</MAX_VALUE>
		<MIN_VALUE>[228.0, 377.5, 267.0, 223.0, 24.0, -81.5]</MIN_VALUE>
		<SIGNATURE_THRESHOLD_MD>0</SIGNATURE_THRESHOLD_MD>
		<SIGNATURE_THRESHOLD_ML>0</SIGNATURE_THRESHOLD_ML>
		<SIGNATURE_THRESHOLD_SAM>0</SIGNATURE_THRESHOLD_SAM>
	</signature>
	<signature ID="20190912_234735871540_773">
		<MACROCLASSID>1</MACROCLASSID>
		<MACROCLASSINFO>waterbody</MACROCLASSINFO>
		<CLASSID>68</CLASSID>
		<CLASSINFO>C 1</CLASSINFO>
		<VALUES>[351.4840000000001, 53.038078245728364, 558.0909999999999, 104.16080221945303, 418.13699999999966, 81.21386723337338, 296.63199999999995, 110.91432989474356, 138.41699999999986, 111.10757449877121, 90.87699999999982, 82.16622098526862]</VALUES>
		<LCS_MIN>[159.0, 159.0, 178.0, 127.0, -38.0, -60.0]</LCS_MIN>
		<LCS_MAX>[526.0, 858.0, 824.0, 733.0, 600.0, 444.0]</LCS_MAX>
		<WAVELENGTH>[0.485, 0.56, 0.66, 0.83, 1.65, 2.215]</WAVELENGTH>
		<MEAN_VALUE>[351.4840000000001, 558.0909999999999, 418.13699999999966, 296.63199999999995, 138.41699999999986, 90.87699999999982]</MEAN_VALUE>
		<CHECKBOX>2</CHECKBOX>
		<SD>[53.038078245728364, 104.16080221945303, 81.21386723337338, 110.91432989474356, 111.10757449877121, 82.16622098526862]</SD>
		<WAVELENGTH_UNIT>E-6m</WAVELENGTH_UNIT>
		<COLOR>#fc24f9</COLOR>
		<COVARIANCE_MATRIX>[[2815.8535975975974, 4724.687643643645, 3347.9866786786783, -1865.9438318318316, -1102.2120400400397, -33.17864664664635], [4724.687643643645, 10860.333052052056, 7085.147680680681, -4467.226738738742, -2665.412359359359, -573.8516586586593], [3347.9866786786783, 7085.147680680681, 6602.294525525525, -129.0196036036013, 1147.5754464464455, 1763.1590100100102], [-1865.9438318318316, -4467.226738738742, -129.0196036036013, 12314.302878878874, 10194.369825825825, 6252.339075075072], [-1102.2120400400397, -2665.412359359359, 1147.5754464464455, 10194.369825825825, 12357.250361361359, 7614.755046046045], [-33.17864664664635, -573.8516586586593, 1763.1590100100102, 6252.339075075072, 7614.755046046045, 6758.045916916921]]</COVARIANCE_MATRIX>
		<ROI_SIZE>1000</ROI_SIZE>
		<MAX_VALUE>[526.0, 858.0, 824.0, 733.0, 600.0, 444.0]</MAX_VALUE>
		<MIN_VALUE>[159.0, 159.0, 178.0, 127.0, -38.0, -60.0]</MIN_VALUE>
		<SIGNATURE_THRESHOLD_MD>0</SIGNATURE_THRESHOLD_MD>
		<SIGNATURE_THRESHOLD_ML>0</SIGNATURE_THRESHOLD_ML>
		<SIGNATURE_THRESHOLD_SAM>0</SIGNATURE_THRESHOLD_SAM>
	</signature>
	<signature ID="20190912_234742381889_365">
		<MACROCLASSID>1</MACROCLASSID>
		<MACROCLASSINFO>waterbody</MACROCLASSINFO>
		<CLASSID>69</CLASSID>
		<CLASSINFO>C 1</CLASSINFO>
		<VALUES>[803.5482673267322, 33.076683285901886, 1575.1045792079208, 70.89582951342878, 1722.6367574257436, 91.3675317159321, 696.4226485148521, 83.92078541498829, 104.65037128712866, 85.297518984503, 68.36324257425751, 75.95812004240764]</VALUES>
		<LCS_MIN>[640.0, 1218.0, 1315.0, 550.0, -38.0, -106.0]</LCS_MIN>
		<LCS_MAX>[908.0, 1762.0, 1957.0, 1159.0, 571.0, 539.0]</LCS_MAX>
		<WAVELENGTH>[0.485, 0.56, 0.66, 0.83, 1.65, 2.215]</WAVELENGTH>
		<MEAN_VALUE>[803.5482673267322, 1575.1045792079208, 1722.6367574257436, 696.4226485148521, 104.65037128712866, 68.36324257425751]</MEAN_VALUE>
		<CHECKBOX>2</CHECKBOX>
		<SD>[33.076683285901886, 70.89582951342878, 91.3675317159321, 83.92078541498829, 85.297518984503, 75.95812004240764]</SD>
		<WAVELENGTH_UNIT>E-6m</WAVELENGTH_UNIT>
		<COLOR>#015679</COLOR>
		<COVARIANCE_MATRIX>[[1094.7444180486154, 1354.0169305398035, 1380.882868681605, -1223.7117440149582, -807.5450334120101, -521.629617907611], [1354.0169305398035, 5029.330852082887, 5066.561850151735, -3039.693144024157, -2250.687252475246, -1560.2250080464705], [1380.882868681605, 5066.561850151735, 8353.194908116973, -2120.550405772002, -1888.471970312355, -1190.1967657021112], [-1223.7117440149582, -3039.693144024157, -2120.550405772002, 7047.059028522817, 5025.007923474237, 3928.3751735738592], [-807.5450334120101, -2250.687252475246, -1888.471970312355, 5025.007923474237, 7280.17180171965, 5205.618719538363], [-521.629617907611, -1560.2250080464705, -1190.1967657021112, 3928.3751735738592, 5205.618719538363, 5773.208530407995]]</COVARIANCE_MATRIX>
		<ROI_SIZE>1616</ROI_SIZE>
		<MAX_VALUE>[908.0, 1762.0, 1957.0, 1159.0, 571.0, 539.0]</MAX_VALUE>
		<MIN_VALUE>[640.0, 1218.0, 1315.0, 550.0, -38.0, -106.0]</MIN_VALUE>
		<SIGNATURE_THRESHOLD_MD>0</SIGNATURE_THRESHOLD_MD>
		<SIGNATURE_THRESHOLD_ML>0</SIGNATURE_THRESHOLD_ML>
		<SIGNATURE_THRESHOLD_SAM>0</SIGNATURE_THRESHOLD_SAM>
	</signature>
	<signature ID="20190912_234751675371_654">
		<MACROCLASSID>1</MACROCLASSID>
		<MACROCLASSINFO>waterbody</MACROCLASSINFO>
		<CLASSID>70</CLASSID>
		<CLASSINFO>C 1</CLASSINFO>
		<VALUES>[412.6991631799156, 31.380581224075918, 681.2577405857749, 45.40587409605075, 639.5175732217574, 66.15666951492794, 305.4661087866107, 68.32002822923442, 71.67405857740599, 67.07508779238678, 48.178661087866125, 61.44726184432855]</VALUES>
		<LCS_MIN>[271.0, 331.0, 311.0, 179.0, -70.0, -106.0]</LCS_MIN>
		<LCS_MAX>[573.0, 934.0, 1081.0, 741.0, 540.0, 354.0]</LCS_MAX>
		<WAVELENGTH>[0.485, 0.56, 0.66, 0.83, 1.65, 2.215]</WAVELENGTH>
		<MEAN_VALUE>[412.6991631799156, 681.2577405857749, 639.5175732217574, 305.4661087866107, 71.67405857740599, 48.178661087866125]</MEAN_VALUE>
		<CHECKBOX>2</CHECKBOX>
		<SD>[31.380581224075918, 45.40587409605075, 66.15666951492794, 68.32002822923442, 67.07508779238678, 61.44726184432855]</SD>
		<WAVELENGTH_UNIT>E-6m</WAVELENGTH_UNIT>
		<COLOR>#53c8e4</COLOR>
		<COVARIANCE_MATRIX>[[1053.7880443664785, 782.8034434505664, 1510.0691999587027, 875.2418935427179, 417.31390766373073, 324.2766388885707], [782.8034434505664, 2108.5630167557206, 2737.9184139720146, 1336.217738157601, 569.7506408332415, 467.3862475388675], [1510.0691999587027, 2737.9184139720146, 6028.803246195992, 3547.771183095124, 1844.355830119957, 1455.8293616098033], [875.2418935427179, 1336.217738157601, 3547.771183095124, 5066.989055833252, 3181.0919906297854, 2486.243012576266], [417.31390766373073, 569.7506408332415, 1844.355830119957, 3181.0919906297854, 4108.893019398507, 2687.470562284729], [324.2766388885707, 467.3862475388675, 1455.8293616098033, 2486.243012576266, 2687.470562284729, 3619.809188423483]]</COVARIANCE_MATRIX>
		<ROI_SIZE>4747</ROI_SIZE>
		<MAX_VALUE>[573.0, 934.0, 1081.0, 741.0, 540.0, 354.0]</MAX_VALUE>
		<MIN_VALUE>[271.0, 331.0, 311.0, 179.0, -70.0, -106.0]</MIN_VALUE>
		<SIGNATURE_THRESHOLD_MD>0</SIGNATURE_THRESHOLD_MD>
		<SIGNATURE_THRESHOLD_ML>0</SIGNATURE_THRESHOLD_ML>
		<SIGNATURE_THRESHOLD_SAM>0</SIGNATURE_THRESHOLD_SAM>
	</signature>
	<signature ID="20190912_234810787372_506">
		<MACROCLASSID>1</MACROCLASSID>
		<MACROCLASSINFO>waterbody</MACROCLASSINFO>
		<CLASSID>71</CLASSID>
		<CLASSINFO>C 1</CLASSINFO>
		<VALUES>[308.84485666104615, 35.374978219093954, 365.4342327150081, 47.93138513969301, 295.571669477235, 39.603519952899674, 331.1720067453622, 106.02501737385562, 144.0084317032045, 92.8964496118747, 89.96795952782468, 65.44642894075923]</VALUES>
		<LCS_MIN>[217.0, 225.0, 186.0, 131.0, -6.0, -60.0]</LCS_MIN>
		<LCS_MAX>[413.0, 570.0, 585.0, 690.0, 537.0, 488.0]</LCS_MAX>
		<WAVELENGTH>[0.485, 0.56, 0.66, 0.83, 1.65, 2.215]</WAVELENGTH>
		<MEAN_VALUE>[308.84485666104615, 365.4342327150081, 295.571669477235, 331.1720067453622, 144.0084317032045, 89.96795952782468]</MEAN_VALUE>
		<CHECKBOX>2</CHECKBOX>
		<SD>[35.374978219093954, 47.93138513969301, 39.603519952899674, 106.02501737385562, 92.8964496118747, 65.44642894075923]</SD>
		<WAVELENGTH_UNIT>E-6m</WAVELENGTH_UNIT>
		<COLOR>#154a1c</COLOR>
		<COVARIANCE_MATRIX>[[1133.0207675943059, 663.2131129252641, 448.32382811283844, 160.78516396561554, 348.82550806856125, 328.2926015704724], [663.2131129252641, 1944.2809274088934, 760.5281344587232, 479.03845157998467, 644.3955871975371, 452.5807066260787], [448.32382811283844, 760.5281344587232, 1184.2524465122726, 1209.461843488939, 1302.1235853641663, 892.2170236262689], [160.78516396561554, 479.03845157998467, 1209.461843488939, 8272.642696265808, 5819.899043793346, 3474.19847449712], [348.82550806856125, 644.3955871975371, 1302.1235853641663, 5819.899043793346, 7339.650602936849, 4122.566803189373], [328.2926015704724, 452.5807066260787, 892.2170236262689, 3474.19847449712, 4122.566803189373, 4099.086908694678]]</COVARIANCE_MATRIX>
		<ROI_SIZE>3395</ROI_SIZE>
		<MAX_VALUE>[413.0, 570.0, 585.0, 690.0, 537.0, 488.0]</MAX_VALUE>
		<MIN_VALUE>[217.0, 225.0, 186.0, 131.0, -6.0, -60.0]</MIN_VALUE>
		<SIGNATURE_THRESHOLD_MD>0</SIGNATURE_THRESHOLD_MD>
		<SIGNATURE_THRESHOLD_ML>0</SIGNATURE_THRESHOLD_ML>
		<SIGNATURE_THRESHOLD_SAM>0</SIGNATURE_THRESHOLD_SAM>
	</signature>
	<signature ID="20190912_234849027261_163">
		<MACROCLASSID>2</MACROCLASSID>
		<MACROCLASSINFO>vegetation</MACROCLASSINFO>
		<CLASSID>72</CLASSID>
		<CLASSINFO>C 1</CLASSINFO>
		<VALUES>[262.5439999999999, 49.04676405227976, 281.1475000000003, 54.51529137544811, 240.8130000000002, 56.352431455971825, 925.6134999999995, 279.5518393209926, 522.7699999999993, 203.55798829817508, 246.27549999999985, 109.13926355693447]</VALUES>
		<LCS_MIN>[107.0, 134.0, 124.0, 466.5, 87.0, -16.5]</LCS_MIN>
		<LCS_MAX>[401.0, 472.0, 503.0, 1440.5, 1019.0, 601.5]</LCS_MAX>
		<WAVELENGTH>[0.485, 0.56, 0.66, 0.83, 1.65, 2.215]</WAVELENGTH>
		<MEAN_VALUE>[262.5439999999999, 281.1475000000003, 240.8130000000002, 925.6134999999995, 522.7699999999993, 246.27549999999985]</MEAN_VALUE>
		<CHECKBOX>2</CHECKBOX>
		<SD>[49.04676405227976, 54.51529137544811, 56.352431455971825, 279.5518393209926, 203.55798829817508, 109.13926355693447]</SD>
		<WAVELENGTH_UNIT>E-6m</WAVELENGTH_UNIT>
		<COLOR>#e1ac25</COLOR>
		<COVARIANCE_MATRIX>[[2317.5103138452846, 1749.8352431359338, 1653.1321188953036, 6547.795959479371, 4471.852887700827, 2087.6382044876705], [1749.8352431359338, 2716.2478305993864, 2271.0790294897797, 10694.225064522483, 7523.965362409803, 3698.418503836178], [1653.1321188953036, 2271.0790294897797, 2823.0246723357777, 11115.101063933533, 8259.995621391794, 4215.925529528788], [6547.795959479371, 10694.225064522483, 11115.101063933533, 77170.9211129521, 49253.26010833574, 23051.852001316034], [4471.852887700827, 7523.965362409803, 8259.995621391794, 49253.26010833574, 38799.750203511205, 18836.594892652236], [2087.6382044876705, 3698.418503836178, 4215.925529528788, 23051.852001316034, 18836.594892652236, 10944.468542092447]]</COVARIANCE_MATRIX>
		<ROI_SIZE>1769</ROI_SIZE>
		<MAX_VALUE>[401.0, 472.0, 503.0, 1440.5, 1019.0, 601.5]</MAX_VALUE>
		<MIN_VALUE>[107.0, 134.0, 124.0, 466.5, 87.0, -16.5]</MIN_VALUE>
		<SIGNATURE_THRESHOLD_MD>0</SIGNATURE_THRESHOLD_MD>
		<SIGNATURE_THRESHOLD_ML>0</SIGNATURE_THRESHOLD_ML>
		<SIGNATURE_THRESHOLD_SAM>0</SIGNATURE_THRESHOLD_SAM>
	</signature>
	<signature ID="20190912_234910132197_660">
		<MACROCLASSID>2</MACROCLASSID>
		<MACROCLASSINFO>vegetation</MACROCLASSINFO>
		<CLASSID>73</CLASSID>
		<CLASSINFO>C 1</CLASSINFO>
		<VALUES>[275.1144238517322, 29.79908212644493, 463.65189363416613, 50.98552999801069, 392.0717163577756, 59.263411883806754, 2808.311845286063, 198.01687699394537, 1432.3045930701028, 172.09607642127347, 590.5519742143431, 116.0589436563571]</VALUES>
		<LCS_MIN>[190.0, 335.0, 272.0, 2484.0, 1012.0, 304.0]</LCS_MIN>
		<LCS_MAX>[382.0, 584.0, 591.0, 3403.0, 1871.0, 990.0]</LCS_MAX>
		<WAVELENGTH>[0.485, 0.56, 0.66, 0.83, 1.65, 2.215]</WAVELENGTH>
		<MEAN_VALUE>[275.1144238517322, 463.65189363416613, 392.0717163577756, 2808.311845286063, 1432.3045930701028, 590.5519742143431]</MEAN_VALUE>
		<CHECKBOX>2</CHECKBOX>
		<SD>[29.79908212644493, 50.98552999801069, 59.263411883806754, 198.01687699394537, 172.09607642127347, 116.0589436563571]</SD>
		<WAVELENGTH_UNIT>E-6m</WAVELENGTH_UNIT>
		<COLOR>#0ee665</COLOR>
		<COVARIANCE_MATRIX>[[888.7014127524628, 741.9463154064102, 956.1692066751582, 1942.1578370720806, 2903.6441514387457, 1895.9214674690024], [741.9463154064102, 2601.6206597177093, 2120.39272698916, 5103.747352551272, 5414.1916001663585, 3324.5890748875777], [956.1692066751582, 2120.39272698916, 3514.9843687452885, 4175.605036910919, 7772.762815497387, 5033.165221205582], [1942.1578370720806, 5103.747352551272, 4175.605036910919, 39242.30509344701, 14223.194453614406, 4922.25434353149], [2903.6441514387457, 5414.1916001663585, 7772.762815497387, 14223.194453614406, 29640.94424501573, 17859.55109173144], [1895.9214674690024, 3324.5890748875777, 5033.165221205582, 4922.25434353149, 17859.55109173144, 13480.541046502558]]</COVARIANCE_MATRIX>
		<ROI_SIZE>1241</ROI_SIZE>
		<MAX_VALUE>[382.0, 584.0, 591.0, 3403.0, 1871.0, 990.0]</MAX_VALUE>
		<MIN_VALUE>[190.0, 335.0, 272.0, 2484.0, 1012.0, 304.0]</MIN_VALUE>
		<SIGNATURE_THRESHOLD_MD>0</SIGNATURE_THRESHOLD_MD>
		<SIGNATURE_THRESHOLD_ML>0</SIGNATURE_THRESHOLD_ML>
		<SIGNATURE_THRESHOLD_SAM>0</SIGNATURE_THRESHOLD_SAM>
	</signature>
	<signature ID="20190912_234922330080_710">
		<MACROCLASSID>2</MACROCLASSID>
		<MACROCLASSINFO>vegetation</MACROCLASSINFO>
		<CLASSID>74</CLASSID>
		<CLASSINFO>C 1</CLASSINFO>
		<VALUES>[248.29985443959242, 27.15656879115351, 459.0771470160117, 38.00660540169743, 371.33915574963623, 45.33832026968759, 3398.5851528384264, 249.3759686765365, 1852.0917030567698, 170.67532283946986, 779.4264919941764, 106.32880013320313]</VALUES>
		<LCS_MIN>[151.0, 314.0, 256.0, 2942.0, 1497.0, 478.0]</LCS_MIN>
		<LCS_MAX>[348.0, 602.0, 610.0, 3936.0, 2344.0, 1108.0]</LCS_MAX>
		<WAVELENGTH>[0.485, 0.56, 0.66, 0.83, 1.65, 2.215]</WAVELENGTH>
		<MEAN_VALUE>[248.29985443959242, 459.0771470160117, 371.33915574963623, 3398.5851528384264, 1852.0917030567698, 779.4264919941764]</MEAN_VALUE>
		<CHECKBOX>2</CHECKBOX>
		<SD>[27.15656879115351, 38.00660540169743, 45.33832026968759, 249.3759686765365, 170.67532283946986, 106.32880013320313]</SD>
		<WAVELENGTH_UNIT>E-6m</WAVELENGTH_UNIT>
		<COLOR>#db8367</COLOR>
		<COVARIANCE_MATRIX>[[738.5542711158076, 367.92727072113934, 482.52060337547374, 1786.0516887977901, 1602.3981183240605, 825.8296540075794], [367.92727072113934, 1446.6077422859362, 1057.354263477069, 2561.418348250093, 3610.675130813398, 2086.468507178292], [482.52060337547374, 1057.354263477069, 2058.5597328138997, 900.3318649980266, 4532.15835741658, 2971.5563081127652], [1786.0516887977901, 2561.418348250093, 900.3318649980266, 62279.027359415384, 10075.982704622713, -1170.7455536175787], [1602.3981183240605, 3610.675130813398, 4532.15835741658, 10075.982704622713, 29172.529479165336, 15567.701357149223], [825.8296540075794, 2086.468507178292, 2971.5563081127652, -1170.7455536175787, 15567.701357149223, 11322.294515810067]]</COVARIANCE_MATRIX>
		<ROI_SIZE>687</ROI_SIZE>
		<MAX_VALUE>[348.0, 602.0, 610.0, 3936.0, 2344.0, 1108.0]</MAX_VALUE>
		<MIN_VALUE>[151.0, 314.0, 256.0, 2942.0, 1497.0, 478.0]</MIN_VALUE>
		<SIGNATURE_THRESHOLD_MD>0</SIGNATURE_THRESHOLD_MD>
		<SIGNATURE_THRESHOLD_ML>0</SIGNATURE_THRESHOLD_ML>
		<SIGNATURE_THRESHOLD_SAM>0</SIGNATURE_THRESHOLD_SAM>
	</signature>
	<signature ID="20190912_234936090941_259">
		<MACROCLASSID>2</MACROCLASSID>
		<MACROCLASSINFO>vegetation</MACROCLASSINFO>
		<CLASSID>75</CLASSID>
		<CLASSINFO>C 1</CLASSINFO>
		<VALUES>[302.1835751630147, 95.5598274790924, 493.35034952710936, 139.83827915638392, 459.4005756917108, 202.97621919914792, 2180.0335428537646, 498.6238726983122, 1386.5891440991652, 457.50863424924347, 681.6431886271556, 332.0731527678064]</VALUES>
		<LCS_MIN>[83.0, 157.0, 135.0, 1272.0, 558.0, 120.0]</LCS_MIN>
		<LCS_MAX>[792.0, 1066.0, 1419.0, 3272.0, 2517.0, 1745.0]</LCS_MAX>
		<WAVELENGTH>[0.485, 0.56, 0.66, 0.83, 1.65, 2.215]</WAVELENGTH>
		<MEAN_VALUE>[302.1835751630147, 493.35034952710936, 459.4005756917108, 2180.0335428537646, 1386.5891440991652, 681.6431886271556]</MEAN_VALUE>
		<CHECKBOX>2</CHECKBOX>
		<SD>[95.5598274790924, 139.83827915638392, 202.97621919914792, 498.6238726983122, 457.50863424924347, 332.0731527678064]</SD>
		<WAVELENGTH_UNIT>E-6m</WAVELENGTH_UNIT>
		<COLOR>#ac313d</COLOR>
		<COVARIANCE_MATRIX>[[9527.52761707946, 12376.483260423196, 18506.60170078629, 8988.078032553558, 34744.766777672885, 28782.360107246954], [12376.483260423196, 20133.010496219373, 27546.103895382348, 28851.952980047474, 56275.38942166508, 42815.12818507264], [18506.60170078629, 27546.103895382348, 42533.11991125174, 23289.219152441477, 78619.63466388005, 65054.06913390283], [8988.078032553558, 28851.952980047474, 23289.219152441477, 243427.99250616075, 133346.30814499094, 50030.08330589448], [34744.766777672885, 56275.38942166508, 78619.63466388005, 133346.30814499094, 209738.33060110657, 141294.03632634183], [28782.360107246954, 42815.12818507264, 65054.06913390283, 50030.08330589448, 141294.03632634183, 112598.61116662384]]</COVARIANCE_MATRIX>
		<ROI_SIZE>187565</ROI_SIZE>
		<MAX_VALUE>[792.0, 1066.0, 1419.0, 3272.0, 2517.0, 1745.0]</MAX_VALUE>
		<MIN_VALUE>[83.0, 157.0, 135.0, 1272.0, 558.0, 120.0]</MIN_VALUE>
		<SIGNATURE_THRESHOLD_MD>0</SIGNATURE_THRESHOLD_MD>
		<SIGNATURE_THRESHOLD_ML>0</SIGNATURE_THRESHOLD_ML>
		<SIGNATURE_THRESHOLD_SAM>0</SIGNATURE_THRESHOLD_SAM>
	</signature>
	<signature ID="20190912_234952392888_505">
		<MACROCLASSID>2</MACROCLASSID>
		<MACROCLASSINFO>vegetation</MACROCLASSINFO>
		<CLASSID>76</CLASSID>
		<CLASSINFO>C 1</CLASSINFO>
		<VALUES>[198.43214993692507, 68.8841274457162, 288.64597224725094, 106.99854903619706, 234.44043971886842, 112.99856511968359, 1647.5678500630804, 549.2026423705715, 937.8340241484972, 387.2233324547681, 406.4328707875291, 207.6697134915684]</VALUES>
		<LCS_MIN>[-6.0, 66.0, 21.0, 612.0, 114.0, -18.0]</LCS_MIN>
		<LCS_MAX>[1032.0, 1204.0, 1180.0, 2609.0, 2024.0, 1435.0]</LCS_MAX>
		<WAVELENGTH>[0.485, 0.56, 0.66, 0.83, 1.65, 2.215]</WAVELENGTH>
		<MEAN_VALUE>[198.43214993692507, 288.64597224725094, 234.44043971886842, 1647.5678500630804, 937.8340241484972, 406.4328707875291]</MEAN_VALUE>
		<CHECKBOX>2</CHECKBOX>
		<SD>[68.8841274457162, 106.99854903619706, 112.99856511968359, 549.2026423705715, 387.2233324547681, 207.6697134915684]</SD>
		<WAVELENGTH_UNIT>E-6m</WAVELENGTH_UNIT>
		<COLOR>#c534f6</COLOR>
		<COVARIANCE_MATRIX>[[4598.43514004412, 5915.707199669088, 6232.446001659656, 19050.5220943413, 15783.393673817109, 9426.973936286615], [5915.707199669088, 10805.798810058854, 10378.708918211625, 39216.2970597382, 31198.819535716044, 17399.461689662814], [6232.446001659656, 10378.708918211625, 12207.189590179672, 32751.90813946677, 31163.312546117937, 19040.049347869324], [19050.5220943413, 39216.2970597382, 32751.90813946677, 288637.95732689864, 174303.10833604727, 74570.43517785528], [15783.393673817109, 31198.819535716044, 31163.312546117937, 174303.10833604727, 142240.3254829648, 70514.63131603728], [9426.973936286615, 17399.461689662814, 19040.049347869324, 74570.43517785528, 70514.63131603728, 40943.29533045258]]</COVARIANCE_MATRIX>
		<ROI_SIZE>124740</ROI_SIZE>
		<MAX_VALUE>[1032.0, 1204.0, 1180.0, 2609.0, 2024.0, 1435.0]</MAX_VALUE>
		<MIN_VALUE>[-6.0, 66.0, 21.0, 612.0, 114.0, -18.0]</MIN_VALUE>
		<SIGNATURE_THRESHOLD_MD>0</SIGNATURE_THRESHOLD_MD>
		<SIGNATURE_THRESHOLD_ML>0</SIGNATURE_THRESHOLD_ML>
		<SIGNATURE_THRESHOLD_SAM>0</SIGNATURE_THRESHOLD_SAM>
	</signature>
	<signature ID="20190912_235029232282_582">
		<MACROCLASSID>3</MACROCLASSID>
		<MACROCLASSINFO>barren</MACROCLASSINFO>
		<CLASSID>77</CLASSID>
		<CLASSINFO>C 1</CLASSINFO>
		<VALUES>[503.6874186954094, 95.28731017722836, 783.7316483924918, 134.6749654209959, 1016.0501765471093, 228.25225942537352, 2104.2549711949564, 298.79843253529, 2021.0187697453998, 359.7772646935141, 1416.9600446013715, 311.1635095577247]</VALUES>
		<LCS_MIN>[189.0, 430.0, 483.0, 1306.0, 1369.0, 791.0]</LCS_MIN>
		<LCS_MAX>[956.0, 1403.0, 1846.0, 2669.0, 2750.0, 2139.0]</LCS_MAX>
		<WAVELENGTH>[0.485, 0.56, 0.66, 0.83, 1.65, 2.215]</WAVELENGTH>
		<MEAN_VALUE>[503.6874186954094, 783.7316483924918, 1016.0501765471093, 2104.2549711949564, 2021.0187697453998, 1416.9600446013715]</MEAN_VALUE>
		<CHECKBOX>2</CHECKBOX>
		<SD>[95.28731017722836, 134.6749654209959, 228.25225942537352, 298.79843253529, 359.7772646935141, 311.1635095577247]</SD>
		<WAVELENGTH_UNIT>E-6m</WAVELENGTH_UNIT>
		<COLOR>#92caeb</COLOR>
		<COVARIANCE_MATRIX>[[11138.73526630524, 13792.660903836904, 20902.600426603574, 5117.482273964502, 17231.569812252095, 22183.557035279002], [13792.660903836904, 21037.346163292343, 31854.92534327259, 13923.22810596162, 29357.644115722018, 34797.07720877609], [20902.600426603574, 31854.92534327259, 54794.75234239662, 19900.876372253544, 50454.717658419926, 60447.267565018425], [5117.482273964502, 13923.22810596162, 19900.876372253544, 80473.39168706143, 60696.10007043872, 34208.698114371975], [17231.569812252095, 29357.644115722018, 50454.717658419926, 60696.10007043872, 122994.87195900253, 93998.42871782667], [22183.557035279002, 34797.07720877609, 60447.267565018425, 34208.698114371975, 93998.42871782667, 95307.08170132521]]</COVARIANCE_MATRIX>
		<ROI_SIZE>50612</ROI_SIZE>
		<MAX_VALUE>[956.0, 1403.0, 1846.0, 2669.0, 2750.0, 2139.0]</MAX_VALUE>
		<MIN_VALUE>[189.0, 430.0, 483.0, 1306.0, 1369.0, 791.0]</MIN_VALUE>
		<SIGNATURE_THRESHOLD_MD>0</SIGNATURE_THRESHOLD_MD>
		<SIGNATURE_THRESHOLD_ML>0</SIGNATURE_THRESHOLD_ML>
		<SIGNATURE_THRESHOLD_SAM>0</SIGNATURE_THRESHOLD_SAM>
	</signature>
	<signature ID="20190912_235038448728_674">
		<MACROCLASSID>3</MACROCLASSID>
		<MACROCLASSINFO>barren</MACROCLASSINFO>
		<CLASSID>78</CLASSID>
		<CLASSINFO>C 1</CLASSINFO>
		<VALUES>[684.944182918628, 68.25004645722777, 1056.7141896435783, 110.63149275578618, 1496.9556153328867, 163.99828404348548, 2688.308002689975, 254.4923648675987, 3178.8204438466723, 292.78819317879015, 2283.3839946200374, 267.1814373606867]</VALUES>
		<LCS_MIN>[459.0, 732.0, 1031.0, 1988.0, 2684.0, 1868.0]</LCS_MIN>
		<LCS_MAX>[906.0, 1451.0, 2195.0, 3254.0, 4061.0, 3168.0]</LCS_MAX>
		<WAVELENGTH>[0.485, 0.56, 0.66, 0.83, 1.65, 2.215]</WAVELENGTH>
		<MEAN_VALUE>[684.944182918628, 1056.7141896435783, 1496.9556153328867, 2688.308002689975, 3178.8204438466723, 2283.3839946200374]</MEAN_VALUE>
		<CHECKBOX>2</CHECKBOX>
		<SD>[68.25004645722777, 110.63149275578618, 163.99828404348548, 254.4923648675987, 292.78819317879015, 267.1814373606867]</SD>
		<WAVELENGTH_UNIT>E-6m</WAVELENGTH_UNIT>
		<COLOR>#3da27b</COLOR>
		<COVARIANCE_MATRIX>[[4203.232267731489, 5727.2893711370325, 8028.322588715951, 6773.928047636136, 7957.1644873186515, 9012.87024558064], [5727.2893711370325, 11425.08281615331, 15413.061989943188, 12496.2983889482, 14039.355054597007, 16656.67308052362], [8028.322588715951, 15413.061989943188, 25011.31363788335, 21538.855313149863, 21689.184310744877, 25329.08631597834], [6773.928047636136, 12496.2983889482, 21538.855313149863, 57035.40594404115, 36809.36316379547, 17518.7243645952], [7957.1644873186515, 14039.355054597007, 21689.184310744877, 36809.36316379547, 75238.2353250076, 53272.60159767838], [9012.87024558064, 16656.67308052362, 25329.08631597834, 17518.7243645952, 53272.60159767838, 58634.943932254675]]</COVARIANCE_MATRIX>
		<ROI_SIZE>2995</ROI_SIZE>
		<MAX_VALUE>[906.0, 1451.0, 2195.0, 3254.0, 4061.0, 3168.0]</MAX_VALUE>
		<MIN_VALUE>[459.0, 732.0, 1031.0, 1988.0, 2684.0, 1868.0]</MIN_VALUE>
		<SIGNATURE_THRESHOLD_MD>0</SIGNATURE_THRESHOLD_MD>
		<SIGNATURE_THRESHOLD_ML>0</SIGNATURE_THRESHOLD_ML>
		<SIGNATURE_THRESHOLD_SAM>0</SIGNATURE_THRESHOLD_SAM>
	</signature>
	<signature ID="20190912_235050118672_469">
		<MACROCLASSID>3</MACROCLASSID>
		<MACROCLASSINFO>barren</MACROCLASSINFO>
		<CLASSID>79</CLASSID>
		<CLASSINFO>C 1</CLASSINFO>
		<VALUES>[575.6288300835668, 91.56116258944945, 885.7458217270198, 131.8348819159193, 1215.2318941504197, 195.5040976909717, 2088.430362116992, 248.8512521721931, 2269.5529247910863, 376.36519463651945, 1713.326601671307, 292.8275536906129]</VALUES>
		<LCS_MIN>[347.0, 519.0, 671.0, 1443.0, 1655.0, 1153.0]</LCS_MIN>
		<LCS_MAX>[1035.0, 1390.0, 1805.0, 2674.0, 3036.0, 2457.0]</LCS_MAX>
		<WAVELENGTH>[0.485, 0.56, 0.66, 0.83, 1.65, 2.215]</WAVELENGTH>
		<MEAN_VALUE>[575.6288300835668, 885.7458217270198, 1215.2318941504197, 2088.430362116992, 2269.5529247910863, 1713.326601671307]</MEAN_VALUE>
		<CHECKBOX>2</CHECKBOX>
		<SD>[91.56116258944945, 131.8348819159193, 195.5040976909717, 248.8512521721931, 376.36519463651945, 292.8275536906129]</SD>
		<WAVELENGTH_UNIT>E-6m</WAVELENGTH_UNIT>
		<COLOR>#ec8549</COLOR>
		<COVARIANCE_MATRIX>[[9282.16286382678, 11982.202819537886, 16039.214693111044, 4326.214710238229, 9156.775191572624, 15350.103388966465], [11982.202819537886, 18950.706492362286, 25460.302045691296, 11411.04389430914, 20843.090230199457, 27182.036859720283], [16039.214693111044, 25460.302045691296, 41147.8515099126, 15243.10158386176, 35270.33524220863, 46585.53626832859], [4326.214710238229, 11411.04389430914, 15243.10158386176, 68728.12977526108, 62448.251123392285, 29196.832567445854], [9156.775191572624, 20843.090230199457, 35270.33524220863, 62448.251123392285, 131287.7868458674, 88530.2390802096], [15350.103388966465, 27182.036859720283, 46585.53626832859, 29196.832567445854, 88530.2390802096, 87247.91468243173]]</COVARIANCE_MATRIX>
		<ROI_SIZE>4452</ROI_SIZE>
		<MAX_VALUE>[1035.0, 1390.0, 1805.0, 2674.0, 3036.0, 2457.0]</MAX_VALUE>
		<MIN_VALUE>[347.0, 519.0, 671.0, 1443.0, 1655.0, 1153.0]</MIN_VALUE>
		<SIGNATURE_THRESHOLD_MD>0</SIGNATURE_THRESHOLD_MD>
		<SIGNATURE_THRESHOLD_ML>0</SIGNATURE_THRESHOLD_ML>
		<SIGNATURE_THRESHOLD_SAM>0</SIGNATURE_THRESHOLD_SAM>
	</signature>
	<signature ID="20190912_235104144224_272">
		<MACROCLASSID>3</MACROCLASSID>
		<MACROCLASSINFO>barren</MACROCLASSINFO>
		<CLASSID>80</CLASSID>
		<CLASSINFO>C 1</CLASSINFO>
		<VALUES>[332.08649988199153, 82.96514874910355, 504.68822279915037, 123.2245783346932, 581.8183856502233, 215.8179766460752, 1424.2052159546881, 303.8498567406039, 1090.8179136181316, 300.58602231951454, 712.4067736606094, 271.3812893460541]</VALUES>
		<LCS_MIN>[137.0, 202.0, 169.0, 581.0, 307.0, 300.0]</LCS_MIN>
		<LCS_MAX>[704.0, 1038.0, 1394.0, 1955.0, 1694.0, 1651.0]</LCS_MAX>
		<WAVELENGTH>[0.485, 0.56, 0.66, 0.83, 1.65, 2.215]</WAVELENGTH>
		<MEAN_VALUE>[332.08649988199153, 504.68822279915037, 581.8183856502233, 1424.2052159546881, 1090.8179136181316, 712.4067736606094]</MEAN_VALUE>
		<CHECKBOX>2</CHECKBOX>
		<SD>[82.96514874910355, 123.2245783346932, 215.8179766460752, 303.8498567406039, 300.58602231951454, 271.3812893460541]</SD>
		<WAVELENGTH_UNIT>E-6m</WAVELENGTH_UNIT>
		<COLOR>#9f6649</COLOR>
		<COVARIANCE_MATRIX>[[6915.532920428057, 9347.058388173047, 16505.985488255123, 13012.904549274912, 18297.014926658707, 19723.239284309908], [9347.058388173047, 15652.852357967788, 25808.439663681216, 25274.408932445895, 31599.313590503738, 31456.212270285192], [16505.985488255123, 25808.439663681216, 47691.13822218787, 36553.523270764905, 50823.931294195325, 55518.221616005234], [13012.904549274912, 25274.408932445895, 36553.523270764905, 95324.12510627767, 78472.31915887201, 52982.47631696669], [18297.014926658707, 31599.313590503738, 50823.931294195325, 78472.31915887201, 94024.54265911189, 75158.23212476418], [19723.239284309908, 31456.212270285192, 55518.221616005234, 52982.47631696669, 75158.23212476418, 75994.27306325157]]</COVARIANCE_MATRIX>
		<ROI_SIZE>77304</ROI_SIZE>
		<MAX_VALUE>[704.0, 1038.0, 1394.0, 1955.0, 1694.0, 1651.0]</MAX_VALUE>
		<MIN_VALUE>[137.0, 202.0, 169.0, 581.0, 307.0, 300.0]</MIN_VALUE>
		<SIGNATURE_THRESHOLD_MD>0</SIGNATURE_THRESHOLD_MD>
		<SIGNATURE_THRESHOLD_ML>0</SIGNATURE_THRESHOLD_ML>
		<SIGNATURE_THRESHOLD_SAM>0</SIGNATURE_THRESHOLD_SAM>
	</signature>
	<signature ID="20190912_235128140385_905">
		<MACROCLASSID>3</MACROCLASSID>
		<MACROCLASSINFO>barren</MACROCLASSINFO>
		<CLASSID>81</CLASSID>
		<CLASSINFO>C 1</CLASSINFO>
		<VALUES>[459.88961474036967, 102.67974659667865, 730.6331658291457, 135.834490525329, 913.1638190954793, 211.54073613857727, 2039.7340033500884, 273.9963581649548, 1976.8912897822456, 307.02408595192935, 1328.3653266331653, 269.9233386491553]</VALUES>
		<LCS_MIN>[220.0, 407.0, 485.0, 1583.0, 1371.0, 838.0]</LCS_MIN>
		<LCS_MAX>[989.0, 1314.0, 1660.0, 2769.0, 2571.0, 2013.0]</LCS_MAX>
		<WAVELENGTH>[0.485, 0.56, 0.66, 0.83, 1.65, 2.215]</WAVELENGTH>
		<MEAN_VALUE>[459.88961474036967, 730.6331658291457, 913.1638190954793, 2039.7340033500884, 1976.8912897822456, 1328.3653266331653]</MEAN_VALUE>
		<CHECKBOX>2</CHECKBOX>
		<SD>[102.67974659667865, 135.834490525329, 211.54073613857727, 273.9963581649548, 307.02408595192935, 269.9233386491553]</SD>
		<WAVELENGTH_UNIT>E-6m</WAVELENGTH_UNIT>
		<COLOR>#3c65af</COLOR>
		<COVARIANCE_MATRIX>[[10721.90165529753, 13028.846808691058, 18432.590006961524, 3776.7741676488026, 6069.307328993136, 14837.01252453492], [13028.846808691058, 19160.845955471726, 27034.026766712683, 8812.68285049867, 13505.988936530073, 24222.900556493056], [18432.590006961524, 27034.026766712683, 45166.9101238678, 7580.57438448284, 26174.724594333144, 44315.42161187361], [3776.7741676488026, 8812.68285049867, 7580.57438448284, 74285.73763566122, 35905.570354024516, 11189.321012420987], [6069.307328993136, 13505.988936530073, 26174.724594333144, 35905.570354024516, 90853.9489716195, 63177.396550736245], [14837.01252453492, 24222.900556493056, 44315.42161187361, 11189.321012420987, 63177.396550736245, 71453.79080430511]]</COVARIANCE_MATRIX>
		<ROI_SIZE>66517</ROI_SIZE>
		<MAX_VALUE>[989.0, 1314.0, 1660.0, 2769.0, 2571.0, 2013.0]</MAX_VALUE>
		<MIN_VALUE>[220.0, 407.0, 485.0, 1583.0, 1371.0, 838.0]</MIN_VALUE>
		<SIGNATURE_THRESHOLD_MD>0</SIGNATURE_THRESHOLD_MD>
		<SIGNATURE_THRESHOLD_ML>0</SIGNATURE_THRESHOLD_ML>
		<SIGNATURE_THRESHOLD_SAM>0</SIGNATURE_THRESHOLD_SAM>
	</signature>
	<signature ID="20190912_235149270508_220">
		<MACROCLASSID>3</MACROCLASSID>
		<MACROCLASSINFO>barren</MACROCLASSINFO>
		<CLASSID>82</CLASSID>
		<CLASSINFO>C 1</CLASSINFO>
		<VALUES>[469.82367034020194, 78.74143000100621, 715.3076185912782, 116.44390410202878, 941.9724484906552, 192.71012330005675, 1904.4858648778159, 252.58195246034379, 1878.6667465261164, 274.9672278440048, 1358.5282702443724, 246.56426697505978]</VALUES>
		<LCS_MIN>[267.0, 453.0, 496.0, 1186.0, 1353.0, 981.0]</LCS_MIN>
		<LCS_MAX>[792.0, 1186.0, 1599.0, 2379.0, 2524.0, 2162.0]</LCS_MAX>
		<WAVELENGTH>[0.485, 0.56, 0.66, 0.83, 1.65, 2.215]</WAVELENGTH>
		<MEAN_VALUE>[469.82367034020194, 715.3076185912782, 941.9724484906552, 1904.4858648778159, 1878.6667465261164, 1358.5282702443724]</MEAN_VALUE>
		<CHECKBOX>2</CHECKBOX>
		<SD>[78.74143000100621, 116.44390410202878, 192.71012330005675, 252.58195246034379, 274.9672278440048, 246.56426697505978]</SD>
		<WAVELENGTH_UNIT>E-6m</WAVELENGTH_UNIT>
		<COLOR>#1d3a29</COLOR>
		<COVARIANCE_MATRIX>[[6079.572038836515, 7781.761237071813, 12710.623871741047, 5103.502688803321, 10766.06395868221, 14739.81720367425], [7781.761237071813, 12866.91207969657, 19532.49768344398, 11837.966145519138, 19189.788464556605, 22969.61890331358], [12710.623871741047, 19532.49768344398, 36343.29043584719, 13317.047493352778, 26863.90781276571, 39342.0927947868], [5103.502688803321, 11837.966145519138, 13317.047493352778, 64656.74989707631, 51346.02959837049, 25171.97156346099], [10766.06395868221, 19189.788464556605, 26863.90781276571, 51346.02959837049, 76485.66082361355, 52485.827411863], [14739.81720367425, 22969.61890331358, 39342.0927947868, 25171.97156346099, 52485.827411863, 59450.865043977734]]</COVARIANCE_MATRIX>
		<ROI_SIZE>30241</ROI_SIZE>
		<MAX_VALUE>[792.0, 1186.0, 1599.0, 2379.0, 2524.0, 2162.0]</MAX_VALUE>
		<MIN_VALUE>[267.0, 453.0, 496.0, 1186.0, 1353.0, 981.0]</MIN_VALUE>
		<SIGNATURE_THRESHOLD_MD>0</SIGNATURE_THRESHOLD_MD>
		<SIGNATURE_THRESHOLD_ML>0</SIGNATURE_THRESHOLD_ML>
		<SIGNATURE_THRESHOLD_SAM>0</SIGNATURE_THRESHOLD_SAM>
	</signature>
	<signature ID="20190912_235211010559_568">
		<MACROCLASSID>4</MACROCLASSID>
		<MACROCLASSINFO>builtup</MACROCLASSINFO>
		<CLASSID>83</CLASSID>
		<CLASSINFO>C 1</CLASSINFO>
		<VALUES>[727.556726596404, 157.46385066117344, 954.9420334779919, 193.83351501685183, 1093.1227526348398, 228.3679755021543, 1568.2411655300696, 268.8693130374832, 1617.941723496594, 273.88488393459517, 1377.4184748915038, 263.6813505672702]</VALUES>
		<LCS_MIN>[356.0, 517.0, 543.0, 873.0, 1110.0, 899.0]</LCS_MIN>
		<LCS_MAX>[1356.0, 1543.0, 1695.0, 2029.0, 2262.0, 2089.0]</LCS_MAX>
		<WAVELENGTH>[0.485, 0.56, 0.66, 0.83, 1.65, 2.215]</WAVELENGTH>
		<MEAN_VALUE>[727.556726596404, 954.9420334779919, 1093.1227526348398, 1568.2411655300696, 1617.941723496594, 1377.4184748915038]</MEAN_VALUE>
		<CHECKBOX>2</CHECKBOX>
		<SD>[157.46385066117344, 193.83351501685183, 228.3679755021543, 268.8693130374832, 273.88488393459517, 263.6813505672702]</SD>
		<WAVELENGTH_UNIT>E-6m</WAVELENGTH_UNIT>
		<COLOR>#d27f3f</COLOR>
		<COVARIANCE_MATRIX>[[25523.875272405247, 28169.248506322147, 29543.589072155013, 10414.202831089402, 13133.800967754558, 23993.606466908357], [28169.248506322147, 38511.06775219117, 42273.14504558021, 22092.95613381466, 23044.108605425576, 32610.772541795555], [29543.589072155013, 42273.14504558021, 53717.765321833525, 33408.364669333394, 35021.832258286115, 42917.97234081657], [10414.202831089402, 22092.95613381466, 33408.364669333394, 71755.56555169327, 53139.56236211461, 35060.51668485452], [13133.800967754558, 23044.108605425576, 35021.832258286115, 53139.56236211461, 77809.51043302407, 62238.294252489664], [23993.606466908357, 32610.772541795555, 42917.97234081657, 35060.51668485452, 62238.294252489664, 71404.82667881316]]</COVARIANCE_MATRIX>
		<ROI_SIZE>14982</ROI_SIZE>
		<MAX_VALUE>[1356.0, 1543.0, 1695.0, 2029.0, 2262.0, 2089.0]</MAX_VALUE>
		<MIN_VALUE>[356.0, 517.0, 543.0, 873.0, 1110.0, 899.0]</MIN_VALUE>
		<SIGNATURE_THRESHOLD_MD>0</SIGNATURE_THRESHOLD_MD>
		<SIGNATURE_THRESHOLD_ML>0</SIGNATURE_THRESHOLD_ML>
		<SIGNATURE_THRESHOLD_SAM>0</SIGNATURE_THRESHOLD_SAM>
	</signature>
	<signature ID="20190912_235224543527_881">
		<MACROCLASSID>4</MACROCLASSID>
		<MACROCLASSINFO>builtup</MACROCLASSINFO>
		<CLASSID>84</CLASSID>
		<CLASSINFO>C 1</CLASSINFO>
		<VALUES>[785.5317535545021, 142.0181240895359, 1003.9563981042639, 168.00189006585407, 1113.345971563981, 190.20349471869056, 1582.5990521327035, 233.88297271928815, 1674.6549763033158, 250.92454335173977, 1458.6037914691942, 245.53248910963603]</VALUES>
		<LCS_MIN>[414.0, 523.0, 628.0, 926.0, 1085.0, 905.0]</LCS_MIN>
		<LCS_MAX>[1229.0, 1651.0, 1665.0, 1998.0, 2242.0, 2102.0]</LCS_MAX>
		<WAVELENGTH>[0.485, 0.56, 0.66, 0.83, 1.65, 2.215]</WAVELENGTH>
		<MEAN_VALUE>[785.5317535545021, 1003.9563981042639, 1113.345971563981, 1582.5990521327035, 1674.6549763033158, 1458.6037914691942]</MEAN_VALUE>
		<CHECKBOX>2</CHECKBOX>
		<SD>[142.0181240895359, 168.00189006585407, 190.20349471869056, 233.88297271928815, 250.92454335173977, 245.53248910963603]</SD>
		<WAVELENGTH_UNIT>E-6m</WAVELENGTH_UNIT>
		<COLOR>#02da23</COLOR>
		<COVARIANCE_MATRIX>[[19007.51253264922, 20194.784962866695, 21903.559311250257, 9355.029330219668, 18652.782381615063, 22787.749537272157], [20194.784962866695, 27815.91900894667, 29866.8713890223, 15266.602102643497, 24241.68540848677, 28077.958999167888], [21903.559311250257, 29866.8713890223, 36010.01777698333, 18922.863044322137, 29519.043884857867, 33414.77461868106], [9355.029330219668, 15266.602102643497, 18922.863044322137, 51565.30658078523, 37607.109048291975, 24174.406928412838], [18652.782381615063, 24241.68540848677, 29519.043884857867, 37607.109048291975, 58851.07698389926, 50880.54642391548], [22787.749537272157, 28077.958999167888, 33414.77461868106, 24174.406928412838, 50880.54642391548, 56146.81899298966]]</COVARIANCE_MATRIX>
		<ROI_SIZE>1974</ROI_SIZE>
