<?xml version="1.0" ?>
<signaturelist MCID_LIST="[['1', 'waterbody', '#000000'], ['2', 'vegetation', '#000000'], ['3', 'bareland', '#000000'], ['4', 'built-up', '#000000']]">
	<signature ID="20210203_141146078421_552">
		<MACROCLASSID>1</MACROCLASSID>
		<MACROCLASSINFO>waterbody</MACROCLASSINFO>
		<CLASSID>1</CLASSID>
		<CLASSINFO>C 1</CLASSINFO>
		<VALUES>[0.1336090514474025, 0.0023229764977118856, 0.1097996677829923, 0.0025802391099753233, 0.07817055691445918, 0.002104693638957314, 0.07430940908591453, 0.006685803497483565, 0.023098916313111815, 0.005674662374923964, 0.01215625847961164, 0.0038207903518180887]</VALUES>
		<LCS_MIN>[0.12344643473625183, 0.09846265614032745, 0.0711076557636261, 0.0617268830537796, 0.011330625973641872, 0.0]</LCS_MIN>
		<LCS_MAX>[0.14131011068820953, 0.11541619896888733, 0.08539815992116928, 0.11532073467969894, 0.06883908808231354, 0.03868958353996277]</LCS_MAX>
		<WAVELENGTH>[0.485, 0.56, 0.66, 0.83, 1.65, 2.215]</WAVELENGTH>
		<MEAN_VALUE>[0.1336090514474025, 0.1097996677829923, 0.07817055691445918, 0.07430940908591453, 0.023098916313111815, 0.01215625847961164]</MEAN_VALUE>
		<CHECKBOX>2</CHECKBOX>
		<SD>[0.0023229764977118856, 0.0025802391099753233, 0.002104693638957314, 0.006685803497483565, 0.005674662374923964, 0.0038207903518180887]</SD>
		<WAVELENGTH_UNIT>E-6m</WAVELENGTH_UNIT>
		<COLOR>#3ec856</COLOR>
		<COVARIANCE_MATRIX>[[5.336315015852298e-06, 2.032928080190596e-06, 8.469648054078109e-07, -5.815774574703908e-06, -3.4257594718052072e-06, -1.3751952350823076e-06], [2.032928080190596e-06, 6.703642083533221e-06, 1.4376286366105408e-06, -7.501178031234068e-06, -4.715426767981875e-06, -2.029754243250807e-06], [8.469648054078109e-07, 1.4376286366105408e-06, 4.517785960671755e-06, -1.0698030007774193e-06, 6.511471438006037e-07, 5.739719642126155e-07], [-5.815774574703908e-06, -7.501178031234068e-06, -1.0698030007774193e-06, 4.854015076764591e-05, 3.394779654084754e-05, 1.6779179963845048e-05], [-3.4257594718052072e-06, -4.715426767981875e-06, 6.511471438006037e-07, 3.394779654084754e-05, 3.509863631082006e-05, 1.6183352411341293e-05], [-1.3751952350823076e-06, -2.029754243250807e-06, 5.739719642126155e-07, 1.6779179963845048e-05, 1.6183352411341293e-05, 1.5662477564544446e-05]]</COVARIANCE_MATRIX>
		<ROI_SIZE>7688</ROI_SIZE>
		<MAX_VALUE>[0.14131011068820953, 0.11541619896888733, 0.08539815992116928, 0.11532073467969894, 0.06883908808231354, 0.03868958353996277]</MAX_VALUE>
		<MIN_VALUE>[0.12344643473625183, 0.09846265614032745, 0.0711076557636261, 0.0617268830537796, 0.011330625973641872, 0.0]</MIN_VALUE>
		<SIGNATURE_THRESHOLD_MD>0</SIGNATURE_THRESHOLD_MD>
		<SIGNATURE_THRESHOLD_ML>0</SIGNATURE_THRESHOLD_ML>
		<SIGNATURE_THRESHOLD_SAM>0</SIGNATURE_THRESHOLD_SAM>
	</signature>
	<signature ID="20210203_141153723511_591">
		<MACROCLASSID>1</MACROCLASSID>
		<MACROCLASSINFO>waterbody</MACROCLASSINFO>
		<CLASSID>2</CLASSID>
		<CLASSINFO>C 1</CLASSINFO>
		<VALUES>[0.15502824312468771, 0.003329335931851118, 0.15213157221370813, 0.005190046789550792, 0.12985427291164178, 0.005219828843276721, 0.12281900958544546, 0.010971287226365672, 0.048973243569537125, 0.01220699008656046, 0.028408304868950254, 0.008506258633625472]</VALUES>
		<LCS_MIN>[0.14455805718898773, 0.1323697417974472, 0.11112107336521149, 0.1081748828291893, 0.03203367441892624, 0.012261643074452877]</LCS_MIN>
		<LCS_MAX>[0.17866142094135284, 0.193402498960495, 0.17971549928188324, 0.15819580852985382, 0.09184247255325317, 0.07502800971269608]</LCS_MAX>
		<WAVELENGTH>[0.485, 0.56, 0.66, 0.83, 1.65, 2.215]</WAVELENGTH>
		<MEAN_VALUE>[0.15502824312468771, 0.15213157221370813, 0.12985427291164178, 0.12281900958544546, 0.048973243569537125, 0.028408304868950254]</MEAN_VALUE>
		<CHECKBOX>2</CHECKBOX>
		<SD>[0.003329335931851118, 0.005190046789550792, 0.005219828843276721, 0.010971287226365672, 0.01220699008656046, 0.008506258633625472]</SD>
		<WAVELENGTH_UNIT>E-6m</WAVELENGTH_UNIT>
		<COLOR>#da7e6d</COLOR>
		<COVARIANCE_MATRIX>[[1.1103361014145638e-05, 1.2918711554239079e-05, 1.2984940041606485e-05, -4.368466432933254e-06, -6.629511002544353e-06, -1.5489243166576942e-06], [1.2918711554239079e-05, 2.6982474239358257e-05, 2.266727038868385e-05, -1.3188699425753872e-05, -1.9907905667806962e-05, -8.879583305236484e-06], [1.2984940041606485e-05, 2.266727038868385e-05, 2.7293029870570587e-05, -7.81377573427761e-06, -1.1789999547208193e-05, -2.628372169606773e-06], [-4.368466432933254e-06, -1.3188699425753872e-05, -7.81377573427761e-06, 0.00012057420156934878, 0.00011467151619892041, 6.749117134192084e-05], [-6.629511002544353e-06, -1.9907905667806962e-05, -1.1789999547208193e-05, 0.00011467151619892041, 0.00014926445809259036, 9.168203266524118e-05], [-1.5489243166576942e-06, -8.879583305236484e-06, -2.628372169606773e-06, 6.749117134192084e-05, 9.168203266524118e-05, 7.24797007393037e-05]]</COVARIANCE_MATRIX>
		<ROI_SIZE>588</ROI_SIZE>
		<MAX_VALUE>[0.17866142094135284, 0.193402498960495, 0.17971549928188324, 0.15819580852985382, 0.09184247255325317, 0.07502800971269608]</MAX_VALUE>
		<MIN_VALUE>[0.14455805718898773, 0.1323697417974472, 0.11112107336521149, 0.1081748828291893, 0.03203367441892624, 0.012261643074452877]</MIN_VALUE>
		<SIGNATURE_THRESHOLD_MD>0</SIGNATURE_THRESHOLD_MD>
		<SIGNATURE_THRESHOLD_ML>0</SIGNATURE_THRESHOLD_ML>
		<SIGNATURE_THRESHOLD_SAM>0</SIGNATURE_THRESHOLD_SAM>
	</signature>
	<signature ID="20210203_141205518726_170">
		<MACROCLASSID>1</MACROCLASSID>
		<MACROCLASSINFO>waterbody</MACROCLASSINFO>
		<CLASSID>3</CLASSID>
		<CLASSINFO>C 1</CLASSINFO>
		<VALUES>[0.16162993399361478, 0.002546476308960561, 0.15738675335598232, 0.003982342504289296, 0.13837257509504383, 0.003846219601626816, 0.11781822534194644, 0.009253738983043587, 0.048788380359684067, 0.009646690822573788, 0.029387211028616234, 0.006665030980131027]</VALUES>
		<LCS_MIN>[0.15430188179016113, 0.14254187047481537, 0.12255346775054932, 0.10460196435451508, 0.03433401882648468, 0.01886862702667713]</LCS_MIN>
		<LCS_MAX>[0.16729363799095154, 0.16627682745456696, 0.14541828632354736, 0.15819580852985382, 0.08954214304685593, 0.06181403622031212]</LCS_MAX>
		<WAVELENGTH>[0.485, 0.56, 0.66, 0.83, 1.65, 2.215]</WAVELENGTH>
		<MEAN_VALUE>[0.16162993399361478, 0.15738675335598232, 0.13837257509504383, 0.11781822534194644, 0.048788380359684067, 0.029387211028616234]</MEAN_VALUE>
		<CHECKBOX>2</CHECKBOX>
		<SD>[0.002546476308960561, 0.003982342504289296, 0.003846219601626816, 0.009253738983043587, 0.009646690822573788, 0.006665030980131027]</SD>
		<WAVELENGTH_UNIT>E-6m</WAVELENGTH_UNIT>
		<COLOR>#c91263</COLOR>
		<COVARIANCE_MATRIX>[[7.333629301782692e-06, 5.786370457544038e-06, 4.536498930944479e-06, -9.124048565914446e-06, -4.692030833665618e-06, -2.2862545943993543e-06], [5.786370457544038e-06, 1.6976778927502364e-05, 9.176747652219269e-06, -2.2586502607065833e-05, -1.0473483040958193e-05, -4.8844432775580486e-06], [4.536498930944479e-06, 9.176747652219269e-06, 1.3582941035821786e-05, -1.2018665154969946e-05, -5.0066738085972545e-06, -7.558520863430045e-07], [-9.124048565914446e-06, -2.2586502607065833e-05, -1.2018665154969946e-05, 0.00010860510019372363, 8.253957235120096e-05, 4.81919329556498e-05], [-4.692030833665618e-06, -1.0473483040958193e-05, -5.0066738085972545e-06, 8.253957235120096e-05, 0.00010307241455453772, 6.167069131247112e-05], [-2.2862545943993543e-06, -4.8844432775580486e-06, -7.558520863430045e-07, 4.81919329556498e-05, 6.167069131247112e-05, 4.9586832866180546e-05]]</COVARIANCE_MATRIX>
		<ROI_SIZE>949</ROI_SIZE>
		<MAX_VALUE>[0.16729363799095154, 0.16627682745456696, 0.14541828632354736, 0.15819580852985382, 0.08954214304685593, 0.06181403622031212]</MAX_VALUE>
		<MIN_VALUE>[0.15430188179016113, 0.14254187047481537, 0.12255346775054932, 0.10460196435451508, 0.03433401882648468, 0.01886862702667713]</MIN_VALUE>
		<SIGNATURE_THRESHOLD_MD>0</SIGNATURE_THRESHOLD_MD>
		<SIGNATURE_THRESHOLD_ML>0</SIGNATURE_THRESHOLD_ML>
		<SIGNATURE_THRESHOLD_SAM>0</SIGNATURE_THRESHOLD_SAM>
	</signature>
	<signature ID="20210203_141310154649_309">
		<MACROCLASSID>1</MACROCLASSID>
		<MACROCLASSINFO>waterbody</MACROCLASSINFO>
		<CLASSID>4</CLASSID>
		<CLASSINFO>C 1</CLASSINFO>
		<VALUES>[0.15997079304346815, 0.0024049970040661488, 0.1586489278162624, 0.00321052224660711, 0.14034668199770842, 0.004879818280614844, 0.1136483011093545, 0.010080217355460875, 0.047310534220003905, 0.010605791945473033, 0.02829178153464554, 0.006914547075809753]</VALUES>
		<LCS_MIN>[0.15105393528938293, 0.14254187047481537, 0.11969537287950516, 0.10102903842926025, 0.03433401882648468, 0.015565134584903717]</LCS_MIN>
		<LCS_MAX>[0.16729363799095154, 0.16627682745456696, 0.1625669002532959, 0.15104998648166656, 0.08724179863929749, 0.06181403622031212]</LCS_MAX>
		<WAVELENGTH>[0.485, 0.56, 0.66, 0.83, 1.65, 2.215]</WAVELENGTH>
		<MEAN_VALUE>[0.15997079304346815, 0.1586489278162624, 0.14034668199770842, 0.1136483011093545, 0.047310534220003905, 0.02829178153464554]</MEAN_VALUE>
		<CHECKBOX>2</CHECKBOX>
		<SD>[0.0024049970040661488, 0.00321052224660711, 0.004879818280614844, 0.010080217355460875, 0.010605791945473033, 0.006914547075809753]</SD>
		<WAVELENGTH_UNIT>E-6m</WAVELENGTH_UNIT>
		<COLOR>#5e7725</COLOR>
		<COVARIANCE_MATRIX>[[5.792226513700009e-06, 3.0299076596050517e-06, 4.766508807451108e-06, -6.5691651568078746e-06, -6.722269905905693e-06, -3.2612220476152464e-06], [3.0299076596050517e-06, 1.0322094364561587e-05, 1.0223624314574568e-05, -1.0727439572839775e-05, -1.290906864736638e-05, -6.538732979757694e-06], [4.766508807451108e-06, 1.0223624314574568e-05, 2.3846451205305234e-05, -1.6791656717646518e-07, -5.584137018483714e-06, -1.3484699090552358e-06], [-6.5691651568078746e-06, -1.0727439572839775e-05, -1.6791656717646518e-07, 0.00010175511543039894, 8.805670981570575e-05, 5.234819567272917e-05], [-6.722269905905693e-06, -1.290906864736638e-05, -5.584137018483714e-06, 8.805670981570575e-05, 0.0001126425995275793, 6.610051633147406e-05], [-3.2612220476152464e-06, -6.538732979757694e-06, -1.3484699090552358e-06, 5.234819567272917e-05, 6.610051633147406e-05, 4.7878874560838596e-05]]</COVARIANCE_MATRIX>
		<ROI_SIZE>705</ROI_SIZE>
		<MAX_VALUE>[0.16729363799095154, 0.16627682745456696, 0.1625669002532959, 0.15104998648166656, 0.08724179863929749, 0.06181403622031212]</MAX_VALUE>
		<MIN_VALUE>[0.15105393528938293, 0.14254187047481537, 0.11969537287950516, 0.10102903842926025, 0.03433401882648468, 0.015565134584903717]</MIN_VALUE>
		<SIGNATURE_THRESHOLD_MD>0</SIGNATURE_THRESHOLD_MD>
		<SIGNATURE_THRESHOLD_ML>0</SIGNATURE_THRESHOLD_ML>
		<SIGNATURE_THRESHOLD_SAM>0</SIGNATURE_THRESHOLD_SAM>
	</signature>
	<signature ID="20210203_141316753040_643">
		<MACROCLASSID>1</MACROCLASSID>
		<MACROCLASSINFO>waterbody</MACROCLASSINFO>
		<CLASSID>5</CLASSID>
		<CLASSINFO>C 1</CLASSINFO>
		<VALUES>[0.1628954823928991, 0.0024889943140336012, 0.15560102194638933, 0.0035519702504975387, 0.13866914253094287, 0.005961207877732698, 0.11572015712217384, 0.009192880753596342, 0.04722894381897191, 0.008850293245495898, 0.02940388547847048, 0.006091261355327849]</VALUES>
		<LCS_MIN>[0.15430188179016113, 0.14593258500099182, 0.12255346775054932, 0.10102903842926025, 0.03433401882648468, 0.01886862702667713]</LCS_MIN>
		<LCS_MAX>[0.17054158449172974, 0.16627682745456696, 0.15113449096679688, 0.1546228975057602, 0.09414281696081161, 0.06511752307415009]</LCS_MAX>
		<WAVELENGTH>[0.485, 0.56, 0.66, 0.83, 1.65, 2.215]</WAVELENGTH>
		<MEAN_VALUE>[0.1628954823928991, 0.15560102194638933, 0.13866914253094287, 0.11572015712217384, 0.04722894381897191, 0.02940388547847048]</MEAN_VALUE>
		<CHECKBOX>2</CHECKBOX>
		<SD>[0.0024889943140336012, 0.0035519702504975387, 0.005961207877732698, 0.009192880753596342, 0.008850293245495898, 0.006091261355327849]</SD>
		<WAVELENGTH_UNIT>E-6m</WAVELENGTH_UNIT>
		<COLOR>#aaf34c</COLOR>
		<COVARIANCE_MATRIX>[[1.0177508740631142e-05, 1.2105768776771816e-05, 1.300107372713105e-05, 8.160568858864837e-07, -1.770443553912644e-06, -1.1682260434418651e-06], [1.2105768776771816e-05, 3.205137552394276e-05, 3.104458903987679e-05, 1.6009305075974403e-06, -4.965950840828389e-06, -3.4156994201616323e-06], [1.300107372713105e-05, 3.104458903987679e-05, 4.603004971738349e-05, 4.688574093778869e-06, -3.0336074015866573e-06, -1.5490400382014906e-06], [8.160568858864837e-07, 1.6009305075974403e-06, 4.688574093778869e-06, 8.999026174846063e-05, 7.280895437624861e-05, 4.2062919149065316e-05], [-1.770443553912644e-06, -4.965950840828389e-06, -3.0336074015866573e-06, 7.280895437624861e-05, 8.968334596396076e-05, 5.2894859780411416e-05], [-1.1682260434418651e-06, -3.4156994201616323e-06, -1.5490400382014906e-06, 4.2062919149065316e-05, 5.2894859780411416e-05, 4.261229070191951e-05]]</COVARIANCE_MATRIX>
		<ROI_SIZE>2104</ROI_SIZE>
		<MAX_VALUE>[0.17054158449172974, 0.16627682745456696, 0.15113449096679688, 0.1546228975057602, 0.09414281696081161, 0.06511752307415009]</MAX_VALUE>
		<MIN_VALUE>[0.15430188179016113, 0.14593258500099182, 0.12255346775054932, 0.10102903842926025, 0.03433401882648468, 0.01886862702667713]</MIN_VALUE>
		<SIGNATURE_THRESHOLD_MD>0</SIGNATURE_THRESHOLD_MD>
		<SIGNATURE_THRESHOLD_ML>0</SIGNATURE_THRESHOLD_ML>
		<SIGNATURE_THRESHOLD_SAM>0</SIGNATURE_THRESHOLD_SAM>
	</signature>
	<signature ID="20210203_141325787329_147">
		<MACROCLASSID>1</MACROCLASSID>
		<MACROCLASSINFO>waterbody</MACROCLASSINFO>
		<CLASSID>6</CLASSID>
		<CLASSINFO>C 1</CLASSINFO>
		<VALUES>[0.15879314552108514, 0.0025357230179994723, 0.15253461207605998, 0.0028091756056198105, 0.13735008951410657, 0.0031223773636915118, 0.10730856390427704, 0.008389588245283101, 0.038846800901669046, 0.007746941471905755, 0.023810515767353428, 0.005327947326835084]</VALUES>
		<LCS_MIN>[0.14942996203899384, 0.14254187047481537, 0.12255346775054932, 0.09388318657875061, 0.02513265796005726, 0.012261643074452877]</LCS_MIN>
		<LCS_MAX>[0.16729363799095154, 0.15949539840221405, 0.14541828632354736, 0.14390411972999573, 0.08034079521894455, 0.05520704761147499]</LCS_MAX>
		<WAVELENGTH>[0.485, 0.56, 0.66, 0.83, 1.65, 2.215]</WAVELENGTH>
		<MEAN_VALUE>[0.15879314552108514, 0.15253461207605998, 0.13735008951410657, 0.10730856390427704, 0.038846800901669046, 0.023810515767353428]</MEAN_VALUE>
		<CHECKBOX>2</CHECKBOX>
		<SD>[0.0025357230179994723, 0.0028091756056198105, 0.0031223773636915118, 0.008389588245283101, 0.007746941471905755, 0.005327947326835084]</SD>
		<WAVELENGTH_UNIT>E-6m</WAVELENGTH_UNIT>
		<COLOR>#a94ff4</COLOR>
		<COVARIANCE_MATRIX>[[6.4346190852060245e-06, 2.725360279746607e-06, 3.31212290904504e-06, -2.335208528207771e-06, -2.648454252474447e-06, -1.143126653967711e-06], [2.725360279746607e-06, 7.897270132902886e-06, 4.024250226444632e-06, -8.466567516522485e-06, -7.689370049944265e-06, -4.0463452959845235e-06], [3.31212290904504e-06, 4.024250226444632e-06, 9.756408960411828e-06, -7.002324878136748e-06, -6.757309419796721e-06, -2.8222882680492536e-06], [-2.335208528207771e-06, -8.466567516522485e-06, -7.002324878136748e-06, 7.04369447422495e-05, 5.415667788227376e-05, 3.0511659489079062e-05], [-2.648454252474447e-06, -7.689370049944265e-06, -6.757309419796721e-06, 5.415667788227376e-05, 6.005923092072816e-05, 3.3189240808213285e-05], [-1.143126653967711e-06, -4.0463452959845235e-06, -2.8222882680492536e-06, 3.0511659489079062e-05, 3.3189240808213285e-05, 2.8407895528350854e-05]]</COVARIANCE_MATRIX>
		<ROI_SIZE>1361</ROI_SIZE>
		<MAX_VALUE>[0.16729363799095154, 0.15949539840221405, 0.14541828632354736, 0.14390411972999573, 0.08034079521894455, 0.05520704761147499]</MAX_VALUE>
		<MIN_VALUE>[0.14942996203899384, 0.14254187047481537, 0.12255346775054932, 0.09388318657875061, 0.02513265796005726, 0.012261643074452877]</MIN_VALUE>
		<SIGNATURE_THRESHOLD_MD>0</SIGNATURE_THRESHOLD_MD>
		<SIGNATURE_THRESHOLD_ML>0</SIGNATURE_THRESHOLD_ML>
		<SIGNATURE_THRESHOLD_SAM>0</SIGNATURE_THRESHOLD_SAM>
	</signature>
	<signature ID="20210203_141335205327_506">
		<MACROCLASSID>1</MACROCLASSID>
		<MACROCLASSINFO>waterbody</MACROCLASSINFO>
		<CLASSID>7</CLASSID>
		<CLASSINFO>C 1</CLASSINFO>
		<VALUES>[0.15694806949756177, 0.0034403072885540054, 0.14279675066199554, 0.006438631908523902, 0.11537892269397271, 0.007491001603712194, 0.0817754017295219, 0.010581929591282754, 0.03362429102821939, 0.008767635716151098, 0.022272453163223595, 0.005518687997931787]</VALUES>
		<LCS_MIN>[0.14131011068820953, 0.12219761312007904, 0.09683056175708771, 0.06529979407787323, 0.018231641501188278, 0.008958149701356888]</LCS_MIN>
		<LCS_MAX>[0.16891761124134064, 0.1561046987771988, 0.1368439942598343, 0.1260395050048828, 0.07574010640382767, 0.058510541915893555]</LCS_MAX>
		<WAVELENGTH>[0.485, 0.56, 0.66, 0.83, 1.65, 2.215]</WAVELENGTH>
		<MEAN_VALUE>[0.15694806949756177, 0.14279675066199554, 0.11537892269397271, 0.0817754017295219, 0.03362429102821939, 0.022272453163223595]</MEAN_VALUE>
		<CHECKBOX>2</CHECKBOX>
		<SD>[0.0034403072885540054, 0.006438631908523902, 0.007491001603712194, 0.010581929591282754, 0.008767635716151098, 0.005518687997931787]</SD>
		<WAVELENGTH_UNIT>E-6m</WAVELENGTH_UNIT>
		<COLOR>#fe80fa</COLOR>
		<COVARIANCE_MATRIX>[[1.0324614782654538e-05, 1.3250203099038264e-05, 1.3482212218898696e-05, -6.162064342665998e-06, -4.532419964057171e-06, -1.4005874107793822e-06], [1.3250203099038264e-05, 3.443327059704724e-05, 3.274290086267046e-05, -1.3604659173893873e-05, -1.244048971450548e-05, -5.15963243876987e-06], [1.3482212218898696e-05, 3.274290086267046e-05, 4.688602305152219e-05, 8.00699937449286e-06, 1.988885511818854e-06, 2.6965795642250267e-06], [-6.162064342665998e-06, -1.3604659173893873e-05, 8.00699937449286e-06, 0.00010905615978330592, 7.880572043717819e-05, 4.129672821300271e-05], [-4.532419964057171e-06, -1.244048971450548e-05, 1.988885511818854e-06, 7.880572043717819e-05, 8.489765348194713e-05, 4.573214850965499e-05], [-1.4005874107793822e-06, -5.15963243876987e-06, 2.6965795642250267e-06, 4.129672821300271e-05, 4.573214850965499e-05, 3.571011470668949e-05]]</COVARIANCE_MATRIX>
		<ROI_SIZE>6943</ROI_SIZE>
		<MAX_VALUE>[0.16891761124134064, 0.1561046987771988, 0.1368439942598343, 0.1260395050048828, 0.07574010640382767, 0.058510541915893555]</MAX_VALUE>
		<MIN_VALUE>[0.14131011068820953, 0.12219761312007904, 0.09683056175708771, 0.06529979407787323, 0.018231641501188278, 0.008958149701356888]</MIN_VALUE>
		<SIGNATURE_THRESHOLD_MD>0</SIGNATURE_THRESHOLD_MD>
		<SIGNATURE_THRESHOLD_ML>0</SIGNATURE_THRESHOLD_ML>
		<SIGNATURE_THRESHOLD_SAM>0</SIGNATURE_THRESHOLD_SAM>
	</signature>
	<signature ID="20210203_141343733265_608">
		<MACROCLASSID>1</MACROCLASSID>
		<MACROCLASSINFO>waterbody</MACROCLASSINFO>
		<CLASSID>8</CLASSID>
		<CLASSINFO>C 1</CLASSINFO>
		<VALUES>[0.16727722311176513, 0.0028357228718449566, 0.1592829120458373, 0.003524224030088276, 0.14476346573980645, 0.007548017367391465, 0.10565770782449976, 0.018096397203522005, 0.042127882936879024, 0.005523264411901069, 0.029275519761440116, 0.004221599545696398]</VALUES>
		<LCS_MIN>[0.15430188179016113, 0.13915115594863892, 0.11969537287950516, 0.08316442370414734, 0.029733335599303246, 0.01886862702667713]</LCS_MIN>
		<LCS_MAX>[0.17541345953941345, 0.1696675419807434, 0.1625669002532959, 0.15819580852985382, 0.08724179863929749, 0.06511752307415009]</LCS_MAX>
		<WAVELENGTH>[0.485, 0.56, 0.66, 0.83, 1.65, 2.215]</WAVELENGTH>
		<MEAN_VALUE>[0.16727722311176513, 0.1592829120458373, 0.14476346573980645, 0.10565770782449976, 0.042127882936879024, 0.029275519761440116]</MEAN_VALUE>
		<CHECKBOX>2</CHECKBOX>
		<SD>[0.0028357228718449566, 0.003524224030088276, 0.007548017367391465, 0.018096397203522005, 0.005523264411901069, 0.004221599545696398]</SD>
		<WAVELENGTH_UNIT>E-6m</WAVELENGTH_UNIT>
		<COLOR>#88f29f</COLOR>
		<COVARIANCE_MATRIX>[[7.220338131819892e-06, 4.181830847295525e-06, 8.361194797067845e-06, 6.123743597950265e-06, 2.0368250819211928e-06, 1.6383502889885465e-06], [4.181830847295525e-06, 9.989733120764707e-06, 1.3601731555755305e-05, 8.423556590212352e-06, 1.3432153183634733e-06, 1.229258466146786e-06], [8.361194797067845e-06, 1.3601731555755305e-05, 5.8969678800556926e-05, 9.509081679480582e-05, 1.3282169822165166e-05, 6.80841156866665e-06], [6.123743597950265e-06, 8.423556590212352e-06, 9.509081679480582e-05, 0.00027517271777344876, 4.614718254293714e-05, 2.2475414818735335e-05], [2.0368250819211928e-06, 1.3432153183634733e-06, 1.3282169822165166e-05, 4.614718254293714e-05, 2.4335175536056925e-05, 1.2772245144191736e-05], [1.6383502889885465e-06, 1.229258466146786e-06, 6.80841156866665e-06, 2.2475414818735335e-05, 1.2772245144191736e-05, 1.5370208852824046e-05]]</COVARIANCE_MATRIX>
		<ROI_SIZE>6281</ROI_SIZE>
		<MAX_VALUE>[0.17541345953941345, 0.1696675419807434, 0.1625669002532959, 0.15819580852985382, 0.08724179863929749, 0.06511752307415009]</MAX_VALUE>
		<MIN_VALUE>[0.15430188179016113, 0.13915115594863892, 0.11969537287950516, 0.08316442370414734, 0.029733335599303246, 0.01886862702667713]</MIN_VALUE>
		<SIGNATURE_THRESHOLD_MD>0</SIGNATURE_THRESHOLD_MD>
		<SIGNATURE_THRESHOLD_ML>0</SIGNATURE_THRESHOLD_ML>
		<SIGNATURE_THRESHOLD_SAM>0</SIGNATURE_THRESHOLD_SAM>
	</signature>
	<signature ID="20210203_141348909033_474">
		<MACROCLASSID>1</MACROCLASSID>
		<MACROCLASSINFO>waterbody</MACROCLASSINFO>
		<CLASSID>9</CLASSID>
		<CLASSINFO>C 1</CLASSINFO>
		<VALUES>[0.15448636833147275, 0.0033838340743556645, 0.13622568897163737, 0.007437887117725573, 0.10570158958549454, 0.009993484846278778, 0.07640664944308355, 0.006407772671574461, 0.031967459465629906, 0.00339247637525115, 0.02201870409083721, 0.00320495390614493]</VALUES>
		<LCS_MIN>[0.14455805718898773, 0.12219761312007904, 0.09111436456441879, 0.06529979407787323, 0.02053198032081127, 0.012261643074452877]</LCS_MIN>
		<LCS_MAX>[0.16729363799095154, 0.15949539840221405, 0.14541828632354736, 0.11889365315437317, 0.07574010640382767, 0.06181403622031212]</LCS_MAX>
		<WAVELENGTH>[0.485, 0.56, 0.66, 0.83, 1.65, 2.215]</WAVELENGTH>
		<MEAN_VALUE>[0.15448636833147275, 0.13622568897163737, 0.10570158958549454, 0.07640664944308355, 0.031967459465629906, 0.02201870409083721]</MEAN_VALUE>
		<CHECKBOX>2</CHECKBOX>
		<SD>[0.0033838340743556645, 0.007437887117725573, 0.009993484846278778, 0.006407772671574461, 0.00339247637525115, 0.00320495390614493]</SD>
		<WAVELENGTH_UNIT>E-6m</WAVELENGTH_UNIT>
		<COLOR>#ac94e4</COLOR>
		<COVARIANCE_MATRIX>[[1.192203123159207e-05, 2.0440868676683002e-05, 2.8025045855173334e-05, 1.53265830308269e-05, 4.255993441466504e-06, 2.378482748225778e-06], [2.0440868676683002e-05, 5.6499336076303806e-05, 7.153373982552412e-05, 3.843096788499291e-05, 9.835091443794173e-06, 5.084246992065302e-06], [2.8025045855173334e-05, 7.153373982552412e-05, 0.00010484717356851718, 5.854928408458482e-05, 1.6536443701124005e-05, 9.055304103201095e-06], [1.53265830308269e-05, 3.843096788499291e-05, 5.854928408458482e-05, 4.223986289746648e-05, 1.2911086894677342e-05, 7.625426116101387e-06], [4.255993441466504e-06, 9.835091443794173e-06, 1.6536443701124005e-05, 1.2911086894677342e-05, 1.2005580256506197e-05, 4.8696980224777486e-06], [2.378482748225778e-06, 5.084246992065302e-06, 9.055304103201095e-06, 7.625426116101387e-06, 4.8696980224777486e-06, 1.0663166557734082e-05]]</COVARIANCE_MATRIX>
		<ROI_SIZE>8934</ROI_SIZE>
		<MAX_VALUE>[0.16729363799095154, 0.15949539840221405, 0.14541828632354736, 0.11889365315437317, 0.07574010640382767, 0.06181403622031212]</MAX_VALUE>
		<MIN_VALUE>[0.14455805718898773, 0.12219761312007904, 0.09111436456441879, 0.06529979407787323, 0.02053198032081127, 0.012261643074452877]</MIN_VALUE>
		<SIGNATURE_THRESHOLD_MD>0</SIGNATURE_THRESHOLD_MD>
		<SIGNATURE_THRESHOLD_ML>0</SIGNATURE_THRESHOLD_ML>
		<SIGNATURE_THRESHOLD_SAM>0</SIGNATURE_THRESHOLD_SAM>
	</signature>
	<signature ID="20210203_141402998046_257">
		<MACROCLASSID>1</MACROCLASSID>
		<MACROCLASSINFO>waterbody</MACROCLASSINFO>
		<CLASSID>10</CLASSID>
		<CLASSINFO>C 1</CLASSINFO>
		<VALUES>[0.15068184865671308, 0.0026816653845050833, 0.13088258856221216, 0.004232970417340659, 0.10230507721764989, 0.006793232321156442, 0.08294502987934806, 0.011411445943525078, 0.033325899862929505, 0.00959833974948673, 0.02132828004690906, 0.007171696801673326]</VALUES>
		<LCS_MIN>[0.14293408393859863, 0.12219761312007904, 0.09111436456441879, 0.06887272000312805, 0.015931302681565285, 0.005654655396938324]</LCS_MIN>
		<LCS_MAX>[0.16729363799095154, 0.15271398425102234, 0.13970209658145905, 0.1224665641784668, 0.07574010640382767, 0.06181403622031212]</LCS_MAX>
		<WAVELENGTH>[0.485, 0.56, 0.66, 0.83, 1.65, 2.215]</WAVELENGTH>
		<MEAN_VALUE>[0.15068184865671308, 0.13088258856221216, 0.10230507721764989, 0.08294502987934806, 0.033325899862929505, 0.02132828004690906]</MEAN_VALUE>
		<CHECKBOX>2</CHECKBOX>
		<SD>[0.0026816653845050833, 0.004232970417340659, 0.006793232321156442, 0.011411445943525078, 0.00959833974948673, 0.007171696801673326]</SD>
		<WAVELENGTH_UNIT>E-6m</WAVELENGTH_UNIT>
		<COLOR>#6388d6</COLOR>
		<COVARIANCE_MATRIX>[[7.193853393538359e-06, 6.012009303017118e-06, 9.290729541835416e-06, 7.268487670729577e-06, 7.583897278584779e-06, 6.220044681568788e-06], [6.012009303017118e-06, 1.792432779190306e-05, 2.3815199290831194e-05, 2.4604733767070986e-05, 2.028433398748315e-05, 1.4703082998009095e-05], [9.290729541835416e-06, 2.3815199290831194e-05, 4.616420333528719e-05, 5.110978862418039e-05, 4.1080021994914224e-05, 2.805154038166994e-05], [7.268487670729577e-06, 2.4604733767070986e-05, 5.110978862418039e-05, 0.00013026680617328509, 8.855997832425455e-05, 5.346538562607843e-05], [7.583897278584779e-06, 2.028433398748315e-05, 4.1080021994914224e-05, 8.855997832425455e-05, 9.216046295112105e-05, 5.833384805040052e-05], [6.220044681568788e-06, 1.4703082998009095e-05, 2.805154038166994e-05, 5.346538562607843e-05, 5.833384805040052e-05, 5.145128809867471e-05]]</COVARIANCE_MATRIX>
		<ROI_SIZE>2850</ROI_SIZE>
		<MAX_VALUE>[0.16729363799095154, 0.15271398425102234, 0.13970209658145905, 0.1224665641784668, 0.07574010640382767, 0.06181403622031212]</MAX_VALUE>
		<MIN_VALUE>[0.14293408393859863, 0.12219761312007904, 0.09111436456441879, 0.06887272000312805, 0.015931302681565285, 0.005654655396938324]</MIN_VALUE>
		<SIGNATURE_THRESHOLD_MD>0</SIGNATURE_THRESHOLD_MD>
		<SIGNATURE_THRESHOLD_ML>0</SIGNATURE_THRESHOLD_ML>
		<SIGNATURE_THRESHOLD_SAM>0</SIGNATURE_THRESHOLD_SAM>
	</signature>
	<signature ID="20210203_141414470012_214">
		<MACROCLASSID>1</MACROCLASSID>
		<MACROCLASSINFO>waterbody</MACROCLASSINFO>
		<CLASSID>11</CLASSID>
		<CLASSINFO>C 1</CLASSINFO>
		<VALUES>[0.1656533495831523, 0.0034443850813375707, 0.15621647703778613, 0.004018472634382076, 0.11003884706570181, 0.0029795137807629405, 0.0911931231056503, 0.008057619944797123, 0.03400900498664167, 0.006915856656853514, 0.020117419515115025, 0.004815177007101819]</VALUES>
		<LCS_MIN>[0.14942996203899384, 0.13576045632362366, 0.09968866407871246, 0.07959149777889252, 0.02053198032081127, 0.008958149701356888]</LCS_MIN>
		<LCS_MAX>[0.17541345953941345, 0.1696675419807434, 0.11969537287950516, 0.13675826787948608, 0.08494146913290024, 0.058510541915893555]</LCS_MAX>
		<WAVELENGTH>[0.485, 0.56, 0.66, 0.83, 1.65, 2.215]</WAVELENGTH>
		<MEAN_VALUE>[0.1656533495831523, 0.15621647703778613, 0.11003884706570181, 0.0911931231056503, 0.03400900498664167, 0.020117419515115025]</MEAN_VALUE>
		<CHECKBOX>2</CHECKBOX>
		<SD>[0.0034443850813375707, 0.004018472634382076, 0.0029795137807629405, 0.008057619944797123, 0.006915856656853514, 0.004815177007101819]</SD>
		<WAVELENGTH_UNIT>E-6m</WAVELENGTH_UNIT>
		<COLOR>#7c7a23</COLOR>
		<COVARIANCE_MATRIX>[[1.1867514652796052e-05, 9.54984280061564e-06, 4.686498536439234e-06, -1.3951988527329254e-05, -1.2285896281192957e-05, -6.993930062823103e-06], [9.54984280061564e-06, 1.6153193959732586e-05, 5.730461545271372e-06, -1.9488372995041375e-05, -1.68566326265322e-05, -9.339091806418394e-06], [4.686498536439234e-06, 5.730461545271372e-06, 8.880290530048327e-06, -1.177065663095373e-06, -2.590186121167807e-06, -1.150877579754608e-06], [-1.3951988527329254e-05, -1.9488372995041375e-05, -1.177065663095373e-06, 6.4945630267498e-05, 4.736777459758793e-05, 2.6084373786068137e-05], [-1.2285896281192957e-05, -1.68566326265322e-05, -2.590186121167807e-06, 4.736777459758793e-05, 4.7844094992020175e-05, 2.5057893260359185e-05], [-6.993930062823103e-06, -9.339091806418394e-06, -1.150877579754608e-06, 2.6084373786068137e-05, 2.5057893260359185e-05, 2.3193211622790492e-05]]</COVARIANCE_MATRIX>
		<ROI_SIZE>3185</ROI_SIZE>
		<MAX_VALUE>[0.17541345953941345, 0.1696675419807434, 0.11969537287950516, 0.13675826787948608, 0.08494146913290024, 0.058510541915893555]</MAX_VALUE>
		<MIN_VALUE>[0.14942996203899384, 0.13576045632362366, 0.09968866407871246, 0.07959149777889252, 0.02053198032081127, 0.008958149701356888]</MIN_VALUE>
		<SIGNATURE_THRESHOLD_MD>0</SIGNATURE_THRESHOLD_MD>
		<SIGNATURE_THRESHOLD_ML>0</SIGNATURE_THRESHOLD_ML>
		<SIGNATURE_THRESHOLD_SAM>0</SIGNATURE_THRESHOLD_SAM>
	</signature>
	<signature ID="20210203_141430585417_794">
		<MACROCLASSID>1</MACROCLASSID>
		<MACROCLASSINFO>waterbody</MACROCLASSINFO>
		<CLASSID>12</CLASSID>
		<CLASSINFO>C 1</CLASSINFO>
		<VALUES>[0.14935564519740746, 0.003157596485584558, 0.12631624523099733, 0.005492575009120984, 0.09181198136102264, 0.007244127942086924, 0.06872579246584785, 0.00666526864682081, 0.024823945698460293, 0.004587376470453066, 0.01563305979878325, 0.004056830065374218]</VALUES>
		<LCS_MIN>[0.13968613743782043, 0.11202549189329147, 0.07682384550571442, 0.05458103120326996, 0.013630964793264866, 0.005654655396938324]</LCS_MIN>
		<LCS_MAX>[0.16566966474056244, 0.15271398425102234, 0.13398587703704834, 0.11532073467969894, 0.06883908808231354, 0.058510541915893555]</LCS_MAX>
		<WAVELENGTH>[0.485, 0.56, 0.66, 0.83, 1.65, 2.215]</WAVELENGTH>
		<MEAN_VALUE>[0.14935564519740746, 0.12631624523099733, 0.09181198136102264, 0.06872579246584785, 0.024823945698460293, 0.01563305979878325]</MEAN_VALUE>
		<CHECKBOX>2</CHECKBOX>
		<SD>[0.003157596485584558, 0.005492575009120984, 0.007244127942086924, 0.00666526864682081, 0.004587376470453066, 0.004056830065374218]</SD>
		<WAVELENGTH_UNIT>E-6m</WAVELENGTH_UNIT>
		<COLOR>#74519e</COLOR>
		<COVARIANCE_MATRIX>[[9.488883611939146e-06, 1.183150283460776e-05, 1.5638666974030013e-05, 1.3243272880199431e-05, 5.991943405418239e-06, 3.475130447575819e-06], [1.183150283460776e-05, 2.8268752957290143e-05, 3.363476377839581e-05, 2.812783881542473e-05, 1.2603752616015106e-05, 7.0913739874298304e-06], [1.5638666974030013e-05, 3.363476377839581e-05, 5.010093785887621e-05, 4.048790637921604e-05, 1.974301316921007e-05, 1.1364939555445366e-05], [1.3243272880199431e-05, 2.812783881542473e-05, 4.048790637921604e-05, 4.292505725047256e-05, 2.0847853354097474e-05, 1.2151298135527888e-05], [5.991943405418239e-06, 1.2603752616015106e-05, 1.974301316921007e-05, 2.0847853354097474e-05, 1.987850086872116e-05, 1.052949906688173e-05], [3.475130447575819e-06, 7.0913739874298304e-06, 1.1364939555445366e-05, 1.2151298135527888e-05, 1.052949906688173e-05, 1.6038363958810984e-05]]</COVARIANCE_MATRIX>
		<ROI_SIZE>7612</ROI_SIZE>
		<MAX_VALUE>[0.16566966474056244, 0.15271398425102234, 0.13398587703704834, 0.11532073467969894, 0.06883908808231354, 0.058510541915893555]</MAX_VALUE>
		<MIN_VALUE>[0.13968613743782043, 0.11202549189329147, 0.07682384550571442, 0.05458103120326996, 0.013630964793264866, 0.005654655396938324]</MIN_VALUE>
		<SIGNATURE_THRESHOLD_MD>0</SIGNATURE_THRESHOLD_MD>
		<SIGNATURE_THRESHOLD_ML>0</SIGNATURE_THRESHOLD_ML>
		<SIGNATURE_THRESHOLD_SAM>0</SIGNATURE_THRESHOLD_SAM>
	</signature>
	<signature ID="20210203_141444708173_752">
		<MACROCLASSID>1</MACROCLASSID>
		<MACROCLASSINFO>waterbody</MACROCLASSINFO>
		<CLASSID>13</CLASSID>
		<CLASSINFO>C 1</CLASSINFO>
		<VALUES>[0.1515572729365665, 0.00257778905783772, 0.13801242616541134, 0.0037280055759097964, 0.11098019252146107, 0.004173291275720293, 0.10632126314648017, 0.009949855558534369, 0.04823982007272457, 0.010599308015916964, 0.03150303806228842, 0.008407475141669679]</VALUES>
		<LCS_MIN>[0.14455805718898773, 0.1255883425474167, 0.09968866407871246, 0.09031026810407639, 0.03203367441892624, 0.01886862702667713]</LCS_MIN>
		<LCS_MAX>[0.15917378664016724, 0.14932328462600708, 0.13112777471542358, 0.14390411972999573, 0.08954214304685593, 0.07172451913356781]</LCS_MAX>
		<WAVELENGTH>[0.485, 0.56, 0.66, 0.83, 1.65, 2.215]</WAVELENGTH>
		<MEAN_VALUE>[0.1515572729365665, 0.13801242616541134, 0.11098019252146107, 0.10632126314648017, 0.04823982007272457, 0.03150303806228842]</MEAN_VALUE>
		<CHECKBOX>2</CHECKBOX>
		<SD>[0.00257778905783772, 0.0037280055759097964, 0.004173291275720293, 0.009949855558534369, 0.010599308015916964, 0.008407475141669679]</SD>
		<WAVELENGTH_UNIT>E-6m</WAVELENGTH_UNIT>
		<COLOR>#062ec5</COLOR>
		<COVARIANCE_MATRIX>[[6.650552443787234e-06, 5.02573337125524e-06, 5.57398185677446e-06, 1.6323821321229884e-06, 1.7562191328202537e-06, 2.489899774061339e-06], [5.02573337125524e-06, 1.3909645996734587e-05, 1.0713452777692107e-05, 5.514836955575392e-07, 9.791208385742086e-07, 3.7412886870247882e-06], [5.57398185677446e-06, 1.0713452777692107e-05, 1.743092224597617e-05, 1.2597286858827334e-05, 1.57804760537758e-05, 1.532027994938493e-05], [1.6323821321229884e-06, 5.514836955575392e-07, 1.2597286858827334e-05, 9.908240124241607e-05, 8.811999782306597e-05, 5.78713667324539e-05], [1.7562191328202537e-06, 9.791208385742086e-07, 1.57804760537758e-05, 8.811999782306597e-05, 0.00011243926463903777, 7.830096643817231e-05], [2.489899774061339e-06, 3.7412886870247882e-06, 1.532027994938493e-05, 5.78713667324539e-05, 7.830096643817231e-05, 7.074473996202256e-05]]</COVARIANCE_MATRIX>
		<ROI_SIZE>1197</ROI_SIZE>
		<MAX_VALUE>[0.15917378664016724, 0.14932328462600708, 0.13112777471542358, 0.14390411972999573, 0.08954214304685593, 0.07172451913356781]</MAX_VALUE>
		<MIN_VALUE>[0.14455805718898773, 0.1255883425474167, 0.09968866407871246, 0.09031026810407639, 0.03203367441892624, 0.01886862702667713]</MIN_VALUE>
		<SIGNATURE_THRESHOLD_MD>0</SIGNATURE_THRESHOLD_MD>
		<SIGNATURE_THRESHOLD_ML>0</SIGNATURE_THRESHOLD_ML>
		<SIGNATURE_THRESHOLD_SAM>0</SIGNATURE_THRESHOLD_SAM>
	</signature>
	<signature ID="20210203_141456339662_725">
		<MACROCLASSID>1</MACROCLASSID>
		<MACROCLASSINFO>waterbody</MACROCLASSINFO>
		<CLASSID>14</CLASSID>
		<CLASSINFO>C 1</CLASSINFO>
		<VALUES>[0.15510578897909444, 0.0028852472591106883, 0.14602021070171312, 0.005247340290675128, 0.13772471135048941, 0.008026712343067606, 0.1195471536508849, 0.01407984411491943, 0.050893707878546995, 0.014524057301483938, 0.03231246339131303, 0.009399902565636156]</VALUES>
		<LCS_MIN>[0.14618203043937683, 0.1255883425474167, 0.116837278008461, 0.10102903842926025, 0.03203367441892624, 0.015565134584903717]</LCS_MIN>
		<LCS_MAX>[0.16242171823978424, 0.1561046987771988, 0.15113449096679688, 0.15819580852985382, 0.08954214304685593, 0.06842100620269775]</LCS_MAX>
		<WAVELENGTH>[0.485, 0.56, 0.66, 0.83, 1.65, 2.215]</WAVELENGTH>
		<MEAN_VALUE>[0.15510578897909444, 0.14602021070171312, 0.13772471135048941, 0.1195471536508849, 0.050893707878546995, 0.03231246339131303]</MEAN_VALUE>
		<CHECKBOX>2</CHECKBOX>
		<SD>[0.0028852472591106883, 0.005247340290675128, 0.008026712343067606, 0.01407984411491943, 0.014524057301483938, 0.009399902565636156]</SD>
		<WAVELENGTH_UNIT>E-6m</WAVELENGTH_UNIT>
		<COLOR>#139424</COLOR>
		<COVARIANCE_MATRIX>[[7.744619336164198e-06, 8.108766750343999e-06, 1.2079956987729193e-05, -1.3392597815276331e-05, -1.170563822148779e-05, -4.976059281025104e-06], [8.108766750343999e-06, 2.353465322179254e-05, 3.095907214592701e-05, -4.176874775641932e-05, -3.909879703286577e-05, -2.0454395106611475e-05], [1.2079956987729193e-05, 3.095907214592701e-05, 5.329646029816103e-05, -7.244732223478305e-05, -6.737517668904054e-05, -3.6124233870527235e-05], [-1.3392597815276331e-05, -4.176874775641932e-05, -7.244732223478305e-05, 0.00017864774364896992, 0.00016423018540485045, 9.62633914669289e-05], [-1.170563822148779e-05, -3.909879703286577e-05, -6.737517668904054e-05, 0.00016423018540485045, 0.00018587657904160738, 0.00011025594352281968], [-4.976059281025104e-06, -2.0454395106611475e-05, -3.6124233870527235e-05, 9.62633914669289e-05, 0.00011025594352281968, 7.815038371195692e-05]]</COVARIANCE_MATRIX>
		<ROI_SIZE>796</ROI_SIZE>
		<MAX_VALUE>[0.16242171823978424, 0.1561046987771988, 0.15113449096679688, 0.15819580852985382, 0.08954214304685593, 0.06842100620269775]</MAX_VALUE>
		<MIN_VALUE>[0.14618203043937683, 0.1255883425474167, 0.116837278008461, 0.10102903842926025, 0.03203367441892624, 0.015565134584903717]</MIN_VALUE>
		<SIGNATURE_THRESHOLD_MD>0</SIGNATURE_THRESHOLD_MD>
		<SIGNATURE_THRESHOLD_ML>0</SIGNATURE_THRESHOLD_ML>
		<SIGNATURE_THRESHOLD_SAM>0</SIGNATURE_THRESHOLD_SAM>
	</signature>
	<signature ID="20210203_141508481485_297">
		<MACROCLASSID>1</MACROCLASSID>
		<MACROCLASSINFO>waterbody</MACROCLASSINFO>
		<CLASSID>15</CLASSID>
		<CLASSINFO>C 1</CLASSINFO>
		<VALUES>[0.15420456042748087, 0.00216614582841805, 0.14219052313865368, 0.0021242993996667663, 0.1274097554208931, 0.0025835246226417518, 0.10969594297709694, 0.012747316620856777, 0.048555333060346095, 0.011571094199203364, 0.03150933290763145, 0.00822784896541717]</VALUES>
		<LCS_MIN>[0.14780600368976593, 0.13576045632362366, 0.11969537287950516, 0.09388318657875061, 0.03433401882648468, 0.015565134584903717]</LCS_MIN>
		<LCS_MAX>[0.16242171823978424, 0.14932328462600708, 0.13970209658145905, 0.15104998648166656, 0.09184247255325317, 0.07502800971269608]</LCS_MAX>
		<WAVELENGTH>[0.485, 0.56, 0.66, 0.83, 1.65, 2.215]</WAVELENGTH>
		<MEAN_VALUE>[0.15420456042748087, 0.14219052313865368, 0.1274097554208931, 0.10969594297709694, 0.048555333060346095, 0.03150933290763145]</MEAN_VALUE>
		<CHECKBOX>2</CHECKBOX>
		<SD>[0.00216614582841805, 0.0021242993996667663, 0.0025835246226417518, 0.012747316620856777, 0.011571094199203364, 0.00822784896541717]</SD>
		<WAVELENGTH_UNIT>E-6m</WAVELENGTH_UNIT>
		<COLOR>#36c600</COLOR>
		<COVARIANCE_MATRIX>[[4.6980529846602695e-06, 8.812062901049139e-07, 9.895499725174685e-07, 6.196438274098874e-07, 1.0681627785973154e-06, 1.0573300063951553e-06], [8.812062901049139e-07, 4.518288749348876e-06, 2.2898319934335386e-06, -5.037699730232617e-06, -3.7913930494137793e-06, -2.1758774855971978e-06], [9.895499725174685e-07, 2.2898319934335386e-06, 6.682942725140916e-06, -4.996149313625421e-06, -3.3700855282125127e-06, -1.425956240693868e-06], [6.196438274098874e-07, -5.037699730232617e-06, -4.996149313625421e-06, 0.0001626971986336623, 0.0001300425047622741, 8.128186674404666e-05], [1.0681627785973154e-06, -3.7913930494137793e-06, -3.3700855282125127e-06, 0.0001300425047622741, 0.00013405758374304604, 8.403081709292589e-05], [1.0573300063951553e-06, -2.1758774855971978e-06, -1.425956240693868e-06, 8.128186674404666e-05, 8.403081709292589e-05, 6.778212047096362e-05]]</COVARIANCE_MATRIX>
		<ROI_SIZE>801</ROI_SIZE>
		<MAX_VALUE>[0.16242171823978424, 0.14932328462600708, 0.13970209658145905, 0.15104998648166656, 0.09184247255325317, 0.07502800971269608]</MAX_VALUE>
		<MIN_VALUE>[0.14780600368976593, 0.13576045632362366, 0.11969537287950516, 0.09388318657875061, 0.03433401882648468, 0.015565134584903717]</MIN_VALUE>
		<SIGNATURE_THRESHOLD_MD>0</SIGNATURE_THRESHOLD_MD>
		<SIGNATURE_THRESHOLD_ML>0</SIGNATURE_THRESHOLD_ML>
		<SIGNATURE_THRESHOLD_SAM>0</SIGNATURE_THRESHOLD_SAM>
	</signature>
	<signature ID="20210203_141526212042_661">
		<MACROCLASSID>1</MACROCLASSID>
		<MACROCLASSINFO>waterbody</MACROCLASSINFO>
		<CLASSID>16</CLASSID>
		<CLASSINFO>C 1</CLASSINFO>
