<?xml version="1.0" ?>
<signaturelist MCID_LIST="[['1', 'waterbody', '#0000ff'], ['2', 'vegetation', '#00ff00'], ['3', 'barren', '#ffaa00'], ['4', 'builtup', '#ff0000']]">
	<signature ID="20190913_000031081159_127">
		<MACROCLASSID>1</MACROCLASSID>
		<MACROCLASSINFO>waterbody</MACROCLASSINFO>
		<CLASSID>52</CLASSID>
		<CLASSINFO>C 1</CLASSINFO>
		<VALUES>[384.3225429667963, 34.31297479603681, 506.8866177206741, 44.83170870317521, 324.93663440680825, 28.11635947156503, 226.2172117470385, 57.70345554511329, 65.03308026030346, 42.90707437019265, 42.3133238778575, 37.52541889735613]</VALUES>
		<LCS_MIN>[252.0, 324.0, 206.0, 49.0, -62.5, -89.5]</LCS_MIN>
		<LCS_MAX>[514.5, 817.0, 824.0, 813.0, 614.0, 433.0]</LCS_MAX>
		<WAVELENGTH>[0.485, 0.56, 0.66, 0.83, 1.65, 2.215]</WAVELENGTH>
		<MEAN_VALUE>[384.3225429667963, 506.8866177206741, 324.93663440680825, 226.2172117470385, 65.03308026030346, 42.3133238778575]</MEAN_VALUE>
		<CHECKBOX>2</CHECKBOX>
		<SD>[34.31297479603681, 44.83170870317521, 28.11635947156503, 57.70345554511329, 42.90707437019265, 37.52541889735613]</SD>
		<WAVELENGTH_UNIT>E-6m</WAVELENGTH_UNIT>
		<COLOR>#7473a8</COLOR>
		<COVARIANCE_MATRIX>[[1204.7249435499994, 873.4743829569873, 237.43519651373057, -540.33626770481, -378.5833119037526, -233.42107860890277], [873.4743829569873, 2024.4547289763245, 491.2364033553422, -721.8116808582496, -439.7021298976623, -239.027383182088], [237.43519651373057, 491.2364033553422, 771.6468910654262, 485.0615544966628, 370.41648162600416, 222.71766718812913], [-540.33626770481, -721.8116808582496, 485.0615544966628, 3789.926832147868, 2126.0040907026505, 1127.237374744261], [-378.5833119037526, -439.7021298976623, 370.41648162600416, 2126.0040907026505, 2080.604642750116, 969.1668865191656], [-233.42107860890277, -239.027383182088, 222.71766718812913, 1127.237374744261, 969.1668865191656, 1489.0735237719607]]</COVARIANCE_MATRIX>
		<ROI_SIZE>122140</ROI_SIZE>
		<MAX_VALUE>[514.5, 817.0, 824.0, 813.0, 614.0, 433.0]</MAX_VALUE>
		<MIN_VALUE>[252.0, 324.0, 206.0, 49.0, -62.5, -89.5]</MIN_VALUE>
		<SIGNATURE_THRESHOLD_MD>0</SIGNATURE_THRESHOLD_MD>
		<SIGNATURE_THRESHOLD_ML>0</SIGNATURE_THRESHOLD_ML>
		<SIGNATURE_THRESHOLD_SAM>0</SIGNATURE_THRESHOLD_SAM>
	</signature>
	<signature ID="20190913_000039535446_175">
		<MACROCLASSID>1</MACROCLASSID>
		<MACROCLASSINFO>waterbody</MACROCLASSINFO>
		<CLASSID>53</CLASSID>
		<CLASSINFO>C 1</CLASSINFO>
		<VALUES>[503.25935025935013, 30.39584875304291, 798.6132951132964, 54.69674913525035, 727.9073164073155, 60.01510930860329, 508.88793338793363, 161.93920115939184, 142.7861042861043, 89.05962623454205, 71.83319683319661, 47.94147994291435]</VALUES>
		<LCS_MIN>[385.0, 536.0, 472.5, 273.0, -27.5, -60.5]</LCS_MIN>
		<LCS_MAX>[619.0, 917.0, 841.5, 978.5, 617.0, 360.0]</LCS_MAX>
		<WAVELENGTH>[0.485, 0.56, 0.66, 0.83, 1.65, 2.215]</WAVELENGTH>
		<MEAN_VALUE>[503.25935025935013, 798.6132951132964, 727.9073164073155, 508.88793338793363, 142.7861042861043, 71.83319683319661]</MEAN_VALUE>
		<CHECKBOX>2</CHECKBOX>
		<SD>[30.39584875304291, 54.69674913525035, 60.01510930860329, 161.93920115939184, 89.05962623454205, 47.94147994291435]</SD>
		<WAVELENGTH_UNIT>E-6m</WAVELENGTH_UNIT>
		<COLOR>#ca14b0</COLOR>
		<COVARIANCE_MATRIX>[[1045.5648232350331, 1117.0545466576668, 1237.5380213395313, -1827.0274354917938, -1033.2973891283336, -392.50478385357474], [1117.0545466576668, 3325.263698128586, 3077.240418343848, -4533.542532497742, -2539.5467439405575, -1043.960514777943], [1237.5380213395313, 3077.240418343848, 4127.627244734772, -5989.01255331357, -3183.161997653482, -1268.8118389613812], [-1827.0274354917938, -4533.542532497742, -5989.01255331357, 26723.47896470198, 13248.188908424954, 5426.419885581933], [-1033.2973891283336, -2539.5467439405575, -3183.161997653482, 13248.188908424954, 8521.096442606242, 3452.3631823321507], [-392.50478385357474, -1043.960514777943, -1268.8118389613812, 5426.419885581933, 3452.3631823321507, 2485.953077837736]]</COVARIANCE_MATRIX>
		<ROI_SIZE>29033</ROI_SIZE>
		<MAX_VALUE>[619.0, 917.0, 841.5, 978.5, 617.0, 360.0]</MAX_VALUE>
		<MIN_VALUE>[385.0, 536.0, 472.5, 273.0, -27.5, -60.5]</MIN_VALUE>
		<SIGNATURE_THRESHOLD_MD>0</SIGNATURE_THRESHOLD_MD>
		<SIGNATURE_THRESHOLD_ML>0</SIGNATURE_THRESHOLD_ML>
		<SIGNATURE_THRESHOLD_SAM>0</SIGNATURE_THRESHOLD_SAM>
	</signature>
	<signature ID="20190913_000046768409_275">
		<MACROCLASSID>1</MACROCLASSID>
		<MACROCLASSINFO>waterbody</MACROCLASSINFO>
		<CLASSID>54</CLASSID>
		<CLASSINFO>C 1</CLASSINFO>
		<VALUES>[538.763896532747, 24.911372475196742, 953.7824711062203, 27.92505494781676, 1098.7129884424876, 30.245328521000896, 554.6004402861872, 56.52393144893129, 81.46642817831582, 61.30839719307242, 47.35401761144732, 50.21904634642768]</VALUES>
		<LCS_MIN>[434.0, 781.0, 826.0, 424.0, -34.0, -53.0]</LCS_MIN>
		<LCS_MAX>[619.5, 1049.0, 1170.0, 1117.0, 617.0, 583.0]</LCS_MAX>
		<WAVELENGTH>[0.485, 0.56, 0.66, 0.83, 1.65, 2.215]</WAVELENGTH>
		<MEAN_VALUE>[538.763896532747, 953.7824711062203, 1098.7129884424876, 554.6004402861872, 81.46642817831582, 47.35401761144732]</MEAN_VALUE>
		<CHECKBOX>2</CHECKBOX>
		<SD>[24.911372475196742, 27.92505494781676, 30.245328521000896, 56.52393144893129, 61.30839719307242, 50.21904634642768]</SD>
		<WAVELENGTH_UNIT>E-6m</WAVELENGTH_UNIT>
		<COLOR>#2f3be9</COLOR>
		<COVARIANCE_MATRIX>[[614.2651909768936, 243.9962294340092, 297.9557815657531, -210.0660435624812, -258.66350364987466, -117.25106093333638], [243.9962294340092, 822.0774808815379, 504.1504398903483, -521.5175687865682, -563.459087239964, -323.1542094041341], [297.9557815657531, 504.1504398903483, 975.9817685696364, -734.5392778377815, -752.401845735245, -414.8569431362056], [-210.0660435624812, -521.5175687865682, -734.5392778377815, 3557.07466132657, 2839.834097987361, 1878.0934460144338], [-258.66350364987466, -563.459087239964, -752.401845735245, 2839.834097987361, 3761.8487759289933, 2279.040520434109], [-117.25106093333638, -323.1542094041341, -414.8569431362056, 1878.0934460144338, 2279.040520434109, 2533.0435623105604]]</COVARIANCE_MATRIX>
		<ROI_SIZE>27240</ROI_SIZE>
		<MAX_VALUE>[619.5, 1049.0, 1170.0, 1117.0, 617.0, 583.0]</MAX_VALUE>
		<MIN_VALUE>[434.0, 781.0, 826.0, 424.0, -34.0, -53.0]</MIN_VALUE>
		<SIGNATURE_THRESHOLD_MD>0</SIGNATURE_THRESHOLD_MD>
		<SIGNATURE_THRESHOLD_ML>0</SIGNATURE_THRESHOLD_ML>
		<SIGNATURE_THRESHOLD_SAM>0</SIGNATURE_THRESHOLD_SAM>
	</signature>
	<signature ID="20190913_000054043277_261">
		<MACROCLASSID>1</MACROCLASSID>
		<MACROCLASSINFO>waterbody</MACROCLASSINFO>
		<CLASSID>55</CLASSID>
		<CLASSINFO>C 1</CLASSINFO>
		<VALUES>[399.0898794679971, 57.06251744498487, 537.0672277639239, 91.30989363347818, 459.29945968412267, 90.94466128914961, 465.51870324189525, 168.31208909140102, 145.1713424771404, 96.57114513109022, 73.63944305901921, 53.70022378385664]</VALUES>
		<LCS_MIN>[240.0, 307.0, 254.0, 229.0, -23.0, -60.0]</LCS_MIN>
		<LCS_MAX>[832.0, 1040.0, 940.0, 921.0, 617.0, 397.0]</LCS_MAX>
		<WAVELENGTH>[0.485, 0.56, 0.66, 0.83, 1.65, 2.215]</WAVELENGTH>
		<MEAN_VALUE>[399.0898794679971, 537.0672277639239, 459.29945968412267, 465.51870324189525, 145.1713424771404, 73.63944305901921]</MEAN_VALUE>
		<CHECKBOX>2</CHECKBOX>
		<SD>[57.06251744498487, 91.30989363347818, 90.94466128914961, 168.31208909140102, 96.57114513109022, 53.70022378385664]</SD>
		<WAVELENGTH_UNIT>E-6m</WAVELENGTH_UNIT>
		<COLOR>#fd567d</COLOR>
		<COVARIANCE_MATRIX>[[2729.8962650650983, 3556.766241230937, 3510.233274784639, 70.24741579865145, 147.81653117308235, 239.84994606441433], [3556.766241230937, 7145.295611427743, 6625.647428696977, -553.7140336003232, -324.32079082281854, 18.736687847398276], [3510.233274784639, 6625.647428696977, 7234.031949384246, -649.6343461926833, -331.64943654090456, 25.6297302009789], [70.24741579865145, -553.7140336003232, -649.6343461926833, 26321.34054128763, 13532.775659259227, 6099.863166357398], [147.81653117308235, -324.32079082281854, -331.64943654090456, 13532.775659259227, 9001.53023470425, 4039.0600829926543], [239.84994606441433, 18.736687847398276, 25.6297302009789, 6099.863166357398, 4039.0600829926543, 2976.0493806640393]]</COVARIANCE_MATRIX>
		<ROI_SIZE>18434</ROI_SIZE>
		<MAX_VALUE>[832.0, 1040.0, 940.0, 921.0, 617.0, 397.0]</MAX_VALUE>
		<MIN_VALUE>[240.0, 307.0, 254.0, 229.0, -23.0, -60.0]</MIN_VALUE>
		<SIGNATURE_THRESHOLD_MD>0</SIGNATURE_THRESHOLD_MD>
		<SIGNATURE_THRESHOLD_ML>0</SIGNATURE_THRESHOLD_ML>
		<SIGNATURE_THRESHOLD_SAM>0</SIGNATURE_THRESHOLD_SAM>
	</signature>
	<signature ID="20190913_000132298387_649">
		<MACROCLASSID>1</MACROCLASSID>
		<MACROCLASSINFO>waterbody</MACROCLASSINFO>
		<CLASSID>56</CLASSID>
		<CLASSINFO>C 1</CLASSINFO>
		<VALUES>[727.0520768753897, 80.82531746872108, 1046.4401735895872, 153.0726389059089, 917.903905765656, 157.80091576921473, 654.113453192809, 180.72112256222965, 188.31246125232423, 123.11247565217809, 99.84500929944176, 70.81277871587614]</VALUES>
		<LCS_MIN>[475.0, 621.0, 535.0, 382.0, -7.0, -62.0]</LCS_MIN>
		<LCS_MAX>[1228.0, 1597.0, 1559.0, 1176.0, 680.0, 482.0]</LCS_MAX>
		<WAVELENGTH>[0.485, 0.56, 0.66, 0.83, 1.65, 2.215]</WAVELENGTH>
		<MEAN_VALUE>[727.0520768753897, 1046.4401735895872, 917.903905765656, 654.113453192809, 188.31246125232423, 99.84500929944176]</MEAN_VALUE>
		<CHECKBOX>2</CHECKBOX>
		<SD>[80.82531746872108, 153.0726389059089, 157.80091576921473, 180.72112256222965, 123.11247565217809, 70.81277871587614]</SD>
		<WAVELENGTH_UNIT>E-6m</WAVELENGTH_UNIT>
		<COLOR>#b2e327</COLOR>
		<COVARIANCE_MATRIX>[[6901.598226322492, 12172.905687571829, 12705.260470185034, -4410.224095300219, -3106.0107896126488, -1171.0008878741758], [12172.905687571829, 25588.18170872086, 26142.104734903467, -10268.578695456035, -7484.432759102696, -3144.7823538064786], [12705.260470185034, 26142.104734903467, 28640.596597746848, -9104.707821138743, -7132.075182162824, -2858.7783991201054], [-4410.224095300219, -10268.578695456035, -9104.707821138743, 28347.47543717115, 17607.439719904134, 8925.952804716599], [-3106.0107896126488, -7484.432759102696, -7132.075182162824, 17607.439719904134, 13788.749746357378, 6864.156008249098], [-1171.0008878741758, -3144.7823538064786, -2858.7783991201054, 8925.952804716599, 6864.156008249098, 4673.007827520872]]</COVARIANCE_MATRIX>
		<ROI_SIZE>10579</ROI_SIZE>
		<MAX_VALUE>[1228.0, 1597.0, 1559.0, 1176.0, 680.0, 482.0]</MAX_VALUE>
		<MIN_VALUE>[475.0, 621.0, 535.0, 382.0, -7.0, -62.0]</MIN_VALUE>
		<SIGNATURE_THRESHOLD_MD>0</SIGNATURE_THRESHOLD_MD>
		<SIGNATURE_THRESHOLD_ML>0</SIGNATURE_THRESHOLD_ML>
		<SIGNATURE_THRESHOLD_SAM>0</SIGNATURE_THRESHOLD_SAM>
	</signature>
	<signature ID="20190913_000144041886_543">
		<MACROCLASSID>2</MACROCLASSID>
		<MACROCLASSINFO>vegetation</MACROCLASSINFO>
		<CLASSID>57</CLASSID>
		<CLASSINFO>C 1</CLASSINFO>
		<VALUES>[304.4512289529712, 49.53561188989198, 536.4905651248263, 91.92862729300504, 434.51446680859453, 118.76349030040681, 3017.5588349138848, 296.6963230671666, 1585.0455777046695, 180.44365269855598, 709.1936810528349, 145.5926792830796]</VALUES>
		<LCS_MIN>[160.0, 300.0, 232.0, 2448.0, 1011.0, 358.0]</LCS_MIN>
		<LCS_MAX>[527.0, 1013.0, 918.0, 3648.0, 2185.0, 1258.0]</LCS_MAX>
		<WAVELENGTH>[0.485, 0.56, 0.66, 0.83, 1.65, 2.215]</WAVELENGTH>
		<MEAN_VALUE>[304.4512289529712, 536.4905651248263, 434.51446680859453, 3017.5588349138848, 1585.0455777046695, 709.1936810528349]</MEAN_VALUE>
		<CHECKBOX>2</CHECKBOX>
		<SD>[49.53561188989198, 91.92862729300504, 118.76349030040681, 296.6963230671666, 180.44365269855598, 145.5926792830796]</SD>
		<WAVELENGTH_UNIT>E-6m</WAVELENGTH_UNIT>
		<COLOR>#866922</COLOR>
		<COVARIANCE_MATRIX>[[2519.017529618279, 3894.848527028137, 5199.487538681349, -2128.1858477170404, 5973.230022688563, 5745.278371021152], [3894.848527028137, 8652.337217375276, 9930.47026634484, -975.7407985989448, 11587.945559741873, 10718.062166823438], [5199.487538681349, 9930.47026634484, 14651.13938257326, -9358.008888149909, 15144.994737927165, 15687.225323325942], [-2128.1858477170404, -975.7407985989448, -9358.008888149909, 87726.48706568533, 11754.726313971849, -6257.4709008873815], [5973.230022688563, 11587.945559741873, 15144.994737927165, 11754.726313971849, 34504.68705283439, 23783.093780137908], [5745.278371021152, 10718.062166823438, 15687.225323325942, -6257.4709008873815, 23783.093780137908, 22464.67384662364]]</COVARIANCE_MATRIX>
		<ROI_SIZE>214595</ROI_SIZE>
		<MAX_VALUE>[527.0, 1013.0, 918.0, 3648.0, 2185.0, 1258.0]</MAX_VALUE>
		<MIN_VALUE>[160.0, 300.0, 232.0, 2448.0, 1011.0, 358.0]</MIN_VALUE>
		<SIGNATURE_THRESHOLD_MD>0</SIGNATURE_THRESHOLD_MD>
		<SIGNATURE_THRESHOLD_ML>0</SIGNATURE_THRESHOLD_ML>
		<SIGNATURE_THRESHOLD_SAM>0</SIGNATURE_THRESHOLD_SAM>
	</signature>
	<signature ID="20190913_000209269469_599">
		<MACROCLASSID>2</MACROCLASSID>
		<MACROCLASSINFO>vegetation</MACROCLASSINFO>
		<CLASSID>58</CLASSID>
		<CLASSINFO>C 1</CLASSINFO>
		<VALUES>[249.75739403819261, 32.305429595943856, 403.6328015836056, 49.712097928576775, 301.3684792734028, 50.02186811880747, 2614.85805775501, 231.97416007454837, 1380.146541686069, 195.9294421626271, 549.2205402887748, 128.18379260870586]</VALUES>
		<LCS_MIN>[141.0, 233.0, 158.0, 1979.0, 775.0, 245.0]</LCS_MIN>
		<LCS_MAX>[426.0, 678.0, 649.0, 3174.0, 1950.0, 1044.0]</LCS_MAX>
		<WAVELENGTH>[0.485, 0.56, 0.66, 0.83, 1.65, 2.215]</WAVELENGTH>
		<MEAN_VALUE>[249.75739403819261, 403.6328015836056, 301.3684792734028, 2614.85805775501, 1380.146541686069, 549.2205402887748]</MEAN_VALUE>
		<CHECKBOX>2</CHECKBOX>
		<SD>[32.305429595943856, 49.712097928576775, 50.02186811880747, 231.97416007454837, 195.9294421626271, 128.18379260870586]</SD>
		<WAVELENGTH_UNIT>E-6m</WAVELENGTH_UNIT>
		<COLOR>#2ca3e2</COLOR>
		<COVARIANCE_MATRIX>[[1072.6260636406819, 1089.5908450353388, 1148.4310510550667, 1499.7262267575586, 3998.9663278575886, 2663.606733706732], [1089.5908450353388, 2559.2333333580104, 2109.1984416710043, 3952.2998637589576, 7809.65709592793, 5001.222806300243], [1148.4310510550667, 2109.1984416710043, 2686.86360261563, 1621.9265829506337, 8005.912106759128, 5635.254837121606], [1499.7262267575586, 3952.2998637589576, 1621.9265829506337, 56099.744585072396, 22173.317842233962, 5852.112634514785], [3998.9663278575886, 7809.65709592793, 8005.912106759128, 22173.317842233962, 39577.74547138163, 23460.03862895574], [2663.606733706732, 5001.222806300243, 5635.254837121606, 5852.112634514785, 23460.03862895574, 17121.377930453098]]</COVARIANCE_MATRIX>
		<ROI_SIZE>180311</ROI_SIZE>
		<MAX_VALUE>[426.0, 678.0, 649.0, 3174.0, 1950.0, 1044.0]</MAX_VALUE>
		<MIN_VALUE>[141.0, 233.0, 158.0, 1979.0, 775.0, 245.0]</MIN_VALUE>
		<SIGNATURE_THRESHOLD_MD>0</SIGNATURE_THRESHOLD_MD>
		<SIGNATURE_THRESHOLD_ML>0</SIGNATURE_THRESHOLD_ML>
		<SIGNATURE_THRESHOLD_SAM>0</SIGNATURE_THRESHOLD_SAM>
	</signature>
	<signature ID="20190913_000220906537_758">
		<MACROCLASSID>2</MACROCLASSID>
		<MACROCLASSINFO>vegetation</MACROCLASSINFO>
		<CLASSID>59</CLASSID>
		<CLASSINFO>C 1</CLASSINFO>
		<VALUES>[401.74969474969515, 63.16715897073652, 658.6752136752132, 90.88456636829551, 546.0488400488405, 122.22433809778163, 3611.028083028081, 287.2867226204607, 2437.815628815626, 261.5065424534769, 1212.5470085470076, 228.76638152055045]</VALUES>
		<LCS_MIN>[282.0, 472.0, 286.0, 3213.0, 1977.0, 740.0]</LCS_MIN>
		<LCS_MAX>[722.0, 1083.0, 1040.0, 4384.0, 3147.0, 1804.0]</LCS_MAX>
		<WAVELENGTH>[0.485, 0.56, 0.66, 0.83, 1.65, 2.215]</WAVELENGTH>
		<MEAN_VALUE>[401.74969474969515, 658.6752136752132, 546.0488400488405, 3611.028083028081, 2437.815628815626, 1212.5470085470076]</MEAN_VALUE>
		<CHECKBOX>2</CHECKBOX>
		<SD>[63.16715897073652, 90.88456636829551, 122.22433809778163, 287.2867226204607, 261.5065424534769, 228.76638152055045]</SD>
		<WAVELENGTH_UNIT>E-6m</WAVELENGTH_UNIT>
		<COLOR>#c1a3c3</COLOR>
		<COVARIANCE_MATRIX>[[3994.967833036293, 4900.038409295133, 6912.83864573351, -2005.2496857936956, 11582.491691818097, 11598.939042484279], [4900.038409295133, 8270.102208847931, 10074.552556788498, -2089.729254174242, 15961.479165360584, 15727.797682485943], [6912.83864573351, 10074.552556788498, 14957.051401464607, -7567.641960050272, 22803.38676631709, 23238.06371596347], [-2005.2496857936956, -2089.729254174242, -7567.641960050272, 82634.55789008601, 20719.19467058342, 3244.090976532297], [11582.491691818097, 15961.479165360584, 22803.38676631709, 20719.19467058342, 68469.27281167622, 55941.31124485403], [11598.939042484279, 15727.797682485943, 23238.06371596347, 3244.090976532297, 55941.31124485403, 52398.035379182074]]</COVARIANCE_MATRIX>
		<ROI_SIZE>819</ROI_SIZE>
		<MAX_VALUE>[722.0, 1083.0, 1040.0, 4384.0, 3147.0, 1804.0]</MAX_VALUE>
		<MIN_VALUE>[282.0, 472.0, 286.0, 3213.0, 1977.0, 740.0]</MIN_VALUE>
		<SIGNATURE_THRESHOLD_MD>0</SIGNATURE_THRESHOLD_MD>
		<SIGNATURE_THRESHOLD_ML>0</SIGNATURE_THRESHOLD_ML>
		<SIGNATURE_THRESHOLD_SAM>0</SIGNATURE_THRESHOLD_SAM>
	</signature>
	<signature ID="20190913_000230916394_352">
		<MACROCLASSID>2</MACROCLASSID>
		<MACROCLASSINFO>vegetation</MACROCLASSINFO>
		<CLASSID>60</CLASSID>
		<CLASSINFO>C 1</CLASSINFO>
		<VALUES>[338.83543029693095, 49.29115651485846, 566.3809763462501, 84.30676664011885, 447.55611474584833, 105.62325031997422, 3437.3407146452, 276.00252759192944, 2164.6557624559705, 264.0138477380366, 1001.113236034223, 214.41520229283856]</VALUES>
		<LCS_MIN>[216.0, 387.0, 285.0, 3042.0, 1626.0, 625.0]</LCS_MIN>
		<LCS_MAX>[602.0, 961.0, 1007.0, 4228.0, 2801.0, 1576.0]</LCS_MAX>
		<WAVELENGTH>[0.485, 0.56, 0.66, 0.83, 1.65, 2.215]</WAVELENGTH>
		<MEAN_VALUE>[338.83543029693095, 566.3809763462501, 447.55611474584833, 3437.3407146452, 2164.6557624559705, 1001.113236034223]</MEAN_VALUE>
		<CHECKBOX>2</CHECKBOX>
		<SD>[49.29115651485846, 84.30676664011885, 105.62325031997422, 276.00252759192944, 264.0138477380366, 214.41520229283856]</SD>
		<WAVELENGTH_UNIT>E-6m</WAVELENGTH_UNIT>
		<COLOR>#855a68</COLOR>
		<COVARIANCE_MATRIX>[[2354.968115478207, 3259.427611508232, 4256.740730964804, 365.6705753882604, 8890.175217185546, 7978.883087896631], [3259.427611508232, 6961.625865297205, 7693.573863333979, 3057.7491897372274, 16331.632121885887, 14136.348557869347], [4256.740730964804, 7693.573863333979, 10798.717373786356, -3106.4317790730993, 19609.753705114344, 18236.264244309346], [365.6705753882604, 3057.7491897372274, -3106.4317790730993, 92535.24732192632, 34481.11093409898, 13649.672470167621], [8890.175217185546, 16331.632121885887, 19609.753705114344, 34481.11093409898, 71078.4135713437, 53406.065884438554], [7978.883087896631, 14136.348557869347, 18236.264244309346, 13649.672470167621, 53406.065884438554, 45514.32408635371]]</COVARIANCE_MATRIX>
		<ROI_SIZE>5784</ROI_SIZE>
		<MAX_VALUE>[602.0, 961.0, 1007.0, 4228.0, 2801.0, 1576.0]</MAX_VALUE>
		<MIN_VALUE>[216.0, 387.0, 285.0, 3042.0, 1626.0, 625.0]</MIN_VALUE>
		<SIGNATURE_THRESHOLD_MD>0</SIGNATURE_THRESHOLD_MD>
		<SIGNATURE_THRESHOLD_ML>0</SIGNATURE_THRESHOLD_ML>
		<SIGNATURE_THRESHOLD_SAM>0</SIGNATURE_THRESHOLD_SAM>
	</signature>
	<signature ID="20190913_000245806842_981">
		<MACROCLASSID>2</MACROCLASSID>
		<MACROCLASSINFO>vegetation</MACROCLASSINFO>
		<CLASSID>61</CLASSID>
		<CLASSINFO>C 1</CLASSINFO>
		<VALUES>[345.6766651078884, 43.318709497159624, 492.46101944017596, 54.29535711567308, 359.7726635045753, 58.268591577053385, 2750.639321263951, 167.98460432263408, 1387.9508985236153, 142.5343205263862, 543.8763444451891, 103.38126405755533]</VALUES>
		<LCS_MIN>[212.0, 328.0, 234.0, 1969.0, 752.0, 283.0]</LCS_MIN>
		<LCS_MAX>[929.0, 1080.0, 939.0, 3134.0, 1838.0, 1016.0]</LCS_MAX>
		<WAVELENGTH>[0.485, 0.56, 0.66, 0.83, 1.65, 2.215]</WAVELENGTH>
		<MEAN_VALUE>[345.6766651078884, 492.46101944017596, 359.7726635045753, 2750.639321263951, 1387.9508985236153, 543.8763444451891]</MEAN_VALUE>
		<CHECKBOX>2</CHECKBOX>
		<SD>[43.318709497159624, 54.29535711567308, 58.268591577053385, 167.98460432263408, 142.5343205263862, 103.38126405755533]</SD>
		<WAVELENGTH_UNIT>E-6m</WAVELENGTH_UNIT>
		<COLOR>#d89ac7</COLOR>
		<COVARIANCE_MATRIX>[[1892.661462601758, 1770.51581345155, 1973.161296532752, 691.6717947570023, 3231.5268960546205, 2521.9633258807085], [1770.51581345155, 3222.240880294264, 2870.275186126727, 2010.5909921366067, 5671.033507118516, 4138.36275599086], [1973.161296532752, 2870.275186126727, 3836.926545139309, 393.87294193172505, 6540.612752814394, 5188.904139372656], [691.6717947570023, 2010.5909921366067, 393.87294193172505, 28054.503140932164, 8965.915226647305, 1896.972799881786], [3231.5268960546205, 5671.033507118516, 6540.612752814394, 8965.915226647305, 22481.966640086852, 14463.449986304542], [2521.9633258807085, 4138.36275599086, 5188.904139372656, 1896.972799881786, 14463.449986304542, 11948.45093044002]]</COVARIANCE_MATRIX>
		<ROI_SIZE>146383</ROI_SIZE>
		<MAX_VALUE>[929.0, 1080.0, 939.0, 3134.0, 1838.0, 1016.0]</MAX_VALUE>
		<MIN_VALUE>[212.0, 328.0, 234.0, 1969.0, 752.0, 283.0]</MIN_VALUE>
		<SIGNATURE_THRESHOLD_MD>0</SIGNATURE_THRESHOLD_MD>
		<SIGNATURE_THRESHOLD_ML>0</SIGNATURE_THRESHOLD_ML>
		<SIGNATURE_THRESHOLD_SAM>0</SIGNATURE_THRESHOLD_SAM>
	</signature>
	<signature ID="20190913_000255846858_144">
		<MACROCLASSID>2</MACROCLASSID>
		<MACROCLASSINFO>vegetation</MACROCLASSINFO>
		<CLASSID>62</CLASSID>
		<CLASSINFO>C 1</CLASSINFO>
		<VALUES>[505.0336176618165, 53.020491109376785, 748.5358755644758, 80.67884859481846, 602.8755644756646, 91.54913393215696, 3597.4716507777166, 260.48785586822754, 2190.0541896638238, 224.24670145770128, 1066.5358755644722, 181.0193161441872]</VALUES>
		<LCS_MIN>[370.0, 550.0, 373.0, 3220.0, 1553.0, 635.0]</LCS_MIN>
		<LCS_MAX>[685.0, 1065.0, 962.0, 4407.0, 2676.0, 1536.0]</LCS_MAX>
		<WAVELENGTH>[0.485, 0.56, 0.66, 0.83, 1.65, 2.215]</WAVELENGTH>
		<MEAN_VALUE>[505.0336176618165, 748.5358755644758, 602.8755644756646, 3597.4716507777166, 2190.0541896638238, 1066.5358755644722]</MEAN_VALUE>
		<CHECKBOX>2</CHECKBOX>
		<SD>[53.020491109376785, 80.67884859481846, 91.54913393215696, 260.48785586822754, 224.24670145770128, 181.0193161441872]</SD>
		<WAVELENGTH_UNIT>E-6m</WAVELENGTH_UNIT>
		<COLOR>#b9c59c</COLOR>
		<COVARIANCE_MATRIX>[[2513.2187950911334, 2942.4293438960453, 3338.7650432526966, 859.7009672700003, 5724.955122819152, 5240.759590576236], [2942.4293438960453, 6241.874824675412, 6248.175239281596, 1036.7900269088661, 10557.006217423357, 9530.874400860972], [3338.7650432526966, 6248.175239281596, 8201.914361498655, -3588.2207118645188, 11618.78768429486, 11559.385339040467], [859.7009672700003, 1036.7900269088661, -3588.2207118645188, 75475.0127687449, 28905.148033715337, 10069.417518099404], [5724.955122819152, 10557.006217423357, 11618.78768429486, 28905.148033715337, 52763.28637984655, 37508.23355120692], [5240.759590576236, 9530.874400860972, 11559.385339040467, 10069.417518099404, 37508.23355120692, 31854.381792458556]]</COVARIANCE_MATRIX>
		<ROI_SIZE>8851</ROI_SIZE>
		<MAX_VALUE>[685.0, 1065.0, 962.0, 4407.0, 2676.0, 1536.0]</MAX_VALUE>
		<MIN_VALUE>[370.0, 550.0, 373.0, 3220.0, 1553.0, 635.0]</MIN_VALUE>
		<SIGNATURE_THRESHOLD_MD>0</SIGNATURE_THRESHOLD_MD>
		<SIGNATURE_THRESHOLD_ML>0</SIGNATURE_THRESHOLD_ML>
		<SIGNATURE_THRESHOLD_SAM>0</SIGNATURE_THRESHOLD_SAM>
	</signature>
	<signature ID="20190913_000307345833_360">
		<MACROCLASSID>3</MACROCLASSID>
		<MACROCLASSINFO>barren</MACROCLASSINFO>
		<CLASSID>63</CLASSID>
		<CLASSINFO>C 1</CLASSINFO>
		<VALUES>[613.8865820838125, 63.497522230232676, 973.1264417531715, 115.143731187518, 926.7618704344478, 148.75981661268298, 3075.1469146482063, 231.2204223093246, 2128.907583621675, 232.5067147814434, 1148.0728565936074, 197.9194895748912]</VALUES>
		<LCS_MIN>[377.0, 581.0, 404.0, 2546.0, 1698.0, 633.0]</LCS_MIN>
		<LCS_MAX>[967.0, 1455.0, 1540.0, 3746.0, 2897.0, 1758.0]</LCS_MAX>
		<WAVELENGTH>[0.485, 0.56, 0.66, 0.83, 1.65, 2.215]</WAVELENGTH>
		<MEAN_VALUE>[613.8865820838125, 973.1264417531715, 926.7618704344478, 3075.1469146482063, 2128.907583621675, 1148.0728565936074]</MEAN_VALUE>
		<CHECKBOX>2</CHECKBOX>
		<SD>[63.497522230232676, 115.143731187518, 148.75981661268298, 231.2204223093246, 232.5067147814434, 197.9194895748912]</SD>
		<WAVELENGTH_UNIT>E-6m</WAVELENGTH_UNIT>
		<COLOR>#bd9be9</COLOR>
		<COVARIANCE_MATRIX>[[4039.700666670441, 5800.196250824071, 7823.910559515462, 2119.703712845108, 7834.487758877137, 7531.207802424149], [5800.196250824071, 13254.30620472705, 15020.80760398678, 10937.151056631215, 10891.094057632828, 9638.616615289693], [7823.910559515462, 15020.80760398678, 21716.52208474885, 4977.223644366496, 20726.855577333296, 18928.069142562737], [2119.703712845108, 10937.151056631215, 4977.223644366496, 53275.4506917796, 1851.33975281424, -4871.653274037884], [7834.487758877137, 10891.094057632828, 20726.855577333296, 1851.33975281424, 54969.727006743626, 43239.10290079065], [7531.207802424149, 9638.616615289693, 18928.069142562737, -4871.653274037884, 43239.10290079065, 39330.2908998526]]</COVARIANCE_MATRIX>
		<ROI_SIZE>216002</ROI_SIZE>
		<MAX_VALUE>[967.0, 1455.0, 1540.0, 3746.0, 2897.0, 1758.0]</MAX_VALUE>
		<MIN_VALUE>[377.0, 581.0, 404.0, 2546.0, 1698.0, 633.0]</MIN_VALUE>
		<SIGNATURE_THRESHOLD_MD>0</SIGNATURE_THRESHOLD_MD>
		<SIGNATURE_THRESHOLD_ML>0</SIGNATURE_THRESHOLD_ML>
		<SIGNATURE_THRESHOLD_SAM>0</SIGNATURE_THRESHOLD_SAM>
	</signature>
	<signature ID="20190913_000327888411_104">
		<MACROCLASSID>3</MACROCLASSID>
		<MACROCLASSINFO>barren</MACROCLASSINFO>
		<CLASSID>64</CLASSID>
		<CLASSINFO>C 1</CLASSINFO>
		<VALUES>[662.1398628604757, 87.13758767958515, 1016.8931089821588, 125.32958815906004, 991.2077517871916, 166.94148915899936, 3045.7094781889873, 217.48147891106117, 2166.3729514175743, 256.86337592905556, 1191.6952779263688, 212.40250271279328]</VALUES>
		<LCS_MIN>[424.0, 638.0, 513.0, 2460.0, 1565.0, 631.0]</LCS_MIN>
		<LCS_MAX>[1298.0, 1666.0, 1673.0, 3658.0, 2761.0, 1806.0]</LCS_MAX>
		<WAVELENGTH>[0.485, 0.56, 0.66, 0.83, 1.65, 2.215]</WAVELENGTH>
		<MEAN_VALUE>[662.1398628604757, 1016.8931089821588, 991.2077517871916, 3045.7094781889873, 2166.3729514175743, 1191.6952779263688]</MEAN_VALUE>
		<CHECKBOX>2</CHECKBOX>
		<SD>[87.13758767958515, 125.32958815906004, 166.94148915899936, 217.48147891106117, 256.86337592905556, 212.40250271279328]</SD>
		<WAVELENGTH_UNIT>E-6m</WAVELENGTH_UNIT>
		<COLOR>#507b6a</COLOR>
		<COVARIANCE_MATRIX>[[6580.772285671366, 7733.397055430909, 10294.957837118644, 3190.1164358917117, 9904.25551444382, 9324.850513049323], [7733.397055430909, 14126.765079135197, 17205.43605537797, 9042.29040568547, 14414.134084987698, 12501.286107199216], [10294.957837118644, 17205.43605537797, 25612.584886459383, 5248.187184654341, 25393.58464353304, 22862.98591665033], [3190.1164358917117, 9042.29040568547, 5248.187184654341, 46582.48709937874, 11483.90835658465, 1070.726872501247], [9904.25551444382, 14414.134084987698, 25393.58464353304, 11483.90835658465, 62697.023277703905, 47654.53128875689], [9324.850513049323, 12501.286107199216, 22862.98591665033, 1070.726872501247, 47654.53128875689, 43164.16128736826]]</COVARIANCE_MATRIX>
		<ROI_SIZE>217149</ROI_SIZE>
		<MAX_VALUE>[1298.0, 1666.0, 1673.0, 3658.0, 2761.0, 1806.0]</MAX_VALUE>
		<MIN_VALUE>[424.0, 638.0, 513.0, 2460.0, 1565.0, 631.0]</MIN_VALUE>
		<SIGNATURE_THRESHOLD_MD>0</SIGNATURE_THRESHOLD_MD>
		<SIGNATURE_THRESHOLD_ML>0</SIGNATURE_THRESHOLD_ML>
		<SIGNATURE_THRESHOLD_SAM>0</SIGNATURE_THRESHOLD_SAM>
	</signature>
	<signature ID="20190913_000357567668_199">
		<MACROCLASSID>3</MACROCLASSID>
		<MACROCLASSINFO>barren</MACROCLASSINFO>
		<CLASSID>65</CLASSID>
		<CLASSINFO>C 1</CLASSINFO>
		<VALUES>[452.69350073855156, 80.94506968789632, 697.6979320531783, 130.6183583458966, 661.9739396497108, 180.6614153886884, 2704.4396497151356, 245.75368803436078, 2128.3729689807915, 302.95872052566256, 1155.213336146864, 283.21249295779285]</VALUES>
		<LCS_MIN>[252.0, 418.0, 300.0, 1956.0, 1550.0, 626.0]</LCS_MIN>
		<LCS_MAX>[971.0, 1205.0, 1238.0, 3154.0, 2743.0, 1781.0]</LCS_MAX>
		<WAVELENGTH>[0.485, 0.56, 0.66, 0.83, 1.65, 2.215]</WAVELENGTH>
		<MEAN_VALUE>[452.69350073855156, 697.6979320531783, 661.9739396497108, 2704.4396497151356, 2128.3729689807915, 1155.213336146864]</MEAN_VALUE>
		<CHECKBOX>2</CHECKBOX>
		<SD>[80.94506968789632, 130.6183583458966, 180.6614153886884, 245.75368803436078, 302.95872052566256, 283.21249295779285]</SD>
		<WAVELENGTH_UNIT>E-6m</WAVELENGTH_UNIT>
		<COLOR>#bcf931</COLOR>
		<COVARIANCE_MATRIX>[[6418.390029888334, 8982.306531121292, 12897.799611768209, -1290.1857706249552, 13970.939867455903, 14226.847984585], [8982.306531121292, 15982.906281736516, 21289.487088599744, 2390.709372837646, 19055.772204932884, 18354.649791976102], [12897.799611768209, 21289.487088599744, 31657.623800217778, -4329.795779004622, 32121.30059056895, 31970.65879506559], [-1290.1857706249552, 2390.709372837646, -4329.795779004622, 60319.904640645815, -11719.860572334448, -24293.676469857757], [13970.939867455903, 19055.772204932884, 32121.30059056895, -11719.860572334448, 93274.22580631326, 81755.76340019894], [14226.847984585, 18354.649791976102, 31970.65879506559, -24293.676469857757, 81755.76340019894, 81145.20159923643]]</COVARIANCE_MATRIX>
		<ROI_SIZE>96856</ROI_SIZE>
		<MAX_VALUE>[971.0, 1205.0, 1238.0, 3154.0, 2743.0, 1781.0]</MAX_VALUE>
		<MIN_VALUE>[252.0, 418.0, 300.0, 1956.0, 1550.0, 626.0]</MIN_VALUE>
		<SIGNATURE_THRESHOLD_MD>0</SIGNATURE_THRESHOLD_MD>
		<SIGNATURE_THRESHOLD_ML>0</SIGNATURE_THRESHOLD_ML>
		<SIGNATURE_THRESHOLD_SAM>0</SIGNATURE_THRESHOLD_SAM>
	</signature>
	<signature ID="20190913_000417426857_131">
		<MACROCLASSID>3</MACROCLASSID>
		<MACROCLASSINFO>barren</MACROCLASSINFO>
		<CLASSID>66</CLASSID>
		<CLASSINFO>C 1</CLASSINFO>
		<VALUES>[422.44028662420305, 64.69833551974996, 631.1244028662417, 83.56867104541203, 624.927348726114, 127.63996507821594, 2365.73885350319, 210.8664220897379, 2280.657245222931, 311.6232311173685, 1374.6910828025452, 317.4565935775062]</VALUES>
		<LCS_MIN>[248.0, 394.0, 354.0, 1677.0, 1710.0, 816.0]</LCS_MIN>
		<LCS_MAX>[880.0, 1125.0, 1203.0, 2788.0, 2895.0, 1970.0]</LCS_MAX>
		<WAVELENGTH>[0.485, 0.56, 0.66, 0.83, 1.65, 2.215]</WAVELENGTH>
		<MEAN_VALUE>[422.44028662420305, 631.1244028662417, 624.927348726114, 2365.73885350319, 2280.657245222931, 1374.6910828025452]</MEAN_VALUE>
		<CHECKBOX>2</CHECKBOX>
		<SD>[64.69833551974996, 83.56867104541203, 127.63996507821594, 210.8664220897379, 311.6232311173685, 317.4565935775062]</SD>
		<WAVELENGTH_UNIT>E-6m</WAVELENGTH_UNIT>
		<COLOR>#24d1eb</COLOR>
		<COVARIANCE_MATRIX>[[4372.033670239796, 4656.626898205334, 7433.985761806732, -1479.596149468112, 14233.896446578581, 14405.833220212406], [4656.626898205334, 6887.995521513137, 9539.608676677437, 1942.6690309008743, 16146.173927212632, 15186.067181585748], [7433.985761806732, 9539.608676677437, 16071.797412916674, -3534.163944504095, 29550.380629019877, 29584.709841474705], [-1479.596149468112, 1942.6690309008743, -3534.163944504095, 48822.366187173546, -18383.687408697515, -31640.712450292758], [14233.896446578581, 16146.173927212632, 29550.380629019877, -18383.687408697515, 94781.04145548606, 92104.01619093817], [14405.833220212406, 15186.067181585748, 29584.709841474705, -31640.712450292758, 92104.01619093817, 99271.73389094495]]</COVARIANCE_MATRIX>
		<ROI_SIZE>44930</ROI_SIZE>
		<MAX_VALUE>[880.0, 1125.0, 1203.0, 2788.0, 2895.0, 1970.0]</MAX_VALUE>
		<MIN_VALUE>[248.0, 394.0, 354.0, 1677.0, 1710.0, 816.0]</MIN_VALUE>
		<SIGNATURE_THRESHOLD_MD>0</SIGNATURE_THRESHOLD_MD>
		<SIGNATURE_THRESHOLD_ML>0</SIGNATURE_THRESHOLD_ML>
		<SIGNATURE_THRESHOLD_SAM>0</SIGNATURE_THRESHOLD_SAM>
	</signature>
	<signature ID="20190913_000443238372_828">
		<MACROCLASSID>2</MACROCLASSID>
		<MACROCLASSINFO>vegetation</MACROCLASSINFO>
		<CLASSID>67</CLASSID>
		<CLASSINFO>C 1</CLASSINFO>
		<VALUES>[390.5539922616951, 54.553495552133796, 641.5979599015127, 92.8875762298543, 474.35983116426286, 104.36290630633339, 4099.852620471333, 326.51678752992063, 2278.13964122406, 211.0886639445117, 1049.923320436157, 138.19661484968063]</VALUES>
		<LCS_MIN>[265.0, 446.0, 296.0, 3607.0, 1680.0, 661.0]</LCS_MIN>
		<LCS_MAX>[614.0, 1146.0, 994.0, 4784.0, 2799.0, 1575.0]</LCS_MAX>
		<WAVELENGTH>[0.485, 0.56, 0.66, 0.83, 1.65, 2.215]</WAVELENGTH>
		<MEAN_VALUE>[390.5539922616951, 641.5979599015127, 474.35983116426286, 4099.852620471333, 2278.13964122406, 1049.923320436157]</MEAN_VALUE>
		<CHECKBOX>2</CHECKBOX>
		<SD>[54.553495552133796, 92.8875762298543, 104.36290630633339, 326.51678752992063, 211.0886639445117, 138.19661484968063]</SD>
		<WAVELENGTH_UNIT>E-6m</WAVELENGTH_UNIT>
		<COLOR>#797b14</COLOR>
		<COVARIANCE_MATRIX>[[2769.838575796126, 3637.452855073752, 4101.660985171167, -1572.8854378491578, 2367.9896804026494, 3318.8710724231332], [3637.452855073752, 7796.050170824611, 7898.275983137168, -3022.366999295039, 2567.830489947541, 4917.360481086187], [4101.660985171167, 7898.275983137168, 10052.71927425987, -9778.800055266944, 1231.49642889172, 5687.734208052809], [-1572.8854378491578, -3022.366999295039, -9778.800055266944, 109768.0834714607, 41112.16682810223, 12162.71443070698], [2367.9896804026494, 2567.830489947541, 1231.49642889172, 41112.16682810223, 42444.05112072589, 23401.261716362525], [3318.8710724231332, 4917.360481086187, 5687.734208052809, 12162.71443070698, 23401.261716362525, 18502.4487725174]]</COVARIANCE_MATRIX>
		<ROI_SIZE>22630</ROI_SIZE>
		<MAX_VALUE>[614.0, 1146.0, 994.0, 4784.0, 2799.0, 1575.0]</MAX_VALUE>
		<MIN_VALUE>[265.0, 446.0, 296.0, 3607.0, 1680.0, 661.0]</MIN_VALUE>
		<SIGNATURE_THRESHOLD_MD>0</SIGNATURE_THRESHOLD_MD>
		<SIGNATURE_THRESHOLD_ML>0</SIGNATURE_THRESHOLD_ML>
		<SIGNATURE_THRESHOLD_SAM>0</SIGNATURE_THRESHOLD_SAM>
	</signature>
	<signature ID="20190913_000537833652_297">
		<MACROCLASSID>4</MACROCLASSID>
		<MACROCLASSINFO>builtup</MACROCLASSINFO>
		<CLASSID>68</CLASSID>
		<CLASSINFO>C 1</CLASSINFO>
		<VALUES>[894.886274509804, 112.90943276666187, 1167.8352941176463, 125.85904163852683, 1248.7647058823513, 156.7971573666016, 2302.6666666666674, 229.5578586272235, 2370.149019607845, 235.62679312059072, 1912.1019607843134, 252.41218507161256]</VALUES>
		<LCS_MIN>[660.0, 904.0, 899.0, 1621.0, 1906.0, 1531.0]</LCS_MIN>
		<LCS_MAX>[1332.0, 1627.0, 1752.0, 2731.0, 3023.0, 2659.0]</LCS_MAX>
		<WAVELENGTH>[0.485, 0.56, 0.66, 0.83, 1.65, 2.215]</WAVELENGTH>
		<MEAN_VALUE>[894.886274509804, 1167.8352941176463, 1248.7647058823513, 2302.6666666666674, 2370.149019607845, 1912.1019607843134]</MEAN_VALUE>
		<CHECKBOX>2</CHECKBOX>
		<SD>[112.90943276666187, 125.85904163852683, 156.7971573666016, 229.5578586272235, 235.62679312059072, 252.41218507161256]</SD>
		<WAVELENGTH_UNIT>E-6m</WAVELENGTH_UNIT>
		<COLOR>#0ad6e0</COLOR>
		<COVARIANCE_MATRIX>[[12798.731110081835, 12314.689856415009, 14540.961324687347, -3712.6286089238847, 8139.099691215069, 16371.531326231285], [12314.689856415009, 15902.862528948594, 17777.024085224642, -187.86220472441013, 10719.70180639185, 17980.343631310792], [14540.961324687347, 17777.024085224642, 24682.14126910607, -2892.232283464569, 13859.846225104211, 23462.7878647522], [-3712.6286089238847, -187.86220472441013, -2892.232283464569, 52904.27821522309, 16164.683727034118, -5888.068241469815], [8139.099691215069, 10719.70180639185, 13859.846225104211, 16164.683727034118, 55738.5682569091, 48897.898131851165], [16371.531326231285, 17980.343631310792, 23462.7878647522, -5888.068241469815, 48897.898131851165, 63962.74546858109]]</COVARIANCE_MATRIX>
		<ROI_SIZE>255</ROI_SIZE>
		<MAX_VALUE>[1332.0, 1627.0, 1752.0, 2731.0, 3023.0, 2659.0]</MAX_VALUE>
		<MIN_VALUE>[660.0, 904.0, 899.0, 1621.0, 1906.0, 1531.0]</MIN_VALUE>
		<SIGNATURE_THRESHOLD_MD>0</SIGNATURE_THRESHOLD_MD>
		<SIGNATURE_THRESHOLD_ML>0</SIGNATURE_THRESHOLD_ML>
		<SIGNATURE_THRESHOLD_SAM>0</SIGNATURE_THRESHOLD_SAM>
	</signature>
	<signature ID="20190913_000603428267_511">
		<MACROCLASSID>4</MACROCLASSID>
		<MACROCLASSINFO>builtup</MACROCLASSINFO>
		<CLASSID>69</CLASSID>
		<CLASSINFO>C 1</CLASSINFO>
		<VALUES>[945.0379746835442, 200.6113405327038, 1229.481012658227, 230.9208100747023, 1358.8417721518992, 240.86326212168075, 2165.651898734177, 274.0668327716959, 2697.9493670886077, 254.79559435881683, 2295.886075949367, 282.9850372813164]</VALUES>
		<LCS_MIN>[577.5, 808.5, 850.5, 1667.5, 2310.0, 1870.0]</LCS_MIN>
		<LCS_MAX>[1462.5, 1834.0, 1936.5, 2646.0, 3289.0, 3001.0]</LCS_MAX>
		<WAVELENGTH>[0.485, 0.56, 0.66, 0.83, 1.65, 2.215]</WAVELENGTH>
		<MEAN_VALUE>[945.0379746835442, 1229.481012658227, 1358.8417721518992, 2165.651898734177, 2697.9493670886077, 2295.886075949367]</MEAN_VALUE>
		<CHECKBOX>2</CHECKBOX>
		<SD>[200.6113405327038, 230.9208100747023, 240.86326212168075, 274.0668327716959, 254.79559435881683, 282.9850372813164]</SD>
		<WAVELENGTH_UNIT>E-6m</WAVELENGTH_UNIT>
		<COLOR>#8d5eee</COLOR>
		<COVARIANCE_MATRIX>[[40760.87033430704, 43997.170602077254, 41452.08941901978, 14499.654414151251, 12381.748742291464, 28728.209509899374], [43997.170602077254, 54008.06694255104, 52644.88157254139, 24835.17920318078, 17255.34838526452, 29677.799091204146], [41452.08941901978, 52644.88157254139, 58758.89451476792, 27909.38331710483, 21750.703424212927, 31818.526614735474], [14499.654414151251, 24835.17920318078, 27909.38331710483, 76075.61124634862, 18764.12317429406, -2972.274139889646], [12381.748742291464, 17255.34838526452, 21750.703424212927, 18764.12317429406, 65753.11278805582, 56979.21210645896], [28728.209509899374, 29677.799091204146, 31818.526614735474, -2972.274139889646, 56979.21210645896, 81107.20480363513]]</COVARIANCE_MATRIX>
		<ROI_SIZE>79</ROI_SIZE>
		<MAX_VALUE>[1462.5, 1834.0, 1936.5, 2646.0, 3289.0, 3001.0]</MAX_VALUE>
		<MIN_VALUE>[577.5, 808.5, 850.5, 1667.5, 2310.0, 1870.0]</MIN_VALUE>
		<SIGNATURE_THRESHOLD_MD>0</SIGNATURE_THRESHOLD_MD>
		<SIGNATURE_THRESHOLD_ML>0</SIGNATURE_THRESHOLD_ML>
		<SIGNATURE_THRESHOLD_SAM>0</SIGNATURE_THRESHOLD_SAM>
	</signature>
	<signature ID="20190913_000613433315_823">
		<MACROCLASSID>4</MACROCLASSID>
		<MACROCLASSINFO>builtup</MACROCLASSINFO>
		<CLASSID>70</CLASSID>
		<CLASSINFO>C 1</CLASSINFO>
		<VALUES>[709.7365269461075, 115.32017151910318, 918.3742514970058, 133.69718128338528, 985.9401197604789, 157.06352696974972, 2197.523952095809, 224.04302014434396, 2112.194610778442, 217.1310819238541, 1632.0299401197597, 251.53926551852942]</VALUES>
		<LCS_MIN>[453.5, 603.5, 654.5, 1670.5, 1679.0, 1192.5]</LCS_MIN>
		<LCS_MAX>[1098.5, 1363.5, 1620.0, 2533.5, 2619.5, 2250.5]</LCS_MAX>
		<WAVELENGTH>[0.485, 0.56, 0.66, 0.83, 1.65, 2.215]</WAVELENGTH>
		<MEAN_VALUE>[709.7365269461075, 918.3742514970058, 985.9401197604789, 2197.523952095809, 2112.194610778442, 1632.0299401197597]</MEAN_VALUE>
		<CHECKBOX>2</CHECKBOX>
		<SD>[115.32017151910318, 133.69718128338528, 157.06352696974972, 224.04302014434396, 217.1310819238541, 251.53926551852942]</SD>
		<WAVELENGTH_UNIT>E-6m</WAVELENGTH_UNIT>
		<COLOR>#e6a1bf</COLOR>
