<?xml version="1.0" ?>
<signaturelist MCID_LIST="[['1', 'waterbody', '#0000ff'], ['2', 'vegetation', '#00ff00'], ['3', 'barren', '#ffaa00'], ['4', 'builtup', '#ff0000']]">
	<signature ID="20190911_193726593820_403">
		<MACROCLASSID>1</MACROCLASSID>
		<MACROCLASSINFO>waterbody</MACROCLASSINFO>
		<CLASSID>22</CLASSID>
		<CLASSINFO>C 1</CLASSINFO>
		<VALUES>[1076.3188535158156, 60.66503558305745, 1367.3845085787952, 76.35202994334384, 1182.1727660418526, 130.73649849310718, 630.6040860854893, 109.87858902108977, 207.53872855300995, 63.29032423658183, 147.06416741049236, 61.722039692824616]</VALUES>
		<LCS_MIN>[724.0, 1066.0, 865.0, 472.0, 62.0, 2.0]</LCS_MIN>
		<LCS_MAX>[1229.0, 1605.0, 1667.0, 1036.0, 614.0, 409.0]</LCS_MAX>
		<WAVELENGTH>[0.485, 0.56, 0.66, 0.83, 1.65, 2.215]</WAVELENGTH>
		<MEAN_VALUE>[1076.3188535158156, 1367.3845085787952, 1182.1727660418526, 630.6040860854893, 207.53872855300995, 147.06416741049236]</MEAN_VALUE>
		<CHECKBOX>2</CHECKBOX>
		<SD>[60.66503558305745, 76.35202994334384, 130.73649849310718, 109.87858902108977, 63.29032423658183, 61.722039692824616]</SD>
		<WAVELENGTH_UNIT>E-6m</WAVELENGTH_UNIT>
		<COLOR>#368503</COLOR>
		<COVARIANCE_MATRIX>[[3686.219825812626, 3242.886494786773, 2314.2861820054663, -2151.4243165548082, -431.6736293019429, -282.79412753634074], [3242.886494786773, 6316.4807402768165, 8028.293700769109, 360.4243312393101, -1937.2742658295247, -1706.4747761580618], [2314.2861820054663, 8028.293700769109, 17700.385432961844, 7300.585505581382, -3724.993611387, -3601.172812036923], [-2151.4243165548082, 360.4243312393101, 7300.585505581382, 11825.253030480917, 384.58968633362633, -361.4071551055485], [-431.6736293019429, -1937.2742658295247, -3724.993611387, 384.58968633362633, 4093.226228813641, 3306.5134035617557], [-282.79412753634074, -1706.4747761580618, -3601.172812036923, -361.4071551055485, 3306.5134035617557, 3801.9159800326074]]</COVARIANCE_MATRIX>
		<ROI_SIZE>136199</ROI_SIZE>
		<MAX_VALUE>[1229.0, 1605.0, 1667.0, 1036.0, 614.0, 409.0]</MAX_VALUE>
		<MIN_VALUE>[724.0, 1066.0, 865.0, 472.0, 62.0, 2.0]</MIN_VALUE>
		<SIGNATURE_THRESHOLD_MD>0</SIGNATURE_THRESHOLD_MD>
		<SIGNATURE_THRESHOLD_ML>0</SIGNATURE_THRESHOLD_ML>
		<SIGNATURE_THRESHOLD_SAM>0</SIGNATURE_THRESHOLD_SAM>
	</signature>
	<signature ID="20190911_193735309751_699">
		<MACROCLASSID>1</MACROCLASSID>
		<MACROCLASSINFO>waterbody</MACROCLASSINFO>
		<CLASSID>23</CLASSID>
		<CLASSINFO>C 1</CLASSINFO>
		<VALUES>[929.0871934604905, 72.52871040049898, 1259.0881017257045, 65.38723092028599, 1160.3923705722052, 61.242245396247846, 1141.3469573115358, 141.0208642788366, 281.453224341508, 92.84918303974293, 160.6639418710264, 63.674407790976616]</VALUES>
		<LCS_MIN>[718.0, 989.0, 866.0, 842.0, 113.0, 3.0]</LCS_MIN>
		<LCS_MAX>[1072.0, 1415.0, 1273.0, 1582.0, 689.0, 480.0]</LCS_MAX>
		<WAVELENGTH>[0.485, 0.56, 0.66, 0.83, 1.65, 2.215]</WAVELENGTH>
		<MEAN_VALUE>[929.0871934604905, 1259.0881017257045, 1160.3923705722052, 1141.3469573115358, 281.453224341508, 160.6639418710264]</MEAN_VALUE>
		<CHECKBOX>2</CHECKBOX>
		<SD>[72.52871040049898, 65.38723092028599, 61.242245396247846, 141.0208642788366, 92.84918303974293, 63.674407790976616]</SD>
		<WAVELENGTH_UNIT>E-6m</WAVELENGTH_UNIT>
		<COLOR>#1efaa8</COLOR>
		<COVARIANCE_MATRIX>[[5198.288489249136, 4361.676475496091, 4209.805935395253, -4549.234247662702, -869.1690309927978, -165.2908278983051], [4361.676475496091, 7030.56585390516, 6495.3922283487245, -6175.736577391112, -1519.3501334874034, -504.3107703080477], [4209.805935395253, 6495.3922283487245, 7699.876817089072, -5021.346519649374, -981.3020351636552, -78.8464578794382], [-4549.234247662702, -6175.736577391112, -5021.346519649374, 20884.219003996273, 8908.696175959914, 5242.294523549681], [-869.1690309927978, -1519.3501334874034, -981.3020351636552, 8908.696175959914, 8097.736062407392, 5014.396158559547], [-165.2908278983051, -504.3107703080477, -78.8464578794382, 5242.294523549681, 5014.396158559547, 4504.917858921716]]</COVARIANCE_MATRIX>
		<ROI_SIZE>15983</ROI_SIZE>
		<MAX_VALUE>[1072.0, 1415.0, 1273.0, 1582.0, 689.0, 480.0]</MAX_VALUE>
		<MIN_VALUE>[718.0, 989.0, 866.0, 842.0, 113.0, 3.0]</MIN_VALUE>
		<SIGNATURE_THRESHOLD_MD>0</SIGNATURE_THRESHOLD_MD>
		<SIGNATURE_THRESHOLD_ML>0</SIGNATURE_THRESHOLD_ML>
		<SIGNATURE_THRESHOLD_SAM>0</SIGNATURE_THRESHOLD_SAM>
	</signature>
	<signature ID="20190911_193745087398_368">
		<MACROCLASSID>2</MACROCLASSID>
		<MACROCLASSINFO>vegetation</MACROCLASSINFO>
		<CLASSID>24</CLASSID>
		<CLASSINFO>C 1</CLASSINFO>
		<VALUES>[672.0683881379877, 51.64060057047013, 899.8658462779892, 59.42560066909682, 690.143836998182, 67.28772979256709, 3394.4500706072167, 228.53688477958192, 1453.720597135364, 144.3833911944888, 682.7641718781548, 110.42439388816645]</VALUES>
		<LCS_MIN>[465.0, 688.0, 479.0, 2885.0, 904.0, 375.0]</LCS_MIN>
		<LCS_MAX>[888.0, 1271.0, 1151.0, 3877.0, 1822.0, 1111.0]</LCS_MAX>
		<WAVELENGTH>[0.485, 0.56, 0.66, 0.83, 1.65, 2.215]</WAVELENGTH>
		<MEAN_VALUE>[672.0683881379877, 899.8658462779892, 690.143836998182, 3394.4500706072167, 1453.720597135364, 682.7641718781548]</MEAN_VALUE>
		<CHECKBOX>2</CHECKBOX>
		<SD>[51.64060057047013, 59.42560066909682, 67.28772979256709, 228.53688477958192, 144.3833911944888, 110.42439388816645]</SD>
		<WAVELENGTH_UNIT>E-6m</WAVELENGTH_UNIT>
		<COLOR>#584946</COLOR>
		<COVARIANCE_MATRIX>[[2874.9795006520626, 1909.857467942974, 2098.199072333732, -2775.8658771698756, 817.0803949512206, 1229.4661242923153], [1909.857467942974, 3186.3744328527587, 2930.310431889907, -4066.635878048891, 2023.6590005530213, 2518.5301286845406], [2098.199072333732, 2930.310431889907, 4044.205151997303, -6673.2140677605485, 2556.6619807000357, 3567.4683153749716], [-2775.8658771698756, -4066.635878048891, -6673.2140677605485, 51921.42101897092, 12407.130118804474, -633.4564733761846], [817.0803949512206, 2023.6590005530213, 2556.6619807000357, 12407.130118804474, 20554.22821742946, 12947.187100683514], [1229.4661242923153, 2518.5301286845406, 3567.4683153749716, -633.4564733761846, 12947.187100683514, 11747.993367535291]]</COVARIANCE_MATRIX>
		<ROI_SIZE>28333</ROI_SIZE>
		<MAX_VALUE>[888.0, 1271.0, 1151.0, 3877.0, 1822.0, 1111.0]</MAX_VALUE>
		<MIN_VALUE>[465.0, 688.0, 479.0, 2885.0, 904.0, 375.0]</MIN_VALUE>
		<SIGNATURE_THRESHOLD_MD>0</SIGNATURE_THRESHOLD_MD>
		<SIGNATURE_THRESHOLD_ML>0</SIGNATURE_THRESHOLD_ML>
		<SIGNATURE_THRESHOLD_SAM>0</SIGNATURE_THRESHOLD_SAM>
	</signature>
	<signature ID="20190911_193750766675_272">
		<MACROCLASSID>2</MACROCLASSID>
		<MACROCLASSINFO>vegetation</MACROCLASSINFO>
		<CLASSID>25</CLASSID>
		<CLASSINFO>C 1</CLASSINFO>
		<VALUES>[572.3018242122736, 39.13248890902003, 810.5326699834171, 49.21830253216935, 583.2063018242109, 52.48783063654304, 3841.9585406301776, 242.98391174252242, 1610.7393034825905, 136.4507153113076, 721.8726368159213, 76.87915414770625]</VALUES>
		<LCS_MIN>[445.0, 672.0, 468.0, 3381.0, 1253.0, 516.0]</LCS_MIN>
		<LCS_MAX>[751.0, 1122.0, 914.0, 4380.0, 1950.0, 1048.0]</LCS_MAX>
		<WAVELENGTH>[0.485, 0.56, 0.66, 0.83, 1.65, 2.215]</WAVELENGTH>
		<MEAN_VALUE>[572.3018242122736, 810.5326699834171, 583.2063018242109, 3841.9585406301776, 1610.7393034825905, 721.8726368159213]</MEAN_VALUE>
		<CHECKBOX>2</CHECKBOX>
		<SD>[39.13248890902003, 49.21830253216935, 52.48783063654304, 242.98391174252242, 136.4507153113076, 76.87915414770625]</SD>
		<WAVELENGTH_UNIT>E-6m</WAVELENGTH_UNIT>
		<COLOR>#a4cce7</COLOR>
		<COVARIANCE_MATRIX>[[1600.784831965804, 981.9533610042412, 1173.4982519756377, -2059.7590910790495, 257.5036206738095, 712.7190901192307], [981.9533610042412, 2509.3950666451256, 2028.5870195850903, -4540.4276310086425, 105.7128294180897, 1195.6617110480213], [1173.4982519756377, 2028.5870195850903, 2866.9190573409355, -6567.3358320241605, -344.4345749986398, 1323.3773549033313], [-2059.7590910790495, -4540.4276310086425, -6567.3358320241605, 56598.00839293279, 21075.413671123722, 4540.337602052148], [257.5036206738095, 105.7128294180897, -344.4345749986398, 21075.413671123722, 17487.965798853325, 7903.593948385715], [712.7190901192307, 1195.6617110480213, 1323.3773549033313, 4540.337602052148, 7903.593948385715, 5993.16409516236]]</COVARIANCE_MATRIX>
		<ROI_SIZE>9262</ROI_SIZE>
		<MAX_VALUE>[751.0, 1122.0, 914.0, 4380.0, 1950.0, 1048.0]</MAX_VALUE>
		<MIN_VALUE>[445.0, 672.0, 468.0, 3381.0, 1253.0, 516.0]</MIN_VALUE>
		<SIGNATURE_THRESHOLD_MD>0</SIGNATURE_THRESHOLD_MD>
		<SIGNATURE_THRESHOLD_ML>0</SIGNATURE_THRESHOLD_ML>
		<SIGNATURE_THRESHOLD_SAM>0</SIGNATURE_THRESHOLD_SAM>
	</signature>
	<signature ID="20190911_193757515467_812">
		<MACROCLASSID>2</MACROCLASSID>
		<MACROCLASSINFO>vegetation</MACROCLASSINFO>
		<CLASSID>26</CLASSID>
		<CLASSINFO>C 1</CLASSINFO>
		<VALUES>[762.7983451991532, 36.943837852034214, 958.8485664806634, 51.892062866451454, 754.0361747161837, 59.67051344624158, 3287.2201269963443, 229.43238480764086, 1475.4720030786975, 162.31877073218766, 703.8674235135633, 126.38465469293021]</VALUES>
		<LCS_MIN>[668.0, 808.0, 619.0, 2787.0, 1046.0, 375.0]</LCS_MIN>
		<LCS_MAX>[920.0, 1228.0, 1151.0, 3775.0, 1975.0, 1121.0]</LCS_MAX>
		<WAVELENGTH>[0.485, 0.56, 0.66, 0.83, 1.65, 2.215]</WAVELENGTH>
		<MEAN_VALUE>[762.7983451991532, 958.8485664806634, 754.0361747161837, 3287.2201269963443, 1475.4720030786975, 703.8674235135633]</MEAN_VALUE>
		<CHECKBOX>2</CHECKBOX>
		<SD>[36.943837852034214, 51.892062866451454, 59.67051344624158, 229.43238480764086, 162.31877073218766, 126.38465469293021]</SD>
		<WAVELENGTH_UNIT>E-6m</WAVELENGTH_UNIT>
		<COLOR>#64d8a5</COLOR>
		<COVARIANCE_MATRIX>[[1392.8371227366476, 1284.4817077327862, 1528.2937325542946, -3009.1929764923607, 1477.8173202439984, 1988.2466951772226], [1284.4817077327862, 2745.2387346485484, 2486.3160532549687, -4217.111639456213, 2277.90028707065, 2904.7122906202867], [1528.2937325542946, 2486.3160532549687, 3488.058423001882, -6675.348671831059, 2806.43873343703, 4037.3870772195337], [-3009.1929764923607, -4217.111639456213, -6675.348671831059, 52505.38579670018, 14147.259103448929, 201.02217065777876], [1477.8173202439984, 2277.90028707065, 2806.43873343703, 14147.259103448929, 24977.289862071928, 16209.580710497363], [1988.2466951772226, 2904.7122906202867, 4037.3870772195337, 201.02217065777876, 16209.580710497363, 14618.162690662555]]</COVARIANCE_MATRIX>
		<ROI_SIZE>37117</ROI_SIZE>
		<MAX_VALUE>[920.0, 1228.0, 1151.0, 3775.0, 1975.0, 1121.0]</MAX_VALUE>
		<MIN_VALUE>[668.0, 808.0, 619.0, 2787.0, 1046.0, 375.0]</MIN_VALUE>
		<SIGNATURE_THRESHOLD_MD>0</SIGNATURE_THRESHOLD_MD>
		<SIGNATURE_THRESHOLD_ML>0</SIGNATURE_THRESHOLD_ML>
		<SIGNATURE_THRESHOLD_SAM>0</SIGNATURE_THRESHOLD_SAM>
	</signature>
	<signature ID="20190911_193817873653_643">
		<MACROCLASSID>3</MACROCLASSID>
		<MACROCLASSINFO>barren</MACROCLASSINFO>
		<CLASSID>27</CLASSID>
		<CLASSINFO>C 1</CLASSINFO>
		<VALUES>[926.4788494077826, 41.01804080030843, 1151.0744500846029, 47.37149728460408, 1101.2994923857866, 76.65966262990484, 2487.703891708968, 137.95305107019362, 2213.624365482231, 140.3168797750608, 1714.6345177664969, 185.06960804992337]</VALUES>
		<LCS_MIN>[815.0, 1032.0, 932.0, 2187.0, 1859.0, 1355.0]</LCS_MIN>
		<LCS_MAX>[1045.0, 1303.0, 1363.0, 2937.0, 2644.0, 2233.0]</LCS_MAX>
		<WAVELENGTH>[0.485, 0.56, 0.66, 0.83, 1.65, 2.215]</WAVELENGTH>
		<MEAN_VALUE>[926.4788494077826, 1151.0744500846029, 1101.2994923857866, 2487.703891708968, 2213.624365482231, 1714.6345177664969]</MEAN_VALUE>
		<CHECKBOX>2</CHECKBOX>
		<SD>[41.01804080030843, 47.37149728460408, 76.65966262990484, 137.95305107019362, 140.3168797750608, 185.06960804992337]</SD>
		<WAVELENGTH_UNIT>E-6m</WAVELENGTH_UNIT>
		<COLOR>#18dae5</COLOR>
		<COVARIANCE_MATRIX>[[1685.3313315552498, 1345.5998824170467, 2232.8122773810555, -1390.9664429722675, 2672.132719607674, 4078.3210702916645], [1345.5998824170467, 2247.862244400472, 2963.960715822077, -1181.5999512460926, 3497.6890303708146, 4852.064544437753], [2232.8122773810555, 2963.960715822077, 5886.664389572398, -4030.314557343199, 6988.50082594855, 10201.575746364972], [-1390.9664429722675, -1181.5999512460926, -4030.314557343199, 19063.300306862806, -4519.808027187472, -13391.476202357393], [2672.132719607674, 3497.6890303708146, 6988.50082594855, -4519.808027187472, 19722.19764260518, 22291.03875075282], [4078.3210702916645, 4852.064544437753, 10201.575746364972, -13391.476202357393, 22291.03875075282, 34308.811959046725]]</COVARIANCE_MATRIX>
		<ROI_SIZE>591</ROI_SIZE>
		<MAX_VALUE>[1045.0, 1303.0, 1363.0, 2937.0, 2644.0, 2233.0]</MAX_VALUE>
		<MIN_VALUE>[815.0, 1032.0, 932.0, 2187.0, 1859.0, 1355.0]</MIN_VALUE>
		<SIGNATURE_THRESHOLD_MD>0</SIGNATURE_THRESHOLD_MD>
		<SIGNATURE_THRESHOLD_ML>0</SIGNATURE_THRESHOLD_ML>
		<SIGNATURE_THRESHOLD_SAM>0</SIGNATURE_THRESHOLD_SAM>
	</signature>
	<signature ID="20190911_193824562779_203">
		<MACROCLASSID>3</MACROCLASSID>
		<MACROCLASSINFO>barren</MACROCLASSINFO>
		<CLASSID>28</CLASSID>
		<CLASSINFO>C 1</CLASSINFO>
		<VALUES>[824.3837209302326, 33.81006063449407, 1130.1860465116276, 51.672832956644456, 1086.6686046511634, 69.69043303203476, 1865.9534883720928, 206.49325159178323, 653.0406976744183, 216.21657847819066, 387.3720930232558, 150.72468714256436]</VALUES>
		<LCS_MIN>[738.0, 977.0, 917.0, 1427.0, 262.0, 131.0]</LCS_MIN>
		<LCS_MAX>[930.0, 1271.0, 1216.0, 2382.0, 1077.0, 829.0]</LCS_MAX>
		<WAVELENGTH>[0.485, 0.56, 0.66, 0.83, 1.65, 2.215]</WAVELENGTH>
		<MEAN_VALUE>[824.3837209302326, 1130.1860465116276, 1086.6686046511634, 1865.9534883720928, 653.0406976744183, 387.3720930232558]</MEAN_VALUE>
		<CHECKBOX>2</CHECKBOX>
		<SD>[33.81006063449407, 51.672832956644456, 69.69043303203476, 206.49325159178323, 216.21657847819066, 150.72468714256436]</SD>
		<WAVELENGTH_UNIT>E-6m</WAVELENGTH_UNIT>
		<COLOR>#6166ba</COLOR>
		<COVARIANCE_MATRIX>[[1149.805113559092, 1075.5656194750445, 1606.110363117096, -2542.999592003265, -2519.5303277573776, -1385.172854617163], [1075.5656194750445, 2685.696178430572, 2551.3017815857447, -3810.4474364205093, -3627.668434652522, -2042.771385828914], [1606.110363117096, 2551.3017815857447, 4885.158540731675, -6234.945328437373, -5904.144328845371, -2829.706378348973], [-2542.999592003265, -3810.4474364205093, -6234.945328437373, 42888.81653746768, 33183.510675914586, 18990.15191078471], [-2519.5303277573776, -3627.668434652522, -5904.144328845371, 33183.510675914586, 47022.99833401334, 29999.850265197878], [-1385.172854617163, -2042.771385828914, -2829.706378348973, 18990.15191078471, 29999.850265197878, 22850.784713722296]]</COVARIANCE_MATRIX>
		<ROI_SIZE>172</ROI_SIZE>
		<MAX_VALUE>[930.0, 1271.0, 1216.0, 2382.0, 1077.0, 829.0]</MAX_VALUE>
		<MIN_VALUE>[738.0, 977.0, 917.0, 1427.0, 262.0, 131.0]</MIN_VALUE>
		<SIGNATURE_THRESHOLD_MD>0</SIGNATURE_THRESHOLD_MD>
		<SIGNATURE_THRESHOLD_ML>0</SIGNATURE_THRESHOLD_ML>
		<SIGNATURE_THRESHOLD_SAM>0</SIGNATURE_THRESHOLD_SAM>
	</signature>
	<signature ID="20190911_193841670690_100">
		<MACROCLASSID>4</MACROCLASSID>
		<MACROCLASSINFO>builtup</MACROCLASSINFO>
		<CLASSID>29</CLASSID>
		<CLASSINFO>C 1</CLASSINFO>
		<VALUES>[1060.8499868869662, 68.64203812137204, 1262.8450039339061, 101.78113155416979, 1345.6073957513759, 109.58002615694592, 2022.3443482821945, 186.93785062838998, 2274.2682926829216, 202.85903020571877, 2036.3566745344845, 239.5456222648314]</VALUES>
		<LCS_MIN>[880.0, 1036.0, 997.0, 1501.0, 1687.0, 1520.0]</LCS_MIN>
		<LCS_MAX>[1444.0, 1757.0, 1877.0, 2396.0, 2684.0, 2463.0]</LCS_MAX>
		<WAVELENGTH>[0.485, 0.56, 0.66, 0.83, 1.65, 2.215]</WAVELENGTH>
		<MEAN_VALUE>[1060.8499868869662, 1262.8450039339061, 1345.6073957513759, 2022.3443482821945, 2274.2682926829216, 2036.3566745344845]</MEAN_VALUE>
		<CHECKBOX>2</CHECKBOX>
		<SD>[68.64203812137204, 101.78113155416979, 109.58002615694592, 186.93785062838998, 202.85903020571877, 239.5456222648314]</SD>
		<WAVELENGTH_UNIT>E-6m</WAVELENGTH_UNIT>
		<COLOR>#be307b</COLOR>
		<COVARIANCE_MATRIX>[[5447.624140325825, 6846.303121166371, 6340.354919770591, 2723.9481767810294, 482.36817582919025, 656.676333727819], [6846.303121166371, 11150.368095187936, 10046.073745100475, 5249.847987195443, 276.1095760073576, -481.1518348869353], [6340.354919770591, 10046.073745100475, 12569.08718814543, 1890.350932827688, 4710.958714804185, 6378.670592231234], [2723.9481767810294, 5249.847987195443, 1890.350932827688, 33230.50201624984, 8729.334766808743, -6487.857453161595], [482.36817582919025, 276.1095760073576, 4710.958714804185, 8729.334766808743, 39680.6927465935, 40646.81030368914], [656.676333727819, -481.1518348869353, 6378.670592231234, -6487.857453161595, 40646.81030368914, 57179.251440089145]]</COVARIANCE_MATRIX>
		<ROI_SIZE>19604</ROI_SIZE>
		<MAX_VALUE>[1444.0, 1757.0, 1877.0, 2396.0, 2684.0, 2463.0]</MAX_VALUE>
		<MIN_VALUE>[880.0, 1036.0, 997.0, 1501.0, 1687.0, 1520.0]</MIN_VALUE>
		<SIGNATURE_THRESHOLD_MD>0</SIGNATURE_THRESHOLD_MD>
		<SIGNATURE_THRESHOLD_ML>0</SIGNATURE_THRESHOLD_ML>
		<SIGNATURE_THRESHOLD_SAM>0</SIGNATURE_THRESHOLD_SAM>
	</signature>
	<signature ID="20190911_193903051903_166">
		<MACROCLASSID>4</MACROCLASSID>
		<MACROCLASSINFO>builtup</MACROCLASSINFO>
		<CLASSID>30</CLASSID>
		<CLASSINFO>C 1</CLASSINFO>
		<VALUES>[1019.9297458893889, 84.60229387336423, 1261.418535127054, 118.63012829613774, 1279.6068759342293, 155.1905507365809, 2325.8654708520185, 192.59158476873273, 2294.3437967115096, 191.8243268899462, 1937.8056801195803, 238.22729953924872]</VALUES>
		<LCS_MIN>[786.0, 1000.0, 936.0, 1753.0, 1808.0, 1555.0]</LCS_MIN>
		<LCS_MAX>[1443.0, 1870.0, 1909.0, 2717.0, 2803.0, 2496.0]</LCS_MAX>
		<WAVELENGTH>[0.485, 0.56, 0.66, 0.83, 1.65, 2.215]</WAVELENGTH>
		<MEAN_VALUE>[1019.9297458893889, 1261.418535127054, 1279.6068759342293, 2325.8654708520185, 2294.3437967115096, 1937.8056801195803]</MEAN_VALUE>
		<CHECKBOX>2</CHECKBOX>
		<SD>[84.60229387336423, 118.63012829613774, 155.1905507365809, 192.59158476873273, 191.8243268899462, 238.22729953924872]</SD>
		<WAVELENGTH_UNIT>E-6m</WAVELENGTH_UNIT>
		<COLOR>#ded89b</COLOR>
		<COVARIANCE_MATRIX>[[6321.455893232464, 7563.798067352265, 9163.27505036718, -2751.2992075563475, 4953.715754672804, 8673.33895679131], [7563.798067352265, 11703.451106262954, 13533.542599200657, -879.7113573909983, 7237.474959433999, 10543.272703710296], [9163.27505036718, 13533.542599200657, 19029.108066281395, -3869.262422634195, 10895.64008329189, 16465.32507214759], [-2751.2992075563475, -879.7113573909983, -3869.262422634195, 36992.68031233098, 9358.34332231003, -8777.520919713805], [4953.715754672804, 7237.474959433999, 10895.64008329189, 9358.34332231003, 35931.42921105936, 34066.64265292566], [8673.33895679131, 10543.272703710296, 16465.32507214759, -8777.520919713805, 34066.64265292566, 52092.36199174521]]</COVARIANCE_MATRIX>
		<ROI_SIZE>3320</ROI_SIZE>
		<MAX_VALUE>[1443.0, 1870.0, 1909.0, 2717.0, 2803.0, 2496.0]</MAX_VALUE>
		<MIN_VALUE>[786.0, 1000.0, 936.0, 1753.0, 1808.0, 1555.0]</MIN_VALUE>
		<SIGNATURE_THRESHOLD_MD>0</SIGNATURE_THRESHOLD_MD>
		<SIGNATURE_THRESHOLD_ML>0</SIGNATURE_THRESHOLD_ML>
		<SIGNATURE_THRESHOLD_SAM>0</SIGNATURE_THRESHOLD_SAM>
	</signature>
	<signature ID="20190911_193930771643_163">
		<MACROCLASSID>4</MACROCLASSID>
		<MACROCLASSINFO>builtup</MACROCLASSINFO>
		<CLASSID>31</CLASSID>
		<CLASSINFO>C 1</CLASSINFO>
		<VALUES>[995.6847960444993, 56.03299644821628, 1194.3881334981459, 75.77672072809405, 1239.3399258343622, 93.17229889340648, 2186.2249690976496, 124.541805748176, 2311.154511742892, 162.70404204548328, 2042.959208899877, 218.60727172442287]</VALUES>
		<LCS_MIN>[843.0, 1038.0, 967.0, 1861.0, 1808.0, 1555.0]</LCS_MIN>
		<LCS_MAX>[1239.0, 1569.0, 1637.0, 2397.0, 2756.0, 2496.0]</LCS_MAX>
		<WAVELENGTH>[0.485, 0.56, 0.66, 0.83, 1.65, 2.215]</WAVELENGTH>
		<MEAN_VALUE>[995.6847960444993, 1194.3881334981459, 1239.3399258343622, 2186.2249690976496, 2311.154511742892, 2042.959208899877]</MEAN_VALUE>
		<CHECKBOX>2</CHECKBOX>
		<SD>[56.03299644821628, 75.77672072809405, 93.17229889340648, 124.541805748176, 162.70404204548328, 218.60727172442287]</SD>
		<WAVELENGTH_UNIT>E-6m</WAVELENGTH_UNIT>
		<COLOR>#85ba01</COLOR>
		<COVARIANCE_MATRIX>[[3143.582454197212, 3444.377443121321, 3635.3944072868353, -350.73964465358745, 1811.1539610079674, 4456.6183146899375], [3444.377443121321, 5749.2179778237405, 5649.22928624754, 900.6464847813585, 2457.5562912286287, 4912.174267828513], [3635.3944072868353, 5649.22928624754, 8691.821188608355, 16.951897893746015, 6783.055085731071, 10604.885170238284], [-350.73964465358745, 900.6464847813585, 16.951897893746015, 15529.8577421092, 1681.192919384646, -5944.208633687846], [1811.1539610079674, 2457.5562912286287, 6783.055085731071, 1681.192919384646, 26505.3684233071, 30092.66225109841], [4456.6183146899375, 4912.174267828513, 10604.885170238284, -5944.208633687846, 30092.66225109841, 47848.284225115975]]</COVARIANCE_MATRIX>
		<ROI_SIZE>809</ROI_SIZE>
		<MAX_VALUE>[1239.0, 1569.0, 1637.0, 2397.0, 2756.0, 2496.0]</MAX_VALUE>
		<MIN_VALUE>[843.0, 1038.0, 967.0, 1861.0, 1808.0, 1555.0]</MIN_VALUE>
		<SIGNATURE_THRESHOLD_MD>0</SIGNATURE_THRESHOLD_MD>
		<SIGNATURE_THRESHOLD_ML>0</SIGNATURE_THRESHOLD_ML>
		<SIGNATURE_THRESHOLD_SAM>0</SIGNATURE_THRESHOLD_SAM>
	</signature>
</signaturelist>
