<?xml version="1.0" ?>
<signaturelist MCID_LIST="[['1', 'Water body', '#42d596'], ['2', 'Built Up', '#e58382'], ['3', 'Vegetation', '#a18acb'], ['4', 'Barren Land', '#31de89']]">
	<signature ID="20210106_134703576970_209">
		<MACROCLASSID>1</MACROCLASSID>
		<MACROCLASSINFO>Water body</MACROCLASSINFO>
		<CLASSID>1</CLASSID>
		<CLASSINFO>C 1</CLASSINFO>
		<VALUES>[0.13327155, 0.0050497823, 0.131459, 0.0059107407, 0.117146775, 0.007904476, 0.07161571, 0.017639324, 0.024847144, 0.02091504, 0.016451076, 0.017466607]</VALUES>
		<LCS_MIN>[0.11624921, 0.099250354, 0.08031942, 0.055017687, 0.00910253, 0.0]</LCS_MIN>
		<LCS_MAX>[0.23083654, 0.24279945, 0.23877259, 0.28191265, 0.27807656, 0.23546442]</LCS_MAX>
		<WAVELENGTH>[0.485, 0.56, 0.66, 0.83, 1.65, 2.215]</WAVELENGTH>
		<MEAN_VALUE>[0.13327155, 0.131459, 0.117146775, 0.07161571, 0.024847144, 0.016451076]</MEAN_VALUE>
		<CHECKBOX>2</CHECKBOX>
		<SD>[0.0050497823, 0.0059107407, 0.007904476, 0.017639324, 0.02091504, 0.017466607]</SD>
		<WAVELENGTH_UNIT>E-6m</WAVELENGTH_UNIT>
		<COLOR>#42d596</COLOR>
		<COVARIANCE_MATRIX>[[2.5501978132080342e-05, 2.510737238557219e-05, 3.1363123676847766e-05, 5.995905130205868e-05, 6.865878379848673e-05, 5.2485120297101914e-05], [2.510737238557219e-05, 3.493915205460743e-05, 4.018660267871681e-05, 7.049392917925069e-05, 8.017576536179548e-05, 6.221738106309887e-05], [3.1363123676847766e-05, 4.018660267871681e-05, 6.248483486237569e-05, 0.0001039742015050226, 0.00011668848444462018, 9.357596448742699e-05], [5.995905130205868e-05, 7.049392917925069e-05, 0.0001039742015050226, 0.0003111661871145369, 0.0003563534094701642, 0.00028852800954997856], [6.865878379848673e-05, 8.017576536179548e-05, 0.00011668848444462018, 0.0003563534094701642, 0.00043746771366841677, 0.0003555610469449588], [5.2485120297101914e-05, 6.221738106309887e-05, 9.357596448742699e-05, 0.00028852800954997856, 0.0003555610469449588, 0.00030510235341861904]]</COVARIANCE_MATRIX>
		<ROI_SIZE>15216</ROI_SIZE>
		<MAX_VALUE>[0.23083654, 0.24279945, 0.23877259, 0.28191265, 0.27807656, 0.23546442]</MAX_VALUE>
		<MIN_VALUE>[0.11624921, 0.099250354, 0.08031942, 0.055017687, 0.00910253, 0.0]</MIN_VALUE>
		<SIGNATURE_THRESHOLD_MD>0</SIGNATURE_THRESHOLD_MD>
		<SIGNATURE_THRESHOLD_ML>0</SIGNATURE_THRESHOLD_ML>
		<SIGNATURE_THRESHOLD_SAM>0</SIGNATURE_THRESHOLD_SAM>
	</signature>
	<signature ID="20210106_135221101001_866">
		<MACROCLASSID>1</MACROCLASSID>
		<MACROCLASSINFO>Water body</MACROCLASSINFO>
		<CLASSID>1</CLASSID>
		<CLASSINFO>C 1</CLASSINFO>
		<VALUES>[0.13338259, 0.013144465, 0.13206184, 0.0149563085, 0.11405079, 0.017942986, 0.07206013, 0.028954051, 0.027546937, 0.035782043, 0.018512411, 0.030409522]</VALUES>
		<LCS_MIN>[0.11297529, 0.09583252, 0.07455748, 0.055017687, 0.006783787, 0.0023699729]</LCS_MIN>
		<LCS_MAX>[0.3781631, 0.39660197, 0.40874958, 0.47639403, 0.47748834, 0.4052904]</LCS_MAX>
		<WAVELENGTH>[0.485, 0.56, 0.66, 0.83, 1.65, 2.215]</WAVELENGTH>
		<MEAN_VALUE>[0.13338259, 0.13206184, 0.11405079, 0.07206013, 0.027546937, 0.018512411]</MEAN_VALUE>
		<CHECKBOX>2</CHECKBOX>
		<SD>[0.013144465, 0.0149563085, 0.017942986, 0.028954051, 0.035782043, 0.030409522]</SD>
		<WAVELENGTH_UNIT>E-6m</WAVELENGTH_UNIT>
		<COLOR>#80789f</COLOR>
		<COVARIANCE_MATRIX>[[0.00017278685505343465, 0.00018973146091798087, 0.0002219582439354281, 0.00034133128945833426, 0.0004093772692999952, 0.0003335117393332853], [0.00018973146091798087, 0.00022370395647544337, 0.0002607999133075681, 0.00038837297187299246, 0.000466541251172588, 0.00038364308328376007], [0.0002219582439354281, 0.0002607999133075681, 0.000321969183536312, 0.00047881546353905946, 0.0005800562608113939, 0.0004837054992526058], [0.00034133128945833426, 0.00038837297187299246, 0.00047881546353905946, 0.0008383852085421823, 0.0010200298305240811, 0.0008535152690381821], [0.0004093772692999952, 0.000466541251172588, 0.0005800562608113939, 0.0010200298305240811, 0.001280427771462503, 0.001075773279225306], [0.0003335117393332853, 0.00038364308328376007, 0.0004837054992526058, 0.0008535152690381821, 0.001075773279225306, 0.0009247920661945725]]</COVARIANCE_MATRIX>
		<ROI_SIZE>17491</ROI_SIZE>
		<MAX_VALUE>[0.3781631, 0.39660197, 0.40874958, 0.47639403, 0.47748834, 0.4052904]</MAX_VALUE>
		<MIN_VALUE>[0.11297529, 0.09583252, 0.07455748, 0.055017687, 0.006783787, 0.0023699729]</MIN_VALUE>
		<SIGNATURE_THRESHOLD_MD>0</SIGNATURE_THRESHOLD_MD>
		<SIGNATURE_THRESHOLD_ML>0</SIGNATURE_THRESHOLD_ML>
		<SIGNATURE_THRESHOLD_SAM>0</SIGNATURE_THRESHOLD_SAM>
	</signature>
	<signature ID="20210106_141057792058_126">
		<MACROCLASSID>1</MACROCLASSID>
		<MACROCLASSINFO>Water body</MACROCLASSINFO>
		<CLASSID>2</CLASSID>
		<CLASSINFO>C 1</CLASSINFO>
		<VALUES>[0.13372567, 0.012755965, 0.13348384, 0.0153579, 0.116385505, 0.019324344, 0.073043175, 0.028323658, 0.02762461, 0.034605697, 0.01844211, 0.02938397]</VALUES>
		<LCS_MIN>[0.11297529, 0.09583252, 0.07455748, 0.055017687, 0.006783787, 0.0023699729]</LCS_MIN>
		<LCS_MAX>[0.3781631, 0.39660197, 0.40874958, 0.47639403, 0.47748834, 0.4052904]</LCS_MAX>
		<WAVELENGTH>[0.485, 0.56, 0.66, 0.83, 1.65, 2.215]</WAVELENGTH>
		<MEAN_VALUE>[0.13372567, 0.13348384, 0.116385505, 0.073043175, 0.02762461, 0.01844211]</MEAN_VALUE>
		<CHECKBOX>2</CHECKBOX>
		<SD>[0.012755965, 0.0153579, 0.019324344, 0.028323658, 0.034605697, 0.02938397]</SD>
		<WAVELENGTH_UNIT>E-6m</WAVELENGTH_UNIT>
		<COLOR>#fe19ac</COLOR>
		<COVARIANCE_MATRIX>[[0.0001627232834273296, 0.00018328664256283037, 0.0002175290052303325, 0.00032066874968297865, 0.0003800276872171907, 0.00030924868063248476], [0.00018328664256283037, 0.00023587765166283123, 0.0002875490308386692, 0.0003776447532354599, 0.0004334360304426639, 0.00035432197933096224], [0.0002175290052303325, 0.0002875490308386692, 0.0003734502105516812, 0.00047317897212179126, 0.0005396067934548356, 0.00044634211096163253], [0.00032066874968297865, 0.0003776447532354599, 0.00047317897212179126, 0.0008022720398785133, 0.0009558883440698877, 0.0007962317203453553], [0.0003800276872171907, 0.0004334360304426639, 0.0005396067934548356, 0.0009558883440698877, 0.0011976172511977711, 0.0010042205601111345], [0.00030924868063248476, 0.00035432197933096224, 0.00044634211096163253, 0.0007962317203453553, 0.0010042205601111345, 0.0008634640746807094]]</COVARIANCE_MATRIX>
		<ROI_SIZE>18816</ROI_SIZE>
		<MAX_VALUE>[0.3781631, 0.39660197, 0.40874958, 0.47639403, 0.47748834, 0.4052904]</MAX_VALUE>
		<MIN_VALUE>[0.11297529, 0.09583252, 0.07455748, 0.055017687, 0.006783787, 0.0023699729]</MIN_VALUE>
		<SIGNATURE_THRESHOLD_MD>0</SIGNATURE_THRESHOLD_MD>
		<SIGNATURE_THRESHOLD_ML>0</SIGNATURE_THRESHOLD_ML>
		<SIGNATURE_THRESHOLD_SAM>0</SIGNATURE_THRESHOLD_SAM>
	</signature>
	<signature ID="20210106_142055311762_909">
		<MACROCLASSID>1</MACROCLASSID>
		<MACROCLASSINFO>Water body</MACROCLASSINFO>
		<CLASSID>3</CLASSID>
		<CLASSINFO>C 1</CLASSINFO>
		<VALUES>[0.12829185, 0.006566928, 0.13311158, 0.013990738, 0.11436233, 0.021034723, 0.078913875, 0.0256394, 0.030411048, 0.013724141, 0.01773567, 0.0076636653]</VALUES>
		<LCS_MIN>[0.11624921, 0.10950386, 0.08320038, 0.051416185, 0.016058754, 0.0023699729]</LCS_MIN>
		<LCS_MAX>[0.14080365, 0.15735355, 0.15234357, 0.22789003, 0.106489666, 0.06563847]</LCS_MAX>
		<WAVELENGTH>[0.485, 0.56, 0.66, 0.83, 1.65, 2.215]</WAVELENGTH>
		<MEAN_VALUE>[0.12829185, 0.13311158, 0.11436233, 0.078913875, 0.030411048, 0.01773567]</MEAN_VALUE>
		<CHECKBOX>2</CHECKBOX>
		<SD>[0.006566928, 0.013990738, 0.021034723, 0.0256394, 0.013724141, 0.0076636653]</SD>
		<WAVELENGTH_UNIT>E-6m</WAVELENGTH_UNIT>
		<COLOR>#c48673</COLOR>
		<COVARIANCE_MATRIX>[[4.321363894989037e-05, 8.590027260969402e-05, 0.0001271549957781245, 2.06359966186607e-05, -4.60985498036305e-06, 9.089015195536389e-07], [8.590027260969402e-05, 0.0001961451913724846, 0.00028630081904317526, 6.395208854523735e-05, -4.412236058338844e-06, 3.683563707724477e-06], [0.0001271549957781245, 0.00028630081904317526, 0.0004433737028044545, 0.0001400203599767301, 1.8962466714800967e-05, 2.0171579349173433e-05], [2.06359966186607e-05, 6.395208854523735e-05, 0.0001400203599767301, 0.0006587371699537326, 0.00030454404444653637, 0.00013288034545576703], [-4.60985498036305e-06, -4.412236058338844e-06, 1.8962466714800967e-05, 0.00030454404444653637, 0.00018874120400368358, 8.717442801805733e-05], [9.089015195536389e-07, 3.683563707724477e-06, 2.0171579349173433e-05, 0.00013288034545576703, 8.717442801805733e-05, 5.885311442577277e-05]]</COVARIANCE_MATRIX>
		<ROI_SIZE>485</ROI_SIZE>
		<MAX_VALUE>[0.14080365, 0.15735355, 0.15234357, 0.22789003, 0.106489666, 0.06563847]</MAX_VALUE>
		<MIN_VALUE>[0.11624921, 0.10950386, 0.08320038, 0.051416185, 0.016058754, 0.0023699729]</MIN_VALUE>
		<SIGNATURE_THRESHOLD_MD>0</SIGNATURE_THRESHOLD_MD>
		<SIGNATURE_THRESHOLD_ML>0</SIGNATURE_THRESHOLD_ML>
		<SIGNATURE_THRESHOLD_SAM>0</SIGNATURE_THRESHOLD_SAM>
	</signature>
	<signature ID="20210106_142608519388_810">
		<MACROCLASSID>2</MACROCLASSID>
		<MACROCLASSINFO>Built Up</MACROCLASSINFO>
		<CLASSID>4</CLASSID>
		<CLASSINFO>C 1</CLASSINFO>
		<VALUES>[0.14984252, 0.011319299, 0.14702573, 0.018631719, 0.1502768, 0.02637484, 0.19970433, 0.051001087, 0.22993746, 0.0568738, 0.20107937, 0.03996541]</VALUES>
		<LCS_MIN>[0.1293449, 0.11633953, 0.11201004, 0.13064933, 0.15054576, 0.1322369]</LCS_MIN>
		<LCS_MAX>[0.18336464, 0.18811406, 0.2099629, 0.32873225, 0.38937613, 0.2920731]</LCS_MAX>
		<WAVELENGTH>[0.485, 0.56, 0.66, 0.83, 1.65, 2.215]</WAVELENGTH>
		<MEAN_VALUE>[0.14984252, 0.14702573, 0.1502768, 0.19970433, 0.22993746, 0.20107937]</MEAN_VALUE>
		<CHECKBOX>2</CHECKBOX>
		<SD>[0.011319299, 0.018631719, 0.02637484, 0.051001087, 0.0568738, 0.03996541]</SD>
		<WAVELENGTH_UNIT>E-6m</WAVELENGTH_UNIT>
		<COLOR>#e58382</COLOR>
		<COVARIANCE_MATRIX>[[0.00013097377788558764, 0.00018705770657461855, 0.00024368444719447598, 0.0002651450675837953, 0.00031287131570797397, 0.00027858326233442095], [0.00018705770657461855, 0.00035485520808352524, 0.0004856119103157119, 0.000720555310827918, 0.00083886718787547, 0.0006279023784150598], [0.00024368444719447598, 0.0004856119103157119, 0.000711090658189136, 0.001165029459656773, 0.0012986177925338085, 0.000909291204771202], [0.0002651450675837953, 0.000720555310827918, 0.001165029459656773, 0.002658913167226728, 0.0027196469366816355, 0.0016250447724081938], [0.00031287131570797397, 0.00083886718787547, 0.0012986177925338085, 0.0027196469366816355, 0.003306509612724517, 0.0021874380193597194], [0.00027858326233442095, 0.0006279023784150598, 0.000909291204771202, 0.0016250447724081938, 0.0021874380193597194, 0.0016327281936565385]]</COVARIANCE_MATRIX>
		<ROI_SIZE>46</ROI_SIZE>
		<MAX_VALUE>[0.18336464, 0.18811406, 0.2099629, 0.32873225, 0.38937613, 0.2920731]</MAX_VALUE>
		<MIN_VALUE>[0.1293449, 0.11633953, 0.11201004, 0.13064933, 0.15054576, 0.1322369]</MIN_VALUE>
		<SIGNATURE_THRESHOLD_MD>0</SIGNATURE_THRESHOLD_MD>
		<SIGNATURE_THRESHOLD_ML>0</SIGNATURE_THRESHOLD_ML>
		<SIGNATURE_THRESHOLD_SAM>0</SIGNATURE_THRESHOLD_SAM>
	</signature>
	<signature ID="20210106_143825118965_797">
		<MACROCLASSID>2</MACROCLASSID>
		<MACROCLASSINFO>Built Up</MACROCLASSINFO>
		<CLASSID>1</CLASSID>
		<CLASSINFO>C 1</CLASSINFO>
		<VALUES>[0.18387744, 0.03409464, 0.18910235, 0.04137798, 0.19750185, 0.04930327, 0.24785021, 0.05876089, 0.29578838, 0.07186843, 0.27779052, 0.08191016]</VALUES>
		<LCS_MIN>[0.1424406, 0.13684654, 0.1321768, 0.1630629, 0.18300815, 0.17219594]</LCS_MIN>
		<LCS_MAX>[0.33723906, 0.39318419, 0.4721309, 0.50160456, 0.58183163, 0.6816738]</LCS_MAX>
		<WAVELENGTH>[0.485, 0.56, 0.66, 0.83, 1.65, 2.215]</WAVELENGTH>
		<MEAN_VALUE>[0.18387744, 0.18910235, 0.19750185, 0.24785021, 0.29578838, 0.27779052]</MEAN_VALUE>
		<CHECKBOX>2</CHECKBOX>
		<SD>[0.03409464, 0.04137798, 0.04930327, 0.05876089, 0.07186843, 0.08191016]</SD>
		<WAVELENGTH_UNIT>E-6m</WAVELENGTH_UNIT>
		<COLOR>#dfd156</COLOR>
		<COVARIANCE_MATRIX>[[0.0011766204414469998, 0.0013434149877583593, 0.0015479201854883171, 0.0014271425695262074, 0.0018641655607959818, 0.0022579255514932214], [0.0013434149877583593, 0.0017330168627331965, 0.0019858821934875775, 0.0018462518554656208, 0.0023484973826081216, 0.0028587352962616826], [0.0015479201854883171, 0.0019858821934875775, 0.002460456583697191, 0.002490404531042476, 0.003016137198129553, 0.0034448686787682797], [0.0014271425695262074, 0.0018462518554656208, 0.002490404531042476, 0.003494949673426507, 0.0035502049613940945, 0.003263926469563299], [0.0018641655607959818, 0.0023484973826081216, 0.003016137198129553, 0.0035502049613940945, 0.0052280601840876935, 0.0054474488337480035], [0.0022579255514932214, 0.0028587352962616826, 0.0034448686787682797, 0.003263926469563299, 0.0054474488337480035, 0.006791095486369445]]</COVARIANCE_MATRIX>
		<ROI_SIZE>83</ROI_SIZE>
		<MAX_VALUE>[0.33723906, 0.39318419, 0.4721309, 0.50160456, 0.58183163, 0.6816738]</MAX_VALUE>
		<MIN_VALUE>[0.1424406, 0.13684654, 0.1321768, 0.1630629, 0.18300815, 0.17219594]</MIN_VALUE>
		<SIGNATURE_THRESHOLD_MD>0</SIGNATURE_THRESHOLD_MD>
		<SIGNATURE_THRESHOLD_ML>0</SIGNATURE_THRESHOLD_ML>
		<SIGNATURE_THRESHOLD_SAM>0</SIGNATURE_THRESHOLD_SAM>
	</signature>
	<signature ID="20210106_145250543480_798">
		<MACROCLASSID>2</MACROCLASSID>
		<MACROCLASSINFO>Built Up</MACROCLASSINFO>
		<CLASSID>2</CLASSID>
		<CLASSINFO>C 2</CLASSINFO>
		<VALUES>[0.16956623, 0.031486407, 0.17786057, 0.03549759, 0.19305539, 0.041397564, 0.26299563, 0.0508412, 0.3044376, 0.07104351, 0.2662746, 0.07446658]</VALUES>
		<LCS_MIN>[0.13098186, 0.11975737, 0.123533905, 0.1630629, 0.18300815, 0.15554635]</LCS_MIN>
		<LCS_MAX>[0.33723906, 0.39318419, 0.4721309, 0.50160456, 0.58183163, 0.6816738]</LCS_MAX>
		<WAVELENGTH>[0.485, 0.56, 0.66, 0.83, 1.65, 2.215]</WAVELENGTH>
		<MEAN_VALUE>[0.16956623, 0.17786057, 0.19305539, 0.26299563, 0.3044376, 0.2662746]</MEAN_VALUE>
		<CHECKBOX>2</CHECKBOX>
		<SD>[0.031486407, 0.03549759, 0.041397564, 0.0508412, 0.07104351, 0.07446658]</SD>
		<WAVELENGTH_UNIT>E-6m</WAVELENGTH_UNIT>
		<COLOR>#ccc099</COLOR>
		<COVARIANCE_MATRIX>[[0.0009964264528944794, 0.0010434000069589142, 0.001062930518412454, 0.0006165627367652947, 0.0012157838206926955, 0.001754970786070788], [0.0010434000069589142, 0.001266475212005572, 0.0013805331083685288, 0.0010163656129581597, 0.0017253334722381096, 0.0022298911239128257], [0.001062930518412454, 0.0013805331083685288, 0.001722457728768725, 0.0016124430430259438, 0.0024133014704064487, 0.0026792067393542774], [0.0006165627367652947, 0.0010163656129581597, 0.0016124430430259438, 0.0025979485898420976, 0.003004161021340047, 0.002331742131549326], [0.0012157838206926955, 0.0017253334722381096, 0.0024133014704064487, 0.003004161021340047, 0.005072801346989504, 0.004694370228209791], [0.001754970786070788, 0.0022298911239128257, 0.0026792067393542774, 0.002331742131549326, 0.004694370228209791, 0.005573420036444027]]</COVARIANCE_MATRIX>
		<ROI_SIZE>198</ROI_SIZE>
		<MAX_VALUE>[0.33723906, 0.39318419, 0.4721309, 0.50160456, 0.58183163, 0.6816738]</MAX_VALUE>
		<MIN_VALUE>[0.13098186, 0.11975737, 0.123533905, 0.1630629, 0.18300815, 0.15554635]</MIN_VALUE>
		<SIGNATURE_THRESHOLD_MD>0</SIGNATURE_THRESHOLD_MD>
		<SIGNATURE_THRESHOLD_ML>0</SIGNATURE_THRESHOLD_ML>
		<SIGNATURE_THRESHOLD_SAM>0</SIGNATURE_THRESHOLD_SAM>
	</signature>
	<signature ID="20210106_145753670887_846">
		<MACROCLASSID>2</MACROCLASSID>
		<MACROCLASSINFO>Built Up</MACROCLASSINFO>
		<CLASSID>3</CLASSID>
		<CLASSINFO>C 3</CLASSINFO>
		<VALUES>[0.18426338, 0.034783125, 0.1894209, 0.04321945, 0.1987215, 0.049683284, 0.2492166, 0.05994036, 0.3030826, 0.07286107, 0.28221393, 0.083433144]</VALUES>
		<LCS_MIN>[0.13589276, 0.13001086, 0.123533905, 0.1630629, 0.17373317, 0.14888649]</LCS_MIN>
		<LCS_MAX>[0.33723906, 0.39318419, 0.4721309, 0.50160456, 0.58183163, 0.6816738]</LCS_MAX>
		<WAVELENGTH>[0.485, 0.56, 0.66, 0.83, 1.65, 2.215]</WAVELENGTH>
		<MEAN_VALUE>[0.18426338, 0.1894209, 0.1987215, 0.2492166, 0.3030826, 0.28221393]</MEAN_VALUE>
		<CHECKBOX>2</CHECKBOX>
		<SD>[0.034783125, 0.04321945, 0.049683284, 0.05994036, 0.07286107, 0.083433144]</SD>
		<WAVELENGTH_UNIT>E-6m</WAVELENGTH_UNIT>
		<COLOR>#7ed005</COLOR>
		<COVARIANCE_MATRIX>[[0.0012218448887677572, 0.0014099390019094975, 0.0015626180887128352, 0.0013053280711441274, 0.0017862702455306567, 0.0023090887693439613], [0.0014099390019094975, 0.0018864152402682704, 0.0020820517744803784, 0.0018088734600402755, 0.00239112999027373, 0.00305109521253575], [0.0015626180887128352, 0.0020820517744803784, 0.0024928684378537538, 0.002448363563497955, 0.0029578250449626715, 0.0035115236542076654], [0.0013053280711441274, 0.0018088734600402755, 0.002448363563497955, 0.0036284197951634437, 0.0036346764262553785, 0.003299226297484957], [0.0017862702455306567, 0.00239112999027373, 0.0029578250449626715, 0.0036346764262553785, 0.005361296926510321, 0.00554726924863569], [0.0023090887693439613, 0.00305109521253575, 0.0035115236542076654, 0.003299226297484957, 0.00554726924863569, 0.007030011052160156]]</COVARIANCE_MATRIX>
		<ROI_SIZE>102</ROI_SIZE>
		<MAX_VALUE>[0.33723906, 0.39318419, 0.4721309, 0.50160456, 0.58183163, 0.6816738]</MAX_VALUE>
		<MIN_VALUE>[0.13589276, 0.13001086, 0.123533905, 0.1630629, 0.17373317, 0.14888649]</MIN_VALUE>
		<SIGNATURE_THRESHOLD_MD>0</SIGNATURE_THRESHOLD_MD>
		<SIGNATURE_THRESHOLD_ML>0</SIGNATURE_THRESHOLD_ML>
		<SIGNATURE_THRESHOLD_SAM>0</SIGNATURE_THRESHOLD_SAM>
	</signature>
	<signature ID="20210106_150023632687_150">
		<MACROCLASSID>2</MACROCLASSID>
		<MACROCLASSINFO>Built Up</MACROCLASSINFO>
		<CLASSID>4</CLASSID>
		<CLASSINFO>C 3</CLASSINFO>
		<VALUES>[0.15687807, 0.014657947, 0.16575807, 0.024156444, 0.18427035, 0.037112407, 0.27010444, 0.04320398, 0.29837504, 0.06298381, 0.24774691, 0.06081034]</VALUES>
		<LCS_MIN>[0.14080365, 0.13342871, 0.14081973, 0.18827344, 0.21315181, 0.16886602]</LCS_MIN>
		<LCS_MAX>[0.20791908, 0.22571026, 0.26182032, 0.37195033, 0.44270718, 0.381981]</LCS_MAX>
		<WAVELENGTH>[0.485, 0.56, 0.66, 0.83, 1.65, 2.215]</WAVELENGTH>
		<MEAN_VALUE>[0.15687807, 0.16575807, 0.18427035, 0.27010444, 0.29837504, 0.24774691]</MEAN_VALUE>
		<CHECKBOX>2</CHECKBOX>
		<SD>[0.014657947, 0.024156444, 0.037112407, 0.04320398, 0.06298381, 0.06081034]</SD>
		<WAVELENGTH_UNIT>E-6m</WAVELENGTH_UNIT>
		<COLOR>#958624</COLOR>
		<COVARIANCE_MATRIX>[[0.0002184363417614418, 0.0003227350848665294, 0.0004682156085695061, 0.0003807465965050239, 0.0006202977344260328, 0.000691687262390809], [0.0003227350848665294, 0.0005932593089242591, 0.0008827055206624329, 0.0008454076945419536, 0.0013151512340905942, 0.0013599913610878797], [0.0004682156085695061, 0.0008827055206624329, 0.0014002862126214074, 0.0014030523853065453, 0.0021800026185253008, 0.0021675559789758056], [0.0003807465965050239, 0.0008454076945419536, 0.0014030523853065453, 0.0018976934467842053, 0.002574995102941165, 0.002328730812205931], [0.0006202977344260328, 0.0013151512340905942, 0.0021800026185253008, 0.002574995102941165, 0.004033076172852749, 0.0037112493463736236], [0.000691687262390809, 0.0013599913610878797, 0.0021675559789758056, 0.002328730812205931, 0.0037112493463736236, 0.0037595287342256363]]</COVARIANCE_MATRIX>
		<ROI_SIZE>61</ROI_SIZE>
		<MAX_VALUE>[0.20791908, 0.22571026, 0.26182032, 0.37195033, 0.44270718, 0.381981]</MAX_VALUE>
		<MIN_VALUE>[0.14080365, 0.13342871, 0.14081973, 0.18827344, 0.21315181, 0.16886602]</MIN_VALUE>
		<SIGNATURE_THRESHOLD_MD>0</SIGNATURE_THRESHOLD_MD>
		<SIGNATURE_THRESHOLD_ML>0</SIGNATURE_THRESHOLD_ML>
		<SIGNATURE_THRESHOLD_SAM>0</SIGNATURE_THRESHOLD_SAM>
	</signature>
	<signature ID="20210106_150055480743_303">
		<MACROCLASSID>2</MACROCLASSID>
		<MACROCLASSINFO>Built Up</MACROCLASSINFO>
		<CLASSID>5</CLASSID>
		<CLASSINFO>C 3</CLASSINFO>
		<VALUES>[0.15669076, 0.014749741, 0.1529592, 0.020379322, 0.15700105, 0.025089594, 0.20610516, 0.040172968, 0.23894306, 0.050775964, 0.21257047, 0.045009684]</VALUES>
		<LCS_MIN>[0.1424406, 0.1231752, 0.11489101, 0.13425083, 0.14127079, 0.12890697]</LCS_MIN>
		<LCS_MAX>[0.21446691, 0.2393816, 0.24165355, 0.34313828, 0.42183852, 0.47854865]</LCS_MAX>
		<WAVELENGTH>[0.485, 0.56, 0.66, 0.83, 1.65, 2.215]</WAVELENGTH>
		<MEAN_VALUE>[0.15669076, 0.1529592, 0.15700105, 0.20610516, 0.23894306, 0.21257047]</MEAN_VALUE>
		<CHECKBOX>2</CHECKBOX>
		<SD>[0.014749741, 0.020379322, 0.025089594, 0.040172968, 0.050775964, 0.045009684]</SD>
		<WAVELENGTH_UNIT>E-6m</WAVELENGTH_UNIT>
		<COLOR>#e5c573</COLOR>
		<COVARIANCE_MATRIX>[[0.00021794900107169945, 0.0002641184409541195, 0.0002866143792879787, 0.00025474713761147055, 0.0003805320585884071, 0.00043617835495449127], [0.0002641184409541195, 0.00041606911011522887, 0.0004704714112283734, 0.0005010551520733434, 0.0006545856665178887, 0.0006640989237014347], [0.0002866143792879787, 0.0004704714112283734, 0.0006306280963425912, 0.0007899657061149977, 0.0009562399165659015, 0.0008304097054555513], [0.00025474713761147055, 0.0005010551520733434, 0.0007899657061149977, 0.0016167910073734612, 0.001606733453618905, 0.0010253651909304742], [0.0003805320585884071, 0.0006545856665178887, 0.0009562399165659015, 0.001606733453618905, 0.0025828691532669003, 0.0020371517856582998], [0.00043617835495449127, 0.0006640989237014347, 0.0008304097054555513, 0.0010253651909304742, 0.0020371517856582998, 0.0020295418503363193]]</COVARIANCE_MATRIX>
		<ROI_SIZE>553</ROI_SIZE>
		<MAX_VALUE>[0.21446691, 0.2393816, 0.24165355, 0.34313828, 0.42183852, 0.47854865]</MAX_VALUE>
		<MIN_VALUE>[0.1424406, 0.1231752, 0.11489101, 0.13425083, 0.14127079, 0.12890697]</MIN_VALUE>
		<SIGNATURE_THRESHOLD_MD>0</SIGNATURE_THRESHOLD_MD>
		<SIGNATURE_THRESHOLD_ML>0</SIGNATURE_THRESHOLD_ML>
		<SIGNATURE_THRESHOLD_SAM>0</SIGNATURE_THRESHOLD_SAM>
	</signature>
	<signature ID="20210106_150436710931_750">
		<MACROCLASSID>2</MACROCLASSID>
		<MACROCLASSINFO>Built Up</MACROCLASSINFO>
		<CLASSID>6</CLASSID>
		<CLASSINFO>C 3</CLASSINFO>
		<VALUES>[0.14198773, 0.0072323354, 0.14241654, 0.013824276, 0.15022229, 0.020448491, 0.22490087, 0.04177554, 0.23742841, 0.056773514, 0.18722858, 0.043703936]</VALUES>
		<LCS_MIN>[0.13098186, 0.1129217, 0.11201004, 0.08743125, 0.029971203, 0.022349497]</LCS_MIN>
		<LCS_MAX>[0.18336464, 0.18811406, 0.23012967, 0.34313828, 0.4589384, 0.39530066]</LCS_MAX>
		<WAVELENGTH>[0.485, 0.56, 0.66, 0.83, 1.65, 2.215]</WAVELENGTH>
		<MEAN_VALUE>[0.14198773, 0.14241654, 0.15022229, 0.22490087, 0.23742841, 0.18722858]</MEAN_VALUE>
		<CHECKBOX>2</CHECKBOX>
		<SD>[0.0072323354, 0.013824276, 0.020448491, 0.04177554, 0.056773514, 0.043703936]</SD>
		<WAVELENGTH_UNIT>E-6m</WAVELENGTH_UNIT>
		<COLOR>#09d1ab</COLOR>
		<COVARIANCE_MATRIX>[[5.238215759048326e-05, 7.7552246017648e-05, 9.52368462434551e-05, 3.3107256977289105e-05, 9.435659214553939e-05, 0.00011678076045708081], [7.7552246017648e-05, 0.00019138637453889075, 0.00024872089741434825, 0.00015720976573860068, 0.00025198662371858887, 0.0002031554189270551], [9.52368462434551e-05, 0.00024872089741434825, 0.0004187441100010598, 0.0004544832900089063, 0.0006973551171192431, 0.0005112718401225814], [3.3107256977289105e-05, 0.00015720976573860068, 0.0004544832900089063, 0.0017477141050688263, 0.0020665271349303567, 0.0012479938069336514], [9.435659214553939e-05, 0.00025198662371858887, 0.0006973551171192431, 0.0020665271349303567, 0.003227883111236545, 0.0022394260884919808], [0.00011678076045708081, 0.0002031554189270551, 0.0005112718401225814, 0.0012479938069336514, 0.0022394260884919808, 0.0019127900567766796]]</COVARIANCE_MATRIX>
		<ROI_SIZE>694</ROI_SIZE>
		<MAX_VALUE>[0.18336464, 0.18811406, 0.23012967, 0.34313828, 0.4589384, 0.39530066]</MAX_VALUE>
		<MIN_VALUE>[0.13098186, 0.1129217, 0.11201004, 0.08743125, 0.029971203, 0.022349497]</MIN_VALUE>
		<SIGNATURE_THRESHOLD_MD>0</SIGNATURE_THRESHOLD_MD>
		<SIGNATURE_THRESHOLD_ML>0</SIGNATURE_THRESHOLD_ML>
		<SIGNATURE_THRESHOLD_SAM>0</SIGNATURE_THRESHOLD_SAM>
	</signature>
	<signature ID="20210106_150445287511_610">
		<MACROCLASSID>2</MACROCLASSID>
		<MACROCLASSINFO>Built Up</MACROCLASSINFO>
		<CLASSID>7</CLASSID>
		<CLASSINFO>C 3</CLASSINFO>
		<VALUES>[0.14198773, 0.0072323354, 0.14241654, 0.013824276, 0.15022229, 0.020448491, 0.22490087, 0.04177554, 0.23742841, 0.056773514, 0.18722858, 0.043703936]</VALUES>
		<LCS_MIN>[0.13098186, 0.1129217, 0.11201004, 0.08743125, 0.029971203, 0.022349497]</LCS_MIN>
		<LCS_MAX>[0.18336464, 0.18811406, 0.23012967, 0.34313828, 0.4589384, 0.39530066]</LCS_MAX>
		<WAVELENGTH>[0.485, 0.56, 0.66, 0.83, 1.65, 2.215]</WAVELENGTH>
		<MEAN_VALUE>[0.14198773, 0.14241654, 0.15022229, 0.22490087, 0.23742841, 0.18722858]</MEAN_VALUE>
		<CHECKBOX>2</CHECKBOX>
		<SD>[0.0072323354, 0.013824276, 0.020448491, 0.04177554, 0.056773514, 0.043703936]</SD>
		<WAVELENGTH_UNIT>E-6m</WAVELENGTH_UNIT>
		<COLOR>#9de476</COLOR>
		<COVARIANCE_MATRIX>[[5.238215759048326e-05, 7.7552246017648e-05, 9.52368462434551e-05, 3.3107256977289105e-05, 9.435659214553939e-05, 0.00011678076045708081], [7.7552246017648e-05, 0.00019138637453889075, 0.00024872089741434825, 0.00015720976573860068, 0.00025198662371858887, 0.0002031554189270551], [9.52368462434551e-05, 0.00024872089741434825, 0.0004187441100010598, 0.0004544832900089063, 0.0006973551171192431, 0.0005112718401225814], [3.3107256977289105e-05, 0.00015720976573860068, 0.0004544832900089063, 0.0017477141050688263, 0.0020665271349303567, 0.0012479938069336514], [9.435659214553939e-05, 0.00025198662371858887, 0.0006973551171192431, 0.0020665271349303567, 0.003227883111236545, 0.0022394260884919808], [0.00011678076045708081, 0.0002031554189270551, 0.0005112718401225814, 0.0012479938069336514, 0.0022394260884919808, 0.0019127900567766796]]</COVARIANCE_MATRIX>
		<ROI_SIZE>694</ROI_SIZE>
		<MAX_VALUE>[0.18336464, 0.18811406, 0.23012967, 0.34313828, 0.4589384, 0.39530066]</MAX_VALUE>
		<MIN_VALUE>[0.13098186, 0.1129217, 0.11201004, 0.08743125, 0.029971203, 0.022349497]</MIN_VALUE>
		<SIGNATURE_THRESHOLD_MD>0</SIGNATURE_THRESHOLD_MD>
		<SIGNATURE_THRESHOLD_ML>0</SIGNATURE_THRESHOLD_ML>
		<SIGNATURE_THRESHOLD_SAM>0</SIGNATURE_THRESHOLD_SAM>
	</signature>
	<signature ID="20210106_151941064352_513">
		<MACROCLASSID>2</MACROCLASSID>
		<MACROCLASSINFO>Built Up</MACROCLASSINFO>
		<CLASSID>8</CLASSID>
		<CLASSINFO>C 3</CLASSINFO>
		<VALUES>[0.14530529, 0.0064277113, 0.1481517, 0.011126419, 0.1630918, 0.020395909, 0.24984537, 0.034589626, 0.27999395, 0.055013925, 0.20888911, 0.03728968]</VALUES>
		<LCS_MIN>[0.13589276, 0.13001086, 0.13505776, 0.19547646, 0.19923934, 0.15221642]</LCS_MIN>
		<LCS_MAX>[0.1637211, 0.19494972, 0.2272487, 0.32873225, 0.42183852, 0.34535182]</LCS_MAX>
		<WAVELENGTH>[0.485, 0.56, 0.66, 0.83, 1.65, 2.215]</WAVELENGTH>
		<MEAN_VALUE>[0.14530529, 0.1481517, 0.1630918, 0.24984537, 0.27999395, 0.20888911]</MEAN_VALUE>
		<CHECKBOX>2</CHECKBOX>
		<SD>[0.0064277113, 0.011126419, 0.020395909, 0.034589626, 0.055013925, 0.03728968]</SD>
		<WAVELENGTH_UNIT>E-6m</WAVELENGTH_UNIT>
		<COLOR>#699eb0</COLOR>
		<COVARIANCE_MATRIX>[[4.2125584099199666e-05, 5.1889607503618676e-05, 9.575395934167734e-05, 0.00011921113100400625, 0.00014883200403030409, 0.00013672806404918137], [5.1889607503618676e-05, 0.0001262245836010855, 0.00021417611686819994, 0.00032449917612326973, 0.0004748469131391716, 0.00035631648071801294], [9.575395934167734e-05, 0.00021417611686819994, 0.0004241497805863168, 0.0006395061796358069, 0.0009714576644507645, 0.0006516487784001664], [0.00011921113100400625, 0.00032449917612326973, 0.0006395061796358069, 0.0012199018124964109, 0.0016806507160439924, 0.0010633333853021375], [0.00014883200403030409, 0.0004748469131391716, 0.0009714576644507645, 0.0016806507160439924, 0.003085875780549233, 0.0018499405377902563], [0.00013672806404918137, 0.00035631648071801294, 0.0006516487784001664, 0.0010633333853021375, 0.0018499405377902563, 0.0014177854491368646]]</COVARIANCE_MATRIX>
		<ROI_SIZE>52</ROI_SIZE>
		<MAX_VALUE>[0.1637211, 0.19494972, 0.2272487, 0.32873225, 0.42183852, 0.34535182]</MAX_VALUE>
		<MIN_VALUE>[0.13589276, 0.13001086, 0.13505776, 0.19547646, 0.19923934, 0.15221642]</MIN_VALUE>
		<SIGNATURE_THRESHOLD_MD>0</SIGNATURE_THRESHOLD_MD>
		<SIGNATURE_THRESHOLD_ML>0</SIGNATURE_THRESHOLD_ML>
		<SIGNATURE_THRESHOLD_SAM>0</SIGNATURE_THRESHOLD_SAM>
	</signature>
	<signature ID="20210106_152713056862_381">
		<MACROCLASSID>3</MACROCLASSID>
		<MACROCLASSINFO>Vegetation</MACROCLASSINFO>
		<CLASSID>1</CLASSID>
		<CLASSINFO>C 1</CLASSINFO>
		<VALUES>[0.11296176, 0.0027985815, 0.09743316, 0.0045889653, 0.0797083, 0.00764578, 0.2680622, 0.017719865, 0.15024555, 0.017967043, 0.072922096, 0.017280044]</VALUES>
		<LCS_MIN>[0.1080644, 0.08899684, 0.068795554, 0.22068703, 0.12040213, 0.05231878]</LCS_MIN>
		<LCS_MAX>[0.12607099, 0.11975737, 0.1321768, 0.32152924, 0.24097668, 0.16220617]</LCS_MAX>
		<WAVELENGTH>[0.485, 0.56, 0.66, 0.83, 1.65, 2.215]</WAVELENGTH>
		<MEAN_VALUE>[0.11296176, 0.09743316, 0.0797083, 0.2680622, 0.15024555, 0.072922096]</MEAN_VALUE>
		<CHECKBOX>2</CHECKBOX>
		<SD>[0.0027985815, 0.0045889653, 0.00764578, 0.017719865, 0.017967043, 0.017280044]</SD>
		<WAVELENGTH_UNIT>E-6m</WAVELENGTH_UNIT>
		<COLOR>#a18acb</COLOR>
		<COVARIANCE_MATRIX>[[7.853693603627245e-06, 9.032231236263545e-06, 1.5924598133404563e-05, -7.826029886524232e-06, 3.342317655525241e-05, 3.3843524921060856e-05], [9.032231236263545e-06, 2.1116776679362696e-05, 3.0031263026749413e-05, -7.2844845265956804e-06, 6.018266680529405e-05, 6.040025729420191e-05], [1.5924598133404563e-05, 3.0031263026749413e-05, 5.861944639415025e-05, -4.225199352114953e-05, 0.00011332432376156183, 0.000116933984252739], [-7.826029886524232e-06, -7.2844845265956804e-06, -4.225199352114953e-05, 0.0003148609994718562, -3.999584067789921e-05, -7.926110892274472e-05], [3.342317655525241e-05, 6.018266680529405e-05, 0.00011332432376156183, -3.999584067789921e-05, 0.0003237064239696586, 0.00029431961335096233], [3.3843524921060856e-05, 6.040025729420191e-05, 0.000116933984252739, -7.926110892274472e-05, 0.00029431961335096233, 0.0002994247763363635]]</COVARIANCE_MATRIX>
		<ROI_SIZE>363</ROI_SIZE>
		<MAX_VALUE>[0.12607099, 0.11975737, 0.1321768, 0.32152924, 0.24097668, 0.16220617]</MAX_VALUE>
		<MIN_VALUE>[0.1080644, 0.08899684, 0.068795554, 0.22068703, 0.12040213, 0.05231878]</MIN_VALUE>
		<SIGNATURE_THRESHOLD_MD>0</SIGNATURE_THRESHOLD_MD>
		<SIGNATURE_THRESHOLD_ML>0</SIGNATURE_THRESHOLD_ML>
		<SIGNATURE_THRESHOLD_SAM>0</SIGNATURE_THRESHOLD_SAM>
	</signature>
	<signature ID="20210106_153029736345_548">
		<MACROCLASSID>3</MACROCLASSID>
		<MACROCLASSINFO>Vegetation</MACROCLASSINFO>
		<CLASSID>2</CLASSID>
		<CLASSINFO>C 1</CLASSINFO>
		<VALUES>[0.1076909, 0.0030855788, 0.091481335, 0.0042219693, 0.07443296, 0.00796342, 0.23560053, 0.016691238, 0.14118794, 0.016509935, 0.06816402, 0.015843308]</VALUES>
		<LCS_MIN>[0.09824263, 0.07874334, 0.057271685, 0.17746893, 0.085621, 0.035669185]</LCS_MIN>
		<LCS_MAX>[0.15062541, 0.1539357, 0.1840342, 0.30712318, 0.37546366, 0.33536205]</LCS_MAX>
		<WAVELENGTH>[0.485, 0.56, 0.66, 0.83, 1.65, 2.215]</WAVELENGTH>
		<MEAN_VALUE>[0.1076909, 0.091481335, 0.07443296, 0.23560053, 0.14118794, 0.06816402]</MEAN_VALUE>
		<CHECKBOX>2</CHECKBOX>
		<SD>[0.0030855788, 0.0042219693, 0.00796342, 0.016691238, 0.016509935, 0.015843308]</SD>
		<WAVELENGTH_UNIT>E-6m</WAVELENGTH_UNIT>
		<COLOR>#47ae0c</COLOR>
		<COVARIANCE_MATRIX>[[9.521316085025449e-06, 8.34127738053204e-06, 1.4172711768048063e-05, 8.103331761904328e-07, 2.9091615464877708e-05, 2.804802248186096e-05], [8.34127738053204e-06, 1.7825996998486478e-05, 2.665503525209527e-05, -1.9927376410389416e-06, 5.503229115539109e-05, 5.2641786600125686e-05], [1.4172711768048063e-05, 2.665503525209527e-05, 6.341953159168838e-05, -4.846634262240581e-05, 0.00011366066529859621, 0.00011428349181142473], [8.103331761904328e-07, -1.9927376410389416e-06, -4.846634262240581e-05, 0.0002786126029075145, -4.641185700374577e-05, -7.590003720180827e-05], [2.9091615464877708e-05, 5.503229115539109e-05, 0.00011366066529859621, -4.641185700374577e-05, 0.0002725928602096876, 0.00024720878009030643], [2.804802248186096e-05, 5.2641786600125686e-05, 0.00011428349181142473, -7.590003720180827e-05, 0.00024720878009030643, 0.00025102410569496236]]</COVARIANCE_MATRIX>
		<ROI_SIZE>18302</ROI_SIZE>
		<MAX_VALUE>[0.15062541, 0.1539357, 0.1840342, 0.30712318, 0.37546366, 0.33536205]</MAX_VALUE>
		<MIN_VALUE>[0.09824263, 0.07874334, 0.057271685, 0.17746893, 0.085621, 0.035669185]</MIN_VALUE>
		<SIGNATURE_THRESHOLD_MD>0</SIGNATURE_THRESHOLD_MD>
		<SIGNATURE_THRESHOLD_ML>0</SIGNATURE_THRESHOLD_ML>
		<SIGNATURE_THRESHOLD_SAM>0</SIGNATURE_THRESHOLD_SAM>
	</signature>
	<signature ID="20210106_153043419128_212">
		<MACROCLASSID>3</MACROCLASSID>
		<MACROCLASSINFO>Vegetation</MACROCLASSINFO>
		<CLASSID>3</CLASSID>
		<CLASSINFO>C 1</CLASSINFO>
		<VALUES>[0.1076909, 0.0030855788, 0.091481335, 0.0042219693, 0.07443296, 0.00796342, 0.23560053, 0.016691238, 0.14118794, 0.016509935, 0.06816402, 0.015843308]</VALUES>
		<LCS_MIN>[0.09824263, 0.07874334, 0.057271685, 0.17746893, 0.085621, 0.035669185]</LCS_MIN>
		<LCS_MAX>[0.15062541, 0.1539357, 0.1840342, 0.30712318, 0.37546366, 0.33536205]</LCS_MAX>
		<WAVELENGTH>[0.485, 0.56, 0.66, 0.83, 1.65, 2.215]</WAVELENGTH>
		<MEAN_VALUE>[0.1076909, 0.091481335, 0.07443296, 0.23560053, 0.14118794, 0.06816402]</MEAN_VALUE>
		<CHECKBOX>2</CHECKBOX>
		<SD>[0.0030855788, 0.0042219693, 0.00796342, 0.016691238, 0.016509935, 0.015843308]</SD>
		<WAVELENGTH_UNIT>E-6m</WAVELENGTH_UNIT>
		<COLOR>#e0c85c</COLOR>
		<COVARIANCE_MATRIX>[[9.521316085025449e-06, 8.34127738053204e-06, 1.4172711768048063e-05, 8.103331761904328e-07, 2.9091615464877708e-05, 2.804802248186096e-05], [8.34127738053204e-06, 1.7825996998486478e-05, 2.665503525209527e-05, -1.9927376410389416e-06, 5.503229115539109e-05, 5.2641786600125686e-05], [1.4172711768048063e-05, 2.665503525209527e-05, 6.341953159168838e-05, -4.846634262240581e-05, 0.00011366066529859621, 0.00011428349181142473], [8.103331761904328e-07, -1.9927376410389416e-06, -4.846634262240581e-05, 0.0002786126029075145, -4.641185700374577e-05, -7.590003720180827e-05], [2.9091615464877708e-05, 5.503229115539109e-05, 0.00011366066529859621, -4.641185700374577e-05, 0.0002725928602096876, 0.00024720878009030643], [2.804802248186096e-05, 5.2641786600125686e-05, 0.00011428349181142473, -7.590003720180827e-05, 0.00024720878009030643, 0.00025102410569496236]]</COVARIANCE_MATRIX>
		<ROI_SIZE>18302</ROI_SIZE>
		<MAX_VALUE>[0.15062541, 0.1539357, 0.1840342, 0.30712318, 0.37546366, 0.33536205]</MAX_VALUE>
		<MIN_VALUE>[0.09824263, 0.07874334, 0.057271685, 0.17746893, 0.085621, 0.035669185]</MIN_VALUE>
		<SIGNATURE_THRESHOLD_MD>0</SIGNATURE_THRESHOLD_MD>
		<SIGNATURE_THRESHOLD_ML>0</SIGNATURE_THRESHOLD_ML>
		<SIGNATURE_THRESHOLD_SAM>0</SIGNATURE_THRESHOLD_SAM>
	</signature>
	<signature ID="20210106_153150911778_506">
		<MACROCLASSID>3</MACROCLASSID>
		<MACROCLASSINFO>Vegetation</MACROCLASSINFO>
		<CLASSID>4</CLASSID>
		<CLASSINFO>C 1</CLASSINFO>
		<VALUES>[0.10410508, 0.004045388, 0.08566306, 0.0056453636, 0.066074684, 0.009567175, 0.22377956, 0.025908174, 0.121529035, 0.031593826, 0.05650705, 0.022877]</VALUES>
		<LCS_MIN>[0.09169478, 0.06848984, 0.045747813, 0.08382974, 0.025333721, 0.009029815]</LCS_MIN>
		<LCS_MAX>[0.13916668, 0.14368221, 0.1581055, 0.33593526, 0.3499575, 0.26876366]</LCS_MAX>
		<WAVELENGTH>[0.485, 0.56, 0.66, 0.83, 1.65, 2.215]</WAVELENGTH>
		<MEAN_VALUE>[0.10410508, 0.08566306, 0.066074684, 0.22377956, 0.121529035, 0.05650705]</MEAN_VALUE>
		<CHECKBOX>2</CHECKBOX>
		<SD>[0.004045388, 0.0056453636, 0.009567175, 0.025908174, 0.031593826, 0.022877]</SD>
		<WAVELENGTH_UNIT>E-6m</WAVELENGTH_UNIT>
		<COLOR>#ead427</COLOR>
		<COVARIANCE_MATRIX>[[1.636537446189243e-05, 1.824611123221868e-05, 3.223232904177101e-05, -9.916475629948204e-06, 9.980183827608333e-05, 7.347595190976812e-05], [1.824611123221868e-05, 3.187052880578216e-05, 4.802016177391195e-05, 1.114451159520636e-05, 0.00015637187309599804, 0.00011124473582374915], [3.223232904177101e-05, 4.802016177391195e-05, 9.153198439736468e-05, -3.701891577468074e-05, 0.0002798110625639681, 0.00020726523097448562], [-9.916475629948204e-06, 1.114451159520636e-05, -3.701891577468074e-05, 0.0006712418180754042, 8.131075251748572e-06, -7.931775978133549e-05], [9.980183827608333e-05, 0.00015637187309599804, 0.0002798110625639681, 8.131075251748572e-06, 0.0009981825182001503, 0.0006998098993679696], [7.347595190976812e-05, 0.00011124473582374915, 0.00020726523097448562, -7.931775978133549e-05, 0.0006998098993679696, 0.0005233638093644397]]</COVARIANCE_MATRIX>
		<ROI_SIZE>79211</ROI_SIZE>
		<MAX_VALUE>[0.13916668, 0.14368221, 0.1581055, 0.33593526, 0.3499575, 0.26876366]</MAX_VALUE>
		<MIN_VALUE>[0.09169478, 0.06848984, 0.045747813, 0.08382974, 0.025333721, 0.009029815]</MIN_VALUE>
		<SIGNATURE_THRESHOLD_MD>0</SIGNATURE_THRESHOLD_MD>
		<SIGNATURE_THRESHOLD_ML>0</SIGNATURE_THRESHOLD_ML>
		<SIGNATURE_THRESHOLD_SAM>0</SIGNATURE_THRESHOLD_SAM>
	</signature>
	<signature ID="20210106_153342255340_679">
		<MACROCLASSID>3</MACROCLASSID>
		<MACROCLASSINFO>Vegetation</MACROCLASSINFO>
		<CLASSID>5</CLASSID>
		<CLASSINFO>C 1</CLASSINFO>
		<VALUES>[0.105823375, 0.003465337, 0.08828211, 0.0045549953, 0.07014998, 0.008074478, 0.23001958, 0.013531838, 0.13489386, 0.021429885, 0.06383217, 0.016355684]</VALUES>
		<LCS_MIN>[0.09496871, 0.075325504, 0.057271685, 0.1630629, 0.085621, 0.032339264]</LCS_MIN>
		<LCS_MAX>[0.14571454, 0.14026438, 0.1581055, 0.30352166, 0.34068254, 0.2587739]</LCS_MAX>
		<WAVELENGTH>[0.485, 0.56, 0.66, 0.83, 1.65, 2.215]</WAVELENGTH>
		<MEAN_VALUE>[0.105823375, 0.08828211, 0.07014998, 0.23001958, 0.13489386, 0.06383217]</MEAN_VALUE>
		<CHECKBOX>2</CHECKBOX>
		<SD>[0.003465337, 0.0045549953, 0.008074478, 0.013531838, 0.021429885, 0.016355684]</SD>
		<WAVELENGTH_UNIT>E-6m</WAVELENGTH_UNIT>
		<COLOR>#f50bc0</COLOR>
		<COVARIANCE_MATRIX>[[1.2008858213607655e-05, 1.1639945152378105e-05, 2.151522610524846e-05, -1.536928857904603e-06, 4.526208019439928e-05, 3.855868468307411e-05], [1.1639945152378105e-05, 2.0748496035718497e-05, 3.2037548549258587e-05, 8.172786923229679e-06, 7.046063392141253e-05, 5.888916214810928e-05], [2.151522610524846e-05, 3.2037548549258587e-05, 6.519882225816055e-05, 5.754283970043673e-06, 0.00014228184015334627, 0.00011792096665567083], [-1.536928857904603e-06, 8.172786923229679e-06, 5.754283970043673e-06, 0.00018311520835140974, 3.752171358319689e-05, 2.9918790093454896e-06], [4.526208019439928e-05, 7.046063392141253e-05, 0.00014228184015334627, 3.752171358319689e-05, 0.00045925135915848153, 0.0003260320421995458], [3.855868468307411e-05, 5.888916214810928e-05, 0.00011792096665567083, 2.9918790093454896e-06, 0.0003260320421995458, 0.00026751498283433356]]</COVARIANCE_MATRIX>
		<ROI_SIZE>40168</ROI_SIZE>
		<MAX_VALUE>[0.14571454, 0.14026438, 0.1581055, 0.30352166, 0.34068254, 0.2587739]</MAX_VALUE>
		<MIN_VALUE>[0.09496871, 0.075325504, 0.057271685, 0.1630629, 0.085621, 0.032339264]</MIN_VALUE>
		<SIGNATURE_THRESHOLD_MD>0</SIGNATURE_THRESHOLD_MD>
		<SIGNATURE_THRESHOLD_ML>0</SIGNATURE_THRESHOLD_ML>
		<SIGNATURE_THRESHOLD_SAM>0</SIGNATURE_THRESHOLD_SAM>
	</signature>
	<signature ID="20210106_153725343961_815">
		<MACROCLASSID>4</MACROCLASSID>
		<MACROCLASSINFO>Barren Land</MACROCLASSINFO>
		<CLASSID>1</CLASSID>
		<CLASSINFO>C 1</CLASSINFO>
		<VALUES>[0.14539638, 0.005774296, 0.14932157, 0.008630208, 0.17243743, 0.013242958, 0.26723942, 0.018062273, 0.3407905, 0.021922305, 0.23127322, 0.021037055]</VALUES>
		<LCS_MIN>[0.11952314, 0.11633953, 0.11201004, 0.18827344, 0.13895206, 0.09227785]</LCS_MIN>
