<?xml version="1.0" ?>
<signaturelist MCID_LIST="[['1', 'Waterbody', '#0000ff'], ['2', 'Vegetation', '#00aa00'], ['3', 'Barren', '#ffaa00'], ['4', 'Builtup', '#ff0000']]">
	<signature ID="20190911_181810897396_872">
		<MACROCLASSID>1</MACROCLASSID>
		<MACROCLASSINFO>Waterbody</MACROCLASSINFO>
		<CLASSID>1</CLASSID>
		<CLASSINFO>C 1</CLASSINFO>
		<VALUES>[590.0534867975624, 83.37137237027183, 899.2567704807047, 123.71041557879346, 763.0358835477324, 151.2498154302536, 471.381178063642, 213.01301393924606, 196.1939742721727, 160.21404083417178, 130.99779959377108, 108.12429176539796]</VALUES>
		<LCS_MIN>[261.0, 301.0, 284.0, 228.0, 15.5, -68.5]</LCS_MIN>
		<LCS_MAX>[961.5, 1438.5, 1394.5, 1370.0, 1103.0, 1092.0]</LCS_MAX>
		<WAVELENGTH>[0.485, 0.56, 0.66, 0.83, 1.65, 2.215]</WAVELENGTH>
		<MEAN_VALUE>[590.0534867975624, 899.2567704807047, 763.0358835477324, 471.381178063642, 196.1939742721727, 130.99779959377108]</MEAN_VALUE>
		<CHECKBOX>2</CHECKBOX>
		<SD>[83.37137237027183, 123.71041557879346, 151.2498154302536, 213.01301393924606, 160.21404083417178, 108.12429176539796]</SD>
		<WAVELENGTH_UNIT>E-6m</WAVELENGTH_UNIT>
		<COLOR>#649f4d</COLOR>
		<COVARIANCE_MATRIX>[[6658.5908009249215, 9003.196494211468, 9701.72799967287, -2071.2128146581667, -2140.15069338225, -268.5115930033203], [9003.196494211468, 14442.22954683437, 15474.769087310162, -1520.644476141138, -2826.32618311703, -710.1515091101321], [9701.72799967287, 15474.769087310162, 21605.87158897306, 9109.604533609023, 4111.6504103270945, 3241.4706854387027], [-2071.2128146581667, -1520.644476141138, 9109.604533609023, 52487.21947751067, 35649.73717519609, 19282.50394298037], [-2140.15069338225, -2826.32618311703, 4111.6504103270945, 35649.73717519609, 30112.044538473594, 17582.47379636991], [-268.5115930033203, -710.1515091101321, 3241.4706854387027, 19282.50394298037, 17582.47379636991, 12584.084612938432]]</COVARIANCE_MATRIX>
		<ROI_SIZE>33645</ROI_SIZE>
		<MAX_VALUE>[961.5, 1438.5, 1394.5, 1370.0, 1103.0, 1092.0]</MAX_VALUE>
		<MIN_VALUE>[261.0, 301.0, 284.0, 228.0, 15.5, -68.5]</MIN_VALUE>
		<SIGNATURE_THRESHOLD_MD>0</SIGNATURE_THRESHOLD_MD>
		<SIGNATURE_THRESHOLD_ML>0</SIGNATURE_THRESHOLD_ML>
		<SIGNATURE_THRESHOLD_SAM>0</SIGNATURE_THRESHOLD_SAM>
	</signature>
	<signature ID="20190911_181824486738_916">
		<MACROCLASSID>1</MACROCLASSID>
		<MACROCLASSINFO>Waterbody</MACROCLASSINFO>
		<CLASSID>2</CLASSID>
		<CLASSINFO>C 1</CLASSINFO>
		<VALUES>[541.0949033391917, 87.8667396022513, 802.8717047451672, 118.37537947038004, 797.4376098418279, 128.7981079445827, 777.8681898066787, 303.3107390428035, 318.6555360281195, 199.10374968139274, 187.08787346221456, 125.20691911631363]</VALUES>
		<LCS_MIN>[330.0, 517.0, 426.0, 365.0, 80.0, 15.0]</LCS_MIN>
		<LCS_MAX>[796.0, 1062.0, 1094.0, 1698.0, 1114.0, 1033.0]</LCS_MAX>
		<WAVELENGTH>[0.485, 0.56, 0.66, 0.83, 1.65, 2.215]</WAVELENGTH>
		<MEAN_VALUE>[541.0949033391917, 802.8717047451672, 797.4376098418279, 777.8681898066787, 318.6555360281195, 187.08787346221456]</MEAN_VALUE>
		<CHECKBOX>2</CHECKBOX>
		<SD>[87.8667396022513, 118.37537947038004, 128.7981079445827, 303.3107390428035, 199.10374968139274, 125.20691911631363]</SD>
		<WAVELENGTH_UNIT>E-6m</WAVELENGTH_UNIT>
		<COLOR>#7c12a2</COLOR>
		<COVARIANCE_MATRIX>[[7942.7895321556925, 9919.60662340805, 10457.629893873027, 2049.4422618146823, -168.39650804728518, 683.9243556330824], [9919.60662340805, 14460.508311044854, 14622.217391069078, -1014.181704548137, -3111.9121978354774, -794.0358142861628], [10457.629893873027, 14622.217391069078, 16326.144543271319, -2719.68138075252, -4042.119123269423, -955.2762476584577], [2049.4422618146823, -1014.181704548137, -2719.68138075252, 106803.0705710994, 65710.14464576967, 33021.092416402986], [-168.39650804728518, -3111.9121978354774, -4042.119123269423, 65710.14464576967, 52663.0814806482, 29127.055774214306], [683.9243556330824, -794.0358142861628, -955.2762476584577, 33021.092416402986, 29127.055774214306, 19333.582340883335]]</COVARIANCE_MATRIX>
		<ROI_SIZE>6685</ROI_SIZE>
		<MAX_VALUE>[796.0, 1062.0, 1094.0, 1698.0, 1114.0, 1033.0]</MAX_VALUE>
		<MIN_VALUE>[330.0, 517.0, 426.0, 365.0, 80.0, 15.0]</MIN_VALUE>
		<SIGNATURE_THRESHOLD_MD>0</SIGNATURE_THRESHOLD_MD>
		<SIGNATURE_THRESHOLD_ML>0</SIGNATURE_THRESHOLD_ML>
		<SIGNATURE_THRESHOLD_SAM>0</SIGNATURE_THRESHOLD_SAM>
	</signature>
	<signature ID="20190911_181841799760_485">
		<MACROCLASSID>2</MACROCLASSID>
		<MACROCLASSINFO>Vegetation</MACROCLASSINFO>
		<CLASSID>3</CLASSID>
		<CLASSINFO>C 1</CLASSINFO>
		<VALUES>[368.906492785793, 89.6151563369842, 602.6288845726968, 111.12640708983558, 528.2921753607108, 151.4573386373909, 2350.80660377358, 389.7891697996844, 1416.9304938956695, 307.4719661109788, 723.8056326304091, 249.59741883442302]</VALUES>
		<LCS_MIN>[184.0, 379.0, 259.0, 1043.5, 364.5, 169.5]</LCS_MIN>
		<LCS_MAX>[980.5, 1267.0, 1470.0, 3029.5, 2010.0, 1514.0]</LCS_MAX>
		<WAVELENGTH>[0.485, 0.56, 0.66, 0.83, 1.65, 2.215]</WAVELENGTH>
		<MEAN_VALUE>[368.906492785793, 602.6288845726968, 528.2921753607108, 2350.80660377358, 1416.9304938956695, 723.8056326304091]</MEAN_VALUE>
		<CHECKBOX>2</CHECKBOX>
		<SD>[89.6151563369842, 111.12640708983558, 151.4573386373909, 389.7891697996844, 307.4719661109788, 249.59741883442302]</SD>
		<WAVELENGTH_UNIT>E-6m</WAVELENGTH_UNIT>
		<COLOR>#b814ce</COLOR>
		<COVARIANCE_MATRIX>[[7224.033962766457, 8106.961761840581, 11273.302242934957, -14066.896524162787, 5273.042867115332, 10578.200029662712], [8106.961761840581, 11332.07653090346, 14282.117639811231, -13307.700011626546, 9172.110571018247, 13701.879406480304], [11273.302242934957, 14282.117639811231, 21296.10625219315, -25330.953526896625, 13568.407810319075, 21405.55253787972], [-14066.896524162787, -13307.700011626546, -25330.953526896625, 154580.12958928096, 54084.66834828174, 8623.943002471882], [5273.042867115332, 9172.110571018247, 13568.407810319075, 54084.66834828174, 98529.83275761473, 66728.61584900763], [10578.200029662712, 13701.879406480304, 21405.55253787972, 8623.943002471882, 66728.61584900763, 59431.8825196235]]</COVARIANCE_MATRIX>
		<ROI_SIZE>69633</ROI_SIZE>
		<MAX_VALUE>[980.5, 1267.0, 1470.0, 3029.5, 2010.0, 1514.0]</MAX_VALUE>
		<MIN_VALUE>[184.0, 379.0, 259.0, 1043.5, 364.5, 169.5]</MIN_VALUE>
		<SIGNATURE_THRESHOLD_MD>0</SIGNATURE_THRESHOLD_MD>
		<SIGNATURE_THRESHOLD_ML>0</SIGNATURE_THRESHOLD_ML>
		<SIGNATURE_THRESHOLD_SAM>0</SIGNATURE_THRESHOLD_SAM>
	</signature>
	<signature ID="20190911_181850151447_507">
		<MACROCLASSID>2</MACROCLASSID>
		<MACROCLASSINFO>Vegetation</MACROCLASSINFO>
		<CLASSID>4</CLASSID>
		<CLASSINFO>C 1</CLASSINFO>
		<VALUES>[527.8232090490148, 133.47659189568873, 755.2758692919983, 163.7887366310703, 716.7630917469642, 217.54183734718714, 2321.7934645999203, 300.89225446467725, 1669.1066191872649, 319.7326074163411, 1036.8619606200273, 350.2244639112477]</VALUES>
		<LCS_MIN>[288.0, 449.0, 341.0, 1377.0, 557.0, 242.0]</LCS_MIN>
		<LCS_MAX>[1236.0, 1585.0, 1515.0, 3358.0, 2378.0, 1682.0]</LCS_MAX>
		<WAVELENGTH>[0.485, 0.56, 0.66, 0.83, 1.65, 2.215]</WAVELENGTH>
		<MEAN_VALUE>[527.8232090490148, 755.2758692919983, 716.7630917469642, 2321.7934645999203, 1669.1066191872649, 1036.8619606200273]</MEAN_VALUE>
		<CHECKBOX>2</CHECKBOX>
		<SD>[133.47659189568873, 163.7887366310703, 217.54183734718714, 300.89225446467725, 319.7326074163411, 350.2244639112477]</SD>
		<WAVELENGTH_UNIT>E-6m</WAVELENGTH_UNIT>
		<COLOR>#9030c9</COLOR>
		<COVARIANCE_MATRIX>[[18420.469291028505, 21448.985416601095, 28255.266663125727, -22727.946882832846, 28316.89293711914, 40102.56872807068], [21448.985416601095, 27759.131083679815, 35705.00307600103, -24417.891118232612, 36909.37560875884, 49682.83647495624], [28255.266663125727, 35705.00307600103, 49401.29370117773, -39249.39432632989, 50648.697479838775, 69147.73313040595], [-22727.946882832846, -24417.891118232612, -39249.39432632989, 102052.18287182396, -14244.53237952503, -52084.82537025587], [28316.89293711914, 36909.37560875884, 50648.697479838775, -14244.53237952503, 101925.19970630169, 99363.62749446217], [40102.56872807068, 49682.83647495624, 69147.73313040595, -52084.82537025587, 99363.62749446217, 123713.62806069903]]</COVARIANCE_MATRIX>
		<ROI_SIZE>33113</ROI_SIZE>
		<MAX_VALUE>[1236.0, 1585.0, 1515.0, 3358.0, 2378.0, 1682.0]</MAX_VALUE>
		<MIN_VALUE>[288.0, 449.0, 341.0, 1377.0, 557.0, 242.0]</MIN_VALUE>
		<SIGNATURE_THRESHOLD_MD>0</SIGNATURE_THRESHOLD_MD>
		<SIGNATURE_THRESHOLD_ML>0</SIGNATURE_THRESHOLD_ML>
		<SIGNATURE_THRESHOLD_SAM>0</SIGNATURE_THRESHOLD_SAM>
	</signature>
	<signature ID="20190911_181859421410_589">
		<MACROCLASSID>2</MACROCLASSID>
		<MACROCLASSINFO>Vegetation</MACROCLASSINFO>
		<CLASSID>5</CLASSID>
		<CLASSINFO>C 1</CLASSINFO>
		<VALUES>[420.95358565737166, 124.39872333597812, 672.630876494024, 153.8475143515166, 579.3039840637441, 204.85536055731487, 2702.4842629482046, 452.340766871459, 1584.9591633466143, 363.5765566911534, 822.7256972111543, 346.1300724421615]</VALUES>
		<LCS_MIN>[195.0, 411.5, 278.5, 2053.0, 792.5, 355.0]</LCS_MIN>
		<LCS_MAX>[1224.0, 1458.0, 1443.0, 4028.0, 2715.0, 1799.0]</LCS_MAX>
		<WAVELENGTH>[0.485, 0.56, 0.66, 0.83, 1.65, 2.215]</WAVELENGTH>
		<MEAN_VALUE>[420.95358565737166, 672.630876494024, 579.3039840637441, 2702.4842629482046, 1584.9591633466143, 822.7256972111543]</MEAN_VALUE>
		<CHECKBOX>2</CHECKBOX>
		<SD>[124.39872333597812, 153.8475143515166, 204.85536055731487, 452.340766871459, 363.5765566911534, 346.1300724421615]</SD>
		<WAVELENGTH_UNIT>E-6m</WAVELENGTH_UNIT>
		<COLOR>#b8aa32</COLOR>
		<COVARIANCE_MATRIX>[[16852.83266536562, 19576.116187131727, 25880.257860312067, -20476.707112928645, 31098.229557289444, 39116.12009296951], [19576.116187131727, 25569.251009308442, 31850.24970461598, -16459.855295226458, 41268.45924398807, 47911.3198321143], [25880.257860312067, 31850.24970461598, 43905.0792846216, -37648.0863200449, 53946.533587108366, 66118.94615209491], [-20476.707112928645, -16459.855295226458, -37648.0863200449, 202833.3552573933, 2088.100238789903, -47936.52108277908], [31098.229557289444, 41268.45924398807, 53946.533587108366, 2088.100238789903, 119833.35467038817, 106999.17898600183], [39116.12009296951, 47911.3198321143, 66118.94615209491, -47936.52108277908, 106999.17898600183, 119365.83122707695]]</COVARIANCE_MATRIX>
		<ROI_SIZE>9741</ROI_SIZE>
		<MAX_VALUE>[1224.0, 1458.0, 1443.0, 4028.0, 2715.0, 1799.0]</MAX_VALUE>
		<MIN_VALUE>[195.0, 411.5, 278.5, 2053.0, 792.5, 355.0]</MIN_VALUE>
		<SIGNATURE_THRESHOLD_MD>0</SIGNATURE_THRESHOLD_MD>
		<SIGNATURE_THRESHOLD_ML>0</SIGNATURE_THRESHOLD_ML>
		<SIGNATURE_THRESHOLD_SAM>0</SIGNATURE_THRESHOLD_SAM>
	</signature>
	<signature ID="20190911_181909344815_700">
		<MACROCLASSID>2</MACROCLASSID>
		<MACROCLASSINFO>Vegetation</MACROCLASSINFO>
		<CLASSID>6</CLASSID>
		<CLASSINFO>C 1</CLASSINFO>
		<VALUES>[526.1143668975325, 123.09351946874057, 784.0093233883874, 153.02643009518238, 732.4005505238831, 201.32428655090035, 2462.5104777126685, 394.91134511348946, 1737.5599360681888, 315.6020570475427, 1049.5295684603097, 317.00501706279897]</VALUES>
		<LCS_MIN>[279.0, 443.0, 359.0, 1412.5, 533.0, 244.0]</LCS_MIN>
		<LCS_MAX>[1089.0, 1545.0, 1516.0, 3385.0, 2453.0, 1655.0]</LCS_MAX>
		<WAVELENGTH>[0.485, 0.56, 0.66, 0.83, 1.65, 2.215]</WAVELENGTH>
		<MEAN_VALUE>[526.1143668975325, 784.0093233883874, 732.4005505238831, 2462.5104777126685, 1737.5599360681888, 1049.5295684603097]</MEAN_VALUE>
		<CHECKBOX>2</CHECKBOX>
		<SD>[123.09351946874057, 153.02643009518238, 201.32428655090035, 394.91134511348946, 315.6020570475427, 317.00501706279897]</SD>
		<WAVELENGTH_UNIT>E-6m</WAVELENGTH_UNIT>
		<COLOR>#9ad635</COLOR>
		<COVARIANCE_MATRIX>[[16581.779368102536, 19060.92965519488, 25062.19138024318, -17434.898293047943, 21823.55688142502, 33034.14492288112], [19060.92965519488, 25278.428568926276, 31696.657702952525, -13677.182837429904, 30494.090087593937, 41425.739149775596], [25062.19138024318, 31696.657702952525, 44317.3773728488, -32148.101224782244, 39820.20591648076, 58033.69958907121], [-17434.898293047943, -13677.182837429904, -32148.101224782244, 166645.3710050668, 26979.980463513803, -30151.62932767146], [21823.55688142502, 30494.090087593937, 39820.20591648076, 26979.980463513803, 98832.0544546494, 83776.44609220534], [33034.14492288112, 41425.739149775596, 58033.69958907121, -30151.62932767146, 83776.44609220534, 102604.14609055586]]</COVARIANCE_MATRIX>
		<ROI_SIZE>49971</ROI_SIZE>
		<MAX_VALUE>[1089.0, 1545.0, 1516.0, 3385.0, 2453.0, 1655.0]</MAX_VALUE>
		<MIN_VALUE>[279.0, 443.0, 359.0, 1412.5, 533.0, 244.0]</MIN_VALUE>
		<SIGNATURE_THRESHOLD_MD>0</SIGNATURE_THRESHOLD_MD>
		<SIGNATURE_THRESHOLD_ML>0</SIGNATURE_THRESHOLD_ML>
		<SIGNATURE_THRESHOLD_SAM>0</SIGNATURE_THRESHOLD_SAM>
	</signature>
	<signature ID="20190911_181933886010_964">
		<MACROCLASSID>3</MACROCLASSID>
		<MACROCLASSINFO>Barren</MACROCLASSINFO>
		<CLASSID>7</CLASSID>
		<CLASSINFO>C 1</CLASSINFO>
		<VALUES>[599.8093340922034, 86.75146900460516, 965.9322709163338, 118.73917154652668, 1197.707455890723, 163.2081847585603, 2341.391007398974, 193.2040604646606, 3369.3540125213453, 228.40841736846056, 2426.723961297665, 237.44952328379196]</VALUES>
		<LCS_MIN>[-324.0, 696.0, 759.0, 1968.0, 2672.0, 1750.0]</LCS_MIN>
		<LCS_MAX>[1572.0, 1644.0, 2174.0, 3021.0, 4347.0, 3478.0]</LCS_MAX>
		<WAVELENGTH>[0.485, 0.56, 0.66, 0.83, 1.65, 2.215]</WAVELENGTH>
		<MEAN_VALUE>[599.8093340922034, 965.9322709163338, 1197.707455890723, 2341.391007398974, 3369.3540125213453, 2426.723961297665]</MEAN_VALUE>
		<CHECKBOX>2</CHECKBOX>
		<SD>[86.75146900460516, 118.73917154652668, 163.2081847585603, 193.2040604646606, 228.40841736846056, 237.44952328379196]</SD>
		<WAVELENGTH_UNIT>E-6m</WAVELENGTH_UNIT>
		<COLOR>#912fce</COLOR>
		<COVARIANCE_MATRIX>[[6057.657524295211, 6781.07053110909, 8824.335081780602, 7726.259625720713, 10238.063348038257, 11148.642649718478], [6781.07053110909, 12733.906067815737, 16320.135351473979, 16777.348765102204, 18883.30287359965, 19255.961707572667], [8824.335081780602, 16320.135351473979, 23054.307430750603, 20145.930451944932, 26752.602763027626, 27772.010410453244], [7726.259625720713, 16777.348765102204, 20145.930451944932, 44257.04210277282, 22561.18659778968, 17275.64093132997], [10238.063348038257, 18883.30287359965, 26752.602763027626, 22561.18659778968, 47518.1342340175, 45170.49482109691], [11148.642649718478, 19255.961707572667, 27772.010410453244, 17275.64093132997, 45170.49482109691, 50278.44061215897]]</COVARIANCE_MATRIX>
		<ROI_SIZE>3884</ROI_SIZE>
		<MAX_VALUE>[1572.0, 1644.0, 2174.0, 3021.0, 4347.0, 3478.0]</MAX_VALUE>
		<MIN_VALUE>[-324.0, 696.0, 759.0, 1968.0, 2672.0, 1750.0]</MIN_VALUE>
		<SIGNATURE_THRESHOLD_MD>0</SIGNATURE_THRESHOLD_MD>
		<SIGNATURE_THRESHOLD_ML>0</SIGNATURE_THRESHOLD_ML>
		<SIGNATURE_THRESHOLD_SAM>0</SIGNATURE_THRESHOLD_SAM>
	</signature>
	<signature ID="20190911_181942609004_766">
		<MACROCLASSID>3</MACROCLASSID>
		<MACROCLASSINFO>Barren</MACROCLASSINFO>
		<CLASSID>8</CLASSID>
		<CLASSINFO>C 1</CLASSINFO>
		<VALUES>[556.6283865750098, 59.62511095633923, 837.1581075616648, 87.89336897929853, 1038.7800242620315, 121.78024119889557, 2056.7403962798203, 194.9687475183148, 3288.6502224019387, 241.3349803961058, 2293.279822078438, 229.35104421224358]</VALUES>
		<LCS_MIN>[374.0, 621.0, 729.0, 1366.0, 2647.0, 1678.0]</LCS_MIN>
		<LCS_MAX>[950.0, 1456.0, 1900.0, 2948.0, 3910.0, 3038.0]</LCS_MAX>
		<WAVELENGTH>[0.485, 0.56, 0.66, 0.83, 1.65, 2.215]</WAVELENGTH>
		<MEAN_VALUE>[556.6283865750098, 837.1581075616648, 1038.7800242620315, 2056.7403962798203, 3288.6502224019387, 2293.279822078438]</MEAN_VALUE>
		<CHECKBOX>2</CHECKBOX>
		<SD>[59.62511095633923, 87.89336897929853, 121.78024119889557, 194.9687475183148, 241.3349803961058, 229.35104421224358]</SD>
		<WAVELENGTH_UNIT>E-6m</WAVELENGTH_UNIT>
		<COLOR>#8cbee0</COLOR>
		<COVARIANCE_MATRIX>[[3556.5920255915985, 4328.4536006671415, 5741.041602870877, 1528.8602039567788, 9331.640596435025, 10727.2860665413], [4328.4536006671415, 7728.369409362207, 9857.170311696422, 7034.323828905579, 12644.407266602286, 14353.26601519714], [5741.041602870877, 9857.170311696422, 14836.426510193585, 9778.030653550251, 19594.00635962244, 20924.789329777777], [1528.8602039567788, 7034.323828905579, 9778.030653550251, 38028.18986019889, 7515.9904703810835, -470.31527274500087], [9331.640596435025, 12644.407266602286, 19594.00635962244, 7515.9904703810835, 58266.13367410099, 46945.06595715933], [10727.2860665413, 14353.26601519714, 20924.789329777777, -470.31527274500087, 46945.06595715933, 52623.180567605865]]</COVARIANCE_MATRIX>
		<ROI_SIZE>2473</ROI_SIZE>
		<MAX_VALUE>[950.0, 1456.0, 1900.0, 2948.0, 3910.0, 3038.0]</MAX_VALUE>
		<MIN_VALUE>[374.0, 621.0, 729.0, 1366.0, 2647.0, 1678.0]</MIN_VALUE>
		<SIGNATURE_THRESHOLD_MD>0</SIGNATURE_THRESHOLD_MD>
		<SIGNATURE_THRESHOLD_ML>0</SIGNATURE_THRESHOLD_ML>
		<SIGNATURE_THRESHOLD_SAM>0</SIGNATURE_THRESHOLD_SAM>
	</signature>
	<signature ID="20190911_182027260811_228">
		<MACROCLASSID>3</MACROCLASSID>
		<MACROCLASSINFO>Barren</MACROCLASSINFO>
		<CLASSID>10</CLASSID>
		<CLASSINFO>C 1</CLASSINFO>
		<VALUES>[661.0197368421057, 81.11472529796721, 1023.2244152046771, 93.85664929746898, 1287.7646198830396, 110.21127771943935, 2440.940789473684, 164.40339976339513, 3115.3874269005873, 186.54864428352857, 1989.3172514619887, 108.0958913184534]</VALUES>
		<LCS_MIN>[459.0, 761.5, 942.0, 1967.0, 2567.5, 1544.5]</LCS_MIN>
		<LCS_MAX>[1043.5, 1384.5, 1588.0, 2866.5, 3465.5, 2360.5]</LCS_MAX>
		<WAVELENGTH>[0.485, 0.56, 0.66, 0.83, 1.65, 2.215]</WAVELENGTH>
		<MEAN_VALUE>[661.0197368421057, 1023.2244152046771, 1287.7646198830396, 2440.940789473684, 3115.3874269005873, 1989.3172514619887]</MEAN_VALUE>
		<CHECKBOX>2</CHECKBOX>
		<SD>[81.11472529796721, 93.85664929746898, 110.21127771943935, 164.40339976339513, 186.54864428352857, 108.0958913184534]</SD>
		<WAVELENGTH_UNIT>E-6m</WAVELENGTH_UNIT>
		<COLOR>#4af9b6</COLOR>
		<COVARIANCE_MATRIX>[[6589.2320403406, 6761.497028396391, 5892.135325961317, -1536.9527096016027, -3787.4432361100407, 4205.659907914002], [6761.497028396391, 8821.968231721932, 8277.637087625115, 1593.8064989982277, -1717.8301171731187, 5045.314497658253], [5892.135325961317, 8277.637087625115, 12164.309815228655, 4883.145266625568, 6816.965411026347, 7440.223393097189], [-1536.9527096016027, 1593.8064989982277, 4883.145266625568, 27068.051027779897, 18648.22465708561, 147.98696732680938], [-3787.4432361100407, -1717.8301171731187, 6816.965411026347, 18648.22465708561, 34851.34894856714, 9471.994038598203], [4205.659907914002, 5045.314497658253, 7440.223393097189, 147.98696732680938, 9471.994038598203, 11701.829658027455]]</COVARIANCE_MATRIX>
		<ROI_SIZE>684</ROI_SIZE>
		<MAX_VALUE>[1043.5, 1384.5, 1588.0, 2866.5, 3465.5, 2360.5]</MAX_VALUE>
		<MIN_VALUE>[459.0, 761.5, 942.0, 1967.0, 2567.5, 1544.5]</MIN_VALUE>
		<SIGNATURE_THRESHOLD_MD>0</SIGNATURE_THRESHOLD_MD>
		<SIGNATURE_THRESHOLD_ML>0</SIGNATURE_THRESHOLD_ML>
		<SIGNATURE_THRESHOLD_SAM>0</SIGNATURE_THRESHOLD_SAM>
	</signature>
	<signature ID="20190911_182035644474_986">
		<MACROCLASSID>3</MACROCLASSID>
		<MACROCLASSINFO>Barren</MACROCLASSINFO>
		<CLASSID>11</CLASSID>
		<CLASSINFO>C 1</CLASSINFO>
		<VALUES>[670.1323106423783, 86.1376284034544, 993.7756471716212, 114.89424876915423, 1288.1409395973158, 126.69081494129016, 2333.2013422818795, 135.34057292226515, 3374.933365292427, 168.78550333212692, 2351.5527325023977, 193.6974382969279]</VALUES>
		<LCS_MIN>[478.5, 723.0, 1020.5, 1834.0, 3033.5, 2025.5]</LCS_MIN>
		<LCS_MAX>[987.5, 1404.5, 1681.5, 2713.5, 4023.5, 2974.0]</LCS_MAX>
		<WAVELENGTH>[0.485, 0.56, 0.66, 0.83, 1.65, 2.215]</WAVELENGTH>
		<MEAN_VALUE>[670.1323106423783, 993.7756471716212, 1288.1409395973158, 2333.2013422818795, 3374.933365292427, 2351.5527325023977]</MEAN_VALUE>
		<CHECKBOX>2</CHECKBOX>
		<SD>[86.1376284034544, 114.89424876915423, 126.69081494129016, 135.34057292226515, 168.78550333212692, 193.6974382969279]</SD>
		<WAVELENGTH_UNIT>E-6m</WAVELENGTH_UNIT>
		<COLOR>#a5699b</COLOR>
		<COVARIANCE_MATRIX>[[7426.811651757534, 9152.987006420648, 9313.23637268289, 3869.2324517899237, 1907.9404468230764, 12632.565233123481], [9152.987006420648, 13213.357007138344, 13395.633857836634, 6098.9394089193465, 3042.2755829927337, 16434.913473517812], [9313.23637268289, 13395.633857836634, 16065.966201419571, 8370.73527129037, 7832.976051153565, 18898.14947055869], [3869.2324517899237, 6098.9394089193465, 8370.73527129037, 18334.64944157466, 9441.736557858529, 6882.734334140589], [1907.9404468230764, 3042.2755829927337, 7832.976051153565, 9441.736557858529, 28515.886390487354, 17794.91954405846], [12632.565233123481, 16434.913473517812, 18898.14947055869, 6882.734334140589, 17794.91954405846, 37554.704030434135]]</COVARIANCE_MATRIX>
		<ROI_SIZE>1043</ROI_SIZE>
		<MAX_VALUE>[987.5, 1404.5, 1681.5, 2713.5, 4023.5, 2974.0]</MAX_VALUE>
		<MIN_VALUE>[478.5, 723.0, 1020.5, 1834.0, 3033.5, 2025.5]</MIN_VALUE>
		<SIGNATURE_THRESHOLD_MD>0</SIGNATURE_THRESHOLD_MD>
		<SIGNATURE_THRESHOLD_ML>0</SIGNATURE_THRESHOLD_ML>
		<SIGNATURE_THRESHOLD_SAM>0</SIGNATURE_THRESHOLD_SAM>
	</signature>
	<signature ID="20190911_182104619625_704">
		<MACROCLASSID>4</MACROCLASSID>
		<MACROCLASSINFO>Builtup</MACROCLASSINFO>
		<CLASSID>12</CLASSID>
		<CLASSINFO>C 1</CLASSINFO>
		<VALUES>[865.5695848045788, 117.04980357947615, 1130.075916230367, 136.27305351163486, 1214.9225009131878, 149.56341917321507, 1674.9836235236812, 191.06767888358598, 1857.976378911475, 189.6983405793122, 1669.8826251065311, 209.23805485729113]</VALUES>
		<LCS_MIN>[496.5, 730.0, 825.5, 1121.5, 1236.0, 1059.0]</LCS_MIN>
		<LCS_MAX>[1336.0, 1676.0, 1745.5, 2104.0, 2233.0, 2044.5]</LCS_MAX>
		<WAVELENGTH>[0.485, 0.56, 0.66, 0.83, 1.65, 2.215]</WAVELENGTH>
		<MEAN_VALUE>[865.5695848045788, 1130.075916230367, 1214.9225009131878, 1674.9836235236812, 1857.976378911475, 1669.8826251065311]</MEAN_VALUE>
		<CHECKBOX>2</CHECKBOX>
		<SD>[117.04980357947615, 136.27305351163486, 149.56341917321507, 191.06767888358598, 189.6983405793122, 209.23805485729113]</SD>
		<WAVELENGTH_UNIT>E-6m</WAVELENGTH_UNIT>
		<COLOR>#ca2df8</COLOR>
		<COVARIANCE_MATRIX>[[13328.672875070151, 14221.322964718076, 14700.910635030106, 2505.830505394119, 10314.905201367967, 15016.916218725231], [14221.322964718076, 18537.506891232257, 19113.924994506262, 6509.878604901297, 14411.164251423519, 18611.38757066435], [14700.910635030106, 19113.924994506262, 23235.81269017084, 6935.891547677974, 17405.55275799308, 22260.158367397373], [2505.830505394119, 6509.878604901297, 6935.891547677974, 36644.86599493989, 18606.29512185741, 7217.722554015827], [10314.905201367967, 14411.164251423519, 17405.55275799308, 18606.29512185741, 36430.945659148696, 34474.07320524445], [15016.916218725231, 18611.38757066435, 22260.158367397373, 7217.722554015827, 34474.07320524445, 44433.81730900478]]</COVARIANCE_MATRIX>
		<ROI_SIZE>86707</ROI_SIZE>
		<MAX_VALUE>[1336.0, 1676.0, 1745.5, 2104.0, 2233.0, 2044.5]</MAX_VALUE>
		<MIN_VALUE>[496.5, 730.0, 825.5, 1121.5, 1236.0, 1059.0]</MIN_VALUE>
		<SIGNATURE_THRESHOLD_MD>0</SIGNATURE_THRESHOLD_MD>
		<SIGNATURE_THRESHOLD_ML>0</SIGNATURE_THRESHOLD_ML>
		<SIGNATURE_THRESHOLD_SAM>0</SIGNATURE_THRESHOLD_SAM>
	</signature>
	<signature ID="20190911_182236735510_637">
		<MACROCLASSID>4</MACROCLASSID>
		<MACROCLASSINFO>Builtup</MACROCLASSINFO>
		<CLASSID>13</CLASSID>
		<CLASSINFO>C 1</CLASSINFO>
		<VALUES>[748.1230046948353, 125.41782270975932, 1035.3154929577465, 154.91557798181344, 1117.5899843505488, 178.20341182851598, 1816.2363067292642, 204.8462766424577, 1882.9458528951475, 185.56086248939815, 1575.0106416275407, 207.14923490218027]</VALUES>
		<LCS_MIN>[375.0, 584.0, 665.0, 1218.0, 1258.0, 1092.0]</LCS_MIN>
		<LCS_MAX>[1284.0, 1574.0, 1659.0, 2211.0, 2249.0, 2071.0]</LCS_MAX>
		<WAVELENGTH>[0.485, 0.56, 0.66, 0.83, 1.65, 2.215]</WAVELENGTH>
		<MEAN_VALUE>[748.1230046948353, 1035.3154929577465, 1117.5899843505488, 1816.2363067292642, 1882.9458528951475, 1575.0106416275407]</MEAN_VALUE>
		<CHECKBOX>2</CHECKBOX>
		<SD>[125.41782270975932, 154.91557798181344, 178.20341182851598, 204.8462766424577, 185.56086248939815, 207.14923490218027]</SD>
		<WAVELENGTH_UNIT>E-6m</WAVELENGTH_UNIT>
		<COLOR>#ba8d68</COLOR>
		<COVARIANCE_MATRIX>[[15282.96991233809, 17141.841589780965, 18151.733595510388, -3392.6770416198665, 4167.418052749255, 14654.341520169904], [17141.841589780965, 22688.902737653436, 24265.49456203521, -1230.4655584927364, 7366.8744560118985, 19062.937929766533], [18151.733595510388, 24265.49456203521, 30137.48065713327, -3905.279896565805, 10014.843353927885, 23960.334978562267], [-3392.6770416198665, -1230.4655584927364, -3905.279896565805, 40275.31816058642, 15323.132790930682, -3665.6390356144043], [4167.418052749255, 7366.8744560118985, 10014.843353927885, 15323.132790930682, 33249.54396549612, 25846.18280462432], [14654.341520169904, 19062.937929766533, 23960.334978562267, -3665.6390356144043, 25846.18280462432, 41309.15122484894]]</COVARIANCE_MATRIX>
		<ROI_SIZE>48363</ROI_SIZE>
		<MAX_VALUE>[1284.0, 1574.0, 1659.0, 2211.0, 2249.0, 2071.0]</MAX_VALUE>
		<MIN_VALUE>[375.0, 584.0, 665.0, 1218.0, 1258.0, 1092.0]</MIN_VALUE>
		<SIGNATURE_THRESHOLD_MD>0</SIGNATURE_THRESHOLD_MD>
		<SIGNATURE_THRESHOLD_ML>0</SIGNATURE_THRESHOLD_ML>
		<SIGNATURE_THRESHOLD_SAM>0</SIGNATURE_THRESHOLD_SAM>
	</signature>
	<signature ID="20190911_182303372289_244">
		<MACROCLASSID>4</MACROCLASSID>
		<MACROCLASSINFO>Builtup</MACROCLASSINFO>
		<CLASSID>14</CLASSID>
		<CLASSINFO>C 1</CLASSINFO>
		<VALUES>[814.1043291731648, 147.10421209750487, 1105.5512870514838, 177.38657606943755, 1179.8668096723875, 194.8998232777311, 1985.3124024960991, 199.67677153616992, 2117.940132605313, 211.46707782545926, 1745.7455148205893, 228.60143569002332]</VALUES>
		<LCS_MIN>[460.0, 690.0, 790.0, 1528.0, 1603.0, 1313.0]</LCS_MIN>
		<LCS_MAX>[1333.0, 1668.0, 1773.0, 2525.0, 2597.0, 2307.0]</LCS_MAX>
		<WAVELENGTH>[0.485, 0.56, 0.66, 0.83, 1.65, 2.215]</WAVELENGTH>
		<MEAN_VALUE>[814.1043291731648, 1105.5512870514838, 1179.8668096723875, 1985.3124024960991, 2117.940132605313, 1745.7455148205893]</MEAN_VALUE>
		<CHECKBOX>2</CHECKBOX>
		<SD>[147.10421209750487, 177.38657606943755, 194.8998232777311, 199.67677153616992, 211.46707782545926, 228.60143569002332]</SD>
		<WAVELENGTH_UNIT>E-6m</WAVELENGTH_UNIT>
		<COLOR>#c02379</COLOR>
		<COVARIANCE_MATRIX>[[20949.53100485456, 23251.570321652893, 23964.879198102848, -4300.720790253993, 3733.339361326206, 19441.447408972632], [23251.570321652893, 29843.16141404969, 31108.973276222914, -2238.204371673869, 6535.663353693614, 23972.736942758984], [23964.879198102848, 31108.973276222914, 37065.75451742677, -3800.78373861425, 10445.043632376834, 29056.85629946842], [-4300.720790253993, -2238.204371673869, -3800.78373861425, 41199.9470139851, 18190.19561294748, -2966.6342529776084], [3733.339361326206, 6535.663353693614, 10445.043632376834, 18190.19561294748, 47807.4223926416, 34092.05683654126], [19441.447408972632, 23972.736942758984, 29056.85629946842, -2966.6342529776084, 34092.05683654126, 53515.65022619572]]</COVARIANCE_MATRIX>
		<ROI_SIZE>88144</ROI_SIZE>
		<MAX_VALUE>[1333.0, 1668.0, 1773.0, 2525.0, 2597.0, 2307.0]</MAX_VALUE>
		<MIN_VALUE>[460.0, 690.0, 790.0, 1528.0, 1603.0, 1313.0]</MIN_VALUE>
		<SIGNATURE_THRESHOLD_MD>0</SIGNATURE_THRESHOLD_MD>
		<SIGNATURE_THRESHOLD_ML>0</SIGNATURE_THRESHOLD_ML>
		<SIGNATURE_THRESHOLD_SAM>0</SIGNATURE_THRESHOLD_SAM>
	</signature>
</signaturelist>
