<?xml version="1.0" ?>
<signaturelist MCID_LIST="[['1', 'waterbody', '#0000ff'], ['2', 'vegetation', '#00ff00'], ['3', 'bareland', '#ffaa00'], ['4', 'built-up', '#ff0000']]">
	<signature ID="20210126_162031137268_198">
		<MACROCLASSID>1</MACROCLASSID>
		<MACROCLASSINFO>waterbody</MACROCLASSINFO>
		<CLASSID>1</CLASSID>
		<CLASSINFO>C 1</CLASSINFO>
		<VALUES>[0.1448261227001224, 0.0023415325937356504, 0.12881329971970182, 0.0030976159773541193, 0.12780895128584738, 0.00503424202803713, 0.18179777212310247, 0.00769503651969529, 0.040590678168493426, 0.010194482034130665, 0.019087699693709353, 0.007712677099205154]</VALUES>
		<LCS_MIN>[0.13787345588207245, 0.1120806559920311, 0.10404562205076218, 0.14858843386173248, 0.024205226451158524, 0.002771795028820634]</LCS_MIN>
		<LCS_MAX>[0.15318946540355682, 0.1360645741224289, 0.137739896774292, 0.2033461481332779, 0.07030715048313141, 0.0417167954146862]</LCS_MAX>
		<WAVELENGTH>[0.485, 0.56, 0.66, 0.83, 1.65, 2.215]</WAVELENGTH>
		<MEAN_VALUE>[0.1448261227001224, 0.12881329971970182, 0.12780895128584738, 0.18179777212310247, 0.040590678168493426, 0.019087699693709353]</MEAN_VALUE>
		<CHECKBOX>2</CHECKBOX>
		<SD>[0.0023415325937356504, 0.0030976159773541193, 0.00503424202803713, 0.00769503651969529, 0.010194482034130665, 0.007712677099205154]</SD>
		<WAVELENGTH_UNIT>E-6m</WAVELENGTH_UNIT>
		<COLOR>#447a95</COLOR>
		<COVARIANCE_MATRIX>[[5.9534950196393766e-06, 3.1798199415788986e-06, 6.4291307353414595e-06, 5.267260348773561e-06, -1.0183476888414589e-06, -3.6342495945973496e-07], [3.1798199415788986e-06, 1.1569217349460814e-05, 1.3829143426846713e-05, 9.746741852723062e-06, -3.313387423986569e-06, -6.953761726435914e-07], [6.4291307353414595e-06, 1.3829143426846713e-05, 3.220844882889651e-05, 1.2703844731731806e-05, -1.5467361663468182e-05, -8.168888598447666e-06], [5.267260348773561e-06, 9.746741852723062e-06, 1.2703844731731806e-05, 5.501772466232069e-05, 3.2830976124387234e-05, 1.8853268556995317e-05], [-1.0183476888414589e-06, -3.313387423986569e-06, -1.5467361663468182e-05, 3.2830976124387234e-05, 9.7228868980892e-05, 5.680479443981312e-05], [-3.6342495945973496e-07, -6.953761726435914e-07, -8.168888598447666e-06, 1.8853268556995317e-05, 5.680479443981312e-05, 5.321096978150308e-05]]</COVARIANCE_MATRIX>
		<ROI_SIZE>658</ROI_SIZE>
		<MAX_VALUE>[0.15318946540355682, 0.1360645741224289, 0.137739896774292, 0.2033461481332779, 0.07030715048313141, 0.0417167954146862]</MAX_VALUE>
		<MIN_VALUE>[0.13787345588207245, 0.1120806559920311, 0.10404562205076218, 0.14858843386173248, 0.024205226451158524, 0.002771795028820634]</MIN_VALUE>
		<SIGNATURE_THRESHOLD_MD>0.0</SIGNATURE_THRESHOLD_MD>
		<SIGNATURE_THRESHOLD_ML>0.0</SIGNATURE_THRESHOLD_ML>
		<SIGNATURE_THRESHOLD_SAM>0.0</SIGNATURE_THRESHOLD_SAM>
	</signature>
	<signature ID="20210126_162037720651_903">
		<MACROCLASSID>1</MACROCLASSID>
		<MACROCLASSINFO>waterbody</MACROCLASSINFO>
		<CLASSID>2</CLASSID>
		<CLASSINFO>C 1</CLASSINFO>
		<VALUES>[0.14632423427742977, 0.002348364858426575, 0.1315380376409478, 0.0031092037483560187, 0.1307732460364489, 0.005245493147185821, 0.1879926360409023, 0.005162558798725965, 0.04047649362662309, 0.008215451947515356, 0.018470469038461307, 0.0062032272981139645]</VALUES>
		<LCS_MIN>[0.1359589397907257, 0.1160779744386673, 0.10404562205076218, 0.16964910924434662, 0.0269171055406332, 0.0066662938334047794]</LCS_MIN>
		<LCS_MAX>[0.15318946540355682, 0.1360645741224289, 0.137739896774292, 0.21598254144191742, 0.062171511352062225, 0.0417167954146862]</LCS_MAX>
		<WAVELENGTH>[0.485, 0.56, 0.66, 0.83, 1.65, 2.215]</WAVELENGTH>
		<MEAN_VALUE>[0.14632423427742977, 0.1315380376409478, 0.1307732460364489, 0.1879926360409023, 0.04047649362662309, 0.018470469038461307]</MEAN_VALUE>
		<CHECKBOX>2</CHECKBOX>
		<SD>[0.002348364858426575, 0.0031092037483560187, 0.005245493147185821, 0.005162558798725965, 0.008215451947515356, 0.0062032272981139645]</SD>
		<WAVELENGTH_UNIT>E-6m</WAVELENGTH_UNIT>
		<COLOR>#fd56b5</COLOR>
		<COVARIANCE_MATRIX>[[5.28301370650297e-06, 2.7012047212338075e-06, 5.095513643027516e-06, 4.5729890985057864e-07, -2.0213819880154915e-06, -3.08223832234944e-07], [2.7012047212338075e-06, 1.0185734026890714e-05, 1.0867043783946428e-05, -6.387234066096426e-07, -9.085464625968598e-06, -4.8213159971055575e-06], [5.095513643027516e-06, 1.0867043783946428e-05, 2.827018943207804e-05, -6.550433226948371e-06, -2.4370854589506052e-05, -1.3175808817322832e-05], [4.5729890985057864e-07, -6.387234066096426e-07, -6.550433226948371e-06, 3.204879612894729e-05, 2.1682932128896937e-05, 1.3706164281757083e-05], [-2.0213819880154915e-06, -9.085464625968598e-06, -2.4370854589506052e-05, 2.1682932128896937e-05, 7.036828901618719e-05, 3.984365321230143e-05], [-3.08223832234944e-07, -4.8213159971055575e-06, -1.3175808817322832e-05, 1.3706164281757083e-05, 3.984365321230143e-05, 3.874581670970656e-05]]</COVARIANCE_MATRIX>
		<ROI_SIZE>556</ROI_SIZE>
		<MAX_VALUE>[0.15318946540355682, 0.1360645741224289, 0.137739896774292, 0.21598254144191742, 0.062171511352062225, 0.0417167954146862]</MAX_VALUE>
		<MIN_VALUE>[0.1359589397907257, 0.1160779744386673, 0.10404562205076218, 0.16964910924434662, 0.0269171055406332, 0.0066662938334047794]</MIN_VALUE>
		<SIGNATURE_THRESHOLD_MD>0.0</SIGNATURE_THRESHOLD_MD>
		<SIGNATURE_THRESHOLD_ML>0.0</SIGNATURE_THRESHOLD_ML>
		<SIGNATURE_THRESHOLD_SAM>0.0</SIGNATURE_THRESHOLD_SAM>
	</signature>
	<signature ID="20210126_162044644484_485">
		<MACROCLASSID>1</MACROCLASSID>
		<MACROCLASSINFO>waterbody</MACROCLASSINFO>
		<CLASSID>3</CLASSID>
		<CLASSINFO>C 1</CLASSINFO>
		<VALUES>[0.13642232879331911, 0.0023212784052954773, 0.12045720233848904, 0.0036313317947959806, 0.1186393180945117, 0.005568289717328075, 0.16849545602965504, 0.0059494831249712055, 0.03263450319030484, 0.008335164821651364, 0.015521941200835965, 0.005412312194817728]</VALUES>
		<LCS_MIN>[0.12830093502998352, 0.1120806559920311, 0.09393735229969025, 0.1570127010345459, 0.018781473860144615, 0.002771795028820634]</LCS_MIN>
		<LCS_MAX>[0.14170245826244354, 0.1280699372291565, 0.12763161957263947, 0.19070975482463837, 0.05403588339686394, 0.03782229125499725]</LCS_MAX>
		<WAVELENGTH>[0.485, 0.56, 0.66, 0.83, 1.65, 2.215]</WAVELENGTH>
		<MEAN_VALUE>[0.13642232879331911, 0.12045720233848904, 0.1186393180945117, 0.16849545602965504, 0.03263450319030484, 0.015521941200835965]</MEAN_VALUE>
		<CHECKBOX>2</CHECKBOX>
		<SD>[0.0023212784052954773, 0.0036313317947959806, 0.005568289717328075, 0.0059494831249712055, 0.008335164821651364, 0.005412312194817728]</SD>
		<WAVELENGTH_UNIT>E-6m</WAVELENGTH_UNIT>
		<COLOR>#16d732</COLOR>
		<COVARIANCE_MATRIX>[[7.108174941095058e-06, 4.2439614844624884e-06, 6.0982556533417664e-06, 1.5931829011606169e-06, -4.156065642746398e-06, -2.121875922966865e-06], [4.2439614844624884e-06, 1.718406201689504e-05, 1.5498646462219767e-05, 6.734576800226932e-06, -9.49859168031253e-06, -4.406245807331288e-06], [6.0982556533417664e-06, 1.5498646462219767e-05, 2.917327765317168e-05, 7.519519840570865e-06, -1.809019158827141e-05, -8.058435014390852e-06], [1.5931829011606169e-06, 6.734576800226932e-06, 7.519519840570865e-06, 5.1138547860318795e-05, 2.3581975256092846e-05, 1.3008062524022534e-05], [-4.156065642746398e-06, -9.49859168031253e-06, -1.809019158827141e-05, 2.3581975256092846e-05, 6.274509360082448e-05, 3.365817974554375e-05], [-2.121875922966865e-06, -4.406245807331288e-06, -8.058435014390852e-06, 1.3008062524022534e-05, 3.365817974554375e-05, 3.3215390430996194e-05]]</COVARIANCE_MATRIX>
		<ROI_SIZE>675</ROI_SIZE>
		<MAX_VALUE>[0.14170245826244354, 0.1280699372291565, 0.12763161957263947, 0.19070975482463837, 0.05403588339686394, 0.03782229125499725]</MAX_VALUE>
		<MIN_VALUE>[0.12830093502998352, 0.1120806559920311, 0.09393735229969025, 0.1570127010345459, 0.018781473860144615, 0.002771795028820634]</MIN_VALUE>
		<SIGNATURE_THRESHOLD_MD>0.0</SIGNATURE_THRESHOLD_MD>
		<SIGNATURE_THRESHOLD_ML>0.0</SIGNATURE_THRESHOLD_ML>
		<SIGNATURE_THRESHOLD_SAM>0.0</SIGNATURE_THRESHOLD_SAM>
	</signature>
	<signature ID="20210126_162054270572_566">
		<MACROCLASSID>1</MACROCLASSID>
		<MACROCLASSINFO>waterbody</MACROCLASSINFO>
		<CLASSID>4</CLASSID>
		<CLASSINFO>C 1</CLASSINFO>
		<VALUES>[0.13744514980572192, 0.002627018024460445, 0.12619199937155307, 0.0038716826242895953, 0.1258375973376118, 0.004682504277722218, 0.1464587983735724, 0.005534559357633736, 0.03360276297151512, 0.007509082620774033, 0.019325597341937034, 0.006548783866871006]</VALUES>
		<LCS_MIN>[0.13021543622016907, 0.1080833300948143, 0.10741505026817322, 0.12752777338027954, 0.018781473860144615, 0.0066662938334047794]</LCS_MIN>
		<LCS_MAX>[0.14553147554397583, 0.1560511589050293, 0.14784815907478333, 0.17386123538017273, 0.056747760623693466, 0.04950579255819321]</LCS_MAX>
		<WAVELENGTH>[0.485, 0.56, 0.66, 0.83, 1.65, 2.215]</WAVELENGTH>
		<MEAN_VALUE>[0.13744514980572192, 0.12619199937155307, 0.1258375973376118, 0.1464587983735724, 0.03360276297151512, 0.019325597341937034]</MEAN_VALUE>
		<CHECKBOX>2</CHECKBOX>
		<SD>[0.002627018024460445, 0.0038716826242895953, 0.004682504277722218, 0.005534559357633736, 0.007509082620774033, 0.006548783866871006]</SD>
		<WAVELENGTH_UNIT>E-6m</WAVELENGTH_UNIT>
		<COLOR>#612a1b</COLOR>
		<COVARIANCE_MATRIX>[[7.319163159991149e-06, 4.039009581902064e-06, 6.139757715573069e-06, -1.46335310091672e-07, 3.0140114404275664e-07, 2.1621960968332132e-06], [4.039009581902064e-06, 1.3669214240508154e-05, 1.0111618394148536e-05, -3.3487799555587117e-06, -3.523858595144702e-06, 6.045247573638335e-07], [6.139757715573069e-06, 1.0111618394148536e-05, 2.2172009266796522e-05, -5.26560779690044e-06, -8.346384674950968e-06, -1.4766421827516751e-06], [-1.46335310091672e-07, -3.3487799555587117e-06, -5.26560779690044e-06, 3.481916428427212e-05, 2.4604716600151733e-05, 1.4822510820522439e-05], [3.0140114404275664e-07, -3.523858595144702e-06, -8.346384674950968e-06, 2.4604716600151733e-05, 5.9263049479341134e-05, 3.65863015758805e-05], [2.1621960968332132e-06, 6.045247573638335e-07, -1.4766421827516751e-06, 1.4822510820522439e-05, 3.65863015758805e-05, 4.1574472561478615e-05]]</COVARIANCE_MATRIX>
		<ROI_SIZE>1125</ROI_SIZE>
		<MAX_VALUE>[0.14553147554397583, 0.1560511589050293, 0.14784815907478333, 0.17386123538017273, 0.056747760623693466, 0.04950579255819321]</MAX_VALUE>
		<MIN_VALUE>[0.13021543622016907, 0.1080833300948143, 0.10741505026817322, 0.12752777338027954, 0.018781473860144615, 0.0066662938334047794]</MIN_VALUE>
		<SIGNATURE_THRESHOLD_MD>0.0</SIGNATURE_THRESHOLD_MD>
		<SIGNATURE_THRESHOLD_ML>0.0</SIGNATURE_THRESHOLD_ML>
		<SIGNATURE_THRESHOLD_SAM>0.0</SIGNATURE_THRESHOLD_SAM>
	</signature>
	<signature ID="20210126_162102143139_256">
		<MACROCLASSID>1</MACROCLASSID>
		<MACROCLASSINFO>waterbody</MACROCLASSINFO>
		<CLASSID>5</CLASSID>
		<CLASSINFO>C 1</CLASSINFO>
		<VALUES>[0.13116518843812036, 0.0024076931157936735, 0.12051364118063111, 0.003225615657992165, 0.11968750461897087, 0.0033650000137984263, 0.13487425726636595, 0.0063517405599998605, 0.024941611504936036, 0.0074516394317722485, 0.013136333053416084, 0.006042013986220677]</VALUES>
		<LCS_MIN>[0.12447192519903183, 0.1040860190987587, 0.09393735229969025, 0.1022549644112587, 0.013357715681195259, 0.0]</LCS_MIN>
		<LCS_MAX>[0.1436169445514679, 0.1280699372291565, 0.12763161957263947, 0.1570127010345459, 0.05132400617003441, 0.0417167954146862]</LCS_MAX>
		<WAVELENGTH>[0.485, 0.56, 0.66, 0.83, 1.65, 2.215]</WAVELENGTH>
		<MEAN_VALUE>[0.13116518843812036, 0.12051364118063111, 0.11968750461897087, 0.13487425726636595, 0.024941611504936036, 0.013136333053416084]</MEAN_VALUE>
		<CHECKBOX>2</CHECKBOX>
		<SD>[0.0024076931157936735, 0.003225615657992165, 0.0033650000137984263, 0.0063517405599998605, 0.0074516394317722485, 0.006042013986220677]</SD>
		<WAVELENGTH_UNIT>E-6m</WAVELENGTH_UNIT>
		<COLOR>#1ce2f8</COLOR>
		<COVARIANCE_MATRIX>[[5.413075996330008e-06, 1.5839746083656792e-06, 2.5127233129751403e-06, -1.3884584859624738e-06, -1.4185607142280787e-06, 4.048683877044823e-08], [1.5839746083656792e-06, 1.1462582733656745e-05, 6.348501756292535e-06, -1.301351062465983e-06, -4.093608367838897e-06, -1.3101082458888413e-06], [2.5127233129751403e-06, 6.348501756292535e-06, 1.275879276363412e-05, -6.590409611817449e-06, -8.876840183802415e-06, -4.084911324753193e-06], [-1.3884584859624738e-06, -1.301351062465983e-06, -6.590409611817449e-06, 4.024295412818901e-05, 2.6304835046175867e-05, 1.6745709217502736e-05], [-1.4185607142280787e-06, -4.093608367838897e-06, -8.876840183802415e-06, 2.6304835046175867e-05, 5.3805779316462576e-05, 3.126255251117982e-05], [4.048683877044823e-08, -1.3101082458888413e-06, -4.084911324753193e-06, 1.6745709217502736e-05, 3.126255251117982e-05, 3.3165164495585486e-05]]</COVARIANCE_MATRIX>
		<ROI_SIZE>1122</ROI_SIZE>
		<MAX_VALUE>[0.1436169445514679, 0.1280699372291565, 0.12763161957263947, 0.1570127010345459, 0.05132400617003441, 0.0417167954146862]</MAX_VALUE>
		<MIN_VALUE>[0.12447192519903183, 0.1040860190987587, 0.09393735229969025, 0.1022549644112587, 0.013357715681195259, 0.0]</MIN_VALUE>
		<SIGNATURE_THRESHOLD_MD>0.0</SIGNATURE_THRESHOLD_MD>
		<SIGNATURE_THRESHOLD_ML>0.0</SIGNATURE_THRESHOLD_ML>
		<SIGNATURE_THRESHOLD_SAM>0.0</SIGNATURE_THRESHOLD_SAM>
	</signature>
	<signature ID="20210126_162111746905_611">
		<MACROCLASSID>1</MACROCLASSID>
		<MACROCLASSINFO>waterbody</MACROCLASSINFO>
		<CLASSID>6</CLASSID>
		<CLASSINFO>C 1</CLASSINFO>
		<VALUES>[0.12688661165334086, 0.0020832026956268453, 0.1058505984308484, 0.0034224531449389807, 0.08079355116094555, 0.004430401464611749, 0.09895357100276259, 0.011851907907373282, 0.04389687981624323, 0.010691937627389117, 0.02273549190680455, 0.0064687005463362835]</VALUES>
		<LCS_MIN>[0.12255740910768509, 0.1000887006521225, 0.07035136222839355, 0.07698217034339905, 0.0269171055406332, 0.010560794733464718]</LCS_MIN>
		<LCS_MAX>[0.13212993741035461, 0.1120806559920311, 0.09056791663169861, 0.12331563979387283, 0.07844278216362, 0.0417167954146862]</LCS_MAX>
		<WAVELENGTH>[0.485, 0.56, 0.66, 0.83, 1.65, 2.215]</WAVELENGTH>
		<MEAN_VALUE>[0.12688661165334086, 0.1058505984308484, 0.08079355116094555, 0.09895357100276259, 0.04389687981624323, 0.02273549190680455]</MEAN_VALUE>
		<CHECKBOX>2</CHECKBOX>
		<SD>[0.0020832026956268453, 0.0034224531449389807, 0.004430401464611749, 0.011851907907373282, 0.010691937627389117, 0.0064687005463362835]</SD>
		<WAVELENGTH_UNIT>E-6m</WAVELENGTH_UNIT>
		<COLOR>#4f556b</COLOR>
		<COVARIANCE_MATRIX>[[4.379185611469438e-06, 1.8922237359220162e-06, 3.2327932331099873e-06, -2.5856813863356365e-06, -1.0184002121604863e-06, -7.901827530076844e-07], [1.8922237359220162e-06, 1.1819669452961534e-05, 1.1404790711821988e-05, -3.458455921645509e-06, 7.093655653989117e-07, 3.5125806334690424e-06], [3.2327932331099873e-06, 1.1404790711821988e-05, 1.980689739866648e-05, 2.144558266081731e-06, 6.6559159677126445e-06, 9.020056495501194e-06], [-2.5856813863356365e-06, -3.458455921645509e-06, 2.144558266081731e-06, 0.00014174470561556518, 9.665025572758168e-05, 4.726974657387473e-05], [-1.0184002121604863e-06, 7.093655653989117e-07, 6.6559159677126445e-06, 9.665025572758168e-05, 0.00011535677913343534, 5.331996362656355e-05], [-7.901827530076844e-07, 3.5125806334690424e-06, 9.020056495501194e-06, 4.726974657387473e-05, 5.331996362656355e-05, 4.222448842483573e-05]]</COVARIANCE_MATRIX>
		<ROI_SIZE>111</ROI_SIZE>
		<MAX_VALUE>[0.13212993741035461, 0.1120806559920311, 0.09056791663169861, 0.12331563979387283, 0.07844278216362, 0.0417167954146862]</MAX_VALUE>
		<MIN_VALUE>[0.12255740910768509, 0.1000887006521225, 0.07035136222839355, 0.07698217034339905, 0.0269171055406332, 0.010560794733464718]</MIN_VALUE>
		<SIGNATURE_THRESHOLD_MD>0.0</SIGNATURE_THRESHOLD_MD>
		<SIGNATURE_THRESHOLD_ML>0.0</SIGNATURE_THRESHOLD_ML>
		<SIGNATURE_THRESHOLD_SAM>0.0</SIGNATURE_THRESHOLD_SAM>
	</signature>
	<signature ID="20210126_162122711136_169">
		<MACROCLASSID>1</MACROCLASSID>
		<MACROCLASSINFO>waterbody</MACROCLASSINFO>
		<CLASSID>7</CLASSID>
		<CLASSINFO>C 1</CLASSINFO>
		<VALUES>[0.1299687206514716, 0.0026216441600471992, 0.12061101620652014, 0.004432270069542258, 0.10105829885632725, 0.00519688674325822, 0.0955025339787154, 0.007957776386185847, 0.028985959909779497, 0.008484814607231987, 0.014194322910793509, 0.006240532685046899]</VALUES>
		<LCS_MIN>[0.11872841417789459, 0.1040860190987587, 0.08382907509803772, 0.07277005910873413, 0.018781473860144615, 0.002771795028820634]</LCS_MIN>
		<LCS_MAX>[0.13787345588207245, 0.1320672631263733, 0.1141538992524147, 0.1106792464852333, 0.056747760623693466, 0.03782229125499725]</LCS_MAX>
		<WAVELENGTH>[0.485, 0.56, 0.66, 0.83, 1.65, 2.215]</WAVELENGTH>
		<MEAN_VALUE>[0.1299687206514716, 0.12061101620652014, 0.10105829885632725, 0.0955025339787154, 0.028985959909779497, 0.014194322910793509]</MEAN_VALUE>
		<CHECKBOX>2</CHECKBOX>
		<SD>[0.0026216441600471992, 0.004432270069542258, 0.00519688674325822, 0.007957776386185847, 0.008484814607231987, 0.006240532685046899]</SD>
		<WAVELENGTH_UNIT>E-6m</WAVELENGTH_UNIT>
		<COLOR>#d79d36</COLOR>
		<COVARIANCE_MATRIX>[[6.908629529789323e-06, 5.803126896353206e-06, 7.815637218300253e-06, -1.5909981812001206e-06, -1.2893146958958823e-06, 1.6737312762415968e-06], [5.803126896353206e-06, 1.9746805264730938e-05, 1.5496056221309118e-05, -1.0322148227714933e-05, -4.821098173124483e-06, 1.5117728935365449e-06], [7.815637218300253e-06, 1.5496056221309118e-05, 2.7147567379870452e-05, -3.657095930975629e-06, -2.4990044948935974e-06, 2.615894800328533e-06], [-1.5909981812001206e-06, -1.0322148227714933e-05, -3.657095930975629e-06, 6.365431909216568e-05, 3.505304266582243e-05, 1.6757718185544945e-05], [-1.2893146958958823e-06, -4.821098173124483e-06, -2.4990044948935974e-06, 3.505304266582243e-05, 7.236509554786608e-05, 3.813694274867885e-05], [1.6737312762415968e-06, 1.5117728935365449e-06, 2.615894800328533e-06, 1.6757718185544945e-05, 3.813694274867885e-05, 3.914603075827472e-05]]</COVARIANCE_MATRIX>
		<ROI_SIZE>194</ROI_SIZE>
		<MAX_VALUE>[0.13787345588207245, 0.1320672631263733, 0.1141538992524147, 0.1106792464852333, 0.056747760623693466, 0.03782229125499725]</MAX_VALUE>
		<MIN_VALUE>[0.11872841417789459, 0.1040860190987587, 0.08382907509803772, 0.07277005910873413, 0.018781473860144615, 0.002771795028820634]</MIN_VALUE>
		<SIGNATURE_THRESHOLD_MD>0.0</SIGNATURE_THRESHOLD_MD>
		<SIGNATURE_THRESHOLD_ML>0.0</SIGNATURE_THRESHOLD_ML>
		<SIGNATURE_THRESHOLD_SAM>0.0</SIGNATURE_THRESHOLD_SAM>
	</signature>
	<signature ID="20210126_162128676070_424">
		<MACROCLASSID>1</MACROCLASSID>
		<MACROCLASSINFO>waterbody</MACROCLASSINFO>
		<CLASSID>8</CLASSID>
		<CLASSINFO>C 1</CLASSINFO>
		<VALUES>[0.1259446172760083, 0.003286456775825384, 0.11361808539965215, 0.00656610589350384, 0.09238222680794889, 0.006688823981776766, 0.11856348449603106, 0.017900565041863253, 0.047221420428309686, 0.01379886325129268, 0.02374217804903403, 0.008802328743026513]</VALUES>
		<LCS_MIN>[0.11681389808654785, 0.0960913747549057, 0.07709021866321564, 0.08961857110261917, 0.021493347361683846, 0.010560794733464718]</LCS_MIN>
		<LCS_MAX>[0.13021543622016907, 0.1240726113319397, 0.10404562205076218, 0.1570127010345459, 0.08115465193986893, 0.045611292123794556]</LCS_MAX>
		<WAVELENGTH>[0.485, 0.56, 0.66, 0.83, 1.65, 2.215]</WAVELENGTH>
		<MEAN_VALUE>[0.1259446172760083, 0.11361808539965215, 0.09238222680794889, 0.11856348449603106, 0.047221420428309686, 0.02374217804903403]</MEAN_VALUE>
		<CHECKBOX>2</CHECKBOX>
		<SD>[0.003286456775825384, 0.00656610589350384, 0.006688823981776766, 0.017900565041863253, 0.01379886325129268, 0.008802328743026513]</SD>
		<WAVELENGTH_UNIT>E-6m</WAVELENGTH_UNIT>
		<COLOR>#cdd940</COLOR>
		<COVARIANCE_MATRIX>[[1.108502965507796e-05, 1.7009866496664472e-05, 1.5931089365039952e-05, -4.9135746849060524e-06, -5.959126156085404e-06, -1.4791307876294013e-06], [1.7009866496664472e-05, 4.424831786309369e-05, 4.002431523986161e-05, -3.237931014155038e-05, -2.604728979349602e-05, -5.6408762247883715e-06], [1.5931089365039952e-05, 4.002431523986161e-05, 4.591774268192239e-05, -2.4764987756498158e-05, -1.8811335394275375e-05, -2.6561471244690438e-08], [-4.9135746849060524e-06, -3.237931014155038e-05, -2.4764987756498158e-05, 0.00032886260305531323, 0.0002018334052991122, 9.7959979029838e-05], [-5.959126156085404e-06, -2.604728979349602e-05, -1.8811335394275375e-05, 0.0002018334052991122, 0.0001954193867277354, 0.00010024784569395706], [-1.4791307876294013e-06, -5.6408762247883715e-06, -2.6561471244690438e-08, 9.7959979029838e-05, 0.00010024784569395706, 7.951996667543426e-05]]</COVARIANCE_MATRIX>
		<ROI_SIZE>39</ROI_SIZE>
		<MAX_VALUE>[0.13021543622016907, 0.1240726113319397, 0.10404562205076218, 0.1570127010345459, 0.08115465193986893, 0.045611292123794556]</MAX_VALUE>
		<MIN_VALUE>[0.11681389808654785, 0.0960913747549057, 0.07709021866321564, 0.08961857110261917, 0.021493347361683846, 0.010560794733464718]</MIN_VALUE>
		<SIGNATURE_THRESHOLD_MD>0.0</SIGNATURE_THRESHOLD_MD>
		<SIGNATURE_THRESHOLD_ML>0.0</SIGNATURE_THRESHOLD_ML>
		<SIGNATURE_THRESHOLD_SAM>0.0</SIGNATURE_THRESHOLD_SAM>
	</signature>
	<signature ID="20210126_162141801714_383">
		<MACROCLASSID>1</MACROCLASSID>
		<MACROCLASSINFO>waterbody</MACROCLASSINFO>
		<CLASSID>9</CLASSID>
		<CLASSINFO>C 1</CLASSINFO>
		<VALUES>[0.11409329466129606, 0.0029992972490582, 0.1028237048732607, 0.004311613363636266, 0.08187834800858247, 0.005918952312207169, 0.09250056194631677, 0.012528984484160526, 0.034481816385921675, 0.010903706590687987, 0.016710004744757163, 0.006357488651447078]</VALUES>
		<LCS_MIN>[0.10724137723445892, 0.0920940488576889, 0.07035136222839355, 0.07277005910873413, 0.018781473860144615, 0.0066662938334047794]</LCS_MIN>
		<LCS_MAX>[0.11872841417789459, 0.1080833300948143, 0.08719848841428757, 0.11489137262105942, 0.05403588339686394, 0.0300332922488451]</LCS_MAX>
		<WAVELENGTH>[0.485, 0.56, 0.66, 0.83, 1.65, 2.215]</WAVELENGTH>
		<MEAN_VALUE>[0.11409329466129606, 0.1028237048732607, 0.08187834800858247, 0.09250056194631677, 0.034481816385921675, 0.016710004744757163]</MEAN_VALUE>
		<CHECKBOX>2</CHECKBOX>
		<SD>[0.0029992972490582, 0.004311613363636266, 0.005918952312207169, 0.012528984484160526, 0.010903706590687987, 0.006357488651447078]</SD>
		<WAVELENGTH_UNIT>E-6m</WAVELENGTH_UNIT>
		<COLOR>#8c4990</COLOR>
		<COVARIANCE_MATRIX>[[9.495549420535099e-06, 9.980071808968205e-06, 1.5542222172371112e-05, -1.1317864618831663e-06, -1.927968696691096e-06, 8.546101526007988e-06], [9.980071808968205e-06, 1.9622788386186585e-05, 2.134507303708233e-05, 5.71087821299443e-06, 7.068346803862369e-06, 1.6842088371049613e-05], [1.5542222172371112e-05, 2.134507303708233e-05, 3.69803310604766e-05, 3.568880629245541e-06, -1.6832165101732244e-06, 1.922290539368987e-05], [-1.1317864618831663e-06, 5.71087821299443e-06, 3.568880629245541e-06, 0.00016569631407037377, 0.00010898407344939187, 5.5112184782046825e-05], [-1.927968696691096e-06, 7.068346803862369e-06, -1.6832165101732244e-06, 0.00010898407344939187, 0.00012549586244858801, 5.064533979748376e-05], [8.546101526007988e-06, 1.6842088371049613e-05, 1.922290539368987e-05, 5.5112184782046825e-05, 5.064533979748376e-05, 4.266308678779751e-05]]</COVARIANCE_MATRIX>
		<ROI_SIZE>19</ROI_SIZE>
		<MAX_VALUE>[0.11872841417789459, 0.1080833300948143, 0.08719848841428757, 0.11489137262105942, 0.05403588339686394, 0.0300332922488451]</MAX_VALUE>
		<MIN_VALUE>[0.10724137723445892, 0.0920940488576889, 0.07035136222839355, 0.07277005910873413, 0.018781473860144615, 0.0066662938334047794]</MIN_VALUE>
		<SIGNATURE_THRESHOLD_MD>0.0</SIGNATURE_THRESHOLD_MD>
		<SIGNATURE_THRESHOLD_ML>0.0</SIGNATURE_THRESHOLD_ML>
		<SIGNATURE_THRESHOLD_SAM>0.0</SIGNATURE_THRESHOLD_SAM>
	</signature>
	<signature ID="20210126_162154601210_459">
		<MACROCLASSID>1</MACROCLASSID>
		<MACROCLASSINFO>waterbody</MACROCLASSINFO>
		<CLASSID>10</CLASSID>
		<CLASSINFO>C 1</CLASSINFO>
		<VALUES>[0.11003950983285904, 0.0031517089761722624, 0.09670634968922688, 0.006041146309227609, 0.07786777730171496, 0.006495199471956169, 0.13303594004649383, 0.01985207091037174, 0.06300593626040679, 0.013761672323481126, 0.029434139625384253, 0.006080747303080727]</VALUES>
		<LCS_MIN>[0.10341238230466843, 0.0801021009683609, 0.06361251324415207, 0.1022549644112587, 0.043188370764255524, 0.018349794670939445]</LCS_MIN>
		<LCS_MAX>[0.1148994043469429, 0.1040860190987587, 0.09056791663169861, 0.17807336151599884, 0.08929029107093811, 0.03782229125499725]</LCS_MAX>
		<WAVELENGTH>[0.485, 0.56, 0.66, 0.83, 1.65, 2.215]</WAVELENGTH>
		<MEAN_VALUE>[0.11003950983285904, 0.09670634968922688, 0.07786777730171496, 0.13303594004649383, 0.06300593626040679, 0.029434139625384253]</MEAN_VALUE>
		<CHECKBOX>2</CHECKBOX>
		<SD>[0.0031517089761722624, 0.006041146309227609, 0.006495199471956169, 0.01985207091037174, 0.013761672323481126, 0.006080747303080727]</SD>
		<WAVELENGTH_UNIT>E-6m</WAVELENGTH_UNIT>
		<COLOR>#8302e7</COLOR>
		<COVARIANCE_MATRIX>[[1.0761042176454794e-05, 1.5354864444816485e-05, 1.9145611076964997e-05, -3.95453826058656e-05, -2.4162345653166994e-05, -6.882505203975597e-06], [1.5354864444816485e-05, 3.953673513024114e-05, 3.876563278026879e-05, -7.803418702678755e-05, -3.849681161227636e-05, -1.3871111150365323e-05], [1.9145611076964997e-05, 3.876563278026879e-05, 4.570325108943507e-05, -8.033305493881926e-05, -3.6491350329015404e-05, -1.2617539141501766e-05], [-3.95453826058656e-05, -7.803418702678755e-05, -8.033305493881926e-05, 0.00042694678995758295, 0.00018254489987157285, 6.645782559644431e-05], [-2.4162345653166994e-05, -3.849681161227636e-05, -3.6491350329015404e-05, 0.00018254489987157285, 0.000205165590159595, 8.151240763254464e-05], [-6.882505203975597e-06, -1.3871111150365323e-05, -1.2617539141501766e-05, 6.645782559644431e-05, 8.151240763254464e-05, 4.005677692475729e-05]]</COVARIANCE_MATRIX>
		<ROI_SIZE>13</ROI_SIZE>
		<MAX_VALUE>[0.1148994043469429, 0.1040860190987587, 0.09056791663169861, 0.17807336151599884, 0.08929029107093811, 0.03782229125499725]</MAX_VALUE>
		<MIN_VALUE>[0.10341238230466843, 0.0801021009683609, 0.06361251324415207, 0.1022549644112587, 0.043188370764255524, 0.018349794670939445]</MIN_VALUE>
		<SIGNATURE_THRESHOLD_MD>0.0</SIGNATURE_THRESHOLD_MD>
		<SIGNATURE_THRESHOLD_ML>0.0</SIGNATURE_THRESHOLD_ML>
		<SIGNATURE_THRESHOLD_SAM>0.0</SIGNATURE_THRESHOLD_SAM>
	</signature>
	<signature ID="20210126_162207777855_611">
		<MACROCLASSID>1</MACROCLASSID>
		<MACROCLASSINFO>waterbody</MACROCLASSINFO>
		<CLASSID>11</CLASSID>
		<CLASSINFO>C 1</CLASSINFO>
		<VALUES>[0.1257710483457361, 0.003546953619360858, 0.10708400500672204, 0.005192669033915387, 0.08298671378621032, 0.006214544785059649, 0.13399640311087882, 0.018650698154395507, 0.06604562633271728, 0.011214867718217716, 0.03865682865892138, 0.007951236847922883]</VALUES>
		<LCS_MIN>[0.11872841417789459, 0.0960913747549057, 0.07035136222839355, 0.106467105448246, 0.043188370764255524, 0.0261387936770916]</LCS_MIN>
		<LCS_MAX>[0.13212993741035461, 0.1200752928853035, 0.10067620128393173, 0.17386123538017273, 0.09200218319892883, 0.05729478970170021]</LCS_MAX>
		<WAVELENGTH>[0.485, 0.56, 0.66, 0.83, 1.65, 2.215]</WAVELENGTH>
		<MEAN_VALUE>[0.1257710483457361, 0.10708400500672204, 0.08298671378621032, 0.13399640311087882, 0.06604562633271728, 0.03865682865892138]</MEAN_VALUE>
		<CHECKBOX>2</CHECKBOX>
		<SD>[0.003546953619360858, 0.005192669033915387, 0.006214544785059649, 0.018650698154395507, 0.011214867718217716, 0.007951236847922883]</SD>
		<WAVELENGTH_UNIT>E-6m</WAVELENGTH_UNIT>
		<COLOR>#fa44eb</COLOR>
		<COVARIANCE_MATRIX>[[1.3046838830632623e-05, 1.2683954082604032e-05, 1.9770453945966437e-05, -1.468826667405665e-05, 3.241503691242542e-06, 1.3511610632122029e-05], [1.2683954082604032e-05, 2.796247099468019e-05, 2.7062049412052147e-05, -3.195955650880933e-05, -4.014897967863362e-06, 1.9315306417411193e-05], [1.9770453945966437e-05, 2.7062049412052147e-05, 4.005095979664475e-05, -2.9567629098892212e-05, 3.045821586056263e-06, 2.7459478587843478e-05], [-1.468826667405665e-05, -3.195955650880933e-05, -2.9567629098892212e-05, 0.00036073182127438486, 0.00012758473167195916, 3.8146165024954826e-05], [3.241503691242542e-06, -4.014897967863362e-06, 3.045821586056263e-06, 0.00012758473167195916, 0.00013043152284808457, 5.80598134547472e-05], [1.3511610632122029e-05, 1.9315306417411193e-05, 2.7459478587843478e-05, 3.8146165024954826e-05, 5.80598134547472e-05, 6.556372682098299e-05]]</COVARIANCE_MATRIX>
		<ROI_SIZE>28</ROI_SIZE>
		<MAX_VALUE>[0.13212993741035461, 0.1200752928853035, 0.10067620128393173, 0.17386123538017273, 0.09200218319892883, 0.05729478970170021]</MAX_VALUE>
		<MIN_VALUE>[0.11872841417789459, 0.0960913747549057, 0.07035136222839355, 0.106467105448246, 0.043188370764255524, 0.0261387936770916]</MIN_VALUE>
		<SIGNATURE_THRESHOLD_MD>0.0</SIGNATURE_THRESHOLD_MD>
		<SIGNATURE_THRESHOLD_ML>0.0</SIGNATURE_THRESHOLD_ML>
		<SIGNATURE_THRESHOLD_SAM>0.0</SIGNATURE_THRESHOLD_SAM>
	</signature>
	<signature ID="20210126_162213516618_394">
		<MACROCLASSID>1</MACROCLASSID>
		<MACROCLASSINFO>waterbody</MACROCLASSINFO>
		<CLASSID>12</CLASSID>
		<CLASSINFO>C 1</CLASSINFO>
		<VALUES>[0.12149380478594038, 0.0030083531285691805, 0.0998666249215603, 0.0031169495633513013, 0.07353359709183376, 0.0036345803059702224, 0.1825194987985823, 0.01886192318819104, 0.09501537018352084, 0.01423237674262337, 0.04344768149571286, 0.008632780124045461]</VALUES>
		<LCS_MIN>[0.11681389808654785, 0.0960913747549057, 0.06698194146156311, 0.14858843386173248, 0.06759526580572128, 0.0300332922488451]</LCS_MIN>
		<LCS_MAX>[0.12638641893863678, 0.1040860190987587, 0.08382907509803772, 0.2201947122812271, 0.11912094801664352, 0.06118929013609886]</LCS_MAX>
		<WAVELENGTH>[0.485, 0.56, 0.66, 0.83, 1.65, 2.215]</WAVELENGTH>
		<MEAN_VALUE>[0.12149380478594038, 0.0998666249215603, 0.07353359709183376, 0.1825194987985823, 0.09501537018352084, 0.04344768149571286]</MEAN_VALUE>
		<CHECKBOX>2</CHECKBOX>
		<SD>[0.0030083531285691805, 0.0031169495633513013, 0.0036345803059702224, 0.01886192318819104, 0.01423237674262337, 0.008632780124045461]</SD>
		<WAVELENGTH_UNIT>E-6m</WAVELENGTH_UNIT>
		<COLOR>#a02629</COLOR>
		<COVARIANCE_MATRIX>[[9.582552593201399e-06, 4.251604877936188e-06, 2.824855073413346e-06, -2.3454544134438038e-05, -1.034986325976206e-05, -2.8752042453561444e-06], [4.251604877936188e-06, 1.0286867109243758e-05, 7.086463938321685e-06, -3.5600343835540116e-05, -4.392790287965909e-06, 2.2384733711078297e-06], [2.824855073413346e-06, 7.086463938321685e-06, 1.3987242709845304e-05, -3.418251799303107e-05, 3.2847192414919846e-06, 4.974438070348697e-06], [-2.3454544134438038e-05, -3.5600343835540116e-05, -3.418251799303107e-05, 0.00037669992889277637, 0.00018470577197149396, 9.510114614386111e-05], [-1.034986325976206e-05, -4.392790287965909e-06, 3.2847192414919846e-06, 0.00018470577197149396, 0.00021447587641887367, 0.00010009176912717521], [-2.8752042453561444e-06, 2.2384733711078297e-06, 4.974438070348697e-06, 9.510114614386111e-05, 0.00010009176912717521, 7.890871347626671e-05]]</COVARIANCE_MATRIX>
		<ROI_SIZE>18</ROI_SIZE>
		<MAX_VALUE>[0.12638641893863678, 0.1040860190987587, 0.08382907509803772, 0.2201947122812271, 0.11912094801664352, 0.06118929013609886]</MAX_VALUE>
		<MIN_VALUE>[0.11681389808654785, 0.0960913747549057, 0.06698194146156311, 0.14858843386173248, 0.06759526580572128, 0.0300332922488451]</MIN_VALUE>
		<SIGNATURE_THRESHOLD_MD>0.0</SIGNATURE_THRESHOLD_MD>
		<SIGNATURE_THRESHOLD_ML>0.0</SIGNATURE_THRESHOLD_ML>
		<SIGNATURE_THRESHOLD_SAM>0.0</SIGNATURE_THRESHOLD_SAM>
	</signature>
	<signature ID="20210126_162220452016_639">
		<MACROCLASSID>1</MACROCLASSID>
		<MACROCLASSINFO>waterbody</MACROCLASSINFO>
		<CLASSID>13</CLASSID>
		<CLASSINFO>C 1</CLASSINFO>
		<VALUES>[0.12722764717358528, 0.0026056874453808097, 0.1067508941121174, 0.0025408603254916235, 0.07897913963957266, 0.0026961039461846246, 0.10627564336314345, 0.008277213694637048, 0.040353227096299335, 0.007024786778548106, 0.019706968218088147, 0.0050955346186221835]</VALUES>
		<LCS_MIN>[0.12064291536808014, 0.1000887006521225, 0.073720782995224, 0.09383071213960648, 0.0269171055406332, 0.0066662938334047794]</LCS_MIN>
		<LCS_MAX>[0.13404443860054016, 0.1120806559920311, 0.08719848841428757, 0.12752777338027954, 0.06488339602947235, 0.0300332922488451]</LCS_MAX>
		<WAVELENGTH>[0.485, 0.56, 0.66, 0.83, 1.65, 2.215]</WAVELENGTH>
		<MEAN_VALUE>[0.12722764717358528, 0.1067508941121174, 0.07897913963957266, 0.10627564336314345, 0.040353227096299335, 0.019706968218088147]</MEAN_VALUE>
		<CHECKBOX>2</CHECKBOX>
		<SD>[0.0026056874453808097, 0.0025408603254916235, 0.0026961039461846246, 0.008277213694637048, 0.007024786778548106, 0.0050955346186221835]</SD>
		<WAVELENGTH_UNIT>E-6m</WAVELENGTH_UNIT>
		<COLOR>#0f843c</COLOR>
		<COVARIANCE_MATRIX>[[6.894062607898377e-06, 1.3735906350120786e-06, 5.698964855582744e-07, 1.6523073327334714e-06, 4.0990689740283415e-06, -1.2164902862821236e-08], [1.3735906350120786e-06, 6.5552940213819966e-06, 2.7628041152638616e-06, 5.9577846514002886e-06, 5.67026972930762e-06, 4.949679350829683e-06], [5.698964855582744e-07, 2.7628041152638616e-06, 7.380806891887914e-06, 6.480901447503129e-06, 7.265255590027664e-06, 5.068427526566666e-06], [1.6523073327334714e-06, 5.9577846514002886e-06, 6.480901447503129e-06, 6.956630386412144e-05, 3.459587969700806e-05, 1.8434599041938782e-05], [4.0990689740283415e-06, 5.67026972930762e-06, 7.265255590027664e-06, 3.459587969700806e-05, 5.01068243465852e-05, 2.194261469412595e-05], [-1.2164902862821236e-08, 4.949679350829683e-06, 5.068427526566666e-06, 1.8434599041938782e-05, 2.194261469412595e-05, 2.6363926735939458e-05]]</COVARIANCE_MATRIX>
		<ROI_SIZE>66</ROI_SIZE>
		<MAX_VALUE>[0.13404443860054016, 0.1120806559920311, 0.08719848841428757, 0.12752777338027954, 0.06488339602947235, 0.0300332922488451]</MAX_VALUE>
		<MIN_VALUE>[0.12064291536808014, 0.1000887006521225, 0.073720782995224, 0.09383071213960648, 0.0269171055406332, 0.0066662938334047794]</MIN_VALUE>
		<SIGNATURE_THRESHOLD_MD>0.0</SIGNATURE_THRESHOLD_MD>
		<SIGNATURE_THRESHOLD_ML>0.0</SIGNATURE_THRESHOLD_ML>
		<SIGNATURE_THRESHOLD_SAM>0.0</SIGNATURE_THRESHOLD_SAM>
	</signature>
	<signature ID="20210126_162229876603_384">
		<MACROCLASSID>1</MACROCLASSID>
		<MACROCLASSINFO>waterbody</MACROCLASSINFO>
		<CLASSID>14</CLASSID>
		<CLASSINFO>C 1</CLASSINFO>
		<VALUES>[0.09639692727582412, 0.0026725067249056354, 0.07532531484588673, 0.004127856001727186, 0.04856202091034937, 0.004384457103162327, 0.039654471336946745, 0.006208412871178275, 0.016776226696375872, 0.006125529435332959, 0.010159625721624509, 0.005016951714181331]</VALUES>
		<LCS_MIN>[0.08809634298086166, 0.04812353849411011, 0.029918247833848, 0.026436589658260345, 0.005222083069384098, 0.0]</LCS_MIN>
		<LCS_MAX>[0.10532686859369278, 0.1040860190987587, 0.06698194146156311, 0.06855791807174683, 0.037764616310596466, 0.0300332922488451]</LCS_MAX>
		<WAVELENGTH>[0.485, 0.56, 0.66, 0.83, 1.65, 2.215]</WAVELENGTH>
		<MEAN_VALUE>[0.09639692727582412, 0.07532531484588673, 0.04856202091034937, 0.039654471336946745, 0.016776226696375872, 0.010159625721624509]</MEAN_VALUE>
		<CHECKBOX>2</CHECKBOX>
		<SD>[0.0026725067249056354, 0.004127856001727186, 0.004384457103162327, 0.006208412871178275, 0.006125529435332959, 0.005016951714181331]</SD>
		<WAVELENGTH_UNIT>E-6m</WAVELENGTH_UNIT>
		<COLOR>#a03d54</COLOR>
		<COVARIANCE_MATRIX>[[7.148460099415388e-06, 6.012961421220098e-06, 5.640688868879806e-06, 4.410199380799895e-06, 3.899030616594246e-06, 2.218099552919739e-06], [6.012961421220098e-06, 1.7053909687092528e-05, 1.1125123819510918e-05, 1.0166319043491967e-05, 8.910806172934826e-06, 5.847552074556006e-06], [5.640688868879806e-06, 1.1125123819510918e-05, 1.924006392073352e-05, 1.587993756402284e-05, 1.5228865777316969e-05, 1.0266024219163228e-05], [4.410199380799895e-06, 1.0166319043491967e-05, 1.587993756402284e-05, 3.8577676605200395e-05, 2.4890519853215665e-05, 1.8108457879861817e-05], [3.899030616594246e-06, 8.910806172934826e-06, 1.5228865777316969e-05, 2.4890519853215665e-05, 3.7554513255599886e-05, 2.116505493177101e-05], [2.218099552919739e-06, 5.847552074556006e-06, 1.0266024219163228e-05, 1.8108457879861817e-05, 2.116505493177101e-05, 2.519154077162966e-05]]</COVARIANCE_MATRIX>
		<ROI_SIZE>1159</ROI_SIZE>
		<MAX_VALUE>[0.10532686859369278, 0.1040860190987587, 0.06698194146156311, 0.06855791807174683, 0.037764616310596466, 0.0300332922488451]</MAX_VALUE>
		<MIN_VALUE>[0.08809634298086166, 0.04812353849411011, 0.029918247833848, 0.026436589658260345, 0.005222083069384098, 0.0]</MIN_VALUE>
		<SIGNATURE_THRESHOLD_MD>0.0</SIGNATURE_THRESHOLD_MD>
		<SIGNATURE_THRESHOLD_ML>0.0</SIGNATURE_THRESHOLD_ML>
		<SIGNATURE_THRESHOLD_SAM>0.0</SIGNATURE_THRESHOLD_SAM>
	</signature>
	<signature ID="20210126_162235761060_997">
		<MACROCLASSID>1</MACROCLASSID>
		<MACROCLASSINFO>waterbody</MACROCLASSINFO>
		<CLASSID>15</CLASSID>
		<CLASSINFO>C 1</CLASSINFO>
		<VALUES>[0.12550459273836834, 0.0027843476873865214, 0.1118626188599702, 0.0037408866183004717, 0.08213414983315899, 0.0023644036284049402, 0.07539944181388078, 0.008076959628071147, 0.03100957464088093, 0.007425992409563955, 0.017028024956358197, 0.005728489047615223]</VALUES>
		<LCS_MIN>[0.11872841417789459, 0.1000887006521225, 0.073720782995224, 0.047497253865003586, 0.018781473860144615, 0.0066662938334047794]</LCS_MIN>
		<LCS_MAX>[0.13212993741035461, 0.1200752928853035, 0.08719848841428757, 0.1022549644112587, 0.056747760623693466, 0.0339277945458889]</LCS_MAX>
		<WAVELENGTH>[0.485, 0.56, 0.66, 0.83, 1.65, 2.215]</WAVELENGTH>
		<MEAN_VALUE>[0.12550459273836834, 0.1118626188599702, 0.08213414983315899, 0.07539944181388078, 0.03100957464088093, 0.017028024956358197]</MEAN_VALUE>
		<CHECKBOX>2</CHECKBOX>
		<SD>[0.0027843476873865214, 0.0037408866183004717, 0.0023644036284049402, 0.008076959628071147, 0.007425992409563955, 0.005728489047615223]</SD>
		<WAVELENGTH_UNIT>E-6m</WAVELENGTH_UNIT>
		<COLOR>#6d9dde</COLOR>
		<COVARIANCE_MATRIX>[[7.799863851687405e-06, 5.966199751128443e-06, 1.5643053075109492e-06, -2.3876482373452745e-06, -1.97257281797647e-06, -2.309272304046317e-06], [5.966199751128443e-06, 1.4079563698032871e-05, 2.1741018372267717e-06, -6.301825123955496e-06, -6.76974605084979e-06, -6.0803236010542605e-06], [1.5643053075109492e-06, 2.1741018372267717e-06, 5.624492132483283e-06, -3.62419910970857e-07, 3.022857981704874e-06, 2.0667744138336275e-06], [-2.3876482373452745e-06, -6.301825123955496e-06, -3.62419910970857e-07, 6.563506758539006e-05, 4.1203056753147393e-05, 2.4902032237150706e-05], [-1.97257281797647e-06, -6.76974605084979e-06, 3.022857981704874e-06, 4.1203056753147393e-05, 5.5481614253949374e-05, 3.107301745330915e-05], [-2.309272304046317e-06, -6.0803236010542605e-06, 2.0667744138336275e-06, 2.4902032237150706e-05, 3.107301745330915e-05, 3.3015683584380895e-05]]</COVARIANCE_MATRIX>
		<ROI_SIZE>165</ROI_SIZE>
		<MAX_VALUE>[0.13212993741035461, 0.1200752928853035, 0.08719848841428757, 0.1022549644112587, 0.056747760623693466, 0.0339277945458889]</MAX_VALUE>
		<MIN_VALUE>[0.11872841417789459, 0.1000887006521225, 0.073720782995224, 0.047497253865003586, 0.018781473860144615, 0.0066662938334047794]</MIN_VALUE>
		<SIGNATURE_THRESHOLD_MD>0.0</SIGNATURE_THRESHOLD_MD>
		<SIGNATURE_THRESHOLD_ML>0.0</SIGNATURE_THRESHOLD_ML>
		<SIGNATURE_THRESHOLD_SAM>0.0</SIGNATURE_THRESHOLD_SAM>
	</signature>
	<signature ID="20210126_162248305358_149">
		<MACROCLASSID>1</MACROCLASSID>
		<MACROCLASSINFO>waterbody</MACROCLASSINFO>
		<CLASSID>16</CLASSID>
		<CLASSINFO>C 1</CLASSINFO>
