<?xml version="1.0" ?>
<signaturelist MCID_LIST="[[u'1', u'water', u'#745fbc'], [u'2', u'vegetation', u'#d8bbf1'], [u'3', u'barren', u'#ac3b14'], [u'4', u'builtup', u'#cc4057']]">
	<signature ID="20180510_100933970000_632">
		<MACROCLASSID>1</MACROCLASSID>
		<MACROCLASSINFO>water</MACROCLASSINFO>
		<CLASSID>7</CLASSID>
		<CLASSINFO>C 1</CLASSINFO>
		<VALUES>[0.05780820870822246, 0.002377478658761929, 0.08479729263515744, 0.002960936247867368, 0.09710758183147765, 0.003392338952026844, 0.038192337408632065, 0.008256372328541393, 0.02238555835512516, 0.010719143027128536, 0.021978258623273572, 0.008350726903103857]</VALUES>
		<LCS_MIN>[0.0493268184363842, 0.06583547592163086, 0.07367607206106186, 0.027304712682962418, 0.0033152711112052202, 0.009999997913837433]</LCS_MIN>
		<LCS_MAX>[0.06820369511842728, 0.09539543837308884, 0.10966689884662628, 0.08960169553756714, 0.07461905479431152, 0.06439926475286484]</LCS_MAX>
		<WAVELENGTH>[0.485, 0.56, 0.66, 0.83, 1.65, 2.215]</WAVELENGTH>
		<MEAN_VALUE>[0.05780820870822246, 0.08479729263515744, 0.09710758183147765, 0.038192337408632065, 0.02238555835512516, 0.021978258623273572]</MEAN_VALUE>
		<CHECKBOX>2</CHECKBOX>
		<SD>[0.002377478658761929, 0.002960936247867368, 0.003392338952026844, 0.008256372328541393, 0.010719143027128536, 0.008350726903103857]</SD>
		<WAVELENGTH_UNIT>E-6m</WAVELENGTH_UNIT>
		<COLOR>#630210</COLOR>
		<COVARIANCE_MATRIX>[[6.396685421350412e-06, 4.13217640016228e-06, 4.084775355295278e-06, 2.2039100713300286e-06, 5.841236088599544e-06, 5.214567408984294e-06], [4.13217640016228e-06, 9.743846931087319e-06, 7.590619588881964e-06, -2.0603941663921432e-07, 2.575113512648386e-06, 3.0312703529489227e-06], [4.084775355295278e-06, 7.590619588881964e-06, 1.5606758097419515e-05, 5.0894600462925155e-06, 4.730657110485481e-06, 5.3928588386042975e-06], [2.2039100713300286e-06, -2.0603941663921432e-07, 5.0894600462925155e-06, 6.974332791287452e-05, 6.93725814926438e-05, 5.195911944610998e-05], [5.841236088599544e-06, 2.575113512648386e-06, 4.730657110485481e-06, 6.93725814926438e-05, 0.0001038989212247543, 7.550371810793877e-05], [5.214567408984294e-06, 3.0312703529489227e-06, 5.3928588386042975e-06, 5.195911944610998e-05, 7.550371810793877e-05, 6.871081859571859e-05]]</COVARIANCE_MATRIX>
		<ROI_SIZE>10872</ROI_SIZE>
		<MAX_VALUE>[0.06820369511842728, 0.09539543837308884, 0.10966689884662628, 0.08960169553756714, 0.07461905479431152, 0.06439926475286484]</MAX_VALUE>
		<MIN_VALUE>[0.0493268184363842, 0.06583547592163086, 0.07367607206106186, 0.027304712682962418, 0.0033152711112052202, 0.009999997913837433]</MIN_VALUE>
		<SIGNATURE_THRESHOLD_MD>0.0</SIGNATURE_THRESHOLD_MD>
		<SIGNATURE_THRESHOLD_ML>0.0</SIGNATURE_THRESHOLD_ML>
		<SIGNATURE_THRESHOLD_SAM>0.0</SIGNATURE_THRESHOLD_SAM>
	</signature>
	<signature ID="20180511_174347520000_475">
		<MACROCLASSID>1</MACROCLASSID>
		<MACROCLASSINFO>water</MACROCLASSINFO>
		<CLASSID>86</CLASSID>
		<CLASSINFO>C 1</CLASSINFO>
		<VALUES>[0.053576153981221196, 0.0050645443577818925, 0.06907726548515356, 0.007363156975066396, 0.09176136853245943, 0.011222180760081276, 0.14174057243319302, 0.016820024476918966, 0.19427859376777298, 0.017364425827979264, 0.14896955379805008, 0.016123385936216497]</VALUES>
		<LCS_MIN>[0.043034523725509644, 0.055982161313295364, 0.07090754806995392, 0.09998451918363571, 0.16374878585338593, 0.11239861696958542]</LCS_MIN>
		<LCS_MAX>[0.06663061678409576, 0.08554211258888245, 0.1179724708199501, 0.16228148341178894, 0.23282428085803986, 0.18279767036437988]</LCS_MAX>
		<WAVELENGTH>[0.485, 0.56, 0.66, 0.83, 1.65, 2.215]</WAVELENGTH>
		<MEAN_VALUE>[0.053576153981221196, 0.06907726548515356, 0.09176136853245943, 0.14174057243319302, 0.19427859376777298, 0.14896955379805008]</MEAN_VALUE>
		<CHECKBOX>2</CHECKBOX>
		<SD>[0.0050645443577818925, 0.007363156975066396, 0.011222180760081276, 0.016820024476918966, 0.017364425827979264, 0.016123385936216497]</SD>
		<WAVELENGTH_UNIT>E-6m</WAVELENGTH_UNIT>
		<COLOR>#8c385d</COLOR>
		<COVARIANCE_MATRIX>[[2.5987104414465877e-05, 3.050380022553732e-05, 4.1330212572185215e-05, -2.052409671330603e-05, 5.1476943284966684e-05, 5.940223734801182e-05], [3.050380022553732e-05, 5.492945012156733e-05, 7.855109030765513e-05, -2.3323065371785618e-05, 7.989726753037155e-05, 9.630930824044504e-05], [4.1330212572185215e-05, 7.855109030765513e-05, 0.0001275944112884115, -3.904066239209884e-05, 0.00011455138015112252, 0.00013981484598581147], [-2.052409671330603e-05, -2.3323065371785618e-05, -3.904066239209884e-05, 0.000286635765817366, 6.499171120347957e-05, 4.059432277212248e-06], [5.1476943284966684e-05, 7.989726753037155e-05, 0.00011455138015112252, 6.499171120347957e-05, 0.00030549069597138545, 0.0002564890597996742], [5.940223734801182e-05, 9.630930824044504e-05, 0.00013981484598581147, 4.059432277212248e-06, 0.0002564890597996742, 0.00026338414739092344]]</COVARIANCE_MATRIX>
		<ROI_SIZE>77</ROI_SIZE>
		<MAX_VALUE>[0.06663061678409576, 0.08554211258888245, 0.1179724708199501, 0.16228148341178894, 0.23282428085803986, 0.18279767036437988]</MAX_VALUE>
		<MIN_VALUE>[0.043034523725509644, 0.055982161313295364, 0.07090754806995392, 0.09998451918363571, 0.16374878585338593, 0.11239861696958542]</MIN_VALUE>
		<SIGNATURE_THRESHOLD_MD>0.0</SIGNATURE_THRESHOLD_MD>
		<SIGNATURE_THRESHOLD_ML>0.0</SIGNATURE_THRESHOLD_ML>
		<SIGNATURE_THRESHOLD_SAM>0.0</SIGNATURE_THRESHOLD_SAM>
	</signature>
	<signature ID="20180511_171604675000_755">
		<MACROCLASSID>3</MACROCLASSID>
		<MACROCLASSINFO>barren</MACROCLASSINFO>
		<CLASSID>37</CLASSID>
		<CLASSINFO>C 1</CLASSINFO>
		<VALUES>[0.06474151046900394, 0.0049919362510140106, 0.08789237913240426, 0.008123758459636119, 0.1137353136092761, 0.01259207169318658, 0.19603155092514937, 0.02109039489023213, 0.26553370034990675, 0.020767879031375426, 0.19713608019104398, 0.022897529723071897]</VALUES>
		<LCS_MIN>[0.052472952753305435, 0.06583547592163086, 0.08475016802549362, 0.14497677981853485, 0.23059605062007904, 0.15079809725284576]</LCS_MIN>
		<LCS_MAX>[0.0807882770895958, 0.11510207504034042, 0.15673181414604187, 0.24188318848609924, 0.3241822123527527, 0.24679680168628693]</LCS_MAX>
		<WAVELENGTH>[0.485, 0.56, 0.66, 0.83, 1.65, 2.215]</WAVELENGTH>
		<MEAN_VALUE>[0.06474151046900394, 0.08789237913240426, 0.1137353136092761, 0.19603155092514937, 0.26553370034990675, 0.19713608019104398]</MEAN_VALUE>
		<CHECKBOX>2</CHECKBOX>
		<SD>[0.0049919362510140106, 0.008123758459636119, 0.01259207169318658, 0.02109039489023213, 0.020767879031375426, 0.022897529723071897]</SD>
		<WAVELENGTH_UNIT>E-6m</WAVELENGTH_UNIT>
		<COLOR>#e2e60e</COLOR>
		<COVARIANCE_MATRIX>[[2.4975806329513986e-05, 3.320558521281972e-05, 4.531255593323386e-05, 2.9646910453653492e-05, 7.389027699584763e-05, 9.204042549676427e-05], [3.320558521281972e-05, 6.614476248677772e-05, 9.436943040869004e-05, 4.587313735763193e-05, 0.00011814969365327564, 0.00013386261901091002], [4.531255593323386e-05, 9.436943040869004e-05, 0.000158919003167813, 3.0059853606051648e-05, 0.00016369580149746776, 0.00019281689406504797], [2.9646910453653492e-05, 4.587313735763193e-05, 3.0059853606051648e-05, 0.0004458111022291558, 0.00019071473719520481, 0.0001110716539455833], [7.389027699584763e-05, 0.00011814969365327564, 0.00016369580149746776, 0.00019071473719520481, 0.00043228060217555806, 0.0004189810718209224], [9.204042549676427e-05, 0.00013386261901091002, 0.00019281689406504797, 0.0001110716539455833, 0.0004189810718209224, 0.0005254830594266967]]</COVARIANCE_MATRIX>
		<ROI_SIZE>443</ROI_SIZE>
		<MAX_VALUE>[0.0807882770895958, 0.11510207504034042, 0.15673181414604187, 0.24188318848609924, 0.3241822123527527, 0.24679680168628693]</MAX_VALUE>
		<MIN_VALUE>[0.052472952753305435, 0.06583547592163086, 0.08475016802549362, 0.14497677981853485, 0.23059605062007904, 0.15079809725284576]</MIN_VALUE>
		<SIGNATURE_THRESHOLD_MD>0.0</SIGNATURE_THRESHOLD_MD>
		<SIGNATURE_THRESHOLD_ML>0.0</SIGNATURE_THRESHOLD_ML>
		<SIGNATURE_THRESHOLD_SAM>0.0</SIGNATURE_THRESHOLD_SAM>
	</signature>
	<signature ID="20180511_171718765000_394">
		<MACROCLASSID>3</MACROCLASSID>
		<MACROCLASSINFO>barren</MACROCLASSINFO>
		<CLASSID>39</CLASSID>
		<CLASSINFO>C 1</CLASSINFO>
		<VALUES>[0.060698124560269906, 0.004276090768350433, 0.08377760173158441, 0.007149202449056994, 0.11399639603939461, 0.011340090642413167, 0.1799175738495715, 0.014749078568659708, 0.2681680297122356, 0.01883337174750415, 0.2020484774987749, 0.01575788002079085]</VALUES>
		<LCS_MIN>[0.052472952753305435, 0.07240436971187592, 0.09305573999881744, 0.1484377235174179, 0.23728080093860626, 0.17319779098033905]</LCS_MIN>
		<LCS_MAX>[0.07449597120285034, 0.10524876415729523, 0.14288921654224396, 0.21765662729740143, 0.3085845708847046, 0.2403968870639801]</LCS_MAX>
		<WAVELENGTH>[0.485, 0.56, 0.66, 0.83, 1.65, 2.215]</WAVELENGTH>
		<MEAN_VALUE>[0.060698124560269906, 0.08377760173158441, 0.11399639603939461, 0.1799175738495715, 0.2681680297122356, 0.2020484774987749]</MEAN_VALUE>
		<CHECKBOX>2</CHECKBOX>
		<SD>[0.004276090768350433, 0.007149202449056994, 0.011340090642413167, 0.014749078568659708, 0.01883337174750415, 0.01575788002079085]</SD>
		<WAVELENGTH_UNIT>E-6m</WAVELENGTH_UNIT>
		<COLOR>#c409b0</COLOR>
		<COVARIANCE_MATRIX>[[1.8382732752536376e-05, 2.4205986344371907e-05, 3.490491528489875e-05, 4.049416132995937e-05, 4.789075757407947e-05, 4.030550634777409e-05], [2.4205986344371907e-05, 5.138441702475544e-05, 7.497862462944067e-05, 7.32896440381568e-05, 0.00010844851328121904, 8.085510159762052e-05], [3.490491528489875e-05, 7.497862462944067e-05, 0.0001292853437769602, 9.186404770324766e-05, 0.0001800098254524129, 0.00012319015172707238], [4.049416132995937e-05, 7.32896440381568e-05, 9.186404770324766e-05, 0.0002186986090984249, 0.00015161729268685129, 0.00012684061266276045], [4.789075757407947e-05, 0.00010844851328121904, 0.0001800098254524129, 0.00015161729268685129, 0.00035659266085230547, 0.0002550663844394234], [4.030550634777409e-05, 8.085510159762052e-05, 0.00012319015172707238, 0.00012684061266276045, 0.0002550663844394234, 0.0002496386478980333]]</COVARIANCE_MATRIX>
		<ROI_SIZE>188</ROI_SIZE>
		<MAX_VALUE>[0.07449597120285034, 0.10524876415729523, 0.14288921654224396, 0.21765662729740143, 0.3085845708847046, 0.2403968870639801]</MAX_VALUE>
		<MIN_VALUE>[0.052472952753305435, 0.07240436971187592, 0.09305573999881744, 0.1484377235174179, 0.23728080093860626, 0.17319779098033905]</MIN_VALUE>
		<SIGNATURE_THRESHOLD_MD>0.0</SIGNATURE_THRESHOLD_MD>
		<SIGNATURE_THRESHOLD_ML>0.0</SIGNATURE_THRESHOLD_ML>
		<SIGNATURE_THRESHOLD_SAM>0.0</SIGNATURE_THRESHOLD_SAM>
	</signature>
	<signature ID="20180511_175352006000_739">
		<MACROCLASSID>3</MACROCLASSID>
		<MACROCLASSINFO>barren</MACROCLASSINFO>
		<CLASSID>100</CLASSID>
		<CLASSINFO>C 1</CLASSINFO>
		<VALUES>[0.06038787113282626, 0.0023352211370628487, 0.08693864865331198, 0.004429987504739479, 0.1208935906802575, 0.00788668891385644, 0.19394776072558453, 0.01672027299269579, 0.28421424528745215, 0.01570074429816527, 0.22023969325493645, 0.014430233051946042]</VALUES>
		<LCS_MIN>[0.05404603108763695, 0.07568879425525665, 0.10136131942272186, 0.15535959601402283, 0.2617914378643036, 0.19559749960899353]</LCS_MIN>
		<LCS_MAX>[0.06505753844976425, 0.09867985546588898, 0.14288921654224396, 0.23496131598949432, 0.3264104723930359, 0.25319674611091614]</LCS_MAX>
		<WAVELENGTH>[0.485, 0.56, 0.66, 0.83, 1.65, 2.215]</WAVELENGTH>
		<MEAN_VALUE>[0.06038787113282626, 0.08693864865331198, 0.1208935906802575, 0.19394776072558453, 0.28421424528745215, 0.22023969325493645]</MEAN_VALUE>
		<CHECKBOX>2</CHECKBOX>
		<SD>[0.0023352211370628487, 0.004429987504739479, 0.00788668891385644, 0.01672027299269579, 0.01570074429816527, 0.014430233051946042]</SD>
		<WAVELENGTH_UNIT>E-6m</WAVELENGTH_UNIT>
		<COLOR>#4ecc07</COLOR>
		<COVARIANCE_MATRIX>[[5.4965375824691055e-06, 7.55723513116724e-06, 1.2020719659031918e-05, 1.535649678777236e-05, 2.07180926910864e-05, 2.002305862572671e-05], [7.55723513116724e-06, 1.9780541588117347e-05, 2.9157217291628334e-05, 3.048604988115864e-05, 4.917346064119274e-05, 4.622406807021744e-05], [1.2020719659031918e-05, 2.9157217291628334e-05, 6.269351172254889e-05, 1.6194065335749328e-05, 8.29654217522133e-05, 9.33794000446707e-05], [1.535649678777236e-05, 3.048604988115864e-05, 1.6194065335749328e-05, 0.0002817863188625759, 0.00011756268691746387, 3.829492410632556e-05], [2.07180926910864e-05, 4.917346064119274e-05, 8.29654217522133e-05, 0.00011756268691746387, 0.00024846982684586453, 0.00018778632308088928], [2.002305862572671e-05, 4.622406807021744e-05, 9.33794000446707e-05, 3.829492410632556e-05, 0.00018778632308088928, 0.00020988425788532895]]</COVARIANCE_MATRIX>
		<ROI_SIZE>127</ROI_SIZE>
		<MAX_VALUE>[0.06505753844976425, 0.09867985546588898, 0.14288921654224396, 0.23496131598949432, 0.3264104723930359, 0.25319674611091614]</MAX_VALUE>
		<MIN_VALUE>[0.05404603108763695, 0.07568879425525665, 0.10136131942272186, 0.15535959601402283, 0.2617914378643036, 0.19559749960899353]</MIN_VALUE>
		<SIGNATURE_THRESHOLD_MD>0.0</SIGNATURE_THRESHOLD_MD>
		<SIGNATURE_THRESHOLD_ML>0.0</SIGNATURE_THRESHOLD_ML>
		<SIGNATURE_THRESHOLD_SAM>0.0</SIGNATURE_THRESHOLD_SAM>
	</signature>
	<signature ID="20180511_173644611000_158">
		<MACROCLASSID>3</MACROCLASSID>
		<MACROCLASSINFO>barren</MACROCLASSINFO>
		<CLASSID>70</CLASSID>
		<CLASSINFO>C 1</CLASSINFO>
		<VALUES>[0.05607672722050639, 0.002374774046748993, 0.07343945719979028, 0.0034267824293192518, 0.09458262784914538, 0.005317997270972359, 0.19363973754825017, 0.009462446682274474, 0.2622641195853553, 0.010556772149299124, 0.1882085067756249, 0.012288374063356781]</VALUES>
		<LCS_MIN>[0.0493268184363842, 0.06255104392766953, 0.08198164403438568, 0.16920338571071625, 0.23505255579948425, 0.1603979617357254]</LCS_MIN>
		<LCS_MAX>[0.060338329523801804, 0.08225768059492111, 0.10689836740493774, 0.21765662729740143, 0.28184565901756287, 0.214797243475914]</LCS_MAX>
		<WAVELENGTH>[0.485, 0.56, 0.66, 0.83, 1.65, 2.215]</WAVELENGTH>
		<MEAN_VALUE>[0.05607672722050639, 0.07343945719979028, 0.09458262784914538, 0.19363973754825017, 0.2622641195853553, 0.1882085067756249]</MEAN_VALUE>
		<CHECKBOX>2</CHECKBOX>
		<SD>[0.002374774046748993, 0.0034267824293192518, 0.005317997270972359, 0.009462446682274474, 0.010556772149299124, 0.012288374063356781]</SD>
		<WAVELENGTH_UNIT>E-6m</WAVELENGTH_UNIT>
		<COLOR>#638266</COLOR>
		<COVARIANCE_MATRIX>[[5.673939283924252e-06, 4.2490357478867966e-06, 6.599758866602243e-06, -2.4535570923615233e-06, 7.006497979363647e-06, 1.3285363650690331e-05], [4.2490357478867966e-06, 1.1814440487512433e-05, 1.4710829786092819e-05, -1.1194934660154317e-06, 2.1731080241351272e-05, 3.0381273016573314e-05], [6.599758866602243e-06, 1.4710829786092819e-05, 2.8453540675130837e-05, -7.274791980976285e-06, 3.5836197102722016e-05, 5.121715841011685e-05], [-2.4535570923615233e-06, -1.1194934660154317e-06, -7.274791980976285e-06, 9.008386000278293e-05, 8.129347103934204e-06, -3.436645305753891e-05], [7.006497979363647e-06, 2.1731080241351272e-05, 3.5836197102722016e-05, 8.129347103934204e-06, 0.00011212498356717024, 0.00010212036659188263], [1.3285363650690331e-05, 3.0381273016573314e-05, 5.121715841011685e-05, -3.436645305753891e-05, 0.00010212036659188263, 0.00015192489405464418]]</COVARIANCE_MATRIX>
		<ROI_SIZE>165</ROI_SIZE>
		<MAX_VALUE>[0.060338329523801804, 0.08225768059492111, 0.10689836740493774, 0.21765662729740143, 0.28184565901756287, 0.214797243475914]</MAX_VALUE>
		<MIN_VALUE>[0.0493268184363842, 0.06255104392766953, 0.08198164403438568, 0.16920338571071625, 0.23505255579948425, 0.1603979617357254]</MIN_VALUE>
		<SIGNATURE_THRESHOLD_MD>0.0</SIGNATURE_THRESHOLD_MD>
		<SIGNATURE_THRESHOLD_ML>0.0</SIGNATURE_THRESHOLD_ML>
		<SIGNATURE_THRESHOLD_SAM>0.0</SIGNATURE_THRESHOLD_SAM>
	</signature>
	<signature ID="20180511_172953794000_672">
		<MACROCLASSID>3</MACROCLASSID>
		<MACROCLASSINFO>barren</MACROCLASSINFO>
		<CLASSID>61</CLASSID>
		<CLASSINFO>C 1</CLASSINFO>
		<VALUES>[0.06437450026472406, 0.0036537307088153987, 0.07769115331272283, 0.00471695870970976, 0.09539927640243577, 0.006630143962784548, 0.14110598435396687, 0.010774664766658119, 0.1935857246188742, 0.012142213845515127, 0.15412437118459163, 0.013554157397960787]</VALUES>
		<LCS_MIN>[0.05561910569667816, 0.06583547592163086, 0.07921312004327774, 0.11382828652858734, 0.16597703099250793, 0.1315983533859253]</LCS_MIN>
		<LCS_MAX>[0.07449597120285034, 0.08882655948400497, 0.11520394682884216, 0.165742427110672, 0.219454824924469, 0.1891975849866867]</LCS_MAX>
		<WAVELENGTH>[0.485, 0.56, 0.66, 0.83, 1.65, 2.215]</WAVELENGTH>
		<MEAN_VALUE>[0.06437450026472406, 0.07769115331272283, 0.09539927640243577, 0.14110598435396687, 0.1935857246188742, 0.15412437118459163]</MEAN_VALUE>
		<CHECKBOX>2</CHECKBOX>
		<SD>[0.0036537307088153987, 0.00471695870970976, 0.006630143962784548, 0.010774664766658119, 0.012142213845515127, 0.013554157397960787]</SD>
		<WAVELENGTH_UNIT>E-6m</WAVELENGTH_UNIT>
		<COLOR>#088e02</COLOR>
		<COVARIANCE_MATRIX>[[1.3408557555503397e-05, 1.3550663901671324e-05, 1.918165089915448e-05, 1.3821287170719828e-05, 2.6877950274367804e-05, 3.505693395428512e-05], [1.3550663901671324e-05, 2.2347715766327513e-05, 2.6691806616316572e-05, 2.2056493922615366e-05, 3.4198511976790966e-05, 4.39159751059658e-05], [1.918165089915448e-05, 2.6691806616316572e-05, 4.415246010807323e-05, 1.987487552577356e-05, 4.863583409987657e-05, 6.768793431085175e-05], [1.3821287170719828e-05, 2.2056493922615366e-05, 1.987487552577356e-05, 0.00011660482550714079, 7.900506565280244e-05, 6.118331287445655e-05], [2.6877950274367804e-05, 3.4198511976790966e-05, 4.863583409987657e-05, 7.900506565280244e-05, 0.00014808284322471372, 0.0001467043748812178], [3.505693395428512e-05, 4.39159751059658e-05, 6.768793431085175e-05, 6.118331287445655e-05, 0.0001467043748812178, 0.00018452450075446031]]</COVARIANCE_MATRIX>
		<ROI_SIZE>228</ROI_SIZE>
		<MAX_VALUE>[0.07449597120285034, 0.08882655948400497, 0.11520394682884216, 0.165742427110672, 0.219454824924469, 0.1891975849866867]</MAX_VALUE>
		<MIN_VALUE>[0.05561910569667816, 0.06583547592163086, 0.07921312004327774, 0.11382828652858734, 0.16597703099250793, 0.1315983533859253]</MIN_VALUE>
		<SIGNATURE_THRESHOLD_MD>0.0</SIGNATURE_THRESHOLD_MD>
		<SIGNATURE_THRESHOLD_ML>0.0</SIGNATURE_THRESHOLD_ML>
		<SIGNATURE_THRESHOLD_SAM>0.0</SIGNATURE_THRESHOLD_SAM>
	</signature>
	<signature ID="20180511_173414713000_590">
		<MACROCLASSID>3</MACROCLASSID>
		<MACROCLASSINFO>barren</MACROCLASSINFO>
		<CLASSID>64</CLASSID>
		<CLASSINFO>C 1</CLASSINFO>
		<VALUES>[0.06467783772226036, 0.004461872465884632, 0.09245076313101014, 0.008243643381770083, 0.12532338166031345, 0.01737750551991635, 0.21001864866963754, 0.010691694199409943, 0.29936423075610186, 0.020318994234394122, 0.2088387038173347, 0.019649174553691005]</VALUES>
		<LCS_MIN>[0.057192180305719376, 0.07897322624921799, 0.1041298359632492, 0.19342997670173645, 0.2617914378643036, 0.17959772050380707]</LCS_MIN>
		<LCS_MAX>[0.07292291522026062, 0.10853318125009537, 0.1650373935699463, 0.23842227458953857, 0.3308669626712799, 0.24679680168628693]</LCS_MAX>
		<WAVELENGTH>[0.485, 0.56, 0.66, 0.83, 1.65, 2.215]</WAVELENGTH>
		<MEAN_VALUE>[0.06467783772226036, 0.09245076313101014, 0.12532338166031345, 0.21001864866963754, 0.29936423075610186, 0.2088387038173347]</MEAN_VALUE>
		<CHECKBOX>2</CHECKBOX>
		<SD>[0.004461872465884632, 0.008243643381770083, 0.01737750551991635, 0.010691694199409943, 0.020318994234394122, 0.019649174553691005]</SD>
		<WAVELENGTH_UNIT>E-6m</WAVELENGTH_UNIT>
		<COLOR>#cdc531</COLOR>
		<COVARIANCE_MATRIX>[[2.0619316826884386e-05, 3.1871713144645815e-05, 5.717405885206045e-05, 3.413429771331887e-05, 6.785474892410697e-05, 5.7163020133361586e-05], [3.1871713144645815e-05, 7.038471535600892e-05, 0.00013608224424228266, 5.4246495116756014e-05, 0.00015510402775864598, 9.18077633218618e-05], [5.717405885206045e-05, 0.00013608224424228266, 0.0003127626158838206, 7.90255285949286e-05, 0.00028985672177309004, 0.00010674639529702505], [3.413429771331887e-05, 5.4246495116756014e-05, 7.90255285949286e-05, 0.00011839490788418522, 0.00014932630682114428, 0.000161308662279467], [6.785474892410697e-05, 0.00015510402775864598, 0.00028985672177309004, 0.00014932630682114428, 0.00042760658122224733, 0.0003036866210218922], [5.7163020133361586e-05, 9.18077633218618e-05, 0.00010674639529702505, 0.000161308662279467, 0.0003036866210218922, 0.0003998789913786115]]</COVARIANCE_MATRIX>
		<ROI_SIZE>29</ROI_SIZE>
		<MAX_VALUE>[0.07292291522026062, 0.10853318125009537, 0.1650373935699463, 0.23842227458953857, 0.3308669626712799, 0.24679680168628693]</MAX_VALUE>
		<MIN_VALUE>[0.057192180305719376, 0.07897322624921799, 0.1041298359632492, 0.19342997670173645, 0.2617914378643036, 0.17959772050380707]</MIN_VALUE>
		<SIGNATURE_THRESHOLD_MD>0.0</SIGNATURE_THRESHOLD_MD>
		<SIGNATURE_THRESHOLD_ML>0.0</SIGNATURE_THRESHOLD_ML>
		<SIGNATURE_THRESHOLD_SAM>0.0</SIGNATURE_THRESHOLD_SAM>
	</signature>
	<signature ID="20180511_171120575000_721">
		<MACROCLASSID>3</MACROCLASSID>
		<MACROCLASSINFO>barren</MACROCLASSINFO>
		<CLASSID>28</CLASSID>
		<CLASSINFO>C 1</CLASSINFO>
		<VALUES>[0.07051960399581324, 0.005434371479920136, 0.09530419642450634, 0.0076566266072418555, 0.12558591434801067, 0.010249535256524046, 0.19753184100544008, 0.01287363215742327, 0.2714265440073278, 0.01719806306344423, 0.22039717118497248, 0.017100428844192227]</VALUES>
		<LCS_MIN>[0.05876525491476059, 0.07897322624921799, 0.10136131942272186, 0.1726643294095993, 0.2417372763156891, 0.19879746437072754]</LCS_MIN>
		<LCS_MAX>[0.08393442630767822, 0.11181763559579849, 0.14842623472213745, 0.22457848489284515, 0.31972575187683105, 0.2691965103149414]</LCS_MAX>
		<WAVELENGTH>[0.485, 0.56, 0.66, 0.83, 1.65, 2.215]</WAVELENGTH>
		<MEAN_VALUE>[0.07051960399581324, 0.09530419642450634, 0.12558591434801067, 0.19753184100544008, 0.2714265440073278, 0.22039717118497248]</MEAN_VALUE>
		<CHECKBOX>2</CHECKBOX>
		<SD>[0.005434371479920136, 0.0076566266072418555, 0.010249535256524046, 0.01287363215742327, 0.01719806306344423, 0.017100428844192227]</SD>
		<WAVELENGTH_UNIT>E-6m</WAVELENGTH_UNIT>
		<COLOR>#934e2f</COLOR>
		<COVARIANCE_MATRIX>[[2.9808397058234446e-05, 3.681446428807808e-05, 4.66747736050723e-05, 5.498025214186766e-05, 5.9570894464482103e-05, 6.55212511897035e-05], [3.681446428807808e-05, 5.9171818208356916e-05, 7.489019676604455e-05, 8.55790409425461e-05, 9.725925509008038e-05, 0.00010119616668832883], [4.66747736050723e-05, 7.489019676604455e-05, 0.00010603477646047478, 0.00011121950719949979, 0.00013074420174745475, 0.00013655114353180165], [5.498025214186766e-05, 8.55790409425461e-05, 0.00011121950719949979, 0.0001672792872136578, 0.00017719311219027158, 0.00016995272901320347], [5.9570894464482103e-05, 9.725925509008038e-05, 0.00013074420174745475, 0.00017719311219027158, 0.000298537610266301, 0.0002832620228279699], [6.55212511897035e-05, 0.00010119616668832883, 0.00013655114353180165, 0.00016995272901320347, 0.0002832620228279699, 0.00029515760746514404]]</COVARIANCE_MATRIX>
		<ROI_SIZE>108</ROI_SIZE>
		<MAX_VALUE>[0.08393442630767822, 0.11181763559579849, 0.14842623472213745, 0.22457848489284515, 0.31972575187683105, 0.2691965103149414]</MAX_VALUE>
		<MIN_VALUE>[0.05876525491476059, 0.07897322624921799, 0.10136131942272186, 0.1726643294095993, 0.2417372763156891, 0.19879746437072754]</MIN_VALUE>
		<SIGNATURE_THRESHOLD_MD>0.0</SIGNATURE_THRESHOLD_MD>
		<SIGNATURE_THRESHOLD_ML>0.0</SIGNATURE_THRESHOLD_ML>
		<SIGNATURE_THRESHOLD_SAM>0.0</SIGNATURE_THRESHOLD_SAM>
	</signature>
	<signature ID="20180511_173945072000_263">
		<MACROCLASSID>1</MACROCLASSID>
		<MACROCLASSINFO>water</MACROCLASSINFO>
		<CLASSID>75</CLASSID>
		<CLASSINFO>C 1</CLASSINFO>
		<VALUES>[0.061137971551850016, 0.0038176360753726614, 0.08796123076612387, 0.005013420270314835, 0.1073899601896604, 0.013302854198397659, 0.042226703783783834, 0.013964322820970128, 0.02168256362589697, 0.009097624815863568, 0.021843941519275746, 0.007652153456395711]</VALUES>
		<LCS_MIN>[0.05089988559484482, 0.06583547592163086, 0.08198164403438568, 0.02384376712143421, 0.007771756965667009, 0.009999997913837433]</LCS_MIN>
		<LCS_MAX>[0.07449597120285034, 0.10524876415729523, 0.13735215365886688, 0.07575792074203491, 0.06347782909870148, 0.057999350130558014]</LCS_MAX>
		<WAVELENGTH>[0.485, 0.56, 0.66, 0.83, 1.65, 2.215]</WAVELENGTH>
		<MEAN_VALUE>[0.061137971551850016, 0.08796123076612387, 0.1073899601896604, 0.042226703783783834, 0.02168256362589697, 0.021843941519275746]</MEAN_VALUE>
		<CHECKBOX>2</CHECKBOX>
		<SD>[0.0038176360753726614, 0.005013420270314835, 0.013302854198397659, 0.013964322820970128, 0.009097624815863568, 0.007652153456395711]</SD>
		<WAVELENGTH_UNIT>E-6m</WAVELENGTH_UNIT>
		<COLOR>#0d723a</COLOR>
		<COVARIANCE_MATRIX>[[1.6516393557271068e-05, 1.6426251567321745e-05, 2.8073636943248226e-05, -1.997931103168977e-06, 1.147957916090129e-06, 1.893614891465005e-06], [1.6426251567321745e-05, 2.553859984943922e-05, 3.5407848956786694e-05, -8.458532463357881e-06, -3.7892419186451815e-06, -2.0734487846748873e-06], [2.8073636943248226e-05, 3.5407848956786694e-05, 0.00016910920664814353, 0.00010694020911196767, -2.6961614125731966e-05, -1.6140359802113018e-05], [-1.997931103168977e-06, -8.458532463357881e-06, 0.00010694020911196767, 0.00018599081723199082, 1.860336287411015e-05, 1.7419100802829778e-05], [1.147957916090129e-06, -3.7892419186451815e-06, -2.6961614125731966e-05, 1.860336287411015e-05, 7.415776695666066e-05, 5.434805446102044e-05], [1.893614891465005e-06, -2.0734487846748873e-06, -1.6140359802113018e-05, 1.7419100802829778e-05, 5.434805446102044e-05, 5.209808296159697e-05]]</COVARIANCE_MATRIX>
		<ROI_SIZE>11739</ROI_SIZE>
		<MAX_VALUE>[0.07449597120285034, 0.10524876415729523, 0.13735215365886688, 0.07575792074203491, 0.06347782909870148, 0.057999350130558014]</MAX_VALUE>
		<MIN_VALUE>[0.05089988559484482, 0.06583547592163086, 0.08198164403438568, 0.02384376712143421, 0.007771756965667009, 0.009999997913837433]</MIN_VALUE>
		<SIGNATURE_THRESHOLD_MD>0.0</SIGNATURE_THRESHOLD_MD>
		<SIGNATURE_THRESHOLD_ML>0.0</SIGNATURE_THRESHOLD_ML>
		<SIGNATURE_THRESHOLD_SAM>0.0</SIGNATURE_THRESHOLD_SAM>
	</signature>
	<signature ID="20180511_173915552000_241">
		<MACROCLASSID>1</MACROCLASSID>
		<MACROCLASSINFO>water</MACROCLASSINFO>
		<CLASSID>73</CLASSID>
		<CLASSINFO>C 1</CLASSINFO>
		<VALUES>[0.0711833271548192, 0.005058295080389674, 0.10572906580434532, 0.008613091929011751, 0.10964761478281632, 0.008745673857871977, 0.05824593036931037, 0.015649538904962044, 0.03389930198212937, 0.01343986139767684, 0.028861025794510383, 0.00947121454000351]</VALUES>
		<LCS_MIN>[0.052472952753305435, 0.07568879425525665, 0.07090754806995392, 0.027304712682962418, 0.014456484466791153, 0.013199955224990845]</LCS_MIN>
		<LCS_MAX>[0.08393442630767822, 0.12167094647884369, 0.13458362221717834, 0.09652357548475266, 0.0679343119263649, 0.06759922206401825]</LCS_MAX>
		<WAVELENGTH>[0.485, 0.56, 0.66, 0.83, 1.65, 2.215]</WAVELENGTH>
		<MEAN_VALUE>[0.0711833271548192, 0.10572906580434532, 0.10964761478281632, 0.05824593036931037, 0.03389930198212937, 0.028861025794510383]</MEAN_VALUE>
		<CHECKBOX>2</CHECKBOX>
		<SD>[0.005058295080389674, 0.008613091929011751, 0.008745673857871977, 0.015649538904962044, 0.01343986139767684, 0.00947121454000351]</SD>
		<WAVELENGTH_UNIT>E-6m</WAVELENGTH_UNIT>
		<COLOR>#de6006</COLOR>
		<COVARIANCE_MATRIX>[[2.5622034404981305e-05, 3.8552630879586154e-05, 3.4807145688421485e-05, -2.547931402283864e-05, -2.7781667158939588e-05, -1.8604872344594306e-05], [3.8552630879586154e-05, 7.428881889919423e-05, 6.319142034930228e-05, -5.282070101966883e-05, -5.941781331650594e-05, -3.9385430761364875e-05], [3.4807145688421485e-05, 6.319142034930228e-05, 7.659348739455265e-05, -1.0253897813472418e-05, -3.8780665562079555e-05, -2.481713206610193e-05], [-2.547931402283864e-05, -5.282070101966883e-05, -1.0253897813472418e-05, 0.00024524964125443086, 0.00015967023238044013, 0.00010130258355099052], [-2.7781667158939588e-05, -5.941781331650594e-05, -3.8780665562079555e-05, 0.00015967023238044013, 0.0001808817988997663, 0.00011156998071307085], [-1.8604872344594306e-05, -3.9385430761364875e-05, -2.481713206610193e-05, 0.00010130258355099052, 0.00011156998071307085, 8.982901491139706e-05]]</COVARIANCE_MATRIX>
		<ROI_SIZE>718</ROI_SIZE>
		<MAX_VALUE>[0.08393442630767822, 0.12167094647884369, 0.13458362221717834, 0.09652357548475266, 0.0679343119263649, 0.06759922206401825]</MAX_VALUE>
		<MIN_VALUE>[0.052472952753305435, 0.07568879425525665, 0.07090754806995392, 0.027304712682962418, 0.014456484466791153, 0.013199955224990845]</MIN_VALUE>
		<SIGNATURE_THRESHOLD_MD>0.0</SIGNATURE_THRESHOLD_MD>
		<SIGNATURE_THRESHOLD_ML>0.0</SIGNATURE_THRESHOLD_ML>
		<SIGNATURE_THRESHOLD_SAM>0.0</SIGNATURE_THRESHOLD_SAM>
	</signature>
	<signature ID="20180511_174143418000_250">
		<MACROCLASSID>1</MACROCLASSID>
		<MACROCLASSINFO>water</MACROCLASSINFO>
		<CLASSID>81</CLASSID>
		<CLASSINFO>C 1</CLASSINFO>
		<VALUES>[0.06256135082441168, 0.004290791107227402, 0.09117679514303181, 0.00919540691018996, 0.10368223827399181, 0.011838556601378107, 0.08610966013086412, 0.02489461013118461, 0.04931447858515084, 0.021295421612461722, 0.0362798836595284, 0.012261454743054161]</VALUES>
		<LCS_MIN>[0.04775373637676239, 0.06583547592163086, 0.07090754806995392, 0.0446094274520874, 0.016684729605913162, 0.01959986984729767]</LCS_MIN>
		<LCS_MAX>[0.0713498443365097, 0.11181763559579849, 0.12627804279327393, 0.1415158212184906, 0.09690149128437042, 0.07719908654689789]</LCS_MAX>
		<WAVELENGTH>[0.485, 0.56, 0.66, 0.83, 1.65, 2.215]</WAVELENGTH>
		<MEAN_VALUE>[0.06256135082441168, 0.09117679514303181, 0.10368223827399181, 0.08610966013086412, 0.04931447858515084, 0.0362798836595284]</MEAN_VALUE>
		<CHECKBOX>2</CHECKBOX>
		<SD>[0.004290791107227402, 0.00919540691018996, 0.011838556601378107, 0.02489461013118461, 0.021295421612461722, 0.012261454743054161]</SD>
		<WAVELENGTH_UNIT>E-6m</WAVELENGTH_UNIT>
		<COLOR>#baced9</COLOR>
		<COVARIANCE_MATRIX>[[1.8466176278792415e-05, 3.4805170745771197e-05, 4.4679736300804456e-05, -3.6046292592017645e-05, -4.1449995230951886e-05, -2.1999452424912144e-05], [3.4805170745771197e-05, 8.480942868914623e-05, 0.00010206171184969744, -6.645755912501219e-05, -8.34454090704214e-05, -4.493776973630216e-05], [4.4679736300804456e-05, 0.00010206171184969744, 0.00014057229754638735, -8.07822772333588e-05, -0.00010659938619868494, -5.5031106092927936e-05], [-3.6046292592017645e-05, -6.645755912501219e-05, -8.07822772333588e-05, 0.0006216026995103569, 0.0004472841178123876, 0.0002381142521804921], [-4.1449995230951886e-05, -8.34454090704214e-05, -0.00010659938619868494, 0.0004472841178123876, 0.00045485682844425125, 0.00024307828130310557], [-2.1999452424912144e-05, -4.493776973630216e-05, -5.5031106092927936e-05, 0.0002381142521804921, 0.00024307828130310557, 0.00015079475371451183]]</COVARIANCE_MATRIX>
		<ROI_SIZE>334</ROI_SIZE>
		<MAX_VALUE>[0.0713498443365097, 0.11181763559579849, 0.12627804279327393, 0.1415158212184906, 0.09690149128437042, 0.07719908654689789]</MAX_VALUE>
		<MIN_VALUE>[0.04775373637676239, 0.06583547592163086, 0.07090754806995392, 0.0446094274520874, 0.016684729605913162, 0.01959986984729767]</MIN_VALUE>
		<SIGNATURE_THRESHOLD_MD>0.0</SIGNATURE_THRESHOLD_MD>
		<SIGNATURE_THRESHOLD_ML>0.0</SIGNATURE_THRESHOLD_ML>
		<SIGNATURE_THRESHOLD_SAM>0.0</SIGNATURE_THRESHOLD_SAM>
	</signature>
	<signature ID="20180511_172601868000_255">
		<MACROCLASSID>3</MACROCLASSID>
		<MACROCLASSINFO>barren</MACROCLASSINFO>
		<CLASSID>52</CLASSID>
		<CLASSINFO>C 1</CLASSINFO>
		<VALUES>[0.05861363142549275, 0.002509496643817614, 0.08625440344393971, 0.005348459588309034, 0.12207522359957178, 0.010909106868523942, 0.17837696118527144, 0.013219155630552834, 0.24895892732114683, 0.01434753007653218, 0.17554957249078412, 0.012596619886987272]</VALUES>
		<LCS_MIN>[0.052472952753305435, 0.07568879425525665, 0.10136131942272186, 0.15189868211746216, 0.2216830849647522, 0.15079809725284576]</LCS_MIN>
		<LCS_MAX>[0.06348447501659393, 0.1019643023610115, 0.14842623472213745, 0.2072737216949463, 0.27961739897727966, 0.19879746437072754]</LCS_MAX>
		<WAVELENGTH>[0.485, 0.56, 0.66, 0.83, 1.65, 2.215]</WAVELENGTH>
		<MEAN_VALUE>[0.05861363142549275, 0.08625440344393971, 0.12207522359957178, 0.17837696118527144, 0.24895892732114683, 0.17554957249078412]</MEAN_VALUE>
		<CHECKBOX>2</CHECKBOX>
		<SD>[0.002509496643817614, 0.005348459588309034, 0.010909106868523942, 0.013219155630552834, 0.01434753007653218, 0.012596619886987272]</SD>
		<WAVELENGTH_UNIT>E-6m</WAVELENGTH_UNIT>
		<COLOR>#5982cd</COLOR>
		<COVARIANCE_MATRIX>[[6.37437308100665e-06, 9.812561445804987e-06, 1.6881578065142452e-05, 4.1197312180449775e-07, 1.1495644628772671e-05, 1.3375052228900395e-05], [9.812561445804987e-06, 2.895487386982089e-05, 5.093500180388502e-05, -6.613936752849769e-06, 4.2185316714006824e-05, 4.3548978015649895e-05], [1.6881578065142452e-05, 5.093500180388502e-05, 0.00012045993721361862, -2.641094600345009e-05, 8.157764555384639e-05, 8.995313845297975e-05], [4.1197312180449775e-07, -6.613936752849769e-06, -2.641094600345009e-05, 0.00017687712528702986, 3.404377795069259e-05, -1.2113000221913385e-05], [1.1495644628772671e-05, 4.2185316714006824e-05, 8.157764555384639e-05, 3.404377795069259e-05, 0.00020836200489817805, 0.0001579357993129716], [1.3375052228900395e-05, 4.3548978015649895e-05, 8.995313845297975e-05, -1.2113000221913385e-05, 0.0001579357993129716, 0.0001606098915111119]]</COVARIANCE_MATRIX>
		<ROI_SIZE>83</ROI_SIZE>
		<MAX_VALUE>[0.06348447501659393, 0.1019643023610115, 0.14842623472213745, 0.2072737216949463, 0.27961739897727966, 0.19879746437072754]</MAX_VALUE>
		<MIN_VALUE>[0.052472952753305435, 0.07568879425525665, 0.10136131942272186, 0.15189868211746216, 0.2216830849647522, 0.15079809725284576]</MIN_VALUE>
		<SIGNATURE_THRESHOLD_MD>0.0</SIGNATURE_THRESHOLD_MD>
		<SIGNATURE_THRESHOLD_ML>0.0</SIGNATURE_THRESHOLD_ML>
		<SIGNATURE_THRESHOLD_SAM>0.0</SIGNATURE_THRESHOLD_SAM>
	</signature>
	<signature ID="20180511_171102869000_612">
		<MACROCLASSID>3</MACROCLASSID>
		<MACROCLASSINFO>barren</MACROCLASSINFO>
		<CLASSID>26</CLASSID>
		<CLASSINFO>C 1</CLASSINFO>
		<VALUES>[0.05628061452826661, 0.0037030335837612773, 0.07875016140024786, 0.007468211658576017, 0.10881473256458087, 0.013544739960690487, 0.1910243264555585, 0.018339407930333604, 0.2684117875820985, 0.022916975642621094, 0.2021222683046595, 0.022285771304336833]</VALUES>
		<LCS_MIN>[0.04775373637676239, 0.06255104392766953, 0.08198164403438568, 0.13113299012184143, 0.219454824924469, 0.1571980118751526]</LCS_MIN>
		<LCS_MAX>[0.06977677345275879, 0.10524876415729523, 0.151194766163826, 0.2211175411939621, 0.31749749183654785, 0.25319674611091614]</LCS_MAX>
		<WAVELENGTH>[0.485, 0.56, 0.66, 0.83, 1.65, 2.215]</WAVELENGTH>
		<MEAN_VALUE>[0.05628061452826661, 0.07875016140024786, 0.10881473256458087, 0.1910243264555585, 0.2684117875820985, 0.2021222683046595]</MEAN_VALUE>
		<CHECKBOX>2</CHECKBOX>
		<SD>[0.0037030335837612773, 0.007468211658576017, 0.013544739960690487, 0.018339407930333604, 0.022916975642621094, 0.022285771304336833]</SD>
		<WAVELENGTH_UNIT>E-6m</WAVELENGTH_UNIT>
		<COLOR>#d93211</COLOR>
		<COVARIANCE_MATRIX>[[1.3732302089645388e-05, 2.2272467542116015e-05, 3.693050864879064e-05, 1.7902986870078423e-05, 3.705766766115817e-05, 4.433975214550302e-05], [2.2272467542116015e-05, 5.5854900551498056e-05, 9.314828870844411e-05, 3.7841470678192215e-05, 8.450346778805933e-05, 0.00010304477621779227], [3.693050864879064e-05, 9.314828870844411e-05, 0.00018372547985106528, 3.0491561260191633e-05, 0.00016205169848633344, 0.00020536731694120958], [1.7902986870078423e-05, 3.7841470678192215e-05, 3.0491561260191633e-05, 0.0003368206182326291, 0.00018492859145887366, 7.282438810253326e-05], [3.705766766115817e-05, 8.450346778805933e-05, 0.00016205169848633344, 0.00018492859145887366, 0.0005259478127963913, 0.00044828709926258335], [4.433975214550302e-05, 0.00010304477621779227, 0.00020536731694120958, 7.282438810253326e-05, 0.00044828709926258335, 0.0004973743516923421]]</COVARIANCE_MATRIX>
		<ROI_SIZE>692</ROI_SIZE>
		<MAX_VALUE>[0.06977677345275879, 0.10524876415729523, 0.151194766163826, 0.2211175411939621, 0.31749749183654785, 0.25319674611091614]</MAX_VALUE>
		<MIN_VALUE>[0.04775373637676239, 0.06255104392766953, 0.08198164403438568, 0.13113299012184143, 0.219454824924469, 0.1571980118751526]</MIN_VALUE>
		<SIGNATURE_THRESHOLD_MD>0.0</SIGNATURE_THRESHOLD_MD>
		<SIGNATURE_THRESHOLD_ML>0.0</SIGNATURE_THRESHOLD_ML>
		<SIGNATURE_THRESHOLD_SAM>0.0</SIGNATURE_THRESHOLD_SAM>
	</signature>
	<signature ID="20180511_171152944000_664">
		<MACROCLASSID>3</MACROCLASSID>
		<MACROCLASSINFO>barren</MACROCLASSINFO>
		<CLASSID>31</CLASSID>
		<CLASSINFO>C 1</CLASSINFO>
		<VALUES>[0.05312363914298738, 0.00390953248511508, 0.071370507446541, 0.006919508956334473, 0.09402472821318293, 0.011220291115533193, 0.18984711883081637, 0.019898685416023458, 0.24202846649356846, 0.024159877619926072, 0.17117964452640605, 0.02314494757253791]</VALUES>
		<LCS_MIN>[0.04460759460926056, 0.055982161313295364, 0.06813902407884598, 0.1415158212184906, 0.1994006633758545, 0.12839838862419128]</LCS_MIN>
		<LCS_MAX>[0.06977677345275879, 0.1019643023610115, 0.14012067019939423, 0.23150035738945007, 0.29744333028793335, 0.22439710795879364]</LCS_MAX>
		<WAVELENGTH>[0.485, 0.56, 0.66, 0.83, 1.65, 2.215]</WAVELENGTH>
		<MEAN_VALUE>[0.05312363914298738, 0.071370507446541, 0.09402472821318293, 0.18984711883081637, 0.24202846649356846, 0.17117964452640605]</MEAN_VALUE>
		<CHECKBOX>2</CHECKBOX>
		<SD>[0.00390953248511508, 0.006919508956334473, 0.011220291115533193, 0.019898685416023458, 0.024159877619926072, 0.02314494757253791]</SD>
		<WAVELENGTH_UNIT>E-6m</WAVELENGTH_UNIT>
		<COLOR>#1a758a</COLOR>
		<COVARIANCE_MATRIX>[[1.5301832698418263e-05, 2.2280585467804235e-05, 3.3600108867487694e-05, 2.0952404175674647e-05, 5.699792456179641e-05, 5.747638600052322e-05], [2.2280585467804235e-05, 4.793407473626605e-05, 7.061286556328203e-05, 3.936822800419089e-05, 0.00011449206077771417, 0.00011459797507205161], [3.3600108867487694e-05, 7.061286556328203e-05, 0.0001260381578967414, 1.5575451614656373e-05, 0.00020859141281605846, 0.00021618015496373787], [2.0952404175674647e-05, 3.936822800419089e-05, 1.5575451614656373e-05, 0.0003964081450870991, 0.00010412319717429312, 8.62362707372252e-06], [5.699792456179641e-05, 0.00011449206077771417, 0.00020859141281605846, 0.00010412319717429312, 0.0005843637363101567, 0.000521334104864704], [5.747638600052322e-05, 0.00011459797507205161, 0.00021618015496373787, 8.62362707372252e-06, 0.000521334104864704, 0.0005362980277124747]]</COVARIANCE_MATRIX>
		<ROI_SIZE>880</ROI_SIZE>
		<MAX_VALUE>[0.06977677345275879, 0.1019643023610115, 0.14012067019939423, 0.23150035738945007, 0.29744333028793335, 0.22439710795879364]</MAX_VALUE>
		<MIN_VALUE>[0.04460759460926056, 0.055982161313295364, 0.06813902407884598, 0.1415158212184906, 0.1994006633758545, 0.12839838862419128]</MIN_VALUE>
		<SIGNATURE_THRESHOLD_MD>0.0</SIGNATURE_THRESHOLD_MD>
		<SIGNATURE_THRESHOLD_ML>0.0</SIGNATURE_THRESHOLD_ML>
		<SIGNATURE_THRESHOLD_SAM>0.0</SIGNATURE_THRESHOLD_SAM>
	</signature>
	<signature ID="20180510_100953400000_677">
		<MACROCLASSID>2</MACROCLASSID>
		<MACROCLASSINFO>vegetation</MACROCLASSINFO>
		<CLASSID>8</CLASSID>
		<CLASSINFO>C 1</CLASSINFO>
		<VALUES>[0.0288629156316397, 0.0019847768541300863, 0.04043386793156422, 0.002910170813277946, 0.033842461943593395, 0.0025449373323170378, 0.37277746848150783, 0.016560819912857648, 0.1848997850045396, 0.012318939287252173, 0.0815342896000509, 0.007004983616818682]</VALUES>
		<LCS_MIN>[0.0225845817476511, 0.03299107775092125, 0.029379671439528465, 0.349172443151474, 0.1548357754945755, 0.06439926475286484]</LCS_MIN>
