<?xml version="1.0" ?>
<signaturelist MCID_LIST="[['1', 'waterbody', '#0000ff'], ['2', 'vegetation', '#00ff00'], ['3', 'bareland', '#ffaa00'], ['4', 'built-up', '#ff0000']]">
	<signature ID="20200806_104817916999_142">
		<MACROCLASSID>1</MACROCLASSID>
		<MACROCLASSINFO>waterbody</MACROCLASSINFO>
		<CLASSID>1</CLASSID>
		<CLASSINFO>C 1</CLASSINFO>
		<VALUES>[0.10169972568016042, 0.0040139616952520624, 0.09084122072730397, 0.00820153424603358, 0.0668112294846277, 0.007918684048965473, 0.056446908060019625, 0.009353596713189031, 0.036420073410429424, 0.00916478408798634, 0.02930358561255492, 0.0073272892771515125]</VALUES>
		<LCS_MIN>[0.08619603514671326, 0.07151060551404953, 0.050264108926057816, 0.0369449257850647, 0.019231529906392097, 0.013110421597957611]</LCS_MIN>
		<LCS_MAX>[0.11628896743059158, 0.12863008677959442, 0.12489233911037445, 0.1182001382112503, 0.0986715704202652, 0.0854557603597641]</LCS_MAX>
		<WAVELENGTH>[0.485, 0.56, 0.66, 0.83, 1.65, 2.215]</WAVELENGTH>
		<MEAN_VALUE>[0.10169972568016042, 0.09084122072730397, 0.0668112294846277, 0.056446908060019625, 0.036420073410429424, 0.02930358561255492]</MEAN_VALUE>
		<CHECKBOX>2</CHECKBOX>
		<SD>[0.0040139616952520624, 0.00820153424603358, 0.007918684048965473, 0.009353596713189031, 0.00916478408798634, 0.0073272892771515125]</SD>
		<WAVELENGTH_UNIT>E-6m</WAVELENGTH_UNIT>
		<COLOR>#dd8ab5</COLOR>
		<COVARIANCE_MATRIX>[[1.6877888330811154e-05, 2.3637360083622534e-05, 1.7576763789340537e-05, 9.280965348229067e-06, 9.224462335462744e-06, 7.86650725501203e-06], [2.3637360083622534e-05, 5.344133739074631e-05, 4.3169468562855135e-05, 2.6453164269515107e-05, 2.7813269938878622e-05, 2.11673302375524e-05], [1.7576763789340537e-05, 4.3169468562855135e-05, 5.577419177613886e-05, 5.282441637210153e-05, 5.198206131473005e-05, 3.9366493909829914e-05], [9.280965348229067e-06, 2.6453164269515107e-05, 5.282441637210153e-05, 8.422760788893647e-05, 7.202350925941694e-05, 5.390820764470678e-05], [9.224462335462744e-06, 2.7813269938878622e-05, 5.198206131473005e-05, 7.202350925941694e-05, 8.104016739097932e-05, 5.8322583860412026e-05], [7.86650725501203e-06, 2.11673302375524e-05, 3.9366493909829914e-05, 5.390820764470678e-05, 5.8322583860412026e-05, 5.143915282642909e-05]]</COVARIANCE_MATRIX>
		<ROI_SIZE>4011</ROI_SIZE>
		<MAX_VALUE>[0.11628896743059158, 0.12863008677959442, 0.12489233911037445, 0.1182001382112503, 0.0986715704202652, 0.0854557603597641]</MAX_VALUE>
		<MIN_VALUE>[0.08619603514671326, 0.07151060551404953, 0.050264108926057816, 0.0369449257850647, 0.019231529906392097, 0.013110421597957611]</MIN_VALUE>
		<SIGNATURE_THRESHOLD_MD>0</SIGNATURE_THRESHOLD_MD>
		<SIGNATURE_THRESHOLD_ML>0</SIGNATURE_THRESHOLD_ML>
		<SIGNATURE_THRESHOLD_SAM>0</SIGNATURE_THRESHOLD_SAM>
	</signature>
	<signature ID="20200806_104843701672_914">
		<MACROCLASSID>1</MACROCLASSID>
		<MACROCLASSINFO>waterbody</MACROCLASSINFO>
		<CLASSID>2</CLASSID>
		<CLASSINFO>C 1</CLASSINFO>
		<VALUES>[0.08889265951570197, 0.0038343969310725245, 0.07729200898660127, 0.006975163016639446, 0.05572689313492377, 0.0057052591911486315, 0.0636307108120632, 0.015779465420649105, 0.018446255326088314, 0.008800479994317514, 0.01262406200335803, 0.0056133622294234796]</VALUES>
		<LCS_MIN>[0.08072460442781448, 0.06008671224117279, 0.043042026460170746, 0.03995438292622566, 0.005668595898896456, 0.0]</LCS_MIN>
		<LCS_MAX>[0.10124250501394272, 0.10007034987211227, 0.07674509286880493, 0.1182001382112503, 0.08317107707262039, 0.05484810471534729]</LCS_MAX>
		<WAVELENGTH>[0.485, 0.56, 0.66, 0.83, 1.65, 2.215]</WAVELENGTH>
		<MEAN_VALUE>[0.08889265951570197, 0.07729200898660127, 0.05572689313492377, 0.0636307108120632, 0.018446255326088314, 0.01262406200335803]</MEAN_VALUE>
		<CHECKBOX>2</CHECKBOX>
		<SD>[0.0038343969310725245, 0.006975163016639446, 0.0057052591911486315, 0.015779465420649105, 0.008800479994317514, 0.0056133622294234796]</SD>
		<WAVELENGTH_UNIT>E-6m</WAVELENGTH_UNIT>
		<COLOR>#663908</COLOR>
		<COVARIANCE_MATRIX>[[2.13766663587396e-05, 2.9132300983200624e-05, 2.524315067300461e-05, 9.789624513779085e-06, 1.6101935906356938e-05, 1.4561838395745307e-05], [2.9132300983200624e-05, 6.017979706864102e-05, 4.566758266362397e-05, 9.884383776373166e-07, 1.827000810037402e-05, 1.817663876949802e-05], [2.524315067300461e-05, 4.566758266362397e-05, 4.3698047730861256e-05, 2.1903559509809862e-05, 2.69963788196337e-05, 2.333662816715823e-05], [9.789624513779085e-06, 9.884383776373166e-07, 2.1903559509809862e-05, 0.0002614527322907408, 0.00010288769556879731, 5.818249450162701e-05], [1.6101935906356938e-05, 1.827000810037402e-05, 2.69963788196337e-05, 0.00010288769556879731, 9.45366391643657e-05, 5.827091380610322e-05], [1.4561838395745307e-05, 1.817663876949802e-05, 2.333662816715823e-05, 5.818249450162701e-05, 5.827091380610322e-05, 4.54388161996062e-05]]</COVARIANCE_MATRIX>
		<ROI_SIZE>5178</ROI_SIZE>
		<MAX_VALUE>[0.10124250501394272, 0.10007034987211227, 0.07674509286880493, 0.1182001382112503, 0.08317107707262039, 0.05484810471534729]</MAX_VALUE>
		<MIN_VALUE>[0.08072460442781448, 0.06008671224117279, 0.043042026460170746, 0.03995438292622566, 0.005668595898896456, 0.0]</MIN_VALUE>
		<SIGNATURE_THRESHOLD_MD>0</SIGNATURE_THRESHOLD_MD>
		<SIGNATURE_THRESHOLD_ML>0</SIGNATURE_THRESHOLD_ML>
		<SIGNATURE_THRESHOLD_SAM>0</SIGNATURE_THRESHOLD_SAM>
	</signature>
	<signature ID="20200806_104912116882_713">
		<MACROCLASSID>1</MACROCLASSID>
		<MACROCLASSINFO>waterbody</MACROCLASSINFO>
		<CLASSID>3</CLASSID>
		<CLASSINFO>C 1</CLASSINFO>
		<VALUES>[0.09904307938178479, 0.004095290022288107, 0.09352280285657195, 0.006760519242189608, 0.07060416707926251, 0.007522786225908518, 0.058924709533905786, 0.014779230569915425, 0.031125980435306, 0.0077623535700843335, 0.02472509909183016, 0.0053154045869923845]</VALUES>
		<LCS_MIN>[0.08209245651960373, 0.0686546340584755, 0.050264108926057816, 0.04296384006738663, 0.01341884396970272, 0.010327911004424095]</LCS_MIN>
		<LCS_MAX>[0.12039253860712051, 0.14862193167209625, 0.12489233911037445, 0.12120960652828217, 0.09285888075828552, 0.07154317945241928]</LCS_MAX>
		<WAVELENGTH>[0.485, 0.56, 0.66, 0.83, 1.65, 2.215]</WAVELENGTH>
		<MEAN_VALUE>[0.09904307938178479, 0.09352280285657195, 0.07060416707926251, 0.058924709533905786, 0.031125980435306, 0.02472509909183016]</MEAN_VALUE>
		<CHECKBOX>2</CHECKBOX>
		<SD>[0.004095290022288107, 0.006760519242189608, 0.007522786225908518, 0.014779230569915425, 0.0077623535700843335, 0.0053154045869923845]</SD>
		<WAVELENGTH_UNIT>E-6m</WAVELENGTH_UNIT>
		<COLOR>#cd56f9</COLOR>
		<COVARIANCE_MATRIX>[[1.4956251784235658e-05, 1.9498328911103698e-05, 2.0078965660303192e-05, 2.4731373198508277e-06, 6.342649983629982e-06, 6.883776866030307e-06], [1.9498328911103698e-05, 3.677388573677698e-05, 3.544397879441773e-05, 1.2359326368625535e-05, 1.2499667936404196e-05, 1.2020072421062682e-05], [2.0078965660303192e-05, 3.544397879441773e-05, 4.56271665106326e-05, 3.806231305739455e-05, 2.3316892109675105e-05, 1.826101566090776e-05], [2.4731373198508277e-06, 1.2359326368625535e-05, 3.806231305739455e-05, 0.00018094619309504345, 7.456270832649572e-05, 4.2830108620602064e-05], [6.342649983629982e-06, 1.2499667936404196e-05, 2.3316892109675105e-05, 7.456270832649572e-05, 5.247637640861744e-05, 3.163746230996302e-05], [6.883776866030307e-06, 1.2020072421062682e-05, 1.826101566090776e-05, 4.2830108620602064e-05, 3.163746230996302e-05, 2.6595359738361704e-05]]</COVARIANCE_MATRIX>
		<ROI_SIZE>7148</ROI_SIZE>
		<MAX_VALUE>[0.12039253860712051, 0.14862193167209625, 0.12489233911037445, 0.12120960652828217, 0.09285888075828552, 0.07154317945241928]</MAX_VALUE>
		<MIN_VALUE>[0.08209245651960373, 0.0686546340584755, 0.050264108926057816, 0.04296384006738663, 0.01341884396970272, 0.010327911004424095]</MIN_VALUE>
		<SIGNATURE_THRESHOLD_MD>0</SIGNATURE_THRESHOLD_MD>
		<SIGNATURE_THRESHOLD_ML>0</SIGNATURE_THRESHOLD_ML>
		<SIGNATURE_THRESHOLD_SAM>0</SIGNATURE_THRESHOLD_SAM>
	</signature>
	<signature ID="20200806_104929489016_704">
		<MACROCLASSID>1</MACROCLASSID>
		<MACROCLASSINFO>waterbody</MACROCLASSINFO>
		<CLASSID>4</CLASSID>
		<CLASSINFO>C 1</CLASSINFO>
		<VALUES>[0.09880919815326225, 0.004892783742684859, 0.09074958646986767, 0.007137160355106949, 0.07054654691292313, 0.010086221176713263, 0.0632213398776189, 0.016325494741095972, 0.04139816122395651, 0.015124173198264392, 0.031229879764909704, 0.011318288179766258]</VALUES>
		<LCS_MIN>[0.08482817560434341, 0.07151060551404953, 0.050264108926057816, 0.030926022678613663, 0.01729396916925907, 0.007545397151261568]</LCS_MIN>
		<LCS_MAX>[0.11081752926111221, 0.11435024440288544, 0.11044815182685852, 0.1182001382112503, 0.0986715704202652, 0.08267324417829514]</LCS_MAX>
		<WAVELENGTH>[0.485, 0.56, 0.66, 0.83, 1.65, 2.215]</WAVELENGTH>
		<MEAN_VALUE>[0.09880919815326225, 0.09074958646986767, 0.07054654691292313, 0.0632213398776189, 0.04139816122395651, 0.031229879764909704]</MEAN_VALUE>
		<CHECKBOX>2</CHECKBOX>
		<SD>[0.004892783742684859, 0.007137160355106949, 0.010086221176713263, 0.016325494741095972, 0.015124173198264392, 0.011318288179766258]</SD>
		<WAVELENGTH_UNIT>E-6m</WAVELENGTH_UNIT>
		<COLOR>#cfe40f</COLOR>
		<COVARIANCE_MATRIX>[[2.3980115261629628e-05, 2.880529356260467e-05, 2.981439879839954e-05, 1.290306606505094e-05, 7.994912238324976e-06, 1.0344864526815551e-05], [2.880529356260467e-05, 5.10258365681295e-05, 5.9827405872930556e-05, 2.8557246044105786e-05, 1.994060621463991e-05, 1.7170819533959674e-05], [2.981439879839954e-05, 5.9827405872930556e-05, 0.00010190516573056338, 9.02726529064354e-05, 7.1014137685341e-05, 5.3303106117402207e-05], [1.290306606505094e-05, 2.8557246044105786e-05, 9.02726529064354e-05, 0.00026697581905014094, 0.00022260708578870594, 0.0001533522685529577], [7.994912238324976e-06, 1.994060621463991e-05, 7.1014137685341e-05, 0.00022260708578870594, 0.0002291302922989546, 0.00015779322179403877], [1.0344864526815551e-05, 1.7170819533959674e-05, 5.3303106117402207e-05, 0.0001533522685529577, 0.00015779322179403877, 0.00012832188181311592]]</COVARIANCE_MATRIX>
		<ROI_SIZE>588</ROI_SIZE>
		<MAX_VALUE>[0.11081752926111221, 0.11435024440288544, 0.11044815182685852, 0.1182001382112503, 0.0986715704202652, 0.08267324417829514]</MAX_VALUE>
		<MIN_VALUE>[0.08482817560434341, 0.07151060551404953, 0.050264108926057816, 0.030926022678613663, 0.01729396916925907, 0.007545397151261568]</MIN_VALUE>
		<SIGNATURE_THRESHOLD_MD>0</SIGNATURE_THRESHOLD_MD>
		<SIGNATURE_THRESHOLD_ML>0</SIGNATURE_THRESHOLD_ML>
		<SIGNATURE_THRESHOLD_SAM>0</SIGNATURE_THRESHOLD_SAM>
	</signature>
	<signature ID="20200806_104940299896_170">
		<MACROCLASSID>1</MACROCLASSID>
		<MACROCLASSINFO>waterbody</MACROCLASSINFO>
		<CLASSID>5</CLASSID>
		<CLASSINFO>C 1</CLASSINFO>
		<VALUES>[0.10534608229580854, 0.004222189999262233, 0.11379490306393963, 0.0050964674059722805, 0.10503159804890556, 0.009005292710765205, 0.06896216086008485, 0.01690022946092461, 0.051604961019216314, 0.020301908187552044, 0.04306107940566209, 0.018529743957618278]</VALUES>
		<LCS_MIN>[0.0971389189362526, 0.1029263362288475, 0.08878189325332642, 0.030926022678613663, 0.019231529906392097, 0.010327911004424095]</LCS_MIN>
		<LCS_MAX>[0.1135532557964325, 0.12577413022518158, 0.12489233911037445, 0.10616233199834824, 0.0909213200211525, 0.08823826164007187]</LCS_MAX>
		<WAVELENGTH>[0.485, 0.56, 0.66, 0.83, 1.65, 2.215]</WAVELENGTH>
		<MEAN_VALUE>[0.10534608229580854, 0.11379490306393963, 0.10503159804890556, 0.06896216086008485, 0.051604961019216314, 0.04306107940566209]</MEAN_VALUE>
		<CHECKBOX>2</CHECKBOX>
		<SD>[0.004222189999262233, 0.0050964674059722805, 0.009005292710765205, 0.01690022946092461, 0.020301908187552044, 0.018529743957618278]</SD>
		<WAVELENGTH_UNIT>E-6m</WAVELENGTH_UNIT>
		<COLOR>#c07102</COLOR>
		<COVARIANCE_MATRIX>[[1.8077971324938585e-05, 1.771715667469244e-05, 3.376420247587123e-05, 5.5485948678238446e-05, 6.241305023142453e-05, 5.6769707095709673e-05], [1.771715667469244e-05, 2.6339810724646938e-05, 3.6361989869712077e-05, 5.25312487328976e-05, 5.8681151695318846e-05, 5.223552182350575e-05], [3.376420247587123e-05, 3.6361989869712077e-05, 8.223748408552657e-05, 0.0001326010517203894, 0.00015147852021632531, 0.0001392301104254684], [5.5485948678238446e-05, 5.25312487328976e-05, 0.0001326010517203894, 0.00028964054112531125, 0.00029848288891882443, 0.00026145969099515624], [6.241305023142453e-05, 5.8681151695318846e-05, 0.00015147852021632531, 0.00029848288891882443, 0.0004179726517748887, 0.00036607939606258833], [5.6769707095709673e-05, 5.223552182350575e-05, 0.0001392301104254684, 0.00026145969099515624, 0.00036607939606258833, 0.00034818734650298827]]</COVARIANCE_MATRIX>
		<ROI_SIZE>72</ROI_SIZE>
		<MAX_VALUE>[0.1135532557964325, 0.12577413022518158, 0.12489233911037445, 0.10616233199834824, 0.0909213200211525, 0.08823826164007187]</MAX_VALUE>
		<MIN_VALUE>[0.0971389189362526, 0.1029263362288475, 0.08878189325332642, 0.030926022678613663, 0.019231529906392097, 0.010327911004424095]</MIN_VALUE>
		<SIGNATURE_THRESHOLD_MD>0</SIGNATURE_THRESHOLD_MD>
		<SIGNATURE_THRESHOLD_ML>0</SIGNATURE_THRESHOLD_ML>
		<SIGNATURE_THRESHOLD_SAM>0</SIGNATURE_THRESHOLD_SAM>
	</signature>
	<signature ID="20200806_105012897894_206">
		<MACROCLASSID>1</MACROCLASSID>
		<MACROCLASSINFO>waterbody</MACROCLASSINFO>
		<CLASSID>6</CLASSID>
		<CLASSINFO>C 1</CLASSINFO>
		<VALUES>[0.10993243753910067, 0.004410909831453788, 0.12071017409134818, 0.009400005489808846, 0.09185432506521712, 0.014180535933997668, 0.062288186317231445, 0.013811066199668778, 0.0432882338386623, 0.015305059358703894, 0.033400551721203195, 0.012533908054942578]</VALUES>
		<LCS_MIN>[0.0971389189362526, 0.10007034987211227, 0.06952301412820816, 0.03393547609448433, 0.01729396916925907, 0.013110421597957611]</LCS_MIN>
		<LCS_MAX>[0.1299675703048706, 0.15718984603881836, 0.15618807077407837, 0.12421905249357224, 0.10448426008224487, 0.09102077782154083]</LCS_MAX>
		<WAVELENGTH>[0.485, 0.56, 0.66, 0.83, 1.65, 2.215]</WAVELENGTH>
		<MEAN_VALUE>[0.10993243753910067, 0.12071017409134818, 0.09185432506521712, 0.062288186317231445, 0.0432882338386623, 0.033400551721203195]</MEAN_VALUE>
		<CHECKBOX>2</CHECKBOX>
		<SD>[0.004410909831453788, 0.009400005489808846, 0.014180535933997668, 0.013811066199668778, 0.015305059358703894, 0.012533908054942578]</SD>
		<WAVELENGTH_UNIT>E-6m</WAVELENGTH_UNIT>
		<COLOR>#7eb486</COLOR>
		<COVARIANCE_MATRIX>[[1.9476584137999318e-05, 3.424215879014474e-05, 4.889604472823202e-05, 3.885135504349999e-05, 3.441295414044105e-05, 2.8571225123771853e-05], [3.424215879014474e-05, 8.845301604041154e-05, 0.00011973200803926482, 8.090625440958052e-05, 7.529543266252128e-05, 6.050689574180986e-05], [4.889604472823202e-05, 0.00011973200803926482, 0.0002012990479551838, 0.00016024143700817228, 0.0001598388071545434, 0.0001274352124066962], [3.885135504349999e-05, 8.090625440958052e-05, 0.00016024143700817228, 0.0001909461232304886, 0.00018600461791933365, 0.00014463498909831615], [3.441295414044105e-05, 7.529543266252128e-05, 0.0001598388071545434, 0.00018600461791933365, 0.00023449115621316922, 0.00018226850043007091], [2.8571225123771853e-05, 6.050689574180986e-05, 0.0001274352124066962, 0.00014463498909831615, 0.00018226850043007091, 0.0001572640444537603]]</COVARIANCE_MATRIX>
		<ROI_SIZE>952</ROI_SIZE>
		<MAX_VALUE>[0.1299675703048706, 0.15718984603881836, 0.15618807077407837, 0.12421905249357224, 0.10448426008224487, 0.09102077782154083]</MAX_VALUE>
		<MIN_VALUE>[0.0971389189362526, 0.10007034987211227, 0.06952301412820816, 0.03393547609448433, 0.01729396916925907, 0.013110421597957611]</MIN_VALUE>
		<SIGNATURE_THRESHOLD_MD>0</SIGNATURE_THRESHOLD_MD>
		<SIGNATURE_THRESHOLD_ML>0</SIGNATURE_THRESHOLD_ML>
		<SIGNATURE_THRESHOLD_SAM>0</SIGNATURE_THRESHOLD_SAM>
	</signature>
	<signature ID="20200806_105021648474_727">
		<MACROCLASSID>1</MACROCLASSID>
		<MACROCLASSINFO>waterbody</MACROCLASSINFO>
		<CLASSID>7</CLASSID>
		<CLASSINFO>C 1</CLASSINFO>
		<VALUES>[0.11972638417954568, 0.003753290570838122, 0.16869719379714557, 0.006461872044288873, 0.1439323831930177, 0.006050294536682495, 0.1092792693525552, 0.01520725037680385, 0.05305708367861323, 0.01640084250198233, 0.041188505151635635, 0.011611386614206387]</VALUES>
		<LCS_MIN>[0.1039782240986824, 0.1343420445919037, 0.12007761001586914, 0.07907725870609283, 0.03085690177977085, 0.01867544651031494]</LCS_MIN>
		<LCS_MAX>[0.12723183631896973, 0.18003763258457184, 0.17544694244861603, 0.17838919162750244, 0.11223450303077698, 0.0938032940030098]</LCS_MAX>
		<WAVELENGTH>[0.485, 0.56, 0.66, 0.83, 1.65, 2.215]</WAVELENGTH>
		<MEAN_VALUE>[0.11972638417954568, 0.16869719379714557, 0.1439323831930177, 0.1092792693525552, 0.05305708367861323, 0.041188505151635635]</MEAN_VALUE>
		<CHECKBOX>2</CHECKBOX>
		<SD>[0.003753290570838122, 0.006461872044288873, 0.006050294536682495, 0.01520725037680385, 0.01640084250198233, 0.011611386614206387]</SD>
		<WAVELENGTH_UNIT>E-6m</WAVELENGTH_UNIT>
		<COLOR>#720a44</COLOR>
		<COVARIANCE_MATRIX>[[1.4133076721875665e-05, 1.8697890916351598e-05, 1.4741667149743952e-05, 1.6406681887253952e-06, -9.853050226498904e-06, -3.1783142916651415e-06], [1.8697890916351598e-05, 4.1891802663071096e-05, 2.2100085687964406e-05, -3.200898418435172e-05, -5.395050733414534e-05, -3.318023185061394e-05], [1.4741667149743952e-05, 2.2100085687964406e-05, 3.6725301974032414e-05, 4.228911325930518e-05, 1.807754263668126e-05, 1.3212559863086735e-05], [1.6406681887253952e-06, -3.200898418435172e-05, 4.228911325930518e-05, 0.00023201375543655523, 0.00021880431868876867, 0.00014298264942278619], [-9.853050226498904e-06, -5.395050733414534e-05, 1.807754263668126e-05, 0.00021880431868876867, 0.0002698638159955947, 0.00017531672028978448], [-3.1783142916651415e-06, -3.318023185061394e-05, 1.3212559863086735e-05, 0.00014298264942278619, 0.00017531672028978448, 0.0001352634662026319]]</COVARIANCE_MATRIX>
		<ROI_SIZE>308</ROI_SIZE>
		<MAX_VALUE>[0.12723183631896973, 0.18003763258457184, 0.17544694244861603, 0.17838919162750244, 0.11223450303077698, 0.0938032940030098]</MAX_VALUE>
		<MIN_VALUE>[0.1039782240986824, 0.1343420445919037, 0.12007761001586914, 0.07907725870609283, 0.03085690177977085, 0.01867544651031494]</MIN_VALUE>
		<SIGNATURE_THRESHOLD_MD>0</SIGNATURE_THRESHOLD_MD>
		<SIGNATURE_THRESHOLD_ML>0</SIGNATURE_THRESHOLD_ML>
		<SIGNATURE_THRESHOLD_SAM>0</SIGNATURE_THRESHOLD_SAM>
	</signature>
	<signature ID="20200806_105032867610_287">
		<MACROCLASSID>1</MACROCLASSID>
		<MACROCLASSINFO>waterbody</MACROCLASSINFO>
		<CLASSID>8</CLASSID>
		<CLASSINFO>C 1</CLASSINFO>
		<VALUES>[0.12474482950161801, 0.005591921643191929, 0.15821540071205656, 0.008224900723147186, 0.1377060705965215, 0.017047430332824673, 0.07891311257738956, 0.01850634905573711, 0.0544511215507307, 0.018565188189051094, 0.042895955736325535, 0.01429409540636924]</VALUES>
		<LCS_MIN>[0.11081752926111221, 0.13148607313632965, 0.10804080218076706, 0.04296384006738663, 0.02698177844285965, 0.01867544651031494]</LCS_MIN>
		<LCS_MAX>[0.13817472755908966, 0.1857496052980423, 0.1874837577342987, 0.13324740529060364, 0.11610962450504303, 0.09102077782154083]</LCS_MAX>
		<WAVELENGTH>[0.485, 0.56, 0.66, 0.83, 1.65, 2.215]</WAVELENGTH>
		<MEAN_VALUE>[0.12474482950161801, 0.15821540071205656, 0.1377060705965215, 0.07891311257738956, 0.0544511215507307, 0.042895955736325535]</MEAN_VALUE>
		<CHECKBOX>2</CHECKBOX>
		<SD>[0.005591921643191929, 0.008224900723147186, 0.017047430332824673, 0.01850634905573711, 0.018565188189051094, 0.01429409540636924]</SD>
		<WAVELENGTH_UNIT>E-6m</WAVELENGTH_UNIT>
		<COLOR>#66f441</COLOR>
		<COVARIANCE_MATRIX>[[3.14123711689115e-05, 2.477083733455043e-05, 1.0388846781430408e-06, 1.2465739141057522e-05, 1.5574039423966974e-05, 2.2468404413957745e-05], [2.477083733455043e-05, 6.795789141204563e-05, 9.623956388417628e-05, 3.254723519314629e-05, 9.525819858038724e-06, 1.6341386694057395e-05], [1.0388846781430408e-06, 9.623956388417628e-05, 0.000291941889541335, 0.0001767170349718493, 7.889918776025306e-05, 5.181341743798823e-05], [1.2465739141057522e-05, 3.254723519314629e-05, 0.0001767170349718493, 0.00034404881361649374, 0.0002730752761924511, 0.00019766294416755393], [1.5574039423966974e-05, 9.525819858038724e-06, 7.889918776025306e-05, 0.0002730752761924511, 0.0003462400308167766, 0.0002454765999438924], [2.2468404413957745e-05, 1.6341386694057395e-05, 5.181341743798823e-05, 0.00019766294416755393, 0.0002454765999438924, 0.00020525413683563905]]</COVARIANCE_MATRIX>
		<ROI_SIZE>220</ROI_SIZE>
		<MAX_VALUE>[0.13817472755908966, 0.1857496052980423, 0.1874837577342987, 0.13324740529060364, 0.11610962450504303, 0.09102077782154083]</MAX_VALUE>
		<MIN_VALUE>[0.11081752926111221, 0.13148607313632965, 0.10804080218076706, 0.04296384006738663, 0.02698177844285965, 0.01867544651031494]</MIN_VALUE>
		<SIGNATURE_THRESHOLD_MD>0</SIGNATURE_THRESHOLD_MD>
		<SIGNATURE_THRESHOLD_ML>0</SIGNATURE_THRESHOLD_ML>
		<SIGNATURE_THRESHOLD_SAM>0</SIGNATURE_THRESHOLD_SAM>
	</signature>
	<signature ID="20200806_105129545002_752">
		<MACROCLASSID>1</MACROCLASSID>
		<MACROCLASSINFO>waterbody</MACROCLASSINFO>
		<CLASSID>9</CLASSID>
		<CLASSINFO>C 1</CLASSINFO>
		<VALUES>[0.1175738328879469, 0.008678733907979243, 0.12285878838699199, 0.01327962031687394, 0.10417008658640836, 0.01417802780460143, 0.09581354051158666, 0.023278173352626687, 0.05810141755958623, 0.012816370232697412, 0.045507936478916856, 0.008884789945359758]</VALUES>
		<LCS_MIN>[0.09029962122440338, 0.0857904851436615, 0.07193036377429962, 0.0640299990773201, 0.023106655105948448, 0.015892932191491127]</LCS_MIN>
		<LCS_MAX>[0.14774975180625916, 0.17146970331668854, 0.17063221335411072, 0.15732303261756897, 0.12385986745357513, 0.09102077782154083]</LCS_MAX>
		<WAVELENGTH>[0.485, 0.56, 0.66, 0.83, 1.65, 2.215]</WAVELENGTH>
		<MEAN_VALUE>[0.1175738328879469, 0.12285878838699199, 0.10417008658640836, 0.09581354051158666, 0.05810141755958623, 0.045507936478916856]</MEAN_VALUE>
		<CHECKBOX>2</CHECKBOX>
		<SD>[0.008678733907979243, 0.01327962031687394, 0.01417802780460143, 0.023278173352626687, 0.012816370232697412, 0.008884789945359758]</SD>
		<WAVELENGTH_UNIT>E-6m</WAVELENGTH_UNIT>
		<COLOR>#0cf1bd</COLOR>
		<COVARIANCE_MATRIX>[[8.512556216205083e-05, 0.00012036606384681219, 0.00010660511059761895, -4.7656864999610885e-05, 9.195947904083621e-06, 3.2114047671192654e-05], [0.00012036606384681219, 0.0002072455089460518, 0.00019914686015662874, 8.344442993433465e-07, 2.4668176221774557e-05, 4.4575371643960926e-05], [0.00010660511059761895, 0.00019914686015662874, 0.00023430025135161354, 0.00011033308676250656, 5.18170657475574e-05, 4.618382997528604e-05], [-4.7656864999610885e-05, 8.344442993433465e-07, 0.00011033308676250656, 0.0005837618108593216, 0.00020534324774157238, 6.103839310877036e-05], [9.195947904083621e-06, 2.4668176221774557e-05, 5.18170657475574e-05, 0.00020534324774157238, 0.0002083642434901049, 0.00011697159322857919], [3.2114047671192654e-05, 4.4575371643960926e-05, 4.618382997528604e-05, 6.103839310877036e-05, 0.00011697159322857919, 9.05208877021195e-05]]</COVARIANCE_MATRIX>
		<ROI_SIZE>3039</ROI_SIZE>
		<MAX_VALUE>[0.14774975180625916, 0.17146970331668854, 0.17063221335411072, 0.15732303261756897, 0.12385986745357513, 0.09102077782154083]</MAX_VALUE>
		<MIN_VALUE>[0.09029962122440338, 0.0857904851436615, 0.07193036377429962, 0.0640299990773201, 0.023106655105948448, 0.015892932191491127]</MIN_VALUE>
		<SIGNATURE_THRESHOLD_MD>0</SIGNATURE_THRESHOLD_MD>
		<SIGNATURE_THRESHOLD_ML>0</SIGNATURE_THRESHOLD_ML>
		<SIGNATURE_THRESHOLD_SAM>0</SIGNATURE_THRESHOLD_SAM>
	</signature>
	<signature ID="20200806_105203131335_286">
		<MACROCLASSID>1</MACROCLASSID>
		<MACROCLASSINFO>waterbody</MACROCLASSINFO>
		<CLASSID>10</CLASSID>
		<CLASSINFO>C 1</CLASSINFO>
		<VALUES>[0.08732506453618223, 0.004321143259748448, 0.07060326205789628, 0.005340528355901068, 0.0545560240283244, 0.006133493111085415, 0.07168608392396632, 0.015404719219828876, 0.02387599372172825, 0.010397833319293151, 0.01777203357856888, 0.007711638195489542]</VALUES>
		<LCS_MIN>[0.0779888778924942, 0.06008671224117279, 0.043042026460170746, 0.04296384006738663, 0.00954372063279152, 0.001980371307581663]</LCS_MIN>
		<LCS_MAX>[0.10944966226816177, 0.1029263362288475, 0.10804080218076706, 0.14829465746879578, 0.0909213200211525, 0.0771082192659378]</LCS_MAX>
		<WAVELENGTH>[0.485, 0.56, 0.66, 0.83, 1.65, 2.215]</WAVELENGTH>
		<MEAN_VALUE>[0.08732506453618223, 0.07060326205789628, 0.0545560240283244, 0.07168608392396632, 0.02387599372172825, 0.01777203357856888]</MEAN_VALUE>
		<CHECKBOX>2</CHECKBOX>
		<SD>[0.004321143259748448, 0.005340528355901068, 0.006133493111085415, 0.015404719219828876, 0.010397833319293151, 0.007711638195489542]</SD>
		<WAVELENGTH_UNIT>E-6m</WAVELENGTH_UNIT>
		<COLOR>#2665c4</COLOR>
		<COVARIANCE_MATRIX>[[1.8713765623079538e-05, 1.943201117745796e-05, 2.2538445930449776e-05, 9.60163141368821e-06, 2.7361903976546017e-05, 2.196772953272608e-05], [1.943201117745796e-05, 2.79513382144547e-05, 2.915427379926817e-05, 2.673888466976159e-05, 3.868818866158058e-05, 2.969214112886601e-05], [2.2538445930449776e-05, 2.915427379926817e-05, 3.7138691660184295e-05, 2.6367210443363138e-05, 4.920116716597437e-05, 3.716970626864323e-05], [9.60163141368821e-06, 2.673888466976159e-05, 2.6367210443363138e-05, 0.0002297001113635957, 5.47717355186417e-05, 3.044654330032186e-05], [2.7361903976546017e-05, 3.868818866158058e-05, 4.920116716597437e-05, 5.47717355186417e-05, 9.734613840660642e-05, 6.580317276269233e-05], [2.196772953272608e-05, 2.969214112886601e-05, 3.716970626864323e-05, 3.044654330032186e-05, 6.580317276269233e-05, 5.461174489628772e-05]]</COVARIANCE_MATRIX>
		<ROI_SIZE>7927</ROI_SIZE>
		<MAX_VALUE>[0.10944966226816177, 0.1029263362288475, 0.10804080218076706, 0.14829465746879578, 0.0909213200211525, 0.0771082192659378]</MAX_VALUE>
		<MIN_VALUE>[0.0779888778924942, 0.06008671224117279, 0.043042026460170746, 0.04296384006738663, 0.00954372063279152, 0.001980371307581663]</MIN_VALUE>
		<SIGNATURE_THRESHOLD_MD>0</SIGNATURE_THRESHOLD_MD>
		<SIGNATURE_THRESHOLD_ML>0</SIGNATURE_THRESHOLD_ML>
		<SIGNATURE_THRESHOLD_SAM>0</SIGNATURE_THRESHOLD_SAM>
	</signature>
	<signature ID="20200806_105228547591_835">
		<MACROCLASSID>1</MACROCLASSID>
		<MACROCLASSINFO>waterbody</MACROCLASSINFO>
		<CLASSID>11</CLASSID>
		<CLASSINFO>C 1</CLASSINFO>
		<VALUES>[0.09320533527408101, 0.006158781521569438, 0.08580845569987573, 0.012789196121746905, 0.06365356462366399, 0.010433537185504391, 0.06793660976531819, 0.02017413850659405, 0.02192095132333661, 0.008914963335052886, 0.01601987644052306, 0.007307321299044206]</VALUES>
		<LCS_MIN>[0.08209245651960373, 0.06579865515232086, 0.04785675182938576, 0.0369449257850647, 0.00954372063279152, 0.004762883298099041]</LCS_MIN>
		<LCS_MAX>[0.11902469396591187, 0.13148607313632965, 0.11767026036977768, 0.12120960652828217, 0.08704619854688644, 0.06597816199064255]</LCS_MAX>
		<WAVELENGTH>[0.485, 0.56, 0.66, 0.83, 1.65, 2.215]</WAVELENGTH>
		<MEAN_VALUE>[0.09320533527408101, 0.08580845569987573, 0.06365356462366399, 0.06793660976531819, 0.02192095132333661, 0.01601987644052306]</MEAN_VALUE>
		<CHECKBOX>2</CHECKBOX>
		<SD>[0.006158781521569438, 0.012789196121746905, 0.010433537185504391, 0.02017413850659405, 0.008914963335052886, 0.007307321299044206]</SD>
		<WAVELENGTH_UNIT>E-6m</WAVELENGTH_UNIT>
		<COLOR>#10e089</COLOR>
		<COVARIANCE_MATRIX>[[3.299698051023396e-05, 5.8742559882077475e-05, 4.766385293391892e-05, -2.5292095169626202e-05, 2.8883840446643443e-05, 2.4450617496794218e-05], [5.8742559882077475e-05, 0.0001293533514621129, 9.527730627140233e-05, -7.908463284173029e-05, 4.349877491173456e-05, 3.6786107324831846e-05], [4.766385293391892e-05, 9.527730627140233e-05, 8.549594476394743e-05, -1.5813849332306297e-05, 4.942785577348029e-05, 4.073978325675547e-05], [-2.5292095169626202e-05, -7.908463284173029e-05, -1.5813849332306297e-05, 0.00036579995920450894, 4.067071777014282e-05, 2.813570260180985e-05], [2.8883840446643443e-05, 4.349877491173456e-05, 4.942785577348029e-05, 4.067071777014282e-05, 6.583728217887823e-05, 4.993793352032349e-05], [2.4450617496794218e-05, 3.6786107324831846e-05, 4.073978325675547e-05, 2.813570260180985e-05, 4.993793352032349e-05, 4.6748222550744415e-05]]</COVARIANCE_MATRIX>
		<ROI_SIZE>7248</ROI_SIZE>
		<MAX_VALUE>[0.11902469396591187, 0.13148607313632965, 0.11767026036977768, 0.12120960652828217, 0.08704619854688644, 0.06597816199064255]</MAX_VALUE>
		<MIN_VALUE>[0.08209245651960373, 0.06579865515232086, 0.04785675182938576, 0.0369449257850647, 0.00954372063279152, 0.004762883298099041]</MIN_VALUE>
		<SIGNATURE_THRESHOLD_MD>0</SIGNATURE_THRESHOLD_MD>
		<SIGNATURE_THRESHOLD_ML>0</SIGNATURE_THRESHOLD_ML>
		<SIGNATURE_THRESHOLD_SAM>0</SIGNATURE_THRESHOLD_SAM>
	</signature>
	<signature ID="20200806_105243909592_839">
		<MACROCLASSID>1</MACROCLASSID>
		<MACROCLASSINFO>waterbody</MACROCLASSINFO>
		<CLASSID>12</CLASSID>
		<CLASSINFO>C 1</CLASSINFO>
		<VALUES>[0.10347509919826313, 0.004745051024009829, 0.09389062390673428, 0.005463765760043267, 0.08045436896640674, 0.006872853712357405, 0.08225275494329544, 0.018073529006595278, 0.055616493662284064, 0.016204004472648886, 0.04484066113658326, 0.011221779722485588]</VALUES>
		<LCS_MIN>[0.08072460442781448, 0.06579865515232086, 0.05267146974802017, 0.03393547609448433, 0.01341884396970272, 0.010327911004424095]</LCS_MIN>
		<LCS_MAX>[0.12176042050123215, 0.12291816622018814, 0.12489233911037445, 0.14829465746879578, 0.11998474597930908, 0.10493333637714386]</LCS_MAX>
		<WAVELENGTH>[0.485, 0.56, 0.66, 0.83, 1.65, 2.215]</WAVELENGTH>
		<MEAN_VALUE>[0.10347509919826313, 0.09389062390673428, 0.08045436896640674, 0.08225275494329544, 0.055616493662284064, 0.04484066113658326]</MEAN_VALUE>
		<CHECKBOX>2</CHECKBOX>
		<SD>[0.004745051024009829, 0.005463765760043267, 0.006872853712357405, 0.018073529006595278, 0.016204004472648886, 0.011221779722485588]</SD>
		<WAVELENGTH_UNIT>E-6m</WAVELENGTH_UNIT>
		<COLOR>#d21587</COLOR>
		<COVARIANCE_MATRIX>[[2.2528456609312804e-05, 2.0128567582445745e-05, 2.161543125120737e-05, -7.777785004584128e-06, -2.3464265621228436e-06, 8.615040430533133e-06], [2.0128567582445745e-05, 2.9869902891478445e-05, 3.2527032359537734e-05, 3.3874165332435596e-05, 3.303290288464092e-05, 3.0923367185369683e-05], [2.161543125120737e-05, 3.2527032359537734e-05, 4.7263280956612526e-05, 6.627043617991247e-05, 6.646374763627673e-05, 5.4644918271519154e-05], [-7.777785004584128e-06, 3.3874165332435596e-05, 6.627043617991247e-05, 0.0003268402899993661, 0.00026739864368552254, 0.00016286503156481442], [-2.3464265621228436e-06, 3.303290288464092e-05, 6.646374763627673e-05, 0.00026739864368552254, 0.0002627207498863414, 0.00016918028165699864], [8.615040430533133e-06, 3.0923367185369683e-05, 5.4644918271519154e-05, 0.00016286503156481442, 0.00016918028165699864, 0.00012600075436663597]]</COVARIANCE_MATRIX>
		<ROI_SIZE>1740</ROI_SIZE>
		<MAX_VALUE>[0.12176042050123215, 0.12291816622018814, 0.12489233911037445, 0.14829465746879578, 0.11998474597930908, 0.10493333637714386]</MAX_VALUE>
		<MIN_VALUE>[0.08072460442781448, 0.06579865515232086, 0.05267146974802017, 0.03393547609448433, 0.01341884396970272, 0.010327911004424095]</MIN_VALUE>
		<SIGNATURE_THRESHOLD_MD>0</SIGNATURE_THRESHOLD_MD>
		<SIGNATURE_THRESHOLD_ML>0</SIGNATURE_THRESHOLD_ML>
		<SIGNATURE_THRESHOLD_SAM>0</SIGNATURE_THRESHOLD_SAM>
	</signature>
	<signature ID="20200806_105311400937_598">
		<MACROCLASSID>1</MACROCLASSID>
		<MACROCLASSINFO>waterbody</MACROCLASSINFO>
		<CLASSID>13</CLASSID>
		<CLASSINFO>C 1</CLASSINFO>
		<VALUES>[0.08858792413575726, 0.004772738538603517, 0.07410127374908479, 0.0063684049646784945, 0.06150504628634031, 0.007475264019162204, 0.05672015756103999, 0.013318818737268423, 0.03447527217403911, 0.012984956439761285, 0.027254861115371124, 0.010259707856966711]</VALUES>
		<LCS_MIN>[0.07388529926538467, 0.05723074451088905, 0.043042026460170746, 0.0369449257850647, 0.015356405638158321, 0.010327911004424095]</LCS_MIN>
		<LCS_MAX>[0.11492110043764114, 0.10578231513500214, 0.09841135144233704, 0.1182001382112503, 0.08898376673460007, 0.06876068562269211]</LCS_MAX>
		<WAVELENGTH>[0.485, 0.56, 0.66, 0.83, 1.65, 2.215]</WAVELENGTH>
		<MEAN_VALUE>[0.08858792413575726, 0.07410127374908479, 0.06150504628634031, 0.05672015756103999, 0.03447527217403911, 0.027254861115371124]</MEAN_VALUE>
		<CHECKBOX>2</CHECKBOX>
		<SD>[0.004772738538603517, 0.0063684049646784945, 0.007475264019162204, 0.013318818737268423, 0.012984956439761285, 0.010259707856966711]</SD>
		<WAVELENGTH_UNIT>E-6m</WAVELENGTH_UNIT>
		<COLOR>#96fb10</COLOR>
		<COVARIANCE_MATRIX>[[2.281019462593947e-05, 2.6869897498288924e-05, 3.143905629032605e-05, 4.331103967731144e-05, 4.284595976685375e-05, 3.4912577557632864e-05], [2.6869897498288924e-05, 4.0612062754188466e-05, 4.395643846626016e-05, 6.558278296452431e-05, 6.499545407211771e-05, 5.154722135491982e-05], [3.143905629032605e-05, 4.395643846626016e-05, 5.5956014799349406e-05, 8.368922577937717e-05, 8.304015228578108e-05, 6.565797603790291e-05], [4.331103967731144e-05, 6.558278296452431e-05, 8.368922577937717e-05, 0.00017763360141059836, 0.00016217033138541285, 0.00012168032670144345], [4.284595976685375e-05, 6.499545407211771e-05, 8.304015228578108e-05, 0.00016217033138541285, 0.00016883974913749463, 0.00012633824822920806], [3.4912577557632864e-05, 5.154722135491982e-05, 6.565797603790291e-05, 0.00012168032670144345, 0.00012633824822920806, 0.00010540560203439523]]</COVARIANCE_MATRIX>
		<ROI_SIZE>732</ROI_SIZE>
		<MAX_VALUE>[0.11492110043764114, 0.10578231513500214, 0.09841135144233704, 0.1182001382112503, 0.08898376673460007, 0.06876068562269211]</MAX_VALUE>
		<MIN_VALUE>[0.07388529926538467, 0.05723074451088905, 0.043042026460170746, 0.0369449257850647, 0.015356405638158321, 0.010327911004424095]</MIN_VALUE>
		<SIGNATURE_THRESHOLD_MD>0</SIGNATURE_THRESHOLD_MD>
		<SIGNATURE_THRESHOLD_ML>0</SIGNATURE_THRESHOLD_ML>
		<SIGNATURE_THRESHOLD_SAM>0</SIGNATURE_THRESHOLD_SAM>
	</signature>
	<signature ID="20200806_105350218833_143">
		<MACROCLASSID>1</MACROCLASSID>
		<MACROCLASSINFO>waterbody</MACROCLASSINFO>
		<CLASSID>14</CLASSID>
		<CLASSINFO>C 1</CLASSINFO>
		<VALUES>[0.0931116578373019, 0.007237634396019267, 0.09427873820642034, 0.008328246609332537, 0.09440252480652721, 0.011103708709219838, 0.0739301969836838, 0.017142291198515854, 0.04869411343332904, 0.02040563132302125, 0.0389053895310079, 0.01796995065120411]</VALUES>
		<LCS_MIN>[0.0779888778924942, 0.07436658442020416, 0.0671156495809555, 0.03995438292622566, 0.021169090643525124, 0.013110421597957611]</LCS_MIN>
		<LCS_MAX>[0.1135532557964325, 0.12006217986345291, 0.12489233911037445, 0.13926631212234497, 0.1064218133687973, 0.09102077782154083]</LCS_MAX>
		<WAVELENGTH>[0.485, 0.56, 0.66, 0.83, 1.65, 2.215]</WAVELENGTH>
		<MEAN_VALUE>[0.0931116578373019, 0.09427873820642034, 0.09440252480652721, 0.0739301969836838, 0.04869411343332904, 0.0389053895310079]</MEAN_VALUE>
		<CHECKBOX>2</CHECKBOX>
		<SD>[0.007237634396019267, 0.008328246609332537, 0.011103708709219838, 0.017142291198515854, 0.02040563132302125, 0.01796995065120411]</SD>
		<WAVELENGTH_UNIT>E-6m</WAVELENGTH_UNIT>
		<COLOR>#cd4098</COLOR>
		<COVARIANCE_MATRIX>[[5.249600401958193e-05, 5.3194317136256444e-05, 5.562791464207268e-05, 6.34515217383882e-05, 6.66775883627741e-05, 6.168294776061484e-05], [5.3194317136256444e-05, 6.950885221292515e-05, 7.950808465455313e-05, 7.04740100374734e-05, 6.751831212061088e-05, 6.34976284880577e-05], [5.562791464207268e-05, 7.950808465455313e-05, 0.0001235574919316752, 0.00012826965961389267, 0.00012550645949756096, 0.00011273416019852135], [6.34515217383882e-05, 7.04740100374734e-05, 0.00012826965961389267, 0.000294490100540165, 0.0003150143500285686, 0.0002650365096360202], [6.66775883627741e-05, 6.751831212061088e-05, 0.00012550645949756096, 0.0003150143500285686, 0.0004172852516043802, 0.0003551648243610717], [6.168294776061484e-05, 6.34976284880577e-05, 0.00011273416019852135, 0.0002650365096360202, 0.0003551648243610717, 0.0003236135761409189]]</COVARIANCE_MATRIX>
		<ROI_SIZE>466</ROI_SIZE>
		<MAX_VALUE>[0.1135532557964325, 0.12006217986345291, 0.12489233911037445, 0.13926631212234497, 0.1064218133687973, 0.09102077782154083]</MAX_VALUE>
		<MIN_VALUE>[0.0779888778924942, 0.07436658442020416, 0.0671156495809555, 0.03995438292622566, 0.021169090643525124, 0.013110421597957611]</MIN_VALUE>
		<SIGNATURE_THRESHOLD_MD>0</SIGNATURE_THRESHOLD_MD>
		<SIGNATURE_THRESHOLD_ML>0</SIGNATURE_THRESHOLD_ML>
		<SIGNATURE_THRESHOLD_SAM>0</SIGNATURE_THRESHOLD_SAM>
	</signature>
	<signature ID="20200806_105525303699_711">
		<MACROCLASSID>1</MACROCLASSID>
		<MACROCLASSINFO>waterbody</MACROCLASSINFO>
		<CLASSID>15</CLASSID>
		<CLASSINFO>C 1</CLASSINFO>
		<VALUES>[0.11295771479708003, 0.008579557046476708, 0.13398262473190728, 0.01137076169781538, 0.1125771238082121, 0.011813716208425562, 0.12724897992752854, 0.022073033116619067, 0.07571739187071311, 0.024291807039952585, 0.060753854042311914, 0.019498935297153762]</VALUES>
		<LCS_MIN>[0.08619603514671326, 0.1029263362288475, 0.08155982196331024, 0.07606781274080276, 0.019231529906392097, 0.021457958966493607]</LCS_MIN>
		<LCS_MAX>[0.12859970331192017, 0.1514778882265091, 0.13933652639389038, 0.1904270350933075, 0.13161011040210724, 0.11884590238332748]</LCS_MAX>
		<WAVELENGTH>[0.485, 0.56, 0.66, 0.83, 1.65, 2.215]</WAVELENGTH>
		<MEAN_VALUE>[0.11295771479708003, 0.13398262473190728, 0.1125771238082121, 0.12724897992752854, 0.07571739187071311, 0.060753854042311914]</MEAN_VALUE>
		<CHECKBOX>2</CHECKBOX>
		<SD>[0.008579557046476708, 0.01137076169781538, 0.011813716208425562, 0.022073033116619067, 0.024291807039952585, 0.019498935297153762]</SD>
		<WAVELENGTH_UNIT>E-6m</WAVELENGTH_UNIT>
		<COLOR>#ccb8fa</COLOR>
		<COVARIANCE_MATRIX>[[7.386002368410203e-05, 8.150328438974265e-05, 9.566594637154119e-05, 9.17697060438004e-05, 8.989896429908927e-05, 8.384664148048402e-05], [8.150328438974265e-05, 0.00012973549879529198, 0.00011478623042145947, 1.2709081256011674e-05, -4.5964256285956415e-07, 2.3285156994152865e-05], [9.566594637154119e-05, 0.00011478623042145947, 0.00014004021792507056, 0.00012635776051516962, 0.00012485989023630677, 0.00012210877342923562], [9.17697060438004e-05, 1.2709081256011674e-05, 0.00012635776051516962, 0.0004888816537351693, 0.00048279282736566443, 0.00036841342484326603], [8.989896429908927e-05, -4.5964256285956415e-07, 0.00012485989023630677, 0.00048279282736566443, 0.0005921058547586661, 0.00045261984307523796], [8.384664148048402e-05, 2.3285156994152865e-05, 0.00012210877342923562, 0.00036841342484326603, 0.00045261984307523796, 0.00038150611757829746]]</COVARIANCE_MATRIX>
		<ROI_SIZE>294</ROI_SIZE>
		<MAX_VALUE>[0.12859970331192017, 0.1514778882265091, 0.13933652639389038, 0.1904270350933075, 0.13161011040210724, 0.11884590238332748]</MAX_VALUE>
		<MIN_VALUE>[0.08619603514671326, 0.1029263362288475, 0.08155982196331024, 0.07606781274080276, 0.019231529906392097, 0.021457958966493607]</MIN_VALUE>
		<SIGNATURE_THRESHOLD_MD>0</SIGNATURE_THRESHOLD_MD>
		<SIGNATURE_THRESHOLD_ML>0</SIGNATURE_THRESHOLD_ML>
		<SIGNATURE_THRESHOLD_SAM>0</SIGNATURE_THRESHOLD_SAM>
	</signature>
	<signature ID="20200806_105632141050_193">
		<MACROCLASSID>1</MACROCLASSID>
		<MACROCLASSINFO>waterbody</MACROCLASSINFO>
		<CLASSID>16</CLASSID>
		<CLASSINFO>C 1</CLASSINFO>
