<?xml version="1.0" ?>
<signaturelist MCID_LIST="[['1', 'waterbody', '#0000ff'], ['2', 'vegetation', '#00ff00'], ['3', 'bareland', '#ffaa00'], ['4', 'built-up', '#ff0000']]">
	<signature ID="20210106_145431215937_650">
		<MACROCLASSID>1</MACROCLASSID>
		<MACROCLASSINFO>waterbody</MACROCLASSINFO>
		<CLASSID>1</CLASSID>
		<CLASSINFO>C 1</CLASSINFO>
		<VALUES>[0.14944591549516614, 0.006864079247468697, 0.1413063659846934, 0.00892152920892896, 0.1403610074262279, 0.01144671241438161, 0.1447378051569139, 0.013361373171727045, 0.07487014747454619, 0.016099719608249217, 0.04864911852124842, 0.011482101370956139]</VALUES>
		<LCS_MIN>[0.1351395696401596, 0.12292978912591934, 0.11995917558670044, 0.12686870992183685, 0.04486542195081711, 0.024936329573392868]</LCS_MIN>
		<LCS_MAX>[0.16534185409545898, 0.1660759150981903, 0.16751836240291595, 0.18282532691955566, 0.10340815782546997, 0.07343976199626923]</LCS_MAX>
		<WAVELENGTH>[0.485, 0.56, 0.66, 0.83, 1.65, 2.215]</WAVELENGTH>
		<MEAN_VALUE>[0.14944591549516614, 0.1413063659846934, 0.1403610074262279, 0.1447378051569139, 0.07487014747454619, 0.04864911852124842]</MEAN_VALUE>
		<CHECKBOX>2</CHECKBOX>
		<SD>[0.006864079247468697, 0.00892152920892896, 0.01144671241438161, 0.013361373171727045, 0.016099719608249217, 0.011482101370956139]</SD>
		<WAVELENGTH_UNIT>E-6m</WAVELENGTH_UNIT>
		<COLOR>#ee0154</COLOR>
		<COVARIANCE_MATRIX>[[4.7235775127774104e-05, 5.703729038941674e-05, 7.305857434403151e-05, 7.876571908127517e-05, 2.138386480510235e-05, 2.1740292140748352e-05], [5.703729038941674e-05, 7.979672955116257e-05, 9.863595187198371e-05, 0.00010792721877805889, 2.4178303647204302e-05, 2.5643559638410807e-05], [7.305857434403151e-05, 9.863595187198371e-05, 0.00013136147754266858, 0.00013593837502412498, 2.3212929590954445e-05, 2.7754020266002044e-05], [7.876571908127517e-05, 0.00010792721877805889, 0.00013593837502412498, 0.00017898171790875494, 8.137796248774976e-05, 6.89388471073471e-05], [2.138386480510235e-05, 2.4178303647204302e-05, 2.3212929590954445e-05, 8.137796248774976e-05, 0.0002598621940705925, 0.00017519186076242477], [2.1740292140748352e-05, 2.5643559638410807e-05, 2.7754020266002044e-05, 6.89388471073471e-05, 0.00017519186076242477, 0.00013217497325967997]]</COVARIANCE_MATRIX>
		<ROI_SIZE>393</ROI_SIZE>
		<MAX_VALUE>[0.16534185409545898, 0.1660759150981903, 0.16751836240291595, 0.18282532691955566, 0.10340815782546997, 0.07343976199626923]</MAX_VALUE>
		<MIN_VALUE>[0.1351395696401596, 0.12292978912591934, 0.11995917558670044, 0.12686870992183685, 0.04486542195081711, 0.024936329573392868]</MIN_VALUE>
		<SIGNATURE_THRESHOLD_MD>0.0</SIGNATURE_THRESHOLD_MD>
		<SIGNATURE_THRESHOLD_ML>0.0</SIGNATURE_THRESHOLD_ML>
		<SIGNATURE_THRESHOLD_SAM>0.0</SIGNATURE_THRESHOLD_SAM>
	</signature>
	<signature ID="20210106_145437680492_964">
		<MACROCLASSID>1</MACROCLASSID>
		<MACROCLASSINFO>waterbody</MACROCLASSINFO>
		<CLASSID>2</CLASSID>
		<CLASSINFO>C 1</CLASSINFO>
		<VALUES>[0.13346036556743365, 0.005945143970650046, 0.1160851052854465, 0.007958398506247764, 0.10734922668788836, 0.009793946495901708, 0.1044528414923643, 0.011820019690941926, 0.045673875408993266, 0.0122467980034699, 0.027699728830764467, 0.008087024328687112]</VALUES>
		<LCS_MIN>[0.12083324790000916, 0.09969725459814072, 0.0863879844546318, 0.0744093582034111, 0.020097345113754272, 0.008768517524003983]</LCS_MIN>
		<LCS_MAX>[0.15103550255298615, 0.14284338057041168, 0.13674478232860565, 0.1303659975528717, 0.067381851375103, 0.04757126420736313]</LCS_MAX>
		<WAVELENGTH>[0.485, 0.56, 0.66, 0.83, 1.65, 2.215]</WAVELENGTH>
		<MEAN_VALUE>[0.13346036556743365, 0.1160851052854465, 0.10734922668788836, 0.1044528414923643, 0.045673875408993266, 0.027699728830764467]</MEAN_VALUE>
		<CHECKBOX>2</CHECKBOX>
		<SD>[0.005945143970650046, 0.007958398506247764, 0.009793946495901708, 0.011820019690941926, 0.0122467980034699, 0.008087024328687112]</SD>
		<WAVELENGTH_UNIT>E-6m</WAVELENGTH_UNIT>
		<COLOR>#810d92</COLOR>
		<COVARIANCE_MATRIX>[[3.54499279637821e-05, 4.333362448960543e-05, 5.366044570109807e-05, 4.7257388359867036e-05, 1.721233275020495e-05, 1.5301389794331044e-05], [4.333362448960543e-05, 6.352461059577763e-05, 7.484251545974985e-05, 7.024469960015267e-05, 2.3231852537719533e-05, 2.0983135982532986e-05], [5.366044570109807e-05, 7.484251545974985e-05, 9.620686614653096e-05, 8.674507262185216e-05, 2.9441198421409354e-05, 2.6173071091761813e-05], [4.7257388359867036e-05, 7.024469960015267e-05, 8.674507262185216e-05, 0.00014012867177370936, 8.848548895912245e-05, 6.0277230659266934e-05], [1.721233275020495e-05, 2.3231852537719533e-05, 2.9441198421409354e-05, 8.848548895912245e-05, 0.00015043043822515756, 8.848794095683843e-05], [1.5301389794331044e-05, 2.0983135982532986e-05, 2.6173071091761813e-05, 6.0277230659266934e-05, 8.848794095683843e-05, 6.559460598509759e-05]]</COVARIANCE_MATRIX>
		<ROI_SIZE>337</ROI_SIZE>
		<MAX_VALUE>[0.15103550255298615, 0.14284338057041168, 0.13674478232860565, 0.1303659975528717, 0.067381851375103, 0.04757126420736313]</MAX_VALUE>
		<MIN_VALUE>[0.12083324790000916, 0.09969725459814072, 0.0863879844546318, 0.0744093582034111, 0.020097345113754272, 0.008768517524003983]</MIN_VALUE>
		<SIGNATURE_THRESHOLD_MD>0.0</SIGNATURE_THRESHOLD_MD>
		<SIGNATURE_THRESHOLD_ML>0.0</SIGNATURE_THRESHOLD_ML>
		<SIGNATURE_THRESHOLD_SAM>0.0</SIGNATURE_THRESHOLD_SAM>
	</signature>
	<signature ID="20210106_145442574953_863">
		<MACROCLASSID>1</MACROCLASSID>
		<MACROCLASSINFO>waterbody</MACROCLASSINFO>
		<CLASSID>3</CLASSID>
		<CLASSINFO>C 1</CLASSINFO>
		<VALUES>[0.1307417059110271, 0.005455542665239368, 0.10934060410492949, 0.00596482425488711, 0.09725976828485729, 0.0066339930629277025, 0.09386789086792209, 0.012034112102365104, 0.042870215750816815, 0.012898906997739193, 0.027361500102819677, 0.009017169194604206]</VALUES>
		<LCS_MIN>[0.11606445908546448, 0.08974046260118484, 0.0779951959848404, 0.0674147754907608, 0.015594057738780975, 0.008768517524003983]</LCS_MIN>
		<LCS_MAX>[0.15898346900939941, 0.1328865885734558, 0.12555436789989471, 0.1233714148402214, 0.07188514620065689, 0.05727195367217064]</LCS_MAX>
		<WAVELENGTH>[0.485, 0.56, 0.66, 0.83, 1.65, 2.215]</WAVELENGTH>
		<MEAN_VALUE>[0.1307417059110271, 0.10934060410492949, 0.09725976828485729, 0.09386789086792209, 0.042870215750816815, 0.027361500102819677]</MEAN_VALUE>
		<CHECKBOX>2</CHECKBOX>
		<SD>[0.005455542665239368, 0.00596482425488711, 0.0066339930629277025, 0.012034112102365104, 0.012898906997739193, 0.009017169194604206]</SD>
		<WAVELENGTH_UNIT>E-6m</WAVELENGTH_UNIT>
		<COLOR>#a018f9</COLOR>
		<COVARIANCE_MATRIX>[[2.9845850804122165e-05, 2.5187424398609437e-05, 2.772981497400906e-05, 1.7291529729845934e-05, 2.829890036082361e-05, 2.665951251401566e-05], [2.5187424398609437e-05, 3.567823296179995e-05, 3.610894054872915e-05, 3.977420783485286e-05, 3.81328136427328e-05, 2.8474116334109567e-05], [2.772981497400906e-05, 3.610894054872915e-05, 4.413245551404543e-05, 4.1755651182029396e-05, 4.09126550948713e-05, 3.108847886323929e-05], [1.7291529729845934e-05, 3.977420783485286e-05, 4.1755651182029396e-05, 0.0001452232536394149, 0.00011333527800161391, 5.833117029396817e-05], [2.829890036082361e-05, 3.81328136427328e-05, 4.09126550948713e-05, 0.00011333527800161391, 0.00016684526053722948, 9.93610083241947e-05], [2.665951251401566e-05, 2.8474116334109567e-05, 3.108847886323929e-05, 5.833117029396817e-05, 9.93610083241947e-05, 8.153582894010469e-05]]</COVARIANCE_MATRIX>
		<ROI_SIZE>360</ROI_SIZE>
		<MAX_VALUE>[0.15898346900939941, 0.1328865885734558, 0.12555436789989471, 0.1233714148402214, 0.07188514620065689, 0.05727195367217064]</MAX_VALUE>
		<MIN_VALUE>[0.11606445908546448, 0.08974046260118484, 0.0779951959848404, 0.0674147754907608, 0.015594057738780975, 0.008768517524003983]</MIN_VALUE>
		<SIGNATURE_THRESHOLD_MD>0.0</SIGNATURE_THRESHOLD_MD>
		<SIGNATURE_THRESHOLD_ML>0.0</SIGNATURE_THRESHOLD_ML>
		<SIGNATURE_THRESHOLD_SAM>0.0</SIGNATURE_THRESHOLD_SAM>
	</signature>
	<signature ID="20210106_145452976324_412">
		<MACROCLASSID>1</MACROCLASSID>
		<MACROCLASSINFO>waterbody</MACROCLASSINFO>
		<CLASSID>4</CLASSID>
		<CLASSINFO>C 1</CLASSINFO>
		<VALUES>[0.11347800985736364, 0.0045235674142956265, 0.09502825065184445, 0.006294818720980435, 0.08411197553751833, 0.008392393010729136, 0.09675644780114545, 0.01730191841074074, 0.0649012336665291, 0.014093220541516216, 0.043734834955657935, 0.01220787583475417]</VALUES>
		<LCS_MIN>[0.10652691125869751, 0.08310259133577347, 0.06680479645729065, 0.0674147754907608, 0.03360721096396446, 0.021702764555811882]</LCS_MIN>
		<LCS_MAX>[0.12560202181339264, 0.11297298967838287, 0.10876878350973129, 0.13386327028274536, 0.09214992821216583, 0.06373907625675201]</LCS_MAX>
		<WAVELENGTH>[0.485, 0.56, 0.66, 0.83, 1.65, 2.215]</WAVELENGTH>
		<MEAN_VALUE>[0.11347800985736364, 0.09502825065184445, 0.08411197553751833, 0.09675644780114545, 0.0649012336665291, 0.043734834955657935]</MEAN_VALUE>
		<CHECKBOX>2</CHECKBOX>
		<SD>[0.0045235674142956265, 0.006294818720980435, 0.008392393010729136, 0.01730191841074074, 0.014093220541516216, 0.01220787583475417]</SD>
		<WAVELENGTH_UNIT>E-6m</WAVELENGTH_UNIT>
		<COLOR>#466430</COLOR>
		<COVARIANCE_MATRIX>[[2.081546699628234e-05, 2.510065314709209e-05, 3.549183384166099e-05, 1.5759915186208673e-05, 3.3646723750280216e-05, 3.1912728445604444e-05], [2.510065314709209e-05, 4.030792842968367e-05, 4.7781868488527834e-05, 3.7494653952308e-05, 5.4831496527185664e-05, 5.0056416512234136e-05], [3.549183384166099e-05, 4.7781868488527834e-05, 7.164660928538069e-05, 2.3736654839012772e-05, 6.463391036959365e-05, 6.551494880113751e-05], [1.5759915186208673e-05, 3.7494653952308e-05, 2.3736654839012772e-05, 0.00030451768543571234, 0.0001443693327018991, 7.629244646523148e-05], [3.3646723750280216e-05, 5.4831496527185664e-05, 6.463391036959365e-05, 0.0001443693327018991, 0.00020204333122819662, 0.00015024638560134917], [3.1912728445604444e-05, 5.0056416512234136e-05, 6.551494880113751e-05, 7.629244646523148e-05, 0.00015024638560134917, 0.00015160175098571926]]</COVARIANCE_MATRIX>
		<ROI_SIZE>59</ROI_SIZE>
		<MAX_VALUE>[0.12560202181339264, 0.11297298967838287, 0.10876878350973129, 0.13386327028274536, 0.09214992821216583, 0.06373907625675201]</MAX_VALUE>
		<MIN_VALUE>[0.10652691125869751, 0.08310259133577347, 0.06680479645729065, 0.0674147754907608, 0.03360721096396446, 0.021702764555811882]</MIN_VALUE>
		<SIGNATURE_THRESHOLD_MD>0.0</SIGNATURE_THRESHOLD_MD>
		<SIGNATURE_THRESHOLD_ML>0.0</SIGNATURE_THRESHOLD_ML>
		<SIGNATURE_THRESHOLD_SAM>0.0</SIGNATURE_THRESHOLD_SAM>
	</signature>
	<signature ID="20210106_145456803084_861">
		<MACROCLASSID>1</MACROCLASSID>
		<MACROCLASSINFO>waterbody</MACROCLASSINFO>
		<CLASSID>5</CLASSID>
		<CLASSINFO>C 1</CLASSINFO>
		<VALUES>[0.10547845604571889, 0.0043782359464813025, 0.08536229203356073, 0.0071513768416168666, 0.07281665749689363, 0.009411848973569961, 0.06987032595467059, 0.01958422142549255, 0.032984410135194334, 0.012911352060230282, 0.02190916382885994, 0.008098457394510263]</VALUES>
		<LCS_MIN>[0.09857894480228424, 0.073145791888237, 0.0556144043803215, 0.04293375834822655, 0.013342414982616901, 0.008768517524003983]</LCS_MIN>
		<LCS_MAX>[0.11765405535697937, 0.10965406149625778, 0.10317356884479523, 0.1093822568655014, 0.06062692776322365, 0.041104141622781754]</LCS_MAX>
		<WAVELENGTH>[0.485, 0.56, 0.66, 0.83, 1.65, 2.215]</WAVELENGTH>
		<MEAN_VALUE>[0.10547845604571889, 0.08536229203356073, 0.07281665749689363, 0.06987032595467059, 0.032984410135194334, 0.02190916382885994]</MEAN_VALUE>
		<CHECKBOX>2</CHECKBOX>
		<SD>[0.0043782359464813025, 0.0071513768416168666, 0.009411848973569961, 0.01958422142549255, 0.012911352060230282, 0.008098457394510263]</SD>
		<WAVELENGTH_UNIT>E-6m</WAVELENGTH_UNIT>
		<COLOR>#69f654</COLOR>
		<COVARIANCE_MATRIX>[[1.958566645043902e-05, 2.639096783241257e-05, 3.437922350713052e-05, 5.689378303941339e-05, 3.1312181818066165e-05, 1.742909080348909e-05], [2.639096783241257e-05, 5.2253977628424764e-05, 6.322591070784256e-05, 9.652502194512635e-05, 5.894794230698608e-05, 3.405243478482589e-05], [3.437922350713052e-05, 6.322591070784256e-05, 9.050861990544945e-05, 0.00011508660827530548, 6.585893424926326e-05, 4.160336538916454e-05], [5.689378303941339e-05, 9.652502194512635e-05, 0.00011508660827530548, 0.0003918795846402645, 0.00019021173648070544, 8.70016883709468e-05], [3.1312181818066165e-05, 5.894794230698608e-05, 6.585893424926326e-05, 0.00019021173648070544, 0.00017032699543051422, 8.829267608234659e-05], [1.742909080348909e-05, 3.405243478482589e-05, 4.160336538916454e-05, 8.70016883709468e-05, 8.829267608234659e-05, 6.70107765472494e-05]]</COVARIANCE_MATRIX>
		<ROI_SIZE>47</ROI_SIZE>
		<MAX_VALUE>[0.11765405535697937, 0.10965406149625778, 0.10317356884479523, 0.1093822568655014, 0.06062692776322365, 0.041104141622781754]</MAX_VALUE>
		<MIN_VALUE>[0.09857894480228424, 0.073145791888237, 0.0556144043803215, 0.04293375834822655, 0.013342414982616901, 0.008768517524003983]</MIN_VALUE>
		<SIGNATURE_THRESHOLD_MD>0.0</SIGNATURE_THRESHOLD_MD>
		<SIGNATURE_THRESHOLD_ML>0.0</SIGNATURE_THRESHOLD_ML>
		<SIGNATURE_THRESHOLD_SAM>0.0</SIGNATURE_THRESHOLD_SAM>
	</signature>
	<signature ID="20210106_145500565899_531">
		<MACROCLASSID>1</MACROCLASSID>
		<MACROCLASSINFO>waterbody</MACROCLASSINFO>
		<CLASSID>6</CLASSID>
		<CLASSINFO>C 1</CLASSINFO>
		<VALUES>[0.11011484861373903, 0.004659163381718899, 0.09173181908471244, 0.006834101557509854, 0.08103258460760115, 0.008495316829295904, 0.09759139439889362, 0.02025644773494824, 0.0552873147385461, 0.01600397422452644, 0.03546850292810372, 0.012826233008729452]</VALUES>
		<LCS_MIN>[0.10016853362321854, 0.07646472007036209, 0.06400719285011292, 0.0604202076792717, 0.02685227431356907, 0.01200208067893982]</LCS_MIN>
		<LCS_MAX>[0.12242283672094345, 0.10633513331413269, 0.10317356884479523, 0.14085786044597626, 0.08089172840118408, 0.05727195367217064]</LCS_MAX>
		<WAVELENGTH>[0.485, 0.56, 0.66, 0.83, 1.65, 2.215]</WAVELENGTH>
		<MEAN_VALUE>[0.11011484861373903, 0.09173181908471244, 0.08103258460760115, 0.09759139439889362, 0.0552873147385461, 0.03546850292810372]</MEAN_VALUE>
		<CHECKBOX>2</CHECKBOX>
		<SD>[0.004659163381718899, 0.006834101557509854, 0.008495316829295904, 0.02025644773494824, 0.01600397422452644, 0.012826233008729452]</SD>
		<WAVELENGTH_UNIT>E-6m</WAVELENGTH_UNIT>
		<COLOR>#6b9dcc</COLOR>
		<COVARIANCE_MATRIX>[[2.2346268451656215e-05, 2.8644217309192754e-05, 3.5998593375552446e-05, 4.959890429745428e-05, 3.688072683871724e-05, 4.001459092251025e-05], [2.8644217309192754e-05, 4.8078618419822305e-05, 5.631104068015702e-05, 9.381405106978491e-05, 6.215823668753728e-05, 5.763703666161746e-05], [3.5998593375552446e-05, 5.631104068015702e-05, 7.429306424455717e-05, 9.729745943332091e-05, 7.246191671583802e-05, 7.189835014287382e-05], [4.959890429745428e-05, 9.381405106978491e-05, 9.729745943332091e-05, 0.00042239201138727367, 0.00021983507031109184, 0.0001401423942297697], [3.688072683871724e-05, 6.215823668753728e-05, 7.246191671583802e-05, 0.00021983507031109184, 0.00026366033125668764, 0.00018637703033164144], [4.001459092251025e-05, 5.763703666161746e-05, 7.189835014287382e-05, 0.0001401423942297697, 0.00018637703033164144, 0.00016935085295699537]]</COVARIANCE_MATRIX>
		<ROI_SIZE>35</ROI_SIZE>
		<MAX_VALUE>[0.12242283672094345, 0.10633513331413269, 0.10317356884479523, 0.14085786044597626, 0.08089172840118408, 0.05727195367217064]</MAX_VALUE>
		<MIN_VALUE>[0.10016853362321854, 0.07646472007036209, 0.06400719285011292, 0.0604202076792717, 0.02685227431356907, 0.01200208067893982]</MIN_VALUE>
		<SIGNATURE_THRESHOLD_MD>0.0</SIGNATURE_THRESHOLD_MD>
		<SIGNATURE_THRESHOLD_ML>0.0</SIGNATURE_THRESHOLD_ML>
		<SIGNATURE_THRESHOLD_SAM>0.0</SIGNATURE_THRESHOLD_SAM>
	</signature>
	<signature ID="20210106_145506005704_672">
		<MACROCLASSID>1</MACROCLASSID>
		<MACROCLASSINFO>waterbody</MACROCLASSINFO>
		<CLASSID>7</CLASSID>
		<CLASSINFO>C 1</CLASSINFO>
		<VALUES>[0.11065985212723414, 0.003661813235466995, 0.0921743435992135, 0.00486776602238168, 0.07861688137054441, 0.005560550954418854, 0.10681757496462928, 0.021777003752279, 0.06387930048836604, 0.01752850115005951, 0.03815800522764523, 0.010753121508430132]</VALUES>
		<LCS_MIN>[0.10493732988834381, 0.08310259133577347, 0.06960240006446838, 0.0674147754907608, 0.029103916138410568, 0.015235641971230507]</LCS_MIN>
		<LCS_MAX>[0.12242283672094345, 0.10301618278026581, 0.09478078782558441, 0.1443551480770111, 0.09665322303771973, 0.060505516827106476]</LCS_MAX>
		<WAVELENGTH>[0.485, 0.56, 0.66, 0.83, 1.65, 2.215]</WAVELENGTH>
		<MEAN_VALUE>[0.11065985212723414, 0.0921743435992135, 0.07861688137054441, 0.10681757496462928, 0.06387930048836604, 0.03815800522764523]</MEAN_VALUE>
		<CHECKBOX>2</CHECKBOX>
		<SD>[0.003661813235466995, 0.00486776602238168, 0.005560550954418854, 0.021777003752279, 0.01752850115005951, 0.010753121508430132]</SD>
		<WAVELENGTH_UNIT>E-6m</WAVELENGTH_UNIT>
		<COLOR>#545564</COLOR>
		<COVARIANCE_MATRIX>[[1.3713623047806323e-05, 1.2613813851203304e-05, 1.728279676171951e-05, -2.173198026866885e-06, 1.3910023881180678e-05, 1.5139748938963749e-05], [1.2613813851203304e-05, 2.4233671865658835e-05, 2.2931224521016702e-05, 4.991122841602191e-05, 5.1179074944229797e-05, 3.465125701040961e-05], [1.728279676171951e-05, 2.2931224521016702e-05, 3.162244684062898e-05, 2.2088135665399022e-05, 3.9163162000477314e-05, 3.5179691622033715e-05], [-2.173198026866885e-06, 4.991122841602191e-05, 2.2088135665399022e-05, 0.00048501603305339813, 0.00032369577093049884, 0.00016575815971009433], [1.3910023881180678e-05, 5.1179074944229797e-05, 3.9163162000477314e-05, 0.00032369577093049884, 0.00031423126347362995, 0.00017659689183346927], [1.5139748938963749e-05, 3.465125701040961e-05, 3.5179691622033715e-05, 0.00016575815971009433, 0.00017659689183346927, 0.0001182575651910156]]</COVARIANCE_MATRIX>
		<ROI_SIZE>45</ROI_SIZE>
		<MAX_VALUE>[0.12242283672094345, 0.10301618278026581, 0.09478078782558441, 0.1443551480770111, 0.09665322303771973, 0.060505516827106476]</MAX_VALUE>
		<MIN_VALUE>[0.10493732988834381, 0.08310259133577347, 0.06960240006446838, 0.0674147754907608, 0.029103916138410568, 0.015235641971230507]</MIN_VALUE>
		<SIGNATURE_THRESHOLD_MD>0.0</SIGNATURE_THRESHOLD_MD>
		<SIGNATURE_THRESHOLD_ML>0.0</SIGNATURE_THRESHOLD_ML>
		<SIGNATURE_THRESHOLD_SAM>0.0</SIGNATURE_THRESHOLD_SAM>
	</signature>
	<signature ID="20210106_145509637436_105">
		<MACROCLASSID>1</MACROCLASSID>
		<MACROCLASSINFO>waterbody</MACROCLASSINFO>
		<CLASSID>8</CLASSID>
		<CLASSINFO>C 1</CLASSINFO>
		<VALUES>[0.11570112960679191, 0.00652740950506539, 0.10036104215042933, 0.007518264439522089, 0.08526894897222519, 0.009002133144594226, 0.13686095859323233, 0.033681461870123774, 0.08295036213738578, 0.024532266905441857, 0.05052766469972474, 0.015035621396572788]</VALUES>
		<LCS_MIN>[0.10175812989473343, 0.08974046260118484, 0.06960240006446838, 0.08490122854709625, 0.031355563551187515, 0.024936329573392868]</LCS_MIN>
		<LCS_MAX>[0.13196039199829102, 0.11629192531108856, 0.10317356884479523, 0.20031176507472992, 0.12142129987478256, 0.07667332887649536]</LCS_MAX>
		<WAVELENGTH>[0.485, 0.56, 0.66, 0.83, 1.65, 2.215]</WAVELENGTH>
		<MEAN_VALUE>[0.11570112960679191, 0.10036104215042933, 0.08526894897222519, 0.13686095859323233, 0.08295036213738578, 0.05052766469972474]</MEAN_VALUE>
		<CHECKBOX>2</CHECKBOX>
		<SD>[0.00652740950506539, 0.007518264439522089, 0.009002133144594226, 0.033681461870123774, 0.024532266905441857, 0.015035621396572788]</SD>
		<WAVELENGTH_UNIT>E-6m</WAVELENGTH_UNIT>
		<COLOR>#cf7c0a</COLOR>
		<COVARIANCE_MATRIX>[[4.386022555991076e-05, 4.385079591884278e-05, 5.203038745094091e-05, 4.723041638499126e-05, 8.614432590547949e-05, 5.840215089847334e-05], [4.385079591884278e-05, 5.81867789151147e-05, 6.248286081245169e-05, 0.00011504856229294091, 0.00013442704221233726, 8.793906454229727e-05], [5.203038745094091e-05, 6.248286081245169e-05, 8.342188084498048e-05, 4.8632293328410015e-05, 0.00011927708692383021, 9.28034569369629e-05], [4.723041638499126e-05, 0.00011504856229294091, 4.8632293328410015e-05, 0.0011678067967295647, 0.000666698208078742, 0.0003005359321832657], [8.614432590547949e-05, 0.00013442704221233726, 0.00011927708692383021, 0.000666698208078742, 0.0006195330643095076, 0.0003459985018707812], [5.840215089847334e-05, 8.793906454229727e-05, 9.28034569369629e-05, 0.0003005359321832657, 0.0003459985018707812, 0.00023271903046406806]]</COVARIANCE_MATRIX>
		<ROI_SIZE>35</ROI_SIZE>
		<MAX_VALUE>[0.13196039199829102, 0.11629192531108856, 0.10317356884479523, 0.20031176507472992, 0.12142129987478256, 0.07667332887649536]</MAX_VALUE>
		<MIN_VALUE>[0.10175812989473343, 0.08974046260118484, 0.06960240006446838, 0.08490122854709625, 0.031355563551187515, 0.024936329573392868]</MIN_VALUE>
		<SIGNATURE_THRESHOLD_MD>0.0</SIGNATURE_THRESHOLD_MD>
		<SIGNATURE_THRESHOLD_ML>0.0</SIGNATURE_THRESHOLD_ML>
		<SIGNATURE_THRESHOLD_SAM>0.0</SIGNATURE_THRESHOLD_SAM>
	</signature>
	<signature ID="20210106_145514803545_213">
		<MACROCLASSID>1</MACROCLASSID>
		<MACROCLASSINFO>waterbody</MACROCLASSINFO>
		<CLASSID>9</CLASSID>
		<CLASSINFO>C 1</CLASSINFO>
		<VALUES>[0.11026245541870594, 0.003703267753086473, 0.09073614068329335, 0.00421125225099657, 0.07771543338894846, 0.004414535626095257, 0.09924011491239071, 0.01876516588094649, 0.0521832637488842, 0.014309457294679468, 0.03091841833665967, 0.008930429323563499]</VALUES>
		<LCS_MIN>[0.10493732988834381, 0.08642152696847916, 0.07239999622106552, 0.0674147754907608, 0.03360721096396446, 0.021702764555811882]</LCS_MIN>
		<LCS_MAX>[0.11765405535697937, 0.10301618278026581, 0.08918558061122894, 0.13386327028274536, 0.08089172840118408, 0.05080482363700867]</LCS_MAX>
		<WAVELENGTH>[0.485, 0.56, 0.66, 0.83, 1.65, 2.215]</WAVELENGTH>
		<MEAN_VALUE>[0.11026245541870594, 0.09073614068329335, 0.07771543338894846, 0.09924011491239071, 0.0521832637488842, 0.03091841833665967]</MEAN_VALUE>
		<CHECKBOX>2</CHECKBOX>
		<SD>[0.003703267753086473, 0.00421125225099657, 0.004414535626095257, 0.01876516588094649, 0.014309457294679468, 0.008930429323563499]</SD>
		<WAVELENGTH_UNIT>E-6m</WAVELENGTH_UNIT>
		<COLOR>#7df844</COLOR>
		<COVARIANCE_MATRIX>[[1.4435991943173576e-05, 1.0523713172005955e-05, 1.4441163330047857e-05, -4.301103217585478e-06, 2.3594393496750854e-05, 1.7597858459339477e-05], [1.0523713172005955e-05, 1.8668048141989857e-05, 1.544247970741708e-05, 3.75097879441455e-05, 4.149509913986549e-05, 2.6491024982533418e-05], [1.4441163330047857e-05, 1.544247970741708e-05, 2.0513814888545312e-05, 4.2225406104989816e-06, 3.9950151403900236e-05, 2.651967588462867e-05], [-4.301103217585478e-06, 3.75097879441455e-05, 4.2225406104989816e-06, 0.00037066469667479396, 7.52235937397927e-05, 2.5771920263650827e-05], [2.3594393496750854e-05, 4.149509913986549e-05, 3.9950151403900236e-05, 7.52235937397927e-05, 0.00021553743863478303, 0.00012252871238160878], [1.7597858459339477e-05, 2.6491024982533418e-05, 2.651967588462867e-05, 2.5771920263650827e-05, 0.00012252871238160878, 8.395007171202451e-05]]</COVARIANCE_MATRIX>
		<ROI_SIZE>20</ROI_SIZE>
		<MAX_VALUE>[0.11765405535697937, 0.10301618278026581, 0.08918558061122894, 0.13386327028274536, 0.08089172840118408, 0.05080482363700867]</MAX_VALUE>
		<MIN_VALUE>[0.10493732988834381, 0.08642152696847916, 0.07239999622106552, 0.0674147754907608, 0.03360721096396446, 0.021702764555811882]</MIN_VALUE>
		<SIGNATURE_THRESHOLD_MD>0.0</SIGNATURE_THRESHOLD_MD>
		<SIGNATURE_THRESHOLD_ML>0.0</SIGNATURE_THRESHOLD_ML>
		<SIGNATURE_THRESHOLD_SAM>0.0</SIGNATURE_THRESHOLD_SAM>
	</signature>
	<signature ID="20210106_145518728488_565">
		<MACROCLASSID>1</MACROCLASSID>
		<MACROCLASSINFO>waterbody</MACROCLASSINFO>
		<CLASSID>10</CLASSID>
		<CLASSINFO>C 1</CLASSINFO>
		<VALUES>[0.11081881076097488, 0.003143212051470648, 0.09281047228723766, 0.004351947068885114, 0.07960381172597408, 0.00576357722796537, 0.10431118607521059, 0.01741548194121223, 0.06237194929271936, 0.013133929648936745, 0.0376280605327338, 0.009128372523046137]</VALUES>
		<LCS_MIN>[0.10652691125869751, 0.08642152696847916, 0.07239999622106552, 0.07091207802295685, 0.03360721096396446, 0.018469203263521194]</LCS_MIN>
		<LCS_MAX>[0.11924364417791367, 0.10301618278026581, 0.09198317676782608, 0.13386327028274536, 0.08764664083719254, 0.0540383905172348]</LCS_MAX>
		<WAVELENGTH>[0.485, 0.56, 0.66, 0.83, 1.65, 2.215]</WAVELENGTH>
		<MEAN_VALUE>[0.11081881076097488, 0.09281047228723766, 0.07960381172597408, 0.10431118607521059, 0.06237194929271936, 0.0376280605327338]</MEAN_VALUE>
		<CHECKBOX>2</CHECKBOX>
		<SD>[0.003143212051470648, 0.004351947068885114, 0.00576357722796537, 0.01741548194121223, 0.013133929648936745, 0.009128372523046137]</SD>
		<WAVELENGTH_UNIT>E-6m</WAVELENGTH_UNIT>
		<COLOR>#78cf2e</COLOR>
		<COVARIANCE_MATRIX>[[1.013310975395143e-05, 8.941707164922263e-06, 1.1391251973691396e-05, 2.6171288482146338e-05, 2.0493167539825663e-05, 1.635587977943942e-05], [8.941707164922263e-06, 1.942506969498936e-05, 2.1599611500278115e-05, 4.3051037209806964e-05, 3.397842374397442e-05, 2.8006314096273854e-05], [1.1391251973691396e-05, 2.1599611500278115e-05, 3.407058829907328e-05, 4.3990399717586115e-05, 4.0084662032313645e-05, 3.171391290379688e-05], [2.6171288482146338e-05, 4.3051037209806964e-05, 4.3990399717586115e-05, 0.00031107591348700225, 0.0001687900657998398, 0.00010167682921746746], [2.0493167539825663e-05, 3.397842374397442e-05, 4.0084662032313645e-05, 0.0001687900657998398, 0.00017692318942863494, 0.00010049877892015502], [1.635587977943942e-05, 2.8006314096273854e-05, 3.171391290379688e-05, 0.00010167682921746746, 0.00010049877892015502, 8.546377648599446e-05]]</COVARIANCE_MATRIX>
		<ROI_SIZE>40</ROI_SIZE>
		<MAX_VALUE>[0.11924364417791367, 0.10301618278026581, 0.09198317676782608, 0.13386327028274536, 0.08764664083719254, 0.0540383905172348]</MAX_VALUE>
		<MIN_VALUE>[0.10652691125869751, 0.08642152696847916, 0.07239999622106552, 0.07091207802295685, 0.03360721096396446, 0.018469203263521194]</MIN_VALUE>
		<SIGNATURE_THRESHOLD_MD>0.0</SIGNATURE_THRESHOLD_MD>
		<SIGNATURE_THRESHOLD_ML>0.0</SIGNATURE_THRESHOLD_ML>
		<SIGNATURE_THRESHOLD_SAM>0.0</SIGNATURE_THRESHOLD_SAM>
	</signature>
	<signature ID="20210106_145528385955_553">
		<MACROCLASSID>1</MACROCLASSID>
		<MACROCLASSINFO>waterbody</MACROCLASSINFO>
		<CLASSID>11</CLASSID>
		<CLASSINFO>C 1</CLASSINFO>
		<VALUES>[0.1108231079336759, 0.003702459811704986, 0.09238663577550167, 0.004756048890863639, 0.07909154891967772, 0.0061329825269043, 0.10418358143116976, 0.0174981936265875, 0.061935313801104966, 0.015774569043532822, 0.037389912894247354, 0.011146792530644187]</VALUES>
		<LCS_MIN>[0.10493732988834381, 0.08310259133577347, 0.06680479645729065, 0.0674147754907608, 0.03360721096396446, 0.018469203263521194]</LCS_MIN>
		<LCS_MAX>[0.12083324790000916, 0.10301618278026581, 0.09198317676782608, 0.13386327028274536, 0.09665322303771973, 0.07020620256662369]</LCS_MAX>
		<WAVELENGTH>[0.485, 0.56, 0.66, 0.83, 1.65, 2.215]</WAVELENGTH>
		<MEAN_VALUE>[0.1108231079336759, 0.09238663577550167, 0.07909154891967772, 0.10418358143116976, 0.061935313801104966, 0.037389912894247354]</MEAN_VALUE>
		<CHECKBOX>2</CHECKBOX>
		<SD>[0.003702459811704986, 0.004756048890863639, 0.0061329825269043, 0.0174981936265875, 0.015774569043532822, 0.011146792530644187]</SD>
		<WAVELENGTH_UNIT>E-6m</WAVELENGTH_UNIT>
		<COLOR>#dd7812</COLOR>
		<COVARIANCE_MATRIX>[[1.3895992196921725e-05, 1.2614123988896608e-05, 1.6424890418420546e-05, 1.715735015750397e-05, 3.141765046166256e-05, 2.5822002498898655e-05], [1.2614123988896608e-05, 2.292986391694285e-05, 2.529579069232568e-05, 4.208868267596699e-05, 4.9927777581615373e-05, 3.936579014407471e-05], [1.6424890418420546e-05, 2.529579069232568e-05, 3.8128728192532435e-05, 3.593384099076502e-05, 5.549749039346352e-05, 4.4773863919544965e-05], [1.715735015750397e-05, 4.208868267596699e-05, 3.593384099076502e-05, 0.00031038111774250865, 0.0001651431230129674, 9.630190470488742e-05], [3.141765046166256e-05, 4.9927777581615373e-05, 5.549749039346352e-05, 0.0001651431230129674, 0.00025224575074389577, 0.00015702574455644935], [2.5822002498898655e-05, 3.936579014407471e-05, 4.4773863919544965e-05, 9.630190470488742e-05, 0.00015702574455644935, 0.00012595305452123284]]</COVARIANCE_MATRIX>
		<ROI_SIZE>74</ROI_SIZE>
		<MAX_VALUE>[0.12083324790000916, 0.10301618278026581, 0.09198317676782608, 0.13386327028274536, 0.09665322303771973, 0.07020620256662369]</MAX_VALUE>
		<MIN_VALUE>[0.10493732988834381, 0.08310259133577347, 0.06680479645729065, 0.0674147754907608, 0.03360721096396446, 0.018469203263521194]</MIN_VALUE>
		<SIGNATURE_THRESHOLD_MD>0.0</SIGNATURE_THRESHOLD_MD>
		<SIGNATURE_THRESHOLD_ML>0.0</SIGNATURE_THRESHOLD_ML>
		<SIGNATURE_THRESHOLD_SAM>0.0</SIGNATURE_THRESHOLD_SAM>
	</signature>
	<signature ID="20210106_145533826154_405">
		<MACROCLASSID>1</MACROCLASSID>
		<MACROCLASSINFO>waterbody</MACROCLASSINFO>
		<CLASSID>12</CLASSID>
		<CLASSINFO>C 1</CLASSINFO>
		<VALUES>[0.1109668072955362, 0.0036363285092713827, 0.09345995275111035, 0.0043175855753300905, 0.07915282069609081, 0.005878272770822335, 0.11366341995268031, 0.017750288447973394, 0.07052639313042162, 0.013784891207204785, 0.04283242325844436, 0.009797130633005163]</VALUES>
		<LCS_MIN>[0.10652691125869751, 0.08310259133577347, 0.06680479645729065, 0.0744093582034111, 0.038110487163066864, 0.021702764555811882]</LCS_MIN>
		<LCS_MAX>[0.12083324790000916, 0.10301618278026581, 0.09198317676782608, 0.14785245060920715, 0.09665322303771973, 0.06697262823581696]</LCS_MAX>
		<WAVELENGTH>[0.485, 0.56, 0.66, 0.83, 1.65, 2.215]</WAVELENGTH>
		<MEAN_VALUE>[0.1109668072955362, 0.09345995275111035, 0.07915282069609081, 0.11366341995268031, 0.07052639313042162, 0.04283242325844436]</MEAN_VALUE>
		<CHECKBOX>2</CHECKBOX>
		<SD>[0.0036363285092713827, 0.0043175855753300905, 0.005878272770822335, 0.017750288447973394, 0.013784891207204785, 0.009797130633005163]</SD>
		<WAVELENGTH_UNIT>E-6m</WAVELENGTH_UNIT>
		<COLOR>#3c75ca</COLOR>
		<COVARIANCE_MATRIX>[[1.3454865438689012e-05, 8.093943506537471e-06, 1.4508693311654497e-05, -6.369773473124951e-06, 1.6248195606749505e-05, 1.8884138626162894e-05], [8.093943506537471e-06, 1.896859066619072e-05, 2.1356145225581713e-05, 2.757866786851082e-05, 3.319924871902913e-05, 2.4713399398024194e-05], [1.4508693311654497e-05, 2.1356145225581713e-05, 3.5160301194991916e-05, 1.1778686712204944e-05, 3.4975193557329476e-05, 3.414901948417537e-05], [-6.369773473124951e-06, 2.757866786851082e-05, 1.1778686712204944e-05, 0.00032060034573078156, 0.00014669570373371243, 5.020503522246145e-05], [1.6248195606749505e-05, 3.319924871902913e-05, 3.4975193557329476e-05, 0.00014669570373371243, 0.00019335697288624942, 9.52520058490336e-05], [1.8884138626162894e-05, 2.4713399398024194e-05, 3.414901948417537e-05, 5.020503522246145e-05, 9.52520058490336e-05, 9.766769653651863e-05]]</COVARIANCE_MATRIX>
		<ROI_SIZE>58</ROI_SIZE>
		<MAX_VALUE>[0.12083324790000916, 0.10301618278026581, 0.09198317676782608, 0.14785245060920715, 0.09665322303771973, 0.06697262823581696]</MAX_VALUE>
		<MIN_VALUE>[0.10652691125869751, 0.08310259133577347, 0.06680479645729065, 0.0744093582034111, 0.038110487163066864, 0.021702764555811882]</MIN_VALUE>
		<SIGNATURE_THRESHOLD_MD>0.0</SIGNATURE_THRESHOLD_MD>
		<SIGNATURE_THRESHOLD_ML>0.0</SIGNATURE_THRESHOLD_ML>
		<SIGNATURE_THRESHOLD_SAM>0.0</SIGNATURE_THRESHOLD_SAM>
	</signature>
	<signature ID="20210106_145537337460_449">
		<MACROCLASSID>1</MACROCLASSID>
		<MACROCLASSINFO>waterbody</MACROCLASSINFO>
		<CLASSID>13</CLASSID>
		<CLASSINFO>C 1</CLASSINFO>
		<VALUES>[0.11014765087101194, 0.005319940369774025, 0.09195308056142595, 0.005531553510163097, 0.07923857122659685, 0.007115551118343677, 0.11268524866965084, 0.02103135557623767, 0.06275348034169939, 0.01571626829209442, 0.03553522719691197, 0.008940704193213437]</VALUES>
		<LCS_MIN>[0.10334771871566772, 0.08310259133577347, 0.06960240006446838, 0.0814039409160614, 0.03360721096396446, 0.018469203263521194]</LCS_MIN>
		<LCS_MAX>[0.12083324790000916, 0.10301618278026581, 0.09757839143276215, 0.1583443135023117, 0.08764664083719254, 0.04757126420736313]</LCS_MAX>
		<WAVELENGTH>[0.485, 0.56, 0.66, 0.83, 1.65, 2.215]</WAVELENGTH>
		<MEAN_VALUE>[0.11014765087101194, 0.09195308056142595, 0.07923857122659685, 0.11268524866965084, 0.06275348034169939, 0.03553522719691197]</MEAN_VALUE>
		<CHECKBOX>2</CHECKBOX>
		<SD>[0.005319940369774025, 0.005531553510163097, 0.007115551118343677, 0.02103135557623767, 0.01571626829209442, 0.008940704193213437]</SD>
		<WAVELENGTH_UNIT>E-6m</WAVELENGTH_UNIT>
		<COLOR>#558e82</COLOR>
		<COVARIANCE_MATRIX>[[2.99665753118461e-05, 2.2240890757529996e-05, 3.708773874677718e-05, 3.688008291646838e-06, 1.9428238374530338e-05, 3.223447492928244e-05], [2.2240890757529996e-05, 3.239797297283076e-05, 3.6411915061762556e-05, 6.736767682014033e-05, 6.755055073881522e-05, 4.145487764617428e-05], [3.708773874677718e-05, 3.6411915061762556e-05, 5.3609364840667695e-05, 3.708973599714227e-05, 4.685284511651844e-05, 4.883770816377364e-05], [3.688008291646838e-06, 6.736767682014033e-05, 3.708973599714227e-05, 0.00046833662781864405, 0.00027419731486588717, 0.0001119413718697615], [1.9428238374530338e-05, 6.755055073881522e-05, 4.685284511651844e-05, 0.00027419731486588717, 0.0002615305711515248, 0.00010718999692471698], [3.223447492928244e-05, 4.145487764617428e-05, 4.883770816377364e-05, 0.0001119413718697615, 0.00010718999692471698, 8.463831909466535e-05]]</COVARIANCE_MATRIX>
		<ROI_SIZE>18</ROI_SIZE>
		<MAX_VALUE>[0.12083324790000916, 0.10301618278026581, 0.09757839143276215, 0.1583443135023117, 0.08764664083719254, 0.04757126420736313]</MAX_VALUE>
		<MIN_VALUE>[0.10334771871566772, 0.08310259133577347, 0.06960240006446838, 0.0814039409160614, 0.03360721096396446, 0.018469203263521194]</MIN_VALUE>
		<SIGNATURE_THRESHOLD_MD>0.0</SIGNATURE_THRESHOLD_MD>
		<SIGNATURE_THRESHOLD_ML>0.0</SIGNATURE_THRESHOLD_ML>
		<SIGNATURE_THRESHOLD_SAM>0.0</SIGNATURE_THRESHOLD_SAM>
	</signature>
	<signature ID="20210106_145543924854_171">
		<MACROCLASSID>1</MACROCLASSID>
		<MACROCLASSINFO>waterbody</MACROCLASSINFO>
		<CLASSID>14</CLASSID>
		<CLASSINFO>C 1</CLASSINFO>
		<VALUES>[0.10794619257961002, 0.0036629481526785413, 0.09222965873777866, 0.004908766557203246, 0.07230008154043126, 0.0057665344421368985, 0.17295798340014049, 0.033766165603009435, 0.10099567951900618, 0.015966138798241047, 0.05369193678987877, 0.009866312495504069]</VALUES>
		<LCS_MIN>[0.10175812989473343, 0.08310259133577347, 0.06400719285011292, 0.12686870992183685, 0.07864008098840714, 0.03787057846784592]</LCS_MIN>
		<LCS_MAX>[0.11606445908546448, 0.10301618278026581, 0.08359038829803467, 0.22829009592533112, 0.13042786717414856, 0.07343976199626923]</LCS_MAX>
		<WAVELENGTH>[0.485, 0.56, 0.66, 0.83, 1.65, 2.215]</WAVELENGTH>
		<MEAN_VALUE>[0.10794619257961002, 0.09222965873777866, 0.07230008154043126, 0.17295798340014049, 0.10099567951900618, 0.05369193678987877]</MEAN_VALUE>
		<CHECKBOX>2</CHECKBOX>
		<SD>[0.0036629481526785413, 0.004908766557203246, 0.0057665344421368985, 0.033766165603009435, 0.015966138798241047, 0.009866312495504069]</SD>
		<WAVELENGTH_UNIT>E-6m</WAVELENGTH_UNIT>
		<COLOR>#142d54</COLOR>
		<COVARIANCE_MATRIX>[[1.3914122064306866e-05, 1.626688572287094e-05, 1.546464227430988e-05, 7.876355812186375e-05, 3.5896096960641444e-05, 2.2021960830898024e-05], [1.626688572287094e-05, 2.498843241482973e-05, 2.123523699992802e-05, 0.00012004924064967781, 5.7708566600922495e-05, 3.428268610150553e-05], [1.546464227430988e-05, 2.123523699992802e-05, 3.448451025178656e-05, 4.8622434405842796e-05, 4.221127528580837e-05, 2.47574171226006e-05], [7.876355812186375e-05, 0.00012004924064967781, 4.8622434405842796e-05, 0.001182381878606975, 0.00047112489119172096, 0.00022430423996411264], [3.5896096960641444e-05, 5.7708566600922495e-05, 4.221127528580837e-05, 0.00047112489119172096, 0.00026435896870680153, 0.00013854763528797776], [2.2021960830898024e-05, 3.428268610150553e-05, 2.47574171226006e-05, 0.00022430423996411264, 0.00013854763528797776, 0.00010094945901073515]]</COVARIANCE_MATRIX>
		<ROI_SIZE>28</ROI_SIZE>
		<MAX_VALUE>[0.11606445908546448, 0.10301618278026581, 0.08359038829803467, 0.22829009592533112, 0.13042786717414856, 0.07343976199626923]</MAX_VALUE>
		<MIN_VALUE>[0.10175812989473343, 0.08310259133577347, 0.06400719285011292, 0.12686870992183685, 0.07864008098840714, 0.03787057846784592]</MIN_VALUE>
		<SIGNATURE_THRESHOLD_MD>0.0</SIGNATURE_THRESHOLD_MD>
		<SIGNATURE_THRESHOLD_ML>0.0</SIGNATURE_THRESHOLD_ML>
		<SIGNATURE_THRESHOLD_SAM>0.0</SIGNATURE_THRESHOLD_SAM>
	</signature>
	<signature ID="20210106_145557702949_997">
		<MACROCLASSID>1</MACROCLASSID>
		<MACROCLASSINFO>waterbody</MACROCLASSINFO>
		<CLASSID>15</CLASSID>
		<CLASSINFO>C 1</CLASSINFO>
		<VALUES>[0.13943736665147952, 0.004386794243709867, 0.12637164254510208, 0.006177349984953242, 0.12084730249391036, 0.006891712052524754, 0.11867135246752435, 0.008651689175488263, 0.0549918614308197, 0.01366115831201008, 0.03393555472964648, 0.009055030777072978]</VALUES>
		<LCS_MIN>[0.12878121435642242, 0.11297298967838287, 0.10597117990255356, 0.0953930988907814, 0.02685227431356907, 0.015235641971230507]</LCS_MIN>
		<LCS_MAX>[0.14944590628147125, 0.139524444937706, 0.13674478232860565, 0.1303659975528717, 0.07864008098840714, 0.0540383905172348]</LCS_MAX>
		<WAVELENGTH>[0.485, 0.56, 0.66, 0.83, 1.65, 2.215]</WAVELENGTH>
		<MEAN_VALUE>[0.13943736665147952, 0.12637164254510208, 0.12084730249391036, 0.11867135246752435, 0.0549918614308197, 0.03393555472964648]</MEAN_VALUE>
		<CHECKBOX>2</CHECKBOX>
		<SD>[0.004386794243709867, 0.006177349984953242, 0.006891712052524754, 0.008651689175488263, 0.01366115831201008, 0.009055030777072978]</SD>
		<WAVELENGTH_UNIT>E-6m</WAVELENGTH_UNIT>
		<COLOR>#026aec</COLOR>
		<COVARIANCE_MATRIX>[[1.934632564370986e-05, 2.3490421881433576e-05, 2.622758438519668e-05, 2.719728581723757e-05, 1.033497665048344e-05, 6.7764481173071545e-06], [2.3490421881433576e-05, 3.836262840195559e-05, 3.9005946746328846e-05, 4.1391489503439516e-05, 1.2184202205389738e-05, 9.448623131902423e-06], [2.622758438519668e-05, 3.9005946746328846e-05, 4.7748329961905256e-05, 4.7704084863653407e-05, 1.3809939446218777e-05, 1.0346160706831142e-05], [2.719728581723757e-05, 4.1391489503439516e-05, 4.7704084863653407e-05, 7.524987449869514e-05, 6.45188702037558e-05, 4.2341449443483725e-05], [1.033497665048344e-05, 1.2184202205389738e-05, 1.3809939446218777e-05, 6.45188702037558e-05, 0.0001876199385151267, 0.00011395241017453372], [6.7764481173071545e-06, 9.448623131902423e-06, 1.0346160706831142e-05, 4.2341449443483725e-05, 0.00011395241017453372, 8.24297167127952e-05]]</COVARIANCE_MATRIX>
		<ROI_SIZE>189</ROI_SIZE>
		<MAX_VALUE>[0.14944590628147125, 0.139524444937706, 0.13674478232860565, 0.1303659975528717, 0.07864008098840714, 0.0540383905172348]</MAX_VALUE>
		<MIN_VALUE>[0.12878121435642242, 0.11297298967838287, 0.10597117990255356, 0.0953930988907814, 0.02685227431356907, 0.015235641971230507]</MIN_VALUE>
		<SIGNATURE_THRESHOLD_MD>0.0</SIGNATURE_THRESHOLD_MD>
		<SIGNATURE_THRESHOLD_ML>0.0</SIGNATURE_THRESHOLD_ML>
		<SIGNATURE_THRESHOLD_SAM>0.0</SIGNATURE_THRESHOLD_SAM>
	</signature>
	<signature ID="20210106_145618586425_564">
		<MACROCLASSID>1</MACROCLASSID>
		<MACROCLASSINFO>waterbody</MACROCLASSINFO>
		<CLASSID>16</CLASSID>
		<CLASSINFO>C 1</CLASSINFO>
