<?xml version="1.0" ?>
<signaturelist MCID_LIST="[['1', 'waterbody', '#0000ff'], ['2', 'vegetation', '#00ff00'], ['3', 'bareland', '#ffaa00'], ['4', 'built-up', '#ff0000']]">
	<signature ID="20210204_125112565980_456">
		<MACROCLASSID>1</MACROCLASSID>
		<MACROCLASSINFO>waterbody</MACROCLASSINFO>
		<CLASSID>1</CLASSID>
		<CLASSINFO>C 1</CLASSINFO>
		<VALUES>[0.13568287998437933, 0.0022053466027498214, 0.11252244822003607, 0.0025261674482644774, 0.07917926786482833, 0.002462760627932229, 0.06701718313265438, 0.0031834804498417635, 0.024168219973356244, 0.0024845102938446163, 0.01630493858305755, 0.0034615041331340396]</VALUES>
		<LCS_MIN>[0.12638722360134125, 0.09569428861141205, 0.07067279517650604, 0.06021875888109207, 0.014114940539002419, 0.005855427589267492]</LCS_MIN>
		<LCS_MAX>[0.14407698810100555, 0.12133923172950745, 0.09138984978199005, 0.10091636329889297, 0.049845144152641296, 0.02980092726647854]</LCS_MAX>
		<WAVELENGTH>[0.485, 0.56, 0.66, 0.83, 1.65, 2.215]</WAVELENGTH>
		<MEAN_VALUE>[0.13568287998437933, 0.11252244822003607, 0.07917926786482833, 0.06701718313265438, 0.024168219973356244, 0.01630493858305755]</MEAN_VALUE>
		<CHECKBOX>2</CHECKBOX>
		<SD>[0.0022053466027498214, 0.0025261674482644774, 0.002462760627932229, 0.0031834804498417635, 0.0024845102938446163, 0.0034615041331340396]</SD>
		<WAVELENGTH_UNIT>E-6m</WAVELENGTH_UNIT>
		<COLOR>#a3a0ac</COLOR>
		<COVARIANCE_MATRIX>[[4.902652589523713e-06, 2.4428702300534636e-06, 2.284260680396606e-06, 1.2783043206049033e-07, 9.280550820317858e-07, 1.4775666379215037e-06], [2.4428702300534636e-06, 6.340999850630965e-06, 2.689206373817953e-06, 2.001438490967457e-07, 6.83856429679652e-07, 1.197076716841901e-06], [2.284260680396606e-06, 2.689206373817953e-06, 5.817877386615955e-06, 7.264240602320473e-07, 1.2036367265010069e-06, 1.530347593146806e-06], [1.2783043206049033e-07, 2.001438490967457e-07, 7.264240602320473e-07, 8.957133260836332e-06, 2.3225711509987494e-06, 1.0362893555739571e-06], [9.280550820317858e-07, 6.83856429679652e-07, 1.2036367265010069e-06, 2.3225711509987494e-06, 6.716605380874715e-06, 2.8158781110175373e-06], [1.4775666379215037e-06, 1.197076716841901e-06, 1.530347593146806e-06, 1.0362893555739571e-06, 2.8158781110175373e-06, 1.2089792331395647e-05]]</COVARIANCE_MATRIX>
		<ROI_SIZE>10139</ROI_SIZE>
		<MAX_VALUE>[0.14407698810100555, 0.12133923172950745, 0.09138984978199005, 0.10091636329889297, 0.049845144152641296, 0.02980092726647854]</MAX_VALUE>
		<MIN_VALUE>[0.12638722360134125, 0.09569428861141205, 0.07067279517650604, 0.06021875888109207, 0.014114940539002419, 0.005855427589267492]</MIN_VALUE>
		<SIGNATURE_THRESHOLD_MD>0</SIGNATURE_THRESHOLD_MD>
		<SIGNATURE_THRESHOLD_ML>0</SIGNATURE_THRESHOLD_ML>
		<SIGNATURE_THRESHOLD_SAM>0</SIGNATURE_THRESHOLD_SAM>
	</signature>
	<signature ID="20210204_125121104752_848">
		<MACROCLASSID>1</MACROCLASSID>
		<MACROCLASSINFO>waterbody</MACROCLASSINFO>
		<CLASSID>2</CLASSID>
		<CLASSINFO>C 1</CLASSINFO>
		<VALUES>[0.12983307880052403, 0.004400857071391745, 0.11258589547073214, 0.004820634138802501, 0.07706317211138426, 0.0033273264774961644, 0.06839259185624151, 0.004001350509775965, 0.026242353850668483, 0.0033422447181493545, 0.018337601163372606, 0.00413624192843745]</VALUES>
		<LCS_MIN>[0.11459407210350037, 0.09569428861141205, 0.06771321594715118, 0.06021875888109207, 0.014114940539002419, 0.005855427589267492]</LCS_MIN>
		<LCS_MAX>[0.14112871885299683, 0.12454484403133392, 0.10026859492063522, 0.10831592977046967, 0.06890126317739487, 0.06058799847960472]</LCS_MAX>
		<WAVELENGTH>[0.485, 0.56, 0.66, 0.83, 1.65, 2.215]</WAVELENGTH>
		<MEAN_VALUE>[0.12983307880052403, 0.11258589547073214, 0.07706317211138426, 0.06839259185624151, 0.026242353850668483, 0.018337601163372606]</MEAN_VALUE>
		<CHECKBOX>2</CHECKBOX>
		<SD>[0.004400857071391745, 0.004820634138802501, 0.0033273264774961644, 0.004001350509775965, 0.0033422447181493545, 0.00413624192843745]</SD>
		<WAVELENGTH_UNIT>E-6m</WAVELENGTH_UNIT>
		<COLOR>#ead6ef</COLOR>
		<COVARIANCE_MATRIX>[[1.7134768869861762e-05, 1.4740236591096831e-05, 6.2060823317636935e-06, -5.5150851436085906e-06, 2.9322112893351445e-06, 5.194515185883077e-06], [1.4740236591096831e-05, 1.9782850417747386e-05, 8.106128947667765e-06, -4.895616789974307e-06, 3.649190159383104e-06, 5.438119454762613e-06], [6.2060823317636935e-06, 8.106128947667765e-06, 1.049626353992837e-05, 9.284458687788821e-07, 4.6753844602350695e-06, 4.9782255172294716e-06], [-5.5150851436085906e-06, -4.895616789974307e-06, 9.284458687788821e-07, 1.4451313040602352e-05, 5.043455608113684e-06, 3.375381119708866e-06], [2.9322112893351445e-06, 3.649190159383104e-06, 4.6753844602350695e-06, 5.043455608113684e-06, 1.0602302858515582e-05, 6.754373491721903e-06], [5.194515185883077e-06, 5.438119454762613e-06, 4.9782255172294716e-06, 3.375381119708866e-06, 6.754373491721903e-06, 1.6088186843269012e-05]]</COVARIANCE_MATRIX>
		<ROI_SIZE>10051</ROI_SIZE>
		<MAX_VALUE>[0.14112871885299683, 0.12454484403133392, 0.10026859492063522, 0.10831592977046967, 0.06890126317739487, 0.06058799847960472]</MAX_VALUE>
		<MIN_VALUE>[0.11459407210350037, 0.09569428861141205, 0.06771321594715118, 0.06021875888109207, 0.014114940539002419, 0.005855427589267492]</MIN_VALUE>
		<SIGNATURE_THRESHOLD_MD>0</SIGNATURE_THRESHOLD_MD>
		<SIGNATURE_THRESHOLD_ML>0</SIGNATURE_THRESHOLD_ML>
		<SIGNATURE_THRESHOLD_SAM>0</SIGNATURE_THRESHOLD_SAM>
	</signature>
	<signature ID="20210204_125130051821_145">
		<MACROCLASSID>1</MACROCLASSID>
		<MACROCLASSINFO>waterbody</MACROCLASSINFO>
		<CLASSID>3</CLASSID>
		<CLASSINFO>C 1</CLASSINFO>
		<VALUES>[0.12349319826346823, 0.0025728786245129125, 0.10379764075811908, 0.0031895784643160563, 0.07232356587413437, 0.0021894428144861484, 0.07023332393318704, 0.007083728502557929, 0.024049740566553998, 0.0036489224192801546, 0.01533604118655669, 0.0038314676486602833]</VALUES>
		<LCS_MIN>[0.11164575815200806, 0.09248866885900497, 0.06475362926721573, 0.06021875888109207, 0.01649695448577404, 0.002434643218293786]</LCS_MIN>
		<LCS_MAX>[0.13080967962741852, 0.11172236502170563, 0.07955154031515121, 0.10831592977046967, 0.061755213886499405, 0.02980092726647854]</LCS_MAX>
		<WAVELENGTH>[0.485, 0.56, 0.66, 0.83, 1.65, 2.215]</WAVELENGTH>
		<MEAN_VALUE>[0.12349319826346823, 0.10379764075811908, 0.07232356587413437, 0.07023332393318704, 0.024049740566553998, 0.01533604118655669]</MEAN_VALUE>
		<CHECKBOX>2</CHECKBOX>
		<SD>[0.0025728786245129125, 0.0031895784643160563, 0.0021894428144861484, 0.007083728502557929, 0.0036489224192801546, 0.0038314676486602833]</SD>
		<WAVELENGTH_UNIT>E-6m</WAVELENGTH_UNIT>
		<COLOR>#13b4c4</COLOR>
		<COVARIANCE_MATRIX>[[5.992432866553323e-06, 4.090779536136574e-06, 1.8269853370809718e-06, -5.457578271503528e-06, -4.950039941165017e-07, 1.555277141193517e-06], [4.090779536136574e-06, 9.193139059815808e-06, 2.588164070891733e-06, -5.223234489577282e-06, 2.3013461262902362e-07, 2.4071416166145995e-06], [1.8269853370809718e-06, 2.588164070891733e-06, 4.786796201207549e-06, 4.911331366271665e-07, 1.9217417804286327e-06, 2.5485912606822635e-06], [-5.457578271503528e-06, -5.223234489577282e-06, 4.911331366271665e-07, 4.0208046765380575e-05, 1.4252124572872722e-05, 6.981283961423622e-06], [-4.950039941165017e-07, 2.3013461262902362e-07, 1.9217417804286327e-06, 1.4252124572872722e-05, 1.3845765243675556e-05, 7.978675238489589e-06], [1.555277141193517e-06, 2.4071416166145995e-06, 2.5485912606822635e-06, 6.981283961423622e-06, 7.978675238489589e-06, 1.621718165310278e-05]]</COVARIANCE_MATRIX>
		<ROI_SIZE>7532</ROI_SIZE>
		<MAX_VALUE>[0.13080967962741852, 0.11172236502170563, 0.07955154031515121, 0.10831592977046967, 0.061755213886499405, 0.02980092726647854]</MAX_VALUE>
		<MIN_VALUE>[0.11164575815200806, 0.09248866885900497, 0.06475362926721573, 0.06021875888109207, 0.01649695448577404, 0.002434643218293786]</MIN_VALUE>
		<SIGNATURE_THRESHOLD_MD>0</SIGNATURE_THRESHOLD_MD>
		<SIGNATURE_THRESHOLD_ML>0</SIGNATURE_THRESHOLD_ML>
		<SIGNATURE_THRESHOLD_SAM>0</SIGNATURE_THRESHOLD_SAM>
	</signature>
	<signature ID="20210204_125135859063_880">
		<MACROCLASSID>1</MACROCLASSID>
		<MACROCLASSINFO>waterbody</MACROCLASSINFO>
		<CLASSID>4</CLASSID>
		<CLASSINFO>C 1</CLASSINFO>
		<VALUES>[0.11422661736121162, 0.0024131526015539325, 0.09385842931642015, 0.003342839126669407, 0.07024247129655023, 0.003215798688718337, 0.09449389473001749, 0.009793880465347305, 0.03995660956097815, 0.007741238986680544, 0.02382216514129667, 0.005563991226468693]</VALUES>
		<LCS_MIN>[0.10722331702709198, 0.08287181705236435, 0.06179405376315117, 0.07501788437366486, 0.02840702421963215, 0.012697000987827778]</LCS_MIN>
		<LCS_MAX>[0.11901649832725525, 0.10531112551689148, 0.08251111954450607, 0.12311506271362305, 0.06890126317739487, 0.06058799847960472]</LCS_MAX>
		<WAVELENGTH>[0.485, 0.56, 0.66, 0.83, 1.65, 2.215]</WAVELENGTH>
		<MEAN_VALUE>[0.11422661736121162, 0.09385842931642015, 0.07024247129655023, 0.09449389473001749, 0.03995660956097815, 0.02382216514129667]</MEAN_VALUE>
		<CHECKBOX>2</CHECKBOX>
		<SD>[0.0024131526015539325, 0.003342839126669407, 0.003215798688718337, 0.009793880465347305, 0.007741238986680544, 0.005563991226468693]</SD>
		<WAVELENGTH_UNIT>E-6m</WAVELENGTH_UNIT>
		<COLOR>#8c2871</COLOR>
		<COVARIANCE_MATRIX>[[5.898808263147848e-06, 4.580453661326458e-06, 3.9093270102399885e-06, 1.660064218182015e-06, 2.8843842121352997e-06, 3.5861547205379923e-06], [4.580453661326458e-06, 1.1804181369732142e-05, 8.691020717563224e-06, 7.304951077814357e-06, 8.92185772021008e-06, 8.533234869118247e-06], [3.9093270102399885e-06, 8.691020717563224e-06, 1.3620871060465582e-05, 1.3450237101975076e-05, 1.4871581154951477e-05, 1.2423489678004086e-05], [1.660064218182015e-06, 7.304951077814357e-06, 1.3450237101975076e-05, 0.00010173911118533383, 6.393881221007846e-05, 3.983784374017094e-05], [2.8843842121352997e-06, 8.92185772021008e-06, 1.4871581154951477e-05, 6.393881221007846e-05, 7.131150680915962e-05, 4.0948725915180344e-05], [3.5861547205379923e-06, 8.533234869118247e-06, 1.2423489678004086e-05, 3.983784374017094e-05, 4.0948725915180344e-05, 4.1513852490511614e-05]]</COVARIANCE_MATRIX>
		<ROI_SIZE>707</ROI_SIZE>
		<MAX_VALUE>[0.11901649832725525, 0.10531112551689148, 0.08251111954450607, 0.12311506271362305, 0.06890126317739487, 0.06058799847960472]</MAX_VALUE>
		<MIN_VALUE>[0.10722331702709198, 0.08287181705236435, 0.06179405376315117, 0.07501788437366486, 0.02840702421963215, 0.012697000987827778]</MIN_VALUE>
		<SIGNATURE_THRESHOLD_MD>0</SIGNATURE_THRESHOLD_MD>
		<SIGNATURE_THRESHOLD_ML>0</SIGNATURE_THRESHOLD_ML>
		<SIGNATURE_THRESHOLD_SAM>0</SIGNATURE_THRESHOLD_SAM>
	</signature>
	<signature ID="20210204_125143938140_195">
		<MACROCLASSID>1</MACROCLASSID>
		<MACROCLASSINFO>waterbody</MACROCLASSINFO>
		<CLASSID>5</CLASSID>
		<CLASSINFO>C 1</CLASSINFO>
		<VALUES>[0.12444202145351503, 0.0035800517074138865, 0.10401563161521926, 0.005087751167850879, 0.07673659933296813, 0.003347815733687166, 0.10047823253710916, 0.010649234919629665, 0.03823954656482078, 0.007522180075348165, 0.020535227233417937, 0.004448901099015179]</VALUES>
		<LCS_MIN>[0.11459407210350037, 0.09248866885900497, 0.06771321594715118, 0.08611723780632019, 0.026025008410215378, 0.009276214055716991]</LCS_MIN>
		<LCS_MAX>[0.13375796377658844, 0.11172236502170563, 0.08251111954450607, 0.13051462173461914, 0.07604730129241943, 0.043484073132276535]</LCS_MAX>
		<WAVELENGTH>[0.485, 0.56, 0.66, 0.83, 1.65, 2.215]</WAVELENGTH>
		<MEAN_VALUE>[0.12444202145351503, 0.10401563161521926, 0.07673659933296813, 0.10047823253710916, 0.03823954656482078, 0.020535227233417937]</MEAN_VALUE>
		<CHECKBOX>2</CHECKBOX>
		<SD>[0.0035800517074138865, 0.005087751167850879, 0.003347815733687166, 0.010649234919629665, 0.007522180075348165, 0.004448901099015179]</SD>
		<WAVELENGTH_UNIT>E-6m</WAVELENGTH_UNIT>
		<COLOR>#2fd6ac</COLOR>
		<COVARIANCE_MATRIX>[[1.0693086675545334e-05, 1.1693834312501372e-05, 7.023671323525376e-06, -8.862669916425834e-06, -9.867129785267928e-06, -4.550247338039848e-06], [1.1693834312501372e-05, 2.165828535329526e-05, 1.022072673068542e-05, -1.0604073438024302e-05, -1.2367807277487849e-05, -5.50881190309653e-06], [7.023671323525376e-06, 1.022072673068542e-05, 9.735814982578277e-06, -4.343219292403116e-06, -5.940861238574771e-06, -2.055323404646519e-06], [-8.862669916425834e-06, -1.0604073438024302e-05, -4.343219292403116e-06, 0.00011084462293376703, 6.295436234596678e-05, 2.6017581820274175e-05], [-9.867129785267928e-06, -1.2367807277487849e-05, -5.940861238574771e-06, 6.295436234596678e-05, 5.756011156925818e-05, 2.28791178628366e-05], [-4.550247338039848e-06, -5.50881190309653e-06, -2.055323404646519e-06, 2.6017581820274175e-05, 2.28791178628366e-05, 1.9617606714114494e-05]]</COVARIANCE_MATRIX>
		<ROI_SIZE>744</ROI_SIZE>
		<MAX_VALUE>[0.13375796377658844, 0.11172236502170563, 0.08251111954450607, 0.13051462173461914, 0.07604730129241943, 0.043484073132276535]</MAX_VALUE>
		<MIN_VALUE>[0.11459407210350037, 0.09248866885900497, 0.06771321594715118, 0.08611723780632019, 0.026025008410215378, 0.009276214055716991]</MIN_VALUE>
		<SIGNATURE_THRESHOLD_MD>0</SIGNATURE_THRESHOLD_MD>
		<SIGNATURE_THRESHOLD_ML>0</SIGNATURE_THRESHOLD_ML>
		<SIGNATURE_THRESHOLD_SAM>0</SIGNATURE_THRESHOLD_SAM>
	</signature>
	<signature ID="20210204_125152983242_119">
		<MACROCLASSID>1</MACROCLASSID>
		<MACROCLASSINFO>waterbody</MACROCLASSINFO>
		<CLASSID>6</CLASSID>
		<CLASSINFO>C 1</CLASSINFO>
		<VALUES>[0.11958977483488895, 0.0019943209132172323, 0.12246713014664476, 0.003498408856358072, 0.10509161292402833, 0.0037042409855859437, 0.11133056768664608, 0.014936789747576094, 0.04984514711907616, 0.011954099455491286, 0.026886924187204345, 0.00757530536919152]</VALUES>
		<LCS_MIN>[0.11459407210350037, 0.11172236502170563, 0.0943494439125061, 0.08611723780632019, 0.03317105025053024, 0.012697000987827778]</LCS_MIN>
		<LCS_MAX>[0.12491308152675629, 0.1277504712343216, 0.11210691183805466, 0.14901354908943176, 0.07842931151390076, 0.043484073132276535]</LCS_MAX>
		<WAVELENGTH>[0.485, 0.56, 0.66, 0.83, 1.65, 2.215]</WAVELENGTH>
		<MEAN_VALUE>[0.11958977483488895, 0.12246713014664476, 0.10509161292402833, 0.11133056768664608, 0.04984514711907616, 0.026886924187204345]</MEAN_VALUE>
		<CHECKBOX>2</CHECKBOX>
		<SD>[0.0019943209132172323, 0.003498408856358072, 0.0037042409855859437, 0.014936789747576094, 0.011954099455491286, 0.00757530536919152]</SD>
		<WAVELENGTH_UNIT>E-6m</WAVELENGTH_UNIT>
		<COLOR>#69e106</COLOR>
		<COVARIANCE_MATRIX>[[4.052359601214401e-06, 2.818484488648957e-06, 3.768327997021619e-06, -7.626459432739888e-06, -7.022857648592963e-06, -2.4843585515118946e-06], [2.818484488648957e-06, 1.2469786498437853e-05, 9.314907144782075e-06, -3.859710138811912e-05, -3.054331806647511e-05, -1.3617131542706322e-05], [3.768327997021619e-06, 9.314907144782075e-06, 1.3980295643055015e-05, -2.6383586999117765e-05, -2.12822954383462e-05, -6.3107539545966105e-06], [-7.626459432739888e-06, -3.859710138811912e-05, -2.6383586999117765e-05, 0.00022731726698146975, 0.00014699309737736148, 8.273824621985244e-05], [-7.022857648592963e-06, -3.054331806647511e-05, -2.12822954383462e-05, 0.00014699309737736148, 0.00014559672952369734, 8.05611401585842e-05], [-2.4843585515118946e-06, -1.3617131542706322e-05, -6.3107539545966105e-06, 8.273824621985244e-05, 8.05611401585842e-05, 5.846799202964341e-05]]</COVARIANCE_MATRIX>
		<ROI_SIZE>54</ROI_SIZE>
		<MAX_VALUE>[0.12491308152675629, 0.1277504712343216, 0.11210691183805466, 0.14901354908943176, 0.07842931151390076, 0.043484073132276535]</MAX_VALUE>
		<MIN_VALUE>[0.11459407210350037, 0.11172236502170563, 0.0943494439125061, 0.08611723780632019, 0.03317105025053024, 0.012697000987827778]</MIN_VALUE>
		<SIGNATURE_THRESHOLD_MD>0</SIGNATURE_THRESHOLD_MD>
		<SIGNATURE_THRESHOLD_ML>0</SIGNATURE_THRESHOLD_ML>
		<SIGNATURE_THRESHOLD_SAM>0</SIGNATURE_THRESHOLD_SAM>
	</signature>
	<signature ID="20210204_125215822018_641">
		<MACROCLASSID>1</MACROCLASSID>
		<MACROCLASSINFO>waterbody</MACROCLASSINFO>
		<CLASSID>7</CLASSID>
		<CLASSINFO>C 1</CLASSINFO>
		<VALUES>[0.12240657206689627, 0.0031906468188551158, 0.10294163996597507, 0.004747872469293338, 0.07371300956722673, 0.0037226147559609483, 0.0773552409179804, 0.009384348420813692, 0.027751145188502385, 0.0030764368052594803, 0.01839576173235141, 0.0038138526239940023]</VALUES>
		<LCS_MIN>[0.11017162352800369, 0.0892830491065979, 0.06475362926721573, 0.06391854584217072, 0.018878968432545662, 0.005855427589267492]</LCS_MIN>
		<LCS_MAX>[0.13080967962741852, 0.12454484403133392, 0.09730900824069977, 0.10831592977046967, 0.061755213886499405, 0.02980092726647854]</LCS_MAX>
		<WAVELENGTH>[0.485, 0.56, 0.66, 0.83, 1.65, 2.215]</WAVELENGTH>
		<MEAN_VALUE>[0.12240657206689627, 0.10294163996597507, 0.07371300956722673, 0.0773552409179804, 0.027751145188502385, 0.01839576173235141]</MEAN_VALUE>
		<CHECKBOX>2</CHECKBOX>
		<SD>[0.0031906468188551158, 0.004747872469293338, 0.0037226147559609483, 0.009384348420813692, 0.0030764368052594803, 0.0038138526239940023]</SD>
		<WAVELENGTH_UNIT>E-6m</WAVELENGTH_UNIT>
		<COLOR>#dd4081</COLOR>
		<COVARIANCE_MATRIX>[[1.0027176558685518e-05, 1.0335715927347205e-05, 5.962389783018151e-06, -1.6967434854005864e-05, -1.8605204694277217e-07, 4.915336085948411e-06], [1.0335715927347205e-05, 1.9971163380364263e-05, 1.0285746647220627e-05, -2.038522714547751e-05, 8.060177753955176e-07, 7.035893112555621e-06], [5.962389783018151e-06, 1.0285746647220627e-05, 1.1355827883549423e-05, -9.765833043545275e-06, 2.0765266871950525e-06, 5.282592301763694e-06], [-1.6967434854005864e-05, -2.038522714547751e-05, -9.765833043545275e-06, 8.335678290164799e-05, 1.3891416453923382e-05, -4.626719474532886e-06], [-1.8605204694277217e-07, 8.060177753955176e-07, 2.0765266871950525e-06, 1.3891416453923382e-05, 1.020311879556962e-05, 3.2489324411892384e-06], [4.915336085948411e-06, 7.035893112555621e-06, 5.282592301763694e-06, -4.626719474532886e-06, 3.2489324411892384e-06, 1.4755256388287911e-05]]</COVARIANCE_MATRIX>
		<ROI_SIZE>7779</ROI_SIZE>
		<MAX_VALUE>[0.13080967962741852, 0.12454484403133392, 0.09730900824069977, 0.10831592977046967, 0.061755213886499405, 0.02980092726647854]</MAX_VALUE>
		<MIN_VALUE>[0.11017162352800369, 0.0892830491065979, 0.06475362926721573, 0.06391854584217072, 0.018878968432545662, 0.005855427589267492]</MIN_VALUE>
		<SIGNATURE_THRESHOLD_MD>0</SIGNATURE_THRESHOLD_MD>
		<SIGNATURE_THRESHOLD_ML>0</SIGNATURE_THRESHOLD_ML>
		<SIGNATURE_THRESHOLD_SAM>0</SIGNATURE_THRESHOLD_SAM>
	</signature>
	<signature ID="20210204_125225951015_198">
		<MACROCLASSID>1</MACROCLASSID>
		<MACROCLASSINFO>waterbody</MACROCLASSINFO>
		<CLASSID>8</CLASSID>
		<CLASSINFO>C 1</CLASSINFO>
		<VALUES>[0.12932367650125867, 0.0024584028476429087, 0.11188787133308792, 0.0024073904925369922, 0.08114593067268328, 0.002508221489094635, 0.06752516100852354, 0.004608925678823887, 0.022504407518759647, 0.003145523328281612, 0.014065748513559939, 0.0033881878487484925]</VALUES>
		<LCS_MIN>[0.11606820672750473, 0.09889991581439972, 0.07067279517650604, 0.06021875888109207, 0.014114940539002419, 0.005855427589267492]</LCS_MIN>
		<LCS_MAX>[0.13670624792575836, 0.12133923172950745, 0.09730900824069977, 0.10091636329889297, 0.05460917577147484, 0.043484073132276535]</LCS_MAX>
		<WAVELENGTH>[0.485, 0.56, 0.66, 0.83, 1.65, 2.215]</WAVELENGTH>
		<MEAN_VALUE>[0.12932367650125867, 0.11188787133308792, 0.08114593067268328, 0.06752516100852354, 0.022504407518759647, 0.014065748513559939]</MEAN_VALUE>
		<CHECKBOX>2</CHECKBOX>
		<SD>[0.0024584028476429087, 0.0024073904925369922, 0.002508221489094635, 0.004608925678823887, 0.003145523328281612, 0.0033881878487484925]</SD>
		<WAVELENGTH_UNIT>E-6m</WAVELENGTH_UNIT>
		<COLOR>#e650a4</COLOR>
		<COVARIANCE_MATRIX>[[5.397944525697104e-06, 2.3900591270636256e-06, 2.1095360847760346e-06, -3.051634880815201e-06, -2.3066524834629267e-07, 9.156842594356503e-07], [2.3900591270636256e-06, 5.437896481535442e-06, 2.3246624807096673e-06, -2.4179524592864064e-06, 3.182067679319841e-07, 1.1003753257707191e-06], [2.1095360847760346e-06, 2.3246624807096673e-06, 5.958280306977451e-06, -3.9006247193353497e-07, 1.9776646088703726e-06, 2.2112632877902295e-06], [-3.051634880815201e-06, -2.4179524592864064e-06, -3.9006247193353497e-07, 1.752196120220488e-05, 6.750129282376281e-06, 3.5713304038832003e-06], [-2.3066524834629267e-07, 3.182067679319841e-07, 1.9776646088703726e-06, 6.750129282376281e-06, 1.053129830463855e-05, 5.086941518365445e-06], [9.156842594356503e-07, 1.1003753257707191e-06, 2.2112632877902295e-06, 3.5713304038832003e-06, 5.086941518365445e-06, 1.2314092810730238e-05]]</COVARIANCE_MATRIX>
		<ROI_SIZE>8427</ROI_SIZE>
		<MAX_VALUE>[0.13670624792575836, 0.12133923172950745, 0.09730900824069977, 0.10091636329889297, 0.05460917577147484, 0.043484073132276535]</MAX_VALUE>
		<MIN_VALUE>[0.11606820672750473, 0.09889991581439972, 0.07067279517650604, 0.06021875888109207, 0.014114940539002419, 0.005855427589267492]</MIN_VALUE>
		<SIGNATURE_THRESHOLD_MD>0</SIGNATURE_THRESHOLD_MD>
		<SIGNATURE_THRESHOLD_ML>0</SIGNATURE_THRESHOLD_ML>
		<SIGNATURE_THRESHOLD_SAM>0</SIGNATURE_THRESHOLD_SAM>
	</signature>
	<signature ID="20210204_125233795068_270">
		<MACROCLASSID>1</MACROCLASSID>
		<MACROCLASSINFO>waterbody</MACROCLASSINFO>
		<CLASSID>9</CLASSID>
		<CLASSINFO>C 1</CLASSINFO>
		<VALUES>[0.12313408698271773, 0.0017819014616665808, 0.11255645135652667, 0.0030984276466604586, 0.09431208197063627, 0.0034564018550676304, 0.09460518379668571, 0.006632277615343032, 0.03300916658877167, 0.00789230748806851, 0.01840273694754624, 0.006406306321199656]</VALUES>
		<LCS_MIN>[0.11754234880208969, 0.102105513215065, 0.08251111954450607, 0.08241745084524155, 0.018878968432545662, 0.002434643218293786]</LCS_MIN>
		<LCS_MAX>[0.12933553755283356, 0.12133923172950745, 0.10618775337934494, 0.1268148273229599, 0.059373196214437485, 0.05374642461538315]</LCS_MAX>
		<WAVELENGTH>[0.485, 0.56, 0.66, 0.83, 1.65, 2.215]</WAVELENGTH>
		<MEAN_VALUE>[0.12313408698271773, 0.11255645135652667, 0.09431208197063627, 0.09460518379668571, 0.03300916658877167, 0.01840273694754624]</MEAN_VALUE>
		<CHECKBOX>2</CHECKBOX>
		<SD>[0.0017819014616665808, 0.0030984276466604586, 0.0034564018550676304, 0.006632277615343032, 0.00789230748806851, 0.006406306321199656]</SD>
		<WAVELENGTH_UNIT>E-6m</WAVELENGTH_UNIT>
		<COLOR>#517c42</COLOR>
		<COVARIANCE_MATRIX>[[3.1782585069603255e-06, 1.9215485277098213e-06, 2.1170310974612216e-06, 6.660332063380376e-07, 9.333949517572325e-07, 1.216705372175576e-06], [1.9215485277098213e-06, 9.609583574380486e-06, 7.342572703462474e-06, -2.153473636809011e-06, -2.4101193133416652e-06, -1.3215735401399442e-06], [2.1170310974612216e-06, 7.342572703462474e-06, 1.1958323806828555e-05, -5.658510631129477e-07, 4.11863715762421e-07, 1.6104435584334432e-06], [6.660332063380376e-07, -2.153473636809011e-06, -5.658510631129477e-07, 4.402985379785211e-05, 4.0549697432580506e-05, 2.732461299494515e-05], [9.333949517572325e-07, -2.4101193133416652e-06, 4.11863715762421e-07, 4.0549697432580506e-05, 6.234905054500379e-05, 4.077946117716124e-05], [1.216705372175576e-06, -1.3215735401399442e-06, 1.6104435584334432e-06, 2.732461299494515e-05, 4.077946117716124e-05, 4.108064480220982e-05]]</COVARIANCE_MATRIX>
		<ROI_SIZE>1030</ROI_SIZE>
		<MAX_VALUE>[0.12933553755283356, 0.12133923172950745, 0.10618775337934494, 0.1268148273229599, 0.059373196214437485, 0.05374642461538315]</MAX_VALUE>
		<MIN_VALUE>[0.11754234880208969, 0.102105513215065, 0.08251111954450607, 0.08241745084524155, 0.018878968432545662, 0.002434643218293786]</MIN_VALUE>
		<SIGNATURE_THRESHOLD_MD>0</SIGNATURE_THRESHOLD_MD>
		<SIGNATURE_THRESHOLD_ML>0</SIGNATURE_THRESHOLD_ML>
		<SIGNATURE_THRESHOLD_SAM>0</SIGNATURE_THRESHOLD_SAM>
	</signature>
	<signature ID="20210204_125242598239_935">
		<MACROCLASSID>1</MACROCLASSID>
		<MACROCLASSINFO>waterbody</MACROCLASSINFO>
		<CLASSID>10</CLASSID>
		<CLASSINFO>C 1</CLASSINFO>
		<VALUES>[0.13693562329753295, 0.0021272901928712866, 0.13107937642119152, 0.0041726296221008706, 0.10860405397321383, 0.005724151346165021, 0.10070291415534245, 0.007782739969232264, 0.04262414614025212, 0.007756703848446543, 0.026709063489875784, 0.007058961132878676]</VALUES>
		<LCS_MIN>[0.13080967962741852, 0.12454484403133392, 0.10026859492063522, 0.08981701731681824, 0.03078903816640377, 0.01611778512597084]</LCS_MIN>
		<LCS_MAX>[0.1455511450767517, 0.1533953845500946, 0.14170271158218384, 0.13421441614627838, 0.07604730129241943, 0.057167213410139084]</LCS_MAX>
		<WAVELENGTH>[0.485, 0.56, 0.66, 0.83, 1.65, 2.215]</WAVELENGTH>
		<MEAN_VALUE>[0.13693562329753295, 0.13107937642119152, 0.10860405397321383, 0.10070291415534245, 0.04262414614025212, 0.026709063489875784]</MEAN_VALUE>
		<CHECKBOX>2</CHECKBOX>
		<SD>[0.0021272901928712866, 0.0041726296221008706, 0.005724151346165021, 0.007782739969232264, 0.007756703848446543, 0.007058961132878676]</SD>
		<WAVELENGTH_UNIT>E-6m</WAVELENGTH_UNIT>
		<COLOR>#acea33</COLOR>
		<COVARIANCE_MATRIX>[[4.533288894922248e-06, 5.0117111313851785e-06, 6.58125508125245e-06, 5.3120439597705036e-06, 6.123816248852851e-06, 5.064319301228914e-06], [5.0117111313851785e-06, 1.744132979854599e-05, 1.8111202889877414e-05, 1.4399704514777378e-05, 1.403723842085257e-05, 1.2691908200513686e-05], [6.58125508125245e-06, 1.8111202889877414e-05, 3.2823292011445285e-05, 2.5618750629283436e-05, 2.481238886195924e-05, 2.2803067222143262e-05], [5.3120439597705036e-06, 1.4399704514777378e-05, 2.5618750629283436e-05, 6.0677120310346716e-05, 4.727439399225943e-05, 3.970118894426828e-05], [6.123816248852851e-06, 1.403723842085257e-05, 2.481238886195924e-05, 4.727439399225943e-05, 6.027182491578476e-05, 4.490488985356894e-05], [5.064319301228914e-06, 1.2691908200513686e-05, 2.2803067222143262e-05, 3.970118894426828e-05, 4.490488985356894e-05, 4.991619835653469e-05]]</COVARIANCE_MATRIX>
		<ROI_SIZE>572</ROI_SIZE>
		<MAX_VALUE>[0.1455511450767517, 0.1533953845500946, 0.14170271158218384, 0.13421441614627838, 0.07604730129241943, 0.057167213410139084]</MAX_VALUE>
		<MIN_VALUE>[0.13080967962741852, 0.12454484403133392, 0.10026859492063522, 0.08981701731681824, 0.03078903816640377, 0.01611778512597084]</MIN_VALUE>
		<SIGNATURE_THRESHOLD_MD>0</SIGNATURE_THRESHOLD_MD>
		<SIGNATURE_THRESHOLD_ML>0</SIGNATURE_THRESHOLD_ML>
		<SIGNATURE_THRESHOLD_SAM>0</SIGNATURE_THRESHOLD_SAM>
	</signature>
	<signature ID="20210204_125252288227_641">
		<MACROCLASSID>1</MACROCLASSID>
		<MACROCLASSINFO>waterbody</MACROCLASSINFO>
		<CLASSID>11</CLASSID>
		<CLASSINFO>C 1</CLASSINFO>
		<VALUES>[0.16695326074987826, 0.0034173508368369565, 0.18221628809838694, 0.005964423252043234, 0.18695750368432945, 0.007488773673543213, 0.1414159585772391, 0.008361342648442693, 0.034791970679487624, 0.008037677079883994, 0.021727322278098312, 0.007043245844825522]</VALUES>
		<LCS_MIN>[0.14997358620166779, 0.15018978714942932, 0.15354104340076447, 0.1268148273229599, 0.021260982379317284, 0.005855427589267492]</LCS_MIN>
		<LCS_MAX>[0.17650823295116425, 0.19506843388080597, 0.20385389029979706, 0.17121224105358124, 0.06651924550533295, 0.05374642461538315]</LCS_MAX>
		<WAVELENGTH>[0.485, 0.56, 0.66, 0.83, 1.65, 2.215]</WAVELENGTH>
		<MEAN_VALUE>[0.16695326074987826, 0.18221628809838694, 0.18695750368432945, 0.1414159585772391, 0.034791970679487624, 0.021727322278098312]</MEAN_VALUE>
		<CHECKBOX>2</CHECKBOX>
		<SD>[0.0034173508368369565, 0.005964423252043234, 0.007488773673543213, 0.008361342648442693, 0.008037677079883994, 0.007043245844825522]</SD>
		<WAVELENGTH_UNIT>E-6m</WAVELENGTH_UNIT>
		<COLOR>#6635a9</COLOR>
		<COVARIANCE_MATRIX>[[1.2086038139680349e-05, 1.550728387837968e-05, 1.6938815351075847e-05, -1.0533895884930942e-05, -1.3159182397474185e-05, -1.0505975550702585e-05], [1.550728387837968e-05, 3.578580099138698e-05, 3.838798051685707e-05, -1.5062682285931592e-05, -2.4806126661326107e-05, -1.972597819283531e-05], [1.6938815351075847e-05, 3.838798051685707e-05, 5.9554742044686384e-05, -8.4213359251739e-07, -3.1373978138070614e-05, -2.4031035009938353e-05], [-1.0533895884930942e-05, -1.5062682285931592e-05, -8.4213359251739e-07, 8.202989295688003e-05, 3.845659549441577e-05, 3.241212000250496e-05], [-1.3159182397474185e-05, -2.4806126661326107e-05, -3.1373978138070614e-05, 3.845659549441577e-05, 7.226606401209486e-05, 5.373714415206598e-05], [-1.0505975550702585e-05, -1.972597819283531e-05, -2.4031035009938353e-05, 3.241212000250496e-05, 5.373714415206598e-05, 5.487161471458655e-05]]</COVARIANCE_MATRIX>
		<ROI_SIZE>4247</ROI_SIZE>
		<MAX_VALUE>[0.17650823295116425, 0.19506843388080597, 0.20385389029979706, 0.17121224105358124, 0.06651924550533295, 0.05374642461538315]</MAX_VALUE>
		<MIN_VALUE>[0.14997358620166779, 0.15018978714942932, 0.15354104340076447, 0.1268148273229599, 0.021260982379317284, 0.005855427589267492]</MIN_VALUE>
		<SIGNATURE_THRESHOLD_MD>0</SIGNATURE_THRESHOLD_MD>
		<SIGNATURE_THRESHOLD_ML>0</SIGNATURE_THRESHOLD_ML>
		<SIGNATURE_THRESHOLD_SAM>0</SIGNATURE_THRESHOLD_SAM>
	</signature>
	<signature ID="20210204_125302855643_985">
		<MACROCLASSID>1</MACROCLASSID>
		<MACROCLASSINFO>waterbody</MACROCLASSINFO>
		<CLASSID>12</CLASSID>
		<CLASSINFO>C 1</CLASSINFO>
		<VALUES>[0.143311323169897, 0.0019415648466138804, 0.14111119083949003, 0.002081935634381326, 0.15305072138113746, 0.0025092335473190642, 0.16168115336948377, 0.004750559735316149, 0.040967701607620144, 0.008591930895068569, 0.026099330833209523, 0.007655369291551948]</VALUES>
		<LCS_MIN>[0.13670624792575836, 0.13095608353614807, 0.13578355312347412, 0.1527133285999298, 0.02840702421963215, 0.012697000987827778]</LCS_MIN>
		<LCS_MAX>[0.14997358620166779, 0.14698414504528046, 0.159460186958313, 0.1934109330177307, 0.07366528362035751, 0.06400878727436066]</LCS_MAX>
		<WAVELENGTH>[0.485, 0.56, 0.66, 0.83, 1.65, 2.215]</WAVELENGTH>
		<MEAN_VALUE>[0.143311323169897, 0.14111119083949003, 0.15305072138113746, 0.16168115336948377, 0.040967701607620144, 0.026099330833209523]</MEAN_VALUE>
		<CHECKBOX>2</CHECKBOX>
		<SD>[0.0019415648466138804, 0.002081935634381326, 0.0025092335473190642, 0.004750559735316149, 0.008591930895068569, 0.007655369291551948]</SD>
		<WAVELENGTH_UNIT>E-6m</WAVELENGTH_UNIT>
		<COLOR>#3ba4ce</COLOR>
		<COVARIANCE_MATRIX>[[3.772489344162142e-06, 8.324060337168019e-07, 7.972797265126197e-07, 4.847926452521486e-07, 2.032645584871928e-06, 2.3231415340665814e-06], [8.324060337168019e-07, 4.337693070087455e-06, 1.411938326302626e-06, -2.3359942174997884e-07, 4.707182569782156e-07, 1.2568379245256999e-06], [7.972797265126197e-07, 1.411938326302626e-06, 6.30095520036488e-06, -4.36600875992726e-06, -5.772298844258237e-06, -3.0260663214295226e-06], [4.847926452521486e-07, -2.3359942174997884e-07, -4.36600875992726e-06, 2.2584672031666524e-05, 2.9353579160308492e-05, 2.299307140501307e-05], [2.032645584871928e-06, 4.707182569782156e-07, -5.772298844258237e-06, 2.9353579160308492e-05, 7.38764081535097e-05, 5.7440418772437286e-05], [2.3231415340665814e-06, 1.2568379245256999e-06, -3.0260663214295226e-06, 2.299307140501307e-05, 5.7440418772437286e-05, 5.864844648741531e-05]]</COVARIANCE_MATRIX>
		<ROI_SIZE>1340</ROI_SIZE>
		<MAX_VALUE>[0.14997358620166779, 0.14698414504528046, 0.159460186958313, 0.1934109330177307, 0.07366528362035751, 0.06400878727436066]</MAX_VALUE>
		<MIN_VALUE>[0.13670624792575836, 0.13095608353614807, 0.13578355312347412, 0.1527133285999298, 0.02840702421963215, 0.012697000987827778]</MIN_VALUE>
		<SIGNATURE_THRESHOLD_MD>0</SIGNATURE_THRESHOLD_MD>
		<SIGNATURE_THRESHOLD_ML>0</SIGNATURE_THRESHOLD_ML>
		<SIGNATURE_THRESHOLD_SAM>0</SIGNATURE_THRESHOLD_SAM>
	</signature>
	<signature ID="20210204_125312314645_163">
		<MACROCLASSID>1</MACROCLASSID>
		<MACROCLASSINFO>waterbody</MACROCLASSINFO>
		<CLASSID>13</CLASSID>
		<CLASSINFO>C 1</CLASSINFO>
		<VALUES>[0.1548542042036315, 0.005821028059845318, 0.15781394281500102, 0.01159642756735554, 0.14840176968357052, 0.015582439913769633, 0.13883913550022484, 0.012641129502221005, 0.05380444032316273, 0.012974794902201933, 0.03375332205984241, 0.00982717097454511]</VALUES>
		<LCS_MIN>[0.13965454697608948, 0.1277504712343216, 0.11506649851799011, 0.11571549624204636, 0.03317105025053024, 0.022959355264902115]</LCS_MIN>
		<LCS_MAX>[0.16618920862674713, 0.17583471536636353, 0.17721770703792572, 0.167512446641922, 0.08795736730098724, 0.0674295648932457]</LCS_MAX>
		<WAVELENGTH>[0.485, 0.56, 0.66, 0.83, 1.65, 2.215]</WAVELENGTH>
		<MEAN_VALUE>[0.1548542042036315, 0.15781394281500102, 0.14840176968357052, 0.13883913550022484, 0.05380444032316273, 0.03375332205984241]</MEAN_VALUE>
		<CHECKBOX>2</CHECKBOX>
		<SD>[0.005821028059845318, 0.01159642756735554, 0.015582439913769633, 0.012641129502221005, 0.012974794902201933, 0.00982717097454511]</SD>
		<WAVELENGTH_UNIT>E-6m</WAVELENGTH_UNIT>
		<COLOR>#3b240f</COLOR>
		<COVARIANCE_MATRIX>[[3.4114873576047436e-05, 6.222274032797837e-05, 8.295000552556777e-05, -2.09070762134899e-05, -7.177183756625908e-06, -7.3805376062816555e-06], [6.222274032797837e-05, 0.00013539194274890282, 0.0001748527080774875, -4.114722525771783e-05, -5.925884157347389e-06, -7.288310643931109e-06], [8.295000552556777e-05, 0.0001748527080774875, 0.00024446421892927657, -2.8584947388157473e-05, -3.300686707791278e-06, -4.54972191212227e-06], [-2.09070762134899e-05, -4.114722525771783e-05, -2.8584947388157473e-05, 0.000160885217371459, 9.385476349410923e-05, 7.311733356524843e-05], [-7.177183756625908e-06, -5.925884157347389e-06, -3.300686707791278e-06, 9.385476349410923e-05, 0.00016949050889539043, 0.00011733472135049112], [-7.3805376062816555e-06, -7.288310643931109e-06, -4.54972191212227e-06, 7.311733356524843e-05, 0.00011733472135049112, 9.723025051507073e-05]]</COVARIANCE_MATRIX>
		<ROI_SIZE>148</ROI_SIZE>
		<MAX_VALUE>[0.16618920862674713, 0.17583471536636353, 0.17721770703792572, 0.167512446641922, 0.08795736730098724, 0.0674295648932457]</MAX_VALUE>
		<MIN_VALUE>[0.13965454697608948, 0.1277504712343216, 0.11506649851799011, 0.11571549624204636, 0.03317105025053024, 0.022959355264902115]</MIN_VALUE>
		<SIGNATURE_THRESHOLD_MD>0</SIGNATURE_THRESHOLD_MD>
		<SIGNATURE_THRESHOLD_ML>0</SIGNATURE_THRESHOLD_ML>
		<SIGNATURE_THRESHOLD_SAM>0</SIGNATURE_THRESHOLD_SAM>
	</signature>
	<signature ID="20210204_125318652356_690">
		<MACROCLASSID>1</MACROCLASSID>
		<MACROCLASSINFO>waterbody</MACROCLASSINFO>
		<CLASSID>14</CLASSID>
		<CLASSINFO>C 1</CLASSINFO>
		<VALUES>[0.1425127313517068, 0.001970428906398875, 0.144674434965094, 0.0025605777772056497, 0.15712742800275314, 0.0031670257167398293, 0.1490458492759013, 0.006555682698514543, 0.042418255869250354, 0.008287218398470157, 0.026977659133974624, 0.00684908538523203]</VALUES>
		<LCS_MIN>[0.13818040490150452, 0.13736732304096222, 0.13874313235282898, 0.13791419565677643, 0.03078903816640377, 0.01611778512597084]</LCS_MIN>
		<LCS_MAX>[0.14849944412708282, 0.15018978714942932, 0.1653793752193451, 0.17861180007457733, 0.07842931151390076, 0.057167213410139084]</LCS_MAX>
		<WAVELENGTH>[0.485, 0.56, 0.66, 0.83, 1.65, 2.215]</WAVELENGTH>
		<MEAN_VALUE>[0.1425127313517068, 0.144674434965094, 0.15712742800275314, 0.1490458492759013, 0.042418255869250354, 0.026977659133974624]</MEAN_VALUE>
		<CHECKBOX>2</CHECKBOX>
		<SD>[0.001970428906398875, 0.0025605777772056497, 0.0031670257167398293, 0.006555682698514543, 0.008287218398470157, 0.00684908538523203]</SD>
		<WAVELENGTH_UNIT>E-6m</WAVELENGTH_UNIT>
		<COLOR>#8cf543</COLOR>
		<COVARIANCE_MATRIX>[[3.954982582113829e-06, 1.9362471930608692e-06, 2.401403818818599e-06, -2.028833608266804e-06, -1.0303163853237629e-07, 1.026536074617085e-06], [1.9362471930608692e-06, 6.990044382615277e-06, 4.025477339510287e-06, -4.670637706496646e-06, -1.9533916316464573e-06, -9.695952445390318e-07], [2.401403818818599e-06, 4.025477339510287e-06, 1.0194098539321594e-05, -1.0987064769366262e-05, -8.2124228972139e-06, -4.986403407622351e-06], [-2.028833608266804e-06, -4.670637706496646e-06, -1.0987064769366262e-05, 4.176578848060479e-05, 4.210665384996403e-05, 3.0180719793966305e-05], [-1.0303163853237629e-07, -1.9533916316464573e-06, -8.2124228972139e-06, 4.210665384996403e-05, 7.035828961858537e-05, 4.820810140947989e-05], [1.026536074617085e-06, -9.695952445390318e-07, -4.986403407622351e-06, 3.0180719793966305e-05, 4.820810140947989e-05, 4.790689167377508e-05]]</COVARIANCE_MATRIX>
		<ROI_SIZE>810</ROI_SIZE>
		<MAX_VALUE>[0.14849944412708282, 0.15018978714942932, 0.1653793752193451, 0.17861180007457733, 0.07842931151390076, 0.057167213410139084]</MAX_VALUE>
		<MIN_VALUE>[0.13818040490150452, 0.13736732304096222, 0.13874313235282898, 0.13791419565677643, 0.03078903816640377, 0.01611778512597084]</MIN_VALUE>
		<SIGNATURE_THRESHOLD_MD>0</SIGNATURE_THRESHOLD_MD>
		<SIGNATURE_THRESHOLD_ML>0</SIGNATURE_THRESHOLD_ML>
		<SIGNATURE_THRESHOLD_SAM>0</SIGNATURE_THRESHOLD_SAM>
	</signature>
	<signature ID="20210204_125329255331_305">
		<MACROCLASSID>1</MACROCLASSID>
		<MACROCLASSINFO>waterbody</MACROCLASSINFO>
		<CLASSID>15</CLASSID>
		<CLASSINFO>C 1</CLASSINFO>
		<VALUES>[0.1327666991383622, 0.0022588349307639394, 0.12932745389515848, 0.00383352939469943, 0.1185019730116843, 0.007495152311599849, 0.08526403386465897, 0.00805252733856567, 0.024982523262558568, 0.005074903366673335, 0.015238096454233014, 0.004344351754637827]</VALUES>
		<LCS_MIN>[0.12196478247642517, 0.11172236502170563, 0.09138984978199005, 0.07501788437366486, 0.01649695448577404, 0.005855427589267492]</LCS_MIN>
		<LCS_MAX>[0.14407698810100555, 0.13736732304096222, 0.14466232061386108, 0.12311506271362305, 0.061755213886499405, 0.04690485820174217]</LCS_MAX>
		<WAVELENGTH>[0.485, 0.56, 0.66, 0.83, 1.65, 2.215]</WAVELENGTH>
		<MEAN_VALUE>[0.1327666991383622, 0.12932745389515848, 0.1185019730116843, 0.08526403386465897, 0.024982523262558568, 0.015238096454233014]</MEAN_VALUE>
		<CHECKBOX>2</CHECKBOX>
		<SD>[0.0022588349307639394, 0.00383352939469943, 0.007495152311599849, 0.00805252733856567, 0.005074903366673335, 0.004344351754637827]</SD>
		<WAVELENGTH_UNIT>E-6m</WAVELENGTH_UNIT>
		<COLOR>#321ba1</COLOR>
		<COVARIANCE_MATRIX>[[5.221290489800329e-06, 5.036885610876178e-06, 9.595860610797462e-06, -5.311321806861707e-06, -2.5414270143426327e-06, -2.7710985476480264e-07], [5.036885610876178e-06, 1.5048766494516616e-05, 2.2088780103379778e-05, -9.785346932445836e-06, -6.661583386417599e-06, -2.4992284532548213e-06], [9.595860610797462e-06, 2.2088780103379778e-05, 5.494746934469895e-05, -7.026896464283105e-06, -9.559566416284872e-06, -2.4421706821969214e-06], [-5.311321806861707e-06, -9.785346932445836e-06, -7.026896464283105e-06, 6.972193706006224e-05, 3.2139976399629814e-05, 2.0097204501183526e-05], [-2.5414270143426327e-06, -6.661583386417599e-06, -9.559566416284872e-06, 3.2139976399629814e-05, 2.7014684113417312e-05, 1.5393170330997238e-05], [-2.7710985476480264e-07, -2.4992284532548213e-06, -2.4421706821969214e-06, 2.0097204501183526e-05, 1.5393170330997238e-05, 1.9840267521449735e-05]]</COVARIANCE_MATRIX>
		<ROI_SIZE>5494</ROI_SIZE>
		<MAX_VALUE>[0.14407698810100555, 0.13736732304096222, 0.14466232061386108, 0.12311506271362305, 0.061755213886499405, 0.04690485820174217]</MAX_VALUE>
		<MIN_VALUE>[0.12196478247642517, 0.11172236502170563, 0.09138984978199005, 0.07501788437366486, 0.01649695448577404, 0.005855427589267492]</MIN_VALUE>
		<SIGNATURE_THRESHOLD_MD>0</SIGNATURE_THRESHOLD_MD>
		<SIGNATURE_THRESHOLD_ML>0</SIGNATURE_THRESHOLD_ML>
		<SIGNATURE_THRESHOLD_SAM>0</SIGNATURE_THRESHOLD_SAM>
	</signature>
	<signature ID="20210204_125336624891_999">
		<MACROCLASSID>1</MACROCLASSID>
		<MACROCLASSINFO>waterbody</MACROCLASSINFO>
		<CLASSID>16</CLASSID>
