<?xml version="1.0" ?>
<signaturelist MCID_LIST="[['1', 'waterbody', '#0000ff'], ['2', 'vegetation', '#00ff00'], ['3', 'bare land', '#ffaa00'], ['4', 'built-up', '#ff0000']]">
	<signature ID="20200825_145838641483_894">
		<MACROCLASSID>1</MACROCLASSID>
		<MACROCLASSINFO>waterbody</MACROCLASSINFO>
		<CLASSID>1</CLASSID>
		<CLASSINFO>C 1</CLASSINFO>
		<VALUES>[0.09927593624556394, 0.004990245928400717, 0.07129101668401791, 0.007327145870730675, 0.04269188070349295, 0.0040301231282878465, 0.03668258961294276, 0.005586750165118209, 0.012787747600218608, 0.00549446004860172, 0.007480418984267739, 0.003984162393596762]</VALUES>
		<LCS_MIN>[0.08698144555091858, 0.058368898928165436, 0.03430185467004776, 0.026265285909175873, 0.0, 0.0]</LCS_MIN>
		<LCS_MAX>[0.11323244869709015, 0.09947628527879715, 0.07472719997167587, 0.07319144904613495, 0.04630756750702858, 0.0357503741979599]</LCS_MAX>
		<WAVELENGTH>[0.485, 0.56, 0.66, 0.83, 1.65, 2.215]</WAVELENGTH>
		<MEAN_VALUE>[0.09927593624556394, 0.07129101668401791, 0.04269188070349295, 0.03668258961294276, 0.012787747600218608, 0.007480418984267739]</MEAN_VALUE>
		<CHECKBOX>2</CHECKBOX>
		<SD>[0.004990245928400717, 0.007327145870730675, 0.0040301231282878465, 0.005586750165118209, 0.00549446004860172, 0.003984162393596762]</SD>
		<WAVELENGTH_UNIT>E-6m</WAVELENGTH_UNIT>
		<COLOR>#73f497</COLOR>
		<COVARIANCE_MATRIX>[[1.9567782146623358e-05, 2.4408735043834895e-05, 1.0064216439786833e-05, 3.188749360560905e-06, 2.3874974885984557e-06, 1.8289141507921158e-06], [2.4408735043834895e-05, 4.245499803801067e-05, 1.6803791368147358e-05, 8.0706686276244e-06, 6.114150892244652e-06, 3.6529233966575703e-06], [1.0064216439786833e-05, 1.6803791368147358e-05, 1.38112336571794e-05, 8.758925105212256e-06, 8.768529369262978e-06, 5.498617611010559e-06], [3.188749360560905e-06, 8.0706686276244e-06, 8.758925105212256e-06, 2.8079964977223426e-05, 2.0004597899969667e-05, 1.0486787687113974e-05], [2.3874974885984557e-06, 6.114150892244652e-06, 8.768529369262978e-06, 2.0004597899969667e-05, 2.703587779251393e-05, 1.3050873349129688e-05], [1.8289141507921158e-06, 3.6529233966575703e-06, 5.498617611010559e-06, 1.0486787687113974e-05, 1.3050873349129688e-05, 1.4711130461364519e-05]]</COVARIANCE_MATRIX>
		<ROI_SIZE>4710</ROI_SIZE>
		<MAX_VALUE>[0.11323244869709015, 0.09947628527879715, 0.07472719997167587, 0.07319144904613495, 0.04630756750702858, 0.0357503741979599]</MAX_VALUE>
		<MIN_VALUE>[0.08698144555091858, 0.058368898928165436, 0.03430185467004776, 0.026265285909175873, 0.0, 0.0]</MIN_VALUE>
		<SIGNATURE_THRESHOLD_MD>0.0</SIGNATURE_THRESHOLD_MD>
		<SIGNATURE_THRESHOLD_ML>0.0</SIGNATURE_THRESHOLD_ML>
		<SIGNATURE_THRESHOLD_SAM>0.0</SIGNATURE_THRESHOLD_SAM>
	</signature>
	<signature ID="20200825_145902339050_845">
		<MACROCLASSID>1</MACROCLASSID>
		<MACROCLASSINFO>waterbody</MACROCLASSINFO>
		<CLASSID>2</CLASSID>
		<CLASSINFO>C 1</CLASSINFO>
		<VALUES>[0.12363810530480217, 0.0036942957213557327, 0.10031894857392586, 0.005492218025001605, 0.08633906354400563, 0.005696982048177967, 0.08705117653079211, 0.010719781828914829, 0.0430887365604148, 0.013572839502152665, 0.027254919242611867, 0.009152703731553729]</VALUES>
		<LCS_MIN>[0.11651381850242615, 0.09262505173683167, 0.07472719997167587, 0.06958173960447311, 0.020743349567055702, 0.009050370194017887]</LCS_MIN>
		<LCS_MAX>[0.1444055438041687, 0.13030681014060974, 0.118040069937706, 0.12011761963367462, 0.06954775750637054, 0.05577538534998894]</LCS_MAX>
		<WAVELENGTH>[0.485, 0.56, 0.66, 0.83, 1.65, 2.215]</WAVELENGTH>
		<MEAN_VALUE>[0.12363810530480217, 0.10031894857392586, 0.08633906354400563, 0.08705117653079211, 0.0430887365604148, 0.027254919242611867]</MEAN_VALUE>
		<CHECKBOX>2</CHECKBOX>
		<SD>[0.0036942957213557327, 0.005492218025001605, 0.005696982048177967, 0.010719781828914829, 0.013572839502152665, 0.009152703731553729]</SD>
		<WAVELENGTH_UNIT>E-6m</WAVELENGTH_UNIT>
		<COLOR>#c03326</COLOR>
		<COVARIANCE_MATRIX>[[1.3721196410187986e-05, 1.5448655176442116e-05, 1.6750238501117565e-05, 2.4780709281913005e-05, 3.2280091545544565e-05, 2.1959402147331275e-05], [1.5448655176442116e-05, 3.032663335034158e-05, 2.797370689222589e-05, 4.669488043873571e-05, 5.665765274898149e-05, 3.786968954955228e-05], [1.6750238501117565e-05, 2.797370689222589e-05, 3.263009784859605e-05, 4.738825373351574e-05, 5.608596984529868e-05, 3.705530252773315e-05], [2.4780709281913005e-05, 4.669488043873571e-05, 4.738825373351574e-05, 0.00011553154035937041, 0.00012215727474540472, 7.536982593592256e-05], [3.2280091545544565e-05, 5.665765274898149e-05, 5.608596984529868e-05, 0.00012215727474540472, 0.00018521241145208478, 0.00011412473395466805], [2.1959402147331275e-05, 3.786968954955228e-05, 3.705530252773315e-05, 7.536982593592256e-05, 0.00011412473395466805, 8.422237442573532e-05]]</COVARIANCE_MATRIX>
		<ROI_SIZE>187</ROI_SIZE>
		<MAX_VALUE>[0.1444055438041687, 0.13030681014060974, 0.118040069937706, 0.12011761963367462, 0.06954775750637054, 0.05577538534998894]</MAX_VALUE>
		<MIN_VALUE>[0.11651381850242615, 0.09262505173683167, 0.07472719997167587, 0.06958173960447311, 0.020743349567055702, 0.009050370194017887]</MIN_VALUE>
		<SIGNATURE_THRESHOLD_MD>0.0</SIGNATURE_THRESHOLD_MD>
		<SIGNATURE_THRESHOLD_ML>0.0</SIGNATURE_THRESHOLD_ML>
		<SIGNATURE_THRESHOLD_SAM>0.0</SIGNATURE_THRESHOLD_SAM>
	</signature>
	<signature ID="20200825_145921088885_914">
		<MACROCLASSID>1</MACROCLASSID>
		<MACROCLASSINFO>waterbody</MACROCLASSINFO>
		<CLASSID>3</CLASSID>
		<CLASSINFO>C 1</CLASSINFO>
		<VALUES>[0.16111663201153742, 0.007203395473442, 0.1411265564371025, 0.007486976372494109, 0.12862917336911303, 0.007840360404480759, 0.15807387551584998, 0.010023646042351599, 0.10477268968586313, 0.01277129728200948, 0.06895613362171377, 0.009120671346934053]</VALUES>
		<LCS_MIN>[0.1460462212562561, 0.12345558404922485, 0.10937749594449997, 0.13455644249916077, 0.078843854367733, 0.04910038039088249]</LCS_MIN>
		<LCS_MAX>[0.18378204107284546, 0.167988583445549, 0.16135293245315552, 0.18509231507778168, 0.127648264169693, 0.09582538902759552]</LCS_MAX>
		<WAVELENGTH>[0.485, 0.56, 0.66, 0.83, 1.65, 2.215]</WAVELENGTH>
		<MEAN_VALUE>[0.16111663201153742, 0.1411265564371025, 0.12862917336911303, 0.15807387551584998, 0.10477268968586313, 0.06895613362171377]</MEAN_VALUE>
		<CHECKBOX>2</CHECKBOX>
		<SD>[0.007203395473442, 0.007486976372494109, 0.007840360404480759, 0.010023646042351599, 0.01277129728200948, 0.009120671346934053]</SD>
		<WAVELENGTH_UNIT>E-6m</WAVELENGTH_UNIT>
		<COLOR>#9bec2e</COLOR>
		<COVARIANCE_MATRIX>[[5.197127029532567e-05, 4.960606020176783e-05, 5.114228042657487e-05, 4.8852663894649595e-05, 1.6666061128489673e-05, 2.5301087589468807e-05], [4.960606020176783e-05, 5.614379188045859e-05, 5.467482696985826e-05, 5.4044816351961344e-05, 2.0437659259187058e-05, 2.8529329938464798e-05], [5.114228042657487e-05, 5.467482696985826e-05, 6.156882591312751e-05, 5.838866491103545e-05, 2.561715700721834e-05, 3.173136792611331e-05], [4.8852663894649595e-05, 5.4044816351961344e-05, 5.838866491103545e-05, 0.00010063296213047579, 7.323770842049271e-05, 5.686147414962761e-05], [1.6666061128489673e-05, 2.0437659259187058e-05, 2.561715700721834e-05, 7.323770842049271e-05, 0.0001633649371797219, 0.00010314834071323276], [2.5301087589468807e-05, 2.8529329938464798e-05, 3.173136792611331e-05, 5.686147414962761e-05, 0.00010314834071323276, 8.331868593813851e-05]]</COVARIANCE_MATRIX>
		<ROI_SIZE>631</ROI_SIZE>
		<MAX_VALUE>[0.18378204107284546, 0.167988583445549, 0.16135293245315552, 0.18509231507778168, 0.127648264169693, 0.09582538902759552]</MAX_VALUE>
		<MIN_VALUE>[0.1460462212562561, 0.12345558404922485, 0.10937749594449997, 0.13455644249916077, 0.078843854367733, 0.04910038039088249]</MIN_VALUE>
		<SIGNATURE_THRESHOLD_MD>0.0</SIGNATURE_THRESHOLD_MD>
		<SIGNATURE_THRESHOLD_ML>0.0</SIGNATURE_THRESHOLD_ML>
		<SIGNATURE_THRESHOLD_SAM>0.0</SIGNATURE_THRESHOLD_SAM>
	</signature>
	<signature ID="20200825_145942957593_989">
		<MACROCLASSID>1</MACROCLASSID>
		<MACROCLASSINFO>waterbody</MACROCLASSINFO>
		<CLASSID>4</CLASSID>
		<CLASSINFO>C 1</CLASSINFO>
		<VALUES>[0.1459321641029521, 0.008857422354841299, 0.12913441992698496, 0.011583273986247613, 0.12105111618411735, 0.013270418609623622, 0.12469248860118226, 0.015997038178892788, 0.0941923187378256, 0.02050880141631528, 0.0716597471525643, 0.01719586328375412]</VALUES>
		<LCS_MIN>[0.12307658791542053, 0.09947628527879715, 0.0862772986292839, 0.09123998880386353, 0.060251686722040176, 0.03908787667751312]</LCS_MIN>
		<LCS_MAX>[0.16901585459709167, 0.16113732755184174, 0.1526903659105301, 0.16343407332897186, 0.13926836848258972, 0.10250040143728256]</LCS_MAX>
		<WAVELENGTH>[0.485, 0.56, 0.66, 0.83, 1.65, 2.215]</WAVELENGTH>
		<MEAN_VALUE>[0.1459321641029521, 0.12913441992698496, 0.12105111618411735, 0.12469248860118226, 0.0941923187378256, 0.0716597471525643]</MEAN_VALUE>
		<CHECKBOX>2</CHECKBOX>
		<SD>[0.008857422354841299, 0.011583273986247613, 0.013270418609623622, 0.015997038178892788, 0.02050880141631528, 0.01719586328375412]</SD>
		<WAVELENGTH_UNIT>E-6m</WAVELENGTH_UNIT>
		<COLOR>#4edafa</COLOR>
		<COVARIANCE_MATRIX>[[7.8875724284444e-05, 9.622763172956184e-05, 0.00011177906708326191, 0.00013336469419300556, 0.0001455057499697432, 0.00012049323413521051], [9.622763172956184e-05, 0.00013489359116647393, 0.00014963559806346893, 0.00017717923037707806, 0.00019413653353694826, 0.00015936109411995858], [0.00011177906708326191, 0.00014963559806346893, 0.00017705080972518772, 0.0002059887774521485, 0.00022748310584574938, 0.00018496658594813198], [0.00013336469419300556, 0.00017717923037707806, 0.0002059887774521485, 0.0002572810626588762, 0.00029112567426636815, 0.00023628647613804787], [0.0001455057499697432, 0.00019413653353694826, 0.00022748310584574938, 0.00029112567426636815, 0.0004228722827974707, 0.00033549402724020183], [0.00012049323413521051, 0.00015936109411995858, 0.00018496658594813198, 0.00023628647613804787, 0.00033549402724020183, 0.0002972874790430069]]</COVARIANCE_MATRIX>
		<ROI_SIZE>187</ROI_SIZE>
		<MAX_VALUE>[0.16901585459709167, 0.16113732755184174, 0.1526903659105301, 0.16343407332897186, 0.13926836848258972, 0.10250040143728256]</MAX_VALUE>
		<MIN_VALUE>[0.12307658791542053, 0.09947628527879715, 0.0862772986292839, 0.09123998880386353, 0.060251686722040176, 0.03908787667751312]</MIN_VALUE>
		<SIGNATURE_THRESHOLD_MD>0.0</SIGNATURE_THRESHOLD_MD>
		<SIGNATURE_THRESHOLD_ML>0.0</SIGNATURE_THRESHOLD_ML>
		<SIGNATURE_THRESHOLD_SAM>0.0</SIGNATURE_THRESHOLD_SAM>
	</signature>
	<signature ID="20200825_145956894716_209">
		<MACROCLASSID>1</MACROCLASSID>
		<MACROCLASSINFO>waterbody</MACROCLASSINFO>
		<CLASSID>5</CLASSID>
		<CLASSINFO>C 1</CLASSINFO>
		<VALUES>[0.11336522271609034, 0.002604232639773845, 0.10754529186497529, 0.004355250843267267, 0.07967605144646808, 0.0038298339650119904, 0.06690055109302091, 0.013411294014303446, 0.027231797215265, 0.009251487799473813, 0.015030862795824254, 0.0059698099638820015]</VALUES>
		<LCS_MIN>[0.10502900928258896, 0.08919943869113922, 0.06606461852788925, 0.044313810765743256, 0.011447270400822163, 0.0057128677144646645]</LCS_MIN>
		<LCS_MAX>[0.12143590301275253, 0.11660436540842056, 0.08916480839252472, 0.10206909477710724, 0.05792766064405441, 0.03908787667751312]</LCS_MAX>
		<WAVELENGTH>[0.485, 0.56, 0.66, 0.83, 1.65, 2.215]</WAVELENGTH>
		<MEAN_VALUE>[0.11336522271609034, 0.10754529186497529, 0.07967605144646808, 0.06690055109302091, 0.027231797215265, 0.015030862795824254]</MEAN_VALUE>
		<CHECKBOX>2</CHECKBOX>
		<SD>[0.002604232639773845, 0.004355250843267267, 0.0038298339650119904, 0.013411294014303446, 0.009251487799473813, 0.0059698099638820015]</SD>
		<WAVELENGTH_UNIT>E-6m</WAVELENGTH_UNIT>
		<COLOR>#8f99b3</COLOR>
		<COVARIANCE_MATRIX>[[6.8016856857866514e-06, 6.8103545345366e-06, 5.767582024418516e-06, -8.929981049732305e-06, -3.748592234842363e-06, -1.4312199709820561e-06], [6.8103545345366e-06, 1.9023189452127554e-05, 1.150269054051023e-05, -2.2173200704855844e-05, -1.2447270819393452e-05, -4.785443252330879e-06], [5.767582024418516e-06, 1.150269054051023e-05, 1.4710142750118393e-05, -1.080181300494587e-05, -4.1353528104082216e-06, 3.1841025815992907e-07], [-8.929981049732305e-06, -2.2173200704855844e-05, -1.080181300494587e-05, 0.00018038414418697357, 9.81764096650295e-05, 5.194417099119164e-05], [-3.748592234842363e-06, -1.2447270819393452e-05, -4.1353528104082216e-06, 9.81764096650295e-05, 8.583810995332897e-05, 4.3571220885496587e-05], [-1.4312199709820561e-06, -4.785443252330879e-06, 3.1841025815992907e-07, 5.194417099119164e-05, 4.3571220885496587e-05, 3.574193033273332e-05]]</COVARIANCE_MATRIX>
		<ROI_SIZE>346</ROI_SIZE>
		<MAX_VALUE>[0.12143590301275253, 0.11660436540842056, 0.08916480839252472, 0.10206909477710724, 0.05792766064405441, 0.03908787667751312]</MAX_VALUE>
		<MIN_VALUE>[0.10502900928258896, 0.08919943869113922, 0.06606461852788925, 0.044313810765743256, 0.011447270400822163, 0.0057128677144646645]</MIN_VALUE>
		<SIGNATURE_THRESHOLD_MD>0.0</SIGNATURE_THRESHOLD_MD>
		<SIGNATURE_THRESHOLD_ML>0.0</SIGNATURE_THRESHOLD_ML>
		<SIGNATURE_THRESHOLD_SAM>0.0</SIGNATURE_THRESHOLD_SAM>
	</signature>
	<signature ID="20200825_150006319146_394">
		<MACROCLASSID>1</MACROCLASSID>
		<MACROCLASSINFO>waterbody</MACROCLASSINFO>
		<CLASSID>6</CLASSID>
		<CLASSINFO>C 1</CLASSINFO>
		<VALUES>[0.10865428767219898, 0.0063644657979090025, 0.09908734902934735, 0.011393118145325775, 0.0743867493189839, 0.01034941394721528, 0.06277217330435476, 0.009111476440153641, 0.024244601289257737, 0.006586296794754831, 0.01260648470567174, 0.004355576550494009]</VALUES>
		<LCS_MIN>[0.09518489241600037, 0.07549697160720825, 0.05162700265645981, 0.04792351275682449, 0.013771289959549904, 0.0057128677144646645]</LCS_MIN>
		<LCS_MAX>[0.12143590301275253, 0.120029978454113, 0.09493987262248993, 0.09123998880386353, 0.060251686722040176, 0.03908787667751312]</LCS_MAX>
		<WAVELENGTH>[0.485, 0.56, 0.66, 0.83, 1.65, 2.215]</WAVELENGTH>
		<MEAN_VALUE>[0.10865428767219898, 0.09908734902934735, 0.0743867493189839, 0.06277217330435476, 0.024244601289257737, 0.01260648470567174]</MEAN_VALUE>
		<CHECKBOX>2</CHECKBOX>
		<SD>[0.0063644657979090025, 0.011393118145325775, 0.01034941394721528, 0.009111476440153641, 0.006586296794754831, 0.004355576550494009]</SD>
		<WAVELENGTH_UNIT>E-6m</WAVELENGTH_UNIT>
		<COLOR>#631419</COLOR>
		<COVARIANCE_MATRIX>[[4.068408452440053e-05, 6.856475374661386e-05, 6.183010555105284e-05, 1.5208704553515418e-06, -8.935685400501825e-06, -4.5666256482945755e-06], [6.856475374661386e-05, 0.00013037245662417263, 0.00011431396706029773, 6.8851845753670204e-06, -1.5322850231314078e-05, -7.536595603596652e-06], [6.183010555105284e-05, 0.00011431396706029773, 0.00010758014832390472, 6.906030648679007e-06, -1.4637585081800353e-05, -7.068548711686162e-06], [1.5208704553515418e-06, 6.8851845753670204e-06, 6.906030648679007e-06, 8.338312181876972e-05, 3.237242708564736e-05, 1.4599371752410661e-05], [-8.935685400501825e-06, -1.5322850231314078e-05, -1.4637585081800353e-05, 3.237242708564736e-05, 4.356956560513936e-05, 2.035725447058212e-05], [-4.5666256482945755e-06, -7.536595603596652e-06, -7.068548711686162e-06, 1.4599371752410661e-05, 2.035725447058212e-05, 1.905425415316131e-05]]</COVARIANCE_MATRIX>
		<ROI_SIZE>229</ROI_SIZE>
		<MAX_VALUE>[0.12143590301275253, 0.120029978454113, 0.09493987262248993, 0.09123998880386353, 0.060251686722040176, 0.03908787667751312]</MAX_VALUE>
		<MIN_VALUE>[0.09518489241600037, 0.07549697160720825, 0.05162700265645981, 0.04792351275682449, 0.013771289959549904, 0.0057128677144646645]</MIN_VALUE>
		<SIGNATURE_THRESHOLD_MD>0.0</SIGNATURE_THRESHOLD_MD>
		<SIGNATURE_THRESHOLD_ML>0.0</SIGNATURE_THRESHOLD_ML>
		<SIGNATURE_THRESHOLD_SAM>0.0</SIGNATURE_THRESHOLD_SAM>
	</signature>
	<signature ID="20200825_150017224520_970">
		<MACROCLASSID>1</MACROCLASSID>
		<MACROCLASSINFO>waterbody</MACROCLASSINFO>
		<CLASSID>7</CLASSID>
		<CLASSINFO>C 1</CLASSINFO>
		<VALUES>[0.10239269291488531, 0.0023494217313796907, 0.08776477686105627, 0.002841097552144275, 0.06332518039350836, 0.003330936043917962, 0.05542059561126255, 0.011513526934969409, 0.01857823673954121, 0.008140317745204304, 0.010256670399481417, 0.004966335472580111]</VALUES>
		<LCS_MIN>[0.09682557731866837, 0.07892259210348129, 0.057402048259973526, 0.04070410504937172, 0.006799229886382818, 0.0]</LCS_MIN>
		<LCS_MAX>[0.10831038653850555, 0.09262505173683167, 0.07183967530727386, 0.08402056992053986, 0.03933550417423248, 0.029075374826788902]</LCS_MAX>
		<WAVELENGTH>[0.485, 0.56, 0.66, 0.83, 1.65, 2.215]</WAVELENGTH>
		<MEAN_VALUE>[0.10239269291488531, 0.08776477686105627, 0.06332518039350836, 0.05542059561126255, 0.01857823673954121, 0.010256670399481417]</MEAN_VALUE>
		<CHECKBOX>2</CHECKBOX>
		<SD>[0.0023494217313796907, 0.002841097552144275, 0.003330936043917962, 0.011513526934969409, 0.008140317745204304, 0.004966335472580111]</SD>
		<WAVELENGTH_UNIT>E-6m</WAVELENGTH_UNIT>
		<COLOR>#c06451</COLOR>
		<COVARIANCE_MATRIX>[[5.5673667702649254e-06, 3.1137253699853318e-06, 4.151094799453858e-06, 8.651899406686425e-06, 5.123039954924025e-06, 3.288409970991779e-06], [3.1137253699853318e-06, 8.14142003946472e-06, 6.183312052598922e-06, 8.396708835789468e-06, 7.916620234027505e-06, 4.603800789482193e-06], [4.151094799453858e-06, 6.183312052598922e-06, 1.1190782970516011e-05, 1.7569996998645365e-05, 1.229843564942712e-05, 5.635337402054574e-06], [8.651899406686425e-06, 8.396708835789468e-06, 1.7569996998645365e-05, 0.00013370407395996153, 7.0539019361604e-05, 3.363738869666122e-05], [5.123039954924025e-06, 7.916620234027505e-06, 1.229843564942712e-05, 7.0539019361604e-05, 6.683602259727195e-05, 3.09275092149619e-05], [3.288409970991779e-06, 4.603800789482193e-06, 5.635337402054574e-06, 3.363738869666122e-05, 3.09275092149619e-05, 2.4877112082322128e-05]]</COVARIANCE_MATRIX>
		<ROI_SIZE>117</ROI_SIZE>
		<MAX_VALUE>[0.10831038653850555, 0.09262505173683167, 0.07183967530727386, 0.08402056992053986, 0.03933550417423248, 0.029075374826788902]</MAX_VALUE>
		<MIN_VALUE>[0.09682557731866837, 0.07892259210348129, 0.057402048259973526, 0.04070410504937172, 0.006799229886382818, 0.0]</MIN_VALUE>
		<SIGNATURE_THRESHOLD_MD>0.0</SIGNATURE_THRESHOLD_MD>
		<SIGNATURE_THRESHOLD_ML>0.0</SIGNATURE_THRESHOLD_ML>
		<SIGNATURE_THRESHOLD_SAM>0.0</SIGNATURE_THRESHOLD_SAM>
	</signature>
	<signature ID="20200825_150027273913_812">
		<MACROCLASSID>1</MACROCLASSID>
		<MACROCLASSINFO>waterbody</MACROCLASSINFO>
		<CLASSID>8</CLASSID>
		<CLASSINFO>C 1</CLASSINFO>
		<VALUES>[0.11644685952639094, 0.0019316208983671723, 0.1087743849778662, 0.0018310681691141007, 0.0872201609368227, 0.0020532324327595724, 0.061109990565752496, 0.010301860547626492, 0.018229613669824844, 0.00833104453201748, 0.010685064069622633, 0.005565234613681129]</VALUES>
		<LCS_MIN>[0.11323244869709015, 0.102901890873909, 0.0833897814154625, 0.051533229649066925, 0.009123250842094421, 0.0023753675632178783]</LCS_MIN>
		<LCS_MAX>[0.11979520320892334, 0.11317874491214752, 0.09205234795808792, 0.09484968334436417, 0.05095560476183891, 0.029075374826788902]</LCS_MAX>
		<WAVELENGTH>[0.485, 0.56, 0.66, 0.83, 1.65, 2.215]</WAVELENGTH>
		<MEAN_VALUE>[0.11644685952639094, 0.1087743849778662, 0.0872201609368227, 0.061109990565752496, 0.018229613669824844, 0.010685064069622633]</MEAN_VALUE>
		<CHECKBOX>2</CHECKBOX>
		<SD>[0.0019316208983671723, 0.0018310681691141007, 0.0020532324327595724, 0.010301860547626492, 0.00833104453201748, 0.005565234613681129]</SD>
		<WAVELENGTH_UNIT>E-6m</WAVELENGTH_UNIT>
		<COLOR>#6eb9c0</COLOR>
		<COVARIANCE_MATRIX>[[3.808891733569908e-06, 5.0181995447928784e-08, 6.445604583404929e-08, 1.6417544657088001e-06, 9.402686487192113e-07, 4.5398402903629176e-07], [5.0181995447928784e-08, 3.422660938667832e-06, 5.299010581438779e-07, -3.5697889870789368e-06, -3.5541006582207046e-07, -1.939523826877121e-06], [6.445604583404929e-08, 5.299010581438779e-07, 4.30359204983688e-06, 4.0283307498611975e-06, 3.677746235553059e-06, 2.2412875750887906e-06], [1.6417544657088001e-06, -3.5697889870789368e-06, 4.0283307498611975e-06, 0.00010833933629328385, 6.005358591210097e-05, 3.371426646481268e-05], [9.402686487192113e-07, -3.5541006582207046e-07, 3.677746235553059e-06, 6.005358591210097e-05, 7.085227116476744e-05, 3.47356908605434e-05], [4.5398402903629176e-07, -1.939523826877121e-06, 2.2412875750887906e-06, 3.371426646481268e-05, 3.47356908605434e-05, 3.161708445986733e-05]]</COVARIANCE_MATRIX>
		<ROI_SIZE>49</ROI_SIZE>
		<MAX_VALUE>[0.11979520320892334, 0.11317874491214752, 0.09205234795808792, 0.09484968334436417, 0.05095560476183891, 0.029075374826788902]</MAX_VALUE>
		<MIN_VALUE>[0.11323244869709015, 0.102901890873909, 0.0833897814154625, 0.051533229649066925, 0.009123250842094421, 0.0023753675632178783]</MIN_VALUE>
		<SIGNATURE_THRESHOLD_MD>0.0</SIGNATURE_THRESHOLD_MD>
		<SIGNATURE_THRESHOLD_ML>0.0</SIGNATURE_THRESHOLD_ML>
		<SIGNATURE_THRESHOLD_SAM>0.0</SIGNATURE_THRESHOLD_SAM>
	</signature>
	<signature ID="20200825_150035513412_691">
		<MACROCLASSID>1</MACROCLASSID>
		<MACROCLASSINFO>waterbody</MACROCLASSINFO>
		<CLASSID>9</CLASSID>
		<CLASSINFO>C 1</CLASSINFO>
		<VALUES>[0.11649805020827508, 0.0022175601731037847, 0.11424925264257653, 0.003576191933291552, 0.08913705465742032, 0.003289730374228249, 0.06354243335170814, 0.01093208340248942, 0.026408146936983738, 0.007896255445137487, 0.015404458090555502, 0.005216201889998281]</VALUES>
		<LCS_MIN>[0.10831038653850555, 0.09947628527879715, 0.08050224930047989, 0.044313810765743256, 0.011447270400822163, 0.0057128677144646645]</LCS_MIN>
		<LCS_MAX>[0.12143590301275253, 0.120029978454113, 0.09493987262248993, 0.09123998880386353, 0.060251686722040176, 0.0357503741979599]</LCS_MAX>
		<WAVELENGTH>[0.485, 0.56, 0.66, 0.83, 1.65, 2.215]</WAVELENGTH>
		<MEAN_VALUE>[0.11649805020827508, 0.11424925264257653, 0.08913705465742032, 0.06354243335170814, 0.026408146936983738, 0.015404458090555502]</MEAN_VALUE>
		<CHECKBOX>2</CHECKBOX>
		<SD>[0.0022175601731037847, 0.003576191933291552, 0.003289730374228249, 0.01093208340248942, 0.007896255445137487, 0.005216201889998281]</SD>
		<WAVELENGTH_UNIT>E-6m</WAVELENGTH_UNIT>
		<COLOR>#765a6f</COLOR>
		<COVARIANCE_MATRIX>[[4.941329734720057e-06, 3.709579459609813e-06, 2.860384711311781e-06, -8.507259735779371e-06, -4.165277459833305e-06, -1.5129111261558137e-06], [3.709579459609813e-06, 1.2850931852881331e-05, 5.764094112237217e-06, -1.3814074918627739e-05, -9.670260624261573e-06, -4.2942760956066195e-06], [2.860384711311781e-06, 5.764094112237217e-06, 1.0874608051381074e-05, -9.383124051964842e-06, -2.824472403517575e-06, 6.89390276420454e-07], [-8.507259735779371e-06, -1.3814074918627739e-05, -9.383124051964842e-06, 0.00012008779594907537, 6.177280738484114e-05, 2.6337716917623766e-05], [-4.165277459833305e-06, -9.670260624261573e-06, -2.824472403517575e-06, 6.177280738484114e-05, 6.265206320676953e-05, 2.9292652470758185e-05], [-1.5129111261558137e-06, -4.2942760956066195e-06, 6.89390276420454e-07, 2.6337716917623766e-05, 2.9292652470758185e-05, 2.7340205633663572e-05]]</COVARIANCE_MATRIX>
		<ROI_SIZE>208</ROI_SIZE>
		<MAX_VALUE>[0.12143590301275253, 0.120029978454113, 0.09493987262248993, 0.09123998880386353, 0.060251686722040176, 0.0357503741979599]</MAX_VALUE>
		<MIN_VALUE>[0.10831038653850555, 0.09947628527879715, 0.08050224930047989, 0.044313810765743256, 0.011447270400822163, 0.0057128677144646645]</MIN_VALUE>
		<SIGNATURE_THRESHOLD_MD>0.0</SIGNATURE_THRESHOLD_MD>
		<SIGNATURE_THRESHOLD_ML>0.0</SIGNATURE_THRESHOLD_ML>
		<SIGNATURE_THRESHOLD_SAM>0.0</SIGNATURE_THRESHOLD_SAM>
	</signature>
	<signature ID="20200825_150044884813_836">
		<MACROCLASSID>1</MACROCLASSID>
		<MACROCLASSINFO>waterbody</MACROCLASSINFO>
		<CLASSID>10</CLASSID>
		<CLASSINFO>C 1</CLASSINFO>
		<VALUES>[0.09425267898900944, 0.0024832488766752835, 0.07214921577410266, 0.0033058520575135245, 0.05149575331333009, 0.0036397043783341263, 0.06777689572085034, 0.017524061072894687, 0.032257810573686256, 0.010752710924552256, 0.01853190603750673, 0.0067106769019584815]</VALUES>
		<LCS_MIN>[0.09026282280683517, 0.06522012501955032, 0.04585195332765579, 0.04070410504937172, 0.018419329077005386, 0.009050370194017887]</LCS_MIN>
		<LCS_MAX>[0.10010694712400436, 0.08234820514917374, 0.06317710131406784, 0.10567880421876907, 0.05792766064405441, 0.03908787667751312]</LCS_MAX>
		<WAVELENGTH>[0.485, 0.56, 0.66, 0.83, 1.65, 2.215]</WAVELENGTH>
		<MEAN_VALUE>[0.09425267898900944, 0.07214921577410266, 0.05149575331333009, 0.06777689572085034, 0.032257810573686256, 0.01853190603750673]</MEAN_VALUE>
		<CHECKBOX>2</CHECKBOX>
		<SD>[0.0024832488766752835, 0.0033058520575135245, 0.0036397043783341263, 0.017524061072894687, 0.010752710924552256, 0.0067106769019584815]</SD>
		<WAVELENGTH_UNIT>E-6m</WAVELENGTH_UNIT>
		<COLOR>#da2622</COLOR>
		<COVARIANCE_MATRIX>[[6.3099323597270995e-06, 5.433214937511366e-06, 5.3835506150790025e-06, 1.2051382327626925e-05, 1.062880710378522e-05, 9.808387403609231e-06], [5.433214937511366e-06, 1.1182813068444375e-05, 8.981855899037328e-06, 1.8260614524479024e-05, 9.265625521948095e-06, 9.614105692890007e-06], [5.3835506150790025e-06, 8.981855899037328e-06, 1.355552831228124e-05, 3.054213084396906e-05, 1.855718255683314e-05, 1.3375826711126138e-05], [1.2051382327626925e-05, 1.8260614524479024e-05, 3.054213084396906e-05, 0.0003142344066873193, 0.0001607571612112224, 6.570031109731644e-05], [1.062880710378522e-05, 9.265625521948095e-06, 1.855718255683314e-05, 0.0001607571612112224, 0.00011830964649561793, 5.387676355894655e-05], [9.808387403609231e-06, 9.614105692890007e-06, 1.3375826711126138e-05, 6.570031109731644e-05, 5.387676355894655e-05, 4.60804694739636e-05]]</COVARIANCE_MATRIX>
		<ROI_SIZE>44</ROI_SIZE>
		<MAX_VALUE>[0.10010694712400436, 0.08234820514917374, 0.06317710131406784, 0.10567880421876907, 0.05792766064405441, 0.03908787667751312]</MAX_VALUE>
		<MIN_VALUE>[0.09026282280683517, 0.06522012501955032, 0.04585195332765579, 0.04070410504937172, 0.018419329077005386, 0.009050370194017887]</MIN_VALUE>
		<SIGNATURE_THRESHOLD_MD>0.0</SIGNATURE_THRESHOLD_MD>
		<SIGNATURE_THRESHOLD_ML>0.0</SIGNATURE_THRESHOLD_ML>
		<SIGNATURE_THRESHOLD_SAM>0.0</SIGNATURE_THRESHOLD_SAM>
	</signature>
	<signature ID="20200825_150106024569_249">
		<MACROCLASSID>1</MACROCLASSID>
		<MACROCLASSINFO>waterbody</MACROCLASSINFO>
		<CLASSID>11</CLASSID>
		<CLASSINFO>C 1</CLASSINFO>
		<VALUES>[0.10112481895396445, 0.0035722889818078497, 0.08008287950689275, 0.007297847868248409, 0.05847406308145238, 0.006453437210346653, 0.053575116006897794, 0.013267575199563814, 0.020388637918644724, 0.011093550065620073, 0.012247283614808178, 0.006761184340673395]</VALUES>
		<LCS_MIN>[0.09190350770950317, 0.06179450452327728, 0.042964428663253784, 0.02987498790025711, 0.0, 0.0]</LCS_MIN>
		<LCS_MAX>[0.11979520320892334, 0.102901890873909, 0.0862772986292839, 0.08402056992053986, 0.05327962711453438, 0.042425379157066345]</LCS_MAX>
		<WAVELENGTH>[0.485, 0.56, 0.66, 0.83, 1.65, 2.215]</WAVELENGTH>
		<MEAN_VALUE>[0.10112481895396445, 0.08008287950689275, 0.05847406308145238, 0.053575116006897794, 0.020388637918644724, 0.012247283614808178]</MEAN_VALUE>
		<CHECKBOX>2</CHECKBOX>
		<SD>[0.0035722889818078497, 0.007297847868248409, 0.006453437210346653, 0.013267575199563814, 0.011093550065620073, 0.006761184340673395]</SD>
		<WAVELENGTH_UNIT>E-6m</WAVELENGTH_UNIT>
		<COLOR>#b1a6d6</COLOR>
		<COVARIANCE_MATRIX>[[1.4364220987772569e-05, 2.277779276482761e-05, 2.0446659618755803e-05, 1.5503994291066192e-05, 1.591810905665625e-05, 9.183432666759472e-06], [2.277779276482761e-05, 5.9502970543690026e-05, 4.5336244511418045e-05, 2.4820512408041395e-05, 2.6160078050452285e-05, 1.4382398148882203e-05], [2.0446659618755803e-05, 4.5336244511418045e-05, 4.542372698779218e-05, 2.9338812964851968e-05, 3.050551276828628e-05, 1.7501657566754147e-05], [1.5503994291066192e-05, 2.4820512408041395e-05, 2.9338812964851968e-05, 0.00017255148850381374, 0.00010619490058161318, 5.6521261285524815e-05], [1.591810905665625e-05, 2.6160078050452285e-05, 3.050551276828628e-05, 0.00010619490058161318, 0.00011933429050259292, 6.371715426212177e-05], [9.183432666759472e-06, 1.4382398148882203e-05, 1.7501657566754147e-05, 5.6521261285524815e-05, 6.371715426212177e-05, 4.3475814891280606e-05]]</COVARIANCE_MATRIX>
		<ROI_SIZE>6048</ROI_SIZE>
		<MAX_VALUE>[0.11979520320892334, 0.102901890873909, 0.0862772986292839, 0.08402056992053986, 0.05327962711453438, 0.042425379157066345]</MAX_VALUE>
		<MIN_VALUE>[0.09190350770950317, 0.06179450452327728, 0.042964428663253784, 0.02987498790025711, 0.0, 0.0]</MIN_VALUE>
		<SIGNATURE_THRESHOLD_MD>0.0</SIGNATURE_THRESHOLD_MD>
		<SIGNATURE_THRESHOLD_ML>0.0</SIGNATURE_THRESHOLD_ML>
		<SIGNATURE_THRESHOLD_SAM>0.0</SIGNATURE_THRESHOLD_SAM>
	</signature>
	<signature ID="20200825_150116017962_913">
		<MACROCLASSID>1</MACROCLASSID>
		<MACROCLASSINFO>waterbody</MACROCLASSINFO>
		<CLASSID>12</CLASSID>
		<CLASSINFO>C 1</CLASSINFO>
		<VALUES>[0.11329970989304908, 0.004270259825662066, 0.09625676527412953, 0.005615318310667344, 0.0714730500275597, 0.005577401282441351, 0.04091716564599256, 0.00933506251342334, 0.013688400927132138, 0.0072503659665893345, 0.008912813946255474, 0.004939457884203426]</VALUES>
		<LCS_MIN>[0.09846626222133636, 0.07207135856151581, 0.054514527320861816, 0.02987498790025711, 0.0, 0.0]</LCS_MIN>
		<LCS_MAX>[0.13128001987934113, 0.120029978454113, 0.09782738983631134, 0.07680115848779678, 0.05095560476183891, 0.03908787667751312]</LCS_MAX>
		<WAVELENGTH>[0.485, 0.56, 0.66, 0.83, 1.65, 2.215]</WAVELENGTH>
		<MEAN_VALUE>[0.11329970989304908, 0.09625676527412953, 0.0714730500275597, 0.04091716564599256, 0.013688400927132138, 0.008912813946255474]</MEAN_VALUE>
		<CHECKBOX>2</CHECKBOX>
		<SD>[0.004270259825662066, 0.005615318310667344, 0.005577401282441351, 0.00933506251342334, 0.0072503659665893345, 0.004939457884203426]</SD>
		<WAVELENGTH_UNIT>E-6m</WAVELENGTH_UNIT>
		<COLOR>#b41ef7</COLOR>
		<COVARIANCE_MATRIX>[[1.6998936189338565e-05, 1.7707097867969424e-05, 1.4445551641983911e-05, -8.69929226610111e-06, -7.890671440691222e-06, -4.015701506432379e-06], [1.7707097867969424e-05, 2.9197899493738078e-05, 2.105359271808993e-05, -1.1038304364774376e-05, -1.0311001460650004e-05, -5.056526788393967e-06], [1.4445551641983911e-05, 2.105359271808993e-05, 2.9687895221286453e-05, 9.941280040948186e-06, 2.00712520381785e-06, 1.861048417595157e-06], [-8.69929226610111e-06, -1.1038304364774376e-05, 9.941280040948186e-06, 7.969946454977617e-05, 5.111869177198969e-05, 2.9792383429594338e-05], [-7.890671440691222e-06, -1.0311001460650004e-05, 2.00712520381785e-06, 5.111869177198969e-05, 4.929723945679143e-05, 2.730448977672495e-05], [-4.015701506432379e-06, -5.056526788393967e-06, 1.861048417595157e-06, 2.9792383429594338e-05, 2.730448977672495e-05, 2.3415223040501587e-05]]</COVARIANCE_MATRIX>
		<ROI_SIZE>8831</ROI_SIZE>
		<MAX_VALUE>[0.13128001987934113, 0.120029978454113, 0.09782738983631134, 0.07680115848779678, 0.05095560476183891, 0.03908787667751312]</MAX_VALUE>
		<MIN_VALUE>[0.09846626222133636, 0.07207135856151581, 0.054514527320861816, 0.02987498790025711, 0.0, 0.0]</MIN_VALUE>
		<SIGNATURE_THRESHOLD_MD>0.0</SIGNATURE_THRESHOLD_MD>
		<SIGNATURE_THRESHOLD_ML>0.0</SIGNATURE_THRESHOLD_ML>
		<SIGNATURE_THRESHOLD_SAM>0.0</SIGNATURE_THRESHOLD_SAM>
	</signature>
	<signature ID="20200825_150128614202_648">
		<MACROCLASSID>1</MACROCLASSID>
		<MACROCLASSINFO>waterbody</MACROCLASSINFO>
		<CLASSID>13</CLASSID>
		<CLASSINFO>C 1</CLASSINFO>
		<VALUES>[0.11723393292078171, 0.004955494214492961, 0.10042128084667154, 0.007156644523327364, 0.07418697068877812, 0.007217617424055147, 0.04096645472734296, 0.007982868759992665, 0.014651992884040455, 0.007417039414157935, 0.009740498859540713, 0.005082634535251161]</VALUES>
		<LCS_MIN>[0.10010694712400436, 0.07207135856151581, 0.0487394817173481, 0.02987498790025711, 0.0021511910017579794, 0.0]</LCS_MIN>
		<LCS_MAX>[0.13292071223258972, 0.12345558404922485, 0.09782738983631134, 0.07680115848779678, 0.055603645741939545, 0.042425379157066345]</LCS_MAX>
		<WAVELENGTH>[0.485, 0.56, 0.66, 0.83, 1.65, 2.215]</WAVELENGTH>
		<MEAN_VALUE>[0.11723393292078171, 0.10042128084667154, 0.07418697068877812, 0.04096645472734296, 0.014651992884040455, 0.009740498859540713]</MEAN_VALUE>
		<CHECKBOX>2</CHECKBOX>
		<SD>[0.004955494214492961, 0.007156644523327364, 0.007217617424055147, 0.007982868759992665, 0.007417039414157935, 0.005082634535251161]</SD>
		<WAVELENGTH_UNIT>E-6m</WAVELENGTH_UNIT>
		<COLOR>#afbf65</COLOR>
		<COVARIANCE_MATRIX>[[2.432066685287282e-05, 2.9426875698845834e-05, 2.6455607439856976e-05, -7.304452083189972e-06, -1.1277285921096336e-05, -6.123437287897104e-06], [2.9426875698845834e-05, 5.1203671318944544e-05, 4.4804535718867555e-05, -7.06395621818956e-06, -1.5783836715854704e-05, -8.717939635971561e-06], [2.6455607439856976e-05, 4.4804535718867555e-05, 5.2412640798138455e-05, 5.974887244519778e-06, -6.619327905355021e-06, -3.1747315460961545e-06], [-7.304452083189972e-06, -7.06395621818956e-06, 5.974887244519778e-06, 5.8241876104148105e-05, 4.366154098534025e-05, 2.6169578632107005e-05], [-1.1277285921096336e-05, -1.5783836715854704e-05, -6.619327905355021e-06, 4.366154098534025e-05, 5.129185592522845e-05, 2.875139944080729e-05], [-6.123437287897104e-06, -8.717939635971561e-06, -3.1747315460961545e-06, 2.6169578632107005e-05, 2.875139944080729e-05, 2.437897455820348e-05]]</COVARIANCE_MATRIX>
		<ROI_SIZE>9416</ROI_SIZE>
		<MAX_VALUE>[0.13292071223258972, 0.12345558404922485, 0.09782738983631134, 0.07680115848779678, 0.055603645741939545, 0.042425379157066345]</MAX_VALUE>
		<MIN_VALUE>[0.10010694712400436, 0.07207135856151581, 0.0487394817173481, 0.02987498790025711, 0.0021511910017579794, 0.0]</MIN_VALUE>
		<SIGNATURE_THRESHOLD_MD>0.0</SIGNATURE_THRESHOLD_MD>
		<SIGNATURE_THRESHOLD_ML>0.0</SIGNATURE_THRESHOLD_ML>
		<SIGNATURE_THRESHOLD_SAM>0.0</SIGNATURE_THRESHOLD_SAM>
	</signature>
	<signature ID="20200825_150137412635_548">
		<MACROCLASSID>1</MACROCLASSID>
		<MACROCLASSINFO>waterbody</MACROCLASSINFO>
		<CLASSID>14</CLASSID>
		<CLASSINFO>C 1</CLASSINFO>
		<VALUES>[0.11792098054264402, 0.003653266198303703, 0.10347534232447833, 0.005789699680409139, 0.07468691961062696, 0.009847865437602556, 0.04337291848044368, 0.010434148893989895, 0.013252573252976279, 0.004804961584899349, 0.00869345794331057, 0.003566599303312803]</VALUES>
		<LCS_MIN>[0.10174764692783356, 0.08234820514917374, 0.05162700265645981, 0.02987498790025711, 0.004475210793316364, 0.0]</LCS_MIN>
		<LCS_MAX>[0.12635797262191772, 0.11660436540842056, 0.09782738983631134, 0.08041086047887802, 0.048631586134433746, 0.0357503741979599]</LCS_MAX>
		<WAVELENGTH>[0.485, 0.56, 0.66, 0.83, 1.65, 2.215]</WAVELENGTH>
		<MEAN_VALUE>[0.11792098054264402, 0.10347534232447833, 0.07468691961062696, 0.04337291848044368, 0.013252573252976279, 0.00869345794331057]</MEAN_VALUE>
		<CHECKBOX>2</CHECKBOX>
		<SD>[0.003653266198303703, 0.005789699680409139, 0.009847865437602556, 0.010434148893989895, 0.004804961584899349, 0.003566599303312803]</SD>
		<WAVELENGTH_UNIT>E-6m</WAVELENGTH_UNIT>
		<COLOR>#03200f</COLOR>
		<COVARIANCE_MATRIX>[[1.3572471289080568e-05, 1.685430652287323e-05, 2.167680395359639e-05, 2.003722102017491e-06, -5.334062279871432e-06, -3.29865997628076e-06], [1.685430652287323e-05, 3.89361557608936e-05, 4.961718150298111e-05, 1.9145672922604717e-05, -4.0899408304539975e-06, -2.962201961054234e-06], [2.167680395359639e-05, 4.961718150298111e-05, 9.915884584188461e-05, 7.142940012272447e-05, 6.120964371802984e-06, 2.1984103568684077e-06], [2.003722102017491e-06, 1.9145672922604717e-05, 7.142940012272447e-05, 0.0001048573903972283, 2.716942981351167e-05, 1.5101931239769328e-05], [-5.334062279871432e-06, -4.0899408304539975e-06, 6.120964371802984e-06, 2.716942981351167e-05, 2.3600339773111045e-05, 1.1899502169399057e-05], [-3.29865997628076e-06, -2.962201961054234e-06, 2.1984103568684077e-06, 1.5101931239769328e-05, 1.1899502169399057e-05, 1.3357137504499406e-05]]</COVARIANCE_MATRIX>
		<ROI_SIZE>6776</ROI_SIZE>
		<MAX_VALUE>[0.12635797262191772, 0.11660436540842056, 0.09782738983631134, 0.08041086047887802, 0.048631586134433746, 0.0357503741979599]</MAX_VALUE>
		<MIN_VALUE>[0.10174764692783356, 0.08234820514917374, 0.05162700265645981, 0.02987498790025711, 0.004475210793316364, 0.0]</MIN_VALUE>
		<SIGNATURE_THRESHOLD_MD>0.0</SIGNATURE_THRESHOLD_MD>
		<SIGNATURE_THRESHOLD_ML>0.0</SIGNATURE_THRESHOLD_ML>
		<SIGNATURE_THRESHOLD_SAM>0.0</SIGNATURE_THRESHOLD_SAM>
	</signature>
	<signature ID="20200825_150147917033_546">
		<MACROCLASSID>1</MACROCLASSID>
		<MACROCLASSINFO>waterbody</MACROCLASSINFO>
		<CLASSID>15</CLASSID>
		<CLASSINFO>C 1</CLASSINFO>
		<VALUES>[0.1088630736548241, 0.0062469511652335765, 0.08880956231995606, 0.0105286182902252, 0.06014575710460994, 0.015693929517631294, 0.038378988523520216, 0.010968442515003562, 0.011821372697131656, 0.0027500322498769003, 0.008042823547820991, 0.0027523743181140183]</VALUES>
		<LCS_MIN>[0.09518489241600037, 0.07207135856151581, 0.042964428663253784, 0.026265285909175873, 0.0021511910017579794, 0.0]</LCS_MIN>
		<LCS_MAX>[0.12471727281808853, 0.11317874491214752, 0.09493987262248993, 0.07319144904613495, 0.037011485546827316, 0.032412875443696976]</LCS_MAX>
		<WAVELENGTH>[0.485, 0.56, 0.66, 0.83, 1.65, 2.215]</WAVELENGTH>
		<MEAN_VALUE>[0.1088630736548241, 0.08880956231995606, 0.06014575710460994, 0.038378988523520216, 0.011821372697131656, 0.008042823547820991]</MEAN_VALUE>
		<CHECKBOX>2</CHECKBOX>
		<SD>[0.0062469511652335765, 0.0105286182902252, 0.015693929517631294, 0.010968442515003562, 0.0027500322498769003, 0.0027523743181140183]</SD>
		<WAVELENGTH_UNIT>E-6m</WAVELENGTH_UNIT>
		<COLOR>#da220a</COLOR>
		<COVARIANCE_MATRIX>[[3.948014636989683e-05, 6.221234798431396e-05, 8.678147423779592e-05, 5.08514822286088e-05, 3.979302164225373e-06, 1.3217115792940604e-06], [6.221234798431396e-05, 0.00011256666766712442, 0.00015353376511484385, 9.097220026887953e-05, 6.417436452466063e-06, 1.8215239379060222e-06], [8.678147423779592e-05, 0.00015353376511484385, 0.0002497339737601578, 0.00016352449893020093, 1.2110122952435631e-05, 4.068373527843505e-06], [5.08514822286088e-05, 9.097220026887953e-05, 0.00016352449893020093, 0.00013229672913439572, 1.1313441063975915e-05, 4.342162810644368e-06], [3.979302164225373e-06, 6.417436452466063e-06, 1.2110122952435631e-05, 1.1313441063975915e-05, 8.047897608776111e-06, 2.2039855593902757e-06], [1.3217115792940604e-06, 1.8215239379060222e-06, 4.068373527843505e-06, 4.342162810644368e-06, 2.2039855593902757e-06, 7.718974302406423e-06]]</COVARIANCE_MATRIX>
		<ROI_SIZE>7939</ROI_SIZE>
		<MAX_VALUE>[0.12471727281808853, 0.11317874491214752, 0.09493987262248993, 0.07319144904613495, 0.037011485546827316, 0.032412875443696976]</MAX_VALUE>
		<MIN_VALUE>[0.09518489241600037, 0.07207135856151581, 0.042964428663253784, 0.026265285909175873, 0.0021511910017579794, 0.0]</MIN_VALUE>
		<SIGNATURE_THRESHOLD_MD>0.0</SIGNATURE_THRESHOLD_MD>
		<SIGNATURE_THRESHOLD_ML>0.0</SIGNATURE_THRESHOLD_ML>
		<SIGNATURE_THRESHOLD_SAM>0.0</SIGNATURE_THRESHOLD_SAM>
	</signature>
	<signature ID="20200825_150205881913_735">
		<MACROCLASSID>1</MACROCLASSID>
		<MACROCLASSINFO>waterbody</MACROCLASSINFO>
		<CLASSID>16</CLASSID>
		<CLASSINFO>C 1</CLASSINFO>
		<VALUES>[0.11723921770850819, 0.005324627127640352, 0.10226445804476288, 0.008072338037777975, 0.07661731252685566, 0.009356365722020546, 0.054230583658366874, 0.011536255398119213, 0.019506425820563975, 0.006825177195933625, 0.012935563181475805, 0.005283805980158272]</VALUES>
