<?xml version="1.0" ?>
<signaturelist MCID_LIST="[[u'1', u'water', u'#0000ff'], [u'2', u'built-up', u'#ff0000'], [u'3', u'vegetation', u'#00ff00'], [u'4', u'barren', u'#ffaa00'], [u'5', u'cloud', u'#ffffff']]">
	<signature ID="20170822_104429055000_710">
		<MACROCLASSID>5</MACROCLASSID>
		<MACROCLASSINFO>cloud</MACROCLASSINFO>
		<CLASSID>35</CLASSID>
		<CLASSINFO>C 1</CLASSINFO>
		<VALUES>[0.29331856669037515, 0.0179434163795135, 0.29134313608487156, 0.02545380627559539, 0.2911092237957979, 0.0342848429134331, 0.4011900675741391, 0.041352658606850126, 0.3991383851390757, 0.07145577864518032, 0.31801277381695825, 0.06679480232323887]</VALUES>
		<LCS_MIN>[0.24225673079490662, 0.22036640346050262, 0.19762782752513885, 0.2766788899898529, 0.17707394063472748, 0.11169829219579697]</LCS_MIN>
		<LCS_MAX>[0.3357436954975128, 0.3575618863105774, 0.37497469782829285, 0.5080147981643677, 0.5318481922149658, 0.47362449765205383]</LCS_MAX>
		<WAVELENGTH>[0.485, 0.56, 0.66, 0.83, 1.65, 2.215]</WAVELENGTH>
		<MEAN_VALUE>[0.29331856669037515, 0.29134313608487156, 0.2911092237957979, 0.4011900675741391, 0.3991383851390757, 0.31801277381695825]</MEAN_VALUE>
		<CHECKBOX>2</CHECKBOX>
		<SD>[0.0179434163795135, 0.02545380627559539, 0.0342848429134331, 0.041352658606850126, 0.07145577864518032, 0.06679480232323887]</SD>
		<WAVELENGTH_UNIT>E-6m</WAVELENGTH_UNIT>
		<COLOR>#389495</COLOR>
		<COVARIANCE_MATRIX>[[0.00032215393730439246, 0.00045130657963454723, 0.0006078888545744121, 0.0007211493793874979, 0.0012313446495682001, 0.0011449296725913882], [0.00045130657963454723, 0.0006482740282081068, 0.0008665698696859181, 0.0010319590801373124, 0.0017663672333583236, 0.0016413737321272492], [0.0006078888545744121, 0.0008665698696859181, 0.0011761358473449945, 0.0013908216496929526, 0.0023944692220538855, 0.002227066783234477], [0.0007211493793874979, 0.0010319590801373124, 0.0013908216496929526, 0.0017110394546762109, 0.0028859064914286137, 0.002673505339771509], [0.0012313446495682001, 0.0017663672333583236, 0.0023944692220538855, 0.0028859064914286137, 0.005108905490487814, 0.00473901117220521], [0.0011449296725913882, 0.0016413737321272492, 0.002227066783234477, 0.002673505339771509, 0.00473901117220521, 0.00446414714679122]]</COVARIANCE_MATRIX>
		<ROI_SIZE>1716</ROI_SIZE>
		<MAX_VALUE>[0.3357436954975128, 0.3575618863105774, 0.37497469782829285, 0.5080147981643677, 0.5318481922149658, 0.47362449765205383]</MAX_VALUE>
		<MIN_VALUE>[0.24225673079490662, 0.22036640346050262, 0.19762782752513885, 0.2766788899898529, 0.17707394063472748, 0.11169829219579697]</MIN_VALUE>
		<SIGNATURE_THRESHOLD_MD>0.0</SIGNATURE_THRESHOLD_MD>
		<SIGNATURE_THRESHOLD_ML>0.0</SIGNATURE_THRESHOLD_ML>
		<SIGNATURE_THRESHOLD_SAM>0.0</SIGNATURE_THRESHOLD_SAM>
	</signature>
	<signature ID="20171001_152658705000_419">
		<MACROCLASSID>4</MACROCLASSID>
		<MACROCLASSINFO>barren</MACROCLASSINFO>
		<CLASSID>7</CLASSID>
		<CLASSINFO>C 1</CLASSINFO>
		<VALUES>[0.1755842811332574, 0.005371607762433362, 0.1737188641574274, 0.007266170123338847, 0.19034395174719002, 0.009148242759219525, 0.28748727581947525, 0.01235048498704196, 0.4016904299124391, 0.015148338894262193, 0.2992196908687956, 0.018967821666418253]</VALUES>
		<LCS_MIN>[0.1662985384464264, 0.1593906432390213, 0.1693551391363144, 0.2541878819465637, 0.3771500885486603, 0.27022796869277954]</LCS_MIN>
		<LCS_MAX>[0.19697394967079163, 0.2051224410533905, 0.23361122608184814, 0.3248738944530487, 0.44315460324287415, 0.35098838806152344]</LCS_MAX>
		<WAVELENGTH>[0.485, 0.56, 0.66, 0.83, 1.65, 2.215]</WAVELENGTH>
		<MEAN_VALUE>[0.1755842811332574, 0.1737188641574274, 0.19034395174719002, 0.28748727581947525, 0.4016904299124391, 0.2992196908687956]</MEAN_VALUE>
		<CHECKBOX>2</CHECKBOX>
		<SD>[0.005371607762433362, 0.007266170123338847, 0.009148242759219525, 0.01235048498704196, 0.015148338894262193, 0.018967821666418253]</SD>
		<WAVELENGTH_UNIT>E-6m</WAVELENGTH_UNIT>
		<COLOR>#dca756</COLOR>
		<COVARIANCE_MATRIX>[[2.895648970504204e-05, 3.530139518586061e-05, 4.11288021654123e-05, 3.562006997849244e-05, 1.8167009793343058e-05, 8.08781111512732e-05], [3.530139518586061e-05, 5.298445247499467e-05, 6.133072360900926e-05, 5.977967926989496e-05, 3.4370520793116366e-05, 0.00010878073080362528], [4.11288021654123e-05, 6.133072360900926e-05, 8.398711985672477e-05, 9.17448463466563e-05, 6.880315022297871e-05, 0.00013804051633954737], [3.562006997849244e-05, 5.977967926989496e-05, 9.17448463466563e-05, 0.00015307538182442269, 0.0001308897292553155, 0.00014533862597641356], [1.8167009793343058e-05, 3.4370520793116366e-05, 6.880315022297871e-05, 0.0001308897292553155, 0.0002302859023591592, 0.00017552972678815698], [8.08781111512732e-05, 0.00010878073080362528, 0.00013804051633954737, 0.00014533862597641356, 0.00017552972678815698, 0.00036105406819730547]]</COVARIANCE_MATRIX>
		<ROI_SIZE>283</ROI_SIZE>
		<MAX_VALUE>[0.19697394967079163, 0.2051224410533905, 0.23361122608184814, 0.3248738944530487, 0.44315460324287415, 0.35098838806152344]</MAX_VALUE>
		<MIN_VALUE>[0.1662985384464264, 0.1593906432390213, 0.1693551391363144, 0.2541878819465637, 0.3771500885486603, 0.27022796869277954]</MIN_VALUE>
		<SIGNATURE_THRESHOLD_MD>0.0</SIGNATURE_THRESHOLD_MD>
		<SIGNATURE_THRESHOLD_ML>0.0</SIGNATURE_THRESHOLD_ML>
		<SIGNATURE_THRESHOLD_SAM>0.0</SIGNATURE_THRESHOLD_SAM>
	</signature>
	<signature ID="20171001_153223036000_921">
		<MACROCLASSID>4</MACROCLASSID>
		<MACROCLASSINFO>barren</MACROCLASSINFO>
		<CLASSID>19</CLASSID>
		<CLASSINFO>C 1</CLASSINFO>
		<VALUES>[0.15963919517263536, 0.002752163635756513, 0.14095891931201082, 0.0036377042121168964, 0.1354547736586118, 0.006660911166175444, 0.17168198093833034, 0.009103314968807123, 0.16276964111650538, 0.01912784830778417, 0.11385429296337181, 0.01692020689577571]</VALUES>
		<LCS_MIN>[0.15023048222064972, 0.12890276312828064, 0.11538000404834747, 0.1481589376926422, 0.11725734174251556, 0.06683139503002167]</LCS_MIN>
		<LCS_MAX>[0.17068076133728027, 0.15329305827617645, 0.15136343240737915, 0.20920591056346893, 0.19357503950595856, 0.1416095495223999]</LCS_MAX>
		<WAVELENGTH>[0.485, 0.56, 0.66, 0.83, 1.65, 2.215]</WAVELENGTH>
		<MEAN_VALUE>[0.15963919517263536, 0.14095891931201082, 0.1354547736586118, 0.17168198093833034, 0.16276964111650538, 0.11385429296337181]</MEAN_VALUE>
		<CHECKBOX>2</CHECKBOX>
		<SD>[0.002752163635756513, 0.0036377042121168964, 0.006660911166175444, 0.009103314968807123, 0.01912784830778417, 0.01692020689577571]</SD>
		<WAVELENGTH_UNIT>E-6m</WAVELENGTH_UNIT>
		<COLOR>#6bed9c</COLOR>
		<COVARIANCE_MATRIX>[[8.28188807416961e-06, 7.838332212800136e-06, 1.344652527941248e-05, 1.4184164036155985e-05, 2.844609462545473e-05, 2.3026779280036614e-05], [7.838332212800136e-06, 1.5897611278878976e-05, 2.331950604954641e-05, 2.625486747786636e-05, 5.2250829013557654e-05, 4.269550716530661e-05], [1.344652527941248e-05, 2.331950604954641e-05, 4.613523942593632e-05, 4.676666219234459e-05, 9.928143164746625e-05, 8.272772488696196e-05], [1.4184164036155985e-05, 2.625486747786636e-05, 4.676666219234459e-05, 0.00010811435391326529, 0.0001574005974843464, 0.00010992562743898479], [2.844609462545473e-05, 5.2250829013557654e-05, 9.928143164746625e-05, 0.0001574005974843464, 0.0003813919814482805, 0.00031066879203024364], [2.3026779280036614e-05, 4.269550716530661e-05, 8.272772488696196e-05, 0.00010992562743898479, 0.00031066879203024364, 0.0002809428868310327]]</COVARIANCE_MATRIX>
		<ROI_SIZE>5546</ROI_SIZE>
		<MAX_VALUE>[0.17068076133728027, 0.15329305827617645, 0.15136343240737915, 0.20920591056346893, 0.19357503950595856, 0.1416095495223999]</MAX_VALUE>
		<MIN_VALUE>[0.15023048222064972, 0.12890276312828064, 0.11538000404834747, 0.1481589376926422, 0.11725734174251556, 0.06683139503002167]</MIN_VALUE>
		<SIGNATURE_THRESHOLD_MD>0.0</SIGNATURE_THRESHOLD_MD>
		<SIGNATURE_THRESHOLD_ML>0.0</SIGNATURE_THRESHOLD_ML>
		<SIGNATURE_THRESHOLD_SAM>0.0</SIGNATURE_THRESHOLD_SAM>
	</signature>
	<signature ID="20170822_104812752000_259">
		<MACROCLASSID>3</MACROCLASSID>
		<MACROCLASSINFO>vegetation</MACROCLASSINFO>
		<CLASSID>42</CLASSID>
		<CLASSINFO>C 1</CLASSINFO>
		<VALUES>[0.12232858148058881, 0.0024695742629592655, 0.10115423638518346, 0.002887162868720667, 0.07754371699665728, 0.0038409558578081497, 0.20638640804954234, 0.016109626022267936, 0.11667808015531875, 0.014178859784580493, 0.05859884649734274, 0.009749360365805005]</VALUES>
		<LCS_MIN>[0.1137121170759201, 0.09231728315353394, 0.06911561638116837, 0.13851995766162872, 0.07187923789024353, 0.036920130252838135]</LCS_MIN>
		<LCS_MAX>[0.13708387315273285, 0.12890276312828064, 0.1256609857082367, 0.27025288343429565, 0.24720372259616852, 0.17451195418834686]</LCS_MAX>
		<WAVELENGTH>[0.485, 0.56, 0.66, 0.83, 1.65, 2.215]</WAVELENGTH>
		<MEAN_VALUE>[0.12232858148058881, 0.10115423638518346, 0.07754371699665728, 0.20638640804954234, 0.11667808015531875, 0.05859884649734274]</MEAN_VALUE>
		<CHECKBOX>2</CHECKBOX>
		<SD>[0.0024695742629592655, 0.002887162868720667, 0.0038409558578081497, 0.016109626022267936, 0.014178859784580493, 0.009749360365805005]</SD>
		<WAVELENGTH_UNIT>E-6m</WAVELENGTH_UNIT>
		<COLOR>#1097d6</COLOR>
		<COVARIANCE_MATRIX>[[6.144919552752981e-06, 4.1851149035210256e-06, 5.7139664022543e-06, 6.325429694697959e-06, 1.4898334484314546e-05, 9.72861653281143e-06], [4.1851149035210256e-06, 8.798022463452071e-06, 8.64822868607007e-06, 1.0258128895657137e-05, 2.7231113563175313e-05, 1.7663987819105387e-05], [5.7139664022543e-06, 8.64822868607007e-06, 1.6480958947795443e-05, -2.5932115477189654e-07, 4.4977408833801746e-05, 3.2015286706155166e-05], [6.325429694697959e-06, 1.0258128895657137e-05, -2.5932115477189654e-07, 0.00026143138529732823, 5.472838529385626e-05, -3.7483084724954097e-06], [1.4898334484314546e-05, 2.7231113563175313e-05, 4.4977408833801746e-05, 5.472838529385626e-05, 0.00020888698054477572, 0.00013038566976319999], [9.72861653281143e-06, 1.7663987819105387e-05, 3.2015286706155166e-05, -3.7483084724954097e-06, 0.00013038566976319999, 9.780376421986148e-05]]</COVARIANCE_MATRIX>
		<ROI_SIZE>164628</ROI_SIZE>
		<MAX_VALUE>[0.13708387315273285, 0.12890276312828064, 0.1256609857082367, 0.27025288343429565, 0.24720372259616852, 0.17451195418834686]</MAX_VALUE>
		<MIN_VALUE>[0.1137121170759201, 0.09231728315353394, 0.06911561638116837, 0.13851995766162872, 0.07187923789024353, 0.036920130252838135]</MIN_VALUE>
		<SIGNATURE_THRESHOLD_MD>0.0</SIGNATURE_THRESHOLD_MD>
		<SIGNATURE_THRESHOLD_ML>0.0</SIGNATURE_THRESHOLD_ML>
		<SIGNATURE_THRESHOLD_SAM>0.0</SIGNATURE_THRESHOLD_SAM>
	</signature>
	<signature ID="20170822_095204893000_629">
		<MACROCLASSID>4</MACROCLASSID>
		<MACROCLASSINFO>barren</MACROCLASSINFO>
		<CLASSID>8</CLASSID>
		<CLASSINFO>C 1</CLASSINFO>
		<VALUES>[0.17370500368399897, 0.0027704109834274103, 0.15853780906701653, 0.005032812953304044, 0.1548488686710493, 0.009420326421985929, 0.21041457034437153, 0.018286226198266104, 0.2691561174734322, 0.04138926434986668, 0.21243641492046314, 0.036509068405900076]</VALUES>
		<LCS_MIN>[0.1648378223180771, 0.14109791815280914, 0.12052049487829208, 0.12888094782829285, 0.10900678485631943, 0.08178701996803284]</LCS_MIN>
		<LCS_MAX>[0.18382737040519714, 0.17463457584381104, 0.18991708755493164, 0.2863178551197052, 0.3998391330242157, 0.3180859684944153]</LCS_MAX>
		<WAVELENGTH>[0.485, 0.56, 0.66, 0.83, 1.65, 2.215]</WAVELENGTH>
		<MEAN_VALUE>[0.17370500368399897, 0.15853780906701653, 0.1548488686710493, 0.21041457034437153, 0.2691561174734322, 0.21243641492046314]</MEAN_VALUE>
		<CHECKBOX>2</CHECKBOX>
		<SD>[0.0027704109834274103, 0.005032812953304044, 0.009420326421985929, 0.018286226198266104, 0.04138926434986668, 0.036509068405900076]</SD>
		<WAVELENGTH_UNIT>E-6m</WAVELENGTH_UNIT>
		<COLOR>#b33250</COLOR>
		<COVARIANCE_MATRIX>[[7.648796781722922e-06, 9.359291652799584e-06, 1.7332122297375463e-05, 2.277827479701955e-05, 6.801631388952956e-05, 5.112330836709589e-05], [9.359291652799584e-06, 2.5696832381072454e-05, 4.236141830915585e-05, 5.173142926651053e-05, 0.00014845895930193365, 0.00013021969061810523], [1.7332122297375463e-05, 4.236141830915585e-05, 9.204982779920101e-05, 7.99442786956206e-05, 0.0003177727630827576, 0.0002978328266181052], [2.277827479701955e-05, 5.173142926651053e-05, 7.99442786956206e-05, 0.00035605355515144765, 0.0004670226771850139, 0.0001886685349745676], [6.801631388952956e-05, 0.00014845895930193365, 0.0003177727630827576, 0.0004670226771850139, 0.0017204037867486477, 0.001291094347834587], [5.112330836709589e-05, 0.00013021969061810523, 0.0002978328266181052, 0.0001886685349745676, 0.001291094347834587, 0.0013810514938086271]]</COVARIANCE_MATRIX>
		<ROI_SIZE>9508</ROI_SIZE>
		<MAX_VALUE>[0.18382737040519714, 0.17463457584381104, 0.18991708755493164, 0.2863178551197052, 0.3998391330242157, 0.3180859684944153]</MAX_VALUE>
		<MIN_VALUE>[0.1648378223180771, 0.14109791815280914, 0.12052049487829208, 0.12888094782829285, 0.10900678485631943, 0.08178701996803284]</MIN_VALUE>
		<SIGNATURE_THRESHOLD_MD>0.0</SIGNATURE_THRESHOLD_MD>
		<SIGNATURE_THRESHOLD_ML>0.0</SIGNATURE_THRESHOLD_ML>
		<SIGNATURE_THRESHOLD_SAM>0.0</SIGNATURE_THRESHOLD_SAM>
	</signature>
	<signature ID="20171001_152703910000_341">
		<MACROCLASSID>4</MACROCLASSID>
		<MACROCLASSINFO>barren</MACROCLASSINFO>
		<CLASSID>8</CLASSID>
		<CLASSINFO>C 1</CLASSINFO>
		<VALUES>[0.16133922958559038, 0.0035590829538279835, 0.15498157455942652, 0.005722478463138106, 0.16630739792920293, 0.008756744639402457, 0.26750808819926936, 0.012901089846840292, 0.3709642431798068, 0.021318995003151826, 0.25701428955802347, 0.01846666993353075]</VALUES>
		<LCS_MIN>[0.15023048222064972, 0.14109791815280914, 0.14108245074748993, 0.21884489059448242, 0.3235214054584503, 0.20741431415081024]</LCS_MIN>
		<LCS_MAX>[0.17506295442581177, 0.17768335342407227, 0.20019806921482086, 0.3023829162120819, 0.4225282669067383, 0.30013924837112427]</LCS_MAX>
		<WAVELENGTH>[0.485, 0.56, 0.66, 0.83, 1.65, 2.215]</WAVELENGTH>
		<MEAN_VALUE>[0.16133922958559038, 0.15498157455942652, 0.16630739792920293, 0.26750808819926936, 0.3709642431798068, 0.25701428955802347]</MEAN_VALUE>
		<CHECKBOX>2</CHECKBOX>
		<SD>[0.0035590829538279835, 0.005722478463138106, 0.008756744639402457, 0.012901089846840292, 0.021318995003151826, 0.01846666993353075]</SD>
		<WAVELENGTH_UNIT>E-6m</WAVELENGTH_UNIT>
		<COLOR>#84a12e</COLOR>
		<COVARIANCE_MATRIX>[[1.2673417700421483e-05, 1.6218499465577553e-05, 2.4079268946353446e-05, 2.8430372129300093e-05, 3.5930439778482724e-05, 4.11148720385593e-05], [1.6218499465577553e-05, 3.276316595334435e-05, 4.4317545287096295e-05, 5.565724477848857e-05, 6.996133160461004e-05, 7.56632167901268e-05], [2.4079268946353446e-05, 4.4317545287096295e-05, 7.671899380228887e-05, 9.173812281708236e-05, 0.00013607877050435144, 0.00012902717072537149], [2.8430372129300093e-05, 5.565724477848857e-05, 9.173812281708236e-05, 0.00016652150506752563, 0.00019184763572579574, 0.00016522486402020147], [3.5930439778482724e-05, 6.996133160461004e-05, 0.00013607877050435144, 0.00019184763572579574, 0.000454727253128756, 0.00035100643159607426], [4.11148720385593e-05, 7.56632167901268e-05, 0.00012902717072537149, 0.00016522486402020147, 0.00035100643159607426, 0.000341188749084486]]</COVARIANCE_MATRIX>
		<ROI_SIZE>1997</ROI_SIZE>
		<MAX_VALUE>[0.17506295442581177, 0.17768335342407227, 0.20019806921482086, 0.3023829162120819, 0.4225282669067383, 0.30013924837112427]</MAX_VALUE>
		<MIN_VALUE>[0.15023048222064972, 0.14109791815280914, 0.14108245074748993, 0.21884489059448242, 0.3235214054584503, 0.20741431415081024]</MIN_VALUE>
		<SIGNATURE_THRESHOLD_MD>0.0</SIGNATURE_THRESHOLD_MD>
		<SIGNATURE_THRESHOLD_ML>0.0</SIGNATURE_THRESHOLD_ML>
		<SIGNATURE_THRESHOLD_SAM>0.0</SIGNATURE_THRESHOLD_SAM>
	</signature>
	<signature ID="20170822_110018872000_510">
		<MACROCLASSID>4</MACROCLASSID>
		<MACROCLASSINFO>barren</MACROCLASSINFO>
		<CLASSID>56</CLASSID>
		<CLASSINFO>C 1</CLASSINFO>
		<VALUES>[0.1842303895668996, 0.004541740082437613, 0.16636717340880547, 0.0072354131961102795, 0.15960286631813897, 0.013104577964077994, 0.21820547120936856, 0.02941887480927238, 0.26015597256147877, 0.06362437809412988, 0.19736213307890046, 0.04425145088462321]</VALUES>
		<LCS_MIN>[0.17214150726795197, 0.147195503115654, 0.12309074401855469, 0.1481589376926422, 0.0636286661028862, 0.039911262691020966]</LCS_MIN>
		<LCS_MAX>[0.21158131957054138, 0.20207367837429047, 0.20790882408618927, 0.29274389147758484, 0.3833380341529846, 0.276210218667984]</LCS_MAX>
		<WAVELENGTH>[0.485, 0.56, 0.66, 0.83, 1.65, 2.215]</WAVELENGTH>
		<MEAN_VALUE>[0.1842303895668996, 0.16636717340880547, 0.15960286631813897, 0.21820547120936856, 0.26015597256147877, 0.19736213307890046]</MEAN_VALUE>
		<CHECKBOX>2</CHECKBOX>
		<SD>[0.004541740082437613, 0.0072354131961102795, 0.013104577964077994, 0.02941887480927238, 0.06362437809412988, 0.04425145088462321]</SD>
		<WAVELENGTH_UNIT>E-6m</WAVELENGTH_UNIT>
		<COLOR>#c81a29</COLOR>
		<COVARIANCE_MATRIX>[[2.2135107428766787e-05, 3.0377221264643595e-05, 5.2319097449071705e-05, 9.35545758693479e-05, 0.00019520014757290483, 0.00010892382852034643], [3.0377221264643595e-05, 5.583059464697726e-05, 9.208694245899096e-05, 0.0001787989167496562, 0.00036161765456199646, 0.00019085856911260635], [5.2319097449071705e-05, 9.208694245899096e-05, 0.00017555165686644614, 0.00031280310940928757, 0.0007265867316164076, 0.00041008516564033926], [9.35545758693479e-05, 0.0001787989167496562, 0.00031280310940928757, 0.0008671960677020252, 0.0014186959015205503, 0.0005638915463350713], [0.00019520014757290483, 0.00036161765456199646, 0.0007265867316164076, 0.0014186959015205503, 0.003782839048653841, 0.002259311033412814], [0.00010892382852034643, 0.00019085856911260635, 0.00041008516564033926, 0.0005638915463350713, 0.002259311033412814, 0.001718788524158299]]</COVARIANCE_MATRIX>
		<ROI_SIZE>20952</ROI_SIZE>
		<MAX_VALUE>[0.21158131957054138, 0.20207367837429047, 0.20790882408618927, 0.29274389147758484, 0.3833380341529846, 0.276210218667984]</MAX_VALUE>
		<MIN_VALUE>[0.17214150726795197, 0.147195503115654, 0.12309074401855469, 0.1481589376926422, 0.0636286661028862, 0.039911262691020966]</MIN_VALUE>
		<SIGNATURE_THRESHOLD_MD>0.0</SIGNATURE_THRESHOLD_MD>
		<SIGNATURE_THRESHOLD_ML>0.0</SIGNATURE_THRESHOLD_ML>
		<SIGNATURE_THRESHOLD_SAM>0.0</SIGNATURE_THRESHOLD_SAM>
	</signature>
	<signature ID="20170822_095258007000_656">
		<MACROCLASSID>4</MACROCLASSID>
		<MACROCLASSINFO>barren</MACROCLASSINFO>
		<CLASSID>9</CLASSID>
		<CLASSINFO>C 1</CLASSINFO>
		<VALUES>[0.17478365136309584, 0.0030573031183760164, 0.15933763647729912, 0.005820935301286241, 0.14688069894658012, 0.007704392824441875, 0.18147111608894606, 0.010399358279328136, 0.16837916682051152, 0.04305423033865779, 0.1095564084623111, 0.03229397263643718]</VALUES>
		<LCS_MIN>[0.1662985384464264, 0.147195503115654, 0.1256609857082367, 0.1353069543838501, 0.038876973092556, 0.021964505314826965]</LCS_MIN>
		<LCS_MAX>[0.18820954859256744, 0.18682974576950073, 0.18734683096408844, 0.23169691860675812, 0.29051917791366577, 0.21040543913841248]</LCS_MAX>
		<WAVELENGTH>[0.485, 0.56, 0.66, 0.83, 1.65, 2.215]</WAVELENGTH>
		<MEAN_VALUE>[0.17478365136309584, 0.15933763647729912, 0.14688069894658012, 0.18147111608894606, 0.16837916682051152, 0.1095564084623111]</MEAN_VALUE>
		<CHECKBOX>2</CHECKBOX>
		<SD>[0.0030573031183760164, 0.005820935301286241, 0.007704392824441875, 0.010399358279328136, 0.04305423033865779, 0.03229397263643718]</SD>
		<WAVELENGTH_UNIT>E-6m</WAVELENGTH_UNIT>
		<COLOR>#e5ff86</COLOR>
		<COVARIANCE_MATRIX>[[9.351618246000726e-06, 1.377371336275246e-05, 1.829942448239308e-05, 8.454119779344182e-06, -7.736088446108624e-05, -5.888876330573112e-05], [1.377371336275246e-05, 3.3899657864822075e-05, 4.081304359715432e-05, 2.2588177671423182e-05, -0.00016418527229689062, -0.00012230794527567923], [1.829942448239308e-05, 4.081304359715432e-05, 5.938634421909228e-05, 3.880147778545506e-05, -0.0002012002660194412, -0.0001461986539652571], [8.454119779344182e-06, 2.2588177671423182e-05, 3.880147778545506e-05, 0.00010819889575941488, 9.445643081562594e-05, 7.579586963402107e-05], [-7.736088446108624e-05, -0.00016418527229689062, -0.0002012002660194412, 9.445643081562594e-05, 0.0018545622006058693, 0.001326267491094768], [-5.888876330573112e-05, -0.00012230794527567923, -0.0001461986539652571, 7.579586963402107e-05, 0.001326267491094768, 0.0010434044525027275]]</COVARIANCE_MATRIX>
		<ROI_SIZE>2071</ROI_SIZE>
		<MAX_VALUE>[0.18820954859256744, 0.18682974576950073, 0.18734683096408844, 0.23169691860675812, 0.29051917791366577, 0.21040543913841248]</MAX_VALUE>
		<MIN_VALUE>[0.1662985384464264, 0.147195503115654, 0.1256609857082367, 0.1353069543838501, 0.038876973092556, 0.021964505314826965]</MIN_VALUE>
		<SIGNATURE_THRESHOLD_MD>0.0</SIGNATURE_THRESHOLD_MD>
		<SIGNATURE_THRESHOLD_ML>0.0</SIGNATURE_THRESHOLD_ML>
		<SIGNATURE_THRESHOLD_SAM>0.0</SIGNATURE_THRESHOLD_SAM>
	</signature>
	<signature ID="20171001_152623849000_941">
		<MACROCLASSID>4</MACROCLASSID>
		<MACROCLASSINFO>barren</MACROCLASSINFO>
		<CLASSID>1</CLASSID>
		<CLASSINFO>C 1</CLASSINFO>
		<VALUES>[0.16748814743523482, 0.004433659205358219, 0.16291567179697017, 0.007420505139748914, 0.1785676981888564, 0.01060789964578365, 0.27090179171242734, 0.016243880172715306, 0.37890941151996116, 0.01894863819716147, 0.26533855309868154, 0.019405629807297035]</VALUES>
		<LCS_MIN>[0.1575341522693634, 0.147195503115654, 0.15393367409706116, 0.23169691860675812, 0.34414786100387573, 0.22536106407642365]</LCS_MIN>
		<LCS_MAX>[0.18674881756305695, 0.19902490079402924, 0.2233302891254425, 0.31844788789749146, 0.432841420173645, 0.3210771083831787]</LCS_MAX>
		<WAVELENGTH>[0.485, 0.56, 0.66, 0.83, 1.65, 2.215]</WAVELENGTH>
		<MEAN_VALUE>[0.16748814743523482, 0.16291567179697017, 0.1785676981888564, 0.27090179171242734, 0.37890941151996116, 0.26533855309868154]</MEAN_VALUE>
		<CHECKBOX>2</CHECKBOX>
		<SD>[0.004433659205358219, 0.007420505139748914, 0.01060789964578365, 0.016243880172715306, 0.01894863819716147, 0.019405629807297035]</SD>
		<WAVELENGTH_UNIT>E-6m</WAVELENGTH_UNIT>
		<COLOR>#b94058</COLOR>
		<COVARIANCE_MATRIX>[[1.9973451851676724e-05, 2.726847430123681e-05, 3.5402419076750255e-05, 4.6691106647333696e-05, 3.843701206226908e-05, 6.517471741938382e-05], [2.726847430123681e-05, 5.123992981277417e-05, 6.509863356908673e-05, 9.122015738549526e-05, 8.091201999375843e-05, 0.00011122227903285681], [3.5402419076750255e-05, 6.509863356908673e-05, 9.915330608270466e-05, 0.00013705871225413467, 0.00013485768361026646, 0.0001534650346682818], [4.6691106647333696e-05, 9.122015738549526e-05, 0.00013705871225413467, 0.00024069951849686044, 0.0002143461480672994, 0.00021232981348734374], [3.843701206226908e-05, 8.091201999375843e-05, 0.00013485768361026646, 0.0002143461480672994, 0.00036151203702654495, 0.00029376981800774253], [6.517471741938382e-05, 0.00011122227903285681, 0.0001534650346682818, 0.00021232981348734374, 0.00029376981800774253, 0.0003768050698059527]]</COVARIANCE_MATRIX>
		<ROI_SIZE>3131</ROI_SIZE>
		<MAX_VALUE>[0.18674881756305695, 0.19902490079402924, 0.2233302891254425, 0.31844788789749146, 0.432841420173645, 0.3210771083831787]</MAX_VALUE>
		<MIN_VALUE>[0.1575341522693634, 0.147195503115654, 0.15393367409706116, 0.23169691860675812, 0.34414786100387573, 0.22536106407642365]</MIN_VALUE>
		<SIGNATURE_THRESHOLD_MD>0.0</SIGNATURE_THRESHOLD_MD>
		<SIGNATURE_THRESHOLD_ML>0.0</SIGNATURE_THRESHOLD_ML>
		<SIGNATURE_THRESHOLD_SAM>0.0</SIGNATURE_THRESHOLD_SAM>
	</signature>
	<signature ID="20170822_142524150000_932">
		<MACROCLASSID>2</MACROCLASSID>
		<MACROCLASSINFO>built-up</MACROCLASSINFO>
		<CLASSID>15</CLASSID>
		<CLASSINFO>C 1</CLASSINFO>
		<VALUES>[0.16666990741093932, 0.0037023945256403736, 0.14714671826362602, 0.004909887325993603, 0.1332140747772324, 0.006988363116661771, 0.16763971279727094, 0.009287744827811915, 0.17613886761665362, 0.013710839768052237, 0.15513476165135695, 0.015004926166431138]</VALUES>
		<LCS_MIN>[0.1546126753091812, 0.1350003480911255, 0.11280975490808487, 0.1449459344148636, 0.14407166838645935, 0.12964504957199097]</LCS_MIN>
		<LCS_MAX>[0.18236660957336426, 0.16853700578212738, 0.15650391578674316, 0.18350191414356232, 0.20182563364505768, 0.18946756422519684]</LCS_MAX>
		<WAVELENGTH>[0.485, 0.56, 0.66, 0.83, 1.65, 2.215]</WAVELENGTH>
		<MEAN_VALUE>[0.16666990741093932, 0.14714671826362602, 0.1332140747772324, 0.16763971279727094, 0.17613886761665362, 0.15513476165135695]</MEAN_VALUE>
		<CHECKBOX>2</CHECKBOX>
		<SD>[0.0037023945256403736, 0.004909887325993603, 0.006988363116661771, 0.009287744827811915, 0.013710839768052237, 0.015004926166431138]</SD>
		<WAVELENGTH_UNIT>E-6m</WAVELENGTH_UNIT>
		<COLOR>#46ad24</COLOR>
		<COVARIANCE_MATRIX>[[1.4395465768757276e-05, 1.476354282203829e-05, 2.169574327126611e-05, 4.352631549409125e-06, 1.3759999092144426e-05, 2.2803218598710373e-05], [1.476354282203829e-05, 2.510277772671543e-05, 3.0496383260469884e-05, 1.0152986760658678e-05, 1.9359846191946417e-05, 2.960042911581695e-05], [2.169574327126611e-05, 3.0496383260469884e-05, 5.038644667365588e-05, 1.4855263543722685e-05, 2.9140821425244212e-05, 4.49771287094336e-05], [4.352631549409125e-06, 1.0152986760658678e-05, 1.4855263543722685e-05, 9.55748837441206e-05, 3.861273580696434e-05, 3.875888069160283e-06], [1.3759999092144426e-05, 1.9359846191946417e-05, 2.9140821425244212e-05, 3.861273580696434e-05, 0.00018041311705019325, 0.0001723497553030029], [2.2803218598710373e-05, 2.960042911581695e-05, 4.49771287094336e-05, 3.875888069160283e-06, 0.0001723497553030029, 0.000218352404772304]]</COVARIANCE_MATRIX>
		<ROI_SIZE>2320</ROI_SIZE>
		<MAX_VALUE>[0.18236660957336426, 0.16853700578212738, 0.15650391578674316, 0.18350191414356232, 0.20182563364505768, 0.18946756422519684]</MAX_VALUE>
		<MIN_VALUE>[0.1546126753091812, 0.1350003480911255, 0.11280975490808487, 0.1449459344148636, 0.14407166838645935, 0.12964504957199097]</MIN_VALUE>
		<SIGNATURE_THRESHOLD_MD>0.0</SIGNATURE_THRESHOLD_MD>
		<SIGNATURE_THRESHOLD_ML>0.0</SIGNATURE_THRESHOLD_ML>
		<SIGNATURE_THRESHOLD_SAM>0.0</SIGNATURE_THRESHOLD_SAM>
	</signature>
	<signature ID="20171001_153258463000_879">
		<MACROCLASSID>4</MACROCLASSID>
		<MACROCLASSINFO>barren</MACROCLASSINFO>
		<CLASSID>21</CLASSID>
		<CLASSINFO>C 1</CLASSINFO>
		<VALUES>[0.16510082959279493, 0.0033026408913215026, 0.16322373678724364, 0.005589371942463182, 0.18036190676333985, 0.009915599497125555, 0.24354837538741997, 0.014977172959540265, 0.3361462917584217, 0.02117791903858016, 0.2842219449039262, 0.025489527543970145]</VALUES>
		<LCS_MIN>[0.15169121325016022, 0.14109791815280914, 0.15393367409706116, 0.20277993381023407, 0.29051917791366577, 0.24629898369312286]</LCS_MIN>
		<LCS_MAX>[0.17652367055416107, 0.1837809681892395, 0.2130492925643921, 0.2863178551197052, 0.3895259201526642, 0.34201499819755554]</LCS_MAX>
		<WAVELENGTH>[0.485, 0.56, 0.66, 0.83, 1.65, 2.215]</WAVELENGTH>
		<MEAN_VALUE>[0.16510082959279493, 0.16322373678724364, 0.18036190676333985, 0.24354837538741997, 0.3361462917584217, 0.2842219449039262]</MEAN_VALUE>
		<CHECKBOX>2</CHECKBOX>
		<SD>[0.0033026408913215026, 0.005589371942463182, 0.009915599497125555, 0.014977172959540265, 0.02117791903858016, 0.025489527543970145]</SD>
		<WAVELENGTH_UNIT>E-6m</WAVELENGTH_UNIT>
		<COLOR>#e88c2d</COLOR>
		<COVARIANCE_MATRIX>[[1.088033322557646e-05, 1.1521254039622033e-05, 1.2648759599770099e-05, 1.9127434769300915e-05, 2.8530067160253836e-05, 1.715475772153172e-05], [1.1521254039622033e-05, 2.8424253023944317e-05, 3.911625091694402e-05, 5.2419037090239504e-05, 7.148018170170558e-05, 6.251684338546206e-05], [1.2648759599770099e-05, 3.911625091694402e-05, 8.381760824107022e-05, 9.69079126239659e-05, 0.00014219246617687363, 0.00015658391881936327], [1.9127434769300915e-05, 5.2419037090239504e-05, 9.69079126239659e-05, 0.00020842674028317387, 0.00021803324978593322, 0.0001410903026449725], [2.8530067160253836e-05, 7.148018170170558e-05, 0.00014219246617687363, 0.00021803324978593322, 0.0004263092704998629, 0.00036659504475510885], [1.715475772153172e-05, 6.251684338546206e-05, 0.00015658391881936327, 0.0001410903026449725, 0.00036659504475510885, 0.0005655991930300572]]</COVARIANCE_MATRIX>
		<ROI_SIZE>21994</ROI_SIZE>
		<MAX_VALUE>[0.17652367055416107, 0.1837809681892395, 0.2130492925643921, 0.2863178551197052, 0.3895259201526642, 0.34201499819755554]</MAX_VALUE>
		<MIN_VALUE>[0.15169121325016022, 0.14109791815280914, 0.15393367409706116, 0.20277993381023407, 0.29051917791366577, 0.24629898369312286]</MIN_VALUE>
		<SIGNATURE_THRESHOLD_MD>0.0</SIGNATURE_THRESHOLD_MD>
		<SIGNATURE_THRESHOLD_ML>0.0</SIGNATURE_THRESHOLD_ML>
		<SIGNATURE_THRESHOLD_SAM>0.0</SIGNATURE_THRESHOLD_SAM>
	</signature>
	<signature ID="20171001_152642893000_762">
		<MACROCLASSID>4</MACROCLASSID>
		<MACROCLASSINFO>barren</MACROCLASSINFO>
		<CLASSID>4</CLASSID>
		<CLASSINFO>C 1</CLASSINFO>
		<VALUES>[0.1639604898541597, 0.0032483856507945752, 0.15767612802498898, 0.0053360326848037225, 0.17151437824066132, 0.008011819546362832, 0.25667078197914506, 0.011917524228318079, 0.3740300977604027, 0.016237704019869, 0.2577073492548716, 0.014895280007788144]</VALUES>
		<LCS_MIN>[0.1560734063386917, 0.147195503115654, 0.15393367409706116, 0.2284839153289795, 0.3462104797363281, 0.22536106407642365]</LCS_MIN>
		<LCS_MAX>[0.18090589344501495, 0.1807321459054947, 0.21047905087471008, 0.3088088929653168, 0.4245908260345459, 0.3210771083831787]</LCS_MAX>
		<WAVELENGTH>[0.485, 0.56, 0.66, 0.83, 1.65, 2.215]</WAVELENGTH>
		<MEAN_VALUE>[0.1639604898541597, 0.15767612802498898, 0.17151437824066132, 0.25667078197914506, 0.3740300977604027, 0.2577073492548716]</MEAN_VALUE>
		<CHECKBOX>2</CHECKBOX>
		<SD>[0.0032483856507945752, 0.0053360326848037225, 0.008011819546362832, 0.011917524228318079, 0.016237704019869, 0.014895280007788144]</SD>
		<WAVELENGTH_UNIT>E-6m</WAVELENGTH_UNIT>
		<COLOR>#18f4f8</COLOR>
		<COVARIANCE_MATRIX>[[1.0560088975902403e-05, 1.3092880910138811e-05, 1.8856920029449747e-05, 2.359466520332731e-05, 2.6151422800708135e-05, 3.321104994050914e-05], [1.3092880910138811e-05, 2.849504668527951e-05, 3.822943320133106e-05, 5.052375505956038e-05, 5.473944646754123e-05, 5.5591114429811794e-05], [1.8856920029449747e-05, 3.822943320133106e-05, 6.423840194764992e-05, 8.317320478058123e-05, 9.784158500655436e-05, 8.646936594305005e-05], [2.359466520332731e-05, 5.052375505956038e-05, 8.317320478058123e-05, 0.0001421361336435219, 0.00014473300378772377, 0.00011047485723262981], [2.6151422800708135e-05, 5.473944646754123e-05, 9.784158500655436e-05, 0.00014473300378772377, 0.00026386491777242587, 0.0001908635084233405], [3.321104994050914e-05, 5.5591114429811794e-05, 8.646936594305005e-05, 0.00011047485723262981, 0.0001908635084233405, 0.0002220392511708345]]</COVARIANCE_MATRIX>
		<ROI_SIZE>1307</ROI_SIZE>
		<MAX_VALUE>[0.18090589344501495, 0.1807321459054947, 0.21047905087471008, 0.3088088929653168, 0.4245908260345459, 0.3210771083831787]</MAX_VALUE>
		<MIN_VALUE>[0.1560734063386917, 0.147195503115654, 0.15393367409706116, 0.2284839153289795, 0.3462104797363281, 0.22536106407642365]</MIN_VALUE>
		<SIGNATURE_THRESHOLD_MD>0.0</SIGNATURE_THRESHOLD_MD>
		<SIGNATURE_THRESHOLD_ML>0.0</SIGNATURE_THRESHOLD_ML>
		<SIGNATURE_THRESHOLD_SAM>0.0</SIGNATURE_THRESHOLD_SAM>
	</signature>
	<signature ID="20170822_141534493000_981">
		<MACROCLASSID>4</MACROCLASSID>
		<MACROCLASSINFO>barren</MACROCLASSINFO>
		<CLASSID>9</CLASSID>
		<CLASSINFO>C 1</CLASSINFO>
		<VALUES>[0.1668152593888243, 0.003422186688384551, 0.14929117119904894, 0.004476224658919967, 0.13468141114449625, 0.007160950403421762, 0.18591321437810182, 0.01026374025806009, 0.17560484226130627, 0.010657359740841695, 0.10663682786502075, 0.00946007004904502]</VALUES>
		<LCS_MIN>[0.1560734063386917, 0.13195155560970306, 0.11023952066898346, 0.16743692755699158, 0.1502595990896225, 0.0787958949804306]</LCS_MIN>
		<LCS_MAX>[0.17652367055416107, 0.1593906432390213, 0.14879316091537476, 0.20920591056346893, 0.20595090091228485, 0.13861842453479767]</LCS_MAX>
		<WAVELENGTH>[0.485, 0.56, 0.66, 0.83, 1.65, 2.215]</WAVELENGTH>
		<MEAN_VALUE>[0.1668152593888243, 0.14929117119904894, 0.13468141114449625, 0.18591321437810182, 0.17560484226130627, 0.10663682786502075]</MEAN_VALUE>
		<CHECKBOX>2</CHECKBOX>
		<SD>[0.003422186688384551, 0.004476224658919967, 0.007160950403421762, 0.01026374025806009, 0.010657359740841695, 0.00946007004904502]</SD>
		<WAVELENGTH_UNIT>E-6m</WAVELENGTH_UNIT>
		<COLOR>#92cd50</COLOR>
		<COVARIANCE_MATRIX>[[1.1722569070116151e-05, 1.1986703611910343e-05, 1.96145883819554e-05, -1.4105497029959224e-05, 1.0845327778952196e-05, -5.807617071695859e-07], [1.1986703611910343e-05, 2.00557606149232e-05, 2.8912079869769514e-05, -1.694422280706931e-05, 1.7981605196837336e-05, 1.1577014902286464e-06], [1.96145883819554e-05, 2.8912079869769514e-05, 5.1328283007023856e-05, -2.8962993383174762e-05, 3.155844024149701e-05, 3.76613502339751e-06], [-1.4105497029959224e-05, -1.694422280706931e-05, -2.8962993383174762e-05, 0.0001054451713571325, 1.300784970226232e-05, 1.6060503185144626e-05], [1.0845327778952196e-05, 1.7981605196837336e-05, 3.155844024149701e-05, 1.300784970226232e-05, 0.0001136880018748343, 6.653352465946227e-05], [-5.807617071695859e-07, 1.1577014902286464e-06, 3.76613502339751e-06, 1.6060503185144626e-05, 6.653352465946227e-05, 8.957856334745884e-05]]</COVARIANCE_MATRIX>
		<ROI_SIZE>1046</ROI_SIZE>
		<MAX_VALUE>[0.17652367055416107, 0.1593906432390213, 0.14879316091537476, 0.20920591056346893, 0.20595090091228485, 0.13861842453479767]</MAX_VALUE>
		<MIN_VALUE>[0.1560734063386917, 0.13195155560970306, 0.11023952066898346, 0.16743692755699158, 0.1502595990896225, 0.0787958949804306]</MIN_VALUE>
		<SIGNATURE_THRESHOLD_MD>0.0</SIGNATURE_THRESHOLD_MD>
		<SIGNATURE_THRESHOLD_ML>0.0</SIGNATURE_THRESHOLD_ML>
		<SIGNATURE_THRESHOLD_SAM>0.0</SIGNATURE_THRESHOLD_SAM>
	</signature>
	<signature ID="20170822_105751579000_133">
		<MACROCLASSID>5</MACROCLASSID>
		<MACROCLASSINFO>cloud</MACROCLASSINFO>
		<CLASSID>54</CLASSID>
		<CLASSINFO>C 1</CLASSINFO>
		<VALUES>[0.29767331677222847, 0.01714241634510127, 0.295218257150347, 0.023893920744335745, 0.2960429350413115, 0.03182653772592301, 0.3944087455248735, 0.03637405868416108, 0.4083659645402803, 0.06412014215910468, 0.3269391815743539, 0.06043369324119704]</VALUES>
		<LCS_MIN>[0.2568640410900116, 0.23865914344787598, 0.2181897908449173, 0.30559584498405457, 0.21626411378383636, 0.1416095495223999]</LCS_MIN>
		<LCS_MAX>[0.3430473804473877, 0.3545130789279938, 0.37240442633628845, 0.49194973707199097, 0.5318481922149658, 0.47362449765205383]</LCS_MAX>
		<WAVELENGTH>[0.485, 0.56, 0.66, 0.83, 1.65, 2.215]</WAVELENGTH>
		<MEAN_VALUE>[0.29767331677222847, 0.295218257150347, 0.2960429350413115, 0.3944087455248735, 0.4083659645402803, 0.3269391815743539]</MEAN_VALUE>
		<CHECKBOX>2</CHECKBOX>
		<SD>[0.01714241634510127, 0.023893920744335745, 0.03182653772592301, 0.03637405868416108, 0.06412014215910468, 0.06043369324119704]</SD>
		<WAVELENGTH_UNIT>E-6m</WAVELENGTH_UNIT>
		<COLOR>#c411fc</COLOR>
		<COVARIANCE_MATRIX>[[0.0002941907732747495, 0.00040296115912497044, 0.0005350616411305964, 0.0006017587147653103, 0.0010248221224173903, 0.0009616365423426032], [0.00040296115912497044, 0.0005715573206543922, 0.0007547959685325623, 0.0008543974254280329, 0.0014668486546725035, 0.001375557272695005], [0.0005350616411305964, 0.0007547959685325623, 0.0010140602244064212, 0.001142335357144475, 0.001977131702005863, 0.001853309222497046], [0.0006017587147653103, 0.0008543974254280329, 0.001142335357144475, 0.0013245504815131426, 0.0022859093733131886, 0.0021315740887075663], [0.0010248221224173903, 0.0014668486546725035, 0.001977131702005863, 0.0022859093733131886, 0.004115986172109842, 0.003847704268991947], [0.0009616365423426032, 0.001375557272695005, 0.001853309222497046, 0.0021315740887075663, 0.003847704268991947, 0.0036563118919730186]]</COVARIANCE_MATRIX>
		<ROI_SIZE>896</ROI_SIZE>
		<MAX_VALUE>[0.3430473804473877, 0.3545130789279938, 0.37240442633628845, 0.49194973707199097, 0.5318481922149658, 0.47362449765205383]</MAX_VALUE>
		<MIN_VALUE>[0.2568640410900116, 0.23865914344787598, 0.2181897908449173, 0.30559584498405457, 0.21626411378383636, 0.1416095495223999]</MIN_VALUE>
		<SIGNATURE_THRESHOLD_MD>0.0</SIGNATURE_THRESHOLD_MD>
		<SIGNATURE_THRESHOLD_ML>0.0</SIGNATURE_THRESHOLD_ML>
		<SIGNATURE_THRESHOLD_SAM>0.0</SIGNATURE_THRESHOLD_SAM>
	</signature>
	<signature ID="20170822_110114129000_268">
		<MACROCLASSID>2</MACROCLASSID>
		<MACROCLASSINFO>built-up</MACROCLASSINFO>
		<CLASSID>57</CLASSID>
		<CLASSINFO>C 1</CLASSINFO>
		<VALUES>[0.19633886660786642, 0.004071097950903556, 0.18866342986407486, 0.006693062419105523, 0.19246871121551684, 0.009463919971782737, 0.2409866587191389, 0.009224049138842522, 0.2976636908192565, 0.01352600526794295, 0.25004870163789683, 0.014733165203455533]</VALUES>
		<LCS_MIN>[0.18528810143470764, 0.1715857833623886, 0.1693551391363144, 0.22527089715003967, 0.2637048363685608, 0.22536106407642365]</LCS_MIN>
		<LCS_MAX>[0.21158131957054138, 0.21122007071971893, 0.2233302891254425, 0.289530873298645, 0.3379599153995514, 0.291165828704834]</LCS_MAX>
		<WAVELENGTH>[0.485, 0.56, 0.66, 0.83, 1.65, 2.215]</WAVELENGTH>
		<MEAN_VALUE>[0.19633886660786642, 0.18866342986407486, 0.19246871121551684, 0.2409866587191389, 0.2976636908192565, 0.25004870163789683]</MEAN_VALUE>
		<CHECKBOX>2</CHECKBOX>
		<SD>[0.004071097950903556, 0.006693062419105523, 0.009463919971782737, 0.009224049138842522, 0.01352600526794295, 0.014733165203455533]</SD>
		<WAVELENGTH_UNIT>E-6m</WAVELENGTH_UNIT>
		<COLOR>#b912e4</COLOR>
		<COVARIANCE_MATRIX>[[1.6694815712980926e-05, 2.1880116037209518e-05, 3.323000782984309e-05, 2.9306909709703177e-05, 2.679233602975728e-06, 3.008133717230521e-05], [2.1880116037209518e-05, 4.512407031143084e-05, 5.5573753343196586e-05, 5.169739597477019e-05, 7.1839172051113565e-06, 5.537814286071807e-05], [3.323000782984309e-05, 5.5573753343196586e-05, 9.021954610943794e-05, 7.437743624905124e-05, 1.0814390407176688e-05, 8.4918130596634e-05], [2.9306909709703177e-05, 5.169739597477019e-05, 7.437743624905124e-05, 8.57041304698214e-05, 4.43569733761251e-05, 9.896720439428464e-05], [2.679233602975728e-06, 7.1839172051113565e-06, 1.0814390407176688e-05, 4.43569733761251e-05, 0.00018428823386784643, 0.0001449081173632294], [3.008133717230521e-05, 5.537814286071807e-05, 8.4918130596634e-05, 9.896720439428464e-05, 0.0001449081173632294, 0.00021865058806724846]]</COVARIANCE_MATRIX>
		<ROI_SIZE>138</ROI_SIZE>
		<MAX_VALUE>[0.21158131957054138, 0.21122007071971893, 0.2233302891254425, 0.289530873298645, 0.3379599153995514, 0.291165828704834]</MAX_VALUE>
		<MIN_VALUE>[0.18528810143470764, 0.1715857833623886, 0.1693551391363144, 0.22527089715003967, 0.2637048363685608, 0.22536106407642365]</MIN_VALUE>
		<SIGNATURE_THRESHOLD_MD>0.0</SIGNATURE_THRESHOLD_MD>
		<SIGNATURE_THRESHOLD_ML>0.0</SIGNATURE_THRESHOLD_ML>
		<SIGNATURE_THRESHOLD_SAM>0.0</SIGNATURE_THRESHOLD_SAM>
	</signature>
	<signature ID="20170822_095042595000_923">
		<MACROCLASSID>3</MACROCLASSID>
		<MACROCLASSINFO>vegetation</MACROCLASSINFO>
		<CLASSID>6</CLASSID>
		<CLASSINFO>C 1</CLASSINFO>
		<VALUES>[0.14850445348873276, 0.002624348839907689, 0.12628820349308617, 0.003515208913766144, 0.09982683454003648, 0.005189890182795205, 0.24835026076662858, 0.011065842544106282, 0.13677859476457993, 0.014407706539988557, 0.07079852522879329, 0.01414299213363969]</VALUES>
		<LCS_MIN>[0.14146608114242554, 0.11975639313459396, 0.09224781394004822, 0.20920591056346893, 0.10694412887096405, 0.04589351639151573]</LCS_MIN>
		<LCS_MAX>[0.1633770912885666, 0.147195503115654, 0.13851220905780792, 0.29274389147758484, 0.20801354944705963, 0.16852967441082]</LCS_MAX>
		<WAVELENGTH>[0.485, 0.56, 0.66, 0.83, 1.65, 2.215]</WAVELENGTH>
