<?xml version="1.0" ?>
<signaturelist MCID_LIST="[[u'1', u'water', u'#0000ff'], [u'2', u'vegetation', u'#00ff00'], [u'3', u'building', u'#ff0000'], [u'4', u'barren', u'#ffaa00'], [u'5', u'cloud', u'#ffffff']]">
	<signature ID="20170816_154032564000_348">
		<MACROCLASSID>3</MACROCLASSID>
		<MACROCLASSINFO>building</MACROCLASSINFO>
		<CLASSID>11</CLASSID>
		<CLASSINFO>building</CLASSINFO>
		<VALUES>[90.94029850746273, 8.866978143845316, 46.029850746268664, 6.3527409744275785, 55.08955223880598, 10.959533903483274, 58.507462686567166, 12.31959140426381, 89.53731343283583, 17.03055056314532, 55.40298507462687, 11.508672526757179]</VALUES>
		<LCS_MIN>[76.0, 36.0, 39.0, 39.0, 54.0, 34.0]</LCS_MIN>
		<LCS_MAX>[116.0, 62.0, 89.0, 105.0, 131.0, 88.0]</LCS_MAX>
		<WAVELENGTH>[0.485, 0.56, 0.66, 0.83, 1.65, 2.215]</WAVELENGTH>
		<MEAN_VALUE>[90.94029850746273, 46.029850746268664, 55.08955223880598, 58.507462686567166, 89.53731343283583, 55.40298507462687]</MEAN_VALUE>
		<CHECKBOX>2</CHECKBOX>
		<SD>[8.866978143845316, 6.3527409744275785, 10.959533903483274, 12.31959140426381, 17.03055056314532, 11.508672526757179]</SD>
		<WAVELENGTH_UNIT>E-6m</WAVELENGTH_UNIT>
		<COLOR>#86fb7f</COLOR>
		<COVARIANCE_MATRIX>[[79.81455993652344, 51.153324127197266, 77.99027252197266, 63.561058044433594, 117.5628662109375, 80.52442169189453], [51.153324127197266, 40.96879196166992, 67.66395568847656, 64.19674682617188, 87.1806869506836, 51.3665771484375], [77.99027252197266, 67.66395568847656, 121.9312515258789, 124.93871307373047, 137.86024475097656, 73.91790771484375], [63.561058044433594, 64.19674682617188, 124.93871307373047, 154.07191467285156, 139.9656219482422, 59.307552337646484], [117.5628662109375, 87.1806869506836, 137.86024475097656, 139.9656219482422, 294.4342041015625, 181.76504516601562], [80.52442169189453, 51.3665771484375, 73.91790771484375, 59.307552337646484, 181.76504516601562, 134.45635986328125]]</COVARIANCE_MATRIX>
		<ROI_SIZE>67</ROI_SIZE>
		<MAX_VALUE>[116.0, 62.0, 89.0, 105.0, 131.0, 88.0]</MAX_VALUE>
		<MIN_VALUE>[76.0, 36.0, 39.0, 39.0, 54.0, 34.0]</MIN_VALUE>
		<SIGNATURE_THRESHOLD_MD>0.0</SIGNATURE_THRESHOLD_MD>
		<SIGNATURE_THRESHOLD_ML>0.0</SIGNATURE_THRESHOLD_ML>
		<SIGNATURE_THRESHOLD_SAM>0.0</SIGNATURE_THRESHOLD_SAM>
	</signature>
	<signature ID="20170816_160505784000_751">
		<MACROCLASSID>1</MACROCLASSID>
		<MACROCLASSINFO>water</MACROCLASSINFO>
		<CLASSID>25</CLASSID>
		<CLASSINFO>water</CLASSINFO>
		<VALUES>[80.62753036437249, 1.3128650154045343, 34.69230769230768, 0.8921960002691638, 30.522267206477718, 1.033110805624385, 20.348178137651832, 1.091106262079717, 11.218623481781377, 1.6324075411799717, 6.093117408906881, 1.1397462243195964]</VALUES>
		<LCS_MIN>[76.0, 32.0, 28.0, 19.0, 7.0, 4.0]</LCS_MIN>
		<LCS_MAX>[85.0, 37.0, 36.0, 27.0, 22.0, 12.0]</LCS_MAX>
		<WAVELENGTH>[0.485, 0.56, 0.66, 0.83, 1.65, 2.215]</WAVELENGTH>
		<MEAN_VALUE>[80.62753036437249, 34.69230769230768, 30.522267206477718, 20.348178137651832, 11.218623481781377, 6.093117408906881]</MEAN_VALUE>
		<CHECKBOX>2</CHECKBOX>
		<SD>[1.3128650154045343, 0.8921960002691638, 1.033110805624385, 1.091106262079717, 1.6324075411799717, 1.1397462243195964]</SD>
		<WAVELENGTH_UNIT>E-6m</WAVELENGTH_UNIT>
		<COLOR>#97db16</COLOR>
		<COVARIANCE_MATRIX>[[1.730621099472046, 0.4052532911300659, 0.5123926401138306, 0.6017577052116394, 0.7402982115745544, 0.38441789150238037], [0.4052532911300659, 0.799249529838562, 0.4215134382247925, 0.4937461018562317, 0.38868042826652527, 0.1669793576002121], [0.5123926401138306, 0.4215134382247925, 1.071656584739685, 0.7889634966850281, 0.8690958023071289, 0.4674302935600281], [0.6017577052116394, 0.4937461018562317, 0.7889634966850281, 1.19535231590271, 1.0780421495437622, 0.5975280404090881], [0.7402982115745544, 0.38868042826652527, 0.8690958023071289, 1.0780421495437622, 2.675586700439453, 1.1624864339828491], [0.38441789150238037, 0.1669793576002121, 0.4674302935600281, 0.5975280404090881, 1.1624864339828491, 1.3043019771575928]]</COVARIANCE_MATRIX>
		<ROI_SIZE>247</ROI_SIZE>
		<MAX_VALUE>[85.0, 37.0, 36.0, 27.0, 22.0, 12.0]</MAX_VALUE>
		<MIN_VALUE>[76.0, 32.0, 28.0, 19.0, 7.0, 4.0]</MIN_VALUE>
		<SIGNATURE_THRESHOLD_MD>0.0</SIGNATURE_THRESHOLD_MD>
		<SIGNATURE_THRESHOLD_ML>0.0</SIGNATURE_THRESHOLD_ML>
		<SIGNATURE_THRESHOLD_SAM>0.0</SIGNATURE_THRESHOLD_SAM>
	</signature>
	<signature ID="20170822_165749060000_449">
		<MACROCLASSID>4</MACROCLASSID>
		<MACROCLASSINFO>barren</MACROCLASSINFO>
		<CLASSID>43</CLASSID>
		<CLASSINFO>C 1</CLASSINFO>
		<VALUES>[0.13087532165688026, 0.004103474344748367, 0.12578645831429455, 0.0063508221182463276, 0.11961016412935484, 0.007829201863067922, 0.1701106473536901, 0.011423585483545336, 0.18399900546071563, 0.011895031762485757, 0.12440040797943142, 0.010958339279461233]</VALUES>
		<LCS_MIN>[0.11544385552406311, 0.10587511956691742, 0.09081518650054932, 0.1409613937139511, 0.15936025977134705, 0.09303022921085358]</LCS_MIN>
		<LCS_MAX>[0.1426551640033722, 0.14493536949157715, 0.14768514037132263, 0.20082950592041016, 0.21476812660694122, 0.1449241042137146]</LCS_MAX>
		<WAVELENGTH>[0.485, 0.56, 0.66, 0.83, 1.65, 2.215]</WAVELENGTH>
		<MEAN_VALUE>[0.13087532165688026, 0.12578645831429455, 0.11961016412935484, 0.1701106473536901, 0.18399900546071563, 0.12440040797943142]</MEAN_VALUE>
		<CHECKBOX>2</CHECKBOX>
		<SD>[0.004103474344748367, 0.0063508221182463276, 0.007829201863067922, 0.011423585483545336, 0.011895031762485757, 0.010958339279461233]</SD>
		<WAVELENGTH_UNIT>E-6m</WAVELENGTH_UNIT>
		<COLOR>#551144</COLOR>
		<COVARIANCE_MATRIX>[[1.685525603534188e-05, 2.1025996829848737e-05, 2.5954359443858266e-05, -1.0159517842112109e-05, 1.42608696478419e-05, 1.4027324141352437e-05], [2.1025996829848737e-05, 4.037307371618226e-05, 4.4311920646578074e-05, -6.039798336132662e-06, 2.452168337185867e-05, 2.1571082470472902e-05], [2.5954359443858266e-05, 4.4311920646578074e-05, 6.135739386081696e-05, -5.796177447336959e-06, 3.781061968766153e-05, 3.3495092793600634e-05], [-1.0159517842112109e-05, -6.039798336132662e-06, -5.796177447336959e-06, 0.00013062814832665026, 4.059479761053808e-05, 5.1684769459825475e-06], [1.42608696478419e-05, 2.452168337185867e-05, 3.781061968766153e-05, 4.059479761053808e-05, 0.00014163256855681539, 0.00010104406828759238], [1.4027324141352437e-05, 2.1571082470472902e-05, 3.3495092793600634e-05, 5.1684769459825475e-06, 0.00010104406828759238, 0.00012020468420814723]]</COVARIANCE_MATRIX>
		<ROI_SIZE>1006</ROI_SIZE>
		<MAX_VALUE>[0.1426551640033722, 0.14493536949157715, 0.14768514037132263, 0.20082950592041016, 0.21476812660694122, 0.1449241042137146]</MAX_VALUE>
		<MIN_VALUE>[0.11544385552406311, 0.10587511956691742, 0.09081518650054932, 0.1409613937139511, 0.15936025977134705, 0.09303022921085358]</MIN_VALUE>
		<SIGNATURE_THRESHOLD_MD>0.0</SIGNATURE_THRESHOLD_MD>
		<SIGNATURE_THRESHOLD_ML>0.0</SIGNATURE_THRESHOLD_ML>
		<SIGNATURE_THRESHOLD_SAM>0.0</SIGNATURE_THRESHOLD_SAM>
	</signature>
	<signature ID="20170822_170201157000_512">
		<MACROCLASSID>5</MACROCLASSID>
		<MACROCLASSINFO>cloud</MACROCLASSINFO>
		<CLASSID>54</CLASSID>
		<CLASSINFO>C 1</CLASSINFO>
		<VALUES>[0.44025839500556885, 0.0003733519384569642, 0.5405905339472971, 0.035336589300849756, 0.5456662710159567, 0.03694884840205768, 0.666706162817169, 0.032874777824015135, 0.61541772699068, 0.00939750446634605, 0.5604827964053775, 0.03496521126733568]</VALUES>
		<LCS_MIN>[0.43347612023353577, 0.47517186403274536, 0.48591166734695435, 0.6086807250976562, 0.5592603087425232, 0.5012621283531189]</LCS_MIN>
		<LCS_MAX>[0.44027894735336304, 0.6349638104438782, 0.6415557861328125, 0.7583509087562561, 0.6194861531257629, 0.6707821488380432]</LCS_MAX>
		<WAVELENGTH>[0.485, 0.56, 0.66, 0.83, 1.65, 2.215]</WAVELENGTH>
		<MEAN_VALUE>[0.44025839500556885, 0.5405905339472971, 0.5456662710159567, 0.666706162817169, 0.61541772699068, 0.5604827964053775]</MEAN_VALUE>
		<CHECKBOX>2</CHECKBOX>
		<SD>[0.0003733519384569642, 0.035336589300849756, 0.03694884840205768, 0.032874777824015135, 0.00939750446634605, 0.03496521126733568]</SD>
		<WAVELENGTH_UNIT>E-6m</WAVELENGTH_UNIT>
		<COLOR>#ffd8e8</COLOR>
		<COVARIANCE_MATRIX>[[1.3981406254970352e-07, 1.2753801001963438e-06, 1.1701152970999829e-06, 7.333639473472431e-07, -8.386908945112737e-08, 4.363137122709304e-07], [1.2753801001963438e-06, 0.001252458430826664, 0.0012925874907523394, 0.0010597534710541368, 0.00011396496120141819, 0.0009708136785775423], [1.1701152970999829e-06, 0.0012925874907523394, 0.0013693544315174222, 0.0011311675189062953, 0.0001287144550587982, 0.0010323220631107688], [7.333639473472431e-07, 0.0010597534710541368, 0.0011311675189062953, 0.0010840260656550527, 0.0001559620286570862, 0.0010241492418572307], [-8.386908945112737e-08, 0.00011396496120141819, 0.0001287144550587982, 0.0001559620286570862, 8.858070214046165e-05, 0.000183476775418967], [4.363137122709304e-07, 0.0009708136785775423, 0.0010323220631107688, 0.0010241492418572307, 0.000183476775418967, 0.0012262706877663732]]</COVARIANCE_MATRIX>
		<ROI_SIZE>331</ROI_SIZE>
		<MAX_VALUE>[0.44027894735336304, 0.6349638104438782, 0.6415557861328125, 0.7583509087562561, 0.6194861531257629, 0.6707821488380432]</MAX_VALUE>
		<MIN_VALUE>[0.43347612023353577, 0.47517186403274536, 0.48591166734695435, 0.6086807250976562, 0.5592603087425232, 0.5012621283531189]</MIN_VALUE>
		<SIGNATURE_THRESHOLD_MD>0.0</SIGNATURE_THRESHOLD_MD>
		<SIGNATURE_THRESHOLD_ML>0.0</SIGNATURE_THRESHOLD_ML>
		<SIGNATURE_THRESHOLD_SAM>0.0</SIGNATURE_THRESHOLD_SAM>
	</signature>
	<signature ID="20170816_112343717000_335">
		<MACROCLASSID>2</MACROCLASSID>
		<MACROCLASSINFO>vegetation</MACROCLASSINFO>
		<CLASSID>2</CLASSID>
		<CLASSINFO>vegetation</CLASSINFO>
		<VALUES>[74.52396166134191, 1.2614590258623282, 34.37060702875398, 1.2162499121350334, 28.226837060702877, 1.3097015350189418, 88.80830670926521, 5.852417758361878, 65.65175718849835, 4.095911439778969, 22.56869009584664, 1.800579568514999]</VALUES>
		<LCS_MIN>[72.0, 31.0, 26.0, 74.0, 52.0, 17.0]</LCS_MIN>
		<LCS_MAX>[78.0, 38.0, 34.0, 107.0, 78.0, 30.0]</LCS_MAX>
		<WAVELENGTH>[0.485, 0.56, 0.66, 0.83, 1.65, 2.215]</WAVELENGTH>
		<MEAN_VALUE>[74.52396166134191, 34.37060702875398, 28.226837060702877, 88.80830670926521, 65.65175718849835, 22.56869009584664]</MEAN_VALUE>
		<CHECKBOX>2</CHECKBOX>
		<SD>[1.2614590258623282, 1.2162499121350334, 1.3097015350189418, 5.852417758361878, 4.095911439778969, 1.800579568514999]</SD>
		<WAVELENGTH_UNIT>E-6m</WAVELENGTH_UNIT>
		<COLOR>#20f381</COLOR>
		<COVARIANCE_MATRIX>[[1.5963791608810425, 0.471860408782959, 0.5346112847328186, -0.28705865144729614, 0.8945891857147217, 0.45107313990592957], [0.471860408782959, 1.484005093574524, 1.1816887855529785, 0.8853731751441956, 2.655115842819214, 1.3430510759353638], [0.5346112847328186, 1.1816887855529785, 1.720815896987915, -1.3666338920593262, 1.6818116903305054, 1.2712275981903076], [-0.28705865144729614, 0.8853731751441956, -1.3666338920593262, 34.360572814941406, 17.32405662536621, 4.2087225914001465], [0.8945891857147217, 2.655115842819214, 1.6818116903305054, 17.32405662536621, 16.83026123046875, 5.69547176361084], [0.45107313990592957, 1.3430510759353638, 1.2712275981903076, 4.2087225914001465, 5.69547176361084, 3.2524781227111816]]</COVARIANCE_MATRIX>
		<ROI_SIZE>313</ROI_SIZE>
		<MAX_VALUE>[78.0, 38.0, 34.0, 107.0, 78.0, 30.0]</MAX_VALUE>
		<MIN_VALUE>[72.0, 31.0, 26.0, 74.0, 52.0, 17.0]</MIN_VALUE>
		<SIGNATURE_THRESHOLD_MD>0.0</SIGNATURE_THRESHOLD_MD>
		<SIGNATURE_THRESHOLD_ML>0.0</SIGNATURE_THRESHOLD_ML>
		<SIGNATURE_THRESHOLD_SAM>0.0</SIGNATURE_THRESHOLD_SAM>
	</signature>
	<signature ID="20170816_160741609000_907">
		<MACROCLASSID>3</MACROCLASSID>
		<MACROCLASSINFO>building</MACROCLASSINFO>
		<CLASSID>27</CLASSID>
		<CLASSINFO>building</CLASSINFO>
		<VALUES>[90.38202247191009, 1.770581177850989, 40.044943820224745, 1.1747350871297375, 41.55617977528091, 1.8205107973276247, 41.85393258426967, 2.389351667024665, 74.33707865168545, 7.277707720702397, 47.97752808988763, 6.100244106535678]</VALUES>
		<LCS_MIN>[86.0, 37.0, 38.0, 35.0, 49.0, 29.0]</LCS_MIN>
		<LCS_MAX>[95.0, 44.0, 48.0, 51.0, 87.0, 59.0]</LCS_MAX>
		<WAVELENGTH>[0.485, 0.56, 0.66, 0.83, 1.65, 2.215]</WAVELENGTH>
		<MEAN_VALUE>[90.38202247191009, 40.044943820224745, 41.55617977528091, 41.85393258426967, 74.33707865168545, 47.97752808988763]</MEAN_VALUE>
		<CHECKBOX>2</CHECKBOX>
		<SD>[1.770581177850989, 1.1747350871297375, 1.8205107973276247, 2.389351667024665, 7.277707720702397, 6.100244106535678]</SD>
		<WAVELENGTH_UNIT>E-6m</WAVELENGTH_UNIT>
		<COLOR>#2941e1</COLOR>
		<COVARIANCE_MATRIX>[[3.1526694297790527, 1.2369707822799683, 1.933219075202942, 1.0335174798965454, 1.0230432748794556, 0.8165428638458252], [1.2369707822799683, 1.3877991437911987, 1.647178292274475, 0.8088617920875549, 1.4310925006866455, 1.1027106046676636], [1.933219075202942, 1.647178292274475, 3.332984209060669, 1.595823049545288, 1.483780860900879, 0.7074843049049377], [1.0335174798965454, 0.8088617920875549, 1.595823049545288, 5.741255760192871, 5.156858921051025, -0.2801371216773987], [1.0230432748794556, 1.4310925006866455, 1.483780860900879, 5.156858921051025, 53.26426696777344, 39.98501968383789], [0.8165428638458252, 1.1027106046676636, 0.7074843049049377, -0.2801371216773987, 39.98501968383789, 37.423221588134766]]</COVARIANCE_MATRIX>
		<ROI_SIZE>178</ROI_SIZE>
		<MAX_VALUE>[95.0, 44.0, 48.0, 51.0, 87.0, 59.0]</MAX_VALUE>
		<MIN_VALUE>[86.0, 37.0, 38.0, 35.0, 49.0, 29.0]</MIN_VALUE>
		<SIGNATURE_THRESHOLD_MD>0.0</SIGNATURE_THRESHOLD_MD>
		<SIGNATURE_THRESHOLD_ML>0.0</SIGNATURE_THRESHOLD_ML>
		<SIGNATURE_THRESHOLD_SAM>0.0</SIGNATURE_THRESHOLD_SAM>
	</signature>
	<signature ID="20171001_154954372000_993">
		<MACROCLASSID>4</MACROCLASSID>
		<MACROCLASSINFO>barren</MACROCLASSINFO>
		<CLASSID>1</CLASSID>
		<CLASSINFO>C 1</CLASSINFO>
		<VALUES>[0.1511883558359738, 0.004442979772732951, 0.1540363679490192, 0.00851147812128328, 0.15925120378564775, 0.013242877217119885, 0.2570178868045821, 0.02417747027499142, 0.23324302240736827, 0.02174496619036348, 0.1536489772758078, 0.01643910874637333]</VALUES>
		<LCS_MIN>[0.13755305111408234, 0.12362978607416153, 0.11176726222038269, 0.20082950592041016, 0.17863255739212036, 0.10340899974107742]</LCS_MIN>
		<LCS_MAX>[0.1647643893957138, 0.17689372599124908, 0.19258245825767517, 0.2981151044368744, 0.27499401569366455, 0.20027758181095123]</LCS_MAX>
		<WAVELENGTH>[0.485, 0.56, 0.66, 0.83, 1.65, 2.215]</WAVELENGTH>
		<MEAN_VALUE>[0.1511883558359738, 0.1540363679490192, 0.15925120378564775, 0.2570178868045821, 0.23324302240736827, 0.1536489772758078]</MEAN_VALUE>
		<CHECKBOX>2</CHECKBOX>
		<SD>[0.004442979772732951, 0.00851147812128328, 0.013242877217119885, 0.02417747027499142, 0.02174496619036348, 0.01643910874637333]</SD>
		<WAVELENGTH_UNIT>E-6m</WAVELENGTH_UNIT>
		<COLOR>#7f8911</COLOR>
		<COVARIANCE_MATRIX>[[2.0673929104877083e-05, 3.3131610397929825e-05, 5.3536784140948364e-05, 6.544003460961752e-05, 5.3374359027522645e-05, 3.717041566312496e-05], [3.3131610397929825e-05, 7.856753908216912e-05, 0.00011561370145082386, 0.00017100419081648893, 8.903920945368753e-05, 5.580528237341431e-05], [5.3536784140948364e-05, 0.00011561370145082386, 0.00019573527032126117, 0.0002467148084078466, 0.00018268480276012147, 0.0001254529852830716], [6.544003460961752e-05, 0.00017100419081648893, 0.0002467148084078466, 0.0005940794335909053, 0.00012328564475825435, 2.172185595299617e-05], [5.3374359027522645e-05, 8.903920945368753e-05, 0.00018268480276012147, 0.00012328564475825435, 0.00045203322081933516, 0.0003372472321184887], [3.717041566312496e-05, 5.580528237341431e-05, 0.0001254529852830716, 2.172185595299617e-05, 0.0003372472321184887, 0.0002846198060169151]]</COVARIANCE_MATRIX>
		<ROI_SIZE>15243</ROI_SIZE>
		<MAX_VALUE>[0.1647643893957138, 0.17689372599124908, 0.19258245825767517, 0.2981151044368744, 0.27499401569366455, 0.20027758181095123]</MAX_VALUE>
		<MIN_VALUE>[0.13755305111408234, 0.12362978607416153, 0.11176726222038269, 0.20082950592041016, 0.17863255739212036, 0.10340899974107742]</MIN_VALUE>
		<SIGNATURE_THRESHOLD_MD>0.0</SIGNATURE_THRESHOLD_MD>
		<SIGNATURE_THRESHOLD_ML>0.0</SIGNATURE_THRESHOLD_ML>
		<SIGNATURE_THRESHOLD_SAM>0.0</SIGNATURE_THRESHOLD_SAM>
	</signature>
	<signature ID="20170816_155705928000_475">
		<MACROCLASSID>4</MACROCLASSID>
		<MACROCLASSINFO>barren</MACROCLASSINFO>
		<CLASSID>17</CLASSID>
		<CLASSINFO>barren</CLASSINFO>
		<VALUES>[85.81730769230771, 1.5978616905879293, 42.34615384615388, 1.4194340067112285, 54.00961538461539, 2.4903474900707696, 72.9326923076923, 2.544845556281448, 142.57211538461544, 5.690291271623728, 74.96634615384612, 4.7630208291208485]</VALUES>
		<LCS_MIN>[82.0, 40.0, 49.0, 67.0, 122.0, 65.0]</LCS_MIN>
		<LCS_MAX>[90.0, 46.0, 62.0, 78.0, 159.0, 91.0]</LCS_MAX>
		<WAVELENGTH>[0.485, 0.56, 0.66, 0.83, 1.65, 2.215]</WAVELENGTH>
		<MEAN_VALUE>[85.81730769230771, 42.34615384615388, 54.00961538461539, 72.9326923076923, 142.57211538461544, 74.96634615384612]</MEAN_VALUE>
		<CHECKBOX>2</CHECKBOX>
		<SD>[1.5978616905879293, 1.4194340067112285, 2.4903474900707696, 2.544845556281448, 5.690291271623728, 4.7630208291208485]</SD>
		<WAVELENGTH_UNIT>E-6m</WAVELENGTH_UNIT>
		<COLOR>#b89c8c</COLOR>
		<COVARIANCE_MATRIX>[[2.5654962062835693, 1.4065402746200562, 2.537997007369995, 2.190542459487915, 5.834494590759277, 4.7522759437561035], [1.4065402746200562, 2.0245261192321777, 3.1319212913513184, 2.3953919410705566, 5.936269283294678, 5.634893894195557], [2.537997007369995, 3.1319212913513184, 6.231791019439697, 4.420940399169922, 11.327805519104004, 10.613851547241211], [2.190542459487915, 2.3953919410705566, 4.420940399169922, 6.5075249671936035, 9.768162727355957, 7.268255233764648], [5.834494590759277, 5.936269283294678, 11.327805519104004, 9.768162727355957, 32.53583526611328, 23.222246170043945], [4.7522759437561035, 5.634893894195557, 10.613851547241211, 7.268255233764648, 23.222246170043945, 22.795963287353516]]</COVARIANCE_MATRIX>
		<ROI_SIZE>208</ROI_SIZE>
		<MAX_VALUE>[90.0, 46.0, 62.0, 78.0, 159.0, 91.0]</MAX_VALUE>
		<MIN_VALUE>[82.0, 40.0, 49.0, 67.0, 122.0, 65.0]</MIN_VALUE>
		<SIGNATURE_THRESHOLD_MD>0.0</SIGNATURE_THRESHOLD_MD>
		<SIGNATURE_THRESHOLD_ML>0.0</SIGNATURE_THRESHOLD_ML>
		<SIGNATURE_THRESHOLD_SAM>0.0</SIGNATURE_THRESHOLD_SAM>
	</signature>
	<signature ID="20170822_170058146000_565">
		<MACROCLASSID>5</MACROCLASSID>
		<MACROCLASSINFO>cloud</MACROCLASSINFO>
		<CLASSID>49</CLASSID>
		<CLASSINFO>C 1</CLASSINFO>
		<VALUES>[0.33215486201681665, 0.04037064847925038, 0.34940601404331917, 0.04381564099155871, 0.3490979502661318, 0.04357879563309011, 0.45460572065431865, 0.0418669497239932, 0.45158550237552997, 0.04463796218214197, 0.3697976145563246, 0.04328736598891065]</VALUES>
		<LCS_MIN>[0.23449338972568512, 0.23370857536792755, 0.2434661090373993, 0.35424143075942993, 0.3761735260486603, 0.297146201133728]</LCS_MIN>
		<LCS_MAX>[0.41136693954467773, 0.4254588186740875, 0.4290417432785034, 0.5338457226753235, 0.5640783905982971, 0.4839641749858856]</LCS_MAX>
		<WAVELENGTH>[0.485, 0.56, 0.66, 0.83, 1.65, 2.215]</WAVELENGTH>
		<MEAN_VALUE>[0.33215486201681665, 0.34940601404331917, 0.3490979502661318, 0.45460572065431865, 0.45158550237552997, 0.3697976145563246]</MEAN_VALUE>
		<CHECKBOX>2</CHECKBOX>
		<SD>[0.04037064847925038, 0.04381564099155871, 0.04357879563309011, 0.0418669497239932, 0.04463796218214197, 0.04328736598891065]</SD>
		<WAVELENGTH_UNIT>E-6m</WAVELENGTH_UNIT>
		<COLOR>#26d583</COLOR>
		<COVARIANCE_MATRIX>[[0.0016401701141148806, 0.0017495667561888695, 0.001718361396342516, 0.0015220372006297112, 0.0012387660099193454, 0.0013740252470597625], [0.0017495667561888695, 0.0019320384599268436, 0.0019008888630196452, 0.001725182170048356, 0.001478102058172226, 0.0015894302632659674], [0.001718361396342516, 0.0019008888630196452, 0.001911207684315741, 0.001766203437000513, 0.0015796782681718469, 0.0016607731813564897], [0.0015220372006297112, 0.001725182170048356, 0.001766203437000513, 0.0017640060978010297, 0.0017160236602649093, 0.0017084033461287618], [0.0012387660099193454, 0.001478102058172226, 0.0015796782681718469, 0.0017160236602649093, 0.0020052390173077583, 0.0018885383615270257], [0.0013740252470597625, 0.0015894302632659674, 0.0016607731813564897, 0.0017084033461287618, 0.0018885383615270257, 0.0018857310060411692]]</COVARIANCE_MATRIX>
		<ROI_SIZE>158</ROI_SIZE>
		<MAX_VALUE>[0.41136693954467773, 0.4254588186740875, 0.4290417432785034, 0.5338457226753235, 0.5640783905982971, 0.4839641749858856]</MAX_VALUE>
		<MIN_VALUE>[0.23449338972568512, 0.23370857536792755, 0.2434661090373993, 0.35424143075942993, 0.3761735260486603, 0.297146201133728]</MIN_VALUE>
		<SIGNATURE_THRESHOLD_MD>0.0</SIGNATURE_THRESHOLD_MD>
		<SIGNATURE_THRESHOLD_ML>0.0</SIGNATURE_THRESHOLD_ML>
		<SIGNATURE_THRESHOLD_SAM>0.0</SIGNATURE_THRESHOLD_SAM>
	</signature>
	<signature ID="20170822_170531713000_723">
		<MACROCLASSID>4</MACROCLASSID>
		<MACROCLASSINFO>barren</MACROCLASSINFO>
		<CLASSID>65</CLASSID>
		<CLASSINFO>C 1</CLASSINFO>
		<VALUES>[0.14275946128380168, 0.003169882289965184, 0.14012351918792387, 0.0050311023810993205, 0.13922672871312333, 0.009199006904762823, 0.258517646765968, 0.011040450681964832, 0.3010144523472981, 0.01595654983114041, 0.18937183558410262, 0.012983212690833738]</VALUES>
		<LCS_MIN>[0.1324509233236313, 0.12362978607416153, 0.11476042121648788, 0.22702176868915558, 0.270175963640213, 0.15876246988773346]</LCS_MIN>
		<LCS_MAX>[0.15796154737472534, 0.15558815002441406, 0.16265089809894562, 0.2868898808956146, 0.3279927670955658, 0.21065637469291687]</LCS_MAX>
		<WAVELENGTH>[0.485, 0.56, 0.66, 0.83, 1.65, 2.215]</WAVELENGTH>
		<MEAN_VALUE>[0.14275946128380168, 0.14012351918792387, 0.13922672871312333, 0.258517646765968, 0.3010144523472981, 0.18937183558410262]</MEAN_VALUE>
		<CHECKBOX>2</CHECKBOX>
		<SD>[0.003169882289965184, 0.0050311023810993205, 0.009199006904762823, 0.011040450681964832, 0.01595654983114041, 0.012983212690833738]</SD>
		<WAVELENGTH_UNIT>E-6m</WAVELENGTH_UNIT>
		<COLOR>#b06204</COLOR>
		<COVARIANCE_MATRIX>[[1.0132177521882113e-05, 1.1096237358287908e-05, 1.957183121703565e-05, 1.0604924682411365e-05, 2.7023095753975213e-05, 2.532391772547271e-05], [1.1096237358287908e-05, 2.4604014470241964e-05, 3.737506631296128e-05, 2.964781378977932e-05, 5.028720624977723e-05, 3.957557419198565e-05], [1.957183121703565e-05, 3.737506631296128e-05, 7.834377174731344e-05, 4.334652840043418e-05, 9.972513362299651e-05, 7.54187858547084e-05], [1.0604924682411365e-05, 2.964781378977932e-05, 4.334652840043418e-05, 0.00013060054334346205, 6.749780732207e-05, 2.5886463845381513e-05], [2.7023095753975213e-05, 5.028720624977723e-05, 9.972513362299651e-05, 6.749780732207e-05, 0.00025157694472000003, 0.0001720580767141655], [2.532391772547271e-05, 3.957557419198565e-05, 7.54187858547084e-05, 2.5886463845381513e-05, 0.0001720580767141655, 0.00016539070929866284]]</COVARIANCE_MATRIX>
		<ROI_SIZE>1734</ROI_SIZE>
		<MAX_VALUE>[0.15796154737472534, 0.15558815002441406, 0.16265089809894562, 0.2868898808956146, 0.3279927670955658, 0.21065637469291687]</MAX_VALUE>
		<MIN_VALUE>[0.1324509233236313, 0.12362978607416153, 0.11476042121648788, 0.22702176868915558, 0.270175963640213, 0.15876246988773346]</MIN_VALUE>
		<SIGNATURE_THRESHOLD_MD>0.0</SIGNATURE_THRESHOLD_MD>
		<SIGNATURE_THRESHOLD_ML>0.0</SIGNATURE_THRESHOLD_ML>
		<SIGNATURE_THRESHOLD_SAM>0.0</SIGNATURE_THRESHOLD_SAM>
	</signature>
	<signature ID="20170822_165339597000_231">
		<MACROCLASSID>4</MACROCLASSID>
		<MACROCLASSINFO>barren</MACROCLASSINFO>
		<CLASSID>35</CLASSID>
		<CLASSINFO>C 1</CLASSINFO>
		<VALUES>[0.12603852150232892, 0.0038102962288425767, 0.1370692813590816, 0.005913386687321263, 0.169817565388006, 0.008296597898409927, 0.23781429317982333, 0.011748111857283588, 0.33961481586746484, 0.013206405453664477, 0.29940393449171754, 0.016669448697047746]</VALUES>
		<LCS_MIN>[0.11544385552406311, 0.12007884681224823, 0.14768514037132263, 0.20831298828125, 0.30149340629577637, 0.27292901277542114]</LCS_MIN>
		<LCS_MAX>[0.14095446467399597, 0.15913908183574677, 0.20156191289424896, 0.27940627932548523, 0.3978548049926758, 0.3628784418106079]</LCS_MAX>
		<WAVELENGTH>[0.485, 0.56, 0.66, 0.83, 1.65, 2.215]</WAVELENGTH>
		<MEAN_VALUE>[0.12603852150232892, 0.1370692813590816, 0.169817565388006, 0.23781429317982333, 0.33961481586746484, 0.29940393449171754]</MEAN_VALUE>
		<CHECKBOX>2</CHECKBOX>
		<SD>[0.0038102962288425767, 0.005913386687321263, 0.008296597898409927, 0.011748111857283588, 0.013206405453664477, 0.016669448697047746]</SD>
		<WAVELENGTH_UNIT>E-6m</WAVELENGTH_UNIT>
		<COLOR>#66b5ba</COLOR>
		<COVARIANCE_MATRIX>[[1.4524672224069946e-05, 1.7522652342449874e-05, 1.68541373568587e-05, 2.8903621569043025e-05, 1.8722374079516158e-05, 1.199380676553119e-05], [1.7522652342449874e-05, 3.498335354379378e-05, 3.797962563112378e-05, 5.634135959553532e-05, 4.608709423337132e-05, 4.284461465431377e-05], [1.68541373568587e-05, 3.797962563112378e-05, 6.886347546242177e-05, 7.921062206150964e-05, 8.514531509717926e-05, 9.924990445142612e-05], [2.8903621569043025e-05, 5.634135959553532e-05, 7.921062206150964e-05, 0.00013807816139888018, 0.00010809486411744729, 8.993101073428988e-05], [1.8722374079516158e-05, 4.608709423337132e-05, 8.514531509717926e-05, 0.00010809486411744729, 0.00017448500148020685, 0.00017803852097131312], [1.199380676553119e-05, 4.284461465431377e-05, 9.924990445142612e-05, 8.993101073428988e-05, 0.00017803852097131312, 0.00027799137751571834]]</COVARIANCE_MATRIX>
		<ROI_SIZE>2300</ROI_SIZE>
		<MAX_VALUE>[0.14095446467399597, 0.15913908183574677, 0.20156191289424896, 0.27940627932548523, 0.3978548049926758, 0.3628784418106079]</MAX_VALUE>
		<MIN_VALUE>[0.11544385552406311, 0.12007884681224823, 0.14768514037132263, 0.20831298828125, 0.30149340629577637, 0.27292901277542114]</MIN_VALUE>
		<SIGNATURE_THRESHOLD_MD>0.0</SIGNATURE_THRESHOLD_MD>
		<SIGNATURE_THRESHOLD_ML>0.0</SIGNATURE_THRESHOLD_ML>
		<SIGNATURE_THRESHOLD_SAM>0.0</SIGNATURE_THRESHOLD_SAM>
	</signature>
	<signature ID="20170822_165244976000_398">
		<MACROCLASSID>4</MACROCLASSID>
		<MACROCLASSINFO>barren</MACROCLASSINFO>
		<CLASSID>31</CLASSID>
		<CLASSINFO>C 1</CLASSINFO>
		<VALUES>[0.15580730992886757, 0.0022718624967018176, 0.14848628913362813, 0.003686434822813896, 0.15249081171221204, 0.005965466284710447, 0.2174802959793143, 0.010399978667889026, 0.2795845580597719, 0.016809053112994892, 0.20637031859821742, 0.011424011052810046]</VALUES>
		<LCS_MIN>[0.14945799112319946, 0.13783350586891174, 0.13571250438690186, 0.18960422277450562, 0.24126748740673065, 0.1726008504629135]</LCS_MIN>
		<LCS_MAX>[0.16136296093463898, 0.15558815002441406, 0.16265089809894562, 0.23824705183506012, 0.2990843653678894, 0.22795432806015015]</LCS_MAX>
		<WAVELENGTH>[0.485, 0.56, 0.66, 0.83, 1.65, 2.215]</WAVELENGTH>
		<MEAN_VALUE>[0.15580730992886757, 0.14848628913362813, 0.15249081171221204, 0.2174802959793143, 0.2795845580597719, 0.20637031859821742]</MEAN_VALUE>
		<CHECKBOX>2</CHECKBOX>
		<SD>[0.0022718624967018176, 0.003686434822813896, 0.005965466284710447, 0.010399978667889026, 0.016809053112994892, 0.011424011052810046]</SD>
		<WAVELENGTH_UNIT>E-6m</WAVELENGTH_UNIT>
		<COLOR>#b8a821</COLOR>
		<COVARIANCE_MATRIX>[[5.1901934057241306e-06, 4.250988695275737e-06, 6.315244718280155e-06, 6.420523732231231e-06, 1.2187467291369103e-05, 9.615635462978389e-06], [4.250988695275737e-06, 1.3665722690348048e-05, 1.7813097656471655e-05, 1.6849615349201486e-05, 3.555537114152685e-05, 2.2922416974324733e-05], [6.315244718280155e-06, 1.7813097656471655e-05, 3.578559699235484e-05, 3.465948975645006e-05, 6.434349052142352e-05, 4.1769737435970455e-05], [6.420523732231231e-06, 1.6849615349201486e-05, 3.465948975645006e-05, 0.00010876380110858008, 0.00011807111877715215, 4.1391289414605126e-05], [1.2187467291369103e-05, 3.555537114152685e-05, 6.434349052142352e-05, 0.00011807111877715215, 0.00028412273968569934, 0.00016421510372310877], [9.615635462978389e-06, 2.2922416974324733e-05, 4.1769737435970455e-05, 4.1391289414605126e-05, 0.00016421510372310877, 0.00013123711687512696]]</COVARIANCE_MATRIX>
		<ROI_SIZE>180</ROI_SIZE>
		<MAX_VALUE>[0.16136296093463898, 0.15558815002441406, 0.16265089809894562, 0.23824705183506012, 0.2990843653678894, 0.22795432806015015]</MAX_VALUE>
		<MIN_VALUE>[0.14945799112319946, 0.13783350586891174, 0.13571250438690186, 0.18960422277450562, 0.24126748740673065, 0.1726008504629135]</MIN_VALUE>
		<SIGNATURE_THRESHOLD_MD>0.0</SIGNATURE_THRESHOLD_MD>
		<SIGNATURE_THRESHOLD_ML>0.0</SIGNATURE_THRESHOLD_ML>
		<SIGNATURE_THRESHOLD_SAM>0.0</SIGNATURE_THRESHOLD_SAM>
	</signature>
	<signature ID="20170822_165118482000_746">
		<MACROCLASSID>3</MACROCLASSID>
		<MACROCLASSINFO>building</MACROCLASSINFO>
		<CLASSID>25</CLASSID>
		<CLASSINFO>C 1</CLASSINFO>
		<VALUES>[0.15785985314545245, 0.00406026656718651, 0.14137469272134867, 0.00563387282726551, 0.12421439024882851, 0.00724783603398265, 0.1423776492239415, 0.011023617482850325, 0.1495946106090693, 0.014190011344956233, 0.13594017827242752, 0.014885375335304023]</VALUES>
		<LCS_MIN>[0.14605657756328583, 0.12718069553375244, 0.1057809516787529, 0.10728561878204346, 0.12081567943096161, 0.10686859488487244]</LCS_MIN>
		<LCS_MAX>[0.17496861517429352, 0.16624096035957336, 0.15367144346237183, 0.16715370118618011, 0.17863255739212036, 0.16222207248210907]</LCS_MAX>
		<WAVELENGTH>[0.485, 0.56, 0.66, 0.83, 1.65, 2.215]</WAVELENGTH>
		<MEAN_VALUE>[0.15785985314545245, 0.14137469272134867, 0.12421439024882851, 0.1423776492239415, 0.1495946106090693, 0.13594017827242752]</MEAN_VALUE>
		<CHECKBOX>2</CHECKBOX>
		<SD>[0.00406026656718651, 0.00563387282726551, 0.00724783603398265, 0.011023617482850325, 0.014190011344956233, 0.014885375335304023]</SD>
		<WAVELENGTH_UNIT>E-6m</WAVELENGTH_UNIT>
		<COLOR>#77d981</COLOR>
		<COVARIANCE_MATRIX>[[1.4824026038695592e-05, 1.5094563423190266e-05, 1.923626405186951e-05, 1.258069369214354e-05, 1.8670813005883247e-05, 2.2310920030577108e-05], [1.5094563423190266e-05, 2.7580916139413603e-05, 3.0257613616413437e-05, 2.351988950977102e-05, 2.9047083444311284e-05, 3.255742194596678e-05], [1.923626405186951e-05, 3.0257613616413437e-05, 4.654606163967401e-05, 3.51183298334945e-05, 4.3281364924041554e-05, 4.5870790927438065e-05], [1.258069369214354e-05, 2.351988950977102e-05, 3.51183298334945e-05, 0.0001067322664312087, 6.913830293342471e-05, 3.826735701295547e-05], [1.8670813005883247e-05, 2.9047083444311284e-05, 4.3281364924041554e-05, 6.913830293342471e-05, 0.0001976022613234818, 0.00018545042257755995], [2.2310920030577108e-05, 3.255742194596678e-05, 4.5870790927438065e-05, 3.826735701295547e-05, 0.00018545042257755995, 0.00022069879923947155]]</COVARIANCE_MATRIX>
		<ROI_SIZE>3538</ROI_SIZE>
		<MAX_VALUE>[0.17496861517429352, 0.16624096035957336, 0.15367144346237183, 0.16715370118618011, 0.17863255739212036, 0.16222207248210907]</MAX_VALUE>
		<MIN_VALUE>[0.14605657756328583, 0.12718069553375244, 0.1057809516787529, 0.10728561878204346, 0.12081567943096161, 0.10686859488487244]</MIN_VALUE>
		<SIGNATURE_THRESHOLD_MD>0.0</SIGNATURE_THRESHOLD_MD>
		<SIGNATURE_THRESHOLD_ML>0.0</SIGNATURE_THRESHOLD_ML>
		<SIGNATURE_THRESHOLD_SAM>0.0</SIGNATURE_THRESHOLD_SAM>
	</signature>
	<signature ID="20170822_170940771000_895">
		<MACROCLASSID>3</MACROCLASSID>
		<MACROCLASSINFO>building</MACROCLASSINFO>
		<CLASSID>79</CLASSID>
		<CLASSINFO>C 1</CLASSINFO>
		<VALUES>[0.16248814013747662, 0.005292442991601214, 0.14856730084228875, 0.00732080055231457, 0.1342557644039505, 0.00946465604500898, 0.19412847367529623, 0.015531677226312563, 0.2090340455561989, 0.013655047310002933, 0.17880970205644245, 0.014613974225584348]</VALUES>
		<LCS_MIN>[0.14945799112319946, 0.13428257405757904, 0.11476042121648788, 0.17089545726776123, 0.18104158341884613, 0.1483837068080902]</LCS_MIN>
		<LCS_MAX>[0.18007072806358337, 0.1733427792787552, 0.15965774655342102, 0.2307635396718979, 0.23885847628116608, 0.20373719930648804]</LCS_MAX>
		<WAVELENGTH>[0.485, 0.56, 0.66, 0.83, 1.65, 2.215]</WAVELENGTH>
		<MEAN_VALUE>[0.16248814013747662, 0.14856730084228875, 0.1342557644039505, 0.19412847367529623, 0.2090340455561989, 0.17880970205644245]</MEAN_VALUE>
		<CHECKBOX>2</CHECKBOX>
		<SD>[0.005292442991601214, 0.00732080055231457, 0.00946465604500898, 0.015531677226312563, 0.013655047310002933, 0.014613974225584348]</SD>
		<WAVELENGTH_UNIT>E-6m</WAVELENGTH_UNIT>
		<COLOR>#391937</COLOR>
		<COVARIANCE_MATRIX>[[2.811686135828495e-05, 3.2201518479269e-05, 3.9454822399420664e-05, -6.494497938547283e-06, 6.7266896621731576e-06, 2.5954241209547035e-05], [3.2201518479269e-05, 5.379867798183113e-05, 6.060348096070811e-05, 6.174017926241504e-06, 1.2416211575327907e-05, 3.4098775358870625e-05], [3.9454822399420664e-05, 6.060348096070811e-05, 8.992162474896759e-05, 1.2643131412914954e-05, 2.0842837329837494e-05, 4.3424966861493886e-05], [-6.494497938547283e-06, 6.174017926241504e-06, 1.2643131412914954e-05, 0.00024215373559854925, 6.801498966524377e-05, -1.7920729078468867e-05], [6.7266896621731576e-06, 1.2416211575327907e-05, 2.0842837329837494e-05, 6.801498966524377e-05, 0.00018717200146056712, 0.0001542627578601241], [2.5954241209547035e-05, 3.4098775358870625e-05, 4.3424966861493886e-05, -1.7920729078468867e-05, 0.0001542627578601241, 0.00021438338444568217]]</COVARIANCE_MATRIX>
		<ROI_SIZE>263</ROI_SIZE>
		<MAX_VALUE>[0.18007072806358337, 0.1733427792787552, 0.15965774655342102, 0.2307635396718979, 0.23885847628116608, 0.20373719930648804]</MAX_VALUE>
		<MIN_VALUE>[0.14945799112319946, 0.13428257405757904, 0.11476042121648788, 0.17089545726776123, 0.18104158341884613, 0.1483837068080902]</MIN_VALUE>
		<SIGNATURE_THRESHOLD_MD>0.0</SIGNATURE_THRESHOLD_MD>
		<SIGNATURE_THRESHOLD_ML>0.0</SIGNATURE_THRESHOLD_ML>
		<SIGNATURE_THRESHOLD_SAM>0.0</SIGNATURE_THRESHOLD_SAM>
	</signature>
	<signature ID="20170822_164616876000_617">
		<MACROCLASSID>2</MACROCLASSID>
		<MACROCLASSINFO>vegetation</MACROCLASSINFO>
		<CLASSID>7</CLASSID>
		<CLASSINFO>C 1</CLASSINFO>
		<VALUES>[0.1450699603158609, 0.002486227983191179, 0.13888509553416958, 0.0035805605049332922, 0.11285858047827618, 0.004637977923872025, 0.27674042791672165, 0.015631548152405524, 0.17149095420119254, 0.009910692806470566, 0.09098639460110523, 0.009395604437987974]</VALUES>
		<LCS_MIN>[0.13755305111408234, 0.12362978607416153, 0.09380833804607391, 0.24198877811431885, 0.14490604400634766, 0.06881307065486908]</LCS_MIN>
		<LCS_MAX>[0.1545601189136505, 0.14848628640174866, 0.13870565593242645, 0.3018568754196167, 0.20272290706634521, 0.11724738031625748]</LCS_MAX>
		<WAVELENGTH>[0.485, 0.56, 0.66, 0.83, 1.65, 2.215]</WAVELENGTH>
		<MEAN_VALUE>[0.1450699603158609, 0.13888509553416958, 0.11285858047827618, 0.27674042791672165, 0.17149095420119254, 0.09098639460110523]</MEAN_VALUE>
		<CHECKBOX>2</CHECKBOX>
		<SD>[0.002486227983191179, 0.0035805605049332922, 0.004637977923872025, 0.015631548152405524, 0.009910692806470566, 0.009395604437987974]</SD>
		<WAVELENGTH_UNIT>E-6m</WAVELENGTH_UNIT>
		<COLOR>#73bda0</COLOR>
		<COVARIANCE_MATRIX>[[6.1844657466281205e-06, 3.912051397492178e-06, 4.966786491422681e-06, 1.8788341549225152e-06, 4.850811365031404e-06, 2.9916045605205e-06], [3.912051397492178e-06, 1.282691846427042e-05, 9.949409104592633e-06, 1.386701114824973e-05, 5.452324785437668e-06, -6.226368043371622e-08], [4.966786491422681e-06, 9.949409104592633e-06, 2.1521753296838142e-05, -1.388012333336519e-05, 2.296524507983122e-05, 1.8034803360933438e-05], [1.8788341549225152e-06, 1.386701114824973e-05, -1.388012333336519e-05, 0.00024446926545351744, -5.365027391235344e-05, -6.933549593668431e-05], [4.850811365031404e-06, 5.452324785437668e-06, 2.296524507983122e-05, -5.365027391235344e-05, 9.827166650211439e-05, 7.525533874286339e-05], [2.9916045605205e-06, -6.226368043371622e-08, 1.8034803360933438e-05, -6.933549593668431e-05, 7.525533874286339e-05, 8.832217281451449e-05]]</COVARIANCE_MATRIX>
		<ROI_SIZE>1972</ROI_SIZE>
		<MAX_VALUE>[0.1545601189136505, 0.14848628640174866, 0.13870565593242645, 0.3018568754196167, 0.20272290706634521, 0.11724738031625748]</MAX_VALUE>
		<MIN_VALUE>[0.13755305111408234, 0.12362978607416153, 0.09380833804607391, 0.24198877811431885, 0.14490604400634766, 0.06881307065486908]</MIN_VALUE>
		<SIGNATURE_THRESHOLD_MD>0.0</SIGNATURE_THRESHOLD_MD>
		<SIGNATURE_THRESHOLD_ML>0.0</SIGNATURE_THRESHOLD_ML>
		<SIGNATURE_THRESHOLD_SAM>0.0</SIGNATURE_THRESHOLD_SAM>
	</signature>
	<signature ID="20170816_112551234000_209">
		<MACROCLASSID>3</MACROCLASSID>
		<MACROCLASSINFO>building</MACROCLASSINFO>
		<CLASSID>4</CLASSID>
		<CLASSINFO>building</CLASSINFO>
		<VALUES>[90.39735099337751, 3.9901857584249645, 42.77483443708608, 2.8614176670497025, 49.27152317880794, 4.804707645707595, 53.82119205298014, 5.633492667840474, 86.58278145695361, 11.533055065806046, 52.72185430463576, 7.6211269094210286]</VALUES>
		<LCS_MIN>[82.0, 37.0, 40.0, 39.0, 54.0, 36.0]</LCS_MIN>
		<LCS_MAX>[102.0, 50.0, 64.0, 68.0, 116.0, 75.0]</LCS_MAX>
		<WAVELENGTH>[0.485, 0.56, 0.66, 0.83, 1.65, 2.215]</WAVELENGTH>
		<MEAN_VALUE>[90.39735099337751, 42.77483443708608, 49.27152317880794, 53.82119205298014, 86.58278145695361, 52.72185430463576]</MEAN_VALUE>
		<CHECKBOX>2</CHECKBOX>
		<SD>[3.9901857584249645, 2.8614176670497025, 4.804707645707595, 5.633492667840474, 11.533055065806046, 7.6211269094210286]</SD>
		<WAVELENGTH_UNIT>E-6m</WAVELENGTH_UNIT>
		<COLOR>#522c02</COLOR>
		<COVARIANCE_MATRIX>[[16.027727127075195, 9.563399314880371, 14.578057289123535, 10.638190269470215, 21.146886825561523, 15.471258163452148], [9.563399314880371, 8.24229621887207, 12.414878845214844, 10.479470252990723, 19.078763961791992, 12.4369535446167], [14.578057289123535, 12.414878845214844, 23.239116668701172, 18.828874588012695, 37.247371673583984, 24.702693939208984], [10.638190269470215, 10.479470252990723, 18.828874588012695, 31.94781494140625, 40.951568603515625, 19.109933853149414], [21.146886825561523, 19.078763961791992, 37.247371673583984, 40.951568603515625, 133.89810180664062, 82.00318145751953], [15.471258163452148, 12.4369535446167, 24.702693939208984, 19.109933853149414, 82.00318145751953, 58.46878433227539]]</COVARIANCE_MATRIX>
		<ROI_SIZE>151</ROI_SIZE>
		<MAX_VALUE>[102.0, 50.0, 64.0, 68.0, 116.0, 75.0]</MAX_VALUE>
		<MIN_VALUE>[82.0, 37.0, 40.0, 39.0, 54.0, 36.0]</MIN_VALUE>
		<SIGNATURE_THRESHOLD_MD>0.0</SIGNATURE_THRESHOLD_MD>
		<SIGNATURE_THRESHOLD_ML>0.0</SIGNATURE_THRESHOLD_ML>
		<SIGNATURE_THRESHOLD_SAM>0.0</SIGNATURE_THRESHOLD_SAM>
	</signature>
	<signature ID="20170822_170242698000_321">
		<MACROCLASSID>5</MACROCLASSID>
		<MACROCLASSINFO>cloud</MACROCLASSINFO>
		<CLASSID>58</CLASSID>
		<CLASSINFO>C 1</CLASSINFO>
		<VALUES>[0.4402076497155952, 0.0008482322212209144, 0.558150377315002, 0.050169132357443545, 0.56146589515765, 0.05113520079104335, 0.6779299494800873, 0.04576418045622312, 0.6053891173413436, 0.022196240676629588, 0.5434563947967228, 0.04620366494286481]</VALUES>
		<LCS_MIN>[0.42157116532325745, 0.46451905369758606, 0.47393906116485596, 0.5937137603759766, 0.5207157135009766, 0.4493682384490967]</LCS_MIN>
		<LCS_MAX>[0.44027894735336304, 0.663371205329895, 0.6714873313903809, 0.7845431566238403, 0.6194861531257629, 0.6431053876876831]</LCS_MAX>
		<WAVELENGTH>[0.485, 0.56, 0.66, 0.83, 1.65, 2.215]</WAVELENGTH>
		<MEAN_VALUE>[0.4402076497155952, 0.558150377315002, 0.56146589515765, 0.6779299494800873, 0.6053891173413436, 0.5434563947967228]</MEAN_VALUE>
		<CHECKBOX>2</CHECKBOX>
		<SD>[0.0008482322212209144, 0.050169132357443545, 0.05113520079104335, 0.04576418045622312, 0.022196240676629588, 0.04620366494286481]</SD>
		<WAVELENGTH_UNIT>E-6m</WAVELENGTH_UNIT>
		<COLOR>#ae46a0</COLOR>
