<?xml version="1.0" ?>
<signaturelist MCID_LIST="[[u'4', u'water', u'#0000ff'], [u'1', u'vegetation', u'#00ff00'], [u'2', u'building', u'#ff0000'], [u'3', u'cloud', u'#ffffff'], [u'5', u'barren', u'#ffaa00']]">
	<signature ID="20170822_161832946000_791">
		<MACROCLASSID>5</MACROCLASSID>
		<MACROCLASSINFO>barren</MACROCLASSINFO>
		<CLASSID>71</CLASSID>
		<CLASSINFO>C 1</CLASSINFO>
		<VALUES>[0.17081441991246524, 0.006607772990459812, 0.193460857523659, 0.008945931658891995, 0.21748777845002334, 0.013915724389241683, 0.3327145990608748, 0.01613190025374718, 0.37718362966713886, 0.01972659110933129, 0.30909911473362467, 0.019792345153145728]</VALUES>
		<LCS_MIN>[0.15464936196804047, 0.1710168868303299, 0.17967915534973145, 0.2887754440307617, 0.33291471004486084, 0.2638828456401825]</LCS_MIN>
		<LCS_MAX>[0.19046729803085327, 0.21702168881893158, 0.2499748170375824, 0.3675597608089447, 0.41072550415992737, 0.3428685963153839]</LCS_MAX>
		<WAVELENGTH>[0.485, 0.56, 0.66, 0.83, 1.65, 2.215]</WAVELENGTH>
		<MEAN_VALUE>[0.17081441991246524, 0.193460857523659, 0.21748777845002334, 0.3327145990608748, 0.37718362966713886, 0.30909911473362467]</MEAN_VALUE>
		<CHECKBOX>2</CHECKBOX>
		<SD>[0.006607772990459812, 0.008945931658891995, 0.013915724389241683, 0.01613190025374718, 0.01972659110933129, 0.019792345153145728]</SD>
		<WAVELENGTH_UNIT>E-6m</WAVELENGTH_UNIT>
		<COLOR>#00aa24</COLOR>
		<COVARIANCE_MATRIX>[[4.371319938406809e-05, 4.476051481973971e-05, 4.990607116513721e-05, 3.945934710226376e-05, 4.415875610835142e-05, 7.217983942366454e-05], [4.476051481973971e-05, 8.012232020534077e-05, 0.0001113732952115558, 8.340639599139486e-05, 0.00012984992620139585, 0.00014239173579448604], [4.990607116513721e-05, 0.0001113732952115558, 0.00019387151419548074, 0.0001153383067870332, 0.0002313586626550479, 0.0002350129897556528], [3.945934710226376e-05, 8.340639599139486e-05, 0.0001153383067870332, 0.00026053940742392756, 0.00020571448680822144, 0.00015458850973370315], [4.415875610835142e-05, 0.00012984992620139585, 0.0002313586626550479, 0.00020571448680822144, 0.0003895887884577052, 0.0003424707194201102], [7.217983942366454e-05, 0.00014239173579448604, 0.0002350129897556528, 0.00015458850973370315, 0.0003424707194201102, 0.00039219032588192393]]</COVARIANCE_MATRIX>
		<ROI_SIZE>865</ROI_SIZE>
		<MAX_VALUE>[0.19046729803085327, 0.21702168881893158, 0.2499748170375824, 0.3675597608089447, 0.41072550415992737, 0.3428685963153839]</MAX_VALUE>
		<MIN_VALUE>[0.15464936196804047, 0.1710168868303299, 0.17967915534973145, 0.2887754440307617, 0.33291471004486084, 0.2638828456401825]</MIN_VALUE>
		<SIGNATURE_THRESHOLD_MD>0.0</SIGNATURE_THRESHOLD_MD>
		<SIGNATURE_THRESHOLD_ML>0.0</SIGNATURE_THRESHOLD_ML>
		<SIGNATURE_THRESHOLD_SAM>0.0</SIGNATURE_THRESHOLD_SAM>
	</signature>
	<signature ID="20170822_162602397000_466">
		<MACROCLASSID>1</MACROCLASSID>
		<MACROCLASSINFO>vegetation</MACROCLASSINFO>
		<CLASSID>87</CLASSID>
		<CLASSINFO>C 1</CLASSINFO>
		<VALUES>[0.12962280597345885, 0.003502182898850169, 0.12350751151517685, 0.00458827974521389, 0.0967839442736092, 0.006519116483394674, 0.31158186826146994, 0.010930014750835663, 0.1875163696957733, 0.0141692845641939, 0.09857089995385054, 0.010661295761389676]</VALUES>
		<LCS_MIN>[0.12020903825759888, 0.11063555628061295, 0.08029566705226898, 0.29483577609062195, 0.15978574752807617, 0.06923933327198029]</LCS_MIN>
		<LCS_MAX>[0.14225085079669952, 0.1393885761499405, 0.12150345742702484, 0.3493787348270416, 0.21814383566379547, 0.12565773725509644]</LCS_MAX>
		<WAVELENGTH>[0.485, 0.56, 0.66, 0.83, 1.65, 2.215]</WAVELENGTH>
		<MEAN_VALUE>[0.12962280597345885, 0.12350751151517685, 0.0967839442736092, 0.31158186826146994, 0.1875163696957733, 0.09857089995385054]</MEAN_VALUE>
		<CHECKBOX>2</CHECKBOX>
		<SD>[0.003502182898850169, 0.00458827974521389, 0.006519116483394674, 0.010930014750835663, 0.0141692845641939, 0.010661295761389676]</SD>
		<WAVELENGTH_UNIT>E-6m</WAVELENGTH_UNIT>
		<COLOR>#960017</COLOR>
		<COVARIANCE_MATRIX>[[1.0125056804673638e-05, 1.0312133298861341e-05, 1.5837344733184515e-05, -3.115987096414856e-07, 3.2889420511916076e-05, 2.4274136682002506e-05], [1.0312133298861341e-05, 1.8131092917827793e-05, 2.257775783262748e-05, 3.2672005619422666e-06, 4.9039432539797656e-05, 3.4962000053666295e-05], [1.5837344733184515e-05, 2.257775783262748e-05, 3.8139454646154466e-05, -3.2130557584071095e-06, 7.391679153438424e-05, 5.5151104111751786e-05], [-3.115987096414856e-07, 3.2672005619422666e-06, -3.2130557584071095e-06, 0.00013883817399164722, 3.053839564856989e-05, -9.365052570132137e-07], [3.2889420511916076e-05, 4.9039432539797656e-05, 7.391679153438424e-05, 3.053839564856989e-05, 0.0002013719493988452, 0.00013607868169711874], [2.4274136682002506e-05, 3.4962000053666295e-05, 5.5151104111751786e-05, -9.365052570132137e-07, 0.00013607868169711874, 0.0001077365551229045]]</COVARIANCE_MATRIX>
		<ROI_SIZE>8083</ROI_SIZE>
		<MAX_VALUE>[0.14225085079669952, 0.1393885761499405, 0.12150345742702484, 0.3493787348270416, 0.21814383566379547, 0.12565773725509644]</MAX_VALUE>
		<MIN_VALUE>[0.12020903825759888, 0.11063555628061295, 0.08029566705226898, 0.29483577609062195, 0.15978574752807617, 0.06923933327198029]</MIN_VALUE>
		<SIGNATURE_THRESHOLD_MD>0.0</SIGNATURE_THRESHOLD_MD>
		<SIGNATURE_THRESHOLD_ML>0.0</SIGNATURE_THRESHOLD_ML>
		<SIGNATURE_THRESHOLD_SAM>0.0</SIGNATURE_THRESHOLD_SAM>
	</signature>
	<signature ID="20170822_161757197000_602">
		<MACROCLASSID>2</MACROCLASSID>
		<MACROCLASSINFO>building</MACROCLASSINFO>
		<CLASSID>69</CLASSID>
		<CLASSINFO>C 1</CLASSINFO>
		<VALUES>[0.15933682300247143, 0.005101733813952611, 0.15322362234840142, 0.006084188251119897, 0.14381516855451973, 0.006991240393918519, 0.2127162343399091, 0.010990552464685947, 0.22142804433386037, 0.016112966563925413, 0.1831752205533641, 0.01600381108183182]</VALUES>
		<LCS_MIN>[0.14638368785381317, 0.1393885761499405, 0.12392744421958923, 0.18271952867507935, 0.1831289827823639, 0.1482250988483429]</LCS_MIN>
		<LCS_MAX>[0.1766911745071411, 0.16814157366752625, 0.1627112478017807, 0.22817204892635345, 0.258994460105896, 0.2272108644247055]</LCS_MAX>
		<WAVELENGTH>[0.485, 0.56, 0.66, 0.83, 1.65, 2.215]</WAVELENGTH>
		<MEAN_VALUE>[0.15933682300247143, 0.15322362234840142, 0.14381516855451973, 0.2127162343399091, 0.22142804433386037, 0.1831752205533641]</MEAN_VALUE>
		<CHECKBOX>2</CHECKBOX>
		<SD>[0.005101733813952611, 0.006084188251119897, 0.006991240393918519, 0.010990552464685947, 0.016112966563925413, 0.01600381108183182]</SD>
		<WAVELENGTH_UNIT>E-6m</WAVELENGTH_UNIT>
		<COLOR>#d6e06b</COLOR>
		<COVARIANCE_MATRIX>[[2.6112468650800144e-05, 2.6002973836601063e-05, 2.8298655911285554e-05, -8.614205148292787e-06, 4.038505786010891e-06, 2.3907811605916947e-05], [2.6002973836601063e-05, 3.713792435153135e-05, 3.731998270167823e-05, -7.332717276998673e-07, 5.500721252468522e-06, 2.458655933167656e-05], [2.8298655911285554e-05, 3.731998270167823e-05, 4.9036652155152576e-05, 3.9079856540808895e-06, 2.029943254956481e-05, 3.972325556006008e-05], [-8.614205148292787e-06, -7.332717276998673e-07, 3.9079856540808895e-06, 0.00012118570355549317, 4.355278304874239e-05, 1.1159022806614717e-06], [4.038505786010891e-06, 5.500721252468522e-06, 2.029943254956481e-05, 4.355278304874239e-05, 0.00026047338429633553, 0.00023026560568990083], [2.3907811605916947e-05, 2.458655933167656e-05, 3.972325556006008e-05, 1.1159022806614717e-06, 0.00023026560568990083, 0.00025695624265808647]]</COVARIANCE_MATRIX>
		<ROI_SIZE>308</ROI_SIZE>
		<MAX_VALUE>[0.1766911745071411, 0.16814157366752625, 0.1627112478017807, 0.22817204892635345, 0.258994460105896, 0.2272108644247055]</MAX_VALUE>
		<MIN_VALUE>[0.14638368785381317, 0.1393885761499405, 0.12392744421958923, 0.18271952867507935, 0.1831289827823639, 0.1482250988483429]</MIN_VALUE>
		<SIGNATURE_THRESHOLD_MD>0.0</SIGNATURE_THRESHOLD_MD>
		<SIGNATURE_THRESHOLD_ML>0.0</SIGNATURE_THRESHOLD_ML>
		<SIGNATURE_THRESHOLD_SAM>0.0</SIGNATURE_THRESHOLD_SAM>
	</signature>
	<signature ID="20170822_160921643000_990">
		<MACROCLASSID>3</MACROCLASSID>
		<MACROCLASSINFO>cloud</MACROCLASSINFO>
		<CLASSID>45</CLASSID>
		<CLASSINFO>C 1</CLASSINFO>
		<VALUES>[0.2932092888631684, 0.012402738576295466, 0.3087396474852079, 0.013136623876071741, 0.30358362845752546, 0.014962619912617032, 0.45082350140032573, 0.010325650735312776, 0.3911318152711012, 0.013855714159524465, 0.3012089491754336, 0.016252180913722502]</VALUES>
		<LCS_MIN>[0.27036890387535095, 0.2860289216041565, 0.2790626585483551, 0.4281631112098694, 0.36403897404670715, 0.2779874801635742]</LCS_MIN>
		<LCS_MAX>[0.32271814346313477, 0.3377843499183655, 0.3396624028682709, 0.4736156463623047, 0.420451819896698, 0.33440589904785156]</LCS_MAX>
		<WAVELENGTH>[0.485, 0.56, 0.66, 0.83, 1.65, 2.215]</WAVELENGTH>
		<MEAN_VALUE>[0.2932092888631684, 0.3087396474852079, 0.30358362845752546, 0.45082350140032573, 0.3911318152711012, 0.3012089491754336]</MEAN_VALUE>
		<CHECKBOX>2</CHECKBOX>
		<SD>[0.012402738576295466, 0.013136623876071741, 0.014962619912617032, 0.010325650735312776, 0.013855714159524465, 0.016252180913722502]</SD>
		<WAVELENGTH_UNIT>E-6m</WAVELENGTH_UNIT>
		<COLOR>#662b0d</COLOR>
		<COVARIANCE_MATRIX>[[0.0001560900995476919, 0.00015862015480062053, 0.00017862227139448715, 9.704681791262953e-05, 0.00013993822296084563, 0.0001825755258453034], [0.00015862015480062053, 0.00017510869402110422, 0.00019349244983471152, 0.00010357134140213681, 0.00014949510840133706, 0.00019414190248386796], [0.00017862227139448715, 0.00019349244983471152, 0.0002271723475119351, 0.00012866609122842202, 0.00017929154528829164, 0.00022606706700365665], [9.704681791262953e-05, 0.00010357134140213681, 0.00012866609122842202, 0.00010818699050630757, 0.00013135983648722871, 0.00013618111861191364], [0.00013993822296084563, 0.00014949510840133706, 0.00017929154528829164, 0.00013135983648722871, 0.0001948040621479534, 0.00020635727720993388], [0.0001825755258453034, 0.00019414190248386796, 0.00022606706700365665, 0.00013618111861191364, 0.00020635727720993388, 0.0002680176989296053]]</COVARIANCE_MATRIX>
		<ROI_SIZE>69</ROI_SIZE>
		<MAX_VALUE>[0.32271814346313477, 0.3377843499183655, 0.3396624028682709, 0.4736156463623047, 0.420451819896698, 0.33440589904785156]</MAX_VALUE>
		<MIN_VALUE>[0.27036890387535095, 0.2860289216041565, 0.2790626585483551, 0.4281631112098694, 0.36403897404670715, 0.2779874801635742]</MIN_VALUE>
		<SIGNATURE_THRESHOLD_MD>0.0</SIGNATURE_THRESHOLD_MD>
		<SIGNATURE_THRESHOLD_ML>0.0</SIGNATURE_THRESHOLD_ML>
		<SIGNATURE_THRESHOLD_SAM>0.0</SIGNATURE_THRESHOLD_SAM>
	</signature>
	<signature ID="20170822_160149821000_560">
		<MACROCLASSID>4</MACROCLASSID>
		<MACROCLASSINFO>water</MACROCLASSINFO>
		<CLASSID>15</CLASSID>
		<CLASSINFO>C 1</CLASSINFO>
		<VALUES>[0.14401083525542155, 0.00705897720349244, 0.12296004738225094, 0.01195330035805611, 0.08363880414512712, 0.009271397915758336, 0.06643656674722645, 0.00553381331237154, 0.0399520571747173, 0.004324274519936191, 0.03274420169236898, 0.003390676341184031]</VALUES>
		<LCS_MIN>[0.12847471237182617, 0.10488495975732803, 0.06817571073770523, 0.05242235213518143, 0.027507422491908073, 0.018462762236595154]</LCS_MIN>
		<LCS_MAX>[0.16153742372989655, 0.1508897840976715, 0.11907947063446045, 0.10090503096580505, 0.07224861532449722, 0.05513472110033035]</LCS_MAX>
		<WAVELENGTH>[0.485, 0.56, 0.66, 0.83, 1.65, 2.215]</WAVELENGTH>
		<MEAN_VALUE>[0.14401083525542155, 0.12296004738225094, 0.08363880414512712, 0.06643656674722645, 0.0399520571747173, 0.03274420169236898]</MEAN_VALUE>
		<CHECKBOX>2</CHECKBOX>
		<SD>[0.00705897720349244, 0.01195330035805611, 0.009271397915758336, 0.00553381331237154, 0.004324274519936191, 0.003390676341184031]</SD>
		<WAVELENGTH_UNIT>E-6m</WAVELENGTH_UNIT>
		<COLOR>#9ed73c</COLOR>
		<COVARIANCE_MATRIX>[[4.973436049766579e-05, 7.999802280506078e-05, 5.9211283666276543e-05, 2.753578485915555e-05, 1.640475655364492e-05, 9.937529449294365e-06], [7.999802280506078e-05, 0.00014254249317813156, 0.0001048119469810608, 4.9626873931708124e-05, 2.8926294276627616e-05, 1.689647505938097e-05], [5.9211283666276543e-05, 0.0001048119469810608, 8.604056209139618e-05, 4.425076846145853e-05, 2.7595884435808257e-05, 1.6140128733516534e-05], [2.753578485915555e-05, 4.9626873931708124e-05, 4.425076846145853e-05, 3.229668832947536e-05, 2.043022238753789e-05, 1.2354682617320529e-05], [1.640475655364492e-05, 2.8926294276627616e-05, 2.7595884435808257e-05, 2.043022238753789e-05, 1.9907614554760472e-05, 1.0867966536139896e-05], [9.937529449294365e-06, 1.689647505938097e-05, 1.6140128733516534e-05, 1.2354682617320529e-05, 1.0867966536139896e-05, 1.2181759987118065e-05]]</COVARIANCE_MATRIX>
		<ROI_SIZE>107316</ROI_SIZE>
		<MAX_VALUE>[0.16153742372989655, 0.1508897840976715, 0.11907947063446045, 0.10090503096580505, 0.07224861532449722, 0.05513472110033035]</MAX_VALUE>
		<MIN_VALUE>[0.12847471237182617, 0.10488495975732803, 0.06817571073770523, 0.05242235213518143, 0.027507422491908073, 0.018462762236595154]</MIN_VALUE>
		<SIGNATURE_THRESHOLD_MD>0.0</SIGNATURE_THRESHOLD_MD>
		<SIGNATURE_THRESHOLD_ML>0.0</SIGNATURE_THRESHOLD_ML>
		<SIGNATURE_THRESHOLD_SAM>0.0</SIGNATURE_THRESHOLD_SAM>
	</signature>
	<signature ID="20170811_000121944000_137">
		<MACROCLASSID>2</MACROCLASSID>
		<MACROCLASSINFO>building</MACROCLASSINFO>
		<CLASSID>3</CLASSID>
		<CLASSINFO>building</CLASSINFO>
		<VALUES>[125.97058823529416, 9.781390777201986, 61.082352941176474, 6.606078777656907, 68.65882352941178, 9.797422159367128, 76.86470588235292, 10.279015813294853, 121.97647058823529, 18.217623316666714, 71.47058823529409, 10.057585063077422]</VALUES>
		<LCS_MIN>[108.0, 50.0, 52.0, 62.0, 90.0, 53.0]</LCS_MIN>
		<LCS_MAX>[178.0, 92.0, 110.0, 104.0, 186.0, 122.0]</LCS_MAX>
		<WAVELENGTH>[0.485, 0.56, 0.66, 0.83, 1.65, 2.215]</WAVELENGTH>
		<MEAN_VALUE>[125.97058823529416, 61.082352941176474, 68.65882352941178, 76.86470588235292, 121.97647058823529, 71.47058823529409]</MEAN_VALUE>
		<CHECKBOX>2</CHECKBOX>
		<SD>[9.781390777201986, 6.606078777656907, 9.797422159367128, 10.279015813294853, 18.217623316666714, 10.057585063077422]</SD>
		<WAVELENGTH_UNIT>E-6m</WAVELENGTH_UNIT>
		<COLOR>#547f1e</COLOR>
		<COVARIANCE_MATRIX>[[96.24172973632812, 57.62373733520508, 75.00765991210938, 36.049251556396484, 84.6561050415039, 71.32161712646484], [57.62373733520508, 43.898502349853516, 62.519386291503906, 46.419490814208984, 88.3747329711914, 54.07936096191406], [75.00765991210938, 62.519386291503906, 96.55746459960938, 81.40327453613281, 147.87950134277344, 78.00173950195312], [36.049251556396484, 46.419490814208984, 81.40327453613281, 106.28336334228516, 166.39324951171875, 62.7445182800293], [84.6561050415039, 88.3747329711914, 147.87950134277344, 166.39324951171875, 333.8456115722656, 155.79220581054688], [71.32161712646484, 54.07936096191406, 78.00173950195312, 62.7445182800293, 155.79220581054688, 101.75357055664062]]</COVARIANCE_MATRIX>
		<ROI_SIZE>170</ROI_SIZE>
		<MAX_VALUE>[178.0, 92.0, 110.0, 104.0, 186.0, 122.0]</MAX_VALUE>
		<MIN_VALUE>[108.0, 50.0, 52.0, 62.0, 90.0, 53.0]</MIN_VALUE>
		<SIGNATURE_THRESHOLD_MD>0.0</SIGNATURE_THRESHOLD_MD>
		<SIGNATURE_THRESHOLD_ML>0.0</SIGNATURE_THRESHOLD_ML>
		<SIGNATURE_THRESHOLD_SAM>0.0</SIGNATURE_THRESHOLD_SAM>
	</signature>
	<signature ID="20170822_161846751000_162">
		<MACROCLASSID>5</MACROCLASSID>
		<MACROCLASSINFO>barren</MACROCLASSINFO>
		<CLASSID>72</CLASSID>
		<CLASSINFO>C 1</CLASSINFO>
		<VALUES>[0.16312562811906162, 0.00376446073733805, 0.16911222705036213, 0.00475353642748764, 0.17429081241416328, 0.006699245140963674, 0.2577017242931256, 0.009434017530795228, 0.2908745774417923, 0.013515880998377566, 0.24171077778005293, 0.01493865014867384]</VALUES>
		<LCS_MIN>[0.15464936196804047, 0.15376506745815277, 0.15543930232524872, 0.2402927279472351, 0.258994460105896, 0.20182259380817413]</LCS_MIN>
		<LCS_MAX>[0.1753135621547699, 0.18251807987689972, 0.1893751323223114, 0.2796849012374878, 0.31929782032966614, 0.27516651153564453]</LCS_MAX>
		<WAVELENGTH>[0.485, 0.56, 0.66, 0.83, 1.65, 2.215]</WAVELENGTH>
		<MEAN_VALUE>[0.16312562811906162, 0.16911222705036213, 0.17429081241416328, 0.2577017242931256, 0.2908745774417923, 0.24171077778005293]</MEAN_VALUE>
		<CHECKBOX>2</CHECKBOX>
		<SD>[0.00376446073733805, 0.00475353642748764, 0.006699245140963674, 0.009434017530795228, 0.013515880998377566, 0.01493865014867384]</SD>
		<WAVELENGTH_UNIT>E-6m</WAVELENGTH_UNIT>
		<COLOR>#a35ce5</COLOR>
		<COVARIANCE_MATRIX>[[1.426200544195296e-05, 1.4495878266234411e-05, 1.704657845860117e-05, 1.3944492351166256e-05, 9.82045301103885e-06, 1.4289937785651298e-05], [1.4495878266234411e-05, 2.2740955417243325e-05, 2.5725990728034634e-05, 1.8793784000474405e-05, 2.0057020265107783e-05, 2.7690356776079303e-05], [1.704657845860117e-05, 2.5725990728034634e-05, 4.516757703217883e-05, 1.3987818871150772e-05, 5.2793278376121383e-05, 6.675276286838027e-05], [1.3944492351166256e-05, 1.8793784000474405e-05, 1.3987818871150772e-05, 8.957120399424489e-05, 4.097959251042799e-05, 1.5649431485778882e-05], [9.82045301103885e-06, 2.0057020265107783e-05, 5.2793278376121383e-05, 4.097959251042799e-05, 0.00018385005864411623, 0.0001787801457673672], [1.4289937785651298e-05, 2.7690356776079303e-05, 6.675276286838027e-05, 1.5649431485778882e-05, 0.0001787801457673672, 0.00022459380203539923]]</COVARIANCE_MATRIX>
		<ROI_SIZE>157</ROI_SIZE>
		<MAX_VALUE>[0.1753135621547699, 0.18251807987689972, 0.1893751323223114, 0.2796849012374878, 0.31929782032966614, 0.27516651153564453]</MAX_VALUE>
		<MIN_VALUE>[0.15464936196804047, 0.15376506745815277, 0.15543930232524872, 0.2402927279472351, 0.258994460105896, 0.20182259380817413]</MIN_VALUE>
		<SIGNATURE_THRESHOLD_MD>0.0</SIGNATURE_THRESHOLD_MD>
		<SIGNATURE_THRESHOLD_ML>0.0</SIGNATURE_THRESHOLD_ML>
		<SIGNATURE_THRESHOLD_SAM>0.0</SIGNATURE_THRESHOLD_SAM>
	</signature>
	<signature ID="20170822_162451184000_259">
		<MACROCLASSID>1</MACROCLASSID>
		<MACROCLASSINFO>vegetation</MACROCLASSINFO>
		<CLASSID>83</CLASSID>
		<CLASSINFO>C 1</CLASSINFO>
		<VALUES>[0.1486543412349514, 0.008173071895926021, 0.14512801019290714, 0.009969619328920149, 0.1366206333842087, 0.012611816398141146, 0.25223334846424644, 0.017424475475765675, 0.24225319395602105, 0.01989478959224937, 0.16202647743313414, 0.018853518326889182]</VALUES>
		<LCS_MIN>[0.13260754942893982, 0.12213676422834396, 0.1069595217704773, 0.20696088671684265, 0.2064722180366516, 0.12283682823181152]</LCS_MIN>
		<LCS_MAX>[0.18495683372020721, 0.18539340794086456, 0.17967915534973145, 0.2857452630996704, 0.28428295254707336, 0.20182259380817413]</LCS_MAX>
		<WAVELENGTH>[0.485, 0.56, 0.66, 0.83, 1.65, 2.215]</WAVELENGTH>
		<MEAN_VALUE>[0.1486543412349514, 0.14512801019290714, 0.1366206333842087, 0.25223334846424644, 0.24225319395602105, 0.16202647743313414]</MEAN_VALUE>
		<CHECKBOX>2</CHECKBOX>
		<SD>[0.008173071895926021, 0.009969619328920149, 0.012611816398141146, 0.017424475475765675, 0.01989478959224937, 0.018853518326889182]</SD>
		<WAVELENGTH_UNIT>E-6m</WAVELENGTH_UNIT>
		<COLOR>#a6bf50</COLOR>
		<COVARIANCE_MATRIX>[[6.93854117560097e-05, 7.857390581676964e-05, 9.266675095987536e-05, 3.9390262521786537e-05, 3.349333652603474e-05, 9.697128221445605e-05], [7.857390581676964e-05, 0.00010438184611913387, 0.0001225412271880268, 5.95369243227164e-05, 5.3973936674334964e-05, 0.0001234149166480033], [9.266675095987536e-05, 0.0001225412271880268, 0.00017013227307832493, 4.915507631130406e-05, 0.00011627649905137139, 0.000184037696054724], [3.9390262521786537e-05, 5.95369243227164e-05, 4.915507631130406e-05, 0.0003017682501258085, 2.9214201907930386e-05, 3.289690049289796e-05], [3.349333652603474e-05, 5.3973936674334964e-05, 0.00011627649905137139, 2.9214201907930386e-05, 0.0003868911327152745, 0.000298796249498405], [9.697128221445605e-05, 0.0001234149166480033, 0.000184037696054724, 3.289690049289796e-05, 0.000298796249498405, 0.0003584208709243944]]</COVARIANCE_MATRIX>
		<ROI_SIZE>22147</ROI_SIZE>
		<MAX_VALUE>[0.18495683372020721, 0.18539340794086456, 0.17967915534973145, 0.2857452630996704, 0.28428295254707336, 0.20182259380817413]</MAX_VALUE>
		<MIN_VALUE>[0.13260754942893982, 0.12213676422834396, 0.1069595217704773, 0.20696088671684265, 0.2064722180366516, 0.12283682823181152]</MIN_VALUE>
		<SIGNATURE_THRESHOLD_MD>0.0</SIGNATURE_THRESHOLD_MD>
		<SIGNATURE_THRESHOLD_ML>0.0</SIGNATURE_THRESHOLD_ML>
		<SIGNATURE_THRESHOLD_SAM>0.0</SIGNATURE_THRESHOLD_SAM>
	</signature>
	<signature ID="20170822_160507932000_806">
		<MACROCLASSID>2</MACROCLASSID>
		<MACROCLASSINFO>building</MACROCLASSINFO>
		<CLASSID>29</CLASSID>
		<CLASSINFO>C 1</CLASSINFO>
		<VALUES>[0.2059005593908006, 0.017423337526194183, 0.2185218666774639, 0.021597982510315084, 0.2154417765745218, 0.02459354340533029, 0.2706822416056757, 0.019853191683897528, 0.25084689648255054, 0.02059551210350907, 0.2197293140318083, 0.020055473549012694]</VALUES>
		<LCS_MIN>[0.1670478731393814, 0.17389218509197235, 0.16998322308063507, 0.23120222985744476, 0.19869112968444824, 0.16232970356941223]</LCS_MIN>
		<LCS_MAX>[0.24419422447681427, 0.2544006407260895, 0.26209476590156555, 0.30998656153678894, 0.29206404089927673, 0.25824102759361267]</LCS_MAX>
		<WAVELENGTH>[0.485, 0.56, 0.66, 0.83, 1.65, 2.215]</WAVELENGTH>
		<MEAN_VALUE>[0.2059005593908006, 0.2185218666774639, 0.2154417765745218, 0.2706822416056757, 0.25084689648255054, 0.2197293140318083]</MEAN_VALUE>
		<CHECKBOX>2</CHECKBOX>
		<SD>[0.017423337526194183, 0.021597982510315084, 0.02459354340533029, 0.019853191683897528, 0.02059551210350907, 0.020055473549012694]</SD>
		<WAVELENGTH_UNIT>E-6m</WAVELENGTH_UNIT>
		<COLOR>#bb9fe9</COLOR>
		<COVARIANCE_MATRIX>[[0.00030803699482450536, 0.0003670786699815478, 0.00040800812756598974, 0.00016345192773698102, 2.481356455880272e-05, 0.00020054356673744958], [0.0003670786699815478, 0.0004733327433469922, 0.000520561503034239, 0.000236388980015735, 3.888805553451269e-05, 0.00024386419221444114], [0.00040800812756598974, 0.000520561503034239, 0.0006137371180714807, 0.00027895056247901733, 4.06901091582351e-05, 0.0002802437204708375], [0.00016345192773698102, 0.000236388980015735, 0.00027895056247901733, 0.0003999455320969553, 0.00025730980170072734, 0.00021813446262980017], [2.481356455880272e-05, 3.888805553451269e-05, 4.06901091582351e-05, 0.00025730980170072734, 0.00043041298819999115, 0.00029926948075254065], [0.00020054356673744958, 0.00024386419221444114, 0.0002802437204708375, 0.00021813446262980017, 0.00029926948075254065, 0.00040813704897037033]]</COVARIANCE_MATRIX>
		<ROI_SIZE>69</ROI_SIZE>
		<MAX_VALUE>[0.24419422447681427, 0.2544006407260895, 0.26209476590156555, 0.30998656153678894, 0.29206404089927673, 0.25824102759361267]</MAX_VALUE>
		<MIN_VALUE>[0.1670478731393814, 0.17389218509197235, 0.16998322308063507, 0.23120222985744476, 0.19869112968444824, 0.16232970356941223]</MIN_VALUE>
		<SIGNATURE_THRESHOLD_MD>0.0</SIGNATURE_THRESHOLD_MD>
		<SIGNATURE_THRESHOLD_ML>0.0</SIGNATURE_THRESHOLD_ML>
		<SIGNATURE_THRESHOLD_SAM>0.0</SIGNATURE_THRESHOLD_SAM>
	</signature>
	<signature ID="20170822_161024605000_933">
		<MACROCLASSID>4</MACROCLASSID>
		<MACROCLASSINFO>water</MACROCLASSINFO>
		<CLASSID>47</CLASSID>
		<CLASSINFO>C 1</CLASSINFO>
		<VALUES>[0.14103823415984285, 0.003662023613807372, 0.13096017618501643, 0.0052291597311267335, 0.10728721016175641, 0.00573121419079601, 0.13211801122563996, 0.012404157898429339, 0.08377632876683412, 0.010395488108714422, 0.06331800602176332, 0.007916759863263534]</VALUES>
		<LCS_MIN>[0.1298523247241974, 0.11638616770505905, 0.09241559356451035, 0.10393518954515457, 0.056686464697122574, 0.04103012755513191]</LCS_MIN>
		<LCS_MAX>[0.1587821990251541, 0.1710168868303299, 0.15543930232524872, 0.17968937754631042, 0.13255195319652557, 0.10309039056301117]</LCS_MAX>
		<WAVELENGTH>[0.485, 0.56, 0.66, 0.83, 1.65, 2.215]</WAVELENGTH>
		<MEAN_VALUE>[0.14103823415984285, 0.13096017618501643, 0.10728721016175641, 0.13211801122563996, 0.08377632876683412, 0.06331800602176332]</MEAN_VALUE>
		<CHECKBOX>2</CHECKBOX>
		<SD>[0.003662023613807372, 0.0052291597311267335, 0.00573121419079601, 0.012404157898429339, 0.010395488108714422, 0.007916759863263534]</SD>
		<WAVELENGTH_UNIT>E-6m</WAVELENGTH_UNIT>
		<COLOR>#1a3c01</COLOR>
		<COVARIANCE_MATRIX>[[1.5965882983802358e-05, 1.9844423114320658e-05, 2.2537435177727476e-05, 1.2716034478105758e-05, 2.0787719467097053e-05, 2.2330382341541248e-05], [1.9844423114320658e-05, 3.466222347396148e-05, 3.633181215846264e-05, 2.2357950883908152e-05, 3.0507174305772562e-05, 3.1949047094005496e-05], [2.2537435177727476e-05, 3.633181215846264e-05, 4.431597854047831e-05, 3.328185275881926e-05, 4.2119569672051245e-05, 4.0784069906238616e-05], [1.2716034478105758e-05, 2.2357950883908152e-05, 3.328185275881926e-05, 0.00014793049099576786, 0.00010733455041271088, 6.111539564516538e-05], [2.0787719467097053e-05, 3.0507174305772562e-05, 4.2119569672051245e-05, 0.00010733455041271088, 0.00010889137824930113, 7.422552729830428e-05], [2.2330382341541248e-05, 3.1949047094005496e-05, 4.0784069906238616e-05, 6.111539564516538e-05, 7.422552729830428e-05, 6.756754279805275e-05]]</COVARIANCE_MATRIX>
		<ROI_SIZE>8799</ROI_SIZE>
		<MAX_VALUE>[0.1587821990251541, 0.1710168868303299, 0.15543930232524872, 0.17968937754631042, 0.13255195319652557, 0.10309039056301117]</MAX_VALUE>
		<MIN_VALUE>[0.1298523247241974, 0.11638616770505905, 0.09241559356451035, 0.10393518954515457, 0.056686464697122574, 0.04103012755513191]</MIN_VALUE>
		<SIGNATURE_THRESHOLD_MD>0.0</SIGNATURE_THRESHOLD_MD>
		<SIGNATURE_THRESHOLD_ML>0.0</SIGNATURE_THRESHOLD_ML>
		<SIGNATURE_THRESHOLD_SAM>0.0</SIGNATURE_THRESHOLD_SAM>
	</signature>
	<signature ID="20170822_161802498000_540">
		<MACROCLASSID>2</MACROCLASSID>
		<MACROCLASSINFO>building</MACROCLASSINFO>
		<CLASSID>70</CLASSID>
		<CLASSINFO>C 1</CLASSINFO>
		<VALUES>[0.18557871387670039, 0.009337369800101135, 0.19038686296409207, 0.01172645773651824, 0.18707271167850817, 0.013213592446629611, 0.234479369181077, 0.014923904487297157, 0.23178509900749292, 0.018180495163082847, 0.18412773969778826, 0.01404635781550313]</VALUES>
		<LCS_MIN>[0.16429264843463898, 0.16526629030704498, 0.15786327421665192, 0.19181004166603088, 0.1831289827823639, 0.1482250988483429]</LCS_MIN>
		<LCS_MAX>[0.2276628613471985, 0.2342735230922699, 0.22815892100334167, 0.27059441804885864, 0.26093971729278564, 0.21874812245368958]</LCS_MAX>
		<WAVELENGTH>[0.485, 0.56, 0.66, 0.83, 1.65, 2.215]</WAVELENGTH>
		<MEAN_VALUE>[0.18557871387670039, 0.19038686296409207, 0.18707271167850817, 0.234479369181077, 0.23178509900749292, 0.18412773969778826]</MEAN_VALUE>
		<CHECKBOX>2</CHECKBOX>
		<SD>[0.009337369800101135, 0.01172645773651824, 0.013213592446629611, 0.014923904487297157, 0.018180495163082847, 0.01404635781550313]</SD>
		<WAVELENGTH_UNIT>E-6m</WAVELENGTH_UNIT>
		<COLOR>#d1451d</COLOR>
		<COVARIANCE_MATRIX>[[8.74606460881924e-05, 0.00010068193683610555, 0.00010963853309745638, 4.254821313244026e-05, 4.130960001540399e-06, 4.257973099481141e-05], [0.00010068193683610555, 0.00013794223183580254, 0.000148472363191012, 7.26286045895921e-05, 2.5575067909578912e-05, 5.721290879490958e-05], [0.00010963853309745638, 0.000148472363191012, 0.00017514807888445002, 8.97740254397615e-05, 3.7393292778204444e-05, 6.698889458903167e-05], [4.254821313244026e-05, 7.26286045895921e-05, 8.97740254397615e-05, 0.00022342331170303135, 0.0002016672010767467, 0.0001096193934363159], [4.130960001540399e-06, 2.5575067909578912e-05, 3.7393292778204444e-05, 0.0002016672010767467, 0.0003315698081622215, 0.00019478877187080321], [4.257973099481141e-05, 5.721290879490958e-05, 6.698889458903167e-05, 0.0001096193934363159, 0.00019478877187080321, 0.00019792060866064603]]</COVARIANCE_MATRIX>
		<ROI_SIZE>319</ROI_SIZE>
		<MAX_VALUE>[0.2276628613471985, 0.2342735230922699, 0.22815892100334167, 0.27059441804885864, 0.26093971729278564, 0.21874812245368958]</MAX_VALUE>
		<MIN_VALUE>[0.16429264843463898, 0.16526629030704498, 0.15786327421665192, 0.19181004166603088, 0.1831289827823639, 0.1482250988483429]</MIN_VALUE>
		<SIGNATURE_THRESHOLD_MD>0.0</SIGNATURE_THRESHOLD_MD>
		<SIGNATURE_THRESHOLD_ML>0.0</SIGNATURE_THRESHOLD_ML>
		<SIGNATURE_THRESHOLD_SAM>0.0</SIGNATURE_THRESHOLD_SAM>
	</signature>
	<signature ID="20170811_004256228000_303">
		<MACROCLASSID>4</MACROCLASSID>
		<MACROCLASSINFO>water</MACROCLASSINFO>
		<CLASSID>18</CLASSID>
		<CLASSINFO>water</CLASSINFO>
		<VALUES>[85.121485943775, 1.2848750196293202, 35.54116465863445, 0.6331792105293385, 30.427710843373504, 0.6126143698834059, 25.256024096385552, 0.7320227350020795, 21.054216867469883, 1.111762724044537, 11.15160642570281, 0.8620207356634352]</VALUES>
		<LCS_MIN>[81.0, 34.0, 28.0, 24.0, 17.0, 9.0]</LCS_MIN>
		<LCS_MAX>[89.0, 37.0, 33.0, 28.0, 25.0, 14.0]</LCS_MAX>
		<WAVELENGTH>[0.485, 0.56, 0.66, 0.83, 1.65, 2.215]</WAVELENGTH>
		<MEAN_VALUE>[85.121485943775, 35.54116465863445, 30.427710843373504, 25.256024096385552, 21.054216867469883, 11.15160642570281]</MEAN_VALUE>
		<CHECKBOX>2</CHECKBOX>
		<SD>[1.2848750196293202, 0.6331792105293385, 0.6126143698834059, 0.7320227350020795, 1.111762724044537, 0.8620207356634352]</SD>
		<WAVELENGTH_UNIT>E-6m</WAVELENGTH_UNIT>
		<COLOR>#5f0065</COLOR>
		<COVARIANCE_MATRIX>[[1.6525629758834839, 0.12514479458332062, 0.0746200904250145, 0.06836289912462234, 0.1723012626171112, 0.08106092363595963], [0.12514479458332062, 0.40131884813308716, 0.06076769530773163, 0.055279407650232315, 0.06208754703402519, 0.016365965828299522], [0.0746200904250145, 0.06076769530773163, 0.3756735622882843, 0.08536053448915482, 0.14060664176940918, 0.06976448744535446], [0.06836289912462234, 0.055279407650232315, 0.08536053448915482, 0.5363958477973938, 0.2614821195602417, 0.15210086107254028], [0.1723012626171112, 0.06208754703402519, 0.14060664176940918, 0.2614821195602417, 1.2372585535049438, 0.28523945808410645], [0.08106092363595963, 0.016365965828299522, 0.06976448744535446, 0.15210086107254028, 0.28523945808410645, 0.7438265681266785]]</COVARIANCE_MATRIX>
		<ROI_SIZE>996</ROI_SIZE>
		<MAX_VALUE>[89.0, 37.0, 33.0, 28.0, 25.0, 14.0]</MAX_VALUE>
		<MIN_VALUE>[81.0, 34.0, 28.0, 24.0, 17.0, 9.0]</MIN_VALUE>
		<SIGNATURE_THRESHOLD_MD>0.0</SIGNATURE_THRESHOLD_MD>
		<SIGNATURE_THRESHOLD_ML>0.0</SIGNATURE_THRESHOLD_ML>
		<SIGNATURE_THRESHOLD_SAM>0.0</SIGNATURE_THRESHOLD_SAM>
	</signature>
	<signature ID="20170822_161658937000_921">
		<MACROCLASSID>2</MACROCLASSID>
		<MACROCLASSINFO>barren</MACROCLASSINFO>
		<CLASSID>67</CLASSID>
		<CLASSINFO>C 1</CLASSINFO>
		<VALUES>[0.17274130153236925, 0.005793430699282623, 0.1681415843195281, 0.0073789072254142486, 0.15824202605290344, 0.00959092994607225, 0.21560159517684943, 0.014124599726523324, 0.19092524924781168, 0.013121544993309035, 0.15578429325250912, 0.012936385414893125]</VALUES>
		<LCS_MIN>[0.15602697432041168, 0.14801445603370667, 0.1336233913898468, 0.17059887945652008, 0.1383877694606781, 0.11719498783349991]</LCS_MIN>
		<LCS_MAX>[0.1918449103832245, 0.19114398956298828, 0.18452714383602142, 0.2402927279472351, 0.21230800449848175, 0.17925524711608887]</LCS_MAX>
		<WAVELENGTH>[0.485, 0.56, 0.66, 0.83, 1.65, 2.215]</WAVELENGTH>
		<MEAN_VALUE>[0.17274130153236925, 0.1681415843195281, 0.15824202605290344, 0.21560159517684943, 0.19092524924781168, 0.15578429325250912]</MEAN_VALUE>
		<CHECKBOX>2</CHECKBOX>
		<SD>[0.005793430699282623, 0.0073789072254142486, 0.00959092994607225, 0.014124599726523324, 0.013121544993309035, 0.012936385414893125]</SD>
		<WAVELENGTH_UNIT>E-6m</WAVELENGTH_UNIT>
		<COLOR>#1bf84a</COLOR>
		<COVARIANCE_MATRIX>[[3.2522488896610476e-05, 3.5938289446343664e-05, 4.434824501546557e-05, -3.966139981256025e-06, 2.312394033796108e-05, 3.8010981699634836e-05], [3.5938289446343664e-05, 5.378493850655107e-05, 6.229353169335588e-05, 7.0658237061580635e-06, 3.934067291220855e-05, 5.3896008931091815e-05], [4.434824501546557e-05, 6.229353169335588e-05, 8.829667629761333e-05, 1.4631430546301244e-05, 5.8989031039153595e-05, 7.58204090250094e-05], [-3.966139981256025e-06, 7.0658237061580635e-06, 1.4631430546301244e-05, 0.00019423781172725482, 0.00010336803943362266, 4.616836723425613e-05], [2.312394033796108e-05, 3.934067291220855e-05, 5.8989031039153595e-05, 0.00010336803943362266, 0.00018457007003098354, 0.00015979608437087622], [3.8010981699634836e-05, 5.3896008931091815e-05, 7.58204090250094e-05, 4.616836723425613e-05, 0.00015979608437087622, 0.00018805747943797046]]</COVARIANCE_MATRIX>
		<ROI_SIZE>602</ROI_SIZE>
		<MAX_VALUE>[0.1918449103832245, 0.19114398956298828, 0.18452714383602142, 0.2402927279472351, 0.21230800449848175, 0.17925524711608887]</MAX_VALUE>
		<MIN_VALUE>[0.15602697432041168, 0.14801445603370667, 0.1336233913898468, 0.17059887945652008, 0.1383877694606781, 0.11719498783349991]</MIN_VALUE>
		<SIGNATURE_THRESHOLD_MD>0.0</SIGNATURE_THRESHOLD_MD>
		<SIGNATURE_THRESHOLD_ML>0.0</SIGNATURE_THRESHOLD_ML>
		<SIGNATURE_THRESHOLD_SAM>0.0</SIGNATURE_THRESHOLD_SAM>
	</signature>
	<signature ID="20170822_161733235000_230">
		<MACROCLASSID>2</MACROCLASSID>
		<MACROCLASSINFO>building</MACROCLASSINFO>
		<CLASSID>68</CLASSID>
		<CLASSINFO>C 1</CLASSINFO>
		<VALUES>[0.1751457767722301, 0.007920901224943641, 0.17243732147497412, 0.00981828327805296, 0.16519080296163863, 0.012281112784329445, 0.231220888690797, 0.017154034620236187, 0.21827559150166578, 0.017100949153302163, 0.1794714169156822, 0.01716627338327937]</VALUES>
		<LCS_MIN>[0.15051652491092682, 0.1451391726732254, 0.1311994194984436, 0.17968937754631042, 0.18507425487041473, 0.1454041749238968]</LCS_MIN>
		<LCS_MAX>[0.20424342155456543, 0.2026451826095581, 0.1942230761051178, 0.2584737539291382, 0.2628850042819977, 0.2243899703025818]</LCS_MAX>
		<WAVELENGTH>[0.485, 0.56, 0.66, 0.83, 1.65, 2.215]</WAVELENGTH>
		<MEAN_VALUE>[0.1751457767722301, 0.17243732147497412, 0.16519080296163863, 0.231220888690797, 0.21827559150166578, 0.1794714169156822]</MEAN_VALUE>
		<CHECKBOX>2</CHECKBOX>
		<SD>[0.007920901224943641, 0.00981828327805296, 0.012281112784329445, 0.017154034620236187, 0.017100949153302163, 0.01716627338327937]</SD>
		<WAVELENGTH_UNIT>E-6m</WAVELENGTH_UNIT>
		<COLOR>#8761f1</COLOR>
		<COVARIANCE_MATRIX>[[6.190596799133696e-05, 6.768179479438951e-05, 7.264289662566481e-05, -1.8667172124242162e-05, 2.2025755853170994e-05, 5.567353083314346e-05], [6.768179479438951e-05, 9.527182579596087e-05, 0.00010603196824236663, 7.287349288213172e-06, 4.3714719548450935e-05, 7.220050757386282e-05], [7.264289662566481e-05, 0.00010603196824236663, 0.00014860736286927926, 2.3073870418319222e-05, 7.681520011296837e-05, 0.00010334844431130601], [-1.8667172124242162e-05, 7.287349288213172e-06, 2.3073870418319222e-05, 0.0002815670740305903, 0.00010660661464811981, -1.1112282799234183e-05], [2.2025755853170994e-05, 4.3714719548450935e-05, 7.681520011296837e-05, 0.00010660661464811981, 0.0002953332695549019, 0.0002536111064592386], [5.567353083314346e-05, 7.220050757386282e-05, 0.00010334844431130601, -1.1112282799234183e-05, 0.0002536111064592386, 0.00031442255225997627]]</COVARIANCE_MATRIX>
		<ROI_SIZE>11252</ROI_SIZE>
		<MAX_VALUE>[0.20424342155456543, 0.2026451826095581, 0.1942230761051178, 0.2584737539291382, 0.2628850042819977, 0.2243899703025818]</MAX_VALUE>
		<MIN_VALUE>[0.15051652491092682, 0.1451391726732254, 0.1311994194984436, 0.17968937754631042, 0.18507425487041473, 0.1454041749238968]</MIN_VALUE>
		<SIGNATURE_THRESHOLD_MD>0.0</SIGNATURE_THRESHOLD_MD>
		<SIGNATURE_THRESHOLD_ML>0.0</SIGNATURE_THRESHOLD_ML>
		<SIGNATURE_THRESHOLD_SAM>0.0</SIGNATURE_THRESHOLD_SAM>
	</signature>
	<signature ID="20170811_002639264000_193">
		<MACROCLASSID>2</MACROCLASSID>
		<MACROCLASSINFO>building</MACROCLASSINFO>
		<CLASSID>11</CLASSID>
		<CLASSINFO>building</CLASSINFO>
		<VALUES>[123.43181818181819, 5.3338444572573405, 62.909090909090914, 3.352869746529096, 73.34090909090912, 5.43115248868708, 71.84090909090905, 6.202796956425744, 129.8295454545454, 13.04992301519358, 69.15909090909089, 6.318958421859571]</VALUES>
		<LCS_MIN>[111.0, 56.0, 64.0, 61.0, 107.0, 58.0]</LCS_MIN>
		<LCS_MAX>[137.0, 71.0, 91.0, 95.0, 167.0, 89.0]</LCS_MAX>
		<WAVELENGTH>[0.485, 0.56, 0.66, 0.83, 1.65, 2.215]</WAVELENGTH>
		<MEAN_VALUE>[123.43181818181819, 62.909090909090914, 73.34090909090912, 71.84090909090905, 129.8295454545454, 69.15909090909089]</MEAN_VALUE>
		<CHECKBOX>2</CHECKBOX>
		<SD>[5.3338444572573405, 3.352869746529096, 5.43115248868708, 6.202796956425744, 13.04992301519358, 6.318958421859571]</SD>
		<WAVELENGTH_UNIT>E-6m</WAVELENGTH_UNIT>
		<COLOR>#233bff</COLOR>
		<COVARIANCE_MATRIX>[[28.776906967163086, 15.798328399658203, 16.471786499023438, 10.218913078308105, 8.10893440246582, 7.033960342407227], [15.798328399658203, 11.370950698852539, 14.74399185180664, 11.985370635986328, 18.39811897277832, 9.73876667022705], [16.471786499023438, 14.74399185180664, 29.836467742919922, 31.008882522583008, 58.36912155151367, 27.56583023071289], [10.218913078308105, 11.985370635986328, 31.008882522583008, 38.916927337646484, 75.16797637939453, 34.761234283447266], [8.10893440246582, 18.39811897277832, 58.36912155151367, 75.16797637939453, 172.25796508789062, 78.30329132080078], [7.033960342407227, 9.73876667022705, 27.56583023071289, 34.761234283447266, 78.30329132080078, 40.38819122314453]]</COVARIANCE_MATRIX>
		<ROI_SIZE>88</ROI_SIZE>
		<MAX_VALUE>[137.0, 71.0, 91.0, 95.0, 167.0, 89.0]</MAX_VALUE>
		<MIN_VALUE>[111.0, 56.0, 64.0, 61.0, 107.0, 58.0]</MIN_VALUE>
		<SIGNATURE_THRESHOLD_MD>0.0</SIGNATURE_THRESHOLD_MD>
		<SIGNATURE_THRESHOLD_ML>0.0</SIGNATURE_THRESHOLD_ML>
		<SIGNATURE_THRESHOLD_SAM>0.0</SIGNATURE_THRESHOLD_SAM>
	</signature>
	<signature ID="20170822_160354504000_529">
		<MACROCLASSID>2</MACROCLASSID>
		<MACROCLASSINFO>building</MACROCLASSINFO>
		<CLASSID>24</CLASSID>
		<CLASSINFO>C 1</CLASSINFO>
		<VALUES>[0.24940159380435936, 0.030722059275677463, 0.27797809183597566, 0.044017468019185185, 0.28347435921430586, 0.05008149077245743, 0.3241677767038346, 0.04575228001077985, 0.32727341949939726, 0.06270680108089546, 0.2921484693884849, 0.06258245241581627]</VALUES>
		<LCS_MIN>[0.18633444607257843, 0.18826869130134583, 0.18210315704345703, 0.24938325583934784, 0.21814383566379547, 0.18207617104053497]</LCS_MIN>
		<LCS_MAX>[0.2910330295562744, 0.3377843499183655, 0.34935837984085083, 0.3887709379196167, 0.41267073154449463, 0.3767196536064148]</LCS_MAX>
		<WAVELENGTH>[0.485, 0.56, 0.66, 0.83, 1.65, 2.215]</WAVELENGTH>
		<MEAN_VALUE>[0.24940159380435936, 0.27797809183597566, 0.28347435921430586, 0.3241677767038346, 0.32727341949939726, 0.2921484693884849]</MEAN_VALUE>
		<CHECKBOX>2</CHECKBOX>
		<SD>[0.030722059275677463, 0.044017468019185185, 0.05008149077245743, 0.04575228001077985, 0.06270680108089546, 0.06258245241581627]</SD>
		<WAVELENGTH_UNIT>E-6m</WAVELENGTH_UNIT>
		<COLOR>#ba6635</COLOR>
		<COVARIANCE_MATRIX>[[0.0009631070674879999, 0.0013606781626787543, 0.0015527167016210553, 0.001410732164452865, 0.001920731514593516, 0.0018837626938734387], [0.0013606781626787543, 0.001977079072265297, 0.0022378135708222406, 0.0020300816165515316, 0.00275951914589798, 0.002704238479316002], [0.0015527167016210553, 0.0022378135708222406, 0.002559342569379325, 0.0023075764491824937, 0.0031358647663242345, 0.003071907577144042], [0.001410732164452865, 0.0020300816165515316, 0.0023075764491824937, 0.0021359909450865346, 0.0028544496896538265, 0.002776366083454049], [0.001920731514593516, 0.00275951914589798, 0.0031358647663242345, 0.0028544496896538265, 0.00401239071612142, 0.003955095487181534], [0.0018837626938734387, 0.002704238479316002, 0.003071907577144042, 0.002776366083454049, 0.003955095487181534, 0.003996493214671334]]</COVARIANCE_MATRIX>
		<ROI_SIZE>50</ROI_SIZE>
		<MAX_VALUE>[0.2910330295562744, 0.3377843499183655, 0.34935837984085083, 0.3887709379196167, 0.41267073154449463, 0.3767196536064148]</MAX_VALUE>
