<?xml version="1.0" ?>
<signaturelist MCID_LIST="[['1', 'waterbody', '#0000ff'], ['2', 'vegetation', '#00ff00'], ['3', 'bareland', '#ffaa00'], ['4', 'built-up', '#ff0000']]">
	<signature ID="20211217_152911634143_607">
		<MACROCLASSID>1</MACROCLASSID>
		<MACROCLASSINFO>waterbody</MACROCLASSINFO>
		<CLASSID>1</CLASSID>
		<CLASSINFO>C 1</CLASSINFO>
		<VALUES>[0.11305538028752593, 0.0025042069578523176, 0.12313347880239939, 0.004335356422188818, 0.09471209086502222, 0.003675412712840906, 0.03596531243680524, 0.005125836020180103, 0.009319850824787358, 0.005182912024476643, 0.006441043350996609, 0.0039415053230360516]</VALUES>
		<LCS_MIN>[0.0923999696969986, 0.07817445695400238, 0.059627220034599304, 0.02872859500348568, 0.0, 0.0]</LCS_MIN>
		<LCS_MAX>[0.12071657925844193, 0.13290874660015106, 0.10384387522935867, 0.08005577325820923, 0.05827649310231209, 0.03910325840115547]</LCS_MAX>
		<WAVELENGTH>[0.485, 0.56, 0.66, 0.83, 1.65, 2.215]</WAVELENGTH>
		<MEAN_VALUE>[0.11305538028752593, 0.12313347880239939, 0.09471209086502222, 0.03596531243680524, 0.009319850824787358, 0.006441043350996609]</MEAN_VALUE>
		<CHECKBOX>2</CHECKBOX>
		<SD>[0.0025042069578523176, 0.004335356422188818, 0.003675412712840906, 0.005125836020180103, 0.005182912024476643, 0.0039415053230360516]</SD>
		<WAVELENGTH_UNIT>E-6m</WAVELENGTH_UNIT>
		<COLOR>#ee7e8f</COLOR>
		<COVARIANCE_MATRIX>[[6.531424787681317e-06, 7.913698027550709e-06, 6.078778369555948e-06, -6.085091172280954e-06, -5.209540631767595e-06, -2.835949999280274e-06], [7.913698027550709e-06, 2.2221216568141244e-05, 1.3077371477265842e-05, -1.4167424524202943e-05, -1.272671579499729e-05, -7.127753178792773e-06], [6.078778369555948e-06, 1.3077371477265842e-05, 1.5176457964116707e-05, -9.03702402865747e-06, -7.812924195604865e-06, -4.406717835081508e-06], [-6.085091172280954e-06, -1.4167424524202943e-05, -9.03702402865747e-06, 2.2965770767768845e-05, 1.615186920389533e-05, 9.370734915137291e-06], [-5.209540631767595e-06, -1.272671579499729e-05, -7.812924195604865e-06, 1.615186920389533e-05, 2.0971443518646993e-05, 9.89057843980845e-06], [-2.835949999280274e-06, -7.127753178792773e-06, -4.406717835081508e-06, 9.370734915137291e-06, 9.89057843980845e-06, 1.367887216474628e-05]]</COVARIANCE_MATRIX>
		<ROI_SIZE>8655</ROI_SIZE>
		<MAX_VALUE>[0.12071657925844193, 0.13290874660015106, 0.10384387522935867, 0.08005577325820923, 0.05827649310231209, 0.03910325840115547]</MAX_VALUE>
		<MIN_VALUE>[0.0923999696969986, 0.07817445695400238, 0.059627220034599304, 0.02872859500348568, 0.0, 0.0]</MIN_VALUE>
		<SIGNATURE_THRESHOLD_MD>0.0</SIGNATURE_THRESHOLD_MD>
		<SIGNATURE_THRESHOLD_ML>0.0</SIGNATURE_THRESHOLD_ML>
		<SIGNATURE_THRESHOLD_SAM>0.0</SIGNATURE_THRESHOLD_SAM>
	</signature>
	<signature ID="20211217_152919722743_389">
		<MACROCLASSID>1</MACROCLASSID>
		<MACROCLASSINFO>waterbody</MACROCLASSINFO>
		<CLASSID>2</CLASSID>
		<CLASSINFO>C 1</CLASSINFO>
		<VALUES>[0.11179803773051211, 0.0033566461567823397, 0.11906448026821208, 0.00575446710484281, 0.0887194258674207, 0.004881225434162671, 0.031996122374024945, 0.004732603749011305, 0.006783158957323888, 0.00291683939224026, 0.004912992092611444, 0.0030585060785643997]</VALUES>
		<LCS_MIN>[0.0923999696969986, 0.08159535378217697, 0.0722605511546135, 0.02478034980595112, 0.0, 0.0]</LCS_MIN>
		<LCS_MAX>[0.12071657925844193, 0.12948785722255707, 0.10700220614671707, 0.08400401473045349, 0.05065055936574936, 0.03910325840115547]</LCS_MAX>
		<WAVELENGTH>[0.485, 0.56, 0.66, 0.83, 1.65, 2.215]</WAVELENGTH>
		<MEAN_VALUE>[0.11179803773051211, 0.11906448026821208, 0.0887194258674207, 0.031996122374024945, 0.006783158957323888, 0.004912992092611444]</MEAN_VALUE>
		<CHECKBOX>2</CHECKBOX>
		<SD>[0.0033566461567823397, 0.00575446710484281, 0.004881225434162671, 0.004732603749011305, 0.00291683939224026, 0.0030585060785643997]</SD>
		<WAVELENGTH_UNIT>E-6m</WAVELENGTH_UNIT>
		<COLOR>#b4f91f</COLOR>
		<COVARIANCE_MATRIX>[[1.1531094060046598e-05, 1.623907701286953e-05, 6.852544629509794e-06, -7.630571417394094e-06, -4.063809683430009e-06, -2.373232973695849e-06], [1.623907701286953e-05, 3.443573586991988e-05, 1.3081498764222488e-05, -1.4429948350880295e-05, -8.038659871090204e-06, -4.788228579855058e-06], [6.852544629509794e-06, 1.3081498764222488e-05, 2.3905933630885556e-05, 3.7433594570757123e-06, -1.4535143009197782e-06, -6.586753329429484e-07], [-7.630571417394094e-06, -1.4429948350880295e-05, 3.7433594570757123e-06, 2.3995069568627514e-05, 8.299552064272575e-06, 5.260704256215831e-06], [-4.063809683430009e-06, -8.038659871090204e-06, -1.4535143009197782e-06, 8.299552064272575e-06, 8.758571311773267e-06, 3.2279913284583017e-06], [-2.373232973695849e-06, -4.788228579855058e-06, -6.586753329429484e-07, 5.260704256215831e-06, 3.2279913284583017e-06, 9.520636012894101e-06]]</COVARIANCE_MATRIX>
		<ROI_SIZE>36112</ROI_SIZE>
		<MAX_VALUE>[0.12071657925844193, 0.12948785722255707, 0.10700220614671707, 0.08400401473045349, 0.05065055936574936, 0.03910325840115547]</MAX_VALUE>
		<MIN_VALUE>[0.0923999696969986, 0.08159535378217697, 0.0722605511546135, 0.02478034980595112, 0.0, 0.0]</MIN_VALUE>
		<SIGNATURE_THRESHOLD_MD>0.0</SIGNATURE_THRESHOLD_MD>
		<SIGNATURE_THRESHOLD_ML>0.0</SIGNATURE_THRESHOLD_ML>
		<SIGNATURE_THRESHOLD_SAM>0.0</SIGNATURE_THRESHOLD_SAM>
	</signature>
	<signature ID="20211217_152925953077_529">
		<MACROCLASSID>1</MACROCLASSID>
		<MACROCLASSINFO>waterbody</MACROCLASSINFO>
		<CLASSID>3</CLASSID>
		<CLASSINFO>C 1</CLASSINFO>
		<VALUES>[0.11191097187254279, 0.005423072833767352, 0.11854176294600749, 0.00839405601547824, 0.09104638957995145, 0.008833235306776014, 0.03333789128397482, 0.004780372694319092, 0.006684474927521497, 0.0028601093696107435, 0.0049860479226225525, 0.003046280620140043]</VALUES>
		<LCS_MIN>[0.08610741049051285, 0.07475357502698898, 0.059627220034599304, 0.02478034980595112, 0.0, 0.0]</LCS_MIN>
		<LCS_MAX>[0.1254359930753708, 0.13975052535533905, 0.10700220614671707, 0.07610752433538437, 0.04556659981608391, 0.03910325840115547]</LCS_MAX>
		<WAVELENGTH>[0.485, 0.56, 0.66, 0.83, 1.65, 2.215]</WAVELENGTH>
		<MEAN_VALUE>[0.11191097187254279, 0.11854176294600749, 0.09104638957995145, 0.03333789128397482, 0.006684474927521497, 0.0049860479226225525]</MEAN_VALUE>
		<CHECKBOX>2</CHECKBOX>
		<SD>[0.005423072833767352, 0.00839405601547824, 0.008833235306776014, 0.004780372694319092, 0.0028601093696107435, 0.003046280620140043]</SD>
		<WAVELENGTH_UNIT>E-6m</WAVELENGTH_UNIT>
		<COLOR>#cadf7b</COLOR>
		<COVARIANCE_MATRIX>[[2.5255112632294185e-05, 3.580938937375322e-05, 3.217875928385183e-05, -5.925507593929069e-06, -4.025678663310828e-06, -2.3364261778624495e-06], [3.580938937375322e-05, 6.195350579218939e-05, 4.963955143466592e-05, -1.1066711522289552e-05, -7.4609797593439e-06, -4.417833679326577e-06], [3.217875928385183e-05, 4.963955143466592e-05, 6.813911750214174e-05, 5.2780101214011665e-06, -2.263482201669831e-06, -1.3381030612436007e-06], [-5.925507593929069e-06, -1.1066711522289552e-05, 5.2780101214011665e-06, 2.0599763956852257e-05, 6.8187282522558235e-06, 4.286511739337584e-06], [-4.025678663310828e-06, -7.4609797593439e-06, -2.263482201669831e-06, 6.8187282522558235e-06, 7.470246600860264e-06, 2.5302729227405507e-06], [-2.3364261778624495e-06, -4.417833679326577e-06, -1.3381030612436007e-06, 4.286511739337584e-06, 2.5302729227405507e-06, 9.085059900826309e-06]]</COVARIANCE_MATRIX>
		<ROI_SIZE>57237</ROI_SIZE>
		<MAX_VALUE>[0.1254359930753708, 0.13975052535533905, 0.10700220614671707, 0.07610752433538437, 0.04556659981608391, 0.03910325840115547]</MAX_VALUE>
		<MIN_VALUE>[0.08610741049051285, 0.07475357502698898, 0.059627220034599304, 0.02478034980595112, 0.0, 0.0]</MIN_VALUE>
		<SIGNATURE_THRESHOLD_MD>0.0</SIGNATURE_THRESHOLD_MD>
		<SIGNATURE_THRESHOLD_ML>0.0</SIGNATURE_THRESHOLD_ML>
		<SIGNATURE_THRESHOLD_SAM>0.0</SIGNATURE_THRESHOLD_SAM>
	</signature>
	<signature ID="20211217_152940297500_701">
		<MACROCLASSID>1</MACROCLASSID>
		<MACROCLASSINFO>waterbody</MACROCLASSINFO>
		<CLASSID>4</CLASSID>
		<CLASSINFO>C 1</CLASSINFO>
		<VALUES>[0.11898719000951317, 0.003268067276040726, 0.12849318363755233, 0.004782395954423719, 0.10381625676524274, 0.0033280825507779883, 0.03542504600941309, 0.003637267104061207, 0.006911543008362693, 0.0028472629464492837, 0.005140260010230237, 0.003083721439646198]</VALUES>
		<LCS_MIN>[0.09711941331624985, 0.07817445695400238, 0.0722605511546135, 0.02872859500348568, 0.0, 0.0]</LCS_MIN>
		<LCS_MAX>[0.12858229875564575, 0.13975052535533905, 0.11647720634937286, 0.08400401473045349, 0.05827649310231209, 0.05005478858947754]</LCS_MAX>
		<WAVELENGTH>[0.485, 0.56, 0.66, 0.83, 1.65, 2.215]</WAVELENGTH>
		<MEAN_VALUE>[0.11898719000951317, 0.12849318363755233, 0.10381625676524274, 0.03542504600941309, 0.006911543008362693, 0.005140260010230237]</MEAN_VALUE>
		<CHECKBOX>2</CHECKBOX>
		<SD>[0.003268067276040726, 0.004782395954423719, 0.0033280825507779883, 0.003637267104061207, 0.0028472629464492837, 0.003083721439646198]</SD>
		<WAVELENGTH_UNIT>E-6m</WAVELENGTH_UNIT>
		<COLOR>#563c9e</COLOR>
		<COVARIANCE_MATRIX>[[1.0422830200695898e-05, 1.1697002264554612e-05, 3.549957455106778e-06, -6.224813660082873e-06, -3.7886047721258365e-06, -2.3537236302217934e-06], [1.1697002264554612e-05, 2.2948894184082747e-05, 5.757236067438498e-06, -1.0952870979963336e-05, -7.0500873334822245e-06, -4.49309573014034e-06], [3.549957455106778e-06, 5.757236067438498e-06, 1.0351853234169539e-05, -2.710589228627214e-07, -1.799078972908319e-06, -1.2949624306202168e-06], [-6.224813660082873e-06, -1.0952870979963336e-05, -2.710589228627214e-07, 1.5236569197440986e-05, 6.976190888963174e-06, 4.593968697008677e-06], [-3.7886047721258365e-06, -7.0500873334822245e-06, -1.799078972908319e-06, 6.976190888963174e-06, 9.582649909134489e-06, 3.934677806682885e-06], [-2.3537236302217934e-06, -4.49309573014034e-06, -1.2949624306202168e-06, 4.593968697008677e-06, 3.934677806682885e-06, 1.0333020327379927e-05]]</COVARIANCE_MATRIX>
		<ROI_SIZE>45342</ROI_SIZE>
		<MAX_VALUE>[0.12858229875564575, 0.13975052535533905, 0.11647720634937286, 0.08400401473045349, 0.05827649310231209, 0.05005478858947754]</MAX_VALUE>
		<MIN_VALUE>[0.09711941331624985, 0.07817445695400238, 0.0722605511546135, 0.02872859500348568, 0.0, 0.0]</MIN_VALUE>
		<SIGNATURE_THRESHOLD_MD>0.0</SIGNATURE_THRESHOLD_MD>
		<SIGNATURE_THRESHOLD_ML>0.0</SIGNATURE_THRESHOLD_ML>
		<SIGNATURE_THRESHOLD_SAM>0.0</SIGNATURE_THRESHOLD_SAM>
	</signature>
	<signature ID="20211217_152951085751_798">
		<MACROCLASSID>1</MACROCLASSID>
		<MACROCLASSINFO>waterbody</MACROCLASSINFO>
		<CLASSID>5</CLASSID>
		<CLASSINFO>C 1</CLASSINFO>
		<VALUES>[0.11117139880140968, 0.0027973196420800392, 0.15572041211572843, 0.005893073504588844, 0.19360933097566616, 0.009812786019572979, 0.09717306516160061, 0.008763228474891019, 0.011964107704207815, 0.007631065897260603, 0.007407617780003459, 0.004929371321801019]</VALUES>
		<LCS_MIN>[0.09711941331624985, 0.12264606356620789, 0.14806054532527924, 0.07215927541255951, 0.0023529420141130686, 0.0]</LCS_MIN>
		<LCS_MAX>[0.11757028847932816, 0.1636967808008194, 0.2080688774585724, 0.143227681517601, 0.053192537277936935, 0.03910325840115547]</LCS_MAX>
		<WAVELENGTH>[0.485, 0.56, 0.66, 0.83, 1.65, 2.215]</WAVELENGTH>
		<MEAN_VALUE>[0.11117139880140968, 0.15572041211572843, 0.19360933097566616, 0.09717306516160061, 0.011964107704207815, 0.007407617780003459]</MEAN_VALUE>
		<CHECKBOX>2</CHECKBOX>
		<SD>[0.0027973196420800392, 0.005893073504588844, 0.009812786019572979, 0.008763228474891019, 0.007631065897260603, 0.004929371321801019]</SD>
		<WAVELENGTH_UNIT>E-6m</WAVELENGTH_UNIT>
		<COLOR>#12c2c9</COLOR>
		<COVARIANCE_MATRIX>[[7.834803000150714e-06, 1.2099008017685264e-05, 1.8901384464697912e-05, -1.3557831152866129e-05, -1.1835493751277681e-05, -5.921663614572026e-06], [1.2099008017685264e-05, 3.4771834179991856e-05, 5.1770988648058847e-05, -3.3395881473552436e-05, -3.044679579033982e-05, -1.6527648767805658e-05], [1.8901384464697912e-05, 5.1770988648058847e-05, 9.641143697081134e-05, -5.319285992300138e-05, -4.9933041736949235e-05, -2.8229251256561838e-05], [-1.3557831152866129e-05, -3.3395881473552436e-05, -5.319285992300138e-05, 7.689040648983791e-05, 5.510813934961334e-05, 2.8669139283010736e-05], [-1.1835493751277681e-05, -3.044679579033982e-05, -4.9933041736949235e-05, 5.510813934961334e-05, 5.830614099977538e-05, 2.9137312594684772e-05], [-5.921663614572026e-06, -1.6527648767805658e-05, -2.8229251256561838e-05, 2.8669139283010736e-05, 2.9137312594684772e-05, 2.4329150619450957e-05]]</COVARIANCE_MATRIX>
		<ROI_SIZE>799</ROI_SIZE>
		<MAX_VALUE>[0.11757028847932816, 0.1636967808008194, 0.2080688774585724, 0.143227681517601, 0.053192537277936935, 0.03910325840115547]</MAX_VALUE>
		<MIN_VALUE>[0.09711941331624985, 0.12264606356620789, 0.14806054532527924, 0.07215927541255951, 0.0023529420141130686, 0.0]</MIN_VALUE>
		<SIGNATURE_THRESHOLD_MD>0.0</SIGNATURE_THRESHOLD_MD>
		<SIGNATURE_THRESHOLD_ML>0.0</SIGNATURE_THRESHOLD_ML>
		<SIGNATURE_THRESHOLD_SAM>0.0</SIGNATURE_THRESHOLD_SAM>
	</signature>
	<signature ID="20211217_153128083186_841">
		<MACROCLASSID>1</MACROCLASSID>
		<MACROCLASSINFO>waterbody</MACROCLASSINFO>
		<CLASSID>6</CLASSID>
		<CLASSINFO>C 1</CLASSINFO>
		<VALUES>[0.09239998459815979, 0.00634154810655553, 0.0803125211969018, 0.008011299255484628, 0.07699805032461883, 0.009861892137748502, 0.07561399228870869, 0.014565424316301444, 0.05827650101855397, 0.0151455928762431, 0.04594796244055033, 0.014765123233770204]</VALUES>
		<LCS_MIN>[0.08296111971139908, 0.0679117888212204, 0.0627855509519577, 0.04846981167793274, 0.030314721167087555, 0.02085069753229618]</LCS_MIN>
		<LCS_MAX>[0.1018388569355011, 0.09527892619371414, 0.09121055901050568, 0.09584874659776688, 0.07352837920188904, 0.06830734759569168]</LCS_MAX>
		<WAVELENGTH>[0.485, 0.56, 0.66, 0.83, 1.65, 2.215]</WAVELENGTH>
		<MEAN_VALUE>[0.09239998459815979, 0.0803125211969018, 0.07699805032461883, 0.07561399228870869, 0.05827650101855397, 0.04594796244055033]</MEAN_VALUE>
		<CHECKBOX>2</CHECKBOX>
		<SD>[0.00634154810655553, 0.008011299255484628, 0.009861892137748502, 0.014565424316301444, 0.0151455928762431, 0.014765123233770204]</SD>
		<WAVELENGTH_UNIT>E-6m</WAVELENGTH_UNIT>
		<COLOR>#1fd32b</COLOR>
		<COVARIANCE_MATRIX>[[4.5960267016198486e-05, 5.535316449822858e-05, 7.026900129858404e-05, 0.00010026586096500978, 0.00010454270523041487, 0.00010090888099512085], [5.535316449822858e-05, 7.334961992455646e-05, 8.720628102310002e-05, 0.0001227645989274606, 0.00012298398360144347, 0.00012421103019732982], [7.026900129858404e-05, 8.720628102310002e-05, 0.00011115075903944671, 0.00015765480929985642, 0.00016056839376688004, 0.0001507074775872752], [0.00010026586096500978, 0.0001227645989274606, 0.00015765480929985642, 0.00024245896202046424, 0.00021793234918732196, 0.00021593931887764484], [0.00010454270523041487, 0.00012298398360144347, 0.00016056839376688004, 0.00021793234918732196, 0.0002621588355395943, 0.00023994203365873545], [0.00010090888099512085, 0.00012421103019732982, 0.0001507074775872752, 0.00021593931887764484, 0.00023994203365873545, 0.00024915297399275005]]</COVARIANCE_MATRIX>
		<ROI_SIZE>8</ROI_SIZE>
		<MAX_VALUE>[0.1018388569355011, 0.09527892619371414, 0.09121055901050568, 0.09584874659776688, 0.07352837920188904, 0.06830734759569168]</MAX_VALUE>
		<MIN_VALUE>[0.08296111971139908, 0.0679117888212204, 0.0627855509519577, 0.04846981167793274, 0.030314721167087555, 0.02085069753229618]</MIN_VALUE>
		<SIGNATURE_THRESHOLD_MD>0.0</SIGNATURE_THRESHOLD_MD>
		<SIGNATURE_THRESHOLD_ML>0.0</SIGNATURE_THRESHOLD_ML>
		<SIGNATURE_THRESHOLD_SAM>0.0</SIGNATURE_THRESHOLD_SAM>
	</signature>
	<signature ID="20211217_153243863195_369">
		<MACROCLASSID>1</MACROCLASSID>
		<MACROCLASSINFO>waterbody</MACROCLASSINFO>
		<CLASSID>7</CLASSID>
		<CLASSINFO>C 1</CLASSINFO>
		<VALUES>[0.1046285557746887, 0.002773652050812202, 0.10622578173875809, 0.006954879620567608, 0.09045255084832511, 0.005921964193773224, 0.06452600921193756, 0.0201974545021087, 0.03014525530238946, 0.015938751935696736, 0.018417024953911707, 0.008968344689013395]</VALUES>
		<LCS_MIN>[0.09554627537727356, 0.08501625061035156, 0.07541888952255249, 0.03662508353590965, 0.009978882037103176, 0.0062486534006893635]</LCS_MIN>
		<LCS_MAX>[0.10970456898212433, 0.1158042848110199, 0.09752720594406128, 0.10769347846508026, 0.07607035338878632, 0.04640427604317665]</LCS_MAX>
		<WAVELENGTH>[0.485, 0.56, 0.66, 0.83, 1.65, 2.215]</WAVELENGTH>
		<MEAN_VALUE>[0.1046285557746887, 0.10622578173875809, 0.09045255084832511, 0.06452600921193756, 0.03014525530238946, 0.018417024953911707]</MEAN_VALUE>
		<CHECKBOX>2</CHECKBOX>
		<SD>[0.002773652050812202, 0.006954879620567608, 0.005921964193773224, 0.0201974545021087, 0.015938751935696736, 0.008968344689013395]</SD>
		<WAVELENGTH_UNIT>E-6m</WAVELENGTH_UNIT>
		<COLOR>#10296b</COLOR>
		<COVARIANCE_MATRIX>[[7.797107173246332e-06, 1.566467653901782e-05, 1.2281613635423128e-05, -3.9773749449523166e-05, -2.8107551770517603e-05, -1.5779691239004023e-05], [1.566467653901782e-05, 4.9024005420506e-05, 3.615065725171007e-05, -0.00010458424367243424, -7.203444693004712e-05, -4.2357962229289114e-05], [1.2281613635423128e-05, 3.615065725171007e-05, 3.554357317625545e-05, -8.776090544415638e-05, -6.077729267417453e-05, -3.536760777933523e-05], [-3.9773749449523166e-05, -0.00010458424367243424, -8.776090544415638e-05, 0.0004134498303756118, 0.0002882514090742916, 0.00015354505740106106], [-2.8107551770517603e-05, -7.203444693004712e-05, -6.077729267417453e-05, 0.0002882514090742916, 0.00025747684412635863, 0.00013563991524279118], [-1.5779691239004023e-05, -4.2357962229289114e-05, -3.536760777933523e-05, 0.00015354505740106106, 0.00013563991524279118, 8.151811198331416e-05]]</COVARIANCE_MATRIX>
		<ROI_SIZE>75</ROI_SIZE>
		<MAX_VALUE>[0.10970456898212433, 0.1158042848110199, 0.09752720594406128, 0.10769347846508026, 0.07607035338878632, 0.04640427604317665]</MAX_VALUE>
		<MIN_VALUE>[0.09554627537727356, 0.08501625061035156, 0.07541888952255249, 0.03662508353590965, 0.009978882037103176, 0.0062486534006893635]</MIN_VALUE>
		<SIGNATURE_THRESHOLD_MD>0.0</SIGNATURE_THRESHOLD_MD>
		<SIGNATURE_THRESHOLD_ML>0.0</SIGNATURE_THRESHOLD_ML>
		<SIGNATURE_THRESHOLD_SAM>0.0</SIGNATURE_THRESHOLD_SAM>
	</signature>
	<signature ID="20211217_153249965362_303">
		<MACROCLASSID>1</MACROCLASSID>
		<MACROCLASSINFO>waterbody</MACROCLASSINFO>
		<CLASSID>8</CLASSID>
		<CLASSINFO>C 1</CLASSINFO>
		<VALUES>[0.10683720516608959, 0.004843443491532467, 0.10709434932639413, 0.008214135241495881, 0.09242012637092711, 0.008143142448079087, 0.06037055333772447, 0.014145892274073129, 0.0289445753004534, 0.011970958996807706, 0.018391134795329896, 0.008936565432119683]</VALUES>
		<LCS_MIN>[0.09869256615638733, 0.08159535378217697, 0.07541888952255249, 0.040573325008153915, 0.015062842518091202, 0.0062486534006893635]</LCS_MIN>
		<LCS_MAX>[0.12858229875564575, 0.13632963597774506, 0.12279387563467026, 0.09190050512552261, 0.06590244174003601, 0.05005478858947754]</LCS_MAX>
		<WAVELENGTH>[0.485, 0.56, 0.66, 0.83, 1.65, 2.215]</WAVELENGTH>
		<MEAN_VALUE>[0.10683720516608959, 0.10709434932639413, 0.09242012637092711, 0.06037055333772447, 0.0289445753004534, 0.018391134795329896]</MEAN_VALUE>
		<CHECKBOX>2</CHECKBOX>
		<SD>[0.004843443491532467, 0.008214135241495881, 0.008143142448079087, 0.014145892274073129, 0.011970958996807706, 0.008936565432119683]</SD>
		<WAVELENGTH_UNIT>E-6m</WAVELENGTH_UNIT>
		<COLOR>#e1b26d</COLOR>
		<COVARIANCE_MATRIX>[[2.362650957365986e-05, 3.2660365832271054e-05, 3.280726741650142e-05, 2.8236836442374624e-06, -1.497060786448401e-08, 2.7829623832076322e-06], [3.2660365832271054e-05, 6.7953958932776e-05, 6.154518632683903e-05, -2.536406464059837e-05, -2.0404384486027993e-05, -1.1317649295961019e-05], [3.280726741650142e-05, 6.154518632683903e-05, 6.678441422991455e-05, -8.975287528301124e-06, -3.319962843306712e-06, 3.078629788433318e-06], [2.8236836442374624e-06, -2.536406464059837e-05, -8.975287528301124e-06, 0.00020153560035396367, 0.00013642836711369455, 9.639770723879337e-05], [-1.497060786448401e-08, -2.0404384486027993e-05, -3.319962843306712e-06, 0.00013642836711369455, 0.00014432745228987187, 9.75539514911361e-05], [2.7829623832076322e-06, -1.1317649295961019e-05, 3.078629788433318e-06, 9.639770723879337e-05, 9.75539514911361e-05, 8.04326482466422e-05]]</COVARIANCE_MATRIX>
		<ROI_SIZE>141</ROI_SIZE>
		<MAX_VALUE>[0.12858229875564575, 0.13632963597774506, 0.12279387563467026, 0.09190050512552261, 0.06590244174003601, 0.05005478858947754]</MAX_VALUE>
		<MIN_VALUE>[0.09869256615638733, 0.08159535378217697, 0.07541888952255249, 0.040573325008153915, 0.015062842518091202, 0.0062486534006893635]</MIN_VALUE>
		<SIGNATURE_THRESHOLD_MD>0.0</SIGNATURE_THRESHOLD_MD>
		<SIGNATURE_THRESHOLD_ML>0.0</SIGNATURE_THRESHOLD_ML>
		<SIGNATURE_THRESHOLD_SAM>0.0</SIGNATURE_THRESHOLD_SAM>
	</signature>
	<signature ID="20211217_153255830066_838">
		<MACROCLASSID>1</MACROCLASSID>
		<MACROCLASSINFO>waterbody</MACROCLASSINFO>
		<CLASSID>9</CLASSID>
		<CLASSINFO>C 1</CLASSINFO>
		<VALUES>[0.10745584018574171, 0.00450368423270021, 0.10913039286809464, 0.006954229185085794, 0.09512455843709, 0.007091079293252289, 0.06024188226077455, 0.01392294748442412, 0.03039269576683366, 0.011097833767300261, 0.02078351174749753, 0.00799042767921275]</VALUES>
		<LCS_MIN>[0.09869256615638733, 0.08843713998794556, 0.07541888952255249, 0.040573325008153915, 0.015062842518091202, 0.0062486534006893635]</LCS_MIN>
		<LCS_MAX>[0.12700913846492767, 0.13290874660015106, 0.12279387563467026, 0.09190050512552261, 0.06844442337751389, 0.05370529741048813]</LCS_MAX>
		<WAVELENGTH>[0.485, 0.56, 0.66, 0.83, 1.65, 2.215]</WAVELENGTH>
		<MEAN_VALUE>[0.10745584018574171, 0.10913039286809464, 0.09512455843709, 0.06024188226077455, 0.03039269576683366, 0.02078351174749753]</MEAN_VALUE>
		<CHECKBOX>2</CHECKBOX>
		<SD>[0.00450368423270021, 0.006954229185085794, 0.007091079293252289, 0.01392294748442412, 0.011097833767300261, 0.00799042767921275]</SD>
		<WAVELENGTH_UNIT>E-6m</WAVELENGTH_UNIT>
		<COLOR>#347c8d</COLOR>
		<COVARIANCE_MATRIX>[[2.0408377167768776e-05, 2.2969126803218387e-05, 2.42214446188882e-05, 4.743177669297438e-06, -5.649114427797031e-06, -1.6408745295848348e-06], [2.2969126803218387e-05, 4.865982919000089e-05, 4.362313848105259e-05, -2.9918830477981828e-05, -3.184423258062452e-05, -1.9876950318575837e-05], [2.42214446188882e-05, 4.362313848105259e-05, 5.059379691374488e-05, -8.719825018488336e-06, -1.9089591660303995e-05, -1.0766730156319682e-05], [4.743177669297438e-06, -2.9918830477981828e-05, -8.719825018488336e-06, 0.00019504506781231612, 0.000125955804833211, 8.229216473409906e-05], [-5.649114427797031e-06, -3.184423258062452e-05, -1.9089591660303995e-05, 0.000125955804833211, 0.00012392217468004674, 7.813658885424957e-05], [-1.6408745295848348e-06, -1.9876950318575837e-05, -1.0766730156319682e-05, 8.229216473409906e-05, 7.813658885424957e-05, 6.424105231417343e-05]]</COVARIANCE_MATRIX>
		<ROI_SIZE>163</ROI_SIZE>
		<MAX_VALUE>[0.12700913846492767, 0.13290874660015106, 0.12279387563467026, 0.09190050512552261, 0.06844442337751389, 0.05370529741048813]</MAX_VALUE>
		<MIN_VALUE>[0.09869256615638733, 0.08843713998794556, 0.07541888952255249, 0.040573325008153915, 0.015062842518091202, 0.0062486534006893635]</MIN_VALUE>
		<SIGNATURE_THRESHOLD_MD>0.0</SIGNATURE_THRESHOLD_MD>
		<SIGNATURE_THRESHOLD_ML>0.0</SIGNATURE_THRESHOLD_ML>
		<SIGNATURE_THRESHOLD_SAM>0.0</SIGNATURE_THRESHOLD_SAM>
	</signature>
	<signature ID="20211217_153325530205_748">
		<MACROCLASSID>1</MACROCLASSID>
		<MACROCLASSINFO>waterbody</MACROCLASSINFO>
		<CLASSID>10</CLASSID>
		<CLASSINFO>C 1</CLASSINFO>
		<VALUES>[0.1033975162709051, 0.003889646687620174, 0.10331697444334352, 0.00799386989898667, 0.08774219862431104, 0.0073193871753135485, 0.06719369868650758, 0.021521642594503055, 0.02972211208240203, 0.013594743132983065, 0.01677789623160601, 0.007853552146537119]</VALUES>
		<LCS_MIN>[0.09082683175802231, 0.07817445695400238, 0.0659438893198967, 0.03662508353590965, 0.007436901330947876, 0.0]</LCS_MIN>
		<LCS_MAX>[0.12071657925844193, 0.12264606356620789, 0.10700220614671707, 0.11164172738790512, 0.07861234247684479, 0.04640427604317665]</LCS_MAX>
		<WAVELENGTH>[0.485, 0.56, 0.66, 0.83, 1.65, 2.215]</WAVELENGTH>
		<MEAN_VALUE>[0.1033975162709051, 0.10331697444334352, 0.08774219862431104, 0.06719369868650758, 0.02972211208240203, 0.01677789623160601]</MEAN_VALUE>
		<CHECKBOX>2</CHECKBOX>
		<SD>[0.003889646687620174, 0.00799386989898667, 0.0073193871753135485, 0.021521642594503055, 0.013594743132983065, 0.007853552146537119]</SD>
		<WAVELENGTH_UNIT>E-6m</WAVELENGTH_UNIT>
		<COLOR>#b860e0</COLOR>
		<COVARIANCE_MATRIX>[[1.5175903172348626e-05, 2.1791962353745475e-05, 2.0588060579029843e-05, -4.525105396169238e-05, -2.4444932932965457e-05, -1.1168515811732505e-05], [2.1791962353745475e-05, 6.409857451217249e-05, 5.416089334175922e-05, -0.00011867556895595044, -6.912317621754482e-05, -3.58592405973468e-05], [2.0588060579029843e-05, 5.416089334175922e-05, 5.3738269343739375e-05, -0.00010049741831608117, -5.6012697314145043e-05, -2.834935366990976e-05], [-4.525105396169238e-05, -0.00011867556895595044, -0.00010049741831608117, 0.00046460627345368266, 0.00025898177409544587, 0.00013462078641168773], [-2.4444932932965457e-05, -6.912317621754482e-05, -5.6012697314145043e-05, 0.00025898177409544587, 0.0001853857102105394, 9.546814544592053e-05], [-1.1168515811732505e-05, -3.58592405973468e-05, -2.834935366990976e-05, 0.00013462078641168773, 9.546814544592053e-05, 6.186806422192603e-05]]</COVARIANCE_MATRIX>
		<ROI_SIZE>326</ROI_SIZE>
		<MAX_VALUE>[0.12071657925844193, 0.12264606356620789, 0.10700220614671707, 0.11164172738790512, 0.07861234247684479, 0.04640427604317665]</MAX_VALUE>
		<MIN_VALUE>[0.09082683175802231, 0.07817445695400238, 0.0659438893198967, 0.03662508353590965, 0.007436901330947876, 0.0]</MIN_VALUE>
		<SIGNATURE_THRESHOLD_MD>0.0</SIGNATURE_THRESHOLD_MD>
		<SIGNATURE_THRESHOLD_ML>0.0</SIGNATURE_THRESHOLD_ML>
		<SIGNATURE_THRESHOLD_SAM>0.0</SIGNATURE_THRESHOLD_SAM>
	</signature>
	<signature ID="20211217_153805748836_941">
		<MACROCLASSID>1</MACROCLASSID>
		<MACROCLASSINFO>waterbody</MACROCLASSINFO>
		<CLASSID>11</CLASSID>
		<CLASSINFO>C 1</CLASSINFO>
		<VALUES>[0.10377271463916561, 0.0027670855699555162, 0.10436499133041709, 0.006101343252120446, 0.08970179560647648, 0.0055291497197582735, 0.058906257959308136, 0.015520363068920058, 0.026849856232381928, 0.010670195154407782, 0.016177114802205066, 0.006755557918753829]</VALUES>
		<LCS_MIN>[0.09711941331624985, 0.08843713998794556, 0.0722605511546135, 0.03662508353590965, 0.007436901330947876, 0.0062486534006893635]</LCS_MIN>
		<LCS_MAX>[0.1128508597612381, 0.1158042848110199, 0.10068555176258087, 0.09190050512552261, 0.06336045265197754, 0.03910325840115547]</LCS_MAX>
		<WAVELENGTH>[0.485, 0.56, 0.66, 0.83, 1.65, 2.215]</WAVELENGTH>
		<MEAN_VALUE>[0.10377271463916561, 0.10436499133041709, 0.08970179560647648, 0.058906257959308136, 0.026849856232381928, 0.016177114802205066]</MEAN_VALUE>
		<CHECKBOX>2</CHECKBOX>
		<SD>[0.0027670855699555162, 0.006101343252120446, 0.0055291497197582735, 0.015520363068920058, 0.010670195154407782, 0.006755557918753829]</SD>
		<WAVELENGTH_UNIT>E-6m</WAVELENGTH_UNIT>
		<COLOR>#9461bb</COLOR>
		<COVARIANCE_MATRIX>[[7.705843927396927e-06, 1.1362737495801412e-05, 9.592963579052594e-06, -2.1944444597465917e-05, -1.3917445357947145e-05, -6.733433110639453e-06], [1.1362737495801412e-05, 3.746501897694543e-05, 2.8410084269125946e-05, -6.461147131631151e-05, -4.05028295062948e-05, -2.130435677827336e-05], [9.592963579052594e-06, 2.8410084269125946e-05, 3.076746725128032e-05, -5.7693279813975096e-05, -3.480162558844313e-05, -1.7591337382327765e-05], [-2.1944444597465917e-05, -6.461147131631151e-05, -5.7693279813975096e-05, 0.00024242578365374357, 0.00013791427772957832, 7.87459866842255e-05], [-1.3917445357947145e-05, -4.05028295062948e-05, -3.480162558844313e-05, 0.00013791427772957832, 0.00011458289372967556, 6.222191586857662e-05], [-6.733433110639453e-06, -2.130435677827336e-05, -1.7591337382327765e-05, 7.87459866842255e-05, 6.222191586857662e-05, 4.59301118098665e-05]]</COVARIANCE_MATRIX>
		<ROI_SIZE>157</ROI_SIZE>
		<MAX_VALUE>[0.1128508597612381, 0.1158042848110199, 0.10068555176258087, 0.09190050512552261, 0.06336045265197754, 0.03910325840115547]</MAX_VALUE>
		<MIN_VALUE>[0.09711941331624985, 0.08843713998794556, 0.0722605511546135, 0.03662508353590965, 0.007436901330947876, 0.0062486534006893635]</MIN_VALUE>
		<SIGNATURE_THRESHOLD_MD>0.0</SIGNATURE_THRESHOLD_MD>
		<SIGNATURE_THRESHOLD_ML>0.0</SIGNATURE_THRESHOLD_ML>
		<SIGNATURE_THRESHOLD_SAM>0.0</SIGNATURE_THRESHOLD_SAM>
	</signature>
	<signature ID="20211217_153816343154_179">
		<MACROCLASSID>1</MACROCLASSID>
		<MACROCLASSINFO>waterbody</MACROCLASSINFO>
		<CLASSID>12</CLASSID>
		<CLASSINFO>C 1</CLASSINFO>
		<VALUES>[0.09969709750758599, 0.00853503138749722, 0.09400124390082185, 0.014732592958603857, 0.08223023099533049, 0.014464845305444434, 0.07268254315278615, 0.01716925585365375, 0.03959447850125381, 0.013516907444627062, 0.024589173832392116, 0.007993369379722094]</VALUES>
		<LCS_MIN>[0.0813879668712616, 0.06449088454246521, 0.050152216106653214, 0.03662508353590965, 0.015062842518091202, 0.009899166412651539]</LCS_MIN>
		<LCS_MAX>[0.1254359930753708, 0.13290874660015106, 0.12279387563467026, 0.09979699552059174, 0.07098639756441116, 0.04640427604317665]</LCS_MAX>
		<WAVELENGTH>[0.485, 0.56, 0.66, 0.83, 1.65, 2.215]</WAVELENGTH>
		<MEAN_VALUE>[0.09969709750758599, 0.09400124390082185, 0.08223023099533049, 0.07268254315278615, 0.03959447850125381, 0.024589173832392116]</MEAN_VALUE>
		<CHECKBOX>2</CHECKBOX>
		<SD>[0.00853503138749722, 0.014732592958603857, 0.014464845305444434, 0.01716925585365375, 0.013516907444627062, 0.007993369379722094]</SD>
		<WAVELENGTH_UNIT>E-6m</WAVELENGTH_UNIT>
		<COLOR>#53158e</COLOR>
		<COVARIANCE_MATRIX>[[7.373513653874397e-05, 0.00011870896560139954, 0.00011449993326095864, -7.4248887358407956e-06, -5.6934670283226296e-05, -2.565180511737708e-05], [0.00011870896560139954, 0.00021969624503981322, 0.00021092870156280696, -3.934869891963899e-05, -0.00010316566476831213, -4.679241101257503e-05], [0.00011449993326095864, 0.00021092870156280696, 0.00021178335009608418, -3.234912219340913e-05, -9.119675814872608e-05, -4.236586028127931e-05], [-7.4248887358407956e-06, -3.934869891963899e-05, -3.234912219340913e-05, 0.0002983782615046948, 0.00018149202514905483, 0.0001004936420940794], [-5.6934670283226296e-05, -0.00010316566476831213, -9.119675814872608e-05, 0.00018149202514905483, 0.00018493492098059505, 9.366649464936927e-05], [-2.565180511737708e-05, -4.679241101257503e-05, -4.236586028127931e-05, 0.0001004936420940794, 9.366649464936927e-05, 6.467314960900694e-05]]</COVARIANCE_MATRIX>
		<ROI_SIZE>83</ROI_SIZE>
		<MAX_VALUE>[0.1254359930753708, 0.13290874660015106, 0.12279387563467026, 0.09979699552059174, 0.07098639756441116, 0.04640427604317665]</MAX_VALUE>
		<MIN_VALUE>[0.0813879668712616, 0.06449088454246521, 0.050152216106653214, 0.03662508353590965, 0.015062842518091202, 0.009899166412651539]</MIN_VALUE>
		<SIGNATURE_THRESHOLD_MD>0.0</SIGNATURE_THRESHOLD_MD>
		<SIGNATURE_THRESHOLD_ML>0.0</SIGNATURE_THRESHOLD_ML>
		<SIGNATURE_THRESHOLD_SAM>0.0</SIGNATURE_THRESHOLD_SAM>
	</signature>
	<signature ID="20211217_153827838192_103">
		<MACROCLASSID>1</MACROCLASSID>
		<MACROCLASSINFO>waterbody</MACROCLASSINFO>
		<CLASSID>13</CLASSID>
		<CLASSINFO>C 1</CLASSINFO>
		<VALUES>[0.10263388019095183, 0.0026112965057151914, 0.10239659169668788, 0.005065256387423992, 0.09063322413512452, 0.0055761565114973355, 0.06844453605753122, 0.021415807279674966, 0.03712066700581903, 0.01697109267673626, 0.02416756126518932, 0.010563400216999117]</VALUES>
		<LCS_MIN>[0.09397312253713608, 0.08501625061035156, 0.0691022127866745, 0.03662508353590965, 0.012520862743258476, 0.0062486534006893635]</LCS_MIN>
		<LCS_MAX>[0.10813141614198685, 0.1123833879828453, 0.10068555176258087, 0.11164172738790512, 0.08878026157617569, 0.05735580623149872]</LCS_MAX>
		<WAVELENGTH>[0.485, 0.56, 0.66, 0.83, 1.65, 2.215]</WAVELENGTH>
		<MEAN_VALUE>[0.10263388019095183, 0.10239659169668788, 0.09063322413512452, 0.06844453605753122, 0.03712066700581903, 0.02416756126518932]</MEAN_VALUE>
		<CHECKBOX>2</CHECKBOX>
		<SD>[0.0026112965057151914, 0.005065256387423992, 0.0055761565114973355, 0.021415807279674966, 0.01697109267673626, 0.010563400216999117]</SD>
		<WAVELENGTH_UNIT>E-6m</WAVELENGTH_UNIT>
		<COLOR>#5e4613</COLOR>
		<COVARIANCE_MATRIX>[[6.85572831571335e-06, 8.040897228056565e-06, 9.565933396515902e-06, -2.644134292495437e-05, -1.4064824426895939e-05, -6.190048225107603e-06], [8.040897228056565e-06, 2.5795507099246606e-05, 2.188558028137777e-05, -7.234290387714282e-05, -4.0337479731533676e-05, -1.9078235709457658e-05], [9.565933396515902e-06, 2.188558028137777e-05, 3.1261595722753555e-05, -5.776511534349993e-05, -2.2261190679273568e-05, -5.615660029434366e-06], [-2.644134292495437e-05, -7.234290387714282e-05, -5.776511534349993e-05, 0.0004611159092746675, 0.0003041585150640458, 0.00016991929442156106], [-1.4064824426895939e-05, -4.0337479731533676e-05, -2.2261190679273568e-05, 0.0003041585150640458, 0.00028957484755665064, 0.00016374682309105992], [-6.190048225107603e-06, -1.9078235709457658e-05, -5.615660029434366e-06, 0.00016991929442156106, 0.00016374682309105992, 0.00011218858708161861]]</COVARIANCE_MATRIX>
		<ROI_SIZE>186</ROI_SIZE>
		<MAX_VALUE>[0.10813141614198685, 0.1123833879828453, 0.10068555176258087, 0.11164172738790512, 0.08878026157617569, 0.05735580623149872]</MAX_VALUE>
		<MIN_VALUE>[0.09397312253713608, 0.08501625061035156, 0.0691022127866745, 0.03662508353590965, 0.012520862743258476, 0.0062486534006893635]</MIN_VALUE>
		<SIGNATURE_THRESHOLD_MD>0.0</SIGNATURE_THRESHOLD_MD>
		<SIGNATURE_THRESHOLD_ML>0.0</SIGNATURE_THRESHOLD_ML>
		<SIGNATURE_THRESHOLD_SAM>0.0</SIGNATURE_THRESHOLD_SAM>
	</signature>
	<signature ID="20211217_153902585734_151">
		<MACROCLASSID>1</MACROCLASSID>
		<MACROCLASSINFO>waterbody</MACROCLASSINFO>
		<CLASSID>14</CLASSID>
		<CLASSINFO>C 1</CLASSINFO>
		<VALUES>[0.10193595777691146, 0.003550901123345258, 0.09886875325514949, 0.005479265596824394, 0.09027474916275635, 0.006812743902263167, 0.07869094527430003, 0.018290537337267695, 0.049960145128913884, 0.01597241148362818, 0.03590342393259944, 0.011420458545186246]</VALUES>
		<LCS_MIN>[0.0923999696969986, 0.07817445695400238, 0.0627855509519577, 0.044521573930978775, 0.015062842518091202, 0.01720018871128559]</LCS_MIN>
		<LCS_MAX>[0.11127772927284241, 0.10896249115467072, 0.10384387522935867, 0.11164172738790512, 0.08369629830121994, 0.06465683877468109]</LCS_MAX>
		<WAVELENGTH>[0.485, 0.56, 0.66, 0.83, 1.65, 2.215]</WAVELENGTH>
		<MEAN_VALUE>[0.10193595777691146, 0.09886875325514949, 0.09027474916275635, 0.07869094527430003, 0.049960145128913884, 0.03590342393259944]</MEAN_VALUE>
		<CHECKBOX>2</CHECKBOX>
		<SD>[0.003550901123345258, 0.005479265596824394, 0.006812743902263167, 0.018290537337267695, 0.01597241148362818, 0.011420458545186246]</SD>
		<WAVELENGTH_UNIT>E-6m</WAVELENGTH_UNIT>
		<COLOR>#94a688</COLOR>
		<COVARIANCE_MATRIX>[[1.2766509826178662e-05, 1.5119021554710343e-05, 1.996605897147674e-05, -2.76607352134306e-05, -1.7227364878635854e-05, -3.7771271763631376e-06], [1.5119021554710343e-05, 3.039763032575138e-05, 3.1897754524834454e-05, -4.923418600810692e-05, -3.2817402825457975e-05, -1.1316289601381868e-05], [1.996605897147674e-05, 3.1897754524834454e-05, 4.6993649448268116e-05, -3.4805962059181184e-05, -1.5607107343384996e-05, 5.903540113649797e-06], [-2.76607352134306e-05, -4.923418600810692e-05, -3.4805962059181184e-05, 0.0003387255419511348, 0.0002584857284091413, 0.00016078846238087863], [-1.7227364878635854e-05, -3.2817402825457975e-05, -1.5607107343384996e-05, 0.0002584857284091413, 0.00025830691447481513, 0.00016885442892089486], [-3.7771271763631376e-06, -1.1316289601381868e-05, 5.903540113649797e-06, 0.00016078846238087863, 0.00016885442892089486, 0.0001320572046097368]]</COVARIANCE_MATRIX>
		<ROI_SIZE>81</ROI_SIZE>
		<MAX_VALUE>[0.11127772927284241, 0.10896249115467072, 0.10384387522935867, 0.11164172738790512, 0.08369629830121994, 0.06465683877468109]</MAX_VALUE>
		<MIN_VALUE>[0.0923999696969986, 0.07817445695400238, 0.0627855509519577, 0.044521573930978775, 0.015062842518091202, 0.01720018871128559]</MIN_VALUE>
		<SIGNATURE_THRESHOLD_MD>0.0</SIGNATURE_THRESHOLD_MD>
		<SIGNATURE_THRESHOLD_ML>0.0</SIGNATURE_THRESHOLD_ML>
		<SIGNATURE_THRESHOLD_SAM>0.0</SIGNATURE_THRESHOLD_SAM>
	</signature>
	<signature ID="20211217_154140434614_523">
		<MACROCLASSID>1</MACROCLASSID>
		<MACROCLASSINFO>waterbody</MACROCLASSINFO>
		<CLASSID>15</CLASSID>
		<CLASSINFO>C 1</CLASSINFO>
		<VALUES>[0.1013527670770549, 0.004361163925952813, 0.09706624764739795, 0.0064173965754105635, 0.08876195579264935, 0.007819203868298413, 0.08422582619561911, 0.019762144998871085, 0.05330678603999068, 0.018521227105459632, 0.0363346087285893, 0.014113492229498393]</VALUES>
		<LCS_MIN>[0.08768054842948914, 0.07133268564939499, 0.0627855509519577, 0.04846981167793274, 0.020146800205111504, 0.009899166412651539]</LCS_MIN>
		<LCS_MAX>[0.11599714308977127, 0.11922517418861389, 0.11331888288259506, 0.11953822523355484, 0.09894818067550659, 0.07925888150930405]</LCS_MAX>
		<WAVELENGTH>[0.485, 0.56, 0.66, 0.83, 1.65, 2.215]</WAVELENGTH>
		<MEAN_VALUE>[0.1013527670770549, 0.09706624764739795, 0.08876195579264935, 0.08422582619561911, 0.05330678603999068, 0.0363346087285893]</MEAN_VALUE>
		<CHECKBOX>2</CHECKBOX>
		<SD>[0.004361163925952813, 0.0064173965754105635, 0.007819203868298413, 0.019762144998871085, 0.018521227105459632, 0.014113492229498393]</SD>
		<WAVELENGTH_UNIT>E-6m</WAVELENGTH_UNIT>
		<COLOR>#9bd3cc</COLOR>
		<COVARIANCE_MATRIX>[[2.3096394215826876e-05, 2.9449161957018077e-05, 3.679698420455679e-05, -2.16193529922748e-05, 3.8201583265617955e-06, 1.9139306459692307e-05], [2.9449161957018077e-05, 5.195531412027776e-05, 5.458858504425734e-05, -4.940535291098058e-05, -1.8152069969801232e-05, 9.055744158104062e-06], [3.679698420455679e-05, 5.458858504425734e-05, 7.479341002181172e-05, -3.09493625536561e-05, 1.944243922480382e-05, 4.6087759983493015e-05], [-2.16193529922748e-05, -4.940535291098058e-05, -3.09493625536561e-05, 0.00042207096703350544, 0.00032077543437480927, 0.0001993350451812148], [3.8201583265617955e-06, -1.8152069969801232e-05, 1.944243922480382e-05, 0.00032077543437480927, 0.0003736924845725298, 0.00026291829999536276], [1.9139306459692307e-05, 9.055744158104062e-06, 4.6087759983493015e-05, 0.0001993350451812148, 0.00026291829999536276, 0.0002306078386027366]]</COVARIANCE_MATRIX>
		<ROI_SIZE>327</ROI_SIZE>
		<MAX_VALUE>[0.11599714308977127, 0.11922517418861389, 0.11331888288259506, 0.11953822523355484, 0.09894818067550659, 0.07925888150930405]</MAX_VALUE>
		<MIN_VALUE>[0.08768054842948914, 0.07133268564939499, 0.0627855509519577, 0.04846981167793274, 0.020146800205111504, 0.009899166412651539]</MIN_VALUE>
		<SIGNATURE_THRESHOLD_MD>0.0</SIGNATURE_THRESHOLD_MD>
		<SIGNATURE_THRESHOLD_ML>0.0</SIGNATURE_THRESHOLD_ML>
		<SIGNATURE_THRESHOLD_SAM>0.0</SIGNATURE_THRESHOLD_SAM>
	</signature>
	<signature ID="20211217_154200934170_758">
		<MACROCLASSID>1</MACROCLASSID>
		<MACROCLASSINFO>waterbody</MACROCLASSINFO>
		<CLASSID>16</CLASSID>
		<CLASSINFO>C 1</CLASSINFO>
		<VALUES>[0.09770718568956457, 0.0021330070219206907, 0.09189562401273746, 0.003495067371636689, 0.08322794899180692, 0.004523635183079923, 0.054327101334110735, 0.011385508874468138, 0.02875042526604055, 0.011088363871709405, 0.021693124492130764, 0.009950748023310597]</VALUES>
		<LCS_MIN>[0.0923999696969986, 0.08159535378217697, 0.0722605511546135, 0.03662508353590965, 0.012520862743258476, 0.0062486534006893635]</LCS_MIN>
