<?xml version="1.0" ?>
<signaturelist MCID_LIST="[['1', 'waterbody', '#0000ff'], ['2', 'vegetation', '#00ff00'], ['3', 'bareland', '#ffaa00'], ['4', 'built-up', '#ff0000']]">
	<signature ID="20210203_132016882111_730">
		<MACROCLASSID>1</MACROCLASSID>
		<MACROCLASSINFO>waterbody</MACROCLASSINFO>
		<CLASSID>1</CLASSID>
		<CLASSINFO>C 1</CLASSINFO>
		<VALUES>[0.10487753860652446, 0.0015467342440770202, 0.11913947518914939, 0.004262558782531821, 0.12004210185259581, 0.006143700472865024, 0.15325468126684427, 0.020531442901293193, 0.06919466275721789, 0.014483577816664202, 0.039630984608083966, 0.008071874890330705]</VALUES>
		<LCS_MIN>[0.10164142400026321, 0.11046746373176575, 0.10731058567762375, 0.11248087137937546, 0.04209834709763527, 0.023398377001285553]</LCS_MIN>
		<LCS_MAX>[0.10817903280258179, 0.1275271773338318, 0.1335611492395401, 0.1879575103521347, 0.0949176773428917, 0.0567738339304924]</LCS_MAX>
		<WAVELENGTH>[0.485, 0.56, 0.66, 0.83, 1.65, 2.215]</WAVELENGTH>
		<MEAN_VALUE>[0.10487753860652446, 0.11913947518914939, 0.12004210185259581, 0.15325468126684427, 0.06919466275721789, 0.039630984608083966]</MEAN_VALUE>
		<CHECKBOX>2</CHECKBOX>
		<SD>[0.0015467342440770202, 0.004262558782531821, 0.006143700472865024, 0.020531442901293193, 0.014483577816664202, 0.008071874890330705]</SD>
		<WAVELENGTH_UNIT>E-6m</WAVELENGTH_UNIT>
		<COLOR>#3b2acd</COLOR>
		<COVARIANCE_MATRIX>[[2.4537300760130165e-06, 3.817749075096799e-06, 5.443313057185151e-06, -1.4970889424148481e-05, -7.981127964740153e-06, -3.829862180282362e-06], [3.817749075096799e-06, 1.86352899618214e-05, 2.3405684260069393e-05, -6.408148328773677e-05, -2.5053201170521788e-05, -8.339349733432755e-06], [5.443313057185151e-06, 2.3405684260069393e-05, 3.871287844958715e-05, -0.00010214657959295437, -3.627041223808192e-05, -1.1007724424416665e-05], [-1.4970889424148481e-05, -6.408148328773677e-05, -0.00010214657959295437, 0.0004323488683439791, 0.000158749520778656, 6.205120735103264e-05], [-7.981127964740153e-06, -2.5053201170521788e-05, -3.627041223808192e-05, 0.000158749520778656, 0.00021515284606721252, 0.00011283183994237334], [-3.829862180282362e-06, -8.339349733432755e-06, -1.1007724424416665e-05, 6.205120735103264e-05, 0.00011283183994237334, 6.682580715278164e-05]]</COVARIANCE_MATRIX>
		<ROI_SIZE>40</ROI_SIZE>
		<MAX_VALUE>[0.10817903280258179, 0.1275271773338318, 0.1335611492395401, 0.1879575103521347, 0.0949176773428917, 0.0567738339304924]</MAX_VALUE>
		<MIN_VALUE>[0.10164142400026321, 0.11046746373176575, 0.10731058567762375, 0.11248087137937546, 0.04209834709763527, 0.023398377001285553]</MIN_VALUE>
		<SIGNATURE_THRESHOLD_MD>0.0</SIGNATURE_THRESHOLD_MD>
		<SIGNATURE_THRESHOLD_ML>0.0</SIGNATURE_THRESHOLD_ML>
		<SIGNATURE_THRESHOLD_SAM>0.0</SIGNATURE_THRESHOLD_SAM>
	</signature>
	<signature ID="20210203_132024979314_742">
		<MACROCLASSID>1</MACROCLASSID>
		<MACROCLASSINFO>waterbody</MACROCLASSINFO>
		<CLASSID>2</CLASSID>
		<CLASSINFO>C 1</CLASSINFO>
		<VALUES>[0.10724156546705173, 0.0027400636191040407, 0.12720528259029923, 0.006166821254612563, 0.12682515424939825, 0.00811919568001836, 0.11929173106854819, 0.0165847079472553, 0.047639392913793606, 0.014442088545865449, 0.02860792534742153, 0.011764103955632876]</VALUES>
		<LCS_MIN>[0.09902637451887131, 0.10762418061494827, 0.09681034088134766, 0.08622812479734421, 0.02097061276435852, 0.008227718994021416]</LCS_MIN>
		<LCS_MAX>[0.11210160702466965, 0.13605700433254242, 0.13618621230125427, 0.15185999870300293, 0.07590272277593613, 0.05980795621871948]</LCS_MAX>
		<WAVELENGTH>[0.485, 0.56, 0.66, 0.83, 1.65, 2.215]</WAVELENGTH>
		<MEAN_VALUE>[0.10724156546705173, 0.12720528259029923, 0.12682515424939825, 0.11929173106854819, 0.047639392913793606, 0.02860792534742153]</MEAN_VALUE>
		<CHECKBOX>2</CHECKBOX>
		<SD>[0.0027400636191040407, 0.006166821254612563, 0.00811919568001836, 0.0165847079472553, 0.014442088545865449, 0.011764103955632876]</SD>
		<WAVELENGTH_UNIT>E-6m</WAVELENGTH_UNIT>
		<COLOR>#398a6a</COLOR>
		<COVARIANCE_MATRIX>[[7.652331987628713e-06, 1.3776646483165678e-05, 1.7854054021881893e-05, -1.3460778063745238e-05, -9.368032806378324e-06, -5.8557825468597e-06], [1.3776646483165678e-05, 3.87610234611202e-05, 4.788356818608008e-05, -3.957333683501929e-05, -3.4109882108168676e-05, -1.6208305169129744e-05], [1.7854054021881893e-05, 4.788356818608008e-05, 6.718905933666974e-05, -6.042250242899172e-05, -4.7496461775153875e-05, -2.3663125830353238e-05], [-1.3460778063745238e-05, -3.957333683501929e-05, -6.042250242899172e-05, 0.00028034200659021735, 0.00020206590124871582, 0.00013654818758368492], [-9.368032806378324e-06, -3.4109882108168676e-05, -4.7496461775153875e-05, 0.00020206590124871582, 0.000212584956898354, 0.000132811808725819], [-5.8557825468597e-06, -1.6208305169129744e-05, -2.3663125830353238e-05, 0.00013654818758368492, 0.000132811808725819, 0.0001410555705660954]]</COVARIANCE_MATRIX>
		<ROI_SIZE>53</ROI_SIZE>
		<MAX_VALUE>[0.11210160702466965, 0.13605700433254242, 0.13618621230125427, 0.15185999870300293, 0.07590272277593613, 0.05980795621871948]</MAX_VALUE>
		<MIN_VALUE>[0.09902637451887131, 0.10762418061494827, 0.09681034088134766, 0.08622812479734421, 0.02097061276435852, 0.008227718994021416]</MIN_VALUE>
		<SIGNATURE_THRESHOLD_MD>0.0</SIGNATURE_THRESHOLD_MD>
		<SIGNATURE_THRESHOLD_ML>0.0</SIGNATURE_THRESHOLD_ML>
		<SIGNATURE_THRESHOLD_SAM>0.0</SIGNATURE_THRESHOLD_SAM>
	</signature>
	<signature ID="20210203_132034811168_804">
		<MACROCLASSID>1</MACROCLASSID>
		<MACROCLASSINFO>waterbody</MACROCLASSINFO>
		<CLASSID>3</CLASSID>
		<CLASSINFO>C 1</CLASSINFO>
		<VALUES>[0.08900431680117604, 0.002247946201473389, 0.08804868582967691, 0.004060115277760639, 0.053036488651137075, 0.0036726947122907886, 0.04674591437099179, 0.011426670567936973, 0.019930818964146977, 0.009472988397618915, 0.011627217096456992, 0.006557771313488403]</VALUES>
		<LCS_MIN>[0.08333610743284225, 0.07919132709503174, 0.04693426564335823, 0.0271594375371933, 0.0019556540064513683, 0.0021594541613012552]</LCS_MIN>
		<LCS_MAX>[0.09379629045724869, 0.09625104069709778, 0.06530966609716415, 0.0796649381518364, 0.05477498844265938, 0.041603170335292816]</LCS_MAX>
		<WAVELENGTH>[0.485, 0.56, 0.66, 0.83, 1.65, 2.215]</WAVELENGTH>
		<MEAN_VALUE>[0.08900431680117604, 0.08804868582967691, 0.053036488651137075, 0.04674591437099179, 0.019930818964146977, 0.011627217096456992]</MEAN_VALUE>
		<CHECKBOX>2</CHECKBOX>
		<SD>[0.002247946201473389, 0.004060115277760639, 0.0036726947122907886, 0.011426670567936973, 0.009472988397618915, 0.006557771313488403]</SD>
		<WAVELENGTH_UNIT>E-6m</WAVELENGTH_UNIT>
		<COLOR>#b6b63d</COLOR>
		<COVARIANCE_MATRIX>[[5.079858055978548e-06, 6.8214835664548445e-06, 2.9847681162209483e-06, -6.661724910372868e-06, -4.950724814989371e-06, -2.4577138901804574e-06], [6.8214835664548445e-06, 1.6571297237533145e-05, 5.5333571253868286e-06, -1.3519850654120091e-05, -9.300842066295445e-06, -5.750476248067571e-06], [2.9847681162209483e-06, 5.5333571253868286e-06, 1.3559679246100131e-05, 1.903991687868256e-05, 1.6653426428092644e-05, 1.27660159705556e-05], [-6.661724910372868e-06, -1.3519850654120091e-05, 1.903991687868256e-05, 0.00013125600526109338, 9.017062984639779e-05, 5.6581931858090684e-05], [-4.950724814989371e-06, -9.300842066295445e-06, 1.6653426428092644e-05, 9.017062984639779e-05, 9.020981087815017e-05, 5.2576320740627125e-05], [-2.4577138901804574e-06, -5.750476248067571e-06, 1.27660159705556e-05, 5.6581931858090684e-05, 5.2576320740627125e-05, 4.3230702431173995e-05]]</COVARIANCE_MATRIX>
		<ROI_SIZE>191</ROI_SIZE>
		<MAX_VALUE>[0.09379629045724869, 0.09625104069709778, 0.06530966609716415, 0.0796649381518364, 0.05477498844265938, 0.041603170335292816]</MAX_VALUE>
		<MIN_VALUE>[0.08333610743284225, 0.07919132709503174, 0.04693426564335823, 0.0271594375371933, 0.0019556540064513683, 0.0021594541613012552]</MIN_VALUE>
		<SIGNATURE_THRESHOLD_MD>0.0</SIGNATURE_THRESHOLD_MD>
		<SIGNATURE_THRESHOLD_ML>0.0</SIGNATURE_THRESHOLD_ML>
		<SIGNATURE_THRESHOLD_SAM>0.0</SIGNATURE_THRESHOLD_SAM>
	</signature>
	<signature ID="20210203_132040724704_234">
		<MACROCLASSID>1</MACROCLASSID>
		<MACROCLASSINFO>waterbody</MACROCLASSINFO>
		<CLASSID>4</CLASSID>
		<CLASSINFO>C 1</CLASSINFO>
		<VALUES>[0.07783539524515634, 0.0020969020239596206, 0.06497491174759196, 0.004720319408506551, 0.043771281838417095, 0.006034109750433848, 0.03704793030418999, 0.009877691253233628, 0.013608377903974693, 0.006888713606731237, 0.008107485149445029, 0.005272087373603419]</VALUES>
		<LCS_MIN>[0.07287591695785522, 0.05928834527730942, 0.03380897641181946, 0.01731465756893158, 0.004068427719175816, 0.0]</LCS_MIN>
		<LCS_MAX>[0.08595114946365356, 0.08203461766242981, 0.06793472170829773, 0.06982015818357468, 0.04632388800382614, 0.03553490713238716]</LCS_MAX>
		<WAVELENGTH>[0.485, 0.56, 0.66, 0.83, 1.65, 2.215]</WAVELENGTH>
		<MEAN_VALUE>[0.07783539524515634, 0.06497491174759196, 0.043771281838417095, 0.03704793030418999, 0.013608377903974693, 0.008107485149445029]</MEAN_VALUE>
		<CHECKBOX>2</CHECKBOX>
		<SD>[0.0020969020239596206, 0.004720319408506551, 0.006034109750433848, 0.009877691253233628, 0.006888713606731237, 0.005272087373603419]</SD>
		<WAVELENGTH_UNIT>E-6m</WAVELENGTH_UNIT>
		<COLOR>#7255c9</COLOR>
		<COVARIANCE_MATRIX>[[4.733145487989532e-06, 7.794177690811921e-06, 1.03687107184669e-05, 7.476952760043787e-06, 4.369008365756599e-06, 3.5380255667405436e-06], [7.794177690811921e-06, 2.7852196581079625e-05, 3.315247158752754e-05, 1.8760918464977294e-05, 1.0539042705204338e-05, 8.310551493195817e-06], [1.03687107184669e-05, 3.315247158752754e-05, 4.832053309655748e-05, 3.3022573916241527e-05, 1.8991682736668736e-05, 1.5024469576019328e-05], [7.476952760043787e-06, 1.8760918464977294e-05, 3.3022573916241527e-05, 9.782186680240557e-05, 5.536309981835075e-05, 3.8977177609922364e-05], [4.369008365756599e-06, 1.0539042705204338e-05, 1.8991682736668736e-05, 5.536309981835075e-05, 4.832835111301392e-05, 2.978906013595406e-05], [3.5380255667405436e-06, 8.310551493195817e-06, 1.5024469576019328e-05, 3.8977177609922364e-05, 2.978906013595406e-05, 2.839107582985889e-05]]</COVARIANCE_MATRIX>
		<ROI_SIZE>2137</ROI_SIZE>
		<MAX_VALUE>[0.08595114946365356, 0.08203461766242981, 0.06793472170829773, 0.06982015818357468, 0.04632388800382614, 0.03553490713238716]</MAX_VALUE>
		<MIN_VALUE>[0.07287591695785522, 0.05928834527730942, 0.03380897641181946, 0.01731465756893158, 0.004068427719175816, 0.0]</MIN_VALUE>
		<SIGNATURE_THRESHOLD_MD>0.0</SIGNATURE_THRESHOLD_MD>
		<SIGNATURE_THRESHOLD_ML>0.0</SIGNATURE_THRESHOLD_ML>
		<SIGNATURE_THRESHOLD_SAM>0.0</SIGNATURE_THRESHOLD_SAM>
	</signature>
	<signature ID="20210203_132046193675_853">
		<MACROCLASSID>1</MACROCLASSID>
		<MACROCLASSINFO>waterbody</MACROCLASSINFO>
		<CLASSID>5</CLASSID>
		<CLASSINFO>C 1</CLASSINFO>
		<VALUES>[0.08412457243876512, 0.0023931461354106576, 0.07456788506029909, 0.004884893074414944, 0.04639337821467205, 0.00542150396695331, 0.03667527833151831, 0.006987640655143848, 0.013843995579366487, 0.0070474527832231106, 0.008244701530028646, 0.00519705025470731]</VALUES>
		<LCS_MIN>[0.07679848372936249, 0.06497491151094437, 0.03643403202295303, 0.02387784607708454, 0.0019556540064513683, 0.0]</LCS_MIN>
		<LCS_MAX>[0.09248876571655273, 0.09056447446346283, 0.06793472170829773, 0.06653855741024017, 0.04632388800382614, 0.03856904059648514]</LCS_MAX>
		<WAVELENGTH>[0.485, 0.56, 0.66, 0.83, 1.65, 2.215]</WAVELENGTH>
		<MEAN_VALUE>[0.08412457243876512, 0.07456788506029909, 0.04639337821467205, 0.03667527833151831, 0.013843995579366487, 0.008244701530028646]</MEAN_VALUE>
		<CHECKBOX>2</CHECKBOX>
		<SD>[0.0023931461354106576, 0.004884893074414944, 0.00542150396695331, 0.006987640655143848, 0.0070474527832231106, 0.00519705025470731]</SD>
		<WAVELENGTH_UNIT>E-6m</WAVELENGTH_UNIT>
		<COLOR>#6429c2</COLOR>
		<COVARIANCE_MATRIX>[[5.956891072855797e-06, 9.375669833389111e-06, 8.986266038846225e-06, 2.8834015211032238e-06, 2.2111389625933953e-06, 1.3874719115847256e-06], [9.375669833389111e-06, 2.5321154680568725e-05, 2.2785256078350358e-05, 8.892998266674113e-06, 5.502312887983862e-06, 3.590950427678763e-06], [8.986266038846225e-06, 2.2785256078350358e-05, 3.154327714582905e-05, 2.090169073198922e-05, 1.729066570987925e-05, 1.1534268196555786e-05], [2.8834015211032238e-06, 8.892998266674113e-06, 2.090169073198922e-05, 5.302937643136829e-05, 3.827874388662167e-05, 2.5410496164113283e-05], [2.2111389625933953e-06, 5.502312887983862e-06, 1.729066570987925e-05, 3.827874388662167e-05, 5.251180482446216e-05, 3.162417851854116e-05], [1.3874719115847256e-06, 3.590950427678763e-06, 1.1534268196555786e-05, 2.5410496164113283e-05, 3.162417851854116e-05, 2.8763928639818914e-05]]</COVARIANCE_MATRIX>
		<ROI_SIZE>1790</ROI_SIZE>
		<MAX_VALUE>[0.09248876571655273, 0.09056447446346283, 0.06793472170829773, 0.06653855741024017, 0.04632388800382614, 0.03856904059648514]</MAX_VALUE>
		<MIN_VALUE>[0.07679848372936249, 0.06497491151094437, 0.03643403202295303, 0.02387784607708454, 0.0019556540064513683, 0.0]</MIN_VALUE>
		<SIGNATURE_THRESHOLD_MD>0.0</SIGNATURE_THRESHOLD_MD>
		<SIGNATURE_THRESHOLD_ML>0.0</SIGNATURE_THRESHOLD_ML>
		<SIGNATURE_THRESHOLD_SAM>0.0</SIGNATURE_THRESHOLD_SAM>
	</signature>
	<signature ID="20210203_132115842009_517">
		<MACROCLASSID>1</MACROCLASSID>
		<MACROCLASSINFO>waterbody</MACROCLASSINFO>
		<CLASSID>6</CLASSID>
		<CLASSINFO>C 1</CLASSINFO>
		<VALUES>[0.0907597112789082, 0.0016056536089252631, 0.09249960041757836, 0.002489517900847157, 0.05936997930950194, 0.005023636058013337, 0.04346944982213763, 0.009099345617323173, 0.016738759887529837, 0.0069653130510613824, 0.01005080869046054, 0.005973343970603225]</VALUES>
		<LCS_MIN>[0.08464363217353821, 0.08203461766242981, 0.049559321254491806, 0.014033064246177673, 0.006181200034916401, 0.0]</LCS_MIN>
		<LCS_MAX>[0.09510380774736404, 0.09909431636333466, 0.07843495160341263, 0.0796649381518364, 0.05054944008588791, 0.044637296348810196]</LCS_MAX>
		<WAVELENGTH>[0.485, 0.56, 0.66, 0.83, 1.65, 2.215]</WAVELENGTH>
		<MEAN_VALUE>[0.0907597112789082, 0.09249960041757836, 0.05936997930950194, 0.04346944982213763, 0.016738759887529837, 0.01005080869046054]</MEAN_VALUE>
		<CHECKBOX>2</CHECKBOX>
		<SD>[0.0016056536089252631, 0.002489517900847157, 0.005023636058013337, 0.009099345617323173, 0.0069653130510613824, 0.005973343970603225]</SD>
		<WAVELENGTH_UNIT>E-6m</WAVELENGTH_UNIT>
		<COLOR>#3a8e7c</COLOR>
		<COVARIANCE_MATRIX>[[2.5858423668978503e-06, 1.4192186199579737e-06, 5.100167754790164e-07, 1.8341893337492365e-06, 1.163540332527191e-06, 8.742654813431727e-07], [1.4192186199579737e-06, 6.21625531493919e-06, -1.8795188907461124e-06, -1.765361389516329e-06, -2.0561071778502082e-06, -9.814028771870653e-07], [5.100167754790164e-07, -1.8795188907461124e-06, 2.531247810111381e-05, 3.462187305558473e-05, 2.5019746317411773e-05, 1.8805149011313915e-05], [1.8341893337492365e-06, -1.765361389516329e-06, 3.462187305558473e-05, 8.304599032271653e-05, 5.181202868698165e-05, 3.7753281503682956e-05], [1.163540332527191e-06, -2.0561071778502082e-06, 2.5019746317411773e-05, 5.181202868698165e-05, 4.866084054810926e-05, 3.400477362447418e-05], [8.742654813431727e-07, -9.814028771870653e-07, 1.8805149011313915e-05, 3.7753281503682956e-05, 3.400477362447418e-05, 3.5787667002296075e-05]]</COVARIANCE_MATRIX>
		<ROI_SIZE>335</ROI_SIZE>
		<MAX_VALUE>[0.09510380774736404, 0.09909431636333466, 0.07843495160341263, 0.0796649381518364, 0.05054944008588791, 0.044637296348810196]</MAX_VALUE>
		<MIN_VALUE>[0.08464363217353821, 0.08203461766242981, 0.049559321254491806, 0.014033064246177673, 0.006181200034916401, 0.0]</MIN_VALUE>
		<SIGNATURE_THRESHOLD_MD>0.0</SIGNATURE_THRESHOLD_MD>
		<SIGNATURE_THRESHOLD_ML>0.0</SIGNATURE_THRESHOLD_ML>
		<SIGNATURE_THRESHOLD_SAM>0.0</SIGNATURE_THRESHOLD_SAM>
	</signature>
	<signature ID="20210203_132121804043_917">
		<MACROCLASSID>1</MACROCLASSID>
		<MACROCLASSINFO>waterbody</MACROCLASSINFO>
		<CLASSID>7</CLASSID>
		<CLASSINFO>C 1</CLASSINFO>
		<VALUES>[0.09907748525907625, 0.0017620377502383633, 0.11810820217241298, 0.0034038291830624915, 0.08476244566009565, 0.005005614010583955, 0.044379788466064864, 0.008209188915637858, 0.0162426808527413, 0.006928650540797964, 0.009982737117213368, 0.006298597926331166]</VALUES>
		<LCS_MIN>[0.09248876571655273, 0.09909431636333466, 0.07580989599227905, 0.030441032722592354, 0.004068427719175816, 0.0]</LCS_MIN>
		<LCS_MAX>[0.10294894874095917, 0.12184059619903564, 0.1020604595541954, 0.07638333737850189, 0.04632388800382614, 0.044637296348810196]</LCS_MAX>
		<WAVELENGTH>[0.485, 0.56, 0.66, 0.83, 1.65, 2.215]</WAVELENGTH>
		<MEAN_VALUE>[0.09907748525907625, 0.11810820217241298, 0.08476244566009565, 0.044379788466064864, 0.0162426808527413, 0.009982737117213368]</MEAN_VALUE>
		<CHECKBOX>2</CHECKBOX>
		<SD>[0.0017620377502383633, 0.0034038291830624915, 0.005005614010583955, 0.008209188915637858, 0.006928650540797964, 0.006298597926331166]</SD>
		<WAVELENGTH_UNIT>E-6m</WAVELENGTH_UNIT>
		<COLOR>#b3b168</COLOR>
		<COVARIANCE_MATRIX>[[3.114923401881242e-06, 3.1557867714582244e-06, -2.3546772354166023e-06, -5.2298305490694474e-06, -2.9082705168548273e-06, -1.4772138001717394e-06], [3.1557867714582244e-06, 1.1623916179814842e-05, -6.527130608446896e-06, -1.4826178812654689e-05, -7.849175744922832e-06, -6.723090336890891e-06], [-2.3546772354166023e-06, -6.527130608446896e-06, 2.51380552072078e-05, 2.935664087999612e-05, 2.229263736808207e-05, 2.1677447875845246e-05], [-5.2298305490694474e-06, -1.4826178812654689e-05, 2.935664087999612e-05, 6.761101394658908e-05, 4.339116276241839e-05, 3.828037006314844e-05], [-2.9082705168548273e-06, -7.849175744922832e-06, 2.229263736808207e-05, 4.339116276241839e-05, 4.8163081373786554e-05, 3.638089037849568e-05], [-1.4772138001717394e-06, -6.723090336890891e-06, 2.1677447875845246e-05, 3.828037006314844e-05, 3.638089037849568e-05, 3.9801983803045005e-05]]</COVARIANCE_MATRIX>
		<ROI_SIZE>307</ROI_SIZE>
		<MAX_VALUE>[0.10294894874095917, 0.12184059619903564, 0.1020604595541954, 0.07638333737850189, 0.04632388800382614, 0.044637296348810196]</MAX_VALUE>
		<MIN_VALUE>[0.09248876571655273, 0.09909431636333466, 0.07580989599227905, 0.030441032722592354, 0.004068427719175816, 0.0]</MIN_VALUE>
		<SIGNATURE_THRESHOLD_MD>0.0</SIGNATURE_THRESHOLD_MD>
		<SIGNATURE_THRESHOLD_ML>0.0</SIGNATURE_THRESHOLD_ML>
		<SIGNATURE_THRESHOLD_SAM>0.0</SIGNATURE_THRESHOLD_SAM>
	</signature>
	<signature ID="20210203_132126262572_958">
		<MACROCLASSID>1</MACROCLASSID>
		<MACROCLASSINFO>waterbody</MACROCLASSINFO>
		<CLASSID>8</CLASSID>
		<CLASSINFO>C 1</CLASSINFO>
		<VALUES>[0.09046652965006347, 0.0021645221169625433, 0.09323475644416511, 0.0053250555338742005, 0.05991013390144616, 0.006063444548405913, 0.038440522007549056, 0.007660434558500943, 0.012187933918066746, 0.006422429233910077, 0.007032267874750187, 0.0046936070213269955]</VALUES>
		<LCS_MIN>[0.0820285901427269, 0.07634804397821426, 0.05218437314033508, 0.02387784607708454, 0.0, 0.0]</LCS_MIN>
		<LCS_MAX>[0.0964113250374794, 0.10762418061494827, 0.08368506282567978, 0.07638333737850189, 0.04632388800382614, 0.032500773668289185]</LCS_MAX>
		<WAVELENGTH>[0.485, 0.56, 0.66, 0.83, 1.65, 2.215]</WAVELENGTH>
		<MEAN_VALUE>[0.09046652965006347, 0.09323475644416511, 0.05991013390144616, 0.038440522007549056, 0.012187933918066746, 0.007032267874750187]</MEAN_VALUE>
		<CHECKBOX>2</CHECKBOX>
		<SD>[0.0021645221169625433, 0.0053250555338742005, 0.006063444548405913, 0.007660434558500943, 0.006422429233910077, 0.0046936070213269955]</SD>
		<WAVELENGTH_UNIT>E-6m</WAVELENGTH_UNIT>
		<COLOR>#777bc7</COLOR>
		<COVARIANCE_MATRIX>[[4.689758497988805e-06, 7.89221485320013e-06, 1.1372446806490188e-06, -3.828004537353991e-06, -3.217013500034227e-06, -1.8413333009448252e-06], [7.89221485320013e-06, 2.8384070901665837e-05, 8.119765880110208e-06, -7.074533641571179e-06, -6.908474460942671e-06, -3.3048872865037993e-06], [1.1372446806490188e-06, 8.119765880110208e-06, 3.6801473470404744e-05, 2.812267302942928e-05, 1.8772328985505737e-05, 1.3856372788723093e-05], [-3.828004537353991e-06, -7.074533641571179e-06, 2.812267302942928e-05, 5.873990085092373e-05, 3.61164566129446e-05, 2.537910404498689e-05], [-3.217013500034227e-06, -6.908474460942671e-06, 1.8772328985505737e-05, 3.61164566129446e-05, 4.1288116335636005e-05, 2.3855258405092172e-05], [-1.8413333009448252e-06, -3.3048872865037993e-06, 1.3856372788723093e-05, 2.537910404498689e-05, 2.3855258405092172e-05, 2.2051586711313576e-05]]</COVARIANCE_MATRIX>
		<ROI_SIZE>1019</ROI_SIZE>
		<MAX_VALUE>[0.0964113250374794, 0.10762418061494827, 0.08368506282567978, 0.07638333737850189, 0.04632388800382614, 0.032500773668289185]</MAX_VALUE>
		<MIN_VALUE>[0.0820285901427269, 0.07634804397821426, 0.05218437314033508, 0.02387784607708454, 0.0, 0.0]</MIN_VALUE>
		<SIGNATURE_THRESHOLD_MD>0.0</SIGNATURE_THRESHOLD_MD>
		<SIGNATURE_THRESHOLD_ML>0.0</SIGNATURE_THRESHOLD_ML>
		<SIGNATURE_THRESHOLD_SAM>0.0</SIGNATURE_THRESHOLD_SAM>
	</signature>
	<signature ID="20210203_132130574109_613">
		<MACROCLASSID>1</MACROCLASSID>
		<MACROCLASSINFO>waterbody</MACROCLASSINFO>
		<CLASSID>9</CLASSID>
		<CLASSINFO>C 1</CLASSINFO>
		<VALUES>[0.09617292192362081, 0.001650733789251781, 0.10608503447158099, 0.0033126928547317263, 0.07165286336975521, 0.003942509039208789, 0.04089451364303229, 0.006600074120074926, 0.01162375787284802, 0.005779636591025645, 0.00682368874961176, 0.004433518562130806]</VALUES>
		<LCS_MIN>[0.08595114946365356, 0.07919132709503174, 0.06268461048603058, 0.030441032722592354, 0.0019556540064513683, 0.0]</LCS_MIN>
		<LCS_MAX>[0.10164142400026321, 0.1161540225148201, 0.10993563383817673, 0.07638333737850189, 0.044211119413375854, 0.03553490713238716]</LCS_MAX>
		<WAVELENGTH>[0.485, 0.56, 0.66, 0.83, 1.65, 2.215]</WAVELENGTH>
		<MEAN_VALUE>[0.09617292192362081, 0.10608503447158099, 0.07165286336975521, 0.04089451364303229, 0.01162375787284802, 0.00682368874961176]</MEAN_VALUE>
		<CHECKBOX>2</CHECKBOX>
		<SD>[0.001650733789251781, 0.0033126928547317263, 0.003942509039208789, 0.006600074120074926, 0.005779636591025645, 0.004433518562130806]</SD>
		<WAVELENGTH_UNIT>E-6m</WAVELENGTH_UNIT>
		<COLOR>#6efda7</COLOR>
		<COVARIANCE_MATRIX>[[2.7266423785476945e-06, 2.5970964543375885e-06, -4.1529918348715e-07, -2.937413910331088e-06, -2.0762802250828827e-06, -1.4261975138651906e-06], [2.5970964543375885e-06, 1.09808615889051e-05, -8.609969768258452e-07, -1.0554846994637046e-05, -8.638299732410815e-06, -5.445833721751114e-06], [-4.1529918348715e-07, -8.609969768258452e-07, 1.5553190678474493e-05, 1.3822022992826533e-05, 1.0289870260749012e-05, 6.9209600042086095e-06], [-2.937413910331088e-06, -1.0554846994637046e-05, 1.3822022992826533e-05, 4.358847945695743e-05, 3.081296381424181e-05, 2.0267974832677282e-05], [-2.0762802250828827e-06, -8.638299732410815e-06, 1.0289870260749012e-05, 3.081296381424181e-05, 3.342528725625016e-05, 1.983809306693729e-05], [-1.4261975138651906e-06, -5.445833721751114e-06, 6.9209600042086095e-06, 2.0267974832677282e-05, 1.983809306693729e-05, 1.9668495951918885e-05]]</COVARIANCE_MATRIX>
		<ROI_SIZE>1585</ROI_SIZE>
		<MAX_VALUE>[0.10164142400026321, 0.1161540225148201, 0.10993563383817673, 0.07638333737850189, 0.044211119413375854, 0.03553490713238716]</MAX_VALUE>
		<MIN_VALUE>[0.08595114946365356, 0.07919132709503174, 0.06268461048603058, 0.030441032722592354, 0.0019556540064513683, 0.0]</MIN_VALUE>
		<SIGNATURE_THRESHOLD_MD>0.0</SIGNATURE_THRESHOLD_MD>
		<SIGNATURE_THRESHOLD_ML>0.0</SIGNATURE_THRESHOLD_ML>
		<SIGNATURE_THRESHOLD_SAM>0.0</SIGNATURE_THRESHOLD_SAM>
	</signature>
	<signature ID="20210203_132135561468_990">
		<MACROCLASSID>1</MACROCLASSID>
		<MACROCLASSINFO>waterbody</MACROCLASSINFO>
		<CLASSID>10</CLASSID>
		<CLASSINFO>C 1</CLASSINFO>
		<VALUES>[0.10059632659483131, 0.002129851176609931, 0.11366715476861304, 0.00430523797634547, 0.0698443590728959, 0.004640503966756385, 0.038296059707940526, 0.005846307389227054, 0.01274270065043542, 0.006176088037022255, 0.007496500021161538, 0.004935315367378923]</VALUES>
		<LCS_MIN>[0.08987370878458023, 0.08487790077924728, 0.057434484362602234, 0.0271594375371933, 0.0019556540064513683, 0.0]</LCS_MIN>
		<LCS_MAX>[0.10687151551246643, 0.12468388676643372, 0.08893516659736633, 0.07310175150632858, 0.044211119413375854, 0.044637296348810196]</LCS_MAX>
		<WAVELENGTH>[0.485, 0.56, 0.66, 0.83, 1.65, 2.215]</WAVELENGTH>
		<MEAN_VALUE>[0.10059632659483131, 0.11366715476861304, 0.0698443590728959, 0.038296059707940526, 0.01274270065043542, 0.007496500021161538]</MEAN_VALUE>
		<CHECKBOX>2</CHECKBOX>
		<SD>[0.002129851176609931, 0.00430523797634547, 0.004640503966756385, 0.005846307389227054, 0.006176088037022255, 0.004935315367378923]</SD>
		<WAVELENGTH_UNIT>E-6m</WAVELENGTH_UNIT>
		<COLOR>#16a45d</COLOR>
		<COVARIANCE_MATRIX>[[3.8037737795093562e-06, 3.116888592558098e-06, -2.0362062969070394e-06, -3.729437821675674e-06, -3.843618287646677e-06, -2.6351121960033197e-06], [3.116888592558098e-06, 1.3706316167372279e-05, 1.946452812262578e-06, -5.96430027144379e-06, -5.9931680880254135e-06, -4.475467449083226e-06], [-2.0362062969070394e-06, 1.946452812262578e-06, 1.7767728422768414e-05, 1.0922446563199628e-05, 1.2109491763112601e-05, 8.218157745432109e-06], [-3.729437821675674e-06, -5.96430027144379e-06, 1.0922446563199628e-05, 2.672471418918576e-05, 2.131805376848206e-05, 1.523327318864176e-05], [-3.843618287646677e-06, -5.9931680880254135e-06, 1.2109491763112601e-05, 2.131805376848206e-05, 3.117798769380897e-05, 1.8783664927468635e-05], [-2.6351121960033197e-06, -4.475467449083226e-06, 8.218157745432109e-06, 1.523327318864176e-05, 1.8783664927468635e-05, 1.903690463223029e-05]]</COVARIANCE_MATRIX>
		<ROI_SIZE>2762</ROI_SIZE>
		<MAX_VALUE>[0.10687151551246643, 0.12468388676643372, 0.08893516659736633, 0.07310175150632858, 0.044211119413375854, 0.044637296348810196]</MAX_VALUE>
		<MIN_VALUE>[0.08987370878458023, 0.08487790077924728, 0.057434484362602234, 0.0271594375371933, 0.0019556540064513683, 0.0]</MIN_VALUE>
		<SIGNATURE_THRESHOLD_MD>0.0</SIGNATURE_THRESHOLD_MD>
		<SIGNATURE_THRESHOLD_ML>0.0</SIGNATURE_THRESHOLD_ML>
		<SIGNATURE_THRESHOLD_SAM>0.0</SIGNATURE_THRESHOLD_SAM>
	</signature>
	<signature ID="20210203_132141507514_532">
		<MACROCLASSID>1</MACROCLASSID>
		<MACROCLASSINFO>waterbody</MACROCLASSINFO>
		<CLASSID>11</CLASSID>
		<CLASSINFO>C 1</CLASSINFO>
		<VALUES>[0.08544089739642496, 0.0018236375373975513, 0.08426070075209545, 0.005534895417897999, 0.05176820850408656, 0.006112047393465134, 0.0433673110313532, 0.010464863998491532, 0.01712639656417616, 0.007786381540400351, 0.009750184286158627, 0.0055318815469183455]</VALUES>
		<LCS_MIN>[0.0794135332107544, 0.07350476831197739, 0.041684143245220184, 0.02387784607708454, 0.006181200034916401, 0.0]</LCS_MIN>
		<LCS_MAX>[0.08987370878458023, 0.09625104069709778, 0.07318484038114548, 0.0796649381518364, 0.04843666031956673, 0.032500773668289185]</LCS_MAX>
		<WAVELENGTH>[0.485, 0.56, 0.66, 0.83, 1.65, 2.215]</WAVELENGTH>
		<MEAN_VALUE>[0.08544089739642496, 0.08426070075209545, 0.05176820850408656, 0.0433673110313532, 0.01712639656417616, 0.009750184286158627]</MEAN_VALUE>
		<CHECKBOX>2</CHECKBOX>
		<SD>[0.0018236375373975513, 0.005534895417897999, 0.006112047393465134, 0.010464863998491532, 0.007786381540400351, 0.0055318815469183455]</SD>
		<WAVELENGTH_UNIT>E-6m</WAVELENGTH_UNIT>
		<COLOR>#bc4084</COLOR>
		<COVARIANCE_MATRIX>[[3.3337851164105814e-06, 6.3106335801421665e-06, 6.483919150923612e-06, -2.5991746497311397e-06, -1.7366744486935204e-06, 3.8646723510282754e-07], [6.3106335801421665e-06, 3.070996899623424e-05, 2.7115809643873945e-05, -8.906795301300008e-06, -7.636605005245656e-06, -1.746112729961169e-06], [6.483919150923612e-06, 2.7115809643873945e-05, 3.7448462535394356e-05, 9.710370250104461e-06, 5.2984296416980214e-06, 7.937462214613333e-06], [-2.5991746497311397e-06, -8.906795301300008e-06, 9.710370250104461e-06, 0.00010978114005411044, 6.113667041063309e-05, 3.692853351822123e-05], [-1.7366744486935204e-06, -7.636605005245656e-06, 5.2984296416980214e-06, 6.113667041063309e-05, 6.077597208786756e-05, 3.506759094307199e-05], [3.8646723510282754e-07, -1.746112729961169e-06, 7.937462214613333e-06, 3.692853351822123e-05, 3.506759094307199e-05, 3.0676535970997065e-05]]</COVARIANCE_MATRIX>
		<ROI_SIZE>410</ROI_SIZE>
		<MAX_VALUE>[0.08987370878458023, 0.09625104069709778, 0.07318484038114548, 0.0796649381518364, 0.04843666031956673, 0.032500773668289185]</MAX_VALUE>
		<MIN_VALUE>[0.0794135332107544, 0.07350476831197739, 0.041684143245220184, 0.02387784607708454, 0.006181200034916401, 0.0]</MIN_VALUE>
		<SIGNATURE_THRESHOLD_MD>0.0</SIGNATURE_THRESHOLD_MD>
		<SIGNATURE_THRESHOLD_ML>0.0</SIGNATURE_THRESHOLD_ML>
		<SIGNATURE_THRESHOLD_SAM>0.0</SIGNATURE_THRESHOLD_SAM>
	</signature>
	<signature ID="20210203_132149579593_108">
		<MACROCLASSID>1</MACROCLASSID>
		<MACROCLASSINFO>waterbody</MACROCLASSINFO>
		<CLASSID>12</CLASSID>
		<CLASSINFO>C 1</CLASSINFO>
		<VALUES>[0.10315373692526875, 0.003885539662371991, 0.11858623403023522, 0.00942631107746532, 0.14564273380730527, 0.017854943814493377, 0.20946581051292196, 0.0143200291553193, 0.04841121003390794, 0.01848720410410484, 0.027565739611275945, 0.011686886761500145]</VALUES>
		<LCS_MIN>[0.09118124842643738, 0.09340775012969971, 0.09943540394306183, 0.1879575103521347, 0.023083386942744255, 0.014295983128249645]</LCS_MIN>
		<LCS_MAX>[0.10948655754327774, 0.13321372866630554, 0.17031197249889374, 0.2568710148334503, 0.09703046083450317, 0.06587623059749603]</LCS_MAX>
		<WAVELENGTH>[0.485, 0.56, 0.66, 0.83, 1.65, 2.215]</WAVELENGTH>
		<MEAN_VALUE>[0.10315373692526875, 0.11858623403023522, 0.14564273380730527, 0.20946581051292196, 0.04841121003390794, 0.027565739611275945]</MEAN_VALUE>
		<CHECKBOX>2</CHECKBOX>
		<SD>[0.003885539662371991, 0.00942631107746532, 0.017854943814493377, 0.0143200291553193, 0.01848720410410484, 0.011686886761500145]</SD>
		<WAVELENGTH_UNIT>E-6m</WAVELENGTH_UNIT>
		<COLOR>#f1bdbc</COLOR>
		<COVARIANCE_MATRIX>[[1.5281533706001937e-05, 3.3090760553022847e-05, 6.187253893585876e-05, -8.9061759354081e-06, -3.5873505112249404e-05, -9.86260965873953e-06], [3.3090760553022847e-05, 8.993894152808934e-05, 0.00016294975648634136, -2.3479791707359254e-05, -9.444109309697524e-05, -3.193195516359992e-05], [6.187253893585876e-05, 0.00016294975648634136, 0.0003226867993362248, -8.04404480732046e-05, -0.00021206570090726018, -7.650790212210268e-05], [-8.9061759354081e-06, -2.3479791707359254e-05, -8.04404480732046e-05, 0.00020756400772370398, 0.0001859766780398786, 9.651033906266093e-05], [-3.5873505112249404e-05, -9.444109309697524e-05, -0.00021206570090726018, 0.0001859766780398786, 0.00034594471799209714, 0.00018913699022959918], [-9.86260965873953e-06, -3.193195516359992e-05, -7.650790212210268e-05, 9.651033906266093e-05, 0.00018913699022959918, 0.00013824897177983075]]</COVARIANCE_MATRIX>
		<ROI_SIZE>83</ROI_SIZE>
		<MAX_VALUE>[0.10948655754327774, 0.13321372866630554, 0.17031197249889374, 0.2568710148334503, 0.09703046083450317, 0.06587623059749603]</MAX_VALUE>
		<MIN_VALUE>[0.09118124842643738, 0.09340775012969971, 0.09943540394306183, 0.1879575103521347, 0.023083386942744255, 0.014295983128249645]</MIN_VALUE>
		<SIGNATURE_THRESHOLD_MD>0.0</SIGNATURE_THRESHOLD_MD>
		<SIGNATURE_THRESHOLD_ML>0.0</SIGNATURE_THRESHOLD_ML>
		<SIGNATURE_THRESHOLD_SAM>0.0</SIGNATURE_THRESHOLD_SAM>
	</signature>
	<signature ID="20210203_132206310314_271">
		<MACROCLASSID>1</MACROCLASSID>
		<MACROCLASSINFO>waterbody</MACROCLASSINFO>
		<CLASSID>13</CLASSID>
		<CLASSINFO>C 1</CLASSINFO>
		<VALUES>[0.10386353306510906, 0.003655554502049171, 0.12240041506722803, 0.006783366448806324, 0.15408555561087908, 0.012741072705855073, 0.20640587289407464, 0.011047631583482424, 0.03603370077522001, 0.01257934985789885, 0.019766851912199523, 0.007092230249587633]</VALUES>
		<LCS_MIN>[0.09510380774736404, 0.09909431636333466, 0.11781080067157745, 0.18139435350894928, 0.0167450662702322, 0.008227718994021416]</LCS_MIN>
		<LCS_MAX>[0.113409124314785, 0.13605700433254242, 0.1755620688199997, 0.24046306312084198, 0.06745162606239319, 0.05070556700229645]</LCS_MAX>
		<WAVELENGTH>[0.485, 0.56, 0.66, 0.83, 1.65, 2.215]</WAVELENGTH>
		<MEAN_VALUE>[0.10386353306510906, 0.12240041506722803, 0.15408555561087908, 0.20640587289407464, 0.03603370077522001, 0.019766851912199523]</MEAN_VALUE>
		<CHECKBOX>2</CHECKBOX>
		<SD>[0.003655554502049171, 0.006783366448806324, 0.012741072705855073, 0.011047631583482424, 0.01257934985789885, 0.007092230249587633]</SD>
		<WAVELENGTH_UNIT>E-6m</WAVELENGTH_UNIT>
		<COLOR>#8e6a2f</COLOR>
		<COVARIANCE_MATRIX>[[1.3471288184518926e-05, 2.0057193978573196e-05, 3.605070014600642e-05, -1.0380882486060727e-05, -1.1112194442830514e-05, 1.0198973541264422e-06], [2.0057193978573196e-05, 4.271378929843195e-05, 7.576807547593489e-05, -2.9387412723735906e-05, -3.742769331438467e-05, -8.54875452205306e-06], [3.605070014600642e-05, 7.576807547593489e-05, 0.0001554271439090371, -7.274422387126833e-05, -9.379561379319057e-05, -2.9479899239959195e-05], [-1.0380882486060727e-05, -2.9387412723735906e-05, -7.274422387126833e-05, 0.00012358164531178772, 9.342406701762229e-05, 4.196846202830784e-05], [-1.1112194442830514e-05, -3.742769331438467e-05, -9.379561379319057e-05, 9.342406701762229e-05, 0.0001519128418294713, 6.948103691684082e-05], [1.0198973541264422e-06, -8.54875452205306e-06, -2.9479899239959195e-05, 4.196846202830784e-05, 6.948103691684082e-05, 5.068602695246227e-05]]</COVARIANCE_MATRIX>
		<ROI_SIZE>337</ROI_SIZE>
		<MAX_VALUE>[0.113409124314785, 0.13605700433254242, 0.1755620688199997, 0.24046306312084198, 0.06745162606239319, 0.05070556700229645]</MAX_VALUE>
		<MIN_VALUE>[0.09510380774736404, 0.09909431636333466, 0.11781080067157745, 0.18139435350894928, 0.0167450662702322, 0.008227718994021416]</MIN_VALUE>
		<SIGNATURE_THRESHOLD_MD>0.0</SIGNATURE_THRESHOLD_MD>
		<SIGNATURE_THRESHOLD_ML>0.0</SIGNATURE_THRESHOLD_ML>
		<SIGNATURE_THRESHOLD_SAM>0.0</SIGNATURE_THRESHOLD_SAM>
	</signature>
	<signature ID="20210203_132213620732_863">
		<MACROCLASSID>1</MACROCLASSID>
		<MACROCLASSINFO>waterbody</MACROCLASSINFO>
		<CLASSID>14</CLASSID>
		<CLASSINFO>C 1</CLASSINFO>
		<VALUES>[0.10198831641856504, 0.0026747436650514434, 0.11989671843392512, 0.005592912300797224, 0.1518695796934926, 0.010421030808255046, 0.20677647017398662, 0.010223164398971245, 0.038023711410256074, 0.012438146161918264, 0.020224923462778023, 0.007051307321227358]</VALUES>
		<LCS_MIN>[0.09510380774736404, 0.10193759948015213, 0.1230609118938446, 0.191239133477211, 0.012519520707428455, 0.005193585529923439]</LCS_MIN>
		<LCS_MAX>[0.10817903280258179, 0.13321372866630554, 0.1755620688199997, 0.23389984667301178, 0.07167717814445496, 0.044637296348810196]</LCS_MAX>
		<WAVELENGTH>[0.485, 0.56, 0.66, 0.83, 1.65, 2.215]</WAVELENGTH>
		<MEAN_VALUE>[0.10198831641856504, 0.11989671843392512, 0.1518695796934926, 0.20677647017398662, 0.038023711410256074, 0.020224923462778023]</MEAN_VALUE>
		<CHECKBOX>2</CHECKBOX>
		<SD>[0.0026747436650514434, 0.005592912300797224, 0.010421030808255046, 0.010223164398971245, 0.012438146161918264, 0.007051307321227358]</SD>
		<WAVELENGTH_UNIT>E-6m</WAVELENGTH_UNIT>
		<COLOR>#941432</COLOR>
		<COVARIANCE_MATRIX>[[7.1909421421878505e-06, 1.2135795259382576e-05, 2.10573216463672e-05, -1.3514880265574902e-05, -1.4261784599511884e-05, -3.898276645486476e-06], [1.2135795259382576e-05, 3.144108268315904e-05, 5.2307026635389775e-05, -3.8975249481154606e-05, -4.301870649214834e-05, -1.5535191778326407e-05], [2.10573216463672e-05, 5.2307026635389775e-05, 0.00010915479651885107, -8.271238766610622e-05, -8.818784408504143e-05, -3.7178295315243304e-05], [-1.3514880265574902e-05, -3.8975249481154606e-05, -8.271238766610622e-05, 0.00010504905367270112, 8.68511779117398e-05, 4.067537884111516e-05], [-1.4261784599511884e-05, -4.301870649214834e-05, -8.818784408504143e-05, 8.68511779117398e-05, 0.0001555008493596688, 7.382329204119742e-05], [-3.898276645486476e-06, -1.5535191778326407e-05, -3.7178295315243304e-05, 4.067537884111516e-05, 7.382329204119742e-05, 4.997591531719081e-05]]</COVARIANCE_MATRIX>
		<ROI_SIZE>196</ROI_SIZE>
		<MAX_VALUE>[0.10817903280258179, 0.13321372866630554, 0.1755620688199997, 0.23389984667301178, 0.07167717814445496, 0.044637296348810196]</MAX_VALUE>
		<MIN_VALUE>[0.09510380774736404, 0.10193759948015213, 0.1230609118938446, 0.191239133477211, 0.012519520707428455, 0.005193585529923439]</MIN_VALUE>
		<SIGNATURE_THRESHOLD_MD>0.0</SIGNATURE_THRESHOLD_MD>
		<SIGNATURE_THRESHOLD_ML>0.0</SIGNATURE_THRESHOLD_ML>
		<SIGNATURE_THRESHOLD_SAM>0.0</SIGNATURE_THRESHOLD_SAM>
	</signature>
	<signature ID="20210203_132226450556_539">
		<MACROCLASSID>1</MACROCLASSID>
		<MACROCLASSINFO>waterbody</MACROCLASSINFO>
		<CLASSID>15</CLASSID>
		<CLASSINFO>C 1</CLASSINFO>
		<VALUES>[0.09581085809212085, 0.0026658345804518434, 0.08355517818723945, 0.008365416128544058, 0.04336460018400885, 0.004661101305196987, 0.0410850097852987, 0.008915459891194305, 0.015203540328201322, 0.008750943177507142, 0.008974526338575485, 0.006577499620795168]</VALUES>
		<LCS_MIN>[0.08333610743284225, 0.06497491151094437, 0.03643403202295303, 0.01731465756893158, 0.004068427719175816, 0.0]</LCS_MIN>
		<LCS_MAX>[0.10425646603107452, 0.1047808825969696, 0.06530966609716415, 0.07638333737850189, 0.04843666031956673, 0.041603170335292816]</LCS_MAX>
		<WAVELENGTH>[0.485, 0.56, 0.66, 0.83, 1.65, 2.215]</WAVELENGTH>
		<MEAN_VALUE>[0.09581085809212085, 0.08355517818723945, 0.04336460018400885, 0.0410850097852987, 0.015203540328201322, 0.008974526338575485]</MEAN_VALUE>
		<CHECKBOX>2</CHECKBOX>
		<SD>[0.0026658345804518434, 0.008365416128544058, 0.004661101305196987, 0.008915459891194305, 0.008750943177507142, 0.006577499620795168]</SD>
		<WAVELENGTH_UNIT>E-6m</WAVELENGTH_UNIT>
		<COLOR>#85f3a7</COLOR>
		<COVARIANCE_MATRIX>[[7.113745141396066e-06, 1.6542924640816636e-05, 5.408909601101186e-06, -1.8720711523201317e-06, -4.766573965753196e-06, -3.2064624519989593e-06], [1.6542924640816636e-05, 7.004982035141438e-05, 2.876041799027007e-05, 1.200409769808175e-05, 5.949653427705925e-07, -1.2062217820130172e-06], [5.408909601101186e-06, 2.876041799027007e-05, 2.174748260586057e-05, 2.3667334971833043e-05, 1.8613420252222568e-05, 1.2363602763798553e-05], [-1.8720711523201317e-06, 1.200409769808175e-05, 2.3667334971833043e-05, 7.95645173639059e-05, 6.05695167905651e-05, 4.0744987927610055e-05], [-4.766573965753196e-06, 5.949653427705925e-07, 1.8613420252222568e-05, 6.05695167905651e-05, 7.665520388400182e-05, 4.982241443940438e-05], [-3.2064624519989593e-06, -1.2062217820130172e-06, 1.2363602763798553e-05, 4.0744987927610055e-05, 4.982241443940438e-05, 4.330655065132305e-05]]</COVARIANCE_MATRIX>
		<ROI_SIZE>1006</ROI_SIZE>
		<MAX_VALUE>[0.10425646603107452, 0.1047808825969696, 0.06530966609716415, 0.07638333737850189, 0.04843666031956673, 0.041603170335292816]</MAX_VALUE>
		<MIN_VALUE>[0.08333610743284225, 0.06497491151094437, 0.03643403202295303, 0.01731465756893158, 0.004068427719175816, 0.0]</MIN_VALUE>
		<SIGNATURE_THRESHOLD_MD>0.0</SIGNATURE_THRESHOLD_MD>
		<SIGNATURE_THRESHOLD_ML>0.0</SIGNATURE_THRESHOLD_ML>
		<SIGNATURE_THRESHOLD_SAM>0.0</SIGNATURE_THRESHOLD_SAM>
	</signature>
	<signature ID="20210203_132259018307_545">
		<MACROCLASSID>1</MACROCLASSID>
		<MACROCLASSINFO>waterbody</MACROCLASSINFO>
		<CLASSID>16</CLASSID>
		<CLASSINFO>C 1</CLASSINFO>
		<VALUES>[0.10301823845382113, 0.002805292685281825, 0.11990139679768665, 0.004751692605102445, 0.15487007741829226, 0.009033029717898152, 0.2002294835407065, 0.006778149370578663, 0.030896752705789007, 0.01147818976586194, 0.018134089249555306, 0.007674331980437278]</VALUES>
		<LCS_MIN>[0.09510380774736404, 0.09909431636333466, 0.11781080067157745, 0.17154955863952637, 0.012519520707428455, 0.0021594541613012552]</LCS_MIN>
