<?xml version="1.0" ?>
<signaturelist MCID_LIST="[['1', 'waterbody', '#000000'], ['2', 'vegetation', '#000000'], ['3', 'bareland', '#000000'], ['4', 'build-up', '#000000']]">
	<signature ID="20210208_112941419414_958">
		<MACROCLASSID>1</MACROCLASSID>
		<MACROCLASSINFO>waterbody</MACROCLASSINFO>
		<CLASSID>1</CLASSID>
		<CLASSINFO>C 1</CLASSINFO>
		<VALUES>[0.14578236076641024, 0.0026514472800064025, 0.13605336877441818, 0.003020508673905744, 0.11720132086870039, 0.0033148494519503677, 0.08133933429669299, 0.008926011236351235, 0.023267791443100493, 0.009437199615844957, 0.012788364478445832, 0.007177470865884416]</VALUES>
		<LCS_MIN>[0.13821212947368622, 0.12220969796180725, 0.10563340038061142, 0.06733845919370651, 0.007341765332967043, 0.0]</LCS_MIN>
		<LCS_MAX>[0.15415659546852112, 0.14440344274044037, 0.12745893001556396, 0.12190677225589752, 0.06756885349750519, 0.04941447451710701]</LCS_MAX>
		<WAVELENGTH>[0.485, 0.56, 0.66, 0.83, 1.65, 2.215]</WAVELENGTH>
		<MEAN_VALUE>[0.14578236076641024, 0.13605336877441818, 0.11720132086870039, 0.08133933429669299, 0.023267791443100493, 0.012788364478445832]</MEAN_VALUE>
		<CHECKBOX>2</CHECKBOX>
		<SD>[0.0026514472800064025, 0.003020508673905744, 0.0033148494519503677, 0.008926011236351235, 0.009437199615844957, 0.007177470865884416]</SD>
		<WAVELENGTH_UNIT>E-6m</WAVELENGTH_UNIT>
		<COLOR>#b83338</COLOR>
		<COVARIANCE_MATRIX>[[7.034108875814127e-06, 3.4145714380429126e-06, 3.536487838573521e-06, -8.464236316285678e-07, -2.302639359186287e-06, -1.193816842715023e-06], [3.4145714380429126e-06, 9.128581041295547e-06, 5.26066241945955e-06, -4.178796643827809e-06, -6.546842541865772e-06, -4.284605438442668e-06], [3.536487838573521e-06, 5.26066241945955e-06, 1.099437940865755e-05, 4.556897238217061e-06, 2.6913497208624904e-07, 4.5326692088565324e-07], [-8.464236316285678e-07, -4.178796643827809e-06, 4.556897238217061e-06, 7.971828745212406e-05, 7.063467637635767e-05, 4.9060388846555725e-05], [-2.302639359186287e-06, -6.546842541865772e-06, 2.6913497208624904e-07, 7.063467637635767e-05, 8.911060285754502e-05, 5.979970592306927e-05], [-1.193816842715023e-06, -4.284605438442668e-06, 4.5326692088565324e-07, 4.9060388846555725e-05, 5.979970592306927e-05, 5.154493192094378e-05]]</COVARIANCE_MATRIX>
		<ROI_SIZE>1787</ROI_SIZE>
		<MAX_VALUE>[0.15415659546852112, 0.14440344274044037, 0.12745893001556396, 0.12190677225589752, 0.06756885349750519, 0.04941447451710701]</MAX_VALUE>
		<MIN_VALUE>[0.13821212947368622, 0.12220969796180725, 0.10563340038061142, 0.06733845919370651, 0.007341765332967043, 0.0]</MIN_VALUE>
		<SIGNATURE_THRESHOLD_MD>0.0</SIGNATURE_THRESHOLD_MD>
		<SIGNATURE_THRESHOLD_ML>0.0</SIGNATURE_THRESHOLD_ML>
		<SIGNATURE_THRESHOLD_SAM>0.0</SIGNATURE_THRESHOLD_SAM>
	</signature>
	<signature ID="20210208_115606621045_515">
		<MACROCLASSID>1</MACROCLASSID>
		<MACROCLASSINFO>waterbody</MACROCLASSINFO>
		<CLASSID>2</CLASSID>
		<CLASSINFO>C 1</CLASSINFO>
		<VALUES>[0.14312923137958236, 0.002311458335117136, 0.1339894621969969, 0.0028586420139752092, 0.1143103062682003, 0.0037155790733721748, 0.0746453208121818, 0.007854341141644993, 0.020183633377462474, 0.007801502391227979, 0.010852686904285867, 0.005898073150741693]</VALUES>
		<LCS_MIN>[0.13644054532051086, 0.12220969796180725, 0.10563340038061142, 0.0634407252073288, 0.007341765332967043, 0.0]</LCS_MIN>
		<LCS_MAX>[0.15238498151302338, 0.14440344274044037, 0.12745893001556396, 0.11411131173372269, 0.06254991888999939, 0.04941447451710701]</LCS_MAX>
		<WAVELENGTH>[0.485, 0.56, 0.66, 0.83, 1.65, 2.215]</WAVELENGTH>
		<MEAN_VALUE>[0.14312923137958236, 0.1339894621969969, 0.1143103062682003, 0.0746453208121818, 0.020183633377462474, 0.010852686904285867]</MEAN_VALUE>
		<CHECKBOX>2</CHECKBOX>
		<SD>[0.002311458335117136, 0.0028586420139752092, 0.0037155790733721748, 0.007854341141644993, 0.007801502391227979, 0.005898073150741693]</SD>
		<WAVELENGTH_UNIT>E-6m</WAVELENGTH_UNIT>
		<COLOR>#dc7084</COLOR>
		<COVARIANCE_MATRIX>[[5.586158295045607e-06, 2.2573362912226003e-06, 2.0733782548632007e-06, -2.3804700504115317e-06, -2.3859131488279672e-06, -1.5970317690516822e-06], [2.2573362912226003e-06, 8.08968525234377e-06, 5.210470135352807e-06, -6.3279126152337994e-06, -5.6756180129013956e-06, -3.838677002931945e-06], [2.0733782548632007e-06, 5.210470135352807e-06, 1.26067325254553e-05, -2.2778735910833348e-06, -2.205403689004015e-06, -1.4596258779420168e-06], [-2.3804700504115317e-06, -6.3279126152337994e-06, -2.2778735910833348e-06, 5.602383680525236e-05, 4.3339332478353754e-05, 2.8508151444839314e-05], [-2.3859131488279672e-06, -5.6756180129013956e-06, -2.205403689004015e-06, 4.3339332478353754e-05, 5.09195560880471e-05, 3.1378705898532644e-05], [-1.5970317690516822e-06, -3.838677002931945e-06, -1.4596258779420168e-06, 2.8508151444839314e-05, 3.1378705898532644e-05, 2.960124948003795e-05]]</COVARIANCE_MATRIX>
		<ROI_SIZE>3222</ROI_SIZE>
		<MAX_VALUE>[0.15238498151302338, 0.14440344274044037, 0.12745893001556396, 0.11411131173372269, 0.06254991888999939, 0.04941447451710701]</MAX_VALUE>
		<MIN_VALUE>[0.13644054532051086, 0.12220969796180725, 0.10563340038061142, 0.0634407252073288, 0.007341765332967043, 0.0]</MIN_VALUE>
		<SIGNATURE_THRESHOLD_MD>0.0</SIGNATURE_THRESHOLD_MD>
		<SIGNATURE_THRESHOLD_ML>0.0</SIGNATURE_THRESHOLD_ML>
		<SIGNATURE_THRESHOLD_SAM>0.0</SIGNATURE_THRESHOLD_SAM>
	</signature>
	<signature ID="20210208_115614610442_684">
		<MACROCLASSID>1</MACROCLASSID>
		<MACROCLASSINFO>waterbody</MACROCLASSINFO>
		<CLASSID>3</CLASSID>
		<CLASSINFO>C 1</CLASSINFO>
		<VALUES>[0.13913831327832954, 0.0023164806928639703, 0.12550207002419672, 0.0028180413518809344, 0.10078235979960162, 0.0044683870784176655, 0.06920895273060643, 0.00865643962355109, 0.020981218352900524, 0.009485864198253383, 0.011686041813645038, 0.007383368781068737]</VALUES>
		<LCS_MIN>[0.13112571835517883, 0.11481177806854248, 0.09004376083612442, 0.05564524978399277, 0.007341765332967043, 0.0]</LCS_MIN>
		<LCS_MAX>[0.1488417685031891, 0.1370055377483368, 0.11498717963695526, 0.10631582885980606, 0.06505939364433289, 0.05301828309893608]</LCS_MAX>
		<WAVELENGTH>[0.485, 0.56, 0.66, 0.83, 1.65, 2.215]</WAVELENGTH>
		<MEAN_VALUE>[0.13913831327832954, 0.12550207002419672, 0.10078235979960162, 0.06920895273060643, 0.020981218352900524, 0.011686041813645038]</MEAN_VALUE>
		<CHECKBOX>2</CHECKBOX>
		<SD>[0.0023164806928639703, 0.0028180413518809344, 0.0044683870784176655, 0.00865643962355109, 0.009485864198253383, 0.007383368781068737]</SD>
		<WAVELENGTH_UNIT>E-6m</WAVELENGTH_UNIT>
		<COLOR>#52a624</COLOR>
		<COVARIANCE_MATRIX>[[5.7854163060255814e-06, 2.702785423025489e-06, 5.0032895160256885e-06, 2.8141455459262943e-06, 1.6753607496866607e-06, 1.3472722457663622e-06], [2.702785423025489e-06, 8.11238987807883e-06, 8.462248842988629e-06, 3.233988309148117e-06, 7.100011316651944e-07, 7.913570811979298e-07], [5.0032895160256885e-06, 8.462248842988629e-06, 2.182979187637102e-05, 1.527895437902771e-05, 1.1260967767157126e-05, 8.28565771371359e-06], [2.8141455459262943e-06, 3.233988309148117e-06, 1.527895437902771e-05, 7.346588972723112e-05, 6.534466956509277e-05, 4.406008156365715e-05], [1.6753607496866607e-06, 7.100011316651944e-07, 1.1260967767157126e-05, 6.534466956509277e-05, 8.022510883165523e-05, 5.187329588807188e-05], [1.3472722457663622e-06, 7.913570811979298e-07, 8.28565771371359e-06, 4.406008156365715e-05, 5.187329588807188e-05, 4.671548231272027e-05]]</COVARIANCE_MATRIX>
		<ROI_SIZE>1927</ROI_SIZE>
		<MAX_VALUE>[0.1488417685031891, 0.1370055377483368, 0.11498717963695526, 0.10631582885980606, 0.06505939364433289, 0.05301828309893608]</MAX_VALUE>
		<MIN_VALUE>[0.13112571835517883, 0.11481177806854248, 0.09004376083612442, 0.05564524978399277, 0.007341765332967043, 0.0]</MIN_VALUE>
		<SIGNATURE_THRESHOLD_MD>0.0</SIGNATURE_THRESHOLD_MD>
		<SIGNATURE_THRESHOLD_ML>0.0</SIGNATURE_THRESHOLD_ML>
		<SIGNATURE_THRESHOLD_SAM>0.0</SIGNATURE_THRESHOLD_SAM>
	</signature>
	<signature ID="20210208_115626874462_838">
		<MACROCLASSID>1</MACROCLASSID>
		<MACROCLASSINFO>waterbody</MACROCLASSINFO>
		<CLASSID>4</CLASSID>
		<CLASSINFO>C 1</CLASSINFO>
		<VALUES>[0.13773683204742798, 0.00491118214322475, 0.12256766316414257, 0.007769189532983918, 0.09676042681576057, 0.00556693517563846, 0.06116831799445895, 0.012191650408241161, 0.019768637032368964, 0.010473159256040221, 0.011323555726755807, 0.007339712515769669]</VALUES>
		<LCS_MIN>[0.11695288866758347, 0.09631699323654175, 0.08068995177745819, 0.04784976691007614, 0.004832304082810879, 0.0]</LCS_MIN>
		<LCS_MAX>[0.1488417685031891, 0.1370055377483368, 0.12122305482625961, 0.09852035343647003, 0.06254991888999939, 0.05301828309893608]</LCS_MAX>
		<WAVELENGTH>[0.485, 0.56, 0.66, 0.83, 1.65, 2.215]</WAVELENGTH>
		<MEAN_VALUE>[0.13773683204742798, 0.12256766316414257, 0.09676042681576057, 0.06116831799445895, 0.019768637032368964, 0.011323555726755807]</MEAN_VALUE>
		<CHECKBOX>2</CHECKBOX>
		<SD>[0.00491118214322475, 0.007769189532983918, 0.00556693517563846, 0.012191650408241161, 0.010473159256040221, 0.007339712515769669]</SD>
		<WAVELENGTH_UNIT>E-6m</WAVELENGTH_UNIT>
		<COLOR>#52b63c</COLOR>
		<COVARIANCE_MATRIX>[[2.793146632029675e-05, 4.130049273953773e-05, 1.9261597117292695e-05, -3.092909537372179e-05, -1.9247732780058868e-05, -1.093027094611898e-05], [4.130049273953773e-05, 7.743878086330369e-05, 3.4736549423541874e-05, -5.558117481996305e-05, -3.397431646590121e-05, -1.9130220607621595e-05], [1.9261597117292695e-05, 3.4736549423541874e-05, 3.450507210800424e-05, 3.0756309570278972e-06, 7.119373094610637e-06, 6.490681244031293e-06], [-3.092909537372179e-05, -5.558117481996305e-05, 3.0756309570278972e-06, 0.00015588177484460175, 0.00011742873175535351, 7.216146332211792e-05], [-1.9247732780058868e-05, -3.397431646590121e-05, 7.119373094610637e-06, 0.00011742873175535351, 0.00011537162208696827, 6.92113972036168e-05], [-1.093027094611898e-05, -1.9130220607621595e-05, 6.490681244031293e-06, 7.216146332211792e-05, 6.92113972036168e-05, 5.364936441765167e-05]]</COVARIANCE_MATRIX>
		<ROI_SIZE>2480</ROI_SIZE>
		<MAX_VALUE>[0.1488417685031891, 0.1370055377483368, 0.12122305482625961, 0.09852035343647003, 0.06254991888999939, 0.05301828309893608]</MAX_VALUE>
		<MIN_VALUE>[0.11695288866758347, 0.09631699323654175, 0.08068995177745819, 0.04784976691007614, 0.004832304082810879, 0.0]</MIN_VALUE>
		<SIGNATURE_THRESHOLD_MD>0.0</SIGNATURE_THRESHOLD_MD>
		<SIGNATURE_THRESHOLD_ML>0.0</SIGNATURE_THRESHOLD_ML>
		<SIGNATURE_THRESHOLD_SAM>0.0</SIGNATURE_THRESHOLD_SAM>
	</signature>
	<signature ID="20210208_115634151954_363">
		<MACROCLASSID>1</MACROCLASSID>
		<MACROCLASSINFO>waterbody</MACROCLASSINFO>
		<CLASSID>5</CLASSID>
		<CLASSINFO>C 1</CLASSINFO>
		<VALUES>[0.13607387696416642, 0.0032762887724507852, 0.11874040647604665, 0.004052322399535998, 0.08864004121758179, 0.006263240276938892, 0.045045334971862534, 0.007983228312437331, 0.011060664762470918, 0.005529448913436177, 0.006662273356651999, 0.0043849005472635675]</VALUES>
		<LCS_MIN>[0.12403930723667145, 0.10371491312980652, 0.07445410639047623, 0.036156561225652695, 0.0, 0.0]</LCS_MIN>
		<LCS_MAX>[0.15947142243385315, 0.15180134773254395, 0.13057686388492584, 0.08682713657617569, 0.05502153933048248, 0.05301828309893608]</LCS_MAX>
		<WAVELENGTH>[0.485, 0.56, 0.66, 0.83, 1.65, 2.215]</WAVELENGTH>
		<MEAN_VALUE>[0.13607387696416642, 0.11874040647604665, 0.08864004121758179, 0.045045334971862534, 0.011060664762470918, 0.006662273356651999]</MEAN_VALUE>
		<CHECKBOX>2</CHECKBOX>
		<SD>[0.0032762887724507852, 0.004052322399535998, 0.006263240276938892, 0.007983228312437331, 0.005529448913436177, 0.0043849005472635675]</SD>
		<WAVELENGTH_UNIT>E-6m</WAVELENGTH_UNIT>
		<COLOR>#db1de1</COLOR>
		<COVARIANCE_MATRIX>[[1.0259878763463348e-05, 6.8914168878109194e-06, 7.749873475404456e-06, 7.2561610977572855e-06, 1.6265572639895254e-06, 3.9199454704430536e-07], [6.8914168878109194e-06, 1.5992951375665143e-05, 8.827421879686881e-06, 3.3997271202679258e-06, -2.962538019346539e-07, -5.887811767024687e-07], [7.749873475404456e-06, 8.827421879686881e-06, 3.207534973626025e-05, 3.156830644002184e-05, 1.4027651559445076e-05, 7.792986252752598e-06], [7.2561610977572855e-06, 3.3997271202679258e-06, 3.156830644002184e-05, 5.800983126391657e-05, 2.867997500288766e-05, 1.6591713574598543e-05], [1.6265572639895254e-06, -2.962538019346539e-07, 1.4027651559445076e-05, 2.867997500288766e-05, 2.756421235972084e-05, 1.4720182662131265e-05], [3.9199454704430536e-07, -5.887811767024687e-07, 7.792986252752598e-06, 1.6591713574598543e-05, 1.4720182662131265e-05, 1.7575783203938045e-05]]</COVARIANCE_MATRIX>
		<ROI_SIZE>6869</ROI_SIZE>
		<MAX_VALUE>[0.15947142243385315, 0.15180134773254395, 0.13057686388492584, 0.08682713657617569, 0.05502153933048248, 0.05301828309893608]</MAX_VALUE>
		<MIN_VALUE>[0.12403930723667145, 0.10371491312980652, 0.07445410639047623, 0.036156561225652695, 0.0, 0.0]</MIN_VALUE>
		<SIGNATURE_THRESHOLD_MD>0.0</SIGNATURE_THRESHOLD_MD>
		<SIGNATURE_THRESHOLD_ML>0.0</SIGNATURE_THRESHOLD_ML>
		<SIGNATURE_THRESHOLD_SAM>0.0</SIGNATURE_THRESHOLD_SAM>
	</signature>
	<signature ID="20210208_115644853269_673">
		<MACROCLASSID>1</MACROCLASSID>
		<MACROCLASSINFO>waterbody</MACROCLASSINFO>
		<CLASSID>6</CLASSID>
		<CLASSINFO>C 1</CLASSINFO>
		<VALUES>[0.13015366315673577, 0.004483971266332308, 0.11841184770889894, 0.008060513997074508, 0.09285960392146979, 0.010819435961012216, 0.04501800677221229, 0.009241258727072921, 0.010359715459389057, 0.007491339293710725, 0.006317401392102562, 0.005605266802765094]</VALUES>
		<LCS_MIN>[0.10809486359357834, 0.08522011339664459, 0.061982378363609314, 0.03225882351398468, 0.0, 0.0]</LCS_MIN>
		<LCS_MAX>[0.1417553573846817, 0.1370055377483368, 0.13369478285312653, 0.08682713657617569, 0.05502153933048248, 0.04941447451710701]</LCS_MAX>
		<WAVELENGTH>[0.485, 0.56, 0.66, 0.83, 1.65, 2.215]</WAVELENGTH>
		<MEAN_VALUE>[0.13015366315673577, 0.11841184770889894, 0.09285960392146979, 0.04501800677221229, 0.010359715459389057, 0.006317401392102562]</MEAN_VALUE>
		<CHECKBOX>2</CHECKBOX>
		<SD>[0.004483971266332308, 0.008060513997074508, 0.010819435961012216, 0.009241258727072921, 0.007491339293710725, 0.005605266802765094]</SD>
		<WAVELENGTH_UNIT>E-6m</WAVELENGTH_UNIT>
		<COLOR>#971b77</COLOR>
		<COVARIANCE_MATRIX>[[1.6210911780945025e-05, 2.25241146836197e-05, 2.4962037059594877e-05, 1.039869744090538e-06, -3.1885622320260154e-06, -1.1845633025586721e-06], [2.25241146836197e-05, 4.930485738441348e-05, 5.478638195199892e-05, 3.640820295913727e-06, -8.656714271637611e-06, -4.336377969593741e-06], [2.4962037059594877e-05, 5.478638195199892e-05, 0.00011317487951600924, 4.6918583393562585e-05, 4.032647211715812e-06, 4.037839062220883e-06], [1.039869744090538e-06, 3.640820295913727e-06, 4.6918583393562585e-05, 9.032888192450628e-05, 5.095370943308808e-05, 3.4237313229823485e-05], [-3.1885622320260154e-06, -8.656714271637611e-06, 4.032647211715812e-06, 5.095370943308808e-05, 5.889397289138287e-05, 3.769966497202404e-05], [-1.1845633025586721e-06, -4.336377969593741e-06, 4.037839062220883e-06, 3.4237313229823485e-05, 3.769966497202404e-05, 3.431603909120895e-05]]</COVARIANCE_MATRIX>
		<ROI_SIZE>7776</ROI_SIZE>
		<MAX_VALUE>[0.1417553573846817, 0.1370055377483368, 0.13369478285312653, 0.08682713657617569, 0.05502153933048248, 0.04941447451710701]</MAX_VALUE>
		<MIN_VALUE>[0.10809486359357834, 0.08522011339664459, 0.061982378363609314, 0.03225882351398468, 0.0, 0.0]</MIN_VALUE>
		<SIGNATURE_THRESHOLD_MD>0.0</SIGNATURE_THRESHOLD_MD>
		<SIGNATURE_THRESHOLD_ML>0.0</SIGNATURE_THRESHOLD_ML>
		<SIGNATURE_THRESHOLD_SAM>0.0</SIGNATURE_THRESHOLD_SAM>
	</signature>
	<signature ID="20210208_115654764412_165">
		<MACROCLASSID>1</MACROCLASSID>
		<MACROCLASSINFO>waterbody</MACROCLASSINFO>
		<CLASSID>7</CLASSID>
		<CLASSINFO>C 1</CLASSINFO>
		<VALUES>[0.12190367179374176, 0.0033328822214566257, 0.10288165694547746, 0.005192477700854527, 0.07784016382748672, 0.010708399843737108, 0.051984811754531506, 0.013655052831103298, 0.015277078361753672, 0.010842901437379815, 0.008992809555642118, 0.007271461397855467]</VALUES>
		<LCS_MIN>[0.11163806915283203, 0.09261803328990936, 0.058864444494247437, 0.036156561225652695, 0.0, 0.0]</LCS_MIN>
		<LCS_MAX>[0.13466893136501312, 0.11851074546575546, 0.10563340038061142, 0.090724878013134, 0.057530999183654785, 0.04941447451710701]</LCS_MAX>
		<WAVELENGTH>[0.485, 0.56, 0.66, 0.83, 1.65, 2.215]</WAVELENGTH>
		<MEAN_VALUE>[0.12190367179374176, 0.10288165694547746, 0.07784016382748672, 0.051984811754531506, 0.015277078361753672, 0.008992809555642118]</MEAN_VALUE>
		<CHECKBOX>2</CHECKBOX>
		<SD>[0.0033328822214566257, 0.005192477700854527, 0.010708399843737108, 0.013655052831103298, 0.010842901437379815, 0.007271461397855467]</SD>
		<WAVELENGTH_UNIT>E-6m</WAVELENGTH_UNIT>
		<COLOR>#2dddea</COLOR>
		<COVARIANCE_MATRIX>[[1.075888030754868e-05, 1.1440127309469972e-05, 1.8786244254442863e-05, 1.4478627235803287e-05, 7.423487659252714e-06, 4.788826572621474e-06], [1.1440127309469972e-05, 2.493169995432254e-05, 4.039549457957037e-05, 3.2664091122569516e-05, 1.6492820577695966e-05, 1.0194573405897245e-05], [1.8786244254442863e-05, 4.039549457957037e-05, 0.00011098304821643978, 0.00010192404442932457, 5.2271374443080276e-05, 3.1368323107017204e-05], [1.4478627235803287e-05, 3.2664091122569516e-05, 0.00010192404442932457, 0.00015824516594875604, 9.604336810298264e-05, 5.703592978534289e-05], [7.423487659252714e-06, 1.6492820577695966e-05, 5.2271374443080276e-05, 9.604336810298264e-05, 9.450114157516509e-05, 5.6757959100650623e-05], [4.788826572621474e-06, 1.0194573405897245e-05, 3.1368323107017204e-05, 5.703592978534289e-05, 5.6757959100650623e-05, 4.4557094952324405e-05]]</COVARIANCE_MATRIX>
		<ROI_SIZE>3199</ROI_SIZE>
		<MAX_VALUE>[0.13466893136501312, 0.11851074546575546, 0.10563340038061142, 0.090724878013134, 0.057530999183654785, 0.04941447451710701]</MAX_VALUE>
		<MIN_VALUE>[0.11163806915283203, 0.09261803328990936, 0.058864444494247437, 0.036156561225652695, 0.0, 0.0]</MIN_VALUE>
		<SIGNATURE_THRESHOLD_MD>0.0</SIGNATURE_THRESHOLD_MD>
		<SIGNATURE_THRESHOLD_ML>0.0</SIGNATURE_THRESHOLD_ML>
		<SIGNATURE_THRESHOLD_SAM>0.0</SIGNATURE_THRESHOLD_SAM>
	</signature>
	<signature ID="20210208_115704305711_228">
		<MACROCLASSID>1</MACROCLASSID>
		<MACROCLASSINFO>waterbody</MACROCLASSINFO>
		<CLASSID>8</CLASSID>
		<CLASSINFO>C 1</CLASSINFO>
		<VALUES>[0.14135878832235807, 0.0028082896743296146, 0.13429956640882043, 0.00340064686202682, 0.11687109705184588, 0.003165436045385631, 0.06558400323948332, 0.007256157266870048, 0.017296168398767686, 0.007844874929252696, 0.009899950828720463, 0.0063454490899791695]</VALUES>
		<LCS_MIN>[0.13289731740951538, 0.12220969796180725, 0.10251546651124954, 0.05564524978399277, 0.007341765332967043, 0.0]</LCS_MIN>
		<LCS_MAX>[0.15061338245868683, 0.14810240268707275, 0.12745893001556396, 0.11411131173372269, 0.06505939364433289, 0.05662209540605545]</LCS_MAX>
		<WAVELENGTH>[0.485, 0.56, 0.66, 0.83, 1.65, 2.215]</WAVELENGTH>
		<MEAN_VALUE>[0.14135878832235807, 0.13429956640882043, 0.11687109705184588, 0.06558400323948332, 0.017296168398767686, 0.009899950828720463]</MEAN_VALUE>
		<CHECKBOX>2</CHECKBOX>
		<SD>[0.0028082896743296146, 0.00340064686202682, 0.003165436045385631, 0.007256157266870048, 0.007844874929252696, 0.0063454490899791695]</SD>
		<WAVELENGTH_UNIT>E-6m</WAVELENGTH_UNIT>
		<COLOR>#c8e5c2</COLOR>
		<COVARIANCE_MATRIX>[[7.366130375885405e-06, 4.428473857842619e-06, 3.4835597944038454e-06, -6.859788186375226e-07, -9.438427355235035e-07, -7.485240303140017e-07], [4.428473857842619e-06, 1.0737895536294673e-05, 6.023674359312281e-06, -5.886903636564966e-06, -6.8989825194876175e-06, -4.870146767643746e-06], [3.4835597944038454e-06, 6.023674359312281e-06, 9.307782420364674e-06, -1.4048318917048164e-06, -2.409870603514719e-06, -1.6916580989345675e-06], [-6.859788186375226e-07, -5.886903636564966e-06, -1.4048318917048164e-06, 5.899426105315797e-05, 4.9495545681566e-05, 3.506460416247137e-05], [-9.438427355235035e-07, -6.8989825194876175e-06, -2.409870603514719e-06, 4.9495545681566e-05, 6.094526543165557e-05, 4.1721752495504916e-05], [-7.485240303140017e-07, -4.870146767643746e-06, -1.6916580989345675e-06, 3.506460416247137e-05, 4.1721752495504916e-05, 4.0283506677951664e-05]]</COVARIANCE_MATRIX>
		<ROI_SIZE>2598</ROI_SIZE>
		<MAX_VALUE>[0.15061338245868683, 0.14810240268707275, 0.12745893001556396, 0.11411131173372269, 0.06505939364433289, 0.05662209540605545]</MAX_VALUE>
		<MIN_VALUE>[0.13289731740951538, 0.12220969796180725, 0.10251546651124954, 0.05564524978399277, 0.007341765332967043, 0.0]</MIN_VALUE>
		<SIGNATURE_THRESHOLD_MD>0.0</SIGNATURE_THRESHOLD_MD>
		<SIGNATURE_THRESHOLD_ML>0.0</SIGNATURE_THRESHOLD_ML>
		<SIGNATURE_THRESHOLD_SAM>0.0</SIGNATURE_THRESHOLD_SAM>
	</signature>
	<signature ID="20210208_115713475006_289">
		<MACROCLASSID>1</MACROCLASSID>
		<MACROCLASSINFO>waterbody</MACROCLASSINFO>
		<CLASSID>9</CLASSID>
		<CLASSINFO>C 1</CLASSINFO>
		<VALUES>[0.14093069525074153, 0.002464620914819467, 0.13486966376067738, 0.0028256686408327874, 0.12185711508144183, 0.0034012511612374545, 0.07694099121379534, 0.00988339617496408, 0.023578358920979113, 0.011277754141414723, 0.014109210718037394, 0.008249789091907978]</VALUES>
		<LCS_MIN>[0.13289731740951538, 0.11851074546575546, 0.09627960622310638, 0.0634407252073288, 0.007341765332967043, 0.0025649068411439657]</LCS_MIN>
		<LCS_MAX>[0.15238498151302338, 0.14810240268707275, 0.13369478285312653, 0.1180090457201004, 0.06505939364433289, 0.04941447451710701]</LCS_MAX>
		<WAVELENGTH>[0.485, 0.56, 0.66, 0.83, 1.65, 2.215]</WAVELENGTH>
		<MEAN_VALUE>[0.14093069525074153, 0.13486966376067738, 0.12185711508144183, 0.07694099121379534, 0.023578358920979113, 0.014109210718037394]</MEAN_VALUE>
		<CHECKBOX>2</CHECKBOX>
		<SD>[0.002464620914819467, 0.0028256686408327874, 0.0034012511612374545, 0.00988339617496408, 0.011277754141414723, 0.008249789091907978]</SD>
		<WAVELENGTH_UNIT>E-6m</WAVELENGTH_UNIT>
		<COLOR>#ccf5ad</COLOR>
		<COVARIANCE_MATRIX>[[6.080028015276184e-06, 2.2630797502642963e-06, 3.421922201596317e-06, -1.2292408655412146e-06, -2.0439631498447852e-06, -8.853971849021036e-07], [2.2630797502642963e-06, 7.99185818323167e-06, 5.221438641456189e-06, -7.888872460171115e-06, -9.793559001991525e-06, -6.660465260210913e-06], [3.421922201596317e-06, 5.221438641456189e-06, 1.157931092166109e-05, -8.136759788612835e-06, -1.028263613989111e-05, -5.794824119220721e-06], [-1.2292408655412146e-06, -7.888872460171115e-06, -8.136759788612835e-06, 9.777272498467937e-05, 9.550472168484703e-05, 6.518321606563404e-05], [-2.0439631498447852e-06, -9.793559001991525e-06, -1.028263613989111e-05, 9.550472168484703e-05, 0.0001273064990527928, 8.489281026413664e-05], [-8.853971849021036e-07, -6.660465260210913e-06, -5.794824119220721e-06, 6.518321606563404e-05, 8.489281026413664e-05, 6.812256469856948e-05]]</COVARIANCE_MATRIX>
		<ROI_SIZE>1072</ROI_SIZE>
		<MAX_VALUE>[0.15238498151302338, 0.14810240268707275, 0.13369478285312653, 0.1180090457201004, 0.06505939364433289, 0.04941447451710701]</MAX_VALUE>
		<MIN_VALUE>[0.13289731740951538, 0.11851074546575546, 0.09627960622310638, 0.0634407252073288, 0.007341765332967043, 0.0025649068411439657]</MIN_VALUE>
		<SIGNATURE_THRESHOLD_MD>0.0</SIGNATURE_THRESHOLD_MD>
		<SIGNATURE_THRESHOLD_ML>0.0</SIGNATURE_THRESHOLD_ML>
		<SIGNATURE_THRESHOLD_SAM>0.0</SIGNATURE_THRESHOLD_SAM>
	</signature>
	<signature ID="20210208_115722141132_637">
		<MACROCLASSID>1</MACROCLASSID>
		<MACROCLASSINFO>waterbody</MACROCLASSINFO>
		<CLASSID>10</CLASSID>
		<CLASSINFO>C 1</CLASSINFO>
		<VALUES>[0.13810480929348298, 0.0021690015791326583, 0.13305204948473065, 0.0023974761262944826, 0.1179791898616411, 0.003086079545555868, 0.07603183523009945, 0.010341078350012106, 0.02205693515584643, 0.010301204444404995, 0.012665160322142517, 0.007459324441177924]</VALUES>
		<LCS_MIN>[0.13112571835517883, 0.12220969796180725, 0.10563340038061142, 0.059542980045080185, 0.0023228423669934273, 0.0]</LCS_MIN>
		<LCS_MAX>[0.145298570394516, 0.14070448279380798, 0.13369478285312653, 0.12190677225589752, 0.06505939364433289, 0.05662209540605545]</LCS_MAX>
		<WAVELENGTH>[0.485, 0.56, 0.66, 0.83, 1.65, 2.215]</WAVELENGTH>
		<MEAN_VALUE>[0.13810480929348298, 0.13305204948473065, 0.1179791898616411, 0.07603183523009945, 0.02205693515584643, 0.012665160322142517]</MEAN_VALUE>
		<CHECKBOX>2</CHECKBOX>
		<SD>[0.0021690015791326583, 0.0023974761262944826, 0.003086079545555868, 0.010341078350012106, 0.010301204444404995, 0.007459324441177924]</SD>
		<WAVELENGTH_UNIT>E-6m</WAVELENGTH_UNIT>
		<COLOR>#d7921c</COLOR>
		<COVARIANCE_MATRIX>[[5.365942342905328e-06, 1.6646577023493592e-06, 2.3656414782635693e-07, -2.2165727386891376e-06, -2.3614775273017585e-06, -1.2160677442807355e-06], [1.6646577023493592e-06, 6.308775937213795e-06, 1.0371334155934164e-06, -8.812341548036784e-06, -8.142771548591554e-06, -5.2024056458321866e-06], [2.3656414782635693e-07, 1.0371334155934164e-06, 1.0301819202140905e-05, 9.173331818601582e-07, -3.9470751289627515e-06, -1.4411460824703681e-06], [-2.2165727386891376e-06, -8.812341548036784e-06, 9.173331818601582e-07, 0.0001136104910983704, 9.048665378941223e-05, 5.974909436190501e-05], [-2.3614775273017585e-06, -8.142771548591554e-06, -3.9470751289627515e-06, 9.048665378941223e-05, 0.0001080268484656699, 6.984856736380607e-05], [-1.2160677442807355e-06, -5.2024056458321866e-06, -1.4411460824703681e-06, 5.974909436190501e-05, 6.984856736380607e-05, 5.9526824770728126e-05]]</COVARIANCE_MATRIX>
		<ROI_SIZE>1888</ROI_SIZE>
		<MAX_VALUE>[0.145298570394516, 0.14070448279380798, 0.13369478285312653, 0.12190677225589752, 0.06505939364433289, 0.05662209540605545]</MAX_VALUE>
		<MIN_VALUE>[0.13112571835517883, 0.12220969796180725, 0.10563340038061142, 0.059542980045080185, 0.0023228423669934273, 0.0]</MIN_VALUE>
		<SIGNATURE_THRESHOLD_MD>0.0</SIGNATURE_THRESHOLD_MD>
		<SIGNATURE_THRESHOLD_ML>0.0</SIGNATURE_THRESHOLD_ML>
		<SIGNATURE_THRESHOLD_SAM>0.0</SIGNATURE_THRESHOLD_SAM>
	</signature>
	<signature ID="20210208_115731594907_750">
		<MACROCLASSID>1</MACROCLASSID>
		<MACROCLASSINFO>waterbody</MACROCLASSINFO>
		<CLASSID>11</CLASSID>
		<CLASSINFO>C 1</CLASSINFO>
		<VALUES>[0.1364303148709811, 0.0024481382283557613, 0.12666267681007204, 0.002587199201798431, 0.10593919937427226, 0.003689182208791811, 0.0752913353534845, 0.009925775889504093, 0.025540190614544996, 0.01023024429006234, 0.015041641888316162, 0.007915684443984534]</VALUES>
		<LCS_MIN>[0.12935411930084229, 0.11481177806854248, 0.0931616872549057, 0.0634407252073288, 0.009851227514445782, 0.0]</LCS_MIN>
		<LCS_MAX>[0.14352695643901825, 0.1333065778017044, 0.11810512095689774, 0.11411131173372269, 0.06756885349750519, 0.04941447451710701]</LCS_MAX>
		<WAVELENGTH>[0.485, 0.56, 0.66, 0.83, 1.65, 2.215]</WAVELENGTH>
		<MEAN_VALUE>[0.1364303148709811, 0.12666267681007204, 0.10593919937427226, 0.0752913353534845, 0.025540190614544996, 0.015041641888316162]</MEAN_VALUE>
		<CHECKBOX>2</CHECKBOX>
		<SD>[0.0024481382283557613, 0.002587199201798431, 0.003689182208791811, 0.009925775889504093, 0.01023024429006234, 0.007915684443984534]</SD>
		<WAVELENGTH_UNIT>E-6m</WAVELENGTH_UNIT>
		<COLOR>#03fa21</COLOR>
		<COVARIANCE_MATRIX>[[6.004928764014039e-06, 2.027943992288783e-06, 1.8550244931248017e-06, -1.0361744671172346e-06, -7.918455935396196e-08, 3.984047225458198e-07], [2.027943992288783e-06, 6.706496606057044e-06, 3.280018972873222e-06, -9.008365850604605e-06, -6.862601821921999e-06, -3.954975454689702e-06], [1.8550244931248017e-06, 3.280018972873222e-06, 1.363628871331457e-05, -1.3361027413338888e-06, 4.736089977086522e-06, 5.227075234870426e-06], [-1.0361744671172346e-06, -9.008365850604605e-06, -1.3361027413338888e-06, 9.871085785562173e-05, 8.014779450604692e-05, 5.48260250070598e-05], [-7.918455935396196e-08, -6.862601821921999e-06, 4.736089977086522e-06, 8.014779450604692e-05, 0.00010485955135663971, 7.225762965390459e-05], [3.984047225458198e-07, -3.954975454689702e-06, 5.227075234870426e-06, 5.48260250070598e-05, 7.225762965390459e-05, 6.277878856053576e-05]]</COVARIANCE_MATRIX>
		<ROI_SIZE>520</ROI_SIZE>
		<MAX_VALUE>[0.14352695643901825, 0.1333065778017044, 0.11810512095689774, 0.11411131173372269, 0.06756885349750519, 0.04941447451710701]</MAX_VALUE>
		<MIN_VALUE>[0.12935411930084229, 0.11481177806854248, 0.0931616872549057, 0.0634407252073288, 0.009851227514445782, 0.0]</MIN_VALUE>
		<SIGNATURE_THRESHOLD_MD>0.0</SIGNATURE_THRESHOLD_MD>
		<SIGNATURE_THRESHOLD_ML>0.0</SIGNATURE_THRESHOLD_ML>
		<SIGNATURE_THRESHOLD_SAM>0.0</SIGNATURE_THRESHOLD_SAM>
	</signature>
	<signature ID="20210208_115748940010_420">
		<MACROCLASSID>1</MACROCLASSID>
		<MACROCLASSINFO>waterbody</MACROCLASSINFO>
		<CLASSID>12</CLASSID>
		<CLASSINFO>C 1</CLASSINFO>
		<VALUES>[0.1470764299725195, 0.0028133267919389095, 0.13233935843508124, 0.0030413258421216403, 0.10971352056950079, 0.004860462451591608, 0.07661681196644676, 0.010829684185777271, 0.02626174893032744, 0.010858154678321507, 0.01510396869074295, 0.00851515296848205]</VALUES>
		<LCS_MIN>[0.13821212947368622, 0.12590865790843964, 0.09939754754304886, 0.0634407252073288, 0.012360690161585808, 0.0025649068411439657]</LCS_MIN>
		<LCS_MAX>[0.1576997935771942, 0.14070448279380798, 0.13369478285312653, 0.1180090457201004, 0.07007831335067749, 0.05301828309893608]</LCS_MAX>
		<WAVELENGTH>[0.485, 0.56, 0.66, 0.83, 1.65, 2.215]</WAVELENGTH>
		<MEAN_VALUE>[0.1470764299725195, 0.13233935843508124, 0.10971352056950079, 0.07661681196644676, 0.02626174893032744, 0.01510396869074295]</MEAN_VALUE>
		<CHECKBOX>2</CHECKBOX>
		<SD>[0.0028133267919389095, 0.0030413258421216403, 0.004860462451591608, 0.010829684185777271, 0.010858154678321507, 0.00851515296848205]</SD>
		<WAVELENGTH_UNIT>E-6m</WAVELENGTH_UNIT>
		<COLOR>#631cf0</COLOR>
		<COVARIANCE_MATRIX>[[7.401530638162512e-06, 3.824347004410811e-06, 6.863512226118473e-06, 5.620420324703446e-06, 3.851680048683193e-06, 3.4818176573025994e-06], [3.824347004410811e-06, 9.47259923123056e-06, 8.627555871498771e-06, 6.341165317280684e-06, 3.4812760532076936e-06, 3.4821414374164306e-06], [6.863512226118473e-06, 8.627555871498771e-06, 2.1793061023345217e-05, 2.5771847504074685e-05, 2.0436995328054763e-05, 1.6132582459249534e-05], [5.620420324703446e-06, 6.341165317280684e-06, 2.5771847504074685e-05, 0.00011578179692151025, 0.0001021293574012816, 7.153263868531212e-05], [3.851680048683193e-06, 3.4812760532076936e-06, 2.0436995328054763e-05, 0.0001021293574012816, 0.00011626673949649557, 7.955335604492575e-05], [3.4818176573025994e-06, 3.4821414374164306e-06, 1.6132582459249534e-05, 7.153263868531212e-05, 7.955335604492575e-05, 7.083565287757665e-05]]</COVARIANCE_MATRIX>
		<ROI_SIZE>1502</ROI_SIZE>
		<MAX_VALUE>[0.1576997935771942, 0.14070448279380798, 0.13369478285312653, 0.1180090457201004, 0.07007831335067749, 0.05301828309893608]</MAX_VALUE>
		<MIN_VALUE>[0.13821212947368622, 0.12590865790843964, 0.09939754754304886, 0.0634407252073288, 0.012360690161585808, 0.0025649068411439657]</MIN_VALUE>
		<SIGNATURE_THRESHOLD_MD>0.0</SIGNATURE_THRESHOLD_MD>
		<SIGNATURE_THRESHOLD_ML>0.0</SIGNATURE_THRESHOLD_ML>
		<SIGNATURE_THRESHOLD_SAM>0.0</SIGNATURE_THRESHOLD_SAM>
	</signature>
	<signature ID="20210208_115758930806_588">
		<MACROCLASSID>1</MACROCLASSID>
		<MACROCLASSINFO>waterbody</MACROCLASSINFO>
		<CLASSID>13</CLASSID>
		<CLASSINFO>C 1</CLASSINFO>
		<VALUES>[0.1484542355442848, 0.002897917822511618, 0.13525386561209773, 0.0034586752560857082, 0.11847237764427873, 0.0037917391075880883, 0.08272327047486143, 0.011527821468709254, 0.029571013637066174, 0.012805629004099034, 0.01800239372599979, 0.009790888765068754]</VALUES>
		<LCS_MIN>[0.13998374342918396, 0.11481177806854248, 0.09627960622310638, 0.06733845919370651, 0.012360690161585808, 0.006168718915432692]</LCS_MIN>
		<LCS_MAX>[0.1576997935771942, 0.14070448279380798, 0.13369478285312653, 0.12580449879169464, 0.0725877657532692, 0.05301828309893608]</LCS_MAX>
		<WAVELENGTH>[0.485, 0.56, 0.66, 0.83, 1.65, 2.215]</WAVELENGTH>
		<MEAN_VALUE>[0.1484542355442848, 0.13525386561209773, 0.11847237764427873, 0.08272327047486143, 0.029571013637066174, 0.01800239372599979]</MEAN_VALUE>
		<CHECKBOX>2</CHECKBOX>
		<SD>[0.002897917822511618, 0.0034586752560857082, 0.0037917391075880883, 0.011527821468709254, 0.012805629004099034, 0.009790888765068754]</SD>
		<WAVELENGTH_UNIT>E-6m</WAVELENGTH_UNIT>
		<COLOR>#80751c</COLOR>
		<COVARIANCE_MATRIX>[[1.0212599590886384e-05, 6.410125024558511e-06, 7.18408318789443e-06, -5.18752540301648e-06, -1.986924189623096e-06, -4.73154884161886e-08], [6.410125024558511e-06, 1.3779000255453866e-05, 1.0464998013048898e-05, -1.8332781110075302e-05, -1.4204652870830614e-05, -7.1355289037455805e-06], [7.18408318789443e-06, 1.0464998013048898e-05, 1.6785286788945086e-05, -1.0590834790491499e-05, -2.8240349365660222e-06, 1.929750396811869e-06], [-5.18752540301648e-06, -1.8332781110075302e-05, -1.0590834790491499e-05, 0.00015917363634798676, 0.00014398980420082808, 9.13697513169609e-05], [-1.986924189623096e-06, -1.4204652870830614e-05, -2.8240349365660222e-06, 0.00014398980420082808, 0.00016893788415472955, 0.00011173124221386388], [-4.73154884161886e-08, -7.1355289037455805e-06, 1.929750396811869e-06, 9.13697513169609e-05, 0.00011173124221386388, 9.137237793765962e-05]]</COVARIANCE_MATRIX>
		<ROI_SIZE>828</ROI_SIZE>
		<MAX_VALUE>[0.1576997935771942, 0.14070448279380798, 0.13369478285312653, 0.12580449879169464, 0.0725877657532692, 0.05301828309893608]</MAX_VALUE>
		<MIN_VALUE>[0.13998374342918396, 0.11481177806854248, 0.09627960622310638, 0.06733845919370651, 0.012360690161585808, 0.006168718915432692]</MIN_VALUE>
		<SIGNATURE_THRESHOLD_MD>0.0</SIGNATURE_THRESHOLD_MD>
		<SIGNATURE_THRESHOLD_ML>0.0</SIGNATURE_THRESHOLD_ML>
		<SIGNATURE_THRESHOLD_SAM>0.0</SIGNATURE_THRESHOLD_SAM>
	</signature>
	<signature ID="20210208_115807393801_969">
		<MACROCLASSID>1</MACROCLASSID>
		<MACROCLASSINFO>waterbody</MACROCLASSINFO>
		<CLASSID>14</CLASSID>
		<CLASSINFO>C 1</CLASSINFO>
		<VALUES>[0.1480420828068201, 0.004092114037127316, 0.12967048320516605, 0.006482969092549358, 0.10986412425964236, 0.005227942170583498, 0.08181652099015663, 0.01406197055250333, 0.030641718399739455, 0.013386654401978478, 0.017447053003083735, 0.009321614789861776]</VALUES>
		<LCS_MIN>[0.13644054532051086, 0.1074138656258583, 0.09627960622310638, 0.0634407252073288, 0.009851227514445782, 0.0]</LCS_MIN>
		<LCS_MAX>[0.1576997935771942, 0.14070448279380798, 0.13057686388492584, 0.11411131173372269, 0.07007831335067749, 0.05301828309893608]</LCS_MAX>
		<WAVELENGTH>[0.485, 0.56, 0.66, 0.83, 1.65, 2.215]</WAVELENGTH>
		<MEAN_VALUE>[0.1480420828068201, 0.12967048320516605, 0.10986412425964236, 0.08181652099015663, 0.030641718399739455, 0.017447053003083735]</MEAN_VALUE>
		<CHECKBOX>2</CHECKBOX>
		<SD>[0.004092114037127316, 0.006482969092549358, 0.005227942170583498, 0.01406197055250333, 0.013386654401978478, 0.009321614789861776]</SD>
		<WAVELENGTH_UNIT>E-6m</WAVELENGTH_UNIT>
		<COLOR>#1c4d10</COLOR>
		<COVARIANCE_MATRIX>[[1.6756788681959733e-05, 2.1265394025249407e-05, 1.2170957234047819e-05, -2.6858067940338515e-05, -2.3407961634802632e-05, -1.4183591702021658e-05], [2.1265394025249407e-05, 4.205747973173857e-05, 2.214887172158342e-05, -5.162728484719992e-05, -4.8477606469532475e-05, -2.901278276112862e-05], [1.2170957234047819e-05, 2.214887172158342e-05, 2.734997178777121e-05, -1.8196684550275677e-06, -4.84121119370684e-06, -2.0976305847852927e-07], [-2.6858067940338515e-05, -5.162728484719992e-05, -1.8196684550275677e-06, 0.000197873538127169, 0.0001687535987002775, 0.00010720792488427833], [-2.3407961634802632e-05, -4.8477606469532475e-05, -4.84121119370684e-06, 0.0001687535987002775, 0.00017932441551238298, 0.00011345215898472816], [-1.4183591702021658e-05, -2.901278276112862e-05, -2.0976305847852927e-07, 0.00010720792488427833, 0.00011345215898472816, 8.695161523064598e-05]]</COVARIANCE_MATRIX>
		<ROI_SIZE>1471</ROI_SIZE>
		<MAX_VALUE>[0.1576997935771942, 0.14070448279380798, 0.13057686388492584, 0.11411131173372269, 0.07007831335067749, 0.05301828309893608]</MAX_VALUE>
		<MIN_VALUE>[0.13644054532051086, 0.1074138656258583, 0.09627960622310638, 0.0634407252073288, 0.009851227514445782, 0.0]</MIN_VALUE>
		<SIGNATURE_THRESHOLD_MD>0.0</SIGNATURE_THRESHOLD_MD>
		<SIGNATURE_THRESHOLD_ML>0.0</SIGNATURE_THRESHOLD_ML>
		<SIGNATURE_THRESHOLD_SAM>0.0</SIGNATURE_THRESHOLD_SAM>
	</signature>
	<signature ID="20210208_115815831273_287">
		<MACROCLASSID>1</MACROCLASSID>
		<MACROCLASSINFO>waterbody</MACROCLASSINFO>
		<CLASSID>15</CLASSID>
		<CLASSINFO>C 1</CLASSINFO>
		<VALUES>[0.14803875696322327, 0.0024539050284895178, 0.13150738104038492, 0.0029448979927396463, 0.10884272569858502, 0.009043104675442176, 0.056266994828780885, 0.01081423088710858, 0.012563277335941158, 0.0039564272069413505, 0.007188291873263804, 0.003486065701590539]</VALUES>
		<LCS_MIN>[0.13998374342918396, 0.11851074546575546, 0.09004376083612442, 0.043952032923698425, 0.0, 0.0]</LCS_MIN>
		<LCS_MAX>[0.1576997935771942, 0.14070448279380798, 0.13993065059185028, 0.09462261945009232, 0.057530999183654785, 0.04220684617757797]</LCS_MAX>
		<WAVELENGTH>[0.485, 0.56, 0.66, 0.83, 1.65, 2.215]</WAVELENGTH>
		<MEAN_VALUE>[0.14803875696322327, 0.13150738104038492, 0.10884272569858502, 0.056266994828780885, 0.012563277335941158, 0.007188291873263804]</MEAN_VALUE>
		<CHECKBOX>2</CHECKBOX>
		<SD>[0.0024539050284895178, 0.0029448979927396463, 0.009043104675442176, 0.01081423088710858, 0.0039564272069413505, 0.003486065701590539]</SD>
		<WAVELENGTH_UNIT>E-6m</WAVELENGTH_UNIT>
		<COLOR>#06f53b</COLOR>
		<COVARIANCE_MATRIX>[[5.736215371143771e-06, 1.153942889686732e-06, 1.0986857432726538e-06, 1.1453616934886668e-06, 2.9266945489325735e-07, 1.841182921680229e-07], [1.153942889686732e-06, 9.171501915261615e-06, 1.6145755580510013e-05, 1.0902407666435465e-05, 6.46949871452307e-08, 1.2193525833481544e-07], [1.0986857432726538e-06, 1.6145755580510013e-05, 8.8386659626849e-05, 7.808599912095815e-05, 4.612257725966629e-06, 2.0849208794970764e-06], [1.1453616934886668e-06, 1.0902407666435465e-05, 7.808599912095815e-05, 0.00011107442696811631, 1.2687493835983332e-05, 6.133414444775553e-06], [2.9266945489325735e-07, 6.46949871452307e-08, 4.612257725966629e-06, 1.2687493835983332e-05, 1.285200869460823e-05, 4.8986025831254665e-06], [1.841182921680229e-07, 1.2193525833481544e-07, 2.0849208794970764e-06, 6.133414444775553e-06, 4.8986025831254665e-06, 1.0624928108882159e-05]]</COVARIANCE_MATRIX>
		<ROI_SIZE>8160</ROI_SIZE>
		<MAX_VALUE>[0.1576997935771942, 0.14070448279380798, 0.13993065059185028, 0.09462261945009232, 0.057530999183654785, 0.04220684617757797]</MAX_VALUE>
		<MIN_VALUE>[0.13998374342918396, 0.11851074546575546, 0.09004376083612442, 0.043952032923698425, 0.0, 0.0]</MIN_VALUE>
		<SIGNATURE_THRESHOLD_MD>0.0</SIGNATURE_THRESHOLD_MD>
		<SIGNATURE_THRESHOLD_ML>0.0</SIGNATURE_THRESHOLD_ML>
		<SIGNATURE_THRESHOLD_SAM>0.0</SIGNATURE_THRESHOLD_SAM>
	</signature>
	<signature ID="20210208_115827127616_970">
		<MACROCLASSID>1</MACROCLASSID>
		<MACROCLASSINFO>waterbody</MACROCLASSINFO>
		<CLASSID>16</CLASSID>
		<CLASSINFO>C 1</CLASSINFO>
		<VALUES>[0.1465497590911887, 0.005176912133643409, 0.12579086464608008, 0.008104414229369932, 0.09589079804053269, 0.010243846499520927, 0.06014040265387548, 0.013914141394552442, 0.01900553565466815, 0.010554673640992487, 0.010789873174785298, 0.006930650852831041]</VALUES>
		<LCS_MIN>[0.13112571835517883, 0.1074138656258583, 0.07133616507053375, 0.043952032923698425, 0.0023228423669934273, 0.0]</LCS_MIN>
		<LCS_MAX>[0.15947142243385315, 0.14070448279380798, 0.11810512095689774, 0.09852035343647003, 0.06254991888999939, 0.04941447451710701]</LCS_MAX>
		<WAVELENGTH>[0.485, 0.56, 0.66, 0.83, 1.65, 2.215]</WAVELENGTH>
