<?xml version="1.0" ?>
<signaturelist MCID_LIST="[['1', 'waterbody', '#000000'], ['2', 'vegetation', '#000000'], ['3', 'bareland', '#000000'], ['4', 'build-up', '#000000']]">
	<signature ID="20210208_112941419414_958">
		<MACROCLASSID>1</MACROCLASSID>
		<MACROCLASSINFO>waterbody</MACROCLASSINFO>
		<CLASSID>1</CLASSID>
		<CLASSINFO>C 1</CLASSINFO>
		<VALUES>[0.14578236076641024, 0.0026514472800064025, 0.13605336877441818, 0.003020508673905744, 0.11720132086870039, 0.0033148494519503677, 0.08133933429669299, 0.008926011236351235, 0.023267791443100493, 0.009437199615844957, 0.012788364478445832, 0.007177470865884416]</VALUES>
		<LCS_MIN>[0.13821212947368622, 0.12220969796180725, 0.10563340038061142, 0.06733845919370651, 0.007341765332967043, 0.0]</LCS_MIN>
		<LCS_MAX>[0.15415659546852112, 0.14440344274044037, 0.12745893001556396, 0.12190677225589752, 0.06756885349750519, 0.04941447451710701]</LCS_MAX>
		<WAVELENGTH>[0.485, 0.56, 0.66, 0.83, 1.65, 2.215]</WAVELENGTH>
		<MEAN_VALUE>[0.14578236076641024, 0.13605336877441818, 0.11720132086870039, 0.08133933429669299, 0.023267791443100493, 0.012788364478445832]</MEAN_VALUE>
		<CHECKBOX>2</CHECKBOX>
		<SD>[0.0026514472800064025, 0.003020508673905744, 0.0033148494519503677, 0.008926011236351235, 0.009437199615844957, 0.007177470865884416]</SD>
		<WAVELENGTH_UNIT>E-6m</WAVELENGTH_UNIT>
		<COLOR>#b83338</COLOR>
		<COVARIANCE_MATRIX>[[7.034108945550819e-06, 3.414571518473007e-06, 3.536487724911535e-06, -8.464236048939339e-07, -2.302639361327825e-06, -1.193816848803318e-06], [3.414571518473007e-06, 9.12858097649113e-06, 5.260662294042189e-06, -4.178796486982897e-06, -6.546842396725781e-06, -4.284605518821609e-06], [3.536487724911535e-06, 5.260662294042189e-06, 1.0994379311766042e-05, 4.556897363542328e-06, 2.691349832464177e-07, 4.5326692000060577e-07], [-8.464236048939339e-07, -4.178796486982897e-06, 4.556897363542328e-06, 7.971828671274049e-05, 7.06346739578742e-05, 4.906039050195719e-05], [-2.302639361327825e-06, -6.546842396725781e-06, 2.691349832464177e-07, 7.06346739578742e-05, 8.911060262322871e-05, 5.979970765155925e-05], [-1.193816848803318e-06, -4.284605518821609e-06, 4.5326692000060577e-07, 4.906039050195719e-05, 5.979970765155925e-05, 5.154493242481367e-05]]</COVARIANCE_MATRIX>
		<ROI_SIZE>1787</ROI_SIZE>
		<MAX_VALUE>[0.15415659546852112, 0.14440344274044037, 0.12745893001556396, 0.12190677225589752, 0.06756885349750519, 0.04941447451710701]</MAX_VALUE>
		<MIN_VALUE>[0.13821212947368622, 0.12220969796180725, 0.10563340038061142, 0.06733845919370651, 0.007341765332967043, 0.0]</MIN_VALUE>
		<SIGNATURE_THRESHOLD_MD>0</SIGNATURE_THRESHOLD_MD>
		<SIGNATURE_THRESHOLD_ML>0</SIGNATURE_THRESHOLD_ML>
		<SIGNATURE_THRESHOLD_SAM>0</SIGNATURE_THRESHOLD_SAM>
	</signature>
	<signature ID="20210208_115606621045_515">
		<MACROCLASSID>1</MACROCLASSID>
		<MACROCLASSINFO>waterbody</MACROCLASSINFO>
		<CLASSID>2</CLASSID>
		<CLASSINFO>C 1</CLASSINFO>
		<VALUES>[0.14312923137958236, 0.002311458335117136, 0.1339894621969969, 0.0028586420139752092, 0.1143103062682003, 0.0037155790733721748, 0.0746453208121818, 0.007854341141644993, 0.020183633377462474, 0.007801502391227979, 0.010852686904285867, 0.005898073150741693]</VALUES>
		<LCS_MIN>[0.13644054532051086, 0.12220969796180725, 0.10563340038061142, 0.0634407252073288, 0.007341765332967043, 0.0]</LCS_MIN>
		<LCS_MAX>[0.15238498151302338, 0.14440344274044037, 0.12745893001556396, 0.11411131173372269, 0.06254991888999939, 0.04941447451710701]</LCS_MAX>
		<WAVELENGTH>[0.485, 0.56, 0.66, 0.83, 1.65, 2.215]</WAVELENGTH>
		<MEAN_VALUE>[0.14312923137958236, 0.1339894621969969, 0.1143103062682003, 0.0746453208121818, 0.020183633377462474, 0.010852686904285867]</MEAN_VALUE>
		<CHECKBOX>2</CHECKBOX>
		<SD>[0.002311458335117136, 0.0028586420139752092, 0.0037155790733721748, 0.007854341141644993, 0.007801502391227979, 0.005898073150741693]</SD>
		<WAVELENGTH_UNIT>E-6m</WAVELENGTH_UNIT>
		<COLOR>#dc7084</COLOR>
		<COVARIANCE_MATRIX>[[5.586158402617292e-06, 2.2573363760530757e-06, 2.0733782017471025e-06, -2.3804700148058445e-06, -2.385913230447851e-06, -1.5970318069943679e-06], [2.2573363760530757e-06, 8.089685410894997e-06, 5.210470243359875e-06, -6.327912671175873e-06, -5.675618131808623e-06, -3.838677127132471e-06], [2.0733782017471025e-06, 5.210470243359875e-06, 1.2606732276242037e-05, -2.2778735498175955e-06, -2.2054037615627417e-06, -1.4596259308896857e-06], [-2.3804700148058445e-06, -6.327912671175873e-06, -2.2778735498175955e-06, 5.602383626924116e-05, 4.333933120713997e-05, 2.8508150711181753e-05], [-2.385913230447851e-06, -5.675618131808623e-06, -2.2054037615627417e-06, 4.333933120713997e-05, 5.091955666173002e-05, 3.1378705446120475e-05], [-1.5970318069943679e-06, -3.838677127132471e-06, -1.4596259308896857e-06, 2.8508150711181753e-05, 3.1378705446120475e-05, 2.9601248698601094e-05]]</COVARIANCE_MATRIX>
		<ROI_SIZE>3222</ROI_SIZE>
		<MAX_VALUE>[0.15238498151302338, 0.14440344274044037, 0.12745893001556396, 0.11411131173372269, 0.06254991888999939, 0.04941447451710701]</MAX_VALUE>
		<MIN_VALUE>[0.13644054532051086, 0.12220969796180725, 0.10563340038061142, 0.0634407252073288, 0.007341765332967043, 0.0]</MIN_VALUE>
		<SIGNATURE_THRESHOLD_MD>0</SIGNATURE_THRESHOLD_MD>
		<SIGNATURE_THRESHOLD_ML>0</SIGNATURE_THRESHOLD_ML>
		<SIGNATURE_THRESHOLD_SAM>0</SIGNATURE_THRESHOLD_SAM>
	</signature>
	<signature ID="20210208_115614610442_684">
		<MACROCLASSID>1</MACROCLASSID>
		<MACROCLASSINFO>waterbody</MACROCLASSINFO>
		<CLASSID>3</CLASSID>
		<CLASSINFO>C 1</CLASSINFO>
		<VALUES>[0.13913831327832954, 0.0023164806928639703, 0.12550207002419672, 0.0028180413518809344, 0.10078235979960162, 0.0044683870784176655, 0.06920895273060643, 0.00865643962355109, 0.020981218352900524, 0.009485864198253383, 0.011686041813645038, 0.007383368781068737]</VALUES>
		<LCS_MIN>[0.13112571835517883, 0.11481177806854248, 0.09004376083612442, 0.05564524978399277, 0.007341765332967043, 0.0]</LCS_MIN>
		<LCS_MAX>[0.1488417685031891, 0.1370055377483368, 0.11498717963695526, 0.10631582885980606, 0.06505939364433289, 0.05301828309893608]</LCS_MAX>
		<WAVELENGTH>[0.485, 0.56, 0.66, 0.83, 1.65, 2.215]</WAVELENGTH>
		<MEAN_VALUE>[0.13913831327832954, 0.12550207002419672, 0.10078235979960162, 0.06920895273060643, 0.020981218352900524, 0.011686041813645038]</MEAN_VALUE>
		<CHECKBOX>2</CHECKBOX>
		<SD>[0.0023164806928639703, 0.0028180413518809344, 0.0044683870784176655, 0.00865643962355109, 0.009485864198253383, 0.007383368781068737]</SD>
		<WAVELENGTH_UNIT>E-6m</WAVELENGTH_UNIT>
		<COLOR>#52a624</COLOR>
		<COVARIANCE_MATRIX>[[5.7854165217335e-06, 2.7027853294781508e-06, 5.00328968942118e-06, 2.8141456497320903e-06, 1.6753607632921636e-06, 1.347272250607789e-06], [2.7027853294781508e-06, 8.112390041576317e-06, 8.462249079166163e-06, 3.2339883032277285e-06, 7.10001113076245e-07, 7.913570730362675e-07], [5.00328968942118e-06, 8.462249079166163e-06, 2.1829791577258044e-05, 1.5278954676573152e-05, 1.1260967688337876e-05, 8.285657978661986e-06], [2.8141456497320903e-06, 3.2339883032277285e-06, 1.5278954676573152e-05, 7.346589277877147e-05, 6.534467015239448e-05, 4.4060083033228684e-05], [1.6753607632921636e-06, 7.10001113076245e-07, 1.1260967688337876e-05, 6.534467015239448e-05, 8.022510792963712e-05, 5.187329423634326e-05], [1.347272250607789e-06, 7.913570730362675e-07, 8.285657978661986e-06, 4.4060083033228684e-05, 5.187329423634326e-05, 4.671548134307372e-05]]</COVARIANCE_MATRIX>
		<ROI_SIZE>1927</ROI_SIZE>
		<MAX_VALUE>[0.1488417685031891, 0.1370055377483368, 0.11498717963695526, 0.10631582885980606, 0.06505939364433289, 0.05301828309893608]</MAX_VALUE>
		<MIN_VALUE>[0.13112571835517883, 0.11481177806854248, 0.09004376083612442, 0.05564524978399277, 0.007341765332967043, 0.0]</MIN_VALUE>
		<SIGNATURE_THRESHOLD_MD>0</SIGNATURE_THRESHOLD_MD>
		<SIGNATURE_THRESHOLD_ML>0</SIGNATURE_THRESHOLD_ML>
		<SIGNATURE_THRESHOLD_SAM>0</SIGNATURE_THRESHOLD_SAM>
	</signature>
	<signature ID="20210208_115626874462_838">
		<MACROCLASSID>1</MACROCLASSID>
		<MACROCLASSINFO>waterbody</MACROCLASSINFO>
		<CLASSID>4</CLASSID>
		<CLASSINFO>C 1</CLASSINFO>
		<VALUES>[0.13773683204742798, 0.00491118214322475, 0.12256766316414257, 0.007769189532983918, 0.09676042681576057, 0.00556693517563846, 0.06116831799445895, 0.012191650408241161, 0.019768637032368964, 0.010473159256040221, 0.011323555726755807, 0.007339712515769669]</VALUES>
		<LCS_MIN>[0.11695288866758347, 0.09631699323654175, 0.08068995177745819, 0.04784976691007614, 0.004832304082810879, 0.0]</LCS_MIN>
		<LCS_MAX>[0.1488417685031891, 0.1370055377483368, 0.12122305482625961, 0.09852035343647003, 0.06254991888999939, 0.05301828309893608]</LCS_MAX>
		<WAVELENGTH>[0.485, 0.56, 0.66, 0.83, 1.65, 2.215]</WAVELENGTH>
		<MEAN_VALUE>[0.13773683204742798, 0.12256766316414257, 0.09676042681576057, 0.06116831799445895, 0.019768637032368964, 0.011323555726755807]</MEAN_VALUE>
		<CHECKBOX>2</CHECKBOX>
		<SD>[0.00491118214322475, 0.007769189532983918, 0.00556693517563846, 0.012191650408241161, 0.010473159256040221, 0.007339712515769669]</SD>
		<WAVELENGTH_UNIT>E-6m</WAVELENGTH_UNIT>
		<COLOR>#52b63c</COLOR>
		<COVARIANCE_MATRIX>[[2.7931465757850772e-05, 4.1300491928844374e-05, 1.9261596960491094e-05, -3.092909452634697e-05, -1.924773359544899e-05, -1.0930271107548024e-05], [4.1300491928844374e-05, 7.743877830818853e-05, 3.4736549982241634e-05, -5.558117504820165e-05, -3.3974316445493395e-05, -1.913022108520948e-05], [1.9261596960491094e-05, 3.4736549982241634e-05, 3.450507366509179e-05, 3.0756310486675083e-06, 7.119372955663173e-06, 6.490681335878177e-06], [-3.092909452634697e-05, -5.558117504820165e-05, 3.0756310486675083e-06, 0.0001558817716169898, 0.00011742873101979864, 7.216146242544122e-05], [-1.924773359544899e-05, -3.3974316445493395e-05, 7.119372955663173e-06, 0.00011742873101979864, 0.00011537162535253575, 6.9211395902991e-05], [-1.0930271107548024e-05, -1.913022108520948e-05, 6.490681335878177e-06, 7.216146242544122e-05, 6.9211395902991e-05, 5.364936443952971e-05]]</COVARIANCE_MATRIX>
		<ROI_SIZE>2480</ROI_SIZE>
		<MAX_VALUE>[0.1488417685031891, 0.1370055377483368, 0.12122305482625961, 0.09852035343647003, 0.06254991888999939, 0.05301828309893608]</MAX_VALUE>
		<MIN_VALUE>[0.11695288866758347, 0.09631699323654175, 0.08068995177745819, 0.04784976691007614, 0.004832304082810879, 0.0]</MIN_VALUE>
		<SIGNATURE_THRESHOLD_MD>0</SIGNATURE_THRESHOLD_MD>
		<SIGNATURE_THRESHOLD_ML>0</SIGNATURE_THRESHOLD_ML>
		<SIGNATURE_THRESHOLD_SAM>0</SIGNATURE_THRESHOLD_SAM>
	</signature>
	<signature ID="20210208_115634151954_363">
		<MACROCLASSID>1</MACROCLASSID>
		<MACROCLASSINFO>waterbody</MACROCLASSINFO>
		<CLASSID>5</CLASSID>
		<CLASSINFO>C 1</CLASSINFO>
		<VALUES>[0.13607387696416642, 0.0032762887724507852, 0.11874040647604665, 0.004052322399535998, 0.08864004121758179, 0.006263240276938892, 0.045045334971862534, 0.007983228312437331, 0.011060664762470918, 0.005529448913436177, 0.006662273356651999, 0.0043849005472635675]</VALUES>
		<LCS_MIN>[0.12403930723667145, 0.10371491312980652, 0.07445410639047623, 0.036156561225652695, 0.0, 0.0]</LCS_MIN>
		<LCS_MAX>[0.15947142243385315, 0.15180134773254395, 0.13057686388492584, 0.08682713657617569, 0.05502153933048248, 0.05301828309893608]</LCS_MAX>
		<WAVELENGTH>[0.485, 0.56, 0.66, 0.83, 1.65, 2.215]</WAVELENGTH>
		<MEAN_VALUE>[0.13607387696416642, 0.11874040647604665, 0.08864004121758179, 0.045045334971862534, 0.011060664762470918, 0.006662273356651999]</MEAN_VALUE>
		<CHECKBOX>2</CHECKBOX>
		<SD>[0.0032762887724507852, 0.004052322399535998, 0.006263240276938892, 0.007983228312437331, 0.005529448913436177, 0.0043849005472635675]</SD>
		<WAVELENGTH_UNIT>E-6m</WAVELENGTH_UNIT>
		<COLOR>#db1de1</COLOR>
		<COVARIANCE_MATRIX>[[1.025987913225408e-05, 6.891416812975263e-06, 7.749873774623942e-06, 7.25616092039624e-06, 1.6265572282803915e-06, 3.919945330938464e-07], [6.891416812975263e-06, 1.5992951335782136e-05, 8.827421593901093e-06, 3.399727114093694e-06, -2.9625378869877587e-07, -5.88781148424851e-07], [7.749873774623942e-06, 8.827421593901093e-06, 3.2075350282333765e-05, 3.156830472985932e-05, 1.4027651110691737e-05, 7.792986633617351e-06], [7.25616092039624e-06, 3.399727114093694e-06, 3.156830472985932e-05, 5.8009831848865784e-05, 2.8679974610195195e-05, 1.6591713527380465e-05], [1.6265572282803915e-06, -2.9625378869877587e-07, 1.4027651110691737e-05, 2.8679974610195195e-05, 2.756421267050009e-05, 1.4720182902375406e-05], [3.919945330938464e-07, -5.88781148424851e-07, 7.792986633617351e-06, 1.6591713527380465e-05, 1.4720182902375406e-05, 1.7575783301525114e-05]]</COVARIANCE_MATRIX>
		<ROI_SIZE>6869</ROI_SIZE>
		<MAX_VALUE>[0.15947142243385315, 0.15180134773254395, 0.13057686388492584, 0.08682713657617569, 0.05502153933048248, 0.05301828309893608]</MAX_VALUE>
		<MIN_VALUE>[0.12403930723667145, 0.10371491312980652, 0.07445410639047623, 0.036156561225652695, 0.0, 0.0]</MIN_VALUE>
		<SIGNATURE_THRESHOLD_MD>0</SIGNATURE_THRESHOLD_MD>
		<SIGNATURE_THRESHOLD_ML>0</SIGNATURE_THRESHOLD_ML>
		<SIGNATURE_THRESHOLD_SAM>0</SIGNATURE_THRESHOLD_SAM>
	</signature>
	<signature ID="20210208_115644853269_673">
		<MACROCLASSID>1</MACROCLASSID>
		<MACROCLASSINFO>waterbody</MACROCLASSINFO>
		<CLASSID>6</CLASSID>
		<CLASSINFO>C 1</CLASSINFO>
		<VALUES>[0.13015366315673577, 0.004483971266332308, 0.11841184770889894, 0.008060513997074508, 0.09285960392146979, 0.010819435961012216, 0.04501800677221229, 0.009241258727072921, 0.010359715459389057, 0.007491339293710725, 0.006317401392102562, 0.005605266802765094]</VALUES>
		<LCS_MIN>[0.10809486359357834, 0.08522011339664459, 0.061982378363609314, 0.03225882351398468, 0.0, 0.0]</LCS_MIN>
		<LCS_MAX>[0.1417553573846817, 0.1370055377483368, 0.13369478285312653, 0.08682713657617569, 0.05502153933048248, 0.04941447451710701]</LCS_MAX>
		<WAVELENGTH>[0.485, 0.56, 0.66, 0.83, 1.65, 2.215]</WAVELENGTH>
		<MEAN_VALUE>[0.13015366315673577, 0.11841184770889894, 0.09285960392146979, 0.04501800677221229, 0.010359715459389057, 0.006317401392102562]</MEAN_VALUE>
		<CHECKBOX>2</CHECKBOX>
		<SD>[0.004483971266332308, 0.008060513997074508, 0.010819435961012216, 0.009241258727072921, 0.007491339293710725, 0.005605266802765094]</SD>
		<WAVELENGTH_UNIT>E-6m</WAVELENGTH_UNIT>
		<COLOR>#971b77</COLOR>
		<COVARIANCE_MATRIX>[[1.6210912123673214e-05, 2.2524114044756535e-05, 2.496203623916757e-05, 1.0398697928222281e-06, -3.18856221894598e-06, -1.1845633010646593e-06], [2.2524114044756535e-05, 4.930485719577547e-05, 5.478638223425089e-05, 3.6408203761193225e-06, -8.656714272322214e-06, -4.336377756564637e-06], [2.496203623916757e-05, 5.478638223425089e-05, 0.00011317487732834219, 4.691858158882659e-05, 4.032647163305252e-06, 4.0378392510823035e-06], [1.0398697928222281e-06, 3.6408203761193225e-06, 4.691858158882659e-05, 9.032888127193294e-05, 5.095370984237542e-05, 3.423731429732896e-05], [-3.18856221894598e-06, -8.656714272322214e-06, 4.032647163305252e-06, 5.095370984237542e-05, 5.8893973718250764e-05, 3.769966317401673e-05], [-1.1845633010646593e-06, -4.336377756564637e-06, 4.0378392510823035e-06, 3.423731429732896e-05, 3.769966317401673e-05, 3.431603938611313e-05]]</COVARIANCE_MATRIX>
		<ROI_SIZE>7776</ROI_SIZE>
		<MAX_VALUE>[0.1417553573846817, 0.1370055377483368, 0.13369478285312653, 0.08682713657617569, 0.05502153933048248, 0.04941447451710701]</MAX_VALUE>
		<MIN_VALUE>[0.10809486359357834, 0.08522011339664459, 0.061982378363609314, 0.03225882351398468, 0.0, 0.0]</MIN_VALUE>
		<SIGNATURE_THRESHOLD_MD>0</SIGNATURE_THRESHOLD_MD>
		<SIGNATURE_THRESHOLD_ML>0</SIGNATURE_THRESHOLD_ML>
		<SIGNATURE_THRESHOLD_SAM>0</SIGNATURE_THRESHOLD_SAM>
	</signature>
	<signature ID="20210208_115654764412_165">
		<MACROCLASSID>1</MACROCLASSID>
		<MACROCLASSINFO>waterbody</MACROCLASSINFO>
		<CLASSID>7</CLASSID>
		<CLASSINFO>C 1</CLASSINFO>
		<VALUES>[0.12190367179374176, 0.0033328822214566257, 0.10288165694547746, 0.005192477700854527, 0.07784016382748672, 0.010708399843737108, 0.051984811754531506, 0.013655052831103298, 0.015277078361753672, 0.010842901437379815, 0.008992809555642118, 0.007271461397855467]</VALUES>
		<LCS_MIN>[0.11163806915283203, 0.09261803328990936, 0.058864444494247437, 0.036156561225652695, 0.0, 0.0]</LCS_MIN>
		<LCS_MAX>[0.13466893136501312, 0.11851074546575546, 0.10563340038061142, 0.090724878013134, 0.057530999183654785, 0.04941447451710701]</LCS_MAX>
		<WAVELENGTH>[0.485, 0.56, 0.66, 0.83, 1.65, 2.215]</WAVELENGTH>
		<MEAN_VALUE>[0.12190367179374176, 0.10288165694547746, 0.07784016382748672, 0.051984811754531506, 0.015277078361753672, 0.008992809555642118]</MEAN_VALUE>
		<CHECKBOX>2</CHECKBOX>
		<SD>[0.0033328822214566257, 0.005192477700854527, 0.010708399843737108, 0.013655052831103298, 0.010842901437379815, 0.007271461397855467]</SD>
		<WAVELENGTH_UNIT>E-6m</WAVELENGTH_UNIT>
		<COLOR>#2dddea</COLOR>
		<COVARIANCE_MATRIX>[[1.0758880579692437e-05, 1.1440127518333226e-05, 1.8786244904632153e-05, 1.4478627073776515e-05, 7.423487547808105e-06, 4.7888264502643774e-06], [1.1440127518333226e-05, 2.4931700569766223e-05, 4.0395494345631645e-05, 3.266409167599831e-05, 1.649282124251025e-05, 1.0194573098305722e-05], [1.8786244904632153e-05, 4.0395494345631645e-05, 0.00011098304870993783, 0.00010192404668343325, 5.2271373333941223e-05, 3.136832339707356e-05], [1.4478627073776515e-05, 3.266409167599831e-05, 0.00010192404668343325, 0.00015824517303442774, 9.604336539610827e-05, 5.703592930494536e-05], [7.423487547808105e-06, 1.649282124251025e-05, 5.2271373333941223e-05, 9.604336539610827e-05, 9.450113808283612e-05, 5.67579581556596e-05], [4.7888264502643774e-06, 1.0194573098305722e-05, 3.136832339707356e-05, 5.703592930494536e-05, 5.67579581556596e-05, 4.455709624446437e-05]]</COVARIANCE_MATRIX>
		<ROI_SIZE>3199</ROI_SIZE>
		<MAX_VALUE>[0.13466893136501312, 0.11851074546575546, 0.10563340038061142, 0.090724878013134, 0.057530999183654785, 0.04941447451710701]</MAX_VALUE>
		<MIN_VALUE>[0.11163806915283203, 0.09261803328990936, 0.058864444494247437, 0.036156561225652695, 0.0, 0.0]</MIN_VALUE>
		<SIGNATURE_THRESHOLD_MD>0</SIGNATURE_THRESHOLD_MD>
		<SIGNATURE_THRESHOLD_ML>0</SIGNATURE_THRESHOLD_ML>
		<SIGNATURE_THRESHOLD_SAM>0</SIGNATURE_THRESHOLD_SAM>
	</signature>
	<signature ID="20210208_115704305711_228">
		<MACROCLASSID>1</MACROCLASSID>
		<MACROCLASSINFO>waterbody</MACROCLASSINFO>
		<CLASSID>8</CLASSID>
		<CLASSINFO>C 1</CLASSINFO>
		<VALUES>[0.14135878832235807, 0.0028082896743296146, 0.13429956640882043, 0.00340064686202682, 0.11687109705184588, 0.003165436045385631, 0.06558400323948332, 0.007256157266870048, 0.017296168398767686, 0.007844874929252696, 0.009899950828720463, 0.0063454490899791695]</VALUES>
		<LCS_MIN>[0.13289731740951538, 0.12220969796180725, 0.10251546651124954, 0.05564524978399277, 0.007341765332967043, 0.0]</LCS_MIN>
		<LCS_MAX>[0.15061338245868683, 0.14810240268707275, 0.12745893001556396, 0.11411131173372269, 0.06505939364433289, 0.05662209540605545]</LCS_MAX>
		<WAVELENGTH>[0.485, 0.56, 0.66, 0.83, 1.65, 2.215]</WAVELENGTH>
		<MEAN_VALUE>[0.14135878832235807, 0.13429956640882043, 0.11687109705184588, 0.06558400323948332, 0.017296168398767686, 0.009899950828720463]</MEAN_VALUE>
		<CHECKBOX>2</CHECKBOX>
		<SD>[0.0028082896743296146, 0.00340064686202682, 0.003165436045385631, 0.007256157266870048, 0.007844874929252696, 0.0063454490899791695]</SD>
		<WAVELENGTH_UNIT>E-6m</WAVELENGTH_UNIT>
		<COLOR>#c8e5c2</COLOR>
		<COVARIANCE_MATRIX>[[7.366130336537886e-06, 4.428473778856312e-06, 3.48355986239153e-06, -6.859788385986025e-07, -9.438427309704476e-07, -7.485240164037647e-07], [4.428473778856312e-06, 1.073789553985741e-05, 6.023674573505046e-06, -5.886903683338919e-06, -6.898982398433803e-06, -4.870146752303502e-06], [3.48355986239153e-06, 6.023674573505046e-06, 9.3077826535224e-06, -1.4048318690889266e-06, -2.4098705802839475e-06, -1.6916581208031246e-06], [-6.859788385986025e-07, -5.886903683338919e-06, -1.4048318690889266e-06, 5.899425988535256e-05, 4.949554582430253e-05, 3.5064605884691365e-05], [-9.438427309704476e-07, -6.898982398433803e-06, -2.4098705802839475e-06, 4.949554582430253e-05, 6.094526642672342e-05, 4.172175097292354e-05], [-7.485240164037647e-07, -4.870146752303502e-06, -1.6916581208031246e-06, 3.5064605884691365e-05, 4.172175097292354e-05, 4.028350744279598e-05]]</COVARIANCE_MATRIX>
		<ROI_SIZE>2598</ROI_SIZE>
		<MAX_VALUE>[0.15061338245868683, 0.14810240268707275, 0.12745893001556396, 0.11411131173372269, 0.06505939364433289, 0.05662209540605545]</MAX_VALUE>
		<MIN_VALUE>[0.13289731740951538, 0.12220969796180725, 0.10251546651124954, 0.05564524978399277, 0.007341765332967043, 0.0]</MIN_VALUE>
		<SIGNATURE_THRESHOLD_MD>0</SIGNATURE_THRESHOLD_MD>
		<SIGNATURE_THRESHOLD_ML>0</SIGNATURE_THRESHOLD_ML>
		<SIGNATURE_THRESHOLD_SAM>0</SIGNATURE_THRESHOLD_SAM>
	</signature>
	<signature ID="20210208_115713475006_289">
		<MACROCLASSID>1</MACROCLASSID>
		<MACROCLASSINFO>waterbody</MACROCLASSINFO>
		<CLASSID>9</CLASSID>
		<CLASSINFO>C 1</CLASSINFO>
		<VALUES>[0.14093069525074153, 0.002464620914819467, 0.13486966376067738, 0.0028256686408327874, 0.12185711508144183, 0.0034012511612374545, 0.07694099121379534, 0.00988339617496408, 0.023578358920979113, 0.011277754141414723, 0.014109210718037394, 0.008249789091907978]</VALUES>
		<LCS_MIN>[0.13289731740951538, 0.11851074546575546, 0.09627960622310638, 0.0634407252073288, 0.007341765332967043, 0.0025649068411439657]</LCS_MIN>
		<LCS_MAX>[0.15238498151302338, 0.14810240268707275, 0.13369478285312653, 0.1180090457201004, 0.06505939364433289, 0.04941447451710701]</LCS_MAX>
		<WAVELENGTH>[0.485, 0.56, 0.66, 0.83, 1.65, 2.215]</WAVELENGTH>
		<MEAN_VALUE>[0.14093069525074153, 0.13486966376067738, 0.12185711508144183, 0.07694099121379534, 0.023578358920979113, 0.014109210718037394]</MEAN_VALUE>
		<CHECKBOX>2</CHECKBOX>
		<SD>[0.002464620914819467, 0.0028256686408327874, 0.0034012511612374545, 0.00988339617496408, 0.011277754141414723, 0.008249789091907978]</SD>
		<WAVELENGTH_UNIT>E-6m</WAVELENGTH_UNIT>
		<COLOR>#ccf5ad</COLOR>
		<COVARIANCE_MATRIX>[[6.080027921602852e-06, 2.263079804450238e-06, 3.4219221595122167e-06, -1.2292408478015306e-06, -2.0439630411122856e-06, -8.853971576889801e-07], [2.263079804450238e-06, 7.99185835953922e-06, 5.2214385986027174e-06, -7.888872899702859e-06, -9.793558783344881e-06, -6.660465176948412e-06], [3.4219221595122167e-06, 5.2214385986027174e-06, 1.1579311057955281e-05, -8.136759695487698e-06, -1.0282636355321586e-05, -5.794824326215137e-06], [-1.2292408478015306e-06, -7.888872899702859e-06, -8.136759695487698e-06, 9.77727258522762e-05, 9.550472206345013e-05, 6.518321426119162e-05], [-2.0439630411122856e-06, -9.793558783344881e-06, -1.0282636355321586e-05, 9.550472206345013e-05, 0.0001273064945325296, 8.489281237666582e-05], [-8.853971576889801e-07, -6.660465176948412e-06, -5.794824326215137e-06, 6.518321426119162e-05, 8.489281237666582e-05, 6.812256723188922e-05]]</COVARIANCE_MATRIX>
		<ROI_SIZE>1072</ROI_SIZE>
		<MAX_VALUE>[0.15238498151302338, 0.14810240268707275, 0.13369478285312653, 0.1180090457201004, 0.06505939364433289, 0.04941447451710701]</MAX_VALUE>
		<MIN_VALUE>[0.13289731740951538, 0.11851074546575546, 0.09627960622310638, 0.0634407252073288, 0.007341765332967043, 0.0025649068411439657]</MIN_VALUE>
		<SIGNATURE_THRESHOLD_MD>0</SIGNATURE_THRESHOLD_MD>
		<SIGNATURE_THRESHOLD_ML>0</SIGNATURE_THRESHOLD_ML>
		<SIGNATURE_THRESHOLD_SAM>0</SIGNATURE_THRESHOLD_SAM>
	</signature>
	<signature ID="20210208_115722141132_637">
		<MACROCLASSID>1</MACROCLASSID>
		<MACROCLASSINFO>waterbody</MACROCLASSINFO>
		<CLASSID>10</CLASSID>
		<CLASSINFO>C 1</CLASSINFO>
		<VALUES>[0.13810480929348298, 0.0021690015791326583, 0.13305204948473065, 0.0023974761262944826, 0.1179791898616411, 0.003086079545555868, 0.07603183523009945, 0.010341078350012106, 0.02205693515584643, 0.010301204444404995, 0.012665160322142517, 0.007459324441177924]</VALUES>
		<LCS_MIN>[0.13112571835517883, 0.12220969796180725, 0.10563340038061142, 0.059542980045080185, 0.0023228423669934273, 0.0]</LCS_MIN>
		<LCS_MAX>[0.145298570394516, 0.14070448279380798, 0.13369478285312653, 0.12190677225589752, 0.06505939364433289, 0.05662209540605545]</LCS_MAX>
		<WAVELENGTH>[0.485, 0.56, 0.66, 0.83, 1.65, 2.215]</WAVELENGTH>
		<MEAN_VALUE>[0.13810480929348298, 0.13305204948473065, 0.1179791898616411, 0.07603183523009945, 0.02205693515584643, 0.012665160322142517]</MEAN_VALUE>
		<CHECKBOX>2</CHECKBOX>
		<SD>[0.0021690015791326583, 0.0023974761262944826, 0.003086079545555868, 0.010341078350012106, 0.010301204444404995, 0.007459324441177924]</SD>
		<WAVELENGTH_UNIT>E-6m</WAVELENGTH_UNIT>
		<COLOR>#d7921c</COLOR>
		<COVARIANCE_MATRIX>[[5.365942385621595e-06, 1.6646576715070053e-06, 2.3656415070104514e-07, -2.21657279973876e-06, -2.3614776155669293e-06, -1.2160677258813446e-06], [1.6646576715070053e-06, 6.3087761562362095e-06, 1.0371334031202464e-06, -8.812341320276595e-06, -8.142771555897073e-06, -5.202405857650172e-06], [2.3656415070104514e-07, 1.0371334031202464e-06, 1.0301818882017843e-05, 9.173331634683778e-07, -3.9470749262268504e-06, -1.441146038816143e-06], [-2.21657279973876e-06, -8.812341320276595e-06, 9.173331634683778e-07, 0.00011361048760407393, 9.048665636464092e-05, 5.974909445221685e-05], [-2.3614776155669293e-06, -8.142771555897073e-06, -3.9470749262268504e-06, 9.048665636464092e-05, 0.00010802684702101074, 6.984856626390924e-05], [-1.2160677258813446e-06, -5.202405857650172e-06, -1.441146038816143e-06, 5.974909445221685e-05, 6.984856626390924e-05, 5.9526826214902394e-05]]</COVARIANCE_MATRIX>
		<ROI_SIZE>1888</ROI_SIZE>
		<MAX_VALUE>[0.145298570394516, 0.14070448279380798, 0.13369478285312653, 0.12190677225589752, 0.06505939364433289, 0.05662209540605545]</MAX_VALUE>
		<MIN_VALUE>[0.13112571835517883, 0.12220969796180725, 0.10563340038061142, 0.059542980045080185, 0.0023228423669934273, 0.0]</MIN_VALUE>
		<SIGNATURE_THRESHOLD_MD>0</SIGNATURE_THRESHOLD_MD>
		<SIGNATURE_THRESHOLD_ML>0</SIGNATURE_THRESHOLD_ML>
		<SIGNATURE_THRESHOLD_SAM>0</SIGNATURE_THRESHOLD_SAM>
	</signature>
	<signature ID="20210208_115731594907_750">
		<MACROCLASSID>1</MACROCLASSID>
		<MACROCLASSINFO>waterbody</MACROCLASSINFO>
		<CLASSID>11</CLASSID>
		<CLASSINFO>C 1</CLASSINFO>
		<VALUES>[0.1364303148709811, 0.0024481382283557613, 0.12666267681007204, 0.002587199201798431, 0.10593919937427226, 0.003689182208791811, 0.0752913353534845, 0.009925775889504093, 0.025540190614544996, 0.01023024429006234, 0.015041641888316162, 0.007915684443984534]</VALUES>
		<LCS_MIN>[0.12935411930084229, 0.11481177806854248, 0.0931616872549057, 0.0634407252073288, 0.009851227514445782, 0.0]</LCS_MIN>
		<LCS_MAX>[0.14352695643901825, 0.1333065778017044, 0.11810512095689774, 0.11411131173372269, 0.06756885349750519, 0.04941447451710701]</LCS_MAX>
		<WAVELENGTH>[0.485, 0.56, 0.66, 0.83, 1.65, 2.215]</WAVELENGTH>
		<MEAN_VALUE>[0.1364303148709811, 0.12666267681007204, 0.10593919937427226, 0.0752913353534845, 0.025540190614544996, 0.015041641888316162]</MEAN_VALUE>
		<CHECKBOX>2</CHECKBOX>
		<SD>[0.0024481382283557613, 0.002587199201798431, 0.003689182208791811, 0.009925775889504093, 0.01023024429006234, 0.007915684443984534]</SD>
		<WAVELENGTH_UNIT>E-6m</WAVELENGTH_UNIT>
		<COLOR>#03fa21</COLOR>
		<COVARIANCE_MATRIX>[[6.004928724992584e-06, 2.027944099283845e-06, 1.8550244370797355e-06, -1.0361744427844965e-06, -7.918456165950765e-08, 3.9840473198061457e-07], [2.027944099283845e-06, 6.70649681905391e-06, 3.2800189069318045e-06, -9.00836543451823e-06, -6.862601933938112e-06, -3.9549755538884215e-06], [1.8550244370797355e-06, 3.2800189069318045e-06, 1.3636289002362826e-05, -1.3361027906810236e-06, 4.7360900813868876e-06, 5.227075419438714e-06], [-1.0361744427844965e-06, -9.00836543451823e-06, -1.3361027906810236e-06, 9.871085557707828e-05, 8.01477950465045e-05, 5.4826024250956725e-05], [-7.918456165950765e-08, -6.862601933938112e-06, 4.7360900813868876e-06, 8.01477950465045e-05, 0.00010485955121746372, 7.225762987909412e-05], [3.9840473198061457e-07, -3.9549755538884215e-06, 5.227075419438714e-06, 5.4826024250956725e-05, 7.225762987909412e-05, 6.27787886564627e-05]]</COVARIANCE_MATRIX>
		<ROI_SIZE>520</ROI_SIZE>
		<MAX_VALUE>[0.14352695643901825, 0.1333065778017044, 0.11810512095689774, 0.11411131173372269, 0.06756885349750519, 0.04941447451710701]</MAX_VALUE>
		<MIN_VALUE>[0.12935411930084229, 0.11481177806854248, 0.0931616872549057, 0.0634407252073288, 0.009851227514445782, 0.0]</MIN_VALUE>
		<SIGNATURE_THRESHOLD_MD>0</SIGNATURE_THRESHOLD_MD>
		<SIGNATURE_THRESHOLD_ML>0</SIGNATURE_THRESHOLD_ML>
		<SIGNATURE_THRESHOLD_SAM>0</SIGNATURE_THRESHOLD_SAM>
	</signature>
	<signature ID="20210208_115748940010_420">
		<MACROCLASSID>1</MACROCLASSID>
		<MACROCLASSINFO>waterbody</MACROCLASSINFO>
		<CLASSID>12</CLASSID>
		<CLASSINFO>C 1</CLASSINFO>
		<VALUES>[0.1470764299725195, 0.0028133267919389095, 0.13233935843508124, 0.0030413258421216403, 0.10971352056950079, 0.004860462451591608, 0.07661681196644676, 0.010829684185777271, 0.02626174893032744, 0.010858154678321507, 0.01510396869074295, 0.00851515296848205]</VALUES>
		<LCS_MIN>[0.13821212947368622, 0.12590865790843964, 0.09939754754304886, 0.0634407252073288, 0.012360690161585808, 0.0025649068411439657]</LCS_MIN>
		<LCS_MAX>[0.1576997935771942, 0.14070448279380798, 0.13369478285312653, 0.1180090457201004, 0.07007831335067749, 0.05301828309893608]</LCS_MAX>
		<WAVELENGTH>[0.485, 0.56, 0.66, 0.83, 1.65, 2.215]</WAVELENGTH>
		<MEAN_VALUE>[0.1470764299725195, 0.13233935843508124, 0.10971352056950079, 0.07661681196644676, 0.02626174893032744, 0.01510396869074295]</MEAN_VALUE>
		<CHECKBOX>2</CHECKBOX>
		<SD>[0.0028133267919389095, 0.0030413258421216403, 0.004860462451591608, 0.010829684185777271, 0.010858154678321507, 0.00851515296848205]</SD>
		<WAVELENGTH_UNIT>E-6m</WAVELENGTH_UNIT>
		<COLOR>#631cf0</COLOR>
		<COVARIANCE_MATRIX>[[7.401530716480796e-06, 3.8243472009420074e-06, 6.863512253361047e-06, 5.620420406331467e-06, 3.8516798510603254e-06, 3.481817769710992e-06], [3.8243472009420074e-06, 9.472599042034187e-06, 8.627555995494284e-06, 6.341165486245049e-06, 3.481276075374711e-06, 3.4821414139363977e-06], [6.863512253361047e-06, 8.627555995494284e-06, 2.1793061405284235e-05, 2.5771846761706784e-05, 2.0436994536005947e-05, 1.613258307905669e-05], [5.620420406331467e-06, 6.341165486245049e-06, 2.5771846761706784e-05, 0.00011578179404797488, 0.00010212935835721643, 7.153263790728325e-05], [3.8516798510603254e-06, 3.481276075374711e-06, 2.0436994536005947e-05, 0.00010212935835721643, 0.00011626673958483382, 7.955335603143165e-05], [3.481817769710992e-06, 3.4821414139363977e-06, 1.613258307905669e-05, 7.153263790728325e-05, 7.955335603143165e-05, 7.083565016599631e-05]]</COVARIANCE_MATRIX>
		<ROI_SIZE>1502</ROI_SIZE>
		<MAX_VALUE>[0.1576997935771942, 0.14070448279380798, 0.13369478285312653, 0.1180090457201004, 0.07007831335067749, 0.05301828309893608]</MAX_VALUE>
		<MIN_VALUE>[0.13821212947368622, 0.12590865790843964, 0.09939754754304886, 0.0634407252073288, 0.012360690161585808, 0.0025649068411439657]</MIN_VALUE>
		<SIGNATURE_THRESHOLD_MD>0</SIGNATURE_THRESHOLD_MD>
		<SIGNATURE_THRESHOLD_ML>0</SIGNATURE_THRESHOLD_ML>
		<SIGNATURE_THRESHOLD_SAM>0</SIGNATURE_THRESHOLD_SAM>
	</signature>
	<signature ID="20210208_115758930806_588">
		<MACROCLASSID>1</MACROCLASSID>
		<MACROCLASSINFO>waterbody</MACROCLASSINFO>
		<CLASSID>13</CLASSID>
		<CLASSINFO>C 1</CLASSINFO>
		<VALUES>[0.1484542355442848, 0.002897917822511618, 0.13525386561209773, 0.0034586752560857082, 0.11847237764427873, 0.0037917391075880883, 0.08272327047486143, 0.011527821468709254, 0.029571013637066174, 0.012805629004099034, 0.01800239372599979, 0.009790888765068754]</VALUES>
		<LCS_MIN>[0.13998374342918396, 0.11481177806854248, 0.09627960622310638, 0.06733845919370651, 0.012360690161585808, 0.006168718915432692]</LCS_MIN>
		<LCS_MAX>[0.1576997935771942, 0.14070448279380798, 0.13369478285312653, 0.12580449879169464, 0.0725877657532692, 0.05301828309893608]</LCS_MAX>
		<WAVELENGTH>[0.485, 0.56, 0.66, 0.83, 1.65, 2.215]</WAVELENGTH>
		<MEAN_VALUE>[0.1484542355442848, 0.13525386561209773, 0.11847237764427873, 0.08272327047486143, 0.029571013637066174, 0.01800239372599979]</MEAN_VALUE>
		<CHECKBOX>2</CHECKBOX>
		<SD>[0.002897917822511618, 0.0034586752560857082, 0.0037917391075880883, 0.011527821468709254, 0.012805629004099034, 0.009790888765068754]</SD>
		<WAVELENGTH_UNIT>E-6m</WAVELENGTH_UNIT>
		<COLOR>#80751c</COLOR>
		<COVARIANCE_MATRIX>[[1.0212599196800494e-05, 6.410124921352378e-06, 7.184083191944383e-06, -5.187525510614715e-06, -1.9869241450541764e-06, -4.731548784039975e-08], [6.410124921352378e-06, 1.3779000179573817e-05, 1.0464998207744526e-05, -1.833278059864858e-05, -1.4204652901873401e-05, -7.135529070930934e-06], [7.184083191944383e-06, 1.0464998207744526e-05, 1.6785286880563873e-05, -1.0590834570395353e-05, -2.8240350069902642e-06, 1.929750367956908e-06], [-5.187525510614715e-06, -1.833278059864858e-05, -1.0590834570395353e-05, 0.00015917363253173622, 0.00014398980265944097, 9.136974815478908e-05], [-1.9869241450541764e-06, -1.4204652901873401e-05, -2.8240350069902642e-06, 0.00014398980265944097, 0.00016893789113987763, 0.00011173124554039918], [-4.731548784039975e-08, -7.135529070930934e-06, 1.929750367956908e-06, 9.136974815478908e-05, 0.00011173124554039918, 9.137238147435604e-05]]</COVARIANCE_MATRIX>
		<ROI_SIZE>828</ROI_SIZE>
		<MAX_VALUE>[0.1576997935771942, 0.14070448279380798, 0.13369478285312653, 0.12580449879169464, 0.0725877657532692, 0.05301828309893608]</MAX_VALUE>
		<MIN_VALUE>[0.13998374342918396, 0.11481177806854248, 0.09627960622310638, 0.06733845919370651, 0.012360690161585808, 0.006168718915432692]</MIN_VALUE>
		<SIGNATURE_THRESHOLD_MD>0</SIGNATURE_THRESHOLD_MD>
		<SIGNATURE_THRESHOLD_ML>0</SIGNATURE_THRESHOLD_ML>
		<SIGNATURE_THRESHOLD_SAM>0</SIGNATURE_THRESHOLD_SAM>
	</signature>
	<signature ID="20210208_115807393801_969">
		<MACROCLASSID>1</MACROCLASSID>
		<MACROCLASSINFO>waterbody</MACROCLASSINFO>
		<CLASSID>14</CLASSID>
		<CLASSINFO>C 1</CLASSINFO>
		<VALUES>[0.1480420828068201, 0.004092114037127316, 0.12967048320516605, 0.006482969092549358, 0.10986412425964236, 0.005227942170583498, 0.08181652099015663, 0.01406197055250333, 0.030641718399739455, 0.013386654401978478, 0.017447053003083735, 0.009321614789861776]</VALUES>
		<LCS_MIN>[0.13644054532051086, 0.1074138656258583, 0.09627960622310638, 0.0634407252073288, 0.009851227514445782, 0.0]</LCS_MIN>
		<LCS_MAX>[0.1576997935771942, 0.14070448279380798, 0.13057686388492584, 0.11411131173372269, 0.07007831335067749, 0.05301828309893608]</LCS_MAX>
		<WAVELENGTH>[0.485, 0.56, 0.66, 0.83, 1.65, 2.215]</WAVELENGTH>
		<MEAN_VALUE>[0.1480420828068201, 0.12967048320516605, 0.10986412425964236, 0.08181652099015663, 0.030641718399739455, 0.017447053003083735]</MEAN_VALUE>
		<CHECKBOX>2</CHECKBOX>
		<SD>[0.004092114037127316, 0.006482969092549358, 0.005227942170583498, 0.01406197055250333, 0.013386654401978478, 0.009321614789861776]</SD>
		<WAVELENGTH_UNIT>E-6m</WAVELENGTH_UNIT>
		<COLOR>#1c4d10</COLOR>
		<COVARIANCE_MATRIX>[[1.675678871958406e-05, 2.1265394724735967e-05, 1.2170957452462573e-05, -2.6858068402333293e-05, -2.3407960892882994e-05, -1.4183592130584209e-05], [2.1265394724735967e-05, 4.2057479335396097e-05, 2.214887114008882e-05, -5.162728401205021e-05, -4.847760589984894e-05, -2.9012783363018194e-05], [1.2170957452462573e-05, 2.214887114008882e-05, 2.7349972114025665e-05, -1.81966848297479e-06, -4.841211343942841e-06, -2.097630597821828e-07], [-2.6858068402333293e-05, -5.162728401205021e-05, -1.81966848297479e-06, 0.00019787353215676304, 0.00016875359595674562, 0.00010720792468419973], [-2.3407960892882994e-05, -4.847760589984894e-05, -4.841211343942841e-06, 0.00016875359595674562, 0.0001793244225515321, 0.00011345216156915217], [-1.4183592130584209e-05, -2.9012783363018194e-05, -2.097630597821828e-07, 0.00010720792468419973, 0.00011345216156915217, 8.695161283634579e-05]]</COVARIANCE_MATRIX>
		<ROI_SIZE>1471</ROI_SIZE>
		<MAX_VALUE>[0.1576997935771942, 0.14070448279380798, 0.13057686388492584, 0.11411131173372269, 0.07007831335067749, 0.05301828309893608]</MAX_VALUE>
		<MIN_VALUE>[0.13644054532051086, 0.1074138656258583, 0.09627960622310638, 0.0634407252073288, 0.009851227514445782, 0.0]</MIN_VALUE>
		<SIGNATURE_THRESHOLD_MD>0</SIGNATURE_THRESHOLD_MD>
		<SIGNATURE_THRESHOLD_ML>0</SIGNATURE_THRESHOLD_ML>
		<SIGNATURE_THRESHOLD_SAM>0</SIGNATURE_THRESHOLD_SAM>
	</signature>
	<signature ID="20210208_115815831273_287">
		<MACROCLASSID>1</MACROCLASSID>
		<MACROCLASSINFO>waterbody</MACROCLASSINFO>
		<CLASSID>15</CLASSID>
		<CLASSINFO>C 1</CLASSINFO>
		<VALUES>[0.14803875696322327, 0.0024539050284895178, 0.13150738104038492, 0.0029448979927396463, 0.10884272569858502, 0.009043104675442176, 0.056266994828780885, 0.01081423088710858, 0.012563277335941158, 0.0039564272069413505, 0.007188291873263804, 0.003486065701590539]</VALUES>
		<LCS_MIN>[0.13998374342918396, 0.11851074546575546, 0.09004376083612442, 0.043952032923698425, 0.0, 0.0]</LCS_MIN>
		<LCS_MAX>[0.1576997935771942, 0.14070448279380798, 0.13993065059185028, 0.09462261945009232, 0.057530999183654785, 0.04220684617757797]</LCS_MAX>
		<WAVELENGTH>[0.485, 0.56, 0.66, 0.83, 1.65, 2.215]</WAVELENGTH>
		<MEAN_VALUE>[0.14803875696322327, 0.13150738104038492, 0.10884272569858502, 0.056266994828780885, 0.012563277335941158, 0.007188291873263804]</MEAN_VALUE>
		<CHECKBOX>2</CHECKBOX>
		<SD>[0.0024539050284895178, 0.0029448979927396463, 0.009043104675442176, 0.01081423088710858, 0.0039564272069413505, 0.003486065701590539]</SD>
		<WAVELENGTH_UNIT>E-6m</WAVELENGTH_UNIT>
		<COLOR>#06f53b</COLOR>
		<COVARIANCE_MATRIX>[[5.736215523643319e-06, 1.1539428603412869e-06, 1.0986856864339004e-06, 1.1453616376463066e-06, 2.926694447809876e-07, 1.8411828819031032e-07], [1.1539428603412869e-06, 9.171502142231828e-06, 1.6145756468678604e-05, 1.090240797482267e-05, 6.46949870550642e-08, 1.2193525142225855e-07], [1.0986856864339004e-06, 1.6145756468678604e-05, 8.838666122991914e-05, 7.808599752184499e-05, 4.612257829675787e-06, 2.084920985004026e-06], [1.1453616376463066e-06, 1.090240797482267e-05, 7.808599752184499e-05, 0.00011107442622354183, 1.2687493540004952e-05, 6.133414459176373e-06], [2.926694447809876e-07, 6.46949870550642e-08, 4.612257829675787e-06, 1.2687493540004952e-05, 1.2852008459810646e-05, 4.898602661840749e-06], [1.8411828819031032e-07, 1.2193525142225855e-07, 2.084920985004026e-06, 6.133414459176373e-06, 4.898602661840749e-06, 1.0624928207828667e-05]]</COVARIANCE_MATRIX>
		<ROI_SIZE>8160</ROI_SIZE>
		<MAX_VALUE>[0.1576997935771942, 0.14070448279380798, 0.13993065059185028, 0.09462261945009232, 0.057530999183654785, 0.04220684617757797]</MAX_VALUE>
		<MIN_VALUE>[0.13998374342918396, 0.11851074546575546, 0.09004376083612442, 0.043952032923698425, 0.0, 0.0]</MIN_VALUE>
		<SIGNATURE_THRESHOLD_MD>0</SIGNATURE_THRESHOLD_MD>
		<SIGNATURE_THRESHOLD_ML>0</SIGNATURE_THRESHOLD_ML>
		<SIGNATURE_THRESHOLD_SAM>0</SIGNATURE_THRESHOLD_SAM>
	</signature>
	<signature ID="20210208_115827127616_970">
		<MACROCLASSID>1</MACROCLASSID>
		<MACROCLASSINFO>waterbody</MACROCLASSINFO>
		<CLASSID>16</CLASSID>
		<CLASSINFO>C 1</CLASSINFO>
		<VALUES>[0.1465497590911887, 0.005176912133643409, 0.12579086464608008, 0.008104414229369932, 0.09589079804053269, 0.010243846499520927, 0.06014040265387548, 0.013914141394552442, 0.01900553565466815, 0.010554673640992487, 0.010789873174785298, 0.006930650852831041]</VALUES>
		<LCS_MIN>[0.13112571835517883, 0.1074138656258583, 0.07133616507053375, 0.043952032923698425, 0.0023228423669934273, 0.0]</LCS_MIN>
		<LCS_MAX>[0.15947142243385315, 0.14070448279380798, 0.11810512095689774, 0.09852035343647003, 0.06254991888999939, 0.04941447451710701]</LCS_MAX>
		<WAVELENGTH>[0.485, 0.56, 0.66, 0.83, 1.65, 2.215]</WAVELENGTH>
		<MEAN_VALUE>[0.1465497590911887, 0.12579086464608008, 0.09589079804053269, 0.06014040265387548, 0.01900553565466815, 0.010789873174785298]</MEAN_VALUE>
		<CHECKBOX>2</CHECKBOX>
