<?xml version="1.0" ?>
<signaturelist MCID_LIST="[['1', 'Waterbody', '#000000'], ['2', 'Vegetation', '#000000'], ['3', 'Bareland', '#000000'], ['4', 'Built-up', '#000000']]">
	<signature ID="20211209_161754705576_153">
		<MACROCLASSID>1</MACROCLASSID>
		<MACROCLASSINFO>Waterbody</MACROCLASSINFO>
		<CLASSID>1</CLASSID>
		<CLASSINFO>C 1</CLASSINFO>
		<VALUES>[0.06655339956624413, 0.004023000944332024, 0.04970300696748369, 0.004558543435925302, 0.034216407745520434, 0.004652481841598513, 0.033214513170585186, 0.0061009430858484, 0.016181516734360694, 0.005261379228725026, 0.012688922465227268, 0.004584842468759589]</VALUES>
		<LCS_MIN>[0.05401941016316414, 0.034177303314208984, 0.02097739651799202, 0.014232332818210125, 0.0, 0.0]</LCS_MIN>
		<LCS_MAX>[0.07788901031017303, 0.06301389634609222, 0.05026305094361305, 0.07746797800064087, 0.05769556015729904, 0.0421939343214035]</LCS_MAX>
		<WAVELENGTH>[0.485, 0.56, 0.66, 0.83, 1.65, 2.215]</WAVELENGTH>
		<MEAN_VALUE>[0.06655339956624413, 0.04970300696748369, 0.034216407745520434, 0.033214513170585186, 0.016181516734360694, 0.012688922465227268]</MEAN_VALUE>
		<CHECKBOX>2</CHECKBOX>
		<SD>[0.004023000944332024, 0.004558543435925302, 0.004652481841598513, 0.0061009430858484, 0.005261379228725026, 0.004584842468759589]</SD>
		<WAVELENGTH_UNIT>E-6m</WAVELENGTH_UNIT>
		<COLOR>#aaafd9</COLOR>
		<COVARIANCE_MATRIX>[[1.2448871530068573e-05, 1.1388613529561553e-05, 1.1911844012502115e-05, 8.90225601324346e-06, 8.468957275908906e-06, 8.51679033075925e-06], [1.1388613529561553e-05, 1.5173305655480362e-05, 1.2892228369310033e-05, 1.1241442734899465e-05, 1.0433765055495314e-05, 9.720351044961717e-06], [1.1911844012502115e-05, 1.2892228369310033e-05, 1.712087214400526e-05, 1.3877680430596229e-05, 1.2764001439791173e-05, 1.1327289939799812e-05], [8.90225601324346e-06, 1.1241442734899465e-05, 1.3877680430596229e-05, 3.273233960499056e-05, 2.1492194719030522e-05, 1.5210196579573676e-05], [8.468957275908906e-06, 1.0433765055495314e-05, 1.2764001439791173e-05, 2.1492194719030522e-05, 2.3164620870375074e-05, 1.4189042303769384e-05], [8.51679033075925e-06, 9.720351044961717e-06, 1.1327289939799812e-05, 1.5210196579573676e-05, 1.4189042303769384e-05, 1.77423280547373e-05]]</COVARIANCE_MATRIX>
		<ROI_SIZE>4598</ROI_SIZE>
		<MAX_VALUE>[0.07788901031017303, 0.06301389634609222, 0.05026305094361305, 0.07746797800064087, 0.05769556015729904, 0.0421939343214035]</MAX_VALUE>
		<MIN_VALUE>[0.05401941016316414, 0.034177303314208984, 0.02097739651799202, 0.014232332818210125, 0.0, 0.0]</MIN_VALUE>
		<SIGNATURE_THRESHOLD_MD>0.0</SIGNATURE_THRESHOLD_MD>
		<SIGNATURE_THRESHOLD_ML>0.0</SIGNATURE_THRESHOLD_ML>
		<SIGNATURE_THRESHOLD_SAM>0.0</SIGNATURE_THRESHOLD_SAM>
	</signature>
	<signature ID="20211209_162113233120_325">
		<MACROCLASSID>1</MACROCLASSID>
		<MACROCLASSINFO>Waterbody</MACROCLASSINFO>
		<CLASSID>2</CLASSID>
		<CLASSINFO>C 1</CLASSINFO>
		<VALUES>[0.05955689109215444, 0.0032791581797352275, 0.04210275887218237, 0.004667026511007015, 0.027156679878291977, 0.00443649075576622, 0.02710438144231666, 0.00964119091579436, 0.009890130753458804, 0.007203453452822763, 0.006829004481298742, 0.0050365440997635295]</VALUES>
		<LCS_MIN>[0.05004114285111427, 0.03129364922642708, 0.018315061926841736, 0.004247755277901888, 0.0, 0.0]</LCS_MIN>
		<LCS_MAX>[0.07523683458566666, 0.06013023108243942, 0.04760072007775307, 0.07746797800064087, 0.05341000482439995, 0.039116717875003815]</LCS_MAX>
		<WAVELENGTH>[0.485, 0.56, 0.66, 0.83, 1.65, 2.215]</WAVELENGTH>
		<MEAN_VALUE>[0.05955689109215444, 0.04210275887218237, 0.027156679878291977, 0.02710438144231666, 0.009890130753458804, 0.006829004481298742]</MEAN_VALUE>
		<CHECKBOX>2</CHECKBOX>
		<SD>[0.0032791581797352275, 0.004667026511007015, 0.00443649075576622, 0.00964119091579436, 0.007203453452822763, 0.0050365440997635295]</SD>
		<WAVELENGTH_UNIT>E-6m</WAVELENGTH_UNIT>
		<COLOR>#f7db63</COLOR>
		<COVARIANCE_MATRIX>[[1.0166914762521628e-05, 1.1509407158882823e-05, 1.0471668247191701e-05, 1.0755410585261416e-05, 1.0413228665129282e-05, 8.823088137432933e-06], [1.1509407158882823e-05, 2.0538576791295782e-05, 1.639715992496349e-05, 2.266808587592095e-05, 1.8912143787019886e-05, 1.4504294085782021e-05], [1.0471668247191701e-05, 1.639715992496349e-05, 1.8536824427428655e-05, 2.525603849790059e-05, 2.044474967988208e-05, 1.4790296518185642e-05], [1.0755410585261416e-05, 2.266808587592095e-05, 2.525603849790059e-05, 8.60095169628039e-05, 5.22219852427952e-05, 3.213550735381432e-05], [1.0413228665129282e-05, 1.8912143787019886e-05, 2.044474967988208e-05, 5.22219852427952e-05, 4.882802750216797e-05, 2.8330807253951207e-05], [8.823088137432933e-06, 1.4504294085782021e-05, 1.4790296518185642e-05, 3.213550735381432e-05, 2.8330807253951207e-05, 2.4363858756260015e-05]]</COVARIANCE_MATRIX>
		<ROI_SIZE>3591</ROI_SIZE>
		<MAX_VALUE>[0.07523683458566666, 0.06013023108243942, 0.04760072007775307, 0.07746797800064087, 0.05341000482439995, 0.039116717875003815]</MAX_VALUE>
		<MIN_VALUE>[0.05004114285111427, 0.03129364922642708, 0.018315061926841736, 0.004247755277901888, 0.0, 0.0]</MIN_VALUE>
		<SIGNATURE_THRESHOLD_MD>0.0</SIGNATURE_THRESHOLD_MD>
		<SIGNATURE_THRESHOLD_ML>0.0</SIGNATURE_THRESHOLD_ML>
		<SIGNATURE_THRESHOLD_SAM>0.0</SIGNATURE_THRESHOLD_SAM>
	</signature>
	<signature ID="20211209_162159825200_337">
		<MACROCLASSID>1</MACROCLASSID>
		<MACROCLASSINFO>Waterbody</MACROCLASSINFO>
		<CLASSID>3</CLASSID>
		<CLASSINFO>C 1</CLASSINFO>
		<VALUES>[0.07555936637445024, 0.0029810638082470404, 0.09688466138885184, 0.00474853271143099, 0.08568109355993196, 0.004793566149236555, 0.09038023886791734, 0.009503322313835381, 0.01814139438161659, 0.008387319708532426, 0.012164993346589867, 0.005331525072292772]</VALUES>
		<LCS_MIN>[0.06728029996156693, 0.07166486233472824, 0.06357471644878387, 0.07081159949302673, 0.006268972530961037, 0.002190117724239826]</LCS_MIN>
		<LCS_MAX>[0.09114990383386612, 0.12068705260753632, 0.10617202520370483, 0.13737544417381287, 0.05983833223581314, 0.039116717875003815]</LCS_MAX>
		<WAVELENGTH>[0.485, 0.56, 0.66, 0.83, 1.65, 2.215]</WAVELENGTH>
		<MEAN_VALUE>[0.07555936637445024, 0.09688466138885184, 0.08568109355993196, 0.09038023886791734, 0.01814139438161659, 0.012164993346589867]</MEAN_VALUE>
		<CHECKBOX>2</CHECKBOX>
		<SD>[0.0029810638082470404, 0.00474853271143099, 0.004793566149236555, 0.009503322313835381, 0.008387319708532426, 0.005331525072292772]</SD>
		<WAVELENGTH_UNIT>E-6m</WAVELENGTH_UNIT>
		<COLOR>#05a3ff</COLOR>
		<COVARIANCE_MATRIX>[[8.894278835214209e-06, 9.360390322399326e-06, 1.0663115062925499e-05, 6.190632717562039e-08, 1.3661061757375137e-06, 3.6192343486618483e-06], [9.360390322399326e-06, 2.256768857478164e-05, 1.867556966317352e-05, -1.930139296746347e-05, -1.5035103388072457e-05, -4.3392997213231865e-06], [1.0663115062925499e-05, 1.867556966317352e-05, 2.2997766791377217e-05, -1.5263320165104233e-05, -1.1838071259262506e-05, -2.09480799640005e-06], [6.190632717562039e-08, -1.930139296746347e-05, -1.5263320165104233e-05, 9.038973803399131e-05, 6.727971776854247e-05, 3.61738057108596e-05], [1.3661061757375137e-06, -1.5035103388072457e-05, -1.1838071259262506e-05, 6.727971776854247e-05, 7.040680065983906e-05, 3.6508550692815334e-05], [3.6192343486618483e-06, -4.3392997213231865e-06, -2.09480799640005e-06, 3.61738057108596e-05, 3.6508550692815334e-05, 2.844926893885713e-05]]</COVARIANCE_MATRIX>
		<ROI_SIZE>1180</ROI_SIZE>
		<MAX_VALUE>[0.09114990383386612, 0.12068705260753632, 0.10617202520370483, 0.13737544417381287, 0.05983833223581314, 0.039116717875003815]</MAX_VALUE>
		<MIN_VALUE>[0.06728029996156693, 0.07166486233472824, 0.06357471644878387, 0.07081159949302673, 0.006268972530961037, 0.002190117724239826]</MIN_VALUE>
		<SIGNATURE_THRESHOLD_MD>0.0</SIGNATURE_THRESHOLD_MD>
		<SIGNATURE_THRESHOLD_ML>0.0</SIGNATURE_THRESHOLD_ML>
		<SIGNATURE_THRESHOLD_SAM>0.0</SIGNATURE_THRESHOLD_SAM>
	</signature>
	<signature ID="20211209_162211564710_461">
		<MACROCLASSID>1</MACROCLASSID>
		<MACROCLASSINFO>Waterbody</MACROCLASSINFO>
		<CLASSID>4</CLASSID>
		<CLASSINFO>C 1</CLASSINFO>
		<VALUES>[0.07060522624268764, 0.0040764991633718, 0.06080542979080504, 0.005009891945256971, 0.04018514797818369, 0.005107768084336162, 0.04668626450910801, 0.015834524409904925, 0.023473881466723075, 0.010019058446148693, 0.015354600049010137, 0.006430271469183807]</VALUES>
		<LCS_MIN>[0.05932376906275749, 0.048595599830150604, 0.03162672370672226, 0.027545098215341568, 0.012697294354438782, 0.00526733323931694]</LCS_MIN>
		<LCS_MAX>[0.08584555983543396, 0.07454852014780045, 0.05558772012591362, 0.1040935143828392, 0.06626664847135544, 0.039116717875003815]</LCS_MAX>
		<WAVELENGTH>[0.485, 0.56, 0.66, 0.83, 1.65, 2.215]</WAVELENGTH>
		<MEAN_VALUE>[0.07060522624268764, 0.06080542979080504, 0.04018514797818369, 0.04668626450910801, 0.023473881466723075, 0.015354600049010137]</MEAN_VALUE>
		<CHECKBOX>2</CHECKBOX>
		<SD>[0.0040764991633718, 0.005009891945256971, 0.005107768084336162, 0.015834524409904925, 0.010019058446148693, 0.006430271469183807]</SD>
		<WAVELENGTH_UNIT>E-6m</WAVELENGTH_UNIT>
		<COLOR>#2a6728</COLOR>
		<COVARIANCE_MATRIX>[[1.6699304978828877e-05, 1.8269829524797387e-05, 1.8200682461610995e-05, 2.7015923933504382e-06, 8.189623258658685e-06, 1.2563699783640914e-05], [1.8269829524797387e-05, 2.522205249988474e-05, 2.2342988813761622e-05, 2.39659766521072e-06, 9.922651770466473e-06, 1.5078825526870787e-05], [1.8200682461610995e-05, 2.2342988813761622e-05, 2.6217183403787203e-05, 1.8587878003017977e-05, 1.995867569348775e-05, 2.0672829123213887e-05], [2.7015923933504382e-06, 2.39659766521072e-06, 1.8587878003017977e-05, 0.00025196123169735074, 0.00014348751574289054, 7.837712473701686e-05], [8.189623258658685e-06, 9.922651770466473e-06, 1.995867569348775e-05, 0.00014348751574289054, 0.00010087359987664968, 5.528211477212608e-05], [1.2563699783640914e-05, 1.5078825526870787e-05, 2.0672829123213887e-05, 7.837712473701686e-05, 5.528211477212608e-05, 4.1551080357749015e-05]]</COVARIANCE_MATRIX>
		<ROI_SIZE>205</ROI_SIZE>
		<MAX_VALUE>[0.08584555983543396, 0.07454852014780045, 0.05558772012591362, 0.1040935143828392, 0.06626664847135544, 0.039116717875003815]</MAX_VALUE>
		<MIN_VALUE>[0.05932376906275749, 0.048595599830150604, 0.03162672370672226, 0.027545098215341568, 0.012697294354438782, 0.00526733323931694]</MIN_VALUE>
		<SIGNATURE_THRESHOLD_MD>0.0</SIGNATURE_THRESHOLD_MD>
		<SIGNATURE_THRESHOLD_ML>0.0</SIGNATURE_THRESHOLD_ML>
		<SIGNATURE_THRESHOLD_SAM>0.0</SIGNATURE_THRESHOLD_SAM>
	</signature>
	<signature ID="20211209_162315877842_467">
		<MACROCLASSID>1</MACROCLASSID>
		<MACROCLASSINFO>Waterbody</MACROCLASSINFO>
		<CLASSID>5</CLASSID>
		<CLASSINFO>C 1</CLASSINFO>
		<VALUES>[0.06780713127864085, 0.001924112365835436, 0.04992243017877516, 0.0029458172021118605, 0.03371476400699868, 0.0032359510073525608, 0.03165054063726319, 0.010177193917741561, 0.009744861627031373, 0.006737395564474429, 0.005809432251542083, 0.0039050866470731692]</VALUES>
		<LCS_MIN>[0.06197594851255417, 0.03994462639093399, 0.02630205824971199, 0.017560523003339767, 0.0, 0.0]</LCS_MIN>
		<LCS_MAX>[0.07391074299812317, 0.06013023108243942, 0.04493838548660278, 0.07746797800064087, 0.05341000482439995, 0.02988506481051445]</LCS_MAX>
		<WAVELENGTH>[0.485, 0.56, 0.66, 0.83, 1.65, 2.215]</WAVELENGTH>
		<MEAN_VALUE>[0.06780713127864085, 0.04992243017877516, 0.03371476400699868, 0.03165054063726319, 0.009744861627031373, 0.005809432251542083]</MEAN_VALUE>
		<CHECKBOX>2</CHECKBOX>
		<SD>[0.001924112365835436, 0.0029458172021118605, 0.0032359510073525608, 0.010177193917741561, 0.006737395564474429, 0.0039050866470731692]</SD>
		<WAVELENGTH_UNIT>E-6m</WAVELENGTH_UNIT>
		<COLOR>#11c8a9</COLOR>
		<COVARIANCE_MATRIX>[[3.3270928270212607e-06, 2.2669253212370677e-06, 2.4807527552184183e-06, 5.616653652396053e-06, 3.4305890039831866e-06, 1.8731120690063108e-06], [2.2669253212370677e-06, 6.967192348383833e-06, 5.011260782339377e-06, 1.1890404493897222e-05, 6.848168141004862e-06, 3.357239847900928e-06], [2.4807527552184183e-06, 5.011260782339377e-06, 8.792139851721004e-06, 1.485535267420346e-05, 9.064458026841749e-06, 4.310390522732632e-06], [5.616653652396053e-06, 1.1890404493897222e-05, 1.485535267420346e-05, 0.00010121150262420997, 5.662110197590664e-05, 2.6726438591140322e-05], [3.4305890039831866e-06, 6.848168141004862e-06, 9.064458026841749e-06, 5.662110197590664e-05, 4.388708475744352e-05, 1.920907925523352e-05], [1.8731120690063108e-06, 3.357239847900928e-06, 4.310390522732632e-06, 2.6726438591140322e-05, 1.920907925523352e-05, 1.4952952369640116e-05]]</COVARIANCE_MATRIX>
		<ROI_SIZE>5762</ROI_SIZE>
		<MAX_VALUE>[0.07391074299812317, 0.06013023108243942, 0.04493838548660278, 0.07746797800064087, 0.05341000482439995, 0.02988506481051445]</MAX_VALUE>
		<MIN_VALUE>[0.06197594851255417, 0.03994462639093399, 0.02630205824971199, 0.017560523003339767, 0.0, 0.0]</MIN_VALUE>
		<SIGNATURE_THRESHOLD_MD>0.0</SIGNATURE_THRESHOLD_MD>
		<SIGNATURE_THRESHOLD_ML>0.0</SIGNATURE_THRESHOLD_ML>
		<SIGNATURE_THRESHOLD_SAM>0.0</SIGNATURE_THRESHOLD_SAM>
	</signature>
	<signature ID="20211209_162330481438_362">
		<MACROCLASSID>1</MACROCLASSID>
		<MACROCLASSINFO>Waterbody</MACROCLASSINFO>
		<CLASSID>6</CLASSID>
		<CLASSINFO>C 1</CLASSINFO>
		<VALUES>[0.06557417671745017, 0.0014365852656834021, 0.04652987397173199, 0.0017267195631582716, 0.02912928454645189, 0.0014334291431938645, 0.024379720765907192, 0.004308910506402192, 0.006007979433426694, 0.0029314349467530194, 0.004030415501250777, 0.0025537568268679174]</VALUES>
		<LCS_MIN>[0.06064985692501068, 0.03994462639093399, 0.023639727383852005, 0.017560523003339767, 0.0, 0.0]</LCS_MIN>
		<LCS_MAX>[0.07125856727361679, 0.05436291545629501, 0.039613720029592514, 0.07081159949302673, 0.04269613325595856, 0.020653415471315384]</LCS_MAX>
		<WAVELENGTH>[0.485, 0.56, 0.66, 0.83, 1.65, 2.215]</WAVELENGTH>
		<MEAN_VALUE>[0.06557417671745017, 0.04652987397173199, 0.02912928454645189, 0.024379720765907192, 0.006007979433426694, 0.004030415501250777]</MEAN_VALUE>
		<CHECKBOX>2</CHECKBOX>
		<SD>[0.0014365852656834021, 0.0017267195631582716, 0.0014334291431938645, 0.004308910506402192, 0.0029314349467530194, 0.0025537568268679174]</SD>
		<WAVELENGTH_UNIT>E-6m</WAVELENGTH_UNIT>
		<COLOR>#c1ddb7</COLOR>
		<COVARIANCE_MATRIX>[[2.060177166640642e-06, 1.5398393315990688e-07, 1.2195958731808787e-07, 4.884344662059448e-07, 3.754927035970468e-07, 1.4025248162852222e-07], [1.5398393315990688e-07, 2.885725507439929e-06, 1.6836160909861064e-07, 1.0868659501284128e-06, 7.04525291439495e-07, 3.296097759175609e-07], [1.2195958731808787e-07, 1.6836160909861064e-07, 1.928222673086566e-06, 1.8408319419904728e-06, 1.2097191302018473e-06, 5.823676474392414e-07], [4.884344662059448e-07, 1.0868659501284128e-06, 1.8408319419904728e-06, 1.4329021723824553e-05, 6.440571723942412e-06, 2.8898630262119696e-06], [3.754927035970468e-07, 7.04525291439495e-07, 1.2097191302018473e-06, 6.440571723942412e-06, 6.870375727885403e-06, 1.996135324588977e-06], [1.4025248162852222e-07, 3.296097759175609e-07, 5.823676474392414e-07, 2.8898630262119696e-06, 1.996135324588977e-06, 6.1913628996990155e-06]]</COVARIANCE_MATRIX>
		<ROI_SIZE>8663</ROI_SIZE>
		<MAX_VALUE>[0.07125856727361679, 0.05436291545629501, 0.039613720029592514, 0.07081159949302673, 0.04269613325595856, 0.020653415471315384]</MAX_VALUE>
		<MIN_VALUE>[0.06064985692501068, 0.03994462639093399, 0.023639727383852005, 0.017560523003339767, 0.0, 0.0]</MIN_VALUE>
		<SIGNATURE_THRESHOLD_MD>0.0</SIGNATURE_THRESHOLD_MD>
		<SIGNATURE_THRESHOLD_ML>0.0</SIGNATURE_THRESHOLD_ML>
		<SIGNATURE_THRESHOLD_SAM>0.0</SIGNATURE_THRESHOLD_SAM>
	</signature>
	<signature ID="20211209_162421076768_822">
		<MACROCLASSID>1</MACROCLASSID>
		<MACROCLASSINFO>Waterbody</MACROCLASSINFO>
		<CLASSID>7</CLASSID>
		<CLASSINFO>C 1</CLASSINFO>
		<VALUES>[0.08918960684019588, 0.0033609107339463017, 0.08984445294608241, 0.005856571791233199, 0.08487337115018263, 0.007152408319132597, 0.1257991133176762, 0.017662187889844583, 0.07027271017432211, 0.010174953405303326, 0.04112359525068947, 0.007122458614713119]</VALUES>
		<LCS_MIN>[0.08451945334672928, 0.07743217796087265, 0.07156170904636383, 0.0941089391708374, 0.05341000482439995, 0.03296228498220444]</LCS_MIN>
		<LCS_MAX>[0.09645427018404007, 0.10050144791603088, 0.0955226942896843, 0.16067278385162354, 0.08983717113733292, 0.05450279638171196]</LCS_MAX>
		<WAVELENGTH>[0.485, 0.56, 0.66, 0.83, 1.65, 2.215]</WAVELENGTH>
		<MEAN_VALUE>[0.08918960684019588, 0.08984445294608241, 0.08487337115018263, 0.1257991133176762, 0.07027271017432211, 0.04112359525068947]</MEAN_VALUE>
		<CHECKBOX>2</CHECKBOX>
		<SD>[0.0033609107339463017, 0.005856571791233199, 0.007152408319132597, 0.017662187889844583, 0.010174953405303326, 0.007122458614713119]</SD>
		<WAVELENGTH_UNIT>E-6m</WAVELENGTH_UNIT>
		<COLOR>#a8f929</COLOR>
		<COVARIANCE_MATRIX>[[1.1809162970166653e-05, 1.5182622519205324e-05, 1.7812943042372353e-05, -2.2721587811247446e-05, -8.839018846629187e-06, 2.177373090717083e-07], [1.5182622519205324e-05, 3.585849844967015e-05, 4.0480084862792864e-05, -2.471418156346772e-05, -1.1259022357990034e-05, 2.595459136500722e-06], [1.7812943042372353e-05, 4.0480084862792864e-05, 5.3482261137105525e-05, -4.510928556555882e-05, -9.07579578779405e-06, 7.447777534252964e-06], [-2.2721587811247446e-05, -2.471418156346772e-05, -4.510928556555882e-05, 0.0003261325473431498, 9.77559684542939e-05, 4.5236924052005634e-05], [-8.839018846629187e-06, -1.1259022357990034e-05, -9.07579578779405e-06, 9.77559684542939e-05, 0.00010823557386174798, 5.783237793366425e-05], [2.177373090717083e-07, 2.595459136500722e-06, 7.447777534252964e-06, 4.5236924052005634e-05, 5.783237793366425e-05, 5.303529906086624e-05]]</COVARIANCE_MATRIX>
		<ROI_SIZE>23</ROI_SIZE>
		<MAX_VALUE>[0.09645427018404007, 0.10050144791603088, 0.0955226942896843, 0.16067278385162354, 0.08983717113733292, 0.05450279638171196]</MAX_VALUE>
		<MIN_VALUE>[0.08451945334672928, 0.07743217796087265, 0.07156170904636383, 0.0941089391708374, 0.05341000482439995, 0.03296228498220444]</MIN_VALUE>
		<SIGNATURE_THRESHOLD_MD>0.0</SIGNATURE_THRESHOLD_MD>
		<SIGNATURE_THRESHOLD_ML>0.0</SIGNATURE_THRESHOLD_ML>
		<SIGNATURE_THRESHOLD_SAM>0.0</SIGNATURE_THRESHOLD_SAM>
	</signature>
	<signature ID="20211209_162432796394_135">
		<MACROCLASSID>1</MACROCLASSID>
		<MACROCLASSINFO>Waterbody</MACROCLASSINFO>
		<CLASSID>8</CLASSID>
		<CLASSINFO>C 1</CLASSINFO>
		<VALUES>[0.08921602958192429, 0.003720919450508576, 0.09167024850224456, 0.00574945634842541, 0.08781302766874428, 0.007152864127749951, 0.12489471553514404, 0.018991847416609656, 0.07439133858618635, 0.014320551671072585, 0.04623277780289451, 0.012951697250974864]</VALUES>
		<LCS_MIN>[0.0818672776222229, 0.07454852014780045, 0.07156170904636383, 0.09078074991703033, 0.05126723274588585, 0.02680784836411476]</LCS_MIN>
		<LCS_MAX>[0.09778036177158356, 0.10050144791603088, 0.10084735602140427, 0.16067278385162354, 0.10483658313751221, 0.08219774812459946]</LCS_MAX>
		<WAVELENGTH>[0.485, 0.56, 0.66, 0.83, 1.65, 2.215]</WAVELENGTH>
		<MEAN_VALUE>[0.08921602958192429, 0.09167024850224456, 0.08781302766874428, 0.12489471553514404, 0.07439133858618635, 0.04623277780289451]</MEAN_VALUE>
		<CHECKBOX>2</CHECKBOX>
		<SD>[0.003720919450508576, 0.00574945634842541, 0.007152864127749951, 0.018991847416609656, 0.014320551671072585, 0.012951697250974864]</SD>
		<WAVELENGTH_UNIT>E-6m</WAVELENGTH_UNIT>
		<COLOR>#25bfeb</COLOR>
		<COVARIANCE_MATRIX>[[1.4139821360004134e-05, 1.656724271015264e-05, 2.1880894564674236e-05, -5.582583253271878e-05, -2.7558924102777382e-06, 1.587766564625781e-05], [1.656724271015264e-05, 3.37595738528762e-05, 3.566044688341208e-05, -6.968306843191385e-05, -9.810856681724545e-06, 1.1127439393021632e-05], [2.1880894564674236e-05, 3.566044688341208e-05, 5.2252049499657005e-05, -9.789239993551746e-05, 1.141458960773889e-05, 3.790151095017791e-05], [-5.582583253271878e-05, -6.968306843191385e-05, -9.789239993551746e-05, 0.0003683645336423069, 7.973698666319251e-05, 3.3231058296223637e-06], [-2.7558924102777382e-06, -9.810856681724545e-06, 1.141458960773889e-05, 7.973698666319251e-05, 0.000209441568586044, 0.00014830743020866066], [1.587766564625781e-05, 1.1127439393021632e-05, 3.790151095017791e-05, 3.3231058296223637e-06, 0.00014830743020866066, 0.00017131553613580763]]</COVARIANCE_MATRIX>
		<ROI_SIZE>48</ROI_SIZE>
		<MAX_VALUE>[0.09778036177158356, 0.10050144791603088, 0.10084735602140427, 0.16067278385162354, 0.10483658313751221, 0.08219774812459946]</MAX_VALUE>
		<MIN_VALUE>[0.0818672776222229, 0.07454852014780045, 0.07156170904636383, 0.09078074991703033, 0.05126723274588585, 0.02680784836411476]</MIN_VALUE>
		<SIGNATURE_THRESHOLD_MD>0.0</SIGNATURE_THRESHOLD_MD>
		<SIGNATURE_THRESHOLD_ML>0.0</SIGNATURE_THRESHOLD_ML>
		<SIGNATURE_THRESHOLD_SAM>0.0</SIGNATURE_THRESHOLD_SAM>
	</signature>
	<signature ID="20211209_162447164754_496">
		<MACROCLASSID>1</MACROCLASSID>
		<MACROCLASSINFO>Waterbody</MACROCLASSINFO>
		<CLASSID>9</CLASSID>
		<CLASSINFO>C 1</CLASSINFO>
		<VALUES>[0.09122568957862405, 0.0029100922339258123, 0.09143852456694557, 0.0051803310862030974, 0.0971708071373758, 0.007315415699453285, 0.09296784670579997, 0.010552980140904788, 0.0366555525788239, 0.009490065184255136, 0.021620541536027472, 0.006217331022121907]</VALUES>
		<LCS_MIN>[0.08451945334672928, 0.08031583577394485, 0.07954870909452438, 0.07746797800064087, 0.019125618040561676, 0.008344550617039204]</LCS_MIN>
		<LCS_MAX>[0.09910644590854645, 0.10338510572910309, 0.10883435606956482, 0.11740628629922867, 0.06198110058903694, 0.036039501428604126]</LCS_MAX>
		<WAVELENGTH>[0.485, 0.56, 0.66, 0.83, 1.65, 2.215]</WAVELENGTH>
		<MEAN_VALUE>[0.09122568957862405, 0.09143852456694557, 0.0971708071373758, 0.09296784670579997, 0.0366555525788239, 0.021620541536027472]</MEAN_VALUE>
		<CHECKBOX>2</CHECKBOX>
		<SD>[0.0029100922339258123, 0.0051803310862030974, 0.007315415699453285, 0.010552980140904788, 0.009490065184255136, 0.006217331022121907]</SD>
		<WAVELENGTH_UNIT>E-6m</WAVELENGTH_UNIT>
		<COLOR>#b570d3</COLOR>
		<COVARIANCE_MATRIX>[[8.550066013413016e-06, 1.157703354692785e-05, 1.5285873814718798e-05, -2.9257539608806837e-06, -2.5979577458201675e-06, 2.751090732999728e-06], [1.157703354692785e-05, 2.709386717469897e-05, 3.4199649235233665e-05, -1.4593807463825215e-05, -1.5464551324839704e-05, -3.949262463720515e-06], [1.5285873814718798e-05, 3.4199649235233665e-05, 5.4029878810979426e-05, -3.908224971382879e-05, -3.284426566096954e-05, -1.240139772562543e-05], [-2.9257539608806837e-06, -1.4593807463825215e-05, -3.908224971382879e-05, 0.00011243620974710211, 8.376256300834939e-05, 4.3557611206779256e-05], [-2.5979577458201675e-06, -1.5464551324839704e-05, -3.284426566096954e-05, 8.376256300834939e-05, 9.092731488635764e-05, 4.2607778595993295e-05], [2.751090732999728e-06, -3.949262463720515e-06, -1.240139772562543e-05, 4.3557611206779256e-05, 4.2607778595993295e-05, 3.902689059032127e-05]]</COVARIANCE_MATRIX>
		<ROI_SIZE>105</ROI_SIZE>
		<MAX_VALUE>[0.09910644590854645, 0.10338510572910309, 0.10883435606956482, 0.11740628629922867, 0.06198110058903694, 0.036039501428604126]</MAX_VALUE>
		<MIN_VALUE>[0.08451945334672928, 0.08031583577394485, 0.07954870909452438, 0.07746797800064087, 0.019125618040561676, 0.008344550617039204]</MIN_VALUE>
		<SIGNATURE_THRESHOLD_MD>0.0</SIGNATURE_THRESHOLD_MD>
		<SIGNATURE_THRESHOLD_ML>0.0</SIGNATURE_THRESHOLD_ML>
		<SIGNATURE_THRESHOLD_SAM>0.0</SIGNATURE_THRESHOLD_SAM>
	</signature>
	<signature ID="20211209_162459594930_111">
		<MACROCLASSID>1</MACROCLASSID>
		<MACROCLASSINFO>Waterbody</MACROCLASSINFO>
		<CLASSID>10</CLASSID>
		<CLASSINFO>C 1</CLASSINFO>
		<VALUES>[0.09469369625984195, 0.0033773664923507367, 0.09743079733828229, 0.004905106128271484, 0.10535424566309605, 0.006949401658410625, 0.09552881826007732, 0.011283386055117618, 0.04114573238474719, 0.01388372173896733, 0.027721561761668314, 0.011872046341327635]</VALUES>
		<LCS_MIN>[0.08451945334672928, 0.08031583577394485, 0.08221103250980377, 0.0741397812962532, 0.019125618040561676, 0.008344550617039204]</LCS_MIN>
		<LCS_MAX>[0.1044107973575592, 0.1149197444319725, 0.12214601784944534, 0.1240626722574234, 0.07912329584360123, 0.06065722554922104]</LCS_MAX>
		<WAVELENGTH>[0.485, 0.56, 0.66, 0.83, 1.65, 2.215]</WAVELENGTH>
		<MEAN_VALUE>[0.09469369625984195, 0.09743079733828229, 0.10535424566309605, 0.09552881826007732, 0.04114573238474719, 0.027721561761668314]</MEAN_VALUE>
		<CHECKBOX>2</CHECKBOX>
		<SD>[0.0033773664923507367, 0.004905106128271484, 0.006949401658410625, 0.011283386055117618, 0.01388372173896733, 0.011872046341327635]</SD>
		<WAVELENGTH_UNIT>E-6m</WAVELENGTH_UNIT>
		<COLOR>#63ddf6</COLOR>
		<COVARIANCE_MATRIX>[[1.1445667951193172e-05, 1.2870270438725129e-05, 1.4986602764111012e-05, -1.0435948070153245e-06, 1.0300849680788815e-05, 1.7279999156016856e-05], [1.2870270438725129e-05, 2.4142464098986238e-05, 2.9766828447463922e-05, -1.5477224224014208e-05, -9.390170816914178e-06, 4.213201009406475e-06], [1.4986602764111012e-05, 2.9766828447463922e-05, 4.845957300858572e-05, -3.9133101381594315e-05, -3.75718082068488e-05, -1.2969973795406986e-05], [-1.0435948070153245e-06, -1.5477224224014208e-05, -3.9133101381594315e-05, 0.0001277508126804605, 0.00011934241047129035, 7.494875899283215e-05], [1.0300849680788815e-05, -9.390170816914178e-06, -3.75718082068488e-05, 0.00011934241047129035, 0.0001934178580995649, 0.00014693626144435257], [1.7279999156016856e-05, 4.213201009406475e-06, -1.2969973795406986e-05, 7.494875899283215e-05, 0.00014693626144435257, 0.00014142817235551775]]</COVARIANCE_MATRIX>
		<ROI_SIZE>293</ROI_SIZE>
		<MAX_VALUE>[0.1044107973575592, 0.1149197444319725, 0.12214601784944534, 0.1240626722574234, 0.07912329584360123, 0.06065722554922104]</MAX_VALUE>
		<MIN_VALUE>[0.08451945334672928, 0.08031583577394485, 0.08221103250980377, 0.0741397812962532, 0.019125618040561676, 0.008344550617039204]</MIN_VALUE>
		<SIGNATURE_THRESHOLD_MD>0.0</SIGNATURE_THRESHOLD_MD>
		<SIGNATURE_THRESHOLD_ML>0.0</SIGNATURE_THRESHOLD_ML>
		<SIGNATURE_THRESHOLD_SAM>0.0</SIGNATURE_THRESHOLD_SAM>
	</signature>
	<signature ID="20211209_162519084452_695">
		<MACROCLASSID>1</MACROCLASSID>
		<MACROCLASSINFO>Waterbody</MACROCLASSINFO>
		<CLASSID>11</CLASSID>
		<CLASSINFO>C 1</CLASSINFO>
		<VALUES>[0.09114991285299, 0.0033602890353747646, 0.08896681744801371, 0.006135023453602147, 0.08837643697073584, 0.009503583952859456, 0.1279163603719912, 0.021056620691879406, 0.06254499484049646, 0.0150531713539403, 0.039278673008084304, 0.00884419198078278]</VALUES>
		<LCS_MIN>[0.08451945334672928, 0.07454852014780045, 0.06889937818050385, 0.0841243639588356, 0.034125037491321564, 0.023730633780360222]</LCS_MIN>
		<LCS_MAX>[0.09645427018404007, 0.10050144791603088, 0.10350970178842545, 0.16732916235923767, 0.09197995811700821, 0.05450279638171196]</LCS_MAX>
		<WAVELENGTH>[0.485, 0.56, 0.66, 0.83, 1.65, 2.215]</WAVELENGTH>
		<MEAN_VALUE>[0.09114991285299, 0.08896681744801371, 0.08837643697073584, 0.1279163603719912, 0.06254499484049646, 0.039278673008084304]</MEAN_VALUE>
		<CHECKBOX>2</CHECKBOX>
		<SD>[0.0033602890353747646, 0.006135023453602147, 0.009503583952859456, 0.021056620691879406, 0.0150531713539403, 0.00884419198078278]</SD>
		<WAVELENGTH_UNIT>E-6m</WAVELENGTH_UNIT>
		<COLOR>#a850f4</COLOR>
		<COVARIANCE_MATRIX>[[1.1918850759684574e-05, 1.869509469543118e-05, 2.5105749955400825e-05, -2.3538617824669927e-05, -2.210070306318812e-06, 1.133518139795342e-06], [1.869509469543118e-05, 3.972954073105939e-05, 5.6299864809261635e-05, -6.291607132880017e-05, -2.0253459297236986e-05, -8.873625120031647e-06], [2.5105749955400825e-05, 5.6299864809261635e-05, 9.53357812250033e-05, -0.00015799076936673373, -8.385350520256907e-05, -4.065140456077643e-05], [-2.3538617824669927e-05, -6.291607132880017e-05, -0.00015799076936673373, 0.0004680135753005743, 0.0002821764210239053, 0.0001324814948020503], [-2.210070306318812e-06, -2.0253459297236986e-05, -8.385350520256907e-05, 0.0002821764210239053, 0.00023918674560263753, 0.00011749267287086695], [1.133518139795342e-06, -8.873625120031647e-06, -4.065140456077643e-05, 0.0001324814948020503, 0.00011749267287086695, 8.256527507910505e-05]]</COVARIANCE_MATRIX>
		<ROI_SIZE>19</ROI_SIZE>
		<MAX_VALUE>[0.09645427018404007, 0.10050144791603088, 0.10350970178842545, 0.16732916235923767, 0.09197995811700821, 0.05450279638171196]</MAX_VALUE>
		<MIN_VALUE>[0.08451945334672928, 0.07454852014780045, 0.06889937818050385, 0.0841243639588356, 0.034125037491321564, 0.023730633780360222]</MIN_VALUE>
		<SIGNATURE_THRESHOLD_MD>0.0</SIGNATURE_THRESHOLD_MD>
		<SIGNATURE_THRESHOLD_ML>0.0</SIGNATURE_THRESHOLD_ML>
		<SIGNATURE_THRESHOLD_SAM>0.0</SIGNATURE_THRESHOLD_SAM>
	</signature>
	<signature ID="20211209_162527825552_290">
		<MACROCLASSID>1</MACROCLASSID>
		<MACROCLASSINFO>Waterbody</MACROCLASSINFO>
		<CLASSID>12</CLASSID>
		<CLASSINFO>C 1</CLASSINFO>
		<VALUES>[0.09271001640488122, 0.004786372924642462, 0.09185047622989206, 0.007532659647259672, 0.09356510003699976, 0.010674919421417852, 0.12768452285843737, 0.020506309095248736, 0.05901903407100367, 0.01422319515183353, 0.03241924421094796, 0.007664772459393062]</VALUES>
		<LCS_MIN>[0.08319337666034698, 0.07743217796087265, 0.076886385679245, 0.09078074991703033, 0.03626780956983566, 0.020653415471315384]</LCS_MIN>
		<LCS_MAX>[0.10175862163305283, 0.10338510572910309, 0.11415902525186539, 0.16732916235923767, 0.08983717113733292, 0.048348356038331985]</LCS_MAX>
		<WAVELENGTH>[0.485, 0.56, 0.66, 0.83, 1.65, 2.215]</WAVELENGTH>
		<MEAN_VALUE>[0.09271001640488122, 0.09185047622989206, 0.09356510003699976, 0.12768452285843737, 0.05901903407100367, 0.03241924421094796]</MEAN_VALUE>
		<CHECKBOX>2</CHECKBOX>
		<SD>[0.004786372924642462, 0.007532659647259672, 0.010674919421417852, 0.020506309095248736, 0.01422319515183353, 0.007664772459393062]</SD>
		<WAVELENGTH_UNIT>E-6m</WAVELENGTH_UNIT>
		<COLOR>#06ba64</COLOR>
		<COVARIANCE_MATRIX>[[2.3603588488185778e-05, 3.244597974116914e-05, 4.4549651647685096e-05, -4.286823241272941e-05, -2.4859433324309066e-05, -4.444367732503451e-06], [3.244597974116914e-05, 5.8460384025238454e-05, 7.793578697601333e-05, -5.583922757068649e-05, -4.231697312206961e-05, -1.1562611689441837e-05], [4.4549651647685096e-05, 7.793578697601333e-05, 0.00011740705667762086, -0.00012802287528757006, -8.808847633190453e-05, -3.2624251616653055e-05], [-4.286823241272941e-05, -5.583922757068649e-05, -0.00012802287528757006, 0.0004332514072302729, 0.00023926336143631488, 0.00012026994954794645], [-2.4859433324309066e-05, -4.231697312206961e-05, -8.808847633190453e-05, 0.00023926336143631488, 0.00020842955564148724, 9.804869478102773e-05], [-4.444367732503451e-06, -1.1562611689441837e-05, -3.2624251616653055e-05, 0.00012026994954794645, 9.804869478102773e-05, 6.052900062059052e-05]]</COVARIANCE_MATRIX>
		<ROI_SIZE>34</ROI_SIZE>
		<MAX_VALUE>[0.10175862163305283, 0.10338510572910309, 0.11415902525186539, 0.16732916235923767, 0.08983717113733292, 0.048348356038331985]</MAX_VALUE>
		<MIN_VALUE>[0.08319337666034698, 0.07743217796087265, 0.076886385679245, 0.09078074991703033, 0.03626780956983566, 0.020653415471315384]</MIN_VALUE>
		<SIGNATURE_THRESHOLD_MD>0.0</SIGNATURE_THRESHOLD_MD>
		<SIGNATURE_THRESHOLD_ML>0.0</SIGNATURE_THRESHOLD_ML>
		<SIGNATURE_THRESHOLD_SAM>0.0</SIGNATURE_THRESHOLD_SAM>
	</signature>
	<signature ID="20211209_162548561527_988">
		<MACROCLASSID>1</MACROCLASSID>
		<MACROCLASSINFO>Waterbody</MACROCLASSINFO>
		<CLASSID>13</CLASSID>
		<CLASSINFO>C 1</CLASSINFO>
		<VALUES>[0.0933169366988709, 0.003937699338988095, 0.09182703058894093, 0.0060810932838390504, 0.09513308749935492, 0.009024788077094215, 0.10504056355817533, 0.012650406763657963, 0.05210343749845416, 0.014634452174188442, 0.03496372354466742, 0.010838722250790203]</VALUES>
		<LCS_MIN>[0.08451945334672928, 0.07743217796087265, 0.07156170904636383, 0.08079617470502853, 0.02769671194255352, 0.017576199024915695]</LCS_MIN>
		<LCS_MAX>[0.1057368814945221, 0.1091524288058281, 0.11682135611772537, 0.12739086151123047, 0.08340884745121002, 0.0698888823390007]</LCS_MAX>
		<WAVELENGTH>[0.485, 0.56, 0.66, 0.83, 1.65, 2.215]</WAVELENGTH>
		<MEAN_VALUE>[0.0933169366988709, 0.09182703058894093, 0.09513308749935492, 0.10504056355817533, 0.05210343749845416, 0.03496372354466742]</MEAN_VALUE>
		<CHECKBOX>2</CHECKBOX>
		<SD>[0.003937699338988095, 0.0060810932838390504, 0.009024788077094215, 0.012650406763657963, 0.014634452174188442, 0.010838722250790203]</SD>
		<WAVELENGTH_UNIT>E-6m</WAVELENGTH_UNIT>
		<COLOR>#eff79d</COLOR>
		<COVARIANCE_MATRIX>[[1.563256955705583e-05, 1.929654899868183e-05, 2.608555405458901e-05, -1.433279612683691e-05, -1.6011195839382708e-05, 1.1127610832772916e-06], [1.929654899868183e-05, 3.7282807170413435e-05, 5.064809738541953e-05, -3.175905658281408e-05, -5.022282130084932e-05, -2.2718668333254755e-05], [2.608555405458901e-05, 5.064809738541953e-05, 8.211439853766933e-05, -5.947439058218151e-05, -8.76747362781316e-05, -4.474303568713367e-05], [-1.433279612683691e-05, -3.175905658281408e-05, -5.947439058218151e-05, 0.0001613445347175002, 0.00013388291699811816, 6.205681711435318e-05], [-1.6011195839382708e-05, -5.022282130084932e-05, -8.76747362781316e-05, 0.00013388291699811816, 0.00021592265693470836, 0.00013521467917598784], [1.1127610832772916e-06, -2.2718668333254755e-05, -4.474303568713367e-05, 6.205681711435318e-05, 0.00013521467917598784, 0.00011844083201140165]]</COVARIANCE_MATRIX>
		<ROI_SIZE>123</ROI_SIZE>
		<MAX_VALUE>[0.1057368814945221, 0.1091524288058281, 0.11682135611772537, 0.12739086151123047, 0.08340884745121002, 0.0698888823390007]</MAX_VALUE>
		<MIN_VALUE>[0.08451945334672928, 0.07743217796087265, 0.07156170904636383, 0.08079617470502853, 0.02769671194255352, 0.017576199024915695]</MIN_VALUE>
		<SIGNATURE_THRESHOLD_MD>0.0</SIGNATURE_THRESHOLD_MD>
		<SIGNATURE_THRESHOLD_ML>0.0</SIGNATURE_THRESHOLD_ML>
		<SIGNATURE_THRESHOLD_SAM>0.0</SIGNATURE_THRESHOLD_SAM>
	</signature>
	<signature ID="20211209_162610908676_936">
		<MACROCLASSID>1</MACROCLASSID>
		<MACROCLASSINFO>Waterbody</MACROCLASSINFO>
		<CLASSID>14</CLASSID>
		<CLASSINFO>C 1</CLASSINFO>
		<VALUES>[0.08742028241977096, 0.00225915963394762, 0.08536224253475666, 0.004264987422325462, 0.08919965848326683, 0.0066475070232634185, 0.11595019791275263, 0.023117421034430787, 0.04939230403397232, 0.012876160869327974, 0.02584621985442936, 0.008336840471203684]</VALUES>
		<LCS_MIN>[0.08319337666034698, 0.08031583577394485, 0.07954870909452438, 0.07746797800064087, 0.02769671194255352, 0.014498984441161156]</LCS_MIN>
		<LCS_MAX>[0.09114990383386612, 0.09473412483930588, 0.10350970178842545, 0.1640009582042694, 0.06840942800045013, 0.0421939343214035]</LCS_MAX>
		<WAVELENGTH>[0.485, 0.56, 0.66, 0.83, 1.65, 2.215]</WAVELENGTH>
		<MEAN_VALUE>[0.08742028241977096, 0.08536224253475666, 0.08919965848326683, 0.11595019791275263, 0.04939230403397232, 0.02584621985442936]</MEAN_VALUE>
		<CHECKBOX>2</CHECKBOX>
		<SD>[0.00225915963394762, 0.004264987422325462, 0.0066475070232634185, 0.023117421034430787, 0.012876160869327974, 0.008336840471203684]</SD>
		<WAVELENGTH_UNIT>E-6m</WAVELENGTH_UNIT>
		<COLOR>#9e3ff8</COLOR>
		<COVARIANCE_MATRIX>[[5.444055659609148e-06, 7.58423584557022e-06, 1.2739174053422175e-05, -2.638886871864088e-05, -1.8256676412420347e-05, -1.280306969420053e-05], [7.58423584557022e-06, 1.9402792531764135e-05, 2.738221883191727e-05, -4.3348085455363616e-05, -3.068917794735171e-05, -1.6120455256896093e-05], [1.2739174053422175e-05, 2.738221883191727e-05, 4.713530506705865e-05, -8.484173304168507e-05, -5.562159276450984e-05, -3.215586184524e-05], [-2.638886871864088e-05, -4.3348085455363616e-05, -8.484173304168507e-05, 0.0005700428155250847, 0.00026761190383695066, 0.00015486101619899273], [-1.8256676412420347e-05, -3.068917794735171e-05, -5.562159276450984e-05, 0.00026761190383695066, 0.00017684855265542865, 0.00010665439913282171], [-1.280306969420053e-05, -1.6120455256896093e-05, -3.215586184524e-05, 0.00015486101619899273, 0.00010665439913282171, 7.413643470499665e-05]]</COVARIANCE_MATRIX>
		<ROI_SIZE>16</ROI_SIZE>
		<MAX_VALUE>[0.09114990383386612, 0.09473412483930588, 0.10350970178842545, 0.1640009582042694, 0.06840942800045013, 0.0421939343214035]</MAX_VALUE>
		<MIN_VALUE>[0.08319337666034698, 0.08031583577394485, 0.07954870909452438, 0.07746797800064087, 0.02769671194255352, 0.014498984441161156]</MIN_VALUE>
		<SIGNATURE_THRESHOLD_MD>0.0</SIGNATURE_THRESHOLD_MD>
		<SIGNATURE_THRESHOLD_ML>0.0</SIGNATURE_THRESHOLD_ML>
		<SIGNATURE_THRESHOLD_SAM>0.0</SIGNATURE_THRESHOLD_SAM>
	</signature>
	<signature ID="20211209_162615713826_554">
		<MACROCLASSID>1</MACROCLASSID>
		<MACROCLASSINFO>Waterbody</MACROCLASSINFO>
		<CLASSID>15</CLASSID>
		<CLASSINFO>C 1</CLASSINFO>
		<VALUES>[0.10367408560381998, 0.005950549062625935, 0.10594835794634287, 0.008373589023679621, 0.11149669231639968, 0.011364831675267417, 0.16363117181592518, 0.01968637864626581, 0.0754329688433144, 0.0089725618849192, 0.045954971884687744, 0.005285843358537931]</VALUES>
		<LCS_MIN>[0.0924760103225708, 0.08896682411432266, 0.08753570169210434, 0.12739086151123047, 0.06198110058903694, 0.039116717875003815]</LCS_MIN>
		<LCS_MAX>[0.1163456067442894, 0.12068705260753632, 0.13279536366462708, 0.19062650203704834, 0.09197995811700821, 0.05450279638171196]</LCS_MAX>
		<WAVELENGTH>[0.485, 0.56, 0.66, 0.83, 1.65, 2.215]</WAVELENGTH>
		<MEAN_VALUE>[0.10367408560381998, 0.10594835794634287, 0.11149669231639968, 0.16363117181592518, 0.0754329688433144, 0.045954971884687744]</MEAN_VALUE>
		<CHECKBOX>2</CHECKBOX>
		<SD>[0.005950549062625935, 0.008373589023679621, 0.011364831675267417, 0.01968637864626581, 0.0089725618849192, 0.005285843358537931]</SD>
		<WAVELENGTH_UNIT>E-6m</WAVELENGTH_UNIT>
		<COLOR>#bb6b0b</COLOR>
		<COVARIANCE_MATRIX>[[3.7491918192245066e-05, 4.721249933936633e-05, 6.521020986838266e-05, 6.980854323046515e-06, -1.0065983587992378e-05, 1.0135121328858077e-06], [4.721249933936633e-05, 7.42415213608183e-05, 9.664312528911978e-05, 3.036031557712704e-05, -1.9789018551819026e-05, -4.987756256014109e-06], [6.521020986838266e-05, 9.664312528911978e-05, 0.00013675700756721199, 6.775901510991389e-06, -3.355751323397271e-05, -9.15638702281285e-06], [6.980854323046515e-06, 3.036031557712704e-05, 6.775901510991389e-06, 0.0004103507671970874, 8.707040979061276e-05, 2.19557732634712e-05], [-1.0065983587992378e-05, -1.9789018551819026e-05, -3.355751323397271e-05, 8.707040979061276e-05, 8.524256554665044e-05, 3.4477274311939254e-05], [1.0135121328858077e-06, -4.987756256014109e-06, -9.15638702281285e-06, 2.19557732634712e-05, 3.4477274311939254e-05, 2.9583678042399697e-05]]</COVARIANCE_MATRIX>
		<ROI_SIZE>18</ROI_SIZE>
		<MAX_VALUE>[0.1163456067442894, 0.12068705260753632, 0.13279536366462708, 0.19062650203704834, 0.09197995811700821, 0.05450279638171196]</MAX_VALUE>
		<MIN_VALUE>[0.0924760103225708, 0.08896682411432266, 0.08753570169210434, 0.12739086151123047, 0.06198110058903694, 0.039116717875003815]</MIN_VALUE>
		<SIGNATURE_THRESHOLD_MD>0.0</SIGNATURE_THRESHOLD_MD>
		<SIGNATURE_THRESHOLD_ML>0.0</SIGNATURE_THRESHOLD_ML>
		<SIGNATURE_THRESHOLD_SAM>0.0</SIGNATURE_THRESHOLD_SAM>
	</signature>
	<signature ID="20211209_162620597513_308">
		<MACROCLASSID>1</MACROCLASSID>
		<MACROCLASSINFO>Waterbody</MACROCLASSINFO>
		<CLASSID>16</CLASSID>
		<CLASSINFO>C 1</CLASSINFO>
		<VALUES>[0.08924220410878196, 0.00458037514226224, 0.08942213262382309, 0.006785165246089563, 0.09524245050392653, 0.008067306451073229, 0.10736331866498582, 0.018266436563215162, 0.03626781215139649, 0.010777589592622353, 0.01978963646188118, 0.005211840770918278]</VALUES>
		<LCS_MIN>[0.08319337666034698, 0.08031583577394485, 0.07954870909452438, 0.07746797800064087, 0.019125618040561676, 0.011421767994761467]</LCS_MIN>
