<?xml version="1.0" ?>
<signaturelist MCID_LIST="[['1', 'waterbody', '#000000'], ['2', 'vegetation', '#000000'], ['3', 'bareland', '#000000'], ['4', 'built-up', '#000000']]">
	<signature ID="20220210_114506667749_510">
		<MACROCLASSID>1</MACROCLASSID>
		<MACROCLASSINFO>waterbody</MACROCLASSINFO>
		<CLASSID>1</CLASSID>
		<CLASSINFO>C 1</CLASSINFO>
		<VALUES>[0.06645057496040896, 0.003848796780252592, 0.049654388549153376, 0.004283165786630335, 0.03410642939892245, 0.004440885393423708, 0.03311540167498079, 0.005671050645945218, 0.016042363010572123, 0.004861170269954371, 0.012593836093751283, 0.004329400626473168]</VALUES>
		<LCS_MIN>[0.05401941016316414, 0.034177303314208984, 0.02097739651799202, 0.017560523003339767, 0.0, 0.0]</LCS_MIN>
		<LCS_MAX>[0.07788901031017303, 0.06301389634609222, 0.05026305094361305, 0.0741397812962532, 0.05341000482439995, 0.0421939343214035]</LCS_MAX>
		<WAVELENGTH>[0.485, 0.56, 0.66, 0.83, 1.65, 2.215]</WAVELENGTH>
		<MEAN_VALUE>[0.06645057496040896, 0.049654388549153376, 0.03410642939892245, 0.03311540167498079, 0.016042363010572123, 0.012593836093751283]</MEAN_VALUE>
		<CHECKBOX>2</CHECKBOX>
		<SD>[0.003848796780252592, 0.004283165786630335, 0.004440885393423708, 0.005671050645945218, 0.004861170269954371, 0.004329400626473168]</SD>
		<WAVELENGTH_UNIT>E-6m</WAVELENGTH_UNIT>
		<COLOR>#c53928</COLOR>
		<COVARIANCE_MATRIX>[[1.2687249181908555e-05, 1.1672274013108108e-05, 1.2072192475898191e-05, 9.1588235591189e-06, 8.643910405226052e-06, 8.634133337181993e-06], [1.1672274013108108e-05, 1.5503586837439798e-05, 1.3057709111308213e-05, 1.1334644113958348e-05, 1.0444193321745843e-05, 9.80143613560358e-06], [1.2072192475898191e-05, 1.3057709111308213e-05, 1.7186233890242875e-05, 1.3736184882873204e-05, 1.2603166396729648e-05, 1.1244813322264235e-05], [9.1588235591189e-06, 1.1334644113958348e-05, 1.3736184882873204e-05, 3.0326687920023687e-05, 2.0057912479387596e-05, 1.4444454791373573e-05], [8.643910405226052e-06, 1.0444193321745843e-05, 1.2603166396729648e-05, 2.0057912479387596e-05, 2.2188194634509273e-05, 1.362246348435292e-05], [8.634133337181993e-06, 9.80143613560358e-06, 1.1244813322264235e-05, 1.4444454791373573e-05, 1.362246348435292e-05, 1.7340233171125874e-05]]</COVARIANCE_MATRIX>
		<ROI_SIZE>4858</ROI_SIZE>
		<MAX_VALUE>[0.07788901031017303, 0.06301389634609222, 0.05026305094361305, 0.0741397812962532, 0.05341000482439995, 0.0421939343214035]</MAX_VALUE>
		<MIN_VALUE>[0.05401941016316414, 0.034177303314208984, 0.02097739651799202, 0.017560523003339767, 0.0, 0.0]</MIN_VALUE>
		<SIGNATURE_THRESHOLD_MD>0.0</SIGNATURE_THRESHOLD_MD>
		<SIGNATURE_THRESHOLD_ML>0.0</SIGNATURE_THRESHOLD_ML>
		<SIGNATURE_THRESHOLD_SAM>0.0</SIGNATURE_THRESHOLD_SAM>
	</signature>
	<signature ID="20220210_114528171061_475">
		<MACROCLASSID>1</MACROCLASSID>
		<MACROCLASSINFO>waterbody</MACROCLASSINFO>
		<CLASSID>2</CLASSID>
		<CLASSINFO>C 1</CLASSINFO>
		<VALUES>[0.06559024441156698, 0.0032786979439814084, 0.049075147498884156, 0.0036659914396429886, 0.03407552049408242, 0.004114121481270392, 0.0333149467284481, 0.006074121233352128, 0.01636791935586657, 0.00512694555293099, 0.012593075695411297, 0.004293713975557624]</VALUES>
		<LCS_MIN>[0.05401941016316414, 0.034177303314208984, 0.02097739651799202, 0.010904140770435333, 0.004126198589801788, 0.0]</LCS_MIN>
		<LCS_MAX>[0.07921510189771652, 0.06589754670858383, 0.05026305094361305, 0.0741397812962532, 0.05341000482439995, 0.045271143317222595]</LCS_MAX>
		<WAVELENGTH>[0.485, 0.56, 0.66, 0.83, 1.65, 2.215]</WAVELENGTH>
		<MEAN_VALUE>[0.06559024441156698, 0.049075147498884156, 0.03407552049408242, 0.0333149467284481, 0.01636791935586657, 0.012593075695411297]</MEAN_VALUE>
		<CHECKBOX>2</CHECKBOX>
		<SD>[0.0032786979439814084, 0.0036659914396429886, 0.004114121481270392, 0.006074121233352128, 0.00512694555293099, 0.004293713975557624]</SD>
		<WAVELENGTH_UNIT>E-6m</WAVELENGTH_UNIT>
		<COLOR>#4bc1f2</COLOR>
		<COVARIANCE_MATRIX>[[1.1195761544513516e-05, 1.0134096555702854e-05, 1.0723380000854377e-05, 8.591403457103297e-06, 8.062873348535504e-06, 7.946229743538424e-06], [1.0134096555702854e-05, 1.3863942513125949e-05, 1.1897238437086344e-05, 1.0977212696161587e-05, 9.888728527585045e-06, 9.22702565731015e-06], [1.0723380000854377e-05, 1.1897238437086344e-05, 1.6510908608324826e-05, 1.4027773431735113e-05, 1.253131813427899e-05, 1.109717231884133e-05], [8.591403457103297e-06, 1.0977212696161587e-05, 1.4027773431735113e-05, 2.8547494366648607e-05, 1.8886918041971512e-05, 1.3940852113591973e-05], [8.062873348535504e-06, 9.888728527585045e-06, 1.253131813427899e-05, 1.8886918041971512e-05, 2.067660170723684e-05, 1.2872359548055101e-05], [7.946229743538424e-06, 9.22702565731015e-06, 1.109717231884133e-05, 1.3940852113591973e-05, 1.2872359548055101e-05, 1.6926020180108026e-05]]</COVARIANCE_MATRIX>
		<ROI_SIZE>5241</ROI_SIZE>
		<MAX_VALUE>[0.07921510189771652, 0.06589754670858383, 0.05026305094361305, 0.0741397812962532, 0.05341000482439995, 0.045271143317222595]</MAX_VALUE>
		<MIN_VALUE>[0.05401941016316414, 0.034177303314208984, 0.02097739651799202, 0.010904140770435333, 0.004126198589801788, 0.0]</MIN_VALUE>
		<SIGNATURE_THRESHOLD_MD>0.0</SIGNATURE_THRESHOLD_MD>
		<SIGNATURE_THRESHOLD_ML>0.0</SIGNATURE_THRESHOLD_ML>
		<SIGNATURE_THRESHOLD_SAM>0.0</SIGNATURE_THRESHOLD_SAM>
	</signature>
	<signature ID="20220210_114534845747_538">
		<MACROCLASSID>1</MACROCLASSID>
		<MACROCLASSINFO>waterbody</MACROCLASSINFO>
		<CLASSID>3</CLASSID>
		<CLASSINFO>C 1</CLASSINFO>
		<VALUES>[0.059513693346471795, 0.00327412947851117, 0.04178613850758907, 0.004781370968998108, 0.026888373591870192, 0.004439438382156618, 0.026024520356309453, 0.007868202950184153, 0.009594359715063769, 0.0063393031105558936, 0.006669376003871501, 0.00471045340066989]</VALUES>
		<LCS_MIN>[0.051367226988077164, 0.03129364922642708, 0.018315061926841736, 0.004247755277901888, 0.0, 0.0]</LCS_MIN>
		<LCS_MAX>[0.07523683458566666, 0.06013023108243942, 0.04493838548660278, 0.060827016830444336, 0.04269613325595856, 0.03296228498220444]</LCS_MAX>
		<WAVELENGTH>[0.485, 0.56, 0.66, 0.83, 1.65, 2.215]</WAVELENGTH>
		<MEAN_VALUE>[0.059513693346471795, 0.04178613850758907, 0.026888373591870192, 0.026024520356309453, 0.009594359715063769, 0.006669376003871501]</MEAN_VALUE>
		<CHECKBOX>2</CHECKBOX>
		<SD>[0.00327412947851117, 0.004781370968998108, 0.004439438382156618, 0.007868202950184153, 0.0063393031105558936, 0.00471045340066989]</SD>
		<WAVELENGTH_UNIT>E-6m</WAVELENGTH_UNIT>
		<COLOR>#64c7a8</COLOR>
		<COVARIANCE_MATRIX>[[9.532949661661405e-06, 1.1223457477171905e-05, 1.001522923615994e-05, 1.1223133697058074e-05, 9.567524102749303e-06, 8.070167496043723e-06], [1.1223457477171905e-05, 2.0372990547912195e-05, 1.5705170881119557e-05, 2.0427127310540527e-05, 1.6784182662377134e-05, 1.3136811503500212e-05], [1.001522923615994e-05, 1.5705170881119557e-05, 1.7094987924792804e-05, 2.0578892872435972e-05, 1.7088001186493784e-05, 1.2834600966016296e-05], [1.1223133697058074e-05, 2.0427127310540527e-05, 2.0578892872435972e-05, 5.269982648314908e-05, 3.53067007381469e-05, 2.3349959519691765e-05], [9.567524102749303e-06, 1.6784182662377134e-05, 1.7088001186493784e-05, 3.53067007381469e-05, 3.518510493449867e-05, 2.090741509164218e-05], [8.070167496043723e-06, 1.3136811503500212e-05, 1.2834600966016296e-05, 2.3349959519691765e-05, 2.090741509164218e-05, 2.015578320424538e-05]]</COVARIANCE_MATRIX>
		<ROI_SIZE>3959</ROI_SIZE>
		<MAX_VALUE>[0.07523683458566666, 0.06013023108243942, 0.04493838548660278, 0.060827016830444336, 0.04269613325595856, 0.03296228498220444]</MAX_VALUE>
		<MIN_VALUE>[0.051367226988077164, 0.03129364922642708, 0.018315061926841736, 0.004247755277901888, 0.0, 0.0]</MIN_VALUE>
		<SIGNATURE_THRESHOLD_MD>0.0</SIGNATURE_THRESHOLD_MD>
		<SIGNATURE_THRESHOLD_ML>0.0</SIGNATURE_THRESHOLD_ML>
		<SIGNATURE_THRESHOLD_SAM>0.0</SIGNATURE_THRESHOLD_SAM>
	</signature>
	<signature ID="20220210_114540361276_222">
		<MACROCLASSID>1</MACROCLASSID>
		<MACROCLASSINFO>waterbody</MACROCLASSINFO>
		<CLASSID>4</CLASSID>
		<CLASSINFO>C 1</CLASSINFO>
		<VALUES>[0.06649515235015853, 0.0015130883869802255, 0.04840906562572555, 0.0014388017681150399, 0.029683132939618533, 0.0013264721703022733, 0.02272801113440943, 0.001907310264875568, 0.005232529729726124, 0.0015378699457028802, 0.003716238049126354, 0.002310763735730838]</VALUES>
		<LCS_MIN>[0.06197594851255417, 0.03994462639093399, 0.02630205824971199, 0.017560523003339767, 0.0, 0.0]</LCS_MIN>
		<LCS_MAX>[0.07125856727361679, 0.05436291545629501, 0.034289054572582245, 0.027545098215341568, 0.010554521344602108, 0.011421767994761467]</LCS_MAX>
		<WAVELENGTH>[0.485, 0.56, 0.66, 0.83, 1.65, 2.215]</WAVELENGTH>
		<MEAN_VALUE>[0.06649515235015853, 0.04840906562572555, 0.029683132939618533, 0.02272801113440943, 0.005232529729726124, 0.003716238049126354]</MEAN_VALUE>
		<CHECKBOX>2</CHECKBOX>
		<SD>[0.0015130883869802255, 0.0014388017681150399, 0.0013264721703022733, 0.001907310264875568, 0.0015378699457028802, 0.002310763735730838]</SD>
		<WAVELENGTH_UNIT>E-6m</WAVELENGTH_UNIT>
		<COLOR>#680ba0</COLOR>
		<COVARIANCE_MATRIX>[[2.239989953523036e-06, 8.145743635168401e-08, 7.924352729560269e-08, -2.551815647677813e-08, -9.247296262060445e-09, 6.287832121643078e-08], [8.145743635168401e-08, 2.0266982119210297e-06, -2.791593622930577e-08, 1.514789893519719e-08, -2.825465372779945e-08, 2.7426750648373854e-08], [7.924352729560269e-08, -2.791593622930577e-08, 1.6768264003985678e-06, 9.180780580209102e-09, -8.37488134397546e-10, -4.686437549139555e-08], [-2.551815647677813e-08, 1.514789893519719e-08, 9.180780580209102e-09, 3.6571648251992883e-06, -2.2673187771715675e-08, 3.941145365615739e-08], [-9.247296262060445e-09, -2.825465372779945e-08, -8.37488134397546e-10, -2.2673187771715675e-08, 2.3685418000241043e-06, -3.1407889622414586e-08], [6.287832121643078e-08, 2.7426750648373854e-08, -4.686437549139555e-08, 3.941145365615739e-08, -3.1407889622414586e-08, 5.311947006703122e-06]]</COVARIANCE_MATRIX>
		<ROI_SIZE>10200</ROI_SIZE>
		<MAX_VALUE>[0.07125856727361679, 0.05436291545629501, 0.034289054572582245, 0.027545098215341568, 0.010554521344602108, 0.011421767994761467]</MAX_VALUE>
		<MIN_VALUE>[0.06197594851255417, 0.03994462639093399, 0.02630205824971199, 0.017560523003339767, 0.0, 0.0]</MIN_VALUE>
		<SIGNATURE_THRESHOLD_MD>0.0</SIGNATURE_THRESHOLD_MD>
		<SIGNATURE_THRESHOLD_ML>0.0</SIGNATURE_THRESHOLD_ML>
		<SIGNATURE_THRESHOLD_SAM>0.0</SIGNATURE_THRESHOLD_SAM>
	</signature>
	<signature ID="20220210_114603631930_581">
		<MACROCLASSID>1</MACROCLASSID>
		<MACROCLASSINFO>waterbody</MACROCLASSINFO>
		<CLASSID>5</CLASSID>
		<CLASSINFO>C 1</CLASSINFO>
		<VALUES>[0.10224083878777243, 0.008081585093067311, 0.10299188271164897, 0.011445665566254643, 0.1033886813304641, 0.01576032881373758, 0.1596138060770252, 0.018156925702218375, 0.12675132873383435, 0.01810072890390867, 0.09744395484978503, 0.019115641292783706]</VALUES>
		<LCS_MIN>[0.09114990383386612, 0.08319950103759766, 0.07954870909452438, 0.11740628629922867, 0.10055103898048401, 0.07604332268238068]</LCS_MIN>
		<LCS_MAX>[0.12032386660575867, 0.12933804094791412, 0.13545767962932587, 0.19728288054466248, 0.16697703301906586, 0.13451041281223297]</LCS_MAX>
		<WAVELENGTH>[0.485, 0.56, 0.66, 0.83, 1.65, 2.215]</WAVELENGTH>
		<MEAN_VALUE>[0.10224083878777243, 0.10299188271164897, 0.1033886813304641, 0.1596138060770252, 0.12675132873383435, 0.09744395484978503]</MEAN_VALUE>
		<CHECKBOX>2</CHECKBOX>
		<SD>[0.008081585093067311, 0.011445665566254643, 0.01576032881373758, 0.018156925702218375, 0.01810072890390867, 0.019115641292783706]</SD>
		<WAVELENGTH_UNIT>E-6m</WAVELENGTH_UNIT>
		<COLOR>#6c4558</COLOR>
		<COVARIANCE_MATRIX>[[6.842211587354541e-05, 9.252064774045721e-05, 0.00012749500456266105, 9.321807738160715e-05, 0.00011449689918663353, 0.0001285143953282386], [9.252064774045721e-05, 0.00013724151358474046, 0.00018347313744015992, 0.0001320989103987813, 0.000165269011631608, 0.0001854437286965549], [0.00012749500456266105, 0.00018347313744015992, 0.0002602159511297941, 0.00018425376038067043, 0.00022064647055231035, 0.0002520013658795506], [9.321807738160715e-05, 0.0001320989103987813, 0.00018425376038067043, 0.0003453727113083005, 0.0001907153200590983, 0.00017492682673037052], [0.00011449689918663353, 0.000165269011631608, 0.00022064647055231035, 0.0001907153200590983, 0.0003432381199672818, 0.0003366681339684874], [0.0001285143953282386, 0.0001854437286965549, 0.0002520013658795506, 0.00017492682673037052, 0.0003366681339684874, 0.0003828081244137138]]</COVARIANCE_MATRIX>
		<ROI_SIZE>22</ROI_SIZE>
		<MAX_VALUE>[0.12032386660575867, 0.12933804094791412, 0.13545767962932587, 0.19728288054466248, 0.16697703301906586, 0.13451041281223297]</MAX_VALUE>
		<MIN_VALUE>[0.09114990383386612, 0.08319950103759766, 0.07954870909452438, 0.11740628629922867, 0.10055103898048401, 0.07604332268238068]</MIN_VALUE>
		<SIGNATURE_THRESHOLD_MD>0.0</SIGNATURE_THRESHOLD_MD>
		<SIGNATURE_THRESHOLD_ML>0.0</SIGNATURE_THRESHOLD_ML>
		<SIGNATURE_THRESHOLD_SAM>0.0</SIGNATURE_THRESHOLD_SAM>
	</signature>
	<signature ID="20220210_114621087520_303">
		<MACROCLASSID>1</MACROCLASSID>
		<MACROCLASSINFO>waterbody</MACROCLASSINFO>
		<CLASSID>6</CLASSID>
		<CLASSINFO>C 1</CLASSINFO>
		<VALUES>[0.07790890511125322, 0.0049608474792887415, 0.0664454430527985, 0.007582375872139138, 0.054203304536640615, 0.008655489115965526, 0.14454768780618904, 0.018596515615587762, 0.08699799438938499, 0.012331544439474805, 0.045809658840298646, 0.008074026965665053]</VALUES>
		<LCS_MIN>[0.06860639154911041, 0.048595599830150604, 0.039613720029592514, 0.09743713587522507, 0.04912445694208145, 0.02680784836411476]</LCS_MIN>
		<LCS_MAX>[0.09512818604707718, 0.08896682411432266, 0.08487337082624435, 0.173985555768013, 0.109122134745121, 0.0698888823390007]</LCS_MAX>
		<WAVELENGTH>[0.485, 0.56, 0.66, 0.83, 1.65, 2.215]</WAVELENGTH>
		<MEAN_VALUE>[0.07790890511125322, 0.0664454430527985, 0.054203304536640615, 0.14454768780618904, 0.08699799438938499, 0.045809658840298646]</MEAN_VALUE>
		<CHECKBOX>2</CHECKBOX>
		<SD>[0.0049608474792887415, 0.007582375872139138, 0.008655489115965526, 0.018596515615587762, 0.012331544439474805, 0.008074026965665053]</SD>
		<WAVELENGTH_UNIT>E-6m</WAVELENGTH_UNIT>
		<COLOR>#90722e</COLOR>
		<COVARIANCE_MATRIX>[[2.473367567290552e-05, 3.4827702620532364e-05, 3.9146947528934106e-05, -2.660209429450333e-05, 7.66743232816225e-06, 2.0105475414311513e-05], [3.4827702620532364e-05, 5.7781329815043136e-05, 6.156311428640038e-05, -2.9413744414341636e-05, 2.0131536075496115e-05, 3.524262137943879e-05], [3.9146947528934106e-05, 6.156311428640038e-05, 7.529395952587947e-05, -3.962314804084599e-05, 2.0072797269676812e-05, 3.920084782293998e-05], [-2.660209429450333e-05, -2.9413744414341636e-05, -3.962314804084599e-05, 0.00034756824607029557, 0.00016015824803616852, 5.808225614600815e-05], [7.66743232816225e-06, 2.0131536075496115e-05, 2.0072797269676812e-05, 0.00016015824803616852, 0.00015283114043995738, 7.370368984993547e-05], [2.0105475414311513e-05, 3.524262137943879e-05, 3.920084782293998e-05, 5.808225614600815e-05, 7.370368984993547e-05, 6.551749538630247e-05]]</COVARIANCE_MATRIX>
		<ROI_SIZE>200</ROI_SIZE>
		<MAX_VALUE>[0.09512818604707718, 0.08896682411432266, 0.08487337082624435, 0.173985555768013, 0.109122134745121, 0.0698888823390007]</MAX_VALUE>
		<MIN_VALUE>[0.06860639154911041, 0.048595599830150604, 0.039613720029592514, 0.09743713587522507, 0.04912445694208145, 0.02680784836411476]</MIN_VALUE>
		<SIGNATURE_THRESHOLD_MD>0.0</SIGNATURE_THRESHOLD_MD>
		<SIGNATURE_THRESHOLD_ML>0.0</SIGNATURE_THRESHOLD_ML>
		<SIGNATURE_THRESHOLD_SAM>0.0</SIGNATURE_THRESHOLD_SAM>
	</signature>
	<signature ID="20220210_114723970570_609">
		<MACROCLASSID>1</MACROCLASSID>
		<MACROCLASSINFO>waterbody</MACROCLASSINFO>
		<CLASSID>7</CLASSID>
		<CLASSINFO>C 1</CLASSINFO>
		<VALUES>[0.07802583224007062, 0.004835933568113278, 0.06791153103704489, 0.007121829795876118, 0.054510107056962125, 0.008837464864309325, 0.14376767659707684, 0.022387546057302258, 0.08463329044244594, 0.0128720223963889, 0.044514053870761225, 0.00823960155965087]</VALUES>
		<LCS_MIN>[0.0699324756860733, 0.05436291545629501, 0.039613720029592514, 0.10076532512903214, 0.05769556015729904, 0.02680784836411476]</LCS_MIN>
		<LCS_MAX>[0.08982381969690323, 0.08319950103759766, 0.07422404736280441, 0.18064193427562714, 0.12412156164646149, 0.07296609878540039]</LCS_MAX>
		<WAVELENGTH>[0.485, 0.56, 0.66, 0.83, 1.65, 2.215]</WAVELENGTH>
		<MEAN_VALUE>[0.07802583224007062, 0.06791153103704489, 0.054510107056962125, 0.14376767659707684, 0.08463329044244594, 0.044514053870761225]</MEAN_VALUE>
		<CHECKBOX>2</CHECKBOX>
		<SD>[0.004835933568113278, 0.007121829795876118, 0.008837464864309325, 0.022387546057302258, 0.0128720223963889, 0.00823960155965087]</SD>
		<WAVELENGTH_UNIT>E-6m</WAVELENGTH_UNIT>
		<COLOR>#ade1da</COLOR>
		<COVARIANCE_MATRIX>[[2.357334415137302e-05, 3.1415456760441884e-05, 3.974661012762226e-05, -2.6868143322644755e-05, 6.832620329078054e-06, 2.0213927200529724e-05], [3.1415456760441884e-05, 5.112622238812037e-05, 6.035055048414506e-05, -3.9235248550539836e-05, 1.1256425750616472e-05, 2.7235024390392937e-05], [3.974661012762226e-05, 6.035055048414506e-05, 7.872559217503294e-05, -5.699575558537617e-05, 1.1507352610351518e-05, 3.470061710686423e-05], [-2.6868143322644755e-05, -3.9235248550539836e-05, -5.699575558537617e-05, 0.0005052118212915957, 0.0002242571208626032, 7.763430767226964e-05], [6.832620329078054e-06, 1.1256425750616472e-05, 1.1507352610351518e-05, 0.0002242571208626032, 0.00016701447020750493, 8.00070192781277e-05], [2.0213927200529724e-05, 2.7235024390392937e-05, 3.470061710686423e-05, 7.763430767226964e-05, 8.00070192781277e-05, 6.84341648593545e-05]]</COVARIANCE_MATRIX>
		<ROI_SIZE>126</ROI_SIZE>
		<MAX_VALUE>[0.08982381969690323, 0.08319950103759766, 0.07422404736280441, 0.18064193427562714, 0.12412156164646149, 0.07296609878540039]</MAX_VALUE>
		<MIN_VALUE>[0.0699324756860733, 0.05436291545629501, 0.039613720029592514, 0.10076532512903214, 0.05769556015729904, 0.02680784836411476]</MIN_VALUE>
		<SIGNATURE_THRESHOLD_MD>0.0</SIGNATURE_THRESHOLD_MD>
		<SIGNATURE_THRESHOLD_ML>0.0</SIGNATURE_THRESHOLD_ML>
		<SIGNATURE_THRESHOLD_SAM>0.0</SIGNATURE_THRESHOLD_SAM>
	</signature>
	<signature ID="20220210_114732028716_348">
		<MACROCLASSID>1</MACROCLASSID>
		<MACROCLASSINFO>waterbody</MACROCLASSINFO>
		<CLASSID>8</CLASSID>
		<CLASSINFO>C 1</CLASSINFO>
		<VALUES>[0.08148839892376039, 0.0017431349846728067, 0.07468583718651817, 0.0020825160018850095, 0.06332116130562056, 0.0027131644314002555, 0.1511636599898338, 0.020160681841423965, 0.09238809098800023, 0.014839961032622754, 0.048055293127184824, 0.00770941976209236]</VALUES>
		<LCS_MIN>[0.07656292617321014, 0.07166486233472824, 0.05825004726648331, 0.11074990034103394, 0.06840942800045013, 0.036039501428604126]</LCS_MIN>
		<LCS_MAX>[0.08451945334672928, 0.07743217796087265, 0.06889937818050385, 0.1839701384305954, 0.1219787746667862, 0.06373444199562073]</LCS_MAX>
		<WAVELENGTH>[0.485, 0.56, 0.66, 0.83, 1.65, 2.215]</WAVELENGTH>
		<MEAN_VALUE>[0.08148839892376039, 0.07468583718651817, 0.06332116130562056, 0.1511636599898338, 0.09238809098800023, 0.048055293127184824]</MEAN_VALUE>
		<CHECKBOX>2</CHECKBOX>
		<SD>[0.0017431349846728067, 0.0020825160018850095, 0.0027131644314002555, 0.020160681841423965, 0.014839961032622754, 0.00770941976209236]</SD>
		<WAVELENGTH_UNIT>E-6m</WAVELENGTH_UNIT>
		<COLOR>#2a63ea</COLOR>
		<COVARIANCE_MATRIX>[[3.1904455681797117e-06, 2.540220975788543e-06, 3.253096792832366e-06, -9.142330554823275e-07, 5.703281658497872e-06, 1.5156566632867907e-06], [2.540220975788543e-06, 4.5537167352449615e-06, 4.642916337616043e-06, -1.2065259397786576e-05, -5.884577802817148e-08, -8.451065696135629e-07], [3.253096792832366e-06, 4.642916337616043e-06, 7.729324352112599e-06, -8.734191396797542e-06, 8.665841960464604e-06, 3.6086375985178165e-06], [-9.142330554823275e-07, -1.2065259397786576e-05, -8.734191396797542e-06, 0.0004267757467459887, 0.00019127872656099498, 0.00010921894136117771], [5.703281658497872e-06, -5.884577802817148e-08, 8.665841960464604e-06, 0.00019127872656099498, 0.00023123566643334925, 0.00010101040243171155], [1.5156566632867907e-06, -8.451065696135629e-07, 3.6086375985178165e-06, 0.00010921894136117771, 0.00010101040243171155, 6.240690709091723e-05]]</COVARIANCE_MATRIX>
		<ROI_SIZE>21</ROI_SIZE>
		<MAX_VALUE>[0.08451945334672928, 0.07743217796087265, 0.06889937818050385, 0.1839701384305954, 0.1219787746667862, 0.06373444199562073]</MAX_VALUE>
		<MIN_VALUE>[0.07656292617321014, 0.07166486233472824, 0.05825004726648331, 0.11074990034103394, 0.06840942800045013, 0.036039501428604126]</MIN_VALUE>
		<SIGNATURE_THRESHOLD_MD>0.0</SIGNATURE_THRESHOLD_MD>
		<SIGNATURE_THRESHOLD_ML>0.0</SIGNATURE_THRESHOLD_ML>
		<SIGNATURE_THRESHOLD_SAM>0.0</SIGNATURE_THRESHOLD_SAM>
	</signature>
	<signature ID="20220210_114749636836_903">
		<MACROCLASSID>1</MACROCLASSID>
		<MACROCLASSINFO>waterbody</MACROCLASSINFO>
		<CLASSID>9</CLASSID>
		<CLASSINFO>C 1</CLASSINFO>
		<VALUES>[0.08298054328303277, 0.006019318768236443, 0.07533173824166073, 0.00816895013047777, 0.06574402285026913, 0.011163712077673315, 0.15011295814205097, 0.018811039192846574, 0.1007097656896085, 0.014664158373785176, 0.0609991417530878, 0.012431722748684489]</VALUES>
		<LCS_MIN>[0.07125856727361679, 0.05436291545629501, 0.039613720029592514, 0.1040935143828392, 0.07269498705863953, 0.03296228498220444]</LCS_MIN>
		<LCS_MAX>[0.09910644590854645, 0.08896682411432266, 0.09019802510738373, 0.18064193427562714, 0.13912099599838257, 0.09142939746379852]</LCS_MAX>
		<WAVELENGTH>[0.485, 0.56, 0.66, 0.83, 1.65, 2.215]</WAVELENGTH>
		<MEAN_VALUE>[0.08298054328303277, 0.07533173824166073, 0.06574402285026913, 0.15011295814205097, 0.1007097656896085, 0.0609991417530878]</MEAN_VALUE>
		<CHECKBOX>2</CHECKBOX>
		<SD>[0.006019318768236443, 0.00816895013047777, 0.011163712077673315, 0.018811039192846574, 0.014664158373785176, 0.012431722748684489]</SD>
		<WAVELENGTH_UNIT>E-6m</WAVELENGTH_UNIT>
		<COLOR>#cfb7a6</COLOR>
		<COVARIANCE_MATRIX>[[3.6685101804323494e-05, 4.64868571725674e-05, 6.322195258690044e-05, -3.322503107483499e-05, 2.976352880068589e-05, 5.434654303826392e-05], [4.64868571725674e-05, 6.756589573342353e-05, 8.896732470020652e-05, -3.709352677105926e-05, 4.343628097558394e-05, 7.338009163504466e-05], [6.322195258690044e-05, 8.896732470020652e-05, 0.00012618632172234356, -6.408456101780757e-05, 6.197606853675097e-05, 0.00010503562225494534], [-3.322503107483499e-05, -3.709352677105926e-05, -6.408456101780757e-05, 0.00035827839747071266, 0.00013657276576850563, 1.671368590905331e-05], [2.976352880068589e-05, 4.343628097558394e-05, 6.197606853675097e-05, 0.00013657276576850563, 0.00021772550826426595, 0.00013396365102380514], [5.434654303826392e-05, 7.338009163504466e-05, 0.00010503562225494534, 1.671368590905331e-05, 0.00013396365102380514, 0.0001564795820740983]]</COVARIANCE_MATRIX>
		<ROI_SIZE>81</ROI_SIZE>
		<MAX_VALUE>[0.09910644590854645, 0.08896682411432266, 0.09019802510738373, 0.18064193427562714, 0.13912099599838257, 0.09142939746379852]</MAX_VALUE>
		<MIN_VALUE>[0.07125856727361679, 0.05436291545629501, 0.039613720029592514, 0.1040935143828392, 0.07269498705863953, 0.03296228498220444]</MIN_VALUE>
		<SIGNATURE_THRESHOLD_MD>0.0</SIGNATURE_THRESHOLD_MD>
		<SIGNATURE_THRESHOLD_ML>0.0</SIGNATURE_THRESHOLD_ML>
		<SIGNATURE_THRESHOLD_SAM>0.0</SIGNATURE_THRESHOLD_SAM>
	</signature>
	<signature ID="20220210_115111489614_507">
		<MACROCLASSID>1</MACROCLASSID>
		<MACROCLASSINFO>waterbody</MACROCLASSINFO>
		<CLASSID>10</CLASSID>
		<CLASSINFO>C 1</CLASSINFO>
		<VALUES>[0.07736951427668638, 0.0028534144575725036, 0.07077301024776143, 0.004817472640131971, 0.06006153454024767, 0.006482542447661971, 0.19134704584313428, 0.02157564537284215, 0.11283333637972463, 0.017855021608456752, 0.06049860963962743, 0.012152195770626524]</VALUES>
		<LCS_MIN>[0.07125856727361679, 0.06013023108243942, 0.05026305094361305, 0.144031822681427, 0.07269498705863953, 0.039116717875003815]</LCS_MIN>
		<LCS_MAX>[0.08451945334672928, 0.08319950103759766, 0.076886385679245, 0.2239084243774414, 0.14983485639095306, 0.09142939746379852]</LCS_MAX>
		<WAVELENGTH>[0.485, 0.56, 0.66, 0.83, 1.65, 2.215]</WAVELENGTH>
		<MEAN_VALUE>[0.07736951427668638, 0.07077301024776143, 0.06006153454024767, 0.19134704584313428, 0.11283333637972463, 0.06049860963962743]</MEAN_VALUE>
		<CHECKBOX>2</CHECKBOX>
		<SD>[0.0028534144575725036, 0.004817472640131971, 0.006482542447661971, 0.02157564537284215, 0.017855021608456752, 0.012152195770626524]</SD>
		<WAVELENGTH_UNIT>E-6m</WAVELENGTH_UNIT>
		<COLOR>#7386b2</COLOR>
		<COVARIANCE_MATRIX>[[8.226786121667828e-06, 1.1242816071899142e-05, 1.2461735423130449e-05, 1.1503859241202008e-05, 2.056585617538076e-05, 1.5601792256347835e-05], [1.1242816071899142e-05, 2.3449792934115976e-05, 2.4984054107335396e-05, 4.053835436934605e-05, 5.3227089665597305e-05, 3.442727756919339e-05], [1.2461735423130449e-05, 2.4984054107335396e-05, 4.2461098928470165e-05, 2.9878405257477425e-05, 8.757373871048912e-05, 6.625762762269005e-05], [1.1503859241202008e-05, 4.053835436934605e-05, 2.9878405257477425e-05, 0.00047035751049406826, 0.00024831434711813927, 8.727551175979897e-05], [2.056585617538076e-05, 5.3227089665597305e-05, 8.757373871048912e-05, 0.00024831434711813927, 0.00032212265068665147, 0.00018329751037526876], [1.5601792256347835e-05, 3.442727756919339e-05, 6.625762762269005e-05, 8.727551175979897e-05, 0.00018329751037526876, 0.00014921414549462497]]</COVARIANCE_MATRIX>
		<ROI_SIZE>97</ROI_SIZE>
		<MAX_VALUE>[0.08451945334672928, 0.08319950103759766, 0.076886385679245, 0.2239084243774414, 0.14983485639095306, 0.09142939746379852]</MAX_VALUE>
		<MIN_VALUE>[0.07125856727361679, 0.06013023108243942, 0.05026305094361305, 0.144031822681427, 0.07269498705863953, 0.039116717875003815]</MIN_VALUE>
		<SIGNATURE_THRESHOLD_MD>0.0</SIGNATURE_THRESHOLD_MD>
		<SIGNATURE_THRESHOLD_ML>0.0</SIGNATURE_THRESHOLD_ML>
		<SIGNATURE_THRESHOLD_SAM>0.0</SIGNATURE_THRESHOLD_SAM>
	</signature>
	<signature ID="20220210_115122900070_399">
		<MACROCLASSID>1</MACROCLASSID>
		<MACROCLASSINFO>waterbody</MACROCLASSINFO>
		<CLASSID>11</CLASSID>
		<CLASSINFO>C 1</CLASSINFO>
		<VALUES>[0.13479721731322258, 0.005791515856887396, 0.15897539667896707, 0.007444868567927425, 0.18884981017069014, 0.010596393043403245, 0.2430418100274965, 0.009662706382652734, 0.013113500280961005, 0.006251907180627384, 0.007597915825439606, 0.003966382142286801]</VALUES>
		<LCS_MIN>[0.11767169833183289, 0.13510535657405853, 0.15675634145736694, 0.20726746320724487, 0.004126198589801788, 0.0]</LCS_MIN>
		<LCS_MAX>[0.16010655462741852, 0.18701119720935822, 0.22597697377204895, 0.2738313376903534, 0.044838909059762955, 0.03296228498220444]</LCS_MAX>
		<WAVELENGTH>[0.485, 0.56, 0.66, 0.83, 1.65, 2.215]</WAVELENGTH>
		<MEAN_VALUE>[0.13479721731322258, 0.15897539667896707, 0.18884981017069014, 0.2430418100274965, 0.013113500280961005, 0.007597915825439606]</MEAN_VALUE>
		<CHECKBOX>2</CHECKBOX>
		<SD>[0.005791515856887396, 0.007444868567927425, 0.010596393043403245, 0.009662706382652734, 0.006251907180627384, 0.003966382142286801]</SD>
		<WAVELENGTH_UNIT>E-6m</WAVELENGTH_UNIT>
		<COLOR>#208b34</COLOR>
		<COVARIANCE_MATRIX>[[3.739187013707124e-05, 4.1436524043092504e-05, 5.499455801327713e-05, 2.9362912755459547e-05, -5.206371497479267e-06, 2.9881164209655253e-06], [4.1436524043092504e-05, 5.782731022918597e-05, 7.517009362345561e-05, 3.299847594462335e-05, -1.1899275705218315e-05, 6.22151503648638e-07], [5.499455801327713e-05, 7.517009362345561e-05, 0.00011327488755341619, 5.086664168629795e-05, -2.82014279946452e-05, -6.117291832197225e-06], [2.9362912755459547e-05, 3.299847594462335e-05, 5.086664168629795e-05, 0.00010062494402518496, -4.811348389921477e-06, -2.889389634219697e-07], [-5.206371497479267e-06, -1.1899275705218315e-05, -2.82014279946452e-05, -4.811348389921477e-06, 4.316652484703809e-05, 2.1602780179819092e-05], [2.9881164209655253e-06, 6.22151503648638e-07, -6.117291832197225e-06, -2.889389634219697e-07, 2.1602780179819092e-05, 1.9136941773467697e-05]]</COVARIANCE_MATRIX>
		<ROI_SIZE>5141</ROI_SIZE>
		<MAX_VALUE>[0.16010655462741852, 0.18701119720935822, 0.22597697377204895, 0.2738313376903534, 0.044838909059762955, 0.03296228498220444]</MAX_VALUE>
		<MIN_VALUE>[0.11767169833183289, 0.13510535657405853, 0.15675634145736694, 0.20726746320724487, 0.004126198589801788, 0.0]</MIN_VALUE>
		<SIGNATURE_THRESHOLD_MD>0.0</SIGNATURE_THRESHOLD_MD>
		<SIGNATURE_THRESHOLD_ML>0.0</SIGNATURE_THRESHOLD_ML>
		<SIGNATURE_THRESHOLD_SAM>0.0</SIGNATURE_THRESHOLD_SAM>
	</signature>
	<signature ID="20220210_115127282685_454">
		<MACROCLASSID>1</MACROCLASSID>
		<MACROCLASSINFO>waterbody</MACROCLASSINFO>
		<CLASSID>12</CLASSID>
		<CLASSINFO>C 1</CLASSINFO>
		<VALUES>[0.09804557749340616, 0.002586776236886091, 0.12310561391134414, 0.008551077802292197, 0.14919875840986946, 0.016958449556406838, 0.15506853086333117, 0.012480210798169245, 0.017183296881135433, 0.009079843844218968, 0.010541169702886566, 0.005784445048202733]</VALUES>
		<LCS_MIN>[0.08717164397239685, 0.09185047447681427, 0.111496701836586, 0.12739086151123047, 0.004126198589801788, 0.0]</LCS_MIN>
		<LCS_MAX>[0.1057368814945221, 0.13510535657405853, 0.17273035645484924, 0.18729831278324127, 0.05126723274588585, 0.03296228498220444]</LCS_MAX>
		<WAVELENGTH>[0.485, 0.56, 0.66, 0.83, 1.65, 2.215]</WAVELENGTH>
		<MEAN_VALUE>[0.09804557749340616, 0.12310561391134414, 0.14919875840986946, 0.15506853086333117, 0.017183296881135433, 0.010541169702886566]</MEAN_VALUE>
		<CHECKBOX>2</CHECKBOX>
		<SD>[0.002586776236886091, 0.008551077802292197, 0.016958449556406838, 0.012480210798169245, 0.009079843844218968, 0.005784445048202733]</SD>
		<WAVELENGTH_UNIT>E-6m</WAVELENGTH_UNIT>
		<COLOR>#d55cc1</COLOR>
		<COVARIANCE_MATRIX>[[6.713066341035301e-06, 1.634784712223336e-05, 2.5524621378281154e-05, -4.979080586053897e-06, -1.2807928214897402e-05, -8.015646926651243e-06], [1.634784712223336e-05, 7.335756527027115e-05, 0.00013260204286780208, 1.7728931197780184e-05, -5.60376574867405e-05, -3.509698581183329e-05], [2.5524621378281154e-05, 0.00013260204286780208, 0.0002885197172872722, 6.9543813879136e-05, -0.0001203113206429407, -7.397436274914071e-05], [-4.979080586053897e-06, 1.7728931197780184e-05, 6.9543813879136e-05, 0.00015625973173882812, 7.635449037479702e-06, -7.18146054623503e-07], [-1.2807928214897402e-05, -5.60376574867405e-05, -0.0001203113206429407, 7.635449037479702e-06, 8.27103722258471e-05, 4.6251079766079783e-05], [-8.015646926651243e-06, -3.509698581183329e-05, -7.397436274914071e-05, -7.18146054623503e-07, 4.6251079766079783e-05, 3.356808883836493e-05]]</COVARIANCE_MATRIX>
		<ROI_SIZE>310</ROI_SIZE>
		<MAX_VALUE>[0.1057368814945221, 0.13510535657405853, 0.17273035645484924, 0.18729831278324127, 0.05126723274588585, 0.03296228498220444]</MAX_VALUE>
		<MIN_VALUE>[0.08717164397239685, 0.09185047447681427, 0.111496701836586, 0.12739086151123047, 0.004126198589801788, 0.0]</MIN_VALUE>
		<SIGNATURE_THRESHOLD_MD>0.0</SIGNATURE_THRESHOLD_MD>
		<SIGNATURE_THRESHOLD_ML>0.0</SIGNATURE_THRESHOLD_ML>
		<SIGNATURE_THRESHOLD_SAM>0.0</SIGNATURE_THRESHOLD_SAM>
	</signature>
	<signature ID="20220210_115138006108_708">
		<MACROCLASSID>1</MACROCLASSID>
		<MACROCLASSINFO>waterbody</MACROCLASSINFO>
		<CLASSID>13</CLASSID>
		<CLASSINFO>C 1</CLASSINFO>
		<VALUES>[0.09500307772519452, 0.004537490524863465, 0.1076833929093379, 0.010928691486669086, 0.11571623736395026, 0.014158134354804524, 0.11489444071391845, 0.014670646732631859, 0.029313903407387022, 0.016476877520399676, 0.01902771693707074, 0.011768715707584147]</VALUES>
		<LCS_MIN>[0.08451945334672928, 0.08608315885066986, 0.09286037087440491, 0.0941089391708374, 0.010554521344602108, 0.00526733323931694]</LCS_MIN>
		<LCS_MAX>[0.10175862163305283, 0.12357072532176971, 0.146107017993927, 0.15068820118904114, 0.06626664847135544, 0.045271143317222595]</LCS_MAX>
		<WAVELENGTH>[0.485, 0.56, 0.66, 0.83, 1.65, 2.215]</WAVELENGTH>
		<MEAN_VALUE>[0.09500307772519452, 0.1076833929093379, 0.11571623736395026, 0.11489444071391845, 0.029313903407387022, 0.01902771693707074]</MEAN_VALUE>
		<CHECKBOX>2</CHECKBOX>
		<SD>[0.004537490524863465, 0.010928691486669086, 0.014158134354804524, 0.014670646732631859, 0.016476877520399676, 0.011768715707584147]</SD>
		<WAVELENGTH_UNIT>E-6m</WAVELENGTH_UNIT>
		<COLOR>#e68f2b</COLOR>
		<COVARIANCE_MATRIX>[[2.098475852108095e-05, 4.5847638830309734e-05, 5.756904647569172e-05, -5.5658540077274665e-05, -6.77714851917699e-05, -4.6428667701547965e-05], [4.5847638830309734e-05, 0.00012173315190011635, 0.00015011877985671163, -0.00012926498311571777, -0.00016750188660807908, -0.00011471980542410165], [5.756904647569172e-05, 0.00015011877985671163, 0.00020430762378964573, -0.0001575516362208873, -0.00019960095232818276, -0.00013543307431973517], [-5.5658540077274665e-05, -0.00012926498311571777, -0.0001575516362208873, 0.00021936687699053437, 0.00020327545644249767, 0.0001315387198701501], [-6.77714851917699e-05, -0.00016750188660807908, -0.00019960095232818276, 0.00020327545644249767, 0.00027670839335769415, 0.00018553021072875708], [-4.6428667701547965e-05, -0.00011471980542410165, -0.00013543307431973517, 0.0001315387198701501, 0.00018553021072875708, 0.00014116617967374623]]</COVARIANCE_MATRIX>
		<ROI_SIZE>53</ROI_SIZE>
		<MAX_VALUE>[0.10175862163305283, 0.12357072532176971, 0.146107017993927, 0.15068820118904114, 0.06626664847135544, 0.045271143317222595]</MAX_VALUE>
		<MIN_VALUE>[0.08451945334672928, 0.08608315885066986, 0.09286037087440491, 0.0941089391708374, 0.010554521344602108, 0.00526733323931694]</MIN_VALUE>
		<SIGNATURE_THRESHOLD_MD>0.0</SIGNATURE_THRESHOLD_MD>
		<SIGNATURE_THRESHOLD_ML>0.0</SIGNATURE_THRESHOLD_ML>
		<SIGNATURE_THRESHOLD_SAM>0.0</SIGNATURE_THRESHOLD_SAM>
	</signature>
	<signature ID="20220210_115153124374_942">
		<MACROCLASSID>4</MACROCLASSID>
		<MACROCLASSINFO>built-up</MACROCLASSINFO>
		<CLASSID>14</CLASSID>
		<CLASSINFO>C 1</CLASSINFO>
		<VALUES>[0.10801541889652364, 0.0064496787544103895, 0.11186879883566618, 0.007529099488886326, 0.12083691887516336, 0.009783510432320628, 0.19505796935512207, 0.016072464218130723, 0.20081749360864337, 0.014362452492575778, 0.18677209996880756, 0.01962391291072041]</VALUES>
		<LCS_MIN>[0.09380210191011429, 0.09473412483930588, 0.09019802510738373, 0.15734457969665527, 0.16697703301906586, 0.15605095028877258]</LCS_MIN>
		<LCS_MAX>[0.13358478248119354, 0.13798899948596954, 0.15675634145736694, 0.23056480288505554, 0.2419741302728653, 0.22990413010120392]</LCS_MAX>
		<WAVELENGTH>[0.485, 0.56, 0.66, 0.83, 1.65, 2.215]</WAVELENGTH>
		<MEAN_VALUE>[0.10801541889652364, 0.11186879883566618, 0.12083691887516336, 0.19505796935512207, 0.20081749360864337, 0.18677209996880756]</MEAN_VALUE>
		<CHECKBOX>2</CHECKBOX>
		<SD>[0.0064496787544103895, 0.007529099488886326, 0.009783510432320628, 0.016072464218130723, 0.014362452492575778, 0.01962391291072041]</SD>
		<WAVELENGTH_UNIT>E-6m</WAVELENGTH_UNIT>
		<COLOR>#3da465</COLOR>
		<COVARIANCE_MATRIX>[[4.1713585233082995e-05, 4.313463796279393e-05, 4.665768938139081e-05, -9.281600796384737e-06, 3.241263402742334e-05, 4.5342934754444286e-05], [4.313463796279393e-05, 5.6844368373276666e-05, 6.264461990213022e-05, -3.5900820876122452e-06, 4.82280993310269e-05, 6.205778481671587e-05], [4.665768938139081e-05, 6.264461990213022e-05, 9.598222095519304e-05, -3.242382445023395e-05, 8.048511517699808e-05, 0.0001118149739340879], [-9.281600796384737e-06, -3.5900820876122452e-06, -3.242382445023395e-05, 0.00025903969071805477, 2.54812457569642e-05, -8.326621173182502e-05], [3.241263402742334e-05, 4.82280993310269e-05, 8.048511517699808e-05, 2.54812457569642e-05, 0.00020685145864263177, 0.0002130969805875793], [4.5342934754444286e-05, 6.205778481671587e-05, 0.0001118149739340879, -8.326621173182502e-05, 0.0002130969805875793, 0.00038616469828411937]]</COVARIANCE_MATRIX>
		<ROI_SIZE>362</ROI_SIZE>
		<MAX_VALUE>[0.13358478248119354, 0.13798899948596954, 0.15675634145736694, 0.23056480288505554, 0.2419741302728653, 0.22990413010120392]</MAX_VALUE>
		<MIN_VALUE>[0.09380210191011429, 0.09473412483930588, 0.09019802510738373, 0.15734457969665527, 0.16697703301906586, 0.15605095028877258]</MIN_VALUE>
		<SIGNATURE_THRESHOLD_MD>0.0</SIGNATURE_THRESHOLD_MD>
		<SIGNATURE_THRESHOLD_ML>0.0</SIGNATURE_THRESHOLD_ML>
		<SIGNATURE_THRESHOLD_SAM>0.0</SIGNATURE_THRESHOLD_SAM>
	</signature>
	<signature ID="20220210_115156349733_789">
		<MACROCLASSID>4</MACROCLASSID>
		<MACROCLASSINFO>built-up</MACROCLASSINFO>
		<CLASSID>15</CLASSID>
		<CLASSINFO>C 1</CLASSINFO>
		<VALUES>[0.11097020669175044, 0.005199241828140068, 0.11558916393135278, 0.005530503479112953, 0.12856414408556052, 0.0062188781163201754, 0.18373239785432818, 0.012434789753159219, 0.21660523169807022, 0.011487750433572466, 0.22363979741930964, 0.01914637773261318]</VALUES>
		<LCS_MIN>[0.10175862163305283, 0.1062687486410141, 0.11415902525186539, 0.1640009582042694, 0.19483312964439392, 0.19605474174022675]</LCS_MIN>
		<LCS_MAX>[0.13358478248119354, 0.13798899948596954, 0.148769348859787, 0.21725206077098846, 0.2398313730955124, 0.2668307423591614]</LCS_MAX>
		<WAVELENGTH>[0.485, 0.56, 0.66, 0.83, 1.65, 2.215]</WAVELENGTH>
		<MEAN_VALUE>[0.11097020669175044, 0.11558916393135278, 0.12856414408556052, 0.18373239785432818, 0.21660523169807022, 0.22363979741930964]</MEAN_VALUE>
		<CHECKBOX>2</CHECKBOX>
		<SD>[0.005199241828140068, 0.005530503479112953, 0.0062188781163201754, 0.012434789753159219, 0.011487750433572466, 0.01914637773261318]</SD>
		<WAVELENGTH_UNIT>E-6m</WAVELENGTH_UNIT>
		<COLOR>#4c22d4</COLOR>
		<COVARIANCE_MATRIX>[[2.752360887825489e-05, 2.452195985824801e-05, 2.4471592041663826e-05, 2.791399310808629e-06, 1.3870819202566054e-05, 2.707285420910921e-05], [2.452195985824801e-05, 3.114258652203716e-05, 2.7032432626583613e-05, 3.3029853057087166e-06, 1.5044341125758365e-05, 2.540518471505493e-05], [2.4471592041663826e-05, 2.7032432626583613e-05, 3.937761721317656e-05, -1.0690435374272056e-05, 2.897026206483133e-05, 4.942679879604839e-05], [2.791399310808629e-06, 3.3029853057087166e-06, -1.0690435374272056e-05, 0.0001574353373143822, 2.9646964321727864e-05, 2.7665792003972456e-06], [1.3870819202566054e-05, 1.5044341125758365e-05, 2.897026206483133e-05, 2.9646964321727864e-05, 0.00013436783046927303, 0.00018981951870955527], [2.707285420910921e-05, 2.540518471505493e-05, 4.942679879604839e-05, 2.7665792003972456e-06, 0.00018981951870955527, 0.00037324894219636917]]</COVARIANCE_MATRIX>
		<ROI_SIZE>56</ROI_SIZE>
		<MAX_VALUE>[0.13358478248119354, 0.13798899948596954, 0.148769348859787, 0.21725206077098846, 0.2398313730955124, 0.2668307423591614]</MAX_VALUE>
		<MIN_VALUE>[0.10175862163305283, 0.1062687486410141, 0.11415902525186539, 0.1640009582042694, 0.19483312964439392, 0.19605474174022675]</MIN_VALUE>
		<SIGNATURE_THRESHOLD_MD>0.0</SIGNATURE_THRESHOLD_MD>
		<SIGNATURE_THRESHOLD_ML>0.0</SIGNATURE_THRESHOLD_ML>
		<SIGNATURE_THRESHOLD_SAM>0.0</SIGNATURE_THRESHOLD_SAM>
	</signature>
	<signature ID="20220210_115202503548_455">
		<MACROCLASSID>4</MACROCLASSID>
		<MACROCLASSINFO>built-up</MACROCLASSINFO>
		<CLASSID>16</CLASSID>
		<CLASSINFO>C 1</CLASSINFO>
		<VALUES>[0.09699369663909328, 0.005519788355424572, 0.09830204978332682, 0.005920198145656606, 0.10206571701219523, 0.008975989542872093, 0.20760592894028804, 0.013392840578393262, 0.17169841846167028, 0.01211352476659408, 0.14509813411761135, 0.016694549419894403]</VALUES>
		<LCS_MIN>[0.08451945334672928, 0.08608315885066986, 0.08221103250980377, 0.17065735161304474, 0.14983485639095306, 0.11604712158441544]</LCS_MIN>
		<LCS_MAX>[0.11104124784469604, 0.1120360866189003, 0.11948367953300476, 0.23056480288505554, 0.2076897770166397, 0.18682309985160828]</LCS_MAX>
