<?xml version="1.0" ?>
<signaturelist MCID_LIST="[['1', 'waterbody', '#0000ff'], ['2', 'vegetation', '#00ff00'], ['3', 'bareland', '#ffaa00'], ['4', 'built-up', '#ff0000']]">
	<signature ID="20210521_155028955802_227">
		<MACROCLASSID>1</MACROCLASSID>
		<MACROCLASSINFO>waterbody</MACROCLASSINFO>
		<CLASSID>1</CLASSID>
		<CLASSINFO>C 1</CLASSINFO>
		<VALUES>[0.13253156878353176, 0.0024997215657640505, 0.09501878796382797, 0.003639868330225894, 0.0619593319119014, 0.0030175178339497456, 0.052933824122852656, 0.012959632786995629, 0.015323877241681974, 0.00844558869454491, 0.007217579480710909, 0.00471989712400352]</VALUES>
		<LCS_MIN>[0.12064854055643082, 0.08487512916326523, 0.05114657059311867, 0.03913744539022446, 0.0001968753495020792, 0.0]</LCS_MIN>
		<LCS_MAX>[0.14044515788555145, 0.12041403353214264, 0.09688356518745422, 0.11725466698408127, 0.08167081326246262, 0.07069461792707443]</LCS_MAX>
		<WAVELENGTH>[0.485, 0.56, 0.66, 0.835, 1.65, 2.22]</WAVELENGTH>
		<MEAN_VALUE>[0.13253156878353176, 0.09501878796382797, 0.0619593319119014, 0.052933824122852656, 0.015323877241681974, 0.007217579480710909]</MEAN_VALUE>
		<CHECKBOX>2</CHECKBOX>
		<SD>[0.0024997215657640505, 0.003639868330225894, 0.0030175178339497456, 0.012959632786995629, 0.00844558869454491, 0.00471989712400352]</SD>
		<WAVELENGTH_UNIT>E-6m</WAVELENGTH_UNIT>
		<COLOR>#ba9b47</COLOR>
		<COVARIANCE_MATRIX>[[6.179386466859171e-06, 4.110764238442436e-06, 1.9761464856326578e-06, -1.1349961918261504e-06, -5.848954519878516e-07, -1.5815602238190254e-07], [4.110764238442436e-06, 1.1772529000477344e-05, 5.4272223620667165e-06, 1.3405498504176682e-05, 7.129913732516336e-06, 3.3482472190211003e-06], [1.9761464856326578e-06, 5.4272223620667165e-06, 8.400754311816713e-06, 1.8659561930651342e-05, 1.178501183763431e-05, 5.812793515992158e-06], [-1.1349961918261504e-06, 1.3405498504176682e-05, 1.8659561930651342e-05, 0.00017616736502419695, 0.00010176352177050458, 4.535720398279342e-05], [-5.848954519878516e-07, 7.129913732516336e-06, 1.178501183763431e-05, 0.00010176352177050458, 7.616879363197667e-05, 3.3875557522966924e-05], [-1.5815602238190254e-07, 3.3482472190211003e-06, 5.812793515992158e-06, 4.535720398279342e-05, 3.3875557522966924e-05, 2.226489008360315e-05]]</COVARIANCE_MATRIX>
		<ROI_SIZE>54605</ROI_SIZE>
		<MAX_VALUE>[0.14044515788555145, 0.12041403353214264, 0.09688356518745422, 0.11725466698408127, 0.08167081326246262, 0.07069461792707443]</MAX_VALUE>
		<MIN_VALUE>[0.12064854055643082, 0.08487512916326523, 0.05114657059311867, 0.03913744539022446, 0.0001968753495020792, 0.0]</MIN_VALUE>
		<SIGNATURE_THRESHOLD_MD>0</SIGNATURE_THRESHOLD_MD>
		<SIGNATURE_THRESHOLD_ML>0</SIGNATURE_THRESHOLD_ML>
		<SIGNATURE_THRESHOLD_SAM>0</SIGNATURE_THRESHOLD_SAM>
	</signature>
	<signature ID="20210521_155041312029_702">
		<MACROCLASSID>1</MACROCLASSID>
		<MACROCLASSINFO>waterbody</MACROCLASSINFO>
		<CLASSID>2</CLASSID>
		<CLASSINFO>C 1</CLASSINFO>
		<VALUES>[0.14194968801017224, 0.0036625701590201117, 0.12479905624596022, 0.006672258832827675, 0.12553015398816267, 0.015508609558243082, 0.13347293765778404, 0.01786788838440218, 0.027762764767830635, 0.015108625632520115, 0.013402489282335067, 0.008743096899422155]</VALUES>
		<LCS_MIN>[0.12964700162410736, 0.10264457017183304, 0.07310033589601517, 0.07819604873657227, 0.015473239123821259, 0.0025010621175169945]</LCS_MIN>
		<LCS_MAX>[0.14764392375946045, 0.1322603076696396, 0.13896161317825317, 0.1981617659330368, 0.08421687036752701, 0.058517199009656906]</LCS_MAX>
		<WAVELENGTH>[0.485, 0.56, 0.66, 0.835, 1.65, 2.22]</WAVELENGTH>
		<MEAN_VALUE>[0.14194968801017224, 0.12479905624596022, 0.12553015398816267, 0.13347293765778404, 0.027762764767830635, 0.013402489282335067]</MEAN_VALUE>
		<CHECKBOX>2</CHECKBOX>
		<SD>[0.0036625701590201117, 0.006672258832827675, 0.015508609558243082, 0.01786788838440218, 0.015108625632520115, 0.008743096899422155]</SD>
		<WAVELENGTH_UNIT>E-6m</WAVELENGTH_UNIT>
		<COLOR>#1949d0</COLOR>
		<COVARIANCE_MATRIX>[[2.4131822475424972e-05, 4.143518369521687e-05, 8.729418502859734e-05, 3.043246222980976e-05, -3.5322343454975043e-05, -1.5808558638378647e-05], [4.143518369521687e-05, 8.838168416120006e-05, 0.00018203441670625197, 7.250639805871003e-05, -7.010932185723207e-05, -3.235051216235666e-05], [8.729418502859734e-05, 0.00018203441670625197, 0.0003973558769548521, 0.00017282159476159932, -0.00014530959960996914, -6.836958986855422e-05], [3.043246222980976e-05, 7.250639805871003e-05, 0.00017282159476159932, 0.0003580684636890315, 0.00014609273279663596, 7.81880187520634e-05], [-3.5322343454975043e-05, -7.010932185723207e-05, -0.00014530959960996914, 0.00014609273279663596, 0.0002721832916460181, 0.00015031639993790783], [-1.5808558638378647e-05, -3.235051216235666e-05, -6.836958986855422e-05, 7.81880187520634e-05, 0.00015031639993790783, 9.6360514675992e-05]]</COVARIANCE_MATRIX>
		<ROI_SIZE>3447</ROI_SIZE>
		<MAX_VALUE>[0.14764392375946045, 0.1322603076696396, 0.13896161317825317, 0.1981617659330368, 0.08421687036752701, 0.058517199009656906]</MAX_VALUE>
		<MIN_VALUE>[0.12964700162410736, 0.10264457017183304, 0.07310033589601517, 0.07819604873657227, 0.015473239123821259, 0.0025010621175169945]</MIN_VALUE>
		<SIGNATURE_THRESHOLD_MD>0</SIGNATURE_THRESHOLD_MD>
		<SIGNATURE_THRESHOLD_ML>0</SIGNATURE_THRESHOLD_ML>
		<SIGNATURE_THRESHOLD_SAM>0</SIGNATURE_THRESHOLD_SAM>
	</signature>
	<signature ID="20210521_155051482563_127">
		<MACROCLASSID>1</MACROCLASSID>
		<MACROCLASSINFO>waterbody</MACROCLASSINFO>
		<CLASSID>3</CLASSID>
		<CLASSINFO>C 1</CLASSINFO>
		<VALUES>[0.14546169990646665, 0.003890693362183872, 0.12910703727300626, 0.0059914236552324855, 0.1324532657861709, 0.012614826663774099, 0.1345762986707802, 0.013758401671997057, 0.027940324630930193, 0.017604071153939582, 0.014796139554724882, 0.011335698744013946]</VALUES>
		<LCS_MIN>[0.12064854055643082, 0.08882389962673187, 0.06578241288661957, 0.08098595589399338, 0.010381118394434452, 6.55774274491705e-05]</LCS_MIN>
		<LCS_MAX>[0.15484270453453064, 0.13818347454071045, 0.14627952873706818, 0.20374155044555664, 0.08930898457765579, 0.0633881613612175]</LCS_MAX>
		<WAVELENGTH>[0.485, 0.56, 0.66, 0.835, 1.65, 2.22]</WAVELENGTH>
		<MEAN_VALUE>[0.14546169990646665, 0.12910703727300626, 0.1324532657861709, 0.1345762986707802, 0.027940324630930193, 0.014796139554724882]</MEAN_VALUE>
		<CHECKBOX>2</CHECKBOX>
		<SD>[0.003890693362183872, 0.0059914236552324855, 0.012614826663774099, 0.013758401671997057, 0.017604071153939582, 0.011335698744013946]</SD>
		<WAVELENGTH_UNIT>E-6m</WAVELENGTH_UNIT>
		<COLOR>#8f7c04</COLOR>
		<COVARIANCE_MATRIX>[[1.5254229979044746e-05, 1.90311672282899e-05, 4.211481611481032e-05, -2.210365320954546e-06, -2.262368041864598e-05, -7.680499248955498e-06], [1.90311672282899e-05, 3.539592638187938e-05, 7.39054030014977e-05, -2.9843214268441483e-06, -4.722526854475219e-05, -1.9869001573216376e-05], [4.211481611481032e-05, 7.39054030014977e-05, 0.00017723318400982406, 2.1855907921568645e-06, -0.00011400463374780645, -5.105014095031844e-05], [-2.210365320954546e-06, -2.9843214268441483e-06, 2.1855907921568645e-06, 0.00017729861296425902, 0.00014483336559364886, 8.227320025947605e-05], [-2.262368041864598e-05, -4.722526854475219e-05, -0.00011400463374780645, 0.00014483336559364886, 0.0003136527108593579, 0.0001949120404646857], [-7.680499248955498e-06, -1.9869001573216376e-05, -5.105014095031844e-05, 8.227320025947605e-05, 0.0001949120404646857, 0.00013838118775798256]]</COVARIANCE_MATRIX>
		<ROI_SIZE>5437</ROI_SIZE>
		<MAX_VALUE>[0.15484270453453064, 0.13818347454071045, 0.14627952873706818, 0.20374155044555664, 0.08930898457765579, 0.0633881613612175]</MAX_VALUE>
		<MIN_VALUE>[0.12064854055643082, 0.08882389962673187, 0.06578241288661957, 0.08098595589399338, 0.010381118394434452, 6.55774274491705e-05]</MIN_VALUE>
		<SIGNATURE_THRESHOLD_MD>0</SIGNATURE_THRESHOLD_MD>
		<SIGNATURE_THRESHOLD_ML>0</SIGNATURE_THRESHOLD_ML>
		<SIGNATURE_THRESHOLD_SAM>0</SIGNATURE_THRESHOLD_SAM>
	</signature>
	<signature ID="20210521_155102318255_489">
		<MACROCLASSID>1</MACROCLASSID>
		<MACROCLASSINFO>waterbody</MACROCLASSINFO>
		<CLASSID>4</CLASSID>
		<CLASSINFO>C 1</CLASSINFO>
		<VALUES>[0.1473651358186311, 0.002358773896807674, 0.13076826654071255, 0.0027740413864474865, 0.13569871461261254, 0.004749475230724984, 0.13858478623622703, 0.010101850241468752, 0.026456442336961553, 0.015694322491414822, 0.01453578856042119, 0.011603402297871466]</VALUES>
		<LCS_MIN>[0.13684578239917755, 0.11251650005578995, 0.09322461485862732, 0.1228344589471817, 0.012927178293466568, 0.0025010621175169945]</LCS_MIN>
		<LCS_MAX>[0.15304303169250488, 0.13818347454071045, 0.14445005357265472, 0.20374155044555664, 0.0867629274725914, 0.06825913488864899]</LCS_MAX>
		<WAVELENGTH>[0.485, 0.56, 0.66, 0.835, 1.65, 2.22]</WAVELENGTH>
		<MEAN_VALUE>[0.1473651358186311, 0.13076826654071255, 0.13569871461261254, 0.13858478623622703, 0.026456442336961553, 0.01453578856042119]</MEAN_VALUE>
		<CHECKBOX>2</CHECKBOX>
		<SD>[0.002358773896807674, 0.0027740413864474865, 0.004749475230724984, 0.010101850241468752, 0.015694322491414822, 0.011603402297871466]</SD>
		<WAVELENGTH_UNIT>E-6m</WAVELENGTH_UNIT>
		<COLOR>#d1a74b</COLOR>
		<COVARIANCE_MATRIX>[[7.081856149360867e-06, 5.061812705199505e-06, 9.483199558106145e-06, -1.0672429979072733e-05, -6.792913602937122e-06, -1.3808904168160103e-06], [5.061812705199505e-06, 1.1132060987933912e-05, 1.5960683648320774e-05, -1.864530279063337e-05, -1.5759632895303147e-05, -5.6089703804795135e-06], [9.483199558106145e-06, 1.5960683648320774e-05, 3.5895985509468195e-05, -4.3026118096837205e-05, -4.015302729868858e-05, -1.7185919886460518e-05], [-1.0672429979072733e-05, -1.864530279063337e-05, -4.3026118096837205e-05, 0.0001176666356891806, 0.0001308966488527039, 7.650545511450614e-05], [-6.792913602937122e-06, -1.5759632895303147e-05, -4.015302729868858e-05, 0.0001308966488527039, 0.00024998391065284036, 0.00016846156462190661], [-1.3808904168160103e-06, -5.6089703804795135e-06, -1.7185919886460518e-05, 7.650545511450614e-05, 0.00016846156462190661, 0.0001280158030778662]]</COVARIANCE_MATRIX>
		<ROI_SIZE>5626</ROI_SIZE>
		<MAX_VALUE>[0.15304303169250488, 0.13818347454071045, 0.14445005357265472, 0.20374155044555664, 0.0867629274725914, 0.06825913488864899]</MAX_VALUE>
		<MIN_VALUE>[0.13684578239917755, 0.11251650005578995, 0.09322461485862732, 0.1228344589471817, 0.012927178293466568, 0.0025010621175169945]</MIN_VALUE>
		<SIGNATURE_THRESHOLD_MD>0</SIGNATURE_THRESHOLD_MD>
		<SIGNATURE_THRESHOLD_ML>0</SIGNATURE_THRESHOLD_ML>
		<SIGNATURE_THRESHOLD_SAM>0</SIGNATURE_THRESHOLD_SAM>
	</signature>
	<signature ID="20210521_155113848318_332">
		<MACROCLASSID>1</MACROCLASSID>
		<MACROCLASSINFO>waterbody</MACROCLASSINFO>
		<CLASSID>5</CLASSID>
		<CLASSINFO>C 1</CLASSINFO>
		<VALUES>[0.15019967057706723, 0.002632797540466611, 0.13446459184362444, 0.0034659091145273196, 0.10847306030389911, 0.004981600801945613, 0.08253377627813831, 0.01346518815352107, 0.027223093897285704, 0.014445641744656049, 0.014639560100969777, 0.010616595705494789]</VALUES>
		<LCS_MIN>[0.14044515788555145, 0.11054211109876633, 0.09139513224363327, 0.0670364499092102, 0.012927178293466568, 0.0025010621175169945]</LCS_MIN>
		<LCS_MAX>[0.16384117305278778, 0.1500297635793686, 0.13896161317825317, 0.14794355630874634, 0.09185504913330078, 0.07556557655334473]</LCS_MAX>
		<WAVELENGTH>[0.485, 0.56, 0.66, 0.835, 1.65, 2.22]</WAVELENGTH>
		<MEAN_VALUE>[0.15019967057706723, 0.13446459184362444, 0.10847306030389911, 0.08253377627813831, 0.027223093897285704, 0.014639560100969777]</MEAN_VALUE>
		<CHECKBOX>2</CHECKBOX>
		<SD>[0.002632797540466611, 0.0034659091145273196, 0.004981600801945613, 0.01346518815352107, 0.014445641744656049, 0.010616595705494789]</SD>
		<WAVELENGTH_UNIT>E-6m</WAVELENGTH_UNIT>
		<COLOR>#3ff137</COLOR>
		<COVARIANCE_MATRIX>[[6.505663923777223e-06, 4.612185875406605e-06, 5.340972698698264e-06, -1.2493652348066925e-06, 8.638625134229765e-07, 1.985599532037441e-06], [4.612185875406605e-06, 1.0760552860553989e-05, 8.11538546997512e-06, -7.743638579704386e-06, -3.828888078493114e-06, -3.7136348508592874e-07], [5.340972698698264e-06, 8.11538546997512e-06, 2.140145717768754e-05, 2.1322560244373917e-05, 2.6675007078856074e-05, 2.0718983228036282e-05], [-1.2493652348066925e-06, -7.743638579704386e-06, 2.1322560244373917e-05, 0.00018438008471721528, 0.00017448483314025108, 0.0001116722173076685], [8.638625134229765e-07, -3.828888078493114e-06, 2.6675007078856074e-05, 0.00017448483314025108, 0.0001997112230113518, 0.0001307830787023633], [1.985599532037441e-06, -3.7136348508592874e-07, 2.0718983228036282e-05, 0.0001116722173076685, 0.0001307830787023633, 9.652040043046945e-05]]</COVARIANCE_MATRIX>
		<ROI_SIZE>4442</ROI_SIZE>
		<MAX_VALUE>[0.16384117305278778, 0.1500297635793686, 0.13896161317825317, 0.14794355630874634, 0.09185504913330078, 0.07556557655334473]</MAX_VALUE>
		<MIN_VALUE>[0.14044515788555145, 0.11054211109876633, 0.09139513224363327, 0.0670364499092102, 0.012927178293466568, 0.0025010621175169945]</MIN_VALUE>
		<SIGNATURE_THRESHOLD_MD>0</SIGNATURE_THRESHOLD_MD>
		<SIGNATURE_THRESHOLD_ML>0</SIGNATURE_THRESHOLD_ML>
		<SIGNATURE_THRESHOLD_SAM>0</SIGNATURE_THRESHOLD_SAM>
	</signature>
	<signature ID="20210521_155123008693_421">
		<MACROCLASSID>1</MACROCLASSID>
		<MACROCLASSINFO>waterbody</MACROCLASSINFO>
		<CLASSID>6</CLASSID>
		<CLASSINFO>C 1</CLASSINFO>
		<VALUES>[0.1459940076715017, 0.004230705687011531, 0.13001025322041831, 0.005359920109860872, 0.10364671157638854, 0.006907690976110966, 0.08856866040039801, 0.01614638374990594, 0.02887865928841074, 0.014857083613223137, 0.01499107730248688, 0.009819484592781126]</VALUES>
		<LCS_MIN>[0.12604762613773346, 0.09869582951068878, 0.06944137066602707, 0.0670364499092102, 0.012927178293466568, 6.55774274491705e-05]</LCS_MIN>
		<LCS_MAX>[0.15484270453453064, 0.1421322524547577, 0.12615524232387543, 0.14794355630874634, 0.08930898457765579, 0.07069461792707443]</LCS_MAX>
		<WAVELENGTH>[0.485, 0.56, 0.66, 0.835, 1.65, 2.22]</WAVELENGTH>
		<MEAN_VALUE>[0.1459940076715017, 0.13001025322041831, 0.10364671157638854, 0.08856866040039801, 0.02887865928841074, 0.01499107730248688]</MEAN_VALUE>
		<CHECKBOX>2</CHECKBOX>
		<SD>[0.004230705687011531, 0.005359920109860872, 0.006907690976110966, 0.01614638374990594, 0.014857083613223137, 0.009819484592781126]</SD>
		<WAVELENGTH_UNIT>E-6m</WAVELENGTH_UNIT>
		<COLOR>#07a755</COLOR>
		<COVARIANCE_MATRIX>[[1.869932990625759e-05, 1.8198464762566917e-05, 2.13987322727696e-05, -5.810570869236589e-06, -5.186479907454067e-06, -5.539773521647143e-07], [1.8198464762566917e-05, 2.9079149383602524e-05, 2.853546448724204e-05, -2.0122572293734634e-05, -1.3685561557247038e-05, -3.2323053681359098e-06], [2.13987322727696e-05, 2.853546448724204e-05, 4.49832483559761e-05, 7.993208526224614e-06, 1.3382870492750688e-05, 1.5471026356577234e-05], [-5.810570869236589e-06, -2.0122572293734634e-05, 7.993208526224614e-06, 0.0002670130632562414, 0.00021527360065061086, 0.0001253443029904632], [-5.186479907454067e-06, -1.3685561557247038e-05, 1.3382870492750688e-05, 0.00021527360065061086, 0.00022497533092291706, 0.00013880933156946003], [-5.539773521647143e-07, -3.2323053681359098e-06, 1.5471026356577234e-05, 0.0001253443029904632, 0.00013880933156946003, 9.914019884021884e-05]]</COVARIANCE_MATRIX>
		<ROI_SIZE>3975</ROI_SIZE>
		<MAX_VALUE>[0.15484270453453064, 0.1421322524547577, 0.12615524232387543, 0.14794355630874634, 0.08930898457765579, 0.07069461792707443]</MAX_VALUE>
		<MIN_VALUE>[0.12604762613773346, 0.09869582951068878, 0.06944137066602707, 0.0670364499092102, 0.012927178293466568, 6.55774274491705e-05]</MIN_VALUE>
		<SIGNATURE_THRESHOLD_MD>0</SIGNATURE_THRESHOLD_MD>
		<SIGNATURE_THRESHOLD_ML>0</SIGNATURE_THRESHOLD_ML>
		<SIGNATURE_THRESHOLD_SAM>0</SIGNATURE_THRESHOLD_SAM>
	</signature>
	<signature ID="20210521_155133623011_430">
		<MACROCLASSID>1</MACROCLASSID>
		<MACROCLASSINFO>waterbody</MACROCLASSINFO>
		<CLASSID>7</CLASSID>
		<CLASSINFO>C 1</CLASSINFO>
		<VALUES>[0.14186492024196512, 0.007300506766599681, 0.12703040127952908, 0.013325586902905247, 0.10670584770540392, 0.015450357429061055, 0.10471250341998217, 0.021426599466260153, 0.034076453414228186, 0.01828272365761501, 0.01611271284567516, 0.010209004538875749]</VALUES>
		<LCS_MIN>[0.11165009438991547, 0.08092636615037918, 0.05297604948282242, 0.08377586305141449, 0.015473239123821259, 6.55774274491705e-05]</LCS_MIN>
		<LCS_MAX>[0.1494436413049698, 0.14015784859657288, 0.12615524232387543, 0.1591031402349472, 0.09185504913330078, 0.06095268204808235]</LCS_MAX>
		<WAVELENGTH>[0.485, 0.56, 0.66, 0.835, 1.65, 2.22]</WAVELENGTH>
		<MEAN_VALUE>[0.14186492024196512, 0.12703040127952908, 0.10670584770540392, 0.10471250341998217, 0.034076453414228186, 0.01611271284567516]</MEAN_VALUE>
		<CHECKBOX>2</CHECKBOX>
		<SD>[0.007300506766599681, 0.013325586902905247, 0.015450357429061055, 0.021426599466260153, 0.01828272365761501, 0.010209004538875749]</SD>
		<WAVELENGTH_UNIT>E-6m</WAVELENGTH_UNIT>
		<COLOR>#e26fb4</COLOR>
		<COVARIANCE_MATRIX>[[3.717470387830621e-05, 6.43161490230788e-05, 7.56572497944135e-05, -5.846849021196945e-05, -2.3904891037879677e-05, -5.024802706187417e-06], [6.43161490230788e-05, 0.0001264405657998782, 0.0001445629115524645, -0.00011460363472340989, -5.151735138660428e-05, -1.4135538533150009e-05], [7.56572497944135e-05, 0.0001445629115524645, 0.00017605229280988894, -0.00012368860544007337, -4.206905455362651e-05, -2.5922200758981527e-06], [-5.846849021196945e-05, -0.00011460363472340989, -0.00012368860544007337, 0.00040124453157378904, 0.0003268224477590961, 0.0001682602758468215], [-2.3904891037879677e-05, -5.151735138660428e-05, -4.206905455362651e-05, 0.0003268224477590961, 0.00035236153434691685, 0.00020149877703769527], [-5.024802706187417e-06, -1.4135538533150009e-05, -2.5922200758981527e-06, 0.0001682602758468215, 0.00020149877703769527, 0.00013380974100296928]]</COVARIANCE_MATRIX>
		<ROI_SIZE>1973</ROI_SIZE>
		<MAX_VALUE>[0.1494436413049698, 0.14015784859657288, 0.12615524232387543, 0.1591031402349472, 0.09185504913330078, 0.06095268204808235]</MAX_VALUE>
		<MIN_VALUE>[0.11165009438991547, 0.08092636615037918, 0.05297604948282242, 0.08377586305141449, 0.015473239123821259, 6.55774274491705e-05]</MIN_VALUE>
		<SIGNATURE_THRESHOLD_MD>0</SIGNATURE_THRESHOLD_MD>
		<SIGNATURE_THRESHOLD_ML>0</SIGNATURE_THRESHOLD_ML>
		<SIGNATURE_THRESHOLD_SAM>0</SIGNATURE_THRESHOLD_SAM>
	</signature>
	<signature ID="20210521_155143739341_894">
		<MACROCLASSID>1</MACROCLASSID>
		<MACROCLASSINFO>waterbody</MACROCLASSINFO>
		<CLASSID>8</CLASSID>
		<CLASSINFO>C 1</CLASSINFO>
		<VALUES>[0.1328141721852599, 0.003864632120258725, 0.10702465650508007, 0.005812651089654305, 0.07583089862802289, 0.009090428034788512, 0.09067678912523797, 0.019241303464176514, 0.035537714708540835, 0.019436317647277736, 0.01861416315849432, 0.013130123867546247]</VALUES>
		<LCS_MIN>[0.11524946242570877, 0.08092636615037918, 0.05480552837252617, 0.0670364499092102, 0.007835058495402336, 0.0]</LCS_MIN>
		<LCS_MAX>[0.1458442509174347, 0.12831157445907593, 0.10968992859125137, 0.14515364170074463, 0.09440110623836517, 0.07313010096549988]</LCS_MAX>
		<WAVELENGTH>[0.485, 0.56, 0.66, 0.835, 1.65, 2.22]</WAVELENGTH>
		<MEAN_VALUE>[0.1328141721852599, 0.10702465650508007, 0.07583089862802289, 0.09067678912523797, 0.035537714708540835, 0.01861416315849432]</MEAN_VALUE>
		<CHECKBOX>2</CHECKBOX>
		<SD>[0.003864632120258725, 0.005812651089654305, 0.009090428034788512, 0.019241303464176514, 0.019436317647277736, 0.013130123867546247]</SD>
		<WAVELENGTH_UNIT>E-6m</WAVELENGTH_UNIT>
		<COLOR>#a539b2</COLOR>
		<COVARIANCE_MATRIX>[[1.1244248167924088e-05, 1.2534576823543773e-05, 1.6851649067371368e-05, 5.309861301175266e-07, 1.2992285293032442e-05, 1.391315210744131e-05], [1.2534576823543773e-05, 2.6182725948435613e-05, 3.678017655973096e-05, 2.0308348031528855e-05, 4.2558531752933734e-05, 3.7150646219206315e-05], [1.6851649067371368e-05, 3.678017655973096e-05, 8.219131041608822e-05, 9.260581589197305e-05, 0.00012739334126549325, 9.694604729657648e-05], [5.309861301175266e-07, 2.0308348031528855e-05, 9.260581589197305e-05, 0.0003570794744433814, 0.0003338063812040188, 0.0002068743159457263], [1.2992285293032442e-05, 4.2558531752933734e-05, 0.00012739334126549325, 0.0003338063812040188, 0.0003895565906767903, 0.00025556416475539033], [1.391315210744131e-05, 3.7150646219206315e-05, 9.694604729657648e-05, 0.0002068743159457263, 0.00025556416475539033, 0.00018513426732272886]]</COVARIANCE_MATRIX>
		<ROI_SIZE>1976</ROI_SIZE>
		<MAX_VALUE>[0.1458442509174347, 0.12831157445907593, 0.10968992859125137, 0.14515364170074463, 0.09440110623836517, 0.07313010096549988]</MAX_VALUE>
		<MIN_VALUE>[0.11524946242570877, 0.08092636615037918, 0.05480552837252617, 0.0670364499092102, 0.007835058495402336, 0.0]</MIN_VALUE>
		<SIGNATURE_THRESHOLD_MD>0</SIGNATURE_THRESHOLD_MD>
		<SIGNATURE_THRESHOLD_ML>0</SIGNATURE_THRESHOLD_ML>
		<SIGNATURE_THRESHOLD_SAM>0</SIGNATURE_THRESHOLD_SAM>
	</signature>
	<signature ID="20210521_155210262482_747">
		<MACROCLASSID>1</MACROCLASSID>
		<MACROCLASSINFO>waterbody</MACROCLASSINFO>
		<CLASSID>9</CLASSID>
		<CLASSINFO>C 1</CLASSINFO>
		<VALUES>[0.1462881359786886, 0.00406784983174437, 0.14085921556609812, 0.006417253340331758, 0.1409308822680734, 0.009051245649061276, 0.0818772766642585, 0.012414576686942187, 0.018027262644837283, 0.008625380780856642, 0.007977034267609186, 0.004742555617527385]</VALUES>
		<LCS_MIN>[0.12064854055643082, 0.09869582951068878, 0.07858876138925552, 0.0670364499092102, 0.005288995802402496, 0.0]</LCS_MIN>
		<LCS_MAX>[0.15484270453453064, 0.1520041525363922, 0.15725640952587128, 0.1423637568950653, 0.08421687036752701, 0.04633978009223938]</LCS_MAX>
		<WAVELENGTH>[0.485, 0.56, 0.66, 0.835, 1.65, 2.22]</WAVELENGTH>
		<MEAN_VALUE>[0.1462881359786886, 0.14085921556609812, 0.1409308822680734, 0.0818772766642585, 0.018027262644837283, 0.007977034267609186]</MEAN_VALUE>
		<CHECKBOX>2</CHECKBOX>
		<SD>[0.00406784983174437, 0.006417253340331758, 0.009051245649061276, 0.012414576686942187, 0.008625380780856642, 0.004742555617527385]</SD>
		<WAVELENGTH_UNIT>E-6m</WAVELENGTH_UNIT>
		<COLOR>#213857</COLOR>
		<COVARIANCE_MATRIX>[[1.9006340559331143e-05, 2.5815994022447883e-05, 3.304625074985789e-05, -3.693542861013312e-05, -2.2559422648783e-05, -9.65233755004022e-06], [2.5815994022447883e-05, 4.804623818148951e-05, 6.083530191086529e-05, -6.053712698305363e-05, -3.9735406931872766e-05, -1.6909175228961024e-05], [3.304625074985789e-05, 6.083530191086529e-05, 9.489973012810567e-05, -7.999304925866856e-05, -5.669944023128493e-05, -2.3941060409807185e-05], [-3.693542861013312e-05, -6.053712698305363e-05, -7.999304925866856e-05, 0.00018553789606619192, 0.00010778618567238353, 4.7499061893570944e-05], [-2.2559422648783e-05, -3.9735406931872766e-05, -5.669944023128493e-05, 0.00010778618567238353, 8.256060349758044e-05, 3.613081881921702e-05], [-9.65233755004022e-06, -1.6909175228961024e-05, -2.3941060409807185e-05, 4.7499061893570944e-05, 3.613081881921702e-05, 2.313268804824698e-05]]</COVARIANCE_MATRIX>
		<ROI_SIZE>12601</ROI_SIZE>
		<MAX_VALUE>[0.15484270453453064, 0.1520041525363922, 0.15725640952587128, 0.1423637568950653, 0.08421687036752701, 0.04633978009223938]</MAX_VALUE>
		<MIN_VALUE>[0.12064854055643082, 0.09869582951068878, 0.07858876138925552, 0.0670364499092102, 0.005288995802402496, 0.0]</MIN_VALUE>
		<SIGNATURE_THRESHOLD_MD>0</SIGNATURE_THRESHOLD_MD>
		<SIGNATURE_THRESHOLD_ML>0</SIGNATURE_THRESHOLD_ML>
		<SIGNATURE_THRESHOLD_SAM>0</SIGNATURE_THRESHOLD_SAM>
	</signature>
	<signature ID="20210521_155709703633_905">
		<MACROCLASSID>1</MACROCLASSID>
		<MACROCLASSINFO>waterbody</MACROCLASSINFO>
		<CLASSID>10</CLASSID>
		<CLASSINFO>C 1</CLASSINFO>
		<VALUES>[0.14123040074095042, 0.004088192172424515, 0.13394090960748833, 0.006240961064914751, 0.11762382805554146, 0.007479107681098801, 0.06909105976078134, 0.014220896697818128, 0.016462124874145924, 0.008409586722278577, 0.007226023295905866, 0.004235099773028384]</VALUES>
		<LCS_MIN>[0.11344976723194122, 0.0829007551074028, 0.05663501098752022, 0.055876851081848145, 0.007835058495402336, 0.0]</LCS_MIN>
		<LCS_MAX>[0.15124332904815674, 0.14410662651062012, 0.12981422245502472, 0.13120415806770325, 0.08167081326246262, 0.05121074616909027]</LCS_MAX>
		<WAVELENGTH>[0.485, 0.56, 0.66, 0.835, 1.65, 2.22]</WAVELENGTH>
		<MEAN_VALUE>[0.14123040074095042, 0.13394090960748833, 0.11762382805554146, 0.06909105976078134, 0.016462124874145924, 0.007226023295905866]</MEAN_VALUE>
		<CHECKBOX>2</CHECKBOX>
		<SD>[0.004088192172424515, 0.006240961064914751, 0.007479107681098801, 0.014220896697818128, 0.008409586722278577, 0.004235099773028384]</SD>
		<WAVELENGTH_UNIT>E-6m</WAVELENGTH_UNIT>
		<COLOR>#bee704</COLOR>
		<COVARIANCE_MATRIX>[[2.820400158984127e-05, 4.2983588789247106e-05, 4.78310197536686e-05, -4.7535151263891656e-05, -2.2513352394702604e-05, -8.375436962987402e-06], [4.2983588789247106e-05, 8.010529274314901e-05, 8.81799999220679e-05, -8.31343612371008e-05, -4.031622587290992e-05, -1.50021467689667e-05], [4.78310197536686e-05, 8.81799999220679e-05, 0.0001096133237430214, -9.60266038610833e-05, -4.738587991400346e-05, -1.7594655380933386e-05], [-4.7535151263891656e-05, -8.31343612371008e-05, -9.60266038610833e-05, 0.0001900111627230403, 9.636213654248114e-05, 3.820809864637471e-05], [-2.2513352394702604e-05, -4.031622587290992e-05, -4.738587991400346e-05, 9.636213654248114e-05, 6.250480013692222e-05, 2.432133550557489e-05], [-8.375436962987402e-06, -1.50021467689667e-05, -1.7594655380933386e-05, 3.820809864637471e-05, 2.432133550557489e-05, 1.6045877312618033e-05]]</COVARIANCE_MATRIX>
		<ROI_SIZE>7708</ROI_SIZE>
		<MAX_VALUE>[0.15124332904815674, 0.14410662651062012, 0.12981422245502472, 0.13120415806770325, 0.08167081326246262, 0.05121074616909027]</MAX_VALUE>
		<MIN_VALUE>[0.11344976723194122, 0.0829007551074028, 0.05663501098752022, 0.055876851081848145, 0.007835058495402336, 0.0]</MIN_VALUE>
		<SIGNATURE_THRESHOLD_MD>0</SIGNATURE_THRESHOLD_MD>
		<SIGNATURE_THRESHOLD_ML>0</SIGNATURE_THRESHOLD_ML>
		<SIGNATURE_THRESHOLD_SAM>0</SIGNATURE_THRESHOLD_SAM>
	</signature>
	<signature ID="20210521_155720392093_377">
		<MACROCLASSID>1</MACROCLASSID>
		<MACROCLASSINFO>waterbody</MACROCLASSINFO>
		<CLASSID>11</CLASSID>
		<CLASSINFO>C 1</CLASSINFO>
		<VALUES>[0.1452860321441648, 0.0060836195544824055, 0.13325465236556988, 0.012875126896779329, 0.11731802265451255, 0.020929152841727205, 0.07510994915219397, 0.0138354743721812, 0.020629046275681646, 0.01077862285383479, 0.009590797687629897, 0.0061802575735546315]</VALUES>
		<LCS_MIN>[0.11884885281324387, 0.08882389962673187, 0.06578241288661957, 0.055876851081848145, 0.010381118394434452, 0.0]</LCS_MIN>
		<LCS_MAX>[0.15844209492206573, 0.1500297635793686, 0.14445005357265472, 0.13399405777454376, 0.08167081326246262, 0.0633881613612175]</LCS_MAX>
		<WAVELENGTH>[0.485, 0.56, 0.66, 0.835, 1.65, 2.22]</WAVELENGTH>
		<MEAN_VALUE>[0.1452860321441648, 0.13325465236556988, 0.11731802265451255, 0.07510994915219397, 0.020629046275681646, 0.009590797687629897]</MEAN_VALUE>
		<CHECKBOX>2</CHECKBOX>
		<SD>[0.0060836195544824055, 0.012875126896779329, 0.020929152841727205, 0.0138354743721812, 0.01077862285383479, 0.0061802575735546315]</SD>
		<WAVELENGTH_UNIT>E-6m</WAVELENGTH_UNIT>
		<COLOR>#a49849</COLOR>
		<COVARIANCE_MATRIX>[[3.1709976502893416e-05, 6.041841948862723e-05, 9.648012728214157e-05, -2.944451244903068e-05, -2.786878949694211e-05, -1.3254224428770936e-05], [6.041841948862723e-05, 0.00013687058172952104, 0.0002183511307651954, -5.1367293816669594e-05, -5.587948555447617e-05, -2.6763963339725435e-05], [9.648012728214157e-05, 0.0002183511307651954, 0.00037486188755162783, -5.807945515367729e-05, -7.73235887775053e-05, -3.6618959372752194e-05], [-2.944451244903068e-05, -5.1367293816669594e-05, -5.807945515367729e-05, 0.0001718757368811915, 0.0001124799890180168, 5.460363561590983e-05], [-2.786878949694211e-05, -5.587948555447617e-05, -7.73235887775053e-05, 0.0001124799890180168, 9.699030490156703e-05, 4.747288160547195e-05], [-1.3254224428770936e-05, -2.6763963339725435e-05, -3.6618959372752194e-05, 5.460363561590983e-05, 4.747288160547195e-05, 3.1167720310353656e-05]]</COVARIANCE_MATRIX>
		<ROI_SIZE>10375</ROI_SIZE>
		<MAX_VALUE>[0.15844209492206573, 0.1500297635793686, 0.14445005357265472, 0.13399405777454376, 0.08167081326246262, 0.0633881613612175]</MAX_VALUE>
		<MIN_VALUE>[0.11884885281324387, 0.08882389962673187, 0.06578241288661957, 0.055876851081848145, 0.010381118394434452, 0.0]</MIN_VALUE>
		<SIGNATURE_THRESHOLD_MD>0</SIGNATURE_THRESHOLD_MD>
		<SIGNATURE_THRESHOLD_ML>0</SIGNATURE_THRESHOLD_ML>
		<SIGNATURE_THRESHOLD_SAM>0</SIGNATURE_THRESHOLD_SAM>
	</signature>
	<signature ID="20210521_155734492035_675">
		<MACROCLASSID>1</MACROCLASSID>
		<MACROCLASSINFO>waterbody</MACROCLASSINFO>
		<CLASSID>12</CLASSID>
		<CLASSINFO>C 1</CLASSINFO>
		<VALUES>[0.15077163576049735, 0.0030376651183863443, 0.1491449391683947, 0.004756484145757775, 0.16269532252909918, 0.007417584683804348, 0.08960957620035381, 0.011489718105507706, 0.019994842310217198, 0.010511865484191474, 0.009953419393798756, 0.006391982073973851]</VALUES>
		<LCS_MIN>[0.1350460946559906, 0.12041403353214264, 0.11517836898565292, 0.07819604873657227, 0.007835058495402336, 6.55774274491705e-05]</LCS_MIN>
		<LCS_MAX>[0.15844209492206573, 0.15792728960514069, 0.17555120587348938, 0.15352335572242737, 0.08421687036752701, 0.05608171597123146]</LCS_MAX>
		<WAVELENGTH>[0.485, 0.56, 0.66, 0.835, 1.65, 2.22]</WAVELENGTH>
		<MEAN_VALUE>[0.15077163576049735, 0.1491449391683947, 0.16269532252909918, 0.08960957620035381, 0.019994842310217198, 0.009953419393798756]</MEAN_VALUE>
		<CHECKBOX>2</CHECKBOX>
		<SD>[0.0030376651183863443, 0.004756484145757775, 0.007417584683804348, 0.011489718105507706, 0.010511865484191474, 0.006391982073973851]</SD>
		<WAVELENGTH_UNIT>E-6m</WAVELENGTH_UNIT>
		<COLOR>#95022d</COLOR>
		<COVARIANCE_MATRIX>[[1.020702726529168e-05, 1.1373851751128723e-05, 1.721658183651968e-05, -2.1421829716647365e-05, -1.9128910200748062e-05, -1.0547828640546441e-05], [1.1373851751128723e-05, 2.428111627538632e-05, 3.3474723843540925e-05, -4.284873645653025e-05, -3.8776200019337975e-05, -2.191892653455363e-05], [1.721658183651968e-05, 3.3474723843540925e-05, 6.032511129072314e-05, -7.069746284914965e-05, -6.483190281935857e-05, -3.638587238075168e-05], [-2.1421829716647365e-05, -4.284873645653025e-05, -7.069746284914965e-05, 0.00013448618111891383, 0.0001163893786075729, 6.589286130698182e-05], [-1.9128910200748062e-05, -3.8776200019337975e-05, -6.483190281935857e-05, 0.0001163893786075729, 0.00011639262759190414, 6.529708041253142e-05], [-1.0547828640546441e-05, -2.191892653455363e-05, -3.638587238075168e-05, 6.589286130698182e-05, 6.529708041253142e-05, 4.42267073652283e-05]]</COVARIANCE_MATRIX>
		<ROI_SIZE>4723</ROI_SIZE>
		<MAX_VALUE>[0.15844209492206573, 0.15792728960514069, 0.17555120587348938, 0.15352335572242737, 0.08421687036752701, 0.05608171597123146]</MAX_VALUE>
		<MIN_VALUE>[0.1350460946559906, 0.12041403353214264, 0.11517836898565292, 0.07819604873657227, 0.007835058495402336, 6.55774274491705e-05]</MIN_VALUE>
		<SIGNATURE_THRESHOLD_MD>0</SIGNATURE_THRESHOLD_MD>
		<SIGNATURE_THRESHOLD_ML>0</SIGNATURE_THRESHOLD_ML>
		<SIGNATURE_THRESHOLD_SAM>0</SIGNATURE_THRESHOLD_SAM>
	</signature>
	<signature ID="20210521_155742499167_980">
		<MACROCLASSID>1</MACROCLASSID>
		<MACROCLASSINFO>waterbody</MACROCLASSINFO>
		<CLASSID>13</CLASSID>
		<CLASSINFO>C 1</CLASSINFO>
		<VALUES>[0.1540654419582841, 0.003769653138287112, 0.1490253733965258, 0.005563882332828854, 0.1560717963639425, 0.008478113051976204, 0.09058760796307459, 0.013422441752761704, 0.024577582078240914, 0.014607298690319577, 0.01337505117267554, 0.010449213242676482]</VALUES>
		<LCS_MIN>[0.1386454850435257, 0.12041403353214264, 0.10968992859125137, 0.07819604873657227, 0.007835058495402336, 6.55774274491705e-05]</LCS_MIN>
		<LCS_MAX>[0.16564087569713593, 0.1599016785621643, 0.17372173070907593, 0.15631325542926788, 0.09185504913330078, 0.07069461792707443]</LCS_MAX>
		<WAVELENGTH>[0.485, 0.56, 0.66, 0.835, 1.65, 2.22]</WAVELENGTH>
		<MEAN_VALUE>[0.1540654419582841, 0.1490253733965258, 0.1560717963639425, 0.09058760796307459, 0.024577582078240914, 0.01337505117267554]</MEAN_VALUE>
		<CHECKBOX>2</CHECKBOX>
		<SD>[0.003769653138287112, 0.005563882332828854, 0.008478113051976204, 0.013422441752761704, 0.014607298690319577, 0.010449213242676482]</SD>
		<WAVELENGTH_UNIT>E-6m</WAVELENGTH_UNIT>
		<COLOR>#2ff46d</COLOR>
		<COVARIANCE_MATRIX>[[1.3811823683500586e-05, 1.6215933378538325e-05, 2.277857964879567e-05, -2.4617162648718595e-05, -1.9356372027627518e-05, -1.0298886785511796e-05], [1.6215933378538325e-05, 3.490484585857567e-05, 4.876470633469651e-05, -6.064090611782974e-05, -5.53359004655377e-05, -3.316956591033362e-05], [2.277857964879567e-05, 4.876470633469651e-05, 8.132472760756618e-05, -9.833171232408214e-05, -9.060201831629568e-05, -5.4602024245695726e-05], [-2.4617162648718595e-05, -6.064090611782974e-05, -9.833171232408214e-05, 0.00019224660587667257, 0.00018284078718316412, 0.00011587104626516112], [-1.9356372027627518e-05, -5.53359004655377e-05, -9.060201831629568e-05, 0.00018284078718316412, 0.0002058122787362086, 0.0001330801982115708], [-1.0298886785511796e-05, -3.316956591033362e-05, -5.4602024245695726e-05, 0.00011587104626516112, 0.0001330801982115708, 9.644591818760135e-05]]</COVARIANCE_MATRIX>
		<ROI_SIZE>5769</ROI_SIZE>
		<MAX_VALUE>[0.16564087569713593, 0.1599016785621643, 0.17372173070907593, 0.15631325542926788, 0.09185504913330078, 0.07069461792707443]</MAX_VALUE>
		<MIN_VALUE>[0.1386454850435257, 0.12041403353214264, 0.10968992859125137, 0.07819604873657227, 0.007835058495402336, 6.55774274491705e-05]</MIN_VALUE>
		<SIGNATURE_THRESHOLD_MD>0</SIGNATURE_THRESHOLD_MD>
		<SIGNATURE_THRESHOLD_ML>0</SIGNATURE_THRESHOLD_ML>
		<SIGNATURE_THRESHOLD_SAM>0</SIGNATURE_THRESHOLD_SAM>
	</signature>
	<signature ID="20210521_155759868916_585">
		<MACROCLASSID>1</MACROCLASSID>
		<MACROCLASSINFO>waterbody</MACROCLASSINFO>
		<CLASSID>14</CLASSID>
		<CLASSINFO>C 1</CLASSINFO>
		<VALUES>[0.15140054286725252, 0.0033781572030966546, 0.13638496276034037, 0.005378656115388189, 0.13560756759653805, 0.017267062145512303, 0.1082291726579611, 0.019921950367546074, 0.023780126278235156, 0.012796994469457354, 0.013219992187634024, 0.009130312080169876]</VALUES>
		<LCS_MIN>[0.13684578239917755, 0.11251650005578995, 0.08956564962863922, 0.06424655020236969, 0.010381118394434452, 6.55774274491705e-05]</LCS_MIN>
		<LCS_MAX>[0.16384117305278778, 0.15397854149341583, 0.16640381515026093, 0.178632453083992, 0.0867629274725914, 0.06582364439964294]</LCS_MAX>
		<WAVELENGTH>[0.485, 0.56, 0.66, 0.835, 1.65, 2.22]</WAVELENGTH>
		<MEAN_VALUE>[0.15140054286725252, 0.13638496276034037, 0.13560756759653805, 0.1082291726579611, 0.023780126278235156, 0.013219992187634024]</MEAN_VALUE>
		<CHECKBOX>2</CHECKBOX>
		<SD>[0.0033781572030966546, 0.005378656115388189, 0.017267062145512303, 0.019921950367546074, 0.012796994469457354, 0.009130312080169876]</SD>
		<WAVELENGTH_UNIT>E-6m</WAVELENGTH_UNIT>
		<COLOR>#7adbca</COLOR>
		<COVARIANCE_MATRIX>[[9.476419458037183e-06, 9.913329064053102e-06, 1.8932600970644137e-05, -8.620961125375382e-06, -4.492879710865606e-06, -1.4841386884139952e-06], [9.913329064053102e-06, 2.224805093365583e-05, 3.567973018051823e-05, -2.374760981438962e-05, -1.3898603103752262e-05, -7.570748212714717e-06], [1.8932600970644137e-05, 3.567973018051823e-05, 0.00025442279234272824, 0.00016224238061242718, -5.3416383608257835e-05, -2.8296361889137687e-05], [-8.620961125375382e-06, -2.374760981438962e-05, 0.00016224238061242718, 0.00035189716768124996, 5.988439434186032e-05, 4.350993121898624e-05], [-4.492879710865606e-06, -1.3898603103752262e-05, -5.3416383608257835e-05, 5.988439434186032e-05, 0.00018472171791004697, 0.00012594483238122312], [-1.4841386884139952e-06, -7.570748212714717e-06, -2.8296361889137687e-05, 4.350993121898624e-05, 0.00012594483238122312, 9.643950970430858e-05]]</COVARIANCE_MATRIX>
		<ROI_SIZE>9769</ROI_SIZE>
		<MAX_VALUE>[0.16384117305278778, 0.15397854149341583, 0.16640381515026093, 0.178632453083992, 0.0867629274725914, 0.06582364439964294]</MAX_VALUE>
		<MIN_VALUE>[0.13684578239917755, 0.11251650005578995, 0.08956564962863922, 0.06424655020236969, 0.010381118394434452, 6.55774274491705e-05]</MIN_VALUE>
		<SIGNATURE_THRESHOLD_MD>0</SIGNATURE_THRESHOLD_MD>
		<SIGNATURE_THRESHOLD_ML>0</SIGNATURE_THRESHOLD_ML>
		<SIGNATURE_THRESHOLD_SAM>0</SIGNATURE_THRESHOLD_SAM>
	</signature>
	<signature ID="20210521_155810271298_785">
		<MACROCLASSID>1</MACROCLASSID>
		<MACROCLASSINFO>waterbody</MACROCLASSINFO>
		<CLASSID>15</CLASSID>
		<CLASSINFO>C 1</CLASSINFO>
		<VALUES>[0.1532285264503534, 0.002647406882098041, 0.1382097280890071, 0.0029947848603458804, 0.14683309267410505, 0.005105771002479194, 0.12763040134387546, 0.009426934865238419, 0.025041599870997733, 0.013509752619740386, 0.013662125412431355, 0.010185534892167291]</VALUES>
		<LCS_MIN>[0.1422448456287384, 0.12041403353214264, 0.10603096336126328, 0.11446476727724075, 0.007835058495402336, 0.0]</LCS_MIN>
		<LCS_MAX>[0.16024179756641388, 0.14410662651062012, 0.15725640952587128, 0.18979206681251526, 0.08930898457765579, 0.06825913488864899]</LCS_MAX>
		<WAVELENGTH>[0.485, 0.56, 0.66, 0.835, 1.65, 2.22]</WAVELENGTH>
		<MEAN_VALUE>[0.1532285264503534, 0.1382097280890071, 0.14683309267410505, 0.12763040134387546, 0.025041599870997733, 0.013662125412431355]</MEAN_VALUE>
		<CHECKBOX>2</CHECKBOX>
		<SD>[0.002647406882098041, 0.0029947848603458804, 0.005105771002479194, 0.009426934865238419, 0.013509752619740386, 0.010185534892167291]</SD>
		<WAVELENGTH_UNIT>E-6m</WAVELENGTH_UNIT>
		<COLOR>#e6fe31</COLOR>
		<COVARIANCE_MATRIX>[[7.9523691531615e-06, 5.932695467167022e-06, 8.800614287305807e-06, -7.68774392072789e-06, -6.192450338689344e-06, -2.835359277608306e-06], [5.932695467167022e-06, 1.1349446278362148e-05, 1.4139200548231702e-05, -1.499260313506254e-05, -1.5537562833236774e-05, -8.824627441881509e-06], [8.800614287305807e-06, 1.4139200548231702e-05, 2.9892704137863723e-05, -3.3933672418484644e-05, -3.810172930234352e-05, -2.226982819850767e-05], [-7.68774392072789e-06, -1.499260313506254e-05, -3.3933672418484644e-05, 8.674583205538924e-05, 9.96803299216771e-05, 6.35352041959414e-05], [-6.192450338689344e-06, -1.5537562833236774e-05, -3.810172930234352e-05, 9.96803299216771e-05, 0.00016655003491795276, 0.00011203691213671748], [-2.835359277608306e-06, -8.824627441881509e-06, -2.226982819850767e-05, 6.35352041959414e-05, 0.00011203691213671748, 8.571343755696441e-05]]</COVARIANCE_MATRIX>
		<ROI_SIZE>5837</ROI_SIZE>
		<MAX_VALUE>[0.16024179756641388, 0.14410662651062012, 0.15725640952587128, 0.18979206681251526, 0.08930898457765579, 0.06825913488864899]</MAX_VALUE>
		<MIN_VALUE>[0.1422448456287384, 0.12041403353214264, 0.10603096336126328, 0.11446476727724075, 0.007835058495402336, 0.0]</MIN_VALUE>
		<SIGNATURE_THRESHOLD_MD>0</SIGNATURE_THRESHOLD_MD>
		<SIGNATURE_THRESHOLD_ML>0</SIGNATURE_THRESHOLD_ML>
		<SIGNATURE_THRESHOLD_SAM>0</SIGNATURE_THRESHOLD_SAM>
	</signature>
	<signature ID="20210521_155821050009_378">
		<MACROCLASSID>1</MACROCLASSID>
		<MACROCLASSINFO>waterbody</MACROCLASSINFO>
		<CLASSID>16</CLASSID>
		<CLASSINFO>C 1</CLASSINFO>
		<VALUES>[0.15339372495135067, 0.002726750902661611, 0.13769329418835125, 0.0036078865762342377, 0.14492328383348826, 0.005564982116201911, 0.12651821557592569, 0.01069122908148393, 0.026782195938262806, 0.0151388486485089, 0.015642881076257397, 0.011289577938842554]</VALUES>
		<LCS_MIN>[0.14404454827308655, 0.1164652481675148, 0.10054253041744232, 0.10051525384187698, 0.010381118394434452, 6.55774274491705e-05]</LCS_MIN>
