<?xml version="1.0" ?>
<signaturelist MCID_LIST="[['1', 'waterbody', '#000000'], ['2', 'vegetation', '#000000'], ['3', 'bareland', '#000000'], ['4', 'built-up', '#000000']]">
	<signature ID="20210602_095840947688_456">
		<MACROCLASSID>1</MACROCLASSID>
		<MACROCLASSINFO>waterbody</MACROCLASSINFO>
		<CLASSID>1</CLASSID>
		<CLASSINFO>C 1</CLASSINFO>
		<VALUES>[0.14846504945307964, 0.0030104380293454985, 0.13713457849808042, 0.004666621015663538, 0.1211927880998701, 0.006638606717939928, 0.10560682523064316, 0.0138253236567586, 0.04037689324468375, 0.016580386966991854, 0.023507113475352528, 0.011989504095254223]</VALUES>
		<LCS_MIN>[0.14044515788555145, 0.12238841503858566, 0.10237201303243637, 0.08098595589399338, 0.015473239123821259, 0.0025010621175169945]</LCS_MIN>
		<LCS_MAX>[0.15664240717887878, 0.1500297635793686, 0.13347318768501282, 0.14515364170074463, 0.08421687036752701, 0.0633881613612175]</LCS_MAX>
		<WAVELENGTH>[0.485, 0.56, 0.66, 0.835, 1.65, 2.22]</WAVELENGTH>
		<MEAN_VALUE>[0.14846504945307964, 0.13713457849808042, 0.1211927880998701, 0.10560682523064316, 0.04037689324468375, 0.023507113475352528]</MEAN_VALUE>
		<CHECKBOX>2</CHECKBOX>
		<SD>[0.0030104380293454985, 0.004666621015663538, 0.006638606717939928, 0.0138253236567586, 0.016580386966991854, 0.011989504095254223]</SD>
		<WAVELENGTH_UNIT>E-6m</WAVELENGTH_UNIT>
		<COLOR>#399955</COLOR>
		<COVARIANCE_MATRIX>[[1.1360102689650375e-05, 1.4365463357535191e-05, 1.8402162822894752e-05, -7.326436389121227e-06, -1.0099791325046681e-05, -5.48335674466216e-06], [1.4365463357535191e-05, 3.2125928555615246e-05, 3.421359360800125e-05, -1.6788988432381302e-05, -2.250772013212554e-05, -1.265436367248185e-05], [1.8402162822894752e-05, 3.421359360800125e-05, 5.479337050928734e-05, -1.029450686473865e-06, -1.272319150302792e-05, -5.289992714097025e-06], [-7.326436389121227e-06, -1.6788988432381302e-05, -1.029450686473865e-06, 0.00020764145301654935, 0.0001934361644089222, 0.00012145176879130304], [-1.0099791325046681e-05, -2.250772013212554e-05, -1.272319150302792e-05, 0.0001934361644089222, 0.0002709160035010427, 0.00017675882554613054], [-5.48335674466216e-06, -1.265436367248185e-05, -5.289992714097025e-06, 0.00012145176879130304, 0.00017675882554613054, 0.0001292761880904436]]</COVARIANCE_MATRIX>
		<ROI_SIZE>461</ROI_SIZE>
		<MAX_VALUE>[0.15664240717887878, 0.1500297635793686, 0.13347318768501282, 0.14515364170074463, 0.08421687036752701, 0.0633881613612175]</MAX_VALUE>
		<MIN_VALUE>[0.14044515788555145, 0.12238841503858566, 0.10237201303243637, 0.08098595589399338, 0.015473239123821259, 0.0025010621175169945]</MIN_VALUE>
		<SIGNATURE_THRESHOLD_MD>0.0</SIGNATURE_THRESHOLD_MD>
		<SIGNATURE_THRESHOLD_ML>0.0</SIGNATURE_THRESHOLD_ML>
		<SIGNATURE_THRESHOLD_SAM>0.0</SIGNATURE_THRESHOLD_SAM>
	</signature>
	<signature ID="20210602_095850518656_886">
		<MACROCLASSID>1</MACROCLASSID>
		<MACROCLASSINFO>waterbody</MACROCLASSINFO>
		<CLASSID>2</CLASSID>
		<CLASSINFO>C 1</CLASSINFO>
		<VALUES>[0.1461395482206862, 0.002728274879824184, 0.137107644333928, 0.004340556411575641, 0.11975490105779542, 0.005394892850172715, 0.09443448120641638, 0.010304777911026528, 0.02494411027756731, 0.009371589213414985, 0.011869759223173052, 0.006174314501961406]</VALUES>
		<LCS_MIN>[0.13324639201164246, 0.11251650005578995, 0.09139513224363327, 0.08098595589399338, 0.005288995802402496, 0.0025010621175169945]</LCS_MIN>
		<LCS_MAX>[0.15304303169250488, 0.14608101546764374, 0.13164371252059937, 0.12841425836086273, 0.0587562657892704, 0.04633978009223938]</LCS_MAX>
		<WAVELENGTH>[0.485, 0.56, 0.66, 0.835, 1.65, 2.22]</WAVELENGTH>
		<MEAN_VALUE>[0.1461395482206862, 0.137107644333928, 0.11975490105779542, 0.09443448120641638, 0.02494411027756731, 0.011869759223173052]</MEAN_VALUE>
		<CHECKBOX>2</CHECKBOX>
		<SD>[0.002728274879824184, 0.004340556411575641, 0.005394892850172715, 0.010304777911026528, 0.009371589213414985, 0.006174314501961406]</SD>
		<WAVELENGTH_UNIT>E-6m</WAVELENGTH_UNIT>
		<COLOR>#13c3f8</COLOR>
		<COVARIANCE_MATRIX>[[7.45502393328934e-06, 7.198885668913135e-06, 9.473401405557524e-06, -9.75364582700422e-06, -6.019285137881525e-06, -2.560256234573899e-06], [7.198885668913135e-06, 1.886963946162723e-05, 1.9138742572977208e-05, -2.2538963094120845e-05, -1.6613112165941857e-05, -8.3568147601909e-06], [9.473401405557524e-06, 1.9138742572977208e-05, 2.914999276981689e-05, -2.301040876773186e-05, -1.5918112694635056e-05, -6.599550488317618e-06], [-9.75364582700422e-06, -2.2538963094120845e-05, -2.301040876773186e-05, 0.00010635307990014553, 7.706207543378696e-05, 4.325705594965257e-05], [-6.019285137881525e-06, -1.6613112165941857e-05, -1.5918112694635056e-05, 7.706207543378696e-05, 8.796284964773804e-05, 5.0407583330525085e-05], [-2.560256234573899e-06, -8.3568147601909e-06, -6.599550488317618e-06, 4.325705594965257e-05, 5.0407583330525085e-05, 3.8181264244485646e-05]]</COVARIANCE_MATRIX>
		<ROI_SIZE>646</ROI_SIZE>
		<MAX_VALUE>[0.15304303169250488, 0.14608101546764374, 0.13164371252059937, 0.12841425836086273, 0.0587562657892704, 0.04633978009223938]</MAX_VALUE>
		<MIN_VALUE>[0.13324639201164246, 0.11251650005578995, 0.09139513224363327, 0.08098595589399338, 0.005288995802402496, 0.0025010621175169945]</MIN_VALUE>
		<SIGNATURE_THRESHOLD_MD>0.0</SIGNATURE_THRESHOLD_MD>
		<SIGNATURE_THRESHOLD_ML>0.0</SIGNATURE_THRESHOLD_ML>
		<SIGNATURE_THRESHOLD_SAM>0.0</SIGNATURE_THRESHOLD_SAM>
	</signature>
	<signature ID="20210602_095856948149_256">
		<MACROCLASSID>1</MACROCLASSID>
		<MACROCLASSINFO>waterbody</MACROCLASSINFO>
		<CLASSID>3</CLASSID>
		<CLASSINFO>C 1</CLASSINFO>
		<VALUES>[0.14318906038369925, 0.0035464429074021447, 0.1337619624822073, 0.006658162343463705, 0.12335305692444379, 0.008697465746196292, 0.11464158519053122, 0.011795789325821766, 0.030346176272231934, 0.011151234215858962, 0.014266852158266055, 0.006885386008981629]</VALUES>
		<LCS_MIN>[0.12964700162410736, 0.10461896657943726, 0.08224772661924362, 0.09214554727077484, 0.012927178293466568, 0.0025010621175169945]</LCS_MIN>
		<LCS_MAX>[0.15124332904815674, 0.14410662651062012, 0.13530266284942627, 0.14515364170074463, 0.06384839117527008, 0.04146881029009819]</LCS_MAX>
		<WAVELENGTH>[0.485, 0.56, 0.66, 0.835, 1.65, 2.22]</WAVELENGTH>
		<MEAN_VALUE>[0.14318906038369925, 0.1337619624822073, 0.12335305692444379, 0.11464158519053122, 0.030346176272231934, 0.014266852158266055]</MEAN_VALUE>
		<CHECKBOX>2</CHECKBOX>
		<SD>[0.0035464429074021447, 0.006658162343463705, 0.008697465746196292, 0.011795789325821766, 0.011151234215858962, 0.006885386008981629]</SD>
		<WAVELENGTH_UNIT>E-6m</WAVELENGTH_UNIT>
		<COLOR>#a41aff</COLOR>
		<COVARIANCE_MATRIX>[[1.2621700079762377e-05, 1.9495028027449735e-05, 2.406227940809913e-05, -1.2906238225696143e-05, -1.2635499842872377e-05, -5.758718998549739e-06], [1.9495028027449735e-05, 4.448777326615527e-05, 5.377100023906678e-05, -2.967665932374075e-05, -2.962449252663646e-05, -1.1545559573278297e-05], [2.406227940809913e-05, 5.377100023906678e-05, 7.591320900246501e-05, -4.5511518692364916e-05, -4.305619950173423e-05, -1.6650061297696084e-05], [-1.2906238225696143e-05, -2.967665932374075e-05, -4.5511518692364916e-05, 0.00013963230594526976, 0.00010220283002126962, 4.432299465406686e-05], [-1.2635499842872377e-05, -2.962449252663646e-05, -4.305619950173423e-05, 0.00010220283002126962, 0.00012478942517191172, 6.580819899681956e-05], [-5.758718998549739e-06, -1.1545559573278297e-05, -1.6650061297696084e-05, 4.432299465406686e-05, 6.580819899681956e-05, 4.757606075145304e-05]]</COVARIANCE_MATRIX>
		<ROI_SIZE>284</ROI_SIZE>
		<MAX_VALUE>[0.15124332904815674, 0.14410662651062012, 0.13530266284942627, 0.14515364170074463, 0.06384839117527008, 0.04146881029009819]</MAX_VALUE>
		<MIN_VALUE>[0.12964700162410736, 0.10461896657943726, 0.08224772661924362, 0.09214554727077484, 0.012927178293466568, 0.0025010621175169945]</MIN_VALUE>
		<SIGNATURE_THRESHOLD_MD>0.0</SIGNATURE_THRESHOLD_MD>
		<SIGNATURE_THRESHOLD_ML>0.0</SIGNATURE_THRESHOLD_ML>
		<SIGNATURE_THRESHOLD_SAM>0.0</SIGNATURE_THRESHOLD_SAM>
	</signature>
	<signature ID="20210602_095941707934_816">
		<MACROCLASSID>2</MACROCLASSID>
		<MACROCLASSINFO>vegetation</MACROCLASSINFO>
		<CLASSID>4</CLASSID>
		<CLASSINFO>C 1</CLASSINFO>
		<VALUES>[0.13731053774500945, 0.0031536617146756224, 0.1098152777323356, 0.0050957366531652415, 0.08803773364359203, 0.006538960210815729, 0.22515634455523664, 0.020632368670652157, 0.12964026662674585, 0.01691013055049274, 0.06346845531651937, 0.013859492649380566]</VALUES>
		<LCS_MIN>[0.1314466893672943, 0.10067019611597061, 0.07492981106042862, 0.1981617659330368, 0.08930898457765579, 0.029291389510035515]</LCS_MIN>
		<LCS_MAX>[0.1458442509174347, 0.12238841503858566, 0.10786044597625732, 0.2762790024280548, 0.16314473748207092, 0.08774301409721375]</LCS_MAX>
		<WAVELENGTH>[0.485, 0.56, 0.66, 0.835, 1.65, 2.22]</WAVELENGTH>
		<MEAN_VALUE>[0.13731053774500945, 0.1098152777323356, 0.08803773364359203, 0.22515634455523664, 0.12964026662674585, 0.06346845531651937]</MEAN_VALUE>
		<CHECKBOX>2</CHECKBOX>
		<SD>[0.0031536617146756224, 0.0050957366531652415, 0.006538960210815729, 0.020632368670652157, 0.01691013055049274, 0.013859492649380566]</SD>
		<WAVELENGTH_UNIT>E-6m</WAVELENGTH_UNIT>
		<COLOR>#bf5dc0</COLOR>
		<COVARIANCE_MATRIX>[[1.0000529982789885e-05, 1.168660764960805e-05, 1.4975473277445417e-05, 6.691926500934642e-06, 1.978386535483878e-05, 1.6598962247371674e-05], [1.168660764960805e-05, 2.6109993996215053e-05, 2.9675931727979332e-05, 3.515833668643609e-05, 5.277753007248975e-05, 3.6162862670607865e-05], [1.4975473277445417e-05, 2.9675931727979332e-05, 4.2994233808713034e-05, 2.6725163479568437e-05, 6.723894330207258e-05, 5.272982161841355e-05], [6.691926500934642e-06, 3.515833668643609e-05, 2.6725163479568437e-05, 0.00042804653639905155, 0.00013843887427356094, -6.196186404849868e-06], [1.978386535483878e-05, 5.277753007248975e-05, 6.723894330207258e-05, 0.00013843887427356094, 0.0002875323698390275, 0.00019832416728604585], [1.6598962247371674e-05, 3.6162862670607865e-05, 5.272982161841355e-05, -6.196186404849868e-06, 0.00019832416728604585, 0.0001931467850226909]]</COVARIANCE_MATRIX>
		<ROI_SIZE>182</ROI_SIZE>
		<MAX_VALUE>[0.1458442509174347, 0.12238841503858566, 0.10786044597625732, 0.2762790024280548, 0.16314473748207092, 0.08774301409721375]</MAX_VALUE>
		<MIN_VALUE>[0.1314466893672943, 0.10067019611597061, 0.07492981106042862, 0.1981617659330368, 0.08930898457765579, 0.029291389510035515]</MIN_VALUE>
		<SIGNATURE_THRESHOLD_MD>0.0</SIGNATURE_THRESHOLD_MD>
		<SIGNATURE_THRESHOLD_ML>0.0</SIGNATURE_THRESHOLD_ML>
		<SIGNATURE_THRESHOLD_SAM>0.0</SIGNATURE_THRESHOLD_SAM>
	</signature>
	<signature ID="20210602_095948713875_828">
		<MACROCLASSID>2</MACROCLASSID>
		<MACROCLASSINFO>vegetation</MACROCLASSINFO>
		<CLASSID>5</CLASSID>
		<CLASSINFO>C 1</CLASSINFO>
		<VALUES>[0.13575179396182527, 0.00319183182432729, 0.11019698294598287, 0.00518041506921617, 0.09100042412600177, 0.008485728588082336, 0.22867052881267136, 0.01534349592676672, 0.14987315569571605, 0.01647196807920922, 0.07586474697890243, 0.013882013719736026]</VALUES>
		<LCS_MIN>[0.12784729897975922, 0.09869582951068878, 0.07127085328102112, 0.19258196651935577, 0.10458534955978394, 0.039033327251672745]</LCS_MIN>
		<LCS_MAX>[0.1458442509174347, 0.12436279654502869, 0.11700784415006638, 0.270699143409729, 0.17842110991477966, 0.10966235399246216]</LCS_MAX>
		<WAVELENGTH>[0.485, 0.56, 0.66, 0.835, 1.65, 2.22]</WAVELENGTH>
		<MEAN_VALUE>[0.13575179396182527, 0.11019698294598287, 0.09100042412600177, 0.22867052881267136, 0.14987315569571605, 0.07586474697890243]</MEAN_VALUE>
		<CHECKBOX>2</CHECKBOX>
		<SD>[0.00319183182432729, 0.00518041506921617, 0.008485728588082336, 0.01534349592676672, 0.01647196807920922, 0.013882013719736026]</SD>
		<WAVELENGTH_UNIT>E-6m</WAVELENGTH_UNIT>
		<COLOR>#191295</COLOR>
		<COVARIANCE_MATRIX>[[1.0203859346802346e-05, 1.182854703074554e-05, 2.0008043065899983e-05, -1.1870723028550856e-05, 1.4526498489431106e-05, 1.8316597561351955e-05], [1.182854703074554e-05, 2.6879029974224977e-05, 3.9380098314723e-05, -1.7942624253919348e-05, 2.844401569745969e-05, 3.257269418099895e-05], [2.0008043065899983e-05, 3.9380098314723e-05, 7.212116906885058e-05, -4.3665102566592395e-05, 5.214040356804617e-05, 6.467630009865388e-05], [-1.1870723028550856e-05, -1.7942624253919348e-05, -4.3665102566592395e-05, 0.00023579419939778745, 0.00011366647231625393, 2.69436277449131e-05], [1.4526498489431106e-05, 2.844401569745969e-05, 5.214040356804617e-05, 0.00011366647231625393, 0.0002717536990530789, 0.00019991106819361448], [1.8316597561351955e-05, 3.257269418099895e-05, 6.467630009865388e-05, 2.69436277449131e-05, 0.00019991106819361448, 0.00019301426073070616]]</COVARIANCE_MATRIX>
		<ROI_SIZE>635</ROI_SIZE>
		<MAX_VALUE>[0.1458442509174347, 0.12436279654502869, 0.11700784415006638, 0.270699143409729, 0.17842110991477966, 0.10966235399246216]</MAX_VALUE>
		<MIN_VALUE>[0.12784729897975922, 0.09869582951068878, 0.07127085328102112, 0.19258196651935577, 0.10458534955978394, 0.039033327251672745]</MIN_VALUE>
		<SIGNATURE_THRESHOLD_MD>0.0</SIGNATURE_THRESHOLD_MD>
		<SIGNATURE_THRESHOLD_ML>0.0</SIGNATURE_THRESHOLD_ML>
		<SIGNATURE_THRESHOLD_SAM>0.0</SIGNATURE_THRESHOLD_SAM>
	</signature>
	<signature ID="20210602_095956887887_405">
		<MACROCLASSID>2</MACROCLASSID>
		<MACROCLASSINFO>vegetation</MACROCLASSINFO>
		<CLASSID>6</CLASSID>
		<CLASSINFO>C 1</CLASSINFO>
		<VALUES>[0.1377756233016649, 0.0033101888442525563, 0.1128784643486142, 0.0054845178678559715, 0.0923937224162122, 0.007829354484645008, 0.22583989755560954, 0.016217356235428835, 0.1411107139041026, 0.016887293602888317, 0.07140496618424859, 0.012398247357370223]</VALUES>
		<LCS_MIN>[0.12964700162410736, 0.10264457017183304, 0.07310033589601517, 0.19258196651935577, 0.10203929245471954, 0.04146881029009819]</LCS_MIN>
		<LCS_MAX>[0.1458442509174347, 0.1263371855020523, 0.11334890127182007, 0.25953957438468933, 0.1656908243894577, 0.09748494625091553]</LCS_MAX>
		<WAVELENGTH>[0.485, 0.56, 0.66, 0.835, 1.65, 2.22]</WAVELENGTH>
		<MEAN_VALUE>[0.1377756233016649, 0.1128784643486142, 0.0923937224162122, 0.22583989755560954, 0.1411107139041026, 0.07140496618424859]</MEAN_VALUE>
		<CHECKBOX>2</CHECKBOX>
		<SD>[0.0033101888442525563, 0.0054845178678559715, 0.007829354484645008, 0.016217356235428835, 0.016887293602888317, 0.012398247357370223]</SD>
		<WAVELENGTH_UNIT>E-6m</WAVELENGTH_UNIT>
		<COLOR>#2bd247</COLOR>
		<COVARIANCE_MATRIX>[[1.100319695979124e-05, 1.3533190212910995e-05, 1.858838732005097e-05, -1.235666059073992e-05, 6.329046300379559e-06, 8.359734238183592e-06], [1.3533190212910995e-05, 3.0205794246285222e-05, 3.7526231608353555e-05, -1.0083635061164387e-05, 1.154258097812999e-05, 1.1692816769937053e-05], [1.858838732005097e-05, 3.7526231608353555e-05, 6.155527080409229e-05, -2.1561558241955936e-05, 2.5310819182777777e-05, 2.896729711210355e-05], [-1.235666059073992e-05, -1.0083635061164387e-05, -2.1561558241955936e-05, 0.0002641030587255955, 0.0001604495191713795, 5.795563629362732e-05], [6.329046300379559e-06, 1.154258097812999e-05, 2.5310819182777777e-05, 0.0001604495191713795, 0.0002863739209715277, 0.00018537265714257956], [8.359734238183592e-06, 1.1692816769937053e-05, 2.896729711210355e-05, 5.795563629362732e-05, 0.00018537265714257956, 0.0001543597027193755]]</COVARIANCE_MATRIX>
		<ROI_SIZE>240</ROI_SIZE>
		<MAX_VALUE>[0.1458442509174347, 0.1263371855020523, 0.11334890127182007, 0.25953957438468933, 0.1656908243894577, 0.09748494625091553]</MAX_VALUE>
		<MIN_VALUE>[0.12964700162410736, 0.10264457017183304, 0.07310033589601517, 0.19258196651935577, 0.10203929245471954, 0.04146881029009819]</MIN_VALUE>
		<SIGNATURE_THRESHOLD_MD>0.0</SIGNATURE_THRESHOLD_MD>
		<SIGNATURE_THRESHOLD_ML>0.0</SIGNATURE_THRESHOLD_ML>
		<SIGNATURE_THRESHOLD_SAM>0.0</SIGNATURE_THRESHOLD_SAM>
	</signature>
	<signature ID="20210602_100001584997_167">
		<MACROCLASSID>2</MACROCLASSID>
		<MACROCLASSINFO>vegetation</MACROCLASSINFO>
		<CLASSID>7</CLASSID>
		<CLASSINFO>C 1</CLASSINFO>
		<VALUES>[0.13668682906932808, 0.002340501404176414, 0.11105935254920567, 0.003136834136282115, 0.08612031323422574, 0.004592229128166061, 0.26862762749061275, 0.013429750887498773, 0.14888985658588694, 0.012881288781404203, 0.06505982549080343, 0.010465572615890565]</VALUES>
		<LCS_MIN>[0.12964700162410736, 0.10264457017183304, 0.07675928622484207, 0.24280016124248505, 0.11731565743684769, 0.039033327251672745]</LCS_MIN>
		<LCS_MAX>[0.1458442509174347, 0.12831157445907593, 0.10968992859125137, 0.29859817028045654, 0.18351323902606964, 0.09504945576190948]</LCS_MAX>
		<WAVELENGTH>[0.485, 0.56, 0.66, 0.835, 1.65, 2.22]</WAVELENGTH>
		<MEAN_VALUE>[0.13668682906932808, 0.11105935254920567, 0.08612031323422574, 0.26862762749061275, 0.14888985658588694, 0.06505982549080343]</MEAN_VALUE>
		<CHECKBOX>2</CHECKBOX>
		<SD>[0.002340501404176414, 0.003136834136282115, 0.004592229128166061, 0.013429750887498773, 0.012881288781404203, 0.010465572615890565]</SD>
		<WAVELENGTH_UNIT>E-6m</WAVELENGTH_UNIT>
		<COLOR>#dd4c3c</COLOR>
		<COVARIANCE_MATRIX>[[5.482050255523063e-06, 3.278901658632094e-06, 4.909844847134082e-06, -7.6221431299927644e-06, 2.6165855615545297e-06, 4.182819338893751e-06], [3.278901658632094e-06, 9.847099136095494e-06, 1.0842047231562901e-05, -1.5762154362164438e-05, 1.4401322914636694e-05, 1.651040292927064e-05], [4.909844847134082e-06, 1.0842047231562901e-05, 2.1104364350321703e-05, -2.564716305641923e-05, 2.449153907946311e-05, 2.8015403586323373e-05], [-7.6221431299927644e-06, -1.5762154362164438e-05, -2.564716305641923e-05, 0.00018049331265501678, 1.3339175893634092e-05, -3.677370477817021e-05], [2.6165855615545297e-06, 1.4401322914636694e-05, 2.449153907946311e-05, 1.3339175893634092e-05, 0.00016605189011897892, 0.00011745508527383208], [4.182819338893751e-06, 1.651040292927064e-05, 2.8015403586323373e-05, -3.677370477817021e-05, 0.00011745508527383208, 0.00010961025691358373]]</COVARIANCE_MATRIX>
		<ROI_SIZE>1336</ROI_SIZE>
		<MAX_VALUE>[0.1458442509174347, 0.12831157445907593, 0.10968992859125137, 0.29859817028045654, 0.18351323902606964, 0.09504945576190948]</MAX_VALUE>
		<MIN_VALUE>[0.12964700162410736, 0.10264457017183304, 0.07675928622484207, 0.24280016124248505, 0.11731565743684769, 0.039033327251672745]</MIN_VALUE>
		<SIGNATURE_THRESHOLD_MD>0.0</SIGNATURE_THRESHOLD_MD>
		<SIGNATURE_THRESHOLD_ML>0.0</SIGNATURE_THRESHOLD_ML>
		<SIGNATURE_THRESHOLD_SAM>0.0</SIGNATURE_THRESHOLD_SAM>
	</signature>
	<signature ID="20210602_100010592025_517">
		<MACROCLASSID>2</MACROCLASSID>
		<MACROCLASSINFO>vegetation</MACROCLASSINFO>
		<CLASSID>8</CLASSID>
		<CLASSINFO>C 1</CLASSINFO>
		<VALUES>[0.1393893464627092, 0.0033290625952109047, 0.11418667562581869, 0.005287992885205073, 0.09702450927760871, 0.008245671886232733, 0.22172918388137108, 0.013274283241401843, 0.1462917112752241, 0.015388841526232992, 0.08036078267075394, 0.014850418531187508]</VALUES>
		<LCS_MIN>[0.12964700162410736, 0.10264457017183304, 0.07858876138925552, 0.20095166563987732, 0.1147696003317833, 0.048775263130664825]</LCS_MIN>
		<LCS_MAX>[0.15304303169250488, 0.1322603076696396, 0.12249629199504852, 0.26790928840637207, 0.18096716701984406, 0.11696882545948029]</LCS_MAX>
		<WAVELENGTH>[0.485, 0.56, 0.66, 0.835, 1.65, 2.22]</WAVELENGTH>
		<MEAN_VALUE>[0.1393893464627092, 0.11418667562581869, 0.09702450927760871, 0.22172918388137108, 0.1462917112752241, 0.08036078267075394]</MEAN_VALUE>
		<CHECKBOX>2</CHECKBOX>
		<SD>[0.0033290625952109047, 0.005287992885205073, 0.008245671886232733, 0.013274283241401843, 0.015388841526232992, 0.014850418531187508]</SD>
		<WAVELENGTH_UNIT>E-6m</WAVELENGTH_UNIT>
		<COLOR>#8d54dc</COLOR>
		<COVARIANCE_MATRIX>[[1.109910044760909e-05, 1.2610377780220006e-05, 2.023130946327001e-05, -9.966132893168833e-06, 1.4111941709415987e-05, 1.8486362023395486e-05], [1.2610377780220006e-05, 2.800435686367564e-05, 3.88863445550669e-05, -9.042725650942884e-06, 1.7829795979196206e-05, 1.9753431843128055e-05], [2.023130946327001e-05, 3.88863445550669e-05, 6.809198384871706e-05, -3.1966792448656633e-05, 3.3084019378293306e-05, 4.3423729948699474e-05], [-9.966132893168833e-06, -9.042725650942884e-06, -3.1966792448656633e-05, 0.00017646803462412208, 4.534929394139908e-05, -2.154972571588587e-05], [1.4111941709415987e-05, 1.7829795979196206e-05, 3.3084019378293306e-05, 4.534929394139908e-05, 0.00023716779833193868, 0.00020288133237045258], [1.8486362023395486e-05, 1.9753431843128055e-05, 4.3423729948699474e-05, -2.154972571588587e-05, 0.00020288133237045258, 0.00022086212993599474]]</COVARIANCE_MATRIX>
		<ROI_SIZE>675</ROI_SIZE>
		<MAX_VALUE>[0.15304303169250488, 0.1322603076696396, 0.12249629199504852, 0.26790928840637207, 0.18096716701984406, 0.11696882545948029]</MAX_VALUE>
		<MIN_VALUE>[0.12964700162410736, 0.10264457017183304, 0.07858876138925552, 0.20095166563987732, 0.1147696003317833, 0.048775263130664825]</MIN_VALUE>
		<SIGNATURE_THRESHOLD_MD>0.0</SIGNATURE_THRESHOLD_MD>
		<SIGNATURE_THRESHOLD_ML>0.0</SIGNATURE_THRESHOLD_ML>
		<SIGNATURE_THRESHOLD_SAM>0.0</SIGNATURE_THRESHOLD_SAM>
	</signature>
	<signature ID="20210602_100015814203_227">
		<MACROCLASSID>3</MACROCLASSID>
		<MACROCLASSINFO>bareland</MACROCLASSINFO>
		<CLASSID>9</CLASSID>
		<CLASSINFO>C 1</CLASSINFO>
		<VALUES>[0.14972050602619472, 0.006254783459201018, 0.13461439922834056, 0.008778944270506687, 0.14072073231904939, 0.011642524336394485, 0.24183443035834867, 0.012192253033051667, 0.246283413316959, 0.014884124306842871, 0.16218139938054943, 0.014914692430353987]</VALUES>
		<LCS_MIN>[0.14044515788555145, 0.12238841503858566, 0.11517836898565292, 0.21211126446723938, 0.21661201119422913, 0.1291462481021881]</LCS_MIN>
		<LCS_MAX>[0.16744056344032288, 0.16187605261802673, 0.17372173070907593, 0.270699143409729, 0.2751714289188385, 0.19733981788158417]</LCS_MAX>
		<WAVELENGTH>[0.485, 0.56, 0.66, 0.835, 1.65, 2.22]</WAVELENGTH>
		<MEAN_VALUE>[0.14972050602619472, 0.13461439922834056, 0.14072073231904939, 0.24183443035834867, 0.246283413316959, 0.16218139938054943]</MEAN_VALUE>
		<CHECKBOX>2</CHECKBOX>
		<SD>[0.006254783459201018, 0.008778944270506687, 0.011642524336394485, 0.012192253033051667, 0.014884124306842871, 0.014914692430353987]</SD>
		<WAVELENGTH_UNIT>E-6m</WAVELENGTH_UNIT>
		<COLOR>#2242a3</COLOR>
		<COVARIANCE_MATRIX>[[3.9630398532608524e-05, 5.134689126862213e-05, 6.146553641883656e-05, 1.8985341739607975e-05, 2.4943072276073508e-05, 4.219360926072113e-05], [5.134689126862213e-05, 7.807077054167166e-05, 9.276869968743995e-05, 3.885816840920597e-05, 4.7147848817985505e-05, 6.64169856463559e-05], [6.146553641883656e-05, 9.276869968743995e-05, 0.00013730874343309551, 7.258119876496494e-05, 9.472980309510604e-05, 0.00012705558037851006], [1.8985341739607975e-05, 3.885816840920597e-05, 7.258119876496494e-05, 0.00015058155986480415, 0.0001001515774987638, 8.093971700873226e-05], [2.4943072276073508e-05, 4.7147848817985505e-05, 9.472980309510604e-05, 0.0001001515774987638, 0.00022441426699515432, 0.00017718685558065772], [4.219360926072113e-05, 6.64169856463559e-05, 0.00012705558037851006, 8.093971700873226e-05, 0.00017718685558065772, 0.00022533698938786983]]</COVARIANCE_MATRIX>
		<ROI_SIZE>78</ROI_SIZE>
		<MAX_VALUE>[0.16744056344032288, 0.16187605261802673, 0.17372173070907593, 0.270699143409729, 0.2751714289188385, 0.19733981788158417]</MAX_VALUE>
		<MIN_VALUE>[0.14044515788555145, 0.12238841503858566, 0.11517836898565292, 0.21211126446723938, 0.21661201119422913, 0.1291462481021881]</MIN_VALUE>
		<SIGNATURE_THRESHOLD_MD>0.0</SIGNATURE_THRESHOLD_MD>
		<SIGNATURE_THRESHOLD_ML>0.0</SIGNATURE_THRESHOLD_ML>
		<SIGNATURE_THRESHOLD_SAM>0.0</SIGNATURE_THRESHOLD_SAM>
	</signature>
	<signature ID="20210602_100020550361_899">
		<MACROCLASSID>3</MACROCLASSID>
		<MACROCLASSINFO>bareland</MACROCLASSINFO>
		<CLASSID>10</CLASSID>
		<CLASSINFO>C 1</CLASSINFO>
		<VALUES>[0.14562309318679875, 0.003950995070909168, 0.1297923508968394, 0.005333632834130798, 0.13213207572698596, 0.008548056964229665, 0.2096523646959815, 0.010060238948353763, 0.21016056374725653, 0.017643309185938427, 0.13789747447028003, 0.016685503935295127]</VALUES>
		<LCS_MIN>[0.1386454850435257, 0.11843964457511902, 0.10420149564743042, 0.18979206681251526, 0.17587505280971527, 0.10479139536619186]</LCS_MIN>
		<LCS_MAX>[0.16204148530960083, 0.14410662651062012, 0.15359745919704437, 0.22885066270828247, 0.24207264184951782, 0.17054948210716248]</LCS_MAX>
		<WAVELENGTH>[0.485, 0.56, 0.66, 0.835, 1.65, 2.22]</WAVELENGTH>
		<MEAN_VALUE>[0.14562309318679875, 0.1297923508968394, 0.13213207572698596, 0.2096523646959815, 0.21016056374725653, 0.13789747447028003]</MEAN_VALUE>
		<CHECKBOX>2</CHECKBOX>
		<SD>[0.003950995070909168, 0.005333632834130798, 0.008548056964229665, 0.010060238948353763, 0.017643309185938427, 0.016685503935295127]</SD>
		<WAVELENGTH_UNIT>E-6m</WAVELENGTH_UNIT>
		<COLOR>#f1cf9c</COLOR>
		<COVARIANCE_MATRIX>[[1.567678918945603e-05, 1.620524562895298e-05, 1.785997665137984e-05, 1.2850278835685458e-05, 3.9877609196992125e-06, 1.0355440281273331e-05], [1.620524562895298e-05, 2.856869286915753e-05, 3.616319736465812e-05, 2.2806809283792973e-05, 2.621474959596526e-05, 2.909702197939623e-05], [1.785997665137984e-05, 3.616319736465812e-05, 7.338020805036649e-05, 2.2034902940504253e-05, 8.924739813664928e-05, 8.72103264555335e-05], [1.2850278835685458e-05, 2.2806809283792973e-05, 2.2034902940504253e-05, 0.00010163908154936507, 5.277414311422035e-05, 1.5884972526691854e-05], [3.9877609196992125e-06, 2.621474959596526e-05, 8.924739813664928e-05, 5.277414311422035e-05, 0.00031261099502444267, 0.00026570804766379297], [1.0355440281273331e-05, 2.909702197939623e-05, 8.72103264555335e-05, 1.5884972526691854e-05, 0.00026570804766379297, 0.0002795907494146377]]</COVARIANCE_MATRIX>
		<ROI_SIZE>236</ROI_SIZE>
		<MAX_VALUE>[0.16204148530960083, 0.14410662651062012, 0.15359745919704437, 0.22885066270828247, 0.24207264184951782, 0.17054948210716248]</MAX_VALUE>
		<MIN_VALUE>[0.1386454850435257, 0.11843964457511902, 0.10420149564743042, 0.18979206681251526, 0.17587505280971527, 0.10479139536619186]</MIN_VALUE>
		<SIGNATURE_THRESHOLD_MD>0.0</SIGNATURE_THRESHOLD_MD>
		<SIGNATURE_THRESHOLD_ML>0.0</SIGNATURE_THRESHOLD_ML>
		<SIGNATURE_THRESHOLD_SAM>0.0</SIGNATURE_THRESHOLD_SAM>
	</signature>
	<signature ID="20210602_100033664065_129">
		<MACROCLASSID>2</MACROCLASSID>
		<MACROCLASSINFO>vegetation</MACROCLASSINFO>
		<CLASSID>11</CLASSID>
		<CLASSINFO>C 1</CLASSINFO>
		<VALUES>[0.1372230442128407, 0.002245795666719718, 0.11880198891045216, 0.0028147223144651384, 0.09323654998987181, 0.0052665724956536255, 0.32852019391479925, 0.018266879373036005, 0.19342542453068876, 0.008328636038631643, 0.08896869496969581, 0.009082566085667765]</VALUES>
		<LCS_MIN>[0.12964700162410736, 0.11054211109876633, 0.08041824400424957, 0.2958082854747772, 0.16314473748207092, 0.06825913488864899]</LCS_MIN>
		<LCS_MAX>[0.1458442509174347, 0.12831157445907593, 0.11334890127182007, 0.3627658486366272, 0.2242501974105835, 0.12427528202533722]</LCS_MAX>
		<WAVELENGTH>[0.485, 0.56, 0.66, 0.835, 1.65, 2.22]</WAVELENGTH>
		<MEAN_VALUE>[0.1372230442128407, 0.11880198891045216, 0.09323654998987181, 0.32852019391479925, 0.19342542453068876, 0.08896869496969581]</MEAN_VALUE>
		<CHECKBOX>2</CHECKBOX>
		<SD>[0.002245795666719718, 0.0028147223144651384, 0.0052665724956536255, 0.018266879373036005, 0.008328636038631643, 0.009082566085667765]</SD>
		<WAVELENGTH_UNIT>E-6m</WAVELENGTH_UNIT>
		<COLOR>#a046a2</COLOR>
		<COVARIANCE_MATRIX>[[5.047715603723191e-06, 2.3171342036221176e-06, 5.322622200765181e-06, -1.3326476619113237e-05, 3.861927325488068e-06, 8.017217624001205e-06], [2.3171342036221176e-06, 7.92912942415569e-06, 1.038377740769647e-05, -2.6206907932646573e-05, 6.368955837388057e-06, 1.3294341442815494e-05], [5.322622200765181e-06, 1.038377740769647e-05, 2.7759428121498786e-05, -6.623118679272011e-05, 1.4969578842283227e-05, 3.270633897045627e-05], [-1.3326476619113237e-05, -2.6206907932646573e-05, -6.623118679272011e-05, 0.00033395126229152083, 2.464389763190411e-05, -6.89981461619027e-05], [3.861927325488068e-06, 6.368955837388057e-06, 1.4969578842283227e-05, 2.464389763190411e-05, 6.94228001520969e-05, 5.319062256603502e-05], [8.017217624001205e-06, 1.3294341442815494e-05, 3.270633897045627e-05, -6.89981461619027e-05, 5.319062256603502e-05, 8.256034925580025e-05]]</COVARIANCE_MATRIX>
		<ROI_SIZE>1226</ROI_SIZE>
		<MAX_VALUE>[0.1458442509174347, 0.12831157445907593, 0.11334890127182007, 0.3627658486366272, 0.2242501974105835, 0.12427528202533722]</MAX_VALUE>
		<MIN_VALUE>[0.12964700162410736, 0.11054211109876633, 0.08041824400424957, 0.2958082854747772, 0.16314473748207092, 0.06825913488864899]</MIN_VALUE>
		<SIGNATURE_THRESHOLD_MD>0.0</SIGNATURE_THRESHOLD_MD>
		<SIGNATURE_THRESHOLD_ML>0.0</SIGNATURE_THRESHOLD_ML>
		<SIGNATURE_THRESHOLD_SAM>0.0</SIGNATURE_THRESHOLD_SAM>
	</signature>
	<signature ID="20210602_100105116086_229">
		<MACROCLASSID>3</MACROCLASSID>
		<MACROCLASSINFO>bareland</MACROCLASSINFO>
		<CLASSID>12</CLASSID>
		<CLASSINFO>C 1</CLASSINFO>
		<VALUES>[0.1544552792588041, 0.003988660493482318, 0.1406788751482963, 0.005361758241487122, 0.14701005583629012, 0.00949712681187228, 0.2011260270244545, 0.007715913254502973, 0.1445443584687179, 0.008520107265369111, 0.087176418513991, 0.006525334274841244]</VALUES>
		<LCS_MIN>[0.14404454827308655, 0.1263371855020523, 0.12798473238945007, 0.18421225249767303, 0.12495382875204086, 0.06095268204808235]</LCS_MIN>
		<LCS_MAX>[0.16204148530960083, 0.1500297635793686, 0.16274484992027283, 0.2176910638809204, 0.1656908243894577, 0.09992042928934097]</LCS_MAX>
		<WAVELENGTH>[0.485, 0.56, 0.66, 0.835, 1.65, 2.22]</WAVELENGTH>
		<MEAN_VALUE>[0.1544552792588041, 0.1406788751482963, 0.14701005583629012, 0.2011260270244545, 0.1445443584687179, 0.087176418513991]</MEAN_VALUE>
		<CHECKBOX>2</CHECKBOX>
		<SD>[0.003988660493482318, 0.005361758241487122, 0.00949712681187228, 0.007715913254502973, 0.008520107265369111, 0.006525334274841244]</SD>
		<WAVELENGTH_UNIT>E-6m</WAVELENGTH_UNIT>
		<COLOR>#2f9091</COLOR>
		<COVARIANCE_MATRIX>[[1.5964846170390956e-05, 1.7387101252097636e-05, 3.099488822044805e-05, 8.920069376472384e-06, 1.3443915122479666e-05, 4.880636424786644e-06], [1.7387101252097636e-05, 2.884862078644801e-05, 4.6738929086131975e-05, 1.731671545712743e-05, 2.3229253201861866e-05, 8.573027116653975e-06], [3.099488822044805e-05, 4.6738929086131975e-05, 9.050968947121873e-05, 3.0460971174761653e-05, 3.8661750295432284e-05, 1.0956806363537908e-05], [8.920069376472384e-06, 1.731671545712743e-05, 3.0460971174761653e-05, 5.9742757002823055e-05, 2.5133651433861814e-05, -3.0733287985640345e-06], [1.3443915122479666e-05, 2.3229253201861866e-05, 3.8661750295432284e-05, 2.5133651433861814e-05, 7.28451632312499e-05, 4.197006637696177e-05], [4.880636424786644e-06, 8.573027116653975e-06, 1.0956806363537908e-05, -3.0733287985640345e-06, 4.197006637696177e-05, 4.272834848961793e-05]]</COVARIANCE_MATRIX>
		<ROI_SIZE>288</ROI_SIZE>
		<MAX_VALUE>[0.16204148530960083, 0.1500297635793686, 0.16274484992027283, 0.2176910638809204, 0.1656908243894577, 0.09992042928934097]</MAX_VALUE>
		<MIN_VALUE>[0.14404454827308655, 0.1263371855020523, 0.12798473238945007, 0.18421225249767303, 0.12495382875204086, 0.06095268204808235]</MIN_VALUE>
		<SIGNATURE_THRESHOLD_MD>0.0</SIGNATURE_THRESHOLD_MD>
		<SIGNATURE_THRESHOLD_ML>0.0</SIGNATURE_THRESHOLD_ML>
		<SIGNATURE_THRESHOLD_SAM>0.0</SIGNATURE_THRESHOLD_SAM>
	</signature>
	<signature ID="20210602_100113088151_885">
		<MACROCLASSID>3</MACROCLASSID>
		<MACROCLASSINFO>bareland</MACROCLASSINFO>
		<CLASSID>13</CLASSID>
		<CLASSINFO>C 1</CLASSINFO>
		<VALUES>[0.14655231859514606, 0.002303013241276576, 0.12493461671748456, 0.002649922300967148, 0.12099671587755124, 0.0051373914491973805, 0.19380158723377794, 0.011661015416802126, 0.1515413884256708, 0.014681784311872515, 0.0973917828475843, 0.012064753573757839]</VALUES>
		<LCS_MIN>[0.14044515788555145, 0.11843964457511902, 0.10786044597625732, 0.1618930548429489, 0.12495382875204086, 0.07069461792707443]</LCS_MIN>
		<LCS_MAX>[0.15304303169250488, 0.1322603076696396, 0.13164371252059937, 0.2176910638809204, 0.18096716701984406, 0.12427528202533722]</LCS_MAX>
		<WAVELENGTH>[0.485, 0.56, 0.66, 0.835, 1.65, 2.22]</WAVELENGTH>
		<MEAN_VALUE>[0.14655231859514606, 0.12493461671748456, 0.12099671587755124, 0.19380158723377794, 0.1515413884256708, 0.0973917828475843]</MEAN_VALUE>
		<CHECKBOX>2</CHECKBOX>
		<SD>[0.002303013241276576, 0.002649922300967148, 0.0051373914491973805, 0.011661015416802126, 0.014681784311872515, 0.012064753573757839]</SD>
		<WAVELENGTH_UNIT>E-6m</WAVELENGTH_UNIT>
		<COLOR>#154996</COLOR>
		<COVARIANCE_MATRIX>[[5.333012268238235e-06, 2.5409426598344e-06, 6.133036094979616e-06, -3.902983735315502e-06, 1.186601593872183e-06, 2.763639031400089e-06], [2.5409426598344e-06, 7.060671123326756e-06, 9.138263521890622e-06, -5.196432084630942e-07, 5.8152195379079785e-06, 7.160760105762165e-06], [6.133036094979616e-06, 9.138263521890622e-06, 2.653780575201381e-05, -1.4819360330875497e-05, 1.0349728654546198e-05, 1.6066418538684957e-05], [-3.902983735315502e-06, -5.196432084630942e-07, -1.4819360330875497e-05, 0.00013672641944140196, 5.7629658840596676e-05, 1.0455715710122604e-05], [1.186601593872183e-06, 5.8152195379079785e-06, 1.0349728654546198e-05, 5.7629658840596676e-05, 0.0002167391503462568, 0.00016071551362983882], [2.763639031400089e-06, 7.160760105762165e-06, 1.6066418538684957e-05, 1.0455715710122604e-05, 0.00016071551362983882, 0.00014635805564466864]]</COVARIANCE_MATRIX>
		<ROI_SIZE>183</ROI_SIZE>
		<MAX_VALUE>[0.15304303169250488, 0.1322603076696396, 0.13164371252059937, 0.2176910638809204, 0.18096716701984406, 0.12427528202533722]</MAX_VALUE>
		<MIN_VALUE>[0.14044515788555145, 0.11843964457511902, 0.10786044597625732, 0.1618930548429489, 0.12495382875204086, 0.07069461792707443]</MIN_VALUE>
		<SIGNATURE_THRESHOLD_MD>0.0</SIGNATURE_THRESHOLD_MD>
		<SIGNATURE_THRESHOLD_ML>0.0</SIGNATURE_THRESHOLD_ML>
		<SIGNATURE_THRESHOLD_SAM>0.0</SIGNATURE_THRESHOLD_SAM>
	</signature>
	<signature ID="20210602_100116845059_329">
		<MACROCLASSID>3</MACROCLASSID>
		<MACROCLASSINFO>bareland</MACROCLASSINFO>
		<CLASSID>14</CLASSID>
		<CLASSINFO>C 1</CLASSINFO>
		<VALUES>[0.15205506051860157, 0.0028268289932027275, 0.13274659247355927, 0.003535406994074795, 0.1341789117641194, 0.00656523529273777, 0.20475983296905145, 0.00849991481738001, 0.1854171124162587, 0.00938362925340303, 0.13765960056279458, 0.011947780190178007]</VALUES>
		<LCS_MIN>[0.1422448456287384, 0.12238841503858566, 0.11151941865682602, 0.18142235279083252, 0.16059868037700653, 0.1120978593826294]</LCS_MIN>
		<LCS_MAX>[0.15844209492206573, 0.14015784859657288, 0.14627952873706818, 0.22048094868659973, 0.21406596899032593, 0.16811399161815643]</LCS_MAX>
		<WAVELENGTH>[0.485, 0.56, 0.66, 0.835, 1.65, 2.22]</WAVELENGTH>
		<MEAN_VALUE>[0.15205506051860157, 0.13274659247355927, 0.1341789117641194, 0.20475983296905145, 0.1854171124162587, 0.13765960056279458]</MEAN_VALUE>
		<CHECKBOX>2</CHECKBOX>
		<SD>[0.0028268289932027275, 0.003535406994074795, 0.00656523529273777, 0.00849991481738001, 0.00938362925340303, 0.011947780190178007]</SD>
		<WAVELENGTH_UNIT>E-6m</WAVELENGTH_UNIT>
		<COLOR>#187cff</COLOR>
		<COVARIANCE_MATRIX>[[8.014744707907084e-06, 5.970392521703616e-06, 1.2664040696108714e-05, -3.7579209219984477e-06, 7.736952284176368e-06, 1.606723526492715e-05], [5.970392521703616e-06, 1.2536302165244706e-05, 1.8361248294240795e-05, -3.185221885360079e-06, 1.1668574188661296e-05, 2.1064228349132463e-05], [1.2664040696108714e-05, 1.8361248294240795e-05, 4.323059692978859e-05, -1.850905937317293e-05, 1.880916897789575e-05, 4.71237362944521e-05], [-3.7579209219984477e-06, -3.185221885360079e-06, -1.850905937317293e-05, 7.246357563417405e-05, 3.293761983513832e-05, -1.7309495888184756e-05], [7.736952284176368e-06, 1.1668574188661296e-05, 1.880916897789575e-05, 3.293761983513832e-05, 8.831456216285005e-05, 7.97464235802181e-05], [1.606723526492715e-05, 2.1064228349132463e-05, 4.71237362944521e-05, -1.7309495888184756e-05, 7.97464235802181e-05, 0.00014317430031951517]]</COVARIANCE_MATRIX>
		<ROI_SIZE>337</ROI_SIZE>
		<MAX_VALUE>[0.15844209492206573, 0.14015784859657288, 0.14627952873706818, 0.22048094868659973, 0.21406596899032593, 0.16811399161815643]</MAX_VALUE>
		<MIN_VALUE>[0.1422448456287384, 0.12238841503858566, 0.11151941865682602, 0.18142235279083252, 0.16059868037700653, 0.1120978593826294]</MIN_VALUE>
		<SIGNATURE_THRESHOLD_MD>0.0</SIGNATURE_THRESHOLD_MD>
		<SIGNATURE_THRESHOLD_ML>0.0</SIGNATURE_THRESHOLD_ML>
		<SIGNATURE_THRESHOLD_SAM>0.0</SIGNATURE_THRESHOLD_SAM>
	</signature>
	<signature ID="20210602_100125400375_798">
		<MACROCLASSID>3</MACROCLASSID>
		<MACROCLASSINFO>bareland</MACROCLASSINFO>
		<CLASSID>15</CLASSID>
		<CLASSINFO>C 1</CLASSINFO>
		<VALUES>[0.14737848285585653, 0.0026758900169741432, 0.1304192167706787, 0.0026547413399210127, 0.12962669668719168, 0.004389612326137067, 0.22060650747269386, 0.009231144934545842, 0.22565690238028757, 0.012096398786604106, 0.13831584326922888, 0.010505033595146566]</VALUES>
		<LCS_MIN>[0.1386454850435257, 0.12238841503858566, 0.11883732676506042, 0.20374155044555664, 0.20642778277397156, 0.11940431594848633]</LCS_MIN>
		<LCS_MAX>[0.15484270453453064, 0.13818347454071045, 0.14079110324382782, 0.24280016124248505, 0.2598950266838074, 0.17298497259616852]</LCS_MAX>
		<WAVELENGTH>[0.485, 0.56, 0.66, 0.835, 1.65, 2.22]</WAVELENGTH>
		<MEAN_VALUE>[0.14737848285585653, 0.1304192167706787, 0.12962669668719168, 0.22060650747269386, 0.22565690238028757, 0.13831584326922888]</MEAN_VALUE>
		<CHECKBOX>2</CHECKBOX>
		<SD>[0.0026758900169741432, 0.0026547413399210127, 0.004389612326137067, 0.009231144934545842, 0.012096398786604106, 0.010505033595146566]</SD>
		<WAVELENGTH_UNIT>E-6m</WAVELENGTH_UNIT>
		<COLOR>#23177b</COLOR>
		<COVARIANCE_MATRIX>[[7.1783333623898216e-06, 3.3750095553841675e-06, 7.335552709264448e-06, -1.0335708793718368e-05, 2.2577389700018102e-06, 4.505454398895381e-06], [3.3750095553841675e-06, 7.065315003274009e-06, 7.348802228079876e-06, -3.882252258335939e-06, 7.371279025392141e-06, 7.958156857057475e-06], [7.335552709264448e-06, 7.348802228079876e-06, 1.9316988982609473e-05, -1.489206806581933e-05, 9.49866898736218e-06, 1.2511230124800932e-05], [-1.0335708793718368e-05, -3.882252258335939e-06, -1.489206806581933e-05, 8.542760770069435e-05, 3.7831588997505605e-05, 1.8174341676058248e-05], [2.2577389700018102e-06, 7.371279025392141e-06, 9.49866898736218e-06, 3.7831588997505605e-05, 0.00014668959192931652, 0.00011708545207511634], [4.505454398895381e-06, 7.958156857057475e-06, 1.2511230124800932e-05, 1.8174341676058248e-05, 0.00011708545207511634, 0.00011063231067964807]]</COVARIANCE_MATRIX>
		<ROI_SIZE>400</ROI_SIZE>
		<MAX_VALUE>[0.15484270453453064, 0.13818347454071045, 0.14079110324382782, 0.24280016124248505, 0.2598950266838074, 0.17298497259616852]</MAX_VALUE>
		<MIN_VALUE>[0.1386454850435257, 0.12238841503858566, 0.11883732676506042, 0.20374155044555664, 0.20642778277397156, 0.11940431594848633]</MIN_VALUE>
		<SIGNATURE_THRESHOLD_MD>0.0</SIGNATURE_THRESHOLD_MD>
		<SIGNATURE_THRESHOLD_ML>0.0</SIGNATURE_THRESHOLD_ML>
		<SIGNATURE_THRESHOLD_SAM>0.0</SIGNATURE_THRESHOLD_SAM>
	</signature>
	<signature ID="20210602_100136775307_649">
		<MACROCLASSID>3</MACROCLASSID>
		<MACROCLASSINFO>bareland</MACROCLASSINFO>
		<CLASSID>16</CLASSID>
		<CLASSINFO>C 1</CLASSINFO>
		<VALUES>[0.15814177925860762, 0.0031652559899917926, 0.14456544628617793, 0.0035600900607225578, 0.14893216614891183, 0.0062262723931816154, 0.23448219536187756, 0.007661351338787188, 0.26560715818950376, 0.01402242599378208, 0.17208181340040182, 0.013013839241909964]</VALUES>
		<LCS_MIN>[0.14764392375946045, 0.1342346966266632, 0.12981422245502472, 0.21211126446723938, 0.24207264184951782, 0.14619463682174683]</LCS_MIN>
