<?xml version="1.0" ?>
<signaturelist MCID_LIST="[['1', 'waterbody', '#7fb56b'], ['2', 'vegetation', '#930cd5'], ['3', 'bare land', '#05e8c8'], ['4', 'built-up', '#33fd8d']]">
	<signature ID="20200601_221713508077_884">
		<MACROCLASSID>1</MACROCLASSID>
		<MACROCLASSINFO>waterbody</MACROCLASSINFO>
		<CLASSID>1</CLASSID>
		<CLASSINFO>C 1</CLASSINFO>
		<VALUES>[0.11903349762390773, 0.0029523452492128547, 0.09014908060837817, 0.0032025660844026424, 0.06580921502097259, 0.0032549421305119257, 0.04749553767826524, 0.0043251889940618795, 0.01479042453926268, 0.0037199361436972694, 0.008806669877587617, 0.003256926892558062]</VALUES>
		<LCS_MIN>[0.10945922136306763, 0.08010095357894897, 0.05864386633038521, 0.039336226880550385, 0.006035501603037119, -0.0008540609269402921]</LCS_MIN>
		<LCS_MAX>[0.13626998662948608, 0.12174492329359055, 0.10990747809410095, 0.10662531852722168, 0.07205063104629517, 0.055435601621866226]</LCS_MAX>
		<WAVELENGTH>[1.0, 2.0, 3.0, 4.0, 5.0, 6.0]</WAVELENGTH>
		<MEAN_VALUE>[0.11903349762390773, 0.09014908060837817, 0.06580921502097259, 0.04749553767826524, 0.01479042453926268, 0.008806669877587617]</MEAN_VALUE>
		<CHECKBOX>2</CHECKBOX>
		<SD>[0.0029523452492128547, 0.0032025660844026424, 0.0032549421305119257, 0.0043251889940618795, 0.0037199361436972694, 0.003256926892558062]</SD>
		<WAVELENGTH_UNIT>band number</WAVELENGTH_UNIT>
		<COLOR>#cccf34</COLOR>
		<COVARIANCE_MATRIX>[[7.457811079802923e-06, 5.739578682550928e-06, 5.804277407150948e-06, 7.094561624398921e-06, 4.082705800101394e-06, 2.7755313567467965e-06], [5.739578682550928e-06, 9.739618690218776e-06, 7.168843694671523e-06, 9.547966328682378e-06, 6.4925829974527005e-06, 4.570344572130125e-06], [5.804277407150948e-06, 7.168843694671523e-06, 1.0522619049879722e-05, 1.1407199963286985e-05, 8.364541827177163e-06, 5.969585799903143e-06], [7.094561624398921e-06, 9.547966328682378e-06, 1.1407199963286985e-05, 2.078130273730494e-05, 1.4073681995796505e-05, 1.0068531082652044e-05], [4.082705800101394e-06, 6.4925829974527005e-06, 8.364541827177163e-06, 1.4073681995796505e-05, 1.6113048332044855e-05, 9.719748049974442e-06], [2.7755313567467965e-06, 4.570344572130125e-06, 5.969585799903143e-06, 1.0068531082652044e-05, 9.719748049974442e-06, 1.1803635061369278e-05]]</COVARIANCE_MATRIX>
		<ROI_SIZE>7234</ROI_SIZE>
		<MAX_VALUE>[0.13626998662948608, 0.12174492329359055, 0.10990747809410095, 0.10662531852722168, 0.07205063104629517, 0.055435601621866226]</MAX_VALUE>
		<MIN_VALUE>[0.10945922136306763, 0.08010095357894897, 0.05864386633038521, 0.039336226880550385, 0.006035501603037119, -0.0008540609269402921]</MIN_VALUE>
		<SIGNATURE_THRESHOLD_MD>0.0</SIGNATURE_THRESHOLD_MD>
		<SIGNATURE_THRESHOLD_ML>0.0</SIGNATURE_THRESHOLD_ML>
		<SIGNATURE_THRESHOLD_SAM>0.0</SIGNATURE_THRESHOLD_SAM>
	</signature>
	<signature ID="20200601_221736258166_998">
		<MACROCLASSID>1</MACROCLASSID>
		<MACROCLASSINFO>waterbody</MACROCLASSINFO>
		<CLASSID>2</CLASSID>
		<CLASSINFO>C 1</CLASSINFO>
		<VALUES>[0.14258431777380992, 0.005813191522525263, 0.1479051216359133, 0.00960762288230755, 0.12944489785760302, 0.010622848867739104, 0.06332723009719332, 0.005329559210928611, 0.009086754465402259, 0.004330192426295213, 0.0063693674110885815, 0.003579397732120478]</VALUES>
		<LCS_MIN>[0.10945922136306763, 0.08842974156141281, 0.06633340567350388, 0.03613198548555374, -0.0001534158072900027, -0.003816674929112196]</LCS_MIN>
		<LCS_MAX>[0.1707409769296646, 0.1800464540719986, 0.1611711084842682, 0.10662531852722168, 0.05348387360572815, 0.040622528642416]</LCS_MAX>
		<WAVELENGTH>[1.0, 2.0, 3.0, 4.0, 5.0, 6.0]</WAVELENGTH>
		<MEAN_VALUE>[0.14258431777380992, 0.1479051216359133, 0.12944489785760302, 0.06332723009719332, 0.009086754465402259, 0.0063693674110885815]</MEAN_VALUE>
		<CHECKBOX>2</CHECKBOX>
		<SD>[0.005813191522525263, 0.00960762288230755, 0.010622848867739104, 0.005329559210928611, 0.004330192426295213, 0.003579397732120478]</SD>
		<WAVELENGTH_UNIT>band number</WAVELENGTH_UNIT>
		<COLOR>#61e308</COLOR>
		<COVARIANCE_MATRIX>[[2.795687032630667e-05, 4.064354652655311e-05, 4.38510651292745e-05, 2.1723541067331098e-05, 7.070192623359617e-06, 5.749137926613912e-06], [4.064354652655311e-05, 7.167829608079046e-05, 7.544385152868927e-05, 3.219291102141142e-05, 3.6825231291004457e-06, 3.5136481528752483e-06], [4.38510651292745e-05, 7.544385152868927e-05, 8.736310701351613e-05, 3.502442632452585e-05, 1.4324563153422787e-06, 2.1129599190317094e-06], [2.1723541067331098e-05, 3.219291102141142e-05, 3.502442632452585e-05, 2.6764904760057107e-05, 1.1146539691253565e-05, 8.897565749066416e-06], [7.070192623359617e-06, 3.6825231291004457e-06, 1.4324563153422787e-06, 1.1146539691253565e-05, 1.9220733520342037e-05, 1.2283397154533304e-05], [5.749137926613912e-06, 3.5136481528752483e-06, 2.1129599190317094e-06, 8.897565749066416e-06, 1.2283397154533304e-05, 1.4327856661111582e-05]]</COVARIANCE_MATRIX>
		<ROI_SIZE>9937</ROI_SIZE>
		<MAX_VALUE>[0.1707409769296646, 0.1800464540719986, 0.1611711084842682, 0.10662531852722168, 0.05348387360572815, 0.040622528642416]</MAX_VALUE>
		<MIN_VALUE>[0.10945922136306763, 0.08842974156141281, 0.06633340567350388, 0.03613198548555374, -0.0001534158072900027, -0.003816674929112196]</MIN_VALUE>
		<SIGNATURE_THRESHOLD_MD>0.0</SIGNATURE_THRESHOLD_MD>
		<SIGNATURE_THRESHOLD_ML>0.0</SIGNATURE_THRESHOLD_ML>
		<SIGNATURE_THRESHOLD_SAM>0.0</SIGNATURE_THRESHOLD_SAM>
	</signature>
	<signature ID="20200601_221746562444_162">
		<MACROCLASSID>1</MACROCLASSID>
		<MACROCLASSINFO>waterbody</MACROCLASSINFO>
		<CLASSID>3</CLASSID>
		<CLASSINFO>C 1</CLASSINFO>
		<VALUES>[0.14139640327333983, 0.002830360633065483, 0.14562903720848672, 0.003837561833359082, 0.13644952584463882, 0.003935457157718246, 0.07981966440212399, 0.0025439065204800005, 0.00832077179178244, 0.002596342139589501, 0.006123725178648834, 0.002641653311668408]</VALUES>
		<LCS_MIN>[0.13371658325195312, 0.13562624156475067, 0.12528657913208008, 0.07137864828109741, -0.0001534158072900027, -0.003816674929112196]</LCS_MIN>
		<LCS_MAX>[0.15159043669700623, 0.15783634781837463, 0.14835521578788757, 0.08739986270666122, 0.01841333881020546, 0.016921620815992355]</LCS_MAX>
		<WAVELENGTH>[1.0, 2.0, 3.0, 4.0, 5.0, 6.0]</WAVELENGTH>
		<MEAN_VALUE>[0.14139640327333983, 0.14562903720848672, 0.13644952584463882, 0.07981966440212399, 0.00832077179178244, 0.006123725178648834]</MEAN_VALUE>
		<CHECKBOX>2</CHECKBOX>
		<SD>[0.002830360633065483, 0.003837561833359082, 0.003935457157718246, 0.0025439065204800005, 0.002596342139589501, 0.002641653311668408]</SD>
		<WAVELENGTH_UNIT>band number</WAVELENGTH_UNIT>
		<COLOR>#6c38d8</COLOR>
		<COVARIANCE_MATRIX>[[7.404895313811721e-06, 7.423462193401065e-06, 7.324302714550868e-06, 2.1026719423389295e-06, 3.0263113330875058e-06, 2.3542552298749797e-06], [7.423462193401065e-06, 1.3413376109383535e-05, 1.0552479579928331e-05, 2.393277554801898e-06, 3.51430571754463e-06, 2.7572200451686513e-06], [7.324302714550868e-06, 1.0552479579928331e-05, 1.4377071238413919e-05, 3.870178716169903e-06, 2.996875537064625e-06, 2.3910663458082126e-06], [2.1026719423389295e-06, 2.393277554801898e-06, 3.870178716169903e-06, 6.332183147605974e-06, 1.5215516668831697e-06, 1.2672289813053794e-06], [3.0263113330875058e-06, 3.51430571754463e-06, 2.996875537064625e-06, 1.5215516668831697e-06, 6.729340384481475e-06, 3.103490826106281e-06], [2.3542552298749797e-06, 2.7572200451686513e-06, 2.3910663458082126e-06, 1.2672289813053794e-06, 3.103490826106281e-06, 7.135358373488998e-06]]</COVARIANCE_MATRIX>
		<ROI_SIZE>10201</ROI_SIZE>
		<MAX_VALUE>[0.15159043669700623, 0.15783634781837463, 0.14835521578788757, 0.08739986270666122, 0.01841333881020546, 0.016921620815992355]</MAX_VALUE>
		<MIN_VALUE>[0.13371658325195312, 0.13562624156475067, 0.12528657913208008, 0.07137864828109741, -0.0001534158072900027, -0.003816674929112196]</MIN_VALUE>
		<SIGNATURE_THRESHOLD_MD>0.0</SIGNATURE_THRESHOLD_MD>
		<SIGNATURE_THRESHOLD_ML>0.0</SIGNATURE_THRESHOLD_ML>
		<SIGNATURE_THRESHOLD_SAM>0.0</SIGNATURE_THRESHOLD_SAM>
	</signature>
	<signature ID="20200601_221803260085_541">
		<MACROCLASSID>1</MACROCLASSID>
		<MACROCLASSINFO>waterbody</MACROCLASSINFO>
		<CLASSID>4</CLASSID>
		<CLASSINFO>C 1</CLASSINFO>
		<VALUES>[0.14464485585628906, 0.003660829221084517, 0.15317990299677697, 0.005217905631195654, 0.14053125465667324, 0.005750345316939473, 0.07285507864326304, 0.0067315819594325095, 0.005833816950769522, 0.004708526158408188, 0.003342974814941269, 0.003635281526465145]</VALUES>
		<LCS_MIN>[0.12605637311935425, 0.12174492329359055, 0.10990747809410095, 0.05856167897582054, -0.002216388238593936, -0.003816674929112196]</LCS_MIN>
		<LCS_MAX>[0.154143825173378, 0.16338887810707092, 0.15348157286643982, 0.1386677473783493, 0.06792467832565308, 0.06136081740260124]</LCS_MAX>
		<WAVELENGTH>[1.0, 2.0, 3.0, 4.0, 5.0, 6.0]</WAVELENGTH>
		<MEAN_VALUE>[0.14464485585628906, 0.15317990299677697, 0.14053125465667324, 0.07285507864326304, 0.005833816950769522, 0.003342974814941269]</MEAN_VALUE>
		<CHECKBOX>2</CHECKBOX>
		<SD>[0.003660829221084517, 0.005217905631195654, 0.005750345316939473, 0.0067315819594325095, 0.004708526158408188, 0.003635281526465145]</SD>
		<WAVELENGTH_UNIT>band number</WAVELENGTH_UNIT>
		<COLOR>#cda429</COLOR>
		<COVARIANCE_MATRIX>[[1.1652167813736014e-05, 1.3780540029983968e-05, 1.5180570699158125e-05, -1.0504515557840932e-05, -6.7837977439921815e-06, -3.4971264994965168e-06], [1.3780540029983968e-05, 2.4521925297449343e-05, 2.294478690600954e-05, -1.4579183698515408e-05, -1.0192078661930282e-05, -5.322147899278207e-06], [1.5180570699158125e-05, 2.294478690600954e-05, 2.961745485663414e-05, -1.460587554902304e-05, -1.1245483619859442e-05, -5.856428288097959e-06], [-1.0504515557840932e-05, -1.4579183698515408e-05, -1.460587554902304e-05, 3.5064509575022385e-05, 1.6649775716359727e-05, 9.023595339385793e-06], [-6.7837977439921815e-06, -1.0192078661930282e-05, -1.1245483619859442e-05, 1.6649775716359727e-05, 1.7171547369798645e-05, 8.727056410862133e-06], [-3.4971264994965168e-06, -5.322147899278207e-06, -5.856428288097959e-06, 9.023595339385793e-06, 8.727056410862133e-06, 1.1151309081469662e-05]]</COVARIANCE_MATRIX>
		<ROI_SIZE>8870</ROI_SIZE>
		<MAX_VALUE>[0.154143825173378, 0.16338887810707092, 0.15348157286643982, 0.1386677473783493, 0.06792467832565308, 0.06136081740260124]</MAX_VALUE>
		<MIN_VALUE>[0.12605637311935425, 0.12174492329359055, 0.10990747809410095, 0.05856167897582054, -0.002216388238593936, -0.003816674929112196]</MIN_VALUE>
		<SIGNATURE_THRESHOLD_MD>0.0</SIGNATURE_THRESHOLD_MD>
		<SIGNATURE_THRESHOLD_ML>0.0</SIGNATURE_THRESHOLD_ML>
		<SIGNATURE_THRESHOLD_SAM>0.0</SIGNATURE_THRESHOLD_SAM>
	</signature>
	<signature ID="20200601_221815318911_641">
		<MACROCLASSID>1</MACROCLASSID>
		<MACROCLASSINFO>waterbody</MACROCLASSINFO>
		<CLASSID>5</CLASSID>
		<CLASSINFO>C 1</CLASSINFO>
		<VALUES>[0.16937423944586869, 0.005844766939098727, 0.18328411834130232, 0.007888584627986757, 0.17044878341094277, 0.008404357540461588, 0.08674643506220192, 0.006193238748879152, 0.023238734572370388, 0.00518723236072815, 0.01879223997963654, 0.004487259514026071]</VALUES>
		<LCS_MIN>[0.1286097764968872, 0.12174492329359055, 0.1047811210155487, 0.052153199911117554, 0.008098474703729153, 0.005071165505796671]</LCS_MIN>
		<LCS_MAX>[0.21159549057483673, 0.22724297642707825, 0.21756109595298767, 0.15148472785949707, 0.08649143576622009, 0.06728605180978775]</LCS_MAX>
		<WAVELENGTH>[1.0, 2.0, 3.0, 4.0, 5.0, 6.0]</WAVELENGTH>
		<MEAN_VALUE>[0.16937423944586869, 0.18328411834130232, 0.17044878341094277, 0.08674643506220192, 0.023238734572370388, 0.01879223997963654]</MEAN_VALUE>
		<CHECKBOX>2</CHECKBOX>
		<SD>[0.005844766939098727, 0.007888584627986757, 0.008404357540461588, 0.006193238748879152, 0.00518723236072815, 0.004487259514026071]</SD>
		<WAVELENGTH_UNIT>band number</WAVELENGTH_UNIT>
		<COLOR>#8735a2</COLOR>
		<COVARIANCE_MATRIX>[[3.015564834640827e-05, 3.493142139632255e-05, 3.7811085348948836e-05, 2.7668747861753218e-05, 1.9409497326705605e-05, 1.609927676327061e-05], [3.493142139632255e-05, 4.919118509860709e-05, 4.9643043894320726e-05, 3.3658634492894635e-05, 2.1945899788988754e-05, 1.829942448239308e-05], [3.7811085348948836e-05, 4.9643043894320726e-05, 5.678420347976498e-05, 3.664577525341883e-05, 2.38411139434902e-05, 1.9865003196173348e-05], [2.7668747861753218e-05, 3.3658634492894635e-05, 3.664577525341883e-05, 3.4856395359383896e-05, 2.487190613464918e-05, 1.9679187971632928e-05], [1.9409497326705605e-05, 2.1945899788988754e-05, 2.38411139434902e-05, 2.487190613464918e-05, 2.4702012524357997e-05, 1.6877409507287666e-05], [1.609927676327061e-05, 1.829942448239308e-05, 1.9865003196173348e-05, 1.9679187971632928e-05, 1.6877409507287666e-05, 1.8640090274857357e-05]]</COVARIANCE_MATRIX>
		<ROI_SIZE>9222</ROI_SIZE>
		<MAX_VALUE>[0.21159549057483673, 0.22724297642707825, 0.21756109595298767, 0.15148472785949707, 0.08649143576622009, 0.06728605180978775]</MAX_VALUE>
		<MIN_VALUE>[0.1286097764968872, 0.12174492329359055, 0.1047811210155487, 0.052153199911117554, 0.008098474703729153, 0.005071165505796671]</MIN_VALUE>
		<SIGNATURE_THRESHOLD_MD>0.0</SIGNATURE_THRESHOLD_MD>
		<SIGNATURE_THRESHOLD_ML>0.0</SIGNATURE_THRESHOLD_ML>
		<SIGNATURE_THRESHOLD_SAM>0.0</SIGNATURE_THRESHOLD_SAM>
	</signature>
	<signature ID="20200601_221824812731_766">
		<MACROCLASSID>1</MACROCLASSID>
		<MACROCLASSINFO>waterbody</MACROCLASSINFO>
		<CLASSID>6</CLASSID>
		<CLASSINFO>C 1</CLASSINFO>
		<VALUES>[0.08766503449289322, 0.003259698549431925, 0.06512298055473338, 0.0046007755177941, 0.04067495370016524, 0.004238000408592453, 0.04891564639715049, 0.019816443713330367, 0.019412656681585004, 0.007647614721295932, 0.010830093488840708, 0.004109481501918989]</VALUES>
		<LCS_MIN>[0.07881835848093033, 0.052338313311338425, 0.03301205486059189, 0.026519255712628365, 0.006035501603037119, 0.0021085527259856462]</LCS_MIN>
		<LCS_MAX>[0.10307571291923523, 0.09120601415634155, 0.06633340567350388, 0.12585076689720154, 0.05348387360572815, 0.025809461250901222]</LCS_MAX>
		<WAVELENGTH>[1.0, 2.0, 3.0, 4.0, 5.0, 6.0]</WAVELENGTH>
		<MEAN_VALUE>[0.08766503449289322, 0.06512298055473338, 0.04067495370016524, 0.04891564639715049, 0.019412656681585004, 0.010830093488840708]</MEAN_VALUE>
		<CHECKBOX>2</CHECKBOX>
		<SD>[0.003259698549431925, 0.0046007755177941, 0.004238000408592453, 0.019816443713330367, 0.007647614721295932, 0.004109481501918989]</SD>
		<WAVELENGTH_UNIT>band number</WAVELENGTH_UNIT>
		<COLOR>#e7c515</COLOR>
		<COVARIANCE_MATRIX>[[1.0647770977811888e-05, 1.1612327398324851e-05, 1.0319349712517578e-05, -1.8609429162097513e-06, 5.1055731091764756e-06, 6.091924205975374e-06], [1.1612327398324851e-05, 2.121123361575883e-05, 1.6174597476492636e-05, 2.0312591004767455e-05, 1.4259177078201901e-05, 1.0406929504824802e-05], [1.0319349712517578e-05, 1.6174597476492636e-05, 1.7998065231950022e-05, 1.9710436390596442e-05, 1.4303664102044422e-05, 1.038945629261434e-05], [-1.8609429162097513e-06, 2.0312591004767455e-05, 1.9710436390596442e-05, 0.0003935095446649939, 0.00012730847811326385, 4.3919037125306204e-05], [5.1055731091764756e-06, 1.4259177078201901e-05, 1.4303664102044422e-05, 0.00012730847811326385, 5.860785677214153e-05, 2.316214522579685e-05], [6.091924205975374e-06, 1.0406929504824802e-05, 1.038945629261434e-05, 4.3919037125306204e-05, 2.316214522579685e-05, 1.692302066658158e-05]]</COVARIANCE_MATRIX>
		<ROI_SIZE>481</ROI_SIZE>
		<MAX_VALUE>[0.10307571291923523, 0.09120601415634155, 0.06633340567350388, 0.12585076689720154, 0.05348387360572815, 0.025809461250901222]</MAX_VALUE>
		<MIN_VALUE>[0.07881835848093033, 0.052338313311338425, 0.03301205486059189, 0.026519255712628365, 0.006035501603037119, 0.0021085527259856462]</MIN_VALUE>
		<SIGNATURE_THRESHOLD_MD>0.0</SIGNATURE_THRESHOLD_MD>
		<SIGNATURE_THRESHOLD_ML>0.0</SIGNATURE_THRESHOLD_ML>
		<SIGNATURE_THRESHOLD_SAM>0.0</SIGNATURE_THRESHOLD_SAM>
	</signature>
	<signature ID="20200601_221836110203_136">
		<MACROCLASSID>1</MACROCLASSID>
		<MACROCLASSINFO>waterbody</MACROCLASSINFO>
		<CLASSID>7</CLASSID>
		<CLASSINFO>C 1</CLASSINFO>
		<VALUES>[0.09455800936547423, 0.006311358031110186, 0.07238779392546174, 0.007275545061783814, 0.0466040199531167, 0.007153492796555307, 0.04538944438258726, 0.015006076828347514, 0.01787230193908852, 0.008054189332621987, 0.01114168194736213, 0.005997231805961654]</VALUES>
		<LCS_MIN>[0.08264847099781036, 0.057890843600034714, 0.03557523712515831, 0.013702288269996643, 0.00397252943366766, -0.0008540609269402921]</LCS_MIN>
		<LCS_MAX>[0.11839614808559418, 0.09953480213880539, 0.07402295619249344, 0.10662531852722168, 0.057609815150499344, 0.040622528642416]</LCS_MAX>
		<WAVELENGTH>[1.0, 2.0, 3.0, 4.0, 5.0, 6.0]</WAVELENGTH>
		<MEAN_VALUE>[0.09455800936547423, 0.07238779392546174, 0.0466040199531167, 0.04538944438258726, 0.01787230193908852, 0.01114168194736213]</MEAN_VALUE>
		<CHECKBOX>2</CHECKBOX>
		<SD>[0.006311358031110186, 0.007275545061783814, 0.007153492796555307, 0.015006076828347514, 0.008054189332621987, 0.005997231805961654]</SD>
		<WAVELENGTH_UNIT>band number</WAVELENGTH_UNIT>
		<COLOR>#b9e38a</COLOR>
		<COVARIANCE_MATRIX>[[3.9918355469126254e-05, 4.352458199718967e-05, 4.262798756826669e-05, 3.512264447635971e-05, 3.3695723686832935e-05, 2.994743590534199e-05], [4.352458199718967e-05, 5.3046660468680784e-05, 4.874068690696731e-05, 4.504044045461342e-05, 3.862630546791479e-05, 3.4304212022107095e-05], [4.262798756826669e-05, 4.874068690696731e-05, 5.1281800551805645e-05, 4.78172478324268e-05, 4.09603635489475e-05, 3.548660970409401e-05], [3.512264447635971e-05, 4.504044045461342e-05, 4.78172478324268e-05, 0.00022566350526176393, 9.777488594409078e-05, 5.315535236150026e-05], [3.3695723686832935e-05, 3.862630546791479e-05, 4.09603635489475e-05, 9.777488594409078e-05, 6.500857853097841e-05, 3.9557282434543595e-05], [2.994743590534199e-05, 3.4304212022107095e-05, 3.548660970409401e-05, 5.315535236150026e-05, 3.9557282434543595e-05, 3.604364246712066e-05]]</COVARIANCE_MATRIX>
		<ROI_SIZE>469</ROI_SIZE>
		<MAX_VALUE>[0.11839614808559418, 0.09953480213880539, 0.07402295619249344, 0.10662531852722168, 0.057609815150499344, 0.040622528642416]</MAX_VALUE>
		<MIN_VALUE>[0.08264847099781036, 0.057890843600034714, 0.03557523712515831, 0.013702288269996643, 0.00397252943366766, -0.0008540609269402921]</MIN_VALUE>
		<SIGNATURE_THRESHOLD_MD>0.0</SIGNATURE_THRESHOLD_MD>
		<SIGNATURE_THRESHOLD_ML>0.0</SIGNATURE_THRESHOLD_ML>
		<SIGNATURE_THRESHOLD_SAM>0.0</SIGNATURE_THRESHOLD_SAM>
	</signature>
	<signature ID="20200601_221912536349_812">
		<MACROCLASSID>1</MACROCLASSID>
		<MACROCLASSINFO>waterbody</MACROCLASSINFO>
		<CLASSID>8</CLASSID>
		<CLASSINFO>C 1</CLASSINFO>
		<VALUES>[0.11200430807860001, 0.003445854669124984, 0.09327010369819144, 0.004915004304786675, 0.0698549981431468, 0.004862833072569846, 0.08614603008912958, 0.03244033463680144, 0.0378142483147752, 0.019513031394490635, 0.020135412566647245, 0.010733258958259792]</VALUES>
		<LCS_MIN>[0.10562910884618759, 0.08010095357894897, 0.06120705232024193, 0.04574471712112427, 0.014287392608821392, 0.005071165505796671]</LCS_MIN>
		<LCS_MAX>[0.12605637311935425, 0.10786360502243042, 0.08940204232931137, 0.17391443252563477, 0.11537304520606995, 0.07913650572299957]</LCS_MAX>
		<WAVELENGTH>[1.0, 2.0, 3.0, 4.0, 5.0, 6.0]</WAVELENGTH>
		<MEAN_VALUE>[0.11200430807860001, 0.09327010369819144, 0.0698549981431468, 0.08614603008912958, 0.0378142483147752, 0.020135412566647245]</MEAN_VALUE>
		<CHECKBOX>2</CHECKBOX>
		<SD>[0.003445854669124984, 0.004915004304786675, 0.004862833072569846, 0.03244033463680144, 0.019513031394490635, 0.010733258958259792]</SD>
		<WAVELENGTH_UNIT>band number</WAVELENGTH_UNIT>
		<COLOR>#fdac77</COLOR>
		<COVARIANCE_MATRIX>[[1.1899783203261904e-05, 9.584962754161097e-06, 1.0994489457516465e-05, 4.284112947061658e-05, 2.8060692784492858e-05, 1.4760785234102514e-05], [9.584962754161097e-06, 2.420989767415449e-05, 1.9830749806715176e-05, 7.420601468766108e-05, 5.010766471968964e-05, 2.739881347224582e-05], [1.0994489457516465e-05, 1.9830749806715176e-05, 2.3698663426330313e-05, 6.764234422007576e-05, 5.509478796739131e-05, 3.233394818380475e-05], [4.284112947061658e-05, 7.420601468766108e-05, 6.764234422007576e-05, 0.0010546681005507708, 0.0005609188810922205, 0.00027128818328492343], [2.8060692784492858e-05, 5.010766471968964e-05, 5.509478796739131e-05, 0.0005609188810922205, 0.00038158794632181525, 0.00019347651686985046], [1.4760785234102514e-05, 2.739881347224582e-05, 3.233394818380475e-05, 0.00027128818328492343, 0.00019347651686985046, 0.00011545383313205093]]</COVARIANCE_MATRIX>
		<ROI_SIZE>460</ROI_SIZE>
		<MAX_VALUE>[0.12605637311935425, 0.10786360502243042, 0.08940204232931137, 0.17391443252563477, 0.11537304520606995, 0.07913650572299957]</MAX_VALUE>
		<MIN_VALUE>[0.10562910884618759, 0.08010095357894897, 0.06120705232024193, 0.04574471712112427, 0.014287392608821392, 0.005071165505796671]</MIN_VALUE>
		<SIGNATURE_THRESHOLD_MD>0.0</SIGNATURE_THRESHOLD_MD>
		<SIGNATURE_THRESHOLD_ML>0.0</SIGNATURE_THRESHOLD_ML>
		<SIGNATURE_THRESHOLD_SAM>0.0</SIGNATURE_THRESHOLD_SAM>
	</signature>
	<signature ID="20200601_221958861975_148">
		<MACROCLASSID>1</MACROCLASSID>
		<MACROCLASSINFO>waterbody</MACROCLASSINFO>
		<CLASSID>9</CLASSID>
		<CLASSINFO>C 1</CLASSINFO>
		<VALUES>[0.1408160145733958, 0.0038466885732710574, 0.1434879978056823, 0.0045781975784258975, 0.13340730818911123, 0.005879370063572499, 0.11129692767825083, 0.017933168070898977, 0.03623780585546919, 0.01841688588506501, 0.02351135947245442, 0.012746276992625328]</VALUES>
		<LCS_MIN>[0.12988649308681488, 0.12452118843793869, 0.11759701371192932, 0.08739986270666122, 0.0101614473387599, 0.005071165505796671]</LCS_MIN>
		<LCS_MAX>[0.15542054176330566, 0.16338887810707092, 0.16629748046398163, 0.1610974371433258, 0.09061737358570099, 0.07913650572299957]</LCS_MAX>
		<WAVELENGTH>[1.0, 2.0, 3.0, 4.0, 5.0, 6.0]</WAVELENGTH>
		<MEAN_VALUE>[0.1408160145733958, 0.1434879978056823, 0.13340730818911123, 0.11129692767825083, 0.03623780585546919, 0.02351135947245442]</MEAN_VALUE>
		<CHECKBOX>2</CHECKBOX>
		<SD>[0.0038466885732710574, 0.0045781975784258975, 0.005879370063572499, 0.017933168070898977, 0.01841688588506501, 0.012746276992625328]</SD>
		<WAVELENGTH_UNIT>band number</WAVELENGTH_UNIT>
		<COLOR>#fefd89</COLOR>
		<COVARIANCE_MATRIX>[[1.5278599676094018e-05, 1.5577859812765382e-05, 1.9903824068023823e-05, -4.021143831778318e-05, -2.955716263386421e-05, -1.3908749679103494e-05], [1.5577859812765382e-05, 2.7346921342541464e-05, 2.840336674125865e-05, -5.797935955342837e-05, -5.173256795387715e-05, -3.006971201102715e-05], [1.9903824068023823e-05, 2.840336674125865e-05, 4.0181268559535965e-05, -6.846551696071401e-05, -5.0923041271744296e-05, -2.2777043341193348e-05], [-4.021143831778318e-05, -5.797935955342837e-05, -6.846551696071401e-05, 0.00034190755104646087, 0.00029467223794199526, 0.00017518529784865677], [-2.955716263386421e-05, -5.173256795387715e-05, -5.0923041271744296e-05, 0.00029467223794199526, 0.00036998491850681603, 0.00023008334392216057], [-1.3908749679103494e-05, -3.006971201102715e-05, -2.2777043341193348e-05, 0.00017518529784865677, 0.00023008334392216057, 0.00017191840743180364]]</COVARIANCE_MATRIX>
		<ROI_SIZE>427</ROI_SIZE>
		<MAX_VALUE>[0.15542054176330566, 0.16338887810707092, 0.16629748046398163, 0.1610974371433258, 0.09061737358570099, 0.07913650572299957]</MAX_VALUE>
		<MIN_VALUE>[0.12988649308681488, 0.12452118843793869, 0.11759701371192932, 0.08739986270666122, 0.0101614473387599, 0.005071165505796671]</MIN_VALUE>
		<SIGNATURE_THRESHOLD_MD>0.0</SIGNATURE_THRESHOLD_MD>
		<SIGNATURE_THRESHOLD_ML>0.0</SIGNATURE_THRESHOLD_ML>
		<SIGNATURE_THRESHOLD_SAM>0.0</SIGNATURE_THRESHOLD_SAM>
	</signature>
	<signature ID="20200601_222019046863_582">
		<MACROCLASSID>1</MACROCLASSID>
		<MACROCLASSINFO>waterbody</MACROCLASSINFO>
		<CLASSID>10</CLASSID>
		<CLASSINFO>C 1</CLASSINFO>
		<VALUES>[0.13673017529319684, 0.006855884348894928, 0.12267889707674605, 0.008543085119241728, 0.10673785621434617, 0.008448602735370488, 0.07945144793462837, 0.016188574528851772, 0.045502721717625906, 0.022497850627553363, 0.036263489777260134, 0.019862304589643533]</VALUES>
		<LCS_MIN>[0.11967284977436066, 0.09120601415634155, 0.07658612728118896, 0.052153199911117554, 0.014287392608821392, 0.008033780381083488]</LCS_MIN>
		<LCS_MAX>[0.16818755865097046, 0.1550600826740265, 0.140665665268898, 0.12264653295278549, 0.09061737358570099, 0.08506172895431519]</LCS_MAX>
		<WAVELENGTH>[1.0, 2.0, 3.0, 4.0, 5.0, 6.0]</WAVELENGTH>
		<MEAN_VALUE>[0.13673017529319684, 0.12267889707674605, 0.10673785621434617, 0.07945144793462837, 0.045502721717625906, 0.036263489777260134]</MEAN_VALUE>
		<CHECKBOX>2</CHECKBOX>
		<SD>[0.006855884348894928, 0.008543085119241728, 0.008448602735370488, 0.016188574528851772, 0.022497850627553363, 0.019862304589643533]</SD>
		<WAVELENGTH_UNIT>band number</WAVELENGTH_UNIT>
		<COLOR>#c5d7d0</COLOR>
		<COVARIANCE_MATRIX>[[4.7090194129850715e-05, 5.2060309826629236e-05, 3.944561831303872e-05, -7.130876383598661e-06, -3.8817350286990404e-05, -3.822364305960946e-05], [5.2060309826629236e-05, 7.3119459557347e-05, 5.986801625113003e-05, -1.666373646003194e-05, -7.670294871786609e-05, -7.218524115160108e-05], [3.944561831303872e-05, 5.986801625113003e-05, 7.151107274694368e-05, 3.6418572562979534e-05, -1.5835907106520608e-05, -1.7793656297726557e-05], [-7.130876383598661e-06, -1.666373646003194e-05, 3.6418572562979534e-05, 0.00026255525881424546, 0.00030526105547323823, 0.0002565983450040221], [-3.8817350286990404e-05, -7.670294871786609e-05, -1.5835907106520608e-05, 0.00030526105547323823, 0.0005070905899628997, 0.0004344064509496093], [-3.822364305960946e-05, -7.218524115160108e-05, -1.7793656297726557e-05, 0.0002565983450040221, 0.0004344064509496093, 0.0003952417173422873]]</COVARIANCE_MATRIX>
		<ROI_SIZE>541</ROI_SIZE>
		<MAX_VALUE>[0.16818755865097046, 0.1550600826740265, 0.140665665268898, 0.12264653295278549, 0.09061737358570099, 0.08506172895431519]</MAX_VALUE>
		<MIN_VALUE>[0.11967284977436066, 0.09120601415634155, 0.07658612728118896, 0.052153199911117554, 0.014287392608821392, 0.008033780381083488]</MIN_VALUE>
		<SIGNATURE_THRESHOLD_MD>0.0</SIGNATURE_THRESHOLD_MD>
		<SIGNATURE_THRESHOLD_ML>0.0</SIGNATURE_THRESHOLD_ML>
		<SIGNATURE_THRESHOLD_SAM>0.0</SIGNATURE_THRESHOLD_SAM>
	</signature>
	<signature ID="20200601_222045195178_512">
		<MACROCLASSID>1</MACROCLASSID>
		<MACROCLASSINFO>waterbody</MACROCLASSINFO>
		<CLASSID>11</CLASSID>
		<CLASSINFO>C 1</CLASSINFO>
		<VALUES>[0.15354032746982466, 0.008445141183297195, 0.1632054412772031, 0.010570916528277846, 0.15066869900537336, 0.011022181186948027, 0.0767176620502654, 0.008698751828162462, 0.012409219850075363, 0.006342298945653193, 0.008921248937725154, 0.004767947573240918]</VALUES>
		<LCS_MIN>[0.10307571291923523, 0.08842974156141281, 0.07402295619249344, 0.039336226880550385, -0.0001534158072900027, -0.0008540609269402921]</LCS_MIN>
		<LCS_MAX>[0.20393525063991547, 0.21336165070533752, 0.19961881637573242, 0.1386677473783493, 0.07617656886577606, 0.049510370939970016]</LCS_MAX>
		<WAVELENGTH>[1.0, 2.0, 3.0, 4.0, 5.0, 6.0]</WAVELENGTH>
		<MEAN_VALUE>[0.15354032746982466, 0.1632054412772031, 0.15066869900537336, 0.0767176620502654, 0.012409219850075363, 0.008921248937725154]</MEAN_VALUE>
		<CHECKBOX>2</CHECKBOX>
		<SD>[0.008445141183297195, 0.010570916528277846, 0.011022181186948027, 0.008698751828162462, 0.006342298945653193, 0.004767947573240918]</SD>
		<WAVELENGTH_UNIT>band number</WAVELENGTH_UNIT>
		<COLOR>#e69814</COLOR>
		<COVARIANCE_MATRIX>[[6.384037988027558e-05, 7.580304372822866e-05, 7.692437793593854e-05, 3.120314431726001e-05, 1.4303684110927861e-05, 1.319443435932044e-05], [7.580304372822866e-05, 0.00010132449097000062, 0.00010020912304753438, 3.210239083273336e-05, 1.18929065138218e-05, 1.3054813280177768e-05], [7.692437793593854e-05, 0.00010020912304753438, 0.00010615240171318874, 3.253612158005126e-05, 1.2649175005208235e-05, 1.398350559611572e-05], [3.120314431726001e-05, 3.210239083273336e-05, 3.253612158005126e-05, 7.124862895580009e-05, 4.570508099277504e-05, 2.9753349735983647e-05], [1.4303684110927861e-05, 1.18929065138218e-05, 1.2649175005208235e-05, 4.570508099277504e-05, 4.239787085680291e-05, 2.650037276907824e-05], [1.319443435932044e-05, 1.3054813280177768e-05, 1.398350559611572e-05, 2.9753349735983647e-05, 2.650037276907824e-05, 2.4167095034499653e-05]]</COVARIANCE_MATRIX>
		<ROI_SIZE>6457</ROI_SIZE>
		<MAX_VALUE>[0.20393525063991547, 0.21336165070533752, 0.19961881637573242, 0.1386677473783493, 0.07617656886577606, 0.049510370939970016]</MAX_VALUE>
		<MIN_VALUE>[0.10307571291923523, 0.08842974156141281, 0.07402295619249344, 0.039336226880550385, -0.0001534158072900027, -0.0008540609269402921]</MIN_VALUE>
		<SIGNATURE_THRESHOLD_MD>0.0</SIGNATURE_THRESHOLD_MD>
		<SIGNATURE_THRESHOLD_ML>0.0</SIGNATURE_THRESHOLD_ML>
		<SIGNATURE_THRESHOLD_SAM>0.0</SIGNATURE_THRESHOLD_SAM>
	</signature>
	<signature ID="20200601_222112346821_700">
		<MACROCLASSID>2</MACROCLASSID>
		<MACROCLASSINFO>vegetation</MACROCLASSINFO>
		<CLASSID>12</CLASSID>
		<CLASSINFO>C 1</CLASSINFO>
		<VALUES>[0.08831932445340594, 0.006422499474090903, 0.07205595476027005, 0.007707575101736, 0.0487546654852246, 0.008215238452762902, 0.29229734510239225, 0.030408776138510778, 0.10351302571034444, 0.013085497986698847, 0.039133690954538655, 0.009294384553849351]</VALUES>
		<LCS_MIN>[0.07881835848093033, 0.057890843600034714, 0.03813841938972473, 0.22518227994441986, 0.06792467832565308, 0.01988423429429531]</LCS_MIN>
		<LCS_MAX>[0.1349932849407196, 0.12174492329359055, 0.10221794247627258, 0.35976049304008484, 0.15869547426700592, 0.08802435547113419]</LCS_MAX>
		<WAVELENGTH>[1.0, 2.0, 3.0, 4.0, 5.0, 6.0]</WAVELENGTH>
		<MEAN_VALUE>[0.08831932445340594, 0.07205595476027005, 0.0487546654852246, 0.29229734510239225, 0.10351302571034444, 0.039133690954538655]</MEAN_VALUE>
		<CHECKBOX>2</CHECKBOX>
		<SD>[0.006422499474090903, 0.007707575101736, 0.008215238452762902, 0.030408776138510778, 0.013085497986698847, 0.009294384553849351]</SD>
		<WAVELENGTH_UNIT>band number</WAVELENGTH_UNIT>
		<COLOR>#930cd5</COLOR>
		<COVARIANCE_MATRIX>[[4.116047057323158e-05, 4.5817454520147294e-05, 4.793281914317049e-05, 5.164452886674553e-05, 5.157401756150648e-05, 4.623172208084725e-05], [4.5817454520147294e-05, 6.181493517942727e-05, 6.074236080166884e-05, 6.836414831923321e-05, 7.332069799304008e-05, 6.253476021811366e-05], [4.793281914317049e-05, 6.074236080166884e-05, 6.95220151101239e-05, 3.1082905479706824e-05, 7.029939297353849e-05, 6.699217192362994e-05], [5.164452886674553e-05, 6.836414831923321e-05, 3.1082905479706824e-05, 0.0008417400531470776, 0.00022205032291822135, 6.42904924461618e-05], [5.157401756150648e-05, 7.332069799304008e-05, 7.029939297353849e-05, 0.00022205032291822135, 0.0001733373646857217, 0.00010556165943853557], [4.623172208084725e-05, 6.253476021811366e-05, 6.699217192362994e-05, 6.42904924461618e-05, 0.00010556165943853557, 9.211424912791699e-05]]</COVARIANCE_MATRIX>
		<ROI_SIZE>7126</ROI_SIZE>
		<MAX_VALUE>[0.1349932849407196, 0.12174492329359055, 0.10221794247627258, 0.35976049304008484, 0.15869547426700592, 0.08802435547113419]</MAX_VALUE>
		<MIN_VALUE>[0.07881835848093033, 0.057890843600034714, 0.03813841938972473, 0.22518227994441986, 0.06792467832565308, 0.01988423429429531]</MIN_VALUE>
		<SIGNATURE_THRESHOLD_MD>0.0</SIGNATURE_THRESHOLD_MD>
		<SIGNATURE_THRESHOLD_ML>0.0</SIGNATURE_THRESHOLD_ML>
		<SIGNATURE_THRESHOLD_SAM>0.0</SIGNATURE_THRESHOLD_SAM>
	</signature>
	<signature ID="20200601_222121863078_405">
		<MACROCLASSID>2</MACROCLASSID>
		<MACROCLASSINFO>vegetation</MACROCLASSINFO>
		<CLASSID>13</CLASSID>
		<CLASSINFO>C 1</CLASSINFO>
		<VALUES>[0.10288232584301661, 0.007621712096518995, 0.09618542394912911, 0.009960198221858587, 0.07283619250353157, 0.01403694731040473, 0.2837675455028819, 0.030569403683712516, 0.12852132037861277, 0.018838742576682034, 0.059846158330166536, 0.015082576292776298]</VALUES>
		<LCS_MIN>[0.08775528520345688, 0.07177216559648514, 0.04839114099740982, 0.20275259017944336, 0.05967279151082039, 0.01988423429429531]</LCS_MIN>
		<LCS_MAX>[0.13882340490818024, 0.13840252161026, 0.13041293621063232, 0.33733081817626953, 0.18757708370685577, 0.11765048652887344]</LCS_MAX>
		<WAVELENGTH>[1.0, 2.0, 3.0, 4.0, 5.0, 6.0]</WAVELENGTH>
		<MEAN_VALUE>[0.10288232584301661, 0.09618542394912911, 0.07283619250353157, 0.2837675455028819, 0.12852132037861277, 0.059846158330166536]</MEAN_VALUE>
		<CHECKBOX>2</CHECKBOX>
		<SD>[0.007621712096518995, 0.009960198221858587, 0.01403694731040473, 0.030569403683712516, 0.018838742576682034, 0.015082576292776298]</SD>
		<WAVELENGTH_UNIT>band number</WAVELENGTH_UNIT>
		<COLOR>#669976</COLOR>
		<COVARIANCE_MATRIX>[[5.608378705801442e-05, 6.231861334526911e-05, 9.018764103529975e-05, -6.515777931781486e-05, 8.919515676097944e-05, 9.216702164849266e-05], [6.231861334526911e-05, 9.821522689890116e-05, 0.00012559750757645816, -3.847080733976327e-05, 0.0001234021328855306, 0.00010923819354502484], [9.018764103529975e-05, 0.00012559750757645816, 0.00018711962911766022, -0.00012697647616732866, 0.00017284024215769023, 0.00016702937136869878], [-6.515777931781486e-05, -3.847080733976327e-05, -0.00012697647616732866, 0.0008718968601897359, 9.72403086052509e-06, -0.00011395420006010681], [8.919515676097944e-05, 0.0001234021328855306, 0.00017284024215769023, 9.72403086052509e-06, 0.0003383063885848969, 0.00024074195243883878], [9.216702164849266e-05, 0.00010923819354502484, 0.00016702937136869878, -0.00011395420006010681, 0.00024074195243883878, 0.00021997799922246486]]</COVARIANCE_MATRIX>
		<ROI_SIZE>6923</ROI_SIZE>
		<MAX_VALUE>[0.13882340490818024, 0.13840252161026, 0.13041293621063232, 0.33733081817626953, 0.18757708370685577, 0.11765048652887344]</MAX_VALUE>
		<MIN_VALUE>[0.08775528520345688, 0.07177216559648514, 0.04839114099740982, 0.20275259017944336, 0.05967279151082039, 0.01988423429429531]</MIN_VALUE>
		<SIGNATURE_THRESHOLD_MD>0.0</SIGNATURE_THRESHOLD_MD>
		<SIGNATURE_THRESHOLD_ML>0.0</SIGNATURE_THRESHOLD_ML>
		<SIGNATURE_THRESHOLD_SAM>0.0</SIGNATURE_THRESHOLD_SAM>
	</signature>
	<signature ID="20200601_222137927437_150">
		<MACROCLASSID>2</MACROCLASSID>
		<MACROCLASSINFO>vegetation</MACROCLASSINFO>
		<CLASSID>14</CLASSID>
		<CLASSINFO>C 1</CLASSINFO>
		<VALUES>[0.09006204031460464, 0.007002411878168636, 0.0826256956572411, 0.010324600787827296, 0.05991420302756304, 0.013407139965131215, 0.2863689996836702, 0.031995293624509424, 0.1499712532156794, 0.02603297731977856, 0.06728478302370497, 0.0190549673933684]</VALUES>
		<LCS_MIN>[0.07626495510339737, 0.06066710874438286, 0.03813841938972473, 0.2219780534505844, 0.09268034249544144, 0.025809461250901222]</LCS_MIN>
		<LCS_MAX>[0.14903701841831207, 0.14673130214214325, 0.1278497576713562, 0.356556236743927, 0.2288365364074707, 0.1443140059709549]</LCS_MAX>
		<WAVELENGTH>[1.0, 2.0, 3.0, 4.0, 5.0, 6.0]</WAVELENGTH>
		<MEAN_VALUE>[0.09006204031460464, 0.0826256956572411, 0.05991420302756304, 0.2863689996836702, 0.1499712532156794, 0.06728478302370497]</MEAN_VALUE>
		<CHECKBOX>2</CHECKBOX>
		<SD>[0.007002411878168636, 0.010324600787827296, 0.013407139965131215, 0.031995293624509424, 0.02603297731977856, 0.0190549673933684]</SD>
		<WAVELENGTH_UNIT>band number</WAVELENGTH_UNIT>
		<COLOR>#3de979</COLOR>
		<COVARIANCE_MATRIX>[[4.097892815480009e-05, 5.723357025999576e-05, 7.502045627916232e-05, -3.014302274095826e-05, 0.00011523896682774648, 9.542378393234685e-05], [5.723357025999576e-05, 9.657898772275075e-05, 0.00011550061026355252, -1.8598113626921986e-07, 0.0001999882806558162, 0.00014997710241004825], [7.502045627916232e-05, 0.00011550061026355252, 0.0001602549891686067, -9.442102600587532e-05, 0.0002516413514968008, 0.0002056737575912848], [-3.014302274095826e-05, -1.8598113626921986e-07, -9.442102600587532e-05, 0.0010494698071852326, 0.00010236122761853039, -8.987807086668909e-05], [0.00011523896682774648, 0.0001999882806558162, 0.0002516413514968008, 0.00010236122761853039, 0.0006375727243721485, 0.0004145768762100488], [9.542378393234685e-05, 0.00014997710241004825, 0.0002056737575912848, -8.987807086668909e-05, 0.0004145768762100488, 0.00032469432335346937]]</COVARIANCE_MATRIX>
		<ROI_SIZE>7891</ROI_SIZE>
		<MAX_VALUE>[0.14903701841831207, 0.14673130214214325, 0.1278497576713562, 0.356556236743927, 0.2288365364074707, 0.1443140059709549]</MAX_VALUE>
		<MIN_VALUE>[0.07626495510339737, 0.06066710874438286, 0.03813841938972473, 0.2219780534505844, 0.09268034249544144, 0.025809461250901222]</MIN_VALUE>
		<SIGNATURE_THRESHOLD_MD>0.0</SIGNATURE_THRESHOLD_MD>
		<SIGNATURE_THRESHOLD_ML>0.0</SIGNATURE_THRESHOLD_ML>
		<SIGNATURE_THRESHOLD_SAM>0.0</SIGNATURE_THRESHOLD_SAM>
	</signature>
	<signature ID="20200601_222151648131_279">
		<MACROCLASSID>2</MACROCLASSID>
		<MACROCLASSINFO>vegetation</MACROCLASSINFO>
		<CLASSID>15</CLASSID>
		<CLASSINFO>C 1</CLASSINFO>
		<VALUES>[0.0848913797914982, 0.0065059324097021505, 0.08018091034293173, 0.00851511123772513, 0.0498900905787945, 0.008308980654380092, 0.37988570377826697, 0.026061105638649835, 0.1557445999979975, 0.014647796311751981, 0.05848353397846226, 0.009221665266377384]</VALUES>
		<LCS_MIN>[0.07754165679216385, 0.06621962785720825, 0.03813841938972473, 0.34373924136161804, 0.12362493574619293, 0.040622528642416]</LCS_MIN>
		<LCS_MAX>[0.13754670321941376, 0.13284997642040253, 0.10990747809410095, 0.4783174991607666, 0.21233275532722473, 0.10876263678073883]</LCS_MAX>
		<WAVELENGTH>[1.0, 2.0, 3.0, 4.0, 5.0, 6.0]</WAVELENGTH>
		<MEAN_VALUE>[0.0848913797914982, 0.08018091034293173, 0.0498900905787945, 0.37988570377826697, 0.1557445999979975, 0.05848353397846226]</MEAN_VALUE>
		<CHECKBOX>2</CHECKBOX>
		<SD>[0.0065059324097021505, 0.00851511123772513, 0.008308980654380092, 0.026061105638649835, 0.014647796311751981, 0.009221665266377384]</SD>
		<WAVELENGTH_UNIT>band number</WAVELENGTH_UNIT>
		<COLOR>#60252b</COLOR>
		<COVARIANCE_MATRIX>[[4.236104359733872e-05, 4.8279514885507524e-05, 5.030404281569645e-05, 2.120312956321868e-06, 4.5559430873254314e-05, 4.500924842432141e-05], [4.8279514885507524e-05, 7.256516983034089e-05, 6.569086690433323e-05, 2.8745056624757126e-05, 8.313836588058621e-05, 6.501610187115148e-05], [5.030404281569645e-05, 6.569086690433323e-05, 6.90944361849688e-05, -5.288602096698014e-06, 7.028047548374161e-05, 6.33515664958395e-05], [2.120312956321868e-06, 2.8745056624757126e-05, -5.288602096698014e-06, 0.0006797250243835151, 0.0001842833444243297, 4.497849295148626e-05], [4.5559430873254314e-05, 8.313836588058621e-05, 7.028047548374161e-05, 0.0001842833444243297, 0.0002147297200281173, 0.00011234877456445247], [4.500924842432141e-05, 6.501610187115148e-05, 6.33515664958395e-05, 4.497849295148626e-05, 0.00011234877456445247, 8.510719635523856e-05]]</COVARIANCE_MATRIX>
		<ROI_SIZE>1250</ROI_SIZE>
		<MAX_VALUE>[0.13754670321941376, 0.13284997642040253, 0.10990747809410095, 0.4783174991607666, 0.21233275532722473, 0.10876263678073883]</MAX_VALUE>
		<MIN_VALUE>[0.07754165679216385, 0.06621962785720825, 0.03813841938972473, 0.34373924136161804, 0.12362493574619293, 0.040622528642416]</MIN_VALUE>
		<SIGNATURE_THRESHOLD_MD>0.0</SIGNATURE_THRESHOLD_MD>
		<SIGNATURE_THRESHOLD_ML>0.0</SIGNATURE_THRESHOLD_ML>
		<SIGNATURE_THRESHOLD_SAM>0.0</SIGNATURE_THRESHOLD_SAM>
	</signature>
	<signature ID="20200601_222215278243_815">
		<MACROCLASSID>2</MACROCLASSID>
		<MACROCLASSINFO>vegetation</MACROCLASSINFO>
		<CLASSID>16</CLASSID>
		<CLASSINFO>C 1</CLASSINFO>
		<VALUES>[0.09510370188663693, 0.006000646549752043, 0.0853769143832682, 0.008772952618065774, 0.0670134507252195, 0.01176798198969167, 0.25206048765055283, 0.022546520025605497, 0.16178390585936875, 0.02070094809826329, 0.08143883840934761, 0.01653879134401055]</VALUES>
