<?xml version="1.0" ?>
<signaturelist MCID_LIST="[['1', 'waterbody', '#000000'], ['2', 'vegetation', '#000000'], ['3', 'bareland', '#000000'], ['4', 'built-up', '#000000']]">
	<signature ID="20210215_152005743915_651">
		<MACROCLASSID>1</MACROCLASSID>
		<MACROCLASSINFO>waterbody</MACROCLASSINFO>
		<CLASSID>1</CLASSID>
		<CLASSINFO>C 1</CLASSINFO>
		<VALUES>[0.10592923017077338, 0.0021364098388905075, 0.07314893604800239, 0.003301733079498626, 0.04852063731465601, 0.0019983215777089522, 0.025547633375111883, 0.00160747704982792, 0.006485063689392036, 0.001502996207784286, 0.003370562680936587, 0.0020752006301191887]</VALUES>
		<LCS_MIN>[0.09817193448543549, 0.06173600256443024, 0.04080410674214363, 0.021677197888493538, 0.002451327396556735, 0.0]</LCS_MIN>
		<LCS_MAX>[0.11425555497407913, 0.08290978521108627, 0.05715394765138626, 0.029232313856482506, 0.011552859097719193, 0.010941418819129467]</LCS_MAX>
		<WAVELENGTH>[0.485, 0.56, 0.66, 0.835, 1.65, 2.22]</WAVELENGTH>
		<MEAN_VALUE>[0.10592923017077338, 0.07314893604800239, 0.04852063731465601, 0.025547633375111883, 0.006485063689392036, 0.003370562680936587]</MEAN_VALUE>
		<CHECKBOX>2</CHECKBOX>
		<SD>[0.0021364098388905075, 0.003301733079498626, 0.0019983215777089522, 0.00160747704982792, 0.001502996207784286, 0.0020752006301191887]</SD>
		<WAVELENGTH_UNIT>E-6m</WAVELENGTH_UNIT>
		<COLOR>#3860ba</COLOR>
		<COVARIANCE_MATRIX>[[4.425544375408208e-06, 3.528544766595587e-06, 1.2950001746503403e-06, 1.7323326773066583e-08, -1.2535980431493954e-07, -5.175115092015403e-08], [3.528544766595587e-06, 9.805356057768222e-06, 2.721849341469351e-06, -7.117966216441118e-09, -1.9463573153188918e-07, -1.5550578780221258e-07], [1.2950001746503403e-06, 2.721849341469351e-06, 3.888418632413959e-06, 1.1334873306623194e-07, -7.688932157634554e-08, -4.403609210612558e-08], [1.7323326773066583e-08, -7.117966216441118e-09, 1.1334873306623194e-07, 2.655303660503705e-06, 3.647788915372985e-08, -1.5013705834121538e-08], [-1.2535980431493954e-07, -1.9463573153188918e-07, -7.688932157634554e-08, 3.647788915372985e-08, 2.237220769529813e-06, 3.432811723769191e-08], [-5.175115092015403e-08, -1.5550578780221258e-07, -4.403609210612558e-08, -1.5013705834121538e-08, 3.432811723769191e-08, 4.214170076011214e-06]]</COVARIANCE_MATRIX>
		<ROI_SIZE>10201</ROI_SIZE>
		<MAX_VALUE>[0.11425555497407913, 0.08290978521108627, 0.05715394765138626, 0.029232313856482506, 0.011552859097719193, 0.010941418819129467]</MAX_VALUE>
		<MIN_VALUE>[0.09817193448543549, 0.06173600256443024, 0.04080410674214363, 0.021677197888493538, 0.002451327396556735, 0.0]</MIN_VALUE>
		<SIGNATURE_THRESHOLD_MD>0.0</SIGNATURE_THRESHOLD_MD>
		<SIGNATURE_THRESHOLD_ML>0.0</SIGNATURE_THRESHOLD_ML>
		<SIGNATURE_THRESHOLD_SAM>0.0</SIGNATURE_THRESHOLD_SAM>
	</signature>
	<signature ID="20210215_152018781117_194">
		<MACROCLASSID>1</MACROCLASSID>
		<MACROCLASSINFO>waterbody</MACROCLASSINFO>
		<CLASSID>2</CLASSID>
		<CLASSINFO>C 1</CLASSINFO>
		<VALUES>[0.11617789631801673, 0.0018127521658068252, 0.09175868045182142, 0.0018764676620818413, 0.05594173788335855, 0.002081908145384333, 0.026402259593454474, 0.0018798738463284123, 0.007224375607250656, 0.001525020546572888, 0.004048826581532507, 0.0021179785246902955]</VALUES>
		<LCS_MIN>[0.1094304695725441, 0.08467426896095276, 0.04734404385089874, 0.021677197888493538, 0.002451327396556735, 0.0]</LCS_MIN>
		<LCS_MAX>[0.12229738384485245, 0.09702563285827637, 0.06369388103485107, 0.03300987184047699, 0.011552859097719193, 0.010941418819129467]</LCS_MAX>
		<WAVELENGTH>[0.485, 0.56, 0.66, 0.835, 1.65, 2.22]</WAVELENGTH>
		<MEAN_VALUE>[0.11617789631801673, 0.09175868045182142, 0.05594173788335855, 0.026402259593454474, 0.007224375607250656, 0.004048826581532507]</MEAN_VALUE>
		<CHECKBOX>2</CHECKBOX>
		<SD>[0.0018127521658068252, 0.0018764676620818413, 0.002081908145384333, 0.0018798738463284123, 0.001525020546572888, 0.0021179785246902955]</SD>
		<WAVELENGTH_UNIT>E-6m</WAVELENGTH_UNIT>
		<COLOR>#60ea58</COLOR>
		<COVARIANCE_MATRIX>[[3.3252463254029863e-06, 7.222723183986091e-07, 6.294724244071404e-07, 3.1964273006224175e-08, -4.3435946395220526e-08, -1.2749132416445264e-08], [7.222723183986091e-07, 3.5741559258894995e-06, 1.5100715700100409e-06, 6.469353763804975e-08, -1.490849257379523e-07, -1.7981044209136599e-07], [6.294724244071404e-07, 1.5100715700100409e-06, 4.4180083023093175e-06, 1.268529388198658e-07, -1.9296669506729813e-07, -1.7897363591146132e-07], [3.1964273006224175e-08, 6.469353763804975e-08, 1.268529388198658e-07, 3.4876641166192712e-06, 9.59064649919128e-08, 9.310148385566208e-08], [-4.3435946395220526e-08, -1.490849257379523e-07, -1.9296669506729813e-07, 9.59064649919128e-08, 2.34506001106638e-06, 9.305554726779519e-08], [-1.2749132416445264e-08, -1.7981044209136599e-07, -1.7897363591146132e-07, 9.310148385566208e-08, 9.305554726779519e-08, 4.453660949366167e-06]]</COVARIANCE_MATRIX>
		<ROI_SIZE>10200</ROI_SIZE>
		<MAX_VALUE>[0.12229738384485245, 0.09702563285827637, 0.06369388103485107, 0.03300987184047699, 0.011552859097719193, 0.010941418819129467]</MAX_VALUE>
		<MIN_VALUE>[0.1094304695725441, 0.08467426896095276, 0.04734404385089874, 0.021677197888493538, 0.002451327396556735, 0.0]</MIN_VALUE>
		<SIGNATURE_THRESHOLD_MD>0.0</SIGNATURE_THRESHOLD_MD>
		<SIGNATURE_THRESHOLD_ML>0.0</SIGNATURE_THRESHOLD_ML>
		<SIGNATURE_THRESHOLD_SAM>0.0</SIGNATURE_THRESHOLD_SAM>
	</signature>
	<signature ID="20210215_153209485571_734">
		<MACROCLASSID>1</MACROCLASSID>
		<MACROCLASSINFO>waterbody</MACROCLASSINFO>
		<CLASSID>3</CLASSID>
		<CLASSINFO>C 1</CLASSINFO>
		<VALUES>[0.11294100333632202, 0.002375074710585032, 0.0884993447415015, 0.002758246071899719, 0.05584137250020751, 0.002100423447621587, 0.025660461537146576, 0.0017238906090013316, 0.006363784985568012, 0.0015247223903034999, 0.0032823922737499995, 0.0020631390690159374]</VALUES>
		<LCS_MIN>[0.10460538417100906, 0.07761634141206741, 0.04734404385089874, 0.021677197888493538, 0.0001759450533427298, 0.0]</LCS_MIN>
		<LCS_MAX>[0.1206890195608139, 0.09702563285827637, 0.06369388103485107, 0.029232313856482506, 0.011552859097719193, 0.010941418819129467]</LCS_MAX>
		<WAVELENGTH>[0.485, 0.56, 0.66, 0.835, 1.65, 2.22]</WAVELENGTH>
		<MEAN_VALUE>[0.11294100333632202, 0.0884993447415015, 0.05584137250020751, 0.025660461537146576, 0.006363784985568012, 0.0032823922737499995]</MEAN_VALUE>
		<CHECKBOX>2</CHECKBOX>
		<SD>[0.002375074710585032, 0.002758246071899719, 0.002100423447621587, 0.0017238906090013316, 0.0015247223903034999, 0.0020631390690159374]</SD>
		<WAVELENGTH_UNIT>E-6m</WAVELENGTH_UNIT>
		<COLOR>#1dfcb6</COLOR>
		<COVARIANCE_MATRIX>[[5.077750302007189e-06, 3.077306246268563e-06, 1.3868792620996828e-06, 4.4856770387013967e-07, 1.5102311579084926e-07, 8.73308323434685e-08], [3.077306246268563e-06, 6.649100669164909e-06, 2.2142698981042486e-06, 6.78927165154164e-07, 2.453778051858535e-07, 9.512191212479593e-08], [1.3868792620996828e-06, 2.2142698981042486e-06, 4.288158834242495e-06, 3.555094565399486e-07, 8.534941997595524e-08, 4.2874383154867246e-08], [4.4856770387013967e-07, 6.78927165154164e-07, 3.555094565399486e-07, 2.9763648399239173e-06, 6.73822597718754e-08, 5.831333638184333e-08], [1.5102311579084926e-07, 2.453778051858535e-07, 8.534941997595524e-08, 6.73822597718754e-08, 2.3550339847133728e-06, 6.344300373939404e-08], [8.73308323434685e-08, 9.512191212479593e-08, 4.2874383154867246e-08, 5.831333638184333e-08, 6.344300373939404e-08, 4.278113010514062e-06]]</COVARIANCE_MATRIX>
		<ROI_SIZE>10201</ROI_SIZE>
		<MAX_VALUE>[0.1206890195608139, 0.09702563285827637, 0.06369388103485107, 0.029232313856482506, 0.011552859097719193, 0.010941418819129467]</MAX_VALUE>
		<MIN_VALUE>[0.10460538417100906, 0.07761634141206741, 0.04734404385089874, 0.021677197888493538, 0.0001759450533427298, 0.0]</MIN_VALUE>
		<SIGNATURE_THRESHOLD_MD>0.0</SIGNATURE_THRESHOLD_MD>
		<SIGNATURE_THRESHOLD_ML>0.0</SIGNATURE_THRESHOLD_ML>
		<SIGNATURE_THRESHOLD_SAM>0.0</SIGNATURE_THRESHOLD_SAM>
	</signature>
	<signature ID="20210215_154001277110_524">
		<MACROCLASSID>1</MACROCLASSID>
		<MACROCLASSINFO>waterbody</MACROCLASSINFO>
		<CLASSID>4</CLASSID>
		<CLASSINFO>C 1</CLASSINFO>
		<VALUES>[0.10716788165345052, 0.0019298052138832698, 0.07591416488214098, 0.002216952144302461, 0.05057677799104272, 0.001867343267850775, 0.025417974665023328, 0.001667224621224312, 0.006329992166503254, 0.001541487343610836, 0.0032915565769738716, 0.002095159351181562]</VALUES>
		<LCS_MIN>[0.09978030622005463, 0.06879392266273499, 0.04407406970858574, 0.017899641767144203, 0.0001759450533427298, 0.0]</LCS_MIN>
		<LCS_MAX>[0.11425555497407913, 0.08290978521108627, 0.05715394765138626, 0.03300987184047699, 0.011552859097719193, 0.01311798021197319]</LCS_MAX>
		<WAVELENGTH>[0.485, 0.56, 0.66, 0.835, 1.65, 2.22]</WAVELENGTH>
		<MEAN_VALUE>[0.10716788165345052, 0.07591416488214098, 0.05057677799104272, 0.025417974665023328, 0.006329992166503254, 0.0032915565769738716]</MEAN_VALUE>
		<CHECKBOX>2</CHECKBOX>
		<SD>[0.0019298052138832698, 0.002216952144302461, 0.001867343267850775, 0.001667224621224312, 0.001541487343610836, 0.002095159351181562]</SD>
		<WAVELENGTH_UNIT>E-6m</WAVELENGTH_UNIT>
		<COLOR>#82b50f</COLOR>
		<COVARIANCE_MATRIX>[[3.619900553530897e-06, 1.4332592854771065e-06, 6.75900651003758e-07, 1.2032234053549473e-07, 1.0020185925441183e-07, 8.548309438083379e-08], [1.4332592854771065e-06, 4.544726834865287e-06, 1.087062742044509e-06, 3.9600539025741455e-07, 2.4948136001512466e-07, 1.0242480641409202e-07], [6.75900651003758e-07, 1.087062742044509e-06, 3.358993353685946e-06, 2.440222317545704e-07, 9.492687524925714e-08, 9.678778667421284e-08], [1.2032234053549473e-07, 3.9600539025741455e-07, 2.440222317545704e-07, 2.73926980298711e-06, 2.0224460328677196e-08, 5.415985881995766e-08], [1.0020185925441183e-07, 2.4948136001512466e-07, 9.492687524925714e-08, 2.0224460328677196e-08, 2.3904347017378313e-06, 2.9902122999914127e-09], [8.548309438083379e-08, 1.0242480641409202e-07, 9.678778667421284e-08, 5.415985881995766e-08, 2.9902122999914127e-09, 4.2643241613404825e-06]]</COVARIANCE_MATRIX>
		<ROI_SIZE>10201</ROI_SIZE>
		<MAX_VALUE>[0.11425555497407913, 0.08290978521108627, 0.05715394765138626, 0.03300987184047699, 0.011552859097719193, 0.01311798021197319]</MAX_VALUE>
		<MIN_VALUE>[0.09978030622005463, 0.06879392266273499, 0.04407406970858574, 0.017899641767144203, 0.0001759450533427298, 0.0]</MIN_VALUE>
		<SIGNATURE_THRESHOLD_MD>0.0</SIGNATURE_THRESHOLD_MD>
		<SIGNATURE_THRESHOLD_ML>0.0</SIGNATURE_THRESHOLD_ML>
		<SIGNATURE_THRESHOLD_SAM>0.0</SIGNATURE_THRESHOLD_SAM>
	</signature>
	<signature ID="20210215_154012002368_414">
		<MACROCLASSID>1</MACROCLASSID>
		<MACROCLASSINFO>waterbody</MACROCLASSINFO>
		<CLASSID>5</CLASSID>
		<CLASSINFO>C 1</CLASSINFO>
		<VALUES>[0.1063619494154437, 0.002350641956817871, 0.06927689286731048, 0.0024776148772942493, 0.045731294778578145, 0.0025580905879278764, 0.04351407222751237, 0.007268893804941092, 0.014199606112062923, 0.004386420037089748, 0.0072943250236260975, 0.0028854105365596354]</VALUES>
		<LCS_MIN>[0.09817193448543549, 0.06173600256443024, 0.037534140050411224, 0.03300987184047699, 0.00700209429487586, 5.8605735830497e-05]</LCS_MIN>
		<LCS_MAX>[0.11586391925811768, 0.0793808177113533, 0.05715394765138626, 0.0783405601978302, 0.052509747445583344, 0.02617735229432583]</LCS_MAX>
		<WAVELENGTH>[0.485, 0.56, 0.66, 0.835, 1.65, 2.22]</WAVELENGTH>
		<MEAN_VALUE>[0.1063619494154437, 0.06927689286731048, 0.045731294778578145, 0.04351407222751237, 0.014199606112062923, 0.0072943250236260975]</MEAN_VALUE>
		<CHECKBOX>2</CHECKBOX>
		<SD>[0.002350641956817871, 0.0024776148772942493, 0.0025580905879278764, 0.007268893804941092, 0.004386420037089748, 0.0028854105365596354]</SD>
		<WAVELENGTH_UNIT>E-6m</WAVELENGTH_UNIT>
		<COLOR>#0858df</COLOR>
		<COVARIANCE_MATRIX>[[6.364410637615947e-06, 4.050168627145467e-06, 3.701238256326178e-06, 1.0203708370681852e-05, 6.1120695136196446e-06, 3.079981979681179e-06], [4.050168627145467e-06, 7.3808305387501605e-06, 4.983526650903514e-06, 1.6047395547502674e-05, 9.252759809896816e-06, 4.601762157108169e-06], [3.701238256326178e-06, 4.983526650903514e-06, 7.740316505078226e-06, 1.5189390069281217e-05, 8.691475159139372e-06, 4.256272859493038e-06], [1.0203708370681852e-05, 1.6047395547502674e-05, 1.5189390069281217e-05, 5.931675696047023e-05, 3.077726796618663e-05, 1.484112272009952e-05], [6.1120695136196446e-06, 9.252759809896816e-06, 8.691475159139372e-06, 3.077726796618663e-05, 2.1612037016893737e-05, 9.278182005800772e-06], [3.079981979681179e-06, 4.601762157108169e-06, 4.256272859493038e-06, 1.484112272009952e-05, 9.278182005800772e-06, 9.248816240869928e-06]]</COVARIANCE_MATRIX>
		<ROI_SIZE>5632</ROI_SIZE>
		<MAX_VALUE>[0.11586391925811768, 0.0793808177113533, 0.05715394765138626, 0.0783405601978302, 0.052509747445583344, 0.02617735229432583]</MAX_VALUE>
		<MIN_VALUE>[0.09817193448543549, 0.06173600256443024, 0.037534140050411224, 0.03300987184047699, 0.00700209429487586, 5.8605735830497e-05]</MIN_VALUE>
		<SIGNATURE_THRESHOLD_MD>0.0</SIGNATURE_THRESHOLD_MD>
		<SIGNATURE_THRESHOLD_ML>0.0</SIGNATURE_THRESHOLD_ML>
		<SIGNATURE_THRESHOLD_SAM>0.0</SIGNATURE_THRESHOLD_SAM>
	</signature>
	<signature ID="20210215_154035599048_653">
		<MACROCLASSID>1</MACROCLASSID>
		<MACROCLASSINFO>waterbody</MACROCLASSINFO>
		<CLASSID>6</CLASSID>
		<CLASSINFO>C 1</CLASSINFO>
		<VALUES>[0.11140828338196569, 0.0019653062938351047, 0.08436300845527808, 0.0021359819288078096, 0.05366921706045231, 0.0021690353721070103, 0.026323092894524208, 0.001989446693495263, 0.006755406232189577, 0.0018017600829089305, 0.003536160141668819, 0.0022863109652805206]</VALUES>
		<LCS_MIN>[0.10460538417100906, 0.07761634141206741, 0.04734404385089874, 0.021677197888493538, 0.0001759450533427298, 0.0]</LCS_MIN>
		<LCS_MAX>[0.11908064782619476, 0.09173217415809631, 0.06205889582633972, 0.036787427961826324, 0.018379006534814835, 0.019647665321826935]</LCS_MAX>
		<WAVELENGTH>[0.485, 0.56, 0.66, 0.835, 1.65, 2.22]</WAVELENGTH>
		<MEAN_VALUE>[0.11140828338196569, 0.08436300845527808, 0.05366921706045231, 0.026323092894524208, 0.006755406232189577, 0.003536160141668819]</MEAN_VALUE>
		<CHECKBOX>2</CHECKBOX>
		<SD>[0.0019653062938351047, 0.0021359819288078096, 0.0021690353721070103, 0.001989446693495263, 0.0018017600829089305, 0.0022863109652805206]</SD>
		<WAVELENGTH_UNIT>E-6m</WAVELENGTH_UNIT>
		<COLOR>#661fc6</COLOR>
		<COVARIANCE_MATRIX>[[3.6503693081613164e-06, 1.1275461702098255e-06, 9.411820087734668e-07, 3.9974517562768597e-07, 3.560136008218251e-07, 3.368975853845768e-07], [1.1275461702098255e-06, 3.942011971957982e-06, 1.4947841009416152e-06, 5.422887738859572e-07, 2.8685846586995467e-07, 3.146967912925902e-07], [9.411820087734668e-07, 1.4947841009416152e-06, 4.260410150891403e-06, 5.574687520493171e-07, 3.709382951910811e-07, 3.538238217970502e-07], [3.9974517562768597e-07, 5.422887738859572e-07, 5.574687520493171e-07, 3.6859821648249635e-06, 4.4862255776934035e-07, 4.746225386043079e-07], [3.560136008218251e-07, 2.8685846586995467e-07, 3.709382951910811e-07, 4.4862255776934035e-07, 2.911379624492838e-06, 4.610294013218663e-07], [3.368975853845768e-07, 3.146967912925902e-07, 3.538238217970502e-07, 4.746225386043079e-07, 4.610294013218663e-07, 4.91209584652097e-06]]</COVARIANCE_MATRIX>
		<ROI_SIZE>10201</ROI_SIZE>
		<MAX_VALUE>[0.11908064782619476, 0.09173217415809631, 0.06205889582633972, 0.036787427961826324, 0.018379006534814835, 0.019647665321826935]</MAX_VALUE>
		<MIN_VALUE>[0.10460538417100906, 0.07761634141206741, 0.04734404385089874, 0.021677197888493538, 0.0001759450533427298, 0.0]</MIN_VALUE>
		<SIGNATURE_THRESHOLD_MD>0.0</SIGNATURE_THRESHOLD_MD>
		<SIGNATURE_THRESHOLD_ML>0.0</SIGNATURE_THRESHOLD_ML>
		<SIGNATURE_THRESHOLD_SAM>0.0</SIGNATURE_THRESHOLD_SAM>
	</signature>
	<signature ID="20210215_154203108381_323">
		<MACROCLASSID>1</MACROCLASSID>
		<MACROCLASSINFO>waterbody</MACROCLASSINFO>
		<CLASSID>7</CLASSID>
		<CLASSINFO>C 1</CLASSINFO>
		<VALUES>[0.10768154830241948, 0.0018777456598822546, 0.09435808260624348, 0.001957123447177851, 0.06022354608307169, 0.0018691293586702786, 0.03734144405567087, 0.004930766661280905, 0.00868548867482147, 0.0023325108526843713, 0.0041345327992447535, 0.0022047936532241354]</VALUES>
		<LCS_MIN>[0.09978030622005463, 0.08643874526023865, 0.05388397350907326, 0.029232313856482506, 0.002451327396556735, 0.0]</LCS_MIN>
		<LCS_MAX>[0.11425555497407913, 0.10055460035800934, 0.06696384400129318, 0.07456299662590027, 0.03203130140900612, 0.01311798021197319]</LCS_MAX>
		<WAVELENGTH>[0.485, 0.56, 0.66, 0.835, 1.65, 2.22]</WAVELENGTH>
		<MEAN_VALUE>[0.10768154830241948, 0.09435808260624348, 0.06022354608307169, 0.03734144405567087, 0.00868548867482147, 0.0041345327992447535]</MEAN_VALUE>
		<CHECKBOX>2</CHECKBOX>
		<SD>[0.0018777456598822546, 0.001957123447177851, 0.0018691293586702786, 0.004930766661280905, 0.0023325108526843713, 0.0022047936532241354]</SD>
		<WAVELENGTH_UNIT>E-6m</WAVELENGTH_UNIT>
		<COLOR>#753e65</COLOR>
		<COVARIANCE_MATRIX>[[3.5711309465114027e-06, 7.514614708270528e-07, 7.542967068729922e-07, 1.6902636446047836e-07, 1.241181823985471e-08, -6.815243835944784e-08], [7.514614708270528e-07, 3.79544212592009e-06, 9.841859309744905e-07, -8.290019195555942e-07, -3.8082666264926957e-07, -1.414598500559805e-07], [7.542967068729922e-07, 9.841859309744905e-07, 3.5641342037706636e-06, 3.5675776643984136e-07, 8.702037490593284e-08, 3.358616496029754e-08], [1.6902636446047836e-07, -8.290019195555942e-07, 3.5675776643984136e-07, 2.162204145861324e-05, 6.6389857238391414e-06, 2.5533477128192317e-06], [1.241181823985471e-08, -3.8082666264926957e-07, 8.702037490593284e-08, 6.6389857238391414e-06, 5.25733821632457e-06, 1.2377573739286163e-06], [-6.815243835944784e-08, -1.414598500559805e-07, 3.358616496029754e-08, 2.5533477128192317e-06, 1.2377573739286163e-06, 4.847924628847977e-06]]</COVARIANCE_MATRIX>
		<ROI_SIZE>6786</ROI_SIZE>
		<MAX_VALUE>[0.11425555497407913, 0.10055460035800934, 0.06696384400129318, 0.07456299662590027, 0.03203130140900612, 0.01311798021197319]</MAX_VALUE>
		<MIN_VALUE>[0.09978030622005463, 0.08643874526023865, 0.05388397350907326, 0.029232313856482506, 0.002451327396556735, 0.0]</MIN_VALUE>
		<SIGNATURE_THRESHOLD_MD>0.0</SIGNATURE_THRESHOLD_MD>
		<SIGNATURE_THRESHOLD_ML>0.0</SIGNATURE_THRESHOLD_ML>
		<SIGNATURE_THRESHOLD_SAM>0.0</SIGNATURE_THRESHOLD_SAM>
	</signature>
	<signature ID="20210215_154213939294_480">
		<MACROCLASSID>1</MACROCLASSID>
		<MACROCLASSINFO>waterbody</MACROCLASSINFO>
		<CLASSID>8</CLASSID>
		<CLASSINFO>C 1</CLASSINFO>
		<VALUES>[0.1150214448571205, 0.0017632027242066215, 0.09131207033282235, 0.0017704710809411132, 0.06242222788314971, 0.0019201054837704732, 0.06520904902191386, 0.010159844267684211, 0.021196146584337678, 0.006380793747419063, 0.009732216367468476, 0.003653994861769374]</VALUES>
		<LCS_MIN>[0.11103884130716324, 0.08820323646068573, 0.058788932859897614, 0.04812009632587433, 0.013828241266310215, 0.002235168358311057]</LCS_MIN>
		<LCS_MAX>[0.11908064782619476, 0.09526114910840988, 0.06532886624336243, 0.08589566498994827, 0.03658207133412361, 0.019647665321826935]</LCS_MAX>
		<WAVELENGTH>[0.485, 0.56, 0.66, 0.835, 1.65, 2.22]</WAVELENGTH>
		<MEAN_VALUE>[0.1150214448571205, 0.09131207033282235, 0.06242222788314971, 0.06520904902191386, 0.021196146584337678, 0.009732216367468476]</MEAN_VALUE>
		<CHECKBOX>2</CHECKBOX>
		<SD>[0.0017632027242066215, 0.0017704710809411132, 0.0019201054837704732, 0.010159844267684211, 0.006380793747419063, 0.003653994861769374]</SD>
		<WAVELENGTH_UNIT>E-6m</WAVELENGTH_UNIT>
		<COLOR>#1f9077</COLOR>
		<COVARIANCE_MATRIX>[[3.159027073706966e-06, 9.219954222317028e-07, -4.524126495653036e-07, -5.459707153931959e-06, -3.018777761099045e-06, -8.657638090880937e-07], [9.219954222317028e-07, 3.185125478921691e-06, -4.032659433050867e-07, -7.54084749132744e-06, -3.7188433452683967e-06, -6.400804295481066e-07], [-4.524126495653036e-07, -4.032659433050867e-07, 3.74626961274771e-06, 3.7522338516282616e-06, 2.3801385395927355e-06, 1.5943746802804526e-06], [-5.459707153931959e-06, -7.54084749132744e-06, 3.7522338516282616e-06, 0.00010488731641089544, 5.076031811768189e-05, 2.4312625100719742e-05], [-3.018777761099045e-06, -3.7188433452683967e-06, 2.3801385395927355e-06, 5.076031811768189e-05, 4.1371215047547594e-05, 1.5363437341875397e-05], [-8.657638090880937e-07, -6.400804295481066e-07, 1.5943746802804526e-06, 2.4312625100719742e-05, 1.5363437341875397e-05, 1.3567027963290457e-05]]</COVARIANCE_MATRIX>
		<ROI_SIZE>63</ROI_SIZE>
		<MAX_VALUE>[0.11908064782619476, 0.09526114910840988, 0.06532886624336243, 0.08589566498994827, 0.03658207133412361, 0.019647665321826935]</MAX_VALUE>
		<MIN_VALUE>[0.11103884130716324, 0.08820323646068573, 0.058788932859897614, 0.04812009632587433, 0.013828241266310215, 0.002235168358311057]</MIN_VALUE>
		<SIGNATURE_THRESHOLD_MD>0.0</SIGNATURE_THRESHOLD_MD>
		<SIGNATURE_THRESHOLD_ML>0.0</SIGNATURE_THRESHOLD_ML>
		<SIGNATURE_THRESHOLD_SAM>0.0</SIGNATURE_THRESHOLD_SAM>
	</signature>
	<signature ID="20210215_154230044694_223">
		<MACROCLASSID>1</MACROCLASSID>
		<MACROCLASSINFO>waterbody</MACROCLASSINFO>
		<CLASSID>9</CLASSID>
		<CLASSINFO>C 1</CLASSINFO>
		<VALUES>[0.11679665140502954, 0.001633670313325927, 0.09212574866846147, 0.0020144553428871996, 0.06383975290565244, 0.00269681180642646, 0.07796139624592978, 0.012450779734853888, 0.029840506492078745, 0.007940094016052236, 0.015270267516291496, 0.003987775482585683]</VALUES>
		<LCS_MIN>[0.11264720559120178, 0.08643874526023865, 0.058788932859897614, 0.05945277214050293, 0.013828241266310215, 0.004411730915307999]</LCS_MIN>
		<LCS_MAX>[0.1206890195608139, 0.10055460035800934, 0.07513876259326935, 0.10478345304727554, 0.05933589115738869, 0.028353914618492126]</LCS_MAX>
		<WAVELENGTH>[0.485, 0.56, 0.66, 0.835, 1.65, 2.22]</WAVELENGTH>
		<MEAN_VALUE>[0.11679665140502954, 0.09212574866846147, 0.06383975290565244, 0.07796139624592978, 0.029840506492078745, 0.015270267516291496]</MEAN_VALUE>
		<CHECKBOX>2</CHECKBOX>
		<SD>[0.001633670313325927, 0.0020144553428871996, 0.00269681180642646, 0.012450779734853888, 0.007940094016052236, 0.003987775482585683]</SD>
		<WAVELENGTH_UNIT>E-6m</WAVELENGTH_UNIT>
		<COLOR>#941c26</COLOR>
		<COVARIANCE_MATRIX>[[2.6788372906594304e-06, 1.039915900946653e-06, 8.740812518226448e-07, 2.4406565444223816e-06, 2.5016768177010817e-06, 1.394269702359452e-06], [1.039915900946653e-06, 4.073172021890059e-06, 2.6227455691696377e-06, 8.804898243397474e-06, 4.8653305384505074e-06, 2.1161367840250023e-06], [8.740812518226448e-07, 2.6227455691696377e-06, 7.2999309850274585e-06, 1.2661497748922557e-05, 6.9560705924232025e-06, 3.5090804431092693e-06], [2.4406565444223816e-06, 8.804898243397474e-06, 1.2661497748922557e-05, 0.00015560035535600036, 7.822456973372027e-05, 3.091562393819913e-05], [2.5016768177010817e-06, 4.8653305384505074e-06, 6.9560705924232025e-06, 7.822456973372027e-05, 6.328033487079665e-05, 2.4302629753947258e-05], [1.394269702359452e-06, 2.1161367840250023e-06, 3.5090804431092693e-06, 3.091562393819913e-05, 2.4302629753947258e-05, 1.5961690223775804e-05]]</COVARIANCE_MATRIX>
		<ROI_SIZE>269</ROI_SIZE>
		<MAX_VALUE>[0.1206890195608139, 0.10055460035800934, 0.07513876259326935, 0.10478345304727554, 0.05933589115738869, 0.028353914618492126]</MAX_VALUE>
		<MIN_VALUE>[0.11264720559120178, 0.08643874526023865, 0.058788932859897614, 0.05945277214050293, 0.013828241266310215, 0.004411730915307999]</MIN_VALUE>
		<SIGNATURE_THRESHOLD_MD>0.0</SIGNATURE_THRESHOLD_MD>
		<SIGNATURE_THRESHOLD_ML>0.0</SIGNATURE_THRESHOLD_ML>
		<SIGNATURE_THRESHOLD_SAM>0.0</SIGNATURE_THRESHOLD_SAM>
	</signature>
	<signature ID="20210215_154240506288_636">
		<MACROCLASSID>1</MACROCLASSID>
		<MACROCLASSINFO>waterbody</MACROCLASSINFO>
		<CLASSID>10</CLASSID>
		<CLASSINFO>C 1</CLASSINFO>
		<VALUES>[0.12655769550163343, 0.002437370018145523, 0.11095292004578894, 0.004597858475322377, 0.09222496818495159, 0.0060326136931321585, 0.10561970820408746, 0.012983802152476139, 0.04557069909993472, 0.008359526408916145, 0.02297896834602224, 0.004207930050547793]</VALUES>
		<LCS_MIN>[0.11747228354215622, 0.09702563285827637, 0.07513876259326935, 0.08589566498994827, 0.02975592017173767, 0.015294541604816914]</LCS_MIN>
		<LCS_MAX>[0.13355593383312225, 0.1199638769030571, 0.10783843696117401, 0.1312263458967209, 0.07753895223140717, 0.03923672065138817]</LCS_MAX>
		<WAVELENGTH>[0.485, 0.56, 0.66, 0.835, 1.65, 2.22]</WAVELENGTH>
		<MEAN_VALUE>[0.12655769550163343, 0.11095292004578894, 0.09222496818495159, 0.10561970820408746, 0.04557069909993472, 0.02297896834602224]</MEAN_VALUE>
		<CHECKBOX>2</CHECKBOX>
		<SD>[0.002437370018145523, 0.004597858475322377, 0.0060326136931321585, 0.012983802152476139, 0.008359526408916145, 0.004207930050547793]</SD>
		<WAVELENGTH_UNIT>E-6m</WAVELENGTH_UNIT>
		<COLOR>#37b06b</COLOR>
		<COVARIANCE_MATRIX>[[5.963534022157546e-06, 7.797969374223612e-06, 9.938600669556763e-06, -1.351624905510107e-05, -7.20099660611595e-06, -3.1277011203201255e-06], [7.797969374223612e-06, 2.122129990311805e-05, 2.48323649429949e-05, -2.52265472227009e-05, -1.148145838669734e-05, -4.504800926952157e-06], [9.938600669556763e-06, 2.48323649429949e-05, 3.653186286101118e-05, -2.813910396071151e-05, -1.1718597306753509e-05, -4.357673788035754e-06], [-1.351624905510107e-05, -2.52265472227009e-05, -2.813910396071151e-05, 0.00016922502254601568, 9.388657053932548e-05, 4.051910582347773e-05], [-7.20099660611595e-06, -1.148145838669734e-05, -1.1718597306753509e-05, 9.388657053932548e-05, 7.014942821115255e-05, 2.9618237022077665e-05], [-3.1277011203201255e-06, -4.504800926952157e-06, -4.357673788035754e-06, 4.051910582347773e-05, 2.9618237022077665e-05, 1.7774516891222447e-05]]</COVARIANCE_MATRIX>
		<ROI_SIZE>262</ROI_SIZE>
		<MAX_VALUE>[0.13355593383312225, 0.1199638769030571, 0.10783843696117401, 0.1312263458967209, 0.07753895223140717, 0.03923672065138817]</MAX_VALUE>
		<MIN_VALUE>[0.11747228354215622, 0.09702563285827637, 0.07513876259326935, 0.08589566498994827, 0.02975592017173767, 0.015294541604816914]</MIN_VALUE>
		<SIGNATURE_THRESHOLD_MD>0.0</SIGNATURE_THRESHOLD_MD>
		<SIGNATURE_THRESHOLD_ML>0.0</SIGNATURE_THRESHOLD_ML>
		<SIGNATURE_THRESHOLD_SAM>0.0</SIGNATURE_THRESHOLD_SAM>
	</signature>
	<signature ID="20210215_154812870199_299">
		<MACROCLASSID>1</MACROCLASSID>
		<MACROCLASSINFO>waterbody</MACROCLASSINFO>
		<CLASSID>11</CLASSID>
		<CLASSINFO>C 1</CLASSINFO>
		<VALUES>[0.137363905275682, 0.007302812129508489, 0.1260753198365959, 0.012884576171804744, 0.10633227901138188, 0.0155163235559376, 0.051034163624778556, 0.01050684952259715, 0.010684086163178464, 0.005026535676184246, 0.005315720307757864, 0.0032216989515933252]</VALUES>
		<LCS_MIN>[0.11747228354215622, 0.09879011660814285, 0.07840873301029205, 0.03300987184047699, 0.002451327396556735, 0.0]</LCS_MIN>
		<LCS_MAX>[0.15446464717388153, 0.15525352954864502, 0.14544306695461273, 0.08211811631917953, 0.0456836000084877, 0.030530476942658424]</LCS_MAX>
		<WAVELENGTH>[0.485, 0.56, 0.66, 0.835, 1.65, 2.22]</WAVELENGTH>
		<MEAN_VALUE>[0.137363905275682, 0.1260753198365959, 0.10633227901138188, 0.051034163624778556, 0.010684086163178464, 0.005315720307757864]</MEAN_VALUE>
		<CHECKBOX>2</CHECKBOX>
		<SD>[0.007302812129508489, 0.012884576171804744, 0.0155163235559376, 0.01050684952259715, 0.005026535676184246, 0.0032216989515933252]</SD>
		<WAVELENGTH_UNIT>E-6m</WAVELENGTH_UNIT>
		<COLOR>#24cef6</COLOR>
		<COVARIANCE_MATRIX>[[4.868362520937808e-05, 7.933622691780329e-05, 9.14388001547195e-05, -8.35985156300012e-06, -1.4599578207707964e-05, -7.250795988511527e-06], [7.933622691780329e-05, 0.0001482615334680304, 0.0001702499866951257, -1.3731651051784866e-05, -2.637969191709999e-05, -1.3660438526130747e-05], [9.14388001547195e-05, 0.0001702499866951257, 0.00021132548863533884, 7.4379468060215e-06, -2.4325005142600276e-05, -1.262019850400975e-05], [-8.35985156300012e-06, -1.3731651051784866e-05, 7.4379468060215e-06, 9.660457726567984e-05, 3.4403132303850725e-05, 1.640672780922614e-05], [-1.4599578207707964e-05, -2.637969191709999e-05, -2.4325005142600276e-05, 3.4403132303850725e-05, 2.4360522729693912e-05, 1.080551101040328e-05], [-7.250795988511527e-06, -1.3660438526130747e-05, -1.262019850400975e-05, 1.640672780922614e-05, 1.080551101040328e-05, 1.0096262485603802e-05]]</COVARIANCE_MATRIX>
		<ROI_SIZE>7431</ROI_SIZE>
		<MAX_VALUE>[0.15446464717388153, 0.15525352954864502, 0.14544306695461273, 0.08211811631917953, 0.0456836000084877, 0.030530476942658424]</MAX_VALUE>
		<MIN_VALUE>[0.11747228354215622, 0.09879011660814285, 0.07840873301029205, 0.03300987184047699, 0.002451327396556735, 0.0]</MIN_VALUE>
		<SIGNATURE_THRESHOLD_MD>0.0</SIGNATURE_THRESHOLD_MD>
		<SIGNATURE_THRESHOLD_ML>0.0</SIGNATURE_THRESHOLD_ML>
		<SIGNATURE_THRESHOLD_SAM>0.0</SIGNATURE_THRESHOLD_SAM>
	</signature>
	<signature ID="20210215_154835126341_660">
		<MACROCLASSID>1</MACROCLASSID>
		<MACROCLASSINFO>waterbody</MACROCLASSINFO>
		<CLASSID>12</CLASSID>
		<CLASSINFO>C 1</CLASSINFO>
		<VALUES>[0.12956274172355386, 0.00465804860741138, 0.13170682202125414, 0.00833143070721283, 0.12492120522877265, 0.0119730199031803, 0.160274474014496, 0.021600493284864936, 0.06977126734523938, 0.019795936875433982, 0.03278209243355125, 0.010731390665324806]</VALUES>
		<LCS_MIN>[0.11908064782619476, 0.11643494665622711, 0.1012985110282898, 0.12367124110460281, 0.02975592017173767, 0.01311798021197319]</LCS_MIN>
		<LCS_MAX>[0.1383810043334961, 0.1464311182498932, 0.14871303737163544, 0.21433259546756744, 0.11394505947828293, 0.05664921924471855]</LCS_MAX>
		<WAVELENGTH>[0.485, 0.56, 0.66, 0.835, 1.65, 2.22]</WAVELENGTH>
		<MEAN_VALUE>[0.12956274172355386, 0.13170682202125414, 0.12492120522877265, 0.160274474014496, 0.06977126734523938, 0.03278209243355125]</MEAN_VALUE>
		<CHECKBOX>2</CHECKBOX>
		<SD>[0.00465804860741138, 0.00833143070721283, 0.0119730199031803, 0.021600493284864936, 0.019795936875433982, 0.010731390665324806]</SD>
		<WAVELENGTH_UNIT>E-6m</WAVELENGTH_UNIT>
		<COLOR>#4c8e0b</COLOR>
		<COVARIANCE_MATRIX>[[2.2472324417321943e-05, 3.427531919442117e-05, 5.0646642193896696e-05, -6.907725764904171e-05, -2.9119386454112828e-05, -6.315915470622713e-06], [3.427531919442117e-05, 7.189176540123299e-05, 0.0001000938646029681, -0.00011643158359220251, -6.397085235221311e-05, -2.1075442418805324e-05], [5.0646642193896696e-05, 0.0001000938646029681, 0.00014847295824438334, -0.00019785281619988382, -0.00011926212755497545, -4.2633586417650804e-05], [-6.907725764904171e-05, -0.00011643158359220251, -0.00019785281619988382, 0.0004832449194509536, 0.0003359187685418874, 0.00014838237257208675], [-2.9119386454112828e-05, -6.397085235221311e-05, -0.00011926212755497545, 0.0003359187685418874, 0.00040587480179965496, 0.00020436425984371454], [-6.315915470622713e-06, -2.1075442418805324e-05, -4.2633586417650804e-05, 0.00014838237257208675, 0.00020436425984371454, 0.0001192756972159259]]</COVARIANCE_MATRIX>
		<ROI_SIZE>29</ROI_SIZE>
		<MAX_VALUE>[0.1383810043334961, 0.1464311182498932, 0.14871303737163544, 0.21433259546756744, 0.11394505947828293, 0.05664921924471855]</MAX_VALUE>
		<MIN_VALUE>[0.11908064782619476, 0.11643494665622711, 0.1012985110282898, 0.12367124110460281, 0.02975592017173767, 0.01311798021197319]</MIN_VALUE>
		<SIGNATURE_THRESHOLD_MD>0.0</SIGNATURE_THRESHOLD_MD>
		<SIGNATURE_THRESHOLD_ML>0.0</SIGNATURE_THRESHOLD_ML>
		<SIGNATURE_THRESHOLD_SAM>0.0</SIGNATURE_THRESHOLD_SAM>
	</signature>
	<signature ID="20210215_154843992500_949">
		<MACROCLASSID>1</MACROCLASSID>
		<MACROCLASSINFO>waterbody</MACROCLASSINFO>
		<CLASSID>13</CLASSID>
		<CLASSINFO>C 1</CLASSINFO>
		<VALUES>[0.12512587640306044, 0.003828401274818441, 0.12142415190565178, 0.008060189518896864, 0.11014996995699816, 0.010946919910683724, 0.18378651553186873, 0.019227121545859222, 0.08318818020152637, 0.02044896116685271, 0.037735646943850766, 0.012852631979685007]</VALUES>
		<LCS_MIN>[0.11747228354215622, 0.09879011660814285, 0.08494867384433746, 0.14633658528327942, 0.04795898124575615, 0.017471101135015488]</LCS_MIN>
		<LCS_MAX>[0.13677266240119934, 0.1446666270494461, 0.14707805216312408, 0.21811017394065857, 0.12532198429107666, 0.06970859318971634]</LCS_MAX>
		<WAVELENGTH>[0.485, 0.56, 0.66, 0.835, 1.65, 2.22]</WAVELENGTH>
		<MEAN_VALUE>[0.12512587640306044, 0.12142415190565178, 0.11014996995699816, 0.18378651553186873, 0.08318818020152637, 0.037735646943850766]</MEAN_VALUE>
		<CHECKBOX>2</CHECKBOX>
		<SD>[0.003828401274818441, 0.008060189518896864, 0.010946919910683724, 0.019227121545859222, 0.02044896116685271, 0.012852631979685007]</SD>
		<WAVELENGTH_UNIT>E-6m</WAVELENGTH_UNIT>
		<COLOR>#fcfb2d</COLOR>
		<COVARIANCE_MATRIX>[[1.4913790437276475e-05, 2.6964591597788967e-05, 3.629804268712178e-05, -3.3917935070348904e-05, -3.2631243811920285e-05, -1.37973829623661e-05], [2.6964591597788967e-05, 6.610641867155209e-05, 8.412455645157024e-05, -8.733611321076751e-05, -9.418556874152273e-05, -4.9515347200213e-05], [3.629804268712178e-05, 8.412455645157024e-05, 0.00012193742441013455, -0.00012698478531092405, -0.00012130419781897217, -5.82149405090604e-05], [-3.3917935070348904e-05, -8.733611321076751e-05, -0.00012698478531092405, 0.00037616785266436636, 0.0003171869902871549, 0.00017029124137479812], [-3.2631243811920285e-05, -9.418556874152273e-05, -0.00012130419781897217, 0.0003171869902871549, 0.00042549616773612797, 0.0002501722192391753], [-1.37973829623661e-05, -4.9515347200213e-05, -5.82149405090604e-05, 0.00017029124137479812, 0.0002501722192391753, 0.00016808822692837566]]</COVARIANCE_MATRIX>
		<ROI_SIZE>58</ROI_SIZE>
		<MAX_VALUE>[0.13677266240119934, 0.1446666270494461, 0.14707805216312408, 0.21811017394065857, 0.12532198429107666, 0.06970859318971634]</MAX_VALUE>
		<MIN_VALUE>[0.11747228354215622, 0.09879011660814285, 0.08494867384433746, 0.14633658528327942, 0.04795898124575615, 0.017471101135015488]</MIN_VALUE>
		<SIGNATURE_THRESHOLD_MD>0.0</SIGNATURE_THRESHOLD_MD>
		<SIGNATURE_THRESHOLD_ML>0.0</SIGNATURE_THRESHOLD_ML>
		<SIGNATURE_THRESHOLD_SAM>0.0</SIGNATURE_THRESHOLD_SAM>
	</signature>
	<signature ID="20210215_154906760561_879">
		<MACROCLASSID>1</MACROCLASSID>
		<MACROCLASSINFO>waterbody</MACROCLASSINFO>
		<CLASSID>14</CLASSID>
		<CLASSINFO>C 1</CLASSINFO>
		<VALUES>[0.12764071457915835, 0.0028147922744284695, 0.12102257700430023, 0.004493175536565866, 0.10207966102494131, 0.005532313840409911, 0.09622099267111885, 0.012140533271003333, 0.03311842988348668, 0.01092409006315889, 0.01643119066850179, 0.006745608654279366]</VALUES>
		<LCS_MIN>[0.11747228354215622, 0.10761252790689468, 0.08821862936019897, 0.07456299662590027, 0.016103623434901237, 0.006588292773813009]</LCS_MIN>
		<LCS_MAX>[0.13355593383312225, 0.12878631055355072, 0.11274338513612747, 0.11989368498325348, 0.07526356726884842, 0.041413288563489914]</LCS_MAX>
		<WAVELENGTH>[0.485, 0.56, 0.66, 0.835, 1.65, 2.22]</WAVELENGTH>
		<MEAN_VALUE>[0.12764071457915835, 0.12102257700430023, 0.10207966102494131, 0.09622099267111885, 0.03311842988348668, 0.01643119066850179]</MEAN_VALUE>
		<CHECKBOX>2</CHECKBOX>
		<SD>[0.0028147922744284695, 0.004493175536565866, 0.005532313840409911, 0.012140533271003333, 0.01092409006315889, 0.006745608654279366]</SD>
		<WAVELENGTH_UNIT>E-6m</WAVELENGTH_UNIT>
		<COLOR>#d246a4</COLOR>
		<COVARIANCE_MATRIX>[[8.012078978936188e-06, 9.744609087647405e-06, 1.1438803994678892e-05, -1.1623451428022236e-05, -3.777060101128882e-06, 1.5165512934345315e-07], [9.744609087647405e-06, 2.0415465769474395e-05, 2.1983567421557382e-05, -2.326156391063705e-05, -1.2351349141681567e-05, -2.2956633074500132e-06], [1.1438803994678892e-05, 2.1983567421557382e-05, 3.09503884636797e-05, -2.4672584913787432e-05, -1.0054799531644676e-05, 5.815546728626941e-07], [-1.1623451428022236e-05, -2.326156391063705e-05, -2.4672584913787432e-05, 0.00014904864656273276, 0.00010541099618421867, 5.252280971035361e-05], [-3.777060101128882e-06, -1.2351349141681567e-05, -1.0054799531644676e-05, 0.00010541099618421867, 0.00012067659554304555, 6.697267235722393e-05], [1.5165512934345315e-07, -2.2956633074500132e-06, 5.815546728626941e-07, 5.252280971035361e-05, 6.697267235722393e-05, 4.6014509280212224e-05]]</COVARIANCE_MATRIX>
		<ROI_SIZE>90</ROI_SIZE>
		<MAX_VALUE>[0.13355593383312225, 0.12878631055355072, 0.11274338513612747, 0.11989368498325348, 0.07526356726884842, 0.041413288563489914]</MAX_VALUE>
		<MIN_VALUE>[0.11747228354215622, 0.10761252790689468, 0.08821862936019897, 0.07456299662590027, 0.016103623434901237, 0.006588292773813009]</MIN_VALUE>
		<SIGNATURE_THRESHOLD_MD>0.0</SIGNATURE_THRESHOLD_MD>
		<SIGNATURE_THRESHOLD_ML>0.0</SIGNATURE_THRESHOLD_ML>
		<SIGNATURE_THRESHOLD_SAM>0.0</SIGNATURE_THRESHOLD_SAM>
	</signature>
	<signature ID="20210215_154918535304_109">
		<MACROCLASSID>1</MACROCLASSID>
		<MACROCLASSINFO>waterbody</MACROCLASSINFO>
		<CLASSID>15</CLASSID>
		<CLASSINFO>C 1</CLASSINFO>
		<VALUES>[0.1262163447452263, 0.003368676567276712, 0.12018755414116551, 0.005137302905776185, 0.1024038448510036, 0.007498838885979308, 0.1123385696973599, 0.018397249346616684, 0.0463886464303228, 0.019731616456962323, 0.023878166770142782, 0.012930427977000404]</VALUES>
		<LCS_MIN>[0.11586391925811768, 0.10408355295658112, 0.0767737552523613, 0.08589566498994827, 0.018379006534814835, 0.002235168358311057]</LCS_MIN>
		<LCS_MAX>[0.13194754719734192, 0.12702183425426483, 0.11764835566282272, 0.15011413395404816, 0.0889158770442009, 0.0631789043545723]</LCS_MAX>
		<WAVELENGTH>[0.485, 0.56, 0.66, 0.835, 1.65, 2.22]</WAVELENGTH>
		<MEAN_VALUE>[0.1262163447452263, 0.12018755414116551, 0.1024038448510036, 0.1123385696973599, 0.0463886464303228, 0.023878166770142782]</MEAN_VALUE>
		<CHECKBOX>2</CHECKBOX>
		<SD>[0.003368676567276712, 0.005137302905776185, 0.007498838885979308, 0.018397249346616684, 0.019731616456962323, 0.012930427977000404]</SD>
		<WAVELENGTH_UNIT>E-6m</WAVELENGTH_UNIT>
		<COLOR>#c7a5d5</COLOR>
		<COVARIANCE_MATRIX>[[1.1510095646372065e-05, 1.3300557839102112e-05, 1.9348277419339865e-05, -3.3155847631860524e-05, -1.1062830708397087e-05, -9.628490715840599e-07], [1.3300557839102112e-05, 2.676890835573431e-05, 3.131824632873759e-05, -5.8941393945133314e-05, -2.7518404749571346e-05, -9.518575097899884e-06], [1.9348277419339865e-05, 3.131824632873759e-05, 5.7035907957470044e-05, -6.043896792107262e-05, -3.288306288595777e-06, 1.4321218259283341e-05], [-3.3155847631860524e-05, -5.8941393945133314e-05, -6.043896792107262e-05, 0.0003432939120102674, 0.0002924887521658093, 0.000156924405018799], [-1.1062830708397087e-05, -2.7518404749571346e-05, -3.288306288595777e-06, 0.0002924887521658093, 0.0003948986413888633, 0.0002434682537568733], [-9.628490715840599e-07, -9.518575097899884e-06, 1.4321218259283341e-05, 0.000156924405018799, 0.0002434682537568733, 0.0001695844839559868]]</COVARIANCE_MATRIX>
		<ROI_SIZE>71</ROI_SIZE>
		<MAX_VALUE>[0.13194754719734192, 0.12702183425426483, 0.11764835566282272, 0.15011413395404816, 0.0889158770442009, 0.0631789043545723]</MAX_VALUE>
		<MIN_VALUE>[0.11586391925811768, 0.10408355295658112, 0.0767737552523613, 0.08589566498994827, 0.018379006534814835, 0.002235168358311057]</MIN_VALUE>
		<SIGNATURE_THRESHOLD_MD>0.0</SIGNATURE_THRESHOLD_MD>
		<SIGNATURE_THRESHOLD_ML>0.0</SIGNATURE_THRESHOLD_ML>
		<SIGNATURE_THRESHOLD_SAM>0.0</SIGNATURE_THRESHOLD_SAM>
	</signature>
	<signature ID="20210215_154930780491_797">
		<MACROCLASSID>1</MACROCLASSID>
		<MACROCLASSINFO>waterbody</MACROCLASSINFO>
		<CLASSID>16</CLASSID>
		<CLASSINFO>C 1</CLASSINFO>
		<VALUES>[0.12686851150111156, 0.0023920363058040793, 0.1189887782460765, 0.00404186264049853, 0.1006961403120505, 0.00588212817111316, 0.10965451441313093, 0.011863918712593449, 0.04972539680372727, 0.014077780899469212, 0.02589096220847415, 0.010241547581714902]</VALUES>
