<?xml version="1.0" ?>
<signaturelist MCID_LIST="[['1', 'waterbody', '#0000ff'], ['2', 'vegetation', '#00ff00'], ['3', 'bareland', '#ffaa00'], ['4', 'built-up', '#ff0000']]">
	<signature ID="20210420_115831735641_644">
		<MACROCLASSID>1</MACROCLASSID>
		<MACROCLASSINFO>waterbody</MACROCLASSINFO>
		<CLASSID>1</CLASSID>
		<CLASSINFO>C 1</CLASSINFO>
		<VALUES>[0.09678928527128265, 0.0018451276667146518, 0.08112600791346596, 0.005171793302663542, 0.06189569945346159, 0.006520920542184299, 0.043187083362276286, 0.008596533084278735, 0.020542903887444567, 0.008101667096222774, 0.014591325130538044, 0.006270198481196738]</VALUES>
		<LCS_MIN>[0.09407389909029007, 0.0765203908085823, 0.05581370368599892, 0.035702887922525406, 0.013258234597742558, 0.0090374406427145]</LCS_MIN>
		<LCS_MAX>[0.10410445928573608, 0.10142302513122559, 0.08672475069761276, 0.07860594242811203, 0.05320674180984497, 0.04076782986521721]</LCS_MAX>
		<WAVELENGTH>[0.48, 0.56, 0.655, 0.865, 1.61, 2.2]</WAVELENGTH>
		<MEAN_VALUE>[0.09678928527128265, 0.08112600791346596, 0.06189569945346159, 0.043187083362276286, 0.020542903887444567, 0.014591325130538044]</MEAN_VALUE>
		<CHECKBOX>2</CHECKBOX>
		<SD>[0.0018451276667146518, 0.005171793302663542, 0.006520920542184299, 0.008596533084278735, 0.008101667096222774, 0.006270198481196738]</SD>
		<WAVELENGTH_UNIT>E-6m</WAVELENGTH_UNIT>
		<COLOR>#8d5e85</COLOR>
		<COVARIANCE_MATRIX>[[3.4251294162120145e-06, 9.19020000106715e-06, 1.1367204085884028e-05, 9.628322251626552e-06, 7.858096066493319e-06, 6.023575447366954e-06], [9.19020000106715e-06, 2.6909551698599564e-05, 3.2502759891689274e-05, 2.4857419389397464e-05, 1.8311076548059078e-05, 1.3411326966418181e-05], [1.1367204085884028e-05, 3.2502759891689274e-05, 4.278011626122345e-05, 4.166715880539098e-05, 3.3010455050728846e-05, 2.4208080746087526e-05], [9.628322251626552e-06, 2.4857419389397464e-05, 4.166715880539098e-05, 7.434826216648737e-05, 6.471270833035013e-05, 4.751511353946537e-05], [7.858096066493319e-06, 1.8311076548059078e-05, 3.3010455050728846e-05, 6.471270833035013e-05, 6.603480979703703e-05, 4.9773704293571474e-05], [6.023575447366954e-06, 1.3411326966418181e-05, 2.4208080746087526e-05, 4.751511353946537e-05, 4.9773704293571474e-05, 3.95536640784116e-05]]</COVARIANCE_MATRIX>
		<ROI_SIZE>166</ROI_SIZE>
		<MAX_VALUE>[0.10410445928573608, 0.10142302513122559, 0.08672475069761276, 0.07860594242811203, 0.05320674180984497, 0.04076782986521721]</MAX_VALUE>
		<MIN_VALUE>[0.09407389909029007, 0.0765203908085823, 0.05581370368599892, 0.035702887922525406, 0.013258234597742558, 0.0090374406427145]</MIN_VALUE>
		<SIGNATURE_THRESHOLD_MD>0</SIGNATURE_THRESHOLD_MD>
		<SIGNATURE_THRESHOLD_ML>0</SIGNATURE_THRESHOLD_ML>
		<SIGNATURE_THRESHOLD_SAM>0</SIGNATURE_THRESHOLD_SAM>
	</signature>
	<signature ID="20210420_115847853870_851">
		<MACROCLASSID>1</MACROCLASSID>
		<MACROCLASSINFO>waterbody</MACROCLASSINFO>
		<CLASSID>2</CLASSID>
		<CLASSINFO>C 1</CLASSINFO>
		<VALUES>[0.130460778734817, 0.001885150910321139, 0.10497627494180131, 0.002366648682839655, 0.07695657735774915, 0.002669551650125728, 0.061782464357190404, 0.005173009208402448, 0.02851769096470024, 0.006514693247012898, 0.01811159948071746, 0.00513768976808812]</VALUES>
		<LCS_MIN>[0.12314765900373459, 0.09529048204421997, 0.07078509032726288, 0.05280948802828789, 0.02023494243621826, 0.010974040254950523]</LCS_MIN>
		<LCS_MAX>[0.13759766519069672, 0.12106209248304367, 0.09779810905456543, 0.09566289186477661, 0.06442906707525253, 0.05040115863084793]</LCS_MAX>
		<WAVELENGTH>[0.48, 0.56, 0.655, 0.865, 1.61, 2.2]</WAVELENGTH>
		<MEAN_VALUE>[0.130460778734817, 0.10497627494180131, 0.07695657735774915, 0.061782464357190404, 0.02851769096470024, 0.01811159948071746]</MEAN_VALUE>
		<CHECKBOX>2</CHECKBOX>
		<SD>[0.001885150910321139, 0.002366648682839655, 0.002669551650125728, 0.005173009208402448, 0.006514693247012898, 0.00513768976808812]</SD>
		<WAVELENGTH_UNIT>E-6m</WAVELENGTH_UNIT>
		<COLOR>#34893f</COLOR>
		<COVARIANCE_MATRIX>[[2.5617427206092394e-06, 3.047619816390168e-06, 3.0925844953129325e-06, 1.0947749957093074e-06, 2.8808339514975434e-06, 3.172420073633347e-06], [3.047619816390168e-06, 4.096161277833685e-06, 4.465271401546862e-06, 3.1441103099286333e-06, 5.448883420707699e-06, 5.278278824412906e-06], [3.0925844953129325e-06, 4.465271401546862e-06, 6.250053751959935e-06, 7.913496771653412e-06, 1.158939448712186e-05, 1.0018119277955181e-05], [1.0947749957093074e-06, 3.1441103099286333e-06, 7.913496771653412e-06, 2.3754443141534484e-05, 2.8565512383707086e-05, 2.1372626766845386e-05], [2.8808339514975434e-06, 5.448883420707699e-06, 1.158939448712186e-05, 2.8565512383707086e-05, 3.9283193927665176e-05, 3.0819771076150125e-05], [3.172420073633347e-06, 5.278278824412906e-06, 1.0018119277955181e-05, 2.1372626766845386e-05, 3.0819771076150125e-05, 2.517847185515547e-05]]</COVARIANCE_MATRIX>
		<ROI_SIZE>4582</ROI_SIZE>
		<MAX_VALUE>[0.13759766519069672, 0.12106209248304367, 0.09779810905456543, 0.09566289186477661, 0.06442906707525253, 0.05040115863084793]</MAX_VALUE>
		<MIN_VALUE>[0.12314765900373459, 0.09529048204421997, 0.07078509032726288, 0.05280948802828789, 0.02023494243621826, 0.010974040254950523]</MIN_VALUE>
		<SIGNATURE_THRESHOLD_MD>0</SIGNATURE_THRESHOLD_MD>
		<SIGNATURE_THRESHOLD_ML>0</SIGNATURE_THRESHOLD_ML>
		<SIGNATURE_THRESHOLD_SAM>0</SIGNATURE_THRESHOLD_SAM>
	</signature>
	<signature ID="20210420_115856849947_520">
		<MACROCLASSID>1</MACROCLASSID>
		<MACROCLASSINFO>waterbody</MACROCLASSINFO>
		<CLASSID>3</CLASSID>
		<CLASSINFO>C 1</CLASSINFO>
		<VALUES>[0.12677125009312282, 0.002579031091397099, 0.11289062186959654, 0.004507934412607426, 0.07324814603289807, 0.004943088018800711, 0.04062545185841178, 0.004793921587776415, 0.014339663790392872, 0.003941930271518387, 0.008053045637140604, 0.0029811011111245244]</VALUES>
		<LCS_MIN>[0.11937377601861954, 0.10358308255672455, 0.06678774207830429, 0.03495804965496063, 0.008143633604049683, 0.005710471887141466]</LCS_MIN>
		<LCS_MAX>[0.1356610655784607, 0.13754799962043762, 0.10596658289432526, 0.07629693299531937, 0.05189085379242897, 0.042480967938899994]</LCS_MAX>
		<WAVELENGTH>[0.48, 0.56, 0.655, 0.865, 1.61, 2.2]</WAVELENGTH>
		<MEAN_VALUE>[0.12677125009312282, 0.11289062186959654, 0.07324814603289807, 0.04062545185841178, 0.014339663790392872, 0.008053045637140604]</MEAN_VALUE>
		<CHECKBOX>2</CHECKBOX>
		<SD>[0.002579031091397099, 0.004507934412607426, 0.004943088018800711, 0.004793921587776415, 0.003941930271518387, 0.0029811011111245244]</SD>
		<WAVELENGTH_UNIT>E-6m</WAVELENGTH_UNIT>
		<COLOR>#e7d68b</COLOR>
		<COVARIANCE_MATRIX>[[5.81163673571015e-06, 9.252736879951103e-06, 8.79221447182743e-06, 6.805907550363786e-06, 3.7990506846739494e-06, 2.479227539886959e-06], [9.252736879951103e-06, 1.670018000565589e-05, 1.6203024891760017e-05, 1.2127665971670122e-05, 7.4426833039623285e-06, 5.076088164742192e-06], [8.79221447182743e-06, 1.6203024891760017e-05, 1.8585375849381236e-05, 1.5921069784179214e-05, 1.0765699686450152e-05, 7.618838065471093e-06], [6.805907550363786e-06, 1.2127665971670122e-05, 1.5921069784179214e-05, 1.7128176476744103e-05, 1.2284861846371626e-05, 8.753484456229899e-06], [3.7990506846739494e-06, 7.4426833039623285e-06, 1.0765699686450152e-05, 1.2284861846371626e-05, 1.0908566038777142e-05, 8.023583198329113e-06], [2.479227539886959e-06, 5.076088164742192e-06, 7.618838065471093e-06, 8.753484456229899e-06, 8.023583198329113e-06, 6.178734969098822e-06]]</COVARIANCE_MATRIX>
		<ROI_SIZE>9179</ROI_SIZE>
		<MAX_VALUE>[0.1356610655784607, 0.13754799962043762, 0.10596658289432526, 0.07629693299531937, 0.05189085379242897, 0.042480967938899994]</MAX_VALUE>
		<MIN_VALUE>[0.11937377601861954, 0.10358308255672455, 0.06678774207830429, 0.03495804965496063, 0.008143633604049683, 0.005710471887141466]</MIN_VALUE>
		<SIGNATURE_THRESHOLD_MD>0</SIGNATURE_THRESHOLD_MD>
		<SIGNATURE_THRESHOLD_ML>0</SIGNATURE_THRESHOLD_ML>
		<SIGNATURE_THRESHOLD_SAM>0</SIGNATURE_THRESHOLD_SAM>
	</signature>
	<signature ID="20210420_115906855433_316">
		<MACROCLASSID>1</MACROCLASSID>
		<MACROCLASSINFO>waterbody</MACROCLASSINFO>
		<CLASSID>4</CLASSID>
		<CLASSINFO>C 1</CLASSINFO>
		<VALUES>[0.08662610172435951, 0.002779223864407396, 0.06857274145085294, 0.004722856785157945, 0.05196796428683578, 0.0057385114696860895, 0.0324197508912805, 0.008451505531671236, 0.017488753452699724, 0.008367005351475538, 0.013605957956281528, 0.007004331640914384]</VALUES>
		<LCS_MIN>[0.080567367374897, 0.05933929979801178, 0.04176095128059387, 0.022444652393460274, 0.005238734185695648, 0.004195950459688902]</LCS_MIN>
		<LCS_MAX>[0.09409871697425842, 0.08091496676206589, 0.07316859066486359, 0.06750775873661041, 0.05397642403841019, 0.04503828287124634]</LCS_MAX>
		<WAVELENGTH>[0.48, 0.56, 0.655, 0.865, 1.61, 2.2]</WAVELENGTH>
		<MEAN_VALUE>[0.08662610172435951, 0.06857274145085294, 0.05196796428683578, 0.0324197508912805, 0.017488753452699724, 0.013605957956281528]</MEAN_VALUE>
		<CHECKBOX>2</CHECKBOX>
		<SD>[0.002779223864407396, 0.004722856785157945, 0.0057385114696860895, 0.008451505531671236, 0.008367005351475538, 0.007004331640914384]</SD>
		<WAVELENGTH_UNIT>E-6m</WAVELENGTH_UNIT>
		<COLOR>#9525cc</COLOR>
		<COVARIANCE_MATRIX>[[7.115590949514305e-06, 1.0604535327640949e-05, 1.2096004679567784e-05, 1.0476968345893018e-05, 8.564952648376947e-06, 7.619459486513325e-06], [1.0604535327640949e-05, 1.876217395068019e-05, 2.1912117534183733e-05, 1.8672249653806905e-05, 1.4272050285035916e-05, 1.2352267318675946e-05], [1.2096004679567784e-05, 2.1912117534183733e-05, 2.9037285835698043e-05, 3.148689485318242e-05, 2.701683758599144e-05, 2.2962921402298902e-05], [1.0476968345893018e-05, 1.8672249653806905e-05, 3.148689485318242e-05, 6.261026967036377e-05, 5.806070848489496e-05, 4.628326552647101e-05], [8.564952648376947e-06, 1.4272050285035916e-05, 2.701683758599144e-05, 5.806070848489496e-05, 6.5451529809628e-05, 5.2609411639351834e-05], [7.619459486513325e-06, 1.2352267318675946e-05, 2.2962921402298902e-05, 4.628326552647101e-05, 5.2609411639351834e-05, 4.366200204193057e-05]]</COVARIANCE_MATRIX>
		<ROI_SIZE>1598</ROI_SIZE>
		<MAX_VALUE>[0.09409871697425842, 0.08091496676206589, 0.07316859066486359, 0.06750775873661041, 0.05397642403841019, 0.04503828287124634]</MAX_VALUE>
		<MIN_VALUE>[0.080567367374897, 0.05933929979801178, 0.04176095128059387, 0.022444652393460274, 0.005238734185695648, 0.004195950459688902]</MIN_VALUE>
		<SIGNATURE_THRESHOLD_MD>0</SIGNATURE_THRESHOLD_MD>
		<SIGNATURE_THRESHOLD_ML>0</SIGNATURE_THRESHOLD_ML>
		<SIGNATURE_THRESHOLD_SAM>0</SIGNATURE_THRESHOLD_SAM>
	</signature>
	<signature ID="20210420_115914000714_292">
		<MACROCLASSID>1</MACROCLASSID>
		<MACROCLASSINFO>waterbody</MACROCLASSINFO>
		<CLASSID>5</CLASSID>
		<CLASSINFO>C 1</CLASSINFO>
		<VALUES>[0.09961659625610884, 0.0021883974197053997, 0.10046769048580349, 0.006132791065435472, 0.07649592019836694, 0.003172030969678579, 0.03403009160640925, 0.0075385730140334105, 0.01843198275823584, 0.007865465541554288, 0.014100746867959117, 0.0059630362426498365]</VALUES>
		<LCS_MIN>[0.09010137617588043, 0.08074117451906204, 0.0663408413529396, 0.024257108569145203, 0.0096581457182765, 0.0074236104264855385]</LCS_MIN>
		<LCS_MAX>[0.10417895764112473, 0.1074562668800354, 0.08876066654920578, 0.06323732435703278, 0.04821627214550972, 0.03488355502486229]</LCS_MAX>
		<WAVELENGTH>[0.48, 0.56, 0.655, 0.865, 1.61, 2.2]</WAVELENGTH>
		<MEAN_VALUE>[0.09961659625610884, 0.10046769048580349, 0.07649592019836694, 0.03403009160640925, 0.01843198275823584, 0.014100746867959117]</MEAN_VALUE>
		<CHECKBOX>2</CHECKBOX>
		<SD>[0.0021883974197053997, 0.006132791065435472, 0.003172030969678579, 0.0075385730140334105, 0.007865465541554288, 0.0059630362426498365]</SD>
		<WAVELENGTH_UNIT>E-6m</WAVELENGTH_UNIT>
		<COLOR>#fb6a3b</COLOR>
		<COVARIANCE_MATRIX>[[4.824557957436767e-06, 1.2315583084802597e-05, 2.7651923540124728e-06, -2.8478959488900855e-06, -1.751028832479863e-07, -9.317720951633137e-07], [1.2315583084802597e-05, 3.7889727187487075e-05, 5.4307415485334485e-06, -1.5032187585627042e-05, -1.1004310206925304e-05, -1.1010163164955649e-05], [2.7651923540124728e-06, 5.4307415485334485e-06, 1.013631217980447e-05, 1.4203715298477912e-05, 1.5381415897709013e-05, 1.1193384778321943e-05], [-2.8478959488900855e-06, -1.5032187585627042e-05, 1.4203715298477912e-05, 5.7251046666341735e-05, 5.6312550959122725e-05, 4.1807223503138714e-05], [-1.751028832479863e-07, -1.1004310206925304e-05, 1.5381415897709013e-05, 5.6312550959122725e-05, 6.232381150526956e-05, 4.6712560059789895e-05], [-9.317720951633137e-07, -1.1010163164955649e-05, 1.1193384778321943e-05, 4.1807223503138714e-05, 4.6712560059789895e-05, 3.582119235138626e-05]]</COVARIANCE_MATRIX>
		<ROI_SIZE>136</ROI_SIZE>
		<MAX_VALUE>[0.10417895764112473, 0.1074562668800354, 0.08876066654920578, 0.06323732435703278, 0.04821627214550972, 0.03488355502486229]</MAX_VALUE>
		<MIN_VALUE>[0.09010137617588043, 0.08074117451906204, 0.0663408413529396, 0.024257108569145203, 0.0096581457182765, 0.0074236104264855385]</MIN_VALUE>
		<SIGNATURE_THRESHOLD_MD>0</SIGNATURE_THRESHOLD_MD>
		<SIGNATURE_THRESHOLD_ML>0</SIGNATURE_THRESHOLD_ML>
		<SIGNATURE_THRESHOLD_SAM>0</SIGNATURE_THRESHOLD_SAM>
	</signature>
	<signature ID="20210420_115923545902_855">
		<MACROCLASSID>1</MACROCLASSID>
		<MACROCLASSINFO>waterbody</MACROCLASSINFO>
		<CLASSID>6</CLASSID>
		<CLASSINFO>C 1</CLASSINFO>
		<VALUES>[0.09858917321642528, 0.0017282950105714193, 0.08783251276948069, 0.001954860264181753, 0.05696761346041729, 0.0040670731830799054, 0.0324595091195488, 0.0051938404766029645, 0.016170173539766967, 0.005486307353473025, 0.011767441135319615, 0.00421712317335894]</VALUES>
		<LCS_MIN>[0.09390010684728622, 0.08126255869865417, 0.05196532979607582, 0.027037866413593292, 0.008689855225384235, 0.006902223452925682]</LCS_MIN>
		<LCS_MAX>[0.10790318250656128, 0.09640773385763168, 0.08846273273229599, 0.06857537478208542, 0.05127014219760895, 0.03982437029480934]</LCS_MAX>
		<WAVELENGTH>[0.48, 0.56, 0.655, 0.865, 1.61, 2.2]</WAVELENGTH>
		<MEAN_VALUE>[0.09858917321642528, 0.08783251276948069, 0.05696761346041729, 0.0324595091195488, 0.016170173539766967, 0.011767441135319615]</MEAN_VALUE>
		<CHECKBOX>2</CHECKBOX>
		<SD>[0.0017282950105714193, 0.001954860264181753, 0.0040670731830799054, 0.0051938404766029645, 0.005486307353473025, 0.00421712317335894]</SD>
		<WAVELENGTH_UNIT>E-6m</WAVELENGTH_UNIT>
		<COLOR>#5822e9</COLOR>
		<COVARIANCE_MATRIX>[[2.720365322374296e-06, 2.7432444125879446e-06, 2.0337521632801893e-06, 3.1933745192691864e-06, 2.4594639935962147e-06, 1.970168303990843e-06], [2.7432444125879446e-06, 6.987936703786248e-06, 8.508484311536619e-06, 4.467942984172934e-06, 4.009306028407364e-06, 3.188684502979363e-06], [2.0337521632801893e-06, 8.508484311536619e-06, 2.2648961017520236e-05, 1.802813355378567e-05, 1.9160644253110536e-05, 1.4878355201959775e-05], [3.1933745192691864e-06, 4.467942984172934e-06, 1.802813355378567e-05, 2.7470344617003282e-05, 2.7618615251719724e-05, 2.0901943915302693e-05], [2.4594639935962147e-06, 4.009306028407364e-06, 1.9160644253110536e-05, 2.7618615251719724e-05, 3.0196062637505012e-05, 2.2738398916806555e-05], [1.970168303990843e-06, 3.188684502979363e-06, 1.4878355201959775e-05, 2.0901943915302693e-05, 2.2738398916806555e-05, 1.7481936487128e-05]]</COVARIANCE_MATRIX>
		<ROI_SIZE>2831</ROI_SIZE>
		<MAX_VALUE>[0.10790318250656128, 0.09640773385763168, 0.08846273273229599, 0.06857537478208542, 0.05127014219760895, 0.03982437029480934]</MAX_VALUE>
		<MIN_VALUE>[0.09390010684728622, 0.08126255869865417, 0.05196532979607582, 0.027037866413593292, 0.008689855225384235, 0.006902223452925682]</MIN_VALUE>
		<SIGNATURE_THRESHOLD_MD>0</SIGNATURE_THRESHOLD_MD>
		<SIGNATURE_THRESHOLD_ML>0</SIGNATURE_THRESHOLD_ML>
		<SIGNATURE_THRESHOLD_SAM>0</SIGNATURE_THRESHOLD_SAM>
	</signature>
	<signature ID="20210420_115930715705_432">
		<MACROCLASSID>1</MACROCLASSID>
		<MACROCLASSINFO>waterbody</MACROCLASSINFO>
		<CLASSID>7</CLASSID>
		<CLASSINFO>C 1</CLASSINFO>
		<VALUES>[0.10143138705030523, 0.0025904792461786483, 0.10199376253920887, 0.0062953825095374075, 0.07116520300526324, 0.004019261154932485, 0.030678207663088663, 0.006655769067108852, 0.013534723360016291, 0.006255498877443825, 0.009733979931408896, 0.004934251842363284]</VALUES>
		<LCS_MIN>[0.0845150575041771, 0.0651739239692688, 0.050277017056941986, 0.023015698418021202, 0.006480144802480936, 0.004915974102914333]</LCS_MIN>
		<LCS_MAX>[0.10944253206253052, 0.11602199822664261, 0.09978437423706055, 0.06867467612028122, 0.049333542585372925, 0.041860271245241165]</LCS_MAX>
		<WAVELENGTH>[0.48, 0.56, 0.655, 0.865, 1.61, 2.2]</WAVELENGTH>
		<MEAN_VALUE>[0.10143138705030523, 0.10199376253920887, 0.07116520300526324, 0.030678207663088663, 0.013534723360016291, 0.009733979931408896]</MEAN_VALUE>
		<CHECKBOX>2</CHECKBOX>
		<SD>[0.0025904792461786483, 0.0062953825095374075, 0.004019261154932485, 0.006655769067108852, 0.006255498877443825, 0.004934251842363284]</SD>
		<WAVELENGTH_UNIT>E-6m</WAVELENGTH_UNIT>
		<COLOR>#307137</COLOR>
		<COVARIANCE_MATRIX>[[6.7190556828682525e-06, 1.5783616115925898e-05, 8.005252646759532e-06, -4.73291573046228e-06, -2.2212225108519086e-06, -9.524247491493869e-07], [1.5783616115925898e-05, 3.968188114459777e-05, 1.871062048007407e-05, -1.4409206272276028e-05, -8.692009102446909e-06, -5.074681037662604e-06], [8.005252646759532e-06, 1.871062048007407e-05, 1.6174857277296363e-05, 3.6362405371736744e-06, 7.059092982850632e-06, 7.000477404761724e-06], [-4.73291573046228e-06, -1.4409206272276028e-05, 3.6362405371736744e-06, 4.4355195286140935e-05, 3.900910891495443e-05, 2.955331322203074e-05], [-2.2212225108519086e-06, -8.692009102446909e-06, 7.059092982850632e-06, 3.900910891495443e-05, 3.918067437010213e-05, 3.0373766940127686e-05], [-9.524247491493869e-07, -5.074681037662604e-06, 7.000477404761724e-06, 2.955331322203074e-05, 3.0373766940127686e-05, 2.4377582205032005e-05]]</COVARIANCE_MATRIX>
		<ROI_SIZE>793</ROI_SIZE>
		<MAX_VALUE>[0.10944253206253052, 0.11602199822664261, 0.09978437423706055, 0.06867467612028122, 0.049333542585372925, 0.041860271245241165]</MAX_VALUE>
		<MIN_VALUE>[0.0845150575041771, 0.0651739239692688, 0.050277017056941986, 0.023015698418021202, 0.006480144802480936, 0.004915974102914333]</MIN_VALUE>
		<SIGNATURE_THRESHOLD_MD>0</SIGNATURE_THRESHOLD_MD>
		<SIGNATURE_THRESHOLD_ML>0</SIGNATURE_THRESHOLD_ML>
		<SIGNATURE_THRESHOLD_SAM>0</SIGNATURE_THRESHOLD_SAM>
	</signature>
	<signature ID="20210420_115943996675_373">
		<MACROCLASSID>1</MACROCLASSID>
		<MACROCLASSINFO>waterbody</MACROCLASSINFO>
		<CLASSID>8</CLASSID>
		<CLASSINFO>C 1</CLASSINFO>
		<VALUES>[0.11195199912200211, 0.0033870123218167777, 0.09493860373365093, 0.006437038562015372, 0.07357987439351495, 0.008997196944385413, 0.052401505540445696, 0.00825875430820483, 0.025511387109634312, 0.009500943574064094, 0.01701186367188444, 0.007718318493853652]</VALUES>
		<LCS_MIN>[0.09695395082235336, 0.06899745762348175, 0.05221361666917801, 0.043076857924461365, 0.014623778872191906, 0.008590537123382092]</LCS_MIN>
		<LCS_MAX>[0.11800824105739594, 0.10658728331327438, 0.09618429094552994, 0.08511093258857727, 0.058246858417987823, 0.050599776208400726]</LCS_MAX>
		<WAVELENGTH>[0.48, 0.56, 0.655, 0.865, 1.61, 2.2]</WAVELENGTH>
		<MEAN_VALUE>[0.11195199912200211, 0.09493860373365093, 0.07357987439351495, 0.052401505540445696, 0.025511387109634312, 0.01701186367188444]</MEAN_VALUE>
		<CHECKBOX>2</CHECKBOX>
		<SD>[0.0033870123218167777, 0.006437038562015372, 0.008997196944385413, 0.00825875430820483, 0.009500943574064094, 0.007718318493853652]</SD>
		<WAVELENGTH_UNIT>E-6m</WAVELENGTH_UNIT>
		<COLOR>#8ca834</COLOR>
		<COVARIANCE_MATRIX>[[1.677888468269822e-05, 3.066879069294317e-05, 3.2746610692617245e-05, -3.027649842504323e-06, -4.820587736787667e-06, 1.8893843776482545e-06], [3.066879069294317e-05, 5.8464151223887946e-05, 6.59417510345511e-05, -4.515550772371319e-06, -8.245911831994863e-06, 3.920848783024307e-06], [3.2746610692617245e-05, 6.59417510345511e-05, 0.00010233058598058098, 2.003966453082871e-05, 1.661883081396878e-05, 2.497079273232182e-05], [-3.027649842504323e-06, -4.515550772371319e-06, 2.003966453082871e-05, 6.958621310843099e-05, 7.650963996639458e-05, 5.8990950908099227e-05], [-4.820587736787667e-06, -8.245911831994863e-06, 1.661883081396878e-05, 7.650963996639458e-05, 9.65164935645438e-05, 7.361881377579638e-05], [1.8893843776482545e-06, 3.920848783024307e-06, 2.497079273232182e-05, 5.8990950908099227e-05, 7.361881377579638e-05, 6.451639229071635e-05]]</COVARIANCE_MATRIX>
		<ROI_SIZE>729</ROI_SIZE>
		<MAX_VALUE>[0.11800824105739594, 0.10658728331327438, 0.09618429094552994, 0.08511093258857727, 0.058246858417987823, 0.050599776208400726]</MAX_VALUE>
		<MIN_VALUE>[0.09695395082235336, 0.06899745762348175, 0.05221361666917801, 0.043076857924461365, 0.014623778872191906, 0.008590537123382092]</MIN_VALUE>
		<SIGNATURE_THRESHOLD_MD>0</SIGNATURE_THRESHOLD_MD>
		<SIGNATURE_THRESHOLD_ML>0</SIGNATURE_THRESHOLD_ML>
		<SIGNATURE_THRESHOLD_SAM>0</SIGNATURE_THRESHOLD_SAM>
	</signature>
	<signature ID="20210420_115953128709_531">
		<MACROCLASSID>1</MACROCLASSID>
		<MACROCLASSINFO>waterbody</MACROCLASSINFO>
		<CLASSID>9</CLASSID>
		<CLASSINFO>C 1</CLASSINFO>
		<VALUES>[0.11724126601614464, 0.0031824955111492744, 0.09695286128221377, 0.004429713726201166, 0.06977433112079924, 0.004017839513980732, 0.05614260263814695, 0.006978857875195255, 0.02082195284723838, 0.006712763450317479, 0.012020146376721531, 0.00588491733245832]</VALUES>
		<LCS_MIN>[0.10321065783500671, 0.07758799195289612, 0.05717923864722252, 0.0472479909658432, 0.014896889217197895, 0.006182209122925997]</LCS_MIN>
		<LCS_MAX>[0.12476149946451187, 0.11214879900217056, 0.093229740858078, 0.0869978591799736, 0.054895054548978806, 0.047421783208847046]</LCS_MAX>
		<WAVELENGTH>[0.48, 0.56, 0.655, 0.865, 1.61, 2.2]</WAVELENGTH>
		<MEAN_VALUE>[0.11724126601614464, 0.09695286128221377, 0.06977433112079924, 0.05614260263814695, 0.02082195284723838, 0.012020146376721531]</MEAN_VALUE>
		<CHECKBOX>2</CHECKBOX>
		<SD>[0.0031824955111492744, 0.004429713726201166, 0.004017839513980732, 0.006978857875195255, 0.006712763450317479, 0.00588491733245832]</SD>
		<WAVELENGTH_UNIT>E-6m</WAVELENGTH_UNIT>
		<COLOR>#085489</COLOR>
		<COVARIANCE_MATRIX>[[8.490495318411175e-06, 1.1100655968743654e-05, 7.863993080268922e-06, -2.895511046778201e-06, 8.317979834076705e-07, 1.8317806341579827e-06], [1.1100655968743654e-05, 1.6033082217591138e-05, 1.2192273071361561e-05, -1.4246027350125318e-06, 2.9797746851886264e-06, 4.27288892821081e-06], [7.863993080268922e-06, 1.2192273071361561e-05, 1.427189938335844e-05, 1.0787482846072267e-05, 1.372331257126239e-05, 1.2877955510516049e-05], [-2.895511046778201e-06, -1.4246027350125318e-06, 1.0787482846072267e-05, 4.30770879507841e-05, 3.705068728132429e-05, 3.024278348533186e-05], [8.317979834076705e-07, 2.9797746851886264e-06, 1.372331257126239e-05, 3.705068728132429e-05, 4.074755370870401e-05, 3.505885703423186e-05], [1.8317806341579827e-06, 4.27288892821081e-06, 1.2877955510516049e-05, 3.024278348533186e-05, 3.505885703423186e-05, 3.1618747872863764e-05]]</COVARIANCE_MATRIX>
		<ROI_SIZE>2611</ROI_SIZE>
		<MAX_VALUE>[0.12476149946451187, 0.11214879900217056, 0.093229740858078, 0.0869978591799736, 0.054895054548978806, 0.047421783208847046]</MAX_VALUE>
		<MIN_VALUE>[0.10321065783500671, 0.07758799195289612, 0.05717923864722252, 0.0472479909658432, 0.014896889217197895, 0.006182209122925997]</MIN_VALUE>
		<SIGNATURE_THRESHOLD_MD>0</SIGNATURE_THRESHOLD_MD>
		<SIGNATURE_THRESHOLD_ML>0</SIGNATURE_THRESHOLD_ML>
		<SIGNATURE_THRESHOLD_SAM>0</SIGNATURE_THRESHOLD_SAM>
	</signature>
	<signature ID="20210420_120022632649_261">
		<MACROCLASSID>1</MACROCLASSID>
		<MACROCLASSINFO>waterbody</MACROCLASSINFO>
		<CLASSID>10</CLASSID>
		<CLASSINFO>C 1</CLASSINFO>
		<VALUES>[0.10048888773101877, 0.0022505574538948187, 0.08909961877186383, 0.004234480320720555, 0.057372142587791906, 0.0056414094927108895, 0.03323579004591077, 0.007277510777416254, 0.018114407408235573, 0.00828181172786604, 0.014296537646577522, 0.00730008765495206]</VALUES>
		<LCS_MIN>[0.09462011605501175, 0.0793011337518692, 0.04853905364871025, 0.02204739861190319, 0.004245609510689974, 0.0024579870514571667]</LCS_MIN>
		<LCS_MAX>[0.1073569655418396, 0.10249064117670059, 0.09146693348884583, 0.06778086721897125, 0.05154325067996979, 0.04667692631483078]</LCS_MAX>
		<WAVELENGTH>[0.48, 0.56, 0.655, 0.865, 1.61, 2.2]</WAVELENGTH>
		<MEAN_VALUE>[0.10048888773101877, 0.08909961877186383, 0.057372142587791906, 0.03323579004591077, 0.018114407408235573, 0.014296537646577522]</MEAN_VALUE>
		<CHECKBOX>2</CHECKBOX>
		<SD>[0.0022505574538948187, 0.004234480320720555, 0.0056414094927108895, 0.007277510777416254, 0.00828181172786604, 0.00730008765495206]</SD>
		<WAVELENGTH_UNIT>E-6m</WAVELENGTH_UNIT>
		<COLOR>#fe2b61</COLOR>
		<COVARIANCE_MATRIX>[[5.071404066480142e-06, 8.701774284184306e-06, 5.537605522230678e-06, 1.2869277081987667e-06, 1.3903689330810987e-06, 1.4852397313288019e-06], [8.701774284184306e-06, 1.7953463515340573e-05, 1.40848601564209e-05, 4.3154909778233594e-06, 4.143398155552177e-06, 4.740262882798264e-06], [5.537605522230678e-06, 1.40848601564209e-05, 3.186568477791369e-05, 3.2890013132384596e-05, 3.4682315523030654e-05, 3.184747831999165e-05], [1.2869277081987667e-06, 4.3154909778233594e-06, 3.2890013132384596e-05, 5.302903453348483e-05, 5.514346428510199e-05, 4.913600163686161e-05], [1.3903689330810987e-06, 4.143398155552177e-06, 3.4682315523030654e-05, 5.514346428510199e-05, 6.867500701791014e-05, 5.9555052573973246e-05], [1.4852397313288019e-06, 4.740262882798264e-06, 3.184747831999165e-05, 4.913600163686161e-05, 5.9555052573973246e-05, 5.335856673939011e-05]]</COVARIANCE_MATRIX>
		<ROI_SIZE>793</ROI_SIZE>
		<MAX_VALUE>[0.1073569655418396, 0.10249064117670059, 0.09146693348884583, 0.06778086721897125, 0.05154325067996979, 0.04667692631483078]</MAX_VALUE>
		<MIN_VALUE>[0.09462011605501175, 0.0793011337518692, 0.04853905364871025, 0.02204739861190319, 0.004245609510689974, 0.0024579870514571667]</MIN_VALUE>
		<SIGNATURE_THRESHOLD_MD>0</SIGNATURE_THRESHOLD_MD>
		<SIGNATURE_THRESHOLD_ML>0</SIGNATURE_THRESHOLD_ML>
		<SIGNATURE_THRESHOLD_SAM>0</SIGNATURE_THRESHOLD_SAM>
	</signature>
	<signature ID="20210420_120028344967_521">
		<MACROCLASSID>1</MACROCLASSID>
		<MACROCLASSINFO>waterbody</MACROCLASSINFO>
		<CLASSID>11</CLASSID>
		<CLASSINFO>C 1</CLASSINFO>
		<VALUES>[0.10021250605868375, 0.0016424308608764637, 0.10208317166880558, 0.0024575927290801224, 0.0912092704878469, 0.0055948181766148405, 0.04406023786612672, 0.009676090973129856, 0.02376980991347841, 0.00953821386799034, 0.018227428046353678, 0.007291700031765114]</VALUES>
		<LCS_MIN>[0.09506702423095703, 0.0920628011226654, 0.08151084184646606, 0.03391525521874428, 0.013580994680523872, 0.010030574165284634]</LCS_MIN>
		<LCS_MAX>[0.1050231084227562, 0.10698453336954117, 0.11321639269590378, 0.08054254204034805, 0.05665786191821098, 0.04352375864982605]</LCS_MAX>
		<WAVELENGTH>[0.48, 0.56, 0.655, 0.865, 1.61, 2.2]</WAVELENGTH>
		<MEAN_VALUE>[0.10021250605868375, 0.10208317166880558, 0.0912092704878469, 0.04406023786612672, 0.02376980991347841, 0.018227428046353678]</MEAN_VALUE>
		<CHECKBOX>2</CHECKBOX>
		<SD>[0.0016424308608764637, 0.0024575927290801224, 0.0055948181766148405, 0.009676090973129856, 0.00953821386799034, 0.007291700031765114]</SD>
		<WAVELENGTH_UNIT>E-6m</WAVELENGTH_UNIT>
		<COLOR>#8e1458</COLOR>
		<COVARIANCE_MATRIX>[[2.7105482632054567e-06, 2.6936059267190374e-06, 3.6169782360380535e-06, 2.9036035350790424e-06, 3.094351790810661e-06, 3.116211862601902e-06], [2.6936059267190374e-06, 6.06879933944106e-06, 6.863319446517053e-06, -2.3257182086352374e-06, -2.729794651820603e-06, -1.2757686346815929e-06], [3.6169782360380535e-06, 6.863319446517053e-06, 3.145248076798259e-05, 2.3170091105892372e-05, 1.7135366514317595e-05, 1.468141546946038e-05], [2.9036035350790424e-06, -2.3257182086352374e-06, 2.3170091105892372e-05, 9.407686506124793e-05, 8.684670312126015e-05, 6.488211178249986e-05], [3.094351790810661e-06, -2.729794651820603e-06, 1.7135366514317595e-05, 8.684670312126015e-05, 9.14149157328286e-05, 6.866724490646961e-05], [3.116211862601902e-06, -1.2757686346815929e-06, 1.468141546946038e-05, 6.488211178249986e-05, 6.866724490646961e-05, 5.3424509013595497e-05]]</COVARIANCE_MATRIX>
		<ROI_SIZE>209</ROI_SIZE>
		<MAX_VALUE>[0.1050231084227562, 0.10698453336954117, 0.11321639269590378, 0.08054254204034805, 0.05665786191821098, 0.04352375864982605]</MAX_VALUE>
		<MIN_VALUE>[0.09506702423095703, 0.0920628011226654, 0.08151084184646606, 0.03391525521874428, 0.013580994680523872, 0.010030574165284634]</MIN_VALUE>
		<SIGNATURE_THRESHOLD_MD>0</SIGNATURE_THRESHOLD_MD>
		<SIGNATURE_THRESHOLD_ML>0</SIGNATURE_THRESHOLD_ML>
		<SIGNATURE_THRESHOLD_SAM>0</SIGNATURE_THRESHOLD_SAM>
	</signature>
	<signature ID="20210420_120043512304_398">
		<MACROCLASSID>1</MACROCLASSID>
		<MACROCLASSINFO>waterbody</MACROCLASSINFO>
		<CLASSID>12</CLASSID>
		<CLASSINFO>C 1</CLASSINFO>
		<VALUES>[0.09866148036605901, 0.0014889280810003402, 0.08616811441222455, 0.003948490468364588, 0.061129033477660584, 0.002711931233266765, 0.03626011724074215, 0.009668862631140532, 0.018071967519749463, 0.009180671736830901, 0.012768578880361082, 0.006689375945528199]</VALUES>
		<LCS_MIN>[0.09248488396406174, 0.07130646705627441, 0.05561506748199463, 0.027236483991146088, 0.008516053669154644, 0.00608289148658514]</LCS_MIN>
		<LCS_MAX>[0.10162165760993958, 0.0920131504535675, 0.0743355080485344, 0.07123199105262756, 0.05221361666917801, 0.046130724251270294]</LCS_MAX>
		<WAVELENGTH>[0.48, 0.56, 0.655, 0.865, 1.61, 2.2]</WAVELENGTH>
		<MEAN_VALUE>[0.09866148036605901, 0.08616811441222455, 0.061129033477660584, 0.03626011724074215, 0.018071967519749463, 0.012768578880361082]</MEAN_VALUE>
		<CHECKBOX>2</CHECKBOX>
		<SD>[0.0014889280810003402, 0.003948490468364588, 0.002711931233266765, 0.009668862631140532, 0.009180671736830901, 0.006689375945528199]</SD>
		<WAVELENGTH_UNIT>E-6m</WAVELENGTH_UNIT>
		<COLOR>#442f0c</COLOR>
		<COVARIANCE_MATRIX>[[2.2274134978339588e-06, 5.444210622542993e-06, 1.3650308935478262e-06, -4.609482762337166e-06, -2.593820292400451e-06, -1.3734797648025933e-06], [5.444210622542993e-06, 1.5664465969186797e-05, 2.0185037419115186e-06, -1.1560267877541451e-05, -6.85026736488823e-06, -3.737206069234904e-06], [1.3650308935478262e-06, 2.0185037419115186e-06, 7.3894268007639125e-06, 1.3063031771296767e-05, 1.2746959086187267e-05, 9.933969987775093e-06], [-4.609482762337166e-06, -1.1560267877541451e-05, 1.3063031771296767e-05, 9.392997047834856e-05, 7.989093282965289e-05, 5.760760964981018e-05], [-2.593820292400451e-06, -6.85026736488823e-06, 1.2746959086187267e-05, 7.989093282965289e-05, 8.468418725290286e-05, 6.069460547017354e-05], [-1.3734797648025933e-06, -3.737206069234904e-06, 9.933969987775093e-06, 5.760760964981018e-05, 6.069460547017354e-05, 4.4959825187723194e-05]]</COVARIANCE_MATRIX>
		<ROI_SIZE>212</ROI_SIZE>
		<MAX_VALUE>[0.10162165760993958, 0.0920131504535675, 0.0743355080485344, 0.07123199105262756, 0.05221361666917801, 0.046130724251270294]</MAX_VALUE>
		<MIN_VALUE>[0.09248488396406174, 0.07130646705627441, 0.05561506748199463, 0.027236483991146088, 0.008516053669154644, 0.00608289148658514]</MIN_VALUE>
		<SIGNATURE_THRESHOLD_MD>0</SIGNATURE_THRESHOLD_MD>
		<SIGNATURE_THRESHOLD_ML>0</SIGNATURE_THRESHOLD_ML>
		<SIGNATURE_THRESHOLD_SAM>0</SIGNATURE_THRESHOLD_SAM>
	</signature>
	<signature ID="20210420_120049721104_420">
		<MACROCLASSID>1</MACROCLASSID>
		<MACROCLASSINFO>waterbody</MACROCLASSINFO>
		<CLASSID>13</CLASSID>
		<CLASSINFO>C 1</CLASSINFO>
		<VALUES>[0.09846484995959853, 0.001397212781442113, 0.08896263822745737, 0.0020348015567858897, 0.06340414189388241, 0.005278590686014695, 0.041203580880432966, 0.008653587627351057, 0.022196090173269244, 0.010339812684738216, 0.016599432764093536, 0.008489099772194097]</VALUES>
		<LCS_MIN>[0.0969787985086441, 0.08481299132108688, 0.05931447446346283, 0.03274833783507347, 0.012712012976408005, 0.009335385635495186]</LCS_MIN>
		<LCS_MAX>[0.10402998328208923, 0.09558841586112976, 0.08237982541322708, 0.07254787534475327, 0.05536678060889244, 0.041909921914339066]</LCS_MAX>
		<WAVELENGTH>[0.48, 0.56, 0.655, 0.865, 1.61, 2.2]</WAVELENGTH>
		<MEAN_VALUE>[0.09846484995959853, 0.08896263822745737, 0.06340414189388241, 0.041203580880432966, 0.022196090173269244, 0.016599432764093536]</MEAN_VALUE>
		<CHECKBOX>2</CHECKBOX>
		<SD>[0.001397212781442113, 0.0020348015567858897, 0.005278590686014695, 0.008653587627351057, 0.010339812684738216, 0.008489099772194097]</SD>
		<WAVELENGTH_UNIT>E-6m</WAVELENGTH_UNIT>
		<COLOR>#ef026c</COLOR>
		<COVARIANCE_MATRIX>[[1.9743876879504836e-06, 2.2360971697691104e-06, 5.723055871482196e-06, 8.577997274951553e-06, 9.465355297905615e-06, 8.146378381519325e-06], [2.2360971697691104e-06, 4.187467572947175e-06, 8.33449924235267e-06, 9.595564658945935e-06, 8.623436360225502e-06, 8.466929938263105e-06], [5.723055871482196e-06, 8.33449924235267e-06, 2.8180150535372983e-05, 4.027654107076111e-05, 3.9868622159832894e-05, 3.5285747357166176e-05], [8.577997274951553e-06, 9.595564658945935e-06, 4.027654107076111e-05, 7.573553994724603e-05, 7.96172036000493e-05, 6.723438406040563e-05], [9.465355297905615e-06, 8.623436360225502e-06, 3.9868622159832894e-05, 7.96172036000493e-05, 0.00010812663233678551, 8.790512161751149e-05], [8.146378381519325e-06, 8.466929938263105e-06, 3.5285747357166176e-05, 6.723438406040563e-05, 8.790512161751149e-05, 7.28837332938825e-05]]</COVARIANCE_MATRIX>
		<ROI_SIZE>89</ROI_SIZE>
		<MAX_VALUE>[0.10402998328208923, 0.09558841586112976, 0.08237982541322708, 0.07254787534475327, 0.05536678060889244, 0.041909921914339066]</MAX_VALUE>
		<MIN_VALUE>[0.0969787985086441, 0.08481299132108688, 0.05931447446346283, 0.03274833783507347, 0.012712012976408005, 0.009335385635495186]</MIN_VALUE>
		<SIGNATURE_THRESHOLD_MD>0</SIGNATURE_THRESHOLD_MD>
		<SIGNATURE_THRESHOLD_ML>0</SIGNATURE_THRESHOLD_ML>
		<SIGNATURE_THRESHOLD_SAM>0</SIGNATURE_THRESHOLD_SAM>
	</signature>
	<signature ID="20210420_120105078745_847">
		<MACROCLASSID>1</MACROCLASSID>
		<MACROCLASSINFO>waterbody</MACROCLASSINFO>
		<CLASSID>14</CLASSID>
		<CLASSINFO>C 1</CLASSINFO>
		<VALUES>[0.10384454575069708, 0.0022918292903157072, 0.08987916944185231, 0.0038003128098513576, 0.06471124490823492, 0.005153080520311828, 0.04493793395359487, 0.010097502763104881, 0.023786608315231387, 0.011597093772434562, 0.01704849307212778, 0.009514245562005665]</VALUES>
		<LCS_MIN>[0.09394975006580353, 0.07366514205932617, 0.05598749592900276, 0.03386560454964638, 0.010278850793838501, 0.0074484446085989475]</LCS_MIN>
		<LCS_MAX>[0.11105635017156601, 0.10390584170818329, 0.0920131504535675, 0.07366514205932617, 0.05467161163687706, 0.04637899249792099]</LCS_MAX>
		<WAVELENGTH>[0.48, 0.56, 0.655, 0.865, 1.61, 2.2]</WAVELENGTH>
		<MEAN_VALUE>[0.10384454575069708, 0.08987916944185231, 0.06471124490823492, 0.04493793395359487, 0.023786608315231387, 0.01704849307212778]</MEAN_VALUE>
		<CHECKBOX>2</CHECKBOX>
		<SD>[0.0022918292903157072, 0.0038003128098513576, 0.005153080520311828, 0.010097502763104881, 0.011597093772434562, 0.009514245562005665]</SD>
		<WAVELENGTH_UNIT>E-6m</WAVELENGTH_UNIT>
		<COLOR>#e9e71f</COLOR>
		<COVARIANCE_MATRIX>[[5.274366835515456e-06, 8.32835367640161e-06, 8.498352680151185e-06, 7.877771082425577e-07, 2.2559489981502322e-06, 3.674267490847683e-06], [8.32835367640161e-06, 1.4502554025439982e-05, 1.539493736199626e-05, 1.8028933003294615e-06, 4.040647630835944e-06, 7.310645289741847e-06], [8.498352680151185e-06, 1.539493736199626e-05, 2.6664881510687346e-05, 3.090912954314728e-05, 3.6347529600840446e-05, 3.2278672224074194e-05], [7.877771082425577e-07, 1.8028933003294615e-06, 3.090912954314728e-05, 0.00010238439355945624, 0.0001139136863378401, 8.576255234713324e-05], [2.2559489981502322e-06, 4.040647630835944e-06, 3.6347529600840446e-05, 0.0001139136863378401, 0.0001350529697331682, 0.0001055519040702812], [3.674267490847683e-06, 7.310645289741847e-06, 3.2278672224074194e-05, 8.576255234713324e-05, 0.0001055519040702812, 9.089803890003671e-05]]</COVARIANCE_MATRIX>
		<ROI_SIZE>241</ROI_SIZE>
		<MAX_VALUE>[0.11105635017156601, 0.10390584170818329, 0.0920131504535675, 0.07366514205932617, 0.05467161163687706, 0.04637899249792099]</MAX_VALUE>
		<MIN_VALUE>[0.09394975006580353, 0.07366514205932617, 0.05598749592900276, 0.03386560454964638, 0.010278850793838501, 0.0074484446085989475]</MIN_VALUE>
		<SIGNATURE_THRESHOLD_MD>0</SIGNATURE_THRESHOLD_MD>
		<SIGNATURE_THRESHOLD_ML>0</SIGNATURE_THRESHOLD_ML>
		<SIGNATURE_THRESHOLD_SAM>0</SIGNATURE_THRESHOLD_SAM>
	</signature>
	<signature ID="20210420_120115520915_891">
		<MACROCLASSID>1</MACROCLASSID>
		<MACROCLASSINFO>waterbody</MACROCLASSINFO>
		<CLASSID>15</CLASSID>
		<CLASSINFO>C 1</CLASSINFO>
		<VALUES>[0.1204371019368218, 0.003962970664885351, 0.09530585408454768, 0.0054998426628959955, 0.07011885175025939, 0.005195261168333845, 0.06384041737236372, 0.008983413972945078, 0.025573162171851453, 0.007914687058323747, 0.014593260830439074, 0.005878462182712942]</VALUES>
		<LCS_MIN>[0.11140395700931549, 0.08307500928640366, 0.0613255500793457, 0.05283430963754654, 0.012240275740623474, 0.008689855225384235]</LCS_MIN>
		<LCS_MAX>[0.13948459923267365, 0.11785927414894104, 0.09365181624889374, 0.09730155766010284, 0.06023310497403145, 0.04568380117416382]</LCS_MAX>
		<WAVELENGTH>[0.48, 0.56, 0.655, 0.865, 1.61, 2.2]</WAVELENGTH>
		<MEAN_VALUE>[0.1204371019368218, 0.09530585408454768, 0.07011885175025939, 0.06384041737236372, 0.025573162171851453, 0.014593260830439074]</MEAN_VALUE>
		<CHECKBOX>2</CHECKBOX>
		<SD>[0.003962970664885351, 0.0054998426628959955, 0.005195261168333845, 0.008983413972945078, 0.007914687058323747, 0.005878462182712942]</SD>
		<WAVELENGTH_UNIT>E-6m</WAVELENGTH_UNIT>
		<COLOR>#ba6a55</COLOR>
		<COVARIANCE_MATRIX>[[1.57137138454611e-05, 2.0900665722843073e-05, 1.825669753042816e-05, 2.0952170267337622e-05, 7.283805511630436e-06, 3.2874030020619204e-06], [2.0900665722843073e-05, 3.02647893981597e-05, 2.7228381167584737e-05, 3.52742671040238e-05, 1.593608118286474e-05, 9.303319285842618e-06], [1.825669753042816e-05, 2.7228381167584737e-05, 2.7005479589506434e-05, 4.0092697412771876e-05, 2.3684152056571865e-05, 1.547441588158889e-05], [2.0952170267337622e-05, 3.52742671040238e-05, 4.0092697412771876e-05, 8.074580182864417e-05, 5.995700510473946e-05, 4.145385691381473e-05], [7.283805511630436e-06, 1.593608118286474e-05, 2.3684152056571865e-05, 5.995700510473946e-05, 6.267648328539239e-05, 4.5555509424486224e-05], [3.2874030020619204e-06, 9.303319285842618e-06, 1.547441588158889e-05, 4.145385691381473e-05, 4.5555509424486224e-05, 3.457519055419433e-05]]</COVARIANCE_MATRIX>
		<ROI_SIZE>1832</ROI_SIZE>
		<MAX_VALUE>[0.13948459923267365, 0.11785927414894104, 0.09365181624889374, 0.09730155766010284, 0.06023310497403145, 0.04568380117416382]</MAX_VALUE>
		<MIN_VALUE>[0.11140395700931549, 0.08307500928640366, 0.0613255500793457, 0.05283430963754654, 0.012240275740623474, 0.008689855225384235]</MIN_VALUE>
		<SIGNATURE_THRESHOLD_MD>0</SIGNATURE_THRESHOLD_MD>
		<SIGNATURE_THRESHOLD_ML>0</SIGNATURE_THRESHOLD_ML>
		<SIGNATURE_THRESHOLD_SAM>0</SIGNATURE_THRESHOLD_SAM>
	</signature>
	<signature ID="20210420_120124708628_431">
		<MACROCLASSID>1</MACROCLASSID>
		<MACROCLASSINFO>waterbody</MACROCLASSINFO>
		<CLASSID>16</CLASSID>
		<CLASSINFO>C 1</CLASSINFO>
		<VALUES>[0.12034621528403715, 0.0013399915731731836, 0.10157004765625881, 0.0021194734502923184, 0.07173779929528927, 0.00496266593833477, 0.04695820540229406, 0.005651159468057516, 0.01907697504080197, 0.006475367595909392, 0.01166889957708127, 0.005678977154448566]</VALUES>
