<?xml version="1.0" ?>
<signaturelist MCID_LIST="[['1', 'waterbody', '#000000'], ['2', 'vegetation', '#000000'], ['3', 'bareland', '#000000'], ['4', 'built-up', '#000000']]">
	<signature ID="20210223_094134667359_336">
		<MACROCLASSID>1</MACROCLASSID>
		<MACROCLASSINFO>waterbody</MACROCLASSINFO>
		<CLASSID>1</CLASSID>
		<CLASSINFO>C 1</CLASSINFO>
		<VALUES>[0.12665746061024688, 0.002500811960056092, 0.12632158639541258, 0.0036213317237553514, 0.15174106272831875, 0.006203410260830411, 0.17857160888579465, 0.005787626196123009, 0.01828344796295996, 0.006796230034536903, 0.008962966918141161, 0.0047962786965991995]</VALUES>
		<LCS_MIN>[0.11481192708015442, 0.10477440059185028, 0.11631587892770767, 0.14681890606880188, 0.006699914112687111, 0.0]</LCS_MIN>
		<LCS_MAX>[0.13582932949066162, 0.1351546049118042, 0.16468676924705505, 0.21795852482318878, 0.047921232879161835, 0.045094430446624756]</LCS_MAX>
		<WAVELENGTH>[0.485, 0.56, 0.66, 0.83, 1.65, 2.215]</WAVELENGTH>
		<MEAN_VALUE>[0.12665746061024688, 0.12632158639541258, 0.15174106272831875, 0.17857160888579465, 0.01828344796295996, 0.008962966918141161]</MEAN_VALUE>
		<CHECKBOX>2</CHECKBOX>
		<SD>[0.002500811960056092, 0.0036213317237553514, 0.006203410260830411, 0.005787626196123009, 0.006796230034536903, 0.0047962786965991995]</SD>
		<WAVELENGTH_UNIT>E-6m</WAVELENGTH_UNIT>
		<COLOR>#38d5e3</COLOR>
		<COVARIANCE_MATRIX>[[6.588615633518202e-06, 5.428359600045951e-06, 1.0172601832891814e-05, 2.5783656383282505e-06, -3.8026303172955522e-06, -1.3271828720462508e-06], [5.428359600045951e-06, 1.3264680092106573e-05, 1.839702235884033e-05, 3.251261659897864e-06, -9.488473551755305e-06, -3.9065930650394876e-06], [1.0172601832891814e-05, 1.839702235884033e-05, 4.055831959703937e-05, 1.4313679912447697e-06, -2.3828630219213665e-05, -1.1065733815485146e-05], [2.5783656383282505e-06, 3.251261659897864e-06, 1.4313679912447697e-06, 3.3566484489711e-05, 1.5554063793388195e-05, 7.696526154177263e-06], [-3.8026303172955522e-06, -9.488473551755305e-06, -2.3828630219213665e-05, 1.5554063793388195e-05, 4.763556717080064e-05, 2.561783003329765e-05], [-1.3271828720462508e-06, -3.9065930650394876e-06, -1.1065733815485146e-05, 7.696526154177263e-06, 2.561783003329765e-05, 2.382127240707632e-05]]</COVARIANCE_MATRIX>
		<ROI_SIZE>1604</ROI_SIZE>
		<MAX_VALUE>[0.13582932949066162, 0.1351546049118042, 0.16468676924705505, 0.21795852482318878, 0.047921232879161835, 0.045094430446624756]</MAX_VALUE>
		<MIN_VALUE>[0.11481192708015442, 0.10477440059185028, 0.11631587892770767, 0.14681890606880188, 0.006699914112687111, 0.0]</MIN_VALUE>
		<SIGNATURE_THRESHOLD_MD>0.0</SIGNATURE_THRESHOLD_MD>
		<SIGNATURE_THRESHOLD_ML>0.0</SIGNATURE_THRESHOLD_ML>
		<SIGNATURE_THRESHOLD_SAM>0.0</SIGNATURE_THRESHOLD_SAM>
	</signature>
	<signature ID="20210223_094143245970_110">
		<MACROCLASSID>1</MACROCLASSID>
		<MACROCLASSINFO>waterbody</MACROCLASSINFO>
		<CLASSID>2</CLASSID>
		<CLASSINFO>C 1</CLASSINFO>
		<VALUES>[0.12402176392237532, 0.0026188775792969038, 0.12351213216564604, 0.004252701775570838, 0.14860917392720294, 0.008297516318040645, 0.18125772031331527, 0.007507438592048466, 0.01989006928566083, 0.008069238044723454, 0.009808821522843247, 0.00498734791039964]</VALUES>
		<LCS_MIN>[0.11319521814584732, 0.10477440059185028, 0.11062517762184143, 0.1574898362159729, 0.008989988826215267, 0.0]</LCS_MIN>
		<LCS_MAX>[0.13097916543483734, 0.1317790001630783, 0.1589960902929306, 0.2215154767036438, 0.05021130293607712, 0.03193942457437515]</LCS_MAX>
		<WAVELENGTH>[0.485, 0.56, 0.66, 0.83, 1.65, 2.215]</WAVELENGTH>
		<MEAN_VALUE>[0.12402176392237532, 0.12351213216564604, 0.14860917392720294, 0.18125772031331527, 0.01989006928566083, 0.009808821522843247]</MEAN_VALUE>
		<CHECKBOX>2</CHECKBOX>
		<SD>[0.0026188775792969038, 0.004252701775570838, 0.008297516318040645, 0.007507438592048466, 0.008069238044723454, 0.00498734791039964]</SD>
		<WAVELENGTH_UNIT>E-6m</WAVELENGTH_UNIT>
		<COLOR>#4f0b11</COLOR>
		<COVARIANCE_MATRIX>[[7.135306077543646e-06, 7.64791820984101e-06, 1.4481898688245565e-05, 1.2995395763937267e-06, -6.9149018600001e-06, -2.481885303495801e-06], [7.64791820984101e-06, 1.7942504200618714e-05, 2.8699163522105664e-05, 6.90949491399806e-07, -1.5172779967542738e-05, -6.216213023435557e-06], [1.4481898688245565e-05, 2.8699163522105664e-05, 6.335011130431667e-05, -6.855819719930878e-06, -3.866139377350919e-05, -1.779296508175321e-05], [1.2995395763937267e-06, 6.90949491399806e-07, -6.855819719930878e-06, 5.145664545125328e-05, 3.136273880954832e-05, 1.5658271877327934e-05], [-6.9149018600001e-06, -1.5172779967542738e-05, -3.866139377350919e-05, 3.136273880954832e-05, 6.562151247635484e-05, 3.383061630302109e-05], [-2.481885303495801e-06, -6.216213023435557e-06, -1.779296508175321e-05, 1.5658271877327934e-05, 3.383061630302109e-05, 2.7140602469444275e-05]]</COVARIANCE_MATRIX>
		<ROI_SIZE>807</ROI_SIZE>
		<MAX_VALUE>[0.13097916543483734, 0.1317790001630783, 0.1589960902929306, 0.2215154767036438, 0.05021130293607712, 0.03193942457437515]</MAX_VALUE>
		<MIN_VALUE>[0.11319521814584732, 0.10477440059185028, 0.11062517762184143, 0.1574898362159729, 0.008989988826215267, 0.0]</MIN_VALUE>
		<SIGNATURE_THRESHOLD_MD>0.0</SIGNATURE_THRESHOLD_MD>
		<SIGNATURE_THRESHOLD_ML>0.0</SIGNATURE_THRESHOLD_ML>
		<SIGNATURE_THRESHOLD_SAM>0.0</SIGNATURE_THRESHOLD_SAM>
	</signature>
	<signature ID="20210223_094151297421_677">
		<MACROCLASSID>1</MACROCLASSID>
		<MACROCLASSINFO>waterbody</MACROCLASSINFO>
		<CLASSID>3</CLASSID>
		<CLASSINFO>C 1</CLASSINFO>
		<VALUES>[0.11790680629866465, 0.0030521769863688674, 0.09831258015973228, 0.004866417012502388, 0.07713138375963485, 0.0071039529534662, 0.0972244633095605, 0.020209915826288137, 0.048117524811199734, 0.016991325252756952, 0.029684282626424526, 0.012622032918952907]</VALUES>
		<LCS_MIN>[0.10996176302433014, 0.08789650350809097, 0.06509962677955627, 0.06500839442014694, 0.025020500645041466, 0.01549567375332117]</LCS_MIN>
		<LCS_MAX>[0.12612900137901306, 0.11152555048465729, 0.09639844298362732, 0.14681890606880188, 0.08685247600078583, 0.06482692807912827]</LCS_MAX>
		<WAVELENGTH>[0.485, 0.56, 0.66, 0.83, 1.65, 2.215]</WAVELENGTH>
		<MEAN_VALUE>[0.11790680629866465, 0.09831258015973228, 0.07713138375963485, 0.0972244633095605, 0.048117524811199734, 0.029684282626424526]</MEAN_VALUE>
		<CHECKBOX>2</CHECKBOX>
		<SD>[0.0030521769863688674, 0.004866417012502388, 0.0071039529534662, 0.020209915826288137, 0.016991325252756952, 0.012622032918952907]</SD>
		<WAVELENGTH_UNIT>E-6m</WAVELENGTH_UNIT>
		<COLOR>#447fd9</COLOR>
		<COVARIANCE_MATRIX>[[9.589777619112283e-06, 1.0313982784282416e-05, 1.2540220268419944e-05, -4.030277068522992e-06, 1.2877561857749242e-05, 2.0008006686111912e-05], [1.0313982784282416e-05, 2.4378545276704244e-05, 2.9750322937616147e-05, -1.1007964531017933e-05, 2.0404153474373743e-05, 2.940480953839142e-05], [1.2540220268419944e-05, 2.9750322937616147e-05, 5.1950446504633874e-05, 4.0313548197445925e-06, 4.471439024200663e-05, 5.2976822189521044e-05], [-4.030277068522992e-06, -1.1007964531017933e-05, 4.0313548197445925e-06, 0.00042045366717502475, 0.00023786252131685615, 0.0001005931117106229], [1.2877561857749242e-05, 2.0404153474373743e-05, 4.471439024200663e-05, 0.00023786252131685615, 0.0002971964713651687, 0.00019405903003644198], [2.0008006686111912e-05, 2.940480953839142e-05, 5.2976822189521044e-05, 0.0001005931117106229, 0.00019405903003644198, 0.00016400146705564111]]</COVARIANCE_MATRIX>
		<ROI_SIZE>35</ROI_SIZE>
		<MAX_VALUE>[0.12612900137901306, 0.11152555048465729, 0.09639844298362732, 0.14681890606880188, 0.08685247600078583, 0.06482692807912827]</MAX_VALUE>
		<MIN_VALUE>[0.10996176302433014, 0.08789650350809097, 0.06509962677955627, 0.06500839442014694, 0.025020500645041466, 0.01549567375332117]</MIN_VALUE>
		<SIGNATURE_THRESHOLD_MD>0.0</SIGNATURE_THRESHOLD_MD>
		<SIGNATURE_THRESHOLD_ML>0.0</SIGNATURE_THRESHOLD_ML>
		<SIGNATURE_THRESHOLD_SAM>0.0</SIGNATURE_THRESHOLD_SAM>
	</signature>
	<signature ID="20210223_094202157934_394">
		<MACROCLASSID>1</MACROCLASSID>
		<MACROCLASSINFO>waterbody</MACROCLASSINFO>
		<CLASSID>4</CLASSID>
		<CLASSINFO>C 1</CLASSINFO>
		<VALUES>[0.114495618349832, 0.0043252636545501755, 0.09556494183514433, 0.006117956358254845, 0.07852224523768479, 0.008722921012139853, 0.10757615579211194, 0.020796531801542232, 0.06201016109274784, 0.01905252535773458, 0.04066176532322299, 0.014428803903781923]</VALUES>
		<LCS_MIN>[0.10511160641908646, 0.08114535361528397, 0.059408944100141525, 0.07567933946847916, 0.027310572564601898, 0.018784422427415848]</LCS_MIN>
		<LCS_MAX>[0.12612900137901306, 0.11490112543106079, 0.10493446886539459, 0.15037590265274048, 0.09601277858018875, 0.07140443474054337]</LCS_MAX>
		<WAVELENGTH>[0.485, 0.56, 0.66, 0.83, 1.65, 2.215]</WAVELENGTH>
		<MEAN_VALUE>[0.114495618349832, 0.09556494183514433, 0.07852224523768479, 0.10757615579211194, 0.06201016109274784, 0.04066176532322299]</MEAN_VALUE>
		<CHECKBOX>2</CHECKBOX>
		<SD>[0.0043252636545501755, 0.006117956358254845, 0.008722921012139853, 0.020796531801542232, 0.01905252535773458, 0.014428803903781923]</SD>
		<WAVELENGTH_UNIT>E-6m</WAVELENGTH_UNIT>
		<COLOR>#ff9d10</COLOR>
		<COVARIANCE_MATRIX>[[1.8913486201199703e-05, 2.1103345716255717e-05, 3.153940997435711e-05, 8.30450517241843e-06, 3.615913010435179e-05, 3.772962008952163e-05], [2.1103345716255717e-05, 3.784070213441737e-05, 4.940245344187133e-05, 3.019070572918281e-05, 6.517222936963663e-05, 6.120379111962393e-05], [3.153940997435711e-05, 4.940245344187133e-05, 7.692549843341112e-05, 3.838711927528493e-05, 9.351297194371e-05, 9.08982619876042e-05], [8.30450517241843e-06, 3.019070572918281e-05, 3.838711927528493e-05, 0.0004372484399937093, 0.00031387570197694004, 0.00018472022202331573], [3.615913010435179e-05, 6.517222936963663e-05, 9.351297194371e-05, 0.00031387570197694004, 0.0003669877187348902, 0.0002495212247595191], [3.772962008952163e-05, 6.120379111962393e-05, 9.08982619876042e-05, 0.00018472022202331573, 0.0002495212247595191, 0.00021047818881925195]]</COVARIANCE_MATRIX>
		<ROI_SIZE>92</ROI_SIZE>
		<MAX_VALUE>[0.12612900137901306, 0.11490112543106079, 0.10493446886539459, 0.15037590265274048, 0.09601277858018875, 0.07140443474054337]</MAX_VALUE>
		<MIN_VALUE>[0.10511160641908646, 0.08114535361528397, 0.059408944100141525, 0.07567933946847916, 0.027310572564601898, 0.018784422427415848]</MIN_VALUE>
		<SIGNATURE_THRESHOLD_MD>0.0</SIGNATURE_THRESHOLD_MD>
		<SIGNATURE_THRESHOLD_ML>0.0</SIGNATURE_THRESHOLD_ML>
		<SIGNATURE_THRESHOLD_SAM>0.0</SIGNATURE_THRESHOLD_SAM>
	</signature>
	<signature ID="20210223_094209793090_580">
		<MACROCLASSID>1</MACROCLASSID>
		<MACROCLASSINFO>waterbody</MACROCLASSINFO>
		<CLASSID>5</CLASSID>
		<CLASSINFO>C 1</CLASSINFO>
		<VALUES>[0.10368349601825078, 0.003111110089304535, 0.08598367857436338, 0.004241543381084857, 0.0647202500452598, 0.006498086979447722, 0.08380110406627254, 0.017559274489019065, 0.03898994633927942, 0.015257800550528972, 0.02311461209319532, 0.010443041467135114]</VALUES>
		<LCS_MIN>[0.097027987241745, 0.07776977121829987, 0.056563589721918106, 0.050780486315488815, 0.013570135459303856, 0.008918172679841518]</LCS_MIN>
		<LCS_MAX>[0.11481192708015442, 0.09802325069904327, 0.08786239475011826, 0.11480610072612762, 0.07998226583003998, 0.04838317632675171]</LCS_MAX>
		<WAVELENGTH>[0.485, 0.56, 0.66, 0.83, 1.65, 2.215]</WAVELENGTH>
		<MEAN_VALUE>[0.10368349601825078, 0.08598367857436338, 0.0647202500452598, 0.08380110406627254, 0.03898994633927942, 0.02311461209319532]</MEAN_VALUE>
		<CHECKBOX>2</CHECKBOX>
		<SD>[0.003111110089304535, 0.004241543381084857, 0.006498086979447722, 0.017559274489019065, 0.015257800550528972, 0.010443041467135114]</SD>
		<WAVELENGTH_UNIT>E-6m</WAVELENGTH_UNIT>
		<COLOR>#a24702</COLOR>
		<COVARIANCE_MATRIX>[[9.843057341640815e-06, 8.969208465714473e-06, 1.4185039617586881e-05, 1.062568298948463e-05, 1.8028849808615632e-05, 1.728322786220815e-05], [8.969208465714473e-06, 1.8295617337571457e-05, 2.2215599528863095e-05, 2.9230266591184773e-05, 3.713174373842776e-05, 2.9685361369047314e-05], [1.4185039617586881e-05, 2.2215599528863095e-05, 4.29408137279097e-05, 4.464606536203064e-05, 5.3542076784651726e-05, 4.6872773964423686e-05], [1.062568298948463e-05, 2.9230266591184773e-05, 4.464606536203064e-05, 0.00031355401733890176, 0.00023599179985467345, 0.0001252315560122952], [1.8028849808615632e-05, 3.713174373842776e-05, 5.3542076784651726e-05, 0.00023599179985467345, 0.00023674624389968812, 0.00014017487410455942], [1.728322786220815e-05, 2.9685361369047314e-05, 4.6872773964423686e-05, 0.0001252315560122952, 0.00014017487410455942, 0.00011090553743997589]]</COVARIANCE_MATRIX>
		<ROI_SIZE>60</ROI_SIZE>
		<MAX_VALUE>[0.11481192708015442, 0.09802325069904327, 0.08786239475011826, 0.11480610072612762, 0.07998226583003998, 0.04838317632675171]</MAX_VALUE>
		<MIN_VALUE>[0.097027987241745, 0.07776977121829987, 0.056563589721918106, 0.050780486315488815, 0.013570135459303856, 0.008918172679841518]</MIN_VALUE>
		<SIGNATURE_THRESHOLD_MD>0.0</SIGNATURE_THRESHOLD_MD>
		<SIGNATURE_THRESHOLD_ML>0.0</SIGNATURE_THRESHOLD_ML>
		<SIGNATURE_THRESHOLD_SAM>0.0</SIGNATURE_THRESHOLD_SAM>
	</signature>
	<signature ID="20210223_094219998196_697">
		<MACROCLASSID>1</MACROCLASSID>
		<MACROCLASSINFO>waterbody</MACROCLASSINFO>
		<CLASSID>6</CLASSID>
		<CLASSINFO>C 1</CLASSINFO>
		<VALUES>[0.1120253871611463, 0.002467871262757199, 0.09017433365428348, 0.0037892236471897974, 0.06644133938764166, 0.004762908645551556, 0.09019643667994479, 0.008918072387622898, 0.041125486657871475, 0.007421748335637807, 0.023329850990416078, 0.005742719070343927]</VALUES>
		<LCS_MIN>[0.10511160641908646, 0.07439419627189636, 0.056563589721918106, 0.07212235778570175, 0.027310572564601898, 0.008918172679841518]</LCS_MIN>
		<LCS_MAX>[0.1180453822016716, 0.10139881819486618, 0.0821717232465744, 0.10769213736057281, 0.061661671847105026, 0.045094430446624756]</LCS_MAX>
		<WAVELENGTH>[0.485, 0.56, 0.66, 0.83, 1.65, 2.215]</WAVELENGTH>
		<MEAN_VALUE>[0.1120253871611463, 0.09017433365428348, 0.06644133938764166, 0.09019643667994479, 0.041125486657871475, 0.023329850990416078]</MEAN_VALUE>
		<CHECKBOX>2</CHECKBOX>
		<SD>[0.002467871262757199, 0.0037892236471897974, 0.004762908645551556, 0.008918072387622898, 0.007421748335637807, 0.005742719070343927]</SD>
		<WAVELENGTH_UNIT>E-6m</WAVELENGTH_UNIT>
		<COLOR>#accec3</COLOR>
		<COVARIANCE_MATRIX>[[6.140309778857045e-06, 5.012596830056282e-06, 3.7316751786420355e-06, 5.767578272752871e-07, 3.274342134318431e-06, 2.7895989660464693e-06], [5.012596830056282e-06, 1.4475906027655583e-05, 1.085345047613373e-05, 2.583655259513762e-06, 4.961405011272291e-06, 7.487522452720441e-06], [3.7316751786420355e-06, 1.085345047613373e-05, 2.2871243345434777e-05, 6.57727241559769e-06, 1.0367683898948599e-05, 1.440749747416703e-05], [5.767578272752871e-07, 2.583655259513762e-06, 6.57727241559769e-06, 8.018391963560134e-05, 4.357803481980227e-05, 2.2550213543581776e-05], [3.274342134318431e-06, 4.961405011272291e-06, 1.0367683898948599e-05, 4.357803481980227e-05, 5.553384471568279e-05, 2.9846363759133965e-05], [2.7895989660464693e-06, 7.487522452720441e-06, 1.440749747416703e-05, 2.2550213543581776e-05, 2.9846363759133965e-05, 3.3249139960389584e-05]]</COVARIANCE_MATRIX>
		<ROI_SIZE>123</ROI_SIZE>
		<MAX_VALUE>[0.1180453822016716, 0.10139881819486618, 0.0821717232465744, 0.10769213736057281, 0.061661671847105026, 0.045094430446624756]</MAX_VALUE>
		<MIN_VALUE>[0.10511160641908646, 0.07439419627189636, 0.056563589721918106, 0.07212235778570175, 0.027310572564601898, 0.008918172679841518]</MIN_VALUE>
		<SIGNATURE_THRESHOLD_MD>0.0</SIGNATURE_THRESHOLD_MD>
		<SIGNATURE_THRESHOLD_ML>0.0</SIGNATURE_THRESHOLD_ML>
		<SIGNATURE_THRESHOLD_SAM>0.0</SIGNATURE_THRESHOLD_SAM>
	</signature>
	<signature ID="20210223_094226157050_131">
		<MACROCLASSID>1</MACROCLASSID>
		<MACROCLASSINFO>waterbody</MACROCLASSINFO>
		<CLASSID>7</CLASSID>
		<CLASSINFO>C 1</CLASSINFO>
		<VALUES>[0.1075289828436715, 0.0032574029535717376, 0.08641768090781711, 0.005080458050426728, 0.06209169338856427, 0.007185662936245283, 0.08364019287484037, 0.01566704935769482, 0.03701612113841944, 0.011014701055882006, 0.02138410285115241, 0.008303784129090445]</VALUES>
		<LCS_MIN>[0.097027987241745, 0.07101861387491226, 0.05087289586663246, 0.06145142763853073, 0.022730426862835884, 0.008918172679841518]</LCS_MIN>
		<LCS_MAX>[0.11481192708015442, 0.10139881819486618, 0.09070774912834167, 0.12192005664110184, 0.06395173817873001, 0.045094430446624756]</LCS_MAX>
		<WAVELENGTH>[0.485, 0.56, 0.66, 0.83, 1.65, 2.215]</WAVELENGTH>
		<MEAN_VALUE>[0.1075289828436715, 0.08641768090781711, 0.06209169338856427, 0.08364019287484037, 0.03701612113841944, 0.02138410285115241]</MEAN_VALUE>
		<CHECKBOX>2</CHECKBOX>
		<SD>[0.0032574029535717376, 0.005080458050426728, 0.007185662936245283, 0.01566704935769482, 0.011014701055882006, 0.008303784129090445]</SD>
		<WAVELENGTH_UNIT>E-6m</WAVELENGTH_UNIT>
		<COLOR>#36cc8b</COLOR>
		<COVARIANCE_MATRIX>[[1.0712699804571457e-05, 1.3579455298895482e-05, 1.61434400069993e-05, 2.8542729069158668e-06, 1.2838084330724087e-05, 1.3287136425788049e-05], [1.3579455298895482e-05, 2.605923691589851e-05, 2.9956605430925265e-05, 6.228829988685902e-06, 2.0214220057823695e-05, 2.394941111560911e-05], [1.61434400069993e-05, 2.9956605430925265e-05, 5.213023177930154e-05, 2.485720870026853e-05, 4.037623875774443e-05, 4.2176194256171584e-05], [2.8542729069158668e-06, 6.228829988685902e-06, 2.485720870026853e-05, 0.00024781658430583775, 0.00014067442680243403, 7.471410935977474e-05], [1.2838084330724087e-05, 2.0214220057823695e-05, 4.037623875774443e-05, 0.00014067442680243403, 0.00012249020801391453, 7.793908298481256e-05], [1.3287136425788049e-05, 2.394941111560911e-05, 4.2176194256171584e-05, 7.471410935977474e-05, 7.793908298481256e-05, 6.96158385835588e-05]]</COVARIANCE_MATRIX>
		<ROI_SIZE>105</ROI_SIZE>
		<MAX_VALUE>[0.11481192708015442, 0.10139881819486618, 0.09070774912834167, 0.12192005664110184, 0.06395173817873001, 0.045094430446624756]</MAX_VALUE>
		<MIN_VALUE>[0.097027987241745, 0.07101861387491226, 0.05087289586663246, 0.06145142763853073, 0.022730426862835884, 0.008918172679841518]</MIN_VALUE>
		<SIGNATURE_THRESHOLD_MD>0.0</SIGNATURE_THRESHOLD_MD>
		<SIGNATURE_THRESHOLD_ML>0.0</SIGNATURE_THRESHOLD_ML>
		<SIGNATURE_THRESHOLD_SAM>0.0</SIGNATURE_THRESHOLD_SAM>
	</signature>
	<signature ID="20210223_094233430254_311">
		<MACROCLASSID>1</MACROCLASSID>
		<MACROCLASSINFO>waterbody</MACROCLASSINFO>
		<CLASSID>8</CLASSID>
		<CLASSINFO>C 1</CLASSINFO>
		<VALUES>[0.1113090339379433, 0.003457968154188984, 0.10031690687323228, 0.006361078469019973, 0.07458412026365598, 0.006613035105346867, 0.0810148044465444, 0.017663634289868616, 0.031743920073868365, 0.012437414593679743, 0.01785682780572619, 0.008747268478021314]</VALUES>
		<LCS_MIN>[0.09864471107721329, 0.07439419627189636, 0.05087289586663246, 0.057894445955753326, 0.011280061677098274, 0.002340670907869935]</LCS_MIN>
		<LCS_MAX>[0.1180453822016716, 0.11152555048465729, 0.08786239475011826, 0.11836308240890503, 0.057081520557403564, 0.04838317632675171]</LCS_MAX>
		<WAVELENGTH>[0.485, 0.56, 0.66, 0.83, 1.65, 2.215]</WAVELENGTH>
		<MEAN_VALUE>[0.1113090339379433, 0.10031690687323228, 0.07458412026365598, 0.0810148044465444, 0.031743920073868365, 0.01785682780572619]</MEAN_VALUE>
		<CHECKBOX>2</CHECKBOX>
		<SD>[0.003457968154188984, 0.006361078469019973, 0.006613035105346867, 0.017663634289868616, 0.012437414593679743, 0.008747268478021314]</SD>
		<WAVELENGTH_UNIT>E-6m</WAVELENGTH_UNIT>
		<COLOR>#8b9944</COLOR>
		<COVARIANCE_MATRIX>[[1.2112836884625722e-05, 1.763606269378215e-05, 1.9197110304958187e-05, -1.885763595055323e-05, -3.886739250447135e-06, 5.1328574954823125e-06], [1.763606269378215e-05, 4.098881618119776e-05, 3.5092467442154884e-05, -4.405115032568574e-05, -1.3212084013503045e-05, 6.047934220987372e-06], [1.9197110304958187e-05, 3.5092467442154884e-05, 4.4300184526946396e-05, -3.417424522922374e-05, -7.813599950168282e-06, 1.1099546100012958e-05], [-1.885763595055323e-05, -4.405115032568574e-05, -3.417424522922374e-05, 0.0003160559863317758, 0.00017597975966054946, 9.692641469882801e-05], [-3.886739250447135e-06, -1.3212084013503045e-05, -7.813599950168282e-06, 0.00017597975966054946, 0.00015669823915231973, 9.630411659600213e-05], [5.1328574954823125e-06, 6.047934220987372e-06, 1.1099546100012958e-05, 9.692641469882801e-05, 9.630411659600213e-05, 7.750840450171381e-05]]</COVARIANCE_MATRIX>
		<ROI_SIZE>78</ROI_SIZE>
		<MAX_VALUE>[0.1180453822016716, 0.11152555048465729, 0.08786239475011826, 0.11836308240890503, 0.057081520557403564, 0.04838317632675171]</MAX_VALUE>
		<MIN_VALUE>[0.09864471107721329, 0.07439419627189636, 0.05087289586663246, 0.057894445955753326, 0.011280061677098274, 0.002340670907869935]</MIN_VALUE>
		<SIGNATURE_THRESHOLD_MD>0.0</SIGNATURE_THRESHOLD_MD>
		<SIGNATURE_THRESHOLD_ML>0.0</SIGNATURE_THRESHOLD_ML>
		<SIGNATURE_THRESHOLD_SAM>0.0</SIGNATURE_THRESHOLD_SAM>
	</signature>
	<signature ID="20210223_100148705217_973">
		<MACROCLASSID>1</MACROCLASSID>
		<MACROCLASSINFO>waterbody</MACROCLASSINFO>
		<CLASSID>9</CLASSID>
		<CLASSINFO>C 1</CLASSINFO>
		<VALUES>[0.12366752342060441, 0.0023491117440568076, 0.12199418757026986, 0.003484054225138312, 0.1314529319955605, 0.006104864533917666, 0.15682648727221105, 0.007356255845543022, 0.021659026079634464, 0.009751843227486868, 0.011408528509936096, 0.0066095998334028605]</VALUES>
		<LCS_MIN>[0.11481192708015442, 0.10139881819486618, 0.09639844298362732, 0.12192005664110184, 0.008989988826215267, 0.002340670907869935]</LCS_MIN>
		<LCS_MAX>[0.13097916543483734, 0.128403440117836, 0.1447693258523941, 0.18950267136096954, 0.05479145422577858, 0.045094430446624756]</LCS_MAX>
		<WAVELENGTH>[0.485, 0.56, 0.66, 0.83, 1.65, 2.215]</WAVELENGTH>
		<MEAN_VALUE>[0.12366752342060441, 0.12199418757026986, 0.1314529319955605, 0.15682648727221105, 0.021659026079634464, 0.011408528509936096]</MEAN_VALUE>
		<CHECKBOX>2</CHECKBOX>
		<SD>[0.0023491117440568076, 0.003484054225138312, 0.006104864533917666, 0.007356255845543022, 0.009751843227486868, 0.0066095998334028605]</SD>
		<WAVELENGTH_UNIT>E-6m</WAVELENGTH_UNIT>
		<COLOR>#f73f22</COLOR>
		<COVARIANCE_MATRIX>[[5.726860308641335e-06, 4.209936832921812e-06, 7.800386811140925e-06, -4.813831310457317e-06, -8.217201866500545e-06, -3.689409140861244e-06], [4.209936832921812e-06, 1.1572081348276697e-05, 1.4489469322143123e-05, -7.946701771288645e-06, -1.543769940326456e-05, -7.012715286691673e-06], [7.800386811140925e-06, 1.4489469322143123e-05, 3.318783637951128e-05, -2.0175664758426137e-05, -3.6559948057401925e-05, -1.8453454686095938e-05], [-4.813831310457317e-06, -7.946701771288645e-06, -2.0175664758426137e-05, 4.659008118323982e-05, 4.1753512050490826e-05, 2.2113603336038068e-05], [-8.217201866500545e-06, -1.543769940326456e-05, -3.6559948057401925e-05, 4.1753512050490826e-05, 9.239214705303311e-05, 5.5037180572981015e-05], [-3.689409140861244e-06, -7.012715286691673e-06, -1.8453454686095938e-05, 2.2113603336038068e-05, 5.5037180572981015e-05, 4.457501563592814e-05]]</COVARIANCE_MATRIX>
		<ROI_SIZE>1238</ROI_SIZE>
		<MAX_VALUE>[0.13097916543483734, 0.128403440117836, 0.1447693258523941, 0.18950267136096954, 0.05479145422577858, 0.045094430446624756]</MAX_VALUE>
		<MIN_VALUE>[0.11481192708015442, 0.10139881819486618, 0.09639844298362732, 0.12192005664110184, 0.008989988826215267, 0.002340670907869935]</MIN_VALUE>
		<SIGNATURE_THRESHOLD_MD>0.0</SIGNATURE_THRESHOLD_MD>
		<SIGNATURE_THRESHOLD_ML>0.0</SIGNATURE_THRESHOLD_ML>
		<SIGNATURE_THRESHOLD_SAM>0.0</SIGNATURE_THRESHOLD_SAM>
	</signature>
	<signature ID="20210223_100204848008_234">
		<MACROCLASSID>1</MACROCLASSID>
		<MACROCLASSINFO>waterbody</MACROCLASSINFO>
		<CLASSID>10</CLASSID>
		<CLASSINFO>C 1</CLASSINFO>
		<VALUES>[0.10815781154450409, 0.00231205358201598, 0.09008000234657831, 0.0033590213217499264, 0.06047140183571091, 0.003880210026947943, 0.051786021961416795, 0.00784699259786178, 0.013666940950396908, 0.006340368436659073, 0.007185269269160514, 0.004752580495672464]</VALUES>
		<LCS_MIN>[0.10026143491268158, 0.07776977121829987, 0.05087289586663246, 0.036552563309669495, 0.002119768876582384, 0.0]</LCS_MIN>
		<LCS_MAX>[0.11642865836620331, 0.11152555048465729, 0.09070774912834167, 0.08279329538345337, 0.05021130293607712, 0.03851693123579025]</LCS_MAX>
		<WAVELENGTH>[0.485, 0.56, 0.66, 0.83, 1.65, 2.215]</WAVELENGTH>
		<MEAN_VALUE>[0.10815781154450409, 0.09008000234657831, 0.06047140183571091, 0.051786021961416795, 0.013666940950396908, 0.007185269269160514]</MEAN_VALUE>
		<CHECKBOX>2</CHECKBOX>
		<SD>[0.00231205358201598, 0.0033590213217499264, 0.003880210026947943, 0.00784699259786178, 0.006340368436659073, 0.004752580495672464]</SD>
		<WAVELENGTH_UNIT>E-6m</WAVELENGTH_UNIT>
		<COLOR>#a04c4d</COLOR>
		<COVARIANCE_MATRIX>[[5.347946625988698e-06, 3.7170743780734483e-06, 2.7240193958277814e-06, 2.3340803636529017e-06, 1.4942080497348798e-06, 1.0950684554700274e-06], [3.7170743780734483e-06, 1.128799431171501e-05, 5.413619419414317e-06, 5.906756541662617e-06, 3.990834102296503e-06, 2.596273816379835e-06], [2.7240193958277814e-06, 5.413619419414317e-06, 1.506266289652558e-05, 1.7491993276053108e-05, 1.2524460544227622e-05, 8.48759646032704e-06], [2.3340803636529017e-06, 5.906756541662617e-06, 1.7491993276053108e-05, 6.16024190094322e-05, 3.828808257821947e-05, 2.282603054482024e-05], [1.4942080497348798e-06, 3.990834102296503e-06, 1.2524460544227622e-05, 3.828808257821947e-05, 4.0217983041657135e-05, 2.2841093596071005e-05], [1.0950684554700274e-06, 2.596273816379835e-06, 8.48759646032704e-06, 2.282603054482024e-05, 2.2841093596071005e-05, 2.2596972485189326e-05]]</COVARIANCE_MATRIX>
		<ROI_SIZE>2271</ROI_SIZE>
		<MAX_VALUE>[0.11642865836620331, 0.11152555048465729, 0.09070774912834167, 0.08279329538345337, 0.05021130293607712, 0.03851693123579025]</MAX_VALUE>
		<MIN_VALUE>[0.10026143491268158, 0.07776977121829987, 0.05087289586663246, 0.036552563309669495, 0.002119768876582384, 0.0]</MIN_VALUE>
		<SIGNATURE_THRESHOLD_MD>0.0</SIGNATURE_THRESHOLD_MD>
		<SIGNATURE_THRESHOLD_ML>0.0</SIGNATURE_THRESHOLD_ML>
		<SIGNATURE_THRESHOLD_SAM>0.0</SIGNATURE_THRESHOLD_SAM>
	</signature>
	<signature ID="20210223_100212127863_178">
		<MACROCLASSID>1</MACROCLASSID>
		<MACROCLASSINFO>waterbody</MACROCLASSINFO>
		<CLASSID>11</CLASSID>
		<CLASSINFO>C 1</CLASSINFO>
		<VALUES>[0.10315235375852913, 0.0024979896914885907, 0.11039082373434542, 0.005270490070381179, 0.07312125827338399, 0.00400235549893764, 0.05481976436945675, 0.00962769020028434, 0.017108750563788376, 0.008540767547724256, 0.009324432085636528, 0.005809719434388425]</VALUES>
		<LCS_MIN>[0.09217782318592072, 0.08452092856168747, 0.056563589721918106, 0.043666522949934006, 0.0044098421931266785, 0.0]</LCS_MIN>
		<LCS_MAX>[0.10834503173828125, 0.11827670782804489, 0.08786239475011826, 0.08635026961565018, 0.047921232879161835, 0.0352281779050827]</LCS_MAX>
		<WAVELENGTH>[0.485, 0.56, 0.66, 0.83, 1.65, 2.215]</WAVELENGTH>
		<MEAN_VALUE>[0.10315235375852913, 0.11039082373434542, 0.07312125827338399, 0.05481976436945675, 0.017108750563788376, 0.009324432085636528]</MEAN_VALUE>
		<CHECKBOX>2</CHECKBOX>
		<SD>[0.0024979896914885907, 0.005270490070381179, 0.00400235549893764, 0.00962769020028434, 0.008540767547724256, 0.005809719434388425]</SD>
		<WAVELENGTH_UNIT>E-6m</WAVELENGTH_UNIT>
		<COLOR>#1d73b0</COLOR>
		<COVARIANCE_MATRIX>[[6.257629593164893e-06, 7.201074367912952e-06, 4.631940100807697e-06, -5.5198192967509385e-06, -1.5849103647269658e-06, 5.459588123812864e-07], [7.201074367912952e-06, 2.7856756787514314e-05, 1.3182247130316682e-05, -2.628801485116128e-05, -1.4017960893397685e-05, -4.821097263629781e-06], [4.631940100807697e-06, 1.3182247130316682e-05, 1.6064228475443088e-05, 1.7683738633422763e-06, 7.492403256037505e-06, 7.052452474454185e-06], [-5.5198192967509385e-06, -2.628801485116128e-05, 1.7683738633422763e-06, 9.295500058215111e-05, 6.197757465997711e-05, 3.4115662856493145e-05], [-1.5849103647269658e-06, -1.4017960893397685e-05, 7.492403256037505e-06, 6.197757465997711e-05, 7.315135007956997e-05, 3.988507523899898e-05], [5.459588123812864e-07, -4.821097263629781e-06, 7.052452474454185e-06, 3.4115662856493145e-05, 3.988507523899898e-05, 3.3848456951091066e-05]]</COVARIANCE_MATRIX>
		<ROI_SIZE>354</ROI_SIZE>
		<MAX_VALUE>[0.10834503173828125, 0.11827670782804489, 0.08786239475011826, 0.08635026961565018, 0.047921232879161835, 0.0352281779050827]</MAX_VALUE>
		<MIN_VALUE>[0.09217782318592072, 0.08452092856168747, 0.056563589721918106, 0.043666522949934006, 0.0044098421931266785, 0.0]</MIN_VALUE>
		<SIGNATURE_THRESHOLD_MD>0.0</SIGNATURE_THRESHOLD_MD>
		<SIGNATURE_THRESHOLD_ML>0.0</SIGNATURE_THRESHOLD_ML>
		<SIGNATURE_THRESHOLD_SAM>0.0</SIGNATURE_THRESHOLD_SAM>
	</signature>
	<signature ID="20210223_100225828237_656">
		<MACROCLASSID>1</MACROCLASSID>
		<MACROCLASSINFO>waterbody</MACROCLASSINFO>
		<CLASSID>12</CLASSID>
		<CLASSINFO>C 1</CLASSINFO>
		<VALUES>[0.12082778581458584, 0.003426159571887799, 0.11839901226694168, 0.004958893134733075, 0.10092419083567633, 0.005024759936267883, 0.10588788041386052, 0.02094619147231072, 0.051356341865291665, 0.016418751158989726, 0.030878923340714085, 0.009922297202230264]</VALUES>
		<LCS_MIN>[0.10996176302433014, 0.09802325069904327, 0.07932636886835098, 0.07567933946847916, 0.025020500645041466, 0.01549567375332117]</LCS_MIN>
		<LCS_MAX>[0.12936244904994965, 0.128403440117836, 0.11347051709890366, 0.1539328694343567, 0.0914326161146164, 0.06153818592429161]</LCS_MAX>
		<WAVELENGTH>[0.485, 0.56, 0.66, 0.83, 1.65, 2.215]</WAVELENGTH>
		<MEAN_VALUE>[0.12082778581458584, 0.11839901226694168, 0.10092419083567633, 0.10588788041386052, 0.051356341865291665, 0.030878923340714085]</MEAN_VALUE>
		<CHECKBOX>2</CHECKBOX>
		<SD>[0.003426159571887799, 0.004958893134733075, 0.005024759936267883, 0.02094619147231072, 0.016418751158989726, 0.009922297202230264]</SD>
		<WAVELENGTH_UNIT>E-6m</WAVELENGTH_UNIT>
		<COLOR>#ca5beb</COLOR>
		<COVARIANCE_MATRIX>[[1.1781255125242751e-05, 1.0791512977448292e-05, 1.14497343020048e-05, 1.0234468845737865e-06, 2.7532464628166053e-06, 6.055003268556902e-06], [1.0791512977448292e-05, 2.4680040951352566e-05, 2.141300865332596e-05, -2.5276734959334135e-05, -1.4364341950567905e-05, -2.4937983198469738e-06], [1.14497343020048e-05, 2.141300865332596e-05, 2.534002487664111e-05, -3.1220715754898265e-05, -1.572145993122831e-05, -2.567004230513703e-06], [1.0234468845737865e-06, -2.5276734959334135e-05, -3.1220715754898265e-05, 0.0004403383645694703, 0.0003085607022512704, 0.00016797735588625073], [2.7532464628166053e-06, -1.4364341950567905e-05, -1.572145993122831e-05, 0.0003085607022512704, 0.0002705556689761579, 0.00014941087283659726], [6.055003268556902e-06, -2.4937983198469738e-06, -2.567004230513703e-06, 0.00016797735588625073, 0.00014941087283659726, 9.880998550215736e-05]]</COVARIANCE_MATRIX>
		<ROI_SIZE>276</ROI_SIZE>
		<MAX_VALUE>[0.12936244904994965, 0.128403440117836, 0.11347051709890366, 0.1539328694343567, 0.0914326161146164, 0.06153818592429161]</MAX_VALUE>
		<MIN_VALUE>[0.10996176302433014, 0.09802325069904327, 0.07932636886835098, 0.07567933946847916, 0.025020500645041466, 0.01549567375332117]</MIN_VALUE>
		<SIGNATURE_THRESHOLD_MD>0.0</SIGNATURE_THRESHOLD_MD>
		<SIGNATURE_THRESHOLD_ML>0.0</SIGNATURE_THRESHOLD_ML>
		<SIGNATURE_THRESHOLD_SAM>0.0</SIGNATURE_THRESHOLD_SAM>
	</signature>
	<signature ID="20210223_100236241997_846">
		<MACROCLASSID>1</MACROCLASSID>
		<MACROCLASSINFO>waterbody</MACROCLASSINFO>
		<CLASSID>13</CLASSID>
		<CLASSINFO>C 1</CLASSINFO>
		<VALUES>[0.13021270397640816, 0.004117726109263258, 0.1320905437417486, 0.004449334718004191, 0.16008601393244504, 0.006491333178316239, 0.19652219367238266, 0.005315479059600508, 0.03326592138260792, 0.010793045749618358, 0.020143995713795805, 0.007978857022857744]</VALUES>
		<LCS_MIN>[0.1180453822016716, 0.11490112543106079, 0.12485191226005554, 0.18238869309425354, 0.013570135459303856, 0.002340670907869935]</LCS_MIN>
		<LCS_MAX>[0.1422962248325348, 0.1419057548046112, 0.16753211617469788, 0.232186421751976, 0.06853188574314117, 0.05167192965745926]</LCS_MAX>
		<WAVELENGTH>[0.485, 0.56, 0.66, 0.83, 1.65, 2.215]</WAVELENGTH>
		<MEAN_VALUE>[0.13021270397640816, 0.1320905437417486, 0.16008601393244504, 0.19652219367238266, 0.03326592138260792, 0.020143995713795805]</MEAN_VALUE>
		<CHECKBOX>2</CHECKBOX>
		<SD>[0.004117726109263258, 0.004449334718004191, 0.006491333178316239, 0.005315479059600508, 0.010793045749618358, 0.007978857022857744]</SD>
		<WAVELENGTH_UNIT>E-6m</WAVELENGTH_UNIT>
		<COLOR>#eacc52</COLOR>
		<COVARIANCE_MATRIX>[[1.6649066310492344e-05, 1.3834412129654083e-05, 1.3506257346307393e-05, 5.174034868105082e-06, 1.2423622138157953e-05, 1.1441957212809939e-05], [1.3834412129654083e-05, 2.0580828277161345e-05, 2.0421417502802797e-05, 2.9548598377004964e-06, 2.8988458780077053e-06, 5.367252015275881e-06], [1.3506257346307393e-05, 2.0421417502802797e-05, 3.8173046050360426e-05, -5.831362159369746e-06, -2.2969079509493895e-05, -1.0368820767325815e-05], [5.174034868105082e-06, 2.9548598377004964e-06, -5.831362159369746e-06, 2.4066082914941944e-05, 2.3185273676062934e-05, 1.3710353414353449e-05], [1.2423622138157953e-05, 2.8988458780077053e-06, -2.2969079509493895e-05, 2.3185273676062934e-05, 0.00010265350283589214, 6.823532748967409e-05], [1.1441957212809939e-05, 5.367252015275881e-06, -1.0368820767325815e-05, 1.3710353414353449e-05, 6.823532748967409e-05, 5.797151243314147e-05]]</COVARIANCE_MATRIX>
		<ROI_SIZE>1568</ROI_SIZE>
		<MAX_VALUE>[0.1422962248325348, 0.1419057548046112, 0.16753211617469788, 0.232186421751976, 0.06853188574314117, 0.05167192965745926]</MAX_VALUE>
		<MIN_VALUE>[0.1180453822016716, 0.11490112543106079, 0.12485191226005554, 0.18238869309425354, 0.013570135459303856, 0.002340670907869935]</MIN_VALUE>
		<SIGNATURE_THRESHOLD_MD>0.0</SIGNATURE_THRESHOLD_MD>
		<SIGNATURE_THRESHOLD_ML>0.0</SIGNATURE_THRESHOLD_ML>
		<SIGNATURE_THRESHOLD_SAM>0.0</SIGNATURE_THRESHOLD_SAM>
	</signature>
	<signature ID="20210223_100253562713_715">
		<MACROCLASSID>1</MACROCLASSID>
		<MACROCLASSINFO>waterbody</MACROCLASSINFO>
		<CLASSID>14</CLASSID>
		<CLASSINFO>C 1</CLASSINFO>
		<VALUES>[0.11411612924141216, 0.0018847653893877987, 0.10041605879234364, 0.0022882845404123427, 0.08065899904770187, 0.002784749534219258, 0.09139307758098915, 0.013927666898706715, 0.03612300647493403, 0.01391847437453354, 0.021865025834663758, 0.010587061291727831]</VALUES>
		<LCS_MIN>[0.10996176302433014, 0.09464766830205917, 0.07648101449012756, 0.07212235778570175, 0.01586020737886429, 0.00562942074611783]</LCS_MIN>
		<LCS_MAX>[0.12127882242202759, 0.10477440059185028, 0.08786239475011826, 0.12192005664110184, 0.06395173817873001, 0.045094430446624756]</LCS_MAX>
		<WAVELENGTH>[0.485, 0.56, 0.66, 0.83, 1.65, 2.215]</WAVELENGTH>
		<MEAN_VALUE>[0.11411612924141216, 0.10041605879234364, 0.08065899904770187, 0.09139307758098915, 0.03612300647493403, 0.021865025834663758]</MEAN_VALUE>
		<CHECKBOX>2</CHECKBOX>
		<SD>[0.0018847653893877987, 0.0022882845404123427, 0.002784749534219258, 0.013927666898706715, 0.01391847437453354, 0.010587061291727831]</SD>
		<WAVELENGTH_UNIT>E-6m</WAVELENGTH_UNIT>
		<COLOR>#3c826a</COLOR>
		<COVARIANCE_MATRIX>[[3.597883505790378e-06, 1.1265427701800945e-06, 2.0007055354653858e-06, 6.429108452721266e-06, 7.871666639402974e-06, 4.35229549111682e-06], [1.1265427701800945e-06, 5.303377292875666e-06, 2.8040926736139227e-06, 4.014086982806475e-07, 4.708200322056655e-06, 5.201210569794057e-06], [2.0007055354653858e-06, 2.8040926736139227e-06, 7.854250725358725e-06, 1.4992373507993761e-05, 1.9516426618793048e-05, 1.7796508473111317e-05], [6.429108452721266e-06, 4.014086982806475e-07, 1.4992373507993761e-05, 0.00019646683358587325, 0.00016698901890777051, 0.00010244591976515949], [7.871666639402974e-06, 4.708200322056655e-06, 1.9516426618793048e-05, 0.00016698901890777051, 0.00019620756211224943, 0.00013114820467308164], [4.35229549111682e-06, 5.201210569794057e-06, 1.7796508473111317e-05, 0.00010244591976515949, 0.00013114820467308164, 0.00011352286674082279]]</COVARIANCE_MATRIX>
		<ROI_SIZE>79</ROI_SIZE>
		<MAX_VALUE>[0.12127882242202759, 0.10477440059185028, 0.08786239475011826, 0.12192005664110184, 0.06395173817873001, 0.045094430446624756]</MAX_VALUE>
		<MIN_VALUE>[0.10996176302433014, 0.09464766830205917, 0.07648101449012756, 0.07212235778570175, 0.01586020737886429, 0.00562942074611783]</MIN_VALUE>
		<SIGNATURE_THRESHOLD_MD>0.0</SIGNATURE_THRESHOLD_MD>
		<SIGNATURE_THRESHOLD_ML>0.0</SIGNATURE_THRESHOLD_ML>
		<SIGNATURE_THRESHOLD_SAM>0.0</SIGNATURE_THRESHOLD_SAM>
	</signature>
	<signature ID="20210223_100301728993_837">
		<MACROCLASSID>1</MACROCLASSID>
		<MACROCLASSINFO>waterbody</MACROCLASSINFO>
		<CLASSID>15</CLASSID>
		<CLASSINFO>C 1</CLASSINFO>
		<VALUES>[0.12401255897500298, 0.003361325271076148, 0.10937746004624802, 0.005243806437340619, 0.09003521380099383, 0.007653419536057567, 0.1093736261129379, 0.01583270800159684, 0.05158535001630131, 0.017601766738071876, 0.03271676718511364, 0.013094524459577515]</VALUES>
		<LCS_MIN>[0.1180453822016716, 0.09802325069904327, 0.07363566756248474, 0.07567933946847916, 0.022730426862835884, 0.01220692414790392]</LCS_MIN>
		<LCS_MAX>[0.13421261310577393, 0.12165229022502899, 0.10493446886539459, 0.13614797592163086, 0.08685247600078583, 0.06482692807912827]</LCS_MAX>
		<WAVELENGTH>[0.485, 0.56, 0.66, 0.83, 1.65, 2.215]</WAVELENGTH>
		<MEAN_VALUE>[0.12401255897500298, 0.10937746004624802, 0.09003521380099383, 0.1093736261129379, 0.05158535001630131, 0.03271676718511364]</MEAN_VALUE>
		<CHECKBOX>2</CHECKBOX>
		<SD>[0.003361325271076148, 0.005243806437340619, 0.007653419536057567, 0.01583270800159684, 0.017601766738071876, 0.013094524459577515]</SD>
		<WAVELENGTH_UNIT>E-6m</WAVELENGTH_UNIT>
		<COLOR>#593f13</COLOR>
		<COVARIANCE_MATRIX>[[1.1507739145599771e-05, 1.19437445391668e-05, 1.7547128663863987e-05, 8.097380487015471e-06, 1.550901106384117e-05, 1.25065971587901e-05], [1.19437445391668e-05, 2.8006719730910845e-05, 3.2144955184776336e-05, 3.0138415240799077e-05, 3.206649489584379e-05, 2.6576139134704135e-05], [1.7547128663863987e-05, 3.2144955184776336e-05, 5.965954915154725e-05, 4.219739275868051e-05, 5.536227399716154e-05, 4.8880232498049736e-05], [8.097380487015471e-06, 3.0138415240799077e-05, 4.219739275868051e-05, 0.00025531675782985985, 0.0002130563952960074, 0.00011413244646973908], [1.550901106384117e-05, 3.206649489584379e-05, 5.536227399716154e-05, 0.0002130563952960074, 0.00031555964960716665, 0.00019305692694615573], [1.25065971587901e-05, 2.6576139134704135e-05, 4.8880232498049736e-05, 0.00011413244646973908, 0.00019305692694615573, 0.00017464187112636864]]</COVARIANCE_MATRIX>
		<ROI_SIZE>55</ROI_SIZE>
		<MAX_VALUE>[0.13421261310577393, 0.12165229022502899, 0.10493446886539459, 0.13614797592163086, 0.08685247600078583, 0.06482692807912827]</MAX_VALUE>
		<MIN_VALUE>[0.1180453822016716, 0.09802325069904327, 0.07363566756248474, 0.07567933946847916, 0.022730426862835884, 0.01220692414790392]</MIN_VALUE>
		<SIGNATURE_THRESHOLD_MD>0.0</SIGNATURE_THRESHOLD_MD>
		<SIGNATURE_THRESHOLD_ML>0.0</SIGNATURE_THRESHOLD_ML>
		<SIGNATURE_THRESHOLD_SAM>0.0</SIGNATURE_THRESHOLD_SAM>
	</signature>
	<signature ID="20210223_100321384976_852">
		<MACROCLASSID>1</MACROCLASSID>
		<MACROCLASSINFO>waterbody</MACROCLASSINFO>
		<CLASSID>16</CLASSID>
		<CLASSINFO>C 1</CLASSINFO>
		<VALUES>[0.11089400484577407, 0.0028207665350487815, 0.09455999012117265, 0.004184886488346013, 0.07930419777894959, 0.005234477478470236, 0.0996265796291364, 0.011091406407730106, 0.026031701145814618, 0.009468099356690485, 0.013249072511740904, 0.006323462191812902]</VALUES>
		<LCS_MIN>[0.0954112708568573, 0.07101861387491226, 0.04802755266427994, 0.08279329538345337, 0.011280061677098274, 0.002340670907869935]</LCS_MIN>
