<?xml version="1.0" ?>
<signaturelist MCID_LIST="[['1', 'waterbody', '#0000ff'], ['2', 'vegetation', '#00ff00'], ['3', 'bareland', '#ffaa00'], ['4', 'built-up', '#ff0000']]">
	<signature ID="20200807_134102465939_426">
		<MACROCLASSID>1</MACROCLASSID>
		<MACROCLASSINFO>waterbody</MACROCLASSINFO>
		<CLASSID>1</CLASSID>
		<CLASSINFO>C 1</CLASSINFO>
		<VALUES>[0.11013970378809758, 0.0022522519707342437, 0.11540003409082031, 0.003122208644755154, 0.11114413741062272, 0.0039967020464163686, 0.07946002481024968, 0.003594487120155103, 0.015982632768346276, 0.0029511425780672745, 0.007284324606675536, 0.002892511096632817]</VALUES>
		<LCS_MIN>[0.10511160641908646, 0.11152555048465729, 0.10493446886539459, 0.07212235778570175, 0.008989988826215267, 0.0]</LCS_MIN>
		<LCS_MAX>[0.11642865836620331, 0.1250278651714325, 0.1191612258553505, 0.08635026961565018, 0.025020500645041466, 0.01549567375332117]</LCS_MAX>
		<WAVELENGTH>[0.485, 0.56, 0.66, 0.83, 1.65, 2.215]</WAVELENGTH>
		<MEAN_VALUE>[0.11013970378809758, 0.11540003409082031, 0.11114413741062272, 0.07946002481024968, 0.015982632768346276, 0.007284324606675536]</MEAN_VALUE>
		<CHECKBOX>2</CHECKBOX>
		<SD>[0.0022522519707342437, 0.003122208644755154, 0.0039967020464163686, 0.003594487120155103, 0.0029511425780672745, 0.002892511096632817]</SD>
		<WAVELENGTH_UNIT>E-6m</WAVELENGTH_UNIT>
		<COLOR>#58691b</COLOR>
		<COVARIANCE_MATRIX>[[5.088640955258802e-06, 3.5262449469205435e-06, 4.405929174179144e-06, 3.3342679976677883e-06, 2.4866178943613467e-08, -5.779752652497669e-07], [3.5262449469205435e-06, 9.778938199369534e-06, 8.617803747535465e-06, 4.7362354423456065e-06, -8.565714776634593e-08, -5.831041838726282e-07], [4.405929174179144e-06, 8.617803747535465e-06, 1.6024017239146926e-05, 6.013513249398529e-06, 1.8293125724349393e-07, 3.4476337592090146e-07], [3.3342679976677883e-06, 4.7362354423456065e-06, 6.013513249398529e-06, 1.2961095819916737e-05, 2.747730755424954e-06, 1.3786469681703313e-06], [2.4866178943613467e-08, -8.565714776634593e-08, 1.8293125724349393e-07, 2.747730755424954e-06, 8.736716467236395e-06, 2.9493786142273756e-06], [-5.779752652497669e-07, -5.831041838726282e-07, 3.4476337592090146e-07, 1.3786469681703313e-06, 2.9493786142273756e-06, 8.393013568573454e-06]]</COVARIANCE_MATRIX>
		<ROI_SIZE>318</ROI_SIZE>
		<MAX_VALUE>[0.11642865836620331, 0.1250278651714325, 0.1191612258553505, 0.08635026961565018, 0.025020500645041466, 0.01549567375332117]</MAX_VALUE>
		<MIN_VALUE>[0.10511160641908646, 0.11152555048465729, 0.10493446886539459, 0.07212235778570175, 0.008989988826215267, 0.0]</MIN_VALUE>
		<SIGNATURE_THRESHOLD_MD>0</SIGNATURE_THRESHOLD_MD>
		<SIGNATURE_THRESHOLD_ML>0</SIGNATURE_THRESHOLD_ML>
		<SIGNATURE_THRESHOLD_SAM>0</SIGNATURE_THRESHOLD_SAM>
	</signature>
	<signature ID="20200807_134117239702_832">
		<MACROCLASSID>1</MACROCLASSID>
		<MACROCLASSINFO>waterbody</MACROCLASSINFO>
		<CLASSID>2</CLASSID>
		<CLASSINFO>C 1</CLASSINFO>
		<VALUES>[0.12934643756782654, 0.0019101568088843047, 0.13911505685289316, 0.0021629314929119403, 0.13689534144826454, 0.002595364632795103, 0.11181260475722865, 0.004104174797392883, 0.03218548130797278, 0.00327315399998226, 0.01801921909047972, 0.003173280082748485]</VALUES>
		<LCS_MIN>[0.12451227754354477, 0.1351546049118042, 0.12769725918769836, 0.1041351705789566, 0.02044035494327545, 0.008918172679841518]</LCS_MIN>
		<LCS_MAX>[0.13421261310577393, 0.1452813446521759, 0.14192399382591248, 0.11836308240890503, 0.03876093775033951, 0.02207317389547825]</LCS_MAX>
		<WAVELENGTH>[0.485, 0.56, 0.66, 0.83, 1.65, 2.215]</WAVELENGTH>
		<MEAN_VALUE>[0.12934643756782654, 0.13911505685289316, 0.13689534144826454, 0.11181260475722865, 0.03218548130797278, 0.01801921909047972]</MEAN_VALUE>
		<CHECKBOX>2</CHECKBOX>
		<SD>[0.0019101568088843047, 0.0021629314929119403, 0.002595364632795103, 0.004104174797392883, 0.00327315399998226, 0.003173280082748485]</SD>
		<WAVELENGTH_UNIT>E-6m</WAVELENGTH_UNIT>
		<COLOR>#2a9e2d</COLOR>
		<COVARIANCE_MATRIX>[[3.6668517660421434e-06, 2.809176572422505e-07, 1.0650840799290763e-08, 1.9831681920733164e-06, 2.8104129205637625e-07, -9.166729564679499e-08], [2.809176572422505e-07, 4.701547631304069e-06, 1.9045237731947692e-06, 1.466766750621322e-07, -2.501753523480675e-07, -3.786878893138752e-07], [1.0650840799290763e-08, 1.9045237731947692e-06, 6.769429604910747e-06, -2.741968293489652e-07, -1.8170275485359994e-06, -1.2599954170619198e-06], [1.9831681920733164e-06, 1.466766750621322e-07, -2.741968293489652e-07, 1.692805301017965e-05, 3.480427492125482e-06, 1.5973069574513886e-06], [2.8104129205637625e-07, -2.501753523480675e-07, -1.8170275485359994e-06, 3.480427492125482e-06, 1.0766838287239625e-05, 3.5615086308009403e-06], [-9.166729564679499e-08, -3.786878893138752e-07, -1.2599954170619198e-06, 1.5973069574513886e-06, 3.5615086308009403e-06, 1.0119804525775033e-05]]</COVARIANCE_MATRIX>
		<ROI_SIZE>202</ROI_SIZE>
		<MAX_VALUE>[0.13421261310577393, 0.1452813446521759, 0.14192399382591248, 0.11836308240890503, 0.03876093775033951, 0.02207317389547825]</MAX_VALUE>
		<MIN_VALUE>[0.12451227754354477, 0.1351546049118042, 0.12769725918769836, 0.1041351705789566, 0.02044035494327545, 0.008918172679841518]</MIN_VALUE>
		<SIGNATURE_THRESHOLD_MD>0</SIGNATURE_THRESHOLD_MD>
		<SIGNATURE_THRESHOLD_ML>0</SIGNATURE_THRESHOLD_ML>
		<SIGNATURE_THRESHOLD_SAM>0</SIGNATURE_THRESHOLD_SAM>
	</signature>
	<signature ID="20200807_134159216559_675">
		<MACROCLASSID>1</MACROCLASSID>
		<MACROCLASSINFO>waterbody</MACROCLASSINFO>
		<CLASSID>3</CLASSID>
		<CLASSINFO>C 1</CLASSINFO>
		<VALUES>[0.12192946024562999, 0.005162909946637995, 0.10481735536174852, 0.007364776371641696, 0.07739677996209729, 0.007163918830069399, 0.08490937558710882, 0.01668542004696175, 0.03495426917960225, 0.01158794586948927, 0.020798478286401273, 0.007100611789372225]</VALUES>
		<LCS_MIN>[0.10996176302433014, 0.08452092856168747, 0.059408944100141525, 0.057894445955753326, 0.01586020737886429, 0.00562942074611783]</LCS_MIN>
		<LCS_MAX>[0.1374460607767105, 0.1250278651714325, 0.09924378991127014, 0.14326192438602448, 0.0914326161146164, 0.05824943631887436]</LCS_MAX>
		<WAVELENGTH>[0.485, 0.56, 0.66, 0.83, 1.65, 2.215]</WAVELENGTH>
		<MEAN_VALUE>[0.12192946024562999, 0.10481735536174852, 0.07739677996209729, 0.08490937558710882, 0.03495426917960225, 0.020798478286401273]</MEAN_VALUE>
		<CHECKBOX>2</CHECKBOX>
		<SD>[0.005162909946637995, 0.007364776371641696, 0.007163918830069399, 0.01668542004696175, 0.01158794586948927, 0.007100611789372225]</SD>
		<WAVELENGTH_UNIT>E-6m</WAVELENGTH_UNIT>
		<COLOR>#bc1f70</COLOR>
		<COVARIANCE_MATRIX>[[2.795075018072476e-05, 3.20590714647622e-05, 2.9815166851755504e-05, 3.570582158466426e-05, 2.4099256207615552e-05, 1.6572400521199106e-05], [3.20590714647622e-05, 4.9124741354511254e-05, 4.0982566676636945e-05, 4.261167452819104e-05, 2.759602673515969e-05, 1.9117159369401123e-05], [2.9815166851755504e-05, 4.0982566676636945e-05, 4.49101025975645e-05, 6.593475602317247e-05, 4.499440770568544e-05, 2.86529445948683e-05], [3.570582158466426e-05, 4.261167452819104e-05, 6.593475602317247e-05, 0.0002679525722444959, 0.0001820532916346398, 0.00010193353958362732], [2.4099256207615552e-05, 2.759602673515969e-05, 4.499440770568544e-05, 0.0001820532916346398, 0.00013793333856292557, 7.598966834417888e-05], [1.6572400521199106e-05, 1.9117159369401123e-05, 2.86529445948683e-05, 0.00010193353958362732, 7.598966834417888e-05, 5.2755284702378574e-05]]</COVARIANCE_MATRIX>
		<ROI_SIZE>3696</ROI_SIZE>
		<MAX_VALUE>[0.1374460607767105, 0.1250278651714325, 0.09924378991127014, 0.14326192438602448, 0.0914326161146164, 0.05824943631887436]</MAX_VALUE>
		<MIN_VALUE>[0.10996176302433014, 0.08452092856168747, 0.059408944100141525, 0.057894445955753326, 0.01586020737886429, 0.00562942074611783]</MIN_VALUE>
		<SIGNATURE_THRESHOLD_MD>0</SIGNATURE_THRESHOLD_MD>
		<SIGNATURE_THRESHOLD_ML>0</SIGNATURE_THRESHOLD_ML>
		<SIGNATURE_THRESHOLD_SAM>0</SIGNATURE_THRESHOLD_SAM>
	</signature>
	<signature ID="20200807_134213075498_882">
		<MACROCLASSID>1</MACROCLASSID>
		<MACROCLASSINFO>waterbody</MACROCLASSINFO>
		<CLASSID>4</CLASSID>
		<CLASSINFO>C 1</CLASSINFO>
		<VALUES>[0.14717408037383953, 0.011609532926812103, 0.12377195628289325, 0.012677095546095373, 0.09296786038835306, 0.01204588711302246, 0.0988332678946823, 0.0192538409234871, 0.046479630921747, 0.01197358906223913, 0.031307146555575, 0.008260096341917524]</VALUES>
		<LCS_MIN>[0.11319521814584732, 0.08789650350809097, 0.062254276126623154, 0.06145142763853073, 0.01815027929842472, 0.008918172679841518]</LCS_MIN>
		<LCS_MAX>[0.17786411941051483, 0.1486569046974182, 0.133387953042984, 0.17171776294708252, 0.11204326897859573, 0.06811568140983582]</LCS_MAX>
		<WAVELENGTH>[0.485, 0.56, 0.66, 0.83, 1.65, 2.215]</WAVELENGTH>
		<MEAN_VALUE>[0.14717408037383953, 0.12377195628289325, 0.09296786038835306, 0.0988332678946823, 0.046479630921747, 0.031307146555575]</MEAN_VALUE>
		<CHECKBOX>2</CHECKBOX>
		<SD>[0.011609532926812103, 0.012677095546095373, 0.01204588711302246, 0.0192538409234871, 0.01197358906223913, 0.008260096341917524]</SD>
		<WAVELENGTH_UNIT>E-6m</WAVELENGTH_UNIT>
		<COLOR>#8948ea</COLOR>
		<COVARIANCE_MATRIX>[[0.00011661298445708969, 0.0001228581170541897, 0.00011685393685089232, 0.00015677868643829276, 9.695039609667313e-05, 6.83974697355454e-05], [0.0001228581170541897, 0.0001427817001280584, 0.00012824974395330154, 0.0001629978715761141, 0.00010072220454270263, 7.08886493865875e-05], [0.00011685393685089232, 0.00012824974395330154, 0.00012578368087676748, 0.00016810379083068863, 0.00010457656938769919, 7.293569332664855e-05], [0.00015677868643829276, 0.0001629978715761141, 0.00016810379083068863, 0.0003240663898116969, 0.00019617066774083538, 0.00012505458569576732], [9.695039609667313e-05, 0.00010072220454270263, 0.00010457656938769919, 0.00019617066774083538, 0.00012807395352950948, 7.943759907601608e-05], [6.83974697355454e-05, 7.08886493865875e-05, 7.293569332664855e-05, 0.00012505458569576732, 7.943759907601608e-05, 6.006827433313216e-05]]</COVARIANCE_MATRIX>
		<ROI_SIZE>8935</ROI_SIZE>
		<MAX_VALUE>[0.17786411941051483, 0.1486569046974182, 0.133387953042984, 0.17171776294708252, 0.11204326897859573, 0.06811568140983582]</MAX_VALUE>
		<MIN_VALUE>[0.11319521814584732, 0.08789650350809097, 0.062254276126623154, 0.06145142763853073, 0.01815027929842472, 0.008918172679841518]</MIN_VALUE>
		<SIGNATURE_THRESHOLD_MD>0</SIGNATURE_THRESHOLD_MD>
		<SIGNATURE_THRESHOLD_ML>0</SIGNATURE_THRESHOLD_ML>
		<SIGNATURE_THRESHOLD_SAM>0</SIGNATURE_THRESHOLD_SAM>
	</signature>
	<signature ID="20200807_134243244050_565">
		<MACROCLASSID>1</MACROCLASSID>
		<MACROCLASSINFO>waterbody</MACROCLASSINFO>
		<CLASSID>5</CLASSID>
		<CLASSINFO>C 1</CLASSINFO>
		<VALUES>[0.13782852036140597, 0.007289447250492721, 0.12395254115979087, 0.010489531205152175, 0.09652297560775709, 0.011837576433136585, 0.11876311792561238, 0.01995412961769323, 0.055975184505005625, 0.012960746971606126, 0.033151071543426024, 0.007030184162008645]</VALUES>
		<LCS_MIN>[0.11642865836620331, 0.09127207845449448, 0.06794498860836029, 0.08635026961565018, 0.03189072012901306, 0.01549567375332117]</LCS_MIN>
		<LCS_MAX>[0.15523000061511993, 0.1452813446521759, 0.12485191226005554, 0.1646038144826889, 0.10746312886476517, 0.06153818592429161]</LCS_MAX>
		<WAVELENGTH>[0.485, 0.56, 0.66, 0.83, 1.65, 2.215]</WAVELENGTH>
		<MEAN_VALUE>[0.13782852036140597, 0.12395254115979087, 0.09652297560775709, 0.11876311792561238, 0.055975184505005625, 0.033151071543426024]</MEAN_VALUE>
		<CHECKBOX>2</CHECKBOX>
		<SD>[0.007289447250492721, 0.010489531205152175, 0.011837576433136585, 0.01995412961769323, 0.012960746971606126, 0.007030184162008645]</SD>
		<WAVELENGTH_UNIT>E-6m</WAVELENGTH_UNIT>
		<COLOR>#32f70d</COLOR>
		<COVARIANCE_MATRIX>[[5.8403135377204174e-05, 7.75989350089127e-05, 8.298756627669659e-05, 4.5147488077031034e-05, 2.358644092903166e-05, 1.7166036963014563e-05], [7.75989350089127e-05, 0.0001207357993143845, 0.00012415325439361967, 4.9310814292969934e-05, 2.2360037368409053e-05, 1.8235027014799412e-05], [8.298756627669659e-05, 0.00012415325439361967, 0.00014149031639812415, 8.190203519244063e-05, 4.3025493888212475e-05, 2.9056599190842936e-05], [4.5147488077031034e-05, 4.9310814292969934e-05, 8.190203519244063e-05, 0.0003750149714865466, 0.00023868597787345298, 0.00011703038110966684], [2.358644092903166e-05, 2.2360037368409053e-05, 4.3025493888212475e-05, 0.00023868597787345298, 0.00017493936123438985, 8.452508294175354e-05], [1.7166036963014563e-05, 1.8235027014799412e-05, 2.9056599190842936e-05, 0.00011703038110966684, 8.452508294175354e-05, 5.1502553498803746e-05]]</COVARIANCE_MATRIX>
		<ROI_SIZE>3229</ROI_SIZE>
		<MAX_VALUE>[0.15523000061511993, 0.1452813446521759, 0.12485191226005554, 0.1646038144826889, 0.10746312886476517, 0.06153818592429161]</MAX_VALUE>
		<MIN_VALUE>[0.11642865836620331, 0.09127207845449448, 0.06794498860836029, 0.08635026961565018, 0.03189072012901306, 0.01549567375332117]</MIN_VALUE>
		<SIGNATURE_THRESHOLD_MD>0</SIGNATURE_THRESHOLD_MD>
		<SIGNATURE_THRESHOLD_ML>0</SIGNATURE_THRESHOLD_ML>
		<SIGNATURE_THRESHOLD_SAM>0</SIGNATURE_THRESHOLD_SAM>
	</signature>
	<signature ID="20200807_134255515696_761">
		<MACROCLASSID>1</MACROCLASSID>
		<MACROCLASSINFO>waterbody</MACROCLASSINFO>
		<CLASSID>6</CLASSID>
		<CLASSINFO>C 1</CLASSINFO>
		<VALUES>[0.12351078862394291, 0.0033699850712366705, 0.12967071959386503, 0.006820508230350274, 0.1478307556755106, 0.011810959011083973, 0.1741244947734852, 0.009518347087740492, 0.02069241836636864, 0.014156020430851457, 0.010936618373338326, 0.008933753973266737]</VALUES>
		<LCS_MIN>[0.10511160641908646, 0.09464766830205917, 0.08501705527305603, 0.10769213736057281, 0.002119768876582384, 0.0]</LCS_MIN>
		<LCS_MAX>[0.13097916543483734, 0.1419057548046112, 0.16753211617469788, 0.2215154767036438, 0.07998226583003998, 0.05824943631887436]</LCS_MAX>
		<WAVELENGTH>[0.485, 0.56, 0.66, 0.83, 1.65, 2.215]</WAVELENGTH>
		<MEAN_VALUE>[0.12351078862394291, 0.12967071959386503, 0.1478307556755106, 0.1741244947734852, 0.02069241836636864, 0.010936618373338326]</MEAN_VALUE>
		<CHECKBOX>2</CHECKBOX>
		<SD>[0.0033699850712366705, 0.006820508230350274, 0.011810959011083973, 0.009518347087740492, 0.014156020430851457, 0.008933753973266737]</SD>
		<WAVELENGTH_UNIT>E-6m</WAVELENGTH_UNIT>
		<COLOR>#02f8ee</COLOR>
		<COVARIANCE_MATRIX>[[1.136649775728408e-05, 1.828085454250333e-05, 3.156115887790715e-05, -4.084744332386461e-06, -2.4181381407142968e-05, -1.1306692703180242e-05], [1.828085454250333e-05, 4.655905867955877e-05, 7.420943313538005e-05, -6.282457346742525e-06, -6.074953051147395e-05, -3.106865680342283e-05], [3.156115887790715e-05, 7.420943313538005e-05, 0.00013961788064601548, -1.6596268999035915e-05, -0.00012509482121045263, -6.582915327507145e-05], [-4.084744332386461e-06, -6.282457346742525e-06, -1.6596268999035915e-05, 9.067630013947176e-05, 5.2454927050930294e-05, 2.5854823332290017e-05], [-2.4181381407142968e-05, -6.074953051147395e-05, -0.00012509482121045263, 5.2454927050930294e-05, 0.00020056404416920378, 0.0001170088367594951], [-1.1306692703180242e-05, -3.106865680342283e-05, -6.582915327507145e-05, 2.5854823332290017e-05, 0.0001170088367594951, 7.988011715140497e-05]]</COVARIANCE_MATRIX>
		<ROI_SIZE>1172</ROI_SIZE>
		<MAX_VALUE>[0.13097916543483734, 0.1419057548046112, 0.16753211617469788, 0.2215154767036438, 0.07998226583003998, 0.05824943631887436]</MAX_VALUE>
		<MIN_VALUE>[0.10511160641908646, 0.09464766830205917, 0.08501705527305603, 0.10769213736057281, 0.002119768876582384, 0.0]</MIN_VALUE>
		<SIGNATURE_THRESHOLD_MD>0</SIGNATURE_THRESHOLD_MD>
		<SIGNATURE_THRESHOLD_ML>0</SIGNATURE_THRESHOLD_ML>
		<SIGNATURE_THRESHOLD_SAM>0</SIGNATURE_THRESHOLD_SAM>
	</signature>
	<signature ID="20200807_134310129949_994">
		<MACROCLASSID>1</MACROCLASSID>
		<MACROCLASSINFO>waterbody</MACROCLASSINFO>
		<CLASSID>7</CLASSID>
		<CLASSINFO>C 1</CLASSINFO>
		<VALUES>[0.12026343054668356, 0.0027137903022688204, 0.11949918668285671, 0.004084697612361693, 0.12934040856740608, 0.007869941313227758, 0.16624013739250607, 0.010522196710331293, 0.024766462656014517, 0.014955775856146604, 0.012702050372323127, 0.009480367526408691]</VALUES>
		<LCS_MIN>[0.10996176302433014, 0.09802325069904327, 0.08786239475011826, 0.13970495760440826, 0.008989988826215267, 0.0]</LCS_MIN>
		<LCS_MAX>[0.12936244904994965, 0.128403440117836, 0.1447693258523941, 0.2250724583864212, 0.07998226583003998, 0.06153818592429161]</LCS_MAX>
		<WAVELENGTH>[0.485, 0.56, 0.66, 0.83, 1.65, 2.215]</WAVELENGTH>
		<MEAN_VALUE>[0.12026343054668356, 0.11949918668285671, 0.12934040856740608, 0.16624013739250607, 0.024766462656014517, 0.012702050372323127]</MEAN_VALUE>
		<CHECKBOX>2</CHECKBOX>
		<SD>[0.0027137903022688204, 0.004084697612361693, 0.007869941313227758, 0.010522196710331293, 0.014955775856146604, 0.009480367526408691]</SD>
		<WAVELENGTH_UNIT>E-6m</WAVELENGTH_UNIT>
		<COLOR>#524a83</COLOR>
		<COVARIANCE_MATRIX>[[8.178351198444595e-06, 8.816777652834664e-06, 1.689116447084335e-05, -1.3181794681443417e-05, -1.8830948787445874e-05, -7.5945706053388785e-06], [8.816777652834664e-06, 2.078402920740089e-05, 3.567708200331399e-05, -3.277121213692775e-05, -4.664599981712382e-05, -2.1137733208469655e-05], [1.689116447084335e-05, 3.567708200331399e-05, 7.955068147180223e-05, -7.839678321089055e-05, -0.00010874728238171055, -5.228668762304074e-05], [-1.3181794681443417e-05, -3.277121213692775e-05, -7.839678321089055e-05, 0.00014127082697201017, 0.00015177269340619243, 7.484319581305959e-05], [-1.8830948787445874e-05, -4.664599981712382e-05, -0.00010874728238171055, 0.00015177269340619243, 0.00024601112659336787, 0.00013309868582796344], [-7.5945706053388785e-06, -2.1137733208469655e-05, -5.228668762304074e-05, 7.484319581305959e-05, 0.00013309868582796344, 8.636274343041467e-05]]</COVARIANCE_MATRIX>
		<ROI_SIZE>954</ROI_SIZE>
		<MAX_VALUE>[0.12936244904994965, 0.128403440117836, 0.1447693258523941, 0.2250724583864212, 0.07998226583003998, 0.06153818592429161]</MAX_VALUE>
		<MIN_VALUE>[0.10996176302433014, 0.09802325069904327, 0.08786239475011826, 0.13970495760440826, 0.008989988826215267, 0.0]</MIN_VALUE>
		<SIGNATURE_THRESHOLD_MD>0</SIGNATURE_THRESHOLD_MD>
		<SIGNATURE_THRESHOLD_ML>0</SIGNATURE_THRESHOLD_ML>
		<SIGNATURE_THRESHOLD_SAM>0</SIGNATURE_THRESHOLD_SAM>
	</signature>
	<signature ID="20200807_134333879402_676">
		<MACROCLASSID>1</MACROCLASSID>
		<MACROCLASSINFO>waterbody</MACROCLASSINFO>
		<CLASSID>8</CLASSID>
		<CLASSINFO>C 1</CLASSINFO>
		<VALUES>[0.12426253674718422, 0.004125883870864228, 0.1099887056563928, 0.006037679595374117, 0.09026822544694911, 0.008972372612488146, 0.12079223778431976, 0.026021275577742066, 0.0646220097712022, 0.025272309530703616, 0.040228147536697886, 0.01778898488272392]</VALUES>
		<LCS_MIN>[0.11481192708015442, 0.09802325069904327, 0.07363566756248474, 0.07212235778570175, 0.02044035494327545, 0.008918172679841518]</LCS_MIN>
		<LCS_MAX>[0.14552968740463257, 0.128403440117836, 0.11631587892770767, 0.18594567477703094, 0.10975319892168045, 0.08455942571163177]</LCS_MAX>
		<WAVELENGTH>[0.485, 0.56, 0.66, 0.83, 1.65, 2.215]</WAVELENGTH>
		<MEAN_VALUE>[0.12426253674718422, 0.1099887056563928, 0.09026822544694911, 0.12079223778431976, 0.0646220097712022, 0.040228147536697886]</MEAN_VALUE>
		<CHECKBOX>2</CHECKBOX>
		<SD>[0.004125883870864228, 0.006037679595374117, 0.008972372612488146, 0.026021275577742066, 0.025272309530703616, 0.01778898488272392]</SD>
		<WAVELENGTH_UNIT>E-6m</WAVELENGTH_UNIT>
		<COLOR>#857a3b</COLOR>
		<COVARIANCE_MATRIX>[[1.709239901265699e-05, 1.859291857031243e-05, 2.7039982295254e-05, 1.4715826720423255e-05, 2.832154541171976e-05, 2.8077506812433566e-05], [1.859291857031243e-05, 3.6602364998014905e-05, 4.6757136216283444e-05, 4.432675262305354e-05, 7.079647294589922e-05, 6.258833959614685e-05], [2.7039982295254e-05, 4.6757136216283444e-05, 8.083205589037757e-05, 5.878145201729982e-05, 0.00011189313629538543, 0.00010353638311812436], [1.4715826720423255e-05, 4.432675262305354e-05, 5.878145201729982e-05, 0.0006798704838466439, 0.0005641451259700505, 0.00031544467266334913], [2.832154541171976e-05, 7.079647294589922e-05, 0.00011189313629538543, 0.0005641451259700505, 0.0006412965254606551, 0.00040182861778224665], [2.8077506812433566e-05, 6.258833959614685e-05, 0.00010353638311812436, 0.00031544467266334913, 0.00040182861778224665, 0.0003177396075788322]]</COVARIANCE_MATRIX>
		<ROI_SIZE>246</ROI_SIZE>
		<MAX_VALUE>[0.14552968740463257, 0.128403440117836, 0.11631587892770767, 0.18594567477703094, 0.10975319892168045, 0.08455942571163177]</MAX_VALUE>
		<MIN_VALUE>[0.11481192708015442, 0.09802325069904327, 0.07363566756248474, 0.07212235778570175, 0.02044035494327545, 0.008918172679841518]</MIN_VALUE>
		<SIGNATURE_THRESHOLD_MD>0</SIGNATURE_THRESHOLD_MD>
		<SIGNATURE_THRESHOLD_ML>0</SIGNATURE_THRESHOLD_ML>
		<SIGNATURE_THRESHOLD_SAM>0</SIGNATURE_THRESHOLD_SAM>
	</signature>
	<signature ID="20200807_134437078844_898">
		<MACROCLASSID>1</MACROCLASSID>
		<MACROCLASSINFO>waterbody</MACROCLASSINFO>
		<CLASSID>9</CLASSID>
		<CLASSINFO>C 1</CLASSINFO>
		<VALUES>[0.13183479915149737, 0.004269583442829338, 0.1330670690959132, 0.005651679743469554, 0.15872984494992157, 0.010916390329379718, 0.19918035188613567, 0.007883171226608405, 0.0405655436392068, 0.016909043125192987, 0.024813799734216466, 0.011509253523367652]</VALUES>
		<LCS_MIN>[0.11157848685979843, 0.10139881819486618, 0.09639844298362732, 0.18238869309425354, 0.01815027929842472, 0.00562942074611783]</LCS_MIN>
		<LCS_MAX>[0.1422962248325348, 0.1419057548046112, 0.16753211617469788, 0.26064226031303406, 0.09830284118652344, 0.07140443474054337]</LCS_MAX>
		<WAVELENGTH>[0.485, 0.56, 0.66, 0.83, 1.65, 2.215]</WAVELENGTH>
		<MEAN_VALUE>[0.13183479915149737, 0.1330670690959132, 0.15872984494992157, 0.19918035188613567, 0.0405655436392068, 0.024813799734216466]</MEAN_VALUE>
		<CHECKBOX>2</CHECKBOX>
		<SD>[0.004269583442829338, 0.005651679743469554, 0.010916390329379718, 0.007883171226608405, 0.016909043125192987, 0.011509253523367652]</SD>
		<WAVELENGTH_UNIT>E-6m</WAVELENGTH_UNIT>
		<COLOR>#4d4bb3</COLOR>
		<COVARIANCE_MATRIX>[[1.9295891235843068e-05, 1.9173002366408187e-05, 2.714514096080008e-05, -5.357414900272846e-06, -2.3417502413529256e-06, 6.177268911088058e-06], [1.9173002366408187e-05, 3.247836737358686e-05, 4.958697439428646e-05, -1.4990049468129114e-05, -3.47761688994118e-05, -1.2228079305275836e-05], [2.714514096080008e-05, 4.958697439428646e-05, 0.00010828547409991673, -4.363763553208611e-05, -0.0001209493833832104, -6.106267246996383e-05], [-5.357414900272846e-06, -1.4990049468129114e-05, -4.363763553208611e-05, 5.284308262568053e-05, 6.909666623014305e-05, 3.46920763384079e-05], [-2.3417502413529256e-06, -3.47761688994118e-05, -0.0001209493833832104, 6.909666623014305e-05, 0.0002906895885376497, 0.00018464888011819624], [6.177268911088058e-06, -1.2228079305275836e-05, -6.106267246996383e-05, 3.46920763384079e-05, 0.00018464888011819624, 0.00013571801567105666]]</COVARIANCE_MATRIX>
		<ROI_SIZE>1341</ROI_SIZE>
		<MAX_VALUE>[0.1422962248325348, 0.1419057548046112, 0.16753211617469788, 0.26064226031303406, 0.09830284118652344, 0.07140443474054337]</MAX_VALUE>
		<MIN_VALUE>[0.11157848685979843, 0.10139881819486618, 0.09639844298362732, 0.18238869309425354, 0.01815027929842472, 0.00562942074611783]</MIN_VALUE>
		<SIGNATURE_THRESHOLD_MD>0</SIGNATURE_THRESHOLD_MD>
		<SIGNATURE_THRESHOLD_ML>0</SIGNATURE_THRESHOLD_ML>
		<SIGNATURE_THRESHOLD_SAM>0</SIGNATURE_THRESHOLD_SAM>
	</signature>
	<signature ID="20200807_134451883132_543">
		<MACROCLASSID>1</MACROCLASSID>
		<MACROCLASSINFO>waterbody</MACROCLASSINFO>
		<CLASSID>10</CLASSID>
		<CLASSINFO>C 1</CLASSINFO>
		<VALUES>[0.12264790205798175, 0.0032724013611901883, 0.1271676787378011, 0.005167853615930776, 0.15969507768032432, 0.010620772046438832, 0.18827246001029774, 0.009536226067530929, 0.02618539294942149, 0.016771606162263867, 0.01651771018740963, 0.013628144697888546]</VALUES>
		<LCS_MIN>[0.10996176302433014, 0.10477440059185028, 0.10208913683891296, 0.12192005664110184, 0.011280061677098274, 0.0]</LCS_MIN>
		<LCS_MAX>[0.13582932949066162, 0.1486569046974182, 0.19883091747760773, 0.23574338853359222, 0.08685247600078583, 0.07140443474054337]</LCS_MAX>
		<WAVELENGTH>[0.485, 0.56, 0.66, 0.83, 1.65, 2.215]</WAVELENGTH>
		<MEAN_VALUE>[0.12264790205798175, 0.1271676787378011, 0.15969507768032432, 0.18827246001029774, 0.02618539294942149, 0.01651771018740963]</MEAN_VALUE>
		<CHECKBOX>2</CHECKBOX>
		<SD>[0.0032724013611901883, 0.005167853615930776, 0.010620772046438832, 0.009536226067530929, 0.016771606162263867, 0.013628144697888546]</SD>
		<WAVELENGTH_UNIT>E-6m</WAVELENGTH_UNIT>
		<COLOR>#c7e70b</COLOR>
		<COVARIANCE_MATRIX>[[1.0718937197811654e-05, 1.236088166990183e-05, 2.0281691321452213e-05, 4.425337978923697e-06, 5.636800294150298e-07, 4.704533062630026e-06], [1.236088166990183e-05, 2.6732464815357195e-05, 4.5090655225524605e-05, 1.3333457541055412e-05, -1.8648971618986603e-05, -7.969962125550607e-06], [2.0281691321452213e-05, 4.5090655225524605e-05, 0.00011290957494617918, 3.823078587095417e-05, -0.00010444354776618894, -6.98705756865138e-05], [4.425337978923697e-06, 1.3333457541055412e-05, 3.823078587095417e-05, 9.102730250749965e-05, -3.253106915589743e-05, -3.438027544105892e-05], [5.636800294150298e-07, -1.8648971618986603e-05, -0.00010444354776618894, -3.253106915589743e-05, 0.00028155802376668003, 0.00021590023364894596], [4.704533062630026e-06, -7.969962125550607e-06, -6.98705756865138e-05, -3.438027544105892e-05, 0.00021590023364894596, 0.0001859054275477706]]</COVARIANCE_MATRIX>
		<ROI_SIZE>1038</ROI_SIZE>
		<MAX_VALUE>[0.13582932949066162, 0.1486569046974182, 0.19883091747760773, 0.23574338853359222, 0.08685247600078583, 0.07140443474054337]</MAX_VALUE>
		<MIN_VALUE>[0.10996176302433014, 0.10477440059185028, 0.10208913683891296, 0.12192005664110184, 0.011280061677098274, 0.0]</MIN_VALUE>
		<SIGNATURE_THRESHOLD_MD>0</SIGNATURE_THRESHOLD_MD>
		<SIGNATURE_THRESHOLD_ML>0</SIGNATURE_THRESHOLD_ML>
		<SIGNATURE_THRESHOLD_SAM>0</SIGNATURE_THRESHOLD_SAM>
	</signature>
	<signature ID="20200807_134505748801_418">
		<MACROCLASSID>1</MACROCLASSID>
		<MACROCLASSINFO>waterbody</MACROCLASSINFO>
		<CLASSID>11</CLASSID>
		<CLASSINFO>C 1</CLASSINFO>
		<VALUES>[0.11215770702193098, 0.0050010079612284155, 0.09758468347740926, 0.007058822187330473, 0.07785888375553088, 0.010497729373234664, 0.08339545975519916, 0.02076423940084428, 0.040807579361694275, 0.01944366899197225, 0.028615565043800754, 0.01611662888904594]</VALUES>
		<LCS_MIN>[0.10187815129756927, 0.08114535361528397, 0.056563589721918106, 0.04722350090742111, 0.008989988826215267, 0.0]</LCS_MIN>
		<LCS_MAX>[0.12774571776390076, 0.12165229022502899, 0.10777983069419861, 0.12547704577445984, 0.08456240594387054, 0.07140443474054337]</LCS_MAX>
		<WAVELENGTH>[0.485, 0.56, 0.66, 0.83, 1.65, 2.215]</WAVELENGTH>
		<MEAN_VALUE>[0.11215770702193098, 0.09758468347740926, 0.07785888375553088, 0.08339545975519916, 0.040807579361694275, 0.028615565043800754]</MEAN_VALUE>
		<CHECKBOX>2</CHECKBOX>
		<SD>[0.0050010079612284155, 0.007058822187330473, 0.010497729373234664, 0.02076423940084428, 0.01944366899197225, 0.01611662888904594]</SD>
		<WAVELENGTH_UNIT>E-6m</WAVELENGTH_UNIT>
		<COLOR>#d95af2</COLOR>
		<COVARIANCE_MATRIX>[[2.453828266000712e-05, 2.8497132009978346e-05, 4.337483357470507e-05, 5.1658458847241174e-05, 5.850215461076672e-05, 5.350112777251614e-05], [2.8497132009978346e-05, 4.7180439690852086e-05, 6.372130650019276e-05, 7.259925748869974e-05, 8.316228611262429e-05, 7.412491610115775e-05], [4.337483357470507e-05, 6.372130650019276e-05, 0.00011026799031865708, 0.00014126557135525153, 0.00015675253305369054, 0.00013634497934455], [5.1658458847241174e-05, 7.259925748869974e-05, 0.00014126557135525153, 0.0004215798078564565, 0.0003785080784515481, 0.000282970910401647], [5.850215461076672e-05, 8.316228611262429e-05, 0.00015675253305369054, 0.0003785080784515481, 0.00041560896811130286, 0.00031788288798174333], [5.350112777251614e-05, 7.412491610115775e-05, 0.00013634497934455, 0.000282970910401647, 0.00031788288798174333, 0.0002690493947341696]]</COVARIANCE_MATRIX>
		<ROI_SIZE>561</ROI_SIZE>
		<MAX_VALUE>[0.12774571776390076, 0.12165229022502899, 0.10777983069419861, 0.12547704577445984, 0.08456240594387054, 0.07140443474054337]</MAX_VALUE>
		<MIN_VALUE>[0.10187815129756927, 0.08114535361528397, 0.056563589721918106, 0.04722350090742111, 0.008989988826215267, 0.0]</MIN_VALUE>
		<SIGNATURE_THRESHOLD_MD>0</SIGNATURE_THRESHOLD_MD>
		<SIGNATURE_THRESHOLD_ML>0</SIGNATURE_THRESHOLD_ML>
		<SIGNATURE_THRESHOLD_SAM>0</SIGNATURE_THRESHOLD_SAM>
	</signature>
	<signature ID="20200807_134526661747_184">
		<MACROCLASSID>1</MACROCLASSID>
		<MACROCLASSINFO>waterbody</MACROCLASSINFO>
		<CLASSID>12</CLASSID>
		<CLASSINFO>C 1</CLASSINFO>
		<VALUES>[0.12948260493800248, 0.0037262011495869437, 0.14953373616991986, 0.0067562912864430604, 0.20098843871875927, 0.01324073454520911, 0.20171174990969729, 0.00877086498281506, 0.01429222995525801, 0.010481588649612029, 0.006854793959676203, 0.005944527829374829]</VALUES>
		<LCS_MIN>[0.11319521814584732, 0.11827670782804489, 0.13907866179943085, 0.15037590265274048, 0.002119768876582384, 0.0]</LCS_MIN>
		<LCS_MAX>[0.1406795084476471, 0.16215920448303223, 0.21590299904346466, 0.25708526372909546, 0.07998226583003998, 0.05496068298816681]</LCS_MAX>
		<WAVELENGTH>[0.485, 0.56, 0.66, 0.83, 1.65, 2.215]</WAVELENGTH>
		<MEAN_VALUE>[0.12948260493800248, 0.14953373616991986, 0.20098843871875927, 0.20171174990969729, 0.01429222995525801, 0.006854793959676203]</MEAN_VALUE>
		<CHECKBOX>2</CHECKBOX>
		<SD>[0.0037262011495869437, 0.0067562912864430604, 0.01324073454520911, 0.00877086498281506, 0.010481588649612029, 0.005944527829374829]</SD>
		<WAVELENGTH_UNIT>E-6m</WAVELENGTH_UNIT>
		<COLOR>#d91124</COLOR>
		<COVARIANCE_MATRIX>[[1.5209826826519987e-05, 2.2367463169518622e-05, 4.3859489899127106e-05, -1.4951825216357168e-05, -2.9731444271987583e-05, -1.3801339009353296e-05], [2.2367463169518622e-05, 4.9262495142338186e-05, 8.780848029246935e-05, -3.4275285791747824e-05, -5.716159345394215e-05, -2.6496723751480092e-05], [4.3859489899127106e-05, 8.780848029246935e-05, 0.00018387972795945372, -5.614442351588581e-05, -0.00012538839894812132, -5.880075968774527e-05], [-1.4951825216357168e-05, -3.4275285791747824e-05, -5.614442351588581e-05, 9.359860759269132e-05, 3.680427733451001e-05, 1.4240070870250275e-05], [-2.9731444271987583e-05, -5.716159345394215e-05, -0.00012538839894812132, 3.680427733451001e-05, 0.00011823312363029565, 5.6743171839132444e-05], [-1.3801339009353296e-05, -2.6496723751480092e-05, -5.880075968774527e-05, 1.4240070870250275e-05, 5.6743171839132444e-05, 3.6516175688040465e-05]]</COVARIANCE_MATRIX>
		<ROI_SIZE>2375</ROI_SIZE>
		<MAX_VALUE>[0.1406795084476471, 0.16215920448303223, 0.21590299904346466, 0.25708526372909546, 0.07998226583003998, 0.05496068298816681]</MAX_VALUE>
		<MIN_VALUE>[0.11319521814584732, 0.11827670782804489, 0.13907866179943085, 0.15037590265274048, 0.002119768876582384, 0.0]</MIN_VALUE>
		<SIGNATURE_THRESHOLD_MD>0</SIGNATURE_THRESHOLD_MD>
		<SIGNATURE_THRESHOLD_ML>0</SIGNATURE_THRESHOLD_ML>
		<SIGNATURE_THRESHOLD_SAM>0</SIGNATURE_THRESHOLD_SAM>
	</signature>
	<signature ID="20200807_134542088562_459">
		<MACROCLASSID>1</MACROCLASSID>
		<MACROCLASSINFO>waterbody</MACROCLASSINFO>
		<CLASSID>13</CLASSID>
		<CLASSINFO>C 1</CLASSINFO>
		<VALUES>[0.12482553148529017, 0.004096594859185334, 0.12971431507510292, 0.006936589729357674, 0.1119030120098972, 0.009681482103255208, 0.06767175433169346, 0.013706997915342727, 0.01695823964199481, 0.009899899595448526, 0.008764313625084612, 0.005446695273770356]</VALUES>
		<LCS_MIN>[0.10026143491268158, 0.08114535361528397, 0.062254276126623154, 0.04722350090742111, 0.0044098421931266785, 0.0]</LCS_MIN>
		<LCS_MAX>[0.13259588181972504, 0.1419057548046112, 0.133387953042984, 0.13259099423885345, 0.08456240594387054, 0.04838317632675171]</LCS_MAX>
		<WAVELENGTH>[0.485, 0.56, 0.66, 0.83, 1.65, 2.215]</WAVELENGTH>
		<MEAN_VALUE>[0.12482553148529017, 0.12971431507510292, 0.1119030120098972, 0.06767175433169346, 0.01695823964199481, 0.008764313625084612]</MEAN_VALUE>
		<CHECKBOX>2</CHECKBOX>
		<SD>[0.004096594859185334, 0.006936589729357674, 0.009681482103255208, 0.013706997915342727, 0.009899899595448526, 0.005446695273770356]</SD>
		<WAVELENGTH_UNIT>E-6m</WAVELENGTH_UNIT>
		<COLOR>#8246d0</COLOR>
		<COVARIANCE_MATRIX>[[1.4114116371980233e-05, 1.7544665539587227e-05, 1.7870993797718272e-05, -3.1561599555711344e-05, -2.0630655465737365e-05, -8.660224487129779e-06], [1.7544665539587227e-05, 3.658713325900332e-05, 4.1041881006585666e-05, -5.056962930572001e-05, -3.4559333306028365e-05, -1.469743768420395e-05], [1.7870993797718272e-05, 4.1041881006585666e-05, 7.752880851585482e-05, -4.22000933036056e-05, -3.2651816713688205e-05, -1.3625216413155914e-05], [-3.1561599555711344e-05, -5.056962930572001e-05, -4.22000933036056e-05, 0.00018671721669687508, 0.00011614392545496424, 5.2127247926440436e-05], [-2.0630655465737365e-05, -3.4559333306028365e-05, -3.2651816713688205e-05, 0.00011614392545496424, 9.079920394570769e-05, 4.040493870596899e-05], [-8.660224487129779e-06, -1.469743768420395e-05, -1.3625216413155914e-05, 5.2127247926440436e-05, 4.040493870596899e-05, 2.6611673029944154e-05]]</COVARIANCE_MATRIX>
		<ROI_SIZE>2297</ROI_SIZE>
		<MAX_VALUE>[0.13259588181972504, 0.1419057548046112, 0.133387953042984, 0.13259099423885345, 0.08456240594387054, 0.04838317632675171]</MAX_VALUE>
		<MIN_VALUE>[0.10026143491268158, 0.08114535361528397, 0.062254276126623154, 0.04722350090742111, 0.0044098421931266785, 0.0]</MIN_VALUE>
		<SIGNATURE_THRESHOLD_MD>0</SIGNATURE_THRESHOLD_MD>
		<SIGNATURE_THRESHOLD_ML>0</SIGNATURE_THRESHOLD_ML>
		<SIGNATURE_THRESHOLD_SAM>0</SIGNATURE_THRESHOLD_SAM>
	</signature>
	<signature ID="20200807_134632233825_436">
		<MACROCLASSID>1</MACROCLASSID>
		<MACROCLASSINFO>waterbody</MACROCLASSINFO>
		<CLASSID>14</CLASSID>
		<CLASSINFO>C 1</CLASSINFO>
		<VALUES>[0.11551517251494753, 0.003311893994624277, 0.11200993900675946, 0.005575618091668448, 0.09354033659425277, 0.006123954637619306, 0.096829801413644, 0.02048369567884545, 0.039936783840470544, 0.017501057308276082, 0.02312763955657092, 0.011554418852803422]</VALUES>
		<LCS_MIN>[0.09379453957080841, 0.07101861387491226, 0.04802755266427994, 0.07212235778570175, 0.01586020737886429, 0.00562942074611783]</LCS_MIN>
		<LCS_MAX>[0.12289554625749588, 0.12165229022502899, 0.10777983069419861, 0.14681890606880188, 0.09372268617153168, 0.05824943631887436]</LCS_MAX>
		<WAVELENGTH>[0.485, 0.56, 0.66, 0.83, 1.65, 2.215]</WAVELENGTH>
		<MEAN_VALUE>[0.11551517251494753, 0.11200993900675946, 0.09354033659425277, 0.096829801413644, 0.039936783840470544, 0.02312763955657092]</MEAN_VALUE>
		<CHECKBOX>2</CHECKBOX>
		<SD>[0.003311893994624277, 0.005575618091668448, 0.006123954637619306, 0.02048369567884545, 0.017501057308276082, 0.011554418852803422]</SD>
		<WAVELENGTH_UNIT>E-6m</WAVELENGTH_UNIT>
		<COLOR>#96be0c</COLOR>
		<COVARIANCE_MATRIX>[[1.0993290464957811e-05, 1.3062881803854284e-05, 1.5535745485805478e-05, -2.2195697007953585e-05, -1.1037431166434685e-05, -1.9858272494964017e-06], [1.3062881803854284e-05, 3.115737669313865e-05, 2.9424591317618763e-05, -5.848431275460195e-05, -3.46363414035037e-05, -1.368394088444414e-05], [1.5535745485805478e-05, 2.9424591317618763e-05, 3.758709640452604e-05, -5.0447435070149795e-05, -2.284240057976478e-05, -4.675849841515453e-06], [-2.2195697007953585e-05, -5.848431275460195e-05, -5.0447435070149795e-05, 0.00042052466908751486, 0.00032107625769316265, 0.0001856092638130446], [-1.1037431166434685e-05, -3.46363414035037e-05, -2.284240057976478e-05, 0.00032107625769316265, 0.00030697529231634476, 0.0001850133608492485], [-1.9858272494964017e-06, -1.368394088444414e-05, -4.675849841515453e-06, 0.0001856092638130446, 0.0001850133608492485, 0.00013380460535192043]]</COVARIANCE_MATRIX>
		<ROI_SIZE>446</ROI_SIZE>
		<MAX_VALUE>[0.12289554625749588, 0.12165229022502899, 0.10777983069419861, 0.14681890606880188, 0.09372268617153168, 0.05824943631887436]</MAX_VALUE>
		<MIN_VALUE>[0.09379453957080841, 0.07101861387491226, 0.04802755266427994, 0.07212235778570175, 0.01586020737886429, 0.00562942074611783]</MIN_VALUE>
		<SIGNATURE_THRESHOLD_MD>0</SIGNATURE_THRESHOLD_MD>
		<SIGNATURE_THRESHOLD_ML>0</SIGNATURE_THRESHOLD_ML>
		<SIGNATURE_THRESHOLD_SAM>0</SIGNATURE_THRESHOLD_SAM>
	</signature>
	<signature ID="20200807_134802582682_885">
		<MACROCLASSID>1</MACROCLASSID>
		<MACROCLASSINFO>waterbody</MACROCLASSINFO>
		<CLASSID>15</CLASSID>
		<CLASSINFO>C 1</CLASSINFO>
		<VALUES>[0.12841323136606006, 0.0035848442786601165, 0.12677958150478935, 0.004976981560416615, 0.11305018915145687, 0.006013597008195828, 0.13829024689215608, 0.020999187178430634, 0.07348504115008953, 0.01884019214209333, 0.044322071307705664, 0.011867152084979066]</VALUES>
		<LCS_MIN>[0.11642865836620331, 0.10814998298883438, 0.09070774912834167, 0.09346422553062439, 0.036470863968133926, 0.02207317389547825]</LCS_MIN>
		<LCS_MAX>[0.1374460607767105, 0.1385301798582077, 0.12769725918769836, 0.18594567477703094, 0.12349364906549454, 0.09113693982362747]</LCS_MAX>
		<WAVELENGTH>[0.485, 0.56, 0.66, 0.83, 1.65, 2.215]</WAVELENGTH>
		<MEAN_VALUE>[0.12841323136606006, 0.12677958150478935, 0.11305018915145687, 0.13829024689215608, 0.07348504115008953, 0.044322071307705664]</MEAN_VALUE>
		<CHECKBOX>2</CHECKBOX>
		<SD>[0.0035848442786601165, 0.004976981560416615, 0.006013597008195828, 0.020999187178430634, 0.01884019214209333, 0.011867152084979066]</SD>
		<WAVELENGTH_UNIT>E-6m</WAVELENGTH_UNIT>
		<COLOR>#2eb82a</COLOR>
		<COVARIANCE_MATRIX>[[1.2899972032668923e-05, 1.1442543413535371e-05, 1.2927655412131846e-05, -1.70255973279601e-05, -1.0596986030476588e-05, -1.200906737647751e-06], [1.1442543413535371e-05, 2.4864529275741474e-05, 2.5426444778269933e-05, -5.8733653069672297e-05, -4.342244883704041e-05, -1.8396525742774837e-05], [1.2927655412131846e-05, 2.5426444778269933e-05, 3.630085220503113e-05, -7.425204530654697e-05, -5.110392309591516e-05, -1.9823945019608326e-05], [-1.70255973279601e-05, -5.8733653069672297e-05, -7.425204530654697e-05, 0.00044264253843672276, 0.00034862854706905046, 0.0001934994752475544], [-1.0596986030476588e-05, -4.342244883704041e-05, -5.110392309591516e-05, 0.00034862854706905046, 0.00035630247052115103, 0.0002060446307803464], [-1.200906737647751e-06, -1.8396525742774837e-05, -1.9823945019608326e-05, 0.0001934994752475544, 0.0002060446307803464, 0.00014136477122630452]]</COVARIANCE_MATRIX>
		<ROI_SIZE>264</ROI_SIZE>
		<MAX_VALUE>[0.1374460607767105, 0.1385301798582077, 0.12769725918769836, 0.18594567477703094, 0.12349364906549454, 0.09113693982362747]</MAX_VALUE>
		<MIN_VALUE>[0.11642865836620331, 0.10814998298883438, 0.09070774912834167, 0.09346422553062439, 0.036470863968133926, 0.02207317389547825]</MIN_VALUE>
		<SIGNATURE_THRESHOLD_MD>0</SIGNATURE_THRESHOLD_MD>
		<SIGNATURE_THRESHOLD_ML>0</SIGNATURE_THRESHOLD_ML>
		<SIGNATURE_THRESHOLD_SAM>0</SIGNATURE_THRESHOLD_SAM>
	</signature>
	<signature ID="20200807_134852041731_850">
		<MACROCLASSID>1</MACROCLASSID>
		<MACROCLASSINFO>waterbody</MACROCLASSINFO>
		<CLASSID>16</CLASSID>
		<CLASSINFO>C 1</CLASSINFO>
		<VALUES>[0.11216156789269603, 0.003146576225660212, 0.11033579969748122, 0.0064384798530321115, 0.09304000083051742, 0.006825490915204689, 0.09320183006710692, 0.022556930100518034, 0.04397930235403485, 0.01871812015589109, 0.02501148450737972, 0.010609306967188308]</VALUES>
		<LCS_MIN>[0.10187815129756927, 0.08789650350809097, 0.07079032808542252, 0.057894445955753326, 0.013570135459303856, 0.00562942074611783]</LCS_MIN>
		<LCS_MAX>[0.12127882242202759, 0.1250278651714325, 0.10777983069419861, 0.13970495760440826, 0.08685247600078583, 0.05496068298816681]</LCS_MAX>
