<?xml version="1.0" ?>
<signaturelist MCID_LIST="[['1', 'waterbody', '#0000ff'], ['2', 'vegetation', '#00ff00'], ['3', 'bareland', '#ffaa00'], ['4', 'built-up', '#ff0000'], ['5', 'mining area', '#ff007f']]">
	<signature ID="20211012_144322807902_948">
		<MACROCLASSID>1</MACROCLASSID>
		<MACROCLASSINFO>waterbody</MACROCLASSINFO>
		<CLASSID>1</CLASSID>
		<CLASSINFO>C 1</CLASSINFO>
		<VALUES>[0.09328889207332829, 0.001026276557257917, 0.06369228757748577, 0.001741122063142653, 0.04397758299955635, 0.0014946886791591307, 0.027938195044149926, 0.007169730136371807, 0.0060278457063901265, 0.0012555666962460307, 0.0029815538692215815, 0.0007761227982876272]</VALUES>
		<LCS_MIN>[0.09103049337863922, 0.05949525162577629, 0.041069146245718, 0.02289513126015663, 0.004514848813414574, 0.0020855404436588287]</LCS_MIN>
		<LCS_MAX>[0.09676001220941544, 0.06973963230848312, 0.05076348036527634, 0.06437680125236511, 0.023445161059498787, 0.011321516707539558]</LCS_MAX>
		<WAVELENGTH>[0.48, 0.56, 0.655, 0.865, 1.61, 2.2]</WAVELENGTH>
		<MEAN_VALUE>[0.09328889207332829, 0.06369228757748577, 0.04397758299955635, 0.027938195044149926, 0.0060278457063901265, 0.0029815538692215815]</MEAN_VALUE>
		<CHECKBOX>2</CHECKBOX>
		<SD>[0.001026276557257917, 0.001741122063142653, 0.0014946886791591307, 0.007169730136371807, 0.0012555666962460307, 0.0007761227982876272]</SD>
		<WAVELENGTH_UNIT>E-6m</WAVELENGTH_UNIT>
		<COLOR>#7882e2</COLOR>
		<COVARIANCE_MATRIX>[[1.027931944008742e-06, 1.5135902913243626e-06, 1.1527974947966868e-06, 2.6361899472249206e-06, 7.381290743069258e-07, 4.837362439502613e-07], [1.5135902913243626e-06, 2.6703226012614323e-06, 2.085502956106211e-06, 5.419095941761043e-06, 1.1816841833933722e-06, 7.624886393386987e-07], [1.1527974947966868e-06, 2.085502956106211e-06, 1.8842274585040286e-06, 5.920179319218732e-06, 1.1363804333086591e-06, 7.287005701073213e-07], [2.6361899472249206e-06, 5.419095941761043e-06, 5.920179319218732e-06, 3.726123395608738e-05, 5.682949904439738e-06, 3.377651182745467e-06], [7.381290743069258e-07, 1.1816841833933722e-06, 1.1363804333086591e-06, 5.682949904439738e-06, 1.4016161458130227e-06, 8.516059892826888e-07], [4.837362439502613e-07, 7.624886393386987e-07, 7.287005701073213e-07, 3.377651182745467e-06, 8.516059892826888e-07, 5.524967150449811e-07]]</COVARIANCE_MATRIX>
		<ROI_SIZE>7786</ROI_SIZE>
		<MAX_VALUE>[0.09676001220941544, 0.06973963230848312, 0.05076348036527634, 0.06437680125236511, 0.023445161059498787, 0.011321516707539558]</MAX_VALUE>
		<MIN_VALUE>[0.09103049337863922, 0.05949525162577629, 0.041069146245718, 0.02289513126015663, 0.004514848813414574, 0.0020855404436588287]</MIN_VALUE>
		<SIGNATURE_THRESHOLD_MD>0.0</SIGNATURE_THRESHOLD_MD>
		<SIGNATURE_THRESHOLD_ML>0.0</SIGNATURE_THRESHOLD_ML>
		<SIGNATURE_THRESHOLD_SAM>0.0</SIGNATURE_THRESHOLD_SAM>
	</signature>
	<signature ID="20211012_144327720188_870">
		<MACROCLASSID>1</MACROCLASSID>
		<MACROCLASSINFO>waterbody</MACROCLASSINFO>
		<CLASSID>2</CLASSID>
		<CLASSINFO>C 1</CLASSINFO>
		<VALUES>[0.09448283405777877, 0.0014517977855564002, 0.06738301154139183, 0.0019823689701110427, 0.04924209482963869, 0.0022325900562740106, 0.0320742182544363, 0.004231053604407338, 0.014003834541763, 0.002713962671981278, 0.009958058052606897, 0.0022339881103053596]</VALUES>
		<LCS_MIN>[0.08997626602649689, 0.06050364673137665, 0.041665006428956985, 0.02372017502784729, 0.0064170523546636105, 0.003437706269323826]</LCS_MIN>
		<LCS_MAX>[0.09792883694171906, 0.07198559492826462, 0.058120179921388626, 0.07127512991428375, 0.031489402055740356, 0.01842610538005829]</LCS_MAX>
		<WAVELENGTH>[0.48, 0.56, 0.655, 0.865, 1.61, 2.2]</WAVELENGTH>
		<MEAN_VALUE>[0.09448283405777877, 0.06738301154139183, 0.04924209482963869, 0.0320742182544363, 0.014003834541763, 0.009958058052606897]</MEAN_VALUE>
		<CHECKBOX>2</CHECKBOX>
		<SD>[0.0014517977855564002, 0.0019823689701110427, 0.0022325900562740106, 0.004231053604407338, 0.002713962671981278, 0.0022339881103053596]</SD>
		<WAVELENGTH_UNIT>E-6m</WAVELENGTH_UNIT>
		<COLOR>#d10cc7</COLOR>
		<COVARIANCE_MATRIX>[[2.1032433323853184e-06, 2.7403275453252718e-06, 3.0699163744429825e-06, 2.6247378173138713e-06, 3.567776730051264e-06, 3.1670624593971297e-06], [2.7403275453252718e-06, 3.875181391777005e-06, 4.368886493466562e-06, 4.362048002803931e-06, 5.048951152275549e-06, 4.36289883509744e-06], [3.0699163744429825e-06, 4.368886493466562e-06, 5.199070074013434e-06, 5.823487299494445e-06, 5.916719146625837e-06, 5.05061871081125e-06], [2.6247378173138713e-06, 4.362048002803931e-06, 5.823487299494445e-06, 1.4128892871667631e-05, 7.54935763325193e-06, 5.449816399050178e-06], [3.567776730051264e-06, 5.048951152275549e-06, 5.916719146625837e-06, 7.54935763325193e-06, 7.594008820888121e-06, 6.219182978384197e-06], [3.1670624593971297e-06, 4.36289883509744e-06, 5.05061871081125e-06, 5.449816399050178e-06, 6.219182978384197e-06, 5.338821210898459e-06]]</COVARIANCE_MATRIX>
		<ROI_SIZE>9649</ROI_SIZE>
		<MAX_VALUE>[0.09792883694171906, 0.07198559492826462, 0.058120179921388626, 0.07127512991428375, 0.031489402055740356, 0.01842610538005829]</MAX_VALUE>
		<MIN_VALUE>[0.08997626602649689, 0.06050364673137665, 0.041665006428956985, 0.02372017502784729, 0.0064170523546636105, 0.003437706269323826]</MIN_VALUE>
		<SIGNATURE_THRESHOLD_MD>0.0</SIGNATURE_THRESHOLD_MD>
		<SIGNATURE_THRESHOLD_ML>0.0</SIGNATURE_THRESHOLD_ML>
		<SIGNATURE_THRESHOLD_SAM>0.0</SIGNATURE_THRESHOLD_SAM>
	</signature>
	<signature ID="20211012_144333982112_101">
		<MACROCLASSID>1</MACROCLASSID>
		<MACROCLASSINFO>waterbody</MACROCLASSINFO>
		<CLASSID>3</CLASSID>
		<CLASSINFO>C 1</CLASSINFO>
		<VALUES>[0.09502469281119012, 0.002555923440139815, 0.06769842740798748, 0.0032103309715440444, 0.05011073275809248, 0.0037944985766359216, 0.03619276385399549, 0.00772512967066549, 0.016757674400679885, 0.006327478103572389, 0.011614772797163043, 0.004535402268200657]</VALUES>
		<LCS_MIN>[0.08974707871675491, 0.061809975653886795, 0.04345261678099632, 0.021863820031285286, 0.005752422381192446, 0.0038273129612207413]</LCS_MIN>
		<LCS_MAX>[0.10354375094175339, 0.0789756029844284, 0.06451430916786194, 0.0734981894493103, 0.05502624064683914, 0.03412497043609619]</LCS_MAX>
		<WAVELENGTH>[0.48, 0.56, 0.655, 0.865, 1.61, 2.2]</WAVELENGTH>
		<MEAN_VALUE>[0.09502469281119012, 0.06769842740798748, 0.05011073275809248, 0.03619276385399549, 0.016757674400679885, 0.011614772797163043]</MEAN_VALUE>
		<CHECKBOX>2</CHECKBOX>
		<SD>[0.002555923440139815, 0.0032103309715440444, 0.0037944985766359216, 0.00772512967066549, 0.006327478103572389, 0.004535402268200657]</SD>
		<WAVELENGTH_UNIT>E-6m</WAVELENGTH_UNIT>
		<COLOR>#9faa77</COLOR>
		<COVARIANCE_MATRIX>[[5.197567134018755e-06, 6.14113832853036e-06, 7.101700248313136e-06, 7.667435056646354e-06, 8.257175068138167e-06, 7.0815290200698655e-06], [6.14113832853036e-06, 7.850001566112041e-06, 9.097022484638728e-06, 1.1533375982253347e-05, 1.1524060937517788e-05, 9.415910426469054e-06], [7.101700248313136e-06, 9.097022484638728e-06, 1.0864317118830513e-05, 1.4450878552452195e-05, 1.4239444681152236e-05, 1.1619372344284784e-05], [7.667435056646354e-06, 1.1533375982253347e-05, 1.4450878552452195e-05, 4.4795906433137134e-05, 3.3584532502572984e-05, 2.259924622194376e-05], [8.257175068138167e-06, 1.1524060937517788e-05, 1.4239444681152236e-05, 3.3584532502572984e-05, 3.167279646731913e-05, 2.2293343135970645e-05], [7.0815290200698655e-06, 9.415910426469054e-06, 1.1619372344284784e-05, 2.259924622194376e-05, 2.2293343135970645e-05, 1.6812495232443325e-05]]</COVARIANCE_MATRIX>
		<ROI_SIZE>2895</ROI_SIZE>
		<MAX_VALUE>[0.10354375094175339, 0.0789756029844284, 0.06451430916786194, 0.0734981894493103, 0.05502624064683914, 0.03412497043609619]</MAX_VALUE>
		<MIN_VALUE>[0.08974707871675491, 0.061809975653886795, 0.04345261678099632, 0.021863820031285286, 0.005752422381192446, 0.0038273129612207413]</MIN_VALUE>
		<SIGNATURE_THRESHOLD_MD>0.0</SIGNATURE_THRESHOLD_MD>
		<SIGNATURE_THRESHOLD_ML>0.0</SIGNATURE_THRESHOLD_ML>
		<SIGNATURE_THRESHOLD_SAM>0.0</SIGNATURE_THRESHOLD_SAM>
	</signature>
	<signature ID="20211012_144340326730_980">
		<MACROCLASSID>1</MACROCLASSID>
		<MACROCLASSINFO>waterbody</MACROCLASSINFO>
		<CLASSID>4</CLASSID>
		<CLASSINFO>C 1</CLASSINFO>
		<VALUES>[0.09700516731144447, 0.003280947478761152, 0.07326541364851435, 0.004709993828888802, 0.058277983433352123, 0.00563392682999448, 0.04148883258301999, 0.008481904897554854, 0.02023752550453511, 0.008608422333813932, 0.014524704227161133, 0.007056338596364446]</VALUES>
		<LCS_MIN>[0.09070964902639389, 0.06469766050577164, 0.049205053597688675, 0.0284412931650877, 0.0046981945633888245, 0.0016730102943256497]</LCS_MIN>
		<LCS_MAX>[0.10918159782886505, 0.08972416073083878, 0.0786089077591896, 0.08151950687170029, 0.057065948843955994, 0.040335763245821]</LCS_MAX>
		<WAVELENGTH>[0.48, 0.56, 0.655, 0.865, 1.61, 2.2]</WAVELENGTH>
		<MEAN_VALUE>[0.09700516731144447, 0.07326541364851435, 0.058277983433352123, 0.04148883258301999, 0.02023752550453511, 0.014524704227161133]</MEAN_VALUE>
		<CHECKBOX>2</CHECKBOX>
		<SD>[0.003280947478761152, 0.004709993828888802, 0.00563392682999448, 0.008481904897554854, 0.008608422333813932, 0.007056338596364446]</SD>
		<WAVELENGTH_UNIT>E-6m</WAVELENGTH_UNIT>
		<COLOR>#c53522</COLOR>
		<COVARIANCE_MATRIX>[[9.85121096164221e-06, 1.3476841559167951e-05, 1.6265621525235474e-05, 2.0587101971614175e-05, 2.2839205485070124e-05, 1.9424516722210683e-05], [1.3476841559167951e-05, 1.935357431648299e-05, 2.3015953047433868e-05, 2.8439471861929633e-05, 3.218034908059053e-05, 2.7370582756702788e-05], [1.6265621525235474e-05, 2.3015953047433868e-05, 2.8095482775825076e-05, 3.728183946805075e-05, 4.121274105273187e-05, 3.4612508898135275e-05], [2.0587101971614175e-05, 2.8439471861929633e-05, 3.728183946805075e-05, 7.551869930466637e-05, 7.164277485571802e-05, 5.542479993891902e-05], [2.2839205485070124e-05, 3.218034908059053e-05, 4.121274105273187e-05, 7.164277485571802e-05, 7.346674101427197e-05, 5.855081326444633e-05], [1.9424516722210683e-05, 2.7370582756702788e-05, 3.4612508898135275e-05, 5.542479993891902e-05, 5.855081326444633e-05, 4.7671852371422574e-05]]</COVARIANCE_MATRIX>
		<ROI_SIZE>4010</ROI_SIZE>
		<MAX_VALUE>[0.10918159782886505, 0.08972416073083878, 0.0786089077591896, 0.08151950687170029, 0.057065948843955994, 0.040335763245821]</MAX_VALUE>
		<MIN_VALUE>[0.09070964902639389, 0.06469766050577164, 0.049205053597688675, 0.0284412931650877, 0.0046981945633888245, 0.0016730102943256497]</MIN_VALUE>
		<SIGNATURE_THRESHOLD_MD>0.0</SIGNATURE_THRESHOLD_MD>
		<SIGNATURE_THRESHOLD_ML>0.0</SIGNATURE_THRESHOLD_ML>
		<SIGNATURE_THRESHOLD_SAM>0.0</SIGNATURE_THRESHOLD_SAM>
	</signature>
	<signature ID="20211012_144347987471_281">
		<MACROCLASSID>1</MACROCLASSID>
		<MACROCLASSINFO>waterbody</MACROCLASSINFO>
		<CLASSID>5</CLASSID>
		<CLASSINFO>C 1</CLASSINFO>
		<VALUES>[0.10216089052951728, 0.006146892702810389, 0.07589854156793457, 0.007876924987078619, 0.062518660248079, 0.009447394321051747, 0.04977874761440589, 0.010008433164524067, 0.031458081968384205, 0.009751084964049741, 0.02469849826209918, 0.008102478391968254]</VALUES>
		<LCS_MIN>[0.0871802568435669, 0.057295117527246475, 0.04189419001340866, 0.026882866397500038, 0.011940298601984978, 0.009052621200680733]</LCS_MIN>
		<LCS_MAX>[0.1279514729976654, 0.10886073857545853, 0.0972871258854866, 0.08734069019556046, 0.07342942804098129, 0.06087033823132515]</LCS_MAX>
		<WAVELENGTH>[0.48, 0.56, 0.655, 0.865, 1.61, 2.2]</WAVELENGTH>
		<MEAN_VALUE>[0.10216089052951728, 0.07589854156793457, 0.062518660248079, 0.04977874761440589, 0.031458081968384205, 0.02469849826209918]</MEAN_VALUE>
		<CHECKBOX>2</CHECKBOX>
		<SD>[0.006146892702810389, 0.007876924987078619, 0.009447394321051747, 0.010008433164524067, 0.009751084964049741, 0.008102478391968254]</SD>
		<WAVELENGTH_UNIT>E-6m</WAVELENGTH_UNIT>
		<COLOR>#80ba15</COLOR>
		<COVARIANCE_MATRIX>[[3.7852616515010595e-05, 4.6979188482509926e-05, 5.429788143374026e-05, 5.5181470088427886e-05, 4.659088881453499e-05, 3.6163739423500374e-05], [4.6979188482509926e-05, 6.215814937604591e-05, 7.291490328498185e-05, 7.391179678961635e-05, 6.347923044813797e-05, 4.9800844863057137e-05], [5.429788143374026e-05, 7.291490328498185e-05, 8.941465785028413e-05, 9.291372407460585e-05, 8.129392517730594e-05, 6.454689719248563e-05], [5.5181470088427886e-05, 7.391179678961635e-05, 9.291372407460585e-05, 0.00010034986917162314, 9.175724699161947e-05, 7.408758392557502e-05], [4.659088881453499e-05, 6.347923044813797e-05, 8.129392517730594e-05, 9.175724699161947e-05, 9.5255600172095e-05, 7.854911382310092e-05], [3.6163739423500374e-05, 4.9800844863057137e-05, 6.454689719248563e-05, 7.408758392557502e-05, 7.854911382310092e-05, 6.57688724459149e-05]]</COVARIANCE_MATRIX>
		<ROI_SIZE>554</ROI_SIZE>
		<MAX_VALUE>[0.1279514729976654, 0.10886073857545853, 0.0972871258854866, 0.08734069019556046, 0.07342942804098129, 0.06087033823132515]</MAX_VALUE>
		<MIN_VALUE>[0.0871802568435669, 0.057295117527246475, 0.04189419001340866, 0.026882866397500038, 0.011940298601984978, 0.009052621200680733]</MIN_VALUE>
		<SIGNATURE_THRESHOLD_MD>0.0</SIGNATURE_THRESHOLD_MD>
		<SIGNATURE_THRESHOLD_ML>0.0</SIGNATURE_THRESHOLD_ML>
		<SIGNATURE_THRESHOLD_SAM>0.0</SIGNATURE_THRESHOLD_SAM>
	</signature>
	<signature ID="20211012_144356510945_859">
		<MACROCLASSID>1</MACROCLASSID>
		<MACROCLASSINFO>waterbody</MACROCLASSINFO>
		<CLASSID>6</CLASSID>
		<CLASSINFO>C 1</CLASSINFO>
		<VALUES>[0.09468946587073472, 0.0031109565474134035, 0.07382528857280131, 0.004845989718257465, 0.060015378341726634, 0.004693349500544118, 0.04670162120090402, 0.00923509885413814, 0.024374910017747886, 0.008156122771887826, 0.017683889899815133, 0.005320358632041952]</VALUES>
		<LCS_MIN>[0.08663022518157959, 0.05967860296368599, 0.046684060245752335, 0.030274733901023865, 0.010244364850223064, 0.006325374823063612]</LCS_MIN>
		<LCS_MAX>[0.10232909768819809, 0.08454468846321106, 0.07230643928050995, 0.08234455436468124, 0.061787061393260956, 0.046729907393455505]</LCS_MAX>
		<WAVELENGTH>[0.48, 0.56, 0.655, 0.865, 1.61, 2.2]</WAVELENGTH>
		<MEAN_VALUE>[0.09468946587073472, 0.07382528857280131, 0.060015378341726634, 0.04670162120090402, 0.024374910017747886, 0.017683889899815133]</MEAN_VALUE>
		<CHECKBOX>2</CHECKBOX>
		<SD>[0.0031109565474134035, 0.004845989718257465, 0.004693349500544118, 0.00923509885413814, 0.008156122771887826, 0.005320358632041952]</SD>
		<WAVELENGTH_UNIT>E-6m</WAVELENGTH_UNIT>
		<COLOR>#279717</COLOR>
		<COVARIANCE_MATRIX>[[9.685707482276484e-06, 1.4391280274139717e-05, 1.3901686543249525e-05, -2.964315626741154e-06, 1.1142651601403486e-06, 5.190267529542325e-06], [1.4391280274139717e-05, 2.3502194380853325e-05, 2.1953032046440057e-05, -7.115354947018204e-06, -1.5231410088745179e-06, 5.638462425849866e-06], [1.3901686543249525e-05, 2.1953032046440057e-05, 2.204495649493765e-05, 7.7570007306349e-07, 6.545671567437239e-06, 1.0690561794035602e-05], [-2.964315626741154e-06, -7.115354947018204e-06, 7.7570007306349e-07, 8.53545279824175e-05, 6.955394201213494e-05, 3.9635138818994164e-05], [1.1142651601403486e-06, -1.5231410088745179e-06, 6.545671567437239e-06, 6.955394201213494e-05, 6.657496851403266e-05, 4.1195373341906816e-05], [5.190267529542325e-06, 5.638462425849866e-06, 1.0690561794035602e-05, 3.9635138818994164e-05, 4.1195373341906816e-05, 2.8328609914751723e-05]]</COVARIANCE_MATRIX>
		<ROI_SIZE>1265</ROI_SIZE>
		<MAX_VALUE>[0.10232909768819809, 0.08454468846321106, 0.07230643928050995, 0.08234455436468124, 0.061787061393260956, 0.046729907393455505]</MAX_VALUE>
		<MIN_VALUE>[0.08663022518157959, 0.05967860296368599, 0.046684060245752335, 0.030274733901023865, 0.010244364850223064, 0.006325374823063612]</MIN_VALUE>
		<SIGNATURE_THRESHOLD_MD>0.0</SIGNATURE_THRESHOLD_MD>
		<SIGNATURE_THRESHOLD_ML>0.0</SIGNATURE_THRESHOLD_ML>
		<SIGNATURE_THRESHOLD_SAM>0.0</SIGNATURE_THRESHOLD_SAM>
	</signature>
	<signature ID="20211012_144404496971_543">
		<MACROCLASSID>1</MACROCLASSID>
		<MACROCLASSINFO>waterbody</MACROCLASSINFO>
		<CLASSID>7</CLASSID>
		<CLASSINFO>C 1</CLASSINFO>
		<VALUES>[0.10255391187423556, 0.006048679537319344, 0.08526452622414982, 0.008634204489715703, 0.05891706968041301, 0.008793309071521994, 0.03853934201800911, 0.008996153906362879, 0.02257160687910902, 0.009348775854201963, 0.017159045795667065, 0.007712477289232114]</VALUES>
		<LCS_MIN>[0.08899077773094177, 0.06724154949188232, 0.04397973045706749, 0.022872207686305046, 0.0070587582886219025, 0.004331503063440323]</LCS_MIN>
		<LCS_MAX>[0.12840983271598816, 0.12272614985704422, 0.09506406635046005, 0.0754462257027626, 0.05892230570316315, 0.04361305385828018]</LCS_MAX>
		<WAVELENGTH>[0.48, 0.56, 0.655, 0.865, 1.61, 2.2]</WAVELENGTH>
		<MEAN_VALUE>[0.10255391187423556, 0.08526452622414982, 0.05891706968041301, 0.03853934201800911, 0.02257160687910902, 0.017159045795667065]</MEAN_VALUE>
		<CHECKBOX>2</CHECKBOX>
		<SD>[0.006048679537319344, 0.008634204489715703, 0.008793309071521994, 0.008996153906362879, 0.009348775854201963, 0.007712477289232114]</SD>
		<WAVELENGTH_UNIT>E-6m</WAVELENGTH_UNIT>
		<COLOR>#0a39eb</COLOR>
		<COVARIANCE_MATRIX>[[7.328256469918415e-05, 0.00010371038661105558, 9.334924834547564e-05, 7.416258449666202e-05, 7.637485396116972e-05, 6.735086935805157e-05], [0.00010371038661105558, 0.0001509263092884794, 0.00013696835958398879, 0.00010485156235517934, 0.0001077953857020475, 9.465698531130329e-05], [9.334924834547564e-05, 0.00013696835958398879, 0.00013309817586559802, 0.00010875167208723724, 0.00011166754848090932, 9.571859118295833e-05], [7.416258449666202e-05, 0.00010485156235517934, 0.00010875167208723724, 0.00011390435975044966, 0.0001147718503489159, 9.514172415947542e-05], [7.637485396116972e-05, 0.0001077953857020475, 0.00011166754848090932, 0.0001147718503489159, 0.0001200082479044795, 9.942842734744772e-05], [6.735086935805157e-05, 9.465698531130329e-05, 9.571859118295833e-05, 9.514172415947542e-05, 9.942842734744772e-05, 8.362550579477102e-05]]</COVARIANCE_MATRIX>
		<ROI_SIZE>3333</ROI_SIZE>
		<MAX_VALUE>[0.12840983271598816, 0.12272614985704422, 0.09506406635046005, 0.0754462257027626, 0.05892230570316315, 0.04361305385828018]</MAX_VALUE>
		<MIN_VALUE>[0.08899077773094177, 0.06724154949188232, 0.04397973045706749, 0.022872207686305046, 0.0070587582886219025, 0.004331503063440323]</MIN_VALUE>
		<SIGNATURE_THRESHOLD_MD>0.0</SIGNATURE_THRESHOLD_MD>
		<SIGNATURE_THRESHOLD_ML>0.0</SIGNATURE_THRESHOLD_ML>
		<SIGNATURE_THRESHOLD_SAM>0.0</SIGNATURE_THRESHOLD_SAM>
	</signature>
	<signature ID="20211012_144417280651_277">
		<MACROCLASSID>1</MACROCLASSID>
		<MACROCLASSINFO>waterbody</MACROCLASSINFO>
		<CLASSID>8</CLASSID>
		<CLASSINFO>C 1</CLASSINFO>
		<VALUES>[0.10683099633973575, 0.0013069086177389109, 0.09140814484461492, 0.0034831978966462385, 0.07843612937823588, 0.0031680344957506603, 0.05058691018949385, 0.009781763517901904, 0.02026852089911699, 0.009425996777322674, 0.01391822737034248, 0.006266689830190858]</VALUES>
		<LCS_MIN>[0.10209991782903671, 0.08041943609714508, 0.06827286630868912, 0.04081704467535019, 0.007815048098564148, 0.007196265272796154]</LCS_MIN>
		<LCS_MAX>[0.1090899184346199, 0.09563702344894409, 0.08319252729415894, 0.0794568806886673, 0.04968632385134697, 0.036073002964258194]</LCS_MAX>
		<WAVELENGTH>[0.48, 0.56, 0.655, 0.865, 1.61, 2.2]</WAVELENGTH>
		<MEAN_VALUE>[0.10683099633973575, 0.09140814484461492, 0.07843612937823588, 0.05058691018949385, 0.02026852089911699, 0.01391822737034248]</MEAN_VALUE>
		<CHECKBOX>2</CHECKBOX>
		<SD>[0.0013069086177389109, 0.0034831978966462385, 0.0031680344957506603, 0.009781763517901904, 0.009425996777322674, 0.006266689830190858]</SD>
		<WAVELENGTH_UNIT>E-6m</WAVELENGTH_UNIT>
		<COLOR>#4be7a6</COLOR>
		<COVARIANCE_MATRIX>[[1.7229926925210748e-06, 4.229840214975411e-06, 3.752107886612066e-06, -9.267437235394027e-06, -7.3869864536391106e-06, -4.345809884398477e-06], [4.229840214975411e-06, 1.2239094758115243e-05, 1.0090662726724986e-05, -2.8947668397449888e-05, -2.360594407946337e-05, -1.4673370969831012e-05], [3.752107886612066e-06, 1.0090662726724986e-05, 1.012448137771571e-05, -2.180912451876793e-05, -1.8173579519498162e-05, -1.06972292996943e-05], [-9.267437235394027e-06, -2.8947668397449888e-05, -2.180912451876793e-05, 9.65222207014449e-05, 8.369072020286694e-05, 5.3787694923812523e-05], [-7.3869864536391106e-06, -2.360594407946337e-05, -1.8173579519498162e-05, 8.369072020286694e-05, 8.962879655882716e-05, 5.823179890285246e-05], [-4.345809884398477e-06, -1.4673370969831012e-05, -1.06972292996943e-05, 5.3787694923812523e-05, 5.823179890285246e-05, 3.9615886635147035e-05]]</COVARIANCE_MATRIX>
		<ROI_SIZE>115</ROI_SIZE>
		<MAX_VALUE>[0.1090899184346199, 0.09563702344894409, 0.08319252729415894, 0.0794568806886673, 0.04968632385134697, 0.036073002964258194]</MAX_VALUE>
		<MIN_VALUE>[0.10209991782903671, 0.08041943609714508, 0.06827286630868912, 0.04081704467535019, 0.007815048098564148, 0.007196265272796154]</MIN_VALUE>
		<SIGNATURE_THRESHOLD_MD>0.0</SIGNATURE_THRESHOLD_MD>
		<SIGNATURE_THRESHOLD_ML>0.0</SIGNATURE_THRESHOLD_ML>
		<SIGNATURE_THRESHOLD_SAM>0.0</SIGNATURE_THRESHOLD_SAM>
	</signature>
	<signature ID="20211012_144421077918_931">
		<MACROCLASSID>1</MACROCLASSID>
		<MACROCLASSINFO>waterbody</MACROCLASSINFO>
		<CLASSID>9</CLASSID>
		<CLASSINFO>C 1</CLASSINFO>
		<VALUES>[0.09786387124710538, 0.0015177312003120712, 0.0757783011924587, 0.0017380385283898533, 0.05338039483279874, 0.00230995689069183, 0.03569026302171531, 0.005994721633035757, 0.013128784135777566, 0.005368899830067164, 0.008386781685241668, 0.0035064574142405027]</VALUES>
		<LCS_MIN>[0.0944223552942276, 0.0701521560549736, 0.049090463668107986, 0.029518453404307365, 0.007287933956831694, 0.0033001990523189306]</LCS_MIN>
		<LCS_MAX>[0.10212282836437225, 0.08138199895620346, 0.06508726626634598, 0.07017506659030914, 0.04769245907664299, 0.0318790078163147]</LCS_MAX>
		<WAVELENGTH>[0.48, 0.56, 0.655, 0.865, 1.61, 2.2]</WAVELENGTH>
		<MEAN_VALUE>[0.09786387124710538, 0.0757783011924587, 0.05338039483279874, 0.03569026302171531, 0.013128784135777566, 0.008386781685241668]</MEAN_VALUE>
		<CHECKBOX>2</CHECKBOX>
		<SD>[0.0015177312003120712, 0.0017380385283898533, 0.00230995689069183, 0.005994721633035757, 0.005368899830067164, 0.0035064574142405027]</SD>
		<WAVELENGTH_UNIT>E-6m</WAVELENGTH_UNIT>
		<COLOR>#450e25</COLOR>
		<COVARIANCE_MATRIX>[[2.3062373202265007e-06, 2.4274440875160508e-06, 2.083048229906126e-06, 2.447497990942793e-06, 1.4586121324100532e-06, 1.315505187449162e-06], [2.4274440875160508e-06, 3.024357056347071e-06, 1.7429879335395526e-06, 1.5172677194641437e-06, 5.406040486377606e-07, 7.548586609118502e-07], [2.083048229906126e-06, 1.7429879335395526e-06, 5.342223175830441e-06, 1.086303291231161e-05, 9.054941074282397e-06, 6.229640348465182e-06], [2.447497990942793e-06, 1.5172677194641437e-06, 1.086303291231161e-05, 3.597926479415037e-05, 3.0287936169770546e-05, 1.9519760826369748e-05], [1.4586121324100532e-06, 5.406040486377606e-07, 9.054941074282397e-06, 3.0287936169770546e-05, 2.8859238227596506e-05, 1.851831802923698e-05], [1.315505187449162e-06, 7.548586609118502e-07, 6.229640348465182e-06, 1.9519760826369748e-05, 1.851831802923698e-05, 1.2309811609156895e-05]]</COVARIANCE_MATRIX>
		<ROI_SIZE>845</ROI_SIZE>
		<MAX_VALUE>[0.10212282836437225, 0.08138199895620346, 0.06508726626634598, 0.07017506659030914, 0.04769245907664299, 0.0318790078163147]</MAX_VALUE>
		<MIN_VALUE>[0.0944223552942276, 0.0701521560549736, 0.049090463668107986, 0.029518453404307365, 0.007287933956831694, 0.0033001990523189306]</MIN_VALUE>
		<SIGNATURE_THRESHOLD_MD>0.0</SIGNATURE_THRESHOLD_MD>
		<SIGNATURE_THRESHOLD_ML>0.0</SIGNATURE_THRESHOLD_ML>
		<SIGNATURE_THRESHOLD_SAM>0.0</SIGNATURE_THRESHOLD_SAM>
	</signature>
	<signature ID="20211012_144430509834_615">
		<MACROCLASSID>1</MACROCLASSID>
		<MACROCLASSINFO>waterbody</MACROCLASSINFO>
		<CLASSID>10</CLASSID>
		<CLASSINFO>C 1</CLASSINFO>
		<VALUES>[0.09497375307267145, 0.0020177761846521956, 0.07655936060535841, 0.006007769695548856, 0.053572247337374916, 0.007219528388706708, 0.037492942735052694, 0.010230561598190163, 0.012735817961444794, 0.004253977636201834, 0.00824046534292349, 0.003001046416626538]</VALUES>
		<LCS_MIN>[0.09132843464612961, 0.06508726626634598, 0.04397973045706749, 0.02734122797846794, 0.008319246582686901, 0.004950294271111488]</LCS_MIN>
		<LCS_MAX>[0.10297080874443054, 0.09380358457565308, 0.08381129801273346, 0.06930417567491531, 0.04269631579518318, 0.02961011417210102]</LCS_MAX>
		<WAVELENGTH>[0.48, 0.56, 0.655, 0.865, 1.61, 2.2]</WAVELENGTH>
		<MEAN_VALUE>[0.09497375307267145, 0.07655936060535841, 0.053572247337374916, 0.037492942735052694, 0.012735817961444794, 0.00824046534292349]</MEAN_VALUE>
		<CHECKBOX>2</CHECKBOX>
		<SD>[0.0020177761846521956, 0.006007769695548856, 0.007219528388706708, 0.010230561598190163, 0.004253977636201834, 0.003001046416626538]</SD>
		<WAVELENGTH_UNIT>E-6m</WAVELENGTH_UNIT>
		<COLOR>#9d8a26</COLOR>
		<COVARIANCE_MATRIX>[[4.076893219462363e-06, 8.89240163814975e-06, 1.1802233530033845e-05, 1.2044640243402682e-05, 3.982546786573948e-06, 2.729996140260482e-06], [8.89240163814975e-06, 3.6141809687251225e-05, 3.588763138395734e-05, 3.24896645906847e-05, 5.700620931747835e-06, 3.3099149732152e-06], [1.1802233530033845e-05, 3.588763138395734e-05, 5.2191644499544054e-05, 5.768652044935152e-05, 1.0456694326421712e-05, 6.0699258028762415e-06], [1.2044640243402682e-05, 3.24896645906847e-05, 5.768652044935152e-05, 0.00010480506898602471, 2.872460026992485e-05, 1.784488995326683e-05], [3.982546786573948e-06, 5.700620931747835e-06, 1.0456694326421712e-05, 2.872460026992485e-05, 1.812064874684438e-05, 1.2456951480999123e-05], [2.729996140260482e-06, 3.3099149732152e-06, 6.0699258028762415e-06, 1.784488995326683e-05, 1.2456951480999123e-05, 9.018384844239336e-06]]</COVARIANCE_MATRIX>
		<ROI_SIZE>745</ROI_SIZE>
		<MAX_VALUE>[0.10297080874443054, 0.09380358457565308, 0.08381129801273346, 0.06930417567491531, 0.04269631579518318, 0.02961011417210102]</MAX_VALUE>
		<MIN_VALUE>[0.09132843464612961, 0.06508726626634598, 0.04397973045706749, 0.02734122797846794, 0.008319246582686901, 0.004950294271111488]</MIN_VALUE>
		<SIGNATURE_THRESHOLD_MD>0.0</SIGNATURE_THRESHOLD_MD>
		<SIGNATURE_THRESHOLD_ML>0.0</SIGNATURE_THRESHOLD_ML>
		<SIGNATURE_THRESHOLD_SAM>0.0</SIGNATURE_THRESHOLD_SAM>
	</signature>
	<signature ID="20211012_144450160249_320">
		<MACROCLASSID>1</MACROCLASSID>
		<MACROCLASSINFO>waterbody</MACROCLASSINFO>
		<CLASSID>11</CLASSID>
		<CLASSINFO>C 1</CLASSINFO>
		<VALUES>[0.10526443203521332, 0.002031311275168121, 0.07780502897461385, 0.00370891593730834, 0.05900484053696512, 0.004631048833369035, 0.04227154112832488, 0.004928400734508689, 0.02032746959391029, 0.005260023859653656, 0.01481472626885406, 0.004329213456491203]</VALUES>
		<LCS_MIN>[0.10317705571651459, 0.07342942804098129, 0.05303236097097397, 0.035775076597929, 0.014988398179411888, 0.011550691910088062]</LCS_MIN>
		<LCS_MAX>[0.12098439037799835, 0.10294787585735321, 0.08830324560403824, 0.07748591899871826, 0.05312403663992882, 0.04109206050634384]</LCS_MAX>
		<WAVELENGTH>[0.48, 0.56, 0.655, 0.865, 1.61, 2.2]</WAVELENGTH>
		<MEAN_VALUE>[0.10526443203521332, 0.07780502897461385, 0.05900484053696512, 0.04227154112832488, 0.02032746959391029, 0.01481472626885406]</MEAN_VALUE>
		<CHECKBOX>2</CHECKBOX>
		<SD>[0.002031311275168121, 0.00370891593730834, 0.004631048833369035, 0.004928400734508689, 0.005260023859653656, 0.004329213456491203]</SD>
		<WAVELENGTH_UNIT>E-6m</WAVELENGTH_UNIT>
		<COLOR>#b3c774</COLOR>
		<COVARIANCE_MATRIX>[[4.1399794099561404e-06, 7.204975645436207e-06, 8.794560926617123e-06, 8.685101420269348e-06, 8.98781763680745e-06, 6.889701580803376e-06], [7.204975645436207e-06, 1.3801911336486228e-05, 1.6452095223939978e-05, 1.5926972992019728e-05, 1.600915493327193e-05, 1.2017625522275921e-05], [8.794560926617123e-06, 1.6452095223939978e-05, 2.1518102585105225e-05, 2.214238884334918e-05, 2.265337752760388e-05, 1.7302563719567843e-05], [8.685101420269348e-06, 1.5926972992019728e-05, 2.214238884334918e-05, 2.4370097889914177e-05, 2.5222856493201107e-05, 1.9890281691914424e-05], [8.98781763680745e-06, 1.600915493327193e-05, 2.265337752760388e-05, 2.5222856493201107e-05, 2.7760077500715852e-05, 2.2413038095692173e-05], [6.889701580803376e-06, 1.2017625522275921e-05, 1.7302563719567843e-05, 1.9890281691914424e-05, 2.2413038095692173e-05, 1.8804563296725973e-05]]</COVARIANCE_MATRIX>
		<ROI_SIZE>301</ROI_SIZE>
		<MAX_VALUE>[0.12098439037799835, 0.10294787585735321, 0.08830324560403824, 0.07748591899871826, 0.05312403663992882, 0.04109206050634384]</MAX_VALUE>
		<MIN_VALUE>[0.10317705571651459, 0.07342942804098129, 0.05303236097097397, 0.035775076597929, 0.014988398179411888, 0.011550691910088062]</MIN_VALUE>
		<SIGNATURE_THRESHOLD_MD>0.0</SIGNATURE_THRESHOLD_MD>
		<SIGNATURE_THRESHOLD_ML>0.0</SIGNATURE_THRESHOLD_ML>
		<SIGNATURE_THRESHOLD_SAM>0.0</SIGNATURE_THRESHOLD_SAM>
	</signature>
	<signature ID="20211012_144556424896_595">
		<MACROCLASSID>1</MACROCLASSID>
		<MACROCLASSINFO>waterbody</MACROCLASSINFO>
		<CLASSID>12</CLASSID>
		<CLASSINFO>C 1</CLASSINFO>
		<VALUES>[0.1156543040350706, 0.0018237768307847605, 0.12361391643766595, 0.005953858375504203, 0.11856763150010789, 0.0075514186302597435, 0.0403754773635824, 0.006140587637898194, 0.012762923280418923, 0.006212538930572026, 0.008658165680322828, 0.004987501200205056]</VALUES>
		<LCS_MIN>[0.10652309656143188, 0.09018253535032272, 0.08101531118154526, 0.03490418568253517, 0.006348298396915197, 0.004675279837101698]</LCS_MIN>
		<LCS_MAX>[0.121259406208992, 0.13065581023693085, 0.1274701952934265, 0.07464409619569778, 0.0486091785132885, 0.038891926407814026]</LCS_MAX>
		<WAVELENGTH>[0.48, 0.56, 0.655, 0.865, 1.61, 2.2]</WAVELENGTH>
		<MEAN_VALUE>[0.1156543040350706, 0.12361391643766595, 0.11856763150010789, 0.0403754773635824, 0.012762923280418923, 0.008658165680322828]</MEAN_VALUE>
		<CHECKBOX>2</CHECKBOX>
		<SD>[0.0018237768307847605, 0.005953858375504203, 0.0075514186302597435, 0.006140587637898194, 0.006212538930572026, 0.004987501200205056]</SD>
		<WAVELENGTH_UNIT>E-6m</WAVELENGTH_UNIT>
		<COLOR>#08cd4a</COLOR>
		<COVARIANCE_MATRIX>[[3.3317614906991366e-06, 7.5746715992863756e-06, 9.779108950169757e-06, 3.2376524927713035e-07, -2.5529018898851064e-07, 4.084758131739363e-08], [7.5746715992863756e-06, 3.550810652086511e-05, 4.377091318019666e-05, -1.537204116175417e-05, -1.4326004929898772e-05, -1.119878470490221e-05], [9.779108950169757e-06, 4.377091318019666e-05, 5.711992344004102e-05, -1.4311322956928052e-05, -1.404135036864318e-05, -1.090495970856864e-05], [3.2376524927713035e-07, -1.537204116175417e-05, -1.4311322956928052e-05, 3.7770296330563724e-05, 3.631648360169493e-05, 2.854950253095012e-05], [-2.5529018898851064e-07, -1.4326004929898772e-05, -1.404135036864318e-05, 3.631648360169493e-05, 3.866061524604447e-05, 3.063282201765105e-05], [4.084758131739363e-08, -1.119878470490221e-05, -1.090495970856864e-05, 2.854950253095012e-05, 3.063282201765105e-05, 2.4917046175687574e-05]]</COVARIANCE_MATRIX>
		<ROI_SIZE>595</ROI_SIZE>
		<MAX_VALUE>[0.121259406208992, 0.13065581023693085, 0.1274701952934265, 0.07464409619569778, 0.0486091785132885, 0.038891926407814026]</MAX_VALUE>
		<MIN_VALUE>[0.10652309656143188, 0.09018253535032272, 0.08101531118154526, 0.03490418568253517, 0.006348298396915197, 0.004675279837101698]</MIN_VALUE>
		<SIGNATURE_THRESHOLD_MD>0.0</SIGNATURE_THRESHOLD_MD>
		<SIGNATURE_THRESHOLD_ML>0.0</SIGNATURE_THRESHOLD_ML>
		<SIGNATURE_THRESHOLD_SAM>0.0</SIGNATURE_THRESHOLD_SAM>
	</signature>
	<signature ID="20211012_144614576568_653">
		<MACROCLASSID>1</MACROCLASSID>
		<MACROCLASSINFO>waterbody</MACROCLASSINFO>
		<CLASSID>13</CLASSID>
		<CLASSINFO>C 1</CLASSINFO>
		<VALUES>[0.09762542006459456, 0.002069966323824829, 0.06956939439330814, 0.003477063103933156, 0.05234013248010099, 0.004518916888063035, 0.03676939200551253, 0.005285534761987243, 0.01585907629615288, 0.005643352536465804, 0.011167432510922233, 0.004358657114393588]</VALUES>
		<LCS_MIN>[0.09350563585758209, 0.06604982167482376, 0.04819665849208832, 0.031008118763566017, 0.010290203616023064, 0.006508720573037863]</LCS_MIN>
		<LCS_MAX>[0.1183946505188942, 0.09928099066019058, 0.08635520935058594, 0.0713668018579483, 0.050328027456998825, 0.03751683980226517]</LCS_MAX>
		<WAVELENGTH>[0.48, 0.56, 0.655, 0.865, 1.61, 2.2]</WAVELENGTH>
		<MEAN_VALUE>[0.09762542006459456, 0.06956939439330814, 0.05234013248010099, 0.03676939200551253, 0.01585907629615288, 0.011167432510922233]</MEAN_VALUE>
		<CHECKBOX>2</CHECKBOX>
		<SD>[0.002069966323824829, 0.003477063103933156, 0.004518916888063035, 0.005285534761987243, 0.005643352536465804, 0.004358657114393588]</SD>
		<WAVELENGTH_UNIT>E-6m</WAVELENGTH_UNIT>
		<COLOR>#b03f88</COLOR>
		<COVARIANCE_MATRIX>[[4.2903911889879964e-06, 6.68344591758796e-06, 8.309356417157687e-06, 9.148181561613455e-06, 8.550696293241344e-06, 6.484609457402257e-06], [6.68344591758796e-06, 1.2105854693800211e-05, 1.5367631931439973e-05, 1.6657295418553986e-05, 1.5657429685234092e-05, 1.1504784197313711e-05], [8.309356417157687e-06, 1.5367631931439973e-05, 2.044744360318873e-05, 2.269692595291417e-05, 2.1638705220539123e-05, 1.5742896721349098e-05], [9.148181561613455e-06, 1.6657295418553986e-05, 2.269692595291417e-05, 2.797358865791466e-05, 2.8240985557204112e-05, 2.0861363736912608e-05], [8.550696293241344e-06, 1.5657429685234092e-05, 2.1638705220539123e-05, 2.8240985557204112e-05, 3.188927803421393e-05, 2.422056240902748e-05], [6.484609457402257e-06, 1.1504784197313711e-05, 1.5742896721349098e-05, 2.0861363736912608e-05, 2.422056240902748e-05, 1.9022856577066705e-05]]</COVARIANCE_MATRIX>
		<ROI_SIZE>762</ROI_SIZE>
		<MAX_VALUE>[0.1183946505188942, 0.09928099066019058, 0.08635520935058594, 0.0713668018579483, 0.050328027456998825, 0.03751683980226517]</MAX_VALUE>
		<MIN_VALUE>[0.09350563585758209, 0.06604982167482376, 0.04819665849208832, 0.031008118763566017, 0.010290203616023064, 0.006508720573037863]</MIN_VALUE>
		<SIGNATURE_THRESHOLD_MD>0.0</SIGNATURE_THRESHOLD_MD>
		<SIGNATURE_THRESHOLD_ML>0.0</SIGNATURE_THRESHOLD_ML>
		<SIGNATURE_THRESHOLD_SAM>0.0</SIGNATURE_THRESHOLD_SAM>
	</signature>
	<signature ID="20211012_144624902059_354">
		<MACROCLASSID>1</MACROCLASSID>
		<MACROCLASSINFO>waterbody</MACROCLASSINFO>
		<CLASSID>14</CLASSID>
		<CLASSINFO>C 1</CLASSINFO>
		<VALUES>[0.10498273688076189, 0.0012751918683867021, 0.08751884788057228, 0.0020236200656026516, 0.06603074810691995, 0.0035645247096266724, 0.03855886364722773, 0.0052954206645786945, 0.016967884876704135, 0.007802672088779506, 0.012862375152236136, 0.007084875176521725]</VALUES>
		<LCS_MIN>[0.1034291610121727, 0.08461344987154007, 0.06201624497771263, 0.03213110938668251, 0.008869283832609653, 0.006210791412740946]</LCS_MIN>
		<LCS_MAX>[0.11140464246273041, 0.09646207094192505, 0.08227580785751343, 0.06357467174530029, 0.050373874604701996, 0.04100038483738899]</LCS_MAX>
		<WAVELENGTH>[0.48, 0.56, 0.655, 0.865, 1.61, 2.2]</WAVELENGTH>
		<MEAN_VALUE>[0.10498273688076189, 0.08751884788057228, 0.06603074810691995, 0.03855886364722773, 0.016967884876704135, 0.012862375152236136]</MEAN_VALUE>
		<CHECKBOX>2</CHECKBOX>
		<SD>[0.0012751918683867021, 0.0020236200656026516, 0.0035645247096266724, 0.0052954206645786945, 0.007802672088779506, 0.007084875176521725]</SD>
		<WAVELENGTH_UNIT>E-6m</WAVELENGTH_UNIT>
		<COLOR>#1d3cc0</COLOR>
		<COVARIANCE_MATRIX>[[1.6380710121666198e-06, 2.519617282814579e-06, 4.395585165184457e-06, 6.325154117803322e-06, 8.985564818431158e-06, 8.321379937115125e-06], [2.519617282814579e-06, 4.12514873460168e-06, 7.121725047909422e-06, 1.0045841008832213e-05, 1.3967159247840755e-05, 1.3127763850206975e-05], [4.395585165184457e-06, 7.121725047909422e-06, 1.2799261639884207e-05, 1.838958814914804e-05, 2.5572780941729434e-05, 2.4037088223849423e-05], [6.325154117803322e-06, 1.0045841008832213e-05, 1.838958814914804e-05, 2.8247666705283336e-05, 3.8972248148638755e-05, 3.623269003583118e-05], [8.985564818431158e-06, 1.3967159247840755e-05, 2.5572780941729434e-05, 3.8972248148638755e-05, 6.132935232017189e-05, 5.47416384506505e-05], [8.321379937115125e-06, 1.3127763850206975e-05, 2.4037088223849423e-05, 3.623269003583118e-05, 5.47416384506505e-05, 5.056454028817825e-05]]</COVARIANCE_MATRIX>
		<ROI_SIZE>137</ROI_SIZE>
		<MAX_VALUE>[0.11140464246273041, 0.09646207094192505, 0.08227580785751343, 0.06357467174530029, 0.050373874604701996, 0.04100038483738899]</MAX_VALUE>
		<MIN_VALUE>[0.1034291610121727, 0.08461344987154007, 0.06201624497771263, 0.03213110938668251, 0.008869283832609653, 0.006210791412740946]</MIN_VALUE>
		<SIGNATURE_THRESHOLD_MD>0.0</SIGNATURE_THRESHOLD_MD>
		<SIGNATURE_THRESHOLD_ML>0.0</SIGNATURE_THRESHOLD_ML>
		<SIGNATURE_THRESHOLD_SAM>0.0</SIGNATURE_THRESHOLD_SAM>
	</signature>
	<signature ID="20211012_144635141474_755">
		<MACROCLASSID>1</MACROCLASSID>
		<MACROCLASSINFO>waterbody</MACROCLASSINFO>
		<CLASSID>15</CLASSID>
		<CLASSINFO>C 1</CLASSINFO>
		<VALUES>[0.11635945090016385, 0.0011949188728542673, 0.11126863675527884, 0.0014400771516788452, 0.09684642001253659, 0.0036336205585262905, 0.04655407149283613, 0.009737169480880188, 0.02409851392273043, 0.011393529941536031, 0.02055448173835385, 0.010892846040827872]</VALUES>
		<LCS_MIN>[0.11406312882900238, 0.1067751944065094, 0.09027419239282608, 0.03506460785865784, 0.010977739468216896, 0.0037127207033336163]</LCS_MIN>
		<LCS_MAX>[0.12075520306825638, 0.11580491065979004, 0.10638558864593506, 0.07817347347736359, 0.05314695090055466, 0.04684450104832649]</LCS_MAX>
		<WAVELENGTH>[0.48, 0.56, 0.655, 0.865, 1.61, 2.2]</WAVELENGTH>
		<MEAN_VALUE>[0.11635945090016385, 0.11126863675527884, 0.09684642001253659, 0.04655407149283613, 0.02409851392273043, 0.02055448173835385]</MEAN_VALUE>
		<CHECKBOX>2</CHECKBOX>
		<SD>[0.0011949188728542673, 0.0014400771516788452, 0.0036336205585262905, 0.009737169480880188, 0.011393529941536031, 0.010892846040827872]</SD>
		<WAVELENGTH_UNIT>E-6m</WAVELENGTH_UNIT>
		<COLOR>#339fd2</COLOR>
		<COVARIANCE_MATRIX>[[1.4516283499688143e-06, 8.744856927478395e-07, 3.386042635611375e-06, 9.265967491955962e-06, 7.847868801036384e-06, 8.163761776813772e-06], [8.744856927478395e-07, 2.108385842802818e-06, 3.5746454614127288e-06, 2.881805812648963e-06, 6.937595571798738e-06, 6.59607349007274e-06], [3.386042635611375e-06, 3.5746454614127288e-06, 1.3423251402855385e-05, 2.898663660744205e-05, 3.6399214877747e-05, 3.528191155055538e-05], [9.265967491955962e-06, 2.881805812648963e-06, 2.898663660744205e-05, 9.639267955208197e-05, 9.255473560187966e-05, 9.174135630019009e-05], [7.847868801036384e-06, 6.937595571798738e-06, 3.6399214877747e-05, 9.255473560187966e-05, 0.00013197606313042343, 0.0001235850650118664], [8.163761776813772e-06, 6.59607349007274e-06, 3.528191155055538e-05, 9.174135630019009e-05, 0.0001235850650118664, 0.00012063166650477797]]</COVARIANCE_MATRIX>
		<ROI_SIZE>61</ROI_SIZE>
		<MAX_VALUE>[0.12075520306825638, 0.11580491065979004, 0.10638558864593506, 0.07817347347736359, 0.05314695090055466, 0.04684450104832649]</MAX_VALUE>
		<MIN_VALUE>[0.11406312882900238, 0.1067751944065094, 0.09027419239282608, 0.03506460785865784, 0.010977739468216896, 0.0037127207033336163]</MIN_VALUE>
		<SIGNATURE_THRESHOLD_MD>0.0</SIGNATURE_THRESHOLD_MD>
		<SIGNATURE_THRESHOLD_ML>0.0</SIGNATURE_THRESHOLD_ML>
		<SIGNATURE_THRESHOLD_SAM>0.0</SIGNATURE_THRESHOLD_SAM>
	</signature>
	<signature ID="20211012_145336013260_929">
		<MACROCLASSID>1</MACROCLASSID>
		<MACROCLASSINFO>waterbody</MACROCLASSINFO>
		<CLASSID>16</CLASSID>
		<CLASSINFO>C 1</CLASSINFO>
		<VALUES>[0.10205407788356147, 0.004610287844999754, 0.07607952132821084, 0.007989154419333677, 0.05831383032103377, 0.010698369435569611, 0.046451829063395664, 0.01147441901871792, 0.026187688950449227, 0.010684802499925745, 0.020389040280133486, 0.008227026212106588]</VALUES>
