<?xml version="1.0" ?>
<signaturelist MCID_LIST="[['1', 'waterbody', '#000000'], ['2', 'vegetation', '#000000'], ['3', 'bareland', '#000000'], ['4', 'built-up', '#000000']]">
	<signature ID="20210201_113548702290_642">
		<MACROCLASSID>1</MACROCLASSID>
		<MACROCLASSINFO>waterbody</MACROCLASSINFO>
		<CLASSID>1</CLASSID>
		<CLASSINFO>C 1</CLASSINFO>
		<VALUES>[0.12837893030345135, 0.0027966240903779453, 0.11128866726425983, 0.005094171644080156, 0.08422427253886192, 0.010845767541194627, 0.047717090302971756, 0.01377706442846524, 0.008954158655045294, 0.0036939228578001227, 0.005400981638168638, 0.0031253387537856325]</VALUES>
		<LCS_MIN>[0.11964601278305054, 0.09853491932153702, 0.060219939798116684, 0.03300165757536888, 0.0, 0.0]</LCS_MIN>
		<LCS_MAX>[0.13958241045475006, 0.12502387166023254, 0.11444532126188278, 0.08882653713226318, 0.056288544088602066, 0.02474476397037506]</LCS_MAX>
		<WAVELENGTH>[0.485, 0.56, 0.66, 0.83, 1.65, 2.215]</WAVELENGTH>
		<MEAN_VALUE>[0.12837893030345135, 0.11128866726425983, 0.08422427253886192, 0.047717090302971756, 0.008954158655045294, 0.005400981638168638]</MEAN_VALUE>
		<CHECKBOX>2</CHECKBOX>
		<SD>[0.0027966240903779453, 0.005094171644080156, 0.010845767541194627, 0.01377706442846524, 0.0036939228578001227, 0.0031253387537856325]</SD>
		<WAVELENGTH_UNIT>E-6m</WAVELENGTH_UNIT>
		<COLOR>#2d66ec</COLOR>
		<COVARIANCE_MATRIX>[[7.130452680527248e-06, 6.79655606461094e-06, 1.2498611773273434e-05, 9.876218592579369e-06, 6.994451574061012e-07, 4.826733787321591e-07], [6.79655606461094e-06, 2.2843766280439676e-05, 3.5315423358991774e-05, 2.3748116186147075e-05, 1.1336693911315492e-06, 8.628551687463366e-07], [1.2498611773273434e-05, 3.5315423358991774e-05, 9.90830820334158e-05, 9.703204041229631e-05, 6.3279140805861166e-06, 2.3486268493599968e-06], [9.876218592579369e-06, 2.3748116186147075e-05, 9.703204041229631e-05, 0.00019030392473831862, 1.786181170012933e-05, 6.191325490848779e-06], [6.994451574061012e-07, 1.1336693911315492e-06, 6.3279140805861166e-06, 1.786181170012933e-05, 1.3303310452885111e-05, 4.100702991241174e-06], [4.826733787321591e-07, 8.628551687463366e-07, 2.3486268493599968e-06, 6.191325490848779e-06, 4.100702991241174e-06, 9.819750053949385e-06]]</COVARIANCE_MATRIX>
		<ROI_SIZE>9084</ROI_SIZE>
		<MAX_VALUE>[0.13958241045475006, 0.12502387166023254, 0.11444532126188278, 0.08882653713226318, 0.056288544088602066, 0.02474476397037506]</MAX_VALUE>
		<MIN_VALUE>[0.11964601278305054, 0.09853491932153702, 0.060219939798116684, 0.03300165757536888, 0.0, 0.0]</MIN_VALUE>
		<SIGNATURE_THRESHOLD_MD>0</SIGNATURE_THRESHOLD_MD>
		<SIGNATURE_THRESHOLD_ML>0</SIGNATURE_THRESHOLD_ML>
		<SIGNATURE_THRESHOLD_SAM>0</SIGNATURE_THRESHOLD_SAM>
	</signature>
	<signature ID="20210201_113557238456_691">
		<MACROCLASSID>1</MACROCLASSID>
		<MACROCLASSINFO>waterbody</MACROCLASSINFO>
		<CLASSID>2</CLASSID>
		<CLASSINFO>C 1</CLASSINFO>
		<VALUES>[0.12732944379406622, 0.0029256076147872066, 0.11060243857892472, 0.005685278651810518, 0.0860240906887636, 0.01274376115423346, 0.05680729977375873, 0.015543231111969704, 0.013266061002197942, 0.0076347501349860155, 0.0072422616227757215, 0.0047539244825685915]</VALUES>
		<LCS_MIN>[0.11964601278305054, 0.09853491932153702, 0.06340967118740082, 0.03698915243148804, 0.0, 0.0]</LCS_MIN>
		<LCS_MAX>[0.13958241045475006, 0.12502387166023254, 0.11444532126188278, 0.10078902542591095, 0.06142304092645645, 0.03949196636676788]</LCS_MAX>
		<WAVELENGTH>[0.485, 0.56, 0.66, 0.83, 1.65, 2.215]</WAVELENGTH>
		<MEAN_VALUE>[0.12732944379406622, 0.11060243857892472, 0.0860240906887636, 0.05680729977375873, 0.013266061002197942, 0.0072422616227757215]</MEAN_VALUE>
		<CHECKBOX>2</CHECKBOX>
		<SD>[0.0029256076147872066, 0.005685278651810518, 0.01274376115423346, 0.015543231111969704, 0.0076347501349860155, 0.0047539244825685915]</SD>
		<WAVELENGTH_UNIT>E-6m</WAVELENGTH_UNIT>
		<COLOR>#611935</COLOR>
		<COVARIANCE_MATRIX>[[8.577412783034919e-06, 1.0876722742912643e-05, 2.300345168072203e-05, 2.1627717464849326e-05, 5.849891892016107e-06, 3.016295020995843e-06], [1.0876722742912643e-05, 3.4739741386803376e-05, 6.705398230052914e-05, 6.27801276000837e-05, 1.7066749686520174e-05, 8.293514210614444e-06], [2.300345168072203e-05, 6.705398230052914e-05, 0.00016782845551361573, 0.00016636754573602451, 4.661111970626581e-05, 2.233417195083235e-05], [2.1627717464849326e-05, 6.27801276000837e-05, 0.00016636754573602451, 0.00022854795135066936, 7.348962184092001e-05, 3.530297328884957e-05], [5.849891892016107e-06, 1.7066749686520174e-05, 4.661111970626581e-05, 7.348962184092001e-05, 4.949745442363101e-05, 2.3013739238984576e-05], [3.016295020995843e-06, 8.293514210614444e-06, 2.233417195083235e-05, 3.530297328884957e-05, 2.3013739238984576e-05, 2.00618409054892e-05]]</COVARIANCE_MATRIX>
		<ROI_SIZE>2461</ROI_SIZE>
		<MAX_VALUE>[0.13958241045475006, 0.12502387166023254, 0.11444532126188278, 0.10078902542591095, 0.06142304092645645, 0.03949196636676788]</MAX_VALUE>
		<MIN_VALUE>[0.11964601278305054, 0.09853491932153702, 0.06340967118740082, 0.03698915243148804, 0.0, 0.0]</MIN_VALUE>
		<SIGNATURE_THRESHOLD_MD>0</SIGNATURE_THRESHOLD_MD>
		<SIGNATURE_THRESHOLD_ML>0</SIGNATURE_THRESHOLD_ML>
		<SIGNATURE_THRESHOLD_SAM>0</SIGNATURE_THRESHOLD_SAM>
	</signature>
	<signature ID="20210201_113608659980_387">
		<MACROCLASSID>1</MACROCLASSID>
		<MACROCLASSINFO>waterbody</MACROCLASSINFO>
		<CLASSID>3</CLASSID>
		<CLASSINFO>C 1</CLASSINFO>
		<VALUES>[0.13242303651932216, 0.004160343743474958, 0.12105523679412133, 0.006958866419450731, 0.1093918488484977, 0.00881236038836644, 0.12095261296730088, 0.02213842390176937, 0.040618250128106416, 0.01971674488395006, 0.018100920061477833, 0.009376612269005281]</VALUES>
		<LCS_MIN>[0.11783360689878464, 0.10610319674015045, 0.0889275074005127, 0.0688890889286995, 0.0023763314820826054, 0.0]</LCS_MIN>
		<LCS_MAX>[0.14501962065696716, 0.14394454658031464, 0.13996315002441406, 0.16458889842033386, 0.08452827483415604, 0.05423915386199951]</LCS_MAX>
		<WAVELENGTH>[0.485, 0.56, 0.66, 0.83, 1.65, 2.215]</WAVELENGTH>
		<MEAN_VALUE>[0.13242303651932216, 0.12105523679412133, 0.1093918488484977, 0.12095261296730088, 0.040618250128106416, 0.018100920061477833]</MEAN_VALUE>
		<CHECKBOX>2</CHECKBOX>
		<SD>[0.004160343743474958, 0.006958866419450731, 0.00881236038836644, 0.02213842390176937, 0.01971674488395006, 0.009376612269005281]</SD>
		<WAVELENGTH_UNIT>E-6m</WAVELENGTH_UNIT>
		<COLOR>#ff134d</COLOR>
		<COVARIANCE_MATRIX>[[1.7998743628191172e-05, 2.347214273599692e-05, 2.824457645101726e-05, 1.5959667699124964e-05, 1.656619710446243e-05, 5.3146299072371075e-06], [2.347214273599692e-05, 4.96368327171775e-05, 5.6895899519482185e-05, 5.569109741267741e-05, 4.6637242030333744e-05, 1.7433063063296227e-05], [2.824457645101726e-05, 5.6895899519482185e-05, 7.928958616650522e-05, 8.791571922925016e-05, 7.180795784917e-05, 2.8663891607940558e-05], [1.5959667699124964e-05, 5.569109741267741e-05, 8.791571922925016e-05, 0.0004950002930269765, 0.0003628137819482897, 0.0001504999008380614], [1.656619710446243e-05, 4.6637242030333744e-05, 7.180795784917e-05, 0.0003628137819482897, 0.00039053306082275773, 0.00017346288434534336], [5.3146299072371075e-06, 1.7433063063296227e-05, 2.8663891607940558e-05, 0.0001504999008380614, 0.00017346288434534336, 8.996888264756016e-05]]</COVARIANCE_MATRIX>
		<ROI_SIZE>6639</ROI_SIZE>
		<MAX_VALUE>[0.14501962065696716, 0.14394454658031464, 0.13996315002441406, 0.16458889842033386, 0.08452827483415604, 0.05423915386199951]</MAX_VALUE>
		<MIN_VALUE>[0.11783360689878464, 0.10610319674015045, 0.0889275074005127, 0.0688890889286995, 0.0023763314820826054, 0.0]</MIN_VALUE>
		<SIGNATURE_THRESHOLD_MD>0</SIGNATURE_THRESHOLD_MD>
		<SIGNATURE_THRESHOLD_ML>0</SIGNATURE_THRESHOLD_ML>
		<SIGNATURE_THRESHOLD_SAM>0</SIGNATURE_THRESHOLD_SAM>
	</signature>
	<signature ID="20210201_113623933787_729">
		<MACROCLASSID>1</MACROCLASSID>
		<MACROCLASSINFO>waterbody</MACROCLASSINFO>
		<CLASSID>4</CLASSID>
		<CLASSINFO>C 1</CLASSINFO>
		<VALUES>[0.12442397244956942, 0.0029751364643519035, 0.09655952571543056, 0.005512390365845121, 0.06011884882826489, 0.006810766397012209, 0.038571804770466955, 0.004945234419799768, 0.009553375848355656, 0.003814443766606862, 0.005915021641128098, 0.003462343741648385]</VALUES>
		<LCS_MIN>[0.11239641904830933, 0.07961423695087433, 0.05065074935555458, 0.02901417203247547, 0.0, 0.0]</LCS_MIN>
		<LCS_MAX>[0.14139480888843536, 0.13259214162826538, 0.10806585848331451, 0.08483905345201492, 0.056288544088602066, 0.03949196636676788]</LCS_MAX>
		<WAVELENGTH>[0.485, 0.56, 0.66, 0.83, 1.65, 2.215]</WAVELENGTH>
		<MEAN_VALUE>[0.12442397244956942, 0.09655952571543056, 0.06011884882826489, 0.038571804770466955, 0.009553375848355656, 0.005915021641128098]</MEAN_VALUE>
		<CHECKBOX>2</CHECKBOX>
		<SD>[0.0029751364643519035, 0.005512390365845121, 0.006810766397012209, 0.004945234419799768, 0.003814443766606862, 0.003462343741648385]</SD>
		<WAVELENGTH_UNIT>E-6m</WAVELENGTH_UNIT>
		<COLOR>#418bcb</COLOR>
		<COVARIANCE_MATRIX>[[8.678078037716951e-06, 9.920146159915737e-06, 1.0076783555426465e-05, 3.1354913002724897e-06, 8.461930482988233e-07, 4.942488785119537e-07], [9.920146159915737e-06, 2.816415532266523e-05, 2.813890204327111e-05, 1.2966939692874282e-05, 4.959664431448296e-06, 2.7120785001175256e-06], [1.0076783555426465e-05, 2.813890204327111e-05, 4.163083297932126e-05, 2.3318497651170353e-05, 1.1568771888455207e-05, 6.25358833512713e-06], [3.1354913002724897e-06, 1.2966939692874282e-05, 2.3318497651170353e-05, 3.2837106640635034e-05, 1.9479907372762926e-05, 1.0868495562290529e-05], [8.461930482988233e-07, 4.959664431448296e-06, 1.1568771888455207e-05, 1.9479907372762926e-05, 2.2495486911526175e-05, 1.0578641134152573e-05], [4.942488785119537e-07, 2.7120785001175256e-06, 6.25358833512713e-06, 1.0868495562290529e-05, 1.0578641134152573e-05, 1.4243949384234855e-05]]</COVARIANCE_MATRIX>
		<ROI_SIZE>8564</ROI_SIZE>
		<MAX_VALUE>[0.14139480888843536, 0.13259214162826538, 0.10806585848331451, 0.08483905345201492, 0.056288544088602066, 0.03949196636676788]</MAX_VALUE>
		<MIN_VALUE>[0.11239641904830933, 0.07961423695087433, 0.05065074935555458, 0.02901417203247547, 0.0, 0.0]</MIN_VALUE>
		<SIGNATURE_THRESHOLD_MD>0</SIGNATURE_THRESHOLD_MD>
		<SIGNATURE_THRESHOLD_ML>0</SIGNATURE_THRESHOLD_ML>
		<SIGNATURE_THRESHOLD_SAM>0</SIGNATURE_THRESHOLD_SAM>
	</signature>
	<signature ID="20210201_113628715191_511">
		<MACROCLASSID>1</MACROCLASSID>
		<MACROCLASSINFO>waterbody</MACROCLASSINFO>
		<CLASSID>5</CLASSID>
		<CLASSINFO>C 1</CLASSINFO>
		<VALUES>[0.12427220296494064, 0.002895630166433341, 0.09562612092280245, 0.004940397811500707, 0.05880626729939179, 0.005801714732532201, 0.03815901516607004, 0.005088374626424519, 0.009317902553961453, 0.0038318617338189346, 0.0056980506791722485, 0.003427279007103941]</VALUES>
		<LCS_MIN>[0.11239641904830933, 0.08339837193489075, 0.05065074935555458, 0.02901417203247547, 0.0, 0.0]</LCS_MIN>
		<LCS_MAX>[0.14139480888843536, 0.12880800664424896, 0.10806585848331451, 0.08483905345201492, 0.056288544088602066, 0.03949196636676788]</LCS_MAX>
		<WAVELENGTH>[0.485, 0.56, 0.66, 0.83, 1.65, 2.215]</WAVELENGTH>
		<MEAN_VALUE>[0.12427220296494064, 0.09562612092280245, 0.05880626729939179, 0.03815901516607004, 0.009317902553961453, 0.0056980506791722485]</MEAN_VALUE>
		<CHECKBOX>2</CHECKBOX>
		<SD>[0.002895630166433341, 0.004940397811500707, 0.005801714732532201, 0.005088374626424519, 0.0038318617338189346, 0.003427279007103941]</SD>
		<WAVELENGTH_UNIT>E-6m</WAVELENGTH_UNIT>
		<COLOR>#8ea7b5</COLOR>
		<COVARIANCE_MATRIX>[[9.3512532371263e-06, 9.802923290163035e-06, 8.726739452868367e-06, 1.1549188331049181e-06, 1.409222067398936e-07, 3.2308632228392403e-07], [9.802923290163035e-06, 2.5047498396923452e-05, 2.059583355076976e-05, 7.05870820171775e-06, 2.0095835838537555e-06, 1.421130929765313e-06], [8.726739452868367e-06, 2.059583355076976e-05, 2.6315060885660555e-05, 1.0514868328458939e-05, 4.48759819185379e-06, 2.744428391074011e-06], [1.1549188331049181e-06, 7.05870820171775e-06, 1.0514868328458939e-05, 1.6962489454853917e-05, 7.002418362371863e-06, 3.6230218215890904e-06], [1.409222067398936e-07, 2.0095835838537555e-06, 4.48759819185379e-06, 7.002418362371863e-06, 1.1041173280083948e-05, 3.979839977010324e-06], [3.2308632228392403e-07, 1.421130929765313e-06, 2.744428391074011e-06, 3.6230218215890904e-06, 3.979839977010324e-06, 1.034060992489032e-05]]</COVARIANCE_MATRIX>
		<ROI_SIZE>9748</ROI_SIZE>
		<MAX_VALUE>[0.14139480888843536, 0.12880800664424896, 0.10806585848331451, 0.08483905345201492, 0.056288544088602066, 0.03949196636676788]</MAX_VALUE>
		<MIN_VALUE>[0.11239641904830933, 0.08339837193489075, 0.05065074935555458, 0.02901417203247547, 0.0, 0.0]</MIN_VALUE>
		<SIGNATURE_THRESHOLD_MD>0</SIGNATURE_THRESHOLD_MD>
		<SIGNATURE_THRESHOLD_ML>0</SIGNATURE_THRESHOLD_ML>
		<SIGNATURE_THRESHOLD_SAM>0</SIGNATURE_THRESHOLD_SAM>
	</signature>
	<signature ID="20210201_113641009549_951">
		<MACROCLASSID>1</MACROCLASSID>
		<MACROCLASSINFO>waterbody</MACROCLASSINFO>
		<CLASSID>6</CLASSID>
		<CLASSINFO>C 1</CLASSINFO>
		<VALUES>[0.11972077420404137, 0.004220758044941813, 0.09465542741178895, 0.00840359148029607, 0.0641751794564276, 0.013131178694953321, 0.03941600393406264, 0.007632191084134044, 0.008182654907581364, 0.003169028115700586, 0.004700834899887157, 0.0031385910883999463]</VALUES>
		<LCS_MIN>[0.10877160727977753, 0.0758301168680191, 0.047461021691560745, 0.02901417203247547, 0.0, 0.0]</LCS_MIN>
		<LCS_MAX>[0.13414521515369415, 0.12123973667621613, 0.10806585848331451, 0.08483905345201492, 0.053721293807029724, 0.03211836516857147]</LCS_MAX>
		<WAVELENGTH>[0.485, 0.56, 0.66, 0.83, 1.65, 2.215]</WAVELENGTH>
		<MEAN_VALUE>[0.11972077420404137, 0.09465542741178895, 0.0641751794564276, 0.03941600393406264, 0.008182654907581364, 0.004700834899887157]</MEAN_VALUE>
		<CHECKBOX>2</CHECKBOX>
		<SD>[0.004220758044941813, 0.00840359148029607, 0.013131178694953321, 0.007632191084134044, 0.003169028115700586, 0.0031385910883999463]</SD>
		<WAVELENGTH_UNIT>E-6m</WAVELENGTH_UNIT>
		<COLOR>#35414e</COLOR>
		<COVARIANCE_MATRIX>[[1.6892756330356522e-05, 2.721047742889346e-05, 4.091420051467888e-05, 1.579919884147491e-05, 1.2678677345576946e-06, 9.556392454910686e-07], [2.721047742889346e-05, 6.628155357894379e-05, 9.700947298020785e-05, 3.997634321269328e-05, 3.2926804866689087e-06, 1.9310574202916027e-06], [4.091420051467888e-05, 9.700947298020785e-05, 0.00016641487778029244, 7.636020110916604e-05, 6.699767983880547e-06, 3.4233820822512437e-06], [1.579919884147491e-05, 3.997634321269328e-05, 7.636020110916604e-05, 5.996474507621112e-05, 7.5836801680416494e-06, 3.5846527853552777e-06], [1.2678677345576946e-06, 3.2926804866689087e-06, 6.699767983880547e-06, 7.5836801680416494e-06, 1.005780406158558e-05, 3.5659903585833476e-06], [9.556392454910686e-07, 1.9310574202916027e-06, 3.4233820822512437e-06, 3.5846527853552777e-06, 3.5659903585833476e-06, 9.74640259462042e-06]]</COVARIANCE_MATRIX>
		<ROI_SIZE>8085</ROI_SIZE>
		<MAX_VALUE>[0.13414521515369415, 0.12123973667621613, 0.10806585848331451, 0.08483905345201492, 0.053721293807029724, 0.03211836516857147]</MAX_VALUE>
		<MIN_VALUE>[0.10877160727977753, 0.0758301168680191, 0.047461021691560745, 0.02901417203247547, 0.0, 0.0]</MIN_VALUE>
		<SIGNATURE_THRESHOLD_MD>0</SIGNATURE_THRESHOLD_MD>
		<SIGNATURE_THRESHOLD_ML>0</SIGNATURE_THRESHOLD_ML>
		<SIGNATURE_THRESHOLD_SAM>0</SIGNATURE_THRESHOLD_SAM>
	</signature>
	<signature ID="20210201_113651137655_165">
		<MACROCLASSID>1</MACROCLASSID>
		<MACROCLASSINFO>waterbody</MACROCLASSINFO>
		<CLASSID>7</CLASSID>
		<CLASSINFO>C 1</CLASSINFO>
		<VALUES>[0.11837470695739567, 0.0024049866095400183, 0.10062584937220291, 0.0038137402296972893, 0.07653420016322762, 0.010277163265663542, 0.046599523121064114, 0.010182898255729536, 0.00942650738882252, 0.00443409066676877, 0.005164008242342692, 0.0036080402160760454]</VALUES>
		<LCS_MIN>[0.11058400571346283, 0.09096664190292358, 0.060219939798116684, 0.03698915243148804, 0.0, 0.0]</LCS_MIN>
		<LCS_MAX>[0.12689560651779175, 0.11367145925760269, 0.11444532126188278, 0.08882653713226318, 0.04858680069446564, 0.03580516204237938]</LCS_MAX>
		<WAVELENGTH>[0.485, 0.56, 0.66, 0.83, 1.65, 2.215]</WAVELENGTH>
		<MEAN_VALUE>[0.11837470695739567, 0.10062584937220291, 0.07653420016322762, 0.046599523121064114, 0.00942650738882252, 0.005164008242342692]</MEAN_VALUE>
		<CHECKBOX>2</CHECKBOX>
		<SD>[0.0024049866095400183, 0.0038137402296972893, 0.010277163265663542, 0.010182898255729536, 0.00443409066676877, 0.0036080402160760454]</SD>
		<WAVELENGTH_UNIT>E-6m</WAVELENGTH_UNIT>
		<COLOR>#31a852</COLOR>
		<COVARIANCE_MATRIX>[[5.64490084433755e-06, 3.137474536865509e-06, 8.13525100704151e-06, 5.942420712278615e-06, 1.610696618484205e-06, 9.844228932801938e-07], [3.137474536865509e-06, 1.5165762151352047e-05, 3.1169167083692204e-05, 1.9529023657574342e-05, 3.2190119389324506e-06, 1.4393359070725148e-06], [8.13525100704151e-06, 3.1169167083692204e-05, 0.00010278423725106299, 7.045532906140234e-05, 1.1796815936834182e-05, 5.0799995666828525e-06], [5.942420712278615e-06, 1.9529023657574342e-05, 7.045532906140234e-05, 9.370202926608373e-05, 2.366010421149448e-05, 1.1263623481243315e-05], [1.610696618484205e-06, 3.2190119389324506e-06, 1.1796815936834182e-05, 2.366010421149448e-05, 1.9019155687103257e-05, 8.14582661820358e-06], [9.844228932801938e-07, 1.4393359070725148e-06, 5.0799995666828525e-06, 1.1263623481243315e-05, 8.14582661820358e-06, 1.2573343229984363e-05]]</COVARIANCE_MATRIX>
		<ROI_SIZE>5533</ROI_SIZE>
		<MAX_VALUE>[0.12689560651779175, 0.11367145925760269, 0.11444532126188278, 0.08882653713226318, 0.04858680069446564, 0.03580516204237938]</MAX_VALUE>
		<MIN_VALUE>[0.11058400571346283, 0.09096664190292358, 0.060219939798116684, 0.03698915243148804, 0.0, 0.0]</MIN_VALUE>
		<SIGNATURE_THRESHOLD_MD>0</SIGNATURE_THRESHOLD_MD>
		<SIGNATURE_THRESHOLD_ML>0</SIGNATURE_THRESHOLD_ML>
		<SIGNATURE_THRESHOLD_SAM>0</SIGNATURE_THRESHOLD_SAM>
	</signature>
	<signature ID="20210201_113659240286_582">
		<MACROCLASSID>1</MACROCLASSID>
		<MACROCLASSINFO>waterbody</MACROCLASSINFO>
		<CLASSID>8</CLASSID>
		<CLASSINFO>C 1</CLASSINFO>
		<VALUES>[0.11822927987179915, 0.0029952496307194326, 0.09719284385835973, 0.005181114698241607, 0.07123285837349343, 0.010653594006597987, 0.04678489305957811, 0.010141117185155583, 0.009779825402212968, 0.004545283491408435, 0.005300840818327299, 0.003492703879307906]</VALUES>
		<LCS_MIN>[0.11058400571346283, 0.08339837193489075, 0.05384048447012901, 0.03698915243148804, 0.0, 0.0]</LCS_MIN>
		<LCS_MAX>[0.12870800495147705, 0.11367145925760269, 0.10487613081932068, 0.09281403571367264, 0.046019550412893295, 0.028431562706828117]</LCS_MAX>
		<WAVELENGTH>[0.485, 0.56, 0.66, 0.83, 1.65, 2.215]</WAVELENGTH>
		<MEAN_VALUE>[0.11822927987179915, 0.09719284385835973, 0.07123285837349343, 0.04678489305957811, 0.009779825402212968, 0.005300840818327299]</MEAN_VALUE>
		<CHECKBOX>2</CHECKBOX>
		<SD>[0.0029952496307194326, 0.005181114698241607, 0.010653594006597987, 0.010141117185155583, 0.004545283491408435, 0.003492703879307906]</SD>
		<WAVELENGTH_UNIT>E-6m</WAVELENGTH_UNIT>
		<COLOR>#846bea</COLOR>
		<COVARIANCE_MATRIX>[[9.458983760116168e-06, 1.0729701924810454e-05, 2.0318458638149836e-05, 1.1235439909552286e-05, 2.6923133648765493e-06, 1.6321524285554309e-06], [1.0729701924810454e-05, 2.8351443533702553e-05, 4.8016778039734225e-05, 2.9667892427658667e-05, 6.616744915115404e-06, 3.4054465403194202e-06], [2.0318458638149836e-05, 4.8016778039734225e-05, 0.0001203000791986209, 8.586646901514762e-05, 1.9614316766064644e-05, 9.808812846791598e-06], [1.1235439909552286e-05, 2.9667892427658667e-05, 8.586646901514762e-05, 0.00010969874021784877, 2.9231886826213415e-05, 1.4168657615473192e-05], [2.6923133648765493e-06, 6.616744915115404e-06, 1.9614316766064644e-05, 2.9231886826213415e-05, 1.8514772643368105e-05, 7.497873289197241e-06], [1.6321524285554309e-06, 3.4054465403194202e-06, 9.808812846791598e-06, 1.4168657615473192e-05, 7.497873289197241e-06, 1.1723582490417709e-05]]</COVARIANCE_MATRIX>
		<ROI_SIZE>4298</ROI_SIZE>
		<MAX_VALUE>[0.12870800495147705, 0.11367145925760269, 0.10487613081932068, 0.09281403571367264, 0.046019550412893295, 0.028431562706828117]</MAX_VALUE>
		<MIN_VALUE>[0.11058400571346283, 0.08339837193489075, 0.05384048447012901, 0.03698915243148804, 0.0, 0.0]</MIN_VALUE>
		<SIGNATURE_THRESHOLD_MD>0</SIGNATURE_THRESHOLD_MD>
		<SIGNATURE_THRESHOLD_ML>0</SIGNATURE_THRESHOLD_ML>
		<SIGNATURE_THRESHOLD_SAM>0</SIGNATURE_THRESHOLD_SAM>
	</signature>
	<signature ID="20210201_113707020644_429">
		<MACROCLASSID>1</MACROCLASSID>
		<MACROCLASSINFO>waterbody</MACROCLASSINFO>
		<CLASSID>9</CLASSID>
		<CLASSINFO>C 1</CLASSINFO>
		<VALUES>[0.12253061274841291, 0.0030009364906500836, 0.1044622826299309, 0.005743915837417549, 0.081880455760829, 0.012710481913456728, 0.05237628248544917, 0.013880138924287765, 0.011239439450344483, 0.005954628066675036, 0.005986426319036874, 0.00398911689379189]</VALUES>
		<LCS_MIN>[0.11420881003141403, 0.0947507843375206, 0.06340967118740082, 0.03698915243148804, 0.0, 0.0]</LCS_MIN>
		<LCS_MAX>[0.13233281672000885, 0.12123973667621613, 0.11125560104846954, 0.09680153429508209, 0.06142304092645645, 0.03211836516857147]</LCS_MAX>
		<WAVELENGTH>[0.485, 0.56, 0.66, 0.83, 1.65, 2.215]</WAVELENGTH>
		<MEAN_VALUE>[0.12253061274841291, 0.1044622826299309, 0.081880455760829, 0.05237628248544917, 0.011239439450344483, 0.005986426319036874]</MEAN_VALUE>
		<CHECKBOX>2</CHECKBOX>
		<SD>[0.0030009364906500836, 0.005743915837417549, 0.012710481913456728, 0.013880138924287765, 0.005954628066675036, 0.00398911689379189]</SD>
		<WAVELENGTH_UNIT>E-6m</WAVELENGTH_UNIT>
		<COLOR>#365aa9</COLOR>
		<COVARIANCE_MATRIX>[[1.0632375969414566e-05, 1.3874617775380988e-05, 2.932731866488317e-05, 2.5640522814050697e-05, 7.119106162478444e-06, 3.498581495551426e-06], [1.3874617775380988e-05, 3.715860909334421e-05, 7.200342529426566e-05, 5.961360770423662e-05, 1.6261526717885896e-05, 8.064182729292094e-06], [2.932731866488317e-05, 7.200342529426566e-05, 0.00017608771526515568, 0.00015676606238467197, 4.000477145110535e-05, 2.023530547542343e-05], [2.5640522814050697e-05, 5.961360770423662e-05, 0.00015676606238467197, 0.00020129601657383587, 5.790824171632225e-05, 2.931304439168674e-05], [7.119106162478444e-06, 1.6261526717885896e-05, 4.000477145110535e-05, 5.790824171632225e-05, 3.742177777569574e-05, 1.742780491889188e-05], [3.498581495551426e-06, 8.064182729292094e-06, 2.023530547542343e-05, 2.931304439168674e-05, 1.742780491889188e-05, 1.753292260620753e-05]]</COVARIANCE_MATRIX>
		<ROI_SIZE>3416</ROI_SIZE>
		<MAX_VALUE>[0.13233281672000885, 0.12123973667621613, 0.11125560104846954, 0.09680153429508209, 0.06142304092645645, 0.03211836516857147]</MAX_VALUE>
		<MIN_VALUE>[0.11420881003141403, 0.0947507843375206, 0.06340967118740082, 0.03698915243148804, 0.0, 0.0]</MIN_VALUE>
		<SIGNATURE_THRESHOLD_MD>0</SIGNATURE_THRESHOLD_MD>
		<SIGNATURE_THRESHOLD_ML>0</SIGNATURE_THRESHOLD_ML>
		<SIGNATURE_THRESHOLD_SAM>0</SIGNATURE_THRESHOLD_SAM>
	</signature>
	<signature ID="20210201_113714689161_336">
		<MACROCLASSID>1</MACROCLASSID>
		<MACROCLASSINFO>waterbody</MACROCLASSINFO>
		<CLASSID>10</CLASSID>
		<CLASSINFO>C 1</CLASSINFO>
		<VALUES>[0.12549973812295706, 0.002344648596182719, 0.11060170423642063, 0.003387952272016652, 0.0889056805322499, 0.008881171904983238, 0.06624894257935539, 0.015890904610169756, 0.01743564770586289, 0.008915920533310653, 0.008492741099955008, 0.005283612511225804]</VALUES>
		<LCS_MIN>[0.11602120846509933, 0.10231905430555344, 0.07297884672880173, 0.04895162582397461, 0.0023763314820826054, 0.0]</LCS_MIN>
		<LCS_MAX>[0.13414521515369415, 0.12123973667621613, 0.11444532126188278, 0.10876400768756866, 0.06142304092645645, 0.03211836516857147]</LCS_MAX>
		<WAVELENGTH>[0.485, 0.56, 0.66, 0.83, 1.65, 2.215]</WAVELENGTH>
		<MEAN_VALUE>[0.12549973812295706, 0.11060170423642063, 0.0889056805322499, 0.06624894257935539, 0.01743564770586289, 0.008492741099955008]</MEAN_VALUE>
		<CHECKBOX>2</CHECKBOX>
		<SD>[0.002344648596182719, 0.003387952272016652, 0.008881171904983238, 0.015890904610169756, 0.008915920533310653, 0.005283612511225804]</SD>
		<WAVELENGTH_UNIT>E-6m</WAVELENGTH_UNIT>
		<COLOR>#5fceef</COLOR>
		<COVARIANCE_MATRIX>[[5.50490769306052e-06, 2.8493655756084762e-06, 6.20196737820902e-06, 6.902552033573487e-06, 4.292905531757813e-06, 2.178622922351668e-06], [2.8493655756084762e-06, 1.1493944187322357e-05, 2.0386400915618745e-05, 2.8470442966998555e-05, 1.2822228545500133e-05, 6.122247967979847e-06], [6.20196737820902e-06, 2.0386400915618745e-05, 7.898326264477558e-05, 0.00011753221423361641, 5.058370571424379e-05, 2.4650841530930727e-05], [6.902552033573487e-06, 2.8470442966998555e-05, 0.00011753221423361641, 0.0002528667683011994, 0.00012154001440046558, 5.8548643724502165e-05], [4.292905531757813e-06, 1.2822228545500133e-05, 5.058370571424379e-05, 0.00012154001440046558, 7.960253435214118e-05, 3.69465132756432e-05], [2.178622922351668e-06, 6.122247967979847e-06, 2.4650841530930727e-05, 5.8548643724502165e-05, 3.69465132756432e-05, 2.7954803033396663e-05]]</COVARIANCE_MATRIX>
		<ROI_SIZE>731</ROI_SIZE>
		<MAX_VALUE>[0.13414521515369415, 0.12123973667621613, 0.11444532126188278, 0.10876400768756866, 0.06142304092645645, 0.03211836516857147]</MAX_VALUE>
		<MIN_VALUE>[0.11602120846509933, 0.10231905430555344, 0.07297884672880173, 0.04895162582397461, 0.0023763314820826054, 0.0]</MIN_VALUE>
		<SIGNATURE_THRESHOLD_MD>0</SIGNATURE_THRESHOLD_MD>
		<SIGNATURE_THRESHOLD_ML>0</SIGNATURE_THRESHOLD_ML>
		<SIGNATURE_THRESHOLD_SAM>0</SIGNATURE_THRESHOLD_SAM>
	</signature>
	<signature ID="20210201_113724986581_118">
		<MACROCLASSID>1</MACROCLASSID>
		<MACROCLASSINFO>waterbody</MACROCLASSINFO>
		<CLASSID>11</CLASSID>
		<CLASSINFO>C 1</CLASSINFO>
		<VALUES>[0.13000481562881655, 0.002708752903774823, 0.11833638738005844, 0.0035953693671306663, 0.09727991296877635, 0.0077136135521513535, 0.066964091644783, 0.01519955002435067, 0.016180823160664597, 0.008708407550070208, 0.008422316865923266, 0.005593109052980084]</VALUES>
		<LCS_MIN>[0.12145841121673584, 0.10988732427358627, 0.08254802972078323, 0.04895162582397461, 0.004943579435348511, 0.0]</LCS_MIN>
		<LCS_MAX>[0.13777001202106476, 0.12880800664424896, 0.11444532126188278, 0.10477651655673981, 0.053721293807029724, 0.03949196636676788]</LCS_MAX>
		<WAVELENGTH>[0.485, 0.56, 0.66, 0.83, 1.65, 2.215]</WAVELENGTH>
		<MEAN_VALUE>[0.13000481562881655, 0.11833638738005844, 0.09727991296877635, 0.066964091644783, 0.016180823160664597, 0.008422316865923266]</MEAN_VALUE>
		<CHECKBOX>2</CHECKBOX>
		<SD>[0.002708752903774823, 0.0035953693671306663, 0.0077136135521513535, 0.01519955002435067, 0.008708407550070208, 0.005593109052980084]</SD>
		<WAVELENGTH_UNIT>E-6m</WAVELENGTH_UNIT>
		<COLOR>#82921d</COLOR>
		<COVARIANCE_MATRIX>[[8.762256863774845e-06, 5.717925230533405e-06, 4.884009235116101e-06, 8.926896585645308e-07, -3.0185989896412266e-06, -1.7152213407011269e-06], [5.717925230533405e-06, 1.4751405927028607e-05, 1.4488596542803412e-05, 1.4628522396971729e-05, 1.1976358284272234e-06, 1.811542509646907e-08], [4.884009235116101e-06, 1.4488596542803412e-05, 6.203869743589614e-05, 0.00010200072050604332, 3.469360131974081e-05, 1.6881206435826973e-05], [8.926896585645308e-07, 1.4628522396971729e-05, 0.00010200072050604332, 0.00024359430524661542, 9.947486776481996e-05, 4.949478809324538e-05], [-3.0185989896412266e-06, 1.1976358284272234e-06, 3.469360131974081e-05, 9.947486776481996e-05, 7.09434733491699e-05, 3.537945441509537e-05], [-1.7152213407011269e-06, 1.811542509646907e-08, 1.6881206435826973e-05, 4.949478809324538e-05, 3.537945441509537e-05, 2.8152855017474808e-05]]</COVARIANCE_MATRIX>
		<ROI_SIZE>892</ROI_SIZE>
		<MAX_VALUE>[0.13777001202106476, 0.12880800664424896, 0.11444532126188278, 0.10477651655673981, 0.053721293807029724, 0.03949196636676788]</MAX_VALUE>
		<MIN_VALUE>[0.12145841121673584, 0.10988732427358627, 0.08254802972078323, 0.04895162582397461, 0.004943579435348511, 0.0]</MIN_VALUE>
		<SIGNATURE_THRESHOLD_MD>0</SIGNATURE_THRESHOLD_MD>
		<SIGNATURE_THRESHOLD_ML>0</SIGNATURE_THRESHOLD_ML>
		<SIGNATURE_THRESHOLD_SAM>0</SIGNATURE_THRESHOLD_SAM>
	</signature>
	<signature ID="20210201_113737014944_688">
		<MACROCLASSID>1</MACROCLASSID>
		<MACROCLASSINFO>waterbody</MACROCLASSINFO>
		<CLASSID>12</CLASSID>
		<CLASSINFO>C 1</CLASSINFO>
		<VALUES>[0.1287468965653345, 0.0033422767309911803, 0.09804714731669184, 0.004282589108072472, 0.05866113964933671, 0.003334121465433874, 0.036467270241021324, 0.0018178123126171399, 0.009473303755470812, 0.0026037363190081677, 0.0061309305786684315, 0.0029939036953317427]</VALUES>
		<LCS_MIN>[0.11783360689878464, 0.08339837193489075, 0.05065074935555458, 0.03300165757536888, 0.0, 0.0]</LCS_MIN>
		<LCS_MAX>[0.13958241045475006, 0.11367145925760269, 0.07297884672880173, 0.07287657260894775, 0.053721293807029724, 0.03580516204237938]</LCS_MAX>
		<WAVELENGTH>[0.485, 0.56, 0.66, 0.83, 1.65, 2.215]</WAVELENGTH>
		<MEAN_VALUE>[0.1287468965653345, 0.09804714731669184, 0.05866113964933671, 0.036467270241021324, 0.009473303755470812, 0.0061309305786684315]</MEAN_VALUE>
		<CHECKBOX>2</CHECKBOX>
		<SD>[0.0033422767309911803, 0.004282589108072472, 0.003334121465433874, 0.0018178123126171399, 0.0026037363190081677, 0.0029939036953317427]</SD>
		<WAVELENGTH_UNIT>E-6m</WAVELENGTH_UNIT>
		<COLOR>#313827</COLOR>
		<COVARIANCE_MATRIX>[[1.0778056155866599e-05, 8.979789953834423e-06, 6.530990701295718e-06, 4.542571145644309e-07, 3.815145817702724e-07, 3.2707871100653584e-07], [8.979789953834423e-06, 1.763515043014534e-05, 9.792384223604432e-06, 8.119317249078055e-07, 2.914790191537859e-07, 3.770060779495187e-07], [6.530990701295718e-06, 9.792384223604432e-06, 1.0709608265594338e-05, 7.106439767913488e-07, 7.792894580457545e-07, 5.498443435655503e-07], [4.542571145644309e-07, 8.119317249078055e-07, 7.106439767913488e-07, 3.101936328919842e-06, 5.811253541492167e-07, 3.61791050464545e-07], [3.815145817702724e-07, 2.914790191537859e-07, 7.792894580457545e-07, 5.811253541492167e-07, 6.50847170556897e-06, 1.5248155750329503e-06], [3.2707871100653584e-07, 3.770060779495187e-07, 5.498443435655503e-07, 3.61791050464545e-07, 1.5248155750329503e-06, 8.826080026163196e-06]]</COVARIANCE_MATRIX>
		<ROI_SIZE>10199</ROI_SIZE>
		<MAX_VALUE>[0.13958241045475006, 0.11367145925760269, 0.07297884672880173, 0.07287657260894775, 0.053721293807029724, 0.03580516204237938]</MAX_VALUE>
		<MIN_VALUE>[0.11783360689878464, 0.08339837193489075, 0.05065074935555458, 0.03300165757536888, 0.0, 0.0]</MIN_VALUE>
		<SIGNATURE_THRESHOLD_MD>0</SIGNATURE_THRESHOLD_MD>
		<SIGNATURE_THRESHOLD_ML>0</SIGNATURE_THRESHOLD_ML>
		<SIGNATURE_THRESHOLD_SAM>0</SIGNATURE_THRESHOLD_SAM>
	</signature>
	<signature ID="20210201_113743660363_676">
		<MACROCLASSID>1</MACROCLASSID>
		<MACROCLASSINFO>waterbody</MACROCLASSINFO>
		<CLASSID>13</CLASSID>
		<CLASSINFO>C 1</CLASSINFO>
		<VALUES>[0.13552402394810337, 0.006384113362027211, 0.10768416656967944, 0.012583818622319071, 0.06638850756929407, 0.011502066603016765, 0.04280128085960655, 0.0051174767942661625, 0.013469992492108118, 0.003468822428626029, 0.008744139852295522, 0.0031352081927822333]</VALUES>
		<LCS_MIN>[0.12327080965042114, 0.09096664190292358, 0.05384048447012901, 0.03300165757536888, 0.0023763314820826054, 0.0]</LCS_MIN>
		<LCS_MAX>[0.16133122146129608, 0.1590810865163803, 0.11125560104846954, 0.08882653713226318, 0.06142304092645645, 0.03949196636676788]</LCS_MAX>
		<WAVELENGTH>[0.485, 0.56, 0.66, 0.83, 1.65, 2.215]</WAVELENGTH>
		<MEAN_VALUE>[0.13552402394810337, 0.10768416656967944, 0.06638850756929407, 0.04280128085960655, 0.013469992492108118, 0.008744139852295522]</MEAN_VALUE>
		<CHECKBOX>2</CHECKBOX>
		<SD>[0.006384113362027211, 0.012583818622319071, 0.011502066603016765, 0.0051174767942661625, 0.003468822428626029, 0.0031352081927822333]</SD>
		<WAVELENGTH_UNIT>E-6m</WAVELENGTH_UNIT>
		<COLOR>#03ea8e</COLOR>
		<COVARIANCE_MATRIX>[[3.475336661129697e-05, 6.139244282914495e-05, 4.904062742214888e-05, 1.1209113073525746e-05, 1.9338307830037087e-06, 1.5683774052203067e-07], [6.139244282914495e-05, 0.0001347465607240431, 0.00010897925775146961, 2.705946251100586e-05, 4.855688661676318e-06, 3.0649740769588676e-07], [4.904062742214888e-05, 0.00010897925775146961, 0.00010776105716538465, 3.092622960273678e-05, 7.539610289935641e-06, 1.8345010757854426e-06], [1.1209113073525746e-05, 2.705946251100586e-05, 3.092622960273678e-05, 1.9516302969489263e-05, 5.720197123517733e-06, 2.1686393096114443e-06], [1.9338307830037087e-06, 4.855688661676318e-06, 7.539610289935641e-06, 5.720197123517733e-06, 1.108933323034301e-05, 3.561026732569879e-06], [1.5683774052203067e-07, 3.0649740769588676e-07, 1.8345010757854426e-06, 2.1686393096114443e-06, 3.561026732569879e-06, 9.436319190528435e-06]]</COVARIANCE_MATRIX>
		<ROI_SIZE>8591</ROI_SIZE>
		<MAX_VALUE>[0.16133122146129608, 0.1590810865163803, 0.11125560104846954, 0.08882653713226318, 0.06142304092645645, 0.03949196636676788]</MAX_VALUE>
		<MIN_VALUE>[0.12327080965042114, 0.09096664190292358, 0.05384048447012901, 0.03300165757536888, 0.0023763314820826054, 0.0]</MIN_VALUE>
		<SIGNATURE_THRESHOLD_MD>0</SIGNATURE_THRESHOLD_MD>
		<SIGNATURE_THRESHOLD_ML>0</SIGNATURE_THRESHOLD_ML>
		<SIGNATURE_THRESHOLD_SAM>0</SIGNATURE_THRESHOLD_SAM>
	</signature>
	<signature ID="20210201_114910770735_586">
		<MACROCLASSID>1</MACROCLASSID>
		<MACROCLASSINFO>waterbody</MACROCLASSINFO>
		<CLASSID>14</CLASSID>
		<CLASSINFO>C 1</CLASSINFO>
		<VALUES>[0.13997179004389637, 0.0030524766062808044, 0.12580737651555537, 0.005207898704379761, 0.10247940161785532, 0.015593693455134923, 0.08094033688749148, 0.03854543914307547, 0.024665189509026027, 0.020958565981786217, 0.013128570747494364, 0.010556863192135982]</VALUES>
		<LCS_MIN>[0.12508320808410645, 0.10610319674015045, 0.06978911906480789, 0.03698915243148804, 0.0023763314820826054, 0.0]</LCS_MIN>
		<LCS_MAX>[0.15226919949054718, 0.14394454658031464, 0.1431528776884079, 0.13667644560337067, 0.09736451506614685, 0.08373355120420456]</LCS_MAX>
		<WAVELENGTH>[0.485, 0.56, 0.66, 0.83, 1.65, 2.215]</WAVELENGTH>
		<MEAN_VALUE>[0.13997179004389637, 0.12580737651555537, 0.10247940161785532, 0.08094033688749148, 0.024665189509026027, 0.013128570747494364]</MEAN_VALUE>
		<CHECKBOX>2</CHECKBOX>
		<SD>[0.0030524766062808044, 0.005207898704379761, 0.015593693455134923, 0.03854543914307547, 0.020958565981786217, 0.010556863192135982]</SD>
		<WAVELENGTH_UNIT>E-6m</WAVELENGTH_UNIT>
		<COLOR>#34e669</COLOR>
		<COVARIANCE_MATRIX>[[1.026002879370233e-05, 8.707248039319437e-06, 9.814448915282693e-06, 9.16294499481342e-06, 1.3311454014876946e-06, 7.369382189649601e-07], [8.707248039319437e-06, 2.8948876593468882e-05, 6.0594491310371784e-05, 9.310010062842329e-05, 2.4300789193292105e-05, 1.0309024978631155e-05], [9.814448915282693e-06, 6.0594491310371784e-05, 0.0002446077889678365, 0.0005040328948443922, 0.00017567977470308053, 7.842416423972381e-05], [9.16294499481342e-06, 9.310010062842329e-05, 0.0005040328948443922, 0.00137813350400907, 0.0005701385320322227, 0.00025975934453830086], [1.3311454014876946e-06, 2.4300789193292105e-05, 0.00017567977470308053, 0.0005701385320322227, 0.00035798991077569734, 0.00017038212103715942], [7.369382189649601e-07, 1.0309024978631155e-05, 7.842416423972381e-05, 0.00025975934453830086, 0.00017038212103715942, 9.236669399711645e-05]]</COVARIANCE_MATRIX>
		<ROI_SIZE>4919</ROI_SIZE>
		<MAX_VALUE>[0.15226919949054718, 0.14394454658031464, 0.1431528776884079, 0.13667644560337067, 0.09736451506614685, 0.08373355120420456]</MAX_VALUE>
		<MIN_VALUE>[0.12508320808410645, 0.10610319674015045, 0.06978911906480789, 0.03698915243148804, 0.0023763314820826054, 0.0]</MIN_VALUE>
		<SIGNATURE_THRESHOLD_MD>0</SIGNATURE_THRESHOLD_MD>
		<SIGNATURE_THRESHOLD_ML>0</SIGNATURE_THRESHOLD_ML>
		<SIGNATURE_THRESHOLD_SAM>0</SIGNATURE_THRESHOLD_SAM>
	</signature>
	<signature ID="20210201_114921702067_736">
		<MACROCLASSID>1</MACROCLASSID>
		<MACROCLASSINFO>waterbody</MACROCLASSINFO>
		<CLASSID>15</CLASSID>
		<CLASSINFO>C 1</CLASSINFO>
		<VALUES>[0.1516419981472097, 0.009154387001520783, 0.14664218827724154, 0.01600766496798321, 0.12020146110660383, 0.028056347529719687, 0.07745174676033487, 0.051349742105210046, 0.018295720674597764, 0.01792984729367357, 0.009623542680165138, 0.007765156289332898]</VALUES>
		<LCS_MIN>[0.12145841121673584, 0.10231905430555344, 0.08254802972078323, 0.04496413469314575, 0.0, 0.0]</LCS_MIN>
		<LCS_MAX>[0.1830800175666809, 0.20070655643939972, 0.1973782628774643, 0.22041380405426025, 0.09736451506614685, 0.05423915386199951]</LCS_MAX>
		<WAVELENGTH>[0.485, 0.56, 0.66, 0.83, 1.65, 2.215]</WAVELENGTH>
		<MEAN_VALUE>[0.1516419981472097, 0.14664218827724154, 0.12020146110660383, 0.07745174676033487, 0.018295720674597764, 0.009623542680165138]</MEAN_VALUE>
		<CHECKBOX>2</CHECKBOX>
		<SD>[0.009154387001520783, 0.01600766496798321, 0.028056347529719687, 0.051349742105210046, 0.01792984729367357, 0.007765156289332898]</SD>
		<WAVELENGTH_UNIT>E-6m</WAVELENGTH_UNIT>
		<COLOR>#487f1c</COLOR>
		<COVARIANCE_MATRIX>[[0.00013001755052928813, 0.0002172543541438608, 0.00036644290963659123, 0.000596282510407603, 0.00012414803296030504, 4.0798426268118376e-05], [0.0002172543541438608, 0.00038876734118164136, 0.0006513090766769493, 0.0010658453981516392, 0.00021820202863939402, 7.09485518857812e-05], [0.00036644290963659123, 0.0006513090766769493, 0.001156900347596174, 0.002040438778090332, 0.00045752571002912216, 0.0001535447532818054], [0.000596282510407603, 0.0010658453981516392, 0.002040438778090332, 0.004456032898965419, 0.0012182788422724486, 0.00043190820213823405], [0.00012414803296030504, 0.00021820202863939402, 0.00045752571002912216, 0.0012182788422724486, 0.0005200477773749956, 0.0002017521453843496], [4.0798426268118376e-05, 7.09485518857812e-05, 0.0001535447532818054, 0.00043190820213823405, 0.0002017521453843496, 9.008742596960358e-05]]</COVARIANCE_MATRIX>
		<ROI_SIZE>1792</ROI_SIZE>
		<MAX_VALUE>[0.1830800175666809, 0.20070655643939972, 0.1973782628774643, 0.22041380405426025, 0.09736451506614685, 0.05423915386199951]</MAX_VALUE>
		<MIN_VALUE>[0.12145841121673584, 0.10231905430555344, 0.08254802972078323, 0.04496413469314575, 0.0, 0.0]</MIN_VALUE>
		<SIGNATURE_THRESHOLD_MD>0</SIGNATURE_THRESHOLD_MD>
		<SIGNATURE_THRESHOLD_ML>0</SIGNATURE_THRESHOLD_ML>
		<SIGNATURE_THRESHOLD_SAM>0</SIGNATURE_THRESHOLD_SAM>
	</signature>
	<signature ID="20210201_121849325258_493">
		<MACROCLASSID>1</MACROCLASSID>
		<MACROCLASSINFO>waterbody</MACROCLASSINFO>
		<CLASSID>16</CLASSID>
		<CLASSINFO>C 1</CLASSINFO>
		<VALUES>[0.13446253086424947, 0.002782665746502817, 0.09737345194659232, 0.0025681406085019615, 0.06690995286375583, 0.0020192533504784405, 0.045983379543221084, 0.0018233157498639477, 0.017726865809459945, 0.002460920892535872, 0.011481682964671305, 0.002865103886551393]</VALUES>
		<LCS_MIN>[0.12327080965042114, 0.08718250691890717, 0.060219939798116684, 0.040976643562316895, 0.007510827388614416, 0.0]</LCS_MIN>
		<LCS_MAX>[0.14320720732212067, 0.10610319674015045, 0.07616858929395676, 0.05692661553621292, 0.028048813343048096, 0.02474476397037506]</LCS_MAX>
		<WAVELENGTH>[0.485, 0.56, 0.66, 0.83, 1.65, 2.215]</WAVELENGTH>
		<MEAN_VALUE>[0.13446253086424947, 0.09737345194659232, 0.06690995286375583, 0.045983379543221084, 0.017726865809459945, 0.011481682964671305]</MEAN_VALUE>
		<CHECKBOX>2</CHECKBOX>
		<SD>[0.002782665746502817, 0.0025681406085019615, 0.0020192533504784405, 0.0018233157498639477, 0.002460920892535872, 0.002865103886551393]</SD>
		<WAVELENGTH_UNIT>E-6m</WAVELENGTH_UNIT>
		<COLOR>#ef1703</COLOR>
