<?xml version="1.0" ?>
<signaturelist MCID_LIST="[['1', 'waterbody', '#000000'], ['2', 'vegetation', '#000000'], ['3', 'bareland', '#000000'], ['4', 'built-up', '#000000']]">
	<signature ID="20210201_113548702290_642">
		<MACROCLASSID>1</MACROCLASSID>
		<MACROCLASSINFO>waterbody</MACROCLASSINFO>
		<CLASSID>1</CLASSID>
		<CLASSINFO>C 1</CLASSINFO>
		<VALUES>[0.12837893030345135, 0.0027966240903779453, 0.11128866726425983, 0.005094171644080156, 0.08422427253886192, 0.010845767541194627, 0.047717090302971756, 0.01377706442846524, 0.008954158655045294, 0.0036939228578001227, 0.005400981638168638, 0.0031253387537856325]</VALUES>
		<LCS_MIN>[0.11964601278305054, 0.09853491932153702, 0.060219939798116684, 0.03300165757536888, 0.0, 0.0]</LCS_MIN>
		<LCS_MAX>[0.13958241045475006, 0.12502387166023254, 0.11444532126188278, 0.08882653713226318, 0.056288544088602066, 0.02474476397037506]</LCS_MAX>
		<WAVELENGTH>[0.485, 0.56, 0.66, 0.83, 1.65, 2.215]</WAVELENGTH>
		<MEAN_VALUE>[0.12837893030345135, 0.11128866726425983, 0.08422427253886192, 0.047717090302971756, 0.008954158655045294, 0.005400981638168638]</MEAN_VALUE>
		<CHECKBOX>2</CHECKBOX>
		<SD>[0.0027966240903779453, 0.005094171644080156, 0.010845767541194627, 0.01377706442846524, 0.0036939228578001227, 0.0031253387537856325]</SD>
		<WAVELENGTH_UNIT>E-6m</WAVELENGTH_UNIT>
		<COLOR>#2d66ec</COLOR>
		<COVARIANCE_MATRIX>[[7.130452559067635e-06, 6.796556135668652e-06, 1.2498611795308534e-05, 9.876218427962158e-06, 6.994451382524858e-07, 4.826733857044019e-07], [6.796556135668652e-06, 2.2843765691504814e-05, 3.531542461132631e-05, 2.3748116291244514e-05, 1.1336693432895117e-06, 8.62855188188405e-07], [1.2498611795308534e-05, 3.531542461132631e-05, 9.908308129524812e-05, 9.703203977551311e-05, 6.327913979475852e-06, 2.348626821913058e-06], [9.876218427962158e-06, 2.3748116291244514e-05, 9.703203977551311e-05, 0.00019030392286367714, 1.7861812011688016e-05, 6.191325610416243e-06], [6.994451382524858e-07, 1.1336693432895117e-06, 6.327913979475852e-06, 1.7861812011688016e-05, 1.3303310879564378e-05, 4.1007028812600765e-06], [4.826733857044019e-07, 8.62855188188405e-07, 2.348626821913058e-06, 6.191325610416243e-06, 4.1007028812600765e-06, 9.81974972091848e-06]]</COVARIANCE_MATRIX>
		<ROI_SIZE>9084</ROI_SIZE>
		<MAX_VALUE>[0.13958241045475006, 0.12502387166023254, 0.11444532126188278, 0.08882653713226318, 0.056288544088602066, 0.02474476397037506]</MAX_VALUE>
		<MIN_VALUE>[0.11964601278305054, 0.09853491932153702, 0.060219939798116684, 0.03300165757536888, 0.0, 0.0]</MIN_VALUE>
		<SIGNATURE_THRESHOLD_MD>0.0</SIGNATURE_THRESHOLD_MD>
		<SIGNATURE_THRESHOLD_ML>0.0</SIGNATURE_THRESHOLD_ML>
		<SIGNATURE_THRESHOLD_SAM>0.0</SIGNATURE_THRESHOLD_SAM>
	</signature>
	<signature ID="20210201_113557238456_691">
		<MACROCLASSID>1</MACROCLASSID>
		<MACROCLASSINFO>waterbody</MACROCLASSINFO>
		<CLASSID>2</CLASSID>
		<CLASSINFO>C 1</CLASSINFO>
		<VALUES>[0.12732944379406622, 0.0029256076147872066, 0.11060243857892472, 0.005685278651810518, 0.0860240906887636, 0.01274376115423346, 0.05680729977375873, 0.015543231111969704, 0.013266061002197942, 0.0076347501349860155, 0.0072422616227757215, 0.0047539244825685915]</VALUES>
		<LCS_MIN>[0.11964601278305054, 0.09853491932153702, 0.06340967118740082, 0.03698915243148804, 0.0, 0.0]</LCS_MIN>
		<LCS_MAX>[0.13958241045475006, 0.12502387166023254, 0.11444532126188278, 0.10078902542591095, 0.06142304092645645, 0.03949196636676788]</LCS_MAX>
		<WAVELENGTH>[0.485, 0.56, 0.66, 0.83, 1.65, 2.215]</WAVELENGTH>
		<MEAN_VALUE>[0.12732944379406622, 0.11060243857892472, 0.0860240906887636, 0.05680729977375873, 0.013266061002197942, 0.0072422616227757215]</MEAN_VALUE>
		<CHECKBOX>2</CHECKBOX>
		<SD>[0.0029256076147872066, 0.005685278651810518, 0.01274376115423346, 0.015543231111969704, 0.0076347501349860155, 0.0047539244825685915]</SD>
		<WAVELENGTH_UNIT>E-6m</WAVELENGTH_UNIT>
		<COLOR>#611935</COLOR>
		<COVARIANCE_MATRIX>[[8.577412700105924e-06, 1.0876722626562696e-05, 2.3003451133263297e-05, 2.1627716705552302e-05, 5.849891749676317e-06, 3.0162950679368805e-06], [1.0876722626562696e-05, 3.473973993095569e-05, 6.705398118356243e-05, 6.278012733673677e-05, 1.7066749933292158e-05, 8.293513928947505e-06], [2.3003451133263297e-05, 6.705398118356243e-05, 0.00016782846068963408, 0.00016636755026411265, 4.661111961468123e-05, 2.2334172172122635e-05], [2.1627716705552302e-05, 6.278012733673677e-05, 0.00016636755026411265, 0.00022854795679450035, 7.348962390096858e-05, 3.530297180986963e-05], [5.849891749676317e-06, 1.7066749933292158e-05, 4.661111961468123e-05, 7.348962390096858e-05, 4.949745562043972e-05, 2.3013739337329753e-05], [3.0162950679368805e-06, 8.293513928947505e-06, 2.2334172172122635e-05, 3.530297180986963e-05, 2.3013739337329753e-05, 2.0061841496499255e-05]]</COVARIANCE_MATRIX>
		<ROI_SIZE>2461</ROI_SIZE>
		<MAX_VALUE>[0.13958241045475006, 0.12502387166023254, 0.11444532126188278, 0.10078902542591095, 0.06142304092645645, 0.03949196636676788]</MAX_VALUE>
		<MIN_VALUE>[0.11964601278305054, 0.09853491932153702, 0.06340967118740082, 0.03698915243148804, 0.0, 0.0]</MIN_VALUE>
		<SIGNATURE_THRESHOLD_MD>0.0</SIGNATURE_THRESHOLD_MD>
		<SIGNATURE_THRESHOLD_ML>0.0</SIGNATURE_THRESHOLD_ML>
		<SIGNATURE_THRESHOLD_SAM>0.0</SIGNATURE_THRESHOLD_SAM>
	</signature>
	<signature ID="20210201_113608659980_387">
		<MACROCLASSID>1</MACROCLASSID>
		<MACROCLASSINFO>waterbody</MACROCLASSINFO>
		<CLASSID>3</CLASSID>
		<CLASSINFO>C 1</CLASSINFO>
		<VALUES>[0.13242303651932216, 0.004160343743474958, 0.12105523679412133, 0.006958866419450731, 0.1093918488484977, 0.00881236038836644, 0.12095261296730088, 0.02213842390176937, 0.040618250128106416, 0.01971674488395006, 0.018100920061477833, 0.009376612269005281]</VALUES>
		<LCS_MIN>[0.11783360689878464, 0.10610319674015045, 0.0889275074005127, 0.0688890889286995, 0.0023763314820826054, 0.0]</LCS_MIN>
		<LCS_MAX>[0.14501962065696716, 0.14394454658031464, 0.13996315002441406, 0.16458889842033386, 0.08452827483415604, 0.05423915386199951]</LCS_MAX>
		<WAVELENGTH>[0.485, 0.56, 0.66, 0.83, 1.65, 2.215]</WAVELENGTH>
		<MEAN_VALUE>[0.13242303651932216, 0.12105523679412133, 0.1093918488484977, 0.12095261296730088, 0.040618250128106416, 0.018100920061477833]</MEAN_VALUE>
		<CHECKBOX>2</CHECKBOX>
		<SD>[0.004160343743474958, 0.006958866419450731, 0.00881236038836644, 0.02213842390176937, 0.01971674488395006, 0.009376612269005281]</SD>
		<WAVELENGTH_UNIT>E-6m</WAVELENGTH_UNIT>
		<COLOR>#ff134d</COLOR>
		<COVARIANCE_MATRIX>[[1.7998743714997545e-05, 2.3472142856917344e-05, 2.8244576242286712e-05, 1.595966750755906e-05, 1.6566196791245602e-05, 5.314630016073352e-06], [2.3472142856917344e-05, 4.963683386449702e-05, 5.689590034307912e-05, 5.569109634961933e-05, 4.663724030251615e-05, 1.7433063476346433e-05], [2.8244576242286712e-05, 5.689590034307912e-05, 7.928958802949637e-05, 8.791571599431336e-05, 7.180796092143282e-05, 2.8663891498581506e-05], [1.595966750755906e-05, 5.569109634961933e-05, 8.791571599431336e-05, 0.0004950002767145634, 0.00036281379288993776, 0.00015049989451654255], [1.6566196791245602e-05, 4.663724030251615e-05, 7.180796092143282e-05, 0.00036281379288993776, 0.00039053306682035327, 0.0001734628895064816], [5.314630016073352e-06, 1.7433063476346433e-05, 2.8663891498581506e-05, 0.00015049989451654255, 0.0001734628895064816, 8.996888209367171e-05]]</COVARIANCE_MATRIX>
		<ROI_SIZE>6639</ROI_SIZE>
		<MAX_VALUE>[0.14501962065696716, 0.14394454658031464, 0.13996315002441406, 0.16458889842033386, 0.08452827483415604, 0.05423915386199951]</MAX_VALUE>
		<MIN_VALUE>[0.11783360689878464, 0.10610319674015045, 0.0889275074005127, 0.0688890889286995, 0.0023763314820826054, 0.0]</MIN_VALUE>
		<SIGNATURE_THRESHOLD_MD>0.0</SIGNATURE_THRESHOLD_MD>
		<SIGNATURE_THRESHOLD_ML>0.0</SIGNATURE_THRESHOLD_ML>
		<SIGNATURE_THRESHOLD_SAM>0.0</SIGNATURE_THRESHOLD_SAM>
	</signature>
	<signature ID="20210201_113623933787_729">
		<MACROCLASSID>1</MACROCLASSID>
		<MACROCLASSINFO>waterbody</MACROCLASSINFO>
		<CLASSID>4</CLASSID>
		<CLASSINFO>C 1</CLASSINFO>
		<VALUES>[0.12442397244956942, 0.0029751364643519035, 0.09655952571543056, 0.005512390365845121, 0.06011884882826489, 0.006810766397012209, 0.038571804770466955, 0.004945234419799768, 0.009553375848355656, 0.003814443766606862, 0.005915021641128098, 0.003462343741648385]</VALUES>
		<LCS_MIN>[0.11239641904830933, 0.07961423695087433, 0.05065074935555458, 0.02901417203247547, 0.0, 0.0]</LCS_MIN>
		<LCS_MAX>[0.14139480888843536, 0.13259214162826538, 0.10806585848331451, 0.08483905345201492, 0.056288544088602066, 0.03949196636676788]</LCS_MAX>
		<WAVELENGTH>[0.485, 0.56, 0.66, 0.83, 1.65, 2.215]</WAVELENGTH>
		<MEAN_VALUE>[0.12442397244956942, 0.09655952571543056, 0.06011884882826489, 0.038571804770466955, 0.009553375848355656, 0.005915021641128098]</MEAN_VALUE>
		<CHECKBOX>2</CHECKBOX>
		<SD>[0.0029751364643519035, 0.005512390365845121, 0.006810766397012209, 0.004945234419799768, 0.003814443766606862, 0.003462343741648385]</SD>
		<WAVELENGTH_UNIT>E-6m</WAVELENGTH_UNIT>
		<COLOR>#418bcb</COLOR>
		<COVARIANCE_MATRIX>[[8.678078302182257e-06, 9.920146112563089e-06, 1.0076783837575931e-05, 3.1354913971881615e-06, 8.461930747216684e-07, 4.942488658343791e-07], [9.920146112563089e-06, 2.8164155082777143e-05, 2.8138902052887715e-05, 1.2966939721081872e-05, 4.959664238413097e-06, 2.712078412514529e-06], [1.0076783837575931e-05, 2.8138902052887715e-05, 4.163083212915808e-05, 2.3318498278968036e-05, 1.1568771697056945e-05, 6.253588253457565e-06], [3.1354913971881615e-06, 1.2966939721081872e-05, 2.3318498278968036e-05, 3.2837106118677184e-05, 1.9479906768538058e-05, 1.0868495337490458e-05], [8.461930747216684e-07, 4.959664238413097e-06, 1.1568771697056945e-05, 1.9479906768538058e-05, 2.2495487428386696e-05, 1.057864119502483e-05], [4.942488658343791e-07, 2.712078412514529e-06, 6.253588253457565e-06, 1.0868495337490458e-05, 1.057864119502483e-05, 1.4243949408410117e-05]]</COVARIANCE_MATRIX>
		<ROI_SIZE>8564</ROI_SIZE>
		<MAX_VALUE>[0.14139480888843536, 0.13259214162826538, 0.10806585848331451, 0.08483905345201492, 0.056288544088602066, 0.03949196636676788]</MAX_VALUE>
		<MIN_VALUE>[0.11239641904830933, 0.07961423695087433, 0.05065074935555458, 0.02901417203247547, 0.0, 0.0]</MIN_VALUE>
		<SIGNATURE_THRESHOLD_MD>0.0</SIGNATURE_THRESHOLD_MD>
		<SIGNATURE_THRESHOLD_ML>0.0</SIGNATURE_THRESHOLD_ML>
		<SIGNATURE_THRESHOLD_SAM>0.0</SIGNATURE_THRESHOLD_SAM>
	</signature>
	<signature ID="20210201_113628715191_511">
		<MACROCLASSID>1</MACROCLASSID>
		<MACROCLASSINFO>waterbody</MACROCLASSINFO>
		<CLASSID>5</CLASSID>
		<CLASSINFO>C 1</CLASSINFO>
		<VALUES>[0.12427220296494064, 0.002895630166433341, 0.09562612092280245, 0.004940397811500707, 0.05880626729939179, 0.005801714732532201, 0.03815901516607004, 0.005088374626424519, 0.009317902553961453, 0.0038318617338189346, 0.0056980506791722485, 0.003427279007103941]</VALUES>
		<LCS_MIN>[0.11239641904830933, 0.08339837193489075, 0.05065074935555458, 0.02901417203247547, 0.0, 0.0]</LCS_MIN>
		<LCS_MAX>[0.14139480888843536, 0.12880800664424896, 0.10806585848331451, 0.08483905345201492, 0.056288544088602066, 0.03949196636676788]</LCS_MAX>
		<WAVELENGTH>[0.485, 0.56, 0.66, 0.83, 1.65, 2.215]</WAVELENGTH>
		<MEAN_VALUE>[0.12427220296494064, 0.09562612092280245, 0.05880626729939179, 0.03815901516607004, 0.009317902553961453, 0.0056980506791722485]</MEAN_VALUE>
		<CHECKBOX>2</CHECKBOX>
		<SD>[0.002895630166433341, 0.004940397811500707, 0.005801714732532201, 0.005088374626424519, 0.0038318617338189346, 0.003427279007103941]</SD>
		<WAVELENGTH_UNIT>E-6m</WAVELENGTH_UNIT>
		<COLOR>#8ea7b5</COLOR>
		<COVARIANCE_MATRIX>[[9.351253538625315e-06, 9.80292315944098e-06, 8.726739906705916e-06, 1.1549187775017344e-06, 1.4092221078954026e-07, 3.2308631148225686e-07], [9.80292315944098e-06, 2.5047498638741672e-05, 2.0595833120751195e-05, 7.058707979012979e-06, 2.009583567996742e-06, 1.421130946255289e-06], [8.726739906705916e-06, 2.0595833120751195e-05, 2.6315061404602602e-05, 1.0514868336031213e-05, 4.487598289415473e-06, 2.744428456935566e-06], [1.1549187775017344e-06, 7.058707979012979e-06, 1.0514868336031213e-05, 1.6962489098659717e-05, 7.002418442425551e-06, 3.6230217119737063e-06], [1.4092221078954026e-07, 2.009583567996742e-06, 4.487598289415473e-06, 7.002418442425551e-06, 1.1041172911063768e-05, 3.979840130341472e-06], [3.2308631148225686e-07, 1.421130946255289e-06, 2.744428456935566e-06, 3.6230217119737063e-06, 3.979840130341472e-06, 1.0340610060666222e-05]]</COVARIANCE_MATRIX>
		<ROI_SIZE>9748</ROI_SIZE>
		<MAX_VALUE>[0.14139480888843536, 0.12880800664424896, 0.10806585848331451, 0.08483905345201492, 0.056288544088602066, 0.03949196636676788]</MAX_VALUE>
		<MIN_VALUE>[0.11239641904830933, 0.08339837193489075, 0.05065074935555458, 0.02901417203247547, 0.0, 0.0]</MIN_VALUE>
		<SIGNATURE_THRESHOLD_MD>0.0</SIGNATURE_THRESHOLD_MD>
		<SIGNATURE_THRESHOLD_ML>0.0</SIGNATURE_THRESHOLD_ML>
		<SIGNATURE_THRESHOLD_SAM>0.0</SIGNATURE_THRESHOLD_SAM>
	</signature>
	<signature ID="20210201_113641009549_951">
		<MACROCLASSID>1</MACROCLASSID>
		<MACROCLASSINFO>waterbody</MACROCLASSINFO>
		<CLASSID>6</CLASSID>
		<CLASSINFO>C 1</CLASSINFO>
		<VALUES>[0.11972077420404137, 0.004220758044941813, 0.09465542741178895, 0.00840359148029607, 0.0641751794564276, 0.013131178694953321, 0.03941600393406264, 0.007632191084134044, 0.008182654907581364, 0.003169028115700586, 0.004700834899887157, 0.0031385910883999463]</VALUES>
		<LCS_MIN>[0.10877160727977753, 0.0758301168680191, 0.047461021691560745, 0.02901417203247547, 0.0, 0.0]</LCS_MIN>
		<LCS_MAX>[0.13414521515369415, 0.12123973667621613, 0.10806585848331451, 0.08483905345201492, 0.053721293807029724, 0.03211836516857147]</LCS_MAX>
		<WAVELENGTH>[0.485, 0.56, 0.66, 0.83, 1.65, 2.215]</WAVELENGTH>
		<MEAN_VALUE>[0.11972077420404137, 0.09465542741178895, 0.0641751794564276, 0.03941600393406264, 0.008182654907581364, 0.004700834899887157]</MEAN_VALUE>
		<CHECKBOX>2</CHECKBOX>
		<SD>[0.004220758044941813, 0.00840359148029607, 0.013131178694953321, 0.007632191084134044, 0.003169028115700586, 0.0031385910883999463]</SD>
		<WAVELENGTH_UNIT>E-6m</WAVELENGTH_UNIT>
		<COLOR>#35414e</COLOR>
		<COVARIANCE_MATRIX>[[1.6892756320885383e-05, 2.7210477128392085e-05, 4.091420123586431e-05, 1.579919808136765e-05, 1.2678677876465372e-06, 9.556392797094304e-07], [2.7210477128392085e-05, 6.628155097132549e-05, 9.700946975499392e-05, 3.9976344851311296e-05, 3.292680503363954e-06, 1.9310573406983167e-06], [4.091420123586431e-05, 9.700946975499392e-05, 0.0001664148730924353, 7.636020018253475e-05, 6.699768164253328e-06, 3.423382167966338e-06], [1.579919808136765e-05, 3.9976344851311296e-05, 7.636020018253475e-05, 5.996474646963179e-05, 7.583680144307436e-06, 3.5846528589900117e-06], [1.2678677876465372e-06, 3.292680503363954e-06, 6.699768164253328e-06, 7.583680144307436e-06, 1.0057804502139334e-05, 3.5659902550833067e-06], [9.556392797094304e-07, 1.9310573406983167e-06, 3.423382167966338e-06, 3.5846528589900117e-06, 3.5659902550833067e-06, 9.7464026111993e-06]]</COVARIANCE_MATRIX>
		<ROI_SIZE>8085</ROI_SIZE>
		<MAX_VALUE>[0.13414521515369415, 0.12123973667621613, 0.10806585848331451, 0.08483905345201492, 0.053721293807029724, 0.03211836516857147]</MAX_VALUE>
		<MIN_VALUE>[0.10877160727977753, 0.0758301168680191, 0.047461021691560745, 0.02901417203247547, 0.0, 0.0]</MIN_VALUE>
		<SIGNATURE_THRESHOLD_MD>0.0</SIGNATURE_THRESHOLD_MD>
		<SIGNATURE_THRESHOLD_ML>0.0</SIGNATURE_THRESHOLD_ML>
		<SIGNATURE_THRESHOLD_SAM>0.0</SIGNATURE_THRESHOLD_SAM>
	</signature>
	<signature ID="20210201_113651137655_165">
		<MACROCLASSID>1</MACROCLASSID>
		<MACROCLASSINFO>waterbody</MACROCLASSINFO>
		<CLASSID>7</CLASSID>
		<CLASSINFO>C 1</CLASSINFO>
		<VALUES>[0.11837470695739567, 0.0024049866095400183, 0.10062584937220291, 0.0038137402296972893, 0.07653420016322762, 0.010277163265663542, 0.046599523121064114, 0.010182898255729536, 0.00942650738882252, 0.00443409066676877, 0.005164008242342692, 0.0036080402160760454]</VALUES>
		<LCS_MIN>[0.11058400571346283, 0.09096664190292358, 0.060219939798116684, 0.03698915243148804, 0.0, 0.0]</LCS_MIN>
		<LCS_MAX>[0.12689560651779175, 0.11367145925760269, 0.11444532126188278, 0.08882653713226318, 0.04858680069446564, 0.03580516204237938]</LCS_MAX>
		<WAVELENGTH>[0.485, 0.56, 0.66, 0.83, 1.65, 2.215]</WAVELENGTH>
		<MEAN_VALUE>[0.11837470695739567, 0.10062584937220291, 0.07653420016322762, 0.046599523121064114, 0.00942650738882252, 0.005164008242342692]</MEAN_VALUE>
		<CHECKBOX>2</CHECKBOX>
		<SD>[0.0024049866095400183, 0.0038137402296972893, 0.010277163265663542, 0.010182898255729536, 0.00443409066676877, 0.0036080402160760454]</SD>
		<WAVELENGTH_UNIT>E-6m</WAVELENGTH_UNIT>
		<COLOR>#31a852</COLOR>
		<COVARIANCE_MATRIX>[[5.644900738843717e-06, 3.1374745503853774e-06, 8.135250936902594e-06, 5.9424205574032385e-06, 1.6106965858853073e-06, 9.844228543443023e-07], [3.1374745503853774e-06, 1.5165762306423858e-05, 3.1169165595201775e-05, 1.9529023120412603e-05, 3.2190118872676976e-06, 1.4393359606401646e-06], [8.135250936902594e-06, 3.1169165595201775e-05, 0.00010278423724230379, 7.045533129712567e-05, 1.1796815670095384e-05, 5.0799994824046735e-06], [5.9424205574032385e-06, 1.9529023120412603e-05, 7.045533129712567e-05, 9.370203042635694e-05, 2.3660104488953948e-05, 1.1263623491686303e-05], [1.6106965858853073e-06, 3.2190118872676976e-06, 1.1796815670095384e-05, 2.3660104488953948e-05, 1.901915493363049e-05, 8.14582654129481e-06], [9.844228543443023e-07, 1.4393359606401646e-06, 5.0799994824046735e-06, 1.1263623491686303e-05, 8.14582654129481e-06, 1.2573343155963812e-05]]</COVARIANCE_MATRIX>
		<ROI_SIZE>5533</ROI_SIZE>
		<MAX_VALUE>[0.12689560651779175, 0.11367145925760269, 0.11444532126188278, 0.08882653713226318, 0.04858680069446564, 0.03580516204237938]</MAX_VALUE>
		<MIN_VALUE>[0.11058400571346283, 0.09096664190292358, 0.060219939798116684, 0.03698915243148804, 0.0, 0.0]</MIN_VALUE>
		<SIGNATURE_THRESHOLD_MD>0.0</SIGNATURE_THRESHOLD_MD>
		<SIGNATURE_THRESHOLD_ML>0.0</SIGNATURE_THRESHOLD_ML>
		<SIGNATURE_THRESHOLD_SAM>0.0</SIGNATURE_THRESHOLD_SAM>
	</signature>
	<signature ID="20210201_113659240286_582">
		<MACROCLASSID>1</MACROCLASSID>
		<MACROCLASSINFO>waterbody</MACROCLASSINFO>
		<CLASSID>8</CLASSID>
		<CLASSINFO>C 1</CLASSINFO>
		<VALUES>[0.11822927987179915, 0.0029952496307194326, 0.09719284385835973, 0.005181114698241607, 0.07123285837349343, 0.010653594006597987, 0.04678489305957811, 0.010141117185155583, 0.009779825402212968, 0.004545283491408435, 0.005300840818327299, 0.003492703879307906]</VALUES>
		<LCS_MIN>[0.11058400571346283, 0.08339837193489075, 0.05384048447012901, 0.03698915243148804, 0.0, 0.0]</LCS_MIN>
		<LCS_MAX>[0.12870800495147705, 0.11367145925760269, 0.10487613081932068, 0.09281403571367264, 0.046019550412893295, 0.028431562706828117]</LCS_MAX>
		<WAVELENGTH>[0.485, 0.56, 0.66, 0.83, 1.65, 2.215]</WAVELENGTH>
		<MEAN_VALUE>[0.11822927987179915, 0.09719284385835973, 0.07123285837349343, 0.04678489305957811, 0.009779825402212968, 0.005300840818327299]</MEAN_VALUE>
		<CHECKBOX>2</CHECKBOX>
		<SD>[0.0029952496307194326, 0.005181114698241607, 0.010653594006597987, 0.010141117185155583, 0.004545283491408435, 0.003492703879307906]</SD>
		<WAVELENGTH_UNIT>E-6m</WAVELENGTH_UNIT>
		<COLOR>#846bea</COLOR>
		<COVARIANCE_MATRIX>[[9.45898409554502e-06, 1.07297018985264e-05, 2.0318459064583294e-05, 1.1235440069867764e-05, 2.6923132736556e-06, 1.6321524753948324e-06], [1.07297018985264e-05, 2.8351443688734435e-05, 4.8016776418080553e-05, 2.966789179481566e-05, 6.616744940401986e-06, 3.405446477700025e-06], [2.0318459064583294e-05, 4.8016776418080553e-05, 0.00012030007928842679, 8.586647163610905e-05, 1.9614317352534272e-05, 9.80881304712966e-06], [1.1235440069867764e-05, 2.966789179481566e-05, 8.586647163610905e-05, 0.00010969873983412981, 2.9231887310743332e-05, 1.4168657799018547e-05], [2.6923132736556e-06, 6.616744940401986e-06, 1.9614317352534272e-05, 2.9231887310743332e-05, 1.851477281888947e-05, 7.497873411921319e-06], [1.6321524753948324e-06, 3.405446477700025e-06, 9.80881304712966e-06, 1.4168657799018547e-05, 7.497873411921319e-06, 1.1723582247213926e-05]]</COVARIANCE_MATRIX>
		<ROI_SIZE>4298</ROI_SIZE>
		<MAX_VALUE>[0.12870800495147705, 0.11367145925760269, 0.10487613081932068, 0.09281403571367264, 0.046019550412893295, 0.028431562706828117]</MAX_VALUE>
		<MIN_VALUE>[0.11058400571346283, 0.08339837193489075, 0.05384048447012901, 0.03698915243148804, 0.0, 0.0]</MIN_VALUE>
		<SIGNATURE_THRESHOLD_MD>0.0</SIGNATURE_THRESHOLD_MD>
		<SIGNATURE_THRESHOLD_ML>0.0</SIGNATURE_THRESHOLD_ML>
		<SIGNATURE_THRESHOLD_SAM>0.0</SIGNATURE_THRESHOLD_SAM>
	</signature>
	<signature ID="20210201_113707020644_429">
		<MACROCLASSID>1</MACROCLASSID>
		<MACROCLASSINFO>waterbody</MACROCLASSINFO>
		<CLASSID>9</CLASSID>
		<CLASSINFO>C 1</CLASSINFO>
		<VALUES>[0.12253061274841291, 0.0030009364906500836, 0.1044622826299309, 0.005743915837417549, 0.081880455760829, 0.012710481913456728, 0.05237628248544917, 0.013880138924287765, 0.011239439450344483, 0.005954628066675036, 0.005986426319036874, 0.00398911689379189]</VALUES>
		<LCS_MIN>[0.11420881003141403, 0.0947507843375206, 0.06340967118740082, 0.03698915243148804, 0.0, 0.0]</LCS_MIN>
		<LCS_MAX>[0.13233281672000885, 0.12123973667621613, 0.11125560104846954, 0.09680153429508209, 0.06142304092645645, 0.03211836516857147]</LCS_MAX>
		<WAVELENGTH>[0.485, 0.56, 0.66, 0.83, 1.65, 2.215]</WAVELENGTH>
		<MEAN_VALUE>[0.12253061274841291, 0.1044622826299309, 0.081880455760829, 0.05237628248544917, 0.011239439450344483, 0.005986426319036874]</MEAN_VALUE>
		<CHECKBOX>2</CHECKBOX>
		<SD>[0.0030009364906500836, 0.005743915837417549, 0.012710481913456728, 0.013880138924287765, 0.005954628066675036, 0.00398911689379189]</SD>
		<WAVELENGTH_UNIT>E-6m</WAVELENGTH_UNIT>
		<COLOR>#365aa9</COLOR>
		<COVARIANCE_MATRIX>[[1.0632375960994978e-05, 1.387461816193536e-05, 2.9327318770810962e-05, 2.5640521926106885e-05, 7.119106157915667e-06, 3.498581463645678e-06], [1.387461816193536e-05, 3.715861021191813e-05, 7.200342224678025e-05, 5.96136087551713e-05, 1.6261526980088092e-05, 8.064183020906057e-06], [2.9327318770810962e-05, 7.200342224678025e-05, 0.00017608772031962872, 0.00015676606562919915, 4.000477201770991e-05, 2.02353057829896e-05], [2.5640521926106885e-05, 5.96136087551713e-05, 0.00015676606562919915, 0.00020129601762164384, 5.790824070572853e-05, 2.9313045160961337e-05], [7.119106157915667e-06, 1.6261526980088092e-05, 4.000477201770991e-05, 5.790824070572853e-05, 3.742177796084434e-05, 1.7427804777980782e-05], [3.498581463645678e-06, 8.064183020906057e-06, 2.02353057829896e-05, 2.9313045160961337e-05, 1.7427804777980782e-05, 1.7532922356622294e-05]]</COVARIANCE_MATRIX>
		<ROI_SIZE>3416</ROI_SIZE>
		<MAX_VALUE>[0.13233281672000885, 0.12123973667621613, 0.11125560104846954, 0.09680153429508209, 0.06142304092645645, 0.03211836516857147]</MAX_VALUE>
		<MIN_VALUE>[0.11420881003141403, 0.0947507843375206, 0.06340967118740082, 0.03698915243148804, 0.0, 0.0]</MIN_VALUE>
		<SIGNATURE_THRESHOLD_MD>0.0</SIGNATURE_THRESHOLD_MD>
		<SIGNATURE_THRESHOLD_ML>0.0</SIGNATURE_THRESHOLD_ML>
		<SIGNATURE_THRESHOLD_SAM>0.0</SIGNATURE_THRESHOLD_SAM>
	</signature>
	<signature ID="20210201_113714689161_336">
		<MACROCLASSID>1</MACROCLASSID>
		<MACROCLASSINFO>waterbody</MACROCLASSINFO>
		<CLASSID>10</CLASSID>
		<CLASSINFO>C 1</CLASSINFO>
		<VALUES>[0.12549973812295706, 0.002344648596182719, 0.11060170423642063, 0.003387952272016652, 0.0889056805322499, 0.008881171904983238, 0.06624894257935539, 0.015890904610169756, 0.01743564770586289, 0.008915920533310653, 0.008492741099955008, 0.005283612511225804]</VALUES>
		<LCS_MIN>[0.11602120846509933, 0.10231905430555344, 0.07297884672880173, 0.04895162582397461, 0.0023763314820826054, 0.0]</LCS_MIN>
		<LCS_MAX>[0.13414521515369415, 0.12123973667621613, 0.11444532126188278, 0.10876400768756866, 0.06142304092645645, 0.03211836516857147]</LCS_MAX>
		<WAVELENGTH>[0.485, 0.56, 0.66, 0.83, 1.65, 2.215]</WAVELENGTH>
		<MEAN_VALUE>[0.12549973812295706, 0.11060170423642063, 0.0889056805322499, 0.06624894257935539, 0.01743564770586289, 0.008492741099955008]</MEAN_VALUE>
		<CHECKBOX>2</CHECKBOX>
		<SD>[0.002344648596182719, 0.003387952272016652, 0.008881171904983238, 0.015890904610169756, 0.008915920533310653, 0.005283612511225804]</SD>
		<WAVELENGTH_UNIT>E-6m</WAVELENGTH_UNIT>
		<COLOR>#5fceef</COLOR>
		<COVARIANCE_MATRIX>[[5.5049076763680205e-06, 2.8493655008787755e-06, 6.201967153174337e-06, 6.902551831444725e-06, 4.292905487091048e-06, 2.178622935389285e-06], [2.8493655008787755e-06, 1.149394392996328e-05, 2.0386400137795135e-05, 2.8470443794503808e-05, 1.2822228200093377e-05, 6.122248123574536e-06], [6.201967153174337e-06, 2.0386400137795135e-05, 7.898326293798164e-05, 0.00011753221770050004, 5.058370516053401e-05, 2.4650840714457445e-05], [6.902551831444725e-06, 2.8470443794503808e-05, 0.00011753221770050004, 0.00025286676827818155, 0.00012154001160524786, 5.8548645029077306e-05], [4.292905487091048e-06, 1.2822228200093377e-05, 5.058370516053401e-05, 0.00012154001160524786, 7.960253424244002e-05, 3.6946512409485877e-05], [2.178622935389285e-06, 6.122248123574536e-06, 2.4650840714457445e-05, 5.8548645029077306e-05, 3.6946512409485877e-05, 2.795480213535484e-05]]</COVARIANCE_MATRIX>
		<ROI_SIZE>731</ROI_SIZE>
		<MAX_VALUE>[0.13414521515369415, 0.12123973667621613, 0.11444532126188278, 0.10876400768756866, 0.06142304092645645, 0.03211836516857147]</MAX_VALUE>
		<MIN_VALUE>[0.11602120846509933, 0.10231905430555344, 0.07297884672880173, 0.04895162582397461, 0.0023763314820826054, 0.0]</MIN_VALUE>
		<SIGNATURE_THRESHOLD_MD>0.0</SIGNATURE_THRESHOLD_MD>
		<SIGNATURE_THRESHOLD_ML>0.0</SIGNATURE_THRESHOLD_ML>
		<SIGNATURE_THRESHOLD_SAM>0.0</SIGNATURE_THRESHOLD_SAM>
	</signature>
	<signature ID="20210201_113724986581_118">
		<MACROCLASSID>1</MACROCLASSID>
		<MACROCLASSINFO>waterbody</MACROCLASSINFO>
		<CLASSID>11</CLASSID>
		<CLASSINFO>C 1</CLASSINFO>
		<VALUES>[0.13000481562881655, 0.002708752903774823, 0.11833638738005844, 0.0035953693671306663, 0.09727991296877635, 0.0077136135521513535, 0.066964091644783, 0.01519955002435067, 0.016180823160664597, 0.008708407550070208, 0.008422316865923266, 0.005593109052980084]</VALUES>
		<LCS_MIN>[0.12145841121673584, 0.10988732427358627, 0.08254802972078323, 0.04895162582397461, 0.004943579435348511, 0.0]</LCS_MIN>
		<LCS_MAX>[0.13777001202106476, 0.12880800664424896, 0.11444532126188278, 0.10477651655673981, 0.053721293807029724, 0.03949196636676788]</LCS_MAX>
		<WAVELENGTH>[0.485, 0.56, 0.66, 0.83, 1.65, 2.215]</WAVELENGTH>
		<MEAN_VALUE>[0.13000481562881655, 0.11833638738005844, 0.09727991296877635, 0.066964091644783, 0.016180823160664597, 0.008422316865923266]</MEAN_VALUE>
		<CHECKBOX>2</CHECKBOX>
		<SD>[0.002708752903774823, 0.0035953693671306663, 0.0077136135521513535, 0.01519955002435067, 0.008708407550070208, 0.005593109052980084]</SD>
		<WAVELENGTH_UNIT>E-6m</WAVELENGTH_UNIT>
		<COLOR>#82921d</COLOR>
		<COVARIANCE_MATRIX>[[8.76225658430485e-06, 5.717925432691118e-06, 4.884009285888169e-06, 8.926896839511755e-07, -3.0185990453901468e-06, -1.7152212876681006e-06], [5.717925432691118e-06, 1.475140561524313e-05, 1.448859620722942e-05, 1.4628521967097186e-05, 1.1976358109677676e-06, 1.8115425604037227e-08], [4.884009285888169e-06, 1.448859620722942e-05, 6.203869997989386e-05, 0.00010200071847066283, 3.4693603083724156e-05, 1.6881205738172866e-05], [8.926896839511755e-07, 1.4628521967097186e-05, 0.00010200071847066283, 0.00024359430244658142, 9.947486978489906e-05, 4.9494788981974125e-05], [-3.0185990453901468e-06, 1.1976358109677676e-06, 3.4693603083724156e-05, 9.947486978489906e-05, 7.094347529346123e-05, 3.537945303833112e-05], [-1.7152212876681006e-06, 1.8115425604037227e-08, 1.6881205738172866e-05, 4.9494788981974125e-05, 3.537945303833112e-05, 2.8152855520602316e-05]]</COVARIANCE_MATRIX>
		<ROI_SIZE>892</ROI_SIZE>
		<MAX_VALUE>[0.13777001202106476, 0.12880800664424896, 0.11444532126188278, 0.10477651655673981, 0.053721293807029724, 0.03949196636676788]</MAX_VALUE>
		<MIN_VALUE>[0.12145841121673584, 0.10988732427358627, 0.08254802972078323, 0.04895162582397461, 0.004943579435348511, 0.0]</MIN_VALUE>
		<SIGNATURE_THRESHOLD_MD>0.0</SIGNATURE_THRESHOLD_MD>
		<SIGNATURE_THRESHOLD_ML>0.0</SIGNATURE_THRESHOLD_ML>
		<SIGNATURE_THRESHOLD_SAM>0.0</SIGNATURE_THRESHOLD_SAM>
	</signature>
	<signature ID="20210201_113737014944_688">
		<MACROCLASSID>1</MACROCLASSID>
		<MACROCLASSINFO>waterbody</MACROCLASSINFO>
		<CLASSID>12</CLASSID>
		<CLASSINFO>C 1</CLASSINFO>
		<VALUES>[0.1287468965653345, 0.0033422767309911803, 0.09804714731669184, 0.004282589108072472, 0.05866113964933671, 0.003334121465433874, 0.036467270241021324, 0.0018178123126171399, 0.009473303755470812, 0.0026037363190081677, 0.0061309305786684315, 0.0029939036953317427]</VALUES>
		<LCS_MIN>[0.11783360689878464, 0.08339837193489075, 0.05065074935555458, 0.03300165757536888, 0.0, 0.0]</LCS_MIN>
		<LCS_MAX>[0.13958241045475006, 0.11367145925760269, 0.07297884672880173, 0.07287657260894775, 0.053721293807029724, 0.03580516204237938]</LCS_MAX>
		<WAVELENGTH>[0.485, 0.56, 0.66, 0.83, 1.65, 2.215]</WAVELENGTH>
		<MEAN_VALUE>[0.1287468965653345, 0.09804714731669184, 0.05866113964933671, 0.036467270241021324, 0.009473303755470812, 0.0061309305786684315]</MEAN_VALUE>
		<CHECKBOX>2</CHECKBOX>
		<SD>[0.0033422767309911803, 0.004282589108072472, 0.003334121465433874, 0.0018178123126171399, 0.0026037363190081677, 0.0029939036953317427]</SD>
		<WAVELENGTH_UNIT>E-6m</WAVELENGTH_UNIT>
		<COLOR>#313827</COLOR>
		<COVARIANCE_MATRIX>[[1.077805609384086e-05, 8.9797895270749e-06, 6.53099050396122e-06, 4.542571048204991e-07, 3.8151458170432306e-07, 3.270787090059457e-07], [8.9797895270749e-06, 1.763514956110157e-05, 9.792383934836835e-06, 8.119317271848558e-07, 2.914790115937649e-07, 3.770060743590875e-07], [6.53099050396122e-06, 9.792383934836835e-06, 1.0709608432080131e-05, 7.106439738890913e-07, 7.792894507474557e-07, 5.498443442775169e-07], [4.542571048204991e-07, 8.119317271848558e-07, 7.106439738890913e-07, 3.1019362722872756e-06, 5.811253345200385e-07, 3.617910522279999e-07], [3.8151458170432306e-07, 2.914790115937649e-07, 7.792894507474557e-07, 5.811253345200385e-07, 6.5084718698926736e-06, 1.5248156159941573e-06], [3.270787090059457e-07, 3.770060743590875e-07, 5.498443442775169e-07, 3.617910522279999e-07, 1.5248156159941573e-06, 8.826080375001766e-06]]</COVARIANCE_MATRIX>
		<ROI_SIZE>10199</ROI_SIZE>
		<MAX_VALUE>[0.13958241045475006, 0.11367145925760269, 0.07297884672880173, 0.07287657260894775, 0.053721293807029724, 0.03580516204237938]</MAX_VALUE>
		<MIN_VALUE>[0.11783360689878464, 0.08339837193489075, 0.05065074935555458, 0.03300165757536888, 0.0, 0.0]</MIN_VALUE>
		<SIGNATURE_THRESHOLD_MD>0.0</SIGNATURE_THRESHOLD_MD>
		<SIGNATURE_THRESHOLD_ML>0.0</SIGNATURE_THRESHOLD_ML>
		<SIGNATURE_THRESHOLD_SAM>0.0</SIGNATURE_THRESHOLD_SAM>
	</signature>
	<signature ID="20210201_113743660363_676">
		<MACROCLASSID>1</MACROCLASSID>
		<MACROCLASSINFO>waterbody</MACROCLASSINFO>
		<CLASSID>13</CLASSID>
		<CLASSINFO>C 1</CLASSINFO>
		<VALUES>[0.13552402394810337, 0.006384113362027211, 0.10768416656967944, 0.012583818622319071, 0.06638850756929407, 0.011502066603016765, 0.04280128085960655, 0.0051174767942661625, 0.013469992492108118, 0.003468822428626029, 0.008744139852295522, 0.0031352081927822333]</VALUES>
		<LCS_MIN>[0.12327080965042114, 0.09096664190292358, 0.05384048447012901, 0.03300165757536888, 0.0023763314820826054, 0.0]</LCS_MIN>
		<LCS_MAX>[0.16133122146129608, 0.1590810865163803, 0.11125560104846954, 0.08882653713226318, 0.06142304092645645, 0.03949196636676788]</LCS_MAX>
		<WAVELENGTH>[0.485, 0.56, 0.66, 0.83, 1.65, 2.215]</WAVELENGTH>
		<MEAN_VALUE>[0.13552402394810337, 0.10768416656967944, 0.06638850756929407, 0.04280128085960655, 0.013469992492108118, 0.008744139852295522]</MEAN_VALUE>
		<CHECKBOX>2</CHECKBOX>
		<SD>[0.006384113362027211, 0.012583818622319071, 0.011502066603016765, 0.0051174767942661625, 0.003468822428626029, 0.0031352081927822333]</SD>
		<WAVELENGTH_UNIT>E-6m</WAVELENGTH_UNIT>
		<COLOR>#03ea8e</COLOR>
		<COVARIANCE_MATRIX>[[3.475336779956706e-05, 6.139244214864448e-05, 4.90406273456756e-05, 1.1209112926735543e-05, 1.9338308447913732e-06, 1.5683774279295903e-07], [6.139244214864448e-05, 0.0001347465586150065, 0.00010897925676545128, 2.7059462809120305e-05, 4.855688530369662e-06, 3.0649741233901295e-07], [4.90406273456756e-05, 0.00010897925676545128, 0.00010776105773402378, 3.0926228646421805e-05, 7.539610123785678e-06, 1.8345010630582692e-06], [1.1209112926735543e-05, 2.7059462809120305e-05, 3.0926228646421805e-05, 1.9516302927513607e-05, 5.7201973504561465e-06, 2.1686394120479235e-06], [1.9338308447913732e-06, 4.855688530369662e-06, 7.539610123785678e-06, 5.7201973504561465e-06, 1.108933338400675e-05, 3.561026687748381e-06], [1.5683774279295903e-07, 3.0649741233901295e-07, 1.8345010630582692e-06, 2.1686394120479235e-06, 3.561026687748381e-06, 9.436319487576839e-06]]</COVARIANCE_MATRIX>
		<ROI_SIZE>8591</ROI_SIZE>
		<MAX_VALUE>[0.16133122146129608, 0.1590810865163803, 0.11125560104846954, 0.08882653713226318, 0.06142304092645645, 0.03949196636676788]</MAX_VALUE>
		<MIN_VALUE>[0.12327080965042114, 0.09096664190292358, 0.05384048447012901, 0.03300165757536888, 0.0023763314820826054, 0.0]</MIN_VALUE>
		<SIGNATURE_THRESHOLD_MD>0.0</SIGNATURE_THRESHOLD_MD>
		<SIGNATURE_THRESHOLD_ML>0.0</SIGNATURE_THRESHOLD_ML>
		<SIGNATURE_THRESHOLD_SAM>0.0</SIGNATURE_THRESHOLD_SAM>
	</signature>
	<signature ID="20210201_114910770735_586">
		<MACROCLASSID>1</MACROCLASSID>
		<MACROCLASSINFO>waterbody</MACROCLASSINFO>
		<CLASSID>14</CLASSID>
		<CLASSINFO>C 1</CLASSINFO>
		<VALUES>[0.13997179004389637, 0.0030524766062808044, 0.12580737651555537, 0.005207898704379761, 0.10247940161785532, 0.015593693455134923, 0.08094033688749148, 0.03854543914307547, 0.024665189509026027, 0.020958565981786217, 0.013128570747494364, 0.010556863192135982]</VALUES>
		<LCS_MIN>[0.12508320808410645, 0.10610319674015045, 0.06978911906480789, 0.03698915243148804, 0.0023763314820826054, 0.0]</LCS_MIN>
		<LCS_MAX>[0.15226919949054718, 0.14394454658031464, 0.1431528776884079, 0.13667644560337067, 0.09736451506614685, 0.08373355120420456]</LCS_MAX>
		<WAVELENGTH>[0.485, 0.56, 0.66, 0.83, 1.65, 2.215]</WAVELENGTH>
		<MEAN_VALUE>[0.13997179004389637, 0.12580737651555537, 0.10247940161785532, 0.08094033688749148, 0.024665189509026027, 0.013128570747494364]</MEAN_VALUE>
		<CHECKBOX>2</CHECKBOX>
		<SD>[0.0030524766062808044, 0.005207898704379761, 0.015593693455134923, 0.03854543914307547, 0.020958565981786217, 0.010556863192135982]</SD>
		<WAVELENGTH_UNIT>E-6m</WAVELENGTH_UNIT>
		<COLOR>#34e669</COLOR>
		<COVARIANCE_MATRIX>[[1.026002883008914e-05, 8.707247616257519e-06, 9.814449185796548e-06, 9.162945389107335e-06, 1.3311454267750378e-06, 7.369382046817918e-07], [8.707247616257519e-06, 2.8948876206413843e-05, 6.059449151507579e-05, 9.310009772889316e-05, 2.430078893667087e-05, 1.0309025128663052e-05], [9.814449185796548e-06, 6.059449151507579e-05, 0.0002446077996864915, 0.0005040328833274543, 0.00017567977192811668, 7.842416380299255e-05], [9.162945389107335e-06, 9.310009772889316e-05, 0.0005040328833274543, 0.001378133543767035, 0.0005701385089196265, 0.0002597593411337584], [1.3311454267750378e-06, 2.430078893667087e-05, 0.00017567977192811668, 0.0005701385089196265, 0.0003579899203032255, 0.00017038211808539927], [7.369382046817918e-07, 1.0309025128663052e-05, 7.842416380299255e-05, 0.0002597593411337584, 0.00017038211808539927, 9.23666957532987e-05]]</COVARIANCE_MATRIX>
		<ROI_SIZE>4919</ROI_SIZE>
		<MAX_VALUE>[0.15226919949054718, 0.14394454658031464, 0.1431528776884079, 0.13667644560337067, 0.09736451506614685, 0.08373355120420456]</MAX_VALUE>
		<MIN_VALUE>[0.12508320808410645, 0.10610319674015045, 0.06978911906480789, 0.03698915243148804, 0.0023763314820826054, 0.0]</MIN_VALUE>
		<SIGNATURE_THRESHOLD_MD>0.0</SIGNATURE_THRESHOLD_MD>
		<SIGNATURE_THRESHOLD_ML>0.0</SIGNATURE_THRESHOLD_ML>
		<SIGNATURE_THRESHOLD_SAM>0.0</SIGNATURE_THRESHOLD_SAM>
	</signature>
	<signature ID="20210201_114921702067_736">
		<MACROCLASSID>1</MACROCLASSID>
		<MACROCLASSINFO>waterbody</MACROCLASSINFO>
		<CLASSID>15</CLASSID>
		<CLASSINFO>C 1</CLASSINFO>
		<VALUES>[0.1516419981472097, 0.009154387001520783, 0.14664218827724154, 0.01600766496798321, 0.12020146110660383, 0.028056347529719687, 0.07745174676033487, 0.051349742105210046, 0.018295720674597764, 0.01792984729367357, 0.009623542680165138, 0.007765156289332898]</VALUES>
		<LCS_MIN>[0.12145841121673584, 0.10231905430555344, 0.08254802972078323, 0.04496413469314575, 0.0, 0.0]</LCS_MIN>
		<LCS_MAX>[0.1830800175666809, 0.20070655643939972, 0.1973782628774643, 0.22041380405426025, 0.09736451506614685, 0.05423915386199951]</LCS_MAX>
		<WAVELENGTH>[0.485, 0.56, 0.66, 0.83, 1.65, 2.215]</WAVELENGTH>
		<MEAN_VALUE>[0.1516419981472097, 0.14664218827724154, 0.12020146110660383, 0.07745174676033487, 0.018295720674597764, 0.009623542680165138]</MEAN_VALUE>
		<CHECKBOX>2</CHECKBOX>
		<SD>[0.009154387001520783, 0.01600766496798321, 0.028056347529719687, 0.051349742105210046, 0.01792984729367357, 0.007765156289332898]</SD>
		<WAVELENGTH_UNIT>E-6m</WAVELENGTH_UNIT>
		<COLOR>#487f1c</COLOR>
		<COVARIANCE_MATRIX>[[0.000130017549963668, 0.00021725436090491712, 0.0003664429241325706, 0.0005962825380265713, 0.00012414803495630622, 4.0798426198307425e-05], [0.00021725436090491712, 0.00038876733742654324, 0.0006513090920634568, 0.0010658453684300184, 0.00021820202528033406, 7.094855391187593e-05], [0.0003664429241325706, 0.0006513090920634568, 0.0011569003108888865, 0.0020404388196766376, 0.00045752571895718575, 0.00015354475181084126], [0.0005962825380265713, 0.0010658453684300184, 0.0020404388196766376, 0.004456032998859882, 0.001218278892338276, 0.0004319082072470337], [0.00012414803495630622, 0.00021820202528033406, 0.00045752571895718575, 0.001218278892338276, 0.0005200477899052203, 0.000201752147404477], [4.0798426198307425e-05, 7.094855391187593e-05, 0.00015354475181084126, 0.0004319082072470337, 0.000201752147404477, 9.00874292710796e-05]]</COVARIANCE_MATRIX>
		<ROI_SIZE>1792</ROI_SIZE>
		<MAX_VALUE>[0.1830800175666809, 0.20070655643939972, 0.1973782628774643, 0.22041380405426025, 0.09736451506614685, 0.05423915386199951]</MAX_VALUE>
		<MIN_VALUE>[0.12145841121673584, 0.10231905430555344, 0.08254802972078323, 0.04496413469314575, 0.0, 0.0]</MIN_VALUE>
		<SIGNATURE_THRESHOLD_MD>0.0</SIGNATURE_THRESHOLD_MD>
		<SIGNATURE_THRESHOLD_ML>0.0</SIGNATURE_THRESHOLD_ML>
		<SIGNATURE_THRESHOLD_SAM>0.0</SIGNATURE_THRESHOLD_SAM>
	</signature>
	<signature ID="20210201_121849325258_493">
		<MACROCLASSID>1</MACROCLASSID>
		<MACROCLASSINFO>waterbody</MACROCLASSINFO>
		<CLASSID>16</CLASSID>
		<CLASSINFO>C 1</CLASSINFO>
		<VALUES>[0.13446253086424947, 0.002782665746502817, 0.09737345194659232, 0.0025681406085019615, 0.06690995286375583, 0.0020192533504784405, 0.045983379543221084, 0.0018233157498639477, 0.017726865809459945, 0.002460920892535872, 0.011481682964671305, 0.002865103886551393]</VALUES>
		<LCS_MIN>[0.12327080965042114, 0.08718250691890717, 0.060219939798116684, 0.040976643562316895, 0.007510827388614416, 0.0]</LCS_MIN>
		<LCS_MAX>[0.14320720732212067, 0.10610319674015045, 0.07616858929395676, 0.05692661553621292, 0.028048813343048096, 0.02474476397037506]</LCS_MAX>
		<WAVELENGTH>[0.485, 0.56, 0.66, 0.83, 1.65, 2.215]</WAVELENGTH>
		<MEAN_VALUE>[0.13446253086424947, 0.09737345194659232, 0.06690995286375583, 0.045983379543221084, 0.017726865809459945, 0.011481682964671305]</MEAN_VALUE>
		<CHECKBOX>2</CHECKBOX>
		<SD>[0.002782665746502817, 0.0025681406085019615, 0.0020192533504784405, 0.0018233157498639477, 0.002460920892535872, 0.002865103886551393]</SD>
		<WAVELENGTH_UNIT>E-6m</WAVELENGTH_UNIT>
		<COLOR>#ef1703</COLOR>
