<?xml version="1.0" ?>
<signaturelist MCID_LIST="[['1', 'waterbody', '#000000'], ['2', 'vegetation', '#000000'], ['3', 'bareland', '#000000'], ['4', 'built-up', '#000000']]">
	<signature ID="20211229_113302534682_845">
		<MACROCLASSID>1</MACROCLASSID>
		<MACROCLASSINFO>waterbody</MACROCLASSINFO>
		<CLASSID>1</CLASSID>
		<CLASSINFO>C 1</CLASSINFO>
		<VALUES>[0.10823717943011109, 0.0028892629054225617, 0.09820399100882582, 0.004245798921135173, 0.09862343194262958, 0.0058330633410813605, 0.14550938984441153, 0.012001881015686713, 0.12917088551789235, 0.010758603931938561, 0.0957981346188287, 0.01192551280852]</VALUES>
		<LCS_MIN>[0.10058199614286423, 0.08753983676433563, 0.08468406647443771, 0.12102220207452774, 0.07861271500587463, 0.048728182911872864]</LCS_MIN>
		<LCS_MAX>[0.11758177727460861, 0.11369160562753677, 0.11942567676305771, 0.17179666459560394, 0.15248079597949982, 0.11821139603853226]</LCS_MAX>
		<WAVELENGTH>[0.48, 0.56, 0.655, 0.865, 1.61, 2.2]</WAVELENGTH>
		<MEAN_VALUE>[0.10823717943011109, 0.09820399100882582, 0.09862343194262958, 0.14550938984441153, 0.12917088551789235, 0.0957981346188287]</MEAN_VALUE>
		<CHECKBOX>2</CHECKBOX>
		<SD>[0.0028892629054225617, 0.004245798921135173, 0.0058330633410813605, 0.012001881015686713, 0.010758603931938561, 0.01192551280852]</SD>
		<WAVELENGTH_UNIT>E-6m</WAVELENGTH_UNIT>
		<COLOR>#dc9da9</COLOR>
		<COVARIANCE_MATRIX>[[8.352396434929688e-06, 1.0817912880156655e-05, 1.60961426445283e-05, 1.5191994862107094e-05, 1.5900941434665583e-05, 1.6699155821697786e-05], [1.0817912880156655e-05, 1.8036647816188633e-05, 2.3278325897990726e-05, 3.444088724791072e-05, 1.4011056919116527e-05, 7.408741566905519e-06], [1.60961426445283e-05, 2.3278325897990726e-05, 3.404320159461349e-05, 3.085997741436586e-05, 2.0132789359195158e-05, 1.785209315130487e-05], [1.5191994862107094e-05, 3.444088724791072e-05, 3.085997741436586e-05, 0.00014412376913242042, 6.378987745847553e-05, 2.688595668587368e-05], [1.5900941434665583e-05, 1.4011056919116527e-05, 2.0132789359195158e-05, 6.378987745847553e-05, 0.00011581074068089947, 0.00011255927529418841], [1.6699155821697786e-05, 7.408741566905519e-06, 1.785209315130487e-05, 2.688595668587368e-05, 0.00011255927529418841, 0.00014229548105504364]]</COVARIANCE_MATRIX>
		<ROI_SIZE>1833</ROI_SIZE>
		<MAX_VALUE>[0.11758177727460861, 0.11369160562753677, 0.11942567676305771, 0.17179666459560394, 0.15248079597949982, 0.11821139603853226]</MAX_VALUE>
		<MIN_VALUE>[0.10058199614286423, 0.08753983676433563, 0.08468406647443771, 0.12102220207452774, 0.07861271500587463, 0.048728182911872864]</MIN_VALUE>
		<SIGNATURE_THRESHOLD_MD>0.0</SIGNATURE_THRESHOLD_MD>
		<SIGNATURE_THRESHOLD_ML>0.0</SIGNATURE_THRESHOLD_ML>
		<SIGNATURE_THRESHOLD_SAM>0.0</SIGNATURE_THRESHOLD_SAM>
	</signature>
	<signature ID="20211229_113308976094_292">
		<MACROCLASSID>1</MACROCLASSID>
		<MACROCLASSINFO>waterbody</MACROCLASSINFO>
		<CLASSID>2</CLASSID>
		<CLASSINFO>C 1</CLASSINFO>
		<VALUES>[0.12168319182601953, 0.003433274622873296, 0.1236783353802213, 0.005787888333749435, 0.11169946545811561, 0.0032720218022371434, 0.04003958585945222, 0.006087385222157558, 0.017870219483903518, 0.0012637049421060501, 0.013777890251304997, 0.0009502818823093545]</VALUES>
		<LCS_MIN>[0.10143648833036423, 0.08668536692857742, 0.08319995552301407, 0.03372970595955849, 0.015785498544573784, 0.012232635170221329]</LCS_MIN>
		<LCS_MAX>[0.12689116597175598, 0.13224296271800995, 0.12129203975200653, 0.07903995364904404, 0.035078901797533035, 0.02795068360865116]</LCS_MAX>
		<WAVELENGTH>[0.48, 0.56, 0.655, 0.865, 1.61, 2.2]</WAVELENGTH>
		<MEAN_VALUE>[0.12168319182601953, 0.1236783353802213, 0.11169946545811561, 0.04003958585945222, 0.017870219483903518, 0.013777890251304997]</MEAN_VALUE>
		<CHECKBOX>2</CHECKBOX>
		<SD>[0.003433274622873296, 0.005787888333749435, 0.0032720218022371434, 0.006087385222157558, 0.0012637049421060501, 0.0009502818823093545]</SD>
		<WAVELENGTH_UNIT>E-6m</WAVELENGTH_UNIT>
		<COLOR>#f08072</COLOR>
		<COVARIANCE_MATRIX>[[1.0603368536976632e-05, 1.7608446796657518e-05, 3.315507683510077e-06, -1.5120305761229247e-05, -3.065676310143317e-06, -2.2322906261251774e-06], [1.7608446796657518e-05, 2.984282764373347e-05, 6.914037385286065e-06, -2.4821087208692916e-05, -5.136867457622429e-06, -3.7617517136823153e-06], [3.315507683510077e-06, 6.914037385286065e-06, 8.903445632313378e-06, -1.0933209750874084e-06, -4.323817393014906e-07, -3.5527807540347567e-07], [-1.5120305761229247e-05, -2.4821087208692916e-05, -1.0933209750874084e-06, 3.2180319976760074e-05, 6.37790890323231e-06, 4.758042450703215e-06], [-3.065676310143317e-06, -5.136867457622429e-06, -4.323817393014906e-07, 6.37790890323231e-06, 1.508990521870146e-06, 1.1205062264707522e-06], [-2.2322906261251774e-06, -3.7617517136823153e-06, -3.5527807540347567e-07, 4.758042450703215e-06, 1.1205062264707522e-06, 8.701744036443415e-07]]</COVARIANCE_MATRIX>
		<ROI_SIZE>9598</ROI_SIZE>
		<MAX_VALUE>[0.12689116597175598, 0.13224296271800995, 0.12129203975200653, 0.07903995364904404, 0.035078901797533035, 0.02795068360865116]</MAX_VALUE>
		<MIN_VALUE>[0.10143648833036423, 0.08668536692857742, 0.08319995552301407, 0.03372970595955849, 0.015785498544573784, 0.012232635170221329]</MIN_VALUE>
		<SIGNATURE_THRESHOLD_MD>0.0</SIGNATURE_THRESHOLD_MD>
		<SIGNATURE_THRESHOLD_ML>0.0</SIGNATURE_THRESHOLD_ML>
		<SIGNATURE_THRESHOLD_SAM>0.0</SIGNATURE_THRESHOLD_SAM>
	</signature>
	<signature ID="20211229_113319674036_919">
		<MACROCLASSID>1</MACROCLASSID>
		<MACROCLASSINFO>waterbody</MACROCLASSINFO>
		<CLASSID>3</CLASSID>
		<CLASSINFO>C 1</CLASSINFO>
		<VALUES>[0.12398440719197439, 0.0018504239111770894, 0.13690200424989019, 0.003269404791019858, 0.11341794310588865, 0.004730120098638618, 0.036037277928462993, 0.004518514798322161, 0.016761179229455147, 0.005109590195826023, 0.012681068821440261, 0.004326001651977205]</VALUES>
		<LCS_MIN>[0.11526567488908768, 0.12095475196838379, 0.09109270572662354, 0.030649064108729362, 0.009983992204070091, 0.008814690634608269]</LCS_MIN>
		<LCS_MAX>[0.12997183203697205, 0.14497029781341553, 0.12844274938106537, 0.07301358878612518, 0.05297813564538956, 0.04755888879299164]</LCS_MAX>
		<WAVELENGTH>[0.48, 0.56, 0.655, 0.865, 1.61, 2.2]</WAVELENGTH>
		<MEAN_VALUE>[0.12398440719197439, 0.13690200424989019, 0.11341794310588865, 0.036037277928462993, 0.016761179229455147, 0.012681068821440261]</MEAN_VALUE>
		<CHECKBOX>2</CHECKBOX>
		<SD>[0.0018504239111770894, 0.003269404791019858, 0.004730120098638618, 0.004518514798322161, 0.005109590195826023, 0.004326001651977205]</SD>
		<WAVELENGTH_UNIT>E-6m</WAVELENGTH_UNIT>
		<COLOR>#5a2dc5</COLOR>
		<COVARIANCE_MATRIX>[[3.2356028896174394e-06, 5.305130798660684e-06, 3.994971848442219e-06, -2.0911188585159834e-06, -1.6055040532592102e-06, -1.358747454105469e-06], [5.305130798660684e-06, 1.0946632755803876e-05, 9.540218343317974e-06, -4.264919425622793e-06, -3.6941289636160946e-06, -3.129651304334402e-06], [3.994971848442219e-06, 9.540218343317974e-06, 2.1126239516888745e-05, 2.3972677354322514e-07, -9.010024086819612e-07, -8.802772981653106e-07], [-2.0911188585159834e-06, -4.264919425622793e-06, 2.3972677354322514e-07, 1.7479773305240087e-05, 1.882346987258643e-05, 1.6207772205234505e-05], [-1.6055040532592102e-06, -3.6941289636160946e-06, -9.010024086819612e-07, 1.882346987258643e-05, 2.1851094061275944e-05, 1.8291486412636004e-05], [-1.358747454105469e-06, -3.129651304334402e-06, -8.802772981653106e-07, 1.6207772205234505e-05, 1.8291486412636004e-05, 1.5823130524950102e-05]]</COVARIANCE_MATRIX>
		<ROI_SIZE>6694</ROI_SIZE>
		<MAX_VALUE>[0.12997183203697205, 0.14497029781341553, 0.12844274938106537, 0.07301358878612518, 0.05297813564538956, 0.04755888879299164]</MAX_VALUE>
		<MIN_VALUE>[0.11526567488908768, 0.12095475196838379, 0.09109270572662354, 0.030649064108729362, 0.009983992204070091, 0.008814690634608269]</MIN_VALUE>
		<SIGNATURE_THRESHOLD_MD>0.0</SIGNATURE_THRESHOLD_MD>
		<SIGNATURE_THRESHOLD_ML>0.0</SIGNATURE_THRESHOLD_ML>
		<SIGNATURE_THRESHOLD_SAM>0.0</SIGNATURE_THRESHOLD_SAM>
	</signature>
	<signature ID="20211229_113326045101_769">
		<MACROCLASSID>1</MACROCLASSID>
		<MACROCLASSINFO>waterbody</MACROCLASSINFO>
		<CLASSID>4</CLASSID>
		<CLASSINFO>C 1</CLASSINFO>
		<VALUES>[0.11940151204442166, 0.0034361312465461587, 0.12997993263717522, 0.005609912587224993, 0.11087046277193405, 0.009797233712646094, 0.04101495260352659, 0.008224728614179411, 0.019791268635953305, 0.00775676346907837, 0.015171410280142452, 0.006557181620039154]</VALUES>
		<LCS_MIN>[0.10319043695926666, 0.10364016145467758, 0.0767238512635231, 0.03163847327232361, 0.013424420729279518, 0.00989404134452343]</LCS_MIN>
		<LCS_MAX>[0.1270485818386078, 0.13973096013069153, 0.14022566378116608, 0.08670785278081894, 0.06426634639501572, 0.05779024213552475]</LCS_MAX>
		<WAVELENGTH>[0.48, 0.56, 0.655, 0.865, 1.61, 2.2]</WAVELENGTH>
		<MEAN_VALUE>[0.11940151204442166, 0.12997993263717522, 0.11087046277193405, 0.04101495260352659, 0.019791268635953305, 0.015171410280142452]</MEAN_VALUE>
		<CHECKBOX>2</CHECKBOX>
		<SD>[0.0034361312465461587, 0.005609912587224993, 0.009797233712646094, 0.008224728614179411, 0.00775676346907837, 0.006557181620039154]</SD>
		<WAVELENGTH_UNIT>E-6m</WAVELENGTH_UNIT>
		<COLOR>#10417b</COLOR>
		<COVARIANCE_MATRIX>[[1.1812308912340086e-05, 1.8448776245350018e-05, 2.5142402591882274e-05, -3.7212021197774448e-06, -1.0553147831160459e-06, -7.205790097941644e-07], [1.8448776245350018e-05, 3.148527684970759e-05, 4.0770555642666295e-05, -7.968582394823898e-06, -3.516882998155779e-06, -2.9084990273986477e-06], [2.5142402591882274e-05, 4.0770555642666295e-05, 9.602896898286417e-05, 3.20882500091102e-05, 3.166785973007791e-05, 2.6782472559716552e-05], [-3.7212021197774448e-06, -7.968582394823898e-06, 3.20882500091102e-05, 6.767659215256572e-05, 6.143730570329353e-05, 5.228381269262172e-05], [-1.0553147831160459e-06, -3.516882998155779e-06, 3.166785973007791e-05, 6.143730570329353e-05, 6.0194444813532755e-05, 5.023030826123431e-05], [-7.205790097941644e-07, -2.9084990273986477e-06, 2.6782472559716552e-05, 5.228381269262172e-05, 5.023030826123431e-05, 4.301597073208541e-05]]</COVARIANCE_MATRIX>
		<ROI_SIZE>2224</ROI_SIZE>
		<MAX_VALUE>[0.1270485818386078, 0.13973096013069153, 0.14022566378116608, 0.08670785278081894, 0.06426634639501572, 0.05779024213552475]</MAX_VALUE>
		<MIN_VALUE>[0.10319043695926666, 0.10364016145467758, 0.0767238512635231, 0.03163847327232361, 0.013424420729279518, 0.00989404134452343]</MIN_VALUE>
		<SIGNATURE_THRESHOLD_MD>0.0</SIGNATURE_THRESHOLD_MD>
		<SIGNATURE_THRESHOLD_ML>0.0</SIGNATURE_THRESHOLD_ML>
		<SIGNATURE_THRESHOLD_SAM>0.0</SIGNATURE_THRESHOLD_SAM>
	</signature>
	<signature ID="20211229_113410535220_536">
		<MACROCLASSID>1</MACROCLASSID>
		<MACROCLASSINFO>waterbody</MACROCLASSINFO>
		<CLASSID>5</CLASSID>
		<CLASSINFO>C 1</CLASSINFO>
		<VALUES>[0.11308422217937722, 0.008671003894797902, 0.10432393084569228, 0.010493436506388178, 0.11041362979716947, 0.012478160860551396, 0.13513389112021032, 0.015093607898741666, 0.12951149701558312, 0.01714830783903988, 0.10050517160060068, 0.012030258918275324]</VALUES>
		<LCS_MIN>[0.09610719233751297, 0.08421184867620468, 0.08499886840581894, 0.09880556911230087, 0.08789962530136108, 0.06485098600387573]</LCS_MIN>
		<LCS_MAX>[0.13390696048736572, 0.1338844746351242, 0.14760123193264008, 0.17368555068969727, 0.16003625094890594, 0.12898242473602295]</LCS_MAX>
		<WAVELENGTH>[0.48, 0.56, 0.655, 0.865, 1.61, 2.2]</WAVELENGTH>
		<MEAN_VALUE>[0.11308422217937722, 0.10432393084569228, 0.11041362979716947, 0.13513389112021032, 0.12951149701558312, 0.10050517160060068]</MEAN_VALUE>
		<CHECKBOX>2</CHECKBOX>
		<SD>[0.008671003894797902, 0.010493436506388178, 0.012478160860551396, 0.015093607898741666, 0.01714830783903988, 0.012030258918275324]</SD>
		<WAVELENGTH_UNIT>E-6m</WAVELENGTH_UNIT>
		<COLOR>#d0f7c6</COLOR>
		<COVARIANCE_MATRIX>[[8.366734982701018e-05, 9.697183122625574e-05, 0.00011165457544848323, 1.0388817827333696e-05, 1.5228634993036394e-06, 4.5708213292527944e-05], [9.697183122625574e-05, 0.0001208359535667114, 0.0001410883996868506, 2.6604891900205985e-05, 6.521823706862051e-06, 5.535252785193734e-05], [0.00011165457544848323, 0.0001410883996868506, 0.0001745749032124877, 5.257036900729872e-05, 3.900554293068126e-05, 8.542129944544286e-05], [1.0388817827333696e-05, 2.6604891900205985e-05, 5.257036900729872e-05, 0.00024036715331021696, 0.00021593613200820982, 0.00014325122174341232], [1.5228634993036394e-06, 6.521823706862051e-06, 3.900554293068126e-05, 0.00021593613200820982, 0.00029261253075674176, 0.0001945578260347247], [4.5708213292527944e-05, 5.535252785193734e-05, 8.542129944544286e-05, 0.00014325122174341232, 0.0001945578260347247, 0.0001652072387514636]]</COVARIANCE_MATRIX>
		<ROI_SIZE>480</ROI_SIZE>
		<MAX_VALUE>[0.13390696048736572, 0.1338844746351242, 0.14760123193264008, 0.17368555068969727, 0.16003625094890594, 0.12898242473602295]</MAX_VALUE>
		<MIN_VALUE>[0.09610719233751297, 0.08421184867620468, 0.08499886840581894, 0.09880556911230087, 0.08789962530136108, 0.06485098600387573]</MIN_VALUE>
		<SIGNATURE_THRESHOLD_MD>0.0</SIGNATURE_THRESHOLD_MD>
		<SIGNATURE_THRESHOLD_ML>0.0</SIGNATURE_THRESHOLD_ML>
		<SIGNATURE_THRESHOLD_SAM>0.0</SIGNATURE_THRESHOLD_SAM>
	</signature>
	<signature ID="20211229_113416820765_721">
		<MACROCLASSID>1</MACROCLASSID>
		<MACROCLASSINFO>waterbody</MACROCLASSINFO>
		<CLASSID>6</CLASSID>
		<CLASSINFO>C 1</CLASSINFO>
		<VALUES>[0.11790501912413484, 0.007494009414860576, 0.11070343397621957, 0.008974179214616079, 0.11858790017792897, 0.010650487434647516, 0.13924521769814452, 0.012757621037692204, 0.13718169551856563, 0.016196260456171677, 0.10967550224399769, 0.012502817739462057]</VALUES>
		<LCS_MIN>[0.09853573143482208, 0.08583087474107742, 0.08906891942024231, 0.10728297382593155, 0.09230697900056839, 0.07193422317504883]</LCS_MIN>
		<LCS_MAX>[0.13566091656684875, 0.1320405751466751, 0.14771364629268646, 0.16471342742443085, 0.1706274002790451, 0.1395285725593567]</LCS_MAX>
		<WAVELENGTH>[0.48, 0.56, 0.655, 0.865, 1.61, 2.2]</WAVELENGTH>
		<MEAN_VALUE>[0.11790501912413484, 0.11070343397621957, 0.11858790017792897, 0.13924521769814452, 0.13718169551856563, 0.10967550224399769]</MEAN_VALUE>
		<CHECKBOX>2</CHECKBOX>
		<SD>[0.007494009414860576, 0.008974179214616079, 0.010650487434647516, 0.012757621037692204, 0.016196260456171677, 0.012502817739462057]</SD>
		<WAVELENGTH_UNIT>E-6m</WAVELENGTH_UNIT>
		<COLOR>#607b24</COLOR>
		<COVARIANCE_MATRIX>[[5.6281474826391786e-05, 6.386310269590467e-05, 7.290801295312122e-05, 1.6763960957177915e-05, 8.430784873780794e-06, 3.266755447839387e-05], [6.386310269590467e-05, 8.070983312791213e-05, 9.039534052135423e-05, 3.3990210795309395e-05, 2.8501215638243593e-05, 4.8061367124319077e-05], [7.290801295312122e-05, 9.039534052135423e-05, 0.00011367788101779297, 6.373330688802525e-05, 6.506008503492922e-05, 8.209029329009354e-05], [1.6763960957177915e-05, 3.3990210795309395e-05, 6.373330688802525e-05, 0.00016310841601807624, 0.0001675060048000887, 0.0001310392835875973], [8.430784873780794e-06, 2.8501215638243593e-05, 6.506008503492922e-05, 0.0001675060048000887, 0.00026288541266694665, 0.00018548808293417096], [3.266755447839387e-05, 4.8061367124319077e-05, 8.209029329009354e-05, 0.0001310392835875973, 0.00018548808293417096, 0.00015665807586628944]]</COVARIANCE_MATRIX>
		<ROI_SIZE>464</ROI_SIZE>
		<MAX_VALUE>[0.13566091656684875, 0.1320405751466751, 0.14771364629268646, 0.16471342742443085, 0.1706274002790451, 0.1395285725593567]</MAX_VALUE>
		<MIN_VALUE>[0.09853573143482208, 0.08583087474107742, 0.08906891942024231, 0.10728297382593155, 0.09230697900056839, 0.07193422317504883]</MIN_VALUE>
		<SIGNATURE_THRESHOLD_MD>0.0</SIGNATURE_THRESHOLD_MD>
		<SIGNATURE_THRESHOLD_ML>0.0</SIGNATURE_THRESHOLD_ML>
		<SIGNATURE_THRESHOLD_SAM>0.0</SIGNATURE_THRESHOLD_SAM>
	</signature>
	<signature ID="20211229_113424799134_929">
		<MACROCLASSID>1</MACROCLASSID>
		<MACROCLASSINFO>waterbody</MACROCLASSINFO>
		<CLASSID>7</CLASSID>
		<CLASSINFO>C 1</CLASSINFO>
		<VALUES>[0.1184996262240333, 0.011377841697911522, 0.1104089496329951, 0.012631207100143605, 0.1160420627116014, 0.014291653088565271, 0.12604624532853448, 0.014049552224424654, 0.11963307390959498, 0.01788636567453818, 0.09677661337648714, 0.015739922182056127]</VALUES>
		<LCS_MIN>[0.0917448103427887, 0.08133357018232346, 0.0795571431517601, 0.08297508209943771, 0.06698720157146454, 0.049020517617464066]</LCS_MIN>
		<LCS_MAX>[0.13806696236133575, 0.13518868386745453, 0.1447679102420807, 0.15225592255592346, 0.14483539760112762, 0.12300101667642593]</LCS_MAX>
		<WAVELENGTH>[0.48, 0.56, 0.655, 0.865, 1.61, 2.2]</WAVELENGTH>
		<MEAN_VALUE>[0.1184996262240333, 0.1104089496329951, 0.1160420627116014, 0.12604624532853448, 0.11963307390959498, 0.09677661337648714]</MEAN_VALUE>
		<CHECKBOX>2</CHECKBOX>
		<SD>[0.011377841697911522, 0.012631207100143605, 0.014291653088565271, 0.014049552224424654, 0.01788636567453818, 0.015739922182056127]</SD>
		<WAVELENGTH_UNIT>E-6m</WAVELENGTH_UNIT>
		<COLOR>#bcddf4</COLOR>
		<COVARIANCE_MATRIX>[[0.00012987019727006555, 0.0001414276921423152, 0.00015752673789393157, 0.00011028762673959136, 0.00012691736628767103, 0.0001324941113125533], [0.0001414276921423152, 0.00016005875659175217, 0.00017916280194185674, 0.0001288739440497011, 0.00014585169265046716, 0.00014887581346556544], [0.00015752673789393157, 0.00017916280194185674, 0.00020490599854383618, 0.00015764885756652802, 0.00017908969311974943, 0.00017618338461034], [0.00011028762673959136, 0.0001288739440497011, 0.00015764885756652802, 0.00019802257884293795, 0.0002210722304880619, 0.0001874774316092953], [0.00012691736628767103, 0.00014585169265046716, 0.00017908969311974943, 0.0002210722304880619, 0.000320947467116639, 0.0002714538131840527], [0.0001324941113125533, 0.00014887581346556544, 0.00017618338461034, 0.0001874774316092953, 0.0002714538131840527, 0.000248539203312248]]</COVARIANCE_MATRIX>
		<ROI_SIZE>313</ROI_SIZE>
		<MAX_VALUE>[0.13806696236133575, 0.13518868386745453, 0.1447679102420807, 0.15225592255592346, 0.14483539760112762, 0.12300101667642593]</MAX_VALUE>
		<MIN_VALUE>[0.0917448103427887, 0.08133357018232346, 0.0795571431517601, 0.08297508209943771, 0.06698720157146454, 0.049020517617464066]</MIN_VALUE>
		<SIGNATURE_THRESHOLD_MD>0.0</SIGNATURE_THRESHOLD_MD>
		<SIGNATURE_THRESHOLD_ML>0.0</SIGNATURE_THRESHOLD_ML>
		<SIGNATURE_THRESHOLD_SAM>0.0</SIGNATURE_THRESHOLD_SAM>
	</signature>
	<signature ID="20211229_113433962304_655">
		<MACROCLASSID>1</MACROCLASSID>
		<MACROCLASSINFO>waterbody</MACROCLASSINFO>
		<CLASSID>8</CLASSID>
		<CLASSINFO>C 1</CLASSINFO>
		<VALUES>[0.11146199524116054, 0.008503327368759665, 0.10215108110927618, 0.009812066718848251, 0.10668772702606823, 0.01145311928063043, 0.11844058693028414, 0.012980554777870459, 0.11243626518318282, 0.015983570919109017, 0.09004643745720389, 0.013745640853206008]</VALUES>
		<LCS_MIN>[0.09163238853216171, 0.08189574629068375, 0.08038914948701859, 0.08623562753200531, 0.0700678601861, 0.05504688620567322]</LCS_MIN>
		<LCS_MAX>[0.12659884989261627, 0.11845874786376953, 0.12758825719356537, 0.14445310831069946, 0.13114112615585327, 0.10525918751955032]</LCS_MAX>
		<WAVELENGTH>[0.48, 0.56, 0.655, 0.865, 1.61, 2.2]</WAVELENGTH>
		<MEAN_VALUE>[0.11146199524116054, 0.10215108110927618, 0.10668772702606823, 0.11844058693028414, 0.11243626518318282, 0.09004643745720389]</MEAN_VALUE>
		<CHECKBOX>2</CHECKBOX>
		<SD>[0.008503327368759665, 0.009812066718848251, 0.01145311928063043, 0.012980554777870459, 0.015983570919109017, 0.013745640853206008]</SD>
		<WAVELENGTH_UNIT>E-6m</WAVELENGTH_UNIT>
		<COLOR>#eb5ada</COLOR>
		<COVARIANCE_MATRIX>[[7.300858123926446e-05, 7.976532651809976e-05, 9.147355740424246e-05, 5.2513911214191467e-05, 9.204357775161043e-05, 9.29248781176284e-05], [7.976532651809976e-05, 9.72113775787875e-05, 0.00010850850958377123, 6.760360702173784e-05, 0.00010796861170092598, 0.00010883958748308942], [9.147355740424246e-05, 0.00010850850958377123, 0.00013244747242424637, 9.862670412985608e-05, 0.00014025205746293068, 0.00013040755584370345], [5.2513911214191467e-05, 6.760360702173784e-05, 9.862670412985608e-05, 0.00017013067554216832, 0.00016675096412654966, 0.00013509069685824215], [9.204357775161043e-05, 0.00010796861170092598, 0.00014025205746293068, 0.00016675096412654966, 0.0002579548745416105, 0.00020350844715721905], [9.29248781176284e-05, 0.00010883958748308942, 0.00013040755584370345, 0.00013509069685824215, 0.00020350844715721905, 0.0001907770347315818]]</COVARIANCE_MATRIX>
		<ROI_SIZE>104</ROI_SIZE>
		<MAX_VALUE>[0.12659884989261627, 0.11845874786376953, 0.12758825719356537, 0.14445310831069946, 0.13114112615585327, 0.10525918751955032]</MAX_VALUE>
		<MIN_VALUE>[0.09163238853216171, 0.08189574629068375, 0.08038914948701859, 0.08623562753200531, 0.0700678601861, 0.05504688620567322]</MIN_VALUE>
		<SIGNATURE_THRESHOLD_MD>0.0</SIGNATURE_THRESHOLD_MD>
		<SIGNATURE_THRESHOLD_ML>0.0</SIGNATURE_THRESHOLD_ML>
		<SIGNATURE_THRESHOLD_SAM>0.0</SIGNATURE_THRESHOLD_SAM>
	</signature>
	<signature ID="20211229_113444617903_684">
		<MACROCLASSID>1</MACROCLASSID>
		<MACROCLASSINFO>waterbody</MACROCLASSINFO>
		<CLASSID>9</CLASSID>
		<CLASSINFO>C 1</CLASSINFO>
		<VALUES>[0.11934962916501712, 0.010574925990711822, 0.11723694328796419, 0.011379646169863856, 0.12612042367564594, 0.01064445663530143, 0.15231652722532948, 0.012717995405796378, 0.13201011661539733, 0.012488107560799471, 0.10167666288248779, 0.00991647611801791]</VALUES>
		<LCS_MIN>[0.09201466292142868, 0.086370550096035, 0.09482546895742416, 0.1283527910709381, 0.10611367970705032, 0.08302006870508194]</LCS_MIN>
		<LCS_MAX>[0.14006824791431427, 0.1404055505990982, 0.14987237751483917, 0.179689422249794, 0.15661829710006714, 0.12956707179546356]</LCS_MAX>
		<WAVELENGTH>[0.48, 0.56, 0.655, 0.865, 1.61, 2.2]</WAVELENGTH>
		<MEAN_VALUE>[0.11934962916501712, 0.11723694328796419, 0.12612042367564594, 0.15231652722532948, 0.13201011661539733, 0.10167666288248779]</MEAN_VALUE>
		<CHECKBOX>2</CHECKBOX>
		<SD>[0.010574925990711822, 0.011379646169863856, 0.01064445663530143, 0.012717995405796378, 0.012488107560799471, 0.00991647611801791]</SD>
		<WAVELENGTH_UNIT>E-6m</WAVELENGTH_UNIT>
		<COLOR>#8a760b</COLOR>
		<COVARIANCE_MATRIX>[[0.00011202875612070784, 0.00011851027375087142, 0.00010469772678334266, -4.507977337198099e-06, -5.124415110913105e-05, -2.6320500182919204e-05], [0.00011851027375087142, 0.00012972758850082755, 0.00011649328371277079, 1.0794167792482767e-05, -4.291225195629522e-05, -2.005726310017053e-05], [0.00010469772678334266, 0.00011649328371277079, 0.00011350678687449545, 1.7080015823012218e-05, -2.1683445083908737e-05, -1.0329561064281734e-06], [-4.507977337198099e-06, 1.0794167792482767e-05, 1.7080015823012218e-05, 0.0001620362454559654, 0.00012407393660396338, 8.688477100804448e-05], [-5.124415110913105e-05, -4.291225195629522e-05, -2.1683445083908737e-05, 0.00012407393660396338, 0.00015623131184838712, 0.00011475236533442512], [-2.6320500182919204e-05, -2.005726310017053e-05, -1.0329561064281734e-06, 8.688477100804448e-05, 0.00011475236533442512, 9.851210052147508e-05]]</COVARIANCE_MATRIX>
		<ROI_SIZE>561</ROI_SIZE>
		<MAX_VALUE>[0.14006824791431427, 0.1404055505990982, 0.14987237751483917, 0.179689422249794, 0.15661829710006714, 0.12956707179546356]</MAX_VALUE>
		<MIN_VALUE>[0.09201466292142868, 0.086370550096035, 0.09482546895742416, 0.1283527910709381, 0.10611367970705032, 0.08302006870508194]</MIN_VALUE>
		<SIGNATURE_THRESHOLD_MD>0.0</SIGNATURE_THRESHOLD_MD>
		<SIGNATURE_THRESHOLD_ML>0.0</SIGNATURE_THRESHOLD_ML>
		<SIGNATURE_THRESHOLD_SAM>0.0</SIGNATURE_THRESHOLD_SAM>
	</signature>
	<signature ID="20211229_113459130821_816">
		<MACROCLASSID>1</MACROCLASSID>
		<MACROCLASSINFO>waterbody</MACROCLASSINFO>
		<CLASSID>10</CLASSID>
		<CLASSINFO>C 1</CLASSINFO>
		<VALUES>[0.10813364080552545, 0.009944892310915252, 0.09761037278388228, 0.013344891804036115, 0.09837571524881891, 0.018494651706821658, 0.10730686211692436, 0.02169373979999637, 0.09817373859030863, 0.022405663415578075, 0.07653652963095475, 0.017149404343391725]</VALUES>
		<LCS_MIN>[0.09507282078266144, 0.07692623138427734, 0.07296860218048096, 0.0672120675444603, 0.06064601615071297, 0.03910396993160248]</LCS_MIN>
		<LCS_MAX>[0.1311860829591751, 0.12695863842964172, 0.13710004091262817, 0.14296899735927582, 0.1345815509557724, 0.10714805126190186]</LCS_MAX>
		<WAVELENGTH>[0.48, 0.56, 0.655, 0.865, 1.61, 2.2]</WAVELENGTH>
		<MEAN_VALUE>[0.10813364080552545, 0.09761037278388228, 0.09837571524881891, 0.10730686211692436, 0.09817373859030863, 0.07653652963095475]</MEAN_VALUE>
		<CHECKBOX>2</CHECKBOX>
		<SD>[0.009944892310915252, 0.013344891804036115, 0.018494651706821658, 0.02169373979999637, 0.022405663415578075, 0.017149404343391725]</SD>
		<WAVELENGTH_UNIT>E-6m</WAVELENGTH_UNIT>
		<COLOR>#e5052e</COLOR>
		<COVARIANCE_MATRIX>[[9.979188325814903e-05, 0.00012885485193692148, 0.00018041985458694398, 0.00016621909162495285, 0.0001502104423707351, 0.00011892508337041363], [0.00012885485193692148, 0.00017969051259569824, 0.00024181285698432475, 0.00022786388581153005, 0.00021047337213531137, 0.00017475672939326614], [0.00018041985458694398, 0.00024181285698432475, 0.00034513368154875934, 0.0003327360609546304, 0.00032064036349765956, 0.0002476753725204617], [0.00016621909162495285, 0.00022786388581153005, 0.0003327360609546304, 0.000474858155939728, 0.0004678856930695474, 0.0003519293968565762], [0.0001502104423707351, 0.00021047337213531137, 0.00032064036349765956, 0.0004678856930695474, 0.0005065363948233426, 0.00036482446012087166], [0.00011892508337041363, 0.00017475672939326614, 0.0002476753725204617, 0.0003519293968565762, 0.00036482446012087166, 0.00029675164842046797]]</COVARIANCE_MATRIX>
		<ROI_SIZE>112</ROI_SIZE>
		<MAX_VALUE>[0.1311860829591751, 0.12695863842964172, 0.13710004091262817, 0.14296899735927582, 0.1345815509557724, 0.10714805126190186]</MAX_VALUE>
		<MIN_VALUE>[0.09507282078266144, 0.07692623138427734, 0.07296860218048096, 0.0672120675444603, 0.06064601615071297, 0.03910396993160248]</MIN_VALUE>
		<SIGNATURE_THRESHOLD_MD>0.0</SIGNATURE_THRESHOLD_MD>
		<SIGNATURE_THRESHOLD_ML>0.0</SIGNATURE_THRESHOLD_ML>
		<SIGNATURE_THRESHOLD_SAM>0.0</SIGNATURE_THRESHOLD_SAM>
	</signature>
	<signature ID="20211229_113504518867_242">
		<MACROCLASSID>1</MACROCLASSID>
		<MACROCLASSINFO>waterbody</MACROCLASSINFO>
		<CLASSID>11</CLASSID>
		<CLASSINFO>C 1</CLASSINFO>
		<VALUES>[0.10820034184193207, 0.006927280093660683, 0.09743846700353136, 0.009088112089243103, 0.09569366970809837, 0.012669360023774352, 0.0983680350926973, 0.018622921914021904, 0.08869503861514189, 0.01895959671631733, 0.07104468137278397, 0.016494475504477715]</VALUES>
		<LCS_MIN>[0.09523022174835205, 0.08216557651758194, 0.07123715430498123, 0.05378764122724533, 0.04515283554792404, 0.03537122160196304]</LCS_MIN>
		<LCS_MAX>[0.1230909526348114, 0.11519820243120193, 0.11746934056282043, 0.1259467452764511, 0.12293355166912079, 0.1026732474565506]</LCS_MAX>
		<WAVELENGTH>[0.48, 0.56, 0.655, 0.865, 1.61, 2.2]</WAVELENGTH>
		<MEAN_VALUE>[0.10820034184193207, 0.09743846700353136, 0.09569366970809837, 0.0983680350926973, 0.08869503861514189, 0.07104468137278397]</MEAN_VALUE>
		<CHECKBOX>2</CHECKBOX>
		<SD>[0.006927280093660683, 0.009088112089243103, 0.012669360023774352, 0.018622921914021904, 0.01895959671631733, 0.016494475504477715]</SD>
		<WAVELENGTH_UNIT>E-6m</WAVELENGTH_UNIT>
		<COLOR>#6dd749</COLOR>
		<COVARIANCE_MATRIX>[[4.8814574256539345e-05, 5.927006350248121e-05, 7.802704203641042e-05, 9.875983960228041e-05, 8.106587483780459e-05, 8.364360110135749e-05], [5.927006350248121e-05, 8.401781087741256e-05, 0.00011292110139038414, 0.00013820039748679847, 0.00011957039532717317, 0.00010843163181561977], [7.802704203641042e-05, 0.00011292110139038414, 0.0001632801431696862, 0.00020685700292233378, 0.00018954261031467468, 0.00015209948469419032], [9.875983960228041e-05, 0.00013820039748679847, 0.00020685700292233378, 0.0003527927619870752, 0.0003473708056844771, 0.00028443464543670416], [8.106587483780459e-05, 0.00011957039532717317, 0.00018954261031467468, 0.0003473708056844771, 0.0003656639892142266, 0.00028416243731044233], [8.364360110135749e-05, 0.00010843163181561977, 0.00015209948469419032, 0.00028443464543670416, 0.00028416243731044233, 0.0002767585392575711]]</COVARIANCE_MATRIX>
		<ROI_SIZE>59</ROI_SIZE>
		<MAX_VALUE>[0.1230909526348114, 0.11519820243120193, 0.11746934056282043, 0.1259467452764511, 0.12293355166912079, 0.1026732474565506]</MAX_VALUE>
		<MIN_VALUE>[0.09523022174835205, 0.08216557651758194, 0.07123715430498123, 0.05378764122724533, 0.04515283554792404, 0.03537122160196304]</MIN_VALUE>
		<SIGNATURE_THRESHOLD_MD>0.0</SIGNATURE_THRESHOLD_MD>
		<SIGNATURE_THRESHOLD_ML>0.0</SIGNATURE_THRESHOLD_ML>
		<SIGNATURE_THRESHOLD_SAM>0.0</SIGNATURE_THRESHOLD_SAM>
	</signature>
	<signature ID="20211229_113521501802_956">
		<MACROCLASSID>1</MACROCLASSID>
		<MACROCLASSINFO>waterbody</MACROCLASSINFO>
		<CLASSID>12</CLASSID>
		<CLASSINFO>C 1</CLASSINFO>
		<VALUES>[0.1018291971247111, 0.008290924138595215, 0.09049801994115116, 0.010584522678270808, 0.08835497937564338, 0.01454305913790931, 0.09140029050675885, 0.020485539683516418, 0.08188690398154516, 0.020621917476714286, 0.06262001202308708, 0.01595249567703759]</VALUES>
		<LCS_MIN>[0.0886416807770729, 0.07355325669050217, 0.06273726373910904, 0.048166029155254364, 0.03642807900905609, 0.026893816888332367]</LCS_MIN>
		<LCS_MAX>[0.11704210191965103, 0.10901443660259247, 0.11319690197706223, 0.12171929329633713, 0.10980145633220673, 0.08569595962762833]</LCS_MAX>
		<WAVELENGTH>[0.48, 0.56, 0.655, 0.865, 1.61, 2.2]</WAVELENGTH>
		<MEAN_VALUE>[0.1018291971247111, 0.09049801994115116, 0.08835497937564338, 0.09140029050675885, 0.08188690398154516, 0.06262001202308708]</MEAN_VALUE>
		<CHECKBOX>2</CHECKBOX>
		<SD>[0.008290924138595215, 0.010584522678270808, 0.01454305913790931, 0.020485539683516418, 0.020621917476714286, 0.01595249567703759]</SD>
		<WAVELENGTH_UNIT>E-6m</WAVELENGTH_UNIT>
		<COLOR>#a5d03c</COLOR>
		<COVARIANCE_MATRIX>[[6.998923345236108e-05, 8.66867121658288e-05, 0.00011823100794572383, 0.0001313917018705979, 0.00011889093730133027, 0.00010670017945813015], [8.66867121658288e-05, 0.00011406906560296193, 0.00015374374925158918, 0.0001707534829620272, 0.00015823409194126725, 0.00014095868391450495], [0.00011823100794572383, 0.00015374374925158918, 0.00021534603729378432, 0.00025700521655380726, 0.00024344553821720183, 0.00020635861437767744], [0.0001313917018705979, 0.0001707534829620272, 0.00025700521655380726, 0.0004272874793969095, 0.0004144315898884088, 0.00031897795270197093], [0.00011889093730133027, 0.00015823409194126725, 0.00024344553821720183, 0.0004144315898884088, 0.00043299555545672774, 0.0003240338119212538], [0.00010670017945813015, 0.00014095868391450495, 0.00020635861437767744, 0.00031897795270197093, 0.0003240338119212538, 0.0002591090742498636]]</COVARIANCE_MATRIX>
		<ROI_SIZE>56</ROI_SIZE>
		<MAX_VALUE>[0.11704210191965103, 0.10901443660259247, 0.11319690197706223, 0.12171929329633713, 0.10980145633220673, 0.08569595962762833]</MAX_VALUE>
		<MIN_VALUE>[0.0886416807770729, 0.07355325669050217, 0.06273726373910904, 0.048166029155254364, 0.03642807900905609, 0.026893816888332367]</MIN_VALUE>
		<SIGNATURE_THRESHOLD_MD>0.0</SIGNATURE_THRESHOLD_MD>
		<SIGNATURE_THRESHOLD_ML>0.0</SIGNATURE_THRESHOLD_ML>
		<SIGNATURE_THRESHOLD_SAM>0.0</SIGNATURE_THRESHOLD_SAM>
	</signature>
	<signature ID="20211229_113528050752_652">
		<MACROCLASSID>1</MACROCLASSID>
		<MACROCLASSINFO>waterbody</MACROCLASSINFO>
		<CLASSID>13</CLASSID>
		<CLASSINFO>C 1</CLASSINFO>
		<VALUES>[0.10722592373022295, 0.008722777127913937, 0.09757666014784933, 0.011010069238119511, 0.0966568277186195, 0.016431410881558074, 0.10303891135142157, 0.022781472894488702, 0.0940622802348745, 0.0225249204864615, 0.07264429080806324, 0.018075857427571704]</VALUES>
		<LCS_MIN>[0.09273421764373779, 0.07773574441671371, 0.06975304335355759, 0.061635423451662064, 0.05075196549296379, 0.038789164274930954]</LCS_MIN>
		<LCS_MAX>[0.12500232458114624, 0.11764924228191376, 0.1250922530889511, 0.14108014106750488, 0.12713852524757385, 0.10361767560243607]</LCS_MAX>
		<WAVELENGTH>[0.48, 0.56, 0.655, 0.865, 1.61, 2.2]</WAVELENGTH>
		<MEAN_VALUE>[0.10722592373022295, 0.09757666014784933, 0.0966568277186195, 0.10303891135142157, 0.0940622802348745, 0.07264429080806324]</MEAN_VALUE>
		<CHECKBOX>2</CHECKBOX>
		<SD>[0.008722777127913937, 0.011010069238119511, 0.016431410881558074, 0.022781472894488702, 0.0225249204864615, 0.018075857427571704]</SD>
		<WAVELENGTH_UNIT>E-6m</WAVELENGTH_UNIT>
		<COLOR>#67d14c</COLOR>
		<COVARIANCE_MATRIX>[[7.660093979211524e-05, 9.390569903189316e-05, 0.00013836722064297646, 0.00013821695756632835, 0.00012968803639523685, 0.00012092405086150393], [9.390569903189316e-05, 0.00012204069207655266, 0.0001759391452651471, 0.0001846806117100641, 0.00017976363596972078, 0.0001592962071299553], [0.00013836722064297646, 0.0001759391452651471, 0.000271815515588969, 0.00030212203273549676, 0.0002995126706082374, 0.0002633114636410028], [0.00013821695756632835, 0.0001846806117100641, 0.00030212203273549676, 0.0005225022323429585, 0.00048235742724500597, 0.00039032145286910236], [0.00012968803639523685, 0.00017976363596972078, 0.0002995126706082374, 0.00048235742724500597, 0.0005108002224005759, 0.00039315022877417505], [0.00012092405086150393, 0.0001592962071299553, 0.0002633114636410028, 0.00039032145286910236, 0.00039315022877417505, 0.0003289442975074053]]</COVARIANCE_MATRIX>
		<ROI_SIZE>149</ROI_SIZE>
		<MAX_VALUE>[0.12500232458114624, 0.11764924228191376, 0.1250922530889511, 0.14108014106750488, 0.12713852524757385, 0.10361767560243607]</MAX_VALUE>
		<MIN_VALUE>[0.09273421764373779, 0.07773574441671371, 0.06975304335355759, 0.061635423451662064, 0.05075196549296379, 0.038789164274930954]</MIN_VALUE>
		<SIGNATURE_THRESHOLD_MD>0.0</SIGNATURE_THRESHOLD_MD>
		<SIGNATURE_THRESHOLD_ML>0.0</SIGNATURE_THRESHOLD_ML>
		<SIGNATURE_THRESHOLD_SAM>0.0</SIGNATURE_THRESHOLD_SAM>
	</signature>
	<signature ID="20211229_113535912675_468">
		<MACROCLASSID>1</MACROCLASSID>
		<MACROCLASSINFO>waterbody</MACROCLASSINFO>
		<CLASSID>14</CLASSID>
		<CLASSINFO>C 1</CLASSINFO>
		<VALUES>[0.09856808094079034, 0.004434949516925557, 0.08492865256573025, 0.0061455201361395985, 0.08039309084415437, 0.00854589579477186, 0.07790971638863547, 0.013761701884856474, 0.06826696283461754, 0.015417929774202097, 0.05249171400148619, 0.01140033772990322]</VALUES>
		<LCS_MIN>[0.09030567854642868, 0.07258633524179459, 0.06350180506706238, 0.05052711442112923, 0.04137510433793068, 0.031121285632252693]</LCS_MIN>
		<LCS_MAX>[0.11153290420770645, 0.10195367783308029, 0.09790611267089844, 0.11054351925849915, 0.09900795668363571, 0.07766827195882797]</LCS_MAX>
		<WAVELENGTH>[0.48, 0.56, 0.655, 0.865, 1.61, 2.2]</WAVELENGTH>
		<MEAN_VALUE>[0.09856808094079034, 0.08492865256573025, 0.08039309084415437, 0.07790971638863547, 0.06826696283461754, 0.05249171400148619]</MEAN_VALUE>
		<CHECKBOX>2</CHECKBOX>
		<SD>[0.004434949516925557, 0.0061455201361395985, 0.00854589579477186, 0.013761701884856474, 0.015417929774202097, 0.01140033772990322]</SD>
		<WAVELENGTH_UNIT>E-6m</WAVELENGTH_UNIT>
		<COLOR>#ddfdb2</COLOR>
		<COVARIANCE_MATRIX>[[2.00200047402177e-05, 2.3190434149000794e-05, 3.5246463085059077e-05, 4.797403744305484e-05, 4.662676656153053e-05, 4.1036848415387794e-05], [2.3190434149000794e-05, 3.844183447654359e-05, 4.6008917706785724e-05, 7.031071436358616e-05, 7.376471330644563e-05, 5.296482049743645e-05], [3.5246463085059077e-05, 4.6008917706785724e-05, 7.433648715959862e-05, 0.00010114358883583918, 0.00010575674241408706, 8.599324792157859e-05], [4.797403744305484e-05, 7.031071436358616e-05, 0.00010114358883583918, 0.00019276631064713, 0.00018252785957884043, 0.00014880862727295607], [4.662676656153053e-05, 7.376471330644563e-05, 0.00010575674241408706, 0.00018252785957884043, 0.00024195743026211858, 0.00015893600357230753], [4.1036848415387794e-05, 5.296482049743645e-05, 8.599324792157859e-05, 0.00014880862727295607, 0.00015893600357230753, 0.00013228855095803738]]</COVARIANCE_MATRIX>
		<ROI_SIZE>57</ROI_SIZE>
		<MAX_VALUE>[0.11153290420770645, 0.10195367783308029, 0.09790611267089844, 0.11054351925849915, 0.09900795668363571, 0.07766827195882797]</MAX_VALUE>
		<MIN_VALUE>[0.09030567854642868, 0.07258633524179459, 0.06350180506706238, 0.05052711442112923, 0.04137510433793068, 0.031121285632252693]</MIN_VALUE>
		<SIGNATURE_THRESHOLD_MD>0.0</SIGNATURE_THRESHOLD_MD>
		<SIGNATURE_THRESHOLD_ML>0.0</SIGNATURE_THRESHOLD_ML>
		<SIGNATURE_THRESHOLD_SAM>0.0</SIGNATURE_THRESHOLD_SAM>
	</signature>
	<signature ID="20211229_113542046982_344">
		<MACROCLASSID>1</MACROCLASSID>
		<MACROCLASSINFO>waterbody</MACROCLASSINFO>
		<CLASSID>15</CLASSID>
		<CLASSINFO>C 1</CLASSINFO>
		<VALUES>[0.11230760534686784, 0.0009798045050912604, 0.16076396112617158, 0.002338468821989277, 0.24203899006637344, 0.004619044081339072, 0.1019006031543299, 0.004714986076564423, 0.014694187919260554, 0.00488720446130295, 0.010546818643177183, 0.0035055823384118065]</VALUES>
		<LCS_MIN>[0.10406741499900818, 0.14058543741703033, 0.20685307681560516, 0.09599476307630539, 0.010905932635068893, 0.0075779384933412075]</LCS_MIN>
		<LCS_MAX>[0.11818891018629074, 0.16457849740982056, 0.24638430774211884, 0.13878652453422546, 0.050909385085105896, 0.041824840009212494]</LCS_MAX>
		<WAVELENGTH>[0.48, 0.56, 0.655, 0.865, 1.61, 2.2]</WAVELENGTH>
		<MEAN_VALUE>[0.11230760534686784, 0.16076396112617158, 0.24203899006637344, 0.1019006031543299, 0.014694187919260554, 0.010546818643177183]</MEAN_VALUE>
		<CHECKBOX>2</CHECKBOX>
		<SD>[0.0009798045050912604, 0.002338468821989277, 0.004619044081339072, 0.004714986076564423, 0.00488720446130295, 0.0035055823384118065]</SD>
		<WAVELENGTH_UNIT>E-6m</WAVELENGTH_UNIT>
		<COLOR>#40b93e</COLOR>
		<COVARIANCE_MATRIX>[[9.611557061361964e-07, 1.9672793314384762e-06, 3.3890321446961025e-06, -2.2648059712082613e-06, -1.835226839830284e-06, -1.0945051371891168e-06], [1.9672793314384762e-06, 5.474923455039971e-06, 1.0233607099507935e-05, -8.140822501445655e-06, -8.159695426002145e-06, -5.462473836814752e-06], [3.3890321446961025e-06, 1.0233607099507935e-05, 2.1360876417020336e-05, -1.8196415112470277e-05, -1.857481947808992e-05, -1.2444536878319923e-05], [-2.2648059712082613e-06, -8.140822501445655e-06, -1.8196415112470277e-05, 2.2257465388975106e-05, 2.027828486461658e-05, 1.3966671758680604e-05], [-1.835226839830284e-06, -8.159695426002145e-06, -1.857481947808992e-05, 2.027828486461658e-05, 2.3913100449135527e-05, 1.630412407394033e-05], [-1.0945051371891168e-06, -5.462473836814752e-06, -1.2444536878319923e-05, 1.3966671758680604e-05, 1.630412407394033e-05, 1.2303685252845753e-05]]</COVARIANCE_MATRIX>
		<ROI_SIZE>844</ROI_SIZE>
		<MAX_VALUE>[0.11818891018629074, 0.16457849740982056, 0.24638430774211884, 0.13878652453422546, 0.050909385085105896, 0.041824840009212494]</MAX_VALUE>
		<MIN_VALUE>[0.10406741499900818, 0.14058543741703033, 0.20685307681560516, 0.09599476307630539, 0.010905932635068893, 0.0075779384933412075]</MIN_VALUE>
		<SIGNATURE_THRESHOLD_MD>0.0</SIGNATURE_THRESHOLD_MD>
		<SIGNATURE_THRESHOLD_ML>0.0</SIGNATURE_THRESHOLD_ML>
		<SIGNATURE_THRESHOLD_SAM>0.0</SIGNATURE_THRESHOLD_SAM>
	</signature>
	<signature ID="20211229_113559438917_209">
		<MACROCLASSID>1</MACROCLASSID>
		<MACROCLASSINFO>waterbody</MACROCLASSINFO>
		<CLASSID>16</CLASSID>
		<CLASSINFO>C 1</CLASSINFO>
		<VALUES>[0.10439231064246625, 0.00457588624001382, 0.09706034389685614, 0.005237304971810942, 0.10480486799259577, 0.006231463395888454, 0.09615721295074539, 0.015951636622156828, 0.075372366880884, 0.020613429272268946, 0.05773195624351502, 0.015589870832422281]</VALUES>
