<?xml version="1.0" ?>
<signaturelist MCID_LIST="[['1', 'waterbody', '#000000'], ['2', 'vegetation', '#000000'], ['3', 'bareland', '#000000'], ['4', 'built-up', '#000000']]">
	<signature ID="20210720_095611383729_435">
		<MACROCLASSID>1</MACROCLASSID>
		<MACROCLASSINFO>waterbody</MACROCLASSINFO>
		<CLASSID>1</CLASSID>
		<CLASSINFO>C 1</CLASSINFO>
		<VALUES>[0.1186085518733627, 0.0024040648410988187, 0.09035875826771356, 0.0034755841260751246, 0.048798330806138664, 0.002602008326664285, 0.02777864823326873, 0.0022209932541414506, 0.006863582200932689, 0.002313313311342991, 0.004920158692594673, 0.002945028731869232]</VALUES>
		<LCS_MIN>[0.09641560912132263, 0.05977501720190048, 0.03731837123632431, 0.020720770582556725, 0.0, 0.0]</LCS_MIN>
		<LCS_MAX>[0.12497512996196747, 0.10077052563428879, 0.05616709962487221, 0.06784649938344955, 0.03520950302481651, 0.020739266648888588]</LCS_MAX>
		<WAVELENGTH>[0.485, 0.56, 0.66, 0.83, 1.65, 2.215]</WAVELENGTH>
		<MEAN_VALUE>[0.1186085518733627, 0.09035875826771356, 0.048798330806138664, 0.02777864823326873, 0.006863582200932689, 0.004920158692594673]</MEAN_VALUE>
		<CHECKBOX>2</CHECKBOX>
		<SD>[0.0024040648410988187, 0.0034755841260751246, 0.002602008326664285, 0.0022209932541414506, 0.002313313311342991, 0.002945028731869232]</SD>
		<WAVELENGTH_UNIT>E-6m</WAVELENGTH_UNIT>
		<COLOR>#4d02bd</COLOR>
		<COVARIANCE_MATRIX>[[5.256727660331234e-06, 3.4220975201118318e-06, 2.248953411267224e-06, -3.1409763994687235e-07, -3.4503916882980654e-07, -1.798310868469691e-07], [3.4220975201118318e-06, 1.0911667649085485e-05, 5.0552013475317e-06, -3.1456979793770157e-07, -6.234697751097815e-07, -3.800461089251858e-07], [2.248953411267224e-06, 5.0552013475317e-06, 6.607862560523895e-06, 2.882508638245101e-07, -1.770503514669139e-07, -1.706540525341703e-07], [-3.1409763994687235e-07, -3.1456979793770157e-07, 2.882508638245101e-07, 4.167230354343219e-06, 9.380714918773381e-07, 6.486251627944636e-07], [-3.4503916882980654e-07, -6.234697751097815e-07, -1.770503514669139e-07, 9.380714918773381e-07, 5.277566133688205e-06, 1.2324452796132003e-06], [-1.798310868469691e-07, -3.800461089251858e-07, -1.706540525341703e-07, 6.486251627944636e-07, 1.2324452796132003e-06, 8.685189918944133e-06]]</COVARIANCE_MATRIX>
		<ROI_SIZE>10136</ROI_SIZE>
		<MAX_VALUE>[0.12497512996196747, 0.10077052563428879, 0.05616709962487221, 0.06784649938344955, 0.03520950302481651, 0.020739266648888588]</MAX_VALUE>
		<MIN_VALUE>[0.09641560912132263, 0.05977501720190048, 0.03731837123632431, 0.020720770582556725, 0.0, 0.0]</MIN_VALUE>
		<SIGNATURE_THRESHOLD_MD>0</SIGNATURE_THRESHOLD_MD>
		<SIGNATURE_THRESHOLD_ML>0</SIGNATURE_THRESHOLD_ML>
		<SIGNATURE_THRESHOLD_SAM>0</SIGNATURE_THRESHOLD_SAM>
	</signature>
	<signature ID="20210720_100925329192_835">
		<MACROCLASSID>1</MACROCLASSID>
		<MACROCLASSINFO>waterbody</MACROCLASSINFO>
		<CLASSID>2</CLASSID>
		<CLASSINFO>C 1</CLASSINFO>
		<VALUES>[0.1194490796662009, 0.002315457640241951, 0.09514025376599414, 0.002885350743063782, 0.05590375548492938, 0.0035077103448701388, 0.02789396824677887, 0.0018222158562393057, 0.006635324164138497, 0.0021270585405043143, 0.004607491007861571, 0.002861131391740595]</VALUES>
		<LCS_MIN>[0.11069536954164505, 0.08213619887828827, 0.04674273729324341, 0.020720770582556725, 0.0, 0.0]</LCS_MIN>
		<LCS_MAX>[0.12854507565498352, 0.10822425782680511, 0.07187436521053314, 0.03642934933304787, 0.017510736361145973, 0.01347726583480835]</LCS_MAX>
		<WAVELENGTH>[0.485, 0.56, 0.66, 0.83, 1.65, 2.215]</WAVELENGTH>
		<MEAN_VALUE>[0.1194490796662009, 0.09514025376599414, 0.05590375548492938, 0.02789396824677887, 0.006635324164138497, 0.004607491007861571]</MEAN_VALUE>
		<CHECKBOX>2</CHECKBOX>
		<SD>[0.002315457640241951, 0.002885350743063782, 0.0035077103448701388, 0.0018222158562393057, 0.0021270585405043143, 0.002861131391740595]</SD>
		<WAVELENGTH_UNIT>E-6m</WAVELENGTH_UNIT>
		<COLOR>#83a4eb</COLOR>
		<COVARIANCE_MATRIX>[[5.279112523809081e-06, 2.548653518700479e-06, 2.7618816640210917e-06, 5.101077325367392e-07, 2.6066874392325598e-08, -1.0043410905510365e-07], [2.548653518700479e-06, 7.904794471279653e-06, 5.767660007035778e-06, 1.066068002469618e-06, 1.1799200634877207e-08, 2.745963197840677e-08], [2.7618816640210917e-06, 5.767660007035778e-06, 1.1097960140331143e-05, 1.2661566572184208e-06, -2.3210499038327824e-07, -2.1120278429139283e-07], [5.101077325367392e-07, 1.066068002469618e-06, 1.2661566572184208e-06, 3.2071596118776452e-06, -3.7614136781930775e-08, -1.3752504649048335e-08], [2.6066874392325598e-08, 1.1799200634877207e-08, -2.3210499038327824e-07, -3.7614136781930775e-08, 4.546241057011625e-06, 7.554395075465917e-07], [-1.0043410905510365e-07, 2.745963197840677e-08, -2.1120278429139283e-07, -1.3752504649048335e-08, 7.554395075465917e-07, 8.152022409685006e-06]]</COVARIANCE_MATRIX>
		<ROI_SIZE>10200</ROI_SIZE>
		<MAX_VALUE>[0.12854507565498352, 0.10822425782680511, 0.07187436521053314, 0.03642934933304787, 0.017510736361145973, 0.01347726583480835]</MAX_VALUE>
		<MIN_VALUE>[0.11069536954164505, 0.08213619887828827, 0.04674273729324341, 0.020720770582556725, 0.0, 0.0]</MIN_VALUE>
		<SIGNATURE_THRESHOLD_MD>0</SIGNATURE_THRESHOLD_MD>
		<SIGNATURE_THRESHOLD_ML>0</SIGNATURE_THRESHOLD_ML>
		<SIGNATURE_THRESHOLD_SAM>0</SIGNATURE_THRESHOLD_SAM>
	</signature>
	<signature ID="20210720_100931302863_394">
		<MACROCLASSID>1</MACROCLASSID>
		<MACROCLASSINFO>waterbody</MACROCLASSINFO>
		<CLASSID>3</CLASSID>
		<CLASSINFO>C 1</CLASSINFO>
		<VALUES>[0.12115321427636118, 0.0023571929100255173, 0.11929177328053021, 0.003219418559618995, 0.10768611595794735, 0.004467839460478235, 0.04517130155637253, 0.006237051167665713, 0.008764390643029116, 0.0036986197577779114, 0.00578861028589178, 0.003478046993316373]</VALUES>
		<LCS_MIN>[0.11248032003641129, 0.09331679344177246, 0.07815728336572647, 0.03642934933304787, 0.0, 0.0]</LCS_MIN>
		<LCS_MAX>[0.13211500644683838, 0.1305854469537735, 0.1315619945526123, 0.0757007822394371, 0.04279467836022377, 0.04615627974271774]</LCS_MAX>
		<WAVELENGTH>[0.485, 0.56, 0.66, 0.83, 1.65, 2.215]</WAVELENGTH>
		<MEAN_VALUE>[0.12115321427636118, 0.11929177328053021, 0.10768611595794735, 0.04517130155637253, 0.008764390643029116, 0.00578861028589178]</MEAN_VALUE>
		<CHECKBOX>2</CHECKBOX>
		<SD>[0.0023571929100255173, 0.003219418559618995, 0.004467839460478235, 0.006237051167665713, 0.0036986197577779114, 0.003478046993316373]</SD>
		<WAVELENGTH_UNIT>E-6m</WAVELENGTH_UNIT>
		<COLOR>#0c4fba</COLOR>
		<COVARIANCE_MATRIX>[[5.710296577685386e-06, 3.4920200820261606e-06, 3.929874503251739e-06, 4.1835300697983287e-07, 1.9683807484104285e-07, 2.013840203454435e-07], [3.4920200820261606e-06, 1.1091679436356916e-05, 8.714475712268517e-06, 3.8027856143763104e-07, -7.869135558817867e-07, -2.119093674897704e-07], [3.929874503251739e-06, 8.714475712268517e-06, 2.0962734266864582e-05, 7.904191323639803e-06, -6.74151511345036e-08, 1.9962397104051532e-07], [4.1835300697983287e-07, 3.8027856143763104e-07, 7.904191323639803e-06, 3.7353207171578876e-05, 1.2931395712176831e-05, 7.579624259138015e-06], [1.9683807484104285e-07, -7.869135558817867e-07, -6.74151511345036e-08, 1.2931395712176831e-05, 1.2810825609029274e-05, 6.104488206224387e-06], [2.013840203454435e-07, -2.119093674897704e-07, 1.9962397104051532e-07, 7.579624259138015e-06, 6.104488206224387e-06, 1.1619001064742416e-05]]</COVARIANCE_MATRIX>
		<ROI_SIZE>4177</ROI_SIZE>
		<MAX_VALUE>[0.13211500644683838, 0.1305854469537735, 0.1315619945526123, 0.0757007822394371, 0.04279467836022377, 0.04615627974271774]</MAX_VALUE>
		<MIN_VALUE>[0.11248032003641129, 0.09331679344177246, 0.07815728336572647, 0.03642934933304787, 0.0, 0.0]</MIN_VALUE>
		<SIGNATURE_THRESHOLD_MD>0</SIGNATURE_THRESHOLD_MD>
		<SIGNATURE_THRESHOLD_ML>0</SIGNATURE_THRESHOLD_ML>
		<SIGNATURE_THRESHOLD_SAM>0</SIGNATURE_THRESHOLD_SAM>
	</signature>
	<signature ID="20210720_101227267506_717">
		<MACROCLASSID>1</MACROCLASSID>
		<MACROCLASSINFO>waterbody</MACROCLASSINFO>
		<CLASSID>4</CLASSID>
		<CLASSINFO>C 1</CLASSINFO>
		<VALUES>[0.12398621186442754, 0.0022580726626475287, 0.1209898462012353, 0.002977499998762923, 0.12668492392105168, 0.0034595410192888067, 0.08289904550460116, 0.006254005467544035, 0.015342710797685663, 0.007908468203851935, 0.009342426009711689, 0.006265224176049431]</VALUES>
		<LCS_MIN>[0.11605027318000793, 0.10822425782680511, 0.10957182943820953, 0.07177363336086273, 0.004868762101978064, 0.0]</LCS_MIN>
		<LCS_MAX>[0.13211500644683838, 0.13431233167648315, 0.13784490525722504, 0.11889936774969101, 0.05543665960431099, 0.04615627974271774]</LCS_MAX>
		<WAVELENGTH>[0.485, 0.56, 0.66, 0.83, 1.65, 2.215]</WAVELENGTH>
		<MEAN_VALUE>[0.12398621186442754, 0.1209898462012353, 0.12668492392105168, 0.08289904550460116, 0.015342710797685663, 0.009342426009711689]</MEAN_VALUE>
		<CHECKBOX>2</CHECKBOX>
		<SD>[0.0022580726626475287, 0.002977499998762923, 0.0034595410192888067, 0.006254005467544035, 0.007908468203851935, 0.006265224176049431]</SD>
		<WAVELENGTH_UNIT>E-6m</WAVELENGTH_UNIT>
		<COLOR>#3ba403</COLOR>
		<COVARIANCE_MATRIX>[[5.102802343162479e-06, 2.129787716460951e-06, 2.229846312793141e-06, 7.967967382428686e-07, 9.969319103956498e-07, 1.667470226226801e-06], [2.129787716460951e-06, 8.872304943739575e-06, 5.760800507075686e-06, -2.191888070794977e-06, -1.0991406229792757e-06, 7.075594029027108e-07], [2.229846312793141e-06, 5.760800507075686e-06, 1.1977602303454336e-05, -4.573789063587881e-06, -4.545438479933018e-06, -8.480392243358888e-07], [7.967967382428686e-07, -2.191888070794977e-06, -4.573789063587881e-06, 3.9142578701251645e-05, 3.795906703992355e-05, 2.6925388027016243e-05], [9.969319103956498e-07, -1.0991406229792757e-06, -4.545438479933018e-06, 3.795906703992355e-05, 6.259183242131504e-05, 4.08138682007351e-05], [1.667470226226801e-06, 7.075594029027108e-07, -8.480392243358888e-07, 2.6925388027016243e-05, 4.08138682007351e-05, 3.928313599607469e-05]]</COVARIANCE_MATRIX>
		<ROI_SIZE>1305</ROI_SIZE>
		<MAX_VALUE>[0.13211500644683838, 0.13431233167648315, 0.13784490525722504, 0.11889936774969101, 0.05543665960431099, 0.04615627974271774]</MAX_VALUE>
		<MIN_VALUE>[0.11605027318000793, 0.10822425782680511, 0.10957182943820953, 0.07177363336086273, 0.004868762101978064, 0.0]</MIN_VALUE>
		<SIGNATURE_THRESHOLD_MD>0</SIGNATURE_THRESHOLD_MD>
		<SIGNATURE_THRESHOLD_ML>0</SIGNATURE_THRESHOLD_ML>
		<SIGNATURE_THRESHOLD_SAM>0</SIGNATURE_THRESHOLD_SAM>
	</signature>
	<signature ID="20210720_101232254447_100">
		<MACROCLASSID>1</MACROCLASSID>
		<MACROCLASSINFO>waterbody</MACROCLASSINFO>
		<CLASSID>5</CLASSID>
		<CLASSINFO>C 1</CLASSINFO>
		<VALUES>[0.1266247940830972, 0.0021959250555414413, 0.12322460254219084, 0.002057128028580562, 0.12963406548971695, 0.002357416457453059, 0.08821218706056212, 0.006261023126019517, 0.01853994823709857, 0.007861703380908299, 0.01222226201282934, 0.006892583827823007]</VALUES>
		<LCS_MIN>[0.12140518426895142, 0.11567799001932144, 0.1221376284956932, 0.0757007822394371, 0.007397156208753586, 0.0]</LCS_MIN>
		<LCS_MAX>[0.13568493723869324, 0.13431233167648315, 0.1409863531589508, 0.12675365805625916, 0.05037986859679222, 0.049787282943725586]</LCS_MAX>
		<WAVELENGTH>[0.485, 0.56, 0.66, 0.83, 1.65, 2.215]</WAVELENGTH>
		<MEAN_VALUE>[0.1266247940830972, 0.12322460254219084, 0.12963406548971695, 0.08821218706056212, 0.01853994823709857, 0.01222226201282934]</MEAN_VALUE>
		<CHECKBOX>2</CHECKBOX>
		<SD>[0.0021959250555414413, 0.002057128028580562, 0.002357416457453059, 0.006261023126019517, 0.007861703380908299, 0.006892583827823007]</SD>
		<WAVELENGTH_UNIT>E-6m</WAVELENGTH_UNIT>
		<COLOR>#57625d</COLOR>
		<COVARIANCE_MATRIX>[[4.827099413847384e-06, 1.0982528118416708e-06, 1.3476368154291324e-06, 4.026421829464415e-06, 4.474239987925281e-06, 4.4170393241336814e-06], [1.0982528118416708e-06, 4.23617466123783e-06, 1.5058083063532675e-06, 2.731513902213026e-06, 2.8330674517640002e-06, 3.126976716584294e-06], [1.3476368154291324e-06, 1.5058083063532675e-06, 5.563189289789302e-06, 2.4603778329158927e-06, 2.2257496286653585e-06, 3.135526911327582e-06], [4.026421829464415e-06, 2.731513902213026e-06, 2.4603778329158927e-06, 3.92411594521026e-05, 3.41555502821408e-05, 2.6492551726083826e-05], [4.474239987925281e-06, 2.8330674517640002e-06, 2.2257496286653585e-06, 3.41555502821408e-05, 6.187062784569408e-05, 4.562397875329831e-05], [4.4170393241336814e-06, 3.126976716584294e-06, 3.135526911327582e-06, 2.6492551726083826e-05, 4.562397875329831e-05, 4.755709613939221e-05]]</COVARIANCE_MATRIX>
		<ROI_SIZE>963</ROI_SIZE>
		<MAX_VALUE>[0.13568493723869324, 0.13431233167648315, 0.1409863531589508, 0.12675365805625916, 0.05037986859679222, 0.049787282943725586]</MAX_VALUE>
		<MIN_VALUE>[0.12140518426895142, 0.11567799001932144, 0.1221376284956932, 0.0757007822394371, 0.007397156208753586, 0.0]</MIN_VALUE>
		<SIGNATURE_THRESHOLD_MD>0</SIGNATURE_THRESHOLD_MD>
		<SIGNATURE_THRESHOLD_ML>0</SIGNATURE_THRESHOLD_ML>
		<SIGNATURE_THRESHOLD_SAM>0</SIGNATURE_THRESHOLD_SAM>
	</signature>
	<signature ID="20210720_101237391683_539">
		<MACROCLASSID>1</MACROCLASSID>
		<MACROCLASSINFO>waterbody</MACROCLASSINFO>
		<CLASSID>6</CLASSID>
		<CLASSINFO>C 1</CLASSINFO>
		<VALUES>[0.12487062943887105, 0.0019661848919322973, 0.12431110663315911, 0.0021823408986835157, 0.13052810053046365, 0.002485244535285069, 0.08523280991689298, 0.009873197039787738, 0.02001912797037867, 0.008406795204404146, 0.012868267547374567, 0.007494166318361526]</VALUES>
		<LCS_MIN>[0.11783525347709656, 0.1194048598408699, 0.1221376284956932, 0.07177363336086273, 0.004868762101978064, 0.0025842583272606134]</LCS_MIN>
		<LCS_MAX>[0.13211500644683838, 0.1305854469537735, 0.1409863531589508, 0.11889936774969101, 0.05290825664997101, 0.049787282943725586]</LCS_MAX>
		<WAVELENGTH>[0.485, 0.56, 0.66, 0.83, 1.65, 2.215]</WAVELENGTH>
		<MEAN_VALUE>[0.12487062943887105, 0.12431110663315911, 0.13052810053046365, 0.08523280991689298, 0.02001912797037867, 0.012868267547374567]</MEAN_VALUE>
		<CHECKBOX>2</CHECKBOX>
		<SD>[0.0019661848919322973, 0.0021823408986835157, 0.002485244535285069, 0.009873197039787738, 0.008406795204404146, 0.007494166318361526]</SD>
		<WAVELENGTH_UNIT>E-6m</WAVELENGTH_UNIT>
		<COLOR>#f9f537</COLOR>
		<COVARIANCE_MATRIX>[[3.872009626773538e-06, 5.87313659841724e-07, 5.049579038476358e-07, 1.0865512681790479e-06, 1.971949774273469e-06, 2.257591594663544e-06], [5.87313659841724e-07, 4.770159518824415e-06, 1.314065164122699e-06, -2.0050260423979264e-06, -8.275728759682497e-07, -7.410787557378533e-08], [5.049579038476358e-07, 1.314065164122699e-06, 6.186228736773216e-06, 1.541839538427306e-06, -2.059915733392051e-06, 1.6475414145351547e-07], [1.0865512681790479e-06, -2.0050260423979264e-06, 1.541839538427306e-06, 9.763450476236338e-05, 5.704488452349687e-05, 4.5700009695984094e-05], [1.971949774273469e-06, -8.275728759682497e-07, -2.059915733392051e-06, 5.704488452349687e-05, 7.07862091042105e-05, 5.144865737980923e-05], [2.257591594663544e-06, -7.410787557378533e-08, 1.6475414145351547e-07, 4.5700009695984094e-05, 5.144865737980923e-05, 5.6251534399668866e-05]]</COVARIANCE_MATRIX>
		<ROI_SIZE>632</ROI_SIZE>
		<MAX_VALUE>[0.13211500644683838, 0.1305854469537735, 0.1409863531589508, 0.11889936774969101, 0.05290825664997101, 0.049787282943725586]</MAX_VALUE>
		<MIN_VALUE>[0.11783525347709656, 0.1194048598408699, 0.1221376284956932, 0.07177363336086273, 0.004868762101978064, 0.0025842583272606134]</MIN_VALUE>
		<SIGNATURE_THRESHOLD_MD>0</SIGNATURE_THRESHOLD_MD>
		<SIGNATURE_THRESHOLD_ML>0</SIGNATURE_THRESHOLD_ML>
		<SIGNATURE_THRESHOLD_SAM>0</SIGNATURE_THRESHOLD_SAM>
	</signature>
	<signature ID="20210720_101251960765_780">
		<MACROCLASSID>1</MACROCLASSID>
		<MACROCLASSINFO>waterbody</MACROCLASSINFO>
		<CLASSID>7</CLASSID>
		<CLASSINFO>C 1</CLASSINFO>
		<VALUES>[0.10894096112335322, 0.002761376479134109, 0.08418860161380516, 0.005765003700874526, 0.048327175753355094, 0.005565636570494355, 0.02649807924113263, 0.0026607344539559203, 0.005534918963056312, 0.002543308947351417, 0.0035270257307875785, 0.002846509813106904]</VALUES>
		<LCS_MIN>[0.0999855324625969, 0.06722873449325562, 0.03731837123632431, 0.020720770582556725, 0.0, 0.0]</LCS_MIN>
		<LCS_MAX>[0.11783525347709656, 0.10449739545583725, 0.07187436521053314, 0.06391936540603638, 0.04532308131456375, 0.038894280791282654]</LCS_MAX>
		<WAVELENGTH>[0.485, 0.56, 0.66, 0.83, 1.65, 2.215]</WAVELENGTH>
		<MEAN_VALUE>[0.10894096112335322, 0.08418860161380516, 0.048327175753355094, 0.02649807924113263, 0.005534918963056312, 0.0035270257307875785]</MEAN_VALUE>
		<CHECKBOX>2</CHECKBOX>
		<SD>[0.002761376479134109, 0.005765003700874526, 0.005565636570494355, 0.0026607344539559203, 0.002543308947351417, 0.002846509813106904]</SD>
		<WAVELENGTH_UNIT>E-6m</WAVELENGTH_UNIT>
		<COLOR>#be6bd0</COLOR>
		<COVARIANCE_MATRIX>[[8.563587801576033e-06, 1.1553997727093117e-05, 1.1011998429424017e-05, -6.433840728435926e-07, -3.229607386913142e-07, -1.1993313163292914e-07], [1.1553997727093117e-05, 3.74700217733407e-05, 3.318770985837497e-05, -1.4054334651321156e-06, -2.9220515327824623e-07, 1.208780605849694e-09], [1.1011998429424017e-05, 3.318770985837497e-05, 3.748996725875056e-05, -4.295975251254569e-07, 2.261847965976809e-07, 3.6991119254523404e-07], [-6.433840728435926e-07, -1.4054334651321156e-06, -4.295975251254569e-07, 6.118949748497192e-06, 1.3297301007301344e-06, 8.478628805240572e-07], [-3.229607386913142e-07, -2.9220515327824623e-07, 2.261847965976809e-07, 1.3297301007301344e-06, 5.716814070325322e-06, 1.5335329047708169e-06], [-1.1993313163292914e-07, 1.208780605849694e-09, 3.6991119254523404e-07, 8.478628805240572e-07, 1.5335329047708169e-06, 7.71826962843117e-06]]</COVARIANCE_MATRIX>
		<ROI_SIZE>10096</ROI_SIZE>
		<MAX_VALUE>[0.11783525347709656, 0.10449739545583725, 0.07187436521053314, 0.06391936540603638, 0.04532308131456375, 0.038894280791282654]</MAX_VALUE>
		<MIN_VALUE>[0.0999855324625969, 0.06722873449325562, 0.03731837123632431, 0.020720770582556725, 0.0, 0.0]</MIN_VALUE>
		<SIGNATURE_THRESHOLD_MD>0</SIGNATURE_THRESHOLD_MD>
		<SIGNATURE_THRESHOLD_ML>0</SIGNATURE_THRESHOLD_ML>
		<SIGNATURE_THRESHOLD_SAM>0</SIGNATURE_THRESHOLD_SAM>
	</signature>
	<signature ID="20210720_101256716356_421">
		<MACROCLASSID>1</MACROCLASSID>
		<MACROCLASSINFO>waterbody</MACROCLASSINFO>
		<CLASSID>8</CLASSID>
		<CLASSINFO>C 1</CLASSINFO>
		<VALUES>[0.11802787969731052, 0.0022378784073260384, 0.09566299891339054, 0.0037852375961535544, 0.055791264543119216, 0.004606500065065575, 0.029987148741389264, 0.0019046845982568878, 0.007968312706805989, 0.00225125117969777, 0.00561416667610216, 0.002888213682242974]</VALUES>
		<LCS_MIN>[0.11069536954164505, 0.08213619887828827, 0.04674273729324341, 0.024647915735840797, 0.0, 0.0]</LCS_MIN>
		<LCS_MAX>[0.13033004105091095, 0.12313172221183777, 0.09072310477495193, 0.03642934933304787, 0.017510736361145973, 0.017108265310525894]</LCS_MAX>
		<WAVELENGTH>[0.485, 0.56, 0.66, 0.83, 1.65, 2.215]</WAVELENGTH>
		<MEAN_VALUE>[0.11802787969731052, 0.09566299891339054, 0.055791264543119216, 0.029987148741389264, 0.007968312706805989, 0.00561416667610216]</MEAN_VALUE>
		<CHECKBOX>2</CHECKBOX>
		<SD>[0.0022378784073260384, 0.0037852375961535544, 0.004606500065065575, 0.0019046845982568878, 0.00225125117969777, 0.002888213682242974]</SD>
		<WAVELENGTH_UNIT>E-6m</WAVELENGTH_UNIT>
		<COLOR>#11ce9c</COLOR>
		<COVARIANCE_MATRIX>[[4.861461904771108e-06, 2.468174777479826e-06, 2.635041541133448e-06, 3.2722056770066e-07, -7.957224848327713e-09, -1.2374166142177252e-07], [2.468174777479826e-06, 1.1072747915664885e-05, 9.52223681980475e-06, 5.650221138256368e-07, -5.185997940775036e-07, -6.412733416390007e-07], [2.635041541133448e-06, 9.52223681980475e-06, 1.615243629698158e-05, 3.880471170057207e-07, -1.0750978432737276e-06, -1.0839021855088723e-06], [3.2722056770066e-07, 5.650221138256368e-07, 3.880471170057207e-07, 3.6620736070167663e-06, 2.315727641391467e-07, 2.129004429917983e-07], [-7.957224848327713e-09, -5.185997940775036e-07, -1.0750978432737276e-06, 2.315727641391467e-07, 5.033088199638274e-06, 1.1003899251234638e-06], [-1.2374166142177252e-07, -6.412733416390007e-07, -1.0839021855088723e-06, 2.129004429917983e-07, 1.1003899251234638e-06, 8.260103977456249e-06]]</COVARIANCE_MATRIX>
		<ROI_SIZE>10200</ROI_SIZE>
		<MAX_VALUE>[0.13033004105091095, 0.12313172221183777, 0.09072310477495193, 0.03642934933304787, 0.017510736361145973, 0.017108265310525894]</MAX_VALUE>
		<MIN_VALUE>[0.11069536954164505, 0.08213619887828827, 0.04674273729324341, 0.024647915735840797, 0.0, 0.0]</MIN_VALUE>
		<SIGNATURE_THRESHOLD_MD>0</SIGNATURE_THRESHOLD_MD>
		<SIGNATURE_THRESHOLD_ML>0</SIGNATURE_THRESHOLD_ML>
		<SIGNATURE_THRESHOLD_SAM>0</SIGNATURE_THRESHOLD_SAM>
	</signature>
	<signature ID="20210720_101302753215_590">
		<MACROCLASSID>1</MACROCLASSID>
		<MACROCLASSINFO>waterbody</MACROCLASSINFO>
		<CLASSID>9</CLASSID>
		<CLASSINFO>C 1</CLASSINFO>
		<VALUES>[0.10848386355312947, 0.0030547736899169922, 0.10040382801528917, 0.004971526428946114, 0.0770596627699563, 0.004230671585805768, 0.04923593776532447, 0.010620279142318051, 0.0207803874018501, 0.008026889992011788, 0.011857639722354027, 0.0052453082384098905]</VALUES>
		<LCS_MIN>[0.09106068313121796, 0.05977501720190048, 0.04045982286334038, 0.032502204179763794, 0.007397156208753586, 0.0]</LCS_MIN>
		<LCS_MAX>[0.11605027318000793, 0.10822425782680511, 0.0844401866197586, 0.08355507254600525, 0.05290825664997101, 0.03526327386498451]</LCS_MAX>
		<WAVELENGTH>[0.485, 0.56, 0.66, 0.83, 1.65, 2.215]</WAVELENGTH>
		<MEAN_VALUE>[0.10848386355312947, 0.10040382801528917, 0.0770596627699563, 0.04923593776532447, 0.0207803874018501, 0.011857639722354027]</MEAN_VALUE>
		<CHECKBOX>2</CHECKBOX>
		<SD>[0.0030547736899169922, 0.004971526428946114, 0.004230671585805768, 0.010620279142318051, 0.008026889992011788, 0.0052453082384098905]</SD>
		<WAVELENGTH_UNIT>E-6m</WAVELENGTH_UNIT>
		<COLOR>#f8e1a7</COLOR>
		<COVARIANCE_MATRIX>[[9.35041823684367e-06, 1.0176497272445401e-05, 8.681003052951692e-06, -1.1296638174404155e-05, -7.00224313830804e-06, -2.76191859782296e-06], [1.0176497272445401e-05, 2.476580556697684e-05, 1.7123030767600438e-05, -1.646789900841947e-05, -1.0610522019680939e-05, -4.519606125732843e-06], [8.681003052951692e-06, 1.7123030767600438e-05, 1.79345953105397e-05, -1.5106636223369221e-05, -9.42893153619233e-06, -3.7714226193928314e-06], [-1.1296638174404155e-05, -1.646789900841947e-05, -1.5106636223369221e-05, 0.00011301727137274939, 6.8504410373328e-05, 3.258829935089426e-05], [-7.00224313830804e-06, -1.0610522019680939e-05, -9.42893153619233e-06, 6.8504410373328e-05, 6.456060270833356e-05, 2.921158264635546e-05], [-2.76191859782296e-06, -4.519606125732843e-06, -3.7714226193928314e-06, 3.258829935089426e-05, 2.921158264635546e-05, 2.7568617184976805e-05]]</COVARIANCE_MATRIX>
		<ROI_SIZE>498</ROI_SIZE>
		<MAX_VALUE>[0.11605027318000793, 0.10822425782680511, 0.0844401866197586, 0.08355507254600525, 0.05290825664997101, 0.03526327386498451]</MAX_VALUE>
		<MIN_VALUE>[0.09106068313121796, 0.05977501720190048, 0.04045982286334038, 0.032502204179763794, 0.007397156208753586, 0.0]</MIN_VALUE>
		<SIGNATURE_THRESHOLD_MD>0</SIGNATURE_THRESHOLD_MD>
		<SIGNATURE_THRESHOLD_ML>0</SIGNATURE_THRESHOLD_ML>
		<SIGNATURE_THRESHOLD_SAM>0</SIGNATURE_THRESHOLD_SAM>
	</signature>
	<signature ID="20210720_101307271760_311">
		<MACROCLASSID>1</MACROCLASSID>
		<MACROCLASSINFO>waterbody</MACROCLASSINFO>
		<CLASSID>10</CLASSID>
		<CLASSINFO>C 1</CLASSINFO>
		<VALUES>[0.11529240851920061, 0.003237842142729101, 0.11391865953740617, 0.00601397580112298, 0.07972800632543325, 0.004395904101087343, 0.04302212272838342, 0.007937649776102073, 0.013684597258376716, 0.006683410804722116, 0.007673261028014683, 0.004883184318114343]</VALUES>
		<LCS_MIN>[0.09641560912132263, 0.07840932905673981, 0.04988418519496918, 0.032502204179763794, 0.0023403672967106104, 0.0]</LCS_MIN>
		<LCS_MAX>[0.12319014966487885, 0.12313172221183777, 0.09072310477495193, 0.07962793111801147, 0.05037986859679222, 0.03526327386498451]</LCS_MAX>
		<WAVELENGTH>[0.485, 0.56, 0.66, 0.83, 1.65, 2.215]</WAVELENGTH>
		<MEAN_VALUE>[0.11529240851920061, 0.11391865953740617, 0.07972800632543325, 0.04302212272838342, 0.013684597258376716, 0.007673261028014683]</MEAN_VALUE>
		<CHECKBOX>2</CHECKBOX>
		<SD>[0.003237842142729101, 0.00601397580112298, 0.004395904101087343, 0.007937649776102073, 0.006683410804722116, 0.004883184318114343]</SD>
		<WAVELENGTH_UNIT>E-6m</WAVELENGTH_UNIT>
		<COLOR>#acf28c</COLOR>
		<COVARIANCE_MATRIX>[[1.0490947822113907e-05, 1.4280853656427189e-05, 9.028274645973995e-06, -4.28774528253058e-06, -2.9080306170362305e-06, -2.268570563634841e-06], [1.4280853656427189e-05, 3.619317950318485e-05, 2.024112295104202e-05, -9.625875356180441e-06, -6.624204378025214e-06, -5.017218774245042e-06], [9.028274645973995e-06, 2.024112295104202e-05, 1.9337476690461075e-05, 1.051786204119176e-06, 1.0296269816434469e-06, 3.840474188489406e-07], [-4.28774528253058e-06, -9.625875356180441e-06, 1.051786204119176e-06, 6.305031351659841e-05, 4.2089818303556483e-05, 2.596328832386644e-05], [-2.9080306170362305e-06, -6.624204378025214e-06, 1.0296269816434469e-06, 4.2089818303556483e-05, 4.469919450597932e-05, 2.394606300934579e-05], [-2.268570563634841e-06, -5.017218774245042e-06, 3.840474188489406e-07, 2.596328832386644e-05, 2.394606300934579e-05, 2.3862152599062685e-05]]</COVARIANCE_MATRIX>
		<ROI_SIZE>1432</ROI_SIZE>
		<MAX_VALUE>[0.12319014966487885, 0.12313172221183777, 0.09072310477495193, 0.07962793111801147, 0.05037986859679222, 0.03526327386498451]</MAX_VALUE>
		<MIN_VALUE>[0.09641560912132263, 0.07840932905673981, 0.04988418519496918, 0.032502204179763794, 0.0023403672967106104, 0.0]</MIN_VALUE>
		<SIGNATURE_THRESHOLD_MD>0</SIGNATURE_THRESHOLD_MD>
		<SIGNATURE_THRESHOLD_ML>0</SIGNATURE_THRESHOLD_ML>
		<SIGNATURE_THRESHOLD_SAM>0</SIGNATURE_THRESHOLD_SAM>
	</signature>
	<signature ID="20210720_101314438757_631">
		<MACROCLASSID>1</MACROCLASSID>
		<MACROCLASSINFO>waterbody</MACROCLASSINFO>
		<CLASSID>11</CLASSID>
		<CLASSINFO>C 1</CLASSINFO>
		<VALUES>[0.11444219080982979, 0.00275231214184833, 0.10798923000022098, 0.0053478712657028015, 0.08077515839590682, 0.005565687034670909, 0.0608413239252997, 0.013970895516688692, 0.029036571617817166, 0.012270630076946336, 0.01752187783393571, 0.009480152135208735]</VALUES>
		<LCS_MIN>[0.10355547070503235, 0.0895899310708046, 0.06559146195650101, 0.04035649076104164, 0.004868762101978064, 0.0]</LCS_MIN>
		<LCS_MAX>[0.12140518426895142, 0.1194048598408699, 0.10014745593070984, 0.09533651173114777, 0.060493454337120056, 0.05341827869415283]</LCS_MAX>
		<WAVELENGTH>[0.485, 0.56, 0.66, 0.83, 1.65, 2.215]</WAVELENGTH>
		<MEAN_VALUE>[0.11444219080982979, 0.10798923000022098, 0.08077515839590682, 0.0608413239252997, 0.029036571617817166, 0.01752187783393571]</MEAN_VALUE>
		<CHECKBOX>2</CHECKBOX>
		<SD>[0.00275231214184833, 0.0053478712657028015, 0.005565687034670909, 0.013970895516688692, 0.012270630076946336, 0.009480152135208735]</SD>
		<WAVELENGTH_UNIT>E-6m</WAVELENGTH_UNIT>
		<COLOR>#295360</COLOR>
		<COVARIANCE_MATRIX>[[7.60949914936107e-06, 8.349669698165342e-06, 8.643695499141569e-06, -1.0015386709635988e-05, -2.068426279979545e-06, -6.431132308424947e-07], [8.349669698165342e-06, 2.8729137604278665e-05, 2.1172893168669602e-05, -2.2051450979243044e-05, -1.2671149840519036e-05, -7.617570570322319e-06], [8.643695499141569e-06, 2.1172893168669602e-05, 3.1117039010292616e-05, 6.252210941378928e-06, 1.61252799240333e-05, 1.621778646119037e-05], [-1.0015386709635988e-05, -2.2051450979243044e-05, 6.252210941378928e-06, 0.00019606911575333744, 0.0001361442022384603, 9.388605624934714e-05], [-2.068426279979545e-06, -1.2671149840519036e-05, 1.61252799240333e-05, 0.0001361442022384603, 0.0001512496672928856, 9.743213118358161e-05], [-6.431132308424947e-07, -7.617570570322319e-06, 1.621778646119037e-05, 9.388605624934714e-05, 9.743213118358161e-05, 9.02799509524344e-05]]</COVARIANCE_MATRIX>
		<ROI_SIZE>222</ROI_SIZE>
		<MAX_VALUE>[0.12140518426895142, 0.1194048598408699, 0.10014745593070984, 0.09533651173114777, 0.060493454337120056, 0.05341827869415283]</MAX_VALUE>
		<MIN_VALUE>[0.10355547070503235, 0.0895899310708046, 0.06559146195650101, 0.04035649076104164, 0.004868762101978064, 0.0]</MIN_VALUE>
		<SIGNATURE_THRESHOLD_MD>0</SIGNATURE_THRESHOLD_MD>
		<SIGNATURE_THRESHOLD_ML>0</SIGNATURE_THRESHOLD_ML>
		<SIGNATURE_THRESHOLD_SAM>0</SIGNATURE_THRESHOLD_SAM>
	</signature>
	<signature ID="20210720_101319216593_874">
		<MACROCLASSID>1</MACROCLASSID>
		<MACROCLASSINFO>waterbody</MACROCLASSINFO>
		<CLASSID>12</CLASSID>
		<CLASSINFO>C 1</CLASSINFO>
		<VALUES>[0.11019556924700734, 0.00555971817236066, 0.10203766040503982, 0.010957491762277139, 0.07620957717299466, 0.00903712874709897, 0.06486186955124142, 0.013049940263551009, 0.02686579696834087, 0.008942800714584228, 0.014167154836468398, 0.005641389292722521]</VALUES>
		<LCS_MIN>[0.09641560912132263, 0.07468247413635254, 0.05302564427256584, 0.03642934933304787, 0.012453947216272354, 0.0025842583272606134]</LCS_MIN>
		<LCS_MAX>[0.11962020397186279, 0.11567799001932144, 0.08758164942264557, 0.0914093628525734, 0.05290825664997101, 0.03163227438926697]</LCS_MAX>
		<WAVELENGTH>[0.485, 0.56, 0.66, 0.83, 1.65, 2.215]</WAVELENGTH>
		<MEAN_VALUE>[0.11019556924700734, 0.10203766040503982, 0.07620957717299466, 0.06486186955124142, 0.02686579696834087, 0.014167154836468398]</MEAN_VALUE>
		<CHECKBOX>2</CHECKBOX>
		<SD>[0.00555971817236066, 0.010957491762277139, 0.00903712874709897, 0.013049940263551009, 0.008942800714584228, 0.005641389292722521]</SD>
		<WAVELENGTH_UNIT>E-6m</WAVELENGTH_UNIT>
		<COLOR>#dd2782</COLOR>
		<COVARIANCE_MATRIX>[[3.122269308694701e-05, 5.54039629921386e-05, 4.5178681900030535e-05, -3.421932649782819e-05, -1.7295693850941644e-05, -2.7286569296345956e-06], [5.54039629921386e-05, 0.0001212794199195669, 9.46177629625279e-05, -7.24641520413781e-05, -3.976691434183139e-05, -8.127552473300298e-06], [4.5178681900030535e-05, 9.46177629625279e-05, 8.249464241580042e-05, -6.05781248412512e-05, -2.9171875033517506e-05, -4.288430980424856e-06], [-3.421932649782819e-05, -7.24641520413781e-05, -6.05781248412512e-05, 0.000172021152406313, 5.6587381082634326e-05, 2.3973184064915178e-05], [-1.7295693850941644e-05, -3.976691434183139e-05, -2.9171875033517506e-05, 5.6587381082634326e-05, 8.078149961693755e-05, 3.929113671115583e-05], [-2.7286569296345956e-06, -8.127552473300298e-06, -4.288430980424856e-06, 2.3973184064915178e-05, 3.929113671115583e-05, 3.214674055762052e-05]]</COVARIANCE_MATRIX>
		<ROI_SIZE>100</ROI_SIZE>
		<MAX_VALUE>[0.11962020397186279, 0.11567799001932144, 0.08758164942264557, 0.0914093628525734, 0.05290825664997101, 0.03163227438926697]</MAX_VALUE>
		<MIN_VALUE>[0.09641560912132263, 0.07468247413635254, 0.05302564427256584, 0.03642934933304787, 0.012453947216272354, 0.0025842583272606134]</MIN_VALUE>
		<SIGNATURE_THRESHOLD_MD>0</SIGNATURE_THRESHOLD_MD>
		<SIGNATURE_THRESHOLD_ML>0</SIGNATURE_THRESHOLD_ML>
		<SIGNATURE_THRESHOLD_SAM>0</SIGNATURE_THRESHOLD_SAM>
	</signature>
	<signature ID="20210720_101331256014_677">
		<MACROCLASSID>1</MACROCLASSID>
		<MACROCLASSINFO>waterbody</MACROCLASSINFO>
		<CLASSID>13</CLASSID>
		<CLASSINFO>C 1</CLASSINFO>
		<VALUES>[0.10891527199248141, 0.0033024815360624834, 0.0949573297198718, 0.005912811054599574, 0.07079214684191587, 0.006725930553927798, 0.04418968503768933, 0.009456010367751327, 0.013807276413430325, 0.008335594391844817, 0.009046690825943324, 0.006688383607352719]</VALUES>
		<LCS_MIN>[0.09820056706666946, 0.07840932905673981, 0.05302564427256584, 0.02857506275177002, 0.0, 0.0]</LCS_MIN>
		<LCS_MAX>[0.11962020397186279, 0.11195112019777298, 0.10328890383243561, 0.07962793111801147, 0.04532308131456375, 0.04615627974271774]</LCS_MAX>
		<WAVELENGTH>[0.485, 0.56, 0.66, 0.83, 1.65, 2.215]</WAVELENGTH>
		<MEAN_VALUE>[0.10891527199248141, 0.0949573297198718, 0.07079214684191587, 0.04418968503768933, 0.013807276413430325, 0.009046690825943324]</MEAN_VALUE>
		<CHECKBOX>2</CHECKBOX>
		<SD>[0.0033024815360624834, 0.005912811054599574, 0.006725930553927798, 0.009456010367751327, 0.008335594391844817, 0.006688383607352719]</SD>
		<WAVELENGTH_UNIT>E-6m</WAVELENGTH_UNIT>
		<COLOR>#c1637a</COLOR>
		<COVARIANCE_MATRIX>[[1.0396708095632605e-05, 1.324028440240359e-05, 1.545088085463473e-05, -4.194302253602628e-06, 3.904058141897527e-07, 2.3447361474708636e-07], [1.324028440240359e-05, 3.232384465863388e-05, 3.268981162696616e-05, -7.911015024732505e-06, 1.617444241743403e-06, 1.4680815069294198e-06], [1.545088085463473e-05, 3.268981162696616e-05, 4.520765510720715e-05, 4.943788237064485e-06, 1.2975837397193746e-05, 1.0251840181912375e-05], [-4.194302253602628e-06, -7.911015024732505e-06, 4.943788237064485e-06, 8.036199023502124e-05, 4.873319025246445e-05, 3.648014331436811e-05], [3.904058141897527e-07, 1.617444241743403e-06, 1.2975837397193746e-05, 4.873319025246445e-05, 6.91674203236448e-05, 4.503728597401808e-05], [2.3447361474708636e-07, 1.4680815069294198e-06, 1.0251840181912375e-05, 3.648014331436811e-05, 4.503728597401808e-05, 4.4204337139276124e-05]]</COVARIANCE_MATRIX>
		<ROI_SIZE>2871</ROI_SIZE>
		<MAX_VALUE>[0.11962020397186279, 0.11195112019777298, 0.10328890383243561, 0.07962793111801147, 0.04532308131456375, 0.04615627974271774]</MAX_VALUE>
		<MIN_VALUE>[0.09820056706666946, 0.07840932905673981, 0.05302564427256584, 0.02857506275177002, 0.0, 0.0]</MIN_VALUE>
		<SIGNATURE_THRESHOLD_MD>0</SIGNATURE_THRESHOLD_MD>
		<SIGNATURE_THRESHOLD_ML>0</SIGNATURE_THRESHOLD_ML>
		<SIGNATURE_THRESHOLD_SAM>0</SIGNATURE_THRESHOLD_SAM>
	</signature>
	<signature ID="20210720_101352761830_101">
		<MACROCLASSID>1</MACROCLASSID>
		<MACROCLASSINFO>waterbody</MACROCLASSINFO>
		<CLASSID>14</CLASSID>
		<CLASSINFO>C 1</CLASSINFO>
		<VALUES>[0.10503842251460459, 0.0031491009129102337, 0.09366945791526511, 0.006292456682773312, 0.07009328963606948, 0.007125822985471445, 0.04665188921530344, 0.009107345840550115, 0.01771770068518996, 0.008956730664175511, 0.011033144328032232, 0.0068417696841784024]</VALUES>
		<LCS_MIN>[0.09463062137365341, 0.07468247413635254, 0.05302564427256584, 0.032502204179763794, 0.0, 0.0]</LCS_MIN>
		<LCS_MAX>[0.11605027318000793, 0.10449739545583725, 0.09072310477495193, 0.07962793111801147, 0.05543665960431099, 0.04615627974271774]</LCS_MAX>
		<WAVELENGTH>[0.485, 0.56, 0.66, 0.83, 1.65, 2.215]</WAVELENGTH>
		<MEAN_VALUE>[0.10503842251460459, 0.09366945791526511, 0.07009328963606948, 0.04665188921530344, 0.01771770068518996, 0.011033144328032232]</MEAN_VALUE>
		<CHECKBOX>2</CHECKBOX>
		<SD>[0.0031491009129102337, 0.006292456682773312, 0.007125822985471445, 0.009107345840550115, 0.008956730664175511, 0.0068417696841784024]</SD>
		<WAVELENGTH_UNIT>E-6m</WAVELENGTH_UNIT>
		<COLOR>#4e0d8c</COLOR>
		<COVARIANCE_MATRIX>[[9.924795497540975e-06, 1.486883968722481e-05, 1.6549372498599325e-05, 1.914166652880083e-06, -1.0887232107214099e-06, 4.965896524505419e-08], [1.486883968722481e-05, 3.962678880209414e-05, 3.905945585281376e-05, 5.384582509332402e-07, -6.408810830018274e-06, -3.407026768563189e-06], [1.6549372498599325e-05, 3.905945585281376e-05, 5.08181055101771e-05, 1.1152303048440394e-05, 3.2325635365017044e-06, 5.125924952589922e-06], [1.914166652880083e-06, 5.384582509332402e-07, 1.1152303048440394e-05, 8.301031627564504e-05, 6.307077259159074e-05, 4.3385161998975905e-05], [-1.0887232107214099e-06, -6.408810830018274e-06, 3.2325635365017044e-06, 6.307077259159074e-05, 8.028740864017316e-05, 5.0583769804968075e-05], [4.965896524505419e-08, -3.407026768563189e-06, 5.125924952589922e-06, 4.3385161998975905e-05, 5.0583769804968075e-05, 4.684738047908851e-05]]</COVARIANCE_MATRIX>
		<ROI_SIZE>1247</ROI_SIZE>
		<MAX_VALUE>[0.11605027318000793, 0.10449739545583725, 0.09072310477495193, 0.07962793111801147, 0.05543665960431099, 0.04615627974271774]</MAX_VALUE>
		<MIN_VALUE>[0.09463062137365341, 0.07468247413635254, 0.05302564427256584, 0.032502204179763794, 0.0, 0.0]</MIN_VALUE>
		<SIGNATURE_THRESHOLD_MD>0</SIGNATURE_THRESHOLD_MD>
		<SIGNATURE_THRESHOLD_ML>0</SIGNATURE_THRESHOLD_ML>
		<SIGNATURE_THRESHOLD_SAM>0</SIGNATURE_THRESHOLD_SAM>
	</signature>
	<signature ID="20210720_101359128073_111">
		<MACROCLASSID>1</MACROCLASSID>
		<MACROCLASSINFO>waterbody</MACROCLASSINFO>
		<CLASSID>15</CLASSID>
		<CLASSINFO>C 1</CLASSINFO>
		<VALUES>[0.10361184499373559, 0.0022571282923226606, 0.09033137928890557, 0.003696137333297191, 0.06700346336552983, 0.004093511460847401, 0.04017460345437645, 0.006979836356402139, 0.012523244016705758, 0.006525495552637804, 0.0075116247594307515, 0.004952124459508814]</VALUES>
		<LCS_MIN>[0.09641560912132263, 0.07840932905673981, 0.05616709962487221, 0.02857506275177002, 0.0, 0.0]</LCS_MIN>
		<LCS_MAX>[0.11069536954164505, 0.10077052563428879, 0.0844401866197586, 0.0757007822394371, 0.04026629030704498, 0.0425252802670002]</LCS_MAX>
		<WAVELENGTH>[0.485, 0.56, 0.66, 0.83, 1.65, 2.215]</WAVELENGTH>
		<MEAN_VALUE>[0.10361184499373559, 0.09033137928890557, 0.06700346336552983, 0.04017460345437645, 0.012523244016705758, 0.0075116247594307515]</MEAN_VALUE>
		<CHECKBOX>2</CHECKBOX>
		<SD>[0.0022571282923226606, 0.003696137333297191, 0.004093511460847401, 0.006979836356402139, 0.006525495552637804, 0.004952124459508814]</SD>
		<WAVELENGTH_UNIT>E-6m</WAVELENGTH_UNIT>
		<COLOR>#eaa46c</COLOR>
		<COVARIANCE_MATRIX>[[5.0973109232261335e-06, 3.5558496036508016e-06, 4.066128583532398e-06, -3.662578630951276e-07, -4.0831933065080044e-09, 2.5604107103332183e-07], [3.5558496036508016e-06, 1.3668625199856385e-05, 1.072811215899885e-05, -5.190730194618581e-06, -4.20466773362664e-06, -2.053643054790081e-06], [4.066128583532398e-06, 1.072811215899885e-05, 1.676566011172686e-05, 8.805217693800694e-08, -5.1578973554707494e-08, 1.591057246920061e-06], [-3.662578630951276e-07, -5.190730194618581e-06, 8.805217693800694e-08, 4.874377017803629e-05, 3.385783060877456e-05, 2.1215951875440983e-05], [-4.0831933065080044e-09, -4.20466773362664e-06, -5.1578973554707494e-08, 3.385783060877456e-05, 4.2604515636778285e-05, 2.3932382214829662e-05], [2.5604107103332183e-07, -2.053643054790081e-06, 1.591057246920061e-06, 2.1215951875440983e-05, 2.3932382214829662e-05, 2.4536450583825395e-05]]</COVARIANCE_MATRIX>
		<ROI_SIZE>1900</ROI_SIZE>
		<MAX_VALUE>[0.11069536954164505, 0.10077052563428879, 0.0844401866197586, 0.0757007822394371, 0.04026629030704498, 0.0425252802670002]</MAX_VALUE>
		<MIN_VALUE>[0.09641560912132263, 0.07840932905673981, 0.05616709962487221, 0.02857506275177002, 0.0, 0.0]</MIN_VALUE>
		<SIGNATURE_THRESHOLD_MD>0</SIGNATURE_THRESHOLD_MD>
		<SIGNATURE_THRESHOLD_ML>0</SIGNATURE_THRESHOLD_ML>
		<SIGNATURE_THRESHOLD_SAM>0</SIGNATURE_THRESHOLD_SAM>
	</signature>
	<signature ID="20210720_101501795041_658">
		<MACROCLASSID>1</MACROCLASSID>
		<MACROCLASSINFO>waterbody</MACROCLASSINFO>
		<CLASSID>16</CLASSID>
		<CLASSINFO>C 1</CLASSINFO>
		<VALUES>[0.11991594681108493, 0.0022027165045693507, 0.11622930207901461, 0.0027839450510184455, 0.09339054363101897, 0.003975507969959616, 0.0541479707690033, 0.010191727098261561, 0.026090821132791295, 0.009295681392705143, 0.01784950627093947, 0.007496993879686181]</VALUES>
		<LCS_MIN>[0.11248032003641129, 0.10822425782680511, 0.0844401866197586, 0.03642934933304787, 0.007397156208753586, 0.0025842583272606134]</LCS_MIN>
		<LCS_MAX>[0.12497512996196747, 0.12313172221183777, 0.10643035918474197, 0.08748222142457962, 0.057965051382780075, 0.05341827869415283]</LCS_MAX>
		<WAVELENGTH>[0.485, 0.56, 0.66, 0.83, 1.65, 2.215]</WAVELENGTH>
		<MEAN_VALUE>[0.11991594681108493, 0.11622930207901461, 0.09339054363101897, 0.0541479707690033, 0.026090821132791295, 0.01784950627093947]</MEAN_VALUE>
		<CHECKBOX>2</CHECKBOX>
		<SD>[0.0022027165045693507, 0.0027839450510184455, 0.003975507969959616, 0.010191727098261561, 0.009295681392705143, 0.007496993879686181]</SD>
		<WAVELENGTH_UNIT>E-6m</WAVELENGTH_UNIT>
