<?xml version="1.0" ?>
<signaturelist MCID_LIST="[['1', 'waterbody', '#000000'], ['2', 'vegetation', '#000000'], ['3', 'bareland', '#000000'], ['4', 'built-up', '#000000']]">
	<signature ID="20210720_095611383729_435">
		<MACROCLASSID>1</MACROCLASSID>
		<MACROCLASSINFO>waterbody</MACROCLASSINFO>
		<CLASSID>1</CLASSID>
		<CLASSINFO>C 1</CLASSINFO>
		<VALUES>[0.1186085518733627, 0.0024040648410988187, 0.09035875826771356, 0.0034755841260751246, 0.048798330806138664, 0.002602008326664285, 0.02777864823326873, 0.0022209932541414506, 0.006863582200932689, 0.002313313311342991, 0.004920158692594673, 0.002945028731869232]</VALUES>
		<LCS_MIN>[0.09641560912132263, 0.05977501720190048, 0.03731837123632431, 0.020720770582556725, 0.0, 0.0]</LCS_MIN>
		<LCS_MAX>[0.12497512996196747, 0.10077052563428879, 0.05616709962487221, 0.06784649938344955, 0.03520950302481651, 0.020739266648888588]</LCS_MAX>
		<WAVELENGTH>[0.485, 0.56, 0.66, 0.83, 1.65, 2.215]</WAVELENGTH>
		<MEAN_VALUE>[0.1186085518733627, 0.09035875826771356, 0.048798330806138664, 0.02777864823326873, 0.006863582200932689, 0.004920158692594673]</MEAN_VALUE>
		<CHECKBOX>2</CHECKBOX>
		<SD>[0.0024040648410988187, 0.0034755841260751246, 0.002602008326664285, 0.0022209932541414506, 0.002313313311342991, 0.002945028731869232]</SD>
		<WAVELENGTH_UNIT>E-6m</WAVELENGTH_UNIT>
		<COLOR>#4d02bd</COLOR>
		<COVARIANCE_MATRIX>[[5.256727490632329e-06, 3.4220975067000836e-06, 2.248953478556359e-06, -3.1409763323608786e-07, -3.4503918300288206e-07, -1.7983109046326717e-07], [3.4220975067000836e-06, 1.0911667231994215e-05, 5.055201199866133e-06, -3.1456980309485516e-07, -6.23469759375439e-07, -3.800461172431824e-07], [2.248953478556359e-06, 5.055201199866133e-06, 6.607862360397121e-06, 2.882508738366596e-07, -1.770503530451606e-07, -1.7065404733784817e-07], [-3.1409763323608786e-07, -3.1456980309485516e-07, 2.882508738366596e-07, 4.167230144958012e-06, 9.380714800499845e-07, 6.486251891146821e-07], [-3.4503918300288206e-07, -6.23469759375439e-07, -1.770503530451606e-07, 9.380714800499845e-07, 5.277566287986701e-06, 1.232445242749236e-06], [-1.7983109046326717e-07, -3.800461172431824e-07, -1.7065404733784817e-07, 6.486251891146821e-07, 1.232445242749236e-06, 8.68518964125542e-06]]</COVARIANCE_MATRIX>
		<ROI_SIZE>10136</ROI_SIZE>
		<MAX_VALUE>[0.12497512996196747, 0.10077052563428879, 0.05616709962487221, 0.06784649938344955, 0.03520950302481651, 0.020739266648888588]</MAX_VALUE>
		<MIN_VALUE>[0.09641560912132263, 0.05977501720190048, 0.03731837123632431, 0.020720770582556725, 0.0, 0.0]</MIN_VALUE>
		<SIGNATURE_THRESHOLD_MD>0.0</SIGNATURE_THRESHOLD_MD>
		<SIGNATURE_THRESHOLD_ML>0.0</SIGNATURE_THRESHOLD_ML>
		<SIGNATURE_THRESHOLD_SAM>0.0</SIGNATURE_THRESHOLD_SAM>
	</signature>
	<signature ID="20210720_100925329192_835">
		<MACROCLASSID>1</MACROCLASSID>
		<MACROCLASSINFO>waterbody</MACROCLASSINFO>
		<CLASSID>2</CLASSID>
		<CLASSINFO>C 1</CLASSINFO>
		<VALUES>[0.1194490796662009, 0.002315457640241951, 0.09514025376599414, 0.002885350743063782, 0.05590375548492938, 0.0035077103448701388, 0.02789396824677887, 0.0018222158562393057, 0.006635324164138497, 0.0021270585405043143, 0.004607491007861571, 0.002861131391740595]</VALUES>
		<LCS_MIN>[0.11069536954164505, 0.08213619887828827, 0.04674273729324341, 0.020720770582556725, 0.0, 0.0]</LCS_MIN>
		<LCS_MAX>[0.12854507565498352, 0.10822425782680511, 0.07187436521053314, 0.03642934933304787, 0.017510736361145973, 0.01347726583480835]</LCS_MAX>
		<WAVELENGTH>[0.485, 0.56, 0.66, 0.83, 1.65, 2.215]</WAVELENGTH>
		<MEAN_VALUE>[0.1194490796662009, 0.09514025376599414, 0.05590375548492938, 0.02789396824677887, 0.006635324164138497, 0.004607491007861571]</MEAN_VALUE>
		<CHECKBOX>2</CHECKBOX>
		<SD>[0.002315457640241951, 0.002885350743063782, 0.0035077103448701388, 0.0018222158562393057, 0.0021270585405043143, 0.002861131391740595]</SD>
		<WAVELENGTH_UNIT>E-6m</WAVELENGTH_UNIT>
		<COLOR>#83a4eb</COLOR>
		<COVARIANCE_MATRIX>[[5.279112428979715e-06, 2.548653583289706e-06, 2.7618816602625884e-06, 5.101077249491937e-07, 2.6066874880825708e-08, -1.0043410725302238e-07], [2.548653583289706e-06, 7.904794074420352e-06, 5.767659786215518e-06, 1.0660679663487826e-06, 1.1799200727580228e-08, 2.7459632789827992e-08], [2.7618816602625884e-06, 5.767659786215518e-06, 1.1097959941253066e-05, 1.2661566870519891e-06, -2.3210499477954727e-07, -2.1120278859143582e-07], [5.101077249491937e-07, 1.0660679663487826e-06, 1.2661566870519891e-06, 3.2071595796878682e-06, -3.761413580605222e-08, -1.3752504912645236e-08], [2.6066874880825708e-08, 1.1799200727580228e-08, -2.3210499477954727e-07, -3.761413580605222e-08, 4.546241143543739e-06, 7.554394869657699e-07], [-1.0043410725302238e-07, 2.7459632789827992e-08, -2.1120278859143582e-07, -1.3752504912645236e-08, 7.554394869657699e-07, 8.152022019203287e-06]]</COVARIANCE_MATRIX>
		<ROI_SIZE>10200</ROI_SIZE>
		<MAX_VALUE>[0.12854507565498352, 0.10822425782680511, 0.07187436521053314, 0.03642934933304787, 0.017510736361145973, 0.01347726583480835]</MAX_VALUE>
		<MIN_VALUE>[0.11069536954164505, 0.08213619887828827, 0.04674273729324341, 0.020720770582556725, 0.0, 0.0]</MIN_VALUE>
		<SIGNATURE_THRESHOLD_MD>0.0</SIGNATURE_THRESHOLD_MD>
		<SIGNATURE_THRESHOLD_ML>0.0</SIGNATURE_THRESHOLD_ML>
		<SIGNATURE_THRESHOLD_SAM>0.0</SIGNATURE_THRESHOLD_SAM>
	</signature>
	<signature ID="20210720_100931302863_394">
		<MACROCLASSID>1</MACROCLASSID>
		<MACROCLASSINFO>waterbody</MACROCLASSINFO>
		<CLASSID>3</CLASSID>
		<CLASSINFO>C 1</CLASSINFO>
		<VALUES>[0.12115321427636118, 0.0023571929100255173, 0.11929177328053021, 0.003219418559618995, 0.10768611595794735, 0.004467839460478235, 0.04517130155637253, 0.006237051167665713, 0.008764390643029116, 0.0036986197577779114, 0.00578861028589178, 0.003478046993316373]</VALUES>
		<LCS_MIN>[0.11248032003641129, 0.09331679344177246, 0.07815728336572647, 0.03642934933304787, 0.0, 0.0]</LCS_MIN>
		<LCS_MAX>[0.13211500644683838, 0.1305854469537735, 0.1315619945526123, 0.0757007822394371, 0.04279467836022377, 0.04615627974271774]</LCS_MAX>
		<WAVELENGTH>[0.485, 0.56, 0.66, 0.83, 1.65, 2.215]</WAVELENGTH>
		<MEAN_VALUE>[0.12115321427636118, 0.11929177328053021, 0.10768611595794735, 0.04517130155637253, 0.008764390643029116, 0.00578861028589178]</MEAN_VALUE>
		<CHECKBOX>2</CHECKBOX>
		<SD>[0.0023571929100255173, 0.003219418559618995, 0.004467839460478235, 0.006237051167665713, 0.0036986197577779114, 0.003478046993316373]</SD>
		<WAVELENGTH_UNIT>E-6m</WAVELENGTH_UNIT>
		<COLOR>#0c4fba</COLOR>
		<COVARIANCE_MATRIX>[[5.7102965911326464e-06, 3.4920201414934127e-06, 3.929874310415471e-06, 4.183530109003186e-07, 1.9683807295223232e-07, 2.0138402589964244e-07], [3.4920201414934127e-06, 1.1091679880337324e-05, 8.714475370652508e-06, 3.802785499829042e-07, -7.869135743021616e-07, -2.1190936649873038e-07], [3.929874310415471e-06, 8.714475370652508e-06, 2.0962734197382815e-05, 7.904191079433076e-06, -6.741515079511373e-08, 1.9962396891060052e-07], [4.183530109003186e-07, 3.802785499829042e-07, 7.904191079433076e-06, 3.7353205698309466e-05, 1.2931395758641884e-05, 7.57962425268488e-06], [1.9683807295223232e-07, -7.869135743021616e-07, -6.741515079511373e-08, 1.2931395758641884e-05, 1.281082586501725e-05, 6.104488420533016e-06], [2.0138402589964244e-07, -2.1190936649873038e-07, 1.9962396891060052e-07, 7.57962425268488e-06, 6.104488420533016e-06, 1.161900127044646e-05]]</COVARIANCE_MATRIX>
		<ROI_SIZE>4177</ROI_SIZE>
		<MAX_VALUE>[0.13211500644683838, 0.1305854469537735, 0.1315619945526123, 0.0757007822394371, 0.04279467836022377, 0.04615627974271774]</MAX_VALUE>
		<MIN_VALUE>[0.11248032003641129, 0.09331679344177246, 0.07815728336572647, 0.03642934933304787, 0.0, 0.0]</MIN_VALUE>
		<SIGNATURE_THRESHOLD_MD>0.0</SIGNATURE_THRESHOLD_MD>
		<SIGNATURE_THRESHOLD_ML>0.0</SIGNATURE_THRESHOLD_ML>
		<SIGNATURE_THRESHOLD_SAM>0.0</SIGNATURE_THRESHOLD_SAM>
	</signature>
	<signature ID="20210720_101227267506_717">
		<MACROCLASSID>1</MACROCLASSID>
		<MACROCLASSINFO>waterbody</MACROCLASSINFO>
		<CLASSID>4</CLASSID>
		<CLASSINFO>C 1</CLASSINFO>
		<VALUES>[0.12398621186442754, 0.0022580726626475287, 0.1209898462012353, 0.002977499998762923, 0.12668492392105168, 0.0034595410192888067, 0.08289904550460116, 0.006254005467544035, 0.015342710797685663, 0.007908468203851935, 0.009342426009711689, 0.006265224176049431]</VALUES>
		<LCS_MIN>[0.11605027318000793, 0.10822425782680511, 0.10957182943820953, 0.07177363336086273, 0.004868762101978064, 0.0]</LCS_MIN>
		<LCS_MAX>[0.13211500644683838, 0.13431233167648315, 0.13784490525722504, 0.11889936774969101, 0.05543665960431099, 0.04615627974271774]</LCS_MAX>
		<WAVELENGTH>[0.485, 0.56, 0.66, 0.83, 1.65, 2.215]</WAVELENGTH>
		<MEAN_VALUE>[0.12398621186442754, 0.1209898462012353, 0.12668492392105168, 0.08289904550460116, 0.015342710797685663, 0.009342426009711689]</MEAN_VALUE>
		<CHECKBOX>2</CHECKBOX>
		<SD>[0.0022580726626475287, 0.002977499998762923, 0.0034595410192888067, 0.006254005467544035, 0.007908468203851935, 0.006265224176049431]</SD>
		<WAVELENGTH_UNIT>E-6m</WAVELENGTH_UNIT>
		<COLOR>#3ba403</COLOR>
		<COVARIANCE_MATRIX>[[5.102802333567524e-06, 2.1297876173775876e-06, 2.2298463591141626e-06, 7.967967121658148e-07, 9.969319307856495e-07, 1.6674702010277542e-06], [2.1297876173775876e-06, 8.872304533724673e-06, 5.760800377174746e-06, -2.1918881429883186e-06, -1.099140604310378e-06, 7.075594226080284e-07], [2.2298463591141626e-06, 5.760800377174746e-06, 1.1977602298429701e-05, -4.57378928331309e-06, -4.545438514469424e-06, -8.480392352794297e-07], [7.967967121658148e-07, -2.1918881429883186e-06, -4.57378928331309e-06, 3.914257831638679e-05, 3.7959067412884906e-05, 2.6925388738163747e-05], [9.969319307856495e-07, -1.099140604310378e-06, -4.545438514469424e-06, 3.7959067412884906e-05, 6.259183282963932e-05, 4.081386941834353e-05], [1.6674702010277542e-06, 7.075594226080284e-07, -8.480392352794297e-07, 2.6925388738163747e-05, 4.081386941834353e-05, 3.9283135265577585e-05]]</COVARIANCE_MATRIX>
		<ROI_SIZE>1305</ROI_SIZE>
		<MAX_VALUE>[0.13211500644683838, 0.13431233167648315, 0.13784490525722504, 0.11889936774969101, 0.05543665960431099, 0.04615627974271774]</MAX_VALUE>
		<MIN_VALUE>[0.11605027318000793, 0.10822425782680511, 0.10957182943820953, 0.07177363336086273, 0.004868762101978064, 0.0]</MIN_VALUE>
		<SIGNATURE_THRESHOLD_MD>0.0</SIGNATURE_THRESHOLD_MD>
		<SIGNATURE_THRESHOLD_ML>0.0</SIGNATURE_THRESHOLD_ML>
		<SIGNATURE_THRESHOLD_SAM>0.0</SIGNATURE_THRESHOLD_SAM>
	</signature>
	<signature ID="20210720_101232254447_100">
		<MACROCLASSID>1</MACROCLASSID>
		<MACROCLASSINFO>waterbody</MACROCLASSINFO>
		<CLASSID>5</CLASSID>
		<CLASSINFO>C 1</CLASSINFO>
		<VALUES>[0.1266247940830972, 0.0021959250555414413, 0.12322460254219084, 0.002057128028580562, 0.12963406548971695, 0.002357416457453059, 0.08821218706056212, 0.006261023126019517, 0.01853994823709857, 0.007861703380908299, 0.01222226201282934, 0.006892583827823007]</VALUES>
		<LCS_MIN>[0.12140518426895142, 0.11567799001932144, 0.1221376284956932, 0.0757007822394371, 0.007397156208753586, 0.0]</LCS_MIN>
		<LCS_MAX>[0.13568493723869324, 0.13431233167648315, 0.1409863531589508, 0.12675365805625916, 0.05037986859679222, 0.049787282943725586]</LCS_MAX>
		<WAVELENGTH>[0.485, 0.56, 0.66, 0.83, 1.65, 2.215]</WAVELENGTH>
		<MEAN_VALUE>[0.1266247940830972, 0.12322460254219084, 0.12963406548971695, 0.08821218706056212, 0.01853994823709857, 0.01222226201282934]</MEAN_VALUE>
		<CHECKBOX>2</CHECKBOX>
		<SD>[0.0021959250555414413, 0.002057128028580562, 0.002357416457453059, 0.006261023126019517, 0.007861703380908299, 0.006892583827823007]</SD>
		<WAVELENGTH_UNIT>E-6m</WAVELENGTH_UNIT>
		<COLOR>#57625d</COLOR>
		<COVARIANCE_MATRIX>[[4.8270994739141315e-06, 1.0982528237946099e-06, 1.3476368394549354e-06, 4.026421720482176e-06, 4.474240085983183e-06, 4.4170392357045785e-06], [1.0982528237946099e-06, 4.2361748455732595e-06, 1.5058083135954803e-06, 2.7315138595440658e-06, 2.8330673558230046e-06, 3.1269767077901633e-06], [1.3476368394549354e-06, 1.5058083135954803e-06, 5.563189461099682e-06, 2.4603778001619503e-06, 2.2257495402300265e-06, 3.1355268674815306e-06], [4.026421720482176e-06, 2.7315138595440658e-06, 2.4603778001619503e-06, 3.924116026610136e-05, 3.41555496561341e-05, 2.6492551114642993e-05], [4.474240085983183e-06, 2.8330673558230046e-06, 2.2257495402300265e-06, 3.41555496561341e-05, 6.187062535900623e-05, 4.562397953122854e-05], [4.4170392357045785e-06, 3.1269767077901633e-06, 3.1355268674815306e-06, 2.6492551114642993e-05, 4.562397953122854e-05, 4.755709596793167e-05]]</COVARIANCE_MATRIX>
		<ROI_SIZE>963</ROI_SIZE>
		<MAX_VALUE>[0.13568493723869324, 0.13431233167648315, 0.1409863531589508, 0.12675365805625916, 0.05037986859679222, 0.049787282943725586]</MAX_VALUE>
		<MIN_VALUE>[0.12140518426895142, 0.11567799001932144, 0.1221376284956932, 0.0757007822394371, 0.007397156208753586, 0.0]</MIN_VALUE>
		<SIGNATURE_THRESHOLD_MD>0.0</SIGNATURE_THRESHOLD_MD>
		<SIGNATURE_THRESHOLD_ML>0.0</SIGNATURE_THRESHOLD_ML>
		<SIGNATURE_THRESHOLD_SAM>0.0</SIGNATURE_THRESHOLD_SAM>
	</signature>
	<signature ID="20210720_101237391683_539">
		<MACROCLASSID>1</MACROCLASSID>
		<MACROCLASSINFO>waterbody</MACROCLASSINFO>
		<CLASSID>6</CLASSID>
		<CLASSINFO>C 1</CLASSINFO>
		<VALUES>[0.12487062943887105, 0.0019661848919322973, 0.12431110663315911, 0.0021823408986835157, 0.13052810053046365, 0.002485244535285069, 0.08523280991689298, 0.009873197039787738, 0.02001912797037867, 0.008406795204404146, 0.012868267547374567, 0.007494166318361526]</VALUES>
		<LCS_MIN>[0.11783525347709656, 0.1194048598408699, 0.1221376284956932, 0.07177363336086273, 0.004868762101978064, 0.0025842583272606134]</LCS_MIN>
		<LCS_MAX>[0.13211500644683838, 0.1305854469537735, 0.1409863531589508, 0.11889936774969101, 0.05290825664997101, 0.049787282943725586]</LCS_MAX>
		<WAVELENGTH>[0.485, 0.56, 0.66, 0.83, 1.65, 2.215]</WAVELENGTH>
		<MEAN_VALUE>[0.12487062943887105, 0.12431110663315911, 0.13052810053046365, 0.08523280991689298, 0.02001912797037867, 0.012868267547374567]</MEAN_VALUE>
		<CHECKBOX>2</CHECKBOX>
		<SD>[0.0019661848919322973, 0.0021823408986835157, 0.002485244535285069, 0.009873197039787738, 0.008406795204404146, 0.007494166318361526]</SD>
		<WAVELENGTH_UNIT>E-6m</WAVELENGTH_UNIT>
		<COLOR>#f9f537</COLOR>
		<COVARIANCE_MATRIX>[[3.872009529004572e-06, 5.873136501577392e-07, 5.04957881730661e-07, 1.0865512649615994e-06, 1.9719498141057556e-06, 2.257591631860123e-06], [5.873136501577392e-07, 4.770159648614936e-06, 1.3140651162757422e-06, -2.005026090046158e-06, -8.275728760054335e-07, -7.41078736155032e-08], [5.04957881730661e-07, 1.3140651162757422e-06, 6.186228802107507e-06, 1.541839537821943e-06, -2.0599156869138824e-06, 1.6475414099659247e-07], [1.0865512649615994e-06, -2.005026090046158e-06, 1.541839537821943e-06, 9.763450361788273e-05, 5.704488285118714e-05, 4.570000965031795e-05], [1.9719498141057556e-06, -8.275728760054335e-07, -2.0599156869138824e-06, 5.704488285118714e-05, 7.078620546963066e-05, 5.144865644979291e-05], [2.257591631860123e-06, -7.41078736155032e-08, 1.6475414099659247e-07, 4.570000965031795e-05, 5.144865644979291e-05, 5.625153426080942e-05]]</COVARIANCE_MATRIX>
		<ROI_SIZE>632</ROI_SIZE>
		<MAX_VALUE>[0.13211500644683838, 0.1305854469537735, 0.1409863531589508, 0.11889936774969101, 0.05290825664997101, 0.049787282943725586]</MAX_VALUE>
		<MIN_VALUE>[0.11783525347709656, 0.1194048598408699, 0.1221376284956932, 0.07177363336086273, 0.004868762101978064, 0.0025842583272606134]</MIN_VALUE>
		<SIGNATURE_THRESHOLD_MD>0.0</SIGNATURE_THRESHOLD_MD>
		<SIGNATURE_THRESHOLD_ML>0.0</SIGNATURE_THRESHOLD_ML>
		<SIGNATURE_THRESHOLD_SAM>0.0</SIGNATURE_THRESHOLD_SAM>
	</signature>
	<signature ID="20210720_101251960765_780">
		<MACROCLASSID>1</MACROCLASSID>
		<MACROCLASSINFO>waterbody</MACROCLASSINFO>
		<CLASSID>7</CLASSID>
		<CLASSINFO>C 1</CLASSINFO>
		<VALUES>[0.10894096112335322, 0.002761376479134109, 0.08418860161380516, 0.005765003700874526, 0.048327175753355094, 0.005565636570494355, 0.02649807924113263, 0.0026607344539559203, 0.005534918963056312, 0.002543308947351417, 0.0035270257307875785, 0.002846509813106904]</VALUES>
		<LCS_MIN>[0.0999855324625969, 0.06722873449325562, 0.03731837123632431, 0.020720770582556725, 0.0, 0.0]</LCS_MIN>
		<LCS_MAX>[0.11783525347709656, 0.10449739545583725, 0.07187436521053314, 0.06391936540603638, 0.04532308131456375, 0.038894280791282654]</LCS_MAX>
		<WAVELENGTH>[0.485, 0.56, 0.66, 0.83, 1.65, 2.215]</WAVELENGTH>
		<MEAN_VALUE>[0.10894096112335322, 0.08418860161380516, 0.048327175753355094, 0.02649807924113263, 0.005534918963056312, 0.0035270257307875785]</MEAN_VALUE>
		<CHECKBOX>2</CHECKBOX>
		<SD>[0.002761376479134109, 0.005765003700874526, 0.005565636570494355, 0.0026607344539559203, 0.002543308947351417, 0.002846509813106904]</SD>
		<WAVELENGTH_UNIT>E-6m</WAVELENGTH_UNIT>
		<COLOR>#be6bd0</COLOR>
		<COVARIANCE_MATRIX>[[8.563587471144274e-06, 1.1553997865121346e-05, 1.1011998140020296e-05, -6.433840553654591e-07, -3.2296074436999334e-07, -1.1993313364655478e-07], [1.1553997865121346e-05, 3.747002119780518e-05, 3.3187709050253034e-05, -1.4054334087632014e-06, -2.9220515784800227e-07, 1.2087806311456006e-09], [1.1011998140020296e-05, 3.3187709050253034e-05, 3.7489968235604465e-05, -4.295975202239788e-07, 2.2618479533775826e-07, 3.699111914556852e-07], [-6.433840553654591e-07, -1.4054334087632014e-06, -4.295975202239788e-07, 6.118949841038557e-06, 1.3297301393322414e-06, 8.478629069941235e-07], [-3.2296074436999334e-07, -2.9220515784800227e-07, 2.2618479533775826e-07, 1.3297301393322414e-06, 5.716814030165551e-06, 1.5335328953369753e-06], [-1.1993313364655478e-07, 1.2087806311456006e-09, 3.699111914556852e-07, 8.478629069941235e-07, 1.5335328953369753e-06, 7.718269444012549e-06]]</COVARIANCE_MATRIX>
		<ROI_SIZE>10096</ROI_SIZE>
		<MAX_VALUE>[0.11783525347709656, 0.10449739545583725, 0.07187436521053314, 0.06391936540603638, 0.04532308131456375, 0.038894280791282654]</MAX_VALUE>
		<MIN_VALUE>[0.0999855324625969, 0.06722873449325562, 0.03731837123632431, 0.020720770582556725, 0.0, 0.0]</MIN_VALUE>
		<SIGNATURE_THRESHOLD_MD>0.0</SIGNATURE_THRESHOLD_MD>
		<SIGNATURE_THRESHOLD_ML>0.0</SIGNATURE_THRESHOLD_ML>
		<SIGNATURE_THRESHOLD_SAM>0.0</SIGNATURE_THRESHOLD_SAM>
	</signature>
	<signature ID="20210720_101256716356_421">
		<MACROCLASSID>1</MACROCLASSID>
		<MACROCLASSINFO>waterbody</MACROCLASSINFO>
		<CLASSID>8</CLASSID>
		<CLASSINFO>C 1</CLASSINFO>
		<VALUES>[0.11802787969731052, 0.0022378784073260384, 0.09566299891339054, 0.0037852375961535544, 0.055791264543119216, 0.004606500065065575, 0.029987148741389264, 0.0019046845982568878, 0.007968312706805989, 0.00225125117969777, 0.00561416667610216, 0.002888213682242974]</VALUES>
		<LCS_MIN>[0.11069536954164505, 0.08213619887828827, 0.04674273729324341, 0.024647915735840797, 0.0, 0.0]</LCS_MIN>
		<LCS_MAX>[0.13033004105091095, 0.12313172221183777, 0.09072310477495193, 0.03642934933304787, 0.017510736361145973, 0.017108265310525894]</LCS_MAX>
		<WAVELENGTH>[0.485, 0.56, 0.66, 0.83, 1.65, 2.215]</WAVELENGTH>
		<MEAN_VALUE>[0.11802787969731052, 0.09566299891339054, 0.055791264543119216, 0.029987148741389264, 0.007968312706805989, 0.00561416667610216]</MEAN_VALUE>
		<CHECKBOX>2</CHECKBOX>
		<SD>[0.0022378784073260384, 0.0037852375961535544, 0.004606500065065575, 0.0019046845982568878, 0.00225125117969777, 0.002888213682242974]</SD>
		<WAVELENGTH_UNIT>E-6m</WAVELENGTH_UNIT>
		<COLOR>#11ce9c</COLOR>
		<COVARIANCE_MATRIX>[[4.861462002736516e-06, 2.468174670866574e-06, 2.635041482790257e-06, 3.2722056175771286e-07, -7.95722510105179e-09, -1.2374165692108363e-07], [2.468174670866574e-06, 1.1072747838625219e-05, 9.522236723569222e-06, 5.650221055475413e-07, -5.185997906664852e-07, -6.412733455363195e-07], [2.635041482790257e-06, 9.522236723569222e-06, 1.6152436728589237e-05, 3.880471126649354e-07, -1.0750978844953352e-06, -1.0839021342690103e-06], [3.2722056175771286e-07, 5.650221055475413e-07, 3.880471126649354e-07, 3.6620735954784323e-06, 2.3157276984875352e-07, 2.1290044571742328e-07], [-7.95722510105179e-09, -5.185997906664852e-07, -1.0750978844953352e-06, 2.3157276984875352e-07, 5.033088200434577e-06, 1.1003899089701008e-06], [-1.2374165692108363e-07, -6.412733455363195e-07, -1.0839021342690103e-06, 2.1290044571742328e-07, 1.1003899089701008e-06, 8.260103641077876e-06]]</COVARIANCE_MATRIX>
		<ROI_SIZE>10200</ROI_SIZE>
		<MAX_VALUE>[0.13033004105091095, 0.12313172221183777, 0.09072310477495193, 0.03642934933304787, 0.017510736361145973, 0.017108265310525894]</MAX_VALUE>
		<MIN_VALUE>[0.11069536954164505, 0.08213619887828827, 0.04674273729324341, 0.024647915735840797, 0.0, 0.0]</MIN_VALUE>
		<SIGNATURE_THRESHOLD_MD>0.0</SIGNATURE_THRESHOLD_MD>
		<SIGNATURE_THRESHOLD_ML>0.0</SIGNATURE_THRESHOLD_ML>
		<SIGNATURE_THRESHOLD_SAM>0.0</SIGNATURE_THRESHOLD_SAM>
	</signature>
	<signature ID="20210720_101302753215_590">
		<MACROCLASSID>1</MACROCLASSID>
		<MACROCLASSINFO>waterbody</MACROCLASSINFO>
		<CLASSID>9</CLASSID>
		<CLASSINFO>C 1</CLASSINFO>
		<VALUES>[0.10848386355312947, 0.0030547736899169922, 0.10040382801528917, 0.004971526428946114, 0.0770596627699563, 0.004230671585805768, 0.04923593776532447, 0.010620279142318051, 0.0207803874018501, 0.008026889992011788, 0.011857639722354027, 0.0052453082384098905]</VALUES>
		<LCS_MIN>[0.09106068313121796, 0.05977501720190048, 0.04045982286334038, 0.032502204179763794, 0.007397156208753586, 0.0]</LCS_MIN>
		<LCS_MAX>[0.11605027318000793, 0.10822425782680511, 0.0844401866197586, 0.08355507254600525, 0.05290825664997101, 0.03526327386498451]</LCS_MAX>
		<WAVELENGTH>[0.485, 0.56, 0.66, 0.83, 1.65, 2.215]</WAVELENGTH>
		<MEAN_VALUE>[0.10848386355312947, 0.10040382801528917, 0.0770596627699563, 0.04923593776532447, 0.0207803874018501, 0.011857639722354027]</MEAN_VALUE>
		<CHECKBOX>2</CHECKBOX>
		<SD>[0.0030547736899169922, 0.004971526428946114, 0.004230671585805768, 0.010620279142318051, 0.008026889992011788, 0.0052453082384098905]</SD>
		<WAVELENGTH_UNIT>E-6m</WAVELENGTH_UNIT>
		<COLOR>#f8e1a7</COLOR>
		<COVARIANCE_MATRIX>[[9.350418622489087e-06, 1.0176497198699508e-05, 8.681003237143159e-06, -1.129663814936066e-05, -7.00224336469546e-06, -2.7619184947980102e-06], [1.0176497198699508e-05, 2.4765806301729754e-05, 1.712303128442727e-05, -1.6467898603877984e-05, -1.0610521712806076e-05, -4.519606136454968e-06], [8.681003237143159e-06, 1.712303128442727e-05, 1.7934595234692097e-05, -1.51066360558616e-05, -9.428931662114337e-06, -3.7714225982199423e-06], [-1.129663814936066e-05, -1.6467898603877984e-05, -1.51066360558616e-05, 0.00011301727499812841, 6.850440695416182e-05, 3.2588301110081375e-05], [-7.00224336469546e-06, -1.0610521712806076e-05, -9.428931662114337e-06, 6.850440695416182e-05, 6.456060509663075e-05, 2.921158193203155e-05], [-2.7619184947980102e-06, -4.519606136454968e-06, -3.7714225982199423e-06, 3.2588301110081375e-05, 2.921158193203155e-05, 2.756861795205623e-05]]</COVARIANCE_MATRIX>
		<ROI_SIZE>498</ROI_SIZE>
		<MAX_VALUE>[0.11605027318000793, 0.10822425782680511, 0.0844401866197586, 0.08355507254600525, 0.05290825664997101, 0.03526327386498451]</MAX_VALUE>
		<MIN_VALUE>[0.09106068313121796, 0.05977501720190048, 0.04045982286334038, 0.032502204179763794, 0.007397156208753586, 0.0]</MIN_VALUE>
		<SIGNATURE_THRESHOLD_MD>0.0</SIGNATURE_THRESHOLD_MD>
		<SIGNATURE_THRESHOLD_ML>0.0</SIGNATURE_THRESHOLD_ML>
		<SIGNATURE_THRESHOLD_SAM>0.0</SIGNATURE_THRESHOLD_SAM>
	</signature>
	<signature ID="20210720_101307271760_311">
		<MACROCLASSID>1</MACROCLASSID>
		<MACROCLASSINFO>waterbody</MACROCLASSINFO>
		<CLASSID>10</CLASSID>
		<CLASSINFO>C 1</CLASSINFO>
		<VALUES>[0.11529240851920061, 0.003237842142729101, 0.11391865953740617, 0.00601397580112298, 0.07972800632543325, 0.004395904101087343, 0.04302212272838342, 0.007937649776102073, 0.013684597258376716, 0.006683410804722116, 0.007673261028014683, 0.004883184318114343]</VALUES>
		<LCS_MIN>[0.09641560912132263, 0.07840932905673981, 0.04988418519496918, 0.032502204179763794, 0.0023403672967106104, 0.0]</LCS_MIN>
		<LCS_MAX>[0.12319014966487885, 0.12313172221183777, 0.09072310477495193, 0.07962793111801147, 0.05037986859679222, 0.03526327386498451]</LCS_MAX>
		<WAVELENGTH>[0.485, 0.56, 0.66, 0.83, 1.65, 2.215]</WAVELENGTH>
		<MEAN_VALUE>[0.11529240851920061, 0.11391865953740617, 0.07972800632543325, 0.04302212272838342, 0.013684597258376716, 0.007673261028014683]</MEAN_VALUE>
		<CHECKBOX>2</CHECKBOX>
		<SD>[0.003237842142729101, 0.00601397580112298, 0.004395904101087343, 0.007937649776102073, 0.006683410804722116, 0.004883184318114343]</SD>
		<WAVELENGTH_UNIT>E-6m</WAVELENGTH_UNIT>
		<COLOR>#acf28c</COLOR>
		<COVARIANCE_MATRIX>[[1.0490947715879884e-05, 1.4280853974923957e-05, 9.028274689626414e-06, -4.287745468900539e-06, -2.9080306376272347e-06, -2.268570597152575e-06], [1.4280853974923957e-05, 3.619317794800736e-05, 2.024112291110214e-05, -9.62587546382565e-06, -6.624204161198577e-06, -5.017218882130692e-06], [9.028274689626414e-06, 2.024112291110214e-05, 1.933747626026161e-05, 1.0517861710468424e-06, 1.0296270147591713e-06, 3.8404741076192295e-07], [-4.287745468900539e-06, -9.62587546382565e-06, 1.0517861710468424e-06, 6.305031274678186e-05, 4.2089817725354806e-05, 2.5963288862840272e-05], [-2.9080306376272347e-06, -6.624204161198577e-06, 1.0296270147591713e-06, 4.2089817725354806e-05, 4.469919440452941e-05, 2.394606235611718e-05], [-2.268570597152575e-06, -5.017218882130692e-06, 3.8404741076192295e-07, 2.5963288862840272e-05, 2.394606235611718e-05, 2.386215237493161e-05]]</COVARIANCE_MATRIX>
		<ROI_SIZE>1432</ROI_SIZE>
		<MAX_VALUE>[0.12319014966487885, 0.12313172221183777, 0.09072310477495193, 0.07962793111801147, 0.05037986859679222, 0.03526327386498451]</MAX_VALUE>
		<MIN_VALUE>[0.09641560912132263, 0.07840932905673981, 0.04988418519496918, 0.032502204179763794, 0.0023403672967106104, 0.0]</MIN_VALUE>
		<SIGNATURE_THRESHOLD_MD>0.0</SIGNATURE_THRESHOLD_MD>
		<SIGNATURE_THRESHOLD_ML>0.0</SIGNATURE_THRESHOLD_ML>
		<SIGNATURE_THRESHOLD_SAM>0.0</SIGNATURE_THRESHOLD_SAM>
	</signature>
	<signature ID="20210720_101314438757_631">
		<MACROCLASSID>1</MACROCLASSID>
		<MACROCLASSINFO>waterbody</MACROCLASSINFO>
		<CLASSID>11</CLASSID>
		<CLASSINFO>C 1</CLASSINFO>
		<VALUES>[0.11444219080982979, 0.00275231214184833, 0.10798923000022098, 0.0053478712657028015, 0.08077515839590682, 0.005565687034670909, 0.0608413239252997, 0.013970895516688692, 0.029036571617817166, 0.012270630076946336, 0.01752187783393571, 0.009480152135208735]</VALUES>
		<LCS_MIN>[0.10355547070503235, 0.0895899310708046, 0.06559146195650101, 0.04035649076104164, 0.004868762101978064, 0.0]</LCS_MIN>
		<LCS_MAX>[0.12140518426895142, 0.1194048598408699, 0.10014745593070984, 0.09533651173114777, 0.060493454337120056, 0.05341827869415283]</LCS_MAX>
		<WAVELENGTH>[0.485, 0.56, 0.66, 0.83, 1.65, 2.215]</WAVELENGTH>
		<MEAN_VALUE>[0.11444219080982979, 0.10798923000022098, 0.08077515839590682, 0.0608413239252997, 0.029036571617817166, 0.01752187783393571]</MEAN_VALUE>
		<CHECKBOX>2</CHECKBOX>
		<SD>[0.00275231214184833, 0.0053478712657028015, 0.005565687034670909, 0.013970895516688692, 0.012270630076946336, 0.009480152135208735]</SD>
		<WAVELENGTH_UNIT>E-6m</WAVELENGTH_UNIT>
		<COLOR>#295360</COLOR>
		<COVARIANCE_MATRIX>[[7.609499334648717e-06, 8.349669769813772e-06, 8.643695764476433e-06, -1.0015386578743346e-05, -2.0684262835857226e-06, -6.431132533180062e-07], [8.349669769813772e-06, 2.8729136829497293e-05, 2.117289295711089e-05, -2.205145028710831e-05, -1.2671150216192473e-05, -7.617570645379601e-06], [8.643695764476433e-06, 2.117289295711089e-05, 3.1117040634853765e-05, 6.25221082373173e-06, 1.6125279216794297e-05, 1.6217785741901025e-05], [-1.0015386578743346e-05, -2.205145028710831e-05, 6.25221082373173e-06, 0.00019606911519076675, 0.000136144197313115, 9.388605394633487e-05], [-2.0684262835857226e-06, -1.2671150216192473e-05, 1.6125279216794297e-05, 0.000136144197313115, 0.00015124966739676893, 9.743213013280183e-05], [-6.431132533180062e-07, -7.617570645379601e-06, 1.6217785741901025e-05, 9.388605394633487e-05, 9.743213013280183e-05, 9.02799511095509e-05]]</COVARIANCE_MATRIX>
		<ROI_SIZE>222</ROI_SIZE>
		<MAX_VALUE>[0.12140518426895142, 0.1194048598408699, 0.10014745593070984, 0.09533651173114777, 0.060493454337120056, 0.05341827869415283]</MAX_VALUE>
		<MIN_VALUE>[0.10355547070503235, 0.0895899310708046, 0.06559146195650101, 0.04035649076104164, 0.004868762101978064, 0.0]</MIN_VALUE>
		<SIGNATURE_THRESHOLD_MD>0.0</SIGNATURE_THRESHOLD_MD>
		<SIGNATURE_THRESHOLD_ML>0.0</SIGNATURE_THRESHOLD_ML>
		<SIGNATURE_THRESHOLD_SAM>0.0</SIGNATURE_THRESHOLD_SAM>
	</signature>
	<signature ID="20210720_101319216593_874">
		<MACROCLASSID>1</MACROCLASSID>
		<MACROCLASSINFO>waterbody</MACROCLASSINFO>
		<CLASSID>12</CLASSID>
		<CLASSINFO>C 1</CLASSINFO>
		<VALUES>[0.11019556924700734, 0.00555971817236066, 0.10203766040503982, 0.010957491762277139, 0.07620957717299466, 0.00903712874709897, 0.06486186955124142, 0.013049940263551009, 0.02686579696834087, 0.008942800714584228, 0.014167154836468398, 0.005641389292722521]</VALUES>
		<LCS_MIN>[0.09641560912132263, 0.07468247413635254, 0.05302564427256584, 0.03642934933304787, 0.012453947216272354, 0.0025842583272606134]</LCS_MIN>
		<LCS_MAX>[0.11962020397186279, 0.11567799001932144, 0.08758164942264557, 0.0914093628525734, 0.05290825664997101, 0.03163227438926697]</LCS_MAX>
		<WAVELENGTH>[0.485, 0.56, 0.66, 0.83, 1.65, 2.215]</WAVELENGTH>
		<MEAN_VALUE>[0.11019556924700734, 0.10203766040503982, 0.07620957717299466, 0.06486186955124142, 0.02686579696834087, 0.014167154836468398]</MEAN_VALUE>
		<CHECKBOX>2</CHECKBOX>
		<SD>[0.00555971817236066, 0.010957491762277139, 0.00903712874709897, 0.013049940263551009, 0.008942800714584228, 0.005641389292722521]</SD>
		<WAVELENGTH_UNIT>E-6m</WAVELENGTH_UNIT>
		<COLOR>#dd2782</COLOR>
		<COVARIANCE_MATRIX>[[3.122269481536932e-05, 5.5403961596312e-05, 4.51786836492829e-05, -3.4219327062601224e-05, -1.729569339659065e-05, -2.7286569093121216e-06], [5.5403961596312e-05, 0.00012127942318329588, 9.461776062380522e-05, -7.246415043482557e-05, -3.976691368734464e-05, -8.127552064252086e-06], [4.51786836492829e-05, 9.461776062380522e-05, 8.249464008258656e-05, -6.057812424842268e-05, -2.9171875212341547e-05, -4.288430773158325e-06], [-3.4219327062601224e-05, -7.246415043482557e-05, -6.057812424842268e-05, 0.00017202115850523114, 5.658738155034371e-05, 2.397318348812405e-05], [-1.729569339659065e-05, -3.976691368734464e-05, -2.9171875212341547e-05, 5.658738155034371e-05, 8.078150131041184e-05, 3.929113518097438e-05], [-2.7286569093121216e-06, -8.127552064252086e-06, -4.288430773158325e-06, 2.397318348812405e-05, 3.929113518097438e-05, 3.214674143237062e-05]]</COVARIANCE_MATRIX>
		<ROI_SIZE>100</ROI_SIZE>
		<MAX_VALUE>[0.11962020397186279, 0.11567799001932144, 0.08758164942264557, 0.0914093628525734, 0.05290825664997101, 0.03163227438926697]</MAX_VALUE>
		<MIN_VALUE>[0.09641560912132263, 0.07468247413635254, 0.05302564427256584, 0.03642934933304787, 0.012453947216272354, 0.0025842583272606134]</MIN_VALUE>
		<SIGNATURE_THRESHOLD_MD>0.0</SIGNATURE_THRESHOLD_MD>
		<SIGNATURE_THRESHOLD_ML>0.0</SIGNATURE_THRESHOLD_ML>
		<SIGNATURE_THRESHOLD_SAM>0.0</SIGNATURE_THRESHOLD_SAM>
	</signature>
	<signature ID="20210720_101331256014_677">
		<MACROCLASSID>1</MACROCLASSID>
		<MACROCLASSINFO>waterbody</MACROCLASSINFO>
		<CLASSID>13</CLASSID>
		<CLASSINFO>C 1</CLASSINFO>
		<VALUES>[0.10891527199248141, 0.0033024815360624834, 0.0949573297198718, 0.005912811054599574, 0.07079214684191587, 0.006725930553927798, 0.04418968503768933, 0.009456010367751327, 0.013807276413430325, 0.008335594391844817, 0.009046690825943324, 0.006688383607352719]</VALUES>
		<LCS_MIN>[0.09820056706666946, 0.07840932905673981, 0.05302564427256584, 0.02857506275177002, 0.0, 0.0]</LCS_MIN>
		<LCS_MAX>[0.11962020397186279, 0.11195112019777298, 0.10328890383243561, 0.07962793111801147, 0.04532308131456375, 0.04615627974271774]</LCS_MAX>
		<WAVELENGTH>[0.485, 0.56, 0.66, 0.83, 1.65, 2.215]</WAVELENGTH>
		<MEAN_VALUE>[0.10891527199248141, 0.0949573297198718, 0.07079214684191587, 0.04418968503768933, 0.013807276413430325, 0.009046690825943324]</MEAN_VALUE>
		<CHECKBOX>2</CHECKBOX>
		<SD>[0.0033024815360624834, 0.005912811054599574, 0.006725930553927798, 0.009456010367751327, 0.008335594391844817, 0.006688383607352719]</SD>
		<WAVELENGTH_UNIT>E-6m</WAVELENGTH_UNIT>
		<COLOR>#c1637a</COLOR>
		<COVARIANCE_MATRIX>[[1.0396707693871576e-05, 1.3240284715720918e-05, 1.5450881619472057e-05, -4.194302164250985e-06, 3.904058019088552e-07, 2.34473617410913e-07], [1.3240284715720918e-05, 3.232384551665746e-05, 3.2689811632735655e-05, -7.911015018180478e-06, 1.6174442407645984e-06, 1.4680814501843997e-06], [1.5450881619472057e-05, 3.2689811632735655e-05, 4.520765651250258e-05, 4.943788098898949e-06, 1.2975837307749316e-05, 1.0251839739794377e-05], [-4.194302164250985e-06, -7.911015018180478e-06, 4.943788098898949e-06, 8.036199142225087e-05, 4.8733189032645896e-05, 3.6480141716310754e-05], [3.904058019088552e-07, 1.6174442407645984e-06, 1.2975837307749316e-05, 4.8733189032645896e-05, 6.916742131579667e-05, 4.503728632698767e-05], [2.34473617410913e-07, 1.4680814501843997e-06, 1.0251839739794377e-05, 3.6480141716310754e-05, 4.503728632698767e-05, 4.420433833729476e-05]]</COVARIANCE_MATRIX>
		<ROI_SIZE>2871</ROI_SIZE>
		<MAX_VALUE>[0.11962020397186279, 0.11195112019777298, 0.10328890383243561, 0.07962793111801147, 0.04532308131456375, 0.04615627974271774]</MAX_VALUE>
		<MIN_VALUE>[0.09820056706666946, 0.07840932905673981, 0.05302564427256584, 0.02857506275177002, 0.0, 0.0]</MIN_VALUE>
		<SIGNATURE_THRESHOLD_MD>0.0</SIGNATURE_THRESHOLD_MD>
		<SIGNATURE_THRESHOLD_ML>0.0</SIGNATURE_THRESHOLD_ML>
		<SIGNATURE_THRESHOLD_SAM>0.0</SIGNATURE_THRESHOLD_SAM>
	</signature>
	<signature ID="20210720_101352761830_101">
		<MACROCLASSID>1</MACROCLASSID>
		<MACROCLASSINFO>waterbody</MACROCLASSINFO>
		<CLASSID>14</CLASSID>
		<CLASSINFO>C 1</CLASSINFO>
		<VALUES>[0.10503842251460459, 0.0031491009129102337, 0.09366945791526511, 0.006292456682773312, 0.07009328963606948, 0.007125822985471445, 0.04665188921530344, 0.009107345840550115, 0.01771770068518996, 0.008956730664175511, 0.011033144328032232, 0.0068417696841784024]</VALUES>
		<LCS_MIN>[0.09463062137365341, 0.07468247413635254, 0.05302564427256584, 0.032502204179763794, 0.0, 0.0]</LCS_MIN>
		<LCS_MAX>[0.11605027318000793, 0.10449739545583725, 0.09072310477495193, 0.07962793111801147, 0.05543665960431099, 0.04615627974271774]</LCS_MAX>
		<WAVELENGTH>[0.485, 0.56, 0.66, 0.83, 1.65, 2.215]</WAVELENGTH>
		<MEAN_VALUE>[0.10503842251460459, 0.09366945791526511, 0.07009328963606948, 0.04665188921530344, 0.01771770068518996, 0.011033144328032232]</MEAN_VALUE>
		<CHECKBOX>2</CHECKBOX>
		<SD>[0.0031491009129102337, 0.006292456682773312, 0.007125822985471445, 0.009107345840550115, 0.008956730664175511, 0.0068417696841784024]</SD>
		<WAVELENGTH_UNIT>E-6m</WAVELENGTH_UNIT>
		<COLOR>#4e0d8c</COLOR>
		<COVARIANCE_MATRIX>[[9.924795449478552e-06, 1.486883957113605e-05, 1.6549372958252206e-05, 1.9141666598443408e-06, -1.0887232519962708e-06, 4.9658964940135775e-08], [1.486883957113605e-05, 3.962678965763189e-05, 3.905945413862355e-05, 5.384582664191839e-07, -6.408810804714449e-06, -3.4070267247443553e-06], [1.6549372958252206e-05, 3.905945413862355e-05, 5.0818103773053735e-05, 1.11523031591787e-05, 3.2325635856977897e-06, 5.125924872118048e-06], [1.9141666598443408e-06, 5.384582664191839e-07, 1.11523031591787e-05, 8.301031630253419e-05, 6.307077273959294e-05, 4.3385163735365495e-05], [-1.0887232519962708e-06, -6.408810804714449e-06, 3.2325635856977897e-06, 6.307077273959294e-05, 8.028740558074787e-05, 5.058377064415254e-05], [4.9658964940135775e-08, -3.4070267247443553e-06, 5.125924872118048e-06, 4.3385163735365495e-05, 5.058377064415254e-05, 4.6847380872350186e-05]]</COVARIANCE_MATRIX>
		<ROI_SIZE>1247</ROI_SIZE>
		<MAX_VALUE>[0.11605027318000793, 0.10449739545583725, 0.09072310477495193, 0.07962793111801147, 0.05543665960431099, 0.04615627974271774]</MAX_VALUE>
		<MIN_VALUE>[0.09463062137365341, 0.07468247413635254, 0.05302564427256584, 0.032502204179763794, 0.0, 0.0]</MIN_VALUE>
		<SIGNATURE_THRESHOLD_MD>0.0</SIGNATURE_THRESHOLD_MD>
		<SIGNATURE_THRESHOLD_ML>0.0</SIGNATURE_THRESHOLD_ML>
		<SIGNATURE_THRESHOLD_SAM>0.0</SIGNATURE_THRESHOLD_SAM>
	</signature>
	<signature ID="20210720_101359128073_111">
		<MACROCLASSID>1</MACROCLASSID>
		<MACROCLASSINFO>waterbody</MACROCLASSINFO>
		<CLASSID>15</CLASSID>
		<CLASSINFO>C 1</CLASSINFO>
		<VALUES>[0.10361184499373559, 0.0022571282923226606, 0.09033137928890557, 0.003696137333297191, 0.06700346336552983, 0.004093511460847401, 0.04017460345437645, 0.006979836356402139, 0.012523244016705758, 0.006525495552637804, 0.0075116247594307515, 0.004952124459508814]</VALUES>
		<LCS_MIN>[0.09641560912132263, 0.07840932905673981, 0.05616709962487221, 0.02857506275177002, 0.0, 0.0]</LCS_MIN>
		<LCS_MAX>[0.11069536954164505, 0.10077052563428879, 0.0844401866197586, 0.0757007822394371, 0.04026629030704498, 0.0425252802670002]</LCS_MAX>
		<WAVELENGTH>[0.485, 0.56, 0.66, 0.83, 1.65, 2.215]</WAVELENGTH>
		<MEAN_VALUE>[0.10361184499373559, 0.09033137928890557, 0.06700346336552983, 0.04017460345437645, 0.012523244016705758, 0.0075116247594307515]</MEAN_VALUE>
		<CHECKBOX>2</CHECKBOX>
		<SD>[0.0022571282923226606, 0.003696137333297191, 0.004093511460847401, 0.006979836356402139, 0.006525495552637804, 0.004952124459508814]</SD>
		<WAVELENGTH_UNIT>E-6m</WAVELENGTH_UNIT>
		<COLOR>#eaa46c</COLOR>
		<COVARIANCE_MATRIX>[[5.097310804558219e-06, 3.555849616532214e-06, 4.066128440172179e-06, -3.6625786492550105e-07, -4.083193338999536e-09, 2.560410621299525e-07], [3.555849616532214e-06, 1.3668624887941405e-05, 1.0728112101787701e-05, -5.190730007598177e-06, -4.204667675367091e-06, -2.05364312932943e-06], [4.066128440172179e-06, 1.0728112101787701e-05, 1.6765659893280827e-05, 8.805217532881215e-08, -5.1578972204424645e-08, 1.5910572983557358e-06], [-3.6625786492550105e-07, -5.190730007598177e-06, 8.805217532881215e-08, 4.8743771912995726e-05, 3.385783202247694e-05, 2.1215952074271627e-05], [-4.083193338999536e-09, -4.204667675367091e-06, -5.1578972204424645e-08, 3.385783202247694e-05, 4.2604515329003334e-05, 2.3932381736813113e-05], [2.560410621299525e-07, -2.05364312932943e-06, 1.5910572983557358e-06, 2.1215952074271627e-05, 2.3932381736813113e-05, 2.4536449927836657e-05]]</COVARIANCE_MATRIX>
		<ROI_SIZE>1900</ROI_SIZE>
		<MAX_VALUE>[0.11069536954164505, 0.10077052563428879, 0.0844401866197586, 0.0757007822394371, 0.04026629030704498, 0.0425252802670002]</MAX_VALUE>
		<MIN_VALUE>[0.09641560912132263, 0.07840932905673981, 0.05616709962487221, 0.02857506275177002, 0.0, 0.0]</MIN_VALUE>
		<SIGNATURE_THRESHOLD_MD>0.0</SIGNATURE_THRESHOLD_MD>
		<SIGNATURE_THRESHOLD_ML>0.0</SIGNATURE_THRESHOLD_ML>
		<SIGNATURE_THRESHOLD_SAM>0.0</SIGNATURE_THRESHOLD_SAM>
	</signature>
	<signature ID="20210720_101501795041_658">
		<MACROCLASSID>1</MACROCLASSID>
		<MACROCLASSINFO>waterbody</MACROCLASSINFO>
		<CLASSID>16</CLASSID>
		<CLASSINFO>C 1</CLASSINFO>
		<VALUES>[0.11991594681108493, 0.0022027165045693507, 0.11622930207901461, 0.0027839450510184455, 0.09339054363101897, 0.003975507969959616, 0.0541479707690033, 0.010191727098261561, 0.026090821132791295, 0.009295681392705143, 0.01784950627093947, 0.007496993879686181]</VALUES>
		<LCS_MIN>[0.11248032003641129, 0.10822425782680511, 0.0844401866197586, 0.03642934933304787, 0.007397156208753586, 0.0025842583272606134]</LCS_MIN>
		<LCS_MAX>[0.12497512996196747, 0.12313172221183777, 0.10643035918474197, 0.08748222142457962, 0.057965051382780075, 0.05341827869415283]</LCS_MAX>
		<WAVELENGTH>[0.485, 0.56, 0.66, 0.83, 1.65, 2.215]</WAVELENGTH>
		<MEAN_VALUE>[0.11991594681108493, 0.11622930207901461, 0.09339054363101897, 0.0541479707690033, 0.026090821132791295, 0.01784950627093947]</MEAN_VALUE>
		<CHECKBOX>2</CHECKBOX>
