<?xml version="1.0" ?>
<signaturelist MCID_LIST="[['1', 'waterbody', '#0000ff'], ['2', 'vegetation', '#00ff00'], ['3', 'bareland', '#ffaa00'], ['4', 'built-up', '#ff0000']]">
	<signature ID="20200824_150513418023_212">
		<MACROCLASSID>1</MACROCLASSID>
		<MACROCLASSINFO>waterbody</MACROCLASSINFO>
		<CLASSID>1</CLASSID>
		<CLASSINFO>C 1</CLASSINFO>
		<VALUES>[0.1250752316343079, 0.005448682440313634, 0.10393031078726844, 0.00754443341544663, 0.07611631303223083, 0.006617905091925153, 0.09169575347426327, 0.016122344035412326, 0.03563119605772159, 0.010465503140778643, 0.023369290154005982, 0.0075442278413317305]</VALUES>
		<LCS_MIN>[0.11427244544029236, 0.0899696797132492, 0.06290580332279205, 0.057767849415540695, 0.01409372128546238, 0.005002424120903015]</LCS_MIN>
		<LCS_MAX>[0.14071980118751526, 0.12557187676429749, 0.09324702620506287, 0.15259209275245667, 0.09956406056880951, 0.07806378602981567]</LCS_MAX>
		<WAVELENGTH>[1.0, 2.0, 3.0, 4.0, 5.0, 6.0]</WAVELENGTH>
		<MEAN_VALUE>[0.1250752316343079, 0.10393031078726844, 0.07611631303223083, 0.09169575347426327, 0.03563119605772159, 0.023369290154005982]</MEAN_VALUE>
		<CHECKBOX>2</CHECKBOX>
		<SD>[0.005448682440313634, 0.00754443341544663, 0.006617905091925153, 0.016122344035412326, 0.010465503140778643, 0.0075442278413317305]</SD>
		<WAVELENGTH_UNIT>band number</WAVELENGTH_UNIT>
		<COLOR>#912fe6</COLOR>
		<COVARIANCE_MATRIX>[[2.5336094040540047e-05, 3.1326027965405956e-05, 2.7011503334506415e-05, -1.4687971088278573e-05, 6.672436029475648e-06, 1.6535101167391986e-05], [3.1326027965405956e-05, 4.6079090679995716e-05, 3.7560257624136284e-05, -5.116617558087455e-06, 1.703694033494685e-05, 2.5274657673435286e-05], [2.7011503334506415e-05, 3.7560257624136284e-05, 3.812597424257547e-05, -2.202485802627052e-06, 2.3143516955315135e-05, 2.979571399919223e-05], [-1.4687971088278573e-05, -5.116617558087455e-06, -2.202485802627052e-06, 0.0002390344307059422, 0.00011992482177447528, 3.7845798942726105e-05], [6.672436029475648e-06, 1.703694033494685e-05, 2.3143516955315135e-05, 0.00011992482177447528, 0.00010569312144070864, 5.553284427151084e-05], [1.6535101167391986e-05, 2.5274657673435286e-05, 2.979571399919223e-05, 3.7845798942726105e-05, 5.553284427151084e-05, 5.216884892433882e-05]]</COVARIANCE_MATRIX>
		<ROI_SIZE>5616</ROI_SIZE>
		<MAX_VALUE>[0.14071980118751526, 0.12557187676429749, 0.09324702620506287, 0.15259209275245667, 0.09956406056880951, 0.07806378602981567]</MAX_VALUE>
		<MIN_VALUE>[0.11427244544029236, 0.0899696797132492, 0.06290580332279205, 0.057767849415540695, 0.01409372128546238, 0.005002424120903015]</MIN_VALUE>
		<SIGNATURE_THRESHOLD_MD>0.0</SIGNATURE_THRESHOLD_MD>
		<SIGNATURE_THRESHOLD_ML>0.0</SIGNATURE_THRESHOLD_ML>
		<SIGNATURE_THRESHOLD_SAM>0.0</SIGNATURE_THRESHOLD_SAM>
	</signature>
	<signature ID="20200824_150520381050_429">
		<MACROCLASSID>1</MACROCLASSID>
		<MACROCLASSINFO>waterbody</MACROCLASSINFO>
		<CLASSID>2</CLASSID>
		<CLASSINFO>C 1</CLASSINFO>
		<VALUES>[0.133313844126646, 0.0025453205131584487, 0.12272109742254118, 0.004339038450139683, 0.10019376067883323, 0.005984303430645279, 0.11728381777481008, 0.021195677000228376, 0.03861105618140192, 0.016189231983014116, 0.020711864144525433, 0.011062964970940043]</VALUES>
		<LCS_MIN>[0.12434762716293335, 0.10914010554552078, 0.08566172420978546, 0.08621513098478317, 0.018163738772273064, 0.007924879901111126]</LCS_MIN>
		<LCS_MAX>[0.13946039974689484, 0.13378778100013733, 0.11094608902931213, 0.16523532569408417, 0.09142404049634933, 0.0722188875079155]</LCS_MAX>
		<WAVELENGTH>[1.0, 2.0, 3.0, 4.0, 5.0, 6.0]</WAVELENGTH>
		<MEAN_VALUE>[0.133313844126646, 0.12272109742254118, 0.10019376067883323, 0.11728381777481008, 0.03861105618140192, 0.020711864144525433]</MEAN_VALUE>
		<CHECKBOX>2</CHECKBOX>
		<SD>[0.0025453205131584487, 0.004339038450139683, 0.005984303430645279, 0.021195677000228376, 0.016189231983014116, 0.011062964970940043]</SD>
		<WAVELENGTH_UNIT>band number</WAVELENGTH_UNIT>
		<COLOR>#7fb06c</COLOR>
		<COVARIANCE_MATRIX>[[6.500843483081553e-06, 7.2220718720927835e-06, 8.253440682892688e-06, -2.6706535209086724e-05, -1.1889928828168195e-05, -3.6318651837063953e-06], [7.2220718720927835e-06, 1.8891731087933294e-05, 2.188718099205289e-05, -5.226520079304464e-05, -3.608082261052914e-05, -2.0872053937637247e-05], [8.253440682892688e-06, 2.188718099205289e-05, 3.593453220673837e-05, -5.401726230047643e-05, -3.873957030009478e-05, -2.2097336113802157e-05], [-2.6706535209086724e-05, -5.226520079304464e-05, -5.401726230047643e-05, 0.00045079528354108334, 0.000293624063488096, 0.0001606018777238205], [-1.1889928828168195e-05, -3.608082261052914e-05, -3.873957030009478e-05, 0.000293624063488096, 0.0002629888185765594, 0.00015672029985580593], [-3.6318651837063953e-06, -2.0872053937637247e-05, -2.2097336113802157e-05, 0.0001606018777238205, 0.00015672029985580593, 0.00012280834198463708]]</COVARIANCE_MATRIX>
		<ROI_SIZE>293</ROI_SIZE>
		<MAX_VALUE>[0.13946039974689484, 0.13378778100013733, 0.11094608902931213, 0.16523532569408417, 0.09142404049634933, 0.0722188875079155]</MAX_VALUE>
		<MIN_VALUE>[0.12434762716293335, 0.10914010554552078, 0.08566172420978546, 0.08621513098478317, 0.018163738772273064, 0.007924879901111126]</MIN_VALUE>
		<SIGNATURE_THRESHOLD_MD>0.0</SIGNATURE_THRESHOLD_MD>
		<SIGNATURE_THRESHOLD_ML>0.0</SIGNATURE_THRESHOLD_ML>
		<SIGNATURE_THRESHOLD_SAM>0.0</SIGNATURE_THRESHOLD_SAM>
	</signature>
	<signature ID="20200824_150544094773_418">
		<MACROCLASSID>1</MACROCLASSID>
		<MACROCLASSINFO>waterbody</MACROCLASSINFO>
		<CLASSID>3</CLASSID>
		<CLASSINFO>C 1</CLASSINFO>
		<VALUES>[0.11773149523934894, 0.002578875371593984, 0.10432480839144655, 0.0034498034329225992, 0.07249217387470352, 0.0038842613290245003, 0.08764457783968592, 0.014520950813986307, 0.02424099417421496, 0.009630454896716083, 0.01307477975049969, 0.006200114781461778]</VALUES>
		<LCS_MIN>[0.11049426347017288, 0.0899696797132492, 0.06290580332279205, 0.07357189059257507, 0.01002370472997427, 0.002079970669001341]</LCS_MIN>
		<LCS_MAX>[0.1268664300441742, 0.11461737006902695, 0.08819016814231873, 0.15259209275245667, 0.07107395678758621, 0.04007188230752945]</LCS_MAX>
		<WAVELENGTH>[1.0, 2.0, 3.0, 4.0, 5.0, 6.0]</WAVELENGTH>
		<MEAN_VALUE>[0.11773149523934894, 0.10432480839144655, 0.07249217387470352, 0.08764457783968592, 0.02424099417421496, 0.01307477975049969]</MEAN_VALUE>
		<CHECKBOX>2</CHECKBOX>
		<SD>[0.002578875371593984, 0.0034498034329225992, 0.0038842613290245003, 0.014520950813986307, 0.009630454896716083, 0.006200114781461778]</SD>
		<WAVELENGTH_UNIT>band number</WAVELENGTH_UNIT>
		<COLOR>#98d15a</COLOR>
		<COVARIANCE_MATRIX>[[6.663587555522099e-06, 6.617976850975538e-06, 7.611774890392553e-06, -1.4931607950074977e-07, 4.766515758092282e-06, 5.377641173254233e-06], [6.617976850975538e-06, 1.1924387763428967e-05, 1.0195498362008948e-05, -7.423411716445116e-06, 2.2498484213429037e-06, 5.213066742726369e-06], [7.611774890392553e-06, 1.0195498362008948e-05, 1.5116953363758512e-05, 7.701399226789363e-06, 1.4597419976780657e-05, 1.2794834219675977e-05], [-1.4931607950074977e-07, -7.423411716445116e-06, 7.701399226789363e-06, 0.00021126984211150557, 0.0001225041487487033, 6.533188570756465e-05], [4.766515758092282e-06, 2.2498484213429037e-06, 1.4597419976780657e-05, 0.0001225041487487033, 9.292680624639615e-05, 5.223952393862419e-05], [5.377641173254233e-06, 5.213066742726369e-06, 1.2794834219675977e-05, 6.533188570756465e-05, 5.223952393862419e-05, 3.851650399155915e-05]]</COVARIANCE_MATRIX>
		<ROI_SIZE>513</ROI_SIZE>
		<MAX_VALUE>[0.1268664300441742, 0.11461737006902695, 0.08819016814231873, 0.15259209275245667, 0.07107395678758621, 0.04007188230752945]</MAX_VALUE>
		<MIN_VALUE>[0.11049426347017288, 0.0899696797132492, 0.06290580332279205, 0.07357189059257507, 0.01002370472997427, 0.002079970669001341]</MIN_VALUE>
		<SIGNATURE_THRESHOLD_MD>0.0</SIGNATURE_THRESHOLD_MD>
		<SIGNATURE_THRESHOLD_ML>0.0</SIGNATURE_THRESHOLD_ML>
		<SIGNATURE_THRESHOLD_SAM>0.0</SIGNATURE_THRESHOLD_SAM>
	</signature>
	<signature ID="20200824_150603608039_708">
		<MACROCLASSID>1</MACROCLASSID>
		<MACROCLASSINFO>waterbody</MACROCLASSINFO>
		<CLASSID>4</CLASSID>
		<CLASSINFO>C 1</CLASSINFO>
		<VALUES>[0.12207100040999577, 0.0032751386576018453, 0.09505241057055784, 0.0037835949099234217, 0.07062217888252227, 0.0059397874914998905, 0.07619351691343546, 0.021530246041028975, 0.03204938782869678, 0.014912343405739261, 0.021291717096507474, 0.009975041367753722]</VALUES>
		<LCS_MIN>[0.11301305145025253, 0.08449242264032364, 0.05784892290830612, 0.054607052356004715, 0.01002370472997427, 0.005002424120903015]</LCS_MIN>
		<LCS_MAX>[0.13064461946487427, 0.11187873035669327, 0.0983039140701294, 0.14310967922210693, 0.09549405425786972, 0.0722188875079155]</LCS_MAX>
		<WAVELENGTH>[1.0, 2.0, 3.0, 4.0, 5.0, 6.0]</WAVELENGTH>
		<MEAN_VALUE>[0.12207100040999577, 0.09505241057055784, 0.07062217888252227, 0.07619351691343546, 0.03204938782869678, 0.021291717096507474]</MEAN_VALUE>
		<CHECKBOX>2</CHECKBOX>
		<SD>[0.0032751386576018453, 0.0037835949099234217, 0.0059397874914998905, 0.021530246041028975, 0.014912343405739261, 0.009975041367753722]</SD>
		<WAVELENGTH_UNIT>band number</WAVELENGTH_UNIT>
		<COLOR>#71ee85</COLOR>
		<COVARIANCE_MATRIX>[[9.431792022951413e-06, 4.491951585805509e-06, 5.698098902939819e-06, -9.271262570109684e-06, 5.539232461160282e-06, 9.775189028005116e-06], [4.491951585805509e-06, 1.4477202967100311e-05, 1.9419514501350932e-05, 4.619517858373001e-05, 3.7829187931492925e-05, 2.5770630600163713e-05], [5.698098902939819e-06, 1.9419514501350932e-05, 3.683703107526526e-05, 8.683242776896805e-05, 7.082729280227795e-05, 4.668557085096836e-05], [-9.271262570109684e-06, 4.619517858373001e-05, 8.683242776896805e-05, 0.00043034873669967055, 0.0002648267545737326, 0.00013746392505709082], [5.539232461160282e-06, 3.7829187931492925e-05, 7.082729280227795e-05, 0.0002648267545737326, 0.00021590717369690537, 0.00012802856508642435], [9.775189028005116e-06, 2.5770630600163713e-05, 4.668557085096836e-05, 0.00013746392505709082, 0.00012802856508642435, 9.354684880236164e-05]]</COVARIANCE_MATRIX>
		<ROI_SIZE>3250</ROI_SIZE>
		<MAX_VALUE>[0.13064461946487427, 0.11187873035669327, 0.0983039140701294, 0.14310967922210693, 0.09549405425786972, 0.0722188875079155]</MAX_VALUE>
		<MIN_VALUE>[0.11301305145025253, 0.08449242264032364, 0.05784892290830612, 0.054607052356004715, 0.01002370472997427, 0.005002424120903015]</MIN_VALUE>
		<SIGNATURE_THRESHOLD_MD>0.0</SIGNATURE_THRESHOLD_MD>
		<SIGNATURE_THRESHOLD_ML>0.0</SIGNATURE_THRESHOLD_ML>
		<SIGNATURE_THRESHOLD_SAM>0.0</SIGNATURE_THRESHOLD_SAM>
	</signature>
	<signature ID="20200824_150618759253_385">
		<MACROCLASSID>1</MACROCLASSID>
		<MACROCLASSINFO>waterbody</MACROCLASSINFO>
		<CLASSID>5</CLASSID>
		<CLASSINFO>C 1</CLASSINFO>
		<VALUES>[0.11248165614927563, 0.0015171218534498656, 0.07853839002893888, 0.0014226572399675605, 0.052832110532291934, 0.001524993914348512, 0.041745275083204025, 0.0017483169232722672, 0.010059300580649065, 0.0018872876094812579, 0.005889474850212502, 0.002159873033452568]</VALUES>
		<LCS_MIN>[0.1067160815000534, 0.07353789359331131, 0.04773518443107605, 0.03564220294356346, 0.003918680362403393, 0.0]</LCS_MIN>
		<LCS_MAX>[0.11931003630161285, 0.08449242264032364, 0.05784892290830612, 0.05144624784588814, 0.016128728166222572, 0.010847334749996662]</LCS_MAX>
		<WAVELENGTH>[1.0, 2.0, 3.0, 4.0, 5.0, 6.0]</WAVELENGTH>
		<MEAN_VALUE>[0.11248165614927563, 0.07853839002893888, 0.052832110532291934, 0.041745275083204025, 0.010059300580649065, 0.005889474850212502]</MEAN_VALUE>
		<CHECKBOX>2</CHECKBOX>
		<SD>[0.0015171218534498656, 0.0014226572399675605, 0.001524993914348512, 0.0017483169232722672, 0.0018872876094812579, 0.002159873033452568]</SD>
		<WAVELENGTH_UNIT>band number</WAVELENGTH_UNIT>
		<COLOR>#f5ae4a</COLOR>
		<COVARIANCE_MATRIX>[[2.282212108184467e-06, 2.7362631271898863e-07, 3.1175969184005226e-07, -3.3245282793359365e-07, 3.183816588148147e-08, 1.387038679467878e-07], [2.7362631271898863e-07, 2.0791933366126614e-06, 1.289489404143751e-07, -1.4065536291241187e-08, -1.0996188848366728e-08, -3.636782963667429e-08], [3.1175969184005226e-07, 1.289489404143751e-07, 2.355425976929837e-06, -1.780134937234834e-07, 1.1816657874419434e-08, -1.627635448642195e-08], [-3.3245282793359365e-07, -1.4065536291241187e-08, -1.780134937234834e-07, 3.2523873869649833e-06, 1.525076243069634e-07, -1.2877880095629735e-08], [3.183816588148147e-08, -1.0996188848366728e-08, 1.1816657874419434e-08, 1.525076243069634e-07, 3.570905391825363e-06, 5.2308827491742704e-08], [1.387038679467878e-07, -3.636782963667429e-08, -1.627635448642195e-08, -1.2877880095629735e-08, 5.2308827491742704e-08, 4.572356829157798e-06]]</COVARIANCE_MATRIX>
		<ROI_SIZE>10201</ROI_SIZE>
		<MAX_VALUE>[0.11931003630161285, 0.08449242264032364, 0.05784892290830612, 0.05144624784588814, 0.016128728166222572, 0.010847334749996662]</MAX_VALUE>
		<MIN_VALUE>[0.1067160815000534, 0.07353789359331131, 0.04773518443107605, 0.03564220294356346, 0.003918680362403393, 0.0]</MIN_VALUE>
		<SIGNATURE_THRESHOLD_MD>0.0</SIGNATURE_THRESHOLD_MD>
		<SIGNATURE_THRESHOLD_ML>0.0</SIGNATURE_THRESHOLD_ML>
		<SIGNATURE_THRESHOLD_SAM>0.0</SIGNATURE_THRESHOLD_SAM>
	</signature>
	<signature ID="20200824_150710702138_584">
		<MACROCLASSID>1</MACROCLASSID>
		<MACROCLASSINFO>waterbody</MACROCLASSINFO>
		<CLASSID>6</CLASSID>
		<CLASSINFO>C 1</CLASSINFO>
		<VALUES>[0.16563398831874002, 0.0026416078463116295, 0.16436443752035987, 0.00455379989478891, 0.14774177499087637, 0.004839302104759966, 0.09234184713037867, 0.00869518515286254, 0.022463202347703704, 0.008078984288867464, 0.015427625946867876, 0.006496949631267175]</VALUES>
		<LCS_MIN>[0.14575737714767456, 0.12831053137779236, 0.1058892086148262, 0.07989351451396942, 0.007988696917891502, 0.002079970669001341]</LCS_MIN>
		<LCS_MAX>[0.1734641045331955, 0.17212863266468048, 0.1589863896369934, 0.15575289726257324, 0.08531901985406876, 0.07514131814241409]</LCS_MAX>
		<WAVELENGTH>[1.0, 2.0, 3.0, 4.0, 5.0, 6.0]</WAVELENGTH>
		<MEAN_VALUE>[0.16563398831874002, 0.16436443752035987, 0.14774177499087637, 0.09234184713037867, 0.022463202347703704, 0.015427625946867876]</MEAN_VALUE>
		<CHECKBOX>2</CHECKBOX>
		<SD>[0.0026416078463116295, 0.00455379989478891, 0.004839302104759966, 0.00869518515286254, 0.008078984288867464, 0.006496949631267175]</SD>
		<WAVELENGTH_UNIT>band number</WAVELENGTH_UNIT>
		<COLOR>#aa9cdf</COLOR>
		<COVARIANCE_MATRIX>[[6.96546203471371e-06, 8.76733975019306e-06, 9.33042338147061e-06, -4.380583050078712e-06, -2.644187588884961e-06, 8.29503505883622e-07], [8.76733975019306e-06, 1.8902641386375763e-05, 1.667994547460694e-05, -9.904368198476732e-06, -6.643977485509822e-06, -1.5816507925592305e-07], [9.33042338147061e-06, 1.667994547460694e-05, 2.2141641238704324e-05, -3.6982066831114935e-06, -1.366000674352108e-06, 4.691558842750965e-06], [-4.380583050078712e-06, -9.904368198476732e-06, -3.6982066831114935e-06, 6.449002103181556e-05, 5.1769628043984994e-05, 3.825443491223268e-05], [-2.644187588884961e-06, -6.643977485509822e-06, -1.366000674352108e-06, 5.1769628043984994e-05, 5.7279656175523996e-05, 4.110653026145883e-05], [8.29503505883622e-07, -1.5816507925592305e-07, 4.691558842750965e-06, 3.825443491223268e-05, 4.110653026145883e-05, 3.9408598240697756e-05]]</COVARIANCE_MATRIX>
		<ROI_SIZE>7944</ROI_SIZE>
		<MAX_VALUE>[0.1734641045331955, 0.17212863266468048, 0.1589863896369934, 0.15575289726257324, 0.08531901985406876, 0.07514131814241409]</MAX_VALUE>
		<MIN_VALUE>[0.14575737714767456, 0.12831053137779236, 0.1058892086148262, 0.07989351451396942, 0.007988696917891502, 0.002079970669001341]</MIN_VALUE>
		<SIGNATURE_THRESHOLD_MD>0.0</SIGNATURE_THRESHOLD_MD>
		<SIGNATURE_THRESHOLD_ML>0.0</SIGNATURE_THRESHOLD_ML>
		<SIGNATURE_THRESHOLD_SAM>0.0</SIGNATURE_THRESHOLD_SAM>
	</signature>
	<signature ID="20200824_150726489204_596">
		<MACROCLASSID>1</MACROCLASSID>
		<MACROCLASSINFO>waterbody</MACROCLASSINFO>
		<CLASSID>7</CLASSID>
		<CLASSINFO>C 1</CLASSINFO>
		<VALUES>[0.1656076273066378, 0.0024604459482117686, 0.16257594694988958, 0.002194785324131823, 0.14483298323679655, 0.0022817426747803724, 0.09294670920806762, 0.00515167475157614, 0.01587754327868393, 0.002402978142184159, 0.009487176056192136, 0.0024154911385418855]</VALUES>
		<LCS_MIN>[0.15457314252853394, 0.15021957457065582, 0.13117358088493347, 0.083054319024086, 0.007988696917891502, 0.0]</LCS_MIN>
		<LCS_MAX>[0.17472350597381592, 0.1693899780511856, 0.1514010727405548, 0.16523532569408417, 0.0486888661980629, 0.022537153214216232]</LCS_MAX>
		<WAVELENGTH>[1.0, 2.0, 3.0, 4.0, 5.0, 6.0]</WAVELENGTH>
		<MEAN_VALUE>[0.1656076273066378, 0.16257594694988958, 0.14483298323679655, 0.09294670920806762, 0.01587754327868393, 0.009487176056192136]</MEAN_VALUE>
		<CHECKBOX>2</CHECKBOX>
		<SD>[0.0024604459482117686, 0.002194785324131823, 0.0022817426747803724, 0.00515167475157614, 0.002402978142184159, 0.0024154911385418855]</SD>
		<WAVELENGTH_UNIT>band number</WAVELENGTH_UNIT>
		<COLOR>#fd0f96</COLOR>
		<COVARIANCE_MATRIX>[[5.908258117415244e-06, 2.5914962407114217e-06, 2.4527332698198734e-06, -4.088138041424827e-07, -3.2020122375797655e-07, -1.8214004171568376e-07], [2.5914962407114217e-06, 4.509846803557593e-06, 2.087776010739617e-06, -1.0569291362116928e-06, -6.106210435063986e-07, -2.3619298872290528e-07], [2.4527332698198734e-06, 2.087776010739617e-06, 5.143621820025146e-06, 3.0182744126250327e-07, -3.085502839894616e-07, -7.848804983723312e-08], [-4.088138041424827e-07, -1.0569291362116928e-06, 3.0182744126250327e-07, 1.9339388018124737e-05, 4.4347025323077105e-06, 2.3846816930017667e-06], [-3.2020122375797655e-07, -6.106210435063986e-07, -3.085502839894616e-07, 4.4347025323077105e-06, 5.194040113565279e-06, 1.7532363472128054e-06], [-1.8214004171568376e-07, -2.3619298872290528e-07, -7.848804983723312e-08, 2.3846816930017667e-06, 1.7532363472128054e-06, 5.846515250595985e-06]]</COVARIANCE_MATRIX>
		<ROI_SIZE>10201</ROI_SIZE>
		<MAX_VALUE>[0.17472350597381592, 0.1693899780511856, 0.1514010727405548, 0.16523532569408417, 0.0486888661980629, 0.022537153214216232]</MAX_VALUE>
		<MIN_VALUE>[0.15457314252853394, 0.15021957457065582, 0.13117358088493347, 0.083054319024086, 0.007988696917891502, 0.0]</MIN_VALUE>
		<SIGNATURE_THRESHOLD_MD>0.0</SIGNATURE_THRESHOLD_MD>
		<SIGNATURE_THRESHOLD_ML>0.0</SIGNATURE_THRESHOLD_ML>
		<SIGNATURE_THRESHOLD_SAM>0.0</SIGNATURE_THRESHOLD_SAM>
	</signature>
	<signature ID="20200824_150736138847_260">
		<MACROCLASSID>1</MACROCLASSID>
		<MACROCLASSINFO>waterbody</MACROCLASSINFO>
		<CLASSID>8</CLASSID>
		<CLASSINFO>C 1</CLASSINFO>
		<VALUES>[0.1576542385855169, 0.003567815230542197, 0.15329255275835463, 0.006262958260646971, 0.13374581630634635, 0.007627218041803086, 0.09013338307267141, 0.008159008485769795, 0.018941816548490562, 0.00605375799894531, 0.011378908668740582, 0.004249708882560421]</VALUES>
		<LCS_MIN>[0.13820098340511322, 0.11735600233078003, 0.09324702620506287, 0.07673271000385284, 0.01002370472997427, 0.002079970669001341]</LCS_MIN>
		<LCS_MAX>[0.168426513671875, 0.16391272842884064, 0.14634419977664948, 0.15891370177268982, 0.08328399807214737, 0.07806378602981567]</LCS_MAX>
		<WAVELENGTH>[1.0, 2.0, 3.0, 4.0, 5.0, 6.0]</WAVELENGTH>
		<MEAN_VALUE>[0.1576542385855169, 0.15329255275835463, 0.13374581630634635, 0.09013338307267141, 0.018941816548490562, 0.011378908668740582]</MEAN_VALUE>
		<CHECKBOX>2</CHECKBOX>
		<SD>[0.003567815230542197, 0.006262958260646971, 0.007627218041803086, 0.008159008485769795, 0.00605375799894531, 0.004249708882560421]</SD>
		<WAVELENGTH_UNIT>band number</WAVELENGTH_UNIT>
		<COLOR>#f2132a</COLOR>
		<COVARIANCE_MATRIX>[[1.0891812962654512e-05, 1.6524933016626164e-05, 2.010210846492555e-05, -1.3981808479002211e-05, -7.680104317842051e-06, -3.3425048968638293e-06], [1.6524933016626164e-05, 3.573831418179907e-05, 4.0900100430008024e-05, -2.6106701625394635e-05, -1.5218086446111556e-05, -6.832991857663728e-06], [2.010210846492555e-05, 4.0900100430008024e-05, 5.542030339711346e-05, -3.0810770113021135e-05, -1.847321618697606e-05, -8.186333616322372e-06], [-1.3981808479002211e-05, -2.6106701625394635e-05, -3.0810770113021135e-05, 5.042372504249215e-05, 2.8988142730668187e-05, 1.5760184396640398e-05], [-7.680104317842051e-06, -1.5218086446111556e-05, -1.847321618697606e-05, 2.8988142730668187e-05, 2.717064126045443e-05, 1.4618646673625335e-05], [-3.3425048968638293e-06, -6.832991857663728e-06, -8.186333616322372e-06, 1.5760184396640398e-05, 1.4618646673625335e-05, 1.4983941582613625e-05]]</COVARIANCE_MATRIX>
		<ROI_SIZE>8732</ROI_SIZE>
		<MAX_VALUE>[0.168426513671875, 0.16391272842884064, 0.14634419977664948, 0.15891370177268982, 0.08328399807214737, 0.07806378602981567]</MAX_VALUE>
		<MIN_VALUE>[0.13820098340511322, 0.11735600233078003, 0.09324702620506287, 0.07673271000385284, 0.01002370472997427, 0.002079970669001341]</MIN_VALUE>
		<SIGNATURE_THRESHOLD_MD>0.0</SIGNATURE_THRESHOLD_MD>
		<SIGNATURE_THRESHOLD_ML>0.0</SIGNATURE_THRESHOLD_ML>
		<SIGNATURE_THRESHOLD_SAM>0.0</SIGNATURE_THRESHOLD_SAM>
	</signature>
	<signature ID="20200824_150750197161_436">
		<MACROCLASSID>1</MACROCLASSID>
		<MACROCLASSINFO>waterbody</MACROCLASSINFO>
		<CLASSID>9</CLASSID>
		<CLASSINFO>C 1</CLASSINFO>
		<VALUES>[0.1586012068137522, 0.006727779733251517, 0.15702904294415695, 0.009785200493431968, 0.1349657666112375, 0.01093446416678249, 0.08578864250915685, 0.008031185913571121, 0.015680407874670604, 0.003612983340770979, 0.008183697540794902, 0.0027037165389703186]</VALUES>
		<LCS_MIN>[0.1319040060043335, 0.11187873035669327, 0.0907185971736908, 0.07357189059257507, 0.007988696917891502, 0.0]</LCS_MIN>
		<LCS_MAX>[0.17472350597381592, 0.17212863266468048, 0.15645793080329895, 0.15259209275245667, 0.06293392181396484, 0.03422696888446808]</LCS_MAX>
		<WAVELENGTH>[1.0, 2.0, 3.0, 4.0, 5.0, 6.0]</WAVELENGTH>
		<MEAN_VALUE>[0.1586012068137522, 0.15702904294415695, 0.1349657666112375, 0.08578864250915685, 0.015680407874670604, 0.008183697540794902]</MEAN_VALUE>
		<CHECKBOX>2</CHECKBOX>
		<SD>[0.006727779733251517, 0.009785200493431968, 0.01093446416678249, 0.008031185913571121, 0.003612983340770979, 0.0027037165389703186]</SD>
		<WAVELENGTH_UNIT>band number</WAVELENGTH_UNIT>
		<COLOR>#73266b</COLOR>
		<COVARIANCE_MATRIX>[[4.22031844209414e-05, 5.8015924878418446e-05, 6.566869706148282e-05, -7.39653796699713e-06, -3.7609745504596503e-06, -6.127019105406362e-07], [5.8015924878418446e-05, 8.84422188391909e-05, 9.661260264692828e-05, -1.0367346476414241e-05, -5.422207777883159e-06, -7.189404982455017e-07], [6.566869706148282e-05, 9.661260264692828e-05, 0.00011377502232789993, -5.297669304127339e-06, -4.12152166973101e-06, 2.485273284946743e-07], [-7.39653796699713e-06, -1.0367346476414241e-05, -5.297669304127339e-06, 6.567668606294319e-05, 2.3595368475071155e-05, 1.185720793728251e-05], [-3.7609745504596503e-06, -5.422207777883159e-06, -4.12152166973101e-06, 2.3595368475071155e-05, 1.3730972568737343e-05, 5.862520083610434e-06], [-6.127019105406362e-07, -7.189404982455017e-07, 2.485273284946743e-07, 1.185720793728251e-05, 5.862520083610434e-06, 7.809097041899804e-06]]</COVARIANCE_MATRIX>
		<ROI_SIZE>9031</ROI_SIZE>
		<MAX_VALUE>[0.17472350597381592, 0.17212863266468048, 0.15645793080329895, 0.15259209275245667, 0.06293392181396484, 0.03422696888446808]</MAX_VALUE>
		<MIN_VALUE>[0.1319040060043335, 0.11187873035669327, 0.0907185971736908, 0.07357189059257507, 0.007988696917891502, 0.0]</MIN_VALUE>
		<SIGNATURE_THRESHOLD_MD>0.0</SIGNATURE_THRESHOLD_MD>
		<SIGNATURE_THRESHOLD_ML>0.0</SIGNATURE_THRESHOLD_ML>
		<SIGNATURE_THRESHOLD_SAM>0.0</SIGNATURE_THRESHOLD_SAM>
	</signature>
	<signature ID="20200824_150758225927_735">
		<MACROCLASSID>1</MACROCLASSID>
		<MACROCLASSINFO>waterbody</MACROCLASSINFO>
		<CLASSID>10</CLASSID>
		<CLASSINFO>C 1</CLASSINFO>
		<VALUES>[0.16715568713637988, 0.0030717443653927156, 0.1666237945067856, 0.0035195773397826585, 0.1481582117843973, 0.0030588556525312956, 0.09057651877979526, 0.005616131583014358, 0.015257787361120668, 0.0050031163468815905, 0.008661758532727788, 0.0035256211252038478]</VALUES>
		<LCS_MIN>[0.1470167636871338, 0.1392650455236435, 0.12358827888965607, 0.083054319024086, 0.00595368817448616, 0.0]</LCS_MIN>
		<LCS_MAX>[0.17598289251327515, 0.17486725747585297, 0.15645793080329895, 0.15575289726257324, 0.08124898374080658, 0.06345151364803314]</LCS_MAX>
		<WAVELENGTH>[1.0, 2.0, 3.0, 4.0, 5.0, 6.0]</WAVELENGTH>
		<MEAN_VALUE>[0.16715568713637988, 0.1666237945067856, 0.1481582117843973, 0.09057651877979526, 0.015257787361120668, 0.008661758532727788]</MEAN_VALUE>
		<CHECKBOX>2</CHECKBOX>
		<SD>[0.0030717443653927156, 0.0035195773397826585, 0.0030588556525312956, 0.005616131583014358, 0.0050031163468815905, 0.0035256211252038478]</SD>
		<WAVELENGTH_UNIT>band number</WAVELENGTH_UNIT>
		<COLOR>#f5ebc4</COLOR>
		<COVARIANCE_MATRIX>[[9.214576493832283e-06, 7.716044819972012e-06, 6.0706029216817115e-06, -8.939179679146037e-06, -5.834049261466134e-06, -3.180221256116056e-06], [7.716044819972012e-06, 1.1761058885895181e-05, 7.174894562922418e-06, -1.1782201909227297e-05, -8.033956873987336e-06, -4.477903530641925e-06], [6.0706029216817115e-06, 7.174894562922418e-06, 9.54506413108902e-06, -9.299190423917025e-06, -6.7391301854513586e-06, -3.7300078474800102e-06], [-8.939179679146037e-06, -1.1782201909227297e-05, -9.299190423917025e-06, 3.413731246837415e-05, 2.2720598281011917e-05, 1.290687305299798e-05], [-5.834049261466134e-06, -8.033956873987336e-06, -6.7391301854513586e-06, 2.2720598281011917e-05, 2.3689985027885996e-05, 1.2288917787373066e-05], [-3.180221256116056e-06, -4.477903530641925e-06, -3.7300078474800102e-06, 1.290687305299798e-05, 1.2288917787373066e-05, 1.2140716535213869e-05]]</COVARIANCE_MATRIX>
		<ROI_SIZE>8596</ROI_SIZE>
		<MAX_VALUE>[0.17598289251327515, 0.17486725747585297, 0.15645793080329895, 0.15575289726257324, 0.08124898374080658, 0.06345151364803314]</MAX_VALUE>
		<MIN_VALUE>[0.1470167636871338, 0.1392650455236435, 0.12358827888965607, 0.083054319024086, 0.00595368817448616, 0.0]</MIN_VALUE>
		<SIGNATURE_THRESHOLD_MD>0.0</SIGNATURE_THRESHOLD_MD>
		<SIGNATURE_THRESHOLD_ML>0.0</SIGNATURE_THRESHOLD_ML>
		<SIGNATURE_THRESHOLD_SAM>0.0</SIGNATURE_THRESHOLD_SAM>
	</signature>
	<signature ID="20200824_150805807978_349">
		<MACROCLASSID>1</MACROCLASSID>
		<MACROCLASSINFO>waterbody</MACROCLASSINFO>
		<CLASSID>11</CLASSID>
		<CLASSINFO>C 1</CLASSINFO>
		<VALUES>[0.17331008213078417, 0.0032844014218546378, 0.16735796745669312, 0.0047524177646992485, 0.148455474992393, 0.005886638721129272, 0.09954720825418063, 0.006108880597554763, 0.021783806161022937, 0.005209788615691295, 0.013487022668387166, 0.0035883202960026324]</VALUES>
		<LCS_MIN>[0.15709194540977478, 0.136526420712471, 0.10841765254735947, 0.08937593549489975, 0.012058712542057037, 0.005002424120903015]</LCS_MIN>
		<LCS_MAX>[0.18227989971637726, 0.18034450709819794, 0.16151480376720428, 0.16839613020420074, 0.08735401928424835, 0.05468415468931198]</LCS_MAX>
		<WAVELENGTH>[1.0, 2.0, 3.0, 4.0, 5.0, 6.0]</WAVELENGTH>
		<MEAN_VALUE>[0.17331008213078417, 0.16735796745669312, 0.148455474992393, 0.09954720825418063, 0.021783806161022937, 0.013487022668387166]</MEAN_VALUE>
		<CHECKBOX>2</CHECKBOX>
		<SD>[0.0032844014218546378, 0.0047524177646992485, 0.005886638721129272, 0.006108880597554763, 0.005209788615691295, 0.0035883202960026324]</SD>
		<WAVELENGTH_UNIT>band number</WAVELENGTH_UNIT>
		<COLOR>#f04f4b</COLOR>
		<COVARIANCE_MATRIX>[[9.056103408511262e-06, 9.179038897855207e-06, 1.1148800695082173e-05, -4.711795099865412e-06, -4.3307045416440815e-06, -1.4302694353318657e-06], [9.179038897855207e-06, 1.8305650883121416e-05, 1.935030013555661e-05, -1.22360461318749e-05, -1.0920694876404013e-05, -4.814047770196339e-06], [1.1148800695082173e-05, 1.935030013555661e-05, 2.7523568860488012e-05, -1.5723118849564344e-05, -1.4002047464600764e-05, -6.027468316460727e-06], [-4.711795099865412e-06, -1.22360461318749e-05, -1.5723118849564344e-05, 2.948199471575208e-05, 1.9986733605037443e-05, 1.0281054528604727e-05], [-4.3307045416440815e-06, -1.0920694876404013e-05, -1.4002047464600764e-05, 1.9986733605037443e-05, 2.1586074581136927e-05, 1.0060873137263115e-05], [-1.4302694353318657e-06, -4.814047770196339e-06, -6.027468316460727e-06, 1.0281054528604727e-05, 1.0060873137263115e-05, 1.2039030480082147e-05]]</COVARIANCE_MATRIX>
		<ROI_SIZE>9020</ROI_SIZE>
		<MAX_VALUE>[0.18227989971637726, 0.18034450709819794, 0.16151480376720428, 0.16839613020420074, 0.08735401928424835, 0.05468415468931198]</MAX_VALUE>
		<MIN_VALUE>[0.15709194540977478, 0.136526420712471, 0.10841765254735947, 0.08937593549489975, 0.012058712542057037, 0.005002424120903015]</MIN_VALUE>
		<SIGNATURE_THRESHOLD_MD>0.0</SIGNATURE_THRESHOLD_MD>
		<SIGNATURE_THRESHOLD_ML>0.0</SIGNATURE_THRESHOLD_ML>
		<SIGNATURE_THRESHOLD_SAM>0.0</SIGNATURE_THRESHOLD_SAM>
	</signature>
	<signature ID="20200824_150841597218_941">
		<MACROCLASSID>1</MACROCLASSID>
		<MACROCLASSINFO>waterbody</MACROCLASSINFO>
		<CLASSID>12</CLASSID>
		<CLASSINFO>C 1</CLASSINFO>
		<VALUES>[0.12378077984092568, 0.0027923564133252228, 0.1125756120967868, 0.004809885286791692, 0.08143165175386263, 0.0031477536632593503, 0.04364450007950387, 0.006081361478539524, 0.010161568940699785, 0.006139796493773492, 0.00619591228489719, 0.0049606841006727504]</VALUES>
		<LCS_MIN>[0.11427244544029236, 0.09270831942558289, 0.06796266883611679, 0.03564220294356346, 0.0018836722010746598, 0.0]</LCS_MIN>
		<LCS_MAX>[0.1319040060043335, 0.1228332668542862, 0.0983039140701294, 0.1083407774567604, 0.0771789699792862, 0.05468415468931198]</LCS_MAX>
		<WAVELENGTH>[1.0, 2.0, 3.0, 4.0, 5.0, 6.0]</WAVELENGTH>
		<MEAN_VALUE>[0.12378077984092568, 0.1125756120967868, 0.08143165175386263, 0.04364450007950387, 0.010161568940699785, 0.00619591228489719]</MEAN_VALUE>
		<CHECKBOX>2</CHECKBOX>
		<SD>[0.0027923564133252228, 0.004809885286791692, 0.0031477536632593503, 0.006081361478539524, 0.006139796493773492, 0.0049606841006727504]</SD>
		<WAVELENGTH_UNIT>band number</WAVELENGTH_UNIT>
		<COLOR>#a60312</COLOR>
		<COVARIANCE_MATRIX>[[7.2824836934159975e-06, 9.205338756146375e-06, 4.742094006360276e-06, -1.224865286530985e-06, -8.337311783179757e-07, -4.368915824670694e-07], [9.205338756146375e-06, 2.2423069822252728e-05, 8.642426109872758e-06, -1.0636334991431795e-05, -1.0397033292974811e-05, -7.361237294389866e-06], [4.742094006360276e-06, 8.642426109872758e-06, 1.0625007234921213e-05, 5.772610620624619e-06, 4.955521035299171e-06, 3.950230166083202e-06], [-1.224865286530985e-06, -1.0636334991431795e-05, 5.772610620624619e-06, 4.8502261051908135e-05, 4.194681969238445e-05, 3.027601633220911e-05], [-8.337311783179757e-07, -1.0397033292974811e-05, 4.955521035299171e-06, 4.194681969238445e-05, 4.976383570465259e-05, 3.43660831276793e-05], [-4.368915824670694e-07, -7.361237294389866e-06, 3.950230166083202e-06, 3.027601633220911e-05, 3.43660831276793e-05, 3.099494279013015e-05]]</COVARIANCE_MATRIX>
		<ROI_SIZE>10103</ROI_SIZE>
		<MAX_VALUE>[0.1319040060043335, 0.1228332668542862, 0.0983039140701294, 0.1083407774567604, 0.0771789699792862, 0.05468415468931198]</MAX_VALUE>
		<MIN_VALUE>[0.11427244544029236, 0.09270831942558289, 0.06796266883611679, 0.03564220294356346, 0.0018836722010746598, 0.0]</MIN_VALUE>
		<SIGNATURE_THRESHOLD_MD>0.0</SIGNATURE_THRESHOLD_MD>
		<SIGNATURE_THRESHOLD_ML>0.0</SIGNATURE_THRESHOLD_ML>
		<SIGNATURE_THRESHOLD_SAM>0.0</SIGNATURE_THRESHOLD_SAM>
	</signature>
	<signature ID="20200824_150856064346_497">
		<MACROCLASSID>1</MACROCLASSID>
		<MACROCLASSINFO>waterbody</MACROCLASSINFO>
		<CLASSID>13</CLASSID>
		<CLASSINFO>C 1</CLASSINFO>
		<VALUES>[0.12912795025646506, 0.010966823828690981, 0.10822520579780107, 0.013957929709704596, 0.07052840241354649, 0.014890148751498961, 0.07159289329485807, 0.014800991732413697, 0.020779533435351577, 0.011162428836923824, 0.010642298370542046, 0.007186033477797411]</VALUES>
		<LCS_MIN>[0.10545668005943298, 0.08175379037857056, 0.055320486426353455, 0.054607052356004715, 0.01002370472997427, 0.0]</LCS_MIN>
		<LCS_MAX>[0.15457314252853394, 0.15021957457065582, 0.13117358088493347, 0.133627250790596, 0.08124898374080658, 0.06929642707109451]</LCS_MAX>
		<WAVELENGTH>[1.0, 2.0, 3.0, 4.0, 5.0, 6.0]</WAVELENGTH>
		<MEAN_VALUE>[0.12912795025646506, 0.10822520579780107, 0.07052840241354649, 0.07159289329485807, 0.020779533435351577, 0.010642298370542046]</MEAN_VALUE>
		<CHECKBOX>2</CHECKBOX>
		<SD>[0.010966823828690981, 0.013957929709704596, 0.014890148751498961, 0.014800991732413697, 0.011162428836923824, 0.007186033477797411]</SD>
		<WAVELENGTH_UNIT>band number</WAVELENGTH_UNIT>
		<COLOR>#32ea82</COLOR>
		<COVARIANCE_MATRIX>[[0.00012035998952342197, 0.00013658251555170864, 9.698165376903489e-05, -1.8479999198461883e-05, -2.4147740987245925e-05, -8.12315738585312e-06], [0.00013658251555170864, 0.00019496757886372507, 0.00017595106328371912, 2.1397154341684654e-05, -4.996142251911806e-06, 7.070869287417736e-06], [9.698165376903489e-05, 0.00017595106328371912, 0.00022188015282154083, 8.545449236407876e-05, 3.5080884117633104e-05, 3.234535688534379e-05], [-1.8479999198461883e-05, 2.1397154341684654e-05, 8.545449236407876e-05, 0.00021923103486187756, 0.0001442979119019583, 8.37669285829179e-05], [-2.4147740987245925e-05, -4.996142251911806e-06, 3.5080884117633104e-05, 0.0001442979119019583, 0.00012469176726881415, 7.194843055913225e-05], [-8.12315738585312e-06, 7.070869287417736e-06, 3.234535688534379e-05, 8.37669285829179e-05, 7.194843055913225e-05, 5.1677187002496794e-05]]</COVARIANCE_MATRIX>
		<ROI_SIZE>1356</ROI_SIZE>
		<MAX_VALUE>[0.15457314252853394, 0.15021957457065582, 0.13117358088493347, 0.133627250790596, 0.08124898374080658, 0.06929642707109451]</MAX_VALUE>
		<MIN_VALUE>[0.10545668005943298, 0.08175379037857056, 0.055320486426353455, 0.054607052356004715, 0.01002370472997427, 0.0]</MIN_VALUE>
		<SIGNATURE_THRESHOLD_MD>0.0</SIGNATURE_THRESHOLD_MD>
		<SIGNATURE_THRESHOLD_ML>0.0</SIGNATURE_THRESHOLD_ML>
		<SIGNATURE_THRESHOLD_SAM>0.0</SIGNATURE_THRESHOLD_SAM>
	</signature>
	<signature ID="20200824_150915252324_501">
		<MACROCLASSID>1</MACROCLASSID>
		<MACROCLASSINFO>waterbody</MACROCLASSINFO>
		<CLASSID>14</CLASSID>
		<CLASSINFO>C 1</CLASSINFO>
		<VALUES>[0.13017454631946457, 0.006014447638718099, 0.1051330129235943, 0.006637206540634545, 0.0723957205035545, 0.006709942008290487, 0.0807961912104381, 0.015931572863522713, 0.02074037237692339, 0.011765485071289604, 0.010874126448644912, 0.008203520847666401]</VALUES>
		<LCS_MIN>[0.1117536649107933, 0.08175379037857056, 0.05784892290830612, 0.06092866137623787, 0.0018836722010746598, 0.0]</LCS_MIN>
		<LCS_MAX>[0.16212952136993408, 0.14474231004714966, 0.12358827888965607, 0.14310967922210693, 0.08328399807214737, 0.07806378602981567]</LCS_MAX>
		<WAVELENGTH>[1.0, 2.0, 3.0, 4.0, 5.0, 6.0]</WAVELENGTH>
		<MEAN_VALUE>[0.13017454631946457, 0.1051330129235943, 0.0723957205035545, 0.0807961912104381, 0.02074037237692339, 0.010874126448644912]</MEAN_VALUE>
		<CHECKBOX>2</CHECKBOX>
		<SD>[0.006014447638718099, 0.006637206540634545, 0.006709942008290487, 0.015931572863522713, 0.011765485071289604, 0.008203520847666401]</SD>
		<WAVELENGTH_UNIT>band number</WAVELENGTH_UNIT>
		<COLOR>#7b8b7a</COLOR>
		<COVARIANCE_MATRIX>[[5.405425690696575e-05, 5.45924631296657e-05, 4.4689379137707874e-05, 4.1365824472450186e-06, 1.0000205293181352e-05, 1.0748344720923342e-05], [5.45924631296657e-05, 6.241660594241694e-05, 5.206245987210423e-05, 1.583906305313576e-05, 2.4701292204554193e-05, 2.1321433450793847e-05], [4.4689379137707874e-05, 5.206245987210423e-05, 5.6472501455573365e-05, 5.0586662837304175e-05, 5.416609565145336e-05, 4.0033086406765506e-05], [4.1365824472450186e-06, 1.583906305313576e-05, 5.0586662837304175e-05, 0.0002460497780703008, 0.00016105784743558615, 9.651372965890914e-05], [1.0000205293181352e-05, 2.4701292204554193e-05, 5.416609565145336e-05, 0.00016105784743558615, 0.00016776395204942673, 0.00010699401900637895], [1.0748344720923342e-05, 2.1321433450793847e-05, 4.0033086406765506e-05, 9.651372965890914e-05, 0.00010699401900637895, 7.998992805369198e-05]]</COVARIANCE_MATRIX>
		<ROI_SIZE>4254</ROI_SIZE>
		<MAX_VALUE>[0.16212952136993408, 0.14474231004714966, 0.12358827888965607, 0.14310967922210693, 0.08328399807214737, 0.07806378602981567]</MAX_VALUE>
		<MIN_VALUE>[0.1117536649107933, 0.08175379037857056, 0.05784892290830612, 0.06092866137623787, 0.0018836722010746598, 0.0]</MIN_VALUE>
		<SIGNATURE_THRESHOLD_MD>0.0</SIGNATURE_THRESHOLD_MD>
		<SIGNATURE_THRESHOLD_ML>0.0</SIGNATURE_THRESHOLD_ML>
		<SIGNATURE_THRESHOLD_SAM>0.0</SIGNATURE_THRESHOLD_SAM>
	</signature>
	<signature ID="20200824_150926954043_259">
		<MACROCLASSID>1</MACROCLASSID>
		<MACROCLASSINFO>waterbody</MACROCLASSINFO>
		<CLASSID>15</CLASSID>
		<CLASSINFO>C 1</CLASSINFO>
		<VALUES>[0.12579724541634335, 0.003670514146462401, 0.10267258501326924, 0.0046578480442855934, 0.0709060557200041, 0.005456661640755549, 0.08196556583933721, 0.013039745082076238, 0.022834714500416596, 0.013431297307694573, 0.012400793915822775, 0.008947838759537606]</VALUES>
		<LCS_MIN>[0.11301305145025253, 0.08723105490207672, 0.060377366840839386, 0.06408946961164474, 0.01002370472997427, 0.002079970669001341]</LCS_MIN>
		<LCS_MAX>[0.13946039974689484, 0.12831053137779236, 0.10336078703403473, 0.13994884490966797, 0.08531901985406876, 0.06052905693650246]</LCS_MAX>
		<WAVELENGTH>[1.0, 2.0, 3.0, 4.0, 5.0, 6.0]</WAVELENGTH>
		<MEAN_VALUE>[0.12579724541634335, 0.10267258501326924, 0.0709060557200041, 0.08196556583933721, 0.022834714500416596, 0.012400793915822775]</MEAN_VALUE>
		<CHECKBOX>2</CHECKBOX>
		<SD>[0.003670514146462401, 0.0046578480442855934, 0.005456661640755549, 0.013039745082076238, 0.013431297307694573, 0.008947838759537606]</SD>
		<WAVELENGTH_UNIT>band number</WAVELENGTH_UNIT>
		<COLOR>#698e51</COLOR>
		<COVARIANCE_MATRIX>[[1.5817078747204505e-05, 1.6498635886819102e-05, 1.3734089407080319e-05, 8.130446076393127e-06, 5.222766048973426e-06, 3.603595132517512e-06], [1.6498635886819102e-05, 2.610276533232536e-05, 2.3489461455028504e-05, 2.4162725821952336e-05, 2.6028557840618305e-05, 1.769229129422456e-05], [1.3734089407080319e-05, 2.3489461455028504e-05, 3.233602910768241e-05, 5.042989505454898e-05, 5.2919716836186126e-05, 3.5275574191473424e-05], [8.130446076393127e-06, 2.4162725821952336e-05, 5.042989505454898e-05, 0.00017164084420073777, 0.0001531281159259379, 9.636723552830517e-05], [5.222766048973426e-06, 2.6028557840618305e-05, 5.2919716836186126e-05, 0.0001531281159259379, 0.0001895838213386014, 0.0001180175386252813], [3.603595132517512e-06, 1.769229129422456e-05, 3.5275574191473424e-05, 9.636723552830517e-05, 0.0001180175386252813, 8.385334513150156e-05]]</COVARIANCE_MATRIX>
		<ROI_SIZE>3738</ROI_SIZE>
		<MAX_VALUE>[0.13946039974689484, 0.12831053137779236, 0.10336078703403473, 0.13994884490966797, 0.08531901985406876, 0.06052905693650246]</MAX_VALUE>
		<MIN_VALUE>[0.11301305145025253, 0.08723105490207672, 0.060377366840839386, 0.06408946961164474, 0.01002370472997427, 0.002079970669001341]</MIN_VALUE>
		<SIGNATURE_THRESHOLD_MD>0.0</SIGNATURE_THRESHOLD_MD>
		<SIGNATURE_THRESHOLD_ML>0.0</SIGNATURE_THRESHOLD_ML>
		<SIGNATURE_THRESHOLD_SAM>0.0</SIGNATURE_THRESHOLD_SAM>
	</signature>
	<signature ID="20200824_152723947296_383">
		<MACROCLASSID>1</MACROCLASSID>
		<MACROCLASSINFO>waterbody</MACROCLASSINFO>
		<CLASSID>16</CLASSID>
		<CLASSINFO>C 1</CLASSINFO>
		<VALUES>[0.12979548436526478, 0.001891979175858142, 0.09465287250592617, 0.003269232150039261, 0.06667180806215456, 0.0034663734089404787, 0.0639310090741436, 0.008981719326266142, 0.018529764130171923, 0.005507513552682358, 0.011646016527474939, 0.004798924510773843]</VALUES>
		<LCS_MIN>[0.12434762716293335, 0.08723105490207672, 0.060377366840839386, 0.05144624784588814, 0.00595368817448616, 0.0]</LCS_MIN>
