<?xml version="1.0" ?>
<signaturelist MCID_LIST="[['1', 'waterbody', '#000000'], ['2', 'vegetation', '#000000'], ['3', 'bareland', '#000000'], ['4', 'built-up', '#000000']]">
	<signature ID="20210608_100009635149_867">
		<MACROCLASSID>1</MACROCLASSID>
		<MACROCLASSINFO>waterbody</MACROCLASSINFO>
		<CLASSID>1</CLASSID>
		<CLASSINFO>C 1</CLASSINFO>
		<VALUES>[0.08204302755824641, 0.0017612478512391363, 0.09494215811406574, 0.003719944252260634, 0.0640264755599723, 0.0034054168160890445, 0.025876845621966602, 0.003763395200313287, 0.004029557566063843, 0.003056910529526424, 0.0022414065660969805, 0.0019893000539746774]</VALUES>
		<LCS_MIN>[0.07914836704730988, 0.06836629658937454, 0.05068903788924217, 0.021164795383810997, 0.0006921800668351352, 2.661887810972985e-05]</LCS_MIN>
		<LCS_MAX>[0.09083560109138489, 0.10329488664865494, 0.07627315074205399, 0.06344116479158401, 0.0429951511323452, 0.03138779103755951]</LCS_MAX>
		<WAVELENGTH>[0.48, 0.56, 0.655, 0.865, 1.61, 2.2]</WAVELENGTH>
		<MEAN_VALUE>[0.08204302755824641, 0.09494215811406574, 0.0640264755599723, 0.025876845621966602, 0.004029557566063843, 0.0022414065660969805]</MEAN_VALUE>
		<CHECKBOX>2</CHECKBOX>
		<SD>[0.0017612478512391363, 0.003719944252260634, 0.0034054168160890445, 0.003763395200313287, 0.003056910529526424, 0.0019893000539746774]</SD>
		<WAVELENGTH_UNIT>E-6m</WAVELENGTH_UNIT>
		<COLOR>#1dcb30</COLOR>
		<COVARIANCE_MATRIX>[[2.6751438326755306e-06, 4.216998149786377e-06, 4.779227310791612e-06, 3.100256890320452e-06, 9.548238040224533e-07, 5.882703817405854e-07], [4.216998149786377e-06, 1.3453846804623026e-05, 1.1933162568311673e-05, 2.3534928459412185e-06, -1.8492602293918026e-06, -1.1776655810535885e-06], [4.779227310791612e-06, 1.1933162568311673e-05, 1.17592726383009e-05, 4.714745045930613e-06, 1.204407453769818e-07, 6.527463369820907e-08], [3.100256890320452e-06, 2.3534928459412185e-06, 4.714745045930613e-06, 9.894985851133242e-06, 6.331947588478215e-06, 3.884252237185137e-06], [9.548238040224533e-07, -1.8492602293918026e-06, 1.204407453769818e-07, 6.331947588478215e-06, 5.820188562211115e-06, 3.677008635349921e-06], [5.882703817405854e-07, -1.1776655810535885e-06, 6.527463369820907e-08, 3.884252237185137e-06, 3.677008635349921e-06, 2.450467263770406e-06]]</COVARIANCE_MATRIX>
		<ROI_SIZE>9610</ROI_SIZE>
		<MAX_VALUE>[0.09083560109138489, 0.10329488664865494, 0.07627315074205399, 0.06344116479158401, 0.0429951511323452, 0.03138779103755951]</MAX_VALUE>
		<MIN_VALUE>[0.07914836704730988, 0.06836629658937454, 0.05068903788924217, 0.021164795383810997, 0.0006921800668351352, 2.661887810972985e-05]</MIN_VALUE>
		<SIGNATURE_THRESHOLD_MD>0.0</SIGNATURE_THRESHOLD_MD>
		<SIGNATURE_THRESHOLD_ML>0.0</SIGNATURE_THRESHOLD_ML>
		<SIGNATURE_THRESHOLD_SAM>0.0</SIGNATURE_THRESHOLD_SAM>
	</signature>
	<signature ID="20210608_100033202122_369">
		<MACROCLASSID>1</MACROCLASSID>
		<MACROCLASSINFO>waterbody</MACROCLASSINFO>
		<CLASSID>2</CLASSID>
		<CLASSINFO>C 1</CLASSINFO>
		<VALUES>[0.08654012465769921, 0.0034618032192994226, 0.07257616711764507, 0.009098446248751769, 0.04867028165608645, 0.00810343113307766, 0.027511053177345004, 0.00901630096907962, 0.010505202451211393, 0.006970626850710275, 0.00662060858060916, 0.004923974072519956]</VALUES>
		<LCS_MIN>[0.08077234029769897, 0.06061919033527374, 0.03865571692585945, 0.014908535405993462, 0.002582368440926075, 0.002688853768631816]</LCS_MIN>
		<LCS_MAX>[0.09576074779033661, 0.09408354014158249, 0.07172072678804398, 0.061817195266485214, 0.04613659530878067, 0.03242606669664383]</LCS_MAX>
		<WAVELENGTH>[0.48, 0.56, 0.655, 0.865, 1.61, 2.2]</WAVELENGTH>
		<MEAN_VALUE>[0.08654012465769921, 0.07257616711764507, 0.04867028165608645, 0.027511053177345004, 0.010505202451211393, 0.00662060858060916]</MEAN_VALUE>
		<CHECKBOX>2</CHECKBOX>
		<SD>[0.0034618032192994226, 0.009098446248751769, 0.00810343113307766, 0.00901630096907962, 0.006970626850710275, 0.004923974072519956]</SD>
		<WAVELENGTH_UNIT>E-6m</WAVELENGTH_UNIT>
		<COLOR>#7f12bf</COLOR>
		<COVARIANCE_MATRIX>[[1.2009742931695655e-05, 3.0442190109170042e-05, 2.725690501392819e-05, 8.524580152879935e-06, 6.3622619563830085e-06, 4.542398983176099e-06], [3.0442190109170042e-05, 8.295898442156613e-05, 7.089094287948683e-05, 1.6766663975431584e-05, 1.0767480489448644e-05, 7.867864951549564e-06], [2.725690501392819e-05, 7.089094287948683e-05, 6.580620538443327e-05, 2.714038419071585e-05, 1.9328546841279604e-05, 1.3004537322558463e-05], [8.524580152879935e-06, 1.6766663975431584e-05, 2.714038419071585e-05, 8.146776235662401e-05, 5.635279740090482e-05, 3.474987897789106e-05], [6.3622619563830085e-06, 1.0767480489448644e-05, 1.9328546841279604e-05, 5.635279740090482e-05, 4.869368422077969e-05, 3.196396937710233e-05], [4.542398983176099e-06, 7.867864951549564e-06, 1.3004537322558463e-05, 3.474987897789106e-05, 3.196396937710233e-05, 2.4297438358189538e-05]]</COVARIANCE_MATRIX>
		<ROI_SIZE>468</ROI_SIZE>
		<MAX_VALUE>[0.09576074779033661, 0.09408354014158249, 0.07172072678804398, 0.061817195266485214, 0.04613659530878067, 0.03242606669664383]</MAX_VALUE>
		<MIN_VALUE>[0.08077234029769897, 0.06061919033527374, 0.03865571692585945, 0.014908535405993462, 0.002582368440926075, 0.002688853768631816]</MIN_VALUE>
		<SIGNATURE_THRESHOLD_MD>0.0</SIGNATURE_THRESHOLD_MD>
		<SIGNATURE_THRESHOLD_ML>0.0</SIGNATURE_THRESHOLD_ML>
		<SIGNATURE_THRESHOLD_SAM>0.0</SIGNATURE_THRESHOLD_SAM>
	</signature>
	<signature ID="20210608_100853918261_742">
		<MACROCLASSID>1</MACROCLASSID>
		<MACROCLASSINFO>waterbody</MACROCLASSINFO>
		<CLASSID>3</CLASSID>
		<CLASSINFO>C 1</CLASSINFO>
		<VALUES>[0.08553193880639152, 0.0017649943966668886, 0.06817508224549655, 0.0037895517014453653, 0.045229027632736535, 0.004560292158791583, 0.025345527837432325, 0.006188108895575332, 0.010626038269943875, 0.006528248884535358, 0.00725209566170373, 0.005064643287925234]</VALUES>
		<LCS_MIN>[0.0821566954255104, 0.06408009678125381, 0.03796352818608284, 0.012858614325523376, 0.0010915128514170647, 0.0]</LCS_MIN>
		<LCS_MAX>[0.09453612565994263, 0.09397704899311066, 0.07821658998727798, 0.05979388579726219, 0.04579050838947296, 0.03950762003660202]</LCS_MAX>
		<WAVELENGTH>[0.48, 0.56, 0.655, 0.865, 1.61, 2.2]</WAVELENGTH>
		<MEAN_VALUE>[0.08553193880639152, 0.06817508224549655, 0.045229027632736535, 0.025345527837432325, 0.010626038269943875, 0.00725209566170373]</MEAN_VALUE>
		<CHECKBOX>2</CHECKBOX>
		<SD>[0.0017649943966668886, 0.0037895517014453653, 0.004560292158791583, 0.006188108895575332, 0.006528248884535358, 0.005064643287925234]</SD>
		<WAVELENGTH_UNIT>E-6m</WAVELENGTH_UNIT>
		<COLOR>#f60384</COLOR>
		<COVARIANCE_MATRIX>[[3.119304210486007e-06, 5.638475158775691e-06, 6.472851055150386e-06, 8.111739589367062e-06, 8.202063327189535e-06, 6.57098826195579e-06], [5.638475158775691e-06, 1.4379597814695444e-05, 1.6315934772137552e-05, 1.7771166312741116e-05, 1.834313661674969e-05, 1.4310930055216886e-05], [6.472851055150386e-06, 1.6315934772137552e-05, 2.082362880173605e-05, 2.5024522983585484e-05, 2.5869252567645162e-05, 1.9150842490489595e-05], [8.111739589367062e-06, 1.7771166312741116e-05, 2.5024522983585484e-05, 3.834307790384628e-05, 3.858950731228106e-05, 2.7197545932722278e-05], [8.202063327189535e-06, 1.834313661674969e-05, 2.5869252567645162e-05, 3.858950731228106e-05, 4.2674109863583e-05, 3.106510848738253e-05], [6.57098826195579e-06, 1.4310930055216886e-05, 1.9150842490489595e-05, 2.7197545932722278e-05, 3.106510848738253e-05, 2.5684363208711147e-05]]</COVARIANCE_MATRIX>
		<ROI_SIZE>761</ROI_SIZE>
		<MAX_VALUE>[0.09453612565994263, 0.09397704899311066, 0.07821658998727798, 0.05979388579726219, 0.04579050838947296, 0.03950762003660202]</MAX_VALUE>
		<MIN_VALUE>[0.0821566954255104, 0.06408009678125381, 0.03796352818608284, 0.012858614325523376, 0.0010915128514170647, 0.0]</MIN_VALUE>
		<SIGNATURE_THRESHOLD_MD>0.0</SIGNATURE_THRESHOLD_MD>
		<SIGNATURE_THRESHOLD_ML>0.0</SIGNATURE_THRESHOLD_ML>
		<SIGNATURE_THRESHOLD_SAM>0.0</SIGNATURE_THRESHOLD_SAM>
	</signature>
	<signature ID="20210608_101206779688_236">
		<MACROCLASSID>1</MACROCLASSID>
		<MACROCLASSINFO>waterbody</MACROCLASSINFO>
		<CLASSID>4</CLASSID>
		<CLASSINFO>C 1</CLASSINFO>
		<VALUES>[0.08397638890249973, 0.0007867034048658539, 0.07199309876766702, 0.0016050466052676508, 0.048799393582960655, 0.00240334282148018, 0.029438395053148273, 0.007636828940577802, 0.010566147432084484, 0.006616749511116346, 0.007081092393892852, 0.004237377054364785]</VALUES>
		<LCS_MIN>[0.08258266001939774, 0.06325479596853256, 0.04491196945309639, 0.019354473799467087, 0.002635616110637784, 0.002555739600211382]</LCS_MIN>
		<LCS_MAX>[0.08945123851299286, 0.07885552197694778, 0.06258924305438995, 0.06493202596902847, 0.04400680586695671, 0.030562497675418854]</LCS_MAX>
		<WAVELENGTH>[0.48, 0.56, 0.655, 0.865, 1.61, 2.2]</WAVELENGTH>
		<MEAN_VALUE>[0.08397638890249973, 0.07199309876766702, 0.048799393582960655, 0.029438395053148273, 0.010566147432084484, 0.007081092393892852]</MEAN_VALUE>
		<CHECKBOX>2</CHECKBOX>
		<SD>[0.0007867034048658539, 0.0016050466052676508, 0.00240334282148018, 0.007636828940577802, 0.006616749511116346, 0.004237377054364785]</SD>
		<WAVELENGTH_UNIT>E-6m</WAVELENGTH_UNIT>
		<COLOR>#924c2a</COLOR>
		<COVARIANCE_MATRIX>[[6.210437959452975e-07, 8.858695537128369e-07, 1.3205848290454014e-06, 3.2721338811825262e-06, 3.0832009088044288e-06, 2.120055341947591e-06], [8.858695537128369e-07, 2.585088623163756e-06, 3.1896945529297227e-06, 4.455660473468015e-06, 4.356634235591628e-06, 2.927789637396927e-06], [1.3205848290454014e-06, 3.1896945529297227e-06, 5.796043296868447e-06, 1.3387946637521964e-05, 1.204728596349014e-05, 7.162050678743981e-06], [3.2721338811825262e-06, 4.455660473468015e-06, 1.3387946637521964e-05, 5.852296089869924e-05, 4.744467150885612e-05, 2.728916660998948e-05], [3.0832009088044288e-06, 4.356634235591628e-06, 1.204728596349014e-05, 4.744467150885612e-05, 4.393286508275196e-05, 2.6020141376648098e-05], [2.120055341947591e-06, 2.927789637396927e-06, 7.162050678743981e-06, 2.728916660998948e-05, 2.6020141376648098e-05, 1.8017493857769296e-05]]</COVARIANCE_MATRIX>
		<ROI_SIZE>290</ROI_SIZE>
		<MAX_VALUE>[0.08945123851299286, 0.07885552197694778, 0.06258924305438995, 0.06493202596902847, 0.04400680586695671, 0.030562497675418854]</MAX_VALUE>
		<MIN_VALUE>[0.08258266001939774, 0.06325479596853256, 0.04491196945309639, 0.019354473799467087, 0.002635616110637784, 0.002555739600211382]</MIN_VALUE>
		<SIGNATURE_THRESHOLD_MD>0.0</SIGNATURE_THRESHOLD_MD>
		<SIGNATURE_THRESHOLD_ML>0.0</SIGNATURE_THRESHOLD_ML>
		<SIGNATURE_THRESHOLD_SAM>0.0</SIGNATURE_THRESHOLD_SAM>
	</signature>
	<signature ID="20210608_101209696698_244">
		<MACROCLASSID>1</MACROCLASSID>
		<MACROCLASSINFO>waterbody</MACROCLASSINFO>
		<CLASSID>5</CLASSID>
		<CLASSINFO>C 1</CLASSINFO>
		<VALUES>[0.0908670653315151, 0.0030064656198538677, 0.0875221821554204, 0.008199934401883296, 0.061049841404120564, 0.009650921767267112, 0.027479714893282728, 0.008022883680352847, 0.01227277600739331, 0.007463350123229621, 0.008334085285504235, 0.005120264090911359]</VALUES>
		<LCS_MIN>[0.08777403831481934, 0.07944121211767197, 0.05114161968231201, 0.015174764208495617, 0.0021564068738371134, 0.00332779623568058]</LCS_MIN>
		<LCS_MAX>[0.10015343874692917, 0.11346464604139328, 0.0941367819905281, 0.06006011366844177, 0.04339449480175972, 0.03157415613532066]</LCS_MAX>
		<WAVELENGTH>[0.48, 0.56, 0.655, 0.865, 1.61, 2.2]</WAVELENGTH>
		<MEAN_VALUE>[0.0908670653315151, 0.0875221821554204, 0.061049841404120564, 0.027479714893282728, 0.01227277600739331, 0.008334085285504235]</MEAN_VALUE>
		<CHECKBOX>2</CHECKBOX>
		<SD>[0.0030064656198538677, 0.008199934401883296, 0.009650921767267112, 0.008022883680352847, 0.007463350123229621, 0.005120264090911359]</SD>
		<WAVELENGTH_UNIT>E-6m</WAVELENGTH_UNIT>
		<COLOR>#8037ff</COLOR>
		<COVARIANCE_MATRIX>[[9.087431863008533e-06, 2.386733285675291e-05, 2.7235179004492238e-05, 1.0431882401462644e-05, 8.011827048903797e-06, 5.430186774901813e-06], [2.386733285675291e-05, 6.760042015230283e-05, 7.680423732381314e-05, 2.401147321506869e-05, 1.7201951777678914e-05, 1.1625304978224449e-05], [2.7235179004492238e-05, 7.680423732381314e-05, 9.364104334963486e-05, 4.194166831439361e-05, 3.295246642665006e-05, 2.100724850606639e-05], [1.0431882401462644e-05, 2.401147321506869e-05, 4.194166831439361e-05, 6.471271626651287e-05, 5.7987628679256886e-05, 3.5677374398801476e-05], [8.011827048903797e-06, 1.7201951777678914e-05, 3.295246642665006e-05, 5.7987628679256886e-05, 5.600106669589877e-05, 3.565457882359624e-05], [5.430186774901813e-06, 1.1625304978224449e-05, 2.100724850606639e-05, 3.5677374398801476e-05, 3.565457882359624e-05, 2.6358056857134216e-05]]</COVARIANCE_MATRIX>
		<ROI_SIZE>187</ROI_SIZE>
		<MAX_VALUE>[0.10015343874692917, 0.11346464604139328, 0.0941367819905281, 0.06006011366844177, 0.04339449480175972, 0.03157415613532066]</MAX_VALUE>
		<MIN_VALUE>[0.08777403831481934, 0.07944121211767197, 0.05114161968231201, 0.015174764208495617, 0.0021564068738371134, 0.00332779623568058]</MIN_VALUE>
		<SIGNATURE_THRESHOLD_MD>0.0</SIGNATURE_THRESHOLD_MD>
		<SIGNATURE_THRESHOLD_ML>0.0</SIGNATURE_THRESHOLD_ML>
		<SIGNATURE_THRESHOLD_SAM>0.0</SIGNATURE_THRESHOLD_SAM>
	</signature>
	<signature ID="20210608_101219428200_713">
		<MACROCLASSID>1</MACROCLASSID>
		<MACROCLASSINFO>waterbody</MACROCLASSINFO>
		<CLASSID>6</CLASSID>
		<CLASSINFO>C 1</CLASSINFO>
		<VALUES>[0.08961661231101092, 0.003949042872821582, 0.09101983874039814, 0.01146914443084853, 0.05503835479720372, 0.0075368142764133455, 0.028078932815590936, 0.008080532589114954, 0.006306103296014607, 0.003791499552821808, 0.003434372263448175, 0.002199807117541142]</VALUES>
		<LCS_MIN>[0.07723154872655869, 0.05928806588053703, 0.03681875765323639, 0.015920180827379227, 0.002875215606763959, 0.0019168071448802948]</LCS_MIN>
		<LCS_MAX>[0.10265595465898514, 0.11751125007867813, 0.08593707531690598, 0.06429307162761688, 0.0449385866522789, 0.02742106467485428]</LCS_MAX>
		<WAVELENGTH>[0.48, 0.56, 0.655, 0.865, 1.61, 2.2]</WAVELENGTH>
		<MEAN_VALUE>[0.08961661231101092, 0.09101983874039814, 0.05503835479720372, 0.028078932815590936, 0.006306103296014607, 0.003434372263448175]</MEAN_VALUE>
		<CHECKBOX>2</CHECKBOX>
		<SD>[0.003949042872821582, 0.01146914443084853, 0.0075368142764133455, 0.008080532589114954, 0.003791499552821808, 0.002199807117541142]</SD>
		<WAVELENGTH_UNIT>E-6m</WAVELENGTH_UNIT>
		<COLOR>#dc4973</COLOR>
		<COVARIANCE_MATRIX>[[1.2730451089737471e-05, 3.3873951906571165e-05, 2.3966018488863483e-05, -1.7202702338181552e-06, 9.309788993050461e-07, 8.626356020613457e-07], [3.3873951906571165e-05, 0.00010774358088383451, 6.772788765374571e-05, -1.6804569895612076e-05, -3.323247312891908e-07, 4.738525376524194e-07], [2.3966018488863483e-05, 6.772788765374571e-05, 5.021161996410228e-05, 1.711786239866342e-06, 4.612311386154033e-06, 3.1639522148907417e-06], [-1.7202702338181552e-06, -1.6804569895612076e-05, 1.711786239866342e-06, 5.181616870686412e-05, 1.5903644452919252e-05, 8.618005267635453e-06], [9.309788993050461e-07, -3.323247312891908e-07, 4.612311386154033e-06, 1.5903644452919252e-05, 1.0063888112199493e-05, 5.643386884912616e-06], [8.626356020613457e-07, 4.738525376524194e-07, 3.1639522148907417e-06, 8.618005267635453e-06, 5.643386884912616e-06, 3.35129539053014e-06]]</COVARIANCE_MATRIX>
		<ROI_SIZE>6671</ROI_SIZE>
		<MAX_VALUE>[0.10265595465898514, 0.11751125007867813, 0.08593707531690598, 0.06429307162761688, 0.0449385866522789, 0.02742106467485428]</MAX_VALUE>
		<MIN_VALUE>[0.07723154872655869, 0.05928806588053703, 0.03681875765323639, 0.015920180827379227, 0.002875215606763959, 0.0019168071448802948]</MIN_VALUE>
		<SIGNATURE_THRESHOLD_MD>0.0</SIGNATURE_THRESHOLD_MD>
		<SIGNATURE_THRESHOLD_ML>0.0</SIGNATURE_THRESHOLD_ML>
		<SIGNATURE_THRESHOLD_SAM>0.0</SIGNATURE_THRESHOLD_SAM>
	</signature>
	<signature ID="20210608_101224538304_542">
		<MACROCLASSID>1</MACROCLASSID>
		<MACROCLASSINFO>waterbody</MACROCLASSINFO>
		<CLASSID>7</CLASSID>
		<CLASSINFO>C 1</CLASSINFO>
		<VALUES>[0.08225379831583497, 0.000743842784677087, 0.07773401416370772, 0.005072295851542903, 0.04834923917110959, 0.0030951378739921443, 0.025056450580953404, 0.002702439702032142, 0.004443954552737653, 0.001758932999987439, 0.002554112144677424, 0.001262695978397087]</VALUES>
		<LCS_MIN>[0.07962756603956223, 0.06240289285778999, 0.04019981250166893, 0.021351156756281853, 0.0030615676660090685, 0.0015973409172147512]</LCS_MIN>
		<LCS_MAX>[0.08622992038726807, 0.08825323730707169, 0.06250936537981033, 0.06386710703372955, 0.04083874449133873, 0.030988460406661034]</LCS_MAX>
		<WAVELENGTH>[0.48, 0.56, 0.655, 0.865, 1.61, 2.2]</WAVELENGTH>
		<MEAN_VALUE>[0.08225379831583497, 0.07773401416370772, 0.04834923917110959, 0.025056450580953404, 0.004443954552737653, 0.002554112144677424]</MEAN_VALUE>
		<CHECKBOX>2</CHECKBOX>
		<SD>[0.000743842784677087, 0.005072295851542903, 0.0030951378739921443, 0.002702439702032142, 0.001758932999987439, 0.001262695978397087]</SD>
		<WAVELENGTH_UNIT>E-6m</WAVELENGTH_UNIT>
		<COLOR>#40f581</COLOR>
		<COVARIANCE_MATRIX>[[6.022268621563853e-07, 2.8874924282717984e-06, 1.8362660512138973e-06, 1.0024735956903896e-06, 2.818824498262984e-07, 1.8749568653220194e-07], [2.8874924282717984e-06, 2.626969217089936e-05, 1.574479028931819e-05, 6.987525466684019e-06, 1.4899226243869634e-06, 1.2198498779980582e-06], [1.8362660512138973e-06, 1.574479028931819e-05, 9.660765499575064e-06, 5.0266608013771474e-06, 1.4663079355159425e-06, 1.1054697779400158e-06], [1.0024735956903896e-06, 6.987525466684019e-06, 5.0266608013771474e-06, 1.1082498531322926e-05, 5.299984877638053e-06, 3.2202649435930653e-06], [2.818824498262984e-07, 1.4899226243869634e-06, 1.4663079355159425e-06, 5.299984877638053e-06, 3.4795370993379038e-06, 2.2195265501068207e-06], [1.8749568653220194e-07, 1.2198498779980582e-06, 1.1054697779400158e-06, 3.2202649435930653e-06, 2.2195265501068207e-06, 1.5261897488016984e-06]]</COVARIANCE_MATRIX>
		<ROI_SIZE>7378</ROI_SIZE>
		<MAX_VALUE>[0.08622992038726807, 0.08825323730707169, 0.06250936537981033, 0.06386710703372955, 0.04083874449133873, 0.030988460406661034]</MAX_VALUE>
		<MIN_VALUE>[0.07962756603956223, 0.06240289285778999, 0.04019981250166893, 0.021351156756281853, 0.0030615676660090685, 0.0015973409172147512]</MIN_VALUE>
		<SIGNATURE_THRESHOLD_MD>0.0</SIGNATURE_THRESHOLD_MD>
		<SIGNATURE_THRESHOLD_ML>0.0</SIGNATURE_THRESHOLD_ML>
		<SIGNATURE_THRESHOLD_SAM>0.0</SIGNATURE_THRESHOLD_SAM>
	</signature>
	<signature ID="20210608_101235967527_817">
		<MACROCLASSID>1</MACROCLASSID>
		<MACROCLASSINFO>waterbody</MACROCLASSINFO>
		<CLASSID>8</CLASSID>
		<CLASSINFO>C 1</CLASSINFO>
		<VALUES>[0.07915253997344002, 0.0021573393653496775, 0.06768173058898429, 0.004959644231683938, 0.045644167850450286, 0.0054358031965751, 0.02232285603010322, 0.005381228546745791, 0.009069767472232568, 0.006226521055173625, 0.006339692953125544, 0.004788986810729441]</VALUES>
		<LCS_MIN>[0.07523487508296967, 0.06136461719870567, 0.03964073583483696, 0.00982365570962429, 0.00045257050078362226, 0.0005058181704953313]</LCS_MIN>
		<LCS_MAX>[0.09067586809396744, 0.09448286145925522, 0.07874904572963715, 0.05604012683033943, 0.04256920889019966, 0.03647267445921898]</LCS_MAX>
		<WAVELENGTH>[0.48, 0.56, 0.655, 0.865, 1.61, 2.2]</WAVELENGTH>
		<MEAN_VALUE>[0.07915253997344002, 0.06768173058898429, 0.045644167850450286, 0.02232285603010322, 0.009069767472232568, 0.006339692953125544]</MEAN_VALUE>
		<CHECKBOX>2</CHECKBOX>
		<SD>[0.0021573393653496775, 0.004959644231683938, 0.0054358031965751, 0.005381228546745791, 0.006226521055173625, 0.004788986810729441]</SD>
		<WAVELENGTH_UNIT>E-6m</WAVELENGTH_UNIT>
		<COLOR>#728ce9</COLOR>
		<COVARIANCE_MATRIX>[[4.659640580939595e-06, 1.0205832040810492e-05, 1.0954159733955748e-05, 6.843856681371108e-06, 5.580272500083083e-06, 4.697626991401194e-06], [1.0205832040810492e-05, 2.4627284801681526e-05, 2.6090465325978585e-05, 1.4448999536398333e-05, 1.2123129636165686e-05, 9.997055713029113e-06], [1.0954159733955748e-05, 2.6090465325978585e-05, 2.958304867206607e-05, 2.045539440587163e-05, 1.8110089513356797e-05, 1.4740731785423122e-05], [6.843856681371108e-06, 1.4448999536398333e-05, 2.045539440587163e-05, 2.899201172112953e-05, 2.6893014364759438e-05, 2.09964291570941e-05], [5.580272500083083e-06, 1.2123129636165686e-05, 1.8110089513356797e-05, 2.6893014364759438e-05, 3.881560769514181e-05, 2.9203796657384373e-05], [4.697626991401194e-06, 9.997055713029113e-06, 1.4740731785423122e-05, 2.09964291570941e-05, 2.9203796657384373e-05, 2.2961632566875778e-05]]</COVARIANCE_MATRIX>
		<ROI_SIZE>843</ROI_SIZE>
		<MAX_VALUE>[0.09067586809396744, 0.09448286145925522, 0.07874904572963715, 0.05604012683033943, 0.04256920889019966, 0.03647267445921898]</MAX_VALUE>
		<MIN_VALUE>[0.07523487508296967, 0.06136461719870567, 0.03964073583483696, 0.00982365570962429, 0.00045257050078362226, 0.0005058181704953313]</MIN_VALUE>
		<SIGNATURE_THRESHOLD_MD>0.0</SIGNATURE_THRESHOLD_MD>
		<SIGNATURE_THRESHOLD_ML>0.0</SIGNATURE_THRESHOLD_ML>
		<SIGNATURE_THRESHOLD_SAM>0.0</SIGNATURE_THRESHOLD_SAM>
	</signature>
	<signature ID="20210608_101244604027_379">
		<MACROCLASSID>1</MACROCLASSID>
		<MACROCLASSINFO>waterbody</MACROCLASSINFO>
		<CLASSID>9</CLASSID>
		<CLASSINFO>C 1</CLASSINFO>
		<VALUES>[0.11124835063908563, 0.0045265650021712855, 0.11470018105455121, 0.007198003219688272, 0.10491261583105742, 0.013919549202904065, 0.03691981199899905, 0.008229834542837296, 0.01566572227639586, 0.0074194898180574105, 0.010786886682134069, 0.005472657999033927]</VALUES>
		<LCS_MIN>[0.09373743832111359, 0.0872948169708252, 0.07227978110313416, 0.023986773565411568, 0.0, 0.0038602431304752827]</LCS_MIN>
		<LCS_MAX>[0.12437981367111206, 0.1319139450788498, 0.13010361790657043, 0.078269824385643, 0.0582231730222702, 0.04360748454928398]</LCS_MAX>
		<WAVELENGTH>[0.48, 0.56, 0.655, 0.865, 1.61, 2.2]</WAVELENGTH>
		<MEAN_VALUE>[0.11124835063908563, 0.11470018105455121, 0.10491261583105742, 0.03691981199899905, 0.01566572227639586, 0.010786886682134069]</MEAN_VALUE>
		<CHECKBOX>2</CHECKBOX>
		<SD>[0.0045265650021712855, 0.007198003219688272, 0.013919549202904065, 0.008229834542837296, 0.0074194898180574105, 0.005472657999033927]</SD>
		<WAVELENGTH_UNIT>E-6m</WAVELENGTH_UNIT>
		<COLOR>#d8e34b</COLOR>
		<COVARIANCE_MATRIX>[[1.6381372915930115e-05, 2.5677796656964347e-05, 4.6876066335244104e-05, 1.7030490198521875e-05, 1.2584165233420208e-05, 1.117246847570641e-05], [2.5677796656964347e-05, 4.2381601815577596e-05, 8.050925680436194e-05, 2.481606679793913e-05, 1.6668805983499624e-05, 1.5493027603952214e-05], [4.6876066335244104e-05, 8.050925680436194e-05, 0.00016951105499174446, 5.7356712204637006e-05, 3.636035762610845e-05, 3.233587631257251e-05], [1.7030490198521875e-05, 2.481606679793913e-05, 5.7356712204637006e-05, 7.50049002817832e-05, 6.0064627177780494e-05, 4.417010859469883e-05], [1.2584165233420208e-05, 1.6668805983499624e-05, 3.636035762610845e-05, 6.0064627177780494e-05, 6.0830188886029646e-05, 4.3191699660383165e-05], [1.117246847570641e-05, 1.5493027603952214e-05, 3.233587631257251e-05, 4.417010859469883e-05, 4.3191699660383165e-05, 3.20850704156328e-05]]</COVARIANCE_MATRIX>
		<ROI_SIZE>1478</ROI_SIZE>
		<MAX_VALUE>[0.12437981367111206, 0.1319139450788498, 0.13010361790657043, 0.078269824385643, 0.0582231730222702, 0.04360748454928398]</MAX_VALUE>
		<MIN_VALUE>[0.09373743832111359, 0.0872948169708252, 0.07227978110313416, 0.023986773565411568, 0.0, 0.0038602431304752827]</MIN_VALUE>
		<SIGNATURE_THRESHOLD_MD>0.0</SIGNATURE_THRESHOLD_MD>
		<SIGNATURE_THRESHOLD_ML>0.0</SIGNATURE_THRESHOLD_ML>
		<SIGNATURE_THRESHOLD_SAM>0.0</SIGNATURE_THRESHOLD_SAM>
	</signature>
	<signature ID="20210608_101253230516_578">
		<MACROCLASSID>1</MACROCLASSID>
		<MACROCLASSINFO>waterbody</MACROCLASSINFO>
		<CLASSID>10</CLASSID>
		<CLASSINFO>C 1</CLASSINFO>
		<VALUES>[0.11089130151527017, 0.0015083555609399846, 0.11389604962747037, 0.0024512592763140857, 0.14212466076882244, 0.004659151464873417, 0.09486494614352509, 0.010205670851911078, 0.01683308187137366, 0.010153534839582912, 0.011853880300229288, 0.0070873531641932035]</VALUES>
		<LCS_MIN>[0.10164429247379303, 0.09171414375305176, 0.10923166573047638, 0.0766192376613617, 0.006415992509573698, 0.004073224030435085]</LCS_MIN>
		<LCS_MAX>[0.11647297441959381, 0.12051957845687866, 0.1510554552078247, 0.13074257969856262, 0.05079551413655281, 0.04427303746342659]</LCS_MAX>
		<WAVELENGTH>[0.48, 0.56, 0.655, 0.865, 1.61, 2.2]</WAVELENGTH>
		<MEAN_VALUE>[0.11089130151527017, 0.11389604962747037, 0.14212466076882244, 0.09486494614352509, 0.01683308187137366, 0.011853880300229288]</MEAN_VALUE>
		<CHECKBOX>2</CHECKBOX>
		<SD>[0.0015083555609399846, 0.0024512592763140857, 0.004659151464873417, 0.010205670851911078, 0.010153534839582912, 0.0070873531641932035]</SD>
		<WAVELENGTH_UNIT>E-6m</WAVELENGTH_UNIT>
		<COLOR>#6b8393</COLOR>
		<COVARIANCE_MATRIX>[[2.2821154743724037e-06, 3.187260972481454e-06, 5.071714895166224e-06, 2.276410214108182e-06, 1.4099794043431757e-06, 2.4386183667957084e-06], [3.187260972481454e-06, 6.027103609085316e-06, 1.0129063412023243e-05, -1.9984124719485408e-06, -2.7824607968796045e-06, 4.1536523553986626e-07], [5.071714895166224e-06, 1.0129063412023243e-05, 2.1774279957753606e-05, -1.4973062206991017e-05, -1.3275347555463668e-05, -6.164837486721808e-06], [2.276410214108182e-06, -1.9984124719485408e-06, -1.4973062206991017e-05, 0.0001044752134475857, 8.297956082969904e-05, 5.06259202666115e-05], [1.4099794043431757e-06, -2.7824607968796045e-06, -1.3275347555463668e-05, 8.297956082969904e-05, 0.00010341050801798701, 6.737672083545476e-05], [2.4386183667957084e-06, 4.1536523553986626e-07, -6.164837486721808e-06, 5.06259202666115e-05, 6.737672083545476e-05, 5.038465678808279e-05]]</COVARIANCE_MATRIX>
		<ROI_SIZE>327</ROI_SIZE>
		<MAX_VALUE>[0.11647297441959381, 0.12051957845687866, 0.1510554552078247, 0.13074257969856262, 0.05079551413655281, 0.04427303746342659]</MAX_VALUE>
		<MIN_VALUE>[0.10164429247379303, 0.09171414375305176, 0.10923166573047638, 0.0766192376613617, 0.006415992509573698, 0.004073224030435085]</MIN_VALUE>
		<SIGNATURE_THRESHOLD_MD>0.0</SIGNATURE_THRESHOLD_MD>
		<SIGNATURE_THRESHOLD_ML>0.0</SIGNATURE_THRESHOLD_ML>
		<SIGNATURE_THRESHOLD_SAM>0.0</SIGNATURE_THRESHOLD_SAM>
	</signature>
	<signature ID="20210608_101304952659_245">
		<MACROCLASSID>1</MACROCLASSID>
		<MACROCLASSINFO>waterbody</MACROCLASSINFO>
		<CLASSID>11</CLASSID>
		<CLASSINFO>C 1</CLASSINFO>
		<VALUES>[0.10722111973990786, 0.0012219310123018471, 0.10821096282056036, 0.0020994586941595664, 0.13934698403674237, 0.004126093061234244, 0.09139254839813449, 0.01174248348205373, 0.020766028238985535, 0.012398975711446727, 0.014997890466784538, 0.009032823846517912]</VALUES>
		<LCS_MIN>[0.09842299669981003, 0.09094209969043732, 0.11274583637714386, 0.07235965877771378, 0.0038868619594722986, 0.003221300896257162]</LCS_MIN>
		<LCS_MAX>[0.11165431886911392, 0.11468926817178726, 0.14764778316020966, 0.12504538893699646, 0.05196690186858177, 0.04597686231136322]</LCS_MAX>
		<WAVELENGTH>[0.48, 0.56, 0.655, 0.865, 1.61, 2.2]</WAVELENGTH>
		<MEAN_VALUE>[0.10722111973990786, 0.10821096282056036, 0.13934698403674237, 0.09139254839813449, 0.020766028238985535, 0.014997890466784538]</MEAN_VALUE>
		<CHECKBOX>2</CHECKBOX>
		<SD>[0.0012219310123018471, 0.0020994586941595664, 0.004126093061234244, 0.01174248348205373, 0.012398975711446727, 0.009032823846517912]</SD>
		<WAVELENGTH_UNIT>E-6m</WAVELENGTH_UNIT>
		<COLOR>#4e1be0</COLOR>
		<COVARIANCE_MATRIX>[[1.5010999732112396e-06, 2.4107876015477814e-06, 3.604883204388898e-06, -5.683286303792556e-07, 8.591209166297631e-07, 2.1853177258890355e-06], [2.4107876015477814e-06, 4.431297384144273e-06, 7.353679848165484e-06, -4.7213793550326955e-06, -2.5483561785222264e-06, 3.0987763466328033e-07], [3.604883204388898e-06, 7.353679848165484e-06, 1.711568438622635e-05, -2.6930096282740124e-05, -2.1465624740812927e-05, -1.1025740604964085e-05], [-5.683286303792556e-07, -4.7213793550326955e-06, -2.6930096282740124e-05, 0.0001386232761433348, 0.00012780647375620902, 7.430594996549189e-05], [8.591209166297631e-07, -2.5483561785222264e-06, -2.1465624740812927e-05, 0.00012780647375620902, 0.00015455670654773712, 0.00010392653348390013], [2.1853177258890355e-06, 3.0987763466328033e-07, -1.1025740604964085e-05, 7.430594996549189e-05, 0.00010392653348390013, 8.202822937164456e-05]]</COVARIANCE_MATRIX>
		<ROI_SIZE>188</ROI_SIZE>
		<MAX_VALUE>[0.11165431886911392, 0.11468926817178726, 0.14764778316020966, 0.12504538893699646, 0.05196690186858177, 0.04597686231136322]</MAX_VALUE>
		<MIN_VALUE>[0.09842299669981003, 0.09094209969043732, 0.11274583637714386, 0.07235965877771378, 0.0038868619594722986, 0.003221300896257162]</MIN_VALUE>
		<SIGNATURE_THRESHOLD_MD>0.0</SIGNATURE_THRESHOLD_MD>
		<SIGNATURE_THRESHOLD_ML>0.0</SIGNATURE_THRESHOLD_ML>
		<SIGNATURE_THRESHOLD_SAM>0.0</SIGNATURE_THRESHOLD_SAM>
	</signature>
	<signature ID="20210608_101319581130_107">
		<MACROCLASSID>1</MACROCLASSID>
		<MACROCLASSINFO>waterbody</MACROCLASSINFO>
		<CLASSID>12</CLASSID>
		<CLASSINFO>C 1</CLASSINFO>
		<VALUES>[0.10904341740977197, 0.00138082930721228, 0.1032543151033303, 0.002312730778223132, 0.12411929974480282, 0.005769836519060149, 0.09103970732244229, 0.020946846365086046, 0.02533986522088063, 0.013993741184118245, 0.016013998076679914, 0.008173329400298317]</VALUES>
		<LCS_MIN>[0.10324164479970932, 0.09506855905056, 0.1060902401804924, 0.04933129623532295, 0.0, 2.661887810972985e-05]</LCS_MIN>
		<LCS_MAX>[0.11298542469739914, 0.10864599049091339, 0.13316521048545837, 0.1325528919696808, 0.0637340173125267, 0.03980046883225441]</LCS_MAX>
		<WAVELENGTH>[0.48, 0.56, 0.655, 0.865, 1.61, 2.2]</WAVELENGTH>
		<MEAN_VALUE>[0.10904341740977197, 0.1032543151033303, 0.12411929974480282, 0.09103970732244229, 0.02533986522088063, 0.016013998076679914]</MEAN_VALUE>
		<CHECKBOX>2</CHECKBOX>
		<SD>[0.00138082930721228, 0.002312730778223132, 0.005769836519060149, 0.020946846365086046, 0.013993741184118245, 0.008173329400298317]</SD>
		<WAVELENGTH_UNIT>E-6m</WAVELENGTH_UNIT>
		<COLOR>#764eb7</COLOR>
		<COVARIANCE_MATRIX>[[1.9219430669181747e-06, 2.6765030725073302e-06, 5.207606591284275e-06, -7.498250852222554e-06, -4.516740318649681e-06, -1.4177561524775228e-06], [2.6765030725073302e-06, 5.3915132411930244e-06, 1.1718748282874003e-05, -1.4085250768403057e-05, -1.1731907761713956e-05, -5.600271379080368e-06], [5.207606591284275e-06, 1.1718748282874003e-05, 3.355734224896878e-05, -7.302438461920246e-05, -5.299990880303085e-05, -2.8338716219877824e-05], [-7.498250852222554e-06, -1.4085250768403057e-05, -7.302438461920246e-05, 0.00044228052138350904, 0.00026144194998778403, 0.00013876051525585353], [-4.516740318649681e-06, -1.1731907761713956e-05, -5.299990880303085e-05, 0.00026144194998778403, 0.00019739138951990753, 0.00011109185288660228], [-1.4177561524775228e-06, -5.600271379080368e-06, -2.8338716219877824e-05, 0.00013876051525585353, 0.00011109185288660228, 6.733774353051558e-05]]</COVARIANCE_MATRIX>
		<ROI_SIZE>126</ROI_SIZE>
		<MAX_VALUE>[0.11298542469739914, 0.10864599049091339, 0.13316521048545837, 0.1325528919696808, 0.0637340173125267, 0.03980046883225441]</MAX_VALUE>
		<MIN_VALUE>[0.10324164479970932, 0.09506855905056, 0.1060902401804924, 0.04933129623532295, 0.0, 2.661887810972985e-05]</MIN_VALUE>
		<SIGNATURE_THRESHOLD_MD>0.0</SIGNATURE_THRESHOLD_MD>
		<SIGNATURE_THRESHOLD_ML>0.0</SIGNATURE_THRESHOLD_ML>
		<SIGNATURE_THRESHOLD_SAM>0.0</SIGNATURE_THRESHOLD_SAM>
	</signature>
	<signature ID="20210608_101326397769_639">
		<MACROCLASSID>1</MACROCLASSID>
		<MACROCLASSINFO>waterbody</MACROCLASSINFO>
		<CLASSID>13</CLASSID>
		<CLASSINFO>C 1</CLASSINFO>
		<VALUES>[0.10979670227358217, 0.0014594712021220825, 0.10509609725130233, 0.001411460049087161, 0.12476094037686525, 0.0035337108447122674, 0.07607803836857017, 0.011322025933839608, 0.019765020605470786, 0.009881069789639698, 0.01317212451249361, 0.006373869219749499]</VALUES>
		<LCS_MIN>[0.10694214701652527, 0.09900867193937302, 0.11045631021261215, 0.05367074906826019, 0.004099842626601458, 0.004525804426521063]</LCS_MIN>
		<LCS_MAX>[0.1174047514796257, 0.10774083435535431, 0.1306626945734024, 0.102203369140625, 0.04991699010133743, 0.03490196168422699]</LCS_MAX>
		<WAVELENGTH>[0.48, 0.56, 0.655, 0.865, 1.61, 2.2]</WAVELENGTH>
		<MEAN_VALUE>[0.10979670227358217, 0.10509609725130233, 0.12476094037686525, 0.07607803836857017, 0.019765020605470786, 0.01317212451249361]</MEAN_VALUE>
		<CHECKBOX>2</CHECKBOX>
		<SD>[0.0014594712021220825, 0.001411460049087161, 0.0035337108447122674, 0.011322025933839608, 0.009881069789639698, 0.006373869219749499]</SD>
		<WAVELENGTH_UNIT>E-6m</WAVELENGTH_UNIT>
		<COLOR>#80bb3e</COLOR>
		<COVARIANCE_MATRIX>[[2.1584569367405493e-06, 1.2343153912297566e-06, 7.776619668220519e-07, 1.721358671602502e-06, 3.949231995648006e-06, 3.897818260156782e-06], [1.2343153912297566e-06, 2.018782424784149e-06, 3.7479499042092357e-06, -3.1783208669367013e-06, -2.5859044399112463e-06, -3.4125613979085756e-07], [7.776619668220519e-07, 3.7479499042092357e-06, 1.2653606972889975e-05, -2.7067286282544956e-05, -2.2306812752503902e-05, -1.1601464393606875e-05], [1.721358671602502e-06, -3.1783208669367013e-06, -2.7067286282544956e-05, 0.00012989745300728828, 9.459041757509112e-05, 5.7094548537861556e-05], [3.949231995648006e-06, -2.5859044399112463e-06, -2.2306812752503902e-05, 9.459041757509112e-05, 9.893734386423603e-05, 6.1029018979752436e-05], [3.897818260156782e-06, -3.4125613979085756e-07, -1.1601464393606875e-05, 5.7094548537861556e-05, 6.1029018979752436e-05, 4.1167892049998045e-05]]</COVARIANCE_MATRIX>
		<ROI_SIZE>76</ROI_SIZE>
		<MAX_VALUE>[0.1174047514796257, 0.10774083435535431, 0.1306626945734024, 0.102203369140625, 0.04991699010133743, 0.03490196168422699]</MAX_VALUE>
		<MIN_VALUE>[0.10694214701652527, 0.09900867193937302, 0.11045631021261215, 0.05367074906826019, 0.004099842626601458, 0.004525804426521063]</MIN_VALUE>
		<SIGNATURE_THRESHOLD_MD>0.0</SIGNATURE_THRESHOLD_MD>
		<SIGNATURE_THRESHOLD_ML>0.0</SIGNATURE_THRESHOLD_ML>
		<SIGNATURE_THRESHOLD_SAM>0.0</SIGNATURE_THRESHOLD_SAM>
	</signature>
	<signature ID="20210608_101341249941_968">
		<MACROCLASSID>1</MACROCLASSID>
		<MACROCLASSINFO>waterbody</MACROCLASSINFO>
		<CLASSID>14</CLASSID>
		<CLASSINFO>C 1</CLASSINFO>
		<VALUES>[0.12131284449175747, 0.0027423376054956363, 0.1520073252479429, 0.006805320424986951, 0.13665356837440273, 0.009066943217098644, 0.039291599669746345, 0.010844772134886074, 0.009517749607036807, 0.009059922957690668, 0.005412046714980352, 0.005550263233272913]</VALUES>
		<LCS_MIN>[0.10720837116241455, 0.1206260547041893, 0.10731486976146698, 0.03018978424370289, 0.002768720267340541, 0.0015174744185060263]</LCS_MIN>
		<LCS_MAX>[0.12632325291633606, 0.16641658544540405, 0.15917529165744781, 0.09594710171222687, 0.0614444725215435, 0.03948100283741951]</LCS_MAX>
		<WAVELENGTH>[0.48, 0.56, 0.655, 0.865, 1.61, 2.2]</WAVELENGTH>
		<MEAN_VALUE>[0.12131284449175747, 0.1520073252479429, 0.13665356837440273, 0.039291599669746345, 0.009517749607036807, 0.005412046714980352]</MEAN_VALUE>
		<CHECKBOX>2</CHECKBOX>
		<SD>[0.0027423376054956363, 0.006805320424986951, 0.009066943217098644, 0.010844772134886074, 0.009059922957690668, 0.005550263233272913]</SD>
		<WAVELENGTH_UNIT>E-6m</WAVELENGTH_UNIT>
		<COLOR>#742ef9</COLOR>
		<COVARIANCE_MATRIX>[[7.524441571149509e-06, 1.5422623619087972e-05, 1.9647972294478677e-05, -1.5337311197072268e-05, -1.2618007531273179e-05, -7.707335498707835e-06], [1.5422623619087972e-05, 4.633717981050722e-05, 5.148123455001041e-05, -4.186371370451525e-05, -3.660068250610493e-05, -2.2470911062555388e-05], [1.9647972294478677e-05, 5.148123455001041e-05, 8.225347119150683e-05, -2.2274300135904923e-05, -2.6691583116189577e-05, -1.6660351320751943e-05], [-1.5337311197072268e-05, -4.186371370451525e-05, -2.2274300135904923e-05, 0.0001176720397779718, 9.088862134376541e-05, 5.452521872939542e-05], [-1.2618007531273179e-05, -3.660068250610493e-05, -2.6691583116189577e-05, 9.088862134376541e-05, 8.212614193325862e-05, 4.988103682990186e-05], [-7.707335498707835e-06, -2.2470911062555388e-05, -1.6660351320751943e-05, 5.452521872939542e-05, 4.988103682990186e-05, 3.082191324210726e-05]]</COVARIANCE_MATRIX>
		<ROI_SIZE>1869</ROI_SIZE>
		<MAX_VALUE>[0.12632325291633606, 0.16641658544540405, 0.15917529165744781, 0.09594710171222687, 0.0614444725215435, 0.03948100283741951]</MAX_VALUE>
		<MIN_VALUE>[0.10720837116241455, 0.1206260547041893, 0.10731486976146698, 0.03018978424370289, 0.002768720267340541, 0.0015174744185060263]</MIN_VALUE>
		<SIGNATURE_THRESHOLD_MD>0.0</SIGNATURE_THRESHOLD_MD>
		<SIGNATURE_THRESHOLD_ML>0.0</SIGNATURE_THRESHOLD_ML>
		<SIGNATURE_THRESHOLD_SAM>0.0</SIGNATURE_THRESHOLD_SAM>
	</signature>
	<signature ID="20210608_101347395240_772">
		<MACROCLASSID>1</MACROCLASSID>
		<MACROCLASSINFO>waterbody</MACROCLASSINFO>
		<CLASSID>15</CLASSID>
		<CLASSINFO>C 1</CLASSINFO>
		<VALUES>[0.11793701021169464, 0.003465672109775727, 0.13595885701384897, 0.0068946896838297115, 0.104618342212843, 0.009802351014091253, 0.03881109407300636, 0.013528339173632076, 0.012240763430667257, 0.009557439689722018, 0.006395989174679175, 0.00532648018482575]</VALUES>
		<LCS_MIN>[0.10366758704185486, 0.10427992045879364, 0.07896201312541962, 0.021990088745951653, 0.0018369406461715698, 0.0006655512843281031]</LCS_MIN>
		<LCS_MAX>[0.12392722815275192, 0.14562448859214783, 0.1290653645992279, 0.08396702259778976, 0.06250936537981033, 0.04097185656428337]</LCS_MAX>
		<WAVELENGTH>[0.48, 0.56, 0.655, 0.865, 1.61, 2.2]</WAVELENGTH>
		<MEAN_VALUE>[0.11793701021169464, 0.13595885701384897, 0.104618342212843, 0.03881109407300636, 0.012240763430667257, 0.006395989174679175]</MEAN_VALUE>
		<CHECKBOX>2</CHECKBOX>
		<SD>[0.003465672109775727, 0.0068946896838297115, 0.009802351014091253, 0.013528339173632076, 0.009557439689722018, 0.00532648018482575]</SD>
		<WAVELENGTH_UNIT>E-6m</WAVELENGTH_UNIT>
		<COLOR>#8ffb56</COLOR>
		<COVARIANCE_MATRIX>[[1.2032254744553939e-05, 2.3288976080948487e-05, 2.5655352146713994e-05, -2.1218726033112034e-05, -1.5722611351520754e-05, -8.045133654377423e-06], [2.3288976080948487e-05, 4.762133175972849e-05, 4.9973608838627115e-05, -4.54784239991568e-05, -3.529911919031292e-05, -1.8886092220782302e-05], [2.5655352146713994e-05, 4.9973608838627115e-05, 9.62570557021536e-05, -8.79451818036614e-06, -1.950725527422037e-05, -9.7043366622529e-06], [-2.1218726033112034e-05, -4.54784239991568e-05, -8.79451818036614e-06, 0.00018334161723032594, 0.00011760064080590382, 6.115252472227439e-05], [-1.5722611351520754e-05, -3.529911919031292e-05, -1.950725527422037e-05, 0.00011760064080590382, 9.150718688033521e-05, 4.9974634748650715e-05], [-8.045133654377423e-06, -1.8886092220782302e-05, -9.7043366622529e-06, 6.115252472227439e-05, 4.9974634748650715e-05, 2.842187495843973e-05]]</COVARIANCE_MATRIX>
		<ROI_SIZE>563</ROI_SIZE>
		<MAX_VALUE>[0.12392722815275192, 0.14562448859214783, 0.1290653645992279, 0.08396702259778976, 0.06250936537981033, 0.04097185656428337]</MAX_VALUE>
		<MIN_VALUE>[0.10366758704185486, 0.10427992045879364, 0.07896201312541962, 0.021990088745951653, 0.0018369406461715698, 0.0006655512843281031]</MIN_VALUE>
		<SIGNATURE_THRESHOLD_MD>0.0</SIGNATURE_THRESHOLD_MD>
		<SIGNATURE_THRESHOLD_ML>0.0</SIGNATURE_THRESHOLD_ML>
		<SIGNATURE_THRESHOLD_SAM>0.0</SIGNATURE_THRESHOLD_SAM>
	</signature>
	<signature ID="20210608_101353702586_310">
		<MACROCLASSID>1</MACROCLASSID>
		<MACROCLASSINFO>waterbody</MACROCLASSINFO>
		<CLASSID>16</CLASSID>
		<CLASSINFO>C 1</CLASSINFO>
		<VALUES>[0.08744792476248203, 0.0012358557206929549, 0.07263579284681855, 0.002966380358242838, 0.04468675978891671, 0.0041824815565781595, 0.030939955000605878, 0.00965133042177757, 0.012947266167903792, 0.00885468511797484, 0.00752663672249915, 0.005350474763609002]</VALUES>
