<?xml version="1.0" ?>
<signaturelist MCID_LIST="[['1', 'waterbody', '#000000'], ['2', 'vegetation', '#000000'], ['3', 'bareland', '#000000'], ['4', 'built-up', '#000000']]">
	<signature ID="20210608_100009635149_867">
		<MACROCLASSID>1</MACROCLASSID>
		<MACROCLASSINFO>waterbody</MACROCLASSINFO>
		<CLASSID>1</CLASSID>
		<CLASSINFO>C 1</CLASSINFO>
		<VALUES>[0.08204302755824641, 0.0017612478512391363, 0.09494215811406574, 0.003719944252260634, 0.0640264755599723, 0.0034054168160890445, 0.025876845621966602, 0.003763395200313287, 0.004029557566063843, 0.003056910529526424, 0.0022414065660969805, 0.0019893000539746774]</VALUES>
		<LCS_MIN>[0.07914836704730988, 0.06836629658937454, 0.05068903788924217, 0.021164795383810997, 0.0006921800668351352, 2.661887810972985e-05]</LCS_MIN>
		<LCS_MAX>[0.09083560109138489, 0.10329488664865494, 0.07627315074205399, 0.06344116479158401, 0.0429951511323452, 0.03138779103755951]</LCS_MAX>
		<WAVELENGTH>[0.48, 0.56, 0.655, 0.865, 1.61, 2.2]</WAVELENGTH>
		<MEAN_VALUE>[0.08204302755824641, 0.09494215811406574, 0.0640264755599723, 0.025876845621966602, 0.004029557566063843, 0.0022414065660969805]</MEAN_VALUE>
		<CHECKBOX>2</CHECKBOX>
		<SD>[0.0017612478512391363, 0.003719944252260634, 0.0034054168160890445, 0.003763395200313287, 0.003056910529526424, 0.0019893000539746774]</SD>
		<WAVELENGTH_UNIT>E-6m</WAVELENGTH_UNIT>
		<COLOR>#1dcb30</COLOR>
		<COVARIANCE_MATRIX>[[2.6751438509700603e-06, 4.216997981633749e-06, 4.7792272381607896e-06, 3.1002568223450093e-06, 9.548237602710228e-07, 5.882703992368658e-07], [4.216997981633749e-06, 1.3453846889255248e-05, 1.1933162667700743e-05, 2.3534928334094394e-06, -1.849260236948514e-06, -1.177665632044941e-06], [4.7792272381607896e-06, 1.1933162667700743e-05, 1.1759273092147344e-05, 4.714745100483794e-06, 1.204407503587217e-07, 6.527463696964418e-08], [3.1002568223450093e-06, 2.3534928334094394e-06, 4.714745100483794e-06, 9.894986096452075e-06, 6.331947601332846e-06, 3.884252219713725e-06], [9.548237602710228e-07, -1.849260236948514e-06, 1.204407503587217e-07, 6.331947601332846e-06, 5.820188605857532e-06, 3.6770086586027473e-06], [5.882703992368658e-07, -1.177665632044941e-06, 6.527463696964418e-08, 3.884252219713725e-06, 3.6770086586027473e-06, 2.450467212417474e-06]]</COVARIANCE_MATRIX>
		<ROI_SIZE>9610</ROI_SIZE>
		<MAX_VALUE>[0.09083560109138489, 0.10329488664865494, 0.07627315074205399, 0.06344116479158401, 0.0429951511323452, 0.03138779103755951]</MAX_VALUE>
		<MIN_VALUE>[0.07914836704730988, 0.06836629658937454, 0.05068903788924217, 0.021164795383810997, 0.0006921800668351352, 2.661887810972985e-05]</MIN_VALUE>
		<SIGNATURE_THRESHOLD_MD>0</SIGNATURE_THRESHOLD_MD>
		<SIGNATURE_THRESHOLD_ML>0</SIGNATURE_THRESHOLD_ML>
		<SIGNATURE_THRESHOLD_SAM>0</SIGNATURE_THRESHOLD_SAM>
	</signature>
	<signature ID="20210608_100033202122_369">
		<MACROCLASSID>1</MACROCLASSID>
		<MACROCLASSINFO>waterbody</MACROCLASSINFO>
		<CLASSID>2</CLASSID>
		<CLASSINFO>C 1</CLASSINFO>
		<VALUES>[0.08654012465769921, 0.0034618032192994226, 0.07257616711764507, 0.009098446248751769, 0.04867028165608645, 0.00810343113307766, 0.027511053177345004, 0.00901630096907962, 0.010505202451211393, 0.006970626850710275, 0.00662060858060916, 0.004923974072519956]</VALUES>
		<LCS_MIN>[0.08077234029769897, 0.06061919033527374, 0.03865571692585945, 0.014908535405993462, 0.002582368440926075, 0.002688853768631816]</LCS_MIN>
		<LCS_MAX>[0.09576074779033661, 0.09408354014158249, 0.07172072678804398, 0.061817195266485214, 0.04613659530878067, 0.03242606669664383]</LCS_MAX>
		<WAVELENGTH>[0.48, 0.56, 0.655, 0.865, 1.61, 2.2]</WAVELENGTH>
		<MEAN_VALUE>[0.08654012465769921, 0.07257616711764507, 0.04867028165608645, 0.027511053177345004, 0.010505202451211393, 0.00662060858060916]</MEAN_VALUE>
		<CHECKBOX>2</CHECKBOX>
		<SD>[0.0034618032192994226, 0.009098446248751769, 0.00810343113307766, 0.00901630096907962, 0.006970626850710275, 0.004923974072519956]</SD>
		<WAVELENGTH_UNIT>E-6m</WAVELENGTH_UNIT>
		<COLOR>#7f12bf</COLOR>
		<COVARIANCE_MATRIX>[[1.2009743373968027e-05, 3.0442189289887087e-05, 2.7256904171225726e-05, 8.524580097161345e-06, 6.362261741460257e-06, 4.542398783906997e-06], [3.0442189289887087e-05, 8.295898693401958e-05, 7.089094555146435e-05, 1.6766664071542606e-05, 1.0767480376383044e-05, 7.86786501317843e-06], [2.7256904171225726e-05, 7.089094555146435e-05, 6.580620768341102e-05, 2.7140383351821845e-05, 1.9328547495019663e-05, 1.3004537606255826e-05], [8.524580097161345e-06, 1.6766664071542606e-05, 2.7140383351821845e-05, 8.14677595743731e-05, 5.635279576892633e-05, 3.474987937478365e-05], [6.362261741460257e-06, 1.0767480376383044e-05, 1.9328547495019663e-05, 5.635279576892633e-05, 4.8693685027371595e-05, 3.196397088849167e-05], [4.542398783906997e-06, 7.86786501317843e-06, 1.3004537606255826e-05, 3.474987937478365e-05, 3.196397088849167e-05, 2.4297438269989756e-05]]</COVARIANCE_MATRIX>
		<ROI_SIZE>468</ROI_SIZE>
		<MAX_VALUE>[0.09576074779033661, 0.09408354014158249, 0.07172072678804398, 0.061817195266485214, 0.04613659530878067, 0.03242606669664383]</MAX_VALUE>
		<MIN_VALUE>[0.08077234029769897, 0.06061919033527374, 0.03865571692585945, 0.014908535405993462, 0.002582368440926075, 0.002688853768631816]</MIN_VALUE>
		<SIGNATURE_THRESHOLD_MD>0</SIGNATURE_THRESHOLD_MD>
		<SIGNATURE_THRESHOLD_ML>0</SIGNATURE_THRESHOLD_ML>
		<SIGNATURE_THRESHOLD_SAM>0</SIGNATURE_THRESHOLD_SAM>
	</signature>
	<signature ID="20210608_100853918261_742">
		<MACROCLASSID>1</MACROCLASSID>
		<MACROCLASSINFO>waterbody</MACROCLASSINFO>
		<CLASSID>3</CLASSID>
		<CLASSINFO>C 1</CLASSINFO>
		<VALUES>[0.08553193880639152, 0.0017649943966668886, 0.06817508224549655, 0.0037895517014453653, 0.045229027632736535, 0.004560292158791583, 0.025345527837432325, 0.006188108895575332, 0.010626038269943875, 0.006528248884535358, 0.00725209566170373, 0.005064643287925234]</VALUES>
		<LCS_MIN>[0.0821566954255104, 0.06408009678125381, 0.03796352818608284, 0.012858614325523376, 0.0010915128514170647, 0.0]</LCS_MIN>
		<LCS_MAX>[0.09453612565994263, 0.09397704899311066, 0.07821658998727798, 0.05979388579726219, 0.04579050838947296, 0.03950762003660202]</LCS_MAX>
		<WAVELENGTH>[0.48, 0.56, 0.655, 0.865, 1.61, 2.2]</WAVELENGTH>
		<MEAN_VALUE>[0.08553193880639152, 0.06817508224549655, 0.045229027632736535, 0.025345527837432325, 0.010626038269943875, 0.00725209566170373]</MEAN_VALUE>
		<CHECKBOX>2</CHECKBOX>
		<SD>[0.0017649943966668886, 0.0037895517014453653, 0.004560292158791583, 0.006188108895575332, 0.006528248884535358, 0.005064643287925234]</SD>
		<WAVELENGTH_UNIT>E-6m</WAVELENGTH_UNIT>
		<COLOR>#f60384</COLOR>
		<COVARIANCE_MATRIX>[[3.1193041745026743e-06, 5.638475320096609e-06, 6.472851183095919e-06, 8.11173963744192e-06, 8.202063479794054e-06, 6.570988299842529e-06], [5.638475320096609e-06, 1.4379597758582594e-05, 1.6315934641587644e-05, 1.7771165521646573e-05, 1.8343136661684323e-05, 1.4310929810414815e-05], [6.472851183095919e-06, 1.6315934641587644e-05, 2.0823628079553817e-05, 2.5024523398946715e-05, 2.586925312665832e-05, 1.9150842621487394e-05], [8.11173963744192e-06, 1.7771165521646573e-05, 2.5024523398946715e-05, 3.834307682416104e-05, 3.858950681194295e-05, 2.7197545723035203e-05], [8.202063479794054e-06, 1.8343136661684323e-05, 2.586925312665832e-05, 3.858950681194295e-05, 4.267410985830353e-05, 3.1065110135320434e-05], [6.570988299842529e-06, 1.4310929810414815e-05, 1.9150842621487394e-05, 2.7197545723035203e-05, 3.1065110135320434e-05, 2.5684362438707597e-05]]</COVARIANCE_MATRIX>
		<ROI_SIZE>761</ROI_SIZE>
		<MAX_VALUE>[0.09453612565994263, 0.09397704899311066, 0.07821658998727798, 0.05979388579726219, 0.04579050838947296, 0.03950762003660202]</MAX_VALUE>
		<MIN_VALUE>[0.0821566954255104, 0.06408009678125381, 0.03796352818608284, 0.012858614325523376, 0.0010915128514170647, 0.0]</MIN_VALUE>
		<SIGNATURE_THRESHOLD_MD>0</SIGNATURE_THRESHOLD_MD>
		<SIGNATURE_THRESHOLD_ML>0</SIGNATURE_THRESHOLD_ML>
		<SIGNATURE_THRESHOLD_SAM>0</SIGNATURE_THRESHOLD_SAM>
	</signature>
	<signature ID="20210608_101206779688_236">
		<MACROCLASSID>1</MACROCLASSID>
		<MACROCLASSINFO>waterbody</MACROCLASSINFO>
		<CLASSID>4</CLASSID>
		<CLASSINFO>C 1</CLASSINFO>
		<VALUES>[0.08397638890249973, 0.0007867034048658539, 0.07199309876766702, 0.0016050466052676508, 0.048799393582960655, 0.00240334282148018, 0.029438395053148273, 0.007636828940577802, 0.010566147432084484, 0.006616749511116346, 0.007081092393892852, 0.004237377054364785]</VALUES>
		<LCS_MIN>[0.08258266001939774, 0.06325479596853256, 0.04491196945309639, 0.019354473799467087, 0.002635616110637784, 0.002555739600211382]</LCS_MIN>
		<LCS_MAX>[0.08945123851299286, 0.07885552197694778, 0.06258924305438995, 0.06493202596902847, 0.04400680586695671, 0.030562497675418854]</LCS_MAX>
		<WAVELENGTH>[0.48, 0.56, 0.655, 0.865, 1.61, 2.2]</WAVELENGTH>
		<MEAN_VALUE>[0.08397638890249973, 0.07199309876766702, 0.048799393582960655, 0.029438395053148273, 0.010566147432084484, 0.007081092393892852]</MEAN_VALUE>
		<CHECKBOX>2</CHECKBOX>
		<SD>[0.0007867034048658539, 0.0016050466052676508, 0.00240334282148018, 0.007636828940577802, 0.006616749511116346, 0.004237377054364785]</SD>
		<WAVELENGTH_UNIT>E-6m</WAVELENGTH_UNIT>
		<COLOR>#924c2a</COLOR>
		<COVARIANCE_MATRIX>[[6.210437774947605e-07, 8.858695352022045e-07, 1.3205848290892074e-06, 3.27213384729537e-06, 3.0832009658575213e-06, 2.120055385032713e-06], [8.858695352022045e-07, 2.58508870406072e-06, 3.1896946120383266e-06, 4.4556604651631915e-06, 4.356634426977044e-06, 2.9277897358366876e-06], [1.3205848290892074e-06, 3.1896946120383266e-06, 5.796043072984398e-06, 1.3387946946408887e-05, 1.2047286176921736e-05, 7.162050829003799e-06], [3.27213384729537e-06, 4.4556604651631915e-06, 1.3387946946408887e-05, 5.8522959576531325e-05, 4.7444670212315545e-05, 2.7289166822163592e-05], [3.0832009658575213e-06, 4.356634426977044e-06, 1.2047286176921736e-05, 4.7444670212315545e-05, 4.3932866736778336e-05, 2.6020140558736225e-05], [2.120055385032713e-06, 2.9277897358366876e-06, 7.162050829003799e-06, 2.7289166822163592e-05, 2.6020140558736225e-05, 1.8017493589095432e-05]]</COVARIANCE_MATRIX>
		<ROI_SIZE>290</ROI_SIZE>
		<MAX_VALUE>[0.08945123851299286, 0.07885552197694778, 0.06258924305438995, 0.06493202596902847, 0.04400680586695671, 0.030562497675418854]</MAX_VALUE>
		<MIN_VALUE>[0.08258266001939774, 0.06325479596853256, 0.04491196945309639, 0.019354473799467087, 0.002635616110637784, 0.002555739600211382]</MIN_VALUE>
		<SIGNATURE_THRESHOLD_MD>0</SIGNATURE_THRESHOLD_MD>
		<SIGNATURE_THRESHOLD_ML>0</SIGNATURE_THRESHOLD_ML>
		<SIGNATURE_THRESHOLD_SAM>0</SIGNATURE_THRESHOLD_SAM>
	</signature>
	<signature ID="20210608_101209696698_244">
		<MACROCLASSID>1</MACROCLASSID>
		<MACROCLASSINFO>waterbody</MACROCLASSINFO>
		<CLASSID>5</CLASSID>
		<CLASSINFO>C 1</CLASSINFO>
		<VALUES>[0.0908670653315151, 0.0030064656198538677, 0.0875221821554204, 0.008199934401883296, 0.061049841404120564, 0.009650921767267112, 0.027479714893282728, 0.008022883680352847, 0.01227277600739331, 0.007463350123229621, 0.008334085285504235, 0.005120264090911359]</VALUES>
		<LCS_MIN>[0.08777403831481934, 0.07944121211767197, 0.05114161968231201, 0.015174764208495617, 0.0021564068738371134, 0.00332779623568058]</LCS_MIN>
		<LCS_MAX>[0.10015343874692917, 0.11346464604139328, 0.0941367819905281, 0.06006011366844177, 0.04339449480175972, 0.03157415613532066]</LCS_MAX>
		<WAVELENGTH>[0.48, 0.56, 0.655, 0.865, 1.61, 2.2]</WAVELENGTH>
		<MEAN_VALUE>[0.0908670653315151, 0.0875221821554204, 0.061049841404120564, 0.027479714893282728, 0.01227277600739331, 0.008334085285504235]</MEAN_VALUE>
		<CHECKBOX>2</CHECKBOX>
		<SD>[0.0030064656198538677, 0.008199934401883296, 0.009650921767267112, 0.008022883680352847, 0.007463350123229621, 0.005120264090911359]</SD>
		<WAVELENGTH_UNIT>E-6m</WAVELENGTH_UNIT>
		<COLOR>#8037ff</COLOR>
		<COVARIANCE_MATRIX>[[9.087431413274006e-06, 2.3867332046231968e-05, 2.723517988897765e-05, 1.043188208059651e-05, 8.011826910204649e-06, 5.430186673802276e-06], [2.3867332046231968e-05, 6.760042378763678e-05, 7.680424018154659e-05, 2.401147331592828e-05, 1.72019510234957e-05, 1.1625305094698103e-05], [2.723517988897765e-05, 7.680424018154659e-05, 9.364104521037216e-05, 4.1941668092398465e-05, 3.295246579038573e-05, 2.100724782224809e-05], [1.043188208059651e-05, 2.401147331592828e-05, 4.1941668092398465e-05, 6.471271987400146e-05, 5.798762834680073e-05, 3.567737366279726e-05], [8.011826910204649e-06, 1.72019510234957e-05, 3.295246579038573e-05, 5.798762834680073e-05, 5.600106600310467e-05, 3.56545777422396e-05], [5.430186673802276e-06, 1.1625305094698103e-05, 2.100724782224809e-05, 3.567737366279726e-05, 3.56545777422396e-05, 2.635805653465847e-05]]</COVARIANCE_MATRIX>
		<ROI_SIZE>187</ROI_SIZE>
		<MAX_VALUE>[0.10015343874692917, 0.11346464604139328, 0.0941367819905281, 0.06006011366844177, 0.04339449480175972, 0.03157415613532066]</MAX_VALUE>
		<MIN_VALUE>[0.08777403831481934, 0.07944121211767197, 0.05114161968231201, 0.015174764208495617, 0.0021564068738371134, 0.00332779623568058]</MIN_VALUE>
		<SIGNATURE_THRESHOLD_MD>0</SIGNATURE_THRESHOLD_MD>
		<SIGNATURE_THRESHOLD_ML>0</SIGNATURE_THRESHOLD_ML>
		<SIGNATURE_THRESHOLD_SAM>0</SIGNATURE_THRESHOLD_SAM>
	</signature>
	<signature ID="20210608_101219428200_713">
		<MACROCLASSID>1</MACROCLASSID>
		<MACROCLASSINFO>waterbody</MACROCLASSINFO>
		<CLASSID>6</CLASSID>
		<CLASSINFO>C 1</CLASSINFO>
		<VALUES>[0.08961661231101092, 0.003949042872821582, 0.09101983874039814, 0.01146914443084853, 0.05503835479720372, 0.0075368142764133455, 0.028078932815590936, 0.008080532589114954, 0.006306103296014607, 0.003791499552821808, 0.003434372263448175, 0.002199807117541142]</VALUES>
		<LCS_MIN>[0.07723154872655869, 0.05928806588053703, 0.03681875765323639, 0.015920180827379227, 0.002875215606763959, 0.0019168071448802948]</LCS_MIN>
		<LCS_MAX>[0.10265595465898514, 0.11751125007867813, 0.08593707531690598, 0.06429307162761688, 0.0449385866522789, 0.02742106467485428]</LCS_MAX>
		<WAVELENGTH>[0.48, 0.56, 0.655, 0.865, 1.61, 2.2]</WAVELENGTH>
		<MEAN_VALUE>[0.08961661231101092, 0.09101983874039814, 0.05503835479720372, 0.028078932815590936, 0.006306103296014607, 0.003434372263448175]</MEAN_VALUE>
		<CHECKBOX>2</CHECKBOX>
		<SD>[0.003949042872821582, 0.01146914443084853, 0.0075368142764133455, 0.008080532589114954, 0.003791499552821808, 0.002199807117541142]</SD>
		<WAVELENGTH_UNIT>E-6m</WAVELENGTH_UNIT>
		<COLOR>#dc4973</COLOR>
		<COVARIANCE_MATRIX>[[1.2730451482326543e-05, 3.387395279943573e-05, 2.3966018914943014e-05, -1.7202701802179243e-06, 9.309789132994972e-07, 8.626355941064714e-07], [3.387395279943573e-05, 0.00010774357877001091, 6.77278908498409e-05, -1.6804569963443464e-05, -3.3232471854242435e-07, 4.738525415024314e-07], [2.3966018914943014e-05, 6.77278908498409e-05, 5.0211618159230134e-05, 1.711786231782188e-06, 4.612311222258874e-06, 3.163952241068449e-06], [-1.7202701802179243e-06, -1.6804569963443464e-05, 1.711786231782188e-06, 5.181616921615166e-05, 1.590364402616539e-05, 8.618004907572005e-06], [9.309789132994972e-07, -3.3232471854242435e-07, 4.612311222258874e-06, 1.590364402616539e-05, 1.0063888372461635e-05, 5.643387090676233e-06], [8.626355941064714e-07, 4.738525415024314e-07, 3.163952241068449e-06, 8.618004907572005e-06, 5.643387090676233e-06, 3.3512953574111045e-06]]</COVARIANCE_MATRIX>
		<ROI_SIZE>6671</ROI_SIZE>
		<MAX_VALUE>[0.10265595465898514, 0.11751125007867813, 0.08593707531690598, 0.06429307162761688, 0.0449385866522789, 0.02742106467485428]</MAX_VALUE>
		<MIN_VALUE>[0.07723154872655869, 0.05928806588053703, 0.03681875765323639, 0.015920180827379227, 0.002875215606763959, 0.0019168071448802948]</MIN_VALUE>
		<SIGNATURE_THRESHOLD_MD>0</SIGNATURE_THRESHOLD_MD>
		<SIGNATURE_THRESHOLD_ML>0</SIGNATURE_THRESHOLD_ML>
		<SIGNATURE_THRESHOLD_SAM>0</SIGNATURE_THRESHOLD_SAM>
	</signature>
	<signature ID="20210608_101224538304_542">
		<MACROCLASSID>1</MACROCLASSID>
		<MACROCLASSINFO>waterbody</MACROCLASSINFO>
		<CLASSID>7</CLASSID>
		<CLASSINFO>C 1</CLASSINFO>
		<VALUES>[0.08225379831583497, 0.000743842784677087, 0.07773401416370772, 0.005072295851542903, 0.04834923917110959, 0.0030951378739921443, 0.025056450580953404, 0.002702439702032142, 0.004443954552737653, 0.001758932999987439, 0.002554112144677424, 0.001262695978397087]</VALUES>
		<LCS_MIN>[0.07962756603956223, 0.06240289285778999, 0.04019981250166893, 0.021351156756281853, 0.0030615676660090685, 0.0015973409172147512]</LCS_MIN>
		<LCS_MAX>[0.08622992038726807, 0.08825323730707169, 0.06250936537981033, 0.06386710703372955, 0.04083874449133873, 0.030988460406661034]</LCS_MAX>
		<WAVELENGTH>[0.48, 0.56, 0.655, 0.865, 1.61, 2.2]</WAVELENGTH>
		<MEAN_VALUE>[0.08225379831583497, 0.07773401416370772, 0.04834923917110959, 0.025056450580953404, 0.004443954552737653, 0.002554112144677424]</MEAN_VALUE>
		<CHECKBOX>2</CHECKBOX>
		<SD>[0.000743842784677087, 0.005072295851542903, 0.0030951378739921443, 0.002702439702032142, 0.001758932999987439, 0.001262695978397087]</SD>
		<WAVELENGTH_UNIT>E-6m</WAVELENGTH_UNIT>
		<COLOR>#40f581</COLOR>
		<COVARIANCE_MATRIX>[[6.022268831342879e-07, 2.887492316408941e-06, 1.8362660520118072e-06, 1.0024735712887195e-06, 2.8188244587026315e-07, 1.8749567947918695e-07], [2.887492316408941e-06, 2.6269692910220407e-05, 1.57447898539413e-05, 6.987525453742475e-06, 1.4899226032905855e-06, 1.2198498639763688e-06], [1.8362660520118072e-06, 1.57447898539413e-05, 9.66076525077317e-06, 5.026660674650504e-06, 1.4663079460507088e-06, 1.1054697749840885e-06], [1.0024735712887195e-06, 6.987525453742475e-06, 5.026660674650504e-06, 1.1082498278334182e-05, 5.299984738898864e-06, 3.22026496777867e-06], [2.8188244587026315e-07, 1.4899226032905855e-06, 1.4663079460507088e-06, 5.299984738898864e-06, 3.47953706342766e-06, 2.2195264777073114e-06], [1.8749567947918695e-07, 1.2198498639763688e-06, 1.1054697749840885e-06, 3.22026496777867e-06, 2.2195264777073114e-06, 1.526189768419101e-06]]</COVARIANCE_MATRIX>
		<ROI_SIZE>7378</ROI_SIZE>
		<MAX_VALUE>[0.08622992038726807, 0.08825323730707169, 0.06250936537981033, 0.06386710703372955, 0.04083874449133873, 0.030988460406661034]</MAX_VALUE>
		<MIN_VALUE>[0.07962756603956223, 0.06240289285778999, 0.04019981250166893, 0.021351156756281853, 0.0030615676660090685, 0.0015973409172147512]</MIN_VALUE>
		<SIGNATURE_THRESHOLD_MD>0</SIGNATURE_THRESHOLD_MD>
		<SIGNATURE_THRESHOLD_ML>0</SIGNATURE_THRESHOLD_ML>
		<SIGNATURE_THRESHOLD_SAM>0</SIGNATURE_THRESHOLD_SAM>
	</signature>
	<signature ID="20210608_101235967527_817">
		<MACROCLASSID>1</MACROCLASSID>
		<MACROCLASSINFO>waterbody</MACROCLASSINFO>
		<CLASSID>8</CLASSID>
		<CLASSINFO>C 1</CLASSINFO>
		<VALUES>[0.07915253997344002, 0.0021573393653496775, 0.06768173058898429, 0.004959644231683938, 0.045644167850450286, 0.0054358031965751, 0.02232285603010322, 0.005381228546745791, 0.009069767472232568, 0.006226521055173625, 0.006339692953125544, 0.004788986810729441]</VALUES>
		<LCS_MIN>[0.07523487508296967, 0.06136461719870567, 0.03964073583483696, 0.00982365570962429, 0.00045257050078362226, 0.0005058181704953313]</LCS_MIN>
		<LCS_MAX>[0.09067586809396744, 0.09448286145925522, 0.07874904572963715, 0.05604012683033943, 0.04256920889019966, 0.03647267445921898]</LCS_MAX>
		<WAVELENGTH>[0.48, 0.56, 0.655, 0.865, 1.61, 2.2]</WAVELENGTH>
		<MEAN_VALUE>[0.07915253997344002, 0.06768173058898429, 0.045644167850450286, 0.02232285603010322, 0.009069767472232568, 0.006339692953125544]</MEAN_VALUE>
		<CHECKBOX>2</CHECKBOX>
		<SD>[0.0021573393653496775, 0.004959644231683938, 0.0054358031965751, 0.005381228546745791, 0.006226521055173625, 0.004788986810729441]</SD>
		<WAVELENGTH_UNIT>E-6m</WAVELENGTH_UNIT>
		<COLOR>#728ce9</COLOR>
		<COVARIANCE_MATRIX>[[4.659640587569057e-06, 1.0205832429362658e-05, 1.095415997283023e-05, 6.843856739874272e-06, 5.580272386481249e-06, 4.697626852780688e-06], [1.0205832429362658e-05, 2.4627284765807834e-05, 2.6090465543457225e-05, 1.4448999704729776e-05, 1.2123129330383594e-05, 9.997055801237548e-06], [1.095415997283023e-05, 2.6090465543457225e-05, 2.9583048976684454e-05, 2.0455394309328302e-05, 1.811009031500127e-05, 1.474073142082241e-05], [6.843856739874272e-06, 1.4448999704729776e-05, 2.0455394309328302e-05, 2.8992012145794366e-05, 2.6893015188805893e-05, 2.0996429020289282e-05], [5.580272386481249e-06, 1.2123129330383594e-05, 1.811009031500127e-05, 2.6893015188805893e-05, 3.881560906388215e-05, 2.9203797422762003e-05], [4.697626852780688e-06, 9.997055801237548e-06, 1.474073142082241e-05, 2.0996429020289282e-05, 2.9203797422762003e-05, 2.2961632671764935e-05]]</COVARIANCE_MATRIX>
		<ROI_SIZE>843</ROI_SIZE>
		<MAX_VALUE>[0.09067586809396744, 0.09448286145925522, 0.07874904572963715, 0.05604012683033943, 0.04256920889019966, 0.03647267445921898]</MAX_VALUE>
		<MIN_VALUE>[0.07523487508296967, 0.06136461719870567, 0.03964073583483696, 0.00982365570962429, 0.00045257050078362226, 0.0005058181704953313]</MIN_VALUE>
		<SIGNATURE_THRESHOLD_MD>0</SIGNATURE_THRESHOLD_MD>
		<SIGNATURE_THRESHOLD_ML>0</SIGNATURE_THRESHOLD_ML>
		<SIGNATURE_THRESHOLD_SAM>0</SIGNATURE_THRESHOLD_SAM>
	</signature>
	<signature ID="20210608_101244604027_379">
		<MACROCLASSID>1</MACROCLASSID>
		<MACROCLASSINFO>waterbody</MACROCLASSINFO>
		<CLASSID>9</CLASSID>
		<CLASSINFO>C 1</CLASSINFO>
		<VALUES>[0.11124835063908563, 0.0045265650021712855, 0.11470018105455121, 0.007198003219688272, 0.10491261583105742, 0.013919549202904065, 0.03691981199899905, 0.008229834542837296, 0.01566572227639586, 0.0074194898180574105, 0.010786886682134069, 0.005472657999033927]</VALUES>
		<LCS_MIN>[0.09373743832111359, 0.0872948169708252, 0.07227978110313416, 0.023986773565411568, 0.0, 0.0038602431304752827]</LCS_MIN>
		<LCS_MAX>[0.12437981367111206, 0.1319139450788498, 0.13010361790657043, 0.078269824385643, 0.0582231730222702, 0.04360748454928398]</LCS_MAX>
		<WAVELENGTH>[0.48, 0.56, 0.655, 0.865, 1.61, 2.2]</WAVELENGTH>
		<MEAN_VALUE>[0.11124835063908563, 0.11470018105455121, 0.10491261583105742, 0.03691981199899905, 0.01566572227639586, 0.010786886682134069]</MEAN_VALUE>
		<CHECKBOX>2</CHECKBOX>
		<SD>[0.0045265650021712855, 0.007198003219688272, 0.013919549202904065, 0.008229834542837296, 0.0074194898180574105, 0.005472657999033927]</SD>
		<WAVELENGTH_UNIT>E-6m</WAVELENGTH_UNIT>
		<COLOR>#d8e34b</COLOR>
		<COVARIANCE_MATRIX>[[1.63813722573008e-05, 2.5677796610470322e-05, 4.6876066095967935e-05, 1.703048949927113e-05, 1.2584164782507738e-05, 1.1172468362129393e-05], [2.5677796610470322e-05, 4.2381601218406575e-05, 8.050925858215281e-05, 2.4816067094601062e-05, 1.6668805367330687e-05, 1.5493028224549595e-05], [4.6876066095967935e-05, 8.050925858215281e-05, 0.0001695110495875235, 5.7356713320713774e-05, 3.636035833193197e-05, 3.233587509762658e-05], [1.703048949927113e-05, 2.4816067094601062e-05, 5.7356713320713774e-05, 7.500490347921398e-05, 6.006462653257706e-05, 4.417010931433691e-05], [1.2584164782507738e-05, 1.6668805367330687e-05, 3.636035833193197e-05, 6.006462653257706e-05, 6.083018852081832e-05, 4.319169979973898e-05], [1.1172468362129393e-05, 1.5493028224549595e-05, 3.233587509762658e-05, 4.417010931433691e-05, 4.319169979973898e-05, 3.2085069389200774e-05]]</COVARIANCE_MATRIX>
		<ROI_SIZE>1478</ROI_SIZE>
		<MAX_VALUE>[0.12437981367111206, 0.1319139450788498, 0.13010361790657043, 0.078269824385643, 0.0582231730222702, 0.04360748454928398]</MAX_VALUE>
		<MIN_VALUE>[0.09373743832111359, 0.0872948169708252, 0.07227978110313416, 0.023986773565411568, 0.0, 0.0038602431304752827]</MIN_VALUE>
		<SIGNATURE_THRESHOLD_MD>0</SIGNATURE_THRESHOLD_MD>
		<SIGNATURE_THRESHOLD_ML>0</SIGNATURE_THRESHOLD_ML>
		<SIGNATURE_THRESHOLD_SAM>0</SIGNATURE_THRESHOLD_SAM>
	</signature>
	<signature ID="20210608_101253230516_578">
		<MACROCLASSID>1</MACROCLASSID>
		<MACROCLASSINFO>waterbody</MACROCLASSINFO>
		<CLASSID>10</CLASSID>
		<CLASSINFO>C 1</CLASSINFO>
		<VALUES>[0.11089130151527017, 0.0015083555609399846, 0.11389604962747037, 0.0024512592763140857, 0.14212466076882244, 0.004659151464873417, 0.09486494614352509, 0.010205670851911078, 0.01683308187137366, 0.010153534839582912, 0.011853880300229288, 0.0070873531641932035]</VALUES>
		<LCS_MIN>[0.10164429247379303, 0.09171414375305176, 0.10923166573047638, 0.0766192376613617, 0.006415992509573698, 0.004073224030435085]</LCS_MIN>
		<LCS_MAX>[0.11647297441959381, 0.12051957845687866, 0.1510554552078247, 0.13074257969856262, 0.05079551413655281, 0.04427303746342659]</LCS_MAX>
		<WAVELENGTH>[0.48, 0.56, 0.655, 0.865, 1.61, 2.2]</WAVELENGTH>
		<MEAN_VALUE>[0.11089130151527017, 0.11389604962747037, 0.14212466076882244, 0.09486494614352509, 0.01683308187137366, 0.011853880300229288]</MEAN_VALUE>
		<CHECKBOX>2</CHECKBOX>
		<SD>[0.0015083555609399846, 0.0024512592763140857, 0.004659151464873417, 0.010205670851911078, 0.010153534839582912, 0.0070873531641932035]</SD>
		<WAVELENGTH_UNIT>E-6m</WAVELENGTH_UNIT>
		<COLOR>#6b8393</COLOR>
		<COVARIANCE_MATRIX>[[2.282115444532113e-06, 3.1872608885721538e-06, 5.071715117896906e-06, 2.2764102350454555e-06, 1.4099793568735918e-06, 2.4386183831413094e-06], [3.1872608885721538e-06, 6.027103549040124e-06, 1.0129063358243295e-05, -1.9984123585543466e-06, -2.7824607354590936e-06, 4.1536522508589844e-07], [5.071715117896906e-06, 1.0129063358243295e-05, 2.1774280386045086e-05, -1.4973061913430644e-05, -1.327534735146296e-05, -6.1648375754107325e-06], [2.2764102350454555e-06, -1.9984123585543466e-06, -1.4973061913430644e-05, 0.00010447521360361345, 8.297955822118323e-05, 5.0625920108578044e-05], [1.4099793568735918e-06, -2.7824607354590936e-06, -1.327534735146296e-05, 8.297955822118323e-05, 0.00010341050982984678, 6.737672222883778e-05], [2.4386183831413094e-06, 4.1536522508589844e-07, -6.1648375754107325e-06, 5.0625920108578044e-05, 6.737672222883778e-05, 5.038465639201782e-05]]</COVARIANCE_MATRIX>
		<ROI_SIZE>327</ROI_SIZE>
		<MAX_VALUE>[0.11647297441959381, 0.12051957845687866, 0.1510554552078247, 0.13074257969856262, 0.05079551413655281, 0.04427303746342659]</MAX_VALUE>
		<MIN_VALUE>[0.10164429247379303, 0.09171414375305176, 0.10923166573047638, 0.0766192376613617, 0.006415992509573698, 0.004073224030435085]</MIN_VALUE>
		<SIGNATURE_THRESHOLD_MD>0</SIGNATURE_THRESHOLD_MD>
		<SIGNATURE_THRESHOLD_ML>0</SIGNATURE_THRESHOLD_ML>
		<SIGNATURE_THRESHOLD_SAM>0</SIGNATURE_THRESHOLD_SAM>
	</signature>
	<signature ID="20210608_101304952659_245">
		<MACROCLASSID>1</MACROCLASSID>
		<MACROCLASSINFO>waterbody</MACROCLASSINFO>
		<CLASSID>11</CLASSID>
		<CLASSINFO>C 1</CLASSINFO>
		<VALUES>[0.10722111973990786, 0.0012219310123018471, 0.10821096282056036, 0.0020994586941595664, 0.13934698403674237, 0.004126093061234244, 0.09139254839813449, 0.01174248348205373, 0.020766028238985535, 0.012398975711446727, 0.014997890466784538, 0.009032823846517912]</VALUES>
		<LCS_MIN>[0.09842299669981003, 0.09094209969043732, 0.11274583637714386, 0.07235965877771378, 0.0038868619594722986, 0.003221300896257162]</LCS_MIN>
		<LCS_MAX>[0.11165431886911392, 0.11468926817178726, 0.14764778316020966, 0.12504538893699646, 0.05196690186858177, 0.04597686231136322]</LCS_MAX>
		<WAVELENGTH>[0.48, 0.56, 0.655, 0.865, 1.61, 2.2]</WAVELENGTH>
		<MEAN_VALUE>[0.10722111973990786, 0.10821096282056036, 0.13934698403674237, 0.09139254839813449, 0.020766028238985535, 0.014997890466784538]</MEAN_VALUE>
		<CHECKBOX>2</CHECKBOX>
		<SD>[0.0012219310123018471, 0.0020994586941595664, 0.004126093061234244, 0.01174248348205373, 0.012398975711446727, 0.009032823846517912]</SD>
		<WAVELENGTH_UNIT>E-6m</WAVELENGTH_UNIT>
		<COLOR>#4e1be0</COLOR>
		<COVARIANCE_MATRIX>[[1.5010999731502777e-06, 2.410787560342124e-06, 3.604883174534105e-06, -5.683286587627404e-07, 8.591209277961459e-07, 2.18531778084206e-06], [2.410787560342124e-06, 4.43129754007835e-06, 7.353679822415162e-06, -4.721379171535634e-06, -2.5483561744775158e-06, 3.098776426922025e-07], [3.604883174534105e-06, 7.353679822415162e-06, 1.71156848267032e-05, -2.6930096836173487e-05, -2.1465625397793247e-05, -1.1025740748348311e-05], [-5.683286587627404e-07, -4.721379171535634e-06, -2.6930096836173487e-05, 0.000138623276178317, 0.00012780647824272873, 7.43059492074962e-05], [8.591209277961459e-07, -2.5483561744775158e-06, -2.1465625397793247e-05, 0.00012780647824272873, 0.00015455670884648469, 0.00010392653164785318], [2.18531778084206e-06, 3.098776426922025e-07, -1.1025740748348311e-05, 7.43059492074962e-05, 0.00010392653164785318, 8.202822699859815e-05]]</COVARIANCE_MATRIX>
		<ROI_SIZE>188</ROI_SIZE>
		<MAX_VALUE>[0.11165431886911392, 0.11468926817178726, 0.14764778316020966, 0.12504538893699646, 0.05196690186858177, 0.04597686231136322]</MAX_VALUE>
		<MIN_VALUE>[0.09842299669981003, 0.09094209969043732, 0.11274583637714386, 0.07235965877771378, 0.0038868619594722986, 0.003221300896257162]</MIN_VALUE>
		<SIGNATURE_THRESHOLD_MD>0</SIGNATURE_THRESHOLD_MD>
		<SIGNATURE_THRESHOLD_ML>0</SIGNATURE_THRESHOLD_ML>
		<SIGNATURE_THRESHOLD_SAM>0</SIGNATURE_THRESHOLD_SAM>
	</signature>
	<signature ID="20210608_101319581130_107">
		<MACROCLASSID>1</MACROCLASSID>
		<MACROCLASSINFO>waterbody</MACROCLASSINFO>
		<CLASSID>12</CLASSID>
		<CLASSINFO>C 1</CLASSINFO>
		<VALUES>[0.10904341740977197, 0.00138082930721228, 0.1032543151033303, 0.002312730778223132, 0.12411929974480282, 0.005769836519060149, 0.09103970732244229, 0.020946846365086046, 0.02533986522088063, 0.013993741184118245, 0.016013998076679914, 0.008173329400298317]</VALUES>
		<LCS_MIN>[0.10324164479970932, 0.09506855905056, 0.1060902401804924, 0.04933129623532295, 0.0, 2.661887810972985e-05]</LCS_MIN>
		<LCS_MAX>[0.11298542469739914, 0.10864599049091339, 0.13316521048545837, 0.1325528919696808, 0.0637340173125267, 0.03980046883225441]</LCS_MAX>
		<WAVELENGTH>[0.48, 0.56, 0.655, 0.865, 1.61, 2.2]</WAVELENGTH>
		<MEAN_VALUE>[0.10904341740977197, 0.1032543151033303, 0.12411929974480282, 0.09103970732244229, 0.02533986522088063, 0.016013998076679914]</MEAN_VALUE>
		<CHECKBOX>2</CHECKBOX>
		<SD>[0.00138082930721228, 0.002312730778223132, 0.005769836519060149, 0.020946846365086046, 0.013993741184118245, 0.008173329400298317]</SD>
		<WAVELENGTH_UNIT>E-6m</WAVELENGTH_UNIT>
		<COLOR>#764eb7</COLOR>
		<COVARIANCE_MATRIX>[[1.921943092261616e-06, 2.6765030203846314e-06, 5.20760640606338e-06, -7.498251020813357e-06, -4.516740220702753e-06, -1.417756166916447e-06], [2.6765030203846314e-06, 5.3915134417609015e-06, 1.1718748212038616e-05, -1.408525086078727e-05, -1.1731907524027798e-05, -5.6002711633157714e-06], [5.20760640606338e-06, 1.1718748212038616e-05, 3.355734156433356e-05, -7.302438745796816e-05, -5.299990704209797e-05, -2.833871553243008e-05], [-7.498251020813357e-06, -1.408525086078727e-05, -7.302438745796816e-05, 0.0004422805356236589, 0.00026144193623922786, 0.00013876051770925292], [-4.516740220702753e-06, -1.1731907524027798e-05, -5.299990704209797e-05, 0.00026144193623922786, 0.00019739139066671187, 0.00011109185309653002], [-1.417756166916447e-06, -5.6002711633157714e-06, -2.833871553243008e-05, 0.00013876051770925292, 0.00011109185309653002, 6.733773999366709e-05]]</COVARIANCE_MATRIX>
		<ROI_SIZE>126</ROI_SIZE>
		<MAX_VALUE>[0.11298542469739914, 0.10864599049091339, 0.13316521048545837, 0.1325528919696808, 0.0637340173125267, 0.03980046883225441]</MAX_VALUE>
		<MIN_VALUE>[0.10324164479970932, 0.09506855905056, 0.1060902401804924, 0.04933129623532295, 0.0, 2.661887810972985e-05]</MIN_VALUE>
		<SIGNATURE_THRESHOLD_MD>0</SIGNATURE_THRESHOLD_MD>
		<SIGNATURE_THRESHOLD_ML>0</SIGNATURE_THRESHOLD_ML>
		<SIGNATURE_THRESHOLD_SAM>0</SIGNATURE_THRESHOLD_SAM>
	</signature>
	<signature ID="20210608_101326397769_639">
		<MACROCLASSID>1</MACROCLASSID>
		<MACROCLASSINFO>waterbody</MACROCLASSINFO>
		<CLASSID>13</CLASSID>
		<CLASSINFO>C 1</CLASSINFO>
		<VALUES>[0.10979670227358217, 0.0014594712021220825, 0.10509609725130233, 0.001411460049087161, 0.12476094037686525, 0.0035337108447122674, 0.07607803836857017, 0.011322025933839608, 0.019765020605470786, 0.009881069789639698, 0.01317212451249361, 0.006373869219749499]</VALUES>
		<LCS_MIN>[0.10694214701652527, 0.09900867193937302, 0.11045631021261215, 0.05367074906826019, 0.004099842626601458, 0.004525804426521063]</LCS_MIN>
		<LCS_MAX>[0.1174047514796257, 0.10774083435535431, 0.1306626945734024, 0.102203369140625, 0.04991699010133743, 0.03490196168422699]</LCS_MAX>
		<WAVELENGTH>[0.48, 0.56, 0.655, 0.865, 1.61, 2.2]</WAVELENGTH>
		<MEAN_VALUE>[0.10979670227358217, 0.10509609725130233, 0.12476094037686525, 0.07607803836857017, 0.019765020605470786, 0.01317212451249361]</MEAN_VALUE>
		<CHECKBOX>2</CHECKBOX>
		<SD>[0.0014594712021220825, 0.001411460049087161, 0.0035337108447122674, 0.011322025933839608, 0.009881069789639698, 0.006373869219749499]</SD>
		<WAVELENGTH_UNIT>E-6m</WAVELENGTH_UNIT>
		<COLOR>#80bb3e</COLOR>
		<COVARIANCE_MATRIX>[[2.1584569390213367e-06, 1.2343153485278916e-06, 7.776619538270861e-07, 1.721358625241634e-06, 3.949231918289208e-06, 3.897818173209203e-06], [1.2343153485278916e-06, 2.0187823964380525e-06, 3.747949966111707e-06, -3.1783208743014152e-06, -2.585904465760411e-06, -3.4125615010408895e-07], [7.776619538270861e-07, 3.747949966111707e-06, 1.2653607165157572e-05, -2.7067286759915415e-05, -2.2306813349906966e-05, -1.1601464563100458e-05], [1.721358625241634e-06, -3.1783208743014152e-06, -2.7067286759915415e-05, 0.0001298974481964905, 9.459041945807724e-05, 5.7094548173250084e-05], [3.949231918289208e-06, -2.585904465760411e-06, -2.2306813349906966e-05, 9.459041945807724e-05, 9.893734739023338e-05, 6.102901736885637e-05], [3.897818173209203e-06, -3.4125615010408895e-07, -1.1601464563100458e-05, 5.7094548173250084e-05, 6.102901736885637e-05, 4.116789161487635e-05]]</COVARIANCE_MATRIX>
		<ROI_SIZE>76</ROI_SIZE>
		<MAX_VALUE>[0.1174047514796257, 0.10774083435535431, 0.1306626945734024, 0.102203369140625, 0.04991699010133743, 0.03490196168422699]</MAX_VALUE>
		<MIN_VALUE>[0.10694214701652527, 0.09900867193937302, 0.11045631021261215, 0.05367074906826019, 0.004099842626601458, 0.004525804426521063]</MIN_VALUE>
		<SIGNATURE_THRESHOLD_MD>0</SIGNATURE_THRESHOLD_MD>
		<SIGNATURE_THRESHOLD_ML>0</SIGNATURE_THRESHOLD_ML>
		<SIGNATURE_THRESHOLD_SAM>0</SIGNATURE_THRESHOLD_SAM>
	</signature>
	<signature ID="20210608_101341249941_968">
		<MACROCLASSID>1</MACROCLASSID>
		<MACROCLASSINFO>waterbody</MACROCLASSINFO>
		<CLASSID>14</CLASSID>
		<CLASSINFO>C 1</CLASSINFO>
		<VALUES>[0.12131284449175747, 0.0027423376054956363, 0.1520073252479429, 0.006805320424986951, 0.13665356837440273, 0.009066943217098644, 0.039291599669746345, 0.010844772134886074, 0.009517749607036807, 0.009059922957690668, 0.005412046714980352, 0.005550263233272913]</VALUES>
		<LCS_MIN>[0.10720837116241455, 0.1206260547041893, 0.10731486976146698, 0.03018978424370289, 0.002768720267340541, 0.0015174744185060263]</LCS_MIN>
		<LCS_MAX>[0.12632325291633606, 0.16641658544540405, 0.15917529165744781, 0.09594710171222687, 0.0614444725215435, 0.03948100283741951]</LCS_MAX>
		<WAVELENGTH>[0.48, 0.56, 0.655, 0.865, 1.61, 2.2]</WAVELENGTH>
		<MEAN_VALUE>[0.12131284449175747, 0.1520073252479429, 0.13665356837440273, 0.039291599669746345, 0.009517749607036807, 0.005412046714980352]</MEAN_VALUE>
		<CHECKBOX>2</CHECKBOX>
		<SD>[0.0027423376054956363, 0.006805320424986951, 0.009066943217098644, 0.010844772134886074, 0.009059922957690668, 0.005550263233272913]</SD>
		<WAVELENGTH_UNIT>E-6m</WAVELENGTH_UNIT>
		<COLOR>#742ef9</COLOR>
		<COVARIANCE_MATRIX>[[7.524441460900059e-06, 1.5422623304946596e-05, 1.9647973071160402e-05, -1.5337310340977657e-05, -1.2618007570636584e-05, -7.707335262269621e-06], [1.5422623304946596e-05, 4.6337178584650134e-05, 5.14812354752394e-05, -4.186371521996255e-05, -3.660068226908396e-05, -2.2470911215666422e-05], [1.9647973071160402e-05, 5.14812354752394e-05, 8.225346864861246e-05, -2.227430031223138e-05, -2.6691583447937745e-05, -1.66603512587211e-05], [-1.5337310340977657e-05, -4.186371521996255e-05, -2.227430031223138e-05, 0.00011767204255195787, 9.088861929358556e-05, 5.4525219724152796e-05], [-1.2618007570636584e-05, -3.660068226908396e-05, -2.6691583447937745e-05, 9.088861929358556e-05, 8.212614522198792e-05, 4.988103597638919e-05], [-7.707335262269621e-06, -2.2470911215666422e-05, -1.66603512587211e-05, 5.4525219724152796e-05, 4.988103597638919e-05, 3.082191308386655e-05]]</COVARIANCE_MATRIX>
		<ROI_SIZE>1869</ROI_SIZE>
		<MAX_VALUE>[0.12632325291633606, 0.16641658544540405, 0.15917529165744781, 0.09594710171222687, 0.0614444725215435, 0.03948100283741951]</MAX_VALUE>
		<MIN_VALUE>[0.10720837116241455, 0.1206260547041893, 0.10731486976146698, 0.03018978424370289, 0.002768720267340541, 0.0015174744185060263]</MIN_VALUE>
		<SIGNATURE_THRESHOLD_MD>0</SIGNATURE_THRESHOLD_MD>
		<SIGNATURE_THRESHOLD_ML>0</SIGNATURE_THRESHOLD_ML>
		<SIGNATURE_THRESHOLD_SAM>0</SIGNATURE_THRESHOLD_SAM>
	</signature>
	<signature ID="20210608_101347395240_772">
		<MACROCLASSID>1</MACROCLASSID>
		<MACROCLASSINFO>waterbody</MACROCLASSINFO>
		<CLASSID>15</CLASSID>
		<CLASSINFO>C 1</CLASSINFO>
		<VALUES>[0.11793701021169464, 0.003465672109775727, 0.13595885701384897, 0.0068946896838297115, 0.104618342212843, 0.009802351014091253, 0.03881109407300636, 0.013528339173632076, 0.012240763430667257, 0.009557439689722018, 0.006395989174679175, 0.00532648018482575]</VALUES>
		<LCS_MIN>[0.10366758704185486, 0.10427992045879364, 0.07896201312541962, 0.021990088745951653, 0.0018369406461715698, 0.0006655512843281031]</LCS_MIN>
		<LCS_MAX>[0.12392722815275192, 0.14562448859214783, 0.1290653645992279, 0.08396702259778976, 0.06250936537981033, 0.04097185656428337]</LCS_MAX>
		<WAVELENGTH>[0.48, 0.56, 0.655, 0.865, 1.61, 2.2]</WAVELENGTH>
		<MEAN_VALUE>[0.11793701021169464, 0.13595885701384897, 0.104618342212843, 0.03881109407300636, 0.012240763430667257, 0.006395989174679175]</MEAN_VALUE>
		<CHECKBOX>2</CHECKBOX>
		<SD>[0.003465672109775727, 0.0068946896838297115, 0.009802351014091253, 0.013528339173632076, 0.009557439689722018, 0.00532648018482575]</SD>
		<WAVELENGTH_UNIT>E-6m</WAVELENGTH_UNIT>
		<COLOR>#8ffb56</COLOR>
		<COVARIANCE_MATRIX>[[1.2032254850720384e-05, 2.328897613784333e-05, 2.565535219482019e-05, -2.1218726454380306e-05, -1.572261210328274e-05, -8.045133809034975e-06], [2.328897613784333e-05, 4.7621330793311874e-05, 4.9973608965092813e-05, -4.547842567717171e-05, -3.5299118697230114e-05, -1.8886092605161822e-05], [2.565535219482019e-05, 4.9973608965092813e-05, 9.625705708566826e-05, -8.794517924780418e-06, -1.95072555879046e-05, -9.70433661024427e-06], [-2.1218726454380306e-05, -4.547842567717171e-05, -8.794517924780418e-06, 0.00018334161197262351, 0.00011760063719013297, 6.11525265712446e-05], [-1.572261210328274e-05, -3.5299118697230114e-05, -1.95072555879046e-05, 0.00011760063719013297, 9.150718839317666e-05, 4.99746354168463e-05], [-8.045133809034975e-06, -1.8886092605161822e-05, -9.70433661024427e-06, 6.11525265712446e-05, 4.99746354168463e-05, 2.8421874061760108e-05]]</COVARIANCE_MATRIX>
		<ROI_SIZE>563</ROI_SIZE>
		<MAX_VALUE>[0.12392722815275192, 0.14562448859214783, 0.1290653645992279, 0.08396702259778976, 0.06250936537981033, 0.04097185656428337]</MAX_VALUE>
		<MIN_VALUE>[0.10366758704185486, 0.10427992045879364, 0.07896201312541962, 0.021990088745951653, 0.0018369406461715698, 0.0006655512843281031]</MIN_VALUE>
		<SIGNATURE_THRESHOLD_MD>0</SIGNATURE_THRESHOLD_MD>
		<SIGNATURE_THRESHOLD_ML>0</SIGNATURE_THRESHOLD_ML>
		<SIGNATURE_THRESHOLD_SAM>0</SIGNATURE_THRESHOLD_SAM>
	</signature>
	<signature ID="20210608_101353702586_310">
		<MACROCLASSID>1</MACROCLASSID>
		<MACROCLASSINFO>waterbody</MACROCLASSINFO>
		<CLASSID>16</CLASSID>
		<CLASSINFO>C 1</CLASSINFO>
		<VALUES>[0.08744792476248203, 0.0012358557206929549, 0.07263579284681855, 0.002966380358242838, 0.04468675978891671, 0.0041824815565781595, 0.030939955000605878, 0.00965133042177757, 0.012947266167903792, 0.00885468511797484, 0.00752663672249915, 0.005350474763609002]</VALUES>
		<LCS_MIN>[0.0853513777256012, 0.06778059899806976, 0.03860246017575264, 0.0056173172779381275, 0.0, 0.0]</LCS_MIN>
