<?xml version="1.0" ?>
<signaturelist MCID_LIST="[['1', 'waterbody', '#0000ff'], ['2', 'vegetation', '#00ff00'], ['3', 'bareland', '#ffaa00'], ['4', 'built-up', '#ff0000']]">
	<signature ID="20210113_142823496347_355">
		<MACROCLASSID>1</MACROCLASSID>
		<MACROCLASSINFO>MC 1</MACROCLASSINFO>
		<CLASSID>1</CLASSID>
		<CLASSINFO>C 1</CLASSINFO>
		<VALUES>[0.1765461981118127, 0.006032599011737011, 0.15280956266559978, 0.013146161600806925, 0.12417816940861229, 0.018209934534242224, 0.09125824612372356, 0.01337715338836288, 0.04642272077918261, 0.008548855686519807, 0.03324544218391211, 0.005631480568581905]</VALUES>
		<LCS_MIN>[0.16469980776309967, 0.12970082461833954, 0.09864326566457748, 0.07633006572723389, 0.03846656531095505, 0.02737458609044552]</LCS_MIN>
		<LCS_MAX>[0.1868191510438919, 0.1753395050764084, 0.16413983702659607, 0.17587794363498688, 0.12061185389757156, 0.08619440346956253]</LCS_MAX>
		<WAVELENGTH>[0.48, 0.56, 0.655, 0.865, 1.61, 2.2]</WAVELENGTH>
		<MEAN_VALUE>[0.1765461981118127, 0.15280956266559978, 0.12417816940861229, 0.09125824612372356, 0.04642272077918261, 0.03324544218391211]</MEAN_VALUE>
		<CHECKBOX>2</CHECKBOX>
		<SD>[0.006032599011737011, 0.013146161600806925, 0.018209934534242224, 0.01337715338836288, 0.008548855686519807, 0.005631480568581905]</SD>
		<WAVELENGTH_UNIT>E-6m</WAVELENGTH_UNIT>
		<COLOR>#48ed2b</COLOR>
		<COVARIANCE_MATRIX>[[3.5770830436376855e-05, 7.718611595919356e-05, 0.00010000998736359179, 2.5410146918147802e-05, 3.0813836815468676e-07, -1.1963264512360183e-07], [7.718611595919356e-05, 0.00017264418420381844, 0.00023183606390375644, 6.932363612577319e-05, 7.684704542043619e-06, 4.288677700969856e-06], [0.00010000998736359179, 0.00023183606390375644, 0.0003326216829009354, 0.00013816538557875901, 3.707811265485361e-05, 2.3761927877785638e-05], [2.5410146918147802e-05, 6.932363612577319e-05, 0.00013816538557875901, 0.00016635503561701626, 9.355116344522685e-05, 6.219001079443842e-05], [3.0813836815468676e-07, 7.684704542043619e-06, 3.707811265485361e-05, 9.355116344522685e-05, 6.696594937238842e-05, 4.432586865732446e-05], [-1.1963264512360183e-07, 4.288677700969856e-06, 2.3761927877785638e-05, 6.219001079443842e-05, 4.432586865732446e-05, 2.9691682357224636e-05]]</COVARIANCE_MATRIX>
		<ROI_SIZE>50866</ROI_SIZE>
		<MAX_VALUE>[0.1868191510438919, 0.1753395050764084, 0.16413983702659607, 0.17587794363498688, 0.12061185389757156, 0.08619440346956253]</MAX_VALUE>
		<MIN_VALUE>[0.16469980776309967, 0.12970082461833954, 0.09864326566457748, 0.07633006572723389, 0.03846656531095505, 0.02737458609044552]</MIN_VALUE>
		<SIGNATURE_THRESHOLD_MD>0.0</SIGNATURE_THRESHOLD_MD>
		<SIGNATURE_THRESHOLD_ML>0.0</SIGNATURE_THRESHOLD_ML>
		<SIGNATURE_THRESHOLD_SAM>0.0</SIGNATURE_THRESHOLD_SAM>
	</signature>
	<signature ID="20210113_142921245720_567">
		<MACROCLASSID>1</MACROCLASSID>
		<MACROCLASSINFO>MC 1</MACROCLASSINFO>
		<CLASSID>2</CLASSID>
		<CLASSINFO>C 1</CLASSINFO>
		<VALUES>[0.1718406044875485, 0.0030320194080975835, 0.1655950481046269, 0.006067041075603576, 0.15267855044547224, 0.009223894871772538, 0.1399160413035394, 0.009064424838517656, 0.061766796252610286, 0.008002523918823529, 0.04110315652600281, 0.00438747385857253]</VALUES>
		<LCS_MIN>[0.16454902291297913, 0.1530478298664093, 0.13710983097553253, 0.1267285943031311, 0.05341381952166557, 0.03635584935545921]</LCS_MIN>
		<LCS_MAX>[0.17803172767162323, 0.18432077765464783, 0.1828131079673767, 0.18143470585346222, 0.1032523587346077, 0.06411811709403992]</LCS_MAX>
		<WAVELENGTH>[0.48, 0.56, 0.655, 0.865, 1.61, 2.2]</WAVELENGTH>
		<MEAN_VALUE>[0.1718406044875485, 0.1655950481046269, 0.15267855044547224, 0.1399160413035394, 0.061766796252610286, 0.04110315652600281]</MEAN_VALUE>
		<CHECKBOX>2</CHECKBOX>
		<SD>[0.0030320194080975835, 0.006067041075603576, 0.009223894871772538, 0.009064424838517656, 0.008002523918823529, 0.00438747385857253]</SD>
		<WAVELENGTH_UNIT>E-6m</WAVELENGTH_UNIT>
		<COLOR>#2bd8d0</COLOR>
		<COVARIANCE_MATRIX>[[1.2700913430307992e-05, 2.8779448257409967e-05, 4.1344042983837426e-05, 9.265744665754028e-06, -1.5057783002703218e-06, -2.7666501978274027e-07], [2.8779448257409967e-05, 7.43224227335304e-05, 0.00010539906361373141, 2.1405823645181954e-05, -1.857784582171007e-06, -1.9081029734024924e-07], [4.1344042983837426e-05, 0.00010539906361373141, 0.0001544439437566325, 4.0747025195742026e-05, 1.193424054690695e-06, 1.7835681092037703e-06], [9.265744665754028e-06, 2.1405823645181954e-05, 4.0747025195742026e-05, 0.00011771637218771502, 8.080637780949473e-05, 4.491298386710696e-05], [-1.5057783002703218e-06, -1.857784582171007e-06, 1.193424054690695e-06, 8.080637780949473e-05, 7.513065793318674e-05, 4.230608465149999e-05], [-2.7666501978274027e-07, -1.9081029734024924e-07, 1.7835681092037703e-06, 4.491298386710696e-05, 4.230608465149999e-05, 2.479580325598363e-05]]</COVARIANCE_MATRIX>
		<ROI_SIZE>4480</ROI_SIZE>
		<MAX_VALUE>[0.17803172767162323, 0.18432077765464783, 0.1828131079673767, 0.18143470585346222, 0.1032523587346077, 0.06411811709403992]</MAX_VALUE>
		<MIN_VALUE>[0.16454902291297913, 0.1530478298664093, 0.13710983097553253, 0.1267285943031311, 0.05341381952166557, 0.03635584935545921]</MIN_VALUE>
		<SIGNATURE_THRESHOLD_MD>0.0</SIGNATURE_THRESHOLD_MD>
		<SIGNATURE_THRESHOLD_ML>0.0</SIGNATURE_THRESHOLD_ML>
		<SIGNATURE_THRESHOLD_SAM>0.0</SIGNATURE_THRESHOLD_SAM>
	</signature>
	<signature ID="20210113_142933361903_735">
		<MACROCLASSID>1</MACROCLASSID>
		<MACROCLASSINFO>MC 1</MACROCLASSINFO>
		<CLASSID>3</CLASSID>
		<CLASSINFO>C 1</CLASSINFO>
		<VALUES>[0.17076170075693808, 0.0034703447126115156, 0.1491456982704314, 0.007455760621319882, 0.12452351202577357, 0.014734209151710238, 0.0936643638765344, 0.01135204219639068, 0.04782863808220744, 0.004140978838055781, 0.03497838551487029, 0.0028838085214960914]</VALUES>
		<LCS_MIN>[0.16263215243816376, 0.13383609056472778, 0.10282159596681595, 0.08126223087310791, 0.041611090302467346, 0.030239108949899673]</LCS_MIN>
		<LCS_MAX>[0.17900092899799347, 0.16396751999855042, 0.1593584269285202, 0.1395651400089264, 0.08516057580709457, 0.05843212828040123]</LCS_MAX>
		<WAVELENGTH>[0.48, 0.56, 0.655, 0.865, 1.61, 2.2]</WAVELENGTH>
		<MEAN_VALUE>[0.17076170075693808, 0.1491456982704314, 0.12452351202577357, 0.0936643638765344, 0.04782863808220744, 0.03497838551487029]</MEAN_VALUE>
		<CHECKBOX>2</CHECKBOX>
		<SD>[0.0034703447126115156, 0.007455760621319882, 0.014734209151710238, 0.01135204219639068, 0.004140978838055781, 0.0028838085214960914]</SD>
		<WAVELENGTH_UNIT>E-6m</WAVELENGTH_UNIT>
		<COLOR>#e76f82</COLOR>
		<COVARIANCE_MATRIX>[[1.1052405170630664e-05, 2.3272757971426472e-05, 4.596572762238793e-05, 2.4925588149926625e-05, 4.872245881415438e-06, 3.238334329580539e-06], [2.3272757971426472e-05, 5.1270104449940845e-05, 0.00010160318197449669, 5.290187255013734e-05, 9.335728464066051e-06, 5.955506821919698e-06], [4.596572762238793e-05, 0.00010160318197449669, 0.00021919824939686805, 0.00013926741667091846, 2.803728057187982e-05, 1.8071856175083667e-05], [2.4925588149926625e-05, 5.290187255013734e-05, 0.00013926741667091846, 0.00015050967340357602, 4.383751729619689e-05, 2.9394876037258655e-05], [4.872245881415438e-06, 9.335728464066051e-06, 2.803728057187982e-05, 4.383751729619689e-05, 1.932804661919363e-05, 1.3258335457067005e-05], [3.238334329580539e-06, 5.955506821919698e-06, 1.8071856175083667e-05, 2.9394876037258655e-05, 1.3258335457067005e-05, 9.228279850503895e-06]]</COVARIANCE_MATRIX>
		<ROI_SIZE>56049</ROI_SIZE>
		<MAX_VALUE>[0.17900092899799347, 0.16396751999855042, 0.1593584269285202, 0.1395651400089264, 0.08516057580709457, 0.05843212828040123]</MAX_VALUE>
		<MIN_VALUE>[0.16263215243816376, 0.13383609056472778, 0.10282159596681595, 0.08126223087310791, 0.041611090302467346, 0.030239108949899673]</MIN_VALUE>
		<SIGNATURE_THRESHOLD_MD>0.0</SIGNATURE_THRESHOLD_MD>
		<SIGNATURE_THRESHOLD_ML>0.0</SIGNATURE_THRESHOLD_ML>
		<SIGNATURE_THRESHOLD_SAM>0.0</SIGNATURE_THRESHOLD_SAM>
	</signature>
	<signature ID="20210113_143018306486_163">
		<MACROCLASSID>1</MACROCLASSID>
		<MACROCLASSINFO>MC 1</MACROCLASSINFO>
		<CLASSID>4</CLASSID>
		<CLASSINFO>C 1</CLASSINFO>
		<VALUES>[0.17065922461850433, 0.0031867249112140397, 0.14388644859845176, 0.0075103362406696945, 0.11734988653590894, 0.012073183997324176, 0.08418809610576579, 0.00791336392125161, 0.04481168267681892, 0.004105817732399097, 0.033008985765093014, 0.0029284599934246234]</VALUES>
		<LCS_MIN>[0.1636444330215454, 0.12765473127365112, 0.09745867550373077, 0.07439165562391281, 0.03680814802646637, 0.026469988748431206]</LCS_MIN>
		<LCS_MAX>[0.17841938138008118, 0.15884149074554443, 0.14581111073493958, 0.13517142832279205, 0.09567105025053024, 0.06948103755712509]</LCS_MAX>
		<WAVELENGTH>[0.48, 0.56, 0.655, 0.865, 1.61, 2.2]</WAVELENGTH>
		<MEAN_VALUE>[0.17065922461850433, 0.14388644859845176, 0.11734988653590894, 0.08418809610576579, 0.04481168267681892, 0.033008985765093014]</MEAN_VALUE>
		<CHECKBOX>2</CHECKBOX>
		<SD>[0.0031867249112140397, 0.0075103362406696945, 0.012073183997324176, 0.00791336392125161, 0.004105817732399097, 0.0029284599934246234]</SD>
		<WAVELENGTH_UNIT>E-6m</WAVELENGTH_UNIT>
		<COLOR>#31051c</COLOR>
		<COVARIANCE_MATRIX>[[9.261094419343863e-06, 2.0521347323665395e-05, 3.06111469399184e-05, 1.0383727385487873e-05, 9.094435426959535e-07, 3.2133073091245024e-07], [2.0521347323665395e-05, 4.989432272850536e-05, 7.716117397649214e-05, 3.0495901228277944e-05, 3.847331754514016e-06, 1.5822997738723643e-06], [3.06111469399184e-05, 7.716117397649214e-05, 0.00013227621093392372, 6.753301568096504e-05, 1.5797435480635613e-05, 9.342931662104093e-06], [1.0383727385487873e-05, 3.0495901228277944e-05, 6.753301568096504e-05, 6.281515379669145e-05, 2.7915812097489834e-05, 1.8776046999846585e-05], [9.094435426959535e-07, 3.847331754514016e-06, 1.5797435480635613e-05, 2.7915812097489834e-05, 1.9284952941234224e-05, 1.3548701645049732e-05], [3.2133073091245024e-07, 1.5822997738723643e-06, 9.342931662104093e-06, 1.8776046999846585e-05, 1.3548701645049732e-05, 9.68593576544663e-06]]</COVARIANCE_MATRIX>
		<ROI_SIZE>54735</ROI_SIZE>
		<MAX_VALUE>[0.17841938138008118, 0.15884149074554443, 0.14581111073493958, 0.13517142832279205, 0.09567105025053024, 0.06948103755712509]</MAX_VALUE>
		<MIN_VALUE>[0.1636444330215454, 0.12765473127365112, 0.09745867550373077, 0.07439165562391281, 0.03680814802646637, 0.026469988748431206]</MIN_VALUE>
		<SIGNATURE_THRESHOLD_MD>0.0</SIGNATURE_THRESHOLD_MD>
		<SIGNATURE_THRESHOLD_ML>0.0</SIGNATURE_THRESHOLD_ML>
		<SIGNATURE_THRESHOLD_SAM>0.0</SIGNATURE_THRESHOLD_SAM>
	</signature>
	<signature ID="20210113_143031489684_698">
		<MACROCLASSID>1</MACROCLASSID>
		<MACROCLASSINFO>MC 1</MACROCLASSINFO>
		<CLASSID>5</CLASSID>
		<CLASSINFO>C 1</CLASSINFO>
		<VALUES>[0.1687037303821001, 0.0063514441811407495, 0.137231411644416, 0.010176798410581075, 0.10608970820501495, 0.007895225252928873, 0.08113029114190405, 0.0035120618074896987, 0.04706323364644371, 0.0019393229782109567, 0.03601370310742961, 0.0016851429617770865]</VALUES>
		<LCS_MIN>[0.15744155645370483, 0.12138720601797104, 0.09323727339506149, 0.07370245456695557, 0.03995267301797867, 0.029916036874055862]</LCS_MIN>
		<LCS_MAX>[0.18180082738399506, 0.1561708003282547, 0.12190411239862442, 0.09015735238790512, 0.05257384479045868, 0.04124494642019272]</LCS_MAX>
		<WAVELENGTH>[0.48, 0.56, 0.655, 0.865, 1.61, 2.2]</WAVELENGTH>
		<MEAN_VALUE>[0.1687037303821001, 0.137231411644416, 0.10608970820501495, 0.08113029114190405, 0.04706323364644371, 0.03601370310742961]</MEAN_VALUE>
		<CHECKBOX>2</CHECKBOX>
		<SD>[0.0063514441811407495, 0.010176798410581075, 0.007895225252928873, 0.0035120618074896987, 0.0019393229782109567, 0.0016851429617770865]</SD>
		<WAVELENGTH_UNIT>E-6m</WAVELENGTH_UNIT>
		<COLOR>#4631e1</COLOR>
		<COVARIANCE_MATRIX>[[3.859892603941262e-05, 6.0476260841824114e-05, 4.7508019633824006e-05, 1.95765751414001e-05, 8.862087270244956e-06, 7.850962902011815e-06], [6.0476260841824114e-05, 9.693003812571988e-05, 7.535624172305688e-05, 2.9945447749923915e-05, 1.2736233657051343e-05, 1.1279264981567394e-05], [4.7508019633824006e-05, 7.535624172305688e-05, 5.929945837124251e-05, 2.4507933630957268e-05, 1.0747631677077152e-05, 9.46393993217498e-06], [1.95765751414001e-05, 2.9945447749923915e-05, 2.4507933630957268e-05, 1.226702534040669e-05, 5.887723546038615e-06, 5.083095857116859e-06], [8.862087270244956e-06, 1.2736233657051343e-05, 1.0747631677077152e-05, 5.887723546038615e-06, 3.771259343920974e-06, 3.257533080613939e-06], [7.850962902011815e-06, 1.1279264981567394e-05, 9.46393993217498e-06, 5.083095857116859e-06, 3.257533080613939e-06, 2.890227051466354e-06]]</COVARIANCE_MATRIX>
		<ROI_SIZE>90566</ROI_SIZE>
		<MAX_VALUE>[0.18180082738399506, 0.1561708003282547, 0.12190411239862442, 0.09015735238790512, 0.05257384479045868, 0.04124494642019272]</MAX_VALUE>
		<MIN_VALUE>[0.15744155645370483, 0.12138720601797104, 0.09323727339506149, 0.07370245456695557, 0.03995267301797867, 0.029916036874055862]</MIN_VALUE>
		<SIGNATURE_THRESHOLD_MD>0.0</SIGNATURE_THRESHOLD_MD>
		<SIGNATURE_THRESHOLD_ML>0.0</SIGNATURE_THRESHOLD_ML>
		<SIGNATURE_THRESHOLD_SAM>0.0</SIGNATURE_THRESHOLD_SAM>
	</signature>
	<signature ID="20210113_143113138395_524">
		<MACROCLASSID>1</MACROCLASSID>
		<MACROCLASSINFO>MC 1</MACROCLASSINFO>
		<CLASSID>6</CLASSID>
		<CLASSINFO>C 1</CLASSINFO>
		<VALUES>[0.1704956637492592, 0.003854740094682768, 0.1483544398055138, 0.007099875806411836, 0.12345249656280197, 0.011392204618631831, 0.08130041068753122, 0.005235239821616668, 0.04836545765058166, 0.002103373912839768, 0.03577915237730838, 0.001603958168098283]</VALUES>
		<LCS_MIN>[0.16239523887634277, 0.13163922727108002, 0.10400617867708206, 0.07225941866636276, 0.0406203530728817, 0.029269905760884285]</LCS_MIN>
		<LCS_MAX>[0.17829017341136932, 0.16245988011360168, 0.1547923982143402, 0.11236286163330078, 0.07753618061542511, 0.056429117918014526]</LCS_MAX>
		<WAVELENGTH>[0.48, 0.56, 0.655, 0.865, 1.61, 2.2]</WAVELENGTH>
		<MEAN_VALUE>[0.1704956637492592, 0.1483544398055138, 0.12345249656280197, 0.08130041068753122, 0.04836545765058166, 0.03577915237730838]</MEAN_VALUE>
		<CHECKBOX>2</CHECKBOX>
		<SD>[0.003854740094682768, 0.007099875806411836, 0.011392204618631831, 0.005235239821616668, 0.002103373912839768, 0.001603958168098283]</SD>
		<WAVELENGTH_UNIT>E-6m</WAVELENGTH_UNIT>
		<COLOR>#dbb575</COLOR>
		<COVARIANCE_MATRIX>[[1.496385539212497e-05, 2.6980653274222277e-05, 4.17919218307361e-05, 1.3965812286187429e-05, 1.1079716841777554e-06, 9.30666388399004e-08], [2.6980653274222277e-05, 5.0465823733247817e-05, 7.7932643762324e-05, 2.465894431225024e-05, 1.5865882687648991e-06, -9.657743760271842e-08], [4.17919218307361e-05, 7.7932643762324e-05, 0.0001286011392949149, 4.5500888518290594e-05, 5.142852387507446e-06, 1.6905904658415238e-06], [1.3965812286187429e-05, 2.465894431225024e-05, 4.5500888518290594e-05, 2.697268791962415e-05, 6.931543794053141e-06, 4.134376467845868e-06], [1.1079716841777554e-06, 1.5865882687648991e-06, 5.142852387507446e-06, 6.931543794053141e-06, 4.239149802742759e-06, 3.1321937967732083e-06], [9.30666388399004e-08, -9.657743760271842e-08, 1.6905904658415238e-06, 4.134376467845868e-06, 3.1321937967732083e-06, 2.479265504007344e-06]]</COVARIANCE_MATRIX>
		<ROI_SIZE>72481</ROI_SIZE>
		<MAX_VALUE>[0.17829017341136932, 0.16245988011360168, 0.1547923982143402, 0.11236286163330078, 0.07753618061542511, 0.056429117918014526]</MAX_VALUE>
		<MIN_VALUE>[0.16239523887634277, 0.13163922727108002, 0.10400617867708206, 0.07225941866636276, 0.0406203530728817, 0.029269905760884285]</MIN_VALUE>
		<SIGNATURE_THRESHOLD_MD>0.0</SIGNATURE_THRESHOLD_MD>
		<SIGNATURE_THRESHOLD_ML>0.0</SIGNATURE_THRESHOLD_ML>
		<SIGNATURE_THRESHOLD_SAM>0.0</SIGNATURE_THRESHOLD_SAM>
	</signature>
	<signature ID="20210113_143229687901_394">
		<MACROCLASSID>1</MACROCLASSID>
		<MACROCLASSINFO>MC 1</MACROCLASSINFO>
		<CLASSID>7</CLASSID>
		<CLASSINFO>C 1</CLASSINFO>
		<VALUES>[0.1692787103795031, 0.0017226142236691727, 0.15753513478790362, 0.0028338108154838987, 0.14244210303328247, 0.002697438075445091, 0.1310643859351735, 0.010172606300461205, 0.055480052810016244, 0.006891394797388262, 0.037014283972046945, 0.00433287489521238]</VALUES>
		<LCS_MIN>[0.16271832585334778, 0.14796490967273712, 0.13142384588718414, 0.11647658795118332, 0.0483308881521225, 0.031789835542440414]</LCS_MIN>
		<LCS_MAX>[0.17266881465911865, 0.1624814122915268, 0.1490417867898941, 0.1816285252571106, 0.10331696271896362, 0.06889951229095459]</LCS_MAX>
		<WAVELENGTH>[0.48, 0.56, 0.655, 0.865, 1.61, 2.2]</WAVELENGTH>
		<MEAN_VALUE>[0.1692787103795031, 0.15753513478790362, 0.14244210303328247, 0.1310643859351735, 0.055480052810016244, 0.037014283972046945]</MEAN_VALUE>
		<CHECKBOX>2</CHECKBOX>
		<SD>[0.0017226142236691727, 0.0028338108154838987, 0.002697438075445091, 0.010172606300461205, 0.006891394797388262, 0.00433287489521238]</SD>
		<WAVELENGTH_UNIT>E-6m</WAVELENGTH_UNIT>
		<COLOR>#ebc893</COLOR>
		<COVARIANCE_MATRIX>[[3.189571543771308e-06, 4.579508640745189e-06, 3.881031716446159e-06, -5.8157693274552e-06, -2.5453475700487616e-06, -1.0169086408495787e-06], [4.579508640745189e-06, 8.89422790351091e-06, 7.255357104440918e-06, -1.2865940334449988e-05, -5.1753422667388804e-06, -2.1274513528624084e-06], [3.881031716446159e-06, 7.255357104440918e-06, 7.808348527760245e-06, -1.5280445950338617e-05, -7.2343241299677175e-06, -2.972828042402398e-06], [-5.8157693274552e-06, -1.2865940334449988e-05, -1.5280445950338617e-05, 0.00010409735841676593, 6.484922778327018e-05, 3.7089830584591255e-05], [-2.5453475700487616e-06, -5.1753422667388804e-06, -7.2343241299677175e-06, 6.484922778327018e-05, 4.749802974401973e-05, 2.8482465495471843e-05], [-1.0169086408495787e-06, -2.1274513528624084e-06, -2.972828042402398e-06, 3.7089830584591255e-05, 2.8482465495471843e-05, 1.799175879568793e-05]]</COVARIANCE_MATRIX>
		<ROI_SIZE>7655</ROI_SIZE>
		<MAX_VALUE>[0.17266881465911865, 0.1624814122915268, 0.1490417867898941, 0.1816285252571106, 0.10331696271896362, 0.06889951229095459]</MAX_VALUE>
		<MIN_VALUE>[0.16271832585334778, 0.14796490967273712, 0.13142384588718414, 0.11647658795118332, 0.0483308881521225, 0.031789835542440414]</MIN_VALUE>
		<SIGNATURE_THRESHOLD_MD>0.0</SIGNATURE_THRESHOLD_MD>
		<SIGNATURE_THRESHOLD_ML>0.0</SIGNATURE_THRESHOLD_ML>
		<SIGNATURE_THRESHOLD_SAM>0.0</SIGNATURE_THRESHOLD_SAM>
	</signature>
	<signature ID="20210113_143245015777_742">
		<MACROCLASSID>1</MACROCLASSID>
		<MACROCLASSINFO>MC 1</MACROCLASSINFO>
		<CLASSID>8</CLASSID>
		<CLASSINFO>C 1</CLASSINFO>
		<VALUES>[0.1577590998175533, 0.0033961604174201038, 0.13066110221105942, 0.0036798431239346992, 0.10697975527755041, 0.004593355561378986, 0.1396929671598035, 0.013390462585276378, 0.06900304948347945, 0.01054350390383136, 0.046693312714612745, 0.007557159130195235]</VALUES>
		<LCS_MIN>[0.15179862082004547, 0.12261486053466797, 0.0986647978425026, 0.11606736481189728, 0.05479223653674126, 0.03814349323511124]</LCS_MIN>
		<LCS_MAX>[0.16859814524650574, 0.1436357945203781, 0.12705166637897491, 0.17714866995811462, 0.10979986190795898, 0.07796694338321686]</LCS_MAX>
		<WAVELENGTH>[0.48, 0.56, 0.655, 0.865, 1.61, 2.2]</WAVELENGTH>
		<MEAN_VALUE>[0.1577590998175533, 0.13066110221105942, 0.10697975527755041, 0.1396929671598035, 0.06900304948347945, 0.046693312714612745]</MEAN_VALUE>
		<CHECKBOX>2</CHECKBOX>
		<SD>[0.0033961604174201038, 0.0036798431239346992, 0.004593355561378986, 0.013390462585276378, 0.01054350390383136, 0.007557159130195235]</SD>
		<WAVELENGTH_UNIT>E-6m</WAVELENGTH_UNIT>
		<COLOR>#e9437e</COLOR>
		<COVARIANCE_MATRIX>[[9.038639291247819e-06, 9.357076123706065e-06, 1.1537898899405263e-05, 6.679355919914087e-06, 1.0820756870089099e-05, 9.718887667986564e-06], [9.357076123706065e-06, 1.1780710337916389e-05, 1.435759349988075e-05, 1.453391359973466e-05, 1.7827502233558334e-05, 1.466293542762287e-05], [1.1537898899405263e-05, 1.435759349988075e-05, 1.8837838069885038e-05, 2.0357227185741067e-05, 2.564387978054583e-05, 2.1729407308157533e-05], [6.679355919914087e-06, 1.453391359973466e-05, 2.0357227185741067e-05, 0.00021906070469412953, 0.00013107454287819564, 7.386899960692972e-05], [1.0820756870089099e-05, 1.7827502233558334e-05, 2.564387978054583e-05, 0.00013107454287819564, 0.00011085833830293268, 7.225012086564675e-05], [9.718887667986564e-06, 1.466293542762287e-05, 2.1729407308157533e-05, 7.386899960692972e-05, 7.225012086564675e-05, 5.299151234794408e-05]]</COVARIANCE_MATRIX>
		<ROI_SIZE>1336</ROI_SIZE>
		<MAX_VALUE>[0.16859814524650574, 0.1436357945203781, 0.12705166637897491, 0.17714866995811462, 0.10979986190795898, 0.07796694338321686]</MAX_VALUE>
		<MIN_VALUE>[0.15179862082004547, 0.12261486053466797, 0.0986647978425026, 0.11606736481189728, 0.05479223653674126, 0.03814349323511124]</MIN_VALUE>
		<SIGNATURE_THRESHOLD_MD>0.0</SIGNATURE_THRESHOLD_MD>
		<SIGNATURE_THRESHOLD_ML>0.0</SIGNATURE_THRESHOLD_ML>
		<SIGNATURE_THRESHOLD_SAM>0.0</SIGNATURE_THRESHOLD_SAM>
	</signature>
	<signature ID="20210113_143252565972_204">
		<MACROCLASSID>1</MACROCLASSID>
		<MACROCLASSINFO>MC 1</MACROCLASSINFO>
		<CLASSID>9</CLASSID>
		<CLASSINFO>C 1</CLASSINFO>
		<VALUES>[0.16576565449754593, 0.004031467957842598, 0.14518651623150394, 0.004009416641909602, 0.1255347837001232, 0.006010695617799669, 0.16298048036732704, 0.013945571136201427, 0.08670408950357014, 0.013049507375855899, 0.060661880932564805, 0.010579006042155437]</VALUES>
		<LCS_MIN>[0.1595953404903412, 0.13889744877815247, 0.11606736481189728, 0.14288197457790375, 0.06963180005550385, 0.048007816076278687]</LCS_MIN>
		<LCS_MAX>[0.1782255470752716, 0.15797999501228333, 0.14535881578922272, 0.19959107041358948, 0.12056876718997955, 0.09758790582418442]</LCS_MAX>
		<WAVELENGTH>[0.48, 0.56, 0.655, 0.865, 1.61, 2.2]</WAVELENGTH>
		<MEAN_VALUE>[0.16576565449754593, 0.14518651623150394, 0.1255347837001232, 0.16298048036732704, 0.08670408950357014, 0.060661880932564805]</MEAN_VALUE>
		<CHECKBOX>2</CHECKBOX>
		<SD>[0.004031467957842598, 0.004009416641909602, 0.006010695617799669, 0.013945571136201427, 0.013049507375855899, 0.010579006042155437]</SD>
		<WAVELENGTH_UNIT>E-6m</WAVELENGTH_UNIT>
		<COLOR>#7c00c1</COLOR>
		<COVARIANCE_MATRIX>[[1.3217500963946804e-05, 1.4205097613739781e-05, 2.043715176114347e-05, 2.037971898971591e-05, 3.195534736732952e-05, 2.7667072572512552e-05], [1.4205097613739781e-05, 1.6827922081574798e-05, 2.4126815333147533e-05, 2.8815731639042497e-05, 3.847412153845653e-05, 3.239158832002431e-05], [2.043715176114347e-05, 2.4126815333147533e-05, 3.6977922718506306e-05, 4.601231557899155e-05, 6.0317172028589994e-05, 5.124993185745552e-05], [2.037971898971591e-05, 2.8815731639042497e-05, 4.601231557899155e-05, 0.0001952157326741144, 0.0001540834055049345, 0.00010521385411266237], [3.195534736732952e-05, 3.847412153845653e-05, 6.0317172028589994e-05, 0.0001540834055049345, 0.00017134005611296743, 0.0001292423694394529], [2.7667072572512552e-05, 3.239158832002431e-05, 5.124993185745552e-05, 0.00010521385411266237, 0.0001292423694394529, 0.00010354904952691868]]</COVARIANCE_MATRIX>
		<ROI_SIZE>642</ROI_SIZE>
		<MAX_VALUE>[0.1782255470752716, 0.15797999501228333, 0.14535881578922272, 0.19959107041358948, 0.12056876718997955, 0.09758790582418442]</MAX_VALUE>
		<MIN_VALUE>[0.1595953404903412, 0.13889744877815247, 0.11606736481189728, 0.14288197457790375, 0.06963180005550385, 0.048007816076278687]</MIN_VALUE>
		<SIGNATURE_THRESHOLD_MD>0.0</SIGNATURE_THRESHOLD_MD>
		<SIGNATURE_THRESHOLD_ML>0.0</SIGNATURE_THRESHOLD_ML>
		<SIGNATURE_THRESHOLD_SAM>0.0</SIGNATURE_THRESHOLD_SAM>
	</signature>
	<signature ID="20210113_143306702451_313">
		<MACROCLASSID>1</MACROCLASSID>
		<MACROCLASSINFO>MC 1</MACROCLASSINFO>
		<CLASSID>10</CLASSID>
		<CLASSINFO>C 1</CLASSINFO>
		<VALUES>[0.1652831809340621, 0.001718032336392877, 0.14494944422793912, 0.0015809712512566223, 0.1250292746711978, 0.0026001149345825695, 0.1850922503274122, 0.01880088121432018, 0.07880444090357788, 0.012598585211626613, 0.04823342783095169, 0.007394238341515851]</VALUES>
		<LCS_MIN>[0.16142603754997253, 0.14053434133529663, 0.11886727809906006, 0.147943377494812, 0.05666603520512581, 0.037346601486206055]</LCS_MIN>
		<LCS_MAX>[0.170170396566391, 0.14949408173561096, 0.13394378125667572, 0.2197074145078659, 0.11714425683021545, 0.07413320243358612]</LCS_MAX>
		<WAVELENGTH>[0.48, 0.56, 0.655, 0.865, 1.61, 2.2]</WAVELENGTH>
		<MEAN_VALUE>[0.1652831809340621, 0.14494944422793912, 0.1250292746711978, 0.1850922503274122, 0.07880444090357788, 0.04823342783095169]</MEAN_VALUE>
		<CHECKBOX>2</CHECKBOX>
		<SD>[0.001718032336392877, 0.0015809712512566223, 0.0026001149345825695, 0.01880088121432018, 0.012598585211626613, 0.007394238341515851]</SD>
		<WAVELENGTH_UNIT>E-6m</WAVELENGTH_UNIT>
		<COLOR>#b4edbd</COLOR>
		<COVARIANCE_MATRIX>[[2.9730238111369545e-06, 2.509275418560719e-06, 3.583952320695971e-06, -5.328224688128103e-07, 9.171381520900468e-07, 1.8380641222393024e-06], [2.509275418560719e-06, 2.517582288419362e-06, 3.5346506592759397e-06, -1.9388517102925107e-06, -2.2926441545223497e-07, 1.0556909728620667e-06], [3.583952320695971e-06, 3.5346506592759397e-06, 6.809587375755655e-06, -1.3055324416200165e-05, -2.831699930538889e-06, 9.744969702296657e-07], [-5.328224688128103e-07, -1.9388517102925107e-06, -1.3055324416200165e-05, 0.00035603452124632895, 0.00021211053535807878, 0.00010573375038802624], [9.171381520900468e-07, -2.2926441545223497e-07, -2.831699930538889e-06, 0.00021211053535807878, 0.00015987452934496105, 8.717249147593975e-05], [1.8380641222393024e-06, 1.0556909728620667e-06, 9.744969702296657e-07, 0.00010573375038802624, 8.717249147593975e-05, 5.5070955568226054e-05]]</COVARIANCE_MATRIX>
		<ROI_SIZE>139</ROI_SIZE>
		<MAX_VALUE>[0.170170396566391, 0.14949408173561096, 0.13394378125667572, 0.2197074145078659, 0.11714425683021545, 0.07413320243358612]</MAX_VALUE>
		<MIN_VALUE>[0.16142603754997253, 0.14053434133529663, 0.11886727809906006, 0.147943377494812, 0.05666603520512581, 0.037346601486206055]</MIN_VALUE>
		<SIGNATURE_THRESHOLD_MD>0.0</SIGNATURE_THRESHOLD_MD>
		<SIGNATURE_THRESHOLD_ML>0.0</SIGNATURE_THRESHOLD_ML>
		<SIGNATURE_THRESHOLD_SAM>0.0</SIGNATURE_THRESHOLD_SAM>
	</signature>
	<signature ID="20210113_143330227721_668">
		<MACROCLASSID>1</MACROCLASSID>
		<MACROCLASSINFO>MC 1</MACROCLASSINFO>
		<CLASSID>11</CLASSID>
		<CLASSINFO>C 1</CLASSINFO>
		<VALUES>[0.16803889721631998, 0.003031796589833333, 0.14666233328451597, 0.0028469129011482732, 0.12297504330914186, 0.003227337867600939, 0.19287673183473722, 0.02130042535994123, 0.07781254686415194, 0.012257971660324433, 0.04862722861449645, 0.006447139616064988]</VALUES>
		<LCS_MIN>[0.16004760563373566, 0.13803595304489136, 0.11266438663005829, 0.16006916761398315, 0.06181357055902481, 0.039134230464696884]</LCS_MIN>
		<LCS_MAX>[0.17434875667095184, 0.15642927587032318, 0.14120201766490936, 0.24217139184474945, 0.12026724219322205, 0.07994842529296875]</LCS_MAX>
		<WAVELENGTH>[0.48, 0.56, 0.655, 0.865, 1.61, 2.2]</WAVELENGTH>
		<MEAN_VALUE>[0.16803889721631998, 0.14666233328451597, 0.12297504330914186, 0.19287673183473722, 0.07781254686415194, 0.04862722861449645]</MEAN_VALUE>
		<CHECKBOX>2</CHECKBOX>
		<SD>[0.003031796589833333, 0.0028469129011482732, 0.003227337867600939, 0.02130042535994123, 0.012257971660324433, 0.006447139616064988]</SD>
		<WAVELENGTH_UNIT>E-6m</WAVELENGTH_UNIT>
		<COLOR>#53104b</COLOR>
		<COVARIANCE_MATRIX>[[9.411022801941726e-06, 8.432826689386275e-06, 9.477103958488442e-06, 8.859445188136306e-06, 5.536703156394651e-06, 6.491755812021438e-06], [8.432826689386275e-06, 8.519732546119485e-06, 9.793632671062369e-06, 1.6378073269152083e-05, 1.056336986948736e-05, 9.141011105384678e-06], [9.477103958488442e-06, 9.793632671062369e-06, 1.321933541476028e-05, 1.3501794455805793e-05, 1.3891897651774343e-05, 1.3587792636826634e-05], [8.859445188136306e-06, 1.6378073269152083e-05, 1.3501794455805793e-05, 0.0004212907806504518, 0.00024178855528589338, 0.00012398803664837033], [5.536703156394651e-06, 1.056336986948736e-05, 1.3891897651774343e-05, 0.00024178855528589338, 0.00017406325787305832, 9.920378215610981e-05], [6.491755812021438e-06, 9.141011105384678e-06, 1.3587792636826634e-05, 0.00012398803664837033, 9.920378215610981e-05, 6.302954716375098e-05]]</COVARIANCE_MATRIX>
		<ROI_SIZE>1353</ROI_SIZE>
		<MAX_VALUE>[0.17434875667095184, 0.15642927587032318, 0.14120201766490936, 0.24217139184474945, 0.12026724219322205, 0.07994842529296875]</MAX_VALUE>
		<MIN_VALUE>[0.16004760563373566, 0.13803595304489136, 0.11266438663005829, 0.16006916761398315, 0.06181357055902481, 0.039134230464696884]</MIN_VALUE>
		<SIGNATURE_THRESHOLD_MD>0.0</SIGNATURE_THRESHOLD_MD>
		<SIGNATURE_THRESHOLD_ML>0.0</SIGNATURE_THRESHOLD_ML>
		<SIGNATURE_THRESHOLD_SAM>0.0</SIGNATURE_THRESHOLD_SAM>
	</signature>
	<signature ID="20210113_143401626868_416">
		<MACROCLASSID>1</MACROCLASSID>
		<MACROCLASSINFO>MC 1</MACROCLASSINFO>
		<CLASSID>12</CLASSID>
		<CLASSINFO>C 1</CLASSINFO>
		<VALUES>[0.15823656141757964, 0.001590414315244902, 0.13981302196329287, 0.003569188865143502, 0.11452063866636969, 0.004583676296060215, 0.14412701189517962, 0.011879997675124978, 0.061375139152461865, 0.009392041872956157, 0.04045133165337823, 0.00570476997320231]</VALUES>
		<LCS_MIN>[0.15429702401161194, 0.13026079535484314, 0.10428616404533386, 0.1258670836687088, 0.05315537005662918, 0.035795874893665314]</LCS_MIN>
		<LCS_MAX>[0.16383828222751617, 0.1484602689743042, 0.1295716017484665, 0.1816500872373581, 0.1038338840007782, 0.06472118198871613]</LCS_MAX>
		<WAVELENGTH>[0.48, 0.56, 0.655, 0.865, 1.61, 2.2]</WAVELENGTH>
		<MEAN_VALUE>[0.15823656141757964, 0.13981302196329287, 0.11452063866636969, 0.14412701189517962, 0.061375139152461865, 0.04045133165337823]</MEAN_VALUE>
		<CHECKBOX>2</CHECKBOX>
		<SD>[0.001590414315244902, 0.003569188865143502, 0.004583676296060215, 0.011879997675124978, 0.009392041872956157, 0.00570476997320231]</SD>
		<WAVELENGTH_UNIT>E-6m</WAVELENGTH_UNIT>
		<COLOR>#abee4c</COLOR>
		<COVARIANCE_MATRIX>[[2.538649141570204e-06, 5.232748662820086e-06, 6.93830452291877e-06, 6.511514584417455e-06, -4.132428159664414e-07, -2.6856596946345235e-07], [5.232748662820086e-06, 1.278560193895828e-05, 1.5894262105575763e-05, 8.750512279220857e-06, -6.576705345651135e-06, -4.350244125816971e-06], [6.93830452291877e-06, 1.5894262105575763e-05, 2.10867674468318e-05, 1.5938596334308386e-05, -4.1069911276281346e-06, -2.6352688564657e-06], [6.511514584417455e-06, 8.750512279220857e-06, 1.5938596334308386e-05, 0.00014164943422656506, 8.841430098982528e-05, 4.913416341878474e-05], [-4.132428159664414e-07, -6.576705345651135e-06, -4.1069911276281346e-06, 8.841430098982528e-05, 8.853238978190348e-05, 5.28159253008198e-05], [-2.6856596946345235e-07, -4.350244125816971e-06, -2.6352688564657e-06, 4.913416341878474e-05, 5.28159253008198e-05, 3.266317435191013e-05]]</COVARIANCE_MATRIX>
		<ROI_SIZE>275</ROI_SIZE>
		<MAX_VALUE>[0.16383828222751617, 0.1484602689743042, 0.1295716017484665, 0.1816500872373581, 0.1038338840007782, 0.06472118198871613]</MAX_VALUE>
		<MIN_VALUE>[0.15429702401161194, 0.13026079535484314, 0.10428616404533386, 0.1258670836687088, 0.05315537005662918, 0.035795874893665314]</MIN_VALUE>
		<SIGNATURE_THRESHOLD_MD>0.0</SIGNATURE_THRESHOLD_MD>
		<SIGNATURE_THRESHOLD_ML>0.0</SIGNATURE_THRESHOLD_ML>
		<SIGNATURE_THRESHOLD_SAM>0.0</SIGNATURE_THRESHOLD_SAM>
	</signature>
	<signature ID="20210113_143418596804_342">
		<MACROCLASSID>1</MACROCLASSID>
		<MACROCLASSINFO>MC 1</MACROCLASSINFO>
		<CLASSID>13</CLASSID>
		<CLASSINFO>C 1</CLASSINFO>
		<VALUES>[0.16015935859224137, 0.005038918705784512, 0.1474388094756428, 0.006217786992743327, 0.1137423661581221, 0.008452374745390548, 0.12563146573285136, 0.013279780846976454, 0.07007369056544051, 0.00997948021385523, 0.04977211621183678, 0.006866942245279487]</VALUES>
		<LCS_MIN>[0.14591878652572632, 0.12804239988327026, 0.09424954652786255, 0.10939063131809235, 0.056429117918014526, 0.03993113711476326]</LCS_MIN>
		<LCS_MAX>[0.17111806571483612, 0.15940149128437042, 0.14456193149089813, 0.16401058435440063, 0.10557844489812851, 0.07572700083255768]</LCS_MAX>
		<WAVELENGTH>[0.48, 0.56, 0.655, 0.865, 1.61, 2.2]</WAVELENGTH>
		<MEAN_VALUE>[0.16015935859224137, 0.1474388094756428, 0.1137423661581221, 0.12563146573285136, 0.07007369056544051, 0.04977211621183678]</MEAN_VALUE>
		<CHECKBOX>2</CHECKBOX>
		<SD>[0.005038918705784512, 0.006217786992743327, 0.008452374745390548, 0.013279780846976454, 0.00997948021385523, 0.006866942245279487]</SD>
		<WAVELENGTH_UNIT>E-6m</WAVELENGTH_UNIT>
		<COLOR>#f9e020</COLOR>
		<COVARIANCE_MATRIX>[[2.547619260440115e-05, 3.0317154596559703e-05, 3.9166639908216894e-05, -1.9014787540072575e-06, 1.9005558442586334e-06, 8.300350600620732e-06], [3.0317154596559703e-05, 3.879104770021513e-05, 4.2906958697130904e-05, -1.2488582797232084e-05, -5.988510110910283e-06, 3.838367774733342e-06], [3.9166639908216894e-05, 4.2906958697130904e-05, 7.168318552430719e-05, 3.155472586513497e-05, 2.9414122764137574e-05, 3.085171556449495e-05], [-1.9014787540072575e-06, -1.2488582797232084e-05, 3.155472586513497e-05, 0.0001769463560776785, 0.00012570568651426584, 7.945896504679695e-05], [1.9005558442586334e-06, -5.988510110910283e-06, 2.9414122764137574e-05, 0.00012570568651426584, 9.9925346148666e-05, 6.61239173496142e-05], [8.300350600620732e-06, 3.838367774733342e-06, 3.085171556449495e-05, 7.945896504679695e-05, 6.61239173496142e-05, 4.7313667892012745e-05]]</COVARIANCE_MATRIX>
		<ROI_SIZE>298</ROI_SIZE>
		<MAX_VALUE>[0.17111806571483612, 0.15940149128437042, 0.14456193149089813, 0.16401058435440063, 0.10557844489812851, 0.07572700083255768]</MAX_VALUE>
		<MIN_VALUE>[0.14591878652572632, 0.12804239988327026, 0.09424954652786255, 0.10939063131809235, 0.056429117918014526, 0.03993113711476326]</MIN_VALUE>
		<SIGNATURE_THRESHOLD_MD>0.0</SIGNATURE_THRESHOLD_MD>
		<SIGNATURE_THRESHOLD_ML>0.0</SIGNATURE_THRESHOLD_ML>
		<SIGNATURE_THRESHOLD_SAM>0.0</SIGNATURE_THRESHOLD_SAM>
	</signature>
	<signature ID="20210113_143433334155_206">
		<MACROCLASSID>1</MACROCLASSID>
		<MACROCLASSINFO>MC 1</MACROCLASSINFO>
		<CLASSID>14</CLASSID>
		<CLASSINFO>C 1</CLASSINFO>
		<VALUES>[0.15977059059832088, 0.002868925282177548, 0.15163593389856012, 0.0038853540002047743, 0.1346821937816241, 0.0028445771808152925, 0.12069563028314638, 0.015722632996341808, 0.05811528829246547, 0.012076824777042462, 0.04095586097152154, 0.008148476690901515]</VALUES>
		<LCS_MIN>[0.1484818160533905, 0.13689444959163666, 0.12102106958627701, 0.10344620794057846, 0.0469093881547451, 0.033555932343006134]</LCS_MIN>
		<LCS_MAX>[0.1716134399175644, 0.1622444987297058, 0.15123863518238068, 0.1882191300392151, 0.12345483899116516, 0.09577872604131699]</LCS_MAX>
		<WAVELENGTH>[0.48, 0.56, 0.655, 0.865, 1.61, 2.2]</WAVELENGTH>
		<MEAN_VALUE>[0.15977059059832088, 0.15163593389856012, 0.1346821937816241, 0.12069563028314638, 0.05811528829246547, 0.04095586097152154]</MEAN_VALUE>
		<CHECKBOX>2</CHECKBOX>
		<SD>[0.002868925282177548, 0.0038853540002047743, 0.0028445771808152925, 0.015722632996341808, 0.012076824777042462, 0.008148476690901515]</SD>
		<WAVELENGTH_UNIT>E-6m</WAVELENGTH_UNIT>
		<COLOR>#b7cbda</COLOR>
		<COVARIANCE_MATRIX>[[7.5030206971860025e-06, 9.20049387787003e-06, 4.91358377985307e-06, -3.7951301692373818e-06, 2.8141380781221415e-08, 1.48051003634464e-06], [9.20049387787003e-06, 1.4242102224670816e-05, 6.102946827013511e-06, -1.928441270138137e-05, -8.470793545711786e-06, -3.5258767638879362e-06], [4.91358377985307e-06, 6.102946827013511e-06, 8.409386282437481e-06, -7.64703599998029e-06, -1.3969854535389459e-06, 1.8864850517275045e-06], [-3.7951301692373818e-06, -1.928441270138137e-05, -7.64703599998029e-06, 0.00023257781867869198, 0.00016568602586630732, 0.00010415321594337001], [2.8141380781221415e-08, -8.470793545711786e-06, -1.3969854535389459e-06, 0.00016568602586630732, 0.00013244751607999206, 8.706998778507113e-05], [1.48051003634464e-06, -3.5258767638879362e-06, 1.8864850517275045e-06, 0.00010415321594337001, 8.706998778507113e-05, 5.937695095781237e-05]]</COVARIANCE_MATRIX>
		<ROI_SIZE>5200</ROI_SIZE>
		<MAX_VALUE>[0.1716134399175644, 0.1622444987297058, 0.15123863518238068, 0.1882191300392151, 0.12345483899116516, 0.09577872604131699]</MAX_VALUE>
		<MIN_VALUE>[0.1484818160533905, 0.13689444959163666, 0.12102106958627701, 0.10344620794057846, 0.0469093881547451, 0.033555932343006134]</MIN_VALUE>
		<SIGNATURE_THRESHOLD_MD>0.0</SIGNATURE_THRESHOLD_MD>
		<SIGNATURE_THRESHOLD_ML>0.0</SIGNATURE_THRESHOLD_ML>
		<SIGNATURE_THRESHOLD_SAM>0.0</SIGNATURE_THRESHOLD_SAM>
	</signature>
	<signature ID="20210113_143454117579_277">
		<MACROCLASSID>1</MACROCLASSID>
		<MACROCLASSINFO>MC 1</MACROCLASSINFO>
		<CLASSID>15</CLASSID>
		<CLASSINFO>C 1</CLASSINFO>
		<VALUES>[0.1648299269880988, 0.002972554665299519, 0.15854699751228873, 0.003473384789101275, 0.1540391589448251, 0.005529548208645204, 0.14508770238646188, 0.010686360543596861, 0.06274251686313889, 0.009139523048102382, 0.04383989860796983, 0.005607462031249911]</VALUES>
		<LCS_MIN>[0.15233708918094635, 0.13717442750930786, 0.1256086230278015, 0.12509173154830933, 0.054469164460897446, 0.037906575947999954]</LCS_MIN>
		<LCS_MAX>[0.17098885774612427, 0.16607820987701416, 0.16472133994102478, 0.18802528083324432, 0.10594458878040314, 0.07538241147994995]</LCS_MAX>
		<WAVELENGTH>[0.48, 0.56, 0.655, 0.865, 1.61, 2.2]</WAVELENGTH>
		<MEAN_VALUE>[0.1648299269880988, 0.15854699751228873, 0.1540391589448251, 0.14508770238646188, 0.06274251686313889, 0.04383989860796983]</MEAN_VALUE>
		<CHECKBOX>2</CHECKBOX>
		<SD>[0.002972554665299519, 0.003473384789101275, 0.005529548208645204, 0.010686360543596861, 0.009139523048102382, 0.005607462031249911]</SD>
		<WAVELENGTH_UNIT>E-6m</WAVELENGTH_UNIT>
		<COLOR>#032c7d</COLOR>
		<COVARIANCE_MATRIX>[[8.122991857817397e-06, 7.79338733991608e-06, 1.2235818758199457e-05, -1.1381154763512313e-05, -8.938502105593216e-06, -3.040925548702944e-06], [7.79338733991608e-06, 9.856072210823186e-06, 1.4596660548704676e-05, -1.673807855695486e-05, -1.2780466022377368e-05, -5.719541604776168e-06], [1.2235818758199457e-05, 1.4596660548704676e-05, 2.529106495785527e-05, -2.379244142503012e-05, -2.0326322555774823e-05, -8.894347047316842e-06], [-1.1381154763512313e-05, -1.673807855695486e-05, -2.379244142503012e-05, 0.00012176182644907385, 9.193232835968956e-05, 5.2492570830509067e-05], [-8.938502105593216e-06, -1.2780466022377368e-05, -2.0326322555774823e-05, 9.193232835968956e-05, 8.248629455920309e-05, 4.946766057400964e-05], [-3.040925548702944e-06, -5.719541604776168e-06, -8.894347047316842e-06, 5.2492570830509067e-05, 4.946766057400964e-05, 3.1475399737246335e-05]]</COVARIANCE_MATRIX>
		<ROI_SIZE>3502</ROI_SIZE>
		<MAX_VALUE>[0.17098885774612427, 0.16607820987701416, 0.16472133994102478, 0.18802528083324432, 0.10594458878040314, 0.07538241147994995]</MAX_VALUE>
		<MIN_VALUE>[0.15233708918094635, 0.13717442750930786, 0.1256086230278015, 0.12509173154830933, 0.054469164460897446, 0.037906575947999954]</MIN_VALUE>
		<SIGNATURE_THRESHOLD_MD>0.0</SIGNATURE_THRESHOLD_MD>
		<SIGNATURE_THRESHOLD_ML>0.0</SIGNATURE_THRESHOLD_ML>
		<SIGNATURE_THRESHOLD_SAM>0.0</SIGNATURE_THRESHOLD_SAM>
	</signature>
	<signature ID="20210113_143508369585_677">
		<MACROCLASSID>1</MACROCLASSID>
		<MACROCLASSINFO>MC 1</MACROCLASSINFO>
		<CLASSID>16</CLASSID>
		<CLASSINFO>C 1</CLASSINFO>
		<VALUES>[0.14194537243909305, 0.0030681522619334066, 0.1204193257830209, 0.0029201922687295584, 0.09564585393915574, 0.0036772062987111896, 0.12250957244800202, 0.011430214608210884, 0.06448868928063246, 0.008981579203101667, 0.0445005647941596, 0.005637311534029734]</VALUES>
		<LCS_MIN>[0.13799288868904114, 0.11651965975761414, 0.09134193509817123, 0.10958448052406311, 0.05502915382385254, 0.03859579190611839]</LCS_MIN>
