<?xml version="1.0" ?>
<signaturelist MCID_LIST="[['1', 'waterbody', '#000000'], ['2', 'vegetation', '#000000'], ['3', 'bareland', '#000000'], ['4', 'built-up', '#000000']]">
	<signature ID="20210215_111216422444_608">
		<MACROCLASSID>1</MACROCLASSID>
		<MACROCLASSINFO>waterbody</MACROCLASSINFO>
		<CLASSID>1</CLASSID>
		<CLASSINFO>C 1</CLASSINFO>
		<VALUES>[0.09635549092360303, 0.0024748493940587183, 0.07952723517077816, 0.0034652172278518147, 0.061798104477315416, 0.004449188839969699, 0.05512290166731231, 0.006550074186297948, 0.025059731911204128, 0.008320828170781397, 0.01830900141376575, 0.007300966921820205]</VALUES>
		<LCS_MIN>[0.08964947611093521, 0.07140529155731201, 0.05227793753147125, 0.04155515134334564, 0.007910898886620998, 0.004953708499670029]</LCS_MIN>
		<LCS_MAX>[0.11098942905664444, 0.10110928118228912, 0.08482750505208969, 0.08850555121898651, 0.05829065665602684, 0.04836362227797508]</LCS_MAX>
		<WAVELENGTH>[0.485, 0.56, 0.66, 0.83, 1.65, 2.215]</WAVELENGTH>
		<MEAN_VALUE>[0.09635549092360303, 0.07952723517077816, 0.061798104477315416, 0.05512290166731231, 0.025059731911204128, 0.01830900141376575]</MEAN_VALUE>
		<CHECKBOX>2</CHECKBOX>
		<SD>[0.0024748493940587183, 0.0034652172278518147, 0.004449188839969699, 0.006550074186297948, 0.008320828170781397, 0.007300966921820205]</SD>
		<WAVELENGTH_UNIT>E-6m</WAVELENGTH_UNIT>
		<COLOR>#ce749c</COLOR>
		<COVARIANCE_MATRIX>[[5.517686359332818e-06, 4.599398623929667e-06, 6.3907676429955475e-06, 8.929676178354088e-06, 9.32238195614642e-06, 6.893205590586444e-06], [4.599398623929667e-06, 1.2214252816126395e-05, 1.2633261456766479e-05, 1.6241526112870933e-05, 1.918583745292618e-05, 1.5364552112514314e-05], [6.3907676429955475e-06, 1.2633261456766479e-05, 2.132806841239734e-05, 2.467823617211897e-05, 3.0260233761790122e-05, 2.4647836003252708e-05], [8.929676178354088e-06, 1.6241526112870933e-05, 2.467823617211897e-05, 4.201187839190101e-05, 4.426583531513976e-05, 3.497130146472407e-05], [9.32238195614642e-06, 1.918583745292618e-05, 3.0260233761790122e-05, 4.426583531513976e-05, 7.261723292863097e-05, 5.558657433465002e-05], [6.893205590586444e-06, 1.5364552112514314e-05, 2.4647836003252708e-05, 3.497130146472407e-05, 5.558657433465002e-05, 5.700977207921257e-05]]</COVARIANCE_MATRIX>
		<ROI_SIZE>1449</ROI_SIZE>
		<MAX_VALUE>[0.11098942905664444, 0.10110928118228912, 0.08482750505208969, 0.08850555121898651, 0.05829065665602684, 0.04836362227797508]</MAX_VALUE>
		<MIN_VALUE>[0.08964947611093521, 0.07140529155731201, 0.05227793753147125, 0.04155515134334564, 0.007910898886620998, 0.004953708499670029]</MIN_VALUE>
		<SIGNATURE_THRESHOLD_MD>0</SIGNATURE_THRESHOLD_MD>
		<SIGNATURE_THRESHOLD_ML>0</SIGNATURE_THRESHOLD_ML>
		<SIGNATURE_THRESHOLD_SAM>0</SIGNATURE_THRESHOLD_SAM>
	</signature>
	<signature ID="20210215_111350458167_425">
		<MACROCLASSID>1</MACROCLASSID>
		<MACROCLASSINFO>waterbody</MACROCLASSINFO>
		<CLASSID>2</CLASSID>
		<CLASSINFO>C 1</CLASSINFO>
		<VALUES>[0.09379262236263139, 0.00228260476240845, 0.07808011193817811, 0.0033977659336653157, 0.06322995570701212, 0.005792386715342151, 0.061209986420825736, 0.012432318128916304, 0.028532857238798972, 0.01095810538338056, 0.02149559355902273, 0.00918964100633272]</VALUES>
		<LCS_MIN>[0.08680415898561478, 0.06843488663434982, 0.05227793753147125, 0.04155515134334564, 0.013956468552350998, 0.007847703993320465]</LCS_MIN>
		<LCS_MAX>[0.10387612879276276, 0.08922768384218216, 0.08482750505208969, 0.0916355773806572, 0.05829065665602684, 0.05125762149691582]</LCS_MAX>
		<WAVELENGTH>[0.485, 0.56, 0.66, 0.83, 1.65, 2.215]</WAVELENGTH>
		<MEAN_VALUE>[0.09379262236263139, 0.07808011193817811, 0.06322995570701212, 0.061209986420825736, 0.028532857238798972, 0.02149559355902273]</MEAN_VALUE>
		<CHECKBOX>2</CHECKBOX>
		<SD>[0.00228260476240845, 0.0033977659336653157, 0.005792386715342151, 0.012432318128916304, 0.01095810538338056, 0.00918964100633272]</SD>
		<WAVELENGTH_UNIT>E-6m</WAVELENGTH_UNIT>
		<COLOR>#66239e</COLOR>
		<COVARIANCE_MATRIX>[[4.976193491307211e-06, 4.006231601591185e-06, 7.633653155876328e-06, 1.214288496128629e-05, 1.0758079456999473e-05, 8.563419721691284e-06], [4.006231601591185e-06, 1.0474717990778895e-05, 1.3774249111534171e-05, 1.854194951049955e-05, 1.6636695021350393e-05, 1.493689069427308e-05], [7.633653155876328e-06, 1.3774249111534171e-05, 3.090944150415005e-05, 4.7578333157696415e-05, 4.245964565812607e-05, 3.646343420292031e-05], [1.214288496128629e-05, 1.854194951049955e-05, 4.7578333157696415e-05, 0.00012743345390131536, 0.00010531800224955027, 8.295979244582634e-05], [1.0758079456999473e-05, 1.6636695021350393e-05, 4.245964565812607e-05, 0.00010531800224955027, 0.00010606286527581752, 8.250408615640644e-05], [8.563419721691284e-06, 1.493689069427308e-05, 3.646343420292031e-05, 8.295979244582634e-05, 8.250408615640644e-05, 7.840026311734903e-05]]</COVARIANCE_MATRIX>
		<ROI_SIZE>955</ROI_SIZE>
		<MAX_VALUE>[0.10387612879276276, 0.08922768384218216, 0.08482750505208969, 0.0916355773806572, 0.05829065665602684, 0.05125762149691582]</MAX_VALUE>
		<MIN_VALUE>[0.08680415898561478, 0.06843488663434982, 0.05227793753147125, 0.04155515134334564, 0.013956468552350998, 0.007847703993320465]</MIN_VALUE>
		<SIGNATURE_THRESHOLD_MD>0</SIGNATURE_THRESHOLD_MD>
		<SIGNATURE_THRESHOLD_ML>0</SIGNATURE_THRESHOLD_ML>
		<SIGNATURE_THRESHOLD_SAM>0</SIGNATURE_THRESHOLD_SAM>
	</signature>
	<signature ID="20210215_111356402279_626">
		<MACROCLASSID>1</MACROCLASSID>
		<MACROCLASSINFO>waterbody</MACROCLASSINFO>
		<CLASSID>3</CLASSID>
		<CLASSINFO>C 1</CLASSINFO>
		<VALUES>[0.09654955216925803, 0.0029193060009882975, 0.07954554407134144, 0.005518095343148045, 0.05703535795180771, 0.006830310742561416, 0.046637916494106625, 0.006407189958818489, 0.021067671214749333, 0.007268985086931642, 0.01534678436050517, 0.006793330307691318]</VALUES>
		<LCS_MIN>[0.08680415898561478, 0.07140529155731201, 0.04727031663060188, 0.03216507285833359, 0.003880518488585949, 0.0020597148686647415]</LCS_MIN>
		<LCS_MAX>[0.10956677049398422, 0.10407969355583191, 0.08733133226633072, 0.08224549889564514, 0.056275468319654465, 0.045469626784324646]</LCS_MAX>
		<WAVELENGTH>[0.485, 0.56, 0.66, 0.83, 1.65, 2.215]</WAVELENGTH>
		<MEAN_VALUE>[0.09654955216925803, 0.07954554407134144, 0.05703535795180771, 0.046637916494106625, 0.021067671214749333, 0.01534678436050517]</MEAN_VALUE>
		<CHECKBOX>2</CHECKBOX>
		<SD>[0.0029193060009882975, 0.005518095343148045, 0.006830310742561416, 0.006407189958818489, 0.007268985086931642, 0.006793330307691318]</SD>
		<WAVELENGTH_UNIT>E-6m</WAVELENGTH_UNIT>
		<COLOR>#4759a4</COLOR>
		<COVARIANCE_MATRIX>[[8.528265824300264e-06, 1.0731796701555373e-05, 1.2408954904795395e-05, 1.0389524975050163e-05, 9.306044156845649e-06, 8.285001705870389e-06], [1.0731796701555373e-05, 3.0470521616222185e-05, 3.2531212462940346e-05, 2.251610929395202e-05, 2.115761860488439e-05, 1.8381379346000585e-05], [1.2408954904795395e-05, 3.2531212462940346e-05, 4.6685542857199884e-05, 3.569557410712588e-05, 3.502931294713272e-05, 3.0600051589834555e-05], [1.0389524975050163e-05, 2.251610929395202e-05, 3.569557410712588e-05, 4.108059155947363e-05, 3.712552075859439e-05, 3.2505763800715426e-05], [9.306044156845649e-06, 2.115761860488439e-05, 3.502931294713272e-05, 3.712552075859439e-05, 5.2874837349724866e-05, 4.227540484559225e-05], [8.285001705870389e-06, 1.8381379346000585e-05, 3.0600051589834555e-05, 3.2505763800715426e-05, 4.227540484559225e-05, 4.61813848198623e-05]]</COVARIANCE_MATRIX>
		<ROI_SIZE>1441</ROI_SIZE>
		<MAX_VALUE>[0.10956677049398422, 0.10407969355583191, 0.08733133226633072, 0.08224549889564514, 0.056275468319654465, 0.045469626784324646]</MAX_VALUE>
		<MIN_VALUE>[0.08680415898561478, 0.07140529155731201, 0.04727031663060188, 0.03216507285833359, 0.003880518488585949, 0.0020597148686647415]</MIN_VALUE>
		<SIGNATURE_THRESHOLD_MD>0</SIGNATURE_THRESHOLD_MD>
		<SIGNATURE_THRESHOLD_ML>0</SIGNATURE_THRESHOLD_ML>
		<SIGNATURE_THRESHOLD_SAM>0</SIGNATURE_THRESHOLD_SAM>
	</signature>
	<signature ID="20210215_111359665878_123">
		<MACROCLASSID>1</MACROCLASSID>
		<MACROCLASSINFO>waterbody</MACROCLASSINFO>
		<CLASSID>4</CLASSID>
		<CLASSINFO>C 1</CLASSINFO>
		<VALUES>[0.10955268557709043, 0.0017162676359292251, 0.12196089902726734, 0.0030136167291777093, 0.1150467907733256, 0.0028679653310591633, 0.0698803449695063, 0.01059272173888999, 0.03368937264722173, 0.011665711291898176, 0.024839175136593887, 0.009274590567705942]</VALUES>
		<LCS_MIN>[0.10529878735542297, 0.11299087852239609, 0.10986564308404922, 0.057205282151699066, 0.017986848950386047, 0.010741699486970901]</LCS_MIN>
		<LCS_MAX>[0.11383476108312607, 0.12784288823604584, 0.12739233672618866, 0.10102565586566925, 0.06836661696434021, 0.05993959680199623]</LCS_MAX>
		<WAVELENGTH>[0.485, 0.56, 0.66, 0.83, 1.65, 2.215]</WAVELENGTH>
		<MEAN_VALUE>[0.10955268557709043, 0.12196089902726734, 0.1150467907733256, 0.0698803449695063, 0.03368937264722173, 0.024839175136593887]</MEAN_VALUE>
		<CHECKBOX>2</CHECKBOX>
		<SD>[0.0017162676359292251, 0.0030136167291777093, 0.0028679653310591633, 0.01059272173888999, 0.011665711291898176, 0.009274590567705942]</SD>
		<WAVELENGTH_UNIT>E-6m</WAVELENGTH_UNIT>
		<COLOR>#cc7544</COLOR>
		<COVARIANCE_MATRIX>[[2.9750303441194717e-06, 1.2263397599408826e-06, -2.8249614543162797e-07, -2.5805166629227973e-06, -2.1561600666356313e-06, -3.0520067419644846e-06], [1.2263397599408826e-06, 9.172704648283536e-06, -1.0515317518794232e-06, -2.2787898906166364e-05, -2.4158220845608963e-05, -1.8889766921849403e-05], [-2.8249614543162797e-07, -1.0515317518794232e-06, 8.307477391558873e-06, 1.2590430273920341e-05, 1.0316142211723557e-05, 7.963459147826074e-06], [-2.5805166629227973e-06, -2.2787898906166364e-05, 1.2590430273920341e-05, 0.00011332781137592819, 0.00011379159055391638, 8.54778627832751e-05], [-2.1561600666356313e-06, -2.4158220845608963e-05, 1.0316142211723557e-05, 0.00011379159055391638, 0.00013744970814537984, 0.00010032684710128174], [-3.0520067419644846e-06, -1.8889766921849403e-05, 7.963459147826074e-06, 8.54778627832751e-05, 0.00010032684710128174, 8.687821050056592e-05]]</COVARIANCE_MATRIX>
		<ROI_SIZE>101</ROI_SIZE>
		<MAX_VALUE>[0.11383476108312607, 0.12784288823604584, 0.12739233672618866, 0.10102565586566925, 0.06836661696434021, 0.05993959680199623]</MAX_VALUE>
		<MIN_VALUE>[0.10529878735542297, 0.11299087852239609, 0.10986564308404922, 0.057205282151699066, 0.017986848950386047, 0.010741699486970901]</MIN_VALUE>
		<SIGNATURE_THRESHOLD_MD>0</SIGNATURE_THRESHOLD_MD>
		<SIGNATURE_THRESHOLD_ML>0</SIGNATURE_THRESHOLD_ML>
		<SIGNATURE_THRESHOLD_SAM>0</SIGNATURE_THRESHOLD_SAM>
	</signature>
	<signature ID="20210215_111408928988_493">
		<MACROCLASSID>1</MACROCLASSID>
		<MACROCLASSINFO>waterbody</MACROCLASSINFO>
		<CLASSID>5</CLASSID>
		<CLASSINFO>C 1</CLASSINFO>
		<VALUES>[0.10339033403774586, 0.003136000724565999, 0.09408175836249094, 0.004136564975833926, 0.08085804741557054, 0.0049762498403399915, 0.10652228817343712, 0.026075942704176253, 0.07593585814281209, 0.024454281011024204, 0.054716292450704224, 0.016780292228687977]</VALUES>
		<LCS_MIN>[0.0981854721903801, 0.08625729382038116, 0.07230845093727112, 0.06033530458807945, 0.03209318220615387, 0.0223176758736372]</LCS_MIN>
		<LCS_MAX>[0.10956677049398422, 0.10110928118228912, 0.09484276175498962, 0.15736612677574158, 0.12680712342262268, 0.09177353978157043]</LCS_MAX>
		<WAVELENGTH>[0.485, 0.56, 0.66, 0.83, 1.65, 2.215]</WAVELENGTH>
		<MEAN_VALUE>[0.10339033403774586, 0.09408175836249094, 0.08085804741557054, 0.10652228817343712, 0.07593585814281209, 0.054716292450704224]</MEAN_VALUE>
		<CHECKBOX>2</CHECKBOX>
		<SD>[0.003136000724565999, 0.004136564975833926, 0.0049762498403399915, 0.026075942704176253, 0.024454281011024204, 0.016780292228687977]</SD>
		<WAVELENGTH_UNIT>E-6m</WAVELENGTH_UNIT>
		<COLOR>#f37254</COLOR>
		<COVARIANCE_MATRIX>[[1.0080363058090412e-05, 1.0551815968840567e-05, -1.531255843669532e-06, -4.669103397514295e-05, -4.704748068210338e-05, -3.039180133058493e-05], [1.0551815968840567e-05, 1.753894904427834e-05, 3.387605374661329e-06, -3.3856270236181505e-05, -4.394543920700472e-05, -2.8598509298232225e-05], [-1.531255843669532e-06, 3.387605374661329e-06, 2.538213903532088e-05, 8.623569846298239e-05, 7.103614641183059e-05, 5.0664728389520115e-05], [-4.669103397514295e-05, -3.3856270236181505e-05, 8.623569846298239e-05, 0.00069695365760927, 0.0005956834796760293, 0.00039108012632862603], [-4.704748068210338e-05, -4.394543920700472e-05, 7.103614641183059e-05, 0.0005956834796760293, 0.0006129621562602926, 0.00039350364528923363], [-3.039180133058493e-05, -2.8598509298232225e-05, 5.0664728389520115e-05, 0.00039108012632862603, 0.00039350364528923363, 0.00028861766246217026]]</COVARIANCE_MATRIX>
		<ROI_SIZE>41</ROI_SIZE>
		<MAX_VALUE>[0.10956677049398422, 0.10110928118228912, 0.09484276175498962, 0.15736612677574158, 0.12680712342262268, 0.09177353978157043]</MAX_VALUE>
		<MIN_VALUE>[0.0981854721903801, 0.08625729382038116, 0.07230845093727112, 0.06033530458807945, 0.03209318220615387, 0.0223176758736372]</MIN_VALUE>
		<SIGNATURE_THRESHOLD_MD>0</SIGNATURE_THRESHOLD_MD>
		<SIGNATURE_THRESHOLD_ML>0</SIGNATURE_THRESHOLD_ML>
		<SIGNATURE_THRESHOLD_SAM>0</SIGNATURE_THRESHOLD_SAM>
	</signature>
	<signature ID="20210215_111429346987_567">
		<MACROCLASSID>1</MACROCLASSID>
		<MACROCLASSINFO>waterbody</MACROCLASSINFO>
		<CLASSID>6</CLASSID>
		<CLASSINFO>C 1</CLASSINFO>
		<VALUES>[0.11759638710547303, 0.005677154837312734, 0.11294053722236116, 0.007077830719760358, 0.10986564005330457, 0.008323377091136923, 0.14919622936996357, 0.01567681318202758, 0.13500451220799295, 0.017417969261867988, 0.10810744067875007, 0.01461893746715727]</VALUES>
		<LCS_MIN>[0.10529878735542297, 0.09813889116048813, 0.08983513712882996, 0.1104157343506813, 0.08851850777864456, 0.07151558250188828]</LCS_MIN>
		<LCS_MAX>[0.1280614137649536, 0.12784288823604584, 0.12739233672618866, 0.17614628374576569, 0.16106535494327545, 0.13228948414325714]</LCS_MAX>
		<WAVELENGTH>[0.485, 0.56, 0.66, 0.83, 1.65, 2.215]</WAVELENGTH>
		<MEAN_VALUE>[0.11759638710547303, 0.11294053722236116, 0.10986564005330457, 0.14919622936996357, 0.13500451220799295, 0.10810744067875007]</MEAN_VALUE>
		<CHECKBOX>2</CHECKBOX>
		<SD>[0.005677154837312734, 0.007077830719760358, 0.008323377091136923, 0.01567681318202758, 0.017417969261867988, 0.01461893746715727]</SD>
		<WAVELENGTH_UNIT>E-6m</WAVELENGTH_UNIT>
		<COLOR>#c6b29e</COLOR>
		<COVARIANCE_MATRIX>[[3.2785778202803066e-05, 3.727839424936076e-05, 4.243793982800384e-05, -3.100296302991796e-05, -1.3275720041390452e-05, 1.1537034900838516e-05], [3.727839424936076e-05, 5.095940645099006e-05, 5.565167820175891e-05, -4.12950023748593e-05, -2.0427668726535097e-05, 1.195248701450125e-05], [4.243793982800384e-05, 5.565167820175891e-05, 7.047306492887092e-05, -2.4456810756411172e-05, -5.567591799980512e-06, 3.3106852687858836e-05], [-3.100296302991796e-05, -4.12950023748593e-05, -2.4456810756411172e-05, 0.00024999975553633504, 0.0001810107455284668, 0.00012606414775165927], [-1.3275720041390452e-05, -2.0427668726535097e-05, -5.567591799980512e-06, 0.0001810107455284668, 0.0003086164403316432, 0.00023533166424461043], [1.1537034900838516e-05, 1.195248701450125e-05, 3.3106852687858836e-05, 0.00012606414775165927, 0.00023533166424461043, 0.00021739804530087283]]</COVARIANCE_MATRIX>
		<ROI_SIZE>59</ROI_SIZE>
		<MAX_VALUE>[0.1280614137649536, 0.12784288823604584, 0.12739233672618866, 0.17614628374576569, 0.16106535494327545, 0.13228948414325714]</MAX_VALUE>
		<MIN_VALUE>[0.10529878735542297, 0.09813889116048813, 0.08983513712882996, 0.1104157343506813, 0.08851850777864456, 0.07151558250188828]</MIN_VALUE>
		<SIGNATURE_THRESHOLD_MD>0</SIGNATURE_THRESHOLD_MD>
		<SIGNATURE_THRESHOLD_ML>0</SIGNATURE_THRESHOLD_ML>
		<SIGNATURE_THRESHOLD_SAM>0</SIGNATURE_THRESHOLD_SAM>
	</signature>
	<signature ID="20210215_111438671574_424">
		<MACROCLASSID>1</MACROCLASSID>
		<MACROCLASSINFO>waterbody</MACROCLASSINFO>
		<CLASSID>7</CLASSID>
		<CLASSINFO>C 1</CLASSINFO>
		<VALUES>[0.11137590879999748, 0.004384268861154952, 0.10025559078286013, 0.007351999959586707, 0.0774836488009438, 0.008942280576253889, 0.06796321177517803, 0.011988953216562428, 0.044390602814634944, 0.01568996667171567, 0.03534064859181175, 0.01373042140151942]</VALUES>
		<LCS_MIN>[0.10103078931570053, 0.08625729382038116, 0.062293197959661484, 0.04781520366668701, 0.020002039149403572, 0.010741699486970901]</LCS_MIN>
		<LCS_MAX>[0.12237075716257095, 0.11893168836832047, 0.10235421359539032, 0.10102565586566925, 0.08045773953199387, 0.07440955936908722]</LCS_MAX>
		<WAVELENGTH>[0.485, 0.56, 0.66, 0.83, 1.65, 2.215]</WAVELENGTH>
		<MEAN_VALUE>[0.11137590879999748, 0.10025559078286013, 0.0774836488009438, 0.06796321177517803, 0.044390602814634944, 0.03534064859181175]</MEAN_VALUE>
		<CHECKBOX>2</CHECKBOX>
		<SD>[0.004384268861154952, 0.007351999959586707, 0.008942280576253889, 0.011988953216562428, 0.01568996667171567, 0.01373042140151942]</SD>
		<WAVELENGTH_UNIT>E-6m</WAVELENGTH_UNIT>
		<COLOR>#b05d62</COLOR>
		<COVARIANCE_MATRIX>[[1.9297788994113673e-05, 2.81752753803452e-05, 3.136017679392803e-05, 2.7401585848523767e-05, 2.6447652859333407e-05, 2.5541171874476763e-05], [2.81752753803452e-05, 5.4265547292742406e-05, 5.914247992574943e-05, 5.493573052174739e-05, 5.5919193002730366e-05, 5.122113993871102e-05], [3.136017679392803e-05, 5.914247992574943e-05, 8.028044665505808e-05, 8.566711388309618e-05, 9.475587152474179e-05, 8.564908554262697e-05], [2.7401585848523767e-05, 5.493573052174739e-05, 8.566711388309618e-05, 0.00014430312175551897, 0.00016438744359853052, 0.00013764644841539374], [2.6447652859333407e-05, 5.5919193002730366e-05, 9.475587152474179e-05, 0.00016438744359853052, 0.00024714807808903284, 0.00020082188144895298], [2.5541171874476763e-05, 5.122113993871102e-05, 8.564908554262697e-05, 0.00013764644841539374, 0.00020082188144895298, 0.00018926962787857242]]</COVARIANCE_MATRIX>
		<ROI_SIZE>254</ROI_SIZE>
		<MAX_VALUE>[0.12237075716257095, 0.11893168836832047, 0.10235421359539032, 0.10102565586566925, 0.08045773953199387, 0.07440955936908722]</MAX_VALUE>
		<MIN_VALUE>[0.10103078931570053, 0.08625729382038116, 0.062293197959661484, 0.04781520366668701, 0.020002039149403572, 0.010741699486970901]</MIN_VALUE>
		<SIGNATURE_THRESHOLD_MD>0</SIGNATURE_THRESHOLD_MD>
		<SIGNATURE_THRESHOLD_ML>0</SIGNATURE_THRESHOLD_ML>
		<SIGNATURE_THRESHOLD_SAM>0</SIGNATURE_THRESHOLD_SAM>
	</signature>
	<signature ID="20210215_111655363291_254">
		<MACROCLASSID>1</MACROCLASSID>
		<MACROCLASSINFO>waterbody</MACROCLASSINFO>
		<CLASSID>8</CLASSID>
		<CLASSINFO>C 1</CLASSINFO>
		<VALUES>[0.10863188015563142, 0.0026232255195184754, 0.09023668188897392, 0.004060595147284822, 0.06819106371156751, 0.004801028709301878, 0.06394229422486018, 0.00744612304800429, 0.03748621522552435, 0.011829738118302032, 0.028960080935604995, 0.010299210360231442]</VALUES>
		<LCS_MIN>[0.09960813075304031, 0.08031648397445679, 0.05978938192129135, 0.05407526344060898, 0.020002039149403572, 0.010741699486970901]</LCS_MIN>
		<LCS_MAX>[0.11810275912284851, 0.10110928118228912, 0.08733133226633072, 0.09476560354232788, 0.07239699363708496, 0.05993959680199623]</LCS_MAX>
		<WAVELENGTH>[0.485, 0.56, 0.66, 0.83, 1.65, 2.215]</WAVELENGTH>
		<MEAN_VALUE>[0.10863188015563142, 0.09023668188897392, 0.06819106371156751, 0.06394229422486018, 0.03748621522552435, 0.028960080935604995]</MEAN_VALUE>
		<CHECKBOX>2</CHECKBOX>
		<SD>[0.0026232255195184754, 0.004060595147284822, 0.004801028709301878, 0.00744612304800429, 0.011829738118302032, 0.010299210360231442]</SD>
		<WAVELENGTH_UNIT>E-6m</WAVELENGTH_UNIT>
		<COLOR>#70dee6</COLOR>
		<COVARIANCE_MATRIX>[[9.309563330679508e-06, 1.1710476202186873e-05, 1.1502530569492865e-05, 1.1659375088830761e-05, 1.0669714331322132e-05, 9.336035306921463e-06], [1.1710476202186873e-05, 2.5431626634861646e-05, 2.3295313876272263e-05, 2.6943188611625026e-05, 2.976860021781892e-05, 2.6348099946098058e-05], [1.1502530569492865e-05, 2.3295313876272263e-05, 3.2405670630311224e-05, 4.225636493930854e-05, 5.3054578506591424e-05, 4.639621745363468e-05], [1.1659375088830761e-05, 2.6943188611625026e-05, 4.225636493930854e-05, 8.053592462958999e-05, 9.76451657865268e-05, 8.140292814000707e-05], [1.0669714331322132e-05, 2.976860021781892e-05, 5.3054578506591424e-05, 9.76451657865268e-05, 0.00016873609265756433, 0.0001379341754505933], [9.336035306921463e-06, 2.6348099946098058e-05, 4.639621745363468e-05, 8.140292814000707e-05, 0.0001379341754505933, 0.00012797784311449867]]</COVARIANCE_MATRIX>
		<ROI_SIZE>692</ROI_SIZE>
		<MAX_VALUE>[0.11810275912284851, 0.10110928118228912, 0.08733133226633072, 0.09476560354232788, 0.07239699363708496, 0.05993959680199623]</MAX_VALUE>
		<MIN_VALUE>[0.09960813075304031, 0.08031648397445679, 0.05978938192129135, 0.05407526344060898, 0.020002039149403572, 0.010741699486970901]</MIN_VALUE>
		<SIGNATURE_THRESHOLD_MD>0</SIGNATURE_THRESHOLD_MD>
		<SIGNATURE_THRESHOLD_ML>0</SIGNATURE_THRESHOLD_ML>
		<SIGNATURE_THRESHOLD_SAM>0</SIGNATURE_THRESHOLD_SAM>
	</signature>
	<signature ID="20210215_111659854070_610">
		<MACROCLASSID>1</MACROCLASSID>
		<MACROCLASSINFO>waterbody</MACROCLASSINFO>
		<CLASSID>9</CLASSID>
		<CLASSINFO>C 1</CLASSINFO>
		<VALUES>[0.10977140089420423, 0.001769945185272416, 0.10403899848461151, 0.0022257319997245127, 0.0713480824272927, 0.0025924523976656845, 0.06428000126799488, 0.007552820262252263, 0.03184473416321491, 0.00839837923686046, 0.022258209485611684, 0.005977832756222886]</VALUES>
		<LCS_MIN>[0.10529878735542297, 0.09516849368810654, 0.06479699909687042, 0.05407526344060898, 0.020002039149403572, 0.010741699486970901]</LCS_MIN>
		<LCS_MAX>[0.11383476108312607, 0.1070500835776329, 0.08232368528842926, 0.0916355773806572, 0.05829065665602684, 0.03968163952231407]</LCS_MAX>
		<WAVELENGTH>[0.485, 0.56, 0.66, 0.83, 1.65, 2.215]</WAVELENGTH>
		<MEAN_VALUE>[0.10977140089420423, 0.10403899848461151, 0.0713480824272927, 0.06428000126799488, 0.03184473416321491, 0.022258209485611684]</MEAN_VALUE>
		<CHECKBOX>2</CHECKBOX>
		<SD>[0.001769945185272416, 0.0022257319997245127, 0.0025924523976656845, 0.007552820262252263, 0.00839837923686046, 0.005977832756222886]</SD>
		<WAVELENGTH_UNIT>E-6m</WAVELENGTH_UNIT>
		<COLOR>#25b795</COLOR>
		<COVARIANCE_MATRIX>[[3.1543108275508577e-06, 7.369827663545352e-07, 4.4353547311540475e-07, 4.1564159877851826e-07, -9.967198711652012e-07, -4.988433139278958e-07], [7.369827663545352e-07, 4.98804764449144e-06, 1.909742533889485e-06, -7.360630316064026e-07, -3.931988048379059e-06, -2.9666843228756982e-06], [4.4353547311540475e-07, 1.909742533889485e-06, 6.767159844053344e-06, 1.1327175031785032e-05, 1.0373022716636928e-05, 7.2384814952804345e-06], [4.1564159877851826e-07, -7.360630316064026e-07, 1.1327175031785032e-05, 5.743850835467376e-05, 4.622752882007171e-05, 2.9160219207496764e-05], [-9.967198711652012e-07, -3.931988048379059e-06, 1.0373022716636928e-05, 4.622752882007171e-05, 7.10192067289297e-05, 4.1693613206811814e-05], [-4.988433139278958e-07, -2.9666843228756982e-06, 7.2384814952804345e-06, 2.9160219207496764e-05, 4.1693613206811814e-05, 3.598092918179458e-05]]</COVARIANCE_MATRIX>
		<ROI_SIZE>146</ROI_SIZE>
		<MAX_VALUE>[0.11383476108312607, 0.1070500835776329, 0.08232368528842926, 0.0916355773806572, 0.05829065665602684, 0.03968163952231407]</MAX_VALUE>
		<MIN_VALUE>[0.10529878735542297, 0.09516849368810654, 0.06479699909687042, 0.05407526344060898, 0.020002039149403572, 0.010741699486970901]</MIN_VALUE>
		<SIGNATURE_THRESHOLD_MD>0</SIGNATURE_THRESHOLD_MD>
		<SIGNATURE_THRESHOLD_ML>0</SIGNATURE_THRESHOLD_ML>
		<SIGNATURE_THRESHOLD_SAM>0</SIGNATURE_THRESHOLD_SAM>
	</signature>
	<signature ID="20210215_111706148589_583">
		<MACROCLASSID>1</MACROCLASSID>
		<MACROCLASSINFO>waterbody</MACROCLASSINFO>
		<CLASSID>10</CLASSID>
		<CLASSINFO>C 1</CLASSINFO>
		<VALUES>[0.10013027819441571, 0.002490940436319354, 0.08067461973756339, 0.0036632695073816955, 0.06251960239168385, 0.004124422090688496, 0.06013552384807712, 0.008775900429967851, 0.03061394658970069, 0.009090999282983007, 0.0218353428108393, 0.0077131474537694075]</VALUES>
		<LCS_MIN>[0.09391748160123825, 0.0743756890296936, 0.05227793753147125, 0.04781520366668701, 0.015971658751368523, 0.007847703993320465]</LCS_MIN>
		<LCS_MAX>[0.10956677049398422, 0.10110928118228912, 0.08232368528842926, 0.08850555121898651, 0.06030584126710892, 0.04836362227797508]</LCS_MAX>
		<WAVELENGTH>[0.485, 0.56, 0.66, 0.83, 1.65, 2.215]</WAVELENGTH>
		<MEAN_VALUE>[0.10013027819441571, 0.08067461973756339, 0.06251960239168385, 0.06013552384807712, 0.03061394658970069, 0.0218353428108393]</MEAN_VALUE>
		<CHECKBOX>2</CHECKBOX>
		<SD>[0.002490940436319354, 0.0036632695073816955, 0.004124422090688496, 0.008775900429967851, 0.009090999282983007, 0.0077131474537694075]</SD>
		<WAVELENGTH_UNIT>E-6m</WAVELENGTH_UNIT>
		<COLOR>#8b5d67</COLOR>
		<COVARIANCE_MATRIX>[[6.228093429621934e-06, 4.8719134632835325e-06, 6.124335512311875e-06, 8.1915150099874e-06, 7.953477728443108e-06, 6.6108203968576735e-06], [4.8719134632835325e-06, 1.1041398743712895e-05, 1.0372362243923078e-05, 1.628826593609051e-05, 1.621717053601209e-05, 1.336065888154579e-05], [6.124335512311875e-06, 1.0372362243923078e-05, 1.6746721531102486e-05, 2.3982881092681818e-05, 2.5458113214004258e-05, 2.1111944266550698e-05], [8.1915150099874e-06, 1.628826593609051e-05, 2.3982881092681818e-05, 7.375807857947296e-05, 6.703722628393391e-05, 4.780324395064598e-05], [7.953477728443108e-06, 1.621717053601209e-05, 2.5458113214004258e-05, 6.703722628393391e-05, 9.18650912756605e-05, 6.57172381688478e-05], [6.6108203968576735e-06, 1.336065888154579e-05, 2.1111944266550698e-05, 4.780324395064598e-05, 6.57172381688478e-05, 6.102452216393288e-05]]</COVARIANCE_MATRIX>
		<ROI_SIZE>1146</ROI_SIZE>
		<MAX_VALUE>[0.10956677049398422, 0.10110928118228912, 0.08232368528842926, 0.08850555121898651, 0.06030584126710892, 0.04836362227797508]</MAX_VALUE>
		<MIN_VALUE>[0.09391748160123825, 0.0743756890296936, 0.05227793753147125, 0.04781520366668701, 0.015971658751368523, 0.007847703993320465]</MIN_VALUE>
		<SIGNATURE_THRESHOLD_MD>0</SIGNATURE_THRESHOLD_MD>
		<SIGNATURE_THRESHOLD_ML>0</SIGNATURE_THRESHOLD_ML>
		<SIGNATURE_THRESHOLD_SAM>0</SIGNATURE_THRESHOLD_SAM>
	</signature>
	<signature ID="20210215_111713772751_177">
		<MACROCLASSID>1</MACROCLASSID>
		<MACROCLASSINFO>waterbody</MACROCLASSINFO>
		<CLASSID>11</CLASSID>
		<CLASSINFO>C 1</CLASSINFO>
		<VALUES>[0.1093913536198538, 0.002401807547890755, 0.08522235377105916, 0.003172979779714162, 0.06514255525923579, 0.0037121909611197348, 0.059917502657287014, 0.006572894191124205, 0.026353081099360305, 0.00911854369242739, 0.017050213068807975, 0.007645893270333415]</VALUES>
		<LCS_MIN>[0.10245345532894135, 0.0773460865020752, 0.05728556588292122, 0.05094523727893829, 0.011941279284656048, 0.004953708499670029]</LCS_MIN>
		<LCS_MAX>[0.11952542513608932, 0.09813889116048813, 0.08232368528842926, 0.08850555121898651, 0.05829065665602684, 0.045469626784324646]</LCS_MAX>
		<WAVELENGTH>[0.485, 0.56, 0.66, 0.83, 1.65, 2.215]</WAVELENGTH>
		<MEAN_VALUE>[0.1093913536198538, 0.08522235377105916, 0.06514255525923579, 0.059917502657287014, 0.026353081099360305, 0.017050213068807975]</MEAN_VALUE>
		<CHECKBOX>2</CHECKBOX>
		<SD>[0.002401807547890755, 0.003172979779714162, 0.0037121909611197348, 0.006572894191124205, 0.00911854369242739, 0.007645893270333415]</SD>
		<WAVELENGTH_UNIT>E-6m</WAVELENGTH_UNIT>
		<COLOR>#11595b</COLOR>
		<COVARIANCE_MATRIX>[[5.334132113073518e-06, 4.207745429817707e-06, 4.762948669109875e-06, 5.17222230267666e-06, 6.327533870581061e-06, 5.854901636481921e-06], [4.207745429817707e-06, 1.0082692244922667e-05, 8.470788226265998e-06, 1.167460516104262e-05, 1.539453478003527e-05, 1.3317637915056292e-05], [4.762948669109875e-06, 8.470788226265998e-06, 1.2958663504216627e-05, 1.7537620267518176e-05, 2.306447546921217e-05, 1.9157919658716053e-05], [5.17222230267666e-06, 1.167460516104262e-05, 1.7537620267518176e-05, 4.124913319248277e-05, 4.875661958693678e-05, 3.823957508031749e-05], [6.327533870581061e-06, 1.539453478003527e-05, 2.306447546921217e-05, 4.875661958693678e-05, 7.821505145848803e-05, 5.8793560729280795e-05], [5.854901636481921e-06, 1.3317637915056292e-05, 1.9157919658716053e-05, 3.823957508031749e-05, 5.8793560729280795e-05, 5.5786884004027834e-05]]</COVARIANCE_MATRIX>
		<ROI_SIZE>1448</ROI_SIZE>
		<MAX_VALUE>[0.11952542513608932, 0.09813889116048813, 0.08232368528842926, 0.08850555121898651, 0.05829065665602684, 0.045469626784324646]</MAX_VALUE>
		<MIN_VALUE>[0.10245345532894135, 0.0773460865020752, 0.05728556588292122, 0.05094523727893829, 0.011941279284656048, 0.004953708499670029]</MIN_VALUE>
		<SIGNATURE_THRESHOLD_MD>0</SIGNATURE_THRESHOLD_MD>
		<SIGNATURE_THRESHOLD_ML>0</SIGNATURE_THRESHOLD_ML>
		<SIGNATURE_THRESHOLD_SAM>0</SIGNATURE_THRESHOLD_SAM>
	</signature>
	<signature ID="20210215_113432463291_276">
		<MACROCLASSID>1</MACROCLASSID>
		<MACROCLASSINFO>waterbody</MACROCLASSINFO>
		<CLASSID>12</CLASSID>
		<CLASSINFO>C 1</CLASSINFO>
		<VALUES>[0.11406004005680809, 0.0022408447200442123, 0.09057229332843869, 0.003437180217061123, 0.07215761533087167, 0.003975724668647165, 0.08083941057811714, 0.012540124849773704, 0.038183843264942924, 0.014502544264177873, 0.02401123447391794, 0.010713930549209659]</VALUES>
		<LCS_MIN>[0.108144111931324, 0.08328688889741898, 0.06479699909687042, 0.06346534192562103, 0.020002039149403572, 0.007847703993320465]</LCS_MIN>
		<LCS_MAX>[0.1280614137649536, 0.10407969355583191, 0.09484276175498962, 0.11980581283569336, 0.08045773953199387, 0.06283359229564667]</LCS_MAX>
		<WAVELENGTH>[0.485, 0.56, 0.66, 0.83, 1.65, 2.215]</WAVELENGTH>
		<MEAN_VALUE>[0.11406004005680809, 0.09057229332843869, 0.07215761533087167, 0.08083941057811714, 0.038183843264942924, 0.02401123447391794]</MEAN_VALUE>
		<CHECKBOX>2</CHECKBOX>
		<SD>[0.0022408447200442123, 0.003437180217061123, 0.003975724668647165, 0.012540124849773704, 0.014502544264177873, 0.010713930549209659]</SD>
		<WAVELENGTH_UNIT>E-6m</WAVELENGTH_UNIT>
		<COLOR>#2f0948</COLOR>
		<COVARIANCE_MATRIX>[[5.030042619797137e-06, 4.65105724439166e-06, 5.469288454002241e-06, 1.2424800202194867e-05, 1.2866342965145528e-05, 1.023022282149594e-05], [4.65105724439166e-06, 1.183457716842635e-05, 1.0448712770019048e-05, 2.9016744444041932e-05, 3.1871068420245164e-05, 2.387840453399921e-05], [5.469288454002241e-06, 1.0448712770019048e-05, 1.5833639031649834e-05, 3.5635048573109924e-05, 4.190315309037405e-05, 3.136377434223393e-05], [1.2424800202194867e-05, 2.9016744444041932e-05, 3.5635048573109924e-05, 0.00015752586009489062, 0.0001617555394756564, 0.0001108660851742231], [1.2866342965145528e-05, 3.1871068420245164e-05, 4.190315309037405e-05, 0.0001617555394756564, 0.00021068641735880818, 0.00014463627428099504], [1.023022282149594e-05, 2.387840453399921e-05, 3.136377434223393e-05, 0.0001108660851742231, 0.00014463627428099504, 0.00011498621868882813]]</COVARIANCE_MATRIX>
		<ROI_SIZE>581</ROI_SIZE>
		<MAX_VALUE>[0.1280614137649536, 0.10407969355583191, 0.09484276175498962, 0.11980581283569336, 0.08045773953199387, 0.06283359229564667]</MAX_VALUE>
		<MIN_VALUE>[0.108144111931324, 0.08328688889741898, 0.06479699909687042, 0.06346534192562103, 0.020002039149403572, 0.007847703993320465]</MIN_VALUE>
		<SIGNATURE_THRESHOLD_MD>0</SIGNATURE_THRESHOLD_MD>
		<SIGNATURE_THRESHOLD_ML>0</SIGNATURE_THRESHOLD_ML>
		<SIGNATURE_THRESHOLD_SAM>0</SIGNATURE_THRESHOLD_SAM>
	</signature>
	<signature ID="20210215_113439031908_527">
		<MACROCLASSID>1</MACROCLASSID>
		<MACROCLASSINFO>waterbody</MACROCLASSINFO>
		<CLASSID>13</CLASSID>
		<CLASSINFO>C 1</CLASSINFO>
		<VALUES>[0.10194149476743489, 0.0020542762234824355, 0.0854967025118303, 0.00404924695873553, 0.06158276921892244, 0.005396944028812263, 0.05539658718507179, 0.0071700137491420065, 0.025008637425860316, 0.008235100586472803, 0.017460972212487037, 0.006756145887898859]</VALUES>
		<LCS_MIN>[0.09676280617713928, 0.0773460865020752, 0.05227793753147125, 0.044685181230306625, 0.013956468552350998, 0.007847703993320465]</LCS_MIN>
		<LCS_MAX>[0.11098942905664444, 0.10110928118228912, 0.08482750505208969, 0.08537552505731583, 0.056275468319654465, 0.045469626784324646]</LCS_MAX>
		<WAVELENGTH>[0.485, 0.56, 0.66, 0.83, 1.65, 2.215]</WAVELENGTH>
		<MEAN_VALUE>[0.10194149476743489, 0.0854967025118303, 0.06158276921892244, 0.05539658718507179, 0.025008637425860316, 0.017460972212487037]</MEAN_VALUE>
		<CHECKBOX>2</CHECKBOX>
		<SD>[0.0020542762234824355, 0.00404924695873553, 0.005396944028812263, 0.0071700137491420065, 0.008235100586472803, 0.006756145887898859]</SD>
		<WAVELENGTH_UNIT>E-6m</WAVELENGTH_UNIT>
		<COLOR>#9a0d90</COLOR>
		<COVARIANCE_MATRIX>[[4.234703756540127e-06, 3.321576983563665e-06, 4.297896606380041e-06, 5.008099890448605e-06, 5.896942182017622e-06, 5.110268495015269e-06], [3.321576983563665e-06, 1.6453332880512366e-05, 1.8128576665653797e-05, 1.6859296877367767e-05, 2.0220106645276465e-05, 1.6590098511220806e-05], [4.297896606380041e-06, 1.8128576665653797e-05, 2.9228140283639775e-05, 2.897011917574182e-05, 3.212619345257534e-05, 2.4867627674836525e-05], [5.008099890448605e-06, 1.6859296877367767e-05, 2.897011917574182e-05, 5.1587600972478724e-05, 4.8202741596530614e-05, 3.591042001615231e-05], [5.896942182017622e-06, 2.0220106645276465e-05, 3.212619345257534e-05, 4.8202741596530614e-05, 6.805235695289875e-05, 4.8801022729382716e-05], [5.110268495015269e-06, 1.6590098511220806e-05, 2.4867627674836525e-05, 3.591042001615231e-05, 4.8801022729382716e-05, 4.5803998603220414e-05]]</COVARIANCE_MATRIX>
		<ROI_SIZE>289</ROI_SIZE>
		<MAX_VALUE>[0.11098942905664444, 0.10110928118228912, 0.08482750505208969, 0.08537552505731583, 0.056275468319654465, 0.045469626784324646]</MAX_VALUE>
		<MIN_VALUE>[0.09676280617713928, 0.0773460865020752, 0.05227793753147125, 0.044685181230306625, 0.013956468552350998, 0.007847703993320465]</MIN_VALUE>
		<SIGNATURE_THRESHOLD_MD>0</SIGNATURE_THRESHOLD_MD>
		<SIGNATURE_THRESHOLD_ML>0</SIGNATURE_THRESHOLD_ML>
		<SIGNATURE_THRESHOLD_SAM>0</SIGNATURE_THRESHOLD_SAM>
	</signature>
	<signature ID="20210215_113450932922_787">
		<MACROCLASSID>1</MACROCLASSID>
		<MACROCLASSINFO>waterbody</MACROCLASSINFO>
		<CLASSID>14</CLASSID>
		<CLASSINFO>C 1</CLASSINFO>
		<VALUES>[0.10141311861043445, 0.00280702890492448, 0.08699581639967192, 0.004836523311401639, 0.06155166173629611, 0.00500994006074443, 0.05780039141993196, 0.008953861087304091, 0.02965432267220625, 0.011307707386062111, 0.021164310018325954, 0.008834182330091454]</VALUES>
		<LCS_MIN>[0.09391748160123825, 0.0773460865020752, 0.04977412894368172, 0.04155515134334564, 0.009926089085638523, 0.0020597148686647415]</LCS_MIN>
		<LCS_MAX>[0.11241210252046585, 0.1070500835776329, 0.08733133226633072, 0.09476560354232788, 0.06232103332877159, 0.05125762149691582]</LCS_MAX>
		<WAVELENGTH>[0.485, 0.56, 0.66, 0.83, 1.65, 2.215]</WAVELENGTH>
		<MEAN_VALUE>[0.10141311861043445, 0.08699581639967192, 0.06155166173629611, 0.05780039141993196, 0.02965432267220625, 0.021164310018325954]</MEAN_VALUE>
		<CHECKBOX>2</CHECKBOX>
		<SD>[0.00280702890492448, 0.004836523311401639, 0.00500994006074443, 0.008953861087304091, 0.011307707386062111, 0.008834182330091454]</SD>
		<WAVELENGTH_UNIT>E-6m</WAVELENGTH_UNIT>
		<COLOR>#ac87da</COLOR>
		<COVARIANCE_MATRIX>[[7.6135265807923454e-06, 8.551820772063833e-06, 9.638922461199825e-06, 8.8578875885829e-06, 1.0287355946593865e-05, 8.967273292157257e-06], [8.551820772063833e-06, 2.373532511860505e-05, 2.129821718054078e-05, 1.743832871799515e-05, 2.396362375688036e-05, 2.0473092271771582e-05], [9.638922461199825e-06, 2.129821718054078e-05, 2.9504034585525945e-05, 3.474185195890362e-05, 4.228496568504959e-05, 3.420108748000026e-05], [8.8578875885829e-06, 1.743832871799515e-05, 3.474185195890362e-05, 8.595071239237665e-05, 8.742258048501848e-05, 6.28235751834312e-05], [1.0287355946593865e-05, 2.396362375688036e-05, 4.228496568504959e-05, 8.742258048501848e-05, 0.0001266979015045186, 9.024569390646742e-05], [8.967273292157257e-06, 2.0473092271771582e-05, 3.420108748000026e-05, 6.28235751834312e-05, 9.024569390646742e-05, 7.847829664363831e-05]]</COVARIANCE_MATRIX>
		<ROI_SIZE>923</ROI_SIZE>
		<MAX_VALUE>[0.11241210252046585, 0.1070500835776329, 0.08733133226633072, 0.09476560354232788, 0.06232103332877159, 0.05125762149691582]</MAX_VALUE>
		<MIN_VALUE>[0.09391748160123825, 0.0773460865020752, 0.04977412894368172, 0.04155515134334564, 0.009926089085638523, 0.0020597148686647415]</MIN_VALUE>
		<SIGNATURE_THRESHOLD_MD>0</SIGNATURE_THRESHOLD_MD>
		<SIGNATURE_THRESHOLD_ML>0</SIGNATURE_THRESHOLD_ML>
		<SIGNATURE_THRESHOLD_SAM>0</SIGNATURE_THRESHOLD_SAM>
	</signature>
	<signature ID="20210215_113458233296_546">
		<MACROCLASSID>1</MACROCLASSID>
		<MACROCLASSINFO>waterbody</MACROCLASSINFO>
		<CLASSID>15</CLASSID>
		<CLASSINFO>C 1</CLASSINFO>
		<VALUES>[0.11121406798299988, 0.003198310779423889, 0.10247723552349368, 0.004157464312353066, 0.08973630125585355, 0.0070168041693178225, 0.09979012039931197, 0.014839019471802224, 0.06468092968785448, 0.01611617801806787, 0.04805899083026145, 0.012818956055795772]</VALUES>
		<LCS_MIN>[0.10245345532894135, 0.09219808876514435, 0.07230845093727112, 0.0697253942489624, 0.03209318220615387, 0.025211671367287636]</LCS_MIN>
		<LCS_MAX>[0.11810275912284851, 0.11002048850059509, 0.10485801100730896, 0.129195898771286, 0.09657926857471466, 0.08019755780696869]</LCS_MAX>
		<WAVELENGTH>[0.485, 0.56, 0.66, 0.83, 1.65, 2.215]</WAVELENGTH>
		<MEAN_VALUE>[0.11121406798299988, 0.10247723552349368, 0.08973630125585355, 0.09979012039931197, 0.06468092968785448, 0.04805899083026145]</MEAN_VALUE>
		<CHECKBOX>2</CHECKBOX>
		<SD>[0.003198310779423889, 0.004157464312353066, 0.0070168041693178225, 0.014839019471802224, 0.01611617801806787, 0.012818956055795772]</SD>
		<WAVELENGTH_UNIT>E-6m</WAVELENGTH_UNIT>
		<COLOR>#0cfde0</COLOR>
		<COVARIANCE_MATRIX>[[1.0365581066336072e-05, 9.887079301933478e-06, 1.3985876002045815e-05, -4.943585456334352e-06, 6.572840531724389e-06, 1.456182494241149e-05], [9.887079301933478e-06, 1.751496963526921e-05, 2.4134784772699485e-05, -5.186994464234836e-07, 1.2611388133308959e-05, 2.311655840692687e-05], [1.3985876002045815e-05, 2.4134784772699485e-05, 4.989201462723002e-05, 3.0492807472949336e-05, 4.8203768132787824e-05, 5.6391855119894886e-05], [-4.943585456334352e-06, -5.186994464234836e-07, 3.0492807472949336e-05, 0.00022313245220298604, 0.00020143369469459473, 0.00013150712421775636], [6.572840531724389e-06, 1.2611388133308959e-05, 4.8203768132787824e-05, 0.00020143369469459473, 0.0002631942764955216, 0.0001892948108585782], [1.456182494241149e-05, 2.311655840692687e-05, 5.6391855119894886e-05, 0.00013150712421775636, 0.0001892948108585782, 0.00016651664281856218]]</COVARIANCE_MATRIX>
		<ROI_SIZE>76</ROI_SIZE>
		<MAX_VALUE>[0.11810275912284851, 0.11002048850059509, 0.10485801100730896, 0.129195898771286, 0.09657926857471466, 0.08019755780696869]</MAX_VALUE>
		<MIN_VALUE>[0.10245345532894135, 0.09219808876514435, 0.07230845093727112, 0.0697253942489624, 0.03209318220615387, 0.025211671367287636]</MIN_VALUE>
		<SIGNATURE_THRESHOLD_MD>0</SIGNATURE_THRESHOLD_MD>
		<SIGNATURE_THRESHOLD_ML>0</SIGNATURE_THRESHOLD_ML>
		<SIGNATURE_THRESHOLD_SAM>0</SIGNATURE_THRESHOLD_SAM>
	</signature>
	<signature ID="20210215_113508996196_957">
		<MACROCLASSID>1</MACROCLASSID>
		<MACROCLASSINFO>waterbody</MACROCLASSINFO>
		<CLASSID>16</CLASSID>
		<CLASSINFO>C 1</CLASSINFO>
		<VALUES>[0.10896775649304977, 0.002730016342547945, 0.09766987815760729, 0.00481185661421953, 0.08232369326185764, 0.0055493685811290865, 0.11080012483554974, 0.02418879873030422, 0.06847266908408256, 0.019807511671333548, 0.043997245334219504, 0.012679953368920222]</VALUES>
		<LCS_MIN>[0.10245345532894135, 0.08625729382038116, 0.06980463862419128, 0.0697253942489624, 0.02806279994547367, 0.0223176758736372]</LCS_MIN>
