<?xml version="1.0" ?>
<signaturelist MCID_LIST="[['1', 'waterbody', '#c9f14c'], ['2', 'vegetation', '#e62220'], ['3', 'bareland', '#bb3d84'], ['4', 'built-up', '#cf2d44']]">
	<signature ID="20210625_114908651810_738">
		<MACROCLASSID>1</MACROCLASSID>
		<MACROCLASSINFO>waterbody</MACROCLASSINFO>
		<CLASSID>1</CLASSID>
		<CLASSINFO>C 1</CLASSINFO>
		<VALUES>[0.16243301, 0.005297725, 0.12826942, 0.0077530933, 0.105401784, 0.00691496, 0.08568413, 0.013405014, 0.030078541, 0.006134266, 0.015998153, 0.0040475284]</VALUES>
		<LCS_MIN>[0.14821039, 0.11249119, 0.08802113, 0.060868077, 0.020235475, 0.009277282]</LCS_MIN>
		<LCS_MAX>[0.19217247, 0.15719675, 0.14190699, 0.19692424, 0.106705, 0.06924027]</LCS_MAX>
		<WAVELENGTH>[0.48, 0.56, 0.655, 0.865, 1.61, 2.2]</WAVELENGTH>
		<MEAN_VALUE>[0.16243301, 0.12826942, 0.105401784, 0.08568413, 0.030078541, 0.015998153]</MEAN_VALUE>
		<CHECKBOX>2</CHECKBOX>
		<SD>[0.005297725, 0.0077530933, 0.00691496, 0.013405014, 0.006134266, 0.0040475284]</SD>
		<WAVELENGTH_UNIT>E-6m</WAVELENGTH_UNIT>
		<COLOR>#c9f14c</COLOR>
		<COVARIANCE_MATRIX>[[2.8066380764357746e-05, 3.851955261779949e-05, 3.538030796335079e-05, -4.809108759218361e-06, 2.7773601232183864e-06, 2.4172293251467636e-06], [3.851955261779949e-05, 6.0111498896731064e-05, 4.836203152080998e-05, -1.8645381715032272e-05, -4.1040952964976896e-06, -2.101003474308527e-06], [3.538030796335079e-05, 4.836203152080998e-05, 4.7817506128922105e-05, 2.1169432784517994e-06, 8.729608452995308e-06, 6.814123935328098e-06], [-4.809108759218361e-06, -1.8645381715032272e-05, 2.1169432784517994e-06, 0.00017969749751500785, 6.995640433160588e-05, 4.098924182471819e-05], [2.7773601232183864e-06, -4.1040952964976896e-06, 8.729608452995308e-06, 6.995640433160588e-05, 3.762987398658879e-05, 2.4099796064547263e-05], [2.4172293251467636e-06, -2.101003474308527e-06, 6.814123935328098e-06, 4.098924182471819e-05, 2.4099796064547263e-05, 1.6382769899792038e-05]]</COVARIANCE_MATRIX>
		<ROI_SIZE>57569</ROI_SIZE>
		<MAX_VALUE>[0.19217247, 0.15719675, 0.14190699, 0.19692424, 0.106705, 0.06924027]</MAX_VALUE>
		<MIN_VALUE>[0.14821039, 0.11249119, 0.08802113, 0.060868077, 0.020235475, 0.009277282]</MIN_VALUE>
		<SIGNATURE_THRESHOLD_MD>0.0</SIGNATURE_THRESHOLD_MD>
		<SIGNATURE_THRESHOLD_ML>0.0</SIGNATURE_THRESHOLD_ML>
		<SIGNATURE_THRESHOLD_SAM>0.0</SIGNATURE_THRESHOLD_SAM>
	</signature>
	<signature ID="20210625_121434827683_146">
		<MACROCLASSID>2</MACROCLASSID>
		<MACROCLASSINFO>vegetation</MACROCLASSINFO>
		<CLASSID>2</CLASSID>
		<CLASSINFO>C 1</CLASSINFO>
		<VALUES>[0.15781924, 0.0017910234, 0.12912293, 0.0022914547, 0.10473836, 0.002626114, 0.28438243, 0.03851678, 0.12965323, 0.0139332395, 0.061601065, 0.009558859]</VALUES>
		<LCS_MIN>[0.15386727, 0.121574536, 0.097169116, 0.17145209, 0.09733074, 0.046418782]</LCS_MIN>
		<LCS_MAX>[0.16327387, 0.13621779, 0.115626715, 0.36010113, 0.18955414, 0.10657572]</LCS_MAX>
		<WAVELENGTH>[0.48, 0.56, 0.655, 0.865, 1.61, 2.2]</WAVELENGTH>
		<MEAN_VALUE>[0.15781924, 0.12912293, 0.10473836, 0.28438243, 0.12965323, 0.061601065]</MEAN_VALUE>
		<CHECKBOX>2</CHECKBOX>
		<SD>[0.0017910234, 0.0022914547, 0.002626114, 0.03851678, 0.0139332395, 0.009558859]</SD>
		<WAVELENGTH_UNIT>E-6m</WAVELENGTH_UNIT>
		<COLOR>#e62220</COLOR>
		<COVARIANCE_MATRIX>[[3.2108112009154866e-06, 2.4156811377906706e-06, 3.7844001781195402e-06, -1.6895055523491465e-05, 5.548538865696173e-06, 6.7235419010103215e-06], [2.4156811377906706e-06, 5.255751602817327e-06, 4.243176590534858e-06, 2.9590690246550366e-05, 1.733292629069183e-05, 9.3105654741521e-06], [3.7844001781195402e-06, 4.243176590534858e-06, 6.9030238591949455e-06, -3.159243715344928e-05, 1.3520360880647786e-05, 1.5953342881402932e-05], [-1.6895055523491465e-05, 2.9590690246550366e-05, -3.159243715344928e-05, 0.0014849510043859482, 0.00022326601902022958, -5.8360750699648634e-05], [5.548538865696173e-06, 1.733292629069183e-05, 1.3520360880647786e-05, 0.00022326601902022958, 0.00019431950931902975, 0.00010616255167406052], [6.7235419010103215e-06, 9.3105654741521e-06, 1.5953342881402932e-05, -5.8360750699648634e-05, 0.00010616255167406052, 9.145856165559962e-05]]</COVARIANCE_MATRIX>
		<ROI_SIZE>1054</ROI_SIZE>
		<MAX_VALUE>[0.16327387, 0.13621779, 0.115626715, 0.36010113, 0.18955414, 0.10657572]</MAX_VALUE>
		<MIN_VALUE>[0.15386727, 0.121574536, 0.097169116, 0.17145209, 0.09733074, 0.046418782]</MIN_VALUE>
		<SIGNATURE_THRESHOLD_MD>0.0</SIGNATURE_THRESHOLD_MD>
		<SIGNATURE_THRESHOLD_ML>0.0</SIGNATURE_THRESHOLD_ML>
		<SIGNATURE_THRESHOLD_SAM>0.0</SIGNATURE_THRESHOLD_SAM>
	</signature>
	<signature ID="20210625_130147274935_290">
		<MACROCLASSID>2</MACROCLASSID>
		<MACROCLASSINFO>vegetation</MACROCLASSINFO>
		<CLASSID>38</CLASSID>
		<CLASSINFO>C 1</CLASSINFO>
		<VALUES>[0.15898903, 0.0018848699, 0.124522224, 0.002413633, 0.10294183, 0.003057969, 0.178681, 0.012245067, 0.112312414, 0.013538421, 0.0581147, 0.008711089]</VALUES>
		<LCS_MIN>[0.15603305, 0.11982898, 0.09758934, 0.1464325, 0.075963885, 0.04021236]</LCS_MIN>
		<LCS_MAX>[0.16524568, 0.13259737, 0.115659036, 0.223948, 0.18570746, 0.10683431]</LCS_MAX>
		<WAVELENGTH>[0.48, 0.56, 0.655, 0.865, 1.61, 2.2]</WAVELENGTH>
		<MEAN_VALUE>[0.15898903, 0.124522224, 0.10294183, 0.178681, 0.112312414, 0.0581147]</MEAN_VALUE>
		<CHECKBOX>2</CHECKBOX>
		<SD>[0.0018848699, 0.002413633, 0.003057969, 0.012245067, 0.013538421, 0.008711089]</SD>
		<WAVELENGTH_UNIT>E-6m</WAVELENGTH_UNIT>
		<COLOR>#02e359</COLOR>
		<COVARIANCE_MATRIX>[[3.5584369015850825e-06, 4.345281922724098e-06, 5.476745172927622e-06, 8.296747751046496e-07, 4.9454765758127905e-06, 5.73755869481829e-06], [4.345281922724098e-06, 5.83497558181989e-06, 7.110145361366449e-06, 5.93431605011574e-06, 1.2146337212470826e-05, 1.0739864592324011e-05], [5.476745172927622e-06, 7.110145361366449e-06, 9.366185622639023e-06, 3.844825641863281e-06, 1.2797756426152773e-05, 1.3370467968343291e-05], [8.296747751046496e-07, 5.93431605011574e-06, 3.844825641863281e-06, 0.00015018234262242913, 0.00012953017721883953, 6.162533099995926e-05], [4.9454765758127905e-06, 1.2146337212470826e-05, 1.2797756426152773e-05, 0.00012953017721883953, 0.000183583062607795, 0.0001067073317244649], [5.73755869481829e-06, 1.0739864592324011e-05, 1.3370467968343291e-05, 6.162533099995926e-05, 0.0001067073317244649, 7.60048787924461e-05]]</COVARIANCE_MATRIX>
		<ROI_SIZE>624</ROI_SIZE>
		<MAX_VALUE>[0.16524568, 0.13259737, 0.115659036, 0.223948, 0.18570746, 0.10683431]</MAX_VALUE>
		<MIN_VALUE>[0.15603305, 0.11982898, 0.09758934, 0.1464325, 0.075963885, 0.04021236]</MIN_VALUE>
		<SIGNATURE_THRESHOLD_MD>0.0</SIGNATURE_THRESHOLD_MD>
		<SIGNATURE_THRESHOLD_ML>0.0</SIGNATURE_THRESHOLD_ML>
		<SIGNATURE_THRESHOLD_SAM>0.0</SIGNATURE_THRESHOLD_SAM>
	</signature>
	<signature ID="20210625_141114251635_197">
		<MACROCLASSID>2</MACROCLASSID>
		<MACROCLASSINFO>vegetation</MACROCLASSINFO>
		<CLASSID>39</CLASSID>
		<CLASSINFO>C 1</CLASSINFO>
		<VALUES>[0.15631612, 0.0028780918, 0.1276931, 0.009143155, 0.10228215, 0.0075474638, 0.26564217, 0.06404487, 0.12997477, 0.023748694, 0.062139485, 0.014442277]</VALUES>
		<LCS_MIN>[0.15057011, 0.116790436, 0.09219106, 0.1695126, 0.08242889, 0.03723846]</LCS_MIN>
		<LCS_MAX>[0.16265967, 0.1553219, 0.12600307, 0.4032551, 0.20422971, 0.13747846]</LCS_MAX>
		<WAVELENGTH>[0.48, 0.56, 0.655, 0.865, 1.61, 2.2]</WAVELENGTH>
		<MEAN_VALUE>[0.15631612, 0.1276931, 0.10228215, 0.26564217, 0.12997477, 0.062139485]</MEAN_VALUE>
		<CHECKBOX>2</CHECKBOX>
		<SD>[0.0028780918, 0.009143155, 0.0075474638, 0.06404487, 0.023748694, 0.014442277]</SD>
		<WAVELENGTH_UNIT>E-6m</WAVELENGTH_UNIT>
		<COLOR>#08dc8f</COLOR>
		<COVARIANCE_MATRIX>[[8.287967830256093e-06, 2.2083138901507482e-05, 1.86737124749925e-05, 0.00013753613166045398, 4.5002580009168014e-05, 2.662600854819175e-05], [2.2083138901507482e-05, 8.364327368326485e-05, 6.672480230918154e-05, 0.0004932653973810375, 9.337195660918951e-05, 5.1484432333381847e-05], [1.86737124749925e-05, 6.672480230918154e-05, 5.699554458260536e-05, 0.0003714744234457612, 9.186274837702513e-05, 5.6298977142432705e-05], [0.00013753613166045398, 0.0004932653973810375, 0.0003714744234457612, 0.004104001447558403, 0.0008821060764603317, 0.0004122419049963355], [4.5002580009168014e-05, 9.337195660918951e-05, 9.186274837702513e-05, 0.0008821060764603317, 0.0005643106414936483, 0.0003287616709712893], [2.662600854819175e-05, 5.1484432333381847e-05, 5.6298977142432705e-05, 0.0004122419049963355, 0.0003287616709712893, 0.00020869409490842372]]</COVARIANCE_MATRIX>
		<ROI_SIZE>1819</ROI_SIZE>
		<MAX_VALUE>[0.16265967, 0.1553219, 0.12600307, 0.4032551, 0.20422971, 0.13747846]</MAX_VALUE>
		<MIN_VALUE>[0.15057011, 0.116790436, 0.09219106, 0.1695126, 0.08242889, 0.03723846]</MIN_VALUE>
		<SIGNATURE_THRESHOLD_MD>0.0</SIGNATURE_THRESHOLD_MD>
		<SIGNATURE_THRESHOLD_ML>0.0</SIGNATURE_THRESHOLD_ML>
		<SIGNATURE_THRESHOLD_SAM>0.0</SIGNATURE_THRESHOLD_SAM>
	</signature>
	<signature ID="20210625_142126511723_921">
		<MACROCLASSID>2</MACROCLASSID>
		<MACROCLASSINFO>vegetation</MACROCLASSINFO>
		<CLASSID>40</CLASSID>
		<CLASSINFO>C 1</CLASSINFO>
		<VALUES>[0.15754934, 0.002842632, 0.129559, 0.0057304, 0.10509061, 0.004863266, 0.26582885, 0.04068061, 0.142875, 0.020313924, 0.07046458, 0.0118512325]</VALUES>
		<LCS_MIN>[0.14888921, 0.11494791, 0.0904455, 0.18273354, 0.085952334, 0.041440707]</LCS_MIN>
		<LCS_MAX>[0.1660215, 0.14051703, 0.1174046, 0.38470054, 0.1940473, 0.11439838]</LCS_MAX>
		<WAVELENGTH>[0.48, 0.56, 0.655, 0.865, 1.61, 2.2]</WAVELENGTH>
		<MEAN_VALUE>[0.15754934, 0.129559, 0.10509061, 0.26582885, 0.142875, 0.07046458]</MEAN_VALUE>
		<CHECKBOX>2</CHECKBOX>
		<SD>[0.002842632, 0.0057304, 0.004863266, 0.04068061, 0.020313924, 0.0118512325]</SD>
		<WAVELENGTH_UNIT>E-6m</WAVELENGTH_UNIT>
		<COLOR>#8cc093</COLOR>
		<COVARIANCE_MATRIX>[[8.090531082416419e-06, 1.322065872955136e-05, 1.242276903212769e-05, 6.060351734049618e-05, 3.7404457543743774e-05, 2.0236180716892704e-05], [1.322065872955136e-05, 3.2878022466320544e-05, 2.5231143808923662e-05, 0.00017800324712879956, 8.833058382151648e-05, 4.930265640723519e-05], [1.242276903212769e-05, 2.5231143808923662e-05, 2.368055356782861e-05, 0.00011105654266430065, 6.135812145657837e-05, 3.6540346627589315e-05], [6.060351734049618e-05, 0.00017800324712879956, 0.00011105654266430065, 0.0016569547588005662, 0.0005571100045926869, 0.0002552602381911129], [3.7404457543743774e-05, 8.833058382151648e-05, 6.135812145657837e-05, 0.0005571100045926869, 0.00041316490387544036, 0.00022924675431568176], [2.0236180716892704e-05, 4.930265640723519e-05, 3.6540346627589315e-05, 0.0002552602381911129, 0.00022924675431568176, 0.00014062509580980986]]</COVARIANCE_MATRIX>
		<ROI_SIZE>811</ROI_SIZE>
		<MAX_VALUE>[0.1660215, 0.14051703, 0.1174046, 0.38470054, 0.1940473, 0.11439838]</MAX_VALUE>
		<MIN_VALUE>[0.14888921, 0.11494791, 0.0904455, 0.18273354, 0.085952334, 0.041440707]</MIN_VALUE>
		<SIGNATURE_THRESHOLD_MD>0.0</SIGNATURE_THRESHOLD_MD>
		<SIGNATURE_THRESHOLD_ML>0.0</SIGNATURE_THRESHOLD_ML>
		<SIGNATURE_THRESHOLD_SAM>0.0</SIGNATURE_THRESHOLD_SAM>
	</signature>
	<signature ID="20210625_143303345262_875">
		<MACROCLASSID>2</MACROCLASSID>
		<MACROCLASSINFO>vegetation</MACROCLASSINFO>
		<CLASSID>41</CLASSID>
		<CLASSINFO>C 1</CLASSINFO>
		<VALUES>[0.15915819, 0.0024149413, 0.1401073, 0.008937695, 0.11268331, 0.00821177, 0.32741725, 0.04694026, 0.15233238, 0.017057715, 0.074522465, 0.010769505]</VALUES>
		<LCS_MIN>[0.14888921, 0.11494791, 0.0904455, 0.18273354, 0.085952334, 0.041440707]</LCS_MIN>
		<LCS_MAX>[0.16699125, 0.15968578, 0.13421363, 0.4199995, 0.20781781, 0.12215638]</LCS_MAX>
		<WAVELENGTH>[0.48, 0.56, 0.655, 0.865, 1.61, 2.2]</WAVELENGTH>
		<MEAN_VALUE>[0.15915819, 0.1401073, 0.11268331, 0.32741725, 0.15233238, 0.074522465]</MEAN_VALUE>
		<CHECKBOX>2</CHECKBOX>
		<SD>[0.0024149413, 0.008937695, 0.00821177, 0.04694026, 0.017057715, 0.010769505]</SD>
		<WAVELENGTH_UNIT>E-6m</WAVELENGTH_UNIT>
		<COLOR>#e44d2e</COLOR>
		<COVARIANCE_MATRIX>[[5.833623617945705e-06, 5.456485268950928e-06, 5.7631982599559706e-06, 2.7938929633819498e-05, 2.8818341888836585e-05, 1.6063868315541185e-05], [5.456485268950928e-06, 7.99054469098337e-05, 6.88914442434907e-05, 0.0003334125503897667, 2.807791497616563e-05, 1.8344631826039404e-05], [5.7631982599559706e-06, 6.88914442434907e-05, 6.745262362528592e-05, 0.00024021934950724244, 2.22566413867753e-05, 2.2080097551224753e-05], [2.7938929633819498e-05, 0.0003334125503897667, 0.00024021934950724244, 0.002204024000093341, 0.00022887816885486245, 3.678544089780189e-05], [2.8818341888836585e-05, 2.807791497616563e-05, 2.22566413867753e-05, 0.00022887816885486245, 0.00029104959685355425, 0.00016328025958500803], [1.6063868315541185e-05, 1.8344631826039404e-05, 2.2080097551224753e-05, 3.678544089780189e-05, 0.00016328025958500803, 0.00011601570440689102]]</COVARIANCE_MATRIX>
		<ROI_SIZE>3467</ROI_SIZE>
		<MAX_VALUE>[0.16699125, 0.15968578, 0.13421363, 0.4199995, 0.20781781, 0.12215638]</MAX_VALUE>
		<MIN_VALUE>[0.14888921, 0.11494791, 0.0904455, 0.18273354, 0.085952334, 0.041440707]</MIN_VALUE>
		<SIGNATURE_THRESHOLD_MD>0.0</SIGNATURE_THRESHOLD_MD>
		<SIGNATURE_THRESHOLD_ML>0.0</SIGNATURE_THRESHOLD_ML>
		<SIGNATURE_THRESHOLD_SAM>0.0</SIGNATURE_THRESHOLD_SAM>
	</signature>
	<signature ID="20210625_144201267194_515">
		<MACROCLASSID>3</MACROCLASSID>
		<MACROCLASSINFO>bareland</MACROCLASSINFO>
		<CLASSID>42</CLASSID>
		<CLASSINFO>C 1</CLASSINFO>
		<VALUES>[0.16928022, 0.0031312145, 0.14196852, 0.0044120923, 0.13293463, 0.011332925, 0.20003308, 0.03682972, 0.19354847, 0.0808326, 0.13555196, 0.060408942]</VALUES>
		<LCS_MIN>[0.15839279, 0.12619701, 0.10483015, 0.1085152, 0.0344585, 0.01777877]</LCS_MIN>
		<LCS_MAX>[0.18076171, 0.1597181, 0.15768163, 0.3094478, 0.32797003, 0.22055389]</LCS_MAX>
		<WAVELENGTH>[0.48, 0.56, 0.655, 0.865, 1.61, 2.2]</WAVELENGTH>
		<MEAN_VALUE>[0.16928022, 0.14196852, 0.13293463, 0.20003308, 0.19354847, 0.13555196]</MEAN_VALUE>
		<CHECKBOX>2</CHECKBOX>
		<SD>[0.0031312145, 0.0044120923, 0.011332925, 0.03682972, 0.0808326, 0.060408942]</SD>
		<WAVELENGTH_UNIT>E-6m</WAVELENGTH_UNIT>
		<COLOR>#bb3d84</COLOR>
		<COVARIANCE_MATRIX>[[9.806113666854799e-06, 1.3120178664394189e-05, 3.153454599669203e-05, 6.933427357580513e-05, 0.00017986944294534624, 0.00014297509915195405], [1.3120178664394189e-05, 1.946975498867687e-05, 4.643435022444464e-05, 0.0001180006074719131, 0.00027224060613662004, 0.00020522820705082268], [3.153454599669203e-05, 4.643435022444464e-05, 0.00012845630408264697, 0.0003487648500595242, 0.0008427901775576174, 0.0006294054910540581], [6.933427357580513e-05, 0.0001180006074719131, 0.0003487648500595242, 0.0013566510751843452, 0.002772240899503231, 0.0019350162474438548], [0.00017986944294534624, 0.00027224060613662004, 0.0008427901775576174, 0.002772240899503231, 0.006534982472658157, 0.004804874304682016], [0.00014297509915195405, 0.00020522820705082268, 0.0006294054910540581, 0.0019350162474438548, 0.004804874304682016, 0.003649839200079441]]</COVARIANCE_MATRIX>
		<ROI_SIZE>6094</ROI_SIZE>
		<MAX_VALUE>[0.18076171, 0.1597181, 0.15768163, 0.3094478, 0.32797003, 0.22055389]</MAX_VALUE>
		<MIN_VALUE>[0.15839279, 0.12619701, 0.10483015, 0.1085152, 0.0344585, 0.01777877]</MIN_VALUE>
		<SIGNATURE_THRESHOLD_MD>0.0</SIGNATURE_THRESHOLD_MD>
		<SIGNATURE_THRESHOLD_ML>0.0</SIGNATURE_THRESHOLD_ML>
		<SIGNATURE_THRESHOLD_SAM>0.0</SIGNATURE_THRESHOLD_SAM>
	</signature>
	<signature ID="20210625_192656690382_862">
		<MACROCLASSID>3</MACROCLASSID>
		<MACROCLASSINFO>bareland</MACROCLASSINFO>
		<CLASSID>1</CLASSID>
		<CLASSINFO>C 1</CLASSINFO>
		<VALUES>[0.17057751, 0.012800247, 0.14536741, 0.017923804, 0.13896994, 0.023368258, 0.19809885, 0.02467517, 0.22747429, 0.04702923, 0.1879055, 0.06413281]</VALUES>
		<LCS_MIN>[0.15467538, 0.12241498, 0.105670616, 0.14381418, 0.12186545, 0.0723758]</LCS_MIN>
		<LCS_MAX>[0.20843194, 0.19679494, 0.20584595, 0.2836524, 0.3558989, 0.36010113]</LCS_MAX>
		<WAVELENGTH>[0.48, 0.56, 0.655, 0.865, 1.61, 2.2]</WAVELENGTH>
		<MEAN_VALUE>[0.17057751, 0.14536741, 0.13896994, 0.19809885, 0.22747429, 0.1879055]</MEAN_VALUE>
		<CHECKBOX>2</CHECKBOX>
		<SD>[0.012800247, 0.017923804, 0.023368258, 0.02467517, 0.04702923, 0.06413281]</SD>
		<WAVELENGTH_UNIT>E-6m</WAVELENGTH_UNIT>
		<COLOR>#e3963a</COLOR>
		<COVARIANCE_MATRIX>[[0.00016386149218305945, 0.00022785100736655295, 0.000290928699541837, 0.00023397602490149438, 0.000527729163877666, 0.0007722252048552036], [0.00022785100736655295, 0.0003212923475075513, 0.0004144138074479997, 0.0003421677101869136, 0.0007592143374495208, 0.00109978043474257], [0.000290928699541837, 0.0004144138074479997, 0.0005461260443553329, 0.00045352536835707724, 0.0010193573543801904, 0.0014580695424228907], [0.00023397602490149438, 0.0003421677101869136, 0.00045352536835707724, 0.0006089202361181378, 0.0010168383596464992, 0.0012538336450234056], [0.000527729163877666, 0.0007592143374495208, 0.0010193573543801904, 0.0010168383596464992, 0.0022119523491710424, 0.002930873306468129], [0.0007722252048552036, 0.00109978043474257, 0.0014580695424228907, 0.0012538336450234056, 0.002930873306468129, 0.004113397561013699]]</COVARIANCE_MATRIX>
		<ROI_SIZE>10828</ROI_SIZE>
		<MAX_VALUE>[0.20843194, 0.19679494, 0.20584595, 0.2836524, 0.3558989, 0.36010113]</MAX_VALUE>
		<MIN_VALUE>[0.15467538, 0.12241498, 0.105670616, 0.14381418, 0.12186545, 0.0723758]</MIN_VALUE>
		<SIGNATURE_THRESHOLD_MD>0.0</SIGNATURE_THRESHOLD_MD>
		<SIGNATURE_THRESHOLD_ML>0.0</SIGNATURE_THRESHOLD_ML>
		<SIGNATURE_THRESHOLD_SAM>0.0</SIGNATURE_THRESHOLD_SAM>
	</signature>
	<signature ID="20210625_193351110880_598">
		<MACROCLASSID>3</MACROCLASSID>
		<MACROCLASSINFO>bareland</MACROCLASSINFO>
		<CLASSID>2</CLASSID>
		<CLASSINFO>C 1</CLASSINFO>
		<VALUES>[0.17529704, 0.013887461, 0.14974034, 0.019843021, 0.14388897, 0.025318846, 0.20186917, 0.03022474, 0.23426227, 0.05252901, 0.19742264, 0.06950477]</VALUES>
		<LCS_MIN>[0.15852207, 0.12619701, 0.11239423, 0.13767241, 0.14507486, 0.10069254]</LCS_MIN>
		<LCS_MAX>[0.20607224, 0.19249572, 0.2008679, 0.2595379, 0.34267795, 0.3468802]</LCS_MAX>
		<WAVELENGTH>[0.48, 0.56, 0.655, 0.865, 1.61, 2.2]</WAVELENGTH>
		<MEAN_VALUE>[0.17529704, 0.14974034, 0.14388897, 0.20186917, 0.23426227, 0.19742264]</MEAN_VALUE>
		<CHECKBOX>2</CHECKBOX>
		<SD>[0.013887461, 0.019843021, 0.025318846, 0.03022474, 0.05252901, 0.06950477]</SD>
		<WAVELENGTH_UNIT>E-6m</WAVELENGTH_UNIT>
		<COLOR>#3300dd</COLOR>
		<COVARIANCE_MATRIX>[[0.00019308927585370839, 0.0002745794481597841, 0.0003459984145592898, 0.00035892523010261357, 0.000671666522976011, 0.0009415639215148985], [0.0002745794481597841, 0.00039421042311005294, 0.0004999819793738425, 0.0005324466619640589, 0.000986853614449501, 0.0013629175955429673], [0.0003459984145592898, 0.0004999819793738425, 0.000641800812445581, 0.0006889298092573881, 0.0012793369824066758, 0.001743742497637868], [0.00035892523010261357, 0.0005324466619640589, 0.0006889298092573881, 0.0009146134252659976, 0.0015341895632445812, 0.0019114675233140588], [0.000671666522976011, 0.000986853614449501, 0.0012793369824066758, 0.0015341895632445812, 0.0027625546790659428, 0.003559085773304105], [0.0009415639215148985, 0.0013629175955429673, 0.001743742497637868, 0.0019114675233140588, 0.003559085773304105, 0.004836615640670061]]</COVARIANCE_MATRIX>
		<ROI_SIZE>848</ROI_SIZE>
		<MAX_VALUE>[0.20607224, 0.19249572, 0.2008679, 0.2595379, 0.34267795, 0.3468802]</MAX_VALUE>
		<MIN_VALUE>[0.15852207, 0.12619701, 0.11239423, 0.13767241, 0.14507486, 0.10069254]</MIN_VALUE>
		<SIGNATURE_THRESHOLD_MD>0.0</SIGNATURE_THRESHOLD_MD>
		<SIGNATURE_THRESHOLD_ML>0.0</SIGNATURE_THRESHOLD_ML>
		<SIGNATURE_THRESHOLD_SAM>0.0</SIGNATURE_THRESHOLD_SAM>
	</signature>
	<signature ID="20210625_195114727594_428">
		<MACROCLASSID>4</MACROCLASSID>
		<MACROCLASSINFO>built-up</MACROCLASSINFO>
		<CLASSID>3</CLASSID>
		<CLASSINFO>C 1</CLASSINFO>
		<VALUES>[0.17227082, 0.0027204086, 0.14355364, 0.0043001464, 0.1357647, 0.00840904, 0.16227162, 0.019940766, 0.16163963, 0.042129487, 0.13974015, 0.044460032]</VALUES>
		<LCS_MIN>[0.1617869, 0.1318539, 0.11691972, 0.12150987, 0.086372554, 0.068238184]</LCS_MIN>
		<LCS_MAX>[0.19120272, 0.16938329, 0.17032072, 0.25776002, 0.3366978, 0.33514622]</LCS_MAX>
		<WAVELENGTH>[0.48, 0.56, 0.655, 0.865, 1.61, 2.2]</WAVELENGTH>
		<MEAN_VALUE>[0.17227082, 0.14355364, 0.1357647, 0.16227162, 0.16163963, 0.13974015]</MEAN_VALUE>
		<CHECKBOX>2</CHECKBOX>
		<SD>[0.0027204086, 0.0043001464, 0.00840904, 0.019940766, 0.042129487, 0.044460032]</SD>
		<WAVELENGTH_UNIT>E-6m</WAVELENGTH_UNIT>
		<COLOR>#cf2d44</COLOR>
		<COVARIANCE_MATRIX>[[7.4035483521583956e-06, 9.793940080271568e-06, 1.4060212379263248e-05, 8.449076631222852e-06, 2.4694900275790133e-05, 3.209193891962059e-05], [9.793940080271568e-06, 1.8498571080272086e-05, 3.2307874789694324e-05, 4.726724000647664e-05, 0.00011550789349712431, 0.00012736486678477377], [1.4060212379263248e-05, 3.2307874789694324e-05, 7.073989399941638e-05, 0.00011281348270131275, 0.000294974772259593, 0.0003266416606493294], [8.449076631222852e-06, 4.726724000647664e-05, 0.00011281348270131275, 0.0003977913875132799, 0.0007352784741669893, 0.0006878336425870657], [2.4694900275790133e-05, 0.00011550789349712431, 0.000294974772259593, 0.0007352784741669893, 0.0017755958251655102, 0.0018241567304357886], [3.209193891962059e-05, 0.00012736486678477377, 0.0003266416606493294, 0.0006878336425870657, 0.0018241567304357886, 0.0019774760585278273]]</COVARIANCE_MATRIX>
		<ROI_SIZE>2530</ROI_SIZE>
		<MAX_VALUE>[0.19120272, 0.16938329, 0.17032072, 0.25776002, 0.3366978, 0.33514622]</MAX_VALUE>
		<MIN_VALUE>[0.1617869, 0.1318539, 0.11691972, 0.12150987, 0.086372554, 0.068238184]</MIN_VALUE>
		<SIGNATURE_THRESHOLD_MD>0.0</SIGNATURE_THRESHOLD_MD>
		<SIGNATURE_THRESHOLD_ML>0.0</SIGNATURE_THRESHOLD_ML>
		<SIGNATURE_THRESHOLD_SAM>0.0</SIGNATURE_THRESHOLD_SAM>
	</signature>
	<signature ID="20210627_094919858220_565">
		<MACROCLASSID>2</MACROCLASSID>
		<MACROCLASSINFO>vegetation</MACROCLASSINFO>
		<CLASSID>4</CLASSID>
		<CLASSINFO>C 1</CLASSINFO>
		<VALUES>[0.1583496, 0.0037108997, 0.1386076, 0.009508632, 0.11046375, 0.009632961, 0.31538537, 0.06367807, 0.1463663, 0.021648373, 0.07295502, 0.014842368]</VALUES>
		<LCS_MIN>[0.15044081, 0.11656414, 0.09131828, 0.15593606, 0.08103892, 0.038208205]</LCS_MIN>
		<LCS_MAX>[0.17045003, 0.15735838, 0.13398735, 0.42458963, 0.2013851, 0.14675575]</LCS_MAX>
		<WAVELENGTH>[0.48, 0.56, 0.655, 0.865, 1.61, 2.2]</WAVELENGTH>
		<MEAN_VALUE>[0.1583496, 0.1386076, 0.11046375, 0.31538537, 0.1463663, 0.07295502]</MEAN_VALUE>
		<CHECKBOX>2</CHECKBOX>
		<SD>[0.0037108997, 0.009508632, 0.009632961, 0.06367807, 0.021648373, 0.014842368]</SD>
		<WAVELENGTH_UNIT>E-6m</WAVELENGTH_UNIT>
		<COLOR>#7aeadb</COLOR>
		<COVARIANCE_MATRIX>[[1.3778326319879852e-05, 2.2444563001045026e-05, 2.343028063478414e-05, 3.799566184170544e-05, 5.933338979957625e-05, 4.560310117085464e-05], [2.2444563001045026e-05, 9.046366903930902e-05, 8.522598363924772e-05, 0.0004178241651970893, 0.00014391206786967814, 8.456507202936336e-05], [2.343028063478414e-05, 8.522598363924772e-05, 9.284482075599954e-05, 0.00025483648641966283, 0.00011795035970862955, 9.020992001751438e-05], [3.799566184170544e-05, 0.0004178241651970893, 0.00025483648641966283, 0.004057120531797409, 0.0007995262276381254, 0.00018040348368231207], [5.933338979957625e-05, 0.00014391206786967814, 0.00011795035970862955, 0.0007995262276381254, 0.00046890898374840617, 0.000274712685495615], [4.560310117085464e-05, 8.456507202936336e-05, 9.020992001751438e-05, 0.00018040348368231207, 0.000274712685495615, 0.0002204166230512783]]</COVARIANCE_MATRIX>
		<ROI_SIZE>1825</ROI_SIZE>
		<MAX_VALUE>[0.17045003, 0.15735838, 0.13398735, 0.42458963, 0.2013851, 0.14675575]</MAX_VALUE>
		<MIN_VALUE>[0.15044081, 0.11656414, 0.09131828, 0.15593606, 0.08103892, 0.038208205]</MIN_VALUE>
		<SIGNATURE_THRESHOLD_MD>0.0</SIGNATURE_THRESHOLD_MD>
		<SIGNATURE_THRESHOLD_ML>0.0</SIGNATURE_THRESHOLD_ML>
		<SIGNATURE_THRESHOLD_SAM>0.0</SIGNATURE_THRESHOLD_SAM>
	</signature>
	<signature ID="20210627_100301900273_447">
		<MACROCLASSID>2</MACROCLASSID>
		<MACROCLASSINFO>vegetation</MACROCLASSINFO>
		<CLASSID>5</CLASSID>
		<CLASSINFO>C 1</CLASSINFO>
		<VALUES>[0.15756203, 0.0038427464, 0.13761231, 0.013237755, 0.10976335, 0.011216739, 0.30914652, 0.07282433, 0.13872966, 0.018905723, 0.06813028, 0.010686298]</VALUES>
		<LCS_MIN>[0.14743459, 0.11362256, 0.089669704, 0.17604227, 0.07699827, 0.03762636]</LCS_MIN>
		<LCS_MAX>[0.1667003, 0.15726142, 0.13023764, 0.41246775, 0.19640703, 0.12141291]</LCS_MAX>
		<WAVELENGTH>[0.48, 0.56, 0.655, 0.865, 1.61, 2.2]</WAVELENGTH>
		<MEAN_VALUE>[0.15756203, 0.13761231, 0.10976335, 0.30914652, 0.13872966, 0.06813028]</MEAN_VALUE>
		<CHECKBOX>2</CHECKBOX>
		<SD>[0.0038427464, 0.013237755, 0.011216739, 0.07282433, 0.018905723, 0.010686298]</SD>
		<WAVELENGTH_UNIT>E-6m</WAVELENGTH_UNIT>
		<COLOR>#22d61a</COLOR>
		<COVARIANCE_MATRIX>[[1.4779731827729847e-05, 4.2057232349179685e-05, 3.321425901958719e-05, 0.00020434595353435725, 4.209267717669718e-05, 1.9401408280828036e-05], [4.2057232349179685e-05, 0.0001753928227117285, 0.00014452330651693046, 0.0008896541548892856, 0.00011975137749686837, 3.6283687222748995e-05], [3.321425901958719e-05, 0.00014452330651693046, 0.00012592627899721265, 0.000677727977745235, 8.59166684676893e-05, 3.1955722079146653e-05], [0.00020434595353435725, 0.0008896541548892856, 0.000677727977745235, 0.005308064166456461, 0.0008034419734030962, 0.00017290950927417725], [4.209267717669718e-05, 0.00011975137749686837, 8.59166684676893e-05, 0.0008034419734030962, 0.0003577418392524123, 0.0001729361101752147], [1.9401408280828036e-05, 3.6283687222748995e-05, 3.1955722079146653e-05, 0.00017290950927417725, 0.0001729361101752147, 0.00011429775622673333]]</COVARIANCE_MATRIX>
		<ROI_SIZE>1134</ROI_SIZE>
		<MAX_VALUE>[0.1667003, 0.15726142, 0.13023764, 0.41246775, 0.19640703, 0.12141291]</MAX_VALUE>
		<MIN_VALUE>[0.14743459, 0.11362256, 0.089669704, 0.17604227, 0.07699827, 0.03762636]</MIN_VALUE>
		<SIGNATURE_THRESHOLD_MD>0.0</SIGNATURE_THRESHOLD_MD>
		<SIGNATURE_THRESHOLD_ML>0.0</SIGNATURE_THRESHOLD_ML>
		<SIGNATURE_THRESHOLD_SAM>0.0</SIGNATURE_THRESHOLD_SAM>
	</signature>
	<signature ID="20210627_100714662402_153">
		<MACROCLASSID>2</MACROCLASSID>
		<MACROCLASSINFO>vegetation</MACROCLASSINFO>
		<CLASSID>6</CLASSID>
		<CLASSINFO>C 1</CLASSINFO>
		<VALUES>[0.15846893, 0.0017311496, 0.1406383, 0.0052314643, 0.111219816, 0.005988143, 0.3515488, 0.023516009, 0.15403531, 0.016709644, 0.07551899, 0.013846398]</VALUES>
		<LCS_MIN>[0.15040849, 0.121994756, 0.094971016, 0.28885671, 0.12635864, 0.053562615]</LCS_MIN>
		<LCS_MAX>[0.16456687, 0.15486933, 0.12894464, 0.40512997, 0.21845274, 0.13954726]</LCS_MAX>
		<WAVELENGTH>[0.48, 0.56, 0.655, 0.865, 1.61, 2.2]</WAVELENGTH>
		<MEAN_VALUE>[0.15846893, 0.1406383, 0.111219816, 0.3515488, 0.15403531, 0.07551899]</MEAN_VALUE>
		<CHECKBOX>2</CHECKBOX>
		<SD>[0.0017311496, 0.0052314643, 0.005988143, 0.023516009, 0.016709644, 0.013846398]</SD>
		<WAVELENGTH_UNIT>E-6m</WAVELENGTH_UNIT>
		<COLOR>#0797b6</COLOR>
		<COVARIANCE_MATRIX>[[3.0023477393115172e-06, 8.043364800869313e-07, 3.0072299068706343e-06, -1.711514050839469e-05, 1.9974007955170237e-05, 1.8594662833493203e-05], [8.043364800869313e-07, 2.7418162062531337e-05, 2.866638715204317e-05, 4.3835723772645e-05, -4.178964445600286e-06, 3.874074536724947e-06], [3.0072299068706343e-06, 2.866638715204317e-05, 3.5923290852224454e-05, 1.0155117706744932e-05, 1.45045396493515e-05, 2.7929680072702467e-05], [-1.711514050839469e-05, 4.3835723772645e-05, 1.0155117706744932e-05, 0.0005540119018405676, -0.00012867199257016182, -0.0001736128906486556], [1.9974007955170237e-05, -4.178964445600286e-06, 1.45045396493515e-05, -0.00012867199257016182, 0.00027972168754786253, 0.00021151651162654161], [1.8594662833493203e-05, 3.874074536724947e-06, 2.7929680072702467e-05, -0.0001736128906486556, 0.00021151651162654161, 0.0001920725917443633]]</COVARIANCE_MATRIX>
		<ROI_SIZE>549</ROI_SIZE>
		<MAX_VALUE>[0.16456687, 0.15486933, 0.12894464, 0.40512997, 0.21845274, 0.13954726]</MAX_VALUE>
		<MIN_VALUE>[0.15040849, 0.121994756, 0.094971016, 0.28885671, 0.12635864, 0.053562615]</MIN_VALUE>
		<SIGNATURE_THRESHOLD_MD>0.0</SIGNATURE_THRESHOLD_MD>
		<SIGNATURE_THRESHOLD_ML>0.0</SIGNATURE_THRESHOLD_ML>
		<SIGNATURE_THRESHOLD_SAM>0.0</SIGNATURE_THRESHOLD_SAM>
	</signature>
	<signature ID="20210627_170238327806_944">
		<MACROCLASSID>4</MACROCLASSID>
		<MACROCLASSINFO>built-up</MACROCLASSINFO>
		<CLASSID>7</CLASSID>
		<CLASSINFO>C 1</CLASSINFO>
		<VALUES>[0.17521767, 0.0059559243, 0.14740536, 0.009052438, 0.14027272, 0.013281168, 0.16708869, 0.022342857, 0.17164259, 0.044569034, 0.15401739, 0.05277789]</VALUES>
		<LCS_MIN>[0.16110809, 0.12955883, 0.11168308, 0.11501255, 0.075931564, 0.059962973]</LCS_MIN>
		<LCS_MAX>[0.19708587, 0.17992127, 0.18638627, 0.24221165, 0.3251901, 0.38596117]</LCS_MAX>
		<WAVELENGTH>[0.48, 0.56, 0.655, 0.865, 1.61, 2.2]</WAVELENGTH>
		<MEAN_VALUE>[0.17521767, 0.14740536, 0.14027272, 0.16708869, 0.17164259, 0.15401739]</MEAN_VALUE>
		<CHECKBOX>2</CHECKBOX>
		<SD>[0.0059559243, 0.009052438, 0.013281168, 0.022342857, 0.044569034, 0.05277789]</SD>
		<WAVELENGTH_UNIT>E-6m</WAVELENGTH_UNIT>
		<COLOR>#5d3058</COLOR>
		<COVARIANCE_MATRIX>[[3.549526510179901e-05, 5.156681546601685e-05, 7.212496845366514e-05, 7.165943040873091e-05, 0.00019063855124844945, 0.0002486348862833999], [5.156681546601685e-05, 8.199798012028418e-05, 0.00011761123259320759, 0.00013862323822722906, 0.0003412959633291997, 0.00042695644042684607], [7.212496845366514e-05, 0.00011761123259320759, 0.00017649990900941157, 0.00021443894905891824, 0.0005197872678833932, 0.000636244050546353], [7.165943040873091e-05, 0.00013862323822722906, 0.00021443894905891824, 0.0004995159736888489, 0.0008844393284865094, 0.0009159598902351126], [0.00019063855124844945, 0.0003412959633291997, 0.0005197872678833932, 0.0008844393284865094, 0.001987643232055607, 0.002266608185319499], [0.0002486348862833999, 0.00042695644042684607, 0.000636244050546353, 0.0009159598902351126, 0.002266608185319499, 0.002787250894797608]]</COVARIANCE_MATRIX>
		<ROI_SIZE>1597</ROI_SIZE>
		<MAX_VALUE>[0.19708587, 0.17992127, 0.18638627, 0.24221165, 0.3251901, 0.38596117]</MAX_VALUE>
		<MIN_VALUE>[0.16110809, 0.12955883, 0.11168308, 0.11501255, 0.075931564, 0.059962973]</MIN_VALUE>
		<SIGNATURE_THRESHOLD_MD>0</SIGNATURE_THRESHOLD_MD>
		<SIGNATURE_THRESHOLD_ML>0</SIGNATURE_THRESHOLD_ML>
		<SIGNATURE_THRESHOLD_SAM>0</SIGNATURE_THRESHOLD_SAM>
	</signature>
	<signature ID="20210627_171426161915_559">
		<MACROCLASSID>1</MACROCLASSID>
		<MACROCLASSINFO>waterbody</MACROCLASSINFO>
		<CLASSID>8</CLASSID>
		<CLASSINFO>C 1</CLASSINFO>
		<VALUES>[0.16144916, 0.0030863758, 0.12604772, 0.004231905, 0.10563894, 0.0053074462, 0.10198577, 0.01616565, 0.040035848, 0.015506553, 0.022722634, 0.011226127]</VALUES>
		<LCS_MIN>[0.15577443, 0.118632965, 0.09577913, 0.079745896, 0.025278192, 0.013382564]</LCS_MIN>
		<LCS_MAX>[0.1723895, 0.13890077, 0.12141291, 0.1610111, 0.13983819, 0.09144759]</LCS_MAX>
		<WAVELENGTH>[0.48, 0.56, 0.655, 0.865, 1.61, 2.2]</WAVELENGTH>
		<MEAN_VALUE>[0.16144916, 0.12604772, 0.10563894, 0.10198577, 0.040035848, 0.022722634]</MEAN_VALUE>
		<CHECKBOX>2</CHECKBOX>
		<SD>[0.0030863758, 0.004231905, 0.0053074462, 0.01616565, 0.015506553, 0.011226127]</SD>
		<WAVELENGTH_UNIT>E-6m</WAVELENGTH_UNIT>
		<COLOR>#9441b6</COLOR>
		<COVARIANCE_MATRIX>[[9.540668740615691e-06, 1.1085955821496307e-05, 1.5686091486845926e-05, 6.951434625135783e-06, 2.0677110315869855e-05, 1.731954158745507e-05], [1.1085955821496307e-05, 1.7937136921089014e-05, 2.033295182420184e-05, 3.66226769294424e-05, 3.9902822587582765e-05, 2.965109745765281e-05], [1.5686091486845926e-05, 2.033295182420184e-05, 2.8213203539771784e-05, 2.094792293895989e-05, 4.29165429048839e-05, 3.477187130089104e-05], [6.951434625135783e-06, 3.66226769294424e-05, 2.094792293895989e-05, 0.0002617384666205984, 0.00018662387720638318, 0.00011932042930208926], [2.0677110315869855e-05, 3.9902822587582765e-05, 4.29165429048839e-05, 0.00018662387720638318, 0.00024083072359207215, 0.00017051924280138872], [1.731954158745507e-05, 2.965109745765281e-05, 3.477187130089104e-05, 0.00011932042930208926, 0.00017051924280138872, 0.0001262237388967673]]</COVARIANCE_MATRIX>
		<ROI_SIZE>638</ROI_SIZE>
		<MAX_VALUE>[0.1723895, 0.13890077, 0.12141291, 0.1610111, 0.13983819, 0.09144759]</MAX_VALUE>
		<MIN_VALUE>[0.15577443, 0.118632965, 0.09577913, 0.079745896, 0.025278192, 0.013382564]</MIN_VALUE>
		<SIGNATURE_THRESHOLD_MD>0</SIGNATURE_THRESHOLD_MD>
		<SIGNATURE_THRESHOLD_ML>0</SIGNATURE_THRESHOLD_ML>
		<SIGNATURE_THRESHOLD_SAM>0</SIGNATURE_THRESHOLD_SAM>
	</signature>
</signaturelist>
