<?xml version="1.0" ?>
<signaturelist MCID_LIST="[['1', 'waterbody', '#000000'], ['2', 'vegetation', '#000000'], ['3', 'bareland', '#000000'], ['4', 'built-up', '#000000']]">
	<signature ID="20210428_120459269850_521">
		<MACROCLASSID>1</MACROCLASSID>
		<MACROCLASSINFO>waterbody</MACROCLASSINFO>
		<CLASSID>1</CLASSID>
		<CLASSINFO>C 1</CLASSINFO>
		<VALUES>[0.12458922284966482, 0.001791609253229228, 0.12180077923523804, 0.0021792301482014367, 0.12258113503603113, 0.0029100024589301283, 0.08984628000954666, 0.004202470973538433, 0.016816143627748154, 0.005951342805768309, 0.010329263539021347, 0.005328204553124909]</VALUES>
		<LCS_MIN>[0.11886504292488098, 0.11280177533626556, 0.10972174257040024, 0.0800580084323883, 0.006478566210716963, 0.0022633413318544626]</LCS_MIN>
		<LCS_MAX>[0.13119888305664062, 0.13068218529224396, 0.13448384404182434, 0.12477105855941772, 0.05076686665415764, 0.04360462725162506]</LCS_MAX>
		<WAVELENGTH>[0.485, 0.56, 0.66, 0.83, 1.65, 2.215]</WAVELENGTH>
		<MEAN_VALUE>[0.12458922284966482, 0.12180077923523804, 0.12258113503603113, 0.08984628000954666, 0.016816143627748154, 0.010329263539021347]</MEAN_VALUE>
		<CHECKBOX>2</CHECKBOX>
		<SD>[0.001791609253229228, 0.0021792301482014367, 0.0029100024589301283, 0.004202470973538433, 0.005951342805768309, 0.005328204553124909]</SD>
		<WAVELENGTH_UNIT>E-6m</WAVELENGTH_UNIT>
		<COLOR>#497daf</COLOR>
		<COVARIANCE_MATRIX>[[3.188339996013735e-06, 1.3575679079712127e-06, 1.5794739547373528e-06, 1.8512098789259084e-07, 9.754664881507975e-07, 1.1648621831636912e-06], [1.3575679079712127e-06, 5.041236599869764e-06, 2.8499062231104254e-06, -1.1352644154168905e-06, -5.501067509273039e-07, 1.885976382589495e-07], [1.5794739547373528e-06, 2.8499062231104254e-06, 7.86319045350374e-06, -1.5898472174399573e-06, -6.115824837082412e-07, 1.9758668730393632e-07], [1.8512098789259084e-07, -1.1352644154168905e-06, -1.5898472174399573e-06, 1.9392215941686187e-05, 1.9448553184065474e-05, 1.5950563830123427e-05], [9.754664881507975e-07, -5.501067509273039e-07, -6.115824837082412e-07, 1.9448553184065474e-05, 3.7974101041100596e-05, 2.9697702148301202e-05], [1.1648621831636912e-06, 1.885976382589495e-07, 1.9758668730393632e-07, 1.5950563830123427e-05, 2.9697702148301202e-05, 3.1510406007572426e-05]]</COVARIANCE_MATRIX>
		<ROI_SIZE>3054</ROI_SIZE>
		<MAX_VALUE>[0.13119888305664062, 0.13068218529224396, 0.13448384404182434, 0.12477105855941772, 0.05076686665415764, 0.04360462725162506]</MAX_VALUE>
		<MIN_VALUE>[0.11886504292488098, 0.11280177533626556, 0.10972174257040024, 0.0800580084323883, 0.006478566210716963, 0.0022633413318544626]</MIN_VALUE>
		<SIGNATURE_THRESHOLD_MD>0</SIGNATURE_THRESHOLD_MD>
		<SIGNATURE_THRESHOLD_ML>0</SIGNATURE_THRESHOLD_ML>
		<SIGNATURE_THRESHOLD_SAM>0</SIGNATURE_THRESHOLD_SAM>
	</signature>
	<signature ID="20210428_120520779918_203">
		<MACROCLASSID>1</MACROCLASSID>
		<MACROCLASSINFO>waterbody</MACROCLASSINFO>
		<CLASSID>2</CLASSID>
		<CLASSINFO>C 1</CLASSINFO>
		<VALUES>[0.12650528707163305, 0.002088129298960878, 0.12223135755918967, 0.002428536097710235, 0.12249765433740668, 0.0033766152712924654, 0.0909329811101532, 0.005340254076528547, 0.01700972717811664, 0.005363474142912048, 0.009998882995339136, 0.004759596719531823]</VALUES>
		<LCS_MIN>[0.12023545801639557, 0.10982170701026917, 0.11247310042381287, 0.0800580084323883, 0.006478566210716963, 0.0]</LCS_MIN>
		<LCS_MAX>[0.133939728140831, 0.13068218529224396, 0.1317325085401535, 0.12477105855941772, 0.05519569665193558, 0.046784717589616776]</LCS_MAX>
		<WAVELENGTH>[0.485, 0.56, 0.66, 0.83, 1.65, 2.215]</WAVELENGTH>
		<MEAN_VALUE>[0.12650528707163305, 0.12223135755918967, 0.12249765433740668, 0.0909329811101532, 0.01700972717811664, 0.009998882995339136]</MEAN_VALUE>
		<CHECKBOX>2</CHECKBOX>
		<SD>[0.002088129298960878, 0.002428536097710235, 0.0033766152712924654, 0.005340254076528547, 0.005363474142912048, 0.004759596719531823]</SD>
		<WAVELENGTH_UNIT>E-6m</WAVELENGTH_UNIT>
		<COLOR>#d55781</COLOR>
		<COVARIANCE_MATRIX>[[4.361776195040893e-06, 2.2865143922455923e-06, 3.4830799759750366e-06, 3.4520480528817875e-06, 1.471255232740819e-06, 8.126447559836901e-07], [2.2865143922455923e-06, 5.899805985676992e-06, 4.90803682683388e-06, 2.75828804381024e-06, 3.4610007467600377e-07, 6.481219749291723e-08], [3.4830799759750366e-06, 4.90803682683388e-06, 1.1405432651547291e-05, 4.749751311993017e-06, 2.428512993250952e-07, 1.8926656590983979e-07], [3.4520480528817875e-06, 2.75828804381024e-06, 4.749751311993017e-06, 2.85280734627979e-05, 1.9704482150077865e-05, 1.530196019659756e-05], [1.471255232740819e-06, 3.4610007467600377e-07, 2.428512993250952e-07, 1.9704482150077865e-05, 2.8776699801221298e-05, 2.0722144004101177e-05], [8.126447559836901e-07, 6.481219749291723e-08, 1.8926656590983979e-07, 1.530196019659756e-05, 2.0722144004101177e-05, 2.266151375972814e-05]]</COVARIANCE_MATRIX>
		<ROI_SIZE>2923</ROI_SIZE>
		<MAX_VALUE>[0.133939728140831, 0.13068218529224396, 0.1317325085401535, 0.12477105855941772, 0.05519569665193558, 0.046784717589616776]</MAX_VALUE>
		<MIN_VALUE>[0.12023545801639557, 0.10982170701026917, 0.11247310042381287, 0.0800580084323883, 0.006478566210716963, 0.0]</MIN_VALUE>
		<SIGNATURE_THRESHOLD_MD>0</SIGNATURE_THRESHOLD_MD>
		<SIGNATURE_THRESHOLD_ML>0</SIGNATURE_THRESHOLD_ML>
		<SIGNATURE_THRESHOLD_SAM>0</SIGNATURE_THRESHOLD_SAM>
	</signature>
	<signature ID="20210428_120525610018_917">
		<MACROCLASSID>1</MACROCLASSID>
		<MACROCLASSINFO>waterbody</MACROCLASSINFO>
		<CLASSID>3</CLASSID>
		<CLASSINFO>C 1</CLASSINFO>
		<VALUES>[0.12665298068915448, 0.002339921373571999, 0.12323638991888551, 0.0026967778929304345, 0.11369834750715947, 0.0038026168556975683, 0.06464597510870773, 0.0073558676566442055, 0.012509530972397535, 0.005914716163246879, 0.007348711322056644, 0.005000611802261814]</VALUES>
		<LCS_MIN>[0.1174946054816246, 0.11280177533626556, 0.09321367740631104, 0.05254228785634041, 0.0020497371442615986, 0.0]</LCS_MIN>
		<LCS_MAX>[0.13531014323234558, 0.13366228342056274, 0.13448384404182434, 0.09725533425807953, 0.05298127979040146, 0.04360462725162506]</LCS_MAX>
		<WAVELENGTH>[0.485, 0.56, 0.66, 0.83, 1.65, 2.215]</WAVELENGTH>
		<MEAN_VALUE>[0.12665298068915448, 0.12323638991888551, 0.11369834750715947, 0.06464597510870773, 0.012509530972397535, 0.007348711322056644]</MEAN_VALUE>
		<CHECKBOX>2</CHECKBOX>
		<SD>[0.002339921373571999, 0.0026967778929304345, 0.0038026168556975683, 0.0073558676566442055, 0.005914716163246879, 0.005000611802261814]</SD>
		<WAVELENGTH_UNIT>E-6m</WAVELENGTH_UNIT>
		<COLOR>#0ed4b4</COLOR>
		<COVARIANCE_MATRIX>[[5.47752676712034e-06, 3.427743563229015e-06, 6.654781509925525e-07, -4.429196664528514e-06, 9.85313595810315e-07, 1.04039006596255e-06], [3.427743563229015e-06, 7.275659038585983e-06, 1.8279523990839498e-06, -5.302415311283853e-06, -3.236848610102326e-07, 2.3273913292920706e-07], [6.654781509925525e-07, 1.8279523990839498e-06, 1.4465955259261801e-05, 1.4445514758597967e-05, -1.006289148115505e-06, -3.8766318928913855e-07], [-4.429196664528514e-06, -5.302415311283853e-06, 1.4445514758597967e-05, 5.413146659689334e-05, 1.9863240069523566e-05, 1.4132809805500412e-05], [9.85313595810315e-07, -3.236848610102326e-07, -1.006289148115505e-06, 1.9863240069523566e-05, 3.4998529432298504e-05, 2.3222894167404625e-05], [1.04039006596255e-06, 2.3273913292920706e-07, -3.8766318928913855e-07, 1.4132809805500412e-05, 2.3222894167404625e-05, 2.5016598748301904e-05]]</COVARIANCE_MATRIX>
		<ROI_SIZE>2387</ROI_SIZE>
		<MAX_VALUE>[0.13531014323234558, 0.13366228342056274, 0.13448384404182434, 0.09725533425807953, 0.05298127979040146, 0.04360462725162506]</MAX_VALUE>
		<MIN_VALUE>[0.1174946054816246, 0.11280177533626556, 0.09321367740631104, 0.05254228785634041, 0.0020497371442615986, 0.0]</MIN_VALUE>
		<SIGNATURE_THRESHOLD_MD>0</SIGNATURE_THRESHOLD_MD>
		<SIGNATURE_THRESHOLD_ML>0</SIGNATURE_THRESHOLD_ML>
		<SIGNATURE_THRESHOLD_SAM>0</SIGNATURE_THRESHOLD_SAM>
	</signature>
	<signature ID="20210428_120531624288_166">
		<MACROCLASSID>1</MACROCLASSID>
		<MACROCLASSINFO>waterbody</MACROCLASSINFO>
		<CLASSID>4</CLASSID>
		<CLASSINFO>C 1</CLASSINFO>
		<VALUES>[0.1262447171374762, 0.002634980931129009, 0.12361881270960728, 0.0035719734080447833, 0.13682532468728265, 0.0048513297703929505, 0.13971091755240003, 0.006239057428031853, 0.018386762805563298, 0.007664044363818413, 0.010665219477350357, 0.006251256676385597]</VALUES>
		<LCS_MIN>[0.12023545801639557, 0.10982170701026917, 0.10972174257040024, 0.1213315948843956, 0.006478566210716963, 0.0]</LCS_MIN>
		<LCS_MAX>[0.133939728140831, 0.13366228342056274, 0.15099188685417175, 0.17292357981204987, 0.05298127979040146, 0.04042452573776245]</LCS_MAX>
		<WAVELENGTH>[0.485, 0.56, 0.66, 0.83, 1.65, 2.215]</WAVELENGTH>
		<MEAN_VALUE>[0.1262447171374762, 0.12361881270960728, 0.13682532468728265, 0.13971091755240003, 0.018386762805563298, 0.010665219477350357]</MEAN_VALUE>
		<CHECKBOX>2</CHECKBOX>
		<SD>[0.002634980931129009, 0.0035719734080447833, 0.0048513297703929505, 0.006239057428031853, 0.007664044363818413, 0.006251256676385597]</SD>
		<WAVELENGTH_UNIT>E-6m</WAVELENGTH_UNIT>
		<COLOR>#ad4714</COLOR>
		<COVARIANCE_MATRIX>[[6.801165786396086e-06, 5.036293187106351e-06, 7.5668905039869335e-06, 4.693009209630561e-06, 9.348439491420191e-07, 1.9185497695624713e-06], [5.036293187106351e-06, 1.098294473107611e-05, 1.1886215223616016e-05, 5.5727472307108746e-06, -3.344134098768366e-06, -6.235940465421127e-07], [7.5668905039869335e-06, 1.1886215223616016e-05, 2.5082877441659462e-05, 2.405302161480885e-06, -1.4001519489117514e-05, -6.960299924858439e-06], [4.693009209630561e-06, 5.5727472307108746e-06, 2.405302161480885e-06, 4.467766365749354e-05, 2.701769167648988e-05, 1.7747059692455485e-05], [9.348439491420191e-07, -3.344134098768366e-06, -1.4001519489117514e-05, 2.701769167648988e-05, 6.328624453412891e-05, 4.327567624308864e-05], [1.9185497695624713e-06, -6.235940465421127e-07, -6.960299924858439e-06, 1.7747059692455485e-05, 4.327567624308864e-05, 4.099801650955914e-05]]</COVARIANCE_MATRIX>
		<ROI_SIZE>1255</ROI_SIZE>
		<MAX_VALUE>[0.133939728140831, 0.13366228342056274, 0.15099188685417175, 0.17292357981204987, 0.05298127979040146, 0.04042452573776245]</MAX_VALUE>
		<MIN_VALUE>[0.12023545801639557, 0.10982170701026917, 0.10972174257040024, 0.1213315948843956, 0.006478566210716963, 0.0]</MIN_VALUE>
		<SIGNATURE_THRESHOLD_MD>0</SIGNATURE_THRESHOLD_MD>
		<SIGNATURE_THRESHOLD_ML>0</SIGNATURE_THRESHOLD_ML>
		<SIGNATURE_THRESHOLD_SAM>0</SIGNATURE_THRESHOLD_SAM>
	</signature>
	<signature ID="20210428_120538842552_623">
		<MACROCLASSID>1</MACROCLASSID>
		<MACROCLASSINFO>waterbody</MACROCLASSINFO>
		<CLASSID>5</CLASSID>
		<CLASSINFO>C 1</CLASSINFO>
		<VALUES>[0.11727876144213628, 0.004303719464112212, 0.10739957163716496, 0.012669642335198341, 0.08292782984751462, 0.01928886818829976, 0.06956584992393697, 0.008949293524370502, 0.0206172611324994, 0.009372964858552874, 0.012013634297661866, 0.007238622121183703]</VALUES>
		<LCS_MIN>[0.1092720553278923, 0.08896122127771378, 0.05744621530175209, 0.05254228785634041, 0.004264152143150568, 0.0]</LCS_MIN>
		<LCS_MAX>[0.1270875781774521, 0.12770211696624756, 0.1152244359254837, 0.10069480538368225, 0.059624530375003815, 0.04360462725162506]</LCS_MAX>
		<WAVELENGTH>[0.485, 0.56, 0.66, 0.83, 1.65, 2.215]</WAVELENGTH>
		<MEAN_VALUE>[0.11727876144213628, 0.10739957163716496, 0.08292782984751462, 0.06956584992393697, 0.0206172611324994, 0.012013634297661866]</MEAN_VALUE>
		<CHECKBOX>2</CHECKBOX>
		<SD>[0.004303719464112212, 0.012669642335198341, 0.01928886818829976, 0.008949293524370502, 0.009372964858552874, 0.007238622121183703]</SD>
		<WAVELENGTH_UNIT>E-6m</WAVELENGTH_UNIT>
		<COLOR>#fce685</COLOR>
		<COVARIANCE_MATRIX>[[1.883283539729497e-05, 4.9846459964551456e-05, 7.578499936238837e-05, 1.2402367462917625e-05, -6.94996601385597e-06, -3.7871441101737098e-06], [4.9846459964551456e-05, 0.00015770489339801528, 0.00023132238006783154, 3.058541452349203e-05, -3.34900333335763e-05, -2.0588381107055673e-05], [7.578499936238837e-05, 0.00023132238006783154, 0.0003576565334622062, 5.546316750118322e-05, -4.246113129405909e-05, -2.510612135372263e-05], [1.2402367462917625e-05, 3.058541452349203e-05, 5.546316750118322e-05, 8.232518402067432e-05, 5.789196720350001e-05, 4.152093896240118e-05], [-6.94996601385597e-06, -3.34900333335763e-05, -4.246113129405909e-05, 5.789196720350001e-05, 9.573478376802726e-05, 6.449041278772002e-05], [-3.7871441101737098e-06, -2.0588381107055673e-05, -2.510612135372263e-05, 4.152093896240118e-05, 6.449041278772002e-05, 5.626145335706476e-05]]</COVARIANCE_MATRIX>
		<ROI_SIZE>1094</ROI_SIZE>
		<MAX_VALUE>[0.1270875781774521, 0.12770211696624756, 0.1152244359254837, 0.10069480538368225, 0.059624530375003815, 0.04360462725162506]</MAX_VALUE>
		<MIN_VALUE>[0.1092720553278923, 0.08896122127771378, 0.05744621530175209, 0.05254228785634041, 0.004264152143150568, 0.0]</MIN_VALUE>
		<SIGNATURE_THRESHOLD_MD>0</SIGNATURE_THRESHOLD_MD>
		<SIGNATURE_THRESHOLD_ML>0</SIGNATURE_THRESHOLD_ML>
		<SIGNATURE_THRESHOLD_SAM>0</SIGNATURE_THRESHOLD_SAM>
	</signature>
	<signature ID="20210428_120545137556_452">
		<MACROCLASSID>1</MACROCLASSID>
		<MACROCLASSINFO>waterbody</MACROCLASSINFO>
		<CLASSID>6</CLASSID>
		<CLASSINFO>C 1</CLASSINFO>
		<VALUES>[0.12256029081930013, 0.0020461469227065435, 0.12819879690539965, 0.0035270643949835666, 0.11998196549358821, 0.004133432968689661, 0.0828935205492945, 0.009166735567200948, 0.021874023374125726, 0.01048806839327906, 0.012560803590098493, 0.007492121976053821]</VALUES>
		<LCS_MIN>[0.11338332295417786, 0.10684163123369217, 0.09321367740631104, 0.06630014628171921, 0.00869298167526722, 0.0022633413318544626]</LCS_MIN>
		<LCS_MAX>[0.12845802307128906, 0.13664232194423676, 0.12898114323616028, 0.11789211630821228, 0.059624530375003815, 0.04360462725162506]</LCS_MAX>
		<WAVELENGTH>[0.485, 0.56, 0.66, 0.83, 1.65, 2.215]</WAVELENGTH>
		<MEAN_VALUE>[0.12256029081930013, 0.12819879690539965, 0.11998196549358821, 0.0828935205492945, 0.021874023374125726, 0.012560803590098493]</MEAN_VALUE>
		<CHECKBOX>2</CHECKBOX>
		<SD>[0.0020461469227065435, 0.0035270643949835666, 0.004133432968689661, 0.009166735567200948, 0.01048806839327906, 0.007492121976053821]</SD>
		<WAVELENGTH_UNIT>E-6m</WAVELENGTH_UNIT>
		<COLOR>#1e5daf</COLOR>
		<COVARIANCE_MATRIX>[[4.767058885559696e-06, 4.614694579862288e-06, 5.930686476057005e-06, -3.2812313865656682e-06, -2.7039555970124552e-06, 4.522090436240115e-07], [4.614694579862288e-06, 1.2790980406489618e-05, 1.2604924959154442e-05, -1.2879981313983806e-05, -1.2554034998843096e-05, -4.859043982534147e-06], [5.930686476057005e-06, 1.2604924959154442e-05, 1.9127230439296763e-05, -1.482366971610331e-05, -1.3324519410744497e-05, -4.0520502863809285e-06], [-3.2812313865656682e-06, -1.2879981313983806e-05, -1.482366971610331e-05, 7.819615266322024e-05, 7.045090171559957e-05, 4.581400254668177e-05], [-2.7039555970124552e-06, -1.2554034998843096e-05, -1.3324519410744497e-05, 7.045090171559957e-05, 0.00010749475123732246, 6.756216666705926e-05], [4.522090436240115e-07, -4.859043982534147e-06, -4.0520502863809285e-06, 4.581400254668177e-05, 6.756216666705926e-05, 5.730561559313534e-05]]</COVARIANCE_MATRIX>
		<ROI_SIZE>663</ROI_SIZE>
		<MAX_VALUE>[0.12845802307128906, 0.13664232194423676, 0.12898114323616028, 0.11789211630821228, 0.059624530375003815, 0.04360462725162506]</MAX_VALUE>
		<MIN_VALUE>[0.11338332295417786, 0.10684163123369217, 0.09321367740631104, 0.06630014628171921, 0.00869298167526722, 0.0022633413318544626]</MIN_VALUE>
		<SIGNATURE_THRESHOLD_MD>0</SIGNATURE_THRESHOLD_MD>
		<SIGNATURE_THRESHOLD_ML>0</SIGNATURE_THRESHOLD_ML>
		<SIGNATURE_THRESHOLD_SAM>0</SIGNATURE_THRESHOLD_SAM>
	</signature>
	<signature ID="20210428_120548922667_832">
		<MACROCLASSID>1</MACROCLASSID>
		<MACROCLASSINFO>waterbody</MACROCLASSINFO>
		<CLASSID>7</CLASSID>
		<CLASSINFO>C 1</CLASSINFO>
		<VALUES>[0.11594400689955726, 0.0027321857388907054, 0.10704347194428454, 0.0051059747763507815, 0.07827860433830913, 0.005673924783102391, 0.06601238354624983, 0.009791640406401264, 0.022010350121237116, 0.009244511226389324, 0.013615406617388656, 0.00759193014987293]</VALUES>
		<LCS_MIN>[0.10379035025835037, 0.07704094052314758, 0.054694876074790955, 0.04910282418131828, 0.006478566210716963, 0.0022633413318544626]</LCS_MIN>
		<LCS_MAX>[0.12434673309326172, 0.11876191198825836, 0.10421905666589737, 0.10069480538368225, 0.057410113513469696, 0.046784717589616776]</LCS_MAX>
		<WAVELENGTH>[0.485, 0.56, 0.66, 0.83, 1.65, 2.215]</WAVELENGTH>
		<MEAN_VALUE>[0.11594400689955726, 0.10704347194428454, 0.07827860433830913, 0.06601238354624983, 0.022010350121237116, 0.013615406617388656]</MEAN_VALUE>
		<CHECKBOX>2</CHECKBOX>
		<SD>[0.0027321857388907054, 0.0051059747763507815, 0.005673924783102391, 0.009791640406401264, 0.009244511226389324, 0.00759193014987293]</SD>
		<WAVELENGTH_UNIT>E-6m</WAVELENGTH_UNIT>
		<COLOR>#f6c013</COLOR>
		<COVARIANCE_MATRIX>[[7.479738789865192e-06, 1.0136295034383864e-05, 1.0391355495247801e-05, 3.6925318236130995e-06, 4.2820085565910706e-06, 4.476408936024341e-06], [1.0136295034383864e-05, 2.61230162978019e-05, 2.1808252378737533e-05, 6.8709707492387155e-06, 5.8289009306160725e-06, 6.878417762085055e-06], [1.0391355495247801e-05, 2.1808252378737533e-05, 3.2257680772535735e-05, 2.5915267131360972e-05, 2.2704387469047266e-05, 2.0686113235638017e-05], [3.6925318236130995e-06, 6.8709707492387155e-06, 2.5915267131360972e-05, 9.60675915525579e-05, 7.060886290085758e-05, 4.946977906043882e-05], [4.2820085565910706e-06, 5.8289009306160725e-06, 2.2704387469047266e-05, 7.060886290085758e-05, 8.563156862883988e-05, 5.727838668246538e-05], [4.476408936024341e-06, 6.878417762085055e-06, 2.0686113235638017e-05, 4.946977906043882e-05, 5.727838668246538e-05, 5.77524481179159e-05]]</COVARIANCE_MATRIX>
		<ROI_SIZE>502</ROI_SIZE>
		<MAX_VALUE>[0.12434673309326172, 0.11876191198825836, 0.10421905666589737, 0.10069480538368225, 0.057410113513469696, 0.046784717589616776]</MAX_VALUE>
		<MIN_VALUE>[0.10379035025835037, 0.07704094052314758, 0.054694876074790955, 0.04910282418131828, 0.006478566210716963, 0.0022633413318544626]</MIN_VALUE>
		<SIGNATURE_THRESHOLD_MD>0</SIGNATURE_THRESHOLD_MD>
		<SIGNATURE_THRESHOLD_ML>0</SIGNATURE_THRESHOLD_ML>
		<SIGNATURE_THRESHOLD_SAM>0</SIGNATURE_THRESHOLD_SAM>
	</signature>
	<signature ID="20210428_120558312778_197">
		<MACROCLASSID>1</MACROCLASSID>
		<MACROCLASSINFO>waterbody</MACROCLASSINFO>
		<CLASSID>8</CLASSID>
		<CLASSINFO>C 1</CLASSINFO>
		<VALUES>[0.1360996944730173, 0.008882825837094993, 0.14374298790906676, 0.009210830013604654, 0.13691249767264718, 0.008772109963472708, 0.09053917839325999, 0.011172311770976596, 0.025683833061958913, 0.009930118451550667, 0.01590824338134164, 0.007480454576806036]</VALUES>
		<LCS_MIN>[0.12023545801639557, 0.12472205609083176, 0.1152244359254837, 0.06973960995674133, 0.006478566210716963, 0.0]</LCS_MIN>
		<LCS_MAX>[0.16134822368621826, 0.16644303500652313, 0.16199727356433868, 0.11789211630821228, 0.059624530375003815, 0.03724442794919014]</LCS_MAX>
		<WAVELENGTH>[0.485, 0.56, 0.66, 0.83, 1.65, 2.215]</WAVELENGTH>
		<MEAN_VALUE>[0.1360996944730173, 0.14374298790906676, 0.13691249767264718, 0.09053917839325999, 0.025683833061958913, 0.01590824338134164]</MEAN_VALUE>
		<CHECKBOX>2</CHECKBOX>
		<SD>[0.008882825837094993, 0.009210830013604654, 0.008772109963472708, 0.011172311770976596, 0.009930118451550667, 0.007480454576806036]</SD>
		<WAVELENGTH_UNIT>E-6m</WAVELENGTH_UNIT>
		<COLOR>#227bce</COLOR>
		<COVARIANCE_MATRIX>[[7.906728473845622e-05, 7.835176276439175e-05, 7.376084177983675e-05, 7.463655396787076e-05, 2.81231763208572e-05, 1.854679889688747e-05], [7.835176276439175e-05, 8.501431611589209e-05, 7.735667888181387e-05, 6.892115455116608e-05, 1.974089617156136e-05, 1.4354859074874053e-05], [7.376084177983675e-05, 7.735667888181387e-05, 7.710857282612495e-05, 6.366060424122689e-05, 2.0241946560981802e-05, 1.587534618876248e-05], [7.463655396787076e-05, 6.892115455116608e-05, 6.366060424122689e-05, 0.00012507791226729973, 7.34554982946559e-05, 4.5497995515850075e-05], [2.81231763208572e-05, 1.974089617156136e-05, 2.0241946560981802e-05, 7.34554982946559e-05, 9.881056638442864e-05, 5.894907953846574e-05], [1.854679889688747e-05, 1.4354859074874053e-05, 1.587534618876248e-05, 4.5497995515850075e-05, 5.894907953846574e-05, 5.607257634715454e-05]]</COVARIANCE_MATRIX>
		<ROI_SIZE>486</ROI_SIZE>
		<MAX_VALUE>[0.16134822368621826, 0.16644303500652313, 0.16199727356433868, 0.11789211630821228, 0.059624530375003815, 0.03724442794919014]</MAX_VALUE>
		<MIN_VALUE>[0.12023545801639557, 0.12472205609083176, 0.1152244359254837, 0.06973960995674133, 0.006478566210716963, 0.0]</MIN_VALUE>
		<SIGNATURE_THRESHOLD_MD>0</SIGNATURE_THRESHOLD_MD>
		<SIGNATURE_THRESHOLD_ML>0</SIGNATURE_THRESHOLD_ML>
		<SIGNATURE_THRESHOLD_SAM>0</SIGNATURE_THRESHOLD_SAM>
	</signature>
	<signature ID="20210428_120609198834_627">
		<MACROCLASSID>1</MACROCLASSID>
		<MACROCLASSINFO>waterbody</MACROCLASSINFO>
		<CLASSID>9</CLASSID>
		<CLASSINFO>C 1</CLASSINFO>
		<VALUES>[0.11357115574697942, 0.001931417684759367, 0.10492551561236978, 0.003016821817305201, 0.07508554245312202, 0.0036199897221974742, 0.06431561931589538, 0.00990995777779919, 0.02127880239528297, 0.009422230935678799, 0.012242590635463402, 0.007213998322952033]</VALUES>
		<LCS_MIN>[0.10653121769428253, 0.09194128960371017, 0.06570024788379669, 0.04566335678100586, 0.004264152143150568, 0.0]</LCS_MIN>
		<LCS_MAX>[0.11886504292488098, 0.11280177533626556, 0.09321367740631104, 0.09725533425807953, 0.05519569665193558, 0.04360462725162506]</LCS_MAX>
		<WAVELENGTH>[0.485, 0.56, 0.66, 0.83, 1.65, 2.215]</WAVELENGTH>
		<MEAN_VALUE>[0.11357115574697942, 0.10492551561236978, 0.07508554245312202, 0.06431561931589538, 0.02127880239528297, 0.012242590635463402]</MEAN_VALUE>
		<CHECKBOX>2</CHECKBOX>
		<SD>[0.001931417684759367, 0.003016821817305201, 0.0036199897221974742, 0.00990995777779919, 0.009422230935678799, 0.007213998322952033]</SD>
		<WAVELENGTH_UNIT>E-6m</WAVELENGTH_UNIT>
		<COLOR>#1a790b</COLOR>
		<COVARIANCE_MATRIX>[[3.736696941260555e-06, 2.4716999955383717e-06, 2.1453257650774457e-06, -1.2403953028416692e-06, 5.53605217247145e-07, 1.0306635581477955e-06], [2.4716999955383717e-06, 9.11663966360149e-06, 3.2691681776104503e-06, -3.2183636538622526e-06, -1.5923491640052466e-07, 8.332548907386362e-07], [2.1453257650774457e-06, 3.2691681776104503e-06, 1.3126536310152297e-05, 1.5144385155382838e-05, 1.5581496416577775e-05, 1.2209405367304556e-05], [-1.2403953028416692e-06, -3.2183636538622526e-06, 1.5144385155382838e-05, 9.837371614616558e-05, 7.657845014286173e-05, 5.425588568475e-05], [5.53605217247145e-07, -1.5923491640052466e-07, 1.5581496416577775e-05, 7.657845014286173e-05, 8.89289077303563e-05, 5.722735669665056e-05], [1.0306635581477955e-06, 8.332548907386362e-07, 1.2209405367304556e-05, 5.425588568475e-05, 5.722735669665056e-05, 5.212997819644215e-05]]</COVARIANCE_MATRIX>
		<ROI_SIZE>591</ROI_SIZE>
		<MAX_VALUE>[0.11886504292488098, 0.11280177533626556, 0.09321367740631104, 0.09725533425807953, 0.05519569665193558, 0.04360462725162506]</MAX_VALUE>
		<MIN_VALUE>[0.10653121769428253, 0.09194128960371017, 0.06570024788379669, 0.04566335678100586, 0.004264152143150568, 0.0]</MIN_VALUE>
		<SIGNATURE_THRESHOLD_MD>0</SIGNATURE_THRESHOLD_MD>
		<SIGNATURE_THRESHOLD_ML>0</SIGNATURE_THRESHOLD_ML>
		<SIGNATURE_THRESHOLD_SAM>0</SIGNATURE_THRESHOLD_SAM>
	</signature>
	<signature ID="20210428_120615846218_855">
		<MACROCLASSID>1</MACROCLASSID>
		<MACROCLASSINFO>waterbody</MACROCLASSINFO>
		<CLASSID>10</CLASSID>
		<CLASSINFO>C 1</CLASSINFO>
		<VALUES>[0.10877737184850185, 0.0029490174487375545, 0.09977669541428728, 0.004985847158738747, 0.07124319919725744, 0.004849786886846995, 0.07024294959335795, 0.012568972170540099, 0.0245827598065683, 0.00954109282201456, 0.012676819005027047, 0.0071569761777305445]</VALUES>
		<LCS_MIN>[0.09967907518148422, 0.08300107717514038, 0.05744621530175209, 0.04566335678100586, 0.006478566210716963, 0.0]</LCS_MIN>
		<LCS_MAX>[0.1174946054816246, 0.10982170701026917, 0.08771099895238876, 0.10069480538368225, 0.05519569665193558, 0.04360462725162506]</LCS_MAX>
		<WAVELENGTH>[0.485, 0.56, 0.66, 0.83, 1.65, 2.215]</WAVELENGTH>
		<MEAN_VALUE>[0.10877737184850185, 0.09977669541428728, 0.07124319919725744, 0.07024294959335795, 0.0245827598065683, 0.012676819005027047]</MEAN_VALUE>
		<CHECKBOX>2</CHECKBOX>
		<SD>[0.0029490174487375545, 0.004985847158738747, 0.004849786886846995, 0.012568972170540099, 0.00954109282201456, 0.0071569761777305445]</SD>
		<WAVELENGTH_UNIT>E-6m</WAVELENGTH_UNIT>
		<COLOR>#3518b6</COLOR>
		<COVARIANCE_MATRIX>[[8.739334814492668e-06, 1.1322306065371992e-05, 1.0629198549106068e-05, -1.1302566059178588e-05, -2.707501008951597e-06, 2.5062945012862763e-06], [1.1322306065371992e-05, 2.498052812505951e-05, 1.985942143474383e-05, -2.1146767012036533e-05, -4.905802341129152e-06, 4.533088400886433e-06], [1.0629198549106068e-05, 1.985942143474383e-05, 2.363572908728324e-05, -8.13826699416165e-06, 4.4641296320821115e-06, 1.1618366144868855e-05], [-1.1302566059178588e-05, -2.1146767012036533e-05, -8.13826699416165e-06, 0.00015875346858765382, 9.164817581192551e-05, 5.775533490607588e-05], [-2.707501008951597e-06, -4.905802341129152e-06, 4.4641296320821115e-06, 9.164817581192551e-05, 9.14786897492698e-05, 5.507254002938539e-05], [2.5062945012862763e-06, 4.533088400886433e-06, 1.1618366144868855e-05, 5.775533490607588e-05, 5.507254002938539e-05, 5.147339775374273e-05]]</COVARIANCE_MATRIX>
		<ROI_SIZE>205</ROI_SIZE>
		<MAX_VALUE>[0.1174946054816246, 0.10982170701026917, 0.08771099895238876, 0.10069480538368225, 0.05519569665193558, 0.04360462725162506]</MAX_VALUE>
		<MIN_VALUE>[0.09967907518148422, 0.08300107717514038, 0.05744621530175209, 0.04566335678100586, 0.006478566210716963, 0.0]</MIN_VALUE>
		<SIGNATURE_THRESHOLD_MD>0</SIGNATURE_THRESHOLD_MD>
		<SIGNATURE_THRESHOLD_ML>0</SIGNATURE_THRESHOLD_ML>
		<SIGNATURE_THRESHOLD_SAM>0</SIGNATURE_THRESHOLD_SAM>
	</signature>
	<signature ID="20210428_120627021365_539">
		<MACROCLASSID>1</MACROCLASSID>
		<MACROCLASSINFO>waterbody</MACROCLASSINFO>
		<CLASSID>11</CLASSID>
		<CLASSINFO>C 1</CLASSINFO>
		<VALUES>[0.10587741169854355, 0.0014818679654631686, 0.10086869724884763, 0.0018974987652904665, 0.07090336345883366, 0.002396855787669857, 0.07674173321201323, 0.011877690443492806, 0.021833536126397348, 0.009129100924196547, 0.01062494256856577, 0.005127876760120631]</VALUES>
		<LCS_MIN>[0.09967907518148422, 0.09194128960371017, 0.06570024788379669, 0.05598176270723343, 0.004264152143150568, 0.0]</LCS_MIN>
		<LCS_MAX>[0.11064249277114868, 0.10684163123369217, 0.07945697009563446, 0.11789211630821228, 0.057410113513469696, 0.03406433016061783]</LCS_MAX>
		<WAVELENGTH>[0.485, 0.56, 0.66, 0.83, 1.65, 2.215]</WAVELENGTH>
		<MEAN_VALUE>[0.10587741169854355, 0.10086869724884763, 0.07090336345883366, 0.07674173321201323, 0.021833536126397348, 0.01062494256856577]</MEAN_VALUE>
		<CHECKBOX>2</CHECKBOX>
		<SD>[0.0014818679654631686, 0.0018974987652904665, 0.002396855787669857, 0.011877690443492806, 0.009129100924196547, 0.005127876760120631]</SD>
		<WAVELENGTH_UNIT>E-6m</WAVELENGTH_UNIT>
		<COLOR>#f93bb3</COLOR>
		<COVARIANCE_MATRIX>[[2.199083216086129e-06, 3.783317356622815e-07, 7.83002824957767e-07, 5.360819601560545e-08, -3.4807637906941956e-07, 1.0808607059294863e-07], [3.783317356622815e-07, 3.6056672767096704e-06, 1.2666178093486485e-06, -2.8660344221397006e-06, -2.1510898528902495e-06, -1.0348778717774512e-06], [7.83002824957767e-07, 1.2666178093486485e-06, 5.753160016480318e-06, 1.1366927002377552e-06, 1.8006114367911177e-06, 1.15638356120679e-06], [5.360819601560545e-08, -2.8660344221397006e-06, 1.1366927002377552e-06, 0.00014128193992749718, 8.824590345283874e-05, 4.17692010643964e-05], [-3.4807637906941956e-07, -2.1510898528902495e-06, 1.8006114367911177e-06, 8.824590345283874e-05, 8.346005396204892e-05, 3.583756478494102e-05], [1.0808607059294863e-07, -1.0348778717774512e-06, 1.15638356120679e-06, 4.17692010643964e-05, 3.583756478494102e-05, 2.6332846207683902e-05]]</COVARIANCE_MATRIX>
		<ROI_SIZE>698</ROI_SIZE>
		<MAX_VALUE>[0.11064249277114868, 0.10684163123369217, 0.07945697009563446, 0.11789211630821228, 0.057410113513469696, 0.03406433016061783]</MAX_VALUE>
		<MIN_VALUE>[0.09967907518148422, 0.09194128960371017, 0.06570024788379669, 0.05598176270723343, 0.004264152143150568, 0.0]</MIN_VALUE>
		<SIGNATURE_THRESHOLD_MD>0</SIGNATURE_THRESHOLD_MD>
		<SIGNATURE_THRESHOLD_ML>0</SIGNATURE_THRESHOLD_ML>
		<SIGNATURE_THRESHOLD_SAM>0</SIGNATURE_THRESHOLD_SAM>
	</signature>
	<signature ID="20210428_120644075276_315">
		<MACROCLASSID>1</MACROCLASSID>
		<MACROCLASSINFO>waterbody</MACROCLASSINFO>
		<CLASSID>12</CLASSID>
		<CLASSINFO>C 1</CLASSINFO>
		<VALUES>[0.12272200679656156, 0.001796323142247461, 0.1221413770594548, 0.002289590674081634, 0.09281657935725042, 0.0027932792919381404, 0.08275284802483528, 0.011553239003594677, 0.0339418789947924, 0.010360502663361111, 0.021638993577090735, 0.007307345771426162]</VALUES>
		<LCS_MIN>[0.11886504292488098, 0.11578184366226196, 0.08771099895238876, 0.06286067515611649, 0.013121811673045158, 0.008623538538813591]</LCS_MIN>
		<LCS_MAX>[0.1270875781774521, 0.12472205609083176, 0.10146770626306534, 0.11101319640874863, 0.061838943511247635, 0.049964819103479385]</LCS_MAX>
		<WAVELENGTH>[0.485, 0.56, 0.66, 0.83, 1.65, 2.215]</WAVELENGTH>
		<MEAN_VALUE>[0.12272200679656156, 0.1221413770594548, 0.09281657935725042, 0.08275284802483528, 0.0339418789947924, 0.021638993577090735]</MEAN_VALUE>
		<CHECKBOX>2</CHECKBOX>
		<SD>[0.001796323142247461, 0.002289590674081634, 0.0027932792919381404, 0.011553239003594677, 0.010360502663361111, 0.007307345771426162]</SD>
		<WAVELENGTH_UNIT>E-6m</WAVELENGTH_UNIT>
		<COLOR>#421f4c</COLOR>
		<COVARIANCE_MATRIX>[[3.2603890900339255e-06, 1.5915694654439124e-06, 4.478298162833515e-07, -5.98505534497415e-06, -1.3201863093444793e-06, -6.037829117226176e-08], [1.5915694654439124e-06, 5.296831969996212e-06, 1.4413764819535249e-06, -5.785353144041239e-06, -4.208779451231883e-06, -1.3036876371560233e-06], [4.478298162833515e-07, 1.4413764819535249e-06, 7.883684298632609e-06, 9.361531643564424e-06, 9.05191145583707e-06, 6.589412515708727e-06], [-5.98505534497415e-06, -5.785353144041239e-06, 9.361531643564424e-06, 0.00013486772034370406, 8.865520391589854e-05, 5.9810437102277325e-05], [-1.3201863093444793e-06, -4.208779451231883e-06, 9.05191145583707e-06, 8.865520391589854e-05, 0.00010845814059832013, 5.3870385594031786e-05], [-6.037829117226176e-08, -1.3036876371560233e-06, 6.589412515708727e-06, 5.9810437102277325e-05, 5.3870385594031786e-05, 5.3953524121337975e-05]]</COVARIANCE_MATRIX>
		<ROI_SIZE>97</ROI_SIZE>
		<MAX_VALUE>[0.1270875781774521, 0.12472205609083176, 0.10146770626306534, 0.11101319640874863, 0.061838943511247635, 0.049964819103479385]</MAX_VALUE>
		<MIN_VALUE>[0.11886504292488098, 0.11578184366226196, 0.08771099895238876, 0.06286067515611649, 0.013121811673045158, 0.008623538538813591]</MIN_VALUE>
		<SIGNATURE_THRESHOLD_MD>0</SIGNATURE_THRESHOLD_MD>
		<SIGNATURE_THRESHOLD_ML>0</SIGNATURE_THRESHOLD_ML>
		<SIGNATURE_THRESHOLD_SAM>0</SIGNATURE_THRESHOLD_SAM>
	</signature>
	<signature ID="20210428_120725181848_757">
		<MACROCLASSID>1</MACROCLASSID>
		<MACROCLASSINFO>waterbody</MACROCLASSINFO>
		<CLASSID>13</CLASSID>
		<CLASSINFO>C 1</CLASSINFO>
		<VALUES>[0.12521975108318859, 0.0028001427951526866, 0.12973077522935664, 0.002672113648361913, 0.11326588844811482, 0.0031565369250278327, 0.06705937618734656, 0.006382155688915811, 0.01642046966693467, 0.006415537659444484, 0.009432558843141637, 0.005303269823614937]</VALUES>
		<LCS_MIN>[0.1174946054816246, 0.11876191198825836, 0.0987163633108139, 0.04566335678100586, 0.006478566210716963, 0.0]</LCS_MIN>
		<LCS_MAX>[0.13531014323234558, 0.13962240517139435, 0.12347844988107681, 0.10069480538368225, 0.05076686665415764, 0.04042452573776245]</LCS_MAX>
		<WAVELENGTH>[0.485, 0.56, 0.66, 0.83, 1.65, 2.215]</WAVELENGTH>
		<MEAN_VALUE>[0.12521975108318859, 0.12973077522935664, 0.11326588844811482, 0.06705937618734656, 0.01642046966693467, 0.009432558843141637]</MEAN_VALUE>
		<CHECKBOX>2</CHECKBOX>
		<SD>[0.0028001427951526866, 0.002672113648361913, 0.0031565369250278327, 0.006382155688915811, 0.006415537659444484, 0.005303269823614937]</SD>
		<WAVELENGTH_UNIT>E-6m</WAVELENGTH_UNIT>
		<COLOR>#221775</COLOR>
		<COVARIANCE_MATRIX>[[7.84661197841476e-06, 4.155311994243938e-06, 2.8235355815680355e-06, 9.47656164798048e-06, 4.071570978629315e-06, 2.413960484598142e-06], [4.155311994243938e-06, 7.1454843010958385e-06, 3.4473869076089255e-06, 5.395730970050236e-06, 2.216168984694917e-06, 1.3402782288181598e-06], [2.8235355815680355e-06, 3.4473869076089255e-06, 9.971111367484528e-06, 3.810034893764425e-06, -1.7544711336618088e-06, -1.7731683752837154e-06], [9.47656164798048e-06, 5.395730970050236e-06, 3.810034893764425e-06, 4.076210538970068e-05, 2.7739130224034525e-05, 1.9098320952062865e-05], [4.071570978629315e-06, 2.216168984694917e-06, -1.7544711336618088e-06, 2.7739130224034525e-05, 4.118963429997269e-05, 2.6622128594216174e-05], [2.413960484598142e-06, 1.3402782288181598e-06, -1.7731683752837154e-06, 1.9098320952062865e-05, 2.6622128594216174e-05, 2.8145519354920278e-05]]</COVARIANCE_MATRIX>
		<ROI_SIZE>1350</ROI_SIZE>
		<MAX_VALUE>[0.13531014323234558, 0.13962240517139435, 0.12347844988107681, 0.10069480538368225, 0.05076686665415764, 0.04042452573776245]</MAX_VALUE>
		<MIN_VALUE>[0.1174946054816246, 0.11876191198825836, 0.0987163633108139, 0.04566335678100586, 0.006478566210716963, 0.0]</MIN_VALUE>
		<SIGNATURE_THRESHOLD_MD>0</SIGNATURE_THRESHOLD_MD>
		<SIGNATURE_THRESHOLD_ML>0</SIGNATURE_THRESHOLD_ML>
		<SIGNATURE_THRESHOLD_SAM>0</SIGNATURE_THRESHOLD_SAM>
	</signature>
	<signature ID="20210428_120738690648_525">
		<MACROCLASSID>1</MACROCLASSID>
		<MACROCLASSINFO>waterbody</MACROCLASSINFO>
		<CLASSID>14</CLASSID>
		<CLASSINFO>C 1</CLASSINFO>
		<VALUES>[0.1344903515591046, 0.002775193574118505, 0.13154399548481446, 0.00377290789197403, 0.09979366697013492, 0.0025893512022618624, 0.07618063382246681, 0.008948441419200107, 0.02242858872778111, 0.008298580350404332, 0.012573307254652577, 0.006264987562777441]</VALUES>
		<LCS_MIN>[0.12434673309326172, 0.11280177533626556, 0.09321367740631104, 0.06286067515611649, 0.010907396674156189, 0.0]</LCS_MIN>
		<LCS_MAX>[0.14490312337875366, 0.13962240517139435, 0.10972174257040024, 0.11101319640874863, 0.057410113513469696, 0.049964819103479385]</LCS_MAX>
		<WAVELENGTH>[0.485, 0.56, 0.66, 0.83, 1.65, 2.215]</WAVELENGTH>
		<MEAN_VALUE>[0.1344903515591046, 0.13154399548481446, 0.09979366697013492, 0.07618063382246681, 0.02242858872778111, 0.012573307254652577]</MEAN_VALUE>
		<CHECKBOX>2</CHECKBOX>
		<SD>[0.002775193574118505, 0.00377290789197403, 0.0025893512022618624, 0.008948441419200107, 0.008298580350404332, 0.006264987562777441]</SD>
		<WAVELENGTH_UNIT>E-6m</WAVELENGTH_UNIT>
		<COLOR>#2feee7</COLOR>
		<COVARIANCE_MATRIX>[[7.706630039240984e-06, 6.942707916953128e-06, 3.826276124234525e-06, 6.21918420323179e-06, 6.956527825973147e-06, 4.56735586315458e-06], [6.942707916953128e-06, 1.4243947171282005e-05, 3.291314668991714e-06, -2.457727547452038e-07, 2.2912012898489207e-06, 1.0350704694513652e-06], [3.826276124234525e-06, 3.291314668991714e-06, 6.709032055600302e-06, 1.1728496536680511e-05, 1.1069212094876647e-05, 7.5485379994486785e-06], [6.21918420323179e-06, -2.457727547452038e-07, 1.1728496536680511e-05, 8.012586798383792e-05, 6.78228609310602e-05, 4.625332475989775e-05], [6.956527825973147e-06, 2.2912012898489207e-06, 1.1069212094876647e-05, 6.78228609310602e-05, 6.891052445941035e-05, 4.47775914433712e-05], [4.56735586315458e-06, 1.0350704694513652e-06, 7.5485379994486785e-06, 4.625332475989775e-05, 4.47775914433712e-05, 3.927519724700673e-05]]</COVARIANCE_MATRIX>
		<ROI_SIZE>1563</ROI_SIZE>
		<MAX_VALUE>[0.14490312337875366, 0.13962240517139435, 0.10972174257040024, 0.11101319640874863, 0.057410113513469696, 0.049964819103479385]</MAX_VALUE>
		<MIN_VALUE>[0.12434673309326172, 0.11280177533626556, 0.09321367740631104, 0.06286067515611649, 0.010907396674156189, 0.0]</MIN_VALUE>
		<SIGNATURE_THRESHOLD_MD>0</SIGNATURE_THRESHOLD_MD>
		<SIGNATURE_THRESHOLD_ML>0</SIGNATURE_THRESHOLD_ML>
		<SIGNATURE_THRESHOLD_SAM>0</SIGNATURE_THRESHOLD_SAM>
	</signature>
	<signature ID="20210428_120752415330_125">
		<MACROCLASSID>1</MACROCLASSID>
		<MACROCLASSINFO>waterbody</MACROCLASSINFO>
		<CLASSID>15</CLASSID>
		<CLASSINFO>C 1</CLASSINFO>
		<VALUES>[0.12180932067192662, 0.002321095750759144, 0.11244607912591378, 0.003678143551360913, 0.08321005339129885, 0.004430098495798882, 0.06658993152492385, 0.008801650138539629, 0.02430938310181363, 0.01074937839122197, 0.014259681342881447, 0.008153115091442294]</VALUES>
		<LCS_MIN>[0.11475375294685364, 0.10088150948286057, 0.073954276740551, 0.05254228785634041, 0.00869298167526722, 0.0022633413318544626]</LCS_MIN>
		<LCS_MAX>[0.12845802307128906, 0.12472205609083176, 0.10146770626306534, 0.10069480538368225, 0.061838943511247635, 0.046784717589616776]</LCS_MAX>
		<WAVELENGTH>[0.485, 0.56, 0.66, 0.83, 1.65, 2.215]</WAVELENGTH>
		<MEAN_VALUE>[0.12180932067192662, 0.11244607912591378, 0.08321005339129885, 0.06658993152492385, 0.02430938310181363, 0.014259681342881447]</MEAN_VALUE>
		<CHECKBOX>2</CHECKBOX>
		<SD>[0.002321095750759144, 0.003678143551360913, 0.004430098495798882, 0.008801650138539629, 0.01074937839122197, 0.008153115091442294]</SD>
		<WAVELENGTH_UNIT>E-6m</WAVELENGTH_UNIT>
		<COLOR>#3609e1</COLOR>
		<COVARIANCE_MATRIX>[[5.129163879470577e-06, 5.076166153194044e-06, 4.575458611125211e-06, 2.6138207468269264e-06, 8.238630999326443e-07, 3.615299152867677e-07], [5.076166153194044e-06, 1.2477182992050206e-05, 9.986600275578736e-06, 6.811112497171842e-06, 3.917677762061237e-06, 2.7682427126036617e-06], [4.575458611125211e-06, 9.986600275578736e-06, 2.018984154360126e-05, 2.1650800983974332e-05, 2.273721778429102e-05, 1.6194201211839533e-05], [2.6138207468269264e-06, 6.811112497171842e-06, 2.1650800983974332e-05, 6.455994261581544e-05, 6.768473006020416e-05, 4.7489294661119674e-05], [8.238630999326443e-07, 3.917677762061237e-06, 2.273721778429102e-05, 6.768473006020416e-05, 0.00010274558980561919, 6.83003798772248e-05], [3.615299152867677e-07, 2.7682427126036617e-06, 1.6194201211839533e-05, 4.7489294661119674e-05, 6.83003798772248e-05, 5.80249245551812e-05]]</COVARIANCE_MATRIX>
		<ROI_SIZE>2147</ROI_SIZE>
		<MAX_VALUE>[0.12845802307128906, 0.12472205609083176, 0.10146770626306534, 0.10069480538368225, 0.061838943511247635, 0.046784717589616776]</MAX_VALUE>
		<MIN_VALUE>[0.11475375294685364, 0.10088150948286057, 0.073954276740551, 0.05254228785634041, 0.00869298167526722, 0.0022633413318544626]</MIN_VALUE>
		<SIGNATURE_THRESHOLD_MD>0</SIGNATURE_THRESHOLD_MD>
		<SIGNATURE_THRESHOLD_ML>0</SIGNATURE_THRESHOLD_ML>
		<SIGNATURE_THRESHOLD_SAM>0</SIGNATURE_THRESHOLD_SAM>
	</signature>
	<signature ID="20210428_120805009585_366">
		<MACROCLASSID>1</MACROCLASSID>
		<MACROCLASSINFO>waterbody</MACROCLASSINFO>
		<CLASSID>16</CLASSID>
		<CLASSINFO>C 1</CLASSINFO>
		<VALUES>[0.13212653738760688, 0.002315929576286105, 0.12858005506970888, 0.002377710026551457, 0.10852344580430319, 0.004356095705350215, 0.062231578022196934, 0.007091805866139068, 0.01480337258008053, 0.00618112333924665, 0.008441117220569394, 0.005443247207055076]</VALUES>
		<LCS_MIN>[0.1257171630859375, 0.11876191198825836, 0.0987163633108139, 0.05254228785634041, 0.004264152143150568, 0.0]</LCS_MIN>
		<LCS_MAX>[0.14627353847026825, 0.14260247349739075, 0.1317325085401535, 0.09725533425807953, 0.04855245724320412, 0.04042452573776245]</LCS_MAX>
		<WAVELENGTH>[0.485, 0.56, 0.66, 0.83, 1.65, 2.215]</WAVELENGTH>
