<?xml version="1.0" ?>
<signaturelist MCID_LIST="[['1', 'waterbody', '#000000'], ['2', 'vegetation', '#000000'], ['3', 'bareland', '#000000'], ['4', 'built-up', '#000000']]">
	<signature ID="20210512_163833194907_582">
		<MACROCLASSID>1</MACROCLASSID>
		<MACROCLASSINFO>waterbody</MACROCLASSINFO>
		<CLASSID>1</CLASSID>
		<CLASSINFO>C 1</CLASSINFO>
		<VALUES>[0.10986356694350204, 0.0014525716864020855, 0.10994627109143584, 0.003160396983245139, 0.10495008719442162, 0.00480274970297539, 0.05800694682165583, 0.013022741344426852, 0.02056896355645979, 0.01131940617728833, 0.01319450206139776, 0.00784681417863281]</VALUES>
		<LCS_MIN>[0.10121381282806396, 0.09345578402280807, 0.07964710891246796, 0.03923943638801575, 0.0035045868717134, 0.0019469952676445246]</LCS_MIN>
		<LCS_MAX>[0.11274601519107819, 0.11454325169324875, 0.11259624361991882, 0.0887230858206749, 0.04690761864185333, 0.03324868902564049]</LCS_MAX>
		<WAVELENGTH>[0.48, 0.56, 0.655, 0.865, 1.61, 2.2]</WAVELENGTH>
		<MEAN_VALUE>[0.10986356694350204, 0.10994627109143584, 0.10495008719442162, 0.05800694682165583, 0.02056896355645979, 0.01319450206139776]</MEAN_VALUE>
		<CHECKBOX>2</CHECKBOX>
		<SD>[0.0014525716864020855, 0.003160396983245139, 0.00480274970297539, 0.013022741344426852, 0.01131940617728833, 0.00784681417863281]</SD>
		<WAVELENGTH_UNIT>E-6m</WAVELENGTH_UNIT>
		<COLOR>#5e4058</COLOR>
		<COVARIANCE_MATRIX>[[2.1288034729239285e-06, 4.20725598514857e-06, 6.237070618829441e-06, -7.61916282852773e-06, -5.260705809733465e-06, -2.0137472488642427e-06], [4.20725598514857e-06, 1.0077288637166631e-05, 1.4570368638667402e-05, -2.1413524552261805e-05, -1.573926571186381e-05, -8.066023995093544e-06], [6.237070618829441e-06, 1.4570368638667402e-05, 2.3272354751478742e-05, -3.0035948111213826e-05, -2.2049829926537048e-05, -1.0408295843080686e-05], [-7.61916282852773e-06, -2.1413524552261805e-05, -3.0035948111213826e-05, 0.00017110600455352167, 0.00012670688594177004, 8.215566978143869e-05], [-5.260705809733465e-06, -1.573926571186381e-05, -2.2049829926537048e-05, 0.00012670688594177004, 0.0001292729647439906, 8.44774358157862e-05], [-2.0137472488642427e-06, -8.066023995093544e-06, -1.0408295843080686e-05, 8.215566978143869e-05, 8.44774358157862e-05, 6.212224715358213e-05]]</COVARIANCE_MATRIX>
		<ROI_SIZE>113</ROI_SIZE>
		<MAX_VALUE>[0.11274601519107819, 0.11454325169324875, 0.11259624361991882, 0.0887230858206749, 0.04690761864185333, 0.03324868902564049]</MAX_VALUE>
		<MIN_VALUE>[0.10121381282806396, 0.09345578402280807, 0.07964710891246796, 0.03923943638801575, 0.0035045868717134, 0.0019469952676445246]</MIN_VALUE>
		<SIGNATURE_THRESHOLD_MD>0</SIGNATURE_THRESHOLD_MD>
		<SIGNATURE_THRESHOLD_ML>0</SIGNATURE_THRESHOLD_ML>
		<SIGNATURE_THRESHOLD_SAM>0</SIGNATURE_THRESHOLD_SAM>
	</signature>
	<signature ID="20210512_163841553577_972">
		<MACROCLASSID>1</MACROCLASSID>
		<MACROCLASSINFO>waterbody</MACROCLASSINFO>
		<CLASSID>2</CLASSID>
		<CLASSINFO>C 1</CLASSINFO>
		<VALUES>[0.11072244356895232, 0.002629930946133619, 0.10761311773172359, 0.007077063946146461, 0.09286350664711489, 0.00756648897460836, 0.05177896327732763, 0.012331230653259757, 0.018539840389119898, 0.009223036700308287, 0.011464572197171986, 0.006553826070600787]</VALUES>
		<LCS_MIN>[0.09929677844047546, 0.08090515434741974, 0.06374163180589676, 0.033338550478219986, 0.006320238579064608, 0.002785690827295184]</LCS_MIN>
		<LCS_MAX>[0.11613079160451889, 0.11475291848182678, 0.10109399259090424, 0.08449960500001907, 0.051071178168058395, 0.03327864035964012]</LCS_MAX>
		<WAVELENGTH>[0.48, 0.56, 0.655, 0.865, 1.61, 2.2]</WAVELENGTH>
		<MEAN_VALUE>[0.11072244356895232, 0.10761311773172359, 0.09286350664711489, 0.05177896327732763, 0.018539840389119898, 0.011464572197171986]</MEAN_VALUE>
		<CHECKBOX>2</CHECKBOX>
		<SD>[0.002629930946133619, 0.007077063946146461, 0.00756648897460836, 0.012331230653259757, 0.009223036700308287, 0.006553826070600787]</SD>
		<WAVELENGTH_UNIT>E-6m</WAVELENGTH_UNIT>
		<COLOR>#40a100</COLOR>
		<COVARIANCE_MATRIX>[[6.988584039571157e-06, 1.6533287434582198e-05, 1.8173471394860894e-05, -1.3065341162478042e-05, -4.995514177537531e-06, -1.3987800904928436e-06], [1.6533287434582198e-05, 5.060655111969858e-05, 5.159530979497937e-05, -4.270614676295333e-05, -1.9309742874387636e-05, -8.515478071307885e-06], [1.8173471394860894e-05, 5.159530979497937e-05, 5.784812785498309e-05, -3.679424571559937e-05, -1.391290592539562e-05, -3.6017170359695167e-06], [-1.3065341162478042e-05, -4.270614676295333e-05, -3.679424571559937e-05, 0.00015364319993872532, 0.00010134817388829795, 6.281869726071249e-05], [-4.995514177537531e-06, -1.9309742874387636e-05, -1.391290592539562e-05, 0.00010134817388829795, 8.595049353747562e-05, 5.628509241227702e-05], [-1.3987800904928436e-06, -8.515478071307885e-06, -3.6017170359695167e-06, 6.281869726071249e-05, 5.628509241227702e-05, 4.340005945705828e-05]]</COVARIANCE_MATRIX>
		<ROI_SIZE>97</ROI_SIZE>
		<MAX_VALUE>[0.11613079160451889, 0.11475291848182678, 0.10109399259090424, 0.08449960500001907, 0.051071178168058395, 0.03327864035964012]</MAX_VALUE>
		<MIN_VALUE>[0.09929677844047546, 0.08090515434741974, 0.06374163180589676, 0.033338550478219986, 0.006320238579064608, 0.002785690827295184]</MIN_VALUE>
		<SIGNATURE_THRESHOLD_MD>0</SIGNATURE_THRESHOLD_MD>
		<SIGNATURE_THRESHOLD_ML>0</SIGNATURE_THRESHOLD_ML>
		<SIGNATURE_THRESHOLD_SAM>0</SIGNATURE_THRESHOLD_SAM>
	</signature>
	<signature ID="20210512_163853438392_992">
		<MACROCLASSID>1</MACROCLASSID>
		<MACROCLASSINFO>waterbody</MACROCLASSINFO>
		<CLASSID>3</CLASSID>
		<CLASSINFO>C 1</CLASSINFO>
		<VALUES>[0.11222127631858543, 0.0019795681996214918, 0.11058768685217253, 0.00566044205921074, 0.09142725211050774, 0.004490017204366746, 0.060352976951334195, 0.023447614146302868, 0.026849121037365097, 0.017256536028394, 0.016214973377322573, 0.010095836432942991]</VALUES>
		<LCS_MIN>[0.1064557284116745, 0.09507329761981964, 0.08090515434741974, 0.019200369715690613, 0.0, 0.00026958188391290605]</LCS_MIN>
		<LCS_MAX>[0.11463312059640884, 0.11735890805721283, 0.09881751239299774, 0.09992581605911255, 0.06227390840649605, 0.0453200526535511]</LCS_MAX>
		<WAVELENGTH>[0.48, 0.56, 0.655, 0.865, 1.61, 2.2]</WAVELENGTH>
		<MEAN_VALUE>[0.11222127631858543, 0.11058768685217253, 0.09142725211050774, 0.060352976951334195, 0.026849121037365097, 0.016214973377322573]</MEAN_VALUE>
		<CHECKBOX>2</CHECKBOX>
		<SD>[0.0019795681996214918, 0.00566044205921074, 0.004490017204366746, 0.023447614146302868, 0.017256536028394, 0.010095836432942991]</SD>
		<WAVELENGTH_UNIT>E-6m</WAVELENGTH_UNIT>
		<COLOR>#a6bb93</COLOR>
		<COVARIANCE_MATRIX>[[3.992627808970649e-06, 9.64298531321728e-06, 7.405675582907156e-06, -2.6418515881014837e-05, -1.4963034662645567e-05, -7.977643814862247e-06], [9.64298531321728e-06, 3.264514400956278e-05, 2.2524518927018174e-05, -6.664758222715999e-05, -3.477157306536985e-05, -2.1375660070147555e-05], [7.405675582907156e-06, 2.2524518927018174e-05, 2.0540636655802035e-05, -3.838957717380495e-05, -1.6702578928284842e-05, -7.956617556617333e-06], [-2.6418515881014837e-05, -6.664758222715999e-05, -3.838957717380495e-05, 0.0005601640168737875, 0.0003825766903772415, 0.00021217907527409891], [-1.4963034662645567e-05, -3.477157306536985e-05, -1.6702578928284842e-05, 0.0003825766903772415, 0.00030340667788226496, 0.00017193600844056845], [-7.977643814862247e-06, -2.1375660070147555e-05, -7.956617556617333e-06, 0.00021217907527409891, 0.00017193600844056845, 0.00010384904371999829]]</COVARIANCE_MATRIX>
		<ROI_SIZE>54</ROI_SIZE>
		<MAX_VALUE>[0.11463312059640884, 0.11735890805721283, 0.09881751239299774, 0.09992581605911255, 0.06227390840649605, 0.0453200526535511]</MAX_VALUE>
		<MIN_VALUE>[0.1064557284116745, 0.09507329761981964, 0.08090515434741974, 0.019200369715690613, 0.0, 0.00026958188391290605]</MIN_VALUE>
		<SIGNATURE_THRESHOLD_MD>0</SIGNATURE_THRESHOLD_MD>
		<SIGNATURE_THRESHOLD_ML>0</SIGNATURE_THRESHOLD_ML>
		<SIGNATURE_THRESHOLD_SAM>0</SIGNATURE_THRESHOLD_SAM>
	</signature>
	<signature ID="20210512_163905807430_861">
		<MACROCLASSID>1</MACROCLASSID>
		<MACROCLASSINFO>waterbody</MACROCLASSINFO>
		<CLASSID>4</CLASSID>
		<CLASSINFO>C 1</CLASSINFO>
		<VALUES>[0.11406477736799342, 0.001678713422321926, 0.1116755689053159, 0.0035425615533965322, 0.10005034829833005, 0.004064980372778752, 0.05167617648839951, 0.011571491425361556, 0.021513113261837705, 0.011272281561728742, 0.01398407423403114, 0.00716898616482109]</VALUES>
		<LCS_MIN>[0.10696493834257126, 0.09297651797533035, 0.07988672703504562, 0.033997535705566406, 0.00901607982814312, 0.00685941381379962]</LCS_MIN>
		<LCS_MAX>[0.11816764622926712, 0.11598104238510132, 0.10936123877763748, 0.08228302747011185, 0.05286841467022896, 0.03354822099208832]</LCS_MAX>
		<WAVELENGTH>[0.48, 0.56, 0.655, 0.865, 1.61, 2.2]</WAVELENGTH>
		<MEAN_VALUE>[0.11406477736799342, 0.1116755689053159, 0.10005034829833005, 0.05167617648839951, 0.021513113261837705, 0.01398407423403114]</MEAN_VALUE>
		<CHECKBOX>2</CHECKBOX>
		<SD>[0.001678713422321926, 0.0035425615533965322, 0.004064980372778752, 0.011571491425361556, 0.011272281561728742, 0.00716898616482109]</SD>
		<WAVELENGTH_UNIT>E-6m</WAVELENGTH_UNIT>
		<COLOR>#ea51d3</COLOR>
		<COVARIANCE_MATRIX>[[2.8556531376742465e-06, 5.123762407671553e-06, 6.107758909399641e-06, -2.08708774310932e-06, -3.000411381973597e-07, 8.740294190355161e-08], [5.123762407671553e-06, 1.2717072257731283e-05, 1.29394721235829e-05, -1.2736258749267804e-05, -5.282838632036726e-06, -2.525647992661754e-06], [6.107758909399641e-06, 1.29394721235829e-05, 1.6744386303490828e-05, -8.938844253057648e-06, -3.177950018761815e-06, -1.5568974979046054e-06], [-2.08708774310932e-06, -1.2736258749267804e-05, -8.938844253057648e-06, 0.00013568473932464557, 0.00011452460091217759, 6.664304493704613e-05], [-3.000411381973597e-07, -5.282838632036726e-06, -3.177950018761815e-06, 0.00011452460091217759, 0.00012875852269498167, 7.882955546659328e-05], [8.740294190355161e-08, -2.525647992661754e-06, -1.5568974979046054e-06, 6.664304493704613e-05, 7.882955546659328e-05, 5.207962079981486e-05]]</COVARIANCE_MATRIX>
		<ROI_SIZE>76</ROI_SIZE>
		<MAX_VALUE>[0.11816764622926712, 0.11598104238510132, 0.10936123877763748, 0.08228302747011185, 0.05286841467022896, 0.03354822099208832]</MAX_VALUE>
		<MIN_VALUE>[0.10696493834257126, 0.09297651797533035, 0.07988672703504562, 0.033997535705566406, 0.00901607982814312, 0.00685941381379962]</MIN_VALUE>
		<SIGNATURE_THRESHOLD_MD>0</SIGNATURE_THRESHOLD_MD>
		<SIGNATURE_THRESHOLD_ML>0</SIGNATURE_THRESHOLD_ML>
		<SIGNATURE_THRESHOLD_SAM>0</SIGNATURE_THRESHOLD_SAM>
	</signature>
	<signature ID="20210512_163954705718_876">
		<MACROCLASSID>1</MACROCLASSID>
		<MACROCLASSINFO>waterbody</MACROCLASSINFO>
		<CLASSID>5</CLASSID>
		<CLASSINFO>C 1</CLASSINFO>
		<VALUES>[0.11924137033588467, 0.0016074472507083086, 0.12595741667450353, 0.0036602808794493897, 0.11550594744678776, 0.004692057048179313, 0.04858004763302358, 0.01013834033806661, 0.01719141955340962, 0.00826756086948882, 0.01078771052257509, 0.005846422721034435]</VALUES>
		<LCS_MIN>[0.11049948632717133, 0.10447876900434494, 0.09273689985275269, 0.030582798644900322, 0.004343293607234955, 0.0047925966791808605]</LCS_MIN>
		<LCS_MAX>[0.1240985170006752, 0.13356390595436096, 0.1263749897480011, 0.08246274292469025, 0.0525389201939106, 0.04768640175461769]</LCS_MAX>
		<WAVELENGTH>[0.48, 0.56, 0.655, 0.865, 1.61, 2.2]</WAVELENGTH>
		<MEAN_VALUE>[0.11924137033588467, 0.12595741667450353, 0.11550594744678776, 0.04858004763302358, 0.01719141955340962, 0.01078771052257509]</MEAN_VALUE>
		<CHECKBOX>2</CHECKBOX>
		<SD>[0.0016074472507083086, 0.0036602808794493897, 0.004692057048179313, 0.01013834033806661, 0.00826756086948882, 0.005846422721034435]</SD>
		<WAVELENGTH_UNIT>E-6m</WAVELENGTH_UNIT>
		<COLOR>#b15408</COLOR>
		<COVARIANCE_MATRIX>[[2.59157680269011e-06, 5.382443877197208e-06, 6.1016476632076365e-06, -6.245795061422308e-06, -3.200916927257082e-06, -7.655856775560807e-07], [5.382443877197208e-06, 1.3437530092999906e-05, 1.3183191889628797e-05, -1.797790553158823e-05, -1.1523121315355227e-05, -5.383701622658063e-06], [6.1016476632076365e-06, 1.3183191889628797e-05, 2.2080921365224582e-05, -1.563415505374073e-05, -1.17460984572525e-05, -2.7756752584569533e-06], [-6.245795061422308e-06, -1.797790553158823e-05, -1.563415505374073e-05, 0.0001030918553604998, 7.382645106418806e-05, 4.81324689262337e-05], [-3.200916927257082e-06, -1.1523121315355227e-05, -1.17460984572525e-05, 7.382645106418806e-05, 6.855599297692506e-05, 4.516690027569173e-05], [-7.655856775560807e-07, -5.383701622658063e-06, -2.7756752584569533e-06, 4.81324689262337e-05, 4.516690027569173e-05, 3.42823867837212e-05]]</COVARIANCE_MATRIX>
		<ROI_SIZE>337</ROI_SIZE>
		<MAX_VALUE>[0.1240985170006752, 0.13356390595436096, 0.1263749897480011, 0.08246274292469025, 0.0525389201939106, 0.04768640175461769]</MAX_VALUE>
		<MIN_VALUE>[0.11049948632717133, 0.10447876900434494, 0.09273689985275269, 0.030582798644900322, 0.004343293607234955, 0.0047925966791808605]</MIN_VALUE>
		<SIGNATURE_THRESHOLD_MD>0</SIGNATURE_THRESHOLD_MD>
		<SIGNATURE_THRESHOLD_ML>0</SIGNATURE_THRESHOLD_ML>
		<SIGNATURE_THRESHOLD_SAM>0</SIGNATURE_THRESHOLD_SAM>
	</signature>
	<signature ID="20210512_164002283040_755">
		<MACROCLASSID>1</MACROCLASSID>
		<MACROCLASSINFO>waterbody</MACROCLASSINFO>
		<CLASSID>6</CLASSID>
		<CLASSINFO>C 1</CLASSINFO>
		<VALUES>[0.11612067995844663, 0.0028949841667023934, 0.11809398671863858, 0.005075832623916935, 0.11563231121446634, 0.007190910233619431, 0.0714118299200326, 0.01913074066757947, 0.0338629455576223, 0.018576356581816646, 0.023317392474996874, 0.013324817671543815]</VALUES>
		<LCS_MIN>[0.10564696788787842, 0.09651106595993042, 0.08521848917007446, 0.03100215271115303, 0.0024562091566622257, 0.005541442893445492]</LCS_MIN>
		<LCS_MAX>[0.12322983890771866, 0.12805239856243134, 0.13236573338508606, 0.11684969812631607, 0.08360099792480469, 0.058889131993055344]</LCS_MAX>
		<WAVELENGTH>[0.48, 0.56, 0.655, 0.865, 1.61, 2.2]</WAVELENGTH>
		<MEAN_VALUE>[0.11612067995844663, 0.11809398671863858, 0.11563231121446634, 0.0714118299200326, 0.0338629455576223, 0.023317392474996874]</MEAN_VALUE>
		<CHECKBOX>2</CHECKBOX>
		<SD>[0.0028949841667023934, 0.005075832623916935, 0.007190910233619431, 0.01913074066757947, 0.018576356581816646, 0.013324817671543815]</SD>
		<WAVELENGTH_UNIT>E-6m</WAVELENGTH_UNIT>
		<COLOR>#812437</COLOR>
		<COVARIANCE_MATRIX>[[8.437946477331389e-06, 1.3271645195783346e-05, 1.8672827816181916e-05, -3.048921926240375e-06, 4.5030812789358064e-06, 7.66765480387471e-06], [1.3271645195783346e-05, 2.5939342654767838e-05, 3.5573042627765555e-05, -2.4530126143264166e-05, -9.98938521440369e-06, 1.767568553513164e-06], [1.8672827816181916e-05, 3.5573042627765555e-05, 5.206095318516978e-05, -2.6191965964338198e-05, -2.013306862814207e-06, 1.1362862657306632e-05], [-3.048921926240375e-06, -2.4530126143264166e-05, -2.6191965964338198e-05, 0.00036847493399011185, 0.0003194712814460549, 0.00021097349429424945], [4.5030812789358064e-06, -9.98938521440369e-06, -2.013306862814207e-06, 0.0003194712814460549, 0.00034742851381299854, 0.00023888204559516593], [7.66765480387471e-06, 1.767568553513164e-06, 1.1362862657306632e-05, 0.00021097349429424945, 0.00023888204559516593, 0.00017875859431988557]]</COVARIANCE_MATRIX>
		<ROI_SIZE>148</ROI_SIZE>
		<MAX_VALUE>[0.12322983890771866, 0.12805239856243134, 0.13236573338508606, 0.11684969812631607, 0.08360099792480469, 0.058889131993055344]</MAX_VALUE>
		<MIN_VALUE>[0.10564696788787842, 0.09651106595993042, 0.08521848917007446, 0.03100215271115303, 0.0024562091566622257, 0.005541442893445492]</MIN_VALUE>
		<SIGNATURE_THRESHOLD_MD>0</SIGNATURE_THRESHOLD_MD>
		<SIGNATURE_THRESHOLD_ML>0</SIGNATURE_THRESHOLD_ML>
		<SIGNATURE_THRESHOLD_SAM>0</SIGNATURE_THRESHOLD_SAM>
	</signature>
	<signature ID="20210512_164009606682_936">
		<MACROCLASSID>1</MACROCLASSID>
		<MACROCLASSINFO>waterbody</MACROCLASSINFO>
		<CLASSID>7</CLASSID>
		<CLASSINFO>C 1</CLASSINFO>
		<VALUES>[0.11253408511292258, 0.00277624332068731, 0.10830834156499716, 0.004523728121486479, 0.09492747935484039, 0.006461352224143196, 0.06650586257565697, 0.025714019396313802, 0.03278864504558579, 0.018926159616697743, 0.01997068893375262, 0.010901012152363408]</VALUES>
		<LCS_MIN>[0.10316082090139389, 0.08977146446704865, 0.07278767973184586, 0.030343178659677505, 0.005241899751126766, 0.005361721385270357]</LCS_MIN>
		<LCS_MAX>[0.11798792332410812, 0.11505246162414551, 0.1066354438662529, 0.12143262475728989, 0.07644204795360565, 0.04657812416553497]</LCS_MAX>
		<WAVELENGTH>[0.48, 0.56, 0.655, 0.865, 1.61, 2.2]</WAVELENGTH>
		<MEAN_VALUE>[0.11253408511292258, 0.10830834156499716, 0.09492747935484039, 0.06650586257565697, 0.03278864504558579, 0.01997068893375262]</MEAN_VALUE>
		<CHECKBOX>2</CHECKBOX>
		<SD>[0.00277624332068731, 0.004523728121486479, 0.006461352224143196, 0.025714019396313802, 0.018926159616697743, 0.010901012152363408]</SD>
		<WAVELENGTH_UNIT>E-6m</WAVELENGTH_UNIT>
		<COLOR>#9c9cb3</COLOR>
		<COVARIANCE_MATRIX>[[7.855748648269737e-06, 1.0920888820161077e-05, 1.7556392600294728e-05, -3.666340521070431e-05, -1.9842912703987797e-05, -3.4589312254312928e-06], [1.0920888820161077e-05, 2.0857656811687714e-05, 2.6864452779414865e-05, -7.251671764761087e-05, -4.732420737753479e-05, -1.723795078006159e-05], [1.7556392600294728e-05, 2.6864452779414865e-05, 4.2551939344525605e-05, -9.8927277975998e-05, -5.4599711634225096e-05, -1.3529750291341352e-05], [-3.666340521070431e-05, -7.251671764761087e-05, -9.8927277975998e-05, 0.0006739263856969639, 0.00044902345430581855, 0.00022186687399893592], [-1.9842912703987797e-05, -4.732420737753479e-05, -5.4599711634225096e-05, 0.00044902345430581855, 0.0003650879701028112, 0.0001963313922061345], [-3.4589312254312928e-06, -1.723795078006159e-05, -1.3529750291341352e-05, 0.00022186687399893592, 0.0001963313922061345, 0.00012111729798339729]]</COVARIANCE_MATRIX>
		<ROI_SIZE>53</ROI_SIZE>
		<MAX_VALUE>[0.11798792332410812, 0.11505246162414551, 0.1066354438662529, 0.12143262475728989, 0.07644204795360565, 0.04657812416553497]</MAX_VALUE>
		<MIN_VALUE>[0.10316082090139389, 0.08977146446704865, 0.07278767973184586, 0.030343178659677505, 0.005241899751126766, 0.005361721385270357]</MIN_VALUE>
		<SIGNATURE_THRESHOLD_MD>0</SIGNATURE_THRESHOLD_MD>
		<SIGNATURE_THRESHOLD_ML>0</SIGNATURE_THRESHOLD_ML>
		<SIGNATURE_THRESHOLD_SAM>0</SIGNATURE_THRESHOLD_SAM>
	</signature>
	<signature ID="20210512_164020249371_491">
		<MACROCLASSID>1</MACROCLASSID>
		<MACROCLASSINFO>waterbody</MACROCLASSINFO>
		<CLASSID>8</CLASSID>
		<CLASSINFO>C 1</CLASSINFO>
		<VALUES>[0.10756190027100875, 0.0012328198097123835, 0.13475826800321086, 0.002054469335805209, 0.13015113530134906, 0.0033151461973815986, 0.03296261615674904, 0.008758793270771831, 0.014949956307342896, 0.01061210449953132, 0.010564601134668774, 0.007378475154761369]</VALUES>
		<LCS_MIN>[0.10495803505182266, 0.1229003444314003, 0.12041419744491577, 0.01958976313471794, 0.0, 0.0]</LCS_MIN>
		<LCS_MAX>[0.11292573809623718, 0.14084267616271973, 0.14617443084716797, 0.0651494711637497, 0.047386880964040756, 0.036783237010240555]</LCS_MAX>
		<WAVELENGTH>[0.48, 0.56, 0.655, 0.865, 1.61, 2.2]</WAVELENGTH>
		<MEAN_VALUE>[0.10756190027100875, 0.13475826800321086, 0.13015113530134906, 0.03296261615674904, 0.014949956307342896, 0.010564601134668774]</MEAN_VALUE>
		<CHECKBOX>2</CHECKBOX>
		<SD>[0.0012328198097123835, 0.002054469335805209, 0.0033151461973815986, 0.008758793270771831, 0.01061210449953132, 0.007378475154761369]</SD>
		<WAVELENGTH_UNIT>E-6m</WAVELENGTH_UNIT>
		<COLOR>#9a0b2f</COLOR>
		<COVARIANCE_MATRIX>[[1.5275596308498346e-06, 9.97579014601963e-07, 2.780494629721563e-06, 7.265037066048147e-06, 9.393781382662502e-06, 5.999348169110991e-06], [9.97579014601963e-07, 4.2422698571028e-06, 3.2312152852417004e-06, -2.7595507147730556e-06, -1.6631617402564144e-06, -1.091489512718617e-06], [2.780494629721563e-06, 3.2312152852417004e-06, 1.1045982098389441e-05, 1.5945052502411128e-05, 2.0817301140126457e-05, 1.401407074983403e-05], [7.265037066048147e-06, -2.7595507147730556e-06, 1.5945052502411128e-05, 7.710588321270734e-05, 8.906448596903037e-05, 5.715886978447184e-05], [9.393781382662502e-06, -1.6631617402564144e-06, 2.0817301140126457e-05, 8.906448596903037e-05, 0.00011318842059886626, 7.516167358095281e-05], [5.999348169110991e-06, -1.091489512718617e-06, 1.401407074983403e-05, 5.715886978447184e-05, 7.516167358095281e-05, 5.471825040947867e-05]]</COVARIANCE_MATRIX>
		<ROI_SIZE>198</ROI_SIZE>
		<MAX_VALUE>[0.11292573809623718, 0.14084267616271973, 0.14617443084716797, 0.0651494711637497, 0.047386880964040756, 0.036783237010240555]</MAX_VALUE>
		<MIN_VALUE>[0.10495803505182266, 0.1229003444314003, 0.12041419744491577, 0.01958976313471794, 0.0, 0.0]</MIN_VALUE>
		<SIGNATURE_THRESHOLD_MD>0</SIGNATURE_THRESHOLD_MD>
		<SIGNATURE_THRESHOLD_ML>0</SIGNATURE_THRESHOLD_ML>
		<SIGNATURE_THRESHOLD_SAM>0</SIGNATURE_THRESHOLD_SAM>
	</signature>
	<signature ID="20210512_164024431357_679">
		<MACROCLASSID>1</MACROCLASSID>
		<MACROCLASSINFO>waterbody</MACROCLASSINFO>
		<CLASSID>9</CLASSID>
		<CLASSINFO>C 1</CLASSINFO>
		<VALUES>[0.11791049307439384, 0.0033503145125447836, 0.11771981218239158, 0.0067769624796442515, 0.07520809306240663, 0.010540844541980449, 0.04864055037543904, 0.02568770999753449, 0.04114041568302526, 0.029474666069559653, 0.028821375539026615, 0.01913721297476244]</VALUES>
		<LCS_MIN>[0.10696493834257126, 0.0939350500702858, 0.05906885489821434, 0.006320238579064608, 0.0, 0.0]</LCS_MIN>
		<LCS_MAX>[0.1211630329489708, 0.1292206048965454, 0.104179248213768, 0.1065455973148346, 0.10367003083229065, 0.07257801294326782]</LCS_MAX>
		<WAVELENGTH>[0.48, 0.56, 0.655, 0.865, 1.61, 2.2]</WAVELENGTH>
		<MEAN_VALUE>[0.11791049307439384, 0.11771981218239158, 0.07520809306240663, 0.04864055037543904, 0.04114041568302526, 0.028821375539026615]</MEAN_VALUE>
		<CHECKBOX>2</CHECKBOX>
		<SD>[0.0033503145125447836, 0.0067769624796442515, 0.010540844541980449, 0.02568770999753449, 0.029474666069559653, 0.01913721297476244]</SD>
		<WAVELENGTH_UNIT>E-6m</WAVELENGTH_UNIT>
		<COLOR>#5e8f0a</COLOR>
		<COVARIANCE_MATRIX>[[1.1505222516292387e-05, 2.157991800553117e-05, -9.126553951102017e-06, -6.141665081891257e-05, -6.500080651825605e-05, -3.918023828778837e-05], [2.157991800553117e-05, 4.707540096176863e-05, -2.6617290620844247e-06, -0.00010573934332068082, -0.00011266764352333776, -6.669516345439722e-05], [-9.126553951102017e-06, -2.6617290620844247e-06, 0.00011388713874965402, 0.00021249064705909833, 0.00024256383471807157, 0.00015505783939861345], [-6.141665081891257e-05, -0.00010573934332068082, 0.00021249064705909833, 0.0006763549060403688, 0.0007495042037071243, 0.0004711532035409499], [-6.500080651825605e-05, -0.00011266764352333776, 0.00024256383471807157, 0.0007495042037071243, 0.0008904748384098524, 0.0005685484967925872], [-3.918023828778837e-05, -6.669516345439722e-05, 0.00015505783939861345, 0.0004711532035409499, 0.0005685484967925872, 0.0003753887434524513]]</COVARIANCE_MATRIX>
		<ROI_SIZE>41</ROI_SIZE>
		<MAX_VALUE>[0.1211630329489708, 0.1292206048965454, 0.104179248213768, 0.1065455973148346, 0.10367003083229065, 0.07257801294326782]</MAX_VALUE>
		<MIN_VALUE>[0.10696493834257126, 0.0939350500702858, 0.05906885489821434, 0.006320238579064608, 0.0, 0.0]</MIN_VALUE>
		<SIGNATURE_THRESHOLD_MD>0</SIGNATURE_THRESHOLD_MD>
		<SIGNATURE_THRESHOLD_ML>0</SIGNATURE_THRESHOLD_ML>
		<SIGNATURE_THRESHOLD_SAM>0</SIGNATURE_THRESHOLD_SAM>
	</signature>
	<signature ID="20210512_164029741990_594">
		<MACROCLASSID>1</MACROCLASSID>
		<MACROCLASSINFO>waterbody</MACROCLASSINFO>
		<CLASSID>10</CLASSID>
		<CLASSINFO>C 1</CLASSINFO>
		<VALUES>[0.10771465901900265, 0.0010424404033898575, 0.10697046775841017, 0.003541065692299876, 0.05866432772244065, 0.007947376046650112, 0.025766642619539235, 0.006950484659921026, 0.013683637222094291, 0.00832204308829395, 0.010335793126446816, 0.006607492368503688]</VALUES>
		<LCS_MIN>[0.10447876900434494, 0.0970502495765686, 0.05232924968004227, 0.018810966983437538, 0.002426248276606202, 0.0]</LCS_MIN>
		<LCS_MAX>[0.11130824685096741, 0.11960543692111969, 0.08512863516807556, 0.054755497723817825, 0.0448707640171051, 0.03953897953033447]</LCS_MAX>
		<WAVELENGTH>[0.48, 0.56, 0.655, 0.865, 1.61, 2.2]</WAVELENGTH>
		<MEAN_VALUE>[0.10771465901900265, 0.10697046775841017, 0.05866432772244065, 0.025766642619539235, 0.013683637222094291, 0.010335793126446816]</MEAN_VALUE>
		<CHECKBOX>2</CHECKBOX>
		<SD>[0.0010424404033898575, 0.003541065692299876, 0.007947376046650112, 0.006950484659921026, 0.00832204308829395, 0.006607492368503688]</SD>
		<WAVELENGTH_UNIT>E-6m</WAVELENGTH_UNIT>
		<COLOR>#e4f571</COLOR>
		<COVARIANCE_MATRIX>[[1.0973357396649041e-06, 2.470441498392868e-06, 2.061402778708429e-06, 8.643310963091297e-07, 1.215041059553172e-06, 1.6435118963790354e-06], [2.470441498392868e-06, 1.2662079043430079e-05, 2.0919384097372473e-05, 6.9757453475327865e-06, 9.47532251183765e-06, 1.0918351016961663e-05], [2.061402778708429e-06, 2.0919384097372473e-05, 6.378000941928817e-05, 3.99696210887976e-05, 4.947751965709419e-05, 4.141778817563031e-05], [8.643310963091297e-07, 6.9757453475327865e-06, 3.99696210887976e-05, 4.8782856978462194e-05, 5.1100375104279996e-05, 4.105487568483627e-05], [1.215041059553172e-06, 9.47532251183765e-06, 4.947751965709419e-05, 5.1100375104279996e-05, 6.993538548855266e-05, 5.066996455910971e-05], [1.6435118963790354e-06, 1.0918351016961663e-05, 4.141778817563031e-05, 4.105487568483627e-05, 5.066996455910971e-05, 4.4086984374342656e-05]]</COVARIANCE_MATRIX>
		<ROI_SIZE>103</ROI_SIZE>
		<MAX_VALUE>[0.11130824685096741, 0.11960543692111969, 0.08512863516807556, 0.054755497723817825, 0.0448707640171051, 0.03953897953033447]</MAX_VALUE>
		<MIN_VALUE>[0.10447876900434494, 0.0970502495765686, 0.05232924968004227, 0.018810966983437538, 0.002426248276606202, 0.0]</MIN_VALUE>
		<SIGNATURE_THRESHOLD_MD>0</SIGNATURE_THRESHOLD_MD>
		<SIGNATURE_THRESHOLD_ML>0</SIGNATURE_THRESHOLD_ML>
		<SIGNATURE_THRESHOLD_SAM>0</SIGNATURE_THRESHOLD_SAM>
	</signature>
	<signature ID="20210512_164033849158_768">
		<MACROCLASSID>1</MACROCLASSID>
		<MACROCLASSINFO>waterbody</MACROCLASSINFO>
		<CLASSID>11</CLASSID>
		<CLASSINFO>C 1</CLASSINFO>
		<VALUES>[0.10671632694346563, 0.0008346821350278136, 0.11016186720558573, 0.0013431274222507833, 0.06826423050037454, 0.0046150293992076276, 0.028397033150706977, 0.008220370764272412, 0.018605998238282545, 0.0100051753895653, 0.014454832806118902, 0.007981967674960603]</VALUES>
		<LCS_MIN>[0.10492808371782303, 0.10753407329320908, 0.06158497557044029, 0.017702678218483925, 0.0, 0.004403204657137394]</LCS_MIN>
		<LCS_MAX>[0.11031976342201233, 0.11502251029014587, 0.08563785254955292, 0.058769311755895615, 0.04840531200170517, 0.04064727947115898]</LCS_MAX>
		<WAVELENGTH>[0.48, 0.56, 0.655, 0.865, 1.61, 2.2]</WAVELENGTH>
		<MEAN_VALUE>[0.10671632694346563, 0.11016186720558573, 0.06826423050037454, 0.028397033150706977, 0.018605998238282545, 0.014454832806118902]</MEAN_VALUE>
		<CHECKBOX>2</CHECKBOX>
		<SD>[0.0008346821350278136, 0.0013431274222507833, 0.0046150293992076276, 0.008220370764272412, 0.0100051753895653, 0.007981967674960603]</SD>
		<WAVELENGTH_UNIT>E-6m</WAVELENGTH_UNIT>
		<COLOR>#f2e212</COLOR>
		<COVARIANCE_MATRIX>[[7.067912848901603e-07, 7.956376745608846e-07, 2.708289203213679e-06, 4.4145722369671055e-06, 4.266366688685701e-06, 3.4549048265293965e-06], [7.956376745608846e-07, 1.830136073451341e-06, 2.622783085172751e-06, 3.967503687483443e-06, 4.297448828489902e-06, 4.3699978675007215e-06], [2.708289203213679e-06, 2.622783085172751e-06, 2.160717021577608e-05, 3.405439633086651e-05, 3.90440779802694e-05, 3.097226173823046e-05], [4.4145722369671055e-06, 3.967503687483443e-06, 3.405439633086651e-05, 6.855383601662785e-05, 7.409766307752692e-05, 5.636944397579689e-05], [4.266366688685701e-06, 4.297448828489902e-06, 3.90440779802694e-05, 7.409766307752692e-05, 0.00010155431043938294, 7.551947361495423e-05], [3.4549048265293965e-06, 4.3699978675007215e-06, 3.097226173823046e-05, 5.636944397579689e-05, 7.551947361495423e-05, 6.463516749982786e-05]]</COVARIANCE_MATRIX>
		<ROI_SIZE>70</ROI_SIZE>
		<MAX_VALUE>[0.11031976342201233, 0.11502251029014587, 0.08563785254955292, 0.058769311755895615, 0.04840531200170517, 0.04064727947115898]</MAX_VALUE>
		<MIN_VALUE>[0.10492808371782303, 0.10753407329320908, 0.06158497557044029, 0.017702678218483925, 0.0, 0.004403204657137394]</MIN_VALUE>
		<SIGNATURE_THRESHOLD_MD>0</SIGNATURE_THRESHOLD_MD>
		<SIGNATURE_THRESHOLD_ML>0</SIGNATURE_THRESHOLD_ML>
		<SIGNATURE_THRESHOLD_SAM>0</SIGNATURE_THRESHOLD_SAM>
	</signature>
	<signature ID="20210512_164039387255_973">
		<MACROCLASSID>1</MACROCLASSID>
		<MACROCLASSINFO>waterbody</MACROCLASSINFO>
		<CLASSID>12</CLASSID>
		<CLASSINFO>C 1</CLASSINFO>
		<VALUES>[0.10529634049710106, 0.0016481823080055202, 0.10044676416060504, 0.003850539397678612, 0.06359187089929393, 0.009713944204378116, 0.04411545194977641, 0.026953705631423942, 0.034845050250855734, 0.029159059946312547, 0.023274668474115575, 0.019001198765964844]</VALUES>
		<LCS_MIN>[0.09833825379610062, 0.08647655695676804, 0.05301818624138832, 0.018541384488344193, 0.006589820608496666, 0.0036243973299860954]</LCS_MIN>
		<LCS_MAX>[0.10807324200868607, 0.11196722835302353, 0.08917240053415298, 0.11861696094274521, 0.12059391289949417, 0.07006189227104187]</LCS_MAX>
		<WAVELENGTH>[0.48, 0.56, 0.655, 0.865, 1.61, 2.2]</WAVELENGTH>
		<MEAN_VALUE>[0.10529634049710106, 0.10044676416060504, 0.06359187089929393, 0.04411545194977641, 0.034845050250855734, 0.023274668474115575]</MEAN_VALUE>
		<CHECKBOX>2</CHECKBOX>
		<SD>[0.0016481823080055202, 0.003850539397678612, 0.009713944204378116, 0.026953705631423942, 0.029159059946312547, 0.019001198765964844]</SD>
		<WAVELENGTH_UNIT>E-6m</WAVELENGTH_UNIT>
		<COLOR>#f6283c</COLOR>
		<COVARIANCE_MATRIX>[[2.7708350188308563e-06, 5.949186335329905e-06, 3.791829109652877e-06, -1.2020644055648527e-05, -1.419463309987895e-07, 1.5455562493040095e-06], [5.949186335329905e-06, 1.512318672613667e-05, 1.4210622298933163e-05, -1.8329105852075176e-05, 1.0247994375328841e-05, 9.155183890003977e-06], [3.791829109652877e-06, 1.4210622298933163e-05, 9.624792624588655e-05, 0.0002089586624744244, 0.00025281072925381577, 0.00016413533588083864], [-1.2020644055648527e-05, -1.8329105852075176e-05, 0.0002089586624744244, 0.0007410322922107641, 0.0007168741898775762, 0.0004570390670087927], [-1.419463309987895e-07, 1.0247994375328841e-05, 0.00025281072925381577, 0.0007168741898775762, 0.0008672557924917013, 0.0005445843913932726], [1.5455562493040095e-06, 9.155183890003977e-06, 0.00016413533588083864, 0.0004570390670087927, 0.0005445843913932726, 0.000368266465634578]]</COVARIANCE_MATRIX>
		<ROI_SIZE>51</ROI_SIZE>
		<MAX_VALUE>[0.10807324200868607, 0.11196722835302353, 0.08917240053415298, 0.11861696094274521, 0.12059391289949417, 0.07006189227104187]</MAX_VALUE>
		<MIN_VALUE>[0.09833825379610062, 0.08647655695676804, 0.05301818624138832, 0.018541384488344193, 0.006589820608496666, 0.0036243973299860954]</MIN_VALUE>
		<SIGNATURE_THRESHOLD_MD>0</SIGNATURE_THRESHOLD_MD>
		<SIGNATURE_THRESHOLD_ML>0</SIGNATURE_THRESHOLD_ML>
		<SIGNATURE_THRESHOLD_SAM>0</SIGNATURE_THRESHOLD_SAM>
	</signature>
	<signature ID="20210512_164055103429_635">
		<MACROCLASSID>1</MACROCLASSID>
		<MACROCLASSINFO>waterbody</MACROCLASSINFO>
		<CLASSID>13</CLASSID>
		<CLASSINFO>C 1</CLASSINFO>
		<VALUES>[0.1083958103106572, 0.002175884860160238, 0.09286592786128704, 0.0035998322586265046, 0.07978534469237694, 0.0078453850327575, 0.15871585790927595, 0.029149525617750045, 0.11378058017446445, 0.02632211674419737, 0.06512412142295104, 0.017240335824112347]</VALUES>
		<LCS_MIN>[0.10375988483428955, 0.08731526881456375, 0.06224396079778671, 0.10666539520025253, 0.05553430691361427, 0.03789151459932327]</LCS_MIN>
		<LCS_MAX>[0.11139809340238571, 0.09743964672088623, 0.09441430866718292, 0.19571799039840698, 0.15737713873386383, 0.09150879830121994]</LCS_MAX>
		<WAVELENGTH>[0.48, 0.56, 0.655, 0.865, 1.61, 2.2]</WAVELENGTH>
		<MEAN_VALUE>[0.1083958103106572, 0.09286592786128704, 0.07978534469237694, 0.15871585790927595, 0.11378058017446445, 0.06512412142295104]</MEAN_VALUE>
		<CHECKBOX>2</CHECKBOX>
		<SD>[0.002175884860160238, 0.0035998322586265046, 0.0078453850327575, 0.029149525617750045, 0.02632211674419737, 0.017240335824112347]</SD>
		<WAVELENGTH_UNIT>E-6m</WAVELENGTH_UNIT>
		<COLOR>#e73fcf</COLOR>
		<COVARIANCE_MATRIX>[[5.129014501730741e-06, 5.158226098731738e-06, 1.6433227346737407e-05, -6.724563996849913e-06, 1.3050057902991723e-05, 1.9526926798127503e-05], [5.158226098731738e-06, 1.4038691647768665e-05, 2.3481994386515845e-05, 1.6156239034109173e-05, 7.362337520559261e-05, 4.376365176471493e-05], [1.6433227346737407e-05, 2.3481994386515845e-05, 6.667923850489997e-05, 1.5255644129715356e-05, 8.525076652102384e-05, 9.508339278072022e-05], [-6.724563996849913e-06, 1.6156239034109173e-05, 1.5255644129715356e-05, 0.0009205027473848553, 0.0004431593434128334, 0.00037227077226869074], [1.3050057902991723e-05, 7.362337520559261e-05, 8.525076652102384e-05, 0.0004431593434128334, 0.0007505916490530849, 0.0003817004487994398], [1.9526926798127503e-05, 4.376365176471493e-05, 9.508339278072022e-05, 0.00037227077226869074, 0.0003817004487994398, 0.0003219982776055192]]</COVARIANCE_MATRIX>
		<ROI_SIZE>13</ROI_SIZE>
		<MAX_VALUE>[0.11139809340238571, 0.09743964672088623, 0.09441430866718292, 0.19571799039840698, 0.15737713873386383, 0.09150879830121994]</MAX_VALUE>
		<MIN_VALUE>[0.10375988483428955, 0.08731526881456375, 0.06224396079778671, 0.10666539520025253, 0.05553430691361427, 0.03789151459932327]</MIN_VALUE>
		<SIGNATURE_THRESHOLD_MD>0</SIGNATURE_THRESHOLD_MD>
		<SIGNATURE_THRESHOLD_ML>0</SIGNATURE_THRESHOLD_ML>
		<SIGNATURE_THRESHOLD_SAM>0</SIGNATURE_THRESHOLD_SAM>
	</signature>
	<signature ID="20210512_164102194625_763">
		<MACROCLASSID>1</MACROCLASSID>
		<MACROCLASSINFO>waterbody</MACROCLASSINFO>
		<CLASSID>14</CLASSID>
		<CLASSINFO>C 1</CLASSINFO>
		<VALUES>[0.11231838499611997, 0.0020896763262095493, 0.10716697098092831, 0.004862814022425496, 0.09516952868471755, 0.006478092465473727, 0.1167987073831102, 0.054279170679847034, 0.08073754160803683, 0.05379797361907356, 0.051201839475555615, 0.03327822879391859]</VALUES>
		<LCS_MIN>[0.10606633126735687, 0.09444426000118256, 0.07898811995983124, 0.04900437220931053, 0.014108220115303993, 0.007847880944609642]</LCS_MIN>
		<LCS_MAX>[0.11861696094274521, 0.11625061184167862, 0.11391421407461166, 0.23639525473117828, 0.1802918016910553, 0.11014004051685333]</LCS_MAX>
		<WAVELENGTH>[0.48, 0.56, 0.655, 0.865, 1.61, 2.2]</WAVELENGTH>
		<MEAN_VALUE>[0.11231838499611997, 0.10716697098092831, 0.09516952868471755, 0.1167987073831102, 0.08073754160803683, 0.051201839475555615]</MEAN_VALUE>
		<CHECKBOX>2</CHECKBOX>
		<SD>[0.0020896763262095493, 0.004862814022425496, 0.006478092465473727, 0.054279170679847034, 0.05379797361907356, 0.03327822879391859]</SD>
		<WAVELENGTH_UNIT>E-6m</WAVELENGTH_UNIT>
		<COLOR>#3a0c8c</COLOR>
		<COVARIANCE_MATRIX>[[4.461676434153685e-06, 7.936123281377797e-06, 1.208704185210727e-05, -1.7295592215020773e-05, 1.1986178814883196e-08, 5.202944709278128e-06], [7.936123281377797e-06, 2.4161024569234947e-05, 1.809146440979163e-05, -0.00017708850424070553, -0.00014462357684387944, -7.808823917714664e-05], [1.208704185210727e-05, 1.809146440979163e-05, 4.287797942581937e-05, 7.407453514545464e-05, 0.0001286322444920451, 9.497129624577763e-05], [-1.7295592215020773e-05, -0.00017708850424070553, 7.407453514545464e-05, 0.0030102768125113565, 0.0029045331178732432, 0.0017703107173411134], [1.1986178814883196e-08, -0.00014462357684387944, 0.0001286322444920451, 0.0029045331178732432, 0.002957139834334155, 0.0018044156585977867], [5.202944709278128e-06, -7.808823917714664e-05, 9.497129624577763e-05, 0.0017703107173411134, 0.0018044156585977867, 0.0011315153053921396]]</COVARIANCE_MATRIX>
		<ROI_SIZE>47</ROI_SIZE>
		<MAX_VALUE>[0.11861696094274521, 0.11625061184167862, 0.11391421407461166, 0.23639525473117828, 0.1802918016910553, 0.11014004051685333]</MAX_VALUE>
		<MIN_VALUE>[0.10606633126735687, 0.09444426000118256, 0.07898811995983124, 0.04900437220931053, 0.014108220115303993, 0.007847880944609642]</MIN_VALUE>
		<SIGNATURE_THRESHOLD_MD>0</SIGNATURE_THRESHOLD_MD>
		<SIGNATURE_THRESHOLD_ML>0</SIGNATURE_THRESHOLD_ML>
		<SIGNATURE_THRESHOLD_SAM>0</SIGNATURE_THRESHOLD_SAM>
	</signature>
	<signature ID="20210512_164108940575_623">
		<MACROCLASSID>1</MACROCLASSID>
		<MACROCLASSINFO>waterbody</MACROCLASSINFO>
		<CLASSID>15</CLASSID>
		<CLASSINFO>C 1</CLASSINFO>
		<VALUES>[0.102878388017416, 0.0016761014749741838, 0.08473282254167964, 0.0023372494038258287, 0.06375875270792417, 0.005299676136958311, 0.12008041782038552, 0.028664187036637267, 0.06130896774785859, 0.019722876109784057, 0.03711272696299212, 0.01134625735595619]</VALUES>
		<LCS_MIN>[0.09887741506099701, 0.08069548010826111, 0.05559420585632324, 0.07233836501836777, 0.02399296686053276, 0.018181942403316498]</LCS_MIN>
		<LCS_MAX>[0.10528752207756042, 0.0896516665816307, 0.07506415992975235, 0.16774116456508636, 0.09642121940851212, 0.062872976064682]</LCS_MAX>
		<WAVELENGTH>[0.48, 0.56, 0.655, 0.865, 1.61, 2.2]</WAVELENGTH>
		<MEAN_VALUE>[0.102878388017416, 0.08473282254167964, 0.06375875270792417, 0.12008041782038552, 0.06130896774785859, 0.03711272696299212]</MEAN_VALUE>
		<CHECKBOX>2</CHECKBOX>
		<SD>[0.0016761014749741838, 0.0023372494038258287, 0.005299676136958311, 0.028664187036637267, 0.019722876109784057, 0.01134625735595619]</SD>
		<WAVELENGTH_UNIT>E-6m</WAVELENGTH_UNIT>
		<COLOR>#fc52e2</COLOR>
		<COVARIANCE_MATRIX>[[3.025417397057605e-06, 3.370380869029026e-06, 6.844846908931314e-06, -2.693303188346844e-05, -6.935919283822791e-06, 2.265410365994617e-06], [3.370380869029026e-06, 5.882945143044508e-06, 1.1135901530565432e-05, -1.6098561228789127e-05, 6.054440119494723e-06, 1.1755162792323015e-05], [6.844846908931314e-06, 1.1135901530565432e-05, 3.024707232254115e-05, -2.4514345119236204e-05, 3.671770316537596e-05, 3.771909425084348e-05], [-2.693303188346844e-05, -1.6098561228789127e-05, -2.4514345119236204e-05, 0.0008848383583537332, 0.0004893969603461144, 0.00022278588424491674], [-6.935919283822791e-06, 6.054440119494723e-06, 3.671770316537596e-05, 0.0004893969603461144, 0.0004189142914297285, 0.00022286613166354772], [2.265410365994617e-06, 1.1755162792323015e-05, 3.771909425084348e-05, 0.00022278588424491674, 0.00022286613166354772, 0.00013864044490971228]]</COVARIANCE_MATRIX>
		<ROI_SIZE>14</ROI_SIZE>
		<MAX_VALUE>[0.10528752207756042, 0.0896516665816307, 0.07506415992975235, 0.16774116456508636, 0.09642121940851212, 0.062872976064682]</MAX_VALUE>
		<MIN_VALUE>[0.09887741506099701, 0.08069548010826111, 0.05559420585632324, 0.07233836501836777, 0.02399296686053276, 0.018181942403316498]</MIN_VALUE>
		<SIGNATURE_THRESHOLD_MD>0</SIGNATURE_THRESHOLD_MD>
		<SIGNATURE_THRESHOLD_ML>0</SIGNATURE_THRESHOLD_ML>
		<SIGNATURE_THRESHOLD_SAM>0</SIGNATURE_THRESHOLD_SAM>
	</signature>
	<signature ID="20210512_164112726521_759">
		<MACROCLASSID>1</MACROCLASSID>
		<MACROCLASSINFO>waterbody</MACROCLASSINFO>
		<CLASSID>16</CLASSID>
		<CLASSINFO>C 1</CLASSINFO>
		<VALUES>[0.10410175326725712, 0.003036506888423387, 0.08680084056180458, 0.004229059268953377, 0.06301883964434914, 0.00801317816098801, 0.1141590612899998, 0.03369627040240018, 0.066369103429758, 0.02480838473906344, 0.03855832259211204, 0.015232500869667766]</VALUES>
		<LCS_MIN>[0.09618157148361206, 0.0779397189617157, 0.05268869176506996, 0.055025093257427216, 0.02075796201825142, 0.01003450807183981]</LCS_MIN>
		<LCS_MAX>[0.11418380588293076, 0.1010640412569046, 0.09690047800540924, 0.18050146102905273, 0.1213427484035492, 0.06598817557096481]</LCS_MAX>
		<WAVELENGTH>[0.48, 0.56, 0.655, 0.865, 1.61, 2.2]</WAVELENGTH>
