<?xml version="1.0" ?>
<signaturelist MCID_LIST="[['1', 'waterbody', '#000000'], ['2', 'vegetation', '#000000'], ['3', 'bareland', '#000000'], ['4', 'built-up', '#000000']]">
	<signature ID="20210219_215258315716_227">
		<MACROCLASSID>1</MACROCLASSID>
		<MACROCLASSINFO>waterbody</MACROCLASSINFO>
		<CLASSID>1</CLASSID>
		<CLASSINFO>C 1</CLASSINFO>
		<VALUES>[0.11514014159446635, 0.005031414265816954, 0.12677564931360377, 0.00764310554086181, 0.0819771000518691, 0.006710350264541848, 0.03914893947261922, 0.007739707817665963, 0.009216134068686965, 0.006291888907219896, 0.005641669071398811, 0.0046771261940845785]</VALUES>
		<LCS_MIN>[0.09923679381608963, 0.09318531304597855, 0.05789896473288536, 0.019855322316288948, 0.0, 0.0]</LCS_MIN>
		<LCS_MAX>[0.14524953067302704, 0.1622360497713089, 0.11863391846418381, 0.07047198712825775, 0.042620666325092316, 0.037181556224823]</LCS_MAX>
		<WAVELENGTH>[0.485, 0.56, 0.66, 0.83, 1.65, 2.215]</WAVELENGTH>
		<MEAN_VALUE>[0.11514014159446635, 0.12677564931360377, 0.0819771000518691, 0.03914893947261922, 0.009216134068686965, 0.005641669071398811]</MEAN_VALUE>
		<CHECKBOX>2</CHECKBOX>
		<SD>[0.005031414265816954, 0.00764310554086181, 0.006710350264541848, 0.007739707817665963, 0.006291888907219896, 0.0046771261940845785]</SD>
		<WAVELENGTH_UNIT>E-6m</WAVELENGTH_UNIT>
		<COLOR>#14a93d</COLOR>
		<COVARIANCE_MATRIX>[[2.0388348275446333e-05, 2.8111386200180277e-05, 2.3914231860544533e-05, 1.0219821888313163e-05, 6.505949841084657e-06, 6.130239853519015e-06], [2.8111386200180277e-05, 5.16219406563323e-05, 3.960762478527613e-05, 1.0379359082435258e-05, 5.3668240980186965e-06, 6.3370325733558275e-06], [2.3914231860544533e-05, 3.960762478527613e-05, 3.662328526843339e-05, 1.556263850943651e-05, 1.0062484761874657e-05, 8.773477929935325e-06], [1.0219821888313163e-05, 1.0379359082435258e-05, 1.556263850943651e-05, 4.9603102524997666e-05, 3.268820000812411e-05, 1.9977278498117812e-05], [6.505949841084657e-06, 5.3668240980186965e-06, 1.0062484761874657e-05, 3.268820000812411e-05, 3.4192329621873796e-05, 1.9194045307813212e-05], [6.130239853519015e-06, 6.3370325733558275e-06, 8.773477929935325e-06, 1.9977278498117812e-05, 1.9194045307813212e-05, 1.823916863941122e-05]]</COVARIANCE_MATRIX>
		<ROI_SIZE>7493</ROI_SIZE>
		<MAX_VALUE>[0.14524953067302704, 0.1622360497713089, 0.11863391846418381, 0.07047198712825775, 0.042620666325092316, 0.037181556224823]</MAX_VALUE>
		<MIN_VALUE>[0.09923679381608963, 0.09318531304597855, 0.05789896473288536, 0.019855322316288948, 0.0, 0.0]</MIN_VALUE>
		<SIGNATURE_THRESHOLD_MD>0.0</SIGNATURE_THRESHOLD_MD>
		<SIGNATURE_THRESHOLD_ML>0.0</SIGNATURE_THRESHOLD_ML>
		<SIGNATURE_THRESHOLD_SAM>0.0</SIGNATURE_THRESHOLD_SAM>
	</signature>
	<signature ID="20210219_215308077894_692">
		<MACROCLASSID>1</MACROCLASSID>
		<MACROCLASSINFO>waterbody</MACROCLASSINFO>
		<CLASSID>2</CLASSID>
		<CLASSINFO>C 1</CLASSINFO>
		<VALUES>[0.12535860917220512, 0.005945534071284629, 0.16054730117321023, 0.013452908828594132, 0.14604901149868962, 0.015291726482916284, 0.11179575168838103, 0.04570015953142327, 0.03998984278102095, 0.02590701642462017, 0.019205102813430137, 0.011805929486182136]</VALUES>
		<LCS_MIN>[0.10786417871713638, 0.13221397995948792, 0.11104205995798111, 0.057817816734313965, 0.007995606400072575, 0.005006751045584679]</LCS_MIN>
		<LCS_MAX>[0.13518424332141876, 0.18024928867816925, 0.16418516635894775, 0.21599489450454712, 0.10372373461723328, 0.04595649987459183]</LCS_MAX>
		<WAVELENGTH>[0.485, 0.56, 0.66, 0.83, 1.65, 2.215]</WAVELENGTH>
		<MEAN_VALUE>[0.12535860917220512, 0.16054730117321023, 0.14604901149868962, 0.11179575168838103, 0.03998984278102095, 0.019205102813430137]</MEAN_VALUE>
		<CHECKBOX>2</CHECKBOX>
		<SD>[0.005945534071284629, 0.013452908828594132, 0.015291726482916284, 0.04570015953142327, 0.02590701642462017, 0.011805929486182136]</SD>
		<WAVELENGTH_UNIT>E-6m</WAVELENGTH_UNIT>
		<COLOR>#9e5aa2</COLOR>
		<COVARIANCE_MATRIX>[[3.610148996813223e-05, 7.53614804125391e-05, 8.782101940596476e-05, -0.00025149338762275875, -0.00011450875899754465, -4.105902189621702e-05], [7.53614804125391e-05, 0.00018483141320757568, 0.00020375721214804798, -0.000599018472712487, -0.0003013001987710595, -0.0001167622467619367], [8.782101940596476e-05, 0.00020375721214804798, 0.0002388121502008289, -0.0006749512976966798, -0.0003284856502432376, -0.00012286839773878455], [-0.00025149338762275875, -0.000599018472712487, -0.0006749512976966798, 0.0021329408045858145, 0.0010883694048970938, 0.0004456228343769908], [-0.00011450875899754465, -0.0003013001987710595, -0.0003284856502432376, 0.0010883694048970938, 0.0006854537641629577, 0.0002912789932452142], [-4.105902189621702e-05, -0.0001167622467619367, -0.00012286839773878455, 0.0004456228343769908, 0.0002912789932452142, 0.00014234549598768353]]</COVARIANCE_MATRIX>
		<ROI_SIZE>48</ROI_SIZE>
		<MAX_VALUE>[0.13518424332141876, 0.18024928867816925, 0.16418516635894775, 0.21599489450454712, 0.10372373461723328, 0.04595649987459183]</MAX_VALUE>
		<MIN_VALUE>[0.10786417871713638, 0.13221397995948792, 0.11104205995798111, 0.057817816734313965, 0.007995606400072575, 0.005006751045584679]</MIN_VALUE>
		<SIGNATURE_THRESHOLD_MD>0.0</SIGNATURE_THRESHOLD_MD>
		<SIGNATURE_THRESHOLD_ML>0.0</SIGNATURE_THRESHOLD_ML>
		<SIGNATURE_THRESHOLD_SAM>0.0</SIGNATURE_THRESHOLD_SAM>
	</signature>
	<signature ID="20210219_215320242594_513">
		<MACROCLASSID>1</MACROCLASSID>
		<MACROCLASSINFO>waterbody</MACROCLASSINFO>
		<CLASSID>3</CLASSID>
		<CLASSINFO>C 1</CLASSINFO>
		<VALUES>[0.11723399029857727, 0.006867128761170474, 0.1310740927236545, 0.015388816011155442, 0.10549732842713479, 0.022247731346108846, 0.05225580400970852, 0.007964417871416158, 0.011441118903024537, 0.006332585736457549, 0.005956093954122834, 0.00385617366069825]</VALUES>
		<LCS_MIN>[0.09923679381608963, 0.09318531304597855, 0.06042959541082382, 0.026182405650615692, 0.001885301317088306, 0.0]</LCS_MIN>
		<LCS_MAX>[0.12943266332149506, 0.15322941541671753, 0.13634829223155975, 0.08312615752220154, 0.046694207936525345, 0.02840660884976387]</LCS_MAX>
		<WAVELENGTH>[0.485, 0.56, 0.66, 0.83, 1.65, 2.215]</WAVELENGTH>
		<MEAN_VALUE>[0.11723399029857727, 0.1310740927236545, 0.10549732842713479, 0.05225580400970852, 0.011441118903024537, 0.005956093954122834]</MEAN_VALUE>
		<CHECKBOX>2</CHECKBOX>
		<SD>[0.006867128761170474, 0.015388816011155442, 0.022247731346108846, 0.007964417871416158, 0.006332585736457549, 0.00385617366069825]</SD>
		<WAVELENGTH_UNIT>E-6m</WAVELENGTH_UNIT>
		<COLOR>#524bd2</COLOR>
		<COVARIANCE_MATRIX>[[3.9832480979384854e-05, 8.345099922735244e-05, 0.00011831083247670904, 3.8006442082405556e-06, -2.049757313216105e-05, -9.778164894669317e-06], [8.345099922735244e-05, 0.00019266823073849082, 0.000269130221568048, 1.0586173630144913e-05, -4.562116737361066e-05, -2.2107984477770515e-05], [0.00011831083247670904, 0.000269130221568048, 0.000388935673981905, 2.2151562006911263e-05, -6.134167779237032e-05, -2.9805252779624425e-05], [3.8006442082405556e-06, 1.0586173630144913e-05, 2.2151562006911263e-05, 5.165617767488584e-05, 2.2288833861239254e-05, 1.0369524716224987e-05], [-2.049757313216105e-05, -4.562116737361066e-05, -6.134167779237032e-05, 2.2288833861239254e-05, 3.6472123611019924e-05, 1.6377951396862045e-05], [-9.778164894669317e-06, -2.2107984477770515e-05, -2.9805252779624425e-05, 1.0369524716224987e-05, 1.6377951396862045e-05, 1.362633611279307e-05]]</COVARIANCE_MATRIX>
		<ROI_SIZE>1801</ROI_SIZE>
		<MAX_VALUE>[0.12943266332149506, 0.15322941541671753, 0.13634829223155975, 0.08312615752220154, 0.046694207936525345, 0.02840660884976387]</MAX_VALUE>
		<MIN_VALUE>[0.09923679381608963, 0.09318531304597855, 0.06042959541082382, 0.026182405650615692, 0.001885301317088306, 0.0]</MIN_VALUE>
		<SIGNATURE_THRESHOLD_MD>0.0</SIGNATURE_THRESHOLD_MD>
		<SIGNATURE_THRESHOLD_ML>0.0</SIGNATURE_THRESHOLD_ML>
		<SIGNATURE_THRESHOLD_SAM>0.0</SIGNATURE_THRESHOLD_SAM>
	</signature>
	<signature ID="20210219_215326477770_520">
		<MACROCLASSID>1</MACROCLASSID>
		<MACROCLASSINFO>waterbody</MACROCLASSINFO>
		<CLASSID>4</CLASSID>
		<CLASSINFO>C 1</CLASSINFO>
		<VALUES>[0.11604066736823919, 0.004158866843628787, 0.1283007099836894, 0.010295638932145409, 0.10339898763579797, 0.015002775605290378, 0.0554543085627775, 0.010043489465985633, 0.014838794747137367, 0.0059368382829143975, 0.006968239154074491, 0.0038779034930368377]</VALUES>
		<LCS_MIN>[0.10498839616775513, 0.10519415140151978, 0.07814394682645798, 0.019855322316288948, 0.001885301317088306, 0.0]</LCS_MIN>
		<LCS_MAX>[0.13230843842029572, 0.15623162686824799, 0.14140954613685608, 0.08945324271917343, 0.046694207936525345, 0.03133159503340721]</LCS_MAX>
		<WAVELENGTH>[0.485, 0.56, 0.66, 0.83, 1.65, 2.215]</WAVELENGTH>
		<MEAN_VALUE>[0.11604066736823919, 0.1283007099836894, 0.10339898763579797, 0.0554543085627775, 0.014838794747137367, 0.006968239154074491]</MEAN_VALUE>
		<CHECKBOX>2</CHECKBOX>
		<SD>[0.004158866843628787, 0.010295638932145409, 0.015002775605290378, 0.010043489465985633, 0.0059368382829143975, 0.0038779034930368377]</SD>
		<WAVELENGTH_UNIT>E-6m</WAVELENGTH_UNIT>
		<COLOR>#711125</COLOR>
		<COVARIANCE_MATRIX>[[1.732120472297538e-05, 3.8359157770173624e-05, 5.5279993830481544e-05, 3.941696888887236e-07, -8.200760021281894e-06, -2.9939010346424766e-06], [3.8359157770173624e-05, 0.00010615358041832224, 0.00014715247380081564, 1.9119611351925414e-06, -2.090567613777239e-05, -7.726660442131106e-06], [5.5279993830481544e-05, 0.00014715247380081564, 0.00022540900681633502, 2.0061128452653065e-05, -2.0967478121747263e-05, -5.6623248383402824e-06], [3.941696888887236e-07, 1.9119611351925414e-06, 2.0061128452653065e-05, 0.0001010176565614529, 4.060024002683349e-05, 2.037384911091067e-05], [-8.200760021281894e-06, -2.090567613777239e-05, -2.0967478121747263e-05, 4.060024002683349e-05, 3.52970564563293e-05, 1.5338828234234825e-05], [-2.9939010346424766e-06, -7.726660442131106e-06, -5.6623248383402824e-06, 2.037384911091067e-05, 1.5338828234234825e-05, 1.505989803263219e-05]]</COVARIANCE_MATRIX>
		<ROI_SIZE>692</ROI_SIZE>
		<MAX_VALUE>[0.13230843842029572, 0.15623162686824799, 0.14140954613685608, 0.08945324271917343, 0.046694207936525345, 0.03133159503340721]</MAX_VALUE>
		<MIN_VALUE>[0.10498839616775513, 0.10519415140151978, 0.07814394682645798, 0.019855322316288948, 0.001885301317088306, 0.0]</MIN_VALUE>
		<SIGNATURE_THRESHOLD_MD>0.0</SIGNATURE_THRESHOLD_MD>
		<SIGNATURE_THRESHOLD_ML>0.0</SIGNATURE_THRESHOLD_ML>
		<SIGNATURE_THRESHOLD_SAM>0.0</SIGNATURE_THRESHOLD_SAM>
	</signature>
	<signature ID="20210219_215332881272_336">
		<MACROCLASSID>1</MACROCLASSID>
		<MACROCLASSINFO>waterbody</MACROCLASSINFO>
		<CLASSID>5</CLASSID>
		<CLASSINFO>C 1</CLASSINFO>
		<VALUES>[0.12004751529938999, 0.0022530114476971407, 0.1302148838489324, 0.0029311670253217266, 0.10139270275128133, 0.004777439776250856, 0.046049000395435066, 0.005329903847300111, 0.00738842913247063, 0.0038276315460143745, 0.004052316198420446, 0.0028283649713450017]</VALUES>
		<LCS_MIN>[0.11217787116765976, 0.11720295250415802, 0.08826645463705063, 0.029345950111746788, 0.0, 0.0]</LCS_MIN>
		<LCS_MAX>[0.13230843842029572, 0.1472250074148178, 0.12369517982006073, 0.07996261119842529, 0.04465743899345398, 0.022556645795702934]</LCS_MAX>
		<WAVELENGTH>[0.485, 0.56, 0.66, 0.83, 1.65, 2.215]</WAVELENGTH>
		<MEAN_VALUE>[0.12004751529938999, 0.1302148838489324, 0.10139270275128133, 0.046049000395435066, 0.00738842913247063, 0.004052316198420446]</MEAN_VALUE>
		<CHECKBOX>2</CHECKBOX>
		<SD>[0.0022530114476971407, 0.0029311670253217266, 0.004777439776250856, 0.005329903847300111, 0.0038276315460143745, 0.0028283649713450017]</SD>
		<WAVELENGTH_UNIT>E-6m</WAVELENGTH_UNIT>
		<COLOR>#a99a04</COLOR>
		<COVARIANCE_MATRIX>[[5.848470664204797e-06, 4.697862550528953e-06, 6.32378851150861e-06, -2.0395896171976347e-06, -1.865413537416316e-06, -9.207890343532199e-07], [4.697862550528953e-06, 1.1438910405559e-05, 1.2393411452649161e-05, -2.054500782833202e-06, -2.497034984116908e-06, -1.2158914159954293e-06], [6.32378851150861e-06, 1.2393411452649161e-05, 2.3111686459742486e-05, 2.7681123810907593e-06, -5.042459179094294e-07, -1.9885681012965506e-07], [-2.0395896171976347e-06, -2.054500782833202e-06, 2.7681123810907593e-06, 2.9732249458902515e-05, 1.5801622794242576e-05, 7.915254172985442e-06], [-1.865413537416316e-06, -2.497034984116908e-06, -5.042459179094294e-07, 1.5801622794242576e-05, 1.73277803696692e-05, 7.664404620300047e-06], [-9.207890343532199e-07, -1.2158914159954293e-06, -1.9885681012965506e-07, 7.915254172985442e-06, 7.664404620300047e-06, 9.084144039661624e-06]]</COVARIANCE_MATRIX>
		<ROI_SIZE>6034</ROI_SIZE>
		<MAX_VALUE>[0.13230843842029572, 0.1472250074148178, 0.12369517982006073, 0.07996261119842529, 0.04465743899345398, 0.022556645795702934]</MAX_VALUE>
		<MIN_VALUE>[0.11217787116765976, 0.11720295250415802, 0.08826645463705063, 0.029345950111746788, 0.0, 0.0]</MIN_VALUE>
		<SIGNATURE_THRESHOLD_MD>0.0</SIGNATURE_THRESHOLD_MD>
		<SIGNATURE_THRESHOLD_ML>0.0</SIGNATURE_THRESHOLD_ML>
		<SIGNATURE_THRESHOLD_SAM>0.0</SIGNATURE_THRESHOLD_SAM>
	</signature>
	<signature ID="20210219_215338633269_840">
		<MACROCLASSID>1</MACROCLASSID>
		<MACROCLASSINFO>waterbody</MACROCLASSINFO>
		<CLASSID>6</CLASSID>
		<CLASSINFO>C 1</CLASSINFO>
		<VALUES>[0.12753328206973788, 0.0021854631995793967, 0.14495090754791556, 0.0032985330467575963, 0.12322260064758789, 0.004143252103831811, 0.05743420539648183, 0.005611312977952049, 0.010514810507520025, 0.004466842534598095, 0.005409026962668065, 0.003069406066519566]</VALUES>
		<LCS_MIN>[0.11792946606874466, 0.1262095868587494, 0.10851142555475235, 0.045163657516241074, 0.001885301317088306, 0.0]</LCS_MIN>
		<LCS_MAX>[0.13518424332141876, 0.15322941541671753, 0.13634829223155975, 0.08945324271917343, 0.046694207936525345, 0.025481628254055977]</LCS_MAX>
		<WAVELENGTH>[0.485, 0.56, 0.66, 0.83, 1.65, 2.215]</WAVELENGTH>
		<MEAN_VALUE>[0.12753328206973788, 0.14495090754791556, 0.12322260064758789, 0.05743420539648183, 0.010514810507520025, 0.005409026962668065]</MEAN_VALUE>
		<CHECKBOX>2</CHECKBOX>
		<SD>[0.0021854631995793967, 0.0032985330467575963, 0.004143252103831811, 0.005611312977952049, 0.004466842534598095, 0.003069406066519566]</SD>
		<WAVELENGTH_UNIT>E-6m</WAVELENGTH_UNIT>
		<COLOR>#81bc20</COLOR>
		<COVARIANCE_MATRIX>[[6.0622155615419615e-06, 5.118611625221092e-06, 6.730362201778917e-06, -3.897253918694332e-06, -3.5392074551054975e-06, -1.4081213066674536e-06], [5.118611625221092e-06, 1.3355465853237547e-05, 1.1506021110108122e-05, -7.911229658930097e-06, -6.420219506253488e-06, -2.517218490538653e-06], [6.730362201778917e-06, 1.1506021110108122e-05, 1.9517701730364934e-05, -8.117260222206824e-06, -7.055593869154109e-06, -3.036930365851731e-06], [-3.897253918694332e-06, -7.911229658930097e-06, -8.117260222206824e-06, 3.017331619048491e-05, 1.6275826055789366e-05, 7.6123819781059865e-06], [-3.5392074551054975e-06, -6.420219506253488e-06, -7.055593869154109e-06, 1.6275826055789366e-05, 1.9641905964817852e-05, 8.092612006294075e-06], [-1.4081213066674536e-06, -2.517218490538653e-06, -3.036930365851731e-06, 7.6123819781059865e-06, 8.092612006294075e-06, 9.42617316468386e-06]]</COVARIANCE_MATRIX>
		<ROI_SIZE>2586</ROI_SIZE>
		<MAX_VALUE>[0.13518424332141876, 0.15322941541671753, 0.13634829223155975, 0.08945324271917343, 0.046694207936525345, 0.025481628254055977]</MAX_VALUE>
		<MIN_VALUE>[0.11792946606874466, 0.1262095868587494, 0.10851142555475235, 0.045163657516241074, 0.001885301317088306, 0.0]</MIN_VALUE>
		<SIGNATURE_THRESHOLD_MD>0.0</SIGNATURE_THRESHOLD_MD>
		<SIGNATURE_THRESHOLD_ML>0.0</SIGNATURE_THRESHOLD_ML>
		<SIGNATURE_THRESHOLD_SAM>0.0</SIGNATURE_THRESHOLD_SAM>
	</signature>
	<signature ID="20210219_215350097140_545">
		<MACROCLASSID>1</MACROCLASSID>
		<MACROCLASSINFO>waterbody</MACROCLASSINFO>
		<CLASSID>7</CLASSID>
		<CLASSINFO>C 1</CLASSINFO>
		<VALUES>[0.1040289788939226, 0.0034723392919660196, 0.09316559463909953, 0.004262106069883001, 0.05771981775539569, 0.0038206804059847353, 0.05453894882344085, 0.008382823889498495, 0.021512184702665273, 0.005597343813403375, 0.013644066552981745, 0.004082173092667667]</VALUES>
		<LCS_MIN>[0.09636100381612778, 0.08117648959159851, 0.050307098776102066, 0.029345950111746788, 0.005958837457001209, 0.0020817695185542107]</LCS_MIN>
		<LCS_MAX>[0.11649157106876373, 0.10819634795188904, 0.07814394682645798, 0.08945324271917343, 0.05484127998352051, 0.043031517416238785]</LCS_MAX>
		<WAVELENGTH>[0.485, 0.56, 0.66, 0.83, 1.65, 2.215]</WAVELENGTH>
		<MEAN_VALUE>[0.1040289788939226, 0.09316559463909953, 0.05771981775539569, 0.05453894882344085, 0.021512184702665273, 0.013644066552981745]</MEAN_VALUE>
		<CHECKBOX>2</CHECKBOX>
		<SD>[0.0034723392919660196, 0.004262106069883001, 0.0038206804059847353, 0.008382823889498495, 0.005597343813403375, 0.004082173092667667]</SD>
		<WAVELENGTH_UNIT>E-6m</WAVELENGTH_UNIT>
		<COLOR>#1f710e</COLOR>
		<COVARIANCE_MATRIX>[[1.1650143278529868e-05, 1.1019637895515189e-05, 9.94834590528626e-06, 1.3986483281769324e-05, 8.511430678481702e-06, 6.287430096563185e-06], [1.1019637895515189e-05, 1.8085514966514893e-05, 1.2026365766359959e-05, 1.26856302813394e-05, 7.680530870857183e-06, 5.96874815528281e-06], [9.94834590528626e-06, 1.2026365766359959e-05, 1.3853381460648961e-05, 1.9040897313971072e-05, 1.1729256584658287e-05, 8.326631359523162e-06], [1.3986483281769324e-05, 1.26856302813394e-05, 1.9040897313971072e-05, 7.551505404990166e-05, 4.418302341946401e-05, 2.658658013388049e-05], [8.511430678481702e-06, 7.680530870857183e-06, 1.1729256584658287e-05, 4.418302341946401e-05, 3.367830504430458e-05, 1.8273671230417676e-05], [6.287430096563185e-06, 5.96874815528281e-06, 8.326631359523162e-06, 2.658658013388049e-05, 1.8273671230417676e-05, 1.7320935512543656e-05]]</COVARIANCE_MATRIX>
		<ROI_SIZE>8500</ROI_SIZE>
		<MAX_VALUE>[0.11649157106876373, 0.10819634795188904, 0.07814394682645798, 0.08945324271917343, 0.05484127998352051, 0.043031517416238785]</MAX_VALUE>
		<MIN_VALUE>[0.09636100381612778, 0.08117648959159851, 0.050307098776102066, 0.029345950111746788, 0.005958837457001209, 0.0020817695185542107]</MIN_VALUE>
		<SIGNATURE_THRESHOLD_MD>0.0</SIGNATURE_THRESHOLD_MD>
		<SIGNATURE_THRESHOLD_ML>0.0</SIGNATURE_THRESHOLD_ML>
		<SIGNATURE_THRESHOLD_SAM>0.0</SIGNATURE_THRESHOLD_SAM>
	</signature>
	<signature ID="20210219_215358866346_920">
		<MACROCLASSID>1</MACROCLASSID>
		<MACROCLASSINFO>waterbody</MACROCLASSINFO>
		<CLASSID>8</CLASSID>
		<CLASSINFO>C 1</CLASSINFO>
		<VALUES>[0.13679771658780981, 0.0024325782973380937, 0.16107237880065597, 0.0038030034135470535, 0.1784336655008696, 0.005049450023152776, 0.08011771980793689, 0.006058281746626293, 0.011684776037346896, 0.005998910508677392, 0.006666619911321226, 0.0045375301302501714]</VALUES>
		<LCS_MIN>[0.12368105351924896, 0.13221397995948792, 0.14140954613685608, 0.0673084482550621, 0.001885301317088306, 0.0]</LCS_MIN>
		<LCS_MAX>[0.14381162822246552, 0.1682404726743698, 0.1894913762807846, 0.11792511492967606, 0.05280451104044914, 0.04010653868317604]</LCS_MAX>
		<WAVELENGTH>[0.485, 0.56, 0.66, 0.83, 1.65, 2.215]</WAVELENGTH>
		<MEAN_VALUE>[0.13679771658780981, 0.16107237880065597, 0.1784336655008696, 0.08011771980793689, 0.011684776037346896, 0.006666619911321226]</MEAN_VALUE>
		<CHECKBOX>2</CHECKBOX>
		<SD>[0.0024325782973380937, 0.0038030034135470535, 0.005049450023152776, 0.006058281746626293, 0.005998910508677392, 0.0045375301302501714]</SD>
		<WAVELENGTH_UNIT>E-6m</WAVELENGTH_UNIT>
		<COLOR>#ded4c1</COLOR>
		<COVARIANCE_MATRIX>[[5.920175681239925e-06, 5.282371148496168e-06, 7.052875389490509e-06, -5.811710252601188e-06, -6.082536856411025e-06, -3.867097802867647e-06], [5.282371148496168e-06, 1.446952774131205e-05, 1.5417486793012358e-05, -1.4393267520063091e-05, -1.5452938896487467e-05, -1.0113607459061313e-05], [7.052875389490509e-06, 1.5417486793012358e-05, 2.5508743419777602e-05, -2.032674092333764e-05, -2.1756770365755074e-05, -1.4158844351186417e-05], [-5.811710252601188e-06, -1.4393267520063091e-05, -2.032674092333764e-05, 3.671976082841866e-05, 2.9503691621357575e-05, 1.797082404664252e-05], [-6.082536856411025e-06, -1.5452938896487467e-05, -2.1756770365755074e-05, 2.9503691621357575e-05, 3.600358104449697e-05, 2.1260831999825314e-05], [-3.867097802867647e-06, -1.0113607459061313e-05, -1.4158844351186417e-05, 1.797082404664252e-05, 2.1260831999825314e-05, 2.0598707124008797e-05]]</COVARIANCE_MATRIX>
		<ROI_SIZE>2162</ROI_SIZE>
		<MAX_VALUE>[0.14381162822246552, 0.1682404726743698, 0.1894913762807846, 0.11792511492967606, 0.05280451104044914, 0.04010653868317604]</MAX_VALUE>
		<MIN_VALUE>[0.12368105351924896, 0.13221397995948792, 0.14140954613685608, 0.0673084482550621, 0.001885301317088306, 0.0]</MIN_VALUE>
		<SIGNATURE_THRESHOLD_MD>0.0</SIGNATURE_THRESHOLD_MD>
		<SIGNATURE_THRESHOLD_ML>0.0</SIGNATURE_THRESHOLD_ML>
		<SIGNATURE_THRESHOLD_SAM>0.0</SIGNATURE_THRESHOLD_SAM>
	</signature>
	<signature ID="20210219_215435547695_366">
		<MACROCLASSID>1</MACROCLASSID>
		<MACROCLASSINFO>waterbody</MACROCLASSINFO>
		<CLASSID>9</CLASSID>
		<CLASSINFO>C 1</CLASSINFO>
		<VALUES>[0.1185457090891543, 0.0028952925605180238, 0.12410089258281953, 0.003897360755824888, 0.0984190655428739, 0.004196458542933191, 0.06538772268132087, 0.009627948874211303, 0.020143474568612877, 0.009565928877906088, 0.00995136461486774, 0.006154988778337085]</VALUES>
		<LCS_MIN>[0.11217787116765976, 0.11420074850320816, 0.0907970666885376, 0.05149074271321297, 0.003922069910913706, 0.0020817695185542107]</LCS_MIN>
		<LCS_MAX>[0.12368105351924896, 0.13521617650985718, 0.10851142555475235, 0.09261678159236908, 0.05076773837208748, 0.03133159503340721]</LCS_MAX>
		<WAVELENGTH>[0.485, 0.56, 0.66, 0.83, 1.65, 2.215]</WAVELENGTH>
		<MEAN_VALUE>[0.1185457090891543, 0.12410089258281953, 0.0984190655428739, 0.06538772268132087, 0.020143474568612877, 0.00995136461486774]</MEAN_VALUE>
		<CHECKBOX>2</CHECKBOX>
		<SD>[0.0028952925605180238, 0.003897360755824888, 0.004196458542933191, 0.009627948874211303, 0.009565928877906088, 0.006154988778337085]</SD>
		<WAVELENGTH_UNIT>E-6m</WAVELENGTH_UNIT>
		<COLOR>#3b84f4</COLOR>
		<COVARIANCE_MATRIX>[[8.483715646434575e-06, 7.920447387732565e-06, 6.776519057893893e-06, -3.2961588658508845e-06, -6.60336013424967e-07, 2.606021496376343e-07], [7.920447387732565e-06, 1.537242678750772e-05, 1.1597786397032905e-05, -7.531893970735837e-06, -4.3545678636291996e-06, -2.1437172108562663e-06], [6.776519057893893e-06, 1.1597786397032905e-05, 1.782243634806946e-05, 4.302564320823876e-06, 6.150114131742157e-06, 5.2892892199452035e-06], [-3.2961588658508845e-06, -7.531893970735837e-06, 4.302564320823876e-06, 9.381423296872526e-05, 7.469523552572355e-05, 4.4729618821293116e-05], [-6.60336013424967e-07, -4.3545678636291996e-06, 6.150114131742157e-06, 7.469523552572355e-05, 9.260948718292639e-05, 5.254606730886735e-05], [2.606021496376343e-07, -2.1437172108562663e-06, 5.2892892199452035e-06, 4.4729618821293116e-05, 5.254606730886735e-05, 3.83403203159105e-05]]</COVARIANCE_MATRIX>
		<ROI_SIZE>84</ROI_SIZE>
		<MAX_VALUE>[0.12368105351924896, 0.13521617650985718, 0.10851142555475235, 0.09261678159236908, 0.05076773837208748, 0.03133159503340721]</MAX_VALUE>
		<MIN_VALUE>[0.11217787116765976, 0.11420074850320816, 0.0907970666885376, 0.05149074271321297, 0.003922069910913706, 0.0020817695185542107]</MIN_VALUE>
		<SIGNATURE_THRESHOLD_MD>0.0</SIGNATURE_THRESHOLD_MD>
		<SIGNATURE_THRESHOLD_ML>0.0</SIGNATURE_THRESHOLD_ML>
		<SIGNATURE_THRESHOLD_SAM>0.0</SIGNATURE_THRESHOLD_SAM>
	</signature>
	<signature ID="20210219_215442555846_116">
		<MACROCLASSID>1</MACROCLASSID>
		<MACROCLASSINFO>waterbody</MACROCLASSINFO>
		<CLASSID>10</CLASSID>
		<CLASSINFO>C 1</CLASSINFO>
		<VALUES>[0.1276457836114824, 0.009377914639004297, 0.1163066363956503, 0.009792241615757747, 0.08272116849852904, 0.009633449688613571, 0.10224668234255946, 0.01909732488536475, 0.05084535504560024, 0.012127641613113773, 0.03363435272963949, 0.008119143832559132]</VALUES>
		<LCS_MIN>[0.10642629116773605, 0.09018311649560928, 0.06296021491289139, 0.07679907977581024, 0.028363289311528206, 0.013781698420643806]</LCS_MIN>
		<LCS_MAX>[0.14956322312355042, 0.13521617650985718, 0.10598079860210419, 0.15272407233715057, 0.08539281040430069, 0.057656429708004]</LCS_MAX>
		<WAVELENGTH>[0.485, 0.56, 0.66, 0.83, 1.65, 2.215]</WAVELENGTH>
		<MEAN_VALUE>[0.1276457836114824, 0.1163066363956503, 0.08272116849852904, 0.10224668234255946, 0.05084535504560024, 0.03363435272963949]</MEAN_VALUE>
		<CHECKBOX>2</CHECKBOX>
		<SD>[0.009377914639004297, 0.009792241615757747, 0.009633449688613571, 0.01909732488536475, 0.012127641613113773, 0.008119143832559132]</SD>
		<WAVELENGTH_UNIT>E-6m</WAVELENGTH_UNIT>
		<COLOR>#38ddfe</COLOR>
		<COVARIANCE_MATRIX>[[8.258753223344684e-05, 8.150632493197918e-05, 8.055540092755109e-05, 0.00011620004079304636, 7.275931420736015e-05, 5.3990988817531615e-05], [8.150632493197918e-05, 8.878150401869789e-05, 8.188578794943169e-05, 0.00010597607615636662, 6.574355938937515e-05, 5.037198570789769e-05], [8.055540092755109e-05, 8.188578794943169e-05, 8.496264490531757e-05, 0.0001251707290066406, 7.84767180448398e-05, 5.751396747655235e-05], [0.00011620004079304636, 0.00010597607615636662, 0.0001251707290066406, 0.00032180664129555225, 0.00019428471568971872, 0.00012314705236349255], [7.275931420736015e-05, 6.574355938937515e-05, 7.84767180448398e-05, 0.00019428471568971872, 0.00012749334564432502, 7.923472003312781e-05], [5.3990988817531615e-05, 5.037198570789769e-05, 5.751396747655235e-05, 0.00012314705236349255, 7.923472003312781e-05, 5.884651909582317e-05]]</COVARIANCE_MATRIX>
		<ROI_SIZE>5389</ROI_SIZE>
		<MAX_VALUE>[0.14956322312355042, 0.13521617650985718, 0.10598079860210419, 0.15272407233715057, 0.08539281040430069, 0.057656429708004]</MAX_VALUE>
		<MIN_VALUE>[0.10642629116773605, 0.09018311649560928, 0.06296021491289139, 0.07679907977581024, 0.028363289311528206, 0.013781698420643806]</MIN_VALUE>
		<SIGNATURE_THRESHOLD_MD>0.0</SIGNATURE_THRESHOLD_MD>
		<SIGNATURE_THRESHOLD_ML>0.0</SIGNATURE_THRESHOLD_ML>
		<SIGNATURE_THRESHOLD_SAM>0.0</SIGNATURE_THRESHOLD_SAM>
	</signature>
	<signature ID="20210219_215456310654_715">
		<MACROCLASSID>1</MACROCLASSID>
		<MACROCLASSINFO>waterbody</MACROCLASSINFO>
		<CLASSID>11</CLASSID>
		<CLASSINFO>C 1</CLASSINFO>
		<VALUES>[0.12293470225215879, 0.006393024930123887, 0.11408630481767276, 0.013629638283805314, 0.0828588763388459, 0.011753031353396877, 0.06514993893166504, 0.012027003863484046, 0.0193094008496142, 0.007980867954240722, 0.011139418244751523, 0.005317500808006038]</VALUES>
		<LCS_MIN>[0.10498839616775513, 0.08417870104312897, 0.05789896473288536, 0.04200011491775513, 0.0, 0.0]</LCS_MIN>
		<LCS_MAX>[0.142373725771904, 0.15022721886634827, 0.12116454541683197, 0.09261678159236908, 0.05280451104044914, 0.04010653868317604]</LCS_MAX>
		<WAVELENGTH>[0.485, 0.56, 0.66, 0.83, 1.65, 2.215]</WAVELENGTH>
		<MEAN_VALUE>[0.12293470225215879, 0.11408630481767276, 0.0828588763388459, 0.06514993893166504, 0.0193094008496142, 0.011139418244751523]</MEAN_VALUE>
		<CHECKBOX>2</CHECKBOX>
		<SD>[0.006393024930123887, 0.013629638283805314, 0.011753031353396877, 0.012027003863484046, 0.007980867954240722, 0.005317500808006038]</SD>
		<WAVELENGTH_UNIT>E-6m</WAVELENGTH_UNIT>
		<COLOR>#b8b7e9</COLOR>
		<COVARIANCE_MATRIX>[[3.5273620596854016e-05, 6.7575674620457e-05, 5.5085751228034496e-05, -1.5908561181277037e-05, -3.5282125736557646e-06, 1.5851289845159044e-06], [6.7575674620457e-05, 0.00016018946189433336, 0.00012577156303450465, -3.698896762216464e-05, -2.229188794444781e-06, 7.966109478729777e-06], [5.5085751228034496e-05, 0.00012577156303450465, 0.0001187212546938099, 3.0402800348383607e-06, 1.361060822091531e-05, 1.3888650755689014e-05], [-1.5908561181277037e-05, -3.698896762216464e-05, 3.0402800348383607e-06, 0.00014059958630241454, 6.760455289622769e-05, 3.266076237196103e-05], [-3.5282125736557646e-06, -2.229188794444781e-06, 1.361060822091531e-05, 6.760455289622769e-05, 6.115873111411929e-05, 3.384753654245287e-05], [1.5851289845159044e-06, 7.966109478729777e-06, 1.3888650755689014e-05, 3.266076237196103e-05, 3.384753654245287e-05, 2.7701751605491154e-05]]</COVARIANCE_MATRIX>
		<ROI_SIZE>3115</ROI_SIZE>
		<MAX_VALUE>[0.142373725771904, 0.15022721886634827, 0.12116454541683197, 0.09261678159236908, 0.05280451104044914, 0.04010653868317604]</MAX_VALUE>
		<MIN_VALUE>[0.10498839616775513, 0.08417870104312897, 0.05789896473288536, 0.04200011491775513, 0.0, 0.0]</MIN_VALUE>
		<SIGNATURE_THRESHOLD_MD>0.0</SIGNATURE_THRESHOLD_MD>
		<SIGNATURE_THRESHOLD_ML>0.0</SIGNATURE_THRESHOLD_ML>
		<SIGNATURE_THRESHOLD_SAM>0.0</SIGNATURE_THRESHOLD_SAM>
	</signature>
	<signature ID="20210219_215504755533_220">
		<MACROCLASSID>1</MACROCLASSID>
		<MACROCLASSINFO>waterbody</MACROCLASSINFO>
		<CLASSID>12</CLASSID>
		<CLASSINFO>C 1</CLASSINFO>
		<VALUES>[0.11106276953098723, 0.0023825395176865025, 0.11205632254785418, 0.003930804686259938, 0.08919606236170749, 0.0031389161476221626, 0.06776037971888266, 0.017596453173608757, 0.02931932434059527, 0.013296277516694547, 0.019154114667706345, 0.00951657688835323]</VALUES>
		<LCS_MIN>[0.10498839616775513, 0.09918972849845886, 0.08067457377910614, 0.03883656859397888, 0.01003237534314394, 0.005006751045584679]</LCS_MIN>
		<LCS_MAX>[0.11649157106876373, 0.11720295250415802, 0.09585831314325333, 0.10843448340892792, 0.05891481414437294, 0.04010653868317604]</LCS_MAX>
		<WAVELENGTH>[0.485, 0.56, 0.66, 0.83, 1.65, 2.215]</WAVELENGTH>
		<MEAN_VALUE>[0.11106276953098723, 0.11205632254785418, 0.08919606236170749, 0.06776037971888266, 0.02931932434059527, 0.019154114667706345]</MEAN_VALUE>
		<CHECKBOX>2</CHECKBOX>
		<SD>[0.0023825395176865025, 0.003930804686259938, 0.0031389161476221626, 0.017596453173608757, 0.013296277516694547, 0.00951657688835323]</SD>
		<WAVELENGTH_UNIT>E-6m</WAVELENGTH_UNIT>
		<COLOR>#eb747e</COLOR>
		<COVARIANCE_MATRIX>[[5.794754997623386e-06, 3.674463187053334e-06, 4.545373030850897e-06, -1.2184406841697637e-05, -3.7318116028473014e-06, 1.5735122360638343e-07], [3.674463187053334e-06, 1.5773126506246626e-05, 8.207951395888813e-06, -3.3043692383216694e-05, -1.9691076886374503e-05, -1.1839188118756283e-05], [4.545373030850897e-06, 8.207951395888813e-06, 1.0058060979645234e-05, -3.4310619412281085e-06, 5.9147097886125266e-08, 4.6168124754331075e-06], [-1.2184406841697637e-05, -3.3043692383216694e-05, -3.4310619412281085e-06, 0.0003160859050694853, 0.0001433273428119719, 9.776556544238701e-05], [-3.7318116028473014e-06, -1.9691076886374503e-05, 5.9147097886125266e-08, 0.0001433273428119719, 0.00018047414778266102, 0.00011936806549783796], [1.5735122360638343e-07, -1.1839188118756283e-05, 4.6168124754331075e-06, 9.776556544238701e-05, 0.00011936806549783796, 9.245201363228261e-05]]</COVARIANCE_MATRIX>
		<ROI_SIZE>49</ROI_SIZE>
		<MAX_VALUE>[0.11649157106876373, 0.11720295250415802, 0.09585831314325333, 0.10843448340892792, 0.05891481414437294, 0.04010653868317604]</MAX_VALUE>
		<MIN_VALUE>[0.10498839616775513, 0.09918972849845886, 0.08067457377910614, 0.03883656859397888, 0.01003237534314394, 0.005006751045584679]</MIN_VALUE>
		<SIGNATURE_THRESHOLD_MD>0.0</SIGNATURE_THRESHOLD_MD>
		<SIGNATURE_THRESHOLD_ML>0.0</SIGNATURE_THRESHOLD_ML>
		<SIGNATURE_THRESHOLD_SAM>0.0</SIGNATURE_THRESHOLD_SAM>
	</signature>
	<signature ID="20210219_215510958356_148">
		<MACROCLASSID>1</MACROCLASSID>
		<MACROCLASSINFO>waterbody</MACROCLASSINFO>
		<CLASSID>13</CLASSID>
		<CLASSINFO>C 1</CLASSINFO>
		<VALUES>[0.11029592129018373, 0.0034546294164896217, 0.10797560006818348, 0.004614262469897713, 0.08413557308342524, 0.004840676792544834, 0.05749216297750962, 0.013357354676482221, 0.02205829360686681, 0.010117366360979537, 0.01380320556927472, 0.0074951049963428665]</VALUES>
		<LCS_MIN>[0.103550486266613, 0.09318531304597855, 0.07308270782232285, 0.03567303344607353, 0.007995606400072575, 0.0020817695185542107]</LCS_MIN>
		<LCS_MAX>[0.12799476087093353, 0.12320737540721893, 0.10598079860210419, 0.08628969639539719, 0.04873097315430641, 0.034256573766469955]</LCS_MAX>
		<WAVELENGTH>[0.485, 0.56, 0.66, 0.83, 1.65, 2.215]</WAVELENGTH>
		<MEAN_VALUE>[0.11029592129018373, 0.10797560006818348, 0.08413557308342524, 0.05749216297750962, 0.02205829360686681, 0.01380320556927472]</MEAN_VALUE>
		<CHECKBOX>2</CHECKBOX>
		<SD>[0.0034546294164896217, 0.004614262469897713, 0.004840676792544834, 0.013357354676482221, 0.010117366360979537, 0.0074951049963428665]</SD>
		<WAVELENGTH_UNIT>E-6m</WAVELENGTH_UNIT>
		<COLOR>#273660</COLOR>
		<COVARIANCE_MATRIX>[[1.202286784973694e-05, 7.415787422360154e-06, 1.246459851245163e-05, 1.6738550812078756e-06, 3.5574628327594837e-06, 6.770090749341762e-06], [7.415787422360154e-06, 2.1449131963890977e-05, 1.33195326270652e-05, -9.992128980229609e-06, -5.7957299759436864e-06, -1.946632437466178e-06], [1.246459851245163e-05, 1.33195326270652e-05, 2.360572398174554e-05, 1.6613214029348455e-05, 1.5721729141660035e-05, 1.6757785488152876e-05], [1.6738550812078756e-06, -9.992128980229609e-06, 1.6613214029348455e-05, 0.00017974054208025336, 0.00011649009684333578, 7.273116352735087e-05], [3.5574628327594837e-06, -5.7957299759436864e-06, 1.5721729141660035e-05, 0.00011649009684333578, 0.000103119331470225, 6.425708124879748e-05], [6.770090749341762e-06, -1.946632437466178e-06, 1.6757785488152876e-05, 7.273116352735087e-05, 6.425708124879748e-05, 5.659272210323252e-05]]</COVARIANCE_MATRIX>
		<ROI_SIZE>136</ROI_SIZE>
		<MAX_VALUE>[0.12799476087093353, 0.12320737540721893, 0.10598079860210419, 0.08628969639539719, 0.04873097315430641, 0.034256573766469955]</MAX_VALUE>
		<MIN_VALUE>[0.103550486266613, 0.09318531304597855, 0.07308270782232285, 0.03567303344607353, 0.007995606400072575, 0.0020817695185542107]</MIN_VALUE>
		<SIGNATURE_THRESHOLD_MD>0.0</SIGNATURE_THRESHOLD_MD>
		<SIGNATURE_THRESHOLD_ML>0.0</SIGNATURE_THRESHOLD_ML>
		<SIGNATURE_THRESHOLD_SAM>0.0</SIGNATURE_THRESHOLD_SAM>
	</signature>
	<signature ID="20210219_215518101559_885">
		<MACROCLASSID>1</MACROCLASSID>
		<MACROCLASSINFO>waterbody</MACROCLASSINFO>
		<CLASSID>14</CLASSID>
		<CLASSINFO>C 1</CLASSINFO>
		<VALUES>[0.10614160917145016, 0.0030966510530682804, 0.09555149824366749, 0.004536200323315009, 0.061712454346773166, 0.004080914972511073, 0.05435906933599433, 0.008348878297276478, 0.015117874364914735, 0.005520765678947186, 0.008107851272329108, 0.00383855192595655]</VALUES>
		<LCS_MIN>[0.09923679381608963, 0.08117648959159851, 0.050307098776102066, 0.03883656859397888, 0.003922069910913706, 0.0]</LCS_MIN>
		<LCS_MAX>[0.12224315851926804, 0.1111985594034195, 0.07561332732439041, 0.08312615752220154, 0.046694207936525345, 0.025481628254055977]</LCS_MAX>
		<WAVELENGTH>[0.485, 0.56, 0.66, 0.83, 1.65, 2.215]</WAVELENGTH>
		<MEAN_VALUE>[0.10614160917145016, 0.09555149824366749, 0.061712454346773166, 0.05435906933599433, 0.015117874364914735, 0.008107851272329108]</MEAN_VALUE>
		<CHECKBOX>2</CHECKBOX>
		<SD>[0.0030966510530682804, 0.004536200323315009, 0.004080914972511073, 0.008348878297276478, 0.005520765678947186, 0.00383855192595655]</SD>
		<WAVELENGTH_UNIT>E-6m</WAVELENGTH_UNIT>
		<COLOR>#4a6045</COLOR>
		<COVARIANCE_MATRIX>[[7.677294888708275e-06, 6.54114228382241e-06, 5.871543635294074e-06, 5.3710323300038e-06, 2.2472643195214914e-06, 1.93577852769522e-06], [6.54114228382241e-06, 1.4842240489087999e-05, 1.0268994628859218e-05, 1.0185336577706039e-05, 5.535664968192577e-06, 4.134837126912316e-06], [5.871543635294074e-06, 1.0268994628859218e-05, 1.2494584552769084e-05, 1.1777116014854982e-05, 7.161268968047807e-06, 5.41048120794585e-06], [5.3710323300038e-06, 1.0185336577706039e-05, 1.1777116014854982e-05, 6.612563447561115e-05, 3.311318869236857e-05, 1.807127227948513e-05], [2.2472643195214914e-06, 5.535664968192577e-06, 7.161268968047807e-06, 3.311318869236857e-05, 3.0944906029617414e-05, 1.5567637092317455e-05], [1.93577852769522e-06, 4.134837126912316e-06, 5.41048120794585e-06, 1.807127227948513e-05, 1.5567637092317455e-05, 1.527864696981851e-05]]</COVARIANCE_MATRIX>
		<ROI_SIZE>1590</ROI_SIZE>
		<MAX_VALUE>[0.12224315851926804, 0.1111985594034195, 0.07561332732439041, 0.08312615752220154, 0.046694207936525345, 0.025481628254055977]</MAX_VALUE>
		<MIN_VALUE>[0.09923679381608963, 0.08117648959159851, 0.050307098776102066, 0.03883656859397888, 0.003922069910913706, 0.0]</MIN_VALUE>
		<SIGNATURE_THRESHOLD_MD>0.0</SIGNATURE_THRESHOLD_MD>
		<SIGNATURE_THRESHOLD_ML>0.0</SIGNATURE_THRESHOLD_ML>
		<SIGNATURE_THRESHOLD_SAM>0.0</SIGNATURE_THRESHOLD_SAM>
	</signature>
	<signature ID="20210219_215523824809_762">
		<MACROCLASSID>1</MACROCLASSID>
		<MACROCLASSINFO>waterbody</MACROCLASSINFO>
		<CLASSID>15</CLASSID>
		<CLASSINFO>C 1</CLASSINFO>
		<VALUES>[0.11999602778706445, 0.003046143305634917, 0.11484308547751847, 0.00533981379817601, 0.09700003917827156, 0.006386275896320765, 0.07988904277945667, 0.012831125320349572, 0.02396765950374133, 0.009039196059918675, 0.013414375146114548, 0.006088648355416682]</VALUES>
		<LCS_MIN>[0.10642629116773605, 0.08417870104312897, 0.06042959541082382, 0.057817816734313965, 0.005958837457001209, 0.0020817695185542107]</LCS_MIN>
		<LCS_MAX>[0.12799476087093353, 0.1262095868587494, 0.10851142555475235, 0.11159802973270416, 0.05891481414437294, 0.04010653868317604]</LCS_MAX>
		<WAVELENGTH>[0.485, 0.56, 0.66, 0.83, 1.65, 2.215]</WAVELENGTH>
		<MEAN_VALUE>[0.11999602778706445, 0.11484308547751847, 0.09700003917827156, 0.07988904277945667, 0.02396765950374133, 0.013414375146114548]</MEAN_VALUE>
		<CHECKBOX>2</CHECKBOX>
		<SD>[0.003046143305634917, 0.00533981379817601, 0.006386275896320765, 0.012831125320349572, 0.009039196059918675, 0.006088648355416682]</SD>
		<WAVELENGTH_UNIT>E-6m</WAVELENGTH_UNIT>
		<COLOR>#4f2acf</COLOR>
		<COVARIANCE_MATRIX>[[9.32234888750827e-06, 1.2766789950546809e-05, 1.4616163753089495e-05, -7.818362973921467e-06, -2.082018681903719e-06, 4.678421134940436e-07], [1.2766789950546809e-05, 2.8646853024838492e-05, 2.972401307488326e-05, -1.7083681086660363e-05, -3.878182269545505e-06, -9.122276622974823e-08], [1.4616163753089495e-05, 2.972401307488326e-05, 4.097510100109503e-05, -2.389540350122843e-05, -4.7366688704642e-06, 1.3898281849833438e-06], [-7.818362973921467e-06, -1.7083681086660363e-05, -2.389540350122843e-05, 0.0001654071093071252, 9.156885062111542e-05, 5.393603350967169e-05], [-2.082018681903719e-06, -3.878182269545505e-06, -4.7366688704642e-06, 9.156885062111542e-05, 8.208887447835878e-05, 4.868261385126971e-05], [4.678421134940436e-07, -9.122276622974823e-08, 1.3898281849833438e-06, 5.393603350967169e-05, 4.868261385126971e-05, 3.724487032741308e-05]]</COVARIANCE_MATRIX>
		<ROI_SIZE>215</ROI_SIZE>
		<MAX_VALUE>[0.12799476087093353, 0.1262095868587494, 0.10851142555475235, 0.11159802973270416, 0.05891481414437294, 0.04010653868317604]</MAX_VALUE>
		<MIN_VALUE>[0.10642629116773605, 0.08417870104312897, 0.06042959541082382, 0.057817816734313965, 0.005958837457001209, 0.0020817695185542107]</MIN_VALUE>
		<SIGNATURE_THRESHOLD_MD>0.0</SIGNATURE_THRESHOLD_MD>
		<SIGNATURE_THRESHOLD_ML>0.0</SIGNATURE_THRESHOLD_ML>
		<SIGNATURE_THRESHOLD_SAM>0.0</SIGNATURE_THRESHOLD_SAM>
	</signature>
	<signature ID="20210219_215531885173_551">
		<MACROCLASSID>1</MACROCLASSID>
		<MACROCLASSINFO>waterbody</MACROCLASSINFO>
		<CLASSID>16</CLASSID>
		<CLASSINFO>C 1</CLASSINFO>
		<VALUES>[0.1413724447076926, 0.004544853023978348, 0.1378608323122041, 0.005573209053147838, 0.14191729099741537, 0.0060013173548370815, 0.1162618791100933, 0.007897565960138348, 0.019667687482108637, 0.00726978026575097, 0.011186247659535365, 0.005696662154766781]</VALUES>
		<LCS_MIN>[0.13087055087089539, 0.12020517885684967, 0.11357267200946808, 0.08628969639539719, 0.007995606400072575, 0.0020817695185542107]</LCS_MIN>
		<LCS_MAX>[0.16394218802452087, 0.15923383831977844, 0.1616545170545578, 0.15272407233715057, 0.05484127998352051, 0.043031517416238785]</LCS_MAX>
