<?xml version="1.0" ?>
<signaturelist MCID_LIST="[['1', 'waterbody', '#0000ff'], ['2', 'vegetation', '#00ff00'], ['3', 'bareland', '#ffaa00'], ['4', 'built-up', '#ff0000']]">
	<signature ID="20210209_141716908134_129">
		<MACROCLASSID>1</MACROCLASSID>
		<MACROCLASSINFO>waterbody</MACROCLASSINFO>
		<CLASSID>1</CLASSID>
		<CLASSINFO>C 1</CLASSINFO>
		<VALUES>[0.12555204458060854, 0.004428630932425182, 0.10032303869096149, 0.008590550460359577, 0.06972671391587507, 0.007848481649117875, 0.06335423497141729, 0.015464562231129244, 0.019653376543597854, 0.012264228508388148, 0.010494050629595398, 0.007006302588644239]</VALUES>
		<LCS_MIN>[0.11262350529432297, 0.07652261108160019, 0.05041300132870674, 0.03928980603814125, 0.005251060705631971, 0.0]</LCS_MIN>
		<LCS_MAX>[0.137937530875206, 0.12056002765893936, 0.09107048064470291, 0.11976440995931625, 0.07887805998325348, 0.057612720876932144]</LCS_MAX>
		<WAVELENGTH>[0.485, 0.56, 0.66, 0.83, 1.65, 2.215]</WAVELENGTH>
		<MEAN_VALUE>[0.12555204458060854, 0.10032303869096149, 0.06972671391587507, 0.06335423497141729, 0.019653376543597854, 0.010494050629595398]</MEAN_VALUE>
		<CHECKBOX>2</CHECKBOX>
		<SD>[0.004428630932425182, 0.008590550460359577, 0.007848481649117875, 0.015464562231129244, 0.012264228508388148, 0.007006302588644239]</SD>
		<WAVELENGTH_UNIT>E-6m</WAVELENGTH_UNIT>
		<COLOR>#d62b05</COLOR>
		<COVARIANCE_MATRIX>[[1.9009148230864426e-05, 3.251998475847994e-05, 2.8198307168819108e-05, 4.358179150093271e-06, 6.329198298376049e-07, 5.65765089117705e-07], [3.251998475847994e-05, 7.281912201294059e-05, 5.991273515647695e-05, 1.1941934658779082e-05, 2.4575448809015467e-06, 1.4670359138672076e-06], [2.8198307168819108e-05, 5.991273515647695e-05, 5.9660980930215495e-05, 3.1085661869021915e-05, 1.9041162112441516e-05, 1.0485585364620967e-05], [4.358179150093271e-06, 1.1941934658779082e-05, 3.1085661869021915e-05, 0.00022448008202201298, 0.00016295350680364663, 8.373824216240191e-05], [6.329198298376049e-07, 2.4575448809015467e-06, 1.9041162112441516e-05, 0.00016295350680364663, 0.00014469206788979958, 7.232206641004965e-05], [5.65765089117705e-07, 1.4670359138672076e-06, 1.0485585364620967e-05, 8.373824216240191e-05, 7.232206641004965e-05, 4.848876140754977e-05]]</COVARIANCE_MATRIX>
		<ROI_SIZE>25422</ROI_SIZE>
		<MAX_VALUE>[0.137937530875206, 0.12056002765893936, 0.09107048064470291, 0.11976440995931625, 0.07887805998325348, 0.057612720876932144]</MAX_VALUE>
		<MIN_VALUE>[0.11262350529432297, 0.07652261108160019, 0.05041300132870674, 0.03928980603814125, 0.005251060705631971, 0.0]</MIN_VALUE>
		<SIGNATURE_THRESHOLD_MD>0</SIGNATURE_THRESHOLD_MD>
		<SIGNATURE_THRESHOLD_ML>0</SIGNATURE_THRESHOLD_ML>
		<SIGNATURE_THRESHOLD_SAM>0</SIGNATURE_THRESHOLD_SAM>
	</signature>
	<signature ID="20210209_141743404326_146">
		<MACROCLASSID>1</MACROCLASSID>
		<MACROCLASSINFO>waterbody</MACROCLASSINFO>
		<CLASSID>2</CLASSID>
		<CLASSINFO>C 1</CLASSINFO>
		<VALUES>[0.1218047011730126, 0.002318243592462267, 0.09042424110094792, 0.003309148980038099, 0.06279993279730645, 0.0032018957741144433, 0.05596947507236119, 0.014334177977671378, 0.016843661584790844, 0.011146673216011226, 0.009331201367158693, 0.0063303779761867095]</VALUES>
		<LCS_MIN>[0.11093591153621674, 0.08019240200519562, 0.053801123052835464, 0.035054296255111694, 0.0025241344701498747, 0.0]</LCS_MIN>
		<LCS_MAX>[0.13118712604045868, 0.10588088631629944, 0.08768236637115479, 0.115528903901577, 0.0843319222331047, 0.0654449462890625]</LCS_MAX>
		<WAVELENGTH>[0.485, 0.56, 0.66, 0.83, 1.65, 2.215]</WAVELENGTH>
		<MEAN_VALUE>[0.1218047011730126, 0.09042424110094792, 0.06279993279730645, 0.05596947507236119, 0.016843661584790844, 0.009331201367158693]</MEAN_VALUE>
		<CHECKBOX>2</CHECKBOX>
		<SD>[0.002318243592462267, 0.003309148980038099, 0.0032018957741144433, 0.014334177977671378, 0.011146673216011226, 0.0063303779761867095]</SD>
		<WAVELENGTH_UNIT>E-6m</WAVELENGTH_UNIT>
		<COLOR>#598ce5</COLOR>
		<COVARIANCE_MATRIX>[[5.689103393882198e-06, 3.9138071797359e-06, 3.3769468405899096e-06, 4.149983796007178e-06, 3.6518755282315245e-06, 2.069613792873309e-06], [3.9138071797359e-06, 1.2590300027425352e-05, 6.7843190181917485e-06, 2.020384492390616e-05, 1.5159822348986787e-05, 7.771590148527681e-06], [3.3769468405899096e-06, 6.7843190181917485e-06, 1.033665826651446e-05, 2.314190758650049e-05, 1.8495126679171976e-05, 9.746241716000376e-06], [4.149983796007178e-06, 2.020384492390616e-05, 2.314190758650049e-05, 0.00020455067157186437, 0.00014496794677127062, 7.133043360564986e-05], [3.6518755282315245e-06, 1.5159822348986787e-05, 1.8495126679171976e-05, 0.00014496794677127062, 0.00012594110097388194, 6.0093049608464365e-05], [2.069613792873309e-06, 7.771590148527681e-06, 9.746241716000376e-06, 7.133043360564986e-05, 6.0093049608464365e-05, 4.094123122126969e-05]]</COVARIANCE_MATRIX>
		<ROI_SIZE>66210</ROI_SIZE>
		<MAX_VALUE>[0.13118712604045868, 0.10588088631629944, 0.08768236637115479, 0.115528903901577, 0.0843319222331047, 0.0654449462890625]</MAX_VALUE>
		<MIN_VALUE>[0.11093591153621674, 0.08019240200519562, 0.053801123052835464, 0.035054296255111694, 0.0025241344701498747, 0.0]</MIN_VALUE>
		<SIGNATURE_THRESHOLD_MD>0</SIGNATURE_THRESHOLD_MD>
		<SIGNATURE_THRESHOLD_ML>0</SIGNATURE_THRESHOLD_ML>
		<SIGNATURE_THRESHOLD_SAM>0</SIGNATURE_THRESHOLD_SAM>
	</signature>
	<signature ID="20210209_141908989690_782">
		<MACROCLASSID>1</MACROCLASSID>
		<MACROCLASSINFO>waterbody</MACROCLASSINFO>
		<CLASSID>3</CLASSID>
		<CLASSINFO>C 1</CLASSINFO>
		<VALUES>[0.13307699059751474, 0.0030856045968186752, 0.12371578586661008, 0.005040469743374802, 0.09175055769645353, 0.004180135385456642, 0.06799644100536939, 0.009969589913381717, 0.01753108802819726, 0.008065519046956904, 0.008803469115458028, 0.004802880967525953]</VALUES>
		<LCS_MIN>[0.11262350529432297, 0.08019240200519562, 0.06057737395167351, 0.051996320486068726, 0.007977986708283424, 0.0]</LCS_MIN>
		<LCS_MAX>[0.14131271839141846, 0.13523916900157928, 0.10123486071825027, 0.11129339784383774, 0.05978958681225777, 0.03411605954170227]</LCS_MAX>
		<WAVELENGTH>[0.485, 0.56, 0.66, 0.83, 1.65, 2.215]</WAVELENGTH>
		<MEAN_VALUE>[0.13307699059751474, 0.12371578586661008, 0.09175055769645353, 0.06799644100536939, 0.01753108802819726, 0.008803469115458028]</MEAN_VALUE>
		<CHECKBOX>2</CHECKBOX>
		<SD>[0.0030856045968186752, 0.005040469743374802, 0.004180135385456642, 0.009969589913381717, 0.008065519046956904, 0.004802880967525953]</SD>
		<WAVELENGTH_UNIT>E-6m</WAVELENGTH_UNIT>
		<COLOR>#061dd6</COLOR>
		<COVARIANCE_MATRIX>[[1.2045942181780439e-05, 1.6435601835674847e-05, 1.3094697905995848e-05, -1.7547549944798112e-05, -1.1801362291907853e-05, -5.013478992079003e-06], [1.6435601835674847e-05, 3.533748674805824e-05, 2.4753400157246028e-05, -3.292725934648028e-05, -2.1793051846735526e-05, -9.459868691020813e-06], [1.3094697905995848e-05, 2.4753400157246028e-05, 2.463150515625288e-05, -2.2517843347599883e-05, -1.40122871672407e-05, -5.698934393719657e-06], [-1.7547549944798112e-05, -3.292725934648028e-05, -2.2517843347599883e-05, 9.133547434057575e-05, 5.973113230214045e-05, 2.906460705691656e-05], [-1.1801362291907853e-05, -2.1793051846735526e-05, -1.40122871672407e-05, 5.973113230214045e-05, 5.693731178631413e-05, 2.5166765672261626e-05], [-5.013478992079003e-06, -9.459868691020813e-06, -5.698934393719657e-06, 2.906460705691656e-05, 2.5166765672261626e-05, 2.241818254732266e-05]]</COVARIANCE_MATRIX>
		<ROI_SIZE>9302</ROI_SIZE>
		<MAX_VALUE>[0.14131271839141846, 0.13523916900157928, 0.10123486071825027, 0.11129339784383774, 0.05978958681225777, 0.03411605954170227]</MAX_VALUE>
		<MIN_VALUE>[0.11262350529432297, 0.08019240200519562, 0.06057737395167351, 0.051996320486068726, 0.007977986708283424, 0.0]</MIN_VALUE>
		<SIGNATURE_THRESHOLD_MD>0</SIGNATURE_THRESHOLD_MD>
		<SIGNATURE_THRESHOLD_ML>0</SIGNATURE_THRESHOLD_ML>
		<SIGNATURE_THRESHOLD_SAM>0</SIGNATURE_THRESHOLD_SAM>
	</signature>
	<signature ID="20210209_141923165121_467">
		<MACROCLASSID>1</MACROCLASSID>
		<MACROCLASSINFO>waterbody</MACROCLASSINFO>
		<CLASSID>4</CLASSID>
		<CLASSINFO>C 1</CLASSINFO>
		<VALUES>[0.13600831578110956, 0.003205840488799169, 0.12939188687862532, 0.005181759563940274, 0.09974753159311597, 0.006425705294643776, 0.06576947721043447, 0.00869495382858091, 0.01576601235041778, 0.006424073152603861, 0.008072872672257326, 0.0043715338523147695]</VALUES>
		<LCS_MIN>[0.11599870771169662, 0.08386217802762985, 0.06057737395167351, 0.051996320486068726, 0.005251060705631971, 0.0]</LCS_MIN>
		<LCS_MAX>[0.14468790590763092, 0.1389089673757553, 0.11478734761476517, 0.115528903901577, 0.057062651962041855, 0.0380321703851223]</LCS_MAX>
		<WAVELENGTH>[0.485, 0.56, 0.66, 0.83, 1.65, 2.215]</WAVELENGTH>
		<MEAN_VALUE>[0.13600831578110956, 0.12939188687862532, 0.09974753159311597, 0.06576947721043447, 0.01576601235041778, 0.008072872672257326]</MEAN_VALUE>
		<CHECKBOX>2</CHECKBOX>
		<SD>[0.003205840488799169, 0.005181759563940274, 0.006425705294643776, 0.00869495382858091, 0.006424073152603861, 0.0043715338523147695]</SD>
		<WAVELENGTH_UNIT>E-6m</WAVELENGTH_UNIT>
		<COLOR>#cbb6c3</COLOR>
		<COVARIANCE_MATRIX>[[9.407121783684958e-06, 1.009511814556906e-05, 9.283446000679899e-06, -1.2969003178596062e-05, -8.964129680830387e-06, -4.2836430694103835e-06], [1.009511814556906e-05, 2.2355858378087124e-05, 2.0071002944566e-05, -2.1123971104347016e-05, -1.4835028002154433e-05, -7.3144223510206796e-06], [9.283446000679899e-06, 2.0071002944566e-05, 3.621251962003648e-05, -1.5323750753819892e-05, -1.0884428422924583e-05, -5.261463750572796e-06], [-1.2969003178596062e-05, -2.1123971104347016e-05, -1.5323750753819892e-05, 7.643439029870145e-05, 4.903854624081247e-05, 2.476262149150404e-05], [-8.964129680830387e-06, -1.4835028002154433e-05, -1.0884428422924583e-05, 4.903854624081247e-05, 4.6918273018405444e-05, 2.132293874383967e-05], [-4.2836430694103835e-06, -7.3144223510206796e-06, -5.261463750572796e-06, 2.476262149150404e-05, 2.132293874383967e-05, 2.055176084871669e-05]]</COVARIANCE_MATRIX>
		<ROI_SIZE>12418</ROI_SIZE>
		<MAX_VALUE>[0.14468790590763092, 0.1389089673757553, 0.11478734761476517, 0.115528903901577, 0.057062651962041855, 0.0380321703851223]</MAX_VALUE>
		<MIN_VALUE>[0.11599870771169662, 0.08386217802762985, 0.06057737395167351, 0.051996320486068726, 0.005251060705631971, 0.0]</MIN_VALUE>
		<SIGNATURE_THRESHOLD_MD>0</SIGNATURE_THRESHOLD_MD>
		<SIGNATURE_THRESHOLD_ML>0</SIGNATURE_THRESHOLD_ML>
		<SIGNATURE_THRESHOLD_SAM>0</SIGNATURE_THRESHOLD_SAM>
	</signature>
	<signature ID="20210209_141945324855_905">
		<MACROCLASSID>1</MACROCLASSID>
		<MACROCLASSINFO>waterbody</MACROCLASSINFO>
		<CLASSID>5</CLASSID>
		<CLASSINFO>C 1</CLASSINFO>
		<VALUES>[0.12808231937463202, 0.003540204508176182, 0.1190952677359652, 0.00533383239952232, 0.08431120842791165, 0.004049401227743911, 0.05920395176745791, 0.008950246388590564, 0.015833016275794642, 0.007342310284052512, 0.008213726329005662, 0.004314971393504469]</VALUES>
		<LCS_MIN>[0.10587311536073685, 0.07652261108160019, 0.05041300132870674, 0.04352530837059021, 0.005251060705631971, 0.0]</LCS_MIN>
		<LCS_MAX>[0.13624992966651917, 0.12789960205554962, 0.09445861726999283, 0.10282239317893982, 0.06251650303602219, 0.0380321703851223]</LCS_MAX>
		<WAVELENGTH>[0.485, 0.56, 0.66, 0.83, 1.65, 2.215]</WAVELENGTH>
		<MEAN_VALUE>[0.12808231937463202, 0.1190952677359652, 0.08431120842791165, 0.05920395176745791, 0.015833016275794642, 0.008213726329005662]</MEAN_VALUE>
		<CHECKBOX>2</CHECKBOX>
		<SD>[0.003540204508176182, 0.00533383239952232, 0.004049401227743911, 0.008950246388590564, 0.007342310284052512, 0.004314971393504469]</SD>
		<WAVELENGTH_UNIT>E-6m</WAVELENGTH_UNIT>
		<COLOR>#2cccb6</COLOR>
		<COVARIANCE_MATRIX>[[2.968392298863704e-05, 4.8283040958793254e-05, 3.4798837854934556e-05, -3.44175255902444e-05, -1.4301472907812325e-05, -4.352740238762411e-06], [4.8283040958793254e-05, 9.567530792631176e-05, 6.58024461407922e-05, -6.411982130643032e-05, -2.6161867122097615e-05, -8.017419931674248e-06], [3.4798837854934556e-05, 6.58024461407922e-05, 5.266557066053992e-05, -4.283282480678891e-05, -1.552065191155557e-05, -4.185160410670508e-06], [-3.44175255902444e-05, -6.411982130643032e-05, -4.283282480678891e-05, 9.798003268501762e-05, 5.08175145370178e-05, 2.1177429848204334e-05], [-1.4301472907812325e-05, -2.6161867122097615e-05, -1.552065191155557e-05, 5.08175145370178e-05, 4.318659678141414e-05, 1.7063925134257713e-05], [-4.352740238762411e-06, -8.017419931674248e-06, -4.185160410670508e-06, 2.1177429848204334e-05, 1.7063925134257713e-05, 1.6895571012156575e-05]]</COVARIANCE_MATRIX>
		<ROI_SIZE>7898</ROI_SIZE>
		<MAX_VALUE>[0.13624992966651917, 0.12789960205554962, 0.09445861726999283, 0.10282239317893982, 0.06251650303602219, 0.0380321703851223]</MAX_VALUE>
		<MIN_VALUE>[0.10587311536073685, 0.07652261108160019, 0.05041300132870674, 0.04352530837059021, 0.005251060705631971, 0.0]</MIN_VALUE>
		<SIGNATURE_THRESHOLD_MD>0</SIGNATURE_THRESHOLD_MD>
		<SIGNATURE_THRESHOLD_ML>0</SIGNATURE_THRESHOLD_ML>
		<SIGNATURE_THRESHOLD_SAM>0</SIGNATURE_THRESHOLD_SAM>
	</signature>
	<signature ID="20210209_142108227040_899">
		<MACROCLASSID>1</MACROCLASSID>
		<MACROCLASSINFO>waterbody</MACROCLASSINFO>
		<CLASSID>6</CLASSID>
		<CLASSINFO>C 1</CLASSINFO>
		<VALUES>[0.1514145116952638, 0.00317073168140975, 0.14934121586021884, 0.006299901234753629, 0.13684430751468857, 0.007977757070641684, 0.11962778409642558, 0.013349869956061265, 0.03845798271903466, 0.013211542732368013, 0.020488628371235634, 0.009017274915337735]</VALUES>
		<LCS_MIN>[0.13962510228157043, 0.12056002765893936, 0.10123486071825027, 0.0943513810634613, 0.01615876518189907, 0.002787176053971052]</LCS_MIN>
		<LCS_MAX>[0.15987634658813477, 0.1609276831150055, 0.1486685872077942, 0.14941294491291046, 0.07069729268550873, 0.049780506640672684]</LCS_MAX>
		<WAVELENGTH>[0.485, 0.56, 0.66, 0.83, 1.65, 2.215]</WAVELENGTH>
		<MEAN_VALUE>[0.1514145116952638, 0.14934121586021884, 0.13684430751468857, 0.11962778409642558, 0.03845798271903466, 0.020488628371235634]</MEAN_VALUE>
		<CHECKBOX>2</CHECKBOX>
		<SD>[0.00317073168140975, 0.006299901234753629, 0.007977757070641684, 0.013349869956061265, 0.013211542732368013, 0.009017274915337735]</SD>
		<WAVELENGTH_UNIT>E-6m</WAVELENGTH_UNIT>
		<COLOR>#d8b884</COLOR>
		<COVARIANCE_MATRIX>[[9.61323807260407e-06, 1.3424731267562614e-05, 1.70313004854733e-05, -5.7180198685338635e-06, -5.283036963694539e-06, -9.357990473192712e-07], [1.3424731267562614e-05, 4.00874620711404e-05, 4.6213192566281585e-05, -3.617971661551554e-05, -3.4192954847325835e-05, -1.6949041879123748e-05], [1.70313004854733e-05, 4.6213192566281585e-05, 6.566944377439951e-05, -4.9004854149567536e-05, -4.529947122012048e-05, -2.2444230196350965e-05], [-5.7180198685338635e-06, -3.617971661551554e-05, -4.9004854149567536e-05, 0.00016802691163900286, 0.00013876553972269742, 8.381803129750674e-05], [-5.283036963694539e-06, -3.4192954847325835e-05, -4.529947122012048e-05, 0.00013876553972269742, 0.00016100487161672914, 9.268810945233845e-05], [-9.357990473192712e-07, -1.6949041879123748e-05, -2.2444230196350965e-05, 8.381803129750674e-05, 9.268810945233845e-05, 7.443702449627204e-05]]</COVARIANCE_MATRIX>
		<ROI_SIZE>782</ROI_SIZE>
		<MAX_VALUE>[0.15987634658813477, 0.1609276831150055, 0.1486685872077942, 0.14941294491291046, 0.07069729268550873, 0.049780506640672684]</MAX_VALUE>
		<MIN_VALUE>[0.13962510228157043, 0.12056002765893936, 0.10123486071825027, 0.0943513810634613, 0.01615876518189907, 0.002787176053971052]</MIN_VALUE>
		<SIGNATURE_THRESHOLD_MD>0</SIGNATURE_THRESHOLD_MD>
		<SIGNATURE_THRESHOLD_ML>0</SIGNATURE_THRESHOLD_ML>
		<SIGNATURE_THRESHOLD_SAM>0</SIGNATURE_THRESHOLD_SAM>
	</signature>
	<signature ID="20210209_142119901222_542">
		<MACROCLASSID>1</MACROCLASSID>
		<MACROCLASSINFO>waterbody</MACROCLASSINFO>
		<CLASSID>7</CLASSID>
		<CLASSINFO>C 1</CLASSINFO>
		<VALUES>[0.1404071768246046, 0.0030983036113963426, 0.11774056323054359, 0.00510366242793859, 0.09507839172715099, 0.006758207919675288, 0.11237810397656951, 0.01722136800067828, 0.045456592220722174, 0.01535399970763425, 0.024660087076992517, 0.010450044674230444]</VALUES>
		<LCS_MIN>[0.1328747272491455, 0.1022111102938652, 0.08090612292289734, 0.08588036894798279, 0.021612616255879402, 0.010619398206472397]</LCS_MIN>
		<LCS_MAX>[0.14806312322616577, 0.13156938552856445, 0.11817547678947449, 0.15364845097064972, 0.07887805998325348, 0.06152883544564247]</LCS_MAX>
		<WAVELENGTH>[0.485, 0.56, 0.66, 0.83, 1.65, 2.215]</WAVELENGTH>
		<MEAN_VALUE>[0.1404071768246046, 0.11774056323054359, 0.09507839172715099, 0.11237810397656951, 0.045456592220722174, 0.024660087076992517]</MEAN_VALUE>
		<CHECKBOX>2</CHECKBOX>
		<SD>[0.0030983036113963426, 0.00510366242793859, 0.006758207919675288, 0.01722136800067828, 0.01535399970763425, 0.010450044674230444]</SD>
		<WAVELENGTH_UNIT>E-6m</WAVELENGTH_UNIT>
		<COLOR>#735916</COLOR>
		<COVARIANCE_MATRIX>[[9.71799743219894e-06, 9.572214290011479e-06, 1.4403824781309489e-05, -3.3296484551566003e-06, -5.266009976471772e-07, 1.4487149116113668e-06], [9.572214290011479e-06, 2.6368942649689625e-05, 2.7710906072624394e-05, -1.6285225026453452e-05, -1.0023808539444006e-05, 3.349407599077565e-06], [1.4403824781309489e-05, 2.7710906072624394e-05, 4.6237243103902004e-05, -2.6723917596205404e-05, -2.4883977289221346e-05, -1.2744894592148343e-06], [-3.3296484551566003e-06, -1.6285225026453452e-05, -2.6723917596205404e-05, 0.00030023694193595594, 0.00017586921905031187, 8.225928442945335e-05], [-5.266009976471772e-07, -1.0023808539444006e-05, -2.4883977289221346e-05, 0.00017586921905031187, 0.00023865574291119336, 0.00013728278254196302], [1.4487149116113668e-06, 3.349407599077565e-06, -1.2744894592148343e-06, 8.225928442945335e-05, 0.00013728278254196302, 0.00011055162423283683]]</COVARIANCE_MATRIX>
		<ROI_SIZE>82</ROI_SIZE>
		<MAX_VALUE>[0.14806312322616577, 0.13156938552856445, 0.11817547678947449, 0.15364845097064972, 0.07887805998325348, 0.06152883544564247]</MAX_VALUE>
		<MIN_VALUE>[0.1328747272491455, 0.1022111102938652, 0.08090612292289734, 0.08588036894798279, 0.021612616255879402, 0.010619398206472397]</MIN_VALUE>
		<SIGNATURE_THRESHOLD_MD>0</SIGNATURE_THRESHOLD_MD>
		<SIGNATURE_THRESHOLD_ML>0</SIGNATURE_THRESHOLD_ML>
		<SIGNATURE_THRESHOLD_SAM>0</SIGNATURE_THRESHOLD_SAM>
	</signature>
	<signature ID="20210209_142136330135_860">
		<MACROCLASSID>1</MACROCLASSID>
		<MACROCLASSINFO>waterbody</MACROCLASSINFO>
		<CLASSID>8</CLASSID>
		<CLASSINFO>C 1</CLASSINFO>
		<VALUES>[0.14500256084789664, 0.003936061977567258, 0.1243542184011411, 0.007085312132526572, 0.10427842415490393, 0.009412927905886275, 0.13211198795144846, 0.017787552560818248, 0.054936577171339825, 0.015733780552221202, 0.029204328844355323, 0.00927823112367552]</VALUES>
		<LCS_MIN>[0.13624992966651917, 0.10588088631629944, 0.08090612292289734, 0.10705789923667908, 0.02979339472949505, 0.010619398206472397]</LCS_MIN>
		<LCS_MAX>[0.15650112926959991, 0.14257875084877014, 0.12833984196186066, 0.1663549691438675, 0.08978576213121414, 0.06152883544564247]</LCS_MAX>
		<WAVELENGTH>[0.485, 0.56, 0.66, 0.83, 1.65, 2.215]</WAVELENGTH>
		<MEAN_VALUE>[0.14500256084789664, 0.1243542184011411, 0.10427842415490393, 0.13211198795144846, 0.054936577171339825, 0.029204328844355323]</MEAN_VALUE>
		<CHECKBOX>2</CHECKBOX>
		<SD>[0.003936061977567258, 0.007085312132526572, 0.009412927905886275, 0.017787552560818248, 0.015733780552221202, 0.00927823112367552]</SD>
		<WAVELENGTH_UNIT>E-6m</WAVELENGTH_UNIT>
		<COLOR>#981f3c</COLOR>
		<COVARIANCE_MATRIX>[[1.5759697406617054e-05, 2.2490371869314e-05, 3.244541978005267e-05, -9.744204998021496e-06, -9.064142792650051e-07, 9.092458040413946e-06], [2.2490371869314e-05, 5.106719367076493e-05, 6.264074749703672e-05, -2.3001662003743198e-05, -6.114874960455747e-06, 1.2762810177562388e-05], [3.244541978005267e-05, 6.264074749703672e-05, 9.013085334350585e-05, -3.5012123694653766e-05, -1.5081783743737388e-05, 1.3148080434338704e-05], [-9.744204998021496e-06, -2.3001662003743198e-05, -3.5012123694653766e-05, 0.0003218521472435937, 0.00022743399818517758, 0.00011002385750714037], [-9.064142792650051e-07, -6.114874960455747e-06, -1.5081783743737388e-05, 0.00022743399818517758, 0.0002518199858183068, 0.00012875585165896894], [9.092458040413946e-06, 1.2762810177562388e-05, 1.3148080434338704e-05, 0.00011002385750714037, 0.00012875585165896894, 8.756980679786414e-05]]</COVARIANCE_MATRIX>
		<ROI_SIZE>59</ROI_SIZE>
		<MAX_VALUE>[0.15650112926959991, 0.14257875084877014, 0.12833984196186066, 0.1663549691438675, 0.08978576213121414, 0.06152883544564247]</MAX_VALUE>
		<MIN_VALUE>[0.13624992966651917, 0.10588088631629944, 0.08090612292289734, 0.10705789923667908, 0.02979339472949505, 0.010619398206472397]</MIN_VALUE>
		<SIGNATURE_THRESHOLD_MD>0</SIGNATURE_THRESHOLD_MD>
		<SIGNATURE_THRESHOLD_ML>0</SIGNATURE_THRESHOLD_ML>
		<SIGNATURE_THRESHOLD_SAM>0</SIGNATURE_THRESHOLD_SAM>
	</signature>
	<signature ID="20210209_142149152666_529">
		<MACROCLASSID>1</MACROCLASSID>
		<MACROCLASSINFO>waterbody</MACROCLASSINFO>
		<CLASSID>9</CLASSID>
		<CLASSINFO>C 1</CLASSINFO>
		<VALUES>[0.13260149168116706, 0.002365210595287493, 0.10542653650045397, 0.004633524305114285, 0.07942179668517341, 0.005782520945822057, 0.10500064903781522, 0.014030720875441039, 0.04101274824213414, 0.012455554802560252, 0.02233043357375122, 0.00897082351784659]</VALUES>
		<LCS_MIN>[0.12443671375513077, 0.09487153589725494, 0.06735362857580185, 0.08164485543966293, 0.021612616255879402, 0.010619398206472397]</LCS_MIN>
		<LCS_MAX>[0.14131271839141846, 0.12056002765893936, 0.10123486071825027, 0.13670644164085388, 0.08705884218215942, 0.057612720876932144]</LCS_MAX>
		<WAVELENGTH>[0.485, 0.56, 0.66, 0.83, 1.65, 2.215]</WAVELENGTH>
		<MEAN_VALUE>[0.13260149168116706, 0.10542653650045397, 0.07942179668517341, 0.10500064903781522, 0.04101274824213414, 0.02233043357375122]</MEAN_VALUE>
		<CHECKBOX>2</CHECKBOX>
		<SD>[0.002365210595287493, 0.004633524305114285, 0.005782520945822057, 0.014030720875441039, 0.012455554802560252, 0.00897082351784659]</SD>
		<WAVELENGTH_UNIT>E-6m</WAVELENGTH_UNIT>
		<COLOR>#c74b0b</COLOR>
		<COVARIANCE_MATRIX>[[5.6480117481377265e-06, 6.8419426766237854e-06, 8.277202628020917e-06, -4.691274531350522e-06, 3.1834426226782207e-06, 4.946332822216222e-06], [6.8419426766237854e-06, 2.167598544268179e-05, 2.287138446704907e-05, -6.447908868050523e-07, 1.7463182734108893e-05, 1.9881601865379023e-05], [8.277202628020917e-06, 2.287138446704907e-05, 3.375906337818689e-05, 1.1945504323324532e-06, 2.4986347755733736e-05, 2.9797704231726614e-05], [-4.691274531350522e-06, -6.447908868050523e-07, 1.1945504323324532e-06, 0.00019875402374881134, 0.0001225877211104259, 6.26011573741727e-05], [3.1834426226782207e-06, 1.7463182734108893e-05, 2.4986347755733736e-05, 0.0001225877211104259, 0.00015663258433803925, 8.513523259807468e-05], [4.946332822216222e-06, 1.9881601865379023e-05, 2.9797704231726614e-05, 6.26011573741727e-05, 8.513523259807468e-05, 8.124947915169896e-05]]</COVARIANCE_MATRIX>
		<ROI_SIZE>105</ROI_SIZE>
		<MAX_VALUE>[0.14131271839141846, 0.12056002765893936, 0.10123486071825027, 0.13670644164085388, 0.08705884218215942, 0.057612720876932144]</MAX_VALUE>
		<MIN_VALUE>[0.12443671375513077, 0.09487153589725494, 0.06735362857580185, 0.08164485543966293, 0.021612616255879402, 0.010619398206472397]</MIN_VALUE>
		<SIGNATURE_THRESHOLD_MD>0</SIGNATURE_THRESHOLD_MD>
		<SIGNATURE_THRESHOLD_ML>0</SIGNATURE_THRESHOLD_ML>
		<SIGNATURE_THRESHOLD_SAM>0</SIGNATURE_THRESHOLD_SAM>
	</signature>
	<signature ID="20210209_142158159441_340">
		<MACROCLASSID>1</MACROCLASSID>
		<MACROCLASSINFO>waterbody</MACROCLASSINFO>
		<CLASSID>10</CLASSID>
		<CLASSINFO>C 1</CLASSINFO>
		<VALUES>[0.1400388106413853, 0.003926931834251089, 0.13318295182537007, 0.007492604629873556, 0.11414136436082979, 0.00895081136654948, 0.0990483391203769, 0.012717361445148742, 0.03379359412648447, 0.013462682355561311, 0.01974683098951609, 0.009601448220269315]</VALUES>
		<LCS_MIN>[0.12274911999702454, 0.09487153589725494, 0.0741298645734787, 0.08164485543966293, 0.010704913176596165, 0.002787176053971052]</LCS_MIN>
		<LCS_MAX>[0.1497507393360138, 0.14624854922294617, 0.1351160854101181, 0.13247093558311462, 0.07615114003419876, 0.057612720876932144]</LCS_MAX>
		<WAVELENGTH>[0.485, 0.56, 0.66, 0.83, 1.65, 2.215]</WAVELENGTH>
		<MEAN_VALUE>[0.1400388106413853, 0.13318295182537007, 0.11414136436082979, 0.0990483391203769, 0.03379359412648447, 0.01974683098951609]</MEAN_VALUE>
		<CHECKBOX>2</CHECKBOX>
		<SD>[0.003926931834251089, 0.007492604629873556, 0.00895081136654948, 0.012717361445148742, 0.013462682355561311, 0.009601448220269315]</SD>
		<WAVELENGTH_UNIT>E-6m</WAVELENGTH_UNIT>
		<COLOR>#88c96b</COLOR>
		<COVARIANCE_MATRIX>[[1.1136304249497944e-05, 1.6101830046934747e-05, 1.961071939570401e-05, -1.3555622673186384e-05, -1.0575393874885057e-05, -2.8123202932807783e-06], [1.6101830046934747e-05, 4.150334088091157e-05, 4.6160312920477804e-05, -3.5510283647946985e-05, -2.7387296212672636e-05, -9.022869985401707e-06], [1.961071939570401e-05, 4.6160312920477804e-05, 6.384334969218438e-05, -3.25059066694725e-05, -2.3921277642037006e-05, -3.1302563117037268e-06], [-1.3555622673186384e-05, -3.5510283647946985e-05, -3.25059066694725e-05, 0.00016192709895001582, 0.00013877704085973706, 8.582283453973317e-05], [-1.0575393874885057e-05, -2.7387296212672636e-05, -2.3921277642037006e-05, 0.00013877704085973706, 0.00018184498508835387, 0.00011475622144602413], [-2.8123202932807783e-06, -9.022869985401707e-06, -3.1302563117037268e-06, 8.582283453973317e-05, 0.00011475622144602413, 0.00010010829896234228]]</COVARIANCE_MATRIX>
		<ROI_SIZE>1275</ROI_SIZE>
		<MAX_VALUE>[0.1497507393360138, 0.14624854922294617, 0.1351160854101181, 0.13247093558311462, 0.07615114003419876, 0.057612720876932144]</MAX_VALUE>
		<MIN_VALUE>[0.12274911999702454, 0.09487153589725494, 0.0741298645734787, 0.08164485543966293, 0.010704913176596165, 0.002787176053971052]</MIN_VALUE>
		<SIGNATURE_THRESHOLD_MD>0</SIGNATURE_THRESHOLD_MD>
		<SIGNATURE_THRESHOLD_ML>0</SIGNATURE_THRESHOLD_ML>
		<SIGNATURE_THRESHOLD_SAM>0</SIGNATURE_THRESHOLD_SAM>
	</signature>
	<signature ID="20210209_142212719732_534">
		<MACROCLASSID>1</MACROCLASSID>
		<MACROCLASSINFO>waterbody</MACROCLASSINFO>
		<CLASSID>11</CLASSID>
		<CLASSINFO>C 1</CLASSINFO>
		<VALUES>[0.1367481078581396, 0.0023697973761453305, 0.13416938327005415, 0.004765409570567366, 0.11527493957608831, 0.005344775053748698, 0.08548181942523175, 0.011060722086759088, 0.02830415130575701, 0.011226519546112349, 0.01614674990756154, 0.008509647600743025]</VALUES>
		<LCS_MIN>[0.12443671375513077, 0.1022111102938652, 0.07751798629760742, 0.06893834471702576, 0.010704913176596165, 0.002787176053971052]</LCS_MIN>
		<LCS_MAX>[0.14468790590763092, 0.149918332695961, 0.13172796368598938, 0.12399991601705551, 0.06797035783529282, 0.053696613758802414]</LCS_MAX>
		<WAVELENGTH>[0.485, 0.56, 0.66, 0.83, 1.65, 2.215]</WAVELENGTH>
		<MEAN_VALUE>[0.1367481078581396, 0.13416938327005415, 0.11527493957608831, 0.08548181942523175, 0.02830415130575701, 0.01614674990756154]</MEAN_VALUE>
		<CHECKBOX>2</CHECKBOX>
		<SD>[0.0023697973761453305, 0.004765409570567366, 0.005344775053748698, 0.011060722086759088, 0.011226519546112349, 0.008509647600743025]</SD>
		<WAVELENGTH_UNIT>E-6m</WAVELENGTH_UNIT>
		<COLOR>#931dd6</COLOR>
		<COVARIANCE_MATRIX>[[6.3293117831404455e-06, 7.705677888700707e-06, 8.87646169525194e-06, -6.7035455350193725e-06, -5.670091331042958e-06, -2.177092099979818e-06], [7.705677888700707e-06, 2.3865818422437164e-05, 2.1823411491963013e-05, -2.1349448848997214e-05, -1.896167907457211e-05, -9.171285815611701e-06], [8.87646169525194e-06, 2.1823411491963013e-05, 3.0329719560449725e-05, -1.5983897002569887e-05, -1.4243774542438537e-05, -5.2882830058801425e-06], [-6.7035455350193725e-06, -2.1349448848997214e-05, -1.5983897002569887e-05, 0.00011354904517505359, 9.478336079032545e-05, 6.149421357595387e-05], [-5.670091331042958e-06, -1.896167907457211e-05, -1.4243774542438537e-05, 9.478336079032545e-05, 0.00012098438364363984, 7.694587457537122e-05], [-2.177092099979818e-06, -9.171285815611701e-06, -5.2882830058801425e-06, 6.149421357595387e-05, 7.694587457537122e-05, 6.907548278253213e-05]]</COVARIANCE_MATRIX>
		<ROI_SIZE>1779</ROI_SIZE>
		<MAX_VALUE>[0.14468790590763092, 0.149918332695961, 0.13172796368598938, 0.12399991601705551, 0.06797035783529282, 0.053696613758802414]</MAX_VALUE>
		<MIN_VALUE>[0.12443671375513077, 0.1022111102938652, 0.07751798629760742, 0.06893834471702576, 0.010704913176596165, 0.002787176053971052]</MIN_VALUE>
		<SIGNATURE_THRESHOLD_MD>0</SIGNATURE_THRESHOLD_MD>
		<SIGNATURE_THRESHOLD_ML>0</SIGNATURE_THRESHOLD_ML>
		<SIGNATURE_THRESHOLD_SAM>0</SIGNATURE_THRESHOLD_SAM>
	</signature>
	<signature ID="20210209_142224018912_375">
		<MACROCLASSID>1</MACROCLASSID>
		<MACROCLASSINFO>waterbody</MACROCLASSINFO>
		<CLASSID>12</CLASSID>
		<CLASSINFO>C 1</CLASSINFO>
		<VALUES>[0.1321436307302235, 0.004855492657665948, 0.12588585698002092, 0.009650553386991785, 0.10410314051952171, 0.010712210278728374, 0.09305167200870895, 0.017812114967542647, 0.034238185950417055, 0.01697641743536376, 0.019893652871284747, 0.012131891756224967]</VALUES>
		<LCS_MIN>[0.11262350529432297, 0.09120175242424011, 0.06396549940109253, 0.06893834471702576, 0.01343183871358633, 0.002787176053971052]</LCS_MIN>
		<LCS_MAX>[0.14131271839141846, 0.1389089673757553, 0.12495170533657074, 0.14094194769859314, 0.08978576213121414, 0.06936106085777283]</LCS_MAX>
		<WAVELENGTH>[0.485, 0.56, 0.66, 0.83, 1.65, 2.215]</WAVELENGTH>
		<MEAN_VALUE>[0.1321436307302235, 0.12588585698002092, 0.10410314051952171, 0.09305167200870895, 0.034238185950417055, 0.019893652871284747]</MEAN_VALUE>
		<CHECKBOX>2</CHECKBOX>
		<SD>[0.004855492657665948, 0.009650553386991785, 0.010712210278728374, 0.017812114967542647, 0.01697641743536376, 0.012131891756224967]</SD>
		<WAVELENGTH_UNIT>E-6m</WAVELENGTH_UNIT>
		<COLOR>#c5d111</COLOR>
		<COVARIANCE_MATRIX>[[2.126730223252456e-05, 3.794091506144436e-05, 4.061773494355356e-05, -3.815692766746193e-05, -2.3929218585510014e-05, -8.125745918262112e-06], [3.794091506144436e-05, 8.768559582843577e-05, 8.76128562010445e-05, -8.805675341255112e-05, -6.133113106607271e-05, -2.562051735356822e-05], [4.061773494355356e-05, 8.76128562010445e-05, 0.00010025694698120565, -7.781971747508757e-05, -4.370133243612825e-05, -9.83423102140033e-06], [-3.815692766746193e-05, -8.805675341255112e-05, -7.781971747508757e-05, 0.00031236764076574057, 0.0002550747560248641, 0.0001571321457570332], [-2.3929218585510014e-05, -6.133113106607271e-05, -4.370133243612825e-05, 0.0002550747560248641, 0.00028296307560591265, 0.00018103921331901433], [-8.125745918262112e-06, -2.562051735356822e-05, -9.83423102140033e-06, 0.0001571321457570332, 0.00018103921331901433, 0.0001425718770335109]]</COVARIANCE_MATRIX>
		<ROI_SIZE>2223</ROI_SIZE>
		<MAX_VALUE>[0.14131271839141846, 0.1389089673757553, 0.12495170533657074, 0.14094194769859314, 0.08978576213121414, 0.06936106085777283]</MAX_VALUE>
		<MIN_VALUE>[0.11262350529432297, 0.09120175242424011, 0.06396549940109253, 0.06893834471702576, 0.01343183871358633, 0.002787176053971052]</MIN_VALUE>
		<SIGNATURE_THRESHOLD_MD>0</SIGNATURE_THRESHOLD_MD>
		<SIGNATURE_THRESHOLD_ML>0</SIGNATURE_THRESHOLD_ML>
		<SIGNATURE_THRESHOLD_SAM>0</SIGNATURE_THRESHOLD_SAM>
	</signature>
	<signature ID="20210209_142239117441_984">
		<MACROCLASSID>1</MACROCLASSID>
		<MACROCLASSINFO>waterbody</MACROCLASSINFO>
		<CLASSID>13</CLASSID>
		<CLASSINFO>C 1</CLASSINFO>
		<VALUES>[0.11992124397609688, 0.0017570545518317217, 0.09288786754414842, 0.0036293549799825612, 0.0697344691064712, 0.005305583036802027, 0.10442501316602168, 0.01799268653543506, 0.054888484105971205, 0.019235212588841984, 0.03046455253167329, 0.01081766257725292]</VALUES>
		<LCS_MIN>[0.11599870771169662, 0.08386217802762985, 0.06057737395167351, 0.0647028386592865, 0.01343183871358633, 0.0067032864317297935]</LCS_MIN>
		<LCS_MAX>[0.12443671375513077, 0.1022111102938652, 0.08090612292289734, 0.14094194769859314, 0.09251270443201065, 0.057612720876932144]</LCS_MAX>
		<WAVELENGTH>[0.485, 0.56, 0.66, 0.83, 1.65, 2.215]</WAVELENGTH>
		<MEAN_VALUE>[0.11992124397609688, 0.09288786754414842, 0.0697344691064712, 0.10442501316602168, 0.054888484105971205, 0.03046455253167329]</MEAN_VALUE>
		<CHECKBOX>2</CHECKBOX>
		<SD>[0.0017570545518317217, 0.0036293549799825612, 0.005305583036802027, 0.01799268653543506, 0.019235212588841984, 0.01081766257725292]</SD>
		<WAVELENGTH_UNIT>E-6m</WAVELENGTH_UNIT>
		<COLOR>#15d3fb</COLOR>
		<COVARIANCE_MATRIX>[[3.1295316665798586e-06, 2.5428290037364726e-06, 3.4569294232015362e-06, 2.8316150536351303e-06, 5.619127838510531e-06, 4.832447127800567e-06], [2.5428290037364726e-06, 1.3352658907309496e-05, 1.33037230591157e-05, 2.7921730372734483e-05, 2.7431908470131488e-05, 2.1793710814543232e-05], [3.4569294232015362e-06, 1.33037230591157e-05, 2.853481699547541e-05, 5.215771644091283e-05, 5.587280670782071e-05, 3.862091325450241e-05], [2.8316150536351303e-06, 2.7921730372734483e-05, 5.215771644091283e-05, 0.0003281715190194457, 0.0002680725563750935, 0.00014362457347509846], [5.619127838510531e-06, 2.7431908470131488e-05, 5.587280670782071e-05, 0.0002680725563750935, 0.00037506180612339627, 0.0001812474921550054], [4.832447127800567e-06, 2.1793710814543232e-05, 3.862091325450241e-05, 0.00014362457347509846, 0.0001812474921550054, 0.00011862486231523381]]</COVARIANCE_MATRIX>
		<ROI_SIZE>74</ROI_SIZE>
		<MAX_VALUE>[0.12443671375513077, 0.1022111102938652, 0.08090612292289734, 0.14094194769859314, 0.09251270443201065, 0.057612720876932144]</MAX_VALUE>
		<MIN_VALUE>[0.11599870771169662, 0.08386217802762985, 0.06057737395167351, 0.0647028386592865, 0.01343183871358633, 0.0067032864317297935]</MIN_VALUE>
		<SIGNATURE_THRESHOLD_MD>0</SIGNATURE_THRESHOLD_MD>
		<SIGNATURE_THRESHOLD_ML>0</SIGNATURE_THRESHOLD_ML>
		<SIGNATURE_THRESHOLD_SAM>0</SIGNATURE_THRESHOLD_SAM>
	</signature>
	<signature ID="20210209_142259077773_732">
		<MACROCLASSID>1</MACROCLASSID>
		<MACROCLASSINFO>waterbody</MACROCLASSINFO>
		<CLASSID>14</CLASSID>
		<CLASSINFO>C 1</CLASSINFO>
		<VALUES>[0.11785176221062157, 0.0017124008392762975, 0.0916334877119345, 0.003381196679831904, 0.06575921258213474, 0.004808081198229858, 0.11361877605611205, 0.019604520797177467, 0.05716959346889282, 0.0161909987150433, 0.028587434039104215, 0.009566621423619356]</VALUES>
		<LCS_MIN>[0.1143111065030098, 0.08386217802762985, 0.057189252227544785, 0.07740934938192368, 0.021612616255879402, 0.010619398206472397]</LCS_MIN>
		<LCS_MAX>[0.12106151133775711, 0.09854131937026978, 0.07751798629760742, 0.15364845097064972, 0.10614731907844543, 0.053696613758802414]</LCS_MAX>
		<WAVELENGTH>[0.485, 0.56, 0.66, 0.83, 1.65, 2.215]</WAVELENGTH>
		<MEAN_VALUE>[0.11785176221062157, 0.0916334877119345, 0.06575921258213474, 0.11361877605611205, 0.05716959346889282, 0.028587434039104215]</MEAN_VALUE>
		<CHECKBOX>2</CHECKBOX>
		<SD>[0.0017124008392762975, 0.003381196679831904, 0.004808081198229858, 0.019604520797177467, 0.0161909987150433, 0.009566621423619356]</SD>
		<WAVELENGTH_UNIT>E-6m</WAVELENGTH_UNIT>
		<COLOR>#14bfb7</COLOR>
		<COVARIANCE_MATRIX>[[2.99096296704124e-06, 2.6521257240600975e-06, 4.500254328586356e-06, 1.7519376848804296e-06, 7.345119441048548e-06, 5.4270325923834225e-06], [2.6521257240600975e-06, 1.1661140807460392e-05, 1.2887157954127412e-05, 1.4830251719753526e-05, 2.8573626047528836e-05, 1.9392800221457955e-05], [4.500254328586356e-06, 1.2887157954127412e-05, 2.3579997704946866e-05, -2.24541041168135e-06, 2.5489223506991363e-05, 2.417946453887888e-05], [1.7519376848804296e-06, 1.4830251719753526e-05, -2.24541041168135e-06, 0.00039202398040070303, 0.00023582653150193173, 0.00010865269079237704], [7.345119441048548e-06, 2.8573626047528836e-05, 2.5489223506991363e-05, 0.00023582653150193173, 0.00026739140817834444, 0.00013558489206332816], [5.4270325923834225e-06, 1.9392800221457955e-05, 2.417946453887888e-05, 0.00010865269079237704, 0.00013558489206332816, 9.335065037210989e-05]]</COVARIANCE_MATRIX>
		<ROI_SIZE>51</ROI_SIZE>
		<MAX_VALUE>[0.12106151133775711, 0.09854131937026978, 0.07751798629760742, 0.15364845097064972, 0.10614731907844543, 0.053696613758802414]</MAX_VALUE>
		<MIN_VALUE>[0.1143111065030098, 0.08386217802762985, 0.057189252227544785, 0.07740934938192368, 0.021612616255879402, 0.010619398206472397]</MIN_VALUE>
		<SIGNATURE_THRESHOLD_MD>0</SIGNATURE_THRESHOLD_MD>
		<SIGNATURE_THRESHOLD_ML>0</SIGNATURE_THRESHOLD_ML>
		<SIGNATURE_THRESHOLD_SAM>0</SIGNATURE_THRESHOLD_SAM>
	</signature>
	<signature ID="20210209_142315393866_462">
		<MACROCLASSID>1</MACROCLASSID>
		<MACROCLASSINFO>waterbody</MACROCLASSINFO>
		<CLASSID>15</CLASSID>
		<CLASSINFO>C 1</CLASSINFO>
		<VALUES>[0.13864208334245917, 0.002787492814593396, 0.13526835707321777, 0.003913298258246126, 0.11538010252043453, 0.004177281716431546, 0.08063439996709404, 0.00995263995486189, 0.02684961604306227, 0.011045631087558265, 0.016289492658011717, 0.009288688508989411]</VALUES>
		<LCS_MIN>[0.12781192362308502, 0.1132204681634903, 0.09107048064470291, 0.0647028386592865, 0.010704913176596165, 0.0]</LCS_MIN>
		<LCS_MAX>[0.14637553691864014, 0.14257875084877014, 0.12495170533657074, 0.115528903901577, 0.07069729268550873, 0.057612720876932144]</LCS_MAX>
		<WAVELENGTH>[0.485, 0.56, 0.66, 0.83, 1.65, 2.215]</WAVELENGTH>
		<MEAN_VALUE>[0.13864208334245917, 0.13526835707321777, 0.11538010252043453, 0.08063439996709404, 0.02684961604306227, 0.016289492658011717]</MEAN_VALUE>
		<CHECKBOX>2</CHECKBOX>
		<SD>[0.002787492814593396, 0.003913298258246126, 0.004177281716431546, 0.00995263995486189, 0.011045631087558265, 0.009288688508989411]</SD>
		<WAVELENGTH_UNIT>E-6m</WAVELENGTH_UNIT>
		<COLOR>#12b4e9</COLOR>
		<COVARIANCE_MATRIX>[[8.496005437422586e-06, 6.658783069103186e-06, 8.10781257584825e-06, -2.296923603954483e-06, -1.6587069106248272e-06, 5.30645912166326e-07], [6.658783069103186e-06, 1.914032051260879e-05, 1.6239177006885245e-05, -1.7925436291947078e-05, -1.4852970428462083e-05, -7.715956692771671e-06], [8.10781257584825e-06, 1.6239177006885245e-05, 2.35117096244434e-05, -1.1653177523233235e-05, -7.70679641999152e-06, -1.3735670956292305e-06], [-2.296923603954483e-06, -1.7925436291947078e-05, -1.1653177523233235e-05, 9.775899203247556e-05, 8.599715040265277e-05, 6.307020558416424e-05], [-1.6587069106248272e-06, -1.4852970428462083e-05, -7.70679641999152e-06, 8.599715040265277e-05, 0.00011739801382401854, 8.397765582857405e-05], [5.30645912166326e-07, -7.715956692771671e-06, -1.3735670956292305e-06, 6.307020558416424e-05, 8.397765582857405e-05, 7.995382148998645e-05]]</COVARIANCE_MATRIX>
		<ROI_SIZE>3302</ROI_SIZE>
		<MAX_VALUE>[0.14637553691864014, 0.14257875084877014, 0.12495170533657074, 0.115528903901577, 0.07069729268550873, 0.057612720876932144]</MAX_VALUE>
		<MIN_VALUE>[0.12781192362308502, 0.1132204681634903, 0.09107048064470291, 0.0647028386592865, 0.010704913176596165, 0.0]</MIN_VALUE>
		<SIGNATURE_THRESHOLD_MD>0</SIGNATURE_THRESHOLD_MD>
		<SIGNATURE_THRESHOLD_ML>0</SIGNATURE_THRESHOLD_ML>
		<SIGNATURE_THRESHOLD_SAM>0</SIGNATURE_THRESHOLD_SAM>
	</signature>
	<signature ID="20210209_142334133590_349">
		<MACROCLASSID>1</MACROCLASSID>
		<MACROCLASSINFO>waterbody</MACROCLASSINFO>
		<CLASSID>16</CLASSID>
		<CLASSINFO>C 1</CLASSINFO>
		<VALUES>[0.11473300959914923, 0.00422602695289959, 0.12499435804784297, 0.014716525181785033, 0.1280574972430865, 0.022451196389508318, 0.1472951996450623, 0.023487013891266173, 0.06342548496710756, 0.02166815202335096, 0.033789718640036874, 0.013324210980848697]</VALUES>
		<LCS_MIN>[0.10756070911884308, 0.09487153589725494, 0.08429424464702606, 0.10705789923667908, 0.027066469192504883, 0.010619398206472397]</LCS_MIN>
