<?xml version="1.0" ?>
<signaturelist MCID_LIST="[['1', 'waterbody', '#000000'], ['2', 'vegetation', '#000000'], ['3', 'bareland', '#000000'], ['4', 'built-up', '#000000']]">
	<signature ID="20210511_133115720131_118">
		<MACROCLASSID>1</MACROCLASSID>
		<MACROCLASSINFO>waterbody</MACROCLASSINFO>
		<CLASSID>1</CLASSID>
		<CLASSINFO>C 1</CLASSINFO>
		<VALUES>[0.08728662535326358, 0.0036119621273751723, 0.07790672184700706, 0.005995747383567664, 0.05040737244279748, 0.007186784729169433, 0.03545328541647261, 0.010403318532775459, 0.01920041038074691, 0.013640993072202087, 0.014724801254063552, 0.011636945527402232]</VALUES>
		<LCS_MIN>[0.06980026513338089, 0.05382038652896881, 0.038387615233659744, 0.017274796962738037, 0.0, 0.0]</LCS_MIN>
		<LCS_MAX>[0.09734196215867996, 0.09982414543628693, 0.0868595540523529, 0.07786975055932999, 0.06482752412557602, 0.05494881793856621]</LCS_MAX>
		<WAVELENGTH>[0.485, 0.56, 0.66, 0.83, 1.65, 2.215]</WAVELENGTH>
		<MEAN_VALUE>[0.08728662535326358, 0.07790672184700706, 0.05040737244279748, 0.03545328541647261, 0.01920041038074691, 0.014724801254063552]</MEAN_VALUE>
		<CHECKBOX>2</CHECKBOX>
		<SD>[0.0036119621273751723, 0.005995747383567664, 0.007186784729169433, 0.010403318532775459, 0.013640993072202087, 0.011636945527402232]</SD>
		<WAVELENGTH_UNIT>E-6m</WAVELENGTH_UNIT>
		<COLOR>#7dad75</COLOR>
		<COVARIANCE_MATRIX>[[1.323159508768199e-05, 1.572546764663137e-05, 7.107058796091341e-07, -7.510478186532507e-06, -3.079688958766098e-06, -1.8280825688506157e-06], [1.572546764663137e-05, 3.8029996290363785e-05, 1.569320114225227e-05, -6.247319414102255e-07, 9.504589770762765e-06, 8.512107403524148e-06], [7.107058796091341e-07, 1.569320114225227e-05, 5.576779994928828e-05, 5.542516238534104e-05, 6.600126264968087e-05, 5.469007621905272e-05], [-7.510478186532507e-06, -6.247319414102255e-07, 5.542516238534104e-05, 0.00010422625112778811, 0.00011655872595583709, 9.338872989701306e-05], [-3.079688958766098e-06, 9.504589770762765e-06, 6.600126264968087e-05, 0.00011655872595583709, 0.00018539706356626444, 0.0001436500371433152], [-1.8280825688506157e-06, 8.512107403524148e-06, 5.469007621905272e-05, 9.338872989701306e-05, 0.0001436500371433152, 0.00013202265559582486]]</COVARIANCE_MATRIX>
		<ROI_SIZE>1425</ROI_SIZE>
		<MAX_VALUE>[0.09734196215867996, 0.09982414543628693, 0.0868595540523529, 0.07786975055932999, 0.06482752412557602, 0.05494881793856621]</MAX_VALUE>
		<MIN_VALUE>[0.06980026513338089, 0.05382038652896881, 0.038387615233659744, 0.017274796962738037, 0.0, 0.0]</MIN_VALUE>
		<SIGNATURE_THRESHOLD_MD>0</SIGNATURE_THRESHOLD_MD>
		<SIGNATURE_THRESHOLD_ML>0</SIGNATURE_THRESHOLD_ML>
		<SIGNATURE_THRESHOLD_SAM>0</SIGNATURE_THRESHOLD_SAM>
	</signature>
	<signature ID="20210511_133122301187_464">
		<MACROCLASSID>1</MACROCLASSID>
		<MACROCLASSINFO>waterbody</MACROCLASSINFO>
		<CLASSID>2</CLASSID>
		<CLASSINFO>C 1</CLASSINFO>
		<VALUES>[0.077347542440822, 0.0023106806186329342, 0.06471953478771758, 0.0032650380841561886, 0.044183580957483065, 0.00660082487151361, 0.03346868323400441, 0.01084431242645222, 0.015079509992109153, 0.011690746277772864, 0.012075320372850704, 0.010519257873941932]</VALUES>
		<LCS_MIN>[0.06980026513338089, 0.05765403434634209, 0.03515614941716194, 0.021314460784196854, 0.0, 0.0]</LCS_MIN>
		<LCS_MAX>[0.0881613940000534, 0.07682227343320847, 0.07070223242044449, 0.07383009046316147, 0.05702501907944679, 0.05494881793856621]</LCS_MAX>
		<WAVELENGTH>[0.485, 0.56, 0.66, 0.83, 1.65, 2.215]</WAVELENGTH>
		<MEAN_VALUE>[0.077347542440822, 0.06471953478771758, 0.044183580957483065, 0.03346868323400441, 0.015079509992109153, 0.012075320372850704]</MEAN_VALUE>
		<CHECKBOX>2</CHECKBOX>
		<SD>[0.0023106806186329342, 0.0032650380841561886, 0.00660082487151361, 0.01084431242645222, 0.011690746277772864, 0.010519257873941932]</SD>
		<WAVELENGTH_UNIT>E-6m</WAVELENGTH_UNIT>
		<COLOR>#51bdfc</COLOR>
		<COVARIANCE_MATRIX>[[6.908194386732084e-06, 5.131678972279842e-06, 6.4215314831497125e-06, 5.002350313712716e-06, 6.029475739330939e-06, 6.432607785700698e-06], [5.131678972279842e-06, 1.333071807538615e-05, 1.4516115814868886e-05, 1.0682103555668108e-05, 1.263897115463803e-05, 1.2858547144073973e-05], [6.4215314831497125e-06, 1.4516115814868886e-05, 4.094774714035903e-05, 4.95336409380229e-05, 5.1894029431983585e-05, 4.5745804019038586e-05], [5.002350313712716e-06, 1.0682103555668108e-05, 4.95336409380229e-05, 0.00011759210341798072, 0.0001106878296548178, 8.68291049001876e-05], [6.029475739330939e-06, 1.263897115463803e-05, 5.1894029431983585e-05, 0.0001106878296548178, 0.0001389523639917867, 0.00010812575620753078], [6.432607785700698e-06, 1.2858547144073973e-05, 4.5745804019038586e-05, 8.68291049001876e-05, 0.00010812575620753078, 0.00010178855511926816]]</COVARIANCE_MATRIX>
		<ROI_SIZE>1569</ROI_SIZE>
		<MAX_VALUE>[0.0881613940000534, 0.07682227343320847, 0.07070223242044449, 0.07383009046316147, 0.05702501907944679, 0.05494881793856621]</MAX_VALUE>
		<MIN_VALUE>[0.06980026513338089, 0.05765403434634209, 0.03515614941716194, 0.021314460784196854, 0.0, 0.0]</MIN_VALUE>
		<SIGNATURE_THRESHOLD_MD>0</SIGNATURE_THRESHOLD_MD>
		<SIGNATURE_THRESHOLD_ML>0</SIGNATURE_THRESHOLD_ML>
		<SIGNATURE_THRESHOLD_SAM>0</SIGNATURE_THRESHOLD_SAM>
	</signature>
	<signature ID="20210511_133130063715_203">
		<MACROCLASSID>1</MACROCLASSID>
		<MACROCLASSINFO>waterbody</MACROCLASSINFO>
		<CLASSID>3</CLASSID>
		<CLASSINFO>C 1</CLASSINFO>
		<VALUES>[0.09808788658119737, 0.0023678665667011592, 0.11587754252832383, 0.006772758187325777, 0.08226482378086077, 0.006470613417114609, 0.03772559633944183, 0.010838968839113379, 0.018825212973752076, 0.01251019805637595, 0.013617616998089943, 0.010250104205911124]</VALUES>
		<LCS_MIN>[0.09183362126350403, 0.09599050134420395, 0.07070223242044449, 0.021314460784196854, 0.005008261185139418, 0.0]</LCS_MIN>
		<LCS_MAX>[0.10285031795501709, 0.12665969133377075, 0.09978539496660233, 0.07786975055932999, 0.05442418158054352, 0.04747874289751053]</LCS_MAX>
		<WAVELENGTH>[0.485, 0.56, 0.66, 0.83, 1.65, 2.215]</WAVELENGTH>
		<MEAN_VALUE>[0.09808788658119737, 0.11587754252832383, 0.08226482378086077, 0.03772559633944183, 0.018825212973752076, 0.013617616998089943]</MEAN_VALUE>
		<CHECKBOX>2</CHECKBOX>
		<SD>[0.0023678665667011592, 0.006772758187325777, 0.006470613417114609, 0.010838968839113379, 0.01251019805637595, 0.010250104205911124]</SD>
		<WAVELENGTH_UNIT>E-6m</WAVELENGTH_UNIT>
		<COLOR>#317dc6</COLOR>
		<COVARIANCE_MATRIX>[[5.650940046816872e-06, 9.49158726506376e-06, -9.63588626478719e-08, -1.4732370827582995e-05, -1.429811169451098e-05, -9.866444991537889e-06], [9.49158726506376e-06, 4.6231436562130066e-05, 1.0059392314383214e-05, -5.2008309994966085e-05, -5.6801558045088255e-05, -4.3422344744372045e-05], [-9.63588626478719e-08, 1.0059392314383214e-05, 4.2198513883458245e-05, 1.5045536613311179e-05, 1.686692622790332e-05, 1.5206311649423388e-05], [-1.4732370827582995e-05, -5.2008309994966085e-05, 1.5045536613311179e-05, 0.00011840831042043034, 0.00011321387988303091, 8.451504749820104e-05], [-1.429811169451098e-05, -5.6801558045088255e-05, 1.686692622790332e-05, 0.00011321387988303091, 0.00015773737868069566, 0.00011646471843112232], [-9.866444991537889e-06, -4.3422344744372045e-05, 1.5206311649423388e-05, 8.451504749820104e-05, 0.00011646471843112232, 0.00010589191683228921]]</COVARIANCE_MATRIX>
		<ROI_SIZE>128</ROI_SIZE>
		<MAX_VALUE>[0.10285031795501709, 0.12665969133377075, 0.09978539496660233, 0.07786975055932999, 0.05442418158054352, 0.04747874289751053]</MAX_VALUE>
		<MIN_VALUE>[0.09183362126350403, 0.09599050134420395, 0.07070223242044449, 0.021314460784196854, 0.005008261185139418, 0.0]</MIN_VALUE>
		<SIGNATURE_THRESHOLD_MD>0</SIGNATURE_THRESHOLD_MD>
		<SIGNATURE_THRESHOLD_ML>0</SIGNATURE_THRESHOLD_ML>
		<SIGNATURE_THRESHOLD_SAM>0</SIGNATURE_THRESHOLD_SAM>
	</signature>
	<signature ID="20210511_133139618223_147">
		<MACROCLASSID>1</MACROCLASSID>
		<MACROCLASSINFO>waterbody</MACROCLASSINFO>
		<CLASSID>4</CLASSID>
		<CLASSINFO>C 1</CLASSINFO>
		<VALUES>[0.082029308749443, 0.0023032731569246614, 0.06422075802130554, 0.00434743774790093, 0.043768231592109866, 0.008733378067000102, 0.038710143613187906, 0.012854973328500151, 0.02244258656402666, 0.015650184223707675, 0.01623783896690564, 0.01203755453927905]</VALUES>
		<LCS_MIN>[0.07714471220970154, 0.05765403434634209, 0.03515614941716194, 0.02535412460565567, 0.005008261185139418, 0.0]</LCS_MIN>
		<LCS_MAX>[0.08999751508235931, 0.0883231982588768, 0.0803966373205185, 0.07786975055932999, 0.06742837280035019, 0.05494881793856621]</LCS_MAX>
		<WAVELENGTH>[0.485, 0.56, 0.66, 0.83, 1.65, 2.215]</WAVELENGTH>
		<MEAN_VALUE>[0.082029308749443, 0.06422075802130554, 0.043768231592109866, 0.038710143613187906, 0.02244258656402666, 0.01623783896690564]</MEAN_VALUE>
		<CHECKBOX>2</CHECKBOX>
		<SD>[0.0023032731569246614, 0.00434743774790093, 0.008733378067000102, 0.012854973328500151, 0.015650184223707675, 0.01203755453927905]</SD>
		<WAVELENGTH_UNIT>E-6m</WAVELENGTH_UNIT>
		<COLOR>#4595e6</COLOR>
		<COVARIANCE_MATRIX>[[5.330572366349192e-06, 3.844963026173856e-06, 1.0161407458265382e-05, 1.2971030082727635e-05, 1.526618547817462e-05, 1.0813895019291214e-05], [3.844963026173856e-06, 1.899108139000801e-05, 3.1262799459198305e-05, 3.7850916787597924e-05, 3.9365091417436406e-05, 3.065312822789455e-05], [1.0161407458265382e-05, 3.1262799459198305e-05, 7.663858425183704e-05, 9.561039790404083e-05, 0.00010894486825183556, 8.045351478498284e-05], [1.2971030082727635e-05, 3.7850916787597924e-05, 9.561039790404083e-05, 0.00016604481206143303, 0.00018426732755714452, 0.00013279036579746101], [1.526618547817462e-05, 3.9365091417436406e-05, 0.00010894486825183556, 0.00018426732755714452, 0.0002461058059775078, 0.0001771487202625604], [1.0813895019291214e-05, 3.065312822789455e-05, 8.045351478498284e-05, 0.00013279036579746101, 0.0001771487202625604, 0.00014559936697499328]]</COVARIANCE_MATRIX>
		<ROI_SIZE>209</ROI_SIZE>
		<MAX_VALUE>[0.08999751508235931, 0.0883231982588768, 0.0803966373205185, 0.07786975055932999, 0.06742837280035019, 0.05494881793856621]</MAX_VALUE>
		<MIN_VALUE>[0.07714471220970154, 0.05765403434634209, 0.03515614941716194, 0.02535412460565567, 0.005008261185139418, 0.0]</MIN_VALUE>
		<SIGNATURE_THRESHOLD_MD>0</SIGNATURE_THRESHOLD_MD>
		<SIGNATURE_THRESHOLD_ML>0</SIGNATURE_THRESHOLD_ML>
		<SIGNATURE_THRESHOLD_SAM>0</SIGNATURE_THRESHOLD_SAM>
	</signature>
	<signature ID="20210511_133145223773_157">
		<MACROCLASSID>1</MACROCLASSID>
		<MACROCLASSINFO>waterbody</MACROCLASSINFO>
		<CLASSID>5</CLASSID>
		<CLASSINFO>C 1</CLASSINFO>
		<VALUES>[0.08377052693464582, 0.002578205392467747, 0.06990319436097446, 0.0036071057501474643, 0.04313477905465199, 0.005998054522871629, 0.03420493198834273, 0.0103578050038033, 0.01568513242542501, 0.012780609482401178, 0.011480336165464136, 0.010046203566743583]</VALUES>
		<LCS_MIN>[0.07530859857797623, 0.061487678438425064, 0.03515614941716194, 0.021314460784196854, 0.0, 0.0]</LCS_MIN>
		<LCS_MAX>[0.09550584852695465, 0.08065591007471085, 0.07070223242044449, 0.07786975055932999, 0.06222670152783394, 0.05494881793856621]</LCS_MAX>
		<WAVELENGTH>[0.485, 0.56, 0.66, 0.83, 1.65, 2.215]</WAVELENGTH>
		<MEAN_VALUE>[0.08377052693464582, 0.06990319436097446, 0.04313477905465199, 0.03420493198834273, 0.01568513242542501, 0.011480336165464136]</MEAN_VALUE>
		<CHECKBOX>2</CHECKBOX>
		<SD>[0.002578205392467747, 0.0036071057501474643, 0.005998054522871629, 0.0103578050038033, 0.012780609482401178, 0.010046203566743583]</SD>
		<WAVELENGTH_UNIT>E-6m</WAVELENGTH_UNIT>
		<COLOR>#2f47b7</COLOR>
		<COVARIANCE_MATRIX>[[6.65412533886502e-06, 4.738016396815293e-06, 5.783462742379249e-06, 4.36492732875597e-06, 4.429330963485514e-06, 4.277621234857041e-06], [4.738016396815293e-06, 1.3024879132130039e-05, 1.0003770824674054e-05, 5.050708401012941e-06, 4.373579417419199e-06, 5.528343422991295e-06], [5.783462742379249e-06, 1.0003770824674054e-05, 3.601444866654597e-05, 4.930408301011682e-05, 5.7877382796185376e-05, 4.631378477816003e-05], [4.36492732875597e-06, 5.050708401012941e-06, 4.930408301011682e-05, 0.00010739681790489766, 0.00011851265244651465, 8.92754869327698e-05], [4.429330963485514e-06, 4.373579417419199e-06, 5.7877382796185376e-05, 0.00011851265244651465, 0.00016351555855124533, 0.00011913522621694816], [4.277621234857041e-06, 5.528343422991295e-06, 4.631378477816003e-05, 8.92754869327698e-05, 0.00011913522621694816, 0.00010103222102683001]]</COVARIANCE_MATRIX>
		<ROI_SIZE>953</ROI_SIZE>
		<MAX_VALUE>[0.09550584852695465, 0.08065591007471085, 0.07070223242044449, 0.07786975055932999, 0.06222670152783394, 0.05494881793856621]</MAX_VALUE>
		<MIN_VALUE>[0.07530859857797623, 0.061487678438425064, 0.03515614941716194, 0.021314460784196854, 0.0, 0.0]</MIN_VALUE>
		<SIGNATURE_THRESHOLD_MD>0</SIGNATURE_THRESHOLD_MD>
		<SIGNATURE_THRESHOLD_ML>0</SIGNATURE_THRESHOLD_ML>
		<SIGNATURE_THRESHOLD_SAM>0</SIGNATURE_THRESHOLD_SAM>
	</signature>
	<signature ID="20210511_133151525325_831">
		<MACROCLASSID>1</MACROCLASSID>
		<MACROCLASSINFO>waterbody</MACROCLASSINFO>
		<CLASSID>6</CLASSID>
		<CLASSINFO>C 1</CLASSINFO>
		<VALUES>[0.08560840221748803, 0.0028114319726167654, 0.07397719593064707, 0.004490052759409872, 0.044696008651257946, 0.0069553066678638194, 0.03139650451411785, 0.007996354556169425, 0.011903307632628856, 0.010006519590352352, 0.008778034761259379, 0.008547133121880126]</VALUES>
		<LCS_MIN>[0.07714471220970154, 0.06532133370637894, 0.03515614941716194, 0.021314460784196854, 0.0, 0.0]</LCS_MIN>
		<LCS_MAX>[0.10285031795501709, 0.11515873670578003, 0.0868595540523529, 0.07786975055932999, 0.05442418158054352, 0.05121378228068352]</LCS_MAX>
		<WAVELENGTH>[0.485, 0.56, 0.66, 0.83, 1.65, 2.215]</WAVELENGTH>
		<MEAN_VALUE>[0.08560840221748803, 0.07397719593064707, 0.044696008651257946, 0.03139650451411785, 0.011903307632628856, 0.008778034761259379]</MEAN_VALUE>
		<CHECKBOX>2</CHECKBOX>
		<SD>[0.0028114319726167654, 0.004490052759409872, 0.0069553066678638194, 0.007996354556169425, 0.010006519590352352, 0.008547133121880126]</SD>
		<WAVELENGTH_UNIT>E-6m</WAVELENGTH_UNIT>
		<COLOR>#83042f</COLOR>
		<COVARIANCE_MATRIX>[[7.908937228921114e-06, 7.726821113578759e-06, 1.0842992694999567e-05, 7.488113376627362e-06, 7.863133729681165e-06, 7.097601791024518e-06], [7.726821113578759e-06, 2.0172784911164943e-05, 2.1320255919221506e-05, 1.3843295056467405e-05, 1.5844637785271938e-05, 1.3514862522146822e-05], [1.0842992694999567e-05, 2.1320255919221506e-05, 4.8405592049872474e-05, 4.430275737360726e-05, 5.208502093554395e-05, 4.318817282925283e-05], [7.488113376627362e-06, 1.3843295056467405e-05, 4.430275737360726e-05, 6.398041525289444e-05, 6.961621660005456e-05, 5.6582579567771015e-05], [7.863133729681165e-06, 1.5844637785271938e-05, 5.208502093554395e-05, 6.961621660005456e-05, 0.00010019108266723093, 7.702309505382704e-05], [7.097601791024518e-06, 1.3514862522146822e-05, 4.318817282925283e-05, 5.6582579567771015e-05, 7.702309505382704e-05, 7.309773262531071e-05]]</COVARIANCE_MATRIX>
		<ROI_SIZE>1652</ROI_SIZE>
		<MAX_VALUE>[0.10285031795501709, 0.11515873670578003, 0.0868595540523529, 0.07786975055932999, 0.05442418158054352, 0.05121378228068352]</MAX_VALUE>
		<MIN_VALUE>[0.07714471220970154, 0.06532133370637894, 0.03515614941716194, 0.021314460784196854, 0.0, 0.0]</MIN_VALUE>
		<SIGNATURE_THRESHOLD_MD>0</SIGNATURE_THRESHOLD_MD>
		<SIGNATURE_THRESHOLD_ML>0</SIGNATURE_THRESHOLD_ML>
		<SIGNATURE_THRESHOLD_SAM>0</SIGNATURE_THRESHOLD_SAM>
	</signature>
	<signature ID="20210511_133202648377_872">
		<MACROCLASSID>1</MACROCLASSID>
		<MACROCLASSINFO>waterbody</MACROCLASSINFO>
		<CLASSID>7</CLASSID>
		<CLASSINFO>C 1</CLASSINFO>
		<VALUES>[0.0934169402993891, 0.00238010103760017, 0.10439396290567463, 0.0036473156818475597, 0.07564895567686662, 0.004650971330359355, 0.036726657176336275, 0.009767545405198003, 0.012939041105868371, 0.010447690173707825, 0.00946404981474135, 0.00844362703768529]</VALUES>
		<LCS_MIN>[0.07898083329200745, 0.07682227343320847, 0.05777639150619507, 0.017274796962738037, 0.0, 0.0]</LCS_MIN>
		<LCS_MAX>[0.10285031795501709, 0.118992380797863, 0.09655394405126572, 0.0819094181060791, 0.05702501907944679, 0.04747874289751053]</LCS_MAX>
		<WAVELENGTH>[0.485, 0.56, 0.66, 0.83, 1.65, 2.215]</WAVELENGTH>
		<MEAN_VALUE>[0.0934169402993891, 0.10439396290567463, 0.07564895567686662, 0.036726657176336275, 0.012939041105868371, 0.00946404981474135]</MEAN_VALUE>
		<CHECKBOX>2</CHECKBOX>
		<SD>[0.00238010103760017, 0.0036473156818475597, 0.004650971330359355, 0.009767545405198003, 0.010447690173707825, 0.00844362703768529]</SD>
		<WAVELENGTH_UNIT>E-6m</WAVELENGTH_UNIT>
		<COLOR>#4ff35a</COLOR>
		<COVARIANCE_MATRIX>[[5.675162039837274e-06, 3.865633337181064e-06, 3.6433536064680617e-06, 5.917197949531503e-07, 1.68849602380012e-06, 2.144426004526436e-06], [3.865633337181064e-06, 1.3327054898446896e-05, 6.4242763585716164e-06, -3.2719548631824704e-06, -2.0516168939234613e-06, 3.6399008719035675e-07], [3.6433536064680617e-06, 6.4242763585716164e-06, 2.1670792998793422e-05, 2.6703702963424207e-05, 2.717548783780865e-05, 2.307731954411092e-05], [5.917197949531503e-07, -3.2719548631824704e-06, 2.6703702963424207e-05, 9.557809195992324e-05, 8.536128244432337e-05, 6.256760882627782e-05], [1.68849602380012e-06, -2.0516168939234613e-06, 2.717548783780865e-05, 8.536128244432337e-05, 0.00010935233201654568, 7.937081125250522e-05], [2.144426004526436e-06, 3.6399008719035675e-07, 2.307731954411092e-05, 6.256760882627782e-05, 7.937081125250522e-05, 7.142422927122436e-05]]</COVARIANCE_MATRIX>
		<ROI_SIZE>552</ROI_SIZE>
		<MAX_VALUE>[0.10285031795501709, 0.118992380797863, 0.09655394405126572, 0.0819094181060791, 0.05702501907944679, 0.04747874289751053]</MAX_VALUE>
		<MIN_VALUE>[0.07898083329200745, 0.07682227343320847, 0.05777639150619507, 0.017274796962738037, 0.0, 0.0]</MIN_VALUE>
		<SIGNATURE_THRESHOLD_MD>0</SIGNATURE_THRESHOLD_MD>
		<SIGNATURE_THRESHOLD_ML>0</SIGNATURE_THRESHOLD_ML>
		<SIGNATURE_THRESHOLD_SAM>0</SIGNATURE_THRESHOLD_SAM>
	</signature>
	<signature ID="20210511_135104918058_722">
		<MACROCLASSID>1</MACROCLASSID>
		<MACROCLASSINFO>waterbody</MACROCLASSINFO>
		<CLASSID>8</CLASSID>
		<CLASSINFO>C 1</CLASSINFO>
		<VALUES>[0.07238119623056781, 0.002674215571552342, 0.05284613283407506, 0.0041227149082166716, 0.03839206490306486, 0.004624727828120643, 0.03448788355266254, 0.010069667238652184, 0.012759895593417978, 0.009682621735133531, 0.00893749687827087, 0.00757999879344817]</VALUES>
		<LCS_MIN>[0.06612803786993027, 0.042319439351558685, 0.03192468732595444, 0.017274796962738037, 0.0, 0.0]</LCS_MIN>
		<LCS_MAX>[0.08448917418718338, 0.08065591007471085, 0.06747078895568848, 0.0819094181060791, 0.05962585285305977, 0.05121378228068352]</LCS_MAX>
		<WAVELENGTH>[0.485, 0.56, 0.66, 0.83, 1.65, 2.215]</WAVELENGTH>
		<MEAN_VALUE>[0.07238119623056781, 0.05284613283407506, 0.03839206490306486, 0.03448788355266254, 0.012759895593417978, 0.00893749687827087]</MEAN_VALUE>
		<CHECKBOX>2</CHECKBOX>
		<SD>[0.002674215571552342, 0.0041227149082166716, 0.004624727828120643, 0.010069667238652184, 0.009682621735133531, 0.00757999879344817]</SD>
		<WAVELENGTH_UNIT>E-6m</WAVELENGTH_UNIT>
		<COLOR>#e61fdd</COLOR>
		<COVARIANCE_MATRIX>[[7.156357544031113e-06, 5.441445486672111e-06, 6.805083061589617e-06, 1.2985389168468744e-05, 1.136196186046352e-05, 8.273527627413767e-06], [5.441445486672111e-06, 1.7008492051933348e-05, 1.4236783263570169e-05, 2.6056373701139826e-05, 2.340646967146406e-05, 1.686301116549106e-05], [6.805083061589617e-06, 1.4236783263570169e-05, 2.1402847737456194e-05, 3.580165538920429e-05, 3.213867134962871e-05, 2.3768232547124498e-05], [1.2985389168468744e-05, 2.6056373701139826e-05, 3.580165538920429e-05, 0.00010146807989490882, 8.099459685271134e-05, 5.76404035884923e-05], [1.136196186046352e-05, 2.340646967146406e-05, 3.213867134962871e-05, 8.099459685271134e-05, 9.381777645938511e-05, 6.434903772473195e-05], [8.273527627413767e-06, 1.686301116549106e-05, 2.3768232547124498e-05, 5.76404035884923e-05, 6.434903772473195e-05, 5.749597949069412e-05]]</COVARIANCE_MATRIX>
		<ROI_SIZE>1452</ROI_SIZE>
		<MAX_VALUE>[0.08448917418718338, 0.08065591007471085, 0.06747078895568848, 0.0819094181060791, 0.05962585285305977, 0.05121378228068352]</MAX_VALUE>
		<MIN_VALUE>[0.06612803786993027, 0.042319439351558685, 0.03192468732595444, 0.017274796962738037, 0.0, 0.0]</MIN_VALUE>
		<SIGNATURE_THRESHOLD_MD>0</SIGNATURE_THRESHOLD_MD>
		<SIGNATURE_THRESHOLD_ML>0</SIGNATURE_THRESHOLD_ML>
		<SIGNATURE_THRESHOLD_SAM>0</SIGNATURE_THRESHOLD_SAM>
	</signature>
	<signature ID="20210511_135212993790_787">
		<MACROCLASSID>1</MACROCLASSID>
		<MACROCLASSINFO>waterbody</MACROCLASSINFO>
		<CLASSID>9</CLASSID>
		<CLASSINFO>C 1</CLASSINFO>
		<VALUES>[0.0808518081431902, 0.005011281670565269, 0.06976156146560285, 0.007351704423603518, 0.05763322475684593, 0.008521346011021306, 0.07937823931533322, 0.022137743883743476, 0.05995507810642068, 0.023892209685445982, 0.04343639463893597, 0.016420861553581145]</VALUES>
		<LCS_MIN>[0.0716363862156868, 0.05765403434634209, 0.04161907732486725, 0.03747311607003212, 0.010209936648607254, 0.017598450183868408]</LCS_MIN>
		<LCS_MAX>[0.10285031795501709, 0.1036577895283699, 0.0868595540523529, 0.11826639622449875, 0.10384009778499603, 0.08482912182807922]</LCS_MAX>
		<WAVELENGTH>[0.485, 0.56, 0.66, 0.83, 1.65, 2.215]</WAVELENGTH>
		<MEAN_VALUE>[0.0808518081431902, 0.06976156146560285, 0.05763322475684593, 0.07937823931533322, 0.05995507810642068, 0.04343639463893597]</MEAN_VALUE>
		<CHECKBOX>2</CHECKBOX>
		<SD>[0.005011281670565269, 0.007351704423603518, 0.008521346011021306, 0.022137743883743476, 0.023892209685445982, 0.016420861553581145]</SD>
		<WAVELENGTH_UNIT>E-6m</WAVELENGTH_UNIT>
		<COLOR>#794bc2</COLOR>
		<COVARIANCE_MATRIX>[[2.5272899038952003e-05, 2.768641442267925e-05, 3.636087089160561e-05, 4.8419270092021805e-05, 5.866243484427029e-05, 4.377938311886208e-05], [2.768641442267925e-05, 5.439180989338212e-05, 4.995615697819966e-05, 3.4491255067828735e-05, 5.2573806757216966e-05, 3.885748684749725e-05], [3.636087089160561e-05, 4.995615697819966e-05, 7.307584317610642e-05, 0.00010938889693298572, 0.00013671442812507442, 9.528276862852984e-05], [4.8419270092021805e-05, 3.4491255067828735e-05, 0.00010938889693298572, 0.0004932012310409619, 0.0004434505013200034, 0.00027051817018102224], [5.866243484427029e-05, 5.2573806757216966e-05, 0.00013671442812507442, 0.0004434505013200034, 0.0005744735924663978, 0.0003634881227090138], [4.377938311886208e-05, 3.885748684749725e-05, 9.528276862852984e-05, 0.00027051817018102224, 0.0003634881227090138, 0.00027136217629029907]]</COVARIANCE_MATRIX>
		<ROI_SIZE>158</ROI_SIZE>
		<MAX_VALUE>[0.10285031795501709, 0.1036577895283699, 0.0868595540523529, 0.11826639622449875, 0.10384009778499603, 0.08482912182807922]</MAX_VALUE>
		<MIN_VALUE>[0.0716363862156868, 0.05765403434634209, 0.04161907732486725, 0.03747311607003212, 0.010209936648607254, 0.017598450183868408]</MIN_VALUE>
		<SIGNATURE_THRESHOLD_MD>0</SIGNATURE_THRESHOLD_MD>
		<SIGNATURE_THRESHOLD_ML>0</SIGNATURE_THRESHOLD_ML>
		<SIGNATURE_THRESHOLD_SAM>0</SIGNATURE_THRESHOLD_SAM>
	</signature>
	<signature ID="20210511_135224641002_958">
		<MACROCLASSID>1</MACROCLASSID>
		<MACROCLASSINFO>waterbody</MACROCLASSINFO>
		<CLASSID>10</CLASSID>
		<CLASSINFO>C 1</CLASSINFO>
		<VALUES>[0.07650778747417705, 0.002776337115063464, 0.06345953256266106, 0.003608839485931717, 0.04172730808587452, 0.005386745132718508, 0.03538080357442911, 0.012560911879542535, 0.016559590573554064, 0.011834099284523138, 0.011177249237199847, 0.008500467416936252]</VALUES>
		<LCS_MIN>[0.06980026513338089, 0.05382038652896881, 0.03515614941716194, 0.017274796962738037, 0.002407422987744212, 0.0]</LCS_MIN>
		<LCS_MAX>[0.0881613940000534, 0.08448955416679382, 0.06747078895568848, 0.07786975055932999, 0.05702501907944679, 0.04747874289751053]</LCS_MAX>
		<WAVELENGTH>[0.485, 0.56, 0.66, 0.83, 1.65, 2.215]</WAVELENGTH>
		<MEAN_VALUE>[0.07650778747417705, 0.06345953256266106, 0.04172730808587452, 0.03538080357442911, 0.016559590573554064, 0.011177249237199847]</MEAN_VALUE>
		<CHECKBOX>2</CHECKBOX>
		<SD>[0.002776337115063464, 0.003608839485931717, 0.005386745132718508, 0.012560911879542535, 0.011834099284523138, 0.008500467416936252]</SD>
		<WAVELENGTH_UNIT>E-6m</WAVELENGTH_UNIT>
		<COLOR>#bd4375</COLOR>
		<COVARIANCE_MATRIX>[[7.717278971420787e-06, 5.5735681495962424e-06, 9.597880719691837e-06, 1.3802340255529928e-05, 1.2982337838894918e-05, 9.88131561222648e-06], [5.5735681495962424e-06, 1.3039319707597437e-05, 1.4370378493626494e-05, 1.8634319060004093e-05, 1.8176543166326123e-05, 1.4377114477270406e-05], [9.597880719691837e-06, 1.4370378493626494e-05, 2.9051774050764542e-05, 4.496997504749658e-05, 4.2401421797180506e-05, 3.1192640225405245e-05], [1.3802340255529928e-05, 1.8634319060004093e-05, 4.496997504749658e-05, 0.00015796546114652598, 0.0001299551165837903, 8.27789684833854e-05], [1.2982337838894918e-05, 1.8176543166326123e-05, 4.2401421797180506e-05, 0.0001299551165837903, 0.00014021362552370673, 8.68790347321971e-05], [9.88131561222648e-06, 1.4377114477270406e-05, 3.1192640225405245e-05, 8.27789684833854e-05, 8.68790347321971e-05, 7.234448276903723e-05]]</COVARIANCE_MATRIX>
		<ROI_SIZE>836</ROI_SIZE>
		<MAX_VALUE>[0.0881613940000534, 0.08448955416679382, 0.06747078895568848, 0.07786975055932999, 0.05702501907944679, 0.04747874289751053]</MAX_VALUE>
		<MIN_VALUE>[0.06980026513338089, 0.05382038652896881, 0.03515614941716194, 0.017274796962738037, 0.002407422987744212, 0.0]</MIN_VALUE>
		<SIGNATURE_THRESHOLD_MD>0</SIGNATURE_THRESHOLD_MD>
		<SIGNATURE_THRESHOLD_ML>0</SIGNATURE_THRESHOLD_ML>
		<SIGNATURE_THRESHOLD_SAM>0</SIGNATURE_THRESHOLD_SAM>
	</signature>
	<signature ID="20210511_135234191878_922">
		<MACROCLASSID>1</MACROCLASSID>
		<MACROCLASSINFO>waterbody</MACROCLASSINFO>
		<CLASSID>11</CLASSID>
		<CLASSINFO>C 1</CLASSINFO>
		<VALUES>[0.08628258611573725, 0.003028411230329568, 0.09361304256112075, 0.0035782993141624322, 0.07543671301515531, 0.006958069406353807, 0.07260880148572516, 0.014755951207897005, 0.017205989594722904, 0.01304565030843835, 0.012321035984123858, 0.009775600664789103]</VALUES>
		<LCS_MIN>[0.07898083329200745, 0.08065591007471085, 0.05777639150619507, 0.04959210753440857, 0.005008261185139418, 0.0]</LCS_MIN>
		<LCS_MAX>[0.09550584852695465, 0.1036577895283699, 0.09978539496660233, 0.106147401034832, 0.05702501907944679, 0.04747874289751053]</LCS_MAX>
		<WAVELENGTH>[0.485, 0.56, 0.66, 0.83, 1.65, 2.215]</WAVELENGTH>
		<MEAN_VALUE>[0.08628258611573725, 0.09361304256112075, 0.07543671301515531, 0.07260880148572516, 0.017205989594722904, 0.012321035984123858]</MEAN_VALUE>
		<CHECKBOX>2</CHECKBOX>
		<SD>[0.003028411230329568, 0.0035782993141624322, 0.006958069406353807, 0.014755951207897005, 0.01304565030843835, 0.009775600664789103]</SD>
		<WAVELENGTH_UNIT>E-6m</WAVELENGTH_UNIT>
		<COLOR>#18d2e5</COLOR>
		<COVARIANCE_MATRIX>[[9.242925162642397e-06, 6.111815552236954e-06, 1.4758944587190543e-05, 2.6197653706239666e-05, 2.0596650894105938e-05, 1.5876137538231972e-05], [6.111815552236954e-06, 1.2904258997217655e-05, 1.8699482732210357e-05, 1.848887875615475e-05, 9.051042219525656e-06, 7.697598842609848e-06], [1.4758944587190543e-05, 1.8699482732210357e-05, 4.8792969940696516e-05, 5.916528797567452e-05, 3.497095451699186e-05, 2.9801362253495943e-05], [2.6197653706239666e-05, 1.848887875615475e-05, 5.916528797567452e-05, 0.00021943917492522641, 0.00015545589253716254, 0.00011125743606345016], [2.0596650894105938e-05, 9.051042219525656e-06, 3.497095451699186e-05, 0.00015545589253716254, 0.0001715185934698237, 0.00011606033692028389], [1.5876137538231972e-05, 7.697598842609848e-06, 2.9801362253495943e-05, 0.00011125743606345016, 0.00011606033692028389, 9.630894936021753e-05]]</COVARIANCE_MATRIX>
		<ROI_SIZE>129</ROI_SIZE>
		<MAX_VALUE>[0.09550584852695465, 0.1036577895283699, 0.09978539496660233, 0.106147401034832, 0.05702501907944679, 0.04747874289751053]</MAX_VALUE>
		<MIN_VALUE>[0.07898083329200745, 0.08065591007471085, 0.05777639150619507, 0.04959210753440857, 0.005008261185139418, 0.0]</MIN_VALUE>
		<SIGNATURE_THRESHOLD_MD>0</SIGNATURE_THRESHOLD_MD>
		<SIGNATURE_THRESHOLD_ML>0</SIGNATURE_THRESHOLD_ML>
		<SIGNATURE_THRESHOLD_SAM>0</SIGNATURE_THRESHOLD_SAM>
	</signature>
	<signature ID="20210511_135241057077_762">
		<MACROCLASSID>1</MACROCLASSID>
		<MACROCLASSINFO>waterbody</MACROCLASSINFO>
		<CLASSID>12</CLASSID>
		<CLASSINFO>C 1</CLASSINFO>
		<VALUES>[0.07907746869482495, 0.0037308858525177554, 0.06582575247279907, 0.006473196654924592, 0.05475752335041763, 0.00781648926559767, 0.08132473266634502, 0.01932587409370052, 0.05069403293983719, 0.017514849458567714, 0.03519243877503629, 0.013188878748222365]</VALUES>
		<LCS_MIN>[0.0716363862156868, 0.05382038652896881, 0.04485053941607475, 0.04555244743824005, 0.0206132885068655, 0.0063933380879461765]</LCS_MIN>
		<LCS_MAX>[0.09183362126350403, 0.08065591007471085, 0.07393369823694229, 0.11422673612833023, 0.08303340524435043, 0.06615393608808517]</LCS_MAX>
		<WAVELENGTH>[0.485, 0.56, 0.66, 0.83, 1.65, 2.215]</WAVELENGTH>
		<MEAN_VALUE>[0.07907746869482495, 0.06582575247279907, 0.05475752335041763, 0.08132473266634502, 0.05069403293983719, 0.03519243877503629]</MEAN_VALUE>
		<CHECKBOX>2</CHECKBOX>
		<SD>[0.0037308858525177554, 0.006473196654924592, 0.00781648926559767, 0.01932587409370052, 0.017514849458567714, 0.013188878748222365]</SD>
		<WAVELENGTH_UNIT>E-6m</WAVELENGTH_UNIT>
		<COLOR>#fdcb43</COLOR>
		<COVARIANCE_MATRIX>[[1.4105102701110704e-05, 1.937827156459207e-05, 2.402896104970224e-05, 5.4648464018035654e-05, 3.990587418088096e-05, 3.119526034487335e-05], [1.937827156459207e-05, 4.2460971932437944e-05, 4.267219336004025e-05, 7.628664297179941e-05, 6.066727933541306e-05, 4.8282014380590336e-05], [2.402896104970224e-05, 4.267219336004025e-05, 6.191213783172635e-05, 0.000110824059868568, 9.762354281007424e-05, 7.747856539470135e-05], [5.4648464018035654e-05, 7.628664297179941e-05, 0.000110824059868568, 0.0003784692682787057, 0.0002510669009010934, 0.00016995771136732034], [3.990587418088096e-05, 6.066727933541306e-05, 9.762354281007424e-05, 0.0002510669009010934, 0.00031086021757704025, 0.0002136413863052882], [3.119526034487335e-05, 4.8282014380590336e-05, 7.747856539470135e-05, 0.00016995771136732034, 0.0002136413863052882, 0.00017626580960378247]]</COVARIANCE_MATRIX>
		<ROI_SIZE>76</ROI_SIZE>
		<MAX_VALUE>[0.09183362126350403, 0.08065591007471085, 0.07393369823694229, 0.11422673612833023, 0.08303340524435043, 0.06615393608808517]</MAX_VALUE>
		<MIN_VALUE>[0.0716363862156868, 0.05382038652896881, 0.04485053941607475, 0.04555244743824005, 0.0206132885068655, 0.0063933380879461765]</MIN_VALUE>
		<SIGNATURE_THRESHOLD_MD>0</SIGNATURE_THRESHOLD_MD>
		<SIGNATURE_THRESHOLD_ML>0</SIGNATURE_THRESHOLD_ML>
		<SIGNATURE_THRESHOLD_SAM>0</SIGNATURE_THRESHOLD_SAM>
	</signature>
	<signature ID="20210511_135250772793_349">
		<MACROCLASSID>1</MACROCLASSID>
		<MACROCLASSINFO>waterbody</MACROCLASSINFO>
		<CLASSID>13</CLASSID>
		<CLASSINFO>C 1</CLASSINFO>
		<VALUES>[0.08278472534999123, 0.002924643716059044, 0.08406645997482187, 0.006192387052657614, 0.06016966546533487, 0.0071081917156560264, 0.0427190218277339, 0.011849262032256804, 0.011825759417353945, 0.009288607798493779, 0.008263673550378893, 0.0071103568685501415]</VALUES>
		<LCS_MIN>[0.07530859857797623, 0.0729886144399643, 0.04808200150728226, 0.02535412460565567, 0.0, 0.0]</LCS_MIN>
		<LCS_MAX>[0.09917808324098587, 0.11132507771253586, 0.10301687568426132, 0.08998874574899673, 0.05442418158054352, 0.04747874289751053]</LCS_MAX>
		<WAVELENGTH>[0.485, 0.56, 0.66, 0.83, 1.65, 2.215]</WAVELENGTH>
		<MEAN_VALUE>[0.08278472534999123, 0.08406645997482187, 0.06016966546533487, 0.0427190218277339, 0.011825759417353945, 0.008263673550378893]</MEAN_VALUE>
		<CHECKBOX>2</CHECKBOX>
		<SD>[0.002924643716059044, 0.006192387052657614, 0.0071081917156560264, 0.011849262032256804, 0.009288607798493779, 0.0071103568685501415]</SD>
		<WAVELENGTH_UNIT>E-6m</WAVELENGTH_UNIT>
		<COLOR>#7fc7b4</COLOR>
		<COVARIANCE_MATRIX>[[8.558335451570826e-06, 1.1821615110364063e-05, 1.3603429219047111e-05, 1.647176310972956e-05, 1.0137369877696757e-05, 6.98429760919781e-06], [1.1821615110364063e-05, 3.836715161250581e-05, 3.53725958104682e-05, 2.7829294986340443e-05, 1.4677526721326926e-05, 9.788759531130422e-06], [1.3603429219047111e-05, 3.53725958104682e-05, 5.0554711433710714e-05, 5.4786301808261915e-05, 3.0569194603159384e-05, 2.0853145750428228e-05], [1.647176310972956e-05, 2.7829294986340443e-05, 5.4786301808261915e-05, 0.00014048371306934508, 8.819166280542529e-05, 6.062998960923129e-05], [1.0137369877696757e-05, 1.4677526721326926e-05, 3.0569194603159384e-05, 8.819166280542529e-05, 8.632659707349609e-05, 5.774340648765522e-05], [6.98429760919781e-06, 9.788759531130422e-06, 2.0853145750428228e-05, 6.062998960923129e-05, 5.774340648765522e-05, 5.058551402167969e-05]]</COVARIANCE_MATRIX>
		<ROI_SIZE>1785</ROI_SIZE>
		<MAX_VALUE>[0.09917808324098587, 0.11132507771253586, 0.10301687568426132, 0.08998874574899673, 0.05442418158054352, 0.04747874289751053]</MAX_VALUE>
		<MIN_VALUE>[0.07530859857797623, 0.0729886144399643, 0.04808200150728226, 0.02535412460565567, 0.0, 0.0]</MIN_VALUE>
		<SIGNATURE_THRESHOLD_MD>0</SIGNATURE_THRESHOLD_MD>
		<SIGNATURE_THRESHOLD_ML>0</SIGNATURE_THRESHOLD_ML>
		<SIGNATURE_THRESHOLD_SAM>0</SIGNATURE_THRESHOLD_SAM>
	</signature>
	<signature ID="20210511_135300511199_738">
		<MACROCLASSID>1</MACROCLASSID>
		<MACROCLASSINFO>waterbody</MACROCLASSINFO>
		<CLASSID>14</CLASSID>
		<CLASSINFO>C 1</CLASSINFO>
		<VALUES>[0.08217443234465092, 0.0029410839672333873, 0.07252341384968058, 0.005221278406830636, 0.04328200959422608, 0.004990091835948919, 0.034704359218980456, 0.011251173648377608, 0.017773257835318197, 0.013172130967784138, 0.012390040126995417, 0.01031363363074436]</VALUES>
		<LCS_MIN>[0.07347249984741211, 0.05765403434634209, 0.03515614941716194, 0.021314460784196854, 0.0, 0.0]</LCS_MIN>
		<LCS_MAX>[0.09183362126350403, 0.08448955416679382, 0.07070223242044449, 0.07786975055932999, 0.05702501907944679, 0.05494881793856621]</LCS_MAX>
		<WAVELENGTH>[0.485, 0.56, 0.66, 0.83, 1.65, 2.215]</WAVELENGTH>
		<MEAN_VALUE>[0.08217443234465092, 0.07252341384968058, 0.04328200959422608, 0.034704359218980456, 0.017773257835318197, 0.012390040126995417]</MEAN_VALUE>
		<CHECKBOX>2</CHECKBOX>
		<SD>[0.0029410839672333873, 0.005221278406830636, 0.004990091835948919, 0.011251173648377608, 0.013172130967784138, 0.01031363363074436]</SD>
		<WAVELENGTH_UNIT>E-6m</WAVELENGTH_UNIT>
		<COLOR>#c55377</COLOR>
		<COVARIANCE_MATRIX>[[8.669456827772997e-06, 1.0224381916317337e-05, 3.898017351161904e-06, -3.5166256910331847e-06, -2.7191741032006137e-06, -6.141127247620247e-07], [1.0224381916317337e-05, 2.7323148535423133e-05, 5.741823989868387e-06, -1.471968798440699e-05, -1.6796729136525513e-05, -1.0158475658133081e-05], [3.898017351161904e-06, 5.741823989868387e-06, 2.4957099901769876e-05, 3.436839314090059e-05, 4.26104997905022e-05, 3.3114862611735136e-05], [-3.5166256910331847e-06, -1.471968798440699e-05, 3.436839314090059e-05, 0.00012687401862014963, 0.00012732759198105892, 8.810387291387562e-05], [-2.7191741032006137e-06, -1.6796729136525513e-05, 4.26104997905022e-05, 0.00012732759198105892, 0.00017389581133658505, 0.0001220752015499019], [-6.141127247620247e-07, -1.0158475658133081e-05, 3.3114862611735136e-05, 8.810387291387562e-05, 0.0001220752015499019, 0.00010661061308063819]]</COVARIANCE_MATRIX>
		<ROI_SIZE>445</ROI_SIZE>
		<MAX_VALUE>[0.09183362126350403, 0.08448955416679382, 0.07070223242044449, 0.07786975055932999, 0.05702501907944679, 0.05494881793856621]</MAX_VALUE>
		<MIN_VALUE>[0.07347249984741211, 0.05765403434634209, 0.03515614941716194, 0.021314460784196854, 0.0, 0.0]</MIN_VALUE>
		<SIGNATURE_THRESHOLD_MD>0</SIGNATURE_THRESHOLD_MD>
		<SIGNATURE_THRESHOLD_ML>0</SIGNATURE_THRESHOLD_ML>
		<SIGNATURE_THRESHOLD_SAM>0</SIGNATURE_THRESHOLD_SAM>
	</signature>
	<signature ID="20210511_135311789962_445">
		<MACROCLASSID>1</MACROCLASSID>
		<MACROCLASSINFO>waterbody</MACROCLASSINFO>
		<CLASSID>15</CLASSID>
		<CLASSINFO>C 1</CLASSINFO>
		<VALUES>[0.08134871713124986, 0.002170187600623511, 0.06622213132353749, 0.002352248478839001, 0.045759940224755616, 0.0040679698794930524, 0.03726340744318692, 0.009781849369123921, 0.013389012672622878, 0.008189913183460098, 0.009332750921387, 0.007050985502206527]</VALUES>
		<LCS_MIN>[0.07714471220970154, 0.05765403434634209, 0.03515614941716194, 0.021314460784196854, 0.0, 0.0]</LCS_MIN>
		<LCS_MAX>[0.08999751508235931, 0.08065591007471085, 0.06747078895568848, 0.07786975055932999, 0.04922250658273697, 0.04747874289751053]</LCS_MAX>
		<WAVELENGTH>[0.485, 0.56, 0.66, 0.83, 1.65, 2.215]</WAVELENGTH>
		<MEAN_VALUE>[0.08134871713124986, 0.06622213132353749, 0.045759940224755616, 0.03726340744318692, 0.013389012672622878, 0.009332750921387]</MEAN_VALUE>
		<CHECKBOX>2</CHECKBOX>
		<SD>[0.002170187600623511, 0.002352248478839001, 0.0040679698794930524, 0.009781849369123921, 0.008189913183460098, 0.007050985502206527]</SD>
		<WAVELENGTH_UNIT>E-6m</WAVELENGTH_UNIT>
		<COLOR>#b83eab</COLOR>
		<COVARIANCE_MATRIX>[[4.722617548535358e-06, 1.583155393578202e-06, 3.839100776984072e-06, 8.728064301724197e-06, 6.95489054381046e-06, 5.870494453395955e-06], [1.583155393578202e-06, 5.548232010053019e-06, 3.692646987901389e-06, 9.566254228599059e-06, 8.540824021892063e-06, 6.093114816584683e-06], [3.839100776984072e-06, 3.692646987901389e-06, 1.6593716964957075e-05, 2.6442341593445145e-05, 2.3354157806244516e-05, 1.9341926321647917e-05], [8.728064301724197e-06, 9.566254228599059e-06, 2.6442341593445145e-05, 9.594672660647722e-05, 6.394524226208924e-05, 4.611688029847332e-05], [6.95489054381046e-06, 8.540824021892063e-06, 2.3354157806244516e-05, 6.394524226208924e-05, 6.72584441935795e-05, 4.5306873940013676e-05], [5.870494453395955e-06, 6.093114816584683e-06, 1.9341926321647917e-05, 4.611688029847332e-05, 4.5306873940013676e-05, 4.985260585794939e-05]]</COVARIANCE_MATRIX>
		<ROI_SIZE>366</ROI_SIZE>
		<MAX_VALUE>[0.08999751508235931, 0.08065591007471085, 0.06747078895568848, 0.07786975055932999, 0.04922250658273697, 0.04747874289751053]</MAX_VALUE>
		<MIN_VALUE>[0.07714471220970154, 0.05765403434634209, 0.03515614941716194, 0.021314460784196854, 0.0, 0.0]</MIN_VALUE>
		<SIGNATURE_THRESHOLD_MD>0</SIGNATURE_THRESHOLD_MD>
		<SIGNATURE_THRESHOLD_ML>0</SIGNATURE_THRESHOLD_ML>
		<SIGNATURE_THRESHOLD_SAM>0</SIGNATURE_THRESHOLD_SAM>
	</signature>
	<signature ID="20210511_135316625804_290">
		<MACROCLASSID>1</MACROCLASSID>
		<MACROCLASSINFO>waterbody</MACROCLASSINFO>
		<CLASSID>16</CLASSID>
		<CLASSINFO>C 1</CLASSINFO>
		<VALUES>[0.07873601550857227, 0.002348186491981476, 0.06670144110918041, 0.002553713750063365, 0.04689713247120379, 0.004228431006642962, 0.0428054730469982, 0.015174804475977542, 0.019990377441669496, 0.01260304198800111, 0.012672013680761053, 0.008489004524889694]</VALUES>
		<LCS_MIN>[0.07347249984741211, 0.061487678438425064, 0.038387615233659744, 0.021314460784196854, 0.0, 0.0]</LCS_MIN>
		<LCS_MAX>[0.08448917418718338, 0.07682227343320847, 0.06747078895568848, 0.0819094181060791, 0.06222670152783394, 0.04000867158174515]</LCS_MAX>
		<WAVELENGTH>[0.485, 0.56, 0.66, 0.83, 1.65, 2.215]</WAVELENGTH>
		<MEAN_VALUE>[0.07873601550857227, 0.06670144110918041, 0.04689713247120379, 0.0428054730469982, 0.019990377441669496, 0.012672013680761053]</MEAN_VALUE>
		<CHECKBOX>2</CHECKBOX>
		<SD>[0.002348186491981476, 0.002553713750063365, 0.004228431006642962, 0.015174804475977542, 0.01260304198800111, 0.008489004524889694]</SD>
		<WAVELENGTH_UNIT>E-6m</WAVELENGTH_UNIT>
		<COLOR>#259dbb</COLOR>
