<?xml version="1.0" ?>
<signaturelist MCID_LIST="[['1', 'waterbody', '#000000'], ['2', 'vegetation', '#000000'], ['3', 'bareland', '#000000'], ['4', 'built-up', '#000000']]">
	<signature ID="20211221_125531249852_871">
		<MACROCLASSID>1</MACROCLASSID>
		<MACROCLASSINFO>waterbody</MACROCLASSINFO>
		<CLASSID>1</CLASSID>
		<CLASSINFO>C 1</CLASSINFO>
		<VALUES>[0.08512980633729039, 0.002981483176472181, 0.07488671387906266, 0.005803871769905172, 0.04454745194545032, 0.0055906829604590565, 0.015491592146861998, 0.004649055872872565, 0.0073194263462679375, 0.0053812948533013385, 0.0051788703596405425, 0.0038701404000013742]</VALUES>
		<LCS_MIN>[0.08038182556629181, 0.06648183614015579, 0.03663284704089165, 0.003931866958737373, 0.0033780832309275866, 0.002935052150860429]</LCS_MIN>
		<LCS_MAX>[0.08974078297615051, 0.086916483938694, 0.06601111590862274, 0.05141888186335564, 0.04521650820970535, 0.03715893626213074]</LCS_MAX>
		<WAVELENGTH>[1.0, 2.0, 3.0, 4.0, 5.0, 6.0]</WAVELENGTH>
		<MEAN_VALUE>[0.08512980633729039, 0.07488671387906266, 0.04454745194545032, 0.015491592146861998, 0.0073194263462679375, 0.0051788703596405425]</MEAN_VALUE>
		<CHECKBOX>2</CHECKBOX>
		<SD>[0.002981483176472181, 0.005803871769905172, 0.0055906829604590565, 0.004649055872872565, 0.0053812948533013385, 0.0038701404000013742]</SD>
		<WAVELENGTH_UNIT>band number</WAVELENGTH_UNIT>
		<COLOR>#5d04cd</COLOR>
		<COVARIANCE_MATRIX>[[7.558398849595381e-06, 1.4172317361078156e-05, 1.2747951809391074e-05, 1.9825799146230673e-06, -1.695856080058527e-07, -3.3630846185825523e-07], [1.4172317361078156e-05, 2.7582214629803182e-05, 2.5047316431013488e-05, 3.9955377819170934e-06, 3.893268156775167e-07, 5.38587129475266e-08], [1.2747951809391074e-05, 2.5047316431013488e-05, 2.6456454672241865e-05, 1.0815507919474978e-05, 8.211996615045859e-06, 5.510926717262784e-06], [1.9825799146230673e-06, 3.9955377819170934e-06, 1.0815507919474978e-05, 2.5758109113206724e-05, 2.5996774803431063e-05, 1.900822245296128e-05], [-1.695856080058527e-07, 3.893268156775167e-07, 8.211996615045859e-06, 2.5996774803431063e-05, 3.270153938068641e-05, 2.2972614486203094e-05], [-3.3630846185825523e-07, 5.38587129475266e-08, 5.510926717262784e-06, 1.900822245296128e-05, 2.2972614486203094e-05, 1.741411140700491e-05]]</COVARIANCE_MATRIX>
		<ROI_SIZE>2843</ROI_SIZE>
		<MAX_VALUE>[0.08974078297615051, 0.086916483938694, 0.06601111590862274, 0.05141888186335564, 0.04521650820970535, 0.03715893626213074]</MAX_VALUE>
		<MIN_VALUE>[0.08038182556629181, 0.06648183614015579, 0.03663284704089165, 0.003931866958737373, 0.0033780832309275866, 0.002935052150860429]</MIN_VALUE>
		<SIGNATURE_THRESHOLD_MD>0</SIGNATURE_THRESHOLD_MD>
		<SIGNATURE_THRESHOLD_ML>0</SIGNATURE_THRESHOLD_ML>
		<SIGNATURE_THRESHOLD_SAM>0</SIGNATURE_THRESHOLD_SAM>
	</signature>
	<signature ID="20211221_125617331696_906">
		<MACROCLASSID>1</MACROCLASSID>
		<MACROCLASSINFO>waterbody</MACROCLASSINFO>
		<CLASSID>2</CLASSID>
		<CLASSINFO>C 1</CLASSINFO>
		<VALUES>[0.08778276410885148, 0.0011802161840410747, 0.08035226903413815, 0.0029579491577091236, 0.05181981114299682, 0.006837189438927274, 0.017613862666313294, 0.007119035548272187, 0.00799363069036499, 0.005965380567386608, 0.0055535323588597795, 0.00395481395443247]</VALUES>
		<LCS_MIN>[0.0835660770535469, 0.06977684795856476, 0.04048163816332817, 0.003931866958737373, 0.0, 0.0]</LCS_MIN>
		<LCS_MAX>[0.09403260797262192, 0.08899316936731339, 0.07860969752073288, 0.056735213845968246, 0.04399817809462547, 0.03355933725833893]</LCS_MAX>
		<WAVELENGTH>[1.0, 2.0, 3.0, 4.0, 5.0, 6.0]</WAVELENGTH>
		<MEAN_VALUE>[0.08778276410885148, 0.08035226903413815, 0.05181981114299682, 0.017613862666313294, 0.00799363069036499, 0.0055535323588597795]</MEAN_VALUE>
		<CHECKBOX>2</CHECKBOX>
		<SD>[0.0011802161840410747, 0.0029579491577091236, 0.006837189438927274, 0.007119035548272187, 0.005965380567386608, 0.00395481395443247]</SD>
		<WAVELENGTH_UNIT>band number</WAVELENGTH_UNIT>
		<COLOR>#438d3d</COLOR>
		<COVARIANCE_MATRIX>[[1.3936484023025597e-06, 3.13213142743376e-06, 5.922163884433437e-06, 8.485771367180206e-07, 4.207573545915026e-08, 3.0789515495341057e-08], [3.13213142743376e-06, 8.754099925061037e-06, 1.5832417068120142e-05, 2.129441020263792e-06, -1.553822248425749e-08, 1.4781392855985027e-07], [5.922163884433437e-06, 1.5832417068120142e-05, 4.677193269321345e-05, 2.4195908465488794e-05, 1.3462277829784221e-05, 8.562244225376309e-06], [8.485771367180206e-07, 2.129441020263792e-06, 2.4195908465488794e-05, 5.070752493678814e-05, 3.7385468342850554e-05, 2.393034721763127e-05], [4.207573545915026e-08, -1.553822248425749e-08, 1.3462277829784221e-05, 3.7385468342850554e-05, 3.560462369494809e-05, 2.264219394873609e-05], [3.0789515495341057e-08, 1.4781392855985027e-07, 8.562244225376309e-06, 2.393034721763127e-05, 2.264219394873609e-05, 1.5648841995739333e-05]]</COVARIANCE_MATRIX>
		<ROI_SIZE>1888</ROI_SIZE>
		<MAX_VALUE>[0.09403260797262192, 0.08899316936731339, 0.07860969752073288, 0.056735213845968246, 0.04399817809462547, 0.03355933725833893]</MAX_VALUE>
		<MIN_VALUE>[0.0835660770535469, 0.06977684795856476, 0.04048163816332817, 0.003931866958737373, 0.0, 0.0]</MIN_VALUE>
		<SIGNATURE_THRESHOLD_MD>0</SIGNATURE_THRESHOLD_MD>
		<SIGNATURE_THRESHOLD_ML>0</SIGNATURE_THRESHOLD_ML>
		<SIGNATURE_THRESHOLD_SAM>0</SIGNATURE_THRESHOLD_SAM>
	</signature>
	<signature ID="20211221_125621249511_365">
		<MACROCLASSID>1</MACROCLASSID>
		<MACROCLASSINFO>waterbody</MACROCLASSINFO>
		<CLASSID>3</CLASSID>
		<CLASSINFO>C 1</CLASSINFO>
		<VALUES>[0.10733904594724827, 0.004736701591134604, 0.11219221326437863, 0.00867646963371947, 0.10687739144672047, 0.012127384031246607, 0.050628487223928625, 0.012328367402314943, 0.013822456330738288, 0.007838221032814115, 0.010768586168573659, 0.006170708257335512]</VALUES>
		<LCS_MIN>[0.09458640217781067, 0.09145751595497131, 0.08096328377723694, 0.03455615043640137, 0.008389831520617008, 0.006506965029984713]</LCS_MIN>
		<LCS_MAX>[0.11347045749425888, 0.12482302635908127, 0.1255706399679184, 0.07880353927612305, 0.043222878128290176, 0.030042804777622223]</LCS_MAX>
		<WAVELENGTH>[1.0, 2.0, 3.0, 4.0, 5.0, 6.0]</WAVELENGTH>
		<MEAN_VALUE>[0.10733904594724827, 0.11219221326437863, 0.10687739144672047, 0.050628487223928625, 0.013822456330738288, 0.010768586168573659]</MEAN_VALUE>
		<CHECKBOX>2</CHECKBOX>
		<SD>[0.004736701591134604, 0.00867646963371947, 0.012127384031246607, 0.012328367402314943, 0.007838221032814115, 0.006170708257335512]</SD>
		<WAVELENGTH_UNIT>band number</WAVELENGTH_UNIT>
		<COLOR>#cebfab</COLOR>
		<COVARIANCE_MATRIX>[[2.2851829777595165e-05, 4.131831093098036e-05, 5.567672843219929e-05, -4.746097919542948e-05, -2.5593136541109757e-06, -1.0367983997729699e-06], [4.131831093098036e-05, 7.667522021790902e-05, 0.00010194361374676814, -8.984063321263599e-05, -9.558882225476879e-06, -5.292095976583045e-06], [5.567672843219929e-05, 0.00010194361374676814, 0.0001497970257272858, -9.657296245290958e-05, 6.311132476123145e-06, 7.846627909130789e-06], [-4.746097919542948e-05, -8.984063321263599e-05, -9.657296245290958e-05, 0.00015480324730287765, 5.428410750043714e-05, 4.0684639461629216e-05], [-2.5593136541109757e-06, -9.558882225476879e-06, 6.311132476123145e-06, 5.428410750043714e-05, 6.25754443103468e-05, 4.701012087406943e-05], [-1.0367983997729699e-06, -5.292095976583045e-06, 7.846627909130789e-06, 4.0684639461629216e-05, 4.701012087406943e-05, 3.878278188598476e-05]]</COVARIANCE_MATRIX>
		<ROI_SIZE>55</ROI_SIZE>
		<MAX_VALUE>[0.11347045749425888, 0.12482302635908127, 0.1255706399679184, 0.07880353927612305, 0.043222878128290176, 0.030042804777622223]</MAX_VALUE>
		<MIN_VALUE>[0.09458640217781067, 0.09145751595497131, 0.08096328377723694, 0.03455615043640137, 0.008389831520617008, 0.006506965029984713]</MIN_VALUE>
		<SIGNATURE_THRESHOLD_MD>0</SIGNATURE_THRESHOLD_MD>
		<SIGNATURE_THRESHOLD_ML>0</SIGNATURE_THRESHOLD_ML>
		<SIGNATURE_THRESHOLD_SAM>0</SIGNATURE_THRESHOLD_SAM>
	</signature>
	<signature ID="20211221_125626788541_416">
		<MACROCLASSID>1</MACROCLASSID>
		<MACROCLASSINFO>waterbody</MACROCLASSINFO>
		<CLASSID>4</CLASSID>
		<CLASSINFO>C 1</CLASSINFO>
		<VALUES>[0.07418369932410339, 0.001995166434977898, 0.05442389765238504, 0.00412648927893963, 0.03467203534555722, 0.005498205616874446, 0.01639132641375279, 0.006888905099666038, 0.010019919586650715, 0.007754660688867418, 0.007314314827675842, 0.005464646052095733]</VALUES>
		<LCS_MIN>[0.06963840126991272, 0.04599180817604065, 0.02550177276134491, 0.0040980009362101555, 0.0, 0.0009137372835539281]</LCS_MIN>
		<LCS_MAX>[0.0858919769525528, 0.08284617215394974, 0.06698023527860641, 0.05283103138208389, 0.044468894600868225, 0.040841612964868546]</LCS_MAX>
		<WAVELENGTH>[1.0, 2.0, 3.0, 4.0, 5.0, 6.0]</WAVELENGTH>
		<MEAN_VALUE>[0.07418369932410339, 0.05442389765238504, 0.03467203534555722, 0.01639132641375279, 0.010019919586650715, 0.007314314827675842]</MEAN_VALUE>
		<CHECKBOX>2</CHECKBOX>
		<SD>[0.001995166434977898, 0.00412648927893963, 0.005498205616874446, 0.006888905099666038, 0.007754660688867418, 0.005464646052095733]</SD>
		<WAVELENGTH_UNIT>band number</WAVELENGTH_UNIT>
		<COLOR>#c23c63</COLOR>
		<COVARIANCE_MATRIX>[[3.984236954513102e-06, 7.5685304794789655e-06, 9.40299064638564e-06, 7.228271066789009e-06, 6.799630219864444e-06, 5.407711831890673e-06], [7.5685304794789655e-06, 1.7043090162937364e-05, 1.9638962142945604e-05, 1.1385534032199686e-05, 1.0834788832218951e-05, 8.355076256657173e-06], [9.40299064638564e-06, 1.9638962142945604e-05, 3.025720820062169e-05, 2.5697756492284733e-05, 2.5231326608914437e-05, 1.773020363675884e-05], [7.228271066789009e-06, 1.1385534032199686e-05, 2.5697756492284733e-05, 4.74993102756559e-05, 5.020057768208449e-05, 3.387641072191967e-05], [6.799630219864444e-06, 1.0834788832218951e-05, 2.5231326608914437e-05, 5.020057768208449e-05, 6.018835844438505e-05, 4.06523511885345e-05], [5.407711831890673e-06, 8.355076256657173e-06, 1.773020363675884e-05, 3.387641072191967e-05, 4.06523511885345e-05, 2.9888971765661154e-05]]</COVARIANCE_MATRIX>
		<ROI_SIZE>1123</ROI_SIZE>
		<MAX_VALUE>[0.0858919769525528, 0.08284617215394974, 0.06698023527860641, 0.05283103138208389, 0.044468894600868225, 0.040841612964868546]</MAX_VALUE>
		<MIN_VALUE>[0.06963840126991272, 0.04599180817604065, 0.02550177276134491, 0.0040980009362101555, 0.0, 0.0009137372835539281]</MIN_VALUE>
		<SIGNATURE_THRESHOLD_MD>0</SIGNATURE_THRESHOLD_MD>
		<SIGNATURE_THRESHOLD_ML>0</SIGNATURE_THRESHOLD_ML>
		<SIGNATURE_THRESHOLD_SAM>0</SIGNATURE_THRESHOLD_SAM>
	</signature>
	<signature ID="20211221_125631639444_305">
		<MACROCLASSID>1</MACROCLASSID>
		<MACROCLASSINFO>waterbody</MACROCLASSINFO>
		<CLASSID>5</CLASSID>
		<CLASSINFO>C 1</CLASSINFO>
		<VALUES>[0.11316477311284921, 0.0007377261154346243, 0.14397850965982995, 0.0017896197313752508, 0.17915075213501322, 0.004443033083450847, 0.07146479581531721, 0.00798163220853258, 0.015000997552354086, 0.009666746872709676, 0.012458690108216715, 0.007182092319212903]</VALUES>
		<LCS_MIN>[0.11014773696660995, 0.13581566512584686, 0.1560564786195755, 0.0649312362074852, 0.0, 0.0038487997371703386]</LCS_MIN>
		<LCS_MAX>[0.1163778081536293, 0.14630986750125885, 0.18385644257068634, 0.1055513322353363, 0.04867766052484512, 0.041450776159763336]</LCS_MAX>
		<WAVELENGTH>[1.0, 2.0, 3.0, 4.0, 5.0, 6.0]</WAVELENGTH>
		<MEAN_VALUE>[0.11316477311284921, 0.14397850965982995, 0.17915075213501322, 0.07146479581531721, 0.015000997552354086, 0.012458690108216715]</MEAN_VALUE>
		<CHECKBOX>2</CHECKBOX>
		<SD>[0.0007377261154346243, 0.0017896197313752508, 0.004443033083450847, 0.00798163220853258, 0.009666746872709676, 0.007182092319212903]</SD>
		<WAVELENGTH_UNIT>band number</WAVELENGTH_UNIT>
		<COLOR>#16cfc9</COLOR>
		<COVARIANCE_MATRIX>[[5.514963523461828e-07, 1.0938920565827957e-06, 2.53830850797067e-06, -3.4431445104062256e-06, -2.4838048381277442e-06, -1.4774350494067762e-06], [1.0938920565827957e-06, 3.2454419666999883e-06, 7.213332986780128e-06, -1.173158732590858e-05, -1.2108083420531903e-05, -8.103172104968406e-06], [2.53830850797067e-06, 7.213332986780128e-06, 2.000375022038058e-05, -2.5881745823882737e-05, -2.4310644376099794e-05, -1.7693741152190125e-05], [-3.4431445104062256e-06, -1.173158732590858e-05, -2.5881745823882737e-05, 6.455587208178181e-05, 6.857817357623751e-05, 5.08831259317268e-05], [-2.4838048381277442e-06, -1.2108083420531903e-05, -2.4310644376099794e-05, 6.857817357623751e-05, 9.469194170238956e-05, 6.58637410658051e-05], [-1.4774350494067762e-06, -8.103172104968406e-06, -1.7693741152190125e-05, 5.08831259317268e-05, 6.58637410658051e-05, 5.227021608278627e-05]]</COVARIANCE_MATRIX>
		<ROI_SIZE>76</ROI_SIZE>
		<MAX_VALUE>[0.1163778081536293, 0.14630986750125885, 0.18385644257068634, 0.1055513322353363, 0.04867766052484512, 0.041450776159763336]</MAX_VALUE>
		<MIN_VALUE>[0.11014773696660995, 0.13581566512584686, 0.1560564786195755, 0.0649312362074852, 0.0, 0.0038487997371703386]</MIN_VALUE>
		<SIGNATURE_THRESHOLD_MD>0</SIGNATURE_THRESHOLD_MD>
		<SIGNATURE_THRESHOLD_ML>0</SIGNATURE_THRESHOLD_ML>
		<SIGNATURE_THRESHOLD_SAM>0</SIGNATURE_THRESHOLD_SAM>
	</signature>
	<signature ID="20211221_125636560171_326">
		<MACROCLASSID>1</MACROCLASSID>
		<MACROCLASSINFO>waterbody</MACROCLASSINFO>
		<CLASSID>6</CLASSID>
		<CLASSINFO>C 1</CLASSINFO>
		<VALUES>[0.07619726245663797, 0.002135665060993423, 0.06403606201561975, 0.004316245684500177, 0.04300366177701523, 0.006357306456170499, 0.01757296456158016, 0.0068809143954251676, 0.011702158626002773, 0.00767338583019097, 0.008955219025011294, 0.005621935244278534]</VALUES>
		<LCS_MIN>[0.07213043421506882, 0.05584917217493057, 0.03256252035498619, 0.000719917647074908, 0.0, 0.0]</LCS_MIN>
		<LCS_MAX>[0.084867462515831, 0.08016029745340347, 0.07559157907962799, 0.05380016937851906, 0.04668403044342995, 0.03749120235443115]</LCS_MAX>
		<WAVELENGTH>[1.0, 2.0, 3.0, 4.0, 5.0, 6.0]</WAVELENGTH>
		<MEAN_VALUE>[0.07619726245663797, 0.06403606201561975, 0.04300366177701523, 0.01757296456158016, 0.011702158626002773, 0.008955219025011294]</MEAN_VALUE>
		<CHECKBOX>2</CHECKBOX>
		<SD>[0.002135665060993423, 0.004316245684500177, 0.006357306456170499, 0.0068809143954251676, 0.00767338583019097, 0.005621935244278534]</SD>
		<WAVELENGTH_UNIT>band number</WAVELENGTH_UNIT>
		<COLOR>#768223</COLOR>
		<COVARIANCE_MATRIX>[[4.567382517641143e-06, 8.431085608704719e-06, 1.2271573511916441e-05, 9.402170571025499e-06, 1.0423718617814667e-05, 8.549566252913676e-06], [8.431085608704719e-06, 1.8655780100945806e-05, 2.575019341522332e-05, 1.4866400720480854e-05, 1.7518718544170044e-05, 1.381892458532336e-05], [1.2271573511916441e-05, 2.575019341522332e-05, 4.047132231032314e-05, 2.978486943416129e-05, 3.3991599920739415e-05, 2.5302802083412718e-05], [9.402170571025499e-06, 1.4866400720480854e-05, 2.978486943416129e-05, 4.741256045583565e-05, 4.911074820969627e-05, 3.376324616263789e-05], [1.0423718617814667e-05, 1.7518718544170044e-05, 3.3991599920739415e-05, 4.911074820969627e-05, 5.8962402522935416e-05, 4.038457225951917e-05], [8.549566252913676e-06, 1.381892458532336e-05, 2.5302802083412718e-05, 3.376324616263789e-05, 4.038457225951917e-05, 3.164993173004516e-05]]</COVARIANCE_MATRIX>
		<ROI_SIZE>723</ROI_SIZE>
		<MAX_VALUE>[0.084867462515831, 0.08016029745340347, 0.07559157907962799, 0.05380016937851906, 0.04668403044342995, 0.03749120235443115]</MAX_VALUE>
		<MIN_VALUE>[0.07213043421506882, 0.05584917217493057, 0.03256252035498619, 0.000719917647074908, 0.0, 0.0]</MIN_VALUE>
		<SIGNATURE_THRESHOLD_MD>0</SIGNATURE_THRESHOLD_MD>
		<SIGNATURE_THRESHOLD_ML>0</SIGNATURE_THRESHOLD_ML>
		<SIGNATURE_THRESHOLD_SAM>0</SIGNATURE_THRESHOLD_SAM>
	</signature>
	<signature ID="20211221_125645399591_728">
		<MACROCLASSID>1</MACROCLASSID>
		<MACROCLASSINFO>waterbody</MACROCLASSINFO>
		<CLASSID>7</CLASSID>
		<CLASSINFO>C 1</CLASSINFO>
		<VALUES>[0.07984420110207752, 0.0020625275244913126, 0.06130098208052915, 0.004095611079295065, 0.03460460629400325, 0.004801554948256756, 0.018172390042330473, 0.006505023747432455, 0.010223241246337717, 0.007204629653282004, 0.00778256795208261, 0.005796405159438022]</VALUES>
		<LCS_MIN>[0.07733599841594696, 0.05504618585109711, 0.02957208827137947, 0.010245012119412422, 0.0038764853961765766, 0.003710351185873151]</LCS_MIN>
		<LCS_MAX>[0.09273122251033783, 0.08320612460374832, 0.06124855950474739, 0.05463084205985069, 0.044967297464609146, 0.040813904255628586]</LCS_MAX>
		<WAVELENGTH>[1.0, 2.0, 3.0, 4.0, 5.0, 6.0]</WAVELENGTH>
		<MEAN_VALUE>[0.07984420110207752, 0.06130098208052915, 0.03460460629400325, 0.018172390042330473, 0.010223241246337717, 0.00778256795208261]</MEAN_VALUE>
		<CHECKBOX>2</CHECKBOX>
		<SD>[0.0020625275244913126, 0.004095611079295065, 0.004801554948256756, 0.006505023747432455, 0.007204629653282004, 0.005796405159438022]</SD>
		<WAVELENGTH_UNIT>band number</WAVELENGTH_UNIT>
		<COLOR>#d023d4</COLOR>
		<COVARIANCE_MATRIX>[[4.2570957255020855e-06, 7.597023056758992e-06, 8.888352353900425e-06, 1.0918594253850336e-05, 1.1529147263767596e-05, 9.760872435796956e-06], [7.597023056758992e-06, 1.678615884033025e-05, 1.7914565479238726e-05, 1.909246310460224e-05, 2.160465037472642e-05, 1.7868763499305556e-05], [8.888352353900425e-06, 1.7914565479238726e-05, 2.3071600152452965e-05, 2.8414129603176924e-05, 3.108036446362719e-05, 2.4521529819605554e-05], [1.0918594253850336e-05, 1.909246310460224e-05, 2.8414129603176924e-05, 4.2345930725415577e-05, 4.4629098494987295e-05, 3.5007931822751134e-05], [1.1529147263767596e-05, 2.160465037472642e-05, 3.108036446362719e-05, 4.4629098494987295e-05, 5.194422039210073e-05, 4.0202323598253126e-05], [9.760872435796956e-06, 1.7868763499305556e-05, 2.4521529819605554e-05, 3.5007931822751134e-05, 4.0202323598253126e-05, 3.3622606563229085e-05]]</COVARIANCE_MATRIX>
		<ROI_SIZE>1384</ROI_SIZE>
		<MAX_VALUE>[0.09273122251033783, 0.08320612460374832, 0.06124855950474739, 0.05463084205985069, 0.044967297464609146, 0.040813904255628586]</MAX_VALUE>
		<MIN_VALUE>[0.07733599841594696, 0.05504618585109711, 0.02957208827137947, 0.010245012119412422, 0.0038764853961765766, 0.003710351185873151]</MIN_VALUE>
		<SIGNATURE_THRESHOLD_MD>0</SIGNATURE_THRESHOLD_MD>
		<SIGNATURE_THRESHOLD_ML>0</SIGNATURE_THRESHOLD_ML>
		<SIGNATURE_THRESHOLD_SAM>0</SIGNATURE_THRESHOLD_SAM>
	</signature>
	<signature ID="20211221_125928337742_848">
		<MACROCLASSID>1</MACROCLASSID>
		<MACROCLASSINFO>waterbody</MACROCLASSINFO>
		<CLASSID>8</CLASSID>
		<CLASSINFO>C 1</CLASSINFO>
		<VALUES>[0.09319204393596876, 0.005036298191701846, 0.09043564682915098, 0.008696424740244126, 0.07899933707501205, 0.014797333581788861, 0.08223502067405554, 0.040584635209432986, 0.0854812531865069, 0.04554233179584056, 0.06223285100644544, 0.03195890841989802]</VALUES>
		<LCS_MIN>[0.08475672453641891, 0.06922305375337601, 0.050948165357112885, 0.0257232878357172, 0.019742410629987717, 0.01636432856321335]</LCS_MIN>
		<LCS_MAX>[0.10458221286535263, 0.11075689643621445, 0.11048000305891037, 0.1510724127292633, 0.17042718827724457, 0.12258020788431168]</LCS_MAX>
		<WAVELENGTH>[1.0, 2.0, 3.0, 4.0, 5.0, 6.0]</WAVELENGTH>
		<MEAN_VALUE>[0.09319204393596876, 0.09043564682915098, 0.07899933707501205, 0.08223502067405554, 0.0854812531865069, 0.06223285100644544]</MEAN_VALUE>
		<CHECKBOX>2</CHECKBOX>
		<SD>[0.005036298191701846, 0.008696424740244126, 0.014797333581788861, 0.040584635209432986, 0.04554233179584056, 0.03195890841989802]</SD>
		<WAVELENGTH_UNIT>band number</WAVELENGTH_UNIT>
		<COLOR>#856192</COLOR>
		<COVARIANCE_MATRIX>[[2.5982940926367067e-05, 4.019568143263989e-05, 6.723027836939525e-05, 9.738308314842231e-05, 0.000129219585386765, 0.0001029011943339037], [4.019568143263989e-05, 7.747238383011374e-05, 0.00010358218313155228, 6.737047311156467e-05, 0.00012305340694992304, 0.00010467778845296572], [6.723027836939525e-05, 0.00010358218313155228, 0.00022430159530465675, 0.0004487879461900054, 0.0005440974295672394, 0.00039258012511122483], [9.738308314842231e-05, 6.737047311156467e-05, 0.0004487879461900054, 0.0016872860934993995, 0.0018401468996771945, 0.0012687267227112834], [0.000129219585386765, 0.00012305340694992304, 0.0005440974295672394, 0.0018401468996771945, 0.002124691887485416, 0.0014629107812670632], [0.0001029011943339037, 0.00010467778845296572, 0.00039258012511122483, 0.0012687267227112834, 0.0014629107812670632, 0.0010462833353765855]]</COVARIANCE_MATRIX>
		<ROI_SIZE>42</ROI_SIZE>
		<MAX_VALUE>[0.10458221286535263, 0.11075689643621445, 0.11048000305891037, 0.1510724127292633, 0.17042718827724457, 0.12258020788431168]</MAX_VALUE>
		<MIN_VALUE>[0.08475672453641891, 0.06922305375337601, 0.050948165357112885, 0.0257232878357172, 0.019742410629987717, 0.01636432856321335]</MIN_VALUE>
		<SIGNATURE_THRESHOLD_MD>0</SIGNATURE_THRESHOLD_MD>
		<SIGNATURE_THRESHOLD_ML>0</SIGNATURE_THRESHOLD_ML>
		<SIGNATURE_THRESHOLD_SAM>0</SIGNATURE_THRESHOLD_SAM>
	</signature>
	<signature ID="20211221_125938538526_257">
		<MACROCLASSID>1</MACROCLASSID>
		<MACROCLASSINFO>waterbody</MACROCLASSINFO>
		<CLASSID>9</CLASSID>
		<CLASSINFO>C 1</CLASSINFO>
		<VALUES>[0.07374808524234765, 0.0014135899197696444, 0.058125050801809144, 0.0020151361982824606, 0.040653524971028546, 0.0037376528597651308, 0.019062803297930815, 0.0067538220863260666, 0.010578409328321823, 0.006756794525635707, 0.008402544784131558, 0.005429293137591344]</VALUES>
		<LCS_MIN>[0.07199198007583618, 0.0541047528386116, 0.0363282635807991, 0.010715728625655174, 0.0051778824999928474, 0.003488835645839572]</LCS_MIN>
		<LCS_MAX>[0.08076946437358856, 0.07143820822238922, 0.06351908296346664, 0.05424318090081215, 0.04355514794588089, 0.03499917313456535]</LCS_MAX>
		<WAVELENGTH>[1.0, 2.0, 3.0, 4.0, 5.0, 6.0]</WAVELENGTH>
		<MEAN_VALUE>[0.07374808524234765, 0.058125050801809144, 0.040653524971028546, 0.019062803297930815, 0.010578409328321823, 0.008402544784131558]</MEAN_VALUE>
		<CHECKBOX>2</CHECKBOX>
		<SD>[0.0014135899197696444, 0.0020151361982824606, 0.0037376528597651308, 0.0067538220863260666, 0.006756794525635707, 0.005429293137591344]</SD>
		<WAVELENGTH_UNIT>band number</WAVELENGTH_UNIT>
		<COLOR>#56bbec</COLOR>
		<COVARIANCE_MATRIX>[[2.0050563809374213e-06, 2.438223254263736e-06, 4.887900000732207e-06, 8.101012054270126e-06, 7.610122765994111e-06, 6.039107027570316e-06], [2.438223254263736e-06, 4.07463319420723e-06, 6.848725836443749e-06, 1.0176237743880105e-05, 1.0126631567742078e-05, 8.627070686707026e-06], [4.887900000732207e-06, 6.848725836443749e-06, 1.4017728247892401e-05, 2.0935778604227246e-05, 2.1234859382340098e-05, 1.626048448642783e-05], [8.101012054270126e-06, 1.0176237743880105e-05, 2.0935778604227246e-05, 4.576979233952658e-05, 4.0681662316699524e-05, 3.238219919941722e-05], [7.610122765994111e-06, 1.0126631567742078e-05, 2.1234859382340098e-05, 4.0681662316699524e-05, 4.5810088890540006e-05, 3.4734010059693384e-05], [6.039107027570316e-06, 8.627070686707026e-06, 1.626048448642783e-05, 3.238219919941722e-05, 3.4734010059693384e-05, 2.9577828833875622e-05]]</COVARIANCE_MATRIX>
		<ROI_SIZE>294</ROI_SIZE>
		<MAX_VALUE>[0.08076946437358856, 0.07143820822238922, 0.06351908296346664, 0.05424318090081215, 0.04355514794588089, 0.03499917313456535]</MAX_VALUE>
		<MIN_VALUE>[0.07199198007583618, 0.0541047528386116, 0.0363282635807991, 0.010715728625655174, 0.0051778824999928474, 0.003488835645839572]</MIN_VALUE>
		<SIGNATURE_THRESHOLD_MD>0</SIGNATURE_THRESHOLD_MD>
		<SIGNATURE_THRESHOLD_ML>0</SIGNATURE_THRESHOLD_ML>
		<SIGNATURE_THRESHOLD_SAM>0</SIGNATURE_THRESHOLD_SAM>
	</signature>
	<signature ID="20211221_125947247513_170">
		<MACROCLASSID>1</MACROCLASSID>
		<MACROCLASSINFO>waterbody</MACROCLASSINFO>
		<CLASSID>10</CLASSID>
		<CLASSINFO>C 1</CLASSINFO>
		<VALUES>[0.07376414387640054, 0.0012362987439872547, 0.05802046868454071, 0.0028740626481441075, 0.03570239704338955, 0.004455122553404942, 0.017210571995058523, 0.005748098075086181, 0.009444768243899691, 0.005522889213358742, 0.007191458008162115, 0.004364296602050534]</VALUES>
		<LCS_MIN>[0.07221348583698273, 0.053966306149959564, 0.031510334461927414, 0.007005367428064346, 0.003904170822352171, 0.001993618905544281]</LCS_MIN>
		<LCS_MAX>[0.08268001675605774, 0.07730831205844879, 0.06972147524356842, 0.053910911083221436, 0.04239220917224884, 0.04073084890842438]</LCS_MAX>
		<WAVELENGTH>[1.0, 2.0, 3.0, 4.0, 5.0, 6.0]</WAVELENGTH>
		<MEAN_VALUE>[0.07376414387640054, 0.05802046868454071, 0.03570239704338955, 0.017210571995058523, 0.009444768243899691, 0.007191458008162115]</MEAN_VALUE>
		<CHECKBOX>2</CHECKBOX>
		<SD>[0.0012362987439872547, 0.0028740626481441075, 0.004455122553404942, 0.005748098075086181, 0.005522889213358742, 0.004364296602050534]</SD>
		<WAVELENGTH_UNIT>band number</WAVELENGTH_UNIT>
		<COLOR>#26e8a2</COLOR>
		<COVARIANCE_MATRIX>[[1.529765973395286e-06, 3.2329256078909777e-06, 5.044016284938363e-06, 5.6878350667319575e-06, 5.248858745746407e-06, 4.554007253524196e-06], [3.2329256078909777e-06, 8.26743143307511e-06, 1.2208718985829162e-05, 1.198833857313347e-05, 1.2306775321937632e-05, 9.731608883311753e-06], [5.044016284938363e-06, 1.2208718985829162e-05, 1.9865406266350294e-05, 1.9496603914361083e-05, 1.9335148588860163e-05, 1.5866769606561426e-05], [5.6878350667319575e-06, 1.198833857313347e-05, 1.9496603914361083e-05, 3.306941251868471e-05, 2.5422214950939794e-05, 2.1735941002931776e-05], [5.248858745746407e-06, 1.2306775321937632e-05, 1.9335148588860163e-05, 2.5422214950939794e-05, 3.0528875215354024e-05, 2.2044284725241984e-05], [4.554007253524196e-06, 9.731608883311753e-06, 1.5866769606561426e-05, 2.1735941002931776e-05, 2.2044284725241984e-05, 1.9063676367978776e-05]]</COVARIANCE_MATRIX>
		<ROI_SIZE>1149</ROI_SIZE>
		<MAX_VALUE>[0.08268001675605774, 0.07730831205844879, 0.06972147524356842, 0.053910911083221436, 0.04239220917224884, 0.04073084890842438]</MAX_VALUE>
		<MIN_VALUE>[0.07221348583698273, 0.053966306149959564, 0.031510334461927414, 0.007005367428064346, 0.003904170822352171, 0.001993618905544281]</MIN_VALUE>
		<SIGNATURE_THRESHOLD_MD>0</SIGNATURE_THRESHOLD_MD>
		<SIGNATURE_THRESHOLD_ML>0</SIGNATURE_THRESHOLD_ML>
		<SIGNATURE_THRESHOLD_SAM>0</SIGNATURE_THRESHOLD_SAM>
	</signature>
	<signature ID="20211221_125952585170_872">
		<MACROCLASSID>1</MACROCLASSID>
		<MACROCLASSINFO>waterbody</MACROCLASSINFO>
		<CLASSID>11</CLASSID>
		<CLASSINFO>C 1</CLASSINFO>
		<VALUES>[0.09068523183987846, 0.0010655714288131703, 0.10119194050032393, 0.002715939181669562, 0.061545686063387076, 0.0033084237569013237, 0.02104821387342267, 0.0063361414379038425, 0.011299419992476141, 0.007057820229734372, 0.009056904659119834, 0.005669877605922727]</VALUES>
		<LCS_MIN>[0.08497823029756546, 0.09231587499380112, 0.055129241198301315, 0.01002349704504013, 0.0, 0.000553783611394465]</LCS_MIN>
		<LCS_MAX>[0.09757683426141739, 0.11463339626789093, 0.08165552467107773, 0.055018480867147446, 0.0454380139708519, 0.03998323529958725]</LCS_MAX>
		<WAVELENGTH>[1.0, 2.0, 3.0, 4.0, 5.0, 6.0]</WAVELENGTH>
		<MEAN_VALUE>[0.09068523183987846, 0.10119194050032393, 0.061545686063387076, 0.02104821387342267, 0.011299419992476141, 0.009056904659119834]</MEAN_VALUE>
		<CHECKBOX>2</CHECKBOX>
		<SD>[0.0010655714288131703, 0.002715939181669562, 0.0033084237569013237, 0.0063361414379038425, 0.007057820229734372, 0.005669877605922727]</SD>
		<WAVELENGTH_UNIT>band number</WAVELENGTH_UNIT>
		<COLOR>#994114</COLOR>
		<COVARIANCE_MATRIX>[[1.1368671154109608e-06, 2.172513991639604e-06, 2.948625511041651e-06, 3.867948172023675e-06, 3.9187253728380175e-06, 3.7832665456941104e-06], [2.172513991639604e-06, 7.385580752252543e-06, 5.016870718009058e-06, 6.064850165584709e-06, 6.457237657903323e-06, 4.9876179543839185e-06], [2.948625511041651e-06, 5.016870718009058e-06, 1.0959401340869256e-05, 1.6235368658769232e-05, 1.8676089177238204e-05, 1.6350372581992576e-05], [3.867948172023675e-06, 6.064850165584709e-06, 1.6235368658769232e-05, 4.019706057748492e-05, 3.793622960014575e-05, 3.160686238722055e-05], [3.9187253728380175e-06, 6.457237657903323e-06, 1.8676089177238204e-05, 3.793622960014575e-05, 4.987532680477765e-05, 3.644083192001832e-05], [3.7832665456941104e-06, 4.9876179543839185e-06, 1.6350372581992576e-05, 3.160686238722055e-05, 3.644083192001832e-05, 3.218784771490957e-05]]</COVARIANCE_MATRIX>
		<ROI_SIZE>798</ROI_SIZE>
		<MAX_VALUE>[0.09757683426141739, 0.11463339626789093, 0.08165552467107773, 0.055018480867147446, 0.0454380139708519, 0.03998323529958725]</MAX_VALUE>
		<MIN_VALUE>[0.08497823029756546, 0.09231587499380112, 0.055129241198301315, 0.01002349704504013, 0.0, 0.000553783611394465]</MIN_VALUE>
		<SIGNATURE_THRESHOLD_MD>0</SIGNATURE_THRESHOLD_MD>
		<SIGNATURE_THRESHOLD_ML>0</SIGNATURE_THRESHOLD_ML>
		<SIGNATURE_THRESHOLD_SAM>0</SIGNATURE_THRESHOLD_SAM>
	</signature>
	<signature ID="20211221_125957862177_159">
		<MACROCLASSID>1</MACROCLASSID>
		<MACROCLASSINFO>waterbody</MACROCLASSINFO>
		<CLASSID>12</CLASSID>
		<CLASSINFO>C 1</CLASSINFO>
		<VALUES>[0.08655300823875439, 0.001287979514572955, 0.0795619334203537, 0.0025178733921319453, 0.047902097654454565, 0.004997979700829972, 0.01825252472654755, 0.008083583415683037, 0.010732494624760088, 0.00811550683688819, 0.008180926096988537, 0.006396943556998335]</VALUES>
		<LCS_MIN>[0.08309536427259445, 0.07467783242464066, 0.041976865381002426, 0.011491027660667896, 0.004402583464980125, 0.003710351185873151]</LCS_MIN>
		<LCS_MAX>[0.09123599529266357, 0.08711030334234238, 0.06711868196725845, 0.05341251194477081, 0.04277984797954559, 0.03699279949069023]</LCS_MAX>
		<WAVELENGTH>[1.0, 2.0, 3.0, 4.0, 5.0, 6.0]</WAVELENGTH>
		<MEAN_VALUE>[0.08655300823875439, 0.0795619334203537, 0.047902097654454565, 0.01825252472654755, 0.010732494624760088, 0.008180926096988537]</MEAN_VALUE>
		<CHECKBOX>2</CHECKBOX>
		<SD>[0.001287979514572955, 0.0025178733921319453, 0.004997979700829972, 0.008083583415683037, 0.00811550683688819, 0.006396943556998335]</SD>
		<WAVELENGTH_UNIT>band number</WAVELENGTH_UNIT>
		<COLOR>#6b11ca</COLOR>
		<COVARIANCE_MATRIX>[[1.6667161885914254e-06, 2.9298617110826533e-06, 4.708569704229607e-06, 5.244254472482364e-06, 4.979009157366252e-06, 4.52757692195954e-06], [2.9298617110826533e-06, 6.3695906000267906e-06, 9.863129989351006e-06, 9.176556970133312e-06, 9.814763765963382e-06, 8.031724741488328e-06], [4.708569704229607e-06, 9.863129989351006e-06, 2.509763034033261e-05, 3.338893991397903e-05, 3.37123229555966e-05, 2.504610109990307e-05], [5.244254472482364e-06, 9.176556970133312e-06, 3.338893991397903e-05, 6.565254876678844e-05, 6.127534160871892e-05, 4.74698299490405e-05], [4.979009157366252e-06, 9.814763765963382e-06, 3.37123229555966e-05, 6.127534160871892e-05, 6.617211844231285e-05, 4.9775790281860064e-05], [4.52757692195954e-06, 8.031724741488328e-06, 2.504610109990307e-05, 4.74698299490405e-05, 4.9775790281860064e-05, 4.1113909922702816e-05]]</COVARIANCE_MATRIX>
		<ROI_SIZE>213</ROI_SIZE>
		<MAX_VALUE>[0.09123599529266357, 0.08711030334234238, 0.06711868196725845, 0.05341251194477081, 0.04277984797954559, 0.03699279949069023]</MAX_VALUE>
		<MIN_VALUE>[0.08309536427259445, 0.07467783242464066, 0.041976865381002426, 0.011491027660667896, 0.004402583464980125, 0.003710351185873151]</MIN_VALUE>
		<SIGNATURE_THRESHOLD_MD>0</SIGNATURE_THRESHOLD_MD>
		<SIGNATURE_THRESHOLD_ML>0</SIGNATURE_THRESHOLD_ML>
		<SIGNATURE_THRESHOLD_SAM>0</SIGNATURE_THRESHOLD_SAM>
	</signature>
	<signature ID="20211221_130002413248_586">
		<MACROCLASSID>1</MACROCLASSID>
		<MACROCLASSINFO>waterbody</MACROCLASSINFO>
		<CLASSID>13</CLASSID>
		<CLASSINFO>C 1</CLASSINFO>
		<VALUES>[0.09538358597214829, 0.001909274199242577, 0.10333361467996308, 0.005480744242636445, 0.08504584518282911, 0.006679709164673066, 0.02704560819493477, 0.009445848339163579, 0.014256726972065691, 0.008471786640982835, 0.01147395940930691, 0.006824385843929414]</VALUES>
		<LCS_MIN>[0.08669496327638626, 0.07949576526880264, 0.06346369534730911, 0.019133245572447777, 0.007309949956834316, 0.005316331051290035]</LCS_MIN>
		<LCS_MAX>[0.09854595363140106, 0.1077941507101059, 0.09519556164741516, 0.056901346892118454, 0.045714911073446274, 0.03605136647820473]</LCS_MAX>
		<WAVELENGTH>[1.0, 2.0, 3.0, 4.0, 5.0, 6.0]</WAVELENGTH>
		<MEAN_VALUE>[0.09538358597214829, 0.10333361467996308, 0.08504584518282911, 0.02704560819493477, 0.014256726972065691, 0.01147395940930691]</MEAN_VALUE>
		<CHECKBOX>2</CHECKBOX>
		<SD>[0.001909274199242577, 0.005480744242636445, 0.006679709164673066, 0.009445848339163579, 0.008471786640982835, 0.006824385843929414]</SD>
		<WAVELENGTH_UNIT>band number</WAVELENGTH_UNIT>
		<COLOR>#52aa34</COLOR>
		<COVARIANCE_MATRIX>[[3.6882141792803454e-06, 9.673131864774366e-06, 1.1953933651503028e-05, 3.542456254685389e-06, 3.830917122680637e-06, 3.5586044706473212e-06], [9.673131864774366e-06, 3.039195224675941e-05, 3.3705870414456484e-05, -4.271743910747952e-06, -1.8536048295534996e-06, -1.1858979942012864e-06], [1.1953933651503028e-05, 3.3705870414456484e-05, 4.514343822490701e-05, 1.3837706213975841e-05, 1.4258342141568245e-05, 1.1070436548032634e-05], [3.542456254685389e-06, -4.271743910747952e-06, 1.3837706213975841e-05, 9.02737455623203e-05, 7.777504308188926e-05, 6.170831060482605e-05], [3.830917122680637e-06, -1.8536048295534996e-06, 1.4258342141568245e-05, 7.777504308188926e-05, 7.261553558316268e-05, 5.6351300738043683e-05], [3.5586044706473212e-06, -1.1858979942012864e-06, 1.1070436548032634e-05, 6.170831060482605e-05, 5.6351300738043683e-05, 4.712015087796329e-05]]</COVARIANCE_MATRIX>
		<ROI_SIZE>86</ROI_SIZE>
		<MAX_VALUE>[0.09854595363140106, 0.1077941507101059, 0.09519556164741516, 0.056901346892118454, 0.045714911073446274, 0.03605136647820473]</MAX_VALUE>
		<MIN_VALUE>[0.08669496327638626, 0.07949576526880264, 0.06346369534730911, 0.019133245572447777, 0.007309949956834316, 0.005316331051290035]</MIN_VALUE>
		<SIGNATURE_THRESHOLD_MD>0</SIGNATURE_THRESHOLD_MD>
		<SIGNATURE_THRESHOLD_ML>0</SIGNATURE_THRESHOLD_ML>
		<SIGNATURE_THRESHOLD_SAM>0</SIGNATURE_THRESHOLD_SAM>
	</signature>
	<signature ID="20211221_130008691646_559">
		<MACROCLASSID>1</MACROCLASSID>
		<MACROCLASSINFO>waterbody</MACROCLASSINFO>
		<CLASSID>14</CLASSID>
		<CLASSINFO>C 1</CLASSINFO>
		<VALUES>[0.11001173680757773, 0.0008178837443195627, 0.13589057720759332, 0.0017586222854190357, 0.12497125007212165, 0.002074362036586738, 0.03407606723553992, 0.006274142519190576, 0.014221670311492157, 0.005779092198736081, 0.01182573731057346, 0.005930743976489015]</VALUES>
		<LCS_MIN>[0.10715729743242264, 0.12568140029907227, 0.12089116126298904, 0.02674778923392296, 0.007033063098788261, 0.0051778824999928474]</LCS_MIN>
		<LCS_MAX>[0.11275053024291992, 0.1380307972431183, 0.13091465830802917, 0.060417886823415756, 0.04258602857589722, 0.045548778027296066]</LCS_MAX>
		<WAVELENGTH>[1.0, 2.0, 3.0, 4.0, 5.0, 6.0]</WAVELENGTH>
		<MEAN_VALUE>[0.11001173680757773, 0.13589057720759332, 0.12497125007212165, 0.03407606723553992, 0.014221670311492157, 0.01182573731057346]</MEAN_VALUE>
		<CHECKBOX>2</CHECKBOX>
		<SD>[0.0008178837443195627, 0.0017586222854190357, 0.002074362036586738, 0.006274142519190576, 0.005779092198736081, 0.005930743976489015]</SD>
		<WAVELENGTH_UNIT>band number</WAVELENGTH_UNIT>
		<COLOR>#1cf4f9</COLOR>
		<COVARIANCE_MATRIX>[[6.789179060762555e-07, 9.832085736821828e-07, 7.441820729521482e-07, 3.801859457753618e-07, 1.5972178345893988e-06, 2.054981560078202e-06], [9.832085736821828e-07, 3.13891282550042e-06, -4.529753903289102e-07, -6.0999111643293045e-06, -1.5755613414380146e-06, -1.471356597252957e-06], [7.441820729521482e-07, -4.529753903289102e-07, 4.367201408964072e-06, 8.745128823355891e-06, 8.08741390040507e-06, 8.479660225863932e-06], [3.801859457753618e-07, -6.0999111643293045e-06, 8.745128823355891e-06, 3.995239963993768e-05, 2.8474215254999876e-05, 3.0030246571334384e-05], [1.5972178345893988e-06, -1.5755613414380146e-06, 8.08741390040507e-06, 2.8474215254999876e-05, 3.389638286002196e-05, 3.1524993545380555e-05], [2.054981560078202e-06, -1.471356597252957e-06, 8.479660225863932e-06, 3.0030246571334384e-05, 3.1524993545380555e-05, 3.5698705071595946e-05]]</COVARIANCE_MATRIX>
		<ROI_SIZE>68</ROI_SIZE>
		<MAX_VALUE>[0.11275053024291992, 0.1380307972431183, 0.13091465830802917, 0.060417886823415756, 0.04258602857589722, 0.045548778027296066]</MAX_VALUE>
		<MIN_VALUE>[0.10715729743242264, 0.12568140029907227, 0.12089116126298904, 0.02674778923392296, 0.007033063098788261, 0.0051778824999928474]</MIN_VALUE>
		<SIGNATURE_THRESHOLD_MD>0</SIGNATURE_THRESHOLD_MD>
		<SIGNATURE_THRESHOLD_ML>0</SIGNATURE_THRESHOLD_ML>
		<SIGNATURE_THRESHOLD_SAM>0</SIGNATURE_THRESHOLD_SAM>
	</signature>
	<signature ID="20211221_130015850120_557">
		<MACROCLASSID>1</MACROCLASSID>
		<MACROCLASSINFO>waterbody</MACROCLASSINFO>
		<CLASSID>15</CLASSID>
		<CLASSINFO>C 1</CLASSINFO>
		<VALUES>[0.10973153612576422, 0.0014011985048395631, 0.12768886587582534, 0.001909440495203904, 0.12581724592018872, 0.004873856773231515, 0.04177871168940328, 0.007648098712615375, 0.0170595868730743, 0.00978555881910663, 0.014506553387036544, 0.008548648593617968]</VALUES>
		<LCS_MIN>[0.10560670495033264, 0.119728222489357, 0.1105353906750679, 0.030375072732567787, 0.0036826657596975565, 0.007476083934307098]</LCS_MIN>
		<LCS_MAX>[0.11369196325540543, 0.13315749168395996, 0.1367293894290924, 0.07049675285816193, 0.051585014909505844, 0.042696792632341385]</LCS_MAX>
		<WAVELENGTH>[1.0, 2.0, 3.0, 4.0, 5.0, 6.0]</WAVELENGTH>
		<MEAN_VALUE>[0.10973153612576422, 0.12768886587582534, 0.12581724592018872, 0.04177871168940328, 0.0170595868730743, 0.014506553387036544]</MEAN_VALUE>
		<CHECKBOX>2</CHECKBOX>
		<SD>[0.0014011985048395631, 0.001909440495203904, 0.004873856773231515, 0.007648098712615375, 0.00978555881910663, 0.008548648593617968]</SD>
		<WAVELENGTH_UNIT>band number</WAVELENGTH_UNIT>
		<COLOR>#c4c4fc</COLOR>
		<COVARIANCE_MATRIX>[[1.9945216507576795e-06, 2.0649121908889406e-06, 6.292822114210641e-06, 3.6653175084164284e-06, 3.3491892745971645e-06, 3.329021170568841e-06], [2.0649121908889406e-06, 3.703835433370979e-06, 7.124607709819569e-06, -6.364605711157967e-07, 1.4208886710942264e-07, 1.993740197829746e-07], [6.292822114210641e-06, 7.124607709819569e-06, 2.4131535081625133e-05, 2.058032696749809e-06, 1.8675530618065558e-06, 1.5789106311833894e-06], [3.6653175084164284e-06, -6.364605711157967e-07, 2.058032696749809e-06, 5.942188080549484e-05, 6.58756156560851e-05, 6.025931661004596e-05], [3.3491892745971645e-06, 1.4208886710942264e-07, 1.8675530618065558e-06, 6.58756156560851e-05, 9.727711634508746e-05, 8.31538659091085e-05], [3.329021170568841e-06, 1.993740197829746e-07, 1.5789106311833894e-06, 6.025931661004596e-05, 8.31538659091085e-05, 7.423938313870881e-05]]</COVARIANCE_MATRIX>
		<ROI_SIZE>64</ROI_SIZE>
		<MAX_VALUE>[0.11369196325540543, 0.13315749168395996, 0.1367293894290924, 0.07049675285816193, 0.051585014909505844, 0.042696792632341385]</MAX_VALUE>
		<MIN_VALUE>[0.10560670495033264, 0.119728222489357, 0.1105353906750679, 0.030375072732567787, 0.0036826657596975565, 0.007476083934307098]</MIN_VALUE>
		<SIGNATURE_THRESHOLD_MD>0</SIGNATURE_THRESHOLD_MD>
		<SIGNATURE_THRESHOLD_ML>0</SIGNATURE_THRESHOLD_ML>
		<SIGNATURE_THRESHOLD_SAM>0</SIGNATURE_THRESHOLD_SAM>
	</signature>
	<signature ID="20211221_130022405234_666">
		<MACROCLASSID>1</MACROCLASSID>
		<MACROCLASSINFO>waterbody</MACROCLASSINFO>
		<CLASSID>16</CLASSID>
		<CLASSINFO>C 1</CLASSINFO>
		<VALUES>[0.08602433766310034, 0.0008560888637669466, 0.08878991228866052, 0.0016504107865331322, 0.06289409510381926, 0.002851600497843519, 0.025213622682533424, 0.007715216516291251, 0.013512946404312014, 0.007156891872994567, 0.010397450737450478, 0.005164601477693937]</VALUES>
		<LCS_MIN>[0.0844244584441185, 0.07844356447458267, 0.05836888775229454, 0.016253575682640076, 0.006756166461855173, 0.004817918408662081]</LCS_MIN>
		<LCS_MAX>[0.0894085168838501, 0.09389416128396988, 0.07910812646150589, 0.054603155702352524, 0.04363822564482689, 0.026553958654403687]</LCS_MAX>
