<?xml version="1.0" ?>
<signaturelist MCID_LIST="[['1', 'waterbody', '#000000'], ['2', 'vegetation', '#000000'], ['3', 'bareland', '#000000'], ['4', 'built-up', '#000000']]">
	<signature ID="20210507_111345341112_762">
		<MACROCLASSID>1</MACROCLASSID>
		<MACROCLASSINFO>waterbody</MACROCLASSINFO>
		<CLASSID>1</CLASSID>
		<CLASSINFO>C 1</CLASSINFO>
		<VALUES>[0.11863545060935042, 0.000847296554523866, 0.0917052570871072, 0.0014517931687492978, 0.06371116528751587, 0.0015616688185042665, 0.05330711089499046, 0.002136330392098086, 0.017432077959762853, 0.002302786069032736, 0.009027554903194745, 0.0017845953786632578]</VALUES>
		<LCS_MIN>[0.11610610783100128, 0.08877739310264587, 0.06076682731509209, 0.04598423093557358, 0.014155280776321888, 0.004554782994091511]</LCS_MIN>
		<LCS_MAX>[0.12117910385131836, 0.09619595855474472, 0.06772173196077347, 0.060712285339832306, 0.026510480791330338, 0.01701907441020012]</LCS_MAX>
		<WAVELENGTH>[0.48, 0.56, 0.655, 0.865, 1.61, 2.2]</WAVELENGTH>
		<MEAN_VALUE>[0.11863545060935042, 0.0917052570871072, 0.06371116528751587, 0.05330711089499046, 0.017432077959762853, 0.009027554903194745]</MEAN_VALUE>
		<CHECKBOX>2</CHECKBOX>
		<SD>[0.000847296554523866, 0.0014517931687492978, 0.0015616688185042665, 0.002136330392098086, 0.002302786069032736, 0.0017845953786632578]</SD>
		<WAVELENGTH_UNIT>E-6m</WAVELENGTH_UNIT>
		<COLOR>#12cef6</COLOR>
		<COVARIANCE_MATRIX>[[1.1968901389991515e-06, 1.670034521339403e-06, 1.686177029114333e-06, 1.6528813375771279e-06, 9.973819032893516e-07, 7.50340802824212e-07], [1.670034521339403e-06, 2.7366513677407056e-06, 2.7509436222317163e-06, 2.975803454319248e-06, 1.9968661035818513e-06, 1.4698733821205678e-06], [1.686177029114333e-06, 2.7509436222317163e-06, 3.328889988551964e-06, 3.8001403481757734e-06, 3.0867249734001234e-06, 2.3151278583100066e-06], [1.6528813375771279e-06, 2.975803454319248e-06, 3.8001403481757734e-06, 6.072017640690319e-06, 4.826497388421558e-06, 3.5007292353839148e-06], [9.973819032893516e-07, 1.9968661035818513e-06, 3.0867249734001234e-06, 4.826497388421558e-06, 5.129442797624506e-06, 3.837851636490086e-06], [7.50340802824212e-07, 1.4698733821205678e-06, 2.3151278583100066e-06, 3.5007292353839148e-06, 3.837851636490086e-06, 2.99604198517045e-06]]</COVARIANCE_MATRIX>
		<ROI_SIZE>2969</ROI_SIZE>
		<MAX_VALUE>[0.12117910385131836, 0.09619595855474472, 0.06772173196077347, 0.060712285339832306, 0.026510480791330338, 0.01701907441020012]</MAX_VALUE>
		<MIN_VALUE>[0.11610610783100128, 0.08877739310264587, 0.06076682731509209, 0.04598423093557358, 0.014155280776321888, 0.004554782994091511]</MIN_VALUE>
		<SIGNATURE_THRESHOLD_MD>0.0</SIGNATURE_THRESHOLD_MD>
		<SIGNATURE_THRESHOLD_ML>0.0</SIGNATURE_THRESHOLD_ML>
		<SIGNATURE_THRESHOLD_SAM>0.0</SIGNATURE_THRESHOLD_SAM>
	</signature>
	<signature ID="20210507_111444668459_835">
		<MACROCLASSID>3</MACROCLASSID>
		<MACROCLASSINFO>bareland</MACROCLASSINFO>
		<CLASSID>2</CLASSID>
		<CLASSINFO>C 1</CLASSINFO>
		<VALUES>[0.09462888777481492, 0.004713254714282496, 0.08899853094604263, 0.006092236363082445, 0.10503467899215162, 0.011288620257635003, 0.18028444514373815, 0.017046660230326124, 0.2765460278317417, 0.02418445886530757, 0.2020905514796172, 0.01954865475213462]</VALUES>
		<LCS_MIN>[0.08411351591348648, 0.07284928858280182, 0.07505849003791809, 0.1328524500131607, 0.23054848611354828, 0.15712644159793854]</LCS_MIN>
		<LCS_MAX>[0.1182062029838562, 0.12674303352832794, 0.15044426918029785, 0.2315303534269333, 0.3303719460964203, 0.25632259249687195]</LCS_MAX>
		<WAVELENGTH>[0.48, 0.56, 0.655, 0.865, 1.61, 2.2]</WAVELENGTH>
		<MEAN_VALUE>[0.09462888777481492, 0.08899853094604263, 0.10503467899215162, 0.18028444514373815, 0.2765460278317417, 0.2020905514796172]</MEAN_VALUE>
		<CHECKBOX>2</CHECKBOX>
		<SD>[0.004713254714282496, 0.006092236363082445, 0.011288620257635003, 0.017046660230326124, 0.02418445886530757, 0.01954865475213462]</SD>
		<WAVELENGTH_UNIT>E-6m</WAVELENGTH_UNIT>
		<COLOR>#ea9109</COLOR>
		<COVARIANCE_MATRIX>[[2.0983365175197832e-05, 2.2054235159885138e-05, 1.9102679289062507e-05, 4.252212602295913e-05, 7.294426904991269e-05, 6.166247476357967e-05], [2.2054235159885138e-05, 3.504289998090826e-05, 5.201625026529655e-05, 6.925419438630342e-05, 0.0001060676368069835, 8.400268416153267e-05], [1.9102679289062507e-05, 5.201625026529655e-05, 0.00012226667604409158, 9.006891923490912e-05, 0.00017628206114750355, 0.00012880441499873996], [4.252212602295913e-05, 6.925419438630342e-05, 9.006891923490912e-05, 0.00029337560408748686, 0.0002713724970817566, 0.0001421584893250838], [7.294426904991269e-05, 0.0001060676368069835, 0.00017628206114750355, 0.0002713724970817566, 0.0005660110036842525, 0.0004139516968280077], [6.166247476357967e-05, 8.400268416153267e-05, 0.00012880441499873996, 0.0001421584893250838, 0.0004139516968280077, 0.00039054115768522024]]</COVARIANCE_MATRIX>
		<ROI_SIZE>6589</ROI_SIZE>
		<MAX_VALUE>[0.1182062029838562, 0.12674303352832794, 0.15044426918029785, 0.2315303534269333, 0.3303719460964203, 0.25632259249687195]</MAX_VALUE>
		<MIN_VALUE>[0.08411351591348648, 0.07284928858280182, 0.07505849003791809, 0.1328524500131607, 0.23054848611354828, 0.15712644159793854]</MIN_VALUE>
		<SIGNATURE_THRESHOLD_MD>0.0</SIGNATURE_THRESHOLD_MD>
		<SIGNATURE_THRESHOLD_ML>0.0</SIGNATURE_THRESHOLD_ML>
		<SIGNATURE_THRESHOLD_SAM>0.0</SIGNATURE_THRESHOLD_SAM>
	</signature>
	<signature ID="20210507_111856862992_286">
		<MACROCLASSID>3</MACROCLASSID>
		<MACROCLASSINFO>bareland</MACROCLASSINFO>
		<CLASSID>3</CLASSID>
		<CLASSINFO>C 1</CLASSINFO>
		<VALUES>[0.09476328727483171, 0.00491409089334905, 0.08548671960055691, 0.005692085423616177, 0.09954965569613203, 0.009437352412953634, 0.1617234197479709, 0.0168779266107293, 0.2442090507212166, 0.023363528152519502, 0.1857332387972857, 0.02189554327146593]</VALUES>
		<LCS_MIN>[0.08430442959070206, 0.07323111593723297, 0.07211288064718246, 0.11864259839057922, 0.19623760879039764, 0.14245294034481049]</LCS_MIN>
		<LCS_MAX>[0.11515151709318161, 0.10797840356826782, 0.12254281342029572, 0.1958557516336441, 0.2952701151371002, 0.24181273579597473]</LCS_MAX>
		<WAVELENGTH>[0.48, 0.56, 0.655, 0.865, 1.61, 2.2]</WAVELENGTH>
		<MEAN_VALUE>[0.09476328727483171, 0.08548671960055691, 0.09954965569613203, 0.1617234197479709, 0.2442090507212166, 0.1857332387972857]</MEAN_VALUE>
		<CHECKBOX>2</CHECKBOX>
		<SD>[0.00491409089334905, 0.005692085423616177, 0.009437352412953634, 0.0168779266107293, 0.023363528152519502, 0.02189554327146593]</SD>
		<WAVELENGTH_UNIT>E-6m</WAVELENGTH_UNIT>
		<COLOR>#692b32</COLOR>
		<COVARIANCE_MATRIX>[[2.4167333322111517e-05, 2.5008739612530917e-05, 1.7170043065561913e-05, 4.5569173380499706e-05, 6.93830952513963e-05, 8.537162648281083e-05], [2.5008739612530917e-05, 3.2425388781121e-05, 3.84366576327011e-05, 6.92484391038306e-05, 0.00010540178482187912, 9.77555537247099e-05], [1.7170043065561913e-05, 3.84366576327011e-05, 8.913385681807995e-05, 9.634142770664766e-05, 0.0001691284851403907, 0.00010102900705533102], [4.5569173380499706e-05, 6.92484391038306e-05, 9.634142770664766e-05, 0.00028508907416835427, 0.0003181978245265782, 0.00019661792612168938], [6.93830952513963e-05, 0.00010540178482187912, 0.0001691284851403907, 0.0003181978245265782, 0.0005462849512696266, 0.00042054904042743146], [8.537162648281083e-05, 9.77555537247099e-05, 0.00010102900705533102, 0.00019661792612168938, 0.00042054904042743146, 0.0004797929141204804]]</COVARIANCE_MATRIX>
		<ROI_SIZE>1269</ROI_SIZE>
		<MAX_VALUE>[0.11515151709318161, 0.10797840356826782, 0.12254281342029572, 0.1958557516336441, 0.2952701151371002, 0.24181273579597473]</MAX_VALUE>
		<MIN_VALUE>[0.08430442959070206, 0.07323111593723297, 0.07211288064718246, 0.11864259839057922, 0.19623760879039764, 0.14245294034481049]</MIN_VALUE>
		<SIGNATURE_THRESHOLD_MD>0.0</SIGNATURE_THRESHOLD_MD>
		<SIGNATURE_THRESHOLD_ML>0.0</SIGNATURE_THRESHOLD_ML>
		<SIGNATURE_THRESHOLD_SAM>0.0</SIGNATURE_THRESHOLD_SAM>
	</signature>
	<signature ID="20210507_111902971935_811">
		<MACROCLASSID>3</MACROCLASSID>
		<MACROCLASSINFO>bareland</MACROCLASSINFO>
		<CLASSID>4</CLASSID>
		<CLASSINFO>C 1</CLASSINFO>
		<VALUES>[0.11611974128186701, 0.008608183271061194, 0.10880164695978171, 0.009475122070330275, 0.12297943301200864, 0.010370761348291525, 0.18344814059138287, 0.02026124454441901, 0.2515459287703037, 0.023120891499108502, 0.19906169540286034, 0.020964546252636936]</VALUES>
		<LCS_MIN>[0.09442314505577087, 0.08553176373243332, 0.09477770328521729, 0.13056141138076782, 0.19910138845443726, 0.1596083790063858]</LCS_MIN>
		<LCS_MAX>[0.14618949592113495, 0.1401619166135788, 0.16885434091091156, 0.22738470137119293, 0.29897940158843994, 0.25520431995391846]</LCS_MAX>
		<WAVELENGTH>[0.48, 0.56, 0.655, 0.865, 1.61, 2.2]</WAVELENGTH>
		<MEAN_VALUE>[0.11611974128186701, 0.10880164695978171, 0.12297943301200864, 0.18344814059138287, 0.2515459287703037, 0.19906169540286034]</MEAN_VALUE>
		<CHECKBOX>2</CHECKBOX>
		<SD>[0.008608183271061194, 0.009475122070330275, 0.010370761348291525, 0.02026124454441901, 0.023120891499108502, 0.020964546252636936]</SD>
		<WAVELENGTH_UNIT>E-6m</WAVELENGTH_UNIT>
		<COLOR>#819e0e</COLOR>
		<COVARIANCE_MATRIX>[[7.213689241325483e-05, 7.327836647164077e-05, 5.5678356147836894e-05, 7.342454046010971e-05, 2.08122146432288e-05, 7.5318748713471e-05], [7.327836647164077e-05, 8.813870954327285e-05, 8.130700734909624e-05, 0.00011391786392778158, 7.595124770887196e-05, 0.00010381295578554273], [5.5678356147836894e-05, 8.130700734909624e-05, 0.00010402638872619718, 0.00014250386448111385, 0.0001563719124533236, 0.00012909449287690222], [7.342454046010971e-05, 0.00011391786392778158, 0.00014250386448111385, 0.0003997915191575885, 0.0002933006617240608, 0.0001343694020761177], [2.08122146432288e-05, 7.595124770887196e-05, 0.0001563719124533236, 0.0002933006617240608, 0.0005406354321166873, 0.000337009085342288], [7.5318748713471e-05, 0.00010381295578554273, 0.00012909449287690222, 0.0001343694020761177, 0.000337009085342288, 0.00041293358663097024]]</COVARIANCE_MATRIX>
		<ROI_SIZE>4511</ROI_SIZE>
		<MAX_VALUE>[0.14618949592113495, 0.1401619166135788, 0.16885434091091156, 0.22738470137119293, 0.29897940158843994, 0.25520431995391846]</MAX_VALUE>
		<MIN_VALUE>[0.09442314505577087, 0.08553176373243332, 0.09477770328521729, 0.13056141138076782, 0.19910138845443726, 0.1596083790063858]</MIN_VALUE>
		<SIGNATURE_THRESHOLD_MD>0.0</SIGNATURE_THRESHOLD_MD>
		<SIGNATURE_THRESHOLD_ML>0.0</SIGNATURE_THRESHOLD_ML>
		<SIGNATURE_THRESHOLD_SAM>0.0</SIGNATURE_THRESHOLD_SAM>
	</signature>
	<signature ID="20210507_111910582409_538">
		<MACROCLASSID>3</MACROCLASSID>
		<MACROCLASSINFO>bareland</MACROCLASSINFO>
		<CLASSID>5</CLASSID>
		<CLASSINFO>C 1</CLASSINFO>
		<VALUES>[0.09920771682793775, 0.004773879145064131, 0.08991071569326613, 0.007203690321911078, 0.11974502032386866, 0.010120329146641481, 0.16613766593372492, 0.016193064505868066, 0.21614809207213956, 0.02089631667380117, 0.16387602480884056, 0.016298764385374125]</VALUES>
		<LCS_MIN>[0.09035928547382355, 0.07533123344182968, 0.07849502563476562, 0.12655211985111237, 0.15636275708675385, 0.11286048591136932]</LCS_MIN>
		<LCS_MAX>[0.11414236575365067, 0.11253319680690765, 0.14698044955730438, 0.2031106948852539, 0.25187692046165466, 0.20321977138519287]</LCS_MAX>
		<WAVELENGTH>[0.48, 0.56, 0.655, 0.865, 1.61, 2.2]</WAVELENGTH>
		<MEAN_VALUE>[0.09920771682793775, 0.08991071569326613, 0.11974502032386866, 0.16613766593372492, 0.21614809207213956, 0.16387602480884056]</MEAN_VALUE>
		<CHECKBOX>2</CHECKBOX>
		<SD>[0.004773879145064131, 0.007203690321911078, 0.010120329146641481, 0.016193064505868066, 0.02089631667380117, 0.016298764385374125]</SD>
		<WAVELENGTH_UNIT>E-6m</WAVELENGTH_UNIT>
		<COLOR>#f478f4</COLOR>
		<COVARIANCE_MATRIX>[[2.2819403966423124e-05, 3.310221654828638e-05, 2.9003545932937413e-05, 6.31789953331463e-05, 6.77173666190356e-05, 5.8916506532114e-05], [3.310221654828638e-05, 5.196028723730706e-05, 5.261634578346275e-05, 9.91902852547355e-05, 0.00010730396752478555, 8.864732080837712e-05], [2.9003545932937413e-05, 5.261634578346275e-05, 0.00010255356028210372, 9.158607281278819e-05, 0.00014193890092428774, 0.00010132250463357195], [6.31789953331463e-05, 9.91902852547355e-05, 9.158607281278819e-05, 0.0002625545603223145, 0.00026994087966158986, 0.00019700372649822384], [6.77173666190356e-05, 0.00010730396752478555, 0.00014193890092428774, 0.00026994087966158986, 0.0004372209368739277, 0.00031077268067747355], [5.8916506532114e-05, 8.864732080837712e-05, 0.00010132250463357195, 0.00019700372649822384, 0.00031077268067747355, 0.0002659933816175908]]</COVARIANCE_MATRIX>
		<ROI_SIZE>774</ROI_SIZE>
		<MAX_VALUE>[0.11414236575365067, 0.11253319680690765, 0.14698044955730438, 0.2031106948852539, 0.25187692046165466, 0.20321977138519287]</MAX_VALUE>
		<MIN_VALUE>[0.09035928547382355, 0.07533123344182968, 0.07849502563476562, 0.12655211985111237, 0.15636275708675385, 0.11286048591136932]</MIN_VALUE>
		<SIGNATURE_THRESHOLD_MD>0.0</SIGNATURE_THRESHOLD_MD>
		<SIGNATURE_THRESHOLD_ML>0.0</SIGNATURE_THRESHOLD_ML>
		<SIGNATURE_THRESHOLD_SAM>0.0</SIGNATURE_THRESHOLD_SAM>
	</signature>
	<signature ID="20210507_111923005659_748">
		<MACROCLASSID>3</MACROCLASSID>
		<MACROCLASSINFO>bareland</MACROCLASSINFO>
		<CLASSID>6</CLASSID>
		<CLASSINFO>C 1</CLASSINFO>
		<VALUES>[0.10361751913677804, 0.005336557696162168, 0.09931805779421048, 0.007543243343131701, 0.11949195691665937, 0.011916204350765321, 0.1958628754976183, 0.021259579719976582, 0.27696136155100737, 0.024947882112897113, 0.20505306491325057, 0.021114276685352276]</VALUES>
		<LCS_MIN>[0.09150481224060059, 0.08084061741828918, 0.08288617432117462, 0.1428893357515335, 0.2290211319923401, 0.16018114984035492]</LCS_MIN>
		<LCS_MAX>[0.12791582942008972, 0.12848857045173645, 0.15873561799526215, 0.23720340430736542, 0.3289264142513275, 0.2591590881347656]</LCS_MAX>
		<WAVELENGTH>[0.48, 0.56, 0.655, 0.865, 1.61, 2.2]</WAVELENGTH>
		<MEAN_VALUE>[0.10361751913677804, 0.09931805779421048, 0.11949195691665937, 0.1958628754976183, 0.27696136155100737, 0.20505306491325057]</MEAN_VALUE>
		<CHECKBOX>2</CHECKBOX>
		<SD>[0.005336557696162168, 0.007543243343131701, 0.011916204350765321, 0.021259579719976582, 0.024947882112897113, 0.021114276685352276]</SD>
		<WAVELENGTH_UNIT>E-6m</WAVELENGTH_UNIT>
		<COLOR>#dc5fe3</COLOR>
		<COVARIANCE_MATRIX>[[3.4998185583390296e-05, 4.253628139849752e-05, 4.431514025782235e-05, 4.9931615649256855e-05, 4.43302997155115e-05, 4.535982589004561e-05], [4.253628139849752e-05, 6.322519038803875e-05, 8.027518197195604e-05, 8.702199556864798e-05, 9.490743832429871e-05, 8.778419578447938e-05], [4.431514025782235e-05, 8.027518197195604e-05, 0.0001429327530786395, 0.00011630695371422917, 0.0002025563589995727, 0.00017410005966667086], [4.9931615649256855e-05, 8.702199556864798e-05, 0.00011630695371422917, 0.0004657469689846039, 0.0002901146945077926, 2.012580807786435e-05], [4.43302997155115e-05, 9.490743832429871e-05, 0.0002025563589995727, 0.0002901146945077926, 0.0006251243758015335, 0.0003776072699110955], [4.535982589004561e-05, 8.778419578447938e-05, 0.00017410005966667086, 2.012580807786435e-05, 0.0003776072699110955, 0.0004573063924908638]]</COVARIANCE_MATRIX>
		<ROI_SIZE>3440</ROI_SIZE>
		<MAX_VALUE>[0.12791582942008972, 0.12848857045173645, 0.15873561799526215, 0.23720340430736542, 0.3289264142513275, 0.2591590881347656]</MAX_VALUE>
		<MIN_VALUE>[0.09150481224060059, 0.08084061741828918, 0.08288617432117462, 0.1428893357515335, 0.2290211319923401, 0.16018114984035492]</MIN_VALUE>
		<SIGNATURE_THRESHOLD_MD>0.0</SIGNATURE_THRESHOLD_MD>
		<SIGNATURE_THRESHOLD_ML>0.0</SIGNATURE_THRESHOLD_ML>
		<SIGNATURE_THRESHOLD_SAM>0.0</SIGNATURE_THRESHOLD_SAM>
	</signature>
	<signature ID="20210507_111938866517_309">
		<MACROCLASSID>3</MACROCLASSID>
		<MACROCLASSINFO>bareland</MACROCLASSINFO>
		<CLASSID>7</CLASSID>
		<CLASSINFO>C 1</CLASSINFO>
		<VALUES>[0.11101700322277186, 0.0065665303872997505, 0.11436606078283994, 0.009483198304897899, 0.1453004374176144, 0.014899920814459053, 0.26836611356908835, 0.02100356758373001, 0.3410086707160697, 0.02373712587437709, 0.227936648991047, 0.018509504318979277]</VALUES>
		<LCS_MIN>[0.09663234651088715, 0.09344126284122467, 0.1116604208946228, 0.23087577521800995, 0.29987943172454834, 0.19012819230556488]</LCS_MIN>
		<LCS_MAX>[0.13320700824260712, 0.14398029446601868, 0.18369148671627045, 0.3307265043258667, 0.39975741505622864, 0.27514174580574036]</LCS_MAX>
		<WAVELENGTH>[0.48, 0.56, 0.655, 0.865, 1.61, 2.2]</WAVELENGTH>
		<MEAN_VALUE>[0.11101700322277186, 0.11436606078283994, 0.1453004374176144, 0.26836611356908835, 0.3410086707160697, 0.227936648991047]</MEAN_VALUE>
		<CHECKBOX>2</CHECKBOX>
		<SD>[0.0065665303872997505, 0.009483198304897899, 0.014899920814459053, 0.02100356758373001, 0.02373712587437709, 0.018509504318979277]</SD>
		<WAVELENGTH_UNIT>E-6m</WAVELENGTH_UNIT>
		<COLOR>#e6655f</COLOR>
		<COVARIANCE_MATRIX>[[4.197340604150668e-05, 5.733201760449447e-05, 8.18779953988269e-05, 7.605312566738576e-05, 0.00010969206050503999, 9.91516062640585e-05], [5.733201760449447e-05, 8.584434544900432e-05, 0.00012783818237949163, 0.00013794277037959546, 0.00016685033915564418, 0.00013722361472900957], [8.18779953988269e-05, 0.00012783818237949163, 0.00020382425282150507, 0.00023852477897889912, 0.0002531941863708198, 0.0001902280346257612], [7.605312566738576e-05, 0.00013794277037959546, 0.00023852477897889912, 0.0004350862873252481, 0.0003302400291431695, 0.00018613880092743784], [0.00010969206050503999, 0.00016685033915564418, 0.0002531941863708198, 0.0003302400291431695, 0.0005764418747276068, 0.00043323944555595517], [9.91516062640585e-05, 0.00013722361472900957, 0.0001902280346257612, 0.00018613880092743784, 0.00043323944555595517, 0.00038124763523228467]]</COVARIANCE_MATRIX>
		<ROI_SIZE>1652</ROI_SIZE>
		<MAX_VALUE>[0.13320700824260712, 0.14398029446601868, 0.18369148671627045, 0.3307265043258667, 0.39975741505622864, 0.27514174580574036]</MAX_VALUE>
		<MIN_VALUE>[0.09663234651088715, 0.09344126284122467, 0.1116604208946228, 0.23087577521800995, 0.29987943172454834, 0.19012819230556488]</MIN_VALUE>
		<SIGNATURE_THRESHOLD_MD>0.0</SIGNATURE_THRESHOLD_MD>
		<SIGNATURE_THRESHOLD_ML>0.0</SIGNATURE_THRESHOLD_ML>
		<SIGNATURE_THRESHOLD_SAM>0.0</SIGNATURE_THRESHOLD_SAM>
	</signature>
	<signature ID="20210507_111945672962_854">
		<MACROCLASSID>3</MACROCLASSID>
		<MACROCLASSINFO>bareland</MACROCLASSINFO>
		<CLASSID>8</CLASSID>
		<CLASSINFO>C 1</CLASSINFO>
		<VALUES>[0.08818163938588093, 0.00393884321826408, 0.0784921693930521, 0.005347411808702505, 0.08508728409914099, 0.008051986351878922, 0.18275917479031392, 0.01640884410465448, 0.25764219567930136, 0.02581943567511702, 0.1719454324717142, 0.018482051933818824]</VALUES>
		<LCS_MIN>[0.07827684283256531, 0.06605802476406097, 0.06491249799728394, 0.1335342973470688, 0.21194753050804138, 0.12925224006175995]</LCS_MIN>
		<LCS_MAX>[0.12597934901714325, 0.11436054855585098, 0.12349740415811539, 0.21399307250976562, 0.3118254840373993, 0.21339307725429535]</LCS_MAX>
		<WAVELENGTH>[0.48, 0.56, 0.655, 0.865, 1.61, 2.2]</WAVELENGTH>
		<MEAN_VALUE>[0.08818163938588093, 0.0784921693930521, 0.08508728409914099, 0.18275917479031392, 0.25764219567930136, 0.1719454324717142]</MEAN_VALUE>
		<CHECKBOX>2</CHECKBOX>
		<SD>[0.00393884321826408, 0.005347411808702505, 0.008051986351878922, 0.01640884410465448, 0.02581943567511702, 0.018482051933818824]</SD>
		<WAVELENGTH_UNIT>E-6m</WAVELENGTH_UNIT>
		<COLOR>#5f2813</COLOR>
		<COVARIANCE_MATRIX>[[1.4476167962129693e-05, 1.8268128769705072e-05, 2.5623003239161335e-05, 2.9628878110088408e-05, 6.215745816007257e-05, 5.409728692029603e-05], [1.8268128769705072e-05, 2.8179252694826573e-05, 3.9652601117268205e-05, 5.6431359553243965e-05, 9.470820805290714e-05, 7.622713746968657e-05], [2.5623003239161335e-05, 3.9652601117268205e-05, 6.507681246148422e-05, 7.61875489843078e-05, 0.00016132275050040334, 0.00012148592941230163], [2.9628878110088408e-05, 5.6431359553243965e-05, 7.61875489843078e-05, 0.00026060332311317325, 0.0003009550564456731, 0.00017884242697618902], [6.215745816007257e-05, 9.470820805290714e-05, 0.00016132275050040334, 0.0003009550564456731, 0.000687595282215625, 0.0004497418995015323], [5.409728692029603e-05, 7.622713746968657e-05, 0.00012148592941230163, 0.00017884242697618902, 0.0004497418995015323, 0.0003489382506813854]]</COVARIANCE_MATRIX>
		<ROI_SIZE>3941</ROI_SIZE>
		<MAX_VALUE>[0.12597934901714325, 0.11436054855585098, 0.12349740415811539, 0.21399307250976562, 0.3118254840373993, 0.21339307725429535]</MAX_VALUE>
		<MIN_VALUE>[0.07827684283256531, 0.06605802476406097, 0.06491249799728394, 0.1335342973470688, 0.21194753050804138, 0.12925224006175995]</MIN_VALUE>
		<SIGNATURE_THRESHOLD_MD>0.0</SIGNATURE_THRESHOLD_MD>
		<SIGNATURE_THRESHOLD_ML>0.0</SIGNATURE_THRESHOLD_ML>
		<SIGNATURE_THRESHOLD_SAM>0.0</SIGNATURE_THRESHOLD_SAM>
	</signature>
	<signature ID="20210507_112015568525_103">
		<MACROCLASSID>3</MACROCLASSID>
		<MACROCLASSINFO>bareland</MACROCLASSINFO>
		<CLASSID>9</CLASSID>
		<CLASSINFO>C 1</CLASSINFO>
		<VALUES>[0.13816260474110104, 0.01567428165533058, 0.1606754398751027, 0.019575309690347556, 0.20427297330597075, 0.02308830088724302, 0.2620994982017285, 0.023206030478844928, 0.32718827192065786, 0.025234090615851544, 0.262978273012877, 0.024210239892159424]</VALUES>
		<LCS_MIN>[0.10590555518865585, 0.11457875370979309, 0.15186253190040588, 0.20570175349712372, 0.27102336287498474, 0.20733819901943207]</LCS_MIN>
		<LCS_MAX>[0.1850551813840866, 0.2049107849597931, 0.24983133375644684, 0.3017340898513794, 0.3701103925704956, 0.3061252236366272]</LCS_MAX>
		<WAVELENGTH>[0.48, 0.56, 0.655, 0.865, 1.61, 2.2]</WAVELENGTH>
		<MEAN_VALUE>[0.13816260474110104, 0.1606754398751027, 0.20427297330597075, 0.2620994982017285, 0.32718827192065786, 0.262978273012877]</MEAN_VALUE>
		<CHECKBOX>2</CHECKBOX>
		<SD>[0.01567428165533058, 0.019575309690347556, 0.02308830088724302, 0.023206030478844928, 0.025234090615851544, 0.024210239892159424]</SD>
		<WAVELENGTH_UNIT>E-6m</WAVELENGTH_UNIT>
		<COLOR>#09c588</COLOR>
		<COVARIANCE_MATRIX>[[0.0002464807766955346, 0.00027785077691078186, 0.00027085066540166736, 0.00021847030438948423, 4.733580135507509e-05, 0.00012102595064789057], [0.00027785077691078186, 0.00038443689118139446, 0.00040488800732418895, 0.00035878107883036137, 0.00016847423103172332, 0.00023949983005877584], [0.00027085066540166736, 0.00040488800732418895, 0.0005348004051484168, 0.0004933906020596623, 0.0003662758390419185, 0.00038091547321528196], [0.00021847030438948423, 0.00035878107883036137, 0.0004933906020596623, 0.0005402683163993061, 0.00043035982525907457, 0.0004349573573563248], [4.733580135507509e-05, 0.00016847423103172332, 0.0003662758390419185, 0.00043035982525907457, 0.0006388267502188683, 0.0005378309870138764], [0.00012102595064789057, 0.00023949983005877584, 0.00038091547321528196, 0.0004349573573563248, 0.0005378309870138764, 0.0005880387616343796]]</COVARIANCE_MATRIX>
		<ROI_SIZE>309</ROI_SIZE>
		<MAX_VALUE>[0.1850551813840866, 0.2049107849597931, 0.24983133375644684, 0.3017340898513794, 0.3701103925704956, 0.3061252236366272]</MAX_VALUE>
		<MIN_VALUE>[0.10590555518865585, 0.11457875370979309, 0.15186253190040588, 0.20570175349712372, 0.27102336287498474, 0.20733819901943207]</MIN_VALUE>
		<SIGNATURE_THRESHOLD_MD>0.0</SIGNATURE_THRESHOLD_MD>
		<SIGNATURE_THRESHOLD_ML>0.0</SIGNATURE_THRESHOLD_ML>
		<SIGNATURE_THRESHOLD_SAM>0.0</SIGNATURE_THRESHOLD_SAM>
	</signature>
	<signature ID="20210507_112022019088_462">
		<MACROCLASSID>3</MACROCLASSID>
		<MACROCLASSINFO>bareland</MACROCLASSINFO>
		<CLASSID>10</CLASSID>
		<CLASSINFO>C 1</CLASSINFO>
		<VALUES>[0.14779642812155802, 0.011537749494033077, 0.19176588392038957, 0.016297199409586394, 0.2595984867406549, 0.018802217326676515, 0.32836665582219393, 0.02028940564879334, 0.4193555174070761, 0.020242679325988305, 0.33220480724212237, 0.017700911891019157]</VALUES>
		<LCS_MIN>[0.12906132638454437, 0.1569627970457077, 0.2188478708267212, 0.28815150260925293, 0.3780471980571747, 0.2948882281780243]</LCS_MIN>
		<LCS_MAX>[0.18175499141216278, 0.23251225054264069, 0.3012431263923645, 0.3770107328891754, 0.461342453956604, 0.367873877286911]</LCS_MAX>
		<WAVELENGTH>[0.48, 0.56, 0.655, 0.865, 1.61, 2.2]</WAVELENGTH>
		<MEAN_VALUE>[0.14779642812155802, 0.19176588392038957, 0.2595984867406549, 0.32836665582219393, 0.4193555174070761, 0.33220480724212237]</MEAN_VALUE>
		<CHECKBOX>2</CHECKBOX>
		<SD>[0.011537749494033077, 0.016297199409586394, 0.018802217326676515, 0.02028940564879334, 0.020242679325988305, 0.017700911891019157]</SD>
		<WAVELENGTH_UNIT>E-6m</WAVELENGTH_UNIT>
		<COLOR>#4039ef</COLOR>
		<COVARIANCE_MATRIX>[[0.00013435225991997868, 0.00016019342001527548, 0.0001790167880244553, 0.00019254596554674208, 0.0001415023725712672, 7.883036596467718e-05], [0.00016019342001527548, 0.00026805794914253056, 0.0002972215588670224, 0.00030073855305090547, 0.00025234109489247203, 0.00015336477372329682], [0.0001790167880244553, 0.0002972215588670224, 0.0003567967505659908, 0.00036860277759842575, 0.00032659986754879355, 0.0002184583863709122], [0.00019254596554674208, 0.00030073855305090547, 0.00036860277759842575, 0.0004154716443736106, 0.00036524783354252577, 0.00026878537028096616], [0.0001415023725712672, 0.00025234109489247203, 0.00032659986754879355, 0.00036524783354252577, 0.0004135601921007037, 0.00030634741415269673], [7.883036596467718e-05, 0.00015336477372329682, 0.0002184583863709122, 0.00026878537028096616, 0.00030634741415269673, 0.0003162234206683934]]</COVARIANCE_MATRIX>
		<ROI_SIZE>109</ROI_SIZE>
		<MAX_VALUE>[0.18175499141216278, 0.23251225054264069, 0.3012431263923645, 0.3770107328891754, 0.461342453956604, 0.367873877286911]</MAX_VALUE>
		<MIN_VALUE>[0.12906132638454437, 0.1569627970457077, 0.2188478708267212, 0.28815150260925293, 0.3780471980571747, 0.2948882281780243]</MIN_VALUE>
		<SIGNATURE_THRESHOLD_MD>0.0</SIGNATURE_THRESHOLD_MD>
		<SIGNATURE_THRESHOLD_ML>0.0</SIGNATURE_THRESHOLD_ML>
		<SIGNATURE_THRESHOLD_SAM>0.0</SIGNATURE_THRESHOLD_SAM>
	</signature>
	<signature ID="20210507_112046249968_545">
		<MACROCLASSID>2</MACROCLASSID>
		<MACROCLASSINFO>vegetation</MACROCLASSINFO>
		<CLASSID>11</CLASSID>
		<CLASSINFO>C 1</CLASSINFO>
		<VALUES>[0.111549239678434, 0.0032888129770826517, 0.09370461609108896, 0.005033360675457647, 0.07423534962362142, 0.007741688906818104, 0.3028268526955534, 0.01845356932739646, 0.17255131559471099, 0.01806984960120523, 0.08755720548082906, 0.015312796667331907]</VALUES>
		<LCS_MIN>[0.10549645870923996, 0.08253161609172821, 0.058884914964437485, 0.27178701758384705, 0.1188335120677948, 0.048848025500774384]</LCS_MIN>
		<LCS_MAX>[0.1362617164850235, 0.12589752674102783, 0.1092875525355339, 0.3691285252571106, 0.21813875436782837, 0.1307523250579834]</LCS_MAX>
		<WAVELENGTH>[0.48, 0.56, 0.655, 0.865, 1.61, 2.2]</WAVELENGTH>
		<MEAN_VALUE>[0.111549239678434, 0.09370461609108896, 0.07423534962362142, 0.3028268526955534, 0.17255131559471099, 0.08755720548082906]</MEAN_VALUE>
		<CHECKBOX>2</CHECKBOX>
		<SD>[0.0032888129770826517, 0.005033360675457647, 0.007741688906818104, 0.01845356932739646, 0.01806984960120523, 0.015312796667331907]</SD>
		<WAVELENGTH_UNIT>E-6m</WAVELENGTH_UNIT>
		<COLOR>#eff23d</COLOR>
		<COVARIANCE_MATRIX>[[1.0823110642377287e-05, 1.4213575013855007e-05, 2.1657782781403512e-05, -1.2369657270028256e-05, 3.1692128686700016e-05, 3.364175063325092e-05], [1.4213575013855007e-05, 2.5350693249492906e-05, 3.644832395366393e-05, -1.5616125892847776e-05, 5.141576548339799e-05, 5.628863436868414e-05], [2.1657782781403512e-05, 3.644832395366393e-05, 5.9971534938085824e-05, -4.21118747908622e-05, 9.186835086438805e-05, 9.943007898982614e-05], [-1.2369657270028256e-05, -1.5616125892847776e-05, -4.21118747908622e-05, 0.0003407489275559783, 1.1389656719984487e-05, -7.052489672787488e-05], [3.1692128686700016e-05, 5.141576548339799e-05, 9.186835086438805e-05, 1.1389656719984487e-05, 0.00032672533416189253, 0.0002536332467570901], [3.364175063325092e-05, 5.628863436868414e-05, 9.943007898982614e-05, -7.052489672787488e-05, 0.0002536332467570901, 0.0002346295805182308]]</COVARIANCE_MATRIX>
		<ROI_SIZE>1587</ROI_SIZE>
		<MAX_VALUE>[0.1362617164850235, 0.12589752674102783, 0.1092875525355339, 0.3691285252571106, 0.21813875436782837, 0.1307523250579834]</MAX_VALUE>
		<MIN_VALUE>[0.10549645870923996, 0.08253161609172821, 0.058884914964437485, 0.27178701758384705, 0.1188335120677948, 0.048848025500774384]</MIN_VALUE>
		<SIGNATURE_THRESHOLD_MD>0.0</SIGNATURE_THRESHOLD_MD>
		<SIGNATURE_THRESHOLD_ML>0.0</SIGNATURE_THRESHOLD_ML>
		<SIGNATURE_THRESHOLD_SAM>0.0</SIGNATURE_THRESHOLD_SAM>
	</signature>
	<signature ID="20210507_112917920926_525">
		<MACROCLASSID>2</MACROCLASSID>
		<MACROCLASSINFO>vegetation</MACROCLASSINFO>
		<CLASSID>12</CLASSID>
		<CLASSINFO>C 1</CLASSINFO>
		<VALUES>[0.08048634902174645, 0.003370951578527135, 0.0668021351108684, 0.004686901366327637, 0.05757343299604715, 0.009358217406574493, 0.1848018454662165, 0.02213571551209789, 0.13969560013449395, 0.023420482255136064, 0.08316010200961842, 0.020561961543619382]</VALUES>
		<LCS_MIN>[0.0746493712067604, 0.054930154234170914, 0.040747594088315964, 0.1195971891283989, 0.09038657695055008, 0.042929522693157196]</LCS_MIN>
		<LCS_MAX>[0.10211446136236191, 0.08725003898143768, 0.09406858682632446, 0.2192024290561676, 0.18977363407611847, 0.13099780678749084]</LCS_MAX>
		<WAVELENGTH>[0.48, 0.56, 0.655, 0.865, 1.61, 2.2]</WAVELENGTH>
		<MEAN_VALUE>[0.08048634902174645, 0.0668021351108684, 0.05757343299604715, 0.1848018454662165, 0.13969560013449395, 0.08316010200961842]</MEAN_VALUE>
		<CHECKBOX>2</CHECKBOX>
		<SD>[0.003370951578527135, 0.004686901366327637, 0.009358217406574493, 0.02213571551209789, 0.023420482255136064, 0.020561961543619382]</SD>
		<WAVELENGTH_UNIT>E-6m</WAVELENGTH_UNIT>
		<COLOR>#80466a</COLOR>
		<COVARIANCE_MATRIX>[[1.1324092156428378e-05, 1.4755695701751392e-05, 2.8908971216878854e-05, -1.4449899936153088e-05, 5.719903492718004e-05, 5.6413147831335664e-05], [1.4755695701751392e-05, 2.5535451641189866e-05, 4.247003744239919e-05, 1.817337761167437e-05, 8.258188609033823e-05, 7.352129614446312e-05], [2.8908971216878854e-05, 4.247003744239919e-05, 8.544048614567146e-05, -2.7104604669148102e-05, 0.00016864346980582923, 0.00015889824135228992], [-1.4449899936153088e-05, 1.817337761167437e-05, -2.7104604669148102e-05, 0.0005349795683287084, 5.518352554645389e-05, -0.0001046278775902465], [5.719903492718004e-05, 8.258188609033823e-05, 0.00016864346980582923, 5.518352554645389e-05, 0.0005289149703457952, 0.0004216850793454796], [5.6413147831335664e-05, 7.352129614446312e-05, 0.00015889824135228992, -0.0001046278775902465, 0.0004216850793454796, 0.000414105859817937]]</COVARIANCE_MATRIX>
		<ROI_SIZE>3032</ROI_SIZE>
		<MAX_VALUE>[0.10211446136236191, 0.08725003898143768, 0.09406858682632446, 0.2192024290561676, 0.18977363407611847, 0.13099780678749084]</MAX_VALUE>
		<MIN_VALUE>[0.0746493712067604, 0.054930154234170914, 0.040747594088315964, 0.1195971891283989, 0.09038657695055008, 0.042929522693157196]</MIN_VALUE>
		<SIGNATURE_THRESHOLD_MD>0.0</SIGNATURE_THRESHOLD_MD>
		<SIGNATURE_THRESHOLD_ML>0.0</SIGNATURE_THRESHOLD_ML>
		<SIGNATURE_THRESHOLD_SAM>0.0</SIGNATURE_THRESHOLD_SAM>
	</signature>
	<signature ID="20210507_112928256492_750">
		<MACROCLASSID>2</MACROCLASSID>
		<MACROCLASSINFO>vegetation</MACROCLASSINFO>
		<CLASSID>13</CLASSID>
		<CLASSINFO>C 1</CLASSINFO>
		<VALUES>[0.08406930458565103, 0.0025240255973993167, 0.07094854885281493, 0.00414148448114741, 0.053580468975565725, 0.006085619337685944, 0.26024563958085667, 0.024959952425111193, 0.17085457058314013, 0.022285480642467152, 0.08412582512447433, 0.014541258013618823]</VALUES>
		<LCS_MIN>[0.0768040269613266, 0.060357704758644104, 0.04085669666528702, 0.21661140024662018, 0.11280592530965805, 0.04813889041543007]</LCS_MIN>
		<LCS_MAX>[0.10467824339866638, 0.0981324315071106, 0.09057749062776566, 0.3165166676044464, 0.21017469465732574, 0.12548841536045074]</LCS_MAX>
		<WAVELENGTH>[0.48, 0.56, 0.655, 0.865, 1.61, 2.2]</WAVELENGTH>
		<MEAN_VALUE>[0.08406930458565103, 0.07094854885281493, 0.053580468975565725, 0.26024563958085667, 0.17085457058314013, 0.08412582512447433]</MEAN_VALUE>
		<CHECKBOX>2</CHECKBOX>
		<SD>[0.0025240255973993167, 0.00414148448114741, 0.006085619337685944, 0.024959952425111193, 0.022285480642467152, 0.014541258013618823]</SD>
		<WAVELENGTH_UNIT>E-6m</WAVELENGTH_UNIT>
		<COLOR>#cabc9c</COLOR>
		<COVARIANCE_MATRIX>[[5.807701199955773e-06, 8.885111128620338e-06, 1.2733280527754687e-05, 6.0849179135402665e-06, 3.871349690598436e-05, 2.7432135539129376e-05], [8.885111128620338e-06, 1.6939562556217425e-05, 2.2159729269333184e-05, 2.827180469466839e-05, 7.32119515305385e-05, 4.7577534132869914e-05], [1.2733280527754687e-05, 2.2159729269333184e-05, 3.465182089712471e-05, -8.409149359067669e-07, 0.00010155979543924332, 7.355973502853885e-05], [6.0849179135402665e-06, 2.827180469466839e-05, -8.409149359067669e-07, 0.0006145185907371342, 0.00023319848696701229, 6.406642933143303e-05], [3.871349690598436e-05, 7.32119515305385e-05, 0.00010155979543924332, 0.00023319848696701229, 0.000491661427076906, 0.00029584462754428387], [2.7432135539129376e-05, 4.7577534132869914e-05, 7.355973502853885e-05, 6.406642933143303e-05, 0.00029584462754428387, 0.00020299044263083488]]</COVARIANCE_MATRIX>
		<ROI_SIZE>2622</ROI_SIZE>
		<MAX_VALUE>[0.10467824339866638, 0.0981324315071106, 0.09057749062776566, 0.3165166676044464, 0.21017469465732574, 0.12548841536045074]</MAX_VALUE>
		<MIN_VALUE>[0.0768040269613266, 0.060357704758644104, 0.04085669666528702, 0.21661140024662018, 0.11280592530965805, 0.04813889041543007]</MIN_VALUE>
		<SIGNATURE_THRESHOLD_MD>0.0</SIGNATURE_THRESHOLD_MD>
		<SIGNATURE_THRESHOLD_ML>0.0</SIGNATURE_THRESHOLD_ML>
		<SIGNATURE_THRESHOLD_SAM>0.0</SIGNATURE_THRESHOLD_SAM>
	</signature>
	<signature ID="20210507_112941632876_146">
		<MACROCLASSID>2</MACROCLASSID>
		<MACROCLASSINFO>vegetation</MACROCLASSINFO>
		<CLASSID>14</CLASSID>
		<CLASSINFO>C 1</CLASSINFO>
		<VALUES>[0.0993236152849493, 0.004859637552135991, 0.08825946299046505, 0.007985790283277228, 0.07343754862999388, 0.012409416135111715, 0.2703660492153058, 0.022777302083994207, 0.20534681023037368, 0.025460881364449604, 0.11311639818179343, 0.021543667890969356]</VALUES>
		<LCS_MIN>[0.08954107016324997, 0.07233107089996338, 0.04999353364109993, 0.22992119193077087, 0.1555718183517456, 0.06826722621917725]</LCS_MIN>
		<LCS_MAX>[0.12472474575042725, 0.12398833781480789, 0.12300647795200348, 0.3293900489807129, 0.25547707080841064, 0.16061753034591675]</LCS_MAX>
		<WAVELENGTH>[0.48, 0.56, 0.655, 0.865, 1.61, 2.2]</WAVELENGTH>
		<MEAN_VALUE>[0.0993236152849493, 0.08825946299046505, 0.07343754862999388, 0.2703660492153058, 0.20534681023037368, 0.11311639818179343]</MEAN_VALUE>
		<CHECKBOX>2</CHECKBOX>
		<SD>[0.004859637552135991, 0.007985790283277228, 0.012409416135111715, 0.022777302083994207, 0.025460881364449604, 0.021543667890969356]</SD>
		<WAVELENGTH_UNIT>E-6m</WAVELENGTH_UNIT>
		<COLOR>#8b5436</COLOR>
		<COVARIANCE_MATRIX>[[2.059720100078266e-05, 3.019248651980888e-05, 5.0441471103113145e-05, -1.0119389116880484e-05, 8.369248826056719e-05, 8.1588004832156e-05], [3.019248651980888e-05, 5.404608600656502e-05, 8.336070459336042e-05, 1.6262827557511628e-05, 0.0001369852398056537, 0.0001273763773497194], [5.0441471103113145e-05, 8.336070459336042e-05, 0.00014093694335315377, -2.9472732421709225e-05, 0.00022723853180650622, 0.00021852532518096268], [-1.0119389116880484e-05, 1.6262827557511628e-05, -2.9472732421709225e-05, 0.00052702019456774, 9.758501255419105e-05, -2.8976388421142474e-05], [8.369248826056719e-05, 0.0001369852398056537, 0.00022723853180650622, 9.758501255419105e-05, 0.0006431097281165421, 0.0005089251790195704], [8.1588004832156e-05, 0.0001273763773497194, 0.00021852532518096268, -2.8976388421142474e-05, 0.0005089251790195704, 0.0004548862052615732]]</COVARIANCE_MATRIX>
		<ROI_SIZE>2521</ROI_SIZE>
		<MAX_VALUE>[0.12472474575042725, 0.12398833781480789, 0.12300647795200348, 0.3293900489807129, 0.25547707080841064, 0.16061753034591675]</MAX_VALUE>
		<MIN_VALUE>[0.08954107016324997, 0.07233107089996338, 0.04999353364109993, 0.22992119193077087, 0.1555718183517456, 0.06826722621917725]</MIN_VALUE>
		<SIGNATURE_THRESHOLD_MD>0.0</SIGNATURE_THRESHOLD_MD>
		<SIGNATURE_THRESHOLD_ML>0.0</SIGNATURE_THRESHOLD_ML>
		<SIGNATURE_THRESHOLD_SAM>0.0</SIGNATURE_THRESHOLD_SAM>
	</signature>
	<signature ID="20210507_112949797397_218">
		<MACROCLASSID>2</MACROCLASSID>
		<MACROCLASSINFO>vegetation</MACROCLASSINFO>
		<CLASSID>15</CLASSID>
		<CLASSINFO>C 1</CLASSINFO>
		<VALUES>[0.0955442145732465, 0.003642013498465383, 0.08537161526552466, 0.004873971443085801, 0.066711866521734, 0.006711686428818815, 0.3007175162845146, 0.023051755136903572, 0.21257630495333404, 0.020934170546693154, 0.10523830087345269, 0.015331711294896204]</VALUES>
		<LCS_MIN>[0.0869772881269455, 0.07347659021615982, 0.0520663782954216, 0.26434117555618286, 0.16222670674324036, 0.07006732374429703]</LCS_MIN>
		<LCS_MAX>[0.1048964262008667, 0.1016235277056694, 0.0945049598813057, 0.3638918995857239, 0.2619410455226898, 0.15178070962429047]</LCS_MAX>
		<WAVELENGTH>[0.48, 0.56, 0.655, 0.865, 1.61, 2.2]</WAVELENGTH>
		<MEAN_VALUE>[0.0955442145732465, 0.08537161526552466, 0.066711866521734, 0.3007175162845146, 0.21257630495333404, 0.10523830087345269]</MEAN_VALUE>
		<CHECKBOX>2</CHECKBOX>
		<SD>[0.003642013498465383, 0.004873971443085801, 0.006711686428818815, 0.023051755136903572, 0.020934170546693154, 0.015331711294896204]</SD>
		<WAVELENGTH_UNIT>E-6m</WAVELENGTH_UNIT>
		<COLOR>#362e31</COLOR>
		<COVARIANCE_MATRIX>[[1.4625863514083903e-05, 1.727021299302578e-05, 2.3153254005592316e-05, 5.363420314097311e-06, 4.366249413578771e-05, 3.0727511330042034e-05], [1.727021299302578e-05, 2.936598139058333e-05, 3.40602382493671e-05, 4.1020750359166414e-05, 6.262062379391864e-05, 3.939442103728652e-05], [2.3153254005592316e-05, 3.40602382493671e-05, 5.1865885325241834e-05, -4.960752448823769e-06, 0.00010454288712935522, 7.855379953980446e-05], [5.363420314097311e-06, 4.1020750359166414e-05, -4.960752448823769e-06, 0.0005842882092110813, 7.555053161922842e-05, -4.29596402682364e-05], [4.366249413578771e-05, 6.262062379391864e-05, 0.00010454288712935522, 7.555053161922842e-05, 0.0004383829073049128, 0.00029654090758413076], [3.0727511330042034e-05, 3.939442103728652e-05, 7.855379953980446e-05, -4.29596402682364e-05, 0.00029654090758413076, 0.00022808539506513625]]</COVARIANCE_MATRIX>
		<ROI_SIZE>2248</ROI_SIZE>
		<MAX_VALUE>[0.1048964262008667, 0.1016235277056694, 0.0945049598813057, 0.3638918995857239, 0.2619410455226898, 0.15178070962429047]</MAX_VALUE>
		<MIN_VALUE>[0.0869772881269455, 0.07347659021615982, 0.0520663782954216, 0.26434117555618286, 0.16222670674324036, 0.07006732374429703]</MIN_VALUE>
		<SIGNATURE_THRESHOLD_MD>0.0</SIGNATURE_THRESHOLD_MD>
		<SIGNATURE_THRESHOLD_ML>0.0</SIGNATURE_THRESHOLD_ML>
		<SIGNATURE_THRESHOLD_SAM>0.0</SIGNATURE_THRESHOLD_SAM>
	</signature>
	<signature ID="20210507_112956770472_456">
		<MACROCLASSID>2</MACROCLASSID>
		<MACROCLASSINFO>vegetation</MACROCLASSINFO>
		<CLASSID>16</CLASSID>
		<CLASSINFO>C 1</CLASSINFO>
		<VALUES>[0.08663175760285169, 0.0026128384460760603, 0.07189258481410875, 0.004193511089902823, 0.050850453280626796, 0.005149280622175508, 0.2914068079938669, 0.024058467470976688, 0.16453927559988157, 0.021568235914712568, 0.07501916758211936, 0.01267871938493184]</VALUES>
		<LCS_MIN>[0.08040422946214676, 0.06341241300106049, 0.04175674542784691, 0.23673972487449646, 0.1288704127073288, 0.0510844960808754]</LCS_MIN>
		<LCS_MAX>[0.09783241152763367, 0.09052295237779617, 0.07606764137744904, 0.33661770820617676, 0.22572098672389984, 0.11910625547170639]</LCS_MAX>
		<WAVELENGTH>[0.48, 0.56, 0.655, 0.865, 1.61, 2.2]</WAVELENGTH>
