<?xml version="1.0" ?>
<signaturelist MCID_LIST="[['1', 'waterbody', '#000000'], ['2', 'vegetation', '#000000'], ['3', 'bareland', '#000000'], ['4', 'built-up', '#000000']]">
	<signature ID="20210205_153444953792_665">
		<MACROCLASSID>1</MACROCLASSID>
		<MACROCLASSINFO>waterbody</MACROCLASSINFO>
		<CLASSID>1</CLASSID>
		<CLASSINFO>C 1</CLASSINFO>
		<VALUES>[0.08622338008612074, 0.0008719762967254751, 0.08838079838169641, 0.0011953502132486726, 0.06595908355575193, 0.001557613642889029, 0.026491745800752826, 0.0015828791897533711, 0.0072569941435792935, 0.0008704542319639445, 0.004067677156747232, 0.0006147917081872473]</VALUES>
		<LCS_MIN>[0.0841953232884407, 0.08130428194999695, 0.059484947472810745, 0.02367396652698517, 0.005918483715504408, 0.0030546991620212793]</LCS_MIN>
		<LCS_MAX>[0.09044111520051956, 0.09559592604637146, 0.07614945620298386, 0.03570186719298363, 0.015191704034805298, 0.01058236975222826]</LCS_MAX>
		<WAVELENGTH>[0.48, 0.56, 0.655, 0.865, 1.61, 2.2]</WAVELENGTH>
		<MEAN_VALUE>[0.08622338008612074, 0.08838079838169641, 0.06595908355575193, 0.026491745800752826, 0.0072569941435792935, 0.004067677156747232]</MEAN_VALUE>
		<CHECKBOX>2</CHECKBOX>
		<SD>[0.0008719762967254751, 0.0011953502132486726, 0.001557613642889029, 0.0015828791897533711, 0.0008704542319639445, 0.0006147917081872473]</SD>
		<WAVELENGTH_UNIT>E-6m</WAVELENGTH_UNIT>
		<COLOR>#79b071</COLOR>
		<COVARIANCE_MATRIX>[[8.746782576701125e-07, 9.811113808165004e-07, 1.3404132636284856e-06, 1.1445414782754734e-06, 4.3152564802195815e-07, 2.8369243261862353e-07], [9.811113808165004e-07, 1.7032893446928466e-06, 2.0234471187458447e-06, 1.0334334261718709e-06, 2.59355250412291e-07, 1.6536641900744093e-07], [1.3404132636284856e-06, 2.0234471187458447e-06, 2.7756115379715912e-06, 1.7749853506829976e-06, 5.465116137353517e-07, 3.66119433419828e-07], [1.1445414782754734e-06, 1.0334334261718709e-06, 1.7749853506829976e-06, 2.613417503271773e-06, 1.2182567473295479e-06, 7.953920771406954e-07], [4.3152564802195815e-07, 2.59355250412291e-07, 5.465116137353517e-07, 1.2182567473295479e-06, 7.440647938522207e-07, 4.742822804677411e-07], [2.8369243261862353e-07, 1.6536641900744093e-07, 3.66119433419828e-07, 7.953920771406954e-07, 4.742822804677411e-07, 3.570560448491468e-07]]</COVARIANCE_MATRIX>
		<ROI_SIZE>5120</ROI_SIZE>
		<MAX_VALUE>[0.09044111520051956, 0.09559592604637146, 0.07614945620298386, 0.03570186719298363, 0.015191704034805298, 0.01058236975222826]</MAX_VALUE>
		<MIN_VALUE>[0.0841953232884407, 0.08130428194999695, 0.059484947472810745, 0.02367396652698517, 0.005918483715504408, 0.0030546991620212793]</MIN_VALUE>
		<SIGNATURE_THRESHOLD_MD>0</SIGNATURE_THRESHOLD_MD>
		<SIGNATURE_THRESHOLD_ML>0</SIGNATURE_THRESHOLD_ML>
		<SIGNATURE_THRESHOLD_SAM>0</SIGNATURE_THRESHOLD_SAM>
	</signature>
	<signature ID="20210205_153459378547_752">
		<MACROCLASSID>1</MACROCLASSID>
		<MACROCLASSINFO>waterbody</MACROCLASSINFO>
		<CLASSID>2</CLASSID>
		<CLASSINFO>C 1</CLASSINFO>
		<VALUES>[0.09220151698815804, 0.001396035750026815, 0.08251354261198889, 0.003961294967824397, 0.06060551118417458, 0.004154443826687961, 0.0273972660978017, 0.0020042266210634923, 0.008838925670908299, 0.001369608535596603, 0.005358451250930314, 0.0012111158522578437]</VALUES>
		<LCS_MIN>[0.08948652446269989, 0.07781317830085754, 0.05528473109006882, 0.02416490763425827, 0.006627620197832584, 0.0037638251669704914]</LCS_MIN>
		<LCS_MAX>[0.096250519156456, 0.09622325003147125, 0.0751403197646141, 0.03608371689915657, 0.017128167673945427, 0.013609797693789005]</LCS_MAX>
		<WAVELENGTH>[0.48, 0.56, 0.655, 0.865, 1.61, 2.2]</WAVELENGTH>
		<MEAN_VALUE>[0.09220151698815804, 0.08251354261198889, 0.06060551118417458, 0.0273972660978017, 0.008838925670908299, 0.005358451250930314]</MEAN_VALUE>
		<CHECKBOX>2</CHECKBOX>
		<SD>[0.001396035750026815, 0.003961294967824397, 0.004154443826687961, 0.0020042266210634923, 0.001369608535596603, 0.0012111158522578437]</SD>
		<WAVELENGTH_UNIT>E-6m</WAVELENGTH_UNIT>
		<COLOR>#8dd671</COLOR>
		<COVARIANCE_MATRIX>[[3.3741247338260408e-06, 9.277898511586742e-06, 9.441282035251475e-06, 2.6939317629343332e-06, 9.40611213084028e-07, 7.424724558452615e-07], [9.277898511586742e-06, 2.7712513553245748e-05, 2.8146534341019173e-05, 7.475913617244068e-06, 2.4452462217042263e-06, 1.9210636366181934e-06], [9.441282035251475e-06, 2.8146534341019173e-05, 2.8834070337428724e-05, 8.029613109081663e-06, 2.8446054404461006e-06, 2.2356235444822956e-06], [2.6939317629343332e-06, 7.475913617244068e-06, 8.029613109081663e-06, 3.919516179624319e-06, 2.259247729374769e-06, 1.846378183615931e-06], [9.40611213084028e-07, 2.4452462217042263e-06, 2.8446054404461006e-06, 2.259247729374769e-06, 1.7631427968315142e-06, 1.455955931973615e-06], [7.424724558452615e-07, 1.9210636366181934e-06, 2.2356235444822956e-06, 1.846378183615931e-06, 1.455955931973615e-06, 1.350321736469593e-06]]</COVARIANCE_MATRIX>
		<ROI_SIZE>2868</ROI_SIZE>
		<MAX_VALUE>[0.096250519156456, 0.09622325003147125, 0.0751403197646141, 0.03608371689915657, 0.017128167673945427, 0.013609797693789005]</MAX_VALUE>
		<MIN_VALUE>[0.08948652446269989, 0.07781317830085754, 0.05528473109006882, 0.02416490763425827, 0.006627620197832584, 0.0037638251669704914]</MIN_VALUE>
		<SIGNATURE_THRESHOLD_MD>0</SIGNATURE_THRESHOLD_MD>
		<SIGNATURE_THRESHOLD_ML>0</SIGNATURE_THRESHOLD_ML>
		<SIGNATURE_THRESHOLD_SAM>0</SIGNATURE_THRESHOLD_SAM>
	</signature>
	<signature ID="20210205_153503735566_232">
		<MACROCLASSID>1</MACROCLASSID>
		<MACROCLASSINFO>waterbody</MACROCLASSINFO>
		<CLASSID>3</CLASSID>
		<CLASSINFO>C 1</CLASSINFO>
		<VALUES>[0.08620160745012581, 0.0007646683320374292, 0.06915738348692008, 0.0019628380022089875, 0.04838575068161889, 0.0019383500762703396, 0.02387341066588182, 0.001179167904542092, 0.006896860148813848, 0.0007771069580234148, 0.004055371229922953, 0.0006577527353459034]</VALUES>
		<LCS_MIN>[0.08422261476516724, 0.06275784224271774, 0.042929522693157196, 0.021682951599359512, 0.005673018284142017, 0.0031910722609609365]</LCS_MIN>
		<LCS_MAX>[0.08965016901493073, 0.07661311328411102, 0.0552029013633728, 0.03267443925142288, 0.015491720288991928, 0.013255240395665169]</LCS_MAX>
		<WAVELENGTH>[0.48, 0.56, 0.655, 0.865, 1.61, 2.2]</WAVELENGTH>
		<MEAN_VALUE>[0.08620160745012581, 0.06915738348692008, 0.04838575068161889, 0.02387341066588182, 0.006896860148813848, 0.004055371229922953]</MEAN_VALUE>
		<CHECKBOX>2</CHECKBOX>
		<SD>[0.0007646683320374292, 0.0019628380022089875, 0.0019383500762703396, 0.001179167904542092, 0.0007771069580234148, 0.0006577527353459034]</SD>
		<WAVELENGTH_UNIT>E-6m</WAVELENGTH_UNIT>
		<COLOR>#ce14fb</COLOR>
		<COVARIANCE_MATRIX>[[5.63184749172942e-07, 1.3212551103710826e-06, 1.2809066218779607e-06, 5.967017367051836e-07, 3.522674857224457e-07, 2.7004883865817656e-07], [1.3212551103710826e-06, 4.369913756489207e-06, 4.13416695107936e-06, 9.880852216242702e-07, 5.658773519813514e-07, 4.589890291916134e-07], [1.2809066218779607e-06, 4.13416695107936e-06, 4.067783151065474e-06, 1.0441834953816515e-06, 6.253798565057439e-07, 5.118943140097642e-07], [5.967017367051836e-07, 9.880852216242702e-07, 1.0441834953816515e-06, 1.5047777288178616e-06, 9.461644523781168e-07, 7.385277696763041e-07], [3.522674857224457e-07, 5.658773519813514e-07, 6.253798565057439e-07, 9.461644523781168e-07, 7.213660801794829e-07, 5.65298268320705e-07], [2.7004883865817656e-07, 4.589890291916134e-07, 5.118943140097642e-07, 7.385277696763041e-07, 5.65298268320705e-07, 5.006945421407203e-07]]</COVARIANCE_MATRIX>
		<ROI_SIZE>7696</ROI_SIZE>
		<MAX_VALUE>[0.08965016901493073, 0.07661311328411102, 0.0552029013633728, 0.03267443925142288, 0.015491720288991928, 0.013255240395665169]</MAX_VALUE>
		<MIN_VALUE>[0.08422261476516724, 0.06275784224271774, 0.042929522693157196, 0.021682951599359512, 0.005673018284142017, 0.0031910722609609365]</MIN_VALUE>
		<SIGNATURE_THRESHOLD_MD>0</SIGNATURE_THRESHOLD_MD>
		<SIGNATURE_THRESHOLD_ML>0</SIGNATURE_THRESHOLD_ML>
		<SIGNATURE_THRESHOLD_SAM>0</SIGNATURE_THRESHOLD_SAM>
	</signature>
	<signature ID="20210205_153754633468_641">
		<MACROCLASSID>1</MACROCLASSID>
		<MACROCLASSINFO>waterbody</MACROCLASSINFO>
		<CLASSID>4</CLASSID>
		<CLASSINFO>C 1</CLASSINFO>
		<VALUES>[0.09540853033667866, 0.002675528382145496, 0.08033532870738261, 0.003224932892961164, 0.05531297673923257, 0.002746261977911449, 0.03202143962160632, 0.00249106602673415, 0.011320254595191615, 0.0012907579492362443, 0.0065649488601132915, 0.0009315775391904865]</VALUES>
		<LCS_MIN>[0.09068659693002701, 0.07159467786550522, 0.04882075637578964, 0.026565032079815865, 0.007936779409646988, 0.004991163033992052]</LCS_MIN>
		<LCS_MAX>[0.10115987062454224, 0.08741367608308792, 0.06319423019886017, 0.04088396579027176, 0.020673807710409164, 0.015218974091112614]</LCS_MAX>
		<WAVELENGTH>[0.48, 0.56, 0.655, 0.865, 1.61, 2.2]</WAVELENGTH>
		<MEAN_VALUE>[0.09540853033667866, 0.08033532870738261, 0.05531297673923257, 0.03202143962160632, 0.011320254595191615, 0.0065649488601132915]</MEAN_VALUE>
		<CHECKBOX>2</CHECKBOX>
		<SD>[0.002675528382145496, 0.003224932892961164, 0.002746261977911449, 0.00249106602673415, 0.0012907579492362443, 0.0009315775391904865]</SD>
		<WAVELENGTH_UNIT>E-6m</WAVELENGTH_UNIT>
		<COLOR>#3e9ca1</COLOR>
		<COVARIANCE_MATRIX>[[7.161591795649818e-06, 6.57433742226665e-06, 6.285820481447614e-06, 5.083553560663249e-06, 1.314136885131989e-06, 6.198694251816703e-07], [6.57433742226665e-06, 1.0404753651893797e-05, 8.361417371926525e-06, 4.067386588281361e-06, 1.0415267441169601e-06, 5.734070254513731e-07], [6.285820481447614e-06, 8.361417371926525e-06, 7.545262726256912e-06, 4.7991719596473595e-06, 1.5074713817844745e-06, 8.963456867183581e-07], [5.083553560663249e-06, 4.067386588281361e-06, 4.7991719596473595e-06, 6.2081316205796524e-06, 2.6310780184003685e-06, 1.6566090687449615e-06], [1.314136885131989e-06, 1.0415267441169601e-06, 1.5074713817844745e-06, 2.6310780184003685e-06, 1.6667868098689785e-06, 1.1186950657626506e-06], [6.198694251816703e-07, 5.734070254513731e-07, 8.963456867183581e-07, 1.6566090687449615e-06, 1.1186950657626506e-06, 8.682173416608349e-07]]</COVARIANCE_MATRIX>
		<ROI_SIZE>2281</ROI_SIZE>
		<MAX_VALUE>[0.10115987062454224, 0.08741367608308792, 0.06319423019886017, 0.04088396579027176, 0.020673807710409164, 0.015218974091112614]</MAX_VALUE>
		<MIN_VALUE>[0.09068659693002701, 0.07159467786550522, 0.04882075637578964, 0.026565032079815865, 0.007936779409646988, 0.004991163033992052]</MIN_VALUE>
		<SIGNATURE_THRESHOLD_MD>0</SIGNATURE_THRESHOLD_MD>
		<SIGNATURE_THRESHOLD_ML>0</SIGNATURE_THRESHOLD_ML>
		<SIGNATURE_THRESHOLD_SAM>0</SIGNATURE_THRESHOLD_SAM>
	</signature>
	<signature ID="20210205_153807880445_867">
		<MACROCLASSID>1</MACROCLASSID>
		<MACROCLASSINFO>waterbody</MACROCLASSINFO>
		<CLASSID>5</CLASSID>
		<CLASSINFO>C 1</CLASSINFO>
		<VALUES>[0.09159052032438258, 0.0008256374236069544, 0.07929511609654194, 0.0007772592099629767, 0.05507618939548282, 0.0008890830226763131, 0.03447783478489444, 0.0014707740017182145, 0.013416643950436466, 0.0014858172471819433, 0.00830848212806473, 0.0012689517233556806]</VALUES>
		<LCS_MIN>[0.0898410826921463, 0.07754043489694595, 0.05334825813770294, 0.03207440674304962, 0.011182403191924095, 0.006245781201869249]</LCS_MIN>
		<LCS_MAX>[0.0937412828207016, 0.08130428194999695, 0.05812123417854309, 0.04213857278227806, 0.020919272676110268, 0.01448257826268673]</LCS_MAX>
		<WAVELENGTH>[0.48, 0.56, 0.655, 0.865, 1.61, 2.2]</WAVELENGTH>
		<MEAN_VALUE>[0.09159052032438258, 0.07929511609654194, 0.05507618939548282, 0.03447783478489444, 0.013416643950436466, 0.00830848212806473]</MEAN_VALUE>
		<CHECKBOX>2</CHECKBOX>
		<SD>[0.0008256374236069544, 0.0007772592099629767, 0.0008890830226763131, 0.0014707740017182145, 0.0014858172471819433, 0.0012689517233556806]</SD>
		<WAVELENGTH_UNIT>E-6m</WAVELENGTH_UNIT>
		<COLOR>#83e681</COLOR>
		<COVARIANCE_MATRIX>[[6.831526469383603e-07, 5.440139025498991e-07, 5.835773913636963e-07, 7.253418373771168e-07, 5.472604363335867e-07, 4.558489776437341e-07], [5.440139025498991e-07, 6.054395242330378e-07, 6.139036693639071e-07, 6.709186119288601e-07, 5.25477894216204e-07, 4.431617357804271e-07], [5.835773913636963e-07, 6.139036693639071e-07, 7.921795922528331e-07, 1.033448806872466e-06, 8.264012134316661e-07, 6.862725430634499e-07], [7.253418373771168e-07, 6.709186119288601e-07, 1.033448806872466e-06, 2.1678583636196595e-06, 1.8046597310423993e-06, 1.4730690025127289e-06], [5.472604363335867e-07, 5.25477894216204e-07, 8.264012134316661e-07, 1.8046597310423993e-06, 2.212431361486585e-06, 1.7541698869302996e-06], [4.558489776437341e-07, 4.431617357804271e-07, 6.862725430634499e-07, 1.4730690025127289e-06, 1.7541698869302996e-06, 1.6137238408744656e-06]]</COVARIANCE_MATRIX>
		<ROI_SIZE>463</ROI_SIZE>
		<MAX_VALUE>[0.0937412828207016, 0.08130428194999695, 0.05812123417854309, 0.04213857278227806, 0.020919272676110268, 0.01448257826268673]</MAX_VALUE>
		<MIN_VALUE>[0.0898410826921463, 0.07754043489694595, 0.05334825813770294, 0.03207440674304962, 0.011182403191924095, 0.006245781201869249]</MIN_VALUE>
		<SIGNATURE_THRESHOLD_MD>0</SIGNATURE_THRESHOLD_MD>
		<SIGNATURE_THRESHOLD_ML>0</SIGNATURE_THRESHOLD_ML>
		<SIGNATURE_THRESHOLD_SAM>0</SIGNATURE_THRESHOLD_SAM>
	</signature>
	<signature ID="20210205_153820664835_200">
		<MACROCLASSID>1</MACROCLASSID>
		<MACROCLASSINFO>waterbody</MACROCLASSINFO>
		<CLASSID>6</CLASSID>
		<CLASSINFO>C 1</CLASSINFO>
		<VALUES>[0.09807492522241172, 0.0016920675215066777, 0.08920484984039143, 0.0030820557394657037, 0.0473779167424464, 0.0027384121889107303, 0.022906110335502695, 0.0015520719813103337, 0.011764316182540827, 0.0018389449853580826, 0.008126983903659221, 0.0015915730351236399]</VALUES>
		<LCS_MIN>[0.08995018899440765, 0.0791768953204155, 0.04312043637037277, 0.020264698192477226, 0.0025637680664658546, 0.005727569572627544]</LCS_MIN>
		<LCS_MAX>[0.10235992074012756, 0.09742329269647598, 0.056402966380119324, 0.03308355063199997, 0.020646536722779274, 0.015900829806923866]</LCS_MAX>
		<WAVELENGTH>[0.48, 0.56, 0.655, 0.865, 1.61, 2.2]</WAVELENGTH>
		<MEAN_VALUE>[0.09807492522241172, 0.08920484984039143, 0.0473779167424464, 0.022906110335502695, 0.011764316182540827, 0.008126983903659221]</MEAN_VALUE>
		<CHECKBOX>2</CHECKBOX>
		<SD>[0.0016920675215066777, 0.0030820557394657037, 0.0027384121889107303, 0.0015520719813103337, 0.0018389449853580826, 0.0015915730351236399]</SD>
		<WAVELENGTH_UNIT>E-6m</WAVELENGTH_UNIT>
		<COLOR>#da1ec3</COLOR>
		<COVARIANCE_MATRIX>[[2.8660811116356006e-06, 4.202776032211863e-06, -3.6147014033521387e-07, -3.958274013684995e-07, -9.296123902389426e-07, -8.237403826371364e-07], [4.202776032211863e-06, 9.508983100569272e-06, 3.1194443399800787e-06, -7.520128168990364e-07, -1.3810458015445422e-06, -1.2553894047230563e-06], [-3.6147014033521387e-07, 3.1194443399800787e-06, 7.506728979544302e-06, 1.7910988822733442e-06, 2.281049174512971e-06, 1.9449958032253113e-06], [-3.958274013684995e-07, -7.520128168990364e-07, 1.7910988822733442e-06, 2.4114419732011174e-06, 2.407471602794713e-06, 2.1148850934958695e-06], [-9.296123902389426e-07, -1.3810458015445422e-06, 2.281049174512971e-06, 2.407471602794713e-06, 3.3852486368972006e-06, 2.836540442271659e-06], [-8.237403826371364e-07, -1.2553894047230563e-06, 1.9449958032253113e-06, 2.1148850934958695e-06, 2.836540442271659e-06, 2.535748885554527e-06]]</COVARIANCE_MATRIX>
		<ROI_SIZE>959</ROI_SIZE>
		<MAX_VALUE>[0.10235992074012756, 0.09742329269647598, 0.056402966380119324, 0.03308355063199997, 0.020646536722779274, 0.015900829806923866]</MAX_VALUE>
		<MIN_VALUE>[0.08995018899440765, 0.0791768953204155, 0.04312043637037277, 0.020264698192477226, 0.0025637680664658546, 0.005727569572627544]</MIN_VALUE>
		<SIGNATURE_THRESHOLD_MD>0</SIGNATURE_THRESHOLD_MD>
		<SIGNATURE_THRESHOLD_ML>0</SIGNATURE_THRESHOLD_ML>
		<SIGNATURE_THRESHOLD_SAM>0</SIGNATURE_THRESHOLD_SAM>
	</signature>
	<signature ID="20210205_153838765677_806">
		<MACROCLASSID>1</MACROCLASSID>
		<MACROCLASSINFO>waterbody</MACROCLASSINFO>
		<CLASSID>7</CLASSID>
		<CLASSINFO>C 1</CLASSINFO>
		<VALUES>[0.08261312011464723, 0.0016062456351675974, 0.06712768990211138, 0.0038484076452428373, 0.03986915109493143, 0.003996476803754275, 0.020316388839078416, 0.0017015723803238776, 0.009538496590681277, 0.00195860806842721, 0.006432322401525946, 0.0016652077765176687]</VALUES>
		<LCS_MIN>[0.07983146607875824, 0.0636306181550026, 0.03518366813659668, 0.016855431720614433, 0.006491247098892927, 0.0036547326017171144]</LCS_MIN>
		<LCS_MAX>[0.08956833928823471, 0.08318619430065155, 0.05307551100850105, 0.028910605236887932, 0.019691934809088707, 0.01513715274631977]</LCS_MAX>
		<WAVELENGTH>[0.48, 0.56, 0.655, 0.865, 1.61, 2.2]</WAVELENGTH>
		<MEAN_VALUE>[0.08261312011464723, 0.06712768990211138, 0.03986915109493143, 0.020316388839078416, 0.009538496590681277, 0.006432322401525946]</MEAN_VALUE>
		<CHECKBOX>2</CHECKBOX>
		<SD>[0.0016062456351675974, 0.0038484076452428373, 0.003996476803754275, 0.0017015723803238776, 0.00195860806842721, 0.0016652077765176687]</SD>
		<WAVELENGTH_UNIT>E-6m</WAVELENGTH_UNIT>
		<COLOR>#88ffe9</COLOR>
		<COVARIANCE_MATRIX>[[2.58425458974169e-06, 5.648234193508999e-06, 4.737568781235816e-06, 1.0606783177593888e-06, 1.2351823679823206e-06, 9.759139777973833e-07], [5.648234193508999e-06, 1.483452048823254e-05, 1.2904385246130937e-05, 2.039507458451274e-06, 2.5415517816414244e-06, 1.8875358236658979e-06], [4.737568781235816e-06, 1.2904385246130937e-05, 1.5998010165639345e-05, 3.679839965476757e-06, 4.17792618086887e-06, 3.3347155895214014e-06], [1.0606783177593888e-06, 2.039507458451274e-06, 3.679839965476757e-06, 2.9000950385392504e-06, 2.536260961207594e-06, 2.235602302845623e-06], [1.2351823679823206e-06, 2.5415517816414244e-06, 4.17792618086887e-06, 2.536260961207594e-06, 3.842434328930643e-06, 3.1051125529993904e-06], [9.759139777973833e-07, 1.8875358236658979e-06, 3.3347155895214014e-06, 2.235602302845623e-06, 3.1051125529993904e-06, 2.7774627044486525e-06]]</COVARIANCE_MATRIX>
		<ROI_SIZE>611</ROI_SIZE>
		<MAX_VALUE>[0.08956833928823471, 0.08318619430065155, 0.05307551100850105, 0.028910605236887932, 0.019691934809088707, 0.01513715274631977]</MAX_VALUE>
		<MIN_VALUE>[0.07983146607875824, 0.0636306181550026, 0.03518366813659668, 0.016855431720614433, 0.006491247098892927, 0.0036547326017171144]</MIN_VALUE>
		<SIGNATURE_THRESHOLD_MD>0</SIGNATURE_THRESHOLD_MD>
		<SIGNATURE_THRESHOLD_ML>0</SIGNATURE_THRESHOLD_ML>
		<SIGNATURE_THRESHOLD_SAM>0</SIGNATURE_THRESHOLD_SAM>
	</signature>
	<signature ID="20210205_153932907768_255">
		<MACROCLASSID>1</MACROCLASSID>
		<MACROCLASSINFO>waterbody</MACROCLASSINFO>
		<CLASSID>8</CLASSID>
		<CLASSINFO>C 1</CLASSINFO>
		<VALUES>[0.11631289257152044, 0.0034181911489013814, 0.1084133435456122, 0.00690746272720077, 0.10587961797890579, 0.010133285670188407, 0.056727824019093986, 0.010214978097965002, 0.019745041180750458, 0.009452191797054943, 0.011392058977579167, 0.006361176082166117]</VALUES>
		<LCS_MIN>[0.09995980560779572, 0.07418570667505264, 0.05844852328300476, 0.047129757702350616, 0.011591512709856033, 0.00635487399995327]</LCS_MIN>
		<LCS_MAX>[0.12420652061700821, 0.1180698499083519, 0.12968863546848297, 0.1007780209183693, 0.06428519636392593, 0.0459296889603138]</LCS_MAX>
		<WAVELENGTH>[0.48, 0.56, 0.655, 0.865, 1.61, 2.2]</WAVELENGTH>
		<MEAN_VALUE>[0.11631289257152044, 0.1084133435456122, 0.10587961797890579, 0.056727824019093986, 0.019745041180750458, 0.011392058977579167]</MEAN_VALUE>
		<CHECKBOX>2</CHECKBOX>
		<SD>[0.0034181911489013814, 0.00690746272720077, 0.010133285670188407, 0.010214978097965002, 0.009452191797054943, 0.006361176082166117]</SD>
		<WAVELENGTH_UNIT>E-6m</WAVELENGTH_UNIT>
		<COLOR>#4e6b27</COLOR>
		<COVARIANCE_MATRIX>[[1.1694547409753064e-05, 2.278015150136034e-05, 3.0981166413732424e-05, -1.1589422234681404e-05, -1.028117706679938e-05, -4.09658374099787e-06], [2.278015150136034e-05, 4.775598735946613e-05, 6.639101157320039e-05, -2.9763388000839753e-05, -2.7804308280105192e-05, -1.302287557151201e-05], [3.0981166413732424e-05, 6.639101157320039e-05, 0.00010277590284670944, -3.145041739802449e-05, -3.692909563881367e-05, -1.6584770500202756e-05], [-1.1589422234681404e-05, -2.9763388000839753e-05, -3.145041739802449e-05, 0.00010443969813375149, 8.550039514523648e-05, 5.51604444630809e-05], [-1.028117706679938e-05, -2.7804308280105192e-05, -3.692909563881367e-05, 8.550039514523648e-05, 8.942434734686204e-05, 5.838359379967281e-05], [-4.09658374099787e-06, -1.302287557151201e-05, -1.6584770500202756e-05, 5.51604444630809e-05, 5.838359379967281e-05, 4.050098289553054e-05]]</COVARIANCE_MATRIX>
		<ROI_SIZE>1112</ROI_SIZE>
		<MAX_VALUE>[0.12420652061700821, 0.1180698499083519, 0.12968863546848297, 0.1007780209183693, 0.06428519636392593, 0.0459296889603138]</MAX_VALUE>
		<MIN_VALUE>[0.09995980560779572, 0.07418570667505264, 0.05844852328300476, 0.047129757702350616, 0.011591512709856033, 0.00635487399995327]</MIN_VALUE>
		<SIGNATURE_THRESHOLD_MD>0</SIGNATURE_THRESHOLD_MD>
		<SIGNATURE_THRESHOLD_ML>0</SIGNATURE_THRESHOLD_ML>
		<SIGNATURE_THRESHOLD_SAM>0</SIGNATURE_THRESHOLD_SAM>
	</signature>
	<signature ID="20210205_153945055935_377">
		<MACROCLASSID>1</MACROCLASSID>
		<MACROCLASSINFO>waterbody</MACROCLASSINFO>
		<CLASSID>9</CLASSID>
		<CLASSINFO>C 1</CLASSINFO>
		<VALUES>[0.11047940650214885, 0.005050234889259862, 0.09429835609785499, 0.009393222157122431, 0.08623529087803136, 0.012916774382431998, 0.07503943624970029, 0.014250957285983828, 0.04739464301462859, 0.016711175335329845, 0.03289076605531043, 0.011654151588647594]</VALUES>
		<LCS_MIN>[0.0992506667971611, 0.07184013724327087, 0.0553392730653286, 0.048848025500774384, 0.02051016502082348, 0.013364332728087902]</LCS_MIN>
		<LCS_MAX>[0.12557023763656616, 0.11536969989538193, 0.1124240979552269, 0.10500552505254745, 0.08195885270833969, 0.06540343165397644]</LCS_MAX>
		<WAVELENGTH>[0.48, 0.56, 0.655, 0.865, 1.61, 2.2]</WAVELENGTH>
		<MEAN_VALUE>[0.11047940650214885, 0.09429835609785499, 0.08623529087803136, 0.07503943624970029, 0.04739464301462859, 0.03289076605531043]</MEAN_VALUE>
		<CHECKBOX>2</CHECKBOX>
		<SD>[0.005050234889259862, 0.009393222157122431, 0.012916774382431998, 0.014250957285983828, 0.016711175335329845, 0.011654151588647594]</SD>
		<WAVELENGTH_UNIT>E-6m</WAVELENGTH_UNIT>
		<COLOR>#3e1301</COLOR>
		<COVARIANCE_MATRIX>[[2.585910677609617e-05, 4.6901675435157746e-05, 6.442874520258516e-05, -1.3287308545114385e-05, -3.137142768146579e-05, -9.525685739374748e-06], [4.6901675435157746e-05, 8.945807558323712e-05, 0.00012227970613517216, -4.156188171108866e-05, -7.664819155776298e-05, -2.9732042160142e-05], [6.442874520258516e-05, 0.00012227970613517216, 0.00016916032517507723, -5.328895125487266e-05, -9.686104532795059e-05, -3.337708706046938e-05], [-1.3287308545114385e-05, -4.156188171108866e-05, -5.328895125487266e-05, 0.00020591047500536524, 0.00020798229098201103, 0.00013073967291474134], [-3.137142768146579e-05, -7.664819155776298e-05, -9.686104532795059e-05, 0.00020798229098201103, 0.0002831420391588053, 0.00018700912433982625], [-9.525685739374748e-06, -2.9732042160142e-05, -3.337708706046938e-05, 0.00013073967291474134, 0.00018700912433982625, 0.00013770562771299908]]</COVARIANCE_MATRIX>
		<ROI_SIZE>73</ROI_SIZE>
		<MAX_VALUE>[0.12557023763656616, 0.11536969989538193, 0.1124240979552269, 0.10500552505254745, 0.08195885270833969, 0.06540343165397644]</MAX_VALUE>
		<MIN_VALUE>[0.0992506667971611, 0.07184013724327087, 0.0553392730653286, 0.048848025500774384, 0.02051016502082348, 0.013364332728087902]</MIN_VALUE>
		<SIGNATURE_THRESHOLD_MD>0</SIGNATURE_THRESHOLD_MD>
		<SIGNATURE_THRESHOLD_ML>0</SIGNATURE_THRESHOLD_ML>
		<SIGNATURE_THRESHOLD_SAM>0</SIGNATURE_THRESHOLD_SAM>
	</signature>
	<signature ID="20210205_154003642563_975">
		<MACROCLASSID>1</MACROCLASSID>
		<MACROCLASSINFO>waterbody</MACROCLASSINFO>
		<CLASSID>10</CLASSID>
		<CLASSINFO>C 1</CLASSINFO>
		<VALUES>[0.10832124210406684, 0.0012236983284466076, 0.09275801869753367, 0.0017271390281547432, 0.08228270103719748, 0.003947401697619009, 0.0570181612029811, 0.0141150055136765, 0.03052284126822776, 0.015004426368592954, 0.02092985513350256, 0.012055119368614555]</VALUES>
		<LCS_MIN>[0.10563283413648605, 0.08678637444972992, 0.07546760886907578, 0.04186582937836647, 0.01407345850020647, 0.008264066651463509]</LCS_MIN>
		<LCS_MAX>[0.11266954988241196, 0.09952341020107269, 0.09734148532152176, 0.10195081681013107, 0.06840360164642334, 0.05449376255273819]</LCS_MAX>
		<WAVELENGTH>[0.48, 0.56, 0.655, 0.865, 1.61, 2.2]</WAVELENGTH>
		<MEAN_VALUE>[0.10832124210406684, 0.09275801869753367, 0.08228270103719748, 0.0570181612029811, 0.03052284126822776, 0.02092985513350256]</MEAN_VALUE>
		<CHECKBOX>2</CHECKBOX>
		<SD>[0.0012236983284466076, 0.0017271390281547432, 0.003947401697619009, 0.0141150055136765, 0.015004426368592954, 0.012055119368614555]</SD>
		<WAVELENGTH_UNIT>E-6m</WAVELENGTH_UNIT>
		<COLOR>#bf41c1</COLOR>
		<COVARIANCE_MATRIX>[[1.5044678225127077e-06, 2.010481078470339e-06, 4.197302597608316e-06, 1.15375124105703e-05, 1.2003046863433043e-05, 1.0415032374664404e-05], [2.010481078470339e-06, 2.9970139607094664e-06, 5.865274014938867e-06, 1.4110447898382132e-05, 1.5072427987848455e-05, 1.3290716033515307e-05], [4.197302597608316e-06, 5.865274014938867e-06, 1.5655134998808476e-05, 4.567352511673854e-05, 4.398606313369403e-05, 3.628551661991381e-05], [1.15375124105703e-05, 1.4110447898382132e-05, 4.567352511673854e-05, 0.00020016874863539556, 0.00019208445471115824, 0.00015136506380570067], [1.2003046863433043e-05, 1.5072427987848455e-05, 4.398606313369403e-05, 0.00019208445471115824, 0.00022618977220287742, 0.0001782726453053473], [1.0415032374664404e-05, 1.3290716033515307e-05, 3.628551661991381e-05, 0.00015136506380570067, 0.0001782726453053473, 0.00014600818422624785]]</COVARIANCE_MATRIX>
		<ROI_SIZE>214</ROI_SIZE>
		<MAX_VALUE>[0.11266954988241196, 0.09952341020107269, 0.09734148532152176, 0.10195081681013107, 0.06840360164642334, 0.05449376255273819]</MAX_VALUE>
		<MIN_VALUE>[0.10563283413648605, 0.08678637444972992, 0.07546760886907578, 0.04186582937836647, 0.01407345850020647, 0.008264066651463509]</MIN_VALUE>
		<SIGNATURE_THRESHOLD_MD>0</SIGNATURE_THRESHOLD_MD>
		<SIGNATURE_THRESHOLD_ML>0</SIGNATURE_THRESHOLD_ML>
		<SIGNATURE_THRESHOLD_SAM>0</SIGNATURE_THRESHOLD_SAM>
	</signature>
	<signature ID="20210205_154021695298_699">
		<MACROCLASSID>1</MACROCLASSID>
		<MACROCLASSINFO>waterbody</MACROCLASSINFO>
		<CLASSID>11</CLASSID>
		<CLASSINFO>C 1</CLASSINFO>
		<VALUES>[0.1189470403903239, 0.0024568821342014547, 0.10309153825447366, 0.0028603188564032406, 0.09668763737018043, 0.004706984799644551, 0.08153720839402162, 0.014028178577309078, 0.04679287499370607, 0.014233743404937502, 0.0343838681189998, 0.011405184442408699]</VALUES>
		<LCS_MIN>[0.11463329195976257, 0.09873246401548386, 0.0830770879983902, 0.056484777480363846, 0.01947375014424324, 0.012709757313132286]</LCS_MIN>
		<LCS_MAX>[0.12527021765708923, 0.11174222826957703, 0.10972394794225693, 0.11326958239078522, 0.07516758888959885, 0.06139412894845009]</LCS_MAX>
		<WAVELENGTH>[0.48, 0.56, 0.655, 0.865, 1.61, 2.2]</WAVELENGTH>
		<MEAN_VALUE>[0.1189470403903239, 0.10309153825447366, 0.09668763737018043, 0.08153720839402162, 0.04679287499370607, 0.0343838681189998]</MEAN_VALUE>
		<CHECKBOX>2</CHECKBOX>
		<SD>[0.0024568821342014547, 0.0028603188564032406, 0.004706984799644551, 0.014028178577309078, 0.014233743404937502, 0.011405184442408699]</SD>
		<WAVELENGTH_UNIT>E-6m</WAVELENGTH_UNIT>
		<COLOR>#3906e8</COLOR>
		<COVARIANCE_MATRIX>[[6.118958449048208e-06, 6.5500214411507195e-06, 1.0419761670294652e-05, 1.467115487531413e-05, 2.202254953088918e-05, 2.084824126144189e-05], [6.5500214411507195e-06, 8.293498261121925e-06, 1.2654162115029965e-05, 1.6537054157784622e-05, 2.7022809572481284e-05, 2.5173577657740538e-05], [1.0419761670294652e-05, 1.2654162115029965e-05, 2.2459208724688757e-05, 3.170162904413844e-05, 4.369657407545777e-05, 4.0783105604725e-05], [1.467115487531413e-05, 1.6537054157784622e-05, 3.170162904413844e-05, 0.00019948554480231004, 0.00017972569332838455, 0.00013410377256764666], [2.202254953088918e-05, 2.7022809572481284e-05, 4.369657407545777e-05, 0.00017972569332838455, 0.00020537478626715805, 0.00015834385328210497], [2.084824126144189e-05, 2.5173577657740538e-05, 4.0783105604725e-05, 0.00013410377256764666, 0.00015834385328210497, 0.0001318601257566676]]</COVARIANCE_MATRIX>
		<ROI_SIZE>74</ROI_SIZE>
		<MAX_VALUE>[0.12527021765708923, 0.11174222826957703, 0.10972394794225693, 0.11326958239078522, 0.07516758888959885, 0.06139412894845009]</MAX_VALUE>
		<MIN_VALUE>[0.11463329195976257, 0.09873246401548386, 0.0830770879983902, 0.056484777480363846, 0.01947375014424324, 0.012709757313132286]</MIN_VALUE>
		<SIGNATURE_THRESHOLD_MD>0</SIGNATURE_THRESHOLD_MD>
		<SIGNATURE_THRESHOLD_ML>0</SIGNATURE_THRESHOLD_ML>
		<SIGNATURE_THRESHOLD_SAM>0</SIGNATURE_THRESHOLD_SAM>
	</signature>
	<signature ID="20210205_154036359694_604">
		<MACROCLASSID>1</MACROCLASSID>
		<MACROCLASSINFO>waterbody</MACROCLASSINFO>
		<CLASSID>12</CLASSID>
		<CLASSINFO>C 1</CLASSINFO>
		<VALUES>[0.11509457671815909, 0.0017729944429145344, 0.09717677562560849, 0.002481563996724091, 0.08420301358965997, 0.004811473246934546, 0.0726795483706067, 0.0170303262136927, 0.038268821910747056, 0.01600630141941127, 0.026747475070788444, 0.012737783101547903]</VALUES>
		<LCS_MIN>[0.11220589280128479, 0.09112296253442764, 0.07508575916290283, 0.04513874277472496, 0.014264383353292942, 0.008700457401573658]</LCS_MIN>
		<LCS_MAX>[0.12156093120574951, 0.10396910458803177, 0.09758693724870682, 0.1108149066567421, 0.06873088330030441, 0.059212200343608856]</LCS_MAX>
		<WAVELENGTH>[0.48, 0.56, 0.655, 0.865, 1.61, 2.2]</WAVELENGTH>
		<MEAN_VALUE>[0.11509457671815909, 0.09717677562560849, 0.08420301358965997, 0.0726795483706067, 0.038268821910747056, 0.026747475070788444]</MEAN_VALUE>
		<CHECKBOX>2</CHECKBOX>
		<SD>[0.0017729944429145344, 0.002481563996724091, 0.004811473246934546, 0.0170303262136927, 0.01600630141941127, 0.012737783101547903]</SD>
		<WAVELENGTH_UNIT>E-6m</WAVELENGTH_UNIT>
		<COLOR>#4781df</COLOR>
		<COVARIANCE_MATRIX>[[3.174328013180398e-06, 3.820391074435945e-06, 7.186608731071168e-06, 1.6951772592245904e-05, 1.872718814733918e-05, 1.5877898797763955e-05], [3.820391074435945e-06, 6.218533986208208e-06, 1.0612000250901573e-05, 2.4866962696347013e-05, 2.7680356063452624e-05, 2.4012988499288645e-05], [7.186608731071168e-06, 1.0612000250901573e-05, 2.3377238284456714e-05, 6.0866605099563774e-05, 6.020608433316878e-05, 5.347640583649744e-05], [1.6951772592245904e-05, 2.4866962696347013e-05, 6.0866605099563774e-05, 0.0002928754620324828, 0.00025207907427273206, 0.00019710096183299099], [1.872718814733918e-05, 2.7680356063452624e-05, 6.020608433316878e-05, 0.00025207907427273206, 0.00025871346635580265, 0.0001994157149635504], [1.5877898797763955e-05, 2.4012988499288645e-05, 5.347640583649744e-05, 0.00019710096183299099, 0.0001994157149635504, 0.0001638418155807271]]</COVARIANCE_MATRIX>
		<ROI_SIZE>103</ROI_SIZE>
		<MAX_VALUE>[0.12156093120574951, 0.10396910458803177, 0.09758693724870682, 0.1108149066567421, 0.06873088330030441, 0.059212200343608856]</MAX_VALUE>
		<MIN_VALUE>[0.11220589280128479, 0.09112296253442764, 0.07508575916290283, 0.04513874277472496, 0.014264383353292942, 0.008700457401573658]</MIN_VALUE>
		<SIGNATURE_THRESHOLD_MD>0</SIGNATURE_THRESHOLD_MD>
		<SIGNATURE_THRESHOLD_ML>0</SIGNATURE_THRESHOLD_ML>
		<SIGNATURE_THRESHOLD_SAM>0</SIGNATURE_THRESHOLD_SAM>
	</signature>
	<signature ID="20210205_154052229663_198">
		<MACROCLASSID>1</MACROCLASSID>
		<MACROCLASSINFO>waterbody</MACROCLASSINFO>
		<CLASSID>13</CLASSID>
		<CLASSINFO>C 1</CLASSINFO>
		<VALUES>[0.10047616983113214, 0.001955365517672373, 0.07771296398782883, 0.002841313466594621, 0.05084334494834576, 0.004292184508395193, 0.04082826595435461, 0.00801221570945666, 0.01890167882283258, 0.010192616161320014, 0.011870836762532786, 0.008133440017018465]</VALUES>
		<LCS_MIN>[0.09215938299894333, 0.06548526138067245, 0.045793317258358, 0.030247045680880547, 0.008836819790303707, 0.004800248425453901]</LCS_MIN>
		<LCS_MAX>[0.11501514166593552, 0.0947231650352478, 0.07901325076818466, 0.08550449460744858, 0.06352151930332184, 0.051111768931150436]</LCS_MAX>
		<WAVELENGTH>[0.48, 0.56, 0.655, 0.865, 1.61, 2.2]</WAVELENGTH>
		<MEAN_VALUE>[0.10047616983113214, 0.07771296398782883, 0.05084334494834576, 0.04082826595435461, 0.01890167882283258, 0.011870836762532786]</MEAN_VALUE>
		<CHECKBOX>2</CHECKBOX>
		<SD>[0.001955365517672373, 0.002841313466594621, 0.004292184508395193, 0.00801221570945666, 0.010192616161320014, 0.008133440017018465]</SD>
		<WAVELENGTH_UNIT>E-6m</WAVELENGTH_UNIT>
		<COLOR>#0a4267</COLOR>
		<COVARIANCE_MATRIX>[[3.7961626746187907e-06, 4.834322925946577e-06, 6.226595176814173e-06, 8.83859128644905e-06, 1.1519300623024524e-05, 9.64924128292699e-06], [4.834322925946577e-06, 8.398862232952219e-06, 1.0549574134346544e-05, 1.3341890571790354e-05, 1.919000232685211e-05, 1.593415817203987e-05], [6.226595176814173e-06, 1.0549574134346544e-05, 1.7777604802441218e-05, 2.9320804314184544e-05, 3.8645448062559386e-05, 3.0932387007526294e-05], [8.83859128644905e-06, 1.3341890571790354e-05, 2.9320804314184544e-05, 6.433966838262177e-05, 7.660376191366875e-05, 5.905863983667652e-05], [1.1519300623024524e-05, 1.919000232685211e-05, 3.8645448062559386e-05, 7.660376191366875e-05, 0.00010170358944796904, 7.870563767291255e-05], [9.64924128292699e-06, 1.593415817203987e-05, 3.0932387007526294e-05, 5.905863983667652e-05, 7.870563767291255e-05, 6.266730379323523e-05]]</COVARIANCE_MATRIX>
		<ROI_SIZE>1416</ROI_SIZE>
		<MAX_VALUE>[0.11501514166593552, 0.0947231650352478, 0.07901325076818466, 0.08550449460744858, 0.06352151930332184, 0.051111768931150436]</MAX_VALUE>
		<MIN_VALUE>[0.09215938299894333, 0.06548526138067245, 0.045793317258358, 0.030247045680880547, 0.008836819790303707, 0.004800248425453901]</MIN_VALUE>
		<SIGNATURE_THRESHOLD_MD>0</SIGNATURE_THRESHOLD_MD>
		<SIGNATURE_THRESHOLD_ML>0</SIGNATURE_THRESHOLD_ML>
		<SIGNATURE_THRESHOLD_SAM>0</SIGNATURE_THRESHOLD_SAM>
	</signature>
	<signature ID="20210205_154101961745_128">
		<MACROCLASSID>1</MACROCLASSID>
		<MACROCLASSINFO>waterbody</MACROCLASSINFO>
		<CLASSID>14</CLASSID>
		<CLASSINFO>C 1</CLASSINFO>
		<VALUES>[0.10589776050461375, 0.0036240865540453815, 0.09275418463284554, 0.006944573962288996, 0.06863858620973602, 0.00850715959818125, 0.053155953847411716, 0.0142301717657096, 0.027526443058192955, 0.013855539538875033, 0.018336631362731365, 0.010679026154925731]</VALUES>
		<LCS_MIN>[0.08929561078548431, 0.06150323152542114, 0.043475013226270676, 0.035892780870199203, 0.01071874238550663, 0.005563925951719284]</LCS_MIN>
		<LCS_MAX>[0.11700616031885147, 0.10868754237890244, 0.09518682211637497, 0.09215938299894333, 0.06357605755329132, 0.05086631327867508]</LCS_MAX>
		<WAVELENGTH>[0.48, 0.56, 0.655, 0.865, 1.61, 2.2]</WAVELENGTH>
		<MEAN_VALUE>[0.10589776050461375, 0.09275418463284554, 0.06863858620973602, 0.053155953847411716, 0.027526443058192955, 0.018336631362731365]</MEAN_VALUE>
		<CHECKBOX>2</CHECKBOX>
		<SD>[0.0036240865540453815, 0.006944573962288996, 0.00850715959818125, 0.0142301717657096, 0.013855539538875033, 0.010679026154925731]</SD>
		<WAVELENGTH_UNIT>E-6m</WAVELENGTH_UNIT>
		<COLOR>#03e29e</COLOR>
		<COVARIANCE_MATRIX>[[1.3181763363398756e-05, 2.3606064539349702e-05, 2.725066628916429e-05, 1.2064510565717119e-05, 1.5399986971360304e-05, 1.642974573481344e-05], [2.3606064539349702e-05, 4.8402478817766844e-05, 5.275787189319728e-05, 1.6537789606312356e-05, 2.410817762672551e-05, 2.8008488993208355e-05], [2.725066628916429e-05, 5.275787189319728e-05, 7.26349344813959e-05, 6.699789151291153e-05, 6.991708067149443e-05, 6.31503398490946e-05], [1.2064510565717119e-05, 1.6537789606312356e-05, 6.699789151291153e-05, 0.00020323414407607705, 0.00018197345550691605, 0.00013529107660926662], [1.5399986971360304e-05, 2.410817762672551e-05, 6.991708067149443e-05, 0.00018197345550691605, 0.00019267407037119603, 0.00014529393348071585], [1.642974573481344e-05, 2.8008488993208355e-05, 6.31503398490946e-05, 0.00013529107660926662, 0.00014529393348071585, 0.00011445629634346996]]</COVARIANCE_MATRIX>
		<ROI_SIZE>276</ROI_SIZE>
		<MAX_VALUE>[0.11700616031885147, 0.10868754237890244, 0.09518682211637497, 0.09215938299894333, 0.06357605755329132, 0.05086631327867508]</MAX_VALUE>
		<MIN_VALUE>[0.08929561078548431, 0.06150323152542114, 0.043475013226270676, 0.035892780870199203, 0.01071874238550663, 0.005563925951719284]</MIN_VALUE>
		<SIGNATURE_THRESHOLD_MD>0</SIGNATURE_THRESHOLD_MD>
		<SIGNATURE_THRESHOLD_ML>0</SIGNATURE_THRESHOLD_ML>
		<SIGNATURE_THRESHOLD_SAM>0</SIGNATURE_THRESHOLD_SAM>
	</signature>
	<signature ID="20210205_154118351296_127">
		<MACROCLASSID>1</MACROCLASSID>
		<MACROCLASSINFO>waterbody</MACROCLASSINFO>
		<CLASSID>15</CLASSID>
		<CLASSINFO>C 1</CLASSINFO>
		<VALUES>[0.10172477610332459, 0.001952213573044291, 0.07507581048712288, 0.0030992461687018905, 0.049151325264235095, 0.0038633086772872755, 0.04922063515819218, 0.010367129453572115, 0.019322417050446447, 0.009239920511962693, 0.010547306657451952, 0.006522499945223618]</VALUES>
		<LCS_MIN>[0.09308670461177826, 0.062730573117733, 0.04265677556395531, 0.034692734479904175, 0.008236796595156193, 0.004036571364849806]</LCS_MIN>
		<LCS_MAX>[0.11815166473388672, 0.09063202887773514, 0.07096735388040543, 0.09376857429742813, 0.063357874751091, 0.04639334976673126]</LCS_MAX>
		<WAVELENGTH>[0.48, 0.56, 0.655, 0.865, 1.61, 2.2]</WAVELENGTH>
		<MEAN_VALUE>[0.10172477610332459, 0.07507581048712288, 0.049151325264235095, 0.04922063515819218, 0.019322417050446447, 0.010547306657451952]</MEAN_VALUE>
		<CHECKBOX>2</CHECKBOX>
		<SD>[0.001952213573044291, 0.0030992461687018905, 0.0038633086772872755, 0.010367129453572115, 0.009239920511962693, 0.006522499945223618]</SD>
		<WAVELENGTH_UNIT>E-6m</WAVELENGTH_UNIT>
		<COLOR>#ebc2ae</COLOR>
		<COVARIANCE_MATRIX>[[3.168960360015038e-06, 4.599314173887344e-06, 5.016450708098767e-06, 4.89551848061505e-06, 6.261130060208519e-06, 5.418654202269584e-06], [4.599314173887344e-06, 8.035431103517818e-06, 9.444447482823387e-06, 1.302357958767954e-05, 1.4735272965218271e-05, 1.1798742017000335e-05], [5.016450708098767e-06, 9.444447482823387e-06, 1.3923967822982694e-05, 2.7462683643731773e-05, 2.831715163506502e-05, 2.1287458576800225e-05], [4.89551848061505e-06, 1.302357958767954e-05, 2.7462683643731773e-05, 9.759407817637648e-05, 8.123514870950285e-05, 5.457789602595018e-05], [6.261130060208519e-06, 1.4735272965218271e-05, 2.831715163506502e-05, 8.123514870950285e-05, 8.528408929718101e-05, 5.978183215590299e-05], [5.418654202269584e-06, 1.1798742017000335e-05, 2.1287458576800225e-05, 5.457789602595018e-05, 5.978183215590299e-05, 4.3383681060175305e-05]]</COVARIANCE_MATRIX>
		<ROI_SIZE>1488</ROI_SIZE>
		<MAX_VALUE>[0.11815166473388672, 0.09063202887773514, 0.07096735388040543, 0.09376857429742813, 0.063357874751091, 0.04639334976673126]</MAX_VALUE>
		<MIN_VALUE>[0.09308670461177826, 0.062730573117733, 0.04265677556395531, 0.034692734479904175, 0.008236796595156193, 0.004036571364849806]</MIN_VALUE>
		<SIGNATURE_THRESHOLD_MD>0</SIGNATURE_THRESHOLD_MD>
		<SIGNATURE_THRESHOLD_ML>0</SIGNATURE_THRESHOLD_ML>
		<SIGNATURE_THRESHOLD_SAM>0</SIGNATURE_THRESHOLD_SAM>
	</signature>
	<signature ID="20210205_154128749241_595">
		<MACROCLASSID>1</MACROCLASSID>
		<MACROCLASSINFO>waterbody</MACROCLASSINFO>
		<CLASSID>16</CLASSID>
		<CLASSINFO>C 1</CLASSINFO>
		<VALUES>[0.10473768545897316, 0.0031326695225727063, 0.08328732964092166, 0.005740820373822546, 0.05776088000720479, 0.00539705749086655, 0.05213776146283603, 0.010741732958636565, 0.021449863646523577, 0.009149459918244231, 0.012050577107291648, 0.006712133976015337]</VALUES>
