<?xml version="1.0" ?>
<signaturelist MCID_LIST="[['1', 'waterbody', '#000000'], ['2', 'vegetation', '#000000'], ['3', 'bareland', '#000000'], ['4', 'built-up', '#000000']]">
	<signature ID="20210205_153444953792_665">
		<MACROCLASSID>1</MACROCLASSID>
		<MACROCLASSINFO>waterbody</MACROCLASSINFO>
		<CLASSID>1</CLASSID>
		<CLASSINFO>C 1</CLASSINFO>
		<VALUES>[0.08622338008612074, 0.0008719762967254751, 0.08838079838169641, 0.0011953502132486726, 0.06595908355575193, 0.001557613642889029, 0.026491745800752826, 0.0015828791897533711, 0.0072569941435792935, 0.0008704542319639445, 0.004067677156747232, 0.0006147917081872473]</VALUES>
		<LCS_MIN>[0.0841953232884407, 0.08130428194999695, 0.059484947472810745, 0.02367396652698517, 0.005918483715504408, 0.0030546991620212793]</LCS_MIN>
		<LCS_MAX>[0.09044111520051956, 0.09559592604637146, 0.07614945620298386, 0.03570186719298363, 0.015191704034805298, 0.01058236975222826]</LCS_MAX>
		<WAVELENGTH>[0.48, 0.56, 0.655, 0.865, 1.61, 2.2]</WAVELENGTH>
		<MEAN_VALUE>[0.08622338008612074, 0.08838079838169641, 0.06595908355575193, 0.026491745800752826, 0.0072569941435792935, 0.004067677156747232]</MEAN_VALUE>
		<CHECKBOX>2</CHECKBOX>
		<SD>[0.0008719762967254751, 0.0011953502132486726, 0.001557613642889029, 0.0015828791897533711, 0.0008704542319639445, 0.0006147917081872473]</SD>
		<WAVELENGTH_UNIT>E-6m</WAVELENGTH_UNIT>
		<COLOR>#79b071</COLOR>
		<COVARIANCE_MATRIX>[[8.746782782509399e-07, 9.81111384135147e-07, 1.3404132914729416e-06, 1.1445414429545053e-06, 4.315256489917374e-07, 2.836924295479548e-07], [9.81111384135147e-07, 1.703289399301866e-06, 2.0234472231095424e-06, 1.0334334774597664e-06, 2.5935526082321303e-07, 1.6536641567199695e-07], [1.3404132914729416e-06, 2.0234472231095424e-06, 2.775611619654228e-06, 1.7749853213899769e-06, 5.465116146297078e-07, 3.6611942277886556e-07], [1.1445414429545053e-06, 1.0334334774597664e-06, 1.7749853213899769e-06, 2.613417564134579e-06, 1.2182567843410652e-06, 7.953920544423454e-07], [4.315256489917374e-07, 2.5935526082321303e-07, 5.465116146297078e-07, 1.2182567843410652e-06, 7.440647777912091e-07, 4.742822738990071e-07], [2.836924295479548e-07, 1.6536641567199695e-07, 3.6611942277886556e-07, 7.953920544423454e-07, 4.742822738990071e-07, 3.5705605228031345e-07]]</COVARIANCE_MATRIX>
		<ROI_SIZE>5120</ROI_SIZE>
		<MAX_VALUE>[0.09044111520051956, 0.09559592604637146, 0.07614945620298386, 0.03570186719298363, 0.015191704034805298, 0.01058236975222826]</MAX_VALUE>
		<MIN_VALUE>[0.0841953232884407, 0.08130428194999695, 0.059484947472810745, 0.02367396652698517, 0.005918483715504408, 0.0030546991620212793]</MIN_VALUE>
		<SIGNATURE_THRESHOLD_MD>0.0</SIGNATURE_THRESHOLD_MD>
		<SIGNATURE_THRESHOLD_ML>0.0</SIGNATURE_THRESHOLD_ML>
		<SIGNATURE_THRESHOLD_SAM>0.0</SIGNATURE_THRESHOLD_SAM>
	</signature>
	<signature ID="20210205_153459378547_752">
		<MACROCLASSID>1</MACROCLASSID>
		<MACROCLASSINFO>waterbody</MACROCLASSINFO>
		<CLASSID>2</CLASSID>
		<CLASSINFO>C 1</CLASSINFO>
		<VALUES>[0.09220151698815804, 0.001396035750026815, 0.08251354261198889, 0.003961294967824397, 0.06060551118417458, 0.004154443826687961, 0.0273972660978017, 0.0020042266210634923, 0.008838925670908299, 0.001369608535596603, 0.005358451250930314, 0.0012111158522578437]</VALUES>
		<LCS_MIN>[0.08948652446269989, 0.07781317830085754, 0.05528473109006882, 0.02416490763425827, 0.006627620197832584, 0.0037638251669704914]</LCS_MIN>
		<LCS_MAX>[0.096250519156456, 0.09622325003147125, 0.0751403197646141, 0.03608371689915657, 0.017128167673945427, 0.013609797693789005]</LCS_MAX>
		<WAVELENGTH>[0.48, 0.56, 0.655, 0.865, 1.61, 2.2]</WAVELENGTH>
		<MEAN_VALUE>[0.09220151698815804, 0.08251354261198889, 0.06060551118417458, 0.0273972660978017, 0.008838925670908299, 0.005358451250930314]</MEAN_VALUE>
		<CHECKBOX>2</CHECKBOX>
		<SD>[0.001396035750026815, 0.003961294967824397, 0.004154443826687961, 0.0020042266210634923, 0.001369608535596603, 0.0012111158522578437]</SD>
		<WAVELENGTH_UNIT>E-6m</WAVELENGTH_UNIT>
		<COLOR>#8dd671</COLOR>
		<COVARIANCE_MATRIX>[[3.374124844413018e-06, 9.27789824345382e-06, 9.441281690669712e-06, 2.693931719477405e-06, 9.406111871612666e-07, 7.424724799420801e-07], [9.27789824345382e-06, 2.771251274680253e-05, 2.8146534532424994e-05, 7.475913662347011e-06, 2.4452463094348786e-06, 1.9210635855415603e-06], [9.441281690669712e-06, 2.8146534532424994e-05, 2.8834070690209046e-05, 8.029613127291668e-06, 2.8446054329833714e-06, 2.2356234694598243e-06], [2.693931719477405e-06, 7.475913662347011e-06, 8.029613127291668e-06, 3.919516075256979e-06, 2.2592478217120515e-06, 1.8463781543687219e-06], [9.406111871612666e-07, 2.4452463094348786e-06, 2.8446054329833714e-06, 2.2592478217120515e-06, 1.7631427908781916e-06, 1.4559559531335253e-06], [7.424724799420801e-07, 1.9210635855415603e-06, 2.2356234694598243e-06, 1.8463781543687219e-06, 1.4559559531335253e-06, 1.3503217815014068e-06]]</COVARIANCE_MATRIX>
		<ROI_SIZE>2868</ROI_SIZE>
		<MAX_VALUE>[0.096250519156456, 0.09622325003147125, 0.0751403197646141, 0.03608371689915657, 0.017128167673945427, 0.013609797693789005]</MAX_VALUE>
		<MIN_VALUE>[0.08948652446269989, 0.07781317830085754, 0.05528473109006882, 0.02416490763425827, 0.006627620197832584, 0.0037638251669704914]</MIN_VALUE>
		<SIGNATURE_THRESHOLD_MD>0.0</SIGNATURE_THRESHOLD_MD>
		<SIGNATURE_THRESHOLD_ML>0.0</SIGNATURE_THRESHOLD_ML>
		<SIGNATURE_THRESHOLD_SAM>0.0</SIGNATURE_THRESHOLD_SAM>
	</signature>
	<signature ID="20210205_153503735566_232">
		<MACROCLASSID>1</MACROCLASSID>
		<MACROCLASSINFO>waterbody</MACROCLASSINFO>
		<CLASSID>3</CLASSID>
		<CLASSINFO>C 1</CLASSINFO>
		<VALUES>[0.08620160745012581, 0.0007646683320374292, 0.06915738348692008, 0.0019628380022089875, 0.04838575068161889, 0.0019383500762703396, 0.02387341066588182, 0.001179167904542092, 0.006896860148813848, 0.0007771069580234148, 0.004055371229922953, 0.0006577527353459034]</VALUES>
		<LCS_MIN>[0.08422261476516724, 0.06275784224271774, 0.042929522693157196, 0.021682951599359512, 0.005673018284142017, 0.0031910722609609365]</LCS_MIN>
		<LCS_MAX>[0.08965016901493073, 0.07661311328411102, 0.0552029013633728, 0.03267443925142288, 0.015491720288991928, 0.013255240395665169]</LCS_MAX>
		<WAVELENGTH>[0.48, 0.56, 0.655, 0.865, 1.61, 2.2]</WAVELENGTH>
		<MEAN_VALUE>[0.08620160745012581, 0.06915738348692008, 0.04838575068161889, 0.02387341066588182, 0.006896860148813848, 0.004055371229922953]</MEAN_VALUE>
		<CHECKBOX>2</CHECKBOX>
		<SD>[0.0007646683320374292, 0.0019628380022089875, 0.0019383500762703396, 0.001179167904542092, 0.0007771069580234148, 0.0006577527353459034]</SD>
		<WAVELENGTH_UNIT>E-6m</WAVELENGTH_UNIT>
		<COLOR>#ce14fb</COLOR>
		<COVARIANCE_MATRIX>[[5.631847557197034e-07, 1.321255126640608e-06, 1.280906644751667e-06, 5.967017386865336e-07, 3.522674774103507e-07, 2.7004884373127425e-07], [1.321255126640608e-06, 4.369913767732214e-06, 4.13416682931711e-06, 9.880852758215042e-07, 5.65877371627721e-07, 4.5898903522356704e-07], [1.280906644751667e-06, 4.13416682931711e-06, 4.0677832657820545e-06, 1.044183477461047e-06, 6.253798687794188e-07, 5.118943136039888e-07], [5.967017386865336e-07, 9.880852758215042e-07, 1.044183477461047e-06, 1.5047777424115338e-06, 9.461644481234543e-07, 7.385277740468155e-07], [3.522674774103507e-07, 5.65877371627721e-07, 6.253798687794188e-07, 9.461644481234543e-07, 7.213660637717112e-07, 5.652982508763671e-07], [2.7004884373127425e-07, 4.5898903522356704e-07, 5.118943136039888e-07, 7.385277740468155e-07, 5.652982508763671e-07, 5.006945684726816e-07]]</COVARIANCE_MATRIX>
		<ROI_SIZE>7696</ROI_SIZE>
		<MAX_VALUE>[0.08965016901493073, 0.07661311328411102, 0.0552029013633728, 0.03267443925142288, 0.015491720288991928, 0.013255240395665169]</MAX_VALUE>
		<MIN_VALUE>[0.08422261476516724, 0.06275784224271774, 0.042929522693157196, 0.021682951599359512, 0.005673018284142017, 0.0031910722609609365]</MIN_VALUE>
		<SIGNATURE_THRESHOLD_MD>0.0</SIGNATURE_THRESHOLD_MD>
		<SIGNATURE_THRESHOLD_ML>0.0</SIGNATURE_THRESHOLD_ML>
		<SIGNATURE_THRESHOLD_SAM>0.0</SIGNATURE_THRESHOLD_SAM>
	</signature>
	<signature ID="20210205_153754633468_641">
		<MACROCLASSID>1</MACROCLASSID>
		<MACROCLASSINFO>waterbody</MACROCLASSINFO>
		<CLASSID>4</CLASSID>
		<CLASSINFO>C 1</CLASSINFO>
		<VALUES>[0.09540853033667866, 0.002675528382145496, 0.08033532870738261, 0.003224932892961164, 0.05531297673923257, 0.002746261977911449, 0.03202143962160632, 0.00249106602673415, 0.011320254595191615, 0.0012907579492362443, 0.0065649488601132915, 0.0009315775391904865]</VALUES>
		<LCS_MIN>[0.09068659693002701, 0.07159467786550522, 0.04882075637578964, 0.026565032079815865, 0.007936779409646988, 0.004991163033992052]</LCS_MIN>
		<LCS_MAX>[0.10115987062454224, 0.08741367608308792, 0.06319423019886017, 0.04088396579027176, 0.020673807710409164, 0.015218974091112614]</LCS_MAX>
		<WAVELENGTH>[0.48, 0.56, 0.655, 0.865, 1.61, 2.2]</WAVELENGTH>
		<MEAN_VALUE>[0.09540853033667866, 0.08033532870738261, 0.05531297673923257, 0.03202143962160632, 0.011320254595191615, 0.0065649488601132915]</MEAN_VALUE>
		<CHECKBOX>2</CHECKBOX>
		<SD>[0.002675528382145496, 0.003224932892961164, 0.002746261977911449, 0.00249106602673415, 0.0012907579492362443, 0.0009315775391904865]</SD>
		<WAVELENGTH_UNIT>E-6m</WAVELENGTH_UNIT>
		<COLOR>#3e9ca1</COLOR>
		<COVARIANCE_MATRIX>[[7.161591838666936e-06, 6.574337476195069e-06, 6.2858202909410466e-06, 5.083553787699202e-06, 1.3141368526703445e-06, 6.198694109116332e-07], [6.574337476195069e-06, 1.0404753993498161e-05, 8.361417712876573e-06, 4.0673867260920815e-06, 1.0415267297503306e-06, 5.734070214202802e-07], [6.2858202909410466e-06, 8.361417712876573e-06, 7.545262633357197e-06, 4.799172074854141e-06, 1.5074714383445098e-06, 8.963456821220461e-07], [5.083553787699202e-06, 4.0673867260920815e-06, 4.799172074854141e-06, 6.208131708262954e-06, 2.6310779048799304e-06, 1.656609015299182e-06], [1.3141368526703445e-06, 1.0415267297503306e-06, 1.5074714383445098e-06, 2.6310779048799304e-06, 1.6667868294462096e-06, 1.118695081459009e-06], [6.198694109116332e-07, 5.734070214202802e-07, 8.963456821220461e-07, 1.656609015299182e-06, 1.118695081459009e-06, 8.682173415763828e-07]]</COVARIANCE_MATRIX>
		<ROI_SIZE>2281</ROI_SIZE>
		<MAX_VALUE>[0.10115987062454224, 0.08741367608308792, 0.06319423019886017, 0.04088396579027176, 0.020673807710409164, 0.015218974091112614]</MAX_VALUE>
		<MIN_VALUE>[0.09068659693002701, 0.07159467786550522, 0.04882075637578964, 0.026565032079815865, 0.007936779409646988, 0.004991163033992052]</MIN_VALUE>
		<SIGNATURE_THRESHOLD_MD>0.0</SIGNATURE_THRESHOLD_MD>
		<SIGNATURE_THRESHOLD_ML>0.0</SIGNATURE_THRESHOLD_ML>
		<SIGNATURE_THRESHOLD_SAM>0.0</SIGNATURE_THRESHOLD_SAM>
	</signature>
	<signature ID="20210205_153807880445_867">
		<MACROCLASSID>1</MACROCLASSID>
		<MACROCLASSINFO>waterbody</MACROCLASSINFO>
		<CLASSID>5</CLASSID>
		<CLASSINFO>C 1</CLASSINFO>
		<VALUES>[0.09159052032438258, 0.0008256374236069544, 0.07929511609654194, 0.0007772592099629767, 0.05507618939548282, 0.0008890830226763131, 0.03447783478489444, 0.0014707740017182145, 0.013416643950436466, 0.0014858172471819433, 0.00830848212806473, 0.0012689517233556806]</VALUES>
		<LCS_MIN>[0.0898410826921463, 0.07754043489694595, 0.05334825813770294, 0.03207440674304962, 0.011182403191924095, 0.006245781201869249]</LCS_MIN>
		<LCS_MAX>[0.0937412828207016, 0.08130428194999695, 0.05812123417854309, 0.04213857278227806, 0.020919272676110268, 0.01448257826268673]</LCS_MAX>
		<WAVELENGTH>[0.48, 0.56, 0.655, 0.865, 1.61, 2.2]</WAVELENGTH>
		<MEAN_VALUE>[0.09159052032438258, 0.07929511609654194, 0.05507618939548282, 0.03447783478489444, 0.013416643950436466, 0.00830848212806473]</MEAN_VALUE>
		<CHECKBOX>2</CHECKBOX>
		<SD>[0.0008256374236069544, 0.0007772592099629767, 0.0008890830226763131, 0.0014707740017182145, 0.0014858172471819433, 0.0012689517233556806]</SD>
		<WAVELENGTH_UNIT>E-6m</WAVELENGTH_UNIT>
		<COLOR>#83e681</COLOR>
		<COVARIANCE_MATRIX>[[6.831526206951821e-07, 5.440139148049639e-07, 5.835773890794371e-07, 7.253418630170927e-07, 5.472604129863612e-07, 4.558489763439866e-07], [5.440139148049639e-07, 6.054395385035605e-07, 6.139036941021914e-07, 6.709186095577024e-07, 5.254779011920618e-07, 4.4316172420622024e-07], [5.835773890794371e-07, 6.139036941021914e-07, 7.921796054688457e-07, 1.0334488251828589e-06, 8.264012194558745e-07, 6.862725285827764e-07], [7.253418630170927e-07, 6.709186095577024e-07, 1.0334488251828589e-06, 2.167858383472776e-06, 1.8046597460852354e-06, 1.4730690054420847e-06], [5.472604129863612e-07, 5.254779011920618e-07, 8.264012194558745e-07, 1.8046597460852354e-06, 2.2124313545646146e-06, 1.7541699435241753e-06], [4.558489763439866e-07, 4.4316172420622024e-07, 6.862725285827764e-07, 1.4730690054420847e-06, 1.7541699435241753e-06, 1.6137238390001585e-06]]</COVARIANCE_MATRIX>
		<ROI_SIZE>463</ROI_SIZE>
		<MAX_VALUE>[0.0937412828207016, 0.08130428194999695, 0.05812123417854309, 0.04213857278227806, 0.020919272676110268, 0.01448257826268673]</MAX_VALUE>
		<MIN_VALUE>[0.0898410826921463, 0.07754043489694595, 0.05334825813770294, 0.03207440674304962, 0.011182403191924095, 0.006245781201869249]</MIN_VALUE>
		<SIGNATURE_THRESHOLD_MD>0.0</SIGNATURE_THRESHOLD_MD>
		<SIGNATURE_THRESHOLD_ML>0.0</SIGNATURE_THRESHOLD_ML>
		<SIGNATURE_THRESHOLD_SAM>0.0</SIGNATURE_THRESHOLD_SAM>
	</signature>
	<signature ID="20210205_153820664835_200">
		<MACROCLASSID>1</MACROCLASSID>
		<MACROCLASSINFO>waterbody</MACROCLASSINFO>
		<CLASSID>6</CLASSID>
		<CLASSINFO>C 1</CLASSINFO>
		<VALUES>[0.09807492522241172, 0.0016920675215066777, 0.08920484984039143, 0.0030820557394657037, 0.0473779167424464, 0.0027384121889107303, 0.022906110335502695, 0.0015520719813103337, 0.011764316182540827, 0.0018389449853580826, 0.008126983903659221, 0.0015915730351236399]</VALUES>
		<LCS_MIN>[0.08995018899440765, 0.0791768953204155, 0.04312043637037277, 0.020264698192477226, 0.0025637680664658546, 0.005727569572627544]</LCS_MIN>
		<LCS_MAX>[0.10235992074012756, 0.09742329269647598, 0.056402966380119324, 0.03308355063199997, 0.020646536722779274, 0.015900829806923866]</LCS_MAX>
		<WAVELENGTH>[0.48, 0.56, 0.655, 0.865, 1.61, 2.2]</WAVELENGTH>
		<MEAN_VALUE>[0.09807492522241172, 0.08920484984039143, 0.0473779167424464, 0.022906110335502695, 0.011764316182540827, 0.008126983903659221]</MEAN_VALUE>
		<CHECKBOX>2</CHECKBOX>
		<SD>[0.0016920675215066777, 0.0030820557394657037, 0.0027384121889107303, 0.0015520719813103337, 0.0018389449853580826, 0.0015915730351236399]</SD>
		<WAVELENGTH_UNIT>E-6m</WAVELENGTH_UNIT>
		<COLOR>#da1ec3</COLOR>
		<COVARIANCE_MATRIX>[[2.86608110400266e-06, 4.202775926387403e-06, -3.614701427068212e-07, -3.9582741351296136e-07, -9.296123835156322e-07, -8.237403790190001e-07], [4.202775926387403e-06, 9.508982657280285e-06, 3.11944427267008e-06, -7.520127951465838e-07, -1.3810457630825113e-06, -1.2553894066513749e-06], [-3.614701427068212e-07, 3.11944427267008e-06, 7.506729161832482e-06, 1.7910988390212879e-06, 2.281049091834575e-06, 1.9449958017503377e-06], [-3.9582741351296136e-07, -7.520127951465838e-07, 1.7910988390212879e-06, 2.411441982985707e-06, 2.4074715838651173e-06, 2.1148850919416873e-06], [-9.296123835156322e-07, -1.3810457630825113e-06, 2.281049091834575e-06, 2.4074715838651173e-06, 3.385248646736727e-06, 2.8365404887154e-06], [-8.237403790190001e-07, -1.2553894066513749e-06, 1.9449958017503377e-06, 2.1148850919416873e-06, 2.8365404887154e-06, 2.5357489903399255e-06]]</COVARIANCE_MATRIX>
		<ROI_SIZE>959</ROI_SIZE>
		<MAX_VALUE>[0.10235992074012756, 0.09742329269647598, 0.056402966380119324, 0.03308355063199997, 0.020646536722779274, 0.015900829806923866]</MAX_VALUE>
		<MIN_VALUE>[0.08995018899440765, 0.0791768953204155, 0.04312043637037277, 0.020264698192477226, 0.0025637680664658546, 0.005727569572627544]</MIN_VALUE>
		<SIGNATURE_THRESHOLD_MD>0.0</SIGNATURE_THRESHOLD_MD>
		<SIGNATURE_THRESHOLD_ML>0.0</SIGNATURE_THRESHOLD_ML>
		<SIGNATURE_THRESHOLD_SAM>0.0</SIGNATURE_THRESHOLD_SAM>
	</signature>
	<signature ID="20210205_153838765677_806">
		<MACROCLASSID>1</MACROCLASSID>
		<MACROCLASSINFO>waterbody</MACROCLASSINFO>
		<CLASSID>7</CLASSID>
		<CLASSINFO>C 1</CLASSINFO>
		<VALUES>[0.08261312011464723, 0.0016062456351675974, 0.06712768990211138, 0.0038484076452428373, 0.03986915109493143, 0.003996476803754275, 0.020316388839078416, 0.0017015723803238776, 0.009538496590681277, 0.00195860806842721, 0.006432322401525946, 0.0016652077765176687]</VALUES>
		<LCS_MIN>[0.07983146607875824, 0.0636306181550026, 0.03518366813659668, 0.016855431720614433, 0.006491247098892927, 0.0036547326017171144]</LCS_MIN>
		<LCS_MAX>[0.08956833928823471, 0.08318619430065155, 0.05307551100850105, 0.028910605236887932, 0.019691934809088707, 0.01513715274631977]</LCS_MAX>
		<WAVELENGTH>[0.48, 0.56, 0.655, 0.865, 1.61, 2.2]</WAVELENGTH>
		<MEAN_VALUE>[0.08261312011464723, 0.06712768990211138, 0.03986915109493143, 0.020316388839078416, 0.009538496590681277, 0.006432322401525946]</MEAN_VALUE>
		<CHECKBOX>2</CHECKBOX>
		<SD>[0.0016062456351675974, 0.0038484076452428373, 0.003996476803754275, 0.0017015723803238776, 0.00195860806842721, 0.0016652077765176687]</SD>
		<WAVELENGTH_UNIT>E-6m</WAVELENGTH_UNIT>
		<COLOR>#88ffe9</COLOR>
		<COVARIANCE_MATRIX>[[2.58425461652223e-06, 5.6482340369257145e-06, 4.7375688154716045e-06, 1.0606783007460763e-06, 1.2351823670542217e-06, 9.75913962975028e-07], [5.6482340369257145e-06, 1.483452069805935e-05, 1.2904385584988631e-05, 2.0395075353007996e-06, 2.5415517939109122e-06, 1.8875358591685654e-06], [4.7375688154716045e-06, 1.2904385584988631e-05, 1.5998009985196404e-05, 3.67983989235654e-06, 4.177926257398212e-06, 3.334715529490495e-06], [1.0606783007460763e-06, 2.0395075353007996e-06, 3.67983989235654e-06, 2.9000950689805904e-06, 2.5362610358570237e-06, 2.235602323708008e-06], [1.2351823670542217e-06, 2.5415517939109122e-06, 4.177926257398212e-06, 2.5362610358570237e-06, 3.842434125544969e-06, 3.105112455159542e-06], [9.75913962975028e-07, 1.8875358591685654e-06, 3.334715529490495e-06, 2.235602323708008e-06, 3.105112455159542e-06, 2.7774626687460113e-06]]</COVARIANCE_MATRIX>
		<ROI_SIZE>611</ROI_SIZE>
		<MAX_VALUE>[0.08956833928823471, 0.08318619430065155, 0.05307551100850105, 0.028910605236887932, 0.019691934809088707, 0.01513715274631977]</MAX_VALUE>
		<MIN_VALUE>[0.07983146607875824, 0.0636306181550026, 0.03518366813659668, 0.016855431720614433, 0.006491247098892927, 0.0036547326017171144]</MIN_VALUE>
		<SIGNATURE_THRESHOLD_MD>0.0</SIGNATURE_THRESHOLD_MD>
		<SIGNATURE_THRESHOLD_ML>0.0</SIGNATURE_THRESHOLD_ML>
		<SIGNATURE_THRESHOLD_SAM>0.0</SIGNATURE_THRESHOLD_SAM>
	</signature>
	<signature ID="20210205_153932907768_255">
		<MACROCLASSID>1</MACROCLASSID>
		<MACROCLASSINFO>waterbody</MACROCLASSINFO>
		<CLASSID>8</CLASSID>
		<CLASSINFO>C 1</CLASSINFO>
		<VALUES>[0.11631289257152044, 0.0034181911489013814, 0.1084133435456122, 0.00690746272720077, 0.10587961797890579, 0.010133285670188407, 0.056727824019093986, 0.010214978097965002, 0.019745041180750458, 0.009452191797054943, 0.011392058977579167, 0.006361176082166117]</VALUES>
		<LCS_MIN>[0.09995980560779572, 0.07418570667505264, 0.05844852328300476, 0.047129757702350616, 0.011591512709856033, 0.00635487399995327]</LCS_MIN>
		<LCS_MAX>[0.12420652061700821, 0.1180698499083519, 0.12968863546848297, 0.1007780209183693, 0.06428519636392593, 0.0459296889603138]</LCS_MAX>
		<WAVELENGTH>[0.48, 0.56, 0.655, 0.865, 1.61, 2.2]</WAVELENGTH>
		<MEAN_VALUE>[0.11631289257152044, 0.1084133435456122, 0.10587961797890579, 0.056727824019093986, 0.019745041180750458, 0.011392058977579167]</MEAN_VALUE>
		<CHECKBOX>2</CHECKBOX>
		<SD>[0.0034181911489013814, 0.00690746272720077, 0.010133285670188407, 0.010214978097965002, 0.009452191797054943, 0.006361176082166117]</SD>
		<WAVELENGTH_UNIT>E-6m</WAVELENGTH_UNIT>
		<COLOR>#4e6b27</COLOR>
		<COVARIANCE_MATRIX>[[1.1694547538354527e-05, 2.2780151994084008e-05, 3.09811657643877e-05, -1.1589422683755402e-05, -1.0281177310389467e-05, -4.096583779755747e-06], [2.2780151994084008e-05, 4.7755987907294184e-05, 6.639101047767326e-05, -2.9763388738501817e-05, -2.7804308047052473e-05, -1.302287546423031e-05], [3.09811657643877e-05, 6.639101047767326e-05, 0.00010277590627083555, -3.1450417736778036e-05, -3.692909740493633e-05, -1.658477049204521e-05], [-1.1589422683755402e-05, -2.9763388738501817e-05, -3.1450417736778036e-05, 0.00010443969949847087, 8.550039638066664e-05, 5.51604462089017e-05], [-1.0281177310389467e-05, -2.7804308047052473e-05, -3.692909740493633e-05, 8.550039638066664e-05, 8.942434942582622e-05, 5.838359356857836e-05], [-4.096583779755747e-06, -1.302287546423031e-05, -1.658477049204521e-05, 5.51604462089017e-05, 5.838359356857836e-05, 4.05009814130608e-05]]</COVARIANCE_MATRIX>
		<ROI_SIZE>1112</ROI_SIZE>
		<MAX_VALUE>[0.12420652061700821, 0.1180698499083519, 0.12968863546848297, 0.1007780209183693, 0.06428519636392593, 0.0459296889603138]</MAX_VALUE>
		<MIN_VALUE>[0.09995980560779572, 0.07418570667505264, 0.05844852328300476, 0.047129757702350616, 0.011591512709856033, 0.00635487399995327]</MIN_VALUE>
		<SIGNATURE_THRESHOLD_MD>0.0</SIGNATURE_THRESHOLD_MD>
		<SIGNATURE_THRESHOLD_ML>0.0</SIGNATURE_THRESHOLD_ML>
		<SIGNATURE_THRESHOLD_SAM>0.0</SIGNATURE_THRESHOLD_SAM>
	</signature>
	<signature ID="20210205_153945055935_377">
		<MACROCLASSID>1</MACROCLASSID>
		<MACROCLASSINFO>waterbody</MACROCLASSINFO>
		<CLASSID>9</CLASSID>
		<CLASSINFO>C 1</CLASSINFO>
		<VALUES>[0.11047940650214885, 0.005050234889259862, 0.09429835609785499, 0.009393222157122431, 0.08623529087803136, 0.012916774382431998, 0.07503943624970029, 0.014250957285983828, 0.04739464301462859, 0.016711175335329845, 0.03289076605531043, 0.011654151588647594]</VALUES>
		<LCS_MIN>[0.0992506667971611, 0.07184013724327087, 0.0553392730653286, 0.048848025500774384, 0.02051016502082348, 0.013364332728087902]</LCS_MIN>
		<LCS_MAX>[0.12557023763656616, 0.11536969989538193, 0.1124240979552269, 0.10500552505254745, 0.08195885270833969, 0.06540343165397644]</LCS_MAX>
		<WAVELENGTH>[0.48, 0.56, 0.655, 0.865, 1.61, 2.2]</WAVELENGTH>
		<MEAN_VALUE>[0.11047940650214885, 0.09429835609785499, 0.08623529087803136, 0.07503943624970029, 0.04739464301462859, 0.03289076605531043]</MEAN_VALUE>
		<CHECKBOX>2</CHECKBOX>
		<SD>[0.005050234889259862, 0.009393222157122431, 0.012916774382431998, 0.014250957285983828, 0.016711175335329845, 0.011654151588647594]</SD>
		<WAVELENGTH_UNIT>E-6m</WAVELENGTH_UNIT>
		<COLOR>#3e1301</COLOR>
		<COVARIANCE_MATRIX>[[2.5859106244752184e-05, 4.690167406806722e-05, 6.44287429167889e-05, -1.3287308320286684e-05, -3.1371426302939653e-05, -9.525685527478345e-06], [4.690167406806722e-05, 8.945807348936796e-05, 0.00012227970000822097, -4.156188151682727e-05, -7.664818986086175e-05, -2.973204209411051e-05], [6.44287429167889e-05, 0.00012227970000822097, 0.00016916032473091036, -5.328894985723309e-05, -9.686104749562219e-05, -3.3377087675035e-05], [-1.3287308320286684e-05, -4.156188151682727e-05, -5.328894985723309e-05, 0.00020591047359630466, 0.00020798228797502816, 0.00013073967420496047], [-3.1371426302939653e-05, -7.664818986086175e-05, -9.686104749562219e-05, 0.00020798228797502816, 0.0002831420279107988, 0.000187009121873416], [-9.525685527478345e-06, -2.973204209411051e-05, -3.3377087675035e-05, 0.00013073967420496047, 0.000187009121873416, 0.000137705632369034]]</COVARIANCE_MATRIX>
		<ROI_SIZE>73</ROI_SIZE>
		<MAX_VALUE>[0.12557023763656616, 0.11536969989538193, 0.1124240979552269, 0.10500552505254745, 0.08195885270833969, 0.06540343165397644]</MAX_VALUE>
		<MIN_VALUE>[0.0992506667971611, 0.07184013724327087, 0.0553392730653286, 0.048848025500774384, 0.02051016502082348, 0.013364332728087902]</MIN_VALUE>
		<SIGNATURE_THRESHOLD_MD>0.0</SIGNATURE_THRESHOLD_MD>
		<SIGNATURE_THRESHOLD_ML>0.0</SIGNATURE_THRESHOLD_ML>
		<SIGNATURE_THRESHOLD_SAM>0.0</SIGNATURE_THRESHOLD_SAM>
	</signature>
	<signature ID="20210205_154003642563_975">
		<MACROCLASSID>1</MACROCLASSID>
		<MACROCLASSINFO>waterbody</MACROCLASSINFO>
		<CLASSID>10</CLASSID>
		<CLASSINFO>C 1</CLASSINFO>
		<VALUES>[0.10832124210406684, 0.0012236983284466076, 0.09275801869753367, 0.0017271390281547432, 0.08228270103719748, 0.003947401697619009, 0.0570181612029811, 0.0141150055136765, 0.03052284126822776, 0.015004426368592954, 0.02092985513350256, 0.012055119368614555]</VALUES>
		<LCS_MIN>[0.10563283413648605, 0.08678637444972992, 0.07546760886907578, 0.04186582937836647, 0.01407345850020647, 0.008264066651463509]</LCS_MIN>
		<LCS_MAX>[0.11266954988241196, 0.09952341020107269, 0.09734148532152176, 0.10195081681013107, 0.06840360164642334, 0.05449376255273819]</LCS_MAX>
		<WAVELENGTH>[0.48, 0.56, 0.655, 0.865, 1.61, 2.2]</WAVELENGTH>
		<MEAN_VALUE>[0.10832124210406684, 0.09275801869753367, 0.08228270103719748, 0.0570181612029811, 0.03052284126822776, 0.02092985513350256]</MEAN_VALUE>
		<CHECKBOX>2</CHECKBOX>
		<SD>[0.0012236983284466076, 0.0017271390281547432, 0.003947401697619009, 0.0141150055136765, 0.015004426368592954, 0.012055119368614555]</SD>
		<WAVELENGTH_UNIT>E-6m</WAVELENGTH_UNIT>
		<COLOR>#bf41c1</COLOR>
		<COVARIANCE_MATRIX>[[1.5044678320919047e-06, 2.0104810118937166e-06, 4.197302587272134e-06, 1.153751236415701e-05, 1.2003047231701203e-05, 1.0415032193122897e-05], [2.0104810118937166e-06, 2.99701400763297e-06, 5.8652740335674025e-06, 1.4110448319115676e-05, 1.5072428141138516e-05, 1.3290716196934227e-05], [4.197302587272134e-06, 5.8652740335674025e-06, 1.5655134120606817e-05, 4.5673525164602324e-05, 4.398606324684806e-05, 3.628551712608896e-05], [1.153751236415701e-05, 1.4110448319115676e-05, 4.5673525164602324e-05, 0.0002001687535084784, 0.00019208445155527443, 0.00015136506408452988], [1.2003047231701203e-05, 1.5072428141138516e-05, 4.398606324684806e-05, 0.00019208445155527443, 0.00022618977527599782, 0.0001782726467354223], [1.0415032193122897e-05, 1.3290716196934227e-05, 3.628551712608896e-05, 0.00015136506408452988, 0.0001782726467354223, 0.00014600818394683301]]</COVARIANCE_MATRIX>
		<ROI_SIZE>214</ROI_SIZE>
		<MAX_VALUE>[0.11266954988241196, 0.09952341020107269, 0.09734148532152176, 0.10195081681013107, 0.06840360164642334, 0.05449376255273819]</MAX_VALUE>
		<MIN_VALUE>[0.10563283413648605, 0.08678637444972992, 0.07546760886907578, 0.04186582937836647, 0.01407345850020647, 0.008264066651463509]</MIN_VALUE>
		<SIGNATURE_THRESHOLD_MD>0.0</SIGNATURE_THRESHOLD_MD>
		<SIGNATURE_THRESHOLD_ML>0.0</SIGNATURE_THRESHOLD_ML>
		<SIGNATURE_THRESHOLD_SAM>0.0</SIGNATURE_THRESHOLD_SAM>
	</signature>
	<signature ID="20210205_154021695298_699">
		<MACROCLASSID>1</MACROCLASSID>
		<MACROCLASSINFO>waterbody</MACROCLASSINFO>
		<CLASSID>11</CLASSID>
		<CLASSINFO>C 1</CLASSINFO>
		<VALUES>[0.1189470403903239, 0.0024568821342014547, 0.10309153825447366, 0.0028603188564032406, 0.09668763737018043, 0.004706984799644551, 0.08153720839402162, 0.014028178577309078, 0.04679287499370607, 0.014233743404937502, 0.0343838681189998, 0.011405184442408699]</VALUES>
		<LCS_MIN>[0.11463329195976257, 0.09873246401548386, 0.0830770879983902, 0.056484777480363846, 0.01947375014424324, 0.012709757313132286]</LCS_MIN>
		<LCS_MAX>[0.12527021765708923, 0.11174222826957703, 0.10972394794225693, 0.11326958239078522, 0.07516758888959885, 0.06139412894845009]</LCS_MAX>
		<WAVELENGTH>[0.48, 0.56, 0.655, 0.865, 1.61, 2.2]</WAVELENGTH>
		<MEAN_VALUE>[0.1189470403903239, 0.10309153825447366, 0.09668763737018043, 0.08153720839402162, 0.04679287499370607, 0.0343838681189998]</MEAN_VALUE>
		<CHECKBOX>2</CHECKBOX>
		<SD>[0.0024568821342014547, 0.0028603188564032406, 0.004706984799644551, 0.014028178577309078, 0.014233743404937502, 0.011405184442408699]</SD>
		<WAVELENGTH_UNIT>E-6m</WAVELENGTH_UNIT>
		<COLOR>#3906e8</COLOR>
		<COVARIANCE_MATRIX>[[6.118958481238224e-06, 6.550021225848468e-06, 1.0419761565572117e-05, 1.4671154531242792e-05, 2.2022550183464773e-05, 2.084824154735543e-05], [6.550021225848468e-06, 8.293498467537574e-06, 1.2654161764658056e-05, 1.6537054762011394e-05, 2.7022810172638856e-05, 2.5173578251269646e-05], [1.0419761565572117e-05, 1.2654161764658056e-05, 2.2459209503722377e-05, 3.170162744936533e-05, 4.3696574721252546e-05, 4.078310666955076e-05], [1.4671154531242792e-05, 1.6537054762011394e-05, 3.170162744936533e-05, 0.00019948554108850658, 0.00017972569912672043, 0.00013410377141553909], [2.2022550183464773e-05, 2.7022810172638856e-05, 4.3696574721252546e-05, 0.00017972569912672043, 0.00020537478849291801, 0.00015834385703783482], [2.084824154735543e-05, 2.5173578251269646e-05, 4.078310666955076e-05, 0.00013410377141553909, 0.00015834385703783482, 0.00013186012802179903]]</COVARIANCE_MATRIX>
		<ROI_SIZE>74</ROI_SIZE>
		<MAX_VALUE>[0.12527021765708923, 0.11174222826957703, 0.10972394794225693, 0.11326958239078522, 0.07516758888959885, 0.06139412894845009]</MAX_VALUE>
		<MIN_VALUE>[0.11463329195976257, 0.09873246401548386, 0.0830770879983902, 0.056484777480363846, 0.01947375014424324, 0.012709757313132286]</MIN_VALUE>
		<SIGNATURE_THRESHOLD_MD>0.0</SIGNATURE_THRESHOLD_MD>
		<SIGNATURE_THRESHOLD_ML>0.0</SIGNATURE_THRESHOLD_ML>
		<SIGNATURE_THRESHOLD_SAM>0.0</SIGNATURE_THRESHOLD_SAM>
	</signature>
	<signature ID="20210205_154036359694_604">
		<MACROCLASSID>1</MACROCLASSID>
		<MACROCLASSINFO>waterbody</MACROCLASSINFO>
		<CLASSID>12</CLASSID>
		<CLASSINFO>C 1</CLASSINFO>
		<VALUES>[0.11509457671815909, 0.0017729944429145344, 0.09717677562560849, 0.002481563996724091, 0.08420301358965997, 0.004811473246934546, 0.0726795483706067, 0.0170303262136927, 0.038268821910747056, 0.01600630141941127, 0.026747475070788444, 0.012737783101547903]</VALUES>
		<LCS_MIN>[0.11220589280128479, 0.09112296253442764, 0.07508575916290283, 0.04513874277472496, 0.014264383353292942, 0.008700457401573658]</LCS_MIN>
		<LCS_MAX>[0.12156093120574951, 0.10396910458803177, 0.09758693724870682, 0.1108149066567421, 0.06873088330030441, 0.059212200343608856]</LCS_MAX>
		<WAVELENGTH>[0.48, 0.56, 0.655, 0.865, 1.61, 2.2]</WAVELENGTH>
		<MEAN_VALUE>[0.11509457671815909, 0.09717677562560849, 0.08420301358965997, 0.0726795483706067, 0.038268821910747056, 0.026747475070788444]</MEAN_VALUE>
		<CHECKBOX>2</CHECKBOX>
		<SD>[0.0017729944429145344, 0.002481563996724091, 0.004811473246934546, 0.0170303262136927, 0.01600630141941127, 0.012737783101547903]</SD>
		<WAVELENGTH_UNIT>E-6m</WAVELENGTH_UNIT>
		<COLOR>#4781df</COLOR>
		<COVARIANCE_MATRIX>[[3.1743279578222428e-06, 3.820391157205449e-06, 7.1866088546812534e-06, 1.6951773432083428e-05, 1.8727188944467343e-05, 1.5877898476901464e-05], [3.820391157205449e-06, 6.218534053914482e-06, 1.0612000551191159e-05, 2.4866962121450342e-05, 2.7680356652126648e-05, 2.4012988433241844e-05], [7.1866088546812534e-06, 1.0612000551191159e-05, 2.3377238903776743e-05, 6.0866605053888634e-05, 6.020608270773664e-05, 5.3476407629204914e-05], [1.6951773432083428e-05, 2.4866962121450342e-05, 6.0866605053888634e-05, 0.0002928754547610879, 0.00025207907310687006, 0.0001971009623957798], [1.8727188944467343e-05, 2.7680356652126648e-05, 6.020608270773664e-05, 0.00025207907310687006, 0.00025871346588246524, 0.00019941572099924088], [1.5877898476901464e-05, 2.4012988433241844e-05, 5.3476407629204914e-05, 0.0001971009623957798, 0.00019941572099924088, 0.0001638418179936707]]</COVARIANCE_MATRIX>
		<ROI_SIZE>103</ROI_SIZE>
		<MAX_VALUE>[0.12156093120574951, 0.10396910458803177, 0.09758693724870682, 0.1108149066567421, 0.06873088330030441, 0.059212200343608856]</MAX_VALUE>
		<MIN_VALUE>[0.11220589280128479, 0.09112296253442764, 0.07508575916290283, 0.04513874277472496, 0.014264383353292942, 0.008700457401573658]</MIN_VALUE>
		<SIGNATURE_THRESHOLD_MD>0.0</SIGNATURE_THRESHOLD_MD>
		<SIGNATURE_THRESHOLD_ML>0.0</SIGNATURE_THRESHOLD_ML>
		<SIGNATURE_THRESHOLD_SAM>0.0</SIGNATURE_THRESHOLD_SAM>
	</signature>
	<signature ID="20210205_154052229663_198">
		<MACROCLASSID>1</MACROCLASSID>
		<MACROCLASSINFO>waterbody</MACROCLASSINFO>
		<CLASSID>13</CLASSID>
		<CLASSINFO>C 1</CLASSINFO>
		<VALUES>[0.10047616983113214, 0.001955365517672373, 0.07771296398782883, 0.002841313466594621, 0.05084334494834576, 0.004292184508395193, 0.04082826595435461, 0.00801221570945666, 0.01890167882283258, 0.010192616161320014, 0.011870836762532786, 0.008133440017018465]</VALUES>
		<LCS_MIN>[0.09215938299894333, 0.06548526138067245, 0.045793317258358, 0.030247045680880547, 0.008836819790303707, 0.004800248425453901]</LCS_MIN>
		<LCS_MAX>[0.11501514166593552, 0.0947231650352478, 0.07901325076818466, 0.08550449460744858, 0.06352151930332184, 0.051111768931150436]</LCS_MAX>
		<WAVELENGTH>[0.48, 0.56, 0.655, 0.865, 1.61, 2.2]</WAVELENGTH>
		<MEAN_VALUE>[0.10047616983113214, 0.07771296398782883, 0.05084334494834576, 0.04082826595435461, 0.01890167882283258, 0.011870836762532786]</MEAN_VALUE>
		<CHECKBOX>2</CHECKBOX>
		<SD>[0.001955365517672373, 0.002841313466594621, 0.004292184508395193, 0.00801221570945666, 0.010192616161320014, 0.008133440017018465]</SD>
		<WAVELENGTH_UNIT>E-6m</WAVELENGTH_UNIT>
		<COLOR>#0a4267</COLOR>
		<COVARIANCE_MATRIX>[[3.7961626730975695e-06, 4.834323135582963e-06, 6.226595360203646e-06, 8.838591384119354e-06, 1.1519300642248709e-05, 9.649241292208899e-06], [4.834323135582963e-06, 8.398862519243266e-06, 1.0549573744356167e-05, 1.3341890735318884e-05, 1.919000169436913e-05, 1.5934158000163734e-05], [6.226595360203646e-06, 1.0549573744356167e-05, 1.7777605535229668e-05, 2.9320804969756864e-05, 3.8645448512397707e-05, 3.093238774454221e-05], [8.838591384119354e-06, 1.3341890735318884e-05, 2.9320804969756864e-05, 6.433967064367607e-05, 7.660376286366954e-05, 5.9058638726128265e-05], [1.1519300642248709e-05, 1.919000169436913e-05, 3.8645448512397707e-05, 7.660376286366954e-05, 0.00010170359018957242, 7.870563422329724e-05], [9.649241292208899e-06, 1.5934158000163734e-05, 3.093238774454221e-05, 5.9058638726128265e-05, 7.870563422329724e-05, 6.266730633797124e-05]]</COVARIANCE_MATRIX>
		<ROI_SIZE>1416</ROI_SIZE>
		<MAX_VALUE>[0.11501514166593552, 0.0947231650352478, 0.07901325076818466, 0.08550449460744858, 0.06352151930332184, 0.051111768931150436]</MAX_VALUE>
		<MIN_VALUE>[0.09215938299894333, 0.06548526138067245, 0.045793317258358, 0.030247045680880547, 0.008836819790303707, 0.004800248425453901]</MIN_VALUE>
		<SIGNATURE_THRESHOLD_MD>0.0</SIGNATURE_THRESHOLD_MD>
		<SIGNATURE_THRESHOLD_ML>0.0</SIGNATURE_THRESHOLD_ML>
		<SIGNATURE_THRESHOLD_SAM>0.0</SIGNATURE_THRESHOLD_SAM>
	</signature>
	<signature ID="20210205_154101961745_128">
		<MACROCLASSID>1</MACROCLASSID>
		<MACROCLASSINFO>waterbody</MACROCLASSINFO>
		<CLASSID>14</CLASSID>
		<CLASSINFO>C 1</CLASSINFO>
		<VALUES>[0.10589776050461375, 0.0036240865540453815, 0.09275418463284554, 0.006944573962288996, 0.06863858620973602, 0.00850715959818125, 0.053155953847411716, 0.0142301717657096, 0.027526443058192955, 0.013855539538875033, 0.018336631362731365, 0.010679026154925731]</VALUES>
		<LCS_MIN>[0.08929561078548431, 0.06150323152542114, 0.043475013226270676, 0.035892780870199203, 0.01071874238550663, 0.005563925951719284]</LCS_MIN>
		<LCS_MAX>[0.11700616031885147, 0.10868754237890244, 0.09518682211637497, 0.09215938299894333, 0.06357605755329132, 0.05086631327867508]</LCS_MAX>
		<WAVELENGTH>[0.48, 0.56, 0.655, 0.865, 1.61, 2.2]</WAVELENGTH>
		<MEAN_VALUE>[0.10589776050461375, 0.09275418463284554, 0.06863858620973602, 0.053155953847411716, 0.027526443058192955, 0.018336631362731365]</MEAN_VALUE>
		<CHECKBOX>2</CHECKBOX>
		<SD>[0.0036240865540453815, 0.006944573962288996, 0.00850715959818125, 0.0142301717657096, 0.013855539538875033, 0.010679026154925731]</SD>
		<WAVELENGTH_UNIT>E-6m</WAVELENGTH_UNIT>
		<COLOR>#03e29e</COLOR>
		<COVARIANCE_MATRIX>[[1.3181763279135339e-05, 2.3606064132764004e-05, 2.7250665880274028e-05, 1.2064510883647017e-05, 1.5399986295960844e-05, 1.642974530113861e-05], [2.3606064132764004e-05, 4.8402478569187224e-05, 5.275787043501623e-05, 1.6537789633730426e-05, 2.4108177967718802e-05, 2.8008489607600495e-05], [2.7250665880274028e-05, 5.275787043501623e-05, 7.263493171194568e-05, 6.699789082631469e-05, 6.991707778070122e-05, 6.315034261206165e-05], [1.2064510883647017e-05, 1.6537789633730426e-05, 6.699789082631469e-05, 0.00020323414355516434, 0.00018197346071247011, 0.00013529107673093677], [1.5399986295960844e-05, 2.4108177967718802e-05, 6.991707778070122e-05, 0.00018197346071247011, 0.0001926740660564974, 0.00014529393229167908], [1.642974530113861e-05, 2.8008489607600495e-05, 6.315034261206165e-05, 0.00013529107673093677, 0.00014529393229167908, 0.00011445629934314638]]</COVARIANCE_MATRIX>
		<ROI_SIZE>276</ROI_SIZE>
		<MAX_VALUE>[0.11700616031885147, 0.10868754237890244, 0.09518682211637497, 0.09215938299894333, 0.06357605755329132, 0.05086631327867508]</MAX_VALUE>
		<MIN_VALUE>[0.08929561078548431, 0.06150323152542114, 0.043475013226270676, 0.035892780870199203, 0.01071874238550663, 0.005563925951719284]</MIN_VALUE>
		<SIGNATURE_THRESHOLD_MD>0.0</SIGNATURE_THRESHOLD_MD>
		<SIGNATURE_THRESHOLD_ML>0.0</SIGNATURE_THRESHOLD_ML>
		<SIGNATURE_THRESHOLD_SAM>0.0</SIGNATURE_THRESHOLD_SAM>
	</signature>
	<signature ID="20210205_154118351296_127">
		<MACROCLASSID>1</MACROCLASSID>
		<MACROCLASSINFO>waterbody</MACROCLASSINFO>
		<CLASSID>15</CLASSID>
		<CLASSINFO>C 1</CLASSINFO>
		<VALUES>[0.10172477610332459, 0.001952213573044291, 0.07507581048712288, 0.0030992461687018905, 0.049151325264235095, 0.0038633086772872755, 0.04922063515819218, 0.010367129453572115, 0.019322417050446447, 0.009239920511962693, 0.010547306657451952, 0.006522499945223618]</VALUES>
		<LCS_MIN>[0.09308670461177826, 0.062730573117733, 0.04265677556395531, 0.034692734479904175, 0.008236796595156193, 0.004036571364849806]</LCS_MIN>
		<LCS_MAX>[0.11815166473388672, 0.09063202887773514, 0.07096735388040543, 0.09376857429742813, 0.063357874751091, 0.04639334976673126]</LCS_MAX>
		<WAVELENGTH>[0.48, 0.56, 0.655, 0.865, 1.61, 2.2]</WAVELENGTH>
		<MEAN_VALUE>[0.10172477610332459, 0.07507581048712288, 0.049151325264235095, 0.04922063515819218, 0.019322417050446447, 0.010547306657451952]</MEAN_VALUE>
		<CHECKBOX>2</CHECKBOX>
		<SD>[0.001952213573044291, 0.0030992461687018905, 0.0038633086772872755, 0.010367129453572115, 0.009239920511962693, 0.006522499945223618]</SD>
		<WAVELENGTH_UNIT>E-6m</WAVELENGTH_UNIT>
		<COLOR>#ebc2ae</COLOR>
		<COVARIANCE_MATRIX>[[3.1689603474660544e-06, 4.599314252118347e-06, 5.0164508138550445e-06, 4.8955184865917545e-06, 6.261130238272017e-06, 5.418654382083332e-06], [4.599314252118347e-06, 8.03543116489891e-06, 9.444447641726583e-06, 1.3023579413129482e-05, 1.4735272998223081e-05, 1.179874197987374e-05], [5.0164508138550445e-06, 9.444447641726583e-06, 1.392396825394826e-05, 2.7462683647172526e-05, 2.8317152100498788e-05, 2.1287458366714418e-05], [4.8955184865917545e-06, 1.3023579413129482e-05, 2.7462683647172526e-05, 9.759407839737833e-05, 8.123514999169856e-05, 5.457789666252211e-05], [6.261130238272017e-06, 1.4735272998223081e-05, 2.8317152100498788e-05, 8.123514999169856e-05, 8.528408943675458e-05, 5.978183253319003e-05], [5.418654382083332e-06, 1.179874197987374e-05, 2.1287458366714418e-05, 5.457789666252211e-05, 5.978183253319003e-05, 4.33836794400122e-05]]</COVARIANCE_MATRIX>
		<ROI_SIZE>1488</ROI_SIZE>
		<MAX_VALUE>[0.11815166473388672, 0.09063202887773514, 0.07096735388040543, 0.09376857429742813, 0.063357874751091, 0.04639334976673126]</MAX_VALUE>
		<MIN_VALUE>[0.09308670461177826, 0.062730573117733, 0.04265677556395531, 0.034692734479904175, 0.008236796595156193, 0.004036571364849806]</MIN_VALUE>
		<SIGNATURE_THRESHOLD_MD>0.0</SIGNATURE_THRESHOLD_MD>
		<SIGNATURE_THRESHOLD_ML>0.0</SIGNATURE_THRESHOLD_ML>
		<SIGNATURE_THRESHOLD_SAM>0.0</SIGNATURE_THRESHOLD_SAM>
	</signature>
	<signature ID="20210205_154128749241_595">
		<MACROCLASSID>1</MACROCLASSID>
		<MACROCLASSINFO>waterbody</MACROCLASSINFO>
		<CLASSID>16</CLASSID>
		<CLASSINFO>C 1</CLASSINFO>
