<?xml version="1.0" ?>
<signaturelist MCID_LIST="[['1', 'waterbody', '#000000'], ['2', 'vegetation', '#000000'], ['3', 'bareland', '#000000'], ['4', 'built-up', '#000000']]">
	<signature ID="20210609_152704010174_624">
		<MACROCLASSID>1</MACROCLASSID>
		<MACROCLASSINFO>waterbody</MACROCLASSINFO>
		<CLASSID>1</CLASSID>
		<CLASSINFO>C 1</CLASSINFO>
		<VALUES>[0.13520287885346174, 0.006397544798626749, 0.1324861899876429, 0.010113716793934024, 0.11198311730158486, 0.01627497574157269, 0.036970264945727034, 0.006343384419103675, 0.0077691025444968555, 0.0015596613989897696, 0.004072229304393745, 0.0009609103753665116]</VALUES>
		<LCS_MIN>[0.12100786715745926, 0.10799627006053925, 0.07525815069675446, 0.026092903688549995, 0.005808744579553604, 0.0028346676845103502]</LCS_MIN>
		<LCS_MAX>[0.15922944247722626, 0.1600426584482193, 0.15476831793785095, 0.07188908755779266, 0.026859652251005173, 0.016566548496484756]</LCS_MAX>
		<WAVELENGTH>[0.48, 0.56, 0.655, 0.865, 1.61, 2.2]</WAVELENGTH>
		<MEAN_VALUE>[0.13520287885346174, 0.1324861899876429, 0.11198311730158486, 0.036970264945727034, 0.0077691025444968555, 0.004072229304393745]</MEAN_VALUE>
		<CHECKBOX>2</CHECKBOX>
		<SD>[0.006397544798626749, 0.010113716793934024, 0.01627497574157269, 0.006343384419103675, 0.0015596613989897696, 0.0009609103753665116]</SD>
		<WAVELENGTH_UNIT>E-6m</WAVELENGTH_UNIT>
		<COLOR>#7d6883</COLOR>
		<COVARIANCE_MATRIX>[[3.439472237428125e-05, 5.426001998709276e-05, 8.331464586896459e-05, 2.923722449230486e-05, 5.243482917050124e-06, 3.174004182226951e-06], [5.426001998709276e-05, 8.841700273949731e-05, 0.0001353993754898398, 4.518108506226267e-05, 7.3134372862124605e-06, 4.437669050302293e-06], [8.331464586896459e-05, 0.0001353993754898398, 0.00021947123299888557, 7.66191923632075e-05, 1.1978425500971247e-05, 7.0485846448409965e-06], [2.923722449230486e-05, 4.518108506226267e-05, 7.66191923632075e-05, 3.110981905137784e-05, 5.658007369299297e-06, 3.327592225244713e-06], [5.243482917050124e-06, 7.3134372862124605e-06, 1.1978425500971247e-05, 5.658007369299297e-06, 1.7046200690645657e-06, 1.020131329801035e-06], [3.174004182226951e-06, 4.437669050302293e-06, 7.0485846448409965e-06, 3.327592225244713e-06, 1.020131329801035e-06, 6.465015230423216e-07]]</COVARIANCE_MATRIX>
		<ROI_SIZE>10096</ROI_SIZE>
		<MAX_VALUE>[0.15922944247722626, 0.1600426584482193, 0.15476831793785095, 0.07188908755779266, 0.026859652251005173, 0.016566548496484756]</MAX_VALUE>
		<MIN_VALUE>[0.12100786715745926, 0.10799627006053925, 0.07525815069675446, 0.026092903688549995, 0.005808744579553604, 0.0028346676845103502]</MIN_VALUE>
		<SIGNATURE_THRESHOLD_MD>0</SIGNATURE_THRESHOLD_MD>
		<SIGNATURE_THRESHOLD_ML>0</SIGNATURE_THRESHOLD_ML>
		<SIGNATURE_THRESHOLD_SAM>0</SIGNATURE_THRESHOLD_SAM>
	</signature>
	<signature ID="20210609_152707880179_721">
		<MACROCLASSID>1</MACROCLASSID>
		<MACROCLASSINFO>waterbody</MACROCLASSINFO>
		<CLASSID>2</CLASSID>
		<CLASSINFO>C 1</CLASSINFO>
		<VALUES>[0.14330730619374282, 0.002963899701896469, 0.1681767919739638, 0.0068741954509489635, 0.18981066194610707, 0.006466896325829294, 0.08240515939994389, 0.011287675038221225, 0.012334168862484781, 0.00607511006697168, 0.006825186458262455, 0.003566842428441559]</VALUES>
		<LCS_MIN>[0.1307200938463211, 0.14391757547855377, 0.1613670438528061, 0.06554592400789261, 0.004856113810092211, 0.0031367174815386534]</LCS_MIN>
		<LCS_MAX>[0.14984248578548431, 0.17969949543476105, 0.20142419636249542, 0.11949759721755981, 0.04818938672542572, 0.030298428609967232]</LCS_MAX>
		<WAVELENGTH>[0.48, 0.56, 0.655, 0.865, 1.61, 2.2]</WAVELENGTH>
		<MEAN_VALUE>[0.14330730619374282, 0.1681767919739638, 0.18981066194610707, 0.08240515939994389, 0.012334168862484781, 0.006825186458262455]</MEAN_VALUE>
		<CHECKBOX>2</CHECKBOX>
		<SD>[0.002963899701896469, 0.0068741954509489635, 0.006466896325829294, 0.011287675038221225, 0.00607511006697168, 0.003566842428441559]</SD>
		<WAVELENGTH_UNIT>E-6m</WAVELENGTH_UNIT>
		<COLOR>#318cfe</COLOR>
		<COVARIANCE_MATRIX>[[8.72688537469179e-06, 1.893158929560458e-05, 1.646534677688101e-05, -2.440902651796452e-05, -2.8026558755994833e-06, -1.7168342056482997e-06], [1.893158929560458e-05, 4.450077941931528e-05, 3.9915380743337384e-05, -6.04223189016025e-05, -9.910246723753581e-06, -5.982820698016231e-06], [1.646534677688101e-05, 3.9915380743337384e-05, 4.141322414055937e-05, -4.703797972608952e-05, -1.152861058801834e-05, -6.704209332310965e-06], [-2.440902651796452e-05, -6.04223189016025e-05, -4.703797972608952e-05, 0.00014377724068054948, 4.174008785536324e-05, 2.4573964153147213e-05], [-2.8026558755994833e-06, -9.910246723753581e-06, -1.152861058801834e-05, 4.174008785536324e-05, 4.2002550070815525e-05, 2.3413479924495152e-05], [-1.7168342056482997e-06, -5.982820698016231e-06, -6.704209332310965e-06, 2.4573964153147213e-05, 2.3413479924495152e-05, 1.3854888640120853e-05]]</COVARIANCE_MATRIX>
		<ROI_SIZE>2166</ROI_SIZE>
		<MAX_VALUE>[0.14984248578548431, 0.17969949543476105, 0.20142419636249542, 0.11949759721755981, 0.04818938672542572, 0.030298428609967232]</MAX_VALUE>
		<MIN_VALUE>[0.1307200938463211, 0.14391757547855377, 0.1613670438528061, 0.06554592400789261, 0.004856113810092211, 0.0031367174815386534]</MIN_VALUE>
		<SIGNATURE_THRESHOLD_MD>0</SIGNATURE_THRESHOLD_MD>
		<SIGNATURE_THRESHOLD_ML>0</SIGNATURE_THRESHOLD_ML>
		<SIGNATURE_THRESHOLD_SAM>0</SIGNATURE_THRESHOLD_SAM>
	</signature>
	<signature ID="20210609_152856132236_860">
		<MACROCLASSID>1</MACROCLASSID>
		<MACROCLASSINFO>waterbody</MACROCLASSINFO>
		<CLASSID>3</CLASSID>
		<CLASSINFO>C 1</CLASSINFO>
		<VALUES>[0.14897854992320064, 0.0022551007344864355, 0.14529262349362107, 0.004002766243358781, 0.14811740108013136, 0.007911105054665241, 0.06042459031595089, 0.012700446761807906, 0.010531856256839934, 0.0007574775085329855, 0.005586713886470379, 0.0005463566612203941]</VALUES>
		<LCS_MIN>[0.1372026652097702, 0.1214958056807518, 0.12223932892084122, 0.04121888801455498, 0.009084879420697689, 0.004646991845220327]</LCS_MIN>
		<LCS_MAX>[0.15339745581150055, 0.15251454710960388, 0.16155293583869934, 0.10829831659793854, 0.035015132278203964, 0.024489684030413628]</LCS_MAX>
		<WAVELENGTH>[0.48, 0.56, 0.655, 0.865, 1.61, 2.2]</WAVELENGTH>
		<MEAN_VALUE>[0.14897854992320064, 0.14529262349362107, 0.14811740108013136, 0.06042459031595089, 0.010531856256839934, 0.005586713886470379]</MEAN_VALUE>
		<CHECKBOX>2</CHECKBOX>
		<SD>[0.0022551007344864355, 0.004002766243358781, 0.007911105054665241, 0.012700446761807906, 0.0007574775085329855, 0.0005463566612203941]</SD>
		<WAVELENGTH_UNIT>E-6m</WAVELENGTH_UNIT>
		<COLOR>#e69042</COLOR>
		<COVARIANCE_MATRIX>[[6.223672549463951e-06, 1.0882822665059908e-05, 1.2116597168764676e-05, -5.004631706404095e-06, -8.937006429325825e-07, -5.935066090465701e-07], [1.0882822665059908e-05, 1.957280451310034e-05, 2.0550356158255206e-05, -1.1150471185116178e-05, -1.759938276630087e-06, -1.1627289631217259e-06], [1.2116597168764676e-05, 2.0550356158255206e-05, 6.395227328688493e-05, 6.250416507606745e-05, -4.5569298827937864e-07, -3.406401046350646e-07], [-5.004631706404095e-06, -1.1150471185116178e-05, 6.250416507606745e-05, 0.00015673370842835997, 3.8037990916979027e-06, 2.3868226541072424e-06], [-8.937006429325825e-07, -1.759938276630087e-06, -4.5569298827937864e-07, 3.8037990916979027e-06, 5.751247394636003e-07, 3.780905629768022e-07], [-5.935066090465701e-07, -1.1627289631217259e-06, -3.406401046350646e-07, 2.3868226541072424e-06, 3.780905629768022e-07, 2.8704320997036635e-07]]</COVARIANCE_MATRIX>
		<ROI_SIZE>9903</ROI_SIZE>
		<MAX_VALUE>[0.15339745581150055, 0.15251454710960388, 0.16155293583869934, 0.10829831659793854, 0.035015132278203964, 0.024489684030413628]</MAX_VALUE>
		<MIN_VALUE>[0.1372026652097702, 0.1214958056807518, 0.12223932892084122, 0.04121888801455498, 0.009084879420697689, 0.004646991845220327]</MIN_VALUE>
		<SIGNATURE_THRESHOLD_MD>0</SIGNATURE_THRESHOLD_MD>
		<SIGNATURE_THRESHOLD_ML>0</SIGNATURE_THRESHOLD_ML>
		<SIGNATURE_THRESHOLD_SAM>0</SIGNATURE_THRESHOLD_SAM>
	</signature>
	<signature ID="20210609_152907054072_224">
		<MACROCLASSID>1</MACROCLASSID>
		<MACROCLASSINFO>waterbody</MACROCLASSINFO>
		<CLASSID>4</CLASSID>
		<CLASSINFO>C 1</CLASSINFO>
		<VALUES>[0.14055416673752008, 0.0015351492109320897, 0.13479186361890075, 0.0020182613271502664, 0.1260335559526237, 0.0023366474536971036, 0.06793873451372534, 0.007341804330760082, 0.020298118473284766, 0.006550769234378346, 0.012172724595828003, 0.0048739776366006505]</VALUES>
		<LCS_MIN>[0.13539032638072968, 0.12579427659511566, 0.11406060308218002, 0.0569954477250576, 0.010850739665329456, 0.005576399154961109]</LCS_MIN>
		<LCS_MAX>[0.14868076145648956, 0.143313467502594, 0.13673795759677887, 0.10314015299081802, 0.05669339746236801, 0.045982059091329575]</LCS_MAX>
		<WAVELENGTH>[0.48, 0.56, 0.655, 0.865, 1.61, 2.2]</WAVELENGTH>
		<MEAN_VALUE>[0.14055416673752008, 0.13479186361890075, 0.1260335559526237, 0.06793873451372534, 0.020298118473284766, 0.012172724595828003]</MEAN_VALUE>
		<CHECKBOX>2</CHECKBOX>
		<SD>[0.0015351492109320897, 0.0020182613271502664, 0.0023366474536971036, 0.007341804330760082, 0.006550769234378346, 0.0048739776366006505]</SD>
		<WAVELENGTH_UNIT>E-6m</WAVELENGTH_UNIT>
		<COLOR>#446eb8</COLOR>
		<COVARIANCE_MATRIX>[[2.3590587884341145e-06, 2.3849686017938168e-06, 2.103587601282311e-06, 1.757087585649336e-06, 2.5570166011789173e-06, 2.272293091594652e-06], [2.3849686017938168e-06, 4.077485013283927e-06, 3.6026549291078075e-06, -3.386039164532733e-06, -1.7163811836357808e-06, -6.609789557165818e-07], [2.103587601282311e-06, 3.6026549291078075e-06, 5.465425275815726e-06, -4.533240289713465e-06, -1.90086672193579e-06, -5.998043742800035e-07], [1.757087585649336e-06, -3.386039164532733e-06, -4.533240289713465e-06, 5.395642761627969e-05, 3.781511486362681e-05, 2.3751699398240582e-05], [2.5570166011789173e-06, -1.7163811836357808e-06, -1.90086672193579e-06, 3.781511486362681e-05, 4.295583620881375e-05, 3.0256747944905314e-05], [2.272293091594652e-06, -6.609789557165818e-07, -5.998043742800035e-07, 2.3751699398240582e-05, 3.0256747944905314e-05, 2.3779605237972455e-05]]</COVARIANCE_MATRIX>
		<ROI_SIZE>993</ROI_SIZE>
		<MAX_VALUE>[0.14868076145648956, 0.143313467502594, 0.13673795759677887, 0.10314015299081802, 0.05669339746236801, 0.045982059091329575]</MAX_VALUE>
		<MIN_VALUE>[0.13539032638072968, 0.12579427659511566, 0.11406060308218002, 0.0569954477250576, 0.010850739665329456, 0.005576399154961109]</MIN_VALUE>
		<SIGNATURE_THRESHOLD_MD>0</SIGNATURE_THRESHOLD_MD>
		<SIGNATURE_THRESHOLD_ML>0</SIGNATURE_THRESHOLD_ML>
		<SIGNATURE_THRESHOLD_SAM>0</SIGNATURE_THRESHOLD_SAM>
	</signature>
	<signature ID="20210609_152912685032_441">
		<MACROCLASSID>1</MACROCLASSID>
		<MACROCLASSINFO>waterbody</MACROCLASSINFO>
		<CLASSID>5</CLASSID>
		<CLASSINFO>C 1</CLASSINFO>
		<VALUES>[0.13971382182691092, 0.006104206256673694, 0.13567354864340786, 0.00770285298276808, 0.1231697716381785, 0.008973667219741327, 0.05550924756580362, 0.010041930732595685, 0.014663874751620303, 0.007110438966317569, 0.008038290893000823, 0.005093285129816011]</VALUES>
		<LCS_MIN>[0.12479516863822937, 0.10685774683952332, 0.09098824858665466, 0.04310091957449913, 0.008620180189609528, 0.004368174355477095]</LCS_MIN>
		<LCS_MAX>[0.16666465997695923, 0.16429468989372253, 0.1515154242515564, 0.09421791881322861, 0.05371931195259094, 0.042055342346429825]</LCS_MAX>
		<WAVELENGTH>[0.48, 0.56, 0.655, 0.865, 1.61, 2.2]</WAVELENGTH>
		<MEAN_VALUE>[0.13971382182691092, 0.13567354864340786, 0.1231697716381785, 0.05550924756580362, 0.014663874751620303, 0.008038290893000823]</MEAN_VALUE>
		<CHECKBOX>2</CHECKBOX>
		<SD>[0.006104206256673694, 0.00770285298276808, 0.008973667219741327, 0.010041930732595685, 0.007110438966317569, 0.005093285129816011]</SD>
		<WAVELENGTH_UNIT>E-6m</WAVELENGTH_UNIT>
		<COLOR>#55031c</COLOR>
		<COVARIANCE_MATRIX>[[3.7278827608062015e-05, 4.349388570363465e-05, 4.9663053579048095e-05, 2.6845399459372963e-05, 2.4443312901184377e-05, 1.7209409341371215e-05], [4.349388570363465e-05, 5.936180038591059e-05, 6.713163312228869e-05, 1.3543007670282292e-05, 1.6635841928854944e-05, 1.179261070006403e-05], [4.9663053579048095e-05, 6.713163312228869e-05, 8.056450933468324e-05, 1.975863424131123e-05, 2.1229311635149123e-05, 1.5307982508117722e-05], [2.6845399459372963e-05, 1.3543007670282292e-05, 1.975863424131123e-05, 0.00010088771573629659, 6.027658959357086e-05, 3.886685309312722e-05], [2.4443312901184377e-05, 1.6635841928854944e-05, 2.1229311635149123e-05, 6.027658959357086e-05, 5.05820786046633e-05, 3.5401215588360046e-05], [1.7209409341371215e-05, 1.179261070006403e-05, 1.5307982508117722e-05, 3.886685309312722e-05, 3.5401215588360046e-05, 2.5953732546662893e-05]]</COVARIANCE_MATRIX>
		<ROI_SIZE>2131</ROI_SIZE>
		<MAX_VALUE>[0.16666465997695923, 0.16429468989372253, 0.1515154242515564, 0.09421791881322861, 0.05371931195259094, 0.042055342346429825]</MAX_VALUE>
		<MIN_VALUE>[0.12479516863822937, 0.10685774683952332, 0.09098824858665466, 0.04310091957449913, 0.008620180189609528, 0.004368174355477095]</MIN_VALUE>
		<SIGNATURE_THRESHOLD_MD>0</SIGNATURE_THRESHOLD_MD>
		<SIGNATURE_THRESHOLD_ML>0</SIGNATURE_THRESHOLD_ML>
		<SIGNATURE_THRESHOLD_SAM>0</SIGNATURE_THRESHOLD_SAM>
	</signature>
	<signature ID="20210609_152919971399_667">
		<MACROCLASSID>1</MACROCLASSID>
		<MACROCLASSINFO>waterbody</MACROCLASSINFO>
		<CLASSID>6</CLASSID>
		<CLASSINFO>C 1</CLASSINFO>
		<VALUES>[0.1487749906598227, 0.005112696198388604, 0.1466253000985963, 0.009670992833684857, 0.133594260471594, 0.00990599939854151, 0.06611662940502491, 0.007260875891113212, 0.020534884997604672, 0.0050219622350911736, 0.01170301319779441, 0.0032357533746187367]</VALUES>
		<LCS_MIN>[0.13425181806087494, 0.11366560310125351, 0.09507761895656586, 0.053858719766139984, 0.016008911654353142, 0.008782820776104927]</LCS_MIN>
		<LCS_MAX>[0.17719011008739471, 0.18776202201843262, 0.1740998476743698, 0.10395337641239166, 0.05648427456617355, 0.03726894035935402]</LCS_MAX>
		<WAVELENGTH>[0.48, 0.56, 0.655, 0.865, 1.61, 2.2]</WAVELENGTH>
		<MEAN_VALUE>[0.1487749906598227, 0.1466253000985963, 0.133594260471594, 0.06611662940502491, 0.020534884997604672, 0.01170301319779441]</MEAN_VALUE>
		<CHECKBOX>2</CHECKBOX>
		<SD>[0.005112696198388604, 0.009670992833684857, 0.00990599939854151, 0.007260875891113212, 0.0050219622350911736, 0.0032357533746187367]</SD>
		<WAVELENGTH_UNIT>E-6m</WAVELENGTH_UNIT>
		<COLOR>#ef6b10</COLOR>
		<COVARIANCE_MATRIX>[[2.6151527901545852e-05, 4.7174528301295186e-05, 4.52428170669662e-05, 1.8377087666681935e-05, 9.048715994389134e-06, 6.0838912700291974e-06], [4.7174528301295186e-05, 9.35705572699759e-05, 9.05621571870551e-05, 2.562445891921136e-05, 1.0829901741448588e-05, 7.574420392407675e-06], [4.52428170669662e-05, 9.05621571870551e-05, 9.817336735402995e-05, 2.677092431520199e-05, 8.319483827296784e-06, 6.228942698376684e-06], [1.8377087666681935e-05, 2.562445891921136e-05, 2.677092431520199e-05, 5.2744249853995995e-05, 3.132680606639246e-05, 1.917574197957912e-05], [9.048715994389134e-06, 1.0829901741448588e-05, 8.319483827296784e-06, 3.132680606639246e-05, 2.5231552763623678e-05, 1.5945810847796896e-05], [6.0838912700291974e-06, 7.574420392407675e-06, 6.228942698376684e-06, 1.917574197957912e-05, 1.5945810847796896e-05, 1.0474852556781586e-05]]</COVARIANCE_MATRIX>
		<ROI_SIZE>2204</ROI_SIZE>
		<MAX_VALUE>[0.17719011008739471, 0.18776202201843262, 0.1740998476743698, 0.10395337641239166, 0.05648427456617355, 0.03726894035935402]</MAX_VALUE>
		<MIN_VALUE>[0.13425181806087494, 0.11366560310125351, 0.09507761895656586, 0.053858719766139984, 0.016008911654353142, 0.008782820776104927]</MIN_VALUE>
		<SIGNATURE_THRESHOLD_MD>0</SIGNATURE_THRESHOLD_MD>
		<SIGNATURE_THRESHOLD_ML>0</SIGNATURE_THRESHOLD_ML>
		<SIGNATURE_THRESHOLD_SAM>0</SIGNATURE_THRESHOLD_SAM>
	</signature>
	<signature ID="20210609_152926670066_533">
		<MACROCLASSID>1</MACROCLASSID>
		<MACROCLASSINFO>waterbody</MACROCLASSINFO>
		<CLASSID>7</CLASSID>
		<CLASSINFO>C 1</CLASSINFO>
		<VALUES>[0.1355200633406638, 0.005457266064501026, 0.11842762318750227, 0.010999815158972828, 0.09248114881726599, 0.01183912844654102, 0.08350299967763317, 0.011450540763388289, 0.029940034247313934, 0.008963886827708946, 0.015827095894686276, 0.00513122556645033]</VALUES>
		<LCS_MIN>[0.12198374420404434, 0.09136001020669937, 0.06368712335824966, 0.06445388495922089, 0.016961542889475822, 0.009293993003666401]</LCS_MIN>
		<LCS_MAX>[0.148099884390831, 0.14068791270256042, 0.12302932143211365, 0.11143504828214645, 0.060085710138082504, 0.037942755967378616]</LCS_MAX>
		<WAVELENGTH>[0.48, 0.56, 0.655, 0.865, 1.61, 2.2]</WAVELENGTH>
		<MEAN_VALUE>[0.1355200633406638, 0.11842762318750227, 0.09248114881726599, 0.08350299967763317, 0.029940034247313934, 0.015827095894686276]</MEAN_VALUE>
		<CHECKBOX>2</CHECKBOX>
		<SD>[0.005457266064501026, 0.010999815158972828, 0.01183912844654102, 0.011450540763388289, 0.008963886827708946, 0.00513122556645033]</SD>
		<WAVELENGTH_UNIT>E-6m</WAVELENGTH_UNIT>
		<COLOR>#9decd4</COLOR>
		<COVARIANCE_MATRIX>[[2.984392774823018e-05, 5.6499181609398177e-05, 6.18416806610106e-05, 1.2140066073603403e-05, 6.957024549182186e-07, 2.990536497940895e-06], [5.6499181609398177e-05, 0.00012124853464541297, 0.00012512159403068175, 1.3363933976572352e-05, -6.7686505740482e-07, 5.164113794287567e-06], [6.18416806610106e-05, 0.00012512159403068175, 0.00014045758233689848, 2.0580587851758742e-05, 3.4201392882945217e-06, 8.11495981169456e-06], [1.2140066073603403e-05, 1.3363933976572352e-05, 2.0580587851758742e-05, 0.00013138861004494367, 8.604067882321888e-05, 4.474994906869755e-05], [6.957024549182186e-07, -6.7686505740482e-07, 3.4201392882945217e-06, 8.604067882321888e-05, 8.051901500790702e-05, 4.429384465378136e-05], [2.990536497940895e-06, 5.164113794287567e-06, 8.11495981169456e-06, 4.474994906869755e-05, 4.429384465378136e-05, 2.6384443404218964e-05]]</COVARIANCE_MATRIX>
		<ROI_SIZE>480</ROI_SIZE>
		<MAX_VALUE>[0.148099884390831, 0.14068791270256042, 0.12302932143211365, 0.11143504828214645, 0.060085710138082504, 0.037942755967378616]</MAX_VALUE>
		<MIN_VALUE>[0.12198374420404434, 0.09136001020669937, 0.06368712335824966, 0.06445388495922089, 0.016961542889475822, 0.009293993003666401]</MIN_VALUE>
		<SIGNATURE_THRESHOLD_MD>0</SIGNATURE_THRESHOLD_MD>
		<SIGNATURE_THRESHOLD_ML>0</SIGNATURE_THRESHOLD_ML>
		<SIGNATURE_THRESHOLD_SAM>0</SIGNATURE_THRESHOLD_SAM>
	</signature>
	<signature ID="20210609_152934708799_191">
		<MACROCLASSID>1</MACROCLASSID>
		<MACROCLASSINFO>waterbody</MACROCLASSINFO>
		<CLASSID>8</CLASSID>
		<CLASSINFO>C 1</CLASSINFO>
		<VALUES>[0.1459740469509452, 0.00496726321353982, 0.13538414831087736, 0.008068796450481159, 0.12053837219499187, 0.009692180771424351, 0.0777303219247664, 0.010251355515732228, 0.023228735002089662, 0.007043278089435439, 0.01215969366402184, 0.004238521715485769]</VALUES>
		<LCS_MIN>[0.1316959708929062, 0.10402309149503708, 0.08218218386173248, 0.06375683844089508, 0.014266283251345158, 0.007899895310401917]</LCS_MIN>
		<LCS_MAX>[0.16492202877998352, 0.15555830299854279, 0.13945645093917847, 0.11187652498483658, 0.05845924839377403, 0.0426362119615078]</LCS_MAX>
		<WAVELENGTH>[0.48, 0.56, 0.655, 0.865, 1.61, 2.2]</WAVELENGTH>
		<MEAN_VALUE>[0.1459740469509452, 0.13538414831087736, 0.12053837219499187, 0.0777303219247664, 0.023228735002089662, 0.01215969366402184]</MEAN_VALUE>
		<CHECKBOX>2</CHECKBOX>
		<SD>[0.00496726321353982, 0.008068796450481159, 0.009692180771424351, 0.010251355515732228, 0.007043278089435439, 0.004238521715485769]</SD>
		<WAVELENGTH_UNIT>E-6m</WAVELENGTH_UNIT>
		<COLOR>#cb8a14</COLOR>
		<COVARIANCE_MATRIX>[[2.4699594392746128e-05, 3.0508038439082548e-05, 2.730336467374617e-05, 2.419306588840372e-05, 1.530895474941829e-05, 8.291142484451447e-06], [3.0508038439082548e-05, 6.517379250364141e-05, 7.339716774231077e-05, 1.1120123759176596e-05, 4.181815267684208e-06, 2.4911839752211404e-06], [2.730336467374617e-05, 7.339716774231077e-05, 9.403693932118945e-05, 4.878369284596496e-06, -1.3954839110516747e-06, 7.22828857132896e-07], [2.419306588840372e-05, 1.1120123759176596e-05, 4.878369284596496e-06, 0.00010520056303680649, 6.216997972998211e-05, 3.480699612913695e-05], [1.530895474941829e-05, 4.181815267684208e-06, -1.3954839110516747e-06, 6.216997972998211e-05, 4.965982056437122e-05, 2.8793252348082467e-05], [8.291142484451447e-06, 2.4911839752211404e-06, 7.22828857132896e-07, 3.480699612913695e-05, 2.8793252348082467e-05, 1.798391739910053e-05]]</COVARIANCE_MATRIX>
		<ROI_SIZE>954</ROI_SIZE>
		<MAX_VALUE>[0.16492202877998352, 0.15555830299854279, 0.13945645093917847, 0.11187652498483658, 0.05845924839377403, 0.0426362119615078]</MAX_VALUE>
		<MIN_VALUE>[0.1316959708929062, 0.10402309149503708, 0.08218218386173248, 0.06375683844089508, 0.014266283251345158, 0.007899895310401917]</MIN_VALUE>
		<SIGNATURE_THRESHOLD_MD>0</SIGNATURE_THRESHOLD_MD>
		<SIGNATURE_THRESHOLD_ML>0</SIGNATURE_THRESHOLD_ML>
		<SIGNATURE_THRESHOLD_SAM>0</SIGNATURE_THRESHOLD_SAM>
	</signature>
	<signature ID="20210609_152941876234_535">
		<MACROCLASSID>1</MACROCLASSID>
		<MACROCLASSINFO>waterbody</MACROCLASSINFO>
		<CLASSID>9</CLASSID>
		<CLASSINFO>C 1</CLASSINFO>
		<VALUES>[0.14757780615902302, 0.004844155750168995, 0.13906925380264248, 0.003842990914975672, 0.1271901970890967, 0.0025805361968120827, 0.06682504171343834, 0.00927235380702881, 0.01657178715329839, 0.0042547592872380436, 0.008089583025695768, 0.0021258952347881412]</VALUES>
		<LCS_MIN>[0.1398979127407074, 0.13092921674251556, 0.11996228992938995, 0.05276668071746826, 0.011803378351032734, 0.005646103527396917]</LCS_MIN>
		<LCS_MAX>[0.16536349058151245, 0.15130631625652313, 0.13778352737426758, 0.09853962808847427, 0.041079480201005936, 0.02455938793718815]</LCS_MAX>
		<WAVELENGTH>[0.48, 0.56, 0.655, 0.865, 1.61, 2.2]</WAVELENGTH>
		<MEAN_VALUE>[0.14757780615902302, 0.13906925380264248, 0.1271901970890967, 0.06682504171343834, 0.01657178715329839, 0.008089583025695768]</MEAN_VALUE>
		<CHECKBOX>2</CHECKBOX>
		<SD>[0.004844155750168995, 0.003842990914975672, 0.0025805361968120827, 0.00927235380702881, 0.0042547592872380436, 0.0021258952347881412]</SD>
		<WAVELENGTH_UNIT>E-6m</WAVELENGTH_UNIT>
		<COLOR>#9f6ef3</COLOR>
		<COVARIANCE_MATRIX>[[1.7334539476960503e-05, 1.3162964100456499e-05, 8.205899189742664e-06, 2.638612183956147e-05, 1.0869586314476208e-05, 4.638836070499685e-06], [1.3162964100456499e-05, 1.2453507540633613e-05, 6.472246364941515e-06, 1.6200023872520423e-05, 7.5754907771810995e-06, 3.320376242836783e-06], [8.205899189742664e-06, 6.472246364941515e-06, 8.265547331783753e-06, 1.1660230490805685e-05, 3.5046724416473017e-06, 1.2831874635932998e-06], [2.638612183956147e-05, 1.6200023872520423e-05, 1.1660230490805685e-05, 7.397868985361714e-05, 3.0671659052206626e-05, 1.4347798751567797e-05], [1.0869586314476208e-05, 7.5754907771810995e-06, 3.5046724416473017e-06, 3.0671659052206626e-05, 1.580445500284416e-05, 7.895710209925134e-06], [4.638836070499685e-06, 3.320376242836783e-06, 1.2831874635932998e-06, 1.4347798751567797e-05, 7.895710209925134e-06, 4.166254855621645e-06]]</COVARIANCE_MATRIX>
		<ROI_SIZE>2762</ROI_SIZE>
		<MAX_VALUE>[0.16536349058151245, 0.15130631625652313, 0.13778352737426758, 0.09853962808847427, 0.041079480201005936, 0.02455938793718815]</MAX_VALUE>
		<MIN_VALUE>[0.1398979127407074, 0.13092921674251556, 0.11996228992938995, 0.05276668071746826, 0.011803378351032734, 0.005646103527396917]</MIN_VALUE>
		<SIGNATURE_THRESHOLD_MD>0</SIGNATURE_THRESHOLD_MD>
		<SIGNATURE_THRESHOLD_ML>0</SIGNATURE_THRESHOLD_ML>
		<SIGNATURE_THRESHOLD_SAM>0</SIGNATURE_THRESHOLD_SAM>
	</signature>
	<signature ID="20210609_152947452258_151">
		<MACROCLASSID>1</MACROCLASSID>
		<MACROCLASSINFO>waterbody</MACROCLASSINFO>
		<CLASSID>10</CLASSID>
		<CLASSINFO>C 1</CLASSINFO>
		<VALUES>[0.14094125675286132, 0.0016881610472070092, 0.13456892745389573, 0.0024307842128834644, 0.12329339230666406, 0.0026734812993628554, 0.06198691728178722, 0.006265909034403757, 0.015605922990136255, 0.004888354151951098, 0.008031504238751038, 0.003007595024074647]</VALUES>
		<LCS_MIN>[0.1347629874944687, 0.1211705207824707, 0.0982840433716774, 0.0525575615465641, 0.010595154017210007, 0.005855216644704342]</LCS_MIN>
		<LCS_MAX>[0.14828574657440186, 0.1477281004190445, 0.1347629874944687, 0.09628583490848541, 0.053998131304979324, 0.03838421404361725]</LCS_MAX>
		<WAVELENGTH>[0.48, 0.56, 0.655, 0.865, 1.61, 2.2]</WAVELENGTH>
		<MEAN_VALUE>[0.14094125675286132, 0.13456892745389573, 0.12329339230666406, 0.06198691728178722, 0.015605922990136255, 0.008031504238751038]</MEAN_VALUE>
		<CHECKBOX>2</CHECKBOX>
		<SD>[0.0016881610472070092, 0.0024307842128834644, 0.0026734812993628554, 0.006265909034403757, 0.004888354151951098, 0.003007595024074647]</SD>
		<WAVELENGTH_UNIT>E-6m</WAVELENGTH_UNIT>
		<COLOR>#9ccaab</COLOR>
		<COVARIANCE_MATRIX>[[2.790300249865334e-06, 3.86118191623005e-06, 2.797313662374132e-06, -2.0328759050608705e-06, -2.9559740780144705e-07, 1.4476828304824073e-07], [3.86118191623005e-06, 6.1927021467349594e-06, 4.3221432694994104e-06, -4.470037796684722e-06, -1.4542857783589205e-06, -4.299339795698397e-07], [2.797313662374132e-06, 4.3221432694994104e-06, 7.882860862516102e-06, -3.9310323763614246e-06, -3.6221277079831052e-06, -1.5790731638685059e-06], [-2.0328759050608705e-06, -4.470037796684722e-06, -3.9310323763614246e-06, 3.595012718351904e-05, 2.2099891509291272e-05, 1.2014872154512307e-05], [-2.9559740780144705e-07, -1.4542857783589205e-06, -3.6221277079831052e-06, 2.2099891509291272e-05, 2.024653233326094e-05, 1.1671953189340545e-05], [1.4476828304824073e-07, -4.299339795698397e-07, -1.5790731638685059e-06, 1.2014872154512307e-05, 1.1671953189340545e-05, 7.236656617722885e-06]]</COVARIANCE_MATRIX>
		<ROI_SIZE>1732</ROI_SIZE>
		<MAX_VALUE>[0.14828574657440186, 0.1477281004190445, 0.1347629874944687, 0.09628583490848541, 0.053998131304979324, 0.03838421404361725]</MAX_VALUE>
		<MIN_VALUE>[0.1347629874944687, 0.1211705207824707, 0.0982840433716774, 0.0525575615465641, 0.010595154017210007, 0.005855216644704342]</MIN_VALUE>
		<SIGNATURE_THRESHOLD_MD>0</SIGNATURE_THRESHOLD_MD>
		<SIGNATURE_THRESHOLD_ML>0</SIGNATURE_THRESHOLD_ML>
		<SIGNATURE_THRESHOLD_SAM>0</SIGNATURE_THRESHOLD_SAM>
	</signature>
	<signature ID="20210609_152955015791_865">
		<MACROCLASSID>1</MACROCLASSID>
		<MACROCLASSINFO>waterbody</MACROCLASSINFO>
		<CLASSID>11</CLASSID>
		<CLASSINFO>C 1</CLASSINFO>
		<VALUES>[0.15624173675360292, 0.008948819826435599, 0.14648695269997192, 0.008662930230578039, 0.13802105891570615, 0.00794237860109418, 0.08981146355358394, 0.013022423679003211, 0.024597713859814598, 0.007314814498892417, 0.013589545697224948, 0.004720022989493709]</VALUES>
		<LCS_MIN>[0.13936351239681244, 0.11684881150722504, 0.10162989050149918, 0.06919381767511368, 0.014498637989163399, 0.00864341203123331]</LCS_MIN>
		<LCS_MAX>[0.1842535436153412, 0.1713348627090454, 0.16032147407531738, 0.12265755981206894, 0.059063367545604706, 0.03998742252588272]</LCS_MAX>
		<WAVELENGTH>[0.48, 0.56, 0.655, 0.865, 1.61, 2.2]</WAVELENGTH>
		<MEAN_VALUE>[0.15624173675360292, 0.14648695269997192, 0.13802105891570615, 0.08981146355358394, 0.024597713859814598, 0.013589545697224948]</MEAN_VALUE>
		<CHECKBOX>2</CHECKBOX>
		<SD>[0.008948819826435599, 0.008662930230578039, 0.00794237860109418, 0.013022423679003211, 0.007314814498892417, 0.004720022989493709]</SD>
		<WAVELENGTH_UNIT>E-6m</WAVELENGTH_UNIT>
		<COLOR>#33af6d</COLOR>
		<COVARIANCE_MATRIX>[[8.026173974611146e-05, 7.655411206427714e-05, 6.799653449499906e-05, 0.00010070825165147459, 3.264654197391166e-05, 1.623145836953829e-05], [7.655411206427714e-05, 7.521538351360208e-05, 6.80190470153022e-05, 9.343193501576235e-05, 2.887409446431205e-05, 1.4128563941877211e-05], [6.799653449499906e-05, 6.80190470153022e-05, 6.322345301844092e-05, 8.480428514134295e-05, 2.736401239849591e-05, 1.3741582671282806e-05], [0.00010070825165147459, 9.343193501576235e-05, 8.480428514134295e-05, 0.0001699654633368953, 7.599852734226038e-05, 4.231514505790639e-05], [3.264654197391166e-05, 2.887409446431205e-05, 2.736401239849591e-05, 7.599852734226038e-05, 5.3627021313461684e-05, 3.307695672985683e-05], [1.623145836953829e-05, 1.4128563941877211e-05, 1.3741582671282806e-05, 4.231514505790639e-05, 3.307695672985683e-05, 2.2328794086712524e-05]]</COVARIANCE_MATRIX>
		<ROI_SIZE>445</ROI_SIZE>
		<MAX_VALUE>[0.1842535436153412, 0.1713348627090454, 0.16032147407531738, 0.12265755981206894, 0.059063367545604706, 0.03998742252588272]</MAX_VALUE>
		<MIN_VALUE>[0.13936351239681244, 0.11684881150722504, 0.10162989050149918, 0.06919381767511368, 0.014498637989163399, 0.00864341203123331]</MIN_VALUE>
		<SIGNATURE_THRESHOLD_MD>0</SIGNATURE_THRESHOLD_MD>
		<SIGNATURE_THRESHOLD_ML>0</SIGNATURE_THRESHOLD_ML>
		<SIGNATURE_THRESHOLD_SAM>0</SIGNATURE_THRESHOLD_SAM>
	</signature>
	<signature ID="20210609_153004561364_132">
		<MACROCLASSID>1</MACROCLASSID>
		<MACROCLASSINFO>waterbody</MACROCLASSINFO>
		<CLASSID>12</CLASSID>
		<CLASSINFO>C 1</CLASSINFO>
		<VALUES>[0.11030829911160192, 0.0015247001870236537, 0.09154304256263131, 0.0014633002831505747, 0.05946279769953912, 0.0014222190760026833, 0.022064161265311976, 0.001170746334319569, 0.00572202793436228, 0.0005496477892123756, 0.002963374099477496, 0.0003048292500917883]</VALUES>
		<LCS_MIN>[0.10706686973571777, 0.08808387070894241, 0.056112512946128845, 0.019494161009788513, 0.004437878727912903, 0.0021840871777385473]</LCS_MIN>
		<LCS_MAX>[0.11777821183204651, 0.09800522029399872, 0.06573181599378586, 0.028648752719163895, 0.014335988089442253, 0.008294889703392982]</LCS_MAX>
		<WAVELENGTH>[0.48, 0.56, 0.655, 0.865, 1.61, 2.2]</WAVELENGTH>
		<MEAN_VALUE>[0.11030829911160192, 0.09154304256263131, 0.05946279769953912, 0.022064161265311976, 0.00572202793436228, 0.002963374099477496]</MEAN_VALUE>
		<CHECKBOX>2</CHECKBOX>
		<SD>[0.0015247001870236537, 0.0014633002831505747, 0.0014222190760026833, 0.001170746334319569, 0.0005496477892123756, 0.0003048292500917883]</SD>
		<WAVELENGTH_UNIT>E-6m</WAVELENGTH_UNIT>
		<COLOR>#389c6a</COLOR>
		<COVARIANCE_MATRIX>[[2.2621352753805262e-06, 2.005359889798863e-06, 1.856874916374942e-06, 1.6407774100496127e-06, 6.857891666971821e-07, 3.238997054352978e-07], [2.005359889798863e-06, 2.02907095084989e-06, 1.8441909378267106e-06, 1.4206917069958763e-06, 5.998718670775052e-07, 2.93546014280908e-07], [1.856874916374942e-06, 1.8441909378267106e-06, 1.8597762239075401e-06, 1.3161101037653882e-06, 5.554188834393215e-07, 2.8377121980480267e-07], [1.6407774100496127e-06, 1.4206917069958763e-06, 1.3161101037653882e-06, 1.3456578459680405e-06, 5.671850530944299e-07, 2.715086608497123e-07], [6.857891666971821e-07, 5.998718670775052e-07, 5.554188834393215e-07, 5.671850530944299e-07, 2.918573375787509e-07, 1.3688857878526302e-07], [3.238997054352978e-07, 2.93546014280908e-07, 2.8377121980480267e-07, 2.715086608497123e-07, 1.3688857878526302e-07, 8.834358596188113e-08]]</COVARIANCE_MATRIX>
		<ROI_SIZE>10198</ROI_SIZE>
		<MAX_VALUE>[0.11777821183204651, 0.09800522029399872, 0.06573181599378586, 0.028648752719163895, 0.014335988089442253, 0.008294889703392982]</MAX_VALUE>
		<MIN_VALUE>[0.10706686973571777, 0.08808387070894241, 0.056112512946128845, 0.019494161009788513, 0.004437878727912903, 0.0021840871777385473]</MIN_VALUE>
		<SIGNATURE_THRESHOLD_MD>0</SIGNATURE_THRESHOLD_MD>
		<SIGNATURE_THRESHOLD_ML>0</SIGNATURE_THRESHOLD_ML>
		<SIGNATURE_THRESHOLD_SAM>0</SIGNATURE_THRESHOLD_SAM>
	</signature>
	<signature ID="20210609_153010667508_622">
		<MACROCLASSID>1</MACROCLASSID>
		<MACROCLASSINFO>waterbody</MACROCLASSINFO>
		<CLASSID>13</CLASSID>
		<CLASSINFO>C 1</CLASSINFO>
		<VALUES>[0.1526357691090806, 0.002835413892617679, 0.18452488838281844, 0.004345453697095541, 0.2019071835100204, 0.00627164019816769, 0.07450108034046074, 0.008550997823189323, 0.014993417886246859, 0.006220326749845819, 0.008180776657186502, 0.003928743774519288]</VALUES>
		<LCS_MIN>[0.14412669837474823, 0.16187822818756104, 0.17049841582775116, 0.06361743062734604, 0.008806061930954456, 0.004763169214129448]</LCS_MIN>
		<LCS_MAX>[0.16276118159294128, 0.19243226945400238, 0.21369227766990662, 0.10794980823993683, 0.04986231029033661, 0.0351313091814518]</LCS_MAX>
		<WAVELENGTH>[0.48, 0.56, 0.655, 0.865, 1.61, 2.2]</WAVELENGTH>
		<MEAN_VALUE>[0.1526357691090806, 0.18452488838281844, 0.2019071835100204, 0.07450108034046074, 0.014993417886246859, 0.008180776657186502]</MEAN_VALUE>
		<CHECKBOX>2</CHECKBOX>
		<SD>[0.002835413892617679, 0.004345453697095541, 0.00627164019816769, 0.008550997823189323, 0.006220326749845819, 0.003928743774519288]</SD>
		<WAVELENGTH_UNIT>E-6m</WAVELENGTH_UNIT>
		<COLOR>#d8454d</COLOR>
		<COVARIANCE_MATRIX>[[9.809804186695392e-06, 1.18311841883743e-05, 1.6035691704740995e-05, 1.137700892749366e-05, 3.1428212977171263e-06, 2.7449571692278446e-06], [1.18311841883743e-05, 1.986452338270494e-05, 2.6222794065292392e-05, -6.663749794687704e-07, -7.345971491167531e-06, -3.422164265127003e-06], [1.6035691704740995e-05, 2.6222794065292392e-05, 3.6596609527629467e-05, 2.013941675402086e-06, -8.579727958773231e-06, -3.685556183096183e-06], [1.137700892749366e-05, -6.663749794687704e-07, 2.013941675402086e-06, 7.084276535779817e-05, 4.403744426346013e-05, 2.709283999223745e-05], [3.1428212977171263e-06, -7.345971491167531e-06, -8.579727958773231e-06, 4.403744426346013e-05, 3.5397115094420275e-05, 2.2038835762789766e-05], [2.7449571692278446e-06, -3.422164265127003e-06, -3.685556183096183e-06, 2.709283999223745e-05, 2.2038835762789766e-05, 1.4233501448192322e-05]]</COVARIANCE_MATRIX>
		<ROI_SIZE>1265</ROI_SIZE>
		<MAX_VALUE>[0.16276118159294128, 0.19243226945400238, 0.21369227766990662, 0.10794980823993683, 0.04986231029033661, 0.0351313091814518]</MAX_VALUE>
		<MIN_VALUE>[0.14412669837474823, 0.16187822818756104, 0.17049841582775116, 0.06361743062734604, 0.008806061930954456, 0.004763169214129448]</MIN_VALUE>
		<SIGNATURE_THRESHOLD_MD>0</SIGNATURE_THRESHOLD_MD>
		<SIGNATURE_THRESHOLD_ML>0</SIGNATURE_THRESHOLD_ML>
		<SIGNATURE_THRESHOLD_SAM>0</SIGNATURE_THRESHOLD_SAM>
	</signature>
	<signature ID="20210609_153021132396_484">
		<MACROCLASSID>1</MACROCLASSID>
		<MACROCLASSINFO>waterbody</MACROCLASSINFO>
		<CLASSID>14</CLASSID>
		<CLASSINFO>C 1</CLASSINFO>
		<VALUES>[0.14370502154233572, 0.003981914605007, 0.1375863394066533, 0.0059530063309777975, 0.12439886722435707, 0.0074080837875743185, 0.05785079553389732, 0.00835752047934706, 0.01570914585048009, 0.004639526516114799, 0.008769201016230306, 0.0033204667410375636]</VALUES>
		<LCS_MIN>[0.12823395431041718, 0.108507439494133, 0.08715447783470154, 0.04228769615292549, 0.010083981789648533, 0.0056693353690207005]</LCS_MIN>
		<LCS_MAX>[0.1601123958826065, 0.1573009490966797, 0.14428934454917908, 0.09019825607538223, 0.05079170688986778, 0.04561029374599457]</LCS_MAX>
		<WAVELENGTH>[0.48, 0.56, 0.655, 0.865, 1.61, 2.2]</WAVELENGTH>
		<MEAN_VALUE>[0.14370502154233572, 0.1375863394066533, 0.12439886722435707, 0.05785079553389732, 0.01570914585048009, 0.008769201016230306]</MEAN_VALUE>
		<CHECKBOX>2</CHECKBOX>
		<SD>[0.003981914605007, 0.0059530063309777975, 0.0074080837875743185, 0.00835752047934706, 0.004639526516114799, 0.0033204667410375636]</SD>
		<WAVELENGTH_UNIT>E-6m</WAVELENGTH_UNIT>
		<COLOR>#d291d9</COLOR>
		<COVARIANCE_MATRIX>[[1.578024847471357e-05, 2.0058923171422614e-05, 2.1034929099893655e-05, 9.014951154157932e-06, 7.00804808320171e-06, 4.541633408170586e-06], [2.0058923171422614e-05, 2.9046086798523487e-05, 2.9451907216104286e-05, 5.761171590254879e-06, 5.7183124016910945e-06, 3.6897705386785935e-06], [2.1034929099893655e-05, 2.9451907216104286e-05, 3.673394694945551e-05, 1.613998498672178e-05, 9.086168205617899e-06, 6.017816719012569e-06], [9.014951154157932e-06, 5.761171590254879e-06, 1.613998498672178e-05, 6.0472037848304894e-05, 2.6609347212115673e-05, 1.6272458497075317e-05], [7.00804808320171e-06, 5.7183124016910945e-06, 9.086168205617899e-06, 2.6609347212115673e-05, 1.7763111135431864e-05, 1.1816770892544402e-05], [4.541633408170586e-06, 3.6897705386785935e-06, 6.017816719012569e-06, 1.6272458497075317e-05, 1.1816770892544402e-05, 8.334090023949216e-06]]</COVARIANCE_MATRIX>
		<ROI_SIZE>4047</ROI_SIZE>
		<MAX_VALUE>[0.1601123958826065, 0.1573009490966797, 0.14428934454917908, 0.09019825607538223, 0.05079170688986778, 0.04561029374599457]</MAX_VALUE>
		<MIN_VALUE>[0.12823395431041718, 0.108507439494133, 0.08715447783470154, 0.04228769615292549, 0.010083981789648533, 0.0056693353690207005]</MIN_VALUE>
		<SIGNATURE_THRESHOLD_MD>0</SIGNATURE_THRESHOLD_MD>
		<SIGNATURE_THRESHOLD_ML>0</SIGNATURE_THRESHOLD_ML>
		<SIGNATURE_THRESHOLD_SAM>0</SIGNATURE_THRESHOLD_SAM>
	</signature>
	<signature ID="20210609_153027629534_662">
		<MACROCLASSID>1</MACROCLASSID>
		<MACROCLASSINFO>waterbody</MACROCLASSINFO>
		<CLASSID>15</CLASSID>
		<CLASSINFO>C 1</CLASSINFO>
		<VALUES>[0.14437398523066214, 0.0043129416646736606, 0.14050593768178854, 0.0058091896983763665, 0.12969810516945882, 0.006013227809519062, 0.08139788867516257, 0.012404590349905934, 0.02526127719682946, 0.006008999590142087, 0.014473346617294457, 0.0037198476535040665]</VALUES>
		<LCS_MIN>[0.12644486129283905, 0.11647704988718033, 0.0979587584733963, 0.05176756903529167, 0.01315100397914648, 0.007504900451749563]</LCS_MIN>
		<LCS_MAX>[0.15472185611724854, 0.15232865512371063, 0.14124555885791779, 0.12572456896305084, 0.062014203518629074, 0.050373464822769165]</LCS_MAX>
		<WAVELENGTH>[0.48, 0.56, 0.655, 0.865, 1.61, 2.2]</WAVELENGTH>
		<MEAN_VALUE>[0.14437398523066214, 0.14050593768178854, 0.12969810516945882, 0.08139788867516257, 0.02526127719682946, 0.014473346617294457]</MEAN_VALUE>
		<CHECKBOX>2</CHECKBOX>
		<SD>[0.0043129416646736606, 0.0058091896983763665, 0.006013227809519062, 0.012404590349905934, 0.006008999590142087, 0.0037198476535040665]</SD>
		<WAVELENGTH_UNIT>E-6m</WAVELENGTH_UNIT>
		<COLOR>#70f8c8</COLOR>
		<COVARIANCE_MATRIX>[[1.8617754301830112e-05, 2.3586200701610046e-05, 2.2986253151469398e-05, -5.1277215783829014e-06, -4.905180551883325e-07, 1.3383874532888216e-06], [2.3586200701610046e-05, 3.37762354639384e-05, 3.2235652638266745e-05, -2.417303120452763e-05, -7.193397349002579e-06, -1.6247473043577125e-06], [2.2986253151469398e-05, 3.2235652638266745e-05, 3.6190571481370646e-05, -2.576993026143764e-05, -8.366269739682524e-06, -2.0138838675714215e-06], [-5.1277215783829014e-06, -2.417303120452763e-05, -2.576993026143764e-05, 0.00015400860243352317, 5.997700460342778e-05, 2.8732119930642076e-05], [-4.905180551883325e-07, -7.193397349002579e-06, -8.366269739682524e-06, 5.997700460342778e-05, 3.613969435460303e-05, 2.070039540452725e-05], [1.3383874532888216e-06, -1.6247473043577125e-06, -2.0138838675714215e-06, 2.8732119930642076e-05, 2.070039540452725e-05, 1.3849383261046146e-05]]</COVARIANCE_MATRIX>
		<ROI_SIZE>1143</ROI_SIZE>
		<MAX_VALUE>[0.15472185611724854, 0.15232865512371063, 0.14124555885791779, 0.12572456896305084, 0.062014203518629074, 0.050373464822769165]</MAX_VALUE>
		<MIN_VALUE>[0.12644486129283905, 0.11647704988718033, 0.0979587584733963, 0.05176756903529167, 0.01315100397914648, 0.007504900451749563]</MIN_VALUE>
		<SIGNATURE_THRESHOLD_MD>0</SIGNATURE_THRESHOLD_MD>
		<SIGNATURE_THRESHOLD_ML>0</SIGNATURE_THRESHOLD_ML>
		<SIGNATURE_THRESHOLD_SAM>0</SIGNATURE_THRESHOLD_SAM>
	</signature>
	<signature ID="20210609_153032623313_931">
		<MACROCLASSID>1</MACROCLASSID>
		<MACROCLASSINFO>waterbody</MACROCLASSINFO>
		<CLASSID>16</CLASSID>
		<CLASSINFO>C 1</CLASSINFO>
		<VALUES>[0.14745078758042088, 0.004837302064333939, 0.13791689213015076, 0.00750460015475086, 0.13206643853177363, 0.010425570765506832, 0.10939335014320842, 0.010860433976944984, 0.033969266101335834, 0.009054452136859474, 0.019423858632739547, 0.005939020196491678]</VALUES>
