<?xml version="1.0" ?>
<signaturelist MCID_LIST="[['1', 'Waterbody', '#000000'], ['2', 'Vegetation', '#000000'], ['3', 'Bareland', '#000000'], ['4', 'Built-up', '#000000']]">
	<signature ID="20211207_222352181910_727">
		<MACROCLASSID>1</MACROCLASSID>
		<MACROCLASSINFO>Waterbody</MACROCLASSINFO>
		<CLASSID>1</CLASSID>
		<CLASSINFO>C 1</CLASSINFO>
		<VALUES>[0.10847366799472823, 0.0020403978911755377, 0.11677139024691922, 0.0033041642893281028, 0.12839842350521652, 0.004745587581489967, 0.07127226138626494, 0.008688176688274537, 0.01696097930109215, 0.00728267292464184, 0.012556370232950616, 0.004552963326719802]</VALUES>
		<LCS_MIN>[0.08089388906955719, 0.06919340044260025, 0.06111695617437363, 0.06331726908683777, 0.01271004881709814, 0.009474285878241062]</LCS_MIN>
		<LCS_MAX>[0.11765208095312119, 0.12748877704143524, 0.13978463411331177, 0.1595357060432434, 0.10191336274147034, 0.07105720043182373]</LCS_MAX>
		<WAVELENGTH>[0.48, 0.56, 0.655, 0.865, 1.61, 2.2]</WAVELENGTH>
		<MEAN_VALUE>[0.10847366799472823, 0.11677139024691922, 0.12839842350521652, 0.07127226138626494, 0.01696097930109215, 0.012556370232950616]</MEAN_VALUE>
		<CHECKBOX>2</CHECKBOX>
		<SD>[0.0020403978911755377, 0.0033041642893281028, 0.004745587581489967, 0.008688176688274537, 0.00728267292464184, 0.004552963326719802]</SD>
		<WAVELENGTH_UNIT>E-6m</WAVELENGTH_UNIT>
		<COLOR>#aa7ac2</COLOR>
		<COVARIANCE_MATRIX>[[3.5945954550697934e-06, 5.386789325712016e-06, 7.597043349960586e-06, -6.493217824754538e-06, -6.519102953461697e-06, -3.6074973195354687e-06], [5.386789325712016e-06, 8.996021279017441e-06, 1.2321844224061351e-05, -1.4074102182348724e-05, -1.2667857845372055e-05, -7.281164471351076e-06], [7.597043349960586e-06, 1.2321844224061351e-05, 1.8312533939024433e-05, -1.8967280993820168e-05, -1.8885437384597026e-05, -1.0830553037521895e-05], [-6.493217824754538e-06, -1.4074102182348724e-05, -1.8967280993820168e-05, 5.8416953834239393e-05, 4.3686479330062866e-05, 2.632182076922618e-05], [-6.519102953461697e-06, -1.2667857845372055e-05, -1.8885437384597026e-05, 4.3686479330062866e-05, 4.0744562284089625e-05, 2.5303836082457565e-05], [-3.6074973195354687e-06, -7.281164471351076e-06, -1.0830553037521895e-05, 2.632182076922618e-05, 2.5303836082457565e-05, 1.6167003195732832e-05]]</COVARIANCE_MATRIX>
		<ROI_SIZE>8490</ROI_SIZE>
		<MAX_VALUE>[0.11765208095312119, 0.12748877704143524, 0.13978463411331177, 0.1595357060432434, 0.10191336274147034, 0.07105720043182373]</MAX_VALUE>
		<MIN_VALUE>[0.08089388906955719, 0.06919340044260025, 0.06111695617437363, 0.06331726908683777, 0.01271004881709814, 0.009474285878241062]</MIN_VALUE>
		<SIGNATURE_THRESHOLD_MD>0.0</SIGNATURE_THRESHOLD_MD>
		<SIGNATURE_THRESHOLD_ML>0.0</SIGNATURE_THRESHOLD_ML>
		<SIGNATURE_THRESHOLD_SAM>0.0</SIGNATURE_THRESHOLD_SAM>
	</signature>
	<signature ID="20211207_222401638322_612">
		<MACROCLASSID>1</MACROCLASSID>
		<MACROCLASSINFO>Waterbody</MACROCLASSINFO>
		<CLASSID>2</CLASSID>
		<CLASSINFO>C 1</CLASSINFO>
		<VALUES>[0.09814566510244156, 0.002747108302895306, 0.09501965199662764, 0.0025218767867139936, 0.09251745546262867, 0.003601563970598233, 0.14719042746009117, 0.01093000760104885, 0.040148160308861786, 0.028275328119688713, 0.030601859217326, 0.02239237451928086]</VALUES>
		<LCS_MIN>[0.0946393758058548, 0.08695123344659805, 0.08348249644041061, 0.12207859009504318, 0.017498960718512535, 0.013253651559352875]</LCS_MIN>
		<LCS_MAX>[0.11451985687017441, 0.1102745458483696, 0.11568473279476166, 0.19846834242343903, 0.10789304226636887, 0.09124831110239029]</LCS_MAX>
		<WAVELENGTH>[0.48, 0.56, 0.655, 0.865, 1.61, 2.2]</WAVELENGTH>
		<MEAN_VALUE>[0.09814566510244156, 0.09501965199662764, 0.09251745546262867, 0.14719042746009117, 0.040148160308861786, 0.030601859217326]</MEAN_VALUE>
		<CHECKBOX>2</CHECKBOX>
		<SD>[0.002747108302895306, 0.0025218767867139936, 0.003601563970598233, 0.01093000760104885, 0.028275328119688713, 0.02239237451928086]</SD>
		<WAVELENGTH_UNIT>E-6m</WAVELENGTH_UNIT>
		<COLOR>#a053fd</COLOR>
		<COVARIANCE_MATRIX>[[7.573270522698294e-06, 2.6434097435412696e-06, 7.435625320795225e-06, -4.889134288532659e-06, 6.337570084724575e-05, 5.273233909974806e-05], [2.6434097435412696e-06, 6.382335413945839e-06, 7.328979791054735e-06, 1.6656309526297264e-05, -6.30069871476735e-06, -2.126589379258803e-06], [7.435625320795225e-06, 7.328979791054735e-06, 1.3017097444389947e-05, 9.807219612412155e-06, 3.32684357999824e-05, 3.070536695304327e-05], [-4.889134288532659e-06, 1.6656309526297264e-05, 9.807219612412155e-06, 0.00011988720507360995, -9.468201460549608e-05, -8.394551696255803e-05], [6.337570084724575e-05, -6.30069871476735e-06, 3.32684357999824e-05, -9.468201460549608e-05, 0.0008023192640393972, 0.0006303791888058186], [5.273233909974806e-05, -2.126589379258803e-06, 3.070536695304327e-05, -8.394551696255803e-05, 0.0006303791888058186, 0.0005031902110204101]]</COVARIANCE_MATRIX>
		<ROI_SIZE>284</ROI_SIZE>
		<MAX_VALUE>[0.11451985687017441, 0.1102745458483696, 0.11568473279476166, 0.19846834242343903, 0.10789304226636887, 0.09124831110239029]</MAX_VALUE>
		<MIN_VALUE>[0.0946393758058548, 0.08695123344659805, 0.08348249644041061, 0.12207859009504318, 0.017498960718512535, 0.013253651559352875]</MIN_VALUE>
		<SIGNATURE_THRESHOLD_MD>0.0</SIGNATURE_THRESHOLD_MD>
		<SIGNATURE_THRESHOLD_ML>0.0</SIGNATURE_THRESHOLD_ML>
		<SIGNATURE_THRESHOLD_SAM>0.0</SIGNATURE_THRESHOLD_SAM>
	</signature>
	<signature ID="20211207_222437751883_333">
		<MACROCLASSID>1</MACROCLASSID>
		<MACROCLASSINFO>Waterbody</MACROCLASSINFO>
		<CLASSID>3</CLASSID>
		<CLASSINFO>C 1</CLASSINFO>
		<VALUES>[0.10255683136942935, 0.0029276305189840615, 0.10038538200435795, 0.004753438313691469, 0.10847470769911628, 0.008992316137323235, 0.09709274063691685, 0.011100899119216887, 0.019021982564648363, 0.00888647070663385, 0.01357410745534264, 0.00523303467578852]</VALUES>
		<LCS_MIN>[0.0866147056221962, 0.07082421332597733, 0.06409384310245514, 0.06417151540517807, 0.011545175686478615, 0.008671818301081657]</LCS_MIN>
		<LCS_MAX>[0.11086992919445038, 0.10786715894937515, 0.12213035672903061, 0.1358499675989151, 0.06505163758993149, 0.049597665667533875]</LCS_MAX>
		<WAVELENGTH>[0.48, 0.56, 0.655, 0.865, 1.61, 2.2]</WAVELENGTH>
		<MEAN_VALUE>[0.10255683136942935, 0.10038538200435795, 0.10847470769911628, 0.09709274063691685, 0.019021982564648363, 0.01357410745534264]</MEAN_VALUE>
		<CHECKBOX>2</CHECKBOX>
		<SD>[0.0029276305189840615, 0.004753438313691469, 0.008992316137323235, 0.011100899119216887, 0.00888647070663385, 0.00523303467578852]</SD>
		<WAVELENGTH_UNIT>E-6m</WAVELENGTH_UNIT>
		<COLOR>#47f846</COLOR>
		<COVARIANCE_MATRIX>[[8.57313716551289e-06, 1.2740271813527215e-05, 2.4036600734689273e-05, -1.0610517165332567e-05, -1.1867132343468256e-05, -4.6635423132102005e-06], [1.2740271813527215e-05, 2.26007559831487e-05, 4.05260143452324e-05, -2.3334301658906043e-05, -2.6679357688408345e-05, -1.2675030120590236e-05], [2.4036600734689273e-05, 4.05260143452324e-05, 8.08817203505896e-05, -4.367083602119237e-05, -5.083009455120191e-05, -2.404045699222479e-05], [-1.0610517165332567e-05, -2.3334301658906043e-05, -4.367083602119237e-05, 0.0001232603972312063, 6.028175266692415e-05, 3.48774301528465e-05], [-1.1867132343468256e-05, -2.6679357688408345e-05, -5.083009455120191e-05, 6.028175266692415e-05, 7.898886542534456e-05, 4.543338582152501e-05], [-4.6635423132102005e-06, -1.2675030120590236e-05, -2.404045699222479e-05, 3.48774301528465e-05, 4.543338582152501e-05, 2.73914156423416e-05]]</COVARIANCE_MATRIX>
		<ROI_SIZE>4050</ROI_SIZE>
		<MAX_VALUE>[0.11086992919445038, 0.10786715894937515, 0.12213035672903061, 0.1358499675989151, 0.06505163758993149, 0.049597665667533875]</MAX_VALUE>
		<MIN_VALUE>[0.0866147056221962, 0.07082421332597733, 0.06409384310245514, 0.06417151540517807, 0.011545175686478615, 0.008671818301081657]</MIN_VALUE>
		<SIGNATURE_THRESHOLD_MD>0.0</SIGNATURE_THRESHOLD_MD>
		<SIGNATURE_THRESHOLD_ML>0.0</SIGNATURE_THRESHOLD_ML>
		<SIGNATURE_THRESHOLD_SAM>0.0</SIGNATURE_THRESHOLD_SAM>
	</signature>
	<signature ID="20211207_222522817650_362">
		<MACROCLASSID>1</MACROCLASSID>
		<MACROCLASSINFO>Waterbody</MACROCLASSINFO>
		<CLASSID>4</CLASSID>
		<CLASSINFO>C 1</CLASSINFO>
		<VALUES>[0.06677990155712941, 0.0022352543971453057, 0.04374032889410675, 0.002362935893607484, 0.02758987997340879, 0.0027625271577040823, 0.02038289854084508, 0.006176669586285867, 0.011988680279571977, 0.004734988334636532, 0.009118107266254581, 0.003225752224251179]</VALUES>
		<LCS_MIN>[0.06176409870386124, 0.03836311772465706, 0.022106677293777466, 0.011881688609719276, 0.006756253074854612, 0.005047778133302927]</LCS_MIN>
		<LCS_MAX>[0.07387877255678177, 0.058347150683403015, 0.04680197313427925, 0.06771789491176605, 0.058735426515340805, 0.037379443645477295]</LCS_MAX>
		<WAVELENGTH>[0.48, 0.56, 0.655, 0.865, 1.61, 2.2]</WAVELENGTH>
		<MEAN_VALUE>[0.06677990155712941, 0.04374032889410675, 0.02758987997340879, 0.02038289854084508, 0.011988680279571977, 0.009118107266254581]</MEAN_VALUE>
		<CHECKBOX>2</CHECKBOX>
		<SD>[0.0022352543971453057, 0.002362935893607484, 0.0027625271577040823, 0.006176669586285867, 0.004734988334636532, 0.003225752224251179]</SD>
		<WAVELENGTH_UNIT>E-6m</WAVELENGTH_UNIT>
		<COLOR>#1a89ed</COLOR>
		<COVARIANCE_MATRIX>[[4.013649231637828e-06, 3.2732452837080928e-06, 3.437956365814898e-06, 3.6745625493495027e-06, 2.9123243621143047e-06, 2.6653738132154103e-06], [3.2732452837080928e-06, 4.015665581391659e-06, 4.434343736647861e-06, 7.172157893364783e-06, 5.405077899922617e-06, 4.064814220328117e-06], [3.437956365814898e-06, 4.434343736647861e-06, 5.510475602932274e-06, 9.898460120894015e-06, 7.557307526440127e-06, 5.5398941185558215e-06], [3.6745625493495027e-06, 7.172157893364783e-06, 9.898460120894015e-06, 2.7983462132397108e-05, 1.9395873096073046e-05, 1.3250103620521259e-05], [2.9123243621143047e-06, 5.405077899922617e-06, 7.557307526440127e-06, 1.9395873096073046e-05, 1.656280437600799e-05, 1.0691008355934173e-05], [2.6653738132154103e-06, 4.064814220328117e-06, 5.5398941185558215e-06, 1.3250103620521259e-05, 1.0691008355934173e-05, 7.557519893452991e-06]]</COVARIANCE_MATRIX>
		<ROI_SIZE>4551</ROI_SIZE>
		<MAX_VALUE>[0.07387877255678177, 0.058347150683403015, 0.04680197313427925, 0.06771789491176605, 0.058735426515340805, 0.037379443645477295]</MAX_VALUE>
		<MIN_VALUE>[0.06176409870386124, 0.03836311772465706, 0.022106677293777466, 0.011881688609719276, 0.006756253074854612, 0.005047778133302927]</MIN_VALUE>
		<SIGNATURE_THRESHOLD_MD>0.0</SIGNATURE_THRESHOLD_MD>
		<SIGNATURE_THRESHOLD_ML>0.0</SIGNATURE_THRESHOLD_ML>
		<SIGNATURE_THRESHOLD_SAM>0.0</SIGNATURE_THRESHOLD_SAM>
	</signature>
	<signature ID="20211207_222550376970_721">
		<MACROCLASSID>1</MACROCLASSID>
		<MACROCLASSINFO>Waterbody</MACROCLASSINFO>
		<CLASSID>5</CLASSID>
		<CLASSINFO>C 1</CLASSINFO>
		<VALUES>[0.06553128876570104, 0.0007868178475591177, 0.055529568293560407, 0.0018681497910613255, 0.03013850079614439, 0.0019100877162901435, 0.021345049984115853, 0.008351722187702502, 0.010684988022108606, 0.0054374450999990324, 0.007505921655755044, 0.003303502379357765]</VALUES>
		<LCS_MIN>[0.05883897840976715, 0.03719824552536011, 0.02448819763958454, 0.012580616399645805, 0.0025109427515417337, 0.004633598029613495]</LCS_MIN>
		<LCS_MAX>[0.07209263741970062, 0.0648445412516594, 0.04506760463118553, 0.06989232450723648, 0.05601740628480911, 0.03541211411356926]</LCS_MAX>
		<WAVELENGTH>[0.48, 0.56, 0.655, 0.865, 1.61, 2.2]</WAVELENGTH>
		<MEAN_VALUE>[0.06553128876570104, 0.055529568293560407, 0.03013850079614439, 0.021345049984115853, 0.010684988022108606, 0.007505921655755044]</MEAN_VALUE>
		<CHECKBOX>2</CHECKBOX>
		<SD>[0.0007868178475591177, 0.0018681497910613255, 0.0019100877162901435, 0.008351722187702502, 0.0054374450999990324, 0.003303502379357765]</SD>
		<WAVELENGTH_UNIT>E-6m</WAVELENGTH_UNIT>
		<COLOR>#aeb1f7</COLOR>
		<COVARIANCE_MATRIX>[[6.192742034727416e-07, 9.241931024916994e-07, 9.097933002522041e-07, 2.085885171254631e-06, 1.775911528056895e-06, 1.234268665939453e-06], [9.241931024916994e-07, 3.4910653994302265e-06, -4.254981789131307e-08, -3.4602207961142994e-06, -1.0815742825798225e-06, -6.73811371143529e-07], [9.097933002522041e-07, -4.254981789131307e-08, 3.6495659969659755e-06, 1.2596333363035228e-05, 9.08921538211871e-06, 5.491102001542458e-06], [2.085885171254631e-06, -3.4602207961142994e-06, 1.2596333363035228e-05, 6.977288285270333e-05, 4.271460056770593e-05, 2.568091258581262e-05], [1.775911528056895e-06, -1.0815742825798225e-06, 9.08921538211871e-06, 4.271460056770593e-05, 2.957497417810373e-05, 1.7273268895223737e-05], [1.234268665939453e-06, -6.73811371143529e-07, 5.491102001542458e-06, 2.568091258581262e-05, 1.7273268895223737e-05, 1.0916511200775858e-05]]</COVARIANCE_MATRIX>
		<ROI_SIZE>3227</ROI_SIZE>
		<MAX_VALUE>[0.07209263741970062, 0.0648445412516594, 0.04506760463118553, 0.06989232450723648, 0.05601740628480911, 0.03541211411356926]</MAX_VALUE>
		<MIN_VALUE>[0.05883897840976715, 0.03719824552536011, 0.02448819763958454, 0.012580616399645805, 0.0025109427515417337, 0.004633598029613495]</MIN_VALUE>
		<SIGNATURE_THRESHOLD_MD>0.0</SIGNATURE_THRESHOLD_MD>
		<SIGNATURE_THRESHOLD_ML>0.0</SIGNATURE_THRESHOLD_ML>
		<SIGNATURE_THRESHOLD_SAM>0.0</SIGNATURE_THRESHOLD_SAM>
	</signature>
	<signature ID="20211207_222632006469_324">
		<MACROCLASSID>1</MACROCLASSID>
		<MACROCLASSINFO>Waterbody</MACROCLASSINFO>
		<CLASSID>6</CLASSID>
		<CLASSINFO>C 1</CLASSINFO>
		<VALUES>[0.07883324728169594, 0.001831400790820559, 0.06683514319677865, 0.004474749991637131, 0.05020680205947297, 0.007048987454135108, 0.020803343557434822, 0.004758911991594792, 0.007741567704763455, 0.0029058036909864627, 0.005278842909525905, 0.0016062884725531576]</VALUES>
		<LCS_MIN>[0.07302452623844147, 0.05412772297859192, 0.03489438444375992, 0.016023458912968636, 0.005591380875557661, 0.003753473050892353]</LCS_MIN>
		<LCS_MAX>[0.08356014639139175, 0.07866769284009933, 0.0733092725276947, 0.06978877633810043, 0.05498196557164192, 0.0305196400731802]</LCS_MAX>
		<WAVELENGTH>[0.48, 0.56, 0.655, 0.865, 1.61, 2.2]</WAVELENGTH>
		<MEAN_VALUE>[0.07883324728169594, 0.06683514319677865, 0.05020680205947297, 0.020803343557434822, 0.007741567704763455, 0.005278842909525905]</MEAN_VALUE>
		<CHECKBOX>2</CHECKBOX>
		<SD>[0.001831400790820559, 0.004474749991637131, 0.007048987454135108, 0.004758911991594792, 0.0029058036909864627, 0.0016062884725531576]</SD>
		<WAVELENGTH_UNIT>E-6m</WAVELENGTH_UNIT>
		<COLOR>#e8252c</COLOR>
		<COVARIANCE_MATRIX>[[3.5484274576447206e-06, 8.538829206372611e-06, 1.2777697520505171e-05, 3.262804966652766e-06, 5.735595323130838e-07, 3.3634617579991755e-07], [8.538829206372611e-06, 2.116602991009131e-05, 3.177298640366644e-05, 8.350605639861897e-06, 1.638529511183151e-06, 9.685829809313873e-07], [1.2777697520505171e-05, 3.177298640366644e-05, 4.968146458850242e-05, 1.5487717973883264e-05, 4.222041297907708e-06, 2.5031711174960947e-06], [3.262804966652766e-06, 8.350605639861897e-06, 1.5487717973883264e-05, 2.2411706595448777e-05, 1.2585835065692663e-05, 6.9217007876432035e-06], [5.735595323130838e-07, 1.638529511183151e-06, 4.222041297907708e-06, 1.2585835065692663e-05, 8.628246177977417e-06, 4.705272203864297e-06], [3.3634617579991755e-07, 9.685829809313873e-07, 2.5031711174960947e-06, 6.9217007876432035e-06, 4.705272203864297e-06, 2.6547340894467197e-06]]</COVARIANCE_MATRIX>
		<ROI_SIZE>7061</ROI_SIZE>
		<MAX_VALUE>[0.08356014639139175, 0.07866769284009933, 0.0733092725276947, 0.06978877633810043, 0.05498196557164192, 0.0305196400731802]</MAX_VALUE>
		<MIN_VALUE>[0.07302452623844147, 0.05412772297859192, 0.03489438444375992, 0.016023458912968636, 0.005591380875557661, 0.003753473050892353]</MIN_VALUE>
		<SIGNATURE_THRESHOLD_MD>0.0</SIGNATURE_THRESHOLD_MD>
		<SIGNATURE_THRESHOLD_ML>0.0</SIGNATURE_THRESHOLD_ML>
		<SIGNATURE_THRESHOLD_SAM>0.0</SIGNATURE_THRESHOLD_SAM>
	</signature>
	<signature ID="20211207_222642667738_852">
		<MACROCLASSID>1</MACROCLASSID>
		<MACROCLASSINFO>Waterbody</MACROCLASSINFO>
		<CLASSID>7</CLASSID>
		<CLASSINFO>C 1</CLASSINFO>
		<VALUES>[0.07225126192563144, 0.0006669677250192392, 0.05421068749657005, 0.0015172444675106561, 0.03687782431400031, 0.0021791901309262266, 0.024581618271185473, 0.00838262096743059, 0.01365665873305284, 0.006855200412360812, 0.00965349005000612, 0.00470997266613995]</VALUES>
		<LCS_MIN>[0.07116072624921799, 0.05143556371331215, 0.03349654749035835, 0.015712829306721687, 0.008930683135986328, 0.0063161905854940414]</LCS_MIN>
		<LCS_MAX>[0.07703687250614166, 0.06261834502220154, 0.060029733926057816, 0.06965934485197067, 0.05863189697265625, 0.03981273993849754]</LCS_MAX>
		<WAVELENGTH>[0.48, 0.56, 0.655, 0.865, 1.61, 2.2]</WAVELENGTH>
		<MEAN_VALUE>[0.07225126192563144, 0.05421068749657005, 0.03687782431400031, 0.024581618271185473, 0.01365665873305284, 0.00965349005000612]</MEAN_VALUE>
		<CHECKBOX>2</CHECKBOX>
		<SD>[0.0006669677250192392, 0.0015172444675106561, 0.0021791901309262266, 0.00838262096743059, 0.006855200412360812, 0.00470997266613995]</SD>
		<WAVELENGTH_UNIT>E-6m</WAVELENGTH_UNIT>
		<COLOR>#28f3d3</COLOR>
		<COVARIANCE_MATRIX>[[4.746900117424957e-07, 9.360657031720621e-07, 1.2838982001994736e-06, 4.340855412010569e-06, 3.814081082964549e-06, 2.623103682708461e-06], [9.360657031720621e-07, 2.690973815333564e-06, 2.7888024760613916e-06, 9.780427717487328e-06, 7.923614248284139e-06, 5.33068077857024e-06], [1.2838982001994736e-06, 2.7888024760613916e-06, 4.527730652625905e-06, 1.4582628864445724e-05, 1.2666558177443221e-05, 8.655572855786886e-06], [4.340855412010569e-06, 9.780427717487328e-06, 1.4582628864445724e-05, 7.423068745993078e-05, 5.732422141591087e-05, 3.6065805034013465e-05], [3.814081082964549e-06, 7.923614248284139e-06, 1.2666558177443221e-05, 5.732422141591087e-05, 4.992867252440192e-05, 3.30170696543064e-05], [2.623103682708461e-06, 5.33068077857024e-06, 8.655572855786886e-06, 3.6065805034013465e-05, 3.30170696543064e-05, 2.289151234435849e-05]]</COVARIANCE_MATRIX>
		<ROI_SIZE>1686</ROI_SIZE>
		<MAX_VALUE>[0.07703687250614166, 0.06261834502220154, 0.060029733926057816, 0.06965934485197067, 0.05863189697265625, 0.03981273993849754]</MAX_VALUE>
		<MIN_VALUE>[0.07116072624921799, 0.05143556371331215, 0.03349654749035835, 0.015712829306721687, 0.008930683135986328, 0.0063161905854940414]</MIN_VALUE>
		<SIGNATURE_THRESHOLD_MD>0.0</SIGNATURE_THRESHOLD_MD>
		<SIGNATURE_THRESHOLD_ML>0.0</SIGNATURE_THRESHOLD_ML>
		<SIGNATURE_THRESHOLD_SAM>0.0</SIGNATURE_THRESHOLD_SAM>
	</signature>
	<signature ID="20211207_222652138434_814">
		<MACROCLASSID>1</MACROCLASSID>
		<MACROCLASSINFO>Waterbody</MACROCLASSINFO>
		<CLASSID>8</CLASSID>
		<CLASSINFO>C 1</CLASSINFO>
		<VALUES>[0.07311599748239869, 0.0008526697178513161, 0.05521387345412675, 0.0009591917414318115, 0.03612100050443491, 0.0009907724774223421, 0.016620216609621187, 0.0005525082060528949, 0.006416338555155213, 0.00027756406148458316, 0.0044151931042896555, 0.0002518992000437868]</VALUES>
		<LCS_MIN>[0.07095364481210709, 0.05247102305293083, 0.03385894373059273, 0.015298648737370968, 0.005591380875557661, 0.0036499232519418]</LCS_MIN>
		<LCS_MAX>[0.07512131333351135, 0.057182278484106064, 0.038078371435403824, 0.019776931032538414, 0.007869350723922253, 0.0054101827554404736]</LCS_MAX>
		<WAVELENGTH>[0.48, 0.56, 0.655, 0.865, 1.61, 2.2]</WAVELENGTH>
		<MEAN_VALUE>[0.07311599748239869, 0.05521387345412675, 0.03612100050443491, 0.016620216609621187, 0.006416338555155213, 0.0044151931042896555]</MEAN_VALUE>
		<CHECKBOX>2</CHECKBOX>
		<SD>[0.0008526697178513161, 0.0009591917414318115, 0.0009907724774223421, 0.0005525082060528949, 0.00027756406148458316, 0.0002518992000437868]</SD>
		<WAVELENGTH_UNIT>E-6m</WAVELENGTH_UNIT>
		<COLOR>#dedae6</COLOR>
		<COVARIANCE_MATRIX>[[7.50528670323547e-07, 7.843883054192702e-07, 8.125693398142175e-07, 4.3418725681476644e-07, 1.7411763053587492e-07, 1.7126937734701642e-07], [7.843883054192702e-07, 9.485322038926824e-07, 8.986602324512205e-07, 4.555365649139276e-07, 1.8384781697022845e-07, 1.7912473992964806e-07], [8.125693398142175e-07, 8.986602324512205e-07, 9.956085023077321e-07, 5.011588086745178e-07, 1.9370629900095082e-07, 1.8838453286207368e-07], [4.3418725681476644e-07, 4.555365649139276e-07, 5.011588086745178e-07, 3.544495825735794e-07, 1.3976070079024794e-07, 1.24376441590357e-07], [1.7411763053587492e-07, 1.8384781697022845e-07, 1.9370629900095082e-07, 1.3976070079024794e-07, 9.38683157869491e-08, 6.057086920918664e-08], [1.7126937734701642e-07, 1.7912473992964806e-07, 1.8838453286207368e-07, 1.24376441590357e-07, 6.057086920918664e-08, 7.332740636911694e-08]]</COVARIANCE_MATRIX>
		<ROI_SIZE>10189</ROI_SIZE>
		<MAX_VALUE>[0.07512131333351135, 0.057182278484106064, 0.038078371435403824, 0.019776931032538414, 0.007869350723922253, 0.0054101827554404736]</MAX_VALUE>
		<MIN_VALUE>[0.07095364481210709, 0.05247102305293083, 0.03385894373059273, 0.015298648737370968, 0.005591380875557661, 0.0036499232519418]</MIN_VALUE>
		<SIGNATURE_THRESHOLD_MD>0.0</SIGNATURE_THRESHOLD_MD>
		<SIGNATURE_THRESHOLD_ML>0.0</SIGNATURE_THRESHOLD_ML>
		<SIGNATURE_THRESHOLD_SAM>0.0</SIGNATURE_THRESHOLD_SAM>
	</signature>
	<signature ID="20211207_222705269644_611">
		<MACROCLASSID>1</MACROCLASSID>
		<MACROCLASSINFO>Waterbody</MACROCLASSINFO>
		<CLASSID>9</CLASSID>
		<CLASSINFO>C 1</CLASSINFO>
		<VALUES>[0.09136076615970631, 0.002892240989830446, 0.09771396576381132, 0.007555878987075926, 0.1028358956340885, 0.011237543705547965, 0.04575136201507086, 0.0118545828241999, 0.013992973339687924, 0.005704198302221488, 0.009596079660202976, 0.0035674215382937146]</VALUES>
		<LCS_MIN>[0.08063502609729767, 0.06673421710729599, 0.06290309131145477, 0.030131353065371513, 0.0091377729550004, 0.004892453085631132]</LCS_MIN>
		<LCS_MAX>[0.09621842950582504, 0.10781536996364594, 0.12171619385480881, 0.08550161123275757, 0.05953790619969368, 0.040330447256565094]</LCS_MAX>
		<WAVELENGTH>[0.48, 0.56, 0.655, 0.865, 1.61, 2.2]</WAVELENGTH>
		<MEAN_VALUE>[0.09136076615970631, 0.09771396576381132, 0.1028358956340885, 0.04575136201507086, 0.013992973339687924, 0.009596079660202976]</MEAN_VALUE>
		<CHECKBOX>2</CHECKBOX>
		<SD>[0.002892240989830446, 0.007555878987075926, 0.011237543705547965, 0.0118545828241999, 0.005704198302221488, 0.0035674215382937146]</SD>
		<WAVELENGTH_UNIT>E-6m</WAVELENGTH_UNIT>
		<COLOR>#f3f8fd</COLOR>
		<COVARIANCE_MATRIX>[[8.37420975585701e-06, 2.0693682017736137e-05, 2.7310961741022766e-05, -1.5806932424311526e-05, -7.828652996977326e-06, -4.7119306145759765e-06], [2.0693682017736137e-05, 5.71537711948622e-05, 7.43503260309808e-05, -5.4274256399367005e-05, -2.4296898118336685e-05, -1.5352790796896443e-05], [2.7310961741022766e-05, 7.43503260309808e-05, 0.00012642054934985936, -6.385708547895774e-05, -4.1102819523075595e-05, -2.529275843698997e-05], [-1.5806932424311526e-05, -5.4274256399367005e-05, -6.385708547895774e-05, 0.00014068488962948322, 5.014414637116715e-05, 3.1829167710384354e-05], [-7.828652996977326e-06, -2.4296898118336685e-05, -4.1102819523075595e-05, 5.014414637116715e-05, 3.2573476346442476e-05, 1.989248994505033e-05], [-4.7119306145759765e-06, -1.5352790796896443e-05, -2.529275843698997e-05, 3.1829167710384354e-05, 1.989248994505033e-05, 1.2740420061163604e-05]]</COVARIANCE_MATRIX>
		<ROI_SIZE>915</ROI_SIZE>
		<MAX_VALUE>[0.09621842950582504, 0.10781536996364594, 0.12171619385480881, 0.08550161123275757, 0.05953790619969368, 0.040330447256565094]</MAX_VALUE>
		<MIN_VALUE>[0.08063502609729767, 0.06673421710729599, 0.06290309131145477, 0.030131353065371513, 0.0091377729550004, 0.004892453085631132]</MIN_VALUE>
		<SIGNATURE_THRESHOLD_MD>0.0</SIGNATURE_THRESHOLD_MD>
		<SIGNATURE_THRESHOLD_ML>0.0</SIGNATURE_THRESHOLD_ML>
		<SIGNATURE_THRESHOLD_SAM>0.0</SIGNATURE_THRESHOLD_SAM>
	</signature>
	<signature ID="20211207_222714348404_448">
		<MACROCLASSID>1</MACROCLASSID>
		<MACROCLASSINFO>Waterbody</MACROCLASSINFO>
		<CLASSID>10</CLASSID>
		<CLASSINFO>C 1</CLASSINFO>
		<VALUES>[0.08020125743553358, 0.0007068971143904821, 0.07260738464441154, 0.0020478161168846565, 0.06432725236241314, 0.004015331567456618, 0.03171234044514458, 0.010526165293376117, 0.015195879544411943, 0.006887462678624653, 0.00954018763348634, 0.003682925811552588]</VALUES>
		<LCS_MIN>[0.07600143551826477, 0.06292897462844849, 0.0526004359126091, 0.022132569923996925, 0.00797290075570345, 0.0069374507293105125]</LCS_MIN>
		<LCS_MAX>[0.08384489268064499, 0.0821881964802742, 0.0798584520816803, 0.07623440027236938, 0.04750088229775429, 0.027620410546660423]</LCS_MAX>
		<WAVELENGTH>[0.48, 0.56, 0.655, 0.865, 1.61, 2.2]</WAVELENGTH>
		<MEAN_VALUE>[0.08020125743553358, 0.07260738464441154, 0.06432725236241314, 0.03171234044514458, 0.015195879544411943, 0.00954018763348634]</MEAN_VALUE>
		<CHECKBOX>2</CHECKBOX>
		<SD>[0.0007068971143904821, 0.0020478161168846565, 0.004015331567456618, 0.010526165293376117, 0.006887462678624653, 0.003682925811552588]</SD>
		<WAVELENGTH_UNIT>E-6m</WAVELENGTH_UNIT>
		<COLOR>#7f7792</COLOR>
		<COVARIANCE_MATRIX>[[5.005363732379919e-07, 9.75427951743768e-07, 1.0658176279321196e-06, 2.5463370434408716e-07, 1.0848778941863202e-07, 5.706704442332011e-08], [9.75427951743768e-07, 4.200539933663094e-06, 7.074418590491405e-06, 2.285833261339576e-06, 9.02007116110326e-07, 5.222553909334238e-07], [1.0658176279321196e-06, 7.074418590491405e-06, 1.6149759176187217e-05, -2.2562744561582804e-06, -2.698971456993604e-06, -1.3327293117981753e-06], [2.5463370434408716e-07, 2.285833261339576e-06, -2.2562744561582804e-06, 0.00011098482355009764, 6.950563692953438e-05, 3.599880437832326e-05], [1.0848778941863202e-07, 9.02007116110326e-07, -2.698971456993604e-06, 6.950563692953438e-05, 4.751620508613996e-05, 2.4977154680527747e-05], [5.706704442332011e-08, 5.222553909334238e-07, -1.3327293117981753e-06, 3.599880437832326e-05, 2.4977154680527747e-05, 1.358654935756931e-05]]</COVARIANCE_MATRIX>
		<ROI_SIZE>601</ROI_SIZE>
		<MAX_VALUE>[0.08384489268064499, 0.0821881964802742, 0.0798584520816803, 0.07623440027236938, 0.04750088229775429, 0.027620410546660423]</MAX_VALUE>
		<MIN_VALUE>[0.07600143551826477, 0.06292897462844849, 0.0526004359126091, 0.022132569923996925, 0.00797290075570345, 0.0069374507293105125]</MIN_VALUE>
		<SIGNATURE_THRESHOLD_MD>0.0</SIGNATURE_THRESHOLD_MD>
		<SIGNATURE_THRESHOLD_ML>0.0</SIGNATURE_THRESHOLD_ML>
		<SIGNATURE_THRESHOLD_SAM>0.0</SIGNATURE_THRESHOLD_SAM>
	</signature>
	<signature ID="20211207_222720764631_399">
		<MACROCLASSID>1</MACROCLASSID>
		<MACROCLASSINFO>Waterbody</MACROCLASSINFO>
		<CLASSID>11</CLASSID>
		<CLASSINFO>C 1</CLASSINFO>
		<VALUES>[0.08101728099087874, 0.0002853866647526182, 0.07683711548646294, 0.0007301388400367774, 0.07672969028353688, 0.0029231359886622357, 0.03958407550429304, 0.016492635101596407, 0.02066741450689733, 0.010639638226983142, 0.012638856936246157, 0.005745391361858148]</VALUES>
		<LCS_MIN>[0.08032439649105072, 0.07400820404291153, 0.06624238938093185, 0.026740284636616707, 0.012269976548850536, 0.008050558157265186]</LCS_MIN>
		<LCS_MAX>[0.08164457976818085, 0.07848649471998215, 0.08148926496505737, 0.09606311470270157, 0.06176409870386124, 0.033703628927469254]</LCS_MAX>
		<WAVELENGTH>[0.48, 0.56, 0.655, 0.865, 1.61, 2.2]</WAVELENGTH>
		<MEAN_VALUE>[0.08101728099087874, 0.07683711548646294, 0.07672969028353688, 0.03958407550429304, 0.02066741450689733, 0.012638856936246157]</MEAN_VALUE>
		<CHECKBOX>2</CHECKBOX>
		<SD>[0.0002853866647526182, 0.0007301388400367774, 0.0029231359886622357, 0.016492635101596407, 0.010639638226983142, 0.005745391361858148]</SD>
		<WAVELENGTH_UNIT>E-6m</WAVELENGTH_UNIT>
		<COLOR>#ccba69</COLOR>
		<COVARIANCE_MATRIX>[[8.282598429332211e-08, 1.116545931267865e-07, 5.351245135898353e-07, -2.1392756934801582e-06, -1.2932044910485274e-06, -6.794170985813253e-07], [1.116545931267865e-07, 5.421383661996515e-07, 1.8515643205319066e-06, 3.7106059380676015e-07, 6.033993145138083e-07, 3.2876019417926727e-07], [5.351245135898353e-07, 1.8515643205319066e-06, 8.689549758855719e-06, -1.7824884707806632e-05, -1.0142607607122045e-05, -5.681764832843328e-06], [-2.1392756934801582e-06, 3.7106059380676015e-07, -1.7824884707806632e-05, 0.00027661729836836457, 0.00017645102343522012, 9.374410728923976e-05], [-1.2932044910485274e-06, 6.033993145138083e-07, -1.0142607607122045e-05, 0.00017645102343522012, 0.0001151205797214061, 6.150842091301456e-05], [-6.794170985813253e-07, 3.2876019417926727e-07, -5.681764832843328e-06, 9.374410728923976e-05, 6.150842091301456e-05, 3.3569005609024316e-05]]</COVARIANCE_MATRIX>
		<ROI_SIZE>60</ROI_SIZE>
		<MAX_VALUE>[0.08164457976818085, 0.07848649471998215, 0.08148926496505737, 0.09606311470270157, 0.06176409870386124, 0.033703628927469254]</MAX_VALUE>
		<MIN_VALUE>[0.08032439649105072, 0.07400820404291153, 0.06624238938093185, 0.026740284636616707, 0.012269976548850536, 0.008050558157265186]</MIN_VALUE>
		<SIGNATURE_THRESHOLD_MD>0.0</SIGNATURE_THRESHOLD_MD>
		<SIGNATURE_THRESHOLD_ML>0.0</SIGNATURE_THRESHOLD_ML>
		<SIGNATURE_THRESHOLD_SAM>0.0</SIGNATURE_THRESHOLD_SAM>
	</signature>
	<signature ID="20211207_222731166531_553">
		<MACROCLASSID>1</MACROCLASSID>
		<MACROCLASSINFO>Waterbody</MACROCLASSINFO>
		<CLASSID>12</CLASSID>
		<CLASSINFO>C 1</CLASSINFO>
		<VALUES>[0.07959959022700787, 0.00036243577700951064, 0.07821080312132835, 0.0009229358058138415, 0.09520154135922593, 0.004169100836725983, 0.05997796567777793, 0.018177989888047245, 0.028696834699561195, 0.012069319917036303, 0.01670469207844386, 0.006134072851840129]</VALUES>
		<LCS_MIN>[0.07864180952310562, 0.07576845586299896, 0.0832495167851448, 0.03215046599507332, 0.010069663636386395, 0.007558720652014017]</LCS_MIN>
		<LCS_MAX>[0.08032439649105072, 0.08050559461116791, 0.10090380162000656, 0.09953185170888901, 0.05927903950214386, 0.03284938633441925]</LCS_MAX>
		<WAVELENGTH>[0.48, 0.56, 0.655, 0.865, 1.61, 2.2]</WAVELENGTH>
		<MEAN_VALUE>[0.07959959022700787, 0.07821080312132835, 0.09520154135922593, 0.05997796567777793, 0.028696834699561195, 0.01670469207844386]</MEAN_VALUE>
		<CHECKBOX>2</CHECKBOX>
		<SD>[0.00036243577700951064, 0.0009229358058138415, 0.004169100836725983, 0.018177989888047245, 0.012069319917036303, 0.006134072851840129]</SD>
		<WAVELENGTH_UNIT>E-6m</WAVELENGTH_UNIT>
		<COLOR>#e2238a</COLOR>
		<COVARIANCE_MATRIX>[[1.335861270490568e-07, 2.69056783963606e-07, 7.890186566328339e-07, -6.751897672074847e-07, -7.095869705153746e-07, -3.9875268953437626e-07], [2.69056783963606e-07, 8.662479444865312e-07, 1.8318019101570826e-06, -6.854483558527136e-07, -1.4896232869432424e-06, -8.968017368715664e-07], [7.890186566328339e-07, 1.8318019101570826e-06, 1.7676002244115807e-05, -6.0815593315055594e-05, -4.04086422349792e-05, -2.029963980021421e-05], [-6.751897672074847e-07, -6.854483558527136e-07, -6.0815593315055594e-05, 0.0003360399859957397, 0.00021784189448226243, 0.00010895443119807169], [-7.095869705153746e-07, -1.4896232869432424e-06, -4.04086422349792e-05, 0.00021784189448226243, 0.00014813743473496288, 7.495278987335041e-05], [-3.9875268953437626e-07, -8.968017368715664e-07, -2.029963980021421e-05, 0.00010895443119807169, 7.495278987335041e-05, 3.826459214906208e-05]]</COVARIANCE_MATRIX>
		<ROI_SIZE>60</ROI_SIZE>
		<MAX_VALUE>[0.08032439649105072, 0.08050559461116791, 0.10090380162000656, 0.09953185170888901, 0.05927903950214386, 0.03284938633441925]</MAX_VALUE>
		<MIN_VALUE>[0.07864180952310562, 0.07576845586299896, 0.0832495167851448, 0.03215046599507332, 0.010069663636386395, 0.007558720652014017]</MIN_VALUE>
		<SIGNATURE_THRESHOLD_MD>0.0</SIGNATURE_THRESHOLD_MD>
		<SIGNATURE_THRESHOLD_ML>0.0</SIGNATURE_THRESHOLD_ML>
		<SIGNATURE_THRESHOLD_SAM>0.0</SIGNATURE_THRESHOLD_SAM>
	</signature>
	<signature ID="20211207_222801414266_889">
		<MACROCLASSID>1</MACROCLASSID>
		<MACROCLASSINFO>Waterbody</MACROCLASSINFO>
		<CLASSID>13</CLASSID>
		<CLASSINFO>C 1</CLASSINFO>
		<VALUES>[0.08759518939515822, 0.0009196311933457603, 0.07537838171465668, 0.0018213356654375199, 0.0587672306143719, 0.002418077563231388, 0.03516046829062741, 0.009977378959785219, 0.019340998317668404, 0.006590013711773287, 0.012937953462824238, 0.004057334185604917]</VALUES>
		<LCS_MIN>[0.08503565192222595, 0.06867566704750061, 0.05353234335780144, 0.02917356975376606, 0.01496212650090456, 0.009966123849153519]</LCS_MIN>
		<LCS_MAX>[0.09096356481313705, 0.08211052417755127, 0.0692969486117363, 0.07949605584144592, 0.051720310002565384, 0.035515643656253815]</LCS_MAX>
		<WAVELENGTH>[0.48, 0.56, 0.655, 0.865, 1.61, 2.2]</WAVELENGTH>
		<MEAN_VALUE>[0.08759518939515822, 0.07537838171465668, 0.0587672306143719, 0.03516046829062741, 0.019340998317668404, 0.012937953462824238]</MEAN_VALUE>
		<CHECKBOX>2</CHECKBOX>
		<SD>[0.0009196311933457603, 0.0018213356654375199, 0.002418077563231388, 0.009977378959785219, 0.006590013711773287, 0.004057334185604917]</SD>
		<WAVELENGTH_UNIT>E-6m</WAVELENGTH_UNIT>
		<COLOR>#5df8e9</COLOR>
		<COVARIANCE_MATRIX>[[8.487969012094254e-07, 1.5614629091942334e-06, 2.0547172425722238e-06, 2.87980105895258e-06, 1.9232527392887278e-06, 1.3214863656685338e-06], [1.5614629091942334e-06, 3.3293263186351396e-06, 4.263116352376528e-06, 5.728623818868073e-06, 3.4459335438441485e-06, 2.2576825813303003e-06], [2.0547172425722238e-06, 4.263116352376528e-06, 5.868361313332571e-06, 9.306870197178796e-06, 6.185043275763746e-06, 4.074450771440752e-06], [2.87980105895258e-06, 5.728623818868073e-06, 9.306870197178796e-06, 9.991008118959144e-05, 6.383602158166468e-05, 3.758292950806208e-05], [1.9232527392887278e-06, 3.4459335438441485e-06, 6.185043275763746e-06, 6.383602158166468e-05, 4.358620208222419e-05, 2.615592529764399e-05], [1.3214863656685338e-06, 2.2576825813303003e-06, 4.074450771440752e-06, 3.758292950806208e-05, 2.615592529764399e-05, 1.65218225447461e-05]]</COVARIANCE_MATRIX>
		<ROI_SIZE>276</ROI_SIZE>
		<MAX_VALUE>[0.09096356481313705, 0.08211052417755127, 0.0692969486117363, 0.07949605584144592, 0.051720310002565384, 0.035515643656253815]</MAX_VALUE>
		<MIN_VALUE>[0.08503565192222595, 0.06867566704750061, 0.05353234335780144, 0.02917356975376606, 0.01496212650090456, 0.009966123849153519]</MIN_VALUE>
		<SIGNATURE_THRESHOLD_MD>0.0</SIGNATURE_THRESHOLD_MD>
		<SIGNATURE_THRESHOLD_ML>0.0</SIGNATURE_THRESHOLD_ML>
		<SIGNATURE_THRESHOLD_SAM>0.0</SIGNATURE_THRESHOLD_SAM>
	</signature>
	<signature ID="20211207_222854846137_358">
		<MACROCLASSID>1</MACROCLASSID>
		<MACROCLASSINFO>Waterbody</MACROCLASSINFO>
		<CLASSID>14</CLASSID>
		<CLASSINFO>C 1</CLASSINFO>
		<VALUES>[0.07415631961583925, 0.0021014656039368834, 0.07614883127460957, 0.0025536127264416493, 0.058937789464794894, 0.002686449473272884, 0.06253568178686783, 0.007811692818032117, 0.013470493280826931, 0.007264174241689652, 0.00963582135601968, 0.004730576904132629]</VALUES>
		<LCS_MIN>[0.06787320971488953, 0.05946023762226105, 0.04545588418841362, 0.054412469267845154, 0.005254858173429966, 0.0030804378911852837]</LCS_MIN>
		<LCS_MAX>[0.08138571679592133, 0.08384489268064499, 0.06776966154575348, 0.10885082930326462, 0.05940847098827362, 0.043100256472826004]</LCS_MAX>
		<WAVELENGTH>[0.48, 0.56, 0.655, 0.865, 1.61, 2.2]</WAVELENGTH>
		<MEAN_VALUE>[0.07415631961583925, 0.07614883127460957, 0.058937789464794894, 0.06253568178686783, 0.013470493280826931, 0.00963582135601968]</MEAN_VALUE>
		<CHECKBOX>2</CHECKBOX>
		<SD>[0.0021014656039368834, 0.0025536127264416493, 0.002686449473272884, 0.007811692818032117, 0.007264174241689652, 0.004730576904132629]</SD>
		<WAVELENGTH_UNIT>E-6m</WAVELENGTH_UNIT>
		<COLOR>#1216ab</COLOR>
		<COVARIANCE_MATRIX>[[4.419207471073605e-06, 4.912839358439669e-06, 5.009833785152296e-06, 3.3312865070911357e-06, 2.8151064270787174e-06, 2.768317017398658e-06], [4.912839358439669e-06, 6.525441222038353e-06, 6.275628493312979e-06, 1.1884915238624671e-06, -1.6634311350571807e-07, 9.248038281839399e-07], [5.009833785152296e-06, 6.275628493312979e-06, 7.221995019790484e-06, 7.769145668135025e-06, 5.6940225476864725e-06, 4.806804099644069e-06], [3.3312865070911357e-06, 1.1884915238624671e-06, 7.769145668135025e-06, 6.106468936195597e-05, 5.256596705294214e-05, 3.385650779819116e-05], [2.8151064270787174e-06, -1.6634311350571807e-07, 5.6940225476864725e-06, 5.256596705294214e-05, 5.280466939439066e-05, 3.3507913030916825e-05], [2.768317017398658e-06, 9.248038281839399e-07, 4.806804099644069e-06, 3.385650779819116e-05, 3.3507913030916825e-05, 2.2393813196686096e-05]]</COVARIANCE_MATRIX>
		<ROI_SIZE>1449</ROI_SIZE>
		<MAX_VALUE>[0.08138571679592133, 0.08384489268064499, 0.06776966154575348, 0.10885082930326462, 0.05940847098827362, 0.043100256472826004]</MAX_VALUE>
		<MIN_VALUE>[0.06787320971488953, 0.05946023762226105, 0.04545588418841362, 0.054412469267845154, 0.005254858173429966, 0.0030804378911852837]</MIN_VALUE>
		<SIGNATURE_THRESHOLD_MD>0.0</SIGNATURE_THRESHOLD_MD>
		<SIGNATURE_THRESHOLD_ML>0.0</SIGNATURE_THRESHOLD_ML>
		<SIGNATURE_THRESHOLD_SAM>0.0</SIGNATURE_THRESHOLD_SAM>
	</signature>
	<signature ID="20211207_222908618405_626">
		<MACROCLASSID>1</MACROCLASSID>
		<MACROCLASSINFO>Waterbody</MACROCLASSINFO>
		<CLASSID>15</CLASSID>
		<CLASSINFO>C 1</CLASSINFO>
		<VALUES>[0.10989046417812497, 0.0024493907166923787, 0.11143988392818058, 0.0037809314817953987, 0.125414170750729, 0.00533132753745271, 0.08467745450382082, 0.012573899172767281, 0.022882705382899424, 0.005314066002660785, 0.01717543584608186, 0.0034363319068417665]</VALUES>
		<LCS_MIN>[0.09404399991035461, 0.08488033711910248, 0.08110098540782928, 0.06228182837367058, 0.016152892261743546, 0.011985238641500473]</LCS_MIN>
		<LCS_MAX>[0.11622834205627441, 0.11876516789197922, 0.13517694175243378, 0.1250554919242859, 0.06663066893815994, 0.04884697124361992]</LCS_MAX>
		<WAVELENGTH>[0.48, 0.56, 0.655, 0.865, 1.61, 2.2]</WAVELENGTH>
		<MEAN_VALUE>[0.10989046417812497, 0.11143988392818058, 0.125414170750729, 0.08467745450382082, 0.022882705382899424, 0.01717543584608186]</MEAN_VALUE>
		<CHECKBOX>2</CHECKBOX>
		<SD>[0.0024493907166923787, 0.0037809314817953987, 0.00533132753745271, 0.012573899172767281, 0.005314066002660785, 0.0034363319068417665]</SD>
		<WAVELENGTH_UNIT>E-6m</WAVELENGTH_UNIT>
		<COLOR>#cdc11e</COLOR>
		<COVARIANCE_MATRIX>[[6.002037935104454e-06, 8.750260349188466e-06, 1.1535872545209713e-05, -1.0201566510659177e-05, -5.185473128221929e-06, -2.1048947473900625e-06], [8.750260349188466e-06, 1.4301454029919114e-05, 1.8768465452012606e-05, -2.2596583221456967e-05, -1.0968962669721805e-05, -5.599671567324549e-06], [1.1535872545209713e-05, 1.8768465452012606e-05, 2.8435006242943928e-05, -1.632046405575238e-05, -1.754253935359884e-05, -9.357498129247688e-06], [-1.0201566510659177e-05, -2.2596583221456967e-05, -1.632046405575238e-05, 0.0001581694232299924, 3.5041943192481995e-05, 2.0946437871316448e-05], [-5.185473128221929e-06, -1.0968962669721805e-05, -1.754253935359884e-05, 3.5041943192481995e-05, 2.825117189786397e-05, 1.7797472537495196e-05], [-2.1048947473900625e-06, -5.599671567324549e-06, -9.357498129247688e-06, 2.0946437871316448e-05, 1.7797472537495196e-05, 1.1813343007816002e-05]]</COVARIANCE_MATRIX>
		<ROI_SIZE>2379</ROI_SIZE>
		<MAX_VALUE>[0.11622834205627441, 0.11876516789197922, 0.13517694175243378, 0.1250554919242859, 0.06663066893815994, 0.04884697124361992]</MAX_VALUE>
		<MIN_VALUE>[0.09404399991035461, 0.08488033711910248, 0.08110098540782928, 0.06228182837367058, 0.016152892261743546, 0.011985238641500473]</MIN_VALUE>
		<SIGNATURE_THRESHOLD_MD>0.0</SIGNATURE_THRESHOLD_MD>
		<SIGNATURE_THRESHOLD_ML>0.0</SIGNATURE_THRESHOLD_ML>
		<SIGNATURE_THRESHOLD_SAM>0.0</SIGNATURE_THRESHOLD_SAM>
	</signature>
	<signature ID="20211207_222939848661_352">
		<MACROCLASSID>1</MACROCLASSID>
		<MACROCLASSINFO>Waterbody</MACROCLASSINFO>
		<CLASSID>16</CLASSID>
		<CLASSINFO>C 1</CLASSINFO>
