<?xml version="1.0" ?>
<signaturelist MCID_LIST="[['1', 'waterbody', '#000000'], ['2', 'vegetation', '#000000'], ['3', 'bareland', '#000000'], ['4', 'built-up', '#000000']]">
	<signature ID="20210615_125421111121_161">
		<MACROCLASSID>1</MACROCLASSID>
		<MACROCLASSINFO>waterbody</MACROCLASSINFO>
		<CLASSID>1</CLASSID>
		<CLASSINFO>C 1</CLASSINFO>
		<VALUES>[0.09129606945183125, 0.0023031543373286814, 0.09713743719701008, 0.004103069151887481, 0.06816756959972976, 0.004049825617278597, 0.056296052944716526, 0.007289484099484477, 0.013383322529033051, 0.0038670216904135185, 0.009477134818231333, 0.003250159269270365]</VALUES>
		<LCS_MIN>[0.0810198038816452, 0.06491471081972122, 0.04492487758398056, 0.035419970750808716, 0.003894246881827712, 0.0]</LCS_MIN>
		<LCS_MAX>[0.11230839788913727, 0.11662426590919495, 0.09769096970558167, 0.09195976704359055, 0.050407592207193375, 0.03110932745039463]</LCS_MAX>
		<WAVELENGTH>[0.485, 0.56, 0.66, 0.83, 1.65, 2.215]</WAVELENGTH>
		<MEAN_VALUE>[0.09129606945183125, 0.09713743719701008, 0.06816756959972976, 0.056296052944716526, 0.013383322529033051, 0.009477134818231333]</MEAN_VALUE>
		<CHECKBOX>2</CHECKBOX>
		<SD>[0.0023031543373286814, 0.004103069151887481, 0.004049825617278597, 0.007289484099484477, 0.0038670216904135185, 0.003250159269270365]</SD>
		<WAVELENGTH_UNIT>E-6m</WAVELENGTH_UNIT>
		<COLOR>#e17897</COLOR>
		<COVARIANCE_MATRIX>[[6.28790903092453e-06, 5.561742666308435e-06, 5.995564589947518e-06, 5.309633226438648e-06, 4.750836910733134e-06, 3.6811622812943307e-06], [5.561742666308435e-06, 1.727400611875295e-05, 1.357974928568607e-05, 1.082443437871336e-05, 2.878272222210176e-06, 2.235942237228105e-06], [5.995564589947518e-06, 1.357974928568607e-05, 1.661753635500391e-05, 1.6028090419489912e-05, 6.073772100960204e-06, 4.407219712567582e-06], [5.309633226438648e-06, 1.082443437871336e-05, 1.6028090419489912e-05, 3.9893540231952034e-05, 1.1367479054681345e-05, 7.185397277241297e-06], [4.750836910733134e-06, 2.878272222210176e-06, 6.073772100960204e-06, 1.1367479054681345e-05, 1.5580102920540034e-05, 8.958776221066955e-06], [3.6811622812943307e-06, 2.235942237228105e-06, 4.407219712567582e-06, 7.185397277241297e-06, 8.958776221066955e-06, 1.1032684466357648e-05]]</COVARIANCE_MATRIX>
		<ROI_SIZE>9193</ROI_SIZE>
		<MAX_VALUE>[0.11230839788913727, 0.11662426590919495, 0.09769096970558167, 0.09195976704359055, 0.050407592207193375, 0.03110932745039463]</MAX_VALUE>
		<MIN_VALUE>[0.0810198038816452, 0.06491471081972122, 0.04492487758398056, 0.035419970750808716, 0.003894246881827712, 0.0]</MIN_VALUE>
		<SIGNATURE_THRESHOLD_MD>0</SIGNATURE_THRESHOLD_MD>
		<SIGNATURE_THRESHOLD_ML>0</SIGNATURE_THRESHOLD_ML>
		<SIGNATURE_THRESHOLD_SAM>0</SIGNATURE_THRESHOLD_SAM>
	</signature>
	<signature ID="20210615_125426014290_474">
		<MACROCLASSID>1</MACROCLASSID>
		<MACROCLASSINFO>waterbody</MACROCLASSINFO>
		<CLASSID>2</CLASSID>
		<CLASSINFO>C 1</CLASSINFO>
		<VALUES>[0.0849457565708717, 0.005978488891097544, 0.07650301944976517, 0.010596637321386562, 0.05456352092361429, 0.00859575820786253, 0.043946950862274965, 0.010782428963504148, 0.012478402658895897, 0.0061628399419987505, 0.009495131836506437, 0.005886846332494509]</VALUES>
		<LCS_MIN>[0.07476207613945007, 0.059471603482961655, 0.03989953175187111, 0.02913777157664299, 0.003894246881827712, 0.0]</LCS_MIN>
		<LCS_MAX>[0.107302226126194, 0.10845960676670074, 0.0826149433851242, 0.07311316579580307, 0.04231831803917885, 0.0369177907705307]</LCS_MAX>
		<WAVELENGTH>[0.485, 0.56, 0.66, 0.83, 1.65, 2.215]</WAVELENGTH>
		<MEAN_VALUE>[0.0849457565708717, 0.07650301944976517, 0.05456352092361429, 0.043946950862274965, 0.012478402658895897, 0.009495131836506437]</MEAN_VALUE>
		<CHECKBOX>2</CHECKBOX>
		<SD>[0.005978488891097544, 0.010596637321386562, 0.00859575820786253, 0.010782428963504148, 0.0061628399419987505, 0.005886846332494509]</SD>
		<WAVELENGTH_UNIT>E-6m</WAVELENGTH_UNIT>
		<COLOR>#fffa1a</COLOR>
		<COVARIANCE_MATRIX>[[5.783534704451168e-05, 9.286257130181963e-05, 8.252839585936775e-05, 3.226640511851213e-05, 5.53204965469368e-05, 5.0744723638939624e-05], [9.286257130181963e-05, 0.0001655778905635387, 0.00013931110210566174, 3.9296406787595516e-05, 8.460114430672145e-05, 7.781863865744749e-05], [8.252839585936775e-05, 0.00013931110210566174, 0.0001259876283974012, 4.974365797716926e-05, 8.107690145698043e-05, 7.423966144971346e-05], [3.226640511851213e-05, 3.9296406787595516e-05, 4.974365797716926e-05, 0.00010396505518033378, 5.059264753332657e-05, 4.46610340718623e-05], [5.53204965469368e-05, 8.460114430672145e-05, 8.107690145698043e-05, 5.059264753332657e-05, 6.582722746666759e-05, 5.7219002702907e-05], [5.0744723638939624e-05, 7.781863865744749e-05, 7.423966144971346e-05, 4.46610340718623e-05, 5.7219002702907e-05, 5.713031934048293e-05]]</COVARIANCE_MATRIX>
		<ROI_SIZE>6858</ROI_SIZE>
		<MAX_VALUE>[0.107302226126194, 0.10845960676670074, 0.0826149433851242, 0.07311316579580307, 0.04231831803917885, 0.0369177907705307]</MAX_VALUE>
		<MIN_VALUE>[0.07476207613945007, 0.059471603482961655, 0.03989953175187111, 0.02913777157664299, 0.003894246881827712, 0.0]</MIN_VALUE>
		<SIGNATURE_THRESHOLD_MD>0</SIGNATURE_THRESHOLD_MD>
		<SIGNATURE_THRESHOLD_ML>0</SIGNATURE_THRESHOLD_ML>
		<SIGNATURE_THRESHOLD_SAM>0</SIGNATURE_THRESHOLD_SAM>
	</signature>
	<signature ID="20210615_125430361585_961">
		<MACROCLASSID>1</MACROCLASSID>
		<MACROCLASSINFO>waterbody</MACROCLASSINFO>
		<CLASSID>3</CLASSID>
		<CLASSINFO>C 1</CLASSINFO>
		<VALUES>[0.08447637547510724, 0.005089903583493259, 0.07302800482774842, 0.010413641867638107, 0.050056175863647044, 0.007414662281584222, 0.038402121166986596, 0.010836135201456173, 0.010515982547240066, 0.003765981359154734, 0.007159048943858921, 0.0032859439819381527]</VALUES>
		<LCS_MIN>[0.07476207613945007, 0.05675004422664642, 0.034874193370342255, 0.02599666826426983, 0.0, 0.0]</LCS_MIN>
		<LCS_MAX>[0.09854141622781754, 0.09757336974143982, 0.07758959382772446, 0.06683096289634705, 0.04231831803917885, 0.03982201963663101]</LCS_MAX>
		<WAVELENGTH>[0.485, 0.56, 0.66, 0.83, 1.65, 2.215]</WAVELENGTH>
		<MEAN_VALUE>[0.08447637547510724, 0.07302800482774842, 0.050056175863647044, 0.038402121166986596, 0.010515982547240066, 0.007159048943858921]</MEAN_VALUE>
		<CHECKBOX>2</CHECKBOX>
		<SD>[0.005089903583493259, 0.010413641867638107, 0.007414662281584222, 0.010836135201456173, 0.003765981359154734, 0.0032859439819381527]</SD>
		<WAVELENGTH_UNIT>E-6m</WAVELENGTH_UNIT>
		<COLOR>#b1e56a</COLOR>
		<COVARIANCE_MATRIX>[[2.3183936092892764e-05, 4.099607924912789e-05, 2.7755907522843957e-05, -1.0154137109171688e-06, 1.2661776355853062e-05, 9.431284364249756e-06], [4.099607924912789e-05, 8.639936070540823e-05, 5.6119898768233065e-05, -6.63918022618705e-06, 2.218674803488188e-05, 1.53875706306487e-05], [2.7755907522843957e-05, 5.6119898768233065e-05, 4.6651221658717413e-05, 1.4815080227332168e-05, 1.9896356371214487e-05, 1.44250569994311e-05], [-1.0154137109171688e-06, -6.63918022618705e-06, 1.4815080227332168e-05, 9.839934105001605e-05, 1.0390944748125543e-05, 7.406919789762378e-06], [1.2661776355853062e-05, 2.218674803488188e-05, 1.9896356371214487e-05, 1.0390944748125543e-05, 2.0892165236732665e-05, 1.4355160850224767e-05], [9.431284364249756e-06, 1.53875706306487e-05, 1.44250569994311e-05, 7.406919789762378e-06, 1.4355160850224767e-05, 1.6770711832996326e-05]]</COVARIANCE_MATRIX>
		<ROI_SIZE>5454</ROI_SIZE>
		<MAX_VALUE>[0.09854141622781754, 0.09757336974143982, 0.07758959382772446, 0.06683096289634705, 0.04231831803917885, 0.03982201963663101]</MAX_VALUE>
		<MIN_VALUE>[0.07476207613945007, 0.05675004422664642, 0.034874193370342255, 0.02599666826426983, 0.0, 0.0]</MIN_VALUE>
		<SIGNATURE_THRESHOLD_MD>0</SIGNATURE_THRESHOLD_MD>
		<SIGNATURE_THRESHOLD_ML>0</SIGNATURE_THRESHOLD_ML>
		<SIGNATURE_THRESHOLD_SAM>0</SIGNATURE_THRESHOLD_SAM>
	</signature>
	<signature ID="20210615_125437383262_897">
		<MACROCLASSID>1</MACROCLASSID>
		<MACROCLASSINFO>waterbody</MACROCLASSINFO>
		<CLASSID>4</CLASSID>
		<CLASSINFO>C 1</CLASSINFO>
		<VALUES>[0.140010792752212, 0.004603692397792031, 0.17174474045752222, 0.009031450657655728, 0.13258328923763887, 0.007264687829149535, 0.07033672863936988, 0.00866916776254627, 0.04248907015042127, 0.00813138821453352, 0.0336457400442664, 0.0065604109414870255]</VALUES>
		<LCS_MIN>[0.11981768161058426, 0.13839669525623322, 0.11025432497262955, 0.05740766227245331, 0.03018440306186676, 0.022396627813577652]</LCS_MIN>
		<LCS_MAX>[0.14735165238380432, 0.18466314673423767, 0.16302043199539185, 0.10766525566577911, 0.07669775187969208, 0.06305588781833649]</LCS_MAX>
		<WAVELENGTH>[0.485, 0.56, 0.66, 0.83, 1.65, 2.215]</WAVELENGTH>
		<MEAN_VALUE>[0.140010792752212, 0.17174474045752222, 0.13258328923763887, 0.07033672863936988, 0.04248907015042127, 0.0336457400442664]</MEAN_VALUE>
		<CHECKBOX>2</CHECKBOX>
		<SD>[0.004603692397792031, 0.009031450657655728, 0.007264687829149535, 0.00866916776254627, 0.00813138821453352, 0.0065604109414870255]</SD>
		<WAVELENGTH_UNIT>E-6m</WAVELENGTH_UNIT>
		<COLOR>#705d91</COLOR>
		<COVARIANCE_MATRIX>[[2.1250052433417795e-05, 3.840550199572594e-05, 8.54220549141823e-06, -1.6056880567160455e-05, -1.4377987528327502e-05, -7.140126546947174e-06], [3.840550199572594e-05, 8.178288696310313e-05, 2.887118923312798e-05, -2.044776119286605e-05, -2.465241974980175e-05, -1.0639952436282026e-05], [8.54220549141823e-06, 2.887118923312798e-05, 5.291530748053591e-05, 3.7896604150862426e-05, 1.6691135193769838e-05, 1.6169176227166097e-05], [-1.6056880567160455e-05, -2.044776119286605e-05, 3.7896604150862426e-05, 7.53532910435713e-05, 4.9932586044273015e-05, 3.7541489543379635e-05], [-1.4377987528327502e-05, -2.465241974980175e-05, 1.6691135193769838e-05, 4.9932586044273015e-05, 6.629439353962241e-05, 4.428352771753638e-05], [-7.140126546947174e-06, -1.0639952436282026e-05, 1.6169176227166097e-05, 3.7541489543379635e-05, 4.428352771753638e-05, 4.315285148764085e-05]]</COVARIANCE_MATRIX>
		<ROI_SIZE>379</ROI_SIZE>
		<MAX_VALUE>[0.14735165238380432, 0.18466314673423767, 0.16302043199539185, 0.10766525566577911, 0.07669775187969208, 0.06305588781833649]</MAX_VALUE>
		<MIN_VALUE>[0.11981768161058426, 0.13839669525623322, 0.11025432497262955, 0.05740766227245331, 0.03018440306186676, 0.022396627813577652]</MIN_VALUE>
		<SIGNATURE_THRESHOLD_MD>0</SIGNATURE_THRESHOLD_MD>
		<SIGNATURE_THRESHOLD_ML>0</SIGNATURE_THRESHOLD_ML>
		<SIGNATURE_THRESHOLD_SAM>0</SIGNATURE_THRESHOLD_SAM>
	</signature>
	<signature ID="20210615_125449871703_675">
		<MACROCLASSID>1</MACROCLASSID>
		<MACROCLASSINFO>waterbody</MACROCLASSINFO>
		<CLASSID>5</CLASSID>
		<CLASSINFO>C 1</CLASSINFO>
		<VALUES>[0.11728795557291878, 0.005028754349874733, 0.13043207299086745, 0.009375326532050216, 0.10083545189588629, 0.013706144427576953, 0.06181249545609695, 0.01155503276643439, 0.03571546564105625, 0.01126812048520626, 0.027132155906906232, 0.009091539509631312]</VALUES>
		<LCS_MIN>[0.1035475805401802, 0.10301648080348969, 0.08010227233171463, 0.02913777157664299, 0.007938886061310768, 0.007875466719269753]</LCS_MIN>
		<LCS_MAX>[0.13108155131340027, 0.16016913950443268, 0.14291904866695404, 0.1045241579413414, 0.07872007042169571, 0.0688643530011177]</LCS_MAX>
		<WAVELENGTH>[0.485, 0.56, 0.66, 0.83, 1.65, 2.215]</WAVELENGTH>
		<MEAN_VALUE>[0.11728795557291878, 0.13043207299086745, 0.10083545189588629, 0.06181249545609695, 0.03571546564105625, 0.027132155906906232]</MEAN_VALUE>
		<CHECKBOX>2</CHECKBOX>
		<SD>[0.005028754349874733, 0.009375326532050216, 0.013706144427576953, 0.01155503276643439, 0.01126812048520626, 0.009091539509631312]</SD>
		<WAVELENGTH_UNIT>E-6m</WAVELENGTH_UNIT>
		<COLOR>#7ef29a</COLOR>
		<COVARIANCE_MATRIX>[[2.5337378780979674e-05, 4.196169889076655e-05, 5.389154456803249e-05, 2.9076036218063197e-05, 2.131791902971225e-05, 1.8856724133062656e-05], [4.196169889076655e-05, 8.806709011663998e-05, 0.00011848467088312676, 5.7135481067298696e-05, 3.630910524628743e-05, 3.1739244463728675e-05], [5.389154456803249e-05, 0.00011848467088312676, 0.0001882224617267102, 0.00010770726801788717, 7.196171278036389e-05, 5.9044112350226e-05], [2.9076036218063197e-05, 5.7135481067298696e-05, 0.00010770726801788717, 0.00013377753956328206, 0.00010818765473244902, 8.388518080441642e-05], [2.131791902971225e-05, 3.630910524628743e-05, 7.196171278036389e-05, 0.00010818765473244902, 0.00012721660620569318, 9.184848904182267e-05], [1.8856724133062656e-05, 3.1739244463728675e-05, 5.9044112350226e-05, 8.388518080441642e-05, 9.184848904182267e-05, 8.281627687738704e-05]]</COVARIANCE_MATRIX>
		<ROI_SIZE>517</ROI_SIZE>
		<MAX_VALUE>[0.13108155131340027, 0.16016913950443268, 0.14291904866695404, 0.1045241579413414, 0.07872007042169571, 0.0688643530011177]</MAX_VALUE>
		<MIN_VALUE>[0.1035475805401802, 0.10301648080348969, 0.08010227233171463, 0.02913777157664299, 0.007938886061310768, 0.007875466719269753]</MIN_VALUE>
		<SIGNATURE_THRESHOLD_MD>0</SIGNATURE_THRESHOLD_MD>
		<SIGNATURE_THRESHOLD_ML>0</SIGNATURE_THRESHOLD_ML>
		<SIGNATURE_THRESHOLD_SAM>0</SIGNATURE_THRESHOLD_SAM>
	</signature>
	<signature ID="20210615_125459331740_286">
		<MACROCLASSID>1</MACROCLASSID>
		<MACROCLASSINFO>waterbody</MACROCLASSINFO>
		<CLASSID>6</CLASSID>
		<CLASSINFO>C 1</CLASSINFO>
		<VALUES>[0.12715385529272097, 0.004609687503990658, 0.12490473782762564, 0.006212632340343376, 0.1191288617221599, 0.009262667542140026, 0.11307864620330482, 0.019218328301285365, 0.09074642140656075, 0.021845606207975165, 0.07668105925017216, 0.01877396996931068]</VALUES>
		<LCS_MIN>[0.11606303602457047, 0.11118115484714508, 0.1052289828658104, 0.0793953612446785, 0.0584968738257885, 0.05143895372748375]</LCS_MIN>
		<LCS_MAX>[0.14610010385513306, 0.14928293228149414, 0.1454317271709442, 0.1547817438840866, 0.13130038976669312, 0.11823630332946777]</LCS_MAX>
		<WAVELENGTH>[0.485, 0.56, 0.66, 0.83, 1.65, 2.215]</WAVELENGTH>
		<MEAN_VALUE>[0.12715385529272097, 0.12490473782762564, 0.1191288617221599, 0.11307864620330482, 0.09074642140656075, 0.07668105925017216]</MEAN_VALUE>
		<CHECKBOX>2</CHECKBOX>
		<SD>[0.004609687503990658, 0.006212632340343376, 0.009262667542140026, 0.019218328301285365, 0.021845606207975165, 0.01877396996931068]</SD>
		<WAVELENGTH_UNIT>E-6m</WAVELENGTH_UNIT>
		<COLOR>#6926b7</COLOR>
		<COVARIANCE_MATRIX>[[2.1477705109011615e-05, 2.5291643605059037e-05, 2.3903731396235563e-05, 1.0584860232775633e-05, 2.0093225569217858e-05, 2.5638381090456363e-05], [2.5291643605059037e-05, 3.901181995753082e-05, 4.278559499607553e-05, 4.0730876287949326e-05, 5.36899485370369e-05, 5.4498178516859416e-05], [2.3903731396235563e-05, 4.278559499607553e-05, 8.671955849079732e-05, 0.00014654941892566255, 0.0001551561279657217, 0.00013805594853121832], [1.0584860232775633e-05, 4.0730876287949326e-05, 0.00014654941892566255, 0.0003733155850905662, 0.00037674078896844144, 0.0003161459025621199], [2.0093225569217858e-05, 5.36899485370369e-05, 0.0001551561279657217, 0.00037674078896844144, 0.00048236202146052445, 0.00039398111175162034], [2.5638381090456363e-05, 5.4498178516859416e-05, 0.00013805594853121832, 0.0003161459025621199, 0.00039398111175162034, 0.0003562518618323274]]</COVARIANCE_MATRIX>
		<ROI_SIZE>94</ROI_SIZE>
		<MAX_VALUE>[0.14610010385513306, 0.14928293228149414, 0.1454317271709442, 0.1547817438840866, 0.13130038976669312, 0.11823630332946777]</MAX_VALUE>
		<MIN_VALUE>[0.11606303602457047, 0.11118115484714508, 0.1052289828658104, 0.0793953612446785, 0.0584968738257885, 0.05143895372748375]</MIN_VALUE>
		<SIGNATURE_THRESHOLD_MD>0</SIGNATURE_THRESHOLD_MD>
		<SIGNATURE_THRESHOLD_ML>0</SIGNATURE_THRESHOLD_ML>
		<SIGNATURE_THRESHOLD_SAM>0</SIGNATURE_THRESHOLD_SAM>
	</signature>
	<signature ID="20210615_125504229889_585">
		<MACROCLASSID>1</MACROCLASSID>
		<MACROCLASSINFO>waterbody</MACROCLASSINFO>
		<CLASSID>7</CLASSID>
		<CLASSINFO>C 1</CLASSINFO>
		<VALUES>[0.11571260362863542, 0.00219702196516797, 0.1134309709072113, 0.003832746795768721, 0.09916506747404731, 0.0041458982513394235, 0.06942760596672695, 0.011553936093448144, 0.03622439667582513, 0.010319741182485326, 0.02727573812007904, 0.009259113288045006]</VALUES>
		<LCS_MIN>[0.10855377465486526, 0.10029491782188416, 0.09015295654535294, 0.05426657199859619, 0.020072802901268005, 0.013683930970728397]</LCS_MIN>
		<LCS_MAX>[0.1223207637667656, 0.12478892505168915, 0.1152796521782875, 0.09824196249246597, 0.06860848516225815, 0.05143895372748375]</LCS_MAX>
		<WAVELENGTH>[0.485, 0.56, 0.66, 0.83, 1.65, 2.215]</WAVELENGTH>
		<MEAN_VALUE>[0.11571260362863542, 0.1134309709072113, 0.09916506747404731, 0.06942760596672695, 0.03622439667582513, 0.02727573812007904]</MEAN_VALUE>
		<CHECKBOX>2</CHECKBOX>
		<SD>[0.00219702196516797, 0.003832746795768721, 0.0041458982513394235, 0.011553936093448144, 0.010319741182485326, 0.009259113288045006]</SD>
		<WAVELENGTH_UNIT>E-6m</WAVELENGTH_UNIT>
		<COLOR>#a72231</COLOR>
		<COVARIANCE_MATRIX>[[4.892133968341771e-06, 4.8956453348988355e-06, 5.155640463925791e-06, 4.853474222042575e-06, 9.909297474024874e-06, 8.904219754563294e-06], [4.8956453348988355e-06, 1.4888460811292714e-05, 7.635566655032192e-06, -9.617647171878456e-06, 5.0447074410775615e-06, 3.507679853427125e-06], [5.155640463925791e-06, 7.635566655032192e-06, 1.7420748963303353e-05, 2.6624205814612882e-05, 2.908680063185093e-05, 2.594317292163572e-05], [4.853474222042575e-06, -9.617647171878456e-06, 2.6624205814612882e-05, 0.00013529740464677425, 8.308017931196973e-05, 8.282229981695932e-05], [9.909297474024874e-06, 5.0447074410775615e-06, 2.908680063185093e-05, 8.308017931196973e-05, 0.00010793620750690912, 7.759722074363927e-05], [8.904219754563294e-06, 3.507679853427125e-06, 2.594317292163572e-05, 8.282229981695932e-05, 7.759722074363927e-05, 8.688970832518742e-05]]</COVARIANCE_MATRIX>
		<ROI_SIZE>75</ROI_SIZE>
		<MAX_VALUE>[0.1223207637667656, 0.12478892505168915, 0.1152796521782875, 0.09824196249246597, 0.06860848516225815, 0.05143895372748375]</MAX_VALUE>
		<MIN_VALUE>[0.10855377465486526, 0.10029491782188416, 0.09015295654535294, 0.05426657199859619, 0.020072802901268005, 0.013683930970728397]</MIN_VALUE>
		<SIGNATURE_THRESHOLD_MD>0</SIGNATURE_THRESHOLD_MD>
		<SIGNATURE_THRESHOLD_ML>0</SIGNATURE_THRESHOLD_ML>
		<SIGNATURE_THRESHOLD_SAM>0</SIGNATURE_THRESHOLD_SAM>
	</signature>
	<signature ID="20210615_125514280201_590">
		<MACROCLASSID>1</MACROCLASSID>
		<MACROCLASSINFO>waterbody</MACROCLASSINFO>
		<CLASSID>8</CLASSID>
		<CLASSINFO>C 1</CLASSINFO>
		<VALUES>[0.12866479864922062, 0.004790391981301107, 0.14154056228440376, 0.0049723290598415095, 0.1503270998083312, 0.0064047611433259675, 0.1265118589688992, 0.015366058519877834, 0.08231143345092906, 0.02266019902279793, 0.07332084318301801, 0.0204666205213657]</VALUES>
		<LCS_MIN>[0.12106923013925552, 0.12751048803329468, 0.13286836445331573, 0.10138306766748428, 0.04029599949717522, 0.02820509485900402]</LCS_MIN>
		<LCS_MAX>[0.1410939246416092, 0.15200448036193848, 0.16302043199539185, 0.16734616458415985, 0.1232111006975174, 0.10661936551332474]</LCS_MAX>
		<WAVELENGTH>[0.485, 0.56, 0.66, 0.83, 1.65, 2.215]</WAVELENGTH>
		<MEAN_VALUE>[0.12866479864922062, 0.14154056228440376, 0.1503270998083312, 0.1265118589688992, 0.08231143345092906, 0.07332084318301801]</MEAN_VALUE>
		<CHECKBOX>2</CHECKBOX>
		<SD>[0.004790391981301107, 0.0049723290598415095, 0.0064047611433259675, 0.015366058519877834, 0.02266019902279793, 0.0204666205213657]</SD>
		<WAVELENGTH_UNIT>E-6m</WAVELENGTH_UNIT>
		<COLOR>#8ea12f</COLOR>
		<COVARIANCE_MATRIX>[[2.335044928775107e-05, 1.7352195321881257e-05, 2.2631316663837876e-05, 5.1450746960790954e-05, 7.121923869190425e-05, 6.490699152863237e-05], [1.7352195321881257e-05, 2.5157811652666338e-05, 2.920892341794848e-05, 1.7247345370913078e-05, 3.341106590101787e-05, 3.275178718941694e-05], [2.2631316663837876e-05, 2.920892341794848e-05, 4.174063136100653e-05, 2.630849405952872e-05, 4.8169006878810834e-05, 4.603795253144661e-05], [5.1450746960790954e-05, 1.7247345370913078e-05, 2.630849405952872e-05, 0.00024025813609308765, 0.00030357346908945734, 0.0002701535617387836], [7.121923869190425e-05, 3.341106590101787e-05, 4.8169006878810834e-05, 0.00030357346908945734, 0.0005224931218537386, 0.0004484252659963465], [6.490699152863237e-05, 3.275178718941694e-05, 4.603795253144661e-05, 0.0002701535617387836, 0.0004484252659963465, 0.0004262313723298964]]</COVARIANCE_MATRIX>
		<ROI_SIZE>58</ROI_SIZE>
		<MAX_VALUE>[0.1410939246416092, 0.15200448036193848, 0.16302043199539185, 0.16734616458415985, 0.1232111006975174, 0.10661936551332474]</MAX_VALUE>
		<MIN_VALUE>[0.12106923013925552, 0.12751048803329468, 0.13286836445331573, 0.10138306766748428, 0.04029599949717522, 0.02820509485900402]</MIN_VALUE>
		<SIGNATURE_THRESHOLD_MD>0</SIGNATURE_THRESHOLD_MD>
		<SIGNATURE_THRESHOLD_ML>0</SIGNATURE_THRESHOLD_ML>
		<SIGNATURE_THRESHOLD_SAM>0</SIGNATURE_THRESHOLD_SAM>
	</signature>
	<signature ID="20210615_125524034447_839">
		<MACROCLASSID>1</MACROCLASSID>
		<MACROCLASSINFO>waterbody</MACROCLASSINFO>
		<CLASSID>9</CLASSID>
		<CLASSINFO>C 1</CLASSINFO>
		<VALUES>[0.11644394253043164, 0.003000566836091025, 0.11074728086806725, 0.005172579241561873, 0.10217007595127908, 0.008227169001990898, 0.09068511296873506, 0.015848867424432686, 0.046245723260917526, 0.014291187202229435, 0.037885866654307945, 0.012417144383073772]</VALUES>
		<LCS_MIN>[0.10980531573295593, 0.10029491782188416, 0.08764028549194336, 0.06683096289634705, 0.024117443710565567, 0.019492393359541893]</LCS_MIN>
		<LCS_MAX>[0.12357231229543686, 0.12206737697124481, 0.1253303587436676, 0.12337074428796768, 0.07467544078826904, 0.0688643530011177]</LCS_MAX>
		<WAVELENGTH>[0.485, 0.56, 0.66, 0.83, 1.65, 2.215]</WAVELENGTH>
		<MEAN_VALUE>[0.11644394253043164, 0.11074728086806725, 0.10217007595127908, 0.09068511296873506, 0.046245723260917526, 0.037885866654307945]</MEAN_VALUE>
		<CHECKBOX>2</CHECKBOX>
		<SD>[0.003000566836091025, 0.005172579241561873, 0.008227169001990898, 0.015848867424432686, 0.014291187202229435, 0.012417144383073772]</SD>
		<WAVELENGTH_UNIT>E-6m</WAVELENGTH_UNIT>
		<COLOR>#9dd272</COLOR>
		<COVARIANCE_MATRIX>[[9.135804298700042e-06, 1.2690312479211655e-05, 1.907946418114968e-05, 3.107532430550033e-05, 2.591388609217723e-05, 2.0312006643693653e-05], [1.2690312479211655e-05, 2.714904036332855e-05, 3.867791359051907e-05, 4.243362789158047e-05, 3.637095446361581e-05, 2.576558028682447e-05], [1.907946418114968e-05, 3.867791359051907e-05, 6.868169669595695e-05, 9.052208632790911e-05, 7.152333150992513e-05, 4.8828057767406195e-05], [3.107532430550033e-05, 4.243362789158047e-05, 9.052208632790911e-05, 0.0002548805192054382, 0.0001987316458107554, 0.00016411524132005492], [2.591388609217723e-05, 3.637095446361581e-05, 7.152333150992513e-05, 0.0001987316458107554, 0.0002072415321145953, 0.0001606804448239408], [2.0312006643693653e-05, 2.576558028682447e-05, 4.8828057767406195e-05, 0.00016411524132005492, 0.0001606804448239408, 0.0001564529080805432]]</COVARIANCE_MATRIX>
		<ROI_SIZE>69</ROI_SIZE>
		<MAX_VALUE>[0.12357231229543686, 0.12206737697124481, 0.1253303587436676, 0.12337074428796768, 0.07467544078826904, 0.0688643530011177]</MAX_VALUE>
		<MIN_VALUE>[0.10980531573295593, 0.10029491782188416, 0.08764028549194336, 0.06683096289634705, 0.024117443710565567, 0.019492393359541893]</MIN_VALUE>
		<SIGNATURE_THRESHOLD_MD>0</SIGNATURE_THRESHOLD_MD>
		<SIGNATURE_THRESHOLD_ML>0</SIGNATURE_THRESHOLD_ML>
		<SIGNATURE_THRESHOLD_SAM>0</SIGNATURE_THRESHOLD_SAM>
	</signature>
	<signature ID="20210615_125528681628_400">
		<MACROCLASSID>1</MACROCLASSID>
		<MACROCLASSINFO>waterbody</MACROCLASSINFO>
		<CLASSID>10</CLASSID>
		<CLASSINFO>C 1</CLASSINFO>
		<VALUES>[0.11676101458187285, 0.004488504941661967, 0.11097179983670895, 0.006852831776978256, 0.10290959090567553, 0.011628308636896645, 0.1008998148429852, 0.018288485568797662, 0.05651344817418318, 0.023114171375740244, 0.0454629361629486, 0.02034090321481792]</VALUES>
		<LCS_MIN>[0.10855377465486526, 0.10029491782188416, 0.08010227233171463, 0.07625426352024078, 0.02613976038992405, 0.016588160768151283]</LCS_MIN>
		<LCS_MAX>[0.12732695043087006, 0.12478892505168915, 0.1253303587436676, 0.14221735298633575, 0.09692094475030899, 0.08338550478219986]</LCS_MAX>
		<WAVELENGTH>[0.485, 0.56, 0.66, 0.83, 1.65, 2.215]</WAVELENGTH>
		<MEAN_VALUE>[0.11676101458187285, 0.11097179983670895, 0.10290959090567553, 0.1008998148429852, 0.05651344817418318, 0.0454629361629486]</MEAN_VALUE>
		<CHECKBOX>2</CHECKBOX>
		<SD>[0.004488504941661967, 0.006852831776978256, 0.011628308636896645, 0.018288485568797662, 0.023114171375740244, 0.02034090321481792]</SD>
		<WAVELENGTH_UNIT>E-6m</WAVELENGTH_UNIT>
		<COLOR>#fa5af4</COLOR>
		<COVARIANCE_MATRIX>[[2.0541709486055713e-05, 2.7732125866886736e-05, 4.77731971541002e-05, 6.378312112540025e-05, 8.424054337045706e-05, 7.516671889967389e-05], [2.7732125866886736e-05, 4.788211323343672e-05, 7.673833308679649e-05, 7.784069656004417e-05, 0.00011245966466587127, 0.00010194176393604732], [4.77731971541002e-05, 7.673833308679649e-05, 0.00013786888649521784, 0.0001642912281044208, 0.00022108411006332694, 0.00019505910814778034], [6.378312112540025e-05, 7.784069656004417e-05, 0.0001642912281044208, 0.0003410269142903186, 0.0003875099052721155, 0.00033190429736854044], [8.424054337045706e-05, 0.00011245966466587127, 0.00022108411006332694, 0.0003875099052721155, 0.0005447407011005617, 0.000459159487044334], [7.516671889967389e-05, 0.00010194176393604732, 0.00019505910814778034, 0.00033190429736854044, 0.000459159487044334, 0.0004218651346454643]]</COVARIANCE_MATRIX>
		<ROI_SIZE>52</ROI_SIZE>
		<MAX_VALUE>[0.12732695043087006, 0.12478892505168915, 0.1253303587436676, 0.14221735298633575, 0.09692094475030899, 0.08338550478219986]</MAX_VALUE>
		<MIN_VALUE>[0.10855377465486526, 0.10029491782188416, 0.08010227233171463, 0.07625426352024078, 0.02613976038992405, 0.016588160768151283]</MIN_VALUE>
		<SIGNATURE_THRESHOLD_MD>0</SIGNATURE_THRESHOLD_MD>
		<SIGNATURE_THRESHOLD_ML>0</SIGNATURE_THRESHOLD_ML>
		<SIGNATURE_THRESHOLD_SAM>0</SIGNATURE_THRESHOLD_SAM>
	</signature>
	<signature ID="20210615_125534742792_190">
		<MACROCLASSID>1</MACROCLASSID>
		<MACROCLASSINFO>waterbody</MACROCLASSINFO>
		<CLASSID>11</CLASSID>
		<CLASSINFO>C 1</CLASSINFO>
		<VALUES>[0.11250739282768643, 0.002487273956937354, 0.1333635307256148, 0.0047190501265604295, 0.09410594291517427, 0.00778873366713427, 0.05136203681699404, 0.008088139378074014, 0.029236703370717296, 0.008448852926935417, 0.02148525732487565, 0.007694122262373104]</VALUES>
		<LCS_MIN>[0.10605068504810333, 0.12478892505168915, 0.0826149433851242, 0.035419970750808716, 0.014005843549966812, 0.010779700241982937]</LCS_MIN>
		<LCS_MAX>[0.1185661256313324, 0.14383980631828308, 0.12030500918626785, 0.08567755669355392, 0.07063079625368118, 0.05724741518497467]</LCS_MAX>
		<WAVELENGTH>[0.485, 0.56, 0.66, 0.83, 1.65, 2.215]</WAVELENGTH>
		<MEAN_VALUE>[0.11250739282768643, 0.1333635307256148, 0.09410594291517427, 0.05136203681699404, 0.029236703370717296, 0.02148525732487565]</MEAN_VALUE>
		<CHECKBOX>2</CHECKBOX>
		<SD>[0.002487273956937354, 0.0047190501265604295, 0.00778873366713427, 0.008088139378074014, 0.008448852926935417, 0.007694122262373104]</SD>
		<WAVELENGTH_UNIT>E-6m</WAVELENGTH_UNIT>
		<COLOR>#ff5d1f</COLOR>
		<COVARIANCE_MATRIX>[[6.212525567685959e-06, 7.145404973691027e-06, 6.213032822312418e-06, 8.244636718495309e-06, 6.31487417449272e-06, 6.688057042827296e-06], [7.145404973691027e-06, 2.2363003147817682e-05, 2.6588140268576363e-05, 2.0771417834930827e-05, 1.907547045550494e-05, 1.8441512043126536e-05], [6.213032822312418e-06, 2.6588140268576363e-05, 6.091926445745658e-05, 4.475810302233729e-05, 4.264127063386777e-05, 3.933813478493169e-05], [8.244636718495309e-06, 2.0771417834930827e-05, 4.475810302233729e-05, 6.5692864139484e-05, 4.8027578239520305e-05, 4.7055468299985964e-05], [6.31487417449272e-06, 1.907547045550494e-05, 4.264127063386777e-05, 4.8027578239520305e-05, 7.168304483888855e-05, 5.7618756023685864e-05], [6.688057042827296e-06, 1.8441512043126536e-05, 3.933813478493169e-05, 4.7055468299985964e-05, 5.7618756023685864e-05, 5.944825485636374e-05]]</COVARIANCE_MATRIX>
		<ROI_SIZE>239</ROI_SIZE>
		<MAX_VALUE>[0.1185661256313324, 0.14383980631828308, 0.12030500918626785, 0.08567755669355392, 0.07063079625368118, 0.05724741518497467]</MAX_VALUE>
		<MIN_VALUE>[0.10605068504810333, 0.12478892505168915, 0.0826149433851242, 0.035419970750808716, 0.014005843549966812, 0.010779700241982937]</MIN_VALUE>
		<SIGNATURE_THRESHOLD_MD>0</SIGNATURE_THRESHOLD_MD>
		<SIGNATURE_THRESHOLD_ML>0</SIGNATURE_THRESHOLD_ML>
		<SIGNATURE_THRESHOLD_SAM>0</SIGNATURE_THRESHOLD_SAM>
	</signature>
	<signature ID="20210615_125541349004_348">
		<MACROCLASSID>1</MACROCLASSID>
		<MACROCLASSINFO>waterbody</MACROCLASSINFO>
		<CLASSID>12</CLASSID>
		<CLASSINFO>C 1</CLASSINFO>
		<VALUES>[0.11415085347254611, 0.0042848493113402065, 0.12769404674205598, 0.005664949026651003, 0.12456402538721152, 0.005120749176004867, 0.06928120503240315, 0.007638431796272456, 0.027302151026963484, 0.0071808138709998585, 0.021757866605526373, 0.005530342935635081]</VALUES>
		<LCS_MIN>[0.09353523701429367, 0.09757336974143982, 0.09266562014818192, 0.05740766227245331, 0.014005843549966812, 0.010779700241982937]</LCS_MIN>
		<LCS_MAX>[0.1223207637667656, 0.13839669525623322, 0.14040638506412506, 0.10138306766748428, 0.0584968738257885, 0.05434318631887436]</LCS_MAX>
		<WAVELENGTH>[0.485, 0.56, 0.66, 0.83, 1.65, 2.215]</WAVELENGTH>
		<MEAN_VALUE>[0.11415085347254611, 0.12769404674205598, 0.12456402538721152, 0.06928120503240315, 0.027302151026963484, 0.021757866605526373]</MEAN_VALUE>
		<CHECKBOX>2</CHECKBOX>
		<SD>[0.0042848493113402065, 0.005664949026651003, 0.005120749176004867, 0.007638431796272456, 0.0071808138709998585, 0.005530342935635081]</SD>
		<WAVELENGTH_UNIT>E-6m</WAVELENGTH_UNIT>
		<COLOR>#751ad1</COLOR>
		<COVARIANCE_MATRIX>[[1.841393342565994e-05, 2.2331711609390724e-05, 1.796286719066924e-05, -3.074338147041953e-07, -9.56865568896813e-07, 2.3670003004745313e-06], [2.2331711609390724e-05, 3.2186034673008876e-05, 2.4477654127883793e-05, -1.6831273180778216e-06, -1.58997096202532e-06, 2.837510241908086e-06], [1.796286719066924e-05, 2.4477654127883793e-05, 2.629919586509448e-05, 7.059795217463554e-06, 6.004705164871911e-06, 7.536179864295498e-06], [-3.074338147041953e-07, -1.6831273180778216e-06, 7.059795217463554e-06, 5.851724513073623e-05, 4.676623142773688e-05, 3.13787875290014e-05], [-9.56865568896813e-07, -1.58997096202532e-06, 6.004705164871911e-06, 4.676623142773688e-05, 5.1715746931855554e-05, 3.2805910721561846e-05], [2.3670003004745313e-06, 2.837510241908086e-06, 7.536179864295498e-06, 3.13787875290014e-05, 3.2805910721561846e-05, 3.0674647965098655e-05]]</COVARIANCE_MATRIX>
		<ROI_SIZE>341</ROI_SIZE>
		<MAX_VALUE>[0.1223207637667656, 0.13839669525623322, 0.14040638506412506, 0.10138306766748428, 0.0584968738257885, 0.05434318631887436]</MAX_VALUE>
		<MIN_VALUE>[0.09353523701429367, 0.09757336974143982, 0.09266562014818192, 0.05740766227245331, 0.014005843549966812, 0.010779700241982937]</MIN_VALUE>
		<SIGNATURE_THRESHOLD_MD>0</SIGNATURE_THRESHOLD_MD>
		<SIGNATURE_THRESHOLD_ML>0</SIGNATURE_THRESHOLD_ML>
		<SIGNATURE_THRESHOLD_SAM>0</SIGNATURE_THRESHOLD_SAM>
	</signature>
	<signature ID="20210615_125547641923_901">
		<MACROCLASSID>1</MACROCLASSID>
		<MACROCLASSINFO>waterbody</MACROCLASSINFO>
		<CLASSID>13</CLASSID>
		<CLASSINFO>C 1</CLASSINFO>
		<VALUES>[0.13319064966506422, 0.0034889267656596, 0.17196256032696475, 0.005948816162350087, 0.181120956937472, 0.004697780616194006, 0.11249324941524752, 0.02693076361634326, 0.059695288745893374, 0.03541577044674445, 0.04977170835007671, 0.028348872388782337]</VALUES>
		<LCS_MIN>[0.12482384592294693, 0.1547260284423828, 0.1680457592010498, 0.07625426352024078, 0.024117443710565567, 0.010779700241982937]</LCS_MIN>
		<LCS_MAX>[0.14359700679779053, 0.18194159865379333, 0.19568514823913574, 0.17362836003303528, 0.1292780637741089, 0.10081090778112411]</LCS_MAX>
		<WAVELENGTH>[0.485, 0.56, 0.66, 0.83, 1.65, 2.215]</WAVELENGTH>
		<MEAN_VALUE>[0.13319064966506422, 0.17196256032696475, 0.181120956937472, 0.11249324941524752, 0.059695288745893374, 0.04977170835007671]</MEAN_VALUE>
		<CHECKBOX>2</CHECKBOX>
		<SD>[0.0034889267656596, 0.005948816162350087, 0.004697780616194006, 0.02693076361634326, 0.03541577044674445, 0.028348872388782337]</SD>
		<WAVELENGTH_UNIT>E-6m</WAVELENGTH_UNIT>
		<COLOR>#fe8d4c</COLOR>
		<COVARIANCE_MATRIX>[[1.2402281862478081e-05, 1.315328877500225e-05, 1.047030720852419e-05, -1.022633713215172e-05, -2.353965131369917e-05, -1.6374185206675415e-05], [1.315328877500225e-05, 3.605611965293643e-05, 1.61712590571208e-05, -9.140103731203099e-05, -0.00013880810719387422, -0.00010777333385871491], [1.047030720852419e-05, 1.61712590571208e-05, 2.2485541637093428e-05, 2.2946815290175273e-05, 9.250186325036061e-06, 1.546417401007755e-05], [-1.022633713215172e-05, -9.140103731203099e-05, 2.2946815290175273e-05, 0.0007389502936567043, 0.0008975708164020788, 0.0007204434844739704], [-2.353965131369917e-05, -0.00013880810719387422, 9.250186325036061e-06, 0.0008975708164020788, 0.001277942396267375, 0.001001491807011291], [-1.6374185206675415e-05, -0.00010777333385871491, 1.546417401007755e-05, 0.0007204434844739704, 0.001001491807011291, 0.0008188219348799083]]</COVARIANCE_MATRIX>
		<ROI_SIZE>54</ROI_SIZE>
		<MAX_VALUE>[0.14359700679779053, 0.18194159865379333, 0.19568514823913574, 0.17362836003303528, 0.1292780637741089, 0.10081090778112411]</MAX_VALUE>
		<MIN_VALUE>[0.12482384592294693, 0.1547260284423828, 0.1680457592010498, 0.07625426352024078, 0.024117443710565567, 0.010779700241982937]</MIN_VALUE>
		<SIGNATURE_THRESHOLD_MD>0</SIGNATURE_THRESHOLD_MD>
		<SIGNATURE_THRESHOLD_ML>0</SIGNATURE_THRESHOLD_ML>
		<SIGNATURE_THRESHOLD_SAM>0</SIGNATURE_THRESHOLD_SAM>
	</signature>
	<signature ID="20210615_125552703217_557">
		<MACROCLASSID>1</MACROCLASSID>
		<MACROCLASSINFO>waterbody</MACROCLASSINFO>
		<CLASSID>14</CLASSID>
		<CLASSINFO>C 1</CLASSINFO>
		<VALUES>[0.10268948656904772, 0.005078380949169659, 0.09585734242076993, 0.009410655926507697, 0.06286652874144331, 0.008880794692526128, 0.04354086207005499, 0.004809874153633435, 0.02110314474785203, 0.005107381895057209, 0.016760002785928443, 0.004906538774469617]</VALUES>
		<LCS_MIN>[0.09103215485811234, 0.07852248102426529, 0.04743754863739014, 0.032278865575790405, 0.011983525939285755, 0.004971233196556568]</LCS_MIN>
		<LCS_MAX>[0.1185661256313324, 0.12206737697124481, 0.09015295654535294, 0.0793953612446785, 0.06051919609308243, 0.05143895372748375]</LCS_MAX>
		<WAVELENGTH>[0.485, 0.56, 0.66, 0.83, 1.65, 2.215]</WAVELENGTH>
		<MEAN_VALUE>[0.10268948656904772, 0.09585734242076993, 0.06286652874144331, 0.04354086207005499, 0.02110314474785203, 0.016760002785928443]</MEAN_VALUE>
		<CHECKBOX>2</CHECKBOX>
		<SD>[0.005078380949169659, 0.009410655926507697, 0.008880794692526128, 0.004809874153633435, 0.005107381895057209, 0.004906538774469617]</SD>
		<WAVELENGTH_UNIT>E-6m</WAVELENGTH_UNIT>
		<COLOR>#5589ae</COLOR>
		<COVARIANCE_MATRIX>[[2.0918814383787737e-05, 3.213752416574988e-05, 2.631733553337043e-05, 8.000946193655226e-06, 5.234646090476861e-06, 5.0843024116202205e-06], [3.213752416574988e-05, 7.495363788976542e-05, 6.65031774729009e-05, 1.594935510160703e-05, 1.260053689659226e-05, 1.0225201781277911e-05], [2.631733553337043e-05, 6.65031774729009e-05, 7.192815254634392e-05, 2.2019725355207905e-05, 1.935441544272364e-05, 1.5949741427056014e-05], [8.000946193655226e-06, 1.594935510160703e-05, 2.2019725355207905e-05, 2.3033850785310866e-05, 1.8576452509723092e-05, 1.5885721651667837e-05], [5.234646090476861e-06, 1.260053689659226e-05, 1.935441544272364e-05, 1.8576452509723092e-05, 2.4932160005891303e-05, 1.8905189673247373e-05], [5.0843024116202205e-06, 1.0225201781277911e-05, 1.5949741427056014e-05, 1.5885721651667837e-05, 1.8905189673247373e-05, 2.401650192660135e-05]]</COVARIANCE_MATRIX>
		<ROI_SIZE>3843</ROI_SIZE>
		<MAX_VALUE>[0.1185661256313324, 0.12206737697124481, 0.09015295654535294, 0.0793953612446785, 0.06051919609308243, 0.05143895372748375]</MAX_VALUE>
		<MIN_VALUE>[0.09103215485811234, 0.07852248102426529, 0.04743754863739014, 0.032278865575790405, 0.011983525939285755, 0.004971233196556568]</MIN_VALUE>
		<SIGNATURE_THRESHOLD_MD>0</SIGNATURE_THRESHOLD_MD>
		<SIGNATURE_THRESHOLD_ML>0</SIGNATURE_THRESHOLD_ML>
		<SIGNATURE_THRESHOLD_SAM>0</SIGNATURE_THRESHOLD_SAM>
	</signature>
	<signature ID="20210615_125558601158_373">
		<MACROCLASSID>1</MACROCLASSID>
		<MACROCLASSINFO>waterbody</MACROCLASSINFO>
		<CLASSID>15</CLASSID>
		<CLASSINFO>C 1</CLASSINFO>
		<VALUES>[0.1023140549848909, 0.003964718124208927, 0.10261567641984498, 0.006838814487084267, 0.07669107912016083, 0.010206429239446778, 0.050794476085908834, 0.009717304626922522, 0.022421192938648717, 0.007006455663876581, 0.017056428834341105, 0.006297775551586936]</VALUES>
		<LCS_MIN>[0.09353523701429367, 0.08940871059894562, 0.06000090390443802, 0.032278865575790405, 0.007938886061310768, 0.0020670017693191767]</LCS_MIN>
		<LCS_MAX>[0.1260754019021988, 0.13839669525623322, 0.11779232323169708, 0.08567755669355392, 0.06051919609308243, 0.04853471741080284]</LCS_MAX>
		<WAVELENGTH>[0.485, 0.56, 0.66, 0.83, 1.65, 2.215]</WAVELENGTH>
		<MEAN_VALUE>[0.1023140549848909, 0.10261567641984498, 0.07669107912016083, 0.050794476085908834, 0.022421192938648717, 0.017056428834341105]</MEAN_VALUE>
		<CHECKBOX>2</CHECKBOX>
		<SD>[0.003964718124208927, 0.006838814487084267, 0.010206429239446778, 0.009717304626922522, 0.007006455663876581, 0.006297775551586936]</SD>
		<WAVELENGTH_UNIT>E-6m</WAVELENGTH_UNIT>
		<COLOR>#098884</COLOR>
		<COVARIANCE_MATRIX>[[1.5725644753543554e-05, 2.2566826871679583e-05, 3.0022824413702708e-05, 2.4325633921300003e-05, 1.9489001380373337e-05, 1.7029766868393164e-05], [2.2566826871679583e-05, 4.678918434387152e-05, 5.97577762433537e-05, 4.1199163554018036e-05, 2.7468274231113083e-05, 2.327409088604676e-05], [3.0022824413702708e-05, 5.97577762433537e-05, 0.0001042153007825013, 8.257422899095348e-05, 4.3745514585224585e-05, 3.624667215089651e-05], [2.4325633921300003e-05, 4.1199163554018036e-05, 8.257422899095348e-05, 9.446598635432883e-05, 4.656963854244221e-05, 3.733245699609851e-05], [1.9489001380373337e-05, 2.7468274231113083e-05, 4.3745514585224585e-05, 4.656963854244221e-05, 4.911120438264119e-05, 3.840405263646494e-05], [1.7029766868393164e-05, 2.327409088604676e-05, 3.624667215089651e-05, 3.733245699609851e-05, 3.840405263646494e-05, 3.967876859033293e-05]]</COVARIANCE_MATRIX>
		<ROI_SIZE>2363</ROI_SIZE>
		<MAX_VALUE>[0.1260754019021988, 0.13839669525623322, 0.11779232323169708, 0.08567755669355392, 0.06051919609308243, 0.04853471741080284]</MAX_VALUE>
		<MIN_VALUE>[0.09353523701429367, 0.08940871059894562, 0.06000090390443802, 0.032278865575790405, 0.007938886061310768, 0.0020670017693191767]</MIN_VALUE>
		<SIGNATURE_THRESHOLD_MD>0</SIGNATURE_THRESHOLD_MD>
		<SIGNATURE_THRESHOLD_ML>0</SIGNATURE_THRESHOLD_ML>
		<SIGNATURE_THRESHOLD_SAM>0</SIGNATURE_THRESHOLD_SAM>
	</signature>
	<signature ID="20210615_125605235638_892">
		<MACROCLASSID>1</MACROCLASSID>
		<MACROCLASSINFO>waterbody</MACROCLASSINFO>
		<CLASSID>16</CLASSID>
		<CLASSINFO>C 1</CLASSINFO>
		<VALUES>[0.11434622014462092, 0.002708408117036404, 0.1305379156849914, 0.004731082530094932, 0.12075395912189651, 0.004717053546973342, 0.0782366867153033, 0.0074247473560518, 0.037003174708667666, 0.006579578653311415, 0.03038117548273687, 0.00595147030399518]</VALUES>
		<LCS_MIN>[0.10605068504810333, 0.11662426590919495, 0.1052289828658104, 0.06683096289634705, 0.02613976038992405, 0.019492393359541893]</LCS_MIN>
		<LCS_MAX>[0.12106923013925552, 0.13839669525623322, 0.13538102805614471, 0.11394745856523514, 0.07467544078826904, 0.06305588781833649]</LCS_MAX>
		<WAVELENGTH>[0.485, 0.56, 0.66, 0.83, 1.65, 2.215]</WAVELENGTH>
