<?xml version="1.0" ?>
<signaturelist MCID_LIST="[['1', 'Waterbody', '#000000'], ['2', 'Vegetation', '#000000'], ['3', 'Bareland', '#000000'], ['4', 'Built-up', '#000000']]">
	<signature ID="20211209_152124698872_159">
		<MACROCLASSID>1</MACROCLASSID>
		<MACROCLASSINFO>Waterbody</MACROCLASSINFO>
		<CLASSID>1</CLASSID>
		<CLASSINFO>C 1</CLASSINFO>
		<VALUES>[0.12449717441137043, 0.002394343537122078, 0.13539236556619016, 0.003865713697514641, 0.15115163270921475, 0.005839864238784481, 0.1379131957743287, 0.00947419612476745, 0.013821351654677728, 0.00753252220601681, 0.008562236989491446, 0.004506264203171749]</VALUES>
		<LCS_MIN>[0.11101163923740387, 0.11737479269504547, 0.12053884565830231, 0.12195760756731033, 0.0022518138866871595, 0.0]</LCS_MIN>
		<LCS_MAX>[0.13058353960514069, 0.14356571435928345, 0.15983250737190247, 0.18241441249847412, 0.05577179789543152, 0.04091623052954674]</LCS_MAX>
		<WAVELENGTH>[0.485, 0.56, 0.66, 0.83, 1.65, 2.215]</WAVELENGTH>
		<MEAN_VALUE>[0.12449717441137043, 0.13539236556619016, 0.15115163270921475, 0.1379131957743287, 0.013821351654677728, 0.008562236989491446]</MEAN_VALUE>
		<CHECKBOX>2</CHECKBOX>
		<SD>[0.002394343537122078, 0.003865713697514641, 0.005839864238784481, 0.00947419612476745, 0.00753252220601681, 0.004506264203171749]</SD>
		<WAVELENGTH_UNIT>E-6m</WAVELENGTH_UNIT>
		<COLOR>#035c1f</COLOR>
		<COVARIANCE_MATRIX>[[5.7352114131785736e-06, 5.698018939656123e-06, 9.63661270216729e-06, -1.5439601729567363e-05, -1.184019537823118e-05, -5.644457531562945e-06], [5.698018939656123e-06, 1.494981708318105e-05, 1.8336604347138982e-05, -2.654570466652399e-05, -2.0954937866544635e-05, -1.058127012496374e-05], [9.63661270216729e-06, 1.8336604347138982e-05, 3.4117877747892435e-05, -4.590755812637601e-05, -3.523848302443915e-05, -1.730472718164584e-05], [-1.5439601729567363e-05, -2.654570466652399e-05, -4.590755812637601e-05, 8.979688017487146e-05, 5.818661195272975e-05, 2.7218261582907935e-05], [-1.184019537823118e-05, -2.0954937866544635e-05, -3.523848302443915e-05, 5.818661195272975e-05, 5.6761955373886055e-05, 2.6205538965265464e-05], [-5.644457531562945e-06, -1.058127012496374e-05, -1.730472718164584e-05, 2.7218261582907935e-05, 2.6205538965265464e-05, 2.0314671709871975e-05]]</COVARIANCE_MATRIX>
		<ROI_SIZE>2461</ROI_SIZE>
		<MAX_VALUE>[0.13058353960514069, 0.14356571435928345, 0.15983250737190247, 0.18241441249847412, 0.05577179789543152, 0.04091623052954674]</MAX_VALUE>
		<MIN_VALUE>[0.11101163923740387, 0.11737479269504547, 0.12053884565830231, 0.12195760756731033, 0.0022518138866871595, 0.0]</MIN_VALUE>
		<SIGNATURE_THRESHOLD_MD>0</SIGNATURE_THRESHOLD_MD>
		<SIGNATURE_THRESHOLD_ML>0</SIGNATURE_THRESHOLD_ML>
		<SIGNATURE_THRESHOLD_SAM>0</SIGNATURE_THRESHOLD_SAM>
	</signature>
	<signature ID="20211209_152131297725_905">
		<MACROCLASSID>1</MACROCLASSID>
		<MACROCLASSINFO>Waterbody</MACROCLASSINFO>
		<CLASSID>2</CLASSID>
		<CLASSINFO>C 1</CLASSINFO>
		<VALUES>[0.12129719302749922, 0.001796717231303379, 0.13159844659949108, 0.0025917651732941254, 0.1327035463464615, 0.0024766602531750164, 0.08947578743626954, 0.007423806673748995, 0.013283215926317631, 0.005889128261675149, 0.008928042104713412, 0.004213675208577513]</VALUES>
		<LCS_MIN>[0.11251715570688248, 0.11737479269504547, 0.11147107928991318, 0.07283645123243332, 0.0022518138866871595, 0.0]</LCS_MIN>
		<LCS_MAX>[0.12757247686386108, 0.13701799511909485, 0.13867437839508057, 0.13707181811332703, 0.0582045316696167, 0.04091623052954674]</LCS_MAX>
		<WAVELENGTH>[0.485, 0.56, 0.66, 0.83, 1.65, 2.215]</WAVELENGTH>
		<MEAN_VALUE>[0.12129719302749922, 0.13159844659949108, 0.1327035463464615, 0.08947578743626954, 0.013283215926317631, 0.008928042104713412]</MEAN_VALUE>
		<CHECKBOX>2</CHECKBOX>
		<SD>[0.001796717231303379, 0.0025917651732941254, 0.0024766602531750164, 0.007423806673748995, 0.005889128261675149, 0.004213675208577513]</SD>
		<WAVELENGTH_UNIT>E-6m</WAVELENGTH_UNIT>
		<COLOR>#61d5f4</COLOR>
		<COVARIANCE_MATRIX>[[3.2291854884781004e-06, 1.0389804047283662e-06, 1.5272950815841641e-06, -3.406266758063227e-06, -3.4402067767097252e-06, -1.8824110510705629e-06], [1.0389804047283662e-06, 6.71931228752046e-06, 1.8574908878771957e-06, -7.510789664902074e-06, -6.018061439625873e-06, -3.376527716485399e-06], [1.5272950815841641e-06, 1.8574908878771957e-06, 6.1357321861666114e-06, -5.91521847180573e-06, -6.450422306232209e-06, -3.888868872704491e-06], [-3.406266758063227e-06, -7.510789664902074e-06, -5.91521847180573e-06, 5.51298529171243e-05, 2.9416927763949905e-05, 1.5851192366314058e-05], [-3.4402067767097252e-06, -6.018061439625873e-06, -6.450422306232209e-06, 2.9416927763949905e-05, 3.469249645235104e-05, 1.7556944370351006e-05], [-1.8824110510705629e-06, -3.376527716485399e-06, -3.888868872704491e-06, 1.5851192366314058e-05, 1.7556944370351006e-05, 1.7760518498547827e-05]]</COVARIANCE_MATRIX>
		<ROI_SIZE>3253</ROI_SIZE>
		<MAX_VALUE>[0.12757247686386108, 0.13701799511909485, 0.13867437839508057, 0.13707181811332703, 0.0582045316696167, 0.04091623052954674]</MAX_VALUE>
		<MIN_VALUE>[0.11251715570688248, 0.11737479269504547, 0.11147107928991318, 0.07283645123243332, 0.0022518138866871595, 0.0]</MIN_VALUE>
		<SIGNATURE_THRESHOLD_MD>0</SIGNATURE_THRESHOLD_MD>
		<SIGNATURE_THRESHOLD_ML>0</SIGNATURE_THRESHOLD_ML>
		<SIGNATURE_THRESHOLD_SAM>0</SIGNATURE_THRESHOLD_SAM>
	</signature>
	<signature ID="20211209_152138347285_469">
		<MACROCLASSID>1</MACROCLASSID>
		<MACROCLASSINFO>Waterbody</MACROCLASSINFO>
		<CLASSID>3</CLASSID>
		<CLASSINFO>C 1</CLASSINFO>
		<VALUES>[0.13408685784642485, 0.002288184596277573, 0.15581385388786537, 0.003345678060509168, 0.16534580158115633, 0.0037870531672941064, 0.0823183583990879, 0.0030519359013821664, 0.01036834051499039, 0.004886707404434973, 0.0077003603470079595, 0.004196175061017582]</VALUES>
		<LCS_MIN>[0.10649505257606506, 0.10755320638418198, 0.11449366807937622, 0.06527936458587646, 0.0, 0.0]</LCS_MIN>
		<LCS_MAX>[0.1396167129278183, 0.16648276150226593, 0.17494547367095947, 0.12195760756731033, 0.05577179789543152, 0.05489068105816841]</LCS_MAX>
		<WAVELENGTH>[0.485, 0.56, 0.66, 0.83, 1.65, 2.215]</WAVELENGTH>
		<MEAN_VALUE>[0.13408685784642485, 0.15581385388786537, 0.16534580158115633, 0.0823183583990879, 0.01036834051499039, 0.0077003603470079595]</MEAN_VALUE>
		<CHECKBOX>2</CHECKBOX>
		<SD>[0.002288184596277573, 0.003345678060509168, 0.0037870531672941064, 0.0030519359013821664, 0.004886707404434973, 0.004196175061017582]</SD>
		<WAVELENGTH_UNIT>E-6m</WAVELENGTH_UNIT>
		<COLOR>#7e3c98</COLOR>
		<COVARIANCE_MATRIX>[[5.2090586066669984e-06, 4.2383001126755885e-06, 5.0488315063392295e-06, -2.1336573665362158e-07, -2.5648793722083577e-06, -1.6423179638184324e-06], [4.2383001126755885e-06, 1.1341982651948781e-05, 8.138276093798313e-06, -1.157177076794726e-06, -5.42930458600295e-06, -3.862493594021918e-06], [5.0488315063392295e-06, 8.138276093798313e-06, 1.5132075328628728e-05, -7.366912090655078e-07, -5.828761044086516e-06, -4.1966114599809446e-06], [-2.1336573665362158e-07, -1.157177076794726e-06, -7.366912090655078e-07, 1.001766684433564e-05, 9.3000975686057e-06, 7.184269471086809e-06], [-2.5648793722083577e-06, -5.42930458600295e-06, -5.828761044086516e-06, 9.3000975686057e-06, 2.6128326454607865e-05, 1.6566642186472267e-05], [-1.6423179638184324e-06, -3.862493594021918e-06, -4.1966114599809446e-06, 7.184269471086809e-06, 1.6566642186472267e-05, 1.9946082151107984e-05]]</COVARIANCE_MATRIX>
		<ROI_SIZE>5805</ROI_SIZE>
		<MAX_VALUE>[0.1396167129278183, 0.16648276150226593, 0.17494547367095947, 0.12195760756731033, 0.05577179789543152, 0.05489068105816841]</MAX_VALUE>
		<MIN_VALUE>[0.10649505257606506, 0.10755320638418198, 0.11449366807937622, 0.06527936458587646, 0.0, 0.0]</MIN_VALUE>
		<SIGNATURE_THRESHOLD_MD>0</SIGNATURE_THRESHOLD_MD>
		<SIGNATURE_THRESHOLD_ML>0</SIGNATURE_THRESHOLD_ML>
		<SIGNATURE_THRESHOLD_SAM>0</SIGNATURE_THRESHOLD_SAM>
	</signature>
	<signature ID="20211209_152145435188_314">
		<MACROCLASSID>1</MACROCLASSID>
		<MACROCLASSINFO>Waterbody</MACROCLASSINFO>
		<CLASSID>4</CLASSID>
		<CLASSINFO>C 1</CLASSINFO>
		<VALUES>[0.12842269024586345, 0.005422552396040107, 0.14462618061019, 0.008328321961962797, 0.14791293430805777, 0.01111735785154047, 0.0876812089951855, 0.007700683924079574, 0.009652846423284256, 0.005424548288242235, 0.006878686975074705, 0.004387243814393347]</VALUES>
		<LCS_MIN>[0.10498950630426407, 0.10100547969341278, 0.09333553910255432, 0.05016515031456947, 0.0, 0.0]</LCS_MIN>
		<LCS_MAX>[0.1396167129278183, 0.15666116774082184, 0.16587768495082855, 0.13707181811332703, 0.0582045316696167, 0.044409845024347305]</LCS_MAX>
		<WAVELENGTH>[0.485, 0.56, 0.66, 0.83, 1.65, 2.215]</WAVELENGTH>
		<MEAN_VALUE>[0.12842269024586345, 0.14462618061019, 0.14791293430805777, 0.0876812089951855, 0.009652846423284256, 0.006878686975074705]</MEAN_VALUE>
		<CHECKBOX>2</CHECKBOX>
		<SD>[0.005422552396040107, 0.008328321961962797, 0.01111735785154047, 0.007700683924079574, 0.005424548288242235, 0.004387243814393347]</SD>
		<WAVELENGTH_UNIT>E-6m</WAVELENGTH_UNIT>
		<COLOR>#79ec3b</COLOR>
		<COVARIANCE_MATRIX>[[2.7199542943575222e-05, 3.846328160217914e-05, 5.1176275629639195e-05, -2.1345709033628474e-05, -1.2202136241760343e-05, -7.129948976299089e-06], [3.846328160217914e-05, 6.482909768572478e-05, 8.036859600301566e-05, -3.134207011520879e-05, -1.9340020966341203e-05, -1.1650662636171022e-05], [5.1176275629639195e-05, 8.036859600301566e-05, 0.00011132302874204057, -4.239201641159247e-05, -2.5410243500992816e-05, -1.5296214962681587e-05], [-2.1345709033628474e-05, -3.134207011520879e-05, -4.239201641159247e-05, 4.867387069024726e-05, 1.627807942846306e-05, 1.0173405290704766e-05], [-1.2202136241760343e-05, -1.9340020966341203e-05, -2.5410243500992816e-05, 1.627807942846306e-05, 2.153957415833041e-05, 1.2267176685936255e-05], [-7.129948976299089e-06, -1.1650662636171022e-05, -1.5296214962681587e-05, 1.0173405290704766e-05, 1.2267176685936255e-05, 1.5530444125780642e-05]]</COVARIANCE_MATRIX>
		<ROI_SIZE>6985</ROI_SIZE>
		<MAX_VALUE>[0.1396167129278183, 0.15666116774082184, 0.16587768495082855, 0.13707181811332703, 0.0582045316696167, 0.044409845024347305]</MAX_VALUE>
		<MIN_VALUE>[0.10498950630426407, 0.10100547969341278, 0.09333553910255432, 0.05016515031456947, 0.0, 0.0]</MIN_VALUE>
		<SIGNATURE_THRESHOLD_MD>0</SIGNATURE_THRESHOLD_MD>
		<SIGNATURE_THRESHOLD_ML>0</SIGNATURE_THRESHOLD_ML>
		<SIGNATURE_THRESHOLD_SAM>0</SIGNATURE_THRESHOLD_SAM>
	</signature>
	<signature ID="20211209_152152238135_950">
		<MACROCLASSID>1</MACROCLASSID>
		<MACROCLASSINFO>Waterbody</MACROCLASSINFO>
		<CLASSID>5</CLASSID>
		<CLASSINFO>C 1</CLASSINFO>
		<VALUES>[0.13321318048236344, 0.0018321836193500708, 0.1527271046600315, 0.002010287156864434, 0.1610571006241242, 0.002158886680139355, 0.08342390834536208, 0.0025547657798374803, 0.00873106801993752, 0.00363390456741718, 0.006878903960049549, 0.0037825166863773535]</VALUES>
		<LCS_MIN>[0.12456139922142029, 0.13701799511909485, 0.1416969746351242, 0.07661501318216324, 0.0, 0.0]</LCS_MIN>
		<LCS_MAX>[0.1396167129278183, 0.15993502736091614, 0.1689002811908722, 0.12573616206645966, 0.06063724681735039, 0.05838429927825928]</LCS_MAX>
		<WAVELENGTH>[0.485, 0.56, 0.66, 0.83, 1.65, 2.215]</WAVELENGTH>
		<MEAN_VALUE>[0.13321318048236344, 0.1527271046600315, 0.1610571006241242, 0.08342390834536208, 0.00873106801993752, 0.006878903960049549]</MEAN_VALUE>
		<CHECKBOX>2</CHECKBOX>
		<SD>[0.0018321836193500708, 0.002010287156864434, 0.002158886680139355, 0.0025547657798374803, 0.00363390456741718, 0.0037825166863773535]</SD>
		<WAVELENGTH_UNIT>E-6m</WAVELENGTH_UNIT>
		<COLOR>#12c73a</COLOR>
		<COVARIANCE_MATRIX>[[3.5574015006074623e-06, 9.175852026268445e-07, 9.32078578574144e-07, -8.957166794020942e-07, -1.821120984983514e-06, -1.2546646572769428e-06], [9.175852026268445e-07, 4.3947415733599996e-06, 9.735431603927327e-07, -1.4253069447277514e-06, -2.5302608704519745e-06, -2.025066971141451e-06], [9.32078578574144e-07, 9.735431603927327e-07, 4.813964437074605e-06, -1.4676018403600964e-06, -2.5498440276940303e-06, -2.0339129499902535e-06], [-8.957166794020942e-07, -1.4253069447277514e-06, -1.4676018403600964e-06, 6.817467748652912e-06, 4.797642862113544e-06, 3.896956647518137e-06], [-1.821120984983514e-06, -2.5302608704519745e-06, -2.5498440276940303e-06, 4.797642862113544e-06, 1.3293047336122821e-05, 8.137351308399904e-06], [-1.2546646572769428e-06, -2.025066971141451e-06, -2.0339129499902535e-06, 3.896956647518137e-06, 8.137351308399904e-06, 1.3774668338127798e-05]]</COVARIANCE_MATRIX>
		<ROI_SIZE>8760</ROI_SIZE>
		<MAX_VALUE>[0.1396167129278183, 0.15993502736091614, 0.1689002811908722, 0.12573616206645966, 0.06063724681735039, 0.05838429927825928]</MAX_VALUE>
		<MIN_VALUE>[0.12456139922142029, 0.13701799511909485, 0.1416969746351242, 0.07661501318216324, 0.0, 0.0]</MIN_VALUE>
		<SIGNATURE_THRESHOLD_MD>0</SIGNATURE_THRESHOLD_MD>
		<SIGNATURE_THRESHOLD_ML>0</SIGNATURE_THRESHOLD_ML>
		<SIGNATURE_THRESHOLD_SAM>0</SIGNATURE_THRESHOLD_SAM>
	</signature>
	<signature ID="20211209_152159563357_810">
		<MACROCLASSID>1</MACROCLASSID>
		<MACROCLASSINFO>Waterbody</MACROCLASSINFO>
		<CLASSID>6</CLASSID>
		<CLASSINFO>C 1</CLASSINFO>
		<VALUES>[0.1303346613543055, 0.002887808133164238, 0.14835630862977253, 0.004097266801757166, 0.15421939797499043, 0.005161019448414735, 0.08458205484963847, 0.004815348039942391, 0.009200999404557856, 0.005480285365883172, 0.007005757740739566, 0.004493366918586461]</VALUES>
		<LCS_MIN>[0.10800057649612427, 0.10755320638418198, 0.10844848304986954, 0.07283645123243332, 0.0, 0.0]</LCS_MIN>
		<LCS_MAX>[0.1396167129278183, 0.15666116774082184, 0.1628550887107849, 0.1332932561635971, 0.0582045316696167, 0.05489068105816841]</LCS_MAX>
		<WAVELENGTH>[0.485, 0.56, 0.66, 0.83, 1.65, 2.215]</WAVELENGTH>
		<MEAN_VALUE>[0.1303346613543055, 0.14835630862977253, 0.15421939797499043, 0.08458205484963847, 0.009200999404557856, 0.007005757740739566]</MEAN_VALUE>
		<CHECKBOX>2</CHECKBOX>
		<SD>[0.002887808133164238, 0.004097266801757166, 0.005161019448414735, 0.004815348039942391, 0.005480285365883172, 0.004493366918586461]</SD>
		<WAVELENGTH_UNIT>E-6m</WAVELENGTH_UNIT>
		<COLOR>#e763d7</COLOR>
		<COVARIANCE_MATRIX>[[7.93567616318173e-06, 7.323883600208904e-06, 9.771083735710941e-06, -8.075918323842999e-06, -7.227124717107294e-06, -4.510372678914269e-06], [7.323883600208904e-06, 1.5112234900673439e-05, 1.5036192182011044e-05, -1.2839685143375318e-05, -1.2576922757673746e-05, -8.05110403897875e-06], [9.771083735710941e-06, 1.5036192182011044e-05, 2.5419453444253505e-05, -1.7651474039330902e-05, -1.389250504247096e-05, -8.545721827388004e-06], [-8.075918323842999e-06, -1.2839685143375318e-05, -1.7651474039330902e-05, 2.3854672607062642e-05, 1.684371391652334e-05, 1.0728118892727389e-05], [-7.227124717107294e-06, -1.2576922757673746e-05, -1.389250504247096e-05, 1.684371391652334e-05, 2.995937134027606e-05, 1.835919460043342e-05], [-4.510372678914269e-06, -8.05110403897875e-06, -8.545721827388004e-06, 1.0728118892727389e-05, 1.835919460043342e-05, 1.999651553833784e-05]]</COVARIANCE_MATRIX>
		<ROI_SIZE>5700</ROI_SIZE>
		<MAX_VALUE>[0.1396167129278183, 0.15666116774082184, 0.1628550887107849, 0.1332932561635971, 0.0582045316696167, 0.05489068105816841]</MAX_VALUE>
		<MIN_VALUE>[0.10800057649612427, 0.10755320638418198, 0.10844848304986954, 0.07283645123243332, 0.0, 0.0]</MIN_VALUE>
		<SIGNATURE_THRESHOLD_MD>0</SIGNATURE_THRESHOLD_MD>
		<SIGNATURE_THRESHOLD_ML>0</SIGNATURE_THRESHOLD_ML>
		<SIGNATURE_THRESHOLD_SAM>0</SIGNATURE_THRESHOLD_SAM>
	</signature>
	<signature ID="20211209_152213122704_349">
		<MACROCLASSID>1</MACROCLASSID>
		<MACROCLASSINFO>Waterbody</MACROCLASSINFO>
		<CLASSID>7</CLASSID>
		<CLASSINFO>C 1</CLASSINFO>
		<VALUES>[0.08200120223292874, 0.001622622883664597, 0.08095540690977973, 0.0018644376076689094, 0.06563090307258491, 0.0022407162226578256, 0.04649510594457571, 0.004954942940409324, 0.008740885854909893, 0.004153765482818992, 0.006451447447473065, 0.0031817058353258414]</VALUES>
		<LCS_MIN>[0.07638441771268845, 0.0715406984090805, 0.06008705869317055, 0.03127240017056465, 0.0, 0.0]</LCS_MIN>
		<LCS_MAX>[0.08993420004844666, 0.0879100114107132, 0.07520000636577606, 0.09550775587558746, 0.05090634524822235, 0.030435387045145035]</LCS_MAX>
		<WAVELENGTH>[0.485, 0.56, 0.66, 0.83, 1.65, 2.215]</WAVELENGTH>
		<MEAN_VALUE>[0.08200120223292874, 0.08095540690977973, 0.06563090307258491, 0.04649510594457571, 0.008740885854909893, 0.006451447447473065]</MEAN_VALUE>
		<CHECKBOX>2</CHECKBOX>
		<SD>[0.001622622883664597, 0.0018644376076689094, 0.0022407162226578256, 0.004954942940409324, 0.004153765482818992, 0.0031817058353258414]</SD>
		<WAVELENGTH_UNIT>E-6m</WAVELENGTH_UNIT>
		<COLOR>#cc6f5d</COLOR>
		<COVARIANCE_MATRIX>[[2.7187037664038113e-06, 4.774075316680458e-07, 8.341956277339764e-07, 2.5901884113894016e-06, 2.0092646068639996e-06, 9.404533804879352e-07], [4.774075316680458e-07, 3.427148710819773e-06, 6.073959085081072e-07, 1.7288597555476533e-06, 1.099203741291412e-06, 5.050849107951827e-07], [8.341956277339764e-07, 6.073959085081072e-07, 5.053927553218983e-06, 3.521578464943634e-06, 2.569019665683887e-06, 1.1585137472494618e-06], [2.5901884113894016e-06, 1.7288597555476533e-06, 3.521578464943634e-06, 2.1112467478649412e-05, 1.3873677600296679e-05, 7.164692013510934e-06], [2.0092646068639996e-06, 1.099203741291412e-06, 2.569019665683887e-06, 1.3873677600296679e-05, 1.5248130901529523e-05, 6.17884093402767e-06], [9.404533804879352e-07, 5.050849107951827e-07, 1.1585137472494618e-06, 7.164692013510934e-06, 6.17884093402767e-06, 9.899648211575014e-06]]</COVARIANCE_MATRIX>
		<ROI_SIZE>8294</ROI_SIZE>
		<MAX_VALUE>[0.08993420004844666, 0.0879100114107132, 0.07520000636577606, 0.09550775587558746, 0.05090634524822235, 0.030435387045145035]</MAX_VALUE>
		<MIN_VALUE>[0.07638441771268845, 0.0715406984090805, 0.06008705869317055, 0.03127240017056465, 0.0, 0.0]</MIN_VALUE>
		<SIGNATURE_THRESHOLD_MD>0</SIGNATURE_THRESHOLD_MD>
		<SIGNATURE_THRESHOLD_ML>0</SIGNATURE_THRESHOLD_ML>
		<SIGNATURE_THRESHOLD_SAM>0</SIGNATURE_THRESHOLD_SAM>
	</signature>
	<signature ID="20211209_152219749351_771">
		<MACROCLASSID>1</MACROCLASSID>
		<MACROCLASSINFO>Waterbody</MACROCLASSINFO>
		<CLASSID>8</CLASSID>
		<CLASSINFO>C 1</CLASSINFO>
		<VALUES>[0.07654187760168528, 0.0019555406896215517, 0.07941500388857387, 0.0025771898795028166, 0.06491915587506629, 0.0030928999676102455, 0.0431764916982742, 0.006150091124821426, 0.00867284419182266, 0.0054839775459444885, 0.0063958263938976865, 0.004066137459248516]</VALUES>
		<LCS_MIN>[0.06885677576065063, 0.0715406984090805, 0.057064469903707504, 0.035050954669713974, 0.0, 0.0]</LCS_MIN>
		<LCS_MAX>[0.08541760593652725, 0.0879100114107132, 0.0782225951552391, 0.08795066177845001, 0.05333907902240753, 0.03742261976003647]</LCS_MAX>
		<WAVELENGTH>[0.485, 0.56, 0.66, 0.83, 1.65, 2.215]</WAVELENGTH>
		<MEAN_VALUE>[0.07654187760168528, 0.07941500388857387, 0.06491915587506629, 0.0431764916982742, 0.00867284419182266, 0.0063958263938976865]</MEAN_VALUE>
		<CHECKBOX>2</CHECKBOX>
		<SD>[0.0019555406896215517, 0.0025771898795028166, 0.0030928999676102455, 0.006150091124821426, 0.0054839775459444885, 0.004066137459248516]</SD>
		<WAVELENGTH_UNIT>E-6m</WAVELENGTH_UNIT>
		<COLOR>#8c321b</COLOR>
		<COVARIANCE_MATRIX>[[3.7594665539666694e-06, 1.1812435372674255e-06, 1.8867083626670208e-06, 4.8154629523629834e-06, 4.261319562554864e-06, 2.5581012018947553e-06], [1.1812435372674255e-06, 6.37802703875979e-06, 3.584818370633887e-06, 4.098091332544641e-06, 3.340084460019753e-06, 1.9574163849269054e-06], [1.8867083626670208e-06, 3.584818370633887e-06, 9.60362867692523e-06, 7.917346609775063e-06, 6.69885249759166e-06, 3.971693233285977e-06], [4.8154629523629834e-06, 4.098091332544641e-06, 7.917346609775063e-06, 3.398559258809783e-05, 2.5664293812653257e-05, 1.5531143691538222e-05], [4.261319562554864e-06, 3.340084460019753e-06, 6.69885249759166e-06, 2.5664293812653257e-05, 2.6856844317796134e-05, 1.411250222455596e-05], [2.5581012018947553e-06, 1.9574163849269054e-06, 3.971693233285977e-06, 1.5531143691538222e-05, 1.411250222455596e-05, 1.5481638736407935e-05]]</COVARIANCE_MATRIX>
		<ROI_SIZE>6826</ROI_SIZE>
		<MAX_VALUE>[0.08541760593652725, 0.0879100114107132, 0.0782225951552391, 0.08795066177845001, 0.05333907902240753, 0.03742261976003647]</MAX_VALUE>
		<MIN_VALUE>[0.06885677576065063, 0.0715406984090805, 0.057064469903707504, 0.035050954669713974, 0.0, 0.0]</MIN_VALUE>
		<SIGNATURE_THRESHOLD_MD>0</SIGNATURE_THRESHOLD_MD>
		<SIGNATURE_THRESHOLD_ML>0</SIGNATURE_THRESHOLD_ML>
		<SIGNATURE_THRESHOLD_SAM>0</SIGNATURE_THRESHOLD_SAM>
	</signature>
	<signature ID="20211209_152237796115_865">
		<MACROCLASSID>1</MACROCLASSID>
		<MACROCLASSINFO>Waterbody</MACROCLASSINFO>
		<CLASSID>9</CLASSID>
		<CLASSINFO>C 1</CLASSINFO>
		<VALUES>[0.14258876932878084, 0.0032977724099511785, 0.15898582924914112, 0.005071810514861557, 0.17324924813005285, 0.005392564395958213, 0.11217984340685262, 0.00366406231601208, 0.013268736798502597, 0.007314875275558, 0.009532174813511173, 0.006700532525337784]</VALUES>
		<LCS_MIN>[0.11703376471996307, 0.11410094052553177, 0.1265840381383896, 0.09928630292415619, 0.004684540443122387, 0.0]</LCS_MIN>
		<LCS_MAX>[0.1486499160528183, 0.16648276150226593, 0.18099065124988556, 0.14085036516189575, 0.05577179789543152, 0.05489068105816841]</LCS_MAX>
		<WAVELENGTH>[0.485, 0.56, 0.66, 0.83, 1.65, 2.215]</WAVELENGTH>
		<MEAN_VALUE>[0.14258876932878084, 0.15898582924914112, 0.17324924813005285, 0.11217984340685262, 0.013268736798502597, 0.009532174813511173]</MEAN_VALUE>
		<CHECKBOX>2</CHECKBOX>
		<SD>[0.0032977724099511785, 0.005071810514861557, 0.005392564395958213, 0.00366406231601208, 0.007314875275558, 0.006700532525337784]</SD>
		<WAVELENGTH_UNIT>E-6m</WAVELENGTH_UNIT>
		<COLOR>#a3a6de</COLOR>
		<COVARIANCE_MATRIX>[[1.0881862157863827e-05, 1.2350608493643946e-05, 1.3673425757565794e-05, -6.355294022805171e-06, -1.5143408101551219e-05, -1.2638063533164406e-05], [1.2350608493643946e-05, 2.573877653189207e-05, 2.221468258720108e-05, -9.70450417025501e-06, -2.354607025917019e-05, -1.9554739134823516e-05], [1.3673425757565794e-05, 2.221468258720108e-05, 2.9097289818092972e-05, -1.0437016426472125e-05, -2.5549028337460913e-05, -2.11376372354228e-05], [-6.355294022805171e-06, -9.70450417025501e-06, -1.0437016426472125e-05, 1.3433449973264956e-05, 1.7044985614715235e-05, 1.4697436928637722e-05], [-1.5143408101551219e-05, -2.354607025917019e-05, -2.5549028337460913e-05, 1.7044985614715235e-05, 5.353967255287857e-05, 4.181187797784003e-05], [-1.2638063533164406e-05, -1.9554739134823516e-05, -2.11376372354228e-05, 1.4697436928637722e-05, 4.181187797784003e-05, 4.492421521606681e-05]]</COVARIANCE_MATRIX>
		<ROI_SIZE>1659</ROI_SIZE>
		<MAX_VALUE>[0.1486499160528183, 0.16648276150226593, 0.18099065124988556, 0.14085036516189575, 0.05577179789543152, 0.05489068105816841]</MAX_VALUE>
		<MIN_VALUE>[0.11703376471996307, 0.11410094052553177, 0.1265840381383896, 0.09928630292415619, 0.004684540443122387, 0.0]</MIN_VALUE>
		<SIGNATURE_THRESHOLD_MD>0</SIGNATURE_THRESHOLD_MD>
		<SIGNATURE_THRESHOLD_ML>0</SIGNATURE_THRESHOLD_ML>
		<SIGNATURE_THRESHOLD_SAM>0</SIGNATURE_THRESHOLD_SAM>
	</signature>
	<signature ID="20211209_152245769341_676">
		<MACROCLASSID>1</MACROCLASSID>
		<MACROCLASSINFO>Waterbody</MACROCLASSINFO>
		<CLASSID>10</CLASSID>
		<CLASSINFO>C 1</CLASSINFO>
		<VALUES>[0.10295159439556295, 0.0019142956727195403, 0.12181174649709932, 0.0027315827411540467, 0.09453861247503055, 0.002761984763015223, 0.06521721425662307, 0.007725864995381072, 0.01492359891754429, 0.007374122361592199, 0.009925211500223286, 0.005742257745279719]</VALUES>
		<LCS_MIN>[0.09294526278972626, 0.09773161262273788, 0.08124518394470215, 0.053943708539009094, 0.004684540443122387, 0.0]</LCS_MIN>
		<LCS_MAX>[0.10800057649612427, 0.12719637155532837, 0.10844848304986954, 0.11440051347017288, 0.06063724681735039, 0.044409845024347305]</LCS_MAX>
		<WAVELENGTH>[0.485, 0.56, 0.66, 0.83, 1.65, 2.215]</WAVELENGTH>
		<MEAN_VALUE>[0.10295159439556295, 0.12181174649709932, 0.09453861247503055, 0.06521721425662307, 0.01492359891754429, 0.009925211500223286]</MEAN_VALUE>
		<CHECKBOX>2</CHECKBOX>
		<SD>[0.0019142956727195403, 0.0027315827411540467, 0.002761984763015223, 0.007725864995381072, 0.007374122361592199, 0.005742257745279719]</SD>
		<WAVELENGTH_UNIT>E-6m</WAVELENGTH_UNIT>
		<COLOR>#e1382c</COLOR>
		<COVARIANCE_MATRIX>[[3.6705650361390293e-06, 2.0168868759292634e-06, 2.013478937752479e-06, -3.172718023361601e-06, -1.5150417570696213e-06, -8.362040674632211e-07], [2.0168868759292634e-06, 7.473836766452305e-06, 3.5543462405166092e-06, -8.262886427927642e-06, -5.853502739741158e-06, -3.766980978609535e-06], [2.013478937752479e-06, 3.5543462405166092e-06, 7.641127475001668e-06, 2.630490425501052e-07, 2.8522260479124367e-06, 2.6170859182251056e-06], [-3.172718023361601e-06, -8.262886427927642e-06, 2.630490425501052e-07, 5.978732434189057e-05, 4.293351334469176e-05, 2.915108298419845e-05], [-1.5150417570696213e-06, -5.853502739741158e-06, 2.8522260479124367e-06, 4.293351334469176e-05, 5.446726492103845e-05, 3.494021584150669e-05], [-8.362040674632211e-07, -3.766980978609535e-06, 2.6170859182251056e-06, 2.915108298419845e-05, 3.494021584150669e-05, 3.302784612856795e-05]]</COVARIANCE_MATRIX>
		<ROI_SIZE>608</ROI_SIZE>
		<MAX_VALUE>[0.10800057649612427, 0.12719637155532837, 0.10844848304986954, 0.11440051347017288, 0.06063724681735039, 0.044409845024347305]</MAX_VALUE>
		<MIN_VALUE>[0.09294526278972626, 0.09773161262273788, 0.08124518394470215, 0.053943708539009094, 0.004684540443122387, 0.0]</MIN_VALUE>
		<SIGNATURE_THRESHOLD_MD>0</SIGNATURE_THRESHOLD_MD>
		<SIGNATURE_THRESHOLD_ML>0</SIGNATURE_THRESHOLD_ML>
		<SIGNATURE_THRESHOLD_SAM>0</SIGNATURE_THRESHOLD_SAM>
	</signature>
	<signature ID="20211209_152251992442_493">
		<MACROCLASSID>1</MACROCLASSID>
		<MACROCLASSINFO>Waterbody</MACROCLASSINFO>
		<CLASSID>11</CLASSID>
		<CLASSINFO>C 1</CLASSINFO>
		<VALUES>[0.07914270439756252, 0.001902283192269879, 0.06628904216635373, 0.002369729210513554, 0.04631001915890007, 0.0023294685860908307, 0.03357996052062073, 0.006968872371692432, 0.012579389133417796, 0.005450436789754395, 0.008325693236640936, 0.004149949129400375]</VALUES>
		<LCS_MIN>[0.07186782360076904, 0.05844523385167122, 0.03892892971634865, 0.01993674784898758, 0.004684540443122387, 0.0]</LCS_MIN>
		<LCS_MAX>[0.08692313730716705, 0.0780884176492691, 0.06008705869317055, 0.07661501318216324, 0.048473622649908066, 0.03742261976003647]</LCS_MAX>
		<WAVELENGTH>[0.485, 0.56, 0.66, 0.83, 1.65, 2.215]</WAVELENGTH>
		<MEAN_VALUE>[0.07914270439756252, 0.06628904216635373, 0.04631001915890007, 0.03357996052062073, 0.012579389133417796, 0.008325693236640936]</MEAN_VALUE>
		<CHECKBOX>2</CHECKBOX>
		<SD>[0.001902283192269879, 0.002369729210513554, 0.0023294685860908307, 0.006968872371692432, 0.005450436789754395, 0.004149949129400375]</SD>
		<WAVELENGTH_UNIT>E-6m</WAVELENGTH_UNIT>
		<COLOR>#378198</COLOR>
		<COVARIANCE_MATRIX>[[3.6216621354735875e-06, 1.8057544528739335e-06, 1.2151056444513304e-06, 1.2538773903697342e-06, 1.4995186147080926e-06, 6.498138312617181e-07], [1.8057544528739335e-06, 5.620242244943071e-06, 1.8944161354863742e-06, 1.4495389724322004e-06, 1.9617540385438137e-06, 1.1769507043706854e-06], [1.2151056444513304e-06, 1.8944161354863742e-06, 5.430893764995491e-06, 6.266072264511157e-06, 5.3318773838507e-06, 3.4672615394595376e-06], [1.2538773903697342e-06, 1.4495389724322004e-06, 6.266072264511157e-06, 4.860518640158129e-05, 2.7182896693573412e-05, 1.826293382769176e-05], [1.4995186147080926e-06, 1.9617540385438137e-06, 5.3318773838507e-06, 2.7182896693573412e-05, 2.9731731760227795e-05, 1.60231687436038e-05], [6.498138312617181e-07, 1.1769507043706854e-06, 3.4672615394595376e-06, 1.826293382769176e-05, 1.60231687436038e-05, 1.723626400212714e-05]]</COVARIANCE_MATRIX>
		<ROI_SIZE>1215</ROI_SIZE>
		<MAX_VALUE>[0.08692313730716705, 0.0780884176492691, 0.06008705869317055, 0.07661501318216324, 0.048473622649908066, 0.03742261976003647]</MAX_VALUE>
		<MIN_VALUE>[0.07186782360076904, 0.05844523385167122, 0.03892892971634865, 0.01993674784898758, 0.004684540443122387, 0.0]</MIN_VALUE>
		<SIGNATURE_THRESHOLD_MD>0</SIGNATURE_THRESHOLD_MD>
		<SIGNATURE_THRESHOLD_ML>0</SIGNATURE_THRESHOLD_ML>
		<SIGNATURE_THRESHOLD_SAM>0</SIGNATURE_THRESHOLD_SAM>
	</signature>
	<signature ID="20211209_152301391990_577">
		<MACROCLASSID>1</MACROCLASSID>
		<MACROCLASSINFO>Waterbody</MACROCLASSINFO>
		<CLASSID>12</CLASSID>
		<CLASSINFO>C 1</CLASSINFO>
		<VALUES>[0.10222420608433193, 0.0035034136874949103, 0.10132882129835323, 0.00655994436893842, 0.09757297266330904, 0.005553822642758759, 0.06460554061255672, 0.01614474655288882, 0.017288667386185654, 0.008945035528125993, 0.010747818690846034, 0.006117297873055525]</VALUES>
		<LCS_MIN>[0.08993420004844666, 0.0813622921705246, 0.07520000636577606, 0.0388295017182827, 0.007117266766726971, 0.0]</LCS_MIN>
		<LCS_MAX>[0.11101163923740387, 0.11410094052553177, 0.10844848304986954, 0.11062195897102356, 0.05577179789543152, 0.05489068105816841]</LCS_MAX>
		<WAVELENGTH>[0.485, 0.56, 0.66, 0.83, 1.65, 2.215]</WAVELENGTH>
		<MEAN_VALUE>[0.10222420608433193, 0.10132882129835323, 0.09757297266330904, 0.06460554061255672, 0.017288667386185654, 0.010747818690846034]</MEAN_VALUE>
		<CHECKBOX>2</CHECKBOX>
		<SD>[0.0035034136874949103, 0.00655994436893842, 0.005553822642758759, 0.01614474655288882, 0.008945035528125993, 0.006117297873055525]</SD>
		<WAVELENGTH_UNIT>E-6m</WAVELENGTH_UNIT>
		<COLOR>#a300b3</COLOR>
		<COVARIANCE_MATRIX>[[1.2290767228728978e-05, 1.8992865677687232e-05, 1.2959040712478277e-05, -3.092683325490272e-05, -8.047274778560427e-06, -4.35742894378429e-06], [1.8992865677687232e-05, 4.3091981208901914e-05, 2.373384049630562e-05, -6.433595022216296e-05, -1.693573531089975e-05, -1.0867023906989482e-05], [1.2959040712478277e-05, 2.373384049630562e-05, 3.0887315378466036e-05, -4.141290288269961e-05, -1.9060095972605152e-05, -8.549559079687513e-06], [-3.092683325490272e-05, -6.433595022216296e-05, -4.141290288269961e-05, 0.000261010880874127, 0.00010513605932424843, 5.773725070527639e-05], [-8.047274778560427e-06, -1.693573531089975e-05, -1.9060095972605152e-05, 0.00010513605932424843, 8.012356947388609e-05, 4.3142020487425797e-05], [-4.35742894378429e-06, -1.0867023906989482e-05, -8.549559079687513e-06, 5.773725070527639e-05, 4.3142020487425797e-05, 3.747273619800232e-05]]</COVARIANCE_MATRIX>
		<ROI_SIZE>729</ROI_SIZE>
		<MAX_VALUE>[0.11101163923740387, 0.11410094052553177, 0.10844848304986954, 0.11062195897102356, 0.05577179789543152, 0.05489068105816841]</MAX_VALUE>
		<MIN_VALUE>[0.08993420004844666, 0.0813622921705246, 0.07520000636577606, 0.0388295017182827, 0.007117266766726971, 0.0]</MIN_VALUE>
		<SIGNATURE_THRESHOLD_MD>0</SIGNATURE_THRESHOLD_MD>
		<SIGNATURE_THRESHOLD_ML>0</SIGNATURE_THRESHOLD_ML>
		<SIGNATURE_THRESHOLD_SAM>0</SIGNATURE_THRESHOLD_SAM>
	</signature>
	<signature ID="20211209_152307883616_542">
		<MACROCLASSID>1</MACROCLASSID>
		<MACROCLASSINFO>Waterbody</MACROCLASSINFO>
		<CLASSID>13</CLASSID>
		<CLASSINFO>C 1</CLASSINFO>
		<VALUES>[0.08090863257076988, 0.0034843711143545753, 0.06833860366916712, 0.004321789474198272, 0.04890228645428977, 0.004651606181007593, 0.032640240856138994, 0.005657991612636016, 0.01267759779995877, 0.0075125456721911775, 0.008922015534564147, 0.006441870632990798]</VALUES>
		<LCS_MIN>[0.07186782360076904, 0.05844523385167122, 0.03892892971634865, 0.01993674784898758, 0.0, 0.0]</LCS_MIN>
		<LCS_MAX>[0.09595632553100586, 0.09118387848138809, 0.08426778018474579, 0.07661501318216324, 0.0582045316696167, 0.05838429927825928]</LCS_MAX>
		<WAVELENGTH>[0.485, 0.56, 0.66, 0.83, 1.65, 2.215]</WAVELENGTH>
		<MEAN_VALUE>[0.08090863257076988, 0.06833860366916712, 0.04890228645428977, 0.032640240856138994, 0.01267759779995877, 0.008922015534564147]</MEAN_VALUE>
		<CHECKBOX>2</CHECKBOX>
		<SD>[0.0034843711143545753, 0.004321789474198272, 0.004651606181007593, 0.005657991612636016, 0.0075125456721911775, 0.006441870632990798]</SD>
		<WAVELENGTH_UNIT>E-6m</WAVELENGTH_UNIT>
		<COLOR>#d0df8b</COLOR>
		<COVARIANCE_MATRIX>[[1.2147670432662371e-05, 1.2069444314577937e-05, 1.2590436898444644e-05, 9.37053201343661e-06, 1.5847573296884624e-05, 1.2843481977978906e-05], [1.2069444314577937e-05, 1.868836924481359e-05, 1.577452170134951e-05, 1.2202656998112382e-05, 1.888876886528471e-05, 1.5426658453379804e-05], [1.2590436898444644e-05, 1.577452170134951e-05, 2.164960960203119e-05, 1.805684483919768e-05, 2.600347209679834e-05, 2.123738116725149e-05], [9.37053201343661e-06, 1.2202656998112382e-05, 1.805684483919768e-05, 3.203087407689833e-05, 3.1950968759554886e-05, 2.63176712934474e-05], [1.5847573296884624e-05, 1.888876886528471e-05, 2.600347209679834e-05, 3.1950968759554886e-05, 5.6470085076576724e-05, 4.125090069239668e-05], [1.2843481977978906e-05, 1.5426658453379804e-05, 2.123738116725149e-05, 2.63176712934474e-05, 4.125090069239668e-05, 4.1521036789451386e-05]]</COVARIANCE_MATRIX>
		<ROI_SIZE>1779</ROI_SIZE>
		<MAX_VALUE>[0.09595632553100586, 0.09118387848138809, 0.08426778018474579, 0.07661501318216324, 0.0582045316696167, 0.05838429927825928]</MAX_VALUE>
		<MIN_VALUE>[0.07186782360076904, 0.05844523385167122, 0.03892892971634865, 0.01993674784898758, 0.0, 0.0]</MIN_VALUE>
		<SIGNATURE_THRESHOLD_MD>0</SIGNATURE_THRESHOLD_MD>
		<SIGNATURE_THRESHOLD_ML>0</SIGNATURE_THRESHOLD_ML>
		<SIGNATURE_THRESHOLD_SAM>0</SIGNATURE_THRESHOLD_SAM>
	</signature>
	<signature ID="20211209_152320348080_136">
		<MACROCLASSID>1</MACROCLASSID>
		<MACROCLASSINFO>Waterbody</MACROCLASSINFO>
		<CLASSID>14</CLASSID>
		<CLASSINFO>C 1</CLASSINFO>
		<VALUES>[0.14385122209108736, 0.0035350734593192147, 0.15957718721131042, 0.005238791890649241, 0.19158446298222598, 0.006857036868397737, 0.22241739570978175, 0.00620486479797065, 0.01473516784881036, 0.008646742175686397, 0.010089197797760137, 0.0076329500270624516]</VALUES>
		<LCS_MIN>[0.12155035138130188, 0.12719637155532837, 0.14471957087516785, 0.1786358803510666, 0.0022518138866871595, 0.0]</LCS_MIN>
		<LCS_MAX>[0.1501554399728775, 0.16648276150226593, 0.20214878022670746, 0.2277570217847824, 0.0582045316696167, 0.05489068105816841]</LCS_MAX>
		<WAVELENGTH>[0.485, 0.56, 0.66, 0.83, 1.65, 2.215]</WAVELENGTH>
		<MEAN_VALUE>[0.14385122209108736, 0.15957718721131042, 0.19158446298222598, 0.22241739570978175, 0.01473516784881036, 0.010089197797760137]</MEAN_VALUE>
		<CHECKBOX>2</CHECKBOX>
		<SD>[0.0035350734593192147, 0.005238791890649241, 0.006857036868397737, 0.00620486479797065, 0.008646742175686397, 0.0076329500270624516]</SD>
		<WAVELENGTH_UNIT>E-6m</WAVELENGTH_UNIT>
		<COLOR>#5683a9</COLOR>
		<COVARIANCE_MATRIX>[[1.2012524646406112e-05, 1.3200875842375205e-05, 1.8370900362866066e-05, 1.605319530521492e-05, -2.1920247376928397e-05, -1.874789704733749e-05], [1.3200875842375205e-05, 2.5809769978037418e-05, 2.822883598931696e-05, 2.4605264031993815e-05, -3.2555080899739635e-05, -2.8328909793472944e-05], [1.8370900362866066e-05, 2.822883598931696e-05, 4.378572139335846e-05, 3.504409224279315e-05, -4.616848689394346e-05, -3.951676981706028e-05], [1.605319530521492e-05, 2.4605264031993815e-05, 3.504409224279315e-05, 3.48272294462849e-05, -3.690733977477301e-05, -3.162560878276531e-05], [-2.1920247376928397e-05, -3.2555080899739635e-05, -4.616848689394346e-05, -3.690733977477301e-05, 7.815641169001105e-05, 6.174722286699105e-05], [-1.874789704733749e-05, -2.8328909793472944e-05, -3.951676981706028e-05, -3.162560878276531e-05, 6.174722286699105e-05, 6.15795374561048e-05]]</COVARIANCE_MATRIX>
		<ROI_SIZE>1929</ROI_SIZE>
		<MAX_VALUE>[0.1501554399728775, 0.16648276150226593, 0.20214878022670746, 0.2277570217847824, 0.0582045316696167, 0.05489068105816841]</MAX_VALUE>
		<MIN_VALUE>[0.12155035138130188, 0.12719637155532837, 0.14471957087516785, 0.1786358803510666, 0.0022518138866871595, 0.0]</MIN_VALUE>
		<SIGNATURE_THRESHOLD_MD>0</SIGNATURE_THRESHOLD_MD>
		<SIGNATURE_THRESHOLD_ML>0</SIGNATURE_THRESHOLD_ML>
		<SIGNATURE_THRESHOLD_SAM>0</SIGNATURE_THRESHOLD_SAM>
	</signature>
	<signature ID="20211209_152328861996_390">
		<MACROCLASSID>1</MACROCLASSID>
		<MACROCLASSINFO>Waterbody</MACROCLASSINFO>
		<CLASSID>15</CLASSID>
		<CLASSINFO>C 1</CLASSINFO>
		<VALUES>[0.13455601780124468, 0.004271680490671735, 0.15409288309336666, 0.005779103296867514, 0.16351253199897473, 0.006628679278542015, 0.08201222393454248, 0.004937822297317565, 0.014383182766265526, 0.00941060176089241, 0.010343935073227378, 0.007875707944806904]</VALUES>
		<LCS_MIN>[0.11101163923740387, 0.12064865976572037, 0.12356144934892654, 0.06527936458587646, 0.0022518138866871595, 0.0]</LCS_MIN>
		<LCS_MAX>[0.1426277905702591, 0.16648276150226593, 0.17192287743091583, 0.11817906051874161, 0.0582045316696167, 0.05489068105816841]</LCS_MAX>
		<WAVELENGTH>[0.485, 0.56, 0.66, 0.83, 1.65, 2.215]</WAVELENGTH>
		<MEAN_VALUE>[0.13455601780124468, 0.15409288309336666, 0.16351253199897473, 0.08201222393454248, 0.014383182766265526, 0.010343935073227378]</MEAN_VALUE>
		<CHECKBOX>2</CHECKBOX>
		<SD>[0.004271680490671735, 0.005779103296867514, 0.006628679278542015, 0.004937822297317565, 0.00941060176089241, 0.007875707944806904]</SD>
		<WAVELENGTH_UNIT>E-6m</WAVELENGTH_UNIT>
		<COLOR>#7afc35</COLOR>
		<COVARIANCE_MATRIX>[[1.8929706302986903e-05, 2.317042758673541e-05, 2.5663821830642498e-05, -1.4616842739048835e-05, -2.6766157947094024e-05, -2.0902427267576087e-05], [2.317042758673541e-05, 3.916230709161241e-05, 3.7806464647252156e-05, -2.2581150087898418e-05, -4.1590294063171674e-05, -3.2899492837315355e-05], [2.5663821830642498e-05, 3.7806464647252156e-05, 4.680727231604767e-05, -2.3251765364957163e-05, -4.385170123720106e-05, -3.479117855755803e-05], [-1.4616842739048835e-05, -2.2581150087898418e-05, -2.3251765364957163e-05, 3.0296576166225837e-05, 3.8751265587086146e-05, 3.106730671302582e-05], [-2.6766157947094024e-05, -4.1590294063171674e-05, -4.385170123720106e-05, 3.8751265587086146e-05, 9.270020084611069e-05, 6.907739498331894e-05], [-2.0902427267576087e-05, -3.2899492837315355e-05, -3.479117855755803e-05, 3.106730671302582e-05, 6.907739498331894e-05, 6.501663199073729e-05]]</COVARIANCE_MATRIX>
		<ROI_SIZE>2330</ROI_SIZE>
		<MAX_VALUE>[0.1426277905702591, 0.16648276150226593, 0.17192287743091583, 0.11817906051874161, 0.0582045316696167, 0.05489068105816841]</MAX_VALUE>
		<MIN_VALUE>[0.11101163923740387, 0.12064865976572037, 0.12356144934892654, 0.06527936458587646, 0.0022518138866871595, 0.0]</MIN_VALUE>
		<SIGNATURE_THRESHOLD_MD>0</SIGNATURE_THRESHOLD_MD>
		<SIGNATURE_THRESHOLD_ML>0</SIGNATURE_THRESHOLD_ML>
		<SIGNATURE_THRESHOLD_SAM>0</SIGNATURE_THRESHOLD_SAM>
	</signature>
	<signature ID="20211209_152354951431_658">
		<MACROCLASSID>1</MACROCLASSID>
		<MACROCLASSINFO>Waterbody</MACROCLASSINFO>
		<CLASSID>16</CLASSID>
		<CLASSINFO>C 1</CLASSINFO>
		<VALUES>[0.07430521367858062, 0.0021268621839296, 0.049585453758635135, 0.0031761988743912208, 0.03634451909281516, 0.0035141836731692254, 0.028975741707330076, 0.005424571861478103, 0.008674943904260619, 0.00546846097020487, 0.006771884434148411, 0.004571284046034344]</VALUES>
		<LCS_MIN>[0.06885677576065063, 0.038802050054073334, 0.02986115962266922, 0.01993674784898758, 0.0, 0.0]</LCS_MIN>
		<LCS_MAX>[0.08993420004844666, 0.0748145580291748, 0.06915482133626938, 0.07661501318216324, 0.05577179789543152, 0.044409845024347305]</LCS_MAX>
		<WAVELENGTH>[0.485, 0.56, 0.66, 0.83, 1.65, 2.215]</WAVELENGTH>
		<MEAN_VALUE>[0.07430521367858062, 0.049585453758635135, 0.03634451909281516, 0.028975741707330076, 0.008674943904260619, 0.006771884434148411]</MEAN_VALUE>
		<CHECKBOX>2</CHECKBOX>
		<SD>[0.0021268621839296, 0.0031761988743912208, 0.0035141836731692254, 0.005424571861478103, 0.00546846097020487, 0.004571284046034344]</SD>
		<WAVELENGTH_UNIT>E-6m</WAVELENGTH_UNIT>
		<COLOR>#611507</COLOR>
