<?xml version="1.0" ?>
<signaturelist MCID_LIST="[['1', 'Waterbody', '#000000'], ['2', 'Vegetation', '#000000'], ['3', 'Bareland', '#000000'], ['4', 'Built-up', '#000000']]">
	<signature ID="20211209_152124698872_159">
		<MACROCLASSID>1</MACROCLASSID>
		<MACROCLASSINFO>Waterbody</MACROCLASSINFO>
		<CLASSID>1</CLASSID>
		<CLASSINFO>C 1</CLASSINFO>
		<VALUES>[0.12449717441137043, 0.002394343537122078, 0.13539236556619016, 0.003865713697514641, 0.15115163270921475, 0.005839864238784481, 0.1379131957743287, 0.00947419612476745, 0.013821351654677728, 0.00753252220601681, 0.008562236989491446, 0.004506264203171749]</VALUES>
		<LCS_MIN>[0.11101163923740387, 0.11737479269504547, 0.12053884565830231, 0.12195760756731033, 0.0022518138866871595, 0.0]</LCS_MIN>
		<LCS_MAX>[0.13058353960514069, 0.14356571435928345, 0.15983250737190247, 0.18241441249847412, 0.05577179789543152, 0.04091623052954674]</LCS_MAX>
		<WAVELENGTH>[0.485, 0.56, 0.66, 0.83, 1.65, 2.215]</WAVELENGTH>
		<MEAN_VALUE>[0.12449717441137043, 0.13539236556619016, 0.15115163270921475, 0.1379131957743287, 0.013821351654677728, 0.008562236989491446]</MEAN_VALUE>
		<CHECKBOX>2</CHECKBOX>
		<SD>[0.002394343537122078, 0.003865713697514641, 0.005839864238784481, 0.00947419612476745, 0.00753252220601681, 0.004506264203171749]</SD>
		<WAVELENGTH_UNIT>E-6m</WAVELENGTH_UNIT>
		<COLOR>#035c1f</COLOR>
		<COVARIANCE_MATRIX>[[5.735211288993014e-06, 5.698018867406063e-06, 9.636612958274782e-06, -1.543960206618067e-05, -1.1840194929391146e-05, -5.644457360176602e-06], [5.698018867406063e-06, 1.4949817341403104e-05, 1.8336604625801556e-05, -2.6545703804004006e-05, -2.0954938008799218e-05, -1.0581270544207655e-05], [9.636612958274782e-06, 1.8336604625801556e-05, 3.4117878385586664e-05, -4.5907556341262534e-05, -3.523848135955632e-05, -1.730472649796866e-05], [-1.543960206618067e-05, -2.6545703804004006e-05, -4.5907556341262534e-05, 8.979687845567241e-05, 5.8186611568089575e-05, 2.7218262403039262e-05], [-1.1840194929391146e-05, -2.0954938008799218e-05, -3.523848135955632e-05, 5.8186611568089575e-05, 5.676195360138081e-05, 2.6205538233625703e-05], [-5.644457360176602e-06, -1.0581270544207655e-05, -1.730472649796866e-05, 2.7218262403039262e-05, 2.6205538233625703e-05, 2.031467192864511e-05]]</COVARIANCE_MATRIX>
		<ROI_SIZE>2461</ROI_SIZE>
		<MAX_VALUE>[0.13058353960514069, 0.14356571435928345, 0.15983250737190247, 0.18241441249847412, 0.05577179789543152, 0.04091623052954674]</MAX_VALUE>
		<MIN_VALUE>[0.11101163923740387, 0.11737479269504547, 0.12053884565830231, 0.12195760756731033, 0.0022518138866871595, 0.0]</MIN_VALUE>
		<SIGNATURE_THRESHOLD_MD>0.0</SIGNATURE_THRESHOLD_MD>
		<SIGNATURE_THRESHOLD_ML>0.0</SIGNATURE_THRESHOLD_ML>
		<SIGNATURE_THRESHOLD_SAM>0.0</SIGNATURE_THRESHOLD_SAM>
	</signature>
	<signature ID="20211209_152131297725_905">
		<MACROCLASSID>1</MACROCLASSID>
		<MACROCLASSINFO>Waterbody</MACROCLASSINFO>
		<CLASSID>2</CLASSID>
		<CLASSINFO>C 1</CLASSINFO>
		<VALUES>[0.12129719302749922, 0.001796717231303379, 0.13159844659949108, 0.0025917651732941254, 0.1327035463464615, 0.0024766602531750164, 0.08947578743626954, 0.007423806673748995, 0.013283215926317631, 0.005889128261675149, 0.008928042104713412, 0.004213675208577513]</VALUES>
		<LCS_MIN>[0.11251715570688248, 0.11737479269504547, 0.11147107928991318, 0.07283645123243332, 0.0022518138866871595, 0.0]</LCS_MIN>
		<LCS_MAX>[0.12757247686386108, 0.13701799511909485, 0.13867437839508057, 0.13707181811332703, 0.0582045316696167, 0.04091623052954674]</LCS_MAX>
		<WAVELENGTH>[0.485, 0.56, 0.66, 0.83, 1.65, 2.215]</WAVELENGTH>
		<MEAN_VALUE>[0.12129719302749922, 0.13159844659949108, 0.1327035463464615, 0.08947578743626954, 0.013283215926317631, 0.008928042104713412]</MEAN_VALUE>
		<CHECKBOX>2</CHECKBOX>
		<SD>[0.001796717231303379, 0.0025917651732941254, 0.0024766602531750164, 0.007423806673748995, 0.005889128261675149, 0.004213675208577513]</SD>
		<WAVELENGTH_UNIT>E-6m</WAVELENGTH_UNIT>
		<COLOR>#61d5f4</COLOR>
		<COVARIANCE_MATRIX>[[3.2291854950017296e-06, 1.0389803719590418e-06, 1.5272951259248657e-06, -3.406266841921024e-06, -3.44020668308076e-06, -1.8824110838977504e-06], [1.0389803719590418e-06, 6.7193122958997265e-06, 1.8574909290691721e-06, -7.510789600928547e-06, -6.018061412760289e-06, -3.376527729415102e-06], [1.5272951259248657e-06, 1.8574909290691721e-06, 6.135732292023022e-06, -5.915218480367912e-06, -6.450422461057315e-06, -3.888868832291337e-06], [-3.406266841921024e-06, -7.510789600928547e-06, -5.915218480367912e-06, 5.512985444511287e-05, 2.941692764579784e-05, 1.5851192074478604e-05], [-3.44020668308076e-06, -6.018061412760289e-06, -6.450422461057315e-06, 2.941692764579784e-05, 3.46924971381668e-05, 1.755694393068552e-05], [-1.8824110838977504e-06, -3.376527729415102e-06, -3.888868832291337e-06, 1.5851192074478604e-05, 1.755694393068552e-05, 1.7760517948772758e-05]]</COVARIANCE_MATRIX>
		<ROI_SIZE>3253</ROI_SIZE>
		<MAX_VALUE>[0.12757247686386108, 0.13701799511909485, 0.13867437839508057, 0.13707181811332703, 0.0582045316696167, 0.04091623052954674]</MAX_VALUE>
		<MIN_VALUE>[0.11251715570688248, 0.11737479269504547, 0.11147107928991318, 0.07283645123243332, 0.0022518138866871595, 0.0]</MIN_VALUE>
		<SIGNATURE_THRESHOLD_MD>0.0</SIGNATURE_THRESHOLD_MD>
		<SIGNATURE_THRESHOLD_ML>0.0</SIGNATURE_THRESHOLD_ML>
		<SIGNATURE_THRESHOLD_SAM>0.0</SIGNATURE_THRESHOLD_SAM>
	</signature>
	<signature ID="20211209_152138347285_469">
		<MACROCLASSID>1</MACROCLASSID>
		<MACROCLASSINFO>Waterbody</MACROCLASSINFO>
		<CLASSID>3</CLASSID>
		<CLASSINFO>C 1</CLASSINFO>
		<VALUES>[0.13408685784642485, 0.002288184596277573, 0.15581385388786537, 0.003345678060509168, 0.16534580158115633, 0.0037870531672941064, 0.0823183583990879, 0.0030519359013821664, 0.01036834051499039, 0.004886707404434973, 0.0077003603470079595, 0.004196175061017582]</VALUES>
		<LCS_MIN>[0.10649505257606506, 0.10755320638418198, 0.11449366807937622, 0.06527936458587646, 0.0, 0.0]</LCS_MIN>
		<LCS_MAX>[0.1396167129278183, 0.16648276150226593, 0.17494547367095947, 0.12195760756731033, 0.05577179789543152, 0.05489068105816841]</LCS_MAX>
		<WAVELENGTH>[0.485, 0.56, 0.66, 0.83, 1.65, 2.215]</WAVELENGTH>
		<MEAN_VALUE>[0.13408685784642485, 0.15581385388786537, 0.16534580158115633, 0.0823183583990879, 0.01036834051499039, 0.0077003603470079595]</MEAN_VALUE>
		<CHECKBOX>2</CHECKBOX>
		<SD>[0.002288184596277573, 0.003345678060509168, 0.0037870531672941064, 0.0030519359013821664, 0.004886707404434973, 0.004196175061017582]</SD>
		<WAVELENGTH_UNIT>E-6m</WAVELENGTH_UNIT>
		<COLOR>#7e3c98</COLOR>
		<COVARIANCE_MATRIX>[[5.2090585995756555e-06, 4.238300334691303e-06, 5.048831553722266e-06, -2.1336573752250843e-07, -2.564879423516686e-06, -1.6423180113633862e-06], [4.238300334691303e-06, 1.1341982826706953e-05, 8.13827591628069e-06, -1.1571770528462366e-06, -5.429304565041093e-06, -3.862493485939922e-06], [5.048831553722266e-06, 8.13827591628069e-06, 1.513207553216489e-05, -7.366912200268416e-07, -5.828761004522676e-06, -4.196611371298786e-06], [-2.1336573752250843e-07, -1.1571770528462366e-06, -7.366912200268416e-07, 1.001766668196069e-05, 9.300097190134693e-06, 7.1842696343082935e-06], [-2.564879423516686e-06, -5.429304565041093e-06, -5.828761004522676e-06, 9.300097190134693e-06, 2.6128325771423988e-05, 1.656664244364947e-05], [-1.6423180113633862e-06, -3.862493485939922e-06, -4.196611371298786e-06, 7.1842696343082935e-06, 1.656664244364947e-05, 1.9946082829847e-05]]</COVARIANCE_MATRIX>
		<ROI_SIZE>5805</ROI_SIZE>
		<MAX_VALUE>[0.1396167129278183, 0.16648276150226593, 0.17494547367095947, 0.12195760756731033, 0.05577179789543152, 0.05489068105816841]</MAX_VALUE>
		<MIN_VALUE>[0.10649505257606506, 0.10755320638418198, 0.11449366807937622, 0.06527936458587646, 0.0, 0.0]</MIN_VALUE>
		<SIGNATURE_THRESHOLD_MD>0.0</SIGNATURE_THRESHOLD_MD>
		<SIGNATURE_THRESHOLD_ML>0.0</SIGNATURE_THRESHOLD_ML>
		<SIGNATURE_THRESHOLD_SAM>0.0</SIGNATURE_THRESHOLD_SAM>
	</signature>
	<signature ID="20211209_152145435188_314">
		<MACROCLASSID>1</MACROCLASSID>
		<MACROCLASSINFO>Waterbody</MACROCLASSINFO>
		<CLASSID>4</CLASSID>
		<CLASSINFO>C 1</CLASSINFO>
		<VALUES>[0.12842269024586345, 0.005422552396040107, 0.14462618061019, 0.008328321961962797, 0.14791293430805777, 0.01111735785154047, 0.0876812089951855, 0.007700683924079574, 0.009652846423284256, 0.005424548288242235, 0.006878686975074705, 0.004387243814393347]</VALUES>
		<LCS_MIN>[0.10498950630426407, 0.10100547969341278, 0.09333553910255432, 0.05016515031456947, 0.0, 0.0]</LCS_MIN>
		<LCS_MAX>[0.1396167129278183, 0.15666116774082184, 0.16587768495082855, 0.13707181811332703, 0.0582045316696167, 0.044409845024347305]</LCS_MAX>
		<WAVELENGTH>[0.485, 0.56, 0.66, 0.83, 1.65, 2.215]</WAVELENGTH>
		<MEAN_VALUE>[0.12842269024586345, 0.14462618061019, 0.14791293430805777, 0.0876812089951855, 0.009652846423284256, 0.006878686975074705]</MEAN_VALUE>
		<CHECKBOX>2</CHECKBOX>
		<SD>[0.005422552396040107, 0.008328321961962797, 0.01111735785154047, 0.007700683924079574, 0.005424548288242235, 0.004387243814393347]</SD>
		<WAVELENGTH_UNIT>E-6m</WAVELENGTH_UNIT>
		<COLOR>#79ec3b</COLOR>
		<COVARIANCE_MATRIX>[[2.719954318308737e-05, 3.8463280361611396e-05, 5.117627733852714e-05, -2.134570968337357e-05, -1.2202136531413998e-05, -7.1299491537502035e-06], [3.8463280361611396e-05, 6.482909520855173e-05, 8.036859799176455e-05, -3.134207145194523e-05, -1.934002102643717e-05, -1.165066260000458e-05], [5.117627733852714e-05, 8.036859799176455e-05, 0.00011132303188787773, -4.23920173489023e-05, -2.541024332458619e-05, -1.5296214769477956e-05], [-2.134570968337357e-05, -3.134207145194523e-05, -4.23920173489023e-05, 4.8673871788196266e-05, 1.627807978366036e-05, 1.017340491671348e-05], [-1.2202136531413998e-05, -1.934002102643717e-05, -2.541024332458619e-05, 1.627807978366036e-05, 2.153957393602468e-05, 1.2267176316527184e-05], [-7.1299491537502035e-06, -1.165066260000458e-05, -1.5296214769477956e-05, 1.017340491671348e-05, 1.2267176316527184e-05, 1.5530444215983152e-05]]</COVARIANCE_MATRIX>
		<ROI_SIZE>6985</ROI_SIZE>
		<MAX_VALUE>[0.1396167129278183, 0.15666116774082184, 0.16587768495082855, 0.13707181811332703, 0.0582045316696167, 0.044409845024347305]</MAX_VALUE>
		<MIN_VALUE>[0.10498950630426407, 0.10100547969341278, 0.09333553910255432, 0.05016515031456947, 0.0, 0.0]</MIN_VALUE>
		<SIGNATURE_THRESHOLD_MD>0.0</SIGNATURE_THRESHOLD_MD>
		<SIGNATURE_THRESHOLD_ML>0.0</SIGNATURE_THRESHOLD_ML>
		<SIGNATURE_THRESHOLD_SAM>0.0</SIGNATURE_THRESHOLD_SAM>
	</signature>
	<signature ID="20211209_152152238135_950">
		<MACROCLASSID>1</MACROCLASSID>
		<MACROCLASSINFO>Waterbody</MACROCLASSINFO>
		<CLASSID>5</CLASSID>
		<CLASSINFO>C 1</CLASSINFO>
		<VALUES>[0.13321318048236344, 0.0018321836193500708, 0.1527271046600315, 0.002010287156864434, 0.1610571006241242, 0.002158886680139355, 0.08342390834536208, 0.0025547657798374803, 0.00873106801993752, 0.00363390456741718, 0.006878903960049549, 0.0037825166863773535]</VALUES>
		<LCS_MIN>[0.12456139922142029, 0.13701799511909485, 0.1416969746351242, 0.07661501318216324, 0.0, 0.0]</LCS_MIN>
		<LCS_MAX>[0.1396167129278183, 0.15993502736091614, 0.1689002811908722, 0.12573616206645966, 0.06063724681735039, 0.05838429927825928]</LCS_MAX>
		<WAVELENGTH>[0.485, 0.56, 0.66, 0.83, 1.65, 2.215]</WAVELENGTH>
		<MEAN_VALUE>[0.13321318048236344, 0.1527271046600315, 0.1610571006241242, 0.08342390834536208, 0.00873106801993752, 0.006878903960049549]</MEAN_VALUE>
		<CHECKBOX>2</CHECKBOX>
		<SD>[0.0018321836193500708, 0.002010287156864434, 0.002158886680139355, 0.0025547657798374803, 0.00363390456741718, 0.0037825166863773535]</SD>
		<WAVELENGTH_UNIT>E-6m</WAVELENGTH_UNIT>
		<COLOR>#12c73a</COLOR>
		<COVARIANCE_MATRIX>[[3.557401441867114e-06, 9.17585225579387e-07, 9.320785920863273e-07, -8.957166528489324e-07, -1.8211210317531368e-06, -1.2546646530608996e-06], [9.17585225579387e-07, 4.3947416088485625e-06, 9.735431376611814e-07, -1.4253068911784794e-06, -2.5302608719357522e-06, -2.0250670331734e-06], [9.320785920863273e-07, 9.735431376611814e-07, 4.813964551431127e-06, -1.4676018054160522e-06, -2.549844111854327e-06, -2.033913006016519e-06], [-8.957166528489324e-07, -1.4253068911784794e-06, -1.4676018054160522e-06, 6.817467692599166e-06, 4.79764275951311e-06, 3.8969565139268525e-06], [-1.8211210317531368e-06, -2.5302608719357522e-06, -2.549844111854327e-06, 4.79764275951311e-06, 1.3293047231854871e-05, 8.137350960168988e-06], [-1.2546646530608996e-06, -2.0250670331734e-06, -2.033913006016519e-06, 3.8969565139268525e-06, 8.137350960168988e-06, 1.3774668332189322e-05]]</COVARIANCE_MATRIX>
		<ROI_SIZE>8760</ROI_SIZE>
		<MAX_VALUE>[0.1396167129278183, 0.15993502736091614, 0.1689002811908722, 0.12573616206645966, 0.06063724681735039, 0.05838429927825928]</MAX_VALUE>
		<MIN_VALUE>[0.12456139922142029, 0.13701799511909485, 0.1416969746351242, 0.07661501318216324, 0.0, 0.0]</MIN_VALUE>
		<SIGNATURE_THRESHOLD_MD>0.0</SIGNATURE_THRESHOLD_MD>
		<SIGNATURE_THRESHOLD_ML>0.0</SIGNATURE_THRESHOLD_ML>
		<SIGNATURE_THRESHOLD_SAM>0.0</SIGNATURE_THRESHOLD_SAM>
	</signature>
	<signature ID="20211209_152159563357_810">
		<MACROCLASSID>1</MACROCLASSID>
		<MACROCLASSINFO>Waterbody</MACROCLASSINFO>
		<CLASSID>6</CLASSID>
		<CLASSINFO>C 1</CLASSINFO>
		<VALUES>[0.1303346613543055, 0.002887808133164238, 0.14835630862977253, 0.004097266801757166, 0.15421939797499043, 0.005161019448414735, 0.08458205484963847, 0.004815348039942391, 0.009200999404557856, 0.005480285365883172, 0.007005757740739566, 0.004493366918586461]</VALUES>
		<LCS_MIN>[0.10800057649612427, 0.10755320638418198, 0.10844848304986954, 0.07283645123243332, 0.0, 0.0]</LCS_MIN>
		<LCS_MAX>[0.1396167129278183, 0.15666116774082184, 0.1628550887107849, 0.1332932561635971, 0.0582045316696167, 0.05489068105816841]</LCS_MAX>
		<WAVELENGTH>[0.485, 0.56, 0.66, 0.83, 1.65, 2.215]</WAVELENGTH>
		<MEAN_VALUE>[0.1303346613543055, 0.14835630862977253, 0.15421939797499043, 0.08458205484963847, 0.009200999404557856, 0.007005757740739566]</MEAN_VALUE>
		<CHECKBOX>2</CHECKBOX>
		<SD>[0.002887808133164238, 0.004097266801757166, 0.005161019448414735, 0.004815348039942391, 0.005480285365883172, 0.004493366918586461]</SD>
		<WAVELENGTH_UNIT>E-6m</WAVELENGTH_UNIT>
		<COLOR>#e763d7</COLOR>
		<COVARIANCE_MATRIX>[[7.935675967019051e-06, 7.32388343749335e-06, 9.771083568921313e-06, -8.075918231043033e-06, -7.227124569908483e-06, -4.510372491495218e-06], [7.32388343749335e-06, 1.5112234905245714e-05, 1.503619205323048e-05, -1.2839685041399207e-05, -1.257692292710999e-05, -8.051104487094563e-06], [9.771083568921313e-06, 1.503619205323048e-05, 2.5419452867936343e-05, -1.765147317200899e-05, -1.3892505194235127e-05, -8.545722266717348e-06], [-8.075918231043033e-06, -1.2839685041399207e-05, -1.765147317200899e-05, 2.385467269050423e-05, 1.6843714547576383e-05, 1.0728118468250614e-05], [-7.227124569908483e-06, -1.257692292710999e-05, -1.3892505194235127e-05, 1.6843714547576383e-05, 2.9959372113808058e-05, 1.8359194655204192e-05], [-4.510372491495218e-06, -8.051104487094563e-06, -8.545722266717348e-06, 1.0728118468250614e-05, 1.8359194655204192e-05, 1.9996516130049713e-05]]</COVARIANCE_MATRIX>
		<ROI_SIZE>5700</ROI_SIZE>
		<MAX_VALUE>[0.1396167129278183, 0.15666116774082184, 0.1628550887107849, 0.1332932561635971, 0.0582045316696167, 0.05489068105816841]</MAX_VALUE>
		<MIN_VALUE>[0.10800057649612427, 0.10755320638418198, 0.10844848304986954, 0.07283645123243332, 0.0, 0.0]</MIN_VALUE>
		<SIGNATURE_THRESHOLD_MD>0.0</SIGNATURE_THRESHOLD_MD>
		<SIGNATURE_THRESHOLD_ML>0.0</SIGNATURE_THRESHOLD_ML>
		<SIGNATURE_THRESHOLD_SAM>0.0</SIGNATURE_THRESHOLD_SAM>
	</signature>
	<signature ID="20211209_152213122704_349">
		<MACROCLASSID>1</MACROCLASSID>
		<MACROCLASSINFO>Waterbody</MACROCLASSINFO>
		<CLASSID>7</CLASSID>
		<CLASSINFO>C 1</CLASSINFO>
		<VALUES>[0.08200120223292874, 0.001622622883664597, 0.08095540690977973, 0.0018644376076689094, 0.06563090307258491, 0.0022407162226578256, 0.04649510594457571, 0.004954942940409324, 0.008740885854909893, 0.004153765482818992, 0.006451447447473065, 0.0031817058353258414]</VALUES>
		<LCS_MIN>[0.07638441771268845, 0.0715406984090805, 0.06008705869317055, 0.03127240017056465, 0.0, 0.0]</LCS_MIN>
		<LCS_MAX>[0.08993420004844666, 0.0879100114107132, 0.07520000636577606, 0.09550775587558746, 0.05090634524822235, 0.030435387045145035]</LCS_MAX>
		<WAVELENGTH>[0.485, 0.56, 0.66, 0.83, 1.65, 2.215]</WAVELENGTH>
		<MEAN_VALUE>[0.08200120223292874, 0.08095540690977973, 0.06563090307258491, 0.04649510594457571, 0.008740885854909893, 0.006451447447473065]</MEAN_VALUE>
		<CHECKBOX>2</CHECKBOX>
		<SD>[0.001622622883664597, 0.0018644376076689094, 0.0022407162226578256, 0.004954942940409324, 0.004153765482818992, 0.0031817058353258414]</SD>
		<WAVELENGTH_UNIT>E-6m</WAVELENGTH_UNIT>
		<COLOR>#cc6f5d</COLOR>
		<COVARIANCE_MATRIX>[[2.7187038540432695e-06, 4.774075250679743e-07, 8.341956458934874e-07, 2.5901883873302722e-06, 2.0092645627300953e-06, 9.40453389830509e-07], [4.774075250679743e-07, 3.427148612900055e-06, 6.073959184504929e-07, 1.7288597291553742e-06, 1.0992037005053135e-06, 5.050849267718149e-07], [8.341956458934874e-07, 6.073959184504929e-07, 5.0539274525363e-06, 3.5215784919273574e-06, 2.569019670772832e-06, 1.1585137826841674e-06], [2.5901883873302722e-06, 1.7288597291553742e-06, 3.5215784919273574e-06, 2.11124679481145e-05, 1.3873677744413726e-05, 7.164691851357929e-06], [2.0092645627300953e-06, 1.0992037005053135e-06, 2.569019670772832e-06, 1.3873677744413726e-05, 1.5248130694089923e-05, 6.178840976645006e-06], [9.40453389830509e-07, 5.050849267718149e-07, 1.1585137826841674e-06, 7.164691851357929e-06, 6.178840976645006e-06, 9.89964792097453e-06]]</COVARIANCE_MATRIX>
		<ROI_SIZE>8294</ROI_SIZE>
		<MAX_VALUE>[0.08993420004844666, 0.0879100114107132, 0.07520000636577606, 0.09550775587558746, 0.05090634524822235, 0.030435387045145035]</MAX_VALUE>
		<MIN_VALUE>[0.07638441771268845, 0.0715406984090805, 0.06008705869317055, 0.03127240017056465, 0.0, 0.0]</MIN_VALUE>
		<SIGNATURE_THRESHOLD_MD>0.0</SIGNATURE_THRESHOLD_MD>
		<SIGNATURE_THRESHOLD_ML>0.0</SIGNATURE_THRESHOLD_ML>
		<SIGNATURE_THRESHOLD_SAM>0.0</SIGNATURE_THRESHOLD_SAM>
	</signature>
	<signature ID="20211209_152219749351_771">
		<MACROCLASSID>1</MACROCLASSID>
		<MACROCLASSINFO>Waterbody</MACROCLASSINFO>
		<CLASSID>8</CLASSID>
		<CLASSINFO>C 1</CLASSINFO>
		<VALUES>[0.07654187760168528, 0.0019555406896215517, 0.07941500388857387, 0.0025771898795028166, 0.06491915587506629, 0.0030928999676102455, 0.0431764916982742, 0.006150091124821426, 0.00867284419182266, 0.0054839775459444885, 0.0063958263938976865, 0.004066137459248516]</VALUES>
		<LCS_MIN>[0.06885677576065063, 0.0715406984090805, 0.057064469903707504, 0.035050954669713974, 0.0, 0.0]</LCS_MIN>
		<LCS_MAX>[0.08541760593652725, 0.0879100114107132, 0.0782225951552391, 0.08795066177845001, 0.05333907902240753, 0.03742261976003647]</LCS_MAX>
		<WAVELENGTH>[0.485, 0.56, 0.66, 0.83, 1.65, 2.215]</WAVELENGTH>
		<MEAN_VALUE>[0.07654187760168528, 0.07941500388857387, 0.06491915587506629, 0.0431764916982742, 0.00867284419182266, 0.0063958263938976865]</MEAN_VALUE>
		<CHECKBOX>2</CHECKBOX>
		<SD>[0.0019555406896215517, 0.0025771898795028166, 0.0030928999676102455, 0.006150091124821426, 0.0054839775459444885, 0.004066137459248516]</SD>
		<WAVELENGTH_UNIT>E-6m</WAVELENGTH_UNIT>
		<COLOR>#8c321b</COLOR>
		<COVARIANCE_MATRIX>[[3.759466608244111e-06, 1.1812435332103632e-06, 1.8867083326767897e-06, 4.815462943952298e-06, 4.261319645593176e-06, 2.558101186878048e-06], [1.1812435332103632e-06, 6.3780271375435404e-06, 3.5848183870257344e-06, 4.0980912672239356e-06, 3.340084504088736e-06, 1.9574163161450997e-06], [1.8867083326767897e-06, 3.5848183870257344e-06, 9.603628313925583e-06, 7.917346920294221e-06, 6.698852303088643e-06, 3.971693331550341e-06], [4.815462943952298e-06, 4.0980912672239356e-06, 7.917346920294221e-06, 3.3985594200203195e-05, 2.5664294298621826e-05, 1.5531144526903518e-05], [4.261319645593176e-06, 3.340084504088736e-06, 6.698852303088643e-06, 2.5664294298621826e-05, 2.685684376046993e-05, 1.411250195815228e-05], [2.558101186878048e-06, 1.9574163161450997e-06, 3.971693331550341e-06, 1.5531144526903518e-05, 1.411250195815228e-05, 1.5481638911296614e-05]]</COVARIANCE_MATRIX>
		<ROI_SIZE>6826</ROI_SIZE>
		<MAX_VALUE>[0.08541760593652725, 0.0879100114107132, 0.0782225951552391, 0.08795066177845001, 0.05333907902240753, 0.03742261976003647]</MAX_VALUE>
		<MIN_VALUE>[0.06885677576065063, 0.0715406984090805, 0.057064469903707504, 0.035050954669713974, 0.0, 0.0]</MIN_VALUE>
		<SIGNATURE_THRESHOLD_MD>0.0</SIGNATURE_THRESHOLD_MD>
		<SIGNATURE_THRESHOLD_ML>0.0</SIGNATURE_THRESHOLD_ML>
		<SIGNATURE_THRESHOLD_SAM>0.0</SIGNATURE_THRESHOLD_SAM>
	</signature>
	<signature ID="20211209_152237796115_865">
		<MACROCLASSID>1</MACROCLASSID>
		<MACROCLASSINFO>Waterbody</MACROCLASSINFO>
		<CLASSID>9</CLASSID>
		<CLASSINFO>C 1</CLASSINFO>
		<VALUES>[0.14258876932878084, 0.0032977724099511785, 0.15898582924914112, 0.005071810514861557, 0.17324924813005285, 0.005392564395958213, 0.11217984340685262, 0.00366406231601208, 0.013268736798502597, 0.007314875275558, 0.009532174813511173, 0.006700532525337784]</VALUES>
		<LCS_MIN>[0.11703376471996307, 0.11410094052553177, 0.1265840381383896, 0.09928630292415619, 0.004684540443122387, 0.0]</LCS_MIN>
		<LCS_MAX>[0.1486499160528183, 0.16648276150226593, 0.18099065124988556, 0.14085036516189575, 0.05577179789543152, 0.05489068105816841]</LCS_MAX>
		<WAVELENGTH>[0.485, 0.56, 0.66, 0.83, 1.65, 2.215]</WAVELENGTH>
		<MEAN_VALUE>[0.14258876932878084, 0.15898582924914112, 0.17324924813005285, 0.11217984340685262, 0.013268736798502597, 0.009532174813511173]</MEAN_VALUE>
		<CHECKBOX>2</CHECKBOX>
		<SD>[0.0032977724099511785, 0.005071810514861557, 0.005392564395958213, 0.00366406231601208, 0.007314875275558, 0.006700532525337784]</SD>
		<WAVELENGTH_UNIT>E-6m</WAVELENGTH_UNIT>
		<COLOR>#a3a6de</COLOR>
		<COVARIANCE_MATRIX>[[1.0881862181122415e-05, 1.2350608812994324e-05, 1.3673426110472064e-05, -6.355293862725375e-06, -1.5143407836148981e-05, -1.2638063708436675e-05], [1.2350608812994324e-05, 2.5738776457728818e-05, 2.2214682758203708e-05, -9.704504009278025e-06, -2.3546070224256255e-05, -1.9554739992599934e-05], [1.3673426110472064e-05, 2.2214682758203708e-05, 2.9097289370838553e-05, -1.0437016499054153e-05, -2.5549028578097932e-05, -2.1137637304491363e-05], [-6.355293862725375e-06, -9.704504009278025e-06, -1.0437016499054153e-05, 1.3433449566946365e-05, 1.7044985725078732e-05, 1.4697437109134626e-05], [-1.5143407836148981e-05, -2.3546070224256255e-05, -2.5549028578097932e-05, 1.7044985725078732e-05, 5.353967208066024e-05, 4.1811879782471806e-05], [-1.2638063708436675e-05, -1.9554739992599934e-05, -2.1137637304491363e-05, 1.4697437109134626e-05, 4.1811879782471806e-05, 4.492421430768445e-05]]</COVARIANCE_MATRIX>
		<ROI_SIZE>1659</ROI_SIZE>
		<MAX_VALUE>[0.1486499160528183, 0.16648276150226593, 0.18099065124988556, 0.14085036516189575, 0.05577179789543152, 0.05489068105816841]</MAX_VALUE>
		<MIN_VALUE>[0.11703376471996307, 0.11410094052553177, 0.1265840381383896, 0.09928630292415619, 0.004684540443122387, 0.0]</MIN_VALUE>
		<SIGNATURE_THRESHOLD_MD>0.0</SIGNATURE_THRESHOLD_MD>
		<SIGNATURE_THRESHOLD_ML>0.0</SIGNATURE_THRESHOLD_ML>
		<SIGNATURE_THRESHOLD_SAM>0.0</SIGNATURE_THRESHOLD_SAM>
	</signature>
	<signature ID="20211209_152245769341_676">
		<MACROCLASSID>1</MACROCLASSID>
		<MACROCLASSINFO>Waterbody</MACROCLASSINFO>
		<CLASSID>10</CLASSID>
		<CLASSINFO>C 1</CLASSINFO>
		<VALUES>[0.10295159439556295, 0.0019142956727195403, 0.12181174649709932, 0.0027315827411540467, 0.09453861247503055, 0.002761984763015223, 0.06521721425662307, 0.007725864995381072, 0.01492359891754429, 0.007374122361592199, 0.009925211500223286, 0.005742257745279719]</VALUES>
		<LCS_MIN>[0.09294526278972626, 0.09773161262273788, 0.08124518394470215, 0.053943708539009094, 0.004684540443122387, 0.0]</LCS_MIN>
		<LCS_MAX>[0.10800057649612427, 0.12719637155532837, 0.10844848304986954, 0.11440051347017288, 0.06063724681735039, 0.044409845024347305]</LCS_MAX>
		<WAVELENGTH>[0.485, 0.56, 0.66, 0.83, 1.65, 2.215]</WAVELENGTH>
		<MEAN_VALUE>[0.10295159439556295, 0.12181174649709932, 0.09453861247503055, 0.06521721425662307, 0.01492359891754429, 0.009925211500223286]</MEAN_VALUE>
		<CHECKBOX>2</CHECKBOX>
		<SD>[0.0019142956727195403, 0.0027315827411540467, 0.002761984763015223, 0.007725864995381072, 0.007374122361592199, 0.005742257745279719]</SD>
		<WAVELENGTH_UNIT>E-6m</WAVELENGTH_UNIT>
		<COLOR>#e1382c</COLOR>
		<COVARIANCE_MATRIX>[[3.670565092761535e-06, 2.016886810451979e-06, 2.0134789338044357e-06, -3.1727179248264292e-06, -1.5150417311815545e-06, -8.362040944120963e-07], [2.016886810451979e-06, 7.473836831195513e-06, 3.5543462217901833e-06, -8.262886694865301e-06, -5.853502898389706e-06, -3.766981080843834e-06], [2.0134789338044357e-06, 3.5543462217901833e-06, 7.641127922397573e-06, 2.630490314459166e-07, 2.852226089089527e-06, 2.6170860110141803e-06], [-3.1727179248264292e-06, -8.262886694865301e-06, 2.630490314459166e-07, 5.9787325881188735e-05, 4.2933512304443866e-05, 2.9151082344469614e-05], [-1.5150417311815545e-06, -5.853502898389706e-06, 2.852226089089527e-06, 4.2933512304443866e-05, 5.446726572699845e-05, 3.494021439109929e-05], [-8.362040944120963e-07, -3.766981080843834e-06, 2.6170860110141803e-06, 2.9151082344469614e-05, 3.494021439109929e-05, 3.3027845347533e-05]]</COVARIANCE_MATRIX>
		<ROI_SIZE>608</ROI_SIZE>
		<MAX_VALUE>[0.10800057649612427, 0.12719637155532837, 0.10844848304986954, 0.11440051347017288, 0.06063724681735039, 0.044409845024347305]</MAX_VALUE>
		<MIN_VALUE>[0.09294526278972626, 0.09773161262273788, 0.08124518394470215, 0.053943708539009094, 0.004684540443122387, 0.0]</MIN_VALUE>
		<SIGNATURE_THRESHOLD_MD>0.0</SIGNATURE_THRESHOLD_MD>
		<SIGNATURE_THRESHOLD_ML>0.0</SIGNATURE_THRESHOLD_ML>
		<SIGNATURE_THRESHOLD_SAM>0.0</SIGNATURE_THRESHOLD_SAM>
	</signature>
	<signature ID="20211209_152251992442_493">
		<MACROCLASSID>1</MACROCLASSID>
		<MACROCLASSINFO>Waterbody</MACROCLASSINFO>
		<CLASSID>11</CLASSID>
		<CLASSINFO>C 1</CLASSINFO>
		<VALUES>[0.07914270439756252, 0.001902283192269879, 0.06628904216635373, 0.002369729210513554, 0.04631001915890007, 0.0023294685860908307, 0.03357996052062073, 0.006968872371692432, 0.012579389133417796, 0.005450436789754395, 0.008325693236640936, 0.004149949129400375]</VALUES>
		<LCS_MIN>[0.07186782360076904, 0.05844523385167122, 0.03892892971634865, 0.01993674784898758, 0.004684540443122387, 0.0]</LCS_MIN>
		<LCS_MAX>[0.08692313730716705, 0.0780884176492691, 0.06008705869317055, 0.07661501318216324, 0.048473622649908066, 0.03742261976003647]</LCS_MAX>
		<WAVELENGTH>[0.485, 0.56, 0.66, 0.83, 1.65, 2.215]</WAVELENGTH>
		<MEAN_VALUE>[0.07914270439756252, 0.06628904216635373, 0.04631001915890007, 0.03357996052062073, 0.012579389133417796, 0.008325693236640936]</MEAN_VALUE>
		<CHECKBOX>2</CHECKBOX>
		<SD>[0.001902283192269879, 0.002369729210513554, 0.0023294685860908307, 0.006968872371692432, 0.005450436789754395, 0.004149949129400375]</SD>
		<WAVELENGTH_UNIT>E-6m</WAVELENGTH_UNIT>
		<COLOR>#378198</COLOR>
		<COVARIANCE_MATRIX>[[3.621662244768231e-06, 1.8057544366456568e-06, 1.2151056125730975e-06, 1.2538773717096774e-06, 1.4995185892985319e-06, 6.498138418464805e-07], [1.8057544366456568e-06, 5.620242063741898e-06, 1.8944161865874776e-06, 1.4495390132651664e-06, 1.9617541511252057e-06, 1.176950718217995e-06], [1.2151056125730975e-06, 1.8944161865874776e-06, 5.430893907032441e-06, 6.266072432481451e-06, 5.331877218850423e-06, 3.4672616493480746e-06], [1.2538773717096774e-06, 1.4495390132651664e-06, 6.266072432481451e-06, 4.8605186748318374e-05, 2.718289579206612e-05, 1.8262933735968545e-05], [1.4995185892985319e-06, 1.9617541511252057e-06, 5.331877218850423e-06, 2.718289579206612e-05, 2.9731731046922505e-05, 1.6023168427636847e-05], [6.498138418464805e-07, 1.176950718217995e-06, 3.4672616493480746e-06, 1.8262933735968545e-05, 1.6023168427636847e-05, 1.7236263374798e-05]]</COVARIANCE_MATRIX>
		<ROI_SIZE>1215</ROI_SIZE>
		<MAX_VALUE>[0.08692313730716705, 0.0780884176492691, 0.06008705869317055, 0.07661501318216324, 0.048473622649908066, 0.03742261976003647]</MAX_VALUE>
		<MIN_VALUE>[0.07186782360076904, 0.05844523385167122, 0.03892892971634865, 0.01993674784898758, 0.004684540443122387, 0.0]</MIN_VALUE>
		<SIGNATURE_THRESHOLD_MD>0.0</SIGNATURE_THRESHOLD_MD>
		<SIGNATURE_THRESHOLD_ML>0.0</SIGNATURE_THRESHOLD_ML>
		<SIGNATURE_THRESHOLD_SAM>0.0</SIGNATURE_THRESHOLD_SAM>
	</signature>
	<signature ID="20211209_152301391990_577">
		<MACROCLASSID>1</MACROCLASSID>
		<MACROCLASSINFO>Waterbody</MACROCLASSINFO>
		<CLASSID>12</CLASSID>
		<CLASSINFO>C 1</CLASSINFO>
		<VALUES>[0.10222420608433193, 0.0035034136874949103, 0.10132882129835323, 0.00655994436893842, 0.09757297266330904, 0.005553822642758759, 0.06460554061255672, 0.01614474655288882, 0.017288667386185654, 0.008945035528125993, 0.010747818690846034, 0.006117297873055525]</VALUES>
		<LCS_MIN>[0.08993420004844666, 0.0813622921705246, 0.07520000636577606, 0.0388295017182827, 0.007117266766726971, 0.0]</LCS_MIN>
		<LCS_MAX>[0.11101163923740387, 0.11410094052553177, 0.10844848304986954, 0.11062195897102356, 0.05577179789543152, 0.05489068105816841]</LCS_MAX>
		<WAVELENGTH>[0.485, 0.56, 0.66, 0.83, 1.65, 2.215]</WAVELENGTH>
		<MEAN_VALUE>[0.10222420608433193, 0.10132882129835323, 0.09757297266330904, 0.06460554061255672, 0.017288667386185654, 0.010747818690846034]</MEAN_VALUE>
		<CHECKBOX>2</CHECKBOX>
		<SD>[0.0035034136874949103, 0.00655994436893842, 0.005553822642758759, 0.01614474655288882, 0.008945035528125993, 0.006117297873055525]</SD>
		<WAVELENGTH_UNIT>E-6m</WAVELENGTH_UNIT>
		<COLOR>#a300b3</COLOR>
		<COVARIANCE_MATRIX>[[1.229076679010177e-05, 1.899286507978104e-05, 1.2959040759596974e-05, -3.092683255090378e-05, -8.047274604905397e-06, -4.357429133960977e-06], [1.899286507978104e-05, 4.309198266128078e-05, 2.3733840862405486e-05, -6.433595262933522e-05, -1.6935735402512364e-05, -1.086702377506299e-05], [1.2959040759596974e-05, 2.3733840862405486e-05, 3.088731682510115e-05, -4.141290264669806e-05, -1.90600967471255e-05, -8.549559424864128e-06], [-3.092683255090378e-05, -6.433595262933522e-05, -4.141290264669806e-05, 0.00026101089315488935, 0.00010513605957385153, 5.773725206381641e-05], [-8.047274604905397e-06, -1.6935735402512364e-05, -1.90600967471255e-05, 0.00010513605957385153, 8.01235728431493e-05, 4.314201942179352e-05], [-4.357429133960977e-06, -1.086702377506299e-05, -8.549559424864128e-06, 5.773725206381641e-05, 4.314201942179352e-05, 3.747273512999527e-05]]</COVARIANCE_MATRIX>
		<ROI_SIZE>729</ROI_SIZE>
		<MAX_VALUE>[0.11101163923740387, 0.11410094052553177, 0.10844848304986954, 0.11062195897102356, 0.05577179789543152, 0.05489068105816841]</MAX_VALUE>
		<MIN_VALUE>[0.08993420004844666, 0.0813622921705246, 0.07520000636577606, 0.0388295017182827, 0.007117266766726971, 0.0]</MIN_VALUE>
		<SIGNATURE_THRESHOLD_MD>0.0</SIGNATURE_THRESHOLD_MD>
		<SIGNATURE_THRESHOLD_ML>0.0</SIGNATURE_THRESHOLD_ML>
		<SIGNATURE_THRESHOLD_SAM>0.0</SIGNATURE_THRESHOLD_SAM>
	</signature>
	<signature ID="20211209_152307883616_542">
		<MACROCLASSID>1</MACROCLASSID>
		<MACROCLASSINFO>Waterbody</MACROCLASSINFO>
		<CLASSID>13</CLASSID>
		<CLASSINFO>C 1</CLASSINFO>
		<VALUES>[0.08090863257076988, 0.0034843711143545753, 0.06833860366916712, 0.004321789474198272, 0.04890228645428977, 0.004651606181007593, 0.032640240856138994, 0.005657991612636016, 0.01267759779995877, 0.0075125456721911775, 0.008922015534564147, 0.006441870632990798]</VALUES>
		<LCS_MIN>[0.07186782360076904, 0.05844523385167122, 0.03892892971634865, 0.01993674784898758, 0.0, 0.0]</LCS_MIN>
		<LCS_MAX>[0.09595632553100586, 0.09118387848138809, 0.08426778018474579, 0.07661501318216324, 0.0582045316696167, 0.05838429927825928]</LCS_MAX>
		<WAVELENGTH>[0.485, 0.56, 0.66, 0.83, 1.65, 2.215]</WAVELENGTH>
		<MEAN_VALUE>[0.08090863257076988, 0.06833860366916712, 0.04890228645428977, 0.032640240856138994, 0.01267759779995877, 0.008922015534564147]</MEAN_VALUE>
		<CHECKBOX>2</CHECKBOX>
		<SD>[0.0034843711143545753, 0.004321789474198272, 0.004651606181007593, 0.005657991612636016, 0.0075125456721911775, 0.006441870632990798]</SD>
		<WAVELENGTH_UNIT>E-6m</WAVELENGTH_UNIT>
		<COLOR>#d0df8b</COLOR>
		<COVARIANCE_MATRIX>[[1.2147670531703625e-05, 1.2069443982909434e-05, 1.2590437108883634e-05, 9.370532097818796e-06, 1.584757410455495e-05, 1.2843482181779109e-05], [1.2069443982909434e-05, 1.868836989160627e-05, 1.5774521671119146e-05, 1.2202656762383413e-05, 1.8888769773184322e-05, 1.5426658137585036e-05], [1.2590437108883634e-05, 1.5774521671119146e-05, 2.164961006201338e-05, 1.8056844055536203e-05, 2.6003472157754004e-05, 2.12373815884348e-05], [9.370532097818796e-06, 1.2202656762383413e-05, 1.8056844055536203e-05, 3.2030875445343554e-05, 3.1950967240845785e-05, 2.631767165439669e-05], [1.584757410455495e-05, 1.8888769773184322e-05, 2.6003472157754004e-05, 3.1950967240845785e-05, 5.6470085837645456e-05, 4.1250899812439457e-05], [1.2843482181779109e-05, 1.5426658137585036e-05, 2.12373815884348e-05, 2.631767165439669e-05, 4.1250899812439457e-05, 4.152103792876005e-05]]</COVARIANCE_MATRIX>
		<ROI_SIZE>1779</ROI_SIZE>
		<MAX_VALUE>[0.09595632553100586, 0.09118387848138809, 0.08426778018474579, 0.07661501318216324, 0.0582045316696167, 0.05838429927825928]</MAX_VALUE>
		<MIN_VALUE>[0.07186782360076904, 0.05844523385167122, 0.03892892971634865, 0.01993674784898758, 0.0, 0.0]</MIN_VALUE>
		<SIGNATURE_THRESHOLD_MD>0.0</SIGNATURE_THRESHOLD_MD>
		<SIGNATURE_THRESHOLD_ML>0.0</SIGNATURE_THRESHOLD_ML>
		<SIGNATURE_THRESHOLD_SAM>0.0</SIGNATURE_THRESHOLD_SAM>
	</signature>
	<signature ID="20211209_152320348080_136">
		<MACROCLASSID>1</MACROCLASSID>
		<MACROCLASSINFO>Waterbody</MACROCLASSINFO>
		<CLASSID>14</CLASSID>
		<CLASSINFO>C 1</CLASSINFO>
		<VALUES>[0.14385122209108736, 0.0035350734593192147, 0.15957718721131042, 0.005238791890649241, 0.19158446298222598, 0.006857036868397737, 0.22241739570978175, 0.00620486479797065, 0.01473516784881036, 0.008646742175686397, 0.010089197797760137, 0.0076329500270624516]</VALUES>
		<LCS_MIN>[0.12155035138130188, 0.12719637155532837, 0.14471957087516785, 0.1786358803510666, 0.0022518138866871595, 0.0]</LCS_MIN>
		<LCS_MAX>[0.1501554399728775, 0.16648276150226593, 0.20214878022670746, 0.2277570217847824, 0.0582045316696167, 0.05489068105816841]</LCS_MAX>
		<WAVELENGTH>[0.485, 0.56, 0.66, 0.83, 1.65, 2.215]</WAVELENGTH>
		<MEAN_VALUE>[0.14385122209108736, 0.15957718721131042, 0.19158446298222598, 0.22241739570978175, 0.01473516784881036, 0.010089197797760137]</MEAN_VALUE>
		<CHECKBOX>2</CHECKBOX>
		<SD>[0.0035350734593192147, 0.005238791890649241, 0.006857036868397737, 0.00620486479797065, 0.008646742175686397, 0.0076329500270624516]</SD>
		<WAVELENGTH_UNIT>E-6m</WAVELENGTH_UNIT>
		<COLOR>#5683a9</COLOR>
		<COVARIANCE_MATRIX>[[1.2012525075988378e-05, 1.3200875400798395e-05, 1.837089985201601e-05, 1.605319448572118e-05, -2.1920246581430547e-05, -1.874789631983731e-05], [1.3200875400798395e-05, 2.580976979515981e-05, 2.822883652697783e-05, 2.46052641159622e-05, -3.255507908761501e-05, -2.832891004800331e-05], [1.837089985201601e-05, 2.822883652697783e-05, 4.378571975394152e-05, 3.5044093237956986e-05, -4.616848673322238e-05, -3.951676990254782e-05], [1.605319448572118e-05, 2.46052641159622e-05, 3.5044093237956986e-05, 3.482722968328744e-05, -3.690733865369111e-05, -3.1625608244212344e-05], [-2.1920246581430547e-05, -3.255507908761501e-05, -4.616848673322238e-05, -3.690733865369111e-05, 7.81564085627906e-05, 6.174722511786968e-05], [-1.874789631983731e-05, -2.832891004800331e-05, -3.951676990254782e-05, -3.1625608244212344e-05, 6.174722511786968e-05, 6.157953612273559e-05]]</COVARIANCE_MATRIX>
		<ROI_SIZE>1929</ROI_SIZE>
		<MAX_VALUE>[0.1501554399728775, 0.16648276150226593, 0.20214878022670746, 0.2277570217847824, 0.0582045316696167, 0.05489068105816841]</MAX_VALUE>
		<MIN_VALUE>[0.12155035138130188, 0.12719637155532837, 0.14471957087516785, 0.1786358803510666, 0.0022518138866871595, 0.0]</MIN_VALUE>
		<SIGNATURE_THRESHOLD_MD>0.0</SIGNATURE_THRESHOLD_MD>
		<SIGNATURE_THRESHOLD_ML>0.0</SIGNATURE_THRESHOLD_ML>
		<SIGNATURE_THRESHOLD_SAM>0.0</SIGNATURE_THRESHOLD_SAM>
	</signature>
	<signature ID="20211209_152328861996_390">
		<MACROCLASSID>1</MACROCLASSID>
		<MACROCLASSINFO>Waterbody</MACROCLASSINFO>
		<CLASSID>15</CLASSID>
		<CLASSINFO>C 1</CLASSINFO>
		<VALUES>[0.13455601780124468, 0.004271680490671735, 0.15409288309336666, 0.005779103296867514, 0.16351253199897473, 0.006628679278542015, 0.08201222393454248, 0.004937822297317565, 0.014383182766265526, 0.00941060176089241, 0.010343935073227378, 0.007875707944806904]</VALUES>
		<LCS_MIN>[0.11101163923740387, 0.12064865976572037, 0.12356144934892654, 0.06527936458587646, 0.0022518138866871595, 0.0]</LCS_MIN>
		<LCS_MAX>[0.1426277905702591, 0.16648276150226593, 0.17192287743091583, 0.11817906051874161, 0.0582045316696167, 0.05489068105816841]</LCS_MAX>
		<WAVELENGTH>[0.485, 0.56, 0.66, 0.83, 1.65, 2.215]</WAVELENGTH>
		<MEAN_VALUE>[0.13455601780124468, 0.15409288309336666, 0.16351253199897473, 0.08201222393454248, 0.014383182766265526, 0.010343935073227378]</MEAN_VALUE>
		<CHECKBOX>2</CHECKBOX>
		<SD>[0.004271680490671735, 0.005779103296867514, 0.006628679278542015, 0.004937822297317565, 0.00941060176089241, 0.007875707944806904]</SD>
		<WAVELENGTH_UNIT>E-6m</WAVELENGTH_UNIT>
		<COLOR>#7afc35</COLOR>
		<COVARIANCE_MATRIX>[[1.892970612971112e-05, 2.3170427084551193e-05, 2.5663821361376904e-05, -1.461684314563172e-05, -2.676615804375615e-05, -2.0902427422697656e-05], [2.3170427084551193e-05, 3.916230707545765e-05, 3.780646511586383e-05, -2.2581150915357284e-05, -4.159029413131066e-05, -3.289949381724e-05], [2.5663821361376904e-05, 3.780646511586383e-05, 4.6807272156002e-05, -2.325176501472015e-05, -4.3851701775565743e-05, -3.479117731330916e-05], [-1.461684314563172e-05, -2.2581150915357284e-05, -2.325176501472015e-05, 3.029657636943739e-05, 3.875126640195958e-05, 3.1067305826582015e-05], [-2.676615804375615e-05, -4.159029413131066e-05, -4.3851701775565743e-05, 3.875126640195958e-05, 9.270020382246003e-05, 6.907739589223638e-05], [-2.0902427422697656e-05, -3.289949381724e-05, -3.479117731330916e-05, 3.1067305826582015e-05, 6.907739589223638e-05, 6.501663301605731e-05]]</COVARIANCE_MATRIX>
		<ROI_SIZE>2330</ROI_SIZE>
		<MAX_VALUE>[0.1426277905702591, 0.16648276150226593, 0.17192287743091583, 0.11817906051874161, 0.0582045316696167, 0.05489068105816841]</MAX_VALUE>
		<MIN_VALUE>[0.11101163923740387, 0.12064865976572037, 0.12356144934892654, 0.06527936458587646, 0.0022518138866871595, 0.0]</MIN_VALUE>
		<SIGNATURE_THRESHOLD_MD>0.0</SIGNATURE_THRESHOLD_MD>
		<SIGNATURE_THRESHOLD_ML>0.0</SIGNATURE_THRESHOLD_ML>
		<SIGNATURE_THRESHOLD_SAM>0.0</SIGNATURE_THRESHOLD_SAM>
	</signature>
	<signature ID="20211209_152354951431_658">
		<MACROCLASSID>1</MACROCLASSID>
		<MACROCLASSINFO>Waterbody</MACROCLASSINFO>
		<CLASSID>16</CLASSID>
		<CLASSINFO>C 1</CLASSINFO>
		<VALUES>[0.07430521367858062, 0.0021268621839296, 0.049585453758635135, 0.0031761988743912208, 0.03634451909281516, 0.0035141836731692254, 0.028975741707330076, 0.005424571861478103, 0.008674943904260619, 0.00546846097020487, 0.006771884434148411, 0.004571284046034344]</VALUES>
		<LCS_MIN>[0.06885677576065063, 0.038802050054073334, 0.02986115962266922, 0.01993674784898758, 0.0, 0.0]</LCS_MIN>
		<LCS_MAX>[0.08993420004844666, 0.0748145580291748, 0.06915482133626938, 0.07661501318216324, 0.05577179789543152, 0.044409845024347305]</LCS_MAX>
		<WAVELENGTH>[0.485, 0.56, 0.66, 0.83, 1.65, 2.215]</WAVELENGTH>
		<MEAN_VALUE>[0.07430521367858062, 0.049585453758635135, 0.03634451909281516, 0.028975741707330076, 0.008674943904260619, 0.006771884434148411]</MEAN_VALUE>
		<CHECKBOX>2</CHECKBOX>
		<SD>[0.0021268621839296, 0.0031761988743912208, 0.0035141836731692254, 0.005424571861478103, 0.00546846097020487, 0.004571284046034344]</SD>
