<?xml version="1.0" ?>
<signaturelist MCID_LIST="[['1', 'waterbody', '#0000ff'], ['2', 'vegetation', '#00ff00'], ['3', 'bare land', '#ff5500'], ['4', 'built-up', '#ff0000']]">
	<signature ID="20200810_101244204720_933">
		<MACROCLASSID>1</MACROCLASSID>
		<MACROCLASSINFO>waterbody</MACROCLASSINFO>
		<CLASSID>1</CLASSID>
		<CLASSINFO>C 1</CLASSINFO>
		<VALUES>[0.08986220642691482, 0.0017371133450217, 0.07639403844950725, 0.0037658478103369227, 0.0462956791452598, 0.0033143318972559486, 0.032942309131613, 0.002607715219171027, 0.01815427176916272, 0.00336829898400541, 0.011845184943013011, 0.0034416189607375854]</VALUES>
		<LCS_MIN>[0.0869145318865776, 0.06996022909879684, 0.03922950476408005, 0.02924329973757267, 0.008930345065891743, 0.0023251420352607965]</LCS_MIN>
		<LCS_MAX>[0.0953616052865982, 0.08526743203401566, 0.05336185172200203, 0.039843443781137466, 0.027129381895065308, 0.018659798428416252]</LCS_MAX>
		<WAVELENGTH>[0.485, 0.56, 0.66, 0.83, 1.65, 2.215]</WAVELENGTH>
		<MEAN_VALUE>[0.08986220642691482, 0.07639403844950725, 0.0462956791452598, 0.032942309131613, 0.01815427176916272, 0.011845184943013011]</MEAN_VALUE>
		<CHECKBOX>2</CHECKBOX>
		<SD>[0.0017371133450217, 0.0037658478103369227, 0.0033143318972559486, 0.002607715219171027, 0.00336829898400541, 0.0034416189607375854]</SD>
		<WAVELENGTH_UNIT>E-6m</WAVELENGTH_UNIT>
		<COLOR>#871d0c</COLOR>
		<COVARIANCE_MATRIX>[[3.041323110251307e-06, 5.355717542397334e-07, 9.39974201866759e-08, 1.7137837576493627e-08, -3.695992237875231e-07, -3.972351561689994e-07], [5.355717542397334e-07, 1.429327594897062e-05, 9.095946394919e-06, -3.0742823564667884e-07, 1.2552748642505135e-07, 1.5055179773636248e-06], [9.39974201866759e-08, 9.095946394919e-06, 1.1071290381271852e-05, 2.1232209604496174e-06, 4.025005864839778e-06, 4.180697693030106e-06], [1.7137837576493627e-08, -3.0742823564667884e-07, 2.1232209604496174e-06, 6.853723378188305e-06, 3.396972074668818e-06, 3.5916618057036033e-06], [-3.695992237875231e-07, 1.2552748642505135e-07, 4.025005864839778e-06, 3.396972074668818e-06, 1.143477220349165e-05, 4.892255955883127e-06], [-3.972351561689994e-07, 1.5055179773636248e-06, 4.180697693030106e-06, 3.5916618057036033e-06, 4.892255955883127e-06, 1.1938006748632137e-05]]</COVARIANCE_MATRIX>
		<ROI_SIZE>128</ROI_SIZE>
		<MAX_VALUE>[0.0953616052865982, 0.08526743203401566, 0.05336185172200203, 0.039843443781137466, 0.027129381895065308, 0.018659798428416252]</MAX_VALUE>
		<MIN_VALUE>[0.0869145318865776, 0.06996022909879684, 0.03922950476408005, 0.02924329973757267, 0.008930345065891743, 0.0023251420352607965]</MIN_VALUE>
		<SIGNATURE_THRESHOLD_MD>0</SIGNATURE_THRESHOLD_MD>
		<SIGNATURE_THRESHOLD_ML>0</SIGNATURE_THRESHOLD_ML>
		<SIGNATURE_THRESHOLD_SAM>0</SIGNATURE_THRESHOLD_SAM>
	</signature>
	<signature ID="20200810_101253777952_262">
		<MACROCLASSID>1</MACROCLASSID>
		<MACROCLASSINFO>waterbody</MACROCLASSINFO>
		<CLASSID>2</CLASSID>
		<CLASSINFO>C 1</CLASSINFO>
		<VALUES>[0.10143755925329109, 0.0017721445647474001, 0.11733199263873852, 0.0034931809825023527, 0.11108133706607318, 0.017503365791396296, 0.08689319146306891, 0.04292504313445711, 0.09238251318272792, 0.05658175890260961, 0.06697599981960499, 0.04036908777143078]</VALUES>
		<LCS_MIN>[0.09817728400230408, 0.11282040178775787, 0.0844530239701271, 0.02570992335677147, 0.024854503571987152, 0.018659798428416252]</LCS_MIN>
		<LCS_MAX>[0.10521651059389114, 0.12506616115570068, 0.1353294849395752, 0.17411188781261444, 0.2045699954032898, 0.13953626155853271]</LCS_MAX>
		<WAVELENGTH>[0.485, 0.56, 0.66, 0.83, 1.65, 2.215]</WAVELENGTH>
		<MEAN_VALUE>[0.10143755925329109, 0.11733199263873852, 0.11108133706607318, 0.08689319146306891, 0.09238251318272792, 0.06697599981960499]</MEAN_VALUE>
		<CHECKBOX>2</CHECKBOX>
		<SD>[0.0017721445647474001, 0.0034931809825023527, 0.017503365791396296, 0.04292504313445711, 0.05658175890260961, 0.04036908777143078]</SD>
		<WAVELENGTH_UNIT>E-6m</WAVELENGTH_UNIT>
		<COLOR>#b31cdf</COLOR>
		<COVARIANCE_MATRIX>[[3.314968378272832e-06, 3.3900470415859897e-06, -8.738021929212195e-06, -3.506842471334801e-05, -3.862882175435131e-05, -2.4462557637816478e-05], [3.3900470415859897e-06, 1.288021967521146e-05, 5.389177263620666e-06, -1.553000362834928e-05, -1.6087026021702274e-06, 3.83100087954383e-06], [-8.738021929212195e-06, 5.389177263620666e-06, 0.0003233882481400566, 0.0007570550026531694, 0.0009371643470207411, 0.0006698076252122626], [-3.506842471334801e-05, -1.553000362834928e-05, 0.0007570550026531694, 0.001944923735211392, 0.002374293469899952, 0.0016919052916620147], [-3.862882175435131e-05, -1.6087026021702274e-06, 0.0009371643470207411, 0.002374293469899952, 0.0033793562983193215, 0.0023855238314214257], [-2.4462557637816478e-05, 3.83100087954383e-06, 0.0006698076252122626, 0.0016919052916620147, 0.0023855238314214257, 0.0017202000945806754]]</COVARIANCE_MATRIX>
		<ROI_SIZE>19</ROI_SIZE>
		<MAX_VALUE>[0.10521651059389114, 0.12506616115570068, 0.1353294849395752, 0.17411188781261444, 0.2045699954032898, 0.13953626155853271]</MAX_VALUE>
		<MIN_VALUE>[0.09817728400230408, 0.11282040178775787, 0.0844530239701271, 0.02570992335677147, 0.024854503571987152, 0.018659798428416252]</MIN_VALUE>
		<SIGNATURE_THRESHOLD_MD>0</SIGNATURE_THRESHOLD_MD>
		<SIGNATURE_THRESHOLD_ML>0</SIGNATURE_THRESHOLD_ML>
		<SIGNATURE_THRESHOLD_SAM>0</SIGNATURE_THRESHOLD_SAM>
	</signature>
	<signature ID="20200810_101345251506_788">
		<MACROCLASSID>1</MACROCLASSID>
		<MACROCLASSINFO>waterbody</MACROCLASSINFO>
		<CLASSID>3</CLASSID>
		<CLASSINFO>C 1</CLASSINFO>
		<VALUES>[0.12588281582557523, 0.002276514950713566, 0.15888222449153433, 0.0036452379266717957, 0.12719527722997526, 0.0067361019303786365, 0.05025477593636696, 0.01147077535233902, 0.024298807524343716, 0.01061851343573135, 0.018061277854704218, 0.010017048287181292]</VALUES>
		<LCS_MIN>[0.11929497122764587, 0.1464962363243103, 0.1183706596493721, 0.03631005808711052, 0.006655464414507151, 0.005592073313891888]</LCS_MIN>
		<LCS_MAX>[0.13055771589279175, 0.16486488282680511, 0.1522882729768753, 0.09637752175331116, 0.06352745741605759, 0.057862985879182816]</LCS_MAX>
		<WAVELENGTH>[0.485, 0.56, 0.66, 0.83, 1.65, 2.215]</WAVELENGTH>
		<MEAN_VALUE>[0.12588281582557523, 0.15888222449153433, 0.12719527722997526, 0.05025477593636696, 0.024298807524343716, 0.018061277854704218]</MEAN_VALUE>
		<CHECKBOX>2</CHECKBOX>
		<SD>[0.002276514950713566, 0.0036452379266717957, 0.0067361019303786365, 0.01147077535233902, 0.01061851343573135, 0.010017048287181292]</SD>
		<WAVELENGTH_UNIT>E-6m</WAVELENGTH_UNIT>
		<COLOR>#35546a</COLOR>
		<COVARIANCE_MATRIX>[[5.222385861751808e-06, 4.9374235591757695e-06, -6.76071119362141e-06, -1.516227428176407e-05, -1.16838387235338e-05, -1.3114970530075553e-05], [4.9374235591757695e-06, 1.338997307698532e-05, -8.23591668240482e-06, -3.342354233929061e-05, -2.4779060715045023e-05, -2.4072936096412898e-05], [-6.76071119362141e-06, -8.23591668240482e-06, 4.5724108210422656e-05, 4.270246921853109e-05, 1.9037801645964072e-05, 1.7823616303534874e-05], [-1.516227428176407e-05, -3.342354233929061e-05, 4.270246921853109e-05, 0.00013259083093139645, 9.140399248453579e-05, 8.62833803818522e-05], [-1.16838387235338e-05, -2.4779060715045023e-05, 1.9037801645964072e-05, 9.140399248453579e-05, 0.00011362015702776725, 9.59933999429431e-05], [-1.3114970530075553e-05, -2.4072936096412898e-05, 1.7823616303534874e-05, 8.62833803818522e-05, 9.59933999429431e-05, 0.0001011131122060888]]</COVARIANCE_MATRIX>
		<ROI_SIZE>131</ROI_SIZE>
		<MAX_VALUE>[0.13055771589279175, 0.16486488282680511, 0.1522882729768753, 0.09637752175331116, 0.06352745741605759, 0.057862985879182816]</MAX_VALUE>
		<MIN_VALUE>[0.11929497122764587, 0.1464962363243103, 0.1183706596493721, 0.03631005808711052, 0.006655464414507151, 0.005592073313891888]</MIN_VALUE>
		<SIGNATURE_THRESHOLD_MD>0</SIGNATURE_THRESHOLD_MD>
		<SIGNATURE_THRESHOLD_ML>0</SIGNATURE_THRESHOLD_ML>
		<SIGNATURE_THRESHOLD_SAM>0</SIGNATURE_THRESHOLD_SAM>
	</signature>
	<signature ID="20200810_101415300325_366">
		<MACROCLASSID>1</MACROCLASSID>
		<MACROCLASSINFO>waterbody</MACROCLASSINFO>
		<CLASSID>4</CLASSID>
		<CLASSINFO>C 1</CLASSINFO>
		<VALUES>[0.0828868690392245, 0.0025448918418290887, 0.06684555333593618, 0.005232676493499861, 0.04426799452175267, 0.009242112260399843, 0.03895241605198901, 0.0143079122277799, 0.025625984127754742, 0.012962343350238574, 0.019341594126561404, 0.011279983354357717]</VALUES>
		<LCS_MIN>[0.078467458486557, 0.06077590957283974, 0.03640303760766983, 0.018643159419298172, 0.011205224320292473, 0.005592073313891888]</LCS_MIN>
		<LCS_MAX>[0.09676944464445114, 0.09445175528526306, 0.08162655681371689, 0.08224400877952576, 0.06580233573913574, 0.05459604784846306]</LCS_MAX>
		<WAVELENGTH>[0.485, 0.56, 0.66, 0.83, 1.65, 2.215]</WAVELENGTH>
		<MEAN_VALUE>[0.0828868690392245, 0.06684555333593618, 0.04426799452175267, 0.03895241605198901, 0.025625984127754742, 0.019341594126561404]</MEAN_VALUE>
		<CHECKBOX>2</CHECKBOX>
		<SD>[0.0025448918418290887, 0.005232676493499861, 0.009242112260399843, 0.0143079122277799, 0.012962343350238574, 0.011279983354357717]</SD>
		<WAVELENGTH_UNIT>E-6m</WAVELENGTH_UNIT>
		<COLOR>#11ad62</COLOR>
		<COVARIANCE_MATRIX>[[6.5332856663153445e-06, 9.311122316388027e-06, 1.4537410042938751e-05, 1.6801219324120677e-05, 1.2826850556313605e-05, 1.1847769194582583e-05], [9.311122316388027e-06, 2.7621086647780644e-05, 4.368774877225469e-05, 5.508204647061072e-05, 4.7203896289747575e-05, 4.2850102453602024e-05], [1.4537410042938751e-05, 4.368774877225469e-05, 8.616590779728781e-05, 0.00011640065293411783, 9.850565069472459e-05, 8.838749670494138e-05], [1.6801219324120677e-05, 5.508204647061072e-05, 0.00011640065293411783, 0.00020651210979432603, 0.00016779954407798335, 0.00014206902203178824], [1.2826850556313605e-05, 4.7203896289747575e-05, 9.850565069472459e-05, 0.00016779954407798335, 0.00016949622534990813, 0.000137415447620314], [1.1847769194582583e-05, 4.2850102453602024e-05, 8.838749670494138e-05, 0.00014206902203178824, 0.000137415447620314, 0.00012835414749629403]]</COVARIANCE_MATRIX>
		<ROI_SIZE>115</ROI_SIZE>
		<MAX_VALUE>[0.09676944464445114, 0.09445175528526306, 0.08162655681371689, 0.08224400877952576, 0.06580233573913574, 0.05459604784846306]</MAX_VALUE>
		<MIN_VALUE>[0.078467458486557, 0.06077590957283974, 0.03640303760766983, 0.018643159419298172, 0.011205224320292473, 0.005592073313891888]</MIN_VALUE>
		<SIGNATURE_THRESHOLD_MD>0</SIGNATURE_THRESHOLD_MD>
		<SIGNATURE_THRESHOLD_ML>0</SIGNATURE_THRESHOLD_ML>
		<SIGNATURE_THRESHOLD_SAM>0</SIGNATURE_THRESHOLD_SAM>
	</signature>
	<signature ID="20200810_101429017092_447">
		<MACROCLASSID>1</MACROCLASSID>
		<MACROCLASSINFO>waterbody</MACROCLASSINFO>
		<CLASSID>5</CLASSID>
		<CLASSINFO>C 1</CLASSINFO>
		<VALUES>[0.09712140797637402, 0.0024637256948561647, 0.09818288614042107, 0.004311523889211159, 0.07844677194952965, 0.015151136144443274, 0.06744797516148537, 0.0347148709490607, 0.06388291117036717, 0.04202801911127531, 0.04816427588229999, 0.029362478578174953]</VALUES>
		<LCS_MIN>[0.09254591912031174, 0.09139031916856766, 0.05901479721069336, 0.02924329973757267, 0.018029864877462387, 0.015392867848277092]</LCS_MIN>
		<LCS_MAX>[0.10240081697702408, 0.10975895822048187, 0.10989125072956085, 0.1423114687204361, 0.17272169888019562, 0.12646853923797607]</LCS_MAX>
		<WAVELENGTH>[0.485, 0.56, 0.66, 0.83, 1.65, 2.215]</WAVELENGTH>
		<MEAN_VALUE>[0.09712140797637402, 0.09818288614042107, 0.07844677194952965, 0.06744797516148537, 0.06388291117036717, 0.04816427588229999]</MEAN_VALUE>
		<CHECKBOX>2</CHECKBOX>
		<SD>[0.0024637256948561647, 0.004311523889211159, 0.015151136144443274, 0.0347148709490607, 0.04202801911127531, 0.029362478578174953]</SD>
		<WAVELENGTH_UNIT>E-6m</WAVELENGTH_UNIT>
		<COLOR>#1930c0</COLOR>
		<COVARIANCE_MATRIX>[[6.26574895431689e-06, 7.542554145228359e-06, 2.785458758691291e-05, 6.234105475733798e-05, 7.663174300081496e-05, 4.5066005595286494e-05], [7.542554145228359e-06, 1.9188891093923683e-05, 5.132526705872272e-05, 8.874061904373842e-05, 9.074099231181223e-05, 5.735754928481334e-05], [2.785458758691291e-05, 5.132526705872272e-05, 0.00023696198861156685, 0.000499107970410204, 0.0005560030292072514, 0.0003836901898364783], [6.234105475733798e-05, 8.874061904373842e-05, 0.000499107970410204, 0.001243997176784452, 0.0014144152775448305, 0.0009618883761744549], [7.663174300081496e-05, 9.074099231181223e-05, 0.0005560030292072514, 0.0014144152775448305, 0.001823333564302165, 0.0012197493686142995], [4.5066005595286494e-05, 5.735754928481334e-05, 0.0003836901898364783, 0.0009618883761744549, 0.0012197493686142995, 0.0008899666046490661]]</COVARIANCE_MATRIX>
		<ROI_SIZE>32</ROI_SIZE>
		<MAX_VALUE>[0.10240081697702408, 0.10975895822048187, 0.10989125072956085, 0.1423114687204361, 0.17272169888019562, 0.12646853923797607]</MAX_VALUE>
		<MIN_VALUE>[0.09254591912031174, 0.09139031916856766, 0.05901479721069336, 0.02924329973757267, 0.018029864877462387, 0.015392867848277092]</MIN_VALUE>
		<SIGNATURE_THRESHOLD_MD>0</SIGNATURE_THRESHOLD_MD>
		<SIGNATURE_THRESHOLD_ML>0</SIGNATURE_THRESHOLD_ML>
		<SIGNATURE_THRESHOLD_SAM>0</SIGNATURE_THRESHOLD_SAM>
	</signature>
	<signature ID="20200810_101441809294_704">
		<MACROCLASSID>1</MACROCLASSID>
		<MACROCLASSINFO>waterbody</MACROCLASSINFO>
		<CLASSID>6</CLASSID>
		<CLASSINFO>C 1</CLASSINFO>
		<VALUES>[0.08102927595132692, 0.0020711130403364853, 0.07244451539438278, 0.003044628556841522, 0.047361396680601305, 0.004103577437498146, 0.03628109966511609, 0.0119907776313421, 0.022243985024540384, 0.013276451940024392, 0.014669859123446783, 0.009973442176058942]</VALUES>
		<LCS_MIN>[0.07565177232027054, 0.06383735686540604, 0.042055971920490265, 0.02570992335677147, 0.0043805851601064205, 0.0023251420352607965]</LCS_MIN>
		<LCS_MAX>[0.0869145318865776, 0.08526743203401566, 0.07032067328691483, 0.07871062308549881, 0.06125258281826973, 0.057862985879182816]</LCS_MAX>
		<WAVELENGTH>[0.485, 0.56, 0.66, 0.83, 1.65, 2.215]</WAVELENGTH>
		<MEAN_VALUE>[0.08102927595132692, 0.07244451539438278, 0.047361396680601305, 0.03628109966511609, 0.022243985024540384, 0.014669859123446783]</MEAN_VALUE>
		<CHECKBOX>2</CHECKBOX>
		<SD>[0.0020711130403364853, 0.003044628556841522, 0.004103577437498146, 0.0119907776313421, 0.013276451940024392, 0.009973442176058942]</SD>
		<WAVELENGTH_UNIT>E-6m</WAVELENGTH_UNIT>
		<COLOR>#93fce2</COLOR>
		<COVARIANCE_MATRIX>[[4.324959715321686e-06, 3.7348543432947684e-06, 6.345440953183236e-07, -5.721862180516174e-06, -4.34732298152223e-06, -1.8955620071283952e-06], [3.7348543432947684e-06, 9.34637266111122e-06, 3.15888015193569e-06, -6.900538876462055e-06, -5.663234111477115e-06, -6.687053449174782e-07], [6.345440953183236e-07, 3.15888015193569e-06, 1.6978515949060754e-05, 3.3499932478845264e-05, 3.872737624124408e-05, 3.225605029971604e-05], [-5.721862180516174e-06, -6.900538876462055e-06, 3.3499932478845264e-05, 0.0001449670023216848, 0.0001417515521344477, 9.642754764351695e-05], [-4.34732298152223e-06, -5.663234111477115e-06, 3.872737624124408e-05, 0.0001417515521344477, 0.00017772090484400693, 0.00012241200028084774], [-1.8955620071283952e-06, -6.687053449174782e-07, 3.225605029971604e-05, 9.642754764351695e-05, 0.00012241200028084774, 0.00010029161122629212]]</COVARIANCE_MATRIX>
		<ROI_SIZE>122</ROI_SIZE>
		<MAX_VALUE>[0.0869145318865776, 0.08526743203401566, 0.07032067328691483, 0.07871062308549881, 0.06125258281826973, 0.057862985879182816]</MAX_VALUE>
		<MIN_VALUE>[0.07565177232027054, 0.06383735686540604, 0.042055971920490265, 0.02570992335677147, 0.0043805851601064205, 0.0023251420352607965]</MIN_VALUE>
		<SIGNATURE_THRESHOLD_MD>0</SIGNATURE_THRESHOLD_MD>
		<SIGNATURE_THRESHOLD_ML>0</SIGNATURE_THRESHOLD_ML>
		<SIGNATURE_THRESHOLD_SAM>0</SIGNATURE_THRESHOLD_SAM>
	</signature>
	<signature ID="20200810_101454951016_605">
		<MACROCLASSID>1</MACROCLASSID>
		<MACROCLASSINFO>waterbody</MACROCLASSINFO>
		<CLASSID>7</CLASSID>
		<CLASSINFO>C 1</CLASSINFO>
		<VALUES>[0.08881425541332294, 0.001928125793476035, 0.08812318299245187, 0.0033069500956351325, 0.07297939154312164, 0.0069568307767821904, 0.04133118074157872, 0.011784735348147161, 0.019828368846039213, 0.01112789554678715, 0.01468891075166716, 0.009476502592684989]</VALUES>
		<LCS_MIN>[0.08128315210342407, 0.06996022909879684, 0.05336185172200203, 0.02217653952538967, 0.0043805851601064205, 0.0]</LCS_MIN>
		<LCS_MAX>[0.09395375847816467, 0.09751319885253906, 0.09293242543935776, 0.08224400877952576, 0.06352745741605759, 0.05459604784846306]</LCS_MAX>
		<WAVELENGTH>[0.485, 0.56, 0.66, 0.83, 1.65, 2.215]</WAVELENGTH>
		<MEAN_VALUE>[0.08881425541332294, 0.08812318299245187, 0.07297939154312164, 0.04133118074157872, 0.019828368846039213, 0.01468891075166716]</MEAN_VALUE>
		<CHECKBOX>2</CHECKBOX>
		<SD>[0.001928125793476035, 0.0033069500956351325, 0.0069568307767821904, 0.011784735348147161, 0.01112789554678715, 0.009476502592684989]</SD>
		<WAVELENGTH_UNIT>E-6m</WAVELENGTH_UNIT>
		<COLOR>#753006</COLOR>
		<COVARIANCE_MATRIX>[[3.775249151114283e-06, 2.8475082615971875e-06, 3.3039616471975534e-06, 2.0822809184574405e-06, 2.2493617180686396e-06, 2.8589706719149117e-06], [2.8475082615971875e-06, 1.0947901670989428e-05, 1.0493022032755943e-05, -2.648191341999065e-06, -3.064720018580809e-06, -2.2745335615083257e-07], [3.3039616471975534e-06, 1.0493022032755943e-05, 4.537869152707806e-05, 4.1675909270672295e-05, 2.938135339839293e-05, 2.8388671744506543e-05], [2.0822809184574405e-06, -2.648191341999065e-06, 4.1675909270672295e-05, 0.00014993015681866406, 0.00012716022442245528, 0.00010601147213057242], [2.2493617180686396e-06, -3.064720018580809e-06, 2.938135339839293e-05, 0.00012716022442245528, 0.00013682172964713446, 0.0001086459075251061], [2.8589706719149117e-06, -2.2745335615083257e-07, 2.8388671744506543e-05, 0.00010601147213057242, 0.0001086459075251061, 0.00010337290154328202]]</COVARIANCE_MATRIX>
		<ROI_SIZE>1514</ROI_SIZE>
		<MAX_VALUE>[0.09395375847816467, 0.09751319885253906, 0.09293242543935776, 0.08224400877952576, 0.06352745741605759, 0.05459604784846306]</MAX_VALUE>
		<MIN_VALUE>[0.08128315210342407, 0.06996022909879684, 0.05336185172200203, 0.02217653952538967, 0.0043805851601064205, 0.0]</MIN_VALUE>
		<SIGNATURE_THRESHOLD_MD>0</SIGNATURE_THRESHOLD_MD>
		<SIGNATURE_THRESHOLD_ML>0</SIGNATURE_THRESHOLD_ML>
		<SIGNATURE_THRESHOLD_SAM>0</SIGNATURE_THRESHOLD_SAM>
	</signature>
	<signature ID="20200810_101529217595_858">
		<MACROCLASSID>1</MACROCLASSID>
		<MACROCLASSINFO>waterbody</MACROCLASSINFO>
		<CLASSID>8</CLASSID>
		<CLASSINFO>C 1</CLASSINFO>
		<VALUES>[0.10652007272949926, 0.00599660186751093, 0.10647074823026305, 0.008854330743939908, 0.10245867680620264, 0.009171660053562325, 0.11770867528738796, 0.015310755661231313, 0.09411195403447857, 0.016697761666039784, 0.07117270195373783, 0.013482397359701918]</VALUES>
		<LCS_MIN>[0.09254591912031174, 0.08220598846673965, 0.07880008965730667, 0.0928441509604454, 0.058977704495191574, 0.03826139122247696]</LCS_MIN>
		<LCS_MAX>[0.11929497122764587, 0.11894327402114868, 0.1183706596493721, 0.14937824010849, 0.12039946019649506, 0.09379922598600388]</LCS_MAX>
		<WAVELENGTH>[0.485, 0.56, 0.66, 0.83, 1.65, 2.215]</WAVELENGTH>
		<MEAN_VALUE>[0.10652007272949926, 0.10647074823026305, 0.10245867680620264, 0.11770867528738796, 0.09411195403447857, 0.07117270195373783]</MEAN_VALUE>
		<CHECKBOX>2</CHECKBOX>
		<SD>[0.00599660186751093, 0.008854330743939908, 0.009171660053562325, 0.015310755661231313, 0.016697761666039784, 0.013482397359701918]</SD>
		<WAVELENGTH_UNIT>E-6m</WAVELENGTH_UNIT>
		<COLOR>#bc87d1</COLOR>
		<COVARIANCE_MATRIX>[[3.7342281417336926e-05, 4.987234167758424e-05, 4.9853720805356434e-05, -4.2077324444865285e-05, -2.2678756150683194e-05, -1.9196288472473797e-06], [4.987234167758424e-05, 8.141452572781326e-05, 7.612725233157644e-05, -7.111332786178788e-05, -5.8959404172572454e-05, -2.571615580993437e-05], [4.9853720805356434e-05, 7.612725233157644e-05, 8.735470768188436e-05, -5.007717785669439e-05, -2.9044296550566152e-05, 2.57819019704764e-06], [-4.2077324444865285e-05, -7.111332786178788e-05, -5.007717785669439e-05, 0.00024343536349169306, 0.0001995763233831395, 0.00013582300243705525], [-2.2678756150683194e-05, -5.8959404172572454e-05, -2.9044296550566152e-05, 0.0001995763233831395, 0.0002895389079118625, 0.0002144127909664921], [-1.9196288472473797e-06, -2.571615580993437e-05, 2.57819019704764e-06, 0.00013582300243705525, 0.0002144127909664921, 0.00018876638620200873]]</COVARIANCE_MATRIX>
		<ROI_SIZE>27</ROI_SIZE>
		<MAX_VALUE>[0.11929497122764587, 0.11894327402114868, 0.1183706596493721, 0.14937824010849, 0.12039946019649506, 0.09379922598600388]</MAX_VALUE>
		<MIN_VALUE>[0.09254591912031174, 0.08220598846673965, 0.07880008965730667, 0.0928441509604454, 0.058977704495191574, 0.03826139122247696]</MIN_VALUE>
		<SIGNATURE_THRESHOLD_MD>0</SIGNATURE_THRESHOLD_MD>
		<SIGNATURE_THRESHOLD_ML>0</SIGNATURE_THRESHOLD_ML>
		<SIGNATURE_THRESHOLD_SAM>0</SIGNATURE_THRESHOLD_SAM>
	</signature>
	<signature ID="20200810_101658910808_704">
		<MACROCLASSID>1</MACROCLASSID>
		<MACROCLASSINFO>waterbody</MACROCLASSINFO>
		<CLASSID>9</CLASSID>
		<CLASSINFO>C 1</CLASSINFO>
		<VALUES>[0.0961007222533226, 0.003360997145217349, 0.09537018928676846, 0.004340339771052106, 0.08855140060186384, 0.006255057645389277, 0.14381315857172008, 0.02051016346144853, 0.1033947288990021, 0.016685802571670988, 0.06995062632486222, 0.012614755557191704]</VALUES>
		<LCS_MIN>[0.09254591912031174, 0.08832888305187225, 0.07880008965730667, 0.10344429314136505, 0.07717674970626831, 0.0513291135430336]</LCS_MIN>
		<LCS_MAX>[0.10803220421075821, 0.11282040178775787, 0.10706476867198944, 0.17764528095722198, 0.1385985016822815, 0.09706616401672363]</LCS_MAX>
		<WAVELENGTH>[0.485, 0.56, 0.66, 0.83, 1.65, 2.215]</WAVELENGTH>
		<MEAN_VALUE>[0.0961007222533226, 0.09537018928676846, 0.08855140060186384, 0.14381315857172008, 0.1033947288990021, 0.06995062632486222]</MEAN_VALUE>
		<CHECKBOX>2</CHECKBOX>
		<SD>[0.003360997145217349, 0.004340339771052106, 0.006255057645389277, 0.02051016346144853, 0.016685802571670988, 0.012614755557191704]</SD>
		<WAVELENGTH_UNIT>E-6m</WAVELENGTH_UNIT>
		<COLOR>#951c4e</COLOR>
		<COVARIANCE_MATRIX>[[1.1585950574522228e-05, 1.0134099112039763e-05, 1.6483181007740034e-05, 1.0341119699692928e-05, 2.5455114113761046e-05, 2.1145127359267482e-05], [1.0134099112039763e-05, 1.9321589054540216e-05, 2.3207956128595968e-05, 4.407327236623132e-05, 3.780422262785514e-05, 2.9645515782730164e-05], [1.6483181007740034e-05, 2.3207956128595968e-05, 4.012897040732595e-05, 6.359663893999573e-05, 7.197339508952929e-05, 5.810240530865364e-05], [1.0341119699692928e-05, 4.407327236623132e-05, 6.359663893999573e-05, 0.00043145313355419314, 0.00024795738444690035, 0.0001474288076717184], [2.5455114113761046e-05, 3.780422262785514e-05, 7.197339508952929e-05, 0.00024795738444690035, 0.00028555487944695616, 0.00017994669223478748], [2.1145127359267482e-05, 2.9645515782730164e-05, 5.810240530865364e-05, 0.0001474288076717184, 0.00017994669223478748, 0.00016321236694122974]]</COVARIANCE_MATRIX>
		<ROI_SIZE>40</ROI_SIZE>
		<MAX_VALUE>[0.10803220421075821, 0.11282040178775787, 0.10706476867198944, 0.17764528095722198, 0.1385985016822815, 0.09706616401672363]</MAX_VALUE>
		<MIN_VALUE>[0.09254591912031174, 0.08832888305187225, 0.07880008965730667, 0.10344429314136505, 0.07717674970626831, 0.0513291135430336]</MIN_VALUE>
		<SIGNATURE_THRESHOLD_MD>0</SIGNATURE_THRESHOLD_MD>
		<SIGNATURE_THRESHOLD_ML>0</SIGNATURE_THRESHOLD_ML>
		<SIGNATURE_THRESHOLD_SAM>0</SIGNATURE_THRESHOLD_SAM>
	</signature>
	<signature ID="20200810_101710961675_153">
		<MACROCLASSID>1</MACROCLASSID>
		<MACROCLASSINFO>waterbody</MACROCLASSINFO>
		<CLASSID>10</CLASSID>
		<CLASSINFO>C 1</CLASSINFO>
		<VALUES>[0.09636720482792173, 0.0022635358451723805, 0.09634693605559212, 0.004768684083219101, 0.08431842994122278, 0.006949523202611711, 0.11656827160290309, 0.020199153350900282, 0.0741435635302748, 0.014964118199759064, 0.047595479215184845, 0.012843560839405414]</VALUES>
		<LCS_MIN>[0.09254591912031174, 0.08832888305187225, 0.07597360759973526, 0.08224400877952576, 0.04532841965556145, 0.02846059389412403]</LCS_MIN>
		<LCS_MAX>[0.10099297761917114, 0.10363608598709106, 0.09858537465333939, 0.15291160345077515, 0.09992553293704987, 0.07093070447444916]</LCS_MAX>
		<WAVELENGTH>[0.485, 0.56, 0.66, 0.83, 1.65, 2.215]</WAVELENGTH>
		<MEAN_VALUE>[0.09636720482792173, 0.09634693605559212, 0.08431842994122278, 0.11656827160290309, 0.0741435635302748, 0.047595479215184845]</MEAN_VALUE>
		<CHECKBOX>2</CHECKBOX>
		<SD>[0.0022635358451723805, 0.004768684083219101, 0.006949523202611711, 0.020199153350900282, 0.014964118199759064, 0.012843560839405414]</SD>
		<WAVELENGTH_UNIT>E-6m</WAVELENGTH_UNIT>
		<COLOR>#b23aa0</COLOR>
		<COVARIANCE_MATRIX>[[5.379774248499241e-06, 8.558488979995165e-06, 1.307459627898474e-05, 1.598928077465192e-05, 2.017685487108218e-05, 2.4179313141017148e-05], [8.558488979995165e-06, 2.387736527982457e-05, 3.141888614043932e-05, 4.7982188761624186e-05, 3.5982808882976755e-05, 4.3435179527455415e-05], [1.307459627898474e-05, 3.141888614043932e-05, 5.071066638082047e-05, 7.625780873708702e-05, 6.708505925426187e-05, 7.796031661217888e-05], [1.598928077465192e-05, 4.7982188761624186e-05, 7.625780873708702e-05, 0.00042840608589784547, 0.00010328850922300486, 8.319425944682685e-05], [2.017685487108218e-05, 3.5982808882976755e-05, 6.708505925426187e-05, 0.00010328850922300486, 0.00023512107517117845, 0.00016684561192474093], [2.4179313141017148e-05, 4.3435179527455415e-05, 7.796031661217888e-05, 8.319425944682685e-05, 0.00016684561192474093, 0.0001732049077872837]]</COVARIANCE_MATRIX>
		<ROI_SIZE>21</ROI_SIZE>
		<MAX_VALUE>[0.10099297761917114, 0.10363608598709106, 0.09858537465333939, 0.15291160345077515, 0.09992553293704987, 0.07093070447444916]</MAX_VALUE>
		<MIN_VALUE>[0.09254591912031174, 0.08832888305187225, 0.07597360759973526, 0.08224400877952576, 0.04532841965556145, 0.02846059389412403]</MIN_VALUE>
		<SIGNATURE_THRESHOLD_MD>0</SIGNATURE_THRESHOLD_MD>
		<SIGNATURE_THRESHOLD_ML>0</SIGNATURE_THRESHOLD_ML>
		<SIGNATURE_THRESHOLD_SAM>0</SIGNATURE_THRESHOLD_SAM>
	</signature>
	<signature ID="20200810_101723271699_628">
		<MACROCLASSID>1</MACROCLASSID>
		<MACROCLASSINFO>waterbody</MACROCLASSINFO>
		<CLASSID>11</CLASSID>
		<CLASSINFO>C 1</CLASSINFO>
		<VALUES>[0.09721402823925018, 0.0032954448896549055, 0.09106805959814471, 0.005245962023324755, 0.084006734976643, 0.007849197617583062, 0.11199878705175301, 0.015605753924101259, 0.0988479617394899, 0.016673952668211277, 0.07746457112462897, 0.012223739286568606]</VALUES>
		<LCS_MIN>[0.08832237869501114, 0.07914455235004425, 0.06749420613050461, 0.07871062308549881, 0.06580233573913574, 0.0513291135430336]</LCS_MIN>
		<LCS_MAX>[0.10099297761917114, 0.10057462751865387, 0.09575889259576797, 0.1423114687204361, 0.12267434597015381, 0.09379922598600388]</LCS_MAX>
		<WAVELENGTH>[0.485, 0.56, 0.66, 0.83, 1.65, 2.215]</WAVELENGTH>
		<MEAN_VALUE>[0.09721402823925018, 0.09106805959814471, 0.084006734976643, 0.11199878705175301, 0.0988479617394899, 0.07746457112462897]</MEAN_VALUE>
		<CHECKBOX>2</CHECKBOX>
		<SD>[0.0032954448896549055, 0.005245962023324755, 0.007849197617583062, 0.015605753924101259, 0.016673952668211277, 0.012223739286568606]</SD>
		<WAVELENGTH_UNIT>E-6m</WAVELENGTH_UNIT>
		<COLOR>#957dba</COLOR>
		<COVARIANCE_MATRIX>[[1.1463287966349976e-05, 1.5236336245323512e-05, 2.1874117511635115e-05, 2.6108561484883275e-05, 3.911570814132033e-05, 2.8618047622281433e-05], [1.5236336245323512e-05, 2.9049012969619162e-05, 3.9748451541550684e-05, 5.339032944582521e-05, 5.883095245207185e-05, 4.000608941150046e-05], [2.1874117511635115e-05, 3.9748451541550684e-05, 6.503267564208675e-05, 0.00010168038966007957, 7.200713685940489e-05, 5.386432704231375e-05], [2.6108561484883275e-05, 5.339032944582521e-05, 0.00010168038966007957, 0.00025706953084735757, 0.00011511750488058652, 9.10638969691793e-05], [3.911570814132033e-05, 5.883095245207185e-05, 7.200713685940489e-05, 0.00011511750488058652, 0.00029346629189184716, 0.00020437660462996243], [2.8618047622281433e-05, 4.000608941150046e-05, 5.386432704231375e-05, 9.10638969691793e-05, 0.00020437660462996243, 0.00015772090226522307]]</COVARIANCE_MATRIX>
		<ROI_SIZE>19</ROI_SIZE>
		<MAX_VALUE>[0.10099297761917114, 0.10057462751865387, 0.09575889259576797, 0.1423114687204361, 0.12267434597015381, 0.09379922598600388]</MAX_VALUE>
		<MIN_VALUE>[0.08832237869501114, 0.07914455235004425, 0.06749420613050461, 0.07871062308549881, 0.06580233573913574, 0.0513291135430336]</MIN_VALUE>
		<SIGNATURE_THRESHOLD_MD>0</SIGNATURE_THRESHOLD_MD>
		<SIGNATURE_THRESHOLD_ML>0</SIGNATURE_THRESHOLD_ML>
		<SIGNATURE_THRESHOLD_SAM>0</SIGNATURE_THRESHOLD_SAM>
	</signature>
	<signature ID="20200810_101733076989_784">
		<MACROCLASSID>1</MACROCLASSID>
		<MACROCLASSINFO>waterbody</MACROCLASSINFO>
		<CLASSID>12</CLASSID>
		<CLASSINFO>C 1</CLASSINFO>
		<VALUES>[0.09244711670959205, 0.0022041740550910066, 0.08623420590894265, 0.0019155588952350904, 0.06342805353434462, 0.003818534850825639, 0.045298485510181966, 0.00491163768692151, 0.027927586253274947, 0.00536461542363473, 0.02123895540768117, 0.004923720526587501]</VALUES>
		<LCS_MIN>[0.08832237869501114, 0.08220598846673965, 0.05901479721069336, 0.03631005808711052, 0.018029864877462387, 0.008859005756676197]</LCS_MIN>
		<LCS_MAX>[0.09676944464445114, 0.09139031916856766, 0.07597360759973526, 0.06457710266113281, 0.0476032979786396, 0.03826139122247696]</LCS_MAX>
		<WAVELENGTH>[0.485, 0.56, 0.66, 0.83, 1.65, 2.215]</WAVELENGTH>
		<MEAN_VALUE>[0.09244711670959205, 0.08623420590894265, 0.06342805353434462, 0.045298485510181966, 0.027927586253274947, 0.02123895540768117]</MEAN_VALUE>
		<CHECKBOX>2</CHECKBOX>
		<SD>[0.0022041740550910066, 0.0019155588952350904, 0.003818534850825639, 0.00491163768692151, 0.00536461542363473, 0.004923720526587501]</SD>
		<WAVELENGTH_UNIT>E-6m</WAVELENGTH_UNIT>
		<COLOR>#90b46b</COLOR>
		<COVARIANCE_MATRIX>[[4.945140109156599e-06, 1.713488109599166e-06, 4.920437604457134e-06, 2.858132964158078e-06, 3.4545225326989645e-06, 3.380342477064247e-06], [1.713488109599166e-06, 3.73489027184846e-06, 4.310277042287745e-06, 3.903975185512861e-06, 3.3185752168059745e-06, 4.248772737605659e-06], [4.920437604457134e-06, 4.310277042287745e-06, 1.4841587128522997e-05, 8.6666576608296e-06, 7.551883182720401e-06, 9.520267267275276e-06], [2.858132964158078e-06, 3.903975185512861e-06, 8.6666576608296e-06, 2.455497378129461e-05, 1.1644047121667996e-05, 1.1857937241880605e-05], [3.4545225326989645e-06, 3.3185752168059745e-06, 7.551883182720401e-06, 1.1644047121667996e-05, 2.9293011119276424e-05, 1.4891691569027136e-05], [3.380342477064247e-06, 4.248772737605659e-06, 9.520267267275276e-06, 1.1857937241880605e-05, 1.4891691569027136e-05, 2.4675934963652293e-05]]</COVARIANCE_MATRIX>
		<ROI_SIZE>57</ROI_SIZE>
		<MAX_VALUE>[0.09676944464445114, 0.09139031916856766, 0.07597360759973526, 0.06457710266113281, 0.0476032979786396, 0.03826139122247696]</MAX_VALUE>
		<MIN_VALUE>[0.08832237869501114, 0.08220598846673965, 0.05901479721069336, 0.03631005808711052, 0.018029864877462387, 0.008859005756676197]</MIN_VALUE>
		<SIGNATURE_THRESHOLD_MD>0</SIGNATURE_THRESHOLD_MD>
		<SIGNATURE_THRESHOLD_ML>0</SIGNATURE_THRESHOLD_ML>
		<SIGNATURE_THRESHOLD_SAM>0</SIGNATURE_THRESHOLD_SAM>
	</signature>
	<signature ID="20200810_101744915699_236">
		<MACROCLASSID>1</MACROCLASSID>
		<MACROCLASSINFO>waterbody</MACROCLASSINFO>
		<CLASSID>13</CLASSID>
		<CLASSINFO>C 1</CLASSINFO>
		<VALUES>[0.09870793807965061, 0.0016590470980699875, 0.08665685917322455, 0.0022500639367037897, 0.05010054372251035, 0.003221938538143944, 0.038131110714032086, 0.00599690008984023, 0.023629568030054747, 0.00694693429061308, 0.016171905484337074, 0.005684602596256729]</VALUES>
		<LCS_MIN>[0.09395375847816467, 0.07914455235004425, 0.04488244280219078, 0.02924329973757267, 0.011205224320292473, 0.005592073313891888]</LCS_MIN>
		<LCS_MAX>[0.10240081697702408, 0.09139031916856766, 0.0646677315235138, 0.06104372441768646, 0.04305354133248329, 0.03172752633690834]</LCS_MAX>
		<WAVELENGTH>[0.485, 0.56, 0.66, 0.83, 1.65, 2.215]</WAVELENGTH>
		<MEAN_VALUE>[0.09870793807965061, 0.08665685917322455, 0.05010054372251035, 0.038131110714032086, 0.023629568030054747, 0.016171905484337074]</MEAN_VALUE>
		<CHECKBOX>2</CHECKBOX>
		<SD>[0.0016590470980699875, 0.0022500639367037897, 0.003221938538143944, 0.00599690008984023, 0.00694693429061308, 0.005684602596256729]</SD>
		<WAVELENGTH_UNIT>E-6m</WAVELENGTH_UNIT>
		<COLOR>#fa87cf</COLOR>
		<COVARIANCE_MATRIX>[[2.773773996665728e-06, 5.266130168855379e-07, -6.31172851909046e-07, -1.1666357324087417e-06, -2.7214151570876134e-06, -1.7357855315104963e-06], [5.266130168855379e-07, 5.1020341356832865e-06, 2.755363772272836e-06, 3.823126816416012e-06, 3.4967431174833254e-06, 2.9408198765866952e-06], [-6.31172851909046e-07, 2.755363772272836e-06, 1.0461359943139759e-05, 1.2410790334061967e-05, 1.331985540860229e-05, 9.718428255391103e-06], [-1.1666357324087417e-06, 3.823126816416012e-06, 1.2410790334061967e-05, 3.624159216572366e-05, 2.517811433989685e-05, 2.0225233733123815e-05], [-2.7214151570876134e-06, 3.4967431174833254e-06, 1.331985540860229e-05, 2.517811433989685e-05, 4.8634003759321415e-05, 3.2302291469472794e-05], [-1.7357855315104963e-06, 2.9408198765866952e-06, 9.718428255391103e-06, 2.0225233733123815e-05, 3.2302291469472794e-05, 3.2565208279518914e-05]]</COVARIANCE_MATRIX>
		<ROI_SIZE>130</ROI_SIZE>
		<MAX_VALUE>[0.10240081697702408, 0.09139031916856766, 0.0646677315235138, 0.06104372441768646, 0.04305354133248329, 0.03172752633690834]</MAX_VALUE>
		<MIN_VALUE>[0.09395375847816467, 0.07914455235004425, 0.04488244280219078, 0.02924329973757267, 0.011205224320292473, 0.005592073313891888]</MIN_VALUE>
		<SIGNATURE_THRESHOLD_MD>0</SIGNATURE_THRESHOLD_MD>
		<SIGNATURE_THRESHOLD_ML>0</SIGNATURE_THRESHOLD_ML>
		<SIGNATURE_THRESHOLD_SAM>0</SIGNATURE_THRESHOLD_SAM>
	</signature>
	<signature ID="20200810_101756701646_564">
		<MACROCLASSID>1</MACROCLASSID>
		<MACROCLASSINFO>waterbody</MACROCLASSINFO>
		<CLASSID>14</CLASSID>
		<CLASSINFO>C 1</CLASSINFO>
		<VALUES>[0.09178095685608811, 0.002709789324904707, 0.0903108486464258, 0.00600446006744897, 0.0559595930739979, 0.006406778043783875, 0.03780102554299583, 0.006839442463739161, 0.02079127878596672, 0.006450783925831951, 0.014278712450941174, 0.005861344223535293]</VALUES>
		<LCS_MIN>[0.0869145318865776, 0.08220598846673965, 0.047708913683891296, 0.02570992335677147, 0.011205224320292473, 0.005592073313891888]</LCS_MIN>
		<LCS_MAX>[0.0995851382613182, 0.10669752955436707, 0.07880008965730667, 0.06457710266113281, 0.040778663009405136, 0.0349944606423378]</LCS_MAX>
		<WAVELENGTH>[0.485, 0.56, 0.66, 0.83, 1.65, 2.215]</WAVELENGTH>
		<MEAN_VALUE>[0.09178095685608811, 0.0903108486464258, 0.0559595930739979, 0.03780102554299583, 0.02079127878596672, 0.014278712450941174]</MEAN_VALUE>
		<CHECKBOX>2</CHECKBOX>
		<SD>[0.002709789324904707, 0.00600446006744897, 0.006406778043783875, 0.006839442463739161, 0.006450783925831951, 0.005861344223535293]</SD>
		<WAVELENGTH_UNIT>E-6m</WAVELENGTH_UNIT>
		<COLOR>#097c7f</COLOR>
		<COVARIANCE_MATRIX>[[7.3856498027242395e-06, 1.2826250846378915e-05, 1.264084120318202e-05, 4.877992574059864e-06, 2.7763537994442442e-06, -5.898301211142325e-07], [1.2826250846378915e-05, 3.626315431031948e-05, 3.3055902932483097e-05, 1.3379400100668483e-05, 9.476706203314138e-06, 2.337360670704917e-06], [1.264084120318202e-05, 3.3055902932483097e-05, 4.128544911685966e-05, 2.6413708798058166e-05, 1.805577906663718e-05, 1.0427064160784679e-05], [4.877992574059864e-06, 1.3379400100668483e-05, 2.6413708798058166e-05, 4.7049938175349544e-05, 3.3011351397562245e-05, 2.6502369575219486e-05], [2.7763537994442442e-06, 9.476706203314138e-06, 1.805577906663718e-05, 3.3011351397562245e-05, 4.185454705578223e-05, 2.8457970269814006e-05], [-5.898301211142325e-07, 2.337360670704917e-06, 1.0427064160784679e-05, 2.6502369575219486e-05, 2.8457970269814006e-05, 3.4555096549251765e-05]]</COVARIANCE_MATRIX>
		<ROI_SIZE>173</ROI_SIZE>
		<MAX_VALUE>[0.0995851382613182, 0.10669752955436707, 0.07880008965730667, 0.06457710266113281, 0.040778663009405136, 0.0349944606423378]</MAX_VALUE>
		<MIN_VALUE>[0.0869145318865776, 0.08220598846673965, 0.047708913683891296, 0.02570992335677147, 0.011205224320292473, 0.005592073313891888]</MIN_VALUE>
		<SIGNATURE_THRESHOLD_MD>0</SIGNATURE_THRESHOLD_MD>
		<SIGNATURE_THRESHOLD_ML>0</SIGNATURE_THRESHOLD_ML>
		<SIGNATURE_THRESHOLD_SAM>0</SIGNATURE_THRESHOLD_SAM>
	</signature>
	<signature ID="20200810_101807949124_946">
		<MACROCLASSID>1</MACROCLASSID>
		<MACROCLASSINFO>waterbody</MACROCLASSINFO>
		<CLASSID>15</CLASSID>
		<CLASSINFO>C 1</CLASSINFO>
		<VALUES>[0.09313365480192175, 0.0021979366099146224, 0.07780278232284471, 0.0030920786509876434, 0.04618787275169991, 0.0038722023209024122, 0.03631006173748165, 0.006202899903652671, 0.02172141658056957, 0.007256084523503101, 0.014968249892903782, 0.006332548159431555]</VALUES>
		<LCS_MIN>[0.08269099146127701, 0.06383735686540604, 0.03922950476408005, 0.02217653952538967, 0.008930345065891743, 0.0]</LCS_MIN>
		<LCS_MAX>[0.10099297761917114, 0.08832888305187225, 0.06749420613050461, 0.06104372441768646, 0.04532841965556145, 0.04152832552790642]</LCS_MAX>
		<WAVELENGTH>[0.485, 0.56, 0.66, 0.83, 1.65, 2.215]</WAVELENGTH>
		<MEAN_VALUE>[0.09313365480192175, 0.07780278232284471, 0.04618787275169991, 0.03631006173748165, 0.02172141658056957, 0.014968249892903782]</MEAN_VALUE>
		<CHECKBOX>2</CHECKBOX>
		<SD>[0.0021979366099146224, 0.0030920786509876434, 0.0038722023209024122, 0.006202899903652671, 0.007256084523503101, 0.006332548159431555]</SD>
		<WAVELENGTH_UNIT>E-6m</WAVELENGTH_UNIT>
		<COLOR>#ab3635</COLOR>
		<COVARIANCE_MATRIX>[[4.837634959732344e-06, 3.788773380968711e-06, 3.8077974583954548e-06, 3.3784805570314597e-06, 3.5832323893978564e-06, 3.0268326499327782e-06], [3.788773380968711e-06, 9.574229481649e-06, 8.195749035885636e-06, 8.99933694277681e-06, 9.738447278611644e-06, 9.006246005660932e-06], [3.8077974583954548e-06, 8.195749035885636e-06, 1.5014775745688115e-05, 1.79211093859302e-05, 1.744663903759421e-05, 1.6437663929371752e-05], [3.3784805570314597e-06, 8.99933694277681e-06, 1.79211093859302e-05, 3.8529406058088165e-05, 3.1772488218631965e-05, 2.6327329980168963e-05], [3.5832323893978564e-06, 9.738447278611644e-06, 1.744663903759421e-05, 3.1772488218631965e-05, 5.2723888671404846e-05, 3.620750254324736e-05], [3.0268326499327782e-06, 9.006246005660932e-06, 1.6437663929371752e-05, 2.6327329980168963e-05, 3.620750254324736e-05, 4.0156862255674846e-05]]</COVARIANCE_MATRIX>
		<ROI_SIZE>721</ROI_SIZE>
		<MAX_VALUE>[0.10099297761917114, 0.08832888305187225, 0.06749420613050461, 0.06104372441768646, 0.04532841965556145, 0.04152832552790642]</MAX_VALUE>
		<MIN_VALUE>[0.08269099146127701, 0.06383735686540604, 0.03922950476408005, 0.02217653952538967, 0.008930345065891743, 0.0]</MIN_VALUE>
		<SIGNATURE_THRESHOLD_MD>0</SIGNATURE_THRESHOLD_MD>
		<SIGNATURE_THRESHOLD_ML>0</SIGNATURE_THRESHOLD_ML>
		<SIGNATURE_THRESHOLD_SAM>0</SIGNATURE_THRESHOLD_SAM>
	</signature>
	<signature ID="20200810_101833460662_407">
		<MACROCLASSID>1</MACROCLASSID>
		<MACROCLASSINFO>waterbody</MACROCLASSINFO>
		<CLASSID>16</CLASSID>
		<CLASSINFO>C 1</CLASSINFO>
		<VALUES>[0.10722771792539532, 0.0023924063757891022, 0.10073864034243991, 0.002799867304883709, 0.0759231425555689, 0.006125102859982641, 0.056500808069748554, 0.010761163846252872, 0.03683824441395701, 0.01322627922031509, 0.029627355148217512, 0.012431348005122087]</VALUES>
		<LCS_MIN>[0.10240081697702408, 0.09445175528526306, 0.06749420613050461, 0.04337681829929352, 0.015754982829093933, 0.015392867848277092]</LCS_MIN>
