<?xml version="1.0" ?>
<signaturelist MCID_LIST="[['1', 'waterbody', '#0000ff'], ['2', 'vegetation', '#00ff00'], ['3', 'bareland', '#ffaa00'], ['4', 'built-up', '#ff0000']]">
	<signature ID="20210118_111052465310_513">
		<MACROCLASSID>1</MACROCLASSID>
		<MACROCLASSINFO>waterbody</MACROCLASSINFO>
		<CLASSID>1</CLASSID>
		<CLASSINFO>C 1</CLASSINFO>
		<VALUES>[0.09915015739667105, 0.0016523328428639425, 0.10539801732632469, 0.0036991119971367874, 0.06359810482782803, 0.00648457269148482, 0.030594719319584743, 0.003428211026491342, 0.012321600911090143, 0.004913729641357557, 0.00823710917010723, 0.0043139341824406305]</VALUES>
		<LCS_MIN>[0.09254591912031174, 0.09445175528526306, 0.05336185172200203, 0.018643159419298172, 0.0, 0.0]</LCS_MIN>
		<LCS_MAX>[0.10803220421075821, 0.12200472503900528, 0.0844530239701271, 0.05751034617424011, 0.040778663009405136, 0.0349944606423378]</LCS_MAX>
		<WAVELENGTH>[0.485, 0.56, 0.66, 0.83, 1.65, 2.215]</WAVELENGTH>
		<MEAN_VALUE>[0.09915015739667105, 0.10539801732632469, 0.06359810482782803, 0.030594719319584743, 0.012321600911090143, 0.00823710917010723]</MEAN_VALUE>
		<CHECKBOX>2</CHECKBOX>
		<SD>[0.0016523328428639425, 0.0036991119971367874, 0.00648457269148482, 0.003428211026491342, 0.004913729641357557, 0.0043139341824406305]</SD>
		<WAVELENGTH_UNIT>E-6m</WAVELENGTH_UNIT>
		<COLOR>#43b712</COLOR>
		<COVARIANCE_MATRIX>[[2.7313069494994124e-06, 6.491528381502576e-08, -1.606967771294876e-06, 1.4187970975854114e-07, -3.127066747765639e-07, 5.952974557743573e-09], [6.491528381502576e-08, 1.3688958460988943e-05, 1.71847077581333e-05, 3.35652771354944e-06, 3.1812496672500856e-06, 2.1254093098832527e-06], [-1.606967771294876e-06, 1.71847077581333e-05, 4.206667290418409e-05, 1.1925383660127409e-05, 1.5160294424276799e-05, 1.0899400876951404e-05], [1.4187970975854114e-07, 3.35652771354944e-06, 1.1925383660127409e-05, 1.1757379070331808e-05, 1.0275816748617217e-05, 7.99253029981628e-06], [-3.127066747765639e-07, 3.1812496672500856e-06, 1.5160294424276799e-05, 1.0275816748617217e-05, 2.415449489490129e-05, 1.543344660603907e-05], [5.952974557743573e-09, 2.1254093098832527e-06, 1.0899400876951404e-05, 7.99253029981628e-06, 1.543344660603907e-05, 1.8617547539179213e-05]]</COVARIANCE_MATRIX>
		<ROI_SIZE>2476</ROI_SIZE>
		<MAX_VALUE>[0.10803220421075821, 0.12200472503900528, 0.0844530239701271, 0.05751034617424011, 0.040778663009405136, 0.0349944606423378]</MAX_VALUE>
		<MIN_VALUE>[0.09254591912031174, 0.09445175528526306, 0.05336185172200203, 0.018643159419298172, 0.0, 0.0]</MIN_VALUE>
		<SIGNATURE_THRESHOLD_MD>0.0</SIGNATURE_THRESHOLD_MD>
		<SIGNATURE_THRESHOLD_ML>0.0</SIGNATURE_THRESHOLD_ML>
		<SIGNATURE_THRESHOLD_SAM>0.0</SIGNATURE_THRESHOLD_SAM>
	</signature>
	<signature ID="20210118_111102038805_352">
		<MACROCLASSID>1</MACROCLASSID>
		<MACROCLASSINFO>waterbody</MACROCLASSINFO>
		<CLASSID>2</CLASSID>
		<CLASSINFO>C 1</CLASSINFO>
		<VALUES>[0.0946791425983353, 0.0015428491286433254, 0.10754688829183572, 0.0021763010527210778, 0.09707734159125783, 0.004612872488994876, 0.0427735617793188, 0.0066860362564334, 0.01748195063129704, 0.007140939485696769, 0.012554223567571085, 0.006278273334966399]</VALUES>
		<LCS_MIN>[0.08973021805286407, 0.09751319885253906, 0.08727948367595673, 0.03277668356895447, 0.0043805851601064205, 0.0023251420352607965]</LCS_MIN>
		<LCS_MAX>[0.0995851382613182, 0.11282040178775787, 0.11554419249296188, 0.07164386659860611, 0.04305354133248329, 0.0349944606423378]</LCS_MAX>
		<WAVELENGTH>[0.485, 0.56, 0.66, 0.83, 1.65, 2.215]</WAVELENGTH>
		<MEAN_VALUE>[0.0946791425983353, 0.10754688829183572, 0.09707734159125783, 0.0427735617793188, 0.01748195063129704, 0.012554223567571085]</MEAN_VALUE>
		<CHECKBOX>2</CHECKBOX>
		<SD>[0.0015428491286433254, 0.0021763010527210778, 0.004612872488994876, 0.0066860362564334, 0.007140939485696769, 0.006278273334966399]</SD>
		<WAVELENGTH_UNIT>E-6m</WAVELENGTH_UNIT>
		<COLOR>#bdb589</COLOR>
		<COVARIANCE_MATRIX>[[2.387662789260503e-06, 5.814297310280381e-07, 1.4014632370162872e-06, 6.06264677571744e-07, -4.338403130077495e-07, -2.553640285896108e-07], [5.814297310280381e-07, 4.7507701310678385e-06, 3.7986578718118835e-06, -5.11538132741407e-07, -1.2583290072143427e-06, -4.872280783274618e-07], [1.4014632370162872e-06, 3.7986578718118835e-06, 2.1343665139283985e-05, 1.713737401587423e-05, 1.1303423889330588e-05, 1.0135867341887206e-05], [6.06264677571744e-07, -5.11538132741407e-07, 1.713737401587423e-05, 4.4839787733508274e-05, 3.4696506190812215e-05, 2.948809378722217e-05], [-4.338403130077495e-07, -1.2583290072143427e-06, 1.1303423889330588e-05, 3.4696506190812215e-05, 5.114895975566469e-05, 3.7758400139864534e-05], [-2.553640285896108e-07, -4.872280783274618e-07, 1.0135867341887206e-05, 2.948809378722217e-05, 3.7758400139864534e-05, 3.9537255361210555e-05]]</COVARIANCE_MATRIX>
		<ROI_SIZE>328</ROI_SIZE>
		<MAX_VALUE>[0.0995851382613182, 0.11282040178775787, 0.11554419249296188, 0.07164386659860611, 0.04305354133248329, 0.0349944606423378]</MAX_VALUE>
		<MIN_VALUE>[0.08973021805286407, 0.09751319885253906, 0.08727948367595673, 0.03277668356895447, 0.0043805851601064205, 0.0023251420352607965]</MIN_VALUE>
		<SIGNATURE_THRESHOLD_MD>0.0</SIGNATURE_THRESHOLD_MD>
		<SIGNATURE_THRESHOLD_ML>0.0</SIGNATURE_THRESHOLD_ML>
		<SIGNATURE_THRESHOLD_SAM>0.0</SIGNATURE_THRESHOLD_SAM>
	</signature>
	<signature ID="20210118_111110032450_454">
		<MACROCLASSID>1</MACROCLASSID>
		<MACROCLASSINFO>waterbody</MACROCLASSINFO>
		<CLASSID>3</CLASSID>
		<CLASSINFO>C 1</CLASSINFO>
		<VALUES>[0.09116357257184769, 0.001952589575293694, 0.09456267777452437, 0.005294998643761442, 0.07042308130126065, 0.010035910801242394, 0.038947294466197484, 0.006786756812243502, 0.0217141802220241, 0.006953991322059178, 0.0159965402833051, 0.006649944390768368]</VALUES>
		<LCS_MIN>[0.08409883826971054, 0.07914455235004425, 0.05336185172200203, 0.02570992335677147, 0.006655464414507151, 0.0023251420352607965]</LCS_MIN>
		<LCS_MAX>[0.0953616052865982, 0.10669752955436707, 0.09293242543935776, 0.06457710266113281, 0.04532841965556145, 0.03826139122247696]</LCS_MAX>
		<WAVELENGTH>[0.485, 0.56, 0.66, 0.83, 1.65, 2.215]</WAVELENGTH>
		<MEAN_VALUE>[0.09116357257184769, 0.09456267777452437, 0.07042308130126065, 0.038947294466197484, 0.0217141802220241, 0.0159965402833051]</MEAN_VALUE>
		<CHECKBOX>2</CHECKBOX>
		<SD>[0.001952589575293694, 0.005294998643761442, 0.010035910801242394, 0.006786756812243502, 0.006953991322059178, 0.006649944390768368]</SD>
		<WAVELENGTH_UNIT>E-6m</WAVELENGTH_UNIT>
		<COLOR>#3bc4a3</COLOR>
		<COVARIANCE_MATRIX>[[3.8264702197921e-06, 5.388624686020194e-06, 7.926912076072767e-06, 5.912012923658949e-08, -9.561171054883744e-07, -1.9942233109304652e-07], [5.388624686020194e-06, 2.8138963898527436e-05, 4.463840741664171e-05, 8.8715487436275e-06, 7.101716903434863e-08, 1.605774059498799e-06], [7.926912076072767e-06, 4.463840741664171e-05, 0.00010108575952472165, 3.332155029056594e-05, 1.1428918696765322e-05, 1.4477123841061257e-05], [5.912012923658949e-08, 8.8715487436275e-06, 3.332155029056594e-05, 4.6227560233091936e-05, 2.8333846785244532e-05, 2.6567868189886212e-05], [-9.561171054883744e-07, 7.101716903434863e-08, 1.1428918696765322e-05, 2.8333846785244532e-05, 4.85338423459325e-05, 3.5035274777328596e-05], [-1.9942233109304652e-07, 1.605774059498799e-06, 1.4477123841061257e-05, 2.6567868189886212e-05, 3.5035274777328596e-05, 4.438256655703299e-05]]</COVARIANCE_MATRIX>
		<ROI_SIZE>276</ROI_SIZE>
		<MAX_VALUE>[0.0953616052865982, 0.10669752955436707, 0.09293242543935776, 0.06457710266113281, 0.04532841965556145, 0.03826139122247696]</MAX_VALUE>
		<MIN_VALUE>[0.08409883826971054, 0.07914455235004425, 0.05336185172200203, 0.02570992335677147, 0.006655464414507151, 0.0023251420352607965]</MIN_VALUE>
		<SIGNATURE_THRESHOLD_MD>0.0</SIGNATURE_THRESHOLD_MD>
		<SIGNATURE_THRESHOLD_ML>0.0</SIGNATURE_THRESHOLD_ML>
		<SIGNATURE_THRESHOLD_SAM>0.0</SIGNATURE_THRESHOLD_SAM>
	</signature>
	<signature ID="20210118_111116714124_219">
		<MACROCLASSID>1</MACROCLASSID>
		<MACROCLASSINFO>waterbody</MACROCLASSINFO>
		<CLASSID>4</CLASSID>
		<CLASSINFO>C 1</CLASSINFO>
		<VALUES>[0.09588709304467216, 0.001869403637233569, 0.09241364104543558, 0.004640621311003321, 0.057597622783818296, 0.006493412189987877, 0.034095547961014015, 0.004658323190712857, 0.020745145321063568, 0.006565232330614018, 0.015133515627494395, 0.006314596857473314]</VALUES>
		<LCS_MIN>[0.08973021805286407, 0.08526743203401566, 0.047708913683891296, 0.02217653952538967, 0.0043805851601064205, 0.0023251420352607965]</LCS_MIN>
		<LCS_MAX>[0.10240081697702408, 0.10975895822048187, 0.07597360759973526, 0.05751034617424011, 0.04305354133248329, 0.03826139122247696]</LCS_MAX>
		<WAVELENGTH>[0.485, 0.56, 0.66, 0.83, 1.65, 2.215]</WAVELENGTH>
		<MEAN_VALUE>[0.09588709304467216, 0.09241364104543558, 0.057597622783818296, 0.034095547961014015, 0.020745145321063568, 0.015133515627494395]</MEAN_VALUE>
		<CHECKBOX>2</CHECKBOX>
		<SD>[0.001869403637233569, 0.004640621311003321, 0.006493412189987877, 0.004658323190712857, 0.006565232330614018, 0.006314596857473314]</SD>
		<WAVELENGTH_UNIT>E-6m</WAVELENGTH_UNIT>
		<COLOR>#dc2249</COLOR>
		<COVARIANCE_MATRIX>[[3.3040830658137565e-06, 3.2629336601530667e-06, 2.389487008258584e-06, 1.1548576139830402e-06, 1.3970011423225515e-06, 9.597422376828035e-07], [3.2629336601530667e-06, 2.262463931401726e-05, 2.363916973990854e-05, 9.232277079718187e-06, 1.6168072761502117e-05, 1.336680452368455e-05], [2.389487008258584e-06, 2.363916973990854e-05, 3.9285125239985064e-05, 1.8212864233646542e-05, 2.7473979571368545e-05, 2.4443239453830756e-05], [1.1548576139830402e-06, 9.232277079718187e-06, 1.8212864233646542e-05, 1.9347080524312332e-05, 1.898855589388404e-05, 1.7156802641693503e-05], [1.3970011423225515e-06, 1.6168072761502117e-05, 2.7473979571368545e-05, 1.898855589388404e-05, 4.4910761062055826e-05, 3.405275128898211e-05], [9.597422376828035e-07, 1.336680452368455e-05, 2.4443239453830756e-05, 1.7156802641693503e-05, 3.405275128898211e-05, 3.985773946624249e-05]]</COVARIANCE_MATRIX>
		<ROI_SIZE>1485</ROI_SIZE>
		<MAX_VALUE>[0.10240081697702408, 0.10975895822048187, 0.07597360759973526, 0.05751034617424011, 0.04305354133248329, 0.03826139122247696]</MAX_VALUE>
		<MIN_VALUE>[0.08973021805286407, 0.08526743203401566, 0.047708913683891296, 0.02217653952538967, 0.0043805851601064205, 0.0023251420352607965]</MIN_VALUE>
		<SIGNATURE_THRESHOLD_MD>0.0</SIGNATURE_THRESHOLD_MD>
		<SIGNATURE_THRESHOLD_ML>0.0</SIGNATURE_THRESHOLD_ML>
		<SIGNATURE_THRESHOLD_SAM>0.0</SIGNATURE_THRESHOLD_SAM>
	</signature>
	<signature ID="20210118_111124049509_208">
		<MACROCLASSID>1</MACROCLASSID>
		<MACROCLASSINFO>waterbody</MACROCLASSINFO>
		<CLASSID>5</CLASSID>
		<CLASSINFO>C 1</CLASSINFO>
		<VALUES>[0.08982386967030971, 0.0016953408330599344, 0.09466218821159218, 0.002265013486906144, 0.06799557378015872, 0.003829317470002262, 0.04163755286906218, 0.006280111014397099, 0.02064269719781673, 0.0065990091569920655, 0.014400474477802995, 0.006144468342734471]</VALUES>
		<LCS_MIN>[0.08550669252872467, 0.08526743203401566, 0.06184126064181328, 0.02924329973757267, 0.008930345065891743, 0.0023251420352607965]</LCS_MIN>
		<LCS_MAX>[0.09395375847816467, 0.10057462751865387, 0.0844530239701271, 0.06811048090457916, 0.04532841965556145, 0.04152832552790642]</LCS_MAX>
		<WAVELENGTH>[0.485, 0.56, 0.66, 0.83, 1.65, 2.215]</WAVELENGTH>
		<MEAN_VALUE>[0.08982386967030971, 0.09466218821159218, 0.06799557378015872, 0.04163755286906218, 0.02064269719781673, 0.014400474477802995]</MEAN_VALUE>
		<CHECKBOX>2</CHECKBOX>
		<SD>[0.0016953408330599344, 0.002265013486906144, 0.003829317470002262, 0.006280111014397099, 0.0065990091569920655, 0.006144468342734471]</SD>
		<WAVELENGTH_UNIT>E-6m</WAVELENGTH_UNIT>
		<COLOR>#9d567f</COLOR>
		<COVARIANCE_MATRIX>[[2.8805675356124993e-06, 1.1966365036641946e-06, 2.1901573745708447e-06, 3.402165020816028e-06, 3.5695175029104576e-06, 2.6789923595060827e-06], [1.1966365036641946e-06, 5.141686870047124e-06, 3.8169860090420116e-06, 5.679273272107821e-06, 4.6954764911788516e-06, 4.365479981061071e-06], [2.1901573745708447e-06, 3.8169860090420116e-06, 1.4696258404001128e-05, 1.969389086298179e-05, 1.8476835975889117e-05, 1.578587034600787e-05], [3.402165020816028e-06, 5.679273272107821e-06, 1.969389086298179e-05, 3.952744009438902e-05, 3.05440989905037e-05, 2.5794510293053463e-05], [3.5695175029104576e-06, 4.6954764911788516e-06, 1.8476835975889117e-05, 3.05440989905037e-05, 4.364369306131266e-05, 3.1401370506500825e-05], [2.6789923595060827e-06, 4.365479981061071e-06, 1.578587034600787e-05, 2.5794510293053463e-05, 3.1401370506500825e-05, 3.783838837989606e-05]]</COVARIANCE_MATRIX>
		<ROI_SIZE>451</ROI_SIZE>
		<MAX_VALUE>[0.09395375847816467, 0.10057462751865387, 0.0844530239701271, 0.06811048090457916, 0.04532841965556145, 0.04152832552790642]</MAX_VALUE>
		<MIN_VALUE>[0.08550669252872467, 0.08526743203401566, 0.06184126064181328, 0.02924329973757267, 0.008930345065891743, 0.0023251420352607965]</MIN_VALUE>
		<SIGNATURE_THRESHOLD_MD>0.0</SIGNATURE_THRESHOLD_MD>
		<SIGNATURE_THRESHOLD_ML>0.0</SIGNATURE_THRESHOLD_ML>
		<SIGNATURE_THRESHOLD_SAM>0.0</SIGNATURE_THRESHOLD_SAM>
	</signature>
	<signature ID="20210118_111134508621_494">
		<MACROCLASSID>1</MACROCLASSID>
		<MACROCLASSINFO>waterbody</MACROCLASSINFO>
		<CLASSID>6</CLASSID>
		<CLASSINFO>C 1</CLASSINFO>
		<VALUES>[0.0961089751418726, 0.0038955476978659383, 0.0878753297858768, 0.006667678752085031, 0.058630952818526164, 0.005613599852581061, 0.05567822021282749, 0.01302231124771727, 0.041424614112870184, 0.014312959566733717, 0.02954957180047109, 0.010356422553858612]</VALUES>
		<LCS_MIN>[0.08409883826971054, 0.06996022909879684, 0.04488244280219078, 0.03277668356895447, 0.020304745063185692, 0.008859005756676197]</LCS_MIN>
		<LCS_MAX>[0.10240081697702408, 0.10057462751865387, 0.07032067328691483, 0.08224400877952576, 0.07490184903144836, 0.05459604784846306]</LCS_MAX>
		<WAVELENGTH>[0.485, 0.56, 0.66, 0.83, 1.65, 2.215]</WAVELENGTH>
		<MEAN_VALUE>[0.0961089751418726, 0.0878753297858768, 0.058630952818526164, 0.05567822021282749, 0.041424614112870184, 0.02954957180047109]</MEAN_VALUE>
		<CHECKBOX>2</CHECKBOX>
		<SD>[0.0038955476978659383, 0.006667678752085031, 0.005613599852581061, 0.01302231124771727, 0.014312959566733717, 0.010356422553858612]</SD>
		<WAVELENGTH_UNIT>E-6m</WAVELENGTH_UNIT>
		<COLOR>#b570af</COLOR>
		<COVARIANCE_MATRIX>[[1.536498348286841e-05, 2.3294136553886347e-05, 1.4217766874935478e-05, -1.0054831363959238e-05, -1.4495991536023212e-06, 6.074959856050555e-06], [2.3294136553886347e-05, 4.501366493059322e-05, 2.7405398213886656e-05, -1.0712072253227234e-05, 3.691783376780222e-06, 1.6252470231847838e-05], [1.4217766874935478e-05, 2.7405398213886656e-05, 3.1906409276416525e-05, 3.31189003190957e-05, 4.196487498120405e-05, 3.6550791264744475e-05], [-1.0054831363959238e-05, -1.0712072253227234e-05, 3.31189003190957e-05, 0.00017170034698210657, 0.00014286827354226261, 8.917209197534248e-05], [-1.4495991536023212e-06, 3.691783376780222e-06, 4.196487498120405e-05, 0.00014286827354226261, 0.00020742157357744873, 0.00012219244672451168], [6.074959856050555e-06, 1.6252470231847838e-05, 3.6550791264744475e-05, 8.917209197534248e-05, 0.00012219244672451168, 0.00010859618487302214]]</COVARIANCE_MATRIX>
		<ROI_SIZE>81</ROI_SIZE>
		<MAX_VALUE>[0.10240081697702408, 0.10057462751865387, 0.07032067328691483, 0.08224400877952576, 0.07490184903144836, 0.05459604784846306]</MAX_VALUE>
		<MIN_VALUE>[0.08409883826971054, 0.06996022909879684, 0.04488244280219078, 0.03277668356895447, 0.020304745063185692, 0.008859005756676197]</MIN_VALUE>
		<SIGNATURE_THRESHOLD_MD>0.0</SIGNATURE_THRESHOLD_MD>
		<SIGNATURE_THRESHOLD_ML>0.0</SIGNATURE_THRESHOLD_ML>
		<SIGNATURE_THRESHOLD_SAM>0.0</SIGNATURE_THRESHOLD_SAM>
	</signature>
	<signature ID="20210118_111408715380_768">
		<MACROCLASSID>1</MACROCLASSID>
		<MACROCLASSINFO>waterbody</MACROCLASSINFO>
		<CLASSID>7</CLASSID>
		<CLASSINFO>C 1</CLASSINFO>
		<VALUES>[0.11614462220277946, 0.0018823888083461728, 0.13957036140023685, 0.0024417126988942354, 0.1335455568843201, 0.002322913495447959, 0.0867620996642308, 0.004507311487458137, 0.02850922775744904, 0.007030121637198348, 0.02149828073003742, 0.006573253920866697]</VALUES>
		<LCS_MIN>[0.11225572973489761, 0.1342504769563675, 0.12685005366802216, 0.07517724484205246, 0.015754982829093933, 0.012125937268137932]</LCS_MIN>
		<LCS_MAX>[0.12351849675178528, 0.1464962363243103, 0.14098240435123444, 0.1069776713848114, 0.04987817630171776, 0.04152832552790642]</LCS_MAX>
		<WAVELENGTH>[0.485, 0.56, 0.66, 0.83, 1.65, 2.215]</WAVELENGTH>
		<MEAN_VALUE>[0.11614462220277946, 0.13957036140023685, 0.1335455568843201, 0.0867620996642308, 0.02850922775744904, 0.02149828073003742]</MEAN_VALUE>
		<CHECKBOX>2</CHECKBOX>
		<SD>[0.0018823888083461728, 0.0024417126988942354, 0.002322913495447959, 0.004507311487458137, 0.007030121637198348, 0.006573253920866697]</SD>
		<WAVELENGTH_UNIT>E-6m</WAVELENGTH_UNIT>
		<COLOR>#512b4d</COLOR>
		<COVARIANCE_MATRIX>[[3.5726718579098815e-06, 1.8662592538021272e-06, 1.173929945252894e-06, 1.2670395221903163e-07, -1.2548623544716975e-06, -1.8257600231663673e-07], [1.8662592538021272e-06, 6.011233381286729e-06, 1.916789642564254e-06, -4.543091165487567e-07, -3.1995814424590208e-06, -8.428044111497002e-07], [1.173929945252894e-06, 1.916789642564254e-06, 5.440521363198059e-06, 4.329821877036011e-06, 1.8973462374560768e-06, 4.4949747461942025e-06], [1.2670395221903163e-07, -4.543091165487567e-07, 4.329821877036011e-06, 2.0483756088651717e-05, 1.537034404464066e-05, 1.778805562935304e-05], [-1.2548623544716975e-06, -3.1995814424590208e-06, 1.8973462374560768e-06, 1.537034404464066e-05, 4.983106191502884e-05, 3.757120430236682e-05], [-1.8257600231663673e-07, -8.428044111497002e-07, 4.4949747461942025e-06, 1.778805562935304e-05, 3.757120430236682e-05, 4.3564756197156385e-05]]</COVARIANCE_MATRIX>
		<ROI_SIZE>122</ROI_SIZE>
		<MAX_VALUE>[0.12351849675178528, 0.1464962363243103, 0.14098240435123444, 0.1069776713848114, 0.04987817630171776, 0.04152832552790642]</MAX_VALUE>
		<MIN_VALUE>[0.11225572973489761, 0.1342504769563675, 0.12685005366802216, 0.07517724484205246, 0.015754982829093933, 0.012125937268137932]</MIN_VALUE>
		<SIGNATURE_THRESHOLD_MD>0.0</SIGNATURE_THRESHOLD_MD>
		<SIGNATURE_THRESHOLD_ML>0.0</SIGNATURE_THRESHOLD_ML>
		<SIGNATURE_THRESHOLD_SAM>0.0</SIGNATURE_THRESHOLD_SAM>
	</signature>
	<signature ID="20210118_111417319174_294">
		<MACROCLASSID>1</MACROCLASSID>
		<MACROCLASSINFO>waterbody</MACROCLASSINFO>
		<CLASSID>8</CLASSID>
		<CLASSINFO>C 1</CLASSINFO>
		<VALUES>[0.09786058628443879, 0.0025475854398938685, 0.08710214685524284, 0.004361070538555187, 0.05568661396056154, 0.006502027161550569, 0.03885608172348594, 0.005680375492890518, 0.02219181480328101, 0.005746234656181891, 0.016053144099855348, 0.005408942971075213]</VALUES>
		<LCS_MIN>[0.08973021805286407, 0.07914455235004425, 0.04488244280219078, 0.02924329973757267, 0.011205224320292473, 0.005592073313891888]</LCS_MIN>
		<LCS_MAX>[0.10662434995174408, 0.10669752955436707, 0.07880008965730667, 0.06457710266113281, 0.04532841965556145, 0.03826139122247696]</LCS_MAX>
		<WAVELENGTH>[0.485, 0.56, 0.66, 0.83, 1.65, 2.215]</WAVELENGTH>
		<MEAN_VALUE>[0.09786058628443879, 0.08710214685524284, 0.05568661396056154, 0.03885608172348594, 0.02219181480328101, 0.016053144099855348]</MEAN_VALUE>
		<CHECKBOX>2</CHECKBOX>
		<SD>[0.0025475854398938685, 0.004361070538555187, 0.006502027161550569, 0.005680375492890518, 0.005746234656181891, 0.005408942971075213]</SD>
		<WAVELENGTH_UNIT>E-6m</WAVELENGTH_UNIT>
		<COLOR>#eea428</COLOR>
		<COVARIANCE_MATRIX>[[6.501617917820113e-06, 5.529514055524487e-06, 1.1405285960108813e-07, 4.311676207180426e-07, 9.144504815594701e-07, 1.6589166307312553e-06], [5.529514055524487e-06, 1.9052420611842535e-05, 1.710092146822717e-05, 8.613574209448416e-06, 6.7085420596413314e-06, 6.763015335309319e-06], [1.1405285960108813e-07, 1.710092146822717e-05, 4.235078813508153e-05, 2.473498352628667e-05, 1.9298488041386008e-05, 1.707639057713095e-05], [4.311676207180426e-07, 8.613574209448416e-06, 2.473498352628667e-05, 3.2323474442819133e-05, 2.2386080672731623e-05, 1.8476115656085312e-05], [9.144504815594701e-07, 6.7085420596413314e-06, 1.9298488041386008e-05, 2.2386080672731623e-05, 3.307734368718229e-05, 2.4135337298503146e-05], [1.6589166307312553e-06, 6.763015335309319e-06, 1.707639057713095e-05, 1.8476115656085312e-05, 2.4135337298503146e-05, 2.9308172088349238e-05]]</COVARIANCE_MATRIX>
		<ROI_SIZE>569</ROI_SIZE>
		<MAX_VALUE>[0.10662434995174408, 0.10669752955436707, 0.07880008965730667, 0.06457710266113281, 0.04532841965556145, 0.03826139122247696]</MAX_VALUE>
		<MIN_VALUE>[0.08973021805286407, 0.07914455235004425, 0.04488244280219078, 0.02924329973757267, 0.011205224320292473, 0.005592073313891888]</MIN_VALUE>
		<SIGNATURE_THRESHOLD_MD>0.0</SIGNATURE_THRESHOLD_MD>
		<SIGNATURE_THRESHOLD_ML>0.0</SIGNATURE_THRESHOLD_ML>
		<SIGNATURE_THRESHOLD_SAM>0.0</SIGNATURE_THRESHOLD_SAM>
	</signature>
	<signature ID="20210118_111422262762_659">
		<MACROCLASSID>1</MACROCLASSID>
		<MACROCLASSINFO>waterbody</MACROCLASSINFO>
		<CLASSID>9</CLASSID>
		<CLASSINFO>C 1</CLASSINFO>
		<VALUES>[0.10001119226217274, 0.0021058270417424365, 0.11177306269344527, 0.00563085294450679, 0.0949778994055171, 0.004644331000031681, 0.04593387393182829, 0.008238769914184799, 0.02338780446811334, 0.008589099305444655, 0.016553488547766677, 0.007064749723989962]</VALUES>
		<LCS_MIN>[0.09395375847816467, 0.09445175528526306, 0.08727948367595673, 0.03277668356895447, 0.008930345065891743, 0.005592073313891888]</LCS_MIN>
		<LCS_MAX>[0.10662434995174408, 0.11894327402114868, 0.10706476867198944, 0.07164386659860611, 0.04987817630171776, 0.04152832552790642]</LCS_MAX>
		<WAVELENGTH>[0.485, 0.56, 0.66, 0.83, 1.65, 2.215]</WAVELENGTH>
		<MEAN_VALUE>[0.10001119226217274, 0.11177306269344527, 0.0949778994055171, 0.04593387393182829, 0.02338780446811334, 0.016553488547766677]</MEAN_VALUE>
		<CHECKBOX>2</CHECKBOX>
		<SD>[0.0021058270417424365, 0.00563085294450679, 0.004644331000031681, 0.008238769914184799, 0.008589099305444655, 0.007064749723989962]</SD>
		<WAVELENGTH_UNIT>E-6m</WAVELENGTH_UNIT>
		<COLOR>#71ad0f</COLOR>
		<COVARIANCE_MATRIX>[[4.493634151003789e-06, 8.957295904110651e-06, 5.2714253797603305e-06, -5.216194949753117e-06, -1.7812355679325265e-07, 3.301022843515966e-06], [8.957295904110651e-06, 3.2129257306223735e-05, 1.9361590602784418e-05, -1.1997643014183268e-05, 9.505830576017615e-07, 1.0699854101403616e-05], [5.2714253797603305e-06, 1.9361590602784418e-05, 2.1857407773495652e-05, 8.681668077770155e-06, 1.1356061804690398e-05, 1.4215313967724796e-05], [-5.216194949753117e-06, -1.1997643014183268e-05, 8.681668077770155e-06, 6.878236308693886e-05, 4.3990501580992714e-05, 2.515834421501495e-05], [-1.7812355679325265e-07, 9.505830576017615e-07, 1.1356061804690398e-05, 4.3990501580992714e-05, 7.47562589822337e-05, 4.4433494622353464e-05], [3.301022843515966e-06, 1.0699854101403616e-05, 1.4215313967724796e-05, 2.515834421501495e-05, 4.4433494622353464e-05, 5.057616363046691e-05]]</COVARIANCE_MATRIX>
		<ROI_SIZE>76</ROI_SIZE>
		<MAX_VALUE>[0.10662434995174408, 0.11894327402114868, 0.10706476867198944, 0.07164386659860611, 0.04987817630171776, 0.04152832552790642]</MAX_VALUE>
		<MIN_VALUE>[0.09395375847816467, 0.09445175528526306, 0.08727948367595673, 0.03277668356895447, 0.008930345065891743, 0.005592073313891888]</MIN_VALUE>
		<SIGNATURE_THRESHOLD_MD>0.0</SIGNATURE_THRESHOLD_MD>
		<SIGNATURE_THRESHOLD_ML>0.0</SIGNATURE_THRESHOLD_ML>
		<SIGNATURE_THRESHOLD_SAM>0.0</SIGNATURE_THRESHOLD_SAM>
	</signature>
	<signature ID="20210118_111435893972_596">
		<MACROCLASSID>1</MACROCLASSID>
		<MACROCLASSINFO>waterbody</MACROCLASSINFO>
		<CLASSID>10</CLASSID>
		<CLASSINFO>C 1</CLASSINFO>
		<VALUES>[0.09774972233507366, 0.0033547276303743157, 0.10352268715699509, 0.00820123782755607, 0.07408930030133988, 0.010747743435708466, 0.04376941866896771, 0.010834562516513725, 0.029269455221516118, 0.013943149295127768, 0.02153953912633436, 0.011909593019786386]</VALUES>
		<LCS_MIN>[0.09254591912031174, 0.09445175528526306, 0.0646677315235138, 0.03277668356895447, 0.013480104506015778, 0.005592073313891888]</LCS_MIN>
		<LCS_MAX>[0.10662434995174408, 0.12506616115570068, 0.10989125072956085, 0.08224400877952576, 0.06580233573913574, 0.057862985879182816]</LCS_MAX>
		<WAVELENGTH>[0.485, 0.56, 0.66, 0.83, 1.65, 2.215]</WAVELENGTH>
		<MEAN_VALUE>[0.09774972233507366, 0.10352268715699509, 0.07408930030133988, 0.04376941866896771, 0.029269455221516118, 0.02153953912633436]</MEAN_VALUE>
		<CHECKBOX>2</CHECKBOX>
		<SD>[0.0033547276303743157, 0.00820123782755607, 0.010747743435708466, 0.010834562516513725, 0.013943149295127768, 0.011909593019786386]</SD>
		<WAVELENGTH_UNIT>E-6m</WAVELENGTH_UNIT>
		<COLOR>#461ab5</COLOR>
		<COVARIANCE_MATRIX>[[1.1338183867337648e-05, 2.4460439817630686e-05, 2.7488344130688347e-05, 5.997383595968131e-06, 2.7143892111780588e-06, 1.000202814793738e-06], [2.4460439817630686e-05, 6.776224472559988e-05, 7.398159505100921e-05, 1.3445316653815098e-05, 2.6352577151556034e-06, -4.920379979012068e-07], [2.7488344130688347e-05, 7.398159505100921e-05, 0.00011637603165581822, 6.938723527127877e-05, 6.749772728653625e-05, 5.687336306436919e-05], [5.997383595968131e-06, 1.3445316653815098e-05, 6.938723527127877e-05, 0.0001182637715828605, 0.0001321407180512324, 0.0001108483484131284], [2.7143892111780588e-06, 2.6352577151556034e-06, 6.749772728653625e-05, 0.0001321407180512324, 0.0001958622451638803, 0.00015579497267026454], [1.000202814793738e-06, -4.920379979012068e-07, 5.687336306436919e-05, 0.0001108483484131284, 0.00015579497267026454, 0.0001428968971595168]]</COVARIANCE_MATRIX>
		<ROI_SIZE>135</ROI_SIZE>
		<MAX_VALUE>[0.10662434995174408, 0.12506616115570068, 0.10989125072956085, 0.08224400877952576, 0.06580233573913574, 0.057862985879182816]</MAX_VALUE>
		<MIN_VALUE>[0.09254591912031174, 0.09445175528526306, 0.0646677315235138, 0.03277668356895447, 0.013480104506015778, 0.005592073313891888]</MIN_VALUE>
		<SIGNATURE_THRESHOLD_MD>0.0</SIGNATURE_THRESHOLD_MD>
		<SIGNATURE_THRESHOLD_ML>0.0</SIGNATURE_THRESHOLD_ML>
		<SIGNATURE_THRESHOLD_SAM>0.0</SIGNATURE_THRESHOLD_SAM>
	</signature>
	<signature ID="20210118_111447030405_239">
		<MACROCLASSID>1</MACROCLASSID>
		<MACROCLASSINFO>waterbody</MACROCLASSINFO>
		<CLASSID>11</CLASSID>
		<CLASSINFO>C 1</CLASSINFO>
		<VALUES>[0.10861475740013447, 0.0050897357931984685, 0.11530122096682419, 0.007356619980912276, 0.11573911329795576, 0.009460078617009265, 0.13548839195021273, 0.01588141135093198, 0.07525485612708949, 0.023321302840237923, 0.053638499422833844, 0.01636851645570885]</VALUES>
		<LCS_MIN>[0.09254591912031174, 0.09445175528526306, 0.09010596573352814, 0.0999109148979187, 0.040778663009405136, 0.02519366331398487]</LCS_MIN>
		<LCS_MAX>[0.11788711696863174, 0.12812760472297668, 0.1353294849395752, 0.1635117530822754, 0.11357481777667999, 0.08073151111602783]</LCS_MAX>
		<WAVELENGTH>[0.485, 0.56, 0.66, 0.83, 1.65, 2.215]</WAVELENGTH>
		<MEAN_VALUE>[0.10861475740013447, 0.11530122096682419, 0.11573911329795576, 0.13548839195021273, 0.07525485612708949, 0.053638499422833844]</MEAN_VALUE>
		<CHECKBOX>2</CHECKBOX>
		<SD>[0.0050897357931984685, 0.007356619980912276, 0.009460078617009265, 0.01588141135093198, 0.023321302840237923, 0.01636851645570885]</SD>
		<WAVELENGTH_UNIT>E-6m</WAVELENGTH_UNIT>
		<COLOR>#15833e</COLOR>
		<COVARIANCE_MATRIX>[[2.6359892217442393e-05, 3.4673215850489214e-05, 4.253900988260284e-05, 1.8531576642999426e-05, -1.408751450071577e-05, -6.427349603654875e-07], [3.4673215850489214e-05, 5.5069329391699284e-05, 6.554448918905109e-05, 3.658095374703407e-05, -1.4697748156322632e-05, 5.400079771789024e-06], [4.253900988260284e-05, 6.554448918905109e-05, 9.106314246309921e-05, 6.635639147134498e-05, 1.583546691108495e-05, 3.0321541999001056e-05], [1.8531576642999426e-05, 3.658095374703407e-05, 6.635639147134498e-05, 0.00025664412532933056, 0.00026685919146984816, 0.0001944485993590206], [-1.408751450071577e-05, -1.4697748156322632e-05, 1.583546691108495e-05, 0.00026685919146984816, 0.0005534249939955771, 0.00036189824459142983], [-6.427349603654875e-07, 5.400079771789024e-06, 3.0321541999001056e-05, 0.0001944485993590206, 0.00036189824459142983, 0.0002726288221310824]]</COVARIANCE_MATRIX>
		<ROI_SIZE>58</ROI_SIZE>
		<MAX_VALUE>[0.11788711696863174, 0.12812760472297668, 0.1353294849395752, 0.1635117530822754, 0.11357481777667999, 0.08073151111602783]</MAX_VALUE>
		<MIN_VALUE>[0.09254591912031174, 0.09445175528526306, 0.09010596573352814, 0.0999109148979187, 0.040778663009405136, 0.02519366331398487]</MIN_VALUE>
		<SIGNATURE_THRESHOLD_MD>0.0</SIGNATURE_THRESHOLD_MD>
		<SIGNATURE_THRESHOLD_ML>0.0</SIGNATURE_THRESHOLD_ML>
		<SIGNATURE_THRESHOLD_SAM>0.0</SIGNATURE_THRESHOLD_SAM>
	</signature>
	<signature ID="20210118_111527743960_672">
		<MACROCLASSID>1</MACROCLASSID>
		<MACROCLASSINFO>waterbody</MACROCLASSINFO>
		<CLASSID>12</CLASSID>
		<CLASSINFO>C 1</CLASSINFO>
		<VALUES>[0.10655568013103998, 0.0022839078722951462, 0.11565783020199796, 0.004555436221334177, 0.11113213547846164, 0.004996007263243215, 0.15670353464963957, 0.01825837046697895, 0.14997289529660854, 0.019191512995152787, 0.10471556208482603, 0.014780393534571936]</VALUES>
		<LCS_MIN>[0.10099297761917114, 0.10363608598709106, 0.10423830151557922, 0.11757780611515045, 0.1181245744228363, 0.07093070447444916]</LCS_MIN>
		<LCS_MAX>[0.11225572973489761, 0.12506616115570068, 0.12402359396219254, 0.18117864429950714, 0.19092074036598206, 0.13626934587955475]</LCS_MAX>
		<WAVELENGTH>[0.485, 0.56, 0.66, 0.83, 1.65, 2.215]</WAVELENGTH>
		<MEAN_VALUE>[0.10655568013103998, 0.11565783020199796, 0.11113213547846164, 0.15670353464963957, 0.14997289529660854, 0.10471556208482603]</MEAN_VALUE>
		<CHECKBOX>2</CHECKBOX>
		<SD>[0.0022839078722951462, 0.004555436221334177, 0.004996007263243215, 0.01825837046697895, 0.019191512995152787, 0.014780393534571936]</SD>
		<WAVELENGTH_UNIT>E-6m</WAVELENGTH_UNIT>
		<COLOR>#fd441d</COLOR>
		<COVARIANCE_MATRIX>[[5.346641046344303e-06, 7.74228828959167e-06, 6.653082891716622e-06, -1.6273128494503908e-05, -1.048878129950026e-05, -5.9006092669733334e-06], [7.74228828959167e-06, 2.127079824276734e-05, 1.4346156604005955e-05, -4.942945088259876e-05, -3.168804323649965e-05, -1.6746431356295943e-05], [6.653082891716622e-06, 1.4346156604005955e-05, 2.5584091417840682e-05, 4.201939702852542e-07, -2.5719273253344e-06, 4.352334599388996e-06], [-1.6273128494503908e-05, -4.942945088259876e-05, 4.201939702852542e-07, 0.0003417022817302495, 0.00016377460269723088, 0.000135915499413386], [-1.048878129950026e-05, -3.168804323649965e-05, -2.5719273253344e-06, 0.00016377460269723088, 0.0003775220247916877, 0.00025454183924011886], [-5.9006092669733334e-06, -1.6746431356295943e-05, 4.352334599388996e-06, 0.000135915499413386, 0.00025454183924011886, 0.00022392153914552182]]</COVARIANCE_MATRIX>
		<ROI_SIZE>41</ROI_SIZE>
		<MAX_VALUE>[0.11225572973489761, 0.12506616115570068, 0.12402359396219254, 0.18117864429950714, 0.19092074036598206, 0.13626934587955475]</MAX_VALUE>
		<MIN_VALUE>[0.10099297761917114, 0.10363608598709106, 0.10423830151557922, 0.11757780611515045, 0.1181245744228363, 0.07093070447444916]</MIN_VALUE>
		<SIGNATURE_THRESHOLD_MD>0.0</SIGNATURE_THRESHOLD_MD>
		<SIGNATURE_THRESHOLD_ML>0.0</SIGNATURE_THRESHOLD_ML>
		<SIGNATURE_THRESHOLD_SAM>0.0</SIGNATURE_THRESHOLD_SAM>
	</signature>
	<signature ID="20210118_111603866903_614">
		<MACROCLASSID>1</MACROCLASSID>
		<MACROCLASSINFO>waterbody</MACROCLASSINFO>
		<CLASSID>13</CLASSID>
		<CLASSINFO>C 1</CLASSINFO>
		<VALUES>[0.11033594608306885, 0.0033029294596872297, 0.12868423150344327, 0.004673669925209389, 0.12402359328486702, 0.008262506144671965, 0.12560822137377478, 0.019707089338228314, 0.07696993378075687, 0.017391496583304876, 0.0578629770739512, 0.013067726977170062]</VALUES>
		<LCS_MIN>[0.10240081697702408, 0.12200472503900528, 0.11554419249296188, 0.0928441509604454, 0.04987817630171776, 0.0349944606423378]</LCS_MIN>
		<LCS_MAX>[0.11507143825292587, 0.1373119354248047, 0.14380887150764465, 0.1564449965953827, 0.09765066206455231, 0.07746456563472748]</LCS_MAX>
		<WAVELENGTH>[0.485, 0.56, 0.66, 0.83, 1.65, 2.215]</WAVELENGTH>
		<MEAN_VALUE>[0.11033594608306885, 0.12868423150344327, 0.12402359328486702, 0.12560822137377478, 0.07696993378075687, 0.0578629770739512]</MEAN_VALUE>
		<CHECKBOX>2</CHECKBOX>
		<SD>[0.0033029294596872297, 0.004673669925209389, 0.008262506144671965, 0.019707089338228314, 0.017391496583304876, 0.013067726977170062]</SD>
		<WAVELENGTH_UNIT>E-6m</WAVELENGTH_UNIT>
		<COLOR>#4f3659</COLOR>
		<COVARIANCE_MATRIX>[[1.2000276910839602e-05, 8.071537195064593e-06, 5.9688759392884094e-06, -1.4380624634213746e-05, -2.9581149647128768e-05, -1.5177851309999824e-05], [8.071537195064593e-06, 2.402750942565035e-05, 3.374700099811889e-05, 5.349618731997907e-05, -4.374919444671832e-05, -3.900594310835004e-05], [5.9688759392884094e-06, 3.374700099811889e-05, 7.50959079596214e-05, 0.00014980480773374438, -9.194716403726488e-05, -8.218146831495687e-05], [-1.4380624634213746e-05, 5.349618731997907e-05, 0.00014980480773374438, 0.00042720630881376565, -0.00012678143684752285, -0.00013736537948716432], [-2.9581149647128768e-05, -4.374919444671832e-05, -9.194716403726488e-05, -0.00012678143684752285, 0.0003327105659991503, 0.00023559055989608169], [-1.5177851309999824e-05, -3.900594310835004e-05, -8.218146831495687e-05, -0.00013736537948716432, 0.00023559055989608169, 0.00018784204439725727]]</COVARIANCE_MATRIX>
		<ROI_SIZE>11</ROI_SIZE>
		<MAX_VALUE>[0.11507143825292587, 0.1373119354248047, 0.14380887150764465, 0.1564449965953827, 0.09765066206455231, 0.07746456563472748]</MAX_VALUE>
		<MIN_VALUE>[0.10240081697702408, 0.12200472503900528, 0.11554419249296188, 0.0928441509604454, 0.04987817630171776, 0.0349944606423378]</MIN_VALUE>
		<SIGNATURE_THRESHOLD_MD>0.0</SIGNATURE_THRESHOLD_MD>
		<SIGNATURE_THRESHOLD_ML>0.0</SIGNATURE_THRESHOLD_ML>
		<SIGNATURE_THRESHOLD_SAM>0.0</SIGNATURE_THRESHOLD_SAM>
	</signature>
	<signature ID="20210118_111614703886_953">
		<MACROCLASSID>1</MACROCLASSID>
		<MACROCLASSINFO>waterbody</MACROCLASSINFO>
		<CLASSID>14</CLASSID>
		<CLASSINFO>C 1</CLASSINFO>
		<VALUES>[0.10362503548031268, 0.002929808728478241, 0.10969240785292958, 0.0046686827342487585, 0.10448408596541571, 0.006558228035494683, 0.11673287253664887, 0.016411496793478572, 0.08108359502385491, 0.018799054540464738, 0.06013562805626703, 0.015153797312182157]</VALUES>
		<LCS_MIN>[0.0953616052865982, 0.09139031916856766, 0.0844530239701271, 0.08224400877952576, 0.04987817630171776, 0.03826139122247696]</LCS_MIN>
		<LCS_MAX>[0.10944005101919174, 0.11588183045387268, 0.1183706596493721, 0.14937824010849, 0.11357481777667999, 0.09706616401672363]</LCS_MAX>
		<WAVELENGTH>[0.485, 0.56, 0.66, 0.83, 1.65, 2.215]</WAVELENGTH>
		<MEAN_VALUE>[0.10362503548031268, 0.10969240785292958, 0.10448408596541571, 0.11673287253664887, 0.08108359502385491, 0.06013562805626703]</MEAN_VALUE>
		<CHECKBOX>2</CHECKBOX>
		<SD>[0.002929808728478241, 0.0046686827342487585, 0.006558228035494683, 0.016411496793478572, 0.018799054540464738, 0.015153797312182157]</SD>
		<WAVELENGTH_UNIT>E-6m</WAVELENGTH_UNIT>
		<COLOR>#f8adf9</COLOR>
		<COVARIANCE_MATRIX>[[8.774530215305276e-06, 1.0235797162749805e-05, 9.684712495072745e-06, -2.0277482690289617e-05, -1.0369234587415121e-05, -3.1506504001299618e-06], [1.0235797162749805e-05, 2.228096673206892e-05, 1.847660132625606e-05, -3.9239879697561264e-05, -3.409193595871329e-05, -1.8070348232868128e-05], [9.684712495072745e-06, 1.847660132625606e-05, 4.396614167490043e-05, 2.4846865926519968e-05, 1.9879833416780457e-05, 2.897746344387997e-05], [-2.0277482690289617e-05, -3.9239879697561264e-05, 2.4846865926519968e-05, 0.00027532249805517495, 0.00023058228543959558, 0.00014792167348787189], [-1.0369234587415121e-05, -3.409193595871329e-05, 1.9879833416780457e-05, 0.00023058228543959558, 0.0003612578730098903, 0.00025880159228108823], [-3.1506504001299618e-06, -1.8070348232868128e-05, 2.897746344387997e-05, 0.00014792167348787189, 0.00025880159228108823, 0.00023474062618333846]]</COVARIANCE_MATRIX>
		<ROI_SIZE>46</ROI_SIZE>
		<MAX_VALUE>[0.10944005101919174, 0.11588183045387268, 0.1183706596493721, 0.14937824010849, 0.11357481777667999, 0.09706616401672363]</MAX_VALUE>
		<MIN_VALUE>[0.0953616052865982, 0.09139031916856766, 0.0844530239701271, 0.08224400877952576, 0.04987817630171776, 0.03826139122247696]</MIN_VALUE>
		<SIGNATURE_THRESHOLD_MD>0.0</SIGNATURE_THRESHOLD_MD>
		<SIGNATURE_THRESHOLD_ML>0.0</SIGNATURE_THRESHOLD_ML>
		<SIGNATURE_THRESHOLD_SAM>0.0</SIGNATURE_THRESHOLD_SAM>
	</signature>
	<signature ID="20210118_111628224873_148">
		<MACROCLASSID>1</MACROCLASSID>
		<MACROCLASSINFO>waterbody</MACROCLASSINFO>
		<CLASSID>15</CLASSID>
		<CLASSINFO>C 1</CLASSINFO>
		<VALUES>[0.10742883703538349, 0.0016584853820242982, 0.11500713654926845, 0.00355303444189058, 0.10544964990445546, 0.006899823536403532, 0.12010164984634944, 0.012769743781021725, 0.1444481887987682, 0.017615147014823817, 0.11153400157179151, 0.012205910237890027]</VALUES>
		<LCS_MIN>[0.10521651059389114, 0.10975895822048187, 0.09575889259576797, 0.10344429314136505, 0.12267434597015381, 0.09379922598600388]</LCS_MIN>
		<LCS_MAX>[0.11084789037704468, 0.11894327402114868, 0.11554419249296188, 0.13877809047698975, 0.17727145552635193, 0.13626934587955475]</LCS_MAX>
		<WAVELENGTH>[0.485, 0.56, 0.66, 0.83, 1.65, 2.215]</WAVELENGTH>
		<MEAN_VALUE>[0.10742883703538349, 0.11500713654926845, 0.10544964990445546, 0.12010164984634944, 0.1444481887987682, 0.11153400157179151]</MEAN_VALUE>
		<CHECKBOX>2</CHECKBOX>
		<SD>[0.0016584853820242982, 0.00355303444189058, 0.006899823536403532, 0.012769743781021725, 0.017615147014823817, 0.012205910237890027]</SD>
		<WAVELENGTH_UNIT>E-6m</WAVELENGTH_UNIT>
		<COLOR>#f6a30f</COLOR>
		<COVARIANCE_MATRIX>[[3.209002670701011e-06, 5.130996214575134e-06, 1.1463998816907406e-05, 2.084534389723558e-05, -1.1895659554284066e-05, -7.4465374382270966e-06], [5.130996214575134e-06, 1.4728062524227425e-05, 2.7195354050491005e-05, 5.1253031415399164e-05, -2.8852553441538475e-05, -6.905834197823424e-06], [1.1463998816907406e-05, 2.7195354050491005e-05, 5.5542157497256994e-05, 9.796766971703619e-05, -4.0416387491859496e-05, -6.595646027562907e-06], [2.084534389723558e-05, 5.1253031415399164e-05, 9.796766971703619e-05, 0.0001902440853882581, -0.0001377944863634184, -5.414366751210764e-05], [-1.1895659554284066e-05, -2.8852553441538475e-05, -4.0416387491859496e-05, -0.0001377944863634184, 0.0003620089846663177, 0.00022950346465222538], [-7.4465374382270966e-06, -6.905834197823424e-06, -6.595646027562907e-06, -5.414366751210764e-05, 0.00022950346465222538, 0.0001738149585435167]]</COVARIANCE_MATRIX>
		<ROI_SIZE>7</ROI_SIZE>
		<MAX_VALUE>[0.11084789037704468, 0.11894327402114868, 0.11554419249296188, 0.13877809047698975, 0.17727145552635193, 0.13626934587955475]</MAX_VALUE>
		<MIN_VALUE>[0.10521651059389114, 0.10975895822048187, 0.09575889259576797, 0.10344429314136505, 0.12267434597015381, 0.09379922598600388]</MIN_VALUE>
		<SIGNATURE_THRESHOLD_MD>0.0</SIGNATURE_THRESHOLD_MD>
		<SIGNATURE_THRESHOLD_ML>0.0</SIGNATURE_THRESHOLD_ML>
		<SIGNATURE_THRESHOLD_SAM>0.0</SIGNATURE_THRESHOLD_SAM>
	</signature>
	<signature ID="20210118_111636833531_419">
		<MACROCLASSID>1</MACROCLASSID>
		<MACROCLASSINFO>waterbody</MACROCLASSINFO>
		<CLASSID>16</CLASSID>
		<CLASSINFO>C 1</CLASSINFO>
		<VALUES>[0.10280306348387076, 0.003023506759402949, 0.10782213204977462, 0.004532157949322039, 0.1030269622498629, 0.006708120731843382, 0.12262549601039109, 0.011127830129672351, 0.09523649764608363, 0.019593032943853533, 0.07019731425205056, 0.013384990445920156]</VALUES>
