<?xml version="1.0" ?>
<signaturelist MCID_LIST="[['1', 'waterbody', '#000000'], ['2', 'vegetation', '#000000'], ['3', 'bareland', '#000000'], ['4', 'build-up', '#000000']]">
	<signature ID="20210204_124339281313_870">
		<MACROCLASSID>1</MACROCLASSID>
		<MACROCLASSINFO>waterbody</MACROCLASSINFO>
		<CLASSID>1</CLASSID>
		<CLASSINFO>C 1</CLASSINFO>
		<VALUES>[0.09565944072973516, 0.0026530368721730683, 0.09876820244483854, 0.0035681994619120644, 0.07127539603898683, 0.002802748867878853, 0.04472584185907974, 0.004562767445767898, 0.004772578684559024, 0.003043569886837642, 0.003333351843832138, 0.0030072054808524765]</VALUES>
		<LCS_MIN>[0.07985847443342209, 0.06683196872472763, 0.045236457139253616, 0.023167036473751068, 0.0, 0.0]</LCS_MIN>
		<LCS_MAX>[0.11178970336914062, 0.11266735196113586, 0.09089675545692444, 0.09341947734355927, 0.0478469580411911, 0.03130706399679184]</LCS_MAX>
		<WAVELENGTH>[0.485, 0.56, 0.66, 0.83, 1.65, 2.215]</WAVELENGTH>
		<MEAN_VALUE>[0.09565944072973516, 0.09876820244483854, 0.07127539603898683, 0.04472584185907974, 0.004772578684559024, 0.003333351843832138]</MEAN_VALUE>
		<CHECKBOX>2</CHECKBOX>
		<SD>[0.0026530368721730683, 0.0035681994619120644, 0.002802748867878853, 0.004562767445767898, 0.003043569886837642, 0.0030072054808524765]</SD>
		<WAVELENGTH_UNIT>E-6m</WAVELENGTH_UNIT>
		<COLOR>#db0b2d</COLOR>
		<COVARIANCE_MATRIX>[[7.11960547050694e-06, 3.2799159725982463e-06, 2.8011743324896088e-06, 2.189911356254015e-06, 1.2365951818082976e-07, 1.537123779371541e-07], [3.2799159725982463e-06, 1.3539756764657795e-05, 5.094840616948204e-06, 6.1989453570276964e-06, -1.3943306385044707e-06, -8.107358553388622e-07], [2.8011743324896088e-06, 5.094840616948204e-06, 8.207830433093477e-06, 4.4539719965541735e-06, 3.633033713867917e-07, 2.083798449348251e-07], [2.189911356254015e-06, 6.1989453570276964e-06, 4.4539719965541735e-06, 2.231699909316376e-05, 4.0341265048482455e-06, 2.0994914393668296e-06], [1.2365951818082976e-07, -1.3943306385044707e-06, 3.633033713867917e-07, 4.0341265048482455e-06, 9.959484486898873e-06, 3.1450724691239884e-06], [1.537123779371541e-07, -8.107358553388622e-07, 2.083798449348251e-07, 2.0994914393668296e-06, 3.1450724691239884e-06, 9.502819921181072e-06]]</COVARIANCE_MATRIX>
		<ROI_SIZE>9481</ROI_SIZE>
		<MAX_VALUE>[0.11178970336914062, 0.11266735196113586, 0.09089675545692444, 0.09341947734355927, 0.0478469580411911, 0.03130706399679184]</MAX_VALUE>
		<MIN_VALUE>[0.07985847443342209, 0.06683196872472763, 0.045236457139253616, 0.023167036473751068, 0.0, 0.0]</MIN_VALUE>
		<SIGNATURE_THRESHOLD_MD>0.0</SIGNATURE_THRESHOLD_MD>
		<SIGNATURE_THRESHOLD_ML>0.0</SIGNATURE_THRESHOLD_ML>
		<SIGNATURE_THRESHOLD_SAM>0.0</SIGNATURE_THRESHOLD_SAM>
	</signature>
	<signature ID="20210204_124349287501_479">
		<MACROCLASSID>1</MACROCLASSID>
		<MACROCLASSINFO>waterbody</MACROCLASSINFO>
		<CLASSID>2</CLASSID>
		<CLASSINFO>C 1</CLASSINFO>
		<VALUES>[0.09346633687901745, 0.0021733373922204436, 0.09636166615620241, 0.002965149300082318, 0.06687953402062982, 0.002410739655604321, 0.041845299596074435, 0.002614197385802815, 0.00521439000176646, 0.0026300966156642147, 0.0036000809860597836, 0.0029618494314173323]</VALUES>
		<LCS_MIN>[0.08584557473659515, 0.08766622841358185, 0.05928577855229378, 0.031948596239089966, 0.0, 0.0]</LCS_MIN>
		<LCS_MAX>[0.10380688309669495, 0.10433363914489746, 0.07684741914272308, 0.08902869373559952, 0.05350075289607048, 0.03130706399679184]</LCS_MAX>
		<WAVELENGTH>[0.485, 0.56, 0.66, 0.83, 1.65, 2.215]</WAVELENGTH>
		<MEAN_VALUE>[0.09346633687901745, 0.09636166615620241, 0.06687953402062982, 0.041845299596074435, 0.00521439000176646, 0.0036000809860597836]</MEAN_VALUE>
		<CHECKBOX>2</CHECKBOX>
		<SD>[0.0021733373922204436, 0.002965149300082318, 0.002410739655604321, 0.002614197385802815, 0.0026300966156642147, 0.0029618494314173323]</SD>
		<WAVELENGTH_UNIT>E-6m</WAVELENGTH_UNIT>
		<COLOR>#5df433</COLOR>
		<COVARIANCE_MATRIX>[[4.539513156487374e-06, 9.888887007036828e-07, 7.306356337721809e-07, 8.232800041696464e-07, 2.3758565248499508e-07, 2.0544268863886828e-07], [9.888887007036828e-07, 8.479017196805216e-06, 1.85252667961322e-06, 1.933423391164979e-06, 4.995069957658416e-07, 2.1433235986023647e-07], [7.306356337721809e-07, 1.85252667961322e-06, 5.452731784316711e-06, 1.7921894368555513e-06, 7.323225190702942e-07, 3.176702989549085e-07], [8.232800041696464e-07, 1.933423391164979e-06, 1.7921894368555513e-06, 6.674074029433541e-06, 8.739986583350401e-07, 4.4265067344895215e-07], [2.3758565248499508e-07, 4.995069957658416e-07, 7.323225190702942e-07, 8.739986583350401e-07, 6.6906659412779845e-06, 1.3456938177114353e-06], [2.0544268863886828e-07, 2.1433235986023647e-07, 3.176702989549085e-07, 4.4265067344895215e-07, 1.3456938177114353e-06, 8.767616236582398e-06]]</COVARIANCE_MATRIX>
		<ROI_SIZE>10177</ROI_SIZE>
		<MAX_VALUE>[0.10380688309669495, 0.10433363914489746, 0.07684741914272308, 0.08902869373559952, 0.05350075289607048, 0.03130706399679184]</MAX_VALUE>
		<MIN_VALUE>[0.08584557473659515, 0.08766622841358185, 0.05928577855229378, 0.031948596239089966, 0.0, 0.0]</MIN_VALUE>
		<SIGNATURE_THRESHOLD_MD>0.0</SIGNATURE_THRESHOLD_MD>
		<SIGNATURE_THRESHOLD_ML>0.0</SIGNATURE_THRESHOLD_ML>
		<SIGNATURE_THRESHOLD_SAM>0.0</SIGNATURE_THRESHOLD_SAM>
	</signature>
	<signature ID="20210204_124354545397_136">
		<MACROCLASSID>1</MACROCLASSID>
		<MACROCLASSINFO>waterbody</MACROCLASSINFO>
		<CLASSID>3</CLASSID>
		<CLASSINFO>C 1</CLASSINFO>
		<VALUES>[0.07511323240663777, 0.002068055402105375, 0.05042492661191652, 0.0019774629198482494, 0.03099439046708437, 0.002347796479161079, 0.023160001703222938, 0.003952509272810928, 0.0060011960107936935, 0.0038381804990862516, 0.0042401225689497135, 0.003513488248418683]</VALUES>
		<LCS_MIN>[0.06788425892591476, 0.04183083772659302, 0.024162476882338524, 0.014385484158992767, 0.0, 0.0]</LCS_MIN>
		<LCS_MAX>[0.08584557473659515, 0.06266511231660843, 0.04874878749251366, 0.07146559655666351, 0.0478469580411911, 0.03130706399679184]</LCS_MAX>
		<WAVELENGTH>[0.485, 0.56, 0.66, 0.83, 1.65, 2.215]</WAVELENGTH>
		<MEAN_VALUE>[0.07511323240663777, 0.05042492661191652, 0.03099439046708437, 0.023160001703222938, 0.0060011960107936935, 0.0042401225689497135]</MEAN_VALUE>
		<CHECKBOX>2</CHECKBOX>
		<SD>[0.002068055402105375, 0.0019774629198482494, 0.002347796479161079, 0.003952509272810928, 0.0038381804990862516, 0.003513488248418683]</SD>
		<WAVELENGTH_UNIT>E-6m</WAVELENGTH_UNIT>
		<COLOR>#c7ff4e</COLOR>
		<COVARIANCE_MATRIX>[[4.178326889814343e-06, 5.227211659075692e-07, 7.547035920651979e-07, 9.578282060829224e-07, 7.381818818430474e-07, 6.112886126174999e-07], [5.227211659075692e-07, 3.947947789129103e-06, 1.2011802255074144e-06, 2.5504609766358044e-06, 1.958462007678463e-06, 1.2553880424093222e-06], [7.547035920651979e-07, 1.2011802255074144e-06, 5.436959327198565e-06, 2.9516074846469564e-06, 3.117549340458936e-06, 1.9049464299314423e-06], [9.578282060829224e-07, 2.5504609766358044e-06, 2.9516074846469564e-06, 1.480544960941188e-05, 8.79220988281304e-06, 5.14912835569703e-06], [7.381818818430474e-07, 1.958462007678463e-06, 3.117549340458936e-06, 8.79220988281304e-06, 1.4272959560912568e-05, 5.955088909104234e-06], [6.112886126174999e-07, 1.2553880424093222e-06, 1.9049464299314423e-06, 5.14912835569703e-06, 5.955088909104234e-06, 1.2352993508102372e-05]]</COVARIANCE_MATRIX>
		<ROI_SIZE>8659</ROI_SIZE>
		<MAX_VALUE>[0.08584557473659515, 0.06266511231660843, 0.04874878749251366, 0.07146559655666351, 0.0478469580411911, 0.03130706399679184]</MAX_VALUE>
		<MIN_VALUE>[0.06788425892591476, 0.04183083772659302, 0.024162476882338524, 0.014385484158992767, 0.0, 0.0]</MIN_VALUE>
		<SIGNATURE_THRESHOLD_MD>0.0</SIGNATURE_THRESHOLD_MD>
		<SIGNATURE_THRESHOLD_ML>0.0</SIGNATURE_THRESHOLD_ML>
		<SIGNATURE_THRESHOLD_SAM>0.0</SIGNATURE_THRESHOLD_SAM>
	</signature>
	<signature ID="20210204_124402623683_182">
		<MACROCLASSID>1</MACROCLASSID>
		<MACROCLASSINFO>waterbody</MACROCLASSINFO>
		<CLASSID>4</CLASSID>
		<CLASSINFO>C 1</CLASSINFO>
		<VALUES>[0.08615118808137097, 0.0022619909683682725, 0.08064716068745982, 0.004845910278808218, 0.0540367226662781, 0.003972955372841126, 0.04163746675648263, 0.010713504458220462, 0.011374942373271291, 0.008043468773011944, 0.0075203664888665684, 0.006420219076393915]</VALUES>
		<LCS_MIN>[0.07786276936531067, 0.058498259633779526, 0.038211796432733536, 0.023167036473751068, 0.0, 0.0]</LCS_MIN>
		<LCS_MAX>[0.09183268249034882, 0.09599992632865906, 0.0698227733373642, 0.08463791757822037, 0.05067386105656624, 0.05566510185599327]</LCS_MAX>
		<WAVELENGTH>[0.485, 0.56, 0.66, 0.83, 1.65, 2.215]</WAVELENGTH>
		<MEAN_VALUE>[0.08615118808137097, 0.08064716068745982, 0.0540367226662781, 0.04163746675648263, 0.011374942373271291, 0.0075203664888665684]</MEAN_VALUE>
		<CHECKBOX>2</CHECKBOX>
		<SD>[0.0022619909683682725, 0.004845910278808218, 0.003972955372841126, 0.010713504458220462, 0.008043468773011944, 0.006420219076393915]</SD>
		<WAVELENGTH_UNIT>E-6m</WAVELENGTH_UNIT>
		<COLOR>#e1c023</COLOR>
		<COVARIANCE_MATRIX>[[5.126060841575963e-06, 3.5171278796042316e-06, 2.3845539089961676e-06, 2.4919195311667863e-06, 1.4607034017899423e-06, 1.7016266156133497e-06], [3.5171278796042316e-06, 2.3526252334704623e-05, 1.19180431283894e-05, 1.2433801202860195e-05, -1.2752192333209678e-06, 1.495709170740156e-06], [2.3845539089961676e-06, 1.19180431283894e-05, 1.5813549907761626e-05, 2.0335761291789822e-05, 1.0132590432476718e-05, 8.34474394650897e-06], [2.4919195311667863e-06, 1.2433801202860195e-05, 2.0335761291789822e-05, 0.00011499133688630536, 6.00389284954872e-05, 4.131660898565315e-05], [1.4607034017899423e-06, -1.2752192333209678e-06, 1.0132590432476718e-05, 6.00389284954872e-05, 6.481698073912412e-05, 3.952967017539777e-05], [1.7016266156133497e-06, 1.495709170740156e-06, 8.34474394650897e-06, 4.131660898565315e-05, 3.952967017539777e-05, 4.129540320718661e-05]]</COVARIANCE_MATRIX>
		<ROI_SIZE>542</ROI_SIZE>
		<MAX_VALUE>[0.09183268249034882, 0.09599992632865906, 0.0698227733373642, 0.08463791757822037, 0.05067386105656624, 0.05566510185599327]</MAX_VALUE>
		<MIN_VALUE>[0.07786276936531067, 0.058498259633779526, 0.038211796432733536, 0.023167036473751068, 0.0, 0.0]</MIN_VALUE>
		<SIGNATURE_THRESHOLD_MD>0.0</SIGNATURE_THRESHOLD_MD>
		<SIGNATURE_THRESHOLD_ML>0.0</SIGNATURE_THRESHOLD_ML>
		<SIGNATURE_THRESHOLD_SAM>0.0</SIGNATURE_THRESHOLD_SAM>
	</signature>
	<signature ID="20210204_124407809387_523">
		<MACROCLASSID>1</MACROCLASSID>
		<MACROCLASSINFO>waterbody</MACROCLASSINFO>
		<CLASSID>5</CLASSID>
		<CLASSINFO>C 1</CLASSINFO>
		<VALUES>[0.07593507610078176, 0.0020280605503066496, 0.04710640845544124, 0.0025483395460779183, 0.02694713523225949, 0.0024270738577682016, 0.02124464757533675, 0.00410374922448174, 0.0047120088660936935, 0.00384296409290503, 0.0034826331993863795, 0.003612984666717794]</VALUES>
		<LCS_MIN>[0.06588855385780334, 0.03766398876905441, 0.020650148391723633, 0.014385484158992767, 0.0, 0.0]</LCS_MIN>
		<LCS_MAX>[0.0898369774222374, 0.06683196872472763, 0.05928577855229378, 0.07146559655666351, 0.05350075289607048, 0.04754575714468956]</LCS_MAX>
		<WAVELENGTH>[0.485, 0.56, 0.66, 0.83, 1.65, 2.215]</WAVELENGTH>
		<MEAN_VALUE>[0.07593507610078176, 0.04710640845544124, 0.02694713523225949, 0.02124464757533675, 0.0047120088660936935, 0.0034826331993863795]</MEAN_VALUE>
		<CHECKBOX>2</CHECKBOX>
		<SD>[0.0020280605503066496, 0.0025483395460779183, 0.0024270738577682016, 0.00410374922448174, 0.00384296409290503, 0.003612984666717794]</SD>
		<WAVELENGTH_UNIT>E-6m</WAVELENGTH_UNIT>
		<COLOR>#c0a228</COLOR>
		<COVARIANCE_MATRIX>[[3.976871084887534e-06, 6.386990776263701e-07, 5.549294428419671e-07, 1.153038738266332e-06, 7.993247663762304e-07, 8.191663027901086e-07], [6.386990776263701e-07, 6.373353244271129e-06, 1.5228774827846792e-06, 3.5600401133706328e-06, 2.4641233267175267e-06, 2.0771449271705933e-06], [5.549294428419671e-07, 1.5228774827846792e-06, 5.879473519598832e-06, 3.7097690892551327e-06, 3.925892087863758e-06, 2.836154635588173e-06], [1.153038738266332e-06, 3.5600401133706328e-06, 3.7097690892551327e-06, 1.5082121535670012e-05, 7.817412551958114e-06, 5.51623406863655e-06], [7.993247663762304e-07, 2.4641233267175267e-06, 3.925892087863758e-06, 7.817412551958114e-06, 1.3689867046196014e-05, 6.305673650786048e-06], [8.191663027901086e-07, 2.0771449271705933e-06, 2.836154635588173e-06, 5.51623406863655e-06, 6.305673650786048e-06, 1.2294987755012698e-05]]</COVARIANCE_MATRIX>
		<ROI_SIZE>7744</ROI_SIZE>
		<MAX_VALUE>[0.0898369774222374, 0.06683196872472763, 0.05928577855229378, 0.07146559655666351, 0.05350075289607048, 0.04754575714468956]</MAX_VALUE>
		<MIN_VALUE>[0.06588855385780334, 0.03766398876905441, 0.020650148391723633, 0.014385484158992767, 0.0, 0.0]</MIN_VALUE>
		<SIGNATURE_THRESHOLD_MD>0.0</SIGNATURE_THRESHOLD_MD>
		<SIGNATURE_THRESHOLD_ML>0.0</SIGNATURE_THRESHOLD_ML>
		<SIGNATURE_THRESHOLD_SAM>0.0</SIGNATURE_THRESHOLD_SAM>
	</signature>
	<signature ID="20210204_124418089473_602">
		<MACROCLASSID>1</MACROCLASSID>
		<MACROCLASSINFO>waterbody</MACROCLASSINFO>
		<CLASSID>6</CLASSID>
		<CLASSINFO>C 1</CLASSINFO>
		<VALUES>[0.08571647387360327, 0.0024400194330058936, 0.0815041139631275, 0.0038201358531017877, 0.04820468361083619, 0.003939231387006083, 0.07069143730284601, 0.025438832270909168, 0.01545486575199092, 0.005940426292988894, 0.006425695731404235, 0.003493659781489876]</VALUES>
		<LCS_MIN>[0.07586706429719925, 0.07099882513284683, 0.038211796432733536, 0.027557814493775368, 0.0, 0.0]</LCS_MIN>
		<LCS_MAX>[0.09382838010787964, 0.09183308482170105, 0.05928577855229378, 0.12415491044521332, 0.0478469580411911, 0.03130706399679184]</LCS_MAX>
		<WAVELENGTH>[0.485, 0.56, 0.66, 0.83, 1.65, 2.215]</WAVELENGTH>
		<MEAN_VALUE>[0.08571647387360327, 0.0815041139631275, 0.04820468361083619, 0.07069143730284601, 0.01545486575199092, 0.006425695731404235]</MEAN_VALUE>
		<CHECKBOX>2</CHECKBOX>
		<SD>[0.0024400194330058936, 0.0038201358531017877, 0.003939231387006083, 0.025438832270909168, 0.005940426292988894, 0.003493659781489876]</SD>
		<WAVELENGTH_UNIT>E-6m</WAVELENGTH_UNIT>
		<COLOR>#66af2b</COLOR>
		<COVARIANCE_MATRIX>[[6.234468855836894e-06, 4.468855422601337e-06, 4.254914983903291e-06, 3.150232078041881e-05, 6.3508150560664944e-06, 1.7463339645473752e-06], [4.468855422601337e-06, 1.5881978470133618e-05, 1.0931130418612156e-05, 8.093848009593785e-05, 1.6531874280190095e-05, 4.176289166935021e-06], [4.254914983903291e-06, 1.0931130418612156e-05, 1.5909661669866182e-05, 7.792523683747277e-05, 1.639006586628966e-05, 4.235424057696946e-06], [3.150232078041881e-05, 8.093848009593785e-05, 7.792523683747277e-05, 0.000668148510158062, 0.00013020676851738244, 3.106763324467465e-05], [6.3508150560664944e-06, 1.6531874280190095e-05, 1.639006586628966e-05, 0.00013020676851738244, 3.617978291003965e-05, 8.531425010005478e-06], [1.7463339645473752e-06, 4.176289166935021e-06, 4.235424057696946e-06, 3.106763324467465e-05, 8.531425010005478e-06, 1.2221486031194218e-05]]</COVARIANCE_MATRIX>
		<ROI_SIZE>7112</ROI_SIZE>
		<MAX_VALUE>[0.09382838010787964, 0.09183308482170105, 0.05928577855229378, 0.12415491044521332, 0.0478469580411911, 0.03130706399679184]</MAX_VALUE>
		<MIN_VALUE>[0.07586706429719925, 0.07099882513284683, 0.038211796432733536, 0.027557814493775368, 0.0, 0.0]</MIN_VALUE>
		<SIGNATURE_THRESHOLD_MD>0.0</SIGNATURE_THRESHOLD_MD>
		<SIGNATURE_THRESHOLD_ML>0.0</SIGNATURE_THRESHOLD_ML>
		<SIGNATURE_THRESHOLD_SAM>0.0</SIGNATURE_THRESHOLD_SAM>
	</signature>
	<signature ID="20210204_124427671123_605">
		<MACROCLASSID>1</MACROCLASSID>
		<MACROCLASSINFO>waterbody</MACROCLASSINFO>
		<CLASSID>7</CLASSID>
		<CLASSINFO>C 1</CLASSINFO>
		<VALUES>[0.08419775362035813, 0.006814364211922026, 0.08537645577725211, 0.016899453928837405, 0.05131143163711311, 0.009115657454776082, 0.03498691258372143, 0.003565722598645803, 0.0037926160228478833, 0.00256263685109701, 0.002855356041752183, 0.002736906922550216]</VALUES>
		<LCS_MIN>[0.06788425892591476, 0.05433140695095062, 0.031187135726213455, 0.023167036473751068, 0.0, 0.0]</LCS_MIN>
		<LCS_MAX>[0.0998154878616333, 0.10850049555301666, 0.0698227733373642, 0.08024714142084122, 0.03371249884366989, 0.011008699424564838]</LCS_MAX>
		<WAVELENGTH>[0.485, 0.56, 0.66, 0.83, 1.65, 2.215]</WAVELENGTH>
		<MEAN_VALUE>[0.08419775362035813, 0.08537645577725211, 0.05131143163711311, 0.03498691258372143, 0.0037926160228478833, 0.002855356041752183]</MEAN_VALUE>
		<CHECKBOX>2</CHECKBOX>
		<SD>[0.006814364211922026, 0.016899453928837405, 0.009115657454776082, 0.003565722598645803, 0.00256263685109701, 0.002736906922550216]</SD>
		<WAVELENGTH_UNIT>E-6m</WAVELENGTH_UNIT>
		<COLOR>#a84151</COLOR>
		<COVARIANCE_MATRIX>[[3.95305578422267e-05, 8.909477764973417e-05, 4.641143823391758e-05, 3.327971171529498e-06, -4.802109856427705e-07, -3.489577409254707e-07], [8.909477764973417e-05, 0.00023407067055813968, 0.00012038266868330538, 7.943572200019844e-06, -1.9685476218000986e-06, -1.2320759879003162e-06], [4.641143823391758e-05, 0.00012038266868330538, 6.798031972721219e-05, 5.725993560190545e-06, -7.590012387481693e-07, -5.75147623749217e-07], [3.327971171529498e-06, 7.943572200019844e-06, 5.725993560190545e-06, 1.7193313397001475e-05, 2.2492522475658916e-06, 8.817914931569248e-07], [-4.802109856427705e-07, -1.9685476218000986e-06, -7.590012387481693e-07, 2.2492522475658916e-06, 7.044939138722839e-06, 1.3196039390095393e-06], [-3.489577409254707e-07, -1.2320759879003162e-06, -5.75147623749217e-07, 8.817914931569248e-07, 1.3196039390095393e-06, 7.505613211833406e-06]]</COVARIANCE_MATRIX>
		<ROI_SIZE>10171</ROI_SIZE>
		<MAX_VALUE>[0.0998154878616333, 0.10850049555301666, 0.0698227733373642, 0.08024714142084122, 0.03371249884366989, 0.011008699424564838]</MAX_VALUE>
		<MIN_VALUE>[0.06788425892591476, 0.05433140695095062, 0.031187135726213455, 0.023167036473751068, 0.0, 0.0]</MIN_VALUE>
		<SIGNATURE_THRESHOLD_MD>0.0</SIGNATURE_THRESHOLD_MD>
		<SIGNATURE_THRESHOLD_ML>0.0</SIGNATURE_THRESHOLD_ML>
		<SIGNATURE_THRESHOLD_SAM>0.0</SIGNATURE_THRESHOLD_SAM>
	</signature>
	<signature ID="20210204_124439440282_594">
		<MACROCLASSID>1</MACROCLASSID>
		<MACROCLASSINFO>waterbody</MACROCLASSINFO>
		<CLASSID>8</CLASSID>
		<CLASSINFO>C 1</CLASSINFO>
		<VALUES>[0.08834955921430018, 0.0025567280968972123, 0.09379752988415796, 0.006534485145314559, 0.06971149970810349, 0.009092656312737884, 0.03339632464438478, 0.006919639788200784, 0.00737253064309101, 0.006267817283183403, 0.004953719185131061, 0.005148936433754705]</VALUES>
		<LCS_MIN>[0.07985847443342209, 0.07933252304792404, 0.0522611178457737, 0.018776260316371918, 0.0, 0.0]</LCS_MIN>
		<LCS_MAX>[0.09781977534294128, 0.12100107222795486, 0.11548305302858353, 0.08024714142084122, 0.05350075289607048, 0.04754575714468956]</LCS_MAX>
		<WAVELENGTH>[0.485, 0.56, 0.66, 0.83, 1.65, 2.215]</WAVELENGTH>
		<MEAN_VALUE>[0.08834955921430018, 0.09379752988415796, 0.06971149970810349, 0.03339632464438478, 0.00737253064309101, 0.004953719185131061]</MEAN_VALUE>
		<CHECKBOX>2</CHECKBOX>
		<SD>[0.0025567280968972123, 0.006534485145314559, 0.009092656312737884, 0.006919639788200784, 0.006267817283183403, 0.005148936433754705]</SD>
		<WAVELENGTH_UNIT>E-6m</WAVELENGTH_UNIT>
		<COLOR>#91e917</COLOR>
		<COVARIANCE_MATRIX>[[6.033496902091429e-06, 6.648959242738783e-06, 8.630465345049743e-06, 2.9250495572341606e-06, 8.460582421321305e-07, 7.248095812428801e-07], [6.648959242738783e-06, 3.412642763578333e-05, 3.901318632415496e-05, 1.2842275282309856e-05, 2.9049222121102503e-06, 1.3678201185030048e-06], [8.630465345049743e-06, 3.901318632415496e-05, 6.790364568587393e-05, 3.3801712561398745e-05, 1.7806432879297063e-05, 1.1390945473976899e-05], [2.9250495572341606e-06, 1.2842275282309856e-05, 3.3801712561398745e-05, 4.373769843368791e-05, 2.7231189960730262e-05, 1.821460682549514e-05], [8.460582421321305e-07, 2.9049222121102503e-06, 1.7806432879297063e-05, 2.7231189960730262e-05, 3.386590469744988e-05, 1.9111193978460506e-05], [7.248095812428801e-07, 1.3678201185030048e-06, 1.1390945473976899e-05, 1.821460682549514e-05, 1.9111193978460506e-05, 2.3115015210350975e-05]]</COVARIANCE_MATRIX>
		<ROI_SIZE>3778</ROI_SIZE>
		<MAX_VALUE>[0.09781977534294128, 0.12100107222795486, 0.11548305302858353, 0.08024714142084122, 0.05350075289607048, 0.04754575714468956]</MAX_VALUE>
		<MIN_VALUE>[0.07985847443342209, 0.07933252304792404, 0.0522611178457737, 0.018776260316371918, 0.0, 0.0]</MIN_VALUE>
		<SIGNATURE_THRESHOLD_MD>0.0</SIGNATURE_THRESHOLD_MD>
		<SIGNATURE_THRESHOLD_ML>0.0</SIGNATURE_THRESHOLD_ML>
		<SIGNATURE_THRESHOLD_SAM>0.0</SIGNATURE_THRESHOLD_SAM>
	</signature>
	<signature ID="20210204_124504521233_654">
		<MACROCLASSID>1</MACROCLASSID>
		<MACROCLASSINFO>waterbody</MACROCLASSINFO>
		<CLASSID>9</CLASSID>
		<CLASSINFO>C 1</CLASSINFO>
		<VALUES>[0.09511388001396921, 0.00408677498694893, 0.08386387584164416, 0.007138213942425392, 0.05781241498931979, 0.004928744308086271, 0.041524502602415095, 0.006828417149135869, 0.017419923127445558, 0.006670680576490024, 0.009425851869143204, 0.004809840688062329]</VALUES>
		<LCS_MIN>[0.07985847443342209, 0.058498259633779526, 0.038211796432733536, 0.031948596239089966, 0.005443561356514692, 0.0]</LCS_MIN>
		<LCS_MAX>[0.10380688309669495, 0.10016679018735886, 0.07333509624004364, 0.06707481294870377, 0.039366282522678375, 0.03130706399679184]</LCS_MAX>
		<WAVELENGTH>[0.485, 0.56, 0.66, 0.83, 1.65, 2.215]</WAVELENGTH>
		<MEAN_VALUE>[0.09511388001396921, 0.08386387584164416, 0.05781241498931979, 0.041524502602415095, 0.017419923127445558, 0.009425851869143204]</MEAN_VALUE>
		<CHECKBOX>2</CHECKBOX>
		<SD>[0.00408677498694893, 0.007138213942425392, 0.004928744308086271, 0.006828417149135869, 0.006670680576490024, 0.004809840688062329]</SD>
		<WAVELENGTH_UNIT>E-6m</WAVELENGTH_UNIT>
		<COLOR>#f42fbd</COLOR>
		<COVARIANCE_MATRIX>[[1.5374951544799842e-05, 2.1613861463265494e-05, 1.4068708878767211e-05, -1.194413380289916e-05, -8.56402130011702e-06, -2.267395984745235e-06], [2.1613861463265494e-05, 5.129160126671195e-05, 3.0848987080389634e-05, -2.6955171051668003e-05, -1.8409893527859822e-05, -5.686872555088485e-06], [1.4068708878767211e-05, 3.0848987080389634e-05, 2.4827888410072774e-05, -1.3665979167853948e-05, -7.324163561861496e-06, -4.632101706647518e-07], [-1.194413380289916e-05, -2.6955171051668003e-05, -1.3665979167853948e-05, 4.717475894722156e-05, 3.208908674423583e-05, 1.64967877935851e-05], [-8.56402130011702e-06, -1.8409893527859822e-05, -7.324163561861496e-06, 3.208908674423583e-05, 4.4396292651072145e-05, 2.007821785809938e-05], [-2.267395984745235e-06, -5.686872555088485e-06, -4.632101706647518e-07, 1.64967877935851e-05, 2.007821785809938e-05, 2.2860142053104937e-05]]</COVARIANCE_MATRIX>
		<ROI_SIZE>895</ROI_SIZE>
		<MAX_VALUE>[0.10380688309669495, 0.10016679018735886, 0.07333509624004364, 0.06707481294870377, 0.039366282522678375, 0.03130706399679184]</MAX_VALUE>
		<MIN_VALUE>[0.07985847443342209, 0.058498259633779526, 0.038211796432733536, 0.031948596239089966, 0.005443561356514692, 0.0]</MIN_VALUE>
		<SIGNATURE_THRESHOLD_MD>0.0</SIGNATURE_THRESHOLD_MD>
		<SIGNATURE_THRESHOLD_ML>0.0</SIGNATURE_THRESHOLD_ML>
		<SIGNATURE_THRESHOLD_SAM>0.0</SIGNATURE_THRESHOLD_SAM>
	</signature>
	<signature ID="20210204_124512340598_216">
		<MACROCLASSID>1</MACROCLASSID>
		<MACROCLASSINFO>waterbody</MACROCLASSINFO>
		<CLASSID>10</CLASSID>
		<CLASSINFO>C 1</CLASSINFO>
		<VALUES>[0.09239036913780513, 0.0027964608024244795, 0.06986087738744934, 0.0033053148546434356, 0.046177404730496835, 0.003584288619782234, 0.044854739551834596, 0.005931364289868822, 0.01440584896278607, 0.005093080907382122, 0.007559942441974174, 0.004019672740474365]</VALUES>
		<LCS_MIN>[0.08185417205095291, 0.05433140695095062, 0.0346994623541832, 0.031948596239089966, 0.0, 0.0]</LCS_MIN>
		<LCS_MAX>[0.10181119292974472, 0.08349938690662384, 0.06279811263084412, 0.06707481294870377, 0.039366282522678375, 0.027247389778494835]</LCS_MAX>
		<WAVELENGTH>[0.485, 0.56, 0.66, 0.83, 1.65, 2.215]</WAVELENGTH>
		<MEAN_VALUE>[0.09239036913780513, 0.06986087738744934, 0.046177404730496835, 0.044854739551834596, 0.01440584896278607, 0.007559942441974174]</MEAN_VALUE>
		<CHECKBOX>2</CHECKBOX>
		<SD>[0.0027964608024244795, 0.0033053148546434356, 0.003584288619782234, 0.005931364289868822, 0.005093080907382122, 0.004019672740474365]</SD>
		<WAVELENGTH_UNIT>E-6m</WAVELENGTH_UNIT>
		<COLOR>#67ae6a</COLOR>
		<COVARIANCE_MATRIX>[[7.82471033744514e-06, 5.12196038471302e-06, 4.2532656152616255e-06, -6.310466460490716e-07, 7.879566510382574e-07, 1.247593331754615e-06], [5.12196038471302e-06, 1.0931417818937916e-05, 6.093552201491548e-06, 1.0912729919709818e-07, 1.7664308415987762e-06, 1.762724423315376e-06], [4.2532656152616255e-06, 6.093552201491548e-06, 1.2854547094320878e-05, 5.346683792595286e-06, 6.045864211046137e-06, 3.830417881545145e-06], [-6.310466460490716e-07, 1.0912729919709818e-07, 5.346683792595286e-06, 3.5201406717533246e-05, 1.8642153008840978e-05, 8.864083611115348e-06], [7.879566510382574e-07, 1.7664308415987762e-06, 6.045864211046137e-06, 1.8642153008840978e-05, 2.5954457669286057e-05, 1.0832764019141905e-05], [1.247593331754615e-06, 1.762724423315376e-06, 3.830417881545145e-06, 8.864083611115348e-06, 1.0832764019141905e-05, 1.6167103240150027e-05]]</COVARIANCE_MATRIX>
		<ROI_SIZE>1732</ROI_SIZE>
		<MAX_VALUE>[0.10181119292974472, 0.08349938690662384, 0.06279811263084412, 0.06707481294870377, 0.039366282522678375, 0.027247389778494835]</MAX_VALUE>
		<MIN_VALUE>[0.08185417205095291, 0.05433140695095062, 0.0346994623541832, 0.031948596239089966, 0.0, 0.0]</MIN_VALUE>
		<SIGNATURE_THRESHOLD_MD>0.0</SIGNATURE_THRESHOLD_MD>
		<SIGNATURE_THRESHOLD_ML>0.0</SIGNATURE_THRESHOLD_ML>
		<SIGNATURE_THRESHOLD_SAM>0.0</SIGNATURE_THRESHOLD_SAM>
	</signature>
	<signature ID="20210204_124524409345_602">
		<MACROCLASSID>1</MACROCLASSID>
		<MACROCLASSINFO>waterbody</MACROCLASSINFO>
		<CLASSID>11</CLASSID>
		<CLASSINFO>C 1</CLASSINFO>
		<VALUES>[0.09465013822929105, 0.004520127023920353, 0.08927057838854308, 0.009569448666149517, 0.06959737691888834, 0.009063569545916642, 0.04192763184481126, 0.006284511120509129, 0.019321038215894266, 0.0063832027046467074, 0.011052117387908586, 0.00515891470799939]</VALUES>
		<LCS_MIN>[0.08185417205095291, 0.06266511231660843, 0.041724126785993576, 0.031948596239089966, 0.005443561356514692, 0.0028893521521240473]</LCS_MIN>
		<LCS_MAX>[0.10380688309669495, 0.10016679018735886, 0.08387209475040436, 0.06268403679132462, 0.04502006992697716, 0.03130706399679184]</LCS_MAX>
		<WAVELENGTH>[0.485, 0.56, 0.66, 0.83, 1.65, 2.215]</WAVELENGTH>
		<MEAN_VALUE>[0.09465013822929105, 0.08927057838854308, 0.06959737691888834, 0.04192763184481126, 0.019321038215894266, 0.011052117387908586]</MEAN_VALUE>
		<CHECKBOX>2</CHECKBOX>
		<SD>[0.004520127023920353, 0.009569448666149517, 0.009063569545916642, 0.006284511120509129, 0.0063832027046467074, 0.00515891470799939]</SD>
		<WAVELENGTH_UNIT>E-6m</WAVELENGTH_UNIT>
		<COLOR>#25e114</COLOR>
		<COVARIANCE_MATRIX>[[2.00533486349741e-05, 3.410519639146514e-05, 3.138066313113086e-05, -8.800927389529534e-06, -1.4060108242119895e-06, 2.2732242541678715e-06], [3.410519639146514e-05, 8.589899516664445e-05, 7.408733654301614e-05, -1.857827191997785e-05, -9.940234804162174e-07, 6.1550626924145035e-06], [3.138066313113086e-05, 7.408733654301614e-05, 7.383508636849001e-05, -1.624889591766987e-05, -6.268513743634685e-07, 5.49667402083287e-06], [-8.800927389529534e-06, -1.857827191997785e-05, -1.624889591766987e-05, 4.881743370788172e-05, 2.6461571906111203e-05, 1.3290626156958751e-05], [-1.4060108242119895e-06, -9.940234804162174e-07, -6.268513743634685e-07, 2.6461571906111203e-05, 4.4483778765425086e-05, 2.287293682456948e-05], [2.2732242541678715e-06, 6.1550626924145035e-06, 5.49667402083287e-06, 1.3290626156958751e-05, 2.287293682456948e-05, 2.650612805155106e-05]]</COVARIANCE_MATRIX>
		<ROI_SIZE>387</ROI_SIZE>
		<MAX_VALUE>[0.10380688309669495, 0.10016679018735886, 0.08387209475040436, 0.06268403679132462, 0.04502006992697716, 0.03130706399679184]</MAX_VALUE>
		<MIN_VALUE>[0.08185417205095291, 0.06266511231660843, 0.041724126785993576, 0.031948596239089966, 0.005443561356514692, 0.0028893521521240473]</MIN_VALUE>
		<SIGNATURE_THRESHOLD_MD>0.0</SIGNATURE_THRESHOLD_MD>
		<SIGNATURE_THRESHOLD_ML>0.0</SIGNATURE_THRESHOLD_ML>
		<SIGNATURE_THRESHOLD_SAM>0.0</SIGNATURE_THRESHOLD_SAM>
	</signature>
	<signature ID="20210204_124533566487_400">
		<MACROCLASSID>1</MACROCLASSID>
		<MACROCLASSINFO>waterbody</MACROCLASSINFO>
		<CLASSID>12</CLASSID>
		<CLASSINFO>C 1</CLASSINFO>
		<VALUES>[0.09955678231738234, 0.0026622212851212957, 0.10047544276824705, 0.0034817973780790477, 0.10162887239345798, 0.004504910534348296, 0.0721160763943637, 0.010259334120841188, 0.03277019835594627, 0.011476450297535584, 0.022962179246220602, 0.008537714703368999]</VALUES>
		<LCS_MIN>[0.09382838010787964, 0.08766622841358185, 0.0873844251036644, 0.049511704593896866, 0.013924241997301579, 0.0028893521521240473]</LCS_MIN>
		<LCS_MAX>[0.10580258816480637, 0.10850049555301666, 0.11197073012590408, 0.09341947734355927, 0.05632764473557472, 0.043486081063747406]</LCS_MAX>
		<WAVELENGTH>[0.485, 0.56, 0.66, 0.83, 1.65, 2.215]</WAVELENGTH>
		<MEAN_VALUE>[0.09955678231738234, 0.10047544276824705, 0.10162887239345798, 0.0721160763943637, 0.03277019835594627, 0.022962179246220602]</MEAN_VALUE>
		<CHECKBOX>2</CHECKBOX>
		<SD>[0.0026622212851212957, 0.0034817973780790477, 0.004504910534348296, 0.010259334120841188, 0.011476450297535584, 0.008537714703368999]</SD>
		<WAVELENGTH_UNIT>E-6m</WAVELENGTH_UNIT>
		<COLOR>#e0988f</COLOR>
		<COVARIANCE_MATRIX>[[7.22114691598108e-06, 3.847004336421378e-06, 4.680393431044649e-06, 3.147452616758528e-06, 5.3932512855681125e-06, 8.959646947914734e-06], [3.847004336421378e-06, 1.2351647455943748e-05, 1.0155772542930208e-05, 1.1762323310904321e-06, 4.5190786295279395e-06, 5.8160044318356086e-06], [4.680393431044649e-06, 1.0155772542930208e-05, 2.067712921416387e-05, -6.239865797397215e-06, -3.559439619493787e-06, 1.6590571476626792e-06], [3.147452616758528e-06, 1.1762323310904321e-06, -6.239865797397215e-06, 0.00010723985906224698, 7.837677549105138e-05, 4.925263056065887e-05], [5.3932512855681125e-06, 4.5190786295279395e-06, -3.559439619493787e-06, 7.837677549105138e-05, 0.00013419397873803973, 8.2066108006984e-05], [8.959646947914734e-06, 5.8160044318356086e-06, 1.6590571476626792e-06, 4.925263056065887e-05, 8.2066108006984e-05, 7.426790398312733e-05]]</COVARIANCE_MATRIX>
		<ROI_SIZE>54</ROI_SIZE>
		<MAX_VALUE>[0.10580258816480637, 0.10850049555301666, 0.11197073012590408, 0.09341947734355927, 0.05632764473557472, 0.043486081063747406]</MAX_VALUE>
		<MIN_VALUE>[0.09382838010787964, 0.08766622841358185, 0.0873844251036644, 0.049511704593896866, 0.013924241997301579, 0.0028893521521240473]</MIN_VALUE>
		<SIGNATURE_THRESHOLD_MD>0.0</SIGNATURE_THRESHOLD_MD>
		<SIGNATURE_THRESHOLD_ML>0.0</SIGNATURE_THRESHOLD_ML>
		<SIGNATURE_THRESHOLD_SAM>0.0</SIGNATURE_THRESHOLD_SAM>
	</signature>
	<signature ID="20210204_124549144086_979">
		<MACROCLASSID>1</MACROCLASSID>
		<MACROCLASSINFO>waterbody</MACROCLASSINFO>
		<CLASSID>13</CLASSID>
		<CLASSINFO>C 1</CLASSINFO>
		<VALUES>[0.09799587247627127, 0.002616659138470472, 0.1202657416212458, 0.003993314539624338, 0.10465091670385929, 0.0055689466072154515, 0.04130205497959586, 0.005963022619284817, 0.012595705482560922, 0.006082798569341741, 0.00860651591283997, 0.005253486461384884]</VALUES>
		<LCS_MIN>[0.0898369774222374, 0.10016679018735886, 0.08387209475040436, 0.031948596239089966, 0.0, 0.0]</LCS_MIN>
		<LCS_MAX>[0.10380688309669495, 0.12933477759361267, 0.11548305302858353, 0.06268403679132462, 0.03371249884366989, 0.03130706399679184]</LCS_MAX>
		<WAVELENGTH>[0.485, 0.56, 0.66, 0.83, 1.65, 2.215]</WAVELENGTH>
		<MEAN_VALUE>[0.09799587247627127, 0.1202657416212458, 0.10465091670385929, 0.04130205497959586, 0.012595705482560922, 0.00860651591283997]</MEAN_VALUE>
		<CHECKBOX>2</CHECKBOX>
		<SD>[0.002616659138470472, 0.003993314539624338, 0.0055689466072154515, 0.005963022619284817, 0.006082798569341741, 0.005253486461384884]</SD>
		<WAVELENGTH_UNIT>E-6m</WAVELENGTH_UNIT>
		<COLOR>#cbdae2</COLOR>
		<COVARIANCE_MATRIX>[[6.875794952065917e-06, 3.814247975242324e-06, 3.926677436538739e-06, -2.6522925509198103e-06, -8.124606551973557e-07, -1.2647608400584431e-06], [3.814247975242324e-06, 1.6013846106943674e-05, 1.021824027702678e-05, -1.270121538254898e-05, -5.006857463740744e-06, -4.843006990995491e-06], [3.926677436538739e-06, 1.021824027702678e-05, 3.1144023523665965e-05, -1.9127646737615578e-06, 2.2161361812322866e-06, 2.089152758344426e-06], [-2.6522925509198103e-06, -1.270121538254898e-05, -1.9127646737615578e-06, 3.5707671486306936e-05, 2.144620884791948e-05, 1.4508431377180386e-05], [-8.124606551973557e-07, -5.006857463740744e-06, 2.2161361812322866e-06, 2.144620884791948e-05, 3.715655839187093e-05, 2.1519157598959282e-05], [-1.2647608400584431e-06, -4.843006990995491e-06, 2.089152758344426e-06, 1.4508431377180386e-05, 2.1519157598959282e-05, 2.7715572286979295e-05]]</COVARIANCE_MATRIX>
		<ROI_SIZE>238</ROI_SIZE>
		<MAX_VALUE>[0.10380688309669495, 0.12933477759361267, 0.11548305302858353, 0.06268403679132462, 0.03371249884366989, 0.03130706399679184]</MAX_VALUE>
		<MIN_VALUE>[0.0898369774222374, 0.10016679018735886, 0.08387209475040436, 0.031948596239089966, 0.0, 0.0]</MIN_VALUE>
		<SIGNATURE_THRESHOLD_MD>0.0</SIGNATURE_THRESHOLD_MD>
		<SIGNATURE_THRESHOLD_ML>0.0</SIGNATURE_THRESHOLD_ML>
		<SIGNATURE_THRESHOLD_SAM>0.0</SIGNATURE_THRESHOLD_SAM>
	</signature>
	<signature ID="20210204_124611524320_231">
		<MACROCLASSID>1</MACROCLASSID>
		<MACROCLASSINFO>waterbody</MACROCLASSINFO>
		<CLASSID>14</CLASSID>
		<CLASSINFO>C 1</CLASSINFO>
		<VALUES>[0.10620999975493675, 0.004431943913680462, 0.11624246615277246, 0.0081188498692778, 0.081357345833669, 0.008872282237127846, 0.033780249535552476, 0.006191929142415272, 0.011105711790925921, 0.005234705548710145, 0.007680927346785663, 0.004956562339251068]</VALUES>
		<LCS_MIN>[0.0898369774222374, 0.10016679018735886, 0.05928577855229378, 0.023167036473751068, 0.002616667654365301, 0.0]</LCS_MIN>
		<LCS_MAX>[0.11777682602405548, 0.13350161910057068, 0.11197073012590408, 0.05390247702598572, 0.03371249884366989, 0.027247389778494835]</LCS_MAX>
		<WAVELENGTH>[0.485, 0.56, 0.66, 0.83, 1.65, 2.215]</WAVELENGTH>
		<MEAN_VALUE>[0.10620999975493675, 0.11624246615277246, 0.081357345833669, 0.033780249535552476, 0.011105711790925921, 0.007680927346785663]</MEAN_VALUE>
		<CHECKBOX>2</CHECKBOX>
		<SD>[0.004431943913680462, 0.0081188498692778, 0.008872282237127846, 0.006191929142415272, 0.005234705548710145, 0.004956562339251068]</SD>
		<WAVELENGTH_UNIT>E-6m</WAVELENGTH_UNIT>
		<COLOR>#bbe764</COLOR>
		<COVARIANCE_MATRIX>[[1.97004119399935e-05, 2.410348315606825e-05, -4.8171987145906314e-06, -1.419149248249596e-05, -2.5312751859019045e-06, -1.2187008451292058e-06], [2.410348315606825e-05, 6.611131539102644e-05, 2.6214838726446033e-05, -1.3462637980410364e-05, 6.690755753879785e-07, 2.4395208129135426e-06], [-4.8171987145906314e-06, 2.6214838726446033e-05, 7.895097223808989e-05, 1.7433232642360963e-05, 1.136429636972025e-05, 1.0264840966556221e-05], [-1.419149248249596e-05, -1.3462637980410364e-05, 1.7433232642360963e-05, 3.845375613309443e-05, 9.7081847343361e-06, 7.6168321356817614e-06], [-2.5312751859019045e-06, 6.690755753879785e-07, 1.136429636972025e-05, 9.7081847343361e-06, 2.7483454687171616e-05, 1.5344030543928966e-05], [-1.2187008451292058e-06, 2.4395208129135426e-06, 1.0264840966556221e-05, 7.6168321356817614e-06, 1.5344030543928966e-05, 2.4640410629217513e-05]]</COVARIANCE_MATRIX>
		<ROI_SIZE>338</ROI_SIZE>
		<MAX_VALUE>[0.11777682602405548, 0.13350161910057068, 0.11197073012590408, 0.05390247702598572, 0.03371249884366989, 0.027247389778494835]</MAX_VALUE>
		<MIN_VALUE>[0.0898369774222374, 0.10016679018735886, 0.05928577855229378, 0.023167036473751068, 0.002616667654365301, 0.0]</MIN_VALUE>
		<SIGNATURE_THRESHOLD_MD>0.0</SIGNATURE_THRESHOLD_MD>
		<SIGNATURE_THRESHOLD_ML>0.0</SIGNATURE_THRESHOLD_ML>
		<SIGNATURE_THRESHOLD_SAM>0.0</SIGNATURE_THRESHOLD_SAM>
	</signature>
	<signature ID="20210204_124620037970_352">
		<MACROCLASSID>1</MACROCLASSID>
		<MACROCLASSINFO>waterbody</MACROCLASSINFO>
		<CLASSID>15</CLASSID>
		<CLASSINFO>C 1</CLASSINFO>
		<VALUES>[0.10990739275108682, 0.0037500463593204856, 0.12777220076796683, 0.008733969779100877, 0.10354912103238428, 0.009255559969907696, 0.037337274332954126, 0.007392574644247847, 0.01585166896587576, 0.006839274538875696, 0.010719431558920238, 0.006355480412012359]</VALUES>
		<LCS_MIN>[0.09582407772541046, 0.10433363914489746, 0.09089675545692444, 0.023167036473751068, 0.005443561356514692, 0.0]</LCS_MIN>
		<LCS_MAX>[0.11578111350536346, 0.1460021734237671, 0.12602004408836365, 0.06268403679132462, 0.036539386957883835, 0.027247389778494835]</LCS_MAX>
		<WAVELENGTH>[0.485, 0.56, 0.66, 0.83, 1.65, 2.215]</WAVELENGTH>
		<MEAN_VALUE>[0.10990739275108682, 0.12777220076796683, 0.10354912103238428, 0.037337274332954126, 0.01585166896587576, 0.010719431558920238]</MEAN_VALUE>
		<CHECKBOX>2</CHECKBOX>
		<SD>[0.0037500463593204856, 0.008733969779100877, 0.009255559969907696, 0.007392574644247847, 0.006839274538875696, 0.006355480412012359]</SD>
		<WAVELENGTH_UNIT>E-6m</WAVELENGTH_UNIT>
		<COLOR>#ed361e</COLOR>
		<COVARIANCE_MATRIX>[[1.4224489859770983e-05, 1.9009261450264603e-05, -1.3294929885887541e-05, -1.66326281032525e-05, -8.456569958070759e-06, -4.861361958319321e-06], [1.9009261450264603e-05, 7.715903484495357e-05, 2.4539443984394893e-05, -1.9452356355031952e-05, 4.7387212021021696e-07, 9.399562259204686e-06], [-1.3294929885887541e-05, 2.4539443984394893e-05, 8.665004861541092e-05, 2.622682040964719e-05, 2.840186243702192e-05, 2.335022327315528e-05], [-1.66326281032525e-05, -1.9452356355031952e-05, 2.622682040964719e-05, 5.527832399820909e-05, 3.0725852411706e-05, 2.285717346239835e-05], [-8.456569958070759e-06, 4.7387212021021696e-07, 2.840186243702192e-05, 3.0725852411706e-05, 4.731332592200488e-05, 2.9543985874624923e-05], [-4.861361958319321e-06, 9.399562259204686e-06, 2.335022327315528e-05, 2.285717346239835e-05, 2.9543985874624923e-05, 4.085640830453485e-05]]</COVARIANCE_MATRIX>
		<ROI_SIZE>88</ROI_SIZE>
		<MAX_VALUE>[0.11578111350536346, 0.1460021734237671, 0.12602004408836365, 0.06268403679132462, 0.036539386957883835, 0.027247389778494835]</MAX_VALUE>
		<MIN_VALUE>[0.09582407772541046, 0.10433363914489746, 0.09089675545692444, 0.023167036473751068, 0.005443561356514692, 0.0]</MIN_VALUE>
		<SIGNATURE_THRESHOLD_MD>0.0</SIGNATURE_THRESHOLD_MD>
		<SIGNATURE_THRESHOLD_ML>0.0</SIGNATURE_THRESHOLD_ML>
		<SIGNATURE_THRESHOLD_SAM>0.0</SIGNATURE_THRESHOLD_SAM>
	</signature>
	<signature ID="20210204_124631551803_125">
		<MACROCLASSID>1</MACROCLASSID>
		<MACROCLASSINFO>waterbody</MACROCLASSINFO>
		<CLASSID>16</CLASSID>
		<CLASSINFO>C 1</CLASSINFO>
		<VALUES>[0.08594932557519429, 0.002516933999269286, 0.08046662609238146, 0.004589946798551135, 0.059586528996261975, 0.003526280136216506, 0.03337190414719079, 0.0063579237720879315, 0.011668556775692679, 0.005075374892328106, 0.007207273750563096, 0.004564024368834322]</VALUES>
		<LCS_MIN>[0.07786276936531067, 0.06266511231660843, 0.045236457139253616, 0.018776260316371918, 0.0, 0.0]</LCS_MIN>
		<LCS_MAX>[0.09382838010787964, 0.08766622841358185, 0.0698227733373642, 0.05390247702598572, 0.03371249884366989, 0.02318771369755268]</LCS_MAX>
		<WAVELENGTH>[0.485, 0.56, 0.66, 0.83, 1.65, 2.215]</WAVELENGTH>
		<MEAN_VALUE>[0.08594932557519429, 0.08046662609238146, 0.059586528996261975, 0.03337190414719079, 0.011668556775692679, 0.007207273750563096]</MEAN_VALUE>
		<CHECKBOX>2</CHECKBOX>
		<SD>[0.002516933999269286, 0.004589946798551135, 0.003526280136216506, 0.0063579237720879315, 0.005075374892328106, 0.004564024368834322]</SD>
