<?xml version="1.0" ?>
<signaturelist MCID_LIST="[['1', 'waterbody', '#000000'], ['2', 'vegetation', '#000000'], ['3', 'bareland', '#000000'], ['4', 'built-up', '#000000']]">
	<signature ID="20210210_143604312941_985">
		<MACROCLASSID>1</MACROCLASSID>
		<MACROCLASSINFO>waterbody</MACROCLASSINFO>
		<CLASSID>1</CLASSID>
		<CLASSINFO>C 1</CLASSINFO>
		<VALUES>[0.09618211695571637, 0.0012140423936933848, 0.0678381223314469, 0.003247484310196151, 0.04314275714759706, 0.003559955285303513, 0.027112378595903784, 0.006486349722613042, 0.00944167890010292, 0.0025320593709875043, 0.005928505427352808, 0.0019869562701320498]</VALUES>
		<LCS_MIN>[0.09159781038761139, 0.06060417369008064, 0.039763618260622025, 0.022475091740489006, 0.0062553007155656815, 0.0033319657668471336]</LCS_MIN>
		<LCS_MAX>[0.10209666192531586, 0.08798292279243469, 0.06519349664449692, 0.06371612101793289, 0.039480727165937424, 0.026372872292995453]</LCS_MAX>
		<WAVELENGTH>[0.48, 0.56, 0.655, 0.865, 1.61, 2.2]</WAVELENGTH>
		<MEAN_VALUE>[0.09618211695571637, 0.0678381223314469, 0.04314275714759706, 0.027112378595903784, 0.00944167890010292, 0.005928505427352808]</MEAN_VALUE>
		<CHECKBOX>2</CHECKBOX>
		<SD>[0.0012140423936933848, 0.003247484310196151, 0.003559955285303513, 0.006486349722613042, 0.0025320593709875043, 0.0019869562701320498]</SD>
		<WAVELENGTH_UNIT>E-6m</WAVELENGTH_UNIT>
		<COLOR>#029759</COLOR>
		<COVARIANCE_MATRIX>[[1.4744746754558034e-06, 2.941888952918058e-06, 2.7946004969831164e-06, 3.168453406782619e-06, 1.451572929082261e-06, 1.1471087557830118e-06], [2.941888952918058e-06, 1.0550273936511194e-05, 1.0511110543982218e-05, 1.4085576082305499e-05, 5.0169234829956835e-06, 3.949751302420354e-06], [2.7946004969831164e-06, 1.0511110543982218e-05, 1.2678232133998463e-05, 1.9806759867972858e-05, 6.042852683691336e-06, 4.728080764278014e-06], [3.168453406782619e-06, 1.4085576082305499e-05, 1.9806759867972858e-05, 4.208916738526269e-05, 1.0130238585206678e-05, 7.706746969103842e-06], [1.451572929082261e-06, 5.0169234829956835e-06, 6.042852683691336e-06, 1.0130238585206678e-05, 6.413829081900238e-06, 4.9055392279266794e-06], [1.1471087557830118e-06, 3.949751302420354e-06, 4.728080764278014e-06, 7.706746969103842e-06, 4.9055392279266794e-06, 3.949537405049645e-06]]</COVARIANCE_MATRIX>
		<ROI_SIZE>2561</ROI_SIZE>
		<MAX_VALUE>[0.10209666192531586, 0.08798292279243469, 0.06519349664449692, 0.06371612101793289, 0.039480727165937424, 0.026372872292995453]</MAX_VALUE>
		<MIN_VALUE>[0.09159781038761139, 0.06060417369008064, 0.039763618260622025, 0.022475091740489006, 0.0062553007155656815, 0.0033319657668471336]</MIN_VALUE>
		<SIGNATURE_THRESHOLD_MD>0</SIGNATURE_THRESHOLD_MD>
		<SIGNATURE_THRESHOLD_ML>0</SIGNATURE_THRESHOLD_ML>
		<SIGNATURE_THRESHOLD_SAM>0</SIGNATURE_THRESHOLD_SAM>
	</signature>
	<signature ID="20210210_143614977581_184">
		<MACROCLASSID>1</MACROCLASSID>
		<MACROCLASSINFO>waterbody</MACROCLASSINFO>
		<CLASSID>2</CLASSID>
		<CLASSINFO>C 1</CLASSINFO>
		<VALUES>[0.10149723309543948, 0.00228485493434445, 0.10458372902480274, 0.005229792282562674, 0.07621453922804486, 0.00486226658805679, 0.0325745193154221, 0.007251672221803558, 0.012174723960236299, 0.00657862928231919, 0.007762149785643349, 0.004659379657693033]</VALUES>
		<LCS_MIN>[0.09618713706731796, 0.08245059102773666, 0.06428192555904388, 0.0210920050740242, 0.0, 0.0]</LCS_MIN>
		<LCS_MAX>[0.11687049269676208, 0.13066989183425903, 0.11221831291913986, 0.06890267878770828, 0.048596493899822235, 0.034514203667640686]</LCS_MAX>
		<WAVELENGTH>[0.48, 0.56, 0.655, 0.865, 1.61, 2.2]</WAVELENGTH>
		<MEAN_VALUE>[0.10149723309543948, 0.10458372902480274, 0.07621453922804486, 0.0325745193154221, 0.012174723960236299, 0.007762149785643349]</MEAN_VALUE>
		<CHECKBOX>2</CHECKBOX>
		<SD>[0.00228485493434445, 0.005229792282562674, 0.00486226658805679, 0.007251672221803558, 0.00657862928231919, 0.004659379657693033]</SD>
		<WAVELENGTH_UNIT>E-6m</WAVELENGTH_UNIT>
		<COLOR>#ef3663</COLOR>
		<COVARIANCE_MATRIX>[[5.224197559905507e-06, 1.0060679860343954e-05, 1.0779683612357005e-05, 3.9618495122130965e-06, 1.4611469348195627e-06, 1.0047695701978627e-06], [1.0060679860343954e-05, 2.736977378624428e-05, 2.2195772037183535e-05, -7.820460246072925e-06, -6.812279333156659e-06, -5.060972871818071e-06], [1.0779683612357005e-05, 2.2195772037183535e-05, 2.3658099908412438e-05, 8.104973775230915e-06, 4.443841157605845e-06, 3.0329315735570634e-06], [3.9618495122130965e-06, -7.820460246072925e-06, 8.104973775230915e-06, 5.2623370311928956e-05, 3.788446809967241e-05, 2.6471230987904498e-05], [1.4611469348195627e-06, -6.812279333156659e-06, 4.443841157605845e-06, 3.788446809967241e-05, 4.330850137014453e-05, 3.0159188868748193e-05], [1.0047695701978627e-06, -5.060972871818071e-06, 3.0329315735570634e-06, 2.6471230987904498e-05, 3.0159188868748193e-05, 2.172493705273712e-05]]</COVARIANCE_MATRIX>
		<ROI_SIZE>1437</ROI_SIZE>
		<MAX_VALUE>[0.11687049269676208, 0.13066989183425903, 0.11221831291913986, 0.06890267878770828, 0.048596493899822235, 0.034514203667640686]</MAX_VALUE>
		<MIN_VALUE>[0.09618713706731796, 0.08245059102773666, 0.06428192555904388, 0.0210920050740242, 0.0, 0.0]</MIN_VALUE>
		<SIGNATURE_THRESHOLD_MD>0</SIGNATURE_THRESHOLD_MD>
		<SIGNATURE_THRESHOLD_ML>0</SIGNATURE_THRESHOLD_ML>
		<SIGNATURE_THRESHOLD_SAM>0</SIGNATURE_THRESHOLD_SAM>
	</signature>
	<signature ID="20210210_143620534173_180">
		<MACROCLASSID>1</MACROCLASSID>
		<MACROCLASSINFO>waterbody</MACROCLASSINFO>
		<CLASSID>3</CLASSID>
		<CLASSINFO>C 1</CLASSINFO>
		<VALUES>[0.10973593431064879, 0.004708846969591185, 0.12806228799633246, 0.010441789500268382, 0.10778022754982289, 0.013577021201819585, 0.04061801882692609, 0.009658411468649547, 0.016405925390321794, 0.00895431614158258, 0.011107136615099438, 0.006437065828645694]</VALUES>
		<LCS_MIN>[0.10363692045211792, 0.09470973163843155, 0.08119324594736099, 0.028101719915866852, 0.004840783309191465, 0.005123684648424387]</LCS_MIN>
		<LCS_MAX>[0.12174273282289505, 0.15424516797065735, 0.14899574220180511, 0.07261185348033905, 0.05079686641693115, 0.03794046863913536]</LCS_MAX>
		<WAVELENGTH>[0.48, 0.56, 0.655, 0.865, 1.61, 2.2]</WAVELENGTH>
		<MEAN_VALUE>[0.10973593431064879, 0.12806228799633246, 0.10778022754982289, 0.04061801882692609, 0.016405925390321794, 0.011107136615099438]</MEAN_VALUE>
		<CHECKBOX>2</CHECKBOX>
		<SD>[0.004708846969591185, 0.010441789500268382, 0.013577021201819585, 0.009658411468649547, 0.00895431614158258, 0.006437065828645694]</SD>
		<WAVELENGTH_UNIT>E-6m</WAVELENGTH_UNIT>
		<COLOR>#cdfd85</COLOR>
		<COVARIANCE_MATRIX>[[2.2217853947581715e-05, 3.441635466359164e-05, 6.029903310996296e-05, 1.7463170481884278e-05, 5.785585681465811e-06, 4.433208046316102e-06], [3.441635466359164e-05, 0.00010925034617308222, 0.00012039600065939953, -2.211833190285581e-05, -2.8078286240353625e-05, -1.948218217974789e-05], [6.029903310996296e-05, 0.00012039600065939953, 0.0001847064011024143, 3.097741983681839e-05, 3.8084255570279518e-06, 3.7350182384942837e-06], [1.7463170481884278e-05, -2.211833190285581e-05, 3.097741983681839e-05, 9.347260809793774e-05, 7.404103289898958e-05, 5.275635137950719e-05], [5.785585681465811e-06, -2.8078286240353625e-05, 3.8084255570279518e-06, 7.404103289898958e-05, 8.034110508365453e-05, 5.7226936306141124e-05], [4.433208046316102e-06, -1.948218217974789e-05, 3.7350182384942837e-06, 5.275635137950719e-05, 5.7226936306141124e-05, 4.15191883464676e-05]]</COVARIANCE_MATRIX>
		<ROI_SIZE>498</ROI_SIZE>
		<MAX_VALUE>[0.12174273282289505, 0.15424516797065735, 0.14899574220180511, 0.07261185348033905, 0.05079686641693115, 0.03794046863913536]</MAX_VALUE>
		<MIN_VALUE>[0.10363692045211792, 0.09470973163843155, 0.08119324594736099, 0.028101719915866852, 0.004840783309191465, 0.005123684648424387]</MIN_VALUE>
		<SIGNATURE_THRESHOLD_MD>0</SIGNATURE_THRESHOLD_MD>
		<SIGNATURE_THRESHOLD_ML>0</SIGNATURE_THRESHOLD_ML>
		<SIGNATURE_THRESHOLD_SAM>0</SIGNATURE_THRESHOLD_SAM>
	</signature>
	<signature ID="20210210_143625520138_206">
		<MACROCLASSID>1</MACROCLASSID>
		<MACROCLASSINFO>waterbody</MACROCLASSINFO>
		<CLASSID>4</CLASSID>
		<CLASSINFO>C 1</CLASSINFO>
		<VALUES>[0.10122806916379526, 0.0005630101504998487, 0.11631893363391231, 0.0022140952612055825, 0.09405984251927102, 0.0015222908070203068, 0.040120279798522986, 0.006472901788462876, 0.014608068217555236, 0.007446132055421385, 0.009915312553127092, 0.005377656461913492]</VALUES>
		<LCS_MIN>[0.09986486285924911, 0.10146797448396683, 0.09062335640192032, 0.03287964314222336, 0.000911574112251401, 0.0064439014531672]</LCS_MIN>
		<LCS_MAX>[0.1031654104590416, 0.11922804266214371, 0.0992676317691803, 0.07566092163324356, 0.04655331373214722, 0.03240814059972763]</LCS_MAX>
		<WAVELENGTH>[0.48, 0.56, 0.655, 0.865, 1.61, 2.2]</WAVELENGTH>
		<MEAN_VALUE>[0.10122806916379526, 0.11631893363391231, 0.09405984251927102, 0.040120279798522986, 0.014608068217555236, 0.009915312553127092]</MEAN_VALUE>
		<CHECKBOX>2</CHECKBOX>
		<SD>[0.0005630101504998487, 0.0022140952612055825, 0.0015222908070203068, 0.006472901788462876, 0.007446132055421385, 0.005377656461913492]</SD>
		<WAVELENGTH_UNIT>E-6m</WAVELENGTH_UNIT>
		<COLOR>#573115</COLOR>
		<COVARIANCE_MATRIX>[[3.183408605940242e-07, -7.83461963868035e-09, 6.682844019459934e-07, 1.761669693257211e-06, 1.5918705661288362e-06, 1.186066015114849e-06], [-7.83461963868035e-09, 4.923257387176688e-06, 4.387775304667359e-07, -9.94555044835468e-06, -9.054548068527396e-06, -6.678752585187199e-06], [6.682844019459934e-07, 4.387775304667359e-07, 2.3273150921305717e-06, 5.018901203073282e-06, 5.431565423281918e-06, 4.09537497253954e-06], [1.761669693257211e-06, -9.94555044835468e-06, 5.018901203073282e-06, 4.207827926936527e-05, 4.299728718646496e-05, 3.142793931684743e-05], [1.5918705661288362e-06, -9.054548068527396e-06, 5.431565423281918e-06, 4.299728718646496e-05, 5.568284345624505e-05, 3.971399072524308e-05], [1.186066015114849e-06, -6.678752585187199e-06, 4.09537497253954e-06, 3.142793931684743e-05, 3.971399072524308e-05, 2.9043305713443008e-05]]</COVARIANCE_MATRIX>
		<ROI_SIZE>234</ROI_SIZE>
		<MAX_VALUE>[0.1031654104590416, 0.11922804266214371, 0.0992676317691803, 0.07566092163324356, 0.04655331373214722, 0.03240814059972763]</MAX_VALUE>
		<MIN_VALUE>[0.09986486285924911, 0.10146797448396683, 0.09062335640192032, 0.03287964314222336, 0.000911574112251401, 0.0064439014531672]</MIN_VALUE>
		<SIGNATURE_THRESHOLD_MD>0</SIGNATURE_THRESHOLD_MD>
		<SIGNATURE_THRESHOLD_ML>0</SIGNATURE_THRESHOLD_ML>
		<SIGNATURE_THRESHOLD_SAM>0</SIGNATURE_THRESHOLD_SAM>
	</signature>
	<signature ID="20210210_143629076742_742">
		<MACROCLASSID>1</MACROCLASSID>
		<MACROCLASSINFO>waterbody</MACROCLASSINFO>
		<CLASSID>5</CLASSID>
		<CLASSINFO>C 1</CLASSINFO>
		<VALUES>[0.09941386247890589, 0.0008700163304682881, 0.1078739330748429, 0.0014976207790315286, 0.0825918205262382, 0.002264267605432087, 0.06064137712049025, 0.006267700485185746, 0.01559065448363191, 0.0077773237950232365, 0.010946211299368574, 0.00607643218919508]</VALUES>
		<LCS_MIN>[0.09766451269388199, 0.1038883775472641, 0.0799044743180275, 0.055008962750434875, 0.008235620334744453, 0.005878099240362644]</LCS_MIN>
		<LCS_MAX>[0.10307109355926514, 0.11165250837802887, 0.09172353148460388, 0.09235221147537231, 0.04953952133655548, 0.035740118473768234]</LCS_MAX>
		<WAVELENGTH>[0.48, 0.56, 0.655, 0.865, 1.61, 2.2]</WAVELENGTH>
		<MEAN_VALUE>[0.09941386247890589, 0.1078739330748429, 0.0825918205262382, 0.06064137712049025, 0.01559065448363191, 0.010946211299368574]</MEAN_VALUE>
		<CHECKBOX>2</CHECKBOX>
		<SD>[0.0008700163304682881, 0.0014976207790315286, 0.002264267605432087, 0.006267700485185746, 0.0077773237950232365, 0.00607643218919508]</SD>
		<WAVELENGTH_UNIT>E-6m</WAVELENGTH_UNIT>
		<COLOR>#c778c2</COLOR>
		<COVARIANCE_MATRIX>[[7.606028250643903e-07, 6.87744838318769e-07, 1.8018477467435558e-06, 4.495637451945144e-06, 4.578484866632404e-06, 3.458192818230618e-06], [6.87744838318769e-07, 2.2537557065141697e-06, 1.9621869850038143e-06, 1.5256222876832904e-06, -3.3457922754226067e-07, -3.9640222421274476e-07], [1.8018477467435558e-06, 1.9621869850038143e-06, 5.1517956908975735e-06, 1.2098501513747652e-05, 1.2227188764711881e-05, 9.22275088853679e-06], [4.495637451945144e-06, 1.5256222876832904e-06, 1.2098501513747652e-05, 3.9474768737881154e-05, 4.2157203877281326e-05, 3.131960909540304e-05], [4.578484866632404e-06, -3.3457922754226067e-07, 1.2227188764711881e-05, 4.2157203877281326e-05, 6.0780390487453215e-05, 4.684820896032975e-05], [3.458192818230618e-06, -3.9640222421274476e-07, 9.22275088853679e-06, 3.131960909540304e-05, 4.684820896032975e-05, 3.7102266150613706e-05]]</COVARIANCE_MATRIX>
		<ROI_SIZE>207</ROI_SIZE>
		<MAX_VALUE>[0.10307109355926514, 0.11165250837802887, 0.09172353148460388, 0.09235221147537231, 0.04953952133655548, 0.035740118473768234]</MAX_VALUE>
		<MIN_VALUE>[0.09766451269388199, 0.1038883775472641, 0.0799044743180275, 0.055008962750434875, 0.008235620334744453, 0.005878099240362644]</MIN_VALUE>
		<SIGNATURE_THRESHOLD_MD>0</SIGNATURE_THRESHOLD_MD>
		<SIGNATURE_THRESHOLD_ML>0</SIGNATURE_THRESHOLD_ML>
		<SIGNATURE_THRESHOLD_SAM>0</SIGNATURE_THRESHOLD_SAM>
	</signature>
	<signature ID="20210210_143634079637_892">
		<MACROCLASSID>1</MACROCLASSID>
		<MACROCLASSINFO>waterbody</MACROCLASSINFO>
		<CLASSID>6</CLASSID>
		<CLASSINFO>C 1</CLASSINFO>
		<VALUES>[0.10256039756332518, 0.0010493060288101965, 0.09417895278663231, 0.0031878404429909546, 0.060847515445698365, 0.00606357074156115, 0.029467118209929057, 0.007754254176596764, 0.015133827793705826, 0.008736572313934252, 0.01017291995895028, 0.006337823255350556]</VALUES>
		<LCS_MIN>[0.0988275408744812, 0.08474525809288025, 0.05504041537642479, 0.020997704938054085, 0.0, 0.0026718631852418184]</LCS_MIN>
		<LCS_MAX>[0.10687458515167236, 0.10954645276069641, 0.08458808064460754, 0.06431335210800171, 0.04853363335132599, 0.03319398686289787]</LCS_MAX>
		<WAVELENGTH>[0.48, 0.56, 0.655, 0.865, 1.61, 2.2]</WAVELENGTH>
		<MEAN_VALUE>[0.10256039756332518, 0.09417895278663231, 0.060847515445698365, 0.029467118209929057, 0.015133827793705826, 0.01017291995895028]</MEAN_VALUE>
		<CHECKBOX>2</CHECKBOX>
		<SD>[0.0010493060288101965, 0.0031878404429909546, 0.00606357074156115, 0.007754254176596764, 0.008736572313934252, 0.006337823255350556]</SD>
		<WAVELENGTH_UNIT>E-6m</WAVELENGTH_UNIT>
		<COLOR>#00ea27</COLOR>
		<COVARIANCE_MATRIX>[[1.1052455968382687e-06, 3.0285131164301365e-06, 3.5714719152351426e-06, -8.917926662573326e-08, -2.1061526605703247e-07, -2.0754161536156378e-08], [3.0285131164301365e-06, 1.0201114196418993e-05, 1.0220215836319483e-05, -3.8789971299356145e-06, -5.037299279691491e-06, -3.4446409756636487e-06], [3.5714719152351426e-06, 1.0220215836319483e-05, 3.690722177966427e-05, 3.0026434191836887e-05, 3.0316042349223015e-05, 2.243429143550151e-05], [-8.917926662573326e-08, -3.8789971299356145e-06, 3.0026434191836887e-05, 6.035795576593728e-05, 6.0722661332695955e-05, 4.3657225308757185e-05], [-2.1061526605703247e-07, -5.037299279691491e-06, 3.0316042349223015e-05, 6.0722661332695955e-05, 7.661902287979564e-05, 5.503160674322477e-05], [-2.0754161536156378e-08, -3.4446409756636487e-06, 2.243429143550151e-05, 4.3657225308757185e-05, 5.503160674322477e-05, 4.0321316606963346e-05]]</COVARIANCE_MATRIX>
		<ROI_SIZE>263</ROI_SIZE>
		<MAX_VALUE>[0.10687458515167236, 0.10954645276069641, 0.08458808064460754, 0.06431335210800171, 0.04853363335132599, 0.03319398686289787]</MAX_VALUE>
		<MIN_VALUE>[0.0988275408744812, 0.08474525809288025, 0.05504041537642479, 0.020997704938054085, 0.0, 0.0026718631852418184]</MIN_VALUE>
		<SIGNATURE_THRESHOLD_MD>0</SIGNATURE_THRESHOLD_MD>
		<SIGNATURE_THRESHOLD_ML>0</SIGNATURE_THRESHOLD_ML>
		<SIGNATURE_THRESHOLD_SAM>0</SIGNATURE_THRESHOLD_SAM>
	</signature>
	<signature ID="20210210_143638935334_150">
		<MACROCLASSID>1</MACROCLASSID>
		<MACROCLASSINFO>waterbody</MACROCLASSINFO>
		<CLASSID>7</CLASSID>
		<CLASSINFO>C 1</CLASSINFO>
		<VALUES>[0.10684314950377544, 0.0007461050136864921, 0.10489078324321101, 0.0018690067697349575, 0.08903957385800577, 0.004626930434412542, 0.03272400873062096, 0.0065452103653355215, 0.014221797085292967, 0.007511766278531441, 0.009694369977537903, 0.0054522977775286075]</VALUES>
		<LCS_MIN>[0.10429701209068298, 0.09832462668418884, 0.08166476339101791, 0.02517838403582573, 0.003834908828139305, 0.0032690949738025665]</LCS_MIN>
		<LCS_MAX>[0.10926353931427002, 0.11004939675331116, 0.1018766313791275, 0.06189294904470444, 0.0489736944437027, 0.03897778317332268]</LCS_MAX>
		<WAVELENGTH>[0.48, 0.56, 0.655, 0.865, 1.61, 2.2]</WAVELENGTH>
		<MEAN_VALUE>[0.10684314950377544, 0.10489078324321101, 0.08903957385800577, 0.03272400873062096, 0.014221797085292967, 0.009694369977537903]</MEAN_VALUE>
		<CHECKBOX>2</CHECKBOX>
		<SD>[0.0007461050136864921, 0.0018690067697349575, 0.004626930434412542, 0.0065452103653355215, 0.007511766278531441, 0.0054522977775286075]</SD>
		<WAVELENGTH_UNIT>E-6m</WAVELENGTH_UNIT>
		<COLOR>#a9c628</COLOR>
		<COVARIANCE_MATRIX>[[5.591467922990176e-07, 1.1500208664752855e-06, 1.9963249363454616e-06, -5.295155249030783e-07, -3.7245011338559827e-07, -1.2101681796634718e-07], [1.1500208664752855e-06, 3.5087115777832106e-06, 3.8088322364482493e-06, -5.085466509552648e-06, -5.3677399494202396e-06, -3.7370940815343162e-06], [1.9963249363454616e-06, 3.8088322364482493e-06, 2.1503634068203613e-05, 1.185082104275608e-05, 7.3958156204208685e-06, 4.753689100586721e-06], [-5.295155249030783e-07, -5.085466509552648e-06, 1.185082104275608e-05, 4.3030177743057766e-05, 4.126663462967483e-05, 2.9436646752119024e-05], [-3.7245011338559827e-07, -5.3677399494202396e-06, 7.3958156204208685e-06, 4.126663462967483e-05, 5.6677417657163364e-05, 4.043232183863377e-05], [-1.2101681796634718e-07, -3.7370940815343162e-06, 4.753689100586721e-06, 2.9436646752119024e-05, 4.043232183863377e-05, 2.9859673503976043e-05]]</COVARIANCE_MATRIX>
		<ROI_SIZE>226</ROI_SIZE>
		<MAX_VALUE>[0.10926353931427002, 0.11004939675331116, 0.1018766313791275, 0.06189294904470444, 0.0489736944437027, 0.03897778317332268]</MAX_VALUE>
		<MIN_VALUE>[0.10429701209068298, 0.09832462668418884, 0.08166476339101791, 0.02517838403582573, 0.003834908828139305, 0.0032690949738025665]</MIN_VALUE>
		<SIGNATURE_THRESHOLD_MD>0</SIGNATURE_THRESHOLD_MD>
		<SIGNATURE_THRESHOLD_ML>0</SIGNATURE_THRESHOLD_ML>
		<SIGNATURE_THRESHOLD_SAM>0</SIGNATURE_THRESHOLD_SAM>
	</signature>
	<signature ID="20210210_143646821461_191">
		<MACROCLASSID>1</MACROCLASSID>
		<MACROCLASSINFO>waterbody</MACROCLASSINFO>
		<CLASSID>8</CLASSID>
		<CLASSINFO>C 1</CLASSINFO>
		<VALUES>[0.11816013111053282, 0.002300918334100599, 0.13048002033217532, 0.007932793796760249, 0.09363164833268603, 0.004815625721672264, 0.036162769396764216, 0.009774567189399728, 0.016153093987471754, 0.007778508826471803, 0.011504303708018082, 0.006393983740826541]</VALUES>
		<LCS_MIN>[0.10948359221220016, 0.10524003952741623, 0.08443091064691544, 0.027755947783589363, 0.007764118257910013, 0.0062553007155656815]</LCS_MIN>
		<LCS_MAX>[0.12092544883489609, 0.13934560120105743, 0.10118509083986282, 0.06987711042165756, 0.05070255324244499, 0.04007795825600624]</LCS_MAX>
		<WAVELENGTH>[0.48, 0.56, 0.655, 0.865, 1.61, 2.2]</WAVELENGTH>
		<MEAN_VALUE>[0.11816013111053282, 0.13048002033217532, 0.09363164833268603, 0.036162769396764216, 0.016153093987471754, 0.011504303708018082]</MEAN_VALUE>
		<CHECKBOX>2</CHECKBOX>
		<SD>[0.002300918334100599, 0.007932793796760249, 0.004815625721672264, 0.009774567189399728, 0.007778508826471803, 0.006393983740826541]</SD>
		<WAVELENGTH_UNIT>E-6m</WAVELENGTH_UNIT>
		<COLOR>#dd5273</COLOR>
		<COVARIANCE_MATRIX>[[5.366748812805745e-06, 1.7312242418600364e-05, 7.791167003430855e-06, -1.7466459682169772e-05, -1.1204088532123384e-05, -7.870860340633377e-06], [1.7312242418600364e-05, 6.379126149619092e-05, 2.972840125489894e-05, -5.9342568131595556e-05, -4.206565560913202e-05, -3.212127401192778e-05], [7.791167003430855e-06, 2.972840125489894e-05, 2.350792576371411e-05, -1.3939953991648692e-05, -9.50737670926072e-06, -7.70098352666268e-06], [-1.7466459682169772e-05, -5.9342568131595556e-05, -1.3939953991648692e-05, 9.68509605036525e-05, 7.16585901858265e-05, 5.444523811226023e-05], [-1.1204088532123384e-05, -4.206565560913202e-05, -9.50737670926072e-06, 7.16585901858265e-05, 6.133403791368469e-05, 4.8433489792227876e-05], [-7.870860340633377e-06, -3.212127401192778e-05, -7.70098352666268e-06, 5.444523811226023e-05, 4.8433489792227876e-05, 4.144306955847407e-05]]</COVARIANCE_MATRIX>
		<ROI_SIZE>74</ROI_SIZE>
		<MAX_VALUE>[0.12092544883489609, 0.13934560120105743, 0.10118509083986282, 0.06987711042165756, 0.05070255324244499, 0.04007795825600624]</MAX_VALUE>
		<MIN_VALUE>[0.10948359221220016, 0.10524003952741623, 0.08443091064691544, 0.027755947783589363, 0.007764118257910013, 0.0062553007155656815]</MIN_VALUE>
		<SIGNATURE_THRESHOLD_MD>0</SIGNATURE_THRESHOLD_MD>
		<SIGNATURE_THRESHOLD_ML>0</SIGNATURE_THRESHOLD_ML>
		<SIGNATURE_THRESHOLD_SAM>0</SIGNATURE_THRESHOLD_SAM>
	</signature>
	<signature ID="20210210_143650644589_291">
		<MACROCLASSID>1</MACROCLASSID>
		<MACROCLASSINFO>waterbody</MACROCLASSINFO>
		<CLASSID>9</CLASSID>
		<CLASSINFO>C 1</CLASSINFO>
		<VALUES>[0.09483858857291946, 0.001496586537874706, 0.08263267102999432, 0.0030962106252139343, 0.058898316702237156, 0.005619379335182161, 0.029438911779477196, 0.006939751629056986, 0.013571118400357782, 0.007690266791528565, 0.009174216227730908, 0.005173069229407397]</VALUES>
		<LCS_MIN>[0.0924779549241066, 0.07660392671823502, 0.05343730002641678, 0.023606708273291588, 0.00744977593421936, 0.004872212652117014]</LCS_MIN>
		<LCS_MAX>[0.10058782994747162, 0.09458401799201965, 0.08634836971759796, 0.06538210064172745, 0.04916229471564293, 0.03567725047469139]</LCS_MAX>
		<WAVELENGTH>[0.48, 0.56, 0.655, 0.865, 1.61, 2.2]</WAVELENGTH>
		<MEAN_VALUE>[0.09483858857291946, 0.08263267102999432, 0.058898316702237156, 0.029438911779477196, 0.013571118400357782, 0.009174216227730908]</MEAN_VALUE>
		<CHECKBOX>2</CHECKBOX>
		<SD>[0.001496586537874706, 0.0030962106252139343, 0.005619379335182161, 0.006939751629056986, 0.007690266791528565, 0.005173069229407397]</SD>
		<WAVELENGTH_UNIT>E-6m</WAVELENGTH_UNIT>
		<COLOR>#b69a51</COLOR>
		<COVARIANCE_MATRIX>[[2.2469500194034836e-06, 4.36436134061159e-06, 7.468080011272332e-06, 5.267511063573355e-06, 5.43005401087188e-06, 3.522987957789367e-06], [4.36436134061159e-06, 9.61724626208404e-06, 1.5291350418076205e-05, 7.404749416759787e-06, 7.449871506471952e-06, 5.268121942454791e-06], [7.468080011272332e-06, 1.5291350418076205e-05, 3.167863380534118e-05, 2.5875353899207013e-05, 2.5991165715959522e-05, 1.7744216853564878e-05], [5.267511063573355e-06, 7.404749416759787e-06, 2.5875353899207013e-05, 4.8314512136694596e-05, 5.136951909925693e-05, 3.370207345631986e-05], [5.43005401087188e-06, 7.449871506471952e-06, 2.5991165715959522e-05, 5.136951909925693e-05, 5.9329755258620666e-05, 3.814451168494304e-05], [3.522987957789367e-06, 5.268121942454791e-06, 1.7744216853564878e-05, 3.370207345631986e-05, 3.814451168494304e-05, 2.6846416551127034e-05]]</COVARIANCE_MATRIX>
		<ROI_SIZE>313</ROI_SIZE>
		<MAX_VALUE>[0.10058782994747162, 0.09458401799201965, 0.08634836971759796, 0.06538210064172745, 0.04916229471564293, 0.03567725047469139]</MAX_VALUE>
		<MIN_VALUE>[0.0924779549241066, 0.07660392671823502, 0.05343730002641678, 0.023606708273291588, 0.00744977593421936, 0.004872212652117014]</MIN_VALUE>
		<SIGNATURE_THRESHOLD_MD>0</SIGNATURE_THRESHOLD_MD>
		<SIGNATURE_THRESHOLD_ML>0</SIGNATURE_THRESHOLD_ML>
		<SIGNATURE_THRESHOLD_SAM>0</SIGNATURE_THRESHOLD_SAM>
	</signature>
	<signature ID="20210210_143702465863_402">
		<MACROCLASSID>1</MACROCLASSID>
		<MACROCLASSINFO>waterbody</MACROCLASSINFO>
		<CLASSID>10</CLASSID>
		<CLASSINFO>C 1</CLASSINFO>
		<VALUES>[0.10603063649526151, 0.0030085755099467887, 0.10239678929851513, 0.008126414577167899, 0.08403299792171127, 0.010716055650163855, 0.04425999623807994, 0.011795859724941956, 0.0140928501931179, 0.007676801467991377, 0.007448034887225603, 0.00414364062458476]</VALUES>
		<LCS_MIN>[0.09445827454328537, 0.07000285387039185, 0.05246284231543541, 0.02653004229068756, 0.004683611914515495, 0.003174794605001807]</LCS_MIN>
		<LCS_MAX>[0.10989221930503845, 0.10979790985584259, 0.10382552444934845, 0.08037596195936203, 0.047150544822216034, 0.029359078034758568]</LCS_MAX>
		<WAVELENGTH>[0.48, 0.56, 0.655, 0.865, 1.61, 2.2]</WAVELENGTH>
		<MEAN_VALUE>[0.10603063649526151, 0.10239678929851513, 0.08403299792171127, 0.04425999623807994, 0.0140928501931179, 0.007448034887225603]</MEAN_VALUE>
		<CHECKBOX>2</CHECKBOX>
		<SD>[0.0030085755099467887, 0.008126414577167899, 0.010716055650163855, 0.011795859724941956, 0.007676801467991377, 0.00414364062458476]</SD>
		<WAVELENGTH_UNIT>E-6m</WAVELENGTH_UNIT>
		<COLOR>#b434fb</COLOR>
		<COVARIANCE_MATRIX>[[9.074441856264347e-06, 2.3675600811014783e-05, 2.3452727141020774e-05, -6.801337069003311e-06, -2.3368270675622844e-06, -3.048858025751548e-07], [2.3675600811014783e-05, 6.620580024426009e-05, 7.359956623650664e-05, -1.8131255180729967e-05, -7.632174092250147e-06, -1.889575014534036e-06], [2.3452727141020774e-05, 7.359956623650664e-05, 0.00011512456730170595, -1.8607488119123883e-05, -1.2121562730450311e-05, -3.5921630842923335e-06], [-6.801337069003311e-06, -1.8131255180729967e-05, -1.8607488119123883e-05, 0.0001394945656546862, 8.32756729465997e-05, 4.2738479910149384e-05], [-2.3368270675622844e-06, -7.632174092250147e-06, -1.2121562730450311e-05, 8.32756729465997e-05, 5.9082478958141764e-05, 3.0275307946172936e-05], [-3.048858025751548e-07, -1.889575014534036e-06, -3.5921630842923335e-06, 4.2738479910149384e-05, 3.0275307946172936e-05, 1.721322536653376e-05]]</COVARIANCE_MATRIX>
		<ROI_SIZE>396</ROI_SIZE>
		<MAX_VALUE>[0.10989221930503845, 0.10979790985584259, 0.10382552444934845, 0.08037596195936203, 0.047150544822216034, 0.029359078034758568]</MAX_VALUE>
		<MIN_VALUE>[0.09445827454328537, 0.07000285387039185, 0.05246284231543541, 0.02653004229068756, 0.004683611914515495, 0.003174794605001807]</MIN_VALUE>
		<SIGNATURE_THRESHOLD_MD>0</SIGNATURE_THRESHOLD_MD>
		<SIGNATURE_THRESHOLD_ML>0</SIGNATURE_THRESHOLD_ML>
		<SIGNATURE_THRESHOLD_SAM>0</SIGNATURE_THRESHOLD_SAM>
	</signature>
	<signature ID="20210210_143709698118_780">
		<MACROCLASSID>1</MACROCLASSID>
		<MACROCLASSINFO>waterbody</MACROCLASSINFO>
		<CLASSID>11</CLASSID>
		<CLASSINFO>C 1</CLASSINFO>
		<VALUES>[0.09058857911723181, 0.0011853593730427085, 0.06898212139299939, 0.002709503687656501, 0.04639111973430268, 0.003702003119114165, 0.02799003276648175, 0.006373406425965551, 0.010622434136803008, 0.006949816145659048, 0.006684286905649144, 0.0050742058545576]</VALUES>
		<LCS_MIN>[0.08854874223470688, 0.06236446276307106, 0.04205827787518501, 0.021469218656420708, 0.0008172737434506416, 0.0011630456428974867]</LCS_MIN>
		<LCS_MAX>[0.10153085738420486, 0.08999469131231308, 0.07959012687206268, 0.06261592358350754, 0.046459000557661057, 0.03621162101626396]</LCS_MAX>
		<WAVELENGTH>[0.48, 0.56, 0.655, 0.865, 1.61, 2.2]</WAVELENGTH>
		<MEAN_VALUE>[0.09058857911723181, 0.06898212139299939, 0.04639111973430268, 0.02799003276648175, 0.010622434136803008, 0.006684286905649144]</MEAN_VALUE>
		<CHECKBOX>2</CHECKBOX>
		<SD>[0.0011853593730427085, 0.002709503687656501, 0.003702003119114165, 0.006373406425965551, 0.006949816145659048, 0.0050742058545576]</SD>
		<WAVELENGTH_UNIT>E-6m</WAVELENGTH_UNIT>
		<COLOR>#04cb51</COLOR>
		<COVARIANCE_MATRIX>[[1.4064137384488117e-06, 2.4829828779661743e-06, 3.3864223781021106e-06, 5.088990140499024e-06, 5.250582555333753e-06, 3.952341520249806e-06], [2.4829828779661743e-06, 7.348395400154365e-06, 9.5080802977531e-06, 1.1513072888454576e-05, 1.2244432304773595e-05, 9.244068015966194e-06], [3.3864223781021106e-06, 9.5080802977531e-06, 1.371786689135629e-05, 1.8950333544700326e-05, 1.995103985899254e-05, 1.4553435742725493e-05], [5.088990140499024e-06, 1.1513072888454576e-05, 1.8950333544700326e-05, 4.0658958670796396e-05, 4.2022146339217937e-05, 2.9314838992344438e-05], [5.250582555333753e-06, 1.2244432304773595e-05, 1.995103985899254e-05, 4.2022146339217937e-05, 4.8345900637776745e-05, 3.399710018077217e-05], [3.952341520249806e-06, 9.244068015966194e-06, 1.4553435742725493e-05, 2.9314838992344438e-05, 3.399710018077217e-05, 2.5772063213374683e-05]]</COVARIANCE_MATRIX>
		<ROI_SIZE>1052</ROI_SIZE>
		<MAX_VALUE>[0.10153085738420486, 0.08999469131231308, 0.07959012687206268, 0.06261592358350754, 0.046459000557661057, 0.03621162101626396]</MAX_VALUE>
		<MIN_VALUE>[0.08854874223470688, 0.06236446276307106, 0.04205827787518501, 0.021469218656420708, 0.0008172737434506416, 0.0011630456428974867]</MIN_VALUE>
		<SIGNATURE_THRESHOLD_MD>0</SIGNATURE_THRESHOLD_MD>
		<SIGNATURE_THRESHOLD_ML>0</SIGNATURE_THRESHOLD_ML>
		<SIGNATURE_THRESHOLD_SAM>0</SIGNATURE_THRESHOLD_SAM>
	</signature>
	<signature ID="20210210_143720717258_816">
		<MACROCLASSID>1</MACROCLASSID>
		<MACROCLASSINFO>waterbody</MACROCLASSINFO>
		<CLASSID>12</CLASSID>
		<CLASSINFO>C 1</CLASSINFO>
		<VALUES>[0.1069839089266442, 0.0025777181520432717, 0.08366187898204197, 0.00374939760165512, 0.05204781304317339, 0.004822988853332718, 0.03768034872603054, 0.009806844848679061, 0.017569679479359515, 0.012866024277938764, 0.011869332129504973, 0.009937696260054049]</VALUES>
		<LCS_MIN>[0.09150350093841553, 0.05950399860739708, 0.040046531707048416, 0.027032975107431412, 0.0020117489621043205, 0.0013830759562551975]</LCS_MIN>
		<LCS_MAX>[0.12262287735939026, 0.10580584406852722, 0.0835193395614624, 0.08688274770975113, 0.07220320403575897, 0.061861518770456314]</LCS_MAX>
		<WAVELENGTH>[0.48, 0.56, 0.655, 0.865, 1.61, 2.2]</WAVELENGTH>
		<MEAN_VALUE>[0.1069839089266442, 0.08366187898204197, 0.05204781304317339, 0.03768034872603054, 0.017569679479359515, 0.011869332129504973]</MEAN_VALUE>
		<CHECKBOX>2</CHECKBOX>
		<SD>[0.0025777181520432717, 0.00374939760165512, 0.004822988853332718, 0.009806844848679061, 0.012866024277938764, 0.009937696260054049]</SD>
		<WAVELENGTH_UNIT>E-6m</WAVELENGTH_UNIT>
		<COLOR>#00e61b</COLOR>
		<COVARIANCE_MATRIX>[[8.519722838505876e-06, 1.0741540850622148e-05, 1.0249034408823224e-05, 7.978978558469064e-06, 1.5032795345014836e-05, 1.371553905531169e-05], [1.0741540850622148e-05, 1.9457241999984515e-05, 1.4240560968043707e-05, 2.3628454636629146e-06, 9.629805766681641e-06, 9.538073739080984e-06], [1.0249034408823224e-05, 1.4240560968043707e-05, 2.4461224394947602e-05, 3.9048109489027826e-05, 5.0691178210347324e-05, 3.8148376846945564e-05], [7.978978558469064e-06, 2.3628454636629146e-06, 3.9048109489027826e-05, 0.00011410528899086926, 0.00012804685696319, 9.028050593764984e-05], [1.5032795345014836e-05, 9.629805766681641e-06, 5.0691178210347324e-05, 0.00012804685696319, 0.00017656303910250744, 0.00012786099055804391], [1.371553905531169e-05, 9.538073739080984e-06, 3.8148376846945564e-05, 9.028050593764984e-05, 0.00012786099055804391, 9.881274045881705e-05]]</COVARIANCE_MATRIX>
		<ROI_SIZE>2098</ROI_SIZE>
		<MAX_VALUE>[0.12262287735939026, 0.10580584406852722, 0.0835193395614624, 0.08688274770975113, 0.07220320403575897, 0.061861518770456314]</MAX_VALUE>
		<MIN_VALUE>[0.09150350093841553, 0.05950399860739708, 0.040046531707048416, 0.027032975107431412, 0.0020117489621043205, 0.0013830759562551975]</MIN_VALUE>
		<SIGNATURE_THRESHOLD_MD>0</SIGNATURE_THRESHOLD_MD>
		<SIGNATURE_THRESHOLD_ML>0</SIGNATURE_THRESHOLD_ML>
		<SIGNATURE_THRESHOLD_SAM>0</SIGNATURE_THRESHOLD_SAM>
	</signature>
	<signature ID="20210210_143729553125_315">
		<MACROCLASSID>1</MACROCLASSID>
		<MACROCLASSINFO>waterbody</MACROCLASSINFO>
		<CLASSID>13</CLASSID>
		<CLASSINFO>C 1</CLASSINFO>
		<VALUES>[0.12239584760693663, 0.0029792977948190948, 0.10820268561869972, 0.0057807833656190535, 0.06965781228890555, 0.003879890945823649, 0.04800568021646963, 0.009603281946853988, 0.015962737864450856, 0.007013043326495034, 0.008510302584518185, 0.004128776586147055]</VALUES>
		<LCS_MIN>[0.10231669247150421, 0.06965707987546921, 0.04513879865407944, 0.03567725047469139, 0.00971300806850195, 0.004840783309191465]</LCS_MIN>
		<LCS_MAX>[0.1274322271347046, 0.11577031761407852, 0.08116181939840317, 0.08122467994689941, 0.0486908033490181, 0.029359078034758568]</LCS_MAX>
		<WAVELENGTH>[0.48, 0.56, 0.655, 0.865, 1.61, 2.2]</WAVELENGTH>
		<MEAN_VALUE>[0.12239584760693663, 0.10820268561869972, 0.06965781228890555, 0.04800568021646963, 0.015962737864450856, 0.008510302584518185]</MEAN_VALUE>
		<CHECKBOX>2</CHECKBOX>
		<SD>[0.0029792977948190948, 0.0057807833656190535, 0.003879890945823649, 0.009603281946853988, 0.007013043326495034, 0.004128776586147055]</SD>
		<WAVELENGTH_UNIT>E-6m</WAVELENGTH_UNIT>
		<COLOR>#000119</COLOR>
		<COVARIANCE_MATRIX>[[8.892151104882137e-06, 1.695448834201755e-05, 1.0271205405098089e-05, -1.4136520201139131e-05, -6.774537072348902e-06, -2.758763098654013e-06], [1.695448834201755e-05, 3.347745175346791e-05, 2.080677946368573e-05, -2.564585789041497e-05, -1.2380947858869803e-05, -5.157445982864597e-06], [1.0271205405098089e-05, 2.080677946368573e-05, 1.5080579880301994e-05, -7.945482287082803e-06, -1.2924267194382423e-06, 6.758896071155064e-07], [-1.4136520201139131e-05, -2.564585789041497e-05, -7.945482287082803e-06, 9.238859510974974e-05, 6.352417843300644e-05, 3.508711383274997e-05], [-6.774537072348902e-06, -1.2380947858869803e-05, -1.2924267194382423e-06, 6.352417843300644e-05, 4.927107611886442e-05, 2.836848188201444e-05], [-2.758763098654013e-06, -5.157445982864597e-06, 6.758896071155064e-07, 3.508711383274997e-05, 2.836848188201444e-05, 1.7077400759174858e-05]]</COVARIANCE_MATRIX>
		<ROI_SIZE>558</ROI_SIZE>
		<MAX_VALUE>[0.1274322271347046, 0.11577031761407852, 0.08116181939840317, 0.08122467994689941, 0.0486908033490181, 0.029359078034758568]</MAX_VALUE>
		<MIN_VALUE>[0.10231669247150421, 0.06965707987546921, 0.04513879865407944, 0.03567725047469139, 0.00971300806850195, 0.004840783309191465]</MIN_VALUE>
		<SIGNATURE_THRESHOLD_MD>0</SIGNATURE_THRESHOLD_MD>
		<SIGNATURE_THRESHOLD_ML>0</SIGNATURE_THRESHOLD_ML>
		<SIGNATURE_THRESHOLD_SAM>0</SIGNATURE_THRESHOLD_SAM>
	</signature>
	<signature ID="20210210_143739591162_749">
		<MACROCLASSID>1</MACROCLASSID>
		<MACROCLASSINFO>waterbody</MACROCLASSINFO>
		<CLASSID>14</CLASSID>
		<CLASSINFO>C 1</CLASSINFO>
		<VALUES>[0.11796668397192284, 0.0018034434438526305, 0.09860665538057017, 0.003526206232749179, 0.06794702183596046, 0.004355380527380971, 0.055281290970102606, 0.013187001383966213, 0.021029357071901924, 0.009215838399089052, 0.01146843432067954, 0.005357091278465416]</VALUES>
		<LCS_MIN>[0.10838339477777481, 0.07836421579122543, 0.05356301739811897, 0.02593280002474785, 0.005595197901129723, 0.0]</LCS_MIN>
		<LCS_MAX>[0.12262287735939026, 0.1046113520860672, 0.08845443278551102, 0.08546822518110275, 0.05324867367744446, 0.03419985994696617]</LCS_MAX>
		<WAVELENGTH>[0.48, 0.56, 0.655, 0.865, 1.61, 2.2]</WAVELENGTH>
		<MEAN_VALUE>[0.11796668397192284, 0.09860665538057017, 0.06794702183596046, 0.055281290970102606, 0.021029357071901924, 0.01146843432067954]</MEAN_VALUE>
		<CHECKBOX>2</CHECKBOX>
		<SD>[0.0018034434438526305, 0.003526206232749179, 0.004355380527380971, 0.013187001383966213, 0.009215838399089052, 0.005357091278465416]</SD>
		<WAVELENGTH_UNIT>E-6m</WAVELENGTH_UNIT>
		<COLOR>#8d4d72</COLOR>
		<COVARIANCE_MATRIX>[[3.263623456054958e-06, 5.919175539277369e-06, 4.127048162323919e-06, -8.181206647376084e-06, -2.6647079953781803e-06, -8.804714148956283e-07], [5.919175539277369e-06, 1.2477006707589034e-05, 5.920663436445336e-06, -1.490575316786365e-05, -5.022173142866975e-06, -2.073926289234341e-06], [4.127048162323919e-06, 5.920663436445336e-06, 1.9034751053938552e-05, 1.5157086013447283e-05, 1.605804727580091e-05, 1.1776036497133399e-05], [-8.181206647376084e-06, -1.490575316786365e-05, 1.5157086013447283e-05, 0.00017449665034728097, 0.00010930177145686901, 5.953534496658398e-05], [-2.6647079953781803e-06, -5.022173142866975e-06, 1.605804727580091e-05, 0.00010930177145686901, 8.522454525122122e-05, 4.7719951434967176e-05], [-8.804714148956283e-07, -2.073926289234341e-06, 1.1776036497133399e-05, 5.953534496658398e-05, 4.7719951434967176e-05, 2.8797387058795766e-05]]</COVARIANCE_MATRIX>
		<ROI_SIZE>291</ROI_SIZE>
		<MAX_VALUE>[0.12262287735939026, 0.1046113520860672, 0.08845443278551102, 0.08546822518110275, 0.05324867367744446, 0.03419985994696617]</MAX_VALUE>
		<MIN_VALUE>[0.10838339477777481, 0.07836421579122543, 0.05356301739811897, 0.02593280002474785, 0.005595197901129723, 0.0]</MIN_VALUE>
		<SIGNATURE_THRESHOLD_MD>0</SIGNATURE_THRESHOLD_MD>
		<SIGNATURE_THRESHOLD_ML>0</SIGNATURE_THRESHOLD_ML>
		<SIGNATURE_THRESHOLD_SAM>0</SIGNATURE_THRESHOLD_SAM>
	</signature>
	<signature ID="20210210_143745788173_914">
		<MACROCLASSID>1</MACROCLASSID>
		<MACROCLASSINFO>waterbody</MACROCLASSINFO>
		<CLASSID>15</CLASSID>
		<CLASSINFO>C 1</CLASSINFO>
		<VALUES>[0.11857006128164047, 0.0013596630287894104, 0.10005922187516036, 0.00283317804163472, 0.07039490161423986, 0.0037042937187987696, 0.05110571027753202, 0.010707184481128265, 0.01797057482948963, 0.008353283625752201, 0.009651745489223842, 0.0052459112198668485]</VALUES>
		<LCS_MIN>[0.11224973946809769, 0.08461951464414597, 0.06076134368777275, 0.03253387287259102, 0.005878099240362644, 0.003143365029245615]</LCS_MIN>
		<LCS_MAX>[0.12155412882566452, 0.10530290007591248, 0.09068623930215836, 0.08245059102773666, 0.051802728325128555, 0.03844341263175011]</LCS_MAX>
		<WAVELENGTH>[0.48, 0.56, 0.655, 0.865, 1.61, 2.2]</WAVELENGTH>
		<MEAN_VALUE>[0.11857006128164047, 0.10005922187516036, 0.07039490161423986, 0.05110571027753202, 0.01797057482948963, 0.009651745489223842]</MEAN_VALUE>
		<CHECKBOX>2</CHECKBOX>
		<SD>[0.0013596630287894104, 0.00283317804163472, 0.0037042937187987696, 0.010707184481128265, 0.008353283625752201, 0.0052459112198668485]</SD>
		<WAVELENGTH_UNIT>E-6m</WAVELENGTH_UNIT>
		<COLOR>#b760d3</COLOR>
		<COVARIANCE_MATRIX>[[1.8565839089160113e-06, 3.499589553292004e-06, 2.5197254800235673e-06, -3.837762872897852e-06, -1.4135267600908705e-06, -4.018070639656489e-07], [3.499589553292004e-06, 8.06120079771911e-06, 5.09255496702573e-06, -7.213772056597316e-06, -4.032655541941079e-06, -2.205339564050379e-06], [2.5197254800235673e-06, 5.09255496702573e-06, 1.3780432091692396e-05, 8.951444922934676e-06, 1.0078697009652837e-05, 7.277935990139597e-06], [-3.837762872897852e-06, -7.213772056597316e-06, 8.951444922934676e-06, 0.00011513373028006318, 8.405366978545476e-05, 4.776191626142533e-05], [-1.4135267600908705e-06, -4.032655541941079e-06, 1.0078697009652837e-05, 8.405366978545476e-05, 7.007554112427803e-05, 4.269351086154182e-05], [-4.018070639656489e-07, -2.205339564050379e-06, 7.277935990139597e-06, 4.776191626142533e-05, 4.269351086154182e-05, 2.7637189588804918e-05]]</COVARIANCE_MATRIX>
		<ROI_SIZE>235</ROI_SIZE>
		<MAX_VALUE>[0.12155412882566452, 0.10530290007591248, 0.09068623930215836, 0.08245059102773666, 0.051802728325128555, 0.03844341263175011]</MAX_VALUE>
		<MIN_VALUE>[0.11224973946809769, 0.08461951464414597, 0.06076134368777275, 0.03253387287259102, 0.005878099240362644, 0.003143365029245615]</MIN_VALUE>
		<SIGNATURE_THRESHOLD_MD>0</SIGNATURE_THRESHOLD_MD>
		<SIGNATURE_THRESHOLD_ML>0</SIGNATURE_THRESHOLD_ML>
		<SIGNATURE_THRESHOLD_SAM>0</SIGNATURE_THRESHOLD_SAM>
	</signature>
	<signature ID="20210210_143752241758_401">
		<MACROCLASSID>1</MACROCLASSID>
		<MACROCLASSINFO>waterbody</MACROCLASSINFO>
		<CLASSID>16</CLASSID>
		<CLASSINFO>C 1</CLASSINFO>
