<?xml version="1.0" ?>
<signaturelist MCID_LIST="[['1', 'waterbody', '#0000ff'], ['2', 'vegetation', '#00ff00'], ['3', 'bareland', '#ffaa00'], ['4', 'built-up', '#ff0000']]">
	<signature ID="20210208_144805670862_284">
		<MACROCLASSID>1</MACROCLASSID>
		<MACROCLASSINFO>waterbody</MACROCLASSINFO>
		<CLASSID>1</CLASSID>
		<CLASSINFO>C 1</CLASSINFO>
		<VALUES>[0.11100207949903877, 0.0011409967047724455, 0.09350896203382446, 0.003324837361674222, 0.058244615911760104, 0.0016087075878428298, 0.08502380241724572, 0.01339999184980287, 0.024585659243166445, 0.008132984141892783, 0.01076434955466538, 0.0034332198008342387]</VALUES>
		<LCS_MIN>[0.10630544275045395, 0.07893779873847961, 0.05140357092022896, 0.062255438417196274, 0.013398241251707077, 0.006639620289206505]</LCS_MIN>
		<LCS_MAX>[0.11323065310716629, 0.10042734444141388, 0.06358812749385834, 0.12296400964260101, 0.04997568577528, 0.024059725925326347]</LCS_MAX>
		<WAVELENGTH>[0.48, 0.56, 0.655, 0.865, 1.61, 2.2]</WAVELENGTH>
		<MEAN_VALUE>[0.11100207949903877, 0.09350896203382446, 0.058244615911760104, 0.08502380241724572, 0.024585659243166445, 0.01076434955466538]</MEAN_VALUE>
		<CHECKBOX>2</CHECKBOX>
		<SD>[0.0011409967047724455, 0.003324837361674222, 0.0016087075878428298, 0.01339999184980287, 0.008132984141892783, 0.0034332198008342387]</SD>
		<WAVELENGTH_UNIT>E-6m</WAVELENGTH_UNIT>
		<COLOR>#0d7d7b</COLOR>
		<COVARIANCE_MATRIX>[[1.8970453267566557e-06, 5.080228593318414e-06, 2.9447790979186793e-06, -4.478895617799411e-06, -9.505219138874128e-07, 2.083045615471912e-07], [5.080228593318414e-06, 1.5026554802012027e-05, 8.572462367056728e-06, -1.132142199968096e-05, -2.0184604933505492e-06, 6.856527294901717e-07], [2.9447790979186793e-06, 8.572462367056728e-06, 6.07845455983147e-06, -4.6511568285504157e-07, 3.1940890878981336e-06, 2.9225491854614305e-06], [-4.478895617799411e-06, -1.132142199968096e-05, -4.6511568285504157e-07, 0.00016574362741422755, 9.468769630644577e-05, 4.022203474639921e-05], [-9.505219138874128e-07, -2.0184604933505492e-06, 3.1940890878981336e-06, 9.468769630644577e-05, 6.690745927023327e-05, 2.9484661868743678e-05], [2.083045615471912e-07, 6.856527294901717e-07, 2.9225491854614305e-06, 4.022203474639921e-05, 2.9484661868743678e-05, 1.3897844866664753e-05]]</COVARIANCE_MATRIX>
		<ROI_SIZE>354</ROI_SIZE>
		<MAX_VALUE>[0.11323065310716629, 0.10042734444141388, 0.06358812749385834, 0.12296400964260101, 0.04997568577528, 0.024059725925326347]</MAX_VALUE>
		<MIN_VALUE>[0.10630544275045395, 0.07893779873847961, 0.05140357092022896, 0.062255438417196274, 0.013398241251707077, 0.006639620289206505]</MIN_VALUE>
		<SIGNATURE_THRESHOLD_MD>0</SIGNATURE_THRESHOLD_MD>
		<SIGNATURE_THRESHOLD_ML>0</SIGNATURE_THRESHOLD_ML>
		<SIGNATURE_THRESHOLD_SAM>0</SIGNATURE_THRESHOLD_SAM>
	</signature>
	<signature ID="20210208_144811495246_175">
		<MACROCLASSID>1</MACROCLASSID>
		<MACROCLASSINFO>waterbody</MACROCLASSINFO>
		<CLASSID>2</CLASSID>
		<CLASSINFO>C 1</CLASSINFO>
		<VALUES>[0.1173514806750146, 0.004452759026486431, 0.11015422309212608, 0.009399841402872798, 0.08184241294635065, 0.011983320556416537, 0.13497620894376083, 0.04274835919092482, 0.050071065504611906, 0.022026305816036866, 0.02072206167433637, 0.008405563106118102]</VALUES>
		<LCS_MIN>[0.10697178542613983, 0.08564881980419159, 0.05675810948014259, 0.06430205702781677, 0.010828065685927868, 0.006163662299513817]</LCS_MIN>
		<LCS_MAX>[0.12536761164665222, 0.12629573047161102, 0.10014177113771439, 0.2174181044101715, 0.09174110740423203, 0.037196189165115356]</LCS_MAX>
		<WAVELENGTH>[0.48, 0.56, 0.655, 0.865, 1.61, 2.2]</WAVELENGTH>
		<MEAN_VALUE>[0.1173514806750146, 0.11015422309212608, 0.08184241294635065, 0.13497620894376083, 0.050071065504611906, 0.02072206167433637]</MEAN_VALUE>
		<CHECKBOX>2</CHECKBOX>
		<SD>[0.004452759026486431, 0.009399841402872798, 0.011983320556416537, 0.04274835919092482, 0.022026305816036866, 0.008405563106118102]</SD>
		<WAVELENGTH_UNIT>E-6m</WAVELENGTH_UNIT>
		<COLOR>#21a785</COLOR>
		<COVARIANCE_MATRIX>[[1.9978414573513276e-05, 4.183081546172103e-05, 5.2375652389012454e-05, -0.00010316671734033125, -5.180311207585879e-05, -1.8913077083683834e-05], [4.183081546172103e-05, 8.903149945564359e-05, 0.00010904733768536265, -0.00022981108508071226, -0.00011400851212211718, -4.177735688896642e-05], [5.2375652389012454e-05, 0.00010904733768536265, 0.00014469615454682633, -0.00020611741025878568, -0.00010331833624266803, -3.7528653409218846e-05], [-0.00010316671734033125, -0.00022981108508071226, -0.00020611741025878568, 0.0018413720014057648, 0.0009332585987659456, 0.00035273432483033353], [-5.180311207585879e-05, -0.00011400851212211718, -0.00010331833624266803, 0.0009332585987659456, 0.0004888616452138051, 0.00018581696215461374], [-1.8913077083683834e-05, -4.177735688896642e-05, -3.7528653409218846e-05, 0.00035273432483033353, 0.00018581696215461374, 7.11928307578875e-05]]</COVARIANCE_MATRIX>
		<ROI_SIZE>132</ROI_SIZE>
		<MAX_VALUE>[0.12536761164665222, 0.12629573047161102, 0.10014177113771439, 0.2174181044101715, 0.09174110740423203, 0.037196189165115356]</MAX_VALUE>
		<MIN_VALUE>[0.10697178542613983, 0.08564881980419159, 0.05675810948014259, 0.06430205702781677, 0.010828065685927868, 0.006163662299513817]</MIN_VALUE>
		<SIGNATURE_THRESHOLD_MD>0</SIGNATURE_THRESHOLD_MD>
		<SIGNATURE_THRESHOLD_ML>0</SIGNATURE_THRESHOLD_ML>
		<SIGNATURE_THRESHOLD_SAM>0</SIGNATURE_THRESHOLD_SAM>
	</signature>
	<signature ID="20210208_144817735737_190">
		<MACROCLASSID>1</MACROCLASSID>
		<MACROCLASSINFO>waterbody</MACROCLASSINFO>
		<CLASSID>3</CLASSID>
		<CLASSINFO>C 1</CLASSINFO>
		<VALUES>[0.1108205614252647, 0.000907507987012909, 0.0884379324152929, 0.0021940331658343863, 0.055606420690176656, 0.001403176140107757, 0.08147861391579347, 0.009291000203512641, 0.023565152700597405, 0.006592832864469734, 0.010830737749721278, 0.0034099686570149544]</VALUES>
		<LCS_MIN>[0.10754293203353882, 0.08172216266393661, 0.05249827355146408, 0.06361191719770432, 0.014445355162024498, 0.0063064489513635635]</LCS_MIN>
		<LCS_MAX>[0.11382559686899185, 0.09478723257780075, 0.06494460999965668, 0.11482510715723038, 0.048761989921331406, 0.02760562114417553]</LCS_MAX>
		<WAVELENGTH>[0.48, 0.56, 0.655, 0.865, 1.61, 2.2]</WAVELENGTH>
		<MEAN_VALUE>[0.1108205614252647, 0.0884379324152929, 0.055606420690176656, 0.08147861391579347, 0.023565152700597405, 0.010830737749721278]</MEAN_VALUE>
		<CHECKBOX>2</CHECKBOX>
		<SD>[0.000907507987012909, 0.0021940331658343863, 0.001403176140107757, 0.009291000203512641, 0.006592832864469734, 0.0034099686570149544]</SD>
		<WAVELENGTH_UNIT>E-6m</WAVELENGTH_UNIT>
		<COLOR>#4a2f5b</COLOR>
		<COVARIANCE_MATRIX>[[8.254640125760337e-07, 1.848574137338473e-06, 9.858522606341628e-07, -9.704164302996118e-07, 3.0693956328766665e-07, 7.421189580556326e-07], [1.848574137338473e-06, 4.8248476972243965e-06, 2.3620474184807355e-06, 1.303414599372209e-07, 1.7434147241219327e-06, 1.929438451322041e-06], [9.858522606341628e-07, 2.3620474184807355e-06, 1.9734294946048646e-06, 3.722775241649181e-06, 4.172230496992202e-06, 2.9855213162238465e-06], [-9.704164302996118e-07, 1.303414599372209e-07, 3.722775241649181e-06, 8.652112773519305e-05, 5.264158044758919e-05, 2.398446393931654e-05], [3.0693956328766665e-07, 1.7434147241219327e-06, 4.172230496992202e-06, 5.264158044758919e-05, 4.35653657424617e-05, 2.1267358915773453e-05], [7.421189580556326e-07, 1.929438451322041e-06, 2.9855213162238465e-06, 2.398446393931654e-05, 2.1267358915773453e-05, 1.165461701479408e-05]]</COVARIANCE_MATRIX>
		<ROI_SIZE>436</ROI_SIZE>
		<MAX_VALUE>[0.11382559686899185, 0.09478723257780075, 0.06494460999965668, 0.11482510715723038, 0.048761989921331406, 0.02760562114417553]</MAX_VALUE>
		<MIN_VALUE>[0.10754293203353882, 0.08172216266393661, 0.05249827355146408, 0.06361191719770432, 0.014445355162024498, 0.0063064489513635635]</MIN_VALUE>
		<SIGNATURE_THRESHOLD_MD>0</SIGNATURE_THRESHOLD_MD>
		<SIGNATURE_THRESHOLD_ML>0</SIGNATURE_THRESHOLD_ML>
		<SIGNATURE_THRESHOLD_SAM>0</SIGNATURE_THRESHOLD_SAM>
	</signature>
	<signature ID="20210208_144825570205_906">
		<MACROCLASSID>1</MACROCLASSID>
		<MACROCLASSINFO>waterbody</MACROCLASSINFO>
		<CLASSID>4</CLASSID>
		<CLASSINFO>C 1</CLASSINFO>
		<VALUES>[0.11164829604847484, 0.001122283185898883, 0.08593552773081976, 0.001878622650353716, 0.05803250662116117, 0.001828667761593226, 0.06847593362594763, 0.007833251991787287, 0.0185951613015387, 0.00666750006168693, 0.009022540146874829, 0.0040690855976752436]</VALUES>
		<LCS_MIN>[0.10949437320232391, 0.08281686902046204, 0.055758602917194366, 0.054259318858385086, 0.006139867473393679, 0.0044978042133152485]</LCS_MIN>
		<LCS_MAX>[0.1208459883928299, 0.09885669499635696, 0.07294070720672607, 0.10794749855995178, 0.055758602917194366, 0.04050410911440849]</LCS_MAX>
		<WAVELENGTH>[0.48, 0.56, 0.655, 0.865, 1.61, 2.2]</WAVELENGTH>
		<MEAN_VALUE>[0.11164829604847484, 0.08593552773081976, 0.05803250662116117, 0.06847593362594763, 0.0185951613015387, 0.009022540146874829]</MEAN_VALUE>
		<CHECKBOX>2</CHECKBOX>
		<SD>[0.001122283185898883, 0.001878622650353716, 0.001828667761593226, 0.007833251991787287, 0.00666750006168693, 0.0040690855976752436]</SD>
		<WAVELENGTH_UNIT>E-6m</WAVELENGTH_UNIT>
		<COLOR>#940780</COLOR>
		<COVARIANCE_MATRIX>[[1.3811297246246193e-06, 1.6813466813715816e-06, 1.9782384733988027e-06, 4.074049021934875e-06, 4.431390817329678e-06, 3.475663074762394e-06], [1.6813466813715816e-06, 3.387545383996007e-06, 3.0982829620875373e-06, 7.656220104361841e-06, 7.418584134299774e-06, 5.133840636855735e-06], [1.9782384733988027e-06, 3.0982829620875373e-06, 3.76610786793125e-06, 9.717033850810921e-06, 1.0026388357138152e-05, 7.013035515903521e-06], [4.074049021934875e-06, 7.656220104361841e-06, 9.717033850810921e-06, 6.25168384262165e-05, 4.84769713139204e-05, 2.7563450500514646e-05], [4.431390817329678e-06, 7.418584134299774e-06, 1.0026388357138152e-05, 4.84769713139204e-05, 4.713022298312297e-05, 2.831837935359521e-05], [3.475663074762394e-06, 5.133840636855735e-06, 7.013035515903521e-06, 2.7563450500514646e-05, 2.831837935359521e-05, 1.9454356424494957e-05]]</COVARIANCE_MATRIX>
		<ROI_SIZE>2178</ROI_SIZE>
		<MAX_VALUE>[0.1208459883928299, 0.09885669499635696, 0.07294070720672607, 0.10794749855995178, 0.055758602917194366, 0.04050410911440849]</MAX_VALUE>
		<MIN_VALUE>[0.10949437320232391, 0.08281686902046204, 0.055758602917194366, 0.054259318858385086, 0.006139867473393679, 0.0044978042133152485]</MIN_VALUE>
		<SIGNATURE_THRESHOLD_MD>0</SIGNATURE_THRESHOLD_MD>
		<SIGNATURE_THRESHOLD_ML>0</SIGNATURE_THRESHOLD_ML>
		<SIGNATURE_THRESHOLD_SAM>0</SIGNATURE_THRESHOLD_SAM>
	</signature>
	<signature ID="20210208_144832830741_541">
		<MACROCLASSID>1</MACROCLASSID>
		<MACROCLASSINFO>waterbody</MACROCLASSINFO>
		<CLASSID>5</CLASSID>
		<CLASSINFO>C 1</CLASSINFO>
		<VALUES>[0.10991644195612817, 0.0009926391806933908, 0.0881995804950424, 0.002077741680654943, 0.059338137143473524, 0.0017097334904139932, 0.07807683443714833, 0.009356524004444528, 0.02238743975437406, 0.006016160510144454, 0.010491609078264613, 0.0028706373605688787]</VALUES>
		<LCS_MIN>[0.1063530370593071, 0.08098442107439041, 0.054259318858385086, 0.05756723880767822, 0.012922283262014389, 0.0052117458544671535]</LCS_MIN>
		<LCS_MAX>[0.11161239445209503, 0.09376393258571625, 0.06449244916439056, 0.10671000927686691, 0.04278871417045593, 0.023607561364769936]</LCS_MAX>
		<WAVELENGTH>[0.48, 0.56, 0.655, 0.865, 1.61, 2.2]</WAVELENGTH>
		<MEAN_VALUE>[0.10991644195612817, 0.0881995804950424, 0.059338137143473524, 0.07807683443714833, 0.02238743975437406, 0.010491609078264613]</MEAN_VALUE>
		<CHECKBOX>2</CHECKBOX>
		<SD>[0.0009926391806933908, 0.002077741680654943, 0.0017097334904139932, 0.009356524004444528, 0.006016160510144454, 0.0028706373605688787]</SD>
		<WAVELENGTH_UNIT>E-6m</WAVELENGTH_UNIT>
		<COLOR>#4ca8b0</COLOR>
		<COVARIANCE_MATRIX>[[6.842382822000206e-07, 1.3250868844247132e-06, 1.081536270412586e-06, -6.361389860933812e-07, 8.850064381214478e-08, 2.8254301254938394e-07], [1.3250868844247132e-06, 3.2768442670700334e-06, 2.5851873926429046e-06, 1.2130867915584248e-06, 1.958726877657169e-06, 1.305606783306345e-06], [1.081536270412586e-06, 2.5851873926429046e-06, 2.2507885294150774e-06, 2.480918134063561e-06, 2.6507450167182637e-06, 1.6175497838158927e-06], [-6.361389860933812e-07, 1.2130867915584248e-06, 2.480918134063561e-06, 8.910859818620927e-05, 5.601875095552323e-05, 2.4049918656131597e-05], [8.850064381214478e-08, 1.958726877657169e-06, 2.6507450167182637e-06, 5.601875095552323e-05, 3.931996217677543e-05, 1.6607879078602187e-05], [2.8254301254938394e-07, 1.305606783306345e-06, 1.6175497838158927e-06, 2.4049918656131597e-05, 1.6607879078602187e-05, 8.66245342464584e-06]]</COVARIANCE_MATRIX>
		<ROI_SIZE>369</ROI_SIZE>
		<MAX_VALUE>[0.11161239445209503, 0.09376393258571625, 0.06449244916439056, 0.10671000927686691, 0.04278871417045593, 0.023607561364769936]</MAX_VALUE>
		<MIN_VALUE>[0.1063530370593071, 0.08098442107439041, 0.054259318858385086, 0.05756723880767822, 0.012922283262014389, 0.0052117458544671535]</MIN_VALUE>
		<SIGNATURE_THRESHOLD_MD>0</SIGNATURE_THRESHOLD_MD>
		<SIGNATURE_THRESHOLD_ML>0</SIGNATURE_THRESHOLD_ML>
		<SIGNATURE_THRESHOLD_SAM>0</SIGNATURE_THRESHOLD_SAM>
	</signature>
	<signature ID="20210208_144841422509_799">
		<MACROCLASSID>1</MACROCLASSID>
		<MACROCLASSINFO>waterbody</MACROCLASSINFO>
		<CLASSID>6</CLASSID>
		<CLASSINFO>C 1</CLASSINFO>
		<VALUES>[0.11105784396403025, 0.0013450314085954264, 0.08808378757786575, 0.002695162809218331, 0.055214995113167464, 0.0026531323758084264, 0.06627461527929689, 0.009103214045988668, 0.018974501657279305, 0.006003573888876462, 0.009337720763699637, 0.0034012392406496824]</VALUES>
		<LCS_MIN>[0.10554390400648117, 0.07979453355073929, 0.0509038083255291, 0.04764349386096001, 0.012803291901946068, 0.00580669566988945]</LCS_MIN>
		<LCS_MAX>[0.11872798204421997, 0.09738121926784515, 0.07220298051834106, 0.10102230310440063, 0.05245068296790123, 0.03367409482598305]</LCS_MAX>
		<WAVELENGTH>[0.48, 0.56, 0.655, 0.865, 1.61, 2.2]</WAVELENGTH>
		<MEAN_VALUE>[0.11105784396403025, 0.08808378757786575, 0.055214995113167464, 0.06627461527929689, 0.018974501657279305, 0.009337720763699637]</MEAN_VALUE>
		<CHECKBOX>2</CHECKBOX>
		<SD>[0.0013450314085954264, 0.002695162809218331, 0.0026531323758084264, 0.009103214045988668, 0.006003573888876462, 0.0034012392406496824]</SD>
		<WAVELENGTH_UNIT>E-6m</WAVELENGTH_UNIT>
		<COLOR>#33e382</COLOR>
		<COVARIANCE_MATRIX>[[1.811754387023582e-06, 2.6212741955111093e-06, 2.389677826020425e-06, -7.199919172322576e-07, 7.675457087782837e-07, 1.4215568233451793e-06], [2.6212741955111093e-06, 7.274522308790287e-06, 6.537359517245632e-06, 4.638681587079207e-06, 3.762412724437413e-06, 3.330057620228288e-06], [2.389677826020425e-06, 6.537359517245632e-06, 7.049402502106146e-06, 9.556046512236899e-06, 7.511530432875144e-06, 5.610535772875169e-06], [-7.199919172322576e-07, 4.638681587079207e-06, 9.556046512236899e-06, 8.298965875358688e-05, 5.0331961707597845e-05, 2.4846388701398866e-05], [7.675457087782837e-07, 3.762412724437413e-06, 7.511530432875144e-06, 5.0331961707597845e-05, 3.609559373662496e-05, 1.917745165037125e-05], [1.4215568233451793e-06, 3.330057620228288e-06, 5.610535772875169e-06, 2.4846388701398866e-05, 1.917745165037125e-05, 1.1585341279112041e-05]]</COVARIANCE_MATRIX>
		<ROI_SIZE>685</ROI_SIZE>
		<MAX_VALUE>[0.11872798204421997, 0.09738121926784515, 0.07220298051834106, 0.10102230310440063, 0.05245068296790123, 0.03367409482598305]</MAX_VALUE>
		<MIN_VALUE>[0.10554390400648117, 0.07979453355073929, 0.0509038083255291, 0.04764349386096001, 0.012803291901946068, 0.00580669566988945]</MIN_VALUE>
		<SIGNATURE_THRESHOLD_MD>0</SIGNATURE_THRESHOLD_MD>
		<SIGNATURE_THRESHOLD_ML>0</SIGNATURE_THRESHOLD_ML>
		<SIGNATURE_THRESHOLD_SAM>0</SIGNATURE_THRESHOLD_SAM>
	</signature>
	<signature ID="20210208_144905977736_364">
		<MACROCLASSID>1</MACROCLASSID>
		<MACROCLASSINFO>waterbody</MACROCLASSINFO>
		<CLASSID>7</CLASSID>
		<CLASSINFO>C 1</CLASSINFO>
		<VALUES>[0.1402709234971553, 0.00191132853229977, 0.1355626096948982, 0.0029472839126874835, 0.10219565038569262, 0.004035780213179336, 0.06694541783072051, 0.009001576310700424, 0.022402866084303252, 0.0065647131162656185, 0.013047482631372977, 0.004450055613208418]</VALUES>
		<LCS_MIN>[0.1315074861049652, 0.1160150021314621, 0.0850776731967926, 0.040789682418107986, 0.011066040024161339, 0.0074249557219445705]</LCS_MIN>
		<LCS_MAX>[0.1455482691526413, 0.1427639126777649, 0.11632438749074936, 0.10016556829214096, 0.05747204273939133, 0.039004843682050705]</LCS_MAX>
		<WAVELENGTH>[0.48, 0.56, 0.655, 0.865, 1.61, 2.2]</WAVELENGTH>
		<MEAN_VALUE>[0.1402709234971553, 0.1355626096948982, 0.10219565038569262, 0.06694541783072051, 0.022402866084303252, 0.013047482631372977]</MEAN_VALUE>
		<CHECKBOX>2</CHECKBOX>
		<SD>[0.00191132853229977, 0.0029472839126874835, 0.004035780213179336, 0.009001576310700424, 0.0065647131162656185, 0.004450055613208418]</SD>
		<WAVELENGTH_UNIT>E-6m</WAVELENGTH_UNIT>
		<COLOR>#dda6ed</COLOR>
		<COVARIANCE_MATRIX>[[3.1628181979287503e-06, 4.490173855515733e-06, 2.3499898315361088e-06, -8.221016804304025e-06, -3.4754477366622406e-06, -1.281232870217742e-06], [4.490173855515733e-06, 8.209728448119728e-06, 6.369142613579235e-06, -1.2940478835940916e-05, -7.960020570404841e-06, -4.264954509997365e-06], [2.3499898315361088e-06, 6.369142613579235e-06, 1.4594606868098542e-05, 1.8900894262348194e-06, -4.055869556425055e-07, 2.761614794618654e-07], [-8.221016804304025e-06, -1.2940478835940916e-05, 1.8900894262348194e-06, 7.583951587135807e-05, 4.985375105900973e-05, 2.887003388182797e-05], [-3.4754477366622406e-06, -7.960020570404841e-06, -4.055869556425055e-07, 4.985375105900973e-05, 4.599762219313601e-05, 2.9641962480505485e-05], [-1.281232870217742e-06, -4.264954509997365e-06, 2.761614794618654e-07, 2.887003388182797e-05, 2.9641962480505485e-05, 2.0946049958994338e-05]]</COVARIANCE_MATRIX>
		<ROI_SIZE>1206</ROI_SIZE>
		<MAX_VALUE>[0.1455482691526413, 0.1427639126777649, 0.11632438749074936, 0.10016556829214096, 0.05747204273939133, 0.039004843682050705]</MAX_VALUE>
		<MIN_VALUE>[0.1315074861049652, 0.1160150021314621, 0.0850776731967926, 0.040789682418107986, 0.011066040024161339, 0.0074249557219445705]</MIN_VALUE>
		<SIGNATURE_THRESHOLD_MD>0</SIGNATURE_THRESHOLD_MD>
		<SIGNATURE_THRESHOLD_ML>0</SIGNATURE_THRESHOLD_ML>
		<SIGNATURE_THRESHOLD_SAM>0</SIGNATURE_THRESHOLD_SAM>
	</signature>
	<signature ID="20210208_144912979711_387">
		<MACROCLASSID>1</MACROCLASSID>
		<MACROCLASSINFO>waterbody</MACROCLASSINFO>
		<CLASSID>8</CLASSID>
		<CLASSINFO>C 1</CLASSINFO>
		<VALUES>[0.11432411277540099, 0.002130018730086149, 0.09082788112347276, 0.0038096689255798823, 0.0585299307724587, 0.0037657687502202267, 0.06878393088259452, 0.008742884298666164, 0.02217237932101183, 0.008390565720144096, 0.011699518591201703, 0.00532681970449229]</VALUES>
		<LCS_MIN>[0.10692419856786728, 0.07800967991352081, 0.05190332978963852, 0.04621560871601105, 0.00787711888551712, 0.004021845757961273]</LCS_MIN>
		<LCS_MAX>[0.12096498161554337, 0.109232597053051, 0.08012770116329193, 0.10218839347362518, 0.05580619350075722, 0.03514957055449486]</LCS_MAX>
		<WAVELENGTH>[0.48, 0.56, 0.655, 0.865, 1.61, 2.2]</WAVELENGTH>
		<MEAN_VALUE>[0.11432411277540099, 0.09082788112347276, 0.0585299307724587, 0.06878393088259452, 0.02217237932101183, 0.011699518591201703]</MEAN_VALUE>
		<CHECKBOX>2</CHECKBOX>
		<SD>[0.002130018730086149, 0.0038096689255798823, 0.0037657687502202267, 0.008742884298666164, 0.008390565720144096, 0.00532681970449229]</SD>
		<WAVELENGTH_UNIT>E-6m</WAVELENGTH_UNIT>
		<COLOR>#bd7b83</COLOR>
		<COVARIANCE_MATRIX>[[4.542492524163633e-06, 7.042396901350267e-06, 5.990282397532969e-06, 6.49565061485689e-06, 7.70314980630351e-06, 5.599165534653041e-06], [7.042396901350267e-06, 1.453121228889897e-05, 1.2916807666348584e-05, 1.6985976557744823e-05, 1.9527872972193446e-05, 1.3510572662793578e-05], [5.990282397532969e-06, 1.2916807666348584e-05, 1.4198245160184063e-05, 2.3327721829029585e-05, 2.623600361195197e-05, 1.773474497896873e-05], [6.49565061485689e-06, 1.6985976557744823e-05, 2.3327721829029585e-05, 7.653090316953539e-05, 6.710973820264833e-05, 4.025668077237728e-05], [7.70314980630351e-06, 1.9527872972193446e-05, 2.623600361195197e-05, 6.710973820264833e-05, 7.048713574452374e-05, 4.375568991027556e-05], [5.599165534653041e-06, 1.3510572662793578e-05, 1.773474497896873e-05, 4.025668077237728e-05, 4.375568991027556e-05, 2.840948569535104e-05]]</COVARIANCE_MATRIX>
		<ROI_SIZE>824</ROI_SIZE>
		<MAX_VALUE>[0.12096498161554337, 0.109232597053051, 0.08012770116329193, 0.10218839347362518, 0.05580619350075722, 0.03514957055449486]</MAX_VALUE>
		<MIN_VALUE>[0.10692419856786728, 0.07800967991352081, 0.05190332978963852, 0.04621560871601105, 0.00787711888551712, 0.004021845757961273]</MIN_VALUE>
		<SIGNATURE_THRESHOLD_MD>0</SIGNATURE_THRESHOLD_MD>
		<SIGNATURE_THRESHOLD_ML>0</SIGNATURE_THRESHOLD_ML>
		<SIGNATURE_THRESHOLD_SAM>0</SIGNATURE_THRESHOLD_SAM>
	</signature>
	<signature ID="20210208_144923506679_700">
		<MACROCLASSID>1</MACROCLASSID>
		<MACROCLASSINFO>waterbody</MACROCLASSINFO>
		<CLASSID>9</CLASSID>
		<CLASSINFO>C 1</CLASSINFO>
		<VALUES>[0.1072675311326846, 0.002236395521725946, 0.08999300926184577, 0.005840316119848048, 0.054624450377271566, 0.006631088376338167, 0.04840765819541498, 0.007839858778757484, 0.014640242884013275, 0.005737694337547695, 0.007680321156373831, 0.0038812389999490792]</VALUES>
		<LCS_MIN>[0.09807135909795761, 0.07574886828660965, 0.04711993783712387, 0.03493538126349449, 0.009400181472301483, 0.00461679557338357]</LCS_MIN>
		<LCS_MAX>[0.11430156230926514, 0.10851864516735077, 0.07793828845024109, 0.0839591771364212, 0.0505230538547039, 0.04119424894452095]</LCS_MAX>
		<WAVELENGTH>[0.48, 0.56, 0.655, 0.865, 1.61, 2.2]</WAVELENGTH>
		<MEAN_VALUE>[0.1072675311326846, 0.08999300926184577, 0.054624450377271566, 0.04840765819541498, 0.014640242884013275, 0.007680321156373831]</MEAN_VALUE>
		<CHECKBOX>2</CHECKBOX>
		<SD>[0.002236395521725946, 0.005840316119848048, 0.006631088376338167, 0.007839858778757484, 0.005737694337547695, 0.0038812389999490792]</SD>
		<WAVELENGTH_UNIT>E-6m</WAVELENGTH_UNIT>
		<COLOR>#7a80b5</COLOR>
		<COVARIANCE_MATRIX>[[3.976000854753715e-06, 8.119849226025731e-06, 6.469063621334423e-06, 2.820821253290259e-06, 1.9346503579053216e-06, 1.4630288314164565e-06], [8.119849226025731e-06, 2.3077171857324788e-05, 2.1852048689046325e-05, 1.2870910028680391e-05, 8.672050488732931e-06, 5.907462461548606e-06], [6.469063621334423e-06, 2.1852048689046325e-05, 3.26260161162958e-05, 2.8348195913564773e-05, 1.993787132604243e-05, 1.2947389840444856e-05], [2.820821253290259e-06, 1.2870910028680391e-05, 2.8348195913564773e-05, 5.7298305015339015e-05, 4.156241078972454e-05, 2.546876667756229e-05], [1.9346503579053216e-06, 8.672050488732931e-06, 1.993787132604243e-05, 4.156241078972454e-05, 3.78316139270982e-05, 2.4549919358166546e-05], [1.4630288314164565e-06, 5.907462461548606e-06, 1.2947389840444856e-05, 2.546876667756229e-05, 2.4549919358166546e-05, 1.746664046431405e-05]]</COVARIANCE_MATRIX>
		<ROI_SIZE>2562</ROI_SIZE>
		<MAX_VALUE>[0.11430156230926514, 0.10851864516735077, 0.07793828845024109, 0.0839591771364212, 0.0505230538547039, 0.04119424894452095]</MAX_VALUE>
		<MIN_VALUE>[0.09807135909795761, 0.07574886828660965, 0.04711993783712387, 0.03493538126349449, 0.009400181472301483, 0.00461679557338357]</MIN_VALUE>
		<SIGNATURE_THRESHOLD_MD>0</SIGNATURE_THRESHOLD_MD>
		<SIGNATURE_THRESHOLD_ML>0</SIGNATURE_THRESHOLD_ML>
		<SIGNATURE_THRESHOLD_SAM>0</SIGNATURE_THRESHOLD_SAM>
	</signature>
	<signature ID="20210208_144932866342_539">
		<MACROCLASSID>1</MACROCLASSID>
		<MACROCLASSINFO>waterbody</MACROCLASSINFO>
		<CLASSID>10</CLASSID>
		<CLASSINFO>C 1</CLASSINFO>
		<VALUES>[0.10428462069910674, 0.0022964450733313282, 0.08332858818976492, 0.0063033829169345116, 0.055092383863939, 0.006092688517282402, 0.055492032496377755, 0.007507622798061931, 0.018977839409474177, 0.007831277881785633, 0.010739962846616205, 0.00582206564329956]</VALUES>
		<LCS_MIN>[0.0967862606048584, 0.06851430982351303, 0.04614422470331192, 0.04174159839749336, 0.009090813808143139, 0.0033793060574680567]</LCS_MIN>
		<LCS_MAX>[0.11258810758590698, 0.10999412089586258, 0.08631516247987747, 0.09183628857135773, 0.05468769744038582, 0.03907622769474983]</LCS_MAX>
		<WAVELENGTH>[0.48, 0.56, 0.655, 0.865, 1.61, 2.2]</WAVELENGTH>
		<MEAN_VALUE>[0.10428462069910674, 0.08332858818976492, 0.055092383863939, 0.055492032496377755, 0.018977839409474177, 0.010739962846616205]</MEAN_VALUE>
		<CHECKBOX>2</CHECKBOX>
		<SD>[0.0022964450733313282, 0.0063033829169345116, 0.006092688517282402, 0.007507622798061931, 0.007831277881785633, 0.00582206564329956]</SD>
		<WAVELENGTH_UNIT>E-6m</WAVELENGTH_UNIT>
		<COLOR>#6d911d</COLOR>
		<COVARIANCE_MATRIX>[[5.28331869273029e-06, 1.3010982196745085e-05, 1.2309867372181715e-05, 8.884193484861979e-06, 8.12488191622423e-06, 6.033061013121864e-06], [1.3010982196745085e-05, 3.980540659346796e-05, 3.447007176066152e-05, 1.6277940340119885e-05, 1.4077816375801315e-05, 1.012534047059949e-05], [1.2309867372181715e-05, 3.447007176066152e-05, 3.7188840279556483e-05, 2.78439110938904e-05, 2.614386120817102e-05, 1.9149842788322813e-05], [8.884193484861979e-06, 1.6277940340119885e-05, 2.78439110938904e-05, 5.646763157995367e-05, 5.336431162218149e-05, 3.931700564319435e-05], [8.12488191622423e-06, 1.4077816375801315e-05, 2.614386120817102e-05, 5.336431162218149e-05, 6.144123727870781e-05, 4.495777450533096e-05], [6.033061013121864e-06, 1.012534047059949e-05, 1.9149842788322813e-05, 3.931700564319435e-05, 4.495777450533096e-05, 3.395852976213249e-05]]</COVARIANCE_MATRIX>
		<ROI_SIZE>547</ROI_SIZE>
		<MAX_VALUE>[0.11258810758590698, 0.10999412089586258, 0.08631516247987747, 0.09183628857135773, 0.05468769744038582, 0.03907622769474983]</MAX_VALUE>
		<MIN_VALUE>[0.0967862606048584, 0.06851430982351303, 0.04614422470331192, 0.04174159839749336, 0.009090813808143139, 0.0033793060574680567]</MIN_VALUE>
		<SIGNATURE_THRESHOLD_MD>0</SIGNATURE_THRESHOLD_MD>
		<SIGNATURE_THRESHOLD_ML>0</SIGNATURE_THRESHOLD_ML>
		<SIGNATURE_THRESHOLD_SAM>0</SIGNATURE_THRESHOLD_SAM>
	</signature>
	<signature ID="20210208_144944590831_869">
		<MACROCLASSID>1</MACROCLASSID>
		<MACROCLASSINFO>waterbody</MACROCLASSINFO>
		<CLASSID>11</CLASSID>
		<CLASSINFO>C 1</CLASSINFO>
		<VALUES>[0.0990850125211269, 0.002593291245825324, 0.0799999049338643, 0.006655793235897606, 0.05379212084664166, 0.006321815635550131, 0.050932086940264194, 0.009494162675584719, 0.01590436056713963, 0.007412896298350127, 0.008335517765570595, 0.004548461447165905]</VALUES>
		<LCS_MIN>[0.09314517676830292, 0.06925203651189804, 0.04509711265563965, 0.03198443353176117, 0.004640599247068167, 0.002760561415925622]</LCS_MIN>
		<LCS_MAX>[0.11135061830282211, 0.10559151321649551, 0.0878620371222496, 0.08950409293174744, 0.05237928032875061, 0.03593490272760391]</LCS_MAX>
		<WAVELENGTH>[0.48, 0.56, 0.655, 0.865, 1.61, 2.2]</WAVELENGTH>
		<MEAN_VALUE>[0.0990850125211269, 0.0799999049338643, 0.05379212084664166, 0.050932086940264194, 0.01590436056713963, 0.008335517765570595]</MEAN_VALUE>
		<CHECKBOX>2</CHECKBOX>
		<SD>[0.002593291245825324, 0.006655793235897606, 0.006321815635550131, 0.009494162675584719, 0.007412896298350127, 0.004548461447165905]</SD>
		<WAVELENGTH_UNIT>E-6m</WAVELENGTH_UNIT>
		<COLOR>#70cc0b</COLOR>
		<COVARIANCE_MATRIX>[[6.729778413892522e-06, 1.6191265750868053e-05, 1.5450772952711456e-05, 1.0949972365082088e-05, 6.6806633248549e-06, 4.591437509105361e-06], [1.6191265750868053e-05, 4.433000913720632e-05, 4.0481020886566444e-05, 2.6915179384763085e-05, 1.4623066544752241e-05, 9.075191048059275e-06], [1.5450772952711456e-05, 4.0481020886566444e-05, 3.999280166129401e-05, 3.248847054741668e-05, 2.0548941823884568e-05, 1.3105714575113694e-05], [1.0949972365082088e-05, 2.6915179384763085e-05, 3.248847054741668e-05, 9.020103365010237e-05, 6.2579767409097e-05, 3.5882250623379336e-05], [6.6806633248549e-06, 1.4623066544752241e-05, 2.0548941823884568e-05, 6.2579767409097e-05, 5.498877262317685e-05, 3.259501464800314e-05], [4.591437509105361e-06, 9.075191048059275e-06, 1.3105714575113694e-05, 3.5882250623379336e-05, 3.259501464800314e-05, 2.070271067202512e-05]]</COVARIANCE_MATRIX>
		<ROI_SIZE>1457</ROI_SIZE>
		<MAX_VALUE>[0.11135061830282211, 0.10559151321649551, 0.0878620371222496, 0.08950409293174744, 0.05237928032875061, 0.03593490272760391]</MAX_VALUE>
		<MIN_VALUE>[0.09314517676830292, 0.06925203651189804, 0.04509711265563965, 0.03198443353176117, 0.004640599247068167, 0.002760561415925622]</MIN_VALUE>
		<SIGNATURE_THRESHOLD_MD>0</SIGNATURE_THRESHOLD_MD>
		<SIGNATURE_THRESHOLD_ML>0</SIGNATURE_THRESHOLD_ML>
		<SIGNATURE_THRESHOLD_SAM>0</SIGNATURE_THRESHOLD_SAM>
	</signature>
	<signature ID="20210208_144957476414_920">
		<MACROCLASSID>1</MACROCLASSID>
		<MACROCLASSINFO>waterbody</MACROCLASSINFO>
		<CLASSID>12</CLASSID>
		<CLASSINFO>C 1</CLASSINFO>
		<VALUES>[0.118337664032089, 0.0011966108209354143, 0.08738384659801225, 0.0014382340289321388, 0.05749416342138188, 0.0012164942182160885, 0.06227428797100281, 0.005393172610621201, 0.015620273683951916, 0.003285591951334677, 0.007200124890909396, 0.0016644969022804477]</VALUES>
		<LCS_MIN>[0.11365901678800583, 0.08008010685443878, 0.05402135103940964, 0.050499241799116135, 0.00994754210114479, 0.005830490496009588]</LCS_MIN>
		<LCS_MAX>[0.1206556111574173, 0.09178869426250458, 0.06363571435213089, 0.09909465909004211, 0.05121319368481636, 0.03031858429312706]</LCS_MAX>
		<WAVELENGTH>[0.48, 0.56, 0.655, 0.865, 1.61, 2.2]</WAVELENGTH>
		<MEAN_VALUE>[0.118337664032089, 0.08738384659801225, 0.05749416342138188, 0.06227428797100281, 0.015620273683951916, 0.007200124890909396]</MEAN_VALUE>
		<CHECKBOX>2</CHECKBOX>
		<SD>[0.0011966108209354143, 0.0014382340289321388, 0.0012164942182160885, 0.005393172610621201, 0.003285591951334677, 0.0016644969022804477]</SD>
		<WAVELENGTH_UNIT>E-6m</WAVELENGTH_UNIT>
		<COLOR>#2831bb</COLOR>
		<COVARIANCE_MATRIX>[[1.5415552058998853e-06, 1.6813645184402093e-06, 1.2782586321090589e-06, -1.5155439506017052e-06, -6.131461080236682e-07, -7.066891012384765e-08], [1.6813645184402093e-06, 2.093308035398892e-06, 1.598375314272731e-06, -3.211291031317942e-07, 9.110661684163231e-08, 3.3169253300222066e-07], [1.2782586321090589e-06, 1.598375314272731e-06, 1.428901251415623e-06, 1.2228516677428135e-06, 1.0238236853588897e-06, 7.683098628760757e-07], [-1.5155439506017052e-06, -3.211291031317942e-07, 1.2228516677428135e-06, 3.431032135318288e-05, 1.784425639550255e-05, 8.305075618283137e-06], [-6.131461080236682e-07, 9.110661684163231e-08, 1.0238236853588897e-06, 1.784425639550255e-05, 1.2556472932636693e-05, 6.071114095649894e-06], [-7.066891012384765e-08, 3.3169253300222066e-07, 7.683098628760757e-07, 8.305075618283137e-06, 6.071114095649894e-06, 3.156810799132027e-06]]</COVARIANCE_MATRIX>
		<ROI_SIZE>5013</ROI_SIZE>
		<MAX_VALUE>[0.1206556111574173, 0.09178869426250458, 0.06363571435213089, 0.09909465909004211, 0.05121319368481636, 0.03031858429312706]</MAX_VALUE>
		<MIN_VALUE>[0.11365901678800583, 0.08008010685443878, 0.05402135103940964, 0.050499241799116135, 0.00994754210114479, 0.005830490496009588]</MIN_VALUE>
		<SIGNATURE_THRESHOLD_MD>0</SIGNATURE_THRESHOLD_MD>
		<SIGNATURE_THRESHOLD_ML>0</SIGNATURE_THRESHOLD_ML>
		<SIGNATURE_THRESHOLD_SAM>0</SIGNATURE_THRESHOLD_SAM>
	</signature>
	<signature ID="20210208_145003803703_599">
		<MACROCLASSID>1</MACROCLASSID>
		<MACROCLASSINFO>waterbody</MACROCLASSINFO>
		<CLASSID>13</CLASSID>
		<CLASSINFO>C 1</CLASSINFO>
		<VALUES>[0.12019388421633231, 0.0009532807214397594, 0.0910798041689656, 0.0014657398650790507, 0.06051555459705966, 0.0014460327973439759, 0.0713844247289094, 0.007209180539339729, 0.01840026522721701, 0.0057296734304631575, 0.008478227407403659, 0.003095684461904399]</VALUES>
		<LCS_MIN>[0.1177760511636734, 0.08798103034496307, 0.05811459198594093, 0.06161288917064667, 0.011280220001935959, 0.005663909018039703]</LCS_MIN>
		<LCS_MAX>[0.12365414947271347, 0.09799996018409729, 0.07094169408082962, 0.10390184819698334, 0.05387856811285019, 0.033079154789447784]</LCS_MAX>
		<WAVELENGTH>[0.48, 0.56, 0.655, 0.865, 1.61, 2.2]</WAVELENGTH>
		<MEAN_VALUE>[0.12019388421633231, 0.0910798041689656, 0.06051555459705966, 0.0713844247289094, 0.01840026522721701, 0.008478227407403659]</MEAN_VALUE>
		<CHECKBOX>2</CHECKBOX>
		<SD>[0.0009532807214397594, 0.0014657398650790507, 0.0014460327973439759, 0.007209180539339729, 0.0057296734304631575, 0.003095684461904399]</SD>
		<WAVELENGTH_UNIT>E-6m</WAVELENGTH_UNIT>
		<COLOR>#dc8852</COLOR>
		<COVARIANCE_MATRIX>[[7.485116401470882e-07, 9.059270842997396e-07, 6.780539190342415e-07, 1.3123940112767963e-08, -5.4942985270216814e-08, 1.198928998671286e-08], [9.059270842997396e-07, 1.7141841010405304e-06, 1.4155418613114493e-06, 3.4594890105685245e-06, 2.045947162522409e-06, 1.1673367152664936e-06], [6.780539190342415e-07, 1.4155418613114493e-06, 1.5992069347708064e-06, 4.9406539541290595e-06, 3.7342166202150307e-06, 2.149365970901669e-06], [1.3123940112767963e-08, 3.4594890105685245e-06, 4.9406539541290595e-06, 4.416038719169732e-05, 2.7201577228055416e-05, 1.4047317251053525e-05], [-5.4942985270216814e-08, 2.045947162522409e-06, 3.7342166202150307e-06, 2.7201577228055416e-05, 2.609434757524431e-05, 1.3645297388735224e-05], [1.198928998671286e-08, 1.1673367152664936e-06, 2.149365970901669e-06, 1.4047317251053525e-05, 1.3645297388735224e-05, 7.591220651294939e-06]]</COVARIANCE_MATRIX>
		<ROI_SIZE>3898</ROI_SIZE>
		<MAX_VALUE>[0.12365414947271347, 0.09799996018409729, 0.07094169408082962, 0.10390184819698334, 0.05387856811285019, 0.033079154789447784]</MAX_VALUE>
		<MIN_VALUE>[0.1177760511636734, 0.08798103034496307, 0.05811459198594093, 0.06161288917064667, 0.011280220001935959, 0.005663909018039703]</MIN_VALUE>
		<SIGNATURE_THRESHOLD_MD>0</SIGNATURE_THRESHOLD_MD>
		<SIGNATURE_THRESHOLD_ML>0</SIGNATURE_THRESHOLD_ML>
		<SIGNATURE_THRESHOLD_SAM>0</SIGNATURE_THRESHOLD_SAM>
	</signature>
	<signature ID="20210208_145012293265_289">
		<MACROCLASSID>1</MACROCLASSID>
		<MACROCLASSINFO>waterbody</MACROCLASSINFO>
		<CLASSID>14</CLASSID>
		<CLASSINFO>C 1</CLASSINFO>
		<VALUES>[0.1171233691335957, 0.0011975585085419972, 0.08687512347019415, 0.0013549270846235347, 0.05727643078364429, 0.0011245420942642829, 0.0691108533389617, 0.006807543056618977, 0.017595529511660192, 0.005642341321640635, 0.008079108444210321, 0.003060987494796077]</VALUES>
		<LCS_MIN>[0.11289747804403305, 0.08236470818519592, 0.05435451492667198, 0.05837637186050415, 0.010542492382228374, 0.004021845757961273]</LCS_MIN>
		<LCS_MAX>[0.11951330304145813, 0.09069399535655975, 0.06434966623783112, 0.10547251999378204, 0.054830484092235565, 0.030413782224059105]</LCS_MAX>
		<WAVELENGTH>[0.48, 0.56, 0.655, 0.865, 1.61, 2.2]</WAVELENGTH>
		<MEAN_VALUE>[0.1171233691335957, 0.08687512347019415, 0.05727643078364429, 0.0691108533389617, 0.017595529511660192, 0.008079108444210321]</MEAN_VALUE>
		<CHECKBOX>2</CHECKBOX>
		<SD>[0.0011975585085419972, 0.0013549270846235347, 0.0011245420942642829, 0.006807543056618977, 0.005642341321640635, 0.003060987494796077]</SD>
		<WAVELENGTH_UNIT>E-6m</WAVELENGTH_UNIT>
		<COLOR>#abb440</COLOR>
		<COVARIANCE_MATRIX>[[1.4366257579972387e-06, 1.5555426381567338e-06, 9.447108057735148e-07, -1.1647319463366711e-06, -6.554934436623926e-07, -2.1269594873139208e-07], [1.5555426381567338e-06, 1.9523845665057755e-06, 1.3770633779691414e-06, 1.044356325083344e-06, 1.2871225037934877e-06, 9.464049837522478e-07], [9.447108057735148e-07, 1.3770633779691414e-06, 1.594681513015062e-06, 4.870561094599895e-06, 4.444717397820334e-06, 2.7074702172486658e-06], [-1.1647319463366711e-06, 1.044356325083344e-06, 4.870561094599895e-06, 5.105257308487307e-05, 3.753084404734438e-05, 2.0377471142933174e-05], [-6.554934436623926e-07, 1.2871225037934877e-06, 4.444717397820334e-06, 3.753084404734438e-05, 3.838997530383109e-05, 2.085534972543438e-05], [-2.1269594873139208e-07, 9.464049837522478e-07, 2.7074702172486658e-06, 2.0377471142933174e-05, 2.085534972543438e-05, 1.203675778659413e-05]]</COVARIANCE_MATRIX>
		<ROI_SIZE>3642</ROI_SIZE>
		<MAX_VALUE>[0.11951330304145813, 0.09069399535655975, 0.06434966623783112, 0.10547251999378204, 0.054830484092235565, 0.030413782224059105]</MAX_VALUE>
		<MIN_VALUE>[0.11289747804403305, 0.08236470818519592, 0.05435451492667198, 0.05837637186050415, 0.010542492382228374, 0.004021845757961273]</MIN_VALUE>
		<SIGNATURE_THRESHOLD_MD>0</SIGNATURE_THRESHOLD_MD>
		<SIGNATURE_THRESHOLD_ML>0</SIGNATURE_THRESHOLD_ML>
		<SIGNATURE_THRESHOLD_SAM>0</SIGNATURE_THRESHOLD_SAM>
	</signature>
	<signature ID="20210208_145019904909_686">
		<MACROCLASSID>1</MACROCLASSID>
		<MACROCLASSINFO>waterbody</MACROCLASSINFO>
		<CLASSID>15</CLASSID>
		<CLASSINFO>C 1</CLASSINFO>
		<VALUES>[0.13317446136017794, 0.0010082780468976026, 0.11770214508865445, 0.0018348219477059583, 0.0789615987616516, 0.0021295003155192677, 0.09005474424275173, 0.008912035453051925, 0.02458701393206731, 0.007035518625385485, 0.011530059488340665, 0.003742632087305579]</VALUES>
		<LCS_MIN>[0.12879450619220734, 0.11001793295145035, 0.07453517615795135, 0.07889021188020706, 0.009876148775219917, 0.007305963896214962]</LCS_MIN>
		<LCS_MAX>[0.13605289161205292, 0.12236906588077545, 0.08890913426876068, 0.12125055491924286, 0.05820978805422783, 0.029271472245454788]</LCS_MAX>
		<WAVELENGTH>[0.48, 0.56, 0.655, 0.865, 1.61, 2.2]</WAVELENGTH>
		<MEAN_VALUE>[0.13317446136017794, 0.11770214508865445, 0.0789615987616516, 0.09005474424275173, 0.02458701393206731, 0.011530059488340665]</MEAN_VALUE>
		<CHECKBOX>2</CHECKBOX>
		<SD>[0.0010082780468976026, 0.0018348219477059583, 0.0021295003155192677, 0.008912035453051925, 0.007035518625385485, 0.003742632087305579]</SD>
		<WAVELENGTH_UNIT>E-6m</WAVELENGTH_UNIT>
		<COLOR>#97d13b</COLOR>
		<COVARIANCE_MATRIX>[[1.0184831657786167e-06, 1.7022657688614402e-06, 1.2502776438617372e-06, -3.1410954520280947e-06, -2.109918992504319e-06, -8.616815884007791e-07], [1.7022657688614402e-06, 3.372726189618657e-06, 2.8600040213690444e-06, -2.790996959149072e-06, -1.989698708639539e-06, -5.669617638886387e-07], [1.2502776438617372e-06, 2.8600040213690444e-06, 4.543061852651818e-06, 5.9905816235477786e-06, 5.4502131042721915e-06, 3.445799647430103e-06], [-3.1410954520280947e-06, -2.790996959149072e-06, 5.9905816235477786e-06, 7.9569575872426e-05, 5.7008554890014485e-05, 2.999156332436174e-05], [-2.109918992504319e-06, -1.989698708639539e-06, 5.4502131042721915e-06, 5.7008554890014485e-05, 4.958901322819755e-05, 2.5727113865199383e-05], [-8.616815884007791e-07, -5.669617638886387e-07, 3.445799647430103e-06, 2.999156332436174e-05, 2.5727113865199383e-05, 1.4032902427110173e-05]]</COVARIANCE_MATRIX>
		<ROI_SIZE>548</ROI_SIZE>
		<MAX_VALUE>[0.13605289161205292, 0.12236906588077545, 0.08890913426876068, 0.12125055491924286, 0.05820978805422783, 0.029271472245454788]</MAX_VALUE>
		<MIN_VALUE>[0.12879450619220734, 0.11001793295145035, 0.07453517615795135, 0.07889021188020706, 0.009876148775219917, 0.007305963896214962]</MIN_VALUE>
		<SIGNATURE_THRESHOLD_MD>0</SIGNATURE_THRESHOLD_MD>
		<SIGNATURE_THRESHOLD_ML>0</SIGNATURE_THRESHOLD_ML>
		<SIGNATURE_THRESHOLD_SAM>0</SIGNATURE_THRESHOLD_SAM>
	</signature>
	<signature ID="20210208_145026225989_115">
		<MACROCLASSID>1</MACROCLASSID>
		<MACROCLASSINFO>waterbody</MACROCLASSINFO>
		<CLASSID>16</CLASSID>
		<CLASSINFO>C 1</CLASSINFO>
