<?xml version="1.0" ?>
<signaturelist MCID_LIST="[['1', 'waterbody', '#0000ff'], ['2', 'vegetation', '#00ff00'], ['3', 'bareland', '#ffaa00'], ['4', 'built-up', '#ff0000']]">
	<signature ID="20210214_210505899184_748">
		<MACROCLASSID>1</MACROCLASSID>
		<MACROCLASSINFO>waterbody</MACROCLASSINFO>
		<CLASSID>1</CLASSID>
		<CLASSINFO>C 1</CLASSINFO>
		<VALUES>[0.0865651128793018, 0.0022148261716034923, 0.0643568500012232, 0.003181342961118035, 0.04259632127574946, 0.002932564208279704, 0.020676404759450186, 0.006026939805133285, 0.0059467336086667585, 0.00513085566535386, 0.003606255826283657, 0.003588503503681637]</VALUES>
		<LCS_MIN>[0.08135242015123367, 0.05264945328235626, 0.03296741098165512, 0.010398671962320805, 0.0, 0.0]</LCS_MIN>
		<LCS_MAX>[0.10483966022729874, 0.08273015916347504, 0.06875591725111008, 0.05799641087651253, 0.04412057250738144, 0.035558879375457764]</LCS_MAX>
		<WAVELENGTH>[0.48, 0.56, 0.655, 0.865, 1.61, 2.2]</WAVELENGTH>
		<MEAN_VALUE>[0.0865651128793018, 0.0643568500012232, 0.04259632127574946, 0.020676404759450186, 0.0059467336086667585, 0.003606255826283657]</MEAN_VALUE>
		<CHECKBOX>2</CHECKBOX>
		<SD>[0.0022148261716034923, 0.003181342961118035, 0.002932564208279704, 0.006026939805133285, 0.00513085566535386, 0.003588503503681637]</SD>
		<WAVELENGTH_UNIT>E-6m</WAVELENGTH_UNIT>
		<COLOR>#707a7b</COLOR>
		<COVARIANCE_MATRIX>[[4.675825913046903e-06, 6.278289333250868e-06, 5.035587468085069e-06, 1.5940624313396027e-06, 2.311708030452063e-06, 1.8148988589534636e-06], [6.278289333250868e-06, 9.66291772823644e-06, 7.183138922716948e-06, 1.99388863496483e-06, 2.933502428450582e-06, 2.3117384636585784e-06], [5.035587468085069e-06, 7.183138922716948e-06, 7.534929201933116e-06, 6.688154046289373e-06, 6.41264403099659e-06, 4.845707970576564e-06], [1.5940624313396027e-06, 1.99388863496483e-06, 6.688154046289373e-06, 3.413735029322079e-05, 2.613660727004708e-05, 1.7939454302608007e-05], [2.311708030452063e-06, 2.933502428450582e-06, 6.41264403099659e-06, 2.613660727004708e-05, 2.3424741076725266e-05, 1.6432478822056282e-05], [1.8148988589534636e-06, 2.3117384636585784e-06, 4.845707970576564e-06, 1.7939454302608007e-05, 1.6432478822056282e-05, 1.1954447160937975e-05]]</COVARIANCE_MATRIX>
		<ROI_SIZE>5770</ROI_SIZE>
		<MAX_VALUE>[0.10483966022729874, 0.08273015916347504, 0.06875591725111008, 0.05799641087651253, 0.04412057250738144, 0.035558879375457764]</MAX_VALUE>
		<MIN_VALUE>[0.08135242015123367, 0.05264945328235626, 0.03296741098165512, 0.010398671962320805, 0.0, 0.0]</MIN_VALUE>
		<SIGNATURE_THRESHOLD_MD>0</SIGNATURE_THRESHOLD_MD>
		<SIGNATURE_THRESHOLD_ML>0</SIGNATURE_THRESHOLD_ML>
		<SIGNATURE_THRESHOLD_SAM>0</SIGNATURE_THRESHOLD_SAM>
	</signature>
	<signature ID="20210214_210533831368_529">
		<MACROCLASSID>1</MACROCLASSID>
		<MACROCLASSINFO>waterbody</MACROCLASSINFO>
		<CLASSID>2</CLASSID>
		<CLASSINFO>C 1</CLASSINFO>
		<VALUES>[0.07782849852909471, 0.0015645416089838998, 0.05011250592487038, 0.00223035855101073, 0.032161620120465216, 0.0024846328833342457, 0.021996342452278096, 0.008246066623017457, 0.009534269922307501, 0.007247724385256954, 0.005996578174230271, 0.004774495605536562]</VALUES>
		<LCS_MIN>[0.07367641478776932, 0.044218968600034714, 0.028407730162143707, 0.011054739356040955, 0.002591456053778529, 0.0017385703977197409]</LCS_MIN>
		<LCS_MAX>[0.0846327692270279, 0.06009582057595253, 0.04582634195685387, 0.05743875354528427, 0.045006245374679565, 0.03188489377498627]</LCS_MAX>
		<WAVELENGTH>[0.48, 0.56, 0.655, 0.865, 1.61, 2.2]</WAVELENGTH>
		<MEAN_VALUE>[0.07782849852909471, 0.05011250592487038, 0.032161620120465216, 0.021996342452278096, 0.009534269922307501, 0.005996578174230271]</MEAN_VALUE>
		<CHECKBOX>2</CHECKBOX>
		<SD>[0.0015645416089838998, 0.00223035855101073, 0.0024846328833342457, 0.008246066623017457, 0.007247724385256954, 0.004774495605536562]</SD>
		<WAVELENGTH_UNIT>E-6m</WAVELENGTH_UNIT>
		<COLOR>#7d162b</COLOR>
		<COVARIANCE_MATRIX>[[1.9355671951360054e-06, 2.6453196247381705e-06, 2.642561340090818e-06, 3.19291526750673e-06, 4.109942263059866e-06, 2.9865543182061306e-06], [2.6453196247381705e-06, 4.005326488348693e-06, 4.077558324496699e-06, 6.578066672668178e-06, 7.668564497290842e-06, 5.492937579080709e-06], [2.642561340090818e-06, 4.077558324496699e-06, 5.330570740794295e-06, 1.2387846311029332e-05, 1.305244543221922e-05, 8.60630766435076e-06], [3.19291526750673e-06, 6.578066672668178e-06, 1.2387846311029332e-05, 6.897053723254289e-05, 5.363001261121872e-05, 3.2150724179440314e-05], [4.109942263059866e-06, 7.668564497290842e-06, 1.305244543221922e-05, 5.363001261121872e-05, 4.930234865549082e-05, 3.082829290023575e-05], [2.9865543182061306e-06, 5.492937579080709e-06, 8.60630766435076e-06, 3.2150724179440314e-05, 3.082829290023575e-05, 2.0770085579785052e-05]]</COVARIANCE_MATRIX>
		<ROI_SIZE>2735</ROI_SIZE>
		<MAX_VALUE>[0.0846327692270279, 0.06009582057595253, 0.04582634195685387, 0.05743875354528427, 0.045006245374679565, 0.03188489377498627]</MAX_VALUE>
		<MIN_VALUE>[0.07367641478776932, 0.044218968600034714, 0.028407730162143707, 0.011054739356040955, 0.002591456053778529, 0.0017385703977197409]</MIN_VALUE>
		<SIGNATURE_THRESHOLD_MD>0</SIGNATURE_THRESHOLD_MD>
		<SIGNATURE_THRESHOLD_ML>0</SIGNATURE_THRESHOLD_ML>
		<SIGNATURE_THRESHOLD_SAM>0</SIGNATURE_THRESHOLD_SAM>
	</signature>
	<signature ID="20210214_210540233589_918">
		<MACROCLASSID>1</MACROCLASSID>
		<MACROCLASSINFO>waterbody</MACROCLASSINFO>
		<CLASSID>3</CLASSID>
		<CLASSINFO>C 1</CLASSINFO>
		<VALUES>[0.08572664634594991, 0.0021653853396073463, 0.06923103488741382, 0.004393860469865228, 0.04534407708072854, 0.002947964161745032, 0.02733368835141581, 0.00969316516934971, 0.01049337657393828, 0.006989439851180252, 0.007539748275678817, 0.005908775702754079]</VALUES>
		<LCS_MIN>[0.07922019064426422, 0.05173095688223839, 0.03657578304409981, 0.01613926701247692, 0.00272267684340477, 0.0008200744050554931]</LCS_MIN>
		<LCS_MAX>[0.09535945951938629, 0.08512480556964874, 0.059046100825071335, 0.05980057641863823, 0.033459458500146866, 0.03480440378189087]</LCS_MAX>
		<WAVELENGTH>[0.48, 0.56, 0.655, 0.865, 1.61, 2.2]</WAVELENGTH>
		<MEAN_VALUE>[0.08572664634594991, 0.06923103488741382, 0.04534407708072854, 0.02733368835141581, 0.01049337657393828, 0.007539748275678817]</MEAN_VALUE>
		<CHECKBOX>2</CHECKBOX>
		<SD>[0.0021653853396073463, 0.004393860469865228, 0.002947964161745032, 0.00969316516934971, 0.006989439851180252, 0.005908775702754079]</SD>
		<WAVELENGTH_UNIT>E-6m</WAVELENGTH_UNIT>
		<COLOR>#b828a4</COLOR>
		<COVARIANCE_MATRIX>[[4.727014755726197e-06, 8.73095765524219e-06, 6.088593896099558e-06, -5.2598359103317956e-06, 9.757571789067845e-07, 3.0392257793198905e-06], [8.73095765524219e-06, 1.9462969258145432e-05, 1.127484737429278e-05, -1.541384007289047e-05, -2.4358826375513027e-06, 3.059330589518069e-06], [6.088593896099558e-06, 1.127484737429278e-05, 8.761147111119552e-06, -1.683433628058334e-06, 5.640537161509711e-06, 6.312074213183899e-06], [-5.2598359103317956e-06, -1.541384007289047e-05, -1.683433628058334e-06, 9.472133271574392e-05, 5.816093056494752e-05, 3.8169078160873444e-05], [9.757571789067845e-07, -2.4358826375513027e-06, 5.640537161509711e-06, 5.816093056494752e-05, 4.924944235548834e-05, 3.663246373013507e-05], [3.0392257793198905e-06, 3.059330589518069e-06, 6.312074213183899e-06, 3.8169078160873444e-05, 3.663246373013507e-05, 3.519748095834687e-05]]</COVARIANCE_MATRIX>
		<ROI_SIZE>124</ROI_SIZE>
		<MAX_VALUE>[0.09535945951938629, 0.08512480556964874, 0.059046100825071335, 0.05980057641863823, 0.033459458500146866, 0.03480440378189087]</MAX_VALUE>
		<MIN_VALUE>[0.07922019064426422, 0.05173095688223839, 0.03657578304409981, 0.01613926701247692, 0.00272267684340477, 0.0008200744050554931]</MIN_VALUE>
		<SIGNATURE_THRESHOLD_MD>0</SIGNATURE_THRESHOLD_MD>
		<SIGNATURE_THRESHOLD_ML>0</SIGNATURE_THRESHOLD_ML>
		<SIGNATURE_THRESHOLD_SAM>0</SIGNATURE_THRESHOLD_SAM>
	</signature>
	<signature ID="20210214_210545623531_964">
		<MACROCLASSID>1</MACROCLASSID>
		<MACROCLASSINFO>waterbody</MACROCLASSINFO>
		<CLASSID>4</CLASSID>
		<CLASSINFO>C 1</CLASSINFO>
		<VALUES>[0.09886770665817707, 0.0010708074211266184, 0.09615385320541696, 0.0017539079533611833, 0.06345810585904268, 0.0018558880922435125, 0.02258445046190473, 0.0009546135730589704, 0.003665967888226453, 0.0003383236820782091, 0.002010100286280295, 0.00022850105526673833]</VALUES>
		<LCS_MIN>[0.09575311839580536, 0.0930304303765297, 0.05963655933737755, 0.019846050068736076, 0.0024930466897785664, 0.001213724259287119]</LCS_MIN>
		<LCS_MAX>[0.10342910140752792, 0.10257620364427567, 0.07095374912023544, 0.02538982406258583, 0.005084515083581209, 0.002853885293006897]</LCS_MAX>
		<WAVELENGTH>[0.48, 0.56, 0.655, 0.865, 1.61, 2.2]</WAVELENGTH>
		<MEAN_VALUE>[0.09886770665817707, 0.09615385320541696, 0.06345810585904268, 0.02258445046190473, 0.003665967888226453, 0.002010100286280295]</MEAN_VALUE>
		<CHECKBOX>2</CHECKBOX>
		<SD>[0.0010708074211266184, 0.0017539079533611833, 0.0018558880922435125, 0.0009546135730589704, 0.0003383236820782091, 0.00022850105526673833]</SD>
		<WAVELENGTH_UNIT>E-6m</WAVELENGTH_UNIT>
		<COLOR>#81fc4d</COLOR>
		<COVARIANCE_MATRIX>[[1.0722477995650715e-06, 1.2088658641566594e-06, 1.3309671393213892e-06, 5.666765068262843e-07, 2.176341791047123e-07, 1.217290749257846e-07], [1.2088658641566594e-06, 2.383777979417085e-06, 2.383229643310986e-06, 8.448724325874253e-08, 9.902328473254699e-08, 6.542200530917125e-08], [1.3309671393213892e-06, 2.383229643310986e-06, 2.7433877239479018e-06, 3.60859108694381e-07, 1.5669145376659352e-07, 1.0047823040656456e-07], [5.666765068262843e-07, 8.448724325874253e-08, 3.60859108694381e-07, 9.849951787570484e-07, 2.6366218862775736e-07, 1.3961144051475907e-07], [2.176341791047123e-07, 9.902328473254699e-08, 1.5669145376659352e-07, 2.6366218862775736e-07, 1.2323955005620823e-07, 4.5550734684379775e-08], [1.217290749257846e-07, 6.542200530917125e-08, 1.0047823040656456e-07, 1.3961144051475907e-07, 4.5550734684379775e-08, 5.449928868347475e-08]]</COVARIANCE_MATRIX>
		<ROI_SIZE>10192</ROI_SIZE>
		<MAX_VALUE>[0.10342910140752792, 0.10257620364427567, 0.07095374912023544, 0.02538982406258583, 0.005084515083581209, 0.002853885293006897]</MAX_VALUE>
		<MIN_VALUE>[0.09575311839580536, 0.0930304303765297, 0.05963655933737755, 0.019846050068736076, 0.0024930466897785664, 0.001213724259287119]</MIN_VALUE>
		<SIGNATURE_THRESHOLD_MD>0</SIGNATURE_THRESHOLD_MD>
		<SIGNATURE_THRESHOLD_ML>0</SIGNATURE_THRESHOLD_ML>
		<SIGNATURE_THRESHOLD_SAM>0</SIGNATURE_THRESHOLD_SAM>
	</signature>
	<signature ID="20210214_210552771343_263">
		<MACROCLASSID>1</MACROCLASSID>
		<MACROCLASSINFO>waterbody</MACROCLASSINFO>
		<CLASSID>5</CLASSID>
		<CLASSINFO>C 1</CLASSINFO>
		<VALUES>[0.09540454982088338, 0.0017499993726389088, 0.09257705954484442, 0.002006591683527922, 0.059300161927643424, 0.0020891967194668058, 0.019321015694642743, 0.0017306097058652772, 0.0032389878177986136, 0.00059901285630881, 0.0017638634471241943, 0.00036305497968660546]</VALUES>
		<LCS_MIN>[0.09066858142614365, 0.08243493735790253, 0.051763758063316345, 0.01508956216275692, 0.001902590156532824, 0.0008200744050554931]</LCS_MIN>
		<LCS_MAX>[0.09906626492738724, 0.09644197672605515, 0.06354018300771713, 0.02663634903728962, 0.0061014206148684025, 0.003444354049861431]</LCS_MAX>
		<WAVELENGTH>[0.48, 0.56, 0.655, 0.865, 1.61, 2.2]</WAVELENGTH>
		<MEAN_VALUE>[0.09540454982088338, 0.09257705954484442, 0.059300161927643424, 0.019321015694642743, 0.0032389878177986136, 0.0017638634471241943]</MEAN_VALUE>
		<CHECKBOX>2</CHECKBOX>
		<SD>[0.0017499993726389088, 0.002006591683527922, 0.0020891967194668058, 0.0017306097058652772, 0.00059901285630881, 0.00036305497968660546]</SD>
		<WAVELENGTH_UNIT>E-6m</WAVELENGTH_UNIT>
		<COLOR>#f5bb89</COLOR>
		<COVARIANCE_MATRIX>[[2.3671138813167162e-06, 2.3722326375707867e-06, 2.5492517085237214e-06, 1.608015027336057e-06, 5.95745645156031e-07, 3.5803370025404573e-07], [2.3722326375707867e-06, 3.324298346601859e-06, 3.159495402042168e-06, 2.4414196841282788e-06, 5.953046372822704e-07, 3.2469140734250465e-07], [2.5492517085237214e-06, 3.159495402042168e-06, 3.47025687858984e-06, 2.3832842738794384e-06, 6.330648626326563e-07, 3.6563736495888365e-07], [1.608015027336057e-06, 2.4414196841282788e-06, 2.3832842738794384e-06, 2.6791290102911933e-06, 6.491803400224362e-07, 3.2157371107787187e-07], [5.95745645156031e-07, 5.953046372822704e-07, 6.330648626326563e-07, 6.491803400224362e-07, 3.0469673246017767e-07, 1.462761453777741e-07], [3.5803370025404573e-07, 3.2469140734250465e-07, 3.6563736495888365e-07, 3.2157371107787187e-07, 1.462761453777741e-07, 1.1306876058046375e-07]]</COVARIANCE_MATRIX>
		<ROI_SIZE>10193</ROI_SIZE>
		<MAX_VALUE>[0.09906626492738724, 0.09644197672605515, 0.06354018300771713, 0.02663634903728962, 0.0061014206148684025, 0.003444354049861431]</MAX_VALUE>
		<MIN_VALUE>[0.09066858142614365, 0.08243493735790253, 0.051763758063316345, 0.01508956216275692, 0.001902590156532824, 0.0008200744050554931]</MIN_VALUE>
		<SIGNATURE_THRESHOLD_MD>0</SIGNATURE_THRESHOLD_MD>
		<SIGNATURE_THRESHOLD_ML>0</SIGNATURE_THRESHOLD_ML>
		<SIGNATURE_THRESHOLD_SAM>0</SIGNATURE_THRESHOLD_SAM>
	</signature>
	<signature ID="20210214_210558387668_185">
		<MACROCLASSID>1</MACROCLASSID>
		<MACROCLASSINFO>waterbody</MACROCLASSINFO>
		<CLASSID>6</CLASSID>
		<CLASSINFO>C 1</CLASSINFO>
		<VALUES>[0.0759880555768616, 0.001671829498922211, 0.05256523385343651, 0.0033188957526983473, 0.03307428641598704, 0.0033064562961042632, 0.014862954599341293, 0.005690266172136252, 0.005954345341421812, 0.00610280503211975, 0.0041470105142586014, 0.004474705538651653]</VALUES>
		<LCS_MIN>[0.06937917321920395, 0.04044658690690994, 0.023618442937731743, 0.0017057713121175766, 0.0, 0.0]</LCS_MIN>
		<LCS_MAX>[0.08397669345140457, 0.06764060258865356, 0.050648439675569534, 0.05189497768878937, 0.04208676144480705, 0.03106480836868286]</LCS_MAX>
		<WAVELENGTH>[0.48, 0.56, 0.655, 0.865, 1.61, 2.2]</WAVELENGTH>
		<MEAN_VALUE>[0.0759880555768616, 0.05256523385343651, 0.03307428641598704, 0.014862954599341293, 0.005954345341421812, 0.0041470105142586014]</MEAN_VALUE>
		<CHECKBOX>2</CHECKBOX>
		<SD>[0.001671829498922211, 0.0033188957526983473, 0.0033064562961042632, 0.005690266172136252, 0.00610280503211975, 0.004474705538651653]</SD>
		<WAVELENGTH_UNIT>E-6m</WAVELENGTH_UNIT>
		<COLOR>#2b2fbc</COLOR>
		<COVARIANCE_MATRIX>[[2.553257214209738e-06, 4.897916268562343e-06, 4.658761151018987e-06, 3.0374630807506995e-06, 4.139024252334383e-06, 2.982297724655007e-06], [4.897916268562343e-06, 1.0424741638898977e-05, 9.778247929068794e-06, 5.855729341274454e-06, 6.956634058958551e-06, 5.136370369599709e-06], [4.658761151018987e-06, 9.778247929068794e-06, 1.0900851211020143e-05, 1.1327137733192053e-05, 1.205178988555637e-05, 8.964465749711424e-06], [3.0374630807506995e-06, 5.855729341274454e-06, 1.1327137733192053e-05, 3.326007848274195e-05, 2.9658158298512905e-05, 2.088252222451324e-05], [4.139024252334383e-06, 6.956634058958551e-06, 1.205178988555637e-05, 2.9658158298512905e-05, 3.8739705774477363e-05, 2.7677155728467955e-05], [2.982297724655007e-06, 5.136370369599709e-06, 8.964465749711424e-06, 2.088252222451324e-05, 2.7677155728467955e-05, 2.064517974753449e-05]]</COVARIANCE_MATRIX>
		<ROI_SIZE>1655</ROI_SIZE>
		<MAX_VALUE>[0.08397669345140457, 0.06764060258865356, 0.050648439675569534, 0.05189497768878937, 0.04208676144480705, 0.03106480836868286]</MAX_VALUE>
		<MIN_VALUE>[0.06937917321920395, 0.04044658690690994, 0.023618442937731743, 0.0017057713121175766, 0.0, 0.0]</MIN_VALUE>
		<SIGNATURE_THRESHOLD_MD>0</SIGNATURE_THRESHOLD_MD>
		<SIGNATURE_THRESHOLD_ML>0</SIGNATURE_THRESHOLD_ML>
		<SIGNATURE_THRESHOLD_SAM>0</SIGNATURE_THRESHOLD_SAM>
	</signature>
	<signature ID="20210214_210603315813_681">
		<MACROCLASSID>1</MACROCLASSID>
		<MACROCLASSINFO>waterbody</MACROCLASSINFO>
		<CLASSID>7</CLASSID>
		<CLASSINFO>C 1</CLASSINFO>
		<VALUES>[0.08583097765063263, 0.0035239995796281136, 0.07390671954474347, 0.008961151331772247, 0.051320013097477905, 0.01023908079213716, 0.022929848078002597, 0.00782180821642707, 0.010149734014777933, 0.007930017122572857, 0.007017401421328204, 0.005793835378340367]</VALUES>
		<LCS_MIN>[0.07367641478776932, 0.04490784555673599, 0.028998197987675667, 0.010693900287151337, 0.0, 0.0009184838272631168]</LCS_MIN>
		<LCS_MAX>[0.09434256702661514, 0.09421134740114212, 0.08824113011360168, 0.05697949230670929, 0.04494064673781395, 0.03569008782505989]</LCS_MAX>
		<WAVELENGTH>[0.48, 0.56, 0.655, 0.865, 1.61, 2.2]</WAVELENGTH>
		<MEAN_VALUE>[0.08583097765063263, 0.07390671954474347, 0.051320013097477905, 0.022929848078002597, 0.010149734014777933, 0.007017401421328204]</MEAN_VALUE>
		<CHECKBOX>2</CHECKBOX>
		<SD>[0.0035239995796281136, 0.008961151331772247, 0.01023908079213716, 0.00782180821642707, 0.007930017122572857, 0.005793835378340367]</SD>
		<WAVELENGTH_UNIT>E-6m</WAVELENGTH_UNIT>
		<COLOR>#64d7b5</COLOR>
		<COVARIANCE_MATRIX>[[1.2439801367197212e-05, 3.1126606962152305e-05, 3.4135994221865085e-05, 6.228845783403122e-06, 5.968644765038493e-06, 5.632168086526011e-06], [3.1126606962152305e-05, 8.043950196560823e-05, 8.673187271179978e-05, 1.2151543419780895e-05, 1.1188266642310804e-05, 1.1408759525681133e-05], [3.4135994221865085e-05, 8.673187271179978e-05, 0.00010501798704990884, 3.549703642013079e-05, 3.1063034417908e-05, 2.4939580843429702e-05], [6.228845783403122e-06, 1.2151543419780895e-05, 3.549703642013079e-05, 6.128526613999255e-05, 5.5177602010795994e-05, 3.8415374390145924e-05], [5.968644765038493e-06, 1.1188266642310804e-05, 3.1063034417908e-05, 5.5177602010795994e-05, 6.299266758406672e-05, 4.498586752309967e-05], [5.632168086526011e-06, 1.1408759525681133e-05, 2.4939580843429702e-05, 3.8415374390145924e-05, 4.498586752309967e-05, 3.3625910491122666e-05]]</COVARIANCE_MATRIX>
		<ROI_SIZE>586</ROI_SIZE>
		<MAX_VALUE>[0.09434256702661514, 0.09421134740114212, 0.08824113011360168, 0.05697949230670929, 0.04494064673781395, 0.03569008782505989]</MAX_VALUE>
		<MIN_VALUE>[0.07367641478776932, 0.04490784555673599, 0.028998197987675667, 0.010693900287151337, 0.0, 0.0009184838272631168]</MIN_VALUE>
		<SIGNATURE_THRESHOLD_MD>0</SIGNATURE_THRESHOLD_MD>
		<SIGNATURE_THRESHOLD_ML>0</SIGNATURE_THRESHOLD_ML>
		<SIGNATURE_THRESHOLD_SAM>0</SIGNATURE_THRESHOLD_SAM>
	</signature>
	<signature ID="20210214_210608523548_730">
		<MACROCLASSID>1</MACROCLASSID>
		<MACROCLASSINFO>waterbody</MACROCLASSINFO>
		<CLASSID>8</CLASSID>
		<CLASSINFO>C 1</CLASSINFO>
		<VALUES>[0.08093231306834658, 0.0038125186932770508, 0.06682759673673325, 0.009362530309993197, 0.043618074364282854, 0.007817939339106409, 0.02290179738139903, 0.01038312285433366, 0.012451864903348236, 0.009534566230420195, 0.008618154397647064, 0.007002023066372257]</VALUES>
		<LCS_MIN>[0.06934637576341629, 0.039987340569496155, 0.02374965138733387, 0.01089071948081255, 0.0, 0.0]</LCS_MIN>
		<LCS_MAX>[0.08909402787685394, 0.0865025594830513, 0.06764060258865356, 0.0557657815515995, 0.04497344419360161, 0.03572290018200874]</LCS_MAX>
		<WAVELENGTH>[0.48, 0.56, 0.655, 0.865, 1.61, 2.2]</WAVELENGTH>
		<MEAN_VALUE>[0.08093231306834658, 0.06682759673673325, 0.043618074364282854, 0.02290179738139903, 0.012451864903348236, 0.008618154397647064]</MEAN_VALUE>
		<CHECKBOX>2</CHECKBOX>
		<SD>[0.0038125186932770508, 0.009362530309993197, 0.007817939339106409, 0.01038312285433366, 0.009534566230420195, 0.007002023066372257]</SD>
		<WAVELENGTH_UNIT>E-6m</WAVELENGTH_UNIT>
		<COLOR>#8c5345</COLOR>
		<COVARIANCE_MATRIX>[[1.4618357636796003e-05, 3.500143235723628e-05, 2.812015160576009e-05, -1.3136485824946412e-05, 3.0715897292353026e-06, 7.002313681210035e-06], [3.500143235723628e-05, 8.815787079871568e-05, 6.950694715037458e-05, -3.7510775080701374e-05, 4.830959688646715e-07, 1.129616838473499e-05], [2.812015160576009e-05, 6.950694715037458e-05, 6.146943365571869e-05, -9.67256610934561e-06, 2.057263825308981e-05, 2.2476722873354484e-05], [-1.3136485824946412e-05, -3.7510775080701374e-05, -9.67256610934561e-06, 0.0001084252930093756, 8.207259223155236e-05, 5.162582523402977e-05], [3.0715897292353026e-06, 4.830959688646715e-07, 2.057263825308981e-05, 8.207259223155236e-05, 9.142742722056791e-05, 6.362539237605559e-05], [7.002313681210035e-06, 1.129616838473499e-05, 2.2476722873354484e-05, 5.162582523402977e-05, 6.362539237605559e-05, 4.930848889070632e-05]]</COVARIANCE_MATRIX>
		<ROI_SIZE>176</ROI_SIZE>
		<MAX_VALUE>[0.08909402787685394, 0.0865025594830513, 0.06764060258865356, 0.0557657815515995, 0.04497344419360161, 0.03572290018200874]</MAX_VALUE>
		<MIN_VALUE>[0.06934637576341629, 0.039987340569496155, 0.02374965138733387, 0.01089071948081255, 0.0, 0.0]</MIN_VALUE>
		<SIGNATURE_THRESHOLD_MD>0</SIGNATURE_THRESHOLD_MD>
		<SIGNATURE_THRESHOLD_ML>0</SIGNATURE_THRESHOLD_ML>
		<SIGNATURE_THRESHOLD_SAM>0</SIGNATURE_THRESHOLD_SAM>
	</signature>
	<signature ID="20210214_210613411390_149">
		<MACROCLASSID>1</MACROCLASSID>
		<MACROCLASSINFO>waterbody</MACROCLASSINFO>
		<CLASSID>9</CLASSID>
		<CLASSINFO>C 1</CLASSINFO>
		<VALUES>[0.08093997612855147, 0.0049793261988731125, 0.06608289426990915, 0.011560072517662797, 0.04947700326489968, 0.013261559073901578, 0.022644281489547446, 0.007409124576898065, 0.00990353317799263, 0.00874567137261419, 0.007496083882616634, 0.007063297163795423]</VALUES>
		<LCS_MIN>[0.07105214893817902, 0.04372690990567207, 0.02680036798119545, 0.011153148487210274, 0.0, 0.0002952282375190407]</LCS_MIN>
		<LCS_MAX>[0.09352248907089233, 0.09453938156366348, 0.08692900091409683, 0.055732958018779755, 0.04464540630578995, 0.037658289074897766]</LCS_MAX>
		<WAVELENGTH>[0.48, 0.56, 0.655, 0.865, 1.61, 2.2]</WAVELENGTH>
		<MEAN_VALUE>[0.08093997612855147, 0.06608289426990915, 0.04947700326489968, 0.022644281489547446, 0.00990353317799263, 0.007496083882616634]</MEAN_VALUE>
		<CHECKBOX>2</CHECKBOX>
		<SD>[0.0049793261988731125, 0.011560072517662797, 0.013261559073901578, 0.007409124576898065, 0.00874567137261419, 0.007063297163795423]</SD>
		<WAVELENGTH_UNIT>E-6m</WAVELENGTH_UNIT>
		<COLOR>#8219c4</COLOR>
		<COVARIANCE_MATRIX>[[2.4836959358823344e-05, 5.722684639925029e-05, 6.557183728533429e-05, 1.5736931262703165e-05, 1.3368379362907788e-06, 1.3588523562118823e-06], [5.722684639925029e-05, 0.00013386849699165704, 0.00015119153389451926, 3.125518011273955e-05, -3.565675529114198e-06, -1.0980854151004266e-06], [6.557183728533429e-05, 0.00015119153389451926, 0.00017617587568326986, 4.4599126444646506e-05, 5.23753333365464e-06, 4.704904395366697e-06], [1.5736931262703165e-05, 3.125518011273955e-05, 4.4599126444646506e-05, 5.499093000994959e-05, 5.299105915976254e-05, 4.116087806151684e-05], [1.3368379362907788e-06, -3.565675529114198e-06, 5.23753333365464e-06, 5.299105915976254e-05, 7.662025251824807e-05, 5.911198683351733e-05], [1.3588523562118823e-06, -1.0980854151004266e-06, 4.704904395366697e-06, 4.116087806151684e-05, 5.911198683351733e-05, 4.9977235178049275e-05]]</COVARIANCE_MATRIX>
		<ROI_SIZE>574</ROI_SIZE>
		<MAX_VALUE>[0.09352248907089233, 0.09453938156366348, 0.08692900091409683, 0.055732958018779755, 0.04464540630578995, 0.037658289074897766]</MAX_VALUE>
		<MIN_VALUE>[0.07105214893817902, 0.04372690990567207, 0.02680036798119545, 0.011153148487210274, 0.0, 0.0002952282375190407]</MIN_VALUE>
		<SIGNATURE_THRESHOLD_MD>0</SIGNATURE_THRESHOLD_MD>
		<SIGNATURE_THRESHOLD_ML>0</SIGNATURE_THRESHOLD_ML>
		<SIGNATURE_THRESHOLD_SAM>0</SIGNATURE_THRESHOLD_SAM>
	</signature>
	<signature ID="20210214_210623337802_116">
		<MACROCLASSID>1</MACROCLASSID>
		<MACROCLASSINFO>waterbody</MACROCLASSINFO>
		<CLASSID>10</CLASSID>
		<CLASSINFO>C 1</CLASSINFO>
		<VALUES>[0.08757397785685402, 0.0011009075959785585, 0.07891205270234196, 0.0017075640928502199, 0.04839149882454998, 0.0010542803122760773, 0.02374285434209005, 0.0051173946540894605, 0.0048599797741105824, 0.0022773591011216753, 0.0025475040170830875, 0.001557256477388797]</VALUES>
		<LCS_MIN>[0.0841079130768776, 0.07062571495771408, 0.04494064673781395, 0.015680018812417984, 0.002755475929006934, 0.0]</LCS_MIN>
		<LCS_MAX>[0.09270238876342773, 0.08709301799535751, 0.06406501680612564, 0.06862469762563705, 0.04074181616306305, 0.028932588174939156]</LCS_MAX>
		<WAVELENGTH>[0.48, 0.56, 0.655, 0.865, 1.61, 2.2]</WAVELENGTH>
		<MEAN_VALUE>[0.08757397785685402, 0.07891205270234196, 0.04839149882454998, 0.02374285434209005, 0.0048599797741105824, 0.0025475040170830875]</MEAN_VALUE>
		<CHECKBOX>2</CHECKBOX>
		<SD>[0.0011009075959785585, 0.0017075640928502199, 0.0010542803122760773, 0.0051173946540894605, 0.0022773591011216753, 0.001557256477388797]</SD>
		<WAVELENGTH_UNIT>E-6m</WAVELENGTH_UNIT>
		<COLOR>#fbb732</COLOR>
		<COVARIANCE_MATRIX>[[1.1930694930856897e-06, 1.2187458800206442e-06, 7.958872959060941e-07, 1.6091099272086008e-06, 5.073332755532195e-07, 1.551998375487018e-07], [1.2187458800206442e-06, 2.8400057251148787e-06, 1.125524225958723e-06, 4.3596183897548294e-06, 7.508195670531954e-07, -2.2504145812554237e-08], [7.958872959060941e-07, 1.125524225958723e-06, 1.1179773871986573e-06, 3.0607451171854386e-06, 1.3265891024282592e-06, 7.805907783233764e-07], [1.6091099272086008e-06, 4.3596183897548294e-06, 3.0607451171854386e-06, 2.2839282329987615e-05, 8.140423066831927e-06, 4.1795108531440065e-06], [5.073332755532195e-07, 7.508195670531954e-07, 1.3265891024282592e-06, 8.140423066831927e-06, 4.666419751734764e-06, 2.988633724528901e-06], [1.551998375487018e-07, -2.2504145812554237e-08, 7.805907783233764e-07, 4.1795108531440065e-06, 2.988633724528901e-06, 2.2345291927240166e-06]]</COVARIANCE_MATRIX>
		<ROI_SIZE>9834</ROI_SIZE>
		<MAX_VALUE>[0.09270238876342773, 0.08709301799535751, 0.06406501680612564, 0.06862469762563705, 0.04074181616306305, 0.028932588174939156]</MAX_VALUE>
		<MIN_VALUE>[0.0841079130768776, 0.07062571495771408, 0.04494064673781395, 0.015680018812417984, 0.002755475929006934, 0.0]</MIN_VALUE>
		<SIGNATURE_THRESHOLD_MD>0</SIGNATURE_THRESHOLD_MD>
		<SIGNATURE_THRESHOLD_ML>0</SIGNATURE_THRESHOLD_ML>
		<SIGNATURE_THRESHOLD_SAM>0</SIGNATURE_THRESHOLD_SAM>
	</signature>
	<signature ID="20210214_210627067229_663">
		<MACROCLASSID>1</MACROCLASSID>
		<MACROCLASSINFO>waterbody</MACROCLASSINFO>
		<CLASSID>11</CLASSID>
		<CLASSINFO>C 1</CLASSINFO>
		<VALUES>[0.07749284468714145, 0.0005623309133801519, 0.04597727888242231, 0.00046063917434661705, 0.026606504062172277, 0.00044265309387251647, 0.01301880647572796, 0.00041675455161142817, 0.0034027827610861117, 0.0003076957517103371, 0.002067473885125298, 0.0002666533491701236]</VALUES>
		<LCS_MIN>[0.07564462721347809, 0.04444858804345131, 0.025028986856341362, 0.01161239668726921, 0.002329039154574275, 0.0008856847416609526]</LCS_MIN>
		<LCS_MAX>[0.0791545957326889, 0.04759771376848221, 0.02794848196208477, 0.014728723093867302, 0.004559668712317944, 0.0031163145322352648]</LCS_MAX>
		<WAVELENGTH>[0.48, 0.56, 0.655, 0.865, 1.61, 2.2]</WAVELENGTH>
		<MEAN_VALUE>[0.07749284468714145, 0.04597727888242231, 0.026606504062172277, 0.01301880647572796, 0.0034027827610861117, 0.002067473885125298]</MEAN_VALUE>
		<CHECKBOX>2</CHECKBOX>
		<SD>[0.0005623309133801519, 0.00046063917434661705, 0.00044265309387251647, 0.00041675455161142817, 0.0003076957517103371, 0.0002666533491701236]</SD>
		<WAVELENGTH_UNIT>E-6m</WAVELENGTH_UNIT>
		<COLOR>#4a7f69</COLOR>
		<COVARIANCE_MATRIX>[[2.9189662272712483e-07, 1.8891313842714518e-07, 1.7249036886233133e-07, 1.4822429835384819e-07, 7.75797708093935e-08, 5.358350356539389e-08], [1.8891313842714518e-07, 1.965251745863915e-07, 1.401950198671942e-07, 1.2415398120344995e-07, 6.851224373830377e-08, 4.87109014753458e-08], [1.7249036886233133e-07, 1.401950198671942e-07, 1.850291247567746e-07, 1.1717138443615053e-07, 6.638611591712727e-08, 4.6495581165771253e-08], [1.4822429835384819e-07, 1.2415398120344995e-07, 1.1717138443615053e-07, 1.6997869574533488e-07, 6.75271663739511e-08, 4.945328008394373e-08], [7.75797708093935e-08, 6.851224373830377e-08, 6.638611591712727e-08, 6.75271663739511e-08, 9.463733946992537e-08, 4.412175597056027e-08], [5.358350356539389e-08, 4.87109014753458e-08, 4.6495581165771253e-08, 4.945328008394373e-08, 4.412175597056027e-08, 6.804220124891038e-08]]</COVARIANCE_MATRIX>
		<ROI_SIZE>10201</ROI_SIZE>
		<MAX_VALUE>[0.0791545957326889, 0.04759771376848221, 0.02794848196208477, 0.014728723093867302, 0.004559668712317944, 0.0031163145322352648]</MAX_VALUE>
		<MIN_VALUE>[0.07564462721347809, 0.04444858804345131, 0.025028986856341362, 0.01161239668726921, 0.002329039154574275, 0.0008856847416609526]</MIN_VALUE>
		<SIGNATURE_THRESHOLD_MD>0</SIGNATURE_THRESHOLD_MD>
		<SIGNATURE_THRESHOLD_ML>0</SIGNATURE_THRESHOLD_ML>
		<SIGNATURE_THRESHOLD_SAM>0</SIGNATURE_THRESHOLD_SAM>
	</signature>
	<signature ID="20210214_210632563121_370">
		<MACROCLASSID>1</MACROCLASSID>
		<MACROCLASSINFO>waterbody</MACROCLASSINFO>
		<CLASSID>12</CLASSID>
		<CLASSINFO>C 1</CLASSINFO>
		<VALUES>[0.09072083788529928, 0.0015197273226024188, 0.07698430543250023, 0.0033025061651220087, 0.04058469749551427, 0.004174857030072828, 0.017035437466705102, 0.0037772388430474466, 0.004812501442596766, 0.003138503209433802, 0.00285039571003897, 0.0023762721825801845]</VALUES>
		<LCS_MIN>[0.0852232277393341, 0.06406501680612564, 0.035558879375457764, 0.01046428270637989, 0.0005576452240347862, 0.0013121337397024035]</LCS_MIN>
		<LCS_MAX>[0.09585151821374893, 0.08686339855194092, 0.07679273933172226, 0.055732958018779755, 0.043858129531145096, 0.037330262362957]</LCS_MAX>
		<WAVELENGTH>[0.48, 0.56, 0.655, 0.865, 1.61, 2.2]</WAVELENGTH>
		<MEAN_VALUE>[0.09072083788529928, 0.07698430543250023, 0.04058469749551427, 0.017035437466705102, 0.004812501442596766, 0.00285039571003897]</MEAN_VALUE>
		<CHECKBOX>2</CHECKBOX>
		<SD>[0.0015197273226024188, 0.0033025061651220087, 0.004174857030072828, 0.0037772388430474466, 0.003138503209433802, 0.0023762721825801845]</SD>
		<WAVELENGTH_UNIT>E-6m</WAVELENGTH_UNIT>
		<COLOR>#234c41</COLOR>
		<COVARIANCE_MATRIX>[[1.9370795119694537e-06, 3.0990429710070575e-06, 6.396663477547891e-07, -4.5542697934692357e-07, -1.799652165366261e-07, -5.818418981284044e-08], [3.0990429710070575e-06, 8.32220430238205e-06, 4.925280824792895e-06, 6.280240986239193e-07, 9.1791164503674e-07, 8.340315768721133e-07], [6.396663477547891e-07, 4.925280824792895e-06, 1.4591237774817706e-05, 1.0547684912425592e-05, 8.138980571563828e-06, 5.92010681776919e-06], [-4.5542697934692357e-07, 6.280240986239193e-07, 1.0547684912425592e-05, 1.2797252370064907e-05, 9.187237895188155e-06, 6.424248734745286e-06], [-1.799652165366261e-07, 9.1791164503674e-07, 8.138980571563828e-06, 9.187237895188155e-06, 8.222364440667521e-06, 5.856208357875942e-06], [-5.818418981284044e-08, 8.340315768721133e-07, 5.92010681776919e-06, 6.424248734745286e-06, 5.856208357875942e-06, 4.429363345779424e-06]]</COVARIANCE_MATRIX>
		<ROI_SIZE>6067</ROI_SIZE>
		<MAX_VALUE>[0.09585151821374893, 0.08686339855194092, 0.07679273933172226, 0.055732958018779755, 0.043858129531145096, 0.037330262362957]</MAX_VALUE>
		<MIN_VALUE>[0.0852232277393341, 0.06406501680612564, 0.035558879375457764, 0.01046428270637989, 0.0005576452240347862, 0.0013121337397024035]</MIN_VALUE>
		<SIGNATURE_THRESHOLD_MD>0</SIGNATURE_THRESHOLD_MD>
		<SIGNATURE_THRESHOLD_ML>0</SIGNATURE_THRESHOLD_ML>
		<SIGNATURE_THRESHOLD_SAM>0</SIGNATURE_THRESHOLD_SAM>
	</signature>
	<signature ID="20210214_210636062756_679">
		<MACROCLASSID>1</MACROCLASSID>
		<MACROCLASSINFO>waterbody</MACROCLASSINFO>
		<CLASSID>13</CLASSID>
		<CLASSINFO>C 1</CLASSINFO>
		<VALUES>[0.09846295853671823, 0.0007487366481366401, 0.1107478287556897, 0.00165066643019451, 0.08345112350323927, 0.012283439574536686, 0.025984562649998974, 0.00955713992551195, 0.013452951725491361, 0.008834115321544656, 0.00971978268100192, 0.006645149598735661]</VALUES>
		<LCS_MIN>[0.09657319635152817, 0.10477403551340103, 0.07036326825618744, 0.017681030556559563, 0.00738075515255332, 0.005051715765148401]</LCS_MIN>
		<LCS_MAX>[0.10113287717103958, 0.11320451647043228, 0.11205640435218811, 0.0667877048254013, 0.04412057250738144, 0.03316422924399376]</LCS_MAX>
		<WAVELENGTH>[0.48, 0.56, 0.655, 0.865, 1.61, 2.2]</WAVELENGTH>
		<MEAN_VALUE>[0.09846295853671823, 0.1107478287556897, 0.08345112350323927, 0.025984562649998974, 0.013452951725491361, 0.00971978268100192]</MEAN_VALUE>
		<CHECKBOX>2</CHECKBOX>
		<SD>[0.0007487366481366401, 0.00165066643019451, 0.012283439574536686, 0.00955713992551195, 0.008834115321544656, 0.006645149598735661]</SD>
		<WAVELENGTH_UNIT>E-6m</WAVELENGTH_UNIT>
		<COLOR>#ca3927</COLOR>
		<COVARIANCE_MATRIX>[[5.73064492002059e-07, 5.109620194980908e-07, -8.56811475686131e-08, 2.1219491384252856e-06, 1.1305718241200429e-06, 1.0114319048971011e-06], [5.109620194980908e-07, 2.7852485451882372e-06, -7.726763004182068e-06, -8.811097120152067e-06, -8.496380008891243e-06, -6.217322550591377e-06], [-8.56811475686131e-08, -7.726763004182068e-06, 0.00015423584084310049, 9.40873152420173e-05, 9.300806444714456e-05, 7.142925957389085e-05], [2.1219491384252856e-06, -8.811097120152067e-06, 9.40873152420173e-05, 9.336867741261043e-05, 8.298045551335012e-05, 6.250508694336491e-05], [1.1305718241200429e-06, -8.496380008891243e-06, 9.300806444714456e-05, 8.298045551335012e-05, 7.977585114800225e-05, 5.871740178007538e-05], [1.0114319048971011e-06, -6.217322550591377e-06, 7.142925957389085e-05, 6.250508694336491e-05, 5.871740178007538e-05, 4.5139302371567315e-05]]</COVARIANCE_MATRIX>
		<ROI_SIZE>46</ROI_SIZE>
		<MAX_VALUE>[0.10113287717103958, 0.11320451647043228, 0.11205640435218811, 0.0667877048254013, 0.04412057250738144, 0.03316422924399376]</MAX_VALUE>
		<MIN_VALUE>[0.09657319635152817, 0.10477403551340103, 0.07036326825618744, 0.017681030556559563, 0.00738075515255332, 0.005051715765148401]</MIN_VALUE>
		<SIGNATURE_THRESHOLD_MD>0</SIGNATURE_THRESHOLD_MD>
		<SIGNATURE_THRESHOLD_ML>0</SIGNATURE_THRESHOLD_ML>
		<SIGNATURE_THRESHOLD_SAM>0</SIGNATURE_THRESHOLD_SAM>
	</signature>
	<signature ID="20210214_210640948469_507">
		<MACROCLASSID>1</MACROCLASSID>
		<MACROCLASSINFO>waterbody</MACROCLASSINFO>
		<CLASSID>14</CLASSID>
		<CLASSINFO>C 1</CLASSINFO>
		<VALUES>[0.0948636237670609, 0.0023778478983497195, 0.07329394966066677, 0.0037473383656867667, 0.040675857262884016, 0.0039024908178430847, 0.02441475049225971, 0.007054118066054687, 0.009262808867091762, 0.007232003383709456, 0.005765670681671997, 0.005295441319547343]</VALUES>
		<LCS_MIN>[0.0820084810256958, 0.054059986025094986, 0.034870002418756485, 0.015286380425095558, 0.0008200744050554931, 0.0014105431037023664]</LCS_MIN>
		<LCS_MAX>[0.10031277686357498, 0.08850354701280594, 0.06390102207660675, 0.06062067672610283, 0.045334283262491226, 0.03431234508752823]</LCS_MAX>
		<WAVELENGTH>[0.48, 0.56, 0.655, 0.865, 1.61, 2.2]</WAVELENGTH>
		<MEAN_VALUE>[0.0948636237670609, 0.07329394966066677, 0.040675857262884016, 0.02441475049225971, 0.009262808867091762, 0.005765670681671997]</MEAN_VALUE>
		<CHECKBOX>2</CHECKBOX>
		<SD>[0.0023778478983497195, 0.0037473383656867667, 0.0039024908178430847, 0.007054118066054687, 0.007232003383709456, 0.005295441319547343]</SD>
		<WAVELENGTH_UNIT>E-6m</WAVELENGTH_UNIT>
		<COLOR>#85d055</COLOR>
		<COVARIANCE_MATRIX>[[5.661689470066605e-06, 8.174587298644661e-06, 3.2378434905832103e-06, -3.851867830444098e-06, -2.101931572191425e-06, -8.149529705623246e-07], [8.174587298644661e-06, 1.4061243288768271e-05, 8.771527409076965e-06, 1.2750363507144853e-07, 3.6784460269902257e-06, 3.993106799363538e-06], [3.2378434905832103e-06, 8.771527409076965e-06, 1.5249713457628289e-05, 1.915292094654525e-05, 2.1772534634239506e-05, 1.599417156608251e-05], [-3.851867830444098e-06, 1.2750363507144853e-07, 1.915292094654525e-05, 4.982684078662981e-05, 4.518250050366677e-05, 3.097355454107166e-05], [-2.101931572191425e-06, 3.6784460269902257e-06, 2.1772534634239506e-05, 4.518250050366677e-05, 5.237151591527656e-05, 3.664806096584996e-05], [-8.149529705623246e-07, 3.993106799363538e-06, 1.599417156608251e-05, 3.097355454107166e-05, 3.664806096584996e-05, 2.807903791493281e-05]]</COVARIANCE_MATRIX>
		<ROI_SIZE>752</ROI_SIZE>
		<MAX_VALUE>[0.10031277686357498, 0.08850354701280594, 0.06390102207660675, 0.06062067672610283, 0.045334283262491226, 0.03431234508752823]</MAX_VALUE>
		<MIN_VALUE>[0.0820084810256958, 0.054059986025094986, 0.034870002418756485, 0.015286380425095558, 0.0008200744050554931, 0.0014105431037023664]</MIN_VALUE>
		<SIGNATURE_THRESHOLD_MD>0</SIGNATURE_THRESHOLD_MD>
		<SIGNATURE_THRESHOLD_ML>0</SIGNATURE_THRESHOLD_ML>
		<SIGNATURE_THRESHOLD_SAM>0</SIGNATURE_THRESHOLD_SAM>
	</signature>
	<signature ID="20210214_210647197802_494">
		<MACROCLASSID>1</MACROCLASSID>
		<MACROCLASSINFO>waterbody</MACROCLASSINFO>
		<CLASSID>15</CLASSID>
		<CLASSINFO>C 1</CLASSINFO>
		<VALUES>[0.08924330031310297, 0.0023609000838756993, 0.07848925408029903, 0.003664295725444982, 0.049250728167269525, 0.004244880180325478, 0.027157879103838968, 0.009911257018716597, 0.011604076059049239, 0.007984921268066532, 0.008040391686507432, 0.006080724973824762]</VALUES>
		<LCS_MIN>[0.08627291768789291, 0.07354521751403809, 0.043858129531145096, 0.008660090155899525, 0.004854897037148476, 0.0023618382401764393]</LCS_MIN>
		<LCS_MAX>[0.09821336716413498, 0.09722927212715149, 0.0680670440196991, 0.06025983765721321, 0.03910164162516594, 0.02975267544388771]</LCS_MAX>
		<WAVELENGTH>[0.48, 0.56, 0.655, 0.865, 1.61, 2.2]</WAVELENGTH>
		<MEAN_VALUE>[0.08924330031310297, 0.07848925408029903, 0.049250728167269525, 0.027157879103838968, 0.011604076059049239, 0.008040391686507432]</MEAN_VALUE>
		<CHECKBOX>2</CHECKBOX>
		<SD>[0.0023609000838756993, 0.003664295725444982, 0.004244880180325478, 0.009911257018716597, 0.007984921268066532, 0.006080724973824762]</SD>
		<WAVELENGTH_UNIT>E-6m</WAVELENGTH_UNIT>
		<COLOR>#357240</COLOR>
		<COVARIANCE_MATRIX>[[5.614534236745364e-06, 8.243955035090842e-06, 9.591285988514351e-06, 1.2633843424129248e-05, 7.652390818993889e-06, 6.611813664304852e-06], [8.243955035090842e-06, 1.3525070923831974e-05, 1.427917706325928e-05, 1.42164194505127e-05, 6.847277859319865e-06, 6.47390895516904e-06], [9.591285988514351e-06, 1.427917706325928e-05, 1.8150533349300513e-05, 2.912703716555383e-05, 1.8989483163205416e-05, 1.5065436030784879e-05], [1.2633843424129248e-05, 1.42164194505127e-05, 2.912703716555383e-05, 9.895004500267259e-05, 7.065715228353093e-05, 5.328874697013358e-05], [7.652390818993889e-06, 6.847277859319865e-06, 1.8989483163205416e-05, 7.065715228353093e-05, 6.42243615817265e-05, 4.64371458487891e-05], [6.611813664304852e-06, 6.47390895516904e-06, 1.5065436030784879e-05, 5.328874697013358e-05, 4.64371458487891e-05, 3.72451082964005e-05]]</COVARIANCE_MATRIX>
		<ROI_SIZE>138</ROI_SIZE>
		<MAX_VALUE>[0.09821336716413498, 0.09722927212715149, 0.0680670440196991, 0.06025983765721321, 0.03910164162516594, 0.02975267544388771]</MAX_VALUE>
		<MIN_VALUE>[0.08627291768789291, 0.07354521751403809, 0.043858129531145096, 0.008660090155899525, 0.004854897037148476, 0.0023618382401764393]</MIN_VALUE>
		<SIGNATURE_THRESHOLD_MD>0</SIGNATURE_THRESHOLD_MD>
		<SIGNATURE_THRESHOLD_ML>0</SIGNATURE_THRESHOLD_ML>
		<SIGNATURE_THRESHOLD_SAM>0</SIGNATURE_THRESHOLD_SAM>
	</signature>
	<signature ID="20210214_210654199933_344">
		<MACROCLASSID>1</MACROCLASSID>
		<MACROCLASSINFO>waterbody</MACROCLASSINFO>
		<CLASSID>16</CLASSID>
		<CLASSINFO>C 1</CLASSINFO>
