<?xml version="1.0" ?>
<signaturelist MCID_LIST="[['1', 'waterbody', '#0000ff'], ['2', 'vegetation', '#00ff00'], ['3', 'bareland', '#ffaa00'], ['4', 'built-up', '#ff0000']]">
	<signature ID="20200824_085749039468_217">
		<MACROCLASSID>1</MACROCLASSID>
		<MACROCLASSINFO>MC 1</MACROCLASSINFO>
		<CLASSID>1</CLASSID>
		<CLASSINFO>C 1</CLASSINFO>
		<VALUES>[0.09207070636695175, 0.0017435584130414718, 0.06241523627093454, 0.0020229016814837355, 0.04180975975868344, 0.002116410370936516, 0.03134238247117258, 0.0017810411907066863, 0.015656006925819258, 0.0021970684969018083, 0.0119373320999152, 0.0027734254089075492]</VALUES>
		<LCS_MIN>[0.08614583313465118, 0.05673793703317642, 0.03334338590502739, 0.02553137205541134, 0.006609243806451559, 0.0023089945316314697]</LCS_MIN>
		<LCS_MAX>[0.0989045798778534, 0.07005751878023148, 0.047377586364746094, 0.03605789318680763, 0.02468189410865307, 0.021774455904960632]</LCS_MAX>
		<WAVELENGTH>[0.485, 0.56, 0.66, 0.83, 1.65, 2.215]</WAVELENGTH>
		<MEAN_VALUE>[0.09207070636695175, 0.06241523627093454, 0.04180975975868344, 0.03134238247117258, 0.015656006925819258, 0.0119373320999152]</MEAN_VALUE>
		<CHECKBOX>2</CHECKBOX>
		<SD>[0.0017435584130414718, 0.0020229016814837355, 0.002116410370936516, 0.0017810411907066863, 0.0021970684969018083, 0.0027734254089075492]</SD>
		<WAVELENGTH_UNIT>E-6m</WAVELENGTH_UNIT>
		<COLOR>#514438</COLOR>
		<COVARIANCE_MATRIX>[[3.0216313007258577e-06, 6.059843826733413e-07, 7.18420096745831e-07, 5.485372867042315e-07, 3.538319788276567e-07, 4.1138204665003286e-07], [6.059843826733413e-07, 4.232734681863803e-06, 1.4495360574073857e-06, 9.9908800166304e-07, 6.564320642610255e-07, 6.666193712590029e-07], [7.18420096745831e-07, 1.4495360574073857e-06, 4.460560376173817e-06, 1.1659841447908548e-06, 6.842705602139176e-07, 7.224641649372643e-07], [5.485372867042315e-07, 9.9908800166304e-07, 1.1659841447908548e-06, 3.215452352378634e-06, 6.435873274313053e-07, 5.305749937178916e-07], [3.538319788276567e-07, 6.564320642610255e-07, 6.842705602139176e-07, 6.435873274313053e-07, 4.807304321730044e-06, 1.1389736300770892e-06], [4.1138204665003286e-07, 6.666193712590029e-07, 7.224641649372643e-07, 5.305749937178916e-07, 1.1389736300770892e-06, 7.53942140363506e-06]]</COVARIANCE_MATRIX>
		<ROI_SIZE>10200</ROI_SIZE>
		<MAX_VALUE>[0.0989045798778534, 0.07005751878023148, 0.047377586364746094, 0.03605789318680763, 0.02468189410865307, 0.021774455904960632]</MAX_VALUE>
		<MIN_VALUE>[0.08614583313465118, 0.05673793703317642, 0.03334338590502739, 0.02553137205541134, 0.006609243806451559, 0.0023089945316314697]</MIN_VALUE>
		<SIGNATURE_THRESHOLD_MD>0.0</SIGNATURE_THRESHOLD_MD>
		<SIGNATURE_THRESHOLD_ML>0.0</SIGNATURE_THRESHOLD_ML>
		<SIGNATURE_THRESHOLD_SAM>0.0</SIGNATURE_THRESHOLD_SAM>
	</signature>
	<signature ID="20200824_085817649456_207">
		<MACROCLASSID>1</MACROCLASSID>
		<MACROCLASSINFO>MC 1</MACROCLASSINFO>
		<CLASSID>2</CLASSID>
		<CLASSINFO>C 1</CLASSINFO>
		<VALUES>[0.11603923320233854, 0.014650660704717903, 0.10767529338061858, 0.019512421028983862, 0.07390809971927922, 0.017006145788981603, 0.06347107052381007, 0.024148791839270795, 0.03393587629350715, 0.015728384639439496, 0.023248514249258244, 0.010613188709512333]</VALUES>
		<LCS_MIN>[0.07179223746061325, 0.04674825072288513, 0.027729704976081848, 0.02202252671122551, 0.006609243806451559, 0.0]</LCS_MIN>
		<LCS_MAX>[0.1483447253704071, 0.1399853229522705, 0.11193491518497467, 0.13781429827213287, 0.11278606951236725, 0.09314782172441483]</LCS_MAX>
		<WAVELENGTH>[0.485, 0.56, 0.66, 0.83, 1.65, 2.215]</WAVELENGTH>
		<MEAN_VALUE>[0.11603923320233854, 0.10767529338061858, 0.07390809971927922, 0.06347107052381007, 0.03393587629350715, 0.023248514249258244]</MEAN_VALUE>
		<CHECKBOX>2</CHECKBOX>
		<SD>[0.014650660704717903, 0.019512421028983862, 0.017006145788981603, 0.024148791839270795, 0.015728384639439496, 0.010613188709512333]</SD>
		<WAVELENGTH_UNIT>E-6m</WAVELENGTH_UNIT>
		<COLOR>#4ad6a4</COLOR>
		<COVARIANCE_MATRIX>[[0.00017023683176375926, 0.00021680757345166057, 0.00016223992861341685, -0.00010700084385462105, -5.567373591475189e-06, 4.3533746065804735e-05], [0.00021680757345166057, 0.00030397684895433486, 0.00025198323419317603, -0.00011040053504984826, 4.919412731396733e-06, 5.986252654111013e-05], [0.00016223992861341685, 0.00025198323419317603, 0.0002691298723220825, -1.943885763466824e-05, 3.9548613131046295e-05, 6.387480243574828e-05], [-0.00010700084385462105, -0.00011040053504984826, -1.943885763466824e-05, 0.0004700354766100645, 0.0002424487320240587, 9.988235251512378e-05], [-5.567373591475189e-06, 4.919412731396733e-06, 3.9548613131046295e-05, 0.0002424487320240587, 0.00018981029279530048, 0.0001012563516269438], [4.3533746065804735e-05, 5.986252654111013e-05, 6.387480243574828e-05, 9.988235251512378e-05, 0.0001012563516269438, 8.002825052244589e-05]]</COVARIANCE_MATRIX>
		<ROI_SIZE>3424</ROI_SIZE>
		<MAX_VALUE>[0.1483447253704071, 0.1399853229522705, 0.11193491518497467, 0.13781429827213287, 0.11278606951236725, 0.09314782172441483]</MAX_VALUE>
		<MIN_VALUE>[0.07179223746061325, 0.04674825072288513, 0.027729704976081848, 0.02202252671122551, 0.006609243806451559, 0.0]</MIN_VALUE>
		<SIGNATURE_THRESHOLD_MD>0.0</SIGNATURE_THRESHOLD_MD>
		<SIGNATURE_THRESHOLD_ML>0.0</SIGNATURE_THRESHOLD_ML>
		<SIGNATURE_THRESHOLD_SAM>0.0</SIGNATURE_THRESHOLD_SAM>
	</signature>
	<signature ID="20200824_085834874303_919">
		<MACROCLASSID>1</MACROCLASSID>
		<MACROCLASSINFO>MC 1</MACROCLASSINFO>
		<CLASSID>3</CLASSID>
		<CLASSINFO>C 1</CLASSINFO>
		<VALUES>[0.11367113407443255, 0.011672801043114727, 0.10125748205635862, 0.014884886733992929, 0.06415672507999774, 0.010815383618886478, 0.05891412248186692, 0.02287589631966988, 0.03231015537931608, 0.014987475968847022, 0.02272367004278835, 0.010741796843408612]</VALUES>
		<LCS_MIN>[0.07976645976305008, 0.05340803787112236, 0.03053654171526432, 0.02553137205541134, 0.006609243806451559, 0.0]</LCS_MIN>
		<LCS_MAX>[0.15791380405426025, 0.14997498691082, 0.11754859983921051, 0.1307966262102127, 0.10600882023572922, 0.10288054496049881]</LCS_MAX>
		<WAVELENGTH>[0.485, 0.56, 0.66, 0.83, 1.65, 2.215]</WAVELENGTH>
		<MEAN_VALUE>[0.11367113407443255, 0.10125748205635862, 0.06415672507999774, 0.05891412248186692, 0.03231015537931608, 0.02272367004278835]</MEAN_VALUE>
		<CHECKBOX>2</CHECKBOX>
		<SD>[0.011672801043114727, 0.014884886733992929, 0.010815383618886478, 0.02287589631966988, 0.014987475968847022, 0.010741796843408612]</SD>
		<WAVELENGTH_UNIT>E-6m</WAVELENGTH_UNIT>
		<COLOR>#8793a8</COLOR>
		<COVARIANCE_MATRIX>[[0.00010703369480324909, 0.00012709255679510534, 8.56401093187742e-05, -2.8233143893885426e-05, 1.0200134056503884e-05, 4.210595216136426e-05], [0.00012709255679510534, 0.0001660967100178823, 0.00011225793423363939, -3.625670160545269e-06, 2.9304534109542146e-05, 5.785394387203269e-05], [8.56401093187742e-05, 0.00011225793423363939, 9.312613110523671e-05, 5.3280389693100005e-05, 5.85615707677789e-05, 6.4505024056416e-05], [-2.8233143893885426e-05, -3.625670160545269e-06, 5.3280389693100005e-05, 0.00047331437235698104, 0.00026793513097800314, 0.00013732184015680104], [1.0200134056503884e-05, 2.9304534109542146e-05, 5.85615707677789e-05, 0.00026793513097800314, 0.0001963035319931805, 0.0001127012656070292], [4.210595216136426e-05, 5.785394387203269e-05, 6.4505024056416e-05, 0.00013732184015680104, 0.0001127012656070292, 9.493670950178057e-05]]</COVARIANCE_MATRIX>
		<ROI_SIZE>4300</ROI_SIZE>
		<MAX_VALUE>[0.15791380405426025, 0.14997498691082, 0.11754859983921051, 0.1307966262102127, 0.10600882023572922, 0.10288054496049881]</MAX_VALUE>
		<MIN_VALUE>[0.07976645976305008, 0.05340803787112236, 0.03053654171526432, 0.02553137205541134, 0.006609243806451559, 0.0]</MIN_VALUE>
		<SIGNATURE_THRESHOLD_MD>0.0</SIGNATURE_THRESHOLD_MD>
		<SIGNATURE_THRESHOLD_ML>0.0</SIGNATURE_THRESHOLD_ML>
		<SIGNATURE_THRESHOLD_SAM>0.0</SIGNATURE_THRESHOLD_SAM>
	</signature>
	<signature ID="20200824_085930298721_175">
		<MACROCLASSID>1</MACROCLASSID>
		<MACROCLASSINFO>MC 1</MACROCLASSINFO>
		<CLASSID>4</CLASSID>
		<CLASSINFO>C 1</CLASSINFO>
		<VALUES>[0.14856938533064443, 0.011238695563574763, 0.14158186817007712, 0.013280964266119943, 0.14185216176590565, 0.017682152288850502, 0.15979882407740092, 0.01841221060121847, 0.10203630630574431, 0.028862253528672034, 0.06531909054679194, 0.019741586436437794]</VALUES>
		<LCS_MIN>[0.09571489691734314, 0.08337709307670593, 0.06983231753110886, 0.08518168330192566, 0.03145913779735565, 0.0120417270809412]</LCS_MIN>
		<LCS_MAX>[0.18183647096157074, 0.18993376195430756, 0.20456066727638245, 0.25009724497795105, 0.14441320300102234, 0.11585751920938492]</LCS_MAX>
		<WAVELENGTH>[0.485, 0.56, 0.66, 0.83, 1.65, 2.215]</WAVELENGTH>
		<MEAN_VALUE>[0.14856938533064443, 0.14158186817007712, 0.14185216176590565, 0.15979882407740092, 0.10203630630574431, 0.06531909054679194]</MEAN_VALUE>
		<CHECKBOX>2</CHECKBOX>
		<SD>[0.011238695563574763, 0.013280964266119943, 0.017682152288850502, 0.01841221060121847, 0.028862253528672034, 0.019741586436437794]</SD>
		<WAVELENGTH_UNIT>E-6m</WAVELENGTH_UNIT>
		<COLOR>#eaec1a</COLOR>
		<COVARIANCE_MATRIX>[[0.0001263653248315677, 0.00014254931011237204, 0.00018827769963536412, -2.125394530594349e-05, -1.7787155229598284e-05, 1.733638418954797e-05], [0.00014254931011237204, 0.0001764636836014688, 0.00023014329781290144, 7.1617473622609396e-06, -4.250013444107026e-05, 4.1167841118294746e-06], [0.00018827769963536412, 0.00023014329781290144, 0.0003127997333649546, 4.6827922233205754e-06, -8.045356662478298e-05, -9.241284715244547e-06], [-2.125394530594349e-05, 7.1617473622609396e-06, 4.6827922233205754e-06, 0.00033916262327693403, 0.00011738685861928388, 5.0057718908647075e-05], [-1.7787155229598284e-05, -4.250013444107026e-05, -8.045356662478298e-05, 0.00011738685861928388, 0.0008334059384651482, 0.0005457999650388956], [1.733638418954797e-05, 4.1167841118294746e-06, -9.241284715244547e-06, 5.0057718908647075e-05, 0.0005457999650388956, 0.0003899062576238066]]</COVARIANCE_MATRIX>
		<ROI_SIZE>2215</ROI_SIZE>
		<MAX_VALUE>[0.18183647096157074, 0.18993376195430756, 0.20456066727638245, 0.25009724497795105, 0.14441320300102234, 0.11585751920938492]</MAX_VALUE>
		<MIN_VALUE>[0.09571489691734314, 0.08337709307670593, 0.06983231753110886, 0.08518168330192566, 0.03145913779735565, 0.0120417270809412]</MIN_VALUE>
		<SIGNATURE_THRESHOLD_MD>0.0</SIGNATURE_THRESHOLD_MD>
		<SIGNATURE_THRESHOLD_ML>0.0</SIGNATURE_THRESHOLD_ML>
		<SIGNATURE_THRESHOLD_SAM>0.0</SIGNATURE_THRESHOLD_SAM>
	</signature>
	<signature ID="20200824_085948839644_134">
		<MACROCLASSID>1</MACROCLASSID>
		<MACROCLASSINFO>MC 1</MACROCLASSINFO>
		<CLASSID>5</CLASSID>
		<CLASSINFO>C 1</CLASSINFO>
		<VALUES>[0.14970350605353977, 0.007421905815680671, 0.1414311971401045, 0.009733271444518363, 0.1415421585389005, 0.014008906969636784, 0.14934885559048033, 0.01772820279807054, 0.08491910904801146, 0.034334845318446744, 0.05482874595174129, 0.02334112813547178]</VALUES>
		<LCS_MIN>[0.1116633415222168, 0.10335647314786911, 0.08667334169149399, 0.10272588580846786, 0.02242281287908554, 0.0055532376281917095]</LCS_MIN>
		<LCS_MAX>[0.1722673922777176, 0.16329458355903625, 0.16807173192501068, 0.21851767599582672, 0.14215411245822906, 0.10936903208494186]</LCS_MAX>
		<WAVELENGTH>[0.485, 0.56, 0.66, 0.83, 1.65, 2.215]</WAVELENGTH>
		<MEAN_VALUE>[0.14970350605353977, 0.1414311971401045, 0.1415421585389005, 0.14934885559048033, 0.08491910904801146, 0.05482874595174129]</MEAN_VALUE>
		<CHECKBOX>2</CHECKBOX>
		<SD>[0.007421905815680671, 0.009733271444518363, 0.014008906969636784, 0.01772820279807054, 0.034334845318446744, 0.02334112813547178]</SD>
		<WAVELENGTH_UNIT>E-6m</WAVELENGTH_UNIT>
		<COLOR>#72d6e0</COLOR>
		<COVARIANCE_MATRIX>[[5.3167321311775595e-05, 6.675840268144384e-05, 9.287877765018493e-05, 7.636247028131038e-05, 3.261259553255513e-05, 2.9984901630086824e-05], [6.675840268144384e-05, 9.995403524953872e-05, 0.00013588515867013484, 0.00012781875557266176, 2.949171539512463e-05, 2.980029967147857e-05], [9.287877765018493e-05, 0.00013588515867013484, 0.00019814749248325825, 0.00017794285668060184, 1.2460019206628203e-05, 2.3998642063816078e-05], [7.636247028131038e-05, 0.00012781875557266176, 0.00017794285668060184, 0.0003284193517174572, 0.00024332539760507643, 0.00016260211123153567], [3.261259553255513e-05, 2.949171539512463e-05, 1.2460019206628203e-05, 0.00024332539760507643, 0.0011469939490780234, 0.0007711722864769399], [2.9984901630086824e-05, 2.980029967147857e-05, 2.3998642063816078e-05, 0.00016260211123153567, 0.0007711722864769399, 0.0005387825076468289]]</COVARIANCE_MATRIX>
		<ROI_SIZE>1920</ROI_SIZE>
		<MAX_VALUE>[0.1722673922777176, 0.16329458355903625, 0.16807173192501068, 0.21851767599582672, 0.14215411245822906, 0.10936903208494186]</MAX_VALUE>
		<MIN_VALUE>[0.1116633415222168, 0.10335647314786911, 0.08667334169149399, 0.10272588580846786, 0.02242281287908554, 0.0055532376281917095]</MIN_VALUE>
		<SIGNATURE_THRESHOLD_MD>0.0</SIGNATURE_THRESHOLD_MD>
		<SIGNATURE_THRESHOLD_ML>0.0</SIGNATURE_THRESHOLD_ML>
		<SIGNATURE_THRESHOLD_SAM>0.0</SIGNATURE_THRESHOLD_SAM>
	</signature>
	<signature ID="20200824_090017396122_709">
		<MACROCLASSID>1</MACROCLASSID>
		<MACROCLASSINFO>MC 1</MACROCLASSINFO>
		<CLASSID>6</CLASSID>
		<CLASSINFO>C 1</CLASSINFO>
		<VALUES>[0.1354688546078353, 0.00964687125769537, 0.1231665326545467, 0.011407695714192236, 0.11644171826583516, 0.01370830583329359, 0.1305389118565004, 0.02184697296034783, 0.09048880606174134, 0.033179866495727704, 0.059612967858964444, 0.02485228292238732]</VALUES>
		<LCS_MIN>[0.0989045798778534, 0.08337709307670593, 0.06421862542629242, 0.08518168330192566, 0.026940977200865746, 0.015285968780517578]</LCS_MIN>
		<LCS_MAX>[0.1786467730998993, 0.17328427731990814, 0.1708785742521286, 0.2044822871685028, 0.15570861101150513, 0.12234601378440857]</LCS_MAX>
		<WAVELENGTH>[0.485, 0.56, 0.66, 0.83, 1.65, 2.215]</WAVELENGTH>
		<MEAN_VALUE>[0.1354688546078353, 0.1231665326545467, 0.11644171826583516, 0.1305389118565004, 0.09048880606174134, 0.059612967858964444]</MEAN_VALUE>
		<CHECKBOX>2</CHECKBOX>
		<SD>[0.00964687125769537, 0.011407695714192236, 0.01370830583329359, 0.02184697296034783, 0.033179866495727704, 0.02485228292238732]</SD>
		<WAVELENGTH_UNIT>E-6m</WAVELENGTH_UNIT>
		<COLOR>#fdb97a</COLOR>
		<COVARIANCE_MATRIX>[[0.00011826785339508206, 0.0001302300806855783, 0.00015187177632469684, 0.00014694069977849722, 0.0002336633624508977, 0.00018601777264848351], [0.0001302300806855783, 0.00016050675185397267, 0.000183901734999381, 0.0002128984488081187, 0.00032683368772268295, 0.0002533660735934973], [0.00015187177632469684, 0.000183901734999381, 0.00022113736486062407, 0.00024900867720134556, 0.0003834039671346545, 0.0003000323486048728], [0.00014694069977849722, 0.0002128984488081187, 0.00024900867720134556, 0.0004886851529590786, 0.0006750316824764013, 0.0004952587187290192], [0.0002336633624508977, 0.00032683368772268295, 0.0003834039671346545, 0.0006750316824764013, 0.001131622469983995, 0.0008197652059607208], [0.00018601777264848351, 0.0002533660735934973, 0.0003000323486048728, 0.0004952587187290192, 0.0008197652059607208, 0.0006197309121489525]]</COVARIANCE_MATRIX>
		<ROI_SIZE>1381</ROI_SIZE>
		<MAX_VALUE>[0.1786467730998993, 0.17328427731990814, 0.1708785742521286, 0.2044822871685028, 0.15570861101150513, 0.12234601378440857]</MAX_VALUE>
		<MIN_VALUE>[0.0989045798778534, 0.08337709307670593, 0.06421862542629242, 0.08518168330192566, 0.026940977200865746, 0.015285968780517578]</MIN_VALUE>
		<SIGNATURE_THRESHOLD_MD>0.0</SIGNATURE_THRESHOLD_MD>
		<SIGNATURE_THRESHOLD_ML>0.0</SIGNATURE_THRESHOLD_ML>
		<SIGNATURE_THRESHOLD_SAM>0.0</SIGNATURE_THRESHOLD_SAM>
	</signature>
	<signature ID="20200824_090041518953_796">
		<MACROCLASSID>1</MACROCLASSID>
		<MACROCLASSINFO>MC 1</MACROCLASSINFO>
		<CLASSID>7</CLASSID>
		<CLASSINFO>C 1</CLASSINFO>
		<VALUES>[0.1313230115626512, 0.013116117147502982, 0.11968031842124444, 0.015234607368372906, 0.1112354186948166, 0.01710072192930131, 0.14186552528891283, 0.021397754775193352, 0.12069879093850837, 0.02778312510800675, 0.0830125407747666, 0.026271687147614114]</VALUES>
		<LCS_MIN>[0.10209426283836365, 0.08670699596405029, 0.07263915240764618, 0.08869051933288574, 0.04501362517476082, 0.028262943029403687]</LCS_MIN>
		<LCS_MAX>[0.18183647096157074, 0.17328427731990814, 0.16807173192501068, 0.20097346603870392, 0.1670040339231491, 0.14181147515773773]</LCS_MAX>
		<WAVELENGTH>[0.485, 0.56, 0.66, 0.83, 1.65, 2.215]</WAVELENGTH>
		<MEAN_VALUE>[0.1313230115626512, 0.11968031842124444, 0.1112354186948166, 0.14186552528891283, 0.12069879093850837, 0.0830125407747666]</MEAN_VALUE>
		<CHECKBOX>2</CHECKBOX>
		<SD>[0.013116117147502982, 0.015234607368372906, 0.01710072192930131, 0.021397754775193352, 0.02778312510800675, 0.026271687147614114]</SD>
		<WAVELENGTH_UNIT>E-6m</WAVELENGTH_UNIT>
		<COLOR>#d021f8</COLOR>
		<COVARIANCE_MATRIX>[[0.00017221362213604152, 0.0001928743877215311, 0.00021683327213395387, 0.00012137505109421909, 0.0002839590306393802, 0.0002980182762257755], [0.0001928743877215311, 0.00023233756655827165, 0.0002566724142525345, 0.00017671701789367944, 0.00035083177499473095, 0.00034911243710666895], [0.00021683327213395387, 0.0002566724142525345, 0.00029274250846356153, 0.0001855675654951483, 0.0003841180878225714, 0.000386170344427228], [0.00012137505109421909, 0.00017671701789367944, 0.0001855675654951483, 0.0004583458648994565, 0.0004503910895437002, 0.0003468892246019095], [0.0002839590306393802, 0.00035083177499473095, 0.0003841180878225714, 0.0004503910895437002, 0.0007727145566605031, 0.0006914444384165108], [0.0002980182762257755, 0.00034911243710666895, 0.000386170344427228, 0.0003468892246019095, 0.0006914444384165108, 0.0006909280782565475]]</COVARIANCE_MATRIX>
		<ROI_SIZE>951</ROI_SIZE>
		<MAX_VALUE>[0.18183647096157074, 0.17328427731990814, 0.16807173192501068, 0.20097346603870392, 0.1670040339231491, 0.14181147515773773]</MAX_VALUE>
		<MIN_VALUE>[0.10209426283836365, 0.08670699596405029, 0.07263915240764618, 0.08869051933288574, 0.04501362517476082, 0.028262943029403687]</MIN_VALUE>
		<SIGNATURE_THRESHOLD_MD>0.0</SIGNATURE_THRESHOLD_MD>
		<SIGNATURE_THRESHOLD_ML>0.0</SIGNATURE_THRESHOLD_ML>
		<SIGNATURE_THRESHOLD_SAM>0.0</SIGNATURE_THRESHOLD_SAM>
	</signature>
	<signature ID="20200824_090116050341_946">
		<MACROCLASSID>1</MACROCLASSID>
		<MACROCLASSINFO>MC 1</MACROCLASSINFO>
		<CLASSID>8</CLASSID>
		<CLASSINFO>C 1</CLASSINFO>
		<VALUES>[0.22234619494560548, 0.023188597078881767, 0.22860327593784413, 0.02605926129711694, 0.23594821295577342, 0.028084993938855603, 0.2678898845395417, 0.021371981896154253, 0.2829293713006565, 0.024587148603229452, 0.2433161025586646, 0.03380022085987909]</VALUES>
		<LCS_MIN>[0.1483447253704071, 0.15663477778434753, 0.16526488959789276, 0.20799113810062408, 0.21670380234718323, 0.1742538958787918]</LCS_MIN>
		<LCS_MAX>[0.2647683024406433, 0.2865007221698761, 0.30280011892318726, 0.33781829476356506, 0.3409532606601715, 0.31375637650489807]</LCS_MAX>
		<WAVELENGTH>[0.485, 0.56, 0.66, 0.83, 1.65, 2.215]</WAVELENGTH>
		<MEAN_VALUE>[0.22234619494560548, 0.22860327593784413, 0.23594821295577342, 0.2678898845395417, 0.2829293713006565, 0.2433161025586646]</MEAN_VALUE>
		<CHECKBOX>2</CHECKBOX>
		<SD>[0.023188597078881767, 0.02605926129711694, 0.028084993938855603, 0.021371981896154253, 0.024587148603229452, 0.03380022085987909]</SD>
		<WAVELENGTH_UNIT>E-6m</WAVELENGTH_UNIT>
		<COLOR>#1a15d7</COLOR>
		<COVARIANCE_MATRIX>[[0.0005113709485158324, 0.0005625952035188675, 0.0006045917980372906, 0.0003355416120029986, 0.0004243632429279387, 0.0005905285943299532], [0.0005625952035188675, 0.0006376462988555431, 0.0006841246504336596, 0.00040014187106862664, 0.0004917801707051694, 0.0006659390055574477], [0.0006045917980372906, 0.0006841246504336596, 0.000750300707295537, 0.000442174612544477, 0.0005483420100063086, 0.0007350624655373394], [0.0003355416120029986, 0.00040014187106862664, 0.000442174612544477, 0.00041890941793099046, 0.0004177308001089841, 0.000478415924590081], [0.0004243632429279387, 0.0004917801707051694, 0.0005483420100063086, 0.0004177308001089841, 0.0005958666442893445, 0.0007231671479530632], [0.0005905285943299532, 0.0006659390055574477, 0.0007350624655373394, 0.000478415924590081, 0.0007231671479530632, 0.001079301699064672]]</COVARIANCE_MATRIX>
		<ROI_SIZE>1772</ROI_SIZE>
		<MAX_VALUE>[0.2647683024406433, 0.2865007221698761, 0.30280011892318726, 0.33781829476356506, 0.3409532606601715, 0.31375637650489807]</MAX_VALUE>
		<MIN_VALUE>[0.1483447253704071, 0.15663477778434753, 0.16526488959789276, 0.20799113810062408, 0.21670380234718323, 0.1742538958787918]</MIN_VALUE>
		<SIGNATURE_THRESHOLD_MD>0.0</SIGNATURE_THRESHOLD_MD>
		<SIGNATURE_THRESHOLD_ML>0.0</SIGNATURE_THRESHOLD_ML>
		<SIGNATURE_THRESHOLD_SAM>0.0</SIGNATURE_THRESHOLD_SAM>
	</signature>
	<signature ID="20200824_090244763594_787">
		<MACROCLASSID>1</MACROCLASSID>
		<MACROCLASSINFO>MC 1</MACROCLASSINFO>
		<CLASSID>11</CLASSID>
		<CLASSINFO>C 1</CLASSINFO>
		<VALUES>[0.1611179904955806, 0.010036492229073645, 0.15519183998306588, 0.011912032807481846, 0.15570461738741762, 0.012895545695316667, 0.16329062495267754, 0.013445596770906806, 0.11622945399898468, 0.025516291397945097, 0.08393613053767965, 0.020753700938885757]</VALUES>
		<LCS_MIN>[0.12601692974567413, 0.11667605489492416, 0.11193491518497467, 0.1307966262102127, 0.06534536182880402, 0.04772840440273285]</LCS_MIN>
		<LCS_MAX>[0.2041642814874649, 0.2032533437013626, 0.20456066727638245, 0.21500883996486664, 0.16474494338035583, 0.12883448600769043]</LCS_MAX>
		<WAVELENGTH>[0.485, 0.56, 0.66, 0.83, 1.65, 2.215]</WAVELENGTH>
		<MEAN_VALUE>[0.1611179904955806, 0.15519183998306588, 0.15570461738741762, 0.16329062495267754, 0.11622945399898468, 0.08393613053767965]</MEAN_VALUE>
		<CHECKBOX>2</CHECKBOX>
		<SD>[0.010036492229073645, 0.011912032807481846, 0.012895545695316667, 0.013445596770906806, 0.025516291397945097, 0.020753700938885757]</SD>
		<WAVELENGTH_UNIT>E-6m</WAVELENGTH_UNIT>
		<COLOR>#96307d</COLOR>
		<COVARIANCE_MATRIX>[[8.682224142830819e-05, 9.571065311320126e-05, 0.00010219646355835721, 8.848497964208946e-05, 6.66950290906243e-05, 8.513009379385039e-05], [9.571065311320126e-05, 0.0001226874883286655, 0.0001279330754186958, 0.00011213388643227518, 6.784094148315489e-05, 9.358287934446707e-05], [0.00010219646355835721, 0.0001279330754186958, 0.00014455494238063693, 0.00012314000923652202, 6.237387424334884e-05, 9.047819185070693e-05], [8.848497964208946e-05, 0.00011213388643227518, 0.00012314000923652202, 0.0001521775557193905, 0.0001659816043684259, 0.00015493320825044066], [6.66950290906243e-05, 6.784094148315489e-05, 6.237387424334884e-05, 0.0001659816043684259, 0.0006261831149458885, 0.00045550073264166713], [8.513009379385039e-05, 9.358287934446707e-05, 9.047819185070693e-05, 0.00015493320825044066, 0.00045550073264166713, 0.0004057851911056787]]</COVARIANCE_MATRIX>
		<ROI_SIZE>457</ROI_SIZE>
		<MAX_VALUE>[0.2041642814874649, 0.2032533437013626, 0.20456066727638245, 0.21500883996486664, 0.16474494338035583, 0.12883448600769043]</MAX_VALUE>
		<MIN_VALUE>[0.12601692974567413, 0.11667605489492416, 0.11193491518497467, 0.1307966262102127, 0.06534536182880402, 0.04772840440273285]</MIN_VALUE>
		<SIGNATURE_THRESHOLD_MD>0.0</SIGNATURE_THRESHOLD_MD>
		<SIGNATURE_THRESHOLD_ML>0.0</SIGNATURE_THRESHOLD_ML>
		<SIGNATURE_THRESHOLD_SAM>0.0</SIGNATURE_THRESHOLD_SAM>
	</signature>
	<signature ID="20200824_090255594888_957">
		<MACROCLASSID>1</MACROCLASSID>
		<MACROCLASSINFO>MC 1</MACROCLASSINFO>
		<CLASSID>12</CLASSID>
		<CLASSINFO>C 1</CLASSINFO>
		<VALUES>[0.15717218402546093, 0.0077947916100738835, 0.14517184064364036, 0.009749109873780564, 0.14209419752956765, 0.011251236817626029, 0.1469547195910868, 0.01246192236913028, 0.0926022194325924, 0.02419027892962648, 0.06816787296237575, 0.019310488259266827]</VALUES>
		<LCS_MIN>[0.13399113714694977, 0.11667605489492416, 0.10912807285785675, 0.11676125973463058, 0.04501362517476082, 0.031507186591625214]</LCS_MIN>
		<LCS_MAX>[0.19937974214553833, 0.19326364994049072, 0.19333328306674957, 0.2044822871685028, 0.13311779499053955, 0.11585751920938492]</LCS_MAX>
		<WAVELENGTH>[0.485, 0.56, 0.66, 0.83, 1.65, 2.215]</WAVELENGTH>
		<MEAN_VALUE>[0.15717218402546093, 0.14517184064364036, 0.14209419752956765, 0.1469547195910868, 0.0926022194325924, 0.06816787296237575]</MEAN_VALUE>
		<CHECKBOX>2</CHECKBOX>
		<SD>[0.0077947916100738835, 0.009749109873780564, 0.011251236817626029, 0.01246192236913028, 0.02419027892962648, 0.019310488259266827]</SD>
		<WAVELENGTH_UNIT>E-6m</WAVELENGTH_UNIT>
		<COLOR>#388328</COLOR>
		<COVARIANCE_MATRIX>[[6.08962400292512e-05, 7.158409425755963e-05, 8.219142910093069e-05, 8.777227048994973e-05, 5.0322036258876324e-05, 5.46770534128882e-05], [7.158409425755963e-05, 9.526017674943432e-05, 0.00010636389924911782, 0.0001134722406277433, 5.6211651099147275e-05, 6.278551882132888e-05], [8.219142910093069e-05, 0.00010636389924911782, 0.00012687673734035343, 0.0001320081646554172, 6.410310743376613e-05, 7.210540934465826e-05], [8.777227048994973e-05, 0.0001134722406277433, 0.0001320081646554172, 0.00015565086505375803, 0.0001184612192446366, 0.00011374628229532391], [5.0322036258876324e-05, 5.6211651099147275e-05, 6.410310743376613e-05, 0.0001184612192446366, 0.0005864935228601098, 0.00044757191790267825], [5.46770534128882e-05, 6.278551882132888e-05, 7.210540934465826e-05, 0.00011374628229532391, 0.00044757191790267825, 0.0003737386141438037]]</COVARIANCE_MATRIX>
		<ROI_SIZE>443</ROI_SIZE>
		<MAX_VALUE>[0.19937974214553833, 0.19326364994049072, 0.19333328306674957, 0.2044822871685028, 0.13311779499053955, 0.11585751920938492]</MAX_VALUE>
		<MIN_VALUE>[0.13399113714694977, 0.11667605489492416, 0.10912807285785675, 0.11676125973463058, 0.04501362517476082, 0.031507186591625214]</MIN_VALUE>
		<SIGNATURE_THRESHOLD_MD>0.0</SIGNATURE_THRESHOLD_MD>
		<SIGNATURE_THRESHOLD_ML>0.0</SIGNATURE_THRESHOLD_ML>
		<SIGNATURE_THRESHOLD_SAM>0.0</SIGNATURE_THRESHOLD_SAM>
	</signature>
	<signature ID="20200824_090323080834_161">
		<MACROCLASSID>1</MACROCLASSID>
		<MACROCLASSINFO>MC 1</MACROCLASSINFO>
		<CLASSID>13</CLASSID>
		<CLASSINFO>C 1</CLASSINFO>
		<VALUES>[0.21495654079833149, 0.016092478766153304, 0.2206736278064824, 0.01765957467988719, 0.22760880133712008, 0.019235789132422222, 0.26099741872813975, 0.012510602070466432, 0.27359221362865255, 0.013751340246380972, 0.2476449057827761, 0.017732107094430127]</VALUES>
		<LCS_MIN>[0.16588802635669708, 0.16662448644638062, 0.17929908633232117, 0.21500883996486664, 0.22799919545650482, 0.19371938705444336]</LCS_MIN>
		<LCS_MAX>[0.2520096004009247, 0.259861558675766, 0.27473166584968567, 0.2922033667564392, 0.30706703662872314, 0.2845582067966461]</LCS_MAX>
		<WAVELENGTH>[0.485, 0.56, 0.66, 0.83, 1.65, 2.215]</WAVELENGTH>
		<MEAN_VALUE>[0.21495654079833149, 0.2206736278064824, 0.22760880133712008, 0.26099741872813975, 0.27359221362865255, 0.2476449057827761]</MEAN_VALUE>
		<CHECKBOX>2</CHECKBOX>
		<SD>[0.016092478766153304, 0.01765957467988719, 0.019235789132422222, 0.012510602070466432, 0.013751340246380972, 0.017732107094430127]</SD>
		<WAVELENGTH_UNIT>E-6m</WAVELENGTH_UNIT>
		<COLOR>#17dc6d</COLOR>
		<COVARIANCE_MATRIX>[[0.000259368127444759, 0.00027701593353413045, 0.0002981864381581545, 0.00012141864135628566, 0.0001672555081313476, 0.00025408805231563747], [0.00027701593353413045, 0.0003123425994999707, 0.00033384852577000856, 0.0001505391555838287, 0.00019395373237784952, 0.0002833943290170282], [0.0002981864381581545, 0.00033384852577000856, 0.00037058748421259224, 0.00016897267778404057, 0.00021967722568660975, 0.0003145860100630671], [0.00012141864135628566, 0.0001505391555838287, 0.00016897267778404057, 0.00015675707254558802, 0.00013626720465254039, 0.0001418647589161992], [0.0001672555081313476, 0.00019395373237784952, 0.00021967722568660975, 0.00013626720465254039, 0.00018939163419418037, 0.00021573131380137056], [0.00025408805231563747, 0.0002833943290170282, 0.0003145860100630671, 0.0001418647589161992, 0.00021573131380137056, 0.0003149136027786881]]</COVARIANCE_MATRIX>
		<ROI_SIZE>648</ROI_SIZE>
		<MAX_VALUE>[0.2520096004009247, 0.259861558675766, 0.27473166584968567, 0.2922033667564392, 0.30706703662872314, 0.2845582067966461]</MAX_VALUE>
		<MIN_VALUE>[0.16588802635669708, 0.16662448644638062, 0.17929908633232117, 0.21500883996486664, 0.22799919545650482, 0.19371938705444336]</MIN_VALUE>
		<SIGNATURE_THRESHOLD_MD>0.0</SIGNATURE_THRESHOLD_MD>
		<SIGNATURE_THRESHOLD_ML>0.0</SIGNATURE_THRESHOLD_ML>
		<SIGNATURE_THRESHOLD_SAM>0.0</SIGNATURE_THRESHOLD_SAM>
	</signature>
	<signature ID="20200824_090328953153_642">
		<MACROCLASSID>1</MACROCLASSID>
		<MACROCLASSINFO>MC 1</MACROCLASSINFO>
		<CLASSID>14</CLASSID>
		<CLASSINFO>C 1</CLASSINFO>
		<VALUES>[0.2084323797552359, 0.018476724819223602, 0.2117049319758303, 0.01968141996287624, 0.21636943554594396, 0.020681823932298244, 0.24867701498525502, 0.016776521928148103, 0.24744344811354368, 0.018047817058006458, 0.21655266685854813, 0.019838696308648776]</VALUES>
		<LCS_MIN>[0.1674828678369522, 0.17328427731990814, 0.17649225890636444, 0.19746463000774384, 0.19411297142505646, 0.17100967466831207]</LCS_MIN>
		<LCS_MAX>[0.2456302046775818, 0.25653165578842163, 0.263504296541214, 0.3132564127445221, 0.2889944016933441, 0.26184847950935364]</LCS_MAX>
		<WAVELENGTH>[0.485, 0.56, 0.66, 0.83, 1.65, 2.215]</WAVELENGTH>
		<MEAN_VALUE>[0.2084323797552359, 0.2117049319758303, 0.21636943554594396, 0.24867701498525502, 0.24744344811354368, 0.21655266685854813]</MEAN_VALUE>
		<CHECKBOX>2</CHECKBOX>
		<SD>[0.018476724819223602, 0.01968141996287624, 0.020681823932298244, 0.016776521928148103, 0.018047817058006458, 0.019838696308648776]</SD>
		<WAVELENGTH_UNIT>E-6m</WAVELENGTH_UNIT>
		<COLOR>#479e28</COLOR>
		<COVARIANCE_MATRIX>[[0.000342204119078815, 0.00035610818304121494, 0.0003667626006063074, 0.00015819813415873796, 0.0001592711778357625, 0.0002830937155522406], [0.00035610818304121494, 0.0003882827877532691, 0.00039949387428350747, 0.00019069529662374407, 0.00019227786106057465, 0.00031662281253375113], [0.0003667626006063074, 0.00039949387428350747, 0.0004287587071303278, 0.00021004931477364153, 0.00022325014288071543, 0.00034911002148874104], [0.00015819813415873796, 0.00019069529662374407, 0.00021004931477364153, 0.00028212342294864357, 0.00025750091299414635, 0.00024683750234544277], [0.0001592711778357625, 0.00019227786106057465, 0.00022325014288071543, 0.00025750091299414635, 0.0003265010891482234, 0.0003088204248342663], [0.0002830937155522406, 0.00031662281253375113, 0.00034911002148874104, 0.00024683750234544277, 0.0003088204248342663, 0.00039451319025829434]]</COVARIANCE_MATRIX>
		<ROI_SIZE>420</ROI_SIZE>
		<MAX_VALUE>[0.2456302046775818, 0.25653165578842163, 0.263504296541214, 0.3132564127445221, 0.2889944016933441, 0.26184847950935364]</MAX_VALUE>
		<MIN_VALUE>[0.1674828678369522, 0.17328427731990814, 0.17649225890636444, 0.19746463000774384, 0.19411297142505646, 0.17100967466831207]</MIN_VALUE>
		<SIGNATURE_THRESHOLD_MD>0.0</SIGNATURE_THRESHOLD_MD>
		<SIGNATURE_THRESHOLD_ML>0.0</SIGNATURE_THRESHOLD_ML>
		<SIGNATURE_THRESHOLD_SAM>0.0</SIGNATURE_THRESHOLD_SAM>
	</signature>
	<signature ID="20200824_090401006557_510">
		<MACROCLASSID>1</MACROCLASSID>
		<MACROCLASSINFO>MC 1</MACROCLASSINFO>
		<CLASSID>15</CLASSID>
		<CLASSINFO>C 1</CLASSINFO>
		<VALUES>[0.1255390955867238, 0.02055942500523917, 0.09548522282667189, 0.022910192593023904, 0.045690207064499645, 0.011822667381790209, 0.03378465755730291, 0.013470417697530435, 0.015013001768592498, 0.010500331334237995, 0.009060129434493613, 0.007497659079894066]</VALUES>
		<LCS_MIN>[0.09412005543708801, 0.06339772045612335, 0.03334338590502739, 0.011496001854538918, 0.0, 0.0]</LCS_MIN>
		<LCS_MAX>[0.185026153922081, 0.1599646955728531, 0.10351438075304031, 0.0957082062959671, 0.0676044374704361, 0.05097264423966408]</LCS_MAX>
		<WAVELENGTH>[0.485, 0.56, 0.66, 0.83, 1.65, 2.215]</WAVELENGTH>
		<MEAN_VALUE>[0.1255390955867238, 0.09548522282667189, 0.045690207064499645, 0.03378465755730291, 0.015013001768592498, 0.009060129434493613]</MEAN_VALUE>
		<CHECKBOX>2</CHECKBOX>
		<SD>[0.02055942500523917, 0.022910192593023904, 0.011822667381790209, 0.013470417697530435, 0.010500331334237995, 0.007497659079894066]</SD>
		<WAVELENGTH_UNIT>E-6m</WAVELENGTH_UNIT>
		<COLOR>#da55be</COLOR>
		<COVARIANCE_MATRIX>[[0.00042351390584371984, 0.00045480162953026593, 0.00015839922707527876, -7.348798681050539e-05, -6.69141736580059e-05, -3.626133911893703e-05], [0.00045480162953026593, 0.0005259001045487821, 0.0002149615465896204, -4.175178037257865e-05, -4.149452070123516e-05, -1.5227654330374207e-05], [0.00015839922707527876, 0.0002149615465896204, 0.00014004793774802238, 4.7473920858465135e-05, 3.410545104998164e-05, 3.148175164824352e-05], [-7.348798681050539e-05, -4.175178037257865e-05, 4.7473920858465135e-05, 0.000181805866304785, 0.00011866239219671115, 7.802059553796425e-05], [-6.69141736580059e-05, -4.149452070123516e-05, 3.410545104998164e-05, 0.00011866239219671115, 0.00011047188309021294, 6.679011858068407e-05], [-3.626133911893703e-05, -1.5227654330374207e-05, 3.148175164824352e-05, 7.802059553796425e-05, 6.679011858068407e-05, 5.63244720979128e-05]]</COVARIANCE_MATRIX>
		<ROI_SIZE>514</ROI_SIZE>
		<MAX_VALUE>[0.185026153922081, 0.1599646955728531, 0.10351438075304031, 0.0957082062959671, 0.0676044374704361, 0.05097264423966408]</MAX_VALUE>
		<MIN_VALUE>[0.09412005543708801, 0.06339772045612335, 0.03334338590502739, 0.011496001854538918, 0.0, 0.0]</MIN_VALUE>
		<SIGNATURE_THRESHOLD_MD>0.0</SIGNATURE_THRESHOLD_MD>
		<SIGNATURE_THRESHOLD_ML>0.0</SIGNATURE_THRESHOLD_ML>
		<SIGNATURE_THRESHOLD_SAM>0.0</SIGNATURE_THRESHOLD_SAM>
	</signature>
	<signature ID="20200824_090423708317_360">
		<MACROCLASSID>1</MACROCLASSID>
		<MACROCLASSINFO>MC 1</MACROCLASSINFO>
		<CLASSID>16</CLASSID>
		<CLASSINFO>C 1</CLASSINFO>
		<VALUES>[0.09494046341548902, 0.003566071384473265, 0.058238642239770246, 0.005540630984537, 0.03521038798570702, 0.004609414129212184, 0.026541122675625223, 0.0041514494369180545, 0.009301729012149986, 0.004425079500372607, 0.006922316924044839, 0.003985079659354492]</VALUES>
		<LCS_MIN>[0.0813613086938858, 0.050078146159648895, 0.027729704976081848, 0.01851368509232998, 0.0, 0.0]</LCS_MIN>
		<LCS_MAX>[0.1355859935283661, 0.113346166908741, 0.09509386867284775, 0.08869051933288574, 0.07438167929649353, 0.06719386577606201]</LCS_MAX>
		<WAVELENGTH>[0.485, 0.56, 0.66, 0.83, 1.65, 2.215]</WAVELENGTH>
		<MEAN_VALUE>[0.09494046341548902, 0.058238642239770246, 0.03521038798570702, 0.026541122675625223, 0.009301729012149986, 0.006922316924044839]</MEAN_VALUE>
		<CHECKBOX>2</CHECKBOX>
		<SD>[0.003566071384473265, 0.005540630984537, 0.004609414129212184, 0.0041514494369180545, 0.004425079500372607, 0.003985079659354492]</SD>
		<WAVELENGTH_UNIT>E-6m</WAVELENGTH_UNIT>
		<COLOR>#523e47</COLOR>
		<COVARIANCE_MATRIX>[[1.245045496034436e-05, 1.5206031093839556e-05, 1.120551587519003e-05, 7.5447801464179065e-06, 7.896270290075336e-06, 6.6528718889458105e-06], [1.5206031093839556e-05, 3.0167531804181635e-05, 1.9045151930185966e-05, 1.2291270650166553e-05, 1.2880716894869693e-05, 1.0801355529110879e-05], [1.120551587519003e-05, 1.9045151930185966e-05, 2.11797214433318e-05, 1.3690815649169963e-05, 1.379224249831168e-05, 1.1705522410920821e-05], [7.5447801464179065e-06, 1.2291270650166553e-05, 1.3690815649169963e-05, 1.6005284123821184e-05, 1.2794513168046251e-05, 1.034169144986663e-05], [7.896270290075336e-06, 1.2880716894869693e-05, 1.379224249831168e-05, 1.2794513168046251e-05, 1.856622657214757e-05, 1.183147105621174e-05], [6.6528718889458105e-06, 1.0801355529110879e-05, 1.1705522410920821e-05, 1.034169144986663e-05, 1.183147105621174e-05, 1.6174191841855645e-05]]</COVARIANCE_MATRIX>
		<ROI_SIZE>9742</ROI_SIZE>
		<MAX_VALUE>[0.1355859935283661, 0.113346166908741, 0.09509386867284775, 0.08869051933288574, 0.07438167929649353, 0.06719386577606201]</MAX_VALUE>
		<MIN_VALUE>[0.0813613086938858, 0.050078146159648895, 0.027729704976081848, 0.01851368509232998, 0.0, 0.0]</MIN_VALUE>
		<SIGNATURE_THRESHOLD_MD>0.0</SIGNATURE_THRESHOLD_MD>
		<SIGNATURE_THRESHOLD_ML>0.0</SIGNATURE_THRESHOLD_ML>
		<SIGNATURE_THRESHOLD_SAM>0.0</SIGNATURE_THRESHOLD_SAM>
	</signature>
	<signature ID="20200824_090450400050_559">
		<MACROCLASSID>1</MACROCLASSID>
		<MACROCLASSINFO>MC 1</MACROCLASSINFO>
		<CLASSID>17</CLASSID>
		<CLASSINFO>C 1</CLASSINFO>
		<VALUES>[0.10958530229851349, 0.0031822939027004666, 0.10294326228080415, 0.004385823247781868, 0.07452288756681823, 0.004628365647933418, 0.030572869325603855, 0.0032474637730247093, 0.005684220604060636, 0.001936461201409817, 0.003937483592675046, 0.0024929541753483738]</VALUES>
		<LCS_MIN>[0.09571489691734314, 0.08337709307670593, 0.058604948222637177, 0.02202252671122551, 0.0, 0.0]</LCS_MIN>
		<LCS_MAX>[0.12282723933458328, 0.113346166908741, 0.09790071845054626, 0.06763746589422226, 0.015645569190382957, 0.0120417270809412]</LCS_MAX>
		<WAVELENGTH>[0.485, 0.56, 0.66, 0.83, 1.65, 2.215]</WAVELENGTH>
		<MEAN_VALUE>[0.10958530229851349, 0.10294326228080415, 0.07452288756681823, 0.030572869325603855, 0.005684220604060636, 0.003937483592675046]</MEAN_VALUE>
		<CHECKBOX>2</CHECKBOX>
		<SD>[0.0031822939027004666, 0.004385823247781868, 0.004628365647933418, 0.0032474637730247093, 0.001936461201409817, 0.0024929541753483738]</SD>
		<WAVELENGTH_UNIT>E-6m</WAVELENGTH_UNIT>
		<COLOR>#166271</COLOR>
		<COVARIANCE_MATRIX>[[9.556034456181806e-06, 9.48228898778325e-06, 7.743907190160826e-06, 2.3728382529952796e-06, -1.706286525404721e-07, -9.061020733724945e-08], [9.48228898778325e-06, 1.9364353647688404e-05, 1.4178204764903057e-05, 5.034127298131352e-06, -2.1541009687098267e-07, -2.6264757480021217e-07], [7.743907190160826e-06, 1.4178204764903057e-05, 2.0475034034461714e-05, 9.271334420191124e-06, 1.2464224141695013e-07, 4.80281094894508e-08], [2.3728382529952796e-06, 5.034127298131352e-06, 9.271334420191124e-06, 9.447940101381391e-06, 7.490757525374647e-07, 5.013305894863151e-07], [-1.706286525404721e-07, -2.1541009687098267e-07, 1.2464224141695013e-07, 7.490757525374647e-07, 4.408189397508977e-06, 1.056264181897859e-06], [-9.061020733724945e-08, -2.6264757480021217e-07, 4.80281094894508e-08, 5.013305894863151e-07, 1.056264181897859e-06, 6.630952157138381e-06]]</COVARIANCE_MATRIX>
		<ROI_SIZE>10201</ROI_SIZE>
		<MAX_VALUE>[0.12282723933458328, 0.113346166908741, 0.09790071845054626, 0.06763746589422226, 0.015645569190382957, 0.0120417270809412]</MAX_VALUE>
		<MIN_VALUE>[0.09571489691734314, 0.08337709307670593, 0.058604948222637177, 0.02202252671122551, 0.0, 0.0]</MIN_VALUE>
		<SIGNATURE_THRESHOLD_MD>0.0</SIGNATURE_THRESHOLD_MD>
		<SIGNATURE_THRESHOLD_ML>0.0</SIGNATURE_THRESHOLD_ML>
		<SIGNATURE_THRESHOLD_SAM>0.0</SIGNATURE_THRESHOLD_SAM>
	</signature>
	<signature ID="20200824_090504452230_217">
		<MACROCLASSID>1</MACROCLASSID>
		<MACROCLASSINFO>MC 1</MACROCLASSINFO>
		<CLASSID>18</CLASSID>
		<CLASSINFO>C 1</CLASSINFO>
		<VALUES>[0.10691538160488594, 0.006156381434200137, 0.09162106620694944, 0.010208859983001296, 0.0611417592475466, 0.011864936853922668, 0.02654349196413328, 0.00309859454519453, 0.00621202671715972, 0.0019398228493216036, 0.004482262696465325, 0.0025324525547028016]</VALUES>
		<LCS_MIN>[0.09412005543708801, 0.07005751878023148, 0.04176390543580055, 0.01851368509232998, 0.0, 0.0]</LCS_MIN>
