<?xml version="1.0" ?>
<signaturelist MCID_LIST="[['1', 'waterbody', '#0000ff'], ['2', 'vegetation', '#00ff00'], ['3', 'bareland', '#ffaa00'], ['4', 'built-up', '#ff0000']]">
	<signature ID="20200824_122833968126_247">
		<MACROCLASSID>1</MACROCLASSID>
		<MACROCLASSINFO>MC 1</MACROCLASSINFO>
		<CLASSID>1</CLASSID>
		<CLASSINFO>C 1</CLASSINFO>
		<VALUES>[0.08361877570312704, 0.002352440612086227, 0.053942040899093636, 0.0029537548888926663, 0.03224760207301364, 0.002174559284660234, 0.025572503539083823, 0.00418642635511272, 0.008353189939400641, 0.0031160241831266547, 0.006140660795523653, 0.002979402724248289]</VALUES>
		<LCS_MIN>[0.07332372665405273, 0.040053848177194595, 0.02490134909749031, 0.01499189157038927, 0.0, 0.0]</LCS_MIN>
		<LCS_MAX>[0.10359960049390793, 0.07665108144283295, 0.06135876849293709, 0.08861395716667175, 0.05626041442155838, 0.04444576054811478]</LCS_MAX>
		<WAVELENGTH>[0.485, 0.56, 0.66, 0.83, 1.65, 2.215]</WAVELENGTH>
		<MEAN_VALUE>[0.08361877570312704, 0.053942040899093636, 0.03224760207301364, 0.025572503539083823, 0.008353189939400641, 0.006140660795523653]</MEAN_VALUE>
		<CHECKBOX>2</CHECKBOX>
		<SD>[0.002352440612086227, 0.0029537548888926663, 0.002174559284660234, 0.00418642635511272, 0.0031160241831266547, 0.002979402724248289]</SD>
		<WAVELENGTH_UNIT>E-6m</WAVELENGTH_UNIT>
		<COLOR>#eb7cde</COLOR>
		<COVARIANCE_MATRIX>[[4.750633631518798e-06, 2.906043852048704e-06, 1.9010741175796047e-06, 2.5708334111051555e-06, 1.6731674310344876e-06, 1.2064399695425503e-06], [2.906043852048704e-06, 7.346325552332864e-06, 2.6700653215171657e-06, 3.3902834350527444e-06, 2.2361146893059715e-06, 1.6589298813028276e-06], [1.9010741175796047e-06, 2.6700653215171657e-06, 4.0728647387006565e-06, 3.553920282744766e-06, 2.193093247989663e-06, 1.59460566596407e-06], [2.5708334111051555e-06, 3.3902834350527444e-06, 3.553920282744766e-06, 1.3394898948331914e-05, 6.1364772843901694e-06, 3.825896564758928e-06], [1.6731674310344876e-06, 2.2361146893059715e-06, 2.193093247989663e-06, 6.1364772843901694e-06, 8.31577939261422e-06, 3.2251119745922406e-06], [1.2064399695425503e-06, 1.6589298813028276e-06, 1.59460566596407e-06, 3.825896564758928e-06, 3.2251119745922406e-06, 8.40526296209144e-06]]</COVARIANCE_MATRIX>
		<ROI_SIZE>9956</ROI_SIZE>
		<MAX_VALUE>[0.10359960049390793, 0.07665108144283295, 0.06135876849293709, 0.08861395716667175, 0.05626041442155838, 0.04444576054811478]</MAX_VALUE>
		<MIN_VALUE>[0.07332372665405273, 0.040053848177194595, 0.02490134909749031, 0.01499189157038927, 0.0, 0.0]</MIN_VALUE>
		<SIGNATURE_THRESHOLD_MD>0</SIGNATURE_THRESHOLD_MD>
		<SIGNATURE_THRESHOLD_ML>0</SIGNATURE_THRESHOLD_ML>
		<SIGNATURE_THRESHOLD_SAM>0</SIGNATURE_THRESHOLD_SAM>
	</signature>
	<signature ID="20200824_122902365037_359">
		<MACROCLASSID>1</MACROCLASSID>
		<MACROCLASSINFO>MC 1</MACROCLASSINFO>
		<CLASSID>2</CLASSID>
		<CLASSINFO>C 1</CLASSINFO>
		<VALUES>[0.10965240119630587, 0.008756473929236083, 0.09051725106041121, 0.013105794677432852, 0.06341163849564396, 0.00983880298870383, 0.06002462330105589, 0.0169780346167352, 0.031459985163164506, 0.012322532225128082, 0.022291341173478717, 0.00945103014301859]</VALUES>
		<LCS_MIN>[0.08925839513540268, 0.06334299594163895, 0.04453226551413536, 0.039532583206892014, 0.015632063150405884, 0.00878988765180111]</LCS_MIN>
		<LCS_MAX>[0.1418428122997284, 0.1398644894361496, 0.103425033390522, 0.11315464973449707, 0.09011738002300262, 0.07037730515003204]</LCS_MAX>
		<WAVELENGTH>[0.485, 0.56, 0.66, 0.83, 1.65, 2.215]</WAVELENGTH>
		<MEAN_VALUE>[0.10965240119630587, 0.09051725106041121, 0.06341163849564396, 0.06002462330105589, 0.031459985163164506, 0.022291341173478717]</MEAN_VALUE>
		<CHECKBOX>2</CHECKBOX>
		<SD>[0.008756473929236083, 0.013105794677432852, 0.00983880298870383, 0.0169780346167352, 0.012322532225128082, 0.00945103014301859]</SD>
		<WAVELENGTH_UNIT>E-6m</WAVELENGTH_UNIT>
		<COLOR>#4521bd</COLOR>
		<COVARIANCE_MATRIX>[[7.671390709130262e-05, 0.00010942855899438706, 7.662144853152843e-05, 2.7929586135005074e-05, 3.4246945381655125e-05, 3.47507578516271e-05], [0.00010942855899438706, 0.00017184713806651396, 0.00011721590828325612, 4.193760581260453e-05, 4.762174755100612e-05, 4.530681905088328e-05], [7.662144853152843e-05, 0.00011721590828325612, 9.685010882066152e-05, 7.657638171196245e-05, 6.781488301295855e-05, 5.5260905117048574e-05], [2.7929586135005074e-05, 4.193760581260453e-05, 7.657638171196245e-05, 0.0002883967844020963, 0.00018690373707630273, 0.00012108447502286572], [3.4246945381655125e-05, 4.762174755100612e-05, 6.781488301295855e-05, 0.00018690373707630273, 0.00015192019507707556, 0.00010336220934759879], [3.47507578516271e-05, 4.530681905088328e-05, 5.5260905117048574e-05, 0.00012108447502286572, 0.00010336220934759879, 8.936632129590661e-05]]</COVARIANCE_MATRIX>
		<ROI_SIZE>2015</ROI_SIZE>
		<MAX_VALUE>[0.1418428122997284, 0.1398644894361496, 0.103425033390522, 0.11315464973449707, 0.09011738002300262, 0.07037730515003204]</MAX_VALUE>
		<MIN_VALUE>[0.08925839513540268, 0.06334299594163895, 0.04453226551413536, 0.039532583206892014, 0.015632063150405884, 0.00878988765180111]</MIN_VALUE>
		<SIGNATURE_THRESHOLD_MD>0</SIGNATURE_THRESHOLD_MD>
		<SIGNATURE_THRESHOLD_ML>0</SIGNATURE_THRESHOLD_ML>
		<SIGNATURE_THRESHOLD_SAM>0</SIGNATURE_THRESHOLD_SAM>
	</signature>
	<signature ID="20200824_122910312119_447">
		<MACROCLASSID>1</MACROCLASSID>
		<MACROCLASSINFO>MC 1</MACROCLASSINFO>
		<CLASSID>3</CLASSID>
		<CLASSINFO>C 1</CLASSINFO>
		<VALUES>[0.11007964948019719, 0.01266129074326175, 0.09489938654780164, 0.02215561005835762, 0.06883103777751298, 0.017736877150709478, 0.06575990432172668, 0.023794946164722965, 0.03292109029163345, 0.015345916713845586, 0.0221738600157138, 0.011523699689833753]</VALUES>
		<LCS_MIN>[0.08766492456197739, 0.06999703496694565, 0.04453226551413536, 0.036026764661073685, 0.011117801070213318, 0.005548443645238876]</LCS_MIN>
		<LCS_MAX>[0.15299707651138306, 0.16980765759944916, 0.12586036324501038, 0.13068372011184692, 0.09914591908454895, 0.09306740760803223]</LCS_MAX>
		<WAVELENGTH>[0.485, 0.56, 0.66, 0.83, 1.65, 2.215]</WAVELENGTH>
		<MEAN_VALUE>[0.11007964948019719, 0.09489938654780164, 0.06883103777751298, 0.06575990432172668, 0.03292109029163345, 0.0221738600157138]</MEAN_VALUE>
		<CHECKBOX>2</CHECKBOX>
		<SD>[0.01266129074326175, 0.02215561005835762, 0.017736877150709478, 0.023794946164722965, 0.015345916713845586, 0.011523699689833753]</SD>
		<WAVELENGTH_UNIT>E-6m</WAVELENGTH_UNIT>
		<COLOR>#22e408</COLOR>
		<COVARIANCE_MATRIX>[[0.00016257588392007397, 0.00027439867093639246, 0.00021221681654622643, 6.0211702606344724e-05, 5.679609621204449e-05, 5.3289074006858785e-05], [0.00027439867093639246, 0.0004958635563356601, 0.00037563365363144124, 8.518057535446136e-05, 7.340364233990445e-05, 6.797598084570775e-05], [0.00021221681654622643, 0.00037563365363144124, 0.0003081366265703508, 0.0001392740451973699, 0.00010768153068054913, 8.559448709582939e-05], [6.0211702606344724e-05, 8.518057535446136e-05, 0.0001392740451973699, 0.0005713155950186549, 0.0003314764856496178, 0.0002013726540320248], [5.679609621204449e-05, 7.340364233990445e-05, 0.00010768153068054913, 0.0003314764856496178, 0.0002353898887242398, 0.00015473537152333055], [5.3289074006858785e-05, 6.797598084570775e-05, 8.559448709582939e-05, 0.0002013726540320248, 0.00015473537152333055, 0.00012385643736644112]]</COVARIANCE_MATRIX>
		<ROI_SIZE>3833</ROI_SIZE>
		<MAX_VALUE>[0.15299707651138306, 0.16980765759944916, 0.12586036324501038, 0.13068372011184692, 0.09914591908454895, 0.09306740760803223]</MAX_VALUE>
		<MIN_VALUE>[0.08766492456197739, 0.06999703496694565, 0.04453226551413536, 0.036026764661073685, 0.011117801070213318, 0.005548443645238876]</MIN_VALUE>
		<SIGNATURE_THRESHOLD_MD>0</SIGNATURE_THRESHOLD_MD>
		<SIGNATURE_THRESHOLD_ML>0</SIGNATURE_THRESHOLD_ML>
		<SIGNATURE_THRESHOLD_SAM>0</SIGNATURE_THRESHOLD_SAM>
	</signature>
	<signature ID="20200824_122953834752_775">
		<MACROCLASSID>1</MACROCLASSID>
		<MACROCLASSINFO>MC 1</MACROCLASSINFO>
		<CLASSID>4</CLASSID>
		<CLASSINFO>C 1</CLASSINFO>
		<VALUES>[0.10504842377140035, 0.0036558092118183514, 0.08494457493250503, 0.008588559970379255, 0.04033053982584854, 0.007989063571536963, 0.028217811287006872, 0.008844266294543815, 0.00729743778296836, 0.00800845319195585, 0.004299341752298378, 0.005198917133593393]</VALUES>
		<LCS_MIN>[0.09244533628225327, 0.06999703496694565, 0.030510179698467255, 0.011486079543828964, 0.0, 0.0]</LCS_MIN>
		<LCS_MAX>[0.11794080585241318, 0.1199023574590683, 0.09781620651483536, 0.09211976826190948, 0.07431747019290924, 0.06713585555553436]</LCS_MAX>
		<WAVELENGTH>[0.485, 0.56, 0.66, 0.83, 1.65, 2.215]</WAVELENGTH>
		<MEAN_VALUE>[0.10504842377140035, 0.08494457493250503, 0.04033053982584854, 0.028217811287006872, 0.00729743778296836, 0.004299341752298378]</MEAN_VALUE>
		<CHECKBOX>2</CHECKBOX>
		<SD>[0.0036558092118183514, 0.008588559970379255, 0.007989063571536963, 0.008844266294543815, 0.00800845319195585, 0.005198917133593393]</SD>
		<WAVELENGTH_UNIT>E-6m</WAVELENGTH_UNIT>
		<COLOR>#d45445</COLOR>
		<COVARIANCE_MATRIX>[[1.2645850081797904e-05, -1.0490448254000732e-05, -1.4352297030782353e-05, -8.303299906458168e-06, -5.431708124761808e-06, -2.741754676158609e-06], [-1.0490448254000732e-05, 5.3082974918326344e-05, 4.3722517475118974e-05, 1.5453879677056498e-05, 1.1500446249071033e-05, 7.304998218956849e-06], [-1.4352297030782353e-05, 4.3722517475118974e-05, 5.411088255481209e-05, 3.5462423270276596e-05, 2.9135984519253175e-05, 1.772681800311036e-05], [-8.303299906458168e-06, 1.5453879677056498e-05, 3.5462423270276596e-05, 7.576084770912245e-05, 5.3870004589129604e-05, 3.100043412959255e-05], [-5.431708124761808e-06, 1.1500446249071033e-05, 2.9135984519253175e-05, 5.3870004589129604e-05, 5.600947762867227e-05, 3.028971336839157e-05], [-2.741754676158609e-06, 7.304998218956849e-06, 1.772681800311036e-05, 3.100043412959255e-05, 3.028971336839157e-05, 2.4332860453179292e-05]]</COVARIANCE_MATRIX>
		<ROI_SIZE>3659</ROI_SIZE>
		<MAX_VALUE>[0.11794080585241318, 0.1199023574590683, 0.09781620651483536, 0.09211976826190948, 0.07431747019290924, 0.06713585555553436]</MAX_VALUE>
		<MIN_VALUE>[0.09244533628225327, 0.06999703496694565, 0.030510179698467255, 0.011486079543828964, 0.0, 0.0]</MIN_VALUE>
		<SIGNATURE_THRESHOLD_MD>0</SIGNATURE_THRESHOLD_MD>
		<SIGNATURE_THRESHOLD_ML>0</SIGNATURE_THRESHOLD_ML>
		<SIGNATURE_THRESHOLD_SAM>0</SIGNATURE_THRESHOLD_SAM>
	</signature>
	<signature ID="20200824_131547989760_191">
		<MACROCLASSID>1</MACROCLASSID>
		<MACROCLASSINFO>MC 1</MACROCLASSINFO>
		<CLASSID>5</CLASSID>
		<CLASSINFO>C 1</CLASSINFO>
		<VALUES>[0.14761600770945424, 0.007445637657381421, 0.1395304169858438, 0.010359417849792205, 0.13873992128136697, 0.013343292583202531, 0.14556394270908657, 0.014790834979565267, 0.07011530821598735, 0.03690988515987935, 0.04586505827574451, 0.02604286420056892]</VALUES>
		<LCS_MIN>[0.10837999731302261, 0.09661321341991425, 0.08098971098661423, 0.10964883863925934, 0.006603538058698177, 0.0023070010356605053]</LCS_MIN>
		<LCS_MAX>[0.19283373653888702, 0.18976978957653046, 0.19316639006137848, 0.21131740510463715, 0.1307457536458969, 0.10279172658920288]</LCS_MAX>
		<WAVELENGTH>[0.485, 0.56, 0.66, 0.83, 1.65, 2.215]</WAVELENGTH>
		<MEAN_VALUE>[0.14761600770945424, 0.1395304169858438, 0.13873992128136697, 0.14556394270908657, 0.07011530821598735, 0.04586505827574451]</MEAN_VALUE>
		<CHECKBOX>2</CHECKBOX>
		<SD>[0.007445637657381421, 0.010359417849792205, 0.013343292583202531, 0.014790834979565267, 0.03690988515987935, 0.02604286420056892]</SD>
		<WAVELENGTH_UNIT>E-6m</WAVELENGTH_UNIT>
		<COLOR>#8aa57b</COLOR>
		<COVARIANCE_MATRIX>[[5.548318529810123e-05, 7.050471892838419e-05, 9.018993497374014e-05, -4.385572903026494e-06, -0.0001263384807210694, -6.862500958757132e-05], [7.050471892838419e-05, 0.00010740593813567698, 0.0001348082248397331, 2.081845737598189e-05, -0.00022116674651335852, -0.00013374351100126295], [9.018993497374014e-05, 0.0001348082248397331, 0.00017819011549221624, 2.571321510485098e-05, -0.0003002995803694356, -0.00018447486318036826], [-4.385572903026494e-06, 2.081845737598189e-05, 2.571321510485098e-05, 0.00021894900433456935, 0.0001039320236277608, 4.7027727317052703e-05], [-0.0001263384807210694, -0.00022116674651335852, -0.0003002995803694356, 0.0001039320236277608, 0.0013634618133083263, 0.0009393475918279943], [-6.862500958757132e-05, -0.00013374351100126295, -0.00018447486318036826, 4.7027727317052703e-05, 0.0009393475918279943, 0.0006787894502138944]]</COVARIANCE_MATRIX>
		<ROI_SIZE>1215</ROI_SIZE>
		<MAX_VALUE>[0.19283373653888702, 0.18976978957653046, 0.19316639006137848, 0.21131740510463715, 0.1307457536458969, 0.10279172658920288]</MAX_VALUE>
		<MIN_VALUE>[0.10837999731302261, 0.09661321341991425, 0.08098971098661423, 0.10964883863925934, 0.006603538058698177, 0.0023070010356605053]</MIN_VALUE>
		<SIGNATURE_THRESHOLD_MD>0</SIGNATURE_THRESHOLD_MD>
		<SIGNATURE_THRESHOLD_ML>0</SIGNATURE_THRESHOLD_ML>
		<SIGNATURE_THRESHOLD_SAM>0</SIGNATURE_THRESHOLD_SAM>
	</signature>
	<signature ID="20200824_131612691787_876">
		<MACROCLASSID>1</MACROCLASSID>
		<MACROCLASSINFO>MC 1</MACROCLASSINFO>
		<CLASSID>6</CLASSID>
		<CLASSINFO>C 1</CLASSINFO>
		<VALUES>[0.14375218310124097, 0.012075773973591594, 0.13006797549231075, 0.013917415940591153, 0.12487659410874431, 0.016262433853146643, 0.13818870997606447, 0.020312027302244236, 0.12562286496950714, 0.026840114991857792, 0.08662281039017368, 0.024263270414168897]</VALUES>
		<LCS_MIN>[0.10678653419017792, 0.09661321341991425, 0.06977203488349915, 0.08861395716667175, 0.05400329455733299, 0.03147998824715614]</LCS_MIN>
		<LCS_MAX>[0.19283373653888702, 0.1864427775144577, 0.17914430797100067, 0.21131740510463715, 0.19168829917907715, 0.14817194640636444]</LCS_MAX>
		<WAVELENGTH>[0.485, 0.56, 0.66, 0.83, 1.65, 2.215]</WAVELENGTH>
		<MEAN_VALUE>[0.14375218310124097, 0.13006797549231075, 0.12487659410874431, 0.13818870997606447, 0.12562286496950714, 0.08662281039017368]</MEAN_VALUE>
		<CHECKBOX>2</CHECKBOX>
		<SD>[0.012075773973591594, 0.013917415940591153, 0.016262433853146643, 0.020312027302244236, 0.026840114991857792, 0.024263270414168897]</SD>
		<WAVELENGTH_UNIT>E-6m</WAVELENGTH_UNIT>
		<COLOR>#1ae6c3</COLOR>
		<COVARIANCE_MATRIX>[[0.00011928531910654533, 0.00013085169274203433, 0.00014860770861143004, 9.570539419594414e-05, 0.0001556921587148682, 0.00016979017819191515], [0.00013085169274203433, 0.00016164204682253517, 0.0001843236403296918, 0.0001487145872531253, 0.00018797435597089107, 0.000193886955400769], [0.00014860770861143004, 0.0001843236403296918, 0.0002234514581357196, 0.00018123919948264268, 0.00020643701560062365, 0.0002120335066955147], [9.570539419594414e-05, 0.0001487145872531253, 0.00018123919948264268, 0.00037182216474765167, 0.00031896928416467427, 0.00024964013701985735], [0.0001556921587148682, 0.00018797435597089107, 0.00020643701560062365, 0.00031896928416467427, 0.0006872288117181081, 0.0005983566696609867], [0.00016979017819191515, 0.000193886955400769, 0.0002120335066955147, 0.00024964013701985735, 0.0005983566696609867, 0.0005725291848693396]]</COVARIANCE_MATRIX>
		<ROI_SIZE>3171</ROI_SIZE>
		<MAX_VALUE>[0.19283373653888702, 0.1864427775144577, 0.17914430797100067, 0.21131740510463715, 0.19168829917907715, 0.14817194640636444]</MAX_VALUE>
		<MIN_VALUE>[0.10678653419017792, 0.09661321341991425, 0.06977203488349915, 0.08861395716667175, 0.05400329455733299, 0.03147998824715614]</MIN_VALUE>
		<SIGNATURE_THRESHOLD_MD>0</SIGNATURE_THRESHOLD_MD>
		<SIGNATURE_THRESHOLD_ML>0</SIGNATURE_THRESHOLD_ML>
		<SIGNATURE_THRESHOLD_SAM>0</SIGNATURE_THRESHOLD_SAM>
	</signature>
	<signature ID="20200824_131623520869_667">
		<MACROCLASSID>1</MACROCLASSID>
		<MACROCLASSINFO>MC 1</MACROCLASSINFO>
		<CLASSID>7</CLASSID>
		<CLASSINFO>C 1</CLASSINFO>
		<VALUES>[0.14419019415153098, 0.007080704718414126, 0.133614425590965, 0.01111881476531172, 0.13048678129620264, 0.014305180363105055, 0.13056872915073617, 0.015073655753007913, 0.04570876907905603, 0.027089804373775266, 0.0292706680224152, 0.01904130464319076]</VALUES>
		<LCS_MIN>[0.11634733527898788, 0.0932861939072609, 0.08379411697387695, 0.08510815352201462, 0.006603538058698177, 0.0]</LCS_MIN>
		<LCS_MAX>[0.16255788505077362, 0.16315361857414246, 0.16512221097946167, 0.19378836452960968, 0.10817443579435349, 0.09306740760803223]</LCS_MAX>
		<WAVELENGTH>[0.485, 0.56, 0.66, 0.83, 1.65, 2.215]</WAVELENGTH>
		<MEAN_VALUE>[0.14419019415153098, 0.133614425590965, 0.13048678129620264, 0.13056872915073617, 0.04570876907905603, 0.0292706680224152]</MEAN_VALUE>
		<CHECKBOX>2</CHECKBOX>
		<SD>[0.007080704718414126, 0.01111881476531172, 0.014305180363105055, 0.015073655753007913, 0.027089804373775266, 0.01904130464319076]</SD>
		<WAVELENGTH_UNIT>E-6m</WAVELENGTH_UNIT>
		<COLOR>#1ae1b8</COLOR>
		<COVARIANCE_MATRIX>[[5.023254919459223e-05, 7.193119344477575e-05, 9.197739590054808e-05, 8.473098227582488e-05, -6.444221704574993e-05, -3.905959057279776e-05], [7.193119344477575e-05, 0.00011712227122510292, 0.00014644005288898772, 0.0001348533109527979, -0.00012759410706836486, -7.988641155024247e-05], [9.197739590054808e-05, 0.00014644005288898772, 0.0001933812080077376, 0.00017428344143930656, -0.0001763237384043317, -0.00011140457584050197], [8.473098227582488e-05, 0.0001348533109527979, 0.00017428344143930656, 0.00020461336005198215, -7.137556930029222e-05, -4.286054065602487e-05], [-6.444221704574993e-05, -0.00012759410706836486, -0.0001763237384043317, -7.137556930029222e-05, 0.0007188143747435215, 0.00048121766776027886], [-3.905959057279776e-05, -7.988641155024247e-05, -0.00011140457584050197, -4.286054065602487e-05, 0.00048121766776027886, 0.0003389218204233727]]</COVARIANCE_MATRIX>
		<ROI_SIZE>2706</ROI_SIZE>
		<MAX_VALUE>[0.16255788505077362, 0.16315361857414246, 0.16512221097946167, 0.19378836452960968, 0.10817443579435349, 0.09306740760803223]</MAX_VALUE>
		<MIN_VALUE>[0.11634733527898788, 0.0932861939072609, 0.08379411697387695, 0.08510815352201462, 0.006603538058698177, 0.0]</MIN_VALUE>
		<SIGNATURE_THRESHOLD_MD>0</SIGNATURE_THRESHOLD_MD>
		<SIGNATURE_THRESHOLD_ML>0</SIGNATURE_THRESHOLD_ML>
		<SIGNATURE_THRESHOLD_SAM>0</SIGNATURE_THRESHOLD_SAM>
	</signature>
	<signature ID="20200824_131658299313_186">
		<MACROCLASSID>1</MACROCLASSID>
		<MACROCLASSINFO>MC 1</MACROCLASSINFO>
		<CLASSID>8</CLASSID>
		<CLASSINFO>C 1</CLASSINFO>
		<VALUES>[0.12212514225161278, 0.012100444303447002, 0.1060715793931574, 0.013895700224827333, 0.09255005102465284, 0.01646061490811656, 0.12049849714126971, 0.03529617108036067, 0.07115974128617915, 0.03111325534983169, 0.04652319327368402, 0.02262840403216695]</VALUES>
		<LCS_MIN>[0.09881921112537384, 0.0799781009554863, 0.06135876849293709, 0.06407326459884644, 0.0133749321103096, 0.00878988765180111]</LCS_MIN>
		<LCS_MAX>[0.1657448261976242, 0.1598266065120697, 0.15390455722808838, 0.19378836452960968, 0.13977426290512085, 0.11251607537269592]</LCS_MAX>
		<WAVELENGTH>[0.485, 0.56, 0.66, 0.83, 1.65, 2.215]</WAVELENGTH>
		<MEAN_VALUE>[0.12212514225161278, 0.1060715793931574, 0.09255005102465284, 0.12049849714126971, 0.07115974128617915, 0.04652319327368402]</MEAN_VALUE>
		<CHECKBOX>2</CHECKBOX>
		<SD>[0.012100444303447002, 0.013895700224827333, 0.01646061490811656, 0.03529617108036067, 0.03111325534983169, 0.02262840403216695]</SD>
		<WAVELENGTH_UNIT>E-6m</WAVELENGTH_UNIT>
		<COLOR>#637c78</COLOR>
		<COVARIANCE_MATRIX>[[0.00014678680422167522, 0.00016087972194581943, 0.00019180224875110178, -5.217398461649419e-05, 8.91356430884675e-05, 0.00014159091290534095], [0.00016087972194581943, 0.00019357321095011236, 0.00022378153950756624, 6.734997569169868e-06, 0.0001598000721289991, 0.00019588089797392753], [0.00019180224875110178, 0.00022378153950756624, 0.00027162922276119264, -1.4689729397331843e-05, 0.0001736072475490477, 0.00022468174828693343], [-5.217398461649419e-05, 6.734997569169868e-06, -1.4689729397331843e-05, 0.0012489342421664247, 0.0008878309592234577, 0.0004648299631848369], [8.91356430884675e-05, 0.0001598000721289991, 0.0001736072475490477, 0.0008878309592234577, 0.0009704547451099905, 0.0006273148227705966], [0.00014159091290534095, 0.00019588089797392753, 0.00022468174828693343, 0.0004648299631848369, 0.0006273148227705966, 0.0005133247807155963]]</COVARIANCE_MATRIX>
		<ROI_SIZE>401</ROI_SIZE>
		<MAX_VALUE>[0.1657448261976242, 0.1598266065120697, 0.15390455722808838, 0.19378836452960968, 0.13977426290512085, 0.11251607537269592]</MAX_VALUE>
		<MIN_VALUE>[0.09881921112537384, 0.0799781009554863, 0.06135876849293709, 0.06407326459884644, 0.0133749321103096, 0.00878988765180111]</MIN_VALUE>
		<SIGNATURE_THRESHOLD_MD>0</SIGNATURE_THRESHOLD_MD>
		<SIGNATURE_THRESHOLD_ML>0</SIGNATURE_THRESHOLD_ML>
		<SIGNATURE_THRESHOLD_SAM>0</SIGNATURE_THRESHOLD_SAM>
	</signature>
	<signature ID="20200824_131745991119_197">
		<MACROCLASSID>1</MACROCLASSID>
		<MACROCLASSINFO>MC 1</MACROCLASSINFO>
		<CLASSID>9</CLASSID>
		<CLASSINFO>C 1</CLASSINFO>
		<VALUES>[0.12025315015578719, 0.006291801536192643, 0.11334515742477407, 0.010202927807243621, 0.09730312620868539, 0.012597604638932275, 0.06233858698185172, 0.016205986202802003, 0.02016509585895746, 0.014182289902697078, 0.01206799956104425, 0.008922859535680576]</VALUES>
		<LCS_MIN>[0.09563226997852325, 0.06999703496694565, 0.0501411072909832, 0.03252095729112625, 0.0020892764441668987, 0.0]</LCS_MIN>
		<LCS_MAX>[0.13228200376033783, 0.12322939932346344, 0.11464271694421768, 0.11315464973449707, 0.07657461613416672, 0.06065297871828079]</LCS_MAX>
		<WAVELENGTH>[0.485, 0.56, 0.66, 0.83, 1.65, 2.215]</WAVELENGTH>
		<MEAN_VALUE>[0.12025315015578719, 0.11334515742477407, 0.09730312620868539, 0.06233858698185172, 0.02016509585895746, 0.01206799956104425]</MEAN_VALUE>
		<CHECKBOX>2</CHECKBOX>
		<SD>[0.006291801536192643, 0.010202927807243621, 0.012597604638932275, 0.016205986202802003, 0.014182289902697078, 0.008922859535680576]</SD>
		<WAVELENGTH_UNIT>E-6m</WAVELENGTH_UNIT>
		<COLOR>#a7ad83</COLOR>
		<COVARIANCE_MATRIX>[[3.1855316151200494e-05, 4.549409112910464e-05, 5.672498466399646e-05, -1.9513854659401337e-05, -2.0267116386809913e-05, -1.0194219000940318e-05], [4.549409112910464e-05, 7.880284550688198e-05, 9.285384242697394e-05, -4.546048921648873e-05, -4.3394332345864674e-05, -2.3804366281642645e-05], [5.672498466399646e-05, 9.285384242697394e-05, 0.00012347784067539568, -5.4691590113275555e-05, -5.3026243005294886e-05, -2.7971636498968254e-05], [-1.9513854659401337e-05, -4.546048921648873e-05, -5.4691590113275555e-05, 0.0002862837941862701, 0.0002100270125989143, 0.0001230868044943474], [-2.0267116386809913e-05, -4.3394332345864674e-05, -5.3026243005294886e-05, 0.0002100270125989143, 0.00021684839462950185, 0.00013123327847191862], [-1.0194219000940318e-05, -2.3804366281642645e-05, -2.7971636498968254e-05, 0.0001230868044943474, 0.00013123327847191862, 9.412333760127238e-05]]</COVARIANCE_MATRIX>
		<ROI_SIZE>982</ROI_SIZE>
		<MAX_VALUE>[0.13228200376033783, 0.12322939932346344, 0.11464271694421768, 0.11315464973449707, 0.07657461613416672, 0.06065297871828079]</MAX_VALUE>
		<MIN_VALUE>[0.09563226997852325, 0.06999703496694565, 0.0501411072909832, 0.03252095729112625, 0.0020892764441668987, 0.0]</MIN_VALUE>
		<SIGNATURE_THRESHOLD_MD>0</SIGNATURE_THRESHOLD_MD>
		<SIGNATURE_THRESHOLD_ML>0</SIGNATURE_THRESHOLD_ML>
		<SIGNATURE_THRESHOLD_SAM>0</SIGNATURE_THRESHOLD_SAM>
	</signature>
	<signature ID="20200824_131812729556_632">
		<MACROCLASSID>1</MACROCLASSID>
		<MACROCLASSINFO>MC 1</MACROCLASSINFO>
		<CLASSID>10</CLASSID>
		<CLASSINFO>C 1</CLASSINFO>
		<VALUES>[0.11659897599775008, 0.006092544911875644, 0.10823418301570135, 0.0079730730682132, 0.08432306841925595, 0.011545689066732708, 0.04041366276604794, 0.009938638547180662, 0.007076887649994205, 0.00209274914924948, 0.00496371391232404, 0.0026418683627049255]</VALUES>
		<LCS_MIN>[0.09881921112537384, 0.0866321474313736, 0.0641631931066513, 0.02550933137536049, 0.0, 0.0]</LCS_MIN>
		<LCS_MAX>[0.13068853318691254, 0.126556396484375, 0.11183828115463257, 0.08510815352201462, 0.015632063150405884, 0.015272772870957851]</LCS_MAX>
		<WAVELENGTH>[0.485, 0.56, 0.66, 0.83, 1.65, 2.215]</WAVELENGTH>
		<MEAN_VALUE>[0.11659897599775008, 0.10823418301570135, 0.08432306841925595, 0.04041366276604794, 0.007076887649994205, 0.00496371391232404]</MEAN_VALUE>
		<CHECKBOX>2</CHECKBOX>
		<SD>[0.006092544911875644, 0.0079730730682132, 0.011545689066732708, 0.009938638547180662, 0.00209274914924948, 0.0026418683627049255]</SD>
		<WAVELENGTH_UNIT>E-6m</WAVELENGTH_UNIT>
		<COLOR>#f9ceae</COLOR>
		<COVARIANCE_MATRIX>[[3.300519720273141e-05, 3.780028187782638e-05, 4.895118018509688e-05, 2.5344244172572796e-05, 7.688229416841715e-07, 5.275651573064758e-07], [3.780028187782638e-05, 5.485570295688253e-05, 6.925734668372176e-05, 3.669178667876547e-05, 7.388990242097442e-07, 6.575151507507851e-07], [4.895118018509688e-05, 6.925734668372176e-05, 0.00011662557055349894, 8.200156297799233e-05, 1.8626043867460753e-06, 1.483388006288858e-06], [2.5344244172572796e-05, 3.669178667876547e-05, 8.200156297799233e-05, 8.783105445432218e-05, 2.2374670533432046e-06, 1.3524770817715722e-06], [7.688229416841715e-07, 7.388990242097442e-07, 1.8626043867460753e-06, 2.2374670533432046e-06, 4.419420425044171e-06, 9.010254655598164e-07], [5.275651573064758e-07, 6.575151507507851e-07, 1.483388006288858e-06, 1.3524770817715722e-06, 9.010254655598164e-07, 6.927482518908499e-06]]</COVARIANCE_MATRIX>
		<ROI_SIZE>10201</ROI_SIZE>
		<MAX_VALUE>[0.13068853318691254, 0.126556396484375, 0.11183828115463257, 0.08510815352201462, 0.015632063150405884, 0.015272772870957851]</MAX_VALUE>
		<MIN_VALUE>[0.09881921112537384, 0.0866321474313736, 0.0641631931066513, 0.02550933137536049, 0.0, 0.0]</MIN_VALUE>
		<SIGNATURE_THRESHOLD_MD>0</SIGNATURE_THRESHOLD_MD>
		<SIGNATURE_THRESHOLD_ML>0</SIGNATURE_THRESHOLD_ML>
		<SIGNATURE_THRESHOLD_SAM>0</SIGNATURE_THRESHOLD_SAM>
	</signature>
	<signature ID="20200824_131824325167_915">
		<MACROCLASSID>1</MACROCLASSID>
		<MACROCLASSINFO>MC 1</MACROCLASSINFO>
		<CLASSID>11</CLASSID>
		<CLASSINFO>C 1</CLASSINFO>
		<VALUES>[0.12027710075844293, 0.005655576082216393, 0.10468809788526695, 0.007672645309403468, 0.07979204219828344, 0.009938191112913207, 0.044370213318700565, 0.011060949974281059, 0.011794958784876063, 0.007784805265992644, 0.00783564633504869, 0.004861374755383346]</VALUES>
		<LCS_MIN>[0.09722574055194855, 0.0799781009554863, 0.05294552445411682, 0.02901514247059822, 0.0, 0.0]</LCS_MIN>
		<LCS_MAX>[0.13546893000602722, 0.12322939932346344, 0.103425033390522, 0.11315464973449707, 0.07657461613416672, 0.050928644835948944]</LCS_MAX>
		<WAVELENGTH>[0.485, 0.56, 0.66, 0.83, 1.65, 2.215]</WAVELENGTH>
		<MEAN_VALUE>[0.12027710075844293, 0.10468809788526695, 0.07979204219828344, 0.044370213318700565, 0.011794958784876063, 0.00783564633504869]</MEAN_VALUE>
		<CHECKBOX>2</CHECKBOX>
		<SD>[0.005655576082216393, 0.007672645309403468, 0.009938191112913207, 0.011060949974281059, 0.007784805265992644, 0.004861374755383346]</SD>
		<WAVELENGTH_UNIT>E-6m</WAVELENGTH_UNIT>
		<COLOR>#caf195</COLOR>
		<COVARIANCE_MATRIX>[[2.7816325710702878e-05, 3.0833718068615806e-05, 3.0911255326193296e-05, -7.340923897734296e-06, -7.278081535231725e-06, -3.438658286992876e-06], [3.0833718068615806e-05, 5.4240049422510723e-05, 5.8229800188676477e-05, 2.331562749418819e-06, -6.531947429238047e-06, -2.8308774151506247e-06], [3.0911255326193296e-05, 5.8229800188676477e-05, 9.054820541135355e-05, 2.2063809615007653e-05, -1.3895803404601986e-06, -1.3574176136431897e-08], [-7.340923897734296e-06, 2.331562749418819e-06, 2.2063809615007653e-05, 8.637926268093261e-05, 4.446608746826589e-05, 2.3861228106110268e-05], [-7.278081535231725e-06, -6.531947429238047e-06, -1.3895803404601986e-06, 4.446608746826589e-05, 4.19424022533628e-05, 2.084493326252641e-05], [-3.438658286992876e-06, -2.8308774151506247e-06, -1.3574176136431897e-08, 2.3861228106110268e-05, 2.084493326252641e-05, 1.7903746356646714e-05]]</COVARIANCE_MATRIX>
		<ROI_SIZE>10098</ROI_SIZE>
		<MAX_VALUE>[0.13546893000602722, 0.12322939932346344, 0.103425033390522, 0.11315464973449707, 0.07657461613416672, 0.050928644835948944]</MAX_VALUE>
		<MIN_VALUE>[0.09722574055194855, 0.0799781009554863, 0.05294552445411682, 0.02901514247059822, 0.0, 0.0]</MIN_VALUE>
		<SIGNATURE_THRESHOLD_MD>0</SIGNATURE_THRESHOLD_MD>
		<SIGNATURE_THRESHOLD_ML>0</SIGNATURE_THRESHOLD_ML>
		<SIGNATURE_THRESHOLD_SAM>0</SIGNATURE_THRESHOLD_SAM>
	</signature>
	<signature ID="20200824_131845842128_807">
		<MACROCLASSID>1</MACROCLASSID>
		<MACROCLASSINFO>MC 1</MACROCLASSINFO>
		<CLASSID>12</CLASSID>
		<CLASSINFO>C 1</CLASSINFO>
		<VALUES>[0.09504913624300619, 0.00510918172009695, 0.07267960466941971, 0.009130451209054353, 0.04904509360108512, 0.012975552419953856, 0.02946575948154667, 0.014565207146814875, 0.0065493938215794014, 0.007209350930142568, 0.004284096129051122, 0.005092247604398601]</VALUES>
		<LCS_MIN>[0.0844779908657074, 0.05668896436691284, 0.033314600586891174, 0.018497703596949577, 0.0, 0.0]</LCS_MIN>
		<LCS_MAX>[0.12272120267152786, 0.1132483258843422, 0.09501177817583084, 0.08861395716667175, 0.07431747019290924, 0.06065297871828079]</LCS_MAX>
		<WAVELENGTH>[0.485, 0.56, 0.66, 0.83, 1.65, 2.215]</WAVELENGTH>
		<MEAN_VALUE>[0.09504913624300619, 0.07267960466941971, 0.04904509360108512, 0.02946575948154667, 0.0065493938215794014, 0.004284096129051122]</MEAN_VALUE>
		<CHECKBOX>2</CHECKBOX>
		<SD>[0.00510918172009695, 0.009130451209054353, 0.012975552419953856, 0.014565207146814875, 0.007209350930142568, 0.005092247604398601]</SD>
		<WAVELENGTH_UNIT>E-6m</WAVELENGTH_UNIT>
		<COLOR>#b618ad</COLOR>
		<COVARIANCE_MATRIX>[[2.9162805409230814e-05, 4.682256687655416e-05, 6.581951515657079e-05, 5.434470147134494e-05, 1.653844666659541e-05, 1.0602172757816546e-05], [4.682256687655416e-05, 9.321365652334367e-05, 0.0001229324152682298, 9.465042147506719e-05, 2.3829594446327006e-05, 1.5415251180478693e-05], [6.581951515657079e-05, 0.0001229324152682298, 0.00018501096904629733, 0.000163767609226648, 4.093935385780095e-05, 2.5144635030548306e-05], [5.434470147134494e-05, 9.465042147506719e-05, 0.000163767609226648, 0.000220987420205972, 7.08742261241702e-05, 4.101389625579824e-05], [1.653844666659541e-05, 2.3829594446327006e-05, 4.093935385780095e-05, 7.08742261241702e-05, 5.133014136277157e-05, 2.9752027242442e-05], [1.0602172757816546e-05, 1.5415251180478693e-05, 2.5144635030548306e-05, 4.101389625579824e-05, 2.9752027242442e-05, 2.500824172444354e-05]]</COVARIANCE_MATRIX>
		<ROI_SIZE>8541</ROI_SIZE>
		<MAX_VALUE>[0.12272120267152786, 0.1132483258843422, 0.09501177817583084, 0.08861395716667175, 0.07431747019290924, 0.06065297871828079]</MAX_VALUE>
		<MIN_VALUE>[0.0844779908657074, 0.05668896436691284, 0.033314600586891174, 0.018497703596949577, 0.0, 0.0]</MIN_VALUE>
		<SIGNATURE_THRESHOLD_MD>0</SIGNATURE_THRESHOLD_MD>
		<SIGNATURE_THRESHOLD_ML>0</SIGNATURE_THRESHOLD_ML>
		<SIGNATURE_THRESHOLD_SAM>0</SIGNATURE_THRESHOLD_SAM>
	</signature>
	<signature ID="20200824_134626219561_477">
		<MACROCLASSID>1</MACROCLASSID>
		<MACROCLASSINFO>MC 1</MACROCLASSINFO>
		<CLASSID>13</CLASSID>
		<CLASSINFO>C 1</CLASSINFO>
		<VALUES>[0.100819275695944, 0.00863328929801993, 0.07789213537384027, 0.011750194206930985, 0.05556335956251157, 0.01184008540790722, 0.0375663395487452, 0.01336049362163349, 0.014049782321370833, 0.00984833310095635, 0.010434882788452263, 0.007946292245421099]</VALUES>
		<LCS_MIN>[0.0844779908657074, 0.05668896436691284, 0.033314600586891174, 0.02550933137536049, 0.0020892764441668987, 0.0]</LCS_MIN>
		<LCS_MAX>[0.13068853318691254, 0.126556396484375, 0.11464271694421768, 0.10964883863925934, 0.08108887821435928, 0.07037730515003204]</LCS_MAX>
		<WAVELENGTH>[0.485, 0.56, 0.66, 0.83, 1.65, 2.215]</WAVELENGTH>
		<MEAN_VALUE>[0.100819275695944, 0.07789213537384027, 0.05556335956251157, 0.0375663395487452, 0.014049782321370833, 0.010434882788452263]</MEAN_VALUE>
		<CHECKBOX>2</CHECKBOX>
		<SD>[0.00863328929801993, 0.011750194206930985, 0.01184008540790722, 0.01336049362163349, 0.00984833310095635, 0.007946292245421099]</SD>
		<WAVELENGTH_UNIT>E-6m</WAVELENGTH_UNIT>
		<COLOR>#d6ae6d</COLOR>
		<COVARIANCE_MATRIX>[[7.863809624804824e-05, 0.00010343500386544142, 0.00010390747925715826, 4.855637806582757e-05, 7.856835111584368e-06, 7.421414377511231e-06], [0.00010343500386544142, 0.00014724748486245675, 0.0001438115836194503, 6.771004784005215e-05, 1.0601118818478728e-05, 9.634625504273163e-06], [0.00010390747925715826, 0.0001438115836194503, 0.00015625653261373262, 9.197997971132289e-05, 2.986455426915809e-05, 2.4906878225959232e-05], [4.855637806582757e-05, 6.771004784005215e-05, 9.197997971132289e-05, 0.00014961481904134487, 8.8318374909679e-05, 6.575835283449413e-05], [7.856835111584368e-06, 1.0601118818478728e-05, 2.986455426915809e-05, 8.8318374909679e-05, 9.409041851496181e-05, 7.068386675392827e-05], [7.421414377511231e-06, 9.634625504273163e-06, 2.4906878225959232e-05, 6.575835283449413e-05, 7.068386675392827e-05, 6.340551060546605e-05]]</COVARIANCE_MATRIX>
		<ROI_SIZE>8439</ROI_SIZE>
		<MAX_VALUE>[0.13068853318691254, 0.126556396484375, 0.11464271694421768, 0.10964883863925934, 0.08108887821435928, 0.07037730515003204]</MAX_VALUE>
		<MIN_VALUE>[0.0844779908657074, 0.05668896436691284, 0.033314600586891174, 0.02550933137536049, 0.0020892764441668987, 0.0]</MIN_VALUE>
		<SIGNATURE_THRESHOLD_MD>0</SIGNATURE_THRESHOLD_MD>
		<SIGNATURE_THRESHOLD_ML>0</SIGNATURE_THRESHOLD_ML>
		<SIGNATURE_THRESHOLD_SAM>0</SIGNATURE_THRESHOLD_SAM>
	</signature>
	<signature ID="20200824_134639057981_859">
		<MACROCLASSID>1</MACROCLASSID>
		<MACROCLASSINFO>MC 1</MACROCLASSINFO>
		<CLASSID>14</CLASSID>
		<CLASSINFO>C 1</CLASSINFO>
		<VALUES>[0.10912088702406207, 0.011008274047749957, 0.08781149687227752, 0.012272485656875273, 0.06581966971641509, 0.013583802461479522, 0.05635113299531587, 0.020822136784214722, 0.027641290514419468, 0.014014428579414893, 0.019226716101790515, 0.010195168150665906]</VALUES>
		<LCS_MIN>[0.09085186570882797, 0.06334299594163895, 0.04453226551413536, 0.02901514247059822, 0.006603538058698177, 0.0023070010356605053]</LCS_MIN>
		<LCS_MAX>[0.15459054708480835, 0.1332104504108429, 0.11183828115463257, 0.12016626447439194, 0.09463166445493698, 0.07361875474452972]</LCS_MAX>
		<WAVELENGTH>[0.485, 0.56, 0.66, 0.83, 1.65, 2.215]</WAVELENGTH>
		<MEAN_VALUE>[0.10912088702406207, 0.08781149687227752, 0.06581966971641509, 0.05635113299531587, 0.027641290514419468, 0.019226716101790515]</MEAN_VALUE>
		<CHECKBOX>2</CHECKBOX>
		<SD>[0.011008274047749957, 0.012272485656875273, 0.013583802461479522, 0.020822136784214722, 0.014014428579414893, 0.010195168150665906]</SD>
		<WAVELENGTH_UNIT>E-6m</WAVELENGTH_UNIT>
		<COLOR>#24170f</COLOR>
		<COVARIANCE_MATRIX>[[0.00011375942722421703, 0.00011861977605221401, 0.00013197870079810844, 0.00013872912414330702, 8.753292736217378e-05, 6.694092126064717e-05], [0.00011861977605221401, 0.00013709872484283074, 0.00014733144804477964, 0.00014964819499035283, 8.819991072860976e-05, 6.717741744300605e-05], [0.00013197870079810844, 0.00014733144804477964, 0.00016976065749806842, 0.0001781416905227227, 0.00010509246931566626, 7.900625331919503e-05], [0.00013872912414330702, 0.00014964819499035283, 0.0001781416905227227, 0.0004111022461731881, 0.00023028681670788539, 0.00014786901690661737], [8.753292736217378e-05, 8.819991072860976e-05, 0.00010509246931566626, 0.00023028681670788539, 0.00017297734360751296, 0.0001143360363170402], [6.694092126064717e-05, 6.717741744300605e-05, 7.900625331919503e-05, 0.00014786901690661737, 0.0001143360363170402, 8.860210532010672e-05]]</COVARIANCE_MATRIX>
		<ROI_SIZE>8904</ROI_SIZE>
		<MAX_VALUE>[0.15459054708480835, 0.1332104504108429, 0.11183828115463257, 0.12016626447439194, 0.09463166445493698, 0.07361875474452972]</MAX_VALUE>
		<MIN_VALUE>[0.09085186570882797, 0.06334299594163895, 0.04453226551413536, 0.02901514247059822, 0.006603538058698177, 0.0023070010356605053]</MIN_VALUE>
		<SIGNATURE_THRESHOLD_MD>0</SIGNATURE_THRESHOLD_MD>
		<SIGNATURE_THRESHOLD_ML>0</SIGNATURE_THRESHOLD_ML>
		<SIGNATURE_THRESHOLD_SAM>0</SIGNATURE_THRESHOLD_SAM>
	</signature>
	<signature ID="20200824_134803607864_437">
		<MACROCLASSID>1</MACROCLASSID>
		<MACROCLASSINFO>MC 1</MACROCLASSINFO>
		<CLASSID>15</CLASSID>
		<CLASSINFO>C 1</CLASSINFO>
		<VALUES>[0.08983583269339547, 0.0035983372762683316, 0.06525850372739378, 0.0044481395667033555, 0.04191435109332157, 0.003237500311227225, 0.027310832252068235, 0.0021141798935200786, 0.010106672346668821, 0.0024157997237670595, 0.007677669306178109, 0.0025422438834342125]</VALUES>
		<LCS_MIN>[0.07969760149717331, 0.05668896436691284, 0.033314600586891174, 0.02200351469218731, 0.0, 0.0]</LCS_MIN>
		<LCS_MAX>[0.10200612992048264, 0.0799781009554863, 0.05294552445411682, 0.03252095729112625, 0.02014632523059845, 0.021755658090114594]</LCS_MAX>
		<WAVELENGTH>[0.485, 0.56, 0.66, 0.83, 1.65, 2.215]</WAVELENGTH>
		<MEAN_VALUE>[0.08983583269339547, 0.06525850372739378, 0.04191435109332157, 0.027310832252068235, 0.010106672346668821, 0.007677669306178109]</MEAN_VALUE>
		<CHECKBOX>2</CHECKBOX>
		<SD>[0.0035983372762683316, 0.0044481395667033555, 0.003237500311227225, 0.0021141798935200786, 0.0024157997237670595, 0.0025422438834342125]</SD>
		<WAVELENGTH_UNIT>E-6m</WAVELENGTH_UNIT>
		<COLOR>#f6536e</COLOR>
		<COVARIANCE_MATRIX>[[1.425092438094163e-05, 1.4542886635143704e-05, 1.0617735775688129e-05, 4.9135720420978195e-06, 2.1964597025522183e-06, 1.4926758107439461e-06], [1.4542886635143704e-05, 2.2054371188923537e-05, 1.3976329694745393e-05, 6.448061045508319e-06, 2.8389029626798752e-06, 2.0592911073858057e-06], [1.0617735775688129e-05, 1.3976329694745393e-05, 1.3181907404754546e-05, 5.244537885795652e-06, 2.0818983686189743e-06, 1.4813558315216553e-06], [4.9135720420978195e-06, 6.448061045508319e-06, 5.244537885795652e-06, 5.939436380461961e-06, 1.3411218564138049e-06, 8.381949076392643e-07], [2.1964597025522183e-06, 2.8389029626798752e-06, 2.0818983686189743e-06, 1.3411218564138049e-06, 5.933343024448817e-06, 1.3346364387454984e-06], [1.4926758107439461e-06, 2.0592911073858057e-06, 1.4813558315216553e-06, 8.381949076392643e-07, 1.3346364387454984e-06, 6.545992608286454e-06]]</COVARIANCE_MATRIX>
		<ROI_SIZE>10167</ROI_SIZE>
		<MAX_VALUE>[0.10200612992048264, 0.0799781009554863, 0.05294552445411682, 0.03252095729112625, 0.02014632523059845, 0.021755658090114594]</MAX_VALUE>
		<MIN_VALUE>[0.07969760149717331, 0.05668896436691284, 0.033314600586891174, 0.02200351469218731, 0.0, 0.0]</MIN_VALUE>
		<SIGNATURE_THRESHOLD_MD>0</SIGNATURE_THRESHOLD_MD>
		<SIGNATURE_THRESHOLD_ML>0</SIGNATURE_THRESHOLD_ML>
		<SIGNATURE_THRESHOLD_SAM>0</SIGNATURE_THRESHOLD_SAM>
	</signature>
	<signature ID="20200824_134825579110_836">
		<MACROCLASSID>1</MACROCLASSID>
		<MACROCLASSINFO>MC 1</MACROCLASSINFO>
		<CLASSID>16</CLASSID>
		<CLASSINFO>C 1</CLASSINFO>
		<VALUES>[0.11234872839413583, 0.0034865295448710237, 0.10724928842391818, 0.004519873015579865, 0.08523137979209425, 0.00540339194054529, 0.05862830536207186, 0.014659444486211199, 0.018827314377995206, 0.00683658554139479, 0.009995299157162667, 0.003897939978502996]</VALUES>
		<LCS_MIN>[0.10200612992048264, 0.08995916694402695, 0.06696761399507523, 0.036026764661073685, 0.008860670030117035, 0.0023070010356605053]</LCS_MIN>
		<LCS_MAX>[0.12431465834379196, 0.11657534539699554, 0.10062061995267868, 0.10964883863925934, 0.05400329455733299, 0.024997102096676826]</LCS_MAX>
		<WAVELENGTH>[0.485, 0.56, 0.66, 0.83, 1.65, 2.215]</WAVELENGTH>
