<?xml version="1.0" ?>
<signaturelist MCID_LIST="[['1', 'Waterbody', '#000000'], ['2', 'Vegetation', '#000000'], ['3', 'Bareland', '#000000'], ['4', 'Built-up', '#000000']]">
	<signature ID="20220209_170259496475_831">
		<MACROCLASSID>1</MACROCLASSID>
		<MACROCLASSINFO>Waterbody</MACROCLASSINFO>
		<CLASSID>1</CLASSID>
		<CLASSINFO>C 1</CLASSINFO>
		<VALUES>[0.13316433820660742, 0.0037714337186475154, 0.15706644218070717, 0.004830438332892563, 0.16931040386977855, 0.005583889186049219, 0.09274429687891661, 0.004003506684245707, 0.011399591569851611, 0.00515565266994362, 0.0076252007123174, 0.0042360063891149]</VALUES>
		<LCS_MIN>[0.11543403565883636, 0.13424597680568695, 0.14293770492076874, 0.07865399122238159, 0.0, 0.0]</LCS_MIN>
		<LCS_MAX>[0.143708273768425, 0.16937965154647827, 0.18078099191188812, 0.11920373886823654, 0.03682306036353111, 0.030342597514390945]</LCS_MAX>
		<WAVELENGTH>[0.485, 0.56, 0.66, 0.83, 1.65, 2.215]</WAVELENGTH>
		<MEAN_VALUE>[0.13316433820660742, 0.15706644218070717, 0.16931040386977855, 0.09274429687891661, 0.011399591569851611, 0.0076252007123174]</MEAN_VALUE>
		<CHECKBOX>2</CHECKBOX>
		<SD>[0.0037714337186475154, 0.004830438332892563, 0.005583889186049219, 0.004003506684245707, 0.00515565266994362, 0.0042360063891149]</SD>
		<WAVELENGTH_UNIT>E-6m</WAVELENGTH_UNIT>
		<COLOR>#fa9356</COLOR>
		<COVARIANCE_MATRIX>[[1.2185811101517174e-05, 1.2496013368945569e-05, 1.4565456694981549e-05, 1.5065179468365386e-06, -6.572719030373264e-06, -3.912839474651264e-06], [1.2496013368945569e-05, 1.967663411051035e-05, 1.922773662954569e-05, -4.6858318114573194e-07, -1.0105198271048721e-05, -6.5623435148154385e-06], [1.4565456694981549e-05, 1.922773662954569e-05, 2.6749423341243528e-05, -7.33254125862004e-07, -1.259397959074704e-05, -8.392186828132253e-06], [1.5065179468365386e-06, -4.6858318114573194e-07, -7.33254125862004e-07, 1.5244118003465701e-05, 9.202026376442518e-06, 7.408744750136975e-06], [-6.572719030373264e-06, -1.0105198271048721e-05, -1.259397959074704e-05, 9.202026376442518e-06, 2.675460564205423e-05, 1.633216015761718e-05], [-3.912839474651264e-06, -6.5623435148154385e-06, -8.392186828132253e-06, 7.408744750136975e-06, 1.633216015761718e-05, 1.831189547374379e-05]]</COVARIANCE_MATRIX>
		<ROI_SIZE>3499</ROI_SIZE>
		<MAX_VALUE>[0.143708273768425, 0.16937965154647827, 0.18078099191188812, 0.11920373886823654, 0.03682306036353111, 0.030342597514390945]</MAX_VALUE>
		<MIN_VALUE>[0.11543403565883636, 0.13424597680568695, 0.14293770492076874, 0.07865399122238159, 0.0, 0.0]</MIN_VALUE>
		<SIGNATURE_THRESHOLD_MD>0.0</SIGNATURE_THRESHOLD_MD>
		<SIGNATURE_THRESHOLD_ML>0.0</SIGNATURE_THRESHOLD_ML>
		<SIGNATURE_THRESHOLD_SAM>0.0</SIGNATURE_THRESHOLD_SAM>
	</signature>
	<signature ID="20220209_170308884119_950">
		<MACROCLASSID>1</MACROCLASSID>
		<MACROCLASSINFO>Waterbody</MACROCLASSINFO>
		<CLASSID>2</CLASSID>
		<CLASSINFO>C 1</CLASSINFO>
		<VALUES>[0.0909255829963806, 0.00932460046410122, 0.09453257305790908, 0.017460995179783105, 0.06343237742470856, 0.0123961255224595, 0.03599367132481963, 0.0053897401155312856, 0.011093432373550254, 0.00382948437062323, 0.007263707929637397, 0.003073950641111643]</VALUES>
		<LCS_MIN>[0.07638869434595108, 0.07568984478712082, 0.04562639072537422, 0.021208515390753746, 0.004189369734376669, 0.0]</LCS_MIN>
		<LCS_MAX>[0.10870208591222763, 0.12253475189208984, 0.08617276698350906, 0.06175826117396355, 0.0324719101190567, 0.020969612523913383]</LCS_MAX>
		<WAVELENGTH>[0.485, 0.56, 0.66, 0.83, 1.65, 2.215]</WAVELENGTH>
		<MEAN_VALUE>[0.0909255829963806, 0.09453257305790908, 0.06343237742470856, 0.03599367132481963, 0.011093432373550254, 0.007263707929637397]</MEAN_VALUE>
		<CHECKBOX>2</CHECKBOX>
		<SD>[0.00932460046410122, 0.017460995179783105, 0.0123961255224595, 0.0053897401155312856, 0.00382948437062323, 0.003073950641111643]</SD>
		<WAVELENGTH_UNIT>E-6m</WAVELENGTH_UNIT>
		<COLOR>#487b25</COLOR>
		<COVARIANCE_MATRIX>[[8.704372157808393e-05, 0.00016021575720515102, 0.0001130965756601654, 3.343970820424147e-05, 1.6509922716068104e-05, 1.1194088983756956e-05], [0.00016021575720515102, 0.0003052213869523257, 0.00021345412824302912, 6.335048965411261e-05, 3.142242712783627e-05, 2.049686918326188e-05], [0.0001130965756601654, 0.00021345412824302912, 0.00015383279242087156, 4.537114000413567e-05, 2.331128234800417e-05, 1.5396863091154955e-05], [3.343970820424147e-05, 6.335048965411261e-05, 4.537114000413567e-05, 2.908122041844763e-05, 1.289911142521305e-05, 8.023367627174594e-06], [1.6509922716068104e-05, 3.142242712783627e-05, 2.331128234800417e-05, 1.289911142521305e-05, 1.4681066204502713e-05, 5.992425485601416e-06], [1.1194088983756956e-05, 2.049686918326188e-05, 1.5396863091154955e-05, 8.023367627174594e-06, 5.992425485601416e-06, 9.459556167712435e-06]]</COVARIANCE_MATRIX>
		<ROI_SIZE>911</ROI_SIZE>
		<MAX_VALUE>[0.10870208591222763, 0.12253475189208984, 0.08617276698350906, 0.06175826117396355, 0.0324719101190567, 0.020969612523913383]</MAX_VALUE>
		<MIN_VALUE>[0.07638869434595108, 0.07568984478712082, 0.04562639072537422, 0.021208515390753746, 0.004189369734376669, 0.0]</MIN_VALUE>
		<SIGNATURE_THRESHOLD_MD>0.0</SIGNATURE_THRESHOLD_MD>
		<SIGNATURE_THRESHOLD_ML>0.0</SIGNATURE_THRESHOLD_ML>
		<SIGNATURE_THRESHOLD_SAM>0.0</SIGNATURE_THRESHOLD_SAM>
	</signature>
	<signature ID="20220209_170313679704_869">
		<MACROCLASSID>1</MACROCLASSID>
		<MACROCLASSINFO>Waterbody</MACROCLASSINFO>
		<CLASSID>3</CLASSID>
		<CLASSINFO>C 1</CLASSINFO>
		<VALUES>[0.10897738943560824, 0.004147351986808988, 0.11696910430876602, 0.007215282698386975, 0.11396366933854625, 0.006257324858685553, 0.06418196434458606, 0.00742320972344834, 0.013016802107784367, 0.00445414095076513, 0.008032515602626683, 0.003442814177301911]</VALUES>
		<LCS_MIN>[0.09523818641901016, 0.09325667470693588, 0.08887585997581482, 0.04148339107632637, 0.004189369734376669, 0.0]</LCS_MIN>
		<LCS_MAX>[0.11812682449817657, 0.13131816685199738, 0.12942224740982056, 0.08203313499689102, 0.0324719101190567, 0.027218271046876907]</LCS_MAX>
		<WAVELENGTH>[0.485, 0.56, 0.66, 0.83, 1.65, 2.215]</WAVELENGTH>
		<MEAN_VALUE>[0.10897738943560824, 0.11696910430876602, 0.11396366933854625, 0.06418196434458606, 0.013016802107784367, 0.008032515602626683]</MEAN_VALUE>
		<CHECKBOX>2</CHECKBOX>
		<SD>[0.004147351986808988, 0.007215282698386975, 0.006257324858685553, 0.00742320972344834, 0.00445414095076513, 0.003442814177301911]</SD>
		<WAVELENGTH_UNIT>E-6m</WAVELENGTH_UNIT>
		<COLOR>#01ad7e</COLOR>
		<COVARIANCE_MATRIX>[[1.7228048818651587e-05, 2.731833046709653e-05, 2.1964691768516786e-05, -1.7789556295610964e-05, -3.8072844290581997e-06, -1.8411915334581863e-06], [2.731833046709653e-05, 5.21436013514176e-05, 3.8071011658757925e-05, -3.253721661167219e-05, -6.772908363927854e-06, -3.4955085084220627e-06], [2.1964691768516786e-05, 3.8071011658757925e-05, 3.9216760342242196e-05, -2.0303168639657088e-05, -7.4626914283726364e-06, -3.2710208870412316e-06], [-1.7789556295610964e-05, -3.253721661167219e-05, -2.0303168639657088e-05, 5.519220940186642e-05, 1.723425702948589e-05, 1.0457036296429578e-05], [-3.8072844290581997e-06, -6.772908363927854e-06, -7.4626914283726364e-06, 1.723425702948589e-05, 1.987111500056926e-05, 9.020786819746718e-06], [-1.8411915334581863e-06, -3.4955085084220627e-06, -3.2710208870412316e-06, 1.0457036296429578e-05, 9.020786819746718e-06, 1.1871934475493617e-05]]</COVARIANCE_MATRIX>
		<ROI_SIZE>626</ROI_SIZE>
		<MAX_VALUE>[0.11812682449817657, 0.13131816685199738, 0.12942224740982056, 0.08203313499689102, 0.0324719101190567, 0.027218271046876907]</MAX_VALUE>
		<MIN_VALUE>[0.09523818641901016, 0.09325667470693588, 0.08887585997581482, 0.04148339107632637, 0.004189369734376669, 0.0]</MIN_VALUE>
		<SIGNATURE_THRESHOLD_MD>0.0</SIGNATURE_THRESHOLD_MD>
		<SIGNATURE_THRESHOLD_ML>0.0</SIGNATURE_THRESHOLD_ML>
		<SIGNATURE_THRESHOLD_SAM>0.0</SIGNATURE_THRESHOLD_SAM>
	</signature>
	<signature ID="20220209_170317929818_871">
		<MACROCLASSID>1</MACROCLASSID>
		<MACROCLASSINFO>Waterbody</MACROCLASSINFO>
		<CLASSID>4</CLASSID>
		<CLASSINFO>C 1</CLASSINFO>
		<VALUES>[0.07724223054090083, 0.002394010955939877, 0.06480678024635149, 0.0029558752141798108, 0.045184119643268475, 0.00268484100395927, 0.03504371108963495, 0.003844649772691003, 0.014059720631674374, 0.004974480238092813, 0.00994275880670686, 0.0041942608579733625]</VALUES>
		<LCS_MIN>[0.06831034272909164, 0.055195197463035583, 0.037517111748456955, 0.024587664753198624, 0.006364948581904173, 0.0]</LCS_MIN>
		<LCS_MAX>[0.08581344038248062, 0.07276203483343124, 0.06184493750333786, 0.06175826117396355, 0.04334980621933937, 0.03659125417470932]</LCS_MAX>
		<WAVELENGTH>[0.485, 0.56, 0.66, 0.83, 1.65, 2.215]</WAVELENGTH>
		<MEAN_VALUE>[0.07724223054090083, 0.06480678024635149, 0.045184119643268475, 0.03504371108963495, 0.014059720631674374, 0.00994275880670686]</MEAN_VALUE>
		<CHECKBOX>2</CHECKBOX>
		<SD>[0.002394010955939877, 0.0029558752141798108, 0.00268484100395927, 0.003844649772691003, 0.004974480238092813, 0.0041942608579733625]</SD>
		<WAVELENGTH_UNIT>E-6m</WAVELENGTH_UNIT>
		<COLOR>#38f959</COLOR>
		<COVARIANCE_MATRIX>[[5.734469141316367e-06, 4.838184850086691e-06, 3.6273293062549783e-06, 2.2703550257574534e-06, 1.9755586890823906e-06, 1.2573631238410599e-06], [4.838184850086691e-06, 8.742046702536754e-06, 4.406984317029128e-06, 3.008195790243917e-06, 2.482083800714463e-06, 1.6090214103314793e-06], [3.6273293062549783e-06, 4.406984317029128e-06, 7.212371201603673e-06, 5.67115193916834e-06, 6.27365398031543e-06, 4.690593414125033e-06], [2.2703550257574534e-06, 3.008195790243917e-06, 5.67115193916834e-06, 1.4789534361625556e-05, 1.2817283277399838e-05, 9.800026418815833e-06], [1.9755586890823906e-06, 2.482083800714463e-06, 6.27365398031543e-06, 1.2817283277399838e-05, 2.4759185180300847e-05, 1.5317658835556358e-05], [1.2573631238410599e-06, 1.6090214103314793e-06, 4.690593414125033e-06, 9.800026418815833e-06, 1.5317658835556358e-05, 1.7601587387616746e-05]]</COVARIANCE_MATRIX>
		<ROI_SIZE>1803</ROI_SIZE>
		<MAX_VALUE>[0.08581344038248062, 0.07276203483343124, 0.06184493750333786, 0.06175826117396355, 0.04334980621933937, 0.03659125417470932]</MAX_VALUE>
		<MIN_VALUE>[0.06831034272909164, 0.055195197463035583, 0.037517111748456955, 0.024587664753198624, 0.006364948581904173, 0.0]</MIN_VALUE>
		<SIGNATURE_THRESHOLD_MD>0.0</SIGNATURE_THRESHOLD_MD>
		<SIGNATURE_THRESHOLD_ML>0.0</SIGNATURE_THRESHOLD_ML>
		<SIGNATURE_THRESHOLD_SAM>0.0</SIGNATURE_THRESHOLD_SAM>
	</signature>
	<signature ID="20220209_170325097330_856">
		<MACROCLASSID>1</MACROCLASSID>
		<MACROCLASSINFO>Waterbody</MACROCLASSINFO>
		<CLASSID>5</CLASSID>
		<CLASSINFO>C 1</CLASSINFO>
		<VALUES>[0.08622101695612583, 0.0016750637369515385, 0.09996374458277309, 0.002424669904891702, 0.06682359734486763, 0.002179562926878366, 0.05466091032234994, 0.004573432256248475, 0.013150961611492762, 0.004862064674292531, 0.008262109233947082, 0.004094976073267692]</VALUES>
		<LCS_MIN>[0.0817742645740509, 0.09325667470693588, 0.059141840785741806, 0.03810424730181694, 0.0, 0.0]</LCS_MIN>
		<LCS_MAX>[0.09254539012908936, 0.10789570212364197, 0.07536040246486664, 0.07865399122238159, 0.03682306036353111, 0.030342597514390945]</LCS_MAX>
		<WAVELENGTH>[0.485, 0.56, 0.66, 0.83, 1.65, 2.215]</WAVELENGTH>
		<MEAN_VALUE>[0.08622101695612583, 0.09996374458277309, 0.06682359734486763, 0.05466091032234994, 0.013150961611492762, 0.008262109233947082]</MEAN_VALUE>
		<CHECKBOX>2</CHECKBOX>
		<SD>[0.0016750637369515385, 0.002424669904891702, 0.002179562926878366, 0.004573432256248475, 0.004862064674292531, 0.004094976073267692]</SD>
		<WAVELENGTH_UNIT>E-6m</WAVELENGTH_UNIT>
		<COLOR>#a3b2e7</COLOR>
		<COVARIANCE_MATRIX>[[2.810618525472819e-06, 1.62672120040952e-06, 1.6253599142146413e-06, 2.4636403850308852e-06, 2.2594490474148188e-06, 1.8312113070351188e-06], [1.62672120040952e-06, 5.88903958487208e-06, 2.535305611672811e-06, 3.2218490559898783e-06, 2.4591256533312844e-06, 1.3525217354981578e-06], [1.6253599142146413e-06, 2.535305611672811e-06, 4.758587238029577e-06, 4.4140870159026235e-06, 3.5866712551069213e-06, 2.6989168873114977e-06], [2.4636403850308852e-06, 3.2218490559898783e-06, 4.4140870159026235e-06, 2.0951914848410524e-05, 1.2921458619530313e-05, 8.684854037710465e-06], [2.2594490474148188e-06, 2.4591256533312844e-06, 3.5866712551069213e-06, 1.2921458619530313e-05, 2.3679944206378423e-05, 1.398463973600883e-05], [1.8312113070351188e-06, 1.3525217354981578e-06, 2.6989168873114977e-06, 8.684854037710465e-06, 1.398463973600883e-05, 1.679739580140449e-05]]</COVARIANCE_MATRIX>
		<ROI_SIZE>588</ROI_SIZE>
		<MAX_VALUE>[0.09254539012908936, 0.10789570212364197, 0.07536040246486664, 0.07865399122238159, 0.03682306036353111, 0.030342597514390945]</MAX_VALUE>
		<MIN_VALUE>[0.0817742645740509, 0.09325667470693588, 0.059141840785741806, 0.03810424730181694, 0.0, 0.0]</MIN_VALUE>
		<SIGNATURE_THRESHOLD_MD>0.0</SIGNATURE_THRESHOLD_MD>
		<SIGNATURE_THRESHOLD_ML>0.0</SIGNATURE_THRESHOLD_ML>
		<SIGNATURE_THRESHOLD_SAM>0.0</SIGNATURE_THRESHOLD_SAM>
	</signature>
	<signature ID="20220209_170334097003_884">
		<MACROCLASSID>1</MACROCLASSID>
		<MACROCLASSINFO>Waterbody</MACROCLASSINFO>
		<CLASSID>6</CLASSID>
		<CLASSINFO>C 1</CLASSINFO>
		<VALUES>[0.12031981548157349, 0.00265450676317245, 0.13439807010354934, 0.00288231205109971, 0.15083635801618764, 0.0037097810785475184, 0.11861129073643842, 0.006183052993538245, 0.013661618078393606, 0.00483160787441954, 0.00908048154390115, 0.0033825520291245114]</VALUES>
		<LCS_MIN>[0.10870208591222763, 0.1166791245341301, 0.1267191469669342, 0.0921705812215805, 0.006364948581904173, 0.0]</LCS_MIN>
		<LCS_MAX>[0.12889796495437622, 0.14595721662044525, 0.16185936331748962, 0.14623691141605377, 0.04334980621933937, 0.02409394271671772]</LCS_MAX>
		<WAVELENGTH>[0.485, 0.56, 0.66, 0.83, 1.65, 2.215]</WAVELENGTH>
		<MEAN_VALUE>[0.12031981548157349, 0.13439807010354934, 0.15083635801618764, 0.11861129073643842, 0.013661618078393606, 0.00908048154390115]</MEAN_VALUE>
		<CHECKBOX>2</CHECKBOX>
		<SD>[0.00265450676317245, 0.00288231205109971, 0.0037097810785475184, 0.006183052993538245, 0.00483160787441954, 0.0033825520291245114]</SD>
		<WAVELENGTH_UNIT>E-6m</WAVELENGTH_UNIT>
		<COLOR>#4d5cb3</COLOR>
		<COVARIANCE_MATRIX>[[7.0540404522034805e-06, 5.060157945990795e-06, 6.179813226481201e-06, -3.18000797960849e-06, -2.0822797353048372e-07, 1.342706582363462e-06], [5.060157945990795e-06, 8.316723324242048e-06, 7.045900929369964e-06, -3.6828291740675922e-06, -2.7515900669072835e-08, 1.3968372059025569e-06], [6.179813226481201e-06, 7.045900929369964e-06, 1.3777385902358219e-05, -5.201646217756206e-06, -5.1705037549254484e-06, -8.298576972265437e-07], [-3.18000797960849e-06, -3.6828291740675922e-06, -5.201646217756206e-06, 3.827156251645647e-05, 9.863190825853962e-06, 5.73496299693943e-06], [-2.0822797353048372e-07, -2.7515900669072835e-08, -5.1705037549254484e-06, 9.863190825853962e-06, 2.3369726477540098e-05, 1.0455574738443829e-05], [1.342706582363462e-06, 1.3968372059025569e-06, -8.298576972265437e-07, 5.73496299693943e-06, 1.0455574738443829e-05, 1.145405440183822e-05]]</COVARIANCE_MATRIX>
		<ROI_SIZE>924</ROI_SIZE>
		<MAX_VALUE>[0.12889796495437622, 0.14595721662044525, 0.16185936331748962, 0.14623691141605377, 0.04334980621933937, 0.02409394271671772]</MAX_VALUE>
		<MIN_VALUE>[0.10870208591222763, 0.1166791245341301, 0.1267191469669342, 0.0921705812215805, 0.006364948581904173, 0.0]</MIN_VALUE>
		<SIGNATURE_THRESHOLD_MD>0.0</SIGNATURE_THRESHOLD_MD>
		<SIGNATURE_THRESHOLD_ML>0.0</SIGNATURE_THRESHOLD_ML>
		<SIGNATURE_THRESHOLD_SAM>0.0</SIGNATURE_THRESHOLD_SAM>
	</signature>
	<signature ID="20220209_170340266286_757">
		<MACROCLASSID>1</MACROCLASSID>
		<MACROCLASSINFO>Waterbody</MACROCLASSINFO>
		<CLASSID>7</CLASSID>
		<CLASSINFO>C 1</CLASSINFO>
		<VALUES>[0.10641423808900936, 0.0022802134808429957, 0.11799444109761624, 0.0037043521701268594, 0.12437173130368832, 0.004956608073066849, 0.1318120224807495, 0.007378598369420301, 0.014057178096670682, 0.005140684041479616, 0.008477382132121809, 0.0034880028847974996]</VALUES>
		<LCS_MIN>[0.09927735477685928, 0.09618447721004486, 0.09968823194503784, 0.11920373886823654, 0.006364948581904173, 0.0]</LCS_MIN>
		<LCS_MAX>[0.11408766359090805, 0.12546254694461823, 0.13482844829559326, 0.1631326526403427, 0.038998644798994064, 0.027218271046876907]</LCS_MAX>
		<WAVELENGTH>[0.485, 0.56, 0.66, 0.83, 1.65, 2.215]</WAVELENGTH>
		<MEAN_VALUE>[0.10641423808900936, 0.11799444109761624, 0.12437173130368832, 0.1318120224807495, 0.014057178096670682, 0.008477382132121809]</MEAN_VALUE>
		<CHECKBOX>2</CHECKBOX>
		<SD>[0.0022802134808429957, 0.0037043521701268594, 0.004956608073066849, 0.007378598369420301, 0.005140684041479616, 0.0034880028847974996]</SD>
		<WAVELENGTH_UNIT>E-6m</WAVELENGTH_UNIT>
		<COLOR>#5b6e05</COLOR>
		<COVARIANCE_MATRIX>[[5.209165010455763e-06, 5.479569608723978e-06, 7.970720616867766e-06, -1.8078053471981548e-06, -3.937098881579004e-06, -1.9304561647004448e-06], [5.479569608723978e-06, 1.3748067431151867e-05, 1.4107614333624952e-05, -3.554159320628969e-06, -6.202167696756078e-06, -3.183718263244373e-06], [7.970720616867766e-06, 1.4107614333624952e-05, 2.461423173372168e-05, -3.1510928693023743e-06, -1.031629835779313e-05, -5.4592346714343876e-06], [-1.8078053471981548e-06, -3.554159320628969e-06, -3.1510928693023743e-06, 5.454624624690041e-05, 1.6899093679967336e-05, 8.957439604273532e-06], [-3.937098881579004e-06, -6.202167696756078e-06, -1.031629835779313e-05, 1.6899093679967336e-05, 2.647640030772891e-05, 1.2524091289378703e-05], [-1.9304561647004448e-06, -3.183718263244373e-06, -5.4592346714343876e-06, 8.957439604273532e-06, 1.2524091289378703e-05, 1.218907618749654e-05]]</COVARIANCE_MATRIX>
		<ROI_SIZE>532</ROI_SIZE>
		<MAX_VALUE>[0.11408766359090805, 0.12546254694461823, 0.13482844829559326, 0.1631326526403427, 0.038998644798994064, 0.027218271046876907]</MAX_VALUE>
		<MIN_VALUE>[0.09927735477685928, 0.09618447721004486, 0.09968823194503784, 0.11920373886823654, 0.006364948581904173, 0.0]</MIN_VALUE>
		<SIGNATURE_THRESHOLD_MD>0.0</SIGNATURE_THRESHOLD_MD>
		<SIGNATURE_THRESHOLD_ML>0.0</SIGNATURE_THRESHOLD_ML>
		<SIGNATURE_THRESHOLD_SAM>0.0</SIGNATURE_THRESHOLD_SAM>
	</signature>
	<signature ID="20220209_170346140811_174">
		<MACROCLASSID>1</MACROCLASSID>
		<MACROCLASSINFO>Waterbody</MACROCLASSINFO>
		<CLASSID>8</CLASSID>
		<CLASSINFO>C 1</CLASSINFO>
		<VALUES>[0.10354555075623326, 0.0035377211664402494, 0.11379659667457499, 0.005949017222327854, 0.11730013273118696, 0.0075972004542901, 0.12655425444245344, 0.009489813778285805, 0.01835306680079588, 0.007630499472960216, 0.011789888522789343, 0.005380058035893074]</VALUES>
		<LCS_MIN>[0.08985260128974915, 0.09325667470693588, 0.09698513895273209, 0.10568716377019882, 0.008540528826415539, 0.0022236478980630636]</LCS_MIN>
		<LCS_MAX>[0.11004848778247833, 0.12253475189208984, 0.1321253478527069, 0.15299519896507263, 0.04117422550916672, 0.030342597514390945]</LCS_MAX>
		<WAVELENGTH>[0.485, 0.56, 0.66, 0.83, 1.65, 2.215]</WAVELENGTH>
		<MEAN_VALUE>[0.10354555075623326, 0.11379659667457499, 0.11730013273118696, 0.12655425444245344, 0.01835306680079588, 0.011789888522789343]</MEAN_VALUE>
		<CHECKBOX>2</CHECKBOX>
		<SD>[0.0035377211664402494, 0.005949017222327854, 0.0075972004542901, 0.009489813778285805, 0.007630499472960216, 0.005380058035893074]</SD>
		<WAVELENGTH_UNIT>E-6m</WAVELENGTH_UNIT>
		<COLOR>#1b9667</COLOR>
		<COVARIANCE_MATRIX>[[1.2580318070831709e-05, 1.8065473341266625e-05, 2.2967755285208113e-05, 3.3996695947280386e-06, -1.3535560356103815e-05, -9.046112609212287e-06], [1.8065473341266625e-05, 3.557417949195951e-05, 3.9343216485576704e-05, -2.3849756871641148e-06, -2.7047391995438375e-05, -1.7260936147067696e-05], [2.2967755285208113e-05, 3.9343216485576704e-05, 5.801651059300639e-05, 1.5877041732892394e-05, -3.385358286323026e-05, -2.2762415028410032e-05], [3.3996695947280386e-06, -2.3849756871641148e-06, 1.5877041732892394e-05, 9.052317909663543e-05, 2.8821687010349706e-05, 1.1919479220523499e-05], [-1.3535560356103815e-05, -2.7047391995438375e-05, -3.385358286323026e-05, 2.8821687010349706e-05, 5.852620233781636e-05, 3.443960667937063e-05], [-9.046112609212287e-06, -1.7260936147067696e-05, -2.2762415028410032e-05, 1.1919479220523499e-05, 3.443960667937063e-05, 2.909499926317949e-05]]</COVARIANCE_MATRIX>
		<ROI_SIZE>194</ROI_SIZE>
		<MAX_VALUE>[0.11004848778247833, 0.12253475189208984, 0.1321253478527069, 0.15299519896507263, 0.04117422550916672, 0.030342597514390945]</MAX_VALUE>
		<MIN_VALUE>[0.08985260128974915, 0.09325667470693588, 0.09698513895273209, 0.10568716377019882, 0.008540528826415539, 0.0022236478980630636]</MIN_VALUE>
		<SIGNATURE_THRESHOLD_MD>0.0</SIGNATURE_THRESHOLD_MD>
		<SIGNATURE_THRESHOLD_ML>0.0</SIGNATURE_THRESHOLD_ML>
		<SIGNATURE_THRESHOLD_SAM>0.0</SIGNATURE_THRESHOLD_SAM>
	</signature>
	<signature ID="20220209_170356085016_168">
		<MACROCLASSID>1</MACROCLASSID>
		<MACROCLASSINFO>Waterbody</MACROCLASSINFO>
		<CLASSID>9</CLASSID>
		<CLASSINFO>C 1</CLASSINFO>
		<VALUES>[0.09610371483223777, 0.002430287631776261, 0.10446599147149496, 0.003463215517619257, 0.09648313788431034, 0.004413174166905772, 0.13817523483719144, 0.009528487422909815, 0.019045471672766975, 0.008473767855768047, 0.012935628625564275, 0.007037349288779046]</VALUES>
		<LCS_MIN>[0.08985260128974915, 0.09325667470693588, 0.08617276698350906, 0.11920373886823654, 0.006364948581904173, 0.0022236478980630636]</LCS_MIN>
		<LCS_MAX>[0.1019701287150383, 0.11082351952791214, 0.10779751092195511, 0.15299519896507263, 0.04334980621933937, 0.03659125417470932]</LCS_MAX>
		<WAVELENGTH>[0.485, 0.56, 0.66, 0.83, 1.65, 2.215]</WAVELENGTH>
		<MEAN_VALUE>[0.09610371483223777, 0.10446599147149496, 0.09648313788431034, 0.13817523483719144, 0.019045471672766975, 0.012935628625564275]</MEAN_VALUE>
		<CHECKBOX>2</CHECKBOX>
		<SD>[0.002430287631776261, 0.003463215517619257, 0.004413174166905772, 0.009528487422909815, 0.008473767855768047, 0.007037349288779046]</SD>
		<WAVELENGTH_UNIT>E-6m</WAVELENGTH_UNIT>
		<COLOR>#9d0d09</COLOR>
		<COVARIANCE_MATRIX>[[5.991896614432335e-06, 4.554080533125671e-06, 6.664732609351631e-06, 9.122846677200869e-06, -1.6677548728694092e-06, -2.4560113160987385e-06], [4.554080533125671e-06, 1.2167685781605542e-05, 9.95246045931708e-06, 1.3674712135980371e-05, -1.0713713891163934e-05, -9.393628715770319e-06], [6.664732609351631e-06, 9.95246045931708e-06, 1.975836858036928e-05, 2.4091070372378454e-05, -7.008249212958617e-06, -6.539460628118832e-06], [9.122846677200869e-06, 1.3674712135980371e-05, 2.4091070372378454e-05, 9.210789721691981e-05, 3.6904122680425644e-05, 2.762888470897451e-05], [-1.6677548728694092e-06, -1.0713713891163934e-05, -7.008249212958617e-06, 3.6904122680425644e-05, 7.284538878593594e-05, 5.301271812641062e-05], [-2.4560113160987385e-06, -9.393628715770319e-06, -6.539460628118832e-06, 2.762888470897451e-05, 5.301271812641062e-05, 5.024202982895076e-05]]</COVARIANCE_MATRIX>
		<ROI_SIZE>70</ROI_SIZE>
		<MAX_VALUE>[0.1019701287150383, 0.11082351952791214, 0.10779751092195511, 0.15299519896507263, 0.04334980621933937, 0.03659125417470932]</MAX_VALUE>
		<MIN_VALUE>[0.08985260128974915, 0.09325667470693588, 0.08617276698350906, 0.11920373886823654, 0.006364948581904173, 0.0022236478980630636]</MIN_VALUE>
		<SIGNATURE_THRESHOLD_MD>0.0</SIGNATURE_THRESHOLD_MD>
		<SIGNATURE_THRESHOLD_ML>0.0</SIGNATURE_THRESHOLD_ML>
		<SIGNATURE_THRESHOLD_SAM>0.0</SIGNATURE_THRESHOLD_SAM>
	</signature>
	<signature ID="20220209_170639978006_771">
		<MACROCLASSID>1</MACROCLASSID>
		<MACROCLASSINFO>Waterbody</MACROCLASSINFO>
		<CLASSID>10</CLASSID>
		<CLASSINFO>C 1</CLASSINFO>
		<VALUES>[0.10467651659491087, 0.002260207217449036, 0.11342600951291092, 0.0024225255738510245, 0.11508766779995928, 0.004234138128643371, 0.08790397809611425, 0.008876757499925095, 0.0148694886487316, 0.004161220462911694, 0.008693215340808634, 0.002954085516102422]</VALUES>
		<LCS_MIN>[0.09927735477685928, 0.10789570212364197, 0.10509441792964935, 0.07189570367336273, 0.006364948581904173, 0.0022236478980630636]</LCS_MIN>
		<LCS_MAX>[0.10870208591222763, 0.11960693448781967, 0.12401606142520905, 0.11244544386863708, 0.03029632568359375, 0.017845286056399345]</LCS_MAX>
		<WAVELENGTH>[0.485, 0.56, 0.66, 0.83, 1.65, 2.215]</WAVELENGTH>
		<MEAN_VALUE>[0.10467651659491087, 0.11342600951291092, 0.11508766779995928, 0.08790397809611425, 0.0148694886487316, 0.008693215340808634]</MEAN_VALUE>
		<CHECKBOX>2</CHECKBOX>
		<SD>[0.002260207217449036, 0.0024225255738510245, 0.004234138128643371, 0.008876757499925095, 0.004161220462911694, 0.002954085516102422]</SD>
		<WAVELENGTH_UNIT>E-6m</WAVELENGTH_UNIT>
		<COLOR>#3778ce</COLOR>
		<COVARIANCE_MATRIX>[[5.160664386494318e-06, 3.5844284411723493e-06, 6.918729923199862e-06, 3.371647210315132e-07, -3.6438214010559022e-06, -1.2049143833792186e-06], [3.5844284411723493e-06, 5.9285139286657795e-06, 6.5143522078869864e-06, 1.4245711099647451e-06, -4.41977408627281e-06, -1.6075405255833175e-06], [6.918729923199862e-06, 6.5143522078869864e-06, 1.8110864402842708e-05, -2.878079840229475e-06, -7.1245945036935154e-06, -3.7813397284480743e-06], [3.371647210315132e-07, 1.4245711099647451e-06, -2.878079840229475e-06, 7.960087532410398e-05, 3.478057521988376e-07, 5.692294053005753e-06], [-3.6438214010559022e-06, -4.41977408627281e-06, -7.1245945036935154e-06, 3.478057521988376e-07, 1.7492448023403995e-05, 7.396238288492896e-06], [-1.2049143833792186e-06, -1.6075405255833175e-06, -3.7813397284480743e-06, 5.692294053005753e-06, 7.396238288492896e-06, 8.81566847965587e-06]]</COVARIANCE_MATRIX>
		<ROI_SIZE>99</ROI_SIZE>
		<MAX_VALUE>[0.10870208591222763, 0.11960693448781967, 0.12401606142520905, 0.11244544386863708, 0.03029632568359375, 0.017845286056399345]</MAX_VALUE>
		<MIN_VALUE>[0.09927735477685928, 0.10789570212364197, 0.10509441792964935, 0.07189570367336273, 0.006364948581904173, 0.0022236478980630636]</MIN_VALUE>
		<SIGNATURE_THRESHOLD_MD>0.0</SIGNATURE_THRESHOLD_MD>
		<SIGNATURE_THRESHOLD_ML>0.0</SIGNATURE_THRESHOLD_ML>
		<SIGNATURE_THRESHOLD_SAM>0.0</SIGNATURE_THRESHOLD_SAM>
	</signature>
	<signature ID="20220209_170734073720_464">
		<MACROCLASSID>1</MACROCLASSID>
		<MACROCLASSINFO>Waterbody</MACROCLASSINFO>
		<CLASSID>11</CLASSID>
		<CLASSINFO>C 1</CLASSINFO>
		<VALUES>[0.09138343396456272, 0.0015650012275438357, 0.1051283278183578, 0.0024895361423445178, 0.08813528655326529, 0.001858824538082141, 0.03884488114551322, 0.00738316577202854, 0.015708021605897647, 0.004932037543964909, 0.009585077523521767, 0.00396786312869921]</VALUES>
		<LCS_MIN>[0.08715982735157013, 0.09618447721004486, 0.08076658099889755, 0.021208515390753746, 0.004189369734376669, 0.0022236478980630636]</LCS_MIN>
		<LCS_MAX>[0.09523818641901016, 0.10789570212364197, 0.09157895296812057, 0.06513740867376328, 0.0324719101190567, 0.02409394271671772]</LCS_MAX>
		<WAVELENGTH>[0.485, 0.56, 0.66, 0.83, 1.65, 2.215]</WAVELENGTH>
		<MEAN_VALUE>[0.09138343396456272, 0.1051283278183578, 0.08813528655326529, 0.03884488114551322, 0.015708021605897647, 0.009585077523521767]</MEAN_VALUE>
		<CHECKBOX>2</CHECKBOX>
		<SD>[0.0015650012275438357, 0.0024895361423445178, 0.001858824538082141, 0.00738316577202854, 0.004932037543964909, 0.00396786312869921]</SD>
		<WAVELENGTH_UNIT>E-6m</WAVELENGTH_UNIT>
		<COLOR>#baa0e7</COLOR>
		<COVARIANCE_MATRIX>[[2.466120122335269e-06, 1.112018935600645e-06, 7.399173114208679e-07, -3.3379853903170442e-06, -2.1391183508967515e-06, -1.3960963087811251e-06], [1.112018935600645e-06, 6.240533366508316e-06, 1.1020720194210298e-06, -9.467265044804662e-06, -5.243168743618298e-06, -4.154145244683605e-06], [7.399173114208679e-07, 1.1020720194210298e-06, 3.4790577956300694e-06, -2.9753923627140466e-06, -1.306720037064224e-06, -3.933449193027627e-07], [-3.3379853903170442e-06, -9.467265044804662e-06, -2.9753923627140466e-06, 5.4887073929421604e-05, 2.5328819901915267e-05, 1.5771007383591495e-05], [-2.1391183508967515e-06, -5.243168743618298e-06, -1.306720037064224e-06, 2.5328819901915267e-05, 2.4492752345395274e-05, 1.165770572697511e-05], [-1.3960963087811251e-06, -4.154145244683605e-06, -3.933449193027627e-07, 1.5771007383591495e-05, 1.165770572697511e-05, 1.5852516298764385e-05]]</COVARIANCE_MATRIX>
		<ROI_SIZE>146</ROI_SIZE>
		<MAX_VALUE>[0.09523818641901016, 0.10789570212364197, 0.09157895296812057, 0.06513740867376328, 0.0324719101190567, 0.02409394271671772]</MAX_VALUE>
		<MIN_VALUE>[0.08715982735157013, 0.09618447721004486, 0.08076658099889755, 0.021208515390753746, 0.004189369734376669, 0.0022236478980630636]</MIN_VALUE>
		<SIGNATURE_THRESHOLD_MD>0.0</SIGNATURE_THRESHOLD_MD>
		<SIGNATURE_THRESHOLD_ML>0.0</SIGNATURE_THRESHOLD_ML>
		<SIGNATURE_THRESHOLD_SAM>0.0</SIGNATURE_THRESHOLD_SAM>
	</signature>
	<signature ID="20220209_170739599396_906">
		<MACROCLASSID>1</MACROCLASSID>
		<MACROCLASSINFO>Waterbody</MACROCLASSINFO>
		<CLASSID>12</CLASSID>
		<CLASSINFO>C 1</CLASSINFO>
		<VALUES>[0.08482970639762252, 0.002434401038492763, 0.08675537250860782, 0.0035920666044550976, 0.0775834000214733, 0.004495260316117726, 0.04041958685732296, 0.005879280411293714, 0.01288802619013772, 0.005028248286208578, 0.008391226013112669, 0.0037996631780123752]</VALUES>
		<LCS_MIN>[0.07369591295719147, 0.06397861987352371, 0.05373566225171089, 0.021208515390753746, 0.004189369734376669, 0.0]</LCS_MIN>
		<LCS_MAX>[0.09254539012908936, 0.09618447721004486, 0.08887585997581482, 0.0685165524482727, 0.038998644798994064, 0.033466923981904984]</LCS_MAX>
		<WAVELENGTH>[0.485, 0.56, 0.66, 0.83, 1.65, 2.215]</WAVELENGTH>
		<MEAN_VALUE>[0.08482970639762252, 0.08675537250860782, 0.0775834000214733, 0.04041958685732296, 0.01288802619013772, 0.008391226013112669]</MEAN_VALUE>
		<CHECKBOX>2</CHECKBOX>
		<SD>[0.002434401038492763, 0.0035920666044550976, 0.004495260316117726, 0.005879280411293714, 0.005028248286208578, 0.0037996631780123752]</SD>
		<WAVELENGTH_UNIT>E-6m</WAVELENGTH_UNIT>
		<COLOR>#8637ef</COLOR>
		<COVARIANCE_MATRIX>[[5.931301075179363e-06, 5.9729813983722124e-06, 7.3764526860031765e-06, 1.3673559351445874e-06, 5.26956171142956e-07, 1.044891178025864e-06], [5.9729813983722124e-06, 1.2913812497572508e-05, 1.265104492631508e-05, 1.2295460010136594e-06, 6.737730586792168e-07, 1.5238642845361028e-06], [7.3764526860031765e-06, 1.265104492631508e-05, 2.022439002757892e-05, 3.174816356477095e-06, 1.994834065044415e-06, 2.441822289256379e-06], [1.3673559351445874e-06, 1.2295460010136594e-06, 3.174816356477095e-06, 3.4595057513797656e-05, 1.985223570954986e-05, 1.2654993042815477e-05], [5.26956171142956e-07, 6.737730586792168e-07, 1.994834065044415e-06, 1.985223570954986e-05, 2.530458186811302e-05, 1.3130779734638054e-05], [1.044891178025864e-06, 1.5238642845361028e-06, 2.441822289256379e-06, 1.2654993042815477e-05, 1.3130779734638054e-05, 1.444960344088031e-05]]</COVARIANCE_MATRIX>
		<ROI_SIZE>1188</ROI_SIZE>
		<MAX_VALUE>[0.09254539012908936, 0.09618447721004486, 0.08887585997581482, 0.0685165524482727, 0.038998644798994064, 0.033466923981904984]</MAX_VALUE>
		<MIN_VALUE>[0.07369591295719147, 0.06397861987352371, 0.05373566225171089, 0.021208515390753746, 0.004189369734376669, 0.0]</MIN_VALUE>
		<SIGNATURE_THRESHOLD_MD>0.0</SIGNATURE_THRESHOLD_MD>
		<SIGNATURE_THRESHOLD_ML>0.0</SIGNATURE_THRESHOLD_ML>
		<SIGNATURE_THRESHOLD_SAM>0.0</SIGNATURE_THRESHOLD_SAM>
	</signature>
	<signature ID="20220209_170833940776_298">
		<MACROCLASSID>1</MACROCLASSID>
		<MACROCLASSINFO>Waterbody</MACROCLASSINFO>
		<CLASSID>13</CLASSID>
		<CLASSINFO>C 1</CLASSINFO>
		<VALUES>[0.08449712824388587, 0.0026547385299979568, 0.08727021511207081, 0.004363771544116117, 0.07240059226751329, 0.0048799131822496915, 0.07151814300421228, 0.011462761646449283, 0.01913888444447651, 0.007319358215351747, 0.011875900520563294, 0.0049788652378548355]</VALUES>
		<LCS_MIN>[0.07638869434595108, 0.07568984478712082, 0.06184493750333786, 0.05162082612514496, 0.008540528826415539, 0.0022236478980630636]</LCS_MIN>
		<LCS_MAX>[0.09254539012908936, 0.09618447721004486, 0.08617276698350906, 0.0921705812215805, 0.045525383204221725, 0.027218271046876907]</LCS_MAX>
		<WAVELENGTH>[0.485, 0.56, 0.66, 0.83, 1.65, 2.215]</WAVELENGTH>
		<MEAN_VALUE>[0.08449712824388587, 0.08727021511207081, 0.07240059226751329, 0.07151814300421228, 0.01913888444447651, 0.011875900520563294]</MEAN_VALUE>
		<CHECKBOX>2</CHECKBOX>
		<SD>[0.0026547385299979568, 0.004363771544116117, 0.0048799131822496915, 0.011462761646449283, 0.007319358215351747, 0.0049788652378548355]</SD>
		<WAVELENGTH_UNIT>E-6m</WAVELENGTH_UNIT>
		<COLOR>#1e46ad</COLOR>
		<COVARIANCE_MATRIX>[[7.087230187607929e-06, 7.223527518362971e-06, 9.413014595338609e-06, 4.535520929493941e-06, -1.4067651363802725e-06, 1.2677014638029505e-06], [7.223527518362971e-06, 1.9149481886415742e-05, 1.4594013009627815e-05, -8.942703971115407e-06, -1.320555111306021e-05, -5.461985892907251e-06], [9.413014595338609e-06, 1.4594013009627815e-05, 2.3947337467689067e-05, 1.160243664344307e-05, -2.8804126941395225e-06, 1.6378049849663512e-06], [4.535520929493941e-06, -8.942703971115407e-06, 1.160243664344307e-05, 0.0001321330782957375, 6.680168735329062e-05, 4.435287701198831e-05], [-1.4067651363802725e-06, -1.320555111306021e-05, -2.8804126941395225e-06, 6.680168735329062e-05, 5.387397686718032e-05, 3.058964284718968e-05], [1.2677014638029505e-06, -5.461985892907251e-06, 1.6378049849663512e-06, 4.435287701198831e-05, 3.058964284718968e-05, 2.4928363927756436e-05]]</COVARIANCE_MATRIX>
		<ROI_SIZE>179</ROI_SIZE>
		<MAX_VALUE>[0.09254539012908936, 0.09618447721004486, 0.08617276698350906, 0.0921705812215805, 0.045525383204221725, 0.027218271046876907]</MAX_VALUE>
		<MIN_VALUE>[0.07638869434595108, 0.07568984478712082, 0.06184493750333786, 0.05162082612514496, 0.008540528826415539, 0.0022236478980630636]</MIN_VALUE>
		<SIGNATURE_THRESHOLD_MD>0.0</SIGNATURE_THRESHOLD_MD>
		<SIGNATURE_THRESHOLD_ML>0.0</SIGNATURE_THRESHOLD_ML>
		<SIGNATURE_THRESHOLD_SAM>0.0</SIGNATURE_THRESHOLD_SAM>
	</signature>
	<signature ID="20220209_170847114434_169">
		<MACROCLASSID>1</MACROCLASSID>
		<MACROCLASSINFO>Waterbody</MACROCLASSINFO>
		<CLASSID>14</CLASSID>
		<CLASSINFO>C 1</CLASSINFO>
		<VALUES>[0.148239578502918, 0.0033378509647995313, 0.1655712109391708, 0.003920311541476768, 0.19019355968339366, 0.004860265830530368, 0.1588332849122318, 0.0033135559649957445, 0.014893659353869477, 0.004592033766534529, 0.010410824694320454, 0.00428464594420314]</VALUES>
		<LCS_MIN>[0.13159075379371643, 0.14302939176559448, 0.16185936331748962, 0.14623691141605377, 0.004189369734376669, 0.0]</LCS_MIN>
		<LCS_MAX>[0.15717218816280365, 0.17523527145385742, 0.199702650308609, 0.18002837896347046, 0.04334980621933937, 0.03971558064222336]</LCS_MAX>
		<WAVELENGTH>[0.485, 0.56, 0.66, 0.83, 1.65, 2.215]</WAVELENGTH>
		<MEAN_VALUE>[0.148239578502918, 0.1655712109391708, 0.19019355968339366, 0.1588332849122318, 0.014893659353869477, 0.010410824694320454]</MEAN_VALUE>
		<CHECKBOX>2</CHECKBOX>
		<SD>[0.0033378509647995313, 0.003920311541476768, 0.004860265830530368, 0.0033135559649957445, 0.004592033766534529, 0.00428464594420314]</SD>
		<WAVELENGTH_UNIT>E-6m</WAVELENGTH_UNIT>
		<COLOR>#e29525</COLOR>
		<COVARIANCE_MATRIX>[[1.1147470104333479e-05, 1.0003532224800438e-05, 1.274956412089523e-05, 3.138199190289015e-06, -3.4848176255763974e-06, -2.091989699692931e-06], [1.0003532224800438e-05, 1.537742355139926e-05, 1.5080938283063006e-05, 3.3487592645542463e-06, -4.3318459574948065e-06, -2.9645445920323255e-06], [1.274956412089523e-05, 1.5080938283063006e-05, 2.363537350902334e-05, 2.974782546516508e-06, -6.944830602151342e-06, -4.595918198901927e-06], [3.138199190289015e-06, 3.3487592645542463e-06, 2.974782546516508e-06, 1.0985783774231095e-05, 5.7017327890207525e-06, 4.722950052382657e-06], [-3.4848176255763974e-06, -4.3318459574948065e-06, -6.944830602151342e-06, 5.7017327890207525e-06, 2.1098547222209163e-05, 1.4100291082286276e-05], [-2.091989699692931e-06, -2.9645445920323255e-06, -4.595918198901927e-06, 4.722950052382657e-06, 1.4100291082286276e-05, 1.8368440578342415e-05]]</COVARIANCE_MATRIX>
		<ROI_SIZE>1792</ROI_SIZE>
		<MAX_VALUE>[0.15717218816280365, 0.17523527145385742, 0.199702650308609, 0.18002837896347046, 0.04334980621933937, 0.03971558064222336]</MAX_VALUE>
		<MIN_VALUE>[0.13159075379371643, 0.14302939176559448, 0.16185936331748962, 0.14623691141605377, 0.004189369734376669, 0.0]</MIN_VALUE>
		<SIGNATURE_THRESHOLD_MD>0.0</SIGNATURE_THRESHOLD_MD>
		<SIGNATURE_THRESHOLD_ML>0.0</SIGNATURE_THRESHOLD_ML>
		<SIGNATURE_THRESHOLD_SAM>0.0</SIGNATURE_THRESHOLD_SAM>
	</signature>
	<signature ID="20220209_170853960213_828">
		<MACROCLASSID>1</MACROCLASSID>
		<MACROCLASSINFO>Waterbody</MACROCLASSINFO>
		<CLASSID>15</CLASSID>
		<CLASSINFO>C 1</CLASSINFO>
		<VALUES>[0.11349231161836047, 0.00321515303355491, 0.12416794222025647, 0.004973922578476615, 0.1325298858945873, 0.007575969187322372, 0.12304263480869279, 0.01215904568238325, 0.022126802598081887, 0.0077370865393497695, 0.013126913983957702, 0.00524787029944642]</VALUES>
		<LCS_MIN>[0.103316530585289, 0.11082351952791214, 0.11050060391426086, 0.0921705812215805, 0.008540528826415539, 0.005347975064069033]</LCS_MIN>
		<LCS_MAX>[0.11947322636842728, 0.13424597680568695, 0.14293770492076874, 0.14623691141605377, 0.04334980621933937, 0.03659125417470932]</LCS_MAX>
		<WAVELENGTH>[0.485, 0.56, 0.66, 0.83, 1.65, 2.215]</WAVELENGTH>
		<MEAN_VALUE>[0.11349231161836047, 0.12416794222025647, 0.1325298858945873, 0.12304263480869279, 0.022126802598081887, 0.013126913983957702]</MEAN_VALUE>
		<CHECKBOX>2</CHECKBOX>
		<SD>[0.00321515303355491, 0.004973922578476615, 0.007575969187322372, 0.01215904568238325, 0.0077370865393497695, 0.00524787029944642]</SD>
		<WAVELENGTH_UNIT>E-6m</WAVELENGTH_UNIT>
		<COLOR>#de1a5e</COLOR>
		<COVARIANCE_MATRIX>[[1.0408011803519912e-05, 1.3101892363920342e-05, 2.1455825844896026e-05, -1.823465572670102e-05, -1.8379252651357092e-05, -8.53309302328853e-06], [1.3101892363920342e-05, 2.4909357307478786e-05, 3.245487459935248e-05, -2.935223892563954e-05, -2.356263757974375e-05, -1.178910861199256e-05], [2.1455825844896026e-05, 3.245487459935248e-05, 5.778842751169577e-05, -3.12183219648432e-05, -4.569246084429324e-05, -2.3182798031484708e-05], [-1.823465572670102e-05, -2.935223892563954e-05, -3.12183219648432e-05, 0.00014885500422678888, 3.6158897273708135e-05, 7.31827094568871e-06], [-1.8379252651357092e-05, -2.356263757974375e-05, -4.569246084429324e-05, 3.6158897273708135e-05, 6.0272526752669364e-05, 2.944069819932338e-05], [-8.53309302328853e-06, -1.178910861199256e-05, -2.3182798031484708e-05, 7.31827094568871e-06, 2.944069819932338e-05, 2.772877451207023e-05]]</COVARIANCE_MATRIX>
		<ROI_SIZE>147</ROI_SIZE>
		<MAX_VALUE>[0.11947322636842728, 0.13424597680568695, 0.14293770492076874, 0.14623691141605377, 0.04334980621933937, 0.03659125417470932]</MAX_VALUE>
		<MIN_VALUE>[0.103316530585289, 0.11082351952791214, 0.11050060391426086, 0.0921705812215805, 0.008540528826415539, 0.005347975064069033]</MIN_VALUE>
		<SIGNATURE_THRESHOLD_MD>0.0</SIGNATURE_THRESHOLD_MD>
		<SIGNATURE_THRESHOLD_ML>0.0</SIGNATURE_THRESHOLD_ML>
		<SIGNATURE_THRESHOLD_SAM>0.0</SIGNATURE_THRESHOLD_SAM>
	</signature>
	<signature ID="20220209_170909320346_439">
		<MACROCLASSID>1</MACROCLASSID>
		<MACROCLASSINFO>Waterbody</MACROCLASSINFO>
		<CLASSID>16</CLASSID>
		<CLASSINFO>C 1</CLASSINFO>
		<VALUES>[0.11408765546300194, 0.004454390892020434, 0.12178948345509445, 0.006704806652276029, 0.12701403877951883, 0.008788135510142257, 0.13106147240508684, 0.012933752204894892, 0.03393547863445499, 0.017689360903146437, 0.023525881750339813, 0.013108519772698985]</VALUES>
		<LCS_MIN>[0.103316530585289, 0.10789570212364197, 0.10779751092195511, 0.11244544386863708, 0.017242848873138428, 0.011596632190048695]</LCS_MIN>
