<?xml version="1.0" ?>
<signaturelist MCID_LIST="[['1', 'waterbody', '#0000ff'], ['2', 'vegetation', '#00ff00'], ['3', 'bareland', '#ffaa00'], ['4', 'buit-up', '#ff0000']]">
	<signature ID="20220107_163616407140_898">
		<MACROCLASSID>1</MACROCLASSID>
		<MACROCLASSINFO>waterbody</MACROCLASSINFO>
		<CLASSID>1</CLASSID>
		<CLASSINFO>C 1</CLASSINFO>
		<VALUES>[0.12016756050552883, 0.0028467900765365294, 0.13420444687690666, 0.0032998820424094775, 0.1498693495973747, 0.005501651854292009, 0.11841972201700261, 0.010242382820084243, 0.01458894963005392, 0.006249851693494421, 0.009535476370745736, 0.003876920244579452]</VALUES>
		<LCS_MIN>[0.10735569894313812, 0.10789570212364197, 0.10779751092195511, 0.07865399122238159, 0.006364948581904173, 0.0]</LCS_MIN>
		<LCS_MAX>[0.12889796495437622, 0.14595721662044525, 0.16185936331748962, 0.16651177406311035, 0.052052125334739685, 0.030342597514390945]</LCS_MAX>
		<WAVELENGTH>[0.485, 0.56, 0.66, 0.83, 1.65, 2.215]</WAVELENGTH>
		<MEAN_VALUE>[0.12016756050552883, 0.13420444687690666, 0.1498693495973747, 0.11841972201700261, 0.01458894963005392, 0.009535476370745736]</MEAN_VALUE>
		<CHECKBOX>2</CHECKBOX>
		<SD>[0.0028467900765365294, 0.0032998820424094775, 0.005501651854292009, 0.010242382820084243, 0.006249851693494421, 0.003876920244579452]</SD>
		<WAVELENGTH_UNIT>E-6m</WAVELENGTH_UNIT>
		<COLOR>#692a6e</COLOR>
		<COVARIANCE_MATRIX>[[8.112433023578657e-06, 6.57750247352979e-06, 9.141934630163159e-06, -9.103476255896224e-06, -3.689974079134231e-06, -7.890557468925798e-08], [6.57750247352979e-06, 1.0900265329003003e-05, 1.1557376419489394e-05, -1.3157023216848431e-05, -4.819757033641683e-06, -5.7470967388595e-07], [9.141934630163159e-06, 1.1557376419489394e-05, 3.029887107018118e-05, -7.3440671465277834e-06, -2.011480685830375e-05, -8.371576305862112e-06], [-9.103476255896224e-06, -1.3157023216848431e-05, -7.3440671465277834e-06, 0.00010501280178227763, 1.840624629539232e-05, 6.004462809177885e-06], [-3.689974079134231e-06, -4.819757033641683e-06, -2.011480685830375e-05, 1.840624629539232e-05, 3.910026145050338e-05, 1.763005001726948e-05], [-7.890557468925798e-08, -5.7470967388595e-07, -8.371576305862112e-06, 6.004462809177885e-06, 1.763005001726948e-05, 1.5045754508370356e-05]]</COVARIANCE_MATRIX>
		<ROI_SIZE>987</ROI_SIZE>
		<MAX_VALUE>[0.12889796495437622, 0.14595721662044525, 0.16185936331748962, 0.16651177406311035, 0.052052125334739685, 0.030342597514390945]</MAX_VALUE>
		<MIN_VALUE>[0.10735569894313812, 0.10789570212364197, 0.10779751092195511, 0.07865399122238159, 0.006364948581904173, 0.0]</MIN_VALUE>
		<SIGNATURE_THRESHOLD_MD>0</SIGNATURE_THRESHOLD_MD>
		<SIGNATURE_THRESHOLD_ML>0</SIGNATURE_THRESHOLD_ML>
		<SIGNATURE_THRESHOLD_SAM>0</SIGNATURE_THRESHOLD_SAM>
	</signature>
	<signature ID="20220107_163621404483_748">
		<MACROCLASSID>1</MACROCLASSID>
		<MACROCLASSINFO>waterbody</MACROCLASSINFO>
		<CLASSID>2</CLASSID>
		<CLASSINFO>C 1</CLASSINFO>
		<VALUES>[0.10625300995711776, 0.002444059504526715, 0.11777574507566331, 0.0038854396198980015, 0.12396277463243846, 0.005360921892604706, 0.13339857815841621, 0.010354653418849726, 0.015312898674592597, 0.008133960697608971, 0.009210634615696222, 0.00520872187244174]</VALUES>
		<LCS_MIN>[0.09658457338809967, 0.09618447721004486, 0.09968823194503784, 0.11920373886823654, 0.006364948581904173, 0.0]</LCS_MIN>
		<LCS_MAX>[0.11408766359090805, 0.12546254694461823, 0.13482844829559326, 0.1834075003862381, 0.058578867465257645, 0.03971558064222336]</LCS_MAX>
		<WAVELENGTH>[0.485, 0.56, 0.66, 0.83, 1.65, 2.215]</WAVELENGTH>
		<MEAN_VALUE>[0.10625300995711776, 0.11777574507566331, 0.12396277463243846, 0.13339857815841621, 0.015312898674592597, 0.009210634615696222]</MEAN_VALUE>
		<CHECKBOX>2</CHECKBOX>
		<SD>[0.002444059504526715, 0.0038854396198980015, 0.005360921892604706, 0.010354653418849726, 0.008133960697608971, 0.00520872187244174]</SD>
		<WAVELENGTH_UNIT>E-6m</WAVELENGTH_UNIT>
		<COLOR>#3ef35b</COLOR>
		<COVARIANCE_MATRIX>[[5.984151146876855e-06, 6.455569582130393e-06, 9.715949194279306e-06, -7.6231032696182525e-06, -7.643237673151943e-06, -3.997309691431816e-06], [6.455569582130393e-06, 1.512374452468437e-05, 1.6511979101605464e-05, -1.1064900115029005e-05, -1.1934249653110196e-05, -6.2211349716958e-06], [9.715949194279306e-06, 1.6511979101605464e-05, 2.8791080456990285e-05, -1.731373975595927e-05, -2.0194844843973456e-05, -1.0864252166679198e-05], [-7.6231032696182525e-06, -1.1064900115029005e-05, -1.731373975595927e-05, 0.00010741134086691033, 5.429038856709187e-05, 3.0380389205974033e-05], [-7.643237673151943e-06, -1.1934249653110196e-05, -2.0194844843973456e-05, 5.429038856709187e-05, 6.628009816818315e-05, 3.6354705003145074e-05], [-3.997309691431816e-06, -6.2211349716958e-06, -1.0864252166679198e-05, 3.0380389205974033e-05, 3.6354705003145074e-05, 2.717949231203729e-05]]</COVARIANCE_MATRIX>
		<ROI_SIZE>558</ROI_SIZE>
		<MAX_VALUE>[0.11408766359090805, 0.12546254694461823, 0.13482844829559326, 0.1834075003862381, 0.058578867465257645, 0.03971558064222336]</MAX_VALUE>
		<MIN_VALUE>[0.09658457338809967, 0.09618447721004486, 0.09968823194503784, 0.11920373886823654, 0.006364948581904173, 0.0]</MIN_VALUE>
		<SIGNATURE_THRESHOLD_MD>0</SIGNATURE_THRESHOLD_MD>
		<SIGNATURE_THRESHOLD_ML>0</SIGNATURE_THRESHOLD_ML>
		<SIGNATURE_THRESHOLD_SAM>0</SIGNATURE_THRESHOLD_SAM>
	</signature>
	<signature ID="20220107_163627531355_281">
		<MACROCLASSID>1</MACROCLASSID>
		<MACROCLASSINFO>waterbody</MACROCLASSINFO>
		<CLASSID>3</CLASSID>
		<CLASSINFO>C 1</CLASSINFO>
		<VALUES>[0.10375182453851056, 0.0027703689721185524, 0.11212231599746791, 0.003488580116971252, 0.11159809818841464, 0.007921043369012526, 0.08874061597245081, 0.015185590504846148, 0.016981124461285385, 0.005759365627784738, 0.00917703893448793, 0.0030797656047330067]</VALUES>
		<LCS_MIN>[0.09658457338809967, 0.09911228716373444, 0.08617276698350906, 0.0448625385761261, 0.006364948581904173, 0.0022236478980630636]</LCS_MIN>
		<LCS_MAX>[0.10870208591222763, 0.11960693448781967, 0.12401606142520905, 0.13272032141685486, 0.038998644798994064, 0.017845286056399345]</LCS_MAX>
		<WAVELENGTH>[0.485, 0.56, 0.66, 0.83, 1.65, 2.215]</WAVELENGTH>
		<MEAN_VALUE>[0.10375182453851056, 0.11212231599746791, 0.11159809818841464, 0.08874061597245081, 0.016981124461285385, 0.00917703893448793]</MEAN_VALUE>
		<CHECKBOX>2</CHECKBOX>
		<SD>[0.0027703689721185524, 0.003488580116971252, 0.007921043369012526, 0.015185590504846148, 0.005759365627784738, 0.0030797656047330067]</SD>
		<WAVELENGTH_UNIT>E-6m</WAVELENGTH_UNIT>
		<COLOR>#eac702</COLOR>
		<COVARIANCE_MATRIX>[[7.733087758659587e-06, 7.2545736444175284e-06, 1.7247037943782433e-05, -2.114664982707758e-06, -9.382867104502172e-06, -2.1255701432015225e-06], [7.2545736444175284e-06, 1.2262389650955374e-05, 2.2126303176083073e-05, -4.355591423415491e-06, -1.2927658088644624e-05, -3.416998520524804e-06], [1.7247037943782433e-05, 2.2126303176083073e-05, 6.321825326630579e-05, 3.329820545921257e-07, -2.826806859486295e-05, -8.712810327517052e-06], [-2.114664982707758e-06, -4.355591423415491e-06, 3.329820545921257e-07, 0.00023234914503375884, 2.4491939104900828e-05, 1.3153052507175863e-05], [-9.382867104502172e-06, -1.2927658088644624e-05, -2.826806859486295e-05, 2.4491939104900828e-05, 3.3421582528709125e-05, 1.0072715953308848e-05], [-2.1255701432015225e-06, -3.416998520524804e-06, -8.712810327517052e-06, 1.3153052507175863e-05, 1.0072715953308848e-05, 9.55681190873356e-06]]</COVARIANCE_MATRIX>
		<ROI_SIZE>133</ROI_SIZE>
		<MAX_VALUE>[0.10870208591222763, 0.11960693448781967, 0.12401606142520905, 0.13272032141685486, 0.038998644798994064, 0.017845286056399345]</MAX_VALUE>
		<MIN_VALUE>[0.09658457338809967, 0.09911228716373444, 0.08617276698350906, 0.0448625385761261, 0.006364948581904173, 0.0022236478980630636]</MIN_VALUE>
		<SIGNATURE_THRESHOLD_MD>0</SIGNATURE_THRESHOLD_MD>
		<SIGNATURE_THRESHOLD_ML>0</SIGNATURE_THRESHOLD_ML>
		<SIGNATURE_THRESHOLD_SAM>0</SIGNATURE_THRESHOLD_SAM>
	</signature>
	<signature ID="20220107_163637633096_878">
		<MACROCLASSID>1</MACROCLASSID>
		<MACROCLASSINFO>waterbody</MACROCLASSINFO>
		<CLASSID>4</CLASSID>
		<CLASSINFO>C 1</CLASSINFO>
		<VALUES>[0.09460640887801464, 0.002321163916110597, 0.10656693400098728, 0.003929936363189856, 0.09047692515529121, 0.005048082577804804, 0.0888954022182868, 0.012233603630728071, 0.018983312148170974, 0.007979457873993862, 0.011043865402014205, 0.004862867822479935]</VALUES>
		<LCS_MIN>[0.08715982735157013, 0.09325667470693588, 0.07265730947256088, 0.07189570367336273, 0.006364948581904173, 0.0022236478980630636]</LCS_MIN>
		<LCS_MAX>[0.09927735477685928, 0.11375132203102112, 0.09968823194503784, 0.12934118509292603, 0.05422770231962204, 0.030342597514390945]</LCS_MAX>
		<WAVELENGTH>[0.485, 0.56, 0.66, 0.83, 1.65, 2.215]</WAVELENGTH>
		<MEAN_VALUE>[0.09460640887801464, 0.10656693400098728, 0.09047692515529121, 0.0888954022182868, 0.018983312148170974, 0.011043865402014205]</MEAN_VALUE>
		<CHECKBOX>2</CHECKBOX>
		<SD>[0.002321163916110597, 0.003929936363189856, 0.005048082577804804, 0.012233603630728071, 0.007979457873993862, 0.004862867822479935]</SD>
		<WAVELENGTH_UNIT>E-6m</WAVELENGTH_UNIT>
		<COLOR>#4d18f9</COLOR>
		<COVARIANCE_MATRIX>[[5.429567831852813e-06, 6.396256462048599e-06, 8.97530330334651e-06, -6.987549215983791e-06, -4.477795361557311e-06, -2.1780378827553333e-06], [6.396256462048599e-06, 1.5564123848324397e-05, 1.4352562535309988e-05, -2.4862914664880003e-05, -1.1791309946956997e-05, -6.129379114803107e-06], [8.97530330334651e-06, 1.4352562535309988e-05, 2.5680681415532796e-05, -1.2488242486994026e-05, -6.136088359856998e-06, -1.7268410221805515e-06], [-6.987549215983791e-06, -2.4862914664880003e-05, -1.2488242486994026e-05, 0.0001508212210324743, 7.85766562618941e-05, 3.9505546576338174e-05], [-4.477795361557311e-06, -1.1791309946956997e-05, -6.136088359856998e-06, 7.85766562618941e-05, 6.416532740441507e-05, 3.089838816446258e-05], [-2.1780378827553333e-06, -6.129379114803107e-06, -1.7268410221805515e-06, 3.9505546576338174e-05, 3.089838816446258e-05, 2.3830797284173642e-05]]</COVARIANCE_MATRIX>
		<ROI_SIZE>130</ROI_SIZE>
		<MAX_VALUE>[0.09927735477685928, 0.11375132203102112, 0.09968823194503784, 0.12934118509292603, 0.05422770231962204, 0.030342597514390945]</MAX_VALUE>
		<MIN_VALUE>[0.08715982735157013, 0.09325667470693588, 0.07265730947256088, 0.07189570367336273, 0.006364948581904173, 0.0022236478980630636]</MIN_VALUE>
		<SIGNATURE_THRESHOLD_MD>0</SIGNATURE_THRESHOLD_MD>
		<SIGNATURE_THRESHOLD_ML>0</SIGNATURE_THRESHOLD_ML>
		<SIGNATURE_THRESHOLD_SAM>0</SIGNATURE_THRESHOLD_SAM>
	</signature>
	<signature ID="20220107_163643513536_101">
		<MACROCLASSID>1</MACROCLASSID>
		<MACROCLASSINFO>waterbody</MACROCLASSINFO>
		<CLASSID>5</CLASSID>
		<CLASSINFO>C 1</CLASSINFO>
		<VALUES>[0.0823311992737663, 0.002304371940402121, 0.08057539877163844, 0.0037254987517015736, 0.0725324686661542, 0.0038341279032581875, 0.0714207205128477, 0.014022927897110836, 0.018321900775312, 0.010964269488422116, 0.011609178373073958, 0.00766579398373447]</VALUES>
		<LCS_MIN>[0.07638869434595108, 0.06983422487974167, 0.056438758969306946, 0.05499997362494469, 0.004189369734376669, 0.0022236478980630636]</LCS_MIN>
		<LCS_MAX>[0.09119899570941925, 0.09325667470693588, 0.08617276698350906, 0.11582458764314651, 0.06293002516031265, 0.058461546897888184]</LCS_MAX>
		<WAVELENGTH>[0.485, 0.56, 0.66, 0.83, 1.65, 2.215]</WAVELENGTH>
		<MEAN_VALUE>[0.0823311992737663, 0.08057539877163844, 0.0725324686661542, 0.0714207205128477, 0.018321900775312, 0.011609178373073958]</MEAN_VALUE>
		<CHECKBOX>2</CHECKBOX>
		<SD>[0.002304371940402121, 0.0037254987517015736, 0.0038341279032581875, 0.014022927897110836, 0.010964269488422116, 0.00766579398373447]</SD>
		<WAVELENGTH_UNIT>E-6m</WAVELENGTH_UNIT>
		<COLOR>#e675bf</COLOR>
		<COVARIANCE_MATRIX>[[5.32081440598974e-06, 5.070257235689894e-06, 5.232228376828316e-06, 1.3575319334737892e-05, 9.87097470816902e-06, 7.40739340753508e-06], [5.070257235689894e-06, 1.3907267188263931e-05, 9.862878900980184e-06, 2.336628229632365e-05, 1.2519391076502584e-05, 8.165738304147628e-06], [5.232228376828316e-06, 9.862878900980184e-06, 1.4730115323369064e-05, 1.0673658440014064e-05, 2.122854750549565e-06, 2.7713706581249453e-06], [1.3575319334737892e-05, 2.336628229632365e-05, 1.0673658440014064e-05, 0.0001970381657749886, 0.00013316779793048995, 8.223597293512667e-05], [9.87097470816902e-06, 1.2519391076502584e-05, 2.122854750549565e-06, 0.00013316779793048995, 0.00012045708711577995, 7.559016433282763e-05], [7.40739340753508e-06, 8.165738304147628e-06, 2.7713706581249453e-06, 8.223597293512667e-05, 7.559016433282763e-05, 5.8882635625206565e-05]]</COVARIANCE_MATRIX>
		<ROI_SIZE>498</ROI_SIZE>
		<MAX_VALUE>[0.09119899570941925, 0.09325667470693588, 0.08617276698350906, 0.11582458764314651, 0.06293002516031265, 0.058461546897888184]</MAX_VALUE>
		<MIN_VALUE>[0.07638869434595108, 0.06983422487974167, 0.056438758969306946, 0.05499997362494469, 0.004189369734376669, 0.0022236478980630636]</MIN_VALUE>
		<SIGNATURE_THRESHOLD_MD>0</SIGNATURE_THRESHOLD_MD>
		<SIGNATURE_THRESHOLD_ML>0</SIGNATURE_THRESHOLD_ML>
		<SIGNATURE_THRESHOLD_SAM>0</SIGNATURE_THRESHOLD_SAM>
	</signature>
	<signature ID="20220107_163653699880_950">
		<MACROCLASSID>1</MACROCLASSID>
		<MACROCLASSINFO>waterbody</MACROCLASSINFO>
		<CLASSID>6</CLASSID>
		<CLASSINFO>C 1</CLASSINFO>
		<VALUES>[0.08158454108193054, 0.005095171934260403, 0.08024568488877833, 0.010446855629463602, 0.06933578235859222, 0.014521741895350299, 0.04852327896902957, 0.011590157838359117, 0.011708305235669923, 0.005187027998788026, 0.0070522391117375394, 0.0031246277488180467]</VALUES>
		<LCS_MIN>[0.06965672969818115, 0.05812300369143486, 0.04022020474076271, 0.017829371616244316, 0.004189369734376669, 0.0]</LCS_MIN>
		<LCS_MAX>[0.09254539012908936, 0.10204010456800461, 0.09428205341100693, 0.09554972499608994, 0.045525383204221725, 0.027218271046876907]</LCS_MAX>
		<WAVELENGTH>[0.485, 0.56, 0.66, 0.83, 1.65, 2.215]</WAVELENGTH>
		<MEAN_VALUE>[0.08158454108193054, 0.08024568488877833, 0.06933578235859222, 0.04852327896902957, 0.011708305235669923, 0.0070522391117375394]</MEAN_VALUE>
		<CHECKBOX>2</CHECKBOX>
		<SD>[0.005095171934260403, 0.010446855629463602, 0.014521741895350299, 0.011590157838359117, 0.005187027998788026, 0.0031246277488180467]</SD>
		<WAVELENGTH_UNIT>E-6m</WAVELENGTH_UNIT>
		<COLOR>#51dc22</COLOR>
		<COVARIANCE_MATRIX>[[2.6000171238520883e-05, 5.0167223587445754e-05, 6.938492522740012e-05, 5.721587118146509e-06, -6.97219306229132e-06, -3.1728839101738633e-06], [5.0167223587445754e-05, 0.00010930240224322445, 0.00014530011001187093, 1.3052446713429073e-05, -1.6493250478235896e-05, -7.741258094429544e-06], [6.938492522740012e-05, 0.00014530011001187093, 0.0002112009891739203, 2.94757461387543e-05, -2.2560600182185805e-05, -1.071866035479578e-05], [5.721587118146509e-06, 1.3052446713429073e-05, 2.94757461387543e-05, 0.0001345356005370729, 3.281911355973995e-05, 1.1777262937632432e-05], [-6.97219306229132e-06, -1.6493250478235896e-05, -2.2560600182185805e-05, 3.281911355973995e-05, 2.6946086864551145e-05, 9.699388053016998e-06], [-3.1728839101738633e-06, -7.741258094429544e-06, -1.071866035479578e-05, 1.1777262937632432e-05, 9.699388053016998e-06, 9.778113892763674e-06]]</COVARIANCE_MATRIX>
		<ROI_SIZE>660</ROI_SIZE>
		<MAX_VALUE>[0.09254539012908936, 0.10204010456800461, 0.09428205341100693, 0.09554972499608994, 0.045525383204221725, 0.027218271046876907]</MAX_VALUE>
		<MIN_VALUE>[0.06965672969818115, 0.05812300369143486, 0.04022020474076271, 0.017829371616244316, 0.004189369734376669, 0.0]</MIN_VALUE>
		<SIGNATURE_THRESHOLD_MD>0</SIGNATURE_THRESHOLD_MD>
		<SIGNATURE_THRESHOLD_ML>0</SIGNATURE_THRESHOLD_ML>
		<SIGNATURE_THRESHOLD_SAM>0</SIGNATURE_THRESHOLD_SAM>
	</signature>
	<signature ID="20220107_163658610248_522">
		<MACROCLASSID>1</MACROCLASSID>
		<MACROCLASSINFO>waterbody</MACROCLASSINFO>
		<CLASSID>7</CLASSID>
		<CLASSINFO>C 1</CLASSINFO>
		<VALUES>[0.10004474754117858, 0.0063307028891032395, 0.10725618774268408, 0.011304487227968313, 0.10903373571691251, 0.014392682828598883, 0.13289331878716623, 0.01473892068450711, 0.03451383309025612, 0.02621960644840703, 0.021438796255966414, 0.016288152206794148]</VALUES>
		<LCS_MIN>[0.0790814757347107, 0.0786176472902298, 0.06995421648025513, 0.10568716377019882, 0.008540528826415539, 0.0022236478980630636]</LCS_MIN>
		<LCS_MAX>[0.11004848778247833, 0.12253475189208984, 0.1321253478527069, 0.18678666651248932, 0.09773929417133331, 0.0772075206041336]</LCS_MAX>
		<WAVELENGTH>[0.485, 0.56, 0.66, 0.83, 1.65, 2.215]</WAVELENGTH>
		<MEAN_VALUE>[0.10004474754117858, 0.10725618774268408, 0.10903373571691251, 0.13289331878716623, 0.03451383309025612, 0.021438796255966414]</MEAN_VALUE>
		<CHECKBOX>2</CHECKBOX>
		<SD>[0.0063307028891032395, 0.011304487227968313, 0.014392682828598883, 0.01473892068450711, 0.02621960644840703, 0.016288152206794148]</SD>
		<WAVELENGTH_UNIT>E-6m</WAVELENGTH_UNIT>
		<COLOR>#3dfc49</COLOR>
		<COVARIANCE_MATRIX>[[4.021505180664173e-05, 6.831600527941518e-05, 8.721678947629795e-05, -4.2466799942194357e-05, -0.000131559829389787, -7.923444938759354e-05], [6.831600527941518e-05, 0.00012822907337595366, 0.00015674503674461323, -8.303491491686527e-05, -0.0002502918824949098, -0.000151539927674987], [8.721678947629795e-05, 0.00015674503674461323, 0.00020785873448068846, -8.980427071700991e-05, -0.00031008631724403936, -0.00018747866484479923], [-4.2466799942194357e-05, -8.303491491686527e-05, -8.980427071700991e-05, 0.00021797974110495945, 0.0002626415532135408, 0.00013264732300788526], [-0.000131559829389787, -0.0002502918824949098, -0.00031008631724403936, 0.0002626415532135408, 0.0006898221039610916, 0.0004108992430800523], [-7.923444938759354e-05, -0.000151539927674987, -0.00018747866484479923, 0.00013264732300788526, 0.0004108992430800523, 0.0002662124773196098]]</COVARIANCE_MATRIX>
		<ROI_SIZE>293</ROI_SIZE>
		<MAX_VALUE>[0.11004848778247833, 0.12253475189208984, 0.1321253478527069, 0.18678666651248932, 0.09773929417133331, 0.0772075206041336]</MAX_VALUE>
		<MIN_VALUE>[0.0790814757347107, 0.0786176472902298, 0.06995421648025513, 0.10568716377019882, 0.008540528826415539, 0.0022236478980630636]</MIN_VALUE>
		<SIGNATURE_THRESHOLD_MD>0</SIGNATURE_THRESHOLD_MD>
		<SIGNATURE_THRESHOLD_ML>0</SIGNATURE_THRESHOLD_ML>
		<SIGNATURE_THRESHOLD_SAM>0</SIGNATURE_THRESHOLD_SAM>
	</signature>
	<signature ID="20220107_163719140068_702">
		<MACROCLASSID>1</MACROCLASSID>
		<MACROCLASSINFO>waterbody</MACROCLASSINFO>
		<CLASSID>8</CLASSID>
		<CLASSINFO>C 1</CLASSINFO>
		<VALUES>[0.1313433449432633, 0.005205435566273404, 0.15452034793764394, 0.007203588410093636, 0.16633331626852096, 0.008304690715172121, 0.09342819669553024, 0.006227271631129206, 0.01343351861969823, 0.008474082006702018, 0.009028086168276078, 0.006602073065621295]</VALUES>
		<LCS_MIN>[0.10870208591222763, 0.11960693448781967, 0.12401606142520905, 0.0685165524482727, 0.0, 0.0]</LCS_MIN>
		<LCS_MAX>[0.143708273768425, 0.16937965154647827, 0.18078099191188812, 0.13609947264194489, 0.05422770231962204, 0.05221288651227951]</LCS_MAX>
		<WAVELENGTH>[0.485, 0.56, 0.66, 0.83, 1.65, 2.215]</WAVELENGTH>
		<MEAN_VALUE>[0.1313433449432633, 0.15452034793764394, 0.16633331626852096, 0.09342819669553024, 0.01343351861969823, 0.009028086168276078]</MEAN_VALUE>
		<CHECKBOX>2</CHECKBOX>
		<SD>[0.005205435566273404, 0.007203588410093636, 0.008304690715172121, 0.006227271631129206, 0.008474082006702018, 0.006602073065621295]</SD>
		<WAVELENGTH_UNIT>E-6m</WAVELENGTH_UNIT>
		<COLOR>#bc0756</COLOR>
		<COVARIANCE_MATRIX>[[2.2936338940340013e-05, 2.7839230892461677e-05, 3.2474261707281654e-05, -4.77716784757821e-06, -2.1701504061640854e-05, -1.4521409193697959e-05], [2.7839230892461677e-05, 4.240229043193978e-05, 4.551328976773395e-05, -1.1151854965443667e-05, -3.345691844480595e-05, -2.3418603510802502e-05], [3.2474261707281654e-05, 4.551328976773395e-05, 5.732534539928709e-05, -1.2569668593465656e-05, -3.920938433109058e-05, -2.7314935909702297e-05], [-4.77716784757821e-06, -1.1151854965443667e-05, -1.2569668593465656e-05, 3.527102744441979e-05, 3.1543932223741404e-05, 2.3139864814024907e-05], [-2.1701504061640854e-05, -3.345691844480595e-05, -3.920938433109058e-05, 3.1543932223741404e-05, 6.75589544608469e-05, 4.548200197505878e-05], [-1.4521409193697959e-05, -2.3418603510802502e-05, -2.7314935909702297e-05, 2.3139864814024907e-05, 4.548200197505878e-05, 4.116239186570109e-05]]</COVARIANCE_MATRIX>
		<ROI_SIZE>4667</ROI_SIZE>
		<MAX_VALUE>[0.143708273768425, 0.16937965154647827, 0.18078099191188812, 0.13609947264194489, 0.05422770231962204, 0.05221288651227951]</MAX_VALUE>
		<MIN_VALUE>[0.10870208591222763, 0.11960693448781967, 0.12401606142520905, 0.0685165524482727, 0.0, 0.0]</MIN_VALUE>
		<SIGNATURE_THRESHOLD_MD>0</SIGNATURE_THRESHOLD_MD>
		<SIGNATURE_THRESHOLD_ML>0</SIGNATURE_THRESHOLD_ML>
		<SIGNATURE_THRESHOLD_SAM>0</SIGNATURE_THRESHOLD_SAM>
	</signature>
	<signature ID="20220107_163725534817_497">
		<MACROCLASSID>1</MACROCLASSID>
		<MACROCLASSINFO>waterbody</MACROCLASSINFO>
		<CLASSID>9</CLASSID>
		<CLASSINFO>C 1</CLASSINFO>
		<VALUES>[0.14136343602132942, 0.005107780903526627, 0.15656638248694515, 0.006598479105538712, 0.18684524494443036, 0.009136245859868046, 0.23013653936848216, 0.00751317376371494, 0.018006745749850825, 0.01013187588546845, 0.012498497726414922, 0.00849456507847814]</VALUES>
		<LCS_MIN>[0.11678044497966766, 0.12253475189208984, 0.14293770492076874, 0.19016580283641815, 0.004189369734376669, 0.0]</LCS_MIN>
		<LCS_MAX>[0.15178664028644562, 0.1664518415927887, 0.199702650308609, 0.2442321479320526, 0.06293002516031265, 0.06158586964011192]</LCS_MAX>
		<WAVELENGTH>[0.485, 0.56, 0.66, 0.83, 1.65, 2.215]</WAVELENGTH>
		<MEAN_VALUE>[0.14136343602132942, 0.15656638248694515, 0.18684524494443036, 0.23013653936848216, 0.018006745749850825, 0.012498497726414922]</MEAN_VALUE>
		<CHECKBOX>2</CHECKBOX>
		<SD>[0.005107780903526627, 0.006598479105538712, 0.009136245859868046, 0.00751317376371494, 0.01013187588546845, 0.00849456507847814]</SD>
		<WAVELENGTH_UNIT>E-6m</WAVELENGTH_UNIT>
		<COLOR>#ed9256</COLOR>
		<COVARIANCE_MATRIX>[[2.388566464048906e-05, 2.7028485712814173e-05, 3.6673550230322845e-05, 3.029200905540753e-05, -2.889658958989105e-05, -2.3360436553038314e-05], [2.7028485712814173e-05, 3.831578122648091e-05, 4.798859587405917e-05, 3.950285805249905e-05, -4.0698533266519974e-05, -3.333020141653537e-05], [3.6673550230322845e-05, 4.798859587405917e-05, 7.056083182420704e-05, 5.396127488822159e-05, -5.839393398218619e-05, -4.758613813908288e-05], [3.029200905540753e-05, 3.950285805249905e-05, 5.396127488822159e-05, 5.102434222470637e-05, -4.247639912738265e-05, -3.5152411020179804e-05], [-2.889658958989105e-05, -4.0698533266519974e-05, -5.839393398218619e-05, -4.247639912738265e-05, 9.354908587639846e-05, 7.260602765040313e-05], [-2.3360436553038314e-05, -3.333020141653537e-05, -4.758613813908288e-05, -3.5152411020179804e-05, 7.260602765040313e-05, 6.775482344549757e-05]]</COVARIANCE_MATRIX>
		<ROI_SIZE>2190</ROI_SIZE>
		<MAX_VALUE>[0.15178664028644562, 0.1664518415927887, 0.199702650308609, 0.2442321479320526, 0.06293002516031265, 0.06158586964011192]</MAX_VALUE>
		<MIN_VALUE>[0.11678044497966766, 0.12253475189208984, 0.14293770492076874, 0.19016580283641815, 0.004189369734376669, 0.0]</MIN_VALUE>
		<SIGNATURE_THRESHOLD_MD>0</SIGNATURE_THRESHOLD_MD>
		<SIGNATURE_THRESHOLD_ML>0</SIGNATURE_THRESHOLD_ML>
		<SIGNATURE_THRESHOLD_SAM>0</SIGNATURE_THRESHOLD_SAM>
	</signature>
	<signature ID="20220107_163738302881_185">
		<MACROCLASSID>1</MACROCLASSID>
		<MACROCLASSINFO>waterbody</MACROCLASSINFO>
		<CLASSID>10</CLASSID>
		<CLASSINFO>C 1</CLASSINFO>
		<VALUES>[0.147833253705391, 0.0043305012821700595, 0.16501664113017997, 0.0054598466149389175, 0.1894394406127646, 0.0071598385266027475, 0.1590651539773203, 0.004330848595724154, 0.015579169775127995, 0.006446528873981921, 0.010910614570049873, 0.005558257977575592]</VALUES>
		<LCS_MIN>[0.12081961333751678, 0.1283903568983078, 0.14023461937904358, 0.14623691141605377, 0.004189369734376669, 0.0]</LCS_MIN>
		<LCS_MAX>[0.15717218816280365, 0.17523527145385742, 0.199702650308609, 0.20030322670936584, 0.05640328675508499, 0.05221288651227951]</LCS_MAX>
		<WAVELENGTH>[0.485, 0.56, 0.66, 0.83, 1.65, 2.215]</WAVELENGTH>
		<MEAN_VALUE>[0.147833253705391, 0.16501664113017997, 0.1894394406127646, 0.1590651539773203, 0.015579169775127995, 0.010910614570049873]</MEAN_VALUE>
		<CHECKBOX>2</CHECKBOX>
		<SD>[0.0043305012821700595, 0.0054598466149389175, 0.0071598385266027475, 0.004330848595724154, 0.006446528873981921, 0.005558257977575592]</SD>
		<WAVELENGTH_UNIT>E-6m</WAVELENGTH_UNIT>
		<COLOR>#af1c11</COLOR>
		<COVARIANCE_MATRIX>[[1.876346110493369e-05, 2.044961782593e-05, 2.7251507440750535e-05, -8.582704881031644e-07, -1.4696248341478286e-05, -9.663876223016904e-06], [2.044961782593e-05, 2.9826170249427585e-05, 3.500696160756356e-05, -1.6084639819698244e-06, -1.9602752027368865e-05, -1.3531607523053706e-05], [2.7251507440750535e-05, 3.500696160756356e-05, 5.1291224123607105e-05, -4.216215200681905e-06, -2.746431286902218e-05, -1.8357356106228734e-05], [-8.582704881031644e-07, -1.6084639819698244e-06, -4.216215200681905e-06, 1.8766470948491447e-05, 1.2471675512163162e-05, 8.516829879199637e-06], [-1.4696248341478286e-05, -1.9602752027368865e-05, -2.746431286902218e-05, 1.2471675512163162e-05, 4.1580381789852715e-05, 2.9364799333115626e-05], [-9.663876223016904e-06, -1.3531607523053706e-05, -1.8357356106228734e-05, 8.516829879199637e-06, 2.9364799333115626e-05, 3.091106783887684e-05]]</COVARIANCE_MATRIX>
		<ROI_SIZE>1836</ROI_SIZE>
		<MAX_VALUE>[0.15717218816280365, 0.17523527145385742, 0.199702650308609, 0.20030322670936584, 0.05640328675508499, 0.05221288651227951]</MAX_VALUE>
		<MIN_VALUE>[0.12081961333751678, 0.1283903568983078, 0.14023461937904358, 0.14623691141605377, 0.004189369734376669, 0.0]</MIN_VALUE>
		<SIGNATURE_THRESHOLD_MD>0</SIGNATURE_THRESHOLD_MD>
		<SIGNATURE_THRESHOLD_ML>0</SIGNATURE_THRESHOLD_ML>
		<SIGNATURE_THRESHOLD_SAM>0</SIGNATURE_THRESHOLD_SAM>
	</signature>
	<signature ID="20220107_163744291287_802">
		<MACROCLASSID>1</MACROCLASSID>
		<MACROCLASSINFO>waterbody</MACROCLASSINFO>
		<CLASSID>11</CLASSID>
		<CLASSINFO>C 1</CLASSINFO>
		<VALUES>[0.07729438188704629, 0.002443396246534124, 0.06489055505826509, 0.0030519308303321056, 0.04536198845204438, 0.003090080653263022, 0.035461865102902744, 0.005268220991624215, 0.014500191296282838, 0.006174169716231354, 0.010317153187438106, 0.0052456467108345055]</VALUES>
		<LCS_MIN>[0.06831034272909164, 0.055195197463035583, 0.037517111748456955, 0.024587664753198624, 0.006364948581904173, 0.0]</LCS_MIN>
		<LCS_MAX>[0.08715982735157013, 0.0786176472902298, 0.06454803049564362, 0.07527484744787216, 0.05640328675508499, 0.05221288651227951]</LCS_MAX>
		<WAVELENGTH>[0.485, 0.56, 0.66, 0.83, 1.65, 2.215]</WAVELENGTH>
		<MEAN_VALUE>[0.07729438188704629, 0.06489055505826509, 0.04536198845204438, 0.035461865102902744, 0.014500191296282838, 0.010317153187438106]</MEAN_VALUE>
		<CHECKBOX>2</CHECKBOX>
		<SD>[0.002443396246534124, 0.0030519308303321056, 0.003090080653263022, 0.005268220991624215, 0.006174169716231354, 0.0052456467108345055]</SD>
		<WAVELENGTH_UNIT>E-6m</WAVELENGTH_UNIT>
		<COLOR>#931807</COLOR>
		<COVARIANCE_MATRIX>[[5.973449397575749e-06, 5.2083431143279086e-06, 4.356577350256219e-06, 3.797432731517754e-06, 3.4350479376808966e-06, 2.526922034980405e-06], [5.2083431143279086e-06, 9.319374347419796e-06, 5.55483502813404e-06, 5.5645885640923195e-06, 4.895048179259626e-06, 3.5630779051456562e-06], [4.356577350256219e-06, 5.55483502813404e-06, 9.55381910985066e-06, 1.0927150379985759e-05, 1.146366439758448e-05, 9.085769059173458e-06], [3.797432731517754e-06, 5.5645885640923195e-06, 1.0927150379985759e-05, 2.7769326912170546e-05, 2.49528423345739e-05, 1.9822757568677418e-05], [3.4350479376808966e-06, 4.895048179259626e-06, 1.146366439758448e-05, 2.49528423345739e-05, 3.8141213878204494e-05, 2.6447502257843232e-05], [2.526922034980405e-06, 3.5630779051456562e-06, 9.085769059173458e-06, 1.9822757568677418e-05, 2.6447502257843232e-05, 2.7531854143929286e-05]]</COVARIANCE_MATRIX>
		<ROI_SIZE>1830</ROI_SIZE>
		<MAX_VALUE>[0.08715982735157013, 0.0786176472902298, 0.06454803049564362, 0.07527484744787216, 0.05640328675508499, 0.05221288651227951]</MAX_VALUE>
		<MIN_VALUE>[0.06831034272909164, 0.055195197463035583, 0.037517111748456955, 0.024587664753198624, 0.006364948581904173, 0.0]</MIN_VALUE>
		<SIGNATURE_THRESHOLD_MD>0</SIGNATURE_THRESHOLD_MD>
		<SIGNATURE_THRESHOLD_ML>0</SIGNATURE_THRESHOLD_ML>
		<SIGNATURE_THRESHOLD_SAM>0</SIGNATURE_THRESHOLD_SAM>
	</signature>
	<signature ID="20220107_163749930709_989">
		<MACROCLASSID>1</MACROCLASSID>
		<MACROCLASSINFO>waterbody</MACROCLASSINFO>
		<CLASSID>12</CLASSID>
		<CLASSINFO>C 1</CLASSINFO>
		<VALUES>[0.08625776735852601, 0.0017297998645984362, 0.09996198568721708, 0.002478751299366765, 0.0669418181266456, 0.0024443976824256716, 0.05535301930003895, 0.00652219152115403, 0.013931040018472578, 0.007120581409996615, 0.008790649888360537, 0.005364182760714553]</VALUES>
		<LCS_MIN>[0.0817742645740509, 0.09325667470693588, 0.059141840785741806, 0.03810424730181694, 0.0, 0.0]</LCS_MIN>
		<LCS_MAX>[0.09523818641901016, 0.10789570212364197, 0.08346967399120331, 0.09892886877059937, 0.0607544407248497, 0.03971558064222336]</LCS_MAX>
		<WAVELENGTH>[0.485, 0.56, 0.66, 0.83, 1.65, 2.215]</WAVELENGTH>
		<MEAN_VALUE>[0.08625776735852601, 0.09996198568721708, 0.0669418181266456, 0.05535301930003895, 0.013931040018472578, 0.008790649888360537]</MEAN_VALUE>
		<CHECKBOX>2</CHECKBOX>
		<SD>[0.0017297998645984362, 0.002478751299366765, 0.0024443976824256716, 0.00652219152115403, 0.007120581409996615, 0.005364182760714553]</SD>
		<WAVELENGTH_UNIT>E-6m</WAVELENGTH_UNIT>
		<COLOR>#d1f428</COLOR>
		<COVARIANCE_MATRIX>[[2.997178016035876e-06, 1.7958097444180186e-06, 2.0722411123646175e-06, 3.94662949186898e-06, 3.4786756866312356e-06, 2.566439653537908e-06], [1.7958097444180186e-06, 6.154414329700674e-06, 2.9188340734754364e-06, 3.758815422610202e-06, 2.501278980180482e-06, 1.465671506770147e-06], [2.0722411123646175e-06, 2.9188340734754364e-06, 5.9850054119574485e-06, 8.363491671765213e-06, 7.296180801579894e-06, 5.595777408567658e-06], [3.94662949186898e-06, 3.758815422610202e-06, 8.363491671765213e-06, 4.2609644999807204e-05, 3.486032982203873e-05, 2.2385315927360058e-05], [3.4786756866312356e-06, 2.501278980180482e-06, 7.296180801579894e-06, 3.486032982203873e-05, 5.0786903336682405e-05, 3.0312338050143963e-05], [2.566439653537908e-06, 1.465671506770147e-06, 5.595777408567658e-06, 2.2385315927360058e-05, 3.0312338050143963e-05, 2.882225479116172e-05]]</COVARIANCE_MATRIX>
		<ROI_SIZE>603</ROI_SIZE>
		<MAX_VALUE>[0.09523818641901016, 0.10789570212364197, 0.08346967399120331, 0.09892886877059937, 0.0607544407248497, 0.03971558064222336]</MAX_VALUE>
		<MIN_VALUE>[0.0817742645740509, 0.09325667470693588, 0.059141840785741806, 0.03810424730181694, 0.0, 0.0]</MIN_VALUE>
		<SIGNATURE_THRESHOLD_MD>0</SIGNATURE_THRESHOLD_MD>
		<SIGNATURE_THRESHOLD_ML>0</SIGNATURE_THRESHOLD_ML>
		<SIGNATURE_THRESHOLD_SAM>0</SIGNATURE_THRESHOLD_SAM>
	</signature>
	<signature ID="20220107_163755318045_575">
		<MACROCLASSID>1</MACROCLASSID>
		<MACROCLASSINFO>waterbody</MACROCLASSINFO>
		<CLASSID>13</CLASSID>
		<CLASSINFO>C 1</CLASSINFO>
		<VALUES>[0.10791041828071925, 0.005144498900645948, 0.1150973952219073, 0.009221875391120269, 0.11213425827424817, 0.008170669738260996, 0.06817541401553763, 0.012202546686496745, 0.01475265547239296, 0.006768448998753471, 0.008970502622318825, 0.004443856386758253]</VALUES>
		<LCS_MIN>[0.08715982735157013, 0.0786176472902298, 0.07536040246486664, 0.04148339107632637, 0.004189369734376669, 0.0]</LCS_MIN>
		<LCS_MAX>[0.11812682449817657, 0.13131816685199738, 0.12942224740982056, 0.10568716377019882, 0.05422770231962204, 0.03659125417470932]</LCS_MAX>
		<WAVELENGTH>[0.485, 0.56, 0.66, 0.83, 1.65, 2.215]</WAVELENGTH>
		<MEAN_VALUE>[0.10791041828071925, 0.1150973952219073, 0.11213425827424817, 0.06817541401553763, 0.01475265547239296, 0.008970502622318825]</MEAN_VALUE>
		<CHECKBOX>2</CHECKBOX>
		<SD>[0.005144498900645948, 0.009221875391120269, 0.008170669738260996, 0.012202546686496745, 0.006768448998753471, 0.004443856386758253]</SD>
		<WAVELENGTH_UNIT>E-6m</WAVELENGTH_UNIT>
		<COLOR>#a8cf62</COLOR>
		<COVARIANCE_MATRIX>[[2.6502024497406976e-05, 4.4552666575428585e-05, 3.799753486253831e-05, -3.812204891113194e-05, -1.1822078818742318e-05, -6.992845967140194e-06], [4.4552666575428585e-05, 8.515916467160268e-05, 6.784669444819979e-05, -6.707808126866368e-05, -1.8963419026032457e-05, -1.2414176140782747e-05], [3.799753486253831e-05, 6.784669444819979e-05, 6.685104594437306e-05, -5.730397459828457e-05, -2.0871488778829873e-05, -1.178661276635138e-05], [-3.812204891113194e-05, -6.707808126866368e-05, -5.730397459828457e-05, 0.00014910556386787596, 6.140695007494661e-05, 3.366132501614481e-05], [-1.1822078818742318e-05, -1.8963419026032457e-05, -2.0871488778829873e-05, 6.140695007494661e-05, 4.587448641409391e-05, 2.2206191085780876e-05], [-6.992845967140194e-06, -1.2414176140782747e-05, -1.178661276635138e-05, 3.366132501614481e-05, 2.2206191085780876e-05, 1.9774837536386437e-05]]</COVARIANCE_MATRIX>
		<ROI_SIZE>733</ROI_SIZE>
		<MAX_VALUE>[0.11812682449817657, 0.13131816685199738, 0.12942224740982056, 0.10568716377019882, 0.05422770231962204, 0.03659125417470932]</MAX_VALUE>
		<MIN_VALUE>[0.08715982735157013, 0.0786176472902298, 0.07536040246486664, 0.04148339107632637, 0.004189369734376669, 0.0]</MIN_VALUE>
		<SIGNATURE_THRESHOLD_MD>0</SIGNATURE_THRESHOLD_MD>
		<SIGNATURE_THRESHOLD_ML>0</SIGNATURE_THRESHOLD_ML>
		<SIGNATURE_THRESHOLD_SAM>0</SIGNATURE_THRESHOLD_SAM>
	</signature>
	<signature ID="20220107_163801317814_779">
		<MACROCLASSID>1</MACROCLASSID>
		<MACROCLASSINFO>waterbody</MACROCLASSINFO>
		<CLASSID>14</CLASSID>
		<CLASSINFO>C 1</CLASSINFO>
		<VALUES>[0.07325271179811314, 0.0016708391889545399, 0.06231393142977261, 0.002074727337206754, 0.038309164949114446, 0.0031048843402034787, 0.03338945310962322, 0.007591436909759686, 0.013447790864757501, 0.006849094174474074, 0.008707762932743961, 0.00469908655247764]</VALUES>
		<LCS_MIN>[0.06965672969818115, 0.055195197463035583, 0.03211092948913574, 0.024587664753198624, 0.004189369734376669, 0.0]</LCS_MIN>
		<LCS_MAX>[0.0817742645740509, 0.07568984478712082, 0.059141840785741806, 0.07865399122238159, 0.05640328675508499, 0.03971558064222336]</LCS_MAX>
		<WAVELENGTH>[0.485, 0.56, 0.66, 0.83, 1.65, 2.215]</WAVELENGTH>
		<MEAN_VALUE>[0.07325271179811314, 0.06231393142977261, 0.038309164949114446, 0.03338945310962322, 0.013447790864757501, 0.008707762932743961]</MEAN_VALUE>
		<CHECKBOX>2</CHECKBOX>
		<SD>[0.0016708391889545399, 0.002074727337206754, 0.0031048843402034787, 0.007591436909759686, 0.006849094174474074, 0.00469908655247764]</SD>
		<WAVELENGTH_UNIT>E-6m</WAVELENGTH_UNIT>
		<COLOR>#6cad26</COLOR>
		<COVARIANCE_MATRIX>[[2.7951888682493104e-06, 1.68749452082703e-06, 2.382463269176867e-06, 4.678307553771752e-06, 3.878078216254866e-06, 2.8053445750773283e-06], [1.68749452082703e-06, 4.3098674232833e-06, 3.108502023712627e-06, 5.789852744017829e-06, 4.8154919907511554e-06, 3.162474845312498e-06], [2.382463269176867e-06, 3.108502023712627e-06, 9.652342105324285e-06, 1.4002109766794762e-05, 1.365526981454726e-05, 8.734499145033375e-06], [4.678307553771752e-06, 5.789852744017829e-06, 1.4002109766794762e-05, 5.770186181348196e-05, 4.221001529060202e-05, 2.6042929717178528e-05], [3.878078216254866e-06, 4.8154919907511554e-06, 1.365526981454726e-05, 4.221001529060202e-05, 4.696865541906794e-05, 2.6301095241996586e-05], [2.8053445750773283e-06, 3.162474845312498e-06, 8.734499145033375e-06, 2.6042929717178528e-05, 2.6301095241996586e-05, 2.210898173657462e-05]]</COVARIANCE_MATRIX>
		<ROI_SIZE>802</ROI_SIZE>
		<MAX_VALUE>[0.0817742645740509, 0.07568984478712082, 0.059141840785741806, 0.07865399122238159, 0.05640328675508499, 0.03971558064222336]</MAX_VALUE>
		<MIN_VALUE>[0.06965672969818115, 0.055195197463035583, 0.03211092948913574, 0.024587664753198624, 0.004189369734376669, 0.0]</MIN_VALUE>
		<SIGNATURE_THRESHOLD_MD>0</SIGNATURE_THRESHOLD_MD>
		<SIGNATURE_THRESHOLD_ML>0</SIGNATURE_THRESHOLD_ML>
		<SIGNATURE_THRESHOLD_SAM>0</SIGNATURE_THRESHOLD_SAM>
	</signature>
	<signature ID="20220107_163806839129_566">
		<MACROCLASSID>1</MACROCLASSID>
		<MACROCLASSINFO>waterbody</MACROCLASSINFO>
		<CLASSID>15</CLASSID>
		<CLASSINFO>C 1</CLASSINFO>
		<VALUES>[0.08833735860092104, 0.009612188325737295, 0.08946560769097443, 0.01816975913135519, 0.06000172035873826, 0.012814592371907942, 0.035979650606806565, 0.007383997461410301, 0.011146165399604844, 0.00486432152460862, 0.007346185151467468, 0.003649221983597375]</VALUES>
		<LCS_MIN>[0.07234952598810196, 0.055195197463035583, 0.04022020474076271, 0.021208515390753746, 0.004189369734376669, 0.0]</LCS_MIN>
		<LCS_MAX>[0.10870208591222763, 0.12253475189208984, 0.08617276698350906, 0.07527484744787216, 0.04770096391439438, 0.03659125417470932]</LCS_MAX>
		<WAVELENGTH>[0.485, 0.56, 0.66, 0.83, 1.65, 2.215]</WAVELENGTH>
		<MEAN_VALUE>[0.08833735860092104, 0.08946560769097443, 0.06000172035873826, 0.035979650606806565, 0.011146165399604844, 0.007346185151467468]</MEAN_VALUE>
		<CHECKBOX>2</CHECKBOX>
		<SD>[0.009612188325737295, 0.01816975913135519, 0.012814592371907942, 0.007383997461410301, 0.00486432152460862, 0.003649221983597375]</SD>
		<WAVELENGTH_UNIT>E-6m</WAVELENGTH_UNIT>
		<COLOR>#1466e1</COLOR>
		<COVARIANCE_MATRIX>[[9.247096753862486e-05, 0.00017179035168265634, 0.00012068788429941361, 3.3848441178003925e-05, 1.6612943684833577e-05, 1.060400831883144e-05], [0.00017179035168265634, 0.00033041457760376095, 0.00022948955536912418, 6.236922921086172e-05, 3.060502190021867e-05, 1.8615660837301978e-05], [0.00012068788429941361, 0.00022948955536912418, 0.0001643502812139871, 4.73852137736573e-05, 2.437518035581166e-05, 1.5063104158417063e-05], [3.3848441178003925e-05, 6.236922921086172e-05, 4.73852137736573e-05, 5.456874138501829e-05, 2.659922576466731e-05, 1.6223845257257874e-05], [1.6612943684833577e-05, 3.060502190021867e-05, 2.437518035581166e-05, 2.659922576466731e-05, 2.368129274256362e-05, 1.165183895283159e-05], [1.060400831883144e-05, 1.8615660837301978e-05, 1.5063104158417063e-05, 1.6223845257257874e-05, 1.165183895283159e-05, 1.3327890762283228e-05]]</COVARIANCE_MATRIX>
		<ROI_SIZE>1204</ROI_SIZE>
		<MAX_VALUE>[0.10870208591222763, 0.12253475189208984, 0.08617276698350906, 0.07527484744787216, 0.04770096391439438, 0.03659125417470932]</MAX_VALUE>
		<MIN_VALUE>[0.07234952598810196, 0.055195197463035583, 0.04022020474076271, 0.021208515390753746, 0.004189369734376669, 0.0]</MIN_VALUE>
		<SIGNATURE_THRESHOLD_MD>0</SIGNATURE_THRESHOLD_MD>
		<SIGNATURE_THRESHOLD_ML>0</SIGNATURE_THRESHOLD_ML>
		<SIGNATURE_THRESHOLD_SAM>0</SIGNATURE_THRESHOLD_SAM>
	</signature>
	<signature ID="20220107_163812889151_431">
		<MACROCLASSID>1</MACROCLASSID>
		<MACROCLASSINFO>waterbody</MACROCLASSINFO>
		<CLASSID>16</CLASSID>
		<CLASSINFO>C 1</CLASSINFO>
		<VALUES>[0.0722460504496018, 0.002263376101163787, 0.060904562519818496, 0.002523595736051529, 0.04154188873015498, 0.0031859438302758755, 0.03375777546727918, 0.006696900235241488, 0.01357299430737778, 0.006091052094147213, 0.00949838769682087, 0.004738232247763128]</VALUES>
		<LCS_MIN>[0.06561756134033203, 0.055195197463035583, 0.0348140187561512, 0.021208515390753746, 0.004189369734376669, 0.0]</LCS_MIN>
		<LCS_MAX>[0.0817742645740509, 0.07568984478712082, 0.059141840785741806, 0.07527484744787216, 0.052052125334739685, 0.03659125417470932]</LCS_MAX>
		<WAVELENGTH>[0.485, 0.56, 0.66, 0.83, 1.65, 2.215]</WAVELENGTH>
