<?xml version="1.0" ?>
<signaturelist MCID_LIST="[['1', 'waterbody', '#000000'], ['2', 'vegetation', '#000000'], ['3', 'bareland', '#000000'], ['4', 'built-up', '#000000']]">
	<signature ID="20210521_105215063385_521">
		<MACROCLASSID>1</MACROCLASSID>
		<MACROCLASSINFO>waterbody</MACROCLASSINFO>
		<CLASSID>1</CLASSID>
		<CLASSINFO>C 1</CLASSINFO>
		<VALUES>[0.12131936138894363, 0.0019668580725399143, 0.10409119408008308, 0.0024980221541064003, 0.07725891716550537, 0.0032675179691222427, 0.08039402973118305, 0.008979096852313224, 0.051501156030198364, 0.010242323148131696, 0.03477201908501475, 0.007649452262121851]</VALUES>
		<LCS_MIN>[0.11414609104394913, 0.09840728342533112, 0.06999555230140686, 0.06991608440876007, 0.03824305906891823, 0.025280622765421867]</LCS_MIN>
		<LCS_MAX>[0.1269850879907608, 0.1132998988032341, 0.10012347251176834, 0.11385630071163177, 0.08876059949398041, 0.06590735167264938]</LCS_MAX>
		<WAVELENGTH>[0.485, 0.56, 0.66, 0.83, 1.65, 2.215]</WAVELENGTH>
		<MEAN_VALUE>[0.12131936138894363, 0.10409119408008308, 0.07725891716550537, 0.08039402973118305, 0.051501156030198364, 0.03477201908501475]</MEAN_VALUE>
		<CHECKBOX>2</CHECKBOX>
		<SD>[0.0019668580725399143, 0.0024980221541064003, 0.0032675179691222427, 0.008979096852313224, 0.010242323148131696, 0.007649452262121851]</SD>
		<WAVELENGTH_UNIT>E-6m</WAVELENGTH_UNIT>
		<COLOR>#c2e201</COLOR>
		<COVARIANCE_MATRIX>[[3.876995733702544e-06, 1.7032576883901147e-06, 1.1081077640858252e-06, -1.8066183199773302e-06, -1.7112625531285955e-06, -4.032816845748537e-07], [1.7032576883901147e-06, 6.253769200310967e-06, 3.100965967970716e-06, 3.829630148409796e-06, 4.933069754379465e-06, 4.735357525937879e-06], [1.1081077640858252e-06, 3.100965967970716e-06, 1.0700036202997476e-05, 1.858046533572541e-05, 2.026538183585299e-05, 1.612208169823931e-05], [-1.8066183199773302e-06, 3.829630148409796e-06, 1.858046533572541e-05, 8.080060080900518e-05, 7.188725711707744e-05, 4.992470010021364e-05], [-1.7112625531285955e-06, 4.933069754379465e-06, 2.026538183585299e-05, 7.188725711707744e-05, 0.00010513473529454147, 7.078269466696708e-05], [-4.032816845748537e-07, 4.735357525937879e-06, 1.612208169823931e-05, 4.992470010021364e-05, 7.078269466696708e-05, 5.8642159560175875e-05]]</COVARIANCE_MATRIX>
		<ROI_SIZE>458</ROI_SIZE>
		<MAX_VALUE>[0.1269850879907608, 0.1132998988032341, 0.10012347251176834, 0.11385630071163177, 0.08876059949398041, 0.06590735167264938]</MAX_VALUE>
		<MIN_VALUE>[0.11414609104394913, 0.09840728342533112, 0.06999555230140686, 0.06991608440876007, 0.03824305906891823, 0.025280622765421867]</MIN_VALUE>
		<SIGNATURE_THRESHOLD_MD>0</SIGNATURE_THRESHOLD_MD>
		<SIGNATURE_THRESHOLD_ML>0</SIGNATURE_THRESHOLD_ML>
		<SIGNATURE_THRESHOLD_SAM>0</SIGNATURE_THRESHOLD_SAM>
	</signature>
	<signature ID="20210521_105221278579_620">
		<MACROCLASSID>1</MACROCLASSID>
		<MACROCLASSINFO>waterbody</MACROCLASSINFO>
		<CLASSID>2</CLASSID>
		<CLASSINFO>C 1</CLASSINFO>
		<VALUES>[0.1308691557340262, 0.003907541042757848, 0.11510203337343798, 0.006156672099854019, 0.08619879937472462, 0.0052809495248063755, 0.08883991433667542, 0.010303195836361743, 0.06544611784590396, 0.01117977827886204, 0.04726441116893992, 0.009169195805805662]</VALUES>
		<LCS_MIN>[0.12127886712551117, 0.10436433553695679, 0.07752751559019089, 0.07619325816631317, 0.05036726966500282, 0.033986348658800125]</LCS_MIN>
		<LCS_MAX>[0.13839752972126007, 0.13117103278636932, 0.10514479130506516, 0.12327204644680023, 0.100884810090065, 0.07751499116420746]</LCS_MAX>
		<WAVELENGTH>[0.485, 0.56, 0.66, 0.83, 1.65, 2.215]</WAVELENGTH>
		<MEAN_VALUE>[0.1308691557340262, 0.11510203337343798, 0.08619879937472462, 0.08883991433667542, 0.06544611784590396, 0.04726441116893992]</MEAN_VALUE>
		<CHECKBOX>2</CHECKBOX>
		<SD>[0.003907541042757848, 0.006156672099854019, 0.0052809495248063755, 0.010303195836361743, 0.01117977827886204, 0.009169195805805662]</SD>
		<WAVELENGTH_UNIT>E-6m</WAVELENGTH_UNIT>
		<COLOR>#3fbb34</COLOR>
		<COVARIANCE_MATRIX>[[1.0877909687347983e-05, 1.2965860916541507e-05, 7.602185409460268e-06, -4.251652814241696e-07, -4.226685871485188e-07, 9.648067889987881e-07], [1.2965860916541507e-05, 2.5432220708838714e-05, 1.562106180993319e-05, 7.817540106643542e-06, 7.78401024965931e-06, 8.484373391406421e-06], [7.602185409460268e-06, 1.562106180993319e-05, 2.178984617393258e-05, 3.398289615914306e-05, 3.3023342678846134e-05, 2.789936889326226e-05], [-4.251652814241696e-07, 7.817540106643542e-06, 3.398289615914306e-05, 0.00010761279940845917, 0.0001004108322820998, 7.889475195125851e-05], [-4.226685871485188e-07, 7.78401024965931e-06, 3.3023342678846134e-05, 0.0001004108322820998, 0.00012284518802181424, 9.140518958865379e-05], [9.648067889987881e-07, 8.484373391406421e-06, 2.789936889326226e-05, 7.889475195125851e-05, 9.140518958865379e-05, 8.373845991051855e-05]]</COVARIANCE_MATRIX>
		<ROI_SIZE>529</ROI_SIZE>
		<MAX_VALUE>[0.13839752972126007, 0.13117103278636932, 0.10514479130506516, 0.12327204644680023, 0.100884810090065, 0.07751499116420746]</MAX_VALUE>
		<MIN_VALUE>[0.12127886712551117, 0.10436433553695679, 0.07752751559019089, 0.07619325816631317, 0.05036726966500282, 0.033986348658800125]</MIN_VALUE>
		<SIGNATURE_THRESHOLD_MD>0</SIGNATURE_THRESHOLD_MD>
		<SIGNATURE_THRESHOLD_ML>0</SIGNATURE_THRESHOLD_ML>
		<SIGNATURE_THRESHOLD_SAM>0</SIGNATURE_THRESHOLD_SAM>
	</signature>
	<signature ID="20210521_105225706440_808">
		<MACROCLASSID>1</MACROCLASSID>
		<MACROCLASSINFO>waterbody</MACROCLASSINFO>
		<CLASSID>3</CLASSID>
		<CLASSINFO>C 1</CLASSINFO>
		<VALUES>[0.13960373897363637, 0.002520079433431646, 0.12934263949051952, 0.0028231879333927923, 0.10248001601436355, 0.0031104302136498348, 0.09741756041156188, 0.009422474917254195, 0.06927383514766643, 0.00986494555707839, 0.04867977722741589, 0.007933001440228404]</VALUES>
		<LCS_MIN>[0.1284116506576538, 0.11925695091485977, 0.09761281311511993, 0.08560901880264282, 0.05642937496304512, 0.033986348658800125]</LCS_MIN>
		<LCS_MAX>[0.14695686101913452, 0.14010658860206604, 0.1227194294333458, 0.12954923510551453, 0.1029055118560791, 0.08041688799858093]</LCS_MAX>
		<WAVELENGTH>[0.485, 0.56, 0.66, 0.83, 1.65, 2.215]</WAVELENGTH>
		<MEAN_VALUE>[0.13960373897363637, 0.12934263949051952, 0.10248001601436355, 0.09741756041156188, 0.06927383514766643, 0.04867977722741589]</MEAN_VALUE>
		<CHECKBOX>2</CHECKBOX>
		<SD>[0.002520079433431646, 0.0028231879333927923, 0.0031104302136498348, 0.009422474917254195, 0.00986494555707839, 0.007933001440228404]</SD>
		<WAVELENGTH_UNIT>E-6m</WAVELENGTH_UNIT>
		<COLOR>#75f4f4</COLOR>
		<COVARIANCE_MATRIX>[[6.3634011451519486e-06, 4.2500162333275534e-06, 2.240002963803347e-06, -5.201687827896833e-06, -5.1372614593033e-06, -3.4584579241685734e-06], [4.2500162333275534e-06, 7.986204373340587e-06, 2.581258590475693e-06, -6.374380644020297e-06, -5.678414980941385e-06, -3.864773202854812e-06], [2.240002963803347e-06, 2.581258590475693e-06, 9.693972098338915e-06, 1.531635377848501e-05, 1.1425483106489415e-05, 1.095696403697975e-05], [-5.201687827896833e-06, -6.374380644020297e-06, 1.531635377848501e-05, 8.895919037891584e-05, 7.536045889899532e-05, 5.680875665105938e-05], [-5.1372614593033e-06, -5.678414980941385e-06, 1.1425483106489415e-05, 7.536045889899532e-05, 9.75102404291289e-05, 7.183959741672808e-05], [-3.4584579241685734e-06, -3.864773202854812e-06, 1.095696403697975e-05, 5.680875665105938e-05, 7.183959741672808e-05, 6.305737794560767e-05]]</COVARIANCE_MATRIX>
		<ROI_SIZE>505</ROI_SIZE>
		<MAX_VALUE>[0.14695686101913452, 0.14010658860206604, 0.1227194294333458, 0.12954923510551453, 0.1029055118560791, 0.08041688799858093]</MAX_VALUE>
		<MIN_VALUE>[0.1284116506576538, 0.11925695091485977, 0.09761281311511993, 0.08560901880264282, 0.05642937496304512, 0.033986348658800125]</MIN_VALUE>
		<SIGNATURE_THRESHOLD_MD>0</SIGNATURE_THRESHOLD_MD>
		<SIGNATURE_THRESHOLD_ML>0</SIGNATURE_THRESHOLD_ML>
		<SIGNATURE_THRESHOLD_SAM>0</SIGNATURE_THRESHOLD_SAM>
	</signature>
	<signature ID="20210521_105232865378_626">
		<MACROCLASSID>1</MACROCLASSID>
		<MACROCLASSINFO>waterbody</MACROCLASSINFO>
		<CLASSID>4</CLASSID>
		<CLASSINFO>C 1</CLASSINFO>
		<VALUES>[0.12014410994721177, 0.002184318774061006, 0.1037663723709005, 0.0029236359784217273, 0.0958249172986005, 0.0035375465423273075, 0.1064734861367579, 0.00643636268195156, 0.046226361872289644, 0.010417324814572004, 0.0314142022592326, 0.008736069141968934]</VALUES>
		<LCS_MIN>[0.11271952837705612, 0.09542877227067947, 0.09008082747459412, 0.09502477198839188, 0.028139550238847733, 0.013672985136508942]</LCS_MIN>
		<LCS_MAX>[0.1284116506576538, 0.1132998988032341, 0.11016612499952316, 0.13268783688545227, 0.07259499281644821, 0.05720162019133568]</LCS_MAX>
		<WAVELENGTH>[0.485, 0.56, 0.66, 0.83, 1.65, 2.215]</WAVELENGTH>
		<MEAN_VALUE>[0.12014410994721177, 0.1037663723709005, 0.0958249172986005, 0.1064734861367579, 0.046226361872289644, 0.0314142022592326]</MEAN_VALUE>
		<CHECKBOX>2</CHECKBOX>
		<SD>[0.002184318774061006, 0.0029236359784217273, 0.0035375465423273075, 0.00643636268195156, 0.010417324814572004, 0.008736069141968934]</SD>
		<WAVELENGTH_UNIT>E-6m</WAVELENGTH_UNIT>
		<COLOR>#c47573</COLOR>
		<COVARIANCE_MATRIX>[[4.13919953250966e-06, 2.32835813211406e-06, 3.0195987842487246e-06, 4.426497680688728e-06, 7.097524205419142e-06, 5.6633044617507215e-06], [2.32835813211406e-06, 7.692869126776731e-06, 5.867684858573059e-06, 9.113058246239926e-06, 1.3527425587311462e-05, 1.1369803596429972e-05], [3.0195987842487246e-06, 5.867684858573059e-06, 1.027026194220756e-05, 1.1376868494258074e-05, 1.796275665935478e-05, 1.4857506194853795e-05], [4.426497680688728e-06, 9.113058246239926e-06, 1.1376868494258074e-05, 4.07439179704653e-05, 5.43426069866547e-05, 4.161180880831996e-05], [7.097524205419142e-06, 1.3527425587311462e-05, 1.796275665935478e-05, 5.43426069866547e-05, 0.00010993270495621506, 8.246345329287075e-05], [5.6633044617507215e-06, 1.1369803596429972e-05, 1.4857506194853795e-05, 4.161180880831996e-05, 8.246345329287075e-05, 7.660427023578068e-05]]</COVARIANCE_MATRIX>
		<ROI_SIZE>476</ROI_SIZE>
		<MAX_VALUE>[0.1284116506576538, 0.1132998988032341, 0.11016612499952316, 0.13268783688545227, 0.07259499281644821, 0.05720162019133568]</MAX_VALUE>
		<MIN_VALUE>[0.11271952837705612, 0.09542877227067947, 0.09008082747459412, 0.09502477198839188, 0.028139550238847733, 0.013672985136508942]</MIN_VALUE>
		<SIGNATURE_THRESHOLD_MD>0</SIGNATURE_THRESHOLD_MD>
		<SIGNATURE_THRESHOLD_ML>0</SIGNATURE_THRESHOLD_ML>
		<SIGNATURE_THRESHOLD_SAM>0</SIGNATURE_THRESHOLD_SAM>
	</signature>
	<signature ID="20210521_105237530558_479">
		<MACROCLASSID>1</MACROCLASSID>
		<MACROCLASSINFO>waterbody</MACROCLASSINFO>
		<CLASSID>5</CLASSID>
		<CLASSINFO>C 1</CLASSINFO>
		<VALUES>[0.12064340412616732, 0.002703869295146123, 0.10311876874078404, 0.0032225621599599992, 0.0945543704385107, 0.004392932002953005, 0.1089772223748944, 0.007553816742276285, 0.055749683691696666, 0.011535154511722908, 0.03884045129472559, 0.009633361938867557]</VALUES>
		<LCS_MIN>[0.11557264626026154, 0.09840728342533112, 0.0850595086812973, 0.09816335886716843, 0.03622235730290413, 0.01947680115699768]</LCS_MIN>
		<LCS_MAX>[0.13269129395484924, 0.11627841740846634, 0.11016612499952316, 0.13896498084068298, 0.08269848674535751, 0.06590735167264938]</LCS_MAX>
		<WAVELENGTH>[0.485, 0.56, 0.66, 0.83, 1.65, 2.215]</WAVELENGTH>
		<MEAN_VALUE>[0.12064340412616732, 0.10311876874078404, 0.0945543704385107, 0.1089772223748944, 0.055749683691696666, 0.03884045129472559]</MEAN_VALUE>
		<CHECKBOX>2</CHECKBOX>
		<SD>[0.002703869295146123, 0.0032225621599599992, 0.004392932002953005, 0.007553816742276285, 0.011535154511722908, 0.009633361938867557]</SD>
		<WAVELENGTH_UNIT>E-6m</WAVELENGTH_UNIT>
		<COLOR>#351059</COLOR>
		<COVARIANCE_MATRIX>[[7.377981726382908e-06, 6.217967868685105e-06, 8.389123995316655e-06, 5.456115114280712e-06, 1.0142621300439321e-05, 1.1392378014441005e-05], [6.217967868685105e-06, 1.0480181249804266e-05, 1.1454725781256823e-05, 8.532815027869314e-06, 1.7091323855554986e-05, 1.6251620578981704e-05], [8.389123995316655e-06, 1.1454725781256823e-05, 1.9474896092500536e-05, 4.749001942726822e-06, 1.3913285808257773e-05, 1.6586393319253042e-05], [5.456115114280712e-06, 8.532815027869314e-06, 4.749001942726822e-06, 5.758363496649806e-05, 6.804611718942055e-05, 4.520828649537915e-05], [1.0142621300439321e-05, 1.7091323855554986e-05, 1.3913285808257773e-05, 6.804611718942055e-05, 0.00013428052162408577, 9.069617628545179e-05], [1.1392378014441005e-05, 1.6251620578981704e-05, 1.6586393319253042e-05, 4.520828649537915e-05, 9.069617628545179e-05, 9.365305364196723e-05]]</COVARIANCE_MATRIX>
		<ROI_SIZE>110</ROI_SIZE>
		<MAX_VALUE>[0.13269129395484924, 0.11627841740846634, 0.11016612499952316, 0.13896498084068298, 0.08269848674535751, 0.06590735167264938]</MAX_VALUE>
		<MIN_VALUE>[0.11557264626026154, 0.09840728342533112, 0.0850595086812973, 0.09816335886716843, 0.03622235730290413, 0.01947680115699768]</MIN_VALUE>
		<SIGNATURE_THRESHOLD_MD>0</SIGNATURE_THRESHOLD_MD>
		<SIGNATURE_THRESHOLD_ML>0</SIGNATURE_THRESHOLD_ML>
		<SIGNATURE_THRESHOLD_SAM>0</SIGNATURE_THRESHOLD_SAM>
	</signature>
	<signature ID="20210521_105248637976_521">
		<MACROCLASSID>1</MACROCLASSID>
		<MACROCLASSINFO>waterbody</MACROCLASSINFO>
		<CLASSID>6</CLASSID>
		<CLASSINFO>C 1</CLASSINFO>
		<VALUES>[0.1256499828245395, 0.003084588356086677, 0.11807317487322366, 0.004457329244597208, 0.09545621849023377, 0.006866606640118283, 0.10391744082936874, 0.018516481222737236, 0.07430481108335346, 0.019110096113463055, 0.05035609353142671, 0.015620172575550356]</VALUES>
		<LCS_MIN>[0.11842576414346695, 0.10734285414218903, 0.0825488418340683, 0.07619325816631317, 0.03824305906891823, 0.025280622765421867]</LCS_MIN>
		<LCS_MAX>[0.13126474618911743, 0.12521399557590485, 0.11769808828830719, 0.14524216949939728, 0.1130090206861496, 0.08912263065576553]</LCS_MAX>
		<WAVELENGTH>[0.485, 0.56, 0.66, 0.83, 1.65, 2.215]</WAVELENGTH>
		<MEAN_VALUE>[0.1256499828245395, 0.11807317487322366, 0.09545621849023377, 0.10391744082936874, 0.07430481108335346, 0.05035609353142671]</MEAN_VALUE>
		<CHECKBOX>2</CHECKBOX>
		<SD>[0.003084588356086677, 0.004457329244597208, 0.006866606640118283, 0.018516481222737236, 0.019110096113463055, 0.015620172575550356]</SD>
		<WAVELENGTH_UNIT>E-6m</WAVELENGTH_UNIT>
		<COLOR>#55a535</COLOR>
		<COVARIANCE_MATRIX>[[9.638252668408179e-06, 1.087018923102846e-05, 1.3409823399772137e-05, -1.600030379881505e-05, -7.570913836605764e-06, 8.05338208962203e-06], [1.087018923102846e-05, 2.0125807163504375e-05, 2.0625060049570493e-05, -2.721544697333456e-05, -8.189293042280912e-06, 1.5476391313040425e-05], [1.3409823399772137e-05, 2.0625060049570493e-05, 4.776262813648164e-05, 3.1605009185666537e-05, 5.3941160270581526e-05, 6.670199518942392e-05], [-1.600030379881505e-05, -2.721544697333456e-05, 3.1605009185666537e-05, 0.00034731280514304545, 0.0002992340465801927, 0.0001863372749640671], [-7.570913836605764e-06, -8.189293042280912e-06, 5.3941160270581526e-05, 0.0002992340465801927, 0.0003699385757185981, 0.00026575556297782365], [8.05338208962203e-06, 1.5476391313040425e-05, 6.670199518942392e-05, 0.0001863372749640671, 0.00026575556297782365, 0.0002471584898781569]]</COVARIANCE_MATRIX>
		<ROI_SIZE>78</ROI_SIZE>
		<MAX_VALUE>[0.13126474618911743, 0.12521399557590485, 0.11769808828830719, 0.14524216949939728, 0.1130090206861496, 0.08912263065576553]</MAX_VALUE>
		<MIN_VALUE>[0.11842576414346695, 0.10734285414218903, 0.0825488418340683, 0.07619325816631317, 0.03824305906891823, 0.025280622765421867]</MIN_VALUE>
		<SIGNATURE_THRESHOLD_MD>0</SIGNATURE_THRESHOLD_MD>
		<SIGNATURE_THRESHOLD_ML>0</SIGNATURE_THRESHOLD_ML>
		<SIGNATURE_THRESHOLD_SAM>0</SIGNATURE_THRESHOLD_SAM>
	</signature>
	<signature ID="20210521_105300234953_816">
		<MACROCLASSID>1</MACROCLASSID>
		<MACROCLASSINFO>waterbody</MACROCLASSINFO>
		<CLASSID>7</CLASSID>
		<CLASSINFO>C 1</CLASSINFO>
		<VALUES>[0.12001544869801714, 0.002197906503628319, 0.10590794774955203, 0.0028207547866453083, 0.10043501609215767, 0.0034200774828468394, 0.10887732465554328, 0.006754772326298079, 0.04920696323044108, 0.011874368718566735, 0.03486186412328501, 0.010748505966046413]</VALUES>
		<LCS_MIN>[0.11414609104394913, 0.09840728342533112, 0.09008082747459412, 0.09502477198839188, 0.03420165181159973, 0.01947680115699768]</LCS_MIN>
		<LCS_MAX>[0.1269850879907608, 0.11627841740846634, 0.11267676949501038, 0.13582640886306763, 0.08269848674535751, 0.06880926340818405]</LCS_MAX>
		<WAVELENGTH>[0.485, 0.56, 0.66, 0.83, 1.65, 2.215]</WAVELENGTH>
		<MEAN_VALUE>[0.12001544869801714, 0.10590794774955203, 0.10043501609215767, 0.10887732465554328, 0.04920696323044108, 0.03486186412328501]</MEAN_VALUE>
		<CHECKBOX>2</CHECKBOX>
		<SD>[0.002197906503628319, 0.0028207547866453083, 0.0034200774828468394, 0.006754772326298079, 0.011874368718566735, 0.010748505966046413]</SD>
		<WAVELENGTH_UNIT>E-6m</WAVELENGTH_UNIT>
		<COLOR>#17f109</COLOR>
		<COVARIANCE_MATRIX>[[4.8425754206397015e-06, 3.084610054508305e-06, 3.984901751228347e-06, 5.247907030091515e-06, 9.821992094696472e-06, 9.065207466244007e-06], [3.084610054508305e-06, 7.976064048251663e-06, 6.995986351121501e-06, 1.0417660592913203e-05, 1.7282584818674266e-05, 1.5046624689745317e-05], [3.984901751228347e-06, 6.995986351121501e-06, 1.1725459086209344e-05, 1.2548405141975917e-05, 2.0630808763659417e-05, 1.895374570695152e-05], [5.247907030091515e-06, 1.0417660592913203e-05, 1.2548405141975917e-05, 4.5738234422025074e-05, 6.278131833618431e-05, 5.237506585554284e-05], [9.821992094696472e-06, 1.7282584818674266e-05, 2.0630808763659417e-05, 6.278131833618431e-05, 0.0001413445364460968, 0.00011442030062183613], [9.065207466244007e-06, 1.5046624689745317e-05, 1.895374570695152e-05, 5.237506585554284e-05, 0.00011442030062183613, 0.00011581216191799412]]</COVARIANCE_MATRIX>
		<ROI_SIZE>411</ROI_SIZE>
		<MAX_VALUE>[0.1269850879907608, 0.11627841740846634, 0.11267676949501038, 0.13582640886306763, 0.08269848674535751, 0.06880926340818405]</MAX_VALUE>
		<MIN_VALUE>[0.11414609104394913, 0.09840728342533112, 0.09008082747459412, 0.09502477198839188, 0.03420165181159973, 0.01947680115699768]</MIN_VALUE>
		<SIGNATURE_THRESHOLD_MD>0</SIGNATURE_THRESHOLD_MD>
		<SIGNATURE_THRESHOLD_ML>0</SIGNATURE_THRESHOLD_ML>
		<SIGNATURE_THRESHOLD_SAM>0</SIGNATURE_THRESHOLD_SAM>
	</signature>
	<signature ID="20210521_105305974493_588">
		<MACROCLASSID>1</MACROCLASSID>
		<MACROCLASSINFO>waterbody</MACROCLASSINFO>
		<CLASSID>8</CLASSID>
		<CLASSINFO>C 1</CLASSINFO>
		<VALUES>[0.11836531193200814, 0.002087978992593489, 0.10460413035826158, 0.0020099681275085822, 0.09754898250734402, 0.0026344582180726247, 0.12369763156620124, 0.00840301044030349, 0.0564379368956059, 0.011485925378460389, 0.03693744308962404, 0.00948248619439851]</VALUES>
		<LCS_MIN>[0.11129297316074371, 0.09840728342533112, 0.09008082747459412, 0.11071771383285522, 0.040263764560222626, 0.02237871289253235]</LCS_MIN>
		<LCS_MAX>[0.12413197755813599, 0.11032138019800186, 0.10514479130506516, 0.15151935815811157, 0.0928020030260086, 0.06880926340818405]</LCS_MAX>
		<WAVELENGTH>[0.485, 0.56, 0.66, 0.83, 1.65, 2.215]</WAVELENGTH>
		<MEAN_VALUE>[0.11836531193200814, 0.10460413035826158, 0.09754898250734402, 0.12369763156620124, 0.0564379368956059, 0.03693744308962404]</MEAN_VALUE>
		<CHECKBOX>2</CHECKBOX>
		<SD>[0.002087978992593489, 0.0020099681275085822, 0.0026344582180726247, 0.00840301044030349, 0.011485925378460389, 0.00948248619439851]</SD>
		<WAVELENGTH_UNIT>E-6m</WAVELENGTH_UNIT>
		<COLOR>#3c2c67</COLOR>
		<COVARIANCE_MATRIX>[[3.937615251102629e-06, 1.2769484646194698e-06, 1.610869435461097e-06, -5.972056052724775e-07, 2.1899601501532967e-06, 2.8023247533160857e-06], [1.2769484646194698e-06, 4.0049103316019125e-06, 2.2608747498553826e-06, 3.2451315659516124e-07, 3.0691719751287912e-06, 3.187900978193446e-06], [1.610869435461097e-06, 2.2608747498553826e-06, 7.122710624053141e-06, -5.279107340503023e-06, -2.2121019882776053e-06, 4.477610072983838e-07], [-5.972056052724775e-07, 3.2451315659516124e-07, -5.279107340503023e-06, 6.805853981755423e-05, 8.191642829891723e-05, 5.901086644736275e-05], [2.1899601501532967e-06, 3.0691719751287912e-06, -2.2121019882776053e-06, 8.191642829891723e-05, 0.00014514633066229276, 0.00010673126531646851], [2.8023247533160857e-06, 3.187900978193446e-06, 4.477610072983838e-07, 5.901086644736275e-05, 0.00010673126531646851, 9.337775419281262e-05]]</COVARIANCE_MATRIX>
		<ROI_SIZE>416</ROI_SIZE>
		<MAX_VALUE>[0.12413197755813599, 0.11032138019800186, 0.10514479130506516, 0.15151935815811157, 0.0928020030260086, 0.06880926340818405]</MAX_VALUE>
		<MIN_VALUE>[0.11129297316074371, 0.09840728342533112, 0.09008082747459412, 0.11071771383285522, 0.040263764560222626, 0.02237871289253235]</MIN_VALUE>
		<SIGNATURE_THRESHOLD_MD>0</SIGNATURE_THRESHOLD_MD>
		<SIGNATURE_THRESHOLD_ML>0</SIGNATURE_THRESHOLD_ML>
		<SIGNATURE_THRESHOLD_SAM>0</SIGNATURE_THRESHOLD_SAM>
	</signature>
	<signature ID="20210521_105310932565_434">
		<MACROCLASSID>1</MACROCLASSID>
		<MACROCLASSINFO>waterbody</MACROCLASSINFO>
		<CLASSID>9</CLASSID>
		<CLASSINFO>C 1</CLASSINFO>
		<VALUES>[0.11826772793770544, 0.001926145006060317, 0.10309801516151006, 0.0025228841849940535, 0.09515477020940377, 0.0029872953800752357, 0.12945526289547282, 0.009241402038084259, 0.06224342920778396, 0.01445353508507787, 0.04045048178156875, 0.010569320511206244]</VALUES>
		<LCS_MIN>[0.11271952837705612, 0.09542877227067947, 0.0850595086812973, 0.11385630071163177, 0.042284462600946426, 0.025280622765421867]</LCS_MIN>
		<LCS_MAX>[0.12413197755813599, 0.11032138019800186, 0.10514479130506516, 0.16407369077205658, 0.100884810090065, 0.06880926340818405]</LCS_MAX>
		<WAVELENGTH>[0.485, 0.56, 0.66, 0.83, 1.65, 2.215]</WAVELENGTH>
		<MEAN_VALUE>[0.11826772793770544, 0.10309801516151006, 0.09515477020940377, 0.12945526289547282, 0.06224342920778396, 0.04045048178156875]</MEAN_VALUE>
		<CHECKBOX>2</CHECKBOX>
		<SD>[0.001926145006060317, 0.0025228841849940535, 0.0029872953800752357, 0.009241402038084259, 0.01445353508507787, 0.010569320511206244]</SD>
		<WAVELENGTH_UNIT>E-6m</WAVELENGTH_UNIT>
		<COLOR>#7fbb8e</COLOR>
		<COVARIANCE_MATRIX>[[3.7211758293692097e-06, 1.904656889027178e-06, 2.8370521283922596e-06, -1.7090351486883319e-06, -2.0995864340750165e-06, 3.6572893221013577e-07], [1.904656889027178e-06, 6.384058558673608e-06, 4.4458798755912316e-06, 1.2000864578396615e-06, 2.7756313340703483e-06, 4.420629007159842e-06], [2.8370521283922596e-06, 4.4458798755912316e-06, 8.950732287481894e-06, -5.413970192807597e-06, -6.141900450970313e-06, -4.0679398945235617e-07], [-1.7090351486883319e-06, 1.2000864578396615e-06, -5.413970192807597e-06, 8.56599786313983e-05, 0.00011485901860989542, 7.680925895254683e-05], [-2.0995864340750165e-06, 2.7756313340703483e-06, -6.141900450970313e-06, 0.00011485901860989542, 0.0002095320178263146, 0.00014301079141968933], [3.6572893221013577e-07, 4.420629007159842e-06, -4.0679398945235617e-07, 7.680925895254683e-05, 0.00014301079141968933, 0.00011204600314388617]]</COVARIANCE_MATRIX>
		<ROI_SIZE>334</ROI_SIZE>
		<MAX_VALUE>[0.12413197755813599, 0.11032138019800186, 0.10514479130506516, 0.16407369077205658, 0.100884810090065, 0.06880926340818405]</MAX_VALUE>
		<MIN_VALUE>[0.11271952837705612, 0.09542877227067947, 0.0850595086812973, 0.11385630071163177, 0.042284462600946426, 0.025280622765421867]</MIN_VALUE>
		<SIGNATURE_THRESHOLD_MD>0</SIGNATURE_THRESHOLD_MD>
		<SIGNATURE_THRESHOLD_ML>0</SIGNATURE_THRESHOLD_ML>
		<SIGNATURE_THRESHOLD_SAM>0</SIGNATURE_THRESHOLD_SAM>
	</signature>
	<signature ID="20210521_105316895369_264">
		<MACROCLASSID>1</MACROCLASSID>
		<MACROCLASSINFO>waterbody</MACROCLASSINFO>
		<CLASSID>10</CLASSID>
		<CLASSINFO>C 1</CLASSINFO>
		<VALUES>[0.12489730062147061, 0.0025593162338523935, 0.11128013002258516, 0.0028867178543511424, 0.08804428542248685, 0.004467323055773764, 0.09955080822429939, 0.014754937863560318, 0.0714935750216885, 0.01677203513018748, 0.049529621737325634, 0.012340249785046793]</VALUES>
		<LCS_MIN>[0.11842576414346695, 0.10138580948114395, 0.08003818988800049, 0.07933184504508972, 0.046325866132974625, 0.031084442511200905]</LCS_MIN>
		<LCS_MAX>[0.13269129395484924, 0.12223546952009201, 0.10263413935899734, 0.13582640886306763, 0.11705043166875839, 0.09202452749013901]</LCS_MAX>
		<WAVELENGTH>[0.485, 0.56, 0.66, 0.83, 1.65, 2.215]</WAVELENGTH>
		<MEAN_VALUE>[0.12489730062147061, 0.11128013002258516, 0.08804428542248685, 0.09955080822429939, 0.0714935750216885, 0.049529621737325634]</MEAN_VALUE>
		<CHECKBOX>2</CHECKBOX>
		<SD>[0.0025593162338523935, 0.0028867178543511424, 0.004467323055773764, 0.014754937863560318, 0.01677203513018748, 0.012340249785046793]</SD>
		<WAVELENGTH_UNIT>E-6m</WAVELENGTH_UNIT>
		<COLOR>#72d267</COLOR>
		<COVARIANCE_MATRIX>[[7.437863227948049e-06, 5.149613350230939e-06, 4.858056011629491e-06, 2.1844580817258406e-07, 4.278270251848009e-07, 2.575273335158123e-06], [5.149613350230939e-06, 1.0546021079483181e-05, 7.967474608092702e-06, 8.604809539996396e-06, 1.1421355058951903e-05, 1.0925274748880688e-05], [4.858056011629491e-06, 7.967474608092702e-06, 1.9656489933149968e-05, 4.4183214954887224e-05, 4.938832318302445e-05, 3.883869273630319e-05], [2.1844580817258406e-07, 8.604809539996396e-06, 4.4183214954887224e-05, 0.00018340944986627286, 0.0001868706934840622, 0.0001356949188113411], [4.278270251848009e-07, 1.1421355058951903e-05, 4.938832318302445e-05, 0.0001868706934840622, 0.00022830284102476488, 0.00016234532614201532], [2.575273335158123e-06, 1.0925274748880688e-05, 3.883869273630319e-05, 0.0001356949188113411, 0.00016234532614201532, 0.0001346508935192766]]</COVARIANCE_MATRIX>
		<ROI_SIZE>515</ROI_SIZE>
		<MAX_VALUE>[0.13269129395484924, 0.12223546952009201, 0.10263413935899734, 0.13582640886306763, 0.11705043166875839, 0.09202452749013901]</MAX_VALUE>
		<MIN_VALUE>[0.11842576414346695, 0.10138580948114395, 0.08003818988800049, 0.07933184504508972, 0.046325866132974625, 0.031084442511200905]</MIN_VALUE>
		<SIGNATURE_THRESHOLD_MD>0</SIGNATURE_THRESHOLD_MD>
		<SIGNATURE_THRESHOLD_ML>0</SIGNATURE_THRESHOLD_ML>
		<SIGNATURE_THRESHOLD_SAM>0</SIGNATURE_THRESHOLD_SAM>
	</signature>
	<signature ID="20210521_105322417828_182">
		<MACROCLASSID>1</MACROCLASSID>
		<MACROCLASSINFO>waterbody</MACROCLASSINFO>
		<CLASSID>11</CLASSID>
		<CLASSINFO>C 1</CLASSINFO>
		<VALUES>[0.11934395638701008, 0.0027189570272907228, 0.10596055819431718, 0.0038665473968358204, 0.0814877107368977, 0.005764491783822197, 0.08945855432452421, 0.012321811994781495, 0.06187187228866375, 0.012694565711199165, 0.04251571697342462, 0.009695178856214718]</VALUES>
		<LCS_MIN>[0.11129297316074371, 0.09840728342533112, 0.07250621169805527, 0.07305467128753662, 0.03622235730290413, 0.028182528913021088]</LCS_MIN>
		<LCS_MAX>[0.1284116506576538, 0.12521399557590485, 0.11016612499952316, 0.12327204644680023, 0.09684339165687561, 0.08041688799858093]</LCS_MAX>
		<WAVELENGTH>[0.485, 0.56, 0.66, 0.83, 1.65, 2.215]</WAVELENGTH>
		<MEAN_VALUE>[0.11934395638701008, 0.10596055819431718, 0.0814877107368977, 0.08945855432452421, 0.06187187228866375, 0.04251571697342462]</MEAN_VALUE>
		<CHECKBOX>2</CHECKBOX>
		<SD>[0.0027189570272907228, 0.0038665473968358204, 0.005764491783822197, 0.012321811994781495, 0.012694565711199165, 0.009695178856214718]</SD>
		<WAVELENGTH_UNIT>E-6m</WAVELENGTH_UNIT>
		<COLOR>#973b52</COLOR>
		<COVARIANCE_MATRIX>[[7.413205785273718e-06, 7.663936199524242e-06, 1.0412210054676779e-05, 7.866039125708887e-06, 8.45185033706884e-06, 8.877610611816748e-06], [7.663936199524242e-06, 1.4991602037274074e-05, 1.7358929826506574e-05, 1.742923990014026e-05, 1.721392857986285e-05, 1.5725483605732618e-05], [1.0412210054676779e-05, 1.7358929826506574e-05, 3.3321413629703014e-05, 4.5111111771643247e-05, 4.417120848191799e-05, 3.712890223888722e-05], [7.866039125708887e-06, 1.742923990014026e-05, 4.5111111771643247e-05, 0.00015224762438275984, 0.0001415149663893557, 0.0001017506450394686], [8.45185033706884e-06, 1.721392857986285e-05, 4.417120848191799e-05, 0.0001415149663893557, 0.0001615984030241972, 0.00010631762799817655], [8.877610611816748e-06, 1.5725483605732618e-05, 3.712890223888722e-05, 0.0001017506450394686, 0.00010631762799817655, 9.425687115109537e-05]]</COVARIANCE_MATRIX>
		<ROI_SIZE>362</ROI_SIZE>
		<MAX_VALUE>[0.1284116506576538, 0.12521399557590485, 0.11016612499952316, 0.12327204644680023, 0.09684339165687561, 0.08041688799858093]</MAX_VALUE>
		<MIN_VALUE>[0.11129297316074371, 0.09840728342533112, 0.07250621169805527, 0.07305467128753662, 0.03622235730290413, 0.028182528913021088]</MIN_VALUE>
		<SIGNATURE_THRESHOLD_MD>0</SIGNATURE_THRESHOLD_MD>
		<SIGNATURE_THRESHOLD_ML>0</SIGNATURE_THRESHOLD_ML>
		<SIGNATURE_THRESHOLD_SAM>0</SIGNATURE_THRESHOLD_SAM>
	</signature>
	<signature ID="20210521_105330329570_913">
		<MACROCLASSID>1</MACROCLASSID>
		<MACROCLASSINFO>waterbody</MACROCLASSINFO>
		<CLASSID>12</CLASSID>
		<CLASSINFO>C 1</CLASSINFO>
		<VALUES>[0.1338177128346702, 0.003364357387193257, 0.12582844914820682, 0.005217336073155455, 0.08492637321663922, 0.005413721851975971, 0.06709962351208812, 0.005558253740021822, 0.035602251248733015, 0.0069863055397109165, 0.0245807082604157, 0.006172111775627071]</VALUES>
		<LCS_MIN>[0.12270542979240417, 0.11032138019800186, 0.07250621169805527, 0.05422315374016762, 0.020056743174791336, 0.007869167253375053]</LCS_MIN>
		<LCS_MAX>[0.1441037505865097, 0.15499921143054962, 0.11518742889165878, 0.09816335886716843, 0.06855358928442001, 0.05429971590638161]</LCS_MAX>
		<WAVELENGTH>[0.485, 0.56, 0.66, 0.83, 1.65, 2.215]</WAVELENGTH>
		<MEAN_VALUE>[0.1338177128346702, 0.12582844914820682, 0.08492637321663922, 0.06709962351208812, 0.035602251248733015, 0.0245807082604157]</MEAN_VALUE>
		<CHECKBOX>2</CHECKBOX>
		<SD>[0.003364357387193257, 0.005217336073155455, 0.005413721851975971, 0.005558253740021822, 0.0069863055397109165, 0.006172111775627071]</SD>
		<WAVELENGTH_UNIT>E-6m</WAVELENGTH_UNIT>
		<COLOR>#8e5f3c</COLOR>
		<COVARIANCE_MATRIX>[[1.0065421727272276e-05, 8.578731847680473e-06, 8.050265319419434e-06, 6.882550648072871e-06, 6.945689449264023e-06, 7.106873825917136e-06], [8.578731847680473e-06, 2.62624193117332e-05, 2.3411017565455197e-05, 1.3670383174484485e-05, 1.4663165108987956e-05, 1.184913364537228e-05], [8.050265319419434e-06, 2.3411017565455197e-05, 3.135301161944484e-05, 2.3921929304752085e-05, 2.6832864119464605e-05, 2.1834613452307535e-05], [6.882550648072871e-06, 1.3670383174484485e-05, 2.3921929304752085e-05, 3.258392967898979e-05, 3.366900315484782e-05, 2.842089182677273e-05], [6.945689449264023e-06, 1.4663165108987956e-05, 2.6832864119464605e-05, 3.366900315484782e-05, 5.0860295485971016e-05, 3.8258039945703726e-05], [7.106873825917136e-06, 1.184913364537228e-05, 2.1834613452307535e-05, 2.842089182677273e-05, 3.8258039945703726e-05, 3.8865232384386875e-05]]</COVARIANCE_MATRIX>
		<ROI_SIZE>5207</ROI_SIZE>
		<MAX_VALUE>[0.1441037505865097, 0.15499921143054962, 0.11518742889165878, 0.09816335886716843, 0.06855358928442001, 0.05429971590638161]</MAX_VALUE>
		<MIN_VALUE>[0.12270542979240417, 0.11032138019800186, 0.07250621169805527, 0.05422315374016762, 0.020056743174791336, 0.007869167253375053]</MIN_VALUE>
		<SIGNATURE_THRESHOLD_MD>0</SIGNATURE_THRESHOLD_MD>
		<SIGNATURE_THRESHOLD_ML>0</SIGNATURE_THRESHOLD_ML>
		<SIGNATURE_THRESHOLD_SAM>0</SIGNATURE_THRESHOLD_SAM>
	</signature>
	<signature ID="20210521_105333798072_365">
		<MACROCLASSID>1</MACROCLASSID>
		<MACROCLASSINFO>waterbody</MACROCLASSINFO>
		<CLASSID>13</CLASSID>
		<CLASSINFO>C 1</CLASSINFO>
		<VALUES>[0.1357347238202804, 0.0035162437367825734, 0.12745757537152522, 0.008810511307714774, 0.08574027226280236, 0.009164237039440432, 0.06517756599205639, 0.0050694812077605456, 0.03163742480613686, 0.006354677325219838, 0.020877398539904248, 0.005253028174822388]</VALUES>
		<LCS_MIN>[0.1284116506576538, 0.11627841740846634, 0.07501687109470367, 0.05736173316836357, 0.022077444940805435, 0.010771076194941998]</LCS_MIN>
		<LCS_MAX>[0.15266306698322296, 0.16691331565380096, 0.127740740776062, 0.09816335886716843, 0.06451218575239182, 0.05139780789613724]</LCS_MAX>
		<WAVELENGTH>[0.485, 0.56, 0.66, 0.83, 1.65, 2.215]</WAVELENGTH>
		<MEAN_VALUE>[0.1357347238202804, 0.12745757537152522, 0.08574027226280236, 0.06517756599205639, 0.03163742480613686, 0.020877398539904248]</MEAN_VALUE>
		<CHECKBOX>2</CHECKBOX>
		<SD>[0.0035162437367825734, 0.008810511307714774, 0.009164237039440432, 0.0050694812077605456, 0.006354677325219838, 0.005253028174822388]</SD>
		<WAVELENGTH_UNIT>E-6m</WAVELENGTH_UNIT>
		<COLOR>#ff9107</COLOR>
		<COVARIANCE_MATRIX>[[1.8737208964453028e-05, 4.098034197424794e-05, 3.793630664893625e-05, 3.676196069702475e-06, -1.9000834804697537e-06, -1.5454574570944052e-06], [4.098034197424794e-05, 0.00011484947576348691, 0.00010876307331254138, 1.6880304775124257e-05, 4.295742564042829e-06, 2.1536454508035902e-06], [3.793630664893625e-05, 0.00010876307331254138, 0.00011370335497593658, 2.661486065166563e-05, 1.6502530518076246e-05, 1.1570726389646217e-05], [3.676196069702475e-06, 1.6880304775124257e-05, 2.661486065166563e-05, 2.6358832269786184e-05, 2.51840706222454e-05, 1.948980554263684e-05], [-1.9000834804697537e-06, 4.295742564042829e-06, 1.6502530518076246e-05, 2.51840706222454e-05, 4.205594720127824e-05, 2.886196314142514e-05], [-1.5454574570944052e-06, 2.1536454508035902e-06, 1.1570726389646217e-05, 1.948980554263684e-05, 2.886196314142514e-05, 2.9821161753631734e-05]]</COVARIANCE_MATRIX>
		<ROI_SIZE>3716</ROI_SIZE>
		<MAX_VALUE>[0.15266306698322296, 0.16691331565380096, 0.127740740776062, 0.09816335886716843, 0.06451218575239182, 0.05139780789613724]</MAX_VALUE>
		<MIN_VALUE>[0.1284116506576538, 0.11627841740846634, 0.07501687109470367, 0.05736173316836357, 0.022077444940805435, 0.010771076194941998]</MIN_VALUE>
		<SIGNATURE_THRESHOLD_MD>0</SIGNATURE_THRESHOLD_MD>
		<SIGNATURE_THRESHOLD_ML>0</SIGNATURE_THRESHOLD_ML>
		<SIGNATURE_THRESHOLD_SAM>0</SIGNATURE_THRESHOLD_SAM>
	</signature>
	<signature ID="20210521_105340398432_701">
		<MACROCLASSID>1</MACROCLASSID>
		<MACROCLASSINFO>waterbody</MACROCLASSINFO>
		<CLASSID>14</CLASSID>
		<CLASSINFO>C 1</CLASSINFO>
		<VALUES>[0.11495405087209032, 0.003989467034703046, 0.09749791362380557, 0.006376946813978563, 0.07033252239139386, 0.007276321331130527, 0.07316114152383318, 0.01053039635679527, 0.045172456443133974, 0.011673778076492261, 0.030887554965605614, 0.009407142064487029]</VALUES>
		<LCS_MIN>[0.09988055378198624, 0.07755762338638306, 0.054931581020355225, 0.05736173316836357, 0.026118848472833633, 0.013672985136508942]</LCS_MIN>
		<LCS_MAX>[0.1284116506576538, 0.11627841740846634, 0.09761281311511993, 0.10757912695407867, 0.07663638144731522, 0.06300543993711472]</LCS_MAX>
		<WAVELENGTH>[0.485, 0.56, 0.66, 0.83, 1.65, 2.215]</WAVELENGTH>
		<MEAN_VALUE>[0.11495405087209032, 0.09749791362380557, 0.07033252239139386, 0.07316114152383318, 0.045172456443133974, 0.030887554965605614]</MEAN_VALUE>
		<CHECKBOX>2</CHECKBOX>
		<SD>[0.003989467034703046, 0.006376946813978563, 0.007276321331130527, 0.01053039635679527, 0.011673778076492261, 0.009407142064487029]</SD>
		<WAVELENGTH_UNIT>E-6m</WAVELENGTH_UNIT>
		<COLOR>#fca8ef</COLOR>
		<COVARIANCE_MATRIX>[[1.5939356596493356e-05, 2.0606477540656282e-05, 2.1386219864479638e-05, 1.8656642248559133e-05, 2.276815445671327e-05, 1.9164189460633805e-05], [2.0606477540656282e-05, 4.0725517803715176e-05, 4.169581095952719e-05, 4.3317573957597065e-05, 5.104651661087219e-05, 4.0918364766234237e-05], [2.1386219864479638e-05, 4.169581095952719e-05, 5.3023057212998984e-05, 6.188608376164138e-05, 6.921221842226103e-05, 5.4682352359635836e-05], [1.8656642248559133e-05, 4.3317573957597065e-05, 6.188608376164138e-05, 0.00011105304247911127, 0.00011196774495440743, 8.535536072297837e-05], [2.276815445671327e-05, 5.104651661087219e-05, 6.921221842226103e-05, 0.00011196774495440743, 0.00013647839013986978, 9.988317098758972e-05], [1.9164189460633805e-05, 4.0918364766234237e-05, 5.4682352359635836e-05, 8.535536072297837e-05, 9.988317098758972e-05, 8.862503721556459e-05]]</COVARIANCE_MATRIX>
		<ROI_SIZE>678</ROI_SIZE>
		<MAX_VALUE>[0.1284116506576538, 0.11627841740846634, 0.09761281311511993, 0.10757912695407867, 0.07663638144731522, 0.06300543993711472]</MAX_VALUE>
		<MIN_VALUE>[0.09988055378198624, 0.07755762338638306, 0.054931581020355225, 0.05736173316836357, 0.026118848472833633, 0.013672985136508942]</MIN_VALUE>
		<SIGNATURE_THRESHOLD_MD>0</SIGNATURE_THRESHOLD_MD>
		<SIGNATURE_THRESHOLD_ML>0</SIGNATURE_THRESHOLD_ML>
		<SIGNATURE_THRESHOLD_SAM>0</SIGNATURE_THRESHOLD_SAM>
	</signature>
	<signature ID="20210521_105345471103_360">
		<MACROCLASSID>1</MACROCLASSID>
		<MACROCLASSINFO>waterbody</MACROCLASSINFO>
		<CLASSID>15</CLASSID>
		<CLASSINFO>C 1</CLASSINFO>
		<VALUES>[0.12381453829308205, 0.0046401577836444425, 0.11035370925792688, 0.0063025809903230826, 0.09125610532964419, 0.006295191804508595, 0.10107198576954693, 0.014335825733568008, 0.059215036755379674, 0.011302471987341588, 0.04140058842208364, 0.00883924914947014]</VALUES>
		<LCS_MIN>[0.11129297316074371, 0.09245023131370544, 0.07501687109470367, 0.07619325816631317, 0.03420165181159973, 0.01947680115699768]</LCS_MIN>
		<LCS_MAX>[0.13554441928863525, 0.12521399557590485, 0.10765546560287476, 0.13896498084068298, 0.100884810090065, 0.08041688799858093]</LCS_MAX>
		<WAVELENGTH>[0.485, 0.56, 0.66, 0.83, 1.65, 2.215]</WAVELENGTH>
		<MEAN_VALUE>[0.12381453829308205, 0.11035370925792688, 0.09125610532964419, 0.10107198576954693, 0.059215036755379674, 0.04140058842208364]</MEAN_VALUE>
		<CHECKBOX>2</CHECKBOX>
		<SD>[0.0046401577836444425, 0.0063025809903230826, 0.006295191804508595, 0.014335825733568008, 0.011302471987341588, 0.00883924914947014]</SD>
		<WAVELENGTH_UNIT>E-6m</WAVELENGTH_UNIT>
		<COLOR>#67db25</COLOR>
		<COVARIANCE_MATRIX>[[2.1560318420508934e-05, 2.5758460063510996e-05, 2.510412668803526e-05, -1.1972202887601085e-05, 1.586661257294561e-05, 2.0648113487331806e-05], [2.5758460063510996e-05, 3.977649796449985e-05, 3.5818034292734276e-05, -9.023371193597647e-06, 2.630707462860146e-05, 2.998838227250994e-05], [2.510412668803526e-05, 3.5818034292734276e-05, 3.968328420318203e-05, 6.9407348918102725e-06, 3.5074652845680615e-05, 3.682987071951412e-05], [-1.1972202887601085e-05, -9.023371193597647e-06, 6.9407348918102725e-06, 0.00020579513302228412, 0.00010833734660650741, 6.0995259866664796e-05], [1.586661257294561e-05, 2.630707462860146e-05, 3.5074652845680615e-05, 0.00010833734660650741, 0.00012791944078690304, 8.633440815332737e-05], [2.0648113487331806e-05, 2.998838227250994e-05, 3.682987071951412e-05, 6.0995259866664796e-05, 8.633440815332737e-05, 7.823848357739561e-05]]</COVARIANCE_MATRIX>
		<ROI_SIZE>737</ROI_SIZE>
		<MAX_VALUE>[0.13554441928863525, 0.12521399557590485, 0.10765546560287476, 0.13896498084068298, 0.100884810090065, 0.08041688799858093]</MAX_VALUE>
		<MIN_VALUE>[0.11129297316074371, 0.09245023131370544, 0.07501687109470367, 0.07619325816631317, 0.03420165181159973, 0.01947680115699768]</MIN_VALUE>
		<SIGNATURE_THRESHOLD_MD>0</SIGNATURE_THRESHOLD_MD>
		<SIGNATURE_THRESHOLD_ML>0</SIGNATURE_THRESHOLD_ML>
		<SIGNATURE_THRESHOLD_SAM>0</SIGNATURE_THRESHOLD_SAM>
	</signature>
	<signature ID="20210521_105349838087_795">
		<MACROCLASSID>1</MACROCLASSID>
		<MACROCLASSINFO>waterbody</MACROCLASSINFO>
		<CLASSID>16</CLASSID>
		<CLASSINFO>C 1</CLASSINFO>
		<VALUES>[0.11468535044477712, 0.004275012521026553, 0.09723344465203325, 0.0055414196788595195, 0.07202157402166405, 0.006679499621687822, 0.08088851544316905, 0.009822431961347699, 0.049592576801137676, 0.011510111716941083, 0.033130557898022495, 0.009685993387758282]</VALUES>
		<LCS_MIN>[0.10273364931344986, 0.0805361419916153, 0.05995290353894234, 0.06677749752998352, 0.03218095377087593, 0.013672985136508942]</LCS_MIN>
