<?xml version="1.0" ?>
<signaturelist MCID_LIST="[['1', 'waterbody', '#000000'], ['2', 'vegetation', '#000000'], ['3', 'bareland', '#000000'], ['4', 'built-up', '#000000']]">
	<signature ID="20210521_105215063385_521">
		<MACROCLASSID>1</MACROCLASSID>
		<MACROCLASSINFO>waterbody</MACROCLASSINFO>
		<CLASSID>1</CLASSID>
		<CLASSINFO>C 1</CLASSINFO>
		<VALUES>[0.12131936138894363, 0.0019668580725399143, 0.10409119408008308, 0.0024980221541064003, 0.07725891716550537, 0.0032675179691222427, 0.08039402973118305, 0.008979096852313224, 0.051501156030198364, 0.010242323148131696, 0.03477201908501475, 0.007649452262121851]</VALUES>
		<LCS_MIN>[0.11414609104394913, 0.09840728342533112, 0.06999555230140686, 0.06991608440876007, 0.03824305906891823, 0.025280622765421867]</LCS_MIN>
		<LCS_MAX>[0.1269850879907608, 0.1132998988032341, 0.10012347251176834, 0.11385630071163177, 0.08876059949398041, 0.06590735167264938]</LCS_MAX>
		<WAVELENGTH>[0.485, 0.56, 0.66, 0.83, 1.65, 2.215]</WAVELENGTH>
		<MEAN_VALUE>[0.12131936138894363, 0.10409119408008308, 0.07725891716550537, 0.08039402973118305, 0.051501156030198364, 0.03477201908501475]</MEAN_VALUE>
		<CHECKBOX>2</CHECKBOX>
		<SD>[0.0019668580725399143, 0.0024980221541064003, 0.0032675179691222427, 0.008979096852313224, 0.010242323148131696, 0.007649452262121851]</SD>
		<WAVELENGTH_UNIT>E-6m</WAVELENGTH_UNIT>
		<COLOR>#c2e201</COLOR>
		<COVARIANCE_MATRIX>[[3.876995833707042e-06, 1.7032576806741417e-06, 1.1081077673225082e-06, -1.8066183429255034e-06, -1.7112625982917962e-06, -4.0328168893211114e-07], [1.7032576806741417e-06, 6.253769242903218e-06, 3.1009660688141594e-06, 3.82963025913341e-06, 4.933069703838555e-06, 4.735357379104244e-06], [1.1081077673225082e-06, 3.1009660688141594e-06, 1.0700036000343971e-05, 1.8580465621198528e-05, 2.0265380953787826e-05, 1.6122081433422863e-05], [-1.8066183429255034e-06, 3.82963025913341e-06, 1.8580465621198528e-05, 8.080060069914907e-05, 7.18872543075122e-05, 4.9924699851544574e-05], [-1.7112625982917962e-06, 4.933069703838555e-06, 2.0265380953787826e-05, 7.18872543075122e-05, 0.00010513473534956574, 7.078269118210301e-05], [-4.0328168893211114e-07, 4.735357379104244e-06, 1.6122081433422863e-05, 4.9924699851544574e-05, 7.078269118210301e-05, 5.86421592743136e-05]]</COVARIANCE_MATRIX>
		<ROI_SIZE>458</ROI_SIZE>
		<MAX_VALUE>[0.1269850879907608, 0.1132998988032341, 0.10012347251176834, 0.11385630071163177, 0.08876059949398041, 0.06590735167264938]</MAX_VALUE>
		<MIN_VALUE>[0.11414609104394913, 0.09840728342533112, 0.06999555230140686, 0.06991608440876007, 0.03824305906891823, 0.025280622765421867]</MIN_VALUE>
		<SIGNATURE_THRESHOLD_MD>0.0</SIGNATURE_THRESHOLD_MD>
		<SIGNATURE_THRESHOLD_ML>0.0</SIGNATURE_THRESHOLD_ML>
		<SIGNATURE_THRESHOLD_SAM>0.0</SIGNATURE_THRESHOLD_SAM>
	</signature>
	<signature ID="20210521_105221278579_620">
		<MACROCLASSID>1</MACROCLASSID>
		<MACROCLASSINFO>waterbody</MACROCLASSINFO>
		<CLASSID>2</CLASSID>
		<CLASSINFO>C 1</CLASSINFO>
		<VALUES>[0.1308691557340262, 0.003907541042757848, 0.11510203337343798, 0.006156672099854019, 0.08619879937472462, 0.0052809495248063755, 0.08883991433667542, 0.010303195836361743, 0.06544611784590396, 0.01117977827886204, 0.04726441116893992, 0.009169195805805662]</VALUES>
		<LCS_MIN>[0.12127886712551117, 0.10436433553695679, 0.07752751559019089, 0.07619325816631317, 0.05036726966500282, 0.033986348658800125]</LCS_MIN>
		<LCS_MAX>[0.13839752972126007, 0.13117103278636932, 0.10514479130506516, 0.12327204644680023, 0.100884810090065, 0.07751499116420746]</LCS_MAX>
		<WAVELENGTH>[0.485, 0.56, 0.66, 0.83, 1.65, 2.215]</WAVELENGTH>
		<MEAN_VALUE>[0.1308691557340262, 0.11510203337343798, 0.08619879937472462, 0.08883991433667542, 0.06544611784590396, 0.04726441116893992]</MEAN_VALUE>
		<CHECKBOX>2</CHECKBOX>
		<SD>[0.003907541042757848, 0.006156672099854019, 0.0052809495248063755, 0.010303195836361743, 0.01117977827886204, 0.009169195805805662]</SD>
		<WAVELENGTH_UNIT>E-6m</WAVELENGTH_UNIT>
		<COLOR>#3fbb34</COLOR>
		<COVARIANCE_MATRIX>[[1.087790951714851e-05, 1.2965861060365569e-05, 7.60218563300441e-06, -4.25165268325145e-07, -4.226685916819406e-07, 9.64806758929626e-07], [1.2965861060365569e-05, 2.543222035455983e-05, 1.5621062630089e-05, 7.817539881216362e-06, 7.784010449540801e-06, 8.484373211103957e-06], [7.60218563300441e-06, 1.5621062630089e-05, 2.178984686906915e-05, 3.398289481992833e-05, 3.302334152976982e-05, 2.789936843328178e-05], [-4.25165268325145e-07, 7.817539881216362e-06, 3.398289481992833e-05, 0.00010761280282167718, 0.00010041083442047238, 7.88947509136051e-05], [-4.226685916819406e-07, 7.784010449540801e-06, 3.302334152976982e-05, 0.00010041083442047238, 0.0001228451874339953, 9.140519250649959e-05], [9.64806758929626e-07, 8.484373211103957e-06, 2.789936843328178e-05, 7.88947509136051e-05, 9.140519250649959e-05, 8.37384577607736e-05]]</COVARIANCE_MATRIX>
		<ROI_SIZE>529</ROI_SIZE>
		<MAX_VALUE>[0.13839752972126007, 0.13117103278636932, 0.10514479130506516, 0.12327204644680023, 0.100884810090065, 0.07751499116420746]</MAX_VALUE>
		<MIN_VALUE>[0.12127886712551117, 0.10436433553695679, 0.07752751559019089, 0.07619325816631317, 0.05036726966500282, 0.033986348658800125]</MIN_VALUE>
		<SIGNATURE_THRESHOLD_MD>0.0</SIGNATURE_THRESHOLD_MD>
		<SIGNATURE_THRESHOLD_ML>0.0</SIGNATURE_THRESHOLD_ML>
		<SIGNATURE_THRESHOLD_SAM>0.0</SIGNATURE_THRESHOLD_SAM>
	</signature>
	<signature ID="20210521_105225706440_808">
		<MACROCLASSID>1</MACROCLASSID>
		<MACROCLASSINFO>waterbody</MACROCLASSINFO>
		<CLASSID>3</CLASSID>
		<CLASSINFO>C 1</CLASSINFO>
		<VALUES>[0.13960373897363637, 0.002520079433431646, 0.12934263949051952, 0.0028231879333927923, 0.10248001601436355, 0.0031104302136498348, 0.09741756041156188, 0.009422474917254195, 0.06927383514766643, 0.00986494555707839, 0.04867977722741589, 0.007933001440228404]</VALUES>
		<LCS_MIN>[0.1284116506576538, 0.11925695091485977, 0.09761281311511993, 0.08560901880264282, 0.05642937496304512, 0.033986348658800125]</LCS_MIN>
		<LCS_MAX>[0.14695686101913452, 0.14010658860206604, 0.1227194294333458, 0.12954923510551453, 0.1029055118560791, 0.08041688799858093]</LCS_MAX>
		<WAVELENGTH>[0.485, 0.56, 0.66, 0.83, 1.65, 2.215]</WAVELENGTH>
		<MEAN_VALUE>[0.13960373897363637, 0.12934263949051952, 0.10248001601436355, 0.09741756041156188, 0.06927383514766643, 0.04867977722741589]</MEAN_VALUE>
		<CHECKBOX>2</CHECKBOX>
		<SD>[0.002520079433431646, 0.0028231879333927923, 0.0031104302136498348, 0.009422474917254195, 0.00986494555707839, 0.007933001440228404]</SD>
		<WAVELENGTH_UNIT>E-6m</WAVELENGTH_UNIT>
		<COLOR>#75f4f4</COLOR>
		<COVARIANCE_MATRIX>[[6.363401098496979e-06, 4.250016445439542e-06, 2.2400029138225364e-06, -5.201688054512488e-06, -5.137261268828297e-06, -3.458457968008588e-06], [4.250016445439542e-06, 7.98620476416545e-06, 2.5812585136009147e-06, -6.374380518536782e-06, -5.678415163856698e-06, -3.864773134409916e-06], [2.2400029138225364e-06, 2.5812585136009147e-06, 9.693972060631495e-06, 1.5316354620154016e-05, 1.1425483535276726e-05, 1.0956963706121314e-05], [-5.201688054512488e-06, -6.374380518536782e-06, 1.5316354620154016e-05, 8.895919017959386e-05, 7.536046177847311e-05, 5.6808756198734045e-05], [-5.137261268828297e-06, -5.678415163856698e-06, 1.1425483535276726e-05, 7.536046177847311e-05, 9.751023753779009e-05, 7.183959678513929e-05], [-3.458457968008588e-06, -3.864773134409916e-06, 1.0956963706121314e-05, 5.6808756198734045e-05, 7.183959678513929e-05, 6.305737770162523e-05]]</COVARIANCE_MATRIX>
		<ROI_SIZE>505</ROI_SIZE>
		<MAX_VALUE>[0.14695686101913452, 0.14010658860206604, 0.1227194294333458, 0.12954923510551453, 0.1029055118560791, 0.08041688799858093]</MAX_VALUE>
		<MIN_VALUE>[0.1284116506576538, 0.11925695091485977, 0.09761281311511993, 0.08560901880264282, 0.05642937496304512, 0.033986348658800125]</MIN_VALUE>
		<SIGNATURE_THRESHOLD_MD>0.0</SIGNATURE_THRESHOLD_MD>
		<SIGNATURE_THRESHOLD_ML>0.0</SIGNATURE_THRESHOLD_ML>
		<SIGNATURE_THRESHOLD_SAM>0.0</SIGNATURE_THRESHOLD_SAM>
	</signature>
	<signature ID="20210521_105232865378_626">
		<MACROCLASSID>1</MACROCLASSID>
		<MACROCLASSINFO>waterbody</MACROCLASSINFO>
		<CLASSID>4</CLASSID>
		<CLASSINFO>C 1</CLASSINFO>
		<VALUES>[0.12014410994721177, 0.002184318774061006, 0.1037663723709005, 0.0029236359784217273, 0.0958249172986005, 0.0035375465423273075, 0.1064734861367579, 0.00643636268195156, 0.046226361872289644, 0.010417324814572004, 0.0314142022592326, 0.008736069141968934]</VALUES>
		<LCS_MIN>[0.11271952837705612, 0.09542877227067947, 0.09008082747459412, 0.09502477198839188, 0.028139550238847733, 0.013672985136508942]</LCS_MIN>
		<LCS_MAX>[0.1284116506576538, 0.1132998988032341, 0.11016612499952316, 0.13268783688545227, 0.07259499281644821, 0.05720162019133568]</LCS_MAX>
		<WAVELENGTH>[0.485, 0.56, 0.66, 0.83, 1.65, 2.215]</WAVELENGTH>
		<MEAN_VALUE>[0.12014410994721177, 0.1037663723709005, 0.0958249172986005, 0.1064734861367579, 0.046226361872289644, 0.0314142022592326]</MEAN_VALUE>
		<CHECKBOX>2</CHECKBOX>
		<SD>[0.002184318774061006, 0.0029236359784217273, 0.0035375465423273075, 0.00643636268195156, 0.010417324814572004, 0.008736069141968934]</SD>
		<WAVELENGTH_UNIT>E-6m</WAVELENGTH_UNIT>
		<COLOR>#c47573</COLOR>
		<COVARIANCE_MATRIX>[[4.13919951824937e-06, 2.328358050363022e-06, 3.0195988074410707e-06, 4.426497525855666e-06, 7.097524303389946e-06, 5.663304364134092e-06], [2.328358050363022e-06, 7.692869075981434e-06, 5.867684649274452e-06, 9.113058695220388e-06, 1.3527425835491158e-05, 1.1369803360139485e-05], [3.0195988074410707e-06, 5.867684649274452e-06, 1.0270261554978788e-05, 1.1376868314982858e-05, 1.7962756828637794e-05, 1.4857506357657257e-05], [4.426497525855666e-06, 9.113058695220388e-06, 1.1376868314982858e-05, 4.074391836184077e-05, 5.4342606745194644e-05, 4.16118091379758e-05], [7.097524303389946e-06, 1.3527425835491158e-05, 1.7962756828637794e-05, 5.4342606745194644e-05, 0.00010993270552717149, 8.246345532825217e-05], [5.663304364134092e-06, 1.1369803360139485e-05, 1.4857506357657257e-05, 4.16118091379758e-05, 8.246345532825217e-05, 7.660427218070254e-05]]</COVARIANCE_MATRIX>
		<ROI_SIZE>476</ROI_SIZE>
		<MAX_VALUE>[0.1284116506576538, 0.1132998988032341, 0.11016612499952316, 0.13268783688545227, 0.07259499281644821, 0.05720162019133568]</MAX_VALUE>
		<MIN_VALUE>[0.11271952837705612, 0.09542877227067947, 0.09008082747459412, 0.09502477198839188, 0.028139550238847733, 0.013672985136508942]</MIN_VALUE>
		<SIGNATURE_THRESHOLD_MD>0.0</SIGNATURE_THRESHOLD_MD>
		<SIGNATURE_THRESHOLD_ML>0.0</SIGNATURE_THRESHOLD_ML>
		<SIGNATURE_THRESHOLD_SAM>0.0</SIGNATURE_THRESHOLD_SAM>
	</signature>
	<signature ID="20210521_105237530558_479">
		<MACROCLASSID>1</MACROCLASSID>
		<MACROCLASSINFO>waterbody</MACROCLASSINFO>
		<CLASSID>5</CLASSID>
		<CLASSINFO>C 1</CLASSINFO>
		<VALUES>[0.12064340412616732, 0.002703869295146123, 0.10311876874078404, 0.0032225621599599992, 0.0945543704385107, 0.004392932002953005, 0.1089772223748944, 0.007553816742276285, 0.055749683691696666, 0.011535154511722908, 0.03884045129472559, 0.009633361938867557]</VALUES>
		<LCS_MIN>[0.11557264626026154, 0.09840728342533112, 0.0850595086812973, 0.09816335886716843, 0.03622235730290413, 0.01947680115699768]</LCS_MIN>
		<LCS_MAX>[0.13269129395484924, 0.11627841740846634, 0.11016612499952316, 0.13896498084068298, 0.08269848674535751, 0.06590735167264938]</LCS_MAX>
		<WAVELENGTH>[0.485, 0.56, 0.66, 0.83, 1.65, 2.215]</WAVELENGTH>
		<MEAN_VALUE>[0.12064340412616732, 0.10311876874078404, 0.0945543704385107, 0.1089772223748944, 0.055749683691696666, 0.03884045129472559]</MEAN_VALUE>
		<CHECKBOX>2</CHECKBOX>
		<SD>[0.002703869295146123, 0.0032225621599599992, 0.004392932002953005, 0.007553816742276285, 0.011535154511722908, 0.009633361938867557]</SD>
		<WAVELENGTH_UNIT>E-6m</WAVELENGTH_UNIT>
		<COLOR>#351059</COLOR>
		<COVARIANCE_MATRIX>[[7.377981546596857e-06, 6.217967893462628e-06, 8.389123649976682e-06, 5.456115104607306e-06, 1.0142621249542572e-05, 1.1392377928132191e-05], [6.217967893462628e-06, 1.0480181117600296e-05, 1.1454725608928129e-05, 8.532814717909787e-06, 1.7091324480134062e-05, 1.625162076379638e-05], [8.389123649976682e-06, 1.1454725608928129e-05, 1.947489545273129e-05, 4.749002073367592e-06, 1.3913286238675937e-05, 1.6586393030593172e-05], [5.456115104607306e-06, 8.532814717909787e-06, 4.749002073367592e-06, 5.758363477070816e-05, 6.804611621191725e-05, 4.520828588283621e-05], [1.0142621249542572e-05, 1.7091324480134062e-05, 1.3913286238675937e-05, 6.804611621191725e-05, 0.00013428051897790283, 9.069617954082787e-05], [1.1392377928132191e-05, 1.625162076379638e-05, 1.6586393030593172e-05, 4.520828588283621e-05, 9.069617954082787e-05, 9.365305595565587e-05]]</COVARIANCE_MATRIX>
		<ROI_SIZE>110</ROI_SIZE>
		<MAX_VALUE>[0.13269129395484924, 0.11627841740846634, 0.11016612499952316, 0.13896498084068298, 0.08269848674535751, 0.06590735167264938]</MAX_VALUE>
		<MIN_VALUE>[0.11557264626026154, 0.09840728342533112, 0.0850595086812973, 0.09816335886716843, 0.03622235730290413, 0.01947680115699768]</MIN_VALUE>
		<SIGNATURE_THRESHOLD_MD>0.0</SIGNATURE_THRESHOLD_MD>
		<SIGNATURE_THRESHOLD_ML>0.0</SIGNATURE_THRESHOLD_ML>
		<SIGNATURE_THRESHOLD_SAM>0.0</SIGNATURE_THRESHOLD_SAM>
	</signature>
	<signature ID="20210521_105248637976_521">
		<MACROCLASSID>1</MACROCLASSID>
		<MACROCLASSINFO>waterbody</MACROCLASSINFO>
		<CLASSID>6</CLASSID>
		<CLASSINFO>C 1</CLASSINFO>
		<VALUES>[0.1256499828245395, 0.003084588356086677, 0.11807317487322366, 0.004457329244597208, 0.09545621849023377, 0.006866606640118283, 0.10391744082936874, 0.018516481222737236, 0.07430481108335346, 0.019110096113463055, 0.05035609353142671, 0.015620172575550356]</VALUES>
		<LCS_MIN>[0.11842576414346695, 0.10734285414218903, 0.0825488418340683, 0.07619325816631317, 0.03824305906891823, 0.025280622765421867]</LCS_MIN>
		<LCS_MAX>[0.13126474618911743, 0.12521399557590485, 0.11769808828830719, 0.14524216949939728, 0.1130090206861496, 0.08912263065576553]</LCS_MAX>
		<WAVELENGTH>[0.485, 0.56, 0.66, 0.83, 1.65, 2.215]</WAVELENGTH>
		<MEAN_VALUE>[0.1256499828245395, 0.11807317487322366, 0.09545621849023377, 0.10391744082936874, 0.07430481108335346, 0.05035609353142671]</MEAN_VALUE>
		<CHECKBOX>2</CHECKBOX>
		<SD>[0.003084588356086677, 0.004457329244597208, 0.006866606640118283, 0.018516481222737236, 0.019110096113463055, 0.015620172575550356]</SD>
		<WAVELENGTH_UNIT>E-6m</WAVELENGTH_UNIT>
		<COLOR>#55a535</COLOR>
		<COVARIANCE_MATRIX>[[9.638252777222078e-06, 1.087018881662516e-05, 1.340982362307841e-05, -1.6000303730834275e-05, -7.570914021926001e-06, 8.053381861827802e-06], [1.087018881662516e-05, 2.0125806258874945e-05, 2.062506064248737e-05, -2.7215446607442573e-05, -8.189293112081941e-06, 1.5476391126867384e-05], [1.340982362307841e-05, 2.062506064248737e-05, 4.7762627218617126e-05, 3.160501000820659e-05, 5.394115942181088e-05, 6.670199218206108e-05], [-1.6000303730834275e-05, -2.7215446607442573e-05, 3.160501000820659e-05, 0.0003473128017503768, 0.0002992340596392751, 0.00018633727449923754], [-7.570914021926001e-06, -8.189293112081941e-06, 5.394115942181088e-05, 0.0002992340596392751, 0.0003699385852087289, 0.0002657555742189288], [8.053381861827802e-06, 1.5476391126867384e-05, 6.670199218206108e-05, 0.00018633727449923754, 0.0002657555742189288, 0.0002471584884915501]]</COVARIANCE_MATRIX>
		<ROI_SIZE>78</ROI_SIZE>
		<MAX_VALUE>[0.13126474618911743, 0.12521399557590485, 0.11769808828830719, 0.14524216949939728, 0.1130090206861496, 0.08912263065576553]</MAX_VALUE>
		<MIN_VALUE>[0.11842576414346695, 0.10734285414218903, 0.0825488418340683, 0.07619325816631317, 0.03824305906891823, 0.025280622765421867]</MIN_VALUE>
		<SIGNATURE_THRESHOLD_MD>0.0</SIGNATURE_THRESHOLD_MD>
		<SIGNATURE_THRESHOLD_ML>0.0</SIGNATURE_THRESHOLD_ML>
		<SIGNATURE_THRESHOLD_SAM>0.0</SIGNATURE_THRESHOLD_SAM>
	</signature>
	<signature ID="20210521_105300234953_816">
		<MACROCLASSID>1</MACROCLASSID>
		<MACROCLASSINFO>waterbody</MACROCLASSINFO>
		<CLASSID>7</CLASSID>
		<CLASSINFO>C 1</CLASSINFO>
		<VALUES>[0.12001544869801714, 0.002197906503628319, 0.10590794774955203, 0.0028207547866453083, 0.10043501609215767, 0.0034200774828468394, 0.10887732465554328, 0.006754772326298079, 0.04920696323044108, 0.011874368718566735, 0.03486186412328501, 0.010748505966046413]</VALUES>
		<LCS_MIN>[0.11414609104394913, 0.09840728342533112, 0.09008082747459412, 0.09502477198839188, 0.03420165181159973, 0.01947680115699768]</LCS_MIN>
		<LCS_MAX>[0.1269850879907608, 0.11627841740846634, 0.11267676949501038, 0.13582640886306763, 0.08269848674535751, 0.06880926340818405]</LCS_MAX>
		<WAVELENGTH>[0.485, 0.56, 0.66, 0.83, 1.65, 2.215]</WAVELENGTH>
		<MEAN_VALUE>[0.12001544869801714, 0.10590794774955203, 0.10043501609215767, 0.10887732465554328, 0.04920696323044108, 0.03486186412328501]</MEAN_VALUE>
		<CHECKBOX>2</CHECKBOX>
		<SD>[0.002197906503628319, 0.0028207547866453083, 0.0034200774828468394, 0.006754772326298079, 0.011874368718566735, 0.010748505966046413]</SD>
		<WAVELENGTH_UNIT>E-6m</WAVELENGTH_UNIT>
		<COLOR>#17f109</COLOR>
		<COVARIANCE_MATRIX>[[4.8425754357595e-06, 3.0846099434711505e-06, 3.984901923104189e-06, 5.247907211014535e-06, 9.821992534853052e-06, 9.06520745047601e-06], [3.0846099434711505e-06, 7.976063898240682e-06, 6.995986495894613e-06, 1.0417660632811021e-05, 1.7282583939959295e-05, 1.5046624866954517e-05], [3.984901923104189e-06, 6.995986495894613e-06, 1.1725459444278385e-05, 1.2548404811241198e-05, 2.0630808649002574e-05, 1.8953745893668383e-05], [5.247907211014535e-06, 1.0417660632811021e-05, 1.2548404811241198e-05, 4.5738233893644065e-05, 6.27813205937855e-05, 5.2375064115040004e-05], [9.821992534853052e-06, 1.7282583939959295e-05, 2.0630808649002574e-05, 6.27813205937855e-05, 0.00014134454249870032, 0.0001144202979048714], [9.06520745047601e-06, 1.5046624866954517e-05, 1.8953745893668383e-05, 5.2375064115040004e-05, 0.0001144202979048714, 0.00011581215949263424]]</COVARIANCE_MATRIX>
		<ROI_SIZE>411</ROI_SIZE>
		<MAX_VALUE>[0.1269850879907608, 0.11627841740846634, 0.11267676949501038, 0.13582640886306763, 0.08269848674535751, 0.06880926340818405]</MAX_VALUE>
		<MIN_VALUE>[0.11414609104394913, 0.09840728342533112, 0.09008082747459412, 0.09502477198839188, 0.03420165181159973, 0.01947680115699768]</MIN_VALUE>
		<SIGNATURE_THRESHOLD_MD>0.0</SIGNATURE_THRESHOLD_MD>
		<SIGNATURE_THRESHOLD_ML>0.0</SIGNATURE_THRESHOLD_ML>
		<SIGNATURE_THRESHOLD_SAM>0.0</SIGNATURE_THRESHOLD_SAM>
	</signature>
	<signature ID="20210521_105305974493_588">
		<MACROCLASSID>1</MACROCLASSID>
		<MACROCLASSINFO>waterbody</MACROCLASSINFO>
		<CLASSID>8</CLASSID>
		<CLASSINFO>C 1</CLASSINFO>
		<VALUES>[0.11836531193200814, 0.002087978992593489, 0.10460413035826158, 0.0020099681275085822, 0.09754898250734402, 0.0026344582180726247, 0.12369763156620124, 0.00840301044030349, 0.0564379368956059, 0.011485925378460389, 0.03693744308962404, 0.00948248619439851]</VALUES>
		<LCS_MIN>[0.11129297316074371, 0.09840728342533112, 0.09008082747459412, 0.11071771383285522, 0.040263764560222626, 0.02237871289253235]</LCS_MIN>
		<LCS_MAX>[0.12413197755813599, 0.11032138019800186, 0.10514479130506516, 0.15151935815811157, 0.0928020030260086, 0.06880926340818405]</LCS_MAX>
		<WAVELENGTH>[0.485, 0.56, 0.66, 0.83, 1.65, 2.215]</WAVELENGTH>
		<MEAN_VALUE>[0.11836531193200814, 0.10460413035826158, 0.09754898250734402, 0.12369763156620124, 0.0564379368956059, 0.03693744308962404]</MEAN_VALUE>
		<CHECKBOX>2</CHECKBOX>
		<SD>[0.002087978992593489, 0.0020099681275085822, 0.0026344582180726247, 0.00840301044030349, 0.011485925378460389, 0.00948248619439851]</SD>
		<WAVELENGTH_UNIT>E-6m</WAVELENGTH_UNIT>
		<COLOR>#3c2c67</COLOR>
		<COVARIANCE_MATRIX>[[3.937615474569611e-06, 1.2769484101227135e-06, 1.6108693898786441e-06, -5.972055987513158e-07, 2.1899602415942354e-06, 2.8023248432873515e-06], [1.2769484101227135e-06, 4.004910351795843e-06, 2.260874680359848e-06, 3.2451316656079143e-07, 3.0691719530295813e-06, 3.1879010293778265e-06], [1.6108693898786441e-06, 2.260874680359848e-06, 7.122710485418793e-06, -5.279107426758856e-06, -2.2121018901088974e-06, 4.477610104913765e-07], [-5.972055987513158e-07, 3.2451316656079143e-07, -5.279107426758856e-06, 6.805853627156466e-05, 8.191642700694501e-05, 5.901086478843354e-05], [2.1899602415942354e-06, 3.0691719530295813e-06, -2.2121018901088974e-06, 8.191642700694501e-05, 0.00014514633221551776, 0.00010673126234905794], [2.8023248432873515e-06, 3.1879010293778265e-06, 4.477610104913765e-07, 5.901086478843354e-05, 0.00010673126234905794, 9.337775554740801e-05]]</COVARIANCE_MATRIX>
		<ROI_SIZE>416</ROI_SIZE>
		<MAX_VALUE>[0.12413197755813599, 0.11032138019800186, 0.10514479130506516, 0.15151935815811157, 0.0928020030260086, 0.06880926340818405]</MAX_VALUE>
		<MIN_VALUE>[0.11129297316074371, 0.09840728342533112, 0.09008082747459412, 0.11071771383285522, 0.040263764560222626, 0.02237871289253235]</MIN_VALUE>
		<SIGNATURE_THRESHOLD_MD>0.0</SIGNATURE_THRESHOLD_MD>
		<SIGNATURE_THRESHOLD_ML>0.0</SIGNATURE_THRESHOLD_ML>
		<SIGNATURE_THRESHOLD_SAM>0.0</SIGNATURE_THRESHOLD_SAM>
	</signature>
	<signature ID="20210521_105310932565_434">
		<MACROCLASSID>1</MACROCLASSID>
		<MACROCLASSINFO>waterbody</MACROCLASSINFO>
		<CLASSID>9</CLASSID>
		<CLASSINFO>C 1</CLASSINFO>
		<VALUES>[0.11826772793770544, 0.001926145006060317, 0.10309801516151006, 0.0025228841849940535, 0.09515477020940377, 0.0029872953800752357, 0.12945526289547282, 0.009241402038084259, 0.06224342920778396, 0.01445353508507787, 0.04045048178156875, 0.010569320511206244]</VALUES>
		<LCS_MIN>[0.11271952837705612, 0.09542877227067947, 0.0850595086812973, 0.11385630071163177, 0.042284462600946426, 0.025280622765421867]</LCS_MIN>
		<LCS_MAX>[0.12413197755813599, 0.11032138019800186, 0.10514479130506516, 0.16407369077205658, 0.100884810090065, 0.06880926340818405]</LCS_MAX>
		<WAVELENGTH>[0.485, 0.56, 0.66, 0.83, 1.65, 2.215]</WAVELENGTH>
		<MEAN_VALUE>[0.11826772793770544, 0.10309801516151006, 0.09515477020940377, 0.12945526289547282, 0.06224342920778396, 0.04045048178156875]</MEAN_VALUE>
		<CHECKBOX>2</CHECKBOX>
		<SD>[0.001926145006060317, 0.0025228841849940535, 0.0029872953800752357, 0.009241402038084259, 0.01445353508507787, 0.010569320511206244]</SD>
		<WAVELENGTH_UNIT>E-6m</WAVELENGTH_UNIT>
		<COLOR>#7fbb8e</COLOR>
		<COVARIANCE_MATRIX>[[3.7211757444310933e-06, 1.9046568695557653e-06, 2.8370520794851473e-06, -1.7090351320803165e-06, -2.099586481563165e-06, 3.6572893691300123e-07], [1.9046568695557653e-06, 6.384058451658348e-06, 4.445879767445149e-06, 1.2000864444416948e-06, 2.7756314011639915e-06, 4.420629011292476e-06], [2.8370520794851473e-06, 4.445879767445149e-06, 8.950732080847956e-06, -5.413970029621851e-06, -6.141900485090446e-06, -4.067939869401016e-07], [-1.7090351320803165e-06, 1.2000864444416948e-06, -5.413970029621851e-06, 8.565997995901853e-05, 0.00011485901632113382, 7.680925773456693e-05], [-2.099586481563165e-06, 2.7756314011639915e-06, -6.141900485090446e-06, 0.00011485901632113382, 0.00020953202329110354, 0.00014301079500000924], [3.6572893691300123e-07, 4.420629011292476e-06, -4.067939869401016e-07, 7.680925773456693e-05, 0.00014301079500000924, 0.00011204600014025345]]</COVARIANCE_MATRIX>
		<ROI_SIZE>334</ROI_SIZE>
		<MAX_VALUE>[0.12413197755813599, 0.11032138019800186, 0.10514479130506516, 0.16407369077205658, 0.100884810090065, 0.06880926340818405]</MAX_VALUE>
		<MIN_VALUE>[0.11271952837705612, 0.09542877227067947, 0.0850595086812973, 0.11385630071163177, 0.042284462600946426, 0.025280622765421867]</MIN_VALUE>
		<SIGNATURE_THRESHOLD_MD>0.0</SIGNATURE_THRESHOLD_MD>
		<SIGNATURE_THRESHOLD_ML>0.0</SIGNATURE_THRESHOLD_ML>
		<SIGNATURE_THRESHOLD_SAM>0.0</SIGNATURE_THRESHOLD_SAM>
	</signature>
	<signature ID="20210521_105316895369_264">
		<MACROCLASSID>1</MACROCLASSID>
		<MACROCLASSINFO>waterbody</MACROCLASSINFO>
		<CLASSID>10</CLASSID>
		<CLASSINFO>C 1</CLASSINFO>
		<VALUES>[0.12489730062147061, 0.0025593162338523935, 0.11128013002258516, 0.0028867178543511424, 0.08804428542248685, 0.004467323055773764, 0.09955080822429939, 0.014754937863560318, 0.0714935750216885, 0.01677203513018748, 0.049529621737325634, 0.012340249785046793]</VALUES>
		<LCS_MIN>[0.11842576414346695, 0.10138580948114395, 0.08003818988800049, 0.07933184504508972, 0.046325866132974625, 0.031084442511200905]</LCS_MIN>
		<LCS_MAX>[0.13269129395484924, 0.12223546952009201, 0.10263413935899734, 0.13582640886306763, 0.11705043166875839, 0.09202452749013901]</LCS_MAX>
		<WAVELENGTH>[0.485, 0.56, 0.66, 0.83, 1.65, 2.215]</WAVELENGTH>
		<MEAN_VALUE>[0.12489730062147061, 0.11128013002258516, 0.08804428542248685, 0.09955080822429939, 0.0714935750216885, 0.049529621737325634]</MEAN_VALUE>
		<CHECKBOX>2</CHECKBOX>
		<SD>[0.0025593162338523935, 0.0028867178543511424, 0.004467323055773764, 0.014754937863560318, 0.01677203513018748, 0.012340249785046793]</SD>
		<WAVELENGTH_UNIT>E-6m</WAVELENGTH_UNIT>
		<COLOR>#72d267</COLOR>
		<COVARIANCE_MATRIX>[[7.437863132508937e-06, 5.149613571120426e-06, 4.858055945078377e-06, 2.184458054443894e-07, 4.278270182567212e-07, 2.5752733563422225e-06], [5.149613571120426e-06, 1.0546021258051042e-05, 7.967474630277138e-06, 8.60480940900743e-06, 1.1421355338825379e-05, 1.0925275091722142e-05], [4.858055945078377e-06, 7.967474630277138e-06, 1.9656490621855482e-05, 4.418321623234078e-05, 4.9388323532184586e-05, 3.883869430865161e-05], [2.184458054443894e-07, 8.60480940900743e-06, 4.418321623234078e-05, 0.00018340944370720536, 0.00018687068950384855, 0.0001356949214823544], [4.278270182567212e-07, 1.1421355338825379e-05, 4.9388323532184586e-05, 0.00018687068950384855, 0.00022830284433439374, 0.0001623453281354159], [2.5752733563422225e-06, 1.0925275091722142e-05, 3.883869430865161e-05, 0.0001356949214823544, 0.0001623453281354159, 0.00013465089432429522]]</COVARIANCE_MATRIX>
		<ROI_SIZE>515</ROI_SIZE>
		<MAX_VALUE>[0.13269129395484924, 0.12223546952009201, 0.10263413935899734, 0.13582640886306763, 0.11705043166875839, 0.09202452749013901]</MAX_VALUE>
		<MIN_VALUE>[0.11842576414346695, 0.10138580948114395, 0.08003818988800049, 0.07933184504508972, 0.046325866132974625, 0.031084442511200905]</MIN_VALUE>
		<SIGNATURE_THRESHOLD_MD>0.0</SIGNATURE_THRESHOLD_MD>
		<SIGNATURE_THRESHOLD_ML>0.0</SIGNATURE_THRESHOLD_ML>
		<SIGNATURE_THRESHOLD_SAM>0.0</SIGNATURE_THRESHOLD_SAM>
	</signature>
	<signature ID="20210521_105322417828_182">
		<MACROCLASSID>1</MACROCLASSID>
		<MACROCLASSINFO>waterbody</MACROCLASSINFO>
		<CLASSID>11</CLASSID>
		<CLASSINFO>C 1</CLASSINFO>
		<VALUES>[0.11934395638701008, 0.0027189570272907228, 0.10596055819431718, 0.0038665473968358204, 0.0814877107368977, 0.005764491783822197, 0.08945855432452421, 0.012321811994781495, 0.06187187228866375, 0.012694565711199165, 0.04251571697342462, 0.009695178856214718]</VALUES>
		<LCS_MIN>[0.11129297316074371, 0.09840728342533112, 0.07250621169805527, 0.07305467128753662, 0.03622235730290413, 0.028182528913021088]</LCS_MIN>
		<LCS_MAX>[0.1284116506576538, 0.12521399557590485, 0.11016612499952316, 0.12327204644680023, 0.09684339165687561, 0.08041688799858093]</LCS_MAX>
		<WAVELENGTH>[0.485, 0.56, 0.66, 0.83, 1.65, 2.215]</WAVELENGTH>
		<MEAN_VALUE>[0.11934395638701008, 0.10596055819431718, 0.0814877107368977, 0.08945855432452421, 0.06187187228866375, 0.04251571697342462]</MEAN_VALUE>
		<CHECKBOX>2</CHECKBOX>
		<SD>[0.0027189570272907228, 0.0038665473968358204, 0.005764491783822197, 0.012321811994781495, 0.012694565711199165, 0.009695178856214718]</SD>
		<WAVELENGTH_UNIT>E-6m</WAVELENGTH_UNIT>
		<COLOR>#973b52</COLOR>
		<COVARIANCE_MATRIX>[[7.413205821649171e-06, 7.663936230528634e-06, 1.0412210031063296e-05, 7.866038686188404e-06, 8.451850590063259e-06, 8.877610525814816e-06], [7.663936230528634e-06, 1.4991602256486658e-05, 1.7358930563204922e-05, 1.742923996062018e-05, 1.721392800391186e-05, 1.5725483535788953e-05], [1.0412210031063296e-05, 1.7358930563204922e-05, 3.332141204737127e-05, 4.511111183091998e-05, 4.417120726429857e-05, 3.712890247697942e-05], [7.866038686188404e-06, 1.742923996062018e-05, 4.511111183091998e-05, 0.0001522476231912151, 0.00014151495997793972, 0.00010175064380746335], [8.451850590063259e-06, 1.721392800391186e-05, 4.417120726429857e-05, 0.00014151495997793972, 0.0001615984074305743, 0.00010631763143464923], [8.877610525814816e-06, 1.5725483535788953e-05, 3.712890247697942e-05, 0.00010175064380746335, 0.00010631763143464923, 9.425687312614173e-05]]</COVARIANCE_MATRIX>
		<ROI_SIZE>362</ROI_SIZE>
		<MAX_VALUE>[0.1284116506576538, 0.12521399557590485, 0.11016612499952316, 0.12327204644680023, 0.09684339165687561, 0.08041688799858093]</MAX_VALUE>
		<MIN_VALUE>[0.11129297316074371, 0.09840728342533112, 0.07250621169805527, 0.07305467128753662, 0.03622235730290413, 0.028182528913021088]</MIN_VALUE>
		<SIGNATURE_THRESHOLD_MD>0.0</SIGNATURE_THRESHOLD_MD>
		<SIGNATURE_THRESHOLD_ML>0.0</SIGNATURE_THRESHOLD_ML>
		<SIGNATURE_THRESHOLD_SAM>0.0</SIGNATURE_THRESHOLD_SAM>
	</signature>
	<signature ID="20210521_105330329570_913">
		<MACROCLASSID>1</MACROCLASSID>
		<MACROCLASSINFO>waterbody</MACROCLASSINFO>
		<CLASSID>12</CLASSID>
		<CLASSINFO>C 1</CLASSINFO>
		<VALUES>[0.1338177128346702, 0.003364357387193257, 0.12582844914820682, 0.005217336073155455, 0.08492637321663922, 0.005413721851975971, 0.06709962351208812, 0.005558253740021822, 0.035602251248733015, 0.0069863055397109165, 0.0245807082604157, 0.006172111775627071]</VALUES>
		<LCS_MIN>[0.12270542979240417, 0.11032138019800186, 0.07250621169805527, 0.05422315374016762, 0.020056743174791336, 0.007869167253375053]</LCS_MIN>
		<LCS_MAX>[0.1441037505865097, 0.15499921143054962, 0.11518742889165878, 0.09816335886716843, 0.06855358928442001, 0.05429971590638161]</LCS_MAX>
		<WAVELENGTH>[0.485, 0.56, 0.66, 0.83, 1.65, 2.215]</WAVELENGTH>
		<MEAN_VALUE>[0.1338177128346702, 0.12582844914820682, 0.08492637321663922, 0.06709962351208812, 0.035602251248733015, 0.0245807082604157]</MEAN_VALUE>
		<CHECKBOX>2</CHECKBOX>
		<SD>[0.003364357387193257, 0.005217336073155455, 0.005413721851975971, 0.005558253740021822, 0.0069863055397109165, 0.006172111775627071]</SD>
		<WAVELENGTH_UNIT>E-6m</WAVELENGTH_UNIT>
		<COLOR>#8e5f3c</COLOR>
		<COVARIANCE_MATRIX>[[1.0065421520266682e-05, 8.578731467423495e-06, 8.050265023484826e-06, 6.882550678710686e-06, 6.945689619897166e-06, 7.106873908924172e-06], [8.578731467423495e-06, 2.6262419851263985e-05, 2.341101753700059e-05, 1.3670382941199932e-05, 1.4663165529782418e-05, 1.184913344332017e-05], [8.050265023484826e-06, 2.341101753700059e-05, 3.1353010854218155e-05, 2.392192982370034e-05, 2.6832864023162983e-05, 2.183461401727982e-05], [6.882550678710686e-06, 1.3670382941199932e-05, 2.392192982370034e-05, 3.258392825955525e-05, 3.3669002732494846e-05, 2.8420892704161815e-05], [6.945689619897166e-06, 1.4663165529782418e-05, 2.6832864023162983e-05, 3.3669002732494846e-05, 5.0860297051258385e-05, 3.825804014923051e-05], [7.106873908924172e-06, 1.184913344332017e-05, 2.183461401727982e-05, 2.8420892704161815e-05, 3.825804014923051e-05, 3.8865233364049345e-05]]</COVARIANCE_MATRIX>
		<ROI_SIZE>5207</ROI_SIZE>
		<MAX_VALUE>[0.1441037505865097, 0.15499921143054962, 0.11518742889165878, 0.09816335886716843, 0.06855358928442001, 0.05429971590638161]</MAX_VALUE>
		<MIN_VALUE>[0.12270542979240417, 0.11032138019800186, 0.07250621169805527, 0.05422315374016762, 0.020056743174791336, 0.007869167253375053]</MIN_VALUE>
		<SIGNATURE_THRESHOLD_MD>0.0</SIGNATURE_THRESHOLD_MD>
		<SIGNATURE_THRESHOLD_ML>0.0</SIGNATURE_THRESHOLD_ML>
		<SIGNATURE_THRESHOLD_SAM>0.0</SIGNATURE_THRESHOLD_SAM>
	</signature>
	<signature ID="20210521_105333798072_365">
		<MACROCLASSID>1</MACROCLASSID>
		<MACROCLASSINFO>waterbody</MACROCLASSINFO>
		<CLASSID>13</CLASSID>
		<CLASSINFO>C 1</CLASSINFO>
		<VALUES>[0.1357347238202804, 0.0035162437367825734, 0.12745757537152522, 0.008810511307714774, 0.08574027226280236, 0.009164237039440432, 0.06517756599205639, 0.0050694812077605456, 0.03163742480613686, 0.006354677325219838, 0.020877398539904248, 0.005253028174822388]</VALUES>
		<LCS_MIN>[0.1284116506576538, 0.11627841740846634, 0.07501687109470367, 0.05736173316836357, 0.022077444940805435, 0.010771076194941998]</LCS_MIN>
		<LCS_MAX>[0.15266306698322296, 0.16691331565380096, 0.127740740776062, 0.09816335886716843, 0.06451218575239182, 0.05139780789613724]</LCS_MAX>
		<WAVELENGTH>[0.485, 0.56, 0.66, 0.83, 1.65, 2.215]</WAVELENGTH>
		<MEAN_VALUE>[0.1357347238202804, 0.12745757537152522, 0.08574027226280236, 0.06517756599205639, 0.03163742480613686, 0.020877398539904248]</MEAN_VALUE>
		<CHECKBOX>2</CHECKBOX>
		<SD>[0.0035162437367825734, 0.008810511307714774, 0.009164237039440432, 0.0050694812077605456, 0.006354677325219838, 0.005253028174822388]</SD>
		<WAVELENGTH_UNIT>E-6m</WAVELENGTH_UNIT>
		<COLOR>#ff9107</COLOR>
		<COVARIANCE_MATRIX>[[1.8737209757091478e-05, 4.0980343328556046e-05, 3.793630821746774e-05, 3.676196001833887e-06, -1.9000834754479001e-06, -1.5454575077455956e-06], [4.0980343328556046e-05, 0.00011484947754070163, 0.00010876307351281866, 1.688030533841811e-05, 4.295742655813228e-06, 2.153645482394495e-06], [3.793630821746774e-05, 0.00010876307351281866, 0.00011370335414540023, 2.6614859962137416e-05, 1.6502530343132094e-05, 1.1570726201171055e-05], [3.676196001833887e-06, 1.688030533841811e-05, 2.6614859962137416e-05, 2.6358831746620126e-05, 2.51840701821493e-05, 1.9489805708872154e-05], [-1.9000834754479001e-06, 4.295742655813228e-06, 1.6502530343132094e-05, 2.51840701821493e-05, 4.205594814266078e-05, 2.8861963073723018e-05], [-1.5454575077455956e-06, 2.153645482394495e-06, 1.1570726201171055e-05, 1.9489805708872154e-05, 2.8861963073723018e-05, 2.9821161660947837e-05]]</COVARIANCE_MATRIX>
		<ROI_SIZE>3716</ROI_SIZE>
		<MAX_VALUE>[0.15266306698322296, 0.16691331565380096, 0.127740740776062, 0.09816335886716843, 0.06451218575239182, 0.05139780789613724]</MAX_VALUE>
		<MIN_VALUE>[0.1284116506576538, 0.11627841740846634, 0.07501687109470367, 0.05736173316836357, 0.022077444940805435, 0.010771076194941998]</MIN_VALUE>
		<SIGNATURE_THRESHOLD_MD>0.0</SIGNATURE_THRESHOLD_MD>
		<SIGNATURE_THRESHOLD_ML>0.0</SIGNATURE_THRESHOLD_ML>
		<SIGNATURE_THRESHOLD_SAM>0.0</SIGNATURE_THRESHOLD_SAM>
	</signature>
	<signature ID="20210521_105340398432_701">
		<MACROCLASSID>1</MACROCLASSID>
		<MACROCLASSINFO>waterbody</MACROCLASSINFO>
		<CLASSID>14</CLASSID>
		<CLASSINFO>C 1</CLASSINFO>
		<VALUES>[0.11495405087209032, 0.003989467034703046, 0.09749791362380557, 0.006376946813978563, 0.07033252239139386, 0.007276321331130527, 0.07316114152383318, 0.01053039635679527, 0.045172456443133974, 0.011673778076492261, 0.030887554965605614, 0.009407142064487029]</VALUES>
		<LCS_MIN>[0.09988055378198624, 0.07755762338638306, 0.054931581020355225, 0.05736173316836357, 0.026118848472833633, 0.013672985136508942]</LCS_MIN>
		<LCS_MAX>[0.1284116506576538, 0.11627841740846634, 0.09761281311511993, 0.10757912695407867, 0.07663638144731522, 0.06300543993711472]</LCS_MAX>
		<WAVELENGTH>[0.485, 0.56, 0.66, 0.83, 1.65, 2.215]</WAVELENGTH>
		<MEAN_VALUE>[0.11495405087209032, 0.09749791362380557, 0.07033252239139386, 0.07316114152383318, 0.045172456443133974, 0.030887554965605614]</MEAN_VALUE>
		<CHECKBOX>2</CHECKBOX>
		<SD>[0.003989467034703046, 0.006376946813978563, 0.007276321331130527, 0.01053039635679527, 0.011673778076492261, 0.009407142064487029]</SD>
		<WAVELENGTH_UNIT>E-6m</WAVELENGTH_UNIT>
		<COLOR>#fca8ef</COLOR>
		<COVARIANCE_MATRIX>[[1.5939356671879068e-05, 2.0606477846740745e-05, 2.138622039637994e-05, 1.8656643078429624e-05, 2.276815393997822e-05, 1.9164190234732814e-05], [2.0606477846740745e-05, 4.07255174650345e-05, 4.1695810068631545e-05, 4.331757372710854e-05, 5.1046517910435796e-05, 4.0918363083619624e-05], [2.138622039637994e-05, 4.1695810068631545e-05, 5.302305726218037e-05, 6.188608676893637e-05, 6.92122193868272e-05, 5.468235394801013e-05], [1.8656643078429624e-05, 4.331757372710854e-05, 6.188608676893637e-05, 0.00011105304292868823, 0.00011196774721611291, 8.535535744158551e-05], [2.276815393997822e-05, 5.1046517910435796e-05, 6.92122193868272e-05, 0.00011196774721611291, 0.00013647839659824967, 9.988316742237657e-05], [1.9164190234732814e-05, 4.0918363083619624e-05, 5.468235394801013e-05, 8.535535744158551e-05, 9.988316742237657e-05, 8.862503455020487e-05]]</COVARIANCE_MATRIX>
		<ROI_SIZE>678</ROI_SIZE>
		<MAX_VALUE>[0.1284116506576538, 0.11627841740846634, 0.09761281311511993, 0.10757912695407867, 0.07663638144731522, 0.06300543993711472]</MAX_VALUE>
		<MIN_VALUE>[0.09988055378198624, 0.07755762338638306, 0.054931581020355225, 0.05736173316836357, 0.026118848472833633, 0.013672985136508942]</MIN_VALUE>
		<SIGNATURE_THRESHOLD_MD>0.0</SIGNATURE_THRESHOLD_MD>
		<SIGNATURE_THRESHOLD_ML>0.0</SIGNATURE_THRESHOLD_ML>
		<SIGNATURE_THRESHOLD_SAM>0.0</SIGNATURE_THRESHOLD_SAM>
	</signature>
	<signature ID="20210521_105345471103_360">
		<MACROCLASSID>1</MACROCLASSID>
		<MACROCLASSINFO>waterbody</MACROCLASSINFO>
		<CLASSID>15</CLASSID>
		<CLASSINFO>C 1</CLASSINFO>
		<VALUES>[0.12381453829308205, 0.0046401577836444425, 0.11035370925792688, 0.0063025809903230826, 0.09125610532964419, 0.006295191804508595, 0.10107198576954693, 0.014335825733568008, 0.059215036755379674, 0.011302471987341588, 0.04140058842208364, 0.00883924914947014]</VALUES>
		<LCS_MIN>[0.11129297316074371, 0.09245023131370544, 0.07501687109470367, 0.07619325816631317, 0.03420165181159973, 0.01947680115699768]</LCS_MIN>
		<LCS_MAX>[0.13554441928863525, 0.12521399557590485, 0.10765546560287476, 0.13896498084068298, 0.100884810090065, 0.08041688799858093]</LCS_MAX>
		<WAVELENGTH>[0.485, 0.56, 0.66, 0.83, 1.65, 2.215]</WAVELENGTH>
		<MEAN_VALUE>[0.12381453829308205, 0.11035370925792688, 0.09125610532964419, 0.10107198576954693, 0.059215036755379674, 0.04140058842208364]</MEAN_VALUE>
		<CHECKBOX>2</CHECKBOX>
		<SD>[0.0046401577836444425, 0.0063025809903230826, 0.006295191804508595, 0.014335825733568008, 0.011302471987341588, 0.00883924914947014]</SD>
		<WAVELENGTH_UNIT>E-6m</WAVELENGTH_UNIT>
		<COLOR>#67db25</COLOR>
		<COVARIANCE_MATRIX>[[2.1560317691182718e-05, 2.5758459742064588e-05, 2.510412741685286e-05, -1.1972202628385276e-05, 1.5866613466641866e-05, 2.0648112695198506e-05], [2.5758459742064588e-05, 3.977649976150133e-05, 3.581803321139887e-05, -9.023371603689156e-06, 2.6307074222131632e-05, 2.998838317580521e-05], [2.510412741685286e-05, 3.581803321139887e-05, 3.9683283830527216e-05, 6.940734692761907e-06, 3.5074652259936556e-05, 3.68298715329729e-05], [-1.1972202628385276e-05, -9.023371603689156e-06, 6.940734692761907e-06, 0.00020579513511620462, 0.00010833734995685518, 6.0995258536422625e-05], [1.5866613466641866e-05, 2.6307074222131632e-05, 3.5074652259936556e-05, 0.00010833734995685518, 0.00012791944027412683, 8.633441029815003e-05], [2.0648112695198506e-05, 2.998838317580521e-05, 3.68298715329729e-05, 6.0995258536422625e-05, 8.633441029815003e-05, 7.823848136467859e-05]]</COVARIANCE_MATRIX>
		<ROI_SIZE>737</ROI_SIZE>
		<MAX_VALUE>[0.13554441928863525, 0.12521399557590485, 0.10765546560287476, 0.13896498084068298, 0.100884810090065, 0.08041688799858093]</MAX_VALUE>
		<MIN_VALUE>[0.11129297316074371, 0.09245023131370544, 0.07501687109470367, 0.07619325816631317, 0.03420165181159973, 0.01947680115699768]</MIN_VALUE>
		<SIGNATURE_THRESHOLD_MD>0.0</SIGNATURE_THRESHOLD_MD>
		<SIGNATURE_THRESHOLD_ML>0.0</SIGNATURE_THRESHOLD_ML>
		<SIGNATURE_THRESHOLD_SAM>0.0</SIGNATURE_THRESHOLD_SAM>
	</signature>
	<signature ID="20210521_105349838087_795">
		<MACROCLASSID>1</MACROCLASSID>
		<MACROCLASSINFO>waterbody</MACROCLASSINFO>
		<CLASSID>16</CLASSID>
		<CLASSINFO>C 1</CLASSINFO>
		<VALUES>[0.11468535044477712, 0.004275012521026553, 0.09723344465203325, 0.0055414196788595195, 0.07202157402166405, 0.006679499621687822, 0.08088851544316905, 0.009822431961347699, 0.049592576801137676, 0.011510111716941083, 0.033130557898022495, 0.009685993387758282]</VALUES>
