<?xml version="1.0" ?>
<signaturelist MCID_LIST="[['1', 'waterbody', '#0000ff'], ['2', 'vegetation', '#00ff00'], ['3', 'bareland', '#ffaa00'], ['4', 'built-up', '#ff0000']]">
	<signature ID="20210201_142133220630_996">
		<MACROCLASSID>1</MACROCLASSID>
		<MACROCLASSINFO>waterbody</MACROCLASSINFO>
		<CLASSID>1</CLASSID>
		<CLASSINFO>C 1</CLASSINFO>
		<VALUES>[0.15213007852435115, 0.0024551531796090055, 0.1372070281129134, 0.00517372434881087, 0.12613342986687237, 0.008633838689324937, 0.14704366224376778, 0.008703584195770392, 0.0503789799925136, 0.01104640993860504, 0.026907938072997094, 0.008138121936738303]</VALUES>
		<LCS_MIN>[0.14503900706768036, 0.12169249355792999, 0.09916718304157257, 0.1339142769575119, 0.02918487973511219, 0.010402501560747623]</LCS_MIN>
		<LCS_MAX>[0.15826408565044403, 0.1504511535167694, 0.1389942616224289, 0.1671062558889389, 0.07192455977201462, 0.048763759434223175]</LCS_MAX>
		<WAVELENGTH>[0.485, 0.56, 0.66, 0.83, 1.65, 2.215]</WAVELENGTH>
		<MEAN_VALUE>[0.15213007852435115, 0.1372070281129134, 0.12613342986687237, 0.14704366224376778, 0.0503789799925136, 0.026907938072997094]</MEAN_VALUE>
		<CHECKBOX>2</CHECKBOX>
		<SD>[0.0024551531796090055, 0.00517372434881087, 0.008633838689324937, 0.008703584195770392, 0.01104640993860504, 0.008138121936738303]</SD>
		<WAVELENGTH_UNIT>E-6m</WAVELENGTH_UNIT>
		<COLOR>#83ebd8</COLOR>
		<COVARIANCE_MATRIX>[[6.067696176614845e-06, 8.583713679399807e-06, 1.495193919254234e-05, -8.141430953401141e-06, -5.822698312840657e-06, 4.0671281453796837e-07], [8.583713679399807e-06, 2.6944691853714176e-05, 4.0217644709628075e-05, -2.4288125132443383e-05, -2.3392372895614244e-05, -8.99801671039313e-06], [1.495193919254234e-05, 4.0217644709628075e-05, 7.503683445975184e-05, -4.0957238525152206e-05, -3.556517185643315e-05, -7.820364771760069e-06], [-8.141430953401141e-06, -2.4288125132443383e-05, -4.0957238525152206e-05, 7.625405123690143e-05, 7.293039379874244e-05, 4.0099472244037315e-05], [-5.822698312840657e-06, -2.3392372895614244e-05, -3.556517185643315e-05, 7.293039379874244e-05, 0.000122831275803037, 7.09855230525136e-05], [4.0671281453796837e-07, -8.99801671039313e-06, -7.820364771760069e-06, 4.0099472244037315e-05, 7.09855230525136e-05, 6.66676351102069e-05]]</COVARIANCE_MATRIX>
		<ROI_SIZE>152</ROI_SIZE>
		<MAX_VALUE>[0.15826408565044403, 0.1504511535167694, 0.1389942616224289, 0.1671062558889389, 0.07192455977201462, 0.048763759434223175]</MAX_VALUE>
		<MIN_VALUE>[0.14503900706768036, 0.12169249355792999, 0.09916718304157257, 0.1339142769575119, 0.02918487973511219, 0.010402501560747623]</MIN_VALUE>
		<SIGNATURE_THRESHOLD_MD>0.0</SIGNATURE_THRESHOLD_MD>
		<SIGNATURE_THRESHOLD_ML>0.0</SIGNATURE_THRESHOLD_ML>
		<SIGNATURE_THRESHOLD_SAM>0.0</SIGNATURE_THRESHOLD_SAM>
	</signature>
	<signature ID="20210201_142208421163_224">
		<MACROCLASSID>1</MACROCLASSID>
		<MACROCLASSINFO>waterbody</MACROCLASSINFO>
		<CLASSID>2</CLASSID>
		<CLASSINFO>C 1</CLASSINFO>
		<VALUES>[0.1539919311076068, 0.0022955912709374813, 0.13857608347126607, 0.004489444721956669, 0.12575585604383707, 0.00624381161333198, 0.1547058770495855, 0.01001906584437608, 0.056107275271683583, 0.011127640995459919, 0.02949692631203137, 0.008871169267593305]</VALUES>
		<LCS_MIN>[0.14834527671337128, 0.12528732419013977, 0.10580503195524216, 0.13806326687335968, 0.03452733904123306, 0.010402501560747623]</LCS_MIN>
		<LCS_MAX>[0.15991723537445068, 0.1504511535167694, 0.1356753259897232, 0.17540426552295685, 0.07726702094078064, 0.052599892020225525]</LCS_MAX>
		<WAVELENGTH>[0.485, 0.56, 0.66, 0.83, 1.65, 2.215]</WAVELENGTH>
		<MEAN_VALUE>[0.1539919311076068, 0.13857608347126607, 0.12575585604383707, 0.1547058770495855, 0.056107275271683583, 0.02949692631203137]</MEAN_VALUE>
		<CHECKBOX>2</CHECKBOX>
		<SD>[0.0022955912709374813, 0.004489444721956669, 0.00624381161333198, 0.01001906584437608, 0.011127640995459919, 0.008871169267593305]</SD>
		<WAVELENGTH_UNIT>E-6m</WAVELENGTH_UNIT>
		<COLOR>#d7cb9b</COLOR>
		<COVARIANCE_MATRIX>[[5.3296225814847276e-06, 5.9579169828793965e-06, 8.266358236141969e-06, -7.202994765975745e-06, -3.859381195070455e-06, 3.879332325595897e-06], [5.9579169828793965e-06, 2.038415004790295e-05, 2.281844717799686e-05, -2.2321009964798577e-05, -1.5045173313410487e-05, 1.4720001217938261e-06], [8.266358236141969e-06, 2.281844717799686e-05, 3.942819603253156e-05, -3.6148550861980766e-05, -2.7712962037185207e-05, -2.8903498332510935e-06], [-7.202994765975745e-06, -2.2321009964798577e-05, -3.6148550861980766e-05, 0.00010152238246519119, 9.003888408187777e-05, 4.739058203995228e-05], [-3.859381195070455e-06, -1.5045173313410487e-05, -2.7712962037185207e-05, 9.003888408187777e-05, 0.00012523148325271904, 7.547478890046477e-05], [3.879332325595897e-06, 1.4720001217938261e-06, -2.8903498332510935e-06, 4.739058203995228e-05, 7.547478890046477e-05, 7.959193317219615e-05]]</COVARIANCE_MATRIX>
		<ROI_SIZE>89</ROI_SIZE>
		<MAX_VALUE>[0.15991723537445068, 0.1504511535167694, 0.1356753259897232, 0.17540426552295685, 0.07726702094078064, 0.052599892020225525]</MAX_VALUE>
		<MIN_VALUE>[0.14834527671337128, 0.12528732419013977, 0.10580503195524216, 0.13806326687335968, 0.03452733904123306, 0.010402501560747623]</MIN_VALUE>
		<SIGNATURE_THRESHOLD_MD>0.0</SIGNATURE_THRESHOLD_MD>
		<SIGNATURE_THRESHOLD_ML>0.0</SIGNATURE_THRESHOLD_ML>
		<SIGNATURE_THRESHOLD_SAM>0.0</SIGNATURE_THRESHOLD_SAM>
	</signature>
	<signature ID="20210201_142217855340_725">
		<MACROCLASSID>1</MACROCLASSID>
		<MACROCLASSINFO>waterbody</MACROCLASSINFO>
		<CLASSID>3</CLASSID>
		<CLASSINFO>C 1</CLASSINFO>
		<VALUES>[0.15440012191433497, 0.0018905696838030298, 0.14009976422930343, 0.0033665994897356757, 0.12591849913798184, 0.005186612368820921, 0.14826080292822366, 0.008884643434195967, 0.047561654035585474, 0.00957663080253198, 0.0241755797325757, 0.006970859948295032]</VALUES>
		<LCS_MIN>[0.14999841153621674, 0.13247698545455933, 0.10912394523620605, 0.1339142769575119, 0.03185610845685005, 0.006566374097019434]</LCS_MIN>
		<LCS_MAX>[0.16157034039497375, 0.14685632288455963, 0.1356753259897232, 0.17125524580478668, 0.0692533329129219, 0.04109150916337967]</LCS_MAX>
		<WAVELENGTH>[0.485, 0.56, 0.66, 0.83, 1.65, 2.215]</WAVELENGTH>
		<MEAN_VALUE>[0.15440012191433497, 0.14009976422930343, 0.12591849913798184, 0.14826080292822366, 0.047561654035585474, 0.0241755797325757]</MEAN_VALUE>
		<CHECKBOX>2</CHECKBOX>
		<SD>[0.0018905696838030298, 0.0033665994897356757, 0.005186612368820921, 0.008884643434195967, 0.00957663080253198, 0.006970859948295032]</SD>
		<WAVELENGTH_UNIT>E-6m</WAVELENGTH_UNIT>
		<COLOR>#04a46a</COLOR>
		<COVARIANCE_MATRIX>[[3.6178421396471094e-06, 3.1433874028152786e-06, 3.792905545196845e-06, -6.037510047463002e-06, -3.7897789297858253e-06, -5.77694720504951e-07], [3.1433874028152786e-06, 1.1472211554064415e-05, 1.242533380718669e-05, -1.5020154023659416e-05, -1.3560228580900002e-05, -6.374393706209958e-06], [3.792905545196845e-06, 1.242533380718669e-05, 2.722900899243541e-05, -3.195514000253752e-05, -2.5774877940420993e-05, -8.687412446306553e-06], [-6.037510047463002e-06, -1.5020154023659416e-05, -3.195514000253752e-05, 7.989953155629337e-05, 6.698121433146298e-05, 2.747780854406301e-05], [-3.7897789297858253e-06, -1.3560228580900002e-05, -2.5774877940420993e-05, 6.698121433146298e-05, 9.283029794460163e-05, 4.510051803663373e-05], [-5.77694720504951e-07, -6.374393706209958e-06, -8.687412446306553e-06, 2.747780854406301e-05, 4.510051803663373e-05, 4.918548438581638e-05]]</COVARIANCE_MATRIX>
		<ROI_SIZE>83</ROI_SIZE>
		<MAX_VALUE>[0.16157034039497375, 0.14685632288455963, 0.1356753259897232, 0.17125524580478668, 0.0692533329129219, 0.04109150916337967]</MAX_VALUE>
		<MIN_VALUE>[0.14999841153621674, 0.13247698545455933, 0.10912394523620605, 0.1339142769575119, 0.03185610845685005, 0.006566374097019434]</MIN_VALUE>
		<SIGNATURE_THRESHOLD_MD>0.0</SIGNATURE_THRESHOLD_MD>
		<SIGNATURE_THRESHOLD_ML>0.0</SIGNATURE_THRESHOLD_ML>
		<SIGNATURE_THRESHOLD_SAM>0.0</SIGNATURE_THRESHOLD_SAM>
	</signature>
	<signature ID="20210201_142241328542_995">
		<MACROCLASSID>1</MACROCLASSID>
		<MACROCLASSINFO>waterbody</MACROCLASSINFO>
		<CLASSID>4</CLASSID>
		<CLASSINFO>C 1</CLASSINFO>
		<VALUES>[0.15369364516992187, 0.0020727467700461513, 0.14072395612796149, 0.003246230847494361, 0.12910256637077702, 0.004851616763270794, 0.14697140820470508, 0.008285723972883215, 0.04819775184652969, 0.008806357624793001, 0.024054596565809896, 0.006785598773247648]</VALUES>
		<LCS_MIN>[0.14669214189052582, 0.13247698545455933, 0.11576180160045624, 0.1339142769575119, 0.02918487973511219, 0.014238628558814526]</LCS_MIN>
		<LCS_MAX>[0.15826408565044403, 0.14685632288455963, 0.1356753259897232, 0.1671062558889389, 0.0692533329129219, 0.04492763802409172]</LCS_MAX>
		<WAVELENGTH>[0.485, 0.56, 0.66, 0.83, 1.65, 2.215]</WAVELENGTH>
		<MEAN_VALUE>[0.15369364516992187, 0.14072395612796149, 0.12910256637077702, 0.14697140820470508, 0.04819775184652969, 0.024054596565809896]</MEAN_VALUE>
		<CHECKBOX>2</CHECKBOX>
		<SD>[0.0020727467700461513, 0.003246230847494361, 0.004851616763270794, 0.008285723972883215, 0.008806357624793001, 0.006785598773247648]</SD>
		<WAVELENGTH_UNIT>E-6m</WAVELENGTH_UNIT>
		<COLOR>#b52fbd</COLOR>
		<COVARIANCE_MATRIX>[[4.338816779636545e-06, 2.52661743616045e-06, 3.451109250818263e-06, -5.468701601785142e-06, -4.801675459020771e-06, -1.4699857047162368e-06], [2.52661743616045e-06, 1.0642351298884023e-05, 1.1152732440677937e-05, -1.837226045608986e-05, -1.2315090316405986e-05, -6.385118922480615e-06], [3.451109250818263e-06, 1.1152732440677937e-05, 2.3771237465552986e-05, -3.371577258803882e-05, -2.4247476176242344e-05, -1.3755104191659484e-05], [-5.468701601785142e-06, -1.837226045608986e-05, -3.371577258803882e-05, 6.933295662747696e-05, 5.555019743042067e-05, 2.956571552203968e-05], [-4.801675459020771e-06, -1.2315090316405986e-05, -2.4247476176242344e-05, 5.555019743042067e-05, 7.831977563910186e-05, 4.659868136513978e-05], [-1.4699857047162368e-06, -6.385118922480615e-06, -1.3755104191659484e-05, 2.956571552203968e-05, 4.659868136513978e-05, 4.6500234020641074e-05]]</COVARIANCE_MATRIX>
		<ROI_SIZE>102</ROI_SIZE>
		<MAX_VALUE>[0.15826408565044403, 0.14685632288455963, 0.1356753259897232, 0.1671062558889389, 0.0692533329129219, 0.04492763802409172]</MAX_VALUE>
		<MIN_VALUE>[0.14669214189052582, 0.13247698545455933, 0.11576180160045624, 0.1339142769575119, 0.02918487973511219, 0.014238628558814526]</MIN_VALUE>
		<SIGNATURE_THRESHOLD_MD>0.0</SIGNATURE_THRESHOLD_MD>
		<SIGNATURE_THRESHOLD_ML>0.0</SIGNATURE_THRESHOLD_ML>
		<SIGNATURE_THRESHOLD_SAM>0.0</SIGNATURE_THRESHOLD_SAM>
	</signature>
	<signature ID="20210201_142254036410_517">
		<MACROCLASSID>1</MACROCLASSID>
		<MACROCLASSINFO>waterbody</MACROCLASSINFO>
		<CLASSID>5</CLASSID>
		<CLASSINFO>C 1</CLASSINFO>
		<VALUES>[0.13787542945808834, 0.0017425560593787466, 0.1117068479458491, 0.0022594864022561826, 0.09068550500604841, 0.002273251318276092, 0.1389852679438061, 0.006712258876728039, 0.07073734410934979, 0.007245895409963483, 0.04705881534351244, 0.007029665249410013]</VALUES>
		<LCS_MIN>[0.1351202130317688, 0.10731317102909088, 0.08589150011539459, 0.12976527214050293, 0.058568406850099564, 0.037255384027957916]</LCS_MIN>
		<LCS_MAX>[0.14007961750030518, 0.11450281739234924, 0.09252935647964478, 0.15465927124023438, 0.08260948210954666, 0.060272131115198135]</LCS_MAX>
		<WAVELENGTH>[0.485, 0.56, 0.66, 0.83, 1.65, 2.215]</WAVELENGTH>
		<MEAN_VALUE>[0.13787542945808834, 0.1117068479458491, 0.09068550500604841, 0.1389852679438061, 0.07073734410934979, 0.04705881534351244]</MEAN_VALUE>
		<CHECKBOX>2</CHECKBOX>
		<SD>[0.0017425560593787466, 0.0022594864022561826, 0.002273251318276092, 0.006712258876728039, 0.007245895409963483, 0.007029665249410013]</SD>
		<WAVELENGTH_UNIT>E-6m</WAVELENGTH_UNIT>
		<COLOR>#c94f75</COLOR>
		<COVARIANCE_MATRIX>[[3.416064373595873e-06, 2.7237435915594688e-06, 2.28609951591352e-06, -2.8580060984495503e-07, 1.0303784620191436e-05, 2.1138316697033588e-06], [2.7237435915594688e-06, 5.743438578065252e-06, 4.639819508156506e-06, 4.764487130159978e-06, 2.267275931444601e-06, -1.9152967070112936e-06], [2.28609951591352e-06, 4.639819508156506e-06, 5.813630650663981e-06, 7.076365818647901e-06, 1.9701387827808503e-06, -8.311075362144038e-06], [-2.8580060984495503e-07, 4.764487130159978e-06, 7.076365818647901e-06, 5.0686223403317854e-05, -1.5392910199807375e-06, -4.2000469875347335e-06], [1.0303784620191436e-05, 2.267275931444601e-06, 1.9701387827808503e-06, -1.5392910199807375e-06, 5.906587466597557e-05, 9.250903531210497e-06], [2.1138316697033588e-06, -1.9152967070112936e-06, -8.311075362144038e-06, -4.2000469875347335e-06, 9.250903531210497e-06, 5.5593216529814526e-05]]</COVARIANCE_MATRIX>
		<ROI_SIZE>9</ROI_SIZE>
		<MAX_VALUE>[0.14007961750030518, 0.11450281739234924, 0.09252935647964478, 0.15465927124023438, 0.08260948210954666, 0.060272131115198135]</MAX_VALUE>
		<MIN_VALUE>[0.1351202130317688, 0.10731317102909088, 0.08589150011539459, 0.12976527214050293, 0.058568406850099564, 0.037255384027957916]</MIN_VALUE>
		<SIGNATURE_THRESHOLD_MD>0.0</SIGNATURE_THRESHOLD_MD>
		<SIGNATURE_THRESHOLD_ML>0.0</SIGNATURE_THRESHOLD_ML>
		<SIGNATURE_THRESHOLD_SAM>0.0</SIGNATURE_THRESHOLD_SAM>
	</signature>
	<signature ID="20210201_142302594723_374">
		<MACROCLASSID>1</MACROCLASSID>
		<MACROCLASSINFO>waterbody</MACROCLASSINFO>
		<CLASSID>6</CLASSID>
		<CLASSINFO>C 1</CLASSINFO>
		<VALUES>[0.13820307601142567, 0.0016379736016495308, 0.11391988195277548, 0.003396348184474346, 0.08867222010283858, 0.00374171205143366, 0.15140734008840612, 0.017685374413877904, 0.06788161739304258, 0.015829081514226833, 0.03735906263259618, 0.009990921214254699]</VALUES>
		<LCS_MIN>[0.1351202130317688, 0.10731317102909088, 0.0825725719332695, 0.12146727740764618, 0.0425410270690918, 0.021910879760980606]</LCS_MIN>
		<LCS_MAX>[0.14173275232315063, 0.11809766292572021, 0.09916718304157257, 0.19200024008750916, 0.09062317758798599, 0.05643600970506668]</LCS_MAX>
		<WAVELENGTH>[0.485, 0.56, 0.66, 0.83, 1.65, 2.215]</WAVELENGTH>
		<MEAN_VALUE>[0.13820307601142567, 0.11391988195277548, 0.08867222010283858, 0.15140734008840612, 0.06788161739304258, 0.03735906263259618]</MEAN_VALUE>
		<CHECKBOX>2</CHECKBOX>
		<SD>[0.0016379736016495308, 0.003396348184474346, 0.00374171205143366, 0.017685374413877904, 0.015829081514226833, 0.009990921214254699]</SD>
		<WAVELENGTH_UNIT>E-6m</WAVELENGTH_UNIT>
		<COLOR>#fb8bde</COLOR>
		<COVARIANCE_MATRIX>[[2.757484026005841e-06, 1.1867689408973092e-06, 9.432734486836125e-07, -4.747660568682477e-06, -4.8535280257056e-06, -1.7377609538016259e-06], [1.1867689408973092e-06, 1.1855602679133881e-05, 2.6602808702591574e-06, -3.191297309967922e-06, 6.11334462519153e-06, 9.255586519429926e-06], [9.432734486836125e-07, 2.6602808702591574e-06, 1.4389309399120975e-05, 1.6943995433393866e-05, 2.9778360840282403e-05, 2.658197990967892e-05], [-4.747660568682477e-06, -3.191297309967922e-06, 1.6943995433393866e-05, 0.0003214605967514217, 0.0002287725656060502, 9.7611453384161e-05], [-4.8535280257056e-06, 6.11334462519153e-06, 2.9778360840282403e-05, 0.0002287725656060502, 0.0002575198304839432, 0.0001364905619993806], [-1.7377609538016259e-06, 9.255586519429926e-06, 2.658197990967892e-05, 9.7611453384161e-05, 0.0001364905619993806, 0.00010259124246658757]]</COVARIANCE_MATRIX>
		<ROI_SIZE>37</ROI_SIZE>
		<MAX_VALUE>[0.14173275232315063, 0.11809766292572021, 0.09916718304157257, 0.19200024008750916, 0.09062317758798599, 0.05643600970506668]</MAX_VALUE>
		<MIN_VALUE>[0.1351202130317688, 0.10731317102909088, 0.0825725719332695, 0.12146727740764618, 0.0425410270690918, 0.021910879760980606]</MIN_VALUE>
		<SIGNATURE_THRESHOLD_MD>0.0</SIGNATURE_THRESHOLD_MD>
		<SIGNATURE_THRESHOLD_ML>0.0</SIGNATURE_THRESHOLD_ML>
		<SIGNATURE_THRESHOLD_SAM>0.0</SIGNATURE_THRESHOLD_SAM>
	</signature>
	<signature ID="20210201_142318300352_269">
		<MACROCLASSID>1</MACROCLASSID>
		<MACROCLASSINFO>waterbody</MACROCLASSINFO>
		<CLASSID>7</CLASSID>
		<CLASSINFO>C 1</CLASSINFO>
		<VALUES>[0.13992644622683914, 0.0023121891373631626, 0.11577767093246359, 0.003409969153233176, 0.08965577468418844, 0.003981136761636512, 0.12718043642969556, 0.011568790827227162, 0.04308722325907158, 0.010872010641468512, 0.0224378873094226, 0.00831650197840202]</VALUES>
		<LCS_MIN>[0.13346709311008453, 0.1037183329463005, 0.079253651201725, 0.10902027785778046, 0.023842422291636467, 0.006566374097019434]</LCS_MIN>
		<LCS_MAX>[0.14669214189052582, 0.12528732419013977, 0.10580503195524216, 0.15465927124023438, 0.07459578663110733, 0.04492763802409172]</LCS_MAX>
		<WAVELENGTH>[0.485, 0.56, 0.66, 0.83, 1.65, 2.215]</WAVELENGTH>
		<MEAN_VALUE>[0.13992644622683914, 0.11577767093246359, 0.08965577468418844, 0.12718043642969556, 0.04308722325907158, 0.0224378873094226]</MEAN_VALUE>
		<CHECKBOX>2</CHECKBOX>
		<SD>[0.0023121891373631626, 0.003409969153233176, 0.003981136761636512, 0.011568790827227162, 0.010872010641468512, 0.00831650197840202]</SD>
		<WAVELENGTH_UNIT>E-6m</WAVELENGTH_UNIT>
		<COLOR>#b01ac8</COLOR>
		<COVARIANCE_MATRIX>[[5.363353920984082e-06, 3.338685019116383e-06, 3.6910175822413294e-06, -4.661984803533414e-06, 1.272825215892226e-06, 2.520069756428711e-06], [3.338685019116383e-06, 1.1665158126561437e-05, 6.237200523173669e-06, -4.056029865751043e-06, 4.687551154347602e-06, 7.149305019993335e-06], [3.6910175822413294e-06, 6.237200523173669e-06, 1.5900250218692236e-05, 7.113103492883965e-06, 1.6606305507593788e-05, 1.6087373296613805e-05], [-4.661984803533414e-06, -4.056029865751043e-06, 7.113103492883965e-06, 0.0001342658797511831, 0.0001012337306747213, 5.855224662809633e-05], [1.272825215892226e-06, 4.687551154347602e-06, 1.6606305507593788e-05, 0.0001012337306747213, 0.00011857946083182469, 7.282087608473375e-05], [2.520069756428711e-06, 7.149305019993335e-06, 1.6087373296613805e-05, 5.855224662809633e-05, 7.282087608473375e-05, 6.938588194316253e-05]]</COVARIANCE_MATRIX>
		<ROI_SIZE>313</ROI_SIZE>
		<MAX_VALUE>[0.14669214189052582, 0.12528732419013977, 0.10580503195524216, 0.15465927124023438, 0.07459578663110733, 0.04492763802409172]</MAX_VALUE>
		<MIN_VALUE>[0.13346709311008453, 0.1037183329463005, 0.079253651201725, 0.10902027785778046, 0.023842422291636467, 0.006566374097019434]</MIN_VALUE>
		<SIGNATURE_THRESHOLD_MD>0.0</SIGNATURE_THRESHOLD_MD>
		<SIGNATURE_THRESHOLD_ML>0.0</SIGNATURE_THRESHOLD_ML>
		<SIGNATURE_THRESHOLD_SAM>0.0</SIGNATURE_THRESHOLD_SAM>
	</signature>
	<signature ID="20210201_142333932441_175">
		<MACROCLASSID>1</MACROCLASSID>
		<MACROCLASSINFO>waterbody</MACROCLASSINFO>
		<CLASSID>8</CLASSID>
		<CLASSINFO>C 1</CLASSINFO>
		<VALUES>[0.1369908577517459, 0.0019768962914933014, 0.11157020338271792, 0.003178639776976227, 0.08763830167682549, 0.003382669371501513, 0.1378449005515952, 0.010808678721972694, 0.05596747327792017, 0.011241349508026943, 0.030188835814203088, 0.007338219701544323]</VALUES>
		<LCS_MIN>[0.13181394338607788, 0.10731317102909088, 0.079253651201725, 0.12146727740764618, 0.037198569625616074, 0.018074754625558853]</LCS_MIN>
		<LCS_MAX>[0.14007961750030518, 0.11809766292572021, 0.09584826976060867, 0.15880824625492096, 0.07993824034929276, 0.04492763802409172]</LCS_MAX>
		<WAVELENGTH>[0.485, 0.56, 0.66, 0.83, 1.65, 2.215]</WAVELENGTH>
		<MEAN_VALUE>[0.1369908577517459, 0.11157020338271792, 0.08763830167682549, 0.1378449005515952, 0.05596747327792017, 0.030188835814203088]</MEAN_VALUE>
		<CHECKBOX>2</CHECKBOX>
		<SD>[0.0019768962914933014, 0.003178639776976227, 0.003382669371501513, 0.010808678721972694, 0.011241349508026943, 0.007338219701544323]</SD>
		<WAVELENGTH_UNIT>E-6m</WAVELENGTH_UNIT>
		<COLOR>#87ac9b</COLOR>
		<COVARIANCE_MATRIX>[[4.0137438190868124e-06, 9.763706430021557e-07, 2.427226718282327e-06, 2.3415124417169864e-07, 1.0366764513491944e-07, -4.78084757560282e-07], [9.763706430021557e-07, 1.0376825230196118e-05, 5.583624897553818e-06, -1.0608101774778333e-06, 1.6562089513172396e-05, 1.0396590369055048e-05], [2.427226718282327e-06, 5.583624897553818e-06, 1.1751707461371552e-05, 8.20728291728301e-06, 1.4729789654666092e-05, 1.4053900486032944e-05], [2.3415124417169864e-07, -1.0608101774778333e-06, 8.20728291728301e-06, 0.00011998503759969026, 7.13059343979694e-05, 2.2504367734654807e-05], [1.0366764513491944e-07, 1.6562089513172396e-05, 1.4729789654666092e-05, 7.13059343979694e-05, 0.00012978329323232174, 5.61772430955898e-05], [-4.78084757560282e-07, 1.0396590369055048e-05, 1.4053900486032944e-05, 2.2504367734654807e-05, 5.61772430955898e-05, 5.5304859415628016e-05]]</COVARIANCE_MATRIX>
		<ROI_SIZE>38</ROI_SIZE>
		<MAX_VALUE>[0.14007961750030518, 0.11809766292572021, 0.09584826976060867, 0.15880824625492096, 0.07993824034929276, 0.04492763802409172]</MAX_VALUE>
		<MIN_VALUE>[0.13181394338607788, 0.10731317102909088, 0.079253651201725, 0.12146727740764618, 0.037198569625616074, 0.018074754625558853]</MIN_VALUE>
		<SIGNATURE_THRESHOLD_MD>0.0</SIGNATURE_THRESHOLD_MD>
		<SIGNATURE_THRESHOLD_ML>0.0</SIGNATURE_THRESHOLD_ML>
		<SIGNATURE_THRESHOLD_SAM>0.0</SIGNATURE_THRESHOLD_SAM>
	</signature>
	<signature ID="20210201_142341470776_729">
		<MACROCLASSID>1</MACROCLASSID>
		<MACROCLASSINFO>waterbody</MACROCLASSINFO>
		<CLASSID>9</CLASSID>
		<CLASSINFO>C 1</CLASSINFO>
		<VALUES>[0.13219879531624734, 0.0019424500245608476, 0.10224723888460234, 0.0026030614176795717, 0.07895723214893878, 0.0019407892991251466, 0.10642337000562012, 0.006582042478251746, 0.026818710358848887, 0.004802965594954367, 0.011413486538411245, 0.003358665364666172]</VALUES>
		<LCS_MIN>[0.12354829907417297, 0.09652865678071976, 0.07261580228805542, 0.09657329320907593, 0.015828730538487434, 0.0027302494272589684]</LCS_MIN>
		<LCS_MAX>[0.13842646777629852, 0.10731317102909088, 0.08921042084693909, 0.1339142769575119, 0.05055471882224083, 0.02574700117111206]</LCS_MAX>
		<WAVELENGTH>[0.485, 0.56, 0.66, 0.83, 1.65, 2.215]</WAVELENGTH>
		<MEAN_VALUE>[0.13219879531624734, 0.10224723888460234, 0.07895723214893878, 0.10642337000562012, 0.026818710358848887, 0.011413486538411245]</MEAN_VALUE>
		<CHECKBOX>2</CHECKBOX>
		<SD>[0.0019424500245608476, 0.0026030614176795717, 0.0019407892991251466, 0.006582042478251746, 0.004802965594954367, 0.003358665364666172]</SD>
		<WAVELENGTH_UNIT>E-6m</WAVELENGTH_UNIT>
		<COLOR>#d748e2</COLOR>
		<COVARIANCE_MATRIX>[[3.7138322568353033e-06, 1.2087691629858455e-06, 6.363369493556092e-07, -2.8564986678247806e-06, -1.152480081145768e-06, -2.562757117630099e-07], [1.2087691629858455e-06, 7.009630280663259e-06, 9.56613462221867e-07, -1.3781293546344386e-06, 3.672149162525784e-08, 2.6433647803969507e-07], [6.363369493556092e-07, 9.56613462221867e-07, 3.8171142477949616e-06, 1.7566466681273596e-07, 9.647691285863402e-07, 4.185349951058015e-07], [-2.8564986678247806e-06, -1.3781293546344386e-06, 1.7566466681273596e-07, 4.8111942305695266e-05, 2.503744326531887e-05, 1.0234623005089816e-05], [-1.152480081145768e-06, 3.672149162525784e-08, 9.647691285863402e-07, 2.503744326531887e-05, 2.5404971893294714e-05, 8.861490641720593e-06], [-2.562757117630099e-07, 2.6433647803969507e-07, 4.185349951058015e-07, 1.0234623005089816e-05, 8.861490641720593e-06, 1.176277146441862e-05]]</COVARIANCE_MATRIX>
		<ROI_SIZE>2364</ROI_SIZE>
		<MAX_VALUE>[0.13842646777629852, 0.10731317102909088, 0.08921042084693909, 0.1339142769575119, 0.05055471882224083, 0.02574700117111206]</MAX_VALUE>
		<MIN_VALUE>[0.12354829907417297, 0.09652865678071976, 0.07261580228805542, 0.09657329320907593, 0.015828730538487434, 0.0027302494272589684]</MIN_VALUE>
		<SIGNATURE_THRESHOLD_MD>0.0</SIGNATURE_THRESHOLD_MD>
		<SIGNATURE_THRESHOLD_ML>0.0</SIGNATURE_THRESHOLD_ML>
		<SIGNATURE_THRESHOLD_SAM>0.0</SIGNATURE_THRESHOLD_SAM>
	</signature>
	<signature ID="20210201_142410964927_912">
		<MACROCLASSID>1</MACROCLASSID>
		<MACROCLASSINFO>waterbody</MACROCLASSINFO>
		<CLASSID>10</CLASSID>
		<CLASSINFO>C 1</CLASSINFO>
		<VALUES>[0.12411853781404804, 0.0017369722423432672, 0.10371833263477798, 0.002437951632030351, 0.07905706045467677, 0.002932063897277666, 0.08106875918052754, 0.00402154991308046, 0.025927282840610598, 0.005298465165141634, 0.012694820852541347, 0.004883002630830642]</VALUES>
		<LCS_MIN>[0.1185888946056366, 0.09652865678071976, 0.07261580228805542, 0.07582829892635345, 0.015828730538487434, 0.0027302494272589684]</LCS_MIN>
		<LCS_MAX>[0.13016082346439362, 0.12169249355792999, 0.09916718304157257, 0.10487129539251328, 0.05055471882224083, 0.03341925889253616]</LCS_MAX>
		<WAVELENGTH>[0.485, 0.56, 0.66, 0.83, 1.65, 2.215]</WAVELENGTH>
		<MEAN_VALUE>[0.12411853781404804, 0.10371833263477798, 0.07905706045467677, 0.08106875918052754, 0.025927282840610598, 0.012694820852541347]</MEAN_VALUE>
		<CHECKBOX>2</CHECKBOX>
		<SD>[0.0017369722423432672, 0.002437951632030351, 0.002932063897277666, 0.00402154991308046, 0.005298465165141634, 0.004883002630830642]</SD>
		<WAVELENGTH_UNIT>E-6m</WAVELENGTH_UNIT>
		<COLOR>#f29a88</COLOR>
		<COVARIANCE_MATRIX>[[3.0223379781091353e-06, 6.948741315682128e-07, 8.783199518802576e-07, 1.6388538597311708e-06, 1.6990265976346564e-06, 1.5237911838994478e-06], [6.948741315682128e-07, 5.953981144557474e-06, 3.623019438236952e-06, 3.82635244022822e-06, 4.642108251573518e-06, 3.946944616473047e-06], [8.783199518802576e-07, 3.623019438236952e-06, 8.612002602603752e-06, 6.679496436845511e-06, 8.626351700513624e-06, 6.495155503216665e-06], [1.6388538597311708e-06, 3.82635244022822e-06, 6.679496436845511e-06, 1.6201089238165878e-05, 1.3696925634576473e-05, 1.1409814760554582e-05], [1.6990265976346564e-06, 4.642108251573518e-06, 8.626351700513624e-06, 1.3696925634576473e-05, 2.8122727599111386e-05, 1.815685936890077e-05], [1.5237911838994478e-06, 3.946944616473047e-06, 6.495155503216665e-06, 1.1409814760554582e-05, 1.815685936890077e-05, 2.3885326299932785e-05]]</COVARIANCE_MATRIX>
		<ROI_SIZE>574</ROI_SIZE>
		<MAX_VALUE>[0.13016082346439362, 0.12169249355792999, 0.09916718304157257, 0.10487129539251328, 0.05055471882224083, 0.03341925889253616]</MAX_VALUE>
		<MIN_VALUE>[0.1185888946056366, 0.09652865678071976, 0.07261580228805542, 0.07582829892635345, 0.015828730538487434, 0.0027302494272589684]</MIN_VALUE>
		<SIGNATURE_THRESHOLD_MD>0.0</SIGNATURE_THRESHOLD_MD>
		<SIGNATURE_THRESHOLD_ML>0.0</SIGNATURE_THRESHOLD_ML>
		<SIGNATURE_THRESHOLD_SAM>0.0</SIGNATURE_THRESHOLD_SAM>
	</signature>
	<signature ID="20210201_142416548523_550">
		<MACROCLASSID>1</MACROCLASSID>
		<MACROCLASSINFO>waterbody</MACROCLASSINFO>
		<CLASSID>11</CLASSID>
		<CLASSINFO>C 1</CLASSINFO>
		<VALUES>[0.12282546615672973, 0.0026956793834005117, 0.10044368410762024, 0.0036457084002017495, 0.07881023285359987, 0.0035750327095253843, 0.08577246031901131, 0.006767313894429379, 0.029401173928247277, 0.006996297532610546, 0.014813270029585495, 0.00615301010707271]</VALUES>
		<LCS_MIN>[0.11197637021541595, 0.0893390029668808, 0.06597796827554703, 0.07582829892635345, 0.018499959260225296, 0.0027302494272589684]</LCS_MIN>
		<LCS_MAX>[0.13016082346439362, 0.11090800166130066, 0.09584826976060867, 0.10902027785778046, 0.05055471882224083, 0.03341925889253616]</LCS_MAX>
		<WAVELENGTH>[0.485, 0.56, 0.66, 0.83, 1.65, 2.215]</WAVELENGTH>
		<MEAN_VALUE>[0.12282546615672973, 0.10044368410762024, 0.07881023285359987, 0.08577246031901131, 0.029401173928247277, 0.014813270029585495]</MEAN_VALUE>
		<CHECKBOX>2</CHECKBOX>
		<SD>[0.0026956793834005117, 0.0036457084002017495, 0.0035750327095253843, 0.006767313894429379, 0.006996297532610546, 0.00615301010707271]</SD>
		<WAVELENGTH_UNIT>E-6m</WAVELENGTH_UNIT>
		<COLOR>#7bd3a8</COLOR>
		<COVARIANCE_MATRIX>[[7.296226613107137e-06, 6.199272775120335e-06, 5.454743586597033e-06, -3.3499597975605866e-06, 1.6289377526845783e-06, 3.072284698646399e-06], [6.199272775120335e-06, 1.3345218576432671e-05, 8.048039489949588e-06, -5.898372705814836e-07, 7.581351383123547e-06, 7.04672993379063e-06], [5.454743586597033e-06, 8.048039489949588e-06, 1.2832813808927312e-05, 3.0839221381029347e-06, 8.20508739707293e-06, 7.812119292793795e-06], [-3.3499597975605866e-06, -5.898372705814836e-07, 3.0839221381029347e-06, 4.598270243150182e-05, 3.36571793013718e-05, 2.065984153887257e-05], [1.6289377526845783e-06, 7.581351383123547e-06, 8.20508739707293e-06, 3.36571793013718e-05, 4.914715464110486e-05, 3.20746585202869e-05], [3.072284698646399e-06, 7.04672993379063e-06, 7.812119292793795e-06, 2.065984153887257e-05, 3.20746585202869e-05, 3.8013433368178084e-05]]</COVARIANCE_MATRIX>
		<ROI_SIZE>247</ROI_SIZE>
		<MAX_VALUE>[0.13016082346439362, 0.11090800166130066, 0.09584826976060867, 0.10902027785778046, 0.05055471882224083, 0.03341925889253616]</MAX_VALUE>
		<MIN_VALUE>[0.11197637021541595, 0.0893390029668808, 0.06597796827554703, 0.07582829892635345, 0.018499959260225296, 0.0027302494272589684]</MIN_VALUE>
		<SIGNATURE_THRESHOLD_MD>0.0</SIGNATURE_THRESHOLD_MD>
		<SIGNATURE_THRESHOLD_ML>0.0</SIGNATURE_THRESHOLD_ML>
		<SIGNATURE_THRESHOLD_SAM>0.0</SIGNATURE_THRESHOLD_SAM>
	</signature>
	<signature ID="20210201_142424737539_697">
		<MACROCLASSID>1</MACROCLASSID>
		<MACROCLASSINFO>waterbody</MACROCLASSINFO>
		<CLASSID>12</CLASSID>
		<CLASSINFO>C 1</CLASSINFO>
		<VALUES>[0.122817227268124, 0.001940679460875647, 0.10446308021882611, 0.002070021201410604, 0.0826386874356118, 0.0026407237920856477, 0.08425853650764638, 0.00690766877738671, 0.03279263624899178, 0.008084586494506016, 0.017035484471658906, 0.006982442946456694]</VALUES>
		<LCS_MIN>[0.11693575978279114, 0.09652865678071976, 0.07593473047018051, 0.07167931646108627, 0.018499959260225296, 0.006566374097019434]</LCS_MIN>
		<LCS_MAX>[0.12850768864154816, 0.11090800166130066, 0.09584826976060867, 0.10902027785778046, 0.05589717999100685, 0.04109150916337967]</LCS_MAX>
		<WAVELENGTH>[0.485, 0.56, 0.66, 0.83, 1.65, 2.215]</WAVELENGTH>
		<MEAN_VALUE>[0.122817227268124, 0.10446308021882611, 0.0826386874356118, 0.08425853650764638, 0.03279263624899178, 0.017035484471658906]</MEAN_VALUE>
		<CHECKBOX>2</CHECKBOX>
		<SD>[0.001940679460875647, 0.002070021201410604, 0.0026407237920856477, 0.00690766877738671, 0.008084586494506016, 0.006982442946456694]</SD>
		<WAVELENGTH_UNIT>E-6m</WAVELENGTH_UNIT>
		<COLOR>#d2f82a</COLOR>
		<COVARIANCE_MATRIX>[[3.7813017570442753e-06, 6.417222380150633e-07, 7.947072049319104e-07, -2.5959693061849975e-07, 1.2879683026767452e-06, 1.0128425174116273e-06], [6.417222380150633e-07, 4.302127763367025e-06, 1.8117990521204774e-06, 3.187400068327406e-07, 1.8317614092211443e-07, 1.7148253164123162e-06], [7.947072049319104e-07, 1.8117990521204774e-06, 7.001315680099651e-06, 7.206816462712595e-06, 8.76798640092602e-06, 8.064565008680802e-06], [-2.5959693061849975e-07, 3.187400068327406e-07, 7.206816462712595e-06, 4.790675302501768e-05, 4.252277358318679e-05, 3.203381129424088e-05], [1.2879683026767452e-06, 1.8317614092211443e-07, 8.76798640092602e-06, 4.252277358318679e-05, 6.562197813764215e-05, 4.471213469514623e-05], [1.0128425174116273e-06, 1.7148253164123162e-06, 8.064565008680802e-06, 3.203381129424088e-05, 4.471213469514623e-05, 4.894952871836722e-05]]</COVARIANCE_MATRIX>
		<ROI_SIZE>251</ROI_SIZE>
		<MAX_VALUE>[0.12850768864154816, 0.11090800166130066, 0.09584826976060867, 0.10902027785778046, 0.05589717999100685, 0.04109150916337967]</MAX_VALUE>
		<MIN_VALUE>[0.11693575978279114, 0.09652865678071976, 0.07593473047018051, 0.07167931646108627, 0.018499959260225296, 0.006566374097019434]</MIN_VALUE>
		<SIGNATURE_THRESHOLD_MD>0.0</SIGNATURE_THRESHOLD_MD>
		<SIGNATURE_THRESHOLD_ML>0.0</SIGNATURE_THRESHOLD_ML>
		<SIGNATURE_THRESHOLD_SAM>0.0</SIGNATURE_THRESHOLD_SAM>
	</signature>
	<signature ID="20210201_142444723575_738">
		<MACROCLASSID>1</MACROCLASSID>
		<MACROCLASSINFO>waterbody</MACROCLASSINFO>
		<CLASSID>13</CLASSID>
		<CLASSINFO>C 1</CLASSINFO>
		<VALUES>[0.12333413735032084, 0.0025435187164900334, 0.10091190996833807, 0.004045861716803945, 0.07910279122773897, 0.0033827666540879923, 0.0777990778484805, 0.006868168276683931, 0.027712668194858885, 0.006824419905633263, 0.013955277468564667, 0.005520131288503347]</VALUES>
		<LCS_MIN>[0.1103232279419899, 0.0893390029668808, 0.06929688900709152, 0.0675303116440773, 0.018499959260225296, 0.0027302494272589684]</LCS_MIN>
		<LCS_MAX>[0.13016082346439362, 0.11090800166130066, 0.09916718304157257, 0.10487129539251328, 0.05055471882224083, 0.037255384027957916]</LCS_MAX>
		<WAVELENGTH>[0.485, 0.56, 0.66, 0.83, 1.65, 2.215]</WAVELENGTH>
		<MEAN_VALUE>[0.12333413735032084, 0.10091190996833807, 0.07910279122773897, 0.0777990778484805, 0.027712668194858885, 0.013955277468564667]</MEAN_VALUE>
		<CHECKBOX>2</CHECKBOX>
		<SD>[0.0025435187164900334, 0.004045861716803945, 0.0033827666540879923, 0.006868168276683931, 0.006824419905633263, 0.005520131288503347]</SD>
		<WAVELENGTH_UNIT>E-6m</WAVELENGTH_UNIT>
		<COLOR>#11d8d6</COLOR>
		<COVARIANCE_MATRIX>[[5.764703928434756e-06, 5.102941031509545e-06, 2.7343396595824743e-06, -5.095967935631052e-06, -3.943381216231501e-06, -1.4647457646788098e-06], [5.102941031509545e-06, 1.4119334082351997e-05, 6.000388566462789e-06, -5.807245543110184e-06, -3.118872882623691e-06, -6.7579875917545e-08], [2.7343396595824743e-06, 6.000388566462789e-06, 9.993269486585632e-06, 2.280112312291749e-06, 4.9030322770704515e-06, 4.974874627805548e-06], [-5.095967935631052e-06, -5.807245543110184e-06, 2.280112312291749e-06, 3.3287553378613666e-05, 2.7363472327124327e-05, 1.719325882731937e-05], [-3.943381216231501e-06, -3.118872882623691e-06, 4.9030322770704515e-06, 2.7363472327124327e-05, 3.982690759585239e-05, 2.3329856048803777e-05], [-1.4647457646788098e-06, -6.7579875917545e-08, 4.974874627805548e-06, 1.719325882731937e-05, 2.3329856048803777e-05, 2.7414216674515046e-05]]</COVARIANCE_MATRIX>
		<ROI_SIZE>1986</ROI_SIZE>
		<MAX_VALUE>[0.13016082346439362, 0.11090800166130066, 0.09916718304157257, 0.10487129539251328, 0.05055471882224083, 0.037255384027957916]</MAX_VALUE>
		<MIN_VALUE>[0.1103232279419899, 0.0893390029668808, 0.06929688900709152, 0.0675303116440773, 0.018499959260225296, 0.0027302494272589684]</MIN_VALUE>
		<SIGNATURE_THRESHOLD_MD>0.0</SIGNATURE_THRESHOLD_MD>
		<SIGNATURE_THRESHOLD_ML>0.0</SIGNATURE_THRESHOLD_ML>
		<SIGNATURE_THRESHOLD_SAM>0.0</SIGNATURE_THRESHOLD_SAM>
	</signature>
	<signature ID="20210201_142452750549_243">
		<MACROCLASSID>1</MACROCLASSID>
		<MACROCLASSINFO>waterbody</MACROCLASSINFO>
		<CLASSID>14</CLASSID>
		<CLASSINFO>C 1</CLASSINFO>
		<VALUES>[0.12410644124247762, 0.0022232296216309374, 0.10179635522156168, 0.0034766773563862344, 0.07857569280372428, 0.0030144026026230467, 0.07478186428114653, 0.004991337967149992, 0.025371758888665503, 0.006076467190962948, 0.012393652394865718, 0.004961387044417308]</VALUES>
		<LCS_MIN>[0.11362949013710022, 0.08574417233467102, 0.06597796827554703, 0.0675303116440773, 0.013157499954104424, 0.0]</LCS_MIN>
		<LCS_MAX>[0.13181394338607788, 0.11450281739234924, 0.09584826976060867, 0.1007222980260849, 0.05322594940662384, 0.037255384027957916]</LCS_MAX>
		<WAVELENGTH>[0.485, 0.56, 0.66, 0.83, 1.65, 2.215]</WAVELENGTH>
		<MEAN_VALUE>[0.12410644124247762, 0.10179635522156168, 0.07857569280372428, 0.07478186428114653, 0.025371758888665503, 0.012393652394865718]</MEAN_VALUE>
		<CHECKBOX>2</CHECKBOX>
		<SD>[0.0022232296216309374, 0.0034766773563862344, 0.0030144026026230467, 0.004991337967149992, 0.006076467190962948, 0.004961387044417308]</SD>
		<WAVELENGTH_UNIT>E-6m</WAVELENGTH_UNIT>
		<COLOR>#7b84a3</COLOR>
		<COVARIANCE_MATRIX>[[4.408273980516242e-06, 2.975170446006814e-06, 1.7138237353719887e-06, -1.406709770890302e-06, -1.4947448789826012e-06, -7.312288516914123e-07], [2.975170446006814e-06, 1.1162131158926059e-05, 4.0681675272935536e-06, -9.607387028154335e-07, -7.741006697870034e-07, 1.992769860237331e-08], [1.7138237353719887e-06, 4.0681675272935536e-06, 8.154341230692808e-06, 4.634253855329007e-06, 5.896904440305661e-06, 4.360826096672099e-06], [-1.406709770890302e-06, -9.607387028154335e-07, 4.634253855329007e-06, 2.094674709951505e-05, 1.9342593077453785e-05, 1.2910963050671853e-05], [-1.4947448789826012e-06, -7.741006697870034e-07, 5.896904440305661e-06, 1.9342593077453785e-05, 3.265140185249038e-05, 1.9375049305381253e-05], [-7.312288516914123e-07, 1.992769860237331e-08, 4.360826096672099e-06, 1.2910963050671853e-05, 1.9375049305381253e-05, 2.2647009245702066e-05]]</COVARIANCE_MATRIX>
		<ROI_SIZE>4728</ROI_SIZE>
		<MAX_VALUE>[0.13181394338607788, 0.11450281739234924, 0.09584826976060867, 0.1007222980260849, 0.05322594940662384, 0.037255384027957916]</MAX_VALUE>
		<MIN_VALUE>[0.11362949013710022, 0.08574417233467102, 0.06597796827554703, 0.0675303116440773, 0.013157499954104424, 0.0]</MIN_VALUE>
		<SIGNATURE_THRESHOLD_MD>0.0</SIGNATURE_THRESHOLD_MD>
		<SIGNATURE_THRESHOLD_ML>0.0</SIGNATURE_THRESHOLD_ML>
		<SIGNATURE_THRESHOLD_SAM>0.0</SIGNATURE_THRESHOLD_SAM>
	</signature>
	<signature ID="20210201_142511080252_258">
		<MACROCLASSID>1</MACROCLASSID>
		<MACROCLASSINFO>waterbody</MACROCLASSINFO>
		<CLASSID>15</CLASSID>
		<CLASSINFO>C 1</CLASSINFO>
		<VALUES>[0.14731206898303587, 0.002320087440794096, 0.12253833562135699, 0.003027656559934159, 0.09626313403029654, 0.003305160663994635, 0.13351767707396958, 0.010161415684565927, 0.047490660922930514, 0.00779820260854615, 0.023123771904091185, 0.006236128776374234]</VALUES>
		<LCS_MIN>[0.14173275232315063, 0.11450281739234924, 0.08921042084693909, 0.1173182874917984, 0.03185610845685005, 0.010402501560747623]</LCS_MIN>
		<LCS_MAX>[0.1516515463590622, 0.12888215482234955, 0.10580503195524216, 0.15465927124023438, 0.066582091152668, 0.04492763802409172]</LCS_MAX>
		<WAVELENGTH>[0.485, 0.56, 0.66, 0.83, 1.65, 2.215]</WAVELENGTH>
		<MEAN_VALUE>[0.14731206898303587, 0.12253833562135699, 0.09626313403029654, 0.13351767707396958, 0.047490660922930514, 0.023123771904091185]</MEAN_VALUE>
		<CHECKBOX>2</CHECKBOX>
		<SD>[0.002320087440794096, 0.003027656559934159, 0.003305160663994635, 0.010161415684565927, 0.00779820260854615, 0.006236128776374234]</SD>
		<WAVELENGTH_UNIT>E-6m</WAVELENGTH_UNIT>
		<COLOR>#9bf1bc</COLOR>
		<COVARIANCE_MATRIX>[[5.4226784413913265e-06, 3.037396709260065e-06, 1.5291385579985217e-06, -4.375681783130858e-06, -5.724309062316024e-07, -3.816744538198691e-07], [3.037396709260065e-06, 9.234605386154726e-06, 5.6561525525467005e-06, -4.081307906744769e-06, 2.4686462438694434e-06, 3.7675249586754944e-06], [1.5291385579985217e-06, 5.6561525525467005e-06, 1.1005005944753066e-05, -3.442576144152554e-07, 5.549199613597011e-06, 6.283371021709172e-06], [-4.375681783130858e-06, -4.081307906744769e-06, -3.442576144152554e-07, 0.0001040192146319896, 5.895198410144076e-05, 3.0076696930336766e-05], [-5.724309062316024e-07, 2.4686462438694434e-06, 5.549199613597011e-06, 5.895198410144076e-05, 6.126242078607902e-05, 3.6079425626667216e-05], [-3.816744538198691e-07, 3.7675249586754944e-06, 6.283371021709172e-06, 3.0076696930336766e-05, 3.6079425626667216e-05, 3.9177371945697814e-05]]</COVARIANCE_MATRIX>
		<ROI_SIZE>136</ROI_SIZE>
		<MAX_VALUE>[0.1516515463590622, 0.12888215482234955, 0.10580503195524216, 0.15465927124023438, 0.066582091152668, 0.04492763802409172]</MAX_VALUE>
		<MIN_VALUE>[0.14173275232315063, 0.11450281739234924, 0.08921042084693909, 0.1173182874917984, 0.03185610845685005, 0.010402501560747623]</MIN_VALUE>
		<SIGNATURE_THRESHOLD_MD>0.0</SIGNATURE_THRESHOLD_MD>
		<SIGNATURE_THRESHOLD_ML>0.0</SIGNATURE_THRESHOLD_ML>
		<SIGNATURE_THRESHOLD_SAM>0.0</SIGNATURE_THRESHOLD_SAM>
	</signature>
	<signature ID="20210201_142517930843_470">
		<MACROCLASSID>1</MACROCLASSID>
		<MACROCLASSINFO>waterbody</MACROCLASSINFO>
		<CLASSID>16</CLASSID>
		<CLASSINFO>C 1</CLASSINFO>
		<VALUES>[0.13763170001598507, 0.002326399544669959, 0.11388064519717142, 0.003360522707700284, 0.08646592784386417, 0.003033558317722005, 0.11987151076587348, 0.00797884393770169, 0.04413349317530028, 0.007541920017987509, 0.022869910812005404, 0.006931002490670608]</VALUES>
