<?xml version="1.0" ?>
<signaturelist MCID_LIST="[['1', 'waterbody', '#ca4db5'], ['2', 'vegetation', '#b57f6b'], ['3', 'bareland', '#59895c'], ['4', 'built-up', '#131a87']]">
	<signature ID="20210613_220733281452_288">
		<MACROCLASSID>1</MACROCLASSID>
		<MACROCLASSINFO>waterbody</MACROCLASSINFO>
		<CLASSID>1</CLASSID>
		<CLASSINFO>C 1</CLASSINFO>
		<VALUES>[0.14245073, 0.0041984096, 0.12775908, 0.005651033, 0.09838592, 0.006565479, 0.04793463, 0.0049452353, 0.008038022, 0.0030029889, 291.8799, 0.3183643, 0.0049226717, 0.003317838]</VALUES>
		<LCS_MIN>[0.12839615, 0.104163274, 0.077147424, 0.034886725, 0.0, 290.6259, 0.0]</LCS_MIN>
		<LCS_MAX>[0.16096687, 0.14816643, 0.124354385, 0.11919189, 0.13549271, 294.65216, 0.100208595]</LCS_MAX>
		<WAVELENGTH>[1.0, 2.0, 3.0, 4.0, 5.0, 6.0, 7.0]</WAVELENGTH>
		<MEAN_VALUE>[0.14245073, 0.12775908, 0.09838592, 0.04793463, 0.008038022, 291.8799, 0.0049226717]</MEAN_VALUE>
		<CHECKBOX>2</CHECKBOX>
		<SD>[0.0041984096, 0.005651033, 0.006565479, 0.0049452353, 0.0030029889, 0.3183643, 0.003317838]</SD>
		<WAVELENGTH_UNIT>E-6m</WAVELENGTH_UNIT>
		<COLOR>#ca4db5</COLOR>
		<COVARIANCE_MATRIX>[[1.7626678527449258e-05, 1.761319799697958e-05, 1.4595934771932662e-05, 1.5917545397314825e-06, -5.402869192039361e-07, 0.00042194724665023386, -2.419912163986737e-07], [1.761319799697958e-05, 3.193425800418481e-05, 2.3660662918700837e-05, 3.9234473661053926e-06, -1.5111656921362737e-06, 0.0007051285938359797, -8.330893024321995e-07], [1.4595934771932662e-05, 2.3660662918700837e-05, 4.3105625081807375e-05, 2.0433733880054206e-05, -1.069220502358803e-06, 0.0005161665612831712, -5.599353585239442e-07], [1.5917545397314825e-06, 3.9234473661053926e-06, 2.0433733880054206e-05, 2.4455403035972267e-05, 2.108952230628347e-06, -1.6877358575584367e-05, 1.4659669886896154e-06], [-5.402869192039361e-07, -1.5111656921362737e-06, -1.069220502358803e-06, 2.108952230628347e-06, 9.017962838697713e-06, -4.328234717831947e-05, 3.525387683112058e-06], [0.00042194724665023386, 0.0007051285938359797, 0.0005161665612831712, -1.6877358575584367e-05, -4.328234717831947e-05, 0.10135605186223984, -2.192944521084428e-05], [-2.419912163986737e-07, -8.330893024321995e-07, -5.599353585239442e-07, 1.4659669886896154e-06, 3.525387683112058e-06, -2.192944521084428e-05, 1.100807548937155e-05]]</COVARIANCE_MATRIX>
		<ROI_SIZE>19004</ROI_SIZE>
		<MAX_VALUE>[0.16096687, 0.14816643, 0.124354385, 0.11919189, 0.13549271, 294.65216, 0.100208595]</MAX_VALUE>
		<MIN_VALUE>[0.12839615, 0.104163274, 0.077147424, 0.034886725, 0.0, 290.6259, 0.0]</MIN_VALUE>
		<SIGNATURE_THRESHOLD_MD>0.0</SIGNATURE_THRESHOLD_MD>
		<SIGNATURE_THRESHOLD_ML>0.0</SIGNATURE_THRESHOLD_ML>
		<SIGNATURE_THRESHOLD_SAM>0.0</SIGNATURE_THRESHOLD_SAM>
	</signature>
	<signature ID="20210613_222423554303_332">
		<MACROCLASSID>1</MACROCLASSID>
		<MACROCLASSINFO>waterbody</MACROCLASSINFO>
		<CLASSID>2</CLASSID>
		<CLASSINFO>C 1</CLASSINFO>
		<VALUES>[0.14013769, 0.0032063026, 0.12372342, 0.0042351116, 0.09280166, 0.004029554, 0.05168746, 0.0031315868, 0.010476445, 0.0028974952, 291.9285, 0.29533455, 0.005991017, 0.0032343636]</VALUES>
		<LCS_MIN>[0.124564305, 0.104163274, 0.077147424, 0.04331724, 0.0, 291.08, 0.0]</LCS_MIN>
		<LCS_MAX>[0.15330316, 0.14016584, 0.120982476, 0.11919189, 0.1056399, 295.52905, 0.096311234]</LCS_MAX>
		<WAVELENGTH>[1.0, 2.0, 3.0, 4.0, 5.0, 6.0, 7.0]</WAVELENGTH>
		<MEAN_VALUE>[0.14013769, 0.12372342, 0.09280166, 0.05168746, 0.010476445, 291.9285, 0.005991017]</MEAN_VALUE>
		<CHECKBOX>2</CHECKBOX>
		<SD>[0.0032063026, 0.0042351116, 0.004029554, 0.0031315868, 0.0028974952, 0.29533455, 0.0032343636]</SD>
		<WAVELENGTH_UNIT>E-6m</WAVELENGTH_UNIT>
		<COLOR>#bf9a85</COLOR>
		<COVARIANCE_MATRIX>[[1.0280439710186329e-05, 7.304174687305931e-06, 6.855519586679293e-06, 1.7786547914511175e-06, 8.838812277645047e-07, -0.00013748981291428208, 5.00366070355085e-07], [7.304174687305931e-06, 1.793628507584799e-05, 1.0772563655336853e-05, 2.0253048660379136e-06, 6.803929295529088e-07, -0.00024300582299474627, 3.9264327256205434e-07], [6.855519586679293e-06, 1.0772563655336853e-05, 1.6237401723628864e-05, 3.879751602653414e-06, 1.294158664677525e-06, -0.00025789689971134067, 7.363581744357361e-07], [1.7786547914511175e-06, 2.0253048660379136e-06, 3.879751602653414e-06, 9.806900379771832e-06, 2.7285980195301818e-06, 0.00015990593237802386, 1.4951458524592454e-06], [8.838812277645047e-07, 6.803929295529088e-07, 1.294158664677525e-06, 2.7285980195301818e-06, 8.39553467812948e-06, 0.00010450321133248508, 2.4180465061363066e-06], [-0.00013748981291428208, -0.00024300582299474627, -0.00025789689971134067, 0.00015990593237802386, 0.00010450321133248508, 0.08722303807735443, 6.262338865781203e-05], [5.00366070355085e-07, 3.9264327256205434e-07, 7.363581744357361e-07, 1.4951458524592454e-06, 2.4180465061363066e-06, 6.262338865781203e-05, 1.046117722580675e-05]]</COVARIANCE_MATRIX>
		<ROI_SIZE>155867</ROI_SIZE>
		<MAX_VALUE>[0.15330316, 0.14016584, 0.120982476, 0.11919189, 0.1056399, 295.52905, 0.096311234]</MAX_VALUE>
		<MIN_VALUE>[0.124564305, 0.104163274, 0.077147424, 0.04331724, 0.0, 291.08, 0.0]</MIN_VALUE>
		<SIGNATURE_THRESHOLD_MD>0.0</SIGNATURE_THRESHOLD_MD>
		<SIGNATURE_THRESHOLD_ML>0.0</SIGNATURE_THRESHOLD_ML>
		<SIGNATURE_THRESHOLD_SAM>0.0</SIGNATURE_THRESHOLD_SAM>
	</signature>
	<signature ID="20210613_223428664608_443">
		<MACROCLASSID>1</MACROCLASSID>
		<MACROCLASSINFO>waterbody</MACROCLASSINFO>
		<CLASSID>3</CLASSID>
		<CLASSINFO>C 1</CLASSINFO>
		<VALUES>[0.13926029, 0.0027534533, 0.12433639, 0.0034040716, 0.09505904, 0.003469967, 0.056253217, 0.0043330453, 0.011773581, 0.0030333803, 292.0495, 0.26550278, 0.006301635, 0.0032752606]</VALUES>
		<LCS_MIN>[0.13031207, 0.11216384, 0.083891295, 0.047532503, 0.0, 291.08, 0.0]</LCS_MIN>
		<LCS_MAX>[0.14947133, 0.13616556, 0.10749477, 0.08968509, 0.040506534, 293.76892, 0.033952974]</LCS_MAX>
		<WAVELENGTH>[1.0, 2.0, 3.0, 4.0, 5.0, 6.0, 7.0]</WAVELENGTH>
		<MEAN_VALUE>[0.13926029, 0.12433639, 0.09505904, 0.056253217, 0.011773581, 292.0495, 0.006301635]</MEAN_VALUE>
		<CHECKBOX>2</CHECKBOX>
		<SD>[0.0027534533, 0.0034040716, 0.003469967, 0.0043330453, 0.0030333803, 0.26550278, 0.0032752606]</SD>
		<WAVELENGTH_UNIT>E-6m</WAVELENGTH_UNIT>
		<COLOR>#8db04a</COLOR>
		<COVARIANCE_MATRIX>[[7.582074431411456e-06, 3.4330066682741744e-06, 2.524157707739505e-06, 3.574837705855316e-07, 2.0338552531029563e-07, -4.322933091316372e-05, 2.3529776171926642e-07], [3.4330066682741744e-06, 1.158857048721984e-05, 3.305110340079409e-06, -1.1193169058287822e-07, 1.2555810613434915e-08, -5.535474338103086e-05, 1.7284371267578535e-07], [2.524157707739505e-06, 3.305110340079409e-06, 1.2041577065247111e-05, 8.319605512951966e-06, 1.6598726233496564e-06, 6.437611591536552e-05, 7.397998729175015e-07], [3.574837705855316e-07, -1.1193169058287822e-07, 8.319605512951966e-06, 1.877669637906365e-05, 3.6871620068268385e-06, 0.00023981450067367405, 1.696974663900619e-06], [2.0338552531029563e-07, 1.2555810613434915e-08, 1.6598726233496564e-06, 3.6871620068268385e-06, 9.202088222082239e-06, 0.00015957074356265366, 2.746137170106522e-06], [-4.322933091316372e-05, -5.535474338103086e-05, 6.437611591536552e-05, 0.00023981450067367405, 0.00015957074356265366, 0.07049702852964401, 8.550259371986613e-05], [2.3529776171926642e-07, 1.7284371267578535e-07, 7.397998729175015e-07, 1.696974663900619e-06, 2.746137170106522e-06, 8.550259371986613e-05, 1.0728138477134053e-05]]</COVARIANCE_MATRIX>
		<ROI_SIZE>13305</ROI_SIZE>
		<MAX_VALUE>[0.14947133, 0.13616556, 0.10749477, 0.08968509, 0.040506534, 293.76892, 0.033952974]</MAX_VALUE>
		<MIN_VALUE>[0.13031207, 0.11216384, 0.083891295, 0.047532503, 0.0, 291.08, 0.0]</MIN_VALUE>
		<SIGNATURE_THRESHOLD_MD>0.0</SIGNATURE_THRESHOLD_MD>
		<SIGNATURE_THRESHOLD_ML>0.0</SIGNATURE_THRESHOLD_ML>
		<SIGNATURE_THRESHOLD_SAM>0.0</SIGNATURE_THRESHOLD_SAM>
	</signature>
	<signature ID="20210613_224658343296_436">
		<MACROCLASSID>1</MACROCLASSID>
		<MACROCLASSINFO>waterbody</MACROCLASSINFO>
		<CLASSID>4</CLASSID>
		<CLASSINFO>C 1</CLASSINFO>
		<VALUES>[0.14242317, 0.003968772, 0.12631711, 0.004547342, 0.104628354, 0.0077900207, 0.06632554, 0.010151564, 0.011450304, 0.0057681715, 292.4842, 0.44222835, 0.0060803527, 0.0044272644]</VALUES>
		<LCS_MIN>[0.114984676, 0.08416183, 0.06365972, 0.047532503, 0.0, 291.53235, 0.0]</LCS_MIN>
		<LCS_MAX>[0.15713504, 0.14416614, 0.124354385, 0.2709412, 0.17077325, 296.3998, 0.12749033]</LCS_MAX>
		<WAVELENGTH>[1.0, 2.0, 3.0, 4.0, 5.0, 6.0, 7.0]</WAVELENGTH>
		<MEAN_VALUE>[0.14242317, 0.12631711, 0.104628354, 0.06632554, 0.011450304, 292.4842, 0.0060803527]</MEAN_VALUE>
		<CHECKBOX>2</CHECKBOX>
		<SD>[0.003968772, 0.004547342, 0.0077900207, 0.010151564, 0.0057681715, 0.44222835, 0.0044272644]</SD>
		<WAVELENGTH_UNIT>E-6m</WAVELENGTH_UNIT>
		<COLOR>#1a39cc</COLOR>
		<COVARIANCE_MATRIX>[[1.5751298633404076e-05, 1.11587150968262e-05, 2.2487554815597832e-05, 1.2704957043752074e-05, -2.993994712596759e-06, 0.0008401877130381763, -1.4373931662703399e-06], [1.11587150968262e-05, 2.067850982712116e-05, 2.2528400222654454e-05, 6.543924428115133e-06, -4.604992227541516e-06, 0.0008508241735398769, -2.256824245705502e-06], [2.2487554815597832e-05, 2.2528400222654454e-05, 6.068496441002935e-05, 4.733760579256341e-05, -2.9620546229125466e-06, 0.002033177763223648, -1.008349272524356e-06], [1.2704957043752074e-05, 6.543924428115133e-06, 4.733760579256341e-05, 0.00010305516480002552, 2.5173598260153085e-05, 0.0016016396693885326, 1.4282209122029599e-05], [-2.993994712596759e-06, -4.604992227541516e-06, -2.9620546229125466e-06, 2.5173598260153085e-05, 3.327212471049279e-05, 0.00034285199944861233, 1.722784509183839e-05], [0.0008401877130381763, 0.0008508241735398769, 0.002033177763223648, 0.0016016396693885326, 0.00034285199944861233, 0.19556774199008942, 0.00026011563022620976], [-1.4373931662703399e-06, -2.256824245705502e-06, -1.008349272524356e-06, 1.4282209122029599e-05, 1.722784509183839e-05, 0.00026011563022620976, 1.9600844098022208e-05]]</COVARIANCE_MATRIX>
		<ROI_SIZE>106443</ROI_SIZE>
		<MAX_VALUE>[0.15713504, 0.14416614, 0.124354385, 0.2709412, 0.17077325, 296.3998, 0.12749033]</MAX_VALUE>
		<MIN_VALUE>[0.114984676, 0.08416183, 0.06365972, 0.047532503, 0.0, 291.53235, 0.0]</MIN_VALUE>
		<SIGNATURE_THRESHOLD_MD>0.0</SIGNATURE_THRESHOLD_MD>
		<SIGNATURE_THRESHOLD_ML>0.0</SIGNATURE_THRESHOLD_ML>
		<SIGNATURE_THRESHOLD_SAM>0.0</SIGNATURE_THRESHOLD_SAM>
	</signature>
	<signature ID="20210613_231337818944_123">
		<MACROCLASSID>1</MACROCLASSID>
		<MACROCLASSINFO>waterbody</MACROCLASSINFO>
		<CLASSID>5</CLASSID>
		<CLASSINFO>C 1</CLASSINFO>
		<VALUES>[0.14669399, 0.0023549406, 0.12812488, 0.0027945596, 0.11409628, 0.0025392275, 0.08545203, 0.008273324, 0.015757859, 0.0037597774, 292.96478, 0.33304414, 0.008155195, 0.003581735]</VALUES>
		<LCS_MIN>[0.13797578, 0.12016441, 0.10412283, 0.07282406, 0.005225959, 291.98297, 0.0]</LCS_MIN>
		<LCS_MAX>[0.15330316, 0.13616556, 0.120982476, 0.11497663, 0.054075986, 294.2113, 0.03785036]</LCS_MAX>
		<WAVELENGTH>[1.0, 2.0, 3.0, 4.0, 5.0, 6.0, 7.0]</WAVELENGTH>
		<MEAN_VALUE>[0.14669399, 0.12812488, 0.11409628, 0.08545203, 0.015757859, 292.96478, 0.008155195]</MEAN_VALUE>
		<CHECKBOX>2</CHECKBOX>
		<SD>[0.0023549406, 0.0027945596, 0.0025392275, 0.008273324, 0.0037597774, 0.33304414, 0.003581735]</SD>
		<WAVELENGTH_UNIT>E-6m</WAVELENGTH_UNIT>
		<COLOR>#f7e131</COLOR>
		<COVARIANCE_MATRIX>[[5.548672106669983e-06, 1.4222085837900522e-06, 1.5930276049402892e-06, 3.2978368835756555e-06, -2.405168118002621e-07, -0.00016827693616505712, -3.600538320824853e-07], [1.4222085837900522e-06, 7.813687261659652e-06, 1.767616822689888e-06, -2.5914853267750004e-06, -2.1360770574574417e-07, -9.721369133330882e-05, -3.156186778596748e-07], [1.5930276049402892e-06, 1.767616822689888e-06, 6.4510800257266965e-06, 8.755232556723058e-06, -5.968990990368184e-07, -0.0002079017140204087, -3.0684788043799927e-08], [3.2978368835756555e-06, -2.5914853267750004e-06, 8.755232556723058e-06, 6.848404154879972e-05, 5.037632035964634e-06, -0.0007841010228730738, 4.0696659198147245e-06], [-2.405168118002621e-07, -2.1360770574574417e-07, -5.968990990368184e-07, 5.037632035964634e-06, 1.414338930771919e-05, 0.0002820923982653767, 6.054261575627606e-06], [-0.00016827693616505712, -9.721369133330882e-05, -0.0002079017140204087, -0.0007841010228730738, 0.0002820923982653767, 0.11097694933414459, 0.0001811473921407014], [-3.600538320824853e-07, -3.156186778596748e-07, -3.0684788043799927e-08, 4.0696659198147245e-06, 6.054261575627606e-06, 0.0001811473921407014, 1.2835598681704141e-05]]</COVARIANCE_MATRIX>
		<ROI_SIZE>1895</ROI_SIZE>
		<MAX_VALUE>[0.15330316, 0.13616556, 0.120982476, 0.11497663, 0.054075986, 294.2113, 0.03785036]</MAX_VALUE>
		<MIN_VALUE>[0.13797578, 0.12016441, 0.10412283, 0.07282406, 0.005225959, 291.98297, 0.0]</MIN_VALUE>
		<SIGNATURE_THRESHOLD_MD>0.0</SIGNATURE_THRESHOLD_MD>
		<SIGNATURE_THRESHOLD_ML>0.0</SIGNATURE_THRESHOLD_ML>
		<SIGNATURE_THRESHOLD_SAM>0.0</SIGNATURE_THRESHOLD_SAM>
	</signature>
	<signature ID="20210613_232225738735_872">
		<MACROCLASSID>1</MACROCLASSID>
		<MACROCLASSINFO>waterbody</MACROCLASSINFO>
		<CLASSID>6</CLASSID>
		<CLASSINFO>C 1</CLASSINFO>
		<VALUES>[0.13605626, 0.0044780904, 0.12201569, 0.0068750884, 0.0909368, 0.008979492, 0.056533966, 0.0059108716, 0.0145082595, 0.0052659158, 292.78967, 0.5271283, 0.008415905, 0.004568874]</VALUES>
		<LCS_MIN>[0.1169006, 0.08816212, 0.06365972, 0.047532503, 0.0025120683, 291.53235, 0.0]</LCS_MIN>
		<LCS_MAX>[0.1552191, 0.14816643, 0.13109826, 0.17820552, 0.108353786, 295.52905, 0.076824255]</LCS_MAX>
		<WAVELENGTH>[1.0, 2.0, 3.0, 4.0, 5.0, 6.0, 7.0]</WAVELENGTH>
		<MEAN_VALUE>[0.13605626, 0.12201569, 0.0909368, 0.056533966, 0.0145082595, 292.78967, 0.008415905]</MEAN_VALUE>
		<CHECKBOX>2</CHECKBOX>
		<SD>[0.0044780904, 0.0068750884, 0.008979492, 0.0059108716, 0.0052659158, 0.5271283, 0.004568874]</SD>
		<WAVELENGTH_UNIT>E-6m</WAVELENGTH_UNIT>
		<COLOR>#4138b0</COLOR>
		<COVARIANCE_MATRIX>[[2.0054500055266544e-05, 2.5133127564913593e-05, 3.282894249423407e-05, 8.404804248129949e-06, -6.13295753737475e-07, -0.0004461476346477866, 1.559253348659695e-07], [2.5133127564913593e-05, 4.726967017631978e-05, 5.447021976578981e-05, 1.4128736438578926e-05, -1.6530183302165824e-06, -0.0006707215798087418, -3.1632518471269577e-07], [3.282894249423407e-05, 5.447021976578981e-05, 8.063614222919568e-05, 2.6175939638051204e-05, 1.606443788659817e-06, -0.0006453314563259482, 2.034076715062838e-06], [8.404804248129949e-06, 1.4128736438578926e-05, 2.6175939638051204e-05, 3.4940530895255506e-05, 1.8097996871802025e-05, 0.0008261415059678257, 1.2372123819659464e-05], [-6.13295753737475e-07, -1.6530183302165824e-06, 1.606443788659817e-06, 1.8097996871802025e-05, 2.7731541194953024e-05, 0.0010463156504556537, 1.593219712958671e-05], [-0.0004461476346477866, -0.0006707215798087418, -0.0006453314563259482, 0.0008261415059678257, 0.0010463156504556537, 0.2778809368610382, 0.0007659848197363317], [1.559253348659695e-07, -3.1632518471269577e-07, 2.034076715062838e-06, 1.2372123819659464e-05, 1.593219712958671e-05, 0.0007659848197363317, 2.0875862901448272e-05]]</COVARIANCE_MATRIX>
		<ROI_SIZE>16567</ROI_SIZE>
		<MAX_VALUE>[0.1552191, 0.14816643, 0.13109826, 0.17820552, 0.108353786, 295.52905, 0.076824255]</MAX_VALUE>
		<MIN_VALUE>[0.1169006, 0.08816212, 0.06365972, 0.047532503, 0.0025120683, 291.53235, 0.0]</MIN_VALUE>
		<SIGNATURE_THRESHOLD_MD>0.0</SIGNATURE_THRESHOLD_MD>
		<SIGNATURE_THRESHOLD_ML>0.0</SIGNATURE_THRESHOLD_ML>
		<SIGNATURE_THRESHOLD_SAM>0.0</SIGNATURE_THRESHOLD_SAM>
	</signature>
	<signature ID="20210613_232920533566_474">
		<MACROCLASSID>1</MACROCLASSID>
		<MACROCLASSINFO>waterbody</MACROCLASSINFO>
		<CLASSID>7</CLASSID>
		<CLASSINFO>C 1</CLASSINFO>
		<VALUES>[0.13532934, 0.0046504354, 0.1199062, 0.00783973, 0.0903757, 0.008954178, 0.05880756, 0.007836965, 0.01510896, 0.0058337813, 292.81955, 0.5667553, 0.008576206, 0.0047935797]</VALUES>
		<LCS_MIN>[0.1169006, 0.08816212, 0.06365972, 0.047532503, 0.0025120683, 291.53235, 0.0]</LCS_MIN>
		<LCS_MAX>[0.1552191, 0.14816643, 0.13109826, 0.17820552, 0.108353786, 295.52905, 0.076824255]</LCS_MAX>
		<WAVELENGTH>[1.0, 2.0, 3.0, 4.0, 5.0, 6.0, 7.0]</WAVELENGTH>
		<MEAN_VALUE>[0.13532934, 0.1199062, 0.0903757, 0.05880756, 0.01510896, 292.81955, 0.008576206]</MEAN_VALUE>
		<CHECKBOX>2</CHECKBOX>
		<SD>[0.0046504354, 0.00783973, 0.008954178, 0.007836965, 0.0058337813, 0.5667553, 0.0047935797]</SD>
		<WAVELENGTH_UNIT>E-6m</WAVELENGTH_UNIT>
		<COLOR>#c7c054</COLOR>
		<COVARIANCE_MATRIX>[[2.1627563910442404e-05, 2.9898872526246123e-05, 3.353911961312406e-05, 2.5166204977722373e-06, -3.5230286812293343e-06, -0.0007106895791366696, -1.2404829021761543e-06], [2.9898872526246123e-05, 6.146420491859317e-05, 5.7353285228600726e-05, -2.3965112632140517e-06, -8.071328011283185e-06, -0.0011745980009436607, -2.885861931645195e-06], [3.353911961312406e-05, 5.7353285228600726e-05, 8.018095104489475e-05, 2.170908555854112e-05, -3.145834625684074e-06, -0.0012493920512497425, -9.237953122465115e-07], [2.5166204977722373e-06, -2.3965112632140517e-06, 2.170908555854112e-05, 6.142085476312786e-05, 2.590147778391838e-05, 0.0007433786522597075, 1.4380495485966094e-05], [-3.5230286812293343e-06, -8.071328011283185e-06, -3.145834625684074e-06, 2.590147778391838e-05, 3.4034605050692335e-05, 0.001416045823134482, 1.9215069187339395e-05], [-0.0007106895791366696, -0.0011745980009436607, -0.0012493920512497425, 0.0007433786522597075, 0.001416045823134482, 0.32122668623924255, 0.0010183576960116625], [-1.2404829021761543e-06, -2.885861931645195e-06, -9.237953122465115e-07, 1.4380495485966094e-05, 1.9215069187339395e-05, 0.0010183576960116625, 2.2979473214945756e-05]]</COVARIANCE_MATRIX>
		<ROI_SIZE>21548</ROI_SIZE>
		<MAX_VALUE>[0.1552191, 0.14816643, 0.13109826, 0.17820552, 0.108353786, 295.52905, 0.076824255]</MAX_VALUE>
		<MIN_VALUE>[0.1169006, 0.08816212, 0.06365972, 0.047532503, 0.0025120683, 291.53235, 0.0]</MIN_VALUE>
		<SIGNATURE_THRESHOLD_MD>0.0</SIGNATURE_THRESHOLD_MD>
		<SIGNATURE_THRESHOLD_ML>0.0</SIGNATURE_THRESHOLD_ML>
		<SIGNATURE_THRESHOLD_SAM>0.0</SIGNATURE_THRESHOLD_SAM>
	</signature>
	<signature ID="20210613_233923949866_285">
		<MACROCLASSID>2</MACROCLASSID>
		<MACROCLASSINFO>vegetation</MACROCLASSINFO>
		<CLASSID>8</CLASSID>
		<CLASSINFO>C 1</CLASSINFO>
		<VALUES>[0.10259928, 0.0027164286, 0.080089085, 0.0044491324, 0.05812429, 0.0051117665, 0.21445392, 0.028748875, 0.124026306, 0.019834207, 294.2492, 0.5344171, 0.05328158, 0.011190219]</VALUES>
		<LCS_MIN>[0.09199357, 0.06416041, 0.043428157, 0.093900345, 0.040506534, 292.87924, 0.014466023]</LCS_MIN>
		<LCS_MAX>[0.1169006, 0.10816354, 0.097379, 0.3257396, 0.22505109, 296.3998, 0.13138773]</LCS_MAX>
		<WAVELENGTH>[1.0, 2.0, 3.0, 4.0, 5.0, 6.0, 7.0]</WAVELENGTH>
		<MEAN_VALUE>[0.10259928, 0.080089085, 0.05812429, 0.21445392, 0.124026306, 294.2492, 0.05328158]</MEAN_VALUE>
		<CHECKBOX>2</CHECKBOX>
		<SD>[0.0027164286, 0.0044491324, 0.0051117665, 0.028748875, 0.019834207, 0.5344171, 0.011190219]</SD>
		<WAVELENGTH_UNIT>E-6m</WAVELENGTH_UNIT>
		<COLOR>#b57f6b</COLOR>
		<COVARIANCE_MATRIX>[[7.379455837508431e-06, 6.238312835193938e-06, 7.920189091237262e-06, 2.0552624846459366e-05, 2.2300484488368966e-05, 0.00027389772003516555, 1.3564986147684976e-05], [6.238312835193938e-06, 1.9796039850916713e-05, 1.7487425793660805e-05, 6.6476954089012e-05, 5.983042865409516e-05, 0.00013435051369015127, 3.5183405998395756e-05], [7.920189091237262e-06, 1.7487425793660805e-05, 2.6131821869057603e-05, 4.3273746996419504e-05, 5.9110388974659145e-05, 0.00040332681965082884, 3.936587745556608e-05], [2.0552624846459366e-05, 6.6476954089012e-05, 4.3273746996419504e-05, 0.0008265504729934037, 0.000431926833698526, 0.0005636127316392958, 0.00017465454584453255], [2.2300484488368966e-05, 5.983042865409516e-05, 5.9110388974659145e-05, 0.000431926833698526, 0.0003934208070859313, 0.0020225923508405685, 0.0001970980374608189], [0.00027389772003516555, 0.00013435051369015127, 0.00040332681965082884, 0.0005636127316392958, 0.0020225923508405685, 0.285619854927063, 0.0009900244185701013], [1.3564986147684976e-05, 3.5183405998395756e-05, 3.936587745556608e-05, 0.00017465454584453255, 0.0001970980374608189, 0.0009900244185701013, 0.00012522896577138454]]</COVARIANCE_MATRIX>
		<ROI_SIZE>15679</ROI_SIZE>
		<MAX_VALUE>[0.1169006, 0.10816354, 0.097379, 0.3257396, 0.22505109, 296.3998, 0.13138773]</MAX_VALUE>
		<MIN_VALUE>[0.09199357, 0.06416041, 0.043428157, 0.093900345, 0.040506534, 292.87924, 0.014466023]</MIN_VALUE>
		<SIGNATURE_THRESHOLD_MD>0.0</SIGNATURE_THRESHOLD_MD>
		<SIGNATURE_THRESHOLD_ML>0.0</SIGNATURE_THRESHOLD_ML>
		<SIGNATURE_THRESHOLD_SAM>0.0</SIGNATURE_THRESHOLD_SAM>
	</signature>
	<signature ID="20210613_234248999656_597">
		<MACROCLASSID>2</MACROCLASSID>
		<MACROCLASSINFO>vegetation</MACROCLASSINFO>
		<CLASSID>9</CLASSID>
		<CLASSINFO>C 1</CLASSINFO>
		<VALUES>[0.11704332, 0.002660799, 0.08730932, 0.0030057814, 0.06284324, 0.002737189, 0.22068499, 0.026186498, 0.08000028, 0.0070592915, 293.70505, 0.26382992, 0.029749645, 0.004547139]</VALUES>
		<LCS_MIN>[0.10732097, 0.07616126, 0.053543936, 0.08968509, 0.026937082, 292.87924, 0.010568634]</LCS_MIN>
		<LCS_MAX>[0.13031207, 0.100162975, 0.080519356, 0.3130938, 0.124637134, 294.65216, 0.05733731]</LCS_MAX>
		<WAVELENGTH>[1.0, 2.0, 3.0, 4.0, 5.0, 6.0, 7.0]</WAVELENGTH>
		<MEAN_VALUE>[0.11704332, 0.08730932, 0.06284324, 0.22068499, 0.08000028, 293.70505, 0.029749645]</MEAN_VALUE>
		<CHECKBOX>2</CHECKBOX>
		<SD>[0.002660799, 0.0030057814, 0.002737189, 0.026186498, 0.0070592915, 0.26382992, 0.004547139]</SD>
		<WAVELENGTH_UNIT>E-6m</WAVELENGTH_UNIT>
		<COLOR>#aceee2</COLOR>
		<COVARIANCE_MATRIX>[[7.030806500551989e-06, 2.5064684905373724e-06, 2.485701315890765e-06, -1.3654998838319443e-05, -3.733364792424254e-06, 5.7842375099426135e-05, -7.417963274747308e-07], [2.5064684905373724e-06, 8.9895875134971e-06, 3.65083019460144e-06, 7.961307346704416e-06, 1.5180960417637834e-06, 0.00014591868966817856, 3.0134964390526875e-07], [2.485701315890765e-06, 3.65083019460144e-06, 7.4416675488464534e-06, -1.6289301129290834e-05, 2.3412376322085038e-06, 8.075180812738836e-05, 2.3571740257466445e-06], [-1.3654998838319443e-05, 7.961307346704416e-06, -1.6289301129290834e-05, 0.0006877310806885362, 1.489703390689101e-05, 0.0013640042161569, -3.6617802834371105e-05], [-3.733364792424254e-06, 1.5180960417637834e-06, 2.3412376322085038e-06, 1.489703390689101e-05, 4.965622065356001e-05, -4.9152440624311566e-05, 1.8298362192581408e-05], [5.7842375099426135e-05, 0.00014591868966817856, 8.075180812738836e-05, 0.0013640042161569, -4.9152440624311566e-05, 0.06960948556661606, -8.617337880423293e-05], [-7.417963274747308e-07, 3.0134964390526875e-07, 2.3571740257466445e-06, -3.6617802834371105e-05, 1.8298362192581408e-05, -8.617337880423293e-05, 2.0534198483801447e-05]]</COVARIANCE_MATRIX>
		<ROI_SIZE>21292</ROI_SIZE>
		<MAX_VALUE>[0.13031207, 0.100162975, 0.080519356, 0.3130938, 0.124637134, 294.65216, 0.05733731]</MAX_VALUE>
		<MIN_VALUE>[0.10732097, 0.07616126, 0.053543936, 0.08968509, 0.026937082, 292.87924, 0.010568634]</MIN_VALUE>
		<SIGNATURE_THRESHOLD_MD>0.0</SIGNATURE_THRESHOLD_MD>
		<SIGNATURE_THRESHOLD_ML>0.0</SIGNATURE_THRESHOLD_ML>
		<SIGNATURE_THRESHOLD_SAM>0.0</SIGNATURE_THRESHOLD_SAM>
	</signature>
	<signature ID="20210613_234341826706_460">
		<MACROCLASSID>2</MACROCLASSID>
		<MACROCLASSINFO>vegetation</MACROCLASSINFO>
		<CLASSID>10</CLASSID>
		<CLASSINFO>C 1</CLASSINFO>
		<VALUES>[0.116051905, 0.0022781435, 0.086262785, 0.0024203397, 0.062765315, 0.0026421614, 0.20993733, 0.013354469, 0.09456839, 0.008423087, 293.65704, 0.19276503, 0.03617562, 0.004901934]</VALUES>
		<LCS_MIN>[0.10732097, 0.08016156, 0.056915868, 0.16555972, 0.06764543, 293.32492, 0.02615819]</LCS_MIN>
		<LCS_MAX>[0.12264837, 0.09616269, 0.077147424, 0.24986489, 0.1327788, 293.76892, 0.0651321]</LCS_MAX>
		<WAVELENGTH>[1.0, 2.0, 3.0, 4.0, 5.0, 6.0, 7.0]</WAVELENGTH>
		<MEAN_VALUE>[0.116051905, 0.086262785, 0.062765315, 0.20993733, 0.09456839, 293.65704, 0.03617562]</MEAN_VALUE>
		<CHECKBOX>2</CHECKBOX>
		<SD>[0.0022781435, 0.0024203397, 0.0026421614, 0.013354469, 0.008423087, 0.19276503, 0.004901934]</SD>
		<WAVELENGTH_UNIT>E-6m</WAVELENGTH_UNIT>
		<COLOR>#97e16e</COLOR>
		<COVARIANCE_MATRIX>[[5.203740784054389e-06, 8.093978181022976e-07, 1.1976228506682673e-06, -3.927419129468035e-06, -9.720113212097203e-07, 3.148785253870301e-05, 8.417791264037078e-08], [8.093978181022976e-07, 5.8736250139190815e-06, 2.4222169940912863e-06, 3.4300908282602904e-06, 2.620415671117371e-06, -9.948694241757039e-06, 1.9522437924024416e-06], [1.1976228506682673e-06, 2.4222169940912863e-06, 6.999583547440125e-06, 2.1868915212053253e-07, 2.2157780676934635e-06, 7.171378456405364e-06, 2.72722741101461e-06], [-3.927419129468035e-06, 3.4300908282602904e-06, 2.1868915212053253e-07, 0.00017881617532111704, 4.170747706666589e-05, 4.054695455124602e-05, 1.3768491271548555e-06], [-9.720113212097203e-07, 2.620415671117371e-06, 2.2157780676934635e-06, 4.170747706666589e-05, 7.113708124961704e-05, 4.62769421574194e-05, 2.579877764219418e-05], [3.148785253870301e-05, -9.948694241757039e-06, 7.171378456405364e-06, 4.054695455124602e-05, 4.62769421574194e-05, 0.037257175892591476, -3.600002673920244e-05], [8.417791264037078e-08, 1.9522437924024416e-06, 2.72722741101461e-06, 1.3768491271548555e-06, 2.579877764219418e-05, -3.600002673920244e-05, 2.409286389593035e-05]]</COVARIANCE_MATRIX>
		<ROI_SIZE>377</ROI_SIZE>
		<MAX_VALUE>[0.12264837, 0.09616269, 0.077147424, 0.24986489, 0.1327788, 293.76892, 0.0651321]</MAX_VALUE>
		<MIN_VALUE>[0.10732097, 0.08016156, 0.056915868, 0.16555972, 0.06764543, 293.32492, 0.02615819]</MIN_VALUE>
		<SIGNATURE_THRESHOLD_MD>0.0</SIGNATURE_THRESHOLD_MD>
		<SIGNATURE_THRESHOLD_ML>0.0</SIGNATURE_THRESHOLD_ML>
		<SIGNATURE_THRESHOLD_SAM>0.0</SIGNATURE_THRESHOLD_SAM>
	</signature>
	<signature ID="20210614_083523808086_482">
		<MACROCLASSID>3</MACROCLASSID>
		<MACROCLASSINFO>bareland</MACROCLASSINFO>
		<CLASSID>11</CLASSID>
		<CLASSINFO>C 1</CLASSINFO>
		<VALUES>[0.129376, 0.0049470766, 0.115222365, 0.008027637, 0.114043035, 0.013456518, 0.18379873, 0.034233663, 0.21160519, 0.035529576, 297.91397, 1.189822, 0.15550055, 0.026930926]</VALUES>
		<LCS_MIN>[0.11115283, 0.08816212, 0.0737755, 0.081254564, 0.024223192, 294.2113, 0.010568634]</LCS_MIN>
		<LCS_MAX>[0.15138724, 0.1521667, 0.17493331, 0.30887857, 0.3091817, 301.9181, 0.22882248]</LCS_MAX>
		<WAVELENGTH>[1.0, 2.0, 3.0, 4.0, 5.0, 6.0, 7.0]</WAVELENGTH>
		<MEAN_VALUE>[0.129376, 0.115222365, 0.114043035, 0.18379873, 0.21160519, 297.91397, 0.15550055]</MEAN_VALUE>
		<CHECKBOX>2</CHECKBOX>
		<SD>[0.0049470766, 0.008027637, 0.013456518, 0.034233663, 0.035529576, 1.189822, 0.026930926]</SD>
		<WAVELENGTH_UNIT>E-6m</WAVELENGTH_UNIT>
		<COLOR>#59895c</COLOR>
		<COVARIANCE_MATRIX>[[2.4475054667042064e-05, 3.0186869472143533e-05, 5.0736899219059054e-05, 2.1827506878926255e-05, 9.957791143637407e-05, 0.0012481831677718593, 8.93213445371095e-05], [3.0186869472143533e-05, 6.444689007301644e-05, 9.830470500231114e-05, 0.00013739864783263923, 0.00021068269868669234, -0.0001635130600043799, 0.00012763779613152426], [5.0736899219059054e-05, 9.830470500231114e-05, 0.00018108893968257078, 0.00021313958194373972, 0.000388340919633772, 0.00016982502534552748, 0.00024147595499552054], [2.1827506878926255e-05, 0.00013739864783263923, 0.00021313958194373972, 0.0011720151660187888, 0.0007606249717514329, -0.015165958578804388, 3.6508562390585727e-07], [9.957791143637407e-05, 0.00021068269868669234, 0.000388340919633772, 0.0007606249717514329, 0.0012624274756452493, -0.0024644558974712227, 0.0007035416815984077], [0.0012481831677718593, -0.0001635130600043799, 0.00016982502534552748, -0.015165958578804388, -0.0024644558974712227, 1.4157622265854533, 0.008289439088622638], [8.93213445371095e-05, 0.00012763779613152426, 0.00024147595499552054, 3.6508562390585727e-07, 0.0007035416815984077, 0.008289439088622638, 0.0007253188440515821]]</COVARIANCE_MATRIX>
		<ROI_SIZE>16430</ROI_SIZE>
		<MAX_VALUE>[0.15138724, 0.1521667, 0.17493331, 0.30887857, 0.3091817, 301.9181, 0.22882248]</MAX_VALUE>
		<MIN_VALUE>[0.11115283, 0.08816212, 0.0737755, 0.081254564, 0.024223192, 294.2113, 0.010568634]</MIN_VALUE>
		<SIGNATURE_THRESHOLD_MD>0</SIGNATURE_THRESHOLD_MD>
		<SIGNATURE_THRESHOLD_ML>0</SIGNATURE_THRESHOLD_ML>
		<SIGNATURE_THRESHOLD_SAM>0</SIGNATURE_THRESHOLD_SAM>
	</signature>
	<signature ID="20210614_084049641052_893">
		<MACROCLASSID>3</MACROCLASSID>
		<MACROCLASSINFO>bareland</MACROCLASSINFO>
		<CLASSID>12</CLASSID>
		<CLASSINFO>C 1</CLASSINFO>
		<VALUES>[0.12916367, 0.0054095252, 0.11161169, 0.008534254, 0.10671974, 0.013050759, 0.15148313, 0.028276198, 0.18387772, 0.041614227, 298.06583, 1.524464, 0.14930591, 0.035897527]</VALUES>
		<LCS_MIN>[0.1092369, 0.08416183, 0.07040358, 0.06017828, 0.01879541, 294.65216, 0.014466023]</LCS_MIN>
		<LCS_MAX>[0.15905096, 0.14416614, 0.15132982, 0.300448, 0.2793289, 302.33295, 0.22492512]</LCS_MAX>
		<WAVELENGTH>[1.0, 2.0, 3.0, 4.0, 5.0, 6.0, 7.0]</WAVELENGTH>
		<MEAN_VALUE>[0.12916367, 0.11161169, 0.10671974, 0.15148313, 0.18387772, 298.06583, 0.14930591]</MEAN_VALUE>
		<CHECKBOX>2</CHECKBOX>
		<SD>[0.0054095252, 0.008534254, 0.013050759, 0.028276198, 0.041614227, 1.524464, 0.035897527]</SD>
		<WAVELENGTH_UNIT>E-6m</WAVELENGTH_UNIT>
		<COLOR>#c04155</COLOR>
		<COVARIANCE_MATRIX>[[2.926472459898211e-05, 3.434515873658872e-05, 4.871104016398306e-05, 2.5094964341060938e-05, 0.0001011824118194457, 0.0029478811182858306, 0.0001201545377998573], [3.434515873658872e-05, 7.283785449622524e-05, 0.00010044003927329896, 0.000143636755545554, 0.00022222461136543563, 0.00012842636994264066, 0.00018318489528570077], [4.871104016398306e-05, 0.00010044003927329896, 0.00017033260063550887, 0.00022931787286989313, 0.00042050959364092977, 0.0007767235266779087, 0.0003279088479349795], [2.5094964341060938e-05, 0.000143636755545554, 0.00022931787286989313, 0.0007995916766193613, 0.0007620255031902986, -0.01821021310425633, 0.0003049763150472349], [0.0001011824118194457, 0.00022222461136543563, 0.00042050959364092977, 0.0007620255031902986, 0.0017318481777248795, 0.008547603360745656, 0.001306608128300466], [0.0029478811182858306, 0.00012842636994264066, 0.0007767235266779087, -0.01821021310425633, 0.008547603360745656, 2.3241307980384716, 0.025083977305985324], [0.0001201545377998573, 0.00018318489528570077, 0.0003279088479349795, 0.0003049763150472349, 0.001306608128300466, 0.025083977305985324, 0.001288710159062212]]</COVARIANCE_MATRIX>
		<ROI_SIZE>16598</ROI_SIZE>
		<MAX_VALUE>[0.15905096, 0.14416614, 0.15132982, 0.300448, 0.2793289, 302.33295, 0.22492512]</MAX_VALUE>
		<MIN_VALUE>[0.1092369, 0.08416183, 0.07040358, 0.06017828, 0.01879541, 294.65216, 0.014466023]</MIN_VALUE>
		<SIGNATURE_THRESHOLD_MD>0</SIGNATURE_THRESHOLD_MD>
		<SIGNATURE_THRESHOLD_ML>0</SIGNATURE_THRESHOLD_ML>
		<SIGNATURE_THRESHOLD_SAM>0</SIGNATURE_THRESHOLD_SAM>
	</signature>
	<signature ID="20210614_085429816570_367">
		<MACROCLASSID>3</MACROCLASSID>
		<MACROCLASSINFO>bareland</MACROCLASSINFO>
		<CLASSID>13</CLASSID>
		<CLASSINFO>C 1</CLASSINFO>
		<VALUES>[0.12791385, 0.006304769, 0.11367962, 0.008670245, 0.114020035, 0.014179949, 0.17409389, 0.028607124, 0.20153123, 0.040869914, 296.99973, 0.8180826, 0.14481513, 0.031219672]</VALUES>
		<LCS_MIN>[0.0, 0.08416183, 0.06703165, 0.07282406, 0.01336763, 294.65216, 0.006671242]</LCS_MIN>
		<LCS_MAX>[0.48284236, 0.1521667, 0.16818945, 0.27515647, 0.29018447, 301.08435, 0.23661728]</LCS_MAX>
		<WAVELENGTH>[1.0, 2.0, 3.0, 4.0, 5.0, 6.0, 7.0]</WAVELENGTH>
		<MEAN_VALUE>[0.12791385, 0.11367962, 0.114020035, 0.17409389, 0.20153123, 296.99973, 0.14481513]</MEAN_VALUE>
		<CHECKBOX>2</CHECKBOX>
		<SD>[0.006304769, 0.008670245, 0.014179949, 0.028607124, 0.040869914, 0.8180826, 0.031219672]</SD>
		<WAVELENGTH_UNIT>E-6m</WAVELENGTH_UNIT>
		<COLOR>#5c2516</COLOR>
		<COVARIANCE_MATRIX>[[3.975103986104308e-05, 3.4430346488148334e-05, 4.826985048378537e-05, 5.7147406045042025e-05, 0.00010159265417341647, 0.0014934546746910597, 9.280021537277107e-05], [3.4430346488148334e-05, 7.526552703402722e-05, 0.00010958115345667537, 0.00017607587517329414, 0.0002484295343741186, 0.0014840849010243494, 0.00017579267609192078], [4.826985048378537e-05, 0.00010958115345667537, 0.0002012794946901923, 0.0003187986577384056, 0.0004745650109637825, 0.002285968665760294, 0.0002997984826750474], [5.7147406045042025e-05, 0.00017607587517329414, 0.0003187986577384056, 0.000819434932295692, 0.0009332275800407182, -0.0017822749815800747, 0.0004432042200648429], [0.00010159265417341647, 0.0002484295343741186, 0.0004745650109637825, 0.0009332275800407182, 0.0016725293458468293, 0.00951599823089508, 0.0011171947586933633], [0.0014934546746910597, 0.0014840849010243494, 0.002285968665760294, -0.0017822749815800747, 0.00951599823089508, 0.6700351920993945, 0.013397387757167678], [9.280021537277107e-05, 0.00017579267609192078, 0.0002997984826750474, 0.0004432042200648429, 0.0011171947586933633, 0.013397387757167678, 0.0009757675951006569]]</COVARIANCE_MATRIX>
		<ROI_SIZE>41915</ROI_SIZE>
		<MAX_VALUE>[0.48284236, 0.1521667, 0.16818945, 0.27515647, 0.29018447, 301.08435, 0.23661728]</MAX_VALUE>
		<MIN_VALUE>[0.0, 0.08416183, 0.06703165, 0.07282406, 0.01336763, 294.65216, 0.006671242]</MIN_VALUE>
		<SIGNATURE_THRESHOLD_MD>0</SIGNATURE_THRESHOLD_MD>
		<SIGNATURE_THRESHOLD_ML>0</SIGNATURE_THRESHOLD_ML>
		<SIGNATURE_THRESHOLD_SAM>0</SIGNATURE_THRESHOLD_SAM>
	</signature>
	<signature ID="20210614_090310038811_509">
		<MACROCLASSID>3</MACROCLASSID>
		<MACROCLASSINFO>bareland</MACROCLASSINFO>
		<CLASSID>14</CLASSID>
		<CLASSINFO>C 1</CLASSINFO>
		<VALUES>[0.13901316, 0.004684501, 0.12921332, 0.007458121, 0.1321609, 0.011891961, 0.20006609, 0.01763534, 0.22145426, 0.023838455, 296.18274, 0.32596394, 0.15674108, 0.01967829]</VALUES>
		<LCS_MIN>[0.12073245, 0.104163274, 0.09400707, 0.14026819, 0.108353786, 295.09137, 0.07292688]</LCS_MIN>
		<LCS_MAX>[0.1552191, 0.14816643, 0.16818945, 0.27937174, 0.29289833, 297.69467, 0.21323292]</LCS_MAX>
		<WAVELENGTH>[1.0, 2.0, 3.0, 4.0, 5.0, 6.0, 7.0]</WAVELENGTH>
		<MEAN_VALUE>[0.13901316, 0.12921332, 0.1321609, 0.20006609, 0.22145426, 296.18274, 0.15674108]</MEAN_VALUE>
		<CHECKBOX>2</CHECKBOX>
		<SD>[0.004684501, 0.007458121, 0.011891961, 0.01763534, 0.023838455, 0.32596394, 0.01967829]</SD>
		<WAVELENGTH_UNIT>E-6m</WAVELENGTH_UNIT>
		<COLOR>#5983f9</COLOR>
		<COVARIANCE_MATRIX>[[2.1947064909168466e-05, 2.7280285243739964e-05, 3.883739022622684e-05, 3.4627899875479165e-05, 5.5746236221576694e-05, 0.00045064241911847995, 5.1990525722408534e-05], [2.7280285243739964e-05, 5.5629943869028474e-05, 7.730329982652946e-05, 8.5706420983798e-05, 0.00011929619478145297, 0.0007353982472427007, 9.949483349303268e-05], [3.883739022622684e-05, 7.730329982652946e-05, 0.000141434942558154, 0.00014812190182300603, 0.00024008983633672324, 0.0010764310584532141, 0.00018501184086339926], [3.4627899875479165e-05, 8.5706420983798e-05, 0.00014812190182300603, 0.00031104084627626825, 0.0002761581172545573, 0.000565810552902279, 0.00013968945937805217], [5.5746236221576694e-05, 0.00011929619478145297, 0.00024008983633672324, 0.0002761581172545573, 0.0005683370048871836, 0.00215591526402001, 0.0004167991383124137], [0.00045064241911847995, 0.0007353982472427007, 0.0010764310584532141, 0.000565810552902279, 0.00215591526402001, 0.10626466157944332, 0.0024911233439034825], [5.1990525722408534e-05, 9.949483349303268e-05, 0.00018501184086339926, 0.00013968945937805217, 0.0004167991383124137, 0.0024911233439034825, 0.00038727943293624494]]</COVARIANCE_MATRIX>
		<ROI_SIZE>8723</ROI_SIZE>
		<MAX_VALUE>[0.1552191, 0.14816643, 0.16818945, 0.27937174, 0.29289833, 297.69467, 0.21323292]</MAX_VALUE>
		<MIN_VALUE>[0.12073245, 0.104163274, 0.09400707, 0.14026819, 0.108353786, 295.09137, 0.07292688]</MIN_VALUE>
		<SIGNATURE_THRESHOLD_MD>0</SIGNATURE_THRESHOLD_MD>
		<SIGNATURE_THRESHOLD_ML>0</SIGNATURE_THRESHOLD_ML>
		<SIGNATURE_THRESHOLD_SAM>0</SIGNATURE_THRESHOLD_SAM>
	</signature>
	<signature ID="20210614_090958910933_955">
		<MACROCLASSID>3</MACROCLASSID>
		<MACROCLASSINFO>bareland</MACROCLASSINFO>
		<CLASSID>15</CLASSID>
		<CLASSINFO>C 1</CLASSINFO>
		<VALUES>[0.13598734, 0.008976091, 0.1259896, 0.012432474, 0.12507589, 0.018079722, 0.20339404, 0.02002396, 0.19080125, 0.033315305, 295.74875, 0.83011544, 0.12646234, 0.034327168]</VALUES>
		<LCS_MIN>[0.1169006, 0.100162975, 0.080519356, 0.15291396, 0.111067675, 294.2113, 0.061234698]</LCS_MIN>
		<LCS_MAX>[0.16288279, 0.15616699, 0.17156138, 0.26672596, 0.29832613, 298.97635, 0.23661728]</LCS_MAX>
		<WAVELENGTH>[1.0, 2.0, 3.0, 4.0, 5.0, 6.0, 7.0]</WAVELENGTH>
		<MEAN_VALUE>[0.13598734, 0.1259896, 0.12507589, 0.20339404, 0.19080125, 295.74875, 0.12646234]</MEAN_VALUE>
		<CHECKBOX>2</CHECKBOX>
		<SD>[0.008976091, 0.012432474, 0.018079722, 0.02002396, 0.033315305, 0.83011544, 0.034327168]</SD>
		<WAVELENGTH_UNIT>E-6m</WAVELENGTH_UNIT>
		<COLOR>#ebc083</COLOR>
		<COVARIANCE_MATRIX>[[8.058478136456147e-05, 0.0001042248106275071, 0.00015005120136806052, 5.6189027459675166e-05, 0.00025915327581347186, 0.00572319316951838, 0.000269090040250866], [0.0001042248106275071, 0.00015459440815183078, 0.00021607959731267509, 0.00011753679083121365, 0.0003629098301980832, 0.007563525779412271, 0.0003596460640708271], [0.00015005120136806052, 0.00021607959731267509, 0.00032693546865018657, 0.0001703151828782063, 0.0005536239661341767, 0.010687043129596684, 0.000533132293480341], [5.6189027459675166e-05, 0.00011753679083121365, 0.0001703151828782063, 0.00040103160370346427, 0.0002786516021730439, 0.0020422099540423158, 0.00012280894355357422], [0.00025915327581347186, 0.0003629098301980832, 0.0005536239661341767, 0.0002786516021730439, 0.0011101106627032639, 0.020955519235395466, 0.0010688650420073078], [0.00572319316951838, 0.007563525779412271, 0.010687043129596684, 0.0020422099540423158, 0.020955519235395466, 0.6892165739329336, 0.024381450964336707], [0.000269090040250866, 0.0003596460640708271, 0.000533132293480341, 0.00012280894355357422, 0.0010688650420073078, 0.024381450964336707, 0.0011785678423995413]]</COVARIANCE_MATRIX>
		<ROI_SIZE>5524</ROI_SIZE>
		<MAX_VALUE>[0.16288279, 0.15616699, 0.17156138, 0.26672596, 0.29832613, 298.97635, 0.23661728]</MAX_VALUE>
		<MIN_VALUE>[0.1169006, 0.100162975, 0.080519356, 0.15291396, 0.111067675, 294.2113, 0.061234698]</MIN_VALUE>
		<SIGNATURE_THRESHOLD_MD>0</SIGNATURE_THRESHOLD_MD>
		<SIGNATURE_THRESHOLD_ML>0</SIGNATURE_THRESHOLD_ML>
		<SIGNATURE_THRESHOLD_SAM>0</SIGNATURE_THRESHOLD_SAM>
	</signature>
	<signature ID="20210614_091645443330_385">
		<MACROCLASSID>3</MACROCLASSID>
		<MACROCLASSINFO>bareland</MACROCLASSINFO>
		<CLASSID>16</CLASSID>
		<CLASSINFO>C 1</CLASSINFO>
		<VALUES>[0.13090368, 0.005795048, 0.11516915, 0.01163925, 0.10676792, 0.021537932, 0.17876835, 0.056897614, 0.1383752, 0.07083036, 294.86127, 0.82506394, 0.08401543, 0.04585846]</VALUES>
		<LCS_MIN>[0.114984676, 0.08816212, 0.06703165, 0.055963013, 0.005225959, 292.87924, 0.0]</LCS_MIN>
		<LCS_MAX>[0.15138724, 0.14816643, 0.16481756, 0.28780225, 0.26847333, 297.69467, 0.19374596]</LCS_MAX>
		<WAVELENGTH>[1.0, 2.0, 3.0, 4.0, 5.0, 6.0, 7.0]</WAVELENGTH>
		<MEAN_VALUE>[0.13090368, 0.11516915, 0.10676792, 0.17876835, 0.1383752, 294.86127, 0.08401543]</MEAN_VALUE>
		<CHECKBOX>2</CHECKBOX>
		<SD>[0.005795048, 0.01163925, 0.021537932, 0.056897614, 0.07083036, 0.82506394, 0.04585846]</SD>
		<WAVELENGTH_UNIT>E-6m</WAVELENGTH_UNIT>
		<COLOR>#a32afa</COLOR>
