<?xml version="1.0" ?>
<signaturelist MCID_LIST="[['1', 'waterbody', '#0000ff'], ['2', 'vegetation', '#00ff00'], ['3', 'bareland', '#ffaa00'], ['4', 'built-up', '#ff0000']]">
	<signature ID="20200826_101316154849_511">
		<MACROCLASSID>1</MACROCLASSID>
		<MACROCLASSINFO>MC 1</MACROCLASSINFO>
		<CLASSID>1</CLASSID>
		<CLASSINFO>C 1</CLASSINFO>
		<VALUES>[0.09351014285102939, 0.00289739950780771, 0.05961926144791257, 0.0027197317747463157, 0.03543644094867874, 0.0027858457799028033, 0.030896224503033302, 0.004519289204367439, 0.01348553810224576, 0.0027400944555325793, 0.008983216417919592, 0.0024412646549944214]</VALUES>
		<LCS_MIN>[0.08479440957307816, 0.05197853595018387, 0.027677632868289948, 0.022327933460474014, 0.00625282758846879, 5.2334558859001845e-05]</LCS_MIN>
		<LCS_MAX>[0.10202950984239578, 0.06773523986339569, 0.04227793589234352, 0.04013994336128235, 0.01844424195587635, 0.013657931238412857]</LCS_MAX>
		<WAVELENGTH>[0.485, 0.56, 0.66, 0.835, 1.65, 2.22]</WAVELENGTH>
		<MEAN_VALUE>[0.09351014285102939, 0.05961926144791257, 0.03543644094867874, 0.030896224503033302, 0.01348553810224576, 0.008983216417919592]</MEAN_VALUE>
		<CHECKBOX>2</CHECKBOX>
		<SD>[0.00289739950780771, 0.0027197317747463157, 0.0027858457799028033, 0.004519289204367439, 0.0027400944555325793, 0.0024412646549944214]</SD>
		<WAVELENGTH_UNIT>E-6m</WAVELENGTH_UNIT>
		<COLOR>#2d10a6</COLOR>
		<COVARIANCE_MATRIX>[[7.613512934767641e-06, 5.227044312050566e-06, 5.024211986892624e-06, 9.123462405113969e-06, 5.019862783228746e-06, 3.3970477488765027e-06], [5.227044312050566e-06, 6.611683147639269e-06, 4.889215688308468e-06, 8.970847375167068e-06, 4.955905751558021e-06, 3.3085977975133574e-06], [5.024211986892624e-06, 4.889215688308468e-06, 6.8762738010264e-06, 8.636474376544356e-06, 4.744821580970893e-06, 3.1999338716559578e-06], [9.123462405113969e-06, 8.970847375167068e-06, 8.636474376544356e-06, 1.7272406694246456e-05, 8.74775378179038e-06, 5.797865469503449e-06], [5.019862783228746e-06, 4.955905751558021e-06, 4.744821580970893e-06, 8.74775378179038e-06, 6.7180221776652616e-06, 3.226150965929264e-06], [3.3970477488765027e-06, 3.3085977975133574e-06, 3.1999338716559578e-06, 5.797865469503449e-06, 3.226150965929264e-06, 5.7389420362596866e-06]]</COVARIANCE_MATRIX>
		<ROI_SIZE>9827</ROI_SIZE>
		<MAX_VALUE>[0.10202950984239578, 0.06773523986339569, 0.04227793589234352, 0.04013994336128235, 0.01844424195587635, 0.013657931238412857]</MAX_VALUE>
		<MIN_VALUE>[0.08479440957307816, 0.05197853595018387, 0.027677632868289948, 0.022327933460474014, 0.00625282758846879, 5.2334558859001845e-05]</MIN_VALUE>
		<SIGNATURE_THRESHOLD_MD>0.0</SIGNATURE_THRESHOLD_MD>
		<SIGNATURE_THRESHOLD_ML>0.0</SIGNATURE_THRESHOLD_ML>
		<SIGNATURE_THRESHOLD_SAM>0.0</SIGNATURE_THRESHOLD_SAM>
	</signature>
	<signature ID="20200826_101330116565_124">
		<MACROCLASSID>1</MACROCLASSID>
		<MACROCLASSINFO>MC 1</MACROCLASSINFO>
		<CLASSID>2</CLASSID>
		<CLASSINFO>C 1</CLASSINFO>
		<VALUES>[0.09847773427371131, 0.001766829327087165, 0.06338680739523754, 0.0014483421868862173, 0.03681125423160965, 0.0015907316376631649, 0.029358311989359967, 0.0014630085108693902, 0.010615717520685313, 0.0014183273445943995, 0.0066197137130435315, 0.0019462363954778081]</VALUES>
		<LCS_MIN>[0.09197570383548737, 0.05828121677041054, 0.030597692355513573, 0.024554435163736343, 0.00625282758846879, 5.2334558859001845e-05]</LCS_MIN>
		<LCS_MAX>[0.10490202903747559, 0.06931091845035553, 0.04373796656727791, 0.03568693622946739, 0.016412340104579926, 0.013657931238412857]</LCS_MAX>
		<WAVELENGTH>[0.485, 0.56, 0.66, 0.835, 1.65, 2.22]</WAVELENGTH>
		<MEAN_VALUE>[0.09847773427371131, 0.06338680739523754, 0.03681125423160965, 0.029358311989359967, 0.010615717520685313, 0.0066197137130435315]</MEAN_VALUE>
		<CHECKBOX>2</CHECKBOX>
		<SD>[0.001766829327087165, 0.0014483421868862173, 0.0015907316376631649, 0.0014630085108693902, 0.0014183273445943995, 0.0019462363954778081]</SD>
		<WAVELENGTH_UNIT>E-6m</WAVELENGTH_UNIT>
		<COLOR>#a78449</COLOR>
		<COVARIANCE_MATRIX>[[2.9549826194852358e-06, 5.713724817724142e-07, 3.809659858688974e-07, 3.7360175042522314e-07, 6.392971840796235e-08, 3.810716364682776e-08], [5.713724817724142e-07, 2.0133018097112654e-06, 3.3236625540666864e-07, 4.3263315774311195e-07, 7.869799389936816e-08, 4.7169042005634765e-08], [3.809659858688974e-07, 3.3236625540666864e-07, 2.493155761840171e-06, 3.6382411394697556e-07, 8.216158420282227e-08, 1.1815551914651223e-07], [3.7360175042522314e-07, 4.3263315774311195e-07, 3.6382411394697556e-07, 2.0082418359379517e-06, 1.7542581076668284e-07, 1.2510804481280502e-07], [6.392971840796235e-08, 7.869799389936816e-08, 8.216158420282227e-08, 1.7542581076668284e-07, 2.0440515982045326e-06, 7.20472002058159e-08], [3.810716364682776e-08, 4.7169042005634765e-08, 1.1815551914651223e-07, 1.2510804481280502e-07, 7.20472002058159e-08, 3.7447969134518644e-06]]</COVARIANCE_MATRIX>
		<ROI_SIZE>10200</ROI_SIZE>
		<MAX_VALUE>[0.10490202903747559, 0.06931091845035553, 0.04373796656727791, 0.03568693622946739, 0.016412340104579926, 0.013657931238412857]</MAX_VALUE>
		<MIN_VALUE>[0.09197570383548737, 0.05828121677041054, 0.030597692355513573, 0.024554435163736343, 0.00625282758846879, 5.2334558859001845e-05]</MIN_VALUE>
		<SIGNATURE_THRESHOLD_MD>0.0</SIGNATURE_THRESHOLD_MD>
		<SIGNATURE_THRESHOLD_ML>0.0</SIGNATURE_THRESHOLD_ML>
		<SIGNATURE_THRESHOLD_SAM>0.0</SIGNATURE_THRESHOLD_SAM>
	</signature>
	<signature ID="20200826_101405135831_463">
		<MACROCLASSID>1</MACROCLASSID>
		<MACROCLASSINFO>MC 1</MACROCLASSINFO>
		<CLASSID>3</CLASSID>
		<CLASSINFO>C 1</CLASSINFO>
		<VALUES>[0.11250510022772299, 0.007739376605225454, 0.09306489962257206, 0.010088101223769881, 0.06343531010228183, 0.008795346127963592, 0.05030730609112054, 0.01639751119547345, 0.025227083149864517, 0.01078137436871714, 0.016288967140698683, 0.006221228827256446]</VALUES>
		<LCS_MIN>[0.08623066544532776, 0.055129870772361755, 0.03205772489309311, 0.024554435163736343, 0.00015711785817984492, 5.2334558859001845e-05]</LCS_MIN>
		<LCS_MAX>[0.14080849289894104, 0.11815672367811203, 0.08899891376495361, 0.11361446976661682, 0.09159274399280548, 0.048643749207258224]</LCS_MAX>
		<WAVELENGTH>[0.485, 0.56, 0.66, 0.835, 1.65, 2.22]</WAVELENGTH>
		<MEAN_VALUE>[0.11250510022772299, 0.09306489962257206, 0.06343531010228183, 0.05030730609112054, 0.025227083149864517, 0.016288967140698683]</MEAN_VALUE>
		<CHECKBOX>2</CHECKBOX>
		<SD>[0.007739376605225454, 0.010088101223769881, 0.008795346127963592, 0.01639751119547345, 0.01078137436871714, 0.006221228827256446]</SD>
		<WAVELENGTH_UNIT>E-6m</WAVELENGTH_UNIT>
		<COLOR>#b6ab01</COLOR>
		<COVARIANCE_MATRIX>[[6.321683031274006e-05, 8.003766561159864e-05, 6.689155998174101e-05, -2.1412462956504896e-05, 6.666806712019024e-06, 1.533495196781587e-05], [8.003766561159864e-05, 0.00011440656089689583, 9.36793876462616e-05, -1.7420783478883095e-05, 9.585750376572832e-06, 1.740540210448671e-05], [6.689155998174101e-05, 9.36793876462616e-05, 8.647757931612432e-05, 6.579812634299742e-06, 2.5816774723352864e-05, 2.4729251890676096e-05], [-2.1412462956504896e-05, -1.7420783478883095e-05, 6.579812634299742e-06, 0.0002583117166068405, 0.00013424309145193547, 5.4569954954786226e-05], [6.666806712019024e-06, 9.585750376572832e-06, 2.5816774723352864e-05, 0.00013424309145193547, 0.00010607931471895427, 5.260055331746116e-05], [1.533495196781587e-05, 1.740540210448671e-05, 2.4729251890676096e-05, 5.4569954954786226e-05, 5.260055331746116e-05, 3.590708729461767e-05]]</COVARIANCE_MATRIX>
		<ROI_SIZE>4386</ROI_SIZE>
		<MAX_VALUE>[0.14080849289894104, 0.11815672367811203, 0.08899891376495361, 0.11361446976661682, 0.09159274399280548, 0.048643749207258224]</MAX_VALUE>
		<MIN_VALUE>[0.08623066544532776, 0.055129870772361755, 0.03205772489309311, 0.024554435163736343, 0.00015711785817984492, 5.2334558859001845e-05]</MIN_VALUE>
		<SIGNATURE_THRESHOLD_MD>0.0</SIGNATURE_THRESHOLD_MD>
		<SIGNATURE_THRESHOLD_ML>0.0</SIGNATURE_THRESHOLD_ML>
		<SIGNATURE_THRESHOLD_SAM>0.0</SIGNATURE_THRESHOLD_SAM>
	</signature>
	<signature ID="20200826_101411204448_987">
		<MACROCLASSID>1</MACROCLASSID>
		<MACROCLASSINFO>MC 1</MACROCLASSINFO>
		<CLASSID>4</CLASSID>
		<CLASSINFO>C 1</CLASSINFO>
		<VALUES>[0.09559754850967551, 0.008709326280033835, 0.06694740768260811, 0.009131054578831135, 0.046646342973406474, 0.009710080673177445, 0.05142433033466744, 0.018037598495001778, 0.026878498935275306, 0.011838511211256925, 0.01666971042283883, 0.007389500154072378]</VALUES>
		<LCS_MIN>[0.07474061101675034, 0.04252450168132782, 0.023297542706131935, 0.020101431757211685, 0.00015711785817984492, 5.2334558859001845e-05]</LCS_MIN>
		<LCS_MAX>[0.14224475622177124, 0.1134297102689743, 0.09629905968904495, 0.10916146636009216, 0.0895608514547348, 0.052531059831380844]</LCS_MAX>
		<WAVELENGTH>[0.485, 0.56, 0.66, 0.835, 1.65, 2.22]</WAVELENGTH>
		<MEAN_VALUE>[0.09559754850967551, 0.06694740768260811, 0.046646342973406474, 0.05142433033466744, 0.026878498935275306, 0.01666971042283883]</MEAN_VALUE>
		<CHECKBOX>2</CHECKBOX>
		<SD>[0.008709326280033835, 0.009131054578831135, 0.009710080673177445, 0.018037598495001778, 0.011838511211256925, 0.007389500154072378]</SD>
		<WAVELENGTH_UNIT>E-6m</WAVELENGTH_UNIT>
		<COLOR>#176f77</COLOR>
		<COVARIANCE_MATRIX>[[8.316259481944144e-05, 8.440721285296604e-05, 9.084946941584349e-05, 3.459669096628204e-05, 6.822140130680054e-05, 6.034319812897593e-05], [8.440721285296604e-05, 9.204167872667313e-05, 9.70263936324045e-05, 5.6437038438161835e-05, 8.16990141174756e-05, 6.708547152811661e-05], [9.084946941584349e-05, 9.70263936324045e-05, 0.00010790522355819121, 5.572077498072758e-05, 8.828110003378242e-05, 7.370744424406439e-05], [3.459669096628204e-05, 5.6437038438161835e-05, 5.572077498072758e-05, 0.00029055020422674716, 0.0001522117090644315, 6.660835060756654e-05], [6.822140130680054e-05, 8.16990141174756e-05, 8.828110003378242e-05, 0.0001522117090644315, 0.00013849452079739422, 8.212232933146879e-05], [6.034319812897593e-05, 6.708547152811661e-05, 7.370744424406439e-05, 6.660835060756654e-05, 8.212232933146879e-05, 6.374296935973689e-05]]</COVARIANCE_MATRIX>
		<ROI_SIZE>4870</ROI_SIZE>
		<MAX_VALUE>[0.14224475622177124, 0.1134297102689743, 0.09629905968904495, 0.10916146636009216, 0.0895608514547348, 0.052531059831380844]</MAX_VALUE>
		<MIN_VALUE>[0.07474061101675034, 0.04252450168132782, 0.023297542706131935, 0.020101431757211685, 0.00015711785817984492, 5.2334558859001845e-05]</MIN_VALUE>
		<SIGNATURE_THRESHOLD_MD>0.0</SIGNATURE_THRESHOLD_MD>
		<SIGNATURE_THRESHOLD_ML>0.0</SIGNATURE_THRESHOLD_ML>
		<SIGNATURE_THRESHOLD_SAM>0.0</SIGNATURE_THRESHOLD_SAM>
	</signature>
	<signature ID="20200826_101450805590_544">
		<MACROCLASSID>1</MACROCLASSID>
		<MACROCLASSINFO>MC 1</MACROCLASSINFO>
		<CLASSID>5</CLASSID>
		<CLASSINFO>C 1</CLASSINFO>
		<VALUES>[0.11523882408758322, 0.0064261979324890545, 0.07972329345026699, 0.008696114981535972, 0.056596908968777365, 0.008351182296229906, 0.049815242779231626, 0.008913412119780405, 0.03495335027780162, 0.008661062925030537, 0.025522585875150407, 0.0067002849749660896]</VALUES>
		<LCS_MIN>[0.08623066544532776, 0.05197853595018387, 0.029137661680579185, 0.022327933460474014, 0.008284729905426502, 0.00393964909017086]</LCS_MIN>
		<LCS_MAX>[0.13219094276428223, 0.11185403913259506, 0.10505925863981247, 0.11138796806335449, 0.09972035884857178, 0.07974225282669067]</LCS_MAX>
		<WAVELENGTH>[0.485, 0.56, 0.66, 0.835, 1.65, 2.22]</WAVELENGTH>
		<MEAN_VALUE>[0.11523882408758322, 0.07972329345026699, 0.056596908968777365, 0.049815242779231626, 0.03495335027780162, 0.025522585875150407]</MEAN_VALUE>
		<CHECKBOX>2</CHECKBOX>
		<SD>[0.0064261979324890545, 0.008696114981535972, 0.008351182296229906, 0.008913412119780405, 0.008661062925030537, 0.0067002849749660896]</SD>
		<WAVELENGTH_UNIT>E-6m</WAVELENGTH_UNIT>
		<COLOR>#3d12a5</COLOR>
		<COVARIANCE_MATRIX>[[3.789285619859584e-05, 4.137124415137805e-05, 3.9963098970474675e-05, 3.3995864214375615e-05, 3.768988972296938e-05, 2.8846172426710837e-05], [4.137124415137805e-05, 6.735781789757311e-05, 5.997830521664582e-05, 5.105961099616252e-05, 5.134978346177377e-05, 3.775016011786647e-05], [3.9963098970474675e-05, 5.997830521664582e-05, 6.157186726341024e-05, 5.174287434783764e-05, 5.307144238031469e-05, 3.91720823245123e-05], [3.3995864214375615e-05, 5.105961099616252e-05, 5.174287434783764e-05, 6.525759818032384e-05, 5.540078564081341e-05, 3.872820525430143e-05], [3.768988972296938e-05, 5.134978346177377e-05, 5.307144238031469e-05, 5.540078564081341e-05, 6.15310127614066e-05, 4.372530383989215e-05], [2.8846172426710837e-05, 3.775016011786647e-05, 3.91720823245123e-05, 3.872820525430143e-05, 4.372530383989215e-05, 3.6619239835999906e-05]]</COVARIANCE_MATRIX>
		<ROI_SIZE>8531</ROI_SIZE>
		<MAX_VALUE>[0.13219094276428223, 0.11185403913259506, 0.10505925863981247, 0.11138796806335449, 0.09972035884857178, 0.07974225282669067]</MAX_VALUE>
		<MIN_VALUE>[0.08623066544532776, 0.05197853595018387, 0.029137661680579185, 0.022327933460474014, 0.008284729905426502, 0.00393964909017086]</MIN_VALUE>
		<SIGNATURE_THRESHOLD_MD>0.0</SIGNATURE_THRESHOLD_MD>
		<SIGNATURE_THRESHOLD_ML>0.0</SIGNATURE_THRESHOLD_ML>
		<SIGNATURE_THRESHOLD_SAM>0.0</SIGNATURE_THRESHOLD_SAM>
	</signature>
	<signature ID="20200826_101457253761_418">
		<MACROCLASSID>1</MACROCLASSID>
		<MACROCLASSINFO>MC 1</MACROCLASSINFO>
		<CLASSID>6</CLASSID>
		<CLASSINFO>C 1</CLASSINFO>
		<VALUES>[0.10581904394343021, 0.00886419981225668, 0.07080606149276354, 0.009685307050992494, 0.04724972947095148, 0.009658333629706901, 0.04402352370075685, 0.012842924175134418, 0.026667533043432747, 0.01066150762965445, 0.018363740764470164, 0.007678407368916661]</VALUES>
		<LCS_MIN>[0.08479440957307816, 0.04882718622684479, 0.02621760219335556, 0.020101431757211685, 0.00625282758846879, 0.0019959919154644012]</LCS_MIN>
		<LCS_MAX>[0.12788216769695282, 0.10240001976490021, 0.09483902901411057, 0.12029396742582321, 0.10378416627645493, 0.06613665074110031]</LCS_MAX>
		<WAVELENGTH>[0.485, 0.56, 0.66, 0.835, 1.65, 2.22]</WAVELENGTH>
		<MEAN_VALUE>[0.10581904394343021, 0.07080606149276354, 0.04724972947095148, 0.04402352370075685, 0.026667533043432747, 0.018363740764470164]</MEAN_VALUE>
		<CHECKBOX>2</CHECKBOX>
		<SD>[0.00886419981225668, 0.009685307050992494, 0.009658333629706901, 0.012842924175134418, 0.01066150762965445, 0.007678407368916661]</SD>
		<WAVELENGTH_UNIT>E-6m</WAVELENGTH_UNIT>
		<COLOR>#20a089</COLOR>
		<COVARIANCE_MATRIX>[[7.769239164190367e-05, 7.319995347643271e-05, 7.163472764659673e-05, 6.600400229217485e-05, 7.241452840389684e-05, 5.6145745475078e-05], [7.319995347643271e-05, 9.05749766388908e-05, 8.568415796617046e-05, 9.297319047618657e-05, 8.623312169220299e-05, 6.207697151694447e-05], [7.163472764659673e-05, 8.568415796617046e-05, 9.003305603982881e-05, 9.89502586890012e-05, 9.135347499977797e-05, 6.50757210678421e-05], [6.600400229217485e-05, 9.297319047618657e-05, 9.89502586890012e-05, 0.00016756271361373365, 0.00012289418373256922, 7.743321475572884e-05], [7.241452840389684e-05, 8.623312169220299e-05, 9.135347499977797e-05, 0.00012289418373256922, 0.00011353130685165524, 7.588674634462222e-05], [5.6145745475078e-05, 6.207697151694447e-05, 6.50757210678421e-05, 7.743321475572884e-05, 7.588674634462222e-05, 5.782198059023358e-05]]</COVARIANCE_MATRIX>
		<ROI_SIZE>7893</ROI_SIZE>
		<MAX_VALUE>[0.12788216769695282, 0.10240001976490021, 0.09483902901411057, 0.12029396742582321, 0.10378416627645493, 0.06613665074110031]</MAX_VALUE>
		<MIN_VALUE>[0.08479440957307816, 0.04882718622684479, 0.02621760219335556, 0.020101431757211685, 0.00625282758846879, 0.0019959919154644012]</MIN_VALUE>
		<SIGNATURE_THRESHOLD_MD>0.0</SIGNATURE_THRESHOLD_MD>
		<SIGNATURE_THRESHOLD_ML>0.0</SIGNATURE_THRESHOLD_ML>
		<SIGNATURE_THRESHOLD_SAM>0.0</SIGNATURE_THRESHOLD_SAM>
	</signature>
	<signature ID="20200826_101511720281_185">
		<MACROCLASSID>1</MACROCLASSID>
		<MACROCLASSINFO>MC 1</MACROCLASSINFO>
		<CLASSID>7</CLASSID>
		<CLASSINFO>C 1</CLASSINFO>
		<VALUES>[0.09762265083649252, 0.003430748097637662, 0.05577223708551704, 0.004454006589595914, 0.03458627269321207, 0.003591194122514262, 0.03131515982484813, 0.005179028767357333, 0.015428708468204487, 0.0028176734600628616, 0.01077235482475639, 0.002420295625247302]</VALUES>
		<LCS_MIN>[0.09053944051265717, 0.04882718622684479, 0.02621760219335556, 0.020101431757211685, 0.008284729905426502, 0.0019959919154644012]</LCS_MIN>
		<LCS_MAX>[0.15086230635643005, 0.12288374453783035, 0.10359920561313629, 0.09802895784378052, 0.046890877187252045, 0.031150836497545242]</LCS_MAX>
		<WAVELENGTH>[0.485, 0.56, 0.66, 0.835, 1.65, 2.22]</WAVELENGTH>
		<MEAN_VALUE>[0.09762265083649252, 0.05577223708551704, 0.03458627269321207, 0.03131515982484813, 0.015428708468204487, 0.01077235482475639]</MEAN_VALUE>
		<CHECKBOX>2</CHECKBOX>
		<SD>[0.003430748097637662, 0.004454006589595914, 0.003591194122514262, 0.005179028767357333, 0.0028176734600628616, 0.002420295625247302]</SD>
		<WAVELENGTH_UNIT>E-6m</WAVELENGTH_UNIT>
		<COLOR>#8e331e</COLOR>
		<COVARIANCE_MATRIX>[[1.0127135283255484e-05, 1.0709339221648406e-05, 7.673704203625675e-06, 1.1818971870525274e-05, 5.859139946551295e-06, 3.410796125535853e-06], [1.0709339221648406e-05, 1.65234123414848e-05, 1.049002275976818e-05, 1.635745502426289e-05, 7.936079782666638e-06, 4.629162958735833e-06], [7.673704203625675e-06, 1.049002275976818e-05, 1.0227338862023316e-05, 1.1959222320001572e-05, 5.841133315698244e-06, 3.5172422485629795e-06], [1.1818971870525274e-05, 1.635745502426289e-05, 1.1959222320001572e-05, 2.064429281745106e-05, 9.304731065640226e-06, 5.47665194972069e-06], [5.859139946551295e-06, 7.936079782666638e-06, 5.841133315698244e-06, 9.304731065640226e-06, 6.5489898588566575e-06, 2.7984112875856226e-06], [3.410796125535853e-06, 4.629162958735833e-06, 3.5172422485629795e-06, 5.47665194972069e-06, 2.7984112875856226e-06, 5.4796660151623655e-06]]</COVARIANCE_MATRIX>
		<ROI_SIZE>9896</ROI_SIZE>
		<MAX_VALUE>[0.15086230635643005, 0.12288374453783035, 0.10359920561313629, 0.09802895784378052, 0.046890877187252045, 0.031150836497545242]</MAX_VALUE>
		<MIN_VALUE>[0.09053944051265717, 0.04882718622684479, 0.02621760219335556, 0.020101431757211685, 0.008284729905426502, 0.0019959919154644012]</MIN_VALUE>
		<SIGNATURE_THRESHOLD_MD>0.0</SIGNATURE_THRESHOLD_MD>
		<SIGNATURE_THRESHOLD_ML>0.0</SIGNATURE_THRESHOLD_ML>
		<SIGNATURE_THRESHOLD_SAM>0.0</SIGNATURE_THRESHOLD_SAM>
	</signature>
	<signature ID="20200826_101518776551_633">
		<MACROCLASSID>1</MACROCLASSID>
		<MACROCLASSINFO>MC 1</MACROCLASSINFO>
		<CLASSID>8</CLASSID>
		<CLASSINFO>C 1</CLASSINFO>
		<VALUES>[0.10669880838468976, 0.003992911103982257, 0.06662977391202875, 0.004880764866517627, 0.046865160268443826, 0.004749158781166662, 0.042109914148206216, 0.005085655198396119, 0.027803747709865687, 0.004209197884981422, 0.020288922455631242, 0.003464992373559125]</VALUES>
		<LCS_MIN>[0.08910319209098816, 0.04882718622684479, 0.029137661680579185, 0.024554435163736343, 0.010316631756722927, 0.00393964909017086]</LCS_MIN>
		<LCS_MAX>[0.15660731494426727, 0.13391342759132385, 0.10943932086229324, 0.11584095656871796, 0.06111420691013336, 0.03503815084695816]</LCS_MAX>
		<WAVELENGTH>[0.485, 0.56, 0.66, 0.835, 1.65, 2.22]</WAVELENGTH>
		<MEAN_VALUE>[0.10669880838468976, 0.06662977391202875, 0.046865160268443826, 0.042109914148206216, 0.027803747709865687, 0.020288922455631242]</MEAN_VALUE>
		<CHECKBOX>2</CHECKBOX>
		<SD>[0.003992911103982257, 0.004880764866517627, 0.004749158781166662, 0.005085655198396119, 0.004209197884981422, 0.003464992373559125]</SD>
		<WAVELENGTH_UNIT>E-6m</WAVELENGTH_UNIT>
		<COLOR>#891e1a</COLOR>
		<COVARIANCE_MATRIX>[[1.669910125201568e-05, 1.748985414451454e-05, 1.711902405077126e-05, 1.7373207811033353e-05, 1.3452070561470464e-05, 9.468336429563351e-06], [1.748985414451454e-05, 2.484570723026991e-05, 2.1807141820318066e-05, 2.3339754989137873e-05, 1.630850056244526e-05, 1.1027080290659796e-05], [1.711902405077126e-05, 2.1807141820318066e-05, 2.358421443204861e-05, 2.248095188406296e-05, 1.6576203051954508e-05, 1.1402070413168985e-05], [1.7373207811033353e-05, 2.3339754989137873e-05, 2.248095188406296e-05, 2.7177988158655353e-05, 1.7802687580115162e-05, 1.1781664397858549e-05], [1.3452070561470464e-05, 1.630850056244526e-05, 1.6576203051954508e-05, 1.7802687580115162e-05, 1.803164923330769e-05, 1.121313380281208e-05], [9.468336429563351e-06, 1.1027080290659796e-05, 1.1402070413168985e-05, 1.1781664397858549e-05, 1.121313380281208e-05, 1.1940303920709994e-05]]</COVARIANCE_MATRIX>
		<ROI_SIZE>9998</ROI_SIZE>
		<MAX_VALUE>[0.15660731494426727, 0.13391342759132385, 0.10943932086229324, 0.11584095656871796, 0.06111420691013336, 0.03503815084695816]</MAX_VALUE>
		<MIN_VALUE>[0.08910319209098816, 0.04882718622684479, 0.029137661680579185, 0.024554435163736343, 0.010316631756722927, 0.00393964909017086]</MIN_VALUE>
		<SIGNATURE_THRESHOLD_MD>0.0</SIGNATURE_THRESHOLD_MD>
		<SIGNATURE_THRESHOLD_ML>0.0</SIGNATURE_THRESHOLD_ML>
		<SIGNATURE_THRESHOLD_SAM>0.0</SIGNATURE_THRESHOLD_SAM>
	</signature>
	<signature ID="20200826_101529372769_936">
		<MACROCLASSID>1</MACROCLASSID>
		<MACROCLASSINFO>MC 1</MACROCLASSINFO>
		<CLASSID>9</CLASSID>
		<CLASSINFO>C 1</CLASSINFO>
		<VALUES>[0.1181393144166609, 0.003530849774437152, 0.074102933346463, 0.0035432344274015687, 0.05608582521170974, 0.003782540773251948, 0.046838551390264466, 0.003735905945189517, 0.03507868938037362, 0.003622566378972897, 0.026395617457100628, 0.0031845336845589445]</VALUES>
		<LCS_MIN>[0.10490202903747559, 0.06143255904316902, 0.04227793589234352, 0.03346044197678566, 0.022508051246404648, 0.015601585619151592]</LCS_MIN>
		<LCS_MAX>[0.12931841611862183, 0.08349194377660751, 0.0670984536409378, 0.057951949536800385, 0.04485898092389107, 0.03892546892166138]</LCS_MAX>
		<WAVELENGTH>[0.485, 0.56, 0.66, 0.835, 1.65, 2.22]</WAVELENGTH>
		<MEAN_VALUE>[0.1181393144166609, 0.074102933346463, 0.05608582521170974, 0.046838551390264466, 0.03507868938037362, 0.026395617457100628]</MEAN_VALUE>
		<CHECKBOX>2</CHECKBOX>
		<SD>[0.003530849774437152, 0.0035432344274015687, 0.003782540773251948, 0.003735905945189517, 0.003622566378972897, 0.0031845336845589445]</SD>
		<WAVELENGTH_UNIT>E-6m</WAVELENGTH_UNIT>
		<COLOR>#8f6450</COLOR>
		<COVARIANCE_MATRIX>[[1.0591704267426394e-05, 8.518554750480689e-06, 8.879771485226229e-06, 9.062081517186016e-06, 8.119170161080547e-06, 6.154921265988378e-06], [8.518554750480689e-06, 1.0609714081510901e-05, 9.46288309933152e-06, 9.66195875662379e-06, 8.812382475298364e-06, 6.638731520069996e-06], [8.879771485226229e-06, 9.46288309933152e-06, 1.2171625712653622e-05, 1.0031752026407048e-05, 9.28010922507383e-06, 6.9952784542692825e-06], [9.062081517186016e-06, 9.66195875662379e-06, 1.0031752026407048e-05, 1.1723614079528488e-05, 9.30170608626213e-06, 7.035991075099446e-06], [8.119170161080547e-06, 8.812382475298364e-06, 9.28010922507383e-06, 9.30170608626213e-06, 1.1107694263046142e-05, 6.839618890808197e-06], [6.154921265988378e-06, 6.638731520069996e-06, 6.9952784542692825e-06, 7.035991075099446e-06, 6.839618890808197e-06, 9.00864051800454e-06]]</COVARIANCE_MATRIX>
		<ROI_SIZE>10201</ROI_SIZE>
		<MAX_VALUE>[0.12931841611862183, 0.08349194377660751, 0.0670984536409378, 0.057951949536800385, 0.04485898092389107, 0.03892546892166138]</MAX_VALUE>
		<MIN_VALUE>[0.10490202903747559, 0.06143255904316902, 0.04227793589234352, 0.03346044197678566, 0.022508051246404648, 0.015601585619151592]</MIN_VALUE>
		<SIGNATURE_THRESHOLD_MD>0.0</SIGNATURE_THRESHOLD_MD>
		<SIGNATURE_THRESHOLD_ML>0.0</SIGNATURE_THRESHOLD_ML>
		<SIGNATURE_THRESHOLD_SAM>0.0</SIGNATURE_THRESHOLD_SAM>
	</signature>
	<signature ID="20200826_101536899684_481">
		<MACROCLASSID>1</MACROCLASSID>
		<MACROCLASSINFO>MC 1</MACROCLASSINFO>
		<CLASSID>10</CLASSID>
		<CLASSINFO>C 1</CLASSINFO>
		<VALUES>[0.09243596924020102, 0.0034204545321610946, 0.04929052952849126, 0.0033171570701150768, 0.030084755020554223, 0.0035309458541521845, 0.02161552610133986, 0.003744548252231782, 0.010846067051458515, 0.003110971096582909, 0.008073581584656528, 0.002871434332726182]</VALUES>
		<LCS_MIN>[0.08479440957307816, 0.04252450168132782, 0.02037748135626316, 0.015648430213332176, 0.004220922943204641, 0.0]</LCS_MIN>
		<LCS_MAX>[0.10777454823255539, 0.06300823390483856, 0.045197997242212296, 0.03791343793272972, 0.024539949372410774, 0.021432558074593544]</LCS_MAX>
		<WAVELENGTH>[0.485, 0.56, 0.66, 0.835, 1.65, 2.22]</WAVELENGTH>
		<MEAN_VALUE>[0.09243596924020102, 0.04929052952849126, 0.030084755020554223, 0.02161552610133986, 0.010846067051458515, 0.008073581584656528]</MEAN_VALUE>
		<CHECKBOX>2</CHECKBOX>
		<SD>[0.0034204545321610946, 0.0033171570701150768, 0.0035309458541521845, 0.003744548252231782, 0.003110971096582909, 0.002871434332726182]</SD>
		<WAVELENGTH_UNIT>E-6m</WAVELENGTH_UNIT>
		<COLOR>#fb0e02</COLOR>
		<COVARIANCE_MATRIX>[[1.1228052244405262e-05, 8.921256267058197e-06, 9.306565516453702e-06, 1.0095150173583534e-05, 7.974596883286722e-06, 6.071501502447063e-06], [8.921256267058197e-06, 1.0488856787560508e-05, 9.330047760158777e-06, 1.0252178981318139e-05, 8.114275260595605e-06, 6.106513410486514e-06], [9.306565516453702e-06, 9.330047760158777e-06, 1.1908477972610854e-05, 1.0729236237239093e-05, 8.512530257576145e-06, 6.4769542404974345e-06], [1.0095150173583534e-05, 1.0252178981318139e-05, 1.0729236237239093e-05, 1.3226218470663298e-05, 9.322787263954524e-06, 7.058735718601383e-06], [7.974596883286722e-06, 8.114275260595605e-06, 8.512530257576145e-06, 9.322787263954524e-06, 9.317554940935224e-06, 5.6941648836073e-06], [6.071501502447063e-06, 6.106513410486514e-06, 6.4769542404974345e-06, 7.058735718601383e-06, 5.6941648836073e-06, 8.056808837864082e-06]]</COVARIANCE_MATRIX>
		<ROI_SIZE>10201</ROI_SIZE>
		<MAX_VALUE>[0.10777454823255539, 0.06300823390483856, 0.045197997242212296, 0.03791343793272972, 0.024539949372410774, 0.021432558074593544]</MAX_VALUE>
		<MIN_VALUE>[0.08479440957307816, 0.04252450168132782, 0.02037748135626316, 0.015648430213332176, 0.004220922943204641, 0.0]</MIN_VALUE>
		<SIGNATURE_THRESHOLD_MD>0.0</SIGNATURE_THRESHOLD_MD>
		<SIGNATURE_THRESHOLD_ML>0.0</SIGNATURE_THRESHOLD_ML>
		<SIGNATURE_THRESHOLD_SAM>0.0</SIGNATURE_THRESHOLD_SAM>
	</signature>
	<signature ID="20200826_101620276699_870">
		<MACROCLASSID>1</MACROCLASSID>
		<MACROCLASSINFO>waterbody</MACROCLASSINFO>
		<CLASSID>11</CLASSID>
		<CLASSINFO>C 1</CLASSINFO>
		<VALUES>[0.1579701977185704, 0.005270826999087904, 0.15669225521562116, 0.006717113625665937, 0.14361327036589924, 0.009241742795621392, 0.08972144663631021, 0.006008819142970459, 0.027931803709734148, 0.00754183745620949, 0.017990177823636933, 0.005148207608481838]</VALUES>
		<LCS_MIN>[0.14224475622177124, 0.132337749004364, 0.12111958861351013, 0.08021695911884308, 0.0143804382532835, 0.005883304867893457]</LCS_MIN>
		<LCS_MAX>[0.1838962584733963, 0.18275924026966095, 0.16930057108402252, 0.12029396742582321, 0.05501849204301834, 0.04086912423372269]</LCS_MAX>
		<WAVELENGTH>[0.485, 0.56, 0.66, 0.835, 1.65, 2.22]</WAVELENGTH>
		<MEAN_VALUE>[0.1579701977185704, 0.15669225521562116, 0.14361327036589924, 0.08972144663631021, 0.027931803709734148, 0.017990177823636933]</MEAN_VALUE>
		<CHECKBOX>2</CHECKBOX>
		<SD>[0.005270826999087904, 0.006717113625665937, 0.009241742795621392, 0.006008819142970459, 0.00754183745620949, 0.005148207608481838]</SD>
		<WAVELENGTH_UNIT>E-6m</WAVELENGTH_UNIT>
		<COLOR>#8c2726</COLOR>
		<COVARIANCE_MATRIX>[[3.5673972888616845e-05, 4.1919021896319464e-05, 5.429271186585538e-05, 1.9027827875106595e-05, 4.1027296902029775e-06, 4.365325821709121e-06], [4.1919021896319464e-05, 5.959785630693659e-05, 7.738603744655848e-05, 1.965974661288783e-05, -5.016493560106028e-06, -9.527320230517944e-07], [5.429271186585538e-05, 7.738603744655848e-05, 0.00011268401431152597, 2.667912485776469e-05, -1.257598887605127e-05, -5.876273462490644e-06], [1.9027827875106595e-05, 1.965974661288783e-05, 2.667912485776469e-05, 3.917351205018349e-05, 2.3492380933021195e-05, 1.4095461665419862e-05], [4.1027296902029775e-06, -5.016493560106028e-06, -1.257598887605127e-05, 2.3492380933021195e-05, 4.146951687289402e-05, 2.4126060452545062e-05], [4.365325821709121e-06, -9.527320230517944e-07, -5.876273462490644e-06, 1.4095461665419862e-05, 2.4126060452545062e-05, 1.8834733054973185e-05]]</COVARIANCE_MATRIX>
		<ROI_SIZE>4684</ROI_SIZE>
		<MAX_VALUE>[0.1838962584733963, 0.18275924026966095, 0.16930057108402252, 0.12029396742582321, 0.05501849204301834, 0.04086912423372269]</MAX_VALUE>
		<MIN_VALUE>[0.14224475622177124, 0.132337749004364, 0.12111958861351013, 0.08021695911884308, 0.0143804382532835, 0.005883304867893457]</MIN_VALUE>
		<SIGNATURE_THRESHOLD_MD>0.0</SIGNATURE_THRESHOLD_MD>
		<SIGNATURE_THRESHOLD_ML>0.0</SIGNATURE_THRESHOLD_ML>
		<SIGNATURE_THRESHOLD_SAM>0.0</SIGNATURE_THRESHOLD_SAM>
	</signature>
	<signature ID="20200826_101626187464_459">
		<MACROCLASSID>1</MACROCLASSID>
		<MACROCLASSINFO>waterbody</MACROCLASSINFO>
		<CLASSID>12</CLASSID>
		<CLASSINFO>C 1</CLASSINFO>
		<VALUES>[0.1524613859261024, 0.0037287736858676083, 0.14886437037056033, 0.004676129364788435, 0.14131498468468096, 0.008300230170180306, 0.08968289630616659, 0.0050525505280752045, 0.022952653648848135, 0.005290696119977283, 0.014498899321966246, 0.003251739022436505]</VALUES>
		<LCS_MIN>[0.13937224447727203, 0.13076208531856537, 0.12111958861351013, 0.07576395571231842, 0.012348535470664501, 0.005883304867893457]</LCS_MIN>
		<LCS_MAX>[0.16091610491275787, 0.15754850208759308, 0.15616030991077423, 0.12029396742582321, 0.05095469206571579, 0.03309449926018715]</LCS_MAX>
		<WAVELENGTH>[0.485, 0.56, 0.66, 0.835, 1.65, 2.22]</WAVELENGTH>
		<MEAN_VALUE>[0.1524613859261024, 0.14886437037056033, 0.14131498468468096, 0.08968289630616659, 0.022952653648848135, 0.014498899321966246]</MEAN_VALUE>
		<CHECKBOX>2</CHECKBOX>
		<SD>[0.0037287736858676083, 0.004676129364788435, 0.008300230170180306, 0.0050525505280752045, 0.005290696119977283, 0.003251739022436505]</SD>
		<WAVELENGTH_UNIT>E-6m</WAVELENGTH_UNIT>
		<COLOR>#bb9dd2</COLOR>
		<COVARIANCE_MATRIX>[[1.3910639609093778e-05, 1.4215189366950653e-05, 2.508735633455217e-05, -8.012836616444474e-08, -7.564124643977266e-06, -3.3765711577871116e-06], [1.4215189366950653e-05, 2.1877016479265876e-05, 3.338628448545933e-05, -3.5312023101141676e-06, -1.2911050362163223e-05, -6.055425728845876e-06], [2.508735633455217e-05, 3.338628448545933e-05, 6.892794044688344e-05, 5.228355803410523e-06, -1.6647605662001297e-05, -7.58759597374592e-06], [-8.012836616444474e-08, -3.5312023101141676e-06, 5.228355803410523e-06, 2.5540910428389907e-05, 1.5917792552500032e-05, 8.070384865277447e-06], [-7.564124643977266e-06, -1.2911050362163223e-05, -1.6647605662001297e-05, 1.5917792552500032e-05, 2.8005330023006536e-05, 1.311307460127864e-05], [-3.3765711577871116e-06, -6.055425728845876e-06, -7.58759597374592e-06, 8.070384865277447e-06, 1.311307460127864e-05, 1.0579044101177715e-05]]</COVARIANCE_MATRIX>
		<ROI_SIZE>2020</ROI_SIZE>
		<MAX_VALUE>[0.16091610491275787, 0.15754850208759308, 0.15616030991077423, 0.12029396742582321, 0.05095469206571579, 0.03309449926018715]</MAX_VALUE>
		<MIN_VALUE>[0.13937224447727203, 0.13076208531856537, 0.12111958861351013, 0.07576395571231842, 0.012348535470664501, 0.005883304867893457]</MIN_VALUE>
		<SIGNATURE_THRESHOLD_MD>0.0</SIGNATURE_THRESHOLD_MD>
		<SIGNATURE_THRESHOLD_ML>0.0</SIGNATURE_THRESHOLD_ML>
		<SIGNATURE_THRESHOLD_SAM>0.0</SIGNATURE_THRESHOLD_SAM>
	</signature>
	<signature ID="20200826_101631827975_472">
		<MACROCLASSID>1</MACROCLASSID>
		<MACROCLASSINFO>waterbody</MACROCLASSINFO>
		<CLASSID>13</CLASSID>
		<CLASSINFO>C 1</CLASSINFO>
		<VALUES>[0.1350075027191795, 0.004398260679843605, 0.12473360511002601, 0.006125926644898566, 0.11646265145633128, 0.007550753322905675, 0.10658219911448363, 0.010656396051106088, 0.04318068227791164, 0.008254173259204804, 0.02473929851956955, 0.004657458909965848]</VALUES>
		<LCS_MIN>[0.1178283542394638, 0.09609732031822205, 0.08315879851579666, 0.08021695911884308, 0.026571854948997498, 0.015601585619151592]</LCS_MIN>
		<LCS_MAX>[0.14511728286743164, 0.13391342759132385, 0.12841972708702087, 0.13810598850250244, 0.07533752173185349, 0.046700093895196915]</LCS_MAX>
		<WAVELENGTH>[0.485, 0.56, 0.66, 0.835, 1.65, 2.22]</WAVELENGTH>
		<MEAN_VALUE>[0.1350075027191795, 0.12473360511002601, 0.11646265145633128, 0.10658219911448363, 0.04318068227791164, 0.02473929851956955]</MEAN_VALUE>
		<CHECKBOX>2</CHECKBOX>
		<SD>[0.004398260679843605, 0.006125926644898566, 0.007550753322905675, 0.010656396051106088, 0.008254173259204804, 0.004657458909965848]</SD>
		<WAVELENGTH_UNIT>E-6m</WAVELENGTH_UNIT>
		<COLOR>#d7989e</COLOR>
		<COVARIANCE_MATRIX>[[1.939507455972489e-05, 2.3406331820297055e-05, 2.7900534405489452e-05, -3.8422035686380696e-06, -2.8681015464826487e-06, 1.2687187336268835e-06], [2.3406331820297055e-05, 3.7624704418703914e-05, 4.391192123875953e-05, -4.461867774807615e-06, -9.093390872294549e-06, -1.666754428697459e-06], [2.7900534405489452e-05, 4.391192123875953e-05, 5.7162349548889324e-05, -1.0612090591166634e-05, -1.544581573398318e-05, -3.7083880215504905e-06], [-3.8422035686380696e-06, -4.461867774807615e-06, -1.0612090591166634e-05, 0.00011385450488887727, 6.904586916789412e-05, 3.295001442893408e-05], [-2.8681015464826487e-06, -9.093390872294549e-06, -1.544581573398318e-05, 6.904586916789412e-05, 6.830880010966212e-05, 3.197522892151028e-05], [1.2687187336268835e-06, -1.666754428697459e-06, -3.7083880215504905e-06, 3.295001442893408e-05, 3.197522892151028e-05, 2.174841210944578e-05]]</COVARIANCE_MATRIX>
		<ROI_SIZE>385</ROI_SIZE>
		<MAX_VALUE>[0.14511728286743164, 0.13391342759132385, 0.12841972708702087, 0.13810598850250244, 0.07533752173185349, 0.046700093895196915]</MAX_VALUE>
		<MIN_VALUE>[0.1178283542394638, 0.09609732031822205, 0.08315879851579666, 0.08021695911884308, 0.026571854948997498, 0.015601585619151592]</MIN_VALUE>
		<SIGNATURE_THRESHOLD_MD>0.0</SIGNATURE_THRESHOLD_MD>
		<SIGNATURE_THRESHOLD_ML>0.0</SIGNATURE_THRESHOLD_ML>
		<SIGNATURE_THRESHOLD_SAM>0.0</SIGNATURE_THRESHOLD_SAM>
	</signature>
	<signature ID="20200826_101653055400_228">
		<MACROCLASSID>1</MACROCLASSID>
		<MACROCLASSINFO>waterbody</MACROCLASSINFO>
		<CLASSID>15</CLASSID>
		<CLASSINFO>C 1</CLASSINFO>
		<VALUES>[0.15538968069344317, 0.005356165598468519, 0.1474601982575229, 0.007232366122546474, 0.12206816841856218, 0.008406033053321688, 0.09186233950441171, 0.008287188082944062, 0.045763690363123194, 0.0067987301736221785, 0.030069951321768904, 0.004127033440195639]</VALUES>
		<LCS_MIN>[0.13506345450878143, 0.1244593933224678, 0.09775908291339874, 0.08021695911884308, 0.03673136979341507, 0.019488902762532234]</LCS_MIN>
		<LCS_MAX>[0.1738424301147461, 0.1654268354177475, 0.14448007941246033, 0.12252046912908554, 0.07736942172050476, 0.048643749207258224]</LCS_MAX>
		<WAVELENGTH>[0.485, 0.56, 0.66, 0.835, 1.65, 2.22]</WAVELENGTH>
		<MEAN_VALUE>[0.15538968069344317, 0.1474601982575229, 0.12206816841856218, 0.09186233950441171, 0.045763690363123194, 0.030069951321768904]</MEAN_VALUE>
		<CHECKBOX>2</CHECKBOX>
		<SD>[0.005356165598468519, 0.007232366122546474, 0.008406033053321688, 0.008287188082944062, 0.0067987301736221785, 0.004127033440195639]</SD>
		<WAVELENGTH_UNIT>E-6m</WAVELENGTH_UNIT>
		<COLOR>#597dcc</COLOR>
		<COVARIANCE_MATRIX>[[3.0071827495703474e-05, 3.69389817933552e-05, 4.365625136415474e-05, 4.20086598751368e-06, -3.962223672715481e-06, -2.527747824387916e-07], [3.69389817933552e-05, 5.3031035349704325e-05, 5.8646706747822464e-05, 6.971977484226954e-08, -1.029943086905405e-05, -3.3003530006681103e-06], [4.365625136415474e-05, 5.8646706747822464e-05, 7.553571776952595e-05, 1.0281315553584136e-05, -5.743722340412205e-06, -3.029821300515323e-07], [4.20086598751368e-06, 6.971977484226954e-08, 1.0281315553584136e-05, 5.409228469943628e-05, 3.646774712251499e-05, 1.8595792425912805e-05], [-3.962223672715481e-06, -1.029943086905405e-05, -5.743722340412205e-06, 3.646774712251499e-05, 3.6390600143931806e-05, 1.7943939383258112e-05], [-2.527747824387916e-07, -3.3003530006681103e-06, -3.029821300515323e-07, 1.8595792425912805e-05, 1.7943939383258112e-05, 1.3858533748134505e-05]]</COVARIANCE_MATRIX>
		<ROI_SIZE>3716</ROI_SIZE>
		<MAX_VALUE>[0.1738424301147461, 0.1654268354177475, 0.14448007941246033, 0.12252046912908554, 0.07736942172050476, 0.048643749207258224]</MAX_VALUE>
		<MIN_VALUE>[0.13506345450878143, 0.1244593933224678, 0.09775908291339874, 0.08021695911884308, 0.03673136979341507, 0.019488902762532234]</MIN_VALUE>
		<SIGNATURE_THRESHOLD_MD>0.0</SIGNATURE_THRESHOLD_MD>
		<SIGNATURE_THRESHOLD_ML>0.0</SIGNATURE_THRESHOLD_ML>
		<SIGNATURE_THRESHOLD_SAM>0.0</SIGNATURE_THRESHOLD_SAM>
	</signature>
	<signature ID="20200826_101703097284_798">
		<MACROCLASSID>1</MACROCLASSID>
		<MACROCLASSINFO>waterbody</MACROCLASSINFO>
		<CLASSID>16</CLASSID>
		<CLASSINFO>C 1</CLASSINFO>
		<VALUES>[0.14487394019345604, 0.005946302741104816, 0.14086722311648453, 0.006411360372075904, 0.1394664913354334, 0.007427809018028643, 0.12122321255074062, 0.009676394895148405, 0.047772494760488164, 0.010578611016790699, 0.029456164811022017, 0.007226229543252827]</VALUES>
		<LCS_MIN>[0.12788216769695282, 0.11973239481449127, 0.11235939711332321, 0.09802895784378052, 0.028603756800293922, 0.017545243725180626]</LCS_MIN>
		<LCS_MAX>[0.16235235333442688, 0.15912416577339172, 0.159080371260643, 0.15369148552417755, 0.07127370685338974, 0.048643749207258224]</LCS_MAX>
		<WAVELENGTH>[0.485, 0.56, 0.66, 0.835, 1.65, 2.22]</WAVELENGTH>
		<MEAN_VALUE>[0.14487394019345604, 0.14086722311648453, 0.1394664913354334, 0.12122321255074062, 0.047772494760488164, 0.029456164811022017]</MEAN_VALUE>
		<CHECKBOX>2</CHECKBOX>
		<SD>[0.005946302741104816, 0.006411360372075904, 0.007427809018028643, 0.009676394895148405, 0.010578611016790699, 0.007226229543252827]</SD>
		<WAVELENGTH_UNIT>E-6m</WAVELENGTH_UNIT>
		<COLOR>#f08571</COLOR>
		<COVARIANCE_MATRIX>[[3.550523251760751e-05, 3.5635781387099996e-05, 4.0140301280189306e-05, 2.4018376279855147e-05, 3.0149556550895795e-05, 2.4443832444376312e-05], [3.5635781387099996e-05, 4.127610372961499e-05, 4.4716045522363856e-05, 2.4226670575444587e-05, 2.847722134902142e-05, 2.4197941456804983e-05], [4.0140301280189306e-05, 4.4716045522363856e-05, 5.540127676795237e-05, 2.4614342692075297e-05, 2.6004969186033122e-05, 2.370856236666441e-05], [2.4018376279855147e-05, 2.4226670575444587e-05, 2.4614342692075297e-05, 9.402113209944218e-05, 7.418997847707942e-05, 4.5557138946605846e-05], [3.0149556550895795e-05, 2.847722134902142e-05, 2.6004969186033122e-05, 7.418997847707942e-05, 0.00011237135186092928, 7.158839434850961e-05], [2.4443832444376312e-05, 2.4197941456804983e-05, 2.370856236666441e-05, 4.5557138946605846e-05, 7.158839434850961e-05, 5.2435068937484175e-05]]</COVARIANCE_MATRIX>
		<ROI_SIZE>242</ROI_SIZE>
		<MAX_VALUE>[0.16235235333442688, 0.15912416577339172, 0.159080371260643, 0.15369148552417755, 0.07127370685338974, 0.048643749207258224]</MAX_VALUE>
		<MIN_VALUE>[0.12788216769695282, 0.11973239481449127, 0.11235939711332321, 0.09802895784378052, 0.028603756800293922, 0.017545243725180626]</MIN_VALUE>
		<SIGNATURE_THRESHOLD_MD>0.0</SIGNATURE_THRESHOLD_MD>
		<SIGNATURE_THRESHOLD_ML>0.0</SIGNATURE_THRESHOLD_ML>
		<SIGNATURE_THRESHOLD_SAM>0.0</SIGNATURE_THRESHOLD_SAM>
	</signature>
	<signature ID="20200826_101727054251_497">
		<MACROCLASSID>1</MACROCLASSID>
		<MACROCLASSINFO>waterbody</MACROCLASSINFO>
		<CLASSID>17</CLASSID>
		<CLASSINFO>C 1</CLASSINFO>
		<VALUES>[0.1379281517920118, 0.00499000640895727, 0.12959428580239302, 0.007679823247657583, 0.1026643169104891, 0.007652678546547519, 0.0807265660824503, 0.010045527314168355, 0.04145955839968346, 0.007462871096220831, 0.025579378574741463, 0.004618801077872603]</VALUES>
