<?xml version="1.0" ?>
<signaturelist MCID_LIST="[['1', 'waterbody', '#0000ff'], ['2', 'vegetation', '#00ff00'], ['3', 'barren', '#ffaa00'], ['4', 'builtup', '#ff0000']]">
	<signature ID="20190913_085743366824_596">
		<MACROCLASSID>1</MACROCLASSID>
		<MACROCLASSINFO>waterbody</MACROCLASSINFO>
		<CLASSID>80</CLASSID>
		<CLASSINFO>C 1</CLASSINFO>
		<VALUES>[564.5024854795672, 55.40625507990965, 587.9033279263218, 96.11269740081785, 505.15082936528864, 83.01480989396809, 519.0334885667936, 61.888589478010296, 490.5332792632519, 49.912512195373914, 399.27426612945146, 39.08904266483756]</VALUES>
		<LCS_MIN>[453.5, 462.5, 366.0, 377.0, 299.5, 269.5]</LCS_MIN>
		<LCS_MAX>[876.0, 1226.0, 1147.0, 1152.0, 1114.5, 932.5]</LCS_MAX>
		<WAVELENGTH>[0.48, 0.56, 0.655, 0.865, 1.61, 2.2]</WAVELENGTH>
		<MEAN_VALUE>[564.5024854795672, 587.9033279263218, 505.15082936528864, 519.0334885667936, 490.5332792632519, 399.27426612945146]</MEAN_VALUE>
		<CHECKBOX>2</CHECKBOX>
		<SD>[55.40625507990965, 96.11269740081785, 83.01480989396809, 61.888589478010296, 49.912512195373914, 39.08904266483756]</SD>
		<WAVELENGTH_UNIT>E-6m</WAVELENGTH_UNIT>
		<COLOR>#fbeba6</COLOR>
		<COVARIANCE_MATRIX>[[3317.425534738785, 5064.63630744788, 4060.154581836703, 2896.0496803406895, 2034.2367426742435, 1567.4417770242717], [5064.63630744788, 9818.854001318437, 7638.899423350232, 4795.886567685781, 2775.814025485579, 2017.591578696049], [4060.154581836703, 7638.899423350232, 7242.654056489626, 4558.458099970285, 2847.8556545353945, 2104.1159401121427], [2896.0496803406895, 4795.886567685781, 4558.458099970285, 3987.5233576510973, 2850.944124001414, 2138.8895026707296], [2034.2367426742435, 2775.814025485579, 2847.8556545353945, 2850.944124001414, 2596.9500026993464, 2008.479138322491], [1567.4417770242717, 2017.591578696049, 2104.1159401121427, 2138.8895026707296, 2008.479138322491, 1599.010976104027]]</COVARIANCE_MATRIX>
		<ROI_SIZE>200018</ROI_SIZE>
		<MAX_VALUE>[876.0, 1226.0, 1147.0, 1152.0, 1114.5, 932.5]</MAX_VALUE>
		<MIN_VALUE>[453.5, 462.5, 366.0, 377.0, 299.5, 269.5]</MIN_VALUE>
		<SIGNATURE_THRESHOLD_MD>0</SIGNATURE_THRESHOLD_MD>
		<SIGNATURE_THRESHOLD_ML>0</SIGNATURE_THRESHOLD_ML>
		<SIGNATURE_THRESHOLD_SAM>0</SIGNATURE_THRESHOLD_SAM>
	</signature>
	<signature ID="20190913_085752016248_504">
		<MACROCLASSID>1</MACROCLASSID>
		<MACROCLASSINFO>waterbody</MACROCLASSINFO>
		<CLASSID>81</CLASSID>
		<CLASSINFO>C 1</CLASSINFO>
		<VALUES>[486.5280782029949, 40.43606092045314, 620.3456738768726, 70.1110903763724, 435.9193011647249, 81.07373455351241, 501.03930948419327, 100.55458434254444, 374.29450915141416, 109.47647595938673, 282.53743760399334, 76.48306591747155]</VALUES>
		<LCS_MIN>[312.0, 450.0, 228.5, 260.5, 99.5, 87.0]</LCS_MIN>
		<LCS_MAX>[655.5, 1048.0, 978.0, 1087.5, 988.0, 746.0]</LCS_MAX>
		<WAVELENGTH>[0.48, 0.56, 0.655, 0.865, 1.61, 2.2]</WAVELENGTH>
		<MEAN_VALUE>[486.5280782029949, 620.3456738768726, 435.9193011647249, 501.03930948419327, 374.29450915141416, 282.53743760399334]</MEAN_VALUE>
		<CHECKBOX>2</CHECKBOX>
		<SD>[40.43606092045314, 70.1110903763724, 81.07373455351241, 100.55458434254444, 109.47647595938673, 76.48306591747155]</SD>
		<WAVELENGTH_UNIT>E-6m</WAVELENGTH_UNIT>
		<COLOR>#f7b62f</COLOR>
		<COVARIANCE_MATRIX>[[1571.4957389981137, 2075.246010431063, 2162.2253192178464, 1540.2773317267724, 1760.0700571403818, 1521.7338333024582], [2075.246010431063, 4685.978614718559, 5048.269160257445, 4517.522328448224, 4823.882918096316, 3634.5060784683033], [2162.2253192178464, 5048.269160257445, 6219.669758206614, 6416.580797473458, 6834.408524195422, 5054.904634279339], [1540.2773317267724, 4517.522328448224, 6416.580797473458, 9509.259884978012, 9506.303423833395, 6599.589762408411], [1760.0700571403818, 4823.882918096316, 6834.408524195422, 9506.303423833395, 11367.67479243563, 7955.480037073591], [1521.7338333024582, 3634.5060784683033, 5054.904634279339, 6599.589762408411, 7955.480037073591, 5825.562117156294]]</COVARIANCE_MATRIX>
		<ROI_SIZE>20845</ROI_SIZE>
		<MAX_VALUE>[655.5, 1048.0, 978.0, 1087.5, 988.0, 746.0]</MAX_VALUE>
		<MIN_VALUE>[312.0, 450.0, 228.5, 260.5, 99.5, 87.0]</MIN_VALUE>
		<SIGNATURE_THRESHOLD_MD>0</SIGNATURE_THRESHOLD_MD>
		<SIGNATURE_THRESHOLD_ML>0</SIGNATURE_THRESHOLD_ML>
		<SIGNATURE_THRESHOLD_SAM>0</SIGNATURE_THRESHOLD_SAM>
	</signature>
	<signature ID="20190913_085823539033_652">
		<MACROCLASSID>1</MACROCLASSID>
		<MACROCLASSINFO>waterbody</MACROCLASSINFO>
		<CLASSID>82</CLASSID>
		<CLASSINFO>C 1</CLASSINFO>
		<VALUES>[670.7484126984136, 65.85499491020651, 878.6777777777775, 53.96262064436614, 798.5968253968257, 89.06541731418805, 635.3230158730161, 199.61686622075146, 420.71111111111037, 189.67880713601912, 299.09682539682575, 135.18269879468286]</VALUES>
		<LCS_MIN>[281.0, 543.0, 482.0, 384.0, 172.0, 130.0]</LCS_MIN>
		<LCS_MAX>[937.0, 1125.0, 1124.0, 1160.0, 994.0, 810.0]</LCS_MAX>
		<WAVELENGTH>[0.48, 0.56, 0.655, 0.865, 1.61, 2.2]</WAVELENGTH>
		<MEAN_VALUE>[670.7484126984136, 878.6777777777775, 798.5968253968257, 635.3230158730161, 420.71111111111037, 299.09682539682575]</MEAN_VALUE>
		<CHECKBOX>2</CHECKBOX>
		<SD>[65.85499491020651, 53.96262064436614, 89.06541731418805, 199.61686622075146, 189.67880713601912, 135.18269879468286]</SD>
		<WAVELENGTH_UNIT>E-6m</WAVELENGTH_UNIT>
		<COLOR>#96ff63</COLOR>
		<COVARIANCE_MATRIX>[[4340.325057049559, 2968.289797899567, 2416.902457228589, -5108.631138973989, -2354.8003000617773, -884.1900765283608], [2968.289797899567, 2914.2773453358045, 3468.8676021533843, -103.98241108463608, 1332.3802312240753, 1460.6777689524315], [2416.902457228589, 3468.8676021533843, 7938.94931477489, 7813.7562288034105, 6523.069296619892, 4928.404437888474], [-5108.631138973989, -103.98241108463608, 7813.7562288034105, 39878.54291702913, 31710.6207925161, 21126.70658622994], [-2354.8003000617773, 1332.3802312240753, 6523.069296619892, 31710.6207925161, 36006.626564292645, 25270.840543641338], [-884.1900765283608, 1460.6777689524315, 4928.404437888474, 21126.70658622994, 25270.840543641338, 18288.87703518792]]</COVARIANCE_MATRIX>
		<ROI_SIZE>1260</ROI_SIZE>
		<MAX_VALUE>[937.0, 1125.0, 1124.0, 1160.0, 994.0, 810.0]</MAX_VALUE>
		<MIN_VALUE>[281.0, 543.0, 482.0, 384.0, 172.0, 130.0]</MIN_VALUE>
		<SIGNATURE_THRESHOLD_MD>0</SIGNATURE_THRESHOLD_MD>
		<SIGNATURE_THRESHOLD_ML>0</SIGNATURE_THRESHOLD_ML>
		<SIGNATURE_THRESHOLD_SAM>0</SIGNATURE_THRESHOLD_SAM>
	</signature>
	<signature ID="20190913_085829330096_309">
		<MACROCLASSID>1</MACROCLASSID>
		<MACROCLASSINFO>waterbody</MACROCLASSINFO>
		<CLASSID>83</CLASSID>
		<CLASSINFO>C 1</CLASSINFO>
		<VALUES>[564.2998996990983, 85.10175825306585, 805.0596790371121, 160.21419322967, 591.9914744232715, 170.07911141569548, 549.7637913741237, 140.77685264128996, 328.603309929789, 125.78753962317006, 223.2126379137412, 79.94489025068368]</VALUES>
		<LCS_MIN>[313.0, 507.0, 292.0, 307.0, 115.0, 61.0]</LCS_MIN>
		<LCS_MAX>[801.0, 1261.0, 1242.0, 1181.0, 956.0, 763.0]</LCS_MAX>
		<WAVELENGTH>[0.48, 0.56, 0.655, 0.865, 1.61, 2.2]</WAVELENGTH>
		<MEAN_VALUE>[564.2998996990983, 805.0596790371121, 591.9914744232715, 549.7637913741237, 328.603309929789, 223.2126379137412]</MEAN_VALUE>
		<CHECKBOX>2</CHECKBOX>
		<SD>[85.10175825306585, 160.21419322967, 170.07911141569548, 140.77685264128996, 125.78753962317006, 79.94489025068368]</SD>
		<WAVELENGTH_UNIT>E-6m</WAVELENGTH_UNIT>
		<COLOR>#f2bf8c</COLOR>
		<COVARIANCE_MATRIX>[[6346.103280468686, 11289.88153229019, 11266.658516481359, 2515.3937704078166, 1661.38955166606, 1357.3058410789165], [11289.88153229019, 22895.507656918468, 23010.007106672205, 7762.588132775596, 5304.856183320279, 3414.069762268357], [11266.658516481359, 23010.007106672205, 25985.429093808783, 12341.318575686944, 9192.871195857782, 5828.3326267230395], [2515.3937704078166, 7762.588132775596, 12341.318575686944, 18880.787712397043, 15733.322634236934, 9370.446956704933], [1661.38955166606, 5304.856183320279, 9192.871195857782, 15733.322634236934, 15674.54212887898, 9505.37291960022], [1357.3058410789165, 3414.069762268357, 5828.3326267230395, 9370.446956704933, 9505.37291960022, 6089.713337496908]]</COVARIANCE_MATRIX>
		<ROI_SIZE>9231</ROI_SIZE>
		<MAX_VALUE>[801.0, 1261.0, 1242.0, 1181.0, 956.0, 763.0]</MAX_VALUE>
		<MIN_VALUE>[313.0, 507.0, 292.0, 307.0, 115.0, 61.0]</MIN_VALUE>
		<SIGNATURE_THRESHOLD_MD>0</SIGNATURE_THRESHOLD_MD>
		<SIGNATURE_THRESHOLD_ML>0</SIGNATURE_THRESHOLD_ML>
		<SIGNATURE_THRESHOLD_SAM>0</SIGNATURE_THRESHOLD_SAM>
	</signature>
	<signature ID="20190913_085835407879_365">
		<MACROCLASSID>1</MACROCLASSID>
		<MACROCLASSINFO>waterbody</MACROCLASSINFO>
		<CLASSID>84</CLASSID>
		<CLASSINFO>C 1</CLASSINFO>
		<VALUES>[769.9576277564518, 47.14179991947991, 899.2225483555334, 84.28745650206747, 597.2682321065682, 92.1752505474478, 373.1667795589693, 51.61825913848775, 286.5330774441189, 42.584873537891504, 222.27154361405854, 33.39572125492359]</VALUES>
		<LCS_MIN>[343.0, 630.0, 385.0, 279.0, 153.0, 101.0]</LCS_MIN>
		<LCS_MAX>[1030.0, 1277.0, 1292.0, 1071.0, 955.0, 722.0]</LCS_MAX>
		<WAVELENGTH>[0.48, 0.56, 0.655, 0.865, 1.61, 2.2]</WAVELENGTH>
		<MEAN_VALUE>[769.9576277564518, 899.2225483555334, 597.2682321065682, 373.1667795589693, 286.5330774441189, 222.27154361405854]</MEAN_VALUE>
		<CHECKBOX>2</CHECKBOX>
		<SD>[47.14179991947991, 84.28745650206747, 92.1752505474478, 51.61825913848775, 42.584873537891504, 33.39572125492359]</SD>
		<WAVELENGTH_UNIT>E-6m</WAVELENGTH_UNIT>
		<COLOR>#9c353c</COLOR>
		<COVARIANCE_MATRIX>[[2444.45393000604, 3811.7814849752954, 2736.7414436723857, 647.0124625078383, 380.76972545643326, 293.1290422971438], [3811.7814849752954, 7654.997334444731, 7078.359529344641, 1795.9990112145072, 321.20891611089087, 91.77168914850593], [2736.7414436723857, 7078.359529344641, 8962.845653971324, 3224.4820420166734, 771.3700011689433, 314.4670593560736], [647.0124625078383, 1795.9990112145072, 3224.4820420166734, 2960.9226381753447, 1998.1310918897218, 1421.794257656799], [380.76972545643326, 321.20891611089087, 771.3700011689433, 1998.1310918897218, 2192.594278032428, 1694.0229318010645], [293.1290422971438, 91.77168914850593, 314.4670593560736, 1421.794257656799, 1694.0229318010645, 1356.485477470151]]</COVARIANCE_MATRIX>
		<ROI_SIZE>131564</ROI_SIZE>
		<MAX_VALUE>[1030.0, 1277.0, 1292.0, 1071.0, 955.0, 722.0]</MAX_VALUE>
		<MIN_VALUE>[343.0, 630.0, 385.0, 279.0, 153.0, 101.0]</MIN_VALUE>
		<SIGNATURE_THRESHOLD_MD>0</SIGNATURE_THRESHOLD_MD>
		<SIGNATURE_THRESHOLD_ML>0</SIGNATURE_THRESHOLD_ML>
		<SIGNATURE_THRESHOLD_SAM>0</SIGNATURE_THRESHOLD_SAM>
	</signature>
	<signature ID="20190913_085848069925_746">
		<MACROCLASSID>2</MACROCLASSID>
		<MACROCLASSINFO>vegetation</MACROCLASSINFO>
		<CLASSID>85</CLASSID>
		<CLASSINFO>C 1</CLASSINFO>
		<VALUES>[327.9328568080621, 71.71654791128127, 538.8307944691834, 68.92193515791669, 373.89219592219393, 94.34610776381518, 2853.95945629249, 305.87627026007016, 1677.093391141313, 253.98283938219018, 750.6837356456534, 171.81000803597055]</VALUES>
		<LCS_MIN>[146.0, 366.0, 203.0, 2288.0, 1001.0, 376.0]</LCS_MIN>
		<LCS_MAX>[658.0, 985.0, 950.0, 3626.0, 2341.0, 1339.0]</LCS_MAX>
		<WAVELENGTH>[0.48, 0.56, 0.655, 0.865, 1.61, 2.2]</WAVELENGTH>
		<MEAN_VALUE>[327.9328568080621, 538.8307944691834, 373.89219592219393, 2853.95945629249, 1677.093391141313, 750.6837356456534]</MEAN_VALUE>
		<CHECKBOX>2</CHECKBOX>
		<SD>[71.71654791128127, 68.92193515791669, 94.34610776381518, 305.87627026007016, 253.98283938219018, 171.81000803597055]</SD>
		<WAVELENGTH_UNIT>E-6m</WAVELENGTH_UNIT>
		<COLOR>#e2c4b4</COLOR>
		<COVARIANCE_MATRIX>[[5046.439161946049, 4160.6412274527875, 4602.332185321901, 7301.271106546943, 15497.688630117178, 10140.285575390752], [4160.6412274527875, 4523.760553318659, 5464.480689672943, 6072.389287535707, 14219.145849482358, 10197.694821677862], [4602.332185321901, 5464.480689672943, 8166.023379497363, -1733.6520176876586, 14731.091108508974, 13347.925879626375], [7301.271106546943, 6072.389287535707, -1733.6520176876586, 95019.96992179698, 42827.34589097548, 9470.271172180188], [15497.688630117178, 14219.145849482358, 14731.091108508974, 42827.34589097548, 65381.214168160026, 38696.23699070675], [10140.285575390752, 10197.694821677862, 13347.925879626375, 9470.271172180188, 38696.23699070675, 28601.819990197397]]</COVARIANCE_MATRIX>
		<ROI_SIZE>68207</ROI_SIZE>
		<MAX_VALUE>[658.0, 985.0, 950.0, 3626.0, 2341.0, 1339.0]</MAX_VALUE>
		<MIN_VALUE>[146.0, 366.0, 203.0, 2288.0, 1001.0, 376.0]</MIN_VALUE>
		<SIGNATURE_THRESHOLD_MD>0</SIGNATURE_THRESHOLD_MD>
		<SIGNATURE_THRESHOLD_ML>0</SIGNATURE_THRESHOLD_ML>
		<SIGNATURE_THRESHOLD_SAM>0</SIGNATURE_THRESHOLD_SAM>
	</signature>
	<signature ID="20190913_085854584272_487">
		<MACROCLASSID>2</MACROCLASSID>
		<MACROCLASSINFO>vegetation</MACROCLASSINFO>
		<CLASSID>86</CLASSID>
		<CLASSINFO>C 1</CLASSINFO>
		<VALUES>[378.52797202797206, 85.02088713291394, 597.2570762570759, 86.41414491429396, 428.7427572427569, 128.02863193856564, 2891.984348984345, 300.1345054584143, 1727.3588078588155, 246.5933873055974, 778.8699633699624, 190.39865876008963]</VALUES>
		<LCS_MIN>[201.0, 450.0, 279.0, 2337.0, 1139.0, 442.0]</LCS_MIN>
		<LCS_MAX>[795.0, 1014.0, 1042.0, 3675.0, 2473.0, 1417.0]</LCS_MAX>
		<WAVELENGTH>[0.48, 0.56, 0.655, 0.865, 1.61, 2.2]</WAVELENGTH>
		<MEAN_VALUE>[378.52797202797206, 597.2570762570759, 428.7427572427569, 2891.984348984345, 1727.3588078588155, 778.8699633699624]</MEAN_VALUE>
		<CHECKBOX>2</CHECKBOX>
		<SD>[85.02088713291394, 86.41414491429396, 128.02863193856564, 300.1345054584143, 246.5933873055974, 190.39865876008963]</SD>
		<WAVELENGTH_UNIT>E-6m</WAVELENGTH_UNIT>
		<COLOR>#92d6bb</COLOR>
		<COVARIANCE_MATRIX>[[6768.973342525513, 6201.3565075533315, 8013.7018823682065, 3161.5287317358684, 14497.163645311384, 11938.194530551466], [6201.3565075533315, 6834.873043336014, 8963.422659244425, 3412.941417832821, 15029.002604479421, 12843.511261378157], [8013.7018823682065, 8963.422659244425, 13796.991440038131, -5020.539410266978, 18544.358156810107, 18754.71897127964], [3161.5287317358684, 3412.941417832821, -5020.539410266978, 84737.01003516772, 30031.469374966648, 3613.527921444928], [14497.163645311384, 15029.002604479421, 18544.358156810107, 30031.469374966648, 54896.1978661446, 37590.733546105475], [11938.194530551466, 12843.511261378157, 18754.71897127964, 3613.527921444928, 37590.733546105475, 31978.68146552583]]</COVARIANCE_MATRIX>
		<ROI_SIZE>47809</ROI_SIZE>
		<MAX_VALUE>[795.0, 1014.0, 1042.0, 3675.0, 2473.0, 1417.0]</MAX_VALUE>
		<MIN_VALUE>[201.0, 450.0, 279.0, 2337.0, 1139.0, 442.0]</MIN_VALUE>
		<SIGNATURE_THRESHOLD_MD>0</SIGNATURE_THRESHOLD_MD>
		<SIGNATURE_THRESHOLD_ML>0</SIGNATURE_THRESHOLD_ML>
		<SIGNATURE_THRESHOLD_SAM>0</SIGNATURE_THRESHOLD_SAM>
	</signature>
	<signature ID="20190913_085912145144_761">
		<MACROCLASSID>2</MACROCLASSID>
		<MACROCLASSINFO>vegetation</MACROCLASSINFO>
		<CLASSID>87</CLASSID>
		<CLASSINFO>C 1</CLASSINFO>
		<VALUES>[503.0186579378071, 91.23746455429963, 792.1548281505732, 94.2642901013381, 616.4333878887081, 122.15311712913886, 3243.0504091653065, 196.95399301357085, 1753.2441898527002, 203.98024184216194, 899.3764320785602, 175.83576914181114]</VALUES>
		<LCS_MIN>[292.0, 552.0, 358.0, 2835.0, 1144.0, 464.0]</LCS_MIN>
		<LCS_MAX>[867.0, 1206.0, 1179.0, 4019.0, 2321.0, 1464.0]</LCS_MAX>
		<WAVELENGTH>[0.48, 0.56, 0.655, 0.865, 1.61, 2.2]</WAVELENGTH>
		<MEAN_VALUE>[503.0186579378071, 792.1548281505732, 616.4333878887081, 3243.0504091653065, 1753.2441898527002, 899.3764320785602]</MEAN_VALUE>
		<CHECKBOX>2</CHECKBOX>
		<SD>[91.23746455429963, 94.2642901013381, 122.15311712913886, 196.95399301357085, 203.98024184216194, 175.83576914181114]</SD>
		<WAVELENGTH_UNIT>E-6m</WAVELENGTH_UNIT>
		<COLOR>#5ce408</COLOR>
		<COVARIANCE_MATRIX>[[7390.400481120114, 6400.262745466204, 8233.210154406954, -1932.5878633218247, 12382.567834554164, 12380.266331801051], [6400.262745466204, 7484.33810327729, 9221.078546968803, 912.4871130359487, 11037.555353424654, 11597.043367710436], [8233.210154406954, 9221.078546968803, 12387.044130562192, -3095.6437362906313, 13676.07576171444, 15568.158517090704], [-1932.5878633218247, 912.4871130359487, -3095.6437362906313, 40314.525169894514, 4540.681641068235, -3090.2458327893632], [12382.567834554164, 11037.555353424654, 13676.07576171444, 4540.681641068235, 36513.635094371726, 28736.925826939187], [12380.266331801051, 11597.043367710436, 15568.158517090704, -3090.2458327893632, 28736.925826939187, 27475.499323810254]]</COVARIANCE_MATRIX>
		<ROI_SIZE>9544</ROI_SIZE>
		<MAX_VALUE>[867.0, 1206.0, 1179.0, 4019.0, 2321.0, 1464.0]</MAX_VALUE>
		<MIN_VALUE>[292.0, 552.0, 358.0, 2835.0, 1144.0, 464.0]</MIN_VALUE>
		<SIGNATURE_THRESHOLD_MD>0</SIGNATURE_THRESHOLD_MD>
		<SIGNATURE_THRESHOLD_ML>0</SIGNATURE_THRESHOLD_ML>
		<SIGNATURE_THRESHOLD_SAM>0</SIGNATURE_THRESHOLD_SAM>
	</signature>
	<signature ID="20190913_085930773389_236">
		<MACROCLASSID>2</MACROCLASSID>
		<MACROCLASSINFO>vegetation</MACROCLASSINFO>
		<CLASSID>88</CLASSID>
		<CLASSINFO>C 1</CLASSINFO>
		<VALUES>[590.3841150290993, 107.36815601167125, 894.0112975008545, 112.5866103172393, 820.7788428620338, 162.08248618781082, 3179.125299554944, 294.2845065773768, 2417.679219445404, 254.27101459452913, 1406.0321807600135, 248.60442309722032]</VALUES>
		<LCS_MIN>[259.0, 590.0, 433.0, 2652.0, 1669.0, 761.0]</LCS_MIN>
		<LCS_MAX>[937.0, 1276.0, 1352.0, 3992.0, 3003.0, 1864.0]</LCS_MAX>
		<WAVELENGTH>[0.48, 0.56, 0.655, 0.865, 1.61, 2.2]</WAVELENGTH>
		<MEAN_VALUE>[590.3841150290993, 894.0112975008545, 820.7788428620338, 3179.125299554944, 2417.679219445404, 1406.0321807600135]</MEAN_VALUE>
		<CHECKBOX>2</CHECKBOX>
		<SD>[107.36815601167125, 112.5866103172393, 162.08248618781082, 294.2845065773768, 254.27101459452913, 248.60442309722032]</SD>
		<WAVELENGTH_UNIT>E-6m</WAVELENGTH_UNIT>
		<COLOR>#47c3d1</COLOR>
		<COVARIANCE_MATRIX>[[10600.662688979208, 10222.814065924624, 14594.701393363914, -2059.4867924111495, 18160.42035866722, 22105.52862056988], [10222.814065924624, 11848.529759850935, 16618.609968094497, 1241.5943461086606, 21360.593608248193, 22784.673914566247], [14594.701393363914, 16618.609968094497, 26665.154542388475, -10877.097516204225, 30933.837368991142, 35997.89749798157], [-2059.4867924111495, 1241.5943461086606, -10877.097516204225, 82310.3012938396, 11189.224368397316, -11867.785897145872], [18160.42035866722, 21360.593608248193, 30933.837368991142, 11189.224368397316, 59626.05281848906, 51734.2741153004], [22105.52862056988, 22784.673914566247, 35997.89749798157, -11867.785897145872, 51734.2741153004, 61639.901052122754]]</COVARIANCE_MATRIX>
		<ROI_SIZE>11934</ROI_SIZE>
		<MAX_VALUE>[937.0, 1276.0, 1352.0, 3992.0, 3003.0, 1864.0]</MAX_VALUE>
		<MIN_VALUE>[259.0, 590.0, 433.0, 2652.0, 1669.0, 761.0]</MIN_VALUE>
		<SIGNATURE_THRESHOLD_MD>0</SIGNATURE_THRESHOLD_MD>
		<SIGNATURE_THRESHOLD_ML>0</SIGNATURE_THRESHOLD_ML>
		<SIGNATURE_THRESHOLD_SAM>0</SIGNATURE_THRESHOLD_SAM>
	</signature>
	<signature ID="20190913_085945367619_762">
		<MACROCLASSID>3</MACROCLASSID>
		<MACROCLASSINFO>barren</MACROCLASSINFO>
		<CLASSID>89</CLASSID>
		<CLASSINFO>C 1</CLASSINFO>
		<VALUES>[763.615526802218, 96.1433726983653, 1123.0263401109048, 134.14246623291535, 1277.9399260628466, 238.1541717353837, 2936.724121996301, 258.3670248842119, 2853.2999075785588, 337.33062043954544, 1860.0753234750482, 255.2121048233613]</VALUES>
		<LCS_MIN>[477.0, 715.0, 644.0, 2197.0, 2292.0, 1255.0]</LCS_MIN>
		<LCS_MAX>[1263.0, 1679.0, 1924.0, 3523.0, 3624.0, 2536.0]</LCS_MAX>
		<WAVELENGTH>[0.48, 0.56, 0.655, 0.865, 1.61, 2.2]</WAVELENGTH>
		<MEAN_VALUE>[763.615526802218, 1123.0263401109048, 1277.9399260628466, 2936.724121996301, 2853.2999075785588, 1860.0753234750482]</MEAN_VALUE>
		<CHECKBOX>2</CHECKBOX>
		<SD>[96.1433726983653, 134.14246623291535, 238.1541717353837, 258.3670248842119, 337.33062043954544, 255.2121048233613]</SD>
		<WAVELENGTH_UNIT>E-6m</WAVELENGTH_UNIT>
		<COLOR>#76ecf2</COLOR>
		<COVARIANCE_MATRIX>[[10065.678234383124, 11950.483643356363, 20431.25095538049, -1689.3163672872843, 21248.458820798125, 20905.104964964063], [11950.483643356363, 17529.09155770619, 29960.52775808584, 1775.950347644873, 29580.077680556264, 24534.766401932713], [20431.25095538049, 29960.52775808584, 57464.19412823047, -4098.680931678738, 58134.03549301758, 45169.959599713125], [-1689.3163672872843, 1775.950347644873, -4098.680931678738, 72642.71072713021, 31948.36824730789, 5376.138743401889], [21248.458820798125, 29580.077680556264, 58134.03549301758, 31948.36824730789, 108876.73537338966, 73448.1366133865], [20905.104964964063, 24534.766401932713, 45169.959599713125, 5376.138743401889, 73448.1366133865, 66367.33111683538]]</COVARIANCE_MATRIX>
		<ROI_SIZE>6473</ROI_SIZE>
		<MAX_VALUE>[1263.0, 1679.0, 1924.0, 3523.0, 3624.0, 2536.0]</MAX_VALUE>
		<MIN_VALUE>[477.0, 715.0, 644.0, 2197.0, 2292.0, 1255.0]</MIN_VALUE>
		<SIGNATURE_THRESHOLD_MD>0</SIGNATURE_THRESHOLD_MD>
		<SIGNATURE_THRESHOLD_ML>0</SIGNATURE_THRESHOLD_ML>
		<SIGNATURE_THRESHOLD_SAM>0</SIGNATURE_THRESHOLD_SAM>
	</signature>
	<signature ID="20190913_085951658112_480">
		<MACROCLASSID>3</MACROCLASSID>
		<MACROCLASSINFO>barren</MACROCLASSINFO>
		<CLASSID>90</CLASSID>
		<CLASSINFO>C 1</CLASSINFO>
		<VALUES>[696.5172239108409, 106.49740618915926, 1075.2786220871328, 123.25196546016369, 1236.2720364741651, 228.1766420959498, 2888.2304964538994, 237.97641293313, 2830.741134751772, 310.7214052031128, 1769.9853090172235, 248.2689211943039]</VALUES>
		<LCS_MIN>[351.0, 699.0, 623.0, 2148.0, 2160.0, 1120.0]</LCS_MIN>
		<LCS_MAX>[968.0, 1396.0, 1743.0, 3303.0, 3492.0, 2364.0]</LCS_MAX>
		<WAVELENGTH>[0.48, 0.56, 0.655, 0.865, 1.61, 2.2]</WAVELENGTH>
		<MEAN_VALUE>[696.5172239108409, 1075.2786220871328, 1236.2720364741651, 2888.2304964538994, 2830.741134751772, 1769.9853090172235]</MEAN_VALUE>
		<CHECKBOX>2</CHECKBOX>
		<SD>[106.49740618915926, 123.25196546016369, 228.1766420959498, 237.97641293313, 310.7214052031128, 248.2689211943039]</SD>
		<WAVELENGTH_UNIT>E-6m</WAVELENGTH_UNIT>
		<COLOR>#9a7def</COLOR>
		<COVARIANCE_MATRIX>[[11819.10886188387, 12799.370834292331, 21694.0596554014, 4768.738807651627, 26473.179770820992, 23052.022797192552], [12799.370834292331, 15246.178688408609, 26120.49132240135, 7135.490527877661, 31503.43339584127, 26611.128024340374], [21694.0596554014, 26120.49132240135, 49863.22469013292, 1772.6165388838372, 54310.688081861525, 45998.92438054883], [4768.738807651627, 7135.490527877661, 1772.6165388838372, 64682.4019914187, 39279.0624382624, 21674.768959305697], [26473.179770820992, 31503.43339584127, 54310.688081861525, 39279.0624382624, 107250.3255639864, 81634.89982681403], [23052.022797192552, 26611.128024340374, 45998.92438054883, 21674.768959305697, 81634.89982681403, 67900.03798391773]]</COVARIANCE_MATRIX>
		<ROI_SIZE>5629</ROI_SIZE>
		<MAX_VALUE>[968.0, 1396.0, 1743.0, 3303.0, 3492.0, 2364.0]</MAX_VALUE>
		<MIN_VALUE>[351.0, 699.0, 623.0, 2148.0, 2160.0, 1120.0]</MIN_VALUE>
		<SIGNATURE_THRESHOLD_MD>0</SIGNATURE_THRESHOLD_MD>
		<SIGNATURE_THRESHOLD_ML>0</SIGNATURE_THRESHOLD_ML>
		<SIGNATURE_THRESHOLD_SAM>0</SIGNATURE_THRESHOLD_SAM>
	</signature>
	<signature ID="20190913_090000237090_808">
		<MACROCLASSID>3</MACROCLASSID>
		<MACROCLASSINFO>barren</MACROCLASSINFO>
		<CLASSID>91</CLASSID>
		<CLASSINFO>C 1</CLASSINFO>
		<VALUES>[708.3583273251635, 97.16988338694692, 1069.0075702956042, 140.5849414190361, 1127.209805335255, 213.59020008803355, 2616.9142033165085, 336.3375538072992, 2346.161860129775, 314.7421005826272, 1483.6186012977655, 278.75288009554606]</VALUES>
		<LCS_MIN>[391.0, 680.0, 648.0, 2055.0, 1666.0, 876.0]</LCS_MIN>
		<LCS_MAX>[1316.0, 1676.0, 1889.0, 3393.0, 3004.0, 2054.0]</LCS_MAX>
		<WAVELENGTH>[0.48, 0.56, 0.655, 0.865, 1.61, 2.2]</WAVELENGTH>
		<MEAN_VALUE>[708.3583273251635, 1069.0075702956042, 1127.209805335255, 2616.9142033165085, 2346.161860129775, 1483.6186012977655]</MEAN_VALUE>
		<CHECKBOX>2</CHECKBOX>
		<SD>[97.16988338694692, 140.5849414190361, 213.59020008803355, 336.3375538072992, 314.7421005826272, 278.75288009554606]</SD>
		<WAVELENGTH_UNIT>E-6m</WAVELENGTH_UNIT>
		<COLOR>#011c3e</COLOR>
		<COVARIANCE_MATRIX>[[9482.667887659645, 10745.358278457303, 15584.427864242643, 673.5304092695876, 16366.093622085742, 17225.541902347777], [10745.358278457303, 19854.612874375747, 28977.20248552923, -10225.603377272255, 9006.115377539527, 8934.408609543607], [15584.427864242643, 28977.20248552923, 46731.93317020826, -24165.912621502986, 14027.51116066972, 12914.001541629521], [673.5304092695876, -10225.603377272255, -24165.912621502986, 110571.9665891379, 47441.167430257425, 32660.787965162046], [16366.093622085742, 9006.115377539527, 14027.51116066972, 47441.167430257425, 99158.33231090133, 80581.26524742889], [17225.541902347777, 8934.408609543607, 12914.001541629521, 32660.787965162046, 80581.26524742889, 79121.42468497489]]</COVARIANCE_MATRIX>
		<ROI_SIZE>23134</ROI_SIZE>
		<MAX_VALUE>[1316.0, 1676.0, 1889.0, 3393.0, 3004.0, 2054.0]</MAX_VALUE>
		<MIN_VALUE>[391.0, 680.0, 648.0, 2055.0, 1666.0, 876.0]</MIN_VALUE>
		<SIGNATURE_THRESHOLD_MD>0</SIGNATURE_THRESHOLD_MD>
		<SIGNATURE_THRESHOLD_ML>0</SIGNATURE_THRESHOLD_ML>
		<SIGNATURE_THRESHOLD_SAM>0</SIGNATURE_THRESHOLD_SAM>
	</signature>
	<signature ID="20190913_090015080420_636">
		<MACROCLASSID>3</MACROCLASSID>
		<MACROCLASSINFO>barren</MACROCLASSINFO>
		<CLASSID>92</CLASSID>
		<CLASSINFO>C 1</CLASSINFO>
		<VALUES>[583.3817365269452, 86.51553681021278, 897.5568862275447, 131.99082393212214, 1067.546407185628, 184.55162756148928, 1486.9970059880234, 242.96853617675302, 545.1107784431138, 172.24771885366795, 325.48877245509055, 105.30252906950159]</VALUES>
		<LCS_MIN>[246.0, 532.0, 508.0, 636.0, 180.0, 117.0]</LCS_MIN>
		<LCS_MAX>[812.0, 1245.0, 1552.0, 1924.0, 952.0, 760.0]</LCS_MAX>
		<WAVELENGTH>[0.48, 0.56, 0.655, 0.865, 1.61, 2.2]</WAVELENGTH>
		<MEAN_VALUE>[583.3817365269452, 897.5568862275447, 1067.546407185628, 1486.9970059880234, 545.1107784431138, 325.48877245509055]</MEAN_VALUE>
		<CHECKBOX>2</CHECKBOX>
		<SD>[86.51553681021278, 131.99082393212214, 184.55162756148928, 242.96853617675302, 172.24771885366795, 105.30252906950159]</SD>
		<WAVELENGTH_UNIT>E-6m</WAVELENGTH_UNIT>
		<COLOR>#d6c229</COLOR>
		<COVARIANCE_MATRIX>[[7490.5448047724785, 10336.311601516072, 14145.511859427215, 11365.547960259257, -454.24756330036587, 11.271704904797396], [10336.311601516072, 17434.6274731436, 23743.875260714525, 18816.292305277082, -745.2946960012558, -101.13456682141336], [14145.511859427215, 23743.875260714525, 34084.81582228801, 24427.448079122656, -4077.802897575636, -1738.6455459866786], [11365.547960259257, 18816.292305277082, 24427.448079122656, 59077.92957904415, 24258.313440534665, 13945.077868981141], [-454.24756330036587, -745.2946960012558, -4077.802897575636, 24258.313440534665, 29691.500827558375, 17609.444690394495], [11.271704904797396, -101.13456682141336, -1738.6455459866786, 13945.077868981141, 17609.444690394495, 11096.92871279912]]</COVARIANCE_MATRIX>
		<ROI_SIZE>1336</ROI_SIZE>
		<MAX_VALUE>[812.0, 1245.0, 1552.0, 1924.0, 952.0, 760.0]</MAX_VALUE>
		<MIN_VALUE>[246.0, 532.0, 508.0, 636.0, 180.0, 117.0]</MIN_VALUE>
		<SIGNATURE_THRESHOLD_MD>0</SIGNATURE_THRESHOLD_MD>
		<SIGNATURE_THRESHOLD_ML>0</SIGNATURE_THRESHOLD_ML>
		<SIGNATURE_THRESHOLD_SAM>0</SIGNATURE_THRESHOLD_SAM>
	</signature>
	<signature ID="20190913_090022079809_862">
		<MACROCLASSID>3</MACROCLASSID>
		<MACROCLASSINFO>barren</MACROCLASSINFO>
		<CLASSID>93</CLASSID>
		<CLASSINFO>C 1</CLASSINFO>
		<VALUES>[681.7913279132785, 71.28211531309641, 1113.0303910181997, 92.4495266010555, 1295.3343012001503, 180.29069321937496, 3104.550135501355, 210.59848833683702, 3029.6885404568397, 205.25562297532187, 1885.5294231513772, 178.4462484733383]</VALUES>
		<LCS_MIN>[394.0, 749.5, 727.5, 2573.5, 2595.5, 1372.5]</LCS_MIN>
		<LCS_MAX>[951.0, 1552.0, 1866.5, 3857.5, 3719.0, 2502.0]</LCS_MAX>
		<WAVELENGTH>[0.48, 0.56, 0.655, 0.865, 1.61, 2.2]</WAVELENGTH>
		<MEAN_VALUE>[681.7913279132785, 1113.0303910181997, 1295.3343012001503, 3104.550135501355, 3029.6885404568397, 1885.5294231513772]</MEAN_VALUE>
		<CHECKBOX>2</CHECKBOX>
		<SD>[71.28211531309641, 92.4495266010555, 180.29069321937496, 210.59848833683702, 205.25562297532187, 178.4462484733383]</SD>
		<WAVELENGTH_UNIT>E-6m</WAVELENGTH_UNIT>
		<COLOR>#616aef</COLOR>
		<COVARIANCE_MATRIX>[[6016.113487910436, 6997.724635120319, 13843.003539204723, -4430.240802449838, 12694.77901363725, 11920.754891485358], [6997.724635120319, 9534.25225563021, 17378.023604809197, -1916.1336929886409, 15151.939454983243, 13140.148846983813], [13843.003539204723, 17378.023604809197, 37106.584663654314, -16396.99428099802, 29578.941831710577, 27595.631292269634], [-4430.240802449838, -1916.1336929886409, -16396.99428099802, 54581.20349935341, 2027.2880608271137, -8955.076042414936], [12694.77901363725, 15151.939454983243, 29578.941831710577, 2027.2880608271137, 50302.17578326945, 39911.29136366864], [11920.754891485358, 13140.148846983813, 27595.631292269634, -8955.076042414936, 39911.29136366864, 37148.204720298236]]</COVARIANCE_MATRIX>
		<ROI_SIZE>5045</ROI_SIZE>
		<MAX_VALUE>[951.0, 1552.0, 1866.5, 3857.5, 3719.0, 2502.0]</MAX_VALUE>
		<MIN_VALUE>[394.0, 749.5, 727.5, 2573.5, 2595.5, 1372.5]</MIN_VALUE>
		<SIGNATURE_THRESHOLD_MD>0</SIGNATURE_THRESHOLD_MD>
		<SIGNATURE_THRESHOLD_ML>0</SIGNATURE_THRESHOLD_ML>
		<SIGNATURE_THRESHOLD_SAM>0</SIGNATURE_THRESHOLD_SAM>
	</signature>
	<signature ID="20190913_090033263357_428">
		<MACROCLASSID>3</MACROCLASSID>
		<MACROCLASSINFO>barren</MACROCLASSINFO>
		<CLASSID>94</CLASSID>
		<CLASSINFO>C 1</CLASSINFO>
		<VALUES>[873.1623893805316, 78.7488527886589, 1247.7235988200568, 108.94129770546368, 1520.1966076696167, 156.85381015886563, 2942.4451327433667, 181.76114776318792, 3401.8387905604714, 213.97522542133842, 2406.5336283185816, 202.797572369128]</VALUES>
		<LCS_MIN>[644.5, 974.5, 1051.0, 2320.0, 2860.5, 1903.0]</LCS_MIN>
		<LCS_MAX>[1210.0, 1848.5, 2207.5, 3632.0, 4164.5, 3244.0]</LCS_MAX>
		<WAVELENGTH>[0.48, 0.56, 0.655, 0.865, 1.61, 2.2]</WAVELENGTH>
		<MEAN_VALUE>[873.1623893805316, 1247.7235988200568, 1520.1966076696167, 2942.4451327433667, 3401.8387905604714, 2406.5336283185816]</MEAN_VALUE>
		<CHECKBOX>2</CHECKBOX>
		<SD>[78.7488527886589, 108.94129770546368, 156.85381015886563, 181.76114776318792, 213.97522542133842, 202.797572369128]</SD>
		<WAVELENGTH_UNIT>E-6m</WAVELENGTH_UNIT>
		<COLOR>#768583</COLOR>
		<COVARIANCE_MATRIX>[[6843.802871963719, 9133.183996679569, 12920.59002008168, 2891.1661263830815, 10589.176313973872, 14658.566027652665], [9133.183996679569, 13343.283773932177, 18350.849369671865, 7241.072226652937, 16112.214609980818, 20135.123668900338], [12920.59002008168, 18350.849369671865, 27193.22326190474, 7739.501249199564, 24963.540134712843, 30514.682511602157], [2891.1661263830815, 7241.072226652937, 7739.501249199564, 35360.51873756684, 22922.568448291342, 7478.664944950369], [10589.176313973872, 16112.214609980818, 24963.540134712843, 22922.568448291342, 49276.91292763165, 38965.673000900446], [14658.566027652665, 20135.123668900338, 30514.682511602157, 7478.664944950369, 38965.673000900446, 45818.50391311847]]</COVARIANCE_MATRIX>
		<ROI_SIZE>9723</ROI_SIZE>
		<MAX_VALUE>[1210.0, 1848.5, 2207.5, 3632.0, 4164.5, 3244.0]</MAX_VALUE>
		<MIN_VALUE>[644.5, 974.5, 1051.0, 2320.0, 2860.5, 1903.0]</MIN_VALUE>
		<SIGNATURE_THRESHOLD_MD>0</SIGNATURE_THRESHOLD_MD>
		<SIGNATURE_THRESHOLD_ML>0</SIGNATURE_THRESHOLD_ML>
		<SIGNATURE_THRESHOLD_SAM>0</SIGNATURE_THRESHOLD_SAM>
	</signature>
	<signature ID="20190913_090040385160_415">
		<MACROCLASSID>3</MACROCLASSID>
		<MACROCLASSINFO>barren</MACROCLASSINFO>
		<CLASSID>95</CLASSID>
		<CLASSINFO>C 1</CLASSINFO>
		<VALUES>[795.3645569620256, 75.57113066644277, 1137.840084388185, 106.28164436583964, 1301.794936708859, 170.10696106335962, 2879.1535864978973, 213.54059396739362, 2915.342616033752, 273.28727470006214, 1974.1972573839653, 251.2859477671219]</VALUES>
		<LCS_MIN>[520.0, 793.0, 734.0, 2172.0, 2431.0, 1342.0]</LCS_MIN>
		<LCS_MAX>[1252.0, 1759.0, 2014.0, 3494.0, 3750.0, 2680.0]</LCS_MAX>
		<WAVELENGTH>[0.48, 0.56, 0.655, 0.865, 1.61, 2.2]</WAVELENGTH>
		<MEAN_VALUE>[795.3645569620256, 1137.840084388185, 1301.794936708859, 2879.1535864978973, 2915.342616033752, 1974.1972573839653]</MEAN_VALUE>
		<CHECKBOX>2</CHECKBOX>
		<SD>[75.57113066644277, 106.28164436583964, 170.10696106335962, 213.54059396739362, 273.28727470006214, 251.2859477671219]</SD>
		<WAVELENGTH_UNIT>E-6m</WAVELENGTH_UNIT>
		<COLOR>#0618c4</COLOR>
		<COVARIANCE_MATRIX>[[6209.981476904583, 7822.463854682022, 10289.680856441024, 3387.204519315029, 10781.306264510013, 13940.991107984015], [7822.463854682022, 11321.605591876494, 15774.356858437728, 5555.722447982761, 17375.433095212742, 19521.66638336808], [10289.680856441024, 15774.356858437728, 29010.221302145957, -3445.289303903747, 35314.30532467116, 34193.16534445627], [3387.204519315029, 5555.722447982761, -3445.289303903747, 46571.40142778646, 4087.0581597208443, 267.7614905450493], [10781.306264510013, 17375.433095212742, 35314.30532467116, 4087.0581597208443, 71115.29913092428, 60491.96305517961], [13940.991107984015, 19521.66638336808, 34193.16534445627, 267.7614905450493, 60491.96305517961, 63688.99812170911]]</COVARIANCE_MATRIX>
		<ROI_SIZE>28249</ROI_SIZE>
		<MAX_VALUE>[1252.0, 1759.0, 2014.0, 3494.0, 3750.0, 2680.0]</MAX_VALUE>
		<MIN_VALUE>[520.0, 793.0, 734.0, 2172.0, 2431.0, 1342.0]</MIN_VALUE>
		<SIGNATURE_THRESHOLD_MD>0</SIGNATURE_THRESHOLD_MD>
		<SIGNATURE_THRESHOLD_ML>0</SIGNATURE_THRESHOLD_ML>
		<SIGNATURE_THRESHOLD_SAM>0</SIGNATURE_THRESHOLD_SAM>
	</signature>
	<signature ID="20190913_090104994588_254">
		<MACROCLASSID>3</MACROCLASSID>
		<MACROCLASSINFO>barren</MACROCLASSINFO>
		<CLASSID>96</CLASSID>
		<CLASSINFO>C 1</CLASSINFO>
		<VALUES>[711.4393889073414, 90.68832265503248, 1157.2766522749923, 125.5485453771375, 1280.3477250083038, 191.94825299354002, 2537.459647957489, 249.27266754605972, 2311.165725672531, 202.12280293652617, 1485.0488209897046, 229.18481142783247]</VALUES>
		<LCS_MIN>[443.0, 807.0, 808.0, 1977.0, 1956.0, 1098.0]</LCS_MIN>
		<LCS_MAX>[1108.0, 1640.0, 1958.0, 3154.0, 3188.0, 2400.0]</LCS_MAX>
		<WAVELENGTH>[0.48, 0.56, 0.655, 0.865, 1.61, 2.2]</WAVELENGTH>
		<MEAN_VALUE>[711.4393889073414, 1157.2766522749923, 1280.3477250083038, 2537.459647957489, 2311.165725672531, 1485.0488209897046]</MEAN_VALUE>
		<CHECKBOX>2</CHECKBOX>
		<SD>[90.68832265503248, 125.5485453771375, 191.94825299354002, 249.27266754605972, 202.12280293652617, 229.18481142783247]</SD>
		<WAVELENGTH_UNIT>E-6m</WAVELENGTH_UNIT>
		<COLOR>#231d7a</COLOR>
		<COVARIANCE_MATRIX>[[9121.112604338427, 10878.735741840084, 15742.907720434692, -3211.513033252918, 6539.746622363831, 6951.1588176623745], [10878.735741840084, 16161.501481155905, 23294.12801311777, -8108.568107654393, 7026.664458005789, 5086.72934233373], [15742.907720434692, 23294.12801311777, 35813.37549557561, -16738.83095217707, 7531.370777201963, 4110.512775184127], [-3211.513033252918, -8108.568107654393, -16738.83095217707, 60195.44301597326, 25445.400796437658, 25199.853315433073], [6539.746622363831, 7026.664458005789, 7531.370777201963, 25445.400796437658, 38431.60084917476, 39444.135448997265], [6951.1588176623745, 5086.72934233373, 4110.512775184127, 25199.853315433073, 39444.135448997265, 49004.87783693026]]</COVARIANCE_MATRIX>
		<ROI_SIZE>8731</ROI_SIZE>
		<MAX_VALUE>[1108.0, 1640.0, 1958.0, 3154.0, 3188.0, 2400.0]</MAX_VALUE>
		<MIN_VALUE>[443.0, 807.0, 808.0, 1977.0, 1956.0, 1098.0]</MIN_VALUE>
		<SIGNATURE_THRESHOLD_MD>0</SIGNATURE_THRESHOLD_MD>
		<SIGNATURE_THRESHOLD_ML>0</SIGNATURE_THRESHOLD_ML>
		<SIGNATURE_THRESHOLD_SAM>0</SIGNATURE_THRESHOLD_SAM>
	</signature>
	<signature ID="20190913_090119114147_312">
		<MACROCLASSID>4</MACROCLASSID>
		<MACROCLASSINFO>builtup</MACROCLASSINFO>
		<CLASSID>97</CLASSID>
		<CLASSINFO>C 1</CLASSINFO>
		<VALUES>[729.6280360860522, 127.98799233272486, 1056.1304649548945, 163.51856662962862, 1167.0936849410107, 232.93955093028077, 2577.985426786948, 278.03094537920435, 2488.2720333101997, 254.55094335714563, 1864.2845246356678, 312.73735951103436]</VALUES>
		<LCS_MIN>[364.0, 721.0, 679.0, 1705.0, 1646.0, 1156.0]</LCS_MIN>
		<LCS_MAX>[1315.0, 1754.0, 2004.0, 3013.0, 2948.0, 2485.0]</LCS_MAX>
		<WAVELENGTH>[0.48, 0.56, 0.655, 0.865, 1.61, 2.2]</WAVELENGTH>
		<MEAN_VALUE>[729.6280360860522, 1056.1304649548945, 1167.0936849410107, 2577.985426786948, 2488.2720333101997, 1864.2845246356678]</MEAN_VALUE>
		<CHECKBOX>2</CHECKBOX>
		<SD>[127.98799233272486, 163.51856662962862, 232.93955093028077, 278.03094537920435, 254.55094335714563, 312.73735951103436]</SD>
		<WAVELENGTH_UNIT>E-6m</WAVELENGTH_UNIT>
		<COLOR>#bee7a8</COLOR>
		<COVARIANCE_MATRIX>[[17289.45212199067, 17429.470605588413, 22907.61613918331, -8299.33944376792, 10355.198936330768, 20173.875189264447], [17429.470605588413, 24660.285993792008, 31480.130941937503, -8249.964989576763, 10670.580884230103, 15681.611963003974], [22907.61613918331, 31480.130941937503, 47269.780479373076, -16316.421419691784, 19100.348054653612, 27923.532814065627], [-8299.33944376792, -8249.964989576763, -16316.421419691784, 77109.42510738173, 29273.816575442426, 1539.2118320631016], [10355.198936330768, 10670.580884230103, 19100.348054653612, 29273.816575442426, 71038.23021174798, 67048.13905588991], [20173.875189264447, 15681.611963003974, 27923.532814065627, 1539.2118320631016, 67048.13905588991, 103666.99760859656]]</COVARIANCE_MATRIX>
		<ROI_SIZE>5125</ROI_SIZE>
		<MAX_VALUE>[1315.0, 1754.0, 2004.0, 3013.0, 2948.0, 2485.0]</MAX_VALUE>
		<MIN_VALUE>[364.0, 721.0, 679.0, 1705.0, 1646.0, 1156.0]</MIN_VALUE>
		<SIGNATURE_THRESHOLD_MD>0</SIGNATURE_THRESHOLD_MD>
		<SIGNATURE_THRESHOLD_ML>0</SIGNATURE_THRESHOLD_ML>
		<SIGNATURE_THRESHOLD_SAM>0</SIGNATURE_THRESHOLD_SAM>
	</signature>
	<signature ID="20190913_090145904668_702">
		<MACROCLASSID>4</MACROCLASSID>
		<MACROCLASSINFO>builtup</MACROCLASSINFO>
		<CLASSID>98</CLASSID>
		<CLASSINFO>C 1</CLASSINFO>
		<VALUES>[865.9634777868614, 92.98591421010529, 1077.6383210684119, 105.41792265560478, 1122.1425456527666, 144.17279052051194, 2273.1281002998094, 200.5121840385364, 2586.7906786590434, 254.88656899282253, 2191.562551103836, 310.67957274119044]</VALUES>
		<LCS_MIN>[447.0, 739.0, 716.0, 1520.0, 1838.0, 1469.0]</LCS_MIN>
		<LCS_MAX>[1352.0, 1581.0, 1781.0, 2677.0, 3176.0, 2807.0]</LCS_MAX>
		<WAVELENGTH>[0.48, 0.56, 0.655, 0.865, 1.61, 2.2]</WAVELENGTH>
		<MEAN_VALUE>[865.9634777868614, 1077.6383210684119, 1122.1425456527666, 2273.1281002998094, 2586.7906786590434, 2191.562551103836]</MEAN_VALUE>
		<CHECKBOX>2</CHECKBOX>
		<SD>[92.98591421010529, 105.41792265560478, 144.17279052051194, 200.5121840385364, 254.88656899282253, 310.67957274119044]</SD>
		<WAVELENGTH_UNIT>E-6m</WAVELENGTH_UNIT>
		<COLOR>#636ab7</COLOR>
		<COVARIANCE_MATRIX>[[9068.672764332614, 8798.313653982426, 10081.370669618029, -1130.4372882179136, 9096.875141465976, 12743.804791043714], [8798.313653982426, 12173.131582341117, 13969.071554405264, 2723.476979460339, 6243.238630776328, 7770.133091479856], [10081.370669618029, 13969.071554405264, 21548.90925830012, 220.38957133498477, 9475.750853166637, 11662.747964300277], [-1130.4372882179136, 2723.476979460339, 220.38957133498477, 42369.85881007021, 6922.943116598547, -10371.702456796082], [9096.875141465976, 6243.238630776328, 9475.750853166637, 6922.943116598547, 69633.21900410252, 76532.25838315273], [12743.804791043714, 7770.133091479856, 11662.747964300277, -10371.702456796082, 76532.25838315273, 99443.78080131458]]</COVARIANCE_MATRIX>
		<ROI_SIZE>20628</ROI_SIZE>
		<MAX_VALUE>[1352.0, 1581.0, 1781.0, 2677.0, 3176.0, 2807.0]</MAX_VALUE>
		<MIN_VALUE>[447.0, 739.0, 716.0, 1520.0, 1838.0, 1469.0]</MIN_VALUE>
		<SIGNATURE_THRESHOLD_MD>0</SIGNATURE_THRESHOLD_MD>
		<SIGNATURE_THRESHOLD_ML>0</SIGNATURE_THRESHOLD_ML>
		<SIGNATURE_THRESHOLD_SAM>0</SIGNATURE_THRESHOLD_SAM>
	</signature>
