<?xml version="1.0" ?>
<signaturelist MCID_LIST="[['1', 'waterbody', '#0000ff'], ['2', 'vegetation', '#00ff00'], ['3', 'bareland', '#ffaa00'], ['4', 'built-up', '#ff0000']]">
	<signature ID="20200826_152443742024_807">
		<MACROCLASSID>1</MACROCLASSID>
		<MACROCLASSINFO>MC 1</MACROCLASSINFO>
		<CLASSID>1</CLASSID>
		<CLASSINFO>C 1</CLASSINFO>
		<VALUES>[0.11172363073402068, 0.0018708607816568358, 0.07986315851909416, 0.0025973410531923025, 0.055332324395085654, 0.0022085018015629947, 0.05767502673807363, 0.004858931822970467, 0.014420551962325072, 0.0036888596600367332, 0.006515368860684747, 0.00309416492163236]</VALUES>
		<LCS_MIN>[0.10468856245279312, 0.07173198461532593, 0.05043000355362892, 0.04873828589916229, 0.004922035150229931, 0.0]</LCS_MIN>
		<LCS_MAX>[0.11912457644939423, 0.09057019650936127, 0.06948497146368027, 0.1241704523563385, 0.07649170607328415, 0.039319850504398346]</LCS_MAX>
		<WAVELENGTH>[0.485, 0.56, 0.66, 0.83, 1.65, 2.215]</WAVELENGTH>
		<MEAN_VALUE>[0.11172363073402068, 0.07986315851909416, 0.055332324395085654, 0.05767502673807363, 0.014420551962325072, 0.006515368860684747]</MEAN_VALUE>
		<CHECKBOX>2</CHECKBOX>
		<SD>[0.0018708607816568358, 0.0025973410531923025, 0.0022085018015629947, 0.004858931822970467, 0.0036888596600367332, 0.00309416492163236]</SD>
		<WAVELENGTH_UNIT>E-6m</WAVELENGTH_UNIT>
		<COLOR>#b8dc13</COLOR>
		<COVARIANCE_MATRIX>[[3.576432845875388e-06, 1.1999288744846126e-06, 9.962220701709157e-07, 1.1669410469039576e-06, 7.196237561402086e-07, 3.2294215657202585e-07], [1.1999288744846126e-06, 6.845672487543197e-06, 1.466074991185451e-06, 3.7662380236724857e-06, 2.16087596527359e-06, 9.283307349505776e-07], [9.962220701709157e-07, 1.466074991185451e-06, 4.93912557431031e-06, 4.2008118725789245e-06, 2.18491481973615e-06, 1.131148337663035e-06], [1.1669410469039576e-06, 3.7662380236724857e-06, 4.2008118725789245e-06, 3.0421939300140366e-05, 1.3792621757602319e-05, 6.0803354244853836e-06], [7.196237561402086e-07, 2.16087596527359e-06, 2.18491481973615e-06, 1.3792621757602319e-05, 1.391572459397139e-05, 4.0987042666529305e-06], [3.2294215657202585e-07, 9.283307349505776e-07, 1.131148337663035e-06, 6.0803354244853836e-06, 4.0987042666529305e-06, 9.483755093242507e-06]]</COVARIANCE_MATRIX>
		<ROI_SIZE>9486</ROI_SIZE>
		<MAX_VALUE>[0.11912457644939423, 0.09057019650936127, 0.06948497146368027, 0.1241704523563385, 0.07649170607328415, 0.039319850504398346]</MAX_VALUE>
		<MIN_VALUE>[0.10468856245279312, 0.07173198461532593, 0.05043000355362892, 0.04873828589916229, 0.004922035150229931, 0.0]</MIN_VALUE>
		<SIGNATURE_THRESHOLD_MD>0.0</SIGNATURE_THRESHOLD_MD>
		<SIGNATURE_THRESHOLD_ML>0.0</SIGNATURE_THRESHOLD_ML>
		<SIGNATURE_THRESHOLD_SAM>0.0</SIGNATURE_THRESHOLD_SAM>
	</signature>
	<signature ID="20200826_152450937380_258">
		<MACROCLASSID>1</MACROCLASSID>
		<MACROCLASSINFO>MC 1</MACROCLASSINFO>
		<CLASSID>2</CLASSID>
		<CLASSINFO>C 1</CLASSINFO>
		<VALUES>[0.11035277004859932, 0.001820146625841626, 0.07813373460301011, 0.0024274424133328455, 0.054354883837622846, 0.0019552331899056383, 0.05590629923732588, 0.0030725489378644172, 0.013908831110138508, 0.002410718191469456, 0.0065295918113877005, 0.0027804631568980804]</VALUES>
		<LCS_MIN>[0.10288406908512115, 0.0679643303155899, 0.04725418612360954, 0.04873828589916229, 0.004922035150229931, 0.0]</LCS_MIN>
		<LCS_MAX>[0.11732007563114166, 0.0943378359079361, 0.06948497146368027, 0.12020032852888107, 0.05348717421293259, 0.028307655826210976]</LCS_MAX>
		<WAVELENGTH>[0.485, 0.56, 0.66, 0.83, 1.65, 2.215]</WAVELENGTH>
		<MEAN_VALUE>[0.11035277004859932, 0.07813373460301011, 0.054354883837622846, 0.05590629923732588, 0.013908831110138508, 0.0065295918113877005]</MEAN_VALUE>
		<CHECKBOX>2</CHECKBOX>
		<SD>[0.001820146625841626, 0.0024274424133328455, 0.0019552331899056383, 0.0030725489378644172, 0.002410718191469456, 0.0027804631568980804]</SD>
		<WAVELENGTH_UNIT>E-6m</WAVELENGTH_UNIT>
		<COLOR>#a7ac41</COLOR>
		<COVARIANCE_MATRIX>[[3.295160240668338e-06, 3.9669413354204153e-07, 4.065325924784702e-07, 4.4501663865048613e-07, 2.537008754188719e-07, 7.782337263506633e-08], [3.9669413354204153e-07, 5.869934739166638e-06, 4.825984092349245e-07, 2.001129359996412e-06, 7.15792964456341e-07, 2.965637690977019e-07], [4.065325924784702e-07, 4.825984092349245e-07, 3.8141772620292613e-06, 1.1529596122272778e-06, 4.47181122353868e-07, 1.4830462191639526e-07], [4.4501663865048613e-07, 2.001129359996412e-06, 1.1529596122272778e-06, 9.91085653367918e-06, 1.8356603277425165e-06, 9.076828746401588e-07], [2.537008754188719e-07, 7.15792964456341e-07, 4.47181122353868e-07, 1.8356603277425165e-06, 6.289656084845774e-06, 6.918690473867173e-07], [7.782337263506633e-08, 2.965637690977019e-07, 1.4830462191639526e-07, 9.076828746401588e-07, 6.918690473867173e-07, 7.963528332766145e-06]]</COVARIANCE_MATRIX>
		<ROI_SIZE>10183</ROI_SIZE>
		<MAX_VALUE>[0.11732007563114166, 0.0943378359079361, 0.06948497146368027, 0.12020032852888107, 0.05348717421293259, 0.028307655826210976]</MAX_VALUE>
		<MIN_VALUE>[0.10288406908512115, 0.0679643303155899, 0.04725418612360954, 0.04873828589916229, 0.004922035150229931, 0.0]</MIN_VALUE>
		<SIGNATURE_THRESHOLD_MD>0.0</SIGNATURE_THRESHOLD_MD>
		<SIGNATURE_THRESHOLD_ML>0.0</SIGNATURE_THRESHOLD_ML>
		<SIGNATURE_THRESHOLD_SAM>0.0</SIGNATURE_THRESHOLD_SAM>
	</signature>
	<signature ID="20200826_152520783759_565">
		<MACROCLASSID>1</MACROCLASSID>
		<MACROCLASSINFO>MC 1</MACROCLASSINFO>
		<CLASSID>3</CLASSID>
		<CLASSINFO>C 1</CLASSINFO>
		<VALUES>[0.13608721502221333, 0.006543231501852221, 0.09941756663977774, 0.008096930387388391, 0.0751692947610857, 0.007951929192170215, 0.07091755163589991, 0.01212564278619935, 0.02759518097283437, 0.01065137318618567, 0.01849605375214803, 0.010611128886443189]</VALUES>
		<LCS_MIN>[0.11190656572580338, 0.08680254966020584, 0.06313331425189972, 0.052708402276039124, 0.012590214610099792, 0.0026125344447791576]</LCS_MIN>
		<LCS_MAX>[0.1642371267080307, 0.135781928896904, 0.11077072471380234, 0.14005090296268463, 0.07649170607328415, 0.06501497328281403]</LCS_MAX>
		<WAVELENGTH>[0.485, 0.56, 0.66, 0.83, 1.65, 2.215]</WAVELENGTH>
		<MEAN_VALUE>[0.13608721502221333, 0.09941756663977774, 0.0751692947610857, 0.07091755163589991, 0.02759518097283437, 0.01849605375214803]</MEAN_VALUE>
		<CHECKBOX>2</CHECKBOX>
		<SD>[0.006543231501852221, 0.008096930387388391, 0.007951929192170215, 0.01212564278619935, 0.01065137318618567, 0.010611128886443189]</SD>
		<WAVELENGTH_UNIT>E-6m</WAVELENGTH_UNIT>
		<COLOR>#241bb7</COLOR>
		<COVARIANCE_MATRIX>[[4.512991654337384e-05, 5.1915892981924117e-05, 5.07362638018094e-05, 7.993148028617725e-05, 6.809106707805768e-05, 6.51420559734106e-05], [5.1915892981924117e-05, 7.465752423740923e-05, 6.85060367686674e-05, 0.00010486570681678131, 8.203549805330113e-05, 7.669554906897247e-05], [5.07362638018094e-05, 6.85060367686674e-05, 7.161398389143869e-05, 0.00010327026393497363, 8.04335213615559e-05, 7.542211096733809e-05], [7.993148028617725e-05, 0.00010486570681678131, 0.00010327026393497363, 0.00016991561278700829, 0.00013071867579128593, 0.00012250266445335], [6.809106707805768e-05, 8.203549805330113e-05, 8.04335213615559e-05, 0.00013071867579128593, 0.00011798144259955734, 0.00010927778930636123], [6.51420559734106e-05, 7.669554906897247e-05, 7.542211096733809e-05, 0.00012250266445335, 0.00010927778930636123, 0.00011342210927978158]]</COVARIANCE_MATRIX>
		<ROI_SIZE>9384</ROI_SIZE>
		<MAX_VALUE>[0.1642371267080307, 0.135781928896904, 0.11077072471380234, 0.14005090296268463, 0.07649170607328415, 0.06501497328281403]</MAX_VALUE>
		<MIN_VALUE>[0.11190656572580338, 0.08680254966020584, 0.06313331425189972, 0.052708402276039124, 0.012590214610099792, 0.0026125344447791576]</MIN_VALUE>
		<SIGNATURE_THRESHOLD_MD>0.0</SIGNATURE_THRESHOLD_MD>
		<SIGNATURE_THRESHOLD_ML>0.0</SIGNATURE_THRESHOLD_ML>
		<SIGNATURE_THRESHOLD_SAM>0.0</SIGNATURE_THRESHOLD_SAM>
	</signature>
	<signature ID="20200826_152532786743_980">
		<MACROCLASSID>1</MACROCLASSID>
		<MACROCLASSINFO>MC 1</MACROCLASSINFO>
		<CLASSID>4</CLASSID>
		<CLASSINFO>C 1</CLASSINFO>
		<VALUES>[0.13166913163076766, 0.00260507885686428, 0.09414821244259859, 0.0028335555875354675, 0.06998492878041028, 0.0032117361285659237, 0.06591525481024116, 0.0031729447057432317, 0.020612700335088243, 0.004178102818369666, 0.011792845268374184, 0.00537632247263374]</VALUES>
		<LCS_MIN>[0.12273357063531876, 0.08303491026163101, 0.06313331425189972, 0.05667852610349655, 0.0074780951254069805, 0.0]</LCS_MIN>
		<LCS_MAX>[0.14258308708667755, 0.10564077645540237, 0.08218827843666077, 0.08446931093931198, 0.04326292872428894, 0.03564911708235741]</LCS_MAX>
		<WAVELENGTH>[0.485, 0.56, 0.66, 0.83, 1.65, 2.215]</WAVELENGTH>
		<MEAN_VALUE>[0.13166913163076766, 0.09414821244259859, 0.06998492878041028, 0.06591525481024116, 0.020612700335088243, 0.011792845268374184]</MEAN_VALUE>
		<CHECKBOX>2</CHECKBOX>
		<SD>[0.00260507885686428, 0.0028335555875354675, 0.0032117361285659237, 0.0031729447057432317, 0.004178102818369666, 0.00537632247263374]</SD>
		<WAVELENGTH_UNIT>E-6m</WAVELENGTH_UNIT>
		<COLOR>#d80148</COLOR>
		<COVARIANCE_MATRIX>[[7.132808150345227e-06, 4.414605882629985e-06, 5.113163751957472e-06, 4.94348569191061e-06, 7.632393135281745e-06, 9.468569260207005e-06], [4.414605882629985e-06, 8.458621778117958e-06, 5.263534148980398e-06, 5.40160135642509e-06, 7.964149517647456e-06, 9.786454938875977e-06], [5.113163751957472e-06, 5.263534148980398e-06, 1.0797346476465464e-05, 5.941892140981508e-06, 9.279323421651497e-06, 1.1584339517867193e-05], [4.94348569191061e-06, 5.40160135642509e-06, 5.941892140981508e-06, 1.0634860700520221e-05, 8.800543582765386e-06, 1.092471484298585e-05], [7.632393135281745e-06, 7.964149517647456e-06, 9.279323421651497e-06, 8.800543582765386e-06, 1.902814801724162e-05, 1.881667776615359e-05], [9.468569260207005e-06, 9.786454938875977e-06, 1.1584339517867193e-05, 1.092471484298585e-05, 1.881667776615359e-05, 3.112679041805677e-05]]</COVARIANCE_MATRIX>
		<ROI_SIZE>10200</ROI_SIZE>
		<MAX_VALUE>[0.14258308708667755, 0.10564077645540237, 0.08218827843666077, 0.08446931093931198, 0.04326292872428894, 0.03564911708235741]</MAX_VALUE>
		<MIN_VALUE>[0.12273357063531876, 0.08303491026163101, 0.06313331425189972, 0.05667852610349655, 0.0074780951254069805, 0.0]</MIN_VALUE>
		<SIGNATURE_THRESHOLD_MD>0.0</SIGNATURE_THRESHOLD_MD>
		<SIGNATURE_THRESHOLD_ML>0.0</SIGNATURE_THRESHOLD_ML>
		<SIGNATURE_THRESHOLD_SAM>0.0</SIGNATURE_THRESHOLD_SAM>
	</signature>
	<signature ID="20200826_152600459556_773">
		<MACROCLASSID>1</MACROCLASSID>
		<MACROCLASSINFO>MC 1</MACROCLASSINFO>
		<CLASSID>5</CLASSID>
		<CLASSINFO>C 1</CLASSINFO>
		<VALUES>[0.12236195047425925, 0.002030503060055635, 0.08697849819713321, 0.0018364630173721007, 0.0621417876603482, 0.0018002634757797139, 0.05724717879071576, 0.002576196563066208, 0.015222619862984217, 0.0021500154505220675, 0.0071337722920391386, 0.0027329220737161253]</VALUES>
		<LCS_MIN>[0.1155155673623085, 0.07926726341247559, 0.04725418612360954, 0.04873828589916229, 0.0074780951254069805, 0.0]</LCS_MIN>
		<LCS_MAX>[0.12814708054065704, 0.0943378359079361, 0.06630914658308029, 0.06461874395608902, 0.02281445637345314, 0.017295461148023605]</LCS_MAX>
		<WAVELENGTH>[0.485, 0.56, 0.66, 0.83, 1.65, 2.215]</WAVELENGTH>
		<MEAN_VALUE>[0.12236195047425925, 0.08697849819713321, 0.0621417876603482, 0.05724717879071576, 0.015222619862984217, 0.0071337722920391386]</MEAN_VALUE>
		<CHECKBOX>2</CHECKBOX>
		<SD>[0.002030503060055635, 0.0018364630173721007, 0.0018002634757797139, 0.002576196563066208, 0.0021500154505220675, 0.0027329220737161253]</SD>
		<WAVELENGTH_UNIT>E-6m</WAVELENGTH_UNIT>
		<COLOR>#13c042</COLOR>
		<COVARIANCE_MATRIX>[[4.001786237495253e-06, 3.188825701272435e-07, 3.8218172448978294e-07, 2.9496970910258824e-07, 2.8161045051433575e-08, 6.546172670596206e-08], [3.188825701272435e-07, 3.3321143746434245e-06, 2.68630380162449e-08, 3.785549296253521e-08, -3.4019404182572544e-08, -6.991989209836902e-08], [3.8218172448978294e-07, 2.68630380162449e-08, 3.1357956231659045e-06, 4.5356588884715165e-07, -1.4020480421095272e-07, 1.1287631940248843e-09], [2.9496970910258824e-07, 3.785549296253521e-08, 4.5356588884715165e-07, 5.789130682387622e-06, 2.2966801793700142e-07, 1.4986407848027739e-07], [2.8161045051433575e-08, -3.4019404182572544e-08, -1.4020480421095272e-07, 2.2966801793700142e-07, 4.692289621743839e-06, 1.400711084897921e-07], [6.546172670596206e-08, -6.991989209836902e-08, 1.1287631940248843e-09, 1.4986407848027739e-07, 1.400711084897921e-07, 7.4288154792157e-06]]</COVARIANCE_MATRIX>
		<ROI_SIZE>10199</ROI_SIZE>
		<MAX_VALUE>[0.12814708054065704, 0.0943378359079361, 0.06630914658308029, 0.06461874395608902, 0.02281445637345314, 0.017295461148023605]</MAX_VALUE>
		<MIN_VALUE>[0.1155155673623085, 0.07926726341247559, 0.04725418612360954, 0.04873828589916229, 0.0074780951254069805, 0.0]</MIN_VALUE>
		<SIGNATURE_THRESHOLD_MD>0.0</SIGNATURE_THRESHOLD_MD>
		<SIGNATURE_THRESHOLD_ML>0.0</SIGNATURE_THRESHOLD_ML>
		<SIGNATURE_THRESHOLD_SAM>0.0</SIGNATURE_THRESHOLD_SAM>
	</signature>
	<signature ID="20200826_152615460703_110">
		<MACROCLASSID>1</MACROCLASSID>
		<MACROCLASSINFO>MC 1</MACROCLASSINFO>
		<CLASSID>6</CLASSID>
		<CLASSINFO>C 1</CLASSINFO>
		<VALUES>[0.11253803370351477, 0.0023757079205010798, 0.07988685843539621, 0.004869076770160067, 0.055004783168477685, 0.005531044518006515, 0.05151890439919274, 0.0062208765695820544, 0.013041967793592416, 0.005507338110700203, 0.0064207919323219596, 0.005013812822337233]</VALUES>
		<LCS_MIN>[0.10468856245279312, 0.07173198461532593, 0.04725418612360954, 0.04079806059598923, 0.0023659751750528812, 0.0]</LCS_MIN>
		<LCS_MAX>[0.1299515813589096, 0.11317607015371323, 0.09806741774082184, 0.11623021960258484, 0.07649170607328415, 0.06134423613548279]</LCS_MAX>
		<WAVELENGTH>[0.485, 0.56, 0.66, 0.83, 1.65, 2.215]</WAVELENGTH>
		<MEAN_VALUE>[0.11253803370351477, 0.07988685843539621, 0.055004783168477685, 0.05151890439919274, 0.013041967793592416, 0.0064207919323219596]</MEAN_VALUE>
		<CHECKBOX>2</CHECKBOX>
		<SD>[0.0023757079205010798, 0.004869076770160067, 0.005531044518006515, 0.0062208765695820544, 0.005507338110700203, 0.005013812822337233]</SD>
		<WAVELENGTH_UNIT>E-6m</WAVELENGTH_UNIT>
		<COLOR>#84c867</COLOR>
		<COVARIANCE_MATRIX>[[4.85499504065956e-06, 4.8420311031804886e-06, 4.658858870243421e-06, 5.294461516314186e-06, 3.5333009691385087e-06, 2.670893991307821e-06], [4.8420311031804886e-06, 1.7562744687893428e-05, 1.3361661331146024e-05, 1.4271958207245916e-05, 8.85345525603043e-06, 6.548399596795207e-06], [4.658858870243421e-06, 1.3361661331146024e-05, 2.042683627223596e-05, 1.8721619198913686e-05, 1.3045283594692592e-05, 1.0167295840801671e-05], [5.294461516314186e-06, 1.4271958207245916e-05, 1.8721619198913686e-05, 2.566210059740115e-05, 1.6998314094962552e-05, 1.3685759768122807e-05], [3.5333009691385087e-06, 8.85345525603043e-06, 1.3045283594692592e-05, 1.6998314094962552e-05, 2.0232282622600906e-05, 1.2511256500147283e-05], [2.670893991307821e-06, 6.548399596795207e-06, 1.0167295840801671e-05, 1.3685759768122807e-05, 1.2511256500147283e-05, 1.818400778574869e-05]]</COVARIANCE_MATRIX>
		<ROI_SIZE>10082</ROI_SIZE>
		<MAX_VALUE>[0.1299515813589096, 0.11317607015371323, 0.09806741774082184, 0.11623021960258484, 0.07649170607328415, 0.06134423613548279]</MAX_VALUE>
		<MIN_VALUE>[0.10468856245279312, 0.07173198461532593, 0.04725418612360954, 0.04079806059598923, 0.0023659751750528812, 0.0]</MIN_VALUE>
		<SIGNATURE_THRESHOLD_MD>0.0</SIGNATURE_THRESHOLD_MD>
		<SIGNATURE_THRESHOLD_ML>0.0</SIGNATURE_THRESHOLD_ML>
		<SIGNATURE_THRESHOLD_SAM>0.0</SIGNATURE_THRESHOLD_SAM>
	</signature>
	<signature ID="20200826_152621289674_391">
		<MACROCLASSID>1</MACROCLASSID>
		<MACROCLASSINFO>MC 1</MACROCLASSINFO>
		<CLASSID>7</CLASSID>
		<CLASSINFO>C 1</CLASSINFO>
		<VALUES>[0.11194218155512141, 0.0028062209724372756, 0.07572515460394205, 0.005128542679821292, 0.05276026539432593, 0.004724363343049946, 0.04379885792140805, 0.0059457662594427675, 0.011801666629693905, 0.004386297679193541, 0.006247484733024277, 0.003535543619450787]</VALUES>
		<LCS_MIN>[0.10468856245279312, 0.0679643303155899, 0.04725418612360954, 0.032857831567525864, 0.0, 0.0]</LCS_MIN>
		<LCS_MAX>[0.13175608217716217, 0.11317607015371323, 0.09806741774082184, 0.10828999429941177, 0.07649170607328415, 0.06501497328281403]</LCS_MAX>
		<WAVELENGTH>[0.485, 0.56, 0.66, 0.83, 1.65, 2.215]</WAVELENGTH>
		<MEAN_VALUE>[0.11194218155512141, 0.07572515460394205, 0.05276026539432593, 0.04379885792140805, 0.011801666629693905, 0.006247484733024277]</MEAN_VALUE>
		<CHECKBOX>2</CHECKBOX>
		<SD>[0.0028062209724372756, 0.005128542679821292, 0.004724363343049946, 0.0059457662594427675, 0.004386297679193541, 0.003535543619450787]</SD>
		<WAVELENGTH_UNIT>E-6m</WAVELENGTH_UNIT>
		<COLOR>#d5bbd7</COLOR>
		<COVARIANCE_MATRIX>[[7.5364209806139115e-06, 9.419183697900735e-06, 7.287235803232761e-06, 8.120672646327876e-06, 4.8482597776455805e-06, 2.802112703648163e-06], [9.419183697900735e-06, 2.2837863070890307e-05, 1.5420650015585124e-05, 1.8163133063353598e-05, 1.0765692422864959e-05, 5.9600597523967735e-06], [7.287235803232761e-06, 1.5420650015585124e-05, 1.7552463759784587e-05, 1.757154859660659e-05, 9.871185284282546e-06, 5.727461029891856e-06], [8.120672646327876e-06, 1.8163133063353598e-05, 1.757154859660659e-05, 3.297115472378209e-05, 1.822764170356095e-05, 1.0067012226500083e-05], [4.8482597776455805e-06, 1.0765692422864959e-05, 9.871185284282546e-06, 1.822764170356095e-05, 1.9442415577941574e-05, 8.20075820229249e-06], [2.802112703648163e-06, 5.9600597523967735e-06, 5.727461029891856e-06, 1.0067012226500083e-05, 8.20075820229249e-06, 1.236744355992414e-05]]</COVARIANCE_MATRIX>
		<ROI_SIZE>8145</ROI_SIZE>
		<MAX_VALUE>[0.13175608217716217, 0.11317607015371323, 0.09806741774082184, 0.10828999429941177, 0.07649170607328415, 0.06501497328281403]</MAX_VALUE>
		<MIN_VALUE>[0.10468856245279312, 0.0679643303155899, 0.04725418612360954, 0.032857831567525864, 0.0, 0.0]</MIN_VALUE>
		<SIGNATURE_THRESHOLD_MD>0.0</SIGNATURE_THRESHOLD_MD>
		<SIGNATURE_THRESHOLD_ML>0.0</SIGNATURE_THRESHOLD_ML>
		<SIGNATURE_THRESHOLD_SAM>0.0</SIGNATURE_THRESHOLD_SAM>
	</signature>
	<signature ID="20200826_152637135778_949">
		<MACROCLASSID>1</MACROCLASSID>
		<MACROCLASSINFO>MC 1</MACROCLASSINFO>
		<CLASSID>8</CLASSID>
		<CLASSINFO>C 1</CLASSINFO>
		<VALUES>[0.12000924164478868, 0.010005933950849689, 0.08624842215353638, 0.019268075352729168, 0.06118377333785181, 0.01838728426236439, 0.04507843111933419, 0.01322304238783088, 0.010169642834196151, 0.002844159688493217, 0.005333368365297551, 0.002917359087564436]</VALUES>
		<LCS_MIN>[0.10468856245279312, 0.06419669836759567, 0.04407835379242897, 0.032857831567525864, 0.0023659751750528812, 0.0]</LCS_MIN>
		<LCS_MAX>[0.1552145928144455, 0.14331719279289246, 0.12347403168678284, 0.1122601106762886, 0.05859929695725441, 0.031978387385606766]</LCS_MAX>
		<WAVELENGTH>[0.485, 0.56, 0.66, 0.83, 1.65, 2.215]</WAVELENGTH>
		<MEAN_VALUE>[0.12000924164478868, 0.08624842215353638, 0.06118377333785181, 0.04507843111933419, 0.010169642834196151, 0.005333368365297551]</MEAN_VALUE>
		<CHECKBOX>2</CHECKBOX>
		<SD>[0.010005933950849689, 0.019268075352729168, 0.01838728426236439, 0.01322304238783088, 0.002844159688493217, 0.002917359087564436]</SD>
		<WAVELENGTH_UNIT>E-6m</WAVELENGTH_UNIT>
		<COLOR>#7310a2</COLOR>
		<COVARIANCE_MATRIX>[[0.00011662839096970856, 0.00021553585247602314, 0.00020631907682400197, 0.0001243774313479662, 9.825345841818489e-06, 4.091197752131848e-06], [0.00021553585247602314, 0.00042682254570536315, 0.00040469723171554506, 0.00024092101375572383, 1.9177281501470134e-05, 7.900553100625984e-06], [0.00020631907682400197, 0.00040469723171554506, 0.0004030202981084585, 0.0002521577407605946, 1.9344199245097116e-05, 8.12639518699143e-06], [0.0001243774313479662, 0.00024092101375572383, 0.0002521577407605946, 0.00021120703604537994, 1.7791422578739002e-05, 7.382366220554104e-06], [9.825345841818489e-06, 1.9177281501470134e-05, 1.9344199245097116e-05, 1.7791422578739002e-05, 8.40602024254622e-06, 1.8495302356313914e-06], [4.091197752131848e-06, 7.900553100625984e-06, 8.12639518699143e-06, 7.382366220554104e-06, 1.8495302356313914e-06, 8.395573786401656e-06]]</COVARIANCE_MATRIX>
		<ROI_SIZE>8176</ROI_SIZE>
		<MAX_VALUE>[0.1552145928144455, 0.14331719279289246, 0.12347403168678284, 0.1122601106762886, 0.05859929695725441, 0.031978387385606766]</MAX_VALUE>
		<MIN_VALUE>[0.10468856245279312, 0.06419669836759567, 0.04407835379242897, 0.032857831567525864, 0.0023659751750528812, 0.0]</MIN_VALUE>
		<SIGNATURE_THRESHOLD_MD>0.0</SIGNATURE_THRESHOLD_MD>
		<SIGNATURE_THRESHOLD_ML>0.0</SIGNATURE_THRESHOLD_ML>
		<SIGNATURE_THRESHOLD_SAM>0.0</SIGNATURE_THRESHOLD_SAM>
	</signature>
	<signature ID="20200826_152643670057_427">
		<MACROCLASSID>1</MACROCLASSID>
		<MACROCLASSINFO>MC 1</MACROCLASSINFO>
		<CLASSID>9</CLASSID>
		<CLASSINFO>C 1</CLASSINFO>
		<VALUES>[0.11856360674066013, 0.005173412401947802, 0.08860806530601702, 0.011969973547732604, 0.06287256099154825, 0.01557252558841008, 0.05422141305138482, 0.01893223145450857, 0.014374771196776997, 0.009477092129890327, 0.007551156359046823, 0.006516282455140043]</VALUES>
		<LCS_MIN>[0.10829756408929825, 0.07173198461532593, 0.04407835379242897, 0.036827947944402695, 0.0023659751750528812, 0.0]</LCS_MIN>
		<LCS_MAX>[0.1498010903596878, 0.13954958319664001, 0.12347403168678284, 0.1122601106762886, 0.0790477767586708, 0.06134423613548279]</LCS_MAX>
		<WAVELENGTH>[0.485, 0.56, 0.66, 0.83, 1.65, 2.215]</WAVELENGTH>
		<MEAN_VALUE>[0.11856360674066013, 0.08860806530601702, 0.06287256099154825, 0.05422141305138482, 0.014374771196776997, 0.007551156359046823]</MEAN_VALUE>
		<CHECKBOX>2</CHECKBOX>
		<SD>[0.005173412401947802, 0.011969973547732604, 0.01557252558841008, 0.01893223145450857, 0.009477092129890327, 0.006516282455140043]</SD>
		<WAVELENGTH_UNIT>E-6m</WAVELENGTH_UNIT>
		<COLOR>#72e4ce</COLOR>
		<COVARIANCE_MATRIX>[[3.174795347149484e-05, 6.707615830237046e-05, 8.171977970050648e-05, 7.772602111799642e-05, 2.484846299921628e-05, 1.3257483260531444e-05], [6.707615830237046e-05, 0.00017447522259317338, 0.00021054703393019736, 0.000199023648747243, 6.412513175746426e-05, 3.4578508348204195e-05], [8.171977970050648e-05, 0.00021054703393019736, 0.0002779362548608333, 0.0002722010831348598, 9.32524271775037e-05, 5.1700651965802535e-05], [7.772602111799642e-05, 0.000199023648747243, 0.0002722010831348598, 0.00034747805329971015, 0.000139437586767599, 7.911320426501334e-05], [2.484846299921628e-05, 6.412513175746426e-05, 9.32524271775037e-05, 0.000139437586767599, 9.499135194346309e-05, 5.5364354921039194e-05], [1.3257483260531444e-05, 3.4578508348204195e-05, 5.1700651965802535e-05, 7.911320426501334e-05, 5.5364354921039194e-05, 4.285675095161423e-05]]</COVARIANCE_MATRIX>
		<ROI_SIZE>6538</ROI_SIZE>
		<MAX_VALUE>[0.1498010903596878, 0.13954958319664001, 0.12347403168678284, 0.1122601106762886, 0.0790477767586708, 0.06134423613548279]</MAX_VALUE>
		<MIN_VALUE>[0.10829756408929825, 0.07173198461532593, 0.04407835379242897, 0.036827947944402695, 0.0023659751750528812, 0.0]</MIN_VALUE>
		<SIGNATURE_THRESHOLD_MD>0.0</SIGNATURE_THRESHOLD_MD>
		<SIGNATURE_THRESHOLD_ML>0.0</SIGNATURE_THRESHOLD_ML>
		<SIGNATURE_THRESHOLD_SAM>0.0</SIGNATURE_THRESHOLD_SAM>
	</signature>
	<signature ID="20200826_152701149975_857">
		<MACROCLASSID>1</MACROCLASSID>
		<MACROCLASSINFO>MC 1</MACROCLASSINFO>
		<CLASSID>10</CLASSID>
		<CLASSINFO>C 1</CLASSINFO>
		<VALUES>[0.1187472537013519, 0.005189458147993247, 0.08052502941723733, 0.010842822642265857, 0.05460497954862709, 0.009795661747025805, 0.043631918869979386, 0.006358159660525002, 0.011153318429511344, 0.003005768698952764, 0.00620625505515481, 0.002961546643167529]</VALUES>
		<LCS_MIN>[0.11010205745697021, 0.0679643303155899, 0.04725418612360954, 0.036827947944402695, 0.0023659751750528812, 0.0]</LCS_MIN>
		<LCS_MAX>[0.16604161262512207, 0.14331719279289246, 0.12029820680618286, 0.10828999429941177, 0.07137959450483322, 0.031978387385606766]</LCS_MAX>
		<WAVELENGTH>[0.485, 0.56, 0.66, 0.83, 1.65, 2.215]</WAVELENGTH>
		<MEAN_VALUE>[0.1187472537013519, 0.08052502941723733, 0.05460497954862709, 0.043631918869979386, 0.011153318429511344, 0.00620625505515481]</MEAN_VALUE>
		<CHECKBOX>2</CHECKBOX>
		<SD>[0.005189458147993247, 0.010842822642265857, 0.009795661747025805, 0.006358159660525002, 0.003005768698952764, 0.002961546643167529]</SD>
		<WAVELENGTH_UNIT>E-6m</WAVELENGTH_UNIT>
		<COLOR>#cebfb1</COLOR>
		<COVARIANCE_MATRIX>[[4.362433173810132e-05, 8.736384916119277e-05, 7.91901329648681e-05, 4.020535561721772e-05, 5.873964255442843e-06, 2.2983181224844884e-06], [8.736384916119277e-05, 0.00020829398999921978, 0.0001884093799162656, 9.419537673238665e-05, 1.2932869140058756e-05, 5.408929155237274e-06], [7.91901329648681e-05, 0.0001884093799162656, 0.0001878448820207268, 9.512241376796737e-05, 1.2838247130275704e-05, 5.659689577441895e-06], [4.020535561721772e-05, 9.419537673238665e-05, 9.512241376796737e-05, 6.95295530022122e-05, 1.0586511962173972e-05, 4.843060196435545e-06], [5.873964255442843e-06, 1.2932869140058756e-05, 1.2838247130275704e-05, 1.0586511962173972e-05, 8.953357792051975e-06, 2.0831910205743043e-06], [2.2983181224844884e-06, 5.408929155237274e-06, 5.659689577441895e-06, 4.843060196435545e-06, 2.0831910205743043e-06, 8.990546120912768e-06]]</COVARIANCE_MATRIX>
		<ROI_SIZE>8179</ROI_SIZE>
		<MAX_VALUE>[0.16604161262512207, 0.14331719279289246, 0.12029820680618286, 0.10828999429941177, 0.07137959450483322, 0.031978387385606766]</MAX_VALUE>
		<MIN_VALUE>[0.11010205745697021, 0.0679643303155899, 0.04725418612360954, 0.036827947944402695, 0.0023659751750528812, 0.0]</MIN_VALUE>
		<SIGNATURE_THRESHOLD_MD>0.0</SIGNATURE_THRESHOLD_MD>
		<SIGNATURE_THRESHOLD_ML>0.0</SIGNATURE_THRESHOLD_ML>
		<SIGNATURE_THRESHOLD_SAM>0.0</SIGNATURE_THRESHOLD_SAM>
	</signature>
	<signature ID="20200826_152707377434_527">
		<MACROCLASSID>1</MACROCLASSID>
		<MACROCLASSINFO>MC 1</MACROCLASSINFO>
		<CLASSID>11</CLASSID>
		<CLASSINFO>C 1</CLASSINFO>
		<VALUES>[0.12653792051493915, 0.00256591440467724, 0.08254747749137221, 0.0032244453818466062, 0.059829096041201776, 0.002485257455990816, 0.04267764190218053, 0.0024152081248216303, 0.013594502185950832, 0.002413638133961419, 0.00765067419112528, 0.0027412454528901193]</VALUES>
		<LCS_MIN>[0.11912457644939423, 0.07173198461532593, 0.05360583961009979, 0.036827947944402695, 0.004922035150229931, 0.0]</LCS_MIN>
		<LCS_MAX>[0.1407785713672638, 0.09810549020767212, 0.07901246100664139, 0.06064863130450249, 0.027926575392484665, 0.020966188982129097]</LCS_MAX>
		<WAVELENGTH>[0.485, 0.56, 0.66, 0.83, 1.65, 2.215]</WAVELENGTH>
		<MEAN_VALUE>[0.12653792051493915, 0.08254747749137221, 0.059829096041201776, 0.04267764190218053, 0.013594502185950832, 0.00765067419112528]</MEAN_VALUE>
		<CHECKBOX>2</CHECKBOX>
		<SD>[0.00256591440467724, 0.0032244453818466062, 0.002485257455990816, 0.0024152081248216303, 0.002413638133961419, 0.0027412454528901193]</SD>
		<WAVELENGTH_UNIT>E-6m</WAVELENGTH_UNIT>
		<COLOR>#9f0eab</COLOR>
		<COVARIANCE_MATRIX>[[6.236304216145072e-06, 3.7918550788162975e-06, 2.943990466519608e-06, 2.6032200821646256e-06, 1.3517905017579324e-06, 7.594896942464402e-07], [3.7918550788162975e-06, 9.807874448597431e-06, 3.304889105493203e-06, 2.989545464515686e-06, 1.5111166931092157e-06, 7.165157285271562e-07], [2.943990466519608e-06, 3.304889105493203e-06, 5.833653176523512e-06, 2.3601965040143114e-06, 1.0918673751802999e-06, 5.212292535361485e-07], [2.6032200821646256e-06, 2.989545464515686e-06, 2.3601965040143114e-06, 5.458495252241846e-06, 1.1653311275949818e-06, 5.062918262410676e-07], [1.3517905017579324e-06, 1.5111166931092157e-06, 1.0918673751802999e-06, 1.1653311275949818e-06, 5.667836376233026e-06, 4.309533778723562e-07], [7.594896942464402e-07, 7.165157285271562e-07, 5.212292535361485e-07, 5.062918262410676e-07, 4.309533778723562e-07, 7.632278538949322e-06]]</COVARIANCE_MATRIX>
		<ROI_SIZE>10200</ROI_SIZE>
		<MAX_VALUE>[0.1407785713672638, 0.09810549020767212, 0.07901246100664139, 0.06064863130450249, 0.027926575392484665, 0.020966188982129097]</MAX_VALUE>
		<MIN_VALUE>[0.11912457644939423, 0.07173198461532593, 0.05360583961009979, 0.036827947944402695, 0.004922035150229931, 0.0]</MIN_VALUE>
		<SIGNATURE_THRESHOLD_MD>0.0</SIGNATURE_THRESHOLD_MD>
		<SIGNATURE_THRESHOLD_ML>0.0</SIGNATURE_THRESHOLD_ML>
		<SIGNATURE_THRESHOLD_SAM>0.0</SIGNATURE_THRESHOLD_SAM>
	</signature>
	<signature ID="20200826_152713378285_990">
		<MACROCLASSID>1</MACROCLASSID>
		<MACROCLASSINFO>MC 1</MACROCLASSINFO>
		<CLASSID>12</CLASSID>
		<CLASSINFO>C 1</CLASSINFO>
		<VALUES>[0.110892350237706, 0.0017096506900977208, 0.07008814357171916, 0.0020421842161882533, 0.048059144933329995, 0.0018073581015769966, 0.032997375363391715, 0.0010520184714278688, 0.00878824402275415, 0.001969819500961858, 0.0051175089194915495, 0.0027659907004959515]</VALUES>
		<LCS_MIN>[0.10288406908512115, 0.06419669836759567, 0.040902528911828995, 0.02888772077858448, 0.0, 0.0]</LCS_MIN>
		<LCS_MAX>[0.11732007563114166, 0.07549963146448135, 0.05360583961009979, 0.036827947944402695, 0.017702335491776466, 0.01362473051995039]</LCS_MAX>
		<WAVELENGTH>[0.485, 0.56, 0.66, 0.83, 1.65, 2.215]</WAVELENGTH>
		<MEAN_VALUE>[0.110892350237706, 0.07008814357171916, 0.048059144933329995, 0.032997375363391715, 0.00878824402275415, 0.0051175089194915495]</MEAN_VALUE>
		<CHECKBOX>2</CHECKBOX>
		<SD>[0.0017096506900977208, 0.0020421842161882533, 0.0018073581015769966, 0.0010520184714278688, 0.001969819500961858, 0.0027659907004959515]</SD>
		<WAVELENGTH_UNIT>E-6m</WAVELENGTH_UNIT>
		<COLOR>#35a5c9</COLOR>
		<COVARIANCE_MATRIX>[[2.9296791126398603e-06, 4.51457680128442e-08, 9.52732293058034e-08, -1.6265465418996428e-08, 6.248180284273985e-08, 3.275976823147175e-08], [4.51457680128442e-08, 4.143376372667262e-06, -8.56644533087092e-08, -8.674193452407053e-08, -5.944763259435604e-08, -3.004703330589109e-08], [9.52732293058034e-08, -8.56644533087092e-08, 3.281509179942077e-06, -3.844029095034784e-09, -6.720229350776208e-08, -2.218245676033348e-08], [-1.6265465418996428e-08, -8.674193452407053e-08, -3.844029095034784e-09, 1.0269658332617837e-06, 1.25540786655165e-08, -2.246963681784564e-08], [6.248180284273985e-08, -5.944763259435604e-08, -6.720229350776208e-08, 1.25540786655165e-08, 3.834024482785026e-06, 1.3992628566938947e-07], [3.275976823147175e-08, -3.004703330589109e-08, -2.218245676033348e-08, -2.246963681784564e-08, 1.3992628566938947e-07, 7.65914319345029e-06]]</COVARIANCE_MATRIX>
		<ROI_SIZE>10201</ROI_SIZE>
		<MAX_VALUE>[0.11732007563114166, 0.07549963146448135, 0.05360583961009979, 0.036827947944402695, 0.017702335491776466, 0.01362473051995039]</MAX_VALUE>
		<MIN_VALUE>[0.10288406908512115, 0.06419669836759567, 0.040902528911828995, 0.02888772077858448, 0.0, 0.0]</MIN_VALUE>
		<SIGNATURE_THRESHOLD_MD>0.0</SIGNATURE_THRESHOLD_MD>
		<SIGNATURE_THRESHOLD_ML>0.0</SIGNATURE_THRESHOLD_ML>
		<SIGNATURE_THRESHOLD_SAM>0.0</SIGNATURE_THRESHOLD_SAM>
	</signature>
	<signature ID="20200826_152731119722_126">
		<MACROCLASSID>1</MACROCLASSID>
		<MACROCLASSINFO>MC 1</MACROCLASSINFO>
		<CLASSID>13</CLASSID>
		<CLASSINFO>C 1</CLASSINFO>
		<VALUES>[0.11668339649081008, 0.001873767932577704, 0.08979169600307361, 0.002024347592529343, 0.06334999034482601, 0.001925674816472381, 0.091604681681936, 0.012293596977368537, 0.02347713692175481, 0.007155720939967479, 0.009924409257476792, 0.00396327615860814]</VALUES>
		<LCS_MIN>[0.11190656572580338, 0.08303491026163101, 0.05995749309659004, 0.08049919456243515, 0.015146275982260704, 0.0]</LCS_MIN>
		<LCS_MAX>[0.1209290623664856, 0.0943378359079361, 0.06948497146368027, 0.15196125209331512, 0.07137959450483322, 0.031978387385606766]</LCS_MAX>
		<WAVELENGTH>[0.485, 0.56, 0.66, 0.83, 1.65, 2.215]</WAVELENGTH>
		<MEAN_VALUE>[0.11668339649081008, 0.08979169600307361, 0.06334999034482601, 0.091604681681936, 0.02347713692175481, 0.009924409257476792]</MEAN_VALUE>
		<CHECKBOX>2</CHECKBOX>
		<SD>[0.001873767932577704, 0.002024347592529343, 0.001925674816472381, 0.012293596977368537, 0.007155720939967479, 0.00396327615860814]</SD>
		<WAVELENGTH_UNIT>E-6m</WAVELENGTH_UNIT>
		<COLOR>#94d2f4</COLOR>
		<COVARIANCE_MATRIX>[[3.517863660817966e-06, 7.383050615317188e-07, 6.195176638357225e-07, -1.5768512184877181e-06, -3.61010393135075e-07, 2.896379385219916e-07], [7.383050615317188e-07, 4.105987045477377e-06, 7.065179943310795e-07, 1.7970209000850446e-06, 1.1376087059034035e-06, 9.067569521903351e-07], [6.195176638357225e-07, 7.065179943310795e-07, 3.7154661640670383e-06, 5.9371682255005e-06, 2.8843828658864368e-06, 1.805156898626592e-06], [-1.5768512184877181e-06, 1.7970209000850446e-06, 5.9371682255005e-06, 0.000151427710079588, 7.777300925226882e-05, 2.9906988856964745e-05], [-3.61010393135075e-07, 1.1376087059034035e-06, 2.8843828658864368e-06, 7.777300925226882e-05, 5.130435238243081e-05, 1.892090222099796e-05], [2.896379385219916e-07, 9.067569521903351e-07, 1.805156898626592e-06, 2.9906988856964745e-05, 1.892090222099796e-05, 1.5738236470497213e-05]]</COVARIANCE_MATRIX>
		<ROI_SIZE>513</ROI_SIZE>
		<MAX_VALUE>[0.1209290623664856, 0.0943378359079361, 0.06948497146368027, 0.15196125209331512, 0.07137959450483322, 0.031978387385606766]</MAX_VALUE>
		<MIN_VALUE>[0.11190656572580338, 0.08303491026163101, 0.05995749309659004, 0.08049919456243515, 0.015146275982260704, 0.0]</MIN_VALUE>
		<SIGNATURE_THRESHOLD_MD>0.0</SIGNATURE_THRESHOLD_MD>
		<SIGNATURE_THRESHOLD_ML>0.0</SIGNATURE_THRESHOLD_ML>
		<SIGNATURE_THRESHOLD_SAM>0.0</SIGNATURE_THRESHOLD_SAM>
	</signature>
	<signature ID="20200826_152753492153_946">
		<MACROCLASSID>1</MACROCLASSID>
		<MACROCLASSINFO>MC 1</MACROCLASSINFO>
		<CLASSID>14</CLASSID>
		<CLASSINFO>C 1</CLASSINFO>
		<VALUES>[0.15710237536672625, 0.009217998828600815, 0.13697306603690704, 0.010852322959213642, 0.10036393203788607, 0.010361181975580004, 0.09729568245118891, 0.01791229374741097, 0.03518693946451907, 0.016307100377979836, 0.01941568499808662, 0.012357739137420729]</VALUES>
		<LCS_MIN>[0.13356058299541473, 0.1094084084033966, 0.07901246100664139, 0.07652907818555832, 0.012590214610099792, 0.0]</LCS_MIN>
		<LCS_MAX>[0.1985226571559906, 0.18476127088069916, 0.152056485414505, 0.15196125209331512, 0.08927202224731445, 0.07602716237306595]</LCS_MAX>
		<WAVELENGTH>[0.485, 0.56, 0.66, 0.83, 1.65, 2.215]</WAVELENGTH>
		<MEAN_VALUE>[0.15710237536672625, 0.13697306603690704, 0.10036393203788607, 0.09729568245118891, 0.03518693946451907, 0.01941568499808662]</MEAN_VALUE>
		<CHECKBOX>2</CHECKBOX>
		<SD>[0.009217998828600815, 0.010852322959213642, 0.010361181975580004, 0.01791229374741097, 0.016307100377979836, 0.012357739137420729]</SD>
		<WAVELENGTH_UNIT>E-6m</WAVELENGTH_UNIT>
		<COLOR>#51e4cd</COLOR>
		<COVARIANCE_MATRIX>[[8.501323463860899e-05, 9.367367601953447e-05, 8.011847239686176e-05, 6.462910096161067e-05, 7.284714956767857e-05, 7.125826959963888e-05], [9.367367601953447e-05, 0.0001178307575173676, 9.91510896710679e-05, 8.55925609357655e-05, 8.979822450783104e-05, 8.329160482389852e-05], [8.011847239686176e-05, 9.91510896710679e-05, 0.00010740682046161965, 0.00012683407112490386, 0.00012251763837412, 0.00010101206135004759], [6.462910096161067e-05, 8.55925609357655e-05, 0.00012683407112490386, 0.00032100785756483674, 0.00026888304273597896, 0.00018468129565007985], [7.284714956767857e-05, 8.979822450783104e-05, 0.00012251763837412, 0.00026888304273597896, 0.00026605214225128293, 0.00018443481530994177], [7.125826959963888e-05, 8.329160482389852e-05, 0.00010101206135004759, 0.00018468129565007985, 0.00018443481530994177, 0.0001527887216070667]]</COVARIANCE_MATRIX>
		<ROI_SIZE>2037</ROI_SIZE>
		<MAX_VALUE>[0.1985226571559906, 0.18476127088069916, 0.152056485414505, 0.15196125209331512, 0.08927202224731445, 0.07602716237306595]</MAX_VALUE>
		<MIN_VALUE>[0.13356058299541473, 0.1094084084033966, 0.07901246100664139, 0.07652907818555832, 0.012590214610099792, 0.0]</MIN_VALUE>
		<SIGNATURE_THRESHOLD_MD>0.0</SIGNATURE_THRESHOLD_MD>
		<SIGNATURE_THRESHOLD_ML>0.0</SIGNATURE_THRESHOLD_ML>
		<SIGNATURE_THRESHOLD_SAM>0.0</SIGNATURE_THRESHOLD_SAM>
	</signature>
	<signature ID="20200826_152814498816_607">
		<MACROCLASSID>1</MACROCLASSID>
		<MACROCLASSINFO>MC 1</MACROCLASSINFO>
		<CLASSID>15</CLASSID>
		<CLASSINFO>C 1</CLASSINFO>
		<VALUES>[0.13926888561785916, 0.003290458704687775, 0.1309540775582886, 0.004178723516315059, 0.10207597712964507, 0.006289839256952167, 0.08101392348058688, 0.013164626202087235, 0.030182446536153214, 0.016037642693347152, 0.01670491791568525, 0.012329074173031975]</VALUES>
		<LCS_MIN>[0.11732007563114166, 0.0943378359079361, 0.07583662867546082, 0.06461874395608902, 0.012590214610099792, 0.0]</LCS_MIN>
		<LCS_MAX>[0.14799658954143524, 0.14331719279289246, 0.12029820680618286, 0.1360807716846466, 0.08671596646308899, 0.07602716237306595]</LCS_MAX>
		<WAVELENGTH>[0.485, 0.56, 0.66, 0.83, 1.65, 2.215]</WAVELENGTH>
		<MEAN_VALUE>[0.13926888561785916, 0.1309540775582886, 0.10207597712964507, 0.08101392348058688, 0.030182446536153214, 0.01670491791568525]</MEAN_VALUE>
		<CHECKBOX>2</CHECKBOX>
		<SD>[0.003290458704687775, 0.004178723516315059, 0.006289839256952167, 0.013164626202087235, 0.016037642693347152, 0.012329074173031975]</SD>
		<WAVELENGTH_UNIT>E-6m</WAVELENGTH_UNIT>
		<COLOR>#e65f9d</COLOR>
		<COVARIANCE_MATRIX>[[1.0833417036337778e-05, 8.709288522368297e-06, -4.212842213746626e-06, -2.3727849111310206e-05, -2.5420586098334752e-05, -1.7754658983903937e-05], [8.709288522368297e-06, 1.7471887986175716e-05, 2.8462748105084756e-06, -2.7612219128059223e-05, -3.424028182053007e-05, -2.3767301172483712e-05], [-4.212842213746626e-06, 2.8462748105084756e-06, 3.9585091144545004e-05, 3.887790808221325e-05, 3.2833864679560065e-05, 2.453093657095451e-05], [-2.3727849111310206e-05, -2.7612219128059223e-05, 3.887790808221325e-05, 0.00017340820340905339, 0.00019151745073031634, 0.0001401055633323267], [-2.5420586098334752e-05, -3.424028182053007e-05, 3.2833864679560065e-05, 0.00019151745073031634, 0.0002573555975686759, 0.00018599795293994248], [-1.7754658983903937e-05, -2.3767301172483712e-05, 2.453093657095451e-05, 0.0001401055633323267, 0.00018599795293994248, 0.000152094493387267]]</COVARIANCE_MATRIX>
		<ROI_SIZE>1720</ROI_SIZE>
		<MAX_VALUE>[0.14799658954143524, 0.14331719279289246, 0.12029820680618286, 0.1360807716846466, 0.08671596646308899, 0.07602716237306595]</MAX_VALUE>
		<MIN_VALUE>[0.11732007563114166, 0.0943378359079361, 0.07583662867546082, 0.06461874395608902, 0.012590214610099792, 0.0]</MIN_VALUE>
		<SIGNATURE_THRESHOLD_MD>0.0</SIGNATURE_THRESHOLD_MD>
		<SIGNATURE_THRESHOLD_ML>0.0</SIGNATURE_THRESHOLD_ML>
		<SIGNATURE_THRESHOLD_SAM>0.0</SIGNATURE_THRESHOLD_SAM>
	</signature>
	<signature ID="20200826_152845880544_444">
		<MACROCLASSID>1</MACROCLASSID>
		<MACROCLASSINFO>MC 1</MACROCLASSINFO>
		<CLASSID>16</CLASSID>
		<CLASSINFO>C 1</CLASSINFO>
		<VALUES>[0.1288804954716137, 0.007054537206504541, 0.12215927680973078, 0.01089977055996052, 0.09815687809131997, 0.012574538613736027, 0.1042160336340457, 0.02143280020410042, 0.03885540262734149, 0.017354699400772472, 0.020685532676539477, 0.012256661157725342]</VALUES>
		<LCS_MIN>[0.1155155673623085, 0.10187312215566635, 0.07583662867546082, 0.07255896180868149, 0.017702335491776466, 0.0026125344447791576]</LCS_MIN>
		<LCS_MAX>[0.14438758790493011, 0.13954958319664001, 0.12347403168678284, 0.15593135356903076, 0.08927202224731445, 0.07235643267631531]</LCS_MAX>
		<WAVELENGTH>[0.485, 0.56, 0.66, 0.83, 1.65, 2.215]</WAVELENGTH>
		<MEAN_VALUE>[0.1288804954716137, 0.12215927680973078, 0.09815687809131997, 0.1042160336340457, 0.03885540262734149, 0.020685532676539477]</MEAN_VALUE>
		<CHECKBOX>2</CHECKBOX>
		<SD>[0.007054537206504541, 0.01089977055996052, 0.012574538613736027, 0.02143280020410042, 0.017354699400772472, 0.012256661157725342]</SD>
