<?xml version="1.0" ?>
<signaturelist MCID_LIST="[['1', 'waterbody', '#0000ff'], ['2', 'vegetation', '#00ff00'], ['3', 'bare land', '#ff5500'], ['4', 'built-up', '#ff0000']]">
	<signature ID="20200805_064229991843_423">
		<MACROCLASSID>1</MACROCLASSID>
		<MACROCLASSINFO>waterbody</MACROCLASSINFO>
		<CLASSID>1</CLASSID>
		<CLASSINFO>C 1</CLASSINFO>
		<VALUES>[0.13945060232893017, 0.003021022619798288, 0.1337445595612129, 0.005468444540068964, 0.12531685814834556, 0.009028584406119798, 0.12657189536362123, 0.013897469735134256, 0.044677816116465964, 0.01615804920570675, 0.024842867574009758, 0.011621100418008356]</VALUES>
		<LCS_MIN>[0.1277647763490677, 0.11445005983114243, 0.09595975279808044, 0.10147937387228012, 0.017901603132486343, 0.006353993900120258]</LCS_MIN>
		<LCS_MAX>[0.14601290225982666, 0.14112044870853424, 0.13771025836467743, 0.1657162308692932, 0.07993758469820023, 0.058322712779045105]</LCS_MAX>
		<WAVELENGTH>[0.485, 0.56, 0.66, 0.83, 1.65, 2.215]</WAVELENGTH>
		<MEAN_VALUE>[0.13945060232893017, 0.1337445595612129, 0.12531685814834556, 0.12657189536362123, 0.044677816116465964, 0.024842867574009758]</MEAN_VALUE>
		<CHECKBOX>2</CHECKBOX>
		<SD>[0.003021022619798288, 0.005468444540068964, 0.009028584406119798, 0.013897469735134256, 0.01615804920570675, 0.011621100418008356]</SD>
		<WAVELENGTH_UNIT>E-6m</WAVELENGTH_UNIT>
		<COLOR>#87a935</COLOR>
		<COVARIANCE_MATRIX>[[9.185459020955022e-06, 1.0359957741457038e-05, 1.6338250134140253e-05, -1.586965299793519e-05, -1.228250766871497e-05, -1.7388301785103977e-06], [1.0359957741457038e-05, 3.009681313415058e-05, 4.5360262447502464e-05, -3.1432056857738644e-05, -3.237815690226853e-05, -7.647101483598817e-06], [1.6338250134140253e-05, 4.5360262447502464e-05, 8.204123878385872e-05, -5.061880074208602e-05, -4.749989602714777e-05, -9.812361895455979e-06], [-1.586965299793519e-05, -3.1432056857738644e-05, -5.061880074208602e-05, 0.00019438572053331882, 0.00018873832596000284, 9.872140799416229e-05], [-1.228250766871497e-05, -3.237815690226853e-05, -4.749989602714777e-05, 0.00018873832596000284, 0.00026276696007698774, 0.0001526586274849251], [-1.7388301785103977e-06, -7.647101483598817e-06, -9.812361895455979e-06, 9.872140799416229e-05, 0.0001526586274849251, 0.00013592126197181642]]</COVARIANCE_MATRIX>
		<ROI_SIZE>156</ROI_SIZE>
		<MAX_VALUE>[0.14601290225982666, 0.14112044870853424, 0.13771025836467743, 0.1657162308692932, 0.07993758469820023, 0.058322712779045105]</MAX_VALUE>
		<MIN_VALUE>[0.1277647763490677, 0.11445005983114243, 0.09595975279808044, 0.10147937387228012, 0.017901603132486343, 0.006353993900120258]</MIN_VALUE>
		<SIGNATURE_THRESHOLD_MD>0.0</SIGNATURE_THRESHOLD_MD>
		<SIGNATURE_THRESHOLD_ML>0.0</SIGNATURE_THRESHOLD_ML>
		<SIGNATURE_THRESHOLD_SAM>0.0</SIGNATURE_THRESHOLD_SAM>
	</signature>
	<signature ID="20200805_064246011847_474">
		<MACROCLASSID>1</MACROCLASSID>
		<MACROCLASSINFO>waterbody</MACROCLASSINFO>
		<CLASSID>2</CLASSID>
		<CLASSINFO>C 1</CLASSINFO>
		<VALUES>[0.1244683330578189, 0.002983010085165918, 0.0984723983753112, 0.0050675056295035326, 0.07627590024663554, 0.006763371665470581, 0.1649391752096914, 0.020859521591223354, 0.08477372291588016, 0.016927512365548972, 0.041438870492481426, 0.011994699023367266]</VALUES>
		<LCS_MIN>[0.12046550959348679, 0.09158971905708313, 0.06705557554960251, 0.12958300113677979, 0.048919595777988434, 0.021202201023697853]</LCS_MIN>
		<LCS_MAX>[0.13323920965194702, 0.11445005983114243, 0.09595975279808044, 0.19783465564250946, 0.12129490077495575, 0.07317092269659042]</LCS_MAX>
		<WAVELENGTH>[0.485, 0.56, 0.66, 0.83, 1.65, 2.215]</WAVELENGTH>
		<MEAN_VALUE>[0.1244683330578189, 0.0984723983753112, 0.07627590024663554, 0.1649391752096914, 0.08477372291588016, 0.041438870492481426]</MEAN_VALUE>
		<CHECKBOX>2</CHECKBOX>
		<SD>[0.002983010085165918, 0.0050675056295035326, 0.006763371665470581, 0.020859521591223354, 0.016927512365548972, 0.011994699023367266]</SD>
		<WAVELENGTH_UNIT>E-6m</WAVELENGTH_UNIT>
		<COLOR>#4869c3</COLOR>
		<COVARIANCE_MATRIX>[[9.194960512104444e-06, 1.2320396308496129e-05, 1.6951433281064965e-05, -2.1584714886557776e-06, 1.1599396202655043e-05, 2.4225473680417053e-05], [1.2320396308496129e-05, 2.6535601136856712e-05, 3.1090690754354e-05, 1.0625388313201256e-05, 3.1588882848154753e-05, 4.606401489581913e-05], [1.6951433281064965e-05, 3.1090690754354e-05, 4.7267971240216866e-05, 1.0412095434730873e-05, 3.832026413874701e-05, 6.469676009146497e-05], [-2.1584714886557776e-06, 1.0625388313201256e-05, 1.0412095434730873e-05, 0.00044962362153455615, 0.0002619393926579505, 0.0001096423584385775], [1.1599396202655043e-05, 3.1588882848154753e-05, 3.832026413874701e-05, 0.0002619393926579505, 0.00029609203920699656, 0.00015889579663053155], [2.4225473680417053e-05, 4.606401489581913e-05, 6.469676009146497e-05, 0.0001096423584385775, 0.00015889579663053155, 0.00014866856508888304]]</COVARIANCE_MATRIX>
		<ROI_SIZE>31</ROI_SIZE>
		<MAX_VALUE>[0.13323920965194702, 0.11445005983114243, 0.09595975279808044, 0.19783465564250946, 0.12129490077495575, 0.07317092269659042]</MAX_VALUE>
		<MIN_VALUE>[0.12046550959348679, 0.09158971905708313, 0.06705557554960251, 0.12958300113677979, 0.048919595777988434, 0.021202201023697853]</MIN_VALUE>
		<SIGNATURE_THRESHOLD_MD>0.0</SIGNATURE_THRESHOLD_MD>
		<SIGNATURE_THRESHOLD_ML>0.0</SIGNATURE_THRESHOLD_ML>
		<SIGNATURE_THRESHOLD_SAM>0.0</SIGNATURE_THRESHOLD_SAM>
	</signature>
	<signature ID="20200805_064301102938_190">
		<MACROCLASSID>1</MACROCLASSID>
		<MACROCLASSINFO>waterbody</MACROCLASSINFO>
		<CLASSID>3</CLASSID>
		<CLASSINFO>C 1</CLASSINFO>
		<VALUES>[0.11924897100742872, 0.0032893489330175886, 0.09334028331009116, 0.0047368250358268945, 0.06763423006008339, 0.007203241742904275, 0.16401627203365704, 0.018858451973184105, 0.07155434357690378, 0.01923144125432522, 0.032070821469968515, 0.012632102043753233]</VALUES>
		<LCS_MIN>[0.11316625773906708, 0.0839696079492569, 0.05742083862423897, 0.12155339121818542, 0.0385802686214447, 0.010066046379506588]</LCS_MIN>
		<LCS_MAX>[0.1350640207529068, 0.11063999682664871, 0.09595975279808044, 0.19381986558437347, 0.1290494203567505, 0.0768829733133316]</LCS_MAX>
		<WAVELENGTH>[0.485, 0.56, 0.66, 0.83, 1.65, 2.215]</WAVELENGTH>
		<MEAN_VALUE>[0.11924897100742872, 0.09334028331009116, 0.06763423006008339, 0.16401627203365704, 0.07155434357690378, 0.032070821469968515]</MEAN_VALUE>
		<CHECKBOX>2</CHECKBOX>
		<SD>[0.0032893489330175886, 0.0047368250358268945, 0.007203241742904275, 0.018858451973184105, 0.01923144125432522, 0.012632102043753233]</SD>
		<WAVELENGTH_UNIT>E-6m</WAVELENGTH_UNIT>
		<COLOR>#e0c5e2</COLOR>
		<COVARIANCE_MATRIX>[[1.0918178304564208e-05, 1.1503454516059719e-05, 1.9677161617437378e-05, 2.109080014633946e-06, 3.383259172551334e-05, 2.812153979903087e-05], [1.1503454516059719e-05, 2.2641488612862304e-05, 2.923478496086318e-05, 1.3571538147516549e-05, 5.9395017160568386e-05, 4.547343269223347e-05], [1.9677161617437378e-05, 2.923478496086318e-05, 5.2358387620188296e-05, 2.2820420326752355e-06, 8.443755359621719e-05, 7.092679879860952e-05], [2.109080014633946e-06, 1.3571538147516549e-05, 2.2820420326752355e-06, 0.0003588742983993143, 0.00021619057224597782, 0.0001002051358227618], [3.383259172551334e-05, 5.9395017160568386e-05, 8.443755359621719e-05, 0.00021619057224597782, 0.0003732105833478272, 0.00021912036754656583], [2.812153979903087e-05, 4.547343269223347e-05, 7.092679879860952e-05, 0.0001002051358227618, 0.00021912036754656583, 0.00016102063818834722]]</COVARIANCE_MATRIX>
		<ROI_SIZE>111</ROI_SIZE>
		<MAX_VALUE>[0.1350640207529068, 0.11063999682664871, 0.09595975279808044, 0.19381986558437347, 0.1290494203567505, 0.0768829733133316]</MAX_VALUE>
		<MIN_VALUE>[0.11316625773906708, 0.0839696079492569, 0.05742083862423897, 0.12155339121818542, 0.0385802686214447, 0.010066046379506588]</MIN_VALUE>
		<SIGNATURE_THRESHOLD_MD>0.0</SIGNATURE_THRESHOLD_MD>
		<SIGNATURE_THRESHOLD_ML>0.0</SIGNATURE_THRESHOLD_ML>
		<SIGNATURE_THRESHOLD_SAM>0.0</SIGNATURE_THRESHOLD_SAM>
	</signature>
	<signature ID="20200805_064313687181_451">
		<MACROCLASSID>1</MACROCLASSID>
		<MACROCLASSINFO>waterbody</MACROCLASSINFO>
		<CLASSID>4</CLASSID>
		<CLASSINFO>C 1</CLASSINFO>
		<VALUES>[0.13929427850556056, 0.005302037393393542, 0.11675917576530792, 0.007566945781911847, 0.08768056066972868, 0.007474827412115597, 0.12368245353494893, 0.01720565452311517, 0.03934676067911704, 0.013493690181065266, 0.018783743991173843, 0.008563729096433785]</VALUES>
		<LCS_MIN>[0.1277647763490677, 0.09539976716041565, 0.07347871363162994, 0.09746456891298294, 0.020486436784267426, 0.006353993900120258]</LCS_MIN>
		<LCS_MAX>[0.16061143577098846, 0.13731037080287933, 0.11201763898134232, 0.16170142590999603, 0.07735274732112885, 0.054610662162303925]</LCS_MAX>
		<WAVELENGTH>[0.485, 0.56, 0.66, 0.83, 1.65, 2.215]</WAVELENGTH>
		<MEAN_VALUE>[0.13929427850556056, 0.11675917576530792, 0.08768056066972868, 0.12368245353494893, 0.03934676067911704, 0.018783743991173843]</MEAN_VALUE>
		<CHECKBOX>2</CHECKBOX>
		<SD>[0.005302037393393542, 0.007566945781911847, 0.007474827412115597, 0.01720565452311517, 0.013493690181065266, 0.008563729096433785]</SD>
		<WAVELENGTH_UNIT>E-6m</WAVELENGTH_UNIT>
		<COLOR>#2f3f02</COLOR>
		<COVARIANCE_MATRIX>[[2.8172580641694367e-05, 3.375139203853905e-05, 3.395490784896538e-05, -3.5909110920329113e-06, 1.5280193110811524e-05, 1.3470804333337583e-05], [3.375139203853905e-05, 5.73828729102388e-05, 4.936499317409471e-05, -1.839858668972738e-05, 1.5273913959390484e-05, 1.7684249542071484e-05], [3.395490784896538e-05, 4.936499317409471e-05, 5.5994245485635474e-05, 5.078964477434056e-06, 3.338876922498457e-05, 2.774913446046412e-05], [-3.5909110920329113e-06, -1.839858668972738e-05, 5.078964477434056e-06, 0.0002966767060570419, 0.00018651191203389317, 9.70360852079466e-05], [1.5280193110811524e-05, 1.5273913959390484e-05, 3.338876922498457e-05, 0.00018651191203389317, 0.0001824746432248503, 0.00010074278543470427], [1.3470804333337583e-05, 1.7684249542071484e-05, 2.774913446046412e-05, 9.70360852079466e-05, 0.00010074278543470427, 7.349653606070206e-05]]</COVARIANCE_MATRIX>
		<ROI_SIZE>462</ROI_SIZE>
		<MAX_VALUE>[0.16061143577098846, 0.13731037080287933, 0.11201763898134232, 0.16170142590999603, 0.07735274732112885, 0.054610662162303925]</MAX_VALUE>
		<MIN_VALUE>[0.1277647763490677, 0.09539976716041565, 0.07347871363162994, 0.09746456891298294, 0.020486436784267426, 0.006353993900120258]</MIN_VALUE>
		<SIGNATURE_THRESHOLD_MD>0.0</SIGNATURE_THRESHOLD_MD>
		<SIGNATURE_THRESHOLD_ML>0.0</SIGNATURE_THRESHOLD_ML>
		<SIGNATURE_THRESHOLD_SAM>0.0</SIGNATURE_THRESHOLD_SAM>
	</signature>
	<signature ID="20200805_064322275698_664">
		<MACROCLASSID>1</MACROCLASSID>
		<MACROCLASSINFO>waterbody</MACROCLASSINFO>
		<CLASSID>5</CLASSID>
		<CLASSINFO>C 1</CLASSINFO>
		<VALUES>[0.1262117421373408, 0.00191864202808738, 0.10545183591386106, 0.004115996766857895, 0.07976521187006161, 0.003626071278303035, 0.15606361897067822, 0.024409292892778572, 0.060193862607504464, 0.016395027673444574, 0.027678547308165977, 0.008474060356636354]</VALUES>
		<LCS_MIN>[0.12229032814502716, 0.09158971905708313, 0.06705557554960251, 0.11753859370946884, 0.030825767666101456, 0.013778099790215492]</LCS_MIN>
		<LCS_MAX>[0.12958958745002747, 0.11445005983114243, 0.0863250195980072, 0.20184949040412903, 0.09027691930532455, 0.04347451403737068]</LCS_MAX>
		<WAVELENGTH>[0.485, 0.56, 0.66, 0.83, 1.65, 2.215]</WAVELENGTH>
		<MEAN_VALUE>[0.1262117421373408, 0.10545183591386106, 0.07976521187006161, 0.15606361897067822, 0.060193862607504464, 0.027678547308165977]</MEAN_VALUE>
		<CHECKBOX>2</CHECKBOX>
		<SD>[0.00191864202808738, 0.004115996766857895, 0.003626071278303035, 0.024409292892778572, 0.016395027673444574, 0.008474060356636354]</SD>
		<WAVELENGTH_UNIT>E-6m</WAVELENGTH_UNIT>
		<COLOR>#769168</COLOR>
		<COVARIANCE_MATRIX>[[3.7612130654451903e-06, 5.0681715038081165e-06, 5.006661012885161e-06, -2.232450424344279e-05, -8.667935617268085e-06, -1.9456840618659044e-06], [5.0681715038081165e-06, 1.7309721442870796e-05, 1.17778436106164e-05, -4.2854608182096854e-05, -2.4803106498438865e-05, -8.406067536270712e-06], [5.006661012885161e-06, 1.17778436106164e-05, 1.343422718491638e-05, -5.0400489271851256e-05, -2.224709533038549e-05, -5.8339483075542375e-06], [-2.232450424344279e-05, -4.2854608182096854e-05, -5.0400489271851256e-05, 0.0006087660440243781, 0.00032799344626255333, 0.0001283449964830652], [-8.667935617268085e-06, -2.4803106498438865e-05, -2.224709533038549e-05, 0.00032799344626255333, 0.00027464033337309957, 0.00012438924750313163], [-1.9456840618659044e-06, -8.406067536270712e-06, -5.8339483075542375e-06, 0.0001283449964830652, 0.00012438924750313163, 7.337077840929851e-05]]</COVARIANCE_MATRIX>
		<ROI_SIZE>47</ROI_SIZE>
		<MAX_VALUE>[0.12958958745002747, 0.11445005983114243, 0.0863250195980072, 0.20184949040412903, 0.09027691930532455, 0.04347451403737068]</MAX_VALUE>
		<MIN_VALUE>[0.12229032814502716, 0.09158971905708313, 0.06705557554960251, 0.11753859370946884, 0.030825767666101456, 0.013778099790215492]</MIN_VALUE>
		<SIGNATURE_THRESHOLD_MD>0.0</SIGNATURE_THRESHOLD_MD>
		<SIGNATURE_THRESHOLD_ML>0.0</SIGNATURE_THRESHOLD_ML>
		<SIGNATURE_THRESHOLD_SAM>0.0</SIGNATURE_THRESHOLD_SAM>
	</signature>
	<signature ID="20200805_064331790093_685">
		<MACROCLASSID>1</MACROCLASSID>
		<MACROCLASSINFO>waterbody</MACROCLASSINFO>
		<CLASSID>6</CLASSID>
		<CLASSINFO>C 1</CLASSINFO>
		<VALUES>[0.12513170815448593, 0.0025191707097127407, 0.09515330538471165, 0.0027074130774115863, 0.06614880346589617, 0.0024170189126868436, 0.08387717150457921, 0.01197645201714577, 0.020842489636187022, 0.007211598026255185, 0.009204039068239106, 0.004327944516076665]</VALUES>
		<LCS_MIN>[0.11681588739156723, 0.0839696079492569, 0.05742083862423897, 0.06936094164848328, 0.010147105902433395, 0.0]</LCS_MIN>
		<LCS_MAX>[0.13323920965194702, 0.10301988571882248, 0.08311343938112259, 0.1255681812763214, 0.06442858278751373, 0.03233835846185684]</LCS_MAX>
		<WAVELENGTH>[0.485, 0.56, 0.66, 0.83, 1.65, 2.215]</WAVELENGTH>
		<MEAN_VALUE>[0.12513170815448593, 0.09515330538471165, 0.06614880346589617, 0.08387717150457921, 0.020842489636187022, 0.009204039068239106]</MEAN_VALUE>
		<CHECKBOX>2</CHECKBOX>
		<SD>[0.0025191707097127407, 0.0027074130774115863, 0.0024170189126868436, 0.01197645201714577, 0.007211598026255185, 0.004327944516076665]</SD>
		<WAVELENGTH_UNIT>E-6m</WAVELENGTH_UNIT>
		<COLOR>#455415</COLOR>
		<COVARIANCE_MATRIX>[[6.745247901562834e-06, 3.2119376101036323e-06, 2.460011273797136e-06, -5.292378318699775e-06, -1.7170741557492875e-06, -6.742791356373345e-07], [3.2119376101036323e-06, 7.418474979203893e-06, 3.0729850095667643e-06, -3.02299190479971e-06, 5.032914600633376e-07, 3.8351365105881996e-07], [2.460011273797136e-06, 3.0729850095667643e-06, 6.372294137690915e-06, 4.824949883186491e-06, 4.779760274686851e-06, 2.6515492663747864e-06], [-5.292378318699775e-06, -3.02299190479971e-06, 4.824949883186491e-06, 0.00013977520575281233, 6.558747554663569e-05, 2.661375401658006e-05], [-1.7170741557492875e-06, 5.032914600633376e-07, 4.779760274686851e-06, 6.558747554663569e-05, 5.2759252866962925e-05, 2.1407573512988165e-05], [-6.742791356373345e-07, 3.8351365105881996e-07, 2.6515492663747864e-06, 2.661375401658006e-05, 2.1407573512988165e-05, 1.8685379473026842e-05]]</COVARIANCE_MATRIX>
		<ROI_SIZE>2301</ROI_SIZE>
		<MAX_VALUE>[0.13323920965194702, 0.10301988571882248, 0.08311343938112259, 0.1255681812763214, 0.06442858278751373, 0.03233835846185684]</MAX_VALUE>
		<MIN_VALUE>[0.11681588739156723, 0.0839696079492569, 0.05742083862423897, 0.06936094164848328, 0.010147105902433395, 0.0]</MIN_VALUE>
		<SIGNATURE_THRESHOLD_MD>0.0</SIGNATURE_THRESHOLD_MD>
		<SIGNATURE_THRESHOLD_ML>0.0</SIGNATURE_THRESHOLD_ML>
		<SIGNATURE_THRESHOLD_SAM>0.0</SIGNATURE_THRESHOLD_SAM>
	</signature>
	<signature ID="20200805_064434275329_515">
		<MACROCLASSID>1</MACROCLASSID>
		<MACROCLASSINFO>waterbody</MACROCLASSINFO>
		<CLASSID>7</CLASSID>
		<CLASSINFO>C 1</CLASSINFO>
		<VALUES>[0.12853800012903702, 0.00299005421036381, 0.10553839714345287, 0.0035499853862191537, 0.082950150436264, 0.0049972194007227785, 0.12284629589925378, 0.017654628447224367, 0.04072698704519514, 0.01716004949779866, 0.02095053747485755, 0.01101733148288366]</VALUES>
		<LCS_MIN>[0.12411513924598694, 0.09920983016490936, 0.07026714086532593, 0.10147937387228012, 0.02307126857340336, 0.006353993900120258]</LCS_MIN>
		<LCS_MAX>[0.13688883185386658, 0.11445005983114243, 0.09595975279808044, 0.15768662095069885, 0.07993758469820023, 0.04718656465411186]</LCS_MAX>
		<WAVELENGTH>[0.485, 0.56, 0.66, 0.83, 1.65, 2.215]</WAVELENGTH>
		<MEAN_VALUE>[0.12853800012903702, 0.10553839714345287, 0.082950150436264, 0.12284629589925378, 0.04072698704519514, 0.02095053747485755]</MEAN_VALUE>
		<CHECKBOX>2</CHECKBOX>
		<SD>[0.00299005421036381, 0.0035499853862191537, 0.0049972194007227785, 0.017654628447224367, 0.01716004949779866, 0.01101733148288366]</SD>
		<WAVELENGTH_UNIT>E-6m</WAVELENGTH_UNIT>
		<COLOR>#3ed0ed</COLOR>
		<COVARIANCE_MATRIX>[[9.094569577428047e-06, 4.851810444961302e-06, 9.525494533590972e-06, 2.3235512344399467e-05, 2.604320616228506e-05, 1.6431702533736825e-05], [4.851810444961302e-06, 1.2819678886444308e-05, 1.0333968020859174e-05, 2.1742489479947835e-05, 2.4894296075217426e-05, 1.7470189050072804e-05], [9.525494533590972e-06, 1.0333968020859174e-05, 2.5402756364201196e-05, 4.667709072236903e-05, 5.159620923222974e-05, 3.3461830753367394e-05], [2.3235512344399467e-05, 2.1742489479947835e-05, 4.667709072236903e-05, 0.000317059806548059, 0.00028578113415278494, 0.00017171732906717807], [2.604320616228506e-05, 2.4894296075217426e-05, 5.159620923222974e-05, 0.00028578113415278494, 0.0002995443355757743, 0.00018186257511842996], [1.6431702533736825e-05, 1.7470189050072804e-05, 3.3461830753367394e-05, 0.00017171732906717807, 0.00018186257511842996, 0.00012347438314463943]]</COVARIANCE_MATRIX>
		<ROI_SIZE>59</ROI_SIZE>
		<MAX_VALUE>[0.13688883185386658, 0.11445005983114243, 0.09595975279808044, 0.15768662095069885, 0.07993758469820023, 0.04718656465411186]</MAX_VALUE>
		<MIN_VALUE>[0.12411513924598694, 0.09920983016490936, 0.07026714086532593, 0.10147937387228012, 0.02307126857340336, 0.006353993900120258]</MIN_VALUE>
		<SIGNATURE_THRESHOLD_MD>0.0</SIGNATURE_THRESHOLD_MD>
		<SIGNATURE_THRESHOLD_ML>0.0</SIGNATURE_THRESHOLD_ML>
		<SIGNATURE_THRESHOLD_SAM>0.0</SIGNATURE_THRESHOLD_SAM>
	</signature>
	<signature ID="20200805_064454703127_877">
		<MACROCLASSID>1</MACROCLASSID>
		<MACROCLASSINFO>waterbody</MACROCLASSINFO>
		<CLASSID>8</CLASSID>
		<CLASSINFO>C 1</CLASSINFO>
		<VALUES>[0.12212148380343175, 0.0032614123631411907, 0.1127958633933628, 0.007097208410623599, 0.08985661667542952, 0.008497485130552722, 0.08697749761818138, 0.013739048108691075, 0.033990115318381094, 0.013416902815973263, 0.02029070161776851, 0.010277546377675412]</VALUES>
		<LCS_MIN>[0.10951662063598633, 0.08777966350317001, 0.06705557554960251, 0.0653461366891861, 0.012731938622891903, 0.0026419430505484343]</LCS_MIN>
		<LCS_MAX>[0.13323920965194702, 0.133500337600708, 0.12486393749713898, 0.11753859370946884, 0.0695982575416565, 0.05089861527085304]</LCS_MAX>
		<WAVELENGTH>[0.485, 0.56, 0.66, 0.83, 1.65, 2.215]</WAVELENGTH>
		<MEAN_VALUE>[0.12212148380343175, 0.1127958633933628, 0.08985661667542952, 0.08697749761818138, 0.033990115318381094, 0.02029070161776851]</MEAN_VALUE>
		<CHECKBOX>2</CHECKBOX>
		<SD>[0.0032614123631411907, 0.007097208410623599, 0.008497485130552722, 0.013739048108691075, 0.013416902815973263, 0.010277546377675412]</SD>
		<WAVELENGTH_UNIT>E-6m</WAVELENGTH_UNIT>
		<COLOR>#4ab37a</COLOR>
		<COVARIANCE_MATRIX>[[1.2510256055975333e-05, 1.9549112039385363e-05, 2.1452218788908795e-05, 1.351926243842172e-06, 6.691730050079059e-06, 8.475403774355073e-06], [1.9549112039385363e-05, 5.259442332317121e-05, 4.948399873683229e-05, -3.2473308237968013e-06, 8.916012120607775e-06, 1.3494681297743227e-05], [2.1452218788908795e-05, 4.948399873683229e-05, 7.222733984235674e-05, 3.294913040008396e-05, 3.83236474590376e-05, 3.560629556886852e-05], [1.351926243842172e-06, -3.2473308237968013e-06, 3.294913040008396e-05, 0.00018635230662766844, 0.00014495851064566523, 0.0001012195716612041], [6.691730050079059e-06, 8.916012120607775e-06, 3.83236474590376e-05, 0.00014495851064566523, 0.00016984761168714613, 0.00011143403389723971], [8.475403774355073e-06, 1.3494681297743227e-05, 3.560629556886852e-05, 0.0001012195716612041, 0.00011143403389723971, 0.00010041627683676779]]</COVARIANCE_MATRIX>
		<ROI_SIZE>476</ROI_SIZE>
		<MAX_VALUE>[0.13323920965194702, 0.133500337600708, 0.12486393749713898, 0.11753859370946884, 0.0695982575416565, 0.05089861527085304]</MAX_VALUE>
		<MIN_VALUE>[0.10951662063598633, 0.08777966350317001, 0.06705557554960251, 0.0653461366891861, 0.012731938622891903, 0.0026419430505484343]</MIN_VALUE>
		<SIGNATURE_THRESHOLD_MD>0.0</SIGNATURE_THRESHOLD_MD>
		<SIGNATURE_THRESHOLD_ML>0.0</SIGNATURE_THRESHOLD_ML>
		<SIGNATURE_THRESHOLD_SAM>0.0</SIGNATURE_THRESHOLD_SAM>
	</signature>
	<signature ID="20200805_064501539689_507">
		<MACROCLASSID>1</MACROCLASSID>
		<MACROCLASSINFO>waterbody</MACROCLASSINFO>
		<CLASSID>9</CLASSID>
		<CLASSINFO>C 1</CLASSINFO>
		<VALUES>[0.10794644392738047, 0.0024759635141366728, 0.08515102144821667, 0.0033477968606294094, 0.05968636880780375, 0.0034724276184930846, 0.07552319638026779, 0.012173875687625997, 0.024213403268435664, 0.0109660754085408, 0.011533601637279916, 0.006510665220916098]</VALUES>
		<LCS_MIN>[0.10039255768060684, 0.07634950429201126, 0.05099767819046974, 0.061331331729888916, 0.010147105902433395, 0.0026419430505484343]</LCS_MIN>
		<LCS_MAX>[0.11499107629060745, 0.09539976716041565, 0.07026714086532593, 0.11352378129959106, 0.06442858278751373, 0.03605040907859802]</LCS_MAX>
		<WAVELENGTH>[0.485, 0.56, 0.66, 0.83, 1.65, 2.215]</WAVELENGTH>
		<MEAN_VALUE>[0.10794644392738047, 0.08515102144821667, 0.05968636880780375, 0.07552319638026779, 0.024213403268435664, 0.011533601637279916]</MEAN_VALUE>
		<CHECKBOX>2</CHECKBOX>
		<SD>[0.0024759635141366728, 0.0033477968606294094, 0.0034724276184930846, 0.012173875687625997, 0.0109660754085408, 0.006510665220916098]</SD>
		<WAVELENGTH_UNIT>E-6m</WAVELENGTH_UNIT>
		<COLOR>#d802d4</COLOR>
		<COVARIANCE_MATRIX>[[6.17828891336103e-06, 3.281784074715688e-06, 3.4477448025427293e-06, -1.5042013501442852e-07, 4.681697191699641e-06, 2.6927830276690656e-06], [3.281784074715688e-06, 1.129530392063316e-05, 8.009312296053395e-06, 4.971964699507225e-06, 1.3720415154239163e-05, 1.0517403097765055e-05], [3.4477448025427293e-06, 8.009312296053395e-06, 1.2151955161243677e-05, 1.635159060242586e-05, 2.2037005692254752e-05, 1.4624691175413318e-05], [-1.5042013501442852e-07, 4.971964699507225e-06, 1.635159060242586e-05, 0.00014936109073460102, 0.00010503355588298291, 5.375860200729221e-05], [4.681697191699641e-06, 1.3720415154239163e-05, 2.2037005692254752e-05, 0.00010503355588298291, 0.00012119430175516754, 5.925419827690348e-05], [2.6927830276690656e-06, 1.0517403097765055e-05, 1.4624691175413318e-05, 5.375860200729221e-05, 5.925419827690348e-05, 4.2719922930700704e-05]]</COVARIANCE_MATRIX>
		<ROI_SIZE>129</ROI_SIZE>
		<MAX_VALUE>[0.11499107629060745, 0.09539976716041565, 0.07026714086532593, 0.11352378129959106, 0.06442858278751373, 0.03605040907859802]</MAX_VALUE>
		<MIN_VALUE>[0.10039255768060684, 0.07634950429201126, 0.05099767819046974, 0.061331331729888916, 0.010147105902433395, 0.0026419430505484343]</MIN_VALUE>
		<SIGNATURE_THRESHOLD_MD>0.0</SIGNATURE_THRESHOLD_MD>
		<SIGNATURE_THRESHOLD_ML>0.0</SIGNATURE_THRESHOLD_ML>
		<SIGNATURE_THRESHOLD_SAM>0.0</SIGNATURE_THRESHOLD_SAM>
	</signature>
	<signature ID="20200805_064510394184_945">
		<MACROCLASSID>1</MACROCLASSID>
		<MACROCLASSINFO>waterbody</MACROCLASSINFO>
		<CLASSID>10</CLASSID>
		<CLASSINFO>C 1</CLASSINFO>
		<VALUES>[0.11294506986935933, 0.004135858712653309, 0.09505340434385069, 0.005733421849250924, 0.07357604113040546, 0.007603463113445566, 0.1587815715959578, 0.031228202514781936, 0.08573387563228606, 0.018465214361783316, 0.044711862380305924, 0.011401706327721363]</VALUES>
		<LCS_MIN>[0.10586701333522797, 0.08777966350317001, 0.060632411390542984, 0.1054941788315773, 0.048919595777988434, 0.024914251640439034]</LCS_MIN>
		<LCS_MAX>[0.12046550959348679, 0.1068299412727356, 0.08953660726547241, 0.20586426556110382, 0.11871007829904556, 0.07317092269659042]</LCS_MAX>
		<WAVELENGTH>[0.485, 0.56, 0.66, 0.83, 1.65, 2.215]</WAVELENGTH>
		<MEAN_VALUE>[0.11294506986935933, 0.09505340434385069, 0.07357604113040546, 0.1587815715959578, 0.08573387563228606, 0.044711862380305924]</MEAN_VALUE>
		<CHECKBOX>2</CHECKBOX>
		<SD>[0.004135858712653309, 0.005733421849250924, 0.007603463113445566, 0.031228202514781936, 0.018465214361783316, 0.011401706327721363]</SD>
		<WAVELENGTH_UNIT>E-6m</WAVELENGTH_UNIT>
		<COLOR>#be5ee1</COLOR>
		<COVARIANCE_MATRIX>[[1.763986801961437e-05, 1.8388938769930974e-05, 2.529570701881312e-05, -4.32499437010847e-05, -9.290732123190537e-06, 1.2983114174858201e-05], [1.8388938769930974e-05, 3.3899381378432736e-05, 4.0567432733951136e-05, -4.7888868721202016e-05, -5.623639935947722e-06, 2.7844271244248375e-05], [2.529570701881312e-05, 4.0567432733951136e-05, 5.961929491604678e-05, -3.3553318644408137e-05, 1.9652896298794076e-05, 4.942469604429789e-05], [-4.32499437010847e-05, -4.7888868721202016e-05, -3.3553318644408137e-05, 0.0010056756436824799, 0.00047406749217770994, 0.000175112159922719], [-9.290732123190537e-06, -5.623639935947722e-06, 1.9652896298794076e-05, 0.00047406749217770994, 0.00035161926643922925, 0.0001461243664380163], [1.2983114174858201e-05, 2.7844271244248375e-05, 4.942469604429789e-05, 0.000175112159922719, 0.0001461243664380163, 0.00013406136713456362]]</COVARIANCE_MATRIX>
		<ROI_SIZE>33</ROI_SIZE>
		<MAX_VALUE>[0.12046550959348679, 0.1068299412727356, 0.08953660726547241, 0.20586426556110382, 0.11871007829904556, 0.07317092269659042]</MAX_VALUE>
		<MIN_VALUE>[0.10586701333522797, 0.08777966350317001, 0.060632411390542984, 0.1054941788315773, 0.048919595777988434, 0.024914251640439034]</MIN_VALUE>
		<SIGNATURE_THRESHOLD_MD>0.0</SIGNATURE_THRESHOLD_MD>
		<SIGNATURE_THRESHOLD_ML>0.0</SIGNATURE_THRESHOLD_ML>
		<SIGNATURE_THRESHOLD_SAM>0.0</SIGNATURE_THRESHOLD_SAM>
	</signature>
	<signature ID="20200805_064527567135_865">
		<MACROCLASSID>1</MACROCLASSID>
		<MACROCLASSINFO>waterbody</MACROCLASSINFO>
		<CLASSID>11</CLASSID>
		<CLASSINFO>C 1</CLASSINFO>
		<VALUES>[0.12127654246158069, 0.004495541774766755, 0.11000498673982088, 0.008803528145744656, 0.08810923451350793, 0.010555521872841353, 0.14309950470924374, 0.020562783859240135, 0.0943839280969567, 0.024855330310342455, 0.0516822705252303, 0.017633824858761152]</VALUES>
		<LCS_MIN>[0.10586701333522797, 0.08777966350317001, 0.060632411390542984, 0.09746456891298294, 0.04633476212620735, 0.021202201023697853]</LCS_MIN>
		<LCS_MAX>[0.13141439855098724, 0.12588022649288177, 0.11522921174764633, 0.17374584078788757, 0.13938874006271362, 0.0954432263970375]</LCS_MAX>
		<WAVELENGTH>[0.485, 0.56, 0.66, 0.83, 1.65, 2.215]</WAVELENGTH>
		<MEAN_VALUE>[0.12127654246158069, 0.11000498673982088, 0.08810923451350793, 0.14309950470924374, 0.0943839280969567, 0.0516822705252303]</MEAN_VALUE>
		<CHECKBOX>2</CHECKBOX>
		<SD>[0.004495541774766755, 0.008803528145744656, 0.010555521872841353, 0.020562783859240135, 0.024855330310342455, 0.017633824858761152]</SD>
		<WAVELENGTH_UNIT>E-6m</WAVELENGTH_UNIT>
		<COLOR>#efb00c</COLOR>
		<COVARIANCE_MATRIX>[[2.043697350018192e-05, 3.3877855457831174e-05, 4.1470008000032976e-05, -8.204330697481055e-06, 4.814589919988066e-05, 4.73827967653051e-05], [3.3877855457831174e-05, 7.837291923351586e-05, 8.666222856845707e-05, -2.706985833356157e-05, 6.781350384699181e-05, 8.45674003357999e-05], [4.1470008000032976e-05, 8.666222856845707e-05, 0.00011267093941569328, -8.740786142880097e-06, 0.00010423889762023464, 0.00011766749230446294], [-8.204330697481055e-06, -2.706985833356157e-05, -8.740786142880097e-06, 0.00042757895425893366, 0.0003102279733866453, 0.00016176346980500966], [4.814589919988066e-05, 6.781350384699181e-05, 0.00010423889762023464, 0.0003102279733866453, 0.0006247288547456264, 0.0003966102667618543], [4.73827967653051e-05, 8.45674003357999e-05, 0.00011766749230446294, 0.00016176346980500966, 0.0003966102667618543, 0.0003144456131849438]]</COVARIANCE_MATRIX>
		<ROI_SIZE>90</ROI_SIZE>
		<MAX_VALUE>[0.13141439855098724, 0.12588022649288177, 0.11522921174764633, 0.17374584078788757, 0.13938874006271362, 0.0954432263970375]</MAX_VALUE>
		<MIN_VALUE>[0.10586701333522797, 0.08777966350317001, 0.060632411390542984, 0.09746456891298294, 0.04633476212620735, 0.021202201023697853]</MIN_VALUE>
		<SIGNATURE_THRESHOLD_MD>0.0</SIGNATURE_THRESHOLD_MD>
		<SIGNATURE_THRESHOLD_ML>0.0</SIGNATURE_THRESHOLD_ML>
		<SIGNATURE_THRESHOLD_SAM>0.0</SIGNATURE_THRESHOLD_SAM>
	</signature>
	<signature ID="20200805_064629616416_193">
		<MACROCLASSID>1</MACROCLASSID>
		<MACROCLASSINFO>waterbody</MACROCLASSINFO>
		<CLASSID>12</CLASSID>
		<CLASSINFO>C 1</CLASSINFO>
		<VALUES>[0.1309581957757473, 0.0007901663852695109, 0.11635506898164749, 0.0032995984471266807, 0.0983684379607439, 0.0041719564779821, 0.17776064202189445, 0.014751330281132768, 0.1122479997575283, 0.0046598756516333635, 0.07317092642188072, 0.003712046891450882]</VALUES>
		<LCS_MIN>[0.12958958745002747, 0.11063999682664871, 0.09274818748235703, 0.16170142590999603, 0.10578590631484985, 0.06945887953042984]</LCS_MIN>
		<LCS_MAX>[0.13141439855098724, 0.11826009303331375, 0.10238290578126907, 0.19783465564250946, 0.11871007829904556, 0.0768829733133316]</LCS_MAX>
		<WAVELENGTH>[0.485, 0.56, 0.66, 0.83, 1.65, 2.215]</WAVELENGTH>
		<MEAN_VALUE>[0.1309581957757473, 0.11635506898164749, 0.0983684379607439, 0.17776064202189445, 0.1122479997575283, 0.07317092642188072]</MEAN_VALUE>
		<CHECKBOX>2</CHECKBOX>
		<SD>[0.0007901663852695109, 0.0032995984471266807, 0.0041719564779821, 0.014751330281132768, 0.0046598756516333635, 0.003712046891450882]</SD>
		<WAVELENGTH_UNIT>E-6m</WAVELENGTH_UNIT>
		<COLOR>#e211a0</COLOR>
		<COVARIANCE_MATRIX>[[8.32483863177913e-07, -1.1587696917558787e-06, 1.4651318451797124e-06, -1.221042748511536e-05, -3.930691036657663e-06, -2.257928144899779e-06], [-1.1587696917558787e-06, 1.451646676287055e-05, 1.4275616194936447e-05, -2.039547689491883e-05, 3.28274700223119e-06, 9.42871793085942e-06], [1.4651318451797124e-06, 1.4275616194936447e-05, 2.320696148672141e-05, -6.876717816339806e-05, -9.684990800451487e-06, 3.9738270061207e-06], [-1.221042748511536e-05, -2.039547689491883e-05, -6.876717816339806e-05, 0.00029013564926572144, 5.880641037947498e-05, 9.935411071637645e-06], [-3.930691036657663e-06, 3.28274700223119e-06, -9.684990800451487e-06, 5.880641037947498e-05, 2.895258876378648e-05, 1.91900380741572e-05], [-2.257928144899779e-06, 9.42871793085942e-06, 3.9738270061207e-06, 9.935411071637645e-06, 1.91900380741572e-05, 1.8372389604337513e-05]]</COVARIANCE_MATRIX>
		<ROI_SIZE>4</ROI_SIZE>
		<MAX_VALUE>[0.13141439855098724, 0.11826009303331375, 0.10238290578126907, 0.19783465564250946, 0.11871007829904556, 0.0768829733133316]</MAX_VALUE>
		<MIN_VALUE>[0.12958958745002747, 0.11063999682664871, 0.09274818748235703, 0.16170142590999603, 0.10578590631484985, 0.06945887953042984]</MIN_VALUE>
		<SIGNATURE_THRESHOLD_MD>0.0</SIGNATURE_THRESHOLD_MD>
		<SIGNATURE_THRESHOLD_ML>0.0</SIGNATURE_THRESHOLD_ML>
		<SIGNATURE_THRESHOLD_SAM>0.0</SIGNATURE_THRESHOLD_SAM>
	</signature>
	<signature ID="20200805_064728653830_666">
		<MACROCLASSID>1</MACROCLASSID>
		<MACROCLASSINFO>waterbody</MACROCLASSINFO>
		<CLASSID>14</CLASSID>
		<CLASSINFO>C 1</CLASSINFO>
		<VALUES>[0.13021523697035653, 0.0023467649348439075, 0.11161972518478118, 0.003900726735097257, 0.09146354815789631, 0.004867569286705284, 0.1454127954585212, 0.015942441334828174, 0.07978988130177771, 0.020135575307037756, 0.046338094291942473, 0.013371800256874289]</VALUES>
		<LCS_MIN>[0.1259399652481079, 0.1068299412727356, 0.08311343938112259, 0.11753859370946884, 0.04633476212620735, 0.021202201023697853]</LCS_MIN>
		<LCS_MAX>[0.1350640207529068, 0.11826009303331375, 0.10238290578126907, 0.17776063084602356, 0.11871007829904556, 0.0768829733133316]</LCS_MAX>
		<WAVELENGTH>[0.485, 0.56, 0.66, 0.83, 1.65, 2.215]</WAVELENGTH>
		<MEAN_VALUE>[0.13021523697035653, 0.11161972518478118, 0.09146354815789631, 0.1454127954585212, 0.07978988130177771, 0.046338094291942473]</MEAN_VALUE>
		<CHECKBOX>2</CHECKBOX>
		<SD>[0.0023467649348439075, 0.003900726735097257, 0.004867569286705284, 0.015942441334828174, 0.020135575307037756, 0.013371800256874289]</SD>
		<WAVELENGTH_UNIT>E-6m</WAVELENGTH_UNIT>
		<COLOR>#f8b5e6</COLOR>
		<COVARIANCE_MATRIX>[[5.669285201292951e-06, 5.50367622054182e-06, 5.481307198351715e-06, 1.3507402400136925e-05, 1.5910387446638197e-05, 1.2898667591798585e-05], [5.50367622054182e-06, 1.566318860568572e-05, 1.3171987120585982e-05, 3.442383240326308e-05, 2.99836574413348e-05, 1.9574537873268127e-05], [5.481307198351715e-06, 1.3171987120585982e-05, 2.439009040244855e-05, 4.254970554029569e-05, 7.647042366443202e-05, 5.182360837352462e-05], [1.3507402400136925e-05, 3.442383240326308e-05, 4.254970554029569e-05, 0.0002616367710288614, 0.00020141257846262306, 0.00012735312338918447], [1.5910387446638197e-05, 2.99836574413348e-05, 7.647042366443202e-05, 0.00020141257846262306, 0.00041736612911336124, 0.0002501884591765702], [1.2898667591798585e-05, 1.9574537873268127e-05, 5.182360837352462e-05, 0.00012735312338918447, 0.0002501884591765702, 0.00018406401795800775]]</COVARIANCE_MATRIX>
		<ROI_SIZE>35</ROI_SIZE>
		<MAX_VALUE>[0.1350640207529068, 0.11826009303331375, 0.10238290578126907, 0.17776063084602356, 0.11871007829904556, 0.0768829733133316]</MAX_VALUE>
		<MIN_VALUE>[0.1259399652481079, 0.1068299412727356, 0.08311343938112259, 0.11753859370946884, 0.04633476212620735, 0.021202201023697853]</MIN_VALUE>
		<SIGNATURE_THRESHOLD_MD>0.0</SIGNATURE_THRESHOLD_MD>
		<SIGNATURE_THRESHOLD_ML>0.0</SIGNATURE_THRESHOLD_ML>
		<SIGNATURE_THRESHOLD_SAM>0.0</SIGNATURE_THRESHOLD_SAM>
	</signature>
	<signature ID="20200805_064739177230_266">
		<MACROCLASSID>1</MACROCLASSID>
		<MACROCLASSINFO>waterbody</MACROCLASSINFO>
		<CLASSID>15</CLASSID>
		<CLASSINFO>C 1</CLASSINFO>
		<VALUES>[0.1311997157685897, 0.0033050149124793948, 0.11422593058908688, 0.00442603150332825, 0.09501517125788857, 0.006769423406255017, 0.15107401022139716, 0.021197037019742005, 0.08373880780795043, 0.021020184545503754, 0.051772039164515095, 0.014036061435345979]</VALUES>
		<LCS_MIN>[0.1259399652481079, 0.1068299412727356, 0.0863250195980072, 0.11753859370946884, 0.0385802686214447, 0.028626304119825363]</LCS_MIN>
		<LCS_MAX>[0.13871365785598755, 0.12588022649288177, 0.11201763898134232, 0.18177545070648193, 0.12387973070144653, 0.08059503138065338]</LCS_MAX>
		<WAVELENGTH>[0.485, 0.56, 0.66, 0.83, 1.65, 2.215]</WAVELENGTH>
		<MEAN_VALUE>[0.1311997157685897, 0.11422593058908688, 0.09501517125788857, 0.15107401022139716, 0.08373880780795043, 0.051772039164515095]</MEAN_VALUE>
		<CHECKBOX>2</CHECKBOX>
		<SD>[0.0033050149124793948, 0.00442603150332825, 0.006769423406255017, 0.021197037019742005, 0.021020184545503754, 0.014036061435345979]</SD>
		<WAVELENGTH_UNIT>E-6m</WAVELENGTH_UNIT>
		<COLOR>#d66e98</COLOR>
		<COVARIANCE_MATRIX>[[1.1605819054238964e-05, 1.2115994650230277e-05, 1.9563804016797803e-05, 2.504936492186971e-05, 3.1526473321719095e-05, 3.449158612056635e-05], [1.2115994650230277e-05, 2.08141136681661e-05, 2.654192576301284e-05, 4.813936902792193e-05, 3.7220997910480946e-05, 4.0869475924409926e-05], [1.9563804016797803e-05, 2.654192576301284e-05, 4.868916221312247e-05, 3.688023207359947e-05, 4.9991471314569935e-05, 6.122939521446824e-05], [2.504936492186971e-05, 4.813936902792193e-05, 3.688023207359947e-05, 0.0004773965338245034, 0.00031209090957418084, 0.00018031727813649923], [3.1526473321719095e-05, 3.7220997910480946e-05, 4.9991471314569935e-05, 0.00031209090957418084, 0.00046946367365308106, 0.00027053049416281283], [3.449158612056635e-05, 4.0869475924409926e-05, 6.122939521446824e-05, 0.00018031727813649923, 0.00027053049416281283, 0.00020932420738972723]]</COVARIANCE_MATRIX>
		<ROI_SIZE>17</ROI_SIZE>
		<MAX_VALUE>[0.13871365785598755, 0.12588022649288177, 0.11201763898134232, 0.18177545070648193, 0.12387973070144653, 0.08059503138065338]</MAX_VALUE>
		<MIN_VALUE>[0.1259399652481079, 0.1068299412727356, 0.0863250195980072, 0.11753859370946884, 0.0385802686214447, 0.028626304119825363]</MIN_VALUE>
		<SIGNATURE_THRESHOLD_MD>0.0</SIGNATURE_THRESHOLD_MD>
		<SIGNATURE_THRESHOLD_ML>0.0</SIGNATURE_THRESHOLD_ML>
		<SIGNATURE_THRESHOLD_SAM>0.0</SIGNATURE_THRESHOLD_SAM>
	</signature>
	<signature ID="20200805_064917183297_752">
		<MACROCLASSID>1</MACROCLASSID>
		<MACROCLASSINFO>waterbody</MACROCLASSINFO>
		<CLASSID>18</CLASSID>
		<CLASSINFO>C 1</CLASSINFO>
		<VALUES>[0.11560870225612936, 0.0027400616318504936, 0.09106217118409964, 0.004003104482868368, 0.062114681590061914, 0.0025863101165612755, 0.10469121417173972, 0.017050829696034706, 0.03269479813484044, 0.01124883224529678, 0.013778098755014628, 0.004784859985566768]</VALUES>
		<LCS_MIN>[0.10769182443618774, 0.08015955984592438, 0.05742083862423897, 0.07739053666591644, 0.015316770412027836, 0.0026419430505484343]</LCS_MIN>
		<LCS_MAX>[0.12046550959348679, 0.09920983016490936, 0.07026714086532593, 0.13761259615421295, 0.06442858278751373, 0.03233835846185684]</LCS_MAX>
		<WAVELENGTH>[0.485, 0.56, 0.66, 0.83, 1.65, 2.215]</WAVELENGTH>
		<MEAN_VALUE>[0.11560870225612936, 0.09106217118409964, 0.062114681590061914, 0.10469121417173972, 0.03269479813484044, 0.013778098755014628]</MEAN_VALUE>
		<CHECKBOX>2</CHECKBOX>
		<SD>[0.0027400616318504936, 0.004003104482868368, 0.0025863101165612755, 0.017050829696034706, 0.01124883224529678, 0.004784859985566768]</SD>
		<WAVELENGTH_UNIT>E-6m</WAVELENGTH_UNIT>
		<COLOR>#7568eb</COLOR>
		<COVARIANCE_MATRIX>[[7.625249054399319e-06, 6.957649929972831e-06, 3.6487458601186518e-06, -1.0714669770095497e-05, -4.341531166573986e-06, -8.467252996524621e-07], [6.957649929972831e-06, 1.627523306524381e-05, 6.338749699352775e-06, -1.9550996512407437e-05, -5.307700121193193e-06, -2.4308505999215413e-06], [3.6487458601186518e-06, 6.338749699352775e-06, 6.793515694880625e-06, -4.835196705244016e-06, 1.59641763275431e-06, 1.6764643078204244e-06], [-1.0714669770095497e-05, -1.9550996512407437e-05, -4.835196705244016e-06, 0.00029527346487157047, 0.0001568638108437881, 5.2626783144660294e-05], [-4.341531166573986e-06, -5.307700121193193e-06, 1.59641763275431e-06, 0.0001568638108437881, 0.0001285133621422574, 4.182833799859509e-05], [-8.467252996524621e-07, -2.4308505999215413e-06, 1.6764643078204244e-06, 5.2626783144660294e-05, 4.182833799859509e-05, 2.3252618120750412e-05]]</COVARIANCE_MATRIX>
		<ROI_SIZE>65</ROI_SIZE>
		<MAX_VALUE>[0.12046550959348679, 0.09920983016490936, 0.07026714086532593, 0.13761259615421295, 0.06442858278751373, 0.03233835846185684]</MAX_VALUE>
		<MIN_VALUE>[0.10769182443618774, 0.08015955984592438, 0.05742083862423897, 0.07739053666591644, 0.015316770412027836, 0.0026419430505484343]</MIN_VALUE>
		<SIGNATURE_THRESHOLD_MD>0.0</SIGNATURE_THRESHOLD_MD>
		<SIGNATURE_THRESHOLD_ML>0.0</SIGNATURE_THRESHOLD_ML>
		<SIGNATURE_THRESHOLD_SAM>0.0</SIGNATURE_THRESHOLD_SAM>
	</signature>
	<signature ID="20200805_064930183514_998">
		<MACROCLASSID>1</MACROCLASSID>
		<MACROCLASSINFO>waterbody</MACROCLASSINFO>
		<CLASSID>19</CLASSID>
		<CLASSINFO>C 1</CLASSINFO>
		<VALUES>[0.14008517066637668, 0.007598210965816457, 0.11906094608666284, 0.007871173459680261, 0.08696597504514549, 0.008801162072937458, 0.11015680386445574, 0.015589641653842868, 0.0343106245412442, 0.013397288734439778, 0.016339492732500793, 0.009045443148602644]</VALUES>
