<?xml version="1.0" ?>
<signaturelist MCID_LIST="[['1', 'waterbody', '#0000ff'], ['2', 'vegetation', '#00ff00'], ['3', 'bareland', '#ffaa00'], ['4', 'built-up', '#ff0000']]">
	<signature ID="20210211_143256634643_290">
		<MACROCLASSID>1</MACROCLASSID>
		<MACROCLASSINFO>MC 1</MACROCLASSINFO>
		<CLASSID>1</CLASSID>
		<CLASSINFO>C 1</CLASSINFO>
		<VALUES>[0.0931902841832011, 0.0026767427092695244, 0.07016151993033974, 0.004593808579972455, 0.05241200915322855, 0.005415960076327391, 0.04186294623053608, 0.007825999588311905, 0.012948637186454079, 0.006676748755450388, 0.008275416660277802, 0.005081827685274457]</VALUES>
		<LCS_MIN>[0.08700942248106003, 0.06524109840393066, 0.045866698026657104, 0.029884591698646545, 0.0021518825087696314, 0.0]</LCS_MIN>
		<LCS_MAX>[0.10178037732839584, 0.09265483915805817, 0.07763968408107758, 0.06599324941635132, 0.03934815153479576, 0.02574615180492401]</LCS_MAX>
		<WAVELENGTH>[0.485, 0.56, 0.66, 0.83, 1.65, 2.215]</WAVELENGTH>
		<MEAN_VALUE>[0.0931902841832011, 0.07016151993033974, 0.05241200915322855, 0.04186294623053608, 0.012948637186454079, 0.008275416660277802]</MEAN_VALUE>
		<CHECKBOX>2</CHECKBOX>
		<SD>[0.0026767427092695244, 0.004593808579972455, 0.005415960076327391, 0.007825999588311905, 0.006676748755450388, 0.005081827685274457]</SD>
		<WAVELENGTH_UNIT>E-6m</WAVELENGTH_UNIT>
		<COLOR>#108bcc</COLOR>
		<COVARIANCE_MATRIX>[[7.187989922385896e-06, 8.297093700093683e-06, 9.639980817155447e-06, 1.0445442967466079e-05, 7.066903435770655e-06, 3.888440005539451e-06], [8.297093700093683e-06, 2.1170932086533867e-05, 2.195426532125566e-05, 1.861365672084503e-05, 1.2612495993380435e-05, 6.621162810915848e-06], [9.639980817155447e-06, 2.195426532125566e-05, 2.942694118246436e-05, 2.5107468900387175e-05, 1.676648207649123e-05, 9.278084689867683e-06], [1.0445442967466079e-05, 1.861365672084503e-05, 2.5107468900387175e-05, 6.144320650491863e-05, 4.025061207357794e-05, 2.5413673938601278e-05], [7.066903435770655e-06, 1.2612495993380435e-05, 1.676648207649123e-05, 4.025061207357794e-05, 4.4722313759848475e-05, 2.6666877602110617e-05], [3.888440005539451e-06, 6.621162810915848e-06, 9.278084689867683e-06, 2.5413673938601278e-05, 2.6666877602110617e-05, 2.5908011593855917e-05]]</COVARIANCE_MATRIX>
		<ROI_SIZE>312</ROI_SIZE>
		<MAX_VALUE>[0.10178037732839584, 0.09265483915805817, 0.07763968408107758, 0.06599324941635132, 0.03934815153479576, 0.02574615180492401]</MAX_VALUE>
		<MIN_VALUE>[0.08700942248106003, 0.06524109840393066, 0.045866698026657104, 0.029884591698646545, 0.0021518825087696314, 0.0]</MIN_VALUE>
		<SIGNATURE_THRESHOLD_MD>0.0</SIGNATURE_THRESHOLD_MD>
		<SIGNATURE_THRESHOLD_ML>0.0</SIGNATURE_THRESHOLD_ML>
		<SIGNATURE_THRESHOLD_SAM>0.0</SIGNATURE_THRESHOLD_SAM>
	</signature>
	<signature ID="20210211_143307589639_244">
		<MACROCLASSID>1</MACROCLASSID>
		<MACROCLASSINFO>MC 1</MACROCLASSINFO>
		<CLASSID>2</CLASSID>
		<CLASSINFO>C 1</CLASSINFO>
		<VALUES>[0.10064631035399536, 0.002432302614807561, 0.08928694930966834, 0.0040528793885817775, 0.06271394385352665, 0.009282772475578634, 0.04666814600545191, 0.013574961174796831, 0.02648784720055088, 0.01759075352233923, 0.01974244960963469, 0.01527191523918931]</VALUES>
		<LCS_MIN>[0.09521550685167313, 0.0823746845126152, 0.05164360627532005, 0.026273729279637337, 0.0, 0.0023761317133903503]</LCS_MIN>
		<LCS_MAX>[0.11162766069173813, 0.10636170953512192, 0.09785884618759155, 0.10210190713405609, 0.08584349602460861, 0.07248619198799133]</LCS_MAX>
		<WAVELENGTH>[0.485, 0.56, 0.66, 0.83, 1.65, 2.215]</WAVELENGTH>
		<MEAN_VALUE>[0.10064631035399536, 0.08928694930966834, 0.06271394385352665, 0.04666814600545191, 0.02648784720055088, 0.01974244960963469]</MEAN_VALUE>
		<CHECKBOX>2</CHECKBOX>
		<SD>[0.002432302614807561, 0.0040528793885817775, 0.009282772475578634, 0.013574961174796831, 0.01759075352233923, 0.01527191523918931]</SD>
		<WAVELENGTH_UNIT>E-6m</WAVELENGTH_UNIT>
		<COLOR>#fc1d31</COLOR>
		<COVARIANCE_MATRIX>[[5.941596555203432e-06, 4.163785433775047e-06, 8.378793609153945e-06, 1.0609430319163948e-05, 1.4574681699741632e-05, 1.2646762115764432e-05], [4.163785433775047e-06, 1.6496633179485798e-05, 2.9551662009907886e-05, 4.082204759470187e-05, 4.879811967839487e-05, 4.167806400801055e-05], [8.378793609153945e-06, 2.9551662009907886e-05, 8.654128760099411e-05, 0.00011527978494996205, 0.00014118707622401416, 0.00011795879254350439], [1.0609430319163948e-05, 4.082204759470187e-05, 0.00011527978494996205, 0.00018507387721911073, 0.00021206824749242514, 0.0001764384942362085], [1.4574681699741632e-05, 4.879811967839487e-05, 0.00014118707622401416, 0.00021206824749242514, 0.00031076837331056595, 0.00025096445460803807], [1.2646762115764432e-05, 4.167806400801055e-05, 0.00011795879254350439, 0.0001764384942362085, 0.00025096445460803807, 0.00023423670791089535]]</COVARIANCE_MATRIX>
		<ROI_SIZE>233</ROI_SIZE>
		<MAX_VALUE>[0.11162766069173813, 0.10636170953512192, 0.09785884618759155, 0.10210190713405609, 0.08584349602460861, 0.07248619198799133]</MAX_VALUE>
		<MIN_VALUE>[0.09521550685167313, 0.0823746845126152, 0.05164360627532005, 0.026273729279637337, 0.0, 0.0023761317133903503]</MIN_VALUE>
		<SIGNATURE_THRESHOLD_MD>0.0</SIGNATURE_THRESHOLD_MD>
		<SIGNATURE_THRESHOLD_ML>0.0</SIGNATURE_THRESHOLD_ML>
		<SIGNATURE_THRESHOLD_SAM>0.0</SIGNATURE_THRESHOLD_SAM>
	</signature>
	<signature ID="20210211_143329673972_214">
		<MACROCLASSID>1</MACROCLASSID>
		<MACROCLASSINFO>MC 1</MACROCLASSINFO>
		<CLASSID>3</CLASSID>
		<CLASSINFO>C 1</CLASSINFO>
		<VALUES>[0.09381695752709757, 0.0021870734953764, 0.08232134893710516, 0.0026863028089737367, 0.06244439828836502, 0.004470173118980375, 0.05358704591191695, 0.017060606105388877, 0.018551893068426785, 0.01398266153547803, 0.01117647604306558, 0.00921470497411771]</VALUES>
		<LCS_MIN>[0.088650643825531, 0.07552124559879303, 0.057420514523983, 0.03710632398724556, 0.0044766501523554325, 0.0]</LCS_MIN>
		<LCS_MAX>[0.10013915598392487, 0.09265483915805817, 0.08919348567724228, 0.11293450742959976, 0.07189489156007767, 0.04577759653329849]</LCS_MAX>
		<WAVELENGTH>[0.485, 0.56, 0.66, 0.83, 1.65, 2.215]</WAVELENGTH>
		<MEAN_VALUE>[0.09381695752709757, 0.08232134893710516, 0.06244439828836502, 0.05358704591191695, 0.018551893068426785, 0.01117647604306558]</MEAN_VALUE>
		<CHECKBOX>2</CHECKBOX>
		<SD>[0.0021870734953764, 0.0026863028089737367, 0.004470173118980375, 0.017060606105388877, 0.01398266153547803, 0.00921470497411771]</SD>
		<WAVELENGTH_UNIT>E-6m</WAVELENGTH_UNIT>
		<COLOR>#cc17b9</COLOR>
		<COVARIANCE_MATRIX>[[4.801975137525005e-06, 1.8363955405220622e-06, 4.0351678762817755e-06, 1.1286667358945124e-05, 8.524094482709188e-06, 6.237227353267372e-06], [1.8363955405220622e-06, 7.244411335705081e-06, 7.3444543886580504e-06, 1.4705850844620727e-05, 1.1800673746620305e-05, 8.796208931016736e-06], [4.0351678762817755e-06, 7.3444543886580504e-06, 2.006050453928765e-05, 5.715218503610231e-05, 4.529068974079564e-05, 2.9937376893940382e-05], [1.1286667358945124e-05, 1.4705850844620727e-05, 5.715218503610231e-05, 0.00029220126452855766, 0.00021970109082758427, 0.00013391418906394392], [8.524094482709188e-06, 1.1800673746620305e-05, 4.529068974079564e-05, 0.00021970109082758427, 0.0001962785463547334, 0.00012115201388951391], [6.237227353267372e-06, 8.796208931016736e-06, 2.9937376893940382e-05, 0.00013391418906394392, 0.00012115201388951391, 8.524247095920146e-05]]</COVARIANCE_MATRIX>
		<ROI_SIZE>257</ROI_SIZE>
		<MAX_VALUE>[0.10013915598392487, 0.09265483915805817, 0.08919348567724228, 0.11293450742959976, 0.07189489156007767, 0.04577759653329849]</MAX_VALUE>
		<MIN_VALUE>[0.088650643825531, 0.07552124559879303, 0.057420514523983, 0.03710632398724556, 0.0044766501523554325, 0.0]</MIN_VALUE>
		<SIGNATURE_THRESHOLD_MD>0.0</SIGNATURE_THRESHOLD_MD>
		<SIGNATURE_THRESHOLD_ML>0.0</SIGNATURE_THRESHOLD_ML>
		<SIGNATURE_THRESHOLD_SAM>0.0</SIGNATURE_THRESHOLD_SAM>
	</signature>
	<signature ID="20210211_143345768882_975">
		<MACROCLASSID>1</MACROCLASSID>
		<MACROCLASSINFO>MC 1</MACROCLASSINFO>
		<CLASSID>4</CLASSID>
		<CLASSINFO>C 1</CLASSINFO>
		<VALUES>[0.09743397518478587, 0.0037153033665700886, 0.08121668783755137, 0.006914852248574324, 0.05815756562454946, 0.010753048442526034, 0.046096135573140525, 0.015419750100456773, 0.024213120668869596, 0.01847571856153501, 0.017733573865402363, 0.01660468429370602]</VALUES>
		<LCS_MIN>[0.09029185026884079, 0.07209452986717224, 0.04875515401363373, 0.029884591698646545, 0.006801415700465441, 0.0023761317133903503]</LCS_MIN>
		<LCS_MAX>[0.11162766069173813, 0.10636170953512192, 0.09785884618759155, 0.10210190713405609, 0.08816826343536377, 0.07582477480173111]</LCS_MAX>
		<WAVELENGTH>[0.485, 0.56, 0.66, 0.83, 1.65, 2.215]</WAVELENGTH>
		<MEAN_VALUE>[0.09743397518478587, 0.08121668783755137, 0.05815756562454946, 0.046096135573140525, 0.024213120668869596, 0.017733573865402363]</MEAN_VALUE>
		<CHECKBOX>2</CHECKBOX>
		<SD>[0.0037153033665700886, 0.006914852248574324, 0.010753048442526034, 0.015419750100456773, 0.01847571856153501, 0.01660468429370602]</SD>
		<WAVELENGTH_UNIT>E-6m</WAVELENGTH_UNIT>
		<COLOR>#9b7afa</COLOR>
		<COVARIANCE_MATRIX>[[1.3899336408940144e-05, 1.97321660380112e-05, 3.239347643102519e-05, 4.206076846458018e-05, 5.307251922204159e-05, 4.514352258411236e-05], [1.97321660380112e-05, 4.8147230700124055e-05, 6.842645962024108e-05, 9.194081940222532e-05, 0.0001075449981726706, 8.925067231757566e-05], [3.239347643102519e-05, 6.842645962024108e-05, 0.00011643102334346622, 0.0001510065485490486, 0.00017859436047729105, 0.0001527393760625273], [4.206076846458018e-05, 9.194081940222532e-05, 0.0001510065485490486, 0.00023941986728459597, 0.0002629223163239658, 0.0002263185742776841], [5.307251922204159e-05, 0.0001075449981726706, 0.00017859436047729105, 0.0002629223163239658, 0.000343722669640556, 0.0002901041880249977], [4.514352258411236e-05, 8.925067231757566e-05, 0.0001527393760625273, 0.0002263185742776841, 0.0002901041880249977, 0.00027763022808358073]]</COVARIANCE_MATRIX>
		<ROI_SIZE>145</ROI_SIZE>
		<MAX_VALUE>[0.11162766069173813, 0.10636170953512192, 0.09785884618759155, 0.10210190713405609, 0.08816826343536377, 0.07582477480173111]</MAX_VALUE>
		<MIN_VALUE>[0.09029185026884079, 0.07209452986717224, 0.04875515401363373, 0.029884591698646545, 0.006801415700465441, 0.0023761317133903503]</MIN_VALUE>
		<SIGNATURE_THRESHOLD_MD>0.0</SIGNATURE_THRESHOLD_MD>
		<SIGNATURE_THRESHOLD_ML>0.0</SIGNATURE_THRESHOLD_ML>
		<SIGNATURE_THRESHOLD_SAM>0.0</SIGNATURE_THRESHOLD_SAM>
	</signature>
	<signature ID="20210211_143351539263_581">
		<MACROCLASSID>1</MACROCLASSID>
		<MACROCLASSINFO>MC 1</MACROCLASSINFO>
		<CLASSID>5</CLASSID>
		<CLASSINFO>C 1</CLASSINFO>
		<VALUES>[0.09202923488919623, 0.0026829490511760395, 0.0740220597945154, 0.004517916111975724, 0.05581832346797455, 0.00655204454877608, 0.04884163838869423, 0.014180121645715959, 0.02552668873886433, 0.015489902434206688, 0.017459400560255738, 0.011590998246487344]</VALUES>
		<LCS_MIN>[0.08700942248106003, 0.06866782903671265, 0.04875515401363373, 0.029884591698646545, 0.0021518825087696314, 0.0]</LCS_MIN>
		<LCS_MAX>[0.10506279766559601, 0.10293500125408173, 0.09497039765119553, 0.10571277886629105, 0.08351874351501465, 0.06580903381109238]</LCS_MAX>
		<WAVELENGTH>[0.485, 0.56, 0.66, 0.83, 1.65, 2.215]</WAVELENGTH>
		<MEAN_VALUE>[0.09202923488919623, 0.0740220597945154, 0.05581832346797455, 0.04884163838869423, 0.02552668873886433, 0.017459400560255738]</MEAN_VALUE>
		<CHECKBOX>2</CHECKBOX>
		<SD>[0.0026829490511760395, 0.004517916111975724, 0.00655204454877608, 0.014180121645715959, 0.015489902434206688, 0.011590998246487344]</SD>
		<WAVELENGTH_UNIT>E-6m</WAVELENGTH_UNIT>
		<COLOR>#8d2902</COLOR>
		<COVARIANCE_MATRIX>[[7.226443813124206e-06, 8.613794307166245e-06, 1.2889170648122672e-05, 2.3222624804475345e-05, 2.168340506614186e-05, 1.4760730664420407e-05], [8.613794307166245e-06, 2.0491610484896228e-05, 2.5962606741813943e-05, 5.187129499972798e-05, 4.6958324674051255e-05, 3.314173955004662e-05], [1.2889170648122672e-05, 2.5962606741813943e-05, 4.309763971832581e-05, 8.014598279260099e-05, 7.346361962845549e-05, 5.139686618349515e-05], [2.3222624804475345e-05, 5.187129499972798e-05, 8.014598279260099e-05, 0.0002018643863266334, 0.00019029004033654928, 0.0001319707080256194], [2.168340506614186e-05, 4.6958324674051255e-05, 7.346361962845549e-05, 0.00019029004033654928, 0.000240878012846224, 0.0001648111647227779], [1.4760730664420407e-05, 3.314173955004662e-05, 5.139686618349515e-05, 0.0001319707080256194, 0.0001648111647227779, 0.00013487810792867094]]</COVARIANCE_MATRIX>
		<ROI_SIZE>256</ROI_SIZE>
		<MAX_VALUE>[0.10506279766559601, 0.10293500125408173, 0.09497039765119553, 0.10571277886629105, 0.08351874351501465, 0.06580903381109238]</MAX_VALUE>
		<MIN_VALUE>[0.08700942248106003, 0.06866782903671265, 0.04875515401363373, 0.029884591698646545, 0.0021518825087696314, 0.0]</MIN_VALUE>
		<SIGNATURE_THRESHOLD_MD>0.0</SIGNATURE_THRESHOLD_MD>
		<SIGNATURE_THRESHOLD_ML>0.0</SIGNATURE_THRESHOLD_ML>
		<SIGNATURE_THRESHOLD_SAM>0.0</SIGNATURE_THRESHOLD_SAM>
	</signature>
	<signature ID="20210211_143409120567_289">
		<MACROCLASSID>1</MACROCLASSID>
		<MACROCLASSINFO>MC 1</MACROCLASSINFO>
		<CLASSID>6</CLASSID>
		<CLASSINFO>C 1</CLASSINFO>
		<VALUES>[0.09242282351800088, 0.002675331217263023, 0.08546206310793265, 0.0047327471492196556, 0.05949874401543777, 0.003938481556668257, 0.037729686102232714, 0.013951828851272031, 0.00863051103848173, 0.0074838811807040806, 0.005456194068098509, 0.005158412035162246]</VALUES>
		<LCS_MIN>[0.07880333811044693, 0.058387670665979385, 0.040089793503284454, 0.029884591698646545, 0.0, 0.0]</LCS_MIN>
		<LCS_MAX>[0.10342158377170563, 0.10293500125408173, 0.08919348567724228, 0.10210190713405609, 0.07421966642141342, 0.052454739809036255]</LCS_MAX>
		<WAVELENGTH>[0.485, 0.56, 0.66, 0.83, 1.65, 2.215]</WAVELENGTH>
		<MEAN_VALUE>[0.09242282351800088, 0.08546206310793265, 0.05949874401543777, 0.037729686102232714, 0.00863051103848173, 0.005456194068098509]</MEAN_VALUE>
		<CHECKBOX>2</CHECKBOX>
		<SD>[0.002675331217263023, 0.0047327471492196556, 0.003938481556668257, 0.013951828851272031, 0.0074838811807040806, 0.005158412035162246]</SD>
		<WAVELENGTH_UNIT>E-6m</WAVELENGTH_UNIT>
		<COLOR>#d49ef5</COLOR>
		<COVARIANCE_MATRIX>[[7.795237252139486e-06, 6.772966116841417e-06, 7.453806574631017e-06, 8.290389814646915e-06, 4.520256879914086e-06, 2.7975909233646234e-06], [6.772966116841417e-06, 2.840571141859982e-05, 1.635536682442762e-05, -2.706654413486831e-05, -1.1146882570756134e-05, -6.016251973051112e-06], [7.453806574631017e-06, 1.635536682442762e-05, 2.034918543358799e-05, 1.1463165719760582e-05, 7.493854809581535e-06, 4.975082447344903e-06], [8.290389814646915e-06, -2.706654413486831e-05, 1.1463165719760582e-05, 0.00022278573305811733, 0.00010317507258150727, 5.950168997514993e-05], [4.520256879914086e-06, -1.1146882570756134e-05, 7.493854809581535e-06, 0.00010317507258150727, 6.82605168549344e-05, 3.854281021631323e-05], [2.7975909233646234e-06, -6.016251973051112e-06, 4.975082447344903e-06, 5.950168997514993e-05, 3.854281021631323e-05, 2.9926790375611745e-05]]</COVARIANCE_MATRIX>
		<ROI_SIZE>23437</ROI_SIZE>
		<MAX_VALUE>[0.10342158377170563, 0.10293500125408173, 0.08919348567724228, 0.10210190713405609, 0.07421966642141342, 0.052454739809036255]</MAX_VALUE>
		<MIN_VALUE>[0.07880333811044693, 0.058387670665979385, 0.040089793503284454, 0.029884591698646545, 0.0, 0.0]</MIN_VALUE>
		<SIGNATURE_THRESHOLD_MD>0.0</SIGNATURE_THRESHOLD_MD>
		<SIGNATURE_THRESHOLD_ML>0.0</SIGNATURE_THRESHOLD_ML>
		<SIGNATURE_THRESHOLD_SAM>0.0</SIGNATURE_THRESHOLD_SAM>
	</signature>
	<signature ID="20210211_143431474487_737">
		<MACROCLASSID>1</MACROCLASSID>
		<MACROCLASSINFO>MC 1</MACROCLASSINFO>
		<CLASSID>7</CLASSID>
		<CLASSINFO>C 1</CLASSINFO>
		<VALUES>[0.09246376932909099, 0.005162011139437333, 0.07628542698587473, 0.01206204920799125, 0.052014832126912484, 0.01554548343717858, 0.036118846039064796, 0.013912568211562263, 0.013582393054401114, 0.01310577201565108, 0.009005461898173233, 0.010107084664958566]</VALUES>
		<LCS_MIN>[0.08536820113658905, 0.06524109840393066, 0.03720133751630783, 0.02266286127269268, 0.0, 0.0]</LCS_MIN>
		<LCS_MAX>[0.11655130237340927, 0.13034872710704803, 0.13540874421596527, 0.1093236431479454, 0.08351874351501465, 0.06914761662483215]</LCS_MAX>
		<WAVELENGTH>[0.485, 0.56, 0.66, 0.83, 1.65, 2.215]</WAVELENGTH>
		<MEAN_VALUE>[0.09246376932909099, 0.07628542698587473, 0.052014832126912484, 0.036118846039064796, 0.013582393054401114, 0.009005461898173233]</MEAN_VALUE>
		<CHECKBOX>2</CHECKBOX>
		<SD>[0.005162011139437333, 0.01206204920799125, 0.01554548343717858, 0.013912568211562263, 0.01310577201565108, 0.010107084664958566]</SD>
		<WAVELENGTH_UNIT>E-6m</WAVELENGTH_UNIT>
		<COLOR>#9ddd10</COLOR>
		<COVARIANCE_MATRIX>[[1.7110425687860698e-05, 3.2079384254757315e-05, 3.813373405137099e-05, 1.7654087059781887e-05, 1.2944645277457312e-05, 9.66783773037605e-06], [3.2079384254757315e-05, 8.559016714571044e-05, 0.00010000882321037352, 5.1408227591309696e-05, 3.9179460145533085e-05, 2.771547769953031e-05], [3.813373405137099e-05, 0.00010000882321037352, 0.00014328959514386952, 0.00011016323696821928, 9.136332664638758e-05, 6.450514774769545e-05], [1.7654087059781887e-05, 5.1408227591309696e-05, 0.00011016323696821928, 0.00019451556727290154, 0.00017100950935855508, 0.00011712327250279486], [1.2944645277457312e-05, 3.9179460145533085e-05, 9.136332664638758e-05, 0.00017100950935855508, 0.00017686096543911844, 0.00012024113675579429], [9.66783773037605e-06, 2.771547769953031e-05, 6.450514774769545e-05, 0.00011712327250279486, 0.00012024113675579429, 9.402990690432489e-05]]</COVARIANCE_MATRIX>
		<ROI_SIZE>4652</ROI_SIZE>
		<MAX_VALUE>[0.11655130237340927, 0.13034872710704803, 0.13540874421596527, 0.1093236431479454, 0.08351874351501465, 0.06914761662483215]</MAX_VALUE>
		<MIN_VALUE>[0.08536820113658905, 0.06524109840393066, 0.03720133751630783, 0.02266286127269268, 0.0, 0.0]</MIN_VALUE>
		<SIGNATURE_THRESHOLD_MD>0.0</SIGNATURE_THRESHOLD_MD>
		<SIGNATURE_THRESHOLD_ML>0.0</SIGNATURE_THRESHOLD_ML>
		<SIGNATURE_THRESHOLD_SAM>0.0</SIGNATURE_THRESHOLD_SAM>
	</signature>
	<signature ID="20210211_143443000604_197">
		<MACROCLASSID>1</MACROCLASSID>
		<MACROCLASSINFO>MC 1</MACROCLASSINFO>
		<CLASSID>8</CLASSID>
		<CLASSINFO>C 1</CLASSINFO>
		<VALUES>[0.13602706624401945, 0.006252915391754144, 0.17078398466110234, 0.014745060586192498, 0.19215079678429497, 0.01837095715400954, 0.09712694072061115, 0.016117552755867674, 0.040123078227043155, 0.02401009290184904, 0.033832920280595605, 0.020598266287865923]</VALUES>
		<LCS_MIN>[0.11655130237340927, 0.13377544283866882, 0.1382972151041031, 0.08043671399354935, 0.009126183576881886, 0.009053281508386135]</LCS_MIN>
		<LCS_MAX>[0.14445199072360992, 0.19202964007854462, 0.219173863530159, 0.14904317259788513, 0.09979210793972015, 0.08250193297863007]</LCS_MAX>
		<WAVELENGTH>[0.485, 0.56, 0.66, 0.83, 1.65, 2.215]</WAVELENGTH>
		<MEAN_VALUE>[0.13602706624401945, 0.17078398466110234, 0.19215079678429497, 0.09712694072061115, 0.040123078227043155, 0.033832920280595605]</MEAN_VALUE>
		<CHECKBOX>2</CHECKBOX>
		<SD>[0.006252915391754144, 0.014745060586192498, 0.01837095715400954, 0.016117552755867674, 0.02401009290184904, 0.020598266287865923]</SD>
		<WAVELENGTH_UNIT>E-6m</WAVELENGTH_UNIT>
		<COLOR>#e7568c</COLOR>
		<COVARIANCE_MATRIX>[[3.998756437795237e-05, 8.663487824378535e-05, 0.0001123587935580872, 2.4746450435486622e-05, -4.223000360070728e-05, -3.791520794038661e-05], [8.663487824378535e-05, 0.0002223580959253013, 0.00026584879378788173, 3.194590681232512e-05, -0.00013904845400247723, -0.00013161599054001272], [0.0001123587935580872, 0.00026584879378788173, 0.0003451623488217592, 5.759051055065356e-05, -0.00014630513032898307, -0.00013922409561928362], [2.4746450435486622e-05, 3.194590681232512e-05, 5.759051055065356e-05, 0.0002656794968061149, 0.0003193060401827097, 0.0002556725812610239], [-4.223000360070728e-05, -0.00013904845400247723, -0.00014630513032898307, 0.0003193060401827097, 0.0005895865033380687, 0.00047956095659174025], [-3.791520794038661e-05, -0.00013161599054001272, -0.00013922409561928362, 0.0002556725812610239, 0.00047956095659174025, 0.00043393150554038584]]</COVARIANCE_MATRIX>
		<ROI_SIZE>45</ROI_SIZE>
		<MAX_VALUE>[0.14445199072360992, 0.19202964007854462, 0.219173863530159, 0.14904317259788513, 0.09979210793972015, 0.08250193297863007]</MAX_VALUE>
		<MIN_VALUE>[0.11655130237340927, 0.13377544283866882, 0.1382972151041031, 0.08043671399354935, 0.009126183576881886, 0.009053281508386135]</MIN_VALUE>
		<SIGNATURE_THRESHOLD_MD>0.0</SIGNATURE_THRESHOLD_MD>
		<SIGNATURE_THRESHOLD_ML>0.0</SIGNATURE_THRESHOLD_ML>
		<SIGNATURE_THRESHOLD_SAM>0.0</SIGNATURE_THRESHOLD_SAM>
	</signature>
	<signature ID="20210211_143448252651_233">
		<MACROCLASSID>1</MACROCLASSID>
		<MACROCLASSINFO>MC 1</MACROCLASSINFO>
		<CLASSID>9</CLASSID>
		<CLASSINFO>C 1</CLASSINFO>
		<VALUES>[0.12166579379591828, 0.009465924048004169, 0.14293991323820376, 0.019990862889318863, 0.13641633786434357, 0.020117036220788167, 0.07850532320349717, 0.017916908877196304, 0.04507897794246673, 0.026781671478015814, 0.03156924663588059, 0.018804578466614163]</VALUES>
		<LCS_MIN>[0.10342158377170563, 0.10293500125408173, 0.09785884618759155, 0.055160652846097946, 0.013775719329714775, 0.009053281508386135]</LCS_MIN>
		<LCS_MAX>[0.13296346366405487, 0.16461589932441711, 0.15562790632247925, 0.11293450742959976, 0.09979210793972015, 0.07248619198799133]</LCS_MAX>
		<WAVELENGTH>[0.485, 0.56, 0.66, 0.83, 1.65, 2.215]</WAVELENGTH>
		<MEAN_VALUE>[0.12166579379591828, 0.14293991323820376, 0.13641633786434357, 0.07850532320349717, 0.04507897794246673, 0.03156924663588059]</MEAN_VALUE>
		<CHECKBOX>2</CHECKBOX>
		<SD>[0.009465924048004169, 0.019990862889318863, 0.020117036220788167, 0.017916908877196304, 0.026781671478015814, 0.018804578466614163]</SD>
		<WAVELENGTH_UNIT>E-6m</WAVELENGTH_UNIT>
		<COLOR>#f5f461</COLOR>
		<COVARIANCE_MATRIX>[[9.173714352073148e-05, 0.0001866127277025953, 0.00018987758085131645, -0.00013451447011902928, -0.00017971887427847832, -0.00010107013076776639], [0.0001866127277025953, 0.0004091497103217989, 0.00040720071410760283, -0.00030034632072784007, -0.00039840838871896267, -0.0002246069925604388], [0.00018987758085131645, 0.00040720071410760283, 0.0004143307451158762, -0.0002920290280599147, -0.0003853082307614386, -0.0002160935109714046], [-0.00013451447011902928, -0.00030034632072784007, -0.0002920290280599147, 0.00032865884713828564, 0.0004546374548226595, 0.0002928011235781014], [-0.00017971887427847832, -0.00039840838871896267, -0.0003853082307614386, 0.0004546374548226595, 0.0007343355100601912, 0.0004939796635881066], [-0.00010107013076776639, -0.0002246069925604388, -0.0002160935109714046, 0.0002928011235781014, 0.0004939796635881066, 0.0003620315110310912]]</COVARIANCE_MATRIX>
		<ROI_SIZE>43</ROI_SIZE>
		<MAX_VALUE>[0.13296346366405487, 0.16461589932441711, 0.15562790632247925, 0.11293450742959976, 0.09979210793972015, 0.07248619198799133]</MAX_VALUE>
		<MIN_VALUE>[0.10342158377170563, 0.10293500125408173, 0.09785884618759155, 0.055160652846097946, 0.013775719329714775, 0.009053281508386135]</MIN_VALUE>
		<SIGNATURE_THRESHOLD_MD>0.0</SIGNATURE_THRESHOLD_MD>
		<SIGNATURE_THRESHOLD_ML>0.0</SIGNATURE_THRESHOLD_ML>
		<SIGNATURE_THRESHOLD_SAM>0.0</SIGNATURE_THRESHOLD_SAM>
	</signature>
	<signature ID="20210211_143522123191_542">
		<MACROCLASSID>1</MACROCLASSID>
		<MACROCLASSINFO>MC 1</MACROCLASSINFO>
		<CLASSID>10</CLASSID>
		<CLASSINFO>C 1</CLASSINFO>
		<VALUES>[0.12776112036322648, 0.0029174161490238097, 0.1585598638597525, 0.006398631878098387, 0.14903351889466335, 0.0042005565342438855, 0.06840049770643133, 0.015269564397164996, 0.029888254685514856, 0.020670580246149216, 0.022386580509420634, 0.016142039045860448]</VALUES>
		<LCS_MIN>[0.11655130237340927, 0.13377544283866882, 0.13252027332782745, 0.05154979228973389, 0.0021518825087696314, 0.0023761317133903503]</LCS_MIN>
		<LCS_MAX>[0.13296346366405487, 0.17146934568881989, 0.1614048331975937, 0.12376710027456284, 0.0811939686536789, 0.06247047334909439]</LCS_MAX>
		<WAVELENGTH>[0.485, 0.56, 0.66, 0.83, 1.65, 2.215]</WAVELENGTH>
		<MEAN_VALUE>[0.12776112036322648, 0.1585598638597525, 0.14903351889466335, 0.06840049770643133, 0.029888254685514856, 0.022386580509420634]</MEAN_VALUE>
		<CHECKBOX>2</CHECKBOX>
		<SD>[0.0029174161490238097, 0.006398631878098387, 0.0042005565342438855, 0.015269564397164996, 0.020670580246149216, 0.016142039045860448]</SD>
		<WAVELENGTH_UNIT>E-6m</WAVELENGTH_UNIT>
		<COLOR>#df5ba8</COLOR>
		<COVARIANCE_MATRIX>[[8.56518636282999e-06, 1.4319183719635475e-05, 7.331637789320666e-06, -2.6405385142425075e-05, -3.822369035333395e-05, -2.681293699424714e-05], [1.4319183719635475e-05, 4.120161975151859e-05, 1.788335976016242e-05, -7.421431655529886e-05, -0.00010353384277550504, -7.376609573839232e-05], [7.331637789320666e-06, 1.788335976016242e-05, 1.7756350644049235e-05, -2.264192698930856e-05, -3.940217357012443e-05, -2.6017585696536116e-05], [-2.6405385142425075e-05, -7.421431655529886e-05, -2.264192698930856e-05, 0.00023463528486900032, 0.00028888144879601896, 0.0002209346421295777], [-3.822369035333395e-05, -0.00010353384277550504, -3.940217357012443e-05, 0.00028888144879601896, 0.000429977138992399, 0.00031973712611943483], [-2.681293699424714e-05, -7.376609573839232e-05, -2.6017585696536116e-05, 0.0002209346421295777, 0.00031973712611943483, 0.00026221456937491894]]</COVARIANCE_MATRIX>
		<ROI_SIZE>159</ROI_SIZE>
		<MAX_VALUE>[0.13296346366405487, 0.17146934568881989, 0.1614048331975937, 0.12376710027456284, 0.0811939686536789, 0.06247047334909439]</MAX_VALUE>
		<MIN_VALUE>[0.11655130237340927, 0.13377544283866882, 0.13252027332782745, 0.05154979228973389, 0.0021518825087696314, 0.0023761317133903503]</MIN_VALUE>
		<SIGNATURE_THRESHOLD_MD>0.0</SIGNATURE_THRESHOLD_MD>
		<SIGNATURE_THRESHOLD_ML>0.0</SIGNATURE_THRESHOLD_ML>
		<SIGNATURE_THRESHOLD_SAM>0.0</SIGNATURE_THRESHOLD_SAM>
	</signature>
	<signature ID="20210211_143554601709_220">
		<MACROCLASSID>1</MACROCLASSID>
		<MACROCLASSINFO>MC 1</MACROCLASSINFO>
		<CLASSID>11</CLASSID>
		<CLASSINFO>C 1</CLASSINFO>
		<VALUES>[0.12090287357568741, 0.00633060529184567, 0.14853969548429755, 0.011588284511613419, 0.12324422738381799, 0.008091138086102812, 0.055985995126622085, 0.017585763583856443, 0.026980394508157462, 0.015659318946075113, 0.02006103670490639, 0.013226216832302188]</VALUES>
		<LCS_MIN>[0.07552091777324677, 0.08922812342643738, 0.08919348567724228, 0.03710632398724556, 0.009126183576881886, 0.005714705679565668]</LCS_MIN>
		<LCS_MAX>[0.13460467755794525, 0.17146934568881989, 0.14696255326271057, 0.1093236431479454, 0.08816826343536377, 0.07916334271430969]</LCS_MAX>
		<WAVELENGTH>[0.485, 0.56, 0.66, 0.83, 1.65, 2.215]</WAVELENGTH>
		<MEAN_VALUE>[0.12090287357568741, 0.14853969548429755, 0.12324422738381799, 0.055985995126622085, 0.026980394508157462, 0.02006103670490639]</MEAN_VALUE>
		<CHECKBOX>2</CHECKBOX>
		<SD>[0.00633060529184567, 0.011588284511613419, 0.008091138086102812, 0.017585763583856443, 0.015659318946075113, 0.013226216832302188]</SD>
		<WAVELENGTH_UNIT>E-6m</WAVELENGTH_UNIT>
		<COLOR>#e581ea</COLOR>
		<COVARIANCE_MATRIX>[[4.030688796774484e-05, 6.292467878665775e-05, -3.07584537040384e-06, -4.2813713662326336e-05, -2.426359787932597e-05, -2.021284853981342e-05], [6.292467878665775e-05, 0.00013506010873243213, -9.432833394384943e-07, -9.751827747095376e-05, -6.527431105496362e-05, -5.4640480811940506e-05], [-3.07584537040384e-06, -9.432833394384943e-07, 6.584275979548693e-05, 7.399517926387489e-05, 2.9027227355982177e-05, 2.7987458452116698e-05], [-4.2813713662326336e-05, -9.751827747095376e-05, 7.399517926387489e-05, 0.00031103641958907247, 0.00020034688350278884, 0.00017044269770849496], [-2.426359787932597e-05, -6.527431105496362e-05, 2.9027227355982177e-05, 0.00020034688350278884, 0.0002466235600877553, 0.00019839049491565675], [-2.021284853981342e-05, -5.4640480811940506e-05, 2.7987458452116698e-05, 0.00017044269770849496, 0.00019839049491565675, 0.0001759381702868268]]</COVARIANCE_MATRIX>
		<ROI_SIZE>175</ROI_SIZE>
		<MAX_VALUE>[0.13460467755794525, 0.17146934568881989, 0.14696255326271057, 0.1093236431479454, 0.08816826343536377, 0.07916334271430969]</MAX_VALUE>
		<MIN_VALUE>[0.07552091777324677, 0.08922812342643738, 0.08919348567724228, 0.03710632398724556, 0.009126183576881886, 0.005714705679565668]</MIN_VALUE>
		<SIGNATURE_THRESHOLD_MD>0.0</SIGNATURE_THRESHOLD_MD>
		<SIGNATURE_THRESHOLD_ML>0.0</SIGNATURE_THRESHOLD_ML>
		<SIGNATURE_THRESHOLD_SAM>0.0</SIGNATURE_THRESHOLD_SAM>
	</signature>
	<signature ID="20210211_143600552080_907">
		<MACROCLASSID>1</MACROCLASSID>
		<MACROCLASSINFO>MC 1</MACROCLASSINFO>
		<CLASSID>12</CLASSID>
		<CLASSINFO>C 1</CLASSINFO>
		<VALUES>[0.08776991473574101, 0.0023936773853109263, 0.08353393045190251, 0.004337275505373686, 0.05436690662892676, 0.00941972565534565, 0.03303522924144326, 0.010112484473261742, 0.016182177382958993, 0.011163030401307481, 0.011809280803654534, 0.008911345226712889]</VALUES>
		<LCS_MIN>[0.07716213166713715, 0.06181437522172928, 0.04297824576497078, 0.015441130846738815, 0.0021518825087696314, 0.0]</LCS_MIN>
		<LCS_MAX>[0.09521550685167313, 0.09950827807188034, 0.1036357581615448, 0.09488018602132797, 0.07886920869350433, 0.06914761662483215]</LCS_MAX>
		<WAVELENGTH>[0.485, 0.56, 0.66, 0.83, 1.65, 2.215]</WAVELENGTH>
		<MEAN_VALUE>[0.08776991473574101, 0.08353393045190251, 0.05436690662892676, 0.03303522924144326, 0.016182177382958993, 0.011809280803654534]</MEAN_VALUE>
		<CHECKBOX>2</CHECKBOX>
		<SD>[0.0023936773853109263, 0.004337275505373686, 0.00941972565534565, 0.010112484473261742, 0.011163030401307481, 0.008911345226712889]</SD>
		<WAVELENGTH_UNIT>E-6m</WAVELENGTH_UNIT>
		<COLOR>#38bb05</COLOR>
		<COVARIANCE_MATRIX>[[5.824808795296121e-06, 4.758678187499754e-06, -2.1786145225632936e-06, -3.6389819797477685e-06, -3.3110638923972147e-06, -2.1074390588182723e-06], [4.758678187499754e-06, 1.763010186550673e-05, 1.1418384019634686e-05, 1.375100623590697e-06, 1.2625059753190726e-06, 1.6128810784721281e-06], [-2.1786145225632936e-06, 1.1418384019634686e-05, 7.000708865234628e-05, 6.26101900706999e-05, 6.387330358847976e-05, 4.819071909878403e-05], [-3.6389819797477685e-06, 1.375100623590697e-06, 6.26101900706999e-05, 9.785992733668536e-05, 9.118798334384337e-05, 6.680395745206624e-05], [-3.3110638923972147e-06, 1.2625059753190726e-06, 6.387330358847976e-05, 9.118798334384337e-05, 0.00011605003965087235, 8.264416828751564e-05], [-2.1074390588182723e-06, 1.6128810784721281e-06, 4.819071909878403e-05, 6.680395745206624e-05, 8.264416828751564e-05, 7.1337643021252e-05]]</COVARIANCE_MATRIX>
		<ROI_SIZE>3609</ROI_SIZE>
		<MAX_VALUE>[0.09521550685167313, 0.09950827807188034, 0.1036357581615448, 0.09488018602132797, 0.07886920869350433, 0.06914761662483215]</MAX_VALUE>
		<MIN_VALUE>[0.07716213166713715, 0.06181437522172928, 0.04297824576497078, 0.015441130846738815, 0.0021518825087696314, 0.0]</MIN_VALUE>
		<SIGNATURE_THRESHOLD_MD>0.0</SIGNATURE_THRESHOLD_MD>
		<SIGNATURE_THRESHOLD_ML>0.0</SIGNATURE_THRESHOLD_ML>
		<SIGNATURE_THRESHOLD_SAM>0.0</SIGNATURE_THRESHOLD_SAM>
	</signature>
	<signature ID="20210211_143606353684_202">
		<MACROCLASSID>1</MACROCLASSID>
		<MACROCLASSINFO>MC 1</MACROCLASSINFO>
		<CLASSID>13</CLASSID>
		<CLASSINFO>C 1</CLASSINFO>
		<VALUES>[0.09186200103520858, 0.0035657021338914505, 0.08564266159545271, 0.00726865389646345, 0.05551523875824029, 0.013006018644242851, 0.03387727211009089, 0.010271974353821113, 0.015016530165148671, 0.01227695807517292, 0.010315282194343401, 0.010308628352521299]</VALUES>
		<LCS_MIN>[0.08372699469327927, 0.07552124559879303, 0.045866698026657104, 0.019051995128393173, 0.0021518825087696314, 0.0]</LCS_MIN>
		<LCS_MAX>[0.10834523290395737, 0.13034872710704803, 0.12096647918224335, 0.10210190713405609, 0.07886920869350433, 0.06914761662483215]</LCS_MAX>
		<WAVELENGTH>[0.485, 0.56, 0.66, 0.83, 1.65, 2.215]</WAVELENGTH>
		<MEAN_VALUE>[0.09186200103520858, 0.08564266159545271, 0.05551523875824029, 0.03387727211009089, 0.015016530165148671, 0.010315282194343401]</MEAN_VALUE>
		<CHECKBOX>2</CHECKBOX>
		<SD>[0.0035657021338914505, 0.00726865389646345, 0.013006018644242851, 0.010271974353821113, 0.01227695807517292, 0.010308628352521299]</SD>
		<WAVELENGTH_UNIT>E-6m</WAVELENGTH_UNIT>
		<COLOR>#7c2ac8</COLOR>
		<COVARIANCE_MATRIX>[[1.2727048670058139e-05, 2.0058174413861707e-05, 2.818844404828269e-05, 7.996487511263695e-06, 2.55754571298894e-06, 4.3263144107186235e-06], [2.0058174413861707e-05, 5.288658940116875e-05, 8.050693577388301e-05, 2.9971419280627742e-05, 2.1542413378483616e-05, 2.1930889488430694e-05], [2.818844404828269e-05, 8.050693577388301e-05, 0.00016932704602368176, 9.322972618974745e-05, 8.725817315280437e-05, 7.700472633587196e-05], [7.996487511263695e-06, 2.9971419280627742e-05, 9.322972618974745e-05, 0.00010561982344370335, 0.00010778165597002953, 8.6684049165342e-05], [2.55754571298894e-06, 2.1542413378483616e-05, 8.725817315280437e-05, 0.00010778165597002953, 0.00015087563951965421, 0.00011578645353438333], [4.3263144107186235e-06, 2.1930889488430694e-05, 7.700472633587196e-05, 8.6684049165342e-05, 0.00011578645353438333, 0.00010637494415277615]]</COVARIANCE_MATRIX>
		<ROI_SIZE>993</ROI_SIZE>
		<MAX_VALUE>[0.10834523290395737, 0.13034872710704803, 0.12096647918224335, 0.10210190713405609, 0.07886920869350433, 0.06914761662483215]</MAX_VALUE>
		<MIN_VALUE>[0.08372699469327927, 0.07552124559879303, 0.045866698026657104, 0.019051995128393173, 0.0021518825087696314, 0.0]</MIN_VALUE>
		<SIGNATURE_THRESHOLD_MD>0.0</SIGNATURE_THRESHOLD_MD>
		<SIGNATURE_THRESHOLD_ML>0.0</SIGNATURE_THRESHOLD_ML>
		<SIGNATURE_THRESHOLD_SAM>0.0</SIGNATURE_THRESHOLD_SAM>
	</signature>
	<signature ID="20210211_143612293996_121">
		<MACROCLASSID>1</MACROCLASSID>
		<MACROCLASSINFO>MC 1</MACROCLASSINFO>
		<CLASSID>14</CLASSID>
		<CLASSINFO>C 1</CLASSINFO>
		<VALUES>[0.08516820210389339, 0.0025769886717977677, 0.08545750203312079, 0.0038881095837082586, 0.06230707132794953, 0.010121026542859027, 0.037494589664763045, 0.015185982740551246, 0.016225472453140443, 0.014944990721000433, 0.01144490645711033, 0.011744917974138893]</VALUES>
		<LCS_MIN>[0.08044455945491791, 0.07552124559879303, 0.05453205853700638, 0.02266286127269268, 0.0044766501523554325, 0.0]</LCS_MIN>
		<LCS_MAX>[0.09521550685167313, 0.09950827807188034, 0.10074730962514877, 0.09849103540182114, 0.07421966642141342, 0.06914761662483215]</LCS_MAX>
		<WAVELENGTH>[0.485, 0.56, 0.66, 0.83, 1.65, 2.215]</WAVELENGTH>
		<MEAN_VALUE>[0.08516820210389339, 0.08545750203312079, 0.06230707132794953, 0.037494589664763045, 0.016225472453140443, 0.01144490645711033]</MEAN_VALUE>
		<CHECKBOX>2</CHECKBOX>
		<SD>[0.0025769886717977677, 0.0038881095837082586, 0.010121026542859027, 0.015185982740551246, 0.014944990721000433, 0.011744917974138893]</SD>
		<WAVELENGTH_UNIT>E-6m</WAVELENGTH_UNIT>
		<COLOR>#933c63</COLOR>
		<COVARIANCE_MATRIX>[[6.664758529950632e-06, 6.323701654764591e-06, 1.816969052015338e-05, 2.3825408788979985e-05, 1.9170931409462355e-05, 1.4468323570326902e-05], [6.323701654764591e-06, 1.5171774975897279e-05, 3.312488115625456e-05, 3.992480196757242e-05, 3.2223651942331344e-05, 2.3982356651686132e-05], [1.816969052015338e-05, 3.312488115625456e-05, 0.00010280364949721843, 0.00012227821571286768, 9.689917351352051e-05, 7.343061588471755e-05], [2.3825408788979985e-05, 3.992480196757242e-05, 0.00012227821571286768, 0.00023144361330196261, 0.00020446720009204, 0.00015511535457335413], [1.9170931409462355e-05, 3.2223651942331344e-05, 9.689917351352051e-05, 0.00020446720009204, 0.000224156174226664, 0.000165608202223666], [1.4468323570326902e-05, 2.3982356651686132e-05, 7.343061588471755e-05, 0.00015511535457335413, 0.000165608202223666, 0.00013843929627910256]]</COVARIANCE_MATRIX>
		<ROI_SIZE>279</ROI_SIZE>
		<MAX_VALUE>[0.09521550685167313, 0.09950827807188034, 0.10074730962514877, 0.09849103540182114, 0.07421966642141342, 0.06914761662483215]</MAX_VALUE>
		<MIN_VALUE>[0.08044455945491791, 0.07552124559879303, 0.05453205853700638, 0.02266286127269268, 0.0044766501523554325, 0.0]</MIN_VALUE>
		<SIGNATURE_THRESHOLD_MD>0.0</SIGNATURE_THRESHOLD_MD>
		<SIGNATURE_THRESHOLD_ML>0.0</SIGNATURE_THRESHOLD_ML>
		<SIGNATURE_THRESHOLD_SAM>0.0</SIGNATURE_THRESHOLD_SAM>
	</signature>
	<signature ID="20210211_143618569391_934">
		<MACROCLASSID>1</MACROCLASSID>
		<MACROCLASSINFO>MC 1</MACROCLASSINFO>
		<CLASSID>15</CLASSID>
		<CLASSINFO>C 1</CLASSINFO>
		<VALUES>[0.08944586714364816, 0.00414672073257695, 0.0893517654657979, 0.0091352401262549, 0.0832081428661788, 0.009764414439422579, 0.07220989682702064, 0.023665210989767326, 0.029833387012218996, 0.017454780584584568, 0.021207898379946785, 0.01342081021234721]</VALUES>
		<LCS_MIN>[0.07880333811044693, 0.07209452986717224, 0.06319741904735565, 0.029884591698646545, 0.0044766501523554325, 0.0]</LCS_MIN>
		<LCS_MAX>[0.09849792718887329, 0.1132151409983635, 0.10941266268491745, 0.1345997005701065, 0.08351874351501465, 0.07248619198799133]</LCS_MAX>
		<WAVELENGTH>[0.485, 0.56, 0.66, 0.83, 1.65, 2.215]</WAVELENGTH>
		<MEAN_VALUE>[0.08944586714364816, 0.0893517654657979, 0.0832081428661788, 0.07220989682702064, 0.029833387012218996, 0.021207898379946785]</MEAN_VALUE>
		<CHECKBOX>2</CHECKBOX>
		<SD>[0.00414672073257695, 0.0091352401262549, 0.009764414439422579, 0.023665210989767326, 0.017454780584584568, 0.01342081021234721]</SD>
		<WAVELENGTH_UNIT>E-6m</WAVELENGTH_UNIT>
		<COLOR>#e0a43e</COLOR>
		<COVARIANCE_MATRIX>[[1.7284388377447613e-05, 3.154701698804274e-05, 2.7332815079716966e-05, 1.3254173154564342e-06, 1.0136078344658017e-05, 5.541823156818282e-06], [3.154701698804274e-05, 8.388501009903848e-05, 6.97728683007881e-05, -7.376055691565853e-06, 2.413216861896217e-05, 1.3782692803943064e-05], [2.7332815079716966e-05, 6.97728683007881e-05, 9.583780047250912e-05, 0.00011851638555526733, 9.535622666589916e-05, 6.417513941414654e-05], [1.3254173154564342e-06, -7.376055691565853e-06, 0.00011851638555526733, 0.000562943983823061, 0.00033986492780968547, 0.0002379533980274573], [1.0136078344658017e-05, 2.413216861896217e-05, 9.535622666589916e-05, 0.00033986492780968547, 0.00030624796636402607, 0.00021943124011158943], [5.541823156818282e-06, 1.3782692803943064e-05, 6.417513941414654e-05, 0.0002379533980274573, 0.00021943124011158943, 0.0001810514077078551]]</COVARIANCE_MATRIX>
		<ROI_SIZE>194</ROI_SIZE>
		<MAX_VALUE>[0.09849792718887329, 0.1132151409983635, 0.10941266268491745, 0.1345997005701065, 0.08351874351501465, 0.07248619198799133]</MAX_VALUE>
		<MIN_VALUE>[0.07880333811044693, 0.07209452986717224, 0.06319741904735565, 0.029884591698646545, 0.0044766501523554325, 0.0]</MIN_VALUE>
		<SIGNATURE_THRESHOLD_MD>0.0</SIGNATURE_THRESHOLD_MD>
		<SIGNATURE_THRESHOLD_ML>0.0</SIGNATURE_THRESHOLD_ML>
		<SIGNATURE_THRESHOLD_SAM>0.0</SIGNATURE_THRESHOLD_SAM>
	</signature>
	<signature ID="20210211_143624385587_603">
		<MACROCLASSID>1</MACROCLASSID>
		<MACROCLASSINFO>MC 1</MACROCLASSINFO>
		<CLASSID>16</CLASSID>
		<CLASSINFO>C 1</CLASSINFO>
		<VALUES>[0.09859625802886109, 0.00735428954227572, 0.10563530944596786, 0.01601581466473051, 0.08651801354942781, 0.01216147672623529, 0.052581464309537196, 0.01894947429720607, 0.02149458724977492, 0.014123595011395366, 0.01499977331578491, 0.011117489369666854]</VALUES>
		<LCS_MIN>[0.07716213166713715, 0.06866782903671265, 0.05453205853700638, 0.026273729279637337, 0.0021518825087696314, 0.0]</LCS_MIN>
		<LCS_MAX>[0.11162766069173813, 0.13034872710704803, 0.10941266268491745, 0.10571277886629105, 0.07654442638158798, 0.05913189798593521]</LCS_MAX>
		<WAVELENGTH>[0.485, 0.56, 0.66, 0.83, 1.65, 2.215]</WAVELENGTH>
