<?xml version="1.0" ?>
<signaturelist MCID_LIST="[['1', 'waterbody', '#0000ff'], ['2', 'vegetation', '#00ff00'], ['3', 'bareland', '#ffaa00'], ['4', 'built-up', '#ff0000']]">
	<signature ID="20210204_125112565980_456">
		<MACROCLASSID>1</MACROCLASSID>
		<MACROCLASSINFO>waterbody</MACROCLASSINFO>
		<CLASSID>1</CLASSID>
		<CLASSINFO>C 1</CLASSINFO>
		<VALUES>[0.13568287998437933, 0.0022053466027498214, 0.11252244822003607, 0.0025261674482644774, 0.07917926786482833, 0.002462760627932229, 0.06701718313265438, 0.0031834804498417635, 0.024168219973356244, 0.0024845102938446163, 0.01630493858305755, 0.0034615041331340396]</VALUES>
		<LCS_MIN>[0.12638722360134125, 0.09569428861141205, 0.07067279517650604, 0.06021875888109207, 0.014114940539002419, 0.005855427589267492]</LCS_MIN>
		<LCS_MAX>[0.14407698810100555, 0.12133923172950745, 0.09138984978199005, 0.10091636329889297, 0.049845144152641296, 0.02980092726647854]</LCS_MAX>
		<WAVELENGTH>[0.485, 0.56, 0.66, 0.83, 1.65, 2.215]</WAVELENGTH>
		<MEAN_VALUE>[0.13568287998437933, 0.11252244822003607, 0.07917926786482833, 0.06701718313265438, 0.024168219973356244, 0.01630493858305755]</MEAN_VALUE>
		<CHECKBOX>2</CHECKBOX>
		<SD>[0.0022053466027498214, 0.0025261674482644774, 0.002462760627932229, 0.0031834804498417635, 0.0024845102938446163, 0.0034615041331340396]</SD>
		<WAVELENGTH_UNIT>E-6m</WAVELENGTH_UNIT>
		<COLOR>#a3a0ac</COLOR>
		<COVARIANCE_MATRIX>[[4.902652563032461e-06, 2.442870254526497e-06, 2.2842607450002106e-06, 1.2783043246145098e-07, 9.280551012125215e-07, 1.4775666841160273e-06], [2.442870254526497e-06, 6.340999789244961e-06, 2.6892064397543436e-06, 2.0014384460864676e-07, 6.838564559075166e-07, 1.1970766990998527e-06], [2.2842607450002106e-06, 2.6892064397543436e-06, 5.81787753617391e-06, 7.264240480253648e-07, 1.2036367706969031e-06, 1.530347617517691e-06], [1.2783043246145098e-07, 2.0014384460864676e-07, 7.264240480253648e-07, 8.957133104559034e-06, 2.322571162949316e-06, 1.0362894045101712e-06], [9.280551012125215e-07, 6.838564559075166e-07, 1.2036367706969031e-06, 2.322571162949316e-06, 6.716605184919899e-06, 2.8158781333331717e-06], [1.4775666841160273e-06, 1.1970766990998527e-06, 1.530347617517691e-06, 1.0362894045101712e-06, 2.8158781333331717e-06, 1.20897921078722e-05]]</COVARIANCE_MATRIX>
		<ROI_SIZE>10139</ROI_SIZE>
		<MAX_VALUE>[0.14407698810100555, 0.12133923172950745, 0.09138984978199005, 0.10091636329889297, 0.049845144152641296, 0.02980092726647854]</MAX_VALUE>
		<MIN_VALUE>[0.12638722360134125, 0.09569428861141205, 0.07067279517650604, 0.06021875888109207, 0.014114940539002419, 0.005855427589267492]</MIN_VALUE>
		<SIGNATURE_THRESHOLD_MD>0.0</SIGNATURE_THRESHOLD_MD>
		<SIGNATURE_THRESHOLD_ML>0.0</SIGNATURE_THRESHOLD_ML>
		<SIGNATURE_THRESHOLD_SAM>0.0</SIGNATURE_THRESHOLD_SAM>
	</signature>
	<signature ID="20210204_125121104752_848">
		<MACROCLASSID>1</MACROCLASSID>
		<MACROCLASSINFO>waterbody</MACROCLASSINFO>
		<CLASSID>2</CLASSID>
		<CLASSINFO>C 1</CLASSINFO>
		<VALUES>[0.12983307880052403, 0.004400857071391745, 0.11258589547073214, 0.004820634138802501, 0.07706317211138426, 0.0033273264774961644, 0.06839259185624151, 0.004001350509775965, 0.026242353850668483, 0.0033422447181493545, 0.018337601163372606, 0.00413624192843745]</VALUES>
		<LCS_MIN>[0.11459407210350037, 0.09569428861141205, 0.06771321594715118, 0.06021875888109207, 0.014114940539002419, 0.005855427589267492]</LCS_MIN>
		<LCS_MAX>[0.14112871885299683, 0.12454484403133392, 0.10026859492063522, 0.10831592977046967, 0.06890126317739487, 0.06058799847960472]</LCS_MAX>
		<WAVELENGTH>[0.485, 0.56, 0.66, 0.83, 1.65, 2.215]</WAVELENGTH>
		<MEAN_VALUE>[0.12983307880052403, 0.11258589547073214, 0.07706317211138426, 0.06839259185624151, 0.026242353850668483, 0.018337601163372606]</MEAN_VALUE>
		<CHECKBOX>2</CHECKBOX>
		<SD>[0.004400857071391745, 0.004820634138802501, 0.0033273264774961644, 0.004001350509775965, 0.0033422447181493545, 0.00413624192843745]</SD>
		<WAVELENGTH_UNIT>E-6m</WAVELENGTH_UNIT>
		<COLOR>#ead6ef</COLOR>
		<COVARIANCE_MATRIX>[[1.7134769223048352e-05, 1.4740237020305358e-05, 6.206082161952509e-06, -5.5150849220808595e-06, 2.9322113732632715e-06, 5.1945153245469555e-06], [1.4740237020305358e-05, 1.9782850358751602e-05, 8.106128916551825e-06, -4.895616712019546e-06, 3.649190148280468e-06, 5.438119387690676e-06], [6.206082161952509e-06, 8.106128916551825e-06, 1.0496263712411746e-05, 9.284458428737707e-07, 4.675384388974635e-06, 4.97822566103423e-06], [-5.5150849220808595e-06, -4.895616712019546e-06, 9.284458428737707e-07, 1.4451313290919643e-05, 5.043455530540086e-06, 3.3753810839698417e-06], [2.9322113732632715e-06, 3.649190148280468e-06, 4.675384388974635e-06, 5.043455530540086e-06, 1.0602302609186154e-05, 6.754373316653073e-06], [5.1945153245469555e-06, 5.438119387690676e-06, 4.97822566103423e-06, 3.3753810839698417e-06, 6.754373316653073e-06, 1.608818638487719e-05]]</COVARIANCE_MATRIX>
		<ROI_SIZE>10051</ROI_SIZE>
		<MAX_VALUE>[0.14112871885299683, 0.12454484403133392, 0.10026859492063522, 0.10831592977046967, 0.06890126317739487, 0.06058799847960472]</MAX_VALUE>
		<MIN_VALUE>[0.11459407210350037, 0.09569428861141205, 0.06771321594715118, 0.06021875888109207, 0.014114940539002419, 0.005855427589267492]</MIN_VALUE>
		<SIGNATURE_THRESHOLD_MD>0.0</SIGNATURE_THRESHOLD_MD>
		<SIGNATURE_THRESHOLD_ML>0.0</SIGNATURE_THRESHOLD_ML>
		<SIGNATURE_THRESHOLD_SAM>0.0</SIGNATURE_THRESHOLD_SAM>
	</signature>
	<signature ID="20210204_125130051821_145">
		<MACROCLASSID>1</MACROCLASSID>
		<MACROCLASSINFO>waterbody</MACROCLASSINFO>
		<CLASSID>3</CLASSID>
		<CLASSINFO>C 1</CLASSINFO>
		<VALUES>[0.12349319826346823, 0.0025728786245129125, 0.10379764075811908, 0.0031895784643160563, 0.07232356587413437, 0.0021894428144861484, 0.07023332393318704, 0.007083728502557929, 0.024049740566553998, 0.0036489224192801546, 0.01533604118655669, 0.0038314676486602833]</VALUES>
		<LCS_MIN>[0.11164575815200806, 0.09248866885900497, 0.06475362926721573, 0.06021875888109207, 0.01649695448577404, 0.002434643218293786]</LCS_MIN>
		<LCS_MAX>[0.13080967962741852, 0.11172236502170563, 0.07955154031515121, 0.10831592977046967, 0.061755213886499405, 0.02980092726647854]</LCS_MAX>
		<WAVELENGTH>[0.485, 0.56, 0.66, 0.83, 1.65, 2.215]</WAVELENGTH>
		<MEAN_VALUE>[0.12349319826346823, 0.10379764075811908, 0.07232356587413437, 0.07023332393318704, 0.024049740566553998, 0.01533604118655669]</MEAN_VALUE>
		<CHECKBOX>2</CHECKBOX>
		<SD>[0.0025728786245129125, 0.0031895784643160563, 0.0021894428144861484, 0.007083728502557929, 0.0036489224192801546, 0.0038314676486602833]</SD>
		<WAVELENGTH_UNIT>E-6m</WAVELENGTH_UNIT>
		<COLOR>#13b4c4</COLOR>
		<COVARIANCE_MATRIX>[[5.99243276155903e-06, 4.090779384569032e-06, 1.826985339903331e-06, -5.457578481582459e-06, -4.950039738105261e-07, 1.5552770946669625e-06], [4.090779384569032e-06, 9.193138794216793e-06, 2.588164079497801e-06, -5.223234438744839e-06, 2.3013461714072037e-07, 2.407141664662049e-06], [1.826985339903331e-06, 2.588164079497801e-06, 4.786796125699766e-06, 4.911331643597805e-07, 1.9217418412154075e-06, 2.5485912829026347e-06], [-5.457578481582459e-06, -5.223234438744839e-06, 4.911331643597805e-07, 4.020804772153497e-05, 1.4252124856284354e-05, 6.9812840592931025e-06], [-4.950039738105261e-07, 2.3013461714072037e-07, 1.9217418412154075e-06, 1.4252124856284354e-05, 1.3845765352016315e-05, 7.978675057529472e-06], [1.5552770946669625e-06, 2.407141664662049e-06, 2.5485912829026347e-06, 6.9812840592931025e-06, 7.978675057529472e-06, 1.6217181837419048e-05]]</COVARIANCE_MATRIX>
		<ROI_SIZE>7532</ROI_SIZE>
		<MAX_VALUE>[0.13080967962741852, 0.11172236502170563, 0.07955154031515121, 0.10831592977046967, 0.061755213886499405, 0.02980092726647854]</MAX_VALUE>
		<MIN_VALUE>[0.11164575815200806, 0.09248866885900497, 0.06475362926721573, 0.06021875888109207, 0.01649695448577404, 0.002434643218293786]</MIN_VALUE>
		<SIGNATURE_THRESHOLD_MD>0.0</SIGNATURE_THRESHOLD_MD>
		<SIGNATURE_THRESHOLD_ML>0.0</SIGNATURE_THRESHOLD_ML>
		<SIGNATURE_THRESHOLD_SAM>0.0</SIGNATURE_THRESHOLD_SAM>
	</signature>
	<signature ID="20210204_125135859063_880">
		<MACROCLASSID>1</MACROCLASSID>
		<MACROCLASSINFO>waterbody</MACROCLASSINFO>
		<CLASSID>4</CLASSID>
		<CLASSINFO>C 1</CLASSINFO>
		<VALUES>[0.11422661736121162, 0.0024131526015539325, 0.09385842931642015, 0.003342839126669407, 0.07024247129655023, 0.003215798688718337, 0.09449389473001749, 0.009793880465347305, 0.03995660956097815, 0.007741238986680544, 0.02382216514129667, 0.005563991226468693]</VALUES>
		<LCS_MIN>[0.10722331702709198, 0.08287181705236435, 0.06179405376315117, 0.07501788437366486, 0.02840702421963215, 0.012697000987827778]</LCS_MIN>
		<LCS_MAX>[0.11901649832725525, 0.10531112551689148, 0.08251111954450607, 0.12311506271362305, 0.06890126317739487, 0.06058799847960472]</LCS_MAX>
		<WAVELENGTH>[0.485, 0.56, 0.66, 0.83, 1.65, 2.215]</WAVELENGTH>
		<MEAN_VALUE>[0.11422661736121162, 0.09385842931642015, 0.07024247129655023, 0.09449389473001749, 0.03995660956097815, 0.02382216514129667]</MEAN_VALUE>
		<CHECKBOX>2</CHECKBOX>
		<SD>[0.0024131526015539325, 0.003342839126669407, 0.003215798688718337, 0.009793880465347305, 0.007741238986680544, 0.005563991226468693]</SD>
		<WAVELENGTH_UNIT>E-6m</WAVELENGTH_UNIT>
		<COLOR>#8c2871</COLOR>
		<COVARIANCE_MATRIX>[[5.898808467463823e-06, 4.580453605740331e-06, 3.909327006113017e-06, 1.6600641856712173e-06, 2.8843842301284894e-06, 3.5861546621163143e-06], [4.580453605740331e-06, 1.1804181667685043e-05, 8.691020411788486e-06, 7.304950941033894e-06, 8.92185744305607e-06, 8.533234904462006e-06], [3.909327006113017e-06, 8.691020411788486e-06, 1.3620870959130116e-05, 1.345023702015169e-05, 1.4871580788167194e-05, 1.2423489351931494e-05], [1.6600641856712173e-06, 7.304950941033894e-06, 1.345023702015169e-05, 0.00010173911141464487, 6.393880903488025e-05, 3.983784336014651e-05], [2.8843842301284894e-06, 8.92185744305607e-06, 1.4871580788167194e-05, 6.393880903488025e-05, 7.131150778150186e-05, 4.094872565474361e-05], [3.5861546621163143e-06, 8.533234904462006e-06, 1.2423489351931494e-05, 3.983784336014651e-05, 4.094872565474361e-05, 4.1513852920616046e-05]]</COVARIANCE_MATRIX>
		<ROI_SIZE>707</ROI_SIZE>
		<MAX_VALUE>[0.11901649832725525, 0.10531112551689148, 0.08251111954450607, 0.12311506271362305, 0.06890126317739487, 0.06058799847960472]</MAX_VALUE>
		<MIN_VALUE>[0.10722331702709198, 0.08287181705236435, 0.06179405376315117, 0.07501788437366486, 0.02840702421963215, 0.012697000987827778]</MIN_VALUE>
		<SIGNATURE_THRESHOLD_MD>0.0</SIGNATURE_THRESHOLD_MD>
		<SIGNATURE_THRESHOLD_ML>0.0</SIGNATURE_THRESHOLD_ML>
		<SIGNATURE_THRESHOLD_SAM>0.0</SIGNATURE_THRESHOLD_SAM>
	</signature>
	<signature ID="20210204_125143938140_195">
		<MACROCLASSID>1</MACROCLASSID>
		<MACROCLASSINFO>waterbody</MACROCLASSINFO>
		<CLASSID>5</CLASSID>
		<CLASSINFO>C 1</CLASSINFO>
		<VALUES>[0.12444202145351503, 0.0035800517074138865, 0.10401563161521926, 0.005087751167850879, 0.07673659933296813, 0.003347815733687166, 0.10047823253710916, 0.010649234919629665, 0.03823954656482078, 0.007522180075348165, 0.020535227233417937, 0.004448901099015179]</VALUES>
		<LCS_MIN>[0.11459407210350037, 0.09248866885900497, 0.06771321594715118, 0.08611723780632019, 0.026025008410215378, 0.009276214055716991]</LCS_MIN>
		<LCS_MAX>[0.13375796377658844, 0.11172236502170563, 0.08251111954450607, 0.13051462173461914, 0.07604730129241943, 0.043484073132276535]</LCS_MAX>
		<WAVELENGTH>[0.485, 0.56, 0.66, 0.83, 1.65, 2.215]</WAVELENGTH>
		<MEAN_VALUE>[0.12444202145351503, 0.10401563161521926, 0.07673659933296813, 0.10047823253710916, 0.03823954656482078, 0.020535227233417937]</MEAN_VALUE>
		<CHECKBOX>2</CHECKBOX>
		<SD>[0.0035800517074138865, 0.005087751167850879, 0.003347815733687166, 0.010649234919629665, 0.007522180075348165, 0.004448901099015179]</SD>
		<WAVELENGTH_UNIT>E-6m</WAVELENGTH_UNIT>
		<COLOR>#2fd6ac</COLOR>
		<COVARIANCE_MATRIX>[[1.0693086551327724e-05, 1.1693834494508337e-05, 7.023671514616581e-06, -8.862670256348792e-06, -9.867129847407341e-06, -4.550247467705049e-06], [1.1693834494508337e-05, 2.165828482247889e-05, 1.0220726835541427e-05, -1.0604073395370506e-05, -1.236780735780485e-05, -5.508811682375381e-06], [7.023671514616581e-06, 1.0220726835541427e-05, 9.735815183375962e-06, -4.343219188740477e-06, -5.940861228737049e-06, -2.0553234207909554e-06], [-8.862670256348792e-06, -1.0604073395370506e-05, -4.343219188740477e-06, 0.00011084462312282994, 6.295436469372362e-05, 2.601758205855731e-05], [-9.867129847407341e-06, -1.236780735780485e-05, -5.940861228737049e-06, 6.295436469372362e-05, 5.7560111599741504e-05, 2.2879117750562727e-05], [-4.550247467705049e-06, -5.508811682375381e-06, -2.0553234207909554e-06, 2.601758205855731e-05, 2.2879117750562727e-05, 1.9617606085375883e-05]]</COVARIANCE_MATRIX>
		<ROI_SIZE>744</ROI_SIZE>
		<MAX_VALUE>[0.13375796377658844, 0.11172236502170563, 0.08251111954450607, 0.13051462173461914, 0.07604730129241943, 0.043484073132276535]</MAX_VALUE>
		<MIN_VALUE>[0.11459407210350037, 0.09248866885900497, 0.06771321594715118, 0.08611723780632019, 0.026025008410215378, 0.009276214055716991]</MIN_VALUE>
		<SIGNATURE_THRESHOLD_MD>0.0</SIGNATURE_THRESHOLD_MD>
		<SIGNATURE_THRESHOLD_ML>0.0</SIGNATURE_THRESHOLD_ML>
		<SIGNATURE_THRESHOLD_SAM>0.0</SIGNATURE_THRESHOLD_SAM>
	</signature>
	<signature ID="20210204_125152983242_119">
		<MACROCLASSID>1</MACROCLASSID>
		<MACROCLASSINFO>waterbody</MACROCLASSINFO>
		<CLASSID>6</CLASSID>
		<CLASSINFO>C 1</CLASSINFO>
		<VALUES>[0.11958977483488895, 0.0019943209132172323, 0.12246713014664476, 0.003498408856358072, 0.10509161292402833, 0.0037042409855859437, 0.11133056768664608, 0.014936789747576094, 0.04984514711907616, 0.011954099455491286, 0.026886924187204345, 0.00757530536919152]</VALUES>
		<LCS_MIN>[0.11459407210350037, 0.11172236502170563, 0.0943494439125061, 0.08611723780632019, 0.03317105025053024, 0.012697000987827778]</LCS_MIN>
		<LCS_MAX>[0.12491308152675629, 0.1277504712343216, 0.11210691183805466, 0.14901354908943176, 0.07842931151390076, 0.043484073132276535]</LCS_MAX>
		<WAVELENGTH>[0.485, 0.56, 0.66, 0.83, 1.65, 2.215]</WAVELENGTH>
		<MEAN_VALUE>[0.11958977483488895, 0.12246713014664476, 0.10509161292402833, 0.11133056768664608, 0.04984514711907616, 0.026886924187204345]</MEAN_VALUE>
		<CHECKBOX>2</CHECKBOX>
		<SD>[0.0019943209132172323, 0.003498408856358072, 0.0037042409855859437, 0.014936789747576094, 0.011954099455491286, 0.00757530536919152]</SD>
		<WAVELENGTH_UNIT>E-6m</WAVELENGTH_UNIT>
		<COLOR>#69e106</COLOR>
		<COVARIANCE_MATRIX>[[4.052359599882038e-06, 2.8184845177747775e-06, 3.76832804249716e-06, -7.626459591847379e-06, -7.022857516858494e-06, -2.484358446963597e-06], [2.8184845177747775e-06, 1.2469786270230543e-05, 9.314907401858363e-06, -3.859709977405146e-05, -3.0543316825060174e-05, -1.3617131116916426e-05], [3.76832804249716e-06, 9.314907401858363e-06, 1.3980295989313163e-05, -2.638358637341298e-05, -2.1282296074787155e-05, -6.310754088190151e-06], [-7.626459591847379e-06, -3.859709977405146e-05, -2.638358637341298e-05, 0.0002273172722198069, 0.00014699310122523457, 8.273824641946703e-05], [-7.022857516858494e-06, -3.0543316825060174e-05, -2.1282296074787155e-05, 0.00014699310122523457, 0.00014559672854375094, 8.056114165810868e-05], [-2.484358446963597e-06, -1.3617131116916426e-05, -6.310754088190151e-06, 8.273824641946703e-05, 8.056114165810868e-05, 5.846799103892408e-05]]</COVARIANCE_MATRIX>
		<ROI_SIZE>54</ROI_SIZE>
		<MAX_VALUE>[0.12491308152675629, 0.1277504712343216, 0.11210691183805466, 0.14901354908943176, 0.07842931151390076, 0.043484073132276535]</MAX_VALUE>
		<MIN_VALUE>[0.11459407210350037, 0.11172236502170563, 0.0943494439125061, 0.08611723780632019, 0.03317105025053024, 0.012697000987827778]</MIN_VALUE>
		<SIGNATURE_THRESHOLD_MD>0.0</SIGNATURE_THRESHOLD_MD>
		<SIGNATURE_THRESHOLD_ML>0.0</SIGNATURE_THRESHOLD_ML>
		<SIGNATURE_THRESHOLD_SAM>0.0</SIGNATURE_THRESHOLD_SAM>
	</signature>
	<signature ID="20210204_125215822018_641">
		<MACROCLASSID>1</MACROCLASSID>
		<MACROCLASSINFO>waterbody</MACROCLASSINFO>
		<CLASSID>7</CLASSID>
		<CLASSINFO>C 1</CLASSINFO>
		<VALUES>[0.12240657206689627, 0.0031906468188551158, 0.10294163996597507, 0.004747872469293338, 0.07371300956722673, 0.0037226147559609483, 0.0773552409179804, 0.009384348420813692, 0.027751145188502385, 0.0030764368052594803, 0.01839576173235141, 0.0038138526239940023]</VALUES>
		<LCS_MIN>[0.11017162352800369, 0.0892830491065979, 0.06475362926721573, 0.06391854584217072, 0.018878968432545662, 0.005855427589267492]</LCS_MIN>
		<LCS_MAX>[0.13080967962741852, 0.12454484403133392, 0.09730900824069977, 0.10831592977046967, 0.061755213886499405, 0.02980092726647854]</LCS_MAX>
		<WAVELENGTH>[0.485, 0.56, 0.66, 0.83, 1.65, 2.215]</WAVELENGTH>
		<MEAN_VALUE>[0.12240657206689627, 0.10294163996597507, 0.07371300956722673, 0.0773552409179804, 0.027751145188502385, 0.01839576173235141]</MEAN_VALUE>
		<CHECKBOX>2</CHECKBOX>
		<SD>[0.0031906468188551158, 0.004747872469293338, 0.0037226147559609483, 0.009384348420813692, 0.0030764368052594803, 0.0038138526239940023]</SD>
		<WAVELENGTH_UNIT>E-6m</WAVELENGTH_UNIT>
		<COLOR>#dd4081</COLOR>
		<COVARIANCE_MATRIX>[[1.0027176358562429e-05, 1.0335716069675982e-05, 5.962389877822716e-06, -1.6967434930847958e-05, -1.8605204843424872e-07, 4.915335921396036e-06], [1.0335716069675982e-05, 1.997116305574309e-05, 1.0285746611771174e-05, -2.0385226889629848e-05, 8.060177947299962e-07, 7.035893304419005e-06], [5.962389877822716e-06, 1.0285746611771174e-05, 1.1355828064552043e-05, -9.765833056007978e-06, 2.076526698147063e-06, 5.2825921557086986e-06], [-1.6967434930847958e-05, -2.0385226889629848e-05, -9.765833056007978e-06, 8.335678285220638e-05, 1.3891416529077105e-05, -4.62671960121952e-06], [-1.8605204843424872e-07, 8.060177947299962e-07, 2.076526698147063e-06, 1.3891416529077105e-05, 1.0203119018115103e-05, 3.2489324439666234e-06], [4.915335921396036e-06, 7.035893304419005e-06, 5.2825921557086986e-06, -4.62671960121952e-06, 3.2489324439666234e-06, 1.4755256415810436e-05]]</COVARIANCE_MATRIX>
		<ROI_SIZE>7779</ROI_SIZE>
		<MAX_VALUE>[0.13080967962741852, 0.12454484403133392, 0.09730900824069977, 0.10831592977046967, 0.061755213886499405, 0.02980092726647854]</MAX_VALUE>
		<MIN_VALUE>[0.11017162352800369, 0.0892830491065979, 0.06475362926721573, 0.06391854584217072, 0.018878968432545662, 0.005855427589267492]</MIN_VALUE>
		<SIGNATURE_THRESHOLD_MD>0.0</SIGNATURE_THRESHOLD_MD>
		<SIGNATURE_THRESHOLD_ML>0.0</SIGNATURE_THRESHOLD_ML>
		<SIGNATURE_THRESHOLD_SAM>0.0</SIGNATURE_THRESHOLD_SAM>
	</signature>
	<signature ID="20210204_125225951015_198">
		<MACROCLASSID>1</MACROCLASSID>
		<MACROCLASSINFO>waterbody</MACROCLASSINFO>
		<CLASSID>8</CLASSID>
		<CLASSINFO>C 1</CLASSINFO>
		<VALUES>[0.12932367650125867, 0.0024584028476429087, 0.11188787133308792, 0.0024073904925369922, 0.08114593067268328, 0.002508221489094635, 0.06752516100852354, 0.004608925678823887, 0.022504407518759647, 0.003145523328281612, 0.014065748513559939, 0.0033881878487484925]</VALUES>
		<LCS_MIN>[0.11606820672750473, 0.09889991581439972, 0.07067279517650604, 0.06021875888109207, 0.014114940539002419, 0.005855427589267492]</LCS_MIN>
		<LCS_MAX>[0.13670624792575836, 0.12133923172950745, 0.09730900824069977, 0.10091636329889297, 0.05460917577147484, 0.043484073132276535]</LCS_MAX>
		<WAVELENGTH>[0.485, 0.56, 0.66, 0.83, 1.65, 2.215]</WAVELENGTH>
		<MEAN_VALUE>[0.12932367650125867, 0.11188787133308792, 0.08114593067268328, 0.06752516100852354, 0.022504407518759647, 0.014065748513559939]</MEAN_VALUE>
		<CHECKBOX>2</CHECKBOX>
		<SD>[0.0024584028476429087, 0.0024073904925369922, 0.002508221489094635, 0.004608925678823887, 0.003145523328281612, 0.0033881878487484925]</SD>
		<WAVELENGTH_UNIT>E-6m</WAVELENGTH_UNIT>
		<COLOR>#e650a4</COLOR>
		<COVARIANCE_MATRIX>[[5.397944732976612e-06, 2.390059080425999e-06, 2.1095361262268852e-06, -3.0516348488163203e-06, -2.30665250455786e-07, 9.156842679658439e-07], [2.390059080425999e-06, 5.437896561488742e-06, 2.324662546016043e-06, -2.417952373434673e-06, 3.182067587204074e-07, 1.1003753570548724e-06], [2.1095361262268852e-06, 2.324662546016043e-06, 5.958280326012755e-06, -3.9006246765893593e-07, 1.977664624064346e-06, 2.2112633359938627e-06], [-3.0516348488163203e-06, -2.417952373434673e-06, -3.9006246765893593e-07, 1.7521961126476526e-05, 6.7501291596272495e-06, 3.5713303532247664e-06], [-2.30665250455786e-07, 3.182067587204074e-07, 1.977664624064346e-06, 6.7501291596272495e-06, 1.0531298357818741e-05, 5.086941655463306e-06], [9.156842679658439e-07, 1.1003753570548724e-06, 2.2112633359938627e-06, 3.5713303532247664e-06, 5.086941655463306e-06, 1.231409260071814e-05]]</COVARIANCE_MATRIX>
		<ROI_SIZE>8427</ROI_SIZE>
		<MAX_VALUE>[0.13670624792575836, 0.12133923172950745, 0.09730900824069977, 0.10091636329889297, 0.05460917577147484, 0.043484073132276535]</MAX_VALUE>
		<MIN_VALUE>[0.11606820672750473, 0.09889991581439972, 0.07067279517650604, 0.06021875888109207, 0.014114940539002419, 0.005855427589267492]</MIN_VALUE>
		<SIGNATURE_THRESHOLD_MD>0.0</SIGNATURE_THRESHOLD_MD>
		<SIGNATURE_THRESHOLD_ML>0.0</SIGNATURE_THRESHOLD_ML>
		<SIGNATURE_THRESHOLD_SAM>0.0</SIGNATURE_THRESHOLD_SAM>
	</signature>
	<signature ID="20210204_125233795068_270">
		<MACROCLASSID>1</MACROCLASSID>
		<MACROCLASSINFO>waterbody</MACROCLASSINFO>
		<CLASSID>9</CLASSID>
		<CLASSINFO>C 1</CLASSINFO>
		<VALUES>[0.12313408698271773, 0.0017819014616665808, 0.11255645135652667, 0.0030984276466604586, 0.09431208197063627, 0.0034564018550676304, 0.09460518379668571, 0.006632277615343032, 0.03300916658877167, 0.00789230748806851, 0.01840273694754624, 0.006406306321199656]</VALUES>
		<LCS_MIN>[0.11754234880208969, 0.102105513215065, 0.08251111954450607, 0.08241745084524155, 0.018878968432545662, 0.002434643218293786]</LCS_MIN>
		<LCS_MAX>[0.12933553755283356, 0.12133923172950745, 0.10618775337934494, 0.1268148273229599, 0.059373196214437485, 0.05374642461538315]</LCS_MAX>
		<WAVELENGTH>[0.485, 0.56, 0.66, 0.83, 1.65, 2.215]</WAVELENGTH>
		<MEAN_VALUE>[0.12313408698271773, 0.11255645135652667, 0.09431208197063627, 0.09460518379668571, 0.03300916658877167, 0.01840273694754624]</MEAN_VALUE>
		<CHECKBOX>2</CHECKBOX>
		<SD>[0.0017819014616665808, 0.0030984276466604586, 0.0034564018550676304, 0.006632277615343032, 0.00789230748806851, 0.006406306321199656]</SD>
		<WAVELENGTH_UNIT>E-6m</WAVELENGTH_UNIT>
		<COLOR>#517c42</COLOR>
		<COVARIANCE_MATRIX>[[3.17825856654963e-06, 1.9215485735912807e-06, 2.1170310446905205e-06, 6.660332019237103e-07, 9.333949719803059e-07, 1.216705413753516e-06], [1.9215485735912807e-06, 9.609583685232792e-06, 7.342572644120082e-06, -2.15347358789586e-06, -2.4101193503156537e-06, -1.3215735634730663e-06], [2.1170310446905205e-06, 7.342572644120082e-06, 1.195832373923622e-05, -5.658510531247885e-07, 4.118637093597499e-07, 1.610443518984539e-06], [6.660332019237103e-07, -2.15347358789586e-06, -5.658510531247885e-07, 4.4029853597749025e-05, 4.0549697587266564e-05, 2.7324613256496377e-05], [9.333949719803059e-07, -2.4101193503156537e-06, 4.118637093597499e-07, 4.0549697587266564e-05, 6.234904867596924e-05, 4.0779461414786056e-05], [1.216705413753516e-06, -1.3215735634730663e-06, 1.610443518984539e-06, 2.7324613256496377e-05, 4.0779461414786056e-05, 4.108064604224637e-05]]</COVARIANCE_MATRIX>
		<ROI_SIZE>1030</ROI_SIZE>
		<MAX_VALUE>[0.12933553755283356, 0.12133923172950745, 0.10618775337934494, 0.1268148273229599, 0.059373196214437485, 0.05374642461538315]</MAX_VALUE>
		<MIN_VALUE>[0.11754234880208969, 0.102105513215065, 0.08251111954450607, 0.08241745084524155, 0.018878968432545662, 0.002434643218293786]</MIN_VALUE>
		<SIGNATURE_THRESHOLD_MD>0.0</SIGNATURE_THRESHOLD_MD>
		<SIGNATURE_THRESHOLD_ML>0.0</SIGNATURE_THRESHOLD_ML>
		<SIGNATURE_THRESHOLD_SAM>0.0</SIGNATURE_THRESHOLD_SAM>
	</signature>
	<signature ID="20210204_125242598239_935">
		<MACROCLASSID>1</MACROCLASSID>
		<MACROCLASSINFO>waterbody</MACROCLASSINFO>
		<CLASSID>10</CLASSID>
		<CLASSINFO>C 1</CLASSINFO>
		<VALUES>[0.13693562329753295, 0.0021272901928712866, 0.13107937642119152, 0.0041726296221008706, 0.10860405397321383, 0.005724151346165021, 0.10070291415534245, 0.007782739969232264, 0.04262414614025212, 0.007756703848446543, 0.026709063489875784, 0.007058961132878676]</VALUES>
		<LCS_MIN>[0.13080967962741852, 0.12454484403133392, 0.10026859492063522, 0.08981701731681824, 0.03078903816640377, 0.01611778512597084]</LCS_MIN>
		<LCS_MAX>[0.1455511450767517, 0.1533953845500946, 0.14170271158218384, 0.13421441614627838, 0.07604730129241943, 0.057167213410139084]</LCS_MAX>
		<WAVELENGTH>[0.485, 0.56, 0.66, 0.83, 1.65, 2.215]</WAVELENGTH>
		<MEAN_VALUE>[0.13693562329753295, 0.13107937642119152, 0.10860405397321383, 0.10070291415534245, 0.04262414614025212, 0.026709063489875784]</MEAN_VALUE>
		<CHECKBOX>2</CHECKBOX>
		<SD>[0.0021272901928712866, 0.0041726296221008706, 0.005724151346165021, 0.007782739969232264, 0.007756703848446543, 0.007058961132878676]</SD>
		<WAVELENGTH_UNIT>E-6m</WAVELENGTH_UNIT>
		<COLOR>#acea33</COLOR>
		<COVARIANCE_MATRIX>[[4.533289029495791e-06, 5.011710982216755e-06, 6.581255092896754e-06, 5.31204386788886e-06, 6.123816092440393e-06, 5.064319338998757e-06], [5.011710982216755e-06, 1.7441328964196146e-05, 1.8111202734871767e-05, 1.439970492356224e-05, 1.4037238543096464e-05, 1.2691908523265738e-05], [6.581255092896754e-06, 1.8111202734871767e-05, 3.282329271314666e-05, 2.5618750441935845e-05, 2.481238880136516e-05, 2.280306762258988e-05], [5.31204386788886e-06, 1.439970492356224e-05, 2.5618750441935845e-05, 6.067712092772126e-05, 4.727439227281138e-05, 3.970118996221572e-05], [6.123816092440393e-06, 1.4037238543096464e-05, 2.481238880136516e-05, 4.727439227281138e-05, 6.0271824622759596e-05, 4.490488936426118e-05], [5.064319338998757e-06, 1.2691908523265738e-05, 2.280306762258988e-05, 3.970118996221572e-05, 4.490488936426118e-05, 4.99161978950724e-05]]</COVARIANCE_MATRIX>
		<ROI_SIZE>572</ROI_SIZE>
		<MAX_VALUE>[0.1455511450767517, 0.1533953845500946, 0.14170271158218384, 0.13421441614627838, 0.07604730129241943, 0.057167213410139084]</MAX_VALUE>
		<MIN_VALUE>[0.13080967962741852, 0.12454484403133392, 0.10026859492063522, 0.08981701731681824, 0.03078903816640377, 0.01611778512597084]</MIN_VALUE>
		<SIGNATURE_THRESHOLD_MD>0.0</SIGNATURE_THRESHOLD_MD>
		<SIGNATURE_THRESHOLD_ML>0.0</SIGNATURE_THRESHOLD_ML>
		<SIGNATURE_THRESHOLD_SAM>0.0</SIGNATURE_THRESHOLD_SAM>
	</signature>
	<signature ID="20210204_125252288227_641">
		<MACROCLASSID>1</MACROCLASSID>
		<MACROCLASSINFO>waterbody</MACROCLASSINFO>
		<CLASSID>11</CLASSID>
		<CLASSINFO>C 1</CLASSINFO>
		<VALUES>[0.16695326074987826, 0.0034173508368369565, 0.18221628809838694, 0.005964423252043234, 0.18695750368432945, 0.007488773673543213, 0.1414159585772391, 0.008361342648442693, 0.034791970679487624, 0.008037677079883994, 0.021727322278098312, 0.007043245844825522]</VALUES>
		<LCS_MIN>[0.14997358620166779, 0.15018978714942932, 0.15354104340076447, 0.1268148273229599, 0.021260982379317284, 0.005855427589267492]</LCS_MIN>
		<LCS_MAX>[0.17650823295116425, 0.19506843388080597, 0.20385389029979706, 0.17121224105358124, 0.06651924550533295, 0.05374642461538315]</LCS_MAX>
		<WAVELENGTH>[0.485, 0.56, 0.66, 0.83, 1.65, 2.215]</WAVELENGTH>
		<MEAN_VALUE>[0.16695326074987826, 0.18221628809838694, 0.18695750368432945, 0.1414159585772391, 0.034791970679487624, 0.021727322278098312]</MEAN_VALUE>
		<CHECKBOX>2</CHECKBOX>
		<SD>[0.0034173508368369565, 0.005964423252043234, 0.007488773673543213, 0.008361342648442693, 0.008037677079883994, 0.007043245844825522]</SD>
		<WAVELENGTH_UNIT>E-6m</WAVELENGTH_UNIT>
		<COLOR>#6635a9</COLOR>
		<COVARIANCE_MATRIX>[[1.208603771374328e-05, 1.5507283023907803e-05, 1.6938814951572567e-05, -1.0533895874687005e-05, -1.315918234467972e-05, -1.0505975296837278e-05], [1.5507283023907803e-05, 3.578580071916804e-05, 3.838798147626221e-05, -1.5062681995914318e-05, -2.480612602084875e-05, -1.9725977836060338e-05], [1.6938814951572567e-05, 3.838798147626221e-05, 5.955474262009375e-05, -8.421336019637238e-07, -3.1373976526083425e-05, -2.4031034627114423e-05], [-1.0533895874687005e-05, -1.5062681995914318e-05, -8.421336019637238e-07, 8.20298955659382e-05, 3.845659375656396e-05, 3.241212107241154e-05], [-1.315918234467972e-05, -2.480612602084875e-05, -3.1373976526083425e-05, 3.845659375656396e-05, 7.226606248877943e-05, 5.3737145208287984e-05], [-1.0505975296837278e-05, -1.9725977836060338e-05, -2.4031034627114423e-05, 3.241212107241154e-05, 5.3737145208287984e-05, 5.487161615747027e-05]]</COVARIANCE_MATRIX>
		<ROI_SIZE>4247</ROI_SIZE>
		<MAX_VALUE>[0.17650823295116425, 0.19506843388080597, 0.20385389029979706, 0.17121224105358124, 0.06651924550533295, 0.05374642461538315]</MAX_VALUE>
		<MIN_VALUE>[0.14997358620166779, 0.15018978714942932, 0.15354104340076447, 0.1268148273229599, 0.021260982379317284, 0.005855427589267492]</MIN_VALUE>
		<SIGNATURE_THRESHOLD_MD>0.0</SIGNATURE_THRESHOLD_MD>
		<SIGNATURE_THRESHOLD_ML>0.0</SIGNATURE_THRESHOLD_ML>
		<SIGNATURE_THRESHOLD_SAM>0.0</SIGNATURE_THRESHOLD_SAM>
	</signature>
	<signature ID="20210204_125302855643_985">
		<MACROCLASSID>1</MACROCLASSID>
		<MACROCLASSINFO>waterbody</MACROCLASSINFO>
		<CLASSID>12</CLASSID>
		<CLASSINFO>C 1</CLASSINFO>
		<VALUES>[0.143311323169897, 0.0019415648466138804, 0.14111119083949003, 0.002081935634381326, 0.15305072138113746, 0.0025092335473190642, 0.16168115336948377, 0.004750559735316149, 0.040967701607620144, 0.008591930895068569, 0.026099330833209523, 0.007655369291551948]</VALUES>
		<LCS_MIN>[0.13670624792575836, 0.13095608353614807, 0.13578355312347412, 0.1527133285999298, 0.02840702421963215, 0.012697000987827778]</LCS_MIN>
		<LCS_MAX>[0.14997358620166779, 0.14698414504528046, 0.159460186958313, 0.1934109330177307, 0.07366528362035751, 0.06400878727436066]</LCS_MAX>
		<WAVELENGTH>[0.485, 0.56, 0.66, 0.83, 1.65, 2.215]</WAVELENGTH>
		<MEAN_VALUE>[0.143311323169897, 0.14111119083949003, 0.15305072138113746, 0.16168115336948377, 0.040967701607620144, 0.026099330833209523]</MEAN_VALUE>
		<CHECKBOX>2</CHECKBOX>
		<SD>[0.0019415648466138804, 0.002081935634381326, 0.0025092335473190642, 0.004750559735316149, 0.008591930895068569, 0.007655369291551948]</SD>
		<WAVELENGTH_UNIT>E-6m</WAVELENGTH_UNIT>
		<COLOR>#3ba4ce</COLOR>
		<COVARIANCE_MATRIX>[[3.772489435505122e-06, 8.324060445374926e-07, 7.972797106958751e-07, 4.847926220463705e-07, 2.0326456251495983e-06, 2.3231416435010033e-06], [8.324060445374926e-07, 4.337693098932505e-06, 1.4119383422439569e-06, -2.3359942247225263e-07, 4.707182483798533e-07, 1.256837890650786e-06], [7.972797106958751e-07, 1.4119383422439569e-06, 6.30095519227325e-06, -4.366008852230152e-06, -5.7722986639419105e-06, -3.026066224265378e-06], [4.847926220463705e-07, -2.3359942247225263e-07, -4.366008852230152e-06, 2.258467247884255e-05, 2.9353579520829953e-05, 2.2993071979726665e-05], [2.0326456251495983e-06, 4.707182483798533e-07, -5.7722986639419105e-06, 2.9353579520829953e-05, 7.387640653178096e-05, 5.744041845900938e-05], [2.3231416435010033e-06, 1.256837890650786e-06, -3.026066224265378e-06, 2.2993071979726665e-05, 5.744041845900938e-05, 5.864844570169225e-05]]</COVARIANCE_MATRIX>
		<ROI_SIZE>1340</ROI_SIZE>
		<MAX_VALUE>[0.14997358620166779, 0.14698414504528046, 0.159460186958313, 0.1934109330177307, 0.07366528362035751, 0.06400878727436066]</MAX_VALUE>
		<MIN_VALUE>[0.13670624792575836, 0.13095608353614807, 0.13578355312347412, 0.1527133285999298, 0.02840702421963215, 0.012697000987827778]</MIN_VALUE>
		<SIGNATURE_THRESHOLD_MD>0.0</SIGNATURE_THRESHOLD_MD>
		<SIGNATURE_THRESHOLD_ML>0.0</SIGNATURE_THRESHOLD_ML>
		<SIGNATURE_THRESHOLD_SAM>0.0</SIGNATURE_THRESHOLD_SAM>
	</signature>
	<signature ID="20210204_125312314645_163">
		<MACROCLASSID>1</MACROCLASSID>
		<MACROCLASSINFO>waterbody</MACROCLASSINFO>
		<CLASSID>13</CLASSID>
		<CLASSINFO>C 1</CLASSINFO>
		<VALUES>[0.1548542042036315, 0.005821028059845318, 0.15781394281500102, 0.01159642756735554, 0.14840176968357052, 0.015582439913769633, 0.13883913550022484, 0.012641129502221005, 0.05380444032316273, 0.012974794902201933, 0.03375332205984241, 0.00982717097454511]</VALUES>
		<LCS_MIN>[0.13965454697608948, 0.1277504712343216, 0.11506649851799011, 0.11571549624204636, 0.03317105025053024, 0.022959355264902115]</LCS_MIN>
		<LCS_MAX>[0.16618920862674713, 0.17583471536636353, 0.17721770703792572, 0.167512446641922, 0.08795736730098724, 0.0674295648932457]</LCS_MAX>
		<WAVELENGTH>[0.485, 0.56, 0.66, 0.83, 1.65, 2.215]</WAVELENGTH>
		<MEAN_VALUE>[0.1548542042036315, 0.15781394281500102, 0.14840176968357052, 0.13883913550022484, 0.05380444032316273, 0.03375332205984241]</MEAN_VALUE>
		<CHECKBOX>2</CHECKBOX>
		<SD>[0.005821028059845318, 0.01159642756735554, 0.015582439913769633, 0.012641129502221005, 0.012974794902201933, 0.00982717097454511]</SD>
		<WAVELENGTH_UNIT>E-6m</WAVELENGTH_UNIT>
		<COLOR>#3b240f</COLOR>
		<COVARIANCE_MATRIX>[[3.4114873415092006e-05, 6.222273805178702e-05, 8.295000588987023e-05, -2.090707675961312e-05, -7.177183761086781e-06, -7.38053768145619e-06], [6.222273805178702e-05, 0.00013539193605538458, 0.00017485271382611245, -4.114722469239496e-05, -5.925884124735603e-06, -7.288310825970257e-06], [8.295000588987023e-05, 0.00017485271382611245, 0.0002444642304908484, -2.8584947358467616e-05, -3.300686785223661e-06, -4.549721779767424e-06], [-2.090707675961312e-05, -4.114722469239496e-05, -2.8584947358467616e-05, 0.00016088521806523204, 9.385476005263627e-05, 7.311733497772366e-05], [-7.177183761086781e-06, -5.925884124735603e-06, -3.300686785223661e-06, 9.385476005263627e-05, 0.000169490507687442, 0.00011733471910702065], [-7.38053768145619e-06, -7.288310825970257e-06, -4.549721779767424e-06, 7.311733497772366e-05, 0.00011733471910702065, 9.72302514128387e-05]]</COVARIANCE_MATRIX>
		<ROI_SIZE>148</ROI_SIZE>
		<MAX_VALUE>[0.16618920862674713, 0.17583471536636353, 0.17721770703792572, 0.167512446641922, 0.08795736730098724, 0.0674295648932457]</MAX_VALUE>
		<MIN_VALUE>[0.13965454697608948, 0.1277504712343216, 0.11506649851799011, 0.11571549624204636, 0.03317105025053024, 0.022959355264902115]</MIN_VALUE>
		<SIGNATURE_THRESHOLD_MD>0.0</SIGNATURE_THRESHOLD_MD>
		<SIGNATURE_THRESHOLD_ML>0.0</SIGNATURE_THRESHOLD_ML>
		<SIGNATURE_THRESHOLD_SAM>0.0</SIGNATURE_THRESHOLD_SAM>
	</signature>
	<signature ID="20210204_125318652356_690">
		<MACROCLASSID>1</MACROCLASSID>
		<MACROCLASSINFO>waterbody</MACROCLASSINFO>
		<CLASSID>14</CLASSID>
		<CLASSINFO>C 1</CLASSINFO>
		<VALUES>[0.1425127313517068, 0.001970428906398875, 0.144674434965094, 0.0025605777772056497, 0.15712742800275314, 0.0031670257167398293, 0.1490458492759013, 0.006555682698514543, 0.042418255869250354, 0.008287218398470157, 0.026977659133974624, 0.00684908538523203]</VALUES>
		<LCS_MIN>[0.13818040490150452, 0.13736732304096222, 0.13874313235282898, 0.13791419565677643, 0.03078903816640377, 0.01611778512597084]</LCS_MIN>
		<LCS_MAX>[0.14849944412708282, 0.15018978714942932, 0.1653793752193451, 0.17861180007457733, 0.07842931151390076, 0.057167213410139084]</LCS_MAX>
		<WAVELENGTH>[0.485, 0.56, 0.66, 0.83, 1.65, 2.215]</WAVELENGTH>
		<MEAN_VALUE>[0.1425127313517068, 0.144674434965094, 0.15712742800275314, 0.1490458492759013, 0.042418255869250354, 0.026977659133974624]</MEAN_VALUE>
		<CHECKBOX>2</CHECKBOX>
		<SD>[0.001970428906398875, 0.0025605777772056497, 0.0031670257167398293, 0.006555682698514543, 0.008287218398470157, 0.00684908538523203]</SD>
		<WAVELENGTH_UNIT>E-6m</WAVELENGTH_UNIT>
		<COLOR>#8cf543</COLOR>
		<COVARIANCE_MATRIX>[[3.954982730647316e-06, 1.9362471448403085e-06, 2.401403889962239e-06, -2.0288337054807926e-06, -1.0303163833214057e-07, 1.026536097015196e-06], [1.9362471448403085e-06, 6.990044312260579e-06, 4.025477210234385e-06, -4.670637736126082e-06, -1.953391574716079e-06, -9.695952485344606e-07], [2.401403889962239e-06, 4.025477210234385e-06, 1.019409864966292e-05, -1.0987064342771191e-05, -8.212422471842729e-06, -4.9864033826452214e-06], [-2.0288337054807926e-06, -4.670637736126082e-06, -1.0987064342771191e-05, 4.176579022896476e-05, 4.2106654291274026e-05, 3.0180719477357343e-05], [-1.0303163833214057e-07, -1.953391574716079e-06, -8.212422471842729e-06, 4.2106654291274026e-05, 7.03582918504253e-05, 4.8208101361524314e-05], [1.026536097015196e-06, -9.695952485344606e-07, -4.9864033826452214e-06, 3.0180719477357343e-05, 4.8208101361524314e-05, 4.790689126821235e-05]]</COVARIANCE_MATRIX>
		<ROI_SIZE>810</ROI_SIZE>
		<MAX_VALUE>[0.14849944412708282, 0.15018978714942932, 0.1653793752193451, 0.17861180007457733, 0.07842931151390076, 0.057167213410139084]</MAX_VALUE>
		<MIN_VALUE>[0.13818040490150452, 0.13736732304096222, 0.13874313235282898, 0.13791419565677643, 0.03078903816640377, 0.01611778512597084]</MIN_VALUE>
		<SIGNATURE_THRESHOLD_MD>0.0</SIGNATURE_THRESHOLD_MD>
		<SIGNATURE_THRESHOLD_ML>0.0</SIGNATURE_THRESHOLD_ML>
		<SIGNATURE_THRESHOLD_SAM>0.0</SIGNATURE_THRESHOLD_SAM>
	</signature>
	<signature ID="20210204_125329255331_305">
		<MACROCLASSID>1</MACROCLASSID>
		<MACROCLASSINFO>waterbody</MACROCLASSINFO>
		<CLASSID>15</CLASSID>
		<CLASSINFO>C 1</CLASSINFO>
		<VALUES>[0.1327666991383622, 0.0022588349307639394, 0.12932745389515848, 0.00383352939469943, 0.1185019730116843, 0.007495152311599849, 0.08526403386465897, 0.00805252733856567, 0.024982523262558568, 0.005074903366673335, 0.015238096454233014, 0.004344351754637827]</VALUES>
		<LCS_MIN>[0.12196478247642517, 0.11172236502170563, 0.09138984978199005, 0.07501788437366486, 0.01649695448577404, 0.005855427589267492]</LCS_MIN>
		<LCS_MAX>[0.14407698810100555, 0.13736732304096222, 0.14466232061386108, 0.12311506271362305, 0.061755213886499405, 0.04690485820174217]</LCS_MAX>
		<WAVELENGTH>[0.485, 0.56, 0.66, 0.83, 1.65, 2.215]</WAVELENGTH>
		<MEAN_VALUE>[0.1327666991383622, 0.12932745389515848, 0.1185019730116843, 0.08526403386465897, 0.024982523262558568, 0.015238096454233014]</MEAN_VALUE>
		<CHECKBOX>2</CHECKBOX>
		<SD>[0.0022588349307639394, 0.00383352939469943, 0.007495152311599849, 0.00805252733856567, 0.005074903366673335, 0.004344351754637827]</SD>
		<WAVELENGTH_UNIT>E-6m</WAVELENGTH_UNIT>
		<COLOR>#321ba1</COLOR>
		<COVARIANCE_MATRIX>[[5.2212903938198e-06, 5.03688579556183e-06, 9.59586031967774e-06, -5.311321729095653e-06, -2.541426965763094e-06, -2.7710984795703553e-07], [5.03688579556183e-06, 1.5048766726977192e-05, 2.2088779587647878e-05, -9.785347174329218e-06, -6.6615834839467425e-06, -2.499228457963909e-06], [9.59586031967774e-06, 2.2088779587647878e-05, 5.494746801559813e-05, -7.0268965828290675e-06, -9.55956602410879e-06, -2.442170625727158e-06], [-5.311321729095653e-06, -9.785347174329218e-06, -7.0268965828290675e-06, 6.972193659748882e-05, 3.213997479178943e-05, 2.009720446949359e-05], [-2.541426965763094e-06, -6.6615834839467425e-06, -9.55956602410879e-06, 3.213997479178943e-05, 2.7014684746973217e-05, 1.5393170542665757e-05], [-2.7710984795703553e-07, -2.499228457963909e-06, -2.442170625727158e-06, 2.009720446949359e-05, 1.5393170542665757e-05, 1.9840266759274527e-05]]</COVARIANCE_MATRIX>
		<ROI_SIZE>5494</ROI_SIZE>
		<MAX_VALUE>[0.14407698810100555, 0.13736732304096222, 0.14466232061386108, 0.12311506271362305, 0.061755213886499405, 0.04690485820174217]</MAX_VALUE>
		<MIN_VALUE>[0.12196478247642517, 0.11172236502170563, 0.09138984978199005, 0.07501788437366486, 0.01649695448577404, 0.005855427589267492]</MIN_VALUE>
		<SIGNATURE_THRESHOLD_MD>0.0</SIGNATURE_THRESHOLD_MD>
		<SIGNATURE_THRESHOLD_ML>0.0</SIGNATURE_THRESHOLD_ML>
		<SIGNATURE_THRESHOLD_SAM>0.0</SIGNATURE_THRESHOLD_SAM>
	</signature>
	<signature ID="20210204_125336624891_999">
		<MACROCLASSID>1</MACROCLASSID>
		<MACROCLASSINFO>waterbody</MACROCLASSINFO>
		<CLASSID>16</CLASSID>
		<CLASSINFO>C 1</CLASSINFO>
