<?xml version="1.0" ?>
<signaturelist MCID_LIST="[['1', 'waterbody', '#000000'], ['2', 'vegetation', '#000000'], ['3', 'bareland', '#000000'], ['4', 'built-up', '#000000']]">
	<signature ID="20210601_153019589934_333">
		<MACROCLASSID>1</MACROCLASSID>
		<MACROCLASSINFO>waterbody</MACROCLASSINFO>
		<CLASSID>1</CLASSID>
		<CLASSINFO>C 1</CLASSINFO>
		<VALUES>[0.14284091649918274, 0.0019944712541398284, 0.11537466214644598, 0.0045022907922500615, 0.08150287126756046, 0.00413323850021418, 0.06536211264054818, 0.005963788453163763, 0.017019828966420465, 0.005783024471261231, 0.009333781941132891, 0.004430021899042097]</VALUES>
		<LCS_MIN>[0.1356116384267807, 0.10518209636211395, 0.07350681722164154, 0.05620706453919411, 0.005792830139398575, 0.0]</LCS_MIN>
		<LCS_MAX>[0.15238569676876068, 0.13436774909496307, 0.10794851928949356, 0.10233818739652634, 0.05331345275044441, 0.04751969128847122]</LCS_MAX>
		<WAVELENGTH>[0.485, 0.56, 0.66, 0.83, 1.65, 2.215]</WAVELENGTH>
		<MEAN_VALUE>[0.14284091649918274, 0.11537466214644598, 0.08150287126756046, 0.06536211264054818, 0.017019828966420465, 0.009333781941132891]</MEAN_VALUE>
		<CHECKBOX>2</CHECKBOX>
		<SD>[0.0019944712541398284, 0.0045022907922500615, 0.00413323850021418, 0.005963788453163763, 0.005783024471261231, 0.004430021899042097]</SD>
		<WAVELENGTH_UNIT>E-6m</WAVELENGTH_UNIT>
		<COLOR>#b2b2ba</COLOR>
		<COVARIANCE_MATRIX>[[4.061473982021804e-06, 4.132963054572734e-06, 3.71352394265148e-06, 3.959667768961629e-06, 3.2960158223995085e-06, 2.1508417808411407e-06], [4.132963054572734e-06, 1.8908760512472756e-05, 1.4007604042475576e-05, 1.2886231395977422e-05, 1.3082715624562517e-05, 8.845014591983482e-06], [3.71352394265148e-06, 1.4007604042475576e-05, 1.673561541793134e-05, 1.7331132074028974e-05, 1.6816350170988322e-05, 1.1529207649495644e-05], [3.959667768961629e-06, 1.2886231395977422e-05, 1.7331132074028974e-05, 3.4416807177054956e-05, 2.8355549444606273e-05, 1.9082372961464614e-05], [3.2960158223995085e-06, 1.3082715624562517e-05, 1.6816350170988322e-05, 2.8355549444606273e-05, 3.4811515683107675e-05, 2.1544592994446935e-05], [2.1508417808411407e-06, 8.845014591983482e-06, 1.1529207649495644e-05, 1.9082372961464614e-05, 2.1544592994446935e-05, 2.030264122760098e-05]]</COVARIANCE_MATRIX>
		<ROI_SIZE>7805</ROI_SIZE>
		<MAX_VALUE>[0.15238569676876068, 0.13436774909496307, 0.10794851928949356, 0.10233818739652634, 0.05331345275044441, 0.04751969128847122]</MAX_VALUE>
		<MIN_VALUE>[0.1356116384267807, 0.10518209636211395, 0.07350681722164154, 0.05620706453919411, 0.005792830139398575, 0.0]</MIN_VALUE>
		<SIGNATURE_THRESHOLD_MD>0</SIGNATURE_THRESHOLD_MD>
		<SIGNATURE_THRESHOLD_ML>0</SIGNATURE_THRESHOLD_ML>
		<SIGNATURE_THRESHOLD_SAM>0</SIGNATURE_THRESHOLD_SAM>
	</signature>
	<signature ID="20210601_153024462093_254">
		<MACROCLASSID>1</MACROCLASSID>
		<MACROCLASSINFO>waterbody</MACROCLASSINFO>
		<CLASSID>2</CLASSID>
		<CLASSINFO>C 1</CLASSINFO>
		<VALUES>[0.1457246910804545, 0.0027173514110239894, 0.1336006903543304, 0.004654269280169106, 0.11477102401952896, 0.007729818858073694, 0.08752054085907271, 0.009170077133856156, 0.024404754837562947, 0.009291790795235219, 0.013872325700970405, 0.006705614451185274]</VALUES>
		<LCS_MIN>[0.13840731978416443, 0.11977493762969971, 0.09318778663873672, 0.07158410549163818, 0.009752881713211536, 0.0]</LCS_MIN>
		<LCS_MAX>[0.15378354489803314, 0.14604201912879944, 0.12762950360774994, 0.11463981866836548, 0.0572734996676445, 0.04183270037174225]</LCS_MAX>
		<WAVELENGTH>[0.485, 0.56, 0.66, 0.83, 1.65, 2.215]</WAVELENGTH>
		<MEAN_VALUE>[0.1457246910804545, 0.1336006903543304, 0.11477102401952896, 0.08752054085907271, 0.024404754837562947, 0.013872325700970405]</MEAN_VALUE>
		<CHECKBOX>2</CHECKBOX>
		<SD>[0.0027173514110239894, 0.004654269280169106, 0.007729818858073694, 0.009170077133856156, 0.009291790795235219, 0.006705614451185274]</SD>
		<WAVELENGTH_UNIT>E-6m</WAVELENGTH_UNIT>
		<COLOR>#a28ed0</COLOR>
		<COVARIANCE_MATRIX>[[6.948838197582636e-06, 8.326711942353198e-06, 1.1516016158156772e-05, -9.909788213900547e-07, -2.8563856368285916e-06, -1.5107176347767864e-06], [8.326711942353198e-06, 2.2389370703444773e-05, 2.9236548173735285e-05, 7.584507265979416e-07, -6.1767153128429004e-06, -3.3019406346986733e-06], [1.1516016158156772e-05, 2.9236548173735285e-05, 5.7216406016816856e-05, 2.4715135657529358e-05, 3.3975470272330303e-06, 3.829541442130972e-06], [-9.909788213900547e-07, 7.584507265979416e-07, 2.4715135657529358e-05, 8.897604072115046e-05, 6.538480437212432e-05, 4.3573949260921676e-05], [-2.8563856368285916e-06, -6.1767153128429004e-06, 3.3975470272330303e-06, 6.538480437212432e-05, 8.710790922179774e-05, 5.5960296740404194e-05], [-1.5107176347767864e-06, -3.3019406346986733e-06, 3.829541442130972e-06, 4.3573949260921676e-05, 5.5960296740404194e-05, 4.54847568828959e-05]]</COVARIANCE_MATRIX>
		<ROI_SIZE>2935</ROI_SIZE>
		<MAX_VALUE>[0.15378354489803314, 0.14604201912879944, 0.12762950360774994, 0.11463981866836548, 0.0572734996676445, 0.04183270037174225]</MAX_VALUE>
		<MIN_VALUE>[0.13840731978416443, 0.11977493762969971, 0.09318778663873672, 0.07158410549163818, 0.009752881713211536, 0.0]</MIN_VALUE>
		<SIGNATURE_THRESHOLD_MD>0</SIGNATURE_THRESHOLD_MD>
		<SIGNATURE_THRESHOLD_ML>0</SIGNATURE_THRESHOLD_ML>
		<SIGNATURE_THRESHOLD_SAM>0</SIGNATURE_THRESHOLD_SAM>
	</signature>
	<signature ID="20210601_153030456281_352">
		<MACROCLASSID>1</MACROCLASSID>
		<MACROCLASSINFO>waterbody</MACROCLASSINFO>
		<CLASSID>3</CLASSID>
		<CLASSINFO>C 1</CLASSINFO>
		<VALUES>[0.14805452261325971, 0.00364117587010364, 0.11896464817471654, 0.004974888145829672, 0.08646904317074446, 0.0052814330457482545, 0.07016700981666289, 0.008517040359212127, 0.020420226403146884, 0.00730845423437374, 0.011418640386068752, 0.005052028241096906]</VALUES>
		<LCS_MIN>[0.13840731978416443, 0.10810066759586334, 0.07842706143856049, 0.05928247049450874, 0.007772855460643768, 0.0]</LCS_MIN>
		<LCS_MAX>[0.16496624052524567, 0.14020487666130066, 0.1128687635064125, 0.1084890142083168, 0.05529347434639931, 0.044676195830106735]</LCS_MAX>
		<WAVELENGTH>[0.485, 0.56, 0.66, 0.83, 1.65, 2.215]</WAVELENGTH>
		<MEAN_VALUE>[0.14805452261325971, 0.11896464817471654, 0.08646904317074446, 0.07016700981666289, 0.020420226403146884, 0.011418640386068752]</MEAN_VALUE>
		<CHECKBOX>2</CHECKBOX>
		<SD>[0.00364117587010364, 0.004974888145829672, 0.0052814330457482545, 0.008517040359212127, 0.00730845423437374, 0.005052028241096906]</SD>
		<WAVELENGTH_UNIT>E-6m</WAVELENGTH_UNIT>
		<COLOR>#c2ae30</COLOR>
		<COVARIANCE_MATRIX>[[1.3607903849355898e-05, 1.4022161211391938e-05, 1.4843364383225472e-05, 1.9476051180945998e-05, 1.2043245387525461e-05, 7.236462000740823e-06], [1.4022161211391938e-05, 2.3921874304094546e-05, 2.219780320318163e-05, 3.0960625386682255e-05, 2.088367605888081e-05, 1.2581495837036098e-05], [1.4843364383225472e-05, 2.219780320318163e-05, 2.7560417597791098e-05, 3.8457862131108116e-05, 2.8315855611239867e-05, 1.750854824369996e-05], [1.9476051180945998e-05, 3.0960625386682255e-05, 3.8457862131108116e-05, 6.986634215226748e-05, 5.3309402225787075e-05, 3.311713164389221e-05], [1.2043245387525461e-05, 2.088367605888081e-05, 2.8315855611239867e-05, 5.3309402225787075e-05, 5.212715216567621e-05, 3.1020862838564125e-05], [7.236462000740823e-06, 1.2581495837036098e-05, 1.750854824369996e-05, 3.311713164389221e-05, 3.1020862838564125e-05, 2.569324978256965e-05]]</COVARIANCE_MATRIX>
		<ROI_SIZE>7458</ROI_SIZE>
		<MAX_VALUE>[0.16496624052524567, 0.14020487666130066, 0.1128687635064125, 0.1084890142083168, 0.05529347434639931, 0.044676195830106735]</MAX_VALUE>
		<MIN_VALUE>[0.13840731978416443, 0.10810066759586334, 0.07842706143856049, 0.05928247049450874, 0.007772855460643768, 0.0]</MIN_VALUE>
		<SIGNATURE_THRESHOLD_MD>0</SIGNATURE_THRESHOLD_MD>
		<SIGNATURE_THRESHOLD_ML>0</SIGNATURE_THRESHOLD_ML>
		<SIGNATURE_THRESHOLD_SAM>0</SIGNATURE_THRESHOLD_SAM>
	</signature>
	<signature ID="20210601_153035790335_989">
		<MACROCLASSID>1</MACROCLASSID>
		<MACROCLASSINFO>waterbody</MACROCLASSINFO>
		<CLASSID>4</CLASSID>
		<CLASSINFO>C 1</CLASSINFO>
		<VALUES>[0.14661621538059272, 0.0018703635034157324, 0.12390992990408699, 0.00228859078829783, 0.09491392911999656, 0.004358568142888952, 0.09693432599306125, 0.009017651167715347, 0.026937843131451606, 0.008099647648343367, 0.014113955511788347, 0.0061476007415318746]</VALUES>
		<LCS_MIN>[0.14120300114154816, 0.11977493762969971, 0.08826754242181778, 0.08696115016937256, 0.017672985792160034, 0.004867267794907093]</LCS_MIN>
		<LCS_MAX>[0.15238569676876068, 0.13144917786121368, 0.1128687635064125, 0.13924309611320496, 0.06321357935667038, 0.044676195830106735]</LCS_MAX>
		<WAVELENGTH>[0.485, 0.56, 0.66, 0.83, 1.65, 2.215]</WAVELENGTH>
		<MEAN_VALUE>[0.14661621538059272, 0.12390992990408699, 0.09491392911999656, 0.09693432599306125, 0.026937843131451606, 0.014113955511788347]</MEAN_VALUE>
		<CHECKBOX>2</CHECKBOX>
		<SD>[0.0018703635034157324, 0.00228859078829783, 0.004358568142888952, 0.009017651167715347, 0.008099647648343367, 0.0061476007415318746]</SD>
		<WAVELENGTH_UNIT>E-6m</WAVELENGTH_UNIT>
		<COLOR>#ac79c6</COLOR>
		<COVARIANCE_MATRIX>[[3.4903815239157905e-06, 8.662798515828572e-07, 9.95373721554708e-07, 2.66252790486955e-06, 1.7895429846277614e-06, 1.5382828290962075e-06], [8.662798515828572e-07, 5.220945715752359e-06, 6.208424347417568e-06, 6.157841713354102e-06, 3.840187974381028e-06, 2.6384793420542093e-06], [9.95373721554708e-07, 6.208424347417568e-06, 2.0921591271949484e-05, 1.9014918102661412e-05, 1.0524886176124492e-05, 7.451895320807998e-06], [2.66252790486955e-06, 6.157841713354102e-06, 1.9014918102661412e-05, 7.211471455298672e-05, 5.6083006644606955e-05, 3.697575184922047e-05], [1.7895429846277614e-06, 3.840187974381028e-06, 1.0524886176124492e-05, 5.6083006644606955e-05, 6.0572514168216855e-05, 3.803808652700319e-05], [1.5382828290962075e-06, 2.6384793420542093e-06, 7.451895320807998e-06, 3.697575184922047e-05, 3.803808652700319e-05, 3.423109168407207e-05]]</COVARIANCE_MATRIX>
		<ROI_SIZE>1191</ROI_SIZE>
		<MAX_VALUE>[0.15238569676876068, 0.13144917786121368, 0.1128687635064125, 0.13924309611320496, 0.06321357935667038, 0.044676195830106735]</MAX_VALUE>
		<MIN_VALUE>[0.14120300114154816, 0.11977493762969971, 0.08826754242181778, 0.08696115016937256, 0.017672985792160034, 0.004867267794907093]</MIN_VALUE>
		<SIGNATURE_THRESHOLD_MD>0</SIGNATURE_THRESHOLD_MD>
		<SIGNATURE_THRESHOLD_ML>0</SIGNATURE_THRESHOLD_ML>
		<SIGNATURE_THRESHOLD_SAM>0</SIGNATURE_THRESHOLD_SAM>
	</signature>
	<signature ID="20210601_153043798597_167">
		<MACROCLASSID>1</MACROCLASSID>
		<MACROCLASSINFO>waterbody</MACROCLASSINFO>
		<CLASSID>5</CLASSID>
		<CLASSINFO>C 1</CLASSINFO>
		<VALUES>[0.14369446887220216, 0.001707005354900479, 0.12277289184055595, 0.0022337343951151106, 0.09411133515270546, 0.004203864947440265, 0.09552811979598914, 0.007803462539982839, 0.027377050276744332, 0.008638387926075667, 0.015180857086471067, 0.006890066862397882]</VALUES>
		<LCS_MIN>[0.13840731978416443, 0.11685635894536972, 0.0858074203133583, 0.08388574421405792, 0.01569295860826969, 0.0]</LCS_MIN>
		<LCS_MAX>[0.14959003031253815, 0.13144917786121368, 0.11532888561487198, 0.13001687824726105, 0.06321357935667038, 0.053206682205200195]</LCS_MAX>
		<WAVELENGTH>[0.485, 0.56, 0.66, 0.83, 1.65, 2.215]</WAVELENGTH>
		<MEAN_VALUE>[0.14369446887220216, 0.12277289184055595, 0.09411133515270546, 0.09552811979598914, 0.027377050276744332, 0.015180857086471067]</MEAN_VALUE>
		<CHECKBOX>2</CHECKBOX>
		<SD>[0.001707005354900479, 0.0022337343951151106, 0.004203864947440265, 0.007803462539982839, 0.008638387926075667, 0.006890066862397882]</SD>
		<WAVELENGTH_UNIT>E-6m</WAVELENGTH_UNIT>
		<COLOR>#8db28b</COLOR>
		<COVARIANCE_MATRIX>[[2.9170414290245475e-06, 9.618828813564678e-07, 1.8583359319004922e-06, 9.465449780151058e-07, 7.060940629781904e-07, 6.38865248987808e-07], [9.618828813564678e-07, 4.995004608647906e-06, 5.479774600632262e-06, 3.904748513132644e-06, 3.3771272379320313e-06, 2.6788254872147257e-06], [1.8583359319004922e-06, 5.479774600632262e-06, 1.7691731564395675e-05, 1.7562702797957474e-05, 1.6259115187042425e-05, 1.2349740115204329e-05], [9.465449780151058e-07, 3.904748513132644e-06, 1.7562702797957474e-05, 6.0960360976328085e-05, 5.540475588912994e-05, 3.996410161856823e-05], [7.060940629781904e-07, 3.3771272379320313e-06, 1.6259115187042425e-05, 5.540475588912994e-05, 7.470303326633869e-05, 5.1312576438533434e-05], [6.38865248987808e-07, 2.6788254872147257e-06, 1.2349740115204329e-05, 3.996410161856823e-05, 5.1312576438533434e-05, 4.752473489921574e-05]]</COVARIANCE_MATRIX>
		<ROI_SIZE>919</ROI_SIZE>
		<MAX_VALUE>[0.14959003031253815, 0.13144917786121368, 0.11532888561487198, 0.13001687824726105, 0.06321357935667038, 0.053206682205200195]</MAX_VALUE>
		<MIN_VALUE>[0.13840731978416443, 0.11685635894536972, 0.0858074203133583, 0.08388574421405792, 0.01569295860826969, 0.0]</MIN_VALUE>
		<SIGNATURE_THRESHOLD_MD>0</SIGNATURE_THRESHOLD_MD>
		<SIGNATURE_THRESHOLD_ML>0</SIGNATURE_THRESHOLD_ML>
		<SIGNATURE_THRESHOLD_SAM>0</SIGNATURE_THRESHOLD_SAM>
	</signature>
	<signature ID="20210601_153047479754_490">
		<MACROCLASSID>1</MACROCLASSID>
		<MACROCLASSINFO>waterbody</MACROCLASSINFO>
		<CLASSID>6</CLASSID>
		<CLASSINFO>C 1</CLASSINFO>
		<VALUES>[0.13930317154411426, 0.001781999867806655, 0.1243099950418618, 0.0017317481604921874, 0.09882160936847581, 0.0029528961231035287, 0.09550347829556599, 0.006822655268791245, 0.025852897811619275, 0.008010025502345622, 0.01450922953554052, 0.006470010232375396]</VALUES>
		<LCS_MIN>[0.13421380519866943, 0.11977493762969971, 0.09318778663873672, 0.08696115016937256, 0.007772855460643768, 0.004867267794907093]</LCS_MIN>
		<LCS_MAX>[0.14399868249893188, 0.13144917786121368, 0.11040863394737244, 0.13001687824726105, 0.059253524988889694, 0.044676195830106735]</LCS_MAX>
		<WAVELENGTH>[0.485, 0.56, 0.66, 0.83, 1.65, 2.215]</WAVELENGTH>
		<MEAN_VALUE>[0.13930317154411426, 0.1243099950418618, 0.09882160936847581, 0.09550347829556599, 0.025852897811619275, 0.01450922953554052]</MEAN_VALUE>
		<CHECKBOX>2</CHECKBOX>
		<SD>[0.001781999867806655, 0.0017317481604921874, 0.0029528961231035287, 0.006822655268791245, 0.008010025502345622, 0.006470010232375396]</SD>
		<WAVELENGTH_UNIT>E-6m</WAVELENGTH_UNIT>
		<COLOR>#3fbbe5</COLOR>
		<COVARIANCE_MATRIX>[[3.179915677588956e-06, 3.3295151233980326e-07, 1.1292293750920018e-06, 3.0751427964714507e-06, 3.3500836387256955e-06, 2.6807847540019886e-06], [3.3295151233980326e-07, 3.003099619018655e-06, 1.6057048482028427e-06, 2.857509918121238e-06, 1.937330898294295e-06, 1.449219541730158e-06], [1.1292293750920018e-06, 1.6057048482028427e-06, 8.731655811922608e-06, 1.4919313694718287e-05, 1.312062011426694e-05, 9.90682495292063e-06], [3.0751427964714507e-06, 2.857509918121238e-06, 1.4919313694718287e-05, 4.661300752384171e-05, 4.223934333717402e-05, 3.1241362591149035e-05], [3.3500836387256955e-06, 1.937330898294295e-06, 1.312062011426694e-05, 4.223934333717402e-05, 6.424925060707684e-05, 4.273547381573382e-05], [2.6807847540019886e-06, 1.449219541730158e-06, 9.90682495292063e-06, 3.1241362591149035e-05, 4.273547381573382e-05, 4.1918931483677274e-05]]</COVARIANCE_MATRIX>
		<ROI_SIZE>724</ROI_SIZE>
		<MAX_VALUE>[0.14399868249893188, 0.13144917786121368, 0.11040863394737244, 0.13001687824726105, 0.059253524988889694, 0.044676195830106735]</MAX_VALUE>
		<MIN_VALUE>[0.13421380519866943, 0.11977493762969971, 0.09318778663873672, 0.08696115016937256, 0.007772855460643768, 0.004867267794907093]</MIN_VALUE>
		<SIGNATURE_THRESHOLD_MD>0</SIGNATURE_THRESHOLD_MD>
		<SIGNATURE_THRESHOLD_ML>0</SIGNATURE_THRESHOLD_ML>
		<SIGNATURE_THRESHOLD_SAM>0</SIGNATURE_THRESHOLD_SAM>
	</signature>
	<signature ID="20210601_153053067256_253">
		<MACROCLASSID>1</MACROCLASSID>
		<MACROCLASSINFO>waterbody</MACROCLASSINFO>
		<CLASSID>7</CLASSID>
		<CLASSINFO>C 1</CLASSINFO>
		<VALUES>[0.14429571762060148, 0.001914413918298127, 0.12419534173483648, 0.0025827572321585083, 0.10645194659009583, 0.003687388750046809, 0.10649639799570047, 0.00900957468569444, 0.03153729082550851, 0.009769325049696728, 0.01954681056959091, 0.008492214583341116]</VALUES>
		<LCS_MIN>[0.13840731978416443, 0.11685635894536972, 0.09318778663873672, 0.09003656357526779, 0.017672985792160034, 0.004867267794907093]</LCS_MIN>
		<LCS_MAX>[0.15238569676876068, 0.13144917786121368, 0.12024913728237152, 0.1423184871673584, 0.06123355031013489, 0.050363194197416306]</LCS_MAX>
		<WAVELENGTH>[0.485, 0.56, 0.66, 0.83, 1.65, 2.215]</WAVELENGTH>
		<MEAN_VALUE>[0.14429571762060148, 0.12419534173483648, 0.10645194659009583, 0.10649639799570047, 0.03153729082550851, 0.01954681056959091]</MEAN_VALUE>
		<CHECKBOX>2</CHECKBOX>
		<SD>[0.001914413918298127, 0.0025827572321585083, 0.003687388750046809, 0.00900957468569444, 0.009769325049696728, 0.008492214583341116]</SD>
		<WAVELENGTH_UNIT>E-6m</WAVELENGTH_UNIT>
		<COLOR>#8370f9</COLOR>
		<COVARIANCE_MATRIX>[[3.970092910800541e-06, 2.143767124615563e-06, 3.3272699932507516e-06, 5.9872526400767255e-06, 6.964422476406198e-06, 6.152739641203513e-06], [2.143767124615563e-06, 5.9003560235228215e-06, 5.195715891016298e-06, 7.667314220285602e-06, 8.833571654571453e-06, 7.702170570848036e-06], [3.3272699932507516e-06, 5.195715891016298e-06, 1.1348101900155986e-05, 1.514644201387333e-05, 1.762739288802892e-05, 1.6003031171131644e-05], [5.9872526400767255e-06, 7.667314220285602e-06, 1.514644201387333e-05, 7.7390280006253e-05, 7.46500093238893e-05, 5.793558073347263e-05], [6.964422476406198e-06, 8.833571654571453e-06, 1.762739288802892e-05, 7.46500093238893e-05, 0.00010287099585771591, 8.037021981765037e-05], [6.152739641203513e-06, 7.702170570848036e-06, 1.6003031171131644e-05, 5.793558073347263e-05, 8.037021981765037e-05, 7.677828891842089e-05]]</COVARIANCE_MATRIX>
		<ROI_SIZE>923</ROI_SIZE>
		<MAX_VALUE>[0.15238569676876068, 0.13144917786121368, 0.12024913728237152, 0.1423184871673584, 0.06123355031013489, 0.050363194197416306]</MAX_VALUE>
		<MIN_VALUE>[0.13840731978416443, 0.11685635894536972, 0.09318778663873672, 0.09003656357526779, 0.017672985792160034, 0.004867267794907093]</MIN_VALUE>
		<SIGNATURE_THRESHOLD_MD>0</SIGNATURE_THRESHOLD_MD>
		<SIGNATURE_THRESHOLD_ML>0</SIGNATURE_THRESHOLD_ML>
		<SIGNATURE_THRESHOLD_SAM>0</SIGNATURE_THRESHOLD_SAM>
	</signature>
	<signature ID="20210601_153058478821_377">
		<MACROCLASSID>1</MACROCLASSID>
		<MACROCLASSINFO>waterbody</MACROCLASSINFO>
		<CLASSID>8</CLASSID>
		<CLASSINFO>C 1</CLASSINFO>
		<VALUES>[0.14211756157234656, 0.0029164037664511913, 0.12260103670074582, 0.002959028794712111, 0.10556294938380076, 0.003405676018745015, 0.10887025692820879, 0.0114701803736694, 0.03408319872775762, 0.015610959879778456, 0.021908654093732084, 0.012590177059609329]</VALUES>
		<LCS_MIN>[0.13421380519866943, 0.11685635894536972, 0.0956479087471962, 0.09311196208000183, 0.01569295860826969, 0.004867267794907093]</LCS_MIN>
		<LCS_MAX>[0.15098784863948822, 0.13436774909496307, 0.12024913728237152, 0.1423184871673584, 0.08301384747028351, 0.06458065658807755]</LCS_MAX>
		<WAVELENGTH>[0.485, 0.56, 0.66, 0.83, 1.65, 2.215]</WAVELENGTH>
		<MEAN_VALUE>[0.14211756157234656, 0.12260103670074582, 0.10556294938380076, 0.10887025692820879, 0.03408319872775762, 0.021908654093732084]</MEAN_VALUE>
		<CHECKBOX>2</CHECKBOX>
		<SD>[0.0029164037664511913, 0.002959028794712111, 0.003405676018745015, 0.0114701803736694, 0.015610959879778456, 0.012590177059609329]</SD>
		<WAVELENGTH_UNIT>E-6m</WAVELENGTH_UNIT>
		<COLOR>#3145d0</COLOR>
		<COVARIANCE_MATRIX>[[6.842408999368844e-06, 4.236413452504393e-06, 4.5115943952786106e-06, 4.908512831218955e-06, 2.605601838870966e-06, 2.77257621726781e-06], [4.236413452504393e-06, 7.113235799690176e-06, 5.621176024832705e-06, 6.246266862843207e-06, 4.987875851356755e-06, 4.994338257012169e-06], [4.5115943952786106e-06, 5.621176024832705e-06, 1.1006351248662413e-05, 1.5449505503923663e-05, 1.7708941528157404e-05, 1.605295181960889e-05], [4.908512831218955e-06, 6.246266862843207e-06, 1.5449505503923663e-05, 0.0001342093859319227, 0.0001526843984211596, 0.00011310565011527267], [2.605601838870966e-06, 4.987875851356755e-06, 1.7708941528157404e-05, 0.0001526843984211596, 0.00023384587946652158, 0.00017778707468197891], [2.77257621726781e-06, 4.994338257012169e-06, 1.605295181960889e-05, 0.00011310565011527267, 0.00017778707468197891, 0.0001524611955054499]]</COVARIANCE_MATRIX>
		<ROI_SIZE>1381</ROI_SIZE>
		<MAX_VALUE>[0.15098784863948822, 0.13436774909496307, 0.12024913728237152, 0.1423184871673584, 0.08301384747028351, 0.06458065658807755]</MAX_VALUE>
		<MIN_VALUE>[0.13421380519866943, 0.11685635894536972, 0.0956479087471962, 0.09311196208000183, 0.01569295860826969, 0.004867267794907093]</MIN_VALUE>
		<SIGNATURE_THRESHOLD_MD>0</SIGNATURE_THRESHOLD_MD>
		<SIGNATURE_THRESHOLD_ML>0</SIGNATURE_THRESHOLD_ML>
		<SIGNATURE_THRESHOLD_SAM>0</SIGNATURE_THRESHOLD_SAM>
	</signature>
	<signature ID="20210601_153103899181_207">
		<MACROCLASSID>1</MACROCLASSID>
		<MACROCLASSINFO>waterbody</MACROCLASSINFO>
		<CLASSID>9</CLASSID>
		<CLASSINFO>C 1</CLASSINFO>
		<VALUES>[0.1425613690123839, 0.002109232383056815, 0.1240669385825886, 0.0024840887863326, 0.10937828281346491, 0.0032712373298880775, 0.11695542505558804, 0.008403252109690885, 0.032576755640261315, 0.008661107551001966, 0.019231935181819333, 0.007194675293572453]</VALUES>
		<LCS_MIN>[0.13700948655605316, 0.11977493762969971, 0.10302828252315521, 0.10233818739652634, 0.01965300925076008, 0.007710763718932867]</LCS_MIN>
		<LCS_MAX>[0.15098784863948822, 0.13436774909496307, 0.1227092519402504, 0.15462012588977814, 0.059253524988889694, 0.04751969128847122]</LCS_MAX>
		<WAVELENGTH>[0.485, 0.56, 0.66, 0.83, 1.65, 2.215]</WAVELENGTH>
		<MEAN_VALUE>[0.1425613690123839, 0.1240669385825886, 0.10937828281346491, 0.11695542505558804, 0.032576755640261315, 0.019231935181819333]</MEAN_VALUE>
		<CHECKBOX>2</CHECKBOX>
		<SD>[0.002109232383056815, 0.0024840887863326, 0.0032712373298880775, 0.008403252109690885, 0.008661107551001966, 0.007194675293572453]</SD>
		<WAVELENGTH_UNIT>E-6m</WAVELENGTH_UNIT>
		<COLOR>#02ee37</COLOR>
		<COVARIANCE_MATRIX>[[4.200482533022286e-06, 2.1216303097431137e-06, 3.1063918585106303e-06, 5.2229132787027744e-06, 4.505282207245169e-06, 4.4645621859750145e-06], [2.1216303097431137e-06, 5.77042388020379e-06, 4.553480339769705e-06, 6.896125440266898e-06, 6.455138633989139e-06, 5.645227697571926e-06], [3.1063918585106303e-06, 4.553480339769705e-06, 9.046959607201292e-06, 1.1579988066787101e-05, 1.0148751610930761e-05, 9.723146039983525e-06], [5.2229132787027744e-06, 6.896125440266898e-06, 1.1579988066787101e-05, 6.332106468283842e-05, 5.6180425491372225e-05, 4.277272556482132e-05], [4.505282207245169e-06, 6.455138633989139e-06, 1.0148751610930761e-05, 5.6180425491372225e-05, 7.672992189761446e-05, 5.7571437310789816e-05], [4.4645621859750145e-06, 5.645227697571926e-06, 9.723146039983525e-06, 4.277272556482132e-05, 5.7571437310789816e-05, 5.585425384788625e-05]]</COVARIANCE_MATRIX>
		<ROI_SIZE>772</ROI_SIZE>
		<MAX_VALUE>[0.15098784863948822, 0.13436774909496307, 0.1227092519402504, 0.15462012588977814, 0.059253524988889694, 0.04751969128847122]</MAX_VALUE>
		<MIN_VALUE>[0.13700948655605316, 0.11977493762969971, 0.10302828252315521, 0.10233818739652634, 0.01965300925076008, 0.007710763718932867]</MIN_VALUE>
		<SIGNATURE_THRESHOLD_MD>0</SIGNATURE_THRESHOLD_MD>
		<SIGNATURE_THRESHOLD_ML>0</SIGNATURE_THRESHOLD_ML>
		<SIGNATURE_THRESHOLD_SAM>0</SIGNATURE_THRESHOLD_SAM>
	</signature>
	<signature ID="20210601_153109179358_887">
		<MACROCLASSID>1</MACROCLASSID>
		<MACROCLASSINFO>waterbody</MACROCLASSINFO>
		<CLASSID>10</CLASSID>
		<CLASSINFO>C 1</CLASSINFO>
		<VALUES>[0.1418202255699682, 0.0017256586544067067, 0.12382715426763641, 0.0018578289979848752, 0.11039701987326217, 0.0021912580601015303, 0.11477779912836013, 0.007502206722907236, 0.03010249741533783, 0.010388535047500303, 0.01826895844881832, 0.008958568818660454]</VALUES>
		<LCS_MIN>[0.1356116384267807, 0.11977493762969971, 0.10302828252315521, 0.09618737548589706, 0.01569295860826969, 0.004867267794907093]</LCS_MIN>
		<LCS_MAX>[0.14959003031253815, 0.13144917786121368, 0.12024913728237152, 0.14846929907798767, 0.06123355031013489, 0.05605016648769379]</LCS_MAX>
		<WAVELENGTH>[0.485, 0.56, 0.66, 0.83, 1.65, 2.215]</WAVELENGTH>
		<MEAN_VALUE>[0.1418202255699682, 0.12382715426763641, 0.11039701987326217, 0.11477779912836013, 0.03010249741533783, 0.01826895844881832]</MEAN_VALUE>
		<CHECKBOX>2</CHECKBOX>
		<SD>[0.0017256586544067067, 0.0018578289979848752, 0.0021912580601015303, 0.007502206722907236, 0.010388535047500303, 0.008958568818660454]</SD>
		<WAVELENGTH_UNIT>E-6m</WAVELENGTH_UNIT>
		<COLOR>#d3803d</COLOR>
		<COVARIANCE_MATRIX>[[2.9814177652776213e-06, 6.979218639533599e-07, 7.876294167178254e-07, 8.19239222420168e-07, 1.6692709844021552e-06, 1.993476170239188e-06], [6.979218639533599e-07, 3.4556084067768336e-06, 1.2522940490390588e-06, 9.574128910370757e-07, 2.4503283188324806e-06, 2.8191672196122738e-06], [7.876294167178254e-07, 1.2522940490390588e-06, 4.8072875501276805e-06, 4.195931106459872e-06, 4.347782661949106e-06, 4.215836664053297e-06], [8.19239222420168e-07, 9.574128910370757e-07, 4.195931106459872e-06, 5.634963420698537e-05, 5.784527894203902e-05, 4.466417749060581e-05], [1.6692709844021552e-06, 2.4503283188324806e-06, 4.347782661949106e-06, 5.784527894203902e-05, 0.00010804922740764952, 8.473521428549639e-05], [1.993476170239188e-06, 2.8191672196122738e-06, 4.215836664053297e-06, 4.466417749060581e-05, 8.473521428549639e-05, 8.035082047404019e-05]]</COVARIANCE_MATRIX>
		<ROI_SIZE>847</ROI_SIZE>
		<MAX_VALUE>[0.14959003031253815, 0.13144917786121368, 0.12024913728237152, 0.14846929907798767, 0.06123355031013489, 0.05605016648769379]</MAX_VALUE>
		<MIN_VALUE>[0.1356116384267807, 0.11977493762969971, 0.10302828252315521, 0.09618737548589706, 0.01569295860826969, 0.004867267794907093]</MIN_VALUE>
		<SIGNATURE_THRESHOLD_MD>0</SIGNATURE_THRESHOLD_MD>
		<SIGNATURE_THRESHOLD_ML>0</SIGNATURE_THRESHOLD_ML>
		<SIGNATURE_THRESHOLD_SAM>0</SIGNATURE_THRESHOLD_SAM>
	</signature>
	<signature ID="20210601_153116011014_201">
		<MACROCLASSID>1</MACROCLASSID>
		<MACROCLASSINFO>waterbody</MACROCLASSINFO>
		<CLASSID>11</CLASSID>
		<CLASSINFO>C 1</CLASSINFO>
		<VALUES>[0.14311470995346703, 0.0021300426232287234, 0.12363855571264303, 0.004013783707360977, 0.10500105825208482, 0.010912784600724862, 0.10425373143383429, 0.01222400895996666, 0.024669075546165337, 0.009454362232624369, 0.014375373707818134, 0.007831546917395557]</VALUES>
		<LCS_MIN>[0.13700948655605316, 0.11101921647787094, 0.0858074203133583, 0.08388574421405792, 0.013712933287024498, 0.004867267794907093]</LCS_MIN>
		<LCS_MAX>[0.15098784863948822, 0.13436774909496307, 0.12516938149929047, 0.14539392292499542, 0.06123355031013489, 0.050363194197416306]</LCS_MAX>
		<WAVELENGTH>[0.485, 0.56, 0.66, 0.83, 1.65, 2.215]</WAVELENGTH>
		<MEAN_VALUE>[0.14311470995346703, 0.12363855571264303, 0.10500105825208482, 0.10425373143383429, 0.024669075546165337, 0.014375373707818134]</MEAN_VALUE>
		<CHECKBOX>2</CHECKBOX>
		<SD>[0.0021300426232287234, 0.004013783707360977, 0.010912784600724862, 0.01222400895996666, 0.009454362232624369, 0.007831546917395557]</SD>
		<WAVELENGTH_UNIT>E-6m</WAVELENGTH_UNIT>
		<COLOR>#526701</COLOR>
		<COVARIANCE_MATRIX>[[4.751791921336265e-06, 4.8510206709043555e-06, 1.1172406149489816e-05, 1.0482266684942625e-05, 2.428213897382038e-06, 2.440149051113157e-06], [4.8510206709043555e-06, 1.9421449900091888e-05, 4.315045826736617e-05, 3.4121656746602455e-05, 3.893603778491369e-06, 4.648342308052558e-06], [1.1172406149489816e-05, 4.315045826736617e-05, 0.00012126246867841374, 0.00010054629825278927, 1.0641026855247523e-05, 1.2468018014966751e-05], [1.0482266684942625e-05, 3.4121656746602455e-05, 0.00010054629825278927, 0.0001441056726535308, 6.0468968819647836e-05, 4.7514526310780236e-05], [2.428213897382038e-06, 3.893603778491369e-06, 1.0641026855247523e-05, 6.0468968819647836e-05, 7.8236072133659e-05, 5.8165804347030167e-05], [2.440149051113157e-06, 4.648342308052558e-06, 1.2468018014966751e-05, 4.7514526310780236e-05, 5.8165804347030167e-05, 5.5824000876538005e-05]]</COVARIANCE_MATRIX>
		<ROI_SIZE>2380</ROI_SIZE>
		<MAX_VALUE>[0.15098784863948822, 0.13436774909496307, 0.12516938149929047, 0.14539392292499542, 0.06123355031013489, 0.050363194197416306]</MAX_VALUE>
		<MIN_VALUE>[0.13700948655605316, 0.11101921647787094, 0.0858074203133583, 0.08388574421405792, 0.013712933287024498, 0.004867267794907093]</MIN_VALUE>
		<SIGNATURE_THRESHOLD_MD>0</SIGNATURE_THRESHOLD_MD>
		<SIGNATURE_THRESHOLD_ML>0</SIGNATURE_THRESHOLD_ML>
		<SIGNATURE_THRESHOLD_SAM>0</SIGNATURE_THRESHOLD_SAM>
	</signature>
	<signature ID="20210601_153120205359_527">
		<MACROCLASSID>1</MACROCLASSID>
		<MACROCLASSINFO>waterbody</MACROCLASSINFO>
		<CLASSID>12</CLASSID>
		<CLASSINFO>C 1</CLASSINFO>
		<VALUES>[0.1415990360096791, 0.0020032140901473723, 0.11720259636328596, 0.003180574446588147, 0.08951047920236528, 0.0059895635678719914, 0.08609625943582196, 0.0071786082238670815, 0.02223823566590248, 0.0069670762805210005, 0.012783193599435307, 0.006388022606938738]</VALUES>
		<LCS_MIN>[0.1356116384267807, 0.10810066759586334, 0.08088716864585876, 0.07773493230342865, 0.011732907965779305, 0.0]</LCS_MIN>
		<LCS_MAX>[0.14959003031253815, 0.1285306215286255, 0.1128687635064125, 0.12386605143547058, 0.06123355031013489, 0.05889366939663887]</LCS_MAX>
		<WAVELENGTH>[0.485, 0.56, 0.66, 0.83, 1.65, 2.215]</WAVELENGTH>
		<MEAN_VALUE>[0.1415990360096791, 0.11720259636328596, 0.08951047920236528, 0.08609625943582196, 0.02223823566590248, 0.012783193599435307]</MEAN_VALUE>
		<CHECKBOX>2</CHECKBOX>
		<SD>[0.0020032140901473723, 0.003180574446588147, 0.0059895635678719914, 0.0071786082238670815, 0.0069670762805210005, 0.006388022606938738]</SD>
		<WAVELENGTH_UNIT>E-6m</WAVELENGTH_UNIT>
		<COLOR>#8967e2</COLOR>
		<COVARIANCE_MATRIX>[[4.015668972173837e-06, 2.968135205288323e-06, 6.0633282143944794e-06, 4.893869452506547e-06, 4.064479308670804e-06, 3.5279686702135713e-06], [2.968135205288323e-06, 1.0123118093676556e-05, 1.477177955309713e-05, 1.2315441089494997e-05, 1.0258409491204834e-05, 9.102993467163095e-06], [6.0633282143944794e-06, 1.477177955309713e-05, 3.5899924018309556e-05, 3.269712178366497e-05, 2.6402304093484113e-05, 2.2927718435261656e-05], [4.893869452506547e-06, 1.2315441089494997e-05, 3.269712178366497e-05, 5.156840235581667e-05, 4.2179970215584275e-05, 3.459863946259597e-05], [4.064479308670804e-06, 1.0258409491204834e-05, 2.6402304093484113e-05, 4.2179970215584275e-05, 4.857404865271745e-05, 3.745371121005877e-05], [3.5279686702135713e-06, 9.102993467163095e-06, 2.2927718435261656e-05, 3.459863946259597e-05, 3.745371121005877e-05, 4.083532921839916e-05]]</COVARIANCE_MATRIX>
		<ROI_SIZE>1433</ROI_SIZE>
		<MAX_VALUE>[0.14959003031253815, 0.1285306215286255, 0.1128687635064125, 0.12386605143547058, 0.06123355031013489, 0.05889366939663887]</MAX_VALUE>
		<MIN_VALUE>[0.1356116384267807, 0.10810066759586334, 0.08088716864585876, 0.07773493230342865, 0.011732907965779305, 0.0]</MIN_VALUE>
		<SIGNATURE_THRESHOLD_MD>0</SIGNATURE_THRESHOLD_MD>
		<SIGNATURE_THRESHOLD_ML>0</SIGNATURE_THRESHOLD_ML>
		<SIGNATURE_THRESHOLD_SAM>0</SIGNATURE_THRESHOLD_SAM>
	</signature>
	<signature ID="20210601_153125407037_153">
		<MACROCLASSID>1</MACROCLASSID>
		<MACROCLASSINFO>waterbody</MACROCLASSINFO>
		<CLASSID>13</CLASSID>
		<CLASSINFO>C 1</CLASSINFO>
		<VALUES>[0.1384644474011121, 0.002086582393224821, 0.11139569069957055, 0.0024791440607734878, 0.0826717829985943, 0.0030200233297030476, 0.08659783681785621, 0.006409112424295829, 0.01999565848003061, 0.006182548183356035, 0.010338181786038124, 0.005403928898544641]</VALUES>
		<LCS_MIN>[0.13281595706939697, 0.10518209636211395, 0.07596693187952042, 0.07465951889753342, 0.011732907965779305, 0.0020237735006958246]</LCS_MIN>
		<LCS_MAX>[0.14539651572704315, 0.1226934939622879, 0.10302828252315521, 0.12386605143547058, 0.05529347434639931, 0.044676195830106735]</LCS_MAX>
		<WAVELENGTH>[0.485, 0.56, 0.66, 0.83, 1.65, 2.215]</WAVELENGTH>
		<MEAN_VALUE>[0.1384644474011121, 0.11139569069957055, 0.0826717829985943, 0.08659783681785621, 0.01999565848003061, 0.010338181786038124]</MEAN_VALUE>
		<CHECKBOX>2</CHECKBOX>
		<SD>[0.002086582393224821, 0.0024791440607734878, 0.0030200233297030476, 0.006409112424295829, 0.006182548183356035, 0.005403928898544641]</SD>
		<WAVELENGTH_UNIT>E-6m</WAVELENGTH_UNIT>
		<COLOR>#323aed</COLOR>
		<COVARIANCE_MATRIX>[[4.356608081213251e-06, 1.9049249621729382e-06, 2.1986112989096915e-06, 3.3445384545833184e-06, 1.7913924355178856e-06, 1.5793924284360684e-06], [1.9049249621729382e-06, 6.150082529834805e-06, 4.7138903442895095e-06, 7.2601376309213005e-06, 5.43559208346736e-06, 4.51986755072561e-06], [2.1986112989096915e-06, 4.7138903442895095e-06, 9.126368733619586e-06, 1.3179629289521226e-05, 1.1109897772590376e-05, 9.209382538882762e-06], [3.3445384545833184e-06, 7.2601376309213005e-06, 1.3179629289521226e-05, 4.1102969174015056e-05, 3.1956694141320626e-05, 2.5206240027886305e-05], [1.7913924355178856e-06, 5.43559208346736e-06, 1.1109897772590376e-05, 3.1956694141320626e-05, 3.824832625807468e-05, 2.801639301643379e-05], [1.5793924284360684e-06, 4.51986755072561e-06, 9.209382538882762e-06, 2.5206240027886305e-05, 2.801639301643379e-05, 2.9221107251414462e-05]]</COVARIANCE_MATRIX>
		<ROI_SIZE>1566</ROI_SIZE>
		<MAX_VALUE>[0.14539651572704315, 0.1226934939622879, 0.10302828252315521, 0.12386605143547058, 0.05529347434639931, 0.044676195830106735]</MAX_VALUE>
		<MIN_VALUE>[0.13281595706939697, 0.10518209636211395, 0.07596693187952042, 0.07465951889753342, 0.011732907965779305, 0.0020237735006958246]</MIN_VALUE>
		<SIGNATURE_THRESHOLD_MD>0</SIGNATURE_THRESHOLD_MD>
		<SIGNATURE_THRESHOLD_ML>0</SIGNATURE_THRESHOLD_ML>
		<SIGNATURE_THRESHOLD_SAM>0</SIGNATURE_THRESHOLD_SAM>
	</signature>
	<signature ID="20210601_153129823714_824">
		<MACROCLASSID>1</MACROCLASSID>
		<MACROCLASSINFO>waterbody</MACROCLASSINFO>
		<CLASSID>14</CLASSID>
		<CLASSINFO>C 1</CLASSINFO>
		<VALUES>[0.14471817743375992, 0.001973546835172151, 0.1274545148563534, 0.0024337002310937913, 0.11089915507958707, 0.0034427696635182213, 0.094547785512326, 0.004752030839324131, 0.021019592378974113, 0.005414432650428611, 0.012354556782074007, 0.00516431759857722]</VALUES>
		<LCS_MIN>[0.13840731978416443, 0.11977493762969971, 0.10302828252315521, 0.08388574421405792, 0.009752881713211536, 0.0020237735006958246]</LCS_MIN>
		<LCS_MAX>[0.15238569676876068, 0.13436774909496307, 0.1227092519402504, 0.1330922693014145, 0.05529347434639931, 0.044676195830106735]</LCS_MAX>
		<WAVELENGTH>[0.485, 0.56, 0.66, 0.83, 1.65, 2.215]</WAVELENGTH>
		<MEAN_VALUE>[0.14471817743375992, 0.1274545148563534, 0.11089915507958707, 0.094547785512326, 0.021019592378974113, 0.012354556782074007]</MEAN_VALUE>
		<CHECKBOX>2</CHECKBOX>
		<SD>[0.001973546835172151, 0.0024337002310937913, 0.0034427696635182213, 0.004752030839324131, 0.005414432650428611, 0.00516431759857722]</SD>
		<WAVELENGTH_UNIT>E-6m</WAVELENGTH_UNIT>
		<COLOR>#4be77f</COLOR>
		<COVARIANCE_MATRIX>[[3.7398345629903827e-06, 1.7241359603083324e-06, 2.592940084262902e-06, 1.6675739933060331e-06, 7.120030123898296e-07, 7.487208396021686e-07], [1.7241359603083324e-06, 5.812758231925865e-06, 4.905640782004021e-06, 2.6533575966879527e-06, 1.9987435356284147e-06, 2.1546148896640126e-06], [2.592940084262902e-06, 4.905640782004021e-06, 1.2012951730286936e-05, 4.380857648719852e-06, 3.039767333114829e-06, 3.827184498757781e-06], [1.6675739933060331e-06, 2.6533575966879527e-06, 4.380857648719852e-06, 2.4841776572058352e-05, 1.9570060537103868e-05, 1.752147721125199e-05], [7.120030123898296e-07, 1.9987435356284147e-06, 3.039767333114829e-06, 1.9570060537103868e-05, 3.0701829704238626e-05, 2.4470859474407945e-05], [7.487208396021686e-07, 2.1546148896640126e-06, 3.827184498757781e-06, 1.752147721125199e-05, 2.4470859474407945e-05, 2.84244653593722e-05]]</COVARIANCE_MATRIX>
		<ROI_SIZE>2525</ROI_SIZE>
		<MAX_VALUE>[0.15238569676876068, 0.13436774909496307, 0.1227092519402504, 0.1330922693014145, 0.05529347434639931, 0.044676195830106735]</MAX_VALUE>
		<MIN_VALUE>[0.13840731978416443, 0.11977493762969971, 0.10302828252315521, 0.08388574421405792, 0.009752881713211536, 0.0020237735006958246]</MIN_VALUE>
		<SIGNATURE_THRESHOLD_MD>0</SIGNATURE_THRESHOLD_MD>
		<SIGNATURE_THRESHOLD_ML>0</SIGNATURE_THRESHOLD_ML>
		<SIGNATURE_THRESHOLD_SAM>0</SIGNATURE_THRESHOLD_SAM>
	</signature>
	<signature ID="20210601_153156709102_317">
		<MACROCLASSID>1</MACROCLASSID>
		<MACROCLASSINFO>waterbody</MACROCLASSINFO>
		<CLASSID>15</CLASSID>
		<CLASSINFO>C 1</CLASSINFO>
		<VALUES>[0.14641467876925585, 0.002133229604610685, 0.12557000663636061, 0.002726929739466326, 0.098691162006441, 0.004795033274264828, 0.0993336856375941, 0.00826936983630038, 0.02570721027588941, 0.007678433376561148, 0.01368660948213098, 0.006223365665770169]</VALUES>
		<LCS_MIN>[0.1398051530122757, 0.11977493762969971, 0.09072765707969666, 0.08696115016937256, 0.013712933287024498, 0.0020237735006958246]</LCS_MIN>
		<LCS_MAX>[0.1551813930273056, 0.13728632032871246, 0.1227092519402504, 0.13924309611320496, 0.06321357935667038, 0.053206682205200195]</LCS_MAX>
		<WAVELENGTH>[0.485, 0.56, 0.66, 0.83, 1.65, 2.215]</WAVELENGTH>
		<MEAN_VALUE>[0.14641467876925585, 0.12557000663636061, 0.098691162006441, 0.0993336856375941, 0.02570721027588941, 0.01368660948213098]</MEAN_VALUE>
		<CHECKBOX>2</CHECKBOX>
		<SD>[0.002133229604610685, 0.002726929739466326, 0.004795033274264828, 0.00826936983630038, 0.007678433376561148, 0.006223365665770169]</SD>
		<WAVELENGTH_UNIT>E-6m</WAVELENGTH_UNIT>
		<COLOR>#9f8de7</COLOR>
		<COVARIANCE_MATRIX>[[4.553949489423852e-06, 2.6724282076896203e-06, 3.920736418608741e-06, 2.624265237945191e-06, 1.4422025516805238e-06, 1.2846914529532865e-06], [2.6724282076896203e-06, 7.4415071203548435e-06, 9.332166655780593e-06, 8.143946086575555e-06, 5.958618771842388e-06, 4.4039386789788755e-06], [3.920736418608741e-06, 9.332166655780593e-06, 2.300892113382414e-05, 2.2814450077694256e-05, 1.725796007739257e-05, 1.3221947283482342e-05], [2.624265237945191e-06, 8.143946086575555e-06, 2.2814450077694256e-05, 6.843177992461878e-05, 5.3584663728504396e-05, 3.829443110622097e-05], [1.4422025516805238e-06, 5.958618771842388e-06, 1.725796007739257e-05, 5.3584663728504396e-05, 5.9000846933081546e-05, 3.96990473902681e-05], [1.2846914529532865e-06, 4.4039386789788755e-06, 1.3221947283482342e-05, 3.829443110622097e-05, 3.96990473902681e-05, 3.875820398797627e-05]]</COVARIANCE_MATRIX>
		<ROI_SIZE>1388</ROI_SIZE>
		<MAX_VALUE>[0.1551813930273056, 0.13728632032871246, 0.1227092519402504, 0.13924309611320496, 0.06321357935667038, 0.053206682205200195]</MAX_VALUE>
		<MIN_VALUE>[0.1398051530122757, 0.11977493762969971, 0.09072765707969666, 0.08696115016937256, 0.013712933287024498, 0.0020237735006958246]</MIN_VALUE>
		<SIGNATURE_THRESHOLD_MD>0</SIGNATURE_THRESHOLD_MD>
		<SIGNATURE_THRESHOLD_ML>0</SIGNATURE_THRESHOLD_ML>
		<SIGNATURE_THRESHOLD_SAM>0</SIGNATURE_THRESHOLD_SAM>
	</signature>
	<signature ID="20210601_153200507809_331">
		<MACROCLASSID>1</MACROCLASSID>
		<MACROCLASSINFO>waterbody</MACROCLASSINFO>
		<CLASSID>16</CLASSID>
		<CLASSINFO>C 1</CLASSINFO>
		<VALUES>[0.1347929069506271, 0.0020186626323581867, 0.12200554944574833, 0.0022366489514685003, 0.09300327564456631, 0.0024925313084942498, 0.09500114627714666, 0.007880194453450768, 0.02807519163138099, 0.010286472103083045, 0.015398354706953159, 0.007520102306631905]</VALUES>
		<LCS_MIN>[0.13002027571201324, 0.11685635894536972, 0.08826754242181778, 0.08388574421405792, 0.01569295860826969, 0.004867267794907093]</LCS_MIN>
		<LCS_MAX>[0.1398051530122757, 0.1256120651960373, 0.10302828252315521, 0.12694145739078522, 0.06123355031013489, 0.044676195830106735]</LCS_MAX>
