<?xml version="1.0" ?>
<signaturelist MCID_LIST="[['1', 'Water', '#5500ff'], ['2', 'Vegetation', '#13089a'], ['3', 'Barren Land', '#b1426e'], ['4', 'Builtup', '#102961']]">
	<signature ID="20210106_112754720965_124">
		<MACROCLASSID>1</MACROCLASSID>
		<MACROCLASSINFO>Water</MACROCLASSINFO>
		<CLASSID>1</CLASSID>
		<CLASSINFO>C 1</CLASSINFO>
		<VALUES>[0.13970004, 0.007237528, 0.12985143, 0.008414827, 0.110122055, 0.009674558, 0.09976715, 0.0113173295, 0.081457905, 0.0107921, 0.060365267, 0.008404623]</VALUES>
		<LCS_MIN>[0.1056732, 0.09334033, 0.073045194, 0.064758375, 0.045047414, 0.028105944]</LCS_MIN>
		<LCS_MAX>[0.15628123, 0.15191063, 0.14256363, 0.13998885, 0.12231175, 0.097364746]</LCS_MAX>
		<WAVELENGTH>[0.48, 0.56, 0.655, 0.865, 1.61, 2.2]</WAVELENGTH>
		<MEAN_VALUE>[0.13970004, 0.12985143, 0.110122055, 0.09976715, 0.081457905, 0.060365267]</MEAN_VALUE>
		<CHECKBOX>2</CHECKBOX>
		<SD>[0.007237528, 0.008414827, 0.009674558, 0.0113173295, 0.0107921, 0.008404623]</SD>
		<WAVELENGTH_UNIT>E-6m</WAVELENGTH_UNIT>
		<COLOR>#981d56</COLOR>
		<COVARIANCE_MATRIX>[[5.2407325847361586e-05, 5.855707807999746e-05, 6.055767957237745e-05, 3.974888856688712e-05, 5.377892961247833e-05, 4.896169157220358e-05], [5.855707807999746e-05, 7.084380458489021e-05, 7.738837886945932e-05, 5.355060853139133e-05, 6.499008023045803e-05, 5.646171741488054e-05], [6.055767957237745e-05, 7.738837886945932e-05, 9.364266612192227e-05, 7.509255807502152e-05, 8.199183715025726e-05, 6.649316628731869e-05], [3.974888856688712e-05, 5.355060853139133e-05, 7.509255807502152e-05, 0.0001281443283443922, 0.00011208791576424881, 7.683769219583346e-05], [5.377892961247833e-05, 6.499008023045803e-05, 8.199183715025726e-05, 0.00011208791576424881, 0.00011652615827867717, 8.753417216544778e-05], [4.896169157220358e-05, 5.646171741488054e-05, 6.649316628731869e-05, 7.683769219583346e-05, 8.753417216544778e-05, 7.067209218599818e-05]]</COVARIANCE_MATRIX>
		<ROI_SIZE>2054</ROI_SIZE>
		<MAX_VALUE>[0.15628123, 0.15191063, 0.14256363, 0.13998885, 0.12231175, 0.097364746]</MAX_VALUE>
		<MIN_VALUE>[0.1056732, 0.09334033, 0.073045194, 0.064758375, 0.045047414, 0.028105944]</MIN_VALUE>
		<SIGNATURE_THRESHOLD_MD>0</SIGNATURE_THRESHOLD_MD>
		<SIGNATURE_THRESHOLD_ML>0</SIGNATURE_THRESHOLD_ML>
		<SIGNATURE_THRESHOLD_SAM>0</SIGNATURE_THRESHOLD_SAM>
	</signature>
	<signature ID="20210106_112819474014_250">
		<MACROCLASSID>1</MACROCLASSID>
		<MACROCLASSINFO>Water</MACROCLASSINFO>
		<CLASSID>2</CLASSID>
		<CLASSINFO>C 1</CLASSINFO>
		<VALUES>[0.14095218, 0.005204878, 0.12125998, 0.011514744, 0.09857303, 0.009926871, 0.09136256, 0.008252247, 0.07730776, 0.007773174, 0.05826669, 0.005802983]</VALUES>
		<LCS_MIN>[0.11839552, 0.10586792, 0.082824945, 0.071530625, 0.050326757, 0.032563094]</LCS_MIN>
		<LCS_MAX>[0.17542964, 0.18399774, 0.16268566, 0.15130483, 0.12962492, 0.10872396]</LCS_MAX>
		<WAVELENGTH>[0.48, 0.56, 0.655, 0.865, 1.61, 2.2]</WAVELENGTH>
		<MEAN_VALUE>[0.14095218, 0.12125998, 0.09857303, 0.09136256, 0.07730776, 0.05826669]</MEAN_VALUE>
		<CHECKBOX>2</CHECKBOX>
		<SD>[0.005204878, 0.011514744, 0.009926871, 0.008252247, 0.007773174, 0.005802983]</SD>
		<WAVELENGTH_UNIT>E-6m</WAVELENGTH_UNIT>
		<COLOR>#e7b0e8</COLOR>
		<COVARIANCE_MATRIX>[[2.7092739664197463e-05, 5.3580924147239445e-05, 4.484952065985072e-05, 2.8452538020914232e-05, 2.503215239433529e-05, 2.01444781136015e-05], [5.3580924147239445e-05, 0.00013259905059585282, 0.0001042322393332489, 5.762918259667209e-05, 4.701828429119013e-05, 3.637763182013371e-05], [4.484952065985072e-05, 0.0001042322393332489, 9.855001029522939e-05, 6.59747796622116e-05, 5.593648189625661e-05, 4.207151808489834e-05], [2.8452538020914232e-05, 5.762918259667209e-05, 6.59747796622116e-05, 6.810458214228902e-05, 6.0509199681409726e-05, 4.3203197215357414e-05], [2.503215239433529e-05, 4.701828429119013e-05, 5.593648189625661e-05, 6.0509199681409726e-05, 6.0426666079164596e-05, 4.4084337285069164e-05], [2.01444781136015e-05, 3.637763182013371e-05, 4.207151808489834e-05, 4.3203197215357414e-05, 4.4084337285069164e-05, 3.367708091839866e-05]]</COVARIANCE_MATRIX>
		<ROI_SIZE>13634</ROI_SIZE>
		<MAX_VALUE>[0.17542964, 0.18399774, 0.16268566, 0.15130483, 0.12962492, 0.10872396]</MAX_VALUE>
		<MIN_VALUE>[0.11839552, 0.10586792, 0.082824945, 0.071530625, 0.050326757, 0.032563094]</MIN_VALUE>
		<SIGNATURE_THRESHOLD_MD>0</SIGNATURE_THRESHOLD_MD>
		<SIGNATURE_THRESHOLD_ML>0</SIGNATURE_THRESHOLD_ML>
		<SIGNATURE_THRESHOLD_SAM>0</SIGNATURE_THRESHOLD_SAM>
	</signature>
	<signature ID="20210106_112831799862_950">
		<MACROCLASSID>1</MACROCLASSID>
		<MACROCLASSINFO>Water</MACROCLASSINFO>
		<CLASSID>3</CLASSID>
		<CLASSINFO>C 1</CLASSINFO>
		<VALUES>[0.13811742, 0.008118549, 0.12853114, 0.010017113, 0.11231111, 0.011437239, 0.10245207, 0.014713466, 0.082016364, 0.013317287, 0.060090534, 0.009644955]</VALUES>
		<LCS_MIN>[0.10582465, 0.09334033, 0.07568485, 0.069345325, 0.0508244, 0.03007489]</LCS_MIN>
		<LCS_MAX>[0.16214475, 0.1693714, 0.15550232, 0.14834058, 0.1307284, 0.105997756]</LCS_MAX>
		<WAVELENGTH>[0.48, 0.56, 0.655, 0.865, 1.61, 2.2]</WAVELENGTH>
		<MEAN_VALUE>[0.13811742, 0.12853114, 0.11231111, 0.10245207, 0.082016364, 0.060090534]</MEAN_VALUE>
		<CHECKBOX>2</CHECKBOX>
		<SD>[0.008118549, 0.010017113, 0.011437239, 0.014713466, 0.013317287, 0.009644955]</SD>
		<WAVELENGTH_UNIT>E-6m</WAVELENGTH_UNIT>
		<COLOR>#094cff</COLOR>
		<COVARIANCE_MATRIX>[[6.592605317637703e-05, 7.655693340812995e-05, 7.753242257395324e-05, 5.543426299207846e-05, 7.05466507821537e-05, 6.267113988873506e-05], [7.655693340812995e-05, 0.00010036571122856018, 0.00010783051422304274, 8.985039709117602e-05, 9.77280327958421e-05, 7.946351284516992e-05], [7.753242257395324e-05, 0.00010783051422304274, 0.00013084062728489787, 0.00011313269611403706, 0.00010913162123394318, 8.445107063983561e-05], [5.543426299207846e-05, 8.985039709117602e-05, 0.00011313269611403706, 0.00021653606198083756, 0.00017723735767241947, 0.00011207497062743595], [7.05466507821537e-05, 9.77280327958421e-05, 0.00010913162123394318, 0.00017723735767241947, 0.00017739107309188844, 0.0001232158209428703], [6.267113988873506e-05, 7.946351284516992e-05, 8.445107063983561e-05, 0.00011207497062743595, 0.0001232158209428703, 9.304663264068515e-05]]</COVARIANCE_MATRIX>
		<ROI_SIZE>4333</ROI_SIZE>
		<MAX_VALUE>[0.16214475, 0.1693714, 0.15550232, 0.14834058, 0.1307284, 0.105997756]</MAX_VALUE>
		<MIN_VALUE>[0.10582465, 0.09334033, 0.07568485, 0.069345325, 0.0508244, 0.03007489]</MIN_VALUE>
		<SIGNATURE_THRESHOLD_MD>0</SIGNATURE_THRESHOLD_MD>
		<SIGNATURE_THRESHOLD_ML>0</SIGNATURE_THRESHOLD_ML>
		<SIGNATURE_THRESHOLD_SAM>0</SIGNATURE_THRESHOLD_SAM>
	</signature>
	<signature ID="20210106_112847286660_327">
		<MACROCLASSID>1</MACROCLASSID>
		<MACROCLASSINFO>Water</MACROCLASSINFO>
		<CLASSID>4</CLASSID>
		<CLASSINFO>C 1</CLASSINFO>
		<VALUES>[0.13079216, 0.007245604, 0.118694745, 0.009339526, 0.10384354, 0.0110702235, 0.09092975, 0.012718592, 0.06886612, 0.011828447, 0.050650634, 0.0089127375]</VALUES>
		<LCS_MIN>[0.102600805, 0.08561607, 0.06640275, 0.050002202, 0.03048598, 0.019667676]</LCS_MIN>
		<LCS_MAX>[0.15377139, 0.14948733, 0.14477056, 0.12904073, 0.107685395, 0.08172148]</LCS_MAX>
		<WAVELENGTH>[0.48, 0.56, 0.655, 0.865, 1.61, 2.2]</WAVELENGTH>
		<MEAN_VALUE>[0.13079216, 0.118694745, 0.10384354, 0.09092975, 0.06886612, 0.050650634]</MEAN_VALUE>
		<CHECKBOX>2</CHECKBOX>
		<SD>[0.007245604, 0.009339526, 0.0110702235, 0.012718592, 0.011828447, 0.0089127375]</SD>
		<WAVELENGTH_UNIT>E-6m</WAVELENGTH_UNIT>
		<COLOR>#a20ff2</COLOR>
		<COVARIANCE_MATRIX>[[5.251308902289107e-05, 6.469030931080484e-05, 7.457344609561312e-05, 6.88875054778742e-05, 7.486654790750762e-05, 5.9188027065787386e-05], [6.469030931080484e-05, 8.725053576064816e-05, 0.00010125963640692363, 8.728267163465307e-05, 9.076393041357004e-05, 7.081529142328507e-05], [7.457344609561312e-05, 0.00010125963640692363, 0.0001225832583120422, 0.00010710829778814609, 0.00010684612844312795, 8.239357489879566e-05], [6.88875054778742e-05, 8.728267163465307e-05, 0.00010710829778814609, 0.0001618066808930133, 0.00013800522685286767, 9.81670046113273e-05], [7.486654790750762e-05, 9.076393041357004e-05, 0.00010684612844312795, 0.00013800522685286767, 0.0001399502822245249, 0.00010407511056573777], [5.9188027065787386e-05, 7.081529142328507e-05, 8.239357489879566e-05, 9.81670046113273e-05, 0.00010407511056573777, 7.945855455213645e-05]]</COVARIANCE_MATRIX>
		<ROI_SIZE>3669</ROI_SIZE>
		<MAX_VALUE>[0.15377139, 0.14948733, 0.14477056, 0.12904073, 0.107685395, 0.08172148]</MAX_VALUE>
		<MIN_VALUE>[0.102600805, 0.08561607, 0.06640275, 0.050002202, 0.03048598, 0.019667676]</MIN_VALUE>
		<SIGNATURE_THRESHOLD_MD>0</SIGNATURE_THRESHOLD_MD>
		<SIGNATURE_THRESHOLD_ML>0</SIGNATURE_THRESHOLD_ML>
		<SIGNATURE_THRESHOLD_SAM>0</SIGNATURE_THRESHOLD_SAM>
	</signature>
	<signature ID="20210106_112900895926_333">
		<MACROCLASSID>1</MACROCLASSID>
		<MACROCLASSINFO>Water</MACROCLASSINFO>
		<CLASSID>5</CLASSID>
		<CLASSINFO>C 1</CLASSINFO>
		<VALUES>[0.1299379, 0.0074972673, 0.11518804, 0.010244368, 0.09970545, 0.012209328, 0.09567982, 0.013201438, 0.072608486, 0.012174175, 0.052952137, 0.009080961]</VALUES>
		<LCS_MIN>[0.097494565, 0.07834616, 0.057077374, 0.05216587, 0.030702349, 0.019667676]</LCS_MIN>
		<LCS_MAX>[0.15089372, 0.14948733, 0.136289, 0.13206986, 0.109870695, 0.08524825]</LCS_MAX>
		<WAVELENGTH>[0.48, 0.56, 0.655, 0.865, 1.61, 2.2]</WAVELENGTH>
		<MEAN_VALUE>[0.1299379, 0.11518804, 0.09970545, 0.09567982, 0.072608486, 0.052952137]</MEAN_VALUE>
		<CHECKBOX>2</CHECKBOX>
		<SD>[0.0074972673, 0.010244368, 0.012209328, 0.013201438, 0.012174175, 0.009080961]</SD>
		<WAVELENGTH_UNIT>E-6m</WAVELENGTH_UNIT>
		<COLOR>#48dc0f</COLOR>
		<COVARIANCE_MATRIX>[[5.622545865967931e-05, 7.31073617914137e-05, 8.597114683604966e-05, 5.628457044835646e-05, 6.895763338120588e-05, 5.693174181986836e-05], [7.31073617914137e-05, 0.00010497775762507523, 0.0001229851221014043, 6.751253661909372e-05, 8.058699545135002e-05, 6.684112235089929e-05], [8.597114683604966e-05, 0.0001229851221014043, 0.00014911130214973771, 8.512820162068361e-05, 9.77776987407636e-05, 8.012604889038437e-05], [5.628457044835646e-05, 6.751253661909372e-05, 8.512820162068361e-05, 0.00017432894756000256, 0.00014327575073932788, 9.838242546990042e-05], [6.895763338120588e-05, 8.058699545135002e-05, 9.77776987407636e-05, 0.00014327575073932788, 0.00014825386029095172, 0.00010841021530685978], [5.693174181986836e-05, 6.684112235089929e-05, 8.012604889038437e-05, 9.838242546990042e-05, 0.00010841021530685978, 8.248796719145225e-05]]</COVARIANCE_MATRIX>
		<ROI_SIZE>3420</ROI_SIZE>
		<MAX_VALUE>[0.15089372, 0.14948733, 0.136289, 0.13206986, 0.109870695, 0.08524825]</MAX_VALUE>
		<MIN_VALUE>[0.097494565, 0.07834616, 0.057077374, 0.05216587, 0.030702349, 0.019667676]</MIN_VALUE>
		<SIGNATURE_THRESHOLD_MD>0</SIGNATURE_THRESHOLD_MD>
		<SIGNATURE_THRESHOLD_ML>0</SIGNATURE_THRESHOLD_ML>
		<SIGNATURE_THRESHOLD_SAM>0</SIGNATURE_THRESHOLD_SAM>
	</signature>
	<signature ID="20210106_112913016704_302">
		<MACROCLASSID>1</MACROCLASSID>
		<MACROCLASSINFO>Water</MACROCLASSINFO>
		<CLASSID>6</CLASSID>
		<CLASSINFO>C 1</CLASSINFO>
		<VALUES>[0.13701132, 0.005605284, 0.124477535, 0.0074897693, 0.11379715, 0.008920433, 0.10175903, 0.009917213, 0.07931643, 0.009447845, 0.058330093, 0.0071815024]</VALUES>
		<LCS_MIN>[0.1037259, 0.086914256, 0.06919387, 0.05151676, 0.031437993, 0.020122042]</LCS_MIN>
		<LCS_MAX>[0.15100189, 0.14693423, 0.14031343, 0.12759107, 0.10653866, 0.08524825]</LCS_MAX>
		<WAVELENGTH>[0.48, 0.56, 0.655, 0.865, 1.61, 2.2]</WAVELENGTH>
		<MEAN_VALUE>[0.13701132, 0.124477535, 0.11379715, 0.10175903, 0.07931643, 0.058330093]</MEAN_VALUE>
		<CHECKBOX>2</CHECKBOX>
		<SD>[0.005605284, 0.0074897693, 0.008920433, 0.009917213, 0.009447845, 0.0071815024]</SD>
		<WAVELENGTH_UNIT>E-6m</WAVELENGTH_UNIT>
		<COLOR>#6ccff5</COLOR>
		<COVARIANCE_MATRIX>[[3.14383905473476e-05, 3.9313792588691864e-05, 4.650341383415791e-05, 3.6885744761171926e-05, 4.1309600981319974e-05, 3.3741233493557206e-05], [3.9313792588691864e-05, 5.613089025774042e-05, 6.58980909442713e-05, 4.877317012440706e-05, 4.89896793377675e-05, 3.89492949611671e-05], [4.650341383415791e-05, 6.58980909442713e-05, 7.962270407495204e-05, 6.10962222695149e-05, 6.010342661109714e-05, 4.725303307717574e-05], [3.6885744761171926e-05, 4.877317012440706e-05, 6.10962222695149e-05, 9.841113589221404e-05, 8.16047488999199e-05, 5.725697225418734e-05], [4.1309600981319974e-05, 4.89896793377675e-05, 6.010342661109714e-05, 8.16047488999199e-05, 8.931625594580198e-05, 6.632827527548117e-05], [3.3741233493557206e-05, 3.89492949611671e-05, 4.725303307717574e-05, 5.725697225418734e-05, 6.632827527548117e-05, 5.160546331829313e-05]]</COVARIANCE_MATRIX>
		<ROI_SIZE>1639</ROI_SIZE>
		<MAX_VALUE>[0.15100189, 0.14693423, 0.14031343, 0.12759107, 0.10653866, 0.08524825]</MAX_VALUE>
		<MIN_VALUE>[0.1037259, 0.086914256, 0.06919387, 0.05151676, 0.031437993, 0.020122042]</MIN_VALUE>
		<SIGNATURE_THRESHOLD_MD>0</SIGNATURE_THRESHOLD_MD>
		<SIGNATURE_THRESHOLD_ML>0</SIGNATURE_THRESHOLD_ML>
		<SIGNATURE_THRESHOLD_SAM>0</SIGNATURE_THRESHOLD_SAM>
	</signature>
	<signature ID="20210106_112928040456_465">
		<MACROCLASSID>1</MACROCLASSID>
		<MACROCLASSINFO>Water</MACROCLASSINFO>
		<CLASSID>7</CLASSID>
		<CLASSINFO>C 1</CLASSINFO>
		<VALUES>[0.1239128, 0.0071017533, 0.104498014, 0.007839953, 0.08696209, 0.009170268, 0.10460402, 0.016776076, 0.07597415, 0.011885462, 0.053418253, 0.008189028]</VALUES>
		<LCS_MIN>[0.10303353, 0.08131037, 0.06224852, 0.07804325, 0.050716214, 0.033839647]</LCS_MIN>
		<LCS_MAX>[0.14844878, 0.13336806, 0.12205211, 0.15738471, 0.114609115, 0.08092091]</LCS_MAX>
		<WAVELENGTH>[0.48, 0.56, 0.655, 0.865, 1.61, 2.2]</WAVELENGTH>
		<MEAN_VALUE>[0.1239128, 0.104498014, 0.08696209, 0.10460402, 0.07597415, 0.053418253]</MEAN_VALUE>
		<CHECKBOX>2</CHECKBOX>
		<SD>[0.0071017533, 0.007839953, 0.009170268, 0.016776076, 0.011885462, 0.008189028]</SD>
		<WAVELENGTH_UNIT>E-6m</WAVELENGTH_UNIT>
		<COLOR>#3e0068</COLOR>
		<COVARIANCE_MATRIX>[[5.0515981824309706e-05, 5.424799215611559e-05, 6.272255294013575e-05, 2.0215633096537206e-06, 4.694066356093487e-05, 4.736333255775517e-05], [5.424799215611559e-05, 6.156367387397182e-05, 7.12751092840538e-05, 2.0271220364073322e-05, 6.0528954610646066e-05, 5.550300476262785e-05], [6.272255294013575e-05, 7.12751092840538e-05, 8.422902313166688e-05, 2.506633749456293e-05, 7.217787579932089e-05, 6.535369479838894e-05], [2.0215633096537206e-06, 2.0271220364073322e-05, 2.506633749456293e-05, 0.0002818891563293651, 0.00014014416788940264, 6.074405221169655e-05], [4.694066356093487e-05, 6.0528954610646066e-05, 7.217787579932089e-05, 0.00014014416788940264, 0.00014149132984246415, 8.926387356149506e-05], [4.736333255775517e-05, 5.550300476262785e-05, 6.535369479838894e-05, 6.074405221169655e-05, 8.926387356149506e-05, 6.716799293978466e-05]]</COVARIANCE_MATRIX>
		<ROI_SIZE>623</ROI_SIZE>
		<MAX_VALUE>[0.14844878, 0.13336806, 0.12205211, 0.15738471, 0.114609115, 0.08092091]</MAX_VALUE>
		<MIN_VALUE>[0.10303353, 0.08131037, 0.06224852, 0.07804325, 0.050716214, 0.033839647]</MIN_VALUE>
		<SIGNATURE_THRESHOLD_MD>0</SIGNATURE_THRESHOLD_MD>
		<SIGNATURE_THRESHOLD_ML>0</SIGNATURE_THRESHOLD_ML>
		<SIGNATURE_THRESHOLD_SAM>0</SIGNATURE_THRESHOLD_SAM>
	</signature>
	<signature ID="20210106_112945764117_470">
		<MACROCLASSID>1</MACROCLASSID>
		<MACROCLASSINFO>Water</MACROCLASSINFO>
		<CLASSID>8</CLASSID>
		<CLASSINFO>C 1</CLASSINFO>
		<VALUES>[0.1381558, 0.0069084945, 0.13265485, 0.009154444, 0.103206426, 0.010492862, 0.09683672, 0.01231464, 0.07685443, 0.012555516, 0.05657874, 0.00929045]</VALUES>
		<LCS_MIN>[0.10595447, 0.09230177, 0.060604144, 0.046843257, 0.028322315, 0.016335635]</LCS_MIN>
		<LCS_MAX>[0.15669234, 0.16465463, 0.13302188, 0.12577362, 0.10671175, 0.0823273]</LCS_MAX>
		<WAVELENGTH>[0.48, 0.56, 0.655, 0.865, 1.61, 2.2]</WAVELENGTH>
		<MEAN_VALUE>[0.1381558, 0.13265485, 0.103206426, 0.09683672, 0.07685443, 0.05657874]</MEAN_VALUE>
		<CHECKBOX>2</CHECKBOX>
		<SD>[0.0069084945, 0.009154444, 0.010492862, 0.01231464, 0.012555516, 0.00929045]</SD>
		<WAVELENGTH_UNIT>E-6m</WAVELENGTH_UNIT>
		<COLOR>#03ade3</COLOR>
		<COVARIANCE_MATRIX>[[4.773753457152204e-05, 6.068759111643325e-05, 6.57368330073086e-05, 7.257887086663925e-05, 7.245043101126123e-05, 5.618855168324318e-05], [6.068759111643325e-05, 8.382181750565771e-05, 9.051010139506881e-05, 9.434429738786454e-05, 9.552329037705114e-05, 7.316860306251762e-05], [6.57368330073086e-05, 9.051010139506881e-05, 0.0001101237810789514, 0.00012089089273143517, 0.00012145574185821549, 9.085226272956814e-05], [7.257887086663925e-05, 9.434429738786454e-05, 0.00012089089273143517, 0.0001516828833062325, 0.0001499512629877668, 0.00011046021031822336], [7.245043101126123e-05, 9.552329037705114e-05, 0.00012145574185821549, 0.0001499512629877668, 0.00015767479704196493, 0.00011564766774425785], [5.618855168324318e-05, 7.316860306251762e-05, 9.085226272956814e-05, 0.00011046021031822336, 0.00011564766774425785, 8.633097739848434e-05]]</COVARIANCE_MATRIX>
		<ROI_SIZE>4662</ROI_SIZE>
		<MAX_VALUE>[0.15669234, 0.16465463, 0.13302188, 0.12577362, 0.10671175, 0.0823273]</MAX_VALUE>
		<MIN_VALUE>[0.10595447, 0.09230177, 0.060604144, 0.046843257, 0.028322315, 0.016335635]</MIN_VALUE>
		<SIGNATURE_THRESHOLD_MD>0</SIGNATURE_THRESHOLD_MD>
		<SIGNATURE_THRESHOLD_ML>0</SIGNATURE_THRESHOLD_ML>
		<SIGNATURE_THRESHOLD_SAM>0</SIGNATURE_THRESHOLD_SAM>
	</signature>
	<signature ID="20210106_113000568434_337">
		<MACROCLASSID>1</MACROCLASSID>
		<MACROCLASSINFO>Water</MACROCLASSINFO>
		<CLASSID>9</CLASSID>
		<CLASSINFO>C 1</CLASSINFO>
		<VALUES>[0.13822496, 0.0076487837, 0.13365027, 0.010793384, 0.10450019, 0.012148286, 0.09393679, 0.01369889, 0.07200722, 0.013821723, 0.052733973, 0.010306314]</VALUES>
		<LCS_MIN>[0.106949754, 0.09163104, 0.06484491, 0.056363367, 0.030637432, 0.018153112]</LCS_MIN>
		<LCS_MAX>[0.15742798, 0.16301022, 0.14078943, 0.1300793, 0.109373055, 0.08358222]</LCS_MAX>
		<WAVELENGTH>[0.48, 0.56, 0.655, 0.865, 1.61, 2.2]</WAVELENGTH>
		<MEAN_VALUE>[0.13822496, 0.13365027, 0.10450019, 0.09393679, 0.07200722, 0.052733973]</MEAN_VALUE>
		<CHECKBOX>2</CHECKBOX>
		<SD>[0.0076487837, 0.010793384, 0.012148286, 0.01369889, 0.013821723, 0.010306314]</SD>
		<WAVELENGTH_UNIT>E-6m</WAVELENGTH_UNIT>
		<COLOR>#894cb1</COLOR>
		<COVARIANCE_MATRIX>[[5.852625517596151e-05, 7.898750958613025e-05, 8.425655379799256e-05, 9.79888573787322e-05, 9.70116869374562e-05, 7.370480526451174e-05], [7.898750958613025e-05, 0.0001165416591341763, 0.0001261593622952416, 0.00013544167799425, 0.00013485942890663902, 0.00010167184340256634], [8.425655379799256e-05, 0.0001261593622952416, 0.00014763727213649663, 0.00015599339313234197, 0.0001548069203452679, 0.00011544121151337597], [9.79888573787322e-05, 0.00013544167799425, 0.00015599339313234197, 0.00018773134338594566, 0.0001858320553249409, 0.0001383095377801193], [9.70116869374562e-05, 0.00013485942890663902, 0.0001548069203452679, 0.0001858320553249409, 0.0001911130540863134, 0.0001419145606075132], [7.370480526451174e-05, 0.00010167184340256634, 0.00011544121151337597, 0.0001383095377801193, 0.0001419145606075132, 0.00010626070249898933]]</COVARIANCE_MATRIX>
		<ROI_SIZE>2617</ROI_SIZE>
		<MAX_VALUE>[0.15742798, 0.16301022, 0.14078943, 0.1300793, 0.109373055, 0.08358222]</MAX_VALUE>
		<MIN_VALUE>[0.106949754, 0.09163104, 0.06484491, 0.056363367, 0.030637432, 0.018153112]</MIN_VALUE>
		<SIGNATURE_THRESHOLD_MD>0</SIGNATURE_THRESHOLD_MD>
		<SIGNATURE_THRESHOLD_ML>0</SIGNATURE_THRESHOLD_ML>
		<SIGNATURE_THRESHOLD_SAM>0</SIGNATURE_THRESHOLD_SAM>
	</signature>
	<signature ID="20210106_113011438303_459">
		<MACROCLASSID>1</MACROCLASSID>
		<MACROCLASSINFO>Water</MACROCLASSINFO>
		<CLASSID>10</CLASSID>
		<CLASSINFO>C 1</CLASSINFO>
		<VALUES>[0.10404517, 0.009101257, 0.08048967, 0.012882861, 0.0542002, 0.011934781, 0.046685852, 0.011980248, 0.023026634, 0.011008147, 0.014174784, 0.007835806]</VALUES>
		<LCS_MIN>[0.094638534, 0.06726821, 0.04227794, 0.03457529, 0.012808866, 0.0071833488]</LCS_MIN>
		<LCS_MAX>[0.1270718, 0.10790177, 0.080293454, 0.07646378, 0.050716214, 0.034618575]</LCS_MAX>
		<WAVELENGTH>[0.48, 0.56, 0.655, 0.865, 1.61, 2.2]</WAVELENGTH>
		<MEAN_VALUE>[0.10404517, 0.08048967, 0.0542002, 0.046685852, 0.023026634, 0.014174784]</MEAN_VALUE>
		<CHECKBOX>2</CHECKBOX>
		<SD>[0.009101257, 0.012882861, 0.011934781, 0.011980248, 0.011008147, 0.007835806]</SD>
		<WAVELENGTH_UNIT>E-6m</WAVELENGTH_UNIT>
		<COLOR>#3893b9</COLOR>
		<COVARIANCE_MATRIX>[[8.347003684709359e-05, 0.00011366240619330827, 0.00010694482326565317, 0.00010844242847448287, 9.159347573380675e-05, 6.629032234273938e-05], [0.00011366240619330827, 0.0001672447866534705, 0.000154205760989124, 0.00015151350962586306, 0.00013967243494549658, 9.973766446505574e-05], [0.00010694482326565317, 0.000154205760989124, 0.00014353469476954266, 0.00014263153312356358, 0.00012773936559561385, 9.140354689850973e-05], [0.00010844242847448287, 0.00015151350962586306, 0.00014263153312356358, 0.00014463038852328934, 0.00012462200184633294, 8.955414667039847e-05], [9.159347573380675e-05, 0.00013967243494549658, 0.00012773936559561385, 0.00012462200184633294, 0.00012211146150091623, 8.637548587874743e-05], [6.629032234273938e-05, 9.973766446505574e-05, 9.140354689850973e-05, 8.955414667039847e-05, 8.637548587874743e-05, 6.187217627125242e-05]]</COVARIANCE_MATRIX>
		<ROI_SIZE>131</ROI_SIZE>
		<MAX_VALUE>[0.1270718, 0.10790177, 0.080293454, 0.07646378, 0.050716214, 0.034618575]</MAX_VALUE>
		<MIN_VALUE>[0.094638534, 0.06726821, 0.04227794, 0.03457529, 0.012808866, 0.0071833488]</MIN_VALUE>
		<SIGNATURE_THRESHOLD_MD>0</SIGNATURE_THRESHOLD_MD>
		<SIGNATURE_THRESHOLD_ML>0</SIGNATURE_THRESHOLD_ML>
		<SIGNATURE_THRESHOLD_SAM>0</SIGNATURE_THRESHOLD_SAM>
	</signature>
	<signature ID="20210106_113133977820_936">
		<MACROCLASSID>1</MACROCLASSID>
		<MACROCLASSINFO>Water</MACROCLASSINFO>
		<CLASSID>11</CLASSID>
		<CLASSINFO>C 1</CLASSINFO>
		<VALUES>[0.13699442, 0.0056637917, 0.13096812, 0.010090376, 0.10911945, 0.011135781, 0.09547369, 0.009123581, 0.07214976, 0.00879538, 0.053157493, 0.006491461]</VALUES>
		<LCS_MIN>[0.11346238, 0.10145406, 0.07646378, 0.054567523, 0.0273703, 0.019884039]</LCS_MIN>
		<LCS_MAX>[0.1549614, 0.16359441, 0.13983741, 0.12666072, 0.10314171, 0.07709124]</LCS_MAX>
		<WAVELENGTH>[0.48, 0.56, 0.655, 0.865, 1.61, 2.2]</WAVELENGTH>
		<MEAN_VALUE>[0.13699442, 0.13096812, 0.10911945, 0.09547369, 0.07214976, 0.053157493]</MEAN_VALUE>
		<CHECKBOX>2</CHECKBOX>
		<SD>[0.0056637917, 0.010090376, 0.011135781, 0.009123581, 0.00879538, 0.006491461]</SD>
		<WAVELENGTH_UNIT>E-6m</WAVELENGTH_UNIT>
		<COLOR>#8e3928</COLOR>
		<COVARIANCE_MATRIX>[[3.20995437217123e-05, 5.2225686622166935e-05, 5.32026087781453e-05, 3.523495090818082e-05, 3.186638338790871e-05, 2.518900956702452e-05], [5.2225686622166935e-05, 0.00010188236690204668, 0.00010551675226730712, 5.6673309493829725e-05, 4.760336514586324e-05, 3.576740036846139e-05], [5.32026087781453e-05, 0.00010551675226730712, 0.00012408683592655725, 7.846454692508531e-05, 6.542963460588635e-05, 4.704606085840177e-05], [3.523495090818082e-05, 5.6673309493829725e-05, 7.846454692508531e-05, 8.329424922286634e-05, 7.407752596919134e-05, 5.313127960842095e-05], [3.186638338790871e-05, 4.760336514586324e-05, 6.542963460588635e-05, 7.407752596919134e-05, 7.740937107181366e-05, 5.579689961531587e-05], [2.518900956702452e-05, 3.576740036846139e-05, 4.704606085840177e-05, 5.313127960842095e-05, 5.579689961531587e-05, 4.216665838465129e-05]]</COVARIANCE_MATRIX>
		<ROI_SIZE>1528</ROI_SIZE>
		<MAX_VALUE>[0.1549614, 0.16359441, 0.13983741, 0.12666072, 0.10314171, 0.07709124]</MAX_VALUE>
		<MIN_VALUE>[0.11346238, 0.10145406, 0.07646378, 0.054567523, 0.0273703, 0.019884039]</MIN_VALUE>
		<SIGNATURE_THRESHOLD_MD>0</SIGNATURE_THRESHOLD_MD>
		<SIGNATURE_THRESHOLD_ML>0</SIGNATURE_THRESHOLD_ML>
		<SIGNATURE_THRESHOLD_SAM>0</SIGNATURE_THRESHOLD_SAM>
	</signature>
	<signature ID="20210106_113146580590_605">
		<MACROCLASSID>1</MACROCLASSID>
		<MACROCLASSINFO>Water</MACROCLASSINFO>
		<CLASSID>12</CLASSID>
		<CLASSINFO>C 1</CLASSINFO>
		<VALUES>[0.1315107, 0.005530378, 0.123323955, 0.0063602077, 0.10845493, 0.0077089826, 0.101719305, 0.011452062, 0.07766111, 0.010605635, 0.056061238, 0.006922331]</VALUES>
		<LCS_MIN>[0.10716612, 0.09453035, 0.07473284, 0.06577529, 0.045545053, 0.027543401]</LCS_MIN>
		<LCS_MAX>[0.14678276, 0.14024849, 0.13215642, 0.13838777, 0.11378692, 0.07815143]</LCS_MAX>
		<WAVELENGTH>[0.48, 0.56, 0.655, 0.865, 1.61, 2.2]</WAVELENGTH>
		<MEAN_VALUE>[0.1315107, 0.123323955, 0.10845493, 0.101719305, 0.07766111, 0.056061238]</MEAN_VALUE>
		<CHECKBOX>2</CHECKBOX>
		<SD>[0.005530378, 0.0063602077, 0.0077089826, 0.011452062, 0.010605635, 0.006922331]</SD>
		<WAVELENGTH_UNIT>E-6m</WAVELENGTH_UNIT>
		<COLOR>#d752ef</COLOR>
		<COVARIANCE_MATRIX>[[3.065475100409261e-05, 3.183431689505148e-05, 3.0530416786496646e-05, 1.1074713977253758e-05, 1.5363172518357373e-05, 2.1161220816104113e-05], [3.183431689505148e-05, 4.0544386513760454e-05, 4.4920258381282756e-05, 2.664948221822162e-05, 2.6408871998891143e-05, 2.635645972565942e-05], [3.0530416786496646e-05, 4.4920258381282756e-05, 5.9563788906480235e-05, 4.8475667711243866e-05, 4.1166451852945595e-05, 3.275290597783262e-05], [1.1074713977253758e-05, 2.664948221822162e-05, 4.8475667711243866e-05, 0.0001314484595223514, 0.00010187447185445764, 5.541090178688215e-05], [1.5363172518357373e-05, 2.6408871998891143e-05, 4.1166451852945595e-05, 0.00010187447185445764, 0.00011273572030763385, 6.718189259376446e-05], [2.1161220816104113e-05, 2.635645972565942e-05, 3.275290597783262e-05, 5.541090178688215e-05, 6.718189259376446e-05, 4.802782766666765e-05]]</COVARIANCE_MATRIX>
		<ROI_SIZE>440</ROI_SIZE>
		<MAX_VALUE>[0.14678276, 0.14024849, 0.13215642, 0.13838777, 0.11378692, 0.07815143]</MAX_VALUE>
		<MIN_VALUE>[0.10716612, 0.09453035, 0.07473284, 0.06577529, 0.045545053, 0.027543401]</MIN_VALUE>
		<SIGNATURE_THRESHOLD_MD>0</SIGNATURE_THRESHOLD_MD>
		<SIGNATURE_THRESHOLD_ML>0</SIGNATURE_THRESHOLD_ML>
		<SIGNATURE_THRESHOLD_SAM>0</SIGNATURE_THRESHOLD_SAM>
	</signature>
	<signature ID="20210106_113158527894_512">
		<MACROCLASSID>1</MACROCLASSID>
		<MACROCLASSINFO>Water</MACROCLASSINFO>
		<CLASSID>13</CLASSID>
		<CLASSINFO>C 1</CLASSINFO>
		<VALUES>[0.14577357, 0.007076399, 0.15006012, 0.014139376, 0.1293923, 0.016497027, 0.10397316, 0.009929314, 0.078786895, 0.009151368, 0.058038633, 0.0061113997]</VALUES>
		<LCS_MIN>[0.13018748, 0.13092312, 0.107555576, 0.08258694, 0.058115926, 0.04292703]</LCS_MIN>
		<LCS_MAX>[0.16673172, 0.19280384, 0.18430065, 0.14552784, 0.118006065, 0.09184741]</LCS_MAX>
		<WAVELENGTH>[0.48, 0.56, 0.655, 0.865, 1.61, 2.2]</WAVELENGTH>
		<MEAN_VALUE>[0.14577357, 0.15006012, 0.1293923, 0.10397316, 0.078786895, 0.058038633]</MEAN_VALUE>
		<CHECKBOX>2</CHECKBOX>
		<SD>[0.007076399, 0.014139376, 0.016497027, 0.009929314, 0.009151368, 0.0061113997]</SD>
		<WAVELENGTH_UNIT>E-6m</WAVELENGTH_UNIT>
		<COLOR>#3720cf</COLOR>
		<COVARIANCE_MATRIX>[[5.017909861438625e-05, 9.671147230141415e-05, 0.00010360630486026515, 2.236599114349483e-05, 1.2945786089415589e-05, 1.1508244477092624e-05], [9.671147230141415e-05, 0.00020033587236172883, 0.0002229241835773914, 5.787900172166854e-05, 3.379806764834207e-05, 2.540302977347958e-05], [0.00010360630486026515, 0.0002229241835773914, 0.0002727153776962268, 0.00010099056340626101, 6.4485361927289e-05, 4.438352367021177e-05], [2.236599114349483e-05, 5.787900172166854e-05, 0.00010099056340626101, 9.879540715495814e-05, 8.023167069844413e-05, 5.132647393735845e-05], [1.2945786089415589e-05, 3.379806764834207e-05, 6.4485361927289e-05, 8.023167069844413e-05, 8.392092508632709e-05, 5.4676723418280076e-05], [1.1508244477092624e-05, 2.540302977347958e-05, 4.438352367021177e-05, 5.132647393735845e-05, 5.4676723418280076e-05, 3.742653027993037e-05]]</COVARIANCE_MATRIX>
		<ROI_SIZE>484</ROI_SIZE>
		<MAX_VALUE>[0.16673172, 0.19280384, 0.18430065, 0.14552784, 0.118006065, 0.09184741]</MAX_VALUE>
		<MIN_VALUE>[0.13018748, 0.13092312, 0.107555576, 0.08258694, 0.058115926, 0.04292703]</MIN_VALUE>
		<SIGNATURE_THRESHOLD_MD>0</SIGNATURE_THRESHOLD_MD>
		<SIGNATURE_THRESHOLD_ML>0</SIGNATURE_THRESHOLD_ML>
		<SIGNATURE_THRESHOLD_SAM>0</SIGNATURE_THRESHOLD_SAM>
	</signature>
	<signature ID="20210106_113216543749_435">
		<MACROCLASSID>1</MACROCLASSID>
		<MACROCLASSINFO>Water</MACROCLASSINFO>
		<CLASSID>14</CLASSID>
		<CLASSINFO>C 1</CLASSINFO>
		<VALUES>[0.13707145, 0.0063245506, 0.13097697, 0.00718696, 0.116572045, 0.008495841, 0.107853316, 0.012514782, 0.08299532, 0.011704543, 0.060207035, 0.008553578]</VALUES>
		<LCS_MIN>[0.11019525, 0.09829511, 0.08092091, 0.07934144, 0.05119222, 0.034726758]</LCS_MIN>
		<LCS_MAX>[0.15145625, 0.1476915, 0.13801992, 0.13916667, 0.11283492, 0.08189456]</LCS_MAX>
		<WAVELENGTH>[0.48, 0.56, 0.655, 0.865, 1.61, 2.2]</WAVELENGTH>
		<MEAN_VALUE>[0.13707145, 0.13097697, 0.116572045, 0.107853316, 0.08299532, 0.060207035]</MEAN_VALUE>
		<CHECKBOX>2</CHECKBOX>
		<SD>[0.0063245506, 0.00718696, 0.008495841, 0.012514782, 0.011704543, 0.008553578]</SD>
		<WAVELENGTH_UNIT>E-6m</WAVELENGTH_UNIT>
		<COLOR>#e73927</COLOR>
		<COVARIANCE_MATRIX>[[4.021851538526899e-05, 4.451325002836236e-05, 5.173703874891918e-05, 2.043009197114416e-05, 4.16415426481546e-05, 3.995378381936692e-05], [4.451325002836236e-05, 5.193464032755369e-05, 6.0588789256096734e-05, 2.1079092348394498e-05, 4.559833133754558e-05, 4.351342106250436e-05], [5.173703874891918e-05, 6.0588789256096734e-05, 7.257374956350696e-05, 2.87884481578886e-05, 5.8573726327286445e-05, 5.404945412126775e-05], [2.043009197114416e-05, 2.1079092348394498e-05, 2.87884481578886e-05, 0.00015747561328987206, 0.0001238869955574338, 7.707675877520717e-05], [4.16415426481546e-05, 4.559833133754558e-05, 5.8573726327286445e-05, 0.0001238869955574338, 0.0001377449199296583, 9.593418848308384e-05], [3.995378381936692e-05, 4.351342106250436e-05, 5.404945412126775e-05, 7.707675877520717e-05, 9.593418848308384e-05, 7.356347820397756e-05]]</COVARIANCE_MATRIX>
		<ROI_SIZE>184</ROI_SIZE>
		<MAX_VALUE>[0.15145625, 0.1476915, 0.13801992, 0.13916667, 0.11283492, 0.08189456]</MAX_VALUE>
		<MIN_VALUE>[0.11019525, 0.09829511, 0.08092091, 0.07934144, 0.05119222, 0.034726758]</MIN_VALUE>
		<SIGNATURE_THRESHOLD_MD>0</SIGNATURE_THRESHOLD_MD>
		<SIGNATURE_THRESHOLD_ML>0</SIGNATURE_THRESHOLD_ML>
		<SIGNATURE_THRESHOLD_SAM>0</SIGNATURE_THRESHOLD_SAM>
	</signature>
	<signature ID="20210106_113231979232_373">
		<MACROCLASSID>1</MACROCLASSID>
		<MACROCLASSINFO>Water</MACROCLASSINFO>
		<CLASSID>15</CLASSID>
		<CLASSINFO>C 1</CLASSINFO>
		<VALUES>[0.119527616, 0.006686202, 0.103298835, 0.008786971, 0.082062915, 0.0094927, 0.08769852, 0.012125678, 0.06267652, 0.011735506, 0.044527985, 0.008183632]</VALUES>
		<LCS_MIN>[0.0946818, 0.07354284, 0.045783058, 0.045198865, 0.021506788, 0.013695971]</LCS_MIN>
		<LCS_MAX>[0.14100577, 0.13563989, 0.11579914, 0.12309068, 0.10015587, 0.07308847]</LCS_MAX>
		<WAVELENGTH>[0.48, 0.56, 0.655, 0.865, 1.61, 2.2]</WAVELENGTH>
		<MEAN_VALUE>[0.119527616, 0.103298835, 0.082062915, 0.08769852, 0.06267652, 0.044527985]</MEAN_VALUE>
		<CHECKBOX>2</CHECKBOX>
		<SD>[0.006686202, 0.008786971, 0.0094927, 0.012125678, 0.011735506, 0.008183632]</SD>
		<WAVELENGTH_UNIT>E-6m</WAVELENGTH_UNIT>
		<COLOR>#a55ae0</COLOR>
		<COVARIANCE_MATRIX>[[4.4729008561081475e-05, 5.533838378609989e-05, 5.749852687952569e-05, 4.4902566403901027e-05, 4.761225316447145e-05, 4.347463993375469e-05], [5.533838378609989e-05, 7.725181656146681e-05, 7.982260302711135e-05, 6.306303619843438e-05, 6.701026342536518e-05, 5.6539687589637566e-05], [5.749852687952569e-05, 7.982260302711135e-05, 9.015914911254824e-05, 8.358362328647097e-05, 8.61607562410716e-05, 6.777223549613861e-05], [4.4902566403901027e-05, 6.306303619843438e-05, 8.358362328647097e-05, 0.00014711007641641404, 0.00013487127858378435, 8.691456725518766e-05], [4.761225316447145e-05, 6.701026342536518e-05, 8.61607562410716e-05, 0.00013487127858378435, 0.00013779517472984568, 9.112225347953475e-05], [4.347463993375469e-05, 5.6539687589637566e-05, 6.777223549613861e-05, 8.691456725518766e-05, 9.112225347953475e-05, 6.700736302409027e-05]]</COVARIANCE_MATRIX>
		<ROI_SIZE>1886</ROI_SIZE>
		<MAX_VALUE>[0.14100577, 0.13563989, 0.11579914, 0.12309068, 0.10015587, 0.07308847]</MAX_VALUE>
		<MIN_VALUE>[0.0946818, 0.07354284, 0.045783058, 0.045198865, 0.021506788, 0.013695971]</MIN_VALUE>
		<SIGNATURE_THRESHOLD_MD>0</SIGNATURE_THRESHOLD_MD>
		<SIGNATURE_THRESHOLD_ML>0</SIGNATURE_THRESHOLD_ML>
		<SIGNATURE_THRESHOLD_SAM>0</SIGNATURE_THRESHOLD_SAM>
	</signature>
	<signature ID="20210106_113242950930_998">
		<MACROCLASSID>1</MACROCLASSID>
		<MACROCLASSINFO>Water</MACROCLASSINFO>
		<CLASSID>16</CLASSID>
		<CLASSINFO>C 1</CLASSINFO>
		<VALUES>[0.083737224, 0.0017492953, 0.058676764, 0.002427605, 0.035350896, 0.0030512651, 0.10680609, 0.010824979, 0.030171162, 0.005489589, 0.011179712, 0.0024033815]</VALUES>
		<LCS_MIN>[0.081505105, 0.055627722, 0.03295255, 0.08340914, 0.02315117, 0.008784456]</LCS_MIN>
		<LCS_MAX>[0.09781912, 0.07912507, 0.06555892, 0.13224296, 0.060647413, 0.03182745]</LCS_MAX>
		<WAVELENGTH>[0.48, 0.56, 0.655, 0.865, 1.61, 2.2]</WAVELENGTH>
		<MEAN_VALUE>[0.083737224, 0.058676764, 0.035350896, 0.10680609, 0.030171162, 0.011179712]</MEAN_VALUE>
		<CHECKBOX>2</CHECKBOX>
		<SD>[0.0017492953, 0.002427605, 0.0030512651, 0.010824979, 0.005489589, 0.0024033815]</SD>
		<WAVELENGTH_UNIT>E-6m</WAVELENGTH_UNIT>
		<COLOR>#30f794</COLOR>
		<COVARIANCE_MATRIX>[[3.076311099026458e-06, 3.9032566591557685e-06, 4.978478123064324e-06, 2.712224757908578e-06, 5.02539604174155e-06, 2.90221320475417e-06], [3.9032566591557685e-06, 5.92461248110289e-06, 7.071338385894446e-06, 1.1602528447207922e-05, 1.0333981292395082e-05, 5.016282811825474e-06], [4.978478123064324e-06, 7.071338385894446e-06, 9.359741604296429e-06, 7.130181873774964e-06, 1.161521917985282e-05, 6.427391583911207e-06], [2.712224757908578e-06, 1.1602528447207922e-05, 7.130181873774964e-06, 0.00011780346827130385, 4.31424646198367e-05, 1.1348823760812346e-05], [5.02539604174155e-06, 1.0333981292395082e-05, 1.161521917985282e-05, 4.31424646198367e-05, 3.029588556982379e-05, 1.1960713817749017e-05], [2.90221320475417e-06, 5.016282811825474e-06, 6.427391583911207e-06, 1.1348823760812346e-05, 1.1960713817749017e-05, 5.806967612773298e-06]]</COVARIANCE_MATRIX>
		<ROI_SIZE>189</ROI_SIZE>
		<MAX_VALUE>[0.09781912, 0.07912507, 0.06555892, 0.13224296, 0.060647413, 0.03182745]</MAX_VALUE>
		<MIN_VALUE>[0.081505105, 0.055627722, 0.03295255, 0.08340914, 0.02315117, 0.008784456]</MIN_VALUE>
		<SIGNATURE_THRESHOLD_MD>0</SIGNATURE_THRESHOLD_MD>
		<SIGNATURE_THRESHOLD_ML>0</SIGNATURE_THRESHOLD_ML>
		<SIGNATURE_THRESHOLD_SAM>0</SIGNATURE_THRESHOLD_SAM>
	</signature>
	<signature ID="20210106_113301091479_895">
		<MACROCLASSID>1</MACROCLASSID>
		<MACROCLASSINFO>Water</MACROCLASSINFO>
		<CLASSID>17</CLASSID>
		<CLASSINFO>C 1</CLASSINFO>
		<VALUES>[0.13630843, 0.006813658, 0.12586918, 0.008994643, 0.10698484, 0.011312096, 0.09672897, 0.012084739, 0.07423138, 0.010771248, 0.05435875, 0.008190254]</VALUES>
		<LCS_MIN>[0.10943797, 0.09364324, 0.07040553, 0.06001995, 0.03823188, 0.028495416]</LCS_MIN>
		<LCS_MAX>[0.15095861, 0.14604712, 0.13572645, 0.12798055, 0.104072094, 0.07832453]</LCS_MAX>
		<WAVELENGTH>[0.48, 0.56, 0.655, 0.865, 1.61, 2.2]</WAVELENGTH>
		<MEAN_VALUE>[0.13630843, 0.12586918, 0.10698484, 0.09672897, 0.07423138, 0.05435875]</MEAN_VALUE>
		<CHECKBOX>2</CHECKBOX>
		<SD>[0.006813658, 0.008994643, 0.011312096, 0.012084739, 0.010771248, 0.008190254]</SD>
		<WAVELENGTH_UNIT>E-6m</WAVELENGTH_UNIT>
		<COLOR>#a91c4f</COLOR>
		<COVARIANCE_MATRIX>[[4.6554538280418924e-05, 6.044612877196092e-05, 7.443576266116519e-05, 3.1540270776540126e-05, 4.754160234346802e-05, 4.53568350870359e-05], [6.044612877196092e-05, 8.112770536663845e-05, 9.957096967582967e-05, 4.590881615206094e-05, 6.34936959874077e-05, 5.92070666509848e-05], [7.443576266116519e-05, 9.957096967582967e-05, 0.00012831798347782126, 6.518734312241266e-05, 8.515268543412631e-05, 7.723139860249828e-05], [3.1540270776540126e-05, 4.590881615206094e-05, 6.518734312241266e-05, 0.00014644546242978588, 0.00010846937689468234, 6.94704062528316e-05], [4.754160234346802e-05, 6.34936959874077e-05, 8.515268543412631e-05, 0.00010846937689468234, 0.00011634116088965482, 8.320460071460038e-05], [4.53568350870359e-05, 5.92070666509848e-05, 7.723139860249828e-05, 6.94704062528316e-05, 8.320460071460038e-05, 6.726608323530163e-05]]</COVARIANCE_MATRIX>
		<ROI_SIZE>362</ROI_SIZE>
		<MAX_VALUE>[0.15095861, 0.14604712, 0.13572645, 0.12798055, 0.104072094, 0.07832453]</MAX_VALUE>
		<MIN_VALUE>[0.10943797, 0.09364324, 0.07040553, 0.06001995, 0.03823188, 0.028495416]</MIN_VALUE>
		<SIGNATURE_THRESHOLD_MD>0</SIGNATURE_THRESHOLD_MD>
		<SIGNATURE_THRESHOLD_ML>0</SIGNATURE_THRESHOLD_ML>
		<SIGNATURE_THRESHOLD_SAM>0</SIGNATURE_THRESHOLD_SAM>
	</signature>
	<signature ID="20210106_113336197265_581">
		<MACROCLASSID>1</MACROCLASSID>
		<MACROCLASSINFO>Water</MACROCLASSINFO>
		<CLASSID>18</CLASSID>
		<CLASSINFO>C 1</CLASSINFO>
		<VALUES>[0.12775652, 0.00794327, 0.11295207, 0.00940398, 0.09615123, 0.0108629, 0.10502542, 0.018608402, 0.07565188, 0.015264825, 0.05195635, 0.010741868]</VALUES>
		<LCS_MIN>[0.108529225, 0.088883184, 0.067289844, 0.060171407, 0.04093647, 0.02633175]</LCS_MIN>
		<LCS_MAX>[0.14152507, 0.13135585, 0.11638333, 0.13598609, 0.107101224, 0.07051371]</LCS_MAX>
		<WAVELENGTH>[0.48, 0.56, 0.655, 0.865, 1.61, 2.2]</WAVELENGTH>
		<MEAN_VALUE>[0.12775652, 0.11295207, 0.09615123, 0.10502542, 0.07565188, 0.05195635]</MEAN_VALUE>
		<CHECKBOX>2</CHECKBOX>
		<SD>[0.00794327, 0.00940398, 0.0108629, 0.018608402, 0.015264825, 0.010741868]</SD>
		<WAVELENGTH_UNIT>E-6m</WAVELENGTH_UNIT>
		<COLOR>#a9223c</COLOR>
		<COVARIANCE_MATRIX>[[6.387449243551038e-05, 7.416846044515149e-05, 8.378939194256405e-05, 4.640401247025279e-05, 8.220719963491618e-05, 7.423950788222219e-05], [7.416846044515149e-05, 8.952663316665768e-05, 0.00010173498624523088, 6.287534899644738e-05, 0.00010147649273924188, 8.921801657839819e-05], [8.378939194256405e-05, 0.00010173498624523088, 0.00011945942600372963, 8.135232225818523e-05, 0.0001233185400987659, 0.00010544777586940625], [4.640401247025279e-05, 6.287534899644738e-05, 8.135232225818523e-05, 0.00035054761282857656, 0.0002250686187234211, 0.00012502040417131373], [8.220719963491618e-05, 0.00010147649273924188, 0.0001233185400987659, 0.0002250686187234211, 0.00023589160397366634, 0.0001555484992178987], [7.423950788222219e-05, 8.921801657839819e-05, 0.00010544777586940625, 0.00012502040417131373, 0.0001555484992178987, 0.0001168122720239433]]</COVARIANCE_MATRIX>
		<ROI_SIZE>82</ROI_SIZE>
		<MAX_VALUE>[0.14152507, 0.13135585, 0.11638333, 0.13598609, 0.107101224, 0.07051371]</MAX_VALUE>
		<MIN_VALUE>[0.108529225, 0.088883184, 0.067289844, 0.060171407, 0.04093647, 0.02633175]</MIN_VALUE>
		<SIGNATURE_THRESHOLD_MD>0</SIGNATURE_THRESHOLD_MD>
		<SIGNATURE_THRESHOLD_ML>0</SIGNATURE_THRESHOLD_ML>
		<SIGNATURE_THRESHOLD_SAM>0</SIGNATURE_THRESHOLD_SAM>
	</signature>
	<signature ID="20210106_113347701902_527">
		<MACROCLASSID>1</MACROCLASSID>
		<MACROCLASSINFO>Water</MACROCLASSINFO>
		<CLASSID>19</CLASSID>
		<CLASSINFO>C 1</CLASSINFO>
		<VALUES>[0.12041185, 0.0088833235, 0.103284925, 0.0106217405, 0.08298567, 0.011614393, 0.08162462, 0.017775457, 0.055172317, 0.01556033, 0.037900127, 0.0117589785]</VALUES>
		<LCS_MIN>[0.10716612, 0.086849354, 0.064477086, 0.046561986, 0.026158657, 0.014734528]</LCS_MIN>
		<LCS_MAX>[0.13447154, 0.120148085, 0.10428847, 0.10303353, 0.08083437, 0.05619028]</LCS_MAX>
		<WAVELENGTH>[0.48, 0.56, 0.655, 0.865, 1.61, 2.2]</WAVELENGTH>
		<MEAN_VALUE>[0.12041185, 0.103284925, 0.08298567, 0.08162462, 0.055172317, 0.037900127]</MEAN_VALUE>
