<?xml version="1.0" ?>
<signaturelist MCID_LIST="[['1', 'waterbody', '#2e1a5e'], ['2', 'vegetation', '#52793e'], ['3', 'bareland', '#6bf229'], ['4', 'built-up', '#442465']]">
	<signature ID="20210621_112355016389_815">
		<MACROCLASSID>1</MACROCLASSID>
		<MACROCLASSINFO>waterbody</MACROCLASSINFO>
		<CLASSID>1</CLASSID>
		<CLASSINFO>C 1</CLASSINFO>
		<VALUES>[0.13283382, 0.0077167666, 0.099207126, 0.00840449, 0.0746912, 0.010107661, 0.0582171, 0.010279412, 0.018356932, 0.0060264347, 0.009585824, 0.0040916475]</VALUES>
		<LCS_MIN>[0.11880061, 0.08230272, 0.057727486, 0.044892393, 0.007999117, 0.003132729]</LCS_MIN>
		<LCS_MAX>[0.15916118, 0.12944582, 0.11077107, 0.09541153, 0.04531819, 0.030901538]</LCS_MAX>
		<WAVELENGTH>[0.48, 0.56, 0.655, 0.865, 1.61, 2.2]</WAVELENGTH>
		<MEAN_VALUE>[0.13283382, 0.099207126, 0.0746912, 0.0582171, 0.018356932, 0.009585824]</MEAN_VALUE>
		<CHECKBOX>2</CHECKBOX>
		<SD>[0.0077167666, 0.00840449, 0.010107661, 0.010279412, 0.0060264347, 0.0040916475]</SD>
		<WAVELENGTH_UNIT>E-6m</WAVELENGTH_UNIT>
		<COLOR>#2e1a5e</COLOR>
		<COVARIANCE_MATRIX>[[5.954978405497968e-05, 6.193968874868006e-05, 7.687154720770195e-05, 6.0299444157863036e-05, 3.459761501289904e-05, 2.1704185201087967e-05], [6.193968874868006e-05, 7.06370483385399e-05, 8.17809923319146e-05, 6.48936111247167e-05, 3.587294850149192e-05, 2.2454230929724872e-05], [7.687154720770195e-05, 8.17809923319146e-05, 0.00010216704686172307, 8.449622691841796e-05, 4.842825001105666e-05, 3.081164322793484e-05], [6.0299444157863036e-05, 6.48936111247167e-05, 8.449622691841796e-05, 0.00010566866694716737, 5.78863728151191e-05, 3.779186590691097e-05], [3.459761501289904e-05, 3.587294850149192e-05, 4.842825001105666e-05, 5.78863728151191e-05, 3.6318713682703674e-05, 2.430501626804471e-05], [2.1704185201087967e-05, 2.2454230929724872e-05, 3.081164322793484e-05, 3.779186590691097e-05, 2.430501626804471e-05, 1.674195118539501e-05]]</COVARIANCE_MATRIX>
		<ROI_SIZE>45035</ROI_SIZE>
		<MAX_VALUE>[0.15916118, 0.12944582, 0.11077107, 0.09541153, 0.04531819, 0.030901538]</MAX_VALUE>
		<MIN_VALUE>[0.11880061, 0.08230272, 0.057727486, 0.044892393, 0.007999117, 0.003132729]</MIN_VALUE>
		<SIGNATURE_THRESHOLD_MD>0.0</SIGNATURE_THRESHOLD_MD>
		<SIGNATURE_THRESHOLD_ML>0.0</SIGNATURE_THRESHOLD_ML>
		<SIGNATURE_THRESHOLD_SAM>0.0</SIGNATURE_THRESHOLD_SAM>
	</signature>
	<signature ID="20210621_114054484670_799">
		<MACROCLASSID>1</MACROCLASSID>
		<MACROCLASSINFO>waterbody</MACROCLASSINFO>
		<CLASSID>2</CLASSID>
		<CLASSINFO>C 1</CLASSINFO>
		<VALUES>[0.13005264, 0.003479146, 0.096881725, 0.005789017, 0.07441168, 0.005840196, 0.06801289, 0.014219828, 0.025689475, 0.011122497, 0.014860135, 0.0070490404]</VALUES>
		<LCS_MIN>[0.12035177, 0.08406678, 0.060799394, 0.046747707, 0.009976084, 0.0037714369]</LCS_MIN>
		<LCS_MAX>[0.14003019, 0.11472501, 0.094620764, 0.20079918, 0.108459525, 0.06499664]</LCS_MAX>
		<WAVELENGTH>[0.48, 0.56, 0.655, 0.865, 1.61, 2.2]</WAVELENGTH>
		<MEAN_VALUE>[0.13005264, 0.096881725, 0.07441168, 0.06801289, 0.025689475, 0.014860135]</MEAN_VALUE>
		<CHECKBOX>2</CHECKBOX>
		<SD>[0.003479146, 0.005789017, 0.005840196, 0.014219828, 0.011122497, 0.0070490404]</SD>
		<WAVELENGTH_UNIT>E-6m</WAVELENGTH_UNIT>
		<COLOR>#164707</COLOR>
		<COVARIANCE_MATRIX>[[1.2108787814213429e-05, 1.5330306268879212e-05, 1.7521177142043598e-05, 1.445459474780364e-05, 1.1434364751039539e-05, 8.330778655363247e-06], [1.5330306268879212e-05, 3.352471685502678e-05, 3.2071238820208237e-05, 2.783677336992696e-05, 2.2945532691664994e-05, 1.530380905023776e-05], [1.7521177142043598e-05, 3.2071238820208237e-05, 3.412009755265899e-05, 3.1961797503754497e-05, 2.7280771973892115e-05, 1.8848228137358092e-05], [1.445459474780364e-05, 2.783677336992696e-05, 3.1961797503754497e-05, 0.0002022758562816307, 0.0001400453329551965, 8.082870772341266e-05], [1.1434364751039539e-05, 2.2945532691664994e-05, 2.7280771973892115e-05, 0.0001400453329551965, 0.0001237542019225657, 7.562237442471087e-05], [8.330778655363247e-06, 1.530380905023776e-05, 1.8848228137358092e-05, 8.082870772341266e-05, 7.562237442471087e-05, 4.970675945514813e-05]]</COVARIANCE_MATRIX>
		<ROI_SIZE>2795</ROI_SIZE>
		<MAX_VALUE>[0.14003019, 0.11472501, 0.094620764, 0.20079918, 0.108459525, 0.06499664]</MAX_VALUE>
		<MIN_VALUE>[0.12035177, 0.08406678, 0.060799394, 0.046747707, 0.009976084, 0.0037714369]</MIN_VALUE>
		<SIGNATURE_THRESHOLD_MD>0.0</SIGNATURE_THRESHOLD_MD>
		<SIGNATURE_THRESHOLD_ML>0.0</SIGNATURE_THRESHOLD_ML>
		<SIGNATURE_THRESHOLD_SAM>0.0</SIGNATURE_THRESHOLD_SAM>
	</signature>
	<signature ID="20210621_114605203443_264">
		<MACROCLASSID>1</MACROCLASSID>
		<MACROCLASSINFO>waterbody</MACROCLASSINFO>
		<CLASSID>3</CLASSID>
		<CLASSINFO>C 1</CLASSINFO>
		<VALUES>[0.13344868, 0.0030646173, 0.10478934, 0.005143895, 0.079335384, 0.005623771, 0.06719381, 0.011496223, 0.023880776, 0.008343506, 0.013981772, 0.005351976]</VALUES>
		<LCS_MIN>[0.12704305, 0.096050255, 0.06977178, 0.053651884, 0.014142919, 0.0063871243]</LCS_MIN>
		<LCS_MAX>[0.14456204, 0.122085415, 0.10094706, 0.13890485, 0.0884161, 0.052830674]</LCS_MAX>
		<WAVELENGTH>[0.48, 0.56, 0.655, 0.865, 1.61, 2.2]</WAVELENGTH>
		<MEAN_VALUE>[0.13344868, 0.10478934, 0.079335384, 0.06719381, 0.023880776, 0.013981772]</MEAN_VALUE>
		<CHECKBOX>2</CHECKBOX>
		<SD>[0.0030646173, 0.005143895, 0.005623771, 0.011496223, 0.008343506, 0.005351976]</SD>
		<WAVELENGTH_UNIT>E-6m</WAVELENGTH_UNIT>
		<COLOR>#a3f6d3</COLOR>
		<COVARIANCE_MATRIX>[[9.401827810506802e-06, 1.4181921869749203e-05, 1.663460352574475e-05, 1.9276776583865285e-05, 9.566716471454129e-06, 6.1767077568219975e-06], [1.4181921869749203e-05, 2.64876816800097e-05, 2.6562063794699498e-05, 2.987744846905116e-05, 1.022795640892582e-05, 6.198546543600969e-06], [1.663460352574475e-05, 2.6562063794699498e-05, 3.1660307286074385e-05, 3.728624142240733e-05, 1.8617398382048123e-05, 1.190812690765597e-05], [1.9276776583865285e-05, 2.987744846905116e-05, 3.728624142240733e-05, 0.00013230314652901143, 8.694498683325946e-05, 5.222215622779913e-05], [9.566716471454129e-06, 1.022795640892582e-05, 1.8617398382048123e-05, 8.694498683325946e-05, 6.968784146010876e-05, 4.350950621301308e-05], [6.1767077568219975e-06, 6.198546543600969e-06, 1.190812690765597e-05, 5.222215622779913e-05, 4.350950621301308e-05, 2.867398870876059e-05]]</COVARIANCE_MATRIX>
		<ROI_SIZE>945</ROI_SIZE>
		<MAX_VALUE>[0.14456204, 0.122085415, 0.10094706, 0.13890485, 0.0884161, 0.052830674]</MAX_VALUE>
		<MIN_VALUE>[0.12704305, 0.096050255, 0.06977178, 0.053651884, 0.014142919, 0.0063871243]</MIN_VALUE>
		<SIGNATURE_THRESHOLD_MD>0.0</SIGNATURE_THRESHOLD_MD>
		<SIGNATURE_THRESHOLD_ML>0.0</SIGNATURE_THRESHOLD_ML>
		<SIGNATURE_THRESHOLD_SAM>0.0</SIGNATURE_THRESHOLD_SAM>
	</signature>
	<signature ID="20210621_123734373671_690">
		<MACROCLASSID>1</MACROCLASSID>
		<MACROCLASSINFO>waterbody</MACROCLASSINFO>
		<CLASSID>4</CLASSID>
		<CLASSINFO>C 1</CLASSINFO>
		<VALUES>[0.13374056, 0.0041468586, 0.10109508, 0.005298135, 0.07452595, 0.0055170185, 0.057292312, 0.0070917034, 0.017635766, 0.0036909126, 0.008832018, 0.0025921725]</VALUES>
		<LCS_MIN>[0.12476192, 0.089541465, 0.06481415, 0.045683164, 0.010280227, 0.00158157]</LCS_MIN>
		<LCS_MAX>[0.1573667, 0.12786423, 0.11010194, 0.16198975, 0.07220497, 0.04823802]</LCS_MAX>
		<WAVELENGTH>[0.48, 0.56, 0.655, 0.865, 1.61, 2.2]</WAVELENGTH>
		<MEAN_VALUE>[0.13374056, 0.10109508, 0.07452595, 0.057292312, 0.017635766, 0.008832018]</MEAN_VALUE>
		<CHECKBOX>2</CHECKBOX>
		<SD>[0.0041468586, 0.005298135, 0.0055170185, 0.0070917034, 0.0036909126, 0.0025921725]</SD>
		<WAVELENGTH_UNIT>E-6m</WAVELENGTH_UNIT>
		<COLOR>#752cb9</COLOR>
		<COVARIANCE_MATRIX>[[1.7196996850543655e-05, 2.0484905689954758e-05, 2.165744808735326e-05, 1.8929267753264867e-05, 9.99599797069095e-06, 6.628305527556222e-06], [2.0484905689954758e-05, 2.807114287861623e-05, 2.6543091735220514e-05, 2.0808001863770187e-05, 1.0990369446517434e-05, 7.203243967524031e-06], [2.165744808735326e-05, 2.6543091735220514e-05, 3.0438488465733826e-05, 2.974479866679758e-05, 1.572449764353223e-05, 1.0774894690257497e-05], [1.8929267753264867e-05, 2.0808001863770187e-05, 2.974479866679758e-05, 5.029389649280347e-05, 2.4282122467411682e-05, 1.5943833204801194e-05], [9.99599797069095e-06, 1.0990369446517434e-05, 1.572449764353223e-05, 2.4282122467411682e-05, 1.3623275663121603e-05, 9.278038305637892e-06], [6.628305527556222e-06, 7.203243967524031e-06, 1.0774894690257497e-05, 1.5943833204801194e-05, 9.278038305637892e-06, 6.719576049363241e-06]]</COVARIANCE_MATRIX>
		<ROI_SIZE>30828</ROI_SIZE>
		<MAX_VALUE>[0.1573667, 0.12786423, 0.11010194, 0.16198975, 0.07220497, 0.04823802]</MAX_VALUE>
		<MIN_VALUE>[0.12476192, 0.089541465, 0.06481415, 0.045683164, 0.010280227, 0.00158157]</MIN_VALUE>
		<SIGNATURE_THRESHOLD_MD>0.0</SIGNATURE_THRESHOLD_MD>
		<SIGNATURE_THRESHOLD_ML>0.0</SIGNATURE_THRESHOLD_ML>
		<SIGNATURE_THRESHOLD_SAM>0.0</SIGNATURE_THRESHOLD_SAM>
	</signature>
	<signature ID="20210621_125752345296_760">
		<MACROCLASSID>1</MACROCLASSID>
		<MACROCLASSINFO>waterbody</MACROCLASSINFO>
		<CLASSID>5</CLASSID>
		<CLASSINFO>C 1</CLASSINFO>
		<VALUES>[0.12539248, 0.0046522454, 0.09223529, 0.008785882, 0.0680791, 0.0072830594, 0.06379673, 0.011758275, 0.019627044, 0.007580526, 0.010370298, 0.0045534824]</VALUES>
		<LCS_MIN>[0.117340684, 0.08172482, 0.058457438, 0.049028818, 0.008333681, 0.004653477]</LCS_MIN>
		<LCS_MAX>[0.14343667, 0.1287767, 0.10867245, 0.1788092, 0.10523556, 0.062867604]</LCS_MAX>
		<WAVELENGTH>[0.48, 0.56, 0.655, 0.865, 1.61, 2.2]</WAVELENGTH>
		<MEAN_VALUE>[0.12539248, 0.09223529, 0.0680791, 0.06379673, 0.019627044, 0.010370298]</MEAN_VALUE>
		<CHECKBOX>2</CHECKBOX>
		<SD>[0.0046522454, 0.008785882, 0.0072830594, 0.011758275, 0.007580526, 0.0045534824]</SD>
		<WAVELENGTH_UNIT>E-6m</WAVELENGTH_UNIT>
		<COLOR>#ae6934</COLOR>
		<COVARIANCE_MATRIX>[[2.164820398320444e-05, 3.831397043541074e-05, 3.2151598134078085e-05, 1.5045853615447413e-05, 7.32495527699939e-06, 5.121557023812784e-06], [3.831397043541074e-05, 7.720888243056834e-05, 6.057571226847358e-05, 2.5642128093750216e-05, 1.295698712056037e-05, 9.166563359030988e-06], [3.2151598134078085e-05, 6.057571226847358e-05, 5.3054751333547756e-05, 3.1409090297529474e-05, 1.557101495563984e-05, 1.0770588232844602e-05], [1.5045853615447413e-05, 2.5642128093750216e-05, 3.1409090297529474e-05, 0.00013828775263391435, 7.891520363045856e-05, 4.494742097449489e-05], [7.32495527699939e-06, 1.295698712056037e-05, 1.557101495563984e-05, 7.891520363045856e-05, 5.747714749304578e-05, 3.36091143253725e-05], [5.121557023812784e-06, 9.166563359030988e-06, 1.0770588232844602e-05, 4.494742097449489e-05, 3.36091143253725e-05, 2.0738814782816917e-05]]</COVARIANCE_MATRIX>
		<ROI_SIZE>4498</ROI_SIZE>
		<MAX_VALUE>[0.14343667, 0.1287767, 0.10867245, 0.1788092, 0.10523556, 0.062867604]</MAX_VALUE>
		<MIN_VALUE>[0.117340684, 0.08172482, 0.058457438, 0.049028818, 0.008333681, 0.004653477]</MIN_VALUE>
		<SIGNATURE_THRESHOLD_MD>0.0</SIGNATURE_THRESHOLD_MD>
		<SIGNATURE_THRESHOLD_ML>0.0</SIGNATURE_THRESHOLD_ML>
		<SIGNATURE_THRESHOLD_SAM>0.0</SIGNATURE_THRESHOLD_SAM>
	</signature>
	<signature ID="20210621_130243073940_849">
		<MACROCLASSID>1</MACROCLASSID>
		<MACROCLASSINFO>waterbody</MACROCLASSINFO>
		<CLASSID>6</CLASSID>
		<CLASSINFO>C 1</CLASSINFO>
		<VALUES>[0.14865549, 0.005910028, 0.117637165, 0.007396913, 0.09932957, 0.009317174, 0.09813808, 0.013162036, 0.04597748, 0.016445795, 0.02917442, 0.01386063]</VALUES>
		<LCS_MIN>[0.13698871, 0.10334984, 0.082363546, 0.07606767, 0.020986276, 0.013960431]</LCS_MIN>
		<LCS_MAX>[0.15986072, 0.13388638, 0.121020876, 0.14583944, 0.11873977, 0.082819775]</LCS_MAX>
		<WAVELENGTH>[0.48, 0.56, 0.655, 0.865, 1.61, 2.2]</WAVELENGTH>
		<MEAN_VALUE>[0.14865549, 0.117637165, 0.09932957, 0.09813808, 0.04597748, 0.02917442]</MEAN_VALUE>
		<CHECKBOX>2</CHECKBOX>
		<SD>[0.005910028, 0.007396913, 0.009317174, 0.013162036, 0.016445795, 0.01386063]</SD>
		<WAVELENGTH_UNIT>E-6m</WAVELENGTH_UNIT>
		<COLOR>#705e38</COLOR>
		<COVARIANCE_MATRIX>[[3.502879917505197e-05, 4.2670937546063215e-05, 5.356327892513946e-05, 4.218030153424479e-05, 6.540177128044888e-05, 5.396546839619987e-05], [4.2670937546063215e-05, 5.487154339789413e-05, 6.840111018391326e-05, 6.215854955371469e-05, 8.805709512671456e-05, 7.154368358897045e-05], [5.356327892513946e-05, 6.840111018391326e-05, 8.705917571205646e-05, 7.783868932165205e-05, 0.00011854828335344791, 9.815995872486383e-05], [4.218030153424479e-05, 6.215854955371469e-05, 7.783868932165205e-05, 0.0001737370330374688, 0.00017732163541950285, 0.00012876260734628886], [6.540177128044888e-05, 8.805709512671456e-05, 0.00011854828335344791, 0.00017732163541950285, 0.00027124135522171855, 0.00022169951989781111], [5.396546839619987e-05, 7.154368358897045e-05, 9.815995872486383e-05, 0.00012876260734628886, 0.00022169951989781111, 0.00019266907474957407]]</COVARIANCE_MATRIX>
		<ROI_SIZE>349</ROI_SIZE>
		<MAX_VALUE>[0.15986072, 0.13388638, 0.121020876, 0.14583944, 0.11873977, 0.082819775]</MAX_VALUE>
		<MIN_VALUE>[0.13698871, 0.10334984, 0.082363546, 0.07606767, 0.020986276, 0.013960431]</MIN_VALUE>
		<SIGNATURE_THRESHOLD_MD>0.0</SIGNATURE_THRESHOLD_MD>
		<SIGNATURE_THRESHOLD_ML>0.0</SIGNATURE_THRESHOLD_ML>
		<SIGNATURE_THRESHOLD_SAM>0.0</SIGNATURE_THRESHOLD_SAM>
	</signature>
	<signature ID="20210621_132119138382_409">
		<MACROCLASSID>2</MACROCLASSID>
		<MACROCLASSINFO>vegetation</MACROCLASSINFO>
		<CLASSID>7</CLASSID>
		<CLASSINFO>C 1</CLASSINFO>
		<VALUES>[0.12796569, 0.0061827386, 0.10661575, 0.005417705, 0.0739895, 0.0067446246, 0.43381235, 0.06909236, 0.17062226, 0.018035494, 0.066295475, 0.005579703]</VALUES>
		<LCS_MIN>[0.115789525, 0.08765574, 0.06028234, 0.1659437, 0.07761883, 0.03716701]</LCS_MIN>
		<LCS_MAX>[0.15286529, 0.12789467, 0.10097747, 0.52328837, 0.20940658, 0.10693878]</LCS_MAX>
		<WAVELENGTH>[0.48, 0.56, 0.655, 0.865, 1.61, 2.2]</WAVELENGTH>
		<MEAN_VALUE>[0.12796569, 0.10661575, 0.0739895, 0.43381235, 0.17062226, 0.066295475]</MEAN_VALUE>
		<CHECKBOX>2</CHECKBOX>
		<SD>[0.0061827386, 0.005417705, 0.0067446246, 0.06909236, 0.018035494, 0.005579703]</SD>
		<WAVELENGTH_UNIT>E-6m</WAVELENGTH_UNIT>
		<COLOR>#52793e</COLOR>
		<COVARIANCE_MATRIX>[[3.823095539701171e-05, 3.1858260626904666e-05, 4.0701117541175336e-05, -1.5166200455496437e-06, 2.91126525553409e-05, 1.5909990906948224e-05], [3.1858260626904666e-05, 2.935513657575939e-05, 3.3996413549175486e-05, 5.968550613033585e-05, 3.737063525477424e-05, 1.5970786989782937e-05], [4.0701117541175336e-05, 3.3996413549175486e-05, 4.54955552413594e-05, -6.853810918983072e-05, 1.854242873378098e-05, 1.723423702060245e-05], [-1.5166200455496437e-06, 5.968550613033585e-05, -6.853810918983072e-05, 0.004774341359734535, 0.0011040563695132732, 0.00017424658290110528], [2.91126525553409e-05, 3.737063525477424e-05, 1.854242873378098e-05, 0.0011040563695132732, 0.0003253189497627318, 7.964886754052714e-05], [1.5909990906948224e-05, 1.5970786989782937e-05, 1.723423702060245e-05, 0.00017424658290110528, 7.964886754052714e-05, 3.11369112750981e-05]]</COVARIANCE_MATRIX>
		<ROI_SIZE>8132</ROI_SIZE>
		<MAX_VALUE>[0.15286529, 0.12789467, 0.10097747, 0.52328837, 0.20940658, 0.10693878]</MAX_VALUE>
		<MIN_VALUE>[0.115789525, 0.08765574, 0.06028234, 0.1659437, 0.07761883, 0.03716701]</MIN_VALUE>
		<SIGNATURE_THRESHOLD_MD>0.0</SIGNATURE_THRESHOLD_MD>
		<SIGNATURE_THRESHOLD_ML>0.0</SIGNATURE_THRESHOLD_ML>
		<SIGNATURE_THRESHOLD_SAM>0.0</SIGNATURE_THRESHOLD_SAM>
	</signature>
	<signature ID="20210621_133548762088_615">
		<MACROCLASSID>2</MACROCLASSID>
		<MACROCLASSINFO>vegetation</MACROCLASSINFO>
		<CLASSID>8</CLASSID>
		<CLASSINFO>C 1</CLASSINFO>
		<VALUES>[0.1263435, 0.002860293, 0.106175736, 0.008393814, 0.07763351, 0.0071450677, 0.2879571, 0.07202802, 0.1278235, 0.021369213, 0.059838645, 0.0109099895]</VALUES>
		<LCS_MIN>[0.11804023, 0.088446535, 0.063354224, 0.13695829, 0.07771006, 0.035524603]</LCS_MIN>
		<LCS_MAX>[0.13817488, 0.124457784, 0.10517472, 0.46361434, 0.20615222, 0.111318536]</LCS_MAX>
		<WAVELENGTH>[0.48, 0.56, 0.655, 0.865, 1.61, 2.2]</WAVELENGTH>
		<MEAN_VALUE>[0.1263435, 0.106175736, 0.07763351, 0.2879571, 0.1278235, 0.059838645]</MEAN_VALUE>
		<CHECKBOX>2</CHECKBOX>
		<SD>[0.002860293, 0.008393814, 0.0071450677, 0.07202802, 0.021369213, 0.0109099895]</SD>
		<WAVELENGTH_UNIT>E-6m</WAVELENGTH_UNIT>
		<COLOR>#b47f36</COLOR>
		<COVARIANCE_MATRIX>[[8.18382886791369e-06, 1.527426684333477e-05, 1.5466528566321358e-05, 2.6342522687627934e-05, 2.747920461843023e-06, 4.544618150248425e-06], [1.527426684333477e-05, 7.047809049254283e-05, 5.259890167508274e-05, 0.00028022396145388484, -4.6812292708864334e-08, 8.510175575793255e-06], [1.5466528566321358e-05, 5.259890167508274e-05, 5.106792741571553e-05, 5.139686618349515e-05, -1.6556508853682317e-05, 1.104721195588354e-05], [2.6342522687627934e-05, 0.00028022396145388484, 5.139686618349515e-05, 0.005189653020352125, 0.0006751889595761895, 7.94917723396793e-05], [2.747920461843023e-06, -4.6812292708864334e-08, -1.6556508853682317e-05, 0.0006751889595761895, 0.0004567857540678233, 0.00020370060519780964], [4.544618150248425e-06, 8.510175575793255e-06, 1.104721195588354e-05, 7.94917723396793e-05, 0.00020370060519780964, 0.00011906500003533438]]</COVARIANCE_MATRIX>
		<ROI_SIZE>3206</ROI_SIZE>
		<MAX_VALUE>[0.13817488, 0.124457784, 0.10517472, 0.46361434, 0.20615222, 0.111318536]</MAX_VALUE>
		<MIN_VALUE>[0.11804023, 0.088446535, 0.063354224, 0.13695829, 0.07771006, 0.035524603]</MIN_VALUE>
		<SIGNATURE_THRESHOLD_MD>0.0</SIGNATURE_THRESHOLD_MD>
		<SIGNATURE_THRESHOLD_ML>0.0</SIGNATURE_THRESHOLD_ML>
		<SIGNATURE_THRESHOLD_SAM>0.0</SIGNATURE_THRESHOLD_SAM>
	</signature>
	<signature ID="20210621_134905282901_572">
		<MACROCLASSID>2</MACROCLASSID>
		<MACROCLASSINFO>vegetation</MACROCLASSINFO>
		<CLASSID>9</CLASSID>
		<CLASSINFO>C 1</CLASSINFO>
		<VALUES>[0.12917072, 0.0034822202, 0.10234291, 0.0059457202, 0.07631861, 0.0046041845, 0.21735874, 0.065056615, 0.118644945, 0.027155347, 0.0570572, 0.012469592]</VALUES>
		<LCS_MIN>[0.11965223, 0.08990644, 0.06663905, 0.13969563, 0.05602425, 0.02779921]</LCS_MIN>
		<LCS_MAX>[0.13936107, 0.11651947, 0.09240047, 0.4627323, 0.20651719, 0.10617842]</LCS_MAX>
		<WAVELENGTH>[0.48, 0.56, 0.655, 0.865, 1.61, 2.2]</WAVELENGTH>
		<MEAN_VALUE>[0.12917072, 0.10234291, 0.07631861, 0.21735874, 0.118644945, 0.0570572]</MEAN_VALUE>
		<CHECKBOX>2</CHECKBOX>
		<SD>[0.0034822202, 0.0059457202, 0.0046041845, 0.065056615, 0.027155347, 0.012469592]</SD>
		<WAVELENGTH_UNIT>E-6m</WAVELENGTH_UNIT>
		<COLOR>#dd2cbe</COLOR>
		<COVARIANCE_MATRIX>[[1.2141169463575352e-05, 1.4100953194429167e-05, 1.3975488400319591e-05, 0.000120014556159731, 4.6234592446126044e-05, 1.77183210325893e-05], [1.4100953194429167e-05, 3.539622775861062e-05, 2.394871808064636e-05, 0.00022220851678866893, 4.7780191380297765e-05, 1.4687139810121153e-05], [1.3975488400319591e-05, 2.394871808064636e-05, 2.122527985193301e-05, 0.00013673845387529582, 5.0227605242980644e-05, 2.244008101115469e-05], [0.000120014556159731, 0.00022220851678866893, 0.00013673845387529582, 0.0042377072386443615, 0.0012128636008128524, 0.0003360191476531327], [4.6234592446126044e-05, 4.7780191380297765e-05, 5.0227605242980644e-05, 0.0012128636008128524, 0.0007383438642136753, 0.0003146850795019418], [1.77183210325893e-05, 1.4687139810121153e-05, 2.244008101115469e-05, 0.0003360191476531327, 0.0003146850795019418, 0.00015568705566693097]]</COVARIANCE_MATRIX>
		<ROI_SIZE>793</ROI_SIZE>
		<MAX_VALUE>[0.13936107, 0.11651947, 0.09240047, 0.4627323, 0.20651719, 0.10617842]</MAX_VALUE>
		<MIN_VALUE>[0.11965223, 0.08990644, 0.06663905, 0.13969563, 0.05602425, 0.02779921]</MIN_VALUE>
		<SIGNATURE_THRESHOLD_MD>0.0</SIGNATURE_THRESHOLD_MD>
		<SIGNATURE_THRESHOLD_ML>0.0</SIGNATURE_THRESHOLD_ML>
		<SIGNATURE_THRESHOLD_SAM>0.0</SIGNATURE_THRESHOLD_SAM>
	</signature>
	<signature ID="20210621_140217116422_202">
		<MACROCLASSID>2</MACROCLASSID>
		<MACROCLASSINFO>vegetation</MACROCLASSINFO>
		<CLASSID>10</CLASSID>
		<CLASSINFO>C 1</CLASSINFO>
		<VALUES>[0.13821599, 0.0061421515, 0.11437906, 0.007348872, 0.08676357, 0.0066544116, 0.33221143, 0.06640567, 0.15307747, 0.025051983, 0.06697525, 0.009958458]</VALUES>
		<LCS_MIN>[0.12165959, 0.09081888, 0.06673028, 0.1637234, 0.06685195, 0.032848082]</LCS_MIN>
		<LCS_MAX>[0.150645, 0.12646516, 0.102011584, 0.43867412, 0.19216135, 0.107516676]</LCS_MAX>
		<WAVELENGTH>[0.48, 0.56, 0.655, 0.865, 1.61, 2.2]</WAVELENGTH>
		<MEAN_VALUE>[0.13821599, 0.11437906, 0.08676357, 0.33221143, 0.15307747, 0.06697525]</MEAN_VALUE>
		<CHECKBOX>2</CHECKBOX>
		<SD>[0.0061421515, 0.007348872, 0.0066544116, 0.06640567, 0.025051983, 0.009958458]</SD>
		<WAVELENGTH_UNIT>E-6m</WAVELENGTH_UNIT>
		<COLOR>#554fe7</COLOR>
		<COVARIANCE_MATRIX>[[3.774677315959707e-05, 4.081516090082005e-05, 3.877084600389935e-05, 0.00022466554946731776, 9.845128079177812e-05, 3.179601117153652e-05], [4.081516090082005e-05, 5.403561954153702e-05, 4.530568185145967e-05, 0.00034445725032128394, 0.00012210776912979782, 3.762349660973996e-05], [3.877084600389935e-05, 4.530568185145967e-05, 4.430554690770805e-05, 0.0002142649464076385, 9.865198808256537e-05, 3.796648161369376e-05], [0.00022466554946731776, 0.00034445725032128394, 0.0002142649464076385, 0.0044121393002569675, 0.0013189836172387004, 0.00030369998421519995], [9.845128079177812e-05, 0.00012210776912979782, 9.865198808256537e-05, 0.0013189836172387004, 0.0006279469816945493, 0.00021653340081684291], [3.179601117153652e-05, 3.762349660973996e-05, 3.796648161369376e-05, 0.00030369998421519995, 0.00021653340081684291, 9.922544268192723e-05]]</COVARIANCE_MATRIX>
		<ROI_SIZE>1819</ROI_SIZE>
		<MAX_VALUE>[0.150645, 0.12646516, 0.102011584, 0.43867412, 0.19216135, 0.107516676]</MAX_VALUE>
		<MIN_VALUE>[0.12165959, 0.09081888, 0.06673028, 0.1637234, 0.06685195, 0.032848082]</MIN_VALUE>
		<SIGNATURE_THRESHOLD_MD>0.0</SIGNATURE_THRESHOLD_MD>
		<SIGNATURE_THRESHOLD_ML>0.0</SIGNATURE_THRESHOLD_ML>
		<SIGNATURE_THRESHOLD_SAM>0.0</SIGNATURE_THRESHOLD_SAM>
	</signature>
	<signature ID="20210621_141140380088_382">
		<MACROCLASSID>2</MACROCLASSID>
		<MACROCLASSINFO>vegetation</MACROCLASSINFO>
		<CLASSID>11</CLASSID>
		<CLASSINFO>C 1</CLASSINFO>
		<VALUES>[0.13061655, 0.008549091, 0.10857348, 0.0074940734, 0.07701073, 0.00978859, 0.42498854, 0.07198485, 0.17011814, 0.013332717, 0.06709974, 0.004249008]</VALUES>
		<LCS_MIN>[0.11712778, 0.08896359, 0.061833497, 0.17439905, 0.097479746, 0.045896087]</LCS_MIN>
		<LCS_MAX>[0.15210493, 0.12749925, 0.102498226, 0.5251437, 0.19030602, 0.10304569]</LCS_MAX>
		<WAVELENGTH>[0.48, 0.56, 0.655, 0.865, 1.61, 2.2]</WAVELENGTH>
		<MEAN_VALUE>[0.13061655, 0.10857348, 0.07701073, 0.42498854, 0.17011814, 0.06709974]</MEAN_VALUE>
		<CHECKBOX>2</CHECKBOX>
		<SD>[0.008549091, 0.0074940734, 0.00978859, 0.07198485, 0.013332717, 0.004249008]</SD>
		<WAVELENGTH_UNIT>E-6m</WAVELENGTH_UNIT>
		<COLOR>#b89536</COLOR>
		<COVARIANCE_MATRIX>[[7.312028901651502e-05, 6.220368959475309e-05, 8.292200072901323e-05, -0.0002369749272475019, -7.815762728569098e-06, 1.8752984033199027e-05], [6.220368959475309e-05, 5.618674185825512e-05, 7.027084211586043e-05, -0.0001039489870890975, 1.1836064913950395e-05, 1.8261471268488094e-05], [8.292200072901323e-05, 7.027084211586043e-05, 9.586018859408796e-05, -0.00031392084201797843, -1.4438149264606182e-05, 2.3424185201292858e-05], [-0.0002369749272475019, -0.0001039489870890975, -0.00031392084201797843, 0.005184181034564972, 0.0008354871533811092, -6.508038495667279e-06], [-7.815762728569098e-06, 1.1836064913950395e-05, -1.4438149264606182e-05, 0.0008354871533811092, 0.0001778423902578652, 2.4414397557848133e-05], [1.8752984033199027e-05, 1.8261471268488094e-05, 2.3424185201292858e-05, -6.508038495667279e-06, 2.4414397557848133e-05, 1.8062302842736244e-05]]</COVARIANCE_MATRIX>
		<ROI_SIZE>2194</ROI_SIZE>
		<MAX_VALUE>[0.15210493, 0.12749925, 0.102498226, 0.5251437, 0.19030602, 0.10304569]</MAX_VALUE>
		<MIN_VALUE>[0.11712778, 0.08896359, 0.061833497, 0.17439905, 0.097479746, 0.045896087]</MIN_VALUE>
		<SIGNATURE_THRESHOLD_MD>0.0</SIGNATURE_THRESHOLD_MD>
		<SIGNATURE_THRESHOLD_ML>0.0</SIGNATURE_THRESHOLD_ML>
		<SIGNATURE_THRESHOLD_SAM>0.0</SIGNATURE_THRESHOLD_SAM>
	</signature>
	<signature ID="20210621_143830704420_213">
		<MACROCLASSID>3</MACROCLASSID>
		<MACROCLASSINFO>bareland</MACROCLASSINFO>
		<CLASSID>12</CLASSID>
		<CLASSINFO>C 1</CLASSINFO>
		<VALUES>[0.15877225, 0.021374917, 0.14159457, 0.028789906, 0.14094426, 0.034679472, 0.2017264, 0.033768706, 0.2478098, 0.05222626, 0.21038544, 0.06416114]</VALUES>
		<LCS_MIN>[0.123788655, 0.09598943, 0.078075044, 0.109615296, 0.08257644, 0.068920165]</LCS_MIN>
		<LCS_MAX>[0.21877436, 0.21488127, 0.22412741, 0.30186793, 0.41531548, 0.4346898]</LCS_MAX>
		<WAVELENGTH>[0.48, 0.56, 0.655, 0.865, 1.61, 2.2]</WAVELENGTH>
		<MEAN_VALUE>[0.15877225, 0.14159457, 0.14094426, 0.2017264, 0.2478098, 0.21038544]</MEAN_VALUE>
		<CHECKBOX>2</CHECKBOX>
		<SD>[0.021374917, 0.028789906, 0.034679472, 0.033768706, 0.05222626, 0.06416114]</SD>
		<WAVELENGTH_UNIT>E-6m</WAVELENGTH_UNIT>
		<COLOR>#6bf229</COLOR>
		<COVARIANCE_MATRIX>[[0.0004569041484501213, 0.000609984970651567, 0.000713999499566853, 0.0005027090082876384, 0.0009096057037822902, 0.0012658522464334965], [0.000609984970651567, 0.000828889780677855, 0.0009852831717580557, 0.0007398537127301097, 0.001301654614508152, 0.001757230143994093], [0.000713999499566853, 0.0009852831717580557, 0.0012027107877656817, 0.000934137380681932, 0.0016459216130897403, 0.002159467665478587], [0.0005027090082876384, 0.0007398537127301097, 0.000934137380681932, 0.001140368520282209, 0.0016070841811597347, 0.0017343859653919935], [0.0009096057037822902, 0.001301654614508152, 0.0016459216130897403, 0.0016070841811597347, 0.0027276845648884773, 0.003192601492628455], [0.0012658522464334965, 0.001757230143994093, 0.002159467665478587, 0.0017343859653919935, 0.003192601492628455, 0.0041168066672980785]]</COVARIANCE_MATRIX>
		<ROI_SIZE>26705</ROI_SIZE>
		<MAX_VALUE>[0.21877436, 0.21488127, 0.22412741, 0.30186793, 0.41531548, 0.4346898]</MAX_VALUE>
		<MIN_VALUE>[0.123788655, 0.09598943, 0.078075044, 0.109615296, 0.08257644, 0.068920165]</MIN_VALUE>
		<SIGNATURE_THRESHOLD_MD>0.0</SIGNATURE_THRESHOLD_MD>
		<SIGNATURE_THRESHOLD_ML>0.0</SIGNATURE_THRESHOLD_ML>
		<SIGNATURE_THRESHOLD_SAM>0.0</SIGNATURE_THRESHOLD_SAM>
	</signature>
	<signature ID="20210621_144938700788_596">
		<MACROCLASSID>3</MACROCLASSID>
		<MACROCLASSINFO>bareland</MACROCLASSINFO>
		<CLASSID>13</CLASSID>
		<CLASSINFO>C 1</CLASSINFO>
		<VALUES>[0.13827823, 0.008128391, 0.118874975, 0.010193506, 0.10543868, 0.014343227, 0.1478934, 0.030612586, 0.0811457, 0.0663534, 0.054704636, 0.058537696]</VALUES>
		<LCS_MIN>[0.12266329, 0.09751016, 0.07232664, 0.08230272, 0.016789017, 0.009459032]</LCS_MIN>
		<LCS_MAX>[0.19441202, 0.19468577, 0.20779459, 0.31147903, 0.33769664, 0.32890671]</LCS_MAX>
		<WAVELENGTH>[0.48, 0.56, 0.655, 0.865, 1.61, 2.2]</WAVELENGTH>
		<MEAN_VALUE>[0.13827823, 0.118874975, 0.10543868, 0.1478934, 0.0811457, 0.054704636]</MEAN_VALUE>
		<CHECKBOX>2</CHECKBOX>
		<SD>[0.008128391, 0.010193506, 0.014343227, 0.030612586, 0.0663534, 0.058537696]</SD>
		<WAVELENGTH_UNIT>E-6m</WAVELENGTH_UNIT>
		<COLOR>#b40032</COLOR>
		<COVARIANCE_MATRIX>[[6.607648538192734e-05, 7.865551742725074e-05, 0.00011090384214185178, 0.00013549334835261106, 0.00034513947321102023, 0.00033023738069459796], [7.865551742725074e-05, 0.00010391664545750245, 0.00013620271056424826, 0.00017930891772266477, 0.0003817014512605965, 0.0003625918470788747], [0.00011090384214185178, 0.00013620271056424826, 0.00020574606605805457, 0.0002566768671385944, 0.0006670627044513822, 0.0006352587952278554], [0.00013549334835261106, 0.00017930891772266477, 0.0002566768671385944, 0.0009372119093313813, 0.0017061760881915689, 0.0013880165060982108], [0.00034513947321102023, 0.0003817014512605965, 0.0006670627044513822, 0.0017061760881915689, 0.0044031571596860886, 0.0038295784033834934], [0.00033023738069459796, 0.0003625918470788747, 0.0006352587952278554, 0.0013880165060982108, 0.0038295784033834934, 0.0034269599709659815]]</COVARIANCE_MATRIX>
		<ROI_SIZE>11477</ROI_SIZE>
		<MAX_VALUE>[0.19441202, 0.19468577, 0.20779459, 0.31147903, 0.33769664, 0.32890671]</MAX_VALUE>
		<MIN_VALUE>[0.12266329, 0.09751016, 0.07232664, 0.08230272, 0.016789017, 0.009459032]</MIN_VALUE>
		<SIGNATURE_THRESHOLD_MD>0.0</SIGNATURE_THRESHOLD_MD>
		<SIGNATURE_THRESHOLD_ML>0.0</SIGNATURE_THRESHOLD_ML>
		<SIGNATURE_THRESHOLD_SAM>0.0</SIGNATURE_THRESHOLD_SAM>
	</signature>
	<signature ID="20210621_152726334198_278">
		<MACROCLASSID>4</MACROCLASSID>
		<MACROCLASSINFO>built-up</MACROCLASSINFO>
		<CLASSID>14</CLASSID>
		<CLASSINFO>C 1</CLASSINFO>
		<VALUES>[0.15294942, 0.0046225917, 0.12822995, 0.0065106056, 0.122050636, 0.010921819, 0.1470654, 0.017405238, 0.14690465, 0.03402935, 0.12558703, 0.036632404]</VALUES>
		<LCS_MIN>[0.13604584, 0.10678672, 0.090149775, 0.101464115, 0.084857576, 0.058214106]</LCS_MIN>
		<LCS_MAX>[0.17753178, 0.15837039, 0.17497693, 0.23364729, 0.34925434, 0.3312791]</LCS_MAX>
		<WAVELENGTH>[0.48, 0.56, 0.655, 0.865, 1.61, 2.2]</WAVELENGTH>
		<MEAN_VALUE>[0.15294942, 0.12822995, 0.122050636, 0.1470654, 0.14690465, 0.12558703]</MEAN_VALUE>
		<CHECKBOX>2</CHECKBOX>
		<SD>[0.0046225917, 0.0065106056, 0.010921819, 0.017405238, 0.03402935, 0.036632404]</SD>
		<WAVELENGTH_UNIT>E-6m</WAVELENGTH_UNIT>
		<COLOR>#442465</COLOR>
		<COVARIANCE_MATRIX>[[2.1377378288889304e-05, 2.799239518935792e-05, 4.05555110774003e-05, 4.474501110962592e-05, 9.547317313263193e-05, 0.00010539877985138446], [2.799239518935792e-05, 4.2405896238051355e-05, 6.586260860785842e-05, 8.039366366574541e-05, 0.00017228786600753665, 0.00018822657875716686], [4.05555110774003e-05, 6.586260860785842e-05, 0.00011933653149753809, 0.0001482106454204768, 0.0003299408417660743, 0.0003615743189584464], [4.474501110962592e-05, 8.039366366574541e-05, 0.0001482106454204768, 0.0003030702646356076, 0.0005162713350728154, 0.000512964092195034], [9.547317313263193e-05, 0.00017228786600753665, 0.0003299408417660743, 0.0005162713350728154, 0.0011584858875721693, 0.0012269068975001574], [0.00010539877985138446, 0.00018822657875716686, 0.0003615743189584464, 0.000512964092195034, 0.0012269068975001574, 0.0013424997450783849]]</COVARIANCE_MATRIX>
		<ROI_SIZE>2368</ROI_SIZE>
		<MAX_VALUE>[0.17753178, 0.15837039, 0.17497693, 0.23364729, 0.34925434, 0.3312791]</MAX_VALUE>
		<MIN_VALUE>[0.13604584, 0.10678672, 0.090149775, 0.101464115, 0.084857576, 0.058214106]</MIN_VALUE>
		<SIGNATURE_THRESHOLD_MD>0.0</SIGNATURE_THRESHOLD_MD>
		<SIGNATURE_THRESHOLD_ML>0.0</SIGNATURE_THRESHOLD_ML>
		<SIGNATURE_THRESHOLD_SAM>0.0</SIGNATURE_THRESHOLD_SAM>
	</signature>
	<signature ID="20210621_154113728909_969">
		<MACROCLASSID>4</MACROCLASSID>
		<MACROCLASSINFO>built-up</MACROCLASSINFO>
		<CLASSID>15</CLASSID>
		<CLASSINFO>C 1</CLASSINFO>
		<VALUES>[0.14985637, 0.0052251937, 0.12509386, 0.0070218174, 0.11730601, 0.0102749765, 0.15228134, 0.016437715, 0.1463495, 0.023081778, 0.12144471, 0.024400068]</VALUES>
		<LCS_MIN>[0.13361266, 0.10325859, 0.08354972, 0.10125119, 0.074881494, 0.06679111]</LCS_MIN>
		<LCS_MAX>[0.17841381, 0.15694089, 0.1659437, 0.26661703, 0.2683811, 0.2654917]</LCS_MAX>
		<WAVELENGTH>[0.48, 0.56, 0.655, 0.865, 1.61, 2.2]</WAVELENGTH>
		<MEAN_VALUE>[0.14985637, 0.12509386, 0.11730601, 0.15228134, 0.1463495, 0.12144471]</MEAN_VALUE>
		<CHECKBOX>2</CHECKBOX>
		<SD>[0.0052251937, 0.0070218174, 0.0102749765, 0.016437715, 0.023081778, 0.024400068]</SD>
		<WAVELENGTH_UNIT>E-6m</WAVELENGTH_UNIT>
		<COLOR>#c6b4aa</COLOR>
		<COVARIANCE_MATRIX>[[2.7332978788763285e-05, 3.504067353787832e-05, 4.906246977043338e-05, 1.8419399566482753e-05, 6.41733713564463e-05, 7.597636431455612e-05], [3.504067353787832e-05, 4.936069672112353e-05, 6.923490582266822e-05, 3.378397013875656e-05, 9.880172729026526e-05, 0.00011446657299529761], [4.906246977043338e-05, 6.923490582266822e-05, 0.00010569243022473529, 4.5624663471244276e-05, 0.00014738251047674567, 0.000174031185451895], [1.8419399566482753e-05, 3.378397013875656e-05, 4.5624663471244276e-05, 0.0002704987127799541, 0.00025542796356603503, 0.0001788657100405544], [6.41733713564463e-05, 9.880172729026526e-05, 0.00014738251047674567, 0.00025542796356603503, 0.0005333604640327394, 0.0005282019847072661], [7.597636431455612e-05, 0.00011446657299529761, 0.000174031185451895, 0.0001788657100405544, 0.0005282019847072661, 0.0005960249691270292]]</COVARIANCE_MATRIX>
		<ROI_SIZE>901</ROI_SIZE>
		<MAX_VALUE>[0.17841381, 0.15694089, 0.1659437, 0.26661703, 0.2683811, 0.2654917]</MAX_VALUE>
		<MIN_VALUE>[0.13361266, 0.10325859, 0.08354972, 0.10125119, 0.074881494, 0.06679111]</MIN_VALUE>
		<SIGNATURE_THRESHOLD_MD>0.0</SIGNATURE_THRESHOLD_MD>
		<SIGNATURE_THRESHOLD_ML>0.0</SIGNATURE_THRESHOLD_ML>
		<SIGNATURE_THRESHOLD_SAM>0.0</SIGNATURE_THRESHOLD_SAM>
	</signature>
	<signature ID="20210621_154416196744_715">
		<MACROCLASSID>4</MACROCLASSID>
		<MACROCLASSINFO>built-up</MACROCLASSINFO>
		<CLASSID>16</CLASSID>
		<CLASSINFO>C 1</CLASSINFO>
		<VALUES>[0.1471717, 0.0044899154, 0.12034132, 0.0061538, 0.10977492, 0.008600231, 0.14545137, 0.009586144, 0.13741541, 0.015029686, 0.114203505, 0.017968811]</VALUES>
		<LCS_MIN>[0.13495092, 0.105539694, 0.08795989, 0.11092315, 0.09316084, 0.061286014]</LCS_MIN>
		<LCS_MAX>[0.15748836, 0.13714078, 0.13434261, 0.17710596, 0.18236774, 0.17348659]</LCS_MAX>
		<WAVELENGTH>[0.48, 0.56, 0.655, 0.865, 1.61, 2.2]</WAVELENGTH>
		<MEAN_VALUE>[0.1471717, 0.12034132, 0.10977492, 0.14545137, 0.13741541, 0.114203505]</MEAN_VALUE>
		<CHECKBOX>2</CHECKBOX>
		<SD>[0.0044899154, 0.0061538, 0.008600231, 0.009586144, 0.015029686, 0.017968811]</SD>
		<WAVELENGTH_UNIT>E-6m</WAVELENGTH_UNIT>
		<COLOR>#037518</COLOR>
		<COVARIANCE_MATRIX>[[2.030757059401367e-05, 2.6487632567295805e-05, 3.684076727950014e-05, 1.0215724614681676e-05, 5.066939411335625e-05, 6.610116543015465e-05], [2.6487632567295805e-05, 3.814770025201142e-05, 5.215801138547249e-05, 1.718498970149085e-05, 7.617593655595556e-05, 9.839281847234815e-05], [3.684076727950014e-05, 5.215801138547249e-05, 7.450782868545502e-05, 2.252917329315096e-05, 0.00010599767119856551, 0.00013612314069177955], [1.0215724614681676e-05, 1.718498970149085e-05, 2.252917329315096e-05, 9.256984776584432e-05, 6.369138282025233e-05, 3.9830039895605296e-05], [5.066939411335625e-05, 7.617593655595556e-05, 0.00010599767119856551, 6.369138282025233e-05, 0.00022755244572181255, 0.00025692343479022384], [6.610116543015465e-05, 9.839281847234815e-05, 0.00013612314069177955, 3.9830039895605296e-05, 0.00025692343479022384, 0.0003252522728871554]]</COVARIANCE_MATRIX>
		<ROI_SIZE>137</ROI_SIZE>
		<MAX_VALUE>[0.15748836, 0.13714078, 0.13434261, 0.17710596, 0.18236774, 0.17348659]</MAX_VALUE>
		<MIN_VALUE>[0.13495092, 0.105539694, 0.08795989, 0.11092315, 0.09316084, 0.061286014]</MIN_VALUE>
		<SIGNATURE_THRESHOLD_MD>0.0</SIGNATURE_THRESHOLD_MD>
		<SIGNATURE_THRESHOLD_ML>0.0</SIGNATURE_THRESHOLD_ML>
		<SIGNATURE_THRESHOLD_SAM>0.0</SIGNATURE_THRESHOLD_SAM>
	</signature>
	<signature ID="20210621_172114329139_499">
		<MACROCLASSID>4</MACROCLASSID>
		<MACROCLASSINFO>built-up</MACROCLASSINFO>
		<CLASSID>17</CLASSID>
		<CLASSINFO>C 1</CLASSINFO>
		<VALUES>[0.15185831, 0.005830539, 0.12868698, 0.008131045, 0.123534724, 0.0140045155, 0.16264218, 0.024015833, 0.16727896, 0.039521698, 0.14329235, 0.041312184]</VALUES>
		<LCS_MIN>[0.12822923, 0.10356274, 0.08354972, 0.06974137, 0.023936516, 0.01234844]</LCS_MIN>
		<LCS_MAX>[0.2124785, 0.20277615, 0.2291763, 0.30649096, 0.37784433, 0.36105528]</LCS_MAX>
		<WAVELENGTH>[0.48, 0.56, 0.655, 0.865, 1.61, 2.2]</WAVELENGTH>
		<MEAN_VALUE>[0.15185831, 0.12868698, 0.123534724, 0.16264218, 0.16727896, 0.14329235]</MEAN_VALUE>
		<CHECKBOX>2</CHECKBOX>
		<SD>[0.005830539, 0.008131045, 0.0140045155, 0.024015833, 0.039521698, 0.041312184]</SD>
		<WAVELENGTH_UNIT>E-6m</WAVELENGTH_UNIT>
		<COLOR>#2d945c</COLOR>
		<COVARIANCE_MATRIX>[[3.400417335797101e-05, 4.2469629988772795e-05, 5.851708192494698e-05, 3.691710298880935e-05, 9.326205326942727e-05, 0.00010921001376118511], [4.2469629988772795e-05, 6.613138248212636e-05, 0.00010316251427866518, 0.00010611569450702518, 0.00022089450794737786, 0.00023941561812534928], [5.851708192494698e-05, 0.00010316251427866518, 0.0001961783564183861, 0.0002207389334216714, 0.0004618556995410472, 0.0004929552669636905], [3.691710298880935e-05, 0.00010611569450702518, 0.0002207389334216714, 0.0005769128329120576, 0.0007551523740403354, 0.0006565044750459492], [9.326205326942727e-05, 0.00022089450794737786, 0.0004618556995410472, 0.0007551523740403354, 0.0015623776707798243, 0.001582524855621159], [0.00010921001376118511, 0.00023941561812534928, 0.0004929552669636905, 0.0006565044750459492, 0.001582524855621159, 0.0017071476904675364]]</COVARIANCE_MATRIX>
		<ROI_SIZE>3782</ROI_SIZE>
		<MAX_VALUE>[0.2124785, 0.20277615, 0.2291763, 0.30649096, 0.37784433, 0.36105528]</MAX_VALUE>
		<MIN_VALUE>[0.12822923, 0.10356274, 0.08354972, 0.06974137, 0.023936516, 0.01234844]</MIN_VALUE>
		<SIGNATURE_THRESHOLD_MD>0.0</SIGNATURE_THRESHOLD_MD>
		<SIGNATURE_THRESHOLD_ML>0.0</SIGNATURE_THRESHOLD_ML>
		<SIGNATURE_THRESHOLD_SAM>0.0</SIGNATURE_THRESHOLD_SAM>
	</signature>
	<signature ID="20210622_113120925555_312">
		<MACROCLASSID>1</MACROCLASSID>
		<MACROCLASSINFO>waterbody</MACROCLASSINFO>
		<CLASSID>18</CLASSID>
		<CLASSINFO>C 1</CLASSINFO>
		<VALUES>[0.1219669, 0.0020448265, 0.09003281, 0.0037122276, 0.06508612, 0.002491894, 0.077414356, 0.02375954, 0.025246717, 0.012029395, 0.013022085, 0.0060221977]</VALUES>
		<LCS_MIN>[0.1186181, 0.08415803, 0.061529346, 0.05511179, 0.012591761, 0.0073908195]</LCS_MIN>
		<LCS_MAX>[0.12780342, 0.09939588, 0.07406028, 0.18054284, 0.08473591, 0.04583524]</LCS_MAX>
		<WAVELENGTH>[0.48, 0.56, 0.655, 0.865, 1.61, 2.2]</WAVELENGTH>
		<MEAN_VALUE>[0.1219669, 0.09003281, 0.06508612, 0.077414356, 0.025246717, 0.013022085]</MEAN_VALUE>
		<CHECKBOX>2</CHECKBOX>
		<SD>[0.0020448265, 0.0037122276, 0.002491894, 0.02375954, 0.012029395, 0.0060221977]</SD>
		<WAVELENGTH_UNIT>E-6m</WAVELENGTH_UNIT>
		<COLOR>#bd6503</COLOR>
		<COVARIANCE_MATRIX>[[4.208466634736396e-06, 7.086432106007123e-06, 4.5590395529870875e-06, 2.685384788492229e-05, 1.3982265954837203e-05, 7.216965514089679e-06], [7.086432106007123e-06, 1.3870117072656285e-05, 8.497934686602093e-06, 6.0017766372766346e-05, 2.9810387786710635e-05, 1.4706294678035192e-05], [4.5590395529870875e-06, 8.497934686602093e-06, 6.2498565966961905e-06, 4.024683585157618e-05, 2.125264836649876e-05, 1.116506064136047e-05], [2.685384788492229e-05, 6.0017766372766346e-05, 4.024683585157618e-05, 0.0005681814509443939, 0.0002735737944021821, 0.0001287553459405899], [1.3982265954837203e-05, 2.9810387786710635e-05, 2.125264836649876e-05, 0.0002735737944021821, 0.00014564601588062942, 7.103347888914868e-05], [7.216965514089679e-06, 1.4706294678035192e-05, 1.116506064136047e-05, 0.0001287553459405899, 7.103347888914868e-05, 3.650236249086447e-05]]</COVARIANCE_MATRIX>
		<ROI_SIZE>155</ROI_SIZE>
		<MAX_VALUE>[0.12780342, 0.09939588, 0.07406028, 0.18054284, 0.08473591, 0.04583524]</MAX_VALUE>
		<MIN_VALUE>[0.1186181, 0.08415803, 0.061529346, 0.05511179, 0.012591761, 0.0073908195]</MIN_VALUE>
		<SIGNATURE_THRESHOLD_MD>0.0</SIGNATURE_THRESHOLD_MD>
		<SIGNATURE_THRESHOLD_ML>0.0</SIGNATURE_THRESHOLD_ML>
		<SIGNATURE_THRESHOLD_SAM>0.0</SIGNATURE_THRESHOLD_SAM>
	</signature>
	<signature ID="20210622_114305625610_756">
		<MACROCLASSID>4</MACROCLASSID>
		<MACROCLASSINFO>built-up</MACROCLASSINFO>
		<CLASSID>19</CLASSID>
		<CLASSINFO>C 1</CLASSINFO>
		<VALUES>[0.15161374, 0.0046491814, 0.12728705, 0.0066570714, 0.119423285, 0.0095807165, 0.1533366, 0.016602298, 0.14604518, 0.022515152, 0.11990946, 0.023194214]</VALUES>
		<LCS_MIN>[0.13562004, 0.10313692, 0.08577002, 0.10566136, 0.08062989, 0.05745374]</LCS_MIN>
