<?xml version="1.0" ?>
<signaturelist MCID_LIST="[['1', 'waterbody', '#2e1a5e'], ['2', 'vegetation', '#52793e'], ['3', 'bareland', '#6bf229'], ['4', 'built-up', '#442465']]">
	<signature ID="20210621_112355016389_815">
		<MACROCLASSID>1</MACROCLASSID>
		<MACROCLASSINFO>waterbody</MACROCLASSINFO>
		<CLASSID>1</CLASSID>
		<CLASSINFO>C 1</CLASSINFO>
		<VALUES>[0.13283382, 0.0077167666, 0.099207126, 0.00840449, 0.0746912, 0.010107661, 0.0582171, 0.010279412, 0.018356932, 0.0060264347, 0.009585824, 0.0040916475]</VALUES>
		<LCS_MIN>[0.11880061, 0.08230272, 0.057727486, 0.044892393, 0.007999117, 0.003132729]</LCS_MIN>
		<LCS_MAX>[0.15916118, 0.12944582, 0.11077107, 0.09541153, 0.04531819, 0.030901538]</LCS_MAX>
		<WAVELENGTH>[0.48, 0.56, 0.655, 0.865, 1.61, 2.2]</WAVELENGTH>
		<MEAN_VALUE>[0.13283382, 0.099207126, 0.0746912, 0.0582171, 0.018356932, 0.009585824]</MEAN_VALUE>
		<CHECKBOX>2</CHECKBOX>
		<SD>[0.0077167666, 0.00840449, 0.010107661, 0.010279412, 0.0060264347, 0.0040916475]</SD>
		<WAVELENGTH_UNIT>E-6m</WAVELENGTH_UNIT>
		<COLOR>#2e1a5e</COLOR>
		<COVARIANCE_MATRIX>[[5.9549785775436175e-05, 6.193968618455181e-05, 7.687154648504303e-05, 6.029944377611481e-05, 3.459761376676519e-05, 2.1704185947115714e-05], [6.193968618455181e-05, 7.063704612177965e-05, 8.178099478751443e-05, 6.489361396947048e-05, 3.58729501677718e-05, 2.2454231799208814e-05], [7.687154648504303e-05, 8.178099478751443e-05, 0.00010216704381892086, 8.449622520152339e-05, 4.8428249389616764e-05, 3.081164211148595e-05], [6.029944377611481e-05, 6.489361396947048e-05, 8.449622520152339e-05, 0.0001056686678312355, 5.7886371187781454e-05, 3.779186543743642e-05], [3.459761376676519e-05, 3.58729501677718e-05, 4.8428249389616764e-05, 5.7886371187781454e-05, 3.631871359455558e-05, 2.430501703102121e-05], [2.1704185947115714e-05, 2.2454231799208814e-05, 3.081164211148595e-05, 3.779186543743642e-05, 2.430501703102121e-05, 1.674195132742187e-05]]</COVARIANCE_MATRIX>
		<ROI_SIZE>45035</ROI_SIZE>
		<MAX_VALUE>[0.15916118, 0.12944582, 0.11077107, 0.09541153, 0.04531819, 0.030901538]</MAX_VALUE>
		<MIN_VALUE>[0.11880061, 0.08230272, 0.057727486, 0.044892393, 0.007999117, 0.003132729]</MIN_VALUE>
		<SIGNATURE_THRESHOLD_MD>0</SIGNATURE_THRESHOLD_MD>
		<SIGNATURE_THRESHOLD_ML>0</SIGNATURE_THRESHOLD_ML>
		<SIGNATURE_THRESHOLD_SAM>0</SIGNATURE_THRESHOLD_SAM>
	</signature>
	<signature ID="20210621_114054484670_799">
		<MACROCLASSID>1</MACROCLASSID>
		<MACROCLASSINFO>waterbody</MACROCLASSINFO>
		<CLASSID>2</CLASSID>
		<CLASSINFO>C 1</CLASSINFO>
		<VALUES>[0.13005264, 0.003479146, 0.096881725, 0.005789017, 0.07441168, 0.005840196, 0.06801289, 0.014219828, 0.025689475, 0.011122497, 0.014860135, 0.0070490404]</VALUES>
		<LCS_MIN>[0.12035177, 0.08406678, 0.060799394, 0.046747707, 0.009976084, 0.0037714369]</LCS_MIN>
		<LCS_MAX>[0.14003019, 0.11472501, 0.094620764, 0.20079918, 0.108459525, 0.06499664]</LCS_MAX>
		<WAVELENGTH>[0.48, 0.56, 0.655, 0.865, 1.61, 2.2]</WAVELENGTH>
		<MEAN_VALUE>[0.13005264, 0.096881725, 0.07441168, 0.06801289, 0.025689475, 0.014860135]</MEAN_VALUE>
		<CHECKBOX>2</CHECKBOX>
		<SD>[0.003479146, 0.005789017, 0.005840196, 0.014219828, 0.011122497, 0.0070490404]</SD>
		<WAVELENGTH_UNIT>E-6m</WAVELENGTH_UNIT>
		<COLOR>#164707</COLOR>
		<COVARIANCE_MATRIX>[[1.2108787729639837e-05, 1.5330306338926215e-05, 1.752117725126363e-05, 1.4454594765316654e-05, 1.1434365074501506e-05, 8.330778902518108e-06], [1.5330306338926215e-05, 3.352471519600993e-05, 3.207123707928967e-05, 2.7836773180377923e-05, 2.294553188757172e-05, 1.5303809883518497e-05], [1.752117725126363e-05, 3.207123707928967e-05, 3.412009575487321e-05, 3.1961796817966726e-05, 2.7280771973100383e-05, 1.8848228143153315e-05], [1.4454594765316654e-05, 2.7836773180377923e-05, 3.1961796817966726e-05, 0.00020227585462888944, 0.00014004533623496312, 8.08287066600149e-05], [1.1434365074501506e-05, 2.294553188757172e-05, 2.7280771973100383e-05, 0.00014004533623496312, 0.00012375420023432896, 7.562237470278798e-05], [8.330778902518108e-06, 1.5303809883518497e-05, 1.8848228143153315e-05, 8.08287066600149e-05, 7.562237470278798e-05, 4.970675988439965e-05]]</COVARIANCE_MATRIX>
		<ROI_SIZE>2795</ROI_SIZE>
		<MAX_VALUE>[0.14003019, 0.11472501, 0.094620764, 0.20079918, 0.108459525, 0.06499664]</MAX_VALUE>
		<MIN_VALUE>[0.12035177, 0.08406678, 0.060799394, 0.046747707, 0.009976084, 0.0037714369]</MIN_VALUE>
		<SIGNATURE_THRESHOLD_MD>0</SIGNATURE_THRESHOLD_MD>
		<SIGNATURE_THRESHOLD_ML>0</SIGNATURE_THRESHOLD_ML>
		<SIGNATURE_THRESHOLD_SAM>0</SIGNATURE_THRESHOLD_SAM>
	</signature>
	<signature ID="20210621_114605203443_264">
		<MACROCLASSID>1</MACROCLASSID>
		<MACROCLASSINFO>waterbody</MACROCLASSINFO>
		<CLASSID>3</CLASSID>
		<CLASSINFO>C 1</CLASSINFO>
		<VALUES>[0.13344868, 0.0030646173, 0.10478934, 0.005143895, 0.079335384, 0.005623771, 0.06719381, 0.011496223, 0.023880776, 0.008343506, 0.013981772, 0.005351976]</VALUES>
		<LCS_MIN>[0.12704305, 0.096050255, 0.06977178, 0.053651884, 0.014142919, 0.0063871243]</LCS_MIN>
		<LCS_MAX>[0.14456204, 0.122085415, 0.10094706, 0.13890485, 0.0884161, 0.052830674]</LCS_MAX>
		<WAVELENGTH>[0.48, 0.56, 0.655, 0.865, 1.61, 2.2]</WAVELENGTH>
		<MEAN_VALUE>[0.13344868, 0.10478934, 0.079335384, 0.06719381, 0.023880776, 0.013981772]</MEAN_VALUE>
		<CHECKBOX>2</CHECKBOX>
		<SD>[0.0030646173, 0.005143895, 0.005623771, 0.011496223, 0.008343506, 0.005351976]</SD>
		<WAVELENGTH_UNIT>E-6m</WAVELENGTH_UNIT>
		<COLOR>#a3f6d3</COLOR>
		<COVARIANCE_MATRIX>[[9.401827842199748e-06, 1.4181921610918943e-05, 1.6634604313583214e-05, 1.927677729543068e-05, 9.566716228082115e-06, 6.176707858432507e-06], [1.4181921610918943e-05, 2.6487682016523164e-05, 2.656206428196868e-05, 2.9877449194838097e-05, 1.0227956308706703e-05, 6.198546361473071e-06], [1.6634604313583214e-05, 2.656206428196868e-05, 3.166030593356566e-05, 3.728624061115595e-05, 1.861739882485047e-05, 1.1908126936264219e-05], [1.927677729543068e-05, 2.9877449194838097e-05, 3.728624061115595e-05, 0.00013230314589612427, 8.6944988284569e-05, 5.222215735081838e-05], [9.566716228082115e-06, 1.0227956308706703e-05, 1.861739882485047e-05, 8.6944988284569e-05, 6.968783967567776e-05, 4.3509505289977163e-05], [6.176707858432507e-06, 6.198546361473071e-06, 1.1908126936264219e-05, 5.222215735081838e-05, 4.3509505289977163e-05, 2.8673988203778194e-05]]</COVARIANCE_MATRIX>
		<ROI_SIZE>945</ROI_SIZE>
		<MAX_VALUE>[0.14456204, 0.122085415, 0.10094706, 0.13890485, 0.0884161, 0.052830674]</MAX_VALUE>
		<MIN_VALUE>[0.12704305, 0.096050255, 0.06977178, 0.053651884, 0.014142919, 0.0063871243]</MIN_VALUE>
		<SIGNATURE_THRESHOLD_MD>0</SIGNATURE_THRESHOLD_MD>
		<SIGNATURE_THRESHOLD_ML>0</SIGNATURE_THRESHOLD_ML>
		<SIGNATURE_THRESHOLD_SAM>0</SIGNATURE_THRESHOLD_SAM>
	</signature>
	<signature ID="20210621_123734373671_690">
		<MACROCLASSID>1</MACROCLASSID>
		<MACROCLASSINFO>waterbody</MACROCLASSINFO>
		<CLASSID>4</CLASSID>
		<CLASSINFO>C 1</CLASSINFO>
		<VALUES>[0.13374056, 0.0041468586, 0.10109508, 0.005298135, 0.07452595, 0.0055170185, 0.057292312, 0.0070917034, 0.017635766, 0.0036909126, 0.008832018, 0.0025921725]</VALUES>
		<LCS_MIN>[0.12476192, 0.089541465, 0.06481415, 0.045683164, 0.010280227, 0.00158157]</LCS_MIN>
		<LCS_MAX>[0.1573667, 0.12786423, 0.11010194, 0.16198975, 0.07220497, 0.04823802]</LCS_MAX>
		<WAVELENGTH>[0.48, 0.56, 0.655, 0.865, 1.61, 2.2]</WAVELENGTH>
		<MEAN_VALUE>[0.13374056, 0.10109508, 0.07452595, 0.057292312, 0.017635766, 0.008832018]</MEAN_VALUE>
		<CHECKBOX>2</CHECKBOX>
		<SD>[0.0041468586, 0.005298135, 0.0055170185, 0.0070917034, 0.0036909126, 0.0025921725]</SD>
		<WAVELENGTH_UNIT>E-6m</WAVELENGTH_UNIT>
		<COLOR>#752cb9</COLOR>
		<COVARIANCE_MATRIX>[[1.7196997184674202e-05, 2.0484905828722346e-05, 2.165744841749504e-05, 1.892926862575312e-05, 9.99599802934747e-06, 6.628305412397004e-06], [2.0484905828722346e-05, 2.807114339879163e-05, 2.6543091463579725e-05, 2.080800176107139e-05, 1.0990369718850768e-05, 7.203243965047712e-06], [2.165744841749504e-05, 2.6543091463579725e-05, 3.043848784839017e-05, 2.9744799101097652e-05, 1.5724498365408153e-05, 1.0774894503687586e-05], [1.892926862575312e-05, 2.080800176107139e-05, 2.9744799101097652e-05, 5.029389590232303e-05, 2.4282122957440666e-05, 1.5943833695795426e-05], [9.99599802934747e-06, 1.0990369718850768e-05, 1.5724498365408153e-05, 2.4282122957440666e-05, 1.3623275858284525e-05, 9.278038487985297e-06], [6.628305412397004e-06, 7.203243965047712e-06, 1.0774894503687586e-05, 1.5943833695795426e-05, 9.278038487985297e-06, 6.7195759246331295e-06]]</COVARIANCE_MATRIX>
		<ROI_SIZE>30828</ROI_SIZE>
		<MAX_VALUE>[0.1573667, 0.12786423, 0.11010194, 0.16198975, 0.07220497, 0.04823802]</MAX_VALUE>
		<MIN_VALUE>[0.12476192, 0.089541465, 0.06481415, 0.045683164, 0.010280227, 0.00158157]</MIN_VALUE>
		<SIGNATURE_THRESHOLD_MD>0</SIGNATURE_THRESHOLD_MD>
		<SIGNATURE_THRESHOLD_ML>0</SIGNATURE_THRESHOLD_ML>
		<SIGNATURE_THRESHOLD_SAM>0</SIGNATURE_THRESHOLD_SAM>
	</signature>
	<signature ID="20210621_125752345296_760">
		<MACROCLASSID>1</MACROCLASSID>
		<MACROCLASSINFO>waterbody</MACROCLASSINFO>
		<CLASSID>5</CLASSID>
		<CLASSINFO>C 1</CLASSINFO>
		<VALUES>[0.12539248, 0.0046522454, 0.09223529, 0.008785882, 0.0680791, 0.0072830594, 0.06379673, 0.011758275, 0.019627044, 0.007580526, 0.010370298, 0.0045534824]</VALUES>
		<LCS_MIN>[0.117340684, 0.08172482, 0.058457438, 0.049028818, 0.008333681, 0.004653477]</LCS_MIN>
		<LCS_MAX>[0.14343667, 0.1287767, 0.10867245, 0.1788092, 0.10523556, 0.062867604]</LCS_MAX>
		<WAVELENGTH>[0.48, 0.56, 0.655, 0.865, 1.61, 2.2]</WAVELENGTH>
		<MEAN_VALUE>[0.12539248, 0.09223529, 0.0680791, 0.06379673, 0.019627044, 0.010370298]</MEAN_VALUE>
		<CHECKBOX>2</CHECKBOX>
		<SD>[0.0046522454, 0.008785882, 0.0072830594, 0.011758275, 0.007580526, 0.0045534824]</SD>
		<WAVELENGTH_UNIT>E-6m</WAVELENGTH_UNIT>
		<COLOR>#ae6934</COLOR>
		<COVARIANCE_MATRIX>[[2.164820389421612e-05, 3.831396868279129e-05, 3.215159806743887e-05, 1.5045853317210114e-05, 7.324955066625683e-06, 5.1215568104203325e-06], [3.831396868279129e-05, 7.720887948918766e-05, 6.0575713968551674e-05, 2.564212766931203e-05, 1.2956986988185136e-05, 9.166563507824116e-06], [3.215159806743887e-05, 6.0575713968551674e-05, 5.305475175472305e-05, 3.140908896124796e-05, 1.5571014136383603e-05, 1.0770588684887626e-05], [1.5045853317210114e-05, 2.564212766931203e-05, 3.140908896124796e-05, 0.00013828775302639825, 7.89152001778208e-05, 4.494742253669452e-05], [7.324955066625683e-06, 1.2956986988185136e-05, 1.5571014136383603e-05, 7.89152001778208e-05, 5.747714699745546e-05, 3.360911511941245e-05], [5.1215568104203325e-06, 9.166563507824116e-06, 1.0770588684887626e-05, 4.494742253669452e-05, 3.360911511941245e-05, 2.073881469418933e-05]]</COVARIANCE_MATRIX>
		<ROI_SIZE>4498</ROI_SIZE>
		<MAX_VALUE>[0.14343667, 0.1287767, 0.10867245, 0.1788092, 0.10523556, 0.062867604]</MAX_VALUE>
		<MIN_VALUE>[0.117340684, 0.08172482, 0.058457438, 0.049028818, 0.008333681, 0.004653477]</MIN_VALUE>
		<SIGNATURE_THRESHOLD_MD>0</SIGNATURE_THRESHOLD_MD>
		<SIGNATURE_THRESHOLD_ML>0</SIGNATURE_THRESHOLD_ML>
		<SIGNATURE_THRESHOLD_SAM>0</SIGNATURE_THRESHOLD_SAM>
	</signature>
	<signature ID="20210621_130243073940_849">
		<MACROCLASSID>1</MACROCLASSID>
		<MACROCLASSINFO>waterbody</MACROCLASSINFO>
		<CLASSID>6</CLASSID>
		<CLASSINFO>C 1</CLASSINFO>
		<VALUES>[0.14865549, 0.005910028, 0.117637165, 0.007396913, 0.09932957, 0.009317174, 0.09813808, 0.013162036, 0.04597748, 0.016445795, 0.02917442, 0.01386063]</VALUES>
		<LCS_MIN>[0.13698871, 0.10334984, 0.082363546, 0.07606767, 0.020986276, 0.013960431]</LCS_MIN>
		<LCS_MAX>[0.15986072, 0.13388638, 0.121020876, 0.14583944, 0.11873977, 0.082819775]</LCS_MAX>
		<WAVELENGTH>[0.48, 0.56, 0.655, 0.865, 1.61, 2.2]</WAVELENGTH>
		<MEAN_VALUE>[0.14865549, 0.117637165, 0.09932957, 0.09813808, 0.04597748, 0.02917442]</MEAN_VALUE>
		<CHECKBOX>2</CHECKBOX>
		<SD>[0.005910028, 0.007396913, 0.009317174, 0.013162036, 0.016445795, 0.01386063]</SD>
		<WAVELENGTH_UNIT>E-6m</WAVELENGTH_UNIT>
		<COLOR>#705e38</COLOR>
		<COVARIANCE_MATRIX>[[3.5028798383933804e-05, 4.267093611097929e-05, 5.356327996103963e-05, 4.21803016816787e-05, 6.540177313200391e-05, 5.396546904749658e-05], [4.267093611097929e-05, 5.487154409621835e-05, 6.840110701793135e-05, 6.21585475837198e-05, 8.805709444939298e-05, 7.154368015346715e-05], [5.356327996103963e-05, 6.840110701793135e-05, 8.705917575766958e-05, 7.783868954002581e-05, 0.00011854828403367381, 9.815996085400464e-05], [4.21803016816787e-05, 6.21585475837198e-05, 7.783868954002581e-05, 0.0001737370299652586, 0.00017732162988541098, 0.0001287626146147143], [6.540177313200391e-05, 8.805709444939298e-05, 0.00011854828403367381, 0.00017732162988541098, 0.00027124136051156795, 0.00022169951713143168], [5.396546904749658e-05, 7.154368015346715e-05, 9.815996085400464e-05, 0.0001287626146147143, 0.00022169951713143168, 0.00019266908086890114]]</COVARIANCE_MATRIX>
		<ROI_SIZE>349</ROI_SIZE>
		<MAX_VALUE>[0.15986072, 0.13388638, 0.121020876, 0.14583944, 0.11873977, 0.082819775]</MAX_VALUE>
		<MIN_VALUE>[0.13698871, 0.10334984, 0.082363546, 0.07606767, 0.020986276, 0.013960431]</MIN_VALUE>
		<SIGNATURE_THRESHOLD_MD>0</SIGNATURE_THRESHOLD_MD>
		<SIGNATURE_THRESHOLD_ML>0</SIGNATURE_THRESHOLD_ML>
		<SIGNATURE_THRESHOLD_SAM>0</SIGNATURE_THRESHOLD_SAM>
	</signature>
	<signature ID="20210621_132119138382_409">
		<MACROCLASSID>2</MACROCLASSID>
		<MACROCLASSINFO>vegetation</MACROCLASSINFO>
		<CLASSID>7</CLASSID>
		<CLASSINFO>C 1</CLASSINFO>
		<VALUES>[0.12796569, 0.0061827386, 0.10661575, 0.005417705, 0.0739895, 0.0067446246, 0.43381235, 0.06909236, 0.17062226, 0.018035494, 0.066295475, 0.005579703]</VALUES>
		<LCS_MIN>[0.115789525, 0.08765574, 0.06028234, 0.1659437, 0.07761883, 0.03716701]</LCS_MIN>
		<LCS_MAX>[0.15286529, 0.12789467, 0.10097747, 0.52328837, 0.20940658, 0.10693878]</LCS_MAX>
		<WAVELENGTH>[0.48, 0.56, 0.655, 0.865, 1.61, 2.2]</WAVELENGTH>
		<MEAN_VALUE>[0.12796569, 0.10661575, 0.0739895, 0.43381235, 0.17062226, 0.066295475]</MEAN_VALUE>
		<CHECKBOX>2</CHECKBOX>
		<SD>[0.0061827386, 0.005417705, 0.0067446246, 0.06909236, 0.018035494, 0.005579703]</SD>
		<WAVELENGTH_UNIT>E-6m</WAVELENGTH_UNIT>
		<COLOR>#52793e</COLOR>
		<COVARIANCE_MATRIX>[[3.8230954743107806e-05, 3.18582612769432e-05, 4.070111859573748e-05, -1.5166200999352148e-06, 2.9112652323467333e-05, 1.5909990196755458e-05], [3.18582612769432e-05, 2.9355136110169606e-05, 3.399641346346281e-05, 5.9685507383380775e-05, 3.737063436367783e-05, 1.5970787015574318e-05], [4.070111859573748e-05, 3.399641346346281e-05, 4.5495553932605904e-05, -6.853810683271359e-05, 1.8542429540032947e-05, 1.7234237682159834e-05], [-1.5166200999352148e-06, 5.9685507383380775e-05, -6.853810683271359e-05, 0.004774341522619469, 0.0011040563739008482, 0.0001742465770084445], [2.9112652323467333e-05, 3.737063436367783e-05, 1.8542429540032947e-05, 0.0011040563739008482, 0.000325318951314441, 7.964886933532308e-05], [1.5909990196755458e-05, 1.5970787015574318e-05, 1.7234237682159834e-05, 0.0001742465770084445, 7.964886933532308e-05, 3.113691260714458e-05]]</COVARIANCE_MATRIX>
		<ROI_SIZE>8132</ROI_SIZE>
		<MAX_VALUE>[0.15286529, 0.12789467, 0.10097747, 0.52328837, 0.20940658, 0.10693878]</MAX_VALUE>
		<MIN_VALUE>[0.115789525, 0.08765574, 0.06028234, 0.1659437, 0.07761883, 0.03716701]</MIN_VALUE>
		<SIGNATURE_THRESHOLD_MD>0</SIGNATURE_THRESHOLD_MD>
		<SIGNATURE_THRESHOLD_ML>0</SIGNATURE_THRESHOLD_ML>
		<SIGNATURE_THRESHOLD_SAM>0</SIGNATURE_THRESHOLD_SAM>
	</signature>
	<signature ID="20210621_133548762088_615">
		<MACROCLASSID>2</MACROCLASSID>
		<MACROCLASSINFO>vegetation</MACROCLASSINFO>
		<CLASSID>8</CLASSID>
		<CLASSINFO>C 1</CLASSINFO>
		<VALUES>[0.1263435, 0.002860293, 0.106175736, 0.008393814, 0.07763351, 0.0071450677, 0.2879571, 0.07202802, 0.1278235, 0.021369213, 0.059838645, 0.0109099895]</VALUES>
		<LCS_MIN>[0.11804023, 0.088446535, 0.063354224, 0.13695829, 0.07771006, 0.035524603]</LCS_MIN>
		<LCS_MAX>[0.13817488, 0.124457784, 0.10517472, 0.46361434, 0.20615222, 0.111318536]</LCS_MAX>
		<WAVELENGTH>[0.48, 0.56, 0.655, 0.865, 1.61, 2.2]</WAVELENGTH>
		<MEAN_VALUE>[0.1263435, 0.106175736, 0.07763351, 0.2879571, 0.1278235, 0.059838645]</MEAN_VALUE>
		<CHECKBOX>2</CHECKBOX>
		<SD>[0.002860293, 0.008393814, 0.0071450677, 0.07202802, 0.021369213, 0.0109099895]</SD>
		<WAVELENGTH_UNIT>E-6m</WAVELENGTH_UNIT>
		<COLOR>#b47f36</COLOR>
		<COVARIANCE_MATRIX>[[8.183828912133556e-06, 1.527426762230136e-05, 1.5466527932885204e-05, 2.6342522623306847e-05, 2.7479205303195535e-06, 4.544618294220959e-06], [1.527426762230136e-05, 7.047809300334928e-05, 5.259890032040502e-05, 0.0002802239544354298, -4.681229271816012e-08, 8.510175289921155e-06], [1.5466527932885204e-05, 5.259890032040502e-05, 5.106792758588665e-05, 5.139686485616589e-05, -1.6556508362138103e-05, 1.1047211955926988e-05], [2.6342522623306847e-05, 0.0002802239544354298, 5.139686485616589e-05, 0.005189652870839069, 0.0006751889873352601, 7.949176991890896e-05], [2.7479205303195535e-06, -4.681229271816012e-08, -1.6556508362138103e-05, 0.0006751889873352601, 0.0004567857497666314, 0.00020370060318283188], [4.544618294220959e-06, 8.510175289921155e-06, 1.1047211955926988e-05, 7.949176991890896e-05, 0.00020370060318283188, 0.00011906500346549586]]</COVARIANCE_MATRIX>
		<ROI_SIZE>3206</ROI_SIZE>
		<MAX_VALUE>[0.13817488, 0.124457784, 0.10517472, 0.46361434, 0.20615222, 0.111318536]</MAX_VALUE>
		<MIN_VALUE>[0.11804023, 0.088446535, 0.063354224, 0.13695829, 0.07771006, 0.035524603]</MIN_VALUE>
		<SIGNATURE_THRESHOLD_MD>0</SIGNATURE_THRESHOLD_MD>
		<SIGNATURE_THRESHOLD_ML>0</SIGNATURE_THRESHOLD_ML>
		<SIGNATURE_THRESHOLD_SAM>0</SIGNATURE_THRESHOLD_SAM>
	</signature>
	<signature ID="20210621_134905282901_572">
		<MACROCLASSID>2</MACROCLASSID>
		<MACROCLASSINFO>vegetation</MACROCLASSINFO>
		<CLASSID>9</CLASSID>
		<CLASSINFO>C 1</CLASSINFO>
		<VALUES>[0.12917072, 0.0034822202, 0.10234291, 0.0059457202, 0.07631861, 0.0046041845, 0.21735874, 0.065056615, 0.118644945, 0.027155347, 0.0570572, 0.012469592]</VALUES>
		<LCS_MIN>[0.11965223, 0.08990644, 0.06663905, 0.13969563, 0.05602425, 0.02779921]</LCS_MIN>
		<LCS_MAX>[0.13936107, 0.11651947, 0.09240047, 0.4627323, 0.20651719, 0.10617842]</LCS_MAX>
		<WAVELENGTH>[0.48, 0.56, 0.655, 0.865, 1.61, 2.2]</WAVELENGTH>
		<MEAN_VALUE>[0.12917072, 0.10234291, 0.07631861, 0.21735874, 0.118644945, 0.0570572]</MEAN_VALUE>
		<CHECKBOX>2</CHECKBOX>
		<SD>[0.0034822202, 0.0059457202, 0.0046041845, 0.065056615, 0.027155347, 0.012469592]</SD>
		<WAVELENGTH_UNIT>E-6m</WAVELENGTH_UNIT>
		<COLOR>#dd2cbe</COLOR>
		<COVARIANCE_MATRIX>[[1.2141169168464348e-05, 1.4100953354226298e-05, 1.397548853670541e-05, 0.00012001455925660687, 4.623459160274448e-05, 1.771832123391745e-05], [1.4100953354226298e-05, 3.539622732859619e-05, 2.3948717492153044e-05, 0.00022220851796700343, 4.77801917075569e-05, 1.4687139664482765e-05], [1.397548853670541e-05, 2.3948717492153044e-05, 2.1225280507232494e-05, 0.00013673845967197794, 5.0227604182225895e-05, 2.2440080801120865e-05], [0.00012001455925660687, 0.00022220851796700343, 0.00013673845967197794, 0.0042377074404345814, 0.0012128636221812384, 0.0003360191438362258], [4.623459160274448e-05, 4.77801917075569e-05, 5.0227604182225895e-05, 0.0012128636221812384, 0.0007383438576524403, 0.0003146850797872621], [1.771832123391745e-05, 1.4687139664482765e-05, 2.2440080801120865e-05, 0.0003360191438362258, 0.0003146850797872621, 0.00015568704884258365]]</COVARIANCE_MATRIX>
		<ROI_SIZE>793</ROI_SIZE>
		<MAX_VALUE>[0.13936107, 0.11651947, 0.09240047, 0.4627323, 0.20651719, 0.10617842]</MAX_VALUE>
		<MIN_VALUE>[0.11965223, 0.08990644, 0.06663905, 0.13969563, 0.05602425, 0.02779921]</MIN_VALUE>
		<SIGNATURE_THRESHOLD_MD>0</SIGNATURE_THRESHOLD_MD>
		<SIGNATURE_THRESHOLD_ML>0</SIGNATURE_THRESHOLD_ML>
		<SIGNATURE_THRESHOLD_SAM>0</SIGNATURE_THRESHOLD_SAM>
	</signature>
	<signature ID="20210621_140217116422_202">
		<MACROCLASSID>2</MACROCLASSID>
		<MACROCLASSINFO>vegetation</MACROCLASSINFO>
		<CLASSID>10</CLASSID>
		<CLASSINFO>C 1</CLASSINFO>
		<VALUES>[0.13821599, 0.0061421515, 0.11437906, 0.007348872, 0.08676357, 0.0066544116, 0.33221143, 0.06640567, 0.15307747, 0.025051983, 0.06697525, 0.009958458]</VALUES>
		<LCS_MIN>[0.12165959, 0.09081888, 0.06673028, 0.1637234, 0.06685195, 0.032848082]</LCS_MIN>
		<LCS_MAX>[0.150645, 0.12646516, 0.102011584, 0.43867412, 0.19216135, 0.107516676]</LCS_MAX>
		<WAVELENGTH>[0.48, 0.56, 0.655, 0.865, 1.61, 2.2]</WAVELENGTH>
		<MEAN_VALUE>[0.13821599, 0.11437906, 0.08676357, 0.33221143, 0.15307747, 0.06697525]</MEAN_VALUE>
		<CHECKBOX>2</CHECKBOX>
		<SD>[0.0061421515, 0.007348872, 0.0066544116, 0.06640567, 0.025051983, 0.009958458]</SD>
		<WAVELENGTH_UNIT>E-6m</WAVELENGTH_UNIT>
		<COLOR>#554fe7</COLOR>
		<COVARIANCE_MATRIX>[[3.7746773649310075e-05, 4.0815161393247584e-05, 3.877084644329284e-05, 0.00022466555191843444, 9.84512836161546e-05, 3.179601277160501e-05], [4.0815161393247584e-05, 5.4035619278937836e-05, 4.530568322161814e-05, 0.0003444572604812517, 0.00012210776443497717, 3.7623494970282015e-05], [3.877084644329284e-05, 4.530568322161814e-05, 4.4305545483740944e-05, 0.00021426494195077067, 9.865198603156788e-05, 3.7966482079589046e-05], [0.00022466555191843444, 0.0003444572604812517, 0.00021426494195077067, 0.004412139217608927, 0.001318983585077697, 0.00030369999129034554], [9.84512836161546e-05, 0.00012210776443497717, 9.865198603156788e-05, 0.001318983585077697, 0.0006279470036622239, 0.00021653339683747928], [3.179601277160501e-05, 3.7623494970282015e-05, 3.7966482079589046e-05, 0.00030369999129034554, 0.00021653339683747928, 9.92254428454076e-05]]</COVARIANCE_MATRIX>
		<ROI_SIZE>1819</ROI_SIZE>
		<MAX_VALUE>[0.150645, 0.12646516, 0.102011584, 0.43867412, 0.19216135, 0.107516676]</MAX_VALUE>
		<MIN_VALUE>[0.12165959, 0.09081888, 0.06673028, 0.1637234, 0.06685195, 0.032848082]</MIN_VALUE>
		<SIGNATURE_THRESHOLD_MD>0</SIGNATURE_THRESHOLD_MD>
		<SIGNATURE_THRESHOLD_ML>0</SIGNATURE_THRESHOLD_ML>
		<SIGNATURE_THRESHOLD_SAM>0</SIGNATURE_THRESHOLD_SAM>
	</signature>
	<signature ID="20210621_141140380088_382">
		<MACROCLASSID>2</MACROCLASSID>
		<MACROCLASSINFO>vegetation</MACROCLASSINFO>
		<CLASSID>11</CLASSID>
		<CLASSINFO>C 1</CLASSINFO>
		<VALUES>[0.13061655, 0.008549091, 0.10857348, 0.0074940734, 0.07701073, 0.00978859, 0.42498854, 0.07198485, 0.17011814, 0.013332717, 0.06709974, 0.004249008]</VALUES>
		<LCS_MIN>[0.11712778, 0.08896359, 0.061833497, 0.17439905, 0.097479746, 0.045896087]</LCS_MIN>
		<LCS_MAX>[0.15210493, 0.12749925, 0.102498226, 0.5251437, 0.19030602, 0.10304569]</LCS_MAX>
		<WAVELENGTH>[0.48, 0.56, 0.655, 0.865, 1.61, 2.2]</WAVELENGTH>
		<MEAN_VALUE>[0.13061655, 0.10857348, 0.07701073, 0.42498854, 0.17011814, 0.06709974]</MEAN_VALUE>
		<CHECKBOX>2</CHECKBOX>
		<SD>[0.008549091, 0.0074940734, 0.00978859, 0.07198485, 0.013332717, 0.004249008]</SD>
		<WAVELENGTH_UNIT>E-6m</WAVELENGTH_UNIT>
		<COLOR>#b89536</COLOR>
		<COVARIANCE_MATRIX>[[7.312028736025016e-05, 6.220369190379638e-05, 8.292200421531846e-05, -0.00023697492426744962, -7.815762851182535e-06, 1.875298383225256e-05], [6.220369190379638e-05, 5.6186742288689696e-05, 7.027084025615424e-05, -0.00010394898569062087, 1.1836065021717292e-05, 1.8261470660933557e-05], [8.292200421531846e-05, 7.027084025615424e-05, 9.586018979562443e-05, -0.0003139208384427415, -1.4438149126523563e-05, 2.3424184321804084e-05], [-0.00023697492426744962, -0.00010394898569062087, -0.0003139208384427415, 0.005184181032930557, 0.0008354871446602065, -6.508038393949115e-06], [-7.815762851182535e-06, 1.1836065021717292e-05, -1.4438149126523563e-05, 0.0008354871446602065, 0.00017784238627739873, 2.441439816063599e-05], [1.875298383225256e-05, 1.8261470660933557e-05, 2.3424184321804084e-05, -6.508038393949115e-06, 2.441439816063599e-05, 1.8062303250204235e-05]]</COVARIANCE_MATRIX>
		<ROI_SIZE>2194</ROI_SIZE>
		<MAX_VALUE>[0.15210493, 0.12749925, 0.102498226, 0.5251437, 0.19030602, 0.10304569]</MAX_VALUE>
		<MIN_VALUE>[0.11712778, 0.08896359, 0.061833497, 0.17439905, 0.097479746, 0.045896087]</MIN_VALUE>
		<SIGNATURE_THRESHOLD_MD>0</SIGNATURE_THRESHOLD_MD>
		<SIGNATURE_THRESHOLD_ML>0</SIGNATURE_THRESHOLD_ML>
		<SIGNATURE_THRESHOLD_SAM>0</SIGNATURE_THRESHOLD_SAM>
	</signature>
	<signature ID="20210621_143830704420_213">
		<MACROCLASSID>3</MACROCLASSID>
		<MACROCLASSINFO>bareland</MACROCLASSINFO>
		<CLASSID>12</CLASSID>
		<CLASSINFO>C 1</CLASSINFO>
		<VALUES>[0.15877225, 0.021374917, 0.14159457, 0.028789906, 0.14094426, 0.034679472, 0.2017264, 0.033768706, 0.2478098, 0.05222626, 0.21038544, 0.06416114]</VALUES>
		<LCS_MIN>[0.123788655, 0.09598943, 0.078075044, 0.109615296, 0.08257644, 0.068920165]</LCS_MIN>
		<LCS_MAX>[0.21877436, 0.21488127, 0.22412741, 0.30186793, 0.41531548, 0.4346898]</LCS_MAX>
		<WAVELENGTH>[0.48, 0.56, 0.655, 0.865, 1.61, 2.2]</WAVELENGTH>
		<MEAN_VALUE>[0.15877225, 0.14159457, 0.14094426, 0.2017264, 0.2478098, 0.21038544]</MEAN_VALUE>
		<CHECKBOX>2</CHECKBOX>
		<SD>[0.021374917, 0.028789906, 0.034679472, 0.033768706, 0.05222626, 0.06416114]</SD>
		<WAVELENGTH_UNIT>E-6m</WAVELENGTH_UNIT>
		<COLOR>#6bf229</COLOR>
		<COVARIANCE_MATRIX>[[0.0004569041390009908, 0.00060998495065801, 0.0007139995197373045, 0.0005027090041902896, 0.0009096057046304608, 0.0012658522457208348], [0.00060998495065801, 0.0008288897914167123, 0.000985283166817486, 0.0007398536953558999, 0.0013016545972973387, 0.0017572301668936897], [0.0007139995197373045, 0.000985283166817486, 0.0012027108260050268, 0.000934137390561721, 0.0016459216655274926, 0.0021594676055682396], [0.0005027090041902896, 0.0007398536953558999, 0.000934137390561721, 0.0011403684787789753, 0.0016070842015907508, 0.001734385921747998], [0.0009096057046304608, 0.0013016545972973387, 0.0016459216655274926, 0.0016070842015907508, 0.002727684662168517, 0.0031926015843585665], [0.0012658522457208348, 0.0017572301668936897, 0.0021594676055682396, 0.001734385921747998, 0.0031926015843585665, 0.004116806582500158]]</COVARIANCE_MATRIX>
		<ROI_SIZE>26705</ROI_SIZE>
		<MAX_VALUE>[0.21877436, 0.21488127, 0.22412741, 0.30186793, 0.41531548, 0.4346898]</MAX_VALUE>
		<MIN_VALUE>[0.123788655, 0.09598943, 0.078075044, 0.109615296, 0.08257644, 0.068920165]</MIN_VALUE>
		<SIGNATURE_THRESHOLD_MD>0</SIGNATURE_THRESHOLD_MD>
		<SIGNATURE_THRESHOLD_ML>0</SIGNATURE_THRESHOLD_ML>
		<SIGNATURE_THRESHOLD_SAM>0</SIGNATURE_THRESHOLD_SAM>
	</signature>
	<signature ID="20210621_144938700788_596">
		<MACROCLASSID>3</MACROCLASSID>
		<MACROCLASSINFO>bareland</MACROCLASSINFO>
		<CLASSID>13</CLASSID>
		<CLASSINFO>C 1</CLASSINFO>
		<VALUES>[0.13827823, 0.008128391, 0.118874975, 0.010193506, 0.10543868, 0.014343227, 0.1478934, 0.030612586, 0.0811457, 0.0663534, 0.054704636, 0.058537696]</VALUES>
		<LCS_MIN>[0.12266329, 0.09751016, 0.07232664, 0.08230272, 0.016789017, 0.009459032]</LCS_MIN>
		<LCS_MAX>[0.19441202, 0.19468577, 0.20779459, 0.31147903, 0.33769664, 0.32890671]</LCS_MAX>
		<WAVELENGTH>[0.48, 0.56, 0.655, 0.865, 1.61, 2.2]</WAVELENGTH>
		<MEAN_VALUE>[0.13827823, 0.118874975, 0.10543868, 0.1478934, 0.0811457, 0.054704636]</MEAN_VALUE>
		<CHECKBOX>2</CHECKBOX>
		<SD>[0.008128391, 0.010193506, 0.014343227, 0.030612586, 0.0663534, 0.058537696]</SD>
		<WAVELENGTH_UNIT>E-6m</WAVELENGTH_UNIT>
		<COLOR>#b40032</COLOR>
		<COVARIANCE_MATRIX>[[6.607648456556052e-05, 7.865551394833932e-05, 0.00011090384376365484, 0.00013549334350173044, 0.00034513945890517656, 0.0003302373689655825], [7.865551394833932e-05, 0.00010391664372674998, 0.000136202714439366, 0.00017930891690735664, 0.00038170145434273176, 0.00036259184176338566], [0.00011090384376365484, 0.000136202714439366, 0.00020574607223175165, 0.00025667687588680347, 0.0006670626900525298, 0.0006352587797812527], [0.00013549334350173044, 0.00017930891690735664, 0.00025667687588680347, 0.0009372118851430736, 0.001706176134331095, 0.0013880165625169208], [0.00034513945890517656, 0.00038170145434273176, 0.0006670626900525298, 0.001706176134331095, 0.004403157333022966, 0.0038295784964091487], [0.0003302373689655825, 0.00036259184176338566, 0.0006352587797812527, 0.0013880165625169208, 0.0038295784964091487, 0.003426959891929019]]</COVARIANCE_MATRIX>
		<ROI_SIZE>11477</ROI_SIZE>
		<MAX_VALUE>[0.19441202, 0.19468577, 0.20779459, 0.31147903, 0.33769664, 0.32890671]</MAX_VALUE>
		<MIN_VALUE>[0.12266329, 0.09751016, 0.07232664, 0.08230272, 0.016789017, 0.009459032]</MIN_VALUE>
		<SIGNATURE_THRESHOLD_MD>0</SIGNATURE_THRESHOLD_MD>
		<SIGNATURE_THRESHOLD_ML>0</SIGNATURE_THRESHOLD_ML>
		<SIGNATURE_THRESHOLD_SAM>0</SIGNATURE_THRESHOLD_SAM>
	</signature>
	<signature ID="20210621_152726334198_278">
		<MACROCLASSID>4</MACROCLASSID>
		<MACROCLASSINFO>built-up</MACROCLASSINFO>
		<CLASSID>14</CLASSID>
		<CLASSINFO>C 1</CLASSINFO>
		<VALUES>[0.15294942, 0.0046225917, 0.12822995, 0.0065106056, 0.122050636, 0.010921819, 0.1470654, 0.017405238, 0.14690465, 0.03402935, 0.12558703, 0.036632404]</VALUES>
		<LCS_MIN>[0.13604584, 0.10678672, 0.090149775, 0.101464115, 0.084857576, 0.058214106]</LCS_MIN>
		<LCS_MAX>[0.17753178, 0.15837039, 0.17497693, 0.23364729, 0.34925434, 0.3312791]</LCS_MAX>
		<WAVELENGTH>[0.48, 0.56, 0.655, 0.865, 1.61, 2.2]</WAVELENGTH>
		<MEAN_VALUE>[0.15294942, 0.12822995, 0.122050636, 0.1470654, 0.14690465, 0.12558703]</MEAN_VALUE>
		<CHECKBOX>2</CHECKBOX>
		<SD>[0.0046225917, 0.0065106056, 0.010921819, 0.017405238, 0.03402935, 0.036632404]</SD>
		<WAVELENGTH_UNIT>E-6m</WAVELENGTH_UNIT>
		<COLOR>#442465</COLOR>
		<COVARIANCE_MATRIX>[[2.13773788871894e-05, 2.799239509057427e-05, 4.055551092682523e-05, 4.4745012911927034e-05, 9.547317451158521e-05, 0.00010539877906122532], [2.799239509057427e-05, 4.240589465658657e-05, 6.586260768837537e-05, 8.03936623528182e-05, 0.00017228786010845077, 0.00018822657208536345], [4.055551092682523e-05, 6.586260768837537e-05, 0.00011933653100707891, 0.0001482106416855163, 0.000329940832126782, 0.0003615743165098001], [4.4745012911927034e-05, 8.03936623528182e-05, 0.0001482106416855163, 0.0003030702659447836, 0.0005162713487554624, 0.0005129641053054262], [9.547317451158521e-05, 0.00017228786010845077, 0.000329940832126782, 0.0005162713487554624, 0.001158485945335154, 0.0012269069358338835], [0.00010539877906122532, 0.00018822657208536345, 0.0003615743165098001, 0.0005129641053054262, 0.0012269069358338835, 0.0013424997945203632]]</COVARIANCE_MATRIX>
		<ROI_SIZE>2368</ROI_SIZE>
		<MAX_VALUE>[0.17753178, 0.15837039, 0.17497693, 0.23364729, 0.34925434, 0.3312791]</MAX_VALUE>
		<MIN_VALUE>[0.13604584, 0.10678672, 0.090149775, 0.101464115, 0.084857576, 0.058214106]</MIN_VALUE>
		<SIGNATURE_THRESHOLD_MD>0</SIGNATURE_THRESHOLD_MD>
		<SIGNATURE_THRESHOLD_ML>0</SIGNATURE_THRESHOLD_ML>
		<SIGNATURE_THRESHOLD_SAM>0</SIGNATURE_THRESHOLD_SAM>
	</signature>
	<signature ID="20210621_154113728909_969">
		<MACROCLASSID>4</MACROCLASSID>
		<MACROCLASSINFO>built-up</MACROCLASSINFO>
		<CLASSID>15</CLASSID>
		<CLASSINFO>C 1</CLASSINFO>
		<VALUES>[0.14985637, 0.0052251937, 0.12509386, 0.0070218174, 0.11730601, 0.0102749765, 0.15228134, 0.016437715, 0.1463495, 0.023081778, 0.12144471, 0.024400068]</VALUES>
		<LCS_MIN>[0.13361266, 0.10325859, 0.08354972, 0.10125119, 0.074881494, 0.06679111]</LCS_MIN>
		<LCS_MAX>[0.17841381, 0.15694089, 0.1659437, 0.26661703, 0.2683811, 0.2654917]</LCS_MAX>
		<WAVELENGTH>[0.48, 0.56, 0.655, 0.865, 1.61, 2.2]</WAVELENGTH>
		<MEAN_VALUE>[0.14985637, 0.12509386, 0.11730601, 0.15228134, 0.1463495, 0.12144471]</MEAN_VALUE>
		<CHECKBOX>2</CHECKBOX>
		<SD>[0.0052251937, 0.0070218174, 0.0102749765, 0.016437715, 0.023081778, 0.024400068]</SD>
		<WAVELENGTH_UNIT>E-6m</WAVELENGTH_UNIT>
		<COLOR>#c6b4aa</COLOR>
		<COVARIANCE_MATRIX>[[2.7332979515984184e-05, 3.504067467316492e-05, 4.906247041997246e-05, 1.8419399320313016e-05, 6.417336823340983e-05, 7.597636735939558e-05], [3.504067467316492e-05, 4.9360697093895894e-05, 6.923490496343804e-05, 3.378397194625469e-05, 9.880172696693945e-05, 0.00011446657636864384], [4.906247041997246e-05, 6.923490496343804e-05, 0.00010569243382698871, 4.5624663700898726e-05, 0.00014738250698665835, 0.00017403119035617044], [1.8419399320313016e-05, 3.378397194625469e-05, 4.5624663700898726e-05, 0.0002704987060032203, 0.00025542795484022687, 0.00017886570905238048], [6.417336823340983e-05, 9.880172696693945e-05, 0.00014738250698665835, 0.00025542795484022687, 0.0005333604779615519, 0.0005282019890005225], [7.597636735939558e-05, 0.00011446657636864384, 0.00017403119035617044, 0.00017886570905238048, 0.0005282019890005225, 0.0005960249885348271]]</COVARIANCE_MATRIX>
		<ROI_SIZE>901</ROI_SIZE>
		<MAX_VALUE>[0.17841381, 0.15694089, 0.1659437, 0.26661703, 0.2683811, 0.2654917]</MAX_VALUE>
		<MIN_VALUE>[0.13361266, 0.10325859, 0.08354972, 0.10125119, 0.074881494, 0.06679111]</MIN_VALUE>
		<SIGNATURE_THRESHOLD_MD>0</SIGNATURE_THRESHOLD_MD>
		<SIGNATURE_THRESHOLD_ML>0</SIGNATURE_THRESHOLD_ML>
		<SIGNATURE_THRESHOLD_SAM>0</SIGNATURE_THRESHOLD_SAM>
	</signature>
	<signature ID="20210621_154416196744_715">
		<MACROCLASSID>4</MACROCLASSID>
		<MACROCLASSINFO>built-up</MACROCLASSINFO>
		<CLASSID>16</CLASSID>
		<CLASSINFO>C 1</CLASSINFO>
		<VALUES>[0.1471717, 0.0044899154, 0.12034132, 0.0061538, 0.10977492, 0.008600231, 0.14545137, 0.009586144, 0.13741541, 0.015029686, 0.114203505, 0.017968811]</VALUES>
		<LCS_MIN>[0.13495092, 0.105539694, 0.08795989, 0.11092315, 0.09316084, 0.061286014]</LCS_MIN>
		<LCS_MAX>[0.15748836, 0.13714078, 0.13434261, 0.17710596, 0.18236774, 0.17348659]</LCS_MAX>
		<WAVELENGTH>[0.48, 0.56, 0.655, 0.865, 1.61, 2.2]</WAVELENGTH>
		<MEAN_VALUE>[0.1471717, 0.12034132, 0.10977492, 0.14545137, 0.13741541, 0.114203505]</MEAN_VALUE>
		<CHECKBOX>2</CHECKBOX>
		<SD>[0.0044899154, 0.0061538, 0.008600231, 0.009586144, 0.015029686, 0.017968811]</SD>
		<WAVELENGTH_UNIT>E-6m</WAVELENGTH_UNIT>
		<COLOR>#037518</COLOR>
		<COVARIANCE_MATRIX>[[2.0307570092037834e-05, 2.648763192051935e-05, 3.684076822306111e-05, 1.0215724692629934e-05, 5.066939245224455e-05, 6.610116400827297e-05], [2.648763192051935e-05, 3.814770176356877e-05, 5.21580118394823e-05, 1.7184989657027837e-05, 7.61759369802379e-05, 9.83928187929494e-05], [3.684076822306111e-05, 5.21580118394823e-05, 7.450782588275822e-05, 2.252917387650191e-05, 0.00010599767316573242, 0.00013612314709121734], [1.0215724692629934e-05, 1.7184989657027837e-05, 2.252917387650191e-05, 9.256984955051591e-05, 6.369137933717017e-05, 3.9830040574161025e-05], [5.066939245224455e-05, 7.61759369802379e-05, 0.00010599767316573242, 6.369137933717017e-05, 0.0002275524427534341, 0.00025692342445063934], [6.610116400827297e-05, 9.83928187929494e-05, 0.00013612314709121734, 3.9830040574161025e-05, 0.00025692342445063934, 0.0003252522803288731]]</COVARIANCE_MATRIX>
		<ROI_SIZE>137</ROI_SIZE>
		<MAX_VALUE>[0.15748836, 0.13714078, 0.13434261, 0.17710596, 0.18236774, 0.17348659]</MAX_VALUE>
		<MIN_VALUE>[0.13495092, 0.105539694, 0.08795989, 0.11092315, 0.09316084, 0.061286014]</MIN_VALUE>
		<SIGNATURE_THRESHOLD_MD>0</SIGNATURE_THRESHOLD_MD>
		<SIGNATURE_THRESHOLD_ML>0</SIGNATURE_THRESHOLD_ML>
		<SIGNATURE_THRESHOLD_SAM>0</SIGNATURE_THRESHOLD_SAM>
	</signature>
</signaturelist>
