<?xml version="1.0" ?>
<signaturelist MCID_LIST="[['1', 'waterbody', '#0000ff'], ['2', 'vegetation', '#00ff00'], ['3', 'bareland', '#ffaa00'], ['4', 'built-up', '#ff0000']]">
	<signature ID="20211220_160353002296_413">
		<MACROCLASSID>1</MACROCLASSID>
		<MACROCLASSINFO>waterbody</MACROCLASSINFO>
		<CLASSID>1</CLASSID>
		<CLASSINFO>C 1</CLASSINFO>
		<VALUES>[0.10424807655175083, 0.004162193495300973, 0.09125041459383582, 0.006564245466420845, 0.0858706355178624, 0.00837634115826984, 0.08382105615952708, 0.01585721382843359, 0.06283275230547017, 0.015791884259174337, 0.04774461354892913, 0.013844995130540157]</VALUES>
		<LCS_MIN>[0.0957144945859909, 0.07962308079004288, 0.07359958440065384, 0.05338939279317856, 0.03087647072970867, 0.021237075328826904]</LCS_MIN>
		<LCS_MAX>[0.11654434353113174, 0.11098162829875946, 0.10898502171039581, 0.11773190647363663, 0.0956035777926445, 0.08444575220346451]</LCS_MAX>
		<WAVELENGTH>[0.485, 0.56, 0.66, 0.83, 1.65, 2.215]</WAVELENGTH>
		<MEAN_VALUE>[0.10424807655175083, 0.09125041459383582, 0.0858706355178624, 0.08382105615952708, 0.06283275230547017, 0.04774461354892913]</MEAN_VALUE>
		<CHECKBOX>2</CHECKBOX>
		<SD>[0.004162193495300973, 0.006564245466420845, 0.00837634115826984, 0.01585721382843359, 0.015791884259174337, 0.013844995130540157]</SD>
		<WAVELENGTH_UNIT>E-6m</WAVELENGTH_UNIT>
		<COLOR>#2c3a45</COLOR>
		<COVARIANCE_MATRIX>[[1.7421729577593134e-05, 2.300794886878065e-05, 3.033652369372414e-05, 3.189303672348152e-05, 3.689387410524136e-05, 3.815229341126375e-05], [2.300794886878065e-05, 4.3332761021073034e-05, 5.073079813289133e-05, 5.406428056325098e-05, 6.0723664991453085e-05, 6.479366257976693e-05], [3.033652369372414e-05, 5.073079813289133e-05, 7.055949284492163e-05, 6.904656419540482e-05, 8.311350802770744e-05, 8.685180034146004e-05], [3.189303672348152e-05, 5.406428056325098e-05, 6.904656419540482e-05, 0.0002528718588210082, 0.0001708463196026886, 0.00012257018640709285], [3.689387410524136e-05, 6.0723664991453085e-05, 8.311350802770744e-05, 0.0001708463196026886, 0.0002507925553955827, 0.00019574776378788726], [3.815229341126375e-05, 6.479366257976693e-05, 8.685180034146004e-05, 0.00012257018640709285, 0.00019574776378788726, 0.00019276684999611983]]</COVARIANCE_MATRIX>
		<ROI_SIZE>178</ROI_SIZE>
		<MAX_VALUE>[0.11654434353113174, 0.11098162829875946, 0.10898502171039581, 0.11773190647363663, 0.0956035777926445, 0.08444575220346451]</MAX_VALUE>
		<MIN_VALUE>[0.0957144945859909, 0.07962308079004288, 0.07359958440065384, 0.05338939279317856, 0.03087647072970867, 0.021237075328826904]</MIN_VALUE>
		<SIGNATURE_THRESHOLD_MD>0</SIGNATURE_THRESHOLD_MD>
		<SIGNATURE_THRESHOLD_ML>0</SIGNATURE_THRESHOLD_ML>
		<SIGNATURE_THRESHOLD_SAM>0</SIGNATURE_THRESHOLD_SAM>
	</signature>
	<signature ID="20211220_160358705327_481">
		<MACROCLASSID>1</MACROCLASSID>
		<MACROCLASSINFO>waterbody</MACROCLASSINFO>
		<CLASSID>2</CLASSID>
		<CLASSINFO>C 1</CLASSINFO>
		<VALUES>[0.10422324457730371, 0.0046114370281090285, 0.09095701986345753, 0.006366191229617801, 0.08387874178160197, 0.009392475364310551, 0.0758075849848917, 0.0157662015997439, 0.05245217229186117, 0.017096101471922982, 0.04217842193427444, 0.015033255576524586]</VALUES>
		<LCS_MIN>[0.09411219507455826, 0.07962308079004288, 0.06716586649417877, 0.049367982894182205, 0.017931047827005386, 0.021237075328826904]</LCS_MIN>
		<LCS_MAX>[0.1149420440196991, 0.10749735683202744, 0.10576816648244858, 0.11371050775051117, 0.09042540937662125, 0.08072759956121445]</LCS_MAX>
		<WAVELENGTH>[0.485, 0.56, 0.66, 0.83, 1.65, 2.215]</WAVELENGTH>
		<MEAN_VALUE>[0.10422324457730371, 0.09095701986345753, 0.08387874178160197, 0.0758075849848917, 0.05245217229186117, 0.04217842193427444]</MEAN_VALUE>
		<CHECKBOX>2</CHECKBOX>
		<SD>[0.0046114370281090285, 0.006366191229617801, 0.009392475364310551, 0.0157662015997439, 0.017096101471922982, 0.015033255576524586]</SD>
		<WAVELENGTH_UNIT>E-6m</WAVELENGTH_UNIT>
		<COLOR>#2d2fcf</COLOR>
		<COVARIANCE_MATRIX>[[2.1512622992868726e-05, 2.3770764114785867e-05, 3.618383416443998e-05, 5.832720341827811e-05, 6.695450035099959e-05, 5.596882232277038e-05], [2.3770764114785867e-05, 4.099965112987732e-05, 5.4960636078087915e-05, 8.526888837532305e-05, 9.542090617945742e-05, 8.105863997248958e-05], [3.618383416443998e-05, 5.4960636078087915e-05, 8.924439106765953e-05, 0.00012714123470466724, 0.00014907759389765497, 0.0001224246026550412], [5.832720341827811e-05, 8.526888837532305e-05, 0.00012714123470466724, 0.00025146349791729924, 0.0002456853243044543, 0.00020087981663052294], [6.695450035099959e-05, 9.542090617945742e-05, 0.00014907759389765497, 0.0002456853243044543, 0.00029567525164919743, 0.00023290458426358625], [5.596882232277038e-05, 8.105863997248958e-05, 0.0001224246026550412, 0.00020087981663052294, 0.00023290458426358625, 0.00022862666594107402]]</COVARIANCE_MATRIX>
		<ROI_SIZE>87</ROI_SIZE>
		<MAX_VALUE>[0.1149420440196991, 0.10749735683202744, 0.10576816648244858, 0.11371050775051117, 0.09042540937662125, 0.08072759956121445]</MAX_VALUE>
		<MIN_VALUE>[0.09411219507455826, 0.07962308079004288, 0.06716586649417877, 0.049367982894182205, 0.017931047827005386, 0.021237075328826904]</MIN_VALUE>
		<SIGNATURE_THRESHOLD_MD>0</SIGNATURE_THRESHOLD_MD>
		<SIGNATURE_THRESHOLD_ML>0</SIGNATURE_THRESHOLD_ML>
		<SIGNATURE_THRESHOLD_SAM>0</SIGNATURE_THRESHOLD_SAM>
	</signature>
	<signature ID="20211220_160422051274_470">
		<MACROCLASSID>1</MACROCLASSID>
		<MACROCLASSINFO>waterbody</MACROCLASSINFO>
		<CLASSID>3</CLASSID>
		<CLASSINFO>C 1</CLASSINFO>
		<VALUES>[0.1051076697050661, 0.004686132599024357, 0.09191907218832901, 0.006336349624728095, 0.08618729243027991, 0.008246803768295799, 0.08220948157427103, 0.014831666303686132, 0.06057589283833899, 0.01560063180482441, 0.04917714223805547, 0.013302751684278994]</VALUES>
		<LCS_MIN>[0.09731679409742355, 0.07962308079004288, 0.07038272172212601, 0.049367982894182205, 0.025698300451040268, 0.021237075328826904]</LCS_MIN>
		<LCS_MAX>[0.11974892765283585, 0.11098162829875946, 0.11220189183950424, 0.11371050775051117, 0.09042540937662125, 0.08072759956121445]</LCS_MAX>
		<WAVELENGTH>[0.485, 0.56, 0.66, 0.83, 1.65, 2.215]</WAVELENGTH>
		<MEAN_VALUE>[0.1051076697050661, 0.09191907218832901, 0.08618729243027991, 0.08220948157427103, 0.06057589283833899, 0.04917714223805547]</MEAN_VALUE>
		<CHECKBOX>2</CHECKBOX>
		<SD>[0.004686132599024357, 0.006336349624728095, 0.008246803768295799, 0.014831666303686132, 0.01560063180482441, 0.013302751684278994]</SD>
		<WAVELENGTH_UNIT>E-6m</WAVELENGTH_UNIT>
		<COLOR>#ab011b</COLOR>
		<COVARIANCE_MATRIX>[[2.2120129529329596e-05, 2.3963490253209208e-05, 3.0788729888644726e-05, 3.4623905867123857e-05, 4.66612583439485e-05, 4.399807904930768e-05], [2.3963490253209208e-05, 4.044238734465168e-05, 4.690757842923901e-05, 5.654122078847249e-05, 6.0027607325388445e-05, 5.58338933241003e-05], [3.0788729888644726e-05, 4.690757842923901e-05, 6.850619408907543e-05, 7.92230303869779e-05, 8.624492384965548e-05, 7.824047265549582e-05], [3.4623905867123857e-05, 5.654122078847249e-05, 7.92230303869779e-05, 0.00022158400655078835, 0.00017427669449722512, 0.00012520214535825314], [4.66612583439485e-05, 6.0027607325388445e-05, 8.624492384965548e-05, 0.00017427669449722512, 0.00024515620696305445, 0.00018456120504871574], [4.399807904930768e-05, 5.58338933241003e-05, 7.824047265549582e-05, 0.00012520214535825314, 0.00018456120504871574, 0.0001782549045806943]]</COVARIANCE_MATRIX>
		<ROI_SIZE>138</ROI_SIZE>
		<MAX_VALUE>[0.11974892765283585, 0.11098162829875946, 0.11220189183950424, 0.11371050775051117, 0.09042540937662125, 0.08072759956121445]</MAX_VALUE>
		<MIN_VALUE>[0.09731679409742355, 0.07962308079004288, 0.07038272172212601, 0.049367982894182205, 0.025698300451040268, 0.021237075328826904]</MIN_VALUE>
		<SIGNATURE_THRESHOLD_MD>0</SIGNATURE_THRESHOLD_MD>
		<SIGNATURE_THRESHOLD_ML>0</SIGNATURE_THRESHOLD_ML>
		<SIGNATURE_THRESHOLD_SAM>0</SIGNATURE_THRESHOLD_SAM>
	</signature>
	<signature ID="20211220_160434723463_653">
		<MACROCLASSID>1</MACROCLASSID>
		<MACROCLASSINFO>waterbody</MACROCLASSINFO>
		<CLASSID>4</CLASSID>
		<CLASSINFO>C 1</CLASSINFO>
		<VALUES>[0.10232397301920823, 0.002658184208267319, 0.08945374363767249, 0.004422391082536182, 0.08302038508866515, 0.006980792575896621, 0.08053389464371973, 0.014643074644417373, 0.05672107876411506, 0.013323555399123254, 0.04480753779145223, 0.012236812978871612]</VALUES>
		<LCS_MIN>[0.09731679409742355, 0.0831073671579361, 0.07359958440065384, 0.05338939279317856, 0.03605463728308678, 0.028673391789197922]</LCS_MIN>
		<LCS_MAX>[0.1085328683257103, 0.10401307046413422, 0.10576816648244858, 0.10968910157680511, 0.08783633261919022, 0.07329127192497253]</LCS_MAX>
		<WAVELENGTH>[0.485, 0.56, 0.66, 0.83, 1.65, 2.215]</WAVELENGTH>
		<MEAN_VALUE>[0.10232397301920823, 0.08945374363767249, 0.08302038508866515, 0.08053389464371973, 0.05672107876411506, 0.04480753779145223]</MEAN_VALUE>
		<CHECKBOX>2</CHECKBOX>
		<SD>[0.002658184208267319, 0.004422391082536182, 0.006980792575896621, 0.014643074644417373, 0.013323555399123254, 0.012236812978871612]</SD>
		<WAVELENGTH_UNIT>E-6m</WAVELENGTH_UNIT>
		<COLOR>#8e8dd1</COLOR>
		<COVARIANCE_MATRIX>[[7.19441498117415e-06, 8.856428243008928e-06, 1.4666484247096875e-05, 2.750195367492874e-05, 2.7238524273276226e-05, 2.4114676943981305e-05], [8.856428243008928e-06, 1.991313457574819e-05, 2.797744453675104e-05, 4.471013704993813e-05, 4.7536529701613735e-05, 4.366882814017993e-05], [1.4666484247096875e-05, 2.797744453675104e-05, 4.961749162383325e-05, 6.915039245667136e-05, 7.38876189623646e-05, 6.64056592547233e-05], [2.750195367492874e-05, 4.471013704993813e-05, 6.915039245667136e-05, 0.000218318173860924, 0.00016881253122380709, 0.0001383080777198677], [2.7238524273276226e-05, 4.7536529701613735e-05, 7.38876189623646e-05, 0.00016881253122380709, 0.0001807447126275701, 0.00015075978612337176], [2.4114676943981305e-05, 4.366882814017993e-05, 6.64056592547233e-05, 0.0001383080777198677, 0.00015075978612337176, 0.00015246212991406043]]</COVARIANCE_MATRIX>
		<ROI_SIZE>56</ROI_SIZE>
		<MAX_VALUE>[0.1085328683257103, 0.10401307046413422, 0.10576816648244858, 0.10968910157680511, 0.08783633261919022, 0.07329127192497253]</MAX_VALUE>
		<MIN_VALUE>[0.09731679409742355, 0.0831073671579361, 0.07359958440065384, 0.05338939279317856, 0.03605463728308678, 0.028673391789197922]</MIN_VALUE>
		<SIGNATURE_THRESHOLD_MD>0</SIGNATURE_THRESHOLD_MD>
		<SIGNATURE_THRESHOLD_ML>0</SIGNATURE_THRESHOLD_ML>
		<SIGNATURE_THRESHOLD_SAM>0</SIGNATURE_THRESHOLD_SAM>
	</signature>
	<signature ID="20211220_160443694760_965">
		<MACROCLASSID>1</MACROCLASSID>
		<MACROCLASSINFO>waterbody</MACROCLASSINFO>
		<CLASSID>5</CLASSID>
		<CLASSINFO>C 1</CLASSINFO>
		<VALUES>[0.10246703325181591, 0.005031882760104709, 0.09156920114646151, 0.007964076288995182, 0.08758307248353958, 0.009684457579017595, 0.08597100107949604, 0.015622342135611615, 0.06437605100550822, 0.017331900406049778, 0.05158938110178829, 0.015455851574397987]</VALUES>
		<LCS_MIN>[0.09250990301370621, 0.07613880932331085, 0.07038272172212601, 0.05338939279317856, 0.03087647072970867, 0.017518918961286545]</LCS_MIN>
		<LCS_MAX>[0.11654434353113174, 0.11446591466665268, 0.11541874706745148, 0.11773190647363663, 0.09819266200065613, 0.08444575220346451]</LCS_MAX>
		<WAVELENGTH>[0.485, 0.56, 0.66, 0.83, 1.65, 2.215]</WAVELENGTH>
		<MEAN_VALUE>[0.10246703325181591, 0.09156920114646151, 0.08758307248353958, 0.08597100107949604, 0.06437605100550822, 0.05158938110178829]</MEAN_VALUE>
		<CHECKBOX>2</CHECKBOX>
		<SD>[0.005031882760104709, 0.007964076288995182, 0.009684457579017595, 0.015622342135611615, 0.017331900406049778, 0.015455851574397987]</SD>
		<WAVELENGTH_UNIT>E-6m</WAVELENGTH_UNIT>
		<COLOR>#a1d238</COLOR>
		<COVARIANCE_MATRIX>[[2.558087343217549e-05, 3.71806351944517e-05, 4.477990322103283e-05, 5.359762808608395e-05, 5.1119771412408794e-05, 4.708161554239703e-05], [3.71806351944517e-05, 6.40803926950481e-05, 7.330885244302618e-05, 8.749588793792999e-05, 8.208009686621923e-05, 7.561284203804722e-05], [4.477990322103283e-05, 7.330885244302618e-05, 9.475561260597475e-05, 0.00011783111281621811, 0.00011197248362974354, 9.981080343272434e-05], [5.359762808608395e-05, 8.749588793792999e-05, 0.00011783111281621811, 0.0002465736312639835, 0.00018833616942166102, 0.0001538949982808502], [5.1119771412408794e-05, 8.208009686621923e-05, 0.00011197248362974354, 0.00018833616942166102, 0.000303491625001571, 0.00025743572712665563], [4.708161554239703e-05, 7.561284203804722e-05, 9.981080343272434e-05, 0.0001538949982808502, 0.00025743572712665563, 0.00024134606281651987]]</COVARIANCE_MATRIX>
		<ROI_SIZE>98</ROI_SIZE>
		<MAX_VALUE>[0.11654434353113174, 0.11446591466665268, 0.11541874706745148, 0.11773190647363663, 0.09819266200065613, 0.08444575220346451]</MAX_VALUE>
		<MIN_VALUE>[0.09250990301370621, 0.07613880932331085, 0.07038272172212601, 0.05338939279317856, 0.03087647072970867, 0.017518918961286545]</MIN_VALUE>
		<SIGNATURE_THRESHOLD_MD>0</SIGNATURE_THRESHOLD_MD>
		<SIGNATURE_THRESHOLD_ML>0</SIGNATURE_THRESHOLD_ML>
		<SIGNATURE_THRESHOLD_SAM>0</SIGNATURE_THRESHOLD_SAM>
	</signature>
	<signature ID="20211220_160506123787_304">
		<MACROCLASSID>1</MACROCLASSID>
		<MACROCLASSINFO>waterbody</MACROCLASSINFO>
		<CLASSID>6</CLASSID>
		<CLASSINFO>C 1</CLASSINFO>
		<VALUES>[0.10220248606361328, 0.004375352252087395, 0.0922464741790881, 0.006376939897001088, 0.08899831893991253, 0.0091194112930543, 0.08654952513389899, 0.015268083087991649, 0.06627476899350275, 0.016632636066558973, 0.053664283735341704, 0.015588823962946073]</VALUES>
		<LCS_MIN>[0.09411219507455826, 0.0831073671579361, 0.07681644707918167, 0.06545361876487732, 0.03605463728308678, 0.028673391789197922]</LCS_MIN>
		<LCS_MAX>[0.1149420440196991, 0.11098162829875946, 0.11541874706745148, 0.11773190647363663, 0.10337082296609879, 0.08816390484571457]</LCS_MAX>
		<WAVELENGTH>[0.485, 0.56, 0.66, 0.83, 1.65, 2.215]</WAVELENGTH>
		<MEAN_VALUE>[0.10220248606361328, 0.0922464741790881, 0.08899831893991253, 0.08654952513389899, 0.06627476899350275, 0.053664283735341704]</MEAN_VALUE>
		<CHECKBOX>2</CHECKBOX>
		<SD>[0.004375352252087395, 0.006376939897001088, 0.0091194112930543, 0.015268083087991649, 0.016632636066558973, 0.015588823962946073]</SD>
		<WAVELENGTH_UNIT>E-6m</WAVELENGTH_UNIT>
		<COLOR>#dbd577</COLOR>
		<COVARIANCE_MATRIX>[[1.9462769118676995e-05, 2.541417672040336e-05, 3.519047143310456e-05, 4.2018190290743446e-05, 5.164742061874208e-05, 5.201331666381084e-05], [2.541417672040336e-05, 4.134311849079698e-05, 5.475295969928741e-05, 7.394819529996113e-05, 8.276246331032395e-05, 8.001728838933669e-05], [3.519047143310456e-05, 5.475295969928741e-05, 8.454972337075103e-05, 0.000105904464792412, 0.00012031358606252766, 0.00011928434650595281], [4.2018190290743446e-05, 7.394819529996113e-05, 0.000105904464792412, 0.000236999600534847, 0.0002073534027736904, 0.00015878771994385775], [5.164742061874208e-05, 8.276246331032395e-05, 0.00012031358606252766, 0.0002073534027736904, 0.00028125532556464176, 0.00023848773965893], [5.201331666381084e-05, 8.001728838933669e-05, 0.00011928434650595281, 0.00015878771994385775, 0.00023848773965893, 0.00024706162309018375]]</COVARIANCE_MATRIX>
		<ROI_SIZE>61</ROI_SIZE>
		<MAX_VALUE>[0.1149420440196991, 0.11098162829875946, 0.11541874706745148, 0.11773190647363663, 0.10337082296609879, 0.08816390484571457]</MAX_VALUE>
		<MIN_VALUE>[0.09411219507455826, 0.0831073671579361, 0.07681644707918167, 0.06545361876487732, 0.03605463728308678, 0.028673391789197922]</MIN_VALUE>
		<SIGNATURE_THRESHOLD_MD>0</SIGNATURE_THRESHOLD_MD>
		<SIGNATURE_THRESHOLD_ML>0</SIGNATURE_THRESHOLD_ML>
		<SIGNATURE_THRESHOLD_SAM>0</SIGNATURE_THRESHOLD_SAM>
	</signature>
	<signature ID="20211220_160518996477_714">
		<MACROCLASSID>1</MACROCLASSID>
		<MACROCLASSINFO>waterbody</MACROCLASSINFO>
		<CLASSID>7</CLASSID>
		<CLASSINFO>C 1</CLASSINFO>
		<VALUES>[0.1057956110065182, 0.005895909124155839, 0.09864146634936331, 0.007854408723353135, 0.09625162991384667, 0.011981777161686517, 0.10281919377545513, 0.018445916566816354, 0.08535511838272214, 0.019062166403409343, 0.06802388839423656, 0.016866009389183916]</VALUES>
		<LCS_MIN>[0.09731679409742355, 0.08659165352582932, 0.07681644707918167, 0.06947503238916397, 0.04382188990712166, 0.03239154815673828]</LCS_MIN>
		<LCS_MAX>[0.11654434353113174, 0.11446591466665268, 0.11863559484481812, 0.1297961324453354, 0.11890533566474915, 0.09931838512420654]</LCS_MAX>
		<WAVELENGTH>[0.485, 0.56, 0.66, 0.83, 1.65, 2.215]</WAVELENGTH>
		<MEAN_VALUE>[0.1057956110065182, 0.09864146634936331, 0.09625162991384667, 0.10281919377545513, 0.08535511838272214, 0.06802388839423656]</MEAN_VALUE>
		<CHECKBOX>2</CHECKBOX>
		<SD>[0.005895909124155839, 0.007854408723353135, 0.011981777161686517, 0.018445916566816354, 0.019062166403409343, 0.016866009389183916]</SD>
		<WAVELENGTH_UNIT>E-6m</WAVELENGTH_UNIT>
		<COLOR>#702447</COLOR>
		<COVARIANCE_MATRIX>[[3.627312459162166e-05, 4.315583732006476e-05, 6.761357950160852e-05, 4.761408010870105e-05, 6.253531413903409e-05, 8.286657989870242e-05], [4.315583732006476e-05, 6.437398580189826e-05, 9.334278054060906e-05, 7.785134517205111e-05, 9.238458532498081e-05, 0.00011354496847541504], [6.761357950160852e-05, 9.334278054060906e-05, 0.00014980485281980446, 0.00014213524159863177, 0.0001513503326067166, 0.0001853488369808222], [4.761408010870105e-05, 7.785134517205111e-05, 0.00014213524159863177, 0.000355045396163426, 0.00028913389332357783, 0.0002157779429284458], [6.253531413903409e-05, 9.238458532498081e-05, 0.0001513503326067166, 0.00028913389332357783, 0.00037916471790393165, 0.0002697198195270381], [8.286657989870242e-05, 0.00011354496847541504, 0.0001853488369808222, 0.0002157779429284458, 0.0002697198195270381, 0.0002968301976167373]]</COVARIANCE_MATRIX>
		<ROI_SIZE>24</ROI_SIZE>
		<MAX_VALUE>[0.11654434353113174, 0.11446591466665268, 0.11863559484481812, 0.1297961324453354, 0.11890533566474915, 0.09931838512420654]</MAX_VALUE>
		<MIN_VALUE>[0.09731679409742355, 0.08659165352582932, 0.07681644707918167, 0.06947503238916397, 0.04382188990712166, 0.03239154815673828]</MIN_VALUE>
		<SIGNATURE_THRESHOLD_MD>0</SIGNATURE_THRESHOLD_MD>
		<SIGNATURE_THRESHOLD_ML>0</SIGNATURE_THRESHOLD_ML>
		<SIGNATURE_THRESHOLD_SAM>0</SIGNATURE_THRESHOLD_SAM>
	</signature>
	<signature ID="20211220_160543450476_698">
		<MACROCLASSID>1</MACROCLASSID>
		<MACROCLASSINFO>waterbody</MACROCLASSINFO>
		<CLASSID>8</CLASSID>
		<CLASSINFO>C 1</CLASSINFO>
		<VALUES>[0.10137842855481216, 0.0045101713793418785, 0.0916155034372973, 0.007450341566622983, 0.08998311813487563, 0.01087717096785835, 0.08892741366181264, 0.017856899292315476, 0.0727835085329621, 0.020002467634213945, 0.06058036925834276, 0.016824789174854877]</VALUES>
		<LCS_MIN>[0.09411219507455826, 0.07962308079004288, 0.07038272172212601, 0.06143220514059067, 0.038643728941679, 0.03239154815673828]</LCS_MIN>
		<LCS_MAX>[0.11013515293598175, 0.10749735683202744, 0.11220189183950424, 0.12577472627162933, 0.1137271597981453, 0.08816390484571457]</LCS_MAX>
		<WAVELENGTH>[0.485, 0.56, 0.66, 0.83, 1.65, 2.215]</WAVELENGTH>
		<MEAN_VALUE>[0.10137842855481216, 0.0916155034372973, 0.08998311813487563, 0.08892741366181264, 0.0727835085329621, 0.06058036925834276]</MEAN_VALUE>
		<CHECKBOX>2</CHECKBOX>
		<SD>[0.0045101713793418785, 0.007450341566622983, 0.01087717096785835, 0.017856899292315476, 0.020002467634213945, 0.016824789174854877]</SD>
		<WAVELENGTH_UNIT>E-6m</WAVELENGTH_UNIT>
		<COLOR>#0a18cf</COLOR>
		<COVARIANCE_MATRIX>[[2.0825970772725886e-05, 3.0949903605041274e-05, 4.661754525303315e-05, 6.746392184742911e-05, 7.207695655266767e-05, 5.711169641594881e-05], [3.0949903605041274e-05, 5.682919873219189e-05, 7.878805582730611e-05, 0.0001228004328512505, 0.00011909256626898636, 9.09799228184777e-05], [4.661754525303315e-05, 7.878805582730611e-05, 0.0001211298208417353, 0.00017699661748077334, 0.00017217752855616482, 0.0001340389219963808], [6.746392184742911e-05, 0.0001228004328512505, 0.00017699661748077334, 0.0003264609678677039, 0.00031094044135417136, 0.00023178435110872628], [7.207695655266767e-05, 0.00011909256626898636, 0.00017217752855616482, 0.00031094044135417136, 0.0004096248712543905, 0.00031615407225161595], [5.711169641594881e-05, 9.09799228184777e-05, 0.0001340389219963808, 0.00023178435110872628, 0.00031615407225161595, 0.00028981337674922615]]</COVARIANCE_MATRIX>
		<ROI_SIZE>43</ROI_SIZE>
		<MAX_VALUE>[0.11013515293598175, 0.10749735683202744, 0.11220189183950424, 0.12577472627162933, 0.1137271597981453, 0.08816390484571457]</MAX_VALUE>
		<MIN_VALUE>[0.09411219507455826, 0.07962308079004288, 0.07038272172212601, 0.06143220514059067, 0.038643728941679, 0.03239154815673828]</MIN_VALUE>
		<SIGNATURE_THRESHOLD_MD>0</SIGNATURE_THRESHOLD_MD>
		<SIGNATURE_THRESHOLD_ML>0</SIGNATURE_THRESHOLD_ML>
		<SIGNATURE_THRESHOLD_SAM>0</SIGNATURE_THRESHOLD_SAM>
	</signature>
	<signature ID="20211220_160555693265_938">
		<MACROCLASSID>1</MACROCLASSID>
		<MACROCLASSINFO>waterbody</MACROCLASSINFO>
		<CLASSID>9</CLASSID>
		<CLASSINFO>C 1</CLASSINFO>
		<VALUES>[0.1049563138346587, 0.006308179626967137, 0.09760447697980063, 0.010110786469629084, 0.09749624705208203, 0.013107282956798033, 0.09697857825085524, 0.0212762578748779, 0.08668048427041085, 0.023607563861182786, 0.07508396270817944, 0.020773146341370723]</VALUES>
		<LCS_MIN>[0.09411219507455826, 0.07962308079004288, 0.07359958440065384, 0.05338939279317856, 0.04123280569911003, 0.03239154815673828]</LCS_MIN>
		<LCS_MAX>[0.1181466355919838, 0.12143448740243912, 0.12506932020187378, 0.1378389447927475, 0.13185076415538788, 0.11790917068719864]</LCS_MAX>
		<WAVELENGTH>[0.485, 0.56, 0.66, 0.83, 1.65, 2.215]</WAVELENGTH>
		<MEAN_VALUE>[0.1049563138346587, 0.09760447697980063, 0.09749624705208203, 0.09697857825085524, 0.08668048427041085, 0.07508396270817944]</MEAN_VALUE>
		<CHECKBOX>2</CHECKBOX>
		<SD>[0.006308179626967137, 0.010110786469629084, 0.013107282956798033, 0.0212762578748779, 0.023607563861182786, 0.020773146341370723]</SD>
		<WAVELENGTH_UNIT>E-6m</WAVELENGTH_UNIT>
		<COLOR>#831e3e</COLOR>
		<COVARIANCE_MATRIX>[[4.0516641664375696e-05, 5.959331580767231e-05, 7.839980064639512e-05, 0.00011608941552175935, 0.00012401664147765248, 0.00010780721474607552], [5.959331580767231e-05, 0.00010408669399869692, 0.00012902812899395546, 0.00018506846051039835, 0.00019321855355437992, 0.00017234087983318262], [7.839980064639512e-05, 0.00012902812899395546, 0.00017492451862792397, 0.00025304742045256134, 0.00026314420365848877, 0.0002319149959067962], [0.00011608941552175935, 0.00018506846051039835, 0.00025304742045256134, 0.00046090967914300004, 0.0004346403764041798, 0.0003719948781321633], [0.00012401664147765248, 0.00019321855355437992, 0.00026314420365848877, 0.0004346403764041798, 0.0005674501091227296, 0.0004785400923807401], [0.00010780721474607552, 0.00017234087983318262, 0.0002319149959067962, 0.0003719948781321633, 0.0004785400923807401, 0.00043936949271854934]]</COVARIANCE_MATRIX>
		<ROI_SIZE>56</ROI_SIZE>
		<MAX_VALUE>[0.1181466355919838, 0.12143448740243912, 0.12506932020187378, 0.1378389447927475, 0.13185076415538788, 0.11790917068719864]</MAX_VALUE>
		<MIN_VALUE>[0.09411219507455826, 0.07962308079004288, 0.07359958440065384, 0.05338939279317856, 0.04123280569911003, 0.03239154815673828]</MIN_VALUE>
		<SIGNATURE_THRESHOLD_MD>0</SIGNATURE_THRESHOLD_MD>
		<SIGNATURE_THRESHOLD_ML>0</SIGNATURE_THRESHOLD_ML>
		<SIGNATURE_THRESHOLD_SAM>0</SIGNATURE_THRESHOLD_SAM>
	</signature>
	<signature ID="20211220_160609846022_192">
		<MACROCLASSID>1</MACROCLASSID>
		<MACROCLASSINFO>waterbody</MACROCLASSINFO>
		<CLASSID>10</CLASSID>
		<CLASSINFO>C 1</CLASSINFO>
		<VALUES>[0.10697912458669058, 0.0064150635064978085, 0.09878664554068539, 0.009989444862425086, 0.09850586725003788, 0.012475320838006792, 0.09707650237462741, 0.018320206310294546, 0.08681638070353953, 0.021491803768286227, 0.07165754326816762, 0.018078148745204005]</VALUES>
		<LCS_MIN>[0.09411219507455826, 0.07613880932331085, 0.07359958440065384, 0.06143220514059067, 0.04900006204843521, 0.03239154815673828]</LCS_MIN>
		<LCS_MAX>[0.12295351922512054, 0.1179502084851265, 0.12506932020187378, 0.12577472627162933, 0.12667258083820343, 0.10675469785928726]</LCS_MAX>
		<WAVELENGTH>[0.485, 0.56, 0.66, 0.83, 1.65, 2.215]</WAVELENGTH>
		<MEAN_VALUE>[0.10697912458669058, 0.09878664554068539, 0.09850586725003788, 0.09707650237462741, 0.08681638070353953, 0.07165754326816762]</MEAN_VALUE>
		<CHECKBOX>2</CHECKBOX>
		<SD>[0.0064150635064978085, 0.009989444862425086, 0.012475320838006792, 0.018320206310294546, 0.021491803768286227, 0.018078148745204005]</SD>
		<WAVELENGTH_UNIT>E-6m</WAVELENGTH_UNIT>
		<COLOR>#678b9b</COLOR>
		<COVARIANCE_MATRIX>[[4.1786163481513716e-05, 6.081012343171673e-05, 7.47393703807266e-05, 0.00010272622243970787, 0.00010293253482416012, 9.054421146913335e-05], [6.081012343171673e-05, 0.00010132422417726838, 0.0001218271753076892, 0.00017234417741915944, 0.00016751492796054714, 0.00014499760776457365], [7.47393703807266e-05, 0.0001218271753076892, 0.00015802799354984058, 0.00021746548700884983, 0.00021389465978006636, 0.0001848457240026554], [0.00010272622243970787, 0.00017234417741915944, 0.00021746548700884983, 0.0003407934970863984, 0.00032860395331282106, 0.0002843327692209912], [0.00010293253482416012, 0.00016751492796054714, 0.00021389465978006636, 0.00032860395331282106, 0.0004690037465870533, 0.0003706362028470095], [9.054421146913335e-05, 0.00014499760776457365, 0.0001848457240026554, 0.0002843327692209912, 0.0003706362028470095, 0.0003318474537776242]]</COVARIANCE_MATRIX>
		<ROI_SIZE>66</ROI_SIZE>
		<MAX_VALUE>[0.12295351922512054, 0.1179502084851265, 0.12506932020187378, 0.12577472627162933, 0.12667258083820343, 0.10675469785928726]</MAX_VALUE>
		<MIN_VALUE>[0.09411219507455826, 0.07613880932331085, 0.07359958440065384, 0.06143220514059067, 0.04900006204843521, 0.03239154815673828]</MIN_VALUE>
		<SIGNATURE_THRESHOLD_MD>0</SIGNATURE_THRESHOLD_MD>
		<SIGNATURE_THRESHOLD_ML>0</SIGNATURE_THRESHOLD_ML>
		<SIGNATURE_THRESHOLD_SAM>0</SIGNATURE_THRESHOLD_SAM>
	</signature>
	<signature ID="20211220_160737940107_392">
		<MACROCLASSID>1</MACROCLASSID>
		<MACROCLASSINFO>waterbody</MACROCLASSINFO>
		<CLASSID>11</CLASSID>
		<CLASSINFO>C 1</CLASSINFO>
		<VALUES>[0.0970729665587778, 0.006983984734280865, 0.08681888781164004, 0.010687603451206942, 0.08422920399385948, 0.015337858287252173, 0.09001917311030885, 0.02334688487751095, 0.07207667981476887, 0.02244698052971831, 0.05664040038929039, 0.017911351902644403]</VALUES>
		<LCS_MIN>[0.086100734770298, 0.06917023658752441, 0.060732144862413406, 0.05338939279317856, 0.038643728941679, 0.024955229833722115]</LCS_MIN>
		<LCS_MAX>[0.111737459897995, 0.11098162829875946, 0.11863559484481812, 0.12577472627162933, 0.1137271597981453, 0.08816390484571457]</LCS_MAX>
		<WAVELENGTH>[0.485, 0.56, 0.66, 0.83, 1.65, 2.215]</WAVELENGTH>
		<MEAN_VALUE>[0.0970729665587778, 0.08681888781164004, 0.08422920399385948, 0.09001917311030885, 0.07207667981476887, 0.05664040038929039]</MEAN_VALUE>
		<CHECKBOX>2</CHECKBOX>
		<SD>[0.006983984734280865, 0.010687603451206942, 0.015337858287252173, 0.02334688487751095, 0.02244698052971831, 0.017911351902644403]</SD>
		<WAVELENGTH_UNIT>E-6m</WAVELENGTH_UNIT>
		<COLOR>#deae99</COLOR>
		<COVARIANCE_MATRIX>[[4.985995483019413e-05, 7.213746635844142e-05, 0.00010195670950359796, 0.00014931140250864646, 0.00014394221151974523, 0.00011486920138161175], [7.213746635844142e-05, 0.0001167631979198116, 0.00016167235713487063, 0.000234049897376461, 0.00022277331295746908, 0.00017372368540732397], [0.00010195670950359796, 0.00016167235713487063, 0.00024047767232515977, 0.0003267071548587161, 0.00031875251612231866, 0.000240463809437098], [0.00014931140250864646, 0.000234049897376461, 0.0003267071548587161, 0.0005571898564500551, 0.0004755710765710274, 0.0003642997684584689], [0.00014394221151974523, 0.00022277331295746908, 0.00031875251612231866, 0.0004755710765710274, 0.0005150639778993651, 0.0003769543703273596], [0.00011486920138161175, 0.00017372368540732397, 0.000240463809437098, 0.0003642997684584689, 0.0003769543703273596, 0.0003279457831354823]]</COVARIANCE_MATRIX>
		<ROI_SIZE>46</ROI_SIZE>
		<MAX_VALUE>[0.111737459897995, 0.11098162829875946, 0.11863559484481812, 0.12577472627162933, 0.1137271597981453, 0.08816390484571457]</MAX_VALUE>
		<MIN_VALUE>[0.086100734770298, 0.06917023658752441, 0.060732144862413406, 0.05338939279317856, 0.038643728941679, 0.024955229833722115]</MIN_VALUE>
		<SIGNATURE_THRESHOLD_MD>0</SIGNATURE_THRESHOLD_MD>
		<SIGNATURE_THRESHOLD_ML>0</SIGNATURE_THRESHOLD_ML>
		<SIGNATURE_THRESHOLD_SAM>0</SIGNATURE_THRESHOLD_SAM>
	</signature>
	<signature ID="20211220_160750653864_157">
		<MACROCLASSID>1</MACROCLASSID>
		<MACROCLASSINFO>waterbody</MACROCLASSINFO>
		<CLASSID>12</CLASSID>
		<CLASSINFO>C 1</CLASSINFO>
		<VALUES>[0.10226717279918159, 0.00504971842924732, 0.09475631700522863, 0.00804403085321234, 0.09621361965563759, 0.011115353002702118, 0.12343390908703873, 0.016619207388867525, 0.08234901214713483, 0.0157869991627666, 0.06041646515255542, 0.01575292552524506]</VALUES>
		<LCS_MIN>[0.09411219507455826, 0.07962308079004288, 0.07681644707918167, 0.08958206325769424, 0.056767307221889496, 0.03239154815673828]</LCS_MIN>
		<LCS_MAX>[0.1181466355919838, 0.1179502084851265, 0.12185245752334595, 0.15794597566127777, 0.11890533566474915, 0.09931838512420654]</LCS_MAX>
		<WAVELENGTH>[0.485, 0.56, 0.66, 0.83, 1.65, 2.215]</WAVELENGTH>
		<MEAN_VALUE>[0.10226717279918159, 0.09475631700522863, 0.09621361965563759, 0.12343390908703873, 0.08234901214713483, 0.06041646515255542]</MEAN_VALUE>
		<CHECKBOX>2</CHECKBOX>
		<SD>[0.00504971842924732, 0.00804403085321234, 0.011115353002702118, 0.016619207388867525, 0.0157869991627666, 0.01575292552524506]</SD>
		<WAVELENGTH_UNIT>E-6m</WAVELENGTH_UNIT>
		<COLOR>#5e7034</COLOR>
		<COVARIANCE_MATRIX>[[2.5886014642175157e-05, 3.696020503968081e-05, 5.020195258930102e-05, 3.5626969427200906e-06, 4.3164059220950784e-05, 5.1792747864985206e-05], [3.696020503968081e-05, 6.568683285784772e-05, 8.46260392961911e-05, 2.598283242558602e-05, 8.593917284757906e-05, 9.807449950298479e-05], [5.020195258930102e-05, 8.46260392961911e-05, 0.00012542305831975007, 1.5712524429170146e-05, 0.00012092271964482993, 0.0001420661055092559], [3.5626969427200906e-06, 2.598283242558602e-05, 1.5712524429170146e-05, 0.0002803828732377373, 0.00012957018752151694, 6.954036774295869e-05], [4.3164059220950784e-05, 8.593917284757906e-05, 0.00012092271964482993, 0.00012957018752151694, 0.0002530055447252717, 0.00022743606608940643], [5.1792747864985206e-05, 9.807449950298479e-05, 0.0001420661055092559, 6.954036774295869e-05, 0.00022743606608940643, 0.0002519145817342796]]</COVARIANCE_MATRIX>
		<ROI_SIZE>67</ROI_SIZE>
		<MAX_VALUE>[0.1181466355919838, 0.1179502084851265, 0.12185245752334595, 0.15794597566127777, 0.11890533566474915, 0.09931838512420654]</MAX_VALUE>
		<MIN_VALUE>[0.09411219507455826, 0.07962308079004288, 0.07681644707918167, 0.08958206325769424, 0.056767307221889496, 0.03239154815673828]</MIN_VALUE>
		<SIGNATURE_THRESHOLD_MD>0</SIGNATURE_THRESHOLD_MD>
		<SIGNATURE_THRESHOLD_ML>0</SIGNATURE_THRESHOLD_ML>
		<SIGNATURE_THRESHOLD_SAM>0</SIGNATURE_THRESHOLD_SAM>
	</signature>
	<signature ID="20211220_160800969306_438">
		<MACROCLASSID>1</MACROCLASSID>
		<MACROCLASSINFO>waterbody</MACROCLASSINFO>
		<CLASSID>13</CLASSID>
		<CLASSINFO>C 1</CLASSINFO>
		<VALUES>[0.10326119131259338, 0.005179705341288724, 0.09773604059947354, 0.008024539013939284, 0.10039036840427928, 0.010609288743473727, 0.12077099380602363, 0.01706928381164717, 0.08700623764222813, 0.018063541664321812, 0.06798368117963993, 0.01621052751556818]</VALUES>
		<LCS_MIN>[0.09411219507455826, 0.07962308079004288, 0.0800333023071289, 0.08958206325769424, 0.04900006204843521, 0.03239154815673828]</LCS_MIN>
		<LCS_MAX>[0.1213512122631073, 0.12491876631975174, 0.13471990823745728, 0.1539245843887329, 0.12149442732334137, 0.09931838512420654]</LCS_MAX>
		<WAVELENGTH>[0.485, 0.56, 0.66, 0.83, 1.65, 2.215]</WAVELENGTH>
		<MEAN_VALUE>[0.10326119131259338, 0.09773604059947354, 0.10039036840427928, 0.12077099380602363, 0.08700623764222813, 0.06798368117963993]</MEAN_VALUE>
		<CHECKBOX>2</CHECKBOX>
		<SD>[0.005179705341288724, 0.008024539013939284, 0.010609288743473727, 0.01706928381164717, 0.018063541664321812, 0.01621052751556818]</SD>
		<WAVELENGTH_UNIT>E-6m</WAVELENGTH_UNIT>
		<COLOR>#2a9e30</COLOR>
		<COVARIANCE_MATRIX>[[2.7035727018133224e-05, 3.729954194298154e-05, 4.9262706971806126e-05, 4.380168204013631e-05, 6.084914020847348e-05, 6.057288690089963e-05], [3.729954194298154e-05, 6.488855889689691e-05, 8.099960958352273e-05, 7.268323039004828e-05, 9.342641295078453e-05, 9.288960688287991e-05], [4.9262706971806126e-05, 8.099960958352273e-05, 0.00011342283077810917, 9.110176422097468e-05, 0.0001286329632544482, 0.0001277395137743136], [4.380168204013631e-05, 7.268323039004828e-05, 9.110176422097468e-05, 0.0002936016840721181, 0.0001986837047044547, 0.00014518848899266708], [6.084914020847348e-05, 9.342641295078453e-05, 0.0001286329632544482, 0.0001986837047044547, 0.0003288014723622184, 0.00027110392204630256], [6.057288690089963e-05, 9.288960688287991e-05, 0.0001277395137743136, 0.00014518848899266708, 0.00027110392204630256, 0.00026480259619709296]]</COVARIANCE_MATRIX>
		<ROI_SIZE>131</ROI_SIZE>
		<MAX_VALUE>[0.1213512122631073, 0.12491876631975174, 0.13471990823745728, 0.1539245843887329, 0.12149442732334137, 0.09931838512420654]</MAX_VALUE>
		<MIN_VALUE>[0.09411219507455826, 0.07962308079004288, 0.0800333023071289, 0.08958206325769424, 0.04900006204843521, 0.03239154815673828]</MIN_VALUE>
		<SIGNATURE_THRESHOLD_MD>0</SIGNATURE_THRESHOLD_MD>
		<SIGNATURE_THRESHOLD_ML>0</SIGNATURE_THRESHOLD_ML>
		<SIGNATURE_THRESHOLD_SAM>0</SIGNATURE_THRESHOLD_SAM>
	</signature>
	<signature ID="20211220_161022239517_968">
		<MACROCLASSID>2</MACROCLASSID>
		<MACROCLASSINFO>vegetation</MACROCLASSINFO>
		<CLASSID>14</CLASSID>
		<CLASSINFO>C 1</CLASSINFO>
		<VALUES>[0.08022324660701068, 0.0025649363316425366, 0.06435785626349426, 0.004004777084223409, 0.05050455118976368, 0.0048496310321242105, 0.16891018401480576, 0.024915551379871295, 0.07943050945887656, 0.013776111474066509, 0.03704341315568295, 0.0076497437238543875]</VALUES>
		<LCS_MIN>[0.07328236848115921, 0.05523308739066124, 0.03821413218975067, 0.10566768795251846, 0.04382188990712166, 0.021237075328826904]</LCS_MIN>
		<LCS_MAX>[0.09250990301370621, 0.07962308079004288, 0.0800333023071289, 0.20218148827552795, 0.1137271597981453, 0.07329127192497253]</LCS_MAX>
		<WAVELENGTH>[0.485, 0.56, 0.66, 0.83, 1.65, 2.215]</WAVELENGTH>
		<MEAN_VALUE>[0.08022324660701068, 0.06435785626349426, 0.05050455118976368, 0.16891018401480576, 0.07943050945887656, 0.03704341315568295]</MEAN_VALUE>
		<CHECKBOX>2</CHECKBOX>
		<SD>[0.0025649363316425366, 0.004004777084223409, 0.0048496310321242105, 0.024915551379871295, 0.013776111474066509, 0.0076497437238543875]</SD>
		<WAVELENGTH_UNIT>E-6m</WAVELENGTH_UNIT>
		<COLOR>#c060b7</COLOR>
		<COVARIANCE_MATRIX>[[6.608533062791497e-06, 6.543660204476898e-06, 8.387984011617336e-06, 3.236952654178702e-05, 2.418543838502519e-05, 1.3697527745604055e-05], [6.543660204476898e-06, 1.6110483816367442e-05, 1.4477759600643428e-05, 6.669766380681616e-05, 4.453810691883656e-05, 2.336271292550265e-05], [8.387984011617336e-06, 1.4477759600643428e-05, 2.3624862233993266e-05, 5.1340700852611535e-05, 4.772636151220709e-05, 2.7803168263203377e-05], [3.236952654178702e-05, 6.669766380681616e-05, 5.1340700852611535e-05, 0.0006235810280430205, 0.0002890885115419425, 0.00011095080568277649], [2.418543838502519e-05, 4.453810691883656e-05, 4.772636151220709e-05, 0.0002890885115419425, 0.00019063611782944688, 8.84960588292772e-05], [1.3697527745604055e-05, 2.336271292550265e-05, 2.7803168263203377e-05, 0.00011095080568277649, 8.84960588292772e-05, 5.878217624353543e-05]]</COVARIANCE_MATRIX>
		<ROI_SIZE>223</ROI_SIZE>
		<MAX_VALUE>[0.09250990301370621, 0.07962308079004288, 0.0800333023071289, 0.20218148827552795, 0.1137271597981453, 0.07329127192497253]</MAX_VALUE>
		<MIN_VALUE>[0.07328236848115921, 0.05523308739066124, 0.03821413218975067, 0.10566768795251846, 0.04382188990712166, 0.021237075328826904]</MIN_VALUE>
		<SIGNATURE_THRESHOLD_MD>0</SIGNATURE_THRESHOLD_MD>
		<SIGNATURE_THRESHOLD_ML>0</SIGNATURE_THRESHOLD_ML>
		<SIGNATURE_THRESHOLD_SAM>0</SIGNATURE_THRESHOLD_SAM>
	</signature>
	<signature ID="20211220_161030923891_985">
		<MACROCLASSID>2</MACROCLASSID>
		<MACROCLASSINFO>vegetation</MACROCLASSINFO>
		<CLASSID>15</CLASSID>
		<CLASSINFO>C 1</CLASSINFO>
		<VALUES>[0.09072553361442313, 0.004426746427279602, 0.08682455980084477, 0.00789935275654915, 0.07855819030739561, 0.013565476021957743, 0.2747657305615789, 0.022018880125952774, 0.16279862387813057, 0.020460488538311023, 0.08308872428130024, 0.015417731951296755]</VALUES>
		<LCS_MIN>[0.07808925211429596, 0.06917023658752441, 0.05108156427741051, 0.23033131659030914, 0.10337082296609879, 0.04354602098464966]</LCS_MIN>
		<LCS_MAX>[0.111737459897995, 0.11098162829875946, 0.11541874706745148, 0.3268451392650604, 0.2017560452222824, 0.11790917068719864]</LCS_MAX>
		<WAVELENGTH>[0.485, 0.56, 0.66, 0.83, 1.65, 2.215]</WAVELENGTH>
		<MEAN_VALUE>[0.09072553361442313, 0.08682455980084477, 0.07855819030739561, 0.2747657305615789, 0.16279862387813057, 0.08308872428130024]</MEAN_VALUE>
		<CHECKBOX>2</CHECKBOX>
		<SD>[0.004426746427279602, 0.00789935275654915, 0.013565476021957743, 0.022018880125952774, 0.020460488538311023, 0.015417731951296755]</SD>
		<WAVELENGTH_UNIT>E-6m</WAVELENGTH_UNIT>
		<COLOR>#9288bc</COLOR>
		<COVARIANCE_MATRIX>[[1.9622316975517577e-05, 3.0721977452152135e-05, 5.380694607179712e-05, 1.3889321652245856e-05, 7.262345607325307e-05, 5.7964645736966444e-05], [3.0721977452152135e-05, 6.248330780636642e-05, 9.832416576486496e-05, 4.371445694891445e-05, 0.00013935419363181862, 0.00010720051592213184], [5.380694607179712e-05, 9.832416576486496e-05, 0.00018426848794823105, 3.082488523534265e-05, 0.0002290113691680563, 0.00018621385880097197], [1.3889321652245856e-05, 4.371445694891445e-05, 3.082488523534265e-05, 0.00048548011959411873, 0.00019917180079618747, 6.682472742046101e-05], [7.262345607325307e-05, 0.00013935419363181862, 0.0002290113691680563, 0.00019917180079618747, 0.0004191920083498195, 0.0002900388045629563], [5.7964645736966444e-05, 0.00010720051592213184, 0.00018621385880097197, 6.682472742046101e-05, 0.0002900388045629563, 0.00023802467332594823]]</COVARIANCE_MATRIX>
		<ROI_SIZE>748</ROI_SIZE>
		<MAX_VALUE>[0.111737459897995, 0.11098162829875946, 0.11541874706745148, 0.3268451392650604, 0.2017560452222824, 0.11790917068719864]</MAX_VALUE>
		<MIN_VALUE>[0.07808925211429596, 0.06917023658752441, 0.05108156427741051, 0.23033131659030914, 0.10337082296609879, 0.04354602098464966]</MIN_VALUE>
		<SIGNATURE_THRESHOLD_MD>0</SIGNATURE_THRESHOLD_MD>
		<SIGNATURE_THRESHOLD_ML>0</SIGNATURE_THRESHOLD_ML>
		<SIGNATURE_THRESHOLD_SAM>0</SIGNATURE_THRESHOLD_SAM>
	</signature>
	<signature ID="20211220_161040435673_709">
		<MACROCLASSID>2</MACROCLASSID>
		<MACROCLASSINFO>vegetation</MACROCLASSINFO>
		<CLASSID>16</CLASSID>
		<CLASSINFO>C 1</CLASSINFO>
		<VALUES>[0.1001394528396789, 0.006709369007059854, 0.10361269132675491, 0.01075194017942528, 0.11002065581671983, 0.018202663632128267, 0.2653248296787029, 0.022522028404643506, 0.19163082432486506, 0.022313781012696945, 0.11499255224850097, 0.019686001199791622]</VALUES>
		<LCS_MIN>[0.08449842780828476, 0.07962308079004288, 0.06716586649417877, 0.2343527227640152, 0.13702893257141113, 0.062136806547641754]</LCS_MIN>
		<LCS_MAX>[0.11654434353113174, 0.12840305268764496, 0.14115361869335175, 0.3308665454387665, 0.23541411757469177, 0.15137261152267456]</LCS_MAX>
		<WAVELENGTH>[0.485, 0.56, 0.66, 0.83, 1.65, 2.215]</WAVELENGTH>
