<?xml version="1.0" ?>
<signaturelist MCID_LIST="[['1', 'waterbody', '#0000ff'], ['2', 'vegetation', '#00ff00'], ['3', 'bareland', '#ffaa00'], ['4', 'built-up', '#ff0000']]">
	<signature ID="20211220_160353002296_413">
		<MACROCLASSID>1</MACROCLASSID>
		<MACROCLASSINFO>waterbody</MACROCLASSINFO>
		<CLASSID>1</CLASSID>
		<CLASSINFO>C 1</CLASSINFO>
		<VALUES>[0.10424807655175083, 0.004162193495300973, 0.09125041459383582, 0.006564245466420845, 0.0858706355178624, 0.00837634115826984, 0.08382105615952708, 0.01585721382843359, 0.06283275230547017, 0.015791884259174337, 0.04774461354892913, 0.013844995130540157]</VALUES>
		<LCS_MIN>[0.0957144945859909, 0.07962308079004288, 0.07359958440065384, 0.05338939279317856, 0.03087647072970867, 0.021237075328826904]</LCS_MIN>
		<LCS_MAX>[0.11654434353113174, 0.11098162829875946, 0.10898502171039581, 0.11773190647363663, 0.0956035777926445, 0.08444575220346451]</LCS_MAX>
		<WAVELENGTH>[0.485, 0.56, 0.66, 0.83, 1.65, 2.215]</WAVELENGTH>
		<MEAN_VALUE>[0.10424807655175083, 0.09125041459383582, 0.0858706355178624, 0.08382105615952708, 0.06283275230547017, 0.04774461354892913]</MEAN_VALUE>
		<CHECKBOX>2</CHECKBOX>
		<SD>[0.004162193495300973, 0.006564245466420845, 0.00837634115826984, 0.01585721382843359, 0.015791884259174337, 0.013844995130540157]</SD>
		<WAVELENGTH_UNIT>E-6m</WAVELENGTH_UNIT>
		<COLOR>#2c3a45</COLOR>
		<COVARIANCE_MATRIX>[[1.742172935337294e-05, 2.3007949494058266e-05, 3.033652319572866e-05, 3.1893036066321656e-05, 3.6893874494126067e-05, 3.8152295019244775e-05], [2.3007949494058266e-05, 4.3332762288628146e-05, 5.073079955764115e-05, 5.4064279538579285e-05, 6.072366522857919e-05, 6.479366129497066e-05], [3.033652319572866e-05, 5.073079955764115e-05, 7.055949390633032e-05, 6.904656765982509e-05, 8.311351120937616e-05, 8.685180364409462e-05], [3.1893036066321656e-05, 5.4064279538579285e-05, 6.904656765982509e-05, 0.0002528718614485115, 0.00017084632418118417, 0.00012257018534000963], [3.6893874494126067e-05, 6.072366522857919e-05, 8.311351120937616e-05, 0.00017084632418118417, 0.0002507925673853606, 0.00019574776524677873], [3.8152295019244775e-05, 6.479366129497066e-05, 8.685180364409462e-05, 0.00012257018534000963, 0.00019574776524677873, 0.00019276684906799346]]</COVARIANCE_MATRIX>
		<ROI_SIZE>178</ROI_SIZE>
		<MAX_VALUE>[0.11654434353113174, 0.11098162829875946, 0.10898502171039581, 0.11773190647363663, 0.0956035777926445, 0.08444575220346451]</MAX_VALUE>
		<MIN_VALUE>[0.0957144945859909, 0.07962308079004288, 0.07359958440065384, 0.05338939279317856, 0.03087647072970867, 0.021237075328826904]</MIN_VALUE>
		<SIGNATURE_THRESHOLD_MD>0.0</SIGNATURE_THRESHOLD_MD>
		<SIGNATURE_THRESHOLD_ML>0.0</SIGNATURE_THRESHOLD_ML>
		<SIGNATURE_THRESHOLD_SAM>0.0</SIGNATURE_THRESHOLD_SAM>
	</signature>
	<signature ID="20211220_160358705327_481">
		<MACROCLASSID>1</MACROCLASSID>
		<MACROCLASSINFO>waterbody</MACROCLASSINFO>
		<CLASSID>2</CLASSID>
		<CLASSINFO>C 1</CLASSINFO>
		<VALUES>[0.10422324457730371, 0.0046114370281090285, 0.09095701986345753, 0.006366191229617801, 0.08387874178160197, 0.009392475364310551, 0.0758075849848917, 0.0157662015997439, 0.05245217229186117, 0.017096101471922982, 0.04217842193427444, 0.015033255576524586]</VALUES>
		<LCS_MIN>[0.09411219507455826, 0.07962308079004288, 0.06716586649417877, 0.049367982894182205, 0.017931047827005386, 0.021237075328826904]</LCS_MIN>
		<LCS_MAX>[0.1149420440196991, 0.10749735683202744, 0.10576816648244858, 0.11371050775051117, 0.09042540937662125, 0.08072759956121445]</LCS_MAX>
		<WAVELENGTH>[0.485, 0.56, 0.66, 0.83, 1.65, 2.215]</WAVELENGTH>
		<MEAN_VALUE>[0.10422324457730371, 0.09095701986345753, 0.08387874178160197, 0.0758075849848917, 0.05245217229186117, 0.04217842193427444]</MEAN_VALUE>
		<CHECKBOX>2</CHECKBOX>
		<SD>[0.0046114370281090285, 0.006366191229617801, 0.009392475364310551, 0.0157662015997439, 0.017096101471922982, 0.015033255576524586]</SD>
		<WAVELENGTH_UNIT>E-6m</WAVELENGTH_UNIT>
		<COLOR>#2d2fcf</COLOR>
		<COVARIANCE_MATRIX>[[2.1512623789021745e-05, 2.3770764528308064e-05, 3.618383561843075e-05, 5.832720489706844e-05, 6.69544970151037e-05, 5.596882328973152e-05], [2.3770764528308064e-05, 4.099965008208528e-05, 5.4960637498879805e-05, 8.526888996129856e-05, 9.542090265313163e-05, 8.105864253593609e-05], [3.618383561843075e-05, 5.4960637498879805e-05, 8.924439316615462e-05, 0.00012714123295154423, 0.00014907759032212198, 0.00012242460798006505], [5.832720489706844e-05, 8.526888996129856e-05, 0.00012714123295154423, 0.0002514634979888797, 0.00024568531080149114, 0.00020087981829419732], [6.69544970151037e-05, 9.542090265313163e-05, 0.00014907759032212198, 0.00024568531080149114, 0.0002956752432510257, 0.00023290458193514496], [5.596882328973152e-05, 8.105864253593609e-05, 0.00012242460798006505, 0.00020087981829419732, 0.00023290458193514496, 0.0002286266681039706]]</COVARIANCE_MATRIX>
		<ROI_SIZE>87</ROI_SIZE>
		<MAX_VALUE>[0.1149420440196991, 0.10749735683202744, 0.10576816648244858, 0.11371050775051117, 0.09042540937662125, 0.08072759956121445]</MAX_VALUE>
		<MIN_VALUE>[0.09411219507455826, 0.07962308079004288, 0.06716586649417877, 0.049367982894182205, 0.017931047827005386, 0.021237075328826904]</MIN_VALUE>
		<SIGNATURE_THRESHOLD_MD>0.0</SIGNATURE_THRESHOLD_MD>
		<SIGNATURE_THRESHOLD_ML>0.0</SIGNATURE_THRESHOLD_ML>
		<SIGNATURE_THRESHOLD_SAM>0.0</SIGNATURE_THRESHOLD_SAM>
	</signature>
	<signature ID="20211220_160422051274_470">
		<MACROCLASSID>1</MACROCLASSID>
		<MACROCLASSINFO>waterbody</MACROCLASSINFO>
		<CLASSID>3</CLASSID>
		<CLASSINFO>C 1</CLASSINFO>
		<VALUES>[0.1051076697050661, 0.004686132599024357, 0.09191907218832901, 0.006336349624728095, 0.08618729243027991, 0.008246803768295799, 0.08220948157427103, 0.014831666303686132, 0.06057589283833899, 0.01560063180482441, 0.04917714223805547, 0.013302751684278994]</VALUES>
		<LCS_MIN>[0.09731679409742355, 0.07962308079004288, 0.07038272172212601, 0.049367982894182205, 0.025698300451040268, 0.021237075328826904]</LCS_MIN>
		<LCS_MAX>[0.11974892765283585, 0.11098162829875946, 0.11220189183950424, 0.11371050775051117, 0.09042540937662125, 0.08072759956121445]</LCS_MAX>
		<WAVELENGTH>[0.485, 0.56, 0.66, 0.83, 1.65, 2.215]</WAVELENGTH>
		<MEAN_VALUE>[0.1051076697050661, 0.09191907218832901, 0.08618729243027991, 0.08220948157427103, 0.06057589283833899, 0.04917714223805547]</MEAN_VALUE>
		<CHECKBOX>2</CHECKBOX>
		<SD>[0.004686132599024357, 0.006336349624728095, 0.008246803768295799, 0.014831666303686132, 0.01560063180482441, 0.013302751684278994]</SD>
		<WAVELENGTH_UNIT>E-6m</WAVELENGTH_UNIT>
		<COLOR>#ab011b</COLOR>
		<COVARIANCE_MATRIX>[[2.212012987001799e-05, 2.3963490093592554e-05, 3.0788731237407774e-05, 3.462390668573789e-05, 4.666125823860057e-05, 4.3998079490847886e-05], [2.3963490093592554e-05, 4.044238812639378e-05, 4.690757850767113e-05, 5.654121923726052e-05, 6.002760710543953e-05, 5.583389429375529e-05], [3.0788731237407774e-05, 4.690757850767113e-05, 6.850619683973491e-05, 7.922302756924182e-05, 8.624492329545319e-05, 7.824047497706488e-05], [3.462390668573789e-05, 5.654121923726052e-05, 7.922302756924182e-05, 0.00022158400679472834, 0.00017427669081371278, 0.00012520214659161866], [4.666125823860057e-05, 6.002760710543953e-05, 8.624492329545319e-05, 0.00017427669081371278, 0.0002451562031637877, 0.00018456119869370013], [4.3998079490847886e-05, 5.583389429375529e-05, 7.824047497706488e-05, 0.00012520214659161866, 0.00018456119869370013, 0.00017825490795075893]]</COVARIANCE_MATRIX>
		<ROI_SIZE>138</ROI_SIZE>
		<MAX_VALUE>[0.11974892765283585, 0.11098162829875946, 0.11220189183950424, 0.11371050775051117, 0.09042540937662125, 0.08072759956121445]</MAX_VALUE>
		<MIN_VALUE>[0.09731679409742355, 0.07962308079004288, 0.07038272172212601, 0.049367982894182205, 0.025698300451040268, 0.021237075328826904]</MIN_VALUE>
		<SIGNATURE_THRESHOLD_MD>0.0</SIGNATURE_THRESHOLD_MD>
		<SIGNATURE_THRESHOLD_ML>0.0</SIGNATURE_THRESHOLD_ML>
		<SIGNATURE_THRESHOLD_SAM>0.0</SIGNATURE_THRESHOLD_SAM>
	</signature>
	<signature ID="20211220_160434723463_653">
		<MACROCLASSID>1</MACROCLASSID>
		<MACROCLASSINFO>waterbody</MACROCLASSINFO>
		<CLASSID>4</CLASSID>
		<CLASSINFO>C 1</CLASSINFO>
		<VALUES>[0.10232397301920823, 0.002658184208267319, 0.08945374363767249, 0.004422391082536182, 0.08302038508866515, 0.006980792575896621, 0.08053389464371973, 0.014643074644417373, 0.05672107876411506, 0.013323555399123254, 0.04480753779145223, 0.012236812978871612]</VALUES>
		<LCS_MIN>[0.09731679409742355, 0.0831073671579361, 0.07359958440065384, 0.05338939279317856, 0.03605463728308678, 0.028673391789197922]</LCS_MIN>
		<LCS_MAX>[0.1085328683257103, 0.10401307046413422, 0.10576816648244858, 0.10968910157680511, 0.08783633261919022, 0.07329127192497253]</LCS_MAX>
		<WAVELENGTH>[0.485, 0.56, 0.66, 0.83, 1.65, 2.215]</WAVELENGTH>
		<MEAN_VALUE>[0.10232397301920823, 0.08945374363767249, 0.08302038508866515, 0.08053389464371973, 0.05672107876411506, 0.04480753779145223]</MEAN_VALUE>
		<CHECKBOX>2</CHECKBOX>
		<SD>[0.002658184208267319, 0.004422391082536182, 0.006980792575896621, 0.014643074644417373, 0.013323555399123254, 0.012236812978871612]</SD>
		<WAVELENGTH_UNIT>E-6m</WAVELENGTH_UNIT>
		<COLOR>#8e8dd1</COLOR>
		<COVARIANCE_MATRIX>[[7.1944150477065705e-06, 8.856428394210525e-06, 1.4666484275949188e-05, 2.7501953809405677e-05, 2.723852412600536e-05, 2.4114677216857672e-05], [8.856428394210525e-06, 1.9913135474780574e-05, 2.7977444915450178e-05, 4.471013744478114e-05, 4.7536530473735183e-05, 4.366882785689086e-05], [1.4666484275949188e-05, 2.7977444915450178e-05, 4.9617490731179714e-05, 6.915039557497948e-05, 7.388761878246441e-05, 6.640565698035061e-05], [2.7501953809405677e-05, 4.471013744478114e-05, 6.915039557497948e-05, 0.00021831817866768688, 0.0001688125339569524, 0.00013830808165948838], [2.723852412600536e-05, 4.7536530473735183e-05, 7.388761878246441e-05, 0.0001688125339569524, 0.00018074471154250205, 0.00015075979172252119], [2.4114677216857672e-05, 4.366882785689086e-05, 6.640565698035061e-05, 0.00013830808165948838, 0.00015075979172252119, 0.00015246213297359645]]</COVARIANCE_MATRIX>
		<ROI_SIZE>56</ROI_SIZE>
		<MAX_VALUE>[0.1085328683257103, 0.10401307046413422, 0.10576816648244858, 0.10968910157680511, 0.08783633261919022, 0.07329127192497253]</MAX_VALUE>
		<MIN_VALUE>[0.09731679409742355, 0.0831073671579361, 0.07359958440065384, 0.05338939279317856, 0.03605463728308678, 0.028673391789197922]</MIN_VALUE>
		<SIGNATURE_THRESHOLD_MD>0.0</SIGNATURE_THRESHOLD_MD>
		<SIGNATURE_THRESHOLD_ML>0.0</SIGNATURE_THRESHOLD_ML>
		<SIGNATURE_THRESHOLD_SAM>0.0</SIGNATURE_THRESHOLD_SAM>
	</signature>
	<signature ID="20211220_160443694760_965">
		<MACROCLASSID>1</MACROCLASSID>
		<MACROCLASSINFO>waterbody</MACROCLASSINFO>
		<CLASSID>5</CLASSID>
		<CLASSINFO>C 1</CLASSINFO>
		<VALUES>[0.10246703325181591, 0.005031882760104709, 0.09156920114646151, 0.007964076288995182, 0.08758307248353958, 0.009684457579017595, 0.08597100107949604, 0.015622342135611615, 0.06437605100550822, 0.017331900406049778, 0.05158938110178829, 0.015455851574397987]</VALUES>
		<LCS_MIN>[0.09250990301370621, 0.07613880932331085, 0.07038272172212601, 0.05338939279317856, 0.03087647072970867, 0.017518918961286545]</LCS_MIN>
		<LCS_MAX>[0.11654434353113174, 0.11446591466665268, 0.11541874706745148, 0.11773190647363663, 0.09819266200065613, 0.08444575220346451]</LCS_MAX>
		<WAVELENGTH>[0.485, 0.56, 0.66, 0.83, 1.65, 2.215]</WAVELENGTH>
		<MEAN_VALUE>[0.10246703325181591, 0.09156920114646151, 0.08758307248353958, 0.08597100107949604, 0.06437605100550822, 0.05158938110178829]</MEAN_VALUE>
		<CHECKBOX>2</CHECKBOX>
		<SD>[0.005031882760104709, 0.007964076288995182, 0.009684457579017595, 0.015622342135611615, 0.017331900406049778, 0.015455851574397987]</SD>
		<WAVELENGTH_UNIT>E-6m</WAVELENGTH_UNIT>
		<COLOR>#a1d238</COLOR>
		<COVARIANCE_MATRIX>[[2.558087362558581e-05, 3.7180634535616264e-05, 4.477990296436474e-05, 5.359762872103602e-05, 5.1119772251695395e-05, 4.708161577582359e-05], [3.7180634535616264e-05, 6.408039189409465e-05, 7.33088527340442e-05, 8.749588596401736e-05, 8.208009967347607e-05, 7.561284292023629e-05], [4.477990296436474e-05, 7.33088527340442e-05, 9.475561091676354e-05, 0.0001178311140392907, 0.00011197248386451975, 9.98108007479459e-05], [5.359762872103602e-05, 8.749588596401736e-05, 0.0001178311140392907, 0.00024657361791469157, 0.0001883361692307517, 0.00015389500185847282], [5.1119772251695395e-05, 8.208009967347607e-05, 0.00011197248386451975, 0.0001883361692307517, 0.0003034916298929602, 0.00025743572041392326], [4.708161577582359e-05, 7.561284292023629e-05, 9.98108007479459e-05, 0.00015389500185847282, 0.00025743572041392326, 0.0002413460606476292]]</COVARIANCE_MATRIX>
		<ROI_SIZE>98</ROI_SIZE>
		<MAX_VALUE>[0.11654434353113174, 0.11446591466665268, 0.11541874706745148, 0.11773190647363663, 0.09819266200065613, 0.08444575220346451]</MAX_VALUE>
		<MIN_VALUE>[0.09250990301370621, 0.07613880932331085, 0.07038272172212601, 0.05338939279317856, 0.03087647072970867, 0.017518918961286545]</MIN_VALUE>
		<SIGNATURE_THRESHOLD_MD>0.0</SIGNATURE_THRESHOLD_MD>
		<SIGNATURE_THRESHOLD_ML>0.0</SIGNATURE_THRESHOLD_ML>
		<SIGNATURE_THRESHOLD_SAM>0.0</SIGNATURE_THRESHOLD_SAM>
	</signature>
	<signature ID="20211220_160506123787_304">
		<MACROCLASSID>1</MACROCLASSID>
		<MACROCLASSINFO>waterbody</MACROCLASSINFO>
		<CLASSID>6</CLASSID>
		<CLASSINFO>C 1</CLASSINFO>
		<VALUES>[0.10220248606361328, 0.004375352252087395, 0.0922464741790881, 0.006376939897001088, 0.08899831893991253, 0.0091194112930543, 0.08654952513389899, 0.015268083087991649, 0.06627476899350275, 0.016632636066558973, 0.053664283735341704, 0.015588823962946073]</VALUES>
		<LCS_MIN>[0.09411219507455826, 0.0831073671579361, 0.07681644707918167, 0.06545361876487732, 0.03605463728308678, 0.028673391789197922]</LCS_MIN>
		<LCS_MAX>[0.1149420440196991, 0.11098162829875946, 0.11541874706745148, 0.11773190647363663, 0.10337082296609879, 0.08816390484571457]</LCS_MAX>
		<WAVELENGTH>[0.485, 0.56, 0.66, 0.83, 1.65, 2.215]</WAVELENGTH>
		<MEAN_VALUE>[0.10220248606361328, 0.0922464741790881, 0.08899831893991253, 0.08654952513389899, 0.06627476899350275, 0.053664283735341704]</MEAN_VALUE>
		<CHECKBOX>2</CHECKBOX>
		<SD>[0.004375352252087395, 0.006376939897001088, 0.0091194112930543, 0.015268083087991649, 0.016632636066558973, 0.015588823962946073]</SD>
		<WAVELENGTH_UNIT>E-6m</WAVELENGTH_UNIT>
		<COLOR>#dbd577</COLOR>
		<COVARIANCE_MATRIX>[[1.946276825037785e-05, 2.5414175979676656e-05, 3.519047095323913e-05, 4.201818956062198e-05, 5.164742105989717e-05, 5.201331805437803e-05], [2.5414175979676656e-05, 4.1343118937220424e-05, 5.475295984069817e-05, 7.39481984055601e-05, 8.276246080640703e-05, 8.001728565432131e-05], [3.519047095323913e-05, 5.475295984069817e-05, 8.454971975879744e-05, 0.00010590446618152782, 0.00012031358346575871, 0.00011928434832952917], [4.201818956062198e-05, 7.39481984055601e-05, 0.00010590446618152782, 0.00023699960729572922, 0.00020735339785460383, 0.00015878771955613047], [5.164742105989717e-05, 8.276246080640703e-05, 0.00012031358346575871, 0.00020735339785460383, 0.0002812553138937801, 0.00023848774435464293], [5.201331805437803e-05, 8.001728565432131e-05, 0.00011928434832952917, 0.00015878771955613047, 0.00023848774435464293, 0.0002470616309437901]]</COVARIANCE_MATRIX>
		<ROI_SIZE>61</ROI_SIZE>
		<MAX_VALUE>[0.1149420440196991, 0.11098162829875946, 0.11541874706745148, 0.11773190647363663, 0.10337082296609879, 0.08816390484571457]</MAX_VALUE>
		<MIN_VALUE>[0.09411219507455826, 0.0831073671579361, 0.07681644707918167, 0.06545361876487732, 0.03605463728308678, 0.028673391789197922]</MIN_VALUE>
		<SIGNATURE_THRESHOLD_MD>0.0</SIGNATURE_THRESHOLD_MD>
		<SIGNATURE_THRESHOLD_ML>0.0</SIGNATURE_THRESHOLD_ML>
		<SIGNATURE_THRESHOLD_SAM>0.0</SIGNATURE_THRESHOLD_SAM>
	</signature>
	<signature ID="20211220_160518996477_714">
		<MACROCLASSID>1</MACROCLASSID>
		<MACROCLASSINFO>waterbody</MACROCLASSINFO>
		<CLASSID>7</CLASSID>
		<CLASSINFO>C 1</CLASSINFO>
		<VALUES>[0.1057956110065182, 0.005895909124155839, 0.09864146634936331, 0.007854408723353135, 0.09625162991384667, 0.011981777161686517, 0.10281919377545513, 0.018445916566816354, 0.08535511838272214, 0.019062166403409343, 0.06802388839423656, 0.016866009389183916]</VALUES>
		<LCS_MIN>[0.09731679409742355, 0.08659165352582932, 0.07681644707918167, 0.06947503238916397, 0.04382188990712166, 0.03239154815673828]</LCS_MIN>
		<LCS_MAX>[0.11654434353113174, 0.11446591466665268, 0.11863559484481812, 0.1297961324453354, 0.11890533566474915, 0.09931838512420654]</LCS_MAX>
		<WAVELENGTH>[0.485, 0.56, 0.66, 0.83, 1.65, 2.215]</WAVELENGTH>
		<MEAN_VALUE>[0.1057956110065182, 0.09864146634936331, 0.09625162991384667, 0.10281919377545513, 0.08535511838272214, 0.06802388839423656]</MEAN_VALUE>
		<CHECKBOX>2</CHECKBOX>
		<SD>[0.005895909124155839, 0.007854408723353135, 0.011981777161686517, 0.018445916566816354, 0.019062166403409343, 0.016866009389183916]</SD>
		<WAVELENGTH_UNIT>E-6m</WAVELENGTH_UNIT>
		<COLOR>#702447</COLOR>
		<COVARIANCE_MATRIX>[[3.627312617027201e-05, 4.3155836465302855e-05, 6.761358235962689e-05, 4.761408126796596e-05, 6.253531319089234e-05, 8.2866579759866e-05], [4.3155836465302855e-05, 6.437398405978456e-05, 9.334278001915663e-05, 7.785134221194312e-05, 9.238458733307198e-05, 0.00011354497110005468], [6.761358235962689e-05, 9.334278001915663e-05, 0.00014980485138949007, 0.00014213523536454886, 0.00015135033754631877, 0.00018534883565735072], [4.761408126796596e-05, 7.785134221194312e-05, 0.00014213523536454886, 0.0003550453984644264, 0.00028913389542140067, 0.00021577793813776225], [6.253531319089234e-05, 9.238458733307198e-05, 0.00015135033754631877, 0.00028913389542140067, 0.00037916473229415715, 0.0002697198069654405], [8.2866579759866e-05, 0.00011354497110005468, 0.00018534883565735072, 0.00021577793813776225, 0.0002697198069654405, 0.0002968301996588707]]</COVARIANCE_MATRIX>
		<ROI_SIZE>24</ROI_SIZE>
		<MAX_VALUE>[0.11654434353113174, 0.11446591466665268, 0.11863559484481812, 0.1297961324453354, 0.11890533566474915, 0.09931838512420654]</MAX_VALUE>
		<MIN_VALUE>[0.09731679409742355, 0.08659165352582932, 0.07681644707918167, 0.06947503238916397, 0.04382188990712166, 0.03239154815673828]</MIN_VALUE>
		<SIGNATURE_THRESHOLD_MD>0.0</SIGNATURE_THRESHOLD_MD>
		<SIGNATURE_THRESHOLD_ML>0.0</SIGNATURE_THRESHOLD_ML>
		<SIGNATURE_THRESHOLD_SAM>0.0</SIGNATURE_THRESHOLD_SAM>
	</signature>
	<signature ID="20211220_160543450476_698">
		<MACROCLASSID>1</MACROCLASSID>
		<MACROCLASSINFO>waterbody</MACROCLASSINFO>
		<CLASSID>8</CLASSID>
		<CLASSINFO>C 1</CLASSINFO>
		<VALUES>[0.10137842855481216, 0.0045101713793418785, 0.0916155034372973, 0.007450341566622983, 0.08998311813487563, 0.01087717096785835, 0.08892741366181264, 0.017856899292315476, 0.0727835085329621, 0.020002467634213945, 0.06058036925834276, 0.016824789174854877]</VALUES>
		<LCS_MIN>[0.09411219507455826, 0.07962308079004288, 0.07038272172212601, 0.06143220514059067, 0.038643728941679, 0.03239154815673828]</LCS_MIN>
		<LCS_MAX>[0.11013515293598175, 0.10749735683202744, 0.11220189183950424, 0.12577472627162933, 0.1137271597981453, 0.08816390484571457]</LCS_MAX>
		<WAVELENGTH>[0.485, 0.56, 0.66, 0.83, 1.65, 2.215]</WAVELENGTH>
		<MEAN_VALUE>[0.10137842855481216, 0.0916155034372973, 0.08998311813487563, 0.08892741366181264, 0.0727835085329621, 0.06058036925834276]</MEAN_VALUE>
		<CHECKBOX>2</CHECKBOX>
		<SD>[0.0045101713793418785, 0.007450341566622983, 0.01087717096785835, 0.017856899292315476, 0.020002467634213945, 0.016824789174854877]</SD>
		<WAVELENGTH_UNIT>E-6m</WAVELENGTH_UNIT>
		<COLOR>#0a18cf</COLOR>
		<COVARIANCE_MATRIX>[[2.0825971660087816e-05, 3.094990461249836e-05, 4.661754428525455e-05, 6.746392318746075e-05, 7.207695307442918e-05, 5.7111697969958186e-05], [3.094990461249836e-05, 5.682919800165109e-05, 7.878805627115071e-05, 0.00012280042574275285, 0.00011909256863873452, 9.097992005990818e-05], [4.661754428525455e-05, 7.878805627115071e-05, 0.00012112982221879065, 0.00017699661839287728, 0.00017217753338627517, 0.00013403892808128148], [6.746392318746075e-05, 0.00012280042574275285, 0.00017699661839287728, 0.00032646095496602356, 0.00031094043515622616, 0.00023178434639703482], [7.207695307442918e-05, 0.00011909256863873452, 0.00017217753338627517, 0.00031094043515622616, 0.00040962485945783556, 0.000316154066240415], [5.7111697969958186e-05, 9.097992005990818e-05, 0.00013403892808128148, 0.00023178434639703482, 0.000316154066240415, 0.00028981338255107403]]</COVARIANCE_MATRIX>
		<ROI_SIZE>43</ROI_SIZE>
		<MAX_VALUE>[0.11013515293598175, 0.10749735683202744, 0.11220189183950424, 0.12577472627162933, 0.1137271597981453, 0.08816390484571457]</MAX_VALUE>
		<MIN_VALUE>[0.09411219507455826, 0.07962308079004288, 0.07038272172212601, 0.06143220514059067, 0.038643728941679, 0.03239154815673828]</MIN_VALUE>
		<SIGNATURE_THRESHOLD_MD>0.0</SIGNATURE_THRESHOLD_MD>
		<SIGNATURE_THRESHOLD_ML>0.0</SIGNATURE_THRESHOLD_ML>
		<SIGNATURE_THRESHOLD_SAM>0.0</SIGNATURE_THRESHOLD_SAM>
	</signature>
	<signature ID="20211220_160555693265_938">
		<MACROCLASSID>1</MACROCLASSID>
		<MACROCLASSINFO>waterbody</MACROCLASSINFO>
		<CLASSID>9</CLASSID>
		<CLASSINFO>C 1</CLASSINFO>
		<VALUES>[0.1049563138346587, 0.006308179626967137, 0.09760447697980063, 0.010110786469629084, 0.09749624705208203, 0.013107282956798033, 0.09697857825085524, 0.0212762578748779, 0.08668048427041085, 0.023607563861182786, 0.07508396270817944, 0.020773146341370723]</VALUES>
		<LCS_MIN>[0.09411219507455826, 0.07962308079004288, 0.07359958440065384, 0.05338939279317856, 0.04123280569911003, 0.03239154815673828]</LCS_MIN>
		<LCS_MAX>[0.1181466355919838, 0.12143448740243912, 0.12506932020187378, 0.1378389447927475, 0.13185076415538788, 0.11790917068719864]</LCS_MAX>
		<WAVELENGTH>[0.485, 0.56, 0.66, 0.83, 1.65, 2.215]</WAVELENGTH>
		<MEAN_VALUE>[0.1049563138346587, 0.09760447697980063, 0.09749624705208203, 0.09697857825085524, 0.08668048427041085, 0.07508396270817944]</MEAN_VALUE>
		<CHECKBOX>2</CHECKBOX>
		<SD>[0.006308179626967137, 0.010110786469629084, 0.013107282956798033, 0.0212762578748779, 0.023607563861182786, 0.020773146341370723]</SD>
		<WAVELENGTH_UNIT>E-6m</WAVELENGTH_UNIT>
		<COLOR>#831e3e</COLOR>
		<COVARIANCE_MATRIX>[[4.051664291182533e-05, 5.959331610938534e-05, 7.839980389690027e-05, 0.00011608941713348031, 0.0001240166457137093, 0.00010780721640912816], [5.959331610938534e-05, 0.00010408669186290354, 0.00012902813614346087, 0.00018506846390664577, 0.0001932185550685972, 0.0001723408786347136], [7.839980389690027e-05, 0.00012902813614346087, 0.0001749245129758492, 0.0002530474157538265, 0.0002631442039273679, 0.0002319149934919551], [0.00011608941713348031, 0.00018506846390664577, 0.0002530474157538265, 0.0004609096795320511, 0.0004346403875388205, 0.00037199488724581897], [0.0001240166457137093, 0.0001932185550685972, 0.0002631442039273679, 0.0004346403875388205, 0.0005674501298926771, 0.0004785400815308094], [0.00010780721640912816, 0.0001723408786347136, 0.0002319149934919551, 0.00037199488724581897, 0.0004785400815308094, 0.0004393694980535656]]</COVARIANCE_MATRIX>
		<ROI_SIZE>56</ROI_SIZE>
		<MAX_VALUE>[0.1181466355919838, 0.12143448740243912, 0.12506932020187378, 0.1378389447927475, 0.13185076415538788, 0.11790917068719864]</MAX_VALUE>
		<MIN_VALUE>[0.09411219507455826, 0.07962308079004288, 0.07359958440065384, 0.05338939279317856, 0.04123280569911003, 0.03239154815673828]</MIN_VALUE>
		<SIGNATURE_THRESHOLD_MD>0.0</SIGNATURE_THRESHOLD_MD>
		<SIGNATURE_THRESHOLD_ML>0.0</SIGNATURE_THRESHOLD_ML>
		<SIGNATURE_THRESHOLD_SAM>0.0</SIGNATURE_THRESHOLD_SAM>
	</signature>
	<signature ID="20211220_160609846022_192">
		<MACROCLASSID>1</MACROCLASSID>
		<MACROCLASSINFO>waterbody</MACROCLASSINFO>
		<CLASSID>10</CLASSID>
		<CLASSINFO>C 1</CLASSINFO>
		<VALUES>[0.10697912458669058, 0.0064150635064978085, 0.09878664554068539, 0.009989444862425086, 0.09850586725003788, 0.012475320838006792, 0.09707650237462741, 0.018320206310294546, 0.08681638070353953, 0.021491803768286227, 0.07165754326816762, 0.018078148745204005]</VALUES>
		<LCS_MIN>[0.09411219507455826, 0.07613880932331085, 0.07359958440065384, 0.06143220514059067, 0.04900006204843521, 0.03239154815673828]</LCS_MIN>
		<LCS_MAX>[0.12295351922512054, 0.1179502084851265, 0.12506932020187378, 0.12577472627162933, 0.12667258083820343, 0.10675469785928726]</LCS_MAX>
		<WAVELENGTH>[0.485, 0.56, 0.66, 0.83, 1.65, 2.215]</WAVELENGTH>
		<MEAN_VALUE>[0.10697912458669058, 0.09878664554068539, 0.09850586725003788, 0.09707650237462741, 0.08681638070353953, 0.07165754326816762]</MEAN_VALUE>
		<CHECKBOX>2</CHECKBOX>
		<SD>[0.0064150635064978085, 0.009989444862425086, 0.012475320838006792, 0.018320206310294546, 0.021491803768286227, 0.018078148745204005]</SD>
		<WAVELENGTH_UNIT>E-6m</WAVELENGTH_UNIT>
		<COLOR>#678b9b</COLOR>
		<COVARIANCE_MATRIX>[[4.1786162910284474e-05, 6.081012179492973e-05, 7.473937148461118e-05, 0.0001027262260322459, 0.00010293253581039608, 9.054421389009804e-05], [6.081012179492973e-05, 0.0001013242217595689, 0.00012182717182440683, 0.00017234418191947043, 0.0001675149251241237, 0.00014499761164188385], [7.473937148461118e-05, 0.00012182717182440683, 0.0001580279931658879, 0.00021746548009105027, 0.00021389465837273747, 0.00018484571774024516], [0.0001027262260322459, 0.00017234418191947043, 0.00021746548009105027, 0.00034079348552040756, 0.00032860395731404424, 0.0002843327820301056], [0.00010293253581039608, 0.0001675149251241237, 0.00021389465837273747, 0.00032860395731404424, 0.0004690037458203733, 0.0003706362040247768], [9.054421389009804e-05, 0.00014499761164188385, 0.00018484571774024516, 0.0002843327820301056, 0.0003706362040247768, 0.0003318474628031254]]</COVARIANCE_MATRIX>
		<ROI_SIZE>66</ROI_SIZE>
		<MAX_VALUE>[0.12295351922512054, 0.1179502084851265, 0.12506932020187378, 0.12577472627162933, 0.12667258083820343, 0.10675469785928726]</MAX_VALUE>
		<MIN_VALUE>[0.09411219507455826, 0.07613880932331085, 0.07359958440065384, 0.06143220514059067, 0.04900006204843521, 0.03239154815673828]</MIN_VALUE>
		<SIGNATURE_THRESHOLD_MD>0.0</SIGNATURE_THRESHOLD_MD>
		<SIGNATURE_THRESHOLD_ML>0.0</SIGNATURE_THRESHOLD_ML>
		<SIGNATURE_THRESHOLD_SAM>0.0</SIGNATURE_THRESHOLD_SAM>
	</signature>
	<signature ID="20211220_160737940107_392">
		<MACROCLASSID>1</MACROCLASSID>
		<MACROCLASSINFO>waterbody</MACROCLASSINFO>
		<CLASSID>11</CLASSID>
		<CLASSINFO>C 1</CLASSINFO>
		<VALUES>[0.0970729665587778, 0.006983984734280865, 0.08681888781164004, 0.010687603451206942, 0.08422920399385948, 0.015337858287252173, 0.09001917311030885, 0.02334688487751095, 0.07207667981476887, 0.02244698052971831, 0.05664040038929039, 0.017911351902644403]</VALUES>
		<LCS_MIN>[0.086100734770298, 0.06917023658752441, 0.060732144862413406, 0.05338939279317856, 0.038643728941679, 0.024955229833722115]</LCS_MIN>
		<LCS_MAX>[0.111737459897995, 0.11098162829875946, 0.11863559484481812, 0.12577472627162933, 0.1137271597981453, 0.08816390484571457]</LCS_MAX>
		<WAVELENGTH>[0.485, 0.56, 0.66, 0.83, 1.65, 2.215]</WAVELENGTH>
		<MEAN_VALUE>[0.0970729665587778, 0.08681888781164004, 0.08422920399385948, 0.09001917311030885, 0.07207667981476887, 0.05664040038929039]</MEAN_VALUE>
		<CHECKBOX>2</CHECKBOX>
		<SD>[0.006983984734280865, 0.010687603451206942, 0.015337858287252173, 0.02334688487751095, 0.02244698052971831, 0.017911351902644403]</SD>
		<WAVELENGTH_UNIT>E-6m</WAVELENGTH_UNIT>
		<COLOR>#deae99</COLOR>
		<COVARIANCE_MATRIX>[[4.985995474271476e-05, 7.213746721390635e-05, 0.00010195670620305464, 0.00014931139594409615, 0.0001439422048861161, 0.00011486920266179368], [7.213746721390635e-05, 0.00011676319991238415, 0.00016167236026376486, 0.00023404989042319357, 0.0002227733057225123, 0.00017372368893120438], [0.00010195670620305464, 0.00016167236026376486, 0.0002404776751063764, 0.0003267071442678571, 0.0003187525144312531, 0.00024046380713116378], [0.00014931139594409615, 0.00023404989042319357, 0.0003267071442678571, 0.0005571898655034602, 0.00047557108337059617, 0.00036429977626539767], [0.0001439422048861161, 0.0002227733057225123, 0.0003187525144312531, 0.00047557108337059617, 0.0005150639917701483, 0.0003769543836824596], [0.00011486920266179368, 0.00017372368893120438, 0.00024046380713116378, 0.00036429977626539767, 0.0003769543836824596, 0.0003279457741882652]]</COVARIANCE_MATRIX>
		<ROI_SIZE>46</ROI_SIZE>
		<MAX_VALUE>[0.111737459897995, 0.11098162829875946, 0.11863559484481812, 0.12577472627162933, 0.1137271597981453, 0.08816390484571457]</MAX_VALUE>
		<MIN_VALUE>[0.086100734770298, 0.06917023658752441, 0.060732144862413406, 0.05338939279317856, 0.038643728941679, 0.024955229833722115]</MIN_VALUE>
		<SIGNATURE_THRESHOLD_MD>0.0</SIGNATURE_THRESHOLD_MD>
		<SIGNATURE_THRESHOLD_ML>0.0</SIGNATURE_THRESHOLD_ML>
		<SIGNATURE_THRESHOLD_SAM>0.0</SIGNATURE_THRESHOLD_SAM>
	</signature>
	<signature ID="20211220_160750653864_157">
		<MACROCLASSID>1</MACROCLASSID>
		<MACROCLASSINFO>waterbody</MACROCLASSINFO>
		<CLASSID>12</CLASSID>
		<CLASSINFO>C 1</CLASSINFO>
		<VALUES>[0.10226717279918159, 0.00504971842924732, 0.09475631700522863, 0.00804403085321234, 0.09621361965563759, 0.011115353002702118, 0.12343390908703873, 0.016619207388867525, 0.08234901214713483, 0.0157869991627666, 0.06041646515255542, 0.01575292552524506]</VALUES>
		<LCS_MIN>[0.09411219507455826, 0.07962308079004288, 0.07681644707918167, 0.08958206325769424, 0.056767307221889496, 0.03239154815673828]</LCS_MIN>
		<LCS_MAX>[0.1181466355919838, 0.1179502084851265, 0.12185245752334595, 0.15794597566127777, 0.11890533566474915, 0.09931838512420654]</LCS_MAX>
		<WAVELENGTH>[0.485, 0.56, 0.66, 0.83, 1.65, 2.215]</WAVELENGTH>
		<MEAN_VALUE>[0.10226717279918159, 0.09475631700522863, 0.09621361965563759, 0.12343390908703873, 0.08234901214713483, 0.06041646515255542]</MEAN_VALUE>
		<CHECKBOX>2</CHECKBOX>
		<SD>[0.00504971842924732, 0.00804403085321234, 0.011115353002702118, 0.016619207388867525, 0.0157869991627666, 0.01575292552524506]</SD>
		<WAVELENGTH_UNIT>E-6m</WAVELENGTH_UNIT>
		<COLOR>#5e7034</COLOR>
		<COVARIANCE_MATRIX>[[2.5886014554998837e-05, 3.696020576171577e-05, 5.020195385441184e-05, 3.562696974768187e-06, 4.316405829740688e-05, 5.179274739930406e-05], [3.696020576171577e-05, 6.568683602381498e-05, 8.462603727821261e-05, 2.598283208499197e-05, 8.593917300458997e-05, 9.807450260268524e-05], [5.020195385441184e-05, 8.462603727821261e-05, 0.0001254230592167005, 1.5712525055278093e-05, 0.00012092271936126053, 0.0001420660992152989], [3.562696974768187e-06, 2.598283208499197e-05, 1.5712525055278093e-05, 0.0002803828683681786, 0.0001295701804338023, 6.954036507522687e-05], [4.316405829740688e-05, 8.593917300458997e-05, 0.00012092271936126053, 0.0001295701804338023, 0.00025300553534179926, 0.00022743605950381607], [5.179274739930406e-05, 9.807450260268524e-05, 0.0001420660992152989, 6.954036507522687e-05, 0.00022743605950381607, 0.0002519145782571286]]</COVARIANCE_MATRIX>
		<ROI_SIZE>67</ROI_SIZE>
		<MAX_VALUE>[0.1181466355919838, 0.1179502084851265, 0.12185245752334595, 0.15794597566127777, 0.11890533566474915, 0.09931838512420654]</MAX_VALUE>
		<MIN_VALUE>[0.09411219507455826, 0.07962308079004288, 0.07681644707918167, 0.08958206325769424, 0.056767307221889496, 0.03239154815673828]</MIN_VALUE>
		<SIGNATURE_THRESHOLD_MD>0.0</SIGNATURE_THRESHOLD_MD>
		<SIGNATURE_THRESHOLD_ML>0.0</SIGNATURE_THRESHOLD_ML>
		<SIGNATURE_THRESHOLD_SAM>0.0</SIGNATURE_THRESHOLD_SAM>
	</signature>
	<signature ID="20211220_160800969306_438">
		<MACROCLASSID>1</MACROCLASSID>
		<MACROCLASSINFO>waterbody</MACROCLASSINFO>
		<CLASSID>13</CLASSID>
		<CLASSINFO>C 1</CLASSINFO>
		<VALUES>[0.10326119131259338, 0.005179705341288724, 0.09773604059947354, 0.008024539013939284, 0.10039036840427928, 0.010609288743473727, 0.12077099380602363, 0.01706928381164717, 0.08700623764222813, 0.018063541664321812, 0.06798368117963993, 0.01621052751556818]</VALUES>
		<LCS_MIN>[0.09411219507455826, 0.07962308079004288, 0.0800333023071289, 0.08958206325769424, 0.04900006204843521, 0.03239154815673828]</LCS_MIN>
		<LCS_MAX>[0.1213512122631073, 0.12491876631975174, 0.13471990823745728, 0.1539245843887329, 0.12149442732334137, 0.09931838512420654]</LCS_MAX>
		<WAVELENGTH>[0.485, 0.56, 0.66, 0.83, 1.65, 2.215]</WAVELENGTH>
		<MEAN_VALUE>[0.10326119131259338, 0.09773604059947354, 0.10039036840427928, 0.12077099380602363, 0.08700623764222813, 0.06798368117963993]</MEAN_VALUE>
		<CHECKBOX>2</CHECKBOX>
		<SD>[0.005179705341288724, 0.008024539013939284, 0.010609288743473727, 0.01706928381164717, 0.018063541664321812, 0.01621052751556818]</SD>
		<WAVELENGTH_UNIT>E-6m</WAVELENGTH_UNIT>
		<COLOR>#2a9e30</COLOR>
		<COVARIANCE_MATRIX>[[2.7035726816393435e-05, 3.7299541872926056e-05, 4.9262707761954516e-05, 4.380168320494704e-05, 6.0849139117635787e-05, 6.057288555894047e-05], [3.7299541872926056e-05, 6.488856161013246e-05, 8.099961269181222e-05, 7.268322951858863e-05, 9.342640987597406e-05, 9.288960427511483e-05], [4.9262707761954516e-05, 8.099961269181222e-05, 0.00011342282959958538, 9.11017632461153e-05, 0.00012863296433351934, 0.0001277395203942433], [4.380168320494704e-05, 7.268322951858863e-05, 9.11017632461153e-05, 0.00029360168264247477, 0.0001986837014555931, 0.00014518848911393434], [6.0849139117635787e-05, 9.342640987597406e-05, 0.00012863296433351934, 0.0001986837014555931, 0.0003288014850113541, 0.00027110392693430185], [6.057288555894047e-05, 9.288960427511483e-05, 0.0001277395203942433, 0.00014518848911393434, 0.00027110392693430185, 0.0002648025983944535]]</COVARIANCE_MATRIX>
		<ROI_SIZE>131</ROI_SIZE>
		<MAX_VALUE>[0.1213512122631073, 0.12491876631975174, 0.13471990823745728, 0.1539245843887329, 0.12149442732334137, 0.09931838512420654]</MAX_VALUE>
		<MIN_VALUE>[0.09411219507455826, 0.07962308079004288, 0.0800333023071289, 0.08958206325769424, 0.04900006204843521, 0.03239154815673828]</MIN_VALUE>
		<SIGNATURE_THRESHOLD_MD>0.0</SIGNATURE_THRESHOLD_MD>
		<SIGNATURE_THRESHOLD_ML>0.0</SIGNATURE_THRESHOLD_ML>
		<SIGNATURE_THRESHOLD_SAM>0.0</SIGNATURE_THRESHOLD_SAM>
	</signature>
	<signature ID="20211220_161022239517_968">
		<MACROCLASSID>2</MACROCLASSID>
		<MACROCLASSINFO>vegetation</MACROCLASSINFO>
		<CLASSID>14</CLASSID>
		<CLASSINFO>C 1</CLASSINFO>
		<VALUES>[0.08022324660701068, 0.0025649363316425366, 0.06435785626349426, 0.004004777084223409, 0.05050455118976368, 0.0048496310321242105, 0.16891018401480576, 0.024915551379871295, 0.07943050945887656, 0.013776111474066509, 0.03704341315568295, 0.0076497437238543875]</VALUES>
		<LCS_MIN>[0.07328236848115921, 0.05523308739066124, 0.03821413218975067, 0.10566768795251846, 0.04382188990712166, 0.021237075328826904]</LCS_MIN>
		<LCS_MAX>[0.09250990301370621, 0.07962308079004288, 0.0800333023071289, 0.20218148827552795, 0.1137271597981453, 0.07329127192497253]</LCS_MAX>
		<WAVELENGTH>[0.485, 0.56, 0.66, 0.83, 1.65, 2.215]</WAVELENGTH>
		<MEAN_VALUE>[0.08022324660701068, 0.06435785626349426, 0.05050455118976368, 0.16891018401480576, 0.07943050945887656, 0.03704341315568295]</MEAN_VALUE>
		<CHECKBOX>2</CHECKBOX>
		<SD>[0.0025649363316425366, 0.004004777084223409, 0.0048496310321242105, 0.024915551379871295, 0.013776111474066509, 0.0076497437238543875]</SD>
		<WAVELENGTH_UNIT>E-6m</WAVELENGTH_UNIT>
		<COLOR>#c060b7</COLOR>
		<COVARIANCE_MATRIX>[[6.6085331127396785e-06, 6.543660219904268e-06, 8.38798405311536e-06, 3.236952761653811e-05, 2.418543772364501e-05, 1.3697527720069047e-05], [6.543660219904268e-06, 1.6110483556985855e-05, 1.4477759577857796e-05, 6.669766298728064e-05, 4.4538108340930194e-05, 2.3362712454400025e-05], [8.38798405311536e-06, 1.4477759577857796e-05, 2.3624861569260247e-05, 5.134069942869246e-05, 4.772636020788923e-05, 2.780316754069645e-05], [3.236952761653811e-05, 6.669766298728064e-05, 5.134069942869246e-05, 0.0006235809996724129, 0.0002890885225497186, 0.00011095080844825134], [2.418543772364501e-05, 4.4538108340930194e-05, 4.772636020788923e-05, 0.0002890885225497186, 0.0001906361139845103, 8.849606092553586e-05], [1.3697527720069047e-05, 2.3362712454400025e-05, 2.780316754069645e-05, 0.00011095080844825134, 8.849606092553586e-05, 5.8782177802640945e-05]]</COVARIANCE_MATRIX>
		<ROI_SIZE>223</ROI_SIZE>
		<MAX_VALUE>[0.09250990301370621, 0.07962308079004288, 0.0800333023071289, 0.20218148827552795, 0.1137271597981453, 0.07329127192497253]</MAX_VALUE>
		<MIN_VALUE>[0.07328236848115921, 0.05523308739066124, 0.03821413218975067, 0.10566768795251846, 0.04382188990712166, 0.021237075328826904]</MIN_VALUE>
		<SIGNATURE_THRESHOLD_MD>0.0</SIGNATURE_THRESHOLD_MD>
		<SIGNATURE_THRESHOLD_ML>0.0</SIGNATURE_THRESHOLD_ML>
		<SIGNATURE_THRESHOLD_SAM>0.0</SIGNATURE_THRESHOLD_SAM>
	</signature>
	<signature ID="20211220_161030923891_985">
		<MACROCLASSID>2</MACROCLASSID>
		<MACROCLASSINFO>vegetation</MACROCLASSINFO>
		<CLASSID>15</CLASSID>
		<CLASSINFO>C 1</CLASSINFO>
		<VALUES>[0.09072553361442313, 0.004426746427279602, 0.08682455980084477, 0.00789935275654915, 0.07855819030739561, 0.013565476021957743, 0.2747657305615789, 0.022018880125952774, 0.16279862387813057, 0.020460488538311023, 0.08308872428130024, 0.015417731951296755]</VALUES>
		<LCS_MIN>[0.07808925211429596, 0.06917023658752441, 0.05108156427741051, 0.23033131659030914, 0.10337082296609879, 0.04354602098464966]</LCS_MIN>
		<LCS_MAX>[0.111737459897995, 0.11098162829875946, 0.11541874706745148, 0.3268451392650604, 0.2017560452222824, 0.11790917068719864]</LCS_MAX>
		<WAVELENGTH>[0.485, 0.56, 0.66, 0.83, 1.65, 2.215]</WAVELENGTH>
		<MEAN_VALUE>[0.09072553361442313, 0.08682455980084477, 0.07855819030739561, 0.2747657305615789, 0.16279862387813057, 0.08308872428130024]</MEAN_VALUE>
		<CHECKBOX>2</CHECKBOX>
		<SD>[0.004426746427279602, 0.00789935275654915, 0.013565476021957743, 0.022018880125952774, 0.020460488538311023, 0.015417731951296755]</SD>
		<WAVELENGTH_UNIT>E-6m</WAVELENGTH_UNIT>
		<COLOR>#9288bc</COLOR>
		<COVARIANCE_MATRIX>[[1.9622317267931066e-05, 3.072197796427645e-05, 5.380694710765965e-05, 1.3889321962778922e-05, 7.262345752678812e-05, 5.796464392915368e-05], [3.072197796427645e-05, 6.248330464586616e-05, 9.832416253630072e-05, 4.37144553870894e-05, 0.00013935418974142522, 0.00010720051795942709], [5.380694710765965e-05, 9.832416253630072e-05, 0.00018426848691888154, 3.082488547079265e-05, 0.0002290113625349477, 0.00018621385970618576], [1.3889321962778922e-05, 4.37144553870894e-05, 3.082488547079265e-05, 0.0004854801227338612, 0.000199171801796183, 6.682473031105474e-05], [7.262345752678812e-05, 0.00013935418974142522, 0.0002290113625349477, 0.000199171801796183, 0.00041919201612472534, 0.00029003879171796143], [5.796464392915368e-05, 0.00010720051795942709, 0.00018621385970618576, 6.682473031105474e-05, 0.00029003879171796143, 0.00023802467330824584]]</COVARIANCE_MATRIX>
		<ROI_SIZE>748</ROI_SIZE>
		<MAX_VALUE>[0.111737459897995, 0.11098162829875946, 0.11541874706745148, 0.3268451392650604, 0.2017560452222824, 0.11790917068719864]</MAX_VALUE>
		<MIN_VALUE>[0.07808925211429596, 0.06917023658752441, 0.05108156427741051, 0.23033131659030914, 0.10337082296609879, 0.04354602098464966]</MIN_VALUE>
		<SIGNATURE_THRESHOLD_MD>0.0</SIGNATURE_THRESHOLD_MD>
		<SIGNATURE_THRESHOLD_ML>0.0</SIGNATURE_THRESHOLD_ML>
		<SIGNATURE_THRESHOLD_SAM>0.0</SIGNATURE_THRESHOLD_SAM>
	</signature>
	<signature ID="20211220_161040435673_709">
		<MACROCLASSID>2</MACROCLASSID>
		<MACROCLASSINFO>vegetation</MACROCLASSINFO>
		<CLASSID>16</CLASSID>
		<CLASSINFO>C 1</CLASSINFO>
		<VALUES>[0.1001394528396789, 0.006709369007059854, 0.10361269132675491, 0.01075194017942528, 0.11002065581671983, 0.018202663632128267, 0.2653248296787029, 0.022522028404643506, 0.19163082432486506, 0.022313781012696945, 0.11499255224850097, 0.019686001199791622]</VALUES>
		<LCS_MIN>[0.08449842780828476, 0.07962308079004288, 0.06716586649417877, 0.2343527227640152, 0.13702893257141113, 0.062136806547641754]</LCS_MIN>
