<?xml version="1.0" ?>
<signaturelist MCID_LIST="[['1', 'waterbody', '#0000ff'], ['2', 'vegetation', '#00ff00'], ['3', 'bareland', '#ffaa00'], ['4', 'built-up', '#ff0000']]">
	<signature ID="20210205_155535513632_789">
		<MACROCLASSID>1</MACROCLASSID>
		<MACROCLASSINFO>waterbody</MACROCLASSINFO>
		<CLASSID>1</CLASSID>
		<CLASSINFO>C 1</CLASSINFO>
		<VALUES>[0.1416211974603315, 0.002074054638655371, 0.11973422750961947, 0.0024611713899096725, 0.08617006658566853, 0.0029797606592216067, 0.04226886638865509, 0.0031017543952536267, 0.012629903234109256, 0.001478238890353203, 0.0063989891717825785, 0.0010374299528508881]</VALUES>
		<LCS_MIN>[0.13685725629329681, 0.11409391462802887, 0.07990269362926483, 0.03563894331455231, 0.009856920689344406, 0.004558822605758905]</LCS_MIN>
		<LCS_MAX>[0.14856234192848206, 0.12780119478702545, 0.09478050470352173, 0.048391345888376236, 0.02066873013973236, 0.013707278296351433]</LCS_MAX>
		<WAVELENGTH>[0.485, 0.56, 0.66, 0.83, 1.65, 2.215]</WAVELENGTH>
		<MEAN_VALUE>[0.1416211974603315, 0.11973422750961947, 0.08617006658566853, 0.04226886638865509, 0.012629903234109256, 0.0063989891717825785]</MEAN_VALUE>
		<CHECKBOX>2</CHECKBOX>
		<SD>[0.002074054638655371, 0.0024611713899096725, 0.0029797606592216067, 0.0031017543952536267, 0.001478238890353203, 0.0010374299528508881]</SD>
		<WAVELENGTH_UNIT>E-6m</WAVELENGTH_UNIT>
		<COLOR>#9832e6</COLOR>
		<COVARIANCE_MATRIX>[[4.304863523429958e-06, 4.648041340260534e-06, 4.3318818825355265e-06, 1.4338173741634819e-06, 7.360903850894829e-07, 3.4947751714753394e-07], [4.648041340260534e-06, 6.061815383873181e-06, 5.380233233154286e-06, -5.01059503221768e-07, -1.2211466504652435e-08, -1.478398115040136e-08], [4.3318818825355265e-06, 5.380233233154286e-06, 8.885497663868591e-06, 1.2829398201574804e-06, 6.571533504029503e-07, 3.8565545423807635e-07], [1.4338173741634819e-06, -5.01059503221768e-07, 1.2829398201574804e-06, 9.627949111745693e-06, 3.5861989999830257e-06, 1.9320530100230826e-06], [7.360903850894829e-07, -1.2211466504652435e-08, 6.571533504029503e-07, 3.5861989999830257e-06, 2.186795882153092e-06, 1.418723172719183e-06], [3.4947751714753394e-07, -1.478398115040136e-08, 3.8565545423807635e-07, 1.9320530100230826e-06, 1.418723172719183e-06, 1.0770517064884189e-06]]</COVARIANCE_MATRIX>
		<ROI_SIZE>1362</ROI_SIZE>
		<MAX_VALUE>[0.14856234192848206, 0.12780119478702545, 0.09478050470352173, 0.048391345888376236, 0.02066873013973236, 0.013707278296351433]</MAX_VALUE>
		<MIN_VALUE>[0.13685725629329681, 0.11409391462802887, 0.07990269362926483, 0.03563894331455231, 0.009856920689344406, 0.004558822605758905]</MIN_VALUE>
		<SIGNATURE_THRESHOLD_MD>0.0</SIGNATURE_THRESHOLD_MD>
		<SIGNATURE_THRESHOLD_ML>0.0</SIGNATURE_THRESHOLD_ML>
		<SIGNATURE_THRESHOLD_SAM>0.0</SIGNATURE_THRESHOLD_SAM>
	</signature>
	<signature ID="20210205_155551336535_469">
		<MACROCLASSID>1</MACROCLASSID>
		<MACROCLASSINFO>waterbody</MACROCLASSINFO>
		<CLASSID>2</CLASSID>
		<CLASSINFO>C 1</CLASSINFO>
		<VALUES>[0.14328019640275405, 0.0013719879862441717, 0.1268721562145012, 0.0016654913147206903, 0.1034916594092335, 0.0016662703987465849, 0.06844951930855, 0.009375957839634437, 0.02710763923823834, 0.0077418469097879266, 0.015661063836887482, 0.004466892923025641]</VALUES>
		<LCS_MIN>[0.1403687745332718, 0.1223490759730339, 0.09943172335624695, 0.0486377589404583, 0.012536773458123207, 0.008039548993110657]</LCS_MIN>
		<LCS_MAX>[0.14662176370620728, 0.1308506727218628, 0.10756368935108185, 0.08711056411266327, 0.0453418493270874, 0.02559719607234001]</LCS_MAX>
		<WAVELENGTH>[0.485, 0.56, 0.66, 0.83, 1.65, 2.215]</WAVELENGTH>
		<MEAN_VALUE>[0.14328019640275405, 0.1268721562145012, 0.1034916594092335, 0.06844951930855, 0.02710763923823834, 0.015661063836887482]</MEAN_VALUE>
		<CHECKBOX>2</CHECKBOX>
		<SD>[0.0013719879862441717, 0.0016654913147206903, 0.0016662703987465849, 0.009375957839634437, 0.0077418469097879266, 0.004466892923025641]</SD>
		<WAVELENGTH_UNIT>E-6m</WAVELENGTH_UNIT>
		<COLOR>#47ef9f</COLOR>
		<COVARIANCE_MATRIX>[[1.916575683935662e-06, 2.0412435333128087e-06, 2.119601276717731e-06, -9.256718271899445e-07, -1.888253564175102e-06, -8.159456115208741e-07], [2.0412435333128087e-06, 2.8242950520507293e-06, 2.276631221320713e-06, -7.036231636448065e-06, -6.727890195179498e-06, -3.559225206117844e-06], [2.119601276717731e-06, 2.276631221320713e-06, 2.8269380436540814e-06, 4.963368951393932e-07, -2.25279009669066e-07, 2.9197272510828043e-07], [-9.256718271899445e-07, -7.036231636448065e-06, 4.963368951393932e-07, 8.950692426878959e-05, 6.274846236919984e-05, 3.550890687620267e-05], [-1.888253564175102e-06, -6.727890195179498e-06, -2.25279009669066e-07, 6.274846236919984e-05, 6.102594124968164e-05, 3.4446275094524026e-05], [-8.159456115208741e-07, -3.559225206117844e-06, 2.9197272510828043e-07, 3.550890687620267e-05, 3.4446275094524026e-05, 2.0315916117397137e-05]]</COVARIANCE_MATRIX>
		<ROI_SIZE>56</ROI_SIZE>
		<MAX_VALUE>[0.14662176370620728, 0.1308506727218628, 0.10756368935108185, 0.08711056411266327, 0.0453418493270874, 0.02559719607234001]</MAX_VALUE>
		<MIN_VALUE>[0.1403687745332718, 0.1223490759730339, 0.09943172335624695, 0.0486377589404583, 0.012536773458123207, 0.008039548993110657]</MIN_VALUE>
		<SIGNATURE_THRESHOLD_MD>0.0</SIGNATURE_THRESHOLD_MD>
		<SIGNATURE_THRESHOLD_ML>0.0</SIGNATURE_THRESHOLD_ML>
		<SIGNATURE_THRESHOLD_SAM>0.0</SIGNATURE_THRESHOLD_SAM>
	</signature>
	<signature ID="20210205_155610609224_664">
		<MACROCLASSID>1</MACROCLASSID>
		<MACROCLASSINFO>waterbody</MACROCLASSINFO>
		<CLASSID>3</CLASSID>
		<CLASSINFO>C 1</CLASSINFO>
		<VALUES>[0.13138527186593557, 0.002070705442646257, 0.09658125695271452, 0.002471853730164269, 0.05689758621156225, 0.001995189502061622, 0.030181816098258773, 0.0010611726416551433, 0.009318422703779387, 0.0004512729772598862, 0.004664436223756869, 0.0002792449781968881]</VALUES>
		<LCS_MIN>[0.12801681458950043, 0.0932711511850357, 0.053966667503118515, 0.02772260271012783, 0.008008750155568123, 0.0037271396722644567]</LCS_MIN>
		<LCS_MAX>[0.1410464346408844, 0.10839537531137466, 0.06674985587596893, 0.03573135286569595, 0.014508151449263096, 0.008285974152386189]</LCS_MAX>
		<WAVELENGTH>[0.485, 0.56, 0.66, 0.83, 1.65, 2.215]</WAVELENGTH>
		<MEAN_VALUE>[0.13138527186593557, 0.09658125695271452, 0.05689758621156225, 0.030181816098258773, 0.009318422703779387, 0.004664436223756869]</MEAN_VALUE>
		<CHECKBOX>2</CHECKBOX>
		<SD>[0.002070705442646257, 0.002471853730164269, 0.001995189502061622, 0.0010611726416551433, 0.0004512729772598862, 0.0002792449781968881]</SD>
		<WAVELENGTH_UNIT>E-6m</WAVELENGTH_UNIT>
		<COLOR>#4df528</COLOR>
		<COVARIANCE_MATRIX>[[3.832771653833333e-06, 4.5605079321831e-06, 3.5344253319635754e-06, 1.4583004031010205e-06, 4.924649488202704e-07, 2.3878291699475085e-07], [4.5605079321831e-06, 5.770717962150229e-06, 4.3183763409615494e-06, 1.669679249971523e-06, 5.362519459595205e-07, 2.600737047941948e-07], [3.5344253319635754e-06, 4.3183763409615494e-06, 3.5477009987516794e-06, 1.5595871900586644e-06, 5.234340960669215e-07, 2.5434624717490806e-07], [1.4583004031010205e-06, 1.669679249971523e-06, 1.5595871900586644e-06, 1.0390016313976957e-06, 3.6717349871651095e-07, 1.8045474803329853e-07], [4.924649488202704e-07, 5.362519459595205e-07, 5.234340960669215e-07, 3.6717349871651095e-07, 1.8726912287547748e-07, 7.977196503361483e-08], [2.3878291699475085e-07, 2.600737047941948e-07, 2.5434624717490806e-07, 1.8045474803329853e-07, 7.977196503361483e-08, 6.89610430981702e-08]]</COVARIANCE_MATRIX>
		<ROI_SIZE>10201</ROI_SIZE>
		<MAX_VALUE>[0.1410464346408844, 0.10839537531137466, 0.06674985587596893, 0.03573135286569595, 0.014508151449263096, 0.008285974152386189]</MAX_VALUE>
		<MIN_VALUE>[0.12801681458950043, 0.0932711511850357, 0.053966667503118515, 0.02772260271012783, 0.008008750155568123, 0.0037271396722644567]</MIN_VALUE>
		<SIGNATURE_THRESHOLD_MD>0.0</SIGNATURE_THRESHOLD_MD>
		<SIGNATURE_THRESHOLD_ML>0.0</SIGNATURE_THRESHOLD_ML>
		<SIGNATURE_THRESHOLD_SAM>0.0</SIGNATURE_THRESHOLD_SAM>
	</signature>
	<signature ID="20210205_155616324588_478">
		<MACROCLASSID>1</MACROCLASSID>
		<MACROCLASSINFO>waterbody</MACROCLASSINFO>
		<CLASSID>4</CLASSID>
		<CLASSINFO>C 1</CLASSINFO>
		<VALUES>[0.14607245826211943, 0.0034652144924316804, 0.12548948796084336, 0.006884813805208149, 0.08769614427840085, 0.012913023933025014, 0.03496600803647114, 0.004051039566664673, 0.010097579311160492, 0.0010695659408839714, 0.005229212991558749, 0.0005944708035680805]</VALUES>
		<LCS_MIN>[0.13901343941688538, 0.11095201969146729, 0.06693466752767563, 0.028862308710813522, 0.008039548993110657, 0.003942765761166811]</LCS_MIN>
		<LCS_MAX>[0.15469211339950562, 0.1396295130252838, 0.11926880478858948, 0.050701554864645004, 0.015124219469726086, 0.007885531522333622]</LCS_MAX>
		<WAVELENGTH>[0.485, 0.56, 0.66, 0.83, 1.65, 2.215]</WAVELENGTH>
		<MEAN_VALUE>[0.14607245826211943, 0.12548948796084336, 0.08769614427840085, 0.03496600803647114, 0.010097579311160492, 0.005229212991558749]</MEAN_VALUE>
		<CHECKBOX>2</CHECKBOX>
		<SD>[0.0034652144924316804, 0.006884813805208149, 0.012913023933025014, 0.004051039566664673, 0.0010695659408839714, 0.0005944708035680805]</SD>
		<WAVELENGTH_UNIT>E-6m</WAVELENGTH_UNIT>
		<COLOR>#93c0bb</COLOR>
		<COVARIANCE_MATRIX>[[1.0773953363241162e-05, 2.0544766812236048e-05, 3.68812725355383e-05, 1.1467818694654852e-05, 2.8714255222439533e-06, 1.536085392217501e-06], [2.0544766812236048e-05, 4.294605241739191e-05, 8.037577208597213e-05, 2.3104241336113773e-05, 5.111538484925404e-06, 2.7281314487481723e-06], [3.68812725355383e-05, 8.037577208597213e-05, 0.00016083900118246675, 4.6399811253650114e-05, 9.507729373581242e-06, 5.074080945632886e-06], [1.1467818694654852e-05, 2.3104241336113773e-05, 4.6399811253650114e-05, 1.5076951058290433e-05, 3.4589425013109576e-06, 1.8576589582153247e-06], [2.8714255222439533e-06, 5.111538484925404e-06, 9.507729373581242e-06, 3.4589425013109576e-06, 9.859970759862335e-07, 5.163559535503737e-07], [1.536085392217501e-06, 2.7281314487481723e-06, 5.074080945632886e-06, 1.8576589582153247e-06, 5.163559535503737e-07, 3.0858976174386044e-07]]</COVARIANCE_MATRIX>
		<ROI_SIZE>9628</ROI_SIZE>
		<MAX_VALUE>[0.15469211339950562, 0.1396295130252838, 0.11926880478858948, 0.050701554864645004, 0.015124219469726086, 0.007885531522333622]</MAX_VALUE>
		<MIN_VALUE>[0.13901343941688538, 0.11095201969146729, 0.06693466752767563, 0.028862308710813522, 0.008039548993110657, 0.003942765761166811]</MIN_VALUE>
		<SIGNATURE_THRESHOLD_MD>0.0</SIGNATURE_THRESHOLD_MD>
		<SIGNATURE_THRESHOLD_ML>0.0</SIGNATURE_THRESHOLD_ML>
		<SIGNATURE_THRESHOLD_SAM>0.0</SIGNATURE_THRESHOLD_SAM>
	</signature>
	<signature ID="20210205_155626268226_614">
		<MACROCLASSID>1</MACROCLASSID>
		<MACROCLASSINFO>waterbody</MACROCLASSINFO>
		<CLASSID>5</CLASSID>
		<CLASSINFO>C 1</CLASSINFO>
		<VALUES>[0.1479908097286068, 0.0019049646221482154, 0.13666294286486985, 0.0036386218642551447, 0.10837157646169178, 0.003320819438618006, 0.05194812851742516, 0.006133892830406214, 0.019796682350750626, 0.005170185981871974, 0.012232982603402142, 0.003306250055308299]</VALUES>
		<LCS_MIN>[0.1355019211769104, 0.11122923344373703, 0.08692574501037598, 0.044048137962818146, 0.013645680621266365, 0.009179254062473774]</LCS_MIN>
		<LCS_MAX>[0.15133459866046906, 0.14058439433574677, 0.11812908202409744, 0.08098079264163971, 0.04802171140909195, 0.03339033201336861]</LCS_MAX>
		<WAVELENGTH>[0.485, 0.56, 0.66, 0.83, 1.65, 2.215]</WAVELENGTH>
		<MEAN_VALUE>[0.1479908097286068, 0.13666294286486985, 0.10837157646169178, 0.05194812851742516, 0.019796682350750626, 0.012232982603402142]</MEAN_VALUE>
		<CHECKBOX>2</CHECKBOX>
		<SD>[0.0019049646221482154, 0.0036386218642551447, 0.003320819438618006, 0.006133892830406214, 0.005170185981871974, 0.003306250055308299]</SD>
		<WAVELENGTH_UNIT>E-6m</WAVELENGTH_UNIT>
		<COLOR>#9057ad</COLOR>
		<COVARIANCE_MATRIX>[[3.6323629046819406e-06, 6.360386123560602e-06, 4.598873601935338e-06, -2.1688906599592883e-06, -3.312600028948509e-06, -2.0737243175972253e-06], [6.360386123560602e-06, 1.325223820458632e-05, 9.781611879589036e-06, -6.686440883640898e-06, -8.012279067770578e-06, -4.924832410324598e-06], [4.598873601935338e-06, 9.781611879589036e-06, 1.1038394404749852e-05, 2.9221150725788902e-06, 3.823364735922041e-08, 3.884001955611893e-07], [-2.1688906599592883e-06, -6.686440883640898e-06, 2.9221150725788902e-06, 3.766064401133917e-05, 2.8578904675669037e-05, 1.778805562935304e-05], [-3.312600028948509e-06, -8.012279067770578e-06, 3.823364735922041e-08, 2.8578904675669037e-05, 2.6756402803584933e-05, 1.6822581528685987e-05], [-2.0737243175972253e-06, -4.924832410324598e-06, 3.884001955611893e-07, 1.778805562935304e-05, 1.6822581528685987e-05, 1.0941749678750057e-05]]</COVARIANCE_MATRIX>
		<ROI_SIZE>1046</ROI_SIZE>
		<MAX_VALUE>[0.15133459866046906, 0.14058439433574677, 0.11812908202409744, 0.08098079264163971, 0.04802171140909195, 0.03339033201336861]</MAX_VALUE>
		<MIN_VALUE>[0.1355019211769104, 0.11122923344373703, 0.08692574501037598, 0.044048137962818146, 0.013645680621266365, 0.009179254062473774]</MIN_VALUE>
		<SIGNATURE_THRESHOLD_MD>0.0</SIGNATURE_THRESHOLD_MD>
		<SIGNATURE_THRESHOLD_ML>0.0</SIGNATURE_THRESHOLD_ML>
		<SIGNATURE_THRESHOLD_SAM>0.0</SIGNATURE_THRESHOLD_SAM>
	</signature>
	<signature ID="20210205_155637206617_290">
		<MACROCLASSID>1</MACROCLASSID>
		<MACROCLASSINFO>waterbody</MACROCLASSINFO>
		<CLASSID>6</CLASSID>
		<CLASSINFO>C 1</CLASSINFO>
		<VALUES>[0.1484711144339929, 0.0018810083280954837, 0.1358638856674413, 0.0030302651776471204, 0.114251896991108, 0.010447076653025036, 0.041505717363582606, 0.006834475716042563, 0.013880082663376835, 0.0022659325541253043, 0.008577335200545775, 0.0016498725648993137]</VALUES>
		<LCS_MIN>[0.14274060726165771, 0.12124017626047134, 0.0951809287071228, 0.033236313611269, 0.010996625758707523, 0.006499400828033686]</LCS_MIN>
		<LCS_MAX>[0.15503093600273132, 0.1443423479795456, 0.14418832957744598, 0.07096986472606659, 0.028893107548356056, 0.019498225301504135]</LCS_MAX>
		<WAVELENGTH>[0.485, 0.56, 0.66, 0.83, 1.65, 2.215]</WAVELENGTH>
		<MEAN_VALUE>[0.1484711144339929, 0.1358638856674413, 0.114251896991108, 0.041505717363582606, 0.013880082663376835, 0.008577335200545775]</MEAN_VALUE>
		<CHECKBOX>2</CHECKBOX>
		<SD>[0.0018810083280954837, 0.0030302651776471204, 0.010447076653025036, 0.006834475716042563, 0.0022659325541253043, 0.0016498725648993137]</SD>
		<WAVELENGTH_UNIT>E-6m</WAVELENGTH_UNIT>
		<COLOR>#f0f8b1</COLOR>
		<COVARIANCE_MATRIX>[[3.3900048492796486e-06, 4.8806746235641185e-06, 1.5185730262601282e-05, 1.0090189789480064e-05, 3.4506263091316214e-06, 2.5348665531055303e-06], [4.8806746235641185e-06, 8.410323971475009e-06, 2.685103754629381e-05, 1.5198089386103675e-05, 4.577023901219945e-06, 3.3193864510394633e-06], [1.5185730262601282e-05, 2.685103754629381e-05, 9.403844160260633e-05, 5.3764750191476196e-05, 1.5362538761110045e-05, 1.1058778909500688e-05], [1.0090189789480064e-05, 1.5198089386103675e-05, 5.3764750191476196e-05, 3.820957863354124e-05, 1.2169561159680597e-05, 8.820607945381198e-06], [3.4506263091316214e-06, 4.577023901219945e-06, 1.5362538761110045e-05, 1.2169561159680597e-05, 4.803879164683167e-06, 3.502425215629046e-06], [2.5348665531055303e-06, 3.3193864510394633e-06, 1.1058778909500688e-05, 8.820607945381198e-06, 3.502425215629046e-06, 2.6121126666112104e-06]]</COVARIANCE_MATRIX>
		<ROI_SIZE>9897</ROI_SIZE>
		<MAX_VALUE>[0.15503093600273132, 0.1443423479795456, 0.14418832957744598, 0.07096986472606659, 0.028893107548356056, 0.019498225301504135]</MAX_VALUE>
		<MIN_VALUE>[0.14274060726165771, 0.12124017626047134, 0.0951809287071228, 0.033236313611269, 0.010996625758707523, 0.006499400828033686]</MIN_VALUE>
		<SIGNATURE_THRESHOLD_MD>0.0</SIGNATURE_THRESHOLD_MD>
		<SIGNATURE_THRESHOLD_ML>0.0</SIGNATURE_THRESHOLD_ML>
		<SIGNATURE_THRESHOLD_SAM>0.0</SIGNATURE_THRESHOLD_SAM>
	</signature>
	<signature ID="20210205_155651167685_991">
		<MACROCLASSID>1</MACROCLASSID>
		<MACROCLASSINFO>waterbody</MACROCLASSINFO>
		<CLASSID>7</CLASSID>
		<CLASSINFO>C 1</CLASSINFO>
		<VALUES>[0.14544033609602472, 0.002051321028455475, 0.1229156007627673, 0.005551173942705046, 0.09503561679617652, 0.01224535448014465, 0.038315740127201965, 0.0028231348910895513, 0.013724658078553546, 0.0009424908496040101, 0.008543817042970468, 0.0007133587948576331]</VALUES>
		<LCS_MIN>[0.13919825851917267, 0.10750208795070648, 0.06641101837158203, 0.03262025862932205, 0.011489476077258587, 0.006961452309042215]</LCS_MIN>
		<LCS_MAX>[0.14997926354408264, 0.13195958733558655, 0.12370440363883972, 0.05587644502520561, 0.01980624906718731, 0.013091221451759338]</LCS_MAX>
		<WAVELENGTH>[0.485, 0.56, 0.66, 0.83, 1.65, 2.215]</WAVELENGTH>
		<MEAN_VALUE>[0.14544033609602472, 0.1229156007627673, 0.09503561679617652, 0.038315740127201965, 0.013724658078553546, 0.008543817042970468]</MEAN_VALUE>
		<CHECKBOX>2</CHECKBOX>
		<SD>[0.002051321028455475, 0.005551173942705046, 0.01224535448014465, 0.0028231348910895513, 0.0009424908496040101, 0.0007133587948576331]</SD>
		<WAVELENGTH_UNIT>E-6m</WAVELENGTH_UNIT>
		<COLOR>#b6a48a</COLOR>
		<COVARIANCE_MATRIX>[[4.011067176179495e-06, 9.565323125571012e-06, 1.836911542341113e-05, 3.835513325611828e-06, 9.691790410215617e-07, 6.572273605343071e-07], [9.565323125571012e-06, 2.8852518880739808e-05, 6.145374936750159e-05, 1.135863749368582e-05, 1.7554831401866977e-06, 1.1598683613556204e-06], [1.836911542341113e-05, 6.145374936750159e-05, 0.00014044770796317607, 2.6786896341945976e-05, 3.7155446079850662e-06, 2.5043939331226284e-06], [3.835513325611828e-06, 1.135863749368582e-05, 2.6786896341945976e-05, 6.927602044015657e-06, 1.6417807273683138e-06, 1.1717831966961967e-06], [9.691790410215617e-07, 1.7554831401866977e-06, 3.7155446079850662e-06, 1.6417807273683138e-06, 7.404005373246036e-07, 5.22739640018699e-07], [6.572273605343071e-07, 1.1598683613556204e-06, 2.5043939331226284e-06, 1.1717831966961967e-06, 5.22739640018699e-07, 4.243563864747557e-07]]</COVARIANCE_MATRIX>
		<ROI_SIZE>10198</ROI_SIZE>
		<MAX_VALUE>[0.14997926354408264, 0.13195958733558655, 0.12370440363883972, 0.05587644502520561, 0.01980624906718731, 0.013091221451759338]</MAX_VALUE>
		<MIN_VALUE>[0.13919825851917267, 0.10750208795070648, 0.06641101837158203, 0.03262025862932205, 0.011489476077258587, 0.006961452309042215]</MIN_VALUE>
		<SIGNATURE_THRESHOLD_MD>0.0</SIGNATURE_THRESHOLD_MD>
		<SIGNATURE_THRESHOLD_ML>0.0</SIGNATURE_THRESHOLD_ML>
		<SIGNATURE_THRESHOLD_SAM>0.0</SIGNATURE_THRESHOLD_SAM>
	</signature>
	<signature ID="20210205_155700352516_158">
		<MACROCLASSID>1</MACROCLASSID>
		<MACROCLASSINFO>waterbody</MACROCLASSINFO>
		<CLASSID>8</CLASSID>
		<CLASSINFO>C 1</CLASSINFO>
		<VALUES>[0.13639533375084575, 0.0038364376147449935, 0.118786289345198, 0.0055825422653438695, 0.08897095975717995, 0.00941583735502494, 0.03248693770347308, 0.00502185375544909, 0.009602716511791029, 0.0028275210808505406, 0.005404315460226398, 0.001887921032326152]</VALUES>
		<LCS_MIN>[0.12296514213085175, 0.09253188967704773, 0.06564095616340637, 0.026305660605430603, 0.005174879450351, 0.0012937112478539348]</LCS_MIN>
		<LCS_MAX>[0.15832684934139252, 0.1448660045862198, 0.11899156868457794, 0.058463890105485916, 0.03625500202178955, 0.0232869740575552]</LCS_MAX>
		<WAVELENGTH>[0.485, 0.56, 0.66, 0.83, 1.65, 2.215]</WAVELENGTH>
		<MEAN_VALUE>[0.13639533375084575, 0.118786289345198, 0.08897095975717995, 0.03248693770347308, 0.009602716511791029, 0.005404315460226398]</MEAN_VALUE>
		<CHECKBOX>2</CHECKBOX>
		<SD>[0.0038364376147449935, 0.0055825422653438695, 0.00941583735502494, 0.00502185375544909, 0.0028275210808505406, 0.001887921032326152]</SD>
		<WAVELENGTH_UNIT>E-6m</WAVELENGTH_UNIT>
		<COLOR>#3142bd</COLOR>
		<COVARIANCE_MATRIX>[[1.2959732885065023e-05, 1.867409810074605e-05, 2.2914913643035106e-05, 1.160113879450364e-05, 5.31279283677577e-06, 3.1905003652354935e-06], [1.867409810074605e-05, 3.197124169673771e-05, 4.411320696817711e-05, 1.4747956811334006e-05, 5.6292406043212395e-06, 3.33428715748596e-06], [2.2914913643035106e-05, 4.411320696817711e-05, 0.00011230463132960722, 3.620178176788613e-05, 6.6937664087163284e-06, 3.842269052256597e-06], [1.160113879450364e-05, 1.4747956811334006e-05, 3.620178176788613e-05, 2.5529865524731576e-05, 9.113579835684504e-06, 5.516335932043148e-06], [5.31279283677577e-06, 5.6292406043212395e-06, 6.6937664087163284e-06, 9.113579835684504e-06, 5.866322226211196e-06, 3.817312972387299e-06], [3.1905003652354935e-06, 3.33428715748596e-06, 3.842269052256597e-06, 5.516335932043148e-06, 3.817312972387299e-06, 2.6468396754353307e-06]]</COVARIANCE_MATRIX>
		<ROI_SIZE>6931</ROI_SIZE>
		<MAX_VALUE>[0.15832684934139252, 0.1448660045862198, 0.11899156868457794, 0.058463890105485916, 0.03625500202178955, 0.0232869740575552]</MAX_VALUE>
		<MIN_VALUE>[0.12296514213085175, 0.09253188967704773, 0.06564095616340637, 0.026305660605430603, 0.005174879450351, 0.0012937112478539348]</MIN_VALUE>
		<SIGNATURE_THRESHOLD_MD>0.0</SIGNATURE_THRESHOLD_MD>
		<SIGNATURE_THRESHOLD_ML>0.0</SIGNATURE_THRESHOLD_ML>
		<SIGNATURE_THRESHOLD_SAM>0.0</SIGNATURE_THRESHOLD_SAM>
	</signature>
	<signature ID="20210205_155711803350_504">
		<MACROCLASSID>1</MACROCLASSID>
		<MACROCLASSINFO>waterbody</MACROCLASSINFO>
		<CLASSID>9</CLASSID>
		<CLASSINFO>C 1</CLASSINFO>
		<VALUES>[0.12922958372000637, 0.0017000163269078176, 0.09988574774644843, 0.002974678849022093, 0.0578574180123344, 0.00282858579534971, 0.026175605744244924, 0.001653364939893708, 0.008723443599857475, 0.0014945835419374034, 0.005149713529153343, 0.0011068923688190822]</VALUES>
		<LCS_MIN>[0.12244149297475815, 0.09012925624847412, 0.052950166165828705, 0.02393384277820587, 0.006961452309042215, 0.004004375077784061]</LCS_MIN>
		<LCS_MAX>[0.15256671607494354, 0.12241069227457047, 0.08276735246181488, 0.054182279855012894, 0.0372098907828331, 0.03191179409623146]</LCS_MAX>
		<WAVELENGTH>[0.485, 0.56, 0.66, 0.83, 1.65, 2.215]</WAVELENGTH>
		<MEAN_VALUE>[0.12922958372000637, 0.09988574774644843, 0.0578574180123344, 0.026175605744244924, 0.008723443599857475, 0.005149713529153343]</MEAN_VALUE>
		<CHECKBOX>2</CHECKBOX>
		<SD>[0.0017000163269078176, 0.002974678849022093, 0.00282858579534971, 0.001653364939893708, 0.0014945835419374034, 0.0011068923688190822]</SD>
		<WAVELENGTH_UNIT>E-6m</WAVELENGTH_UNIT>
		<COLOR>#6095be</COLOR>
		<COVARIANCE_MATRIX>[[3.694704673762317e-06, 5.126436462887796e-06, 4.878126219409751e-06, 3.3059102406696184e-06, 2.184872300858842e-06, 1.438805725229031e-06], [5.126436462887796e-06, 1.0116762496181764e-05, 9.503414730716031e-06, 4.476121830521151e-06, 2.579617557785241e-06, 1.653076083130145e-06], [4.878126219409751e-06, 9.503414730716031e-06, 9.236508049070835e-06, 4.476043613976799e-06, 2.6114564661838813e-06, 1.6677339544912684e-06], [3.3059102406696184e-06, 4.476121830521151e-06, 4.476043613976799e-06, 3.4534534734120825e-06, 2.4202240638260264e-06, 1.6145708059411845e-06], [2.184872300858842e-06, 2.579617557785241e-06, 2.6114564661838813e-06, 2.4202240638260264e-06, 2.1360215214372147e-06, 1.4525986671287683e-06], [1.438805725229031e-06, 1.653076083130145e-06, 1.6677339544912684e-06, 1.6145708059411845e-06, 1.4525986671287683e-06, 1.0707442470447859e-06]]</COVARIANCE_MATRIX>
		<ROI_SIZE>10142</ROI_SIZE>
		<MAX_VALUE>[0.15256671607494354, 0.12241069227457047, 0.08276735246181488, 0.054182279855012894, 0.0372098907828331, 0.03191179409623146]</MAX_VALUE>
		<MIN_VALUE>[0.12244149297475815, 0.09012925624847412, 0.052950166165828705, 0.02393384277820587, 0.006961452309042215, 0.004004375077784061]</MIN_VALUE>
		<SIGNATURE_THRESHOLD_MD>0.0</SIGNATURE_THRESHOLD_MD>
		<SIGNATURE_THRESHOLD_ML>0.0</SIGNATURE_THRESHOLD_ML>
		<SIGNATURE_THRESHOLD_SAM>0.0</SIGNATURE_THRESHOLD_SAM>
	</signature>
	<signature ID="20210205_155727485193_367">
		<MACROCLASSID>1</MACROCLASSID>
		<MACROCLASSINFO>waterbody</MACROCLASSINFO>
		<CLASSID>10</CLASSID>
		<CLASSINFO>C 1</CLASSINFO>
		<VALUES>[0.1458260249679962, 0.001986124626560758, 0.13882543727317287, 0.0031048047082806165, 0.12624586297823193, 0.004420340741876288, 0.04668081175211979, 0.005513548271811321, 0.010641231106313138, 0.0029119075709677133, 0.005597966432552352, 0.0018203883846858834]</VALUES>
		<LCS_MIN>[0.13371536135673523, 0.11892996728420258, 0.10303566604852676, 0.03862680867314339, 0.007916342467069626, 0.003942765761166811]</LCS_MIN>
		<LCS_MAX>[0.14908598363399506, 0.142925426363945, 0.1322368085384369, 0.07873217761516571, 0.03727148845791817, 0.025720402598381042]</LCS_MAX>
		<WAVELENGTH>[0.485, 0.56, 0.66, 0.83, 1.65, 2.215]</WAVELENGTH>
		<MEAN_VALUE>[0.1458260249679962, 0.13882543727317287, 0.12624586297823193, 0.04668081175211979, 0.010641231106313138, 0.005597966432552352]</MEAN_VALUE>
		<CHECKBOX>2</CHECKBOX>
		<SD>[0.001986124626560758, 0.0031048047082806165, 0.004420340741876288, 0.005513548271811321, 0.0029119075709677133, 0.0018203883846858834]</SD>
		<WAVELENGTH_UNIT>E-6m</WAVELENGTH_UNIT>
		<COLOR>#7ac6d6</COLOR>
		<COVARIANCE_MATRIX>[[5.000476903660456e-06, 7.839613317628391e-06, 8.626465387351345e-06, -5.662891453539487e-06, -2.8649869818764273e-06, -1.4880076832923805e-06], [7.839613317628391e-06, 1.4224163351173047e-05, 1.8569226085674018e-05, -6.749482054146938e-06, -4.23237906943541e-06, -2.234583462268347e-06], [8.626465387351345e-06, 1.8569226085674018e-05, 3.176115205860697e-05, 1.3830127443270612e-07, -1.8679832010093378e-06, -6.161202463772497e-07], [-5.662891453539487e-06, -6.749482054146938e-06, 1.3830127443270612e-07, 2.77172166534001e-05, 1.2961902029928751e-05, 7.681292117922567e-06], [-2.8649869818764273e-06, -4.23237906943541e-06, -1.8679832010093378e-06, 1.2961902029928751e-05, 7.839870704628993e-06, 5.007733761885902e-06], [-1.4880076832923805e-06, -2.234583462268347e-06, -6.161202463772497e-07, 7.681292117922567e-06, 5.007733761885902e-06, 3.456184458627831e-06]]</COVARIANCE_MATRIX>
		<ROI_SIZE>2808</ROI_SIZE>
		<MAX_VALUE>[0.14908598363399506, 0.142925426363945, 0.1322368085384369, 0.07873217761516571, 0.03727148845791817, 0.025720402598381042]</MAX_VALUE>
		<MIN_VALUE>[0.13371536135673523, 0.11892996728420258, 0.10303566604852676, 0.03862680867314339, 0.007916342467069626, 0.003942765761166811]</MIN_VALUE>
		<SIGNATURE_THRESHOLD_MD>0.0</SIGNATURE_THRESHOLD_MD>
		<SIGNATURE_THRESHOLD_ML>0.0</SIGNATURE_THRESHOLD_ML>
		<SIGNATURE_THRESHOLD_SAM>0.0</SIGNATURE_THRESHOLD_SAM>
	</signature>
	<signature ID="20210205_155759753395_556">
		<MACROCLASSID>1</MACROCLASSID>
		<MACROCLASSINFO>waterbody</MACROCLASSINFO>
		<CLASSID>11</CLASSID>
		<CLASSINFO>C 1</CLASSINFO>
		<VALUES>[0.15566421302410213, 0.0012553545665423555, 0.15106005890591365, 0.001917001882930965, 0.13630140357994813, 0.0021519209588677893, 0.06535448056754761, 0.008120998287922142, 0.021652761709739312, 0.007064339204681914, 0.0129307334649715, 0.005021265292015831]</VALUES>
		<LCS_MIN>[0.1507185399532318, 0.14421913027763367, 0.12395081669092178, 0.0548599474132061, 0.013584071770310402, 0.008131956681609154]</LCS_MIN>
		<LCS_MAX>[0.1583576500415802, 0.1548769176006317, 0.1408616304397583, 0.09243947267532349, 0.04734404757618904, 0.03625500202178955]</LCS_MAX>
		<WAVELENGTH>[0.485, 0.56, 0.66, 0.83, 1.65, 2.215]</WAVELENGTH>
		<MEAN_VALUE>[0.15566421302410213, 0.15106005890591365, 0.13630140357994813, 0.06535448056754761, 0.021652761709739312, 0.0129307334649715]</MEAN_VALUE>
		<CHECKBOX>2</CHECKBOX>
		<SD>[0.0012553545665423555, 0.001917001882930965, 0.0021519209588677893, 0.008120998287922142, 0.007064339204681914, 0.005021265292015831]</SD>
		<WAVELENGTH_UNIT>E-6m</WAVELENGTH_UNIT>
		<COLOR>#9b3831</COLOR>
		<COVARIANCE_MATRIX>[[1.7038794339896413e-06, 1.967653133760905e-06, 1.9533306385710603e-06, -3.660770971691818e-06, -4.000251919933362e-06, -2.682196054593078e-06], [1.967653133760905e-06, 3.5213308819947997e-06, 1.7647795402808697e-06, -1.0860397196665872e-05, -9.585676707501989e-06, -6.344976554828463e-06], [1.9533306385710603e-06, 1.7647795402808697e-06, 5.775583304057363e-06, 5.298549581311818e-07, -4.294296559237409e-06, -2.617094651213847e-06], [-3.660770971691818e-06, -1.0860397196665872e-05, 5.298549581311818e-07, 6.695208139717579e-05, 5.005153070669621e-05, 3.386857861187309e-05], [-4.000251919933362e-06, -9.585676707501989e-06, -4.294296559237409e-06, 5.005153070669621e-05, 4.787969373865053e-05, 3.220303915441036e-05], [-2.682196054593078e-06, -6.344976554828463e-06, -2.617094651213847e-06, 3.386857861187309e-05, 3.220303915441036e-05, 2.2787182388128713e-05]]</COVARIANCE_MATRIX>
		<ROI_SIZE>593</ROI_SIZE>
		<MAX_VALUE>[0.1583576500415802, 0.1548769176006317, 0.1408616304397583, 0.09243947267532349, 0.04734404757618904, 0.03625500202178955]</MAX_VALUE>
		<MIN_VALUE>[0.1507185399532318, 0.14421913027763367, 0.12395081669092178, 0.0548599474132061, 0.013584071770310402, 0.008131956681609154]</MIN_VALUE>
		<SIGNATURE_THRESHOLD_MD>0.0</SIGNATURE_THRESHOLD_MD>
		<SIGNATURE_THRESHOLD_ML>0.0</SIGNATURE_THRESHOLD_ML>
		<SIGNATURE_THRESHOLD_SAM>0.0</SIGNATURE_THRESHOLD_SAM>
	</signature>
	<signature ID="20210205_155807860944_571">
		<MACROCLASSID>1</MACROCLASSID>
		<MACROCLASSINFO>waterbody</MACROCLASSINFO>
		<CLASSID>12</CLASSID>
		<CLASSINFO>C 1</CLASSINFO>
		<VALUES>[0.13897773821861104, 0.0015356638937490273, 0.12843307519571479, 0.0013990648123322904, 0.10842256299752405, 0.0016451041995536458, 0.05033584190303446, 0.00529327108200662, 0.016732427743081615, 0.005533893025301778, 0.010075793708047873, 0.004262110185331857]</VALUES>
		<LCS_MIN>[0.13522468507289886, 0.12071652710437775, 0.10103348642587662, 0.040783025324344635, 0.011366257444024086, 0.006006562616676092]</LCS_MIN>
		<LCS_MAX>[0.1431410312652588, 0.1322060078382492, 0.11637332290410995, 0.0811656042933464, 0.04524945095181465, 0.03298988938331604]</LCS_MAX>
		<WAVELENGTH>[0.485, 0.56, 0.66, 0.83, 1.65, 2.215]</WAVELENGTH>
		<MEAN_VALUE>[0.13897773821861104, 0.12843307519571479, 0.10842256299752405, 0.05033584190303446, 0.016732427743081615, 0.010075793708047873]</MEAN_VALUE>
		<CHECKBOX>2</CHECKBOX>
		<SD>[0.0015356638937490273, 0.0013990648123322904, 0.0016451041995536458, 0.00529327108200662, 0.005533893025301778, 0.004262110185331857]</SD>
		<WAVELENGTH_UNIT>E-6m</WAVELENGTH_UNIT>
		<COLOR>#7f3c75</COLOR>
		<COVARIANCE_MATRIX>[[3.112809736194322e-06, 3.548580025380943e-06, 4.243496277922532e-06, 2.414419896012987e-06, 1.23436711874092e-06, 9.94127731246408e-07], [3.548580025380943e-06, 5.515103111974895e-06, 6.655302058788948e-06, 2.6702494437813584e-07, -4.4482055727712577e-07, -4.676586229379609e-09], [4.243496277922532e-06, 6.655302058788948e-06, 9.90164880931843e-06, 3.5179482438252307e-06, 2.626181640152936e-06, 2.5420213205507025e-06], [2.414419896012987e-06, 2.6702494437813584e-07, 3.5179482438252307e-06, 2.9844008167856373e-05, 2.6901077944785357e-05, 2.030810537689831e-05], [1.23436711874092e-06, -4.4482055727712577e-07, 2.626181640152936e-06, 2.6901077944785357e-05, 2.863760710170027e-05, 2.198052970925346e-05], [9.94127731246408e-07, -4.676586229379609e-09, 2.5420213205507025e-06, 2.030810537689831e-05, 2.198052970925346e-05, 1.7777467292035e-05]]</COVARIANCE_MATRIX>
		<ROI_SIZE>1145</ROI_SIZE>
		<MAX_VALUE>[0.1431410312652588, 0.1322060078382492, 0.11637332290410995, 0.0811656042933464, 0.04524945095181465, 0.03298988938331604]</MAX_VALUE>
		<MIN_VALUE>[0.13522468507289886, 0.12071652710437775, 0.10103348642587662, 0.040783025324344635, 0.011366257444024086, 0.006006562616676092]</MIN_VALUE>
		<SIGNATURE_THRESHOLD_MD>0.0</SIGNATURE_THRESHOLD_MD>
		<SIGNATURE_THRESHOLD_ML>0.0</SIGNATURE_THRESHOLD_ML>
		<SIGNATURE_THRESHOLD_SAM>0.0</SIGNATURE_THRESHOLD_SAM>
	</signature>
	<signature ID="20210205_155814851995_385">
		<MACROCLASSID>1</MACROCLASSID>
		<MACROCLASSINFO>waterbody</MACROCLASSINFO>
		<CLASSID>13</CLASSID>
		<CLASSINFO>C 1</CLASSINFO>
		<VALUES>[0.14858605387215754, 0.0007943913140311488, 0.14580309280756198, 0.0011183418529681346, 0.153934929470119, 0.0014833513660030778, 0.07001066156581634, 0.004887465921173158, 0.014644790326416465, 0.0053689566603492625, 0.00886774435543666, 0.003834489194197826]</VALUES>
		<LCS_MIN>[0.14477357268333435, 0.13956789672374725, 0.14637534320354462, 0.06391599774360657, 0.004712839610874653, 0.003942765761166811]</LCS_MIN>
		<LCS_MAX>[0.15102656185626984, 0.14840832352638245, 0.15752598643302917, 0.09585859626531601, 0.04167630523443222, 0.02987879514694214]</LCS_MAX>
		<WAVELENGTH>[0.485, 0.56, 0.66, 0.83, 1.65, 2.215]</WAVELENGTH>
		<MEAN_VALUE>[0.14858605387215754, 0.14580309280756198, 0.153934929470119, 0.07001066156581634, 0.014644790326416465, 0.00886774435543666]</MEAN_VALUE>
		<CHECKBOX>2</CHECKBOX>
		<SD>[0.0007943913140311488, 0.0011183418529681346, 0.0014833513660030778, 0.004887465921173158, 0.0053689566603492625, 0.003834489194197826]</SD>
		<WAVELENGTH_UNIT>E-6m</WAVELENGTH_UNIT>
		<COLOR>#958400</COLOR>
		<COVARIANCE_MATRIX>[[6.317067686723021e-07, 7.010416993580293e-07, 7.896155693742912e-07, -1.0784374353534076e-06, -1.6262836197711295e-06, -1.2236886277605663e-06], [7.010416993580293e-07, 1.2519751635409193e-06, 1.3769856650469592e-06, -2.8834315344283823e-06, -3.3409289699193323e-06, -2.459904635543353e-06], [7.896155693742912e-07, 1.3769856650469592e-06, 2.202594941991265e-06, -2.5196734441124136e-06, -3.071265382459387e-06, -2.2169522253534524e-06], [-1.0784374353534076e-06, -2.8834315344283823e-06, -2.5196734441124136e-06, 2.3911898097139783e-05, 2.3063803382683545e-05, 1.6428302842541598e-05], [-1.6262836197711295e-06, -3.3409289699193323e-06, -3.071265382459387e-06, 2.3063803382683545e-05, 2.885535104724113e-05, 2.034591670962982e-05], [-1.2236886277605663e-06, -2.459904635543353e-06, -2.2169522253534524e-06, 1.6428302842541598e-05, 2.034591670962982e-05, 1.4718434613314457e-05]]</COVARIANCE_MATRIX>
		<ROI_SIZE>973</ROI_SIZE>
		<MAX_VALUE>[0.15102656185626984, 0.14840832352638245, 0.15752598643302917, 0.09585859626531601, 0.04167630523443222, 0.02987879514694214]</MAX_VALUE>
		<MIN_VALUE>[0.14477357268333435, 0.13956789672374725, 0.14637534320354462, 0.06391599774360657, 0.004712839610874653, 0.003942765761166811]</MIN_VALUE>
		<SIGNATURE_THRESHOLD_MD>0.0</SIGNATURE_THRESHOLD_MD>
		<SIGNATURE_THRESHOLD_ML>0.0</SIGNATURE_THRESHOLD_ML>
		<SIGNATURE_THRESHOLD_SAM>0.0</SIGNATURE_THRESHOLD_SAM>
	</signature>
	<signature ID="20210205_155828605865_405">
		<MACROCLASSID>1</MACROCLASSID>
		<MACROCLASSINFO>waterbody</MACROCLASSINFO>
		<CLASSID>14</CLASSID>
		<CLASSINFO>C 1</CLASSINFO>
		<VALUES>[0.14358992086565145, 0.0025414358070384078, 0.13831506305983052, 0.003223086514035826, 0.12938933537301572, 0.003364800825850393, 0.06676537511481317, 0.006109378118826896, 0.02143373200425574, 0.005305346085135261, 0.013439137291198385, 0.003807623267593324]</VALUES>
		<LCS_MIN>[0.1298033744096756, 0.11797507107257843, 0.10457581281661987, 0.05837147310376167, 0.014785386621952057, 0.008963639847934246]</LCS_MIN>
		<LCS_MAX>[0.14739182591438293, 0.14283299446105957, 0.1398451179265976, 0.0955197662115097, 0.048452943563461304, 0.0391196571290493]</LCS_MAX>
		<WAVELENGTH>[0.485, 0.56, 0.66, 0.83, 1.65, 2.215]</WAVELENGTH>
		<MEAN_VALUE>[0.14358992086565145, 0.13831506305983052, 0.12938933537301572, 0.06676537511481317, 0.02143373200425574, 0.013439137291198385]</MEAN_VALUE>
		<CHECKBOX>2</CHECKBOX>
		<SD>[0.0025414358070384078, 0.003223086514035826, 0.003364800825850393, 0.006109378118826896, 0.005305346085135261, 0.003807623267593324]</SD>
		<WAVELENGTH_UNIT>E-6m</WAVELENGTH_UNIT>
		<COLOR>#64cc17</COLOR>
		<COVARIANCE_MATRIX>[[6.465680598921608e-06, 7.908947736723348e-06, 7.054186880850466e-06, -4.038865881739184e-06, -4.1588441490603145e-06, -2.570847073002369e-06], [7.908947736723348e-06, 1.0399198799859732e-05, 9.750559911481105e-06, -7.74139607528923e-06, -7.4354588832648005e-06, -4.760566753247986e-06], [7.054186880850466e-06, 9.750559911481105e-06, 1.1333777365507558e-05, -1.0158207260246854e-05, -8.59175361256348e-06, -5.14227986059268e-06], [-4.038865881739184e-06, -7.74139607528923e-06, -1.0158207260246854e-05, 3.736370854312554e-05, 2.9673194148926996e-05, 1.8949540390167385e-05], [-4.1588441490603145e-06, -7.4354588832648005e-06, -8.59175361256348e-06, 2.9673194148926996e-05, 2.8176262276247144e-05, 1.9440789401414804e-05], [-2.570847073002369e-06, -4.760566753247986e-06, -5.14227986059268e-06, 1.8949540390167385e-05, 1.9440789401414804e-05, 1.4513223504764028e-05]]</COVARIANCE_MATRIX>
		<ROI_SIZE>953</ROI_SIZE>
		<MAX_VALUE>[0.14739182591438293, 0.14283299446105957, 0.1398451179265976, 0.0955197662115097, 0.048452943563461304, 0.0391196571290493]</MAX_VALUE>
		<MIN_VALUE>[0.1298033744096756, 0.11797507107257843, 0.10457581281661987, 0.05837147310376167, 0.014785386621952057, 0.008963639847934246]</MIN_VALUE>
		<SIGNATURE_THRESHOLD_MD>0.0</SIGNATURE_THRESHOLD_MD>
		<SIGNATURE_THRESHOLD_ML>0.0</SIGNATURE_THRESHOLD_ML>
		<SIGNATURE_THRESHOLD_SAM>0.0</SIGNATURE_THRESHOLD_SAM>
	</signature>
	<signature ID="20210205_155844928202_171">
		<MACROCLASSID>1</MACROCLASSID>
		<MACROCLASSINFO>waterbody</MACROCLASSINFO>
		<CLASSID>15</CLASSID>
		<CLASSINFO>C 1</CLASSINFO>
		<VALUES>[0.14272225230797364, 0.0015785402308847094, 0.13763729456593002, 0.002205887942664544, 0.12344978910900355, 0.004722297803800495, 0.05093794189629511, 0.005393970485607447, 0.013811954812513365, 0.005163851967790069, 0.008125434085785737, 0.003957946345351513]</VALUES>
		<LCS_MIN>[0.1353171020746231, 0.12542937695980072, 0.1059003472328186, 0.04025937616825104, 0.006376194301992655, 0.003388306824490428]</LCS_MIN>
		<LCS_MAX>[0.14652934670448303, 0.14147767424583435, 0.1335921436548233, 0.0791018083691597, 0.041183456778526306, 0.028893107548356056]</LCS_MAX>
		<WAVELENGTH>[0.485, 0.56, 0.66, 0.83, 1.65, 2.215]</WAVELENGTH>
		<MEAN_VALUE>[0.14272225230797364, 0.13763729456593002, 0.12344978910900355, 0.05093794189629511, 0.013811954812513365, 0.008125434085785737]</MEAN_VALUE>
		<CHECKBOX>2</CHECKBOX>
		<SD>[0.0015785402308847094, 0.002205887942664544, 0.004722297803800495, 0.005393970485607447, 0.005163851967790069, 0.003957946345351513]</SD>
		<WAVELENGTH_UNIT>E-6m</WAVELENGTH_UNIT>
		<COLOR>#3eecd8</COLOR>
		<COVARIANCE_MATRIX>[[2.4872831545508234e-06, 2.926049091911409e-06, 6.425120773201343e-06, -5.731743613068829e-07, -2.644230335135944e-06, -1.8657309510672349e-06], [2.926049091911409e-06, 5.011381290387362e-06, 6.763894816685934e-06, -4.840536803385476e-06, -5.923700427956646e-06, -4.430769877217244e-06], [6.425120773201343e-06, 6.763894816685934e-06, 2.2837006326881237e-05, 1.2309874364291318e-06, -7.925824320409447e-06, -5.693527782568708e-06], [-5.731743613068829e-07, -4.840536803385476e-06, 1.2309874364291318e-06, 3.067514990107156e-05, 2.371578011661768e-05, 1.7449307051720098e-05], [-2.644230335135944e-06, -5.923700427956646e-06, -7.925824320409447e-06, 2.371578011661768e-05, 2.7201462216908112e-05, 2.0477536963880993e-05], [-1.8657309510672349e-06, -4.430769877217244e-06, -5.693527782568708e-06, 1.7449307051720098e-05, 2.0477536963880993e-05, 1.5900235666777007e-05]]</COVARIANCE_MATRIX>
		<ROI_SIZE>2042</ROI_SIZE>
		<MAX_VALUE>[0.14652934670448303, 0.14147767424583435, 0.1335921436548233, 0.0791018083691597, 0.041183456778526306, 0.028893107548356056]</MAX_VALUE>
		<MIN_VALUE>[0.1353171020746231, 0.12542937695980072, 0.1059003472328186, 0.04025937616825104, 0.006376194301992655, 0.003388306824490428]</MIN_VALUE>
		<SIGNATURE_THRESHOLD_MD>0.0</SIGNATURE_THRESHOLD_MD>
		<SIGNATURE_THRESHOLD_ML>0.0</SIGNATURE_THRESHOLD_ML>
		<SIGNATURE_THRESHOLD_SAM>0.0</SIGNATURE_THRESHOLD_SAM>
	</signature>
	<signature ID="20210205_155902888165_644">
		<MACROCLASSID>1</MACROCLASSID>
		<MACROCLASSINFO>waterbody</MACROCLASSINFO>
		<CLASSID>16</CLASSID>
		<CLASSINFO>C 1</CLASSINFO>
