<?xml version="1.0" ?>
<signaturelist MCID_LIST="[['1', 'waterbody', '#0000ff'], ['2', 'vegetation', '#00ff00'], ['3', 'bareland', '#ffaa00'], ['4', 'built-up', '#ff0000']]">
	<signature ID="20210205_155535513632_789">
		<MACROCLASSID>1</MACROCLASSID>
		<MACROCLASSINFO>waterbody</MACROCLASSINFO>
		<CLASSID>1</CLASSID>
		<CLASSINFO>C 1</CLASSINFO>
		<VALUES>[0.1416211974603315, 0.002074054638655371, 0.11973422750961947, 0.0024611713899096725, 0.08617006658566853, 0.0029797606592216067, 0.04226886638865509, 0.0031017543952536267, 0.012629903234109256, 0.001478238890353203, 0.0063989891717825785, 0.0010374299528508881]</VALUES>
		<LCS_MIN>[0.13685725629329681, 0.11409391462802887, 0.07990269362926483, 0.03563894331455231, 0.009856920689344406, 0.004558822605758905]</LCS_MIN>
		<LCS_MAX>[0.14856234192848206, 0.12780119478702545, 0.09478050470352173, 0.048391345888376236, 0.02066873013973236, 0.013707278296351433]</LCS_MAX>
		<WAVELENGTH>[0.485, 0.56, 0.66, 0.83, 1.65, 2.215]</WAVELENGTH>
		<MEAN_VALUE>[0.1416211974603315, 0.11973422750961947, 0.08617006658566853, 0.04226886638865509, 0.012629903234109256, 0.0063989891717825785]</MEAN_VALUE>
		<CHECKBOX>2</CHECKBOX>
		<SD>[0.002074054638655371, 0.0024611713899096725, 0.0029797606592216067, 0.0031017543952536267, 0.001478238890353203, 0.0010374299528508881]</SD>
		<WAVELENGTH_UNIT>E-6m</WAVELENGTH_UNIT>
		<COLOR>#9832e6</COLOR>
		<COVARIANCE_MATRIX>[[4.304863336739296e-06, 4.6480412147086125e-06, 4.331881977952433e-06, 1.4338173754356997e-06, 7.360903635382194e-07, 3.494775298107758e-07], [4.6480412147086125e-06, 6.061815282523624e-06, 5.380233202680012e-06, -5.01059526512174e-07, -1.2211466876033063e-08, -1.4783981435547505e-08], [4.331881977952433e-06, 5.380233202680012e-06, 8.88549744633739e-06, 1.282939815699674e-06, 6.571533544309891e-07, 3.856554655019778e-07], [1.4338173754356997e-06, -5.01059526512174e-07, 1.282939815699674e-06, 9.6279493074087e-06, 3.5861990572164562e-06, 1.9320529573616268e-06], [7.360903635382194e-07, -1.2211466876033063e-08, 6.571533544309891e-07, 3.5861990572164562e-06, 2.186795793893855e-06, 1.4187231495089521e-06], [3.494775298107758e-07, -1.4783981435547505e-08, 3.856554655019778e-07, 1.9320529573616268e-06, 1.4187231495089521e-06, 1.0770516939252973e-06]]</COVARIANCE_MATRIX>
		<ROI_SIZE>1362</ROI_SIZE>
		<MAX_VALUE>[0.14856234192848206, 0.12780119478702545, 0.09478050470352173, 0.048391345888376236, 0.02066873013973236, 0.013707278296351433]</MAX_VALUE>
		<MIN_VALUE>[0.13685725629329681, 0.11409391462802887, 0.07990269362926483, 0.03563894331455231, 0.009856920689344406, 0.004558822605758905]</MIN_VALUE>
		<SIGNATURE_THRESHOLD_MD>0</SIGNATURE_THRESHOLD_MD>
		<SIGNATURE_THRESHOLD_ML>0</SIGNATURE_THRESHOLD_ML>
		<SIGNATURE_THRESHOLD_SAM>0</SIGNATURE_THRESHOLD_SAM>
	</signature>
	<signature ID="20210205_155551336535_469">
		<MACROCLASSID>1</MACROCLASSID>
		<MACROCLASSINFO>waterbody</MACROCLASSINFO>
		<CLASSID>2</CLASSID>
		<CLASSINFO>C 1</CLASSINFO>
		<VALUES>[0.14328019640275405, 0.0013719879862441717, 0.1268721562145012, 0.0016654913147206903, 0.1034916594092335, 0.0016662703987465849, 0.06844951930855, 0.009375957839634437, 0.02710763923823834, 0.0077418469097879266, 0.015661063836887482, 0.004466892923025641]</VALUES>
		<LCS_MIN>[0.1403687745332718, 0.1223490759730339, 0.09943172335624695, 0.0486377589404583, 0.012536773458123207, 0.008039548993110657]</LCS_MIN>
		<LCS_MAX>[0.14662176370620728, 0.1308506727218628, 0.10756368935108185, 0.08711056411266327, 0.0453418493270874, 0.02559719607234001]</LCS_MAX>
		<WAVELENGTH>[0.485, 0.56, 0.66, 0.83, 1.65, 2.215]</WAVELENGTH>
		<MEAN_VALUE>[0.14328019640275405, 0.1268721562145012, 0.1034916594092335, 0.06844951930855, 0.02710763923823834, 0.015661063836887482]</MEAN_VALUE>
		<CHECKBOX>2</CHECKBOX>
		<SD>[0.0013719879862441717, 0.0016654913147206903, 0.0016662703987465849, 0.009375957839634437, 0.0077418469097879266, 0.004466892923025641]</SD>
		<WAVELENGTH_UNIT>E-6m</WAVELENGTH_UNIT>
		<COLOR>#47ef9f</COLOR>
		<COVARIANCE_MATRIX>[[1.9165755986601523e-06, 2.041243617298873e-06, 2.1196013224938117e-06, -9.256718223273115e-07, -1.888253592398486e-06, -8.159456128750938e-07], [2.041243617298873e-06, 2.8242951615811336e-06, 2.276631136598404e-06, -7.036231745753449e-06, -6.727890416932161e-06, -3.559225151792833e-06], [2.1196013224938117e-06, 2.276631136598404e-06, 2.8269380788616314e-06, 4.963368700118015e-07, -2.2527900912329035e-07, 2.9197272730910856e-07], [-9.256718223273115e-07, -7.036231745753449e-06, 4.963368700118015e-07, 8.950692332715888e-05, 6.274846303659053e-05, 3.550890530619517e-05], [-1.888253592398486e-06, -6.727890416932161e-06, -2.2527900912329035e-07, 6.274846303659053e-05, 6.1025942548676355e-05, 3.444627647742429e-05], [-8.159456128750938e-07, -3.559225151792833e-06, 2.9197272730910856e-07, 3.550890530619517e-05, 3.444627647742429e-05, 2.0315916610972492e-05]]</COVARIANCE_MATRIX>
		<ROI_SIZE>56</ROI_SIZE>
		<MAX_VALUE>[0.14662176370620728, 0.1308506727218628, 0.10756368935108185, 0.08711056411266327, 0.0453418493270874, 0.02559719607234001]</MAX_VALUE>
		<MIN_VALUE>[0.1403687745332718, 0.1223490759730339, 0.09943172335624695, 0.0486377589404583, 0.012536773458123207, 0.008039548993110657]</MIN_VALUE>
		<SIGNATURE_THRESHOLD_MD>0</SIGNATURE_THRESHOLD_MD>
		<SIGNATURE_THRESHOLD_ML>0</SIGNATURE_THRESHOLD_ML>
		<SIGNATURE_THRESHOLD_SAM>0</SIGNATURE_THRESHOLD_SAM>
	</signature>
	<signature ID="20210205_155610609224_664">
		<MACROCLASSID>1</MACROCLASSID>
		<MACROCLASSINFO>waterbody</MACROCLASSINFO>
		<CLASSID>3</CLASSID>
		<CLASSINFO>C 1</CLASSINFO>
		<VALUES>[0.13138527186593557, 0.002070705442646257, 0.09658125695271452, 0.002471853730164269, 0.05689758621156225, 0.001995189502061622, 0.030181816098258773, 0.0010611726416551433, 0.009318422703779387, 0.0004512729772598862, 0.004664436223756869, 0.0002792449781968881]</VALUES>
		<LCS_MIN>[0.12801681458950043, 0.0932711511850357, 0.053966667503118515, 0.02772260271012783, 0.008008750155568123, 0.0037271396722644567]</LCS_MIN>
		<LCS_MAX>[0.1410464346408844, 0.10839537531137466, 0.06674985587596893, 0.03573135286569595, 0.014508151449263096, 0.008285974152386189]</LCS_MAX>
		<WAVELENGTH>[0.485, 0.56, 0.66, 0.83, 1.65, 2.215]</WAVELENGTH>
		<MEAN_VALUE>[0.13138527186593557, 0.09658125695271452, 0.05689758621156225, 0.030181816098258773, 0.009318422703779387, 0.004664436223756869]</MEAN_VALUE>
		<CHECKBOX>2</CHECKBOX>
		<SD>[0.002070705442646257, 0.002471853730164269, 0.001995189502061622, 0.0010611726416551433, 0.0004512729772598862, 0.0002792449781968881]</SD>
		<WAVELENGTH_UNIT>E-6m</WAVELENGTH_UNIT>
		<COLOR>#4df528</COLOR>
		<COVARIANCE_MATRIX>[[3.832771696871135e-06, 4.560508137468005e-06, 3.5344253700749267e-06, 1.4583004521727892e-06, 4.924649308898204e-07, 2.387829304945442e-07], [4.560508137468005e-06, 5.770717806998732e-06, 4.31837653792601e-06, 1.669679249344255e-06, 5.362519591806177e-07, 2.600736978936932e-07], [3.5344253700749267e-06, 4.31837653792601e-06, 3.547701027442951e-06, 1.559587179582836e-06, 5.234340884318274e-07, 2.5434623406188205e-07], [1.4583004521727892e-06, 1.669679249344255e-06, 1.559587179582836e-06, 1.0390016575952404e-06, 3.671735098819979e-07, 1.804547418956722e-07], [4.924649308898204e-07, 5.362519591806177e-07, 5.234340884318274e-07, 3.671735098819979e-07, 1.8726911816263227e-07, 7.97719677075454e-08], [2.387829304945442e-07, 2.600736978936932e-07, 2.5434623406188205e-07, 1.804547418956722e-07, 7.97719677075454e-08, 6.896104110803067e-08]]</COVARIANCE_MATRIX>
		<ROI_SIZE>10201</ROI_SIZE>
		<MAX_VALUE>[0.1410464346408844, 0.10839537531137466, 0.06674985587596893, 0.03573135286569595, 0.014508151449263096, 0.008285974152386189]</MAX_VALUE>
		<MIN_VALUE>[0.12801681458950043, 0.0932711511850357, 0.053966667503118515, 0.02772260271012783, 0.008008750155568123, 0.0037271396722644567]</MIN_VALUE>
		<SIGNATURE_THRESHOLD_MD>0</SIGNATURE_THRESHOLD_MD>
		<SIGNATURE_THRESHOLD_ML>0</SIGNATURE_THRESHOLD_ML>
		<SIGNATURE_THRESHOLD_SAM>0</SIGNATURE_THRESHOLD_SAM>
	</signature>
	<signature ID="20210205_155616324588_478">
		<MACROCLASSID>1</MACROCLASSID>
		<MACROCLASSINFO>waterbody</MACROCLASSINFO>
		<CLASSID>4</CLASSID>
		<CLASSINFO>C 1</CLASSINFO>
		<VALUES>[0.14607245826211943, 0.0034652144924316804, 0.12548948796084336, 0.006884813805208149, 0.08769614427840085, 0.012913023933025014, 0.03496600803647114, 0.004051039566664673, 0.010097579311160492, 0.0010695659408839714, 0.005229212991558749, 0.0005944708035680805]</VALUES>
		<LCS_MIN>[0.13901343941688538, 0.11095201969146729, 0.06693466752767563, 0.028862308710813522, 0.008039548993110657, 0.003942765761166811]</LCS_MIN>
		<LCS_MAX>[0.15469211339950562, 0.1396295130252838, 0.11926880478858948, 0.050701554864645004, 0.015124219469726086, 0.007885531522333622]</LCS_MAX>
		<WAVELENGTH>[0.485, 0.56, 0.66, 0.83, 1.65, 2.215]</WAVELENGTH>
		<MEAN_VALUE>[0.14607245826211943, 0.12548948796084336, 0.08769614427840085, 0.03496600803647114, 0.010097579311160492, 0.005229212991558749]</MEAN_VALUE>
		<CHECKBOX>2</CHECKBOX>
		<SD>[0.0034652144924316804, 0.006884813805208149, 0.012913023933025014, 0.004051039566664673, 0.0010695659408839714, 0.0005944708035680805]</SD>
		<WAVELENGTH_UNIT>E-6m</WAVELENGTH_UNIT>
		<COLOR>#93c0bb</COLOR>
		<COVARIANCE_MATRIX>[[1.0773953531102127e-05, 2.0544766217554152e-05, 3.688127331796486e-05, 1.1467818361498518e-05, 2.871425476285141e-06, 1.5360854445495128e-06], [2.0544766217554152e-05, 4.294605211368789e-05, 8.037577394029651e-05, 2.310424082424762e-05, 5.11153856494302e-06, 2.728131438674841e-06], [3.688127331796486e-05, 8.037577394029651e-05, 0.00016083900151572968, 4.639981092572992e-05, 9.507729067207975e-06, 5.074080914525783e-06], [1.1467818361498518e-05, 2.310424082424762e-05, 4.639981092572992e-05, 1.5076950717136506e-05, 3.458942590936208e-06, 1.8576589750564238e-06], [2.871425476285141e-06, 5.11153856494302e-06, 9.507729067207975e-06, 3.458942590936208e-06, 9.85997106310611e-07, 5.163559510822391e-07], [1.5360854445495128e-06, 2.728131438674841e-06, 5.074080914525783e-06, 1.8576589750564238e-06, 5.163559510822391e-07, 3.0858976289372704e-07]]</COVARIANCE_MATRIX>
		<ROI_SIZE>9628</ROI_SIZE>
		<MAX_VALUE>[0.15469211339950562, 0.1396295130252838, 0.11926880478858948, 0.050701554864645004, 0.015124219469726086, 0.007885531522333622]</MAX_VALUE>
		<MIN_VALUE>[0.13901343941688538, 0.11095201969146729, 0.06693466752767563, 0.028862308710813522, 0.008039548993110657, 0.003942765761166811]</MIN_VALUE>
		<SIGNATURE_THRESHOLD_MD>0</SIGNATURE_THRESHOLD_MD>
		<SIGNATURE_THRESHOLD_ML>0</SIGNATURE_THRESHOLD_ML>
		<SIGNATURE_THRESHOLD_SAM>0</SIGNATURE_THRESHOLD_SAM>
	</signature>
	<signature ID="20210205_155626268226_614">
		<MACROCLASSID>1</MACROCLASSID>
		<MACROCLASSINFO>waterbody</MACROCLASSINFO>
		<CLASSID>5</CLASSID>
		<CLASSINFO>C 1</CLASSINFO>
		<VALUES>[0.1479908097286068, 0.0019049646221482154, 0.13666294286486985, 0.0036386218642551447, 0.10837157646169178, 0.003320819438618006, 0.05194812851742516, 0.006133892830406214, 0.019796682350750626, 0.005170185981871974, 0.012232982603402142, 0.003306250055308299]</VALUES>
		<LCS_MIN>[0.1355019211769104, 0.11122923344373703, 0.08692574501037598, 0.044048137962818146, 0.013645680621266365, 0.009179254062473774]</LCS_MIN>
		<LCS_MAX>[0.15133459866046906, 0.14058439433574677, 0.11812908202409744, 0.08098079264163971, 0.04802171140909195, 0.03339033201336861]</LCS_MAX>
		<WAVELENGTH>[0.485, 0.56, 0.66, 0.83, 1.65, 2.215]</WAVELENGTH>
		<MEAN_VALUE>[0.1479908097286068, 0.13666294286486985, 0.10837157646169178, 0.05194812851742516, 0.019796682350750626, 0.012232982603402142]</MEAN_VALUE>
		<CHECKBOX>2</CHECKBOX>
		<SD>[0.0019049646221482154, 0.0036386218642551447, 0.003320819438618006, 0.006133892830406214, 0.005170185981871974, 0.003306250055308299]</SD>
		<WAVELENGTH_UNIT>E-6m</WAVELENGTH_UNIT>
		<COLOR>#9057ad</COLOR>
		<COVARIANCE_MATRIX>[[3.6323628338484563e-06, 6.360386255651282e-06, 4.598873766609816e-06, -2.1688905763447346e-06, -3.312600091496566e-06, -2.0737244181059397e-06], [6.360386255651282e-06, 1.3252238515122632e-05, 9.781612158803962e-06, -6.686440787824165e-06, -8.01227912776057e-06, -4.924832317056314e-06], [4.598873766609816e-06, 9.781612158803962e-06, 1.103839470250964e-05, 2.9221149590023015e-06, 3.8233645594433104e-08, 3.8840019019705206e-07], [-2.1688905763447346e-06, -6.686440787824165e-06, 2.9221149590023015e-06, 3.766064569630106e-05, 2.857890489817999e-05, 1.778805606490673e-05], [-3.312600091496566e-06, -8.01227912776057e-06, 3.8233645594433104e-08, 2.857890489817999e-05, 2.6756402822157103e-05, 1.682258167688168e-05], [-2.0737244181059397e-06, -4.924832317056314e-06, 3.8840019019705206e-07, 1.778805606490673e-05, 1.682258167688168e-05, 1.0941749992272296e-05]]</COVARIANCE_MATRIX>
		<ROI_SIZE>1046</ROI_SIZE>
		<MAX_VALUE>[0.15133459866046906, 0.14058439433574677, 0.11812908202409744, 0.08098079264163971, 0.04802171140909195, 0.03339033201336861]</MAX_VALUE>
		<MIN_VALUE>[0.1355019211769104, 0.11122923344373703, 0.08692574501037598, 0.044048137962818146, 0.013645680621266365, 0.009179254062473774]</MIN_VALUE>
		<SIGNATURE_THRESHOLD_MD>0</SIGNATURE_THRESHOLD_MD>
		<SIGNATURE_THRESHOLD_ML>0</SIGNATURE_THRESHOLD_ML>
		<SIGNATURE_THRESHOLD_SAM>0</SIGNATURE_THRESHOLD_SAM>
	</signature>
	<signature ID="20210205_155637206617_290">
		<MACROCLASSID>1</MACROCLASSID>
		<MACROCLASSINFO>waterbody</MACROCLASSINFO>
		<CLASSID>6</CLASSID>
		<CLASSINFO>C 1</CLASSINFO>
		<VALUES>[0.1484711144339929, 0.0018810083280954837, 0.1358638856674413, 0.0030302651776471204, 0.114251896991108, 0.010447076653025036, 0.041505717363582606, 0.006834475716042563, 0.013880082663376835, 0.0022659325541253043, 0.008577335200545775, 0.0016498725648993137]</VALUES>
		<LCS_MIN>[0.14274060726165771, 0.12124017626047134, 0.0951809287071228, 0.033236313611269, 0.010996625758707523, 0.006499400828033686]</LCS_MIN>
		<LCS_MAX>[0.15503093600273132, 0.1443423479795456, 0.14418832957744598, 0.07096986472606659, 0.028893107548356056, 0.019498225301504135]</LCS_MAX>
		<WAVELENGTH>[0.485, 0.56, 0.66, 0.83, 1.65, 2.215]</WAVELENGTH>
		<MEAN_VALUE>[0.1484711144339929, 0.1358638856674413, 0.114251896991108, 0.041505717363582606, 0.013880082663376835, 0.008577335200545775]</MEAN_VALUE>
		<CHECKBOX>2</CHECKBOX>
		<SD>[0.0018810083280954837, 0.0030302651776471204, 0.010447076653025036, 0.006834475716042563, 0.0022659325541253043, 0.0016498725648993137]</SD>
		<WAVELENGTH_UNIT>E-6m</WAVELENGTH_UNIT>
		<COLOR>#f0f8b1</COLOR>
		<COVARIANCE_MATRIX>[[3.3900047625301662e-06, 4.8806746373513585e-06, 1.5185730194031755e-05, 1.0090190194441871e-05, 3.450626326845377e-06, 2.5348666415631766e-06], [4.8806746373513585e-06, 8.41032358104655e-06, 2.6851037314470603e-05, 1.5198089832556615e-05, 4.577024094023707e-06, 3.3193864804554505e-06], [1.5185730194031755e-05, 2.6851037314470603e-05, 9.403844302817304e-05, 5.3764751492750877e-05, 1.5362539493710603e-05, 1.1058779363402109e-05], [1.0090190194441871e-05, 1.5198089832556615e-05, 5.3764751492750877e-05, 3.820957915046647e-05, 1.2169560909121628e-05, 8.820607958456487e-06], [3.450626326845377e-06, 4.577024094023707e-06, 1.5362539493710603e-05, 1.2169560909121628e-05, 4.803878962186388e-06, 3.5024251495272913e-06], [2.5348666415631766e-06, 3.3193864804554505e-06, 1.1058779363402109e-05, 8.820607958456487e-06, 3.5024251495272913e-06, 2.612112615205886e-06]]</COVARIANCE_MATRIX>
		<ROI_SIZE>9897</ROI_SIZE>
		<MAX_VALUE>[0.15503093600273132, 0.1443423479795456, 0.14418832957744598, 0.07096986472606659, 0.028893107548356056, 0.019498225301504135]</MAX_VALUE>
		<MIN_VALUE>[0.14274060726165771, 0.12124017626047134, 0.0951809287071228, 0.033236313611269, 0.010996625758707523, 0.006499400828033686]</MIN_VALUE>
		<SIGNATURE_THRESHOLD_MD>0</SIGNATURE_THRESHOLD_MD>
		<SIGNATURE_THRESHOLD_ML>0</SIGNATURE_THRESHOLD_ML>
		<SIGNATURE_THRESHOLD_SAM>0</SIGNATURE_THRESHOLD_SAM>
	</signature>
	<signature ID="20210205_155651167685_991">
		<MACROCLASSID>1</MACROCLASSID>
		<MACROCLASSINFO>waterbody</MACROCLASSINFO>
		<CLASSID>7</CLASSID>
		<CLASSINFO>C 1</CLASSINFO>
		<VALUES>[0.14544033609602472, 0.002051321028455475, 0.1229156007627673, 0.005551173942705046, 0.09503561679617652, 0.01224535448014465, 0.038315740127201965, 0.0028231348910895513, 0.013724658078553546, 0.0009424908496040101, 0.008543817042970468, 0.0007133587948576331]</VALUES>
		<LCS_MIN>[0.13919825851917267, 0.10750208795070648, 0.06641101837158203, 0.03262025862932205, 0.011489476077258587, 0.006961452309042215]</LCS_MIN>
		<LCS_MAX>[0.14997926354408264, 0.13195958733558655, 0.12370440363883972, 0.05587644502520561, 0.01980624906718731, 0.013091221451759338]</LCS_MAX>
		<WAVELENGTH>[0.485, 0.56, 0.66, 0.83, 1.65, 2.215]</WAVELENGTH>
		<MEAN_VALUE>[0.14544033609602472, 0.1229156007627673, 0.09503561679617652, 0.038315740127201965, 0.013724658078553546, 0.008543817042970468]</MEAN_VALUE>
		<CHECKBOX>2</CHECKBOX>
		<SD>[0.002051321028455475, 0.005551173942705046, 0.01224535448014465, 0.0028231348910895513, 0.0009424908496040101, 0.0007133587948576331]</SD>
		<WAVELENGTH_UNIT>E-6m</WAVELENGTH_UNIT>
		<COLOR>#b6a48a</COLOR>
		<COVARIANCE_MATRIX>[[4.011067326032229e-06, 9.565322749769226e-06, 1.836911602751235e-05, 3.8355134691143516e-06, 9.691789961052707e-07, 6.572273689575721e-07], [9.565322749769226e-06, 2.885251822487503e-05, 6.145375188697709e-05, 1.1358637759924e-05, 1.755483160819134e-06, 1.1598683346029225e-06], [1.836911602751235e-05, 6.145375188697709e-05, 0.0001404477061648215, 2.678689561822118e-05, 3.715544621748665e-06, 2.504394024087824e-06], [3.8355134691143516e-06, 1.1358637759924e-05, 2.678689561822118e-05, 6.927602041499026e-06, 1.6417807623693163e-06, 1.1717832168500046e-06], [9.691789961052707e-07, 1.755483160819134e-06, 3.715544621748665e-06, 1.6417807623693163e-06, 7.40400555852645e-07, 5.227396605762624e-07], [6.572273689575721e-07, 1.1598683346029225e-06, 2.504394024087824e-06, 1.1717832168500046e-06, 5.227396605762624e-07, 4.243563908329574e-07]]</COVARIANCE_MATRIX>
		<ROI_SIZE>10198</ROI_SIZE>
		<MAX_VALUE>[0.14997926354408264, 0.13195958733558655, 0.12370440363883972, 0.05587644502520561, 0.01980624906718731, 0.013091221451759338]</MAX_VALUE>
		<MIN_VALUE>[0.13919825851917267, 0.10750208795070648, 0.06641101837158203, 0.03262025862932205, 0.011489476077258587, 0.006961452309042215]</MIN_VALUE>
		<SIGNATURE_THRESHOLD_MD>0</SIGNATURE_THRESHOLD_MD>
		<SIGNATURE_THRESHOLD_ML>0</SIGNATURE_THRESHOLD_ML>
		<SIGNATURE_THRESHOLD_SAM>0</SIGNATURE_THRESHOLD_SAM>
	</signature>
	<signature ID="20210205_155700352516_158">
		<MACROCLASSID>1</MACROCLASSID>
		<MACROCLASSINFO>waterbody</MACROCLASSINFO>
		<CLASSID>8</CLASSID>
		<CLASSINFO>C 1</CLASSINFO>
		<VALUES>[0.13639533375084575, 0.0038364376147449935, 0.118786289345198, 0.0055825422653438695, 0.08897095975717995, 0.00941583735502494, 0.03248693770347308, 0.00502185375544909, 0.009602716511791029, 0.0028275210808505406, 0.005404315460226398, 0.001887921032326152]</VALUES>
		<LCS_MIN>[0.12296514213085175, 0.09253188967704773, 0.06564095616340637, 0.026305660605430603, 0.005174879450351, 0.0012937112478539348]</LCS_MIN>
		<LCS_MAX>[0.15832684934139252, 0.1448660045862198, 0.11899156868457794, 0.058463890105485916, 0.03625500202178955, 0.0232869740575552]</LCS_MAX>
		<WAVELENGTH>[0.485, 0.56, 0.66, 0.83, 1.65, 2.215]</WAVELENGTH>
		<MEAN_VALUE>[0.13639533375084575, 0.118786289345198, 0.08897095975717995, 0.03248693770347308, 0.009602716511791029, 0.005404315460226398]</MEAN_VALUE>
		<CHECKBOX>2</CHECKBOX>
		<SD>[0.0038364376147449935, 0.0055825422653438695, 0.00941583735502494, 0.00502185375544909, 0.0028275210808505406, 0.001887921032326152]</SD>
		<WAVELENGTH_UNIT>E-6m</WAVELENGTH_UNIT>
		<COLOR>#3142bd</COLOR>
		<COVARIANCE_MATRIX>[[1.295973308405749e-05, 1.8674097578516435e-05, 2.2914913092355914e-05, 1.1601138553067656e-05, 5.312792622493341e-06, 3.190500460727287e-06], [1.8674097578516435e-05, 3.1971243037418765e-05, 4.41132070225744e-05, 1.4747957208035231e-05, 5.629240687196265e-06, 3.334287141577686e-06], [2.2914913092355914e-05, 4.41132070225744e-05, 0.00011230463258614101, 3.620178248805588e-05, 6.693766600562147e-06, 3.842269249877092e-06], [1.1601138553067656e-05, 1.4747957208035231e-05, 3.620178248805588e-05, 2.552986576371392e-05, 9.11357997407721e-06, 5.516335958611096e-06], [5.312792622493341e-06, 5.629240687196265e-06, 6.693766600562147e-06, 9.11357997407721e-06, 5.8663222135818355e-06, 3.817313069038066e-06], [3.190500460727287e-06, 3.334287141577686e-06, 3.842269249877092e-06, 5.516335958611096e-06, 3.817313069038066e-06, 2.646839679159179e-06]]</COVARIANCE_MATRIX>
		<ROI_SIZE>6931</ROI_SIZE>
		<MAX_VALUE>[0.15832684934139252, 0.1448660045862198, 0.11899156868457794, 0.058463890105485916, 0.03625500202178955, 0.0232869740575552]</MAX_VALUE>
		<MIN_VALUE>[0.12296514213085175, 0.09253188967704773, 0.06564095616340637, 0.026305660605430603, 0.005174879450351, 0.0012937112478539348]</MIN_VALUE>
		<SIGNATURE_THRESHOLD_MD>0</SIGNATURE_THRESHOLD_MD>
		<SIGNATURE_THRESHOLD_ML>0</SIGNATURE_THRESHOLD_ML>
		<SIGNATURE_THRESHOLD_SAM>0</SIGNATURE_THRESHOLD_SAM>
	</signature>
	<signature ID="20210205_155711803350_504">
		<MACROCLASSID>1</MACROCLASSID>
		<MACROCLASSINFO>waterbody</MACROCLASSINFO>
		<CLASSID>9</CLASSID>
		<CLASSINFO>C 1</CLASSINFO>
		<VALUES>[0.12922958372000637, 0.0017000163269078176, 0.09988574774644843, 0.002974678849022093, 0.0578574180123344, 0.00282858579534971, 0.026175605744244924, 0.001653364939893708, 0.008723443599857475, 0.0014945835419374034, 0.005149713529153343, 0.0011068923688190822]</VALUES>
		<LCS_MIN>[0.12244149297475815, 0.09012925624847412, 0.052950166165828705, 0.02393384277820587, 0.006961452309042215, 0.004004375077784061]</LCS_MIN>
		<LCS_MAX>[0.15256671607494354, 0.12241069227457047, 0.08276735246181488, 0.054182279855012894, 0.0372098907828331, 0.03191179409623146]</LCS_MAX>
		<WAVELENGTH>[0.485, 0.56, 0.66, 0.83, 1.65, 2.215]</WAVELENGTH>
		<MEAN_VALUE>[0.12922958372000637, 0.09988574774644843, 0.0578574180123344, 0.026175605744244924, 0.008723443599857475, 0.005149713529153343]</MEAN_VALUE>
		<CHECKBOX>2</CHECKBOX>
		<SD>[0.0017000163269078176, 0.002974678849022093, 0.00282858579534971, 0.001653364939893708, 0.0014945835419374034, 0.0011068923688190822]</SD>
		<WAVELENGTH_UNIT>E-6m</WAVELENGTH_UNIT>
		<COLOR>#6095be</COLOR>
		<COVARIANCE_MATRIX>[[3.694704719089717e-06, 5.126436560324517e-06, 4.878126061605397e-06, 3.305910287069007e-06, 2.1848722667537297e-06, 1.4388056704635004e-06], [5.126436560324517e-06, 1.0116762163596701e-05, 9.503414519839965e-06, 4.476121852825841e-06, 2.5796175409032903e-06, 1.6530760756099466e-06], [4.878126061605397e-06, 9.503414519839965e-06, 9.236507866750015e-06, 4.4760436844922e-06, 2.6114565271187793e-06, 1.667733915534856e-06], [3.305910287069007e-06, 4.476121852825841e-06, 4.4760436844922e-06, 3.453453494940639e-06, 2.4202240653618475e-06, 1.6145707642485286e-06], [2.1848722667537297e-06, 2.5796175409032903e-06, 2.6114565271187793e-06, 2.4202240653618475e-06, 2.1360215118058334e-06, 1.452598635206398e-06], [1.4388056704635004e-06, 1.6530760756099466e-06, 1.667733915534856e-06, 1.6145707642485286e-06, 1.452598635206398e-06, 1.0707442769573584e-06]]</COVARIANCE_MATRIX>
		<ROI_SIZE>10142</ROI_SIZE>
		<MAX_VALUE>[0.15256671607494354, 0.12241069227457047, 0.08276735246181488, 0.054182279855012894, 0.0372098907828331, 0.03191179409623146]</MAX_VALUE>
		<MIN_VALUE>[0.12244149297475815, 0.09012925624847412, 0.052950166165828705, 0.02393384277820587, 0.006961452309042215, 0.004004375077784061]</MIN_VALUE>
		<SIGNATURE_THRESHOLD_MD>0</SIGNATURE_THRESHOLD_MD>
		<SIGNATURE_THRESHOLD_ML>0</SIGNATURE_THRESHOLD_ML>
		<SIGNATURE_THRESHOLD_SAM>0</SIGNATURE_THRESHOLD_SAM>
	</signature>
	<signature ID="20210205_155727485193_367">
		<MACROCLASSID>1</MACROCLASSID>
		<MACROCLASSINFO>waterbody</MACROCLASSINFO>
		<CLASSID>10</CLASSID>
		<CLASSINFO>C 1</CLASSINFO>
		<VALUES>[0.1458260249679962, 0.001986124626560758, 0.13882543727317287, 0.0031048047082806165, 0.12624586297823193, 0.004420340741876288, 0.04668081175211979, 0.005513548271811321, 0.010641231106313138, 0.0029119075709677133, 0.005597966432552352, 0.0018203883846858834]</VALUES>
		<LCS_MIN>[0.13371536135673523, 0.11892996728420258, 0.10303566604852676, 0.03862680867314339, 0.007916342467069626, 0.003942765761166811]</LCS_MIN>
		<LCS_MAX>[0.14908598363399506, 0.142925426363945, 0.1322368085384369, 0.07873217761516571, 0.03727148845791817, 0.025720402598381042]</LCS_MAX>
		<WAVELENGTH>[0.485, 0.56, 0.66, 0.83, 1.65, 2.215]</WAVELENGTH>
		<MEAN_VALUE>[0.1458260249679962, 0.13882543727317287, 0.12624586297823193, 0.04668081175211979, 0.010641231106313138, 0.005597966432552352]</MEAN_VALUE>
		<CHECKBOX>2</CHECKBOX>
		<SD>[0.001986124626560758, 0.0031048047082806165, 0.004420340741876288, 0.005513548271811321, 0.0029119075709677133, 0.0018203883846858834]</SD>
		<WAVELENGTH_UNIT>E-6m</WAVELENGTH_UNIT>
		<COLOR>#7ac6d6</COLOR>
		<COVARIANCE_MATRIX>[[5.00047689318077e-06, 7.839612921847476e-06, 8.626465550615597e-06, -5.662891634397086e-06, -2.8649870628716295e-06, -1.488007676458219e-06], [7.839612921847476e-06, 1.4224163017060515e-05, 1.8569226786432825e-05, -6.749482247356494e-06, -4.23237888271637e-06, -2.2345834960088087e-06], [8.626465550615597e-06, 1.8569226786432825e-05, 3.176115037754654e-05, 1.3830128092952633e-07, -1.8679832084238843e-06, -6.161202664387699e-07], [-5.662891634397086e-06, -6.749482247356494e-06, 1.3830128092952633e-07, 2.771721704886989e-05, 1.2961902254296908e-05, 7.681292347050486e-06], [-2.8649870628716295e-06, -4.23237888271637e-06, -1.8679832084238843e-06, 1.2961902254296908e-05, 7.839871087333515e-06, 5.0077338945531115e-06], [-1.488007676458219e-06, -2.2345834960088087e-06, -6.161202664387699e-07, 7.681292347050486e-06, 5.0077338945531115e-06, 3.4561844345886838e-06]]</COVARIANCE_MATRIX>
		<ROI_SIZE>2808</ROI_SIZE>
		<MAX_VALUE>[0.14908598363399506, 0.142925426363945, 0.1322368085384369, 0.07873217761516571, 0.03727148845791817, 0.025720402598381042]</MAX_VALUE>
		<MIN_VALUE>[0.13371536135673523, 0.11892996728420258, 0.10303566604852676, 0.03862680867314339, 0.007916342467069626, 0.003942765761166811]</MIN_VALUE>
		<SIGNATURE_THRESHOLD_MD>0</SIGNATURE_THRESHOLD_MD>
		<SIGNATURE_THRESHOLD_ML>0</SIGNATURE_THRESHOLD_ML>
		<SIGNATURE_THRESHOLD_SAM>0</SIGNATURE_THRESHOLD_SAM>
	</signature>
	<signature ID="20210205_155759753395_556">
		<MACROCLASSID>1</MACROCLASSID>
		<MACROCLASSINFO>waterbody</MACROCLASSINFO>
		<CLASSID>11</CLASSID>
		<CLASSINFO>C 1</CLASSINFO>
		<VALUES>[0.15566421302410213, 0.0012553545665423555, 0.15106005890591365, 0.001917001882930965, 0.13630140357994813, 0.0021519209588677893, 0.06535448056754761, 0.008120998287922142, 0.021652761709739312, 0.007064339204681914, 0.0129307334649715, 0.005021265292015831]</VALUES>
		<LCS_MIN>[0.1507185399532318, 0.14421913027763367, 0.12395081669092178, 0.0548599474132061, 0.013584071770310402, 0.008131956681609154]</LCS_MIN>
		<LCS_MAX>[0.1583576500415802, 0.1548769176006317, 0.1408616304397583, 0.09243947267532349, 0.04734404757618904, 0.03625500202178955]</LCS_MAX>
		<WAVELENGTH>[0.485, 0.56, 0.66, 0.83, 1.65, 2.215]</WAVELENGTH>
		<MEAN_VALUE>[0.15566421302410213, 0.15106005890591365, 0.13630140357994813, 0.06535448056754761, 0.021652761709739312, 0.0129307334649715]</MEAN_VALUE>
		<CHECKBOX>2</CHECKBOX>
		<SD>[0.0012553545665423555, 0.001917001882930965, 0.0021519209588677893, 0.008120998287922142, 0.007064339204681914, 0.005021265292015831]</SD>
		<WAVELENGTH_UNIT>E-6m</WAVELENGTH_UNIT>
		<COLOR>#9b3831</COLOR>
		<COVARIANCE_MATRIX>[[1.7038793915281663e-06, 1.967653241564611e-06, 1.9533305530985254e-06, -3.6607708856277318e-06, -4.000252110086207e-06, -2.6821960748533796e-06], [1.967653241564611e-06, 3.5213307859147653e-06, 1.7647795057343002e-06, -1.0860396926672036e-05, -9.585676607495006e-06, -6.344976691707838e-06], [1.9533305530985254e-06, 1.7647795057343002e-06, 5.775583439297241e-06, 5.298549350944588e-07, -4.2942967447869315e-06, -2.6170947489228055e-06], [-3.6607708856277318e-06, -1.0860396926672036e-05, 5.298549350944588e-07, 6.695208281130156e-05, 5.0051529183940244e-05, 3.3868579193656166e-05], [-4.000252110086207e-06, -9.585676607495006e-06, -4.2942967447869315e-06, 5.0051529183940244e-05, 4.787969465399563e-05, 3.220303988813883e-05], [-2.6821960748533796e-06, -6.344976691707838e-06, -2.6170947489228055e-06, 3.3868579193656166e-05, 3.220303988813883e-05, 2.278718203702064e-05]]</COVARIANCE_MATRIX>
		<ROI_SIZE>593</ROI_SIZE>
		<MAX_VALUE>[0.1583576500415802, 0.1548769176006317, 0.1408616304397583, 0.09243947267532349, 0.04734404757618904, 0.03625500202178955]</MAX_VALUE>
		<MIN_VALUE>[0.1507185399532318, 0.14421913027763367, 0.12395081669092178, 0.0548599474132061, 0.013584071770310402, 0.008131956681609154]</MIN_VALUE>
		<SIGNATURE_THRESHOLD_MD>0</SIGNATURE_THRESHOLD_MD>
		<SIGNATURE_THRESHOLD_ML>0</SIGNATURE_THRESHOLD_ML>
		<SIGNATURE_THRESHOLD_SAM>0</SIGNATURE_THRESHOLD_SAM>
	</signature>
	<signature ID="20210205_155807860944_571">
		<MACROCLASSID>1</MACROCLASSID>
		<MACROCLASSINFO>waterbody</MACROCLASSINFO>
		<CLASSID>12</CLASSID>
		<CLASSINFO>C 1</CLASSINFO>
		<VALUES>[0.13897773821861104, 0.0015356638937490273, 0.12843307519571479, 0.0013990648123322904, 0.10842256299752405, 0.0016451041995536458, 0.05033584190303446, 0.00529327108200662, 0.016732427743081615, 0.005533893025301778, 0.010075793708047873, 0.004262110185331857]</VALUES>
		<LCS_MIN>[0.13522468507289886, 0.12071652710437775, 0.10103348642587662, 0.040783025324344635, 0.011366257444024086, 0.006006562616676092]</LCS_MIN>
		<LCS_MAX>[0.1431410312652588, 0.1322060078382492, 0.11637332290410995, 0.0811656042933464, 0.04524945095181465, 0.03298988938331604]</LCS_MAX>
		<WAVELENGTH>[0.485, 0.56, 0.66, 0.83, 1.65, 2.215]</WAVELENGTH>
		<MEAN_VALUE>[0.13897773821861104, 0.12843307519571479, 0.10842256299752405, 0.05033584190303446, 0.016732427743081615, 0.010075793708047873]</MEAN_VALUE>
		<CHECKBOX>2</CHECKBOX>
		<SD>[0.0015356638937490273, 0.0013990648123322904, 0.0016451041995536458, 0.00529327108200662, 0.005533893025301778, 0.004262110185331857]</SD>
		<WAVELENGTH_UNIT>E-6m</WAVELENGTH_UNIT>
		<COLOR>#7f3c75</COLOR>
		<COVARIANCE_MATRIX>[[3.112809840639567e-06, 3.54857993142714e-06, 4.243496422848143e-06, 2.414419835980421e-06, 1.2343671244183103e-06, 9.941277357323807e-07], [3.54857993142714e-06, 5.515103194677022e-06, 6.655302120413082e-06, 2.6702494384062033e-07, -4.4482056955693224e-07, -4.6765864513780655e-09], [4.243496422848143e-06, 6.655302120413082e-06, 9.901648892018923e-06, 3.5179482415412267e-06, 2.6261815382777015e-06, 2.542021297181287e-06], [2.414419835980421e-06, 2.6702494384062033e-07, 3.5179482415412267e-06, 2.9844007563250564e-05, 2.690107712116177e-05, 2.0308104830244626e-05], [1.2343671244183103e-06, -4.4482056955693224e-07, 2.6261815382777015e-06, 2.690107712116177e-05, 2.8637607290201722e-05, 2.1980530294839846e-05], [9.941277357323807e-07, -4.6765864513780655e-09, 2.542021297181287e-06, 2.0308104830244626e-05, 2.1980530294839846e-05, 1.7777467748512106e-05]]</COVARIANCE_MATRIX>
		<ROI_SIZE>1145</ROI_SIZE>
		<MAX_VALUE>[0.1431410312652588, 0.1322060078382492, 0.11637332290410995, 0.0811656042933464, 0.04524945095181465, 0.03298988938331604]</MAX_VALUE>
		<MIN_VALUE>[0.13522468507289886, 0.12071652710437775, 0.10103348642587662, 0.040783025324344635, 0.011366257444024086, 0.006006562616676092]</MIN_VALUE>
		<SIGNATURE_THRESHOLD_MD>0</SIGNATURE_THRESHOLD_MD>
		<SIGNATURE_THRESHOLD_ML>0</SIGNATURE_THRESHOLD_ML>
		<SIGNATURE_THRESHOLD_SAM>0</SIGNATURE_THRESHOLD_SAM>
	</signature>
	<signature ID="20210205_155814851995_385">
		<MACROCLASSID>1</MACROCLASSID>
		<MACROCLASSINFO>waterbody</MACROCLASSINFO>
		<CLASSID>13</CLASSID>
		<CLASSINFO>C 1</CLASSINFO>
		<VALUES>[0.14858605387215754, 0.0007943913140311488, 0.14580309280756198, 0.0011183418529681346, 0.153934929470119, 0.0014833513660030778, 0.07001066156581634, 0.004887465921173158, 0.014644790326416465, 0.0053689566603492625, 0.00886774435543666, 0.003834489194197826]</VALUES>
		<LCS_MIN>[0.14477357268333435, 0.13956789672374725, 0.14637534320354462, 0.06391599774360657, 0.004712839610874653, 0.003942765761166811]</LCS_MIN>
		<LCS_MAX>[0.15102656185626984, 0.14840832352638245, 0.15752598643302917, 0.09585859626531601, 0.04167630523443222, 0.02987879514694214]</LCS_MAX>
		<WAVELENGTH>[0.485, 0.56, 0.66, 0.83, 1.65, 2.215]</WAVELENGTH>
		<MEAN_VALUE>[0.14858605387215754, 0.14580309280756198, 0.153934929470119, 0.07001066156581634, 0.014644790326416465, 0.00886774435543666]</MEAN_VALUE>
		<CHECKBOX>2</CHECKBOX>
		<SD>[0.0007943913140311488, 0.0011183418529681346, 0.0014833513660030778, 0.004887465921173158, 0.0053689566603492625, 0.003834489194197826]</SD>
		<WAVELENGTH_UNIT>E-6m</WAVELENGTH_UNIT>
		<COLOR>#958400</COLOR>
		<COVARIANCE_MATRIX>[[6.317067959807825e-07, 7.010416855956671e-07, 7.896155882367555e-07, -1.0784374186933383e-06, -1.6262836562751637e-06, -1.2236885934424352e-06], [7.010416855956671e-07, 1.2519752166641023e-06, 1.3769857107133931e-06, -2.883431538594113e-06, -3.3409289626998177e-06, -2.4599045850141145e-06], [7.896155882367555e-07, 1.3769857107133931e-06, 2.2025949903268125e-06, -2.519673443999504e-06, -3.071265495807383e-06, -2.2169523082115375e-06], [-1.0784374186933383e-06, -2.883431538594113e-06, -2.519673443999504e-06, 2.3911898565948616e-05, 2.3063803411250545e-05, 1.642830241985232e-05], [-1.6262836562751637e-06, -3.3409289626998177e-06, -3.071265495807383e-06, 2.3063803411250545e-05, 2.885535168616212e-05, 2.034591715312659e-05], [-1.2236885934424352e-06, -2.4599045850141145e-06, -2.2169523082115375e-06, 1.642830241985232e-05, 2.034591715312659e-05, 1.4718434239864768e-05]]</COVARIANCE_MATRIX>
		<ROI_SIZE>973</ROI_SIZE>
		<MAX_VALUE>[0.15102656185626984, 0.14840832352638245, 0.15752598643302917, 0.09585859626531601, 0.04167630523443222, 0.02987879514694214]</MAX_VALUE>
		<MIN_VALUE>[0.14477357268333435, 0.13956789672374725, 0.14637534320354462, 0.06391599774360657, 0.004712839610874653, 0.003942765761166811]</MIN_VALUE>
		<SIGNATURE_THRESHOLD_MD>0</SIGNATURE_THRESHOLD_MD>
		<SIGNATURE_THRESHOLD_ML>0</SIGNATURE_THRESHOLD_ML>
		<SIGNATURE_THRESHOLD_SAM>0</SIGNATURE_THRESHOLD_SAM>
	</signature>
	<signature ID="20210205_155828605865_405">
		<MACROCLASSID>1</MACROCLASSID>
		<MACROCLASSINFO>waterbody</MACROCLASSINFO>
		<CLASSID>14</CLASSID>
		<CLASSINFO>C 1</CLASSINFO>
		<VALUES>[0.14358992086565145, 0.0025414358070384078, 0.13831506305983052, 0.003223086514035826, 0.12938933537301572, 0.003364800825850393, 0.06676537511481317, 0.006109378118826896, 0.02143373200425574, 0.005305346085135261, 0.013439137291198385, 0.003807623267593324]</VALUES>
		<LCS_MIN>[0.1298033744096756, 0.11797507107257843, 0.10457581281661987, 0.05837147310376167, 0.014785386621952057, 0.008963639847934246]</LCS_MIN>
		<LCS_MAX>[0.14739182591438293, 0.14283299446105957, 0.1398451179265976, 0.0955197662115097, 0.048452943563461304, 0.0391196571290493]</LCS_MAX>
		<WAVELENGTH>[0.485, 0.56, 0.66, 0.83, 1.65, 2.215]</WAVELENGTH>
		<MEAN_VALUE>[0.14358992086565145, 0.13831506305983052, 0.12938933537301572, 0.06676537511481317, 0.02143373200425574, 0.013439137291198385]</MEAN_VALUE>
		<CHECKBOX>2</CHECKBOX>
		<SD>[0.0025414358070384078, 0.003223086514035826, 0.003364800825850393, 0.006109378118826896, 0.005305346085135261, 0.003807623267593324]</SD>
		<WAVELENGTH_UNIT>E-6m</WAVELENGTH_UNIT>
		<COLOR>#64cc17</COLOR>
		<COVARIANCE_MATRIX>[[6.465680515878197e-06, 7.908947951644576e-06, 7.054186679107326e-06, -4.038865922553605e-06, -4.158844240321979e-06, -2.5708469650656557e-06], [7.908947951644576e-06, 1.0399198742796724e-05, 9.750560246292698e-06, -7.741396090463892e-06, -7.435458921827561e-06, -4.760566528299837e-06], [7.054186679107326e-06, 9.750560246292698e-06, 1.1333777333565573e-05, -1.015820721722775e-05, -8.591753926386942e-06, -5.142279868149314e-06], [-4.038865922553605e-06, -7.741396090463892e-06, -1.015820721722775e-05, 3.7363707407413065e-05, 2.9673193841926077e-05, 1.8949540836203832e-05], [-4.158844240321979e-06, -7.435458921827561e-06, -8.591753926386942e-06, 2.9673193841926077e-05, 2.8176262941340545e-05, 1.9440790074218394e-05], [-2.5708469650656557e-06, -4.760566528299837e-06, -5.142279868149314e-06, 1.8949540836203832e-05, 1.9440790074218394e-05, 1.451322393420789e-05]]</COVARIANCE_MATRIX>
		<ROI_SIZE>953</ROI_SIZE>
		<MAX_VALUE>[0.14739182591438293, 0.14283299446105957, 0.1398451179265976, 0.0955197662115097, 0.048452943563461304, 0.0391196571290493]</MAX_VALUE>
		<MIN_VALUE>[0.1298033744096756, 0.11797507107257843, 0.10457581281661987, 0.05837147310376167, 0.014785386621952057, 0.008963639847934246]</MIN_VALUE>
		<SIGNATURE_THRESHOLD_MD>0</SIGNATURE_THRESHOLD_MD>
		<SIGNATURE_THRESHOLD_ML>0</SIGNATURE_THRESHOLD_ML>
		<SIGNATURE_THRESHOLD_SAM>0</SIGNATURE_THRESHOLD_SAM>
	</signature>
	<signature ID="20210205_155844928202_171">
		<MACROCLASSID>1</MACROCLASSID>
		<MACROCLASSINFO>waterbody</MACROCLASSINFO>
		<CLASSID>15</CLASSID>
		<CLASSINFO>C 1</CLASSINFO>
		<VALUES>[0.14272225230797364, 0.0015785402308847094, 0.13763729456593002, 0.002205887942664544, 0.12344978910900355, 0.004722297803800495, 0.05093794189629511, 0.005393970485607447, 0.013811954812513365, 0.005163851967790069, 0.008125434085785737, 0.003957946345351513]</VALUES>
		<LCS_MIN>[0.1353171020746231, 0.12542937695980072, 0.1059003472328186, 0.04025937616825104, 0.006376194301992655, 0.003388306824490428]</LCS_MIN>
		<LCS_MAX>[0.14652934670448303, 0.14147767424583435, 0.1335921436548233, 0.0791018083691597, 0.041183456778526306, 0.028893107548356056]</LCS_MAX>
		<WAVELENGTH>[0.485, 0.56, 0.66, 0.83, 1.65, 2.215]</WAVELENGTH>
		<MEAN_VALUE>[0.14272225230797364, 0.13763729456593002, 0.12344978910900355, 0.05093794189629511, 0.013811954812513365, 0.008125434085785737]</MEAN_VALUE>
		<CHECKBOX>2</CHECKBOX>
		<SD>[0.0015785402308847094, 0.002205887942664544, 0.004722297803800495, 0.005393970485607447, 0.005163851967790069, 0.003957946345351513]</SD>
		<WAVELENGTH_UNIT>E-6m</WAVELENGTH_UNIT>
		<COLOR>#3eecd8</COLOR>
		<COVARIANCE_MATRIX>[[2.4872831263187003e-06, 2.926049107926975e-06, 6.425120830553642e-06, -5.73174363063049e-07, -2.6442303734365485e-06, -1.8657309492066306e-06], [2.926049107926975e-06, 5.011381497286152e-06, 6.763894623452258e-06, -4.840536854546568e-06, -5.923700232369814e-06, -4.430769698517478e-06], [6.425120830553642e-06, 6.763894623452258e-06, 2.2837007009057284e-05, 1.2309873895237493e-06, -7.92582465958506e-06, -5.693527994523963e-06], [-5.73174363063049e-07, -4.840536854546568e-06, 1.2309873895237493e-06, 3.0675151228124214e-05, 2.3715780423517977e-05, 1.744930788241546e-05], [-2.6442303734365485e-06, -5.923700232369814e-06, -7.92582465958506e-06, 2.3715780423517977e-05, 2.7201461770328246e-05, 2.0477536506068332e-05], [-1.8657309492066306e-06, -4.430769698517478e-06, -5.693527994523963e-06, 1.744930788241546e-05, 2.0477536506068332e-05, 1.5900236311533798e-05]]</COVARIANCE_MATRIX>
		<ROI_SIZE>2042</ROI_SIZE>
		<MAX_VALUE>[0.14652934670448303, 0.14147767424583435, 0.1335921436548233, 0.0791018083691597, 0.041183456778526306, 0.028893107548356056]</MAX_VALUE>
		<MIN_VALUE>[0.1353171020746231, 0.12542937695980072, 0.1059003472328186, 0.04025937616825104, 0.006376194301992655, 0.003388306824490428]</MIN_VALUE>
		<SIGNATURE_THRESHOLD_MD>0</SIGNATURE_THRESHOLD_MD>
		<SIGNATURE_THRESHOLD_ML>0</SIGNATURE_THRESHOLD_ML>
		<SIGNATURE_THRESHOLD_SAM>0</SIGNATURE_THRESHOLD_SAM>
	</signature>
	<signature ID="20210205_155902888165_644">
		<MACROCLASSID>1</MACROCLASSID>
		<MACROCLASSINFO>waterbody</MACROCLASSINFO>
		<CLASSID>16</CLASSID>
		<CLASSINFO>C 1</CLASSINFO>
		<VALUES>[0.14700772598763412, 0.0016416051398530638, 0.13920159533358462, 0.0023225672036658687, 0.1252867640749521, 0.0020149252048785107, 0.05324786618264796, 0.0052202549427827994, 0.015435394970790923, 0.005335190643010614, 0.00903214640610398, 0.0042511796409350705]</VALUES>
