<?xml version="1.0" ?>
<signaturelist MCID_LIST="[['1', 'waterbody', '#000000'], ['2', 'vegetation', '#000000'], ['3', 'bareland', '#000000'], ['4', 'built-up', '#000000']]">
	<signature ID="20210524_131140595348_547">
		<MACROCLASSID>1</MACROCLASSID>
		<MACROCLASSINFO>waterbody</MACROCLASSINFO>
		<CLASSID>1</CLASSID>
		<CLASSINFO>C 1</CLASSINFO>
		<VALUES>[0.108653048849436, 0.0030942753917128493, 0.08361050756716285, 0.005616380461242814, 0.05095582257454113, 0.0049319278646300785, 0.039525775266120305, 0.006337392959665962, 0.01327981004664671, 0.007411325660071976, 0.008003603513260127, 0.0058585349865985905]</VALUES>
		<LCS_MIN>[0.09858091175556183, 0.07254911959171295, 0.04136846959590912, 0.025201458483934402, 0.0, 0.0]</LCS_MIN>
		<LCS_MAX>[0.12048160284757614, 0.10684419423341751, 0.07991254329681396, 0.07338552922010422, 0.0463409461081028, 0.03976776823401451]</LCS_MAX>
		<WAVELENGTH>[0.485, 0.56, 0.66, 0.83, 1.65, 2.215]</WAVELENGTH>
		<MEAN_VALUE>[0.108653048849436, 0.08361050756716285, 0.05095582257454113, 0.039525775266120305, 0.01327981004664671, 0.008003603513260127]</MEAN_VALUE>
		<CHECKBOX>2</CHECKBOX>
		<SD>[0.0030942753917128493, 0.005616380461242814, 0.0049319278646300785, 0.006337392959665962, 0.007411325660071976, 0.0058585349865985905]</SD>
		<WAVELENGTH_UNIT>E-6m</WAVELENGTH_UNIT>
		<COLOR>#fe91c7</COLOR>
		<COVARIANCE_MATRIX>[[1.4183480753515464e-05, 1.5560610965540702e-05, 1.0159625219210646e-05, 1.5975574068054014e-05, 1.7359081355804662e-05, 1.2594043062174959e-05], [1.5560610965540702e-05, 3.337207638092604e-05, 2.1951128719701693e-05, 2.8340794613937156e-05, 3.0114034330932547e-05, 2.1689455239086027e-05], [1.0159625219210646e-05, 2.1951128719701693e-05, 2.4182403161191287e-05, 2.9313548079913138e-05, 3.04915180598988e-05, 2.1957484032405045e-05], [1.5975574068054014e-05, 2.8340794613937156e-05, 2.9313548079913138e-05, 5.9250006721725034e-05, 5.6362262172808806e-05, 4.035623060858095e-05], [1.7359081355804662e-05, 3.0114034330932547e-05, 3.04915180598988e-05, 5.6362262172808806e-05, 7.695095996664487e-05, 5.0530611940135926e-05], [1.2594043062174959e-05, 2.1689455239086027e-05, 2.1957484032405045e-05, 4.035623060858095e-05, 5.0530611940135926e-05, 4.66363628260285e-05]]</COVARIANCE_MATRIX>
		<ROI_SIZE>3135</ROI_SIZE>
		<MAX_VALUE>[0.12048160284757614, 0.10684419423341751, 0.07991254329681396, 0.07338552922010422, 0.0463409461081028, 0.03976776823401451]</MAX_VALUE>
		<MIN_VALUE>[0.09858091175556183, 0.07254911959171295, 0.04136846959590912, 0.025201458483934402, 0.0, 0.0]</MIN_VALUE>
		<SIGNATURE_THRESHOLD_MD>0</SIGNATURE_THRESHOLD_MD>
		<SIGNATURE_THRESHOLD_ML>0</SIGNATURE_THRESHOLD_ML>
		<SIGNATURE_THRESHOLD_SAM>0</SIGNATURE_THRESHOLD_SAM>
	</signature>
	<signature ID="20210524_131145160406_759">
		<MACROCLASSID>1</MACROCLASSID>
		<MACROCLASSINFO>waterbody</MACROCLASSINFO>
		<CLASSID>2</CLASSID>
		<CLASSINFO>C 1</CLASSINFO>
		<VALUES>[0.10312992517850289, 0.003497655372046504, 0.08023660133282337, 0.005166095524695153, 0.04975004856525668, 0.004026364633680502, 0.047275840740335806, 0.009779298307310813, 0.017981163068530863, 0.008493844033641213, 0.00900567463247003, 0.005350822166927785]</VALUES>
		<LCS_MIN>[0.08945561200380325, 0.05730687826871872, 0.03494445979595184, 0.02921680174767971, 0.002392927184700966, 0.0]</LCS_MIN>
		<LCS_MAX>[0.11135630309581757, 0.09160194545984268, 0.06706450879573822, 0.07740087062120438, 0.05409647524356842, 0.03605521470308304]</LCS_MAX>
		<WAVELENGTH>[0.485, 0.56, 0.66, 0.83, 1.65, 2.215]</WAVELENGTH>
		<MEAN_VALUE>[0.10312992517850289, 0.08023660133282337, 0.04975004856525668, 0.047275840740335806, 0.017981163068530863, 0.00900567463247003]</MEAN_VALUE>
		<CHECKBOX>2</CHECKBOX>
		<SD>[0.003497655372046504, 0.005166095524695153, 0.004026364633680502, 0.009779298307310813, 0.008493844033641213, 0.005350822166927785]</SD>
		<WAVELENGTH_UNIT>E-6m</WAVELENGTH_UNIT>
		<COLOR>#89447e</COLOR>
		<COVARIANCE_MATRIX>[[1.2264100815076092e-05, 1.3138137214703375e-05, 8.162029129058346e-06, -9.71322654029434e-06, -4.164046019979754e-06, -1.0679556814633694e-06], [1.3138137214703375e-05, 2.6755097940275953e-05, 1.5710995591006907e-05, -7.573363925614904e-06, 1.8864625161112258e-06, 3.2260351140839704e-06], [8.162029129058346e-06, 1.5710995591006907e-05, 1.6252040123860234e-05, 6.468246895973358e-06, 1.1672393268392345e-05, 7.86575305944987e-06], [-9.71322654029434e-06, -7.573363925614904e-06, 6.468246895973358e-06, 9.587316584567469e-05, 6.160992526441348e-05, 3.0425742761570905e-05], [-4.164046019979754e-06, 1.8864625161112258e-06, 1.1672393268392345e-05, 6.160992526441348e-05, 7.232530014978706e-05, 3.478816465303168e-05], [-1.0679556814633694e-06, 3.2260351140839704e-06, 7.86575305944987e-06, 3.0425742761570905e-05, 3.478816465303168e-05, 2.8702697607377745e-05]]</COVARIANCE_MATRIX>
		<ROI_SIZE>402</ROI_SIZE>
		<MAX_VALUE>[0.11135630309581757, 0.09160194545984268, 0.06706450879573822, 0.07740087062120438, 0.05409647524356842, 0.03605521470308304]</MAX_VALUE>
		<MIN_VALUE>[0.08945561200380325, 0.05730687826871872, 0.03494445979595184, 0.02921680174767971, 0.002392927184700966, 0.0]</MIN_VALUE>
		<SIGNATURE_THRESHOLD_MD>0</SIGNATURE_THRESHOLD_MD>
		<SIGNATURE_THRESHOLD_ML>0</SIGNATURE_THRESHOLD_ML>
		<SIGNATURE_THRESHOLD_SAM>0</SIGNATURE_THRESHOLD_SAM>
	</signature>
	<signature ID="20210524_131151046360_887">
		<MACROCLASSID>1</MACROCLASSID>
		<MACROCLASSINFO>waterbody</MACROCLASSINFO>
		<CLASSID>3</CLASSID>
		<CLASSINFO>C 1</CLASSINFO>
		<VALUES>[0.0998549512663825, 0.00371454433040511, 0.07401192223887294, 0.0065777035295071385, 0.04967931754215332, 0.004660998298270061, 0.043967139606918795, 0.00840977912142246, 0.014877358027810199, 0.007157812170435844, 0.007832649863029893, 0.005146185429675792]</VALUES>
		<LCS_MIN>[0.08945561200380325, 0.06111744046211243, 0.03815646469593048, 0.02921680174767971, 0.002392927184700966, 0.0]</LCS_MIN>
		<LCS_MAX>[0.11135630309581757, 0.09541250020265579, 0.07027652114629745, 0.07740087062120438, 0.0463409461081028, 0.028630124405026436]</LCS_MAX>
		<WAVELENGTH>[0.485, 0.56, 0.66, 0.83, 1.65, 2.215]</WAVELENGTH>
		<MEAN_VALUE>[0.0998549512663825, 0.07401192223887294, 0.04967931754215332, 0.043967139606918795, 0.014877358027810199, 0.007832649863029893]</MEAN_VALUE>
		<CHECKBOX>2</CHECKBOX>
		<SD>[0.00371454433040511, 0.0065777035295071385, 0.004660998298270061, 0.00840977912142246, 0.007157812170435844, 0.005146185429675792]</SD>
		<WAVELENGTH_UNIT>E-6m</WAVELENGTH_UNIT>
		<COLOR>#98ec74</COLOR>
		<COVARIANCE_MATRIX>[[1.1104631676940663e-05, 1.5107985658774524e-05, 9.588624335132808e-06, 4.632012117453868e-06, 4.731904364406645e-06, 2.695248036456349e-06], [1.5107985658774524e-05, 3.81191945435518e-05, 2.1893216728401486e-05, 1.2411302678968671e-05, 1.1685856419038048e-05, 6.813957615773311e-06], [9.588624335132808e-06, 2.1893216728401486e-05, 1.9502713400069823e-05, 1.4798231543698402e-05, 1.3567998329860084e-05, 8.111243909220169e-06], [4.632012117453868e-06, 1.2411302678968671e-05, 1.4798231543698402e-05, 8.259994635220852e-05, 4.944315075585962e-05, 2.5713215285947533e-05], [4.731904364406645e-06, 1.1685856419038048e-05, 1.3567998329860084e-05, 4.944315075585962e-05, 5.615909603067829e-05, 2.6708194817463566e-05], [2.695248036456349e-06, 6.813957615773311e-06, 8.111243909220169e-06, 2.5713215285947533e-05, 2.6708194817463566e-05, 2.5330440323190832e-05]]</COVARIANCE_MATRIX>
		<ROI_SIZE>1421</ROI_SIZE>
		<MAX_VALUE>[0.11135630309581757, 0.09541250020265579, 0.07027652114629745, 0.07740087062120438, 0.0463409461081028, 0.028630124405026436]</MAX_VALUE>
		<MIN_VALUE>[0.08945561200380325, 0.06111744046211243, 0.03815646469593048, 0.02921680174767971, 0.002392927184700966, 0.0]</MIN_VALUE>
		<SIGNATURE_THRESHOLD_MD>0</SIGNATURE_THRESHOLD_MD>
		<SIGNATURE_THRESHOLD_ML>0</SIGNATURE_THRESHOLD_ML>
		<SIGNATURE_THRESHOLD_SAM>0</SIGNATURE_THRESHOLD_SAM>
	</signature>
	<signature ID="20210524_131158688168_936">
		<MACROCLASSID>1</MACROCLASSID>
		<MACROCLASSINFO>waterbody</MACROCLASSINFO>
		<CLASSID>4</CLASSID>
		<CLASSINFO>C 1</CLASSINFO>
		<VALUES>[0.09487976205925779, 0.003871660046813341, 0.07473712509037347, 0.00714682513835604, 0.048538498179886924, 0.006965717473946929, 0.04948347163616968, 0.016109814416610763, 0.025059097687843968, 0.014321543204151898, 0.014638825001255162, 0.009616112033949194]</VALUES>
		<LCS_MIN>[0.08215537667274475, 0.05349631607532501, 0.031732454895973206, 0.017170781269669533, 0.002392927184700966, 0.0]</LCS_MIN>
		<LCS_MAX>[0.10588112473487854, 0.09160194545984268, 0.07670053094625473, 0.08944689482450485, 0.06702236831188202, 0.05833049491047859]</LCS_MAX>
		<WAVELENGTH>[0.485, 0.56, 0.66, 0.83, 1.65, 2.215]</WAVELENGTH>
		<MEAN_VALUE>[0.09487976205925779, 0.07473712509037347, 0.048538498179886924, 0.04948347163616968, 0.025059097687843968, 0.014638825001255162]</MEAN_VALUE>
		<CHECKBOX>2</CHECKBOX>
		<SD>[0.003871660046813341, 0.00714682513835604, 0.006965717473946929, 0.016109814416610763, 0.014321543204151898, 0.009616112033949194]</SD>
		<WAVELENGTH_UNIT>E-6m</WAVELENGTH_UNIT>
		<COLOR>#4e4b43</COLOR>
		<COVARIANCE_MATRIX>[[1.606139868821641e-05, 2.4948394878329954e-05, 2.0281365281386804e-05, -5.717055777214313e-06, 1.043810831314155e-05, 1.2478955173072316e-05], [2.4948394878329954e-05, 5.458959949611397e-05, 4.4178287922678574e-05, 5.69127345334544e-06, 3.056232110597232e-05, 2.9568731259469433e-05], [2.0281365281386804e-05, 4.4178287922678574e-05, 5.177405637162605e-05, 4.067198189242378e-05, 5.7622556560370366e-05, 4.581231629453807e-05], [-5.717055777214313e-06, 5.69127345334544e-06, 4.067198189242378e-05, 0.0002471195968365636, 0.00017332526849040607, 9.623776333045277e-05], [1.043810831314155e-05, 3.056232110597232e-05, 5.7622556560370366e-05, 0.00017332526849040607, 0.00021802007868472717, 0.00012837205045307162], [1.2478955173072316e-05, 2.9568731259469433e-05, 4.581231629453807e-05, 9.623776333045277e-05, 0.00012837205045307162, 0.0001024755975544479]]</COVARIANCE_MATRIX>
		<ROI_SIZE>754</ROI_SIZE>
		<MAX_VALUE>[0.10588112473487854, 0.09160194545984268, 0.07670053094625473, 0.08944689482450485, 0.06702236831188202, 0.05833049491047859]</MAX_VALUE>
		<MIN_VALUE>[0.08215537667274475, 0.05349631607532501, 0.031732454895973206, 0.017170781269669533, 0.002392927184700966, 0.0]</MIN_VALUE>
		<SIGNATURE_THRESHOLD_MD>0</SIGNATURE_THRESHOLD_MD>
		<SIGNATURE_THRESHOLD_ML>0</SIGNATURE_THRESHOLD_ML>
		<SIGNATURE_THRESHOLD_SAM>0</SIGNATURE_THRESHOLD_SAM>
	</signature>
	<signature ID="20210524_131204858695_231">
		<MACROCLASSID>1</MACROCLASSID>
		<MACROCLASSINFO>waterbody</MACROCLASSINFO>
		<CLASSID>5</CLASSID>
		<CLASSINFO>C 1</CLASSINFO>
		<VALUES>[0.0894884354026198, 0.0033000053622724707, 0.06594232346514146, 0.00575591945337749, 0.04515817642158311, 0.005878011862030192, 0.043154939613807515, 0.009738557442727606, 0.019103590256648418, 0.010018518453888904, 0.010609508674631975, 0.006557261155568406]</VALUES>
		<LCS_MIN>[0.08033032715320587, 0.05730687826871872, 0.03494445979595184, 0.021186117082834244, 0.0049781049601733685, 0.0]</LCS_MIN>
		<LCS_MAX>[0.10223101079463959, 0.08779137581586838, 0.07348852604627609, 0.07338552922010422, 0.0463409461081028, 0.03605521470308304]</LCS_MAX>
		<WAVELENGTH>[0.485, 0.56, 0.66, 0.83, 1.65, 2.215]</WAVELENGTH>
		<MEAN_VALUE>[0.0894884354026198, 0.06594232346514146, 0.04515817642158311, 0.043154939613807515, 0.019103590256648418, 0.010609508674631975]</MEAN_VALUE>
		<CHECKBOX>2</CHECKBOX>
		<SD>[0.0033000053622724707, 0.00575591945337749, 0.005878011862030192, 0.009738557442727606, 0.010018518453888904, 0.006557261155568406]</SD>
		<WAVELENGTH_UNIT>E-6m</WAVELENGTH_UNIT>
		<COLOR>#1068eb</COLOR>
		<COVARIANCE_MATRIX>[[1.0929349598214735e-05, 1.327302008610988e-05, 1.2382370886739795e-05, 9.091338743839988e-06, 1.1082931145179192e-05, 7.005228013824134e-06], [1.327302008610988e-05, 3.32502138395233e-05, 2.7558448051593165e-05, 2.502959642708019e-05, 2.8900771163419832e-05, 1.5681140984512613e-05], [1.2382370886739795e-05, 2.7558448051593165e-05, 3.467575638681091e-05, 3.517370941446617e-05, 3.7225286883296616e-05, 2.141833987642135e-05], [9.091338743839988e-06, 2.502959642708019e-05, 3.517370941446617e-05, 9.518188193557716e-05, 6.959762967195107e-05, 3.767082786625117e-05], [1.1082931145179192e-05, 2.8900771163419832e-05, 3.7225286883296616e-05, 6.959762967195107e-05, 0.00010073306115174606, 5.136199823186258e-05], [7.005228013824134e-06, 1.5681140984512613e-05, 2.141833987642135e-05, 3.767082786625117e-05, 5.136199823186258e-05, 4.315290012175708e-05]]</COVARIANCE_MATRIX>
		<ROI_SIZE>278</ROI_SIZE>
		<MAX_VALUE>[0.10223101079463959, 0.08779137581586838, 0.07348852604627609, 0.07338552922010422, 0.0463409461081028, 0.03605521470308304]</MAX_VALUE>
		<MIN_VALUE>[0.08033032715320587, 0.05730687826871872, 0.03494445979595184, 0.021186117082834244, 0.0049781049601733685, 0.0]</MIN_VALUE>
		<SIGNATURE_THRESHOLD_MD>0</SIGNATURE_THRESHOLD_MD>
		<SIGNATURE_THRESHOLD_ML>0</SIGNATURE_THRESHOLD_ML>
		<SIGNATURE_THRESHOLD_SAM>0</SIGNATURE_THRESHOLD_SAM>
	</signature>
	<signature ID="20210524_131211275386_883">
		<MACROCLASSID>1</MACROCLASSID>
		<MACROCLASSINFO>waterbody</MACROCLASSINFO>
		<CLASSID>6</CLASSID>
		<CLASSINFO>C 1</CLASSINFO>
		<VALUES>[0.09738592315642604, 0.0023306587492246743, 0.08511490889248394, 0.004911672837580422, 0.06109936295875481, 0.005271875039818687, 0.045660571838241265, 0.012039947135139995, 0.021935639137934358, 0.012451551876271798, 0.012788888105812172, 0.007881414955964984]</VALUES>
		<LCS_MIN>[0.08945561200380325, 0.07254911959171295, 0.054216496646404266, 0.02921680174767971, 0.0049781049601733685, 0.0]</LCS_MIN>
		<LCS_MAX>[0.10223101079463959, 0.0992230698466301, 0.07991254329681396, 0.07338552922010422, 0.04892612248659134, 0.03234266862273216]</LCS_MAX>
		<WAVELENGTH>[0.485, 0.56, 0.66, 0.83, 1.65, 2.215]</WAVELENGTH>
		<MEAN_VALUE>[0.09738592315642604, 0.08511490889248394, 0.06109936295875481, 0.045660571838241265, 0.021935639137934358, 0.012788888105812172]</MEAN_VALUE>
		<CHECKBOX>2</CHECKBOX>
		<SD>[0.0023306587492246743, 0.004911672837580422, 0.005271875039818687, 0.012039947135139995, 0.012451551876271798, 0.007881414955964984]</SD>
		<WAVELENGTH_UNIT>E-6m</WAVELENGTH_UNIT>
		<COLOR>#b08a26</COLOR>
		<COVARIANCE_MATRIX>[[5.49741562949824e-06, 7.236795483280462e-06, 7.123309236837935e-06, 2.5814954361060385e-06, 2.147247956977675e-06, 8.548081973864392e-07], [7.236795483280462e-06, 2.4415187052141343e-05, 1.8938650227987475e-05, 9.70010544419106e-06, 1.0564521712348764e-05, 4.913365348726352e-06], [7.123309236837935e-06, 1.8938650227987475e-05, 2.812751783830018e-05, 3.6649619221952455e-05, 3.484368652234384e-05, 2.0226032555521893e-05], [2.5814954361060385e-06, 9.70010544419106e-06, 3.6649619221952455e-05, 0.00014670683698102556, 0.00010849655752282417, 6.873342307209124e-05], [2.147247956977675e-06, 1.0564521712348764e-05, 3.484368652234384e-05, 0.00010849655752282417, 0.0001569091097193852, 8.493620739403971e-05], [8.548081973864392e-07, 4.913365348726352e-06, 2.0226032555521893e-05, 6.873342307209124e-05, 8.493620739403971e-05, 6.28650957045918e-05]]</COVARIANCE_MATRIX>
		<ROI_SIZE>84</ROI_SIZE>
		<MAX_VALUE>[0.10223101079463959, 0.0992230698466301, 0.07991254329681396, 0.07338552922010422, 0.04892612248659134, 0.03234266862273216]</MAX_VALUE>
		<MIN_VALUE>[0.08945561200380325, 0.07254911959171295, 0.054216496646404266, 0.02921680174767971, 0.0049781049601733685, 0.0]</MIN_VALUE>
		<SIGNATURE_THRESHOLD_MD>0</SIGNATURE_THRESHOLD_MD>
		<SIGNATURE_THRESHOLD_ML>0</SIGNATURE_THRESHOLD_ML>
		<SIGNATURE_THRESHOLD_SAM>0</SIGNATURE_THRESHOLD_SAM>
	</signature>
	<signature ID="20210524_131217147210_708">
		<MACROCLASSID>1</MACROCLASSID>
		<MACROCLASSINFO>waterbody</MACROCLASSINFO>
		<CLASSID>7</CLASSID>
		<CLASSINFO>C 1</CLASSINFO>
		<VALUES>[0.09654938857749575, 0.004605588334611776, 0.07353193679006939, 0.008635944935743076, 0.04338578518092363, 0.0066581948452551065, 0.03860651676235423, 0.008486000374564102, 0.01532349506629067, 0.007433394761643917, 0.008826513426605936, 0.005046374707900934]</VALUES>
		<LCS_MIN>[0.0785052701830864, 0.049685753881931305, 0.031732454895973206, 0.025201458483934402, 0.002392927184700966, 0.0]</LCS_MIN>
		<LCS_MAX>[0.11135630309581757, 0.10684419423341751, 0.06706450879573822, 0.07338552922010422, 0.0463409461081028, 0.03234266862273216]</LCS_MAX>
		<WAVELENGTH>[0.485, 0.56, 0.66, 0.83, 1.65, 2.215]</WAVELENGTH>
		<MEAN_VALUE>[0.09654938857749575, 0.07353193679006939, 0.04338578518092363, 0.03860651676235423, 0.01532349506629067, 0.008826513426605936]</MEAN_VALUE>
		<CHECKBOX>2</CHECKBOX>
		<SD>[0.004605588334611776, 0.008635944935743076, 0.0066581948452551065, 0.008486000374564102, 0.007433394761643917, 0.005046374707900934]</SD>
		<WAVELENGTH_UNIT>E-6m</WAVELENGTH_UNIT>
		<COLOR>#6fc434</COLOR>
		<COVARIANCE_MATRIX>[[2.1230657172321212e-05, 3.404328759454261e-05, 2.2792660429827005e-05, -4.259480462098002e-06, 1.3129759801488576e-06, 2.904089857521453e-06], [3.404328759454261e-05, 7.464709886881497e-05, 5.007799877408486e-05, 5.357180448486009e-06, 1.3442354960159403e-05, 1.145876082864992e-05], [2.2792660429827005e-05, 5.007799877408486e-05, 4.4371713994661936e-05, 1.7069150149595897e-05, 1.8816571126728366e-05, 1.3302311104057521e-05], [-4.259480462098002e-06, 5.357180448486009e-06, 1.7069150149595897e-05, 7.20774308012663e-05, 4.7805379884094614e-05, 2.534052936807389e-05], [1.3129759801488576e-06, 1.3442354960159403e-05, 1.8816571126728366e-05, 4.7805379884094614e-05, 5.530540782526353e-05, 2.770196420105301e-05], [2.904089857521453e-06, 1.145876082864992e-05, 1.3302311104057521e-05, 2.534052936807389e-05, 2.770196420105301e-05, 2.5488964628857946e-05]]</COVARIANCE_MATRIX>
		<ROI_SIZE>1105</ROI_SIZE>
		<MAX_VALUE>[0.11135630309581757, 0.10684419423341751, 0.06706450879573822, 0.07338552922010422, 0.0463409461081028, 0.03234266862273216]</MAX_VALUE>
		<MIN_VALUE>[0.0785052701830864, 0.049685753881931305, 0.031732454895973206, 0.025201458483934402, 0.002392927184700966, 0.0]</MIN_VALUE>
		<SIGNATURE_THRESHOLD_MD>0</SIGNATURE_THRESHOLD_MD>
		<SIGNATURE_THRESHOLD_ML>0</SIGNATURE_THRESHOLD_ML>
		<SIGNATURE_THRESHOLD_SAM>0</SIGNATURE_THRESHOLD_SAM>
	</signature>
	<signature ID="20210524_131220594507_612">
		<MACROCLASSID>1</MACROCLASSID>
		<MACROCLASSINFO>waterbody</MACROCLASSINFO>
		<CLASSID>8</CLASSID>
		<CLASSINFO>C 1</CLASSINFO>
		<VALUES>[0.0975344136095555, 0.0025327699930532913, 0.07275949217556717, 0.003040946188646287, 0.042968429512854914, 0.0036536647761928505, 0.03705099382562796, 0.006787087149590104, 0.013216939914873448, 0.006647085584358126, 0.00796232337466297, 0.005361364993104727]</VALUES>
		<LCS_MIN>[0.08945561200380325, 0.06492800265550613, 0.03815646469593048, 0.025201458483934402, 0.002392927184700966, 0.0]</LCS_MIN>
		<LCS_MAX>[0.11500640958547592, 0.09160194545984268, 0.07027652114629745, 0.06937019526958466, 0.04892612248659134, 0.04348031431436539]</LCS_MAX>
		<WAVELENGTH>[0.485, 0.56, 0.66, 0.83, 1.65, 2.215]</WAVELENGTH>
		<MEAN_VALUE>[0.0975344136095555, 0.07275949217556717, 0.042968429512854914, 0.03705099382562796, 0.013216939914873448, 0.00796232337466297]</MEAN_VALUE>
		<CHECKBOX>2</CHECKBOX>
		<SD>[0.0025327699930532913, 0.003040946188646287, 0.0036536647761928505, 0.006787087149590104, 0.006647085584358126, 0.005361364993104727]</SD>
		<WAVELENGTH_UNIT>E-6m</WAVELENGTH_UNIT>
		<COLOR>#1c65b5</COLOR>
		<COVARIANCE_MATRIX>[[6.422982787256079e-06, 3.5840998081471896e-06, 3.974148268728976e-06, 4.691882761631442e-06, 4.181305669107028e-06, 3.6598174261063856e-06], [3.5840998081471896e-06, 9.258971000787923e-06, 6.5054644800500915e-06, 8.691292602225632e-06, 8.14036277614809e-06, 6.039014704786905e-06], [3.974148268728976e-06, 6.5054644800500915e-06, 1.3366036731838647e-05, 1.6258155354269538e-05, 1.4633337997319635e-05, 1.1252423630387268e-05], [4.691882761631442e-06, 8.691292602225632e-06, 1.6258155354269538e-05, 4.612242201630206e-05, 3.191429565918065e-05, 2.3604389011093e-05], [4.181305669107028e-06, 8.14036277614809e-06, 1.4633337997319635e-05, 3.191429565918065e-05, 4.423925398533666e-05, 2.5877838577485602e-05], [3.6598174261063856e-06, 6.039014704786905e-06, 1.1252423630387268e-05, 2.3604389011093e-05, 2.5877838577485602e-05, 2.8780345436762808e-05]]</COVARIANCE_MATRIX>
		<ROI_SIZE>797</ROI_SIZE>
		<MAX_VALUE>[0.11500640958547592, 0.09160194545984268, 0.07027652114629745, 0.06937019526958466, 0.04892612248659134, 0.04348031431436539]</MAX_VALUE>
		<MIN_VALUE>[0.08945561200380325, 0.06492800265550613, 0.03815646469593048, 0.025201458483934402, 0.002392927184700966, 0.0]</MIN_VALUE>
		<SIGNATURE_THRESHOLD_MD>0</SIGNATURE_THRESHOLD_MD>
		<SIGNATURE_THRESHOLD_ML>0</SIGNATURE_THRESHOLD_ML>
		<SIGNATURE_THRESHOLD_SAM>0</SIGNATURE_THRESHOLD_SAM>
	</signature>
	<signature ID="20210524_131231520611_646">
		<MACROCLASSID>1</MACROCLASSID>
		<MACROCLASSINFO>waterbody</MACROCLASSINFO>
		<CLASSID>9</CLASSID>
		<CLASSINFO>C 1</CLASSINFO>
		<VALUES>[0.09425909223697963, 0.0031649921746407855, 0.06972580008010312, 0.0041813238433995245, 0.043561657480264124, 0.0048700893470235524, 0.04134059765942159, 0.010163177203413688, 0.021302907268762526, 0.0099849006793682, 0.013598937579581713, 0.008143928972587925]</VALUES>
		<LCS_MIN>[0.08398044109344482, 0.05730687826871872, 0.03494445979595184, 0.021186117082834244, 0.0049781049601733685, 0.0]</LCS_MIN>
		<LCS_MAX>[0.10953125357627869, 0.08398081362247467, 0.06706450879573822, 0.07338552922010422, 0.05668165534734726, 0.04719286039471626]</LCS_MAX>
		<WAVELENGTH>[0.485, 0.56, 0.66, 0.83, 1.65, 2.215]</WAVELENGTH>
		<MEAN_VALUE>[0.09425909223697963, 0.06972580008010312, 0.043561657480264124, 0.04134059765942159, 0.021302907268762526, 0.013598937579581713]</MEAN_VALUE>
		<CHECKBOX>2</CHECKBOX>
		<SD>[0.0031649921746407855, 0.0041813238433995245, 0.0048700893470235524, 0.010163177203413688, 0.0099849006793682, 0.008143928972587925]</SD>
		<WAVELENGTH_UNIT>E-6m</WAVELENGTH_UNIT>
		<COLOR>#c55166</COLOR>
		<COVARIANCE_MATRIX>[[1.0041488998220679e-05, 8.78393623240472e-06, 5.745238811990049e-06, -4.412151434863895e-06, -1.8225905313653435e-06, 2.192230266939143e-06], [8.78393623240472e-06, 1.7525904687952654e-05, 1.0425585387330385e-05, -7.825719942098071e-07, 2.2552088455574098e-06, 7.502838210191419e-06], [5.745238811990049e-06, 1.0425585387330385e-05, 2.3775337651506844e-05, 2.593663431753143e-05, 2.6628671741548677e-05, 2.4553495385525756e-05], [-4.412151434863895e-06, -7.825719942098071e-07, 2.593663431753143e-05, 0.00010354087516621081, 7.995607389018689e-05, 5.797272903601231e-05], [-1.8225905313653435e-06, 2.2552088455574098e-06, 2.6628671741548677e-05, 7.995607389018689e-05, 9.994022760009233e-05, 6.815556172795373e-05], [2.192230266939143e-06, 7.502838210191419e-06, 2.4553495385525756e-05, 5.797272903601231e-05, 6.815556172795373e-05, 6.648455867150498e-05]]</COVARIANCE_MATRIX>
		<ROI_SIZE>413</ROI_SIZE>
		<MAX_VALUE>[0.10953125357627869, 0.08398081362247467, 0.06706450879573822, 0.07338552922010422, 0.05668165534734726, 0.04719286039471626]</MAX_VALUE>
		<MIN_VALUE>[0.08398044109344482, 0.05730687826871872, 0.03494445979595184, 0.021186117082834244, 0.0049781049601733685, 0.0]</MIN_VALUE>
		<SIGNATURE_THRESHOLD_MD>0</SIGNATURE_THRESHOLD_MD>
		<SIGNATURE_THRESHOLD_ML>0</SIGNATURE_THRESHOLD_ML>
		<SIGNATURE_THRESHOLD_SAM>0</SIGNATURE_THRESHOLD_SAM>
	</signature>
	<signature ID="20210524_131235807047_835">
		<MACROCLASSID>1</MACROCLASSID>
		<MACROCLASSINFO>waterbody</MACROCLASSINFO>
		<CLASSID>10</CLASSID>
		<CLASSINFO>C 1</CLASSINFO>
		<VALUES>[0.09942955497652294, 0.0030313408342638247, 0.07816970631480216, 0.004996598074088264, 0.05251413198187946, 0.0077282600006349424, 0.05075909763574599, 0.014661091037161443, 0.03373820575885476, 0.01778883430151899, 0.026254094368778163, 0.015842790055720365]</VALUES>
		<LCS_MIN>[0.09128066897392273, 0.06492800265550613, 0.03815646469593048, 0.025201458483934402, 0.007563281804323196, 0.010067391209304333]</LCS_MIN>
		<LCS_MAX>[0.10953125357627869, 0.09541250020265579, 0.07991254329681396, 0.08141621947288513, 0.07736306637525558, 0.08060578256845474]</LCS_MAX>
		<WAVELENGTH>[0.485, 0.56, 0.66, 0.83, 1.65, 2.215]</WAVELENGTH>
		<MEAN_VALUE>[0.09942955497652294, 0.07816970631480216, 0.05251413198187946, 0.05075909763574599, 0.03373820575885476, 0.026254094368778163]</MEAN_VALUE>
		<CHECKBOX>2</CHECKBOX>
		<SD>[0.0030313408342638247, 0.004996598074088264, 0.0077282600006349424, 0.014661091037161443, 0.01778883430151899, 0.015842790055720365]</SD>
		<WAVELENGTH_UNIT>E-6m</WAVELENGTH_UNIT>
		<COLOR>#e597f6</COLOR>
		<COVARIANCE_MATRIX>[[9.235203269824362e-06, 1.0827517332394552e-05, 1.6151388277972533e-05, 1.9114323525999902e-05, 2.4310639645144332e-05, 2.395364755977451e-05], [1.0827517332394552e-05, 2.5091449561791474e-05, 3.145070455481118e-05, 4.400488618487044e-05, 5.435981979969552e-05, 4.804254019867694e-05], [1.6151388277972533e-05, 3.145070455481118e-05, 6.002613330393368e-05, 9.453843868587939e-05, 0.00011342345664225656, 0.0001000813418834411], [1.9114323525999902e-05, 4.400488618487044e-05, 9.453843868587939e-05, 0.00021602772904516133, 0.00023571646156910538, 0.00019467072471045344], [2.4310639645144332e-05, 5.435981979969552e-05, 0.00011342345664225656, 0.00023571646156910538, 0.00031803278975567686, 0.0002538297849751847], [2.395364755977451e-05, 4.804254019867694e-05, 0.0001000813418834411, 0.00019467072471045344, 0.0002538297849751847, 0.0002522552731152083]]</COVARIANCE_MATRIX>
		<ROI_SIZE>200</ROI_SIZE>
		<MAX_VALUE>[0.10953125357627869, 0.09541250020265579, 0.07991254329681396, 0.08141621947288513, 0.07736306637525558, 0.08060578256845474]</MAX_VALUE>
		<MIN_VALUE>[0.09128066897392273, 0.06492800265550613, 0.03815646469593048, 0.025201458483934402, 0.007563281804323196, 0.010067391209304333]</MIN_VALUE>
		<SIGNATURE_THRESHOLD_MD>0</SIGNATURE_THRESHOLD_MD>
		<SIGNATURE_THRESHOLD_ML>0</SIGNATURE_THRESHOLD_ML>
		<SIGNATURE_THRESHOLD_SAM>0</SIGNATURE_THRESHOLD_SAM>
	</signature>
	<signature ID="20210524_131248388262_169">
		<MACROCLASSID>1</MACROCLASSID>
		<MACROCLASSINFO>waterbody</MACROCLASSINFO>
		<CLASSID>11</CLASSID>
		<CLASSINFO>C 1</CLASSINFO>
		<VALUES>[0.11007965208062838, 0.0030547049661350687, 0.09135570159251159, 0.005106014655092678, 0.07105487282350299, 0.00484715487206795, 0.05003299583983348, 0.00798025645115581, 0.01978753974227919, 0.009138153647976474, 0.012088706652951316, 0.0076320999827329435]</VALUES>
		<LCS_MIN>[0.10040596127510071, 0.07635969668626785, 0.057428501546382904, 0.03323213756084442, 0.002392927184700966, 0.0]</LCS_MIN>
		<LCS_MAX>[0.12230664491653442, 0.11065475642681122, 0.09276056289672852, 0.08141621947288513, 0.05409647524356842, 0.04348031431436539]</LCS_MAX>
		<WAVELENGTH>[0.485, 0.56, 0.66, 0.83, 1.65, 2.215]</WAVELENGTH>
		<MEAN_VALUE>[0.11007965208062838, 0.09135570159251159, 0.07105487282350299, 0.05003299583983348, 0.01978753974227919, 0.012088706652951316]</MEAN_VALUE>
		<CHECKBOX>2</CHECKBOX>
		<SD>[0.0030547049661350687, 0.005106014655092678, 0.00484715487206795, 0.00798025645115581, 0.009138153647976474, 0.0076320999827329435]</SD>
		<WAVELENGTH_UNIT>E-6m</WAVELENGTH_UNIT>
		<COLOR>#f6ea76</COLOR>
		<COVARIANCE_MATRIX>[[8.83017171859366e-06, 9.296261814877592e-06, 7.085179447976358e-06, 2.522270696885404e-06, 3.9213016637999394e-06, 2.9929972968434884e-06], [9.296261814877592e-06, 2.383404174111291e-05, 1.450965639066558e-05, 4.063573876031541e-06, 5.881955834620235e-06, 4.302646295709516e-06], [7.085179447976358e-06, 1.450965639066558e-05, 2.2592016368850092e-05, 1.6001679600571922e-05, 1.727812244472394e-05, 1.4407144328664664e-05], [2.522270696885404e-06, 4.063573876031541e-06, 1.6001679600571922e-05, 7.425246395751774e-05, 6.0604540335436846e-05, 4.3005223558810426e-05], [3.9213016637999394e-06, 5.881955834620235e-06, 1.727812244472394e-05, 6.0604540335436846e-05, 8.260894566688443e-05, 5.426967832012414e-05], [2.9929972968434884e-06, 4.302646295709516e-06, 1.4407144328664664e-05, 4.3005223558810426e-05, 5.426967832012414e-05, 5.5194788088257116e-05]]</COVARIANCE_MATRIX>
		<ROI_SIZE>1147</ROI_SIZE>
		<MAX_VALUE>[0.12230664491653442, 0.11065475642681122, 0.09276056289672852, 0.08141621947288513, 0.05409647524356842, 0.04348031431436539]</MAX_VALUE>
		<MIN_VALUE>[0.10040596127510071, 0.07635969668626785, 0.057428501546382904, 0.03323213756084442, 0.002392927184700966, 0.0]</MIN_VALUE>
		<SIGNATURE_THRESHOLD_MD>0</SIGNATURE_THRESHOLD_MD>
		<SIGNATURE_THRESHOLD_ML>0</SIGNATURE_THRESHOLD_ML>
		<SIGNATURE_THRESHOLD_SAM>0</SIGNATURE_THRESHOLD_SAM>
	</signature>
	<signature ID="20210524_131252758455_488">
		<MACROCLASSID>1</MACROCLASSID>
		<MACROCLASSINFO>waterbody</MACROCLASSINFO>
		<CLASSID>12</CLASSID>
		<CLASSINFO>C 1</CLASSINFO>
		<VALUES>[0.10509097302097013, 0.0027114200976480107, 0.08913456545821549, 0.004027552158056716, 0.06573540837257764, 0.003992782555215006, 0.052939612004492015, 0.010561753786817037, 0.023302160997400446, 0.012973316817849643, 0.014092871915706035, 0.009157920109678494]</VALUES>
		<LCS_MIN>[0.09858091175556183, 0.07635969668626785, 0.057428501546382904, 0.04126282036304474, 0.0049781049601733685, 0.00264229578897357]</LCS_MIN>
		<LCS_MAX>[0.11318136751651764, 0.0992230698466301, 0.083124540746212, 0.0854315534234047, 0.05668165534734726, 0.04348031431436539]</LCS_MAX>
		<WAVELENGTH>[0.485, 0.56, 0.66, 0.83, 1.65, 2.215]</WAVELENGTH>
		<MEAN_VALUE>[0.10509097302097013, 0.08913456545821549, 0.06573540837257764, 0.052939612004492015, 0.023302160997400446, 0.014092871915706035]</MEAN_VALUE>
		<CHECKBOX>2</CHECKBOX>
		<SD>[0.0027114200976480107, 0.004027552158056716, 0.003992782555215006, 0.010561753786817037, 0.012973316817849643, 0.009157920109678494]</SD>
		<WAVELENGTH_UNIT>E-6m</WAVELENGTH_UNIT>
		<COLOR>#2d2e71</COLOR>
		<COVARIANCE_MATRIX>[[7.380075095721665e-06, 5.773079489703387e-06, 5.326425623097924e-06, 7.993673186087516e-06, 8.636996628356468e-06, 5.434176677803536e-06], [5.773079489703387e-06, 1.6283565525812987e-05, 1.1112993330065678e-05, 1.4091932937892088e-05, 1.3597863604849901e-05, 8.991176052596566e-06], [5.326425623097924e-06, 1.1112993330065678e-05, 1.600362911989546e-05, 2.5351562473829674e-05, 2.8887514004291678e-05, 2.0506094130109502e-05], [7.993673186087516e-06, 1.4091932937892088e-05, 2.5351562473829674e-05, 0.00011197968398816458, 0.00011794151289489308, 7.642905993892395e-05], [8.636996628356468e-06, 1.3597863604849901e-05, 2.8887514004291678e-05, 0.00011794151289489308, 0.00016895428367651714, 0.00010498515484881451], [5.434176677803536e-06, 8.991176052596566e-06, 2.0506094130109502e-05, 7.642905993892395e-05, 0.00010498515484881451, 8.419006804577388e-05]]</COVARIANCE_MATRIX>
		<ROI_SIZE>261</ROI_SIZE>
		<MAX_VALUE>[0.11318136751651764, 0.0992230698466301, 0.083124540746212, 0.0854315534234047, 0.05668165534734726, 0.04348031431436539]</MAX_VALUE>
		<MIN_VALUE>[0.09858091175556183, 0.07635969668626785, 0.057428501546382904, 0.04126282036304474, 0.0049781049601733685, 0.00264229578897357]</MIN_VALUE>
		<SIGNATURE_THRESHOLD_MD>0</SIGNATURE_THRESHOLD_MD>
		<SIGNATURE_THRESHOLD_ML>0</SIGNATURE_THRESHOLD_ML>
		<SIGNATURE_THRESHOLD_SAM>0</SIGNATURE_THRESHOLD_SAM>
	</signature>
	<signature ID="20210524_131256679395_557">
		<MACROCLASSID>1</MACROCLASSID>
		<MACROCLASSINFO>waterbody</MACROCLASSINFO>
		<CLASSID>13</CLASSID>
		<CLASSINFO>C 1</CLASSINFO>
		<VALUES>[0.11439271108575264, 0.0031986863923999676, 0.09853877706951655, 0.005029943636371511, 0.06626151275860384, 0.005178676885722491, 0.049915593209295984, 0.008826106092482626, 0.019733643934825892, 0.008140061607075236, 0.01139988627409378, 0.0064395393750952944]</VALUES>
		<LCS_MIN>[0.10040596127510071, 0.08017024397850037, 0.057428501546382904, 0.03323213756084442, 0.007563281804323196, 0.0]</LCS_MIN>
		<LCS_MAX>[0.1241317093372345, 0.11446531862020493, 0.0991845577955246, 0.08141621947288513, 0.05668165534734726, 0.04348031431436539]</LCS_MAX>
		<WAVELENGTH>[0.485, 0.56, 0.66, 0.83, 1.65, 2.215]</WAVELENGTH>
		<MEAN_VALUE>[0.11439271108575264, 0.09853877706951655, 0.06626151275860384, 0.049915593209295984, 0.019733643934825892, 0.01139988627409378]</MEAN_VALUE>
		<CHECKBOX>2</CHECKBOX>
		<SD>[0.0031986863923999676, 0.005029943636371511, 0.005178676885722491, 0.008826106092482626, 0.008140061607075236, 0.0064395393750952944]</SD>
		<WAVELENGTH_UNIT>E-6m</WAVELENGTH_UNIT>
		<COLOR>#62db02</COLOR>
		<COVARIANCE_MATRIX>[[1.024963977737784e-05, 1.0765368326510511e-05, 5.6682440842960885e-06, -4.115277354543999e-06, -3.7180561706454853e-06, -1.6783254679073985e-06], [1.0765368326510511e-05, 2.5344954383636956e-05, 1.1537987809385533e-05, -3.9991573313477545e-06, -1.2997357391212407e-06, 1.2948737282491646e-06], [5.6682440842960885e-06, 1.1537987809385533e-05, 2.6865993571172606e-05, 2.2541831652584777e-05, 1.9148083079708508e-05, 1.5481136020350117e-05], [-4.115277354543999e-06, -3.9991573313477545e-06, 2.2541831652584777e-05, 7.80375387888379e-05, 5.391049618009949e-05, 3.646171885683214e-05], [-3.7180561706454853e-06, -1.2997357391212407e-06, 1.9148083079708508e-05, 5.391049618009949e-05, 6.637746470060808e-05, 4.2996854811685425e-05], [-1.6783254679073985e-06, 1.2948737282491646e-06, 1.5481136020350117e-05, 3.646171885683214e-05, 4.2996854811685425e-05, 4.154080257921117e-05]]</COVARIANCE_MATRIX>
		<ROI_SIZE>568</ROI_SIZE>
		<MAX_VALUE>[0.1241317093372345, 0.11446531862020493, 0.0991845577955246, 0.08141621947288513, 0.05668165534734726, 0.04348031431436539]</MAX_VALUE>
		<MIN_VALUE>[0.10040596127510071, 0.08017024397850037, 0.057428501546382904, 0.03323213756084442, 0.007563281804323196, 0.0]</MIN_VALUE>
		<SIGNATURE_THRESHOLD_MD>0</SIGNATURE_THRESHOLD_MD>
		<SIGNATURE_THRESHOLD_ML>0</SIGNATURE_THRESHOLD_ML>
		<SIGNATURE_THRESHOLD_SAM>0</SIGNATURE_THRESHOLD_SAM>
	</signature>
	<signature ID="20210524_131301977938_643">
		<MACROCLASSID>1</MACROCLASSID>
		<MACROCLASSINFO>waterbody</MACROCLASSINFO>
		<CLASSID>14</CLASSID>
		<CLASSINFO>C 1</CLASSINFO>
		<VALUES>[0.11816394751511726, 0.0027408161644272852, 0.1047650329696321, 0.0035765078908539735, 0.07736164460193762, 0.003653166162475, 0.054454963842352676, 0.008723982682728174, 0.022788222144963673, 0.008891833680133292, 0.013846894844606956, 0.007287957468978188]</VALUES>
		<LCS_MIN>[0.10953125357627869, 0.09160194545984268, 0.06706450879573822, 0.03323213756084442, 0.007563281804323196, 0.0]</LCS_MIN>
		<LCS_MAX>[0.12595675885677338, 0.11446531862020493, 0.09597256034612656, 0.0854315534234047, 0.05668165534734726, 0.04348031431436539]</LCS_MAX>
		<WAVELENGTH>[0.485, 0.56, 0.66, 0.83, 1.65, 2.215]</WAVELENGTH>
		<MEAN_VALUE>[0.11816394751511726, 0.1047650329696321, 0.07736164460193762, 0.054454963842352676, 0.022788222144963673, 0.013846894844606956]</MEAN_VALUE>
		<CHECKBOX>2</CHECKBOX>
		<SD>[0.0027408161644272852, 0.0035765078908539735, 0.003653166162475, 0.008723982682728174, 0.008891833680133292, 0.007287957468978188]</SD>
		<WAVELENGTH_UNIT>E-6m</WAVELENGTH_UNIT>
		<COLOR>#40de0f</COLOR>
		<COVARIANCE_MATRIX>[[7.526688175682317e-06, 5.657737177594489e-06, 4.044278732553049e-06, 1.435359855944903e-06, -2.0872054948634352e-06, -1.910308699577821e-06], [5.657737177594489e-06, 1.2816294702471743e-05, 7.75894531259024e-06, 4.233224302662412e-06, -5.577308744831497e-07, -9.339159762304962e-07], [4.044278732553049e-06, 7.75894531259024e-06, 1.3371587257754733e-05, 1.2915955549706038e-05, 9.930917873838884e-06, 8.307591827213605e-06], [1.435359855944903e-06, 4.233224302662412e-06, 1.2915955549706038e-05, 7.625594364202077e-05, 5.291704335998397e-05, 3.684292302127241e-05], [-2.0872054948634352e-06, -5.577308744831497e-07, 9.930917873838884e-06, 5.291704335998397e-05, 7.921852858074637e-05, 5.572674525916836e-05], [-1.910308699577821e-06, -9.339159762304962e-07, 8.307591827213605e-06, 3.684292302127241e-05, 5.572674525916836e-05, 5.32176593304708e-05]]</COVARIANCE_MATRIX>
		<ROI_SIZE>515</ROI_SIZE>
		<MAX_VALUE>[0.12595675885677338, 0.11446531862020493, 0.09597256034612656, 0.0854315534234047, 0.05668165534734726, 0.04348031431436539]</MAX_VALUE>
		<MIN_VALUE>[0.10953125357627869, 0.09160194545984268, 0.06706450879573822, 0.03323213756084442, 0.007563281804323196, 0.0]</MIN_VALUE>
		<SIGNATURE_THRESHOLD_MD>0</SIGNATURE_THRESHOLD_MD>
		<SIGNATURE_THRESHOLD_ML>0</SIGNATURE_THRESHOLD_ML>
		<SIGNATURE_THRESHOLD_SAM>0</SIGNATURE_THRESHOLD_SAM>
	</signature>
	<signature ID="20210524_131305932308_923">
		<MACROCLASSID>1</MACROCLASSID>
		<MACROCLASSINFO>waterbody</MACROCLASSINFO>
		<CLASSID>15</CLASSID>
		<CLASSINFO>C 1</CLASSINFO>
		<VALUES>[0.11627099773133327, 0.0027266057690650118, 0.10146844870412648, 0.0038072696473459102, 0.07851923118397279, 0.003858837049507955, 0.05425679707281186, 0.009522136174727826, 0.02224074047766697, 0.009500119793379167, 0.01386037513778158, 0.0076885843534103115]</VALUES>
		<LCS_MIN>[0.10588112473487854, 0.08398081362247467, 0.06064050272107124, 0.04126282036304474, 0.007563281804323196, 0.0]</LCS_MIN>
		<LCS_MAX>[0.1241317093372345, 0.11446531862020493, 0.0991845577955246, 0.0854315534234047, 0.0592668354511261, 0.05090540647506714]</LCS_MAX>
		<WAVELENGTH>[0.485, 0.56, 0.66, 0.83, 1.65, 2.215]</WAVELENGTH>
		<MEAN_VALUE>[0.11627099773133327, 0.10146844870412648, 0.07851923118397279, 0.05425679707281186, 0.02224074047766697, 0.01386037513778158]</MEAN_VALUE>
		<CHECKBOX>2</CHECKBOX>
		<SD>[0.0027266057690650118, 0.0038072696473459102, 0.003858837049507955, 0.009522136174727826, 0.009500119793379167, 0.0076885843534103115]</SD>
		<WAVELENGTH_UNIT>E-6m</WAVELENGTH_UNIT>
		<COLOR>#bae2ff</COLOR>
		<COVARIANCE_MATRIX>[[7.448675902629199e-06, 5.4871031778791325e-06, 4.820390698502896e-06, -3.1322957417437486e-07, 2.0270360423529407e-06, 2.708815895251731e-06], [5.4871031778791325e-06, 1.452317774869304e-05, 9.348448365944408e-06, 1.3688825843844984e-06, 3.7697837456889835e-06, 4.42462015848518e-06], [4.820390698502896e-06, 9.348448365944408e-06, 1.4919259188837294e-05, 1.3774183080211927e-05, 1.566705886584782e-05, 1.4238496464687676e-05], [-3.1322957417437486e-07, 1.3688825843844984e-06, 1.3774183080211927e-05, 9.084544478646425e-05, 7.199706337368203e-05, 5.1709371217923245e-05], [2.0270360423529407e-06, 3.7697837456889835e-06, 1.566705886584782e-05, 7.199706337368203e-05, 9.04258381579557e-05, 6.0969656771144744e-05], [2.708815895251731e-06, 4.42462015848518e-06, 1.4238496464687676e-05, 5.1709371217923245e-05, 6.0969656771144744e-05, 5.922801076212032e-05]]</COVARIANCE_MATRIX>
		<ROI_SIZE>521</ROI_SIZE>
		<MAX_VALUE>[0.1241317093372345, 0.11446531862020493, 0.0991845577955246, 0.0854315534234047, 0.0592668354511261, 0.05090540647506714]</MAX_VALUE>
		<MIN_VALUE>[0.10588112473487854, 0.08398081362247467, 0.06064050272107124, 0.04126282036304474, 0.007563281804323196, 0.0]</MIN_VALUE>
		<SIGNATURE_THRESHOLD_MD>0</SIGNATURE_THRESHOLD_MD>
		<SIGNATURE_THRESHOLD_ML>0</SIGNATURE_THRESHOLD_ML>
		<SIGNATURE_THRESHOLD_SAM>0</SIGNATURE_THRESHOLD_SAM>
	</signature>
	<signature ID="20210524_131309702379_521">
		<MACROCLASSID>1</MACROCLASSID>
		<MACROCLASSINFO>waterbody</MACROCLASSINFO>
		<CLASSID>16</CLASSID>
		<CLASSINFO>C 1</CLASSINFO>
		<VALUES>[0.11275232630439945, 0.002981085360965639, 0.097341903039064, 0.004112884177531689, 0.07256500131263652, 0.005867396016722103, 0.054143854651000564, 0.008631025509552593, 0.02123714290781598, 0.009093059393524144, 0.012329948865631709, 0.0070780950889306775]</VALUES>
		<LCS_MIN>[0.10223101079463959, 0.08017024397850037, 0.054216496646404266, 0.04126282036304474, 0.002392927184700966, 0.0]</LCS_MIN>
		<LCS_MAX>[0.12230664491653442, 0.11065475642681122, 0.09597256034612656, 0.0854315534234047, 0.05668165534734726, 0.04348031431436539]</LCS_MAX>
		<WAVELENGTH>[0.485, 0.56, 0.66, 0.83, 1.65, 2.215]</WAVELENGTH>
		<MEAN_VALUE>[0.11275232630439945, 0.097341903039064, 0.07256500131263652, 0.054143854651000564, 0.02123714290781598, 0.012329948865631709]</MEAN_VALUE>
		<CHECKBOX>2</CHECKBOX>
