<?xml version="1.0" ?>
<signaturelist MCID_LIST="[['1', 'waterbody', '#0000ff'], ['2', 'vegetation', '#00ff00'], ['3', 'bareland', '#ffaa00'], ['4', 'built-up', '#ff0000']]">
	<signature ID="20210202_120355185984_865">
		<MACROCLASSID>1</MACROCLASSID>
		<MACROCLASSINFO>waterbody</MACROCLASSINFO>
		<CLASSID>1</CLASSID>
		<CLASSINFO>C 1</CLASSINFO>
		<VALUES>[0.15773293466838673, 0.0027424394868966087, 0.1436175834175143, 0.004895307934586029, 0.117465704612999, 0.006465332467538073, 0.11337456996628849, 0.00536161034005534, 0.029646508968225096, 0.00443310041554847, 0.013240124674280299, 0.003749898793406921]</VALUES>
		<LCS_MIN>[0.14673133194446564, 0.12255847454071045, 0.09700724482536316, 0.10258711129426956, 0.020710064098238945, 0.002670782385393977]</LCS_MIN>
		<LCS_MAX>[0.16613686084747314, 0.1577238291501999, 0.1327202171087265, 0.14317339658737183, 0.05467969551682472, 0.03644393011927605]</LCS_MAX>
		<WAVELENGTH>[0.485, 0.56, 0.66, 0.83, 1.65, 2.215]</WAVELENGTH>
		<MEAN_VALUE>[0.15773293466838673, 0.1436175834175143, 0.117465704612999, 0.11337456996628849, 0.029646508968225096, 0.013240124674280299]</MEAN_VALUE>
		<CHECKBOX>2</CHECKBOX>
		<SD>[0.0027424394868966087, 0.004895307934586029, 0.006465332467538073, 0.00536161034005534, 0.00443310041554847, 0.003749898793406921]</SD>
		<WAVELENGTH_UNIT>E-6m</WAVELENGTH_UNIT>
		<COLOR>#d4b9eb</COLOR>
		<COVARIANCE_MATRIX>[[6.683252649963833e-06, 6.8708213802892715e-06, 8.703672392584849e-06, -7.044699259495246e-07, -3.2354043923987774e-06, -1.8792195533023914e-06], [6.8708213802892715e-06, 1.9688272004714236e-05, 2.0444829715415835e-05, 1.3362767958824406e-06, -5.717263320548227e-06, -3.3913481729541672e-06], [8.703672392584849e-06, 2.0444829715415835e-05, 3.367676981724799e-05, 7.4062481871806085e-06, -3.7566101127595175e-06, -2.2193869426700985e-06], [-7.044699259495246e-07, 1.3362767958824406e-06, 7.4062481871806085e-06, 2.846025745384395e-05, 1.591173895576503e-05, 9.771263648872264e-06], [-3.2354043923987774e-06, -5.717263320548227e-06, -3.7566101127595175e-06, 1.591173895576503e-05, 2.1388383174780756e-05, 1.060194153978955e-05], [-1.8792195533023914e-06, -3.3913481729541672e-06, -2.2193869426700985e-06, 9.771263648872264e-06, 1.060194153978955e-05, 1.5099413758434821e-05]]</COVARIANCE_MATRIX>
		<ROI_SIZE>5065</ROI_SIZE>
		<MAX_VALUE>[0.16613686084747314, 0.1577238291501999, 0.1327202171087265, 0.14317339658737183, 0.05467969551682472, 0.03644393011927605]</MAX_VALUE>
		<MIN_VALUE>[0.14673133194446564, 0.12255847454071045, 0.09700724482536316, 0.10258711129426956, 0.020710064098238945, 0.002670782385393977]</MIN_VALUE>
		<SIGNATURE_THRESHOLD_MD>0.0</SIGNATURE_THRESHOLD_MD>
		<SIGNATURE_THRESHOLD_ML>0.0</SIGNATURE_THRESHOLD_ML>
		<SIGNATURE_THRESHOLD_SAM>0.0</SIGNATURE_THRESHOLD_SAM>
	</signature>
	<signature ID="20210202_120402620942_709">
		<MACROCLASSID>1</MACROCLASSID>
		<MACROCLASSINFO>waterbody</MACROCLASSINFO>
		<CLASSID>2</CLASSID>
		<CLASSINFO>C 1</CLASSINFO>
		<VALUES>[0.14997526994365398, 0.0031836130990095402, 0.13540856391860742, 0.0049077801554655255, 0.11368512318742847, 0.005113306562020672, 0.11360859389634363, 0.007071648576053516, 0.02905969351702951, 0.005574378277888323, 0.012970694489247293, 0.004044516152567497]</VALUES>
		<LCS_MIN>[0.13702858984470367, 0.10849234461784363, 0.08726734668016434, 0.10258711129426956, 0.01809701696038246, 0.002670782385393977]</LCS_MIN>
		<LCS_MAX>[0.16128547489643097, 0.15069074928760529, 0.12298031151294708, 0.14317339658737183, 0.05467969551682472, 0.032691359519958496]</LCS_MAX>
		<WAVELENGTH>[0.485, 0.56, 0.66, 0.83, 1.65, 2.215]</WAVELENGTH>
		<MEAN_VALUE>[0.14997526994365398, 0.13540856391860742, 0.11368512318742847, 0.11360859389634363, 0.02905969351702951, 0.012970694489247293]</MEAN_VALUE>
		<CHECKBOX>2</CHECKBOX>
		<SD>[0.0031836130990095402, 0.0049077801554655255, 0.005113306562020672, 0.007071648576053516, 0.005574378277888323, 0.004044516152567497]</SD>
		<WAVELENGTH_UNIT>E-6m</WAVELENGTH_UNIT>
		<COLOR>#4da3b8</COLOR>
		<COVARIANCE_MATRIX>[[1.114805581892142e-05, 1.3470935300574638e-05, 1.4049299352336675e-05, 2.357233483962773e-07, -2.289625854245969e-06, -1.019185219774954e-06], [1.3470935300574638e-05, 2.7347792638465762e-05, 2.5031999030034058e-05, -1.5388366136903642e-06, -4.638740847440204e-06, -2.0247878182999557e-06], [1.4049299352336675e-05, 2.5031999030034058e-05, 3.0153149054967798e-05, -1.0734712532212143e-06, -4.29294777859468e-06, -1.8165811752623995e-06], [2.357233483962773e-07, -1.5388366136903642e-06, -1.0734712532212143e-06, 4.0345414163311943e-05, 2.527296783227939e-05, 1.33811936393613e-05], [-2.289625854245969e-06, -4.638740847440204e-06, -4.29294777859468e-06, 2.527296783227939e-05, 2.7730176952900365e-05, 1.255138613487361e-05], [-1.019185219774954e-06, -2.0247878182999557e-06, -1.8165811752623995e-06, 1.33811936393613e-05, 1.255138613487361e-05, 1.4835432921245228e-05]]</COVARIANCE_MATRIX>
		<ROI_SIZE>2626</ROI_SIZE>
		<MAX_VALUE>[0.16128547489643097, 0.15069074928760529, 0.12298031151294708, 0.14317339658737183, 0.05467969551682472, 0.032691359519958496]</MAX_VALUE>
		<MIN_VALUE>[0.13702858984470367, 0.10849234461784363, 0.08726734668016434, 0.10258711129426956, 0.01809701696038246, 0.002670782385393977]</MIN_VALUE>
		<SIGNATURE_THRESHOLD_MD>0.0</SIGNATURE_THRESHOLD_MD>
		<SIGNATURE_THRESHOLD_ML>0.0</SIGNATURE_THRESHOLD_ML>
		<SIGNATURE_THRESHOLD_SAM>0.0</SIGNATURE_THRESHOLD_SAM>
	</signature>
	<signature ID="20210202_120409064265_583">
		<MACROCLASSID>1</MACROCLASSID>
		<MACROCLASSINFO>waterbody</MACROCLASSINFO>
		<CLASSID>3</CLASSID>
		<CLASSINFO>C 1</CLASSINFO>
		<VALUES>[0.15683172128537393, 0.0038736938573240513, 0.14252115844150479, 0.006384278437751164, 0.11565995420339897, 0.005980012794795576, 0.1129831642913426, 0.006179874951039586, 0.0305826850624989, 0.006156802369503861, 0.01373180619757316, 0.00447338339019538]</VALUES>
		<LCS_MIN>[0.14187996089458466, 0.11904194205999374, 0.09051398932933807, 0.10258711129426956, 0.020710064098238945, 0.0]</LCS_MIN>
		<LCS_MAX>[0.16613686084747314, 0.1542072892189026, 0.12622694671154022, 0.14317339658737183, 0.06251884251832962, 0.040196504443883896]</LCS_MAX>
		<WAVELENGTH>[0.485, 0.56, 0.66, 0.83, 1.65, 2.215]</WAVELENGTH>
		<MEAN_VALUE>[0.15683172128537393, 0.14252115844150479, 0.11565995420339897, 0.1129831642913426, 0.0305826850624989, 0.01373180619757316]</MEAN_VALUE>
		<CHECKBOX>2</CHECKBOX>
		<SD>[0.0038736938573240513, 0.006384278437751164, 0.005980012794795576, 0.006179874951039586, 0.006156802369503861, 0.00447338339019538]</SD>
		<WAVELENGTH_UNIT>E-6m</WAVELENGTH_UNIT>
		<COLOR>#bca580</COLOR>
		<COVARIANCE_MATRIX>[[1.4166032087814528e-05, 1.9006070942850783e-05, 1.7406815459253266e-05, -1.3727886653214227e-05, -1.2019197129120585e-05, -6.067651611374458e-06], [1.9006070942850783e-05, 3.751206531887874e-05, 3.032487802556716e-05, -2.581471017037984e-05, -2.266862975375261e-05, -1.1850464943563566e-05], [1.7406815459253266e-05, 3.032487802556716e-05, 3.212004594388418e-05, -2.1877518520341255e-05, -1.898377922771033e-05, -9.778273124538828e-06], [-1.3727886653214227e-05, -2.581471017037984e-05, -2.1877518520341255e-05, 4.2609379306668416e-05, 3.4673801565077156e-05, 1.8875345631386153e-05], [-1.2019197129120585e-05, -2.266862975375261e-05, -1.898377922771033e-05, 3.4673801565077156e-05, 4.091585651622154e-05, 1.994195736187976e-05], [-6.067651611374458e-06, -1.1850464943563566e-05, -9.778273124538828e-06, 1.8875345631386153e-05, 1.994195736187976e-05, 2.0134952137595974e-05]]</COVARIANCE_MATRIX>
		<ROI_SIZE>2577</ROI_SIZE>
		<MAX_VALUE>[0.16613686084747314, 0.1542072892189026, 0.12622694671154022, 0.14317339658737183, 0.06251884251832962, 0.040196504443883896]</MAX_VALUE>
		<MIN_VALUE>[0.14187996089458466, 0.11904194205999374, 0.09051398932933807, 0.10258711129426956, 0.020710064098238945, 0.0]</MIN_VALUE>
		<SIGNATURE_THRESHOLD_MD>0.0</SIGNATURE_THRESHOLD_MD>
		<SIGNATURE_THRESHOLD_ML>0.0</SIGNATURE_THRESHOLD_ML>
		<SIGNATURE_THRESHOLD_SAM>0.0</SIGNATURE_THRESHOLD_SAM>
	</signature>
	<signature ID="20210202_120419708972_981">
		<MACROCLASSID>1</MACROCLASSID>
		<MACROCLASSINFO>waterbody</MACROCLASSINFO>
		<CLASSID>4</CLASSID>
		<CLASSINFO>C 1</CLASSINFO>
		<VALUES>[0.16778464087700662, 0.002137067019589243, 0.16350693448863493, 0.00239373950134666, 0.16767483542073605, 0.003206172329788503, 0.13651800940548492, 0.0032453529533621587, 0.03472711540854457, 0.005400130408257848, 0.017894487889810195, 0.0055262730163729065]</VALUES>
		<LCS_MIN>[0.16128547489643097, 0.15069074928760529, 0.14246012270450592, 0.13099750876426697, 0.023323114961385727, 0.0064233532175421715]</LCS_MIN>
		<LCS_MAX>[0.1758396178483963, 0.17178994417190552, 0.17492645978927612, 0.15534928441047668, 0.057292744517326355, 0.043949078768491745]</LCS_MAX>
		<WAVELENGTH>[0.485, 0.56, 0.66, 0.83, 1.65, 2.215]</WAVELENGTH>
		<MEAN_VALUE>[0.16778464087700662, 0.16350693448863493, 0.16767483542073605, 0.13651800940548492, 0.03472711540854457, 0.017894487889810195]</MEAN_VALUE>
		<CHECKBOX>2</CHECKBOX>
		<SD>[0.002137067019589243, 0.00239373950134666, 0.003206172329788503, 0.0032453529533621587, 0.005400130408257848, 0.0055262730163729065]</SD>
		<WAVELENGTH_UNIT>E-6m</WAVELENGTH_UNIT>
		<COLOR>#7d3327</COLOR>
		<COVARIANCE_MATRIX>[[4.7338517106254585e-06, 1.3378377161643584e-06, 2.166440481232712e-06, -7.091238671819156e-07, -1.5284442724805558e-06, -7.574915343866451e-07], [1.3378377161643584e-06, 7.2386296778859105e-06, 6.503939857793739e-06, -3.020086751348572e-06, -5.687871180271031e-06, -4.599642124958336e-06], [2.166440481232712e-06, 6.503939857793739e-06, 1.5947951396810822e-05, -4.877417268289719e-06, -1.0341695997340139e-05, -8.822516065265518e-06], [-7.091238671819156e-07, -3.020086751348572e-06, -4.877417268289719e-06, 1.0927056791842915e-05, 1.1039051059924532e-05, 9.476834748056717e-06], [-1.5284442724805558e-06, -5.687871180271031e-06, -1.0341695997340139e-05, 1.1039051059924532e-05, 2.9302649636520073e-05, 2.0483486878219992e-05], [-7.574915343866451e-07, -4.599642124958336e-06, -8.822516065265518e-06, 9.476834748056717e-06, 2.0483486878219992e-05, 3.0240664273151197e-05]]</COVARIANCE_MATRIX>
		<ROI_SIZE>2845</ROI_SIZE>
		<MAX_VALUE>[0.1758396178483963, 0.17178994417190552, 0.17492645978927612, 0.15534928441047668, 0.057292744517326355, 0.043949078768491745]</MAX_VALUE>
		<MIN_VALUE>[0.16128547489643097, 0.15069074928760529, 0.14246012270450592, 0.13099750876426697, 0.023323114961385727, 0.0064233532175421715]</MIN_VALUE>
		<SIGNATURE_THRESHOLD_MD>0.0</SIGNATURE_THRESHOLD_MD>
		<SIGNATURE_THRESHOLD_ML>0.0</SIGNATURE_THRESHOLD_ML>
		<SIGNATURE_THRESHOLD_SAM>0.0</SIGNATURE_THRESHOLD_SAM>
	</signature>
	<signature ID="20210202_120430911676_462">
		<MACROCLASSID>1</MACROCLASSID>
		<MACROCLASSINFO>waterbody</MACROCLASSINFO>
		<CLASSID>5</CLASSID>
		<CLASSINFO>C 1</CLASSINFO>
		<VALUES>[0.1669529854303436, 0.002477069110517859, 0.1608801436017224, 0.0031047186404999797, 0.16511973932427246, 0.004284316210300709, 0.13912045703355774, 0.0067985278771039975, 0.03508060934741688, 0.010132672183216226, 0.018023331347291918, 0.008655755572791928]</VALUES>
		<LCS_MIN>[0.15805122256278992, 0.14365768432617188, 0.13596685230731964, 0.13099750876426697, 0.023323114961385727, 0.0064233532175421715]</LCS_MIN>
		<LCS_MAX>[0.1758396178483963, 0.17178994417190552, 0.17492645978927612, 0.1837596893310547, 0.08603627234697342, 0.06646451354026794]</LCS_MAX>
		<WAVELENGTH>[0.485, 0.56, 0.66, 0.83, 1.65, 2.215]</WAVELENGTH>
		<MEAN_VALUE>[0.1669529854303436, 0.1608801436017224, 0.16511973932427246, 0.13912045703355774, 0.03508060934741688, 0.018023331347291918]</MEAN_VALUE>
		<CHECKBOX>2</CHECKBOX>
		<SD>[0.002477069110517859, 0.0031047186404999797, 0.004284316210300709, 0.0067985278771039975, 0.010132672183216226, 0.008655755572791928]</SD>
		<WAVELENGTH_UNIT>E-6m</WAVELENGTH_UNIT>
		<COLOR>#62dabf</COLOR>
		<COVARIANCE_MATRIX>[[6.0210927586012986e-06, 3.249637529734173e-06, 4.8385545596829616e-06, -4.001369688921841e-06, -5.333360149961663e-06, -3.0555684134014882e-06], [3.249637529734173e-06, 9.84773851087084e-06, 8.502654964104295e-06, -9.98369614535477e-06, -1.4514626855088864e-05, -1.0280424248776399e-05], [4.8385545596829616e-06, 8.502654964104295e-06, 1.7778525943867862e-05, -1.7805370589485392e-05, -2.5273713617934845e-05, -1.770048947946634e-05], [-4.001369688921841e-06, -9.98369614535477e-06, -1.7805370589485392e-05, 4.3584906961768866e-05, 5.6818724260665476e-05, 4.3938376620644704e-05], [-5.333360149961663e-06, -1.4514626855088864e-05, -2.5273713617934845e-05, 5.6818724260665476e-05, 9.803596913116053e-05, 7.443739013979211e-05], [-3.0555684134014882e-06, -1.0280424248776399e-05, -1.770048947946634e-05, 4.3938376620644704e-05, 7.443739013979211e-05, 7.344283221755177e-05]]</COVARIANCE_MATRIX>
		<ROI_SIZE>3746</ROI_SIZE>
		<MAX_VALUE>[0.1758396178483963, 0.17178994417190552, 0.17492645978927612, 0.1837596893310547, 0.08603627234697342, 0.06646451354026794]</MAX_VALUE>
		<MIN_VALUE>[0.15805122256278992, 0.14365768432617188, 0.13596685230731964, 0.13099750876426697, 0.023323114961385727, 0.0064233532175421715]</MIN_VALUE>
		<SIGNATURE_THRESHOLD_MD>0.0</SIGNATURE_THRESHOLD_MD>
		<SIGNATURE_THRESHOLD_ML>0.0</SIGNATURE_THRESHOLD_ML>
		<SIGNATURE_THRESHOLD_SAM>0.0</SIGNATURE_THRESHOLD_SAM>
	</signature>
	<signature ID="20210202_120440149853_413">
		<MACROCLASSID>1</MACROCLASSID>
		<MACROCLASSINFO>waterbody</MACROCLASSINFO>
		<CLASSID>6</CLASSID>
		<CLASSINFO>C 1</CLASSINFO>
		<VALUES>[0.15480405099517947, 0.002170209308288892, 0.1325599845849491, 0.0024580158917444682, 0.11031238653996472, 0.0029878591523971525, 0.1123335828432288, 0.008972066901821793, 0.03990993807902874, 0.011609215370719994, 0.020307205344482503, 0.008327077314038582]</VALUES>
		<LCS_MIN>[0.14834846556186676, 0.12607501447200775, 0.10350050777196884, 0.10258711129426956, 0.02593616209924221, 0.0064233532175421715]</LCS_MIN>
		<LCS_MAX>[0.1629026085138321, 0.14014115929603577, 0.12622694671154022, 0.1512906700372696, 0.08081018179655075, 0.0627119392156601]</LCS_MAX>
		<WAVELENGTH>[0.485, 0.56, 0.66, 0.83, 1.65, 2.215]</WAVELENGTH>
		<MEAN_VALUE>[0.15480405099517947, 0.1325599845849491, 0.11031238653996472, 0.1123335828432288, 0.03990993807902874, 0.020307205344482503]</MEAN_VALUE>
		<CHECKBOX>2</CHECKBOX>
		<SD>[0.002170209308288892, 0.0024580158917444682, 0.0029878591523971525, 0.008972066901821793, 0.011609215370719994, 0.008327077314038582]</SD>
		<WAVELENGTH_UNIT>E-6m</WAVELENGTH_UNIT>
		<COLOR>#0dc65b</COLOR>
		<COVARIANCE_MATRIX>[[4.503398486122023e-06, 9.683027428764035e-07, 4.0913027987699024e-07, -2.075967358905473e-06, -2.5644442303018877e-06, -1.2764473922288744e-06], [9.683027428764035e-07, 6.093810497986851e-06, 2.7341448003426194e-06, -3.557063621428824e-07, -2.1757762169727357e-06, -1.4068451719140285e-06], [4.0913027987699024e-07, 2.7341448003426194e-06, 9.078139555640519e-06, 1.0957728591165505e-05, 1.238033473782707e-05, 8.234616871050093e-06], [-2.075967358905473e-06, -3.557063621428824e-07, 1.0957728591165505e-05, 8.118172991089523e-05, 8.863870607456192e-05, 5.608584251604043e-05], [-2.5644442303018877e-06, -2.1757762169727357e-06, 1.238033473782707e-05, 8.863870607456192e-05, 0.0001300707081099972, 8.048774907365441e-05], [-1.2764473922288744e-06, -1.4068451719140285e-06, 8.234616871050093e-06, 5.608584251604043e-05, 8.048774907365441e-05, 6.58239223412238e-05]]</COVARIANCE_MATRIX>
		<ROI_SIZE>4446</ROI_SIZE>
		<MAX_VALUE>[0.1629026085138321, 0.14014115929603577, 0.12622694671154022, 0.1512906700372696, 0.08081018179655075, 0.0627119392156601]</MAX_VALUE>
		<MIN_VALUE>[0.14834846556186676, 0.12607501447200775, 0.10350050777196884, 0.10258711129426956, 0.02593616209924221, 0.0064233532175421715]</MIN_VALUE>
		<SIGNATURE_THRESHOLD_MD>0.0</SIGNATURE_THRESHOLD_MD>
		<SIGNATURE_THRESHOLD_ML>0.0</SIGNATURE_THRESHOLD_ML>
		<SIGNATURE_THRESHOLD_SAM>0.0</SIGNATURE_THRESHOLD_SAM>
	</signature>
	<signature ID="20210202_120448156405_758">
		<MACROCLASSID>1</MACROCLASSID>
		<MACROCLASSINFO>waterbody</MACROCLASSINFO>
		<CLASSID>7</CLASSID>
		<CLASSINFO>C 1</CLASSINFO>
		<VALUES>[0.16447871105310788, 0.0021105925699958293, 0.15400113330853668, 0.0025377674088530714, 0.15379039529950392, 0.0031663230758740566, 0.14587305428243907, 0.00460432618856703, 0.03532781774491036, 0.00732957578239623, 0.01897141479665524, 0.0069541011771318455]</VALUES>
		<LCS_MIN>[0.15805122256278992, 0.14365768432617188, 0.14246012270450592, 0.13505613803863525, 0.023323114961385727, 0.0064233532175421715]</LCS_MIN>
		<LCS_MAX>[0.17260535061359406, 0.1612403392791748, 0.1651865541934967, 0.19593559205532074, 0.07819712907075882, 0.0627119392156601]</LCS_MAX>
		<WAVELENGTH>[0.485, 0.56, 0.66, 0.83, 1.65, 2.215]</WAVELENGTH>
		<MEAN_VALUE>[0.16447871105310788, 0.15400113330853668, 0.15379039529950392, 0.14587305428243907, 0.03532781774491036, 0.01897141479665524]</MEAN_VALUE>
		<CHECKBOX>2</CHECKBOX>
		<SD>[0.0021105925699958293, 0.0025377674088530714, 0.0031663230758740566, 0.00460432618856703, 0.00732957578239623, 0.0069541011771318455]</SD>
		<WAVELENGTH_UNIT>E-6m</WAVELENGTH_UNIT>
		<COLOR>#ffaf93</COLOR>
		<COVARIANCE_MATRIX>[[4.937564426654717e-06, 2.271808625664562e-06, 3.152453246002551e-06, -1.8875748537539039e-06, 1.2720125823761919e-06, 1.661811779740674e-06], [2.271808625664562e-06, 7.3248602348030545e-06, 4.5806241359969135e-06, -3.4736299312498886e-06, 4.4553150502224526e-08, 7.952585292514414e-07], [3.152453246002551e-06, 4.5806241359969135e-06, 1.1559670383576304e-05, -6.403098268492613e-06, -2.7850740025314735e-06, -1.1163288036186714e-06], [-1.8875748537539039e-06, -3.4736299312498886e-06, -6.403098268492613e-06, 1.9199836970074102e-05, 2.0051737010362558e-05, 1.6459744074381888e-05], [1.2720125823761919e-06, 4.4553150502224526e-08, -2.7850740025314735e-06, 2.0051737010362558e-05, 6.27380795776844e-05, 5.078587491880171e-05], [1.661811779740674e-06, 7.952585292514414e-07, -1.1163288036186714e-06, 1.6459744074381888e-05, 5.078587491880171e-05, 5.762206274084747e-05]]</COVARIANCE_MATRIX>
		<ROI_SIZE>3091</ROI_SIZE>
		<MAX_VALUE>[0.17260535061359406, 0.1612403392791748, 0.1651865541934967, 0.19593559205532074, 0.07819712907075882, 0.0627119392156601]</MAX_VALUE>
		<MIN_VALUE>[0.15805122256278992, 0.14365768432617188, 0.14246012270450592, 0.13505613803863525, 0.023323114961385727, 0.0064233532175421715]</MIN_VALUE>
		<SIGNATURE_THRESHOLD_MD>0.0</SIGNATURE_THRESHOLD_MD>
		<SIGNATURE_THRESHOLD_ML>0.0</SIGNATURE_THRESHOLD_ML>
		<SIGNATURE_THRESHOLD_SAM>0.0</SIGNATURE_THRESHOLD_SAM>
	</signature>
	<signature ID="20210202_120454400494_876">
		<MACROCLASSID>1</MACROCLASSID>
		<MACROCLASSINFO>waterbody</MACROCLASSINFO>
		<CLASSID>8</CLASSID>
		<CLASSINFO>C 1</CLASSINFO>
		<VALUES>[0.1567672425097794, 0.002673140902206763, 0.1363251481376346, 0.0038997910910474774, 0.11676008239809692, 0.004588991090147816, 0.10873672085494959, 0.011335350098694352, 0.033251773924056746, 0.009060045073671284, 0.017303162350158045, 0.006993895988626225]</VALUES>
		<LCS_MIN>[0.14834846556186676, 0.12255847454071045, 0.10674714297056198, 0.09852848947048187, 0.020710064098238945, 0.0064233532175421715]</LCS_MIN>
		<LCS_MAX>[0.16613686084747314, 0.14717420935630798, 0.1327202171087265, 0.15534928441047668, 0.08081018179655075, 0.0627119392156601]</LCS_MAX>
		<WAVELENGTH>[0.485, 0.56, 0.66, 0.83, 1.65, 2.215]</WAVELENGTH>
		<MEAN_VALUE>[0.1567672425097794, 0.1363251481376346, 0.11676008239809692, 0.10873672085494959, 0.033251773924056746, 0.017303162350158045]</MEAN_VALUE>
		<CHECKBOX>2</CHECKBOX>
		<SD>[0.002673140902206763, 0.0038997910910474774, 0.004588991090147816, 0.011335350098694352, 0.009060045073671284, 0.006993895988626225]</SD>
		<WAVELENGTH_UNIT>E-6m</WAVELENGTH_UNIT>
		<COLOR>#262e80</COLOR>
		<COVARIANCE_MATRIX>[[6.867696811241331e-06, 5.424049504654249e-06, 6.5281501520075835e-06, 7.53451695345575e-06, 4.936834557156544e-06, 3.225997033950989e-06], [5.424049504654249e-06, 1.3725136341236066e-05, 1.1774675840570126e-05, 1.4276227375376038e-05, 8.5488782133325e-06, 5.5917707868502475e-06], [6.5281501520075835e-06, 1.1774675840570126e-05, 1.8226541214971803e-05, 2.117420081049204e-05, 1.4703561646456365e-05, 1.0110417861142196e-05], [7.53451695345575e-06, 1.4276227375376038e-05, 2.117420081049204e-05, 0.00010115656186826527, 7.679018017370254e-05, 5.277380478219129e-05], [4.936834557156544e-06, 8.5488782133325e-06, 1.4703561646456365e-05, 7.679018017370254e-05, 7.598162483191118e-05, 5.077804598840885e-05], [3.225997033950989e-06, 5.5917707868502475e-06, 1.0110417861142196e-05, 5.277380478219129e-05, 5.077804598840885e-05, 4.821632683160715e-05]]</COVARIANCE_MATRIX>
		<ROI_SIZE>6066</ROI_SIZE>
		<MAX_VALUE>[0.16613686084747314, 0.14717420935630798, 0.1327202171087265, 0.15534928441047668, 0.08081018179655075, 0.0627119392156601]</MAX_VALUE>
		<MIN_VALUE>[0.14834846556186676, 0.12255847454071045, 0.10674714297056198, 0.09852848947048187, 0.020710064098238945, 0.0064233532175421715]</MIN_VALUE>
		<SIGNATURE_THRESHOLD_MD>0.0</SIGNATURE_THRESHOLD_MD>
		<SIGNATURE_THRESHOLD_ML>0.0</SIGNATURE_THRESHOLD_ML>
		<SIGNATURE_THRESHOLD_SAM>0.0</SIGNATURE_THRESHOLD_SAM>
	</signature>
	<signature ID="20210202_120504845792_143">
		<MACROCLASSID>1</MACROCLASSID>
		<MACROCLASSINFO>waterbody</MACROCLASSINFO>
		<CLASSID>9</CLASSID>
		<CLASSINFO>C 1</CLASSINFO>
		<VALUES>[0.16179301815502573, 0.0019669321717081726, 0.15242618477189682, 0.002754583872645017, 0.13105474112482823, 0.0029031762242778397, 0.1185317235591608, 0.008206032191606906, 0.044074791834338926, 0.01057269320272033, 0.02529992953595983, 0.00835017921582992]</VALUES>
		<LCS_MIN>[0.15319985151290894, 0.14014115929603577, 0.11973366886377335, 0.10664573311805725, 0.028549209237098694, 0.010175926610827446]</LCS_MIN>
		<LCS_MAX>[0.16613686084747314, 0.1612403392791748, 0.1392134726047516, 0.1472320407629013, 0.07819712907075882, 0.051454223692417145]</LCS_MAX>
		<WAVELENGTH>[0.485, 0.56, 0.66, 0.83, 1.65, 2.215]</WAVELENGTH>
		<MEAN_VALUE>[0.16179301815502573, 0.15242618477189682, 0.13105474112482823, 0.1185317235591608, 0.044074791834338926, 0.02529992953595983]</MEAN_VALUE>
		<CHECKBOX>2</CHECKBOX>
		<SD>[0.0019669321717081726, 0.002754583872645017, 0.0029031762242778397, 0.008206032191606906, 0.01057269320272033, 0.00835017921582992]</SD>
		<WAVELENGTH_UNIT>E-6m</WAVELENGTH_UNIT>
		<COLOR>#2fce6a</COLOR>
		<COVARIANCE_MATRIX>[[3.936815573979402e-06, 1.729613245515793e-06, 1.5032675264592399e-06, -4.156191153015243e-06, -4.591563993017189e-06, -3.340641114846221e-06], [1.729613245515793e-06, 7.751392331556417e-06, 2.905883320636349e-06, -7.293761427717982e-06, -6.567432592419209e-06, -3.392780399735784e-06], [1.5032675264592399e-06, 2.905883320636349e-06, 8.329685442731716e-06, 3.906205620296532e-06, 4.721524874184979e-06, 4.755710051540518e-06], [-4.156191153015243e-06, -7.293761427717982e-06, 3.906205620296532e-06, 7.372227992163971e-05, 7.606879808008671e-05, 5.6978304201038554e-05], [-4.591563993017189e-06, -6.567432592419209e-06, 4.721524874184979e-06, 7.606879808008671e-05, 0.00011729807738447562, 8.249593520304188e-05], [-3.340641114846221e-06, -3.392780399735784e-06, 4.755710051540518e-06, 5.6978304201038554e-05, 8.249593520304188e-05, 7.633175846422091e-05]]</COVARIANCE_MATRIX>
		<ROI_SIZE>749</ROI_SIZE>
		<MAX_VALUE>[0.16613686084747314, 0.1612403392791748, 0.1392134726047516, 0.1472320407629013, 0.07819712907075882, 0.051454223692417145]</MAX_VALUE>
		<MIN_VALUE>[0.15319985151290894, 0.14014115929603577, 0.11973366886377335, 0.10664573311805725, 0.028549209237098694, 0.010175926610827446]</MIN_VALUE>
		<SIGNATURE_THRESHOLD_MD>0.0</SIGNATURE_THRESHOLD_MD>
		<SIGNATURE_THRESHOLD_ML>0.0</SIGNATURE_THRESHOLD_ML>
		<SIGNATURE_THRESHOLD_SAM>0.0</SIGNATURE_THRESHOLD_SAM>
	</signature>
	<signature ID="20210202_120515119879_245">
		<MACROCLASSID>1</MACROCLASSID>
		<MACROCLASSINFO>waterbody</MACROCLASSINFO>
		<CLASSID>10</CLASSID>
		<CLASSINFO>C 1</CLASSINFO>
		<VALUES>[0.1633975011585601, 0.001981340078690852, 0.15480600968645555, 0.0029455392935047162, 0.13796800445636806, 0.0032386291106576877, 0.11892659037277621, 0.008538620211384747, 0.04532565872570306, 0.011342791141434109, 0.02780654551943057, 0.009851285101181035]</VALUES>
		<LCS_MIN>[0.15805122256278992, 0.14365768432617188, 0.12298031151294708, 0.10664573311805725, 0.028549209237098694, 0.01392850000411272]</LCS_MIN>
		<LCS_MAX>[0.17098823189735413, 0.1612403392791748, 0.148953378200531, 0.1512906700372696, 0.07819712907075882, 0.05895935744047165]</LCS_MAX>
		<WAVELENGTH>[0.485, 0.56, 0.66, 0.83, 1.65, 2.215]</WAVELENGTH>
		<MEAN_VALUE>[0.1633975011585601, 0.15480600968645555, 0.13796800445636806, 0.11892659037277621, 0.04532565872570306, 0.02780654551943057]</MEAN_VALUE>
		<CHECKBOX>2</CHECKBOX>
		<SD>[0.001981340078690852, 0.0029455392935047162, 0.0032386291106576877, 0.008538620211384747, 0.011342791141434109, 0.009851285101181035]</SD>
		<WAVELENGTH_UNIT>E-6m</WAVELENGTH_UNIT>
		<COLOR>#88c03e</COLOR>
		<COVARIANCE_MATRIX>[[3.7820277611899655e-06, 1.1430221320551937e-06, 1.6405708720412804e-06, -1.5532332326984033e-06, -2.2457581962953554e-06, -1.9350011370988796e-06], [1.1430221320551937e-06, 8.189011168724392e-06, 3.392023700143909e-06, -5.258680175757036e-06, -7.916327376733534e-06, -7.15240093995817e-06], [1.6405708720412804e-06, 3.392023700143909e-06, 1.0069369636767078e-05, 4.290904143999796e-06, 2.114565859301365e-06, 2.271198269454544e-07], [-1.5532332326984033e-06, -5.258680175757036e-06, 4.290904143999796e-06, 7.551949238404632e-05, 7.950686995172873e-05, 6.194072921061888e-05], [-2.2457581962953554e-06, -7.916327376733534e-06, 2.114565859301365e-06, 7.950686995172873e-05, 0.00012297720240894705, 9.297423821408302e-05], [-1.9350011370988796e-06, -7.15240093995817e-06, 2.271198269454544e-07, 6.194072921061888e-05, 9.297423821408302e-05, 8.901453111320734e-05]]</COVARIANCE_MATRIX>
		<ROI_SIZE>789</ROI_SIZE>
		<MAX_VALUE>[0.17098823189735413, 0.1612403392791748, 0.148953378200531, 0.1512906700372696, 0.07819712907075882, 0.05895935744047165]</MAX_VALUE>
		<MIN_VALUE>[0.15805122256278992, 0.14365768432617188, 0.12298031151294708, 0.10664573311805725, 0.028549209237098694, 0.01392850000411272]</MIN_VALUE>
		<SIGNATURE_THRESHOLD_MD>0.0</SIGNATURE_THRESHOLD_MD>
		<SIGNATURE_THRESHOLD_ML>0.0</SIGNATURE_THRESHOLD_ML>
		<SIGNATURE_THRESHOLD_SAM>0.0</SIGNATURE_THRESHOLD_SAM>
	</signature>
	<signature ID="20210202_120554526359_753">
		<MACROCLASSID>1</MACROCLASSID>
		<MACROCLASSINFO>waterbody</MACROCLASSINFO>
		<CLASSID>11</CLASSID>
		<CLASSINFO>C 1</CLASSINFO>
		<VALUES>[0.16641824896558394, 0.002437852289816011, 0.155242231731512, 0.0023825241507365777, 0.15417031844563692, 0.003058294491663702, 0.1463775858203015, 0.0036687849032187602, 0.03655956579106193, 0.006921960206319979, 0.01938605315235037, 0.006264796142616105]</VALUES>
		<LCS_MIN>[0.15643411874771118, 0.14365768432617188, 0.13596685230731964, 0.13911475241184235, 0.028549209237098694, 0.010175926610827446]</LCS_MIN>
		<LCS_MAX>[0.17260535061359406, 0.1612403392791748, 0.15869329869747162, 0.17158381640911102, 0.07558409124612808, 0.051454223692417145]</LCS_MAX>
		<WAVELENGTH>[0.485, 0.56, 0.66, 0.83, 1.65, 2.215]</WAVELENGTH>
		<MEAN_VALUE>[0.16641824896558394, 0.155242231731512, 0.15417031844563692, 0.1463775858203015, 0.03655956579106193, 0.01938605315235037]</MEAN_VALUE>
		<CHECKBOX>2</CHECKBOX>
		<SD>[0.002437852289816011, 0.0023825241507365777, 0.003058294491663702, 0.0036687849032187602, 0.006921960206319979, 0.006264796142616105]</SD>
		<WAVELENGTH_UNIT>E-6m</WAVELENGTH_UNIT>
		<COLOR>#a03651</COLOR>
		<COVARIANCE_MATRIX>[[6.0938868955418e-06, 2.2419324068323476e-06, 2.3334594061452663e-06, 1.7208991494044312e-06, 3.2769730751169845e-07, -2.587691199096298e-07], [2.2419324068323476e-06, 6.671345090580871e-06, 3.247118229410262e-06, 9.400163207828882e-07, -9.464570780437498e-07, -8.531543471690384e-07], [2.3334594061452663e-06, 3.247118229410262e-06, 9.234137905878015e-06, -6.181550133987912e-07, -3.762580035981955e-06, -3.533490371410153e-06], [1.7208991494044312e-06, 9.400163207828882e-07, -6.181550133987912e-07, 1.3480153029377107e-05, 1.4472716429736465e-05, 1.133163914346369e-05], [3.2769730751169845e-07, -9.464570780437498e-07, -3.762580035981955e-06, 1.4472716429736465e-05, 4.917053593089804e-05, 3.6245135561330244e-05], [-2.587691199096298e-07, -8.531543471690384e-07, -3.533490371410153e-06, 1.133163914346369e-05, 3.6245135561330244e-05, 4.3029282096540555e-05]]</COVARIANCE_MATRIX>
		<ROI_SIZE>3828</ROI_SIZE>
		<MAX_VALUE>[0.17260535061359406, 0.1612403392791748, 0.15869329869747162, 0.17158381640911102, 0.07558409124612808, 0.051454223692417145]</MAX_VALUE>
		<MIN_VALUE>[0.15643411874771118, 0.14365768432617188, 0.13596685230731964, 0.13911475241184235, 0.028549209237098694, 0.010175926610827446]</MIN_VALUE>
		<SIGNATURE_THRESHOLD_MD>0.0</SIGNATURE_THRESHOLD_MD>
		<SIGNATURE_THRESHOLD_ML>0.0</SIGNATURE_THRESHOLD_ML>
		<SIGNATURE_THRESHOLD_SAM>0.0</SIGNATURE_THRESHOLD_SAM>
	</signature>
	<signature ID="20210202_121155353122_282">
		<MACROCLASSID>1</MACROCLASSID>
		<MACROCLASSINFO>waterbody</MACROCLASSINFO>
		<CLASSID>12</CLASSID>
		<CLASSINFO>C 1</CLASSINFO>
		<VALUES>[0.15862216646149352, 0.001905306708971434, 0.1436056637993226, 0.0027514612262742283, 0.11917976121724942, 0.0025539675488181614, 0.11639205201784288, 0.006440803994876782, 0.0351926413175505, 0.00663295903698369, 0.01701123370463856, 0.005786032300024117]</VALUES>
		<LCS_MIN>[0.1499655693769455, 0.13310807943344116, 0.10674714297056198, 0.10664573311805725, 0.023323114961385727, 0.0064233532175421715]</LCS_MIN>
		<LCS_MAX>[0.16451972723007202, 0.15069074928760529, 0.12947359681129456, 0.1472320407629013, 0.06774494051933289, 0.051454223692417145]</LCS_MAX>
		<WAVELENGTH>[0.485, 0.56, 0.66, 0.83, 1.65, 2.215]</WAVELENGTH>
		<MEAN_VALUE>[0.15862216646149352, 0.1436056637993226, 0.11917976121724942, 0.11639205201784288, 0.0351926413175505, 0.01701123370463856]</MEAN_VALUE>
		<CHECKBOX>2</CHECKBOX>
		<SD>[0.001905306708971434, 0.0027514612262742283, 0.0025539675488181614, 0.006440803994876782, 0.00663295903698369, 0.005786032300024117]</SD>
		<WAVELENGTH_UNIT>E-6m</WAVELENGTH_UNIT>
		<COLOR>#2504fb</COLOR>
		<COVARIANCE_MATRIX>[[3.7621355204464635e-06, 8.759315051065641e-07, 7.481306738554849e-07, -1.1116028417745838e-06, -8.131630693242187e-07, -5.73345459997654e-07], [8.759315051065641e-07, 7.339305739151314e-06, 8.248971425928175e-07, -3.5853202007274376e-06, -3.7523311675613513e-06, -2.591640622995328e-06], [7.481306738554849e-07, 8.248971425928175e-07, 5.99866552875028e-06, 3.4777249311446212e-06, 4.036876362079056e-06, 3.843521881208289e-06], [-1.1116028417745838e-06, -3.5853202007274376e-06, 3.4777249311446212e-06, 3.746443326235749e-05, 3.1509021937381476e-05, 2.3409680579788983e-05], [-8.131630693242187e-07, -3.7523311675613513e-06, 4.036876362079056e-06, 3.1509021937381476e-05, 4.495320172281936e-05, 2.885263347707223e-05], [-5.73345459997654e-07, -2.591640622995328e-06, 3.843521881208289e-06, 2.3409680579788983e-05, 2.885263347707223e-05, 3.472659955150448e-05]]</COVARIANCE_MATRIX>
		<ROI_SIZE>1948</ROI_SIZE>
		<MAX_VALUE>[0.16451972723007202, 0.15069074928760529, 0.12947359681129456, 0.1472320407629013, 0.06774494051933289, 0.051454223692417145]</MAX_VALUE>
		<MIN_VALUE>[0.1499655693769455, 0.13310807943344116, 0.10674714297056198, 0.10664573311805725, 0.023323114961385727, 0.0064233532175421715]</MIN_VALUE>
		<SIGNATURE_THRESHOLD_MD>0.0</SIGNATURE_THRESHOLD_MD>
		<SIGNATURE_THRESHOLD_ML>0.0</SIGNATURE_THRESHOLD_ML>
		<SIGNATURE_THRESHOLD_SAM>0.0</SIGNATURE_THRESHOLD_SAM>
	</signature>
	<signature ID="20210202_121208917890_972">
		<MACROCLASSID>1</MACROCLASSID>
		<MACROCLASSINFO>waterbody</MACROCLASSINFO>
		<CLASSID>13</CLASSID>
		<CLASSINFO>C 1</CLASSINFO>
		<VALUES>[0.1550395877536717, 0.002147969301140844, 0.13696958577331095, 0.0021210136082912183, 0.13227329363079768, 0.0029194096726429123, 0.15007051007374203, 0.004999224169728599, 0.03459395203574357, 0.008457010860006832, 0.01714668626443166, 0.007050795866018562]</VALUES>
		<LCS_MIN>[0.14673133194446564, 0.12607501447200775, 0.11324041336774826, 0.14317339658737183, 0.023323114961385727, 0.0064233532175421715]</LCS_MIN>
		<LCS_MAX>[0.16128547489643097, 0.14717420935630798, 0.1392134726047516, 0.1797010600566864, 0.07035798579454422, 0.047701645642519]</LCS_MAX>
		<WAVELENGTH>[0.485, 0.56, 0.66, 0.83, 1.65, 2.215]</WAVELENGTH>
		<MEAN_VALUE>[0.1550395877536717, 0.13696958577331095, 0.13227329363079768, 0.15007051007374203, 0.03459395203574357, 0.01714668626443166]</MEAN_VALUE>
		<CHECKBOX>2</CHECKBOX>
		<SD>[0.002147969301140844, 0.0021210136082912183, 0.0029194096726429123, 0.004999224169728599, 0.008457010860006832, 0.007050795866018562]</SD>
		<WAVELENGTH_UNIT>E-6m</WAVELENGTH_UNIT>
		<COLOR>#15144d</COLOR>
		<COVARIANCE_MATRIX>[[4.6733111958019435e-06, 8.931874049267208e-07, 1.369745518786658e-06, -8.247203595601604e-07, -7.674186690564966e-07, 2.1304278163825074e-07], [8.931874049267208e-07, 4.910665211355081e-06, 2.5058739083760884e-06, -1.9205579064873746e-06, -2.9739123874605866e-06, -1.7083993952837773e-06], [1.369745518786658e-06, 2.5058739083760884e-06, 9.259883881895803e-06, -6.214673248905456e-06, -9.197811777994502e-06, -5.472618340718327e-06], [-8.247203595601604e-07, -1.9205579064873746e-06, -6.214673248905456e-06, 2.5515797460684553e-05, 3.506910434225574e-05, 2.5909543182933703e-05], [-7.674186690564966e-07, -2.9739123874605866e-06, -9.197811777994502e-06, 3.506910434225574e-05, 9.267305722460151e-05, 6.875336839584634e-05], [2.1304278163825074e-07, -1.7083993952837773e-06, -5.472618340718327e-06, 2.5909543182933703e-05, 6.875336839584634e-05, 6.796496745664626e-05]]</COVARIANCE_MATRIX>
		<ROI_SIZE>1908</ROI_SIZE>
		<MAX_VALUE>[0.16128547489643097, 0.14717420935630798, 0.1392134726047516, 0.1797010600566864, 0.07035798579454422, 0.047701645642519]</MAX_VALUE>
		<MIN_VALUE>[0.14673133194446564, 0.12607501447200775, 0.11324041336774826, 0.14317339658737183, 0.023323114961385727, 0.0064233532175421715]</MIN_VALUE>
		<SIGNATURE_THRESHOLD_MD>0.0</SIGNATURE_THRESHOLD_MD>
		<SIGNATURE_THRESHOLD_ML>0.0</SIGNATURE_THRESHOLD_ML>
		<SIGNATURE_THRESHOLD_SAM>0.0</SIGNATURE_THRESHOLD_SAM>
	</signature>
	<signature ID="20210202_121230625534_483">
		<MACROCLASSID>1</MACROCLASSID>
		<MACROCLASSINFO>waterbody</MACROCLASSINFO>
		<CLASSID>14</CLASSID>
		<CLASSINFO>C 1</CLASSINFO>
		<VALUES>[0.14799001057722558, 0.001953331776864523, 0.11681994759645456, 0.002418082280678207, 0.08824858482287136, 0.0021293295986429903, 0.0950539971055864, 0.006417678076413975, 0.02537379147878521, 0.005598479992207015, 0.01154765277197545, 0.0038205036044474867]</VALUES>
		<LCS_MIN>[0.1386457085609436, 0.10497580468654633, 0.08077407628297806, 0.08635259419679642, 0.015483968891203403, 0.0]</LCS_MIN>
		<LCS_MAX>[0.15481697022914886, 0.12607501447200775, 0.1002538725733757, 0.13099750876426697, 0.06251884251832962, 0.03644393011927605]</LCS_MAX>
		<WAVELENGTH>[0.485, 0.56, 0.66, 0.83, 1.65, 2.215]</WAVELENGTH>
		<MEAN_VALUE>[0.14799001057722558, 0.11681994759645456, 0.08824858482287136, 0.0950539971055864, 0.02537379147878521, 0.01154765277197545]</MEAN_VALUE>
		<CHECKBOX>2</CHECKBOX>
		<SD>[0.001953331776864523, 0.002418082280678207, 0.0021293295986429903, 0.006417678076413975, 0.005598479992207015, 0.0038205036044474867]</SD>
		<WAVELENGTH_UNIT>E-6m</WAVELENGTH_UNIT>
		<COLOR>#95243e</COLOR>
		<COVARIANCE_MATRIX>[[3.709260909090517e-06, 8.555587669434317e-07, 5.488435590450536e-07, 7.312071375054074e-07, 6.282479603214597e-07, 3.866745430514129e-07], [8.555587669434317e-07, 5.951088496658485e-06, 1.0959806786559056e-06, 4.78963511341135e-06, 3.6676590298156952e-06, 1.8530737406763365e-06], [5.488435590450536e-07, 1.0959806786559056e-06, 4.557087322609732e-06, 4.922609150526114e-06, 4.033652658108622e-06, 2.014406163652893e-06], [7.312071375054074e-07, 4.78963511341135e-06, 4.922609150526114e-06, 4.450190317584202e-05, 3.0210592740331776e-05, 1.575665555719752e-05], [6.282479603214597e-07, 3.6676590298156952e-06, 4.033652658108622e-06, 3.0210592740331776e-05, 3.251294401707128e-05, 1.4205755178409163e-05], [3.866745430514129e-07, 1.8530737406763365e-06, 2.014406163652893e-06, 1.575665555719752e-05, 1.4205755178409163e-05, 1.5079226614034269e-05]]</COVARIANCE_MATRIX>
		<ROI_SIZE>19039</ROI_SIZE>
		<MAX_VALUE>[0.15481697022914886, 0.12607501447200775, 0.1002538725733757, 0.13099750876426697, 0.06251884251832962, 0.03644393011927605]</MAX_VALUE>
		<MIN_VALUE>[0.1386457085609436, 0.10497580468654633, 0.08077407628297806, 0.08635259419679642, 0.015483968891203403, 0.0]</MIN_VALUE>
		<SIGNATURE_THRESHOLD_MD>0.0</SIGNATURE_THRESHOLD_MD>
		<SIGNATURE_THRESHOLD_ML>0.0</SIGNATURE_THRESHOLD_ML>
		<SIGNATURE_THRESHOLD_SAM>0.0</SIGNATURE_THRESHOLD_SAM>
	</signature>
	<signature ID="20210202_121305142348_262">
		<MACROCLASSID>1</MACROCLASSID>
		<MACROCLASSINFO>waterbody</MACROCLASSINFO>
		<CLASSID>15</CLASSID>
		<CLASSINFO>C 1</CLASSINFO>
		<VALUES>[0.15194879777318865, 0.00187230432982078, 0.13994732730853277, 0.003483348816167285, 0.12430964401505122, 0.0040966765787962866, 0.13396957595869305, 0.009335316759588881, 0.041948800235546715, 0.011332448587350927, 0.020983039317139237, 0.008166118407959999]</VALUES>
		<LCS_MIN>[0.14349707961082458, 0.12255847454071045, 0.1002538725733757, 0.12288025766611099, 0.02593616209924221, 0.0064233532175421715]</LCS_MIN>
		<LCS_MAX>[0.15805122256278992, 0.15069074928760529, 0.1327202171087265, 0.16346654295921326, 0.07819712907075882, 0.051454223692417145]</LCS_MAX>
		<WAVELENGTH>[0.485, 0.56, 0.66, 0.83, 1.65, 2.215]</WAVELENGTH>
		<MEAN_VALUE>[0.15194879777318865, 0.13994732730853277, 0.12430964401505122, 0.13396957595869305, 0.041948800235546715, 0.020983039317139237]</MEAN_VALUE>
		<CHECKBOX>2</CHECKBOX>
		<SD>[0.00187230432982078, 0.003483348816167285, 0.0040966765787962866, 0.009335316759588881, 0.011332448587350927, 0.008166118407959999]</SD>
		<WAVELENGTH_UNIT>E-6m</WAVELENGTH_UNIT>
		<COLOR>#d16c43</COLOR>
		<COVARIANCE_MATRIX>[[3.7464933484443463e-06, 1.6764455494922004e-06, 2.694677732506534e-06, -4.841012923861854e-06, -3.7565989714494208e-06, -1.6592485962974024e-06], [1.6764455494922004e-06, 1.0592654689389747e-05, 7.4719596341310535e-06, -1.5087231076904573e-05, -1.532857095298823e-05, -8.286092452181038e-06], [2.694677732506534e-06, 7.4719596341310535e-06, 1.5279543731594458e-05, -1.9981056539108977e-05, -1.911885556182824e-05, -9.776527804206125e-06], [-4.841012923861854e-06, -1.5087231076904573e-05, -1.9981056539108977e-05, 8.234695269493386e-05, 8.609100768808275e-05, 5.4266274673864245e-05], [-3.7565989714494208e-06, -1.532857095298823e-05, -1.911885556182824e-05, 8.609100768808275e-05, 0.00012509206135291606, 7.707322220085189e-05], [-1.6592485962974024e-06, -8.286092452181038e-06, -9.776527804206125e-06, 5.4266274673864245e-05, 7.707322220085189e-05, 6.690009468002245e-05]]</COVARIANCE_MATRIX>
		<ROI_SIZE>864</ROI_SIZE>
		<MAX_VALUE>[0.15805122256278992, 0.15069074928760529, 0.1327202171087265, 0.16346654295921326, 0.07819712907075882, 0.051454223692417145]</MAX_VALUE>
		<MIN_VALUE>[0.14349707961082458, 0.12255847454071045, 0.1002538725733757, 0.12288025766611099, 0.02593616209924221, 0.0064233532175421715]</MIN_VALUE>
		<SIGNATURE_THRESHOLD_MD>0.0</SIGNATURE_THRESHOLD_MD>
		<SIGNATURE_THRESHOLD_ML>0.0</SIGNATURE_THRESHOLD_ML>
		<SIGNATURE_THRESHOLD_SAM>0.0</SIGNATURE_THRESHOLD_SAM>
	</signature>
	<signature ID="20210202_121327967793_221">
		<MACROCLASSID>1</MACROCLASSID>
		<MACROCLASSINFO>waterbody</MACROCLASSINFO>
		<CLASSID>16</CLASSID>
		<CLASSINFO>C 1</CLASSINFO>
		<VALUES>[0.1596777119363345, 0.0020869532878289463, 0.15177745815297544, 0.0026169456442696392, 0.1535001761900882, 0.0038728469641911454, 0.14265197111914563, 0.004800532982211451, 0.03990871385515979, 0.00859224491844111, 0.022971155462545103, 0.008185471438337508]</VALUES>
