<?xml version="1.0" ?>
<signaturelist MCID_LIST="[['1', 'waterbody', '#0000ff'], ['2', 'vegetation', '#00ff00'], ['3', 'bareland', '#ffaa00'], ['4', 'built-up', '#ff0000']]">
	<signature ID="20210120_122734753146_786">
		<MACROCLASSID>1</MACROCLASSID>
		<MACROCLASSINFO>waterbody</MACROCLASSINFO>
		<CLASSID>1</CLASSID>
		<CLASSINFO>C 1</CLASSINFO>
		<VALUES>[0.1155337594412818, 0.0030668233484536706, 0.10543726234160036, 0.00584064357032989, 0.11266102348201969, 0.009868851242031415, 0.11485658042830195, 0.01029676596365909, 0.025609720131299755, 0.011208864157386198, 0.016523336051169586, 0.009572064683747649]</VALUES>
		<LCS_MIN>[0.10725504904985428, 0.08531907200813293, 0.07886895537376404, 0.08235809206962585, 0.005586758255958557, 0.0]</LCS_MIN>
		<LCS_MAX>[0.12520994246006012, 0.11655420809984207, 0.12573038041591644, 0.1454460173845291, 0.05490812659263611, 0.05296294763684273]</LCS_MAX>
		<WAVELENGTH>[0.485, 0.56, 0.66, 0.83, 1.65, 2.215]</WAVELENGTH>
		<MEAN_VALUE>[0.1155337594412818, 0.10543726234160036, 0.11266102348201969, 0.11485658042830195, 0.025609720131299755, 0.016523336051169586]</MEAN_VALUE>
		<CHECKBOX>2</CHECKBOX>
		<SD>[0.0030668233484536706, 0.00584064357032989, 0.009868851242031415, 0.01029676596365909, 0.011208864157386198, 0.009572064683747649]</SD>
		<WAVELENGTH_UNIT>E-6m</WAVELENGTH_UNIT>
		<COLOR>#e8bf3b</COLOR>
		<COVARIANCE_MATRIX>[[8.058016646828037e-06, 9.012148439069279e-06, 1.2363928362901788e-05, 1.304647776123602e-05, 1.1924730642931536e-05, 1.2572337254823651e-05], [9.012148439069279e-06, 2.643040170369204e-05, 3.575819209800102e-05, 2.8562335501192138e-05, 1.1927417290280573e-05, 1.4451909919444006e-05], [1.2363928362901788e-05, 3.575819209800102e-05, 6.967479566810653e-05, 3.659133653854951e-05, -1.462940844021432e-07, 7.130522590159671e-06], [1.304647776123602e-05, 2.8562335501192138e-05, 3.659133653854951e-05, 9.577142191119492e-05, 6.684668187517673e-05, 4.750841253553517e-05], [1.1924730642931536e-05, 1.1927417290280573e-05, -1.462940844021432e-07, 6.684668187517673e-05, 0.0001335592969553545, 9.92915520328097e-05], [1.2572337254823651e-05, 1.4451909919444006e-05, 7.130522590159671e-06, 4.750841253553517e-05, 9.92915520328097e-05, 0.00010243488213745877]]</COVARIANCE_MATRIX>
		<ROI_SIZE>343</ROI_SIZE>
		<MAX_VALUE>[0.12520994246006012, 0.11655420809984207, 0.12573038041591644, 0.1454460173845291, 0.05490812659263611, 0.05296294763684273]</MAX_VALUE>
		<MIN_VALUE>[0.10725504904985428, 0.08531907200813293, 0.07886895537376404, 0.08235809206962585, 0.005586758255958557, 0.0]</MIN_VALUE>
		<SIGNATURE_THRESHOLD_MD>0.0</SIGNATURE_THRESHOLD_MD>
		<SIGNATURE_THRESHOLD_ML>0.0</SIGNATURE_THRESHOLD_ML>
		<SIGNATURE_THRESHOLD_SAM>0.0</SIGNATURE_THRESHOLD_SAM>
	</signature>
	<signature ID="20210120_122743728036_421">
		<MACROCLASSID>1</MACROCLASSID>
		<MACROCLASSINFO>waterbody</MACROCLASSINFO>
		<CLASSID>2</CLASSID>
		<CLASSINFO>C 1</CLASSINFO>
		<VALUES>[0.11820753021882129, 0.003562200891860899, 0.1091658922915276, 0.005107866472785518, 0.1167324215746843, 0.008063495233552667, 0.12170137926363032, 0.012997960713324328, 0.03637355985119936, 0.02004547362760199, 0.025544396214760266, 0.016859645043270883]</VALUES>
		<LCS_MIN>[0.10905054211616516, 0.08922344446182251, 0.08607841283082962, 0.09137065708637238, 0.011389272287487984, 0.0029653585515916348]</LCS_MIN>
		<LCS_MAX>[0.13239189982414246, 0.1243629977107048, 0.13654454052448273, 0.16347113251686096, 0.08682195842266083, 0.0779617428779602]</LCS_MAX>
		<WAVELENGTH>[0.485, 0.56, 0.66, 0.83, 1.65, 2.215]</WAVELENGTH>
		<MEAN_VALUE>[0.11820753021882129, 0.1091658922915276, 0.1167324215746843, 0.12170137926363032, 0.03637355985119936, 0.025544396214760266]</MEAN_VALUE>
		<CHECKBOX>2</CHECKBOX>
		<SD>[0.003562200891860899, 0.005107866472785518, 0.008063495233552667, 0.012997960713324328, 0.02004547362760199, 0.016859645043270883]</SD>
		<WAVELENGTH_UNIT>E-6m</WAVELENGTH_UNIT>
		<COLOR>#dcbe1c</COLOR>
		<COVARIANCE_MATRIX>[[1.273826819669921e-05, 1.1535854355315678e-05, 1.2592126950039528e-05, 1.8899754650192335e-05, 4.370676469989121e-05, 4.041096326545812e-05], [1.1535854355315678e-05, 2.619103543111123e-05, 3.363109863130376e-05, 2.6258194338879548e-05, 3.117847518296912e-05, 3.179777922923677e-05], [1.2592126950039528e-05, 3.363109863130376e-05, 6.527100049424917e-05, 1.2497713214543182e-05, 3.589383936741797e-07, 1.455975780118024e-05], [1.8899754650192335e-05, 2.6258194338879548e-05, 1.2497713214543182e-05, 0.00016959928325377405, 0.00018226742395199835, 0.00012108566443203017], [4.370676469989121e-05, 3.117847518296912e-05, 3.589383936741797e-07, 0.00018226742395199835, 0.000403372454456985, 0.0003122967609670013], [4.041096326545812e-05, 3.179777922923677e-05, 1.455975780118024e-05, 0.00012108566443203017, 0.0003122967609670013, 0.00028534510056488216]]</COVARIANCE_MATRIX>
		<ROI_SIZE>260</ROI_SIZE>
		<MAX_VALUE>[0.13239189982414246, 0.1243629977107048, 0.13654454052448273, 0.16347113251686096, 0.08682195842266083, 0.0779617428779602]</MAX_VALUE>
		<MIN_VALUE>[0.10905054211616516, 0.08922344446182251, 0.08607841283082962, 0.09137065708637238, 0.011389272287487984, 0.0029653585515916348]</MIN_VALUE>
		<SIGNATURE_THRESHOLD_MD>0.0</SIGNATURE_THRESHOLD_MD>
		<SIGNATURE_THRESHOLD_ML>0.0</SIGNATURE_THRESHOLD_ML>
		<SIGNATURE_THRESHOLD_SAM>0.0</SIGNATURE_THRESHOLD_SAM>
	</signature>
	<signature ID="20210120_122751249682_283">
		<MACROCLASSID>1</MACROCLASSID>
		<MACROCLASSINFO>waterbody</MACROCLASSINFO>
		<CLASSID>3</CLASSID>
		<CLASSINFO>C 1</CLASSINFO>
		<VALUES>[0.11465812870874782, 0.0032859692943786665, 0.10482179149618288, 0.006455800994119514, 0.11168437487826556, 0.010724501698981087, 0.11228156394412367, 0.00994518841705217, 0.023037177189413855, 0.010456578459369712, 0.014107366594866723, 0.008449031860604073]</VALUES>
		<LCS_MIN>[0.10725504904985428, 0.08531907200813293, 0.07526424527168274, 0.07785182446241379, 0.005586758255958557, 0.0]</LCS_MIN>
		<LCS_MAX>[0.1288009136915207, 0.12826737761497498, 0.13654454052448273, 0.1454460173845291, 0.05490812659263611, 0.0446300134062767]</LCS_MAX>
		<WAVELENGTH>[0.485, 0.56, 0.66, 0.83, 1.65, 2.215]</WAVELENGTH>
		<MEAN_VALUE>[0.11465812870874782, 0.10482179149618288, 0.11168437487826556, 0.11228156394412367, 0.023037177189413855, 0.014107366594866723]</MEAN_VALUE>
		<CHECKBOX>2</CHECKBOX>
		<SD>[0.0032859692943786665, 0.006455800994119514, 0.010724501698981087, 0.00994518841705217, 0.010456578459369712, 0.008449031860604073]</SD>
		<WAVELENGTH_UNIT>E-6m</WAVELENGTH_UNIT>
		<COLOR>#fb6ff7</COLOR>
		<COVARIANCE_MATRIX>[[1.0851047591131646e-05, 1.6454167052870616e-05, 2.4460383428959176e-05, 1.666220123297535e-05, 9.248346032109112e-06, 1.0686781934055034e-05], [1.6454167052870616e-05, 4.188368984614499e-05, 6.139048491604626e-05, 3.8554160710191354e-05, 1.16088640425005e-05, 1.471116684115259e-05], [2.4460383428959176e-05, 6.139048491604626e-05, 0.0001155843201559037, 6.067748472560197e-05, 1.2782635394614772e-06, 1.0673367796698585e-05], [1.666220123297535e-05, 3.8554160710191354e-05, 6.067748472560197e-05, 9.939641313394532e-05, 5.197700374992564e-05, 4.0809634811012074e-05], [9.248346032109112e-06, 1.16088640425005e-05, 1.2782635394614772e-06, 5.197700374992564e-05, 0.00010988132271450013, 7.581677346024662e-05], [1.0686781934055034e-05, 1.471116684115259e-05, 1.0673367796698585e-05, 4.0809634811012074e-05, 7.581677346024662e-05, 7.173953781602904e-05]]</COVARIANCE_MATRIX>
		<ROI_SIZE>203</ROI_SIZE>
		<MAX_VALUE>[0.1288009136915207, 0.12826737761497498, 0.13654454052448273, 0.1454460173845291, 0.05490812659263611, 0.0446300134062767]</MAX_VALUE>
		<MIN_VALUE>[0.10725504904985428, 0.08531907200813293, 0.07526424527168274, 0.07785182446241379, 0.005586758255958557, 0.0]</MIN_VALUE>
		<SIGNATURE_THRESHOLD_MD>0.0</SIGNATURE_THRESHOLD_MD>
		<SIGNATURE_THRESHOLD_ML>0.0</SIGNATURE_THRESHOLD_ML>
		<SIGNATURE_THRESHOLD_SAM>0.0</SIGNATURE_THRESHOLD_SAM>
	</signature>
	<signature ID="20210120_122755683557_803">
		<MACROCLASSID>1</MACROCLASSID>
		<MACROCLASSINFO>waterbody</MACROCLASSINFO>
		<CLASSID>4</CLASSID>
		<CLASSINFO>C 1</CLASSINFO>
		<VALUES>[0.11733359435974566, 0.002920637270461294, 0.1095435548141516, 0.003887494116181183, 0.11666876748615862, 0.006688854564575733, 0.11435018800898812, 0.006979569453765687, 0.02584747084061414, 0.009708864342253945, 0.01689194206364494, 0.008926205933693343]</VALUES>
		<LCS_MIN>[0.10905054211616516, 0.09312783926725388, 0.08968313038349152, 0.1003832146525383, 0.011389272287487984, 0.0029653585515916348]</LCS_MIN>
		<LCS_MAX>[0.12520994246006012, 0.12045861035585403, 0.12933510541915894, 0.1454460173845291, 0.04910561069846153, 0.0446300134062767]</LCS_MAX>
		<WAVELENGTH>[0.485, 0.56, 0.66, 0.83, 1.65, 2.215]</WAVELENGTH>
		<MEAN_VALUE>[0.11733359435974566, 0.1095435548141516, 0.11666876748615862, 0.11435018800898812, 0.02584747084061414, 0.01689194206364494]</MEAN_VALUE>
		<CHECKBOX>2</CHECKBOX>
		<SD>[0.002920637270461294, 0.003887494116181183, 0.006688854564575733, 0.006979569453765687, 0.009708864342253945, 0.008926205933693343]</SD>
		<WAVELENGTH_UNIT>E-6m</WAVELENGTH_UNIT>
		<COLOR>#2ec892</COLOR>
		<COVARIANCE_MATRIX>[[8.577511835028417e-06, 6.477086117229192e-06, 1.0320795809093397e-05, 2.785147671602317e-06, 5.117716227687197e-06, 7.978636858751997e-06], [6.477086117229192e-06, 1.5196569620457012e-05, 2.017397309828084e-05, -1.337124444944493e-06, -2.2898641418578336e-06, 5.723094545828644e-06], [1.0320795809093397e-05, 2.017397309828084e-05, 4.498933412833139e-05, -1.3423893506114837e-05, -1.3569044313044287e-05, 2.5746182927832706e-06], [2.785147671602317e-06, -1.337124444944493e-06, -1.3423893506114837e-05, 4.898502447758801e-05, 4.425493534654379e-05, 3.221356018912047e-05], [5.117716227687197e-06, -2.2898641418578336e-06, -1.3569044313044287e-05, 4.425493534654379e-05, 9.478572610532865e-05, 7.051510328892618e-05], [7.978636858751997e-06, 5.723094545828644e-06, 2.5746182927832706e-06, 3.221356018912047e-05, 7.051510328892618e-05, 8.011980389710516e-05]]</COVARIANCE_MATRIX>
		<ROI_SIZE>181</ROI_SIZE>
		<MAX_VALUE>[0.12520994246006012, 0.12045861035585403, 0.12933510541915894, 0.1454460173845291, 0.04910561069846153, 0.0446300134062767]</MAX_VALUE>
		<MIN_VALUE>[0.10905054211616516, 0.09312783926725388, 0.08968313038349152, 0.1003832146525383, 0.011389272287487984, 0.0029653585515916348]</MIN_VALUE>
		<SIGNATURE_THRESHOLD_MD>0.0</SIGNATURE_THRESHOLD_MD>
		<SIGNATURE_THRESHOLD_ML>0.0</SIGNATURE_THRESHOLD_ML>
		<SIGNATURE_THRESHOLD_SAM>0.0</SIGNATURE_THRESHOLD_SAM>
	</signature>
	<signature ID="20210120_122801448298_460">
		<MACROCLASSID>1</MACROCLASSID>
		<MACROCLASSINFO>waterbody</MACROCLASSINFO>
		<CLASSID>5</CLASSID>
		<CLASSINFO>C 1</CLASSINFO>
		<VALUES>[0.11664592974672194, 0.003146958316477697, 0.10789775431744361, 0.0051828180443426915, 0.11463161209892286, 0.008023479892616757, 0.11467286017968462, 0.008218253042057413, 0.027365273765386333, 0.011007467246385768, 0.01707829656937209, 0.010073561132260116]</VALUES>
		<LCS_MIN>[0.10905054211616516, 0.08531907200813293, 0.07886895537376404, 0.09587693214416504, 0.005586758255958557, 0.0]</LCS_MIN>
		<LCS_MAX>[0.1270054429769516, 0.12045861035585403, 0.12933510541915894, 0.1454460173845291, 0.05200687050819397, 0.048796482384204865]</LCS_MAX>
		<WAVELENGTH>[0.485, 0.56, 0.66, 0.83, 1.65, 2.215]</WAVELENGTH>
		<MEAN_VALUE>[0.11664592974672194, 0.10789775431744361, 0.11463161209892286, 0.11467286017968462, 0.027365273765386333, 0.01707829656937209]</MEAN_VALUE>
		<CHECKBOX>2</CHECKBOX>
		<SD>[0.003146958316477697, 0.0051828180443426915, 0.008023479892616757, 0.008218253042057413, 0.011007467246385768, 0.010073561132260116]</SD>
		<WAVELENGTH_UNIT>E-6m</WAVELENGTH_UNIT>
		<COLOR>#52e98d</COLOR>
		<COVARIANCE_MATRIX>[[9.968931408366188e-06, 9.405799573869444e-06, 1.2891458027297631e-05, 5.144620445207693e-06, 9.806672096601687e-06, 1.0467833817529026e-05], [9.405799573869444e-06, 2.703949394344818e-05, 3.5175839002477005e-05, 2.8715699045278598e-06, -3.2469704365212237e-06, 8.424998668488115e-06], [1.2891458027297631e-05, 3.5175839002477005e-05, 6.480255979113281e-05, -9.568546374794096e-06, -2.2988771888776682e-05, -1.3567741916631348e-06], [5.144620445207693e-06, 2.8715699045278598e-06, -9.568546374794096e-06, 6.798696267651394e-05, 5.6956123444251716e-05, 3.997384919784963e-05], [9.806672096601687e-06, -3.2469704365212237e-06, -2.2988771888776682e-05, 5.6956123444251716e-05, 0.00012196674651931971, 8.816205081529915e-05], [1.0467833817529026e-05, 8.424998668488115e-06, -1.3567741916631348e-06, 3.997384919784963e-05, 8.816205081529915e-05, 0.00010214866779278964]]</COVARIANCE_MATRIX>
		<ROI_SIZE>152</ROI_SIZE>
		<MAX_VALUE>[0.1270054429769516, 0.12045861035585403, 0.12933510541915894, 0.1454460173845291, 0.05200687050819397, 0.048796482384204865]</MAX_VALUE>
		<MIN_VALUE>[0.10905054211616516, 0.08531907200813293, 0.07886895537376404, 0.09587693214416504, 0.005586758255958557, 0.0]</MIN_VALUE>
		<SIGNATURE_THRESHOLD_MD>0.0</SIGNATURE_THRESHOLD_MD>
		<SIGNATURE_THRESHOLD_ML>0.0</SIGNATURE_THRESHOLD_ML>
		<SIGNATURE_THRESHOLD_SAM>0.0</SIGNATURE_THRESHOLD_SAM>
	</signature>
	<signature ID="20210120_122805028933_819">
		<MACROCLASSID>1</MACROCLASSID>
		<MACROCLASSINFO>waterbody</MACROCLASSINFO>
		<CLASSID>6</CLASSID>
		<CLASSINFO>C 1</CLASSINFO>
		<VALUES>[0.11579478980593419, 0.0030051016788595363, 0.10734682960148478, 0.004626377365094798, 0.11407329913099015, 0.008340306897493325, 0.11349850259165264, 0.008519214740301536, 0.026545092991706157, 0.011792821114622912, 0.01611331996938854, 0.009161824599197147]</VALUES>
		<LCS_MIN>[0.10545956343412399, 0.08922344446182251, 0.07886895537376404, 0.07785182446241379, 0.00848801527172327, 0.0]</LCS_MIN>
		<LCS_MAX>[0.1270054429769516, 0.1243629977107048, 0.12573038041591644, 0.14093972742557526, 0.05490812659263611, 0.0446300134062767]</LCS_MAX>
		<WAVELENGTH>[0.485, 0.56, 0.66, 0.83, 1.65, 2.215]</WAVELENGTH>
		<MEAN_VALUE>[0.11579478980593419, 0.10734682960148478, 0.11407329913099015, 0.11349850259165264, 0.026545092991706157, 0.01611331996938854]</MEAN_VALUE>
		<CHECKBOX>2</CHECKBOX>
		<SD>[0.0030051016788595363, 0.004626377365094798, 0.008340306897493325, 0.008519214740301536, 0.011792821114622912, 0.009161824599197147]</SD>
		<WAVELENGTH_UNIT>E-6m</WAVELENGTH_UNIT>
		<COLOR>#1d03c5</COLOR>
		<COVARIANCE_MATRIX>[[9.075789421331137e-06, 9.199173291563056e-06, 1.5130214706005063e-05, 5.2029663493158296e-06, 4.973976047040196e-06, 7.375578206847422e-06], [9.199173291563056e-06, 2.151038461306598e-05, 3.2241612643701956e-05, 5.678750767401652e-06, 1.0262513114867033e-06, 6.813356321799802e-06], [1.5130214706005063e-05, 3.2241612643701956e-05, 6.990852125454694e-05, 4.7749786062922794e-06, -1.2261098163435236e-05, 9.553333484291215e-07], [5.2029663493158296e-06, 5.678750767401652e-06, 4.7749786062922794e-06, 7.293990347534418e-05, 5.229743692325428e-05, 3.703378024511039e-05], [4.973976047040196e-06, 1.0262513114867033e-06, -1.2261098163435236e-05, 5.229743692325428e-05, 0.00013976597983855754, 9.474284161115065e-05], [7.375578206847422e-06, 6.813356321799802e-06, 9.553333484291215e-07, 3.703378024511039e-05, 9.474284161115065e-05, 8.435872587142512e-05]]</COVARIANCE_MATRIX>
		<ROI_SIZE>201</ROI_SIZE>
		<MAX_VALUE>[0.1270054429769516, 0.1243629977107048, 0.12573038041591644, 0.14093972742557526, 0.05490812659263611, 0.0446300134062767]</MAX_VALUE>
		<MIN_VALUE>[0.10545956343412399, 0.08922344446182251, 0.07886895537376404, 0.07785182446241379, 0.00848801527172327, 0.0]</MIN_VALUE>
		<SIGNATURE_THRESHOLD_MD>0.0</SIGNATURE_THRESHOLD_MD>
		<SIGNATURE_THRESHOLD_ML>0.0</SIGNATURE_THRESHOLD_ML>
		<SIGNATURE_THRESHOLD_SAM>0.0</SIGNATURE_THRESHOLD_SAM>
	</signature>
	<signature ID="20210120_122810884512_542">
		<MACROCLASSID>1</MACROCLASSID>
		<MACROCLASSINFO>waterbody</MACROCLASSINFO>
		<CLASSID>7</CLASSID>
		<CLASSINFO>C 1</CLASSINFO>
		<VALUES>[0.11513000487061271, 0.0027887496393220134, 0.10607399124848221, 0.0048416118914100265, 0.11266060800928815, 0.009025696613609554, 0.1149561501908721, 0.008776532695223813, 0.025674994621011946, 0.011299886957042782, 0.015294198050267166, 0.008052351815680864]</VALUES>
		<LCS_MIN>[0.10725504904985428, 0.08531907200813293, 0.07526424527168274, 0.08235809206962585, 0.00848801527172327, 0.0029653585515916348]</LCS_MIN>
		<LCS_MAX>[0.12161895632743835, 0.1126498132944107, 0.12212564051151276, 0.14995229244232178, 0.05490812659263611, 0.0446300134062767]</LCS_MAX>
		<WAVELENGTH>[0.485, 0.56, 0.66, 0.83, 1.65, 2.215]</WAVELENGTH>
		<MEAN_VALUE>[0.11513000487061271, 0.10607399124848221, 0.11266060800928815, 0.1149561501908721, 0.025674994621011946, 0.015294198050267166]</MEAN_VALUE>
		<CHECKBOX>2</CHECKBOX>
		<SD>[0.0027887496393220134, 0.0048416118914100265, 0.009025696613609554, 0.008776532695223813, 0.011299886957042782, 0.008052351815680864]</SD>
		<WAVELENGTH_UNIT>E-6m</WAVELENGTH_UNIT>
		<COLOR>#07917d</COLOR>
		<COVARIANCE_MATRIX>[[6.974344614718575e-06, 7.295274826901732e-06, 1.2892168342659716e-05, -3.183134253958997e-07, -4.4370736418386514e-07, 2.6680797873268602e-06], [7.295274826901732e-06, 2.0491670511546545e-05, 3.1097450118977576e-05, -8.155196155712474e-06, -1.210825485031819e-05, -2.3019094896881143e-06], [1.2892168342659716e-05, 3.1097450118977576e-05, 6.893502722959965e-05, -2.188963298976887e-05, -3.470783121883869e-05, -1.1572832590900362e-05], [-3.183134253958997e-07, -8.155196155712474e-06, -2.188963298976887e-05, 8.53143137646839e-05, 6.953754200367257e-05, 4.1478866478428245e-05], [-4.4370736418386514e-07, -1.210825485031819e-05, -3.470783121883869e-05, 6.953754200367257e-05, 0.0001310727238887921, 8.087327296379954e-05], [2.6680797873268602e-06, -2.3019094896881143e-06, -1.1572832590900362e-05, 4.1478866478428245e-05, 8.087327296379954e-05, 7.05980128259398e-05]]</COVARIANCE_MATRIX>
		<ROI_SIZE>307</ROI_SIZE>
		<MAX_VALUE>[0.12161895632743835, 0.1126498132944107, 0.12212564051151276, 0.14995229244232178, 0.05490812659263611, 0.0446300134062767]</MAX_VALUE>
		<MIN_VALUE>[0.10725504904985428, 0.08531907200813293, 0.07526424527168274, 0.08235809206962585, 0.00848801527172327, 0.0029653585515916348]</MIN_VALUE>
		<SIGNATURE_THRESHOLD_MD>0.0</SIGNATURE_THRESHOLD_MD>
		<SIGNATURE_THRESHOLD_ML>0.0</SIGNATURE_THRESHOLD_ML>
		<SIGNATURE_THRESHOLD_SAM>0.0</SIGNATURE_THRESHOLD_SAM>
	</signature>
	<signature ID="20210120_122815338489_624">
		<MACROCLASSID>1</MACROCLASSID>
		<MACROCLASSINFO>waterbody</MACROCLASSINFO>
		<CLASSID>8</CLASSID>
		<CLASSINFO>C 1</CLASSINFO>
		<VALUES>[0.11492904178941478, 0.002975862117874454, 0.10587343645210456, 0.005431022380201168, 0.11136346303213103, 0.009448215734749053, 0.11496362638158292, 0.00994692929005725, 0.027959913928778127, 0.012388773590912646, 0.016446278347687523, 0.00941211571247539]</VALUES>
		<LCS_MIN>[0.10725504904985428, 0.08531907200813293, 0.07886895537376404, 0.07334554195404053, 0.011389272287487984, 0.0029653585515916348]</LCS_MIN>
		<LCS_MAX>[0.12520994246006012, 0.12045861035585403, 0.12212564051151276, 0.1454460173845291, 0.060710638761520386, 0.048796482384204865]</LCS_MAX>
		<WAVELENGTH>[0.485, 0.56, 0.66, 0.83, 1.65, 2.215]</WAVELENGTH>
		<MEAN_VALUE>[0.11492904178941478, 0.10587343645210456, 0.11136346303213103, 0.11496362638158292, 0.027959913928778127, 0.016446278347687523]</MEAN_VALUE>
		<CHECKBOX>2</CHECKBOX>
		<SD>[0.002975862117874454, 0.005431022380201168, 0.009448215734749053, 0.00994692929005725, 0.012388773590912646, 0.00941211571247539]</SD>
		<WAVELENGTH_UNIT>E-6m</WAVELENGTH_UNIT>
		<COLOR>#08d563</COLOR>
		<COVARIANCE_MATRIX>[[7.062214990583016e-06, 8.025754141272046e-06, 1.275074919249164e-05, -1.1700857385221752e-06, 2.2161266599596274e-07, 4.912168151349761e-06], [8.025754141272046e-06, 2.3165768652688712e-05, 3.47869899997022e-05, -1.1906009603990242e-05, -1.716550650598947e-05, -1.3596214785138727e-06], [1.275074919249164e-05, 3.47869899997022e-05, 7.322322198888287e-05, -2.9959835956105962e-05, -4.864175934926607e-05, -1.3321935512067284e-05], [-1.1700857385221752e-06, -1.1906009603990242e-05, -2.9959835956105962e-05, 9.497793507762253e-05, 8.81713058333844e-05, 4.734367394121364e-05], [2.2161266599596274e-07, -1.716550650598947e-05, -4.864175934926607e-05, 8.81713058333844e-05, 0.0001621167903067544, 9.797217353479937e-05], [4.912168151349761e-06, -1.3596214785138727e-06, -1.3321935512067284e-05, 4.734367394121364e-05, 9.797217353479937e-05, 8.340833301190287e-05]]</COVARIANCE_MATRIX>
		<ROI_SIZE>379</ROI_SIZE>
		<MAX_VALUE>[0.12520994246006012, 0.12045861035585403, 0.12212564051151276, 0.1454460173845291, 0.060710638761520386, 0.048796482384204865]</MAX_VALUE>
		<MIN_VALUE>[0.10725504904985428, 0.08531907200813293, 0.07886895537376404, 0.07334554195404053, 0.011389272287487984, 0.0029653585515916348]</MIN_VALUE>
		<SIGNATURE_THRESHOLD_MD>0.0</SIGNATURE_THRESHOLD_MD>
		<SIGNATURE_THRESHOLD_ML>0.0</SIGNATURE_THRESHOLD_ML>
		<SIGNATURE_THRESHOLD_SAM>0.0</SIGNATURE_THRESHOLD_SAM>
	</signature>
	<signature ID="20210120_122825796919_243">
		<MACROCLASSID>1</MACROCLASSID>
		<MACROCLASSINFO>waterbody</MACROCLASSINFO>
		<CLASSID>9</CLASSID>
		<CLASSINFO>C 1</CLASSINFO>
		<VALUES>[0.11608949201428785, 0.002118279319634574, 0.10841717300689326, 0.002284953538427451, 0.11735656000344101, 0.0032296886194575587, 0.11296490497425592, 0.006750941531386521, 0.024483441853219955, 0.00914298287964161, 0.014474542652858441, 0.008056471786812206]</VALUES>
		<LCS_MIN>[0.10905054211616516, 0.1009366363286972, 0.10770675539970398, 0.10488948971033096, 0.011389272287487984, 0.0]</LCS_MIN>
		<LCS_MAX>[0.12161895632743835, 0.11655420809984207, 0.12933510541915894, 0.14093972742557526, 0.05200687050819397, 0.04046354815363884]</LCS_MAX>
		<WAVELENGTH>[0.485, 0.56, 0.66, 0.83, 1.65, 2.215]</WAVELENGTH>
		<MEAN_VALUE>[0.11608949201428785, 0.10841717300689326, 0.11735656000344101, 0.11296490497425592, 0.024483441853219955, 0.014474542652858441]</MEAN_VALUE>
		<CHECKBOX>2</CHECKBOX>
		<SD>[0.002118279319634574, 0.002284953538427451, 0.0032296886194575587, 0.006750941531386521, 0.00914298287964161, 0.008056471786812206]</SD>
		<WAVELENGTH_UNIT>E-6m</WAVELENGTH_UNIT>
		<COLOR>#cc5b11</COLOR>
		<COVARIANCE_MATRIX>[[4.650843948184047e-06, 1.6815428125482867e-06, 1.8062889921566239e-06, 4.1954200469263014e-07, 1.945649501067237e-06, 2.5612964691390516e-06], [1.6815428125482867e-06, 6.645841494901106e-06, 5.305897502694279e-06, -3.794885060415254e-06, -4.1482821870886255e-06, -4.4665762288786937e-07], [1.8062889921566239e-06, 5.305897502694279e-06, 1.6304682503687218e-05, -1.1243228072999045e-05, -1.2848920960095711e-05, -4.780903509526979e-06], [4.1954200469263014e-07, -3.794885060415254e-06, -1.1243228072999045e-05, 4.706547042587772e-05, 4.2403295083204284e-05, 2.6465158953214996e-05], [1.945649501067237e-06, -4.1482821870886255e-06, -1.2848920960095711e-05, 4.2403295083204284e-05, 8.950766641646624e-05, 6.077102443668991e-05], [2.5612964691390516e-06, -4.4665762288786937e-07, -4.780903509526979e-06, 2.6465158953214996e-05, 6.077102443668991e-05, 6.205506360856816e-05]]</COVARIANCE_MATRIX>
		<ROI_SIZE>387</ROI_SIZE>
		<MAX_VALUE>[0.12161895632743835, 0.11655420809984207, 0.12933510541915894, 0.14093972742557526, 0.05200687050819397, 0.04046354815363884]</MAX_VALUE>
		<MIN_VALUE>[0.10905054211616516, 0.1009366363286972, 0.10770675539970398, 0.10488948971033096, 0.011389272287487984, 0.0]</MIN_VALUE>
		<SIGNATURE_THRESHOLD_MD>0.0</SIGNATURE_THRESHOLD_MD>
		<SIGNATURE_THRESHOLD_ML>0.0</SIGNATURE_THRESHOLD_ML>
		<SIGNATURE_THRESHOLD_SAM>0.0</SIGNATURE_THRESHOLD_SAM>
	</signature>
	<signature ID="20210120_122833553494_614">
		<MACROCLASSID>1</MACROCLASSID>
		<MACROCLASSINFO>waterbody</MACROCLASSINFO>
		<CLASSID>10</CLASSID>
		<CLASSINFO>C 1</CLASSINFO>
		<VALUES>[0.11556080238317419, 0.0028796579046203793, 0.10701793507277539, 0.005363357433143406, 0.11470872922230958, 0.008650792697645694, 0.11232971525985559, 0.009628374470956613, 0.027137463125098734, 0.012555049226161531, 0.017882028422083883, 0.010433239736764152]</VALUES>
		<LCS_MIN>[0.10366407781839371, 0.08531907200813293, 0.08247368037700653, 0.07785182446241379, 0.005586758255958557, 0.0]</LCS_MIN>
		<LCS_MAX>[0.12341443449258804, 0.11655420809984207, 0.12933510541915894, 0.1454460173845291, 0.05780938267707825, 0.0446300134062767]</LCS_MAX>
		<WAVELENGTH>[0.485, 0.56, 0.66, 0.83, 1.65, 2.215]</WAVELENGTH>
		<MEAN_VALUE>[0.11556080238317419, 0.10701793507277539, 0.11470872922230958, 0.11232971525985559, 0.027137463125098734, 0.017882028422083883]</MEAN_VALUE>
		<CHECKBOX>2</CHECKBOX>
		<SD>[0.0028796579046203793, 0.005363357433143406, 0.008650792697645694, 0.009628374470956613, 0.012555049226161531, 0.010433239736764152]</SD>
		<WAVELENGTH_UNIT>E-6m</WAVELENGTH_UNIT>
		<COLOR>#e2331f</COLOR>
		<COVARIANCE_MATRIX>[[8.322365829371847e-06, 1.0072179065900855e-05, 1.5071061170601752e-05, 1.2347099982434884e-05, 9.092860636883415e-06, 1.0425885193399154e-05], [1.0072179065900855e-05, 2.8869450034108013e-05, 3.876370101352222e-05, 2.5729761546244845e-05, 8.941528903960716e-06, 1.3763461538474075e-05], [1.5071061170601752e-05, 3.876370101352222e-05, 7.510637806262821e-05, 2.8641874450840987e-05, -7.330226253543515e-06, 6.831437531218398e-06], [1.2347099982434884e-05, 2.5729761546244845e-05, 2.8641874450840987e-05, 9.304027480538934e-05, 7.554157491540536e-05, 5.752549986937083e-05], [9.092860636883415e-06, 8.941528903960716e-06, -7.330226253543515e-06, 7.554157491540536e-05, 0.00015819832333363593, 0.0001157782317022793], [1.0425885193399154e-05, 1.3763461538474075e-05, 6.831437531218398e-06, 5.752549986937083e-05, 0.0001157782317022793, 0.00010924546222668141]]</COVARIANCE_MATRIX>
		<ROI_SIZE>278</ROI_SIZE>
		<MAX_VALUE>[0.12341443449258804, 0.11655420809984207, 0.12933510541915894, 0.1454460173845291, 0.05780938267707825, 0.0446300134062767]</MAX_VALUE>
		<MIN_VALUE>[0.10366407781839371, 0.08531907200813293, 0.08247368037700653, 0.07785182446241379, 0.005586758255958557, 0.0]</MIN_VALUE>
		<SIGNATURE_THRESHOLD_MD>0.0</SIGNATURE_THRESHOLD_MD>
		<SIGNATURE_THRESHOLD_ML>0.0</SIGNATURE_THRESHOLD_ML>
		<SIGNATURE_THRESHOLD_SAM>0.0</SIGNATURE_THRESHOLD_SAM>
	</signature>
	<signature ID="20210120_122840772553_517">
		<MACROCLASSID>1</MACROCLASSID>
		<MACROCLASSINFO>waterbody</MACROCLASSINFO>
		<CLASSID>11</CLASSID>
		<CLASSINFO>C 1</CLASSINFO>
		<VALUES>[0.11586009868317178, 0.0024442858141084083, 0.10922262260207423, 0.003764261807664828, 0.1178133241004414, 0.006612650036301573, 0.1139688091973464, 0.007013024601972024, 0.021554418032368027, 0.010172797669329596, 0.012958341490270356, 0.008390004842732881]</VALUES>
		<LCS_MIN>[0.10905054211616516, 0.09312783926725388, 0.08247368037700653, 0.08686436712741852, 0.00848801527172327, 0.0]</LCS_MIN>
		<LCS_MAX>[0.12161895632743835, 0.12045861035585403, 0.12933510541915894, 0.1454460173845291, 0.05200687050819397, 0.04046354815363884]</LCS_MAX>
		<WAVELENGTH>[0.485, 0.56, 0.66, 0.83, 1.65, 2.215]</WAVELENGTH>
		<MEAN_VALUE>[0.11586009868317178, 0.10922262260207423, 0.1178133241004414, 0.1139688091973464, 0.021554418032368027, 0.012958341490270356]</MEAN_VALUE>
		<CHECKBOX>2</CHECKBOX>
		<SD>[0.0024442858141084083, 0.003764261807664828, 0.006612650036301573, 0.007013024601972024, 0.010172797669329596, 0.008390004842732881]</SD>
		<WAVELENGTH_UNIT>E-6m</WAVELENGTH_UNIT>
		<COLOR>#b39f94</COLOR>
		<COVARIANCE_MATRIX>[[6.364095042954432e-06, 3.558051275831531e-06, 5.716948635381414e-06, 1.0155386007681955e-06, 4.526331849774579e-06, 4.304063168092398e-06], [3.558051275831531e-06, 1.3018449863011483e-05, 1.619527392904274e-05, -1.6294294482577243e-06, -6.155174105515471e-06, -6.892264536872972e-07], [5.716948635381414e-06, 1.619527392904274e-05, 3.8808531826362014e-05, -1.3428181773633696e-05, -2.9223918318166398e-05, -1.6283885997836478e-05], [1.0155386007681955e-06, -1.6294294482577243e-06, -1.3428181773633696e-05, 5.080730625195429e-05, 4.7874047595541924e-05, 3.226078479201533e-05], [4.526331849774579e-06, -6.155174105515471e-06, -2.9223918318166398e-05, 4.7874047595541924e-05, 0.00012180476187495515, 8.06154275778681e-05], [4.304063168092398e-06, -6.892264536872972e-07, -1.6283885997836478e-05, 3.226078479201533e-05, 8.06154275778681e-05, 7.710383215453476e-05]]</COVARIANCE_MATRIX>
		<ROI_SIZE>470</ROI_SIZE>
		<MAX_VALUE>[0.12161895632743835, 0.12045861035585403, 0.12933510541915894, 0.1454460173845291, 0.05200687050819397, 0.04046354815363884]</MAX_VALUE>
		<MIN_VALUE>[0.10905054211616516, 0.09312783926725388, 0.08247368037700653, 0.08686436712741852, 0.00848801527172327, 0.0]</MIN_VALUE>
		<SIGNATURE_THRESHOLD_MD>0.0</SIGNATURE_THRESHOLD_MD>
		<SIGNATURE_THRESHOLD_ML>0.0</SIGNATURE_THRESHOLD_ML>
		<SIGNATURE_THRESHOLD_SAM>0.0</SIGNATURE_THRESHOLD_SAM>
	</signature>
	<signature ID="20210120_122848574403_641">
		<MACROCLASSID>1</MACROCLASSID>
		<MACROCLASSINFO>waterbody</MACROCLASSINFO>
		<CLASSID>12</CLASSID>
		<CLASSINFO>C 1</CLASSINFO>
		<VALUES>[0.11646847280008454, 0.0026352400936518455, 0.11028486573270399, 0.004493513518168276, 0.1201481955604894, 0.007313427060297993, 0.11667018949985507, 0.008214113737831064, 0.02133644020717058, 0.009973037241267385, 0.012216734699904919, 0.0078119243762837616]</VALUES>
		<LCS_MIN>[0.10725504904985428, 0.08922344446182251, 0.08247368037700653, 0.08235809206962585, 0.005586758255958557, 0.0]</LCS_MIN>
		<LCS_MAX>[0.12341443449258804, 0.12045861035585403, 0.12933510541915894, 0.14995229244232178, 0.05490812659263611, 0.048796482384204865]</LCS_MAX>
		<WAVELENGTH>[0.485, 0.56, 0.66, 0.83, 1.65, 2.215]</WAVELENGTH>
		<MEAN_VALUE>[0.11646847280008454, 0.11028486573270399, 0.1201481955604894, 0.11667018949985507, 0.02133644020717058, 0.012216734699904919]</MEAN_VALUE>
		<CHECKBOX>2</CHECKBOX>
		<SD>[0.0026352400936518455, 0.004493513518168276, 0.007313427060297993, 0.008214113737831064, 0.009973037241267385, 0.0078119243762837616]</SD>
		<WAVELENGTH_UNIT>E-6m</WAVELENGTH_UNIT>
		<COLOR>#99ed92</COLOR>
		<COVARIANCE_MATRIX>[[6.973995368753094e-06, 5.300913471728563e-06, 8.697459634277038e-06, 5.421357400337001e-06, 6.019145530444803e-06, 6.679091711703222e-06], [5.300913471728563e-06, 1.949061334016733e-05, 2.4796079742372967e-05, 7.682230716454796e-06, -2.480786406522384e-06, 3.472982825769577e-06], [8.697459634277038e-06, 2.4796079742372967e-05, 4.92957879032474e-05, 4.055641056766035e-06, -1.8897211703006178e-05, -5.4262909543467686e-06], [5.421357400337001e-06, 7.682230716454796e-06, 4.055641056766035e-06, 6.692255556117743e-05, 4.855833321926184e-05, 3.251096131862141e-05], [6.019145530444803e-06, -2.480786406522384e-06, -1.8897211703006178e-05, 4.855833321926184e-05, 0.00010678241233108565, 6.955337448744103e-05], [6.679091711703222e-06, 3.472982825769577e-06, -5.4262909543467686e-06, 3.251096131862141e-05, 6.955337448744103e-05, 6.446971383411437e-05]]</COVARIANCE_MATRIX>
		<ROI_SIZE>487</ROI_SIZE>
		<MAX_VALUE>[0.12341443449258804, 0.12045861035585403, 0.12933510541915894, 0.14995229244232178, 0.05490812659263611, 0.048796482384204865]</MAX_VALUE>
		<MIN_VALUE>[0.10725504904985428, 0.08922344446182251, 0.08247368037700653, 0.08235809206962585, 0.005586758255958557, 0.0]</MIN_VALUE>
		<SIGNATURE_THRESHOLD_MD>0.0</SIGNATURE_THRESHOLD_MD>
		<SIGNATURE_THRESHOLD_ML>0.0</SIGNATURE_THRESHOLD_ML>
		<SIGNATURE_THRESHOLD_SAM>0.0</SIGNATURE_THRESHOLD_SAM>
	</signature>
	<signature ID="20210120_122905689450_567">
		<MACROCLASSID>1</MACROCLASSID>
		<MACROCLASSINFO>waterbody</MACROCLASSINFO>
		<CLASSID>13</CLASSID>
		<CLASSINFO>C 1</CLASSINFO>
		<VALUES>[0.11562214885214374, 0.002356622525151457, 0.10829441620670138, 0.00433173371464706, 0.11752158907478787, 0.007930913257902928, 0.11510669762151861, 0.009172307426416284, 0.019853666443193318, 0.009468040948752067, 0.01009640199664009, 0.006026704436338192]</VALUES>
		<LCS_MIN>[0.10545956343412399, 0.08531907200813293, 0.07886895537376404, 0.09587693214416504, 0.00848801527172327, 0.0]</LCS_MIN>
		<LCS_MAX>[0.12161895632743835, 0.11655420809984207, 0.12573038041591644, 0.14995229244232178, 0.05490812659263611, 0.03213061764836311]</LCS_MAX>
		<WAVELENGTH>[0.485, 0.56, 0.66, 0.83, 1.65, 2.215]</WAVELENGTH>
		<MEAN_VALUE>[0.11562214885214374, 0.10829441620670138, 0.11752158907478787, 0.11510669762151861, 0.019853666443193318, 0.01009640199664009]</MEAN_VALUE>
		<CHECKBOX>2</CHECKBOX>
		<SD>[0.002356622525151457, 0.00433173371464706, 0.007930913257902928, 0.009172307426416284, 0.009468040948752067, 0.006026704436338192]</SD>
		<WAVELENGTH_UNIT>E-6m</WAVELENGTH_UNIT>
		<COLOR>#e899a1</COLOR>
		<COVARIANCE_MATRIX>[[5.690239959221799e-06, 4.5114525164535735e-06, 8.736270501685794e-06, -3.7760851228085812e-06, -6.671845767414197e-06, -2.9417442419799045e-06], [4.5114525164535735e-06, 1.5661431461921893e-05, 2.253269121865742e-05, -9.813092219701502e-06, -1.7337421013507992e-05, -7.307233317987993e-06], [8.736270501685794e-06, 2.253269121865742e-05, 5.1158524001948535e-05, -2.7401776605984196e-05, -4.2974355892511085e-05, -2.037302874668967e-05], [-3.7760851228085812e-06, -9.813092219701502e-06, -2.7401776605984196e-05, 7.969103171490133e-05, 6.372421194100752e-05, 3.456039121374488e-05], [-6.671845767414197e-06, -1.7337421013507992e-05, -4.2974355892511085e-05, 6.372421194100752e-05, 9.143430361291394e-05, 4.7420933697139844e-05], [-2.9417442419799045e-06, -7.307233317987993e-06, -2.037302874668967e-05, 3.456039121374488e-05, 4.7420933697139844e-05, 4.134871414862573e-05]]</COVARIANCE_MATRIX>
		<ROI_SIZE>541</ROI_SIZE>
		<MAX_VALUE>[0.12161895632743835, 0.11655420809984207, 0.12573038041591644, 0.14995229244232178, 0.05490812659263611, 0.03213061764836311]</MAX_VALUE>
		<MIN_VALUE>[0.10545956343412399, 0.08531907200813293, 0.07886895537376404, 0.09587693214416504, 0.00848801527172327, 0.0]</MIN_VALUE>
		<SIGNATURE_THRESHOLD_MD>0.0</SIGNATURE_THRESHOLD_MD>
		<SIGNATURE_THRESHOLD_ML>0.0</SIGNATURE_THRESHOLD_ML>
		<SIGNATURE_THRESHOLD_SAM>0.0</SIGNATURE_THRESHOLD_SAM>
	</signature>
	<signature ID="20210120_122917144144_297">
		<MACROCLASSID>1</MACROCLASSID>
		<MACROCLASSINFO>waterbody</MACROCLASSINFO>
		<CLASSID>14</CLASSID>
		<CLASSINFO>C 1</CLASSINFO>
		<VALUES>[0.11870658820069682, 0.0023873302746653786, 0.11063100575540331, 0.003966105838379096, 0.11713011987174898, 0.008105308705831536, 0.10980973607833609, 0.009853808650347668, 0.019270640494805487, 0.01005616668283332, 0.009780307586385506, 0.007123716315506712]</VALUES>
		<LCS_MIN>[0.11084602773189545, 0.09312783926725388, 0.08607841283082962, 0.07334554195404053, 0.00848801527172327, 0.0]</LCS_MIN>
		<LCS_MAX>[0.12520994246006012, 0.1243629977107048, 0.12933510541915894, 0.1454460173845291, 0.05490812659263611, 0.04046354815363884]</LCS_MAX>
		<WAVELENGTH>[0.485, 0.56, 0.66, 0.83, 1.65, 2.215]</WAVELENGTH>
		<MEAN_VALUE>[0.11870658820069682, 0.11063100575540331, 0.11713011987174898, 0.10980973607833609, 0.019270640494805487, 0.009780307586385506]</MEAN_VALUE>
		<CHECKBOX>2</CHECKBOX>
		<SD>[0.0023873302746653786, 0.003966105838379096, 0.008105308705831536, 0.009853808650347668, 0.01005616668283332, 0.007123716315506712]</SD>
		<WAVELENGTH_UNIT>E-6m</WAVELENGTH_UNIT>
		<COLOR>#119c87</COLOR>
		<COVARIANCE_MATRIX>[[6.437051069951849e-06, 4.9171953833138105e-06, 7.755332262604497e-06, -1.3873699344912893e-06, -1.60948991378973e-06, 1.517173700449348e-06], [4.9171953833138105e-06, 1.7016805941239e-05, 2.2386739146895707e-05, -5.002058514946839e-06, -1.3116356058162637e-05, -4.620368144969689e-06], [7.755332262604497e-06, 2.2386739146895707e-05, 5.7945351727539673e-05, -2.2363258267432684e-06, -4.059277125634253e-05, -1.782390972948633e-05], [-1.3873699344912893e-06, -5.002058514946839e-06, -2.2363258267432684e-06, 7.743741298327222e-05, 3.9083904994186014e-05, 2.2847403670311905e-05], [-1.60948991378973e-06, -1.3116356058162637e-05, -4.059277125634253e-05, 3.9083904994186014e-05, 9.630044951336458e-05, 5.7244895288022235e-05], [1.517173700449348e-06, -4.620368144969689e-06, -1.782390972948633e-05, 2.2847403670311905e-05, 5.7244895288022235e-05, 5.349499770090915e-05]]</COVARIANCE_MATRIX>
		<ROI_SIZE>677</ROI_SIZE>
		<MAX_VALUE>[0.12520994246006012, 0.1243629977107048, 0.12933510541915894, 0.1454460173845291, 0.05490812659263611, 0.04046354815363884]</MAX_VALUE>
		<MIN_VALUE>[0.11084602773189545, 0.09312783926725388, 0.08607841283082962, 0.07334554195404053, 0.00848801527172327, 0.0]</MIN_VALUE>
		<SIGNATURE_THRESHOLD_MD>0.0</SIGNATURE_THRESHOLD_MD>
		<SIGNATURE_THRESHOLD_ML>0.0</SIGNATURE_THRESHOLD_ML>
		<SIGNATURE_THRESHOLD_SAM>0.0</SIGNATURE_THRESHOLD_SAM>
	</signature>
	<signature ID="20210120_122955277600_133">
		<MACROCLASSID>1</MACROCLASSID>
		<MACROCLASSINFO>waterbody</MACROCLASSINFO>
		<CLASSID>15</CLASSID>
		<CLASSINFO>C 1</CLASSINFO>
		<VALUES>[0.12052856110707882, 0.0021611514206818392, 0.11337036727388011, 0.003554077661717448, 0.11985915347677951, 0.005345560808909092, 0.10835139872306405, 0.008310663401695824, 0.021524994903895606, 0.010422989334160025, 0.012885986109835783, 0.008225027368387039]</VALUES>
		<LCS_MIN>[0.11443701386451721, 0.09312783926725388, 0.08607841283082962, 0.08686436712741852, 0.005586758255958557, 0.0]</LCS_MIN>
		<LCS_MAX>[0.1270054429769516, 0.12045861035585403, 0.12933510541915894, 0.1454460173845291, 0.04910561069846153, 0.0446300134062767]</LCS_MAX>
		<WAVELENGTH>[0.485, 0.56, 0.66, 0.83, 1.65, 2.215]</WAVELENGTH>
		<MEAN_VALUE>[0.12052856110707882, 0.11337036727388011, 0.11985915347677951, 0.10835139872306405, 0.021524994903895606, 0.012885986109835783]</MEAN_VALUE>
		<CHECKBOX>2</CHECKBOX>
		<SD>[0.0021611514206818392, 0.003554077661717448, 0.005345560808909092, 0.008310663401695824, 0.010422989334160025, 0.008225027368387039]</SD>
		<WAVELENGTH_UNIT>E-6m</WAVELENGTH_UNIT>
		<COLOR>#8e2abd</COLOR>
		<COVARIANCE_MATRIX>[[4.457690010895021e-06, 2.8463332455430645e-06, 3.697881311381934e-06, -8.834639402266475e-07, 1.1190104487468489e-06, 2.119334567396436e-06], [2.8463332455430645e-06, 1.2148045243520755e-05, 1.123508900491288e-05, -6.2897174757381435e-06, -7.024974820524221e-06, -2.349473334106733e-06], [3.697881311381934e-06, 1.123508900491288e-05, 2.7039244741899893e-05, -1.616214467503596e-05, -2.2949012418393977e-05, -1.3531095646612812e-05], [-8.834639402266475e-07, -6.2897174757381435e-06, -1.616214467503596e-05, 6.69584987917915e-05, 5.092129504191689e-05, 3.10410323436372e-05], [1.1190104487468489e-06, -7.024974820524221e-06, -2.2949012418393977e-05, 5.092129504191689e-05, 9.919268632074818e-05, 6.464810576289892e-05], [2.119334567396436e-06, -2.349473334106733e-06, -1.3531095646612812e-05, 3.10410323436372e-05, 6.464810576289892e-05, 6.224116077646613e-05]]</COVARIANCE_MATRIX>
		<ROI_SIZE>813</ROI_SIZE>
		<MAX_VALUE>[0.1270054429769516, 0.12045861035585403, 0.12933510541915894, 0.1454460173845291, 0.04910561069846153, 0.0446300134062767]</MAX_VALUE>
		<MIN_VALUE>[0.11443701386451721, 0.09312783926725388, 0.08607841283082962, 0.08686436712741852, 0.005586758255958557, 0.0]</MIN_VALUE>
		<SIGNATURE_THRESHOLD_MD>0.0</SIGNATURE_THRESHOLD_MD>
		<SIGNATURE_THRESHOLD_ML>0.0</SIGNATURE_THRESHOLD_ML>
		<SIGNATURE_THRESHOLD_SAM>0.0</SIGNATURE_THRESHOLD_SAM>
	</signature>
	<signature ID="20210120_123007277128_322">
		<MACROCLASSID>1</MACROCLASSID>
		<MACROCLASSINFO>waterbody</MACROCLASSINFO>
		<CLASSID>16</CLASSID>
		<CLASSINFO>C 1</CLASSINFO>
		<VALUES>[0.1239393304190109, 0.0020677870111783393, 0.11647765342405139, 0.0035385181427248025, 0.12253045580231992, 0.004255726126668631, 0.11030345537605138, 0.007677073665142709, 0.021649690158997204, 0.009786653443607797, 0.01291634019965608, 0.007790677545792052]</VALUES>
		<LCS_MIN>[0.11802797764539719, 0.10484102368354797, 0.10049731284379959, 0.08686436712741852, 0.00848801527172327, 0.0]</LCS_MIN>
		<LCS_MAX>[0.13059641420841217, 0.1243629977107048, 0.13293981552124023, 0.14093972742557526, 0.05490812659263611, 0.048796482384204865]</LCS_MAX>
		<WAVELENGTH>[0.485, 0.56, 0.66, 0.83, 1.65, 2.215]</WAVELENGTH>
