<?xml version="1.0" ?>
<signaturelist MCID_LIST="[['1', 'waterbody', '#000000'], ['2', 'vegetation', '#000000'], ['3', 'bareland', '#000000'], ['4', 'built-up', '#000000']]">
	<signature ID="20210719_105353120083_405">
		<MACROCLASSID>1</MACROCLASSID>
		<MACROCLASSINFO>waterbody</MACROCLASSINFO>
		<CLASSID>1</CLASSID>
		<CLASSINFO>C 1</CLASSINFO>
		<VALUES>[0.12334234059815927, 0.0019934245177900063, 0.08782294897897411, 0.0024080036863535557, 0.05571166946131601, 0.0018784189999954835, 0.0361697625829885, 0.0016556453930966421, 0.009692863090902821, 0.002430738114691195, 0.0065869428529388785, 0.002901698025179266]</VALUES>
		<LCS_MIN>[0.1171891838312149, 0.0791788324713707, 0.05037374794483185, 0.0328211784362793, 0.0, 0.0]</LCS_MIN>
		<LCS_MAX>[0.13160909712314606, 0.09423260390758514, 0.0630628913640976, 0.04075254872441292, 0.02023579180240631, 0.017276166006922722]</LCS_MAX>
		<WAVELENGTH>[0.485, 0.56, 0.66, 0.83, 1.65, 2.215]</WAVELENGTH>
		<MEAN_VALUE>[0.12334234059815927, 0.08782294897897411, 0.05571166946131601, 0.0361697625829885, 0.009692863090902821, 0.0065869428529388785]</MEAN_VALUE>
		<CHECKBOX>2</CHECKBOX>
		<SD>[0.0019934245177900063, 0.0024080036863535557, 0.0018784189999954835, 0.0016556453930966421, 0.002430738114691195, 0.002901698025179266]</SD>
		<WAVELENGTH_UNIT>E-6m</WAVELENGTH_UNIT>
		<COLOR>#100eaa</COLOR>
		<COVARIANCE_MATRIX>[[3.939197850336684e-06, 2.2250520896162296e-07, 1.0862323398155278e-07, 1.083364952697455e-07, -7.821258495821773e-08, -1.415714685728828e-07], [2.2250520896162296e-07, 5.724603385857012e-06, 1.7931964221807482e-07, 1.3489902900189023e-07, -1.521856851829894e-07, -9.443554029864784e-08], [1.0862323398155278e-07, 1.7931964221807482e-07, 3.55325393680515e-06, 2.341788453820521e-07, -2.7096039316243263e-07, -1.9325500052455508e-07], [1.083364952697455e-07, 1.3489902900189023e-07, 2.341788453820521e-07, 2.6295069409355383e-06, -4.527409459964318e-08, -1.4973708609618306e-08], [-7.821258495821773e-08, -1.521856851829894e-07, -2.7096039316243263e-07, -4.527409459964318e-08, 5.963394923789315e-06, 7.150687257427147e-07], [-1.415714685728828e-07, -9.443554029864784e-08, -1.9325500052455508e-07, -1.4973708609618306e-08, 7.150687257427147e-07, 8.51527267894117e-06]]</COVARIANCE_MATRIX>
		<ROI_SIZE>10201</ROI_SIZE>
		<MAX_VALUE>[0.13160909712314606, 0.09423260390758514, 0.0630628913640976, 0.04075254872441292, 0.02023579180240631, 0.017276166006922722]</MAX_VALUE>
		<MIN_VALUE>[0.1171891838312149, 0.0791788324713707, 0.05037374794483185, 0.0328211784362793, 0.0, 0.0]</MIN_VALUE>
		<SIGNATURE_THRESHOLD_MD>0</SIGNATURE_THRESHOLD_MD>
		<SIGNATURE_THRESHOLD_ML>0</SIGNATURE_THRESHOLD_ML>
		<SIGNATURE_THRESHOLD_SAM>0</SIGNATURE_THRESHOLD_SAM>
	</signature>
	<signature ID="20210719_105358034208_881">
		<MACROCLASSID>1</MACROCLASSID>
		<MACROCLASSINFO>waterbody</MACROCLASSINFO>
		<CLASSID>2</CLASSID>
		<CLASSINFO>C 1</CLASSINFO>
		<VALUES>[0.12102249440970625, 0.002586732003536377, 0.09477700440289397, 0.0036029662967321436, 0.061174094342030284, 0.004337187586172303, 0.03619260593697988, 0.005680034074266334, 0.007604830713242973, 0.0037610529231892347, 0.004573536334609573, 0.0037375646756274746]</VALUES>
		<LCS_MIN>[0.11178172379732132, 0.08670571446418762, 0.05354603752493858, 0.028855495154857635, 0.0, 0.0]</LCS_MIN>
		<LCS_MAX>[0.13701654970645905, 0.12434013187885284, 0.09795800596475601, 0.0724780261516571, 0.04576787352561951, 0.039275988936424255]</LCS_MAX>
		<WAVELENGTH>[0.485, 0.56, 0.66, 0.83, 1.65, 2.215]</WAVELENGTH>
		<MEAN_VALUE>[0.12102249440970625, 0.09477700440289397, 0.061174094342030284, 0.03619260593697988, 0.007604830713242973, 0.004573536334609573]</MEAN_VALUE>
		<CHECKBOX>2</CHECKBOX>
		<SD>[0.002586732003536377, 0.0036029662967321436, 0.004337187586172303, 0.005680034074266334, 0.0037610529231892347, 0.0037375646756274746]</SD>
		<WAVELENGTH_UNIT>E-6m</WAVELENGTH_UNIT>
		<COLOR>#780c13</COLOR>
		<COVARIANCE_MATRIX>[[5.910268282334209e-06, 3.5824675637249685e-06, 4.029546345948963e-06, 8.017440976632897e-07, 1.125049248930984e-06, 1.2791929867047906e-06], [3.5824675637249685e-06, 1.0219131131141571e-05, 8.0005465360101e-06, 3.179803725063828e-06, 2.7280359294643597e-06, 2.5354656420849415e-06], [4.029546345948963e-06, 8.0005465360101e-06, 1.3964454345457953e-05, 7.040895125061136e-06, 4.523914061666423e-06, 3.866378364682907e-06], [8.017440976632897e-07, 3.179803725063828e-06, 7.040895125061136e-06, 2.4162916820578376e-05, 9.407994789027613e-06, 5.730621362002352e-06], [1.125049248930984e-06, 2.7280359294643597e-06, 4.523914061666423e-06, 9.407994789027613e-06, 1.196322836740836e-05, 5.640042435830292e-06], [1.2791929867047906e-06, 2.5354656420849415e-06, 3.866378364682907e-06, 5.730621362002352e-06, 5.640042435830292e-06, 1.2251817179684875e-05]]</COVARIANCE_MATRIX>
		<ROI_SIZE>8822</ROI_SIZE>
		<MAX_VALUE>[0.13701654970645905, 0.12434013187885284, 0.09795800596475601, 0.0724780261516571, 0.04576787352561951, 0.039275988936424255]</MAX_VALUE>
		<MIN_VALUE>[0.11178172379732132, 0.08670571446418762, 0.05354603752493858, 0.028855495154857635, 0.0, 0.0]</MIN_VALUE>
		<SIGNATURE_THRESHOLD_MD>0</SIGNATURE_THRESHOLD_MD>
		<SIGNATURE_THRESHOLD_ML>0</SIGNATURE_THRESHOLD_ML>
		<SIGNATURE_THRESHOLD_SAM>0</SIGNATURE_THRESHOLD_SAM>
	</signature>
	<signature ID="20210719_105402648352_557">
		<MACROCLASSID>1</MACROCLASSID>
		<MACROCLASSINFO>waterbody</MACROCLASSINFO>
		<CLASSID>3</CLASSID>
		<CLASSINFO>C 1</CLASSINFO>
		<VALUES>[0.11253340956237581, 0.002204378295218884, 0.09089818097984292, 0.0025007799293627897, 0.06287520669110408, 0.002580540743530956, 0.05789712698751198, 0.01075980876927965, 0.016518351357513512, 0.008596423577929523, 0.008392925920169183, 0.005438478248134825]</VALUES>
		<LCS_MIN>[0.10637427121400833, 0.08294227719306946, 0.05671831965446472, 0.04075254872441292, 0.0023633355740457773, 0.0]</LCS_MIN>
		<LCS_MAX>[0.1189916729927063, 0.09799604117870331, 0.07257974147796631, 0.09230645000934601, 0.053427498787641525, 0.035609349608421326]</LCS_MAX>
		<WAVELENGTH>[0.485, 0.56, 0.66, 0.83, 1.65, 2.215]</WAVELENGTH>
		<MEAN_VALUE>[0.11253340956237581, 0.09089818097984292, 0.06287520669110408, 0.05789712698751198, 0.016518351357513512, 0.008392925920169183]</MEAN_VALUE>
		<CHECKBOX>2</CHECKBOX>
		<SD>[0.002204378295218884, 0.0025007799293627897, 0.002580540743530956, 0.01075980876927965, 0.008596423577929523, 0.005438478248134825]</SD>
		<WAVELENGTH_UNIT>E-6m</WAVELENGTH_UNIT>
		<COLOR>#144185</COLOR>
		<COVARIANCE_MATRIX>[[4.947232016796966e-06, 1.1923522335821016e-06, 9.66262066052522e-07, -1.4611951977309866e-06, -7.692958581583936e-07, -1.5360107993787114e-07], [1.1923522335821016e-06, 5.5303105594654125e-06, 1.9373035933799636e-06, -6.138557618802392e-07, -6.641288979069636e-07, 2.8867367106066816e-08], [9.66262066052522e-07, 1.9373035933799636e-06, 5.5243733814741935e-06, 8.240877340694271e-06, 5.386242088231152e-06, 3.4090459333703223e-06], [-1.4611951977309866e-06, -6.138557618802392e-07, 8.240877340694271e-06, 0.00012179954661694256, 7.842856926975026e-05, 4.037889663618972e-05], [-7.692958581583936e-07, -6.641288979069636e-07, 5.386242088231152e-06, 7.842856926975026e-05, 7.638097835393415e-05, 3.5103198379986963e-05], [-1.5360107993787114e-07, 2.8867367106066816e-08, 3.4090459333703223e-06, 4.037889663618972e-05, 3.5103198379986963e-05, 2.775537499790605e-05]]</COVARIANCE_MATRIX>
		<ROI_SIZE>1309</ROI_SIZE>
		<MAX_VALUE>[0.1189916729927063, 0.09799604117870331, 0.07257974147796631, 0.09230645000934601, 0.053427498787641525, 0.035609349608421326]</MAX_VALUE>
		<MIN_VALUE>[0.10637427121400833, 0.08294227719306946, 0.05671831965446472, 0.04075254872441292, 0.0023633355740457773, 0.0]</MIN_VALUE>
		<SIGNATURE_THRESHOLD_MD>0</SIGNATURE_THRESHOLD_MD>
		<SIGNATURE_THRESHOLD_ML>0</SIGNATURE_THRESHOLD_ML>
		<SIGNATURE_THRESHOLD_SAM>0</SIGNATURE_THRESHOLD_SAM>
	</signature>
	<signature ID="20210719_105409978442_208">
		<MACROCLASSID>1</MACROCLASSID>
		<MACROCLASSINFO>waterbody</MACROCLASSINFO>
		<CLASSID>4</CLASSID>
		<CLASSINFO>C 1</CLASSINFO>
		<VALUES>[0.1391340419781601, 0.0025312672194024864, 0.13567695069962782, 0.003335209863664234, 0.13091981416569803, 0.004826471200445573, 0.07145948099122049, 0.009221483448394126, 0.01219662205722603, 0.006136915629177028, 0.007518846538355141, 0.005219020097307321]</VALUES>
		<LCS_MIN>[0.12620162963867188, 0.10552292317152023, 0.09161345660686493, 0.05661529302597046, 0.0, 0.0]</LCS_MIN>
		<LCS_MAX>[0.1478314995765686, 0.15068422257900238, 0.14871454238891602, 0.10420349985361099, 0.048321083188056946, 0.04294262453913689]</LCS_MAX>
		<WAVELENGTH>[0.485, 0.56, 0.66, 0.83, 1.65, 2.215]</WAVELENGTH>
		<MEAN_VALUE>[0.1391340419781601, 0.13567695069962782, 0.13091981416569803, 0.07145948099122049, 0.01219662205722603, 0.007518846538355141]</MEAN_VALUE>
		<CHECKBOX>2</CHECKBOX>
		<SD>[0.0025312672194024864, 0.003335209863664234, 0.004826471200445573, 0.009221483448394126, 0.006136915629177028, 0.005219020097307321]</SD>
		<WAVELENGTH_UNIT>E-6m</WAVELENGTH_UNIT>
		<COLOR>#70f2d8</COLOR>
		<COVARIANCE_MATRIX>[[5.972867727800609e-06, 2.8106578764951146e-06, 4.237083823240153e-06, 6.216724577486552e-08, 7.555728101029839e-08, 2.0930851129050775e-07], [2.8106578764951146e-06, 1.03309961677125e-05, 1.014406427831034e-05, -1.7225556497390546e-06, -4.850042847980023e-06, -3.640037001457586e-06], [4.237083823240153e-06, 1.014406427831034e-05, 2.5136304586032477e-05, 9.307455149390014e-06, -4.5839017996164635e-06, -3.2838759254313823e-06], [6.216724577486552e-08, -1.7225556497390546e-06, 9.307455149390014e-06, 7.76185136281627e-05, 3.209159276885943e-05, 1.971123137904858e-05], [7.555728101029839e-08, -4.850042847980023e-06, -4.5839017996164635e-06, 3.209159276885943e-05, 2.9834680696367103e-05, 1.7121589762917143e-05], [2.0930851129050775e-07, -3.640037001457586e-06, -3.2838759254313823e-06, 1.971123137904858e-05, 1.7121589762917143e-05, 2.121714642850991e-05]]</COVARIANCE_MATRIX>
		<ROI_SIZE>4172</ROI_SIZE>
		<MAX_VALUE>[0.1478314995765686, 0.15068422257900238, 0.14871454238891602, 0.10420349985361099, 0.048321083188056946, 0.04294262453913689]</MAX_VALUE>
		<MIN_VALUE>[0.12620162963867188, 0.10552292317152023, 0.09161345660686493, 0.05661529302597046, 0.0, 0.0]</MIN_VALUE>
		<SIGNATURE_THRESHOLD_MD>0</SIGNATURE_THRESHOLD_MD>
		<SIGNATURE_THRESHOLD_ML>0</SIGNATURE_THRESHOLD_ML>
		<SIGNATURE_THRESHOLD_SAM>0</SIGNATURE_THRESHOLD_SAM>
	</signature>
	<signature ID="20210719_105415025878_370">
		<MACROCLASSID>1</MACROCLASSID>
		<MACROCLASSINFO>waterbody</MACROCLASSINFO>
		<CLASSID>5</CLASSID>
		<CLASSINFO>C 1</CLASSINFO>
		<VALUES>[0.1324617690490391, 0.0021410549988652946, 0.11929216494638759, 0.0030757554973745607, 0.094747742403767, 0.0034539796474569793, 0.07784476128970078, 0.012420452879626016, 0.02864456238660092, 0.010152691060181457, 0.016880959640452248, 0.006382790069586924]</VALUES>
		<LCS_MIN>[0.12620162963867188, 0.1092863604426384, 0.0884411633014679, 0.05661529302597046, 0.0074697514064610004, 0.00627625547349453]</LCS_MIN>
		<LCS_MAX>[0.13701654970645905, 0.12434013187885284, 0.10430257767438889, 0.10420349985361099, 0.058533914387226105, 0.039275988936424255]</LCS_MAX>
		<WAVELENGTH>[0.485, 0.56, 0.66, 0.83, 1.65, 2.215]</WAVELENGTH>
		<MEAN_VALUE>[0.1324617690490391, 0.11929216494638759, 0.094747742403767, 0.07784476128970078, 0.02864456238660092, 0.016880959640452248]</MEAN_VALUE>
		<CHECKBOX>2</CHECKBOX>
		<SD>[0.0021410549988652946, 0.0030757554973745607, 0.0034539796474569793, 0.012420452879626016, 0.010152691060181457, 0.006382790069586924]</SD>
		<WAVELENGTH_UNIT>E-6m</WAVELENGTH_UNIT>
		<COLOR>#830640</COLOR>
		<COVARIANCE_MATRIX>[[4.611731667853831e-06, 1.8374472972867614e-06, 1.8926618707253423e-06, -2.450596247456641e-06, -1.030753742211617e-06, -1.293344467446614e-06], [1.8374472972867614e-06, 9.517261469266256e-06, 5.920251842082059e-06, -1.2574647045947685e-05, -1.002999049808245e-05, -4.002069630467031e-06], [1.8926618707253423e-06, 5.920251842082059e-06, 1.2001842726764239e-05, 4.324740788093042e-07, 1.6387732291334745e-06, 3.067970131828898e-06], [-2.450596247456641e-06, -1.2574647045947685e-05, 4.324740788093042e-07, 0.0001551969729261851, 9.659752700300071e-05, 5.609207753344749e-05], [-1.030753742211617e-06, -1.002999049808245e-05, 1.6387732291334745e-06, 9.659752700300071e-05, 0.00010369808236447328, 5.302782872806783e-05], [-1.293344467446614e-06, -4.002069630467031e-06, 3.067970131828898e-06, 5.609207753344749e-05, 5.302782872806783e-05, 4.098543081381756e-05]]</COVARIANCE_MATRIX>
		<ROI_SIZE>167</ROI_SIZE>
		<MAX_VALUE>[0.13701654970645905, 0.12434013187885284, 0.10430257767438889, 0.10420349985361099, 0.058533914387226105, 0.039275988936424255]</MAX_VALUE>
		<MIN_VALUE>[0.12620162963867188, 0.1092863604426384, 0.0884411633014679, 0.05661529302597046, 0.0074697514064610004, 0.00627625547349453]</MIN_VALUE>
		<SIGNATURE_THRESHOLD_MD>0</SIGNATURE_THRESHOLD_MD>
		<SIGNATURE_THRESHOLD_ML>0</SIGNATURE_THRESHOLD_ML>
		<SIGNATURE_THRESHOLD_SAM>0</SIGNATURE_THRESHOLD_SAM>
	</signature>
	<signature ID="20210719_105420648848_908">
		<MACROCLASSID>1</MACROCLASSID>
		<MACROCLASSINFO>waterbody</MACROCLASSINFO>
		<CLASSID>6</CLASSID>
		<CLASSINFO>C 1</CLASSINFO>
		<VALUES>[0.13850354434256915, 0.002223521865607283, 0.13507969954306284, 0.0031909455033929364, 0.14065413379044905, 0.005016658070039195, 0.1188372812171064, 0.011916064739217065, 0.02872328687669011, 0.013625673188179132, 0.016518640017251864, 0.009065024699633733]</VALUES>
		<LCS_MIN>[0.13160909712314606, 0.11681324988603592, 0.1138194352388382, 0.10420349985361099, 0.0023633355740457773, 0.002609620103612542]</LCS_MIN>
		<LCS_MAX>[0.14422652125358582, 0.1393938958644867, 0.14871454238891602, 0.15972308814525604, 0.07895958423614502, 0.06127580255270004]</LCS_MAX>
		<WAVELENGTH>[0.485, 0.56, 0.66, 0.83, 1.65, 2.215]</WAVELENGTH>
		<MEAN_VALUE>[0.13850354434256915, 0.13507969954306284, 0.14065413379044905, 0.1188372812171064, 0.02872328687669011, 0.016518640017251864]</MEAN_VALUE>
		<CHECKBOX>2</CHECKBOX>
		<SD>[0.002223521865607283, 0.0031909455033929364, 0.005016658070039195, 0.011916064739217065, 0.013625673188179132, 0.009065024699633733]</SD>
		<WAVELENGTH_UNIT>E-6m</WAVELENGTH_UNIT>
		<COLOR>#f0aa0c</COLOR>
		<COVARIANCE_MATRIX>[[4.9511530062112984e-06, 2.691459102828638e-06, 4.58435439847299e-06, -1.1521265416182593e-05, -1.0946205725303853e-05, -5.490518167653525e-06], [2.691459102828638e-06, 1.019676270735581e-05, 1.1747076946013329e-05, -2.6367034327598923e-05, -2.6865099745633148e-05, -1.562464429582401e-05], [4.58435439847299e-06, 1.1747076946013329e-05, 2.520301747070043e-05, -5.0878376652307464e-05, -5.1550016160111294e-05, -3.053108342273082e-05], [-1.1521265416182593e-05, -2.6367034327598923e-05, -5.0878376652307464e-05, 0.0001421966112239096, 0.000132806763564214, 7.720319964244292e-05], [-1.0946205725303853e-05, -2.6865099745633148e-05, -5.1550016160111294e-05, 0.000132806763564214, 0.00018592572122449897, 0.00011039918453737336], [-5.490518167653525e-06, -1.562464429582401e-05, -3.053108342273082e-05, 7.720319964244292e-05, 0.00011039918453737336, 8.229273986359752e-05]]</COVARIANCE_MATRIX>
		<ROI_SIZE>697</ROI_SIZE>
		<MAX_VALUE>[0.14422652125358582, 0.1393938958644867, 0.14871454238891602, 0.15972308814525604, 0.07895958423614502, 0.06127580255270004]</MAX_VALUE>
		<MIN_VALUE>[0.13160909712314606, 0.11681324988603592, 0.1138194352388382, 0.10420349985361099, 0.0023633355740457773, 0.002609620103612542]</MIN_VALUE>
		<SIGNATURE_THRESHOLD_MD>0</SIGNATURE_THRESHOLD_MD>
		<SIGNATURE_THRESHOLD_ML>0</SIGNATURE_THRESHOLD_ML>
		<SIGNATURE_THRESHOLD_SAM>0</SIGNATURE_THRESHOLD_SAM>
	</signature>
	<signature ID="20210719_105426013101_292">
		<MACROCLASSID>1</MACROCLASSID>
		<MACROCLASSINFO>waterbody</MACROCLASSINFO>
		<CLASSID>7</CLASSID>
		<CLASSINFO>C 1</CLASSINFO>
		<VALUES>[0.13416395059804923, 0.0021923825006636886, 0.12010876891297524, 0.0036421545574234345, 0.0953266561613626, 0.004834595656911829, 0.07765525300221172, 0.011250778622937897, 0.021968165394348833, 0.00813738492509153, 0.012534937861443341, 0.005653872817493632]</VALUES>
		<LCS_MIN>[0.12800411880016327, 0.1092863604426384, 0.08526886999607086, 0.06454665958881378, 0.010022959671914577, 0.002609620103612542]</LCS_MIN>
		<LCS_MAX>[0.14242401719093323, 0.13186700642108917, 0.1138194352388382, 0.10816918313503265, 0.053427498787641525, 0.035609349608421326]</LCS_MAX>
		<WAVELENGTH>[0.485, 0.56, 0.66, 0.83, 1.65, 2.215]</WAVELENGTH>
		<MEAN_VALUE>[0.13416395059804923, 0.12010876891297524, 0.0953266561613626, 0.07765525300221172, 0.021968165394348833, 0.012534937861443341]</MEAN_VALUE>
		<CHECKBOX>2</CHECKBOX>
		<SD>[0.0021923825006636886, 0.0036421545574234345, 0.004834595656911829, 0.011250778622937897, 0.00813738492509153, 0.005653872817493632]</SD>
		<WAVELENGTH_UNIT>E-6m</WAVELENGTH_UNIT>
		<COLOR>#7faee4</COLOR>
		<COVARIANCE_MATRIX>[[4.815093593325249e-06, 3.87722290394401e-06, 5.646044931867402e-06, 3.652965351938523e-06, 2.5835842456666964e-07, 2.572109663280312e-07], [3.87722290394401e-06, 1.3288893538701484e-05, 1.1809876523975028e-05, 6.9148510989625775e-06, -1.1712632132561074e-06, -1.1666712162176428e-06], [5.646044931867402e-06, 1.1809876523975028e-05, 2.3414904694595676e-05, 2.1258201055791792e-05, 7.160746807018721e-06, 5.818593767759576e-06], [3.652965351938523e-06, 6.9148510989625775e-06, 2.1258201055791792e-05, 0.0001268052509739976, 7.558413397872444e-05, 4.58836939648622e-05], [2.5835842456666964e-07, -1.1712632132561074e-06, 7.160746807018721e-06, 7.558413397872444e-05, 6.633485732198786e-05, 3.747928958789185e-05], [2.572109663280312e-07, -1.1666712162176428e-06, 5.818593767759576e-06, 4.58836939648622e-05, 3.747928958789185e-05, 3.2023157334322926e-05]]</COVARIANCE_MATRIX>
		<ROI_SIZE>563</ROI_SIZE>
		<MAX_VALUE>[0.14242401719093323, 0.13186700642108917, 0.1138194352388382, 0.10816918313503265, 0.053427498787641525, 0.035609349608421326]</MAX_VALUE>
		<MIN_VALUE>[0.12800411880016327, 0.1092863604426384, 0.08526886999607086, 0.06454665958881378, 0.010022959671914577, 0.002609620103612542]</MIN_VALUE>
		<SIGNATURE_THRESHOLD_MD>0</SIGNATURE_THRESHOLD_MD>
		<SIGNATURE_THRESHOLD_ML>0</SIGNATURE_THRESHOLD_ML>
		<SIGNATURE_THRESHOLD_SAM>0</SIGNATURE_THRESHOLD_SAM>
	</signature>
	<signature ID="20210719_105434252297_613">
		<MACROCLASSID>1</MACROCLASSID>
		<MACROCLASSINFO>waterbody</MACROCLASSINFO>
		<CLASSID>8</CLASSID>
		<CLASSINFO>C 1</CLASSINFO>
		<VALUES>[0.15000592544674882, 0.002564069129076212, 0.1364219656421079, 0.0029596687806397338, 0.13751505631657815, 0.003608671136179298, 0.1288526553226999, 0.005314763287775395, 0.025902834279886485, 0.008057676798374344, 0.014962693164802622, 0.007252849734168537]</VALUES>
		<LCS_MIN>[0.14062152802944183, 0.128103569149971, 0.11699170619249344, 0.11610056459903717, 0.012576168403029442, 0.002609620103612542]</LCS_MIN>
		<LCS_MAX>[0.15684393048286438, 0.14315733313560486, 0.14871454238891602, 0.1636887788772583, 0.058533914387226105, 0.04294262453913689]</LCS_MAX>
		<WAVELENGTH>[0.485, 0.56, 0.66, 0.83, 1.65, 2.215]</WAVELENGTH>
		<MEAN_VALUE>[0.15000592544674882, 0.1364219656421079, 0.13751505631657815, 0.1288526553226999, 0.025902834279886485, 0.014962693164802622]</MEAN_VALUE>
		<CHECKBOX>2</CHECKBOX>
		<SD>[0.002564069129076212, 0.0029596687806397338, 0.003608671136179298, 0.005314763287775395, 0.008057676798374344, 0.007252849734168537]</SD>
		<WAVELENGTH_UNIT>E-6m</WAVELENGTH_UNIT>
		<COLOR>#adc7c9</COLOR>
		<COVARIANCE_MATRIX>[[6.956732368746585e-06, 3.216381662345541e-06, 4.97493219001892e-06, -1.4513422573562757e-06, 1.013740591130307e-06, 2.081814838156156e-06], [3.216381662345541e-06, 8.996606468409073e-06, 7.404563892965901e-06, -3.0863700033727647e-06, -1.4103535463089222e-06, 6.999850935304617e-07], [4.97493219001892e-06, 7.404563892965901e-06, 1.5871644161277366e-05, -7.157834268211107e-06, -6.4301504356623964e-06, -2.6127764506814678e-06], [-1.4513422573562757e-06, -3.0863700033727647e-06, -7.157834268211107e-06, 2.8399647552389877e-05, 2.9621003670576412e-05, 2.137759299286808e-05], [1.013740591130307e-06, -1.4103535463089222e-06, -6.4301504356623964e-06, 2.9621003670576412e-05, 6.116589993449673e-05, 4.3969950055739183e-05], [2.081814838156156e-06, 6.999850935304617e-07, -2.6127764506814678e-06, 2.137759299286808e-05, 4.3969950055739183e-05, 4.646212605388424e-05]]</COVARIANCE_MATRIX>
		<ROI_SIZE>1220</ROI_SIZE>
		<MAX_VALUE>[0.15684393048286438, 0.14315733313560486, 0.14871454238891602, 0.1636887788772583, 0.058533914387226105, 0.04294262453913689]</MAX_VALUE>
		<MIN_VALUE>[0.14062152802944183, 0.128103569149971, 0.11699170619249344, 0.11610056459903717, 0.012576168403029442, 0.002609620103612542]</MIN_VALUE>
		<SIGNATURE_THRESHOLD_MD>0</SIGNATURE_THRESHOLD_MD>
		<SIGNATURE_THRESHOLD_ML>0</SIGNATURE_THRESHOLD_ML>
		<SIGNATURE_THRESHOLD_SAM>0</SIGNATURE_THRESHOLD_SAM>
	</signature>
	<signature ID="20210719_105438809617_474">
		<MACROCLASSID>1</MACROCLASSID>
		<MACROCLASSINFO>waterbody</MACROCLASSINFO>
		<CLASSID>9</CLASSID>
		<CLASSINFO>C 1</CLASSINFO>
		<VALUES>[0.15041274836657115, 0.002284218405419726, 0.13606798763548622, 0.0024438525182920285, 0.13615749983551562, 0.0031419789727499922, 0.12687613892911098, 0.004506923943444693, 0.02246007247691136, 0.006950146925311328, 0.012020427875772413, 0.006015748568093336]</VALUES>
		<LCS_MIN>[0.14242401719093323, 0.128103569149971, 0.12016400694847107, 0.11610056459903717, 0.010022959671914577, 0.0]</LCS_MIN>
		<LCS_MAX>[0.15864641964435577, 0.14315733313560486, 0.14554226398468018, 0.15972308814525604, 0.053427498787641525, 0.04294262453913689]</LCS_MAX>
		<WAVELENGTH>[0.485, 0.56, 0.66, 0.83, 1.65, 2.215]</WAVELENGTH>
		<MEAN_VALUE>[0.15041274836657115, 0.13606798763548622, 0.13615749983551562, 0.12687613892911098, 0.02246007247691136, 0.012020427875772413]</MEAN_VALUE>
		<CHECKBOX>2</CHECKBOX>
		<SD>[0.002284218405419726, 0.0024438525182920285, 0.0031419789727499922, 0.004506923943444693, 0.006950146925311328, 0.006015748568093336]</SD>
		<WAVELENGTH_UNIT>E-6m</WAVELENGTH_UNIT>
		<COLOR>#23e86f</COLOR>
		<COVARIANCE_MATRIX>[[5.2217556526861214e-06, 1.242886904274337e-06, 2.1491989988966556e-06, -5.027364596241812e-07, -1.006330009046371e-06, -8.709884957819937e-07], [1.242886904274337e-06, 5.977110426076235e-06, 3.2084177489930462e-06, -9.051682355040227e-07, -1.6689557549895302e-06, -1.8178588653010488e-06], [2.1491989988966556e-06, 3.2084177489930462e-06, 9.879792896543586e-06, -2.8286973193294715e-06, -5.477168852354717e-06, -3.6762999688201097e-06], [-5.027364596241812e-07, -9.051682355040227e-07, -2.8286973193294715e-06, 2.032833227117116e-05, 2.1250380653728507e-05, 1.5961248574305886e-05], [-1.006330009046371e-06, -1.6689557549895302e-06, -5.477168852354717e-06, 2.1250380653728507e-05, 4.8342517552505185e-05, 3.2422542080747846e-05], [-8.709884957819937e-07, -1.8178588653010488e-06, -3.6762999688201097e-06, 1.5961248574305886e-05, 3.2422542080747846e-05, 3.621768148768881e-05]]</COVARIANCE_MATRIX>
		<ROI_SIZE>1273</ROI_SIZE>
		<MAX_VALUE>[0.15864641964435577, 0.14315733313560486, 0.14554226398468018, 0.15972308814525604, 0.053427498787641525, 0.04294262453913689]</MAX_VALUE>
		<MIN_VALUE>[0.14242401719093323, 0.128103569149971, 0.12016400694847107, 0.11610056459903717, 0.010022959671914577, 0.0]</MIN_VALUE>
		<SIGNATURE_THRESHOLD_MD>0</SIGNATURE_THRESHOLD_MD>
		<SIGNATURE_THRESHOLD_ML>0</SIGNATURE_THRESHOLD_ML>
		<SIGNATURE_THRESHOLD_SAM>0</SIGNATURE_THRESHOLD_SAM>
	</signature>
	<signature ID="20210719_105444312838_717">
		<MACROCLASSID>1</MACROCLASSID>
		<MACROCLASSINFO>waterbody</MACROCLASSINFO>
		<CLASSID>10</CLASSID>
		<CLASSINFO>C 1</CLASSINFO>
		<VALUES>[0.15805865624460622, 0.002182525944182182, 0.14777982099980538, 0.0031276240160142774, 0.13104862093493544, 0.0025165620750067018, 0.0957117648660273, 0.00821887604685619, 0.03095741718467595, 0.010052037380485478, 0.019707305431939624, 0.00862635040964301]</VALUES>
		<LCS_MIN>[0.1514364629983902, 0.1393938958644867, 0.12016400694847107, 0.08437507599592209, 0.01768258586525917, 0.002609620103612542]</LCS_MIN>
		<LCS_MAX>[0.16405390202999115, 0.15444764494895935, 0.14236998558044434, 0.12403193861246109, 0.061087124049663544, 0.05394253134727478]</LCS_MAX>
		<WAVELENGTH>[0.485, 0.56, 0.66, 0.83, 1.65, 2.215]</WAVELENGTH>
		<MEAN_VALUE>[0.15805865624460622, 0.14777982099980538, 0.13104862093493544, 0.0957117648660273, 0.03095741718467595, 0.019707305431939624]</MEAN_VALUE>
		<CHECKBOX>2</CHECKBOX>
		<SD>[0.002182525944182182, 0.0031276240160142774, 0.0025165620750067018, 0.00821887604685619, 0.010052037380485478, 0.00862635040964301]</SD>
		<WAVELENGTH_UNIT>E-6m</WAVELENGTH_UNIT>
		<COLOR>#d7f666</COLOR>
		<COVARIANCE_MATRIX>[[4.994874732868201e-06, 1.5568885480620065e-06, 1.121394130735436e-06, -3.7744266407073194e-06, -4.18850178782648e-06, -3.208572297524958e-06], [1.5568885480620065e-06, 9.910870749276488e-06, 3.108211146165778e-06, -1.1474197019386283e-05, -1.2541982839426942e-05, -1.0441055553817242e-05], [1.121394130735436e-06, 3.108211146165778e-06, 7.693342678175252e-06, -6.613511593362213e-06, -7.64829082886124e-06, -4.308957425232053e-06], [-3.7744266407073194e-06, -1.1474197019386283e-05, -6.613511593362213e-06, 7.122137100935239e-05, 6.877403676666892e-05, 5.29270853153229e-05], [-4.18850178782648e-06, -1.2541982839426942e-05, -7.64829082886124e-06, 6.877403676666892e-05, 9.749793473358272e-05, 6.897985422988021e-05], [-3.208572297524958e-06, -1.0441055553817242e-05, -4.308957425232053e-06, 5.29270853153229e-05, 6.897985422988021e-05, 6.960251247338574e-05]]</COVARIANCE_MATRIX>
		<ROI_SIZE>675</ROI_SIZE>
		<MAX_VALUE>[0.16405390202999115, 0.15444764494895935, 0.14236998558044434, 0.12403193861246109, 0.061087124049663544, 0.05394253134727478]</MAX_VALUE>
		<MIN_VALUE>[0.1514364629983902, 0.1393938958644867, 0.12016400694847107, 0.08437507599592209, 0.01768258586525917, 0.002609620103612542]</MIN_VALUE>
		<SIGNATURE_THRESHOLD_MD>0</SIGNATURE_THRESHOLD_MD>
		<SIGNATURE_THRESHOLD_ML>0</SIGNATURE_THRESHOLD_ML>
		<SIGNATURE_THRESHOLD_SAM>0</SIGNATURE_THRESHOLD_SAM>
	</signature>
	<signature ID="20210719_105449964451_980">
		<MACROCLASSID>1</MACROCLASSID>
		<MACROCLASSINFO>waterbody</MACROCLASSINFO>
		<CLASSID>11</CLASSID>
		<CLASSINFO>C 1</CLASSINFO>
		<VALUES>[0.13882178935220174, 0.0022871388662798046, 0.11914927903378376, 0.003708750911362097, 0.09030152704660356, 0.005282222637663761, 0.07789346533745917, 0.009406016974709443, 0.023942125644478087, 0.009000702108569411, 0.012982007585464488, 0.00673675885141487]</VALUES>
		<LCS_MIN>[0.12980660796165466, 0.1092863604426384, 0.07892431318759918, 0.06454665958881378, 0.004916543606668711, 0.0]</LCS_MIN>
		<LCS_MAX>[0.1460290104150772, 0.128103569149971, 0.11064715683460236, 0.10816918313503265, 0.058533914387226105, 0.04294262453913689]</LCS_MAX>
		<WAVELENGTH>[0.485, 0.56, 0.66, 0.83, 1.65, 2.215]</WAVELENGTH>
		<MEAN_VALUE>[0.13882178935220174, 0.11914927903378376, 0.09030152704660356, 0.07789346533745917, 0.023942125644478087, 0.012982007585464488]</MEAN_VALUE>
		<CHECKBOX>2</CHECKBOX>
		<SD>[0.0022871388662798046, 0.003708750911362097, 0.005282222637663761, 0.009406016974709443, 0.009000702108569411, 0.00673675885141487]</SD>
		<WAVELENGTH_UNIT>E-6m</WAVELENGTH_UNIT>
		<COLOR>#d7d28b</COLOR>
		<COVARIANCE_MATRIX>[[5.234991239526979e-06, 3.654223323241721e-06, 5.93081064749348e-06, 5.825641750972357e-06, 3.771139258594959e-06, 2.224671005298937e-06], [3.654223323241721e-06, 1.3765317189390609e-05, 1.4068463277869837e-05, 1.3878710419844507e-05, 7.828541438568392e-06, 4.365446317554882e-06], [5.93081064749348e-06, 1.4068463277869837e-05, 2.7923142667622867e-05, 3.0698059161715386e-05, 2.05897761713432e-05, 1.2920291110666094e-05], [5.825641750972357e-06, 1.3878710419844507e-05, 3.0698059161715386e-05, 8.854058913593681e-05, 7.051544652998924e-05, 4.5699505923133794e-05], [3.771139258594959e-06, 7.828541438568392e-06, 2.05897761713432e-05, 7.051544652998924e-05, 8.107438588504675e-05, 4.969970672958809e-05], [2.224671005298937e-06, 4.365446317554882e-06, 1.2920291110666094e-05, 4.5699505923133794e-05, 4.969970672958809e-05, 4.5418511224420094e-05]]</COVARIANCE_MATRIX>
		<ROI_SIZE>1313</ROI_SIZE>
		<MAX_VALUE>[0.1460290104150772, 0.128103569149971, 0.11064715683460236, 0.10816918313503265, 0.058533914387226105, 0.04294262453913689]</MAX_VALUE>
		<MIN_VALUE>[0.12980660796165466, 0.1092863604426384, 0.07892431318759918, 0.06454665958881378, 0.004916543606668711, 0.0]</MIN_VALUE>
		<SIGNATURE_THRESHOLD_MD>0</SIGNATURE_THRESHOLD_MD>
		<SIGNATURE_THRESHOLD_ML>0</SIGNATURE_THRESHOLD_ML>
		<SIGNATURE_THRESHOLD_SAM>0</SIGNATURE_THRESHOLD_SAM>
	</signature>
	<signature ID="20210719_105458693700_606">
		<MACROCLASSID>1</MACROCLASSID>
		<MACROCLASSINFO>waterbody</MACROCLASSINFO>
		<CLASSID>12</CLASSID>
		<CLASSINFO>C 1</CLASSINFO>
		<VALUES>[0.14627762618421142, 0.0030083629780220692, 0.13009343356236647, 0.005098565310057428, 0.1007292053137702, 0.00648529464173793, 0.09344601185842492, 0.012039154571811204, 0.03664088913978174, 0.011733090310939505, 0.022165014590511387, 0.008107238523848061]</VALUES>
		<LCS_MIN>[0.14062152802944183, 0.12057669460773468, 0.0884411633014679, 0.0724780261516571, 0.015129377134144306, 0.00627625547349453]</LCS_MIN>
		<LCS_MAX>[0.1532389521598816, 0.14315733313560486, 0.11699170619249344, 0.12403193861246109, 0.061087124049663544, 0.04294262453913689]</LCS_MAX>
		<WAVELENGTH>[0.485, 0.56, 0.66, 0.83, 1.65, 2.215]</WAVELENGTH>
		<MEAN_VALUE>[0.14627762618421142, 0.13009343356236647, 0.1007292053137702, 0.09344601185842492, 0.03664088913978174, 0.022165014590511387]</MEAN_VALUE>
		<CHECKBOX>2</CHECKBOX>
		<SD>[0.0030083629780220692, 0.005098565310057428, 0.00648529464173793, 0.012039154571811204, 0.011733090310939505, 0.008107238523848061]</SD>
		<WAVELENGTH_UNIT>E-6m</WAVELENGTH_UNIT>
		<COLOR>#52334a</COLOR>
		<COVARIANCE_MATRIX>[[9.155483247156442e-06, 1.0148140669884202e-05, 1.2268265806957543e-05, -4.193147071774878e-06, 2.620188352004441e-07, 9.990455828507987e-07], [1.0148140669884202e-05, 2.629763994442014e-05, 2.760005213351197e-05, -3.50873368927162e-06, 3.065539664404266e-06, 3.155627944563405e-06], [1.2268265806957543e-05, 2.760005213351197e-05, 4.254810527143537e-05, 1.2603807409048568e-05, 2.2761299215275808e-05, 1.1180773619000071e-05], [-4.193147071774878e-06, -3.50873368927162e-06, 1.2603807409048568e-05, 0.00014662660609238086, 0.0001231942254491845, 6.520782828379795e-05], [2.620188352004441e-07, 3.065539664404266e-06, 2.2761299215275808e-05, 0.0001231942254491845, 0.00013926616880564693, 7.072064529934318e-05], [9.990455828507987e-07, 3.155627944563405e-06, 1.1180773619000071e-05, 6.520782828379795e-05, 7.072064529934318e-05, 6.649158760445642e-05]]</COVARIANCE_MATRIX>
		<ROI_SIZE>87</ROI_SIZE>
		<MAX_VALUE>[0.1532389521598816, 0.14315733313560486, 0.11699170619249344, 0.12403193861246109, 0.061087124049663544, 0.04294262453913689]</MAX_VALUE>
		<MIN_VALUE>[0.14062152802944183, 0.12057669460773468, 0.0884411633014679, 0.0724780261516571, 0.015129377134144306, 0.00627625547349453]</MIN_VALUE>
		<SIGNATURE_THRESHOLD_MD>0</SIGNATURE_THRESHOLD_MD>
		<SIGNATURE_THRESHOLD_ML>0</SIGNATURE_THRESHOLD_ML>
		<SIGNATURE_THRESHOLD_SAM>0</SIGNATURE_THRESHOLD_SAM>
	</signature>
	<signature ID="20210719_105503374901_830">
		<MACROCLASSID>1</MACROCLASSID>
		<MACROCLASSINFO>waterbody</MACROCLASSINFO>
		<CLASSID>13</CLASSID>
		<CLASSINFO>C 1</CLASSINFO>
		<VALUES>[0.15100092460231712, 0.003161011023238125, 0.13834460522827152, 0.004725390474375416, 0.11304110152903092, 0.005967193985909592, 0.09861616283433589, 0.01378218943124102, 0.041885859135635264, 0.014359947289164428, 0.02589071703361533, 0.01053612474657826]</VALUES>
		<LCS_MIN>[0.14062152802944183, 0.12057669460773468, 0.09478573501110077, 0.07644370198249817, 0.01768258586525917, 0.00627625547349453]</LCS_MIN>
		<LCS_MAX>[0.15864641964435577, 0.14692077040672302, 0.12650857865810394, 0.13196329772472382, 0.07895958423614502, 0.06127580255270004]</LCS_MAX>
		<WAVELENGTH>[0.485, 0.56, 0.66, 0.83, 1.65, 2.215]</WAVELENGTH>
		<MEAN_VALUE>[0.15100092460231712, 0.13834460522827152, 0.11304110152903092, 0.09861616283433589, 0.041885859135635264, 0.02589071703361533]</MEAN_VALUE>
		<CHECKBOX>2</CHECKBOX>
		<SD>[0.003161011023238125, 0.004725390474375416, 0.005967193985909592, 0.01378218943124102, 0.014359947289164428, 0.01053612474657826]</SD>
		<WAVELENGTH_UNIT>E-6m</WAVELENGTH_UNIT>
		<COLOR>#ec43a7</COLOR>
		<COVARIANCE_MATRIX>[[1.002927423638016e-05, 1.002035944805865e-05, 1.156512512179842e-05, -1.0550911443439147e-05, -1.0369018541228105e-05, -4.766572854058972e-06], [1.002035944805865e-05, 2.2412633475375e-05, 2.1854887555618198e-05, -1.7690637789512296e-05, -1.7426196629081028e-05, -8.896952856574203e-06], [1.156512512179842e-05, 2.1854887555618198e-05, 3.5740267513480734e-05, 7.464206995117855e-06, 9.962716830011789e-06, 1.0853136447449267e-05], [-1.0550911443439147e-05, -1.7690637789512296e-05, 7.464206995117855e-06, 0.0001906575094944277, 0.00016966358707414341, 0.00010392489039140614], [-1.0369018541228105e-05, -1.7426196629081028e-05, 9.962716830011789e-06, 0.00016966358707414341, 0.00020697751930484794, 0.00012851086951778666], [-4.766572854058972e-06, -8.896952856574203e-06, 1.0853136447449267e-05, 0.00010392489039140614, 0.00012851086951778666, 0.00011142414081230742]]</COVARIANCE_MATRIX>
		<ROI_SIZE>269</ROI_SIZE>
		<MAX_VALUE>[0.15864641964435577, 0.14692077040672302, 0.12650857865810394, 0.13196329772472382, 0.07895958423614502, 0.06127580255270004]</MAX_VALUE>
		<MIN_VALUE>[0.14062152802944183, 0.12057669460773468, 0.09478573501110077, 0.07644370198249817, 0.01768258586525917, 0.00627625547349453]</MIN_VALUE>
		<SIGNATURE_THRESHOLD_MD>0</SIGNATURE_THRESHOLD_MD>
		<SIGNATURE_THRESHOLD_ML>0</SIGNATURE_THRESHOLD_ML>
		<SIGNATURE_THRESHOLD_SAM>0</SIGNATURE_THRESHOLD_SAM>
	</signature>
	<signature ID="20210719_105508921650_801">
		<MACROCLASSID>1</MACROCLASSID>
		<MACROCLASSINFO>waterbody</MACROCLASSINFO>
		<CLASSID>14</CLASSID>
		<CLASSINFO>C 1</CLASSINFO>
		<VALUES>[0.14892012714454445, 0.0033561709510823963, 0.14123835008923372, 0.006998202230084941, 0.11763559842463767, 0.009007703442826613, 0.1115066457429145, 0.011648840481233953, 0.03461970815822333, 0.01024893521971915, 0.019599579145560164, 0.007656905223035459]</VALUES>
		<LCS_MIN>[0.14062152802944183, 0.12057669460773468, 0.09795800596475601, 0.09230645000934601, 0.01768258586525917, 0.00627625547349453]</LCS_MIN>
		<LCS_MAX>[0.15684393048286438, 0.15444764494895935, 0.1391977220773697, 0.13989467918872833, 0.06619354337453842, 0.05394253134727478]</LCS_MAX>
		<WAVELENGTH>[0.485, 0.56, 0.66, 0.83, 1.65, 2.215]</WAVELENGTH>
		<MEAN_VALUE>[0.14892012714454445, 0.14123835008923372, 0.11763559842463767, 0.1115066457429145, 0.03461970815822333, 0.019599579145560164]</MEAN_VALUE>
		<CHECKBOX>2</CHECKBOX>
		<SD>[0.0033561709510823963, 0.006998202230084941, 0.009007703442826613, 0.011648840481233953, 0.01024893521971915, 0.007656905223035459]</SD>
		<WAVELENGTH_UNIT>E-6m</WAVELENGTH_UNIT>
		<COLOR>#d0b9d6</COLOR>
		<COVARIANCE_MATRIX>[[1.1319922674047994e-05, 1.364163622992791e-05, 1.935125686158943e-05, 1.2529678956235668e-05, 1.303387805885011e-07, 8.776860802183322e-07], [1.364163622992791e-05, 4.9218490345967676e-05, 5.624293647918313e-05, 1.4752592734948682e-05, -9.548265802706238e-06, -6.846907288239218e-06], [1.935125686158943e-05, 5.624293647918313e-05, 8.154239654432789e-05, 4.409328910185275e-05, 4.47366845261151e-06, 3.2996712374914855e-06], [1.2529678956235668e-05, 1.4752592734948682e-05, 4.409328910185275e-05, 0.00013637058647045504, 8.353445158301178e-05, 5.4999927301656095e-05], [1.303387805885011e-07, -9.548265802706238e-06, 4.47366845261151e-06, 8.353445158301178e-05, 0.00010556326355162152, 6.366370471091884e-05], [8.776860802183322e-07, -6.846907288239218e-06, 3.2996712374914855e-06, 5.4999927301656095e-05, 6.366370471091884e-05, 5.891988016964495e-05]]</COVARIANCE_MATRIX>
		<ROI_SIZE>202</ROI_SIZE>
		<MAX_VALUE>[0.15684393048286438, 0.15444764494895935, 0.1391977220773697, 0.13989467918872833, 0.06619354337453842, 0.05394253134727478]</MAX_VALUE>
		<MIN_VALUE>[0.14062152802944183, 0.12057669460773468, 0.09795800596475601, 0.09230645000934601, 0.01768258586525917, 0.00627625547349453]</MIN_VALUE>
		<SIGNATURE_THRESHOLD_MD>0</SIGNATURE_THRESHOLD_MD>
		<SIGNATURE_THRESHOLD_ML>0</SIGNATURE_THRESHOLD_ML>
		<SIGNATURE_THRESHOLD_SAM>0</SIGNATURE_THRESHOLD_SAM>
	</signature>
	<signature ID="20210719_105513906884_351">
		<MACROCLASSID>1</MACROCLASSID>
		<MACROCLASSINFO>waterbody</MACROCLASSINFO>
		<CLASSID>15</CLASSID>
		<CLASSINFO>C 1</CLASSINFO>
		<VALUES>[0.1568246572253538, 0.002820814423784157, 0.15006032721562815, 0.006016095929929592, 0.1331584967951724, 0.008010103302979342, 0.12203848338063389, 0.017646540415545427, 0.04242276219043502, 0.01514302736663956, 0.02419767785757621, 0.01002050401710324]</VALUES>
		<LCS_MIN>[0.1478314995765686, 0.13563044369220734, 0.11699170619249344, 0.09627212584018707, 0.02023579180240631, 0.00994289293885231]</LCS_MIN>
		<LCS_MAX>[0.16405390202999115, 0.169501394033432, 0.16140368580818176, 0.1636887788772583, 0.07640636712312698, 0.05394253134727478]</LCS_MAX>
		<WAVELENGTH>[0.485, 0.56, 0.66, 0.83, 1.65, 2.215]</WAVELENGTH>
		<MEAN_VALUE>[0.1568246572253538, 0.15006032721562815, 0.1331584967951724, 0.12203848338063389, 0.04242276219043502, 0.02419767785757621]</MEAN_VALUE>
		<CHECKBOX>2</CHECKBOX>
		<SD>[0.002820814423784157, 0.006016095929929592, 0.008010103302979342, 0.017646540415545427, 0.01514302736663956, 0.01002050401710324]</SD>
		<WAVELENGTH_UNIT>E-6m</WAVELENGTH_UNIT>
		<COLOR>#02fc9f</COLOR>
		<COVARIANCE_MATRIX>[[7.999773551135344e-06, 9.215010622631995e-06, 1.1841585182648165e-05, -7.609469118157786e-06, -9.516510974603165e-06, -4.520618342775691e-06], [9.215010622631995e-06, 3.6387998465202034e-05, 4.3132319798956054e-05, -1.0237244539862498e-05, -2.632693842479795e-05, -1.7024997524346983e-05], [1.1841585182648165e-05, 4.3132319798956054e-05, 6.450671059603679e-05, 7.984281577163457e-06, -1.7218720747305134e-05, -1.1505203155298517e-05], [-7.609469118157786e-06, -1.0237244539862498e-05, 7.984281577163457e-06, 0.00031307458427531427, 0.00022731908519256293, 0.00013371557564970395], [-9.516510974603165e-06, -2.632693842479795e-05, -1.7218720747305134e-05, 0.00022731908519256293, 0.00023054413415919692, 0.00013742989118675878], [-4.520618342775691e-06, -1.7024997524346983e-05, -1.1505203155298517e-05, 0.00013371557564970395, 0.00013742989118675878, 0.00010095034215870041]]</COVARIANCE_MATRIX>
		<ROI_SIZE>187</ROI_SIZE>
		<MAX_VALUE>[0.16405390202999115, 0.169501394033432, 0.16140368580818176, 0.1636887788772583, 0.07640636712312698, 0.05394253134727478]</MAX_VALUE>
		<MIN_VALUE>[0.1478314995765686, 0.13563044369220734, 0.11699170619249344, 0.09627212584018707, 0.02023579180240631, 0.00994289293885231]</MIN_VALUE>
		<SIGNATURE_THRESHOLD_MD>0</SIGNATURE_THRESHOLD_MD>
		<SIGNATURE_THRESHOLD_ML>0</SIGNATURE_THRESHOLD_ML>
		<SIGNATURE_THRESHOLD_SAM>0</SIGNATURE_THRESHOLD_SAM>
	</signature>
	<signature ID="20210719_105522827648_694">
		<MACROCLASSID>1</MACROCLASSID>
		<MACROCLASSINFO>waterbody</MACROCLASSINFO>
		<CLASSID>16</CLASSID>
		<CLASSINFO>C 1</CLASSINFO>
		<VALUES>[0.12761100471404965, 0.003344780064801038, 0.11008934255220751, 0.005741783757862623, 0.07839415233664357, 0.004773289569408881, 0.03918158142453937, 0.006543228331792518, 0.00842418560837749, 0.0044458805637877935, 0.005200195291162489, 0.003775295118678028]</VALUES>
		<LCS_MIN>[0.1153867095708847, 0.08670571446418762, 0.0630628913640976, 0.028855495154857635, 0.0, 0.0]</LCS_MIN>
		<LCS_MAX>[0.13701654970645905, 0.12434013187885284, 0.10113030672073364, 0.0724780261516571, 0.04576787352561951, 0.035609349608421326]</LCS_MAX>
		<WAVELENGTH>[0.485, 0.56, 0.66, 0.83, 1.65, 2.215]</WAVELENGTH>
