<?xml version="1.0" ?>
<signaturelist MCID_LIST="[['1', 'waterbody', '#000000'], ['2', 'vegetation', '#000000'], ['3', 'bareland', '#000000'], ['4', 'built-up', '#000000']]">
	<signature ID="20210719_105353120083_405">
		<MACROCLASSID>1</MACROCLASSID>
		<MACROCLASSINFO>waterbody</MACROCLASSINFO>
		<CLASSID>1</CLASSID>
		<CLASSINFO>C 1</CLASSINFO>
		<VALUES>[0.12334234059815927, 0.0019934245177900063, 0.08782294897897411, 0.0024080036863535557, 0.05571166946131601, 0.0018784189999954835, 0.0361697625829885, 0.0016556453930966421, 0.009692863090902821, 0.002430738114691195, 0.0065869428529388785, 0.002901698025179266]</VALUES>
		<LCS_MIN>[0.1171891838312149, 0.0791788324713707, 0.05037374794483185, 0.0328211784362793, 0.0, 0.0]</LCS_MIN>
		<LCS_MAX>[0.13160909712314606, 0.09423260390758514, 0.0630628913640976, 0.04075254872441292, 0.02023579180240631, 0.017276166006922722]</LCS_MAX>
		<WAVELENGTH>[0.485, 0.56, 0.66, 0.83, 1.65, 2.215]</WAVELENGTH>
		<MEAN_VALUE>[0.12334234059815927, 0.08782294897897411, 0.05571166946131601, 0.0361697625829885, 0.009692863090902821, 0.0065869428529388785]</MEAN_VALUE>
		<CHECKBOX>2</CHECKBOX>
		<SD>[0.0019934245177900063, 0.0024080036863535557, 0.0018784189999954835, 0.0016556453930966421, 0.002430738114691195, 0.002901698025179266]</SD>
		<WAVELENGTH_UNIT>E-6m</WAVELENGTH_UNIT>
		<COLOR>#100eaa</COLOR>
		<COVARIANCE_MATRIX>[[3.939197995350696e-06, 2.2250520714806044e-07, 1.0862323307492261e-07, 1.0833649355390662e-07, -7.821258662943364e-08, -1.415714621089137e-07], [2.2250520714806044e-07, 5.7246033975388855e-06, 1.7931964180206705e-07, 1.3489902528363018e-07, -1.5218569160424522e-07, -9.443554205290638e-08], [1.0862323307492261e-07, 1.7931964180206705e-07, 3.553253918653354e-06, 2.3417884165155556e-07, -2.7096038479612616e-07, -1.9325500488776015e-07], [1.0833649355390662e-07, 1.3489902528363018e-07, 2.3417884165155556e-07, 2.629506980156293e-06, -4.5274095583636154e-08, -1.4973709383525602e-08], [-7.821258662943364e-08, -1.5218569160424522e-07, -2.7096038479612616e-07, -4.5274095583636154e-08, 5.963394869468175e-06, 7.150687224566354e-07], [-1.415714621089137e-07, -9.443554205290638e-08, -1.9325500488776015e-07, -1.4973709383525602e-08, 7.150687224566354e-07, 8.51527238410199e-06]]</COVARIANCE_MATRIX>
		<ROI_SIZE>10201</ROI_SIZE>
		<MAX_VALUE>[0.13160909712314606, 0.09423260390758514, 0.0630628913640976, 0.04075254872441292, 0.02023579180240631, 0.017276166006922722]</MAX_VALUE>
		<MIN_VALUE>[0.1171891838312149, 0.0791788324713707, 0.05037374794483185, 0.0328211784362793, 0.0, 0.0]</MIN_VALUE>
		<SIGNATURE_THRESHOLD_MD>0.0</SIGNATURE_THRESHOLD_MD>
		<SIGNATURE_THRESHOLD_ML>0.0</SIGNATURE_THRESHOLD_ML>
		<SIGNATURE_THRESHOLD_SAM>0.0</SIGNATURE_THRESHOLD_SAM>
	</signature>
	<signature ID="20210719_105358034208_881">
		<MACROCLASSID>1</MACROCLASSID>
		<MACROCLASSINFO>waterbody</MACROCLASSINFO>
		<CLASSID>2</CLASSID>
		<CLASSINFO>C 1</CLASSINFO>
		<VALUES>[0.12102249440970625, 0.002586732003536377, 0.09477700440289397, 0.0036029662967321436, 0.061174094342030284, 0.004337187586172303, 0.03619260593697988, 0.005680034074266334, 0.007604830713242973, 0.0037610529231892347, 0.004573536334609573, 0.0037375646756274746]</VALUES>
		<LCS_MIN>[0.11178172379732132, 0.08670571446418762, 0.05354603752493858, 0.028855495154857635, 0.0, 0.0]</LCS_MIN>
		<LCS_MAX>[0.13701654970645905, 0.12434013187885284, 0.09795800596475601, 0.0724780261516571, 0.04576787352561951, 0.039275988936424255]</LCS_MAX>
		<WAVELENGTH>[0.485, 0.56, 0.66, 0.83, 1.65, 2.215]</WAVELENGTH>
		<MEAN_VALUE>[0.12102249440970625, 0.09477700440289397, 0.061174094342030284, 0.03619260593697988, 0.007604830713242973, 0.004573536334609573]</MEAN_VALUE>
		<CHECKBOX>2</CHECKBOX>
		<SD>[0.002586732003536377, 0.0036029662967321436, 0.004337187586172303, 0.005680034074266334, 0.0037610529231892347, 0.0037375646756274746]</SD>
		<WAVELENGTH_UNIT>E-6m</WAVELENGTH_UNIT>
		<COLOR>#780c13</COLOR>
		<COVARIANCE_MATRIX>[[5.910268100706162e-06, 3.582467570595327e-06, 4.029546289530117e-06, 8.017440791263652e-07, 1.1250492661929457e-06, 1.2791930430466891e-06], [3.582467570595327e-06, 1.0219131581834517e-05, 8.000546586117707e-06, 3.179803798047942e-06, 2.728035951804486e-06, 2.5354656827403232e-06], [4.029546289530117e-06, 8.000546586117707e-06, 1.3964454410597682e-05, 7.0408950705314055e-06, 4.523913958109915e-06, 3.866378392558545e-06], [8.017440791263652e-07, 3.179803798047942e-06, 7.0408950705314055e-06, 2.4162916815839708e-05, 9.407995094079524e-06, 5.730621523980517e-06], [1.1250492661929457e-06, 2.728035951804486e-06, 4.523913958109915e-06, 9.407995094079524e-06, 1.1963228644162882e-05, 5.640042218146846e-06], [1.2791930430466891e-06, 2.5354656827403232e-06, 3.866378392558545e-06, 5.730621523980517e-06, 5.640042218146846e-06, 1.2251816770003643e-05]]</COVARIANCE_MATRIX>
		<ROI_SIZE>8822</ROI_SIZE>
		<MAX_VALUE>[0.13701654970645905, 0.12434013187885284, 0.09795800596475601, 0.0724780261516571, 0.04576787352561951, 0.039275988936424255]</MAX_VALUE>
		<MIN_VALUE>[0.11178172379732132, 0.08670571446418762, 0.05354603752493858, 0.028855495154857635, 0.0, 0.0]</MIN_VALUE>
		<SIGNATURE_THRESHOLD_MD>0.0</SIGNATURE_THRESHOLD_MD>
		<SIGNATURE_THRESHOLD_ML>0.0</SIGNATURE_THRESHOLD_ML>
		<SIGNATURE_THRESHOLD_SAM>0.0</SIGNATURE_THRESHOLD_SAM>
	</signature>
	<signature ID="20210719_105402648352_557">
		<MACROCLASSID>1</MACROCLASSID>
		<MACROCLASSINFO>waterbody</MACROCLASSINFO>
		<CLASSID>3</CLASSID>
		<CLASSINFO>C 1</CLASSINFO>
		<VALUES>[0.11253340956237581, 0.002204378295218884, 0.09089818097984292, 0.0025007799293627897, 0.06287520669110408, 0.002580540743530956, 0.05789712698751198, 0.01075980876927965, 0.016518351357513512, 0.008596423577929523, 0.008392925920169183, 0.005438478248134825]</VALUES>
		<LCS_MIN>[0.10637427121400833, 0.08294227719306946, 0.05671831965446472, 0.04075254872441292, 0.0023633355740457773, 0.0]</LCS_MIN>
		<LCS_MAX>[0.1189916729927063, 0.09799604117870331, 0.07257974147796631, 0.09230645000934601, 0.053427498787641525, 0.035609349608421326]</LCS_MAX>
		<WAVELENGTH>[0.485, 0.56, 0.66, 0.83, 1.65, 2.215]</WAVELENGTH>
		<MEAN_VALUE>[0.11253340956237581, 0.09089818097984292, 0.06287520669110408, 0.05789712698751198, 0.016518351357513512, 0.008392925920169183]</MEAN_VALUE>
		<CHECKBOX>2</CHECKBOX>
		<SD>[0.002204378295218884, 0.0025007799293627897, 0.002580540743530956, 0.01075980876927965, 0.008596423577929523, 0.005438478248134825]</SD>
		<WAVELENGTH_UNIT>E-6m</WAVELENGTH_UNIT>
		<COLOR>#144185</COLOR>
		<COVARIANCE_MATRIX>[[4.947231900587212e-06, 1.1923522151846555e-06, 9.662620641393005e-07, -1.461195211049926e-06, -7.692958661209559e-07, -1.5360107852302463e-07], [1.1923522151846555e-06, 5.53031077288324e-06, 1.9373035229364177e-06, -6.138557751000917e-07, -6.641288905484544e-07, 2.886736716334326e-08], [9.662620641393005e-07, 1.9373035229364177e-06, 5.5243735914700665e-06, 8.240876923082396e-06, 5.3862422646488994e-06, 3.4090460303559666e-06], [-1.461195211049926e-06, -6.138557751000917e-07, 8.240876923082396e-06, 0.00012179954501334578, 7.842856575734913e-05, 4.0378898120252416e-05], [-7.692958661209559e-07, -6.641288905484544e-07, 5.3862422646488994e-06, 7.842856575734913e-05, 7.638098031748086e-05, 3.5103199479635805e-05], [-1.5360107852302463e-07, 2.886736716334326e-08, 3.4090460303559666e-06, 4.0378898120252416e-05, 3.5103199479635805e-05, 2.7755375413107686e-05]]</COVARIANCE_MATRIX>
		<ROI_SIZE>1309</ROI_SIZE>
		<MAX_VALUE>[0.1189916729927063, 0.09799604117870331, 0.07257974147796631, 0.09230645000934601, 0.053427498787641525, 0.035609349608421326]</MAX_VALUE>
		<MIN_VALUE>[0.10637427121400833, 0.08294227719306946, 0.05671831965446472, 0.04075254872441292, 0.0023633355740457773, 0.0]</MIN_VALUE>
		<SIGNATURE_THRESHOLD_MD>0.0</SIGNATURE_THRESHOLD_MD>
		<SIGNATURE_THRESHOLD_ML>0.0</SIGNATURE_THRESHOLD_ML>
		<SIGNATURE_THRESHOLD_SAM>0.0</SIGNATURE_THRESHOLD_SAM>
	</signature>
	<signature ID="20210719_105409978442_208">
		<MACROCLASSID>1</MACROCLASSID>
		<MACROCLASSINFO>waterbody</MACROCLASSINFO>
		<CLASSID>4</CLASSID>
		<CLASSINFO>C 1</CLASSINFO>
		<VALUES>[0.1391340419781601, 0.0025312672194024864, 0.13567695069962782, 0.003335209863664234, 0.13091981416569803, 0.004826471200445573, 0.07145948099122049, 0.009221483448394126, 0.01219662205722603, 0.006136915629177028, 0.007518846538355141, 0.005219020097307321]</VALUES>
		<LCS_MIN>[0.12620162963867188, 0.10552292317152023, 0.09161345660686493, 0.05661529302597046, 0.0, 0.0]</LCS_MIN>
		<LCS_MAX>[0.1478314995765686, 0.15068422257900238, 0.14871454238891602, 0.10420349985361099, 0.048321083188056946, 0.04294262453913689]</LCS_MAX>
		<WAVELENGTH>[0.485, 0.56, 0.66, 0.83, 1.65, 2.215]</WAVELENGTH>
		<MEAN_VALUE>[0.1391340419781601, 0.13567695069962782, 0.13091981416569803, 0.07145948099122049, 0.01219662205722603, 0.007518846538355141]</MEAN_VALUE>
		<CHECKBOX>2</CHECKBOX>
		<SD>[0.0025312672194024864, 0.003335209863664234, 0.004826471200445573, 0.009221483448394126, 0.006136915629177028, 0.005219020097307321]</SD>
		<WAVELENGTH_UNIT>E-6m</WAVELENGTH_UNIT>
		<COLOR>#70f2d8</COLOR>
		<COVARIANCE_MATRIX>[[5.972867711534491e-06, 2.8106578611186706e-06, 4.2370838855276816e-06, 6.216724557361886e-08, 7.555728132047079e-08, 2.0930851007960882e-07], [2.8106578611186706e-06, 1.033099579217378e-05, 1.0144064617634285e-05, -1.722555680316873e-06, -4.850042842008406e-06, -3.640036993601825e-06], [4.2370838855276816e-06, 1.0144064617634285e-05, 2.5136305339401588e-05, 9.307455002272036e-06, -4.583901954902103e-06, -3.2838759125297656e-06], [6.216724557361886e-08, -1.722555680316873e-06, 9.307455002272036e-06, 7.761851156828925e-05, 3.2091593311633915e-05, 1.971123128896579e-05], [7.555728132047079e-08, -4.850042842008406e-06, -4.583901954902103e-06, 3.2091593311633915e-05, 2.983468039019499e-05, 1.7121590644819662e-05], [2.0930851007960882e-07, -3.640036993601825e-06, -3.2838759125297656e-06, 1.971123128896579e-05, 1.7121590644819662e-05, 2.1217147150309756e-05]]</COVARIANCE_MATRIX>
		<ROI_SIZE>4172</ROI_SIZE>
		<MAX_VALUE>[0.1478314995765686, 0.15068422257900238, 0.14871454238891602, 0.10420349985361099, 0.048321083188056946, 0.04294262453913689]</MAX_VALUE>
		<MIN_VALUE>[0.12620162963867188, 0.10552292317152023, 0.09161345660686493, 0.05661529302597046, 0.0, 0.0]</MIN_VALUE>
		<SIGNATURE_THRESHOLD_MD>0.0</SIGNATURE_THRESHOLD_MD>
		<SIGNATURE_THRESHOLD_ML>0.0</SIGNATURE_THRESHOLD_ML>
		<SIGNATURE_THRESHOLD_SAM>0.0</SIGNATURE_THRESHOLD_SAM>
	</signature>
	<signature ID="20210719_105415025878_370">
		<MACROCLASSID>1</MACROCLASSID>
		<MACROCLASSINFO>waterbody</MACROCLASSINFO>
		<CLASSID>5</CLASSID>
		<CLASSINFO>C 1</CLASSINFO>
		<VALUES>[0.1324617690490391, 0.0021410549988652946, 0.11929216494638759, 0.0030757554973745607, 0.094747742403767, 0.0034539796474569793, 0.07784476128970078, 0.012420452879626016, 0.02864456238660092, 0.010152691060181457, 0.016880959640452248, 0.006382790069586924]</VALUES>
		<LCS_MIN>[0.12620162963867188, 0.1092863604426384, 0.0884411633014679, 0.05661529302597046, 0.0074697514064610004, 0.00627625547349453]</LCS_MIN>
		<LCS_MAX>[0.13701654970645905, 0.12434013187885284, 0.10430257767438889, 0.10420349985361099, 0.058533914387226105, 0.039275988936424255]</LCS_MAX>
		<WAVELENGTH>[0.485, 0.56, 0.66, 0.83, 1.65, 2.215]</WAVELENGTH>
		<MEAN_VALUE>[0.1324617690490391, 0.11929216494638759, 0.094747742403767, 0.07784476128970078, 0.02864456238660092, 0.016880959640452248]</MEAN_VALUE>
		<CHECKBOX>2</CHECKBOX>
		<SD>[0.0021410549988652946, 0.0030757554973745607, 0.0034539796474569793, 0.012420452879626016, 0.010152691060181457, 0.006382790069586924]</SD>
		<WAVELENGTH_UNIT>E-6m</WAVELENGTH_UNIT>
		<COLOR>#830640</COLOR>
		<COVARIANCE_MATRIX>[[4.611731583281653e-06, 1.8374472574578249e-06, 1.8926618849945953e-06, -2.4505961846443824e-06, -1.0307537650078302e-06, -1.2933444395457627e-06], [1.8374472574578249e-06, 9.517261787550524e-06, 5.920251624047523e-06, -1.2574647371366154e-05, -1.0029990335169714e-05, -4.002069545094855e-06], [1.8926618849945953e-06, 5.920251624047523e-06, 1.2001843060716055e-05, 4.3247408143543e-07, 1.6387732557632262e-06, 3.0679700557811884e-06], [-2.4505961846443824e-06, -1.2574647371366154e-05, 4.3247408143543e-07, 0.00015519697626587003, 9.659752686275169e-05, 5.6092078011715785e-05], [-1.0307537650078302e-06, -1.0029990335169714e-05, 1.6387732557632262e-06, 9.659752686275169e-05, 0.00010369808296673, 5.302783029037528e-05], [-1.2933444395457627e-06, -4.002069545094855e-06, 3.0679700557811884e-06, 5.6092078011715785e-05, 5.302783029037528e-05, 4.098542922292836e-05]]</COVARIANCE_MATRIX>
		<ROI_SIZE>167</ROI_SIZE>
		<MAX_VALUE>[0.13701654970645905, 0.12434013187885284, 0.10430257767438889, 0.10420349985361099, 0.058533914387226105, 0.039275988936424255]</MAX_VALUE>
		<MIN_VALUE>[0.12620162963867188, 0.1092863604426384, 0.0884411633014679, 0.05661529302597046, 0.0074697514064610004, 0.00627625547349453]</MIN_VALUE>
		<SIGNATURE_THRESHOLD_MD>0.0</SIGNATURE_THRESHOLD_MD>
		<SIGNATURE_THRESHOLD_ML>0.0</SIGNATURE_THRESHOLD_ML>
		<SIGNATURE_THRESHOLD_SAM>0.0</SIGNATURE_THRESHOLD_SAM>
	</signature>
	<signature ID="20210719_105420648848_908">
		<MACROCLASSID>1</MACROCLASSID>
		<MACROCLASSINFO>waterbody</MACROCLASSINFO>
		<CLASSID>6</CLASSID>
		<CLASSINFO>C 1</CLASSINFO>
		<VALUES>[0.13850354434256915, 0.002223521865607283, 0.13507969954306284, 0.0031909455033929364, 0.14065413379044905, 0.005016658070039195, 0.1188372812171064, 0.011916064739217065, 0.02872328687669011, 0.013625673188179132, 0.016518640017251864, 0.009065024699633733]</VALUES>
		<LCS_MIN>[0.13160909712314606, 0.11681324988603592, 0.1138194352388382, 0.10420349985361099, 0.0023633355740457773, 0.002609620103612542]</LCS_MIN>
		<LCS_MAX>[0.14422652125358582, 0.1393938958644867, 0.14871454238891602, 0.15972308814525604, 0.07895958423614502, 0.06127580255270004]</LCS_MAX>
		<WAVELENGTH>[0.485, 0.56, 0.66, 0.83, 1.65, 2.215]</WAVELENGTH>
		<MEAN_VALUE>[0.13850354434256915, 0.13507969954306284, 0.14065413379044905, 0.1188372812171064, 0.02872328687669011, 0.016518640017251864]</MEAN_VALUE>
		<CHECKBOX>2</CHECKBOX>
		<SD>[0.002223521865607283, 0.0031909455033929364, 0.005016658070039195, 0.011916064739217065, 0.013625673188179132, 0.009065024699633733]</SD>
		<WAVELENGTH_UNIT>E-6m</WAVELENGTH_UNIT>
		<COLOR>#f0aa0c</COLOR>
		<COVARIANCE_MATRIX>[[4.951153186993906e-06, 2.6914590307569597e-06, 4.584354428516235e-06, -1.1521265150804538e-05, -1.0946205293294042e-05, -5.49051810594392e-06], [2.6914590307569597e-06, 1.0196762559644412e-05, 1.1747077223844826e-05, -2.6367033569840714e-05, -2.6865100153372623e-05, -1.562464422022458e-05], [4.584354428516235e-06, 1.1747077223844826e-05, 2.5203016775776632e-05, -5.087837780592963e-05, -5.1550017815316096e-05, -3.0531082302331924e-05], [-1.1521265150804538e-05, -2.6367033569840714e-05, -5.087837780592963e-05, 0.0001421966153429821, 0.00013280675921123475, 7.720319990767166e-05], [-1.0946205293294042e-05, -2.6865100153372623e-05, -5.1550017815316096e-05, 0.00013280675921123475, 0.00018592571723274887, 0.00011039918172173202], [-5.49051810594392e-06, -1.562464422022458e-05, -3.0531082302331924e-05, 7.720319990767166e-05, 0.00011039918172173202, 8.229273953475058e-05]]</COVARIANCE_MATRIX>
		<ROI_SIZE>697</ROI_SIZE>
		<MAX_VALUE>[0.14422652125358582, 0.1393938958644867, 0.14871454238891602, 0.15972308814525604, 0.07895958423614502, 0.06127580255270004]</MAX_VALUE>
		<MIN_VALUE>[0.13160909712314606, 0.11681324988603592, 0.1138194352388382, 0.10420349985361099, 0.0023633355740457773, 0.002609620103612542]</MIN_VALUE>
		<SIGNATURE_THRESHOLD_MD>0.0</SIGNATURE_THRESHOLD_MD>
		<SIGNATURE_THRESHOLD_ML>0.0</SIGNATURE_THRESHOLD_ML>
		<SIGNATURE_THRESHOLD_SAM>0.0</SIGNATURE_THRESHOLD_SAM>
	</signature>
	<signature ID="20210719_105426013101_292">
		<MACROCLASSID>1</MACROCLASSID>
		<MACROCLASSINFO>waterbody</MACROCLASSINFO>
		<CLASSID>7</CLASSID>
		<CLASSINFO>C 1</CLASSINFO>
		<VALUES>[0.13416395059804923, 0.0021923825006636886, 0.12010876891297524, 0.0036421545574234345, 0.0953266561613626, 0.004834595656911829, 0.07765525300221172, 0.011250778622937897, 0.021968165394348833, 0.00813738492509153, 0.012534937861443341, 0.005653872817493632]</VALUES>
		<LCS_MIN>[0.12800411880016327, 0.1092863604426384, 0.08526886999607086, 0.06454665958881378, 0.010022959671914577, 0.002609620103612542]</LCS_MIN>
		<LCS_MAX>[0.14242401719093323, 0.13186700642108917, 0.1138194352388382, 0.10816918313503265, 0.053427498787641525, 0.035609349608421326]</LCS_MAX>
		<WAVELENGTH>[0.485, 0.56, 0.66, 0.83, 1.65, 2.215]</WAVELENGTH>
		<MEAN_VALUE>[0.13416395059804923, 0.12010876891297524, 0.0953266561613626, 0.07765525300221172, 0.021968165394348833, 0.012534937861443341]</MEAN_VALUE>
		<CHECKBOX>2</CHECKBOX>
		<SD>[0.0021923825006636886, 0.0036421545574234345, 0.004834595656911829, 0.011250778622937897, 0.00813738492509153, 0.005653872817493632]</SD>
		<WAVELENGTH_UNIT>E-6m</WAVELENGTH_UNIT>
		<COLOR>#7faee4</COLOR>
		<COVARIANCE_MATRIX>[[4.815093689103378e-06, 3.877222752635134e-06, 5.646044883178547e-06, 3.6529654607875273e-06, 2.5835842620836047e-07, 2.5721095653352677e-07], [3.877222752635134e-06, 1.3288893569551874e-05, 1.1809876923507545e-05, 6.914850928296801e-06, -1.171263193100458e-06, -1.1666712680380442e-06], [5.646044883178547e-06, 1.1809876923507545e-05, 2.3414904717355967e-05, 2.1258201741147786e-05, 7.160746918088989e-06, 5.818593763251556e-06], [3.6529654607875273e-06, 6.914850928296801e-06, 2.1258201741147786e-05, 0.00012680524378083646, 7.558413199149072e-05, 4.588369483826682e-05], [2.5835842620836047e-07, -1.171263193100458e-06, 7.160746918088989e-06, 7.558413199149072e-05, 6.6334854636807e-05, 3.747929076780565e-05], [2.5721095653352677e-07, -1.1666712680380442e-06, 5.818593763251556e-06, 4.588369483826682e-05, 3.747929076780565e-05, 3.2023155654314905e-05]]</COVARIANCE_MATRIX>
		<ROI_SIZE>563</ROI_SIZE>
		<MAX_VALUE>[0.14242401719093323, 0.13186700642108917, 0.1138194352388382, 0.10816918313503265, 0.053427498787641525, 0.035609349608421326]</MAX_VALUE>
		<MIN_VALUE>[0.12800411880016327, 0.1092863604426384, 0.08526886999607086, 0.06454665958881378, 0.010022959671914577, 0.002609620103612542]</MIN_VALUE>
		<SIGNATURE_THRESHOLD_MD>0.0</SIGNATURE_THRESHOLD_MD>
		<SIGNATURE_THRESHOLD_ML>0.0</SIGNATURE_THRESHOLD_ML>
		<SIGNATURE_THRESHOLD_SAM>0.0</SIGNATURE_THRESHOLD_SAM>
	</signature>
	<signature ID="20210719_105434252297_613">
		<MACROCLASSID>1</MACROCLASSID>
		<MACROCLASSINFO>waterbody</MACROCLASSINFO>
		<CLASSID>8</CLASSID>
		<CLASSINFO>C 1</CLASSINFO>
		<VALUES>[0.15000592544674882, 0.002564069129076212, 0.1364219656421079, 0.0029596687806397338, 0.13751505631657815, 0.003608671136179298, 0.1288526553226999, 0.005314763287775395, 0.025902834279886485, 0.008057676798374344, 0.014962693164802622, 0.007252849734168537]</VALUES>
		<LCS_MIN>[0.14062152802944183, 0.128103569149971, 0.11699170619249344, 0.11610056459903717, 0.012576168403029442, 0.002609620103612542]</LCS_MIN>
		<LCS_MAX>[0.15684393048286438, 0.14315733313560486, 0.14871454238891602, 0.1636887788772583, 0.058533914387226105, 0.04294262453913689]</LCS_MAX>
		<WAVELENGTH>[0.485, 0.56, 0.66, 0.83, 1.65, 2.215]</WAVELENGTH>
		<MEAN_VALUE>[0.15000592544674882, 0.1364219656421079, 0.13751505631657815, 0.1288526553226999, 0.025902834279886485, 0.014962693164802622]</MEAN_VALUE>
		<CHECKBOX>2</CHECKBOX>
		<SD>[0.002564069129076212, 0.0029596687806397338, 0.003608671136179298, 0.005314763287775395, 0.008057676798374344, 0.007252849734168537]</SD>
		<WAVELENGTH_UNIT>E-6m</WAVELENGTH_UNIT>
		<COLOR>#adc7c9</COLOR>
		<COVARIANCE_MATRIX>[[6.956732249818742e-06, 3.2163816285901703e-06, 4.97493238071911e-06, -1.4513423138851067e-06, 1.0137406434296281e-06, 2.0818147277168464e-06], [3.2163816285901703e-06, 8.996606084110681e-06, 7.404563802992925e-06, -3.0863700430927565e-06, -1.4103535477261175e-06, 6.999850938882446e-07], [4.97493238071911e-06, 7.404563802992925e-06, 1.5871644791332074e-05, -7.1578342613065615e-06, -6.430150278902147e-06, -2.6127763703698292e-06], [-1.4513423138851067e-06, -3.0863700430927565e-06, -7.1578342613065615e-06, 2.83996469079284e-05, 2.9621003704960458e-05, 2.1377592929638922e-05], [1.0137406434296281e-06, -1.4103535477261175e-06, -6.430150278902147e-06, 2.9621003704960458e-05, 6.116589793236926e-05, 4.396995063871145e-05], [2.0818147277168464e-06, 6.999850938882446e-07, -2.6127763703698292e-06, 2.1377592929638922e-05, 4.396995063871145e-05, 4.646212619263679e-05]]</COVARIANCE_MATRIX>
		<ROI_SIZE>1220</ROI_SIZE>
		<MAX_VALUE>[0.15684393048286438, 0.14315733313560486, 0.14871454238891602, 0.1636887788772583, 0.058533914387226105, 0.04294262453913689]</MAX_VALUE>
		<MIN_VALUE>[0.14062152802944183, 0.128103569149971, 0.11699170619249344, 0.11610056459903717, 0.012576168403029442, 0.002609620103612542]</MIN_VALUE>
		<SIGNATURE_THRESHOLD_MD>0.0</SIGNATURE_THRESHOLD_MD>
		<SIGNATURE_THRESHOLD_ML>0.0</SIGNATURE_THRESHOLD_ML>
		<SIGNATURE_THRESHOLD_SAM>0.0</SIGNATURE_THRESHOLD_SAM>
	</signature>
	<signature ID="20210719_105438809617_474">
		<MACROCLASSID>1</MACROCLASSID>
		<MACROCLASSINFO>waterbody</MACROCLASSINFO>
		<CLASSID>9</CLASSID>
		<CLASSINFO>C 1</CLASSINFO>
		<VALUES>[0.15041274836657115, 0.002284218405419726, 0.13606798763548622, 0.0024438525182920285, 0.13615749983551562, 0.0031419789727499922, 0.12687613892911098, 0.004506923943444693, 0.02246007247691136, 0.006950146925311328, 0.012020427875772413, 0.006015748568093336]</VALUES>
		<LCS_MIN>[0.14242401719093323, 0.128103569149971, 0.12016400694847107, 0.11610056459903717, 0.010022959671914577, 0.0]</LCS_MIN>
		<LCS_MAX>[0.15864641964435577, 0.14315733313560486, 0.14554226398468018, 0.15972308814525604, 0.053427498787641525, 0.04294262453913689]</LCS_MAX>
		<WAVELENGTH>[0.485, 0.56, 0.66, 0.83, 1.65, 2.215]</WAVELENGTH>
		<MEAN_VALUE>[0.15041274836657115, 0.13606798763548622, 0.13615749983551562, 0.12687613892911098, 0.02246007247691136, 0.012020427875772413]</MEAN_VALUE>
		<CHECKBOX>2</CHECKBOX>
		<SD>[0.002284218405419726, 0.0024438525182920285, 0.0031419789727499922, 0.004506923943444693, 0.006950146925311328, 0.006015748568093336]</SD>
		<WAVELENGTH_UNIT>E-6m</WAVELENGTH_UNIT>
		<COLOR>#23e86f</COLOR>
		<COVARIANCE_MATRIX>[[5.2217556003597565e-06, 1.2428869240466156e-06, 2.149198962797527e-06, -5.027364409215807e-07, -1.0063299669127446e-06, -8.70988515089266e-07], [1.2428869240466156e-06, 5.9771105043182615e-06, 3.2084176382340956e-06, -9.051682354765944e-07, -1.6689557469362626e-06, -1.8178589016315527e-06], [2.149198962797527e-06, 3.2084176382340956e-06, 9.879792742140125e-06, -2.8286972337809857e-06, -5.477168997458648e-06, -3.6762999116035644e-06], [-5.027364409215807e-07, -9.051682354765944e-07, -2.8286972337809857e-06, 2.032833253906574e-05, 2.125038008671254e-05, 1.5961248209350742e-05], [-1.0063299669127446e-06, -1.6689557469362626e-06, -5.477168997458648e-06, 2.125038008671254e-05, 4.834251740248874e-05, 3.2422543881693855e-05], [-8.70988515089266e-07, -1.8178589016315527e-06, -3.6762999116035644e-06, 1.5961248209350742e-05, 3.2422543881693855e-05, 3.621767973527312e-05]]</COVARIANCE_MATRIX>
		<ROI_SIZE>1273</ROI_SIZE>
		<MAX_VALUE>[0.15864641964435577, 0.14315733313560486, 0.14554226398468018, 0.15972308814525604, 0.053427498787641525, 0.04294262453913689]</MAX_VALUE>
		<MIN_VALUE>[0.14242401719093323, 0.128103569149971, 0.12016400694847107, 0.11610056459903717, 0.010022959671914577, 0.0]</MIN_VALUE>
		<SIGNATURE_THRESHOLD_MD>0.0</SIGNATURE_THRESHOLD_MD>
		<SIGNATURE_THRESHOLD_ML>0.0</SIGNATURE_THRESHOLD_ML>
		<SIGNATURE_THRESHOLD_SAM>0.0</SIGNATURE_THRESHOLD_SAM>
	</signature>
	<signature ID="20210719_105444312838_717">
		<MACROCLASSID>1</MACROCLASSID>
		<MACROCLASSINFO>waterbody</MACROCLASSINFO>
		<CLASSID>10</CLASSID>
		<CLASSINFO>C 1</CLASSINFO>
		<VALUES>[0.15805865624460622, 0.002182525944182182, 0.14777982099980538, 0.0031276240160142774, 0.13104862093493544, 0.0025165620750067018, 0.0957117648660273, 0.00821887604685619, 0.03095741718467595, 0.010052037380485478, 0.019707305431939624, 0.00862635040964301]</VALUES>
		<LCS_MIN>[0.1514364629983902, 0.1393938958644867, 0.12016400694847107, 0.08437507599592209, 0.01768258586525917, 0.002609620103612542]</LCS_MIN>
		<LCS_MAX>[0.16405390202999115, 0.15444764494895935, 0.14236998558044434, 0.12403193861246109, 0.061087124049663544, 0.05394253134727478]</LCS_MAX>
		<WAVELENGTH>[0.485, 0.56, 0.66, 0.83, 1.65, 2.215]</WAVELENGTH>
		<MEAN_VALUE>[0.15805865624460622, 0.14777982099980538, 0.13104862093493544, 0.0957117648660273, 0.03095741718467595, 0.019707305431939624]</MEAN_VALUE>
		<CHECKBOX>2</CHECKBOX>
		<SD>[0.002182525944182182, 0.0031276240160142774, 0.0025165620750067018, 0.00821887604685619, 0.010052037380485478, 0.00862635040964301]</SD>
		<WAVELENGTH_UNIT>E-6m</WAVELENGTH_UNIT>
		<COLOR>#d7f666</COLOR>
		<COVARIANCE_MATRIX>[[4.994874871044885e-06, 1.5568884919048287e-06, 1.121394120673358e-06, -3.7744266592198983e-06, -4.188501861790428e-06, -3.208572252333397e-06], [1.5568884919048287e-06, 9.910871085594408e-06, 3.1082111036084825e-06, -1.1474196980998386e-05, -1.254198286915198e-05, -1.0441055565024726e-05], [1.121394120673358e-06, 3.1082111036084825e-06, 7.693342922721058e-06, -6.6135116867371835e-06, -7.648291102668736e-06, -4.308957613829989e-06], [-3.7744266592198983e-06, -1.1474196980998386e-05, -6.6135116867371835e-06, 7.122137321857736e-05, 6.877403939142823e-05, 5.2927083743270487e-05], [-4.188501861790428e-06, -1.254198286915198e-05, -7.648291102668736e-06, 6.877403939142823e-05, 9.74979338934645e-05, 6.897985440446064e-05], [-3.208572252333397e-06, -1.0441055565024726e-05, -4.308957613829989e-06, 5.2927083743270487e-05, 6.897985440446064e-05, 6.960250902920961e-05]]</COVARIANCE_MATRIX>
		<ROI_SIZE>675</ROI_SIZE>
		<MAX_VALUE>[0.16405390202999115, 0.15444764494895935, 0.14236998558044434, 0.12403193861246109, 0.061087124049663544, 0.05394253134727478]</MAX_VALUE>
		<MIN_VALUE>[0.1514364629983902, 0.1393938958644867, 0.12016400694847107, 0.08437507599592209, 0.01768258586525917, 0.002609620103612542]</MIN_VALUE>
		<SIGNATURE_THRESHOLD_MD>0.0</SIGNATURE_THRESHOLD_MD>
		<SIGNATURE_THRESHOLD_ML>0.0</SIGNATURE_THRESHOLD_ML>
		<SIGNATURE_THRESHOLD_SAM>0.0</SIGNATURE_THRESHOLD_SAM>
	</signature>
	<signature ID="20210719_105449964451_980">
		<MACROCLASSID>1</MACROCLASSID>
		<MACROCLASSINFO>waterbody</MACROCLASSINFO>
		<CLASSID>11</CLASSID>
		<CLASSINFO>C 1</CLASSINFO>
		<VALUES>[0.13882178935220174, 0.0022871388662798046, 0.11914927903378376, 0.003708750911362097, 0.09030152704660356, 0.005282222637663761, 0.07789346533745917, 0.009406016974709443, 0.023942125644478087, 0.009000702108569411, 0.012982007585464488, 0.00673675885141487]</VALUES>
		<LCS_MIN>[0.12980660796165466, 0.1092863604426384, 0.07892431318759918, 0.06454665958881378, 0.004916543606668711, 0.0]</LCS_MIN>
		<LCS_MAX>[0.1460290104150772, 0.128103569149971, 0.11064715683460236, 0.10816918313503265, 0.058533914387226105, 0.04294262453913689]</LCS_MAX>
		<WAVELENGTH>[0.485, 0.56, 0.66, 0.83, 1.65, 2.215]</WAVELENGTH>
		<MEAN_VALUE>[0.13882178935220174, 0.11914927903378376, 0.09030152704660356, 0.07789346533745917, 0.023942125644478087, 0.012982007585464488]</MEAN_VALUE>
		<CHECKBOX>2</CHECKBOX>
		<SD>[0.0022871388662798046, 0.003708750911362097, 0.005282222637663761, 0.009406016974709443, 0.009000702108569411, 0.00673675885141487]</SD>
		<WAVELENGTH_UNIT>E-6m</WAVELENGTH_UNIT>
		<COLOR>#d7d28b</COLOR>
		<COVARIANCE_MATRIX>[[5.234991022007307e-06, 3.6542232919600792e-06, 5.930810857535107e-06, 5.825641892442945e-06, 3.77113929062034e-06, 2.2246711068873992e-06], [3.6542232919600792e-06, 1.3765316907665692e-05, 1.4068463315197732e-05, 1.3878709978598636e-05, 7.828541129129007e-06, 4.3654463297571056e-06], [5.930810857535107e-06, 1.4068463315197732e-05, 2.7923142624786124e-05, 3.069805825361982e-05, 2.0589775886037387e-05, 1.2920290828333236e-05], [5.825641892442945e-06, 1.3878709978598636e-05, 3.069805825361982e-05, 8.854058978613466e-05, 7.051544525893405e-05, 4.569950760924257e-05], [3.77113929062034e-06, 7.828541129129007e-06, 2.0589775886037387e-05, 7.051544525893405e-05, 8.107438770821318e-05, 4.969970541424118e-05], [2.2246711068873992e-06, 4.3654463297571056e-06, 1.2920290828333236e-05, 4.569950760924257e-05, 4.969970541424118e-05, 4.541851012618281e-05]]</COVARIANCE_MATRIX>
		<ROI_SIZE>1313</ROI_SIZE>
		<MAX_VALUE>[0.1460290104150772, 0.128103569149971, 0.11064715683460236, 0.10816918313503265, 0.058533914387226105, 0.04294262453913689]</MAX_VALUE>
		<MIN_VALUE>[0.12980660796165466, 0.1092863604426384, 0.07892431318759918, 0.06454665958881378, 0.004916543606668711, 0.0]</MIN_VALUE>
		<SIGNATURE_THRESHOLD_MD>0.0</SIGNATURE_THRESHOLD_MD>
		<SIGNATURE_THRESHOLD_ML>0.0</SIGNATURE_THRESHOLD_ML>
		<SIGNATURE_THRESHOLD_SAM>0.0</SIGNATURE_THRESHOLD_SAM>
	</signature>
	<signature ID="20210719_105458693700_606">
		<MACROCLASSID>1</MACROCLASSID>
		<MACROCLASSINFO>waterbody</MACROCLASSINFO>
		<CLASSID>12</CLASSID>
		<CLASSINFO>C 1</CLASSINFO>
		<VALUES>[0.14627762618421142, 0.0030083629780220692, 0.13009343356236647, 0.005098565310057428, 0.1007292053137702, 0.00648529464173793, 0.09344601185842492, 0.012039154571811204, 0.03664088913978174, 0.011733090310939505, 0.022165014590511387, 0.008107238523848061]</VALUES>
		<LCS_MIN>[0.14062152802944183, 0.12057669460773468, 0.0884411633014679, 0.0724780261516571, 0.015129377134144306, 0.00627625547349453]</LCS_MIN>
		<LCS_MAX>[0.1532389521598816, 0.14315733313560486, 0.11699170619249344, 0.12403193861246109, 0.061087124049663544, 0.04294262453913689]</LCS_MAX>
		<WAVELENGTH>[0.485, 0.56, 0.66, 0.83, 1.65, 2.215]</WAVELENGTH>
		<MEAN_VALUE>[0.14627762618421142, 0.13009343356236647, 0.1007292053137702, 0.09344601185842492, 0.03664088913978174, 0.022165014590511387]</MEAN_VALUE>
		<CHECKBOX>2</CHECKBOX>
		<SD>[0.0030083629780220692, 0.005098565310057428, 0.00648529464173793, 0.012039154571811204, 0.011733090310939505, 0.008107238523848061]</SD>
		<WAVELENGTH_UNIT>E-6m</WAVELENGTH_UNIT>
		<COLOR>#52334a</COLOR>
		<COVARIANCE_MATRIX>[[9.155482985079288e-06, 1.0148140972887632e-05, 1.2268265891179908e-05, -4.193147105979733e-06, 2.6201882974419277e-07, 9.990455964725697e-07], [1.0148140972887632e-05, 2.629763912409544e-05, 2.7600051907938905e-05, -3.5087336982542183e-06, 3.0655396585643757e-06, 3.1556278372590896e-06], [1.2268265891179908e-05, 2.7600051907938905e-05, 4.254810482962057e-05, 1.2603807590494398e-05, 2.276129998790566e-05, 1.1180773981323e-05], [-4.193147105979733e-06, -3.5087336982542183e-06, 1.2603807590494398e-05, 0.00014662661124020815, 0.00012319422967266291, 6.520783063024282e-05], [2.6201882974419277e-07, 3.0655396585643757e-06, 2.276129998790566e-05, 0.00012319422967266291, 0.00013926616520620883, 7.072064181556925e-05], [9.990455964725697e-07, 3.1556278372590896e-06, 1.1180773981323e-05, 6.520783063024282e-05, 7.072064181556925e-05, 6.649158603977412e-05]]</COVARIANCE_MATRIX>
		<ROI_SIZE>87</ROI_SIZE>
		<MAX_VALUE>[0.1532389521598816, 0.14315733313560486, 0.11699170619249344, 0.12403193861246109, 0.061087124049663544, 0.04294262453913689]</MAX_VALUE>
		<MIN_VALUE>[0.14062152802944183, 0.12057669460773468, 0.0884411633014679, 0.0724780261516571, 0.015129377134144306, 0.00627625547349453]</MIN_VALUE>
		<SIGNATURE_THRESHOLD_MD>0.0</SIGNATURE_THRESHOLD_MD>
		<SIGNATURE_THRESHOLD_ML>0.0</SIGNATURE_THRESHOLD_ML>
		<SIGNATURE_THRESHOLD_SAM>0.0</SIGNATURE_THRESHOLD_SAM>
	</signature>
	<signature ID="20210719_105503374901_830">
		<MACROCLASSID>1</MACROCLASSID>
		<MACROCLASSINFO>waterbody</MACROCLASSINFO>
		<CLASSID>13</CLASSID>
		<CLASSINFO>C 1</CLASSINFO>
		<VALUES>[0.15100092460231712, 0.003161011023238125, 0.13834460522827152, 0.004725390474375416, 0.11304110152903092, 0.005967193985909592, 0.09861616283433589, 0.01378218943124102, 0.041885859135635264, 0.014359947289164428, 0.02589071703361533, 0.01053612474657826]</VALUES>
		<LCS_MIN>[0.14062152802944183, 0.12057669460773468, 0.09478573501110077, 0.07644370198249817, 0.01768258586525917, 0.00627625547349453]</LCS_MIN>
		<LCS_MAX>[0.15864641964435577, 0.14692077040672302, 0.12650857865810394, 0.13196329772472382, 0.07895958423614502, 0.06127580255270004]</LCS_MAX>
		<WAVELENGTH>[0.485, 0.56, 0.66, 0.83, 1.65, 2.215]</WAVELENGTH>
		<MEAN_VALUE>[0.15100092460231712, 0.13834460522827152, 0.11304110152903092, 0.09861616283433589, 0.041885859135635264, 0.02589071703361533]</MEAN_VALUE>
		<CHECKBOX>2</CHECKBOX>
		<SD>[0.003161011023238125, 0.004725390474375416, 0.005967193985909592, 0.01378218943124102, 0.014359947289164428, 0.01053612474657826]</SD>
		<WAVELENGTH_UNIT>E-6m</WAVELENGTH_UNIT>
		<COLOR>#ec43a7</COLOR>
		<COVARIANCE_MATRIX>[[1.0029274562839419e-05, 1.002035969577264e-05, 1.1565125532797538e-05, -1.0550911611062475e-05, -1.03690181276761e-05, -4.766573056258494e-06], [1.002035969577264e-05, 2.2412634280044585e-05, 2.1854886654182337e-05, -1.7690637832856737e-05, -1.7426196791348048e-05, -8.896952749637421e-06], [1.1565125532797538e-05, 2.1854886654182337e-05, 3.574026777641848e-05, 7.464207101293141e-06, 9.962716831068974e-06, 1.0853136700461619e-05], [-1.0550911611062475e-05, -1.7690637832856737e-05, 7.464207101293141e-06, 0.000190657505299896, 0.0001696635881671682, 0.00010392488911747932], [-1.03690181276761e-05, -1.7426196791348048e-05, 9.962716831068974e-06, 0.0001696635881671682, 0.0002069775218842551, 0.00012851087376475334], [-4.766573056258494e-06, -8.896952749637421e-06, 1.0853136700461619e-05, 0.00010392488911747932, 0.00012851087376475334, 0.00011142413859488443]]</COVARIANCE_MATRIX>
		<ROI_SIZE>269</ROI_SIZE>
		<MAX_VALUE>[0.15864641964435577, 0.14692077040672302, 0.12650857865810394, 0.13196329772472382, 0.07895958423614502, 0.06127580255270004]</MAX_VALUE>
		<MIN_VALUE>[0.14062152802944183, 0.12057669460773468, 0.09478573501110077, 0.07644370198249817, 0.01768258586525917, 0.00627625547349453]</MIN_VALUE>
		<SIGNATURE_THRESHOLD_MD>0.0</SIGNATURE_THRESHOLD_MD>
		<SIGNATURE_THRESHOLD_ML>0.0</SIGNATURE_THRESHOLD_ML>
		<SIGNATURE_THRESHOLD_SAM>0.0</SIGNATURE_THRESHOLD_SAM>
	</signature>
	<signature ID="20210719_105508921650_801">
		<MACROCLASSID>1</MACROCLASSID>
		<MACROCLASSINFO>waterbody</MACROCLASSINFO>
		<CLASSID>14</CLASSID>
		<CLASSINFO>C 1</CLASSINFO>
		<VALUES>[0.14892012714454445, 0.0033561709510823963, 0.14123835008923372, 0.006998202230084941, 0.11763559842463767, 0.009007703442826613, 0.1115066457429145, 0.011648840481233953, 0.03461970815822333, 0.01024893521971915, 0.019599579145560164, 0.007656905223035459]</VALUES>
		<LCS_MIN>[0.14062152802944183, 0.12057669460773468, 0.09795800596475601, 0.09230645000934601, 0.01768258586525917, 0.00627625547349453]</LCS_MIN>
		<LCS_MAX>[0.15684393048286438, 0.15444764494895935, 0.1391977220773697, 0.13989467918872833, 0.06619354337453842, 0.05394253134727478]</LCS_MAX>
		<WAVELENGTH>[0.485, 0.56, 0.66, 0.83, 1.65, 2.215]</WAVELENGTH>
		<MEAN_VALUE>[0.14892012714454445, 0.14123835008923372, 0.11763559842463767, 0.1115066457429145, 0.03461970815822333, 0.019599579145560164]</MEAN_VALUE>
		<CHECKBOX>2</CHECKBOX>
		<SD>[0.0033561709510823963, 0.006998202230084941, 0.009007703442826613, 0.011648840481233953, 0.01024893521971915, 0.007656905223035459]</SD>
		<WAVELENGTH_UNIT>E-6m</WAVELENGTH_UNIT>
		<COLOR>#d0b9d6</COLOR>
		<COVARIANCE_MATRIX>[[1.1319923032715451e-05, 1.3641636542160995e-05, 1.9351256923982874e-05, 1.2529679224826396e-05, 1.3033877621637657e-07, 8.776860909165407e-07], [1.3641636542160995e-05, 4.9218491767533123e-05, 5.6242937716888264e-05, 1.4752592505828943e-05, -9.548265552439261e-06, -6.846907126600854e-06], [1.9351256923982874e-05, 5.6242937716888264e-05, 8.15423991298303e-05, 4.409328903420828e-05, 4.473668468563119e-06, 3.2996713343891315e-06], [1.2529679224826396e-05, 1.4752592505828943e-05, 4.409328903420828e-05, 0.0001363705814583227, 8.353445446118712e-05, 5.4999927669996396e-05], [1.3033877621637657e-07, -9.548265552439261e-06, 4.473668468563119e-06, 8.353445446118712e-05, 0.00010556326014921069, 6.366370507748798e-05], [8.776860909165407e-07, -6.846907126600854e-06, 3.2996713343891315e-06, 5.4999927669996396e-05, 6.366370507748798e-05, 5.891987893846817e-05]]</COVARIANCE_MATRIX>
		<ROI_SIZE>202</ROI_SIZE>
		<MAX_VALUE>[0.15684393048286438, 0.15444764494895935, 0.1391977220773697, 0.13989467918872833, 0.06619354337453842, 0.05394253134727478]</MAX_VALUE>
		<MIN_VALUE>[0.14062152802944183, 0.12057669460773468, 0.09795800596475601, 0.09230645000934601, 0.01768258586525917, 0.00627625547349453]</MIN_VALUE>
		<SIGNATURE_THRESHOLD_MD>0.0</SIGNATURE_THRESHOLD_MD>
		<SIGNATURE_THRESHOLD_ML>0.0</SIGNATURE_THRESHOLD_ML>
		<SIGNATURE_THRESHOLD_SAM>0.0</SIGNATURE_THRESHOLD_SAM>
	</signature>
	<signature ID="20210719_105513906884_351">
		<MACROCLASSID>1</MACROCLASSID>
		<MACROCLASSINFO>waterbody</MACROCLASSINFO>
		<CLASSID>15</CLASSID>
		<CLASSINFO>C 1</CLASSINFO>
		<VALUES>[0.1568246572253538, 0.002820814423784157, 0.15006032721562815, 0.006016095929929592, 0.1331584967951724, 0.008010103302979342, 0.12203848338063389, 0.017646540415545427, 0.04242276219043502, 0.01514302736663956, 0.02419767785757621, 0.01002050401710324]</VALUES>
		<LCS_MIN>[0.1478314995765686, 0.13563044369220734, 0.11699170619249344, 0.09627212584018707, 0.02023579180240631, 0.00994289293885231]</LCS_MIN>
		<LCS_MAX>[0.16405390202999115, 0.169501394033432, 0.16140368580818176, 0.1636887788772583, 0.07640636712312698, 0.05394253134727478]</LCS_MAX>
		<WAVELENGTH>[0.485, 0.56, 0.66, 0.83, 1.65, 2.215]</WAVELENGTH>
		<MEAN_VALUE>[0.1568246572253538, 0.15006032721562815, 0.1331584967951724, 0.12203848338063389, 0.04242276219043502, 0.02419767785757621]</MEAN_VALUE>
		<CHECKBOX>2</CHECKBOX>
		<SD>[0.002820814423784157, 0.006016095929929592, 0.008010103302979342, 0.017646540415545427, 0.01514302736663956, 0.01002050401710324]</SD>
		<WAVELENGTH_UNIT>E-6m</WAVELENGTH_UNIT>
		<COLOR>#02fc9f</COLOR>
		<COVARIANCE_MATRIX>[[7.9997735156212e-06, 9.215010322805028e-06, 1.1841585546790157e-05, -7.609469321323559e-06, -9.51651054492686e-06, -4.520618404058041e-06], [9.215010322805028e-06, 3.6387998989084736e-05, 4.3132320570293814e-05, -1.0237244168820325e-05, -2.6326937586418353e-05, -1.7024996850523166e-05], [1.1841585546790157e-05, 4.3132320570293814e-05, 6.45067120785825e-05, 7.9842811828712e-06, -1.7218721040990204e-05, -1.1505203474371228e-05], [-7.609469321323559e-06, -1.0237244168820325e-05, 7.9842811828712e-06, 0.000313074589939788, 0.00022731909120921046, 0.00013371556997299194], [-9.51651054492686e-06, -2.6326937586418353e-05, -1.7218721040990204e-05, 0.00022731909120921046, 0.0002305441303178668, 0.00013742988812737167], [-4.520618404058041e-06, -1.7024996850523166e-05, -1.1505203474371228e-05, 0.00013371556997299194, 0.00013742988812737167, 0.00010095033940160647]]</COVARIANCE_MATRIX>
		<ROI_SIZE>187</ROI_SIZE>
		<MAX_VALUE>[0.16405390202999115, 0.169501394033432, 0.16140368580818176, 0.1636887788772583, 0.07640636712312698, 0.05394253134727478]</MAX_VALUE>
		<MIN_VALUE>[0.1478314995765686, 0.13563044369220734, 0.11699170619249344, 0.09627212584018707, 0.02023579180240631, 0.00994289293885231]</MIN_VALUE>
		<SIGNATURE_THRESHOLD_MD>0.0</SIGNATURE_THRESHOLD_MD>
		<SIGNATURE_THRESHOLD_ML>0.0</SIGNATURE_THRESHOLD_ML>
		<SIGNATURE_THRESHOLD_SAM>0.0</SIGNATURE_THRESHOLD_SAM>
	</signature>
	<signature ID="20210719_105522827648_694">
		<MACROCLASSID>1</MACROCLASSID>
		<MACROCLASSINFO>waterbody</MACROCLASSINFO>
		<CLASSID>16</CLASSID>
		<CLASSINFO>C 1</CLASSINFO>
		<VALUES>[0.12761100471404965, 0.003344780064801038, 0.11008934255220751, 0.005741783757862623, 0.07839415233664357, 0.004773289569408881, 0.03918158142453937, 0.006543228331792518, 0.00842418560837749, 0.0044458805637877935, 0.005200195291162489, 0.003775295118678028]</VALUES>
		<LCS_MIN>[0.1153867095708847, 0.08670571446418762, 0.0630628913640976, 0.028855495154857635, 0.0, 0.0]</LCS_MIN>
