<?xml version="1.0" ?>
<signaturelist MCID_LIST="[['1', 'Waterbody', '#000000'], ['2', 'Vegetation', '#000000'], ['3', 'Bareland', '#000000'], ['4', 'Built-up', '#000000']]">
	<signature ID="20220111_103555423833_323">
		<MACROCLASSID>1</MACROCLASSID>
		<MACROCLASSINFO>Waterbody</MACROCLASSINFO>
		<CLASSID>1</CLASSID>
		<CLASSINFO>C 1</CLASSINFO>
		<VALUES>[0.12892933362963283, 0.0037763909975133624, 0.13950078940075458, 0.004244762437009346, 0.1255508428502216, 0.005091387014110743, 0.0662319585022449, 0.006671517014650385, 0.02974758737838928, 0.005057000353470518, 0.023524924770533768, 0.004217051765101566]</VALUES>
		<LCS_MIN>[0.10000626742839813, 0.09231005609035492, 0.08792810887098312, 0.05160464718937874, 0.015392421744763851, 0.011522069573402405]</LCS_MIN>
		<LCS_MAX>[0.14749591052532196, 0.15928487479686737, 0.1497202217578888, 0.10732433199882507, 0.07278035581111908, 0.0558086559176445]</LCS_MAX>
		<WAVELENGTH>[0.48, 0.56, 0.655, 0.865, 1.61, 2.2]</WAVELENGTH>
		<MEAN_VALUE>[0.12892933362963283, 0.13950078940075458, 0.1255508428502216, 0.0662319585022449, 0.02974758737838928, 0.023524924770533768]</MEAN_VALUE>
		<CHECKBOX>2</CHECKBOX>
		<SD>[0.0037763909975133624, 0.004244762437009346, 0.005091387014110743, 0.006671517014650385, 0.005057000353470518, 0.004217051765101566]</SD>
		<WAVELENGTH_UNIT>E-6m</WAVELENGTH_UNIT>
		<COLOR>#63c2e9</COLOR>
		<COVARIANCE_MATRIX>[[1.459108625567751e-05, 1.615449036762584e-05, 1.8805840227287263e-05, 2.0271962057449855e-05, 1.7149253835668787e-05, 1.4664978152723052e-05], [1.615449036762584e-05, 1.8367856682743877e-05, 2.0654981199186295e-05, 2.111280628014356e-05, 1.8293461835128255e-05, 1.569065534567926e-05], [1.8805840227287263e-05, 2.0654981199186295e-05, 2.855505772458855e-05, 3.391004793229513e-05, 2.4948827558546327e-05, 2.0948124074493535e-05], [2.0271962057449855e-05, 2.111280628014356e-05, 3.391004793229513e-05, 4.9783808208303526e-05, 3.521062171785161e-05, 2.898983257182408e-05], [1.7149253835668787e-05, 1.8293461835128255e-05, 2.4948827558546327e-05, 3.521062171785161e-05, 2.9418813937809318e-05, 2.434449015709106e-05], [1.4664978152723052e-05, 1.569065534567926e-05, 2.0948124074493535e-05, 2.898983257182408e-05, 2.434449015709106e-05, 2.040268009295687e-05]]</COVARIANCE_MATRIX>
		<ROI_SIZE>8596</ROI_SIZE>
		<MAX_VALUE>[0.14749591052532196, 0.15928487479686737, 0.1497202217578888, 0.10732433199882507, 0.07278035581111908, 0.0558086559176445]</MAX_VALUE>
		<MIN_VALUE>[0.10000626742839813, 0.09231005609035492, 0.08792810887098312, 0.05160464718937874, 0.015392421744763851, 0.011522069573402405]</MIN_VALUE>
		<SIGNATURE_THRESHOLD_MD>0.0</SIGNATURE_THRESHOLD_MD>
		<SIGNATURE_THRESHOLD_ML>0.0</SIGNATURE_THRESHOLD_ML>
		<SIGNATURE_THRESHOLD_SAM>0.0</SIGNATURE_THRESHOLD_SAM>
	</signature>
	<signature ID="20220111_125155656772_501">
		<MACROCLASSID>1</MACROCLASSID>
		<MACROCLASSINFO>Waterbody</MACROCLASSINFO>
		<CLASSID>2</CLASSID>
		<CLASSINFO>C 1</CLASSINFO>
		<VALUES>[0.10830679065940599, 0.0035793401890967533, 0.11398934624101738, 0.004017181861379273, 0.095447981604431, 0.004407662334291312, 0.07453789718628658, 0.007376007058864199, 0.04268855449732352, 0.006438616328985862, 0.03411260282351487, 0.005156732701482043]</VALUES>
		<LCS_MIN>[0.09909429401159286, 0.10305360704660416, 0.0848807692527771, 0.06168091669678688, 0.029806138947606087, 0.02360023371875286]</LCS_MIN>
		<LCS_MAX>[0.12598654627799988, 0.13868752121925354, 0.12104851752519608, 0.11639964580535889, 0.08503647148609161, 0.06973301619291306]</LCS_MAX>
		<WAVELENGTH>[0.48, 0.56, 0.655, 0.865, 1.61, 2.2]</WAVELENGTH>
		<MEAN_VALUE>[0.10830679065940599, 0.11398934624101738, 0.095447981604431, 0.07453789718628658, 0.04268855449732352, 0.03411260282351487]</MEAN_VALUE>
		<CHECKBOX>2</CHECKBOX>
		<SD>[0.0035793401890967533, 0.004017181861379273, 0.004407662334291312, 0.007376007058864199, 0.006438616328985862, 0.005156732701482043]</SD>
		<WAVELENGTH_UNIT>E-6m</WAVELENGTH_UNIT>
		<COLOR>#f0acb5</COLOR>
		<COVARIANCE_MATRIX>[[1.2819398762076162e-05, 1.3696926544071175e-05, 1.4760056728846394e-05, 1.4899714187777136e-05, 1.2028022865706589e-05, 9.881963705993257e-06], [1.3696926544071175e-05, 1.614747816347517e-05, 1.5538997104158625e-05, 1.1312420610920526e-05, 9.28456756810192e-06, 8.142567821778357e-06], [1.4760056728846394e-05, 1.5538997104158625e-05, 1.94391977856867e-05, 2.2651380277238786e-05, 1.7983764337259345e-05, 1.4701809050166048e-05], [1.4899714187777136e-05, 1.1312420610920526e-05, 2.2651380277238786e-05, 5.4438274673884735e-05, 4.314654506742954e-05, 3.3368774893460795e-05], [1.2028022865706589e-05, 9.28456756810192e-06, 1.7983764337259345e-05, 4.314654506742954e-05, 4.1480769141344354e-05, 3.211457442375831e-05], [9.881963705993257e-06, 8.142567821778357e-06, 1.4701809050166048e-05, 3.3368774893460795e-05, 3.211457442375831e-05, 2.660792051756289e-05]]</COVARIANCE_MATRIX>
		<ROI_SIZE>1660</ROI_SIZE>
		<MAX_VALUE>[0.12598654627799988, 0.13868752121925354, 0.12104851752519608, 0.11639964580535889, 0.08503647148609161, 0.06973301619291306]</MAX_VALUE>
		<MIN_VALUE>[0.09909429401159286, 0.10305360704660416, 0.0848807692527771, 0.06168091669678688, 0.029806138947606087, 0.02360023371875286]</MIN_VALUE>
		<SIGNATURE_THRESHOLD_MD>0.0</SIGNATURE_THRESHOLD_MD>
		<SIGNATURE_THRESHOLD_ML>0.0</SIGNATURE_THRESHOLD_ML>
		<SIGNATURE_THRESHOLD_SAM>0.0</SIGNATURE_THRESHOLD_SAM>
	</signature>
	<signature ID="20220111_125201285964_300">
		<MACROCLASSID>1</MACROCLASSID>
		<MACROCLASSINFO>Waterbody</MACROCLASSINFO>
		<CLASSID>3</CLASSID>
		<CLASSINFO>C 1</CLASSINFO>
		<VALUES>[0.0945925122114816, 0.0027529927555372275, 0.08440552298747278, 0.0031302371216031777, 0.06550561519109377, 0.003690136372714284, 0.058799861471720234, 0.0069690529702479236, 0.04123817551517439, 0.0062420324669816086, 0.03258289194336551, 0.004774944770752223]</VALUES>
		<LCS_MIN>[0.08866214752197266, 0.07776287943124771, 0.058188699185848236, 0.048446089029312134, 0.03176354989409447, 0.02631392516195774]</LCS_MIN>
		<LCS_MAX>[0.10865894705057144, 0.09873839467763901, 0.08341269940137863, 0.10307586193084717, 0.07916421443223953, 0.06368282437324524]</LCS_MAX>
		<WAVELENGTH>[0.48, 0.56, 0.655, 0.865, 1.61, 2.2]</WAVELENGTH>
		<MEAN_VALUE>[0.0945925122114816, 0.08440552298747278, 0.06550561519109377, 0.058799861471720234, 0.04123817551517439, 0.03258289194336551]</MEAN_VALUE>
		<CHECKBOX>2</CHECKBOX>
		<SD>[0.0027529927555372275, 0.0031302371216031777, 0.003690136372714284, 0.0069690529702479236, 0.0062420324669816086, 0.004774944770752223]</SD>
		<WAVELENGTH_UNIT>E-6m</WAVELENGTH_UNIT>
		<COLOR>#73d004</COLOR>
		<COVARIANCE_MATRIX>[[7.587198069813894e-06, 8.347423317900393e-06, 9.740693712956272e-06, 1.2970262105227448e-05, 1.1604061000980437e-05, 9.500714440946467e-06], [8.347423317900393e-06, 9.80902314040577e-06, 1.1126689969387371e-05, 1.496958611824084e-05, 1.3522264453058597e-05, 1.1217598512303084e-05], [9.740693712956272e-06, 1.1126689969387371e-05, 1.3631891306431498e-05, 2.0396510080900043e-05, 1.8928878489532508e-05, 1.5020587852632161e-05], [1.2970262105227448e-05, 1.496958611824084e-05, 2.0396510080900043e-05, 4.8620433517498896e-05, 4.0918865124695e-05, 3.073411789955571e-05], [1.1604061000980437e-05, 1.3522264453058597e-05, 1.8928878489532508e-05, 4.0918865124695e-05, 3.9005273720249534e-05, 2.8887256121379323e-05], [9.500714440946467e-06, 1.1217598512303084e-05, 1.5020587852632161e-05, 3.073411789955571e-05, 2.8887256121379323e-05, 2.2824853658676147e-05]]</COVARIANCE_MATRIX>
		<ROI_SIZE>922</ROI_SIZE>
		<MAX_VALUE>[0.10865894705057144, 0.09873839467763901, 0.08341269940137863, 0.10307586193084717, 0.07916421443223953, 0.06368282437324524]</MAX_VALUE>
		<MIN_VALUE>[0.08866214752197266, 0.07776287943124771, 0.058188699185848236, 0.048446089029312134, 0.03176354989409447, 0.02631392516195774]</MIN_VALUE>
		<SIGNATURE_THRESHOLD_MD>0.0</SIGNATURE_THRESHOLD_MD>
		<SIGNATURE_THRESHOLD_ML>0.0</SIGNATURE_THRESHOLD_ML>
		<SIGNATURE_THRESHOLD_SAM>0.0</SIGNATURE_THRESHOLD_SAM>
	</signature>
	<signature ID="20220111_125207319662_605">
		<MACROCLASSID>1</MACROCLASSID>
		<MACROCLASSINFO>Waterbody</MACROCLASSINFO>
		<CLASSID>4</CLASSID>
		<CLASSINFO>C 1</CLASSINFO>
		<VALUES>[0.08769886980606088, 0.002903566498998105, 0.07445473983940841, 0.0032179590219521656, 0.05634456033147081, 0.003659337484078712, 0.04569206126461644, 0.007425365066255767, 0.031266522218061914, 0.005609493391695798, 0.024571326368953126, 0.004170802908646263]</VALUES>
		<LCS_MIN>[0.0841912180185318, 0.0707562118768692, 0.05262785777449608, 0.039126116782426834, 0.025179512798786163, 0.019752122461795807]</LCS_MIN>
		<LCS_MAX>[0.10323156416416168, 0.0915982648730278, 0.0752716213464737, 0.09015245735645294, 0.06886552274227142, 0.046555403620004654]</LCS_MAX>
		<WAVELENGTH>[0.48, 0.56, 0.655, 0.865, 1.61, 2.2]</WAVELENGTH>
		<MEAN_VALUE>[0.08769886980606088, 0.07445473983940841, 0.05634456033147081, 0.04569206126461644, 0.031266522218061914, 0.024571326368953126]</MEAN_VALUE>
		<CHECKBOX>2</CHECKBOX>
		<SD>[0.002903566498998105, 0.0032179590219521656, 0.003659337484078712, 0.007425365066255767, 0.005609493391695798, 0.004170802908646263]</SD>
		<WAVELENGTH_UNIT>E-6m</WAVELENGTH_UNIT>
		<COLOR>#cfa8e0</COLOR>
		<COVARIANCE_MATRIX>[[8.438765689788852e-06, 9.198029147228226e-06, 1.0351513083151076e-05, 1.3463753930409439e-05, 1.1859077858389355e-05, 9.617897376301698e-06], [9.198029147228226e-06, 1.0365170055592898e-05, 1.1569805792532861e-05, 1.5615341908414848e-05, 1.3631627552967984e-05, 1.0816150279424619e-05], [1.0351513083151076e-05, 1.1569805792532861e-05, 1.340356539003551e-05, 1.88229932973627e-05, 1.6408012015745044e-05, 1.281144614040386e-05], [1.3463753930409439e-05, 1.5615341908414848e-05, 1.88229932973627e-05, 5.518880789168179e-05, 4.02244295401033e-05, 2.8512344215414487e-05], [1.1859077858389355e-05, 1.3631627552967984e-05, 1.6408012015745044e-05, 4.02244295401033e-05, 3.149652911815792e-05, 2.2850537789054215e-05], [9.617897376301698e-06, 1.0816150279424619e-05, 1.281144614040386e-05, 2.8512344215414487e-05, 2.2850537789054215e-05, 1.7412243323633447e-05]]</COVARIANCE_MATRIX>
		<ROI_SIZE>1046</ROI_SIZE>
		<MAX_VALUE>[0.10323156416416168, 0.0915982648730278, 0.0752716213464737, 0.09015245735645294, 0.06886552274227142, 0.046555403620004654]</MAX_VALUE>
		<MIN_VALUE>[0.0841912180185318, 0.0707562118768692, 0.05262785777449608, 0.039126116782426834, 0.025179512798786163, 0.019752122461795807]</MIN_VALUE>
		<SIGNATURE_THRESHOLD_MD>0.0</SIGNATURE_THRESHOLD_MD>
		<SIGNATURE_THRESHOLD_ML>0.0</SIGNATURE_THRESHOLD_ML>
		<SIGNATURE_THRESHOLD_SAM>0.0</SIGNATURE_THRESHOLD_SAM>
	</signature>
	<signature ID="20220111_125212638679_348">
		<MACROCLASSID>1</MACROCLASSID>
		<MACROCLASSINFO>Waterbody</MACROCLASSINFO>
		<CLASSID>5</CLASSID>
		<CLASSINFO>C 1</CLASSINFO>
		<VALUES>[0.09040993210265819, 0.0014652267439966326, 0.08288961487532251, 0.0019738735398975877, 0.056452321904347846, 0.0014158802109501356, 0.046447139672161776, 0.007174260201524609, 0.030959896881384903, 0.004878315345105278, 0.023516185494228754, 0.0031396997097187023]</VALUES>
		<LCS_MIN>[0.0865267813205719, 0.07751820236444473, 0.054740965366363525, 0.040705401450395584, 0.02633616514503956, 0.020130259916186333]</LCS_MIN>
		<LCS_MAX>[0.10031767934560776, 0.09295511245727539, 0.07153473049402237, 0.0892627164721489, 0.06617408245801926, 0.048112452030181885]</LCS_MAX>
		<WAVELENGTH>[0.48, 0.56, 0.655, 0.865, 1.61, 2.2]</WAVELENGTH>
		<MEAN_VALUE>[0.09040993210265819, 0.08288961487532251, 0.056452321904347846, 0.046447139672161776, 0.030959896881384903, 0.023516185494228754]</MEAN_VALUE>
		<CHECKBOX>2</CHECKBOX>
		<SD>[0.0014652267439966326, 0.0019738735398975877, 0.0014158802109501356, 0.007174260201524609, 0.004878315345105278, 0.0031396997097187023]</SD>
		<WAVELENGTH_UNIT>E-6m</WAVELENGTH_UNIT>
		<COLOR>#175395</COLOR>
		<COVARIANCE_MATRIX>[[2.1486594050657004e-06, 2.720913471421227e-06, 1.187154566650861e-06, 2.1375553842517547e-06, 1.7380289136781357e-06, 1.169056304206606e-06], [2.720913471421227e-06, 3.899388957506744e-06, 1.291205649067706e-06, 6.895496085235209e-07, 9.257677788809815e-07, 5.709853212465532e-07], [1.187154566650861e-06, 1.291205649067706e-06, 2.0063694137206767e-06, 8.021301255212165e-06, 5.829414021718549e-06, 3.761559128179215e-06], [2.1375553842517547e-06, 6.895496085235209e-07, 8.021301255212165e-06, 5.1512441132217646e-05, 3.415104583837092e-05, 2.1277217456372455e-05], [1.7380289136781357e-06, 9.257677788809815e-07, 5.829414021718549e-06, 3.415104583837092e-05, 2.3817579858587123e-05, 1.4987362192186993e-05], [1.169056304206606e-06, 5.709853212465532e-07, 3.761559128179215e-06, 2.1277217456372455e-05, 1.4987362192186993e-05, 9.865841093414929e-06]]</COVARIANCE_MATRIX>
		<ROI_SIZE>1214</ROI_SIZE>
		<MAX_VALUE>[0.10031767934560776, 0.09295511245727539, 0.07153473049402237, 0.0892627164721489, 0.06617408245801926, 0.048112452030181885]</MAX_VALUE>
		<MIN_VALUE>[0.0865267813205719, 0.07751820236444473, 0.054740965366363525, 0.040705401450395584, 0.02633616514503956, 0.020130259916186333]</MIN_VALUE>
		<SIGNATURE_THRESHOLD_MD>0.0</SIGNATURE_THRESHOLD_MD>
		<SIGNATURE_THRESHOLD_ML>0.0</SIGNATURE_THRESHOLD_ML>
		<SIGNATURE_THRESHOLD_SAM>0.0</SIGNATURE_THRESHOLD_SAM>
	</signature>
	<signature ID="20220111_125218102893_934">
		<MACROCLASSID>1</MACROCLASSID>
		<MACROCLASSINFO>Waterbody</MACROCLASSINFO>
		<CLASSID>6</CLASSID>
		<CLASSINFO>C 1</CLASSINFO>
		<VALUES>[0.09404652684467318, 0.003192924416821214, 0.07316556055778707, 0.003506742348145563, 0.05287950501746104, 0.0038653677935386855, 0.05348542313974894, 0.00798778310921928, 0.03845015059735222, 0.005344917821721384, 0.029894908892522297, 0.0038945172620624266]</VALUES>
		<LCS_MIN>[0.08826176822185516, 0.0666411817073822, 0.04568791016936302, 0.042128972709178925, 0.02931678295135498, 0.022354602813720703]</LCS_MIN>
		<LCS_MAX>[0.10102946311235428, 0.08726081252098083, 0.07351439446210861, 0.09755950421094894, 0.06977749615907669, 0.05329515412449837]</LCS_MAX>
		<WAVELENGTH>[0.48, 0.56, 0.655, 0.865, 1.61, 2.2]</WAVELENGTH>
		<MEAN_VALUE>[0.09404652684467318, 0.07316556055778707, 0.05287950501746104, 0.05348542313974894, 0.03845015059735222, 0.029894908892522297]</MEAN_VALUE>
		<CHECKBOX>2</CHECKBOX>
		<SD>[0.003192924416821214, 0.003506742348145563, 0.0038653677935386855, 0.00798778310921928, 0.005344917821721384, 0.0038945172620624266]</SD>
		<WAVELENGTH_UNIT>E-6m</WAVELENGTH_UNIT>
		<COLOR>#62564a</COLOR>
		<COVARIANCE_MATRIX>[[1.0207886589341797e-05, 1.0697838661144488e-05, 1.1572519724722952e-05, 1.1041195648431312e-05, 1.1823185559478588e-05, 1.0016675332735758e-05], [1.0697838661144488e-05, 1.2313068509683944e-05, 1.3444288015307393e-05, 1.7110587577917613e-05, 1.495379092375515e-05, 1.1938359421037603e-05], [1.1572519724722952e-05, 1.3444288015307393e-05, 1.4960297448851634e-05, 2.0371217033243738e-05, 1.7336831660941243e-05, 1.3595965356216766e-05], [1.1041195648431312e-05, 1.7110587577917613e-05, 2.0371217033243738e-05, 6.388679321389645e-05, 3.755127181648277e-05, 2.4688699340913445e-05], [1.1823185559478588e-05, 1.495379092375515e-05, 1.7336831660941243e-05, 3.755127181648277e-05, 2.860491440515034e-05, 2.017822043853812e-05], [1.0016675332735758e-05, 1.1938359421037603e-05, 1.3595965356216766e-05, 2.4688699340913445e-05, 2.017822043853812e-05, 1.5186785276455339e-05]]</COVARIANCE_MATRIX>
		<ROI_SIZE>778</ROI_SIZE>
		<MAX_VALUE>[0.10102946311235428, 0.08726081252098083, 0.07351439446210861, 0.09755950421094894, 0.06977749615907669, 0.05329515412449837]</MAX_VALUE>
		<MIN_VALUE>[0.08826176822185516, 0.0666411817073822, 0.04568791016936302, 0.042128972709178925, 0.02931678295135498, 0.022354602813720703]</MIN_VALUE>
		<SIGNATURE_THRESHOLD_MD>0.0</SIGNATURE_THRESHOLD_MD>
		<SIGNATURE_THRESHOLD_ML>0.0</SIGNATURE_THRESHOLD_ML>
		<SIGNATURE_THRESHOLD_SAM>0.0</SIGNATURE_THRESHOLD_SAM>
	</signature>
	<signature ID="20220111_125233766487_809">
		<MACROCLASSID>1</MACROCLASSID>
		<MACROCLASSINFO>Waterbody</MACROCLASSINFO>
		<CLASSID>7</CLASSID>
		<CLASSINFO>C 1</CLASSINFO>
		<VALUES>[0.14623278077284058, 0.005597199362566672, 0.14888542979352487, 0.00709977509085921, 0.17242445975452703, 0.008885360614401112, 0.14968812628753875, 0.00945150473997935, 0.03494569224988235, 0.00981907788220027, 0.02777139908903607, 0.008021757911388372]</VALUES>
		<LCS_MIN>[0.12120421975851059, 0.11542093753814697, 0.13056868314743042, 0.13181431591510773, 0.020686345174908638, 0.014947555027902126]</LCS_MIN>
		<LCS_MAX>[0.1678486168384552, 0.17174118757247925, 0.19669829308986664, 0.19605322182178497, 0.08448037505149841, 0.07304728031158447]</LCS_MAX>
		<WAVELENGTH>[0.48, 0.56, 0.655, 0.865, 1.61, 2.2]</WAVELENGTH>
		<MEAN_VALUE>[0.14623278077284058, 0.14888542979352487, 0.17242445975452703, 0.14968812628753875, 0.03494569224988235, 0.02777139908903607]</MEAN_VALUE>
		<CHECKBOX>2</CHECKBOX>
		<SD>[0.005597199362566672, 0.00709977509085921, 0.008885360614401112, 0.00945150473997935, 0.00981907788220027, 0.008021757911388372]</SD>
		<WAVELENGTH_UNIT>E-6m</WAVELENGTH_UNIT>
		<COLOR>#f64ac1</COLOR>
		<COVARIANCE_MATRIX>[[3.135214137728326e-05, 3.892945824190974e-05, 4.784331758855842e-05, 1.4265308436733903e-06, -2.2734875528840348e-05, -1.8154909412260167e-05], [3.892945824190974e-05, 5.0444621592760086e-05, 6.262093666009605e-05, -6.842119546490721e-06, -3.582429781090468e-05, -2.8668759114225395e-05], [4.784331758855842e-05, 6.262093666009605e-05, 7.900885975686833e-05, -1.0108617971127387e-05, -5.071049599791877e-05, -4.032141077914275e-05], [1.4265308436733903e-06, -6.842119546490721e-06, -1.0108617971127387e-05, 8.939795952755958e-05, 3.260698213125579e-05, 2.7855057851411402e-05], [-2.2734875528840348e-05, -3.582429781090468e-05, -5.071049599791877e-05, 3.260698213125579e-05, 9.64866194408387e-05, 7.769811054458842e-05], [-1.8154909412260167e-05, -2.8668759114225395e-05, -4.032141077914275e-05, 2.7855057851411402e-05, 7.769811054458842e-05, 6.439687422243878e-05]]</COVARIANCE_MATRIX>
		<ROI_SIZE>1334</ROI_SIZE>
		<MAX_VALUE>[0.1678486168384552, 0.17174118757247925, 0.19669829308986664, 0.19605322182178497, 0.08448037505149841, 0.07304728031158447]</MAX_VALUE>
		<MIN_VALUE>[0.12120421975851059, 0.11542093753814697, 0.13056868314743042, 0.13181431591510773, 0.020686345174908638, 0.014947555027902126]</MIN_VALUE>
		<SIGNATURE_THRESHOLD_MD>0.0</SIGNATURE_THRESHOLD_MD>
		<SIGNATURE_THRESHOLD_ML>0.0</SIGNATURE_THRESHOLD_ML>
		<SIGNATURE_THRESHOLD_SAM>0.0</SIGNATURE_THRESHOLD_SAM>
	</signature>
	<signature ID="20220111_125244943810_673">
		<MACROCLASSID>1</MACROCLASSID>
		<MACROCLASSINFO>Waterbody</MACROCLASSINFO>
		<CLASSID>8</CLASSID>
		<CLASSINFO>C 1</CLASSINFO>
		<VALUES>[0.14463084024590508, 0.0050344646022330245, 0.15702051754918328, 0.006263928270515093, 0.1760463405384325, 0.0070979910288341205, 0.09647296610953715, 0.006468036646903242, 0.03501876509412521, 0.008837389471619893, 0.02782919391363048, 0.007533653573833403]</VALUES>
		<LCS_MIN>[0.12095953524112701, 0.12127095460891724, 0.13294872641563416, 0.08454711735248566, 0.021642809733748436, 0.014836336486041546]</LCS_MIN>
		<LCS_MAX>[0.16833797097206116, 0.1830630749464035, 0.20481711626052856, 0.13323789834976196, 0.07469328492879868, 0.0691101998090744]</LCS_MAX>
		<WAVELENGTH>[0.48, 0.56, 0.655, 0.865, 1.61, 2.2]</WAVELENGTH>
		<MEAN_VALUE>[0.14463084024590508, 0.15702051754918328, 0.1760463405384325, 0.09647296610953715, 0.03501876509412521, 0.02782919391363048]</MEAN_VALUE>
		<CHECKBOX>2</CHECKBOX>
		<SD>[0.0050344646022330245, 0.006263928270515093, 0.0070979910288341205, 0.006468036646903242, 0.008837389471619893, 0.007533653573833403]</SD>
		<WAVELENGTH_UNIT>E-6m</WAVELENGTH_UNIT>
		<COLOR>#469359</COLOR>
		<COVARIANCE_MATRIX>[[2.7489082640386187e-05, 3.2419335184386e-05, 3.618523260229267e-05, 1.3344564649742097e-05, 4.12772897107061e-06, 3.616132062234101e-06], [3.2419335184386e-05, 3.9976595871848986e-05, 4.4899177737534046e-05, 1.0863573152164463e-05, -2.4423950435448205e-06, -1.5488891449422226e-06], [3.618523260229267e-05, 4.4899177737534046e-05, 5.174314355826937e-05, 9.66622701525921e-06, -6.708570253977086e-06, -4.813676241610665e-06], [1.3344564649742097e-05, 1.0863573152164463e-05, 9.66622701525921e-06, 4.925297253066674e-05, 5.8929985243594274e-05, 4.9640482757240534e-05], [4.12772897107061e-06, -2.4423950435448205e-06, -6.708570253977086e-06, 5.8929985243594274e-05, 8.434736810158938e-05, 7.016224117251113e-05], [3.616132062234101e-06, -1.5488891449422226e-06, -4.813676241610665e-06, 4.9640482757240534e-05, 7.016224117251113e-05, 6.064721310394816e-05]]</COVARIANCE_MATRIX>
		<ROI_SIZE>2957</ROI_SIZE>
		<MAX_VALUE>[0.16833797097206116, 0.1830630749464035, 0.20481711626052856, 0.13323789834976196, 0.07469328492879868, 0.0691101998090744]</MAX_VALUE>
		<MIN_VALUE>[0.12095953524112701, 0.12127095460891724, 0.13294872641563416, 0.08454711735248566, 0.021642809733748436, 0.014836336486041546]</MIN_VALUE>
		<SIGNATURE_THRESHOLD_MD>0.0</SIGNATURE_THRESHOLD_MD>
		<SIGNATURE_THRESHOLD_ML>0.0</SIGNATURE_THRESHOLD_ML>
		<SIGNATURE_THRESHOLD_SAM>0.0</SIGNATURE_THRESHOLD_SAM>
	</signature>
	<signature ID="20220111_125251166553_525">
		<MACROCLASSID>1</MACROCLASSID>
		<MACROCLASSINFO>Waterbody</MACROCLASSINFO>
		<CLASSID>9</CLASSID>
		<CLASSINFO>C 1</CLASSINFO>
		<VALUES>[0.11785790728797547, 0.0055935534959633765, 0.11687777892241494, 0.00759435349044216, 0.10619415465510201, 0.005433805341895823, 0.06806373977563848, 0.012355657478249574, 0.052871934865056966, 0.011156452947612711, 0.043825608164138295, 0.010116454012399977]</VALUES>
		<LCS_MIN>[0.09764846414327621, 0.08387982100248337, 0.0862376019358635, 0.05369553342461586, 0.040127068758010864, 0.03107401169836521]</LCS_MIN>
		<LCS_MAX>[0.13101354241371155, 0.1312137395143509, 0.12623122334480286, 0.11484260112047195, 0.10011748224496841, 0.08984103798866272]</LCS_MAX>
		<WAVELENGTH>[0.48, 0.56, 0.655, 0.865, 1.61, 2.2]</WAVELENGTH>
		<MEAN_VALUE>[0.11785790728797547, 0.11687777892241494, 0.10619415465510201, 0.06806373977563848, 0.052871934865056966, 0.043825608164138295]</MEAN_VALUE>
		<CHECKBOX>2</CHECKBOX>
		<SD>[0.0055935534959633765, 0.00759435349044216, 0.005433805341895823, 0.012355657478249574, 0.011156452947612711, 0.010116454012399977]</SD>
		<WAVELENGTH_UNIT>E-6m</WAVELENGTH_UNIT>
		<COLOR>#b86b8c</COLOR>
		<COVARIANCE_MATRIX>[[3.133432983304374e-05, 4.1511390008963645e-05, 2.2461654225480743e-05, -2.784187745419331e-05, -2.159087307518348e-05, -2.0295088688726537e-05], [4.1511390008963645e-05, 5.7759902119869366e-05, 2.96835078188451e-05, -4.9833870434667915e-05, -4.0090642869472504e-05, -3.728965748450719e-05], [2.2461654225480743e-05, 2.96835078188451e-05, 2.9570113838417456e-05, 3.1846809633861994e-06, -8.703354410499742e-07, -1.8154266854253365e-06], [-2.784187745419331e-05, -4.9833870434667915e-05, 3.1846809633861994e-06, 0.0001528891152702272, 0.00012615737796295434, 0.00011350642307661474], [-2.159087307518348e-05, -4.0090642869472504e-05, -8.703354410499742e-07, 0.00012615737796295434, 0.00012465138570405543, 0.00011176575935678557], [-2.0295088688726537e-05, -3.728965748450719e-05, -1.8154266854253365e-06, 0.00011350642307661474, 0.00011176575935678557, 0.0001024947123369202]]</COVARIANCE_MATRIX>
		<ROI_SIZE>674</ROI_SIZE>
		<MAX_VALUE>[0.13101354241371155, 0.1312137395143509, 0.12623122334480286, 0.11484260112047195, 0.10011748224496841, 0.08984103798866272]</MAX_VALUE>
		<MIN_VALUE>[0.09764846414327621, 0.08387982100248337, 0.0862376019358635, 0.05369553342461586, 0.040127068758010864, 0.03107401169836521]</MIN_VALUE>
		<SIGNATURE_THRESHOLD_MD>0.0</SIGNATURE_THRESHOLD_MD>
		<SIGNATURE_THRESHOLD_ML>0.0</SIGNATURE_THRESHOLD_ML>
		<SIGNATURE_THRESHOLD_SAM>0.0</SIGNATURE_THRESHOLD_SAM>
	</signature>
	<signature ID="20220111_125304133897_267">
		<MACROCLASSID>1</MACROCLASSID>
		<MACROCLASSINFO>Waterbody</MACROCLASSINFO>
		<CLASSID>10</CLASSID>
		<CLASSINFO>C 1</CLASSINFO>
		<VALUES>[0.10403099515979446, 0.0021341714911465495, 0.0989195459753, 0.003003809723247154, 0.09258218031684191, 0.004232651387730481, 0.06965832815531209, 0.0094893275153729, 0.049153924142138636, 0.009318440407513444, 0.03840657206200949, 0.006443344099264272]</VALUES>
		<LCS_MIN>[0.09424522519111633, 0.080632284283638, 0.0729583129286766, 0.05725446715950966, 0.03507782146334648, 0.024779126048088074]</LCS_MIN>
		<LCS_MAX>[0.11319659650325775, 0.1106608510017395, 0.10823632776737213, 0.11437550187110901, 0.09284389764070511, 0.07402598857879639]</LCS_MAX>
		<WAVELENGTH>[0.48, 0.56, 0.655, 0.865, 1.61, 2.2]</WAVELENGTH>
		<MEAN_VALUE>[0.10403099515979446, 0.0989195459753, 0.09258218031684191, 0.06965832815531209, 0.049153924142138636, 0.03840657206200949]</MEAN_VALUE>
		<CHECKBOX>2</CHECKBOX>
		<SD>[0.0021341714911465495, 0.003003809723247154, 0.004232651387730481, 0.0094893275153729, 0.009318440407513444, 0.006443344099264272]</SD>
		<WAVELENGTH_UNIT>E-6m</WAVELENGTH_UNIT>
		<COLOR>#ab494e</COLOR>
		<COVARIANCE_MATRIX>[[4.558870386972558e-06, 5.767120455857366e-06, 6.303221653070068e-06, 3.035462668776745e-06, 2.4022269826673437e-06, 2.7241030693403445e-06], [5.767120455857366e-06, 9.031158697325736e-06, 1.1305846783216111e-05, 2.3965285436133854e-06, 1.2040575256833108e-06, 2.08395567824482e-06], [6.303221653070068e-06, 1.1305846783216111e-05, 1.7931788534042425e-05, 8.011230420379434e-06, 5.6114608923962805e-06, 4.998430540581467e-06], [3.035462668776745e-06, 2.3965285436133854e-06, 8.011230420379434e-06, 9.013002272695303e-05, 8.417998469667509e-05, 5.6236582167912275e-05], [2.4022269826673437e-06, 1.2040575256833108e-06, 5.6114608923962805e-06, 8.417998469667509e-05, 8.691306720720604e-05, 5.904193676542491e-05], [2.7241030693403445e-06, 2.08395567824482e-06, 4.998430540581467e-06, 5.6236582167912275e-05, 5.904193676542491e-05, 4.155480564804748e-05]]</COVARIANCE_MATRIX>
		<ROI_SIZE>1090</ROI_SIZE>
		<MAX_VALUE>[0.11319659650325775, 0.1106608510017395, 0.10823632776737213, 0.11437550187110901, 0.09284389764070511, 0.07402598857879639]</MAX_VALUE>
		<MIN_VALUE>[0.09424522519111633, 0.080632284283638, 0.0729583129286766, 0.05725446715950966, 0.03507782146334648, 0.024779126048088074]</MIN_VALUE>
		<SIGNATURE_THRESHOLD_MD>0.0</SIGNATURE_THRESHOLD_MD>
		<SIGNATURE_THRESHOLD_ML>0.0</SIGNATURE_THRESHOLD_ML>
		<SIGNATURE_THRESHOLD_SAM>0.0</SIGNATURE_THRESHOLD_SAM>
	</signature>
	<signature ID="20220111_125328520409_318">
		<MACROCLASSID>1</MACROCLASSID>
		<MACROCLASSINFO>Waterbody</MACROCLASSINFO>
		<CLASSID>11</CLASSID>
		<CLASSINFO>C 1</CLASSINFO>
		<VALUES>[0.1147358548692628, 0.003405916037677702, 0.11762282315191716, 0.005811134326051637, 0.11174307622445873, 0.007442417452624432, 0.060331923363133734, 0.008518334613905568, 0.03305342809464128, 0.0073143407368164055, 0.025496566751992755, 0.00576135671066282]</VALUES>
		<LCS_MIN>[0.10334277898073196, 0.10038440674543381, 0.09397830814123154, 0.04815693199634552, 0.024845857173204422, 0.01948520354926586]</LCS_MIN>
		<LCS_MAX>[0.12282798439264297, 0.1300126016139984, 0.13392743468284607, 0.10498879104852676, 0.07865261286497116, 0.06644099950790405]</LCS_MAX>
		<WAVELENGTH>[0.48, 0.56, 0.655, 0.865, 1.61, 2.2]</WAVELENGTH>
		<MEAN_VALUE>[0.1147358548692628, 0.11762282315191716, 0.11174307622445873, 0.060331923363133734, 0.03305342809464128, 0.025496566751992755]</MEAN_VALUE>
		<CHECKBOX>2</CHECKBOX>
		<SD>[0.003405916037677702, 0.005811134326051637, 0.007442417452624432, 0.008518334613905568, 0.0073143407368164055, 0.00576135671066282]</SD>
		<WAVELENGTH_UNIT>E-6m</WAVELENGTH_UNIT>
		<COLOR>#a1b605</COLOR>
		<COVARIANCE_MATRIX>[[1.160461670224322e-05, 1.8591073967400007e-05, 2.2318914489005692e-05, 1.7888537513499614e-06, -4.339837232691934e-06, -3.5032001051149564e-06], [1.8591073967400007e-05, 3.378195469849743e-05, 3.978551103500649e-05, -5.573451289819786e-06, -1.8828575775842182e-05, -1.4873503459966742e-05], [2.2318914489005692e-05, 3.978551103500649e-05, 5.5410360801033676e-05, 1.1555946912267245e-05, -2.1036019461462274e-05, -1.7826634575612843e-05], [1.7888537513499614e-06, -5.573451289819786e-06, 1.1555946912267245e-05, 7.258925325004384e-05, 3.3313859603367746e-05, 2.2241218175622635e-05], [-4.339837232691934e-06, -1.8828575775842182e-05, -2.1036019461462274e-05, 3.3313859603367746e-05, 5.351965592126362e-05, 4.173602064838633e-05], [-3.5032001051149564e-06, -1.4873503459966742e-05, -1.7826634575612843e-05, 2.2241218175622635e-05, 4.173602064838633e-05, 3.320568794151768e-05]]</COVARIANCE_MATRIX>
		<ROI_SIZE>2666</ROI_SIZE>
		<MAX_VALUE>[0.12282798439264297, 0.1300126016139984, 0.13392743468284607, 0.10498879104852676, 0.07865261286497116, 0.06644099950790405]</MAX_VALUE>
		<MIN_VALUE>[0.10334277898073196, 0.10038440674543381, 0.09397830814123154, 0.04815693199634552, 0.024845857173204422, 0.01948520354926586]</MIN_VALUE>
		<SIGNATURE_THRESHOLD_MD>0.0</SIGNATURE_THRESHOLD_MD>
		<SIGNATURE_THRESHOLD_ML>0.0</SIGNATURE_THRESHOLD_ML>
		<SIGNATURE_THRESHOLD_SAM>0.0</SIGNATURE_THRESHOLD_SAM>
	</signature>
	<signature ID="20220111_130751869100_379">
		<MACROCLASSID>1</MACROCLASSID>
		<MACROCLASSINFO>Waterbody</MACROCLASSINFO>
		<CLASSID>12</CLASSID>
		<CLASSINFO>C 1</CLASSINFO>
		<VALUES>[0.13142167698395874, 0.00469454353001758, 0.13286164418043864, 0.004972328451981076, 0.15033098741581571, 0.007011486305471141, 0.1897261980694797, 0.009146332837801655, 0.1780208606830977, 0.014919610179204408, 0.1464421783200643, 0.012437185584732348]</VALUES>
		<LCS_MIN>[0.11155058443546295, 0.10623442381620407, 0.10721313208341599, 0.16882732510566711, 0.1412455290555954, 0.11548765748739243]</LCS_MIN>
		<LCS_MAX>[0.1398664116859436, 0.14471545815467834, 0.16279934346675873, 0.22098807990550995, 0.20217016339302063, 0.17078475654125214]</LCS_MAX>
		<WAVELENGTH>[0.48, 0.56, 0.655, 0.865, 1.61, 2.2]</WAVELENGTH>
		<MEAN_VALUE>[0.13142167698395874, 0.13286164418043864, 0.15033098741581571, 0.1897261980694797, 0.1780208606830977, 0.1464421783200643]</MEAN_VALUE>
		<CHECKBOX>2</CHECKBOX>
		<SD>[0.00469454353001758, 0.004972328451981076, 0.007011486305471141, 0.009146332837801655, 0.014919610179204408, 0.012437185584732348]</SD>
		<WAVELENGTH_UNIT>E-6m</WAVELENGTH_UNIT>
		<COLOR>#9c7e41</COLOR>
		<COVARIANCE_MATRIX>[[2.212832805525977e-05, 2.181810668844264e-05, 2.504059193597641e-05, -8.233922017097939e-06, 2.05827036552364e-05, 2.8795515390811488e-05], [2.181810668844264e-05, 2.4824554202496074e-05, 3.1443014449905604e-05, -5.982307811791543e-06, 2.1380928956205025e-05, 3.128891694359481e-05], [2.504059193597641e-05, 3.1443014449905604e-05, 4.9360780394636095e-05, -1.4401350199477747e-05, 1.234533374372404e-05, 3.276382994954474e-05], [-8.233922017097939e-06, -5.982307811791543e-06, -1.4401350199477747e-05, 8.39954664115794e-05, 0.00010335517436033115, 6.697848584735766e-05], [2.05827036552364e-05, 2.1380928956205025e-05, 1.234533374372404e-05, 0.00010335517436033115, 0.00022349962091539055, 0.0001775237760739401], [2.8795515390811488e-05, 3.128891694359481e-05, 3.276382994954474e-05, 6.697848584735766e-05, 0.0001775237760739401, 0.0001553123875055462]]</COVARIANCE_MATRIX>
		<ROI_SIZE>247</ROI_SIZE>
		<MAX_VALUE>[0.1398664116859436, 0.14471545815467834, 0.16279934346675873, 0.22098807990550995, 0.20217016339302063, 0.17078475654125214]</MAX_VALUE>
		<MIN_VALUE>[0.11155058443546295, 0.10623442381620407, 0.10721313208341599, 0.16882732510566711, 0.1412455290555954, 0.11548765748739243]</MIN_VALUE>
		<SIGNATURE_THRESHOLD_MD>0.0</SIGNATURE_THRESHOLD_MD>
		<SIGNATURE_THRESHOLD_ML>0.0</SIGNATURE_THRESHOLD_ML>
		<SIGNATURE_THRESHOLD_SAM>0.0</SIGNATURE_THRESHOLD_SAM>
	</signature>
	<signature ID="20220111_130922171309_660">
		<MACROCLASSID>1</MACROCLASSID>
		<MACROCLASSINFO>Waterbody</MACROCLASSINFO>
		<CLASSID>13</CLASSID>
		<CLASSINFO>C 1</CLASSINFO>
		<VALUES>[0.12853590097572465, 0.006066023321064245, 0.12177786248196894, 0.006322869003057573, 0.12455199308399305, 0.008253755320476995, 0.15359995648951122, 0.01397781622344737, 0.12838268454039564, 0.01574899457008917, 0.10046328224339765, 0.012764753654286115]</VALUES>
		<LCS_MIN>[0.11304089426994324, 0.10659031569957733, 0.10218611359596252, 0.10316482186317444, 0.08258969336748123, 0.06552901118993759]</LCS_MIN>
		<LCS_MAX>[0.14129000902175903, 0.1367301046848297, 0.14258012175559998, 0.19013649225234985, 0.1519223302602768, 0.12265004217624664]</LCS_MAX>
		<WAVELENGTH>[0.48, 0.56, 0.655, 0.865, 1.61, 2.2]</WAVELENGTH>
		<MEAN_VALUE>[0.12853590097572465, 0.12177786248196894, 0.12455199308399305, 0.15359995648951122, 0.12838268454039564, 0.10046328224339765]</MEAN_VALUE>
		<CHECKBOX>2</CHECKBOX>
		<SD>[0.006066023321064245, 0.006322869003057573, 0.008253755320476995, 0.01397781622344737, 0.01574899457008917, 0.012764753654286115]</SD>
		<WAVELENGTH_UNIT>E-6m</WAVELENGTH_UNIT>
		<COLOR>#f3200d</COLOR>
		<COVARIANCE_MATRIX>[[3.6918081605108455e-05, 3.652413943200372e-05, 4.6409943024627864e-05, 2.838383625203278e-05, 5.7122375437757e-05, 5.079512993688695e-05], [3.652413943200372e-05, 4.011061537312344e-05, 5.131428406457417e-05, 4.41848678747192e-05, 6.832877988927066e-05, 5.915290967095643e-05], [4.6409943024627864e-05, 5.131428406457417e-05, 6.834931264165789e-05, 5.721297929994762e-05, 9.327162115368992e-05, 8.24130984256044e-05], [2.838383625203278e-05, 4.41848678747192e-05, 5.721297929994762e-05, 0.00019602416432462633, 0.00018117681611329317, 0.00013305449101608247], [5.7122375437757e-05, 6.832877988927066e-05, 9.327162115368992e-05, 0.00018117681611329317, 0.0002488494210410863, 0.00019822850299533457], [5.079512993688695e-05, 5.915290967095643e-05, 8.24130984256044e-05, 0.00013305449101608247, 0.00019822850299533457, 0.00016347668133676052]]</COVARIANCE_MATRIX>
		<ROI_SIZE>304</ROI_SIZE>
		<MAX_VALUE>[0.14129000902175903, 0.1367301046848297, 0.14258012175559998, 0.19013649225234985, 0.1519223302602768, 0.12265004217624664]</MAX_VALUE>
		<MIN_VALUE>[0.11304089426994324, 0.10659031569957733, 0.10218611359596252, 0.10316482186317444, 0.08258969336748123, 0.06552901118993759]</MIN_VALUE>
		<SIGNATURE_THRESHOLD_MD>0.0</SIGNATURE_THRESHOLD_MD>
		<SIGNATURE_THRESHOLD_ML>0.0</SIGNATURE_THRESHOLD_ML>
		<SIGNATURE_THRESHOLD_SAM>0.0</SIGNATURE_THRESHOLD_SAM>
	</signature>
	<signature ID="20220111_131013832514_286">
		<MACROCLASSID>2</MACROCLASSID>
		<MACROCLASSINFO>Vegetation</MACROCLASSINFO>
		<CLASSID>14</CLASSID>
		<CLASSINFO>C 1</CLASSINFO>
		<VALUES>[0.09001966407044958, 0.0034340092518125717, 0.09300765706799348, 0.006683729167405178, 0.06732256824556639, 0.0064568397818632, 0.42838548505917556, 0.02859265406059435, 0.1807529819078553, 0.018293457889993824, 0.09083753633193478, 0.01145693912795117]</VALUES>
		<LCS_MIN>[0.08069900423288345, 0.07567200064659119, 0.05218298360705376, 0.38267526030540466, 0.14022232592105865, 0.06675240397453308]</LCS_MIN>
		<LCS_MAX>[0.09936121106147766, 0.11190648376941681, 0.0891292467713356, 0.4825702905654907, 0.22866202890872955, 0.12623122334480286]</LCS_MAX>
		<WAVELENGTH>[0.48, 0.56, 0.655, 0.865, 1.61, 2.2]</WAVELENGTH>
		<MEAN_VALUE>[0.09001966407044958, 0.09300765706799348, 0.06732256824556639, 0.42838548505917556, 0.1807529819078553, 0.09083753633193478]</MEAN_VALUE>
		<CHECKBOX>2</CHECKBOX>
		<SD>[0.0034340092518125717, 0.006683729167405178, 0.0064568397818632, 0.02859265406059435, 0.018293457889993824, 0.01145693912795117]</SD>
		<WAVELENGTH_UNIT>E-6m</WAVELENGTH_UNIT>
		<COLOR>#ed680c</COLOR>
		<COVARIANCE_MATRIX>[[1.1811347576440312e-05, 2.0690777091658674e-05, 2.0382809452712536e-05, -4.248614641255699e-05, 3.353317151777446e-05, 2.8573875169968233e-05], [2.0690777091658674e-05, 4.4743941543856636e-05, 3.469412695267238e-05, -4.630263356375508e-05, 3.801396087510511e-05, 3.7552676076302305e-05], [2.0382809452712536e-05, 3.469412695267238e-05, 4.175769936409779e-05, -0.00011366013495717198, 6.144514918560162e-05, 5.554703966481611e-05], [-4.248614641255699e-05, -4.630263356375508e-05, -0.00011366013495717198, 0.0008188521023839712, -0.00012333800259511918, -0.0001419090258423239], [3.353317151777446e-05, 3.801396087510511e-05, 6.144514918560162e-05, -0.00012333800259511918, 0.0003351877676323056, 0.00019355289987288415], [2.8573875169968233e-05, 3.7552676076302305e-05, 5.554703966481611e-05, -0.0001419090258423239, 0.00019355289987288415, 0.0001314721448579803]]</COVARIANCE_MATRIX>
		<ROI_SIZE>624</ROI_SIZE>
		<MAX_VALUE>[0.09936121106147766, 0.11190648376941681, 0.0891292467713356, 0.4825702905654907, 0.22866202890872955, 0.12623122334480286]</MAX_VALUE>
		<MIN_VALUE>[0.08069900423288345, 0.07567200064659119, 0.05218298360705376, 0.38267526030540466, 0.14022232592105865, 0.06675240397453308]</MIN_VALUE>
		<SIGNATURE_THRESHOLD_MD>0.0</SIGNATURE_THRESHOLD_MD>
		<SIGNATURE_THRESHOLD_ML>0.0</SIGNATURE_THRESHOLD_ML>
		<SIGNATURE_THRESHOLD_SAM>0.0</SIGNATURE_THRESHOLD_SAM>
	</signature>
	<signature ID="20220111_131021850560_889">
		<MACROCLASSID>2</MACROCLASSID>
		<MACROCLASSINFO>Vegetation</MACROCLASSINFO>
		<CLASSID>15</CLASSID>
		<CLASSINFO>C 1</CLASSINFO>
		<VALUES>[0.10111025094778997, 0.0030141556062098502, 0.10542624040196337, 0.0034175871408432734, 0.09646694460469814, 0.007948041503950417, 0.3629838282035459, 0.025150617783725033, 0.2722493422528109, 0.016109235540252002, 0.15716111825572124, 0.014423851134782931]</VALUES>
		<LCS_MIN>[0.09593573212623596, 0.09836025536060333, 0.08112163841724396, 0.32737818360328674, 0.22757211327552795, 0.12062588334083557]</LCS_MIN>
		<LCS_MAX>[0.10894810408353806, 0.11564337462186813, 0.11637740582227707, 0.42478200793266296, 0.31165212392807007, 0.1911596953868866]</LCS_MAX>
		<WAVELENGTH>[0.48, 0.56, 0.655, 0.865, 1.61, 2.2]</WAVELENGTH>
		<MEAN_VALUE>[0.10111025094778997, 0.10542624040196337, 0.09646694460469814, 0.3629838282035459, 0.2722493422528109, 0.15716111825572124]</MEAN_VALUE>
		<CHECKBOX>2</CHECKBOX>
		<SD>[0.0030141556062098502, 0.0034175871408432734, 0.007948041503950417, 0.025150617783725033, 0.016109235540252002, 0.014423851134782931]</SD>
		<WAVELENGTH_UNIT>E-6m</WAVELENGTH_UNIT>
		<COLOR>#23df6e</COLOR>
		<COVARIANCE_MATRIX>[[9.1486663222895e-06, 9.625007805880159e-06, 2.2199614249984734e-05, -4.884223380940966e-05, 2.4828488676575944e-05, 3.2146006560651585e-05], [9.625007805880159e-06, 1.1761579116864596e-05, 2.294258592883125e-05, -3.7539128243224695e-05, 2.9516897484427318e-05, 3.3860116673167795e-05], [2.2199614249984734e-05, 2.294258592883125e-05, 6.361312262015417e-05, -0.00015936775889713317, 8.765325765125453e-05, 0.00010042175563285127], [-4.884223380940966e-05, -3.7539128243224695e-05, -0.00015936775889713317, 0.0006369770271703601, -0.00017410749569535255, -0.00025113721494562924], [2.4828488676575944e-05, 2.9516897484427318e-05, 8.765325765125453e-05, -0.00017410749569535255, 0.000261322216829285, 0.0002127353218384087], [3.2146006560651585e-05, 3.3860116673167795e-05, 0.00010042175563285127, -0.00025113721494562924, 0.0002127353218384087, 0.0002095023519359529]]</COVARIANCE_MATRIX>
		<ROI_SIZE>144</ROI_SIZE>
		<MAX_VALUE>[0.10894810408353806, 0.11564337462186813, 0.11637740582227707, 0.42478200793266296, 0.31165212392807007, 0.1911596953868866]</MAX_VALUE>
		<MIN_VALUE>[0.09593573212623596, 0.09836025536060333, 0.08112163841724396, 0.32737818360328674, 0.22757211327552795, 0.12062588334083557]</MIN_VALUE>
		<SIGNATURE_THRESHOLD_MD>0.0</SIGNATURE_THRESHOLD_MD>
		<SIGNATURE_THRESHOLD_ML>0.0</SIGNATURE_THRESHOLD_ML>
		<SIGNATURE_THRESHOLD_SAM>0.0</SIGNATURE_THRESHOLD_SAM>
	</signature>
	<signature ID="20220111_131430911989_899">
		<MACROCLASSID>2</MACROCLASSID>
		<MACROCLASSINFO>Vegetation</MACROCLASSINFO>
		<CLASSID>16</CLASSID>
		<CLASSINFO>C 1</CLASSINFO>
		<VALUES>[0.10090793035059667, 0.004429809682430044, 0.10503652378828542, 0.005482583097835087, 0.09139576882232472, 0.008772105590911152, 0.3407457775699583, 0.02447410570946353, 0.24263660124094868, 0.019934838512919408, 0.14308843119718484, 0.016403349935616807]</VALUES>
