<?xml version="1.0" ?>
<signaturelist MCID_LIST="[['1', 'Waterbody', '#000000'], ['2', 'Vegetation', '#000000'], ['3', 'Bareland', '#000000'], ['4', 'Built-up', '#000000']]">
	<signature ID="20220111_103555423833_323">
		<MACROCLASSID>1</MACROCLASSID>
		<MACROCLASSINFO>Waterbody</MACROCLASSINFO>
		<CLASSID>1</CLASSID>
		<CLASSINFO>C 1</CLASSINFO>
		<VALUES>[0.12892933362963283, 0.0037763909975133624, 0.13950078940075458, 0.004244762437009346, 0.1255508428502216, 0.005091387014110743, 0.0662319585022449, 0.006671517014650385, 0.02974758737838928, 0.005057000353470518, 0.023524924770533768, 0.004217051765101566]</VALUES>
		<LCS_MIN>[0.10000626742839813, 0.09231005609035492, 0.08792810887098312, 0.05160464718937874, 0.015392421744763851, 0.011522069573402405]</LCS_MIN>
		<LCS_MAX>[0.14749591052532196, 0.15928487479686737, 0.1497202217578888, 0.10732433199882507, 0.07278035581111908, 0.0558086559176445]</LCS_MAX>
		<WAVELENGTH>[0.48, 0.56, 0.655, 0.865, 1.61, 2.2]</WAVELENGTH>
		<MEAN_VALUE>[0.12892933362963283, 0.13950078940075458, 0.1255508428502216, 0.0662319585022449, 0.02974758737838928, 0.023524924770533768]</MEAN_VALUE>
		<CHECKBOX>2</CHECKBOX>
		<SD>[0.0037763909975133624, 0.004244762437009346, 0.005091387014110743, 0.006671517014650385, 0.005057000353470518, 0.004217051765101566]</SD>
		<WAVELENGTH_UNIT>E-6m</WAVELENGTH_UNIT>
		<COLOR>#63c2e9</COLOR>
		<COVARIANCE_MATRIX>[[1.4591085857892335e-05, 1.615449110892026e-05, 1.880584018246446e-05, 2.0271962552796755e-05, 1.7149254743668662e-05, 1.466497826074588e-05], [1.615449110892026e-05, 1.8367856742323666e-05, 2.065498102317632e-05, 2.1112807143584893e-05, 1.8293462020097235e-05, 1.5690656250323825e-05], [1.880584018246446e-05, 2.065498102317632e-05, 2.855505790770906e-05, 3.391004877995281e-05, 2.4948827815171205e-05, 2.0948124485562612e-05], [2.0271962552796755e-05, 2.1112807143584893e-05, 3.391004877995281e-05, 4.978380977965013e-05, 3.5210622089802736e-05, 2.898983314183248e-05], [1.7149254743668662e-05, 1.8293462020097235e-05, 2.4948827815171205e-05, 3.5210622089802736e-05, 2.941881439953069e-05, 2.4344489509142418e-05], [1.466497826074588e-05, 1.5690656250323825e-05, 2.0948124485562612e-05, 2.898983314183248e-05, 2.4344489509142418e-05, 2.0402679327086146e-05]]</COVARIANCE_MATRIX>
		<ROI_SIZE>8596</ROI_SIZE>
		<MAX_VALUE>[0.14749591052532196, 0.15928487479686737, 0.1497202217578888, 0.10732433199882507, 0.07278035581111908, 0.0558086559176445]</MAX_VALUE>
		<MIN_VALUE>[0.10000626742839813, 0.09231005609035492, 0.08792810887098312, 0.05160464718937874, 0.015392421744763851, 0.011522069573402405]</MIN_VALUE>
		<SIGNATURE_THRESHOLD_MD>0</SIGNATURE_THRESHOLD_MD>
		<SIGNATURE_THRESHOLD_ML>0</SIGNATURE_THRESHOLD_ML>
		<SIGNATURE_THRESHOLD_SAM>0</SIGNATURE_THRESHOLD_SAM>
	</signature>
	<signature ID="20220111_125155656772_501">
		<MACROCLASSID>1</MACROCLASSID>
		<MACROCLASSINFO>Waterbody</MACROCLASSINFO>
		<CLASSID>2</CLASSID>
		<CLASSINFO>C 1</CLASSINFO>
		<VALUES>[0.10830679065940599, 0.0035793401890967533, 0.11398934624101738, 0.004017181861379273, 0.095447981604431, 0.004407662334291312, 0.07453789718628658, 0.007376007058864199, 0.04268855449732352, 0.006438616328985862, 0.03411260282351487, 0.005156732701482043]</VALUES>
		<LCS_MIN>[0.09909429401159286, 0.10305360704660416, 0.0848807692527771, 0.06168091669678688, 0.029806138947606087, 0.02360023371875286]</LCS_MIN>
		<LCS_MAX>[0.12598654627799988, 0.13868752121925354, 0.12104851752519608, 0.11639964580535889, 0.08503647148609161, 0.06973301619291306]</LCS_MAX>
		<WAVELENGTH>[0.48, 0.56, 0.655, 0.865, 1.61, 2.2]</WAVELENGTH>
		<MEAN_VALUE>[0.10830679065940599, 0.11398934624101738, 0.095447981604431, 0.07453789718628658, 0.04268855449732352, 0.03411260282351487]</MEAN_VALUE>
		<CHECKBOX>2</CHECKBOX>
		<SD>[0.0035793401890967533, 0.004017181861379273, 0.004407662334291312, 0.007376007058864199, 0.006438616328985862, 0.005156732701482043]</SD>
		<WAVELENGTH_UNIT>E-6m</WAVELENGTH_UNIT>
		<COLOR>#f0acb5</COLOR>
		<COVARIANCE_MATRIX>[[1.2819398718631796e-05, 1.3696926883089317e-05, 1.476005715257817e-05, 1.489971439613003e-05, 1.2028022483202055e-05, 9.881964048483218e-06], [1.3696926883089317e-05, 1.614747750348118e-05, 1.553899763710688e-05, 1.1312420843445063e-05, 9.284567305549215e-06, 8.142567506172045e-06], [1.476005715257817e-05, 1.553899763710688e-05, 1.943919761313826e-05, 2.2651379706479624e-05, 1.798376471348083e-05, 1.4701808961747289e-05], [1.489971439613003e-05, 1.1312420843445063e-05, 2.2651379706479624e-05, 5.443827427354293e-05, 4.3146544924415775e-05, 3.3368774071095094e-05], [1.2028022483202055e-05, 9.284567305549215e-06, 1.798376471348083e-05, 4.3146544924415775e-05, 4.148076864673084e-05, 3.211457361259572e-05], [9.881964048483218e-06, 8.142567506172045e-06, 1.4701808961747289e-05, 3.3368774071095094e-05, 3.211457361259572e-05, 2.6607921022620202e-05]]</COVARIANCE_MATRIX>
		<ROI_SIZE>1660</ROI_SIZE>
		<MAX_VALUE>[0.12598654627799988, 0.13868752121925354, 0.12104851752519608, 0.11639964580535889, 0.08503647148609161, 0.06973301619291306]</MAX_VALUE>
		<MIN_VALUE>[0.09909429401159286, 0.10305360704660416, 0.0848807692527771, 0.06168091669678688, 0.029806138947606087, 0.02360023371875286]</MIN_VALUE>
		<SIGNATURE_THRESHOLD_MD>0</SIGNATURE_THRESHOLD_MD>
		<SIGNATURE_THRESHOLD_ML>0</SIGNATURE_THRESHOLD_ML>
		<SIGNATURE_THRESHOLD_SAM>0</SIGNATURE_THRESHOLD_SAM>
	</signature>
	<signature ID="20220111_125201285964_300">
		<MACROCLASSID>1</MACROCLASSID>
		<MACROCLASSINFO>Waterbody</MACROCLASSINFO>
		<CLASSID>3</CLASSID>
		<CLASSINFO>C 1</CLASSINFO>
		<VALUES>[0.0945925122114816, 0.0027529927555372275, 0.08440552298747278, 0.0031302371216031777, 0.06550561519109377, 0.003690136372714284, 0.058799861471720234, 0.0069690529702479236, 0.04123817551517439, 0.0062420324669816086, 0.03258289194336551, 0.004774944770752223]</VALUES>
		<LCS_MIN>[0.08866214752197266, 0.07776287943124771, 0.058188699185848236, 0.048446089029312134, 0.03176354989409447, 0.02631392516195774]</LCS_MIN>
		<LCS_MAX>[0.10865894705057144, 0.09873839467763901, 0.08341269940137863, 0.10307586193084717, 0.07916421443223953, 0.06368282437324524]</LCS_MAX>
		<WAVELENGTH>[0.48, 0.56, 0.655, 0.865, 1.61, 2.2]</WAVELENGTH>
		<MEAN_VALUE>[0.0945925122114816, 0.08440552298747278, 0.06550561519109377, 0.058799861471720234, 0.04123817551517439, 0.03258289194336551]</MEAN_VALUE>
		<CHECKBOX>2</CHECKBOX>
		<SD>[0.0027529927555372275, 0.0031302371216031777, 0.003690136372714284, 0.0069690529702479236, 0.0062420324669816086, 0.004774944770752223]</SD>
		<WAVELENGTH_UNIT>E-6m</WAVELENGTH_UNIT>
		<COLOR>#73d004</COLOR>
		<COVARIANCE_MATRIX>[[7.587198177308668e-06, 8.347423370069406e-06, 9.740693493020391e-06, 1.2970262383125607e-05, 1.1604060894838804e-05, 9.50071446255483e-06], [8.347423370069406e-06, 9.809023291357762e-06, 1.1126690284409842e-05, 1.49695860305636e-05, 1.3522264137255185e-05, 1.1217598652751257e-05], [9.740693493020391e-06, 1.1126690284409842e-05, 1.3631891581095631e-05, 2.0396510208305278e-05, 1.8928879276801663e-05, 1.5020587914239861e-05], [1.2970262383125607e-05, 1.49695860305636e-05, 2.0396510208305278e-05, 4.862043296042997e-05, 4.091886570731041e-05, 3.073411867712017e-05], [1.1604060894838804e-05, 1.3522264137255185e-05, 1.8928879276801663e-05, 4.091886570731041e-05, 3.9005274388688376e-05, 2.888725641828501e-05], [9.50071446255483e-06, 1.1217598652751257e-05, 1.5020587914239861e-05, 3.073411867712017e-05, 2.888725641828501e-05, 2.2824853369992123e-05]]</COVARIANCE_MATRIX>
		<ROI_SIZE>922</ROI_SIZE>
		<MAX_VALUE>[0.10865894705057144, 0.09873839467763901, 0.08341269940137863, 0.10307586193084717, 0.07916421443223953, 0.06368282437324524]</MAX_VALUE>
		<MIN_VALUE>[0.08866214752197266, 0.07776287943124771, 0.058188699185848236, 0.048446089029312134, 0.03176354989409447, 0.02631392516195774]</MIN_VALUE>
		<SIGNATURE_THRESHOLD_MD>0</SIGNATURE_THRESHOLD_MD>
		<SIGNATURE_THRESHOLD_ML>0</SIGNATURE_THRESHOLD_ML>
		<SIGNATURE_THRESHOLD_SAM>0</SIGNATURE_THRESHOLD_SAM>
	</signature>
	<signature ID="20220111_125207319662_605">
		<MACROCLASSID>1</MACROCLASSID>
		<MACROCLASSINFO>Waterbody</MACROCLASSINFO>
		<CLASSID>4</CLASSID>
		<CLASSINFO>C 1</CLASSINFO>
		<VALUES>[0.08769886980606088, 0.002903566498998105, 0.07445473983940841, 0.0032179590219521656, 0.05634456033147081, 0.003659337484078712, 0.04569206126461644, 0.007425365066255767, 0.031266522218061914, 0.005609493391695798, 0.024571326368953126, 0.004170802908646263]</VALUES>
		<LCS_MIN>[0.0841912180185318, 0.0707562118768692, 0.05262785777449608, 0.039126116782426834, 0.025179512798786163, 0.019752122461795807]</LCS_MIN>
		<LCS_MAX>[0.10323156416416168, 0.0915982648730278, 0.0752716213464737, 0.09015245735645294, 0.06886552274227142, 0.046555403620004654]</LCS_MAX>
		<WAVELENGTH>[0.48, 0.56, 0.655, 0.865, 1.61, 2.2]</WAVELENGTH>
		<MEAN_VALUE>[0.08769886980606088, 0.07445473983940841, 0.05634456033147081, 0.04569206126461644, 0.031266522218061914, 0.024571326368953126]</MEAN_VALUE>
		<CHECKBOX>2</CHECKBOX>
		<SD>[0.002903566498998105, 0.0032179590219521656, 0.003659337484078712, 0.007425365066255767, 0.005609493391695798, 0.004170802908646263]</SD>
		<WAVELENGTH_UNIT>E-6m</WAVELENGTH_UNIT>
		<COLOR>#cfa8e0</COLOR>
		<COVARIANCE_MATRIX>[[8.438766068089062e-06, 9.198029351702246e-06, 1.0351513204464622e-05, 1.3463753783891665e-05, 1.1859077763783322e-05, 9.617896979798718e-06], [9.198029351702246e-06, 1.0365169606931618e-05, 1.1569806025331656e-05, 1.5615342176421666e-05, 1.3631627110871302e-05, 1.0816150353498684e-05], [1.0351513204464622e-05, 1.1569806025331656e-05, 1.3403564938002873e-05, 1.8822993363071237e-05, 1.640801243228865e-05, 1.2811445747378818e-05], [1.3463753783891665e-05, 1.5615342176421666e-05, 1.8822993363071237e-05, 5.518880813403026e-05, 4.0224429963765085e-05, 2.8512343577405615e-05], [1.1859077763783322e-05, 1.3631627110871302e-05, 1.640801243228865e-05, 4.0224429963765085e-05, 3.149652751445631e-05, 2.2850537073172874e-05], [9.617896979798718e-06, 1.0816150353498684e-05, 1.2811445747378818e-05, 2.8512343577405615e-05, 2.2850537073172874e-05, 1.7412243406985298e-05]]</COVARIANCE_MATRIX>
		<ROI_SIZE>1046</ROI_SIZE>
		<MAX_VALUE>[0.10323156416416168, 0.0915982648730278, 0.0752716213464737, 0.09015245735645294, 0.06886552274227142, 0.046555403620004654]</MAX_VALUE>
		<MIN_VALUE>[0.0841912180185318, 0.0707562118768692, 0.05262785777449608, 0.039126116782426834, 0.025179512798786163, 0.019752122461795807]</MIN_VALUE>
		<SIGNATURE_THRESHOLD_MD>0</SIGNATURE_THRESHOLD_MD>
		<SIGNATURE_THRESHOLD_ML>0</SIGNATURE_THRESHOLD_ML>
		<SIGNATURE_THRESHOLD_SAM>0</SIGNATURE_THRESHOLD_SAM>
	</signature>
	<signature ID="20220111_125212638679_348">
		<MACROCLASSID>1</MACROCLASSID>
		<MACROCLASSINFO>Waterbody</MACROCLASSINFO>
		<CLASSID>5</CLASSID>
		<CLASSINFO>C 1</CLASSINFO>
		<VALUES>[0.09040993210265819, 0.0014652267439966326, 0.08288961487532251, 0.0019738735398975877, 0.056452321904347846, 0.0014158802109501356, 0.046447139672161776, 0.007174260201524609, 0.030959896881384903, 0.004878315345105278, 0.023516185494228754, 0.0031396997097187023]</VALUES>
		<LCS_MIN>[0.0865267813205719, 0.07751820236444473, 0.054740965366363525, 0.040705401450395584, 0.02633616514503956, 0.020130259916186333]</LCS_MIN>
		<LCS_MAX>[0.10031767934560776, 0.09295511245727539, 0.07153473049402237, 0.0892627164721489, 0.06617408245801926, 0.048112452030181885]</LCS_MAX>
		<WAVELENGTH>[0.48, 0.56, 0.655, 0.865, 1.61, 2.2]</WAVELENGTH>
		<MEAN_VALUE>[0.09040993210265819, 0.08288961487532251, 0.056452321904347846, 0.046447139672161776, 0.030959896881384903, 0.023516185494228754]</MEAN_VALUE>
		<CHECKBOX>2</CHECKBOX>
		<SD>[0.0014652267439966326, 0.0019738735398975877, 0.0014158802109501356, 0.007174260201524609, 0.004878315345105278, 0.0031396997097187023]</SD>
		<WAVELENGTH_UNIT>E-6m</WAVELENGTH_UNIT>
		<COLOR>#175395</COLOR>
		<COVARIANCE_MATRIX>[[2.148659311909391e-06, 2.720913451018735e-06, 1.1871545423342177e-06, 2.137555490815578e-06, 1.7380289146456703e-06, 1.1690562904531637e-06], [2.720913451018735e-06, 3.89938876861534e-06, 1.2912056727728257e-06, 6.895495857051197e-07, 9.257677682196657e-07, 5.709853153576188e-07], [1.1871545423342177e-06, 1.2912056727728257e-06, 2.006369464894376e-06, 8.021301083496776e-06, 5.829413900875753e-06, 3.7615592332125146e-06], [2.137555490815578e-06, 6.895495857051197e-07, 8.021301083496776e-06, 5.1512441433770984e-05, 3.415104612805366e-05, 2.127721673118735e-05], [1.7380289146456703e-06, 9.257677682196657e-07, 5.829413900875753e-06, 3.415104612805366e-05, 2.3817579699947004e-05, 1.498736212949021e-05], [1.1690562904531637e-06, 5.709853153576188e-07, 3.7615592332125146e-06, 2.127721673118735e-05, 1.498736212949021e-05, 9.865840989604465e-06]]</COVARIANCE_MATRIX>
		<ROI_SIZE>1214</ROI_SIZE>
		<MAX_VALUE>[0.10031767934560776, 0.09295511245727539, 0.07153473049402237, 0.0892627164721489, 0.06617408245801926, 0.048112452030181885]</MAX_VALUE>
		<MIN_VALUE>[0.0865267813205719, 0.07751820236444473, 0.054740965366363525, 0.040705401450395584, 0.02633616514503956, 0.020130259916186333]</MIN_VALUE>
		<SIGNATURE_THRESHOLD_MD>0</SIGNATURE_THRESHOLD_MD>
		<SIGNATURE_THRESHOLD_ML>0</SIGNATURE_THRESHOLD_ML>
		<SIGNATURE_THRESHOLD_SAM>0</SIGNATURE_THRESHOLD_SAM>
	</signature>
	<signature ID="20220111_125218102893_934">
		<MACROCLASSID>1</MACROCLASSID>
		<MACROCLASSINFO>Waterbody</MACROCLASSINFO>
		<CLASSID>6</CLASSID>
		<CLASSINFO>C 1</CLASSINFO>
		<VALUES>[0.09404652684467318, 0.003192924416821214, 0.07316556055778707, 0.003506742348145563, 0.05287950501746104, 0.0038653677935386855, 0.05348542313974894, 0.00798778310921928, 0.03845015059735222, 0.005344917821721384, 0.029894908892522297, 0.0038945172620624266]</VALUES>
		<LCS_MIN>[0.08826176822185516, 0.0666411817073822, 0.04568791016936302, 0.042128972709178925, 0.02931678295135498, 0.022354602813720703]</LCS_MIN>
		<LCS_MAX>[0.10102946311235428, 0.08726081252098083, 0.07351439446210861, 0.09755950421094894, 0.06977749615907669, 0.05329515412449837]</LCS_MAX>
		<WAVELENGTH>[0.48, 0.56, 0.655, 0.865, 1.61, 2.2]</WAVELENGTH>
		<MEAN_VALUE>[0.09404652684467318, 0.07316556055778707, 0.05287950501746104, 0.05348542313974894, 0.03845015059735222, 0.029894908892522297]</MEAN_VALUE>
		<CHECKBOX>2</CHECKBOX>
		<SD>[0.003192924416821214, 0.003506742348145563, 0.0038653677935386855, 0.00798778310921928, 0.005344917821721384, 0.0038945172620624266]</SD>
		<WAVELENGTH_UNIT>E-6m</WAVELENGTH_UNIT>
		<COLOR>#62564a</COLOR>
		<COVARIANCE_MATRIX>[[1.020788700892239e-05, 1.0697838473152869e-05, 1.157251989182076e-05, 1.1041195412593477e-05, 1.1823185509682678e-05, 1.0016675361054465e-05], [1.0697838473152869e-05, 1.2313068462424532e-05, 1.3444288405318845e-05, 1.711058773132272e-05, 1.4953791038864622e-05, 1.1938359520470445e-05], [1.157251989182076e-05, 1.3444288405318845e-05, 1.4960297353302111e-05, 2.0371216930563748e-05, 1.7336831720268315e-05, 1.3595965512095496e-05], [1.1041195412593477e-05, 1.711058773132272e-05, 2.0371216930563748e-05, 6.388679570391841e-05, 3.755127216530578e-05, 2.4688699378638476e-05], [1.1823185509682678e-05, 1.4953791038864622e-05, 1.7336831720268315e-05, 3.755127216530578e-05, 2.860491376229451e-05, 2.0178220155836994e-05], [1.0016675361054465e-05, 1.1938359520470445e-05, 1.3595965512095496e-05, 2.4688699378638476e-05, 2.0178220155836994e-05, 1.5186784993697234e-05]]</COVARIANCE_MATRIX>
		<ROI_SIZE>778</ROI_SIZE>
		<MAX_VALUE>[0.10102946311235428, 0.08726081252098083, 0.07351439446210861, 0.09755950421094894, 0.06977749615907669, 0.05329515412449837]</MAX_VALUE>
		<MIN_VALUE>[0.08826176822185516, 0.0666411817073822, 0.04568791016936302, 0.042128972709178925, 0.02931678295135498, 0.022354602813720703]</MIN_VALUE>
		<SIGNATURE_THRESHOLD_MD>0</SIGNATURE_THRESHOLD_MD>
		<SIGNATURE_THRESHOLD_ML>0</SIGNATURE_THRESHOLD_ML>
		<SIGNATURE_THRESHOLD_SAM>0</SIGNATURE_THRESHOLD_SAM>
	</signature>
	<signature ID="20220111_125233766487_809">
		<MACROCLASSID>1</MACROCLASSID>
		<MACROCLASSINFO>Waterbody</MACROCLASSINFO>
		<CLASSID>7</CLASSID>
		<CLASSINFO>C 1</CLASSINFO>
		<VALUES>[0.14623278077284058, 0.005597199362566672, 0.14888542979352487, 0.00709977509085921, 0.17242445975452703, 0.008885360614401112, 0.14968812628753875, 0.00945150473997935, 0.03494569224988235, 0.00981907788220027, 0.02777139908903607, 0.008021757911388372]</VALUES>
		<LCS_MIN>[0.12120421975851059, 0.11542093753814697, 0.13056868314743042, 0.13181431591510773, 0.020686345174908638, 0.014947555027902126]</LCS_MIN>
		<LCS_MAX>[0.1678486168384552, 0.17174118757247925, 0.19669829308986664, 0.19605322182178497, 0.08448037505149841, 0.07304728031158447]</LCS_MAX>
		<WAVELENGTH>[0.48, 0.56, 0.655, 0.865, 1.61, 2.2]</WAVELENGTH>
		<MEAN_VALUE>[0.14623278077284058, 0.14888542979352487, 0.17242445975452703, 0.14968812628753875, 0.03494569224988235, 0.02777139908903607]</MEAN_VALUE>
		<CHECKBOX>2</CHECKBOX>
		<SD>[0.005597199362566672, 0.00709977509085921, 0.008885360614401112, 0.00945150473997935, 0.00981907788220027, 0.008021757911388372]</SD>
		<WAVELENGTH_UNIT>E-6m</WAVELENGTH_UNIT>
		<COLOR>#f64ac1</COLOR>
		<COVARIANCE_MATRIX>[[3.135214306043391e-05, 3.8929457562396094e-05, 4.7843317172595956e-05, 1.426530805298421e-06, -2.2734874956048778e-05, -1.815491020776156e-05], [3.8929457562396094e-05, 5.04446208991802e-05, 6.262093623287118e-05, -6.842119422751363e-06, -3.582429930709265e-05, -2.866875973638428e-05], [4.7843317172595956e-05, 6.262093623287118e-05, 7.900886027964468e-05, -1.0108617973291445e-05, -5.071049473060123e-05, -4.032141238556616e-05], [1.426530805298421e-06, -6.842119422751363e-06, -1.0108617973291445e-05, 8.939795680998084e-05, 3.260698239769803e-05, 2.7855057750085587e-05], [-2.2734874956048778e-05, -3.582429930709265e-05, -5.071049473060123e-05, 3.260698239769803e-05, 9.648661925675693e-05, 7.7698110883447e-05], [-1.815491020776156e-05, -2.866875973638428e-05, -4.032141238556616e-05, 2.7855057750085587e-05, 7.7698110883447e-05, 6.439687350729326e-05]]</COVARIANCE_MATRIX>
		<ROI_SIZE>1334</ROI_SIZE>
		<MAX_VALUE>[0.1678486168384552, 0.17174118757247925, 0.19669829308986664, 0.19605322182178497, 0.08448037505149841, 0.07304728031158447]</MAX_VALUE>
		<MIN_VALUE>[0.12120421975851059, 0.11542093753814697, 0.13056868314743042, 0.13181431591510773, 0.020686345174908638, 0.014947555027902126]</MIN_VALUE>
		<SIGNATURE_THRESHOLD_MD>0</SIGNATURE_THRESHOLD_MD>
		<SIGNATURE_THRESHOLD_ML>0</SIGNATURE_THRESHOLD_ML>
		<SIGNATURE_THRESHOLD_SAM>0</SIGNATURE_THRESHOLD_SAM>
	</signature>
	<signature ID="20220111_125244943810_673">
		<MACROCLASSID>1</MACROCLASSID>
		<MACROCLASSINFO>Waterbody</MACROCLASSINFO>
		<CLASSID>8</CLASSID>
		<CLASSINFO>C 1</CLASSINFO>
		<VALUES>[0.14463084024590508, 0.0050344646022330245, 0.15702051754918328, 0.006263928270515093, 0.1760463405384325, 0.0070979910288341205, 0.09647296610953715, 0.006468036646903242, 0.03501876509412521, 0.008837389471619893, 0.02782919391363048, 0.007533653573833403]</VALUES>
		<LCS_MIN>[0.12095953524112701, 0.12127095460891724, 0.13294872641563416, 0.08454711735248566, 0.021642809733748436, 0.014836336486041546]</LCS_MIN>
		<LCS_MAX>[0.16833797097206116, 0.1830630749464035, 0.20481711626052856, 0.13323789834976196, 0.07469328492879868, 0.0691101998090744]</LCS_MAX>
		<WAVELENGTH>[0.48, 0.56, 0.655, 0.865, 1.61, 2.2]</WAVELENGTH>
		<MEAN_VALUE>[0.14463084024590508, 0.15702051754918328, 0.1760463405384325, 0.09647296610953715, 0.03501876509412521, 0.02782919391363048]</MEAN_VALUE>
		<CHECKBOX>2</CHECKBOX>
		<SD>[0.0050344646022330245, 0.006263928270515093, 0.0070979910288341205, 0.006468036646903242, 0.008837389471619893, 0.007533653573833403]</SD>
		<WAVELENGTH_UNIT>E-6m</WAVELENGTH_UNIT>
		<COLOR>#469359</COLOR>
		<COVARIANCE_MATRIX>[[2.7489082052963566e-05, 3.241933439192967e-05, 3.618523085476272e-05, 1.3344565017774448e-05, 4.127729195939412e-06, 3.6161320134640055e-06], [3.241933439192967e-05, 3.997659626785865e-05, 4.4899177578159905e-05, 1.0863572804504875e-05, -2.442394939073982e-06, -1.5488891785124872e-06], [3.618523085476272e-05, 4.4899177578159905e-05, 5.174314268131245e-05, 9.666227132704136e-06, -6.708570099417714e-06, -4.813676384193894e-06], [1.3344565017774448e-05, 1.0863572804504875e-05, 9.666227132704136e-06, 4.925297361576604e-05, 5.8929986484460265e-05, 4.96404836992517e-05], [4.127729195939412e-06, -2.442394939073982e-06, -6.708570099417714e-06, 5.8929986484460265e-05, 8.434736729537067e-05, 7.016224255910492e-05], [3.6161320134640055e-06, -1.5488891785124872e-06, -4.813676384193894e-06, 4.96404836992517e-05, 7.016224255910492e-05, 6.064721181996184e-05]]</COVARIANCE_MATRIX>
		<ROI_SIZE>2957</ROI_SIZE>
		<MAX_VALUE>[0.16833797097206116, 0.1830630749464035, 0.20481711626052856, 0.13323789834976196, 0.07469328492879868, 0.0691101998090744]</MAX_VALUE>
		<MIN_VALUE>[0.12095953524112701, 0.12127095460891724, 0.13294872641563416, 0.08454711735248566, 0.021642809733748436, 0.014836336486041546]</MIN_VALUE>
		<SIGNATURE_THRESHOLD_MD>0</SIGNATURE_THRESHOLD_MD>
		<SIGNATURE_THRESHOLD_ML>0</SIGNATURE_THRESHOLD_ML>
		<SIGNATURE_THRESHOLD_SAM>0</SIGNATURE_THRESHOLD_SAM>
	</signature>
	<signature ID="20220111_125251166553_525">
		<MACROCLASSID>1</MACROCLASSID>
		<MACROCLASSINFO>Waterbody</MACROCLASSINFO>
		<CLASSID>9</CLASSID>
		<CLASSINFO>C 1</CLASSINFO>
		<VALUES>[0.11785790728797547, 0.0055935534959633765, 0.11687777892241494, 0.00759435349044216, 0.10619415465510201, 0.005433805341895823, 0.06806373977563848, 0.012355657478249574, 0.052871934865056966, 0.011156452947612711, 0.043825608164138295, 0.010116454012399977]</VALUES>
		<LCS_MIN>[0.09764846414327621, 0.08387982100248337, 0.0862376019358635, 0.05369553342461586, 0.040127068758010864, 0.03107401169836521]</LCS_MIN>
		<LCS_MAX>[0.13101354241371155, 0.1312137395143509, 0.12623122334480286, 0.11484260112047195, 0.10011748224496841, 0.08984103798866272]</LCS_MAX>
		<WAVELENGTH>[0.48, 0.56, 0.655, 0.865, 1.61, 2.2]</WAVELENGTH>
		<MEAN_VALUE>[0.11785790728797547, 0.11687777892241494, 0.10619415465510201, 0.06806373977563848, 0.052871934865056966, 0.043825608164138295]</MEAN_VALUE>
		<CHECKBOX>2</CHECKBOX>
		<SD>[0.0055935534959633765, 0.00759435349044216, 0.005433805341895823, 0.012355657478249574, 0.011156452947612711, 0.010116454012399977]</SD>
		<WAVELENGTH_UNIT>E-6m</WAVELENGTH_UNIT>
		<COLOR>#b86b8c</COLOR>
		<COVARIANCE_MATRIX>[[3.1334330817274685e-05, 4.151138822939975e-05, 2.2461653519225213e-05, -2.7841877383636376e-05, -2.1590873122050925e-05, -2.029508805854583e-05], [4.151138822939975e-05, 5.77599021219479e-05, 2.9683507676408484e-05, -4.983387194527331e-05, -4.009064290908756e-05, -3.728965654965168e-05], [2.2461653519225213e-05, 2.9683507676408484e-05, 2.9570113064928595e-05, 3.1846810148104065e-06, -8.703354455921729e-07, -1.81542663995063e-06], [-2.7841877383636376e-05, -4.983387194527331e-05, 3.1846810148104065e-06, 0.00015288911016220173, 0.00012615738408140934, 0.0001135064245850601], [-2.1590873122050925e-05, -4.009064290908756e-05, -8.703354455921729e-07, 0.00012615738408140934, 0.0001246513850801306, 0.00011176576144855736], [-2.029508805854583e-05, -3.728965654965168e-05, -1.81542663995063e-06, 0.0001135064245850601, 0.00011176576144855736, 0.0001024947110892904]]</COVARIANCE_MATRIX>
		<ROI_SIZE>674</ROI_SIZE>
		<MAX_VALUE>[0.13101354241371155, 0.1312137395143509, 0.12623122334480286, 0.11484260112047195, 0.10011748224496841, 0.08984103798866272]</MAX_VALUE>
		<MIN_VALUE>[0.09764846414327621, 0.08387982100248337, 0.0862376019358635, 0.05369553342461586, 0.040127068758010864, 0.03107401169836521]</MIN_VALUE>
		<SIGNATURE_THRESHOLD_MD>0</SIGNATURE_THRESHOLD_MD>
		<SIGNATURE_THRESHOLD_ML>0</SIGNATURE_THRESHOLD_ML>
		<SIGNATURE_THRESHOLD_SAM>0</SIGNATURE_THRESHOLD_SAM>
	</signature>
	<signature ID="20220111_125304133897_267">
		<MACROCLASSID>1</MACROCLASSID>
		<MACROCLASSINFO>Waterbody</MACROCLASSINFO>
		<CLASSID>10</CLASSID>
		<CLASSINFO>C 1</CLASSINFO>
		<VALUES>[0.10403099515979446, 0.0021341714911465495, 0.0989195459753, 0.003003809723247154, 0.09258218031684191, 0.004232651387730481, 0.06965832815531209, 0.0094893275153729, 0.049153924142138636, 0.009318440407513444, 0.03840657206200949, 0.006443344099264272]</VALUES>
		<LCS_MIN>[0.09424522519111633, 0.080632284283638, 0.0729583129286766, 0.05725446715950966, 0.03507782146334648, 0.024779126048088074]</LCS_MIN>
		<LCS_MAX>[0.11319659650325775, 0.1106608510017395, 0.10823632776737213, 0.11437550187110901, 0.09284389764070511, 0.07402598857879639]</LCS_MAX>
		<WAVELENGTH>[0.48, 0.56, 0.655, 0.865, 1.61, 2.2]</WAVELENGTH>
		<MEAN_VALUE>[0.10403099515979446, 0.0989195459753, 0.09258218031684191, 0.06965832815531209, 0.049153924142138636, 0.03840657206200949]</MEAN_VALUE>
		<CHECKBOX>2</CHECKBOX>
		<SD>[0.0021341714911465495, 0.003003809723247154, 0.004232651387730481, 0.0094893275153729, 0.009318440407513444, 0.006443344099264272]</SD>
		<WAVELENGTH_UNIT>E-6m</WAVELENGTH_UNIT>
		<COLOR>#ab494e</COLOR>
		<COVARIANCE_MATRIX>[[4.558870403534171e-06, 5.7671202664664024e-06, 6.303221737199923e-06, 3.0354627341726004e-06, 2.402227051588885e-06, 2.7241030111761243e-06], [5.7671202664664024e-06, 9.031158319822779e-06, 1.1305846432864773e-05, 2.3965286096249767e-06, 1.2040575200995159e-06, 2.0839556738764346e-06], [6.303221737199923e-06, 1.1305846432864773e-05, 1.793178895258203e-05, 8.011230284551941e-06, 5.6114608595440204e-06, 4.998430724394399e-06], [3.0354627341726004e-06, 2.3965286096249767e-06, 8.011230284551941e-06, 9.013002479015127e-05, 8.41799840086594e-05, 5.6236580488191506e-05], [2.402227051588885e-06, 1.2040575200995159e-06, 5.6114608595440204e-06, 8.41799840086594e-05, 8.691306838836852e-05, 5.904193593844396e-05], [2.7241030111761243e-06, 2.0839556738764346e-06, 4.998430724394399e-06, 5.6236580488191506e-05, 5.904193593844396e-05, 4.155480685753983e-05]]</COVARIANCE_MATRIX>
		<ROI_SIZE>1090</ROI_SIZE>
		<MAX_VALUE>[0.11319659650325775, 0.1106608510017395, 0.10823632776737213, 0.11437550187110901, 0.09284389764070511, 0.07402598857879639]</MAX_VALUE>
		<MIN_VALUE>[0.09424522519111633, 0.080632284283638, 0.0729583129286766, 0.05725446715950966, 0.03507782146334648, 0.024779126048088074]</MIN_VALUE>
		<SIGNATURE_THRESHOLD_MD>0</SIGNATURE_THRESHOLD_MD>
		<SIGNATURE_THRESHOLD_ML>0</SIGNATURE_THRESHOLD_ML>
		<SIGNATURE_THRESHOLD_SAM>0</SIGNATURE_THRESHOLD_SAM>
	</signature>
	<signature ID="20220111_125328520409_318">
		<MACROCLASSID>1</MACROCLASSID>
		<MACROCLASSINFO>Waterbody</MACROCLASSINFO>
		<CLASSID>11</CLASSID>
		<CLASSINFO>C 1</CLASSINFO>
		<VALUES>[0.1147358548692628, 0.003405916037677702, 0.11762282315191716, 0.005811134326051637, 0.11174307622445873, 0.007442417452624432, 0.060331923363133734, 0.008518334613905568, 0.03305342809464128, 0.0073143407368164055, 0.025496566751992755, 0.00576135671066282]</VALUES>
		<LCS_MIN>[0.10334277898073196, 0.10038440674543381, 0.09397830814123154, 0.04815693199634552, 0.024845857173204422, 0.01948520354926586]</LCS_MIN>
		<LCS_MAX>[0.12282798439264297, 0.1300126016139984, 0.13392743468284607, 0.10498879104852676, 0.07865261286497116, 0.06644099950790405]</LCS_MAX>
		<WAVELENGTH>[0.48, 0.56, 0.655, 0.865, 1.61, 2.2]</WAVELENGTH>
		<MEAN_VALUE>[0.1147358548692628, 0.11762282315191716, 0.11174307622445873, 0.060331923363133734, 0.03305342809464128, 0.025496566751992755]</MEAN_VALUE>
		<CHECKBOX>2</CHECKBOX>
		<SD>[0.003405916037677702, 0.005811134326051637, 0.007442417452624432, 0.008518334613905568, 0.0073143407368164055, 0.00576135671066282]</SD>
		<WAVELENGTH_UNIT>E-6m</WAVELENGTH_UNIT>
		<COLOR>#a1b605</COLOR>
		<COVARIANCE_MATRIX>[[1.1604616875243074e-05, 1.859107482867368e-05, 2.2318914146954398e-05, 1.7888537900446323e-06, -4.339837061544541e-06, -3.503200174021487e-06], [1.859107482867368e-05, 3.3781953555848845e-05, 3.9785511961099084e-05, -5.573451152084712e-06, -1.8828576511533116e-05, -1.4873503387210863e-05], [2.2318914146954398e-05, 3.9785511961099084e-05, 5.54103616207561e-05, 1.1555947142533706e-05, -2.1036018888877045e-05, -1.7826633817581178e-05], [1.7888537900446323e-06, -5.573451152084712e-06, 1.1555947142533706e-05, 7.258925237104455e-05, 3.33138603830321e-05, 2.224121899108907e-05], [-4.339837061544541e-06, -1.8828576511533116e-05, -2.1036018888877045e-05, 3.33138603830321e-05, 5.3519655303713196e-05, 4.1736021447362795e-05], [-3.503200174021487e-06, -1.4873503387210863e-05, -1.7826633817581178e-05, 2.224121899108907e-05, 4.1736021447362795e-05, 3.320568639370859e-05]]</COVARIANCE_MATRIX>
		<ROI_SIZE>2666</ROI_SIZE>
		<MAX_VALUE>[0.12282798439264297, 0.1300126016139984, 0.13392743468284607, 0.10498879104852676, 0.07865261286497116, 0.06644099950790405]</MAX_VALUE>
		<MIN_VALUE>[0.10334277898073196, 0.10038440674543381, 0.09397830814123154, 0.04815693199634552, 0.024845857173204422, 0.01948520354926586]</MIN_VALUE>
		<SIGNATURE_THRESHOLD_MD>0</SIGNATURE_THRESHOLD_MD>
		<SIGNATURE_THRESHOLD_ML>0</SIGNATURE_THRESHOLD_ML>
		<SIGNATURE_THRESHOLD_SAM>0</SIGNATURE_THRESHOLD_SAM>
	</signature>
	<signature ID="20220111_130751869100_379">
		<MACROCLASSID>1</MACROCLASSID>
		<MACROCLASSINFO>Waterbody</MACROCLASSINFO>
		<CLASSID>12</CLASSID>
		<CLASSINFO>C 1</CLASSINFO>
		<VALUES>[0.13142167698395874, 0.00469454353001758, 0.13286164418043864, 0.004972328451981076, 0.15033098741581571, 0.007011486305471141, 0.1897261980694797, 0.009146332837801655, 0.1780208606830977, 0.014919610179204408, 0.1464421783200643, 0.012437185584732348]</VALUES>
		<LCS_MIN>[0.11155058443546295, 0.10623442381620407, 0.10721313208341599, 0.16882732510566711, 0.1412455290555954, 0.11548765748739243]</LCS_MIN>
		<LCS_MAX>[0.1398664116859436, 0.14471545815467834, 0.16279934346675873, 0.22098807990550995, 0.20217016339302063, 0.17078475654125214]</LCS_MAX>
		<WAVELENGTH>[0.48, 0.56, 0.655, 0.865, 1.61, 2.2]</WAVELENGTH>
		<MEAN_VALUE>[0.13142167698395874, 0.13286164418043864, 0.15033098741581571, 0.1897261980694797, 0.1780208606830977, 0.1464421783200643]</MEAN_VALUE>
		<CHECKBOX>2</CHECKBOX>
		<SD>[0.00469454353001758, 0.004972328451981076, 0.007011486305471141, 0.009146332837801655, 0.014919610179204408, 0.012437185584732348]</SD>
		<WAVELENGTH_UNIT>E-6m</WAVELENGTH_UNIT>
		<COLOR>#9c7e41</COLOR>
		<COVARIANCE_MATRIX>[[2.2128327324966647e-05, 2.1818106882054382e-05, 2.5040592694826727e-05, -8.233921684122555e-06, 2.0582703233687852e-05, 2.879551622732232e-05], [2.1818106882054382e-05, 2.4824554503625767e-05, 3.144301506504637e-05, -5.9823076069635704e-06, 2.1380928282549382e-05, 3.128891653150568e-05], [2.5040592694826727e-05, 3.144301506504637e-05, 4.9360781432182445e-05, -1.4401350259973684e-05, 1.2345333546500947e-05, 3.276383032255793e-05], [-8.233921684122555e-06, -5.9823076069635704e-06, -1.4401350259973684e-05, 8.39954669992791e-05, 0.00010335517616518443, 6.697848889152676e-05], [2.0582703233687852e-05, 2.1380928282549382e-05, 1.2345333546500947e-05, 0.00010335517616518443, 0.00022349962467949872, 0.0001775237805314846], [2.879551622732232e-05, 3.128891653150568e-05, 3.276383032255793e-05, 6.697848889152676e-05, 0.0001775237805314846, 0.00015531238033114362]]</COVARIANCE_MATRIX>
		<ROI_SIZE>247</ROI_SIZE>
		<MAX_VALUE>[0.1398664116859436, 0.14471545815467834, 0.16279934346675873, 0.22098807990550995, 0.20217016339302063, 0.17078475654125214]</MAX_VALUE>
		<MIN_VALUE>[0.11155058443546295, 0.10623442381620407, 0.10721313208341599, 0.16882732510566711, 0.1412455290555954, 0.11548765748739243]</MIN_VALUE>
		<SIGNATURE_THRESHOLD_MD>0</SIGNATURE_THRESHOLD_MD>
		<SIGNATURE_THRESHOLD_ML>0</SIGNATURE_THRESHOLD_ML>
		<SIGNATURE_THRESHOLD_SAM>0</SIGNATURE_THRESHOLD_SAM>
	</signature>
	<signature ID="20220111_130922171309_660">
		<MACROCLASSID>1</MACROCLASSID>
		<MACROCLASSINFO>Waterbody</MACROCLASSINFO>
		<CLASSID>13</CLASSID>
		<CLASSINFO>C 1</CLASSINFO>
		<VALUES>[0.12853590097572465, 0.006066023321064245, 0.12177786248196894, 0.006322869003057573, 0.12455199308399305, 0.008253755320476995, 0.15359995648951122, 0.01397781622344737, 0.12838268454039564, 0.01574899457008917, 0.10046328224339765, 0.012764753654286115]</VALUES>
		<LCS_MIN>[0.11304089426994324, 0.10659031569957733, 0.10218611359596252, 0.10316482186317444, 0.08258969336748123, 0.06552901118993759]</LCS_MIN>
		<LCS_MAX>[0.14129000902175903, 0.1367301046848297, 0.14258012175559998, 0.19013649225234985, 0.1519223302602768, 0.12265004217624664]</LCS_MAX>
		<WAVELENGTH>[0.48, 0.56, 0.655, 0.865, 1.61, 2.2]</WAVELENGTH>
		<MEAN_VALUE>[0.12853590097572465, 0.12177786248196894, 0.12455199308399305, 0.15359995648951122, 0.12838268454039564, 0.10046328224339765]</MEAN_VALUE>
		<CHECKBOX>2</CHECKBOX>
		<SD>[0.006066023321064245, 0.006322869003057573, 0.008253755320476995, 0.01397781622344737, 0.01574899457008917, 0.012764753654286115]</SD>
		<WAVELENGTH_UNIT>E-6m</WAVELENGTH_UNIT>
		<COLOR>#f3200d</COLOR>
		<COVARIANCE_MATRIX>[[3.691807998427503e-05, 3.652413973936857e-05, 4.640994213012705e-05, 2.8383835362870222e-05, 5.712237667532548e-05, 5.079512940839118e-05], [3.652413973936857e-05, 4.0110615243126004e-05, 5.131428420442531e-05, 4.4184866695984724e-05, 6.83287823394505e-05, 5.9152908174876934e-05], [4.640994213012705e-05, 5.131428420442531e-05, 6.834931014736593e-05, 5.7212981032667544e-05, 9.327162041549133e-05, 8.241310173351651e-05], [2.8383835362870222e-05, 4.4184866695984724e-05, 5.7212981032667544e-05, 0.0001960241627011434, 0.00018117681788393938, 0.00013305448681031953], [5.712237667532548e-05, 6.83287823394505e-05, 9.327162041549133e-05, 0.00018117681788393938, 0.0002488494135659548, 0.00019822850439077099], [5.079512940839118e-05, 5.9152908174876934e-05, 8.241310173351651e-05, 0.00013305448681031953, 0.00019822850439077099, 0.0001634766881181574]]</COVARIANCE_MATRIX>
		<ROI_SIZE>304</ROI_SIZE>
		<MAX_VALUE>[0.14129000902175903, 0.1367301046848297, 0.14258012175559998, 0.19013649225234985, 0.1519223302602768, 0.12265004217624664]</MAX_VALUE>
		<MIN_VALUE>[0.11304089426994324, 0.10659031569957733, 0.10218611359596252, 0.10316482186317444, 0.08258969336748123, 0.06552901118993759]</MIN_VALUE>
		<SIGNATURE_THRESHOLD_MD>0</SIGNATURE_THRESHOLD_MD>
		<SIGNATURE_THRESHOLD_ML>0</SIGNATURE_THRESHOLD_ML>
		<SIGNATURE_THRESHOLD_SAM>0</SIGNATURE_THRESHOLD_SAM>
	</signature>
	<signature ID="20220111_131013832514_286">
		<MACROCLASSID>2</MACROCLASSID>
		<MACROCLASSINFO>Vegetation</MACROCLASSINFO>
		<CLASSID>14</CLASSID>
		<CLASSINFO>C 1</CLASSINFO>
		<VALUES>[0.09001966407044958, 0.0034340092518125717, 0.09300765706799348, 0.006683729167405178, 0.06732256824556639, 0.0064568397818632, 0.42838548505917556, 0.02859265406059435, 0.1807529819078553, 0.018293457889993824, 0.09083753633193478, 0.01145693912795117]</VALUES>
		<LCS_MIN>[0.08069900423288345, 0.07567200064659119, 0.05218298360705376, 0.38267526030540466, 0.14022232592105865, 0.06675240397453308]</LCS_MIN>
		<LCS_MAX>[0.09936121106147766, 0.11190648376941681, 0.0891292467713356, 0.4825702905654907, 0.22866202890872955, 0.12623122334480286]</LCS_MAX>
		<WAVELENGTH>[0.48, 0.56, 0.655, 0.865, 1.61, 2.2]</WAVELENGTH>
		<MEAN_VALUE>[0.09001966407044958, 0.09300765706799348, 0.06732256824556639, 0.42838548505917556, 0.1807529819078553, 0.09083753633193478]</MEAN_VALUE>
		<CHECKBOX>2</CHECKBOX>
		<SD>[0.0034340092518125717, 0.006683729167405178, 0.0064568397818632, 0.02859265406059435, 0.018293457889993824, 0.01145693912795117]</SD>
		<WAVELENGTH_UNIT>E-6m</WAVELENGTH_UNIT>
		<COLOR>#ed680c</COLOR>
		<COVARIANCE_MATRIX>[[1.1811347983816126e-05, 2.069077707443174e-05, 2.0382810320233618e-05, -4.248614501409707e-05, 3.353317265789978e-05, 2.8573875424604656e-05], [2.069077707443174e-05, 4.4743940616261545e-05, 3.469412605013271e-05, -4.6302632143386334e-05, 3.8013960965369775e-05, 3.7552675665352615e-05], [2.0382810320233618e-05, 3.469412605013271e-05, 4.175769935864902e-05, -0.00011366013518564465, 6.144514880006986e-05, 5.5547039392351924e-05], [-4.248614501409707e-05, -4.6302632143386334e-05, -0.00011366013518564465, 0.0008188521292564776, -0.000123338002676319, -0.00014190903103873382], [3.353317265789978e-05, 3.8013960965369775e-05, 6.144514880006986e-05, -0.000123338002676319, 0.0003351877614470917, 0.00019355290345367666], [2.8573875424604656e-05, 3.7552675665352615e-05, 5.5547039392351924e-05, -0.00014190903103873382, 0.00019355290345367666, 0.0001314721467244059]]</COVARIANCE_MATRIX>
		<ROI_SIZE>624</ROI_SIZE>
		<MAX_VALUE>[0.09936121106147766, 0.11190648376941681, 0.0891292467713356, 0.4825702905654907, 0.22866202890872955, 0.12623122334480286]</MAX_VALUE>
		<MIN_VALUE>[0.08069900423288345, 0.07567200064659119, 0.05218298360705376, 0.38267526030540466, 0.14022232592105865, 0.06675240397453308]</MIN_VALUE>
		<SIGNATURE_THRESHOLD_MD>0</SIGNATURE_THRESHOLD_MD>
		<SIGNATURE_THRESHOLD_ML>0</SIGNATURE_THRESHOLD_ML>
		<SIGNATURE_THRESHOLD_SAM>0</SIGNATURE_THRESHOLD_SAM>
	</signature>
	<signature ID="20220111_131021850560_889">
		<MACROCLASSID>2</MACROCLASSID>
		<MACROCLASSINFO>Vegetation</MACROCLASSINFO>
		<CLASSID>15</CLASSID>
		<CLASSINFO>C 1</CLASSINFO>
		<VALUES>[0.10111025094778997, 0.0030141556062098502, 0.10542624040196337, 0.0034175871408432734, 0.09646694460469814, 0.007948041503950417, 0.3629838282035459, 0.025150617783725033, 0.2722493422528109, 0.016109235540252002, 0.15716111825572124, 0.014423851134782931]</VALUES>
		<LCS_MIN>[0.09593573212623596, 0.09836025536060333, 0.08112163841724396, 0.32737818360328674, 0.22757211327552795, 0.12062588334083557]</LCS_MIN>
		<LCS_MAX>[0.10894810408353806, 0.11564337462186813, 0.11637740582227707, 0.42478200793266296, 0.31165212392807007, 0.1911596953868866]</LCS_MAX>
		<WAVELENGTH>[0.48, 0.56, 0.655, 0.865, 1.61, 2.2]</WAVELENGTH>
		<MEAN_VALUE>[0.10111025094778997, 0.10542624040196337, 0.09646694460469814, 0.3629838282035459, 0.2722493422528109, 0.15716111825572124]</MEAN_VALUE>
		<CHECKBOX>2</CHECKBOX>
		<SD>[0.0030141556062098502, 0.0034175871408432734, 0.007948041503950417, 0.025150617783725033, 0.016109235540252002, 0.014423851134782931]</SD>
		<WAVELENGTH_UNIT>E-6m</WAVELENGTH_UNIT>
		<COLOR>#23df6e</COLOR>
		<COVARIANCE_MATRIX>[[9.148666424169673e-06, 9.625008124498043e-06, 2.2199614958723144e-05, -4.884223413474873e-05, 2.482848807885522e-05, 3.2146006342641385e-05], [9.625008124498043e-06, 1.1761579500678692e-05, 2.2942586655379557e-05, -3.7539126972208634e-05, 2.951689728787707e-05, 3.38601166081535e-05], [2.2199614958723144e-05, 2.2942586655379557e-05, 6.361312153696954e-05, -0.00015936776136985518, 8.765325430607449e-05, 0.00010042175479216084], [-4.884223413474873e-05, -3.7539126972208634e-05, -0.00015936776136985518, 0.0006369770264757755, -0.0001741075021346435, -0.0002511372135014601], [2.482848807885522e-05, 2.951689728787707e-05, 8.765325430607449e-05, -0.0001741075021346435, 0.0002613222072416055, 0.00021273532164371386], [3.2146006342641385e-05, 3.38601166081535e-05, 0.00010042175479216084, -0.0002511372135014601, 0.00021273532164371386, 0.00020950235905179342]]</COVARIANCE_MATRIX>
		<ROI_SIZE>144</ROI_SIZE>
		<MAX_VALUE>[0.10894810408353806, 0.11564337462186813, 0.11637740582227707, 0.42478200793266296, 0.31165212392807007, 0.1911596953868866]</MAX_VALUE>
		<MIN_VALUE>[0.09593573212623596, 0.09836025536060333, 0.08112163841724396, 0.32737818360328674, 0.22757211327552795, 0.12062588334083557]</MIN_VALUE>
		<SIGNATURE_THRESHOLD_MD>0</SIGNATURE_THRESHOLD_MD>
		<SIGNATURE_THRESHOLD_ML>0</SIGNATURE_THRESHOLD_ML>
		<SIGNATURE_THRESHOLD_SAM>0</SIGNATURE_THRESHOLD_SAM>
	</signature>
	<signature ID="20220111_131430911989_899">
		<MACROCLASSID>2</MACROCLASSID>
		<MACROCLASSINFO>Vegetation</MACROCLASSINFO>
		<CLASSID>16</CLASSID>
		<CLASSINFO>C 1</CLASSINFO>
		<VALUES>[0.10090793035059667, 0.004429809682430044, 0.10503652378828542, 0.005482583097835087, 0.09139576882232472, 0.008772105590911152, 0.3407457775699583, 0.02447410570946353, 0.24263660124094868, 0.019934838512919408, 0.14308843119718484, 0.016403349935616807]</VALUES>
		<LCS_MIN>[0.08964085578918457, 0.08848419040441513, 0.06437236070632935, 0.2913883924484253, 0.1769016683101654, 0.08941841870546341]</LCS_MIN>
