<?xml version="1.0" ?>
<signaturelist MCID_LIST="[['1', 'waterbody', '#000000'], ['2', 'vegetation', '#000000'], ['3', 'bareland', '#000000'], ['4', 'built-up', '#000000']]">
	<signature ID="20210522_215802526144_225">
		<MACROCLASSID>1</MACROCLASSID>
		<MACROCLASSINFO>waterbody</MACROCLASSINFO>
		<CLASSID>1</CLASSID>
		<CLASSINFO>C 1</CLASSINFO>
		<VALUES>[0.11286554350330767, 0.003455538395083458, 0.1166962441869639, 0.00569957766643091, 0.09812856808200762, 0.005179615396237511, 0.043199809300623844, 0.008173958199782849, 0.012933609396037224, 0.008976494631570731, 0.008517780126662464, 0.007182365572417025]</VALUES>
		<LCS_MIN>[0.0900483950972557, 0.07779111713171005, 0.05813388153910637, 0.02702237479388714, 0.0, 0.0]</LCS_MIN>
		<LCS_MAX>[0.11940228939056396, 0.1268218457698822, 0.1063510924577713, 0.07868795841932297, 0.04691730812191963, 0.03866036608815193]</LCS_MAX>
		<WAVELENGTH>[0.485, 0.56, 0.66, 0.83, 1.65, 2.215]</WAVELENGTH>
		<MEAN_VALUE>[0.11286554350330767, 0.1166962441869639, 0.09812856808200762, 0.043199809300623844, 0.012933609396037224, 0.008517780126662464]</MEAN_VALUE>
		<CHECKBOX>2</CHECKBOX>
		<SD>[0.003455538395083458, 0.00569957766643091, 0.005179615396237511, 0.008173958199782849, 0.008976494631570731, 0.007182365572417025]</SD>
		<WAVELENGTH_UNIT>E-6m</WAVELENGTH_UNIT>
		<COLOR>#b7d148</COLOR>
		<COVARIANCE_MATRIX>[[1.1961621029266504e-05, 1.463221900876127e-05, 1.233023544211119e-05, -8.82766243822331e-06, -1.1122248126177592e-05, -7.645832611702732e-06], [1.463221900876127e-05, 3.2541977858153004e-05, 2.3638372621540055e-05, -1.972812852906317e-05, -2.3983573731136426e-05, -1.7585650171235835e-05], [1.233023544211119e-05, 2.3638372621540055e-05, 2.687531847750878e-05, -7.2548671621822416e-06, -1.1043537221089777e-05, -6.992070145491542e-06], [-8.82766243822331e-06, -1.972812852906317e-05, -7.2548671621822416e-06, 6.693039963195766e-05, 6.13754938933284e-05, 4.571462366534312e-05], [-1.1122248126177592e-05, -2.3983573731136426e-05, -1.1043537221089777e-05, 6.13754938933284e-05, 8.071832554871362e-05, 5.5942944711360004e-05], [-7.645832611702732e-06, -1.7585650171235835e-05, -6.992070145491542e-06, 4.571462366534312e-05, 5.5942944711360004e-05, 5.167656118649835e-05]]</COVARIANCE_MATRIX>
		<ROI_SIZE>573</ROI_SIZE>
		<MAX_VALUE>[0.11940228939056396, 0.1268218457698822, 0.1063510924577713, 0.07868795841932297, 0.04691730812191963, 0.03866036608815193]</MAX_VALUE>
		<MIN_VALUE>[0.0900483950972557, 0.07779111713171005, 0.05813388153910637, 0.02702237479388714, 0.0, 0.0]</MIN_VALUE>
		<SIGNATURE_THRESHOLD_MD>0</SIGNATURE_THRESHOLD_MD>
		<SIGNATURE_THRESHOLD_ML>0</SIGNATURE_THRESHOLD_ML>
		<SIGNATURE_THRESHOLD_SAM>0</SIGNATURE_THRESHOLD_SAM>
	</signature>
	<signature ID="20210522_215814177572_598">
		<MACROCLASSID>1</MACROCLASSID>
		<MACROCLASSINFO>waterbody</MACROCLASSINFO>
		<CLASSID>2</CLASSID>
		<CLASSINFO>C 1</CLASSINFO>
		<VALUES>[0.1296859817490144, 0.002603213847228101, 0.12712497306754458, 0.003929570008887447, 0.12465744703962037, 0.004132898739117582, 0.09216334515321754, 0.004410959131355886, 0.017989450471167668, 0.008771886224004296, 0.012278544446640586, 0.008377609601706444]</VALUES>
		<LCS_MIN>[0.11940228939056396, 0.10230647772550583, 0.09257473796606064, 0.08299343287944794, 0.005337794777005911, 0.0]</LCS_MIN>
		<LCS_MAX>[0.1409284770488739, 0.13499362766742706, 0.13734787702560425, 0.11313169449567795, 0.04968928173184395, 0.0506027527153492]</LCS_MAX>
		<WAVELENGTH>[0.485, 0.56, 0.66, 0.83, 1.65, 2.215]</WAVELENGTH>
		<MEAN_VALUE>[0.1296859817490144, 0.12712497306754458, 0.12465744703962037, 0.09216334515321754, 0.017989450471167668, 0.012278544446640586]</MEAN_VALUE>
		<CHECKBOX>2</CHECKBOX>
		<SD>[0.002603213847228101, 0.003929570008887447, 0.004132898739117582, 0.004410959131355886, 0.008771886224004296, 0.008377609601706444]</SD>
		<WAVELENGTH_UNIT>E-6m</WAVELENGTH_UNIT>
		<COLOR>#49705e</COLOR>
		<COVARIANCE_MATRIX>[[6.292071169833933e-06, 3.91597791482884e-06, 5.0036174293495555e-06, 3.991224629543035e-06, 1.9654872963812353e-06, 2.3250611120039175e-06], [3.91597791482884e-06, 1.4726424569040108e-05, 1.0328525000938946e-05, 4.3527155408285785e-06, -3.1420312253156966e-06, -2.1347098654504332e-06], [5.0036174293495555e-06, 1.0328525000938946e-05, 1.916212216153436e-05, 7.008169668390457e-06, -7.856542406239922e-06, -6.224007983464178e-06], [3.991224629543035e-06, 4.3527155408285785e-06, 7.008169668390457e-06, 2.5012199282045188e-05, 2.3809450768775705e-05, 2.175080165799086e-05], [1.9654872963812353e-06, -3.1420312253156966e-06, -7.856542406239922e-06, 2.3809450768775705e-05, 7.448995640662349e-05, 6.0733798150177545e-05], [2.3250611120039175e-06, -2.1347098654504332e-06, -6.224007983464178e-06, 2.175080165799086e-05, 6.0733798150177545e-05, 6.838419492518233e-05]]</COVARIANCE_MATRIX>
		<ROI_SIZE>1082</ROI_SIZE>
		<MAX_VALUE>[0.1409284770488739, 0.13499362766742706, 0.13734787702560425, 0.11313169449567795, 0.04968928173184395, 0.0506027527153492]</MAX_VALUE>
		<MIN_VALUE>[0.11940228939056396, 0.10230647772550583, 0.09257473796606064, 0.08299343287944794, 0.005337794777005911, 0.0]</MIN_VALUE>
		<SIGNATURE_THRESHOLD_MD>0</SIGNATURE_THRESHOLD_MD>
		<SIGNATURE_THRESHOLD_ML>0</SIGNATURE_THRESHOLD_ML>
		<SIGNATURE_THRESHOLD_SAM>0</SIGNATURE_THRESHOLD_SAM>
	</signature>
	<signature ID="20210522_215825364702_454">
		<MACROCLASSID>1</MACROCLASSID>
		<MACROCLASSINFO>waterbody</MACROCLASSINFO>
		<CLASSID>3</CLASSID>
		<CLASSINFO>C 1</CLASSINFO>
		<VALUES>[0.12083545330108372, 0.0032745249005012023, 0.11535330288404338, 0.004859737455209933, 0.11453585769323743, 0.0058704539572081655, 0.07734567555142376, 0.005353234976237888, 0.019034577273836794, 0.009319907785946591, 0.012701659820352987, 0.008238867831434259]</VALUES>
		<LCS_MIN>[0.10374687612056732, 0.08187703043222427, 0.07535430788993835, 0.06146611273288727, 0.005337794777005911, 0.0]</LCS_MIN>
		<LCS_MAX>[0.13114383816719055, 0.1268218457698822, 0.13045969605445862, 0.1045207679271698, 0.055233217775821686, 0.04264116287231445]</LCS_MAX>
		<WAVELENGTH>[0.485, 0.56, 0.66, 0.83, 1.65, 2.215]</WAVELENGTH>
		<MEAN_VALUE>[0.12083545330108372, 0.11535330288404338, 0.11453585769323743, 0.07734567555142376, 0.019034577273836794, 0.012701659820352987]</MEAN_VALUE>
		<CHECKBOX>2</CHECKBOX>
		<SD>[0.0032745249005012023, 0.004859737455209933, 0.0058704539572081655, 0.005353234976237888, 0.009319907785946591, 0.008238867831434259]</SD>
		<WAVELENGTH_UNIT>E-6m</WAVELENGTH_UNIT>
		<COLOR>#ce7944</COLOR>
		<COVARIANCE_MATRIX>[[1.0733035908226168e-05, 1.0284883315527885e-05, 1.264478710414522e-05, 7.142953860774449e-06, 3.26824739268012e-06, 3.976677929345065e-06], [1.0284883315527885e-05, 2.3640224824574824e-05, 2.394388796231163e-05, 9.018837634325414e-06, -3.461277395455548e-06, -9.270254345736336e-07], [1.264478710414522e-05, 2.394388796231163e-05, 3.449604931989699e-05, 1.0429615207176497e-05, -5.156729261186011e-06, -1.063926850750118e-06], [7.142953860774449e-06, 9.018837634325414e-06, 1.0429615207176497e-05, 2.86852475024859e-05, 3.4964005709749276e-05, 3.08041487859449e-05], [3.26824739268012e-06, -3.461277395455548e-06, -5.156729261186011e-06, 3.4964005709749276e-05, 8.6945922238782e-05, 6.468525303584036e-05], [3.976677929345065e-06, -9.270254345736336e-07, -1.063926850750118e-06, 3.08041487859449e-05, 6.468525303584036e-05, 6.794555643446425e-05]]</COVARIANCE_MATRIX>
		<ROI_SIZE>1020</ROI_SIZE>
		<MAX_VALUE>[0.13114383816719055, 0.1268218457698822, 0.13045969605445862, 0.1045207679271698, 0.055233217775821686, 0.04264116287231445]</MAX_VALUE>
		<MIN_VALUE>[0.10374687612056732, 0.08187703043222427, 0.07535430788993835, 0.06146611273288727, 0.005337794777005911, 0.0]</MIN_VALUE>
		<SIGNATURE_THRESHOLD_MD>0</SIGNATURE_THRESHOLD_MD>
		<SIGNATURE_THRESHOLD_ML>0</SIGNATURE_THRESHOLD_ML>
		<SIGNATURE_THRESHOLD_SAM>0</SIGNATURE_THRESHOLD_SAM>
	</signature>
	<signature ID="20210522_215841841496_774">
		<MACROCLASSID>1</MACROCLASSID>
		<MACROCLASSINFO>waterbody</MACROCLASSINFO>
		<CLASSID>4</CLASSID>
		<CLASSINFO>C 1</CLASSINFO>
		<VALUES>[0.11404594568598542, 0.003782246590529488, 0.10745921266491837, 0.006549525243207417, 0.10649791088610293, 0.008281209710636851, 0.07432897265861549, 0.005624810218554424, 0.021423086208881916, 0.01153023966071957, 0.014624118872754431, 0.009934986484747377]</VALUES>
		<LCS_MIN>[0.095919169485569, 0.07779111713171005, 0.06846614181995392, 0.04854970797896385, 0.002565826755017042, 0.0]</LCS_MIN>
		<LCS_MAX>[0.12527307868003845, 0.12273594737052917, 0.1270156055688858, 0.09590983390808105, 0.058005183935165405, 0.0506027527153492]</LCS_MAX>
		<WAVELENGTH>[0.485, 0.56, 0.66, 0.83, 1.65, 2.215]</WAVELENGTH>
		<MEAN_VALUE>[0.11404594568598542, 0.10745921266491837, 0.10649791088610293, 0.07432897265861549, 0.021423086208881916, 0.014624118872754431]</MEAN_VALUE>
		<CHECKBOX>2</CHECKBOX>
		<SD>[0.003782246590529488, 0.006549525243207417, 0.008281209710636851, 0.005624810218554424, 0.01153023966071957, 0.009934986484747377]</SD>
		<WAVELENGTH_UNIT>E-6m</WAVELENGTH_UNIT>
		<COLOR>#a2c35b</COLOR>
		<COVARIANCE_MATRIX>[[1.4330843700880734e-05, 1.89417436852796e-05, 2.4473136120179633e-05, 6.339202570858272e-06, -8.714210865051951e-06, -4.4586210071911834e-06], [1.89417436852796e-05, 4.297260881338878e-05, 4.924592972213653e-05, 7.63227100179386e-06, -2.7730847140818662e-05, -1.7889248913255558e-05], [2.4473136120179633e-05, 4.924592972213653e-05, 6.87004599553031e-05, 9.902263501317743e-06, -3.674822441604155e-05, -2.2512019401343827e-05], [6.339202570858272e-06, 7.63227100179386e-06, 9.902263501317743e-06, 3.1694786240296486e-05, 4.1168448596312674e-05, 3.42743344913725e-05], [-8.714210865051951e-06, -2.7730847140818662e-05, -3.674822441604155e-05, 4.1168448596312674e-05, 0.00013318298611162655, 9.980349146882636e-05], [-4.4586210071911834e-06, -1.7889248913255558e-05, -2.2512019401343827e-05, 3.42743344913725e-05, 9.980349146882636e-05, 9.88795862678642e-05]]</COVARIANCE_MATRIX>
		<ROI_SIZE>563</ROI_SIZE>
		<MAX_VALUE>[0.12527307868003845, 0.12273594737052917, 0.1270156055688858, 0.09590983390808105, 0.058005183935165405, 0.0506027527153492]</MAX_VALUE>
		<MIN_VALUE>[0.095919169485569, 0.07779111713171005, 0.06846614181995392, 0.04854970797896385, 0.002565826755017042, 0.0]</MIN_VALUE>
		<SIGNATURE_THRESHOLD_MD>0</SIGNATURE_THRESHOLD_MD>
		<SIGNATURE_THRESHOLD_ML>0</SIGNATURE_THRESHOLD_ML>
		<SIGNATURE_THRESHOLD_SAM>0</SIGNATURE_THRESHOLD_SAM>
	</signature>
	<signature ID="20210522_215852183811_212">
		<MACROCLASSID>1</MACROCLASSID>
		<MACROCLASSINFO>waterbody</MACROCLASSINFO>
		<CLASSID>5</CLASSID>
		<CLASSINFO>C 1</CLASSINFO>
		<VALUES>[0.11588252822775273, 0.00380640171721581, 0.1051181824009767, 0.0054647587858766555, 0.09975620734283507, 0.006800118748969514, 0.07402577987251527, 0.0071222836750134836, 0.028371603546987784, 0.011442542939638152, 0.021601125709948266, 0.01009387533316348]</VALUES>
		<LCS_MIN>[0.09787610173225403, 0.06553345173597336, 0.05813388153910637, 0.057160634547472, 0.005337794777005911, 0.006814007181674242]</LCS_MIN>
		<LCS_MAX>[0.12918692827224731, 0.12273594737052917, 0.12357152253389359, 0.10882622748613358, 0.06354912370443344, 0.06254512816667557]</LCS_MAX>
		<WAVELENGTH>[0.485, 0.56, 0.66, 0.83, 1.65, 2.215]</WAVELENGTH>
		<MEAN_VALUE>[0.11588252822775273, 0.1051181824009767, 0.09975620734283507, 0.07402577987251527, 0.028371603546987784, 0.021601125709948266]</MEAN_VALUE>
		<CHECKBOX>2</CHECKBOX>
		<SD>[0.00380640171721581, 0.0054647587858766555, 0.006800118748969514, 0.0071222836750134836, 0.011442542939638152, 0.01009387533316348]</SD>
		<WAVELENGTH_UNIT>E-6m</WAVELENGTH_UNIT>
		<COLOR>#254357</COLOR>
		<COVARIANCE_MATRIX>[[1.4505386076639905e-05, 1.559156548458203e-05, 1.9373873165397295e-05, 7.158737288454018e-06, 3.842346117334229e-06, 7.322912958601092e-06], [1.559156548458203e-05, 2.9897993643792784e-05, 3.219864304235599e-05, 5.60474736781292e-06, -3.654990218719224e-06, 4.303521116302147e-06], [1.9373873165397295e-05, 3.219864304235599e-05, 4.629488875008682e-05, 9.97893672161586e-06, 6.389280504387164e-07, 9.65269711102124e-06], [7.158737288454018e-06, 5.60474736781292e-06, 9.97893672161586e-06, 5.07853659049065e-05, 6.707426577979413e-05, 5.45462486676562e-05], [3.842346117334229e-06, -3.654990218719224e-06, 6.389280504387164e-07, 6.707426577979413e-05, 0.0001310826320002618, 9.970286545243249e-05], [7.322912958601092e-06, 4.303521116302147e-06, 9.65269711102124e-06, 5.45462486676562e-05, 9.970286545243249e-05, 0.00010200369979356743]]</COVARIANCE_MATRIX>
		<ROI_SIZE>869</ROI_SIZE>
		<MAX_VALUE>[0.12918692827224731, 0.12273594737052917, 0.12357152253389359, 0.10882622748613358, 0.06354912370443344, 0.06254512816667557]</MAX_VALUE>
		<MIN_VALUE>[0.09787610173225403, 0.06553345173597336, 0.05813388153910637, 0.057160634547472, 0.005337794777005911, 0.006814007181674242]</MIN_VALUE>
		<SIGNATURE_THRESHOLD_MD>0</SIGNATURE_THRESHOLD_MD>
		<SIGNATURE_THRESHOLD_ML>0</SIGNATURE_THRESHOLD_ML>
		<SIGNATURE_THRESHOLD_SAM>0</SIGNATURE_THRESHOLD_SAM>
	</signature>
	<signature ID="20210522_215908852194_440">
		<MACROCLASSID>1</MACROCLASSID>
		<MACROCLASSINFO>waterbody</MACROCLASSINFO>
		<CLASSID>6</CLASSID>
		<CLASSINFO>C 1</CLASSINFO>
		<VALUES>[0.12408189821070519, 0.0033186290313251053, 0.1256375287969907, 0.005256554906552692, 0.1349020740692167, 0.005440890690229194, 0.14158520642398056, 0.0048742412368972836, 0.050050841374457734, 0.01188210797995786, 0.03837190266104713, 0.009687562003225339]</VALUES>
		<LCS_MIN>[0.11744537204504013, 0.11456416547298431, 0.12012744694948196, 0.13035356998443604, 0.02196960337460041, 0.01875639334321022]</LCS_MIN>
		<LCS_MAX>[0.13114383816719055, 0.13499362766742706, 0.14423604309558868, 0.15618635714054108, 0.0718650296330452, 0.05458354577422142]</LCS_MAX>
		<WAVELENGTH>[0.485, 0.56, 0.66, 0.83, 1.65, 2.215]</WAVELENGTH>
		<MEAN_VALUE>[0.12408189821070519, 0.1256375287969907, 0.1349020740692167, 0.14158520642398056, 0.050050841374457734, 0.03837190266104713]</MEAN_VALUE>
		<CHECKBOX>2</CHECKBOX>
		<SD>[0.0033186290313251053, 0.005256554906552692, 0.005440890690229194, 0.0048742412368972836, 0.01188210797995786, 0.009687562003225339]</SD>
		<WAVELENGTH_UNIT>E-6m</WAVELENGTH_UNIT>
		<COLOR>#0b9782</COLOR>
		<COVARIANCE_MATRIX>[[1.1175258921782547e-05, 8.680852255355357e-06, 1.0919892902448396e-05, -3.1514691225100386e-06, -1.320409109772923e-05, -7.107731846273208e-06], [8.680852255355357e-06, 2.8037713154509123e-05, 2.2721838560685264e-05, 3.92550571758376e-06, -3.187782726899439e-05, -2.2352398015359087e-05], [1.0919892902448396e-05, 2.2721838560685264e-05, 3.0038634025125976e-05, 2.79691379409187e-06, -3.504396964010469e-05, -2.4910390668866472e-05], [-3.1514691225100386e-06, 3.92550571758376e-06, 2.79691379409187e-06, 2.410761333599161e-05, 9.393543631447406e-06, 7.32030964995481e-06], [-1.320409109772923e-05, -3.187782726899439e-05, -3.504396964010469e-05, 9.393543631447406e-06, 0.000143260732548075, 0.00010444805886704938], [-7.107731846273208e-06, -2.2352398015359087e-05, -2.4910390668866472e-05, 7.32030964995481e-06, 0.00010444805886704938, 9.522898782466377e-05]]</COVARIANCE_MATRIX>
		<ROI_SIZE>69</ROI_SIZE>
		<MAX_VALUE>[0.13114383816719055, 0.13499362766742706, 0.14423604309558868, 0.15618635714054108, 0.0718650296330452, 0.05458354577422142]</MAX_VALUE>
		<MIN_VALUE>[0.11744537204504013, 0.11456416547298431, 0.12012744694948196, 0.13035356998443604, 0.02196960337460041, 0.01875639334321022]</MIN_VALUE>
		<SIGNATURE_THRESHOLD_MD>0</SIGNATURE_THRESHOLD_MD>
		<SIGNATURE_THRESHOLD_ML>0</SIGNATURE_THRESHOLD_ML>
		<SIGNATURE_THRESHOLD_SAM>0</SIGNATURE_THRESHOLD_SAM>
	</signature>
	<signature ID="20210522_220220987456_496">
		<MACROCLASSID>1</MACROCLASSID>
		<MACROCLASSINFO>waterbody</MACROCLASSINFO>
		<CLASSID>7</CLASSID>
		<CLASSINFO>C 1</CLASSINFO>
		<VALUES>[0.08837464531445492, 0.002645396199546755, 0.0726710640816531, 0.0055077594740617535, 0.042857271373227465, 0.008093118076066603, 0.02467588732951783, 0.0061556061574191655, 0.007572776457125323, 0.0058730355287558746, 0.005207227186861622, 0.0053592469757370795]</VALUES>
		<LCS_MIN>[0.08026376366615295, 0.0573616623878479, 0.03058118373155594, 0.014105978421866894, 0.0, 0.0]</LCS_MIN>
		<LCS_MAX>[0.09787610173225403, 0.0982205867767334, 0.07879839092493057, 0.06146611273288727, 0.04414534196257591, 0.03866036608815193]</LCS_MAX>
		<WAVELENGTH>[0.485, 0.56, 0.66, 0.83, 1.65, 2.215]</WAVELENGTH>
		<MEAN_VALUE>[0.08837464531445492, 0.0726710640816531, 0.042857271373227465, 0.02467588732951783, 0.007572776457125323, 0.005207227186861622]</MEAN_VALUE>
		<CHECKBOX>2</CHECKBOX>
		<SD>[0.002645396199546755, 0.0055077594740617535, 0.008093118076066603, 0.0061556061574191655, 0.0058730355287558746, 0.0053592469757370795]</SD>
		<WAVELENGTH_UNIT>E-6m</WAVELENGTH_UNIT>
		<COLOR>#4760e0</COLOR>
		<COVARIANCE_MATRIX>[[7.711744337466147e-06, 7.960539001353214e-06, 3.280401746676325e-06, 6.47160979672912e-07, 3.140708619152469e-08, -1.3228911946985736e-07], [7.960539001353214e-06, 3.6397467459122217e-05, 3.646760017040212e-05, 1.1035691627073297e-05, 6.155885652100708e-06, 4.465592221547289e-06], [3.280401746676325e-06, 3.646760017040212e-05, 7.591741350961324e-05, 3.126439692649999e-05, 2.166729094253409e-05, 1.766000553553054e-05], [6.47160979672912e-07, 1.1035691627073297e-05, 3.126439692649999e-05, 3.390172187180551e-05, 2.4052749459337326e-05, 1.9232788309438893e-05], [3.140708619152469e-08, 6.155885652100708e-06, 2.166729094253409e-05, 2.4052749459337326e-05, 3.409522953733365e-05, 2.2895198531074982e-05], [-1.3228911946985736e-07, 4.465592221547289e-06, 1.766000553553054e-05, 1.9232788309438893e-05, 2.2895198531074982e-05, 2.7452339398830005e-05]]</COVARIANCE_MATRIX>
		<ROI_SIZE>4113</ROI_SIZE>
		<MAX_VALUE>[0.09787610173225403, 0.0982205867767334, 0.07879839092493057, 0.06146611273288727, 0.04414534196257591, 0.03866036608815193]</MAX_VALUE>
		<MIN_VALUE>[0.08026376366615295, 0.0573616623878479, 0.03058118373155594, 0.014105978421866894, 0.0, 0.0]</MIN_VALUE>
		<SIGNATURE_THRESHOLD_MD>0</SIGNATURE_THRESHOLD_MD>
		<SIGNATURE_THRESHOLD_ML>0</SIGNATURE_THRESHOLD_ML>
		<SIGNATURE_THRESHOLD_SAM>0</SIGNATURE_THRESHOLD_SAM>
	</signature>
	<signature ID="20210522_231920576235_318">
		<MACROCLASSID>1</MACROCLASSID>
		<MACROCLASSINFO>waterbody</MACROCLASSINFO>
		<CLASSID>8</CLASSID>
		<CLASSINFO>C 1</CLASSINFO>
		<VALUES>[0.08648114334143224, 0.00363232515855401, 0.07822614446356527, 0.006180605121847578, 0.0480963353901657, 0.005294074498389886, 0.025672902649648457, 0.007065169488762984, 0.009707589219996114, 0.007409862547865822, 0.006604498106782417, 0.005895792829160315]</VALUES>
		<LCS_MIN>[0.06852220743894577, 0.04101808741688728, 0.02713709883391857, 0.014105978421866894, 0.0, 0.0]</LCS_MIN>
		<LCS_MAX>[0.09396224468946457, 0.09004880487918854, 0.0650220513343811, 0.06146611273288727, 0.04137338325381279, 0.03467956930398941]</LCS_MAX>
		<WAVELENGTH>[0.485, 0.56, 0.66, 0.83, 1.65, 2.215]</WAVELENGTH>
		<MEAN_VALUE>[0.08648114334143224, 0.07822614446356527, 0.0480963353901657, 0.025672902649648457, 0.009707589219996114, 0.006604498106782417]</MEAN_VALUE>
		<CHECKBOX>2</CHECKBOX>
		<SD>[0.00363232515855401, 0.006180605121847578, 0.005294074498389886, 0.007065169488762984, 0.007409862547865822, 0.005895792829160315]</SD>
		<WAVELENGTH_UNIT>E-6m</WAVELENGTH_UNIT>
		<COLOR>#34e318</COLOR>
		<COVARIANCE_MATRIX>[[1.4420165961559661e-05, 2.068013306455112e-05, 1.5200547180395873e-05, -1.5090814748405212e-06, 2.571712023445058e-07, 1.2748293211637516e-06], [2.068013306455112e-05, 4.4996901155439794e-05, 3.0566097967890716e-05, -1.179195990047807e-06, 2.2976863297166173e-06, 3.489736669916887e-06], [1.5200547180395873e-05, 3.0566097967890716e-05, 3.1148325160080163e-05, 9.217101442876084e-06, 1.2175895422355445e-05, 9.98449472246092e-06], [-1.5090814748405212e-06, -1.179195990047807e-06, 9.217101442876084e-06, 4.974261900493813e-05, 3.826069536609362e-05, 2.4606182008039755e-05], [2.571712023445058e-07, 2.2976863297166173e-06, 1.2175895422355445e-05, 3.826069536609362e-05, 5.4054899404578606e-05, 3.300346221703819e-05], [1.2748293211637516e-06, 3.489736669916887e-06, 9.98449472246092e-06, 2.4606182008039755e-05, 3.300346221703819e-05, 3.389124000496553e-05]]</COVARIANCE_MATRIX>
		<ROI_SIZE>2342</ROI_SIZE>
		<MAX_VALUE>[0.09396224468946457, 0.09004880487918854, 0.0650220513343811, 0.06146611273288727, 0.04137338325381279, 0.03467956930398941]</MAX_VALUE>
		<MIN_VALUE>[0.06852220743894577, 0.04101808741688728, 0.02713709883391857, 0.014105978421866894, 0.0, 0.0]</MIN_VALUE>
		<SIGNATURE_THRESHOLD_MD>0</SIGNATURE_THRESHOLD_MD>
		<SIGNATURE_THRESHOLD_ML>0</SIGNATURE_THRESHOLD_ML>
		<SIGNATURE_THRESHOLD_SAM>0</SIGNATURE_THRESHOLD_SAM>
	</signature>
	<signature ID="20210522_232041746924_214">
		<MACROCLASSID>1</MACROCLASSID>
		<MACROCLASSINFO>waterbody</MACROCLASSINFO>
		<CLASSID>9</CLASSID>
		<CLASSINFO>C 1</CLASSINFO>
		<VALUES>[0.09514080045765709, 0.0030395907542790116, 0.11153876833366547, 0.00613578915172918, 0.07651911163597964, 0.006397835291734259, 0.03724906786313555, 0.007593809390641794, 0.011306933314654592, 0.008230820845953455, 0.007915281023034888, 0.007055758216904143]</VALUES>
		<LCS_MIN>[0.08417761325836182, 0.09004880487918854, 0.0650220513343811, 0.02702237479388714, 0.0, 0.0]</LCS_MIN>
		<LCS_MAX>[0.10766071826219559, 0.13090774416923523, 0.10290700942277908, 0.07438250631093979, 0.04691730812191963, 0.046621955931186676]</LCS_MAX>
		<WAVELENGTH>[0.485, 0.56, 0.66, 0.83, 1.65, 2.215]</WAVELENGTH>
		<MEAN_VALUE>[0.09514080045765709, 0.11153876833366547, 0.07651911163597964, 0.03724906786313555, 0.011306933314654592, 0.007915281023034888]</MEAN_VALUE>
		<CHECKBOX>2</CHECKBOX>
		<SD>[0.0030395907542790116, 0.00613578915172918, 0.006397835291734259, 0.007593809390641794, 0.008230820845953455, 0.007055758216904143]</SD>
		<WAVELENGTH_UNIT>E-6m</WAVELENGTH_UNIT>
		<COLOR>#5a1ef4</COLOR>
		<COVARIANCE_MATRIX>[[9.249504655358437e-06, 1.1052725321125713e-05, 1.1483647132704703e-05, 1.9760015121416012e-07, -2.675959393748529e-06, -1.5768629985500915e-06], [1.1052725321125713e-05, 3.7690257117981054e-05, 2.929788309149705e-05, -8.166377859589442e-06, -1.5225235041357773e-05, -1.0764539023202841e-05], [1.1483647132704703e-05, 2.929788309149705e-05, 4.09783394982481e-05, 1.1526459514963379e-05, 5.382350074328725e-06, 5.921085775189812e-06], [1.9760015121416012e-07, -8.166377859589442e-06, 1.1526459514963379e-05, 5.773080713683426e-05, 4.510406943195996e-05, 3.7214107110782266e-05], [-2.675959393748529e-06, -1.5225235041357773e-05, 5.382350074328725e-06, 4.510406943195996e-05, 6.782261698580647e-05, 4.7163506182495905e-05], [-1.5768629985500915e-06, -1.0764539023202841e-05, 5.921085775189812e-06, 3.7214107110782266e-05, 4.7163506182495905e-05, 4.9839723704966534e-05]]</COVARIANCE_MATRIX>
		<ROI_SIZE>890</ROI_SIZE>
		<MAX_VALUE>[0.10766071826219559, 0.13090774416923523, 0.10290700942277908, 0.07438250631093979, 0.04691730812191963, 0.046621955931186676]</MAX_VALUE>
		<MIN_VALUE>[0.08417761325836182, 0.09004880487918854, 0.0650220513343811, 0.02702237479388714, 0.0, 0.0]</MIN_VALUE>
		<SIGNATURE_THRESHOLD_MD>0</SIGNATURE_THRESHOLD_MD>
		<SIGNATURE_THRESHOLD_ML>0</SIGNATURE_THRESHOLD_ML>
		<SIGNATURE_THRESHOLD_SAM>0</SIGNATURE_THRESHOLD_SAM>
	</signature>
	<signature ID="20210522_232046205751_425">
		<MACROCLASSID>1</MACROCLASSID>
		<MACROCLASSINFO>waterbody</MACROCLASSINFO>
		<CLASSID>10</CLASSID>
		<CLASSINFO>C 1</CLASSINFO>
		<VALUES>[0.13566341534966514, 0.0030642091913406595, 0.2064967510246095, 0.006567154038455274, 0.22320404187554402, 0.006904269697288284, 0.08678634340564409, 0.00617539066483352, 0.018339643964455248, 0.012418558850221204, 0.013949893004748793, 0.010111268277035608]</VALUES>
		<LCS_MIN>[0.1272299885749817, 0.18811024725437164, 0.20278550684452057, 0.07868795841932297, 0.008109762333333492, 0.0]</LCS_MIN>
		<LCS_MAX>[0.1409284770488739, 0.21671149134635925, 0.2337823063135147, 0.10882622748613358, 0.058005183935165405, 0.046621955931186676]</LCS_MAX>
		<WAVELENGTH>[0.485, 0.56, 0.66, 0.83, 1.65, 2.215]</WAVELENGTH>
		<MEAN_VALUE>[0.13566341534966514, 0.2064967510246095, 0.22320404187554402, 0.08678634340564409, 0.018339643964455248, 0.013949893004748793]</MEAN_VALUE>
		<CHECKBOX>2</CHECKBOX>
		<SD>[0.0030642091913406595, 0.006567154038455274, 0.006904269697288284, 0.00617539066483352, 0.012418558850221204, 0.010111268277035608]</SD>
		<WAVELENGTH_UNIT>E-6m</WAVELENGTH_UNIT>
		<COLOR>#65b27b</COLOR>
		<COVARIANCE_MATRIX>[[9.618387187035548e-06, 1.2968794589768445e-05, 1.36323130742932e-05, -5.0249695211397884e-06, -9.787479721609274e-06, -1.2108317984562374e-05], [1.2968794589768445e-05, 4.41794027054043e-05, 4.17017135262348e-05, -2.8961901598840643e-05, -4.682318493536929e-05, -4.247475946546257e-05], [1.36323130742932e-05, 4.17017135262348e-05, 4.883159712735407e-05, -3.0147668023204314e-05, -4.888215339882694e-05, -4.401389052306484e-05], [-5.0249695211397884e-06, -2.8961901598840643e-05, -3.0147668023204314e-05, 3.906558278680843e-05, 4.9034487473703905e-05, 3.9994733723838275e-05], [-9.787479721609274e-06, -4.682318493536929e-05, -4.888215339882694e-05, 4.9034487473703905e-05, 0.0001579820820607099, 0.00010489010997887896], [-1.2108317984562374e-05, -4.247475946546257e-05, -4.401389052306484e-05, 3.9994733723838275e-05, 0.00010489010997887896, 0.00010473134973531307]]</COVARIANCE_MATRIX>
		<ROI_SIZE>42</ROI_SIZE>
		<MAX_VALUE>[0.1409284770488739, 0.21671149134635925, 0.2337823063135147, 0.10882622748613358, 0.058005183935165405, 0.046621955931186676]</MAX_VALUE>
		<MIN_VALUE>[0.1272299885749817, 0.18811024725437164, 0.20278550684452057, 0.07868795841932297, 0.008109762333333492, 0.0]</MIN_VALUE>
		<SIGNATURE_THRESHOLD_MD>0</SIGNATURE_THRESHOLD_MD>
		<SIGNATURE_THRESHOLD_ML>0</SIGNATURE_THRESHOLD_ML>
		<SIGNATURE_THRESHOLD_SAM>0</SIGNATURE_THRESHOLD_SAM>
	</signature>
	<signature ID="20210522_233742811299_937">
		<MACROCLASSID>1</MACROCLASSID>
		<MACROCLASSINFO>waterbody</MACROCLASSINFO>
		<CLASSID>11</CLASSID>
		<CLASSINFO>C 1</CLASSINFO>
		<VALUES>[0.09412400534301135, 0.005620976131894722, 0.08382313292408959, 0.008083645792486474, 0.05529101456520874, 0.007504287433611421, 0.03378668853507052, 0.0070675973380915896, 0.009976328040790758, 0.0070985473771180245, 0.005983741895559457, 0.005463977632921196]</VALUES>
		<LCS_MIN>[0.07634991407394409, 0.05327576771378517, 0.034025270491838455, 0.01841144450008869, 0.0, 0.0]</LCS_MIN>
		<LCS_MAX>[0.11940228939056396, 0.10639238357543945, 0.08224248886108398, 0.07007703930139542, 0.04414534196257591, 0.03866036608815193]</LCS_MAX>
		<WAVELENGTH>[0.485, 0.56, 0.66, 0.83, 1.65, 2.215]</WAVELENGTH>
		<MEAN_VALUE>[0.09412400534301135, 0.08382313292408959, 0.05529101456520874, 0.03378668853507052, 0.009976328040790758, 0.005983741895559457]</MEAN_VALUE>
		<CHECKBOX>2</CHECKBOX>
		<SD>[0.005620976131894722, 0.008083645792486474, 0.007504287433611421, 0.0070675973380915896, 0.0070985473771180245, 0.005463977632921196]</SD>
		<WAVELENGTH_UNIT>E-6m</WAVELENGTH_UNIT>
		<COLOR>#cedd3b</COLOR>
		<COVARIANCE_MATRIX>[[2.6512838631515008e-05, 3.132474466370139e-05, 2.762151826216728e-05, 1.1640250216406841e-05, 7.102138031074696e-06, 4.469602982701464e-06], [3.132474466370139e-05, 5.33177128205356e-05, 4.0548806679855833e-05, 1.3511173132962934e-05, 8.138488693188102e-06, 5.154414963649688e-06], [2.762151826216728e-05, 4.0548806679855833e-05, 4.506456974701964e-05, 2.6540794798209994e-05, 1.8923452012421062e-05, 1.2283532626997057e-05], [1.1640250216406841e-05, 1.3511173132962934e-05, 2.6540794798209994e-05, 5.5222174097616803e-05, 4.429387951328579e-05, 2.9083088940982755e-05], [7.102138031074696e-06, 8.138488693188102e-06, 1.8923452012421062e-05, 4.429387951328579e-05, 5.563214381958548e-05, 3.3611359259481614e-05], [4.469602982701464e-06, 5.154414963649688e-06, 1.2283532626997057e-05, 2.9083088940982755e-05, 3.3611359259481614e-05, 3.250953687743017e-05]]</COVARIANCE_MATRIX>
		<ROI_SIZE>2567</ROI_SIZE>
		<MAX_VALUE>[0.11940228939056396, 0.10639238357543945, 0.08224248886108398, 0.07007703930139542, 0.04414534196257591, 0.03866036608815193]</MAX_VALUE>
		<MIN_VALUE>[0.07634991407394409, 0.05327576771378517, 0.034025270491838455, 0.01841144450008869, 0.0, 0.0]</MIN_VALUE>
		<SIGNATURE_THRESHOLD_MD>0</SIGNATURE_THRESHOLD_MD>
		<SIGNATURE_THRESHOLD_ML>0</SIGNATURE_THRESHOLD_ML>
		<SIGNATURE_THRESHOLD_SAM>0</SIGNATURE_THRESHOLD_SAM>
	</signature>
	<signature ID="20210522_233751257626_833">
		<MACROCLASSID>1</MACROCLASSID>
		<MACROCLASSINFO>waterbody</MACROCLASSINFO>
		<CLASSID>12</CLASSID>
		<CLASSINFO>C 1</CLASSINFO>
		<VALUES>[0.11274750803359297, 0.004547912377558905, 0.10167490915404138, 0.007276666044203467, 0.09601883842295458, 0.008994402689035381, 0.06743535679715097, 0.006565561394275654, 0.020841902506035365, 0.008986846592417816, 0.015455523950168252, 0.00830167388472915]</VALUES>
		<LCS_MIN>[0.09396224468946457, 0.06961935013532639, 0.05813388153910637, 0.039938777685165405, 0.0, 0.0]</LCS_MIN>
		<LCS_MAX>[0.1272299885749817, 0.11865005642175674, 0.12012744694948196, 0.09590983390808105, 0.055233217775821686, 0.0506027527153492]</LCS_MAX>
		<WAVELENGTH>[0.485, 0.56, 0.66, 0.83, 1.65, 2.215]</WAVELENGTH>
		<MEAN_VALUE>[0.11274750803359297, 0.10167490915404138, 0.09601883842295458, 0.06743535679715097, 0.020841902506035365, 0.015455523950168252]</MEAN_VALUE>
		<CHECKBOX>2</CHECKBOX>
		<SD>[0.004547912377558905, 0.007276666044203467, 0.008994402689035381, 0.006565561394275654, 0.008986846592417816, 0.00830167388472915]</SD>
		<WAVELENGTH_UNIT>E-6m</WAVELENGTH_UNIT>
		<COLOR>#c377a4</COLOR>
		<COVARIANCE_MATRIX>[[1.8866232606441827e-05, 2.4972170712040377e-05, 3.182141231684954e-05, 1.2206421517235295e-05, -1.1776071648808343e-06, 2.28629264220631e-06], [2.4972170712040377e-05, 4.962954779801494e-05, 5.664393838175626e-05, 1.663454003083087e-05, -1.1584104981460058e-05, -2.667089368641062e-06], [3.182141231684954e-05, 5.664393838175626e-05, 7.544118752216075e-05, 2.2869093900969442e-05, -9.996749178281068e-06, 3.947583887217048e-07], [1.2206421517235295e-05, 1.663454003083087e-05, 2.2869093900969442e-05, 3.758302977646945e-05, 3.494646395936788e-05, 3.102652643840824e-05], [-1.1776071648808343e-06, -1.1584104981460058e-05, -9.996749178281068e-06, 3.494646395936788e-05, 8.203988217037575e-05, 6.247252466012959e-05], [2.28629264220631e-06, -2.667089368641062e-06, 3.947583887217048e-07, 3.102652643840824e-05, 6.247252466012959e-05, 6.620771602934524e-05]]</COVARIANCE_MATRIX>
		<ROI_SIZE>1225</ROI_SIZE>
		<MAX_VALUE>[0.1272299885749817, 0.11865005642175674, 0.12012744694948196, 0.09590983390808105, 0.055233217775821686, 0.0506027527153492]</MAX_VALUE>
		<MIN_VALUE>[0.09396224468946457, 0.06961935013532639, 0.05813388153910637, 0.039938777685165405, 0.0, 0.0]</MIN_VALUE>
		<SIGNATURE_THRESHOLD_MD>0</SIGNATURE_THRESHOLD_MD>
		<SIGNATURE_THRESHOLD_ML>0</SIGNATURE_THRESHOLD_ML>
		<SIGNATURE_THRESHOLD_SAM>0</SIGNATURE_THRESHOLD_SAM>
	</signature>
	<signature ID="20210522_233755342218_728">
		<MACROCLASSID>1</MACROCLASSID>
		<MACROCLASSINFO>waterbody</MACROCLASSINFO>
		<CLASSID>13</CLASSID>
		<CLASSINFO>C 1</CLASSINFO>
		<VALUES>[0.10676792513591682, 0.003981919055710758, 0.09498764266595494, 0.006920588347645162, 0.08722307789531415, 0.008052060291762383, 0.060589065982235804, 0.005928762978451615, 0.018819638605540014, 0.009488513231718163, 0.013195028118569697, 0.008784369685241685]</VALUES>
		<LCS_MIN>[0.08809147030115128, 0.06144755706191063, 0.05124570429325104, 0.039938777685165405, 0.005337794777005911, 0.0]</LCS_MIN>
		<LCS_MAX>[0.11744537204504013, 0.11047827452421188, 0.10290700942277908, 0.08729889988899231, 0.055233217775821686, 0.0506027527153492]</LCS_MAX>
		<WAVELENGTH>[0.485, 0.56, 0.66, 0.83, 1.65, 2.215]</WAVELENGTH>
		<MEAN_VALUE>[0.10676792513591682, 0.09498764266595494, 0.08722307789531415, 0.060589065982235804, 0.018819638605540014, 0.013195028118569697]</MEAN_VALUE>
		<CHECKBOX>2</CHECKBOX>
		<SD>[0.003981919055710758, 0.006920588347645162, 0.008052060291762383, 0.005928762978451615, 0.009488513231718163, 0.008784369685241685]</SD>
		<WAVELENGTH_UNIT>E-6m</WAVELENGTH_UNIT>
		<COLOR>#4c89e7</COLOR>
		<COVARIANCE_MATRIX>[[1.8020335339974058e-05, 2.414404200748713e-05, 2.8929953454259457e-05, 1.244626153519752e-05, -6.396451554371755e-07, 2.027691725635923e-06], [2.414404200748713e-05, 4.902743246819786e-05, 5.315623636176577e-05, 2.018834579994102e-05, -5.2883488504525585e-06, -1.433761685145844e-07], [2.8929953454259457e-05, 5.315623636176577e-05, 6.81846641733001e-05, 2.6627806421260997e-05, -1.5374670830458165e-06, 4.668109176398024e-06], [1.244626153519752e-05, 2.018834579994102e-05, 2.6627806421260997e-05, 4.5108558003367365e-05, 4.301534662974346e-05, 3.898552759378271e-05], [-6.396451554371755e-07, -5.2883488504525585e-06, -1.5374670830458165e-06, 4.301534662974346e-05, 9.642297142194132e-05, 7.831537445682775e-05], [2.027691725635923e-06, -1.433761685145844e-07, 4.668109176398024e-06, 3.898552759378271e-05, 7.831537445682775e-05, 8.093404332387032e-05]]</COVARIANCE_MATRIX>
		<ROI_SIZE>809</ROI_SIZE>
		<MAX_VALUE>[0.11744537204504013, 0.11047827452421188, 0.10290700942277908, 0.08729889988899231, 0.055233217775821686, 0.0506027527153492]</MAX_VALUE>
		<MIN_VALUE>[0.08809147030115128, 0.06144755706191063, 0.05124570429325104, 0.039938777685165405, 0.005337794777005911, 0.0]</MIN_VALUE>
		<SIGNATURE_THRESHOLD_MD>0</SIGNATURE_THRESHOLD_MD>
		<SIGNATURE_THRESHOLD_ML>0</SIGNATURE_THRESHOLD_ML>
		<SIGNATURE_THRESHOLD_SAM>0</SIGNATURE_THRESHOLD_SAM>
	</signature>
	<signature ID="20210522_233801697894_902">
		<MACROCLASSID>1</MACROCLASSID>
		<MACROCLASSINFO>waterbody</MACROCLASSINFO>
		<CLASSID>14</CLASSID>
		<CLASSINFO>C 1</CLASSINFO>
		<VALUES>[0.12908731760854977, 0.0038450888392268564, 0.1261694069706394, 0.004929459273165917, 0.12596382220050775, 0.004557462662333078, 0.09150124131562459, 0.006163476679274767, 0.019997133899892792, 0.009528481070809128, 0.013478229334020264, 0.009105490788838136]</VALUES>
		<LCS_MIN>[0.1154884397983551, 0.10230647772550583, 0.09257473796606064, 0.07438250631093979, 0.005337794777005911, 0.0]</LCS_MIN>
		<LCS_MAX>[0.1467992514371872, 0.14725130796432495, 0.1476801335811615, 0.12604810297489166, 0.060777146369218826, 0.0506027527153492]</LCS_MAX>
		<WAVELENGTH>[0.485, 0.56, 0.66, 0.83, 1.65, 2.215]</WAVELENGTH>
		<MEAN_VALUE>[0.12908731760854977, 0.1261694069706394, 0.12596382220050775, 0.09150124131562459, 0.019997133899892792, 0.013478229334020264]</MEAN_VALUE>
		<CHECKBOX>2</CHECKBOX>
		<SD>[0.0038450888392268564, 0.004929459273165917, 0.004557462662333078, 0.006163476679274767, 0.009528481070809128, 0.009105490788838136]</SD>
		<WAVELENGTH_UNIT>E-6m</WAVELENGTH_UNIT>
		<COLOR>#17048e</COLOR>
		<COVARIANCE_MATRIX>[[1.4799478119790104e-05, 1.3442327361317303e-05, 1.177230017159964e-05, 1.4366057853039087e-05, 1.5258656425335858e-05, 1.3814212628166988e-05], [1.3442327361317303e-05, 2.4323844019233722e-05, 1.694196374898426e-05, 1.6434736415269682e-05, 1.1531302811333425e-05, 1.0150691077638802e-05], [1.177230017159964e-05, 1.694196374898426e-05, 2.079121563476251e-05, 1.5238299758328291e-05, 7.098250452166167e-06, 6.7050256511637155e-06], [1.4366057853039087e-05, 1.6434736415269682e-05, 1.5238299758328291e-05, 3.802639527024559e-05, 4.2551153992547785e-05, 3.894323295131543e-05], [1.5258656425335858e-05, 1.1531302811333425e-05, 7.098250452166167e-06, 4.2551153992547785e-05, 9.08826527670342e-05, 7.5897741517383e-05], [1.3814212628166988e-05, 1.0150691077638802e-05, 6.7050256511637155e-06, 3.894323295131543e-05, 7.5897741517383e-05, 8.299278964098638e-05]]</COVARIANCE_MATRIX>
		<ROI_SIZE>1002</ROI_SIZE>
		<MAX_VALUE>[0.1467992514371872, 0.14725130796432495, 0.1476801335811615, 0.12604810297489166, 0.060777146369218826, 0.0506027527153492]</MAX_VALUE>
		<MIN_VALUE>[0.1154884397983551, 0.10230647772550583, 0.09257473796606064, 0.07438250631093979, 0.005337794777005911, 0.0]</MIN_VALUE>
		<SIGNATURE_THRESHOLD_MD>0</SIGNATURE_THRESHOLD_MD>
		<SIGNATURE_THRESHOLD_ML>0</SIGNATURE_THRESHOLD_ML>
		<SIGNATURE_THRESHOLD_SAM>0</SIGNATURE_THRESHOLD_SAM>
	</signature>
	<signature ID="20210522_233806865284_999">
		<MACROCLASSID>1</MACROCLASSID>
		<MACROCLASSINFO>waterbody</MACROCLASSINFO>
		<CLASSID>15</CLASSID>
		<CLASSINFO>C 1</CLASSINFO>
		<VALUES>[0.12407835620954791, 0.003366421346836066, 0.12055734647631763, 0.0048524928702895044, 0.1217112410130538, 0.005316820562143253, 0.08807123804647687, 0.005137267173118156, 0.018895437531136327, 0.008339225907068667, 0.012687473847254788, 0.007814283504166922]</VALUES>
		<LCS_MIN>[0.10766071826219559, 0.09413469582796097, 0.08913066238164902, 0.06577157229185104, 0.005337794777005911, 0.0]</LCS_MIN>
		<LCS_MAX>[0.1409284770488739, 0.1390795260667801, 0.14423604309558868, 0.11313169449567795, 0.04968928173184395, 0.046621955931186676]</LCS_MAX>
		<WAVELENGTH>[0.485, 0.56, 0.66, 0.83, 1.65, 2.215]</WAVELENGTH>
		<MEAN_VALUE>[0.12407835620954791, 0.12055734647631763, 0.1217112410130538, 0.08807123804647687, 0.018895437531136327, 0.012687473847254788]</MEAN_VALUE>
		<CHECKBOX>2</CHECKBOX>
		<SD>[0.003366421346836066, 0.0048524928702895044, 0.005316820562143253, 0.005137267173118156, 0.008339225907068667, 0.007814283504166922]</SD>
		<WAVELENGTH_UNIT>E-6m</WAVELENGTH_UNIT>
		<COLOR>#06bad6</COLOR>
		<COVARIANCE_MATRIX>[[1.1344035534319024e-05, 1.0268784173421753e-05, 1.0847062311415091e-05, 8.354440835027931e-06, 5.122330974814048e-06, 5.120680572627247e-06], [1.0268784173421753e-05, 2.3570046864797965e-05, 1.9717862241986287e-05, 1.004382662366629e-05, -6.253081315941495e-07, 4.230230837825287e-07], [1.0847062311415091e-05, 1.9717862241986287e-05, 2.8296625117102784e-05, 1.1014865160352032e-05, -7.722907250262846e-06, -5.324349448302362e-06], [8.354440835027931e-06, 1.004382662366629e-05, 1.1014865160352032e-05, 2.641769606554491e-05, 2.117840263660202e-05, 1.8692701679052884e-05], [5.122330974814048e-06, -6.253081315941495e-07, -7.722907250262846e-06, 2.117840263660202e-05, 6.961167949175336e-05, 5.579373035964249e-05], [5.120680572627247e-06, 4.230230837825287e-07, -5.324349448302362e-06, 1.8692701679052884e-05, 5.579373035964249e-05, 6.11236050829829e-05]]</COVARIANCE_MATRIX>
		<ROI_SIZE>1009</ROI_SIZE>
		<MAX_VALUE>[0.1409284770488739, 0.1390795260667801, 0.14423604309558868, 0.11313169449567795, 0.04968928173184395, 0.046621955931186676]</MAX_VALUE>
		<MIN_VALUE>[0.10766071826219559, 0.09413469582796097, 0.08913066238164902, 0.06577157229185104, 0.005337794777005911, 0.0]</MIN_VALUE>
		<SIGNATURE_THRESHOLD_MD>0</SIGNATURE_THRESHOLD_MD>
		<SIGNATURE_THRESHOLD_ML>0</SIGNATURE_THRESHOLD_ML>
		<SIGNATURE_THRESHOLD_SAM>0</SIGNATURE_THRESHOLD_SAM>
	</signature>
	<signature ID="20210522_233813601602_121">
		<MACROCLASSID>1</MACROCLASSID>
		<MACROCLASSINFO>waterbody</MACROCLASSINFO>
		<CLASSID>16</CLASSID>
		<CLASSINFO>C 1</CLASSINFO>
		<VALUES>[0.0965315536269214, 0.0025082196575233005, 0.09293478167266112, 0.003862866190648376, 0.06793555313467659, 0.003677203401157315, 0.030285531138691257, 0.004735265211096697, 0.007344238200971787, 0.004745036544702671, 0.004789935939265051, 0.004397058667084326]</VALUES>
		<LCS_MIN>[0.08613454550504684, 0.07779111713171005, 0.05813388153910637, 0.01841144450008869, 0.0, 0.0]</LCS_MIN>
		<LCS_MAX>[0.10570381581783295, 0.10230647772550583, 0.0856865793466568, 0.06577157229185104, 0.038601409643888474, 0.030698776245117188]</LCS_MAX>
		<WAVELENGTH>[0.485, 0.56, 0.66, 0.83, 1.65, 2.215]</WAVELENGTH>
		<MEAN_VALUE>[0.0965315536269214, 0.09293478167266112, 0.06793555313467659, 0.030285531138691257, 0.007344238200971787, 0.004789935939265051]</MEAN_VALUE>
		<CHECKBOX>2</CHECKBOX>
		<SD>[0.0025082196575233005, 0.003862866190648376, 0.003677203401157315, 0.004735265211096697, 0.004745036544702671, 0.004397058667084326]</SD>
		<WAVELENGTH_UNIT>E-6m</WAVELENGTH_UNIT>
		<COLOR>#e690a3</COLOR>
