<?xml version="1.0" ?>
<signaturelist MCID_LIST="[['1', 'waterbody', '#0000ff'], ['2', 'vegetation', '#00ff00'], ['3', 'bareland', '#ffaa00'], ['4', 'built-up', '#ff0000']]">
	<signature ID="20210208_113910933424_137">
		<MACROCLASSID>1</MACROCLASSID>
		<MACROCLASSINFO>waterbody</MACROCLASSINFO>
		<CLASSID>1</CLASSID>
		<CLASSINFO>C 1</CLASSINFO>
		<VALUES>[0.08587398974623735, 0.002193888829964389, 0.08344513685805884, 0.004729142468206023, 0.058892023314759685, 0.007405039039309149, 0.03322695164068266, 0.005999214153994308, 0.012073364208033404, 0.003740714785498348, 0.00952770016256433, 0.003438482683047707]</VALUES>
		<LCS_MIN>[0.0759158506989479, 0.0648312121629715, 0.04486709460616112, 0.016552051529288292, 0.0, 0.0]</LCS_MIN>
		<LCS_MAX>[0.10591427236795425, 0.12191037088632584, 0.12516915798187256, 0.11380089074373245, 0.09881599247455597, 0.08327825367450714]</LCS_MAX>
		<WAVELENGTH>[0.485, 0.56, 0.66, 0.83, 1.65, 2.215]</WAVELENGTH>
		<MEAN_VALUE>[0.08587398974623735, 0.08344513685805884, 0.058892023314759685, 0.03322695164068266, 0.012073364208033404, 0.00952770016256433]</MEAN_VALUE>
		<CHECKBOX>2</CHECKBOX>
		<SD>[0.002193888829964389, 0.004729142468206023, 0.007405039039309149, 0.005999214153994308, 0.003740714785498348, 0.003438482683047707]</SD>
		<WAVELENGTH_UNIT>E-6m</WAVELENGTH_UNIT>
		<COLOR>#03a794</COLOR>
		<COVARIANCE_MATRIX>[[4.709267834647127e-06, 6.80344985613054e-06, 9.74820927128901e-06, 6.091037922250938e-06, 3.2299913104934624e-06, 2.7346589713481028e-06], [6.80344985613054e-06, 2.182695771684848e-05, 2.8648863736144515e-05, 1.6249387557748792e-05, 5.571779377106492e-06, 4.550993473562702e-06], [9.74820927128901e-06, 2.8648863736144515e-05, 5.316376672420931e-05, 3.273503023256654e-05, 9.774052974332755e-06, 7.688522534133203e-06], [6.091037922250938e-06, 1.6249387557748792e-05, 3.273503023256654e-05, 3.63325922240531e-05, 1.3889952157888134e-05, 1.0558122147483637e-05], [3.2299913104934624e-06, 5.571779377106492e-06, 9.774052974332755e-06, 1.3889952157888134e-05, 1.3119959921666703e-05, 8.098786998762509e-06], [2.7346589713481028e-06, 4.550993473562702e-06, 7.688522534133203e-06, 1.0558122147483637e-05, 8.098786998762509e-06, 1.1316239354335973e-05]]</COVARIANCE_MATRIX>
		<ROI_SIZE>143969</ROI_SIZE>
		<MAX_VALUE>[0.10591427236795425, 0.12191037088632584, 0.12516915798187256, 0.11380089074373245, 0.09881599247455597, 0.08327825367450714]</MAX_VALUE>
		<MIN_VALUE>[0.0759158506989479, 0.0648312121629715, 0.04486709460616112, 0.016552051529288292, 0.0, 0.0]</MIN_VALUE>
		<SIGNATURE_THRESHOLD_MD>0</SIGNATURE_THRESHOLD_MD>
		<SIGNATURE_THRESHOLD_ML>0</SIGNATURE_THRESHOLD_ML>
		<SIGNATURE_THRESHOLD_SAM>0</SIGNATURE_THRESHOLD_SAM>
	</signature>
	<signature ID="20210208_113919325480_701">
		<MACROCLASSID>1</MACROCLASSID>
		<MACROCLASSINFO>waterbody</MACROCLASSINFO>
		<CLASSID>2</CLASSID>
		<CLASSINFO>C 1</CLASSINFO>
		<VALUES>[0.08945792778831164, 0.00353256398563, 0.07154781539509465, 0.005306811850266941, 0.0478510105954938, 0.007992672201930525, 0.03783006308190077, 0.011915499303316103, 0.019053976941474038, 0.01017222802149749, 0.015261413935323254, 0.00854782795629253]</VALUES>
		<LCS_MIN>[0.07841572165489197, 0.05939510837197304, 0.037338774651288986, 0.019689111039042473, 0.005908955819904804, 0.0]</LCS_MIN>
		<LCS_MAX>[0.10841415077447891, 0.10832010209560394, 0.1352068930864334, 0.12948618829250336, 0.1129540354013443, 0.10648222267627716]</LCS_MAX>
		<WAVELENGTH>[0.485, 0.56, 0.66, 0.83, 1.65, 2.215]</WAVELENGTH>
		<MEAN_VALUE>[0.08945792778831164, 0.07154781539509465, 0.0478510105954938, 0.03783006308190077, 0.019053976941474038, 0.015261413935323254]</MEAN_VALUE>
		<CHECKBOX>2</CHECKBOX>
		<SD>[0.00353256398563, 0.005306811850266941, 0.007992672201930525, 0.011915499303316103, 0.01017222802149749, 0.00854782795629253]</SD>
		<WAVELENGTH_UNIT>E-6m</WAVELENGTH_UNIT>
		<COLOR>#fe21f0</COLOR>
		<COVARIANCE_MATRIX>[[9.891910506958426e-06, 1.0751619710549408e-05, 1.209043451466807e-05, 1.3031237235300252e-05, 1.159968990598618e-05, 1.153830908246447e-05], [1.0751619710549408e-05, 2.4141226626015207e-05, 3.164787829597125e-05, 3.9669939163859246e-05, 3.258511342631025e-05, 2.805962621073438e-05], [1.209043451466807e-05, 3.164787829597125e-05, 5.4913002111768206e-05, 7.108045706069266e-05, 5.873851638870863e-05, 4.864705426085381e-05], [1.3031237235300252e-05, 3.9669939163859246e-05, 7.108045706069266e-05, 0.00011384612767655681, 8.664078826851517e-05, 6.971829670754942e-05], [1.159968990598618e-05, 3.258511342631025e-05, 5.873851638870863e-05, 8.664078826851517e-05, 8.615142170437783e-05, 6.764329888077668e-05], [1.153830908246447e-05, 2.805962621073438e-05, 4.864705426085381e-05, 6.971829670754942e-05, 6.764329888077668e-05, 6.383751481653019e-05]]</COVARIANCE_MATRIX>
		<ROI_SIZE>34246</ROI_SIZE>
		<MAX_VALUE>[0.10841415077447891, 0.10832010209560394, 0.1352068930864334, 0.12948618829250336, 0.1129540354013443, 0.10648222267627716]</MAX_VALUE>
		<MIN_VALUE>[0.07841572165489197, 0.05939510837197304, 0.037338774651288986, 0.019689111039042473, 0.005908955819904804, 0.0]</MIN_VALUE>
		<SIGNATURE_THRESHOLD_MD>0</SIGNATURE_THRESHOLD_MD>
		<SIGNATURE_THRESHOLD_ML>0</SIGNATURE_THRESHOLD_ML>
		<SIGNATURE_THRESHOLD_SAM>0</SIGNATURE_THRESHOLD_SAM>
	</signature>
	<signature ID="20210208_113942827652_278">
		<MACROCLASSID>1</MACROCLASSID>
		<MACROCLASSINFO>waterbody</MACROCLASSINFO>
		<CLASSID>3</CLASSID>
		<CLASSINFO>C 1</CLASSINFO>
		<VALUES>[0.08821251048836552, 0.0021427415990762032, 0.06538094335322793, 0.0037326065219365407, 0.04350555757332918, 0.005320400613352275, 0.035087540701045486, 0.0088880764483681, 0.016674481653653924, 0.007546743656562288, 0.013125570213166808, 0.006404521646266772]</VALUES>
		<LCS_MIN>[0.0796656534075737, 0.053958993405103683, 0.032319895923137665, 0.022826170548796654, 0.005908955819904804, 0.0]</LCS_MIN>
		<LCS_MAX>[0.11341387778520584, 0.1137561947107315, 0.10509363561868668, 0.1232120618224144, 0.10891459137201309, 0.10068123787641525]</LCS_MAX>
		<WAVELENGTH>[0.485, 0.56, 0.66, 0.83, 1.65, 2.215]</WAVELENGTH>
		<MEAN_VALUE>[0.08821251048836552, 0.06538094335322793, 0.04350555757332918, 0.035087540701045486, 0.016674481653653924, 0.013125570213166808]</MEAN_VALUE>
		<CHECKBOX>2</CHECKBOX>
		<SD>[0.0021427415990762032, 0.0037326065219365407, 0.005320400613352275, 0.0088880764483681, 0.007546743656562288, 0.006404521646266772]</SD>
		<WAVELENGTH_UNIT>E-6m</WAVELENGTH_UNIT>
		<COLOR>#5be1cb</COLOR>
		<COVARIANCE_MATRIX>[[4.314804419346143e-06, 3.740395346331501e-06, 4.470895485594514e-06, 5.565696195619103e-06, 4.853658814423232e-06, 4.609518915199713e-06], [3.740395346331501e-06, 1.1167936509921038e-05, 1.2563517647886886e-05, 1.8647873370600253e-05, 1.4851121661498242e-05, 1.2331452993011445e-05], [4.470895485594514e-06, 1.2563517647886886e-05, 2.1480808001690862e-05, 3.0455117685293143e-05, 2.425579179668915e-05, 2.0010593238496792e-05], [5.565696195619103e-06, 1.8647873370600253e-05, 3.0455117685293143e-05, 5.624188757156749e-05, 4.206612439549846e-05, 3.359719632245793e-05], [4.853658814423232e-06, 1.4851121661498242e-05, 2.425579179668915e-05, 4.206612439549846e-05, 4.030274014079783e-05, 3.0572665685225094e-05], [4.609518915199713e-06, 1.2331452993011445e-05, 2.0010593238496792e-05, 3.359719632245793e-05, 3.0572665685225094e-05, 3.179881909921691e-05]]</COVARIANCE_MATRIX>
		<ROI_SIZE>63245</ROI_SIZE>
		<MAX_VALUE>[0.11341387778520584, 0.1137561947107315, 0.10509363561868668, 0.1232120618224144, 0.10891459137201309, 0.10068123787641525]</MAX_VALUE>
		<MIN_VALUE>[0.0796656534075737, 0.053958993405103683, 0.032319895923137665, 0.022826170548796654, 0.005908955819904804, 0.0]</MIN_VALUE>
		<SIGNATURE_THRESHOLD_MD>0</SIGNATURE_THRESHOLD_MD>
		<SIGNATURE_THRESHOLD_ML>0</SIGNATURE_THRESHOLD_ML>
		<SIGNATURE_THRESHOLD_SAM>0</SIGNATURE_THRESHOLD_SAM>
	</signature>
	<signature ID="20210208_113953558750_622">
		<MACROCLASSID>1</MACROCLASSID>
		<MACROCLASSINFO>waterbody</MACROCLASSINFO>
		<CLASSID>4</CLASSID>
		<CLASSINFO>C 1</CLASSINFO>
		<VALUES>[0.09554737817488931, 0.0035406109204566046, 0.09192286031846146, 0.006939226098825525, 0.063784666814298, 0.008784652806969759, 0.041557468651342314, 0.010573405258400155, 0.01842058511335644, 0.0054356109469402515, 0.014990486956611981, 0.004745997877547012]</VALUES>
		<LCS_MIN>[0.08216552436351776, 0.06754926592111588, 0.04988597333431244, 0.022826170548796654, 0.007928675040602684, 0.002064343076199293]</LCS_MIN>
		<LCS_MAX>[0.11091401427984238, 0.1273464858531952, 0.11764081567525864, 0.12007501721382141, 0.09073713421821594, 0.06297478079795837]</LCS_MAX>
		<WAVELENGTH>[0.485, 0.56, 0.66, 0.83, 1.65, 2.215]</WAVELENGTH>
		<MEAN_VALUE>[0.09554737817488931, 0.09192286031846146, 0.063784666814298, 0.041557468651342314, 0.01842058511335644, 0.014990486956611981]</MEAN_VALUE>
		<CHECKBOX>2</CHECKBOX>
		<SD>[0.0035406109204566046, 0.006939226098825525, 0.008784652806969759, 0.010573405258400155, 0.0054356109469402515, 0.004745997877547012]</SD>
		<WAVELENGTH_UNIT>E-6m</WAVELENGTH_UNIT>
		<COLOR>#810441</COLOR>
		<COVARIANCE_MATRIX>[[1.2239500835303408e-05, 2.0620287501581863e-05, 2.296781191765686e-05, 8.041770332388772e-06, 4.9151489078798184e-06, 5.5784875503409765e-06], [2.0620287501581863e-05, 4.703800450977249e-05, 5.3642497247269814e-05, 2.3004225680563442e-05, 9.861664201572961e-06, 9.798770761804222e-06], [2.296781191765686e-05, 5.3642497247269814e-05, 8.059541100089236e-05, 5.683854682051329e-05, 2.2052401446198263e-05, 1.8081308987591635e-05], [8.041770332388772e-06, 2.3004225680563442e-05, 5.683854682051329e-05, 0.00010307073763942043, 4.322543992683092e-05, 3.0312185548333443e-05], [4.9151489078798184e-06, 9.861664201572961e-06, 2.2052401446198263e-05, 4.322543992683092e-05, 2.875639373970818e-05, 2.027886577256676e-05], [5.5784875503409765e-06, 9.798770761804222e-06, 1.8081308987591635e-05, 3.0312185548333443e-05, 2.027886577256676e-05, 2.3572327655928574e-05]]</COVARIANCE_MATRIX>
		<ROI_SIZE>37338</ROI_SIZE>
		<MAX_VALUE>[0.11091401427984238, 0.1273464858531952, 0.11764081567525864, 0.12007501721382141, 0.09073713421821594, 0.06297478079795837]</MAX_VALUE>
		<MIN_VALUE>[0.08216552436351776, 0.06754926592111588, 0.04988597333431244, 0.022826170548796654, 0.007928675040602684, 0.002064343076199293]</MIN_VALUE>
		<SIGNATURE_THRESHOLD_MD>0</SIGNATURE_THRESHOLD_MD>
		<SIGNATURE_THRESHOLD_ML>0</SIGNATURE_THRESHOLD_ML>
		<SIGNATURE_THRESHOLD_SAM>0</SIGNATURE_THRESHOLD_SAM>
	</signature>
	<signature ID="20210208_114042946308_825">
		<MACROCLASSID>1</MACROCLASSID>
		<MACROCLASSINFO>waterbody</MACROCLASSINFO>
		<CLASSID>5</CLASSID>
		<CLASSINFO>C 1</CLASSINFO>
		<VALUES>[0.09761621512943676, 0.003925167875964498, 0.11063863717597586, 0.009128074459661793, 0.0883856680683106, 0.009310018424102373, 0.05781024241654047, 0.008375553715110791, 0.01810445622852125, 0.004223422465052274, 0.014937380881345778, 0.004299241219543624]</VALUES>
		<LCS_MIN>[0.0796656534075737, 0.07570342719554901, 0.05490484833717346, 0.025963230058550835, 0.0018695192411541939, 0.002064343076199293]</LCS_MIN>
		<LCS_MAX>[0.10966408252716064, 0.13278256356716156, 0.12767858803272247, 0.09497853368520737, 0.05438220128417015, 0.048472288995981216]</LCS_MAX>
		<WAVELENGTH>[0.485, 0.56, 0.66, 0.83, 1.65, 2.215]</WAVELENGTH>
		<MEAN_VALUE>[0.09761621512943676, 0.11063863717597586, 0.0883856680683106, 0.05781024241654047, 0.01810445622852125, 0.014937380881345778]</MEAN_VALUE>
		<CHECKBOX>2</CHECKBOX>
		<SD>[0.003925167875964498, 0.009128074459661793, 0.009310018424102373, 0.008375553715110791, 0.004223422465052274, 0.004299241219543624]</SD>
		<WAVELENGTH_UNIT>E-6m</WAVELENGTH_UNIT>
		<COLOR>#bac015</COLOR>
		<COVARIANCE_MATRIX>[[1.549733633214917e-05, 3.18378825133248e-05, 2.9380049369497656e-05, 5.427758385083804e-06, 5.40905541303049e-06, 6.529267474075224e-06], [3.18378825133248e-05, 8.714403801084442e-05, 7.359212349746715e-05, 1.4122826477420254e-05, 7.851108320265555e-06, 1.0314248552252473e-05], [2.9380049369497656e-05, 7.359212349746715e-05, 8.813770281735848e-05, 3.7599974710549635e-05, 1.217151623444762e-05, 1.344489105559912e-05], [5.427758385083804e-06, 1.4122826477420254e-05, 3.7599974710549635e-05, 6.341630613883452e-05, 1.124141653533945e-05, 8.336353172482073e-06], [5.40905541303049e-06, 7.851108320265555e-06, 1.217151623444762e-05, 1.124141653533945e-05, 1.4692541537919628e-05, 1.0953664458910113e-05], [6.529267474075224e-06, 1.0314248552252473e-05, 1.344489105559912e-05, 8.336353172482073e-06, 1.0953664458910113e-05, 1.6821880085021858e-05]]</COVARIANCE_MATRIX>
		<ROI_SIZE>42334</ROI_SIZE>
		<MAX_VALUE>[0.10966408252716064, 0.13278256356716156, 0.12767858803272247, 0.09497853368520737, 0.05438220128417015, 0.048472288995981216]</MAX_VALUE>
		<MIN_VALUE>[0.0796656534075737, 0.07570342719554901, 0.05490484833717346, 0.025963230058550835, 0.0018695192411541939, 0.002064343076199293]</MIN_VALUE>
		<SIGNATURE_THRESHOLD_MD>0</SIGNATURE_THRESHOLD_MD>
		<SIGNATURE_THRESHOLD_ML>0</SIGNATURE_THRESHOLD_ML>
		<SIGNATURE_THRESHOLD_SAM>0</SIGNATURE_THRESHOLD_SAM>
	</signature>
	<signature ID="20210208_114333525651_559">
		<MACROCLASSID>1</MACROCLASSID>
		<MACROCLASSINFO>waterbody</MACROCLASSINFO>
		<CLASSID>6</CLASSID>
		<CLASSINFO>C 1</CLASSINFO>
		<VALUES>[0.11101756374900647, 0.0045020812797469155, 0.12036800743394765, 0.0052736640052321645, 0.08822850543798051, 0.00636549328936433, 0.053449299852869114, 0.008147911312949856, 0.029414094756480293, 0.008680781447362004, 0.023188635489775043, 0.007654182443352715]</VALUES>
		<LCS_MIN>[0.09841465950012207, 0.1028839722275734, 0.07498036324977875, 0.029100291430950165, 0.009948392398655415, 0.004964838735759258]</LCS_MIN>
		<LCS_MAX>[0.12591323256492615, 0.1382186859846115, 0.11764081567525864, 0.08556735515594482, 0.06044135242700577, 0.05427328869700432]</LCS_MAX>
		<WAVELENGTH>[0.485, 0.56, 0.66, 0.83, 1.65, 2.215]</WAVELENGTH>
		<MEAN_VALUE>[0.11101756374900647, 0.12036800743394765, 0.08822850543798051, 0.053449299852869114, 0.029414094756480293, 0.023188635489775043]</MEAN_VALUE>
		<CHECKBOX>2</CHECKBOX>
		<SD>[0.0045020812797469155, 0.0052736640052321645, 0.00636549328936433, 0.008147911312949856, 0.008680781447362004, 0.007654182443352715]</SD>
		<WAVELENGTH_UNIT>E-6m</WAVELENGTH_UNIT>
		<COLOR>#94eeb6</COLOR>
		<COVARIANCE_MATRIX>[[2.0283606528721005e-05, 2.0648861740973273e-05, 1.874027371884187e-05, 2.429748837569106e-05, 2.2298214733252005e-05, 2.113289787246219e-05], [2.0648861740973273e-05, 2.7831936685745855e-05, 2.534250595065455e-05, 3.028183847445219e-05, 2.8506505488643254e-05, 2.620788966453383e-05], [1.874027371884187e-05, 2.534250595065455e-05, 4.054923299362362e-05, 4.445995758711777e-05, 4.1119489349613826e-05, 3.5844031163039886e-05], [2.429748837569106e-05, 3.028183847445219e-05, 4.445995758711777e-05, 6.643716636366984e-05, 5.8647497836283376e-05, 4.979414031053383e-05], [2.2298214733252005e-05, 2.8506505488643254e-05, 4.1119489349613826e-05, 5.8647497836283376e-05, 7.541125337951804e-05, 5.7932004068299944e-05], [2.113289787246219e-05, 2.620788966453383e-05, 3.5844031163039886e-05, 4.979414031053383e-05, 5.7932004068299944e-05, 5.862949237493763e-05]]</COVARIANCE_MATRIX>
		<ROI_SIZE>1364</ROI_SIZE>
		<MAX_VALUE>[0.12591323256492615, 0.1382186859846115, 0.11764081567525864, 0.08556735515594482, 0.06044135242700577, 0.05427328869700432]</MAX_VALUE>
		<MIN_VALUE>[0.09841465950012207, 0.1028839722275734, 0.07498036324977875, 0.029100291430950165, 0.009948392398655415, 0.004964838735759258]</MIN_VALUE>
		<SIGNATURE_THRESHOLD_MD>0</SIGNATURE_THRESHOLD_MD>
		<SIGNATURE_THRESHOLD_ML>0</SIGNATURE_THRESHOLD_ML>
		<SIGNATURE_THRESHOLD_SAM>0</SIGNATURE_THRESHOLD_SAM>
	</signature>
	<signature ID="20210208_114347757175_541">
		<MACROCLASSID>1</MACROCLASSID>
		<MACROCLASSINFO>waterbody</MACROCLASSINFO>
		<CLASSID>7</CLASSID>
		<CLASSINFO>C 1</CLASSINFO>
		<VALUES>[0.1267112106253198, 0.006436733233811591, 0.17042841008827508, 0.009300844529216945, 0.18609747879922725, 0.013559286663001211, 0.10353898671639841, 0.01726306179820414, 0.0433250953322329, 0.01151580290933714, 0.03557573297287278, 0.009001498646628947]</VALUES>
		<LCS_MIN>[0.10841415077447891, 0.14365479350090027, 0.1603012979030609, 0.07929323613643646, 0.02206670120358467, 0.016566826030611992]</LCS_MIN>
		<LCS_MAX>[0.14091244339942932, 0.1898617297410965, 0.21049006283283234, 0.1545826494693756, 0.08265825361013412, 0.07457676529884338]</LCS_MAX>
		<WAVELENGTH>[0.485, 0.56, 0.66, 0.83, 1.65, 2.215]</WAVELENGTH>
		<MEAN_VALUE>[0.1267112106253198, 0.17042841008827508, 0.18609747879922725, 0.10353898671639841, 0.0433250953322329, 0.03557573297287278]</MEAN_VALUE>
		<CHECKBOX>2</CHECKBOX>
		<SD>[0.006436733233811591, 0.009300844529216945, 0.013559286663001211, 0.01726306179820414, 0.01151580290933714, 0.009001498646628947]</SD>
		<WAVELENGTH_UNIT>E-6m</WAVELENGTH_UNIT>
		<COLOR>#e9e5cc</COLOR>
		<COVARIANCE_MATRIX>[[4.1548904510005946e-05, 5.371183644690126e-05, 4.844272894642669e-05, 4.768509308665095e-06, -2.1273476448621324e-07, 7.906827006389777e-06], [5.371183644690126e-05, 8.675076762226422e-05, 9.371004290387049e-05, 1.7479185599176595e-05, -1.056190063301944e-05, 2.174035768291778e-06], [4.844272894642669e-05, 9.371004290387049e-05, 0.00018437508839247194, 0.00014667038266554417, 1.3582371641919577e-05, 1.3839396342019254e-05], [4.768509308665095e-06, 1.7479185599176595e-05, 0.00014667038266554417, 0.000298857532967733, 0.00011926067511921782, 7.954956119177134e-05], [-2.1273476448621324e-07, -1.056190063301944e-05, 1.3582371641919577e-05, 0.00011926067511921782, 0.00013298939289782178, 9.084365695810826e-05], [7.906827006389777e-06, 2.174035768291778e-06, 1.3839396342019254e-05, 7.954956119177134e-05, 9.084365695810826e-05, 8.125651606624087e-05]]</COVARIANCE_MATRIX>
		<ROI_SIZE>354</ROI_SIZE>
		<MAX_VALUE>[0.14091244339942932, 0.1898617297410965, 0.21049006283283234, 0.1545826494693756, 0.08265825361013412, 0.07457676529884338]</MAX_VALUE>
		<MIN_VALUE>[0.10841415077447891, 0.14365479350090027, 0.1603012979030609, 0.07929323613643646, 0.02206670120358467, 0.016566826030611992]</MIN_VALUE>
		<SIGNATURE_THRESHOLD_MD>0</SIGNATURE_THRESHOLD_MD>
		<SIGNATURE_THRESHOLD_ML>0</SIGNATURE_THRESHOLD_ML>
		<SIGNATURE_THRESHOLD_SAM>0</SIGNATURE_THRESHOLD_SAM>
	</signature>
	<signature ID="20210208_114357128237_235">
		<MACROCLASSID>1</MACROCLASSID>
		<MACROCLASSINFO>waterbody</MACROCLASSINFO>
		<CLASSID>8</CLASSID>
		<CLASSINFO>C 1</CLASSINFO>
		<VALUES>[0.11746890457390356, 0.0035733588740490237, 0.1480637308816577, 0.004773210784831263, 0.1349880628201157, 0.0056848260140886665, 0.06784844514372391, 0.005344465589366688, 0.03709716595124541, 0.005744543037212158, 0.03089224666811873, 0.005607457787243712]</VALUES>
		<LCS_MIN>[0.10466433316469193, 0.13006451725959778, 0.12015026807785034, 0.05105970799922943, 0.016007546335458755, 0.01366632990539074]</LCS_MIN>
		<LCS_MAX>[0.12591323256492615, 0.15724506974220276, 0.14775410294532776, 0.08556735515594482, 0.05236247926950455, 0.048472288995981216]</LCS_MAX>
		<WAVELENGTH>[0.485, 0.56, 0.66, 0.83, 1.65, 2.215]</WAVELENGTH>
		<MEAN_VALUE>[0.11746890457390356, 0.1480637308816577, 0.1349880628201157, 0.06784844514372391, 0.03709716595124541, 0.03089224666811873]</MEAN_VALUE>
		<CHECKBOX>2</CHECKBOX>
		<SD>[0.0035733588740490237, 0.004773210784831263, 0.0056848260140886665, 0.005344465589366688, 0.005744543037212158, 0.005607457787243712]</SD>
		<WAVELENGTH_UNIT>E-6m</WAVELENGTH_UNIT>
		<COLOR>#0f6e5a</COLOR>
		<COVARIANCE_MATRIX>[[1.280612073791331e-05, 1.3983246173659955e-05, 7.5382281731063565e-06, 1.085400548854686e-05, 1.3019184585270276e-05, 1.2431417829905225e-05], [1.3983246173659955e-05, 2.2849965514786843e-05, 1.592174586050865e-05, 1.4734707172784525e-05, 1.7660559869807562e-05, 1.65273853724826e-05], [7.5382281731063565e-06, 1.592174586050865e-05, 3.2411466188915323e-05, 2.2022880405748095e-05, 1.7602671437519247e-05, 1.6194799491389305e-05], [1.085400548854686e-05, 1.4734707172784525e-05, 2.2022880405748095e-05, 2.8646587399294752e-05, 2.319253661898369e-05, 2.064887673803241e-05], [1.3019184585270276e-05, 1.7660559869807562e-05, 1.7602671437519247e-05, 2.319253661898369e-05, 3.309598396208643e-05, 2.5657816591997907e-05], [1.2431417829905225e-05, 1.65273853724826e-05, 1.6194799491389305e-05, 2.064887673803241e-05, 2.5657816591997907e-05, 3.15352550888855e-05]]</COVARIANCE_MATRIX>
		<ROI_SIZE>344</ROI_SIZE>
		<MAX_VALUE>[0.12591323256492615, 0.15724506974220276, 0.14775410294532776, 0.08556735515594482, 0.05236247926950455, 0.048472288995981216]</MAX_VALUE>
		<MIN_VALUE>[0.10466433316469193, 0.13006451725959778, 0.12015026807785034, 0.05105970799922943, 0.016007546335458755, 0.01366632990539074]</MIN_VALUE>
		<SIGNATURE_THRESHOLD_MD>0</SIGNATURE_THRESHOLD_MD>
		<SIGNATURE_THRESHOLD_ML>0</SIGNATURE_THRESHOLD_ML>
		<SIGNATURE_THRESHOLD_SAM>0</SIGNATURE_THRESHOLD_SAM>
	</signature>
	<signature ID="20210208_114411927575_488">
		<MACROCLASSID>1</MACROCLASSID>
		<MACROCLASSINFO>waterbody</MACROCLASSINFO>
		<CLASSID>9</CLASSID>
		<CLASSINFO>C 1</CLASSINFO>
		<VALUES>[0.12522524263428036, 0.003670979434633687, 0.146909606118663, 0.004271246742303691, 0.1302723795989482, 0.004959830560124426, 0.06293571568211581, 0.008052248440445848, 0.031163921998422422, 0.008001593589842574, 0.025097699992421292, 0.007002446454878035]</VALUES>
		<LCS_MIN>[0.1159137487411499, 0.1382186859846115, 0.11764081567525864, 0.04478559270501137, 0.011968112550675869, 0.004964838735759258]</LCS_MIN>
		<LCS_MAX>[0.13716264069080353, 0.15996313095092773, 0.14524467289447784, 0.08556735515594482, 0.05438220128417015, 0.045571789145469666]</LCS_MAX>
		<WAVELENGTH>[0.485, 0.56, 0.66, 0.83, 1.65, 2.215]</WAVELENGTH>
		<MEAN_VALUE>[0.12522524263428036, 0.146909606118663, 0.1302723795989482, 0.06293571568211581, 0.031163921998422422, 0.025097699992421292]</MEAN_VALUE>
		<CHECKBOX>2</CHECKBOX>
		<SD>[0.003670979434633687, 0.004271246742303691, 0.004959830560124426, 0.008052248440445848, 0.008001593589842574, 0.007002446454878035]</SD>
		<WAVELENGTH_UNIT>E-6m</WAVELENGTH_UNIT>
		<COLOR>#1951a7</COLOR>
		<COVARIANCE_MATRIX>[[1.3532951148784029e-05, 1.2956956558248378e-05, 1.0447543408420617e-05, 1.6709059825329178e-05, 1.5467185712162746e-05, 1.3404824877268921e-05], [1.2956956558248378e-05, 1.8320525732516007e-05, 1.3135652121431649e-05, 1.7739553205690676e-05, 1.6916239666385386e-05, 1.3497611693620298e-05], [1.0447543408420617e-05, 1.3135652121431649e-05, 2.470371631250754e-05, 2.9453348005101282e-05, 2.0657657815602458e-05, 1.7090031973045374e-05], [1.6709059825329178e-05, 1.7739553205690676e-05, 2.9453348005101282e-05, 6.511228598019266e-05, 4.947714028643269e-05, 4.108001601964225e-05], [1.5467185712162746e-05, 1.6916239666385386e-05, 2.0657657815602458e-05, 4.947714028643269e-05, 6.429564976594224e-05, 4.5927665821860966e-05], [1.3404824877268921e-05, 1.3497611693620298e-05, 1.7090031973045374e-05, 4.108001601964225e-05, 4.5927665821860966e-05, 4.924115194986196e-05]]</COVARIANCE_MATRIX>
		<ROI_SIZE>238</ROI_SIZE>
		<MAX_VALUE>[0.13716264069080353, 0.15996313095092773, 0.14524467289447784, 0.08556735515594482, 0.05438220128417015, 0.045571789145469666]</MAX_VALUE>
		<MIN_VALUE>[0.1159137487411499, 0.1382186859846115, 0.11764081567525864, 0.04478559270501137, 0.011968112550675869, 0.004964838735759258]</MIN_VALUE>
		<SIGNATURE_THRESHOLD_MD>0</SIGNATURE_THRESHOLD_MD>
		<SIGNATURE_THRESHOLD_ML>0</SIGNATURE_THRESHOLD_ML>
		<SIGNATURE_THRESHOLD_SAM>0</SIGNATURE_THRESHOLD_SAM>
	</signature>
	<signature ID="20210208_114535190348_554">
		<MACROCLASSID>1</MACROCLASSID>
		<MACROCLASSINFO>waterbody</MACROCLASSINFO>
		<CLASSID>10</CLASSID>
		<CLASSINFO>C 1</CLASSINFO>
		<VALUES>[0.1005315563142901, 0.005127066470883384, 0.11653831651315144, 0.007047757054570179, 0.09321392641123696, 0.01012607088370706, 0.05030976963364316, 0.01238079649355093, 0.028520281044045092, 0.012106218539791751, 0.022621735927307044, 0.011292330400643742]</VALUES>
		<LCS_MIN>[0.09216500073671341, 0.10016591101884842, 0.07999923825263977, 0.03223734721541405, 0.009948392398655415, 0.004964838735759258]</LCS_MIN>
		<LCS_MAX>[0.11841361969709396, 0.1409367322921753, 0.12265971302986145, 0.0887044221162796, 0.06246107444167137, 0.05717378109693527]</LCS_MAX>
		<WAVELENGTH>[0.485, 0.56, 0.66, 0.83, 1.65, 2.215]</WAVELENGTH>
		<MEAN_VALUE>[0.1005315563142901, 0.11653831651315144, 0.09321392641123696, 0.05030976963364316, 0.028520281044045092, 0.022621735927307044]</MEAN_VALUE>
		<CHECKBOX>2</CHECKBOX>
		<SD>[0.005127066470883384, 0.007047757054570179, 0.01012607088370706, 0.01238079649355093, 0.012106218539791751, 0.011292330400643742]</SD>
		<WAVELENGTH_UNIT>E-6m</WAVELENGTH_UNIT>
		<COLOR>#c1de3b</COLOR>
		<COVARIANCE_MATRIX>[[2.6375617389413675e-05, 3.3160649892260925e-05, 4.1891093992591646e-05, 4.116176823727144e-05, 3.9255985997983885e-05, 3.7429724105975305e-05], [3.3160649892260925e-05, 4.983868652558218e-05, 6.341809883000888e-05, 6.143465457699133e-05, 5.891476925567772e-05, 5.397108273112114e-05], [4.1891093992591646e-05, 6.341809883000888e-05, 0.00010288372137814979, 0.00011036815312579869, 0.00010320914492365934, 9.496838062464461e-05], [4.116176823727144e-05, 6.143465457699133e-05, 0.00011036815312579869, 0.00015380197357761066, 0.00013390883226372586, 0.00012459570879042308], [3.9255985997983885e-05, 5.891476925567772e-05, 0.00010320914492365934, 0.00013390883226372586, 0.00014705566424986374, 0.0001224464397227678], [3.7429724105975305e-05, 5.397108273112114e-05, 9.496838062464461e-05, 0.00012459570879042308, 0.0001224464397227678, 0.0001279475256268883]]</COVARIANCE_MATRIX>
		<ROI_SIZE>297</ROI_SIZE>
		<MAX_VALUE>[0.11841361969709396, 0.1409367322921753, 0.12265971302986145, 0.0887044221162796, 0.06246107444167137, 0.05717378109693527]</MAX_VALUE>
		<MIN_VALUE>[0.09216500073671341, 0.10016591101884842, 0.07999923825263977, 0.03223734721541405, 0.009948392398655415, 0.004964838735759258]</MIN_VALUE>
		<SIGNATURE_THRESHOLD_MD>0</SIGNATURE_THRESHOLD_MD>
		<SIGNATURE_THRESHOLD_ML>0</SIGNATURE_THRESHOLD_ML>
		<SIGNATURE_THRESHOLD_SAM>0</SIGNATURE_THRESHOLD_SAM>
	</signature>
	<signature ID="20210208_114543162103_754">
		<MACROCLASSID>1</MACROCLASSID>
		<MACROCLASSINFO>waterbody</MACROCLASSINFO>
		<CLASSID>11</CLASSID>
		<CLASSINFO>C 1</CLASSINFO>
		<VALUES>[0.1031331674195826, 0.0026733329430635466, 0.12901127729564907, 0.006869388307497373, 0.16955485213547938, 0.012194641300626837, 0.2072852689772844, 0.01634134642236206, 0.1461026668548584, 0.01687611635080274, 0.0898768867366016, 0.018078582756232007]</VALUES>
		<LCS_MIN>[0.0959147959947586, 0.1137561947107315, 0.14524467289447784, 0.1734050214290619, 0.09881599247455597, 0.051372792571783066]</LCS_MIN>
		<LCS_MAX>[0.10966408252716064, 0.14365479350090027, 0.19543345272541046, 0.24242037534713745, 0.17960475385189056, 0.12968620657920837]</LCS_MAX>
		<WAVELENGTH>[0.485, 0.56, 0.66, 0.83, 1.65, 2.215]</WAVELENGTH>
		<MEAN_VALUE>[0.1031331674195826, 0.12901127729564907, 0.16955485213547938, 0.2072852689772844, 0.1461026668548584, 0.0898768867366016]</MEAN_VALUE>
		<CHECKBOX>2</CHECKBOX>
		<SD>[0.0026733329430635466, 0.006869388307497373, 0.012194641300626837, 0.01634134642236206, 0.01687611635080274, 0.018078582756232007]</SD>
		<WAVELENGTH_UNIT>E-6m</WAVELENGTH_UNIT>
		<COLOR>#e35b54</COLOR>
		<COVARIANCE_MATRIX>[[7.2371736956646124e-06, 1.0064221944905466e-05, 1.6571546323247347e-05, 2.1313023772094255e-05, 3.2091469967837415e-06, 1.2826475736061627e-06], [1.0064221944905466e-05, 4.77858184498043e-05, 7.989060574906711e-05, 0.00010467329026260492, -3.851214695233044e-05, -6.890504199005482e-05], [1.6571546323247347e-05, 7.989060574906711e-05, 0.0001505916723553959, 0.0001956107074589848, -7.491466063440982e-05, -0.00014106925095676816], [2.1313023772094255e-05, 0.00010467329026260492, 0.0001956107074589848, 0.0002704198510335651, -8.961798939626707e-05, -0.0001867720607313889], [3.2091469967837415e-06, -3.851214695233044e-05, -7.491466063440982e-05, -8.961798939626707e-05, 0.00028840840818818386, 0.00025916358492742645], [1.2826475736061627e-06, -6.890504199005482e-05, -0.00014106925095676816, -0.0001867720607313889, 0.00025916358492742645, 0.00033097230832802936]]</COVARIANCE_MATRIX>
		<ROI_SIZE>80</ROI_SIZE>
		<MAX_VALUE>[0.10966408252716064, 0.14365479350090027, 0.19543345272541046, 0.24242037534713745, 0.17960475385189056, 0.12968620657920837]</MAX_VALUE>
		<MIN_VALUE>[0.0959147959947586, 0.1137561947107315, 0.14524467289447784, 0.1734050214290619, 0.09881599247455597, 0.051372792571783066]</MIN_VALUE>
		<SIGNATURE_THRESHOLD_MD>0</SIGNATURE_THRESHOLD_MD>
		<SIGNATURE_THRESHOLD_ML>0</SIGNATURE_THRESHOLD_ML>
		<SIGNATURE_THRESHOLD_SAM>0</SIGNATURE_THRESHOLD_SAM>
	</signature>
	<signature ID="20210208_114558753377_876">
		<MACROCLASSID>1</MACROCLASSID>
		<MACROCLASSINFO>waterbody</MACROCLASSINFO>
		<CLASSID>12</CLASSID>
		<CLASSINFO>C 1</CLASSINFO>
		<VALUES>[0.10759623263706299, 0.005615797789831393, 0.11913758478808727, 0.0064725864836218654, 0.09415483264715081, 0.006905481762327851, 0.06075511473987327, 0.010910391506834866, 0.0407321545726701, 0.011477016602840175, 0.03307435294338219, 0.009922644320402015]</VALUES>
		<LCS_MIN>[0.09216500073671341, 0.10016591101884842, 0.07748980075120926, 0.04164852946996689, 0.020046984776854515, 0.010765834711492062]</LCS_MIN>
		<LCS_MAX>[0.11841361969709396, 0.13278256356716156, 0.12015026807785034, 0.10125266015529633, 0.08265825361013412, 0.07457676529884338]</LCS_MAX>
		<WAVELENGTH>[0.485, 0.56, 0.66, 0.83, 1.65, 2.215]</WAVELENGTH>
		<MEAN_VALUE>[0.10759623263706299, 0.11913758478808727, 0.09415483264715081, 0.06075511473987327, 0.0407321545726701, 0.03307435294338219]</MEAN_VALUE>
		<CHECKBOX>2</CHECKBOX>
		<SD>[0.005615797789831393, 0.0064725864836218654, 0.006905481762327851, 0.010910391506834866, 0.011477016602840175, 0.009922644320402015]</SD>
		<WAVELENGTH_UNIT>E-6m</WAVELENGTH_UNIT>
		<COLOR>#561165</COLOR>
		<COVARIANCE_MATRIX>[[3.164337062373732e-05, 3.3848922850146146e-05, 1.8428877488402253e-05, 1.1442226539351562e-06, -4.317060925053379e-06, 4.587316511307768e-06], [3.3848922850146146e-05, 4.2035434292300954e-05, 2.0872207377751537e-05, -8.743927572215626e-07, -5.79563029270921e-06, 3.693597847172979e-06], [1.8428877488402253e-05, 2.0872207377751537e-05, 4.784623620947169e-05, 5.6104942583640375e-05, 5.28995604377644e-05, 4.8131198107600105e-05], [1.1442226539351562e-06, -8.743927572215626e-07, 5.6104942583640375e-05, 0.00011943743960962808, 0.00011058042064813365, 9.483013400422358e-05], [-4.317060925053379e-06, -5.79563029270921e-06, 5.28995604377644e-05, 0.00011058042064813365, 0.00013216541821669018, 0.0001025129066645066], [4.587316511307768e-06, 3.693597847172979e-06, 4.8131198107600105e-05, 9.483013400422358e-05, 0.0001025129066645066, 9.879038165704868e-05]]</COVARIANCE_MATRIX>
		<ROI_SIZE>298</ROI_SIZE>
		<MAX_VALUE>[0.11841361969709396, 0.13278256356716156, 0.12015026807785034, 0.10125266015529633, 0.08265825361013412, 0.07457676529884338]</MAX_VALUE>
		<MIN_VALUE>[0.09216500073671341, 0.10016591101884842, 0.07748980075120926, 0.04164852946996689, 0.020046984776854515, 0.010765834711492062]</MIN_VALUE>
		<SIGNATURE_THRESHOLD_MD>0</SIGNATURE_THRESHOLD_MD>
		<SIGNATURE_THRESHOLD_ML>0</SIGNATURE_THRESHOLD_ML>
		<SIGNATURE_THRESHOLD_SAM>0</SIGNATURE_THRESHOLD_SAM>
	</signature>
	<signature ID="20210208_114627767009_419">
		<MACROCLASSID>1</MACROCLASSID>
		<MACROCLASSINFO>waterbody</MACROCLASSINFO>
		<CLASSID>13</CLASSID>
		<CLASSINFO>C 1</CLASSINFO>
		<VALUES>[0.10908077446122966, 0.004821934604404953, 0.126938763509194, 0.006134716629124979, 0.1219068751980861, 0.006303644968343105, 0.09320087023079396, 0.013986813359666606, 0.06804896115014952, 0.01392662346829484, 0.05393489350875219, 0.009340196073369712]</VALUES>
		<LCS_MIN>[0.09841465950012207, 0.1137561947107315, 0.10760306566953659, 0.06674500554800034, 0.040244169533252716, 0.031069312244653702]</LCS_MIN>
		<LCS_MAX>[0.11966356635093689, 0.1409367322921753, 0.1377163529396057, 0.12948618829250336, 0.09679628163576126, 0.07457676529884338]</LCS_MAX>
		<WAVELENGTH>[0.485, 0.56, 0.66, 0.83, 1.65, 2.215]</WAVELENGTH>
		<MEAN_VALUE>[0.10908077446122966, 0.126938763509194, 0.1219068751980861, 0.09320087023079396, 0.06804896115014952, 0.05393489350875219]</MEAN_VALUE>
		<CHECKBOX>2</CHECKBOX>
		<SD>[0.004821934604404953, 0.006134716629124979, 0.006303644968343105, 0.013986813359666606, 0.01392662346829484, 0.009340196073369712]</SD>
		<WAVELENGTH_UNIT>E-6m</WAVELENGTH_UNIT>
		<COLOR>#e2875e</COLOR>
		<COVARIANCE_MATRIX>[[2.364513897880473e-05, 2.7916179398194147e-05, 2.3689597602744013e-05, 1.5294567308797696e-05, 1.1572831489278545e-05, 1.1843065609669602e-05], [2.7916179398194147e-05, 3.8272625206436503e-05, 2.6971050807763544e-05, 8.078716093100606e-06, 8.457894280224194e-06, 1.3622785940852251e-05], [2.3689597602744013e-05, 2.6971050807763544e-05, 4.040943039347527e-05, 5.4678888618353726e-05, 3.546138105367716e-05, 2.5401173999681196e-05], [1.5294567308797696e-05, 8.078716093100606e-06, 5.4678888618353726e-05, 0.00019894672673709994, 0.00015582924342044777, 8.559773669416636e-05], [1.1572831489278545e-05, 8.457894280224194e-06, 3.546138105367716e-05, 0.00015582924342044777, 0.00019723814362134954, 0.00011372498818453207], [1.1843065609669602e-05, 1.3622785940852251e-05, 2.5401173999681196e-05, 8.559773669416636e-05, 0.00011372498818453207, 8.871789425999079e-05]]</COVARIANCE_MATRIX>
		<ROI_SIZE>60</ROI_SIZE>
		<MAX_VALUE>[0.11966356635093689, 0.1409367322921753, 0.1377163529396057, 0.12948618829250336, 0.09679628163576126, 0.07457676529884338]</MAX_VALUE>
		<MIN_VALUE>[0.09841465950012207, 0.1137561947107315, 0.10760306566953659, 0.06674500554800034, 0.040244169533252716, 0.031069312244653702]</MIN_VALUE>
		<SIGNATURE_THRESHOLD_MD>0</SIGNATURE_THRESHOLD_MD>
		<SIGNATURE_THRESHOLD_ML>0</SIGNATURE_THRESHOLD_ML>
		<SIGNATURE_THRESHOLD_SAM>0</SIGNATURE_THRESHOLD_SAM>
	</signature>
	<signature ID="20210208_114638330807_227">
		<MACROCLASSID>1</MACROCLASSID>
		<MACROCLASSINFO>waterbody</MACROCLASSINFO>
		<CLASSID>14</CLASSID>
		<CLASSINFO>C 1</CLASSINFO>
		<VALUES>[0.1039934179142994, 0.0037739541319863268, 0.11777332583990166, 0.00451902244002033, 0.10679119069348371, 0.005425693120526556, 0.07797844434047442, 0.012948714262387364, 0.025720017003443306, 0.009534906899179246, 0.01946732379934366, 0.007989926746020675]</VALUES>
		<LCS_MIN>[0.09716472774744034, 0.10832010209560394, 0.09756531566381454, 0.06047087907791138, 0.011968112550675869, 0.004964838735759258]</LCS_MIN>
		<LCS_MAX>[0.11216394603252411, 0.1273464858531952, 0.12015026807785034, 0.11380089074373245, 0.06246107444167137, 0.05427328869700432]</LCS_MAX>
		<WAVELENGTH>[0.485, 0.56, 0.66, 0.83, 1.65, 2.215]</WAVELENGTH>
		<MEAN_VALUE>[0.1039934179142994, 0.11777332583990166, 0.10679119069348371, 0.07797844434047442, 0.025720017003443306, 0.01946732379934366]</MEAN_VALUE>
		<CHECKBOX>2</CHECKBOX>
		<SD>[0.0037739541319863268, 0.00451902244002033, 0.005425693120526556, 0.012948714262387364, 0.009534906899179246, 0.007989926746020675]</SD>
		<WAVELENGTH_UNIT>E-6m</WAVELENGTH_UNIT>
		<COLOR>#d16b8c</COLOR>
		<COVARIANCE_MATRIX>[[1.4348231492487303e-05, 1.4819918353634319e-05, 1.6226440226096387e-05, 1.877503349766563e-05, 1.2268111442801757e-05, 1.3615516733149992e-05], [1.4819918353634319e-05, 2.057283465646956e-05, 1.9554420883678935e-05, 1.574235575185671e-05, 1.018346899647707e-05, 1.290592898167891e-05], [1.6226440226096387e-05, 1.9554420883678935e-05, 2.9656206177670943e-05, 3.735291054693298e-05, 1.973237104620968e-05, 2.113495282289137e-05], [1.877503349766563e-05, 1.574235575185671e-05, 3.735291054693298e-05, 0.0001689111951307978, 0.00010184979224774817, 7.683626349469253e-05], [1.2268111442801757e-05, 1.018346899647707e-05, 1.973237104620968e-05, 0.00010184979224774817, 9.158788994324571e-05, 6.986430652357096e-05], [1.3615516733149992e-05, 1.290592898167891e-05, 2.113495282289137e-05, 7.683626349469253e-05, 6.986430652357096e-05, 6.43118103653452e-05]]</COVARIANCE_MATRIX>
		<ROI_SIZE>136</ROI_SIZE>
		<MAX_VALUE>[0.11216394603252411, 0.1273464858531952, 0.12015026807785034, 0.11380089074373245, 0.06246107444167137, 0.05427328869700432]</MAX_VALUE>
		<MIN_VALUE>[0.09716472774744034, 0.10832010209560394, 0.09756531566381454, 0.06047087907791138, 0.011968112550675869, 0.004964838735759258]</MIN_VALUE>
		<SIGNATURE_THRESHOLD_MD>0</SIGNATURE_THRESHOLD_MD>
		<SIGNATURE_THRESHOLD_ML>0</SIGNATURE_THRESHOLD_ML>
		<SIGNATURE_THRESHOLD_SAM>0</SIGNATURE_THRESHOLD_SAM>
	</signature>
	<signature ID="20210208_114701431357_303">
		<MACROCLASSID>1</MACROCLASSID>
		<MACROCLASSINFO>waterbody</MACROCLASSINFO>
		<CLASSID>15</CLASSID>
		<CLASSINFO>C 1</CLASSINFO>
		<VALUES>[0.10278196644735525, 0.006376733141713207, 0.10383692080993578, 0.009764203076855294, 0.07949935141728212, 0.015358569644286117, 0.06235811961777658, 0.015969137457012676, 0.04574005574403528, 0.016810659617753018, 0.03860366927363364, 0.014174472267515678]</VALUES>
		<LCS_MIN>[0.08966512978076935, 0.08113954216241837, 0.04486709460616112, 0.029100291430950165, 0.007928675040602684, 0.010765834711492062]</LCS_MIN>
		<LCS_MAX>[0.11966356635093689, 0.13550063967704773, 0.12265971302986145, 0.11066383868455887, 0.09275684505701065, 0.08037776499986649]</LCS_MAX>
		<WAVELENGTH>[0.485, 0.56, 0.66, 0.83, 1.65, 2.215]</WAVELENGTH>
		<MEAN_VALUE>[0.10278196644735525, 0.10383692080993578, 0.07949935141728212, 0.06235811961777658, 0.04574005574403528, 0.03860366927363364]</MEAN_VALUE>
		<CHECKBOX>2</CHECKBOX>
		<SD>[0.006376733141713207, 0.009764203076855294, 0.015358569644286117, 0.015969137457012676, 0.016810659617753018, 0.014174472267515678]</SD>
		<WAVELENGTH_UNIT>E-6m</WAVELENGTH_UNIT>
		<COLOR>#1eb981</COLOR>
		<COVARIANCE_MATRIX>[[4.082537646286609e-05, 4.023226242484805e-05, 3.796208004581141e-05, 3.460626995091852e-05, 2.5624660539389733e-05, 2.241816598337642e-05], [4.023226242484805e-05, 9.572102037297475e-05, 0.0001313556561751651, 6.893186922520913e-05, 5.187862673760322e-05, 3.9021526366447415e-05], [3.796208004581141e-05, 0.0001313556561751651, 0.0002368292041644598, 0.00016368250194776906, 0.00012379074753941877, 9.156154944744075e-05], [3.460626995091852e-05, 6.893186922520913e-05, 0.00016368250194776906, 0.0002560334045254491, 0.0002177323194318359, 0.00017261810688709822], [2.5624660539389733e-05, 5.187862673760322e-05, 0.00012379074753941877, 0.0002177323194318359, 0.0002837286698910881, 0.00022274778148033864], [2.241816598337642e-05, 3.9021526366447415e-05, 9.156154944744075e-05, 0.00017261810688709822, 0.00022274778148033864, 0.00020171932671882137]]</COVARIANCE_MATRIX>
		<ROI_SIZE>251</ROI_SIZE>
		<MAX_VALUE>[0.11966356635093689, 0.13550063967704773, 0.12265971302986145, 0.11066383868455887, 0.09275684505701065, 0.08037776499986649]</MAX_VALUE>
		<MIN_VALUE>[0.08966512978076935, 0.08113954216241837, 0.04486709460616112, 0.029100291430950165, 0.007928675040602684, 0.010765834711492062]</MIN_VALUE>
		<SIGNATURE_THRESHOLD_MD>0</SIGNATURE_THRESHOLD_MD>
		<SIGNATURE_THRESHOLD_ML>0</SIGNATURE_THRESHOLD_ML>
		<SIGNATURE_THRESHOLD_SAM>0</SIGNATURE_THRESHOLD_SAM>
	</signature>
	<signature ID="20210208_114724906954_717">
		<MACROCLASSID>1</MACROCLASSID>
		<MACROCLASSINFO>waterbody</MACROCLASSINFO>
		<CLASSID>16</CLASSID>
		<CLASSINFO>C 1</CLASSINFO>
		<VALUES>[0.14153156791613491, 0.0033633739350643396, 0.2242057330418971, 0.007247646314177061, 0.27395309020425673, 0.008470124739451076, 0.13866282240531136, 0.008401218947772075, 0.04670915530698598, 0.010673387997454249, 0.037493776207981284, 0.008787161712596499]</VALUES>
		<LCS_MIN>[0.13091295957565308, 0.19257977604866028, 0.23307503759860992, 0.12634913623332977, 0.02610613778233528, 0.022367820143699646]</LCS_MIN>
		<LCS_MAX>[0.14966198801994324, 0.2387866973876953, 0.2907921373844147, 0.17967912554740906, 0.08669769763946533, 0.07457676529884338]</LCS_MAX>
