<?xml version="1.0" ?>
<signaturelist MCID_LIST="[['1', 'waterbody', '#0000ff'], ['2', 'vegetation', '#00ff00'], ['3', 'bareland', '#ffaa00'], ['4', 'built-up', '#ff0000']]">
	<signature ID="20210202_153441555861_336">
		<MACROCLASSID>1</MACROCLASSID>
		<MACROCLASSINFO>MC 1</MACROCLASSINFO>
		<CLASSID>1</CLASSID>
		<CLASSINFO>C 1</CLASSINFO>
		<VALUES>[0.11151121544262381, 0.004691923827327488, 0.08850101556134009, 0.010314257199588311, 0.0553429649565496, 0.012987587513052224, 0.028778336066995938, 0.007677292811874094, 0.006889755716615446, 0.005068332291795839, 0.004598181149865972, 0.00412122259985411]</VALUES>
		<LCS_MIN>[0.10050133615732193, 0.07235527783632278, 0.03733588755130768, 0.019120901823043823, 0.0, 0.0]</LCS_MIN>
		<LCS_MAX>[0.15321017801761627, 0.13425928354263306, 0.10401058197021484, 0.07710371166467667, 0.05348952114582062, 0.045943163335323334]</LCS_MAX>
		<WAVELENGTH>[0.485, 0.56, 0.66, 0.83, 1.65, 2.215]</WAVELENGTH>
		<MEAN_VALUE>[0.11151121544262381, 0.08850101556134009, 0.0553429649565496, 0.028778336066995938, 0.006889755716615446, 0.004598181149865972]</MEAN_VALUE>
		<CHECKBOX>2</CHECKBOX>
		<SD>[0.004691923827327488, 0.010314257199588311, 0.012987587513052224, 0.007677292811874094, 0.005068332291795839, 0.00412122259985411]</SD>
		<WAVELENGTH_UNIT>E-6m</WAVELENGTH_UNIT>
		<COLOR>#6ca074</COLOR>
		<COVARIANCE_MATRIX>[[2.0212104495581315e-05, 4.0032830160537846e-05, 4.766200892752975e-05, 2.1282654002038584e-05, 9.00094220106472e-06, 5.600164902942719e-06], [4.0032830160537846e-05, 0.00010054626617505098, 0.00011832744312123302, 5.404915403154903e-05, 2.2860230270424563e-05, 1.417218861485268e-05], [4.766200892752975e-05, 0.00011832744312123302, 0.00015897851407582073, 7.908877928797086e-05, 3.526795041873004e-05, 2.2173439615056617e-05], [2.1282654002038584e-05, 5.404915403154903e-05, 7.908877928797086e-05, 5.9835105302383884e-05, 2.9034022072770085e-05, 1.8340058980914557e-05], [9.00094220106472e-06, 2.2860230270424563e-05, 3.526795041873004e-05, 2.9034022072770085e-05, 2.3194086450175505e-05, 1.3046518468049838e-05], [5.600164902942719e-06, 1.417218861485268e-05, 2.2173439615056617e-05, 1.8340058980914557e-05, 1.3046518468049838e-05, 1.5536116509687093e-05]]</COVARIANCE_MATRIX>
		<ROI_SIZE>76228</ROI_SIZE>
		<MAX_VALUE>[0.15321017801761627, 0.13425928354263306, 0.10401058197021484, 0.07710371166467667, 0.05348952114582062, 0.045943163335323334]</MAX_VALUE>
		<MIN_VALUE>[0.10050133615732193, 0.07235527783632278, 0.03733588755130768, 0.019120901823043823, 0.0, 0.0]</MIN_VALUE>
		<SIGNATURE_THRESHOLD_MD>0</SIGNATURE_THRESHOLD_MD>
		<SIGNATURE_THRESHOLD_ML>0</SIGNATURE_THRESHOLD_ML>
		<SIGNATURE_THRESHOLD_SAM>0</SIGNATURE_THRESHOLD_SAM>
	</signature>
	<signature ID="20210202_153452961608_847">
		<MACROCLASSID>1</MACROCLASSID>
		<MACROCLASSINFO>MC 1</MACROCLASSINFO>
		<CLASSID>2</CLASSID>
		<CLASSINFO>C 1</CLASSINFO>
		<VALUES>[0.13029538620920744, 0.0018893785741180677, 0.13527078006197424, 0.0037792847348940436, 0.12737230386804133, 0.004498717253149228, 0.10257777659332053, 0.019125291442172124, 0.054999220020630776, 0.01724659037159272, 0.036581053946386374, 0.011370719220103286]</VALUES>
		<LCS_MIN>[0.1268557608127594, 0.12738105654716492, 0.11560618877410889, 0.06985585391521454, 0.0231582410633564, 0.01578732207417488]</LCS_MIN>
		<LCS_MAX>[0.13344436883926392, 0.14113749563694, 0.13589847087860107, 0.15320615470409393, 0.08615396916866302, 0.0660470500588417]</LCS_MAX>
		<WAVELENGTH>[0.485, 0.56, 0.66, 0.83, 1.65, 2.215]</WAVELENGTH>
		<MEAN_VALUE>[0.13029538620920744, 0.13527078006197424, 0.12737230386804133, 0.10257777659332053, 0.054999220020630776, 0.036581053946386374]</MEAN_VALUE>
		<CHECKBOX>2</CHECKBOX>
		<SD>[0.0018893785741180677, 0.0037792847348940436, 0.004498717253149228, 0.019125291442172124, 0.01724659037159272, 0.011370719220103286]</SD>
		<WAVELENGTH_UNIT>E-6m</WAVELENGTH_UNIT>
		<COLOR>#1176d2</COLOR>
		<COVARIANCE_MATRIX>[[3.6779256810738903e-06, 3.1100459741428606e-06, 3.447131852983528e-06, -1.2316018153816966e-05, -1.1056570109224119e-05, -5.120581884825153e-06], [3.1100459741428606e-06, 1.4715811080354752e-05, 1.4323562472207941e-05, -2.579259574112075e-05, -1.9323524870624073e-05, -1.5035677069515145e-05], [3.447131852983528e-06, 1.4323562472207941e-05, 2.0851743497230488e-05, -2.898816921675582e-05, -1.9531374860939368e-05, -1.895890229063072e-05], [-1.2316018153816966e-05, -2.579259574112075e-05, -2.898816921675582e-05, 0.0003768609173767503, 0.00029192479007652774, 0.00012981221108668327], [-1.1056570109224119e-05, -1.9323524870624073e-05, -1.9531374860939368e-05, 0.00029192479007652774, 0.0003064583606408334, 0.0001446195646878406], [-5.120581884825153e-06, -1.5035677069515145e-05, -1.895890229063072e-05, 0.00012981221108668327, 0.0001446195646878406, 0.00013321123302431785]]</COVARIANCE_MATRIX>
		<ROI_SIZE>34</ROI_SIZE>
		<MAX_VALUE>[0.13344436883926392, 0.14113749563694, 0.13589847087860107, 0.15320615470409393, 0.08615396916866302, 0.0660470500588417]</MAX_VALUE>
		<MIN_VALUE>[0.1268557608127594, 0.12738105654716492, 0.11560618877410889, 0.06985585391521454, 0.0231582410633564, 0.01578732207417488]</MIN_VALUE>
		<SIGNATURE_THRESHOLD_MD>0</SIGNATURE_THRESHOLD_MD>
		<SIGNATURE_THRESHOLD_ML>0</SIGNATURE_THRESHOLD_ML>
		<SIGNATURE_THRESHOLD_SAM>0</SIGNATURE_THRESHOLD_SAM>
	</signature>
	<signature ID="20210202_153500583505_277">
		<MACROCLASSID>1</MACROCLASSID>
		<MACROCLASSINFO>MC 1</MACROCLASSINFO>
		<CLASSID>3</CLASSID>
		<CLASSINFO>C 1</CLASSINFO>
		<VALUES>[0.12566075941511232, 0.0034532197907064534, 0.12630212087841597, 0.006549738387573572, 0.11418515443801878, 0.008226864692188482, 0.11170864806455723, 0.020352693626745983, 0.05852185854432629, 0.01583362028778381, 0.03359174980398488, 0.00985265989061624]</VALUES>
		<LCS_MIN>[0.11697284132242203, 0.1067463830113411, 0.0924149826169014, 0.0734797865152359, 0.02782459184527397, 0.01578732207417488]</LCS_MIN>
		<LCS_MAX>[0.131797194480896, 0.13769838213920593, 0.12430287897586823, 0.15320615470409393, 0.0908203199505806, 0.05599510669708252]</LCS_MAX>
		<WAVELENGTH>[0.485, 0.56, 0.66, 0.83, 1.65, 2.215]</WAVELENGTH>
		<MEAN_VALUE>[0.12566075941511232, 0.12630212087841597, 0.11418515443801878, 0.11170864806455723, 0.05852185854432629, 0.03359174980398488]</MEAN_VALUE>
		<CHECKBOX>2</CHECKBOX>
		<SD>[0.0034532197907064534, 0.006549738387573572, 0.008226864692188482, 0.020352693626745983, 0.01583362028778381, 0.00985265989061624]</SD>
		<WAVELENGTH_UNIT>E-6m</WAVELENGTH_UNIT>
		<COLOR>#4f9d67</COLOR>
		<COVARIANCE_MATRIX>[[1.216322146138529e-05, 1.9417823269582315e-05, 2.5198498506783242e-05, -1.9780133535294422e-05, 6.133877173485294e-06, 1.1877810252394682e-05], [1.9417823269582315e-05, 4.375705440456802e-05, 5.067704281851551e-05, -5.115238771439478e-05, 1.2117898892940331e-05, 2.37424346563229e-05], [2.5198498506783242e-05, 5.067704281851551e-05, 6.903492871684902e-05, -7.359546477701205e-05, 1.3787212627895953e-05, 2.9691906957933778e-05], [-1.9780133535294422e-05, -5.115238771439478e-05, -7.359546477701205e-05, 0.00042251678062147, 0.0002060727464778741, 9.62209895399341e-05], [6.133877173485294e-06, 1.2117898892940331e-05, 1.3787212627895953e-05, 0.0002060727464778741, 0.00025571760204607345, 0.00013235131953471743], [1.1877810252394682e-05, 2.37424346563229e-05, 2.9691906957933778e-05, 9.62209895399341e-05, 0.00013235131953471743, 9.901640505856117e-05]]</COVARIANCE_MATRIX>
		<ROI_SIZE>51</ROI_SIZE>
		<MAX_VALUE>[0.131797194480896, 0.13769838213920593, 0.12430287897586823, 0.15320615470409393, 0.0908203199505806, 0.05599510669708252]</MAX_VALUE>
		<MIN_VALUE>[0.11697284132242203, 0.1067463830113411, 0.0924149826169014, 0.0734797865152359, 0.02782459184527397, 0.01578732207417488]</MIN_VALUE>
		<SIGNATURE_THRESHOLD_MD>0</SIGNATURE_THRESHOLD_MD>
		<SIGNATURE_THRESHOLD_ML>0</SIGNATURE_THRESHOLD_ML>
		<SIGNATURE_THRESHOLD_SAM>0</SIGNATURE_THRESHOLD_SAM>
	</signature>
	<signature ID="20210202_153520798147_714">
		<MACROCLASSID>1</MACROCLASSID>
		<MACROCLASSINFO>waterbody</MACROCLASSINFO>
		<CLASSID>4</CLASSID>
		<CLASSINFO>C 1</CLASSINFO>
		<VALUES>[0.12883883400967241, 0.0036556042068930546, 0.1309785464484442, 0.007383859251914027, 0.11665512641009526, 0.009200533367012839, 0.08368399734363743, 0.018301916743037758, 0.04159339540638029, 0.016458396599414477, 0.02467094965303611, 0.009920737351683181]</VALUES>
		<LCS_MIN>[0.12026714533567429, 0.11018551141023636, 0.09531388431787491, 0.05173623934388161, 0.01615871675312519, 0.005735374055802822]</LCS_MIN>
		<LCS_MAX>[0.13673867285251617, 0.14457660913467407, 0.13299956917762756, 0.12059081345796585, 0.07682126760482788, 0.052644453942775726]</LCS_MAX>
		<WAVELENGTH>[0.485, 0.56, 0.66, 0.83, 1.65, 2.215]</WAVELENGTH>
		<MEAN_VALUE>[0.12883883400967241, 0.1309785464484442, 0.11665512641009526, 0.08368399734363743, 0.04159339540638029, 0.02467094965303611]</MEAN_VALUE>
		<CHECKBOX>2</CHECKBOX>
		<SD>[0.0036556042068930546, 0.007383859251914027, 0.009200533367012839, 0.018301916743037758, 0.016458396599414477, 0.009920737351683181]</SD>
		<WAVELENGTH_UNIT>E-6m</WAVELENGTH_UNIT>
		<COLOR>#1d2689</COLOR>
		<COVARIANCE_MATRIX>[[1.3451941734126172e-05, 2.2417810134795974e-05, 2.8263236657924235e-05, -2.1358105381191804e-05, -2.264984781718627e-05, -1.0496784043491263e-05], [2.2417810134795974e-05, 5.488244617692441e-05, 6.004672171332732e-05, -7.285625129617827e-05, -6.989471899823145e-05, -3.362036392663377e-05], [2.8263236657924235e-05, 6.004672171332732e-05, 8.521040903379173e-05, -3.936870482227475e-05, -4.9610741528762914e-05, -2.3596142935736268e-05], [-2.1358105381191804e-05, -7.285625129617827e-05, -3.936870482227475e-05, 0.00033717843565100034, 0.0002622381295438957, 0.0001419496369152205], [-2.264984781718627e-05, -6.989471899823145e-05, -4.9610741528762914e-05, 0.0002622381295438957, 0.0002726727180847019, 0.00014893762685232748], [-1.0496784043491263e-05, -3.362036392663377e-05, -2.3596142935736268e-05, 0.0001419496369152205, 0.00014893762685232748, 9.907282449910224e-05]]</COVARIANCE_MATRIX>
		<ROI_SIZE>152</ROI_SIZE>
		<MAX_VALUE>[0.13673867285251617, 0.14457660913467407, 0.13299956917762756, 0.12059081345796585, 0.07682126760482788, 0.052644453942775726]</MAX_VALUE>
		<MIN_VALUE>[0.12026714533567429, 0.11018551141023636, 0.09531388431787491, 0.05173623934388161, 0.01615871675312519, 0.005735374055802822]</MIN_VALUE>
		<SIGNATURE_THRESHOLD_MD>0</SIGNATURE_THRESHOLD_MD>
		<SIGNATURE_THRESHOLD_ML>0</SIGNATURE_THRESHOLD_ML>
		<SIGNATURE_THRESHOLD_SAM>0</SIGNATURE_THRESHOLD_SAM>
	</signature>
	<signature ID="20210202_153534161006_656">
		<MACROCLASSID>1</MACROCLASSID>
		<MACROCLASSINFO>waterbody</MACROCLASSINFO>
		<CLASSID>5</CLASSID>
		<CLASSINFO>C 1</CLASSINFO>
		<VALUES>[0.12956178720508305, 0.0037149542473946012, 0.13352232639278688, 0.0055421325146771255, 0.12616645970514842, 0.007559972573904965, 0.14388748205133847, 0.016305609778924063, 0.08882046065160207, 0.019054184327026456, 0.05934575812092848, 0.013930688023378775]</VALUES>
		<LCS_MIN>[0.12520860135555267, 0.12738105654716492, 0.1185050830245018, 0.10971904546022415, 0.05815586820244789, 0.039241865277290344]</LCS_MIN>
		<LCS_MAX>[0.13673867285251617, 0.14457660913467407, 0.1445951908826828, 0.18219755589962006, 0.12581795454025269, 0.08615094423294067]</LCS_MAX>
		<WAVELENGTH>[0.485, 0.56, 0.66, 0.83, 1.65, 2.215]</WAVELENGTH>
		<MEAN_VALUE>[0.12956178720508305, 0.13352232639278688, 0.12616645970514842, 0.14388748205133847, 0.08882046065160207, 0.05934575812092848]</MEAN_VALUE>
		<CHECKBOX>2</CHECKBOX>
		<SD>[0.0037149542473946012, 0.0055421325146771255, 0.007559972573904965, 0.016305609778924063, 0.019054184327026456, 0.013930688023378775]</SD>
		<WAVELENGTH_UNIT>E-6m</WAVELENGTH_UNIT>
		<COLOR>#607c1d</COLOR>
		<COVARIANCE_MATRIX>[[1.4862491603330187e-05, 1.8706093730597353e-05, 2.652448801523841e-05, 6.493956418695735e-06, 3.450342867095418e-05, 2.5047922670554695e-05], [1.8706093730597353e-05, 3.3077943026413775e-05, 3.982374501743834e-05, -1.6023948285843556e-05, 1.939880746284948e-05, 1.2409645849596491e-05], [2.652448801523841e-05, 3.982374501743834e-05, 6.15495841888257e-05, -1.1198055366186413e-05, 3.6791274001804157e-05, 2.988677218975661e-05], [6.493956418695735e-06, -1.6023948285843556e-05, -1.1198055366186413e-05, 0.000286324672590432, 0.00017570205488013838, 9.340385051074698e-05], [3.450342867095418e-05, 1.939880746284948e-05, 3.6791274001804157e-05, 0.00017570205488013838, 0.00039098978193509307, 0.00027000963908626664], [2.5047922670554695e-05, 1.2409645849596491e-05, 2.988677218975661e-05, 9.340385051074698e-05, 0.00027000963908626664, 0.0002089920740973788]]</COVARIANCE_MATRIX>
		<ROI_SIZE>14</ROI_SIZE>
		<MAX_VALUE>[0.13673867285251617, 0.14457660913467407, 0.1445951908826828, 0.18219755589962006, 0.12581795454025269, 0.08615094423294067]</MAX_VALUE>
		<MIN_VALUE>[0.12520860135555267, 0.12738105654716492, 0.1185050830245018, 0.10971904546022415, 0.05815586820244789, 0.039241865277290344]</MIN_VALUE>
		<SIGNATURE_THRESHOLD_MD>0</SIGNATURE_THRESHOLD_MD>
		<SIGNATURE_THRESHOLD_ML>0</SIGNATURE_THRESHOLD_ML>
		<SIGNATURE_THRESHOLD_SAM>0</SIGNATURE_THRESHOLD_SAM>
	</signature>
	<signature ID="20210202_153551013419_822">
		<MACROCLASSID>1</MACROCLASSID>
		<MACROCLASSINFO>waterbody</MACROCLASSINFO>
		<CLASSID>6</CLASSID>
		<CLASSINFO>C 1</CLASSINFO>
		<VALUES>[0.12607440963769567, 0.003106541805449121, 0.12702832733973476, 0.005124448208734746, 0.11660964930286775, 0.006610946617810392, 0.11650228767822952, 0.019945176900856957, 0.0683859459196146, 0.018531175897821293, 0.040874231630601957, 0.012290518639034595]</VALUES>
		<LCS_MIN>[0.1153256893157959, 0.11018551141023636, 0.09531388431787491, 0.0734797865152359, 0.03482412174344063, 0.01578732207417488]</LCS_MIN>
		<LCS_MAX>[0.131797194480896, 0.13769838213920593, 0.13299956917762756, 0.15320615470409393, 0.11181889474391937, 0.07944965362548828]</LCS_MAX>
		<WAVELENGTH>[0.485, 0.56, 0.66, 0.83, 1.65, 2.215]</WAVELENGTH>
		<MEAN_VALUE>[0.12607440963769567, 0.12702832733973476, 0.11660964930286775, 0.11650228767822952, 0.0683859459196146, 0.040874231630601957]</MEAN_VALUE>
		<CHECKBOX>2</CHECKBOX>
		<SD>[0.003106541805449121, 0.005124448208734746, 0.006610946617810392, 0.019945176900856957, 0.018531175897821293, 0.012290518639034595]</SD>
		<WAVELENGTH_UNIT>E-6m</WAVELENGTH_UNIT>
		<COLOR>#d6ce64</COLOR>
		<COVARIANCE_MATRIX>[[9.775934482366771e-06, 1.0167466104967224e-05, 1.4436868531693025e-05, -1.8120134086380053e-05, 4.4036122939765994e-06, 6.309278569418986e-06], [1.0167466104967224e-05, 2.6601008008212605e-05, 2.9620080089181866e-05, -5.0827636258138305e-05, -1.2080177694595832e-05, 3.576301758113978e-06], [1.4436868531693025e-05, 2.9620080089181866e-05, 4.4272207588519635e-05, -5.8603536264109644e-05, 1.283798292815648e-06, 1.6127195808830135e-05], [-1.8120134086380053e-05, -5.0827636258138305e-05, -5.8603536264109644e-05, 0.0004029764463026658, 0.0002612174865722613, 0.0001322857440407449], [4.4036122939765994e-06, -1.2080177694595832e-05, 1.283798292815648e-06, 0.0002612174865722613, 0.00034786427859957676, 0.00019883075579980132], [6.309278569418986e-06, 3.576301758113978e-06, 1.6127195808830135e-05, 0.0001322857440407449, 0.00019883075579980132, 0.0001530186256686186]]</COVARIANCE_MATRIX>
		<ROI_SIZE>78</ROI_SIZE>
		<MAX_VALUE>[0.131797194480896, 0.13769838213920593, 0.13299956917762756, 0.15320615470409393, 0.11181889474391937, 0.07944965362548828]</MAX_VALUE>
		<MIN_VALUE>[0.1153256893157959, 0.11018551141023636, 0.09531388431787491, 0.0734797865152359, 0.03482412174344063, 0.01578732207417488]</MIN_VALUE>
		<SIGNATURE_THRESHOLD_MD>0</SIGNATURE_THRESHOLD_MD>
		<SIGNATURE_THRESHOLD_ML>0</SIGNATURE_THRESHOLD_ML>
		<SIGNATURE_THRESHOLD_SAM>0</SIGNATURE_THRESHOLD_SAM>
	</signature>
	<signature ID="20210202_153558556724_637">
		<MACROCLASSID>1</MACROCLASSID>
		<MACROCLASSINFO>waterbody</MACROCLASSINFO>
		<CLASSID>7</CLASSID>
		<CLASSINFO>C 1</CLASSINFO>
		<VALUES>[0.11820820590946823, 0.0025384306094482015, 0.1109378125984222, 0.003671403591948858, 0.09037669573444872, 0.005722106870723056, 0.09561970550566908, 0.024251862786921333, 0.048786712883156724, 0.016730937703614827, 0.02672928404354025, 0.009880193202560814]</VALUES>
		<LCS_MIN>[0.11203139275312424, 0.10330727696418762, 0.07792048156261444, 0.05173623934388161, 0.011492366902530193, 0.005735374055802822]</LCS_MIN>
		<LCS_MAX>[0.12356144934892654, 0.1170637235045433, 0.10111168771982193, 0.14233435690402985, 0.08848714083433151, 0.04929380863904953]</LCS_MAX>
		<WAVELENGTH>[0.485, 0.56, 0.66, 0.83, 1.65, 2.215]</WAVELENGTH>
		<MEAN_VALUE>[0.11820820590946823, 0.1109378125984222, 0.09037669573444872, 0.09561970550566908, 0.048786712883156724, 0.02672928404354025]</MEAN_VALUE>
		<CHECKBOX>2</CHECKBOX>
		<SD>[0.0025384306094482015, 0.003671403591948858, 0.005722106870723056, 0.024251862786921333, 0.016730937703614827, 0.009880193202560814]</SD>
		<WAVELENGTH_UNIT>E-6m</WAVELENGTH_UNIT>
		<COLOR>#131bf4</COLOR>
		<COVARIANCE_MATRIX>[[6.54590979960236e-06, 4.271033230602459e-06, 7.863468228295492e-06, -6.940320132828898e-06, -7.62474004970178e-08, 5.015308679279454e-06], [4.271033230602459e-06, 1.36931599593396e-05, 1.69078450891126e-05, -3.195525315099483e-05, -1.283612186441456e-05, -1.3148141400037593e-07], [7.863468228295492e-06, 1.69078450891126e-05, 3.326222937394393e-05, -3.686527601079517e-05, -5.9802506902504005e-06, 1.0785210488205607e-05], [-6.940320132828898e-06, -3.195525315099483e-05, -3.686527601079517e-05, 0.0005974886081378124, 0.0003533905678008614, 0.0001628908203428383], [-7.62474004970178e-08, -1.283612186441456e-05, -5.9802506902504005e-06, 0.0003533905678008614, 0.0002843675189254502, 0.00014273612033156264], [5.015308679279454e-06, -1.3148141400037593e-07, 1.0785210488205607e-05, 0.0001628908203428383, 0.00014273612033156264, 9.916771323929282e-05]]</COVARIANCE_MATRIX>
		<ROI_SIZE>64</ROI_SIZE>
		<MAX_VALUE>[0.12356144934892654, 0.1170637235045433, 0.10111168771982193, 0.14233435690402985, 0.08848714083433151, 0.04929380863904953]</MAX_VALUE>
		<MIN_VALUE>[0.11203139275312424, 0.10330727696418762, 0.07792048156261444, 0.05173623934388161, 0.011492366902530193, 0.005735374055802822]</MIN_VALUE>
		<SIGNATURE_THRESHOLD_MD>0</SIGNATURE_THRESHOLD_MD>
		<SIGNATURE_THRESHOLD_ML>0</SIGNATURE_THRESHOLD_ML>
		<SIGNATURE_THRESHOLD_SAM>0</SIGNATURE_THRESHOLD_SAM>
	</signature>
	<signature ID="20210202_153628449208_758">
		<MACROCLASSID>1</MACROCLASSID>
		<MACROCLASSINFO>waterbody</MACROCLASSINFO>
		<CLASSID>8</CLASSID>
		<CLASSINFO>C 1</CLASSINFO>
		<VALUES>[0.11946037700589822, 0.0033131146201074877, 0.10674639304681699, 0.005058260149521112, 0.08460570415671989, 0.008389635956802489, 0.15808735590200035, 0.028894647472183347, 0.09896262765538937, 0.02505433898869889, 0.060029563322967404, 0.018113243475296286]</VALUES>
		<LCS_MIN>[0.11203139275312424, 0.09986817836761475, 0.07212269306182861, 0.10609512776136398, 0.060489047318696976, 0.032540567219257355]</LCS_MIN>
		<LCS_MAX>[0.12850289046764374, 0.12050282955169678, 0.10401058197021484, 0.207565039396286, 0.16781511902809143, 0.11965744197368622]</LCS_MAX>
		<WAVELENGTH>[0.485, 0.56, 0.66, 0.83, 1.65, 2.215]</WAVELENGTH>
		<MEAN_VALUE>[0.11946037700589822, 0.10674639304681699, 0.08460570415671989, 0.15808735590200035, 0.09896262765538937, 0.060029563322967404]</MEAN_VALUE>
		<CHECKBOX>2</CHECKBOX>
		<SD>[0.0033131146201074877, 0.005058260149521112, 0.008389635956802489, 0.028894647472183347, 0.02505433898869889, 0.018113243475296286]</SD>
		<WAVELENGTH_UNIT>E-6m</WAVELENGTH_UNIT>
		<COLOR>#6fc3c9</COLOR>
		<COVARIANCE_MATRIX>[[1.1205410329427656e-05, 1.3099707889858528e-05, 2.3113325929187685e-05, 5.202199258674481e-05, 3.961230220420658e-05, 2.9078143761504584e-05], [1.3099707889858528e-05, 2.6119037318154838e-05, 3.904776174345271e-05, 7.581715669727035e-05, 7.12134981357835e-05, 5.161462117566924e-05], [2.3113325929187685e-05, 3.904776174345271e-05, 7.185236631033308e-05, 0.00013915180902036633, 0.00013987391018731104, 0.0001054162332249683], [5.202199258674481e-05, 7.581715669727035e-05, 0.00013915180902036633, 0.0008522944161363714, 0.0005401979252051027, 0.0003302585189767207], [3.961230220420658e-05, 7.12134981357835e-05, 0.00013987391018731104, 0.0005401979252051027, 0.0006407974001223174, 0.00043438487379626343], [2.9078143761504584e-05, 5.161462117566924e-05, 0.0001054162332249683, 0.0003302585189767207, 0.00043438487379626343, 0.00033492478897026673]]</COVARIANCE_MATRIX>
		<ROI_SIZE>49</ROI_SIZE>
		<MAX_VALUE>[0.12850289046764374, 0.12050282955169678, 0.10401058197021484, 0.207565039396286, 0.16781511902809143, 0.11965744197368622]</MAX_VALUE>
		<MIN_VALUE>[0.11203139275312424, 0.09986817836761475, 0.07212269306182861, 0.10609512776136398, 0.060489047318696976, 0.032540567219257355]</MIN_VALUE>
		<SIGNATURE_THRESHOLD_MD>0</SIGNATURE_THRESHOLD_MD>
		<SIGNATURE_THRESHOLD_ML>0</SIGNATURE_THRESHOLD_ML>
		<SIGNATURE_THRESHOLD_SAM>0</SIGNATURE_THRESHOLD_SAM>
	</signature>
	<signature ID="20210202_153652661726_760">
		<MACROCLASSID>1</MACROCLASSID>
		<MACROCLASSINFO>waterbody</MACROCLASSINFO>
		<CLASSID>9</CLASSID>
		<CLASSINFO>C 1</CLASSINFO>
		<VALUES>[0.11698559443796835, 0.00252136057170111, 0.10353803581768466, 0.0044687280895083946, 0.07180848656162138, 0.00527166396906194, 0.044034805413215417, 0.012361070188109549, 0.01603528390848831, 0.011276380959041434, 0.010064595324858552, 0.008226483144527863]</VALUES>
		<LCS_MIN>[0.11038423329591751, 0.08955083787441254, 0.06342598795890808, 0.02999267727136612, 0.004492840729653835, 0.0]</LCS_MIN>
		<LCS_MAX>[0.12520860135555267, 0.1170637235045433, 0.09531388431787491, 0.0843515619635582, 0.06515539437532425, 0.052644453942775726]</LCS_MAX>
		<WAVELENGTH>[0.485, 0.56, 0.66, 0.83, 1.65, 2.215]</WAVELENGTH>
		<MEAN_VALUE>[0.11698559443796835, 0.10353803581768466, 0.07180848656162138, 0.044034805413215417, 0.01603528390848831, 0.010064595324858552]</MEAN_VALUE>
		<CHECKBOX>2</CHECKBOX>
		<SD>[0.00252136057170111, 0.0044687280895083946, 0.00527166396906194, 0.012361070188109549, 0.011276380959041434, 0.008226483144527863]</SD>
		<WAVELENGTH_UNIT>E-6m</WAVELENGTH_UNIT>
		<COLOR>#7a89a3</COLOR>
		<COVARIANCE_MATRIX>[[6.4058339741939624e-06, 6.383380751468296e-06, 7.642588489164272e-06, 4.7688084697724975e-06, 4.7341900204639675e-06, 3.547486575850359e-06], [6.383380751468296e-06, 1.919209319724368e-05, 1.4701265571497556e-05, 6.144556949162179e-06, 6.659329773012735e-06, 4.976864123505721e-06], [7.642588489164272e-06, 1.4701265571497556e-05, 2.8627894314088268e-05, 3.287231078162508e-05, 2.700191922749498e-05, 1.849498783192339e-05], [4.7688084697724975e-06, 6.144556949162179e-06, 3.287231078162508e-05, 0.00011065952898802923, 8.187276281231847e-05, 5.2711169640889414e-05], [4.7341900204639675e-06, 6.659329773012735e-06, 2.700191922749498e-05, 8.187276281231847e-05, 9.11772483876117e-05, 5.841715595445043e-05], [3.547486575850359e-06, 4.976864123505721e-06, 1.849498783192339e-05, 5.2711169640889414e-05, 5.841715595445043e-05, 4.937924348758856e-05]]</COVARIANCE_MATRIX>
		<ROI_SIZE>7206</ROI_SIZE>
		<MAX_VALUE>[0.12520860135555267, 0.1170637235045433, 0.09531388431787491, 0.0843515619635582, 0.06515539437532425, 0.052644453942775726]</MAX_VALUE>
		<MIN_VALUE>[0.11038423329591751, 0.08955083787441254, 0.06342598795890808, 0.02999267727136612, 0.004492840729653835, 0.0]</MIN_VALUE>
		<SIGNATURE_THRESHOLD_MD>0</SIGNATURE_THRESHOLD_MD>
		<SIGNATURE_THRESHOLD_ML>0</SIGNATURE_THRESHOLD_ML>
		<SIGNATURE_THRESHOLD_SAM>0</SIGNATURE_THRESHOLD_SAM>
	</signature>
	<signature ID="20210202_153701275709_305">
		<MACROCLASSID>1</MACROCLASSID>
		<MACROCLASSINFO>waterbody</MACROCLASSINFO>
		<CLASSID>10</CLASSID>
		<CLASSINFO>C 1</CLASSINFO>
		<VALUES>[0.11934534473976957, 0.002448526935788241, 0.11125825906018601, 0.00353855477284259, 0.08454274584393986, 0.004082545119564195, 0.06486880724583201, 0.016433986312164306, 0.0320842422015213, 0.014161657628581384, 0.021566422425483893, 0.009594492599878239]</VALUES>
		<LCS_MIN>[0.11203139275312424, 0.09986817836761475, 0.07502158731222153, 0.040864456444978714, 0.009159190580248833, 0.005735374055802822]</LCS_MIN>
		<LCS_MAX>[0.12520860135555267, 0.1170637235045433, 0.09531388431787491, 0.0952233374118805, 0.06982174515724182, 0.05599510669708252]</LCS_MAX>
		<WAVELENGTH>[0.485, 0.56, 0.66, 0.83, 1.65, 2.215]</WAVELENGTH>
		<MEAN_VALUE>[0.11934534473976957, 0.11125825906018601, 0.08454274584393986, 0.06486880724583201, 0.0320842422015213, 0.021566422425483893]</MEAN_VALUE>
		<CHECKBOX>2</CHECKBOX>
		<SD>[0.002448526935788241, 0.00353855477284259, 0.004082545119564195, 0.016433986312164306, 0.014161657628581384, 0.009594492599878239]</SD>
		<WAVELENGTH_UNIT>E-6m</WAVELENGTH_UNIT>
		<COLOR>#471feb</COLOR>
		<COVARIANCE_MATRIX>[[6.050796045607229e-06, 4.1450986393758795e-06, 4.79033994147376e-06, -7.45840146751327e-06, 2.5751229712022144e-06, 4.354462469021773e-06], [4.1450986393758795e-06, 1.2637308490410854e-05, 7.2307855733698675e-06, -1.6988030509601973e-05, 1.5547739689658862e-06, 4.732837758154945e-06], [4.79033994147376e-06, 7.2307855733698675e-06, 1.6821500344511557e-05, 1.3390513788650802e-05, 2.5889914293962723e-05, 2.028366016842866e-05], [-7.45840146751327e-06, -1.6988030509601973e-05, 1.3390513788650802e-05, 0.0002725766089427406, 0.00017582644449477152, 9.845719521648185e-05], [2.5751229712022144e-06, 1.5547739689658862e-06, 2.5889914293962723e-05, 0.00017582644449477152, 0.00020240951481498293, 0.00012007120045755406], [4.354462469021773e-06, 4.732837758154945e-06, 2.028366016842866e-05, 9.845719521648185e-05, 0.00012007120045755406, 9.290664276994352e-05]]</COVARIANCE_MATRIX>
		<ROI_SIZE>109</ROI_SIZE>
		<MAX_VALUE>[0.12520860135555267, 0.1170637235045433, 0.09531388431787491, 0.0952233374118805, 0.06982174515724182, 0.05599510669708252]</MAX_VALUE>
		<MIN_VALUE>[0.11203139275312424, 0.09986817836761475, 0.07502158731222153, 0.040864456444978714, 0.009159190580248833, 0.005735374055802822]</MIN_VALUE>
		<SIGNATURE_THRESHOLD_MD>0</SIGNATURE_THRESHOLD_MD>
		<SIGNATURE_THRESHOLD_ML>0</SIGNATURE_THRESHOLD_ML>
		<SIGNATURE_THRESHOLD_SAM>0</SIGNATURE_THRESHOLD_SAM>
	</signature>
	<signature ID="20210202_153902157148_423">
		<MACROCLASSID>1</MACROCLASSID>
		<MACROCLASSINFO>waterbody</MACROCLASSINFO>
		<CLASSID>11</CLASSID>
		<CLASSINFO>C 1</CLASSINFO>
		<VALUES>[0.12088652457134978, 0.004029699627140949, 0.1121781283996526, 0.008339151080832247, 0.08809812268179469, 0.015964827655661033, 0.03901720339160291, 0.01058738343526707, 0.007243498163088481, 0.005000273791772544, 0.00466253346439159, 0.004182031098336326]</VALUES>
		<LCS_MIN>[0.10873708873987198, 0.09298994392156601, 0.06632488965988159, 0.02274482697248459, 0.0, 0.0]</LCS_MIN>
		<LCS_MAX>[0.1383858174085617, 0.14457660913467407, 0.12430287897586823, 0.0734797865152359, 0.03715728968381882, 0.02918991632759571]</LCS_MAX>
		<WAVELENGTH>[0.485, 0.56, 0.66, 0.83, 1.65, 2.215]</WAVELENGTH>
		<MEAN_VALUE>[0.12088652457134978, 0.1121781283996526, 0.08809812268179469, 0.03901720339160291, 0.007243498163088481, 0.00466253346439159]</MEAN_VALUE>
		<CHECKBOX>2</CHECKBOX>
		<SD>[0.004029699627140949, 0.008339151080832247, 0.015964827655661033, 0.01058738343526707, 0.005000273791772544, 0.004182031098336326]</SD>
		<WAVELENGTH_UNIT>E-6m</WAVELENGTH_UNIT>
		<COLOR>#dc682b</COLOR>
		<COVARIANCE_MATRIX>[[1.5237513620373558e-05, 2.6349232529320094e-05, 4.547895359727474e-05, 1.8471721561627664e-05, 9.488525486246416e-07, 5.40051568926004e-07], [2.6349232529320094e-05, 6.424531051784228e-05, 0.00010958313415111995, 4.797612055405655e-05, 4.142996866981348e-06, 2.6126395461937163e-06], [4.547895359727474e-05, 0.00010958313415111995, 0.00023248138559437114, 0.0001256338539450111, 1.9813587364535402e-05, 1.3168749220398629e-05], [1.8471721561627664e-05, 4.797612055405655e-05, 0.0001256338539450111, 0.00010781308570256029, 3.351772494819248e-05, 2.2827259867247275e-05], [9.488525486246416e-07, 4.142996866981348e-06, 1.9813587364535402e-05, 3.351772494819248e-05, 2.755341100542431e-05, 1.6885069624705624e-05], [5.40051568926004e-07, 2.6126395461937163e-06, 1.3168749220398629e-05, 2.2827259867247275e-05, 1.6885069624705624e-05, 1.850188901784839e-05]]</COVARIANCE_MATRIX>
		<ROI_SIZE>23975</ROI_SIZE>
		<MAX_VALUE>[0.1383858174085617, 0.14457660913467407, 0.12430287897586823, 0.0734797865152359, 0.03715728968381882, 0.02918991632759571]</MAX_VALUE>
		<MIN_VALUE>[0.10873708873987198, 0.09298994392156601, 0.06632488965988159, 0.02274482697248459, 0.0, 0.0]</MIN_VALUE>
		<SIGNATURE_THRESHOLD_MD>0</SIGNATURE_THRESHOLD_MD>
		<SIGNATURE_THRESHOLD_ML>0</SIGNATURE_THRESHOLD_ML>
		<SIGNATURE_THRESHOLD_SAM>0</SIGNATURE_THRESHOLD_SAM>
	</signature>
	<signature ID="20210202_153918431744_707">
		<MACROCLASSID>1</MACROCLASSID>
		<MACROCLASSINFO>waterbody</MACROCLASSINFO>
		<CLASSID>12</CLASSID>
		<CLASSINFO>C 1</CLASSINFO>
		<VALUES>[0.11460524510979866, 0.0026281751520254516, 0.10222763347404983, 0.004328341467136749, 0.07621284741152742, 0.005521858986321949, 0.04358080147750796, 0.0061490215900897715, 0.01502710598072519, 0.0062261370272538, 0.009930274193873217, 0.005341692855039484]</VALUES>
		<LCS_MIN>[0.10708993673324585, 0.09298994392156601, 0.06342598795890808, 0.02999267727136612, 0.004492840729653835, 0.0]</LCS_MIN>
		<LCS_MAX>[0.12356144934892654, 0.12050282955169678, 0.09821277856826782, 0.06985585391521454, 0.04182364419102669, 0.03589121624827385]</LCS_MAX>
		<WAVELENGTH>[0.485, 0.56, 0.66, 0.83, 1.65, 2.215]</WAVELENGTH>
		<MEAN_VALUE>[0.11460524510979866, 0.10222763347404983, 0.07621284741152742, 0.04358080147750796, 0.01502710598072519, 0.009930274193873217]</MEAN_VALUE>
		<CHECKBOX>2</CHECKBOX>
		<SD>[0.0026281751520254516, 0.004328341467136749, 0.005521858986321949, 0.0061490215900897715, 0.0062261370272538, 0.005341692855039484]</SD>
		<WAVELENGTH_UNIT>E-6m</WAVELENGTH_UNIT>
		<COLOR>#fa2802</COLOR>
		<COVARIANCE_MATRIX>[[6.9193376502870535e-06, 6.529685782340608e-06, 5.595034577732057e-06, 3.327013450852751e-06, 3.7028095128721938e-06, 3.5443847298475885e-06], [6.529685782340608e-06, 1.757705394913116e-05, 1.4720630177135075e-05, 8.703266851187346e-06, 7.1139910647421505e-06, 6.006612142482301e-06], [5.595034577732057e-06, 1.4720630177135075e-05, 2.6726511484831236e-05, 1.6595344777738565e-05, 7.340158221061144e-06, 6.034822913184651e-06], [3.327013450852751e-06, 8.703266851187346e-06, 1.6595344777738565e-05, 3.896485214414925e-05, 2.331577314435719e-05, 1.7533822135993923e-05], [3.7028095128721938e-06, 7.1139910647421505e-06, 7.340158221061144e-06, 2.331577314435719e-05, 4.012229156976229e-05, 2.748569423232707e-05], [3.5443847298475885e-06, 6.006612142482301e-06, 6.034822913184651e-06, 1.7533822135993923e-05, 2.748569423232707e-05, 3.246381624989155e-05]]</COVARIANCE_MATRIX>
		<ROI_SIZE>2671</ROI_SIZE>
		<MAX_VALUE>[0.12356144934892654, 0.12050282955169678, 0.09821277856826782, 0.06985585391521454, 0.04182364419102669, 0.03589121624827385]</MAX_VALUE>
		<MIN_VALUE>[0.10708993673324585, 0.09298994392156601, 0.06342598795890808, 0.02999267727136612, 0.004492840729653835, 0.0]</MIN_VALUE>
		<SIGNATURE_THRESHOLD_MD>0</SIGNATURE_THRESHOLD_MD>
		<SIGNATURE_THRESHOLD_ML>0</SIGNATURE_THRESHOLD_ML>
		<SIGNATURE_THRESHOLD_SAM>0</SIGNATURE_THRESHOLD_SAM>
	</signature>
	<signature ID="20210202_153926861698_979">
		<MACROCLASSID>1</MACROCLASSID>
		<MACROCLASSINFO>waterbody</MACROCLASSINFO>
		<CLASSID>13</CLASSID>
		<CLASSINFO>C 1</CLASSINFO>
		<VALUES>[0.11547164158730575, 0.0024217982215310567, 0.10277617988707144, 0.0038908292182154545, 0.06958340051807937, 0.003975631302740495, 0.04428654191426086, 0.006785320132783827, 0.019307025912205993, 0.007086393632093709, 0.012252499828044367, 0.005396398538354365]</VALUES>
		<LCS_MIN>[0.10873708873987198, 0.09298994392156601, 0.06052708998322487, 0.02999267727136612, 0.0021596653386950493, 0.0]</LCS_MIN>
		<LCS_MAX>[0.12356144934892654, 0.11362462490797043, 0.08661718666553497, 0.06623192876577377, 0.04415682330727577, 0.032540567219257355]</LCS_MAX>
		<WAVELENGTH>[0.485, 0.56, 0.66, 0.83, 1.65, 2.215]</WAVELENGTH>
		<MEAN_VALUE>[0.11547164158730575, 0.10277617988707144, 0.06958340051807937, 0.04428654191426086, 0.019307025912205993, 0.012252499828044367]</MEAN_VALUE>
		<CHECKBOX>2</CHECKBOX>
		<SD>[0.0024217982215310567, 0.0038908292182154545, 0.003975631302740495, 0.006785320132783827, 0.007086393632093709, 0.005396398538354365]</SD>
		<WAVELENGTH_UNIT>E-6m</WAVELENGTH_UNIT>
		<COLOR>#ba493a</COLOR>
		<COVARIANCE_MATRIX>[[5.857049918535309e-06, 5.529796718510187e-06, 5.462620121020394e-06, 8.165424167356757e-07, 1.0674016455654083e-06, 9.773281818479187e-07], [5.529796718510187e-06, 1.7301745656295223e-05, 1.2806422409110124e-05, 1.7830730158971912e-06, 1.8871215862429876e-06, 2.813273168998757e-06], [5.462620121020394e-06, 1.2806422409110124e-05, 1.6994706875017477e-05, 8.654933635793157e-06, 6.9380379717050635e-06, 6.389598943663462e-06], [8.165424167356757e-07, 1.7830730158971912e-06, 8.654933635793157e-06, 5.197217077938461e-05, 3.126064298534468e-05, 2.266367979185201e-05], [1.0674016455654083e-06, 1.8871215862429876e-06, 6.9380379717050635e-06, 3.126064298534468e-05, 5.355062788454741e-05, 3.2763581292352447e-05], [9.773281818479187e-07, 2.813273168998757e-06, 6.389598943663462e-06, 2.266367979185201e-05, 3.2763581292352447e-05, 3.627426671572793e-05]]</COVARIANCE_MATRIX>
		<ROI_SIZE>1596</ROI_SIZE>
		<MAX_VALUE>[0.12356144934892654, 0.11362462490797043, 0.08661718666553497, 0.06623192876577377, 0.04415682330727577, 0.032540567219257355]</MAX_VALUE>
		<MIN_VALUE>[0.10873708873987198, 0.09298994392156601, 0.06052708998322487, 0.02999267727136612, 0.0021596653386950493, 0.0]</MIN_VALUE>
		<SIGNATURE_THRESHOLD_MD>0</SIGNATURE_THRESHOLD_MD>
		<SIGNATURE_THRESHOLD_ML>0</SIGNATURE_THRESHOLD_ML>
		<SIGNATURE_THRESHOLD_SAM>0</SIGNATURE_THRESHOLD_SAM>
	</signature>
	<signature ID="20210202_153936002120_490">
		<MACROCLASSID>1</MACROCLASSID>
		<MACROCLASSINFO>waterbody</MACROCLASSINFO>
		<CLASSID>14</CLASSID>
		<CLASSINFO>C 1</CLASSINFO>
		<VALUES>[0.12121627947618784, 0.0023556132634841393, 0.12677232441745087, 0.003588603738385741, 0.10553493864776553, 0.004256853049996329, 0.05825836385674869, 0.006214282679952345, 0.01166720357326459, 0.005076145681685742, 0.007004083643212569, 0.00402350033481142]</VALUES>
		<LCS_MIN>[0.11367854475975037, 0.1170637235045433, 0.09531388431787491, 0.048112306743860245, 0.0021596653386950493, 0.0]</LCS_MIN>
		<LCS_MAX>[0.12850289046764374, 0.13769838213920593, 0.13010068237781525, 0.0843515619635582, 0.03482412174344063, 0.02918991632759571]</LCS_MAX>
		<WAVELENGTH>[0.485, 0.56, 0.66, 0.83, 1.65, 2.215]</WAVELENGTH>
		<MEAN_VALUE>[0.12121627947618784, 0.12677232441745087, 0.10553493864776553, 0.05825836385674869, 0.01166720357326459, 0.007004083643212569]</MEAN_VALUE>
		<CHECKBOX>2</CHECKBOX>
		<SD>[0.0023556132634841393, 0.003588603738385741, 0.004256853049996329, 0.006214282679952345, 0.005076145681685742, 0.00402350033481142]</SD>
		<WAVELENGTH_UNIT>E-6m</WAVELENGTH_UNIT>
		<COLOR>#b23303</COLOR>
		<COVARIANCE_MATRIX>[[5.556092260876221e-06, 2.637755381454894e-06, 1.8869636285681383e-06, -7.079965405578251e-07, -1.8217222785554607e-06, -3.201473809592535e-07], [2.637755381454894e-06, 1.2894736657638361e-05, 9.015755670999541e-06, 4.088224696778228e-06, -1.1702230996989687e-06, 1.3001083322331006e-07], [1.8869636285681383e-06, 9.015755670999541e-06, 1.814424005988299e-05, 1.3787553049840203e-05, 2.6030948223896984e-06, 2.9140736655122917e-06], [-7.079965405578251e-07, 4.088224696778228e-06, 1.3787553049840203e-05, 3.866726693557484e-05, 1.8437642918197063e-05, 1.2684170724134207e-05], [-1.8217222785554607e-06, -1.1702230996989687e-06, 2.6030948223896984e-06, 1.8437642918197063e-05, 2.5800589076110337e-05, 1.3937282930702662e-05], [-3.201473809592535e-07, 1.3001083322331006e-07, 2.9140736655122917e-06, 1.2684170724134207e-05, 1.3937282930702662e-05, 1.620949744738964e-05]]</COVARIANCE_MATRIX>
		<ROI_SIZE>774</ROI_SIZE>
		<MAX_VALUE>[0.12850289046764374, 0.13769838213920593, 0.13010068237781525, 0.0843515619635582, 0.03482412174344063, 0.02918991632759571]</MAX_VALUE>
		<MIN_VALUE>[0.11367854475975037, 0.1170637235045433, 0.09531388431787491, 0.048112306743860245, 0.0021596653386950493, 0.0]</MIN_VALUE>
		<SIGNATURE_THRESHOLD_MD>0</SIGNATURE_THRESHOLD_MD>
		<SIGNATURE_THRESHOLD_ML>0</SIGNATURE_THRESHOLD_ML>
		<SIGNATURE_THRESHOLD_SAM>0</SIGNATURE_THRESHOLD_SAM>
	</signature>
	<signature ID="20210202_153949814933_111">
		<MACROCLASSID>1</MACROCLASSID>
		<MACROCLASSINFO>waterbody</MACROCLASSINFO>
		<CLASSID>15</CLASSID>
		<CLASSINFO>C 1</CLASSINFO>
		<VALUES>[0.11685182754786647, 0.0031843563300700223, 0.10544093445855751, 0.0060280051128709594, 0.08364137811016059, 0.006845851536796862, 0.045664307224203136, 0.007127420519625806, 0.013940173410335358, 0.004774529579408104, 0.008388664602891217, 0.0038030429392482885]</VALUES>
		<LCS_MIN>[0.10544278472661972, 0.08611172437667847, 0.06342598795890808, 0.02999267727136612, 0.0, 0.0]</LCS_MIN>
		<LCS_MAX>[0.12356144934892654, 0.1170637235045433, 0.09531388431787491, 0.06985585391521454, 0.03015776537358761, 0.025839267298579216]</LCS_MAX>
		<WAVELENGTH>[0.485, 0.56, 0.66, 0.83, 1.65, 2.215]</WAVELENGTH>
		<MEAN_VALUE>[0.11685182754786647, 0.10544093445855751, 0.08364137811016059, 0.045664307224203136, 0.013940173410335358, 0.008388664602891217]</MEAN_VALUE>
		<CHECKBOX>2</CHECKBOX>
		<SD>[0.0031843563300700223, 0.0060280051128709594, 0.006845851536796862, 0.007127420519625806, 0.004774529579408104, 0.0038030429392482885]</SD>
		<WAVELENGTH_UNIT>E-6m</WAVELENGTH_UNIT>
		<COLOR>#4096e5</COLOR>
		<COVARIANCE_MATRIX>[[9.334586255974536e-06, 1.285655642562114e-05, 1.4659495831958865e-05, 1.6242565826555272e-06, 3.784957414414972e-07, 1.9437017574235035e-07], [1.285655642562114e-05, 3.351962608613986e-05, 3.42125805969915e-05, 1.3903632219605825e-06, 6.98506896325467e-07, 6.59953484443743e-07], [1.4659495831958865e-05, 3.42125805969915e-05, 4.681510270074062e-05, 7.42481182068039e-06, 2.6364118643573625e-06, 2.1950901198538416e-06], [1.6242565826555272e-06, 1.3903632219605825e-06, 7.42481182068039e-06, 4.712940893723494e-05, 2.0013685088193006e-05, 1.2712137437096048e-05], [3.784957414414972e-07, 6.98506896325467e-07, 2.6364118643573625e-06, 2.0013685088193006e-05, 2.2910323800136293e-05, 1.1336028205992466e-05], [1.9437017574235035e-07, 6.59953484443743e-07, 2.1950901198538416e-06, 1.2712137437096048e-05, 1.1336028205992466e-05, 1.536913087638428e-05]]</COVARIANCE_MATRIX>
		<ROI_SIZE>3291</ROI_SIZE>
		<MAX_VALUE>[0.12356144934892654, 0.1170637235045433, 0.09531388431787491, 0.06985585391521454, 0.03015776537358761, 0.025839267298579216]</MAX_VALUE>
		<MIN_VALUE>[0.10544278472661972, 0.08611172437667847, 0.06342598795890808, 0.02999267727136612, 0.0, 0.0]</MIN_VALUE>
		<SIGNATURE_THRESHOLD_MD>0</SIGNATURE_THRESHOLD_MD>
		<SIGNATURE_THRESHOLD_ML>0</SIGNATURE_THRESHOLD_ML>
		<SIGNATURE_THRESHOLD_SAM>0</SIGNATURE_THRESHOLD_SAM>
	</signature>
	<signature ID="20210202_154014443352_231">
		<MACROCLASSID>1</MACROCLASSID>
		<MACROCLASSINFO>waterbody</MACROCLASSINFO>
		<CLASSID>16</CLASSID>
		<CLASSINFO>C 1</CLASSINFO>
		<VALUES>[0.1301758092688439, 0.001962296487873504, 0.13937206399089824, 0.002537052500041284, 0.16618892566918644, 0.0028800590892878617, 0.11354633403570139, 0.00736326151716294, 0.012473606375982533, 0.005013634210053194, 0.007603575172641325, 0.0043452628200041496]</VALUES>
		<LCS_MIN>[0.12191429734230042, 0.12738105654716492, 0.14169630408287048, 0.09159941226243973, 0.0, 0.0]</LCS_MIN>
		<LCS_MAX>[0.13673867285251617, 0.14457660913467407, 0.17358417809009552, 0.14233435690402985, 0.03715728968381882, 0.032540567219257355]</LCS_MAX>
		<WAVELENGTH>[0.485, 0.56, 0.66, 0.83, 1.65, 2.215]</WAVELENGTH>
		<MEAN_VALUE>[0.1301758092688439, 0.13937206399089824, 0.16618892566918644, 0.11354633403570139, 0.012473606375982533, 0.007603575172641325]</MEAN_VALUE>
