<?xml version="1.0" ?>
<signaturelist MCID_LIST="[['1', 'waterbody', '#000000'], ['2', 'vegetation', '#000000'], ['3', 'bareland', '#000000'], ['4', 'build-up', '#000000']]">
	<signature ID="20210202_093826424452_747">
		<MACROCLASSID>1</MACROCLASSID>
		<MACROCLASSINFO>waterbody</MACROCLASSINFO>
		<CLASSID>1</CLASSID>
		<CLASSINFO>C 1</CLASSINFO>
		<VALUES>[0.12112173230837506, 0.002976277309329852, 0.11778343255184924, 0.0071046163760661515, 0.09742566530813888, 0.014103529512086621, 0.03887249621701006, 0.009821931842285017, 0.005433227950152004, 0.0030581911006908554, 0.003412272047353667, 0.002750902744719258]</VALUES>
		<LCS_MIN>[0.10708993673324585, 0.09298994392156601, 0.057628192007541656, 0.02274482697248459, 0.0, 0.0]</LCS_MIN>
		<LCS_MAX>[0.131797194480896, 0.13769838213920593, 0.13589847087860107, 0.08072763681411743, 0.04415682330727577, 0.02248861826956272]</LCS_MAX>
		<WAVELENGTH>[1.0, 2.0, 3.0, 4.0, 5.0, 7.0]</WAVELENGTH>
		<MEAN_VALUE>[0.12112173230837506, 0.11778343255184924, 0.09742566530813888, 0.03887249621701006, 0.005433227950152004, 0.003412272047353667]</MEAN_VALUE>
		<CHECKBOX>2</CHECKBOX>
		<SD>[0.002976277309329852, 0.0071046163760661515, 0.014103529512086621, 0.009821931842285017, 0.0030581911006908554, 0.002750902744719258]</SD>
		<WAVELENGTH_UNIT>E-6m</WAVELENGTH_UNIT>
		<COLOR>#1d7390</COLOR>
		<COVARIANCE_MATRIX>[[8.295590463693543e-06, 1.2509500375980432e-05, 2.270571194417639e-05, 5.988136521842997e-06, -1.205723734523646e-06, -6.424198899389371e-07], [1.2509500375980432e-05, 4.0669700442094245e-05, 7.328617267243396e-05, 3.0782333521235834e-05, 5.498432445424456e-07, 2.29283838858459e-08], [2.270571194417639e-05, 7.328617267243396e-05, 0.00015599095503868613, 7.687744969727287e-05, 4.881744677024385e-06, 1.7362834040685569e-06], [5.988136521842997e-06, 3.0782333521235834e-05, 7.687744969727287e-05, 7.845988815416248e-05, 1.483548945331913e-05, 6.600456260783421e-06], [-1.205723734523646e-06, 5.498432445424456e-07, 4.881744677024385e-06, 1.483548945331913e-05, 9.715016929998132e-06, 3.3831522125462286e-06], [-6.424198899389371e-07, 2.29283838858459e-08, 1.7362834040685569e-06, 6.600456260783421e-06, 3.3831522125462286e-06, 7.619482830574339e-06]]</COVARIANCE_MATRIX>
		<ROI_SIZE>9334</ROI_SIZE>
		<MAX_VALUE>[0.131797194480896, 0.13769838213920593, 0.13589847087860107, 0.08072763681411743, 0.04415682330727577, 0.02248861826956272]</MAX_VALUE>
		<MIN_VALUE>[0.10708993673324585, 0.09298994392156601, 0.057628192007541656, 0.02274482697248459, 0.0, 0.0]</MIN_VALUE>
		<SIGNATURE_THRESHOLD_MD>0</SIGNATURE_THRESHOLD_MD>
		<SIGNATURE_THRESHOLD_ML>0</SIGNATURE_THRESHOLD_ML>
		<SIGNATURE_THRESHOLD_SAM>0</SIGNATURE_THRESHOLD_SAM>
	</signature>
	<signature ID="20210202_093912956510_473">
		<MACROCLASSID>1</MACROCLASSID>
		<MACROCLASSINFO>waterbody</MACROCLASSINFO>
		<CLASSID>2</CLASSID>
		<CLASSINFO>C 1</CLASSINFO>
		<VALUES>[0.10889949577923433, 0.003064754178489791, 0.091043281463574, 0.004199269861898751, 0.06006481861259177, 0.005612315154861922, 0.03774342383583974, 0.01229253585644678, 0.009303357237037338, 0.006662823289566864, 0.005936348455098173, 0.005303337416051394]</VALUES>
		<LCS_MIN>[0.09720703214406967, 0.07923350483179092, 0.051830388605594635, 0.02274482697248459, 0.0, 0.0]</LCS_MIN>
		<LCS_MAX>[0.12026714533567429, 0.1170637235045433, 0.10401058197021484, 0.07710371166467667, 0.055822696536779404, 0.045943163335323334]</LCS_MAX>
		<WAVELENGTH>[1.0, 2.0, 3.0, 4.0, 5.0, 7.0]</WAVELENGTH>
		<MEAN_VALUE>[0.10889949577923433, 0.091043281463574, 0.06006481861259177, 0.03774342383583974, 0.009303357237037338, 0.005936348455098173]</MEAN_VALUE>
		<CHECKBOX>2</CHECKBOX>
		<SD>[0.003064754178489791, 0.004199269861898751, 0.005612315154861922, 0.01229253585644678, 0.006662823289566864, 0.005303337416051394]</SD>
		<WAVELENGTH_UNIT>E-6m</WAVELENGTH_UNIT>
		<COLOR>#880bdb</COLOR>
		<COVARIANCE_MATRIX>[[8.727772253602443e-06, 7.205766628668523e-06, 4.7646174443752985e-06, -9.373694077614362e-06, -1.2938386379671707e-06, 4.648050289821234e-07], [7.205766628668523e-06, 1.6076567510532257e-05, 1.3696884796542415e-05, -2.525000899196825e-06, 3.3346488415027867e-06, 3.630435411739581e-06], [4.7646174443752985e-06, 1.3696884796542415e-05, 2.928087951202381e-05, 2.9343805127552807e-05, 1.8621245195411643e-05, 1.3526139433810866e-05], [-9.373694077614362e-06, -2.525000899196825e-06, 2.9343805127552807e-05, 0.0001357395305011545, 4.89654682239566e-05, 2.8058953949296107e-05], [-1.2938386379671707e-06, 3.3346488415027867e-06, 1.8621245195411643e-05, 4.89654682239566e-05, 3.8799892597115116e-05, 2.437354174509527e-05], [4.648050289821234e-07, 3.630435411739581e-06, 1.3526139433810866e-05, 2.8058953949296107e-05, 2.437354174509527e-05, 2.5206135541544323e-05]]</COVARIANCE_MATRIX>
		<ROI_SIZE>2643</ROI_SIZE>
		<MAX_VALUE>[0.12026714533567429, 0.1170637235045433, 0.10401058197021484, 0.07710371166467667, 0.055822696536779404, 0.045943163335323334]</MAX_VALUE>
		<MIN_VALUE>[0.09720703214406967, 0.07923350483179092, 0.051830388605594635, 0.02274482697248459, 0.0, 0.0]</MIN_VALUE>
		<SIGNATURE_THRESHOLD_MD>0</SIGNATURE_THRESHOLD_MD>
		<SIGNATURE_THRESHOLD_ML>0</SIGNATURE_THRESHOLD_ML>
		<SIGNATURE_THRESHOLD_SAM>0</SIGNATURE_THRESHOLD_SAM>
	</signature>
	<signature ID="20210202_094007280197_370">
		<MACROCLASSID>1</MACROCLASSID>
		<MACROCLASSINFO>waterbody</MACROCLASSINFO>
		<CLASSID>3</CLASSID>
		<CLASSINFO>C 1</CLASSINFO>
		<VALUES>[0.11933811715355627, 0.0029005435915546445, 0.12262452884168228, 0.005152692267505274, 0.1158792010848484, 0.008027586707842971, 0.05978556622273075, 0.009488767397477418, 0.010397062111626224, 0.006338316625045585, 0.006209883070181289, 0.0046025060521828415]</VALUES>
		<LCS_MIN>[0.10708993673324585, 0.10330727696418762, 0.0924149826169014, 0.040864456444978714, 0.0, 0.0]</LCS_MIN>
		<LCS_MAX>[0.1268557608127594, 0.130820170044899, 0.13010068237781525, 0.08072763681411743, 0.032490942627191544, 0.025839267298579216]</LCS_MAX>
		<WAVELENGTH>[1.0, 2.0, 3.0, 4.0, 5.0, 7.0]</WAVELENGTH>
		<MEAN_VALUE>[0.11933811715355627, 0.12262452884168228, 0.1158792010848484, 0.05978556622273075, 0.010397062111626224, 0.006209883070181289]</MEAN_VALUE>
		<CHECKBOX>2</CHECKBOX>
		<SD>[0.0029005435915546445, 0.005152692267505274, 0.008027586707842971, 0.009488767397477418, 0.006338316625045585, 0.0046025060521828415]</SD>
		<WAVELENGTH_UNIT>E-6m</WAVELENGTH_UNIT>
		<COLOR>#a4ebfa</COLOR>
		<COVARIANCE_MATRIX>[[8.275417556740769e-06, 9.86659717514864e-06, 1.4032786364715459e-05, -9.772799067560506e-06, -7.78453558850992e-06, -4.613102502735885e-06], [9.86659717514864e-06, 2.5888224175715616e-05, 3.270451930438962e-05, -2.0947062838186444e-05, -1.8294098182119337e-05, -1.0909067332859688e-05], [1.4032786364715459e-05, 3.270451930438962e-05, 5.4130605293403824e-05, -2.3873697134604892e-05, -2.4579471261022684e-05, -1.4500904109695234e-05], [-9.772799067560506e-06, -2.0947062838186444e-05, -2.3873697134604892e-05, 8.17473902973198e-05, 3.982530062091082e-05, 2.2449139707051403e-05], [-7.78453558850992e-06, -1.8294098182119337e-05, -2.4579471261022684e-05, 3.982530062091082e-05, 3.369557756686383e-05, 1.8157760547726843e-05], [-4.613102502735885e-06, -1.0909067332859688e-05, -1.4500904109695234e-05, 2.2449139707051403e-05, 1.8157760547726843e-05, 1.8093154348802827e-05]]</COVARIANCE_MATRIX>
		<ROI_SIZE>2048</ROI_SIZE>
		<MAX_VALUE>[0.1268557608127594, 0.130820170044899, 0.13010068237781525, 0.08072763681411743, 0.032490942627191544, 0.025839267298579216]</MAX_VALUE>
		<MIN_VALUE>[0.10708993673324585, 0.10330727696418762, 0.0924149826169014, 0.040864456444978714, 0.0, 0.0]</MIN_VALUE>
		<SIGNATURE_THRESHOLD_MD>0</SIGNATURE_THRESHOLD_MD>
		<SIGNATURE_THRESHOLD_ML>0</SIGNATURE_THRESHOLD_ML>
		<SIGNATURE_THRESHOLD_SAM>0</SIGNATURE_THRESHOLD_SAM>
	</signature>
	<signature ID="20210202_094018378171_865">
		<MACROCLASSID>1</MACROCLASSID>
		<MACROCLASSINFO>waterbody</MACROCLASSINFO>
		<CLASSID>4</CLASSID>
		<CLASSINFO>C 1</CLASSINFO>
		<VALUES>[0.12000015083814995, 0.0027286593078506187, 0.12373325280715106, 0.0036059755731819975, 0.12290765062680567, 0.004392765213582084, 0.06470163317330652, 0.00693022225550868, 0.011065683992237396, 0.005166046891971714, 0.006889845185749795, 0.0039078348886338035]</VALUES>
		<LCS_MIN>[0.10708993673324585, 0.09986817836761475, 0.09531388431787491, 0.05173623934388161, 0.0021596653386950493, 0.0]</LCS_MIN>
		<LCS_MAX>[0.12850289046764374, 0.13769838213920593, 0.13299956917762756, 0.09159941226243973, 0.03715728968381882, 0.032540567219257355]</LCS_MAX>
		<WAVELENGTH>[1.0, 2.0, 3.0, 4.0, 5.0, 7.0]</WAVELENGTH>
		<MEAN_VALUE>[0.12000015083814995, 0.12373325280715106, 0.12290765062680567, 0.06470163317330652, 0.011065683992237396, 0.006889845185749795]</MEAN_VALUE>
		<CHECKBOX>2</CHECKBOX>
		<SD>[0.0027286593078506187, 0.0036059755731819975, 0.004392765213582084, 0.00693022225550868, 0.005166046891971714, 0.0039078348886338035]</SD>
		<WAVELENGTH_UNIT>E-6m</WAVELENGTH_UNIT>
		<COLOR>#73ba4f</COLOR>
		<COVARIANCE_MATRIX>[[7.5386790184080796e-06, 6.010558276663492e-06, 6.34368483637646e-06, -6.465718641249023e-06, -2.9246930167842723e-06, -1.5923809858480722e-06], [6.010558276663492e-06, 1.4531363531799241e-05, 1.2916547786427629e-05, -1.334080802705692e-05, -6.613915185790664e-06, -3.6085230167221404e-06], [6.34368483637646e-06, 1.2916547786427629e-05, 2.3582067975258088e-05, -2.0582737931825204e-05, -1.2899588517647955e-05, -6.046106127979106e-06], [-6.465718641249023e-06, -1.334080802705692e-05, -2.0582737931825204e-05, 5.952302266793022e-05, 3.117198747294242e-05, 1.5650249927302982e-05], [-2.9246930167842723e-06, -6.613915185790664e-06, -1.2899588517647955e-05, 3.117198747294242e-05, 3.0137711050200188e-05, 1.4396751226089003e-05], [-1.5923809858480722e-06, -3.6085230167221404e-06, -6.046106127979106e-06, 1.5650249927302982e-05, 1.4396751226089003e-05, 1.537795357965522e-05]]</COVARIANCE_MATRIX>
		<ROI_SIZE>1574</ROI_SIZE>
		<MAX_VALUE>[0.12850289046764374, 0.13769838213920593, 0.13299956917762756, 0.09159941226243973, 0.03715728968381882, 0.032540567219257355]</MAX_VALUE>
		<MIN_VALUE>[0.10708993673324585, 0.09986817836761475, 0.09531388431787491, 0.05173623934388161, 0.0021596653386950493, 0.0]</MIN_VALUE>
		<SIGNATURE_THRESHOLD_MD>0</SIGNATURE_THRESHOLD_MD>
		<SIGNATURE_THRESHOLD_ML>0</SIGNATURE_THRESHOLD_ML>
		<SIGNATURE_THRESHOLD_SAM>0</SIGNATURE_THRESHOLD_SAM>
	</signature>
	<signature ID="20210202_095216640367_612">
		<MACROCLASSID>1</MACROCLASSID>
		<MACROCLASSINFO>waterbody</MACROCLASSINFO>
		<CLASSID>5</CLASSID>
		<CLASSINFO>C 1</CLASSINFO>
		<VALUES>[0.12109659546282082, 0.0028463229757721637, 0.12592887801892755, 0.00431006087816199, 0.13118001020456327, 0.006549128535006471, 0.07612147528715373, 0.008771146928349826, 0.01549662175666693, 0.008077316846816588, 0.009837271977805892, 0.006338548422186476]</VALUES>
		<LCS_MIN>[0.11203139275312424, 0.11018551141023636, 0.10980838537216187, 0.0626080110669136, 0.0, 0.0]</LCS_MIN>
		<LCS_MAX>[0.131797194480896, 0.14113749563694, 0.14749407768249512, 0.10247119516134262, 0.04415682330727577, 0.032540567219257355]</LCS_MAX>
		<WAVELENGTH>[1.0, 2.0, 3.0, 4.0, 5.0, 7.0]</WAVELENGTH>
		<MEAN_VALUE>[0.12109659546282082, 0.12592887801892755, 0.13118001020456327, 0.07612147528715373, 0.01549662175666693, 0.009837271977805892]</MEAN_VALUE>
		<CHECKBOX>2</CHECKBOX>
		<SD>[0.0028463229757721637, 0.00431006087816199, 0.006549128535006471, 0.008771146928349826, 0.008077316846816588, 0.006338548422186476]</SD>
		<WAVELENGTH_UNIT>E-6m</WAVELENGTH_UNIT>
		<COLOR>#367d8f</COLOR>
		<COVARIANCE_MATRIX>[[8.172741096035751e-06, 5.623148599883441e-06, 7.994794471669421e-06, 8.711326622193295e-07, 4.5348181267899295e-06, 5.063412095812491e-06], [5.623148599883441e-06, 1.4498369303113962e-05, 1.751043219933696e-05, -1.1756780185207312e-05, -4.1714958797610834e-06, 4.252820900912391e-07], [7.994794471669421e-06, 1.751043219933696e-05, 3.442794089560866e-05, -2.3260870831100997e-05, -1.2931058984608136e-05, -3.259636630604869e-06], [8.711326622193295e-07, -1.1756780185207312e-05, -2.3260870831100997e-05, 7.316184145440462e-05, 5.2523640040360696e-05, 3.450507588094188e-05], [4.5348181267899295e-06, -4.1714958797610834e-06, -1.2931058984608136e-05, 5.2523640040360696e-05, 6.130769490516043e-05, 4.018240589144634e-05], [5.063412095812491e-06, 4.252820900912391e-07, -3.259636630604869e-06, 3.450507588094188e-05, 4.018240589144634e-05, 3.765660045788103e-05]]</COVARIANCE_MATRIX>
		<ROI_SIZE>1204</ROI_SIZE>
		<MAX_VALUE>[0.131797194480896, 0.14113749563694, 0.14749407768249512, 0.10247119516134262, 0.04415682330727577, 0.032540567219257355]</MAX_VALUE>
		<MIN_VALUE>[0.11203139275312424, 0.11018551141023636, 0.10980838537216187, 0.0626080110669136, 0.0, 0.0]</MIN_VALUE>
		<SIGNATURE_THRESHOLD_MD>0</SIGNATURE_THRESHOLD_MD>
		<SIGNATURE_THRESHOLD_ML>0</SIGNATURE_THRESHOLD_ML>
		<SIGNATURE_THRESHOLD_SAM>0</SIGNATURE_THRESHOLD_SAM>
	</signature>
	<signature ID="20210202_095224811610_298">
		<MACROCLASSID>1</MACROCLASSID>
		<MACROCLASSINFO>waterbody</MACROCLASSINFO>
		<CLASSID>6</CLASSID>
		<CLASSINFO>C 1</CLASSINFO>
		<VALUES>[0.12169914475664081, 0.0020152263021635127, 0.1313209389146952, 0.0034136039438355152, 0.15665634218962335, 0.0036955815114103887, 0.116446970999879, 0.0071292889403269276, 0.01566410329137036, 0.006228469928514872, 0.009649797970911683, 0.004950636887493942]</VALUES>
		<LCS_MIN>[0.1153256893157959, 0.12050282955169678, 0.13879737257957458, 0.09884727001190186, 0.004492840729653835, 0.0]</LCS_MIN>
		<LCS_MAX>[0.1268557608127594, 0.14113749563694, 0.16488748788833618, 0.13146258890628815, 0.039490461349487305, 0.02918991632759571]</LCS_MAX>
		<WAVELENGTH>[1.0, 2.0, 3.0, 4.0, 5.0, 7.0]</WAVELENGTH>
		<MEAN_VALUE>[0.12169914475664081, 0.1313209389146952, 0.15665634218962335, 0.116446970999879, 0.01566410329137036, 0.009649797970911683]</MEAN_VALUE>
		<CHECKBOX>2</CHECKBOX>
		<SD>[0.0020152263021635127, 0.0034136039438355152, 0.0036955815114103887, 0.0071292889403269276, 0.006228469928514872, 0.004950636887493942]</SD>
		<WAVELENGTH_UNIT>E-6m</WAVELENGTH_UNIT>
		<COLOR>#366ab5</COLOR>
		<COVARIANCE_MATRIX>[[4.069851935302717e-06, 2.551347544674405e-06, 2.5493253972177836e-06, -3.3656740128774257e-06, 2.6446874612588984e-07, -2.9979019718032467e-07], [2.551347544674405e-06, 1.1677697661947458e-05, 7.981685176492676e-06, -1.0838169150197647e-05, -1.8697172249757247e-06, -1.7418794147162319e-06], [2.5493253972177836e-06, 7.981685176492676e-06, 1.368663026693633e-05, -9.090538057002466e-06, -6.939270205345256e-06, -4.806973874637958e-06], [-3.3656740128774257e-06, -1.0838169150197647e-05, -9.090538057002466e-06, 5.0935831096802116e-05, 6.038365716720861e-06, 4.429276708499517e-06], [2.6446874612588984e-07, -1.8697172249757247e-06, -6.939270205345256e-06, 6.038365716720861e-06, 3.887708622906305e-05, 2.3794667070417902e-05], [-2.9979019718032467e-07, -1.7418794147162319e-06, -4.806973874637958e-06, 4.429276708499517e-06, 2.3794667070417902e-05, 2.4561399595231623e-05]]</COVARIANCE_MATRIX>
		<ROI_SIZE>467</ROI_SIZE>
		<MAX_VALUE>[0.1268557608127594, 0.14113749563694, 0.16488748788833618, 0.13146258890628815, 0.039490461349487305, 0.02918991632759571]</MAX_VALUE>
		<MIN_VALUE>[0.1153256893157959, 0.12050282955169678, 0.13879737257957458, 0.09884727001190186, 0.004492840729653835, 0.0]</MIN_VALUE>
		<SIGNATURE_THRESHOLD_MD>0</SIGNATURE_THRESHOLD_MD>
		<SIGNATURE_THRESHOLD_ML>0</SIGNATURE_THRESHOLD_ML>
		<SIGNATURE_THRESHOLD_SAM>0</SIGNATURE_THRESHOLD_SAM>
	</signature>
	<signature ID="20210202_095248351101_686">
		<MACROCLASSID>1</MACROCLASSID>
		<MACROCLASSINFO>waterbody</MACROCLASSINFO>
		<CLASSID>7</CLASSID>
		<CLASSINFO>C 1</CLASSINFO>
		<VALUES>[0.1276519290534252, 0.004022561917987745, 0.13065864351339299, 0.00509347112819452, 0.12088206731176657, 0.005060901044824645, 0.06139530699313733, 0.009529899549757196, 0.015304893062954843, 0.007397302733462556, 0.009875880833168427, 0.005982164397516185]</VALUES>
		<LCS_MIN>[0.11697284132242203, 0.1170637235045433, 0.10401058197021484, 0.04448837786912918, 0.004492840729653835, 0.0]</LCS_MIN>
		<LCS_MAX>[0.14003296196460724, 0.14457660913467407, 0.13879737257957458, 0.0843515619635582, 0.03482412174344063, 0.032540567219257355]</LCS_MAX>
		<WAVELENGTH>[1.0, 2.0, 3.0, 4.0, 5.0, 7.0]</WAVELENGTH>
		<MEAN_VALUE>[0.1276519290534252, 0.13065864351339299, 0.12088206731176657, 0.06139530699313733, 0.015304893062954843, 0.009875880833168427]</MEAN_VALUE>
		<CHECKBOX>2</CHECKBOX>
		<SD>[0.004022561917987745, 0.00509347112819452, 0.005060901044824645, 0.009529899549757196, 0.007397302733462556, 0.005982164397516185]</SD>
		<WAVELENGTH_UNIT>E-6m</WAVELENGTH_UNIT>
		<COLOR>#9e35cf</COLOR>
		<COVARIANCE_MATRIX>[[1.6212731843621766e-05, 1.6589910127151073e-05, 8.711620486284459e-06, 1.5948832215630864e-05, 1.815590154365938e-05, 1.2834731862499222e-05], [1.6589910127151073e-05, 2.5994317639895864e-05, 1.2797863719992307e-05, 1.7643027717285336e-05, 2.0393926672768e-05, 1.419083238055563e-05], [8.711620486284459e-06, 1.2797863719992307e-05, 2.566294040391012e-05, 3.071721892717298e-05, 1.3597998798635731e-05, 1.0781506602036976e-05], [1.5948832215630864e-05, 1.7643027717285336e-05, 3.071721892717298e-05, 9.099706187047905e-05, 5.312588131967225e-05, 4.0058980944979916e-05], [1.815590154365938e-05, 2.0393926672768e-05, 1.3597998798635731e-05, 5.312588131967225e-05, 5.482738202016016e-05, 3.674725775872508e-05], [1.2834731862499222e-05, 1.419083238055563e-05, 1.0781506602036976e-05, 4.0058980944979916e-05, 3.674725775872508e-05, 3.585646007671199e-05]]</COVARIANCE_MATRIX>
		<ROI_SIZE>511</ROI_SIZE>
		<MAX_VALUE>[0.14003296196460724, 0.14457660913467407, 0.13879737257957458, 0.0843515619635582, 0.03482412174344063, 0.032540567219257355]</MAX_VALUE>
		<MIN_VALUE>[0.11697284132242203, 0.1170637235045433, 0.10401058197021484, 0.04448837786912918, 0.004492840729653835, 0.0]</MIN_VALUE>
		<SIGNATURE_THRESHOLD_MD>0</SIGNATURE_THRESHOLD_MD>
		<SIGNATURE_THRESHOLD_ML>0</SIGNATURE_THRESHOLD_ML>
		<SIGNATURE_THRESHOLD_SAM>0</SIGNATURE_THRESHOLD_SAM>
	</signature>
	<signature ID="20210202_095252798536_158">
		<MACROCLASSID>1</MACROCLASSID>
		<MACROCLASSINFO>waterbody</MACROCLASSINFO>
		<CLASSID>8</CLASSID>
		<CLASSINFO>C 1</CLASSINFO>
		<VALUES>[0.12109419627248731, 0.002728344919492109, 0.12440629626471035, 0.003072621206260972, 0.15274757808585251, 0.004194335856978463, 0.16695642568768349, 0.006706701068165705, 0.014300727220605826, 0.007036668425893174, 0.008827371378370289, 0.006199953149411934]</VALUES>
		<LCS_MIN>[0.11367854475975037, 0.11362462490797043, 0.13010068237781525, 0.14233435690402985, 0.0, 0.0]</LCS_MIN>
		<LCS_MAX>[0.13015004992485046, 0.13425928354263306, 0.1677863895893097, 0.19306935369968414, 0.03715728968381882, 0.039241865277290344]</LCS_MAX>
		<WAVELENGTH>[1.0, 2.0, 3.0, 4.0, 5.0, 7.0]</WAVELENGTH>
		<MEAN_VALUE>[0.12109419627248731, 0.12440629626471035, 0.15274757808585251, 0.16695642568768349, 0.014300727220605826, 0.008827371378370289]</MEAN_VALUE>
		<CHECKBOX>2</CHECKBOX>
		<SD>[0.002728344919492109, 0.003072621206260972, 0.004194335856978463, 0.006706701068165705, 0.007036668425893174, 0.006199953149411934]</SD>
		<WAVELENGTH_UNIT>E-6m</WAVELENGTH_UNIT>
		<COLOR>#df6070</COLOR>
		<COVARIANCE_MATRIX>[[7.442756252306624e-06, 4.538197964904128e-06, 5.182983918647245e-06, 7.26972564796728e-06, 7.572295151520743e-06, 7.147976160657376e-06], [4.538197964904128e-06, 9.951087860454889e-06, 8.635420501373936e-06, 8.461154135735717e-06, 6.463634192813696e-06, 6.386093625430885e-06], [5.182983918647245e-06, 8.635420501373936e-06, 1.7089178962945342e-05, 1.0076970294381778e-05, 1.123147614528762e-06, 2.7176101441765183e-06], [7.26972564796728e-06, 8.461154135735717e-06, 1.0076970294381778e-05, 6.301937418290232e-05, 1.743750559654276e-05, 1.2661165396836512e-05], [7.572295151520743e-06, 6.463634192813696e-06, 1.123147614528762e-06, 1.743750559654276e-05, 5.093471951307381e-05, 3.7246565148673094e-05], [7.147976160657376e-06, 6.386093625430885e-06, 2.7176101441765183e-06, 1.2661165396836512e-05, 3.7246565148673094e-05, 3.9498156720608e-05]]</COVARIANCE_MATRIX>
		<ROI_SIZE>1496</ROI_SIZE>
		<MAX_VALUE>[0.13015004992485046, 0.13425928354263306, 0.1677863895893097, 0.19306935369968414, 0.03715728968381882, 0.039241865277290344]</MAX_VALUE>
		<MIN_VALUE>[0.11367854475975037, 0.11362462490797043, 0.13010068237781525, 0.14233435690402985, 0.0, 0.0]</MIN_VALUE>
		<SIGNATURE_THRESHOLD_MD>0</SIGNATURE_THRESHOLD_MD>
		<SIGNATURE_THRESHOLD_ML>0</SIGNATURE_THRESHOLD_ML>
		<SIGNATURE_THRESHOLD_SAM>0</SIGNATURE_THRESHOLD_SAM>
	</signature>
	<signature ID="20210202_095256830260_334">
		<MACROCLASSID>1</MACROCLASSID>
		<MACROCLASSINFO>waterbody</MACROCLASSINFO>
		<CLASSID>9</CLASSID>
		<CLASSINFO>C 1</CLASSINFO>
		<VALUES>[0.11203906890048289, 0.002209586535075706, 0.10621729567820651, 0.003402223788997502, 0.08155593946402448, 0.0028931691820278985, 0.05014812477401924, 0.007204668885356654, 0.01227009114711643, 0.00533776074315537, 0.0073567647704016635, 0.0038720871692486483]</VALUES>
		<LCS_MIN>[0.10544278472661972, 0.09642906486988068, 0.07502158731222153, 0.040864456444978714, 0.004492840729653835, 0.0]</LCS_MIN>
		<LCS_MAX>[0.11861999332904816, 0.12050282955169678, 0.09531388431787491, 0.07710371166467667, 0.03715728968381882, 0.02248861826956272]</LCS_MAX>
		<WAVELENGTH>[1.0, 2.0, 3.0, 4.0, 5.0, 7.0]</WAVELENGTH>
		<MEAN_VALUE>[0.11203906890048289, 0.10621729567820651, 0.08155593946402448, 0.05014812477401924, 0.01227009114711643, 0.0073567647704016635]</MEAN_VALUE>
		<CHECKBOX>2</CHECKBOX>
		<SD>[0.002209586535075706, 0.003402223788997502, 0.0028931691820278985, 0.007204668885356654, 0.00533776074315537, 0.0038720871692486483]</SD>
		<WAVELENGTH_UNIT>E-6m</WAVELENGTH_UNIT>
		<COLOR>#4d9e14</COLOR>
		<COVARIANCE_MATRIX>[[4.893679835090653e-06, 3.657036021534922e-06, 2.6718593547414587e-06, -4.340693633999447e-07, -1.2989903109008786e-06, -5.781135443892124e-07], [3.657036021534922e-06, 1.1602171398996311e-05, 6.120834113370088e-06, -4.074458900139197e-06, -4.743185026569356e-06, -2.3673063137682285e-06], [2.6718593547414587e-06, 6.120834113370088e-06, 8.389984990405658e-06, 1.393359087774083e-06, -1.6487720785605953e-06, -1.1224014062701824e-06], [-4.340693633999447e-07, -4.074458900139197e-06, 1.393359087774083e-06, 5.202853237787775e-05, 3.061407331150061e-05, 1.7182483272528816e-05], [-1.2989903109008786e-06, -4.743185026569356e-06, -1.6487720785605953e-06, 3.061407331150061e-05, 2.8558259119748058e-05, 1.4081252932953974e-05], [-5.781135443892124e-07, -2.3673063137682285e-06, -1.1224014062701824e-06, 1.7182483272528816e-05, 1.4081252932953974e-05, 1.5028089558050338e-05]]</COVARIANCE_MATRIX>
		<ROI_SIZE>429</ROI_SIZE>
		<MAX_VALUE>[0.11861999332904816, 0.12050282955169678, 0.09531388431787491, 0.07710371166467667, 0.03715728968381882, 0.02248861826956272]</MAX_VALUE>
		<MIN_VALUE>[0.10544278472661972, 0.09642906486988068, 0.07502158731222153, 0.040864456444978714, 0.004492840729653835, 0.0]</MIN_VALUE>
		<SIGNATURE_THRESHOLD_MD>0</SIGNATURE_THRESHOLD_MD>
		<SIGNATURE_THRESHOLD_ML>0</SIGNATURE_THRESHOLD_ML>
		<SIGNATURE_THRESHOLD_SAM>0</SIGNATURE_THRESHOLD_SAM>
	</signature>
	<signature ID="20210202_095308558194_696">
		<MACROCLASSID>1</MACROCLASSID>
		<MACROCLASSINFO>waterbody</MACROCLASSINFO>
		<CLASSID>10</CLASSID>
		<CLASSINFO>C 1</CLASSINFO>
		<VALUES>[0.11819914042740902, 0.0026619903141753562, 0.1202447275625539, 0.004340776819565988, 0.11025897774092346, 0.007201479225772923, 0.042827515613742526, 0.005038062196251578, 0.005480251018718394, 0.0031413096791926575, 0.003291064555855527, 0.002836981744071088]</VALUES>
		<LCS_MIN>[0.10544278472661972, 0.09298994392156601, 0.07792048156261444, 0.02999267727136612, 0.0, 0.0]</LCS_MIN>
		<LCS_MAX>[0.1268557608127594, 0.130820170044899, 0.13010068237781525, 0.06985585391521454, 0.02782459184527397, 0.02248861826956272]</LCS_MAX>
		<WAVELENGTH>[1.0, 2.0, 3.0, 4.0, 5.0, 7.0]</WAVELENGTH>
		<MEAN_VALUE>[0.11819914042740902, 0.1202447275625539, 0.11025897774092346, 0.042827515613742526, 0.005480251018718394, 0.003291064555855527]</MEAN_VALUE>
		<CHECKBOX>2</CHECKBOX>
		<SD>[0.0026619903141753562, 0.004340776819565988, 0.007201479225772923, 0.005038062196251578, 0.0031413096791926575, 0.002836981744071088]</SD>
		<WAVELENGTH_UNIT>E-6m</WAVELENGTH_UNIT>
		<COLOR>#656af9</COLOR>
		<COVARIANCE_MATRIX>[[7.345109413100686e-06, 7.660658478420032e-06, 1.1825009508950459e-05, -6.369240029735432e-08, -2.220398702087313e-06, -1.717345212008362e-06], [7.660658478420032e-06, 1.9760173687443348e-05, 2.5506201442155294e-05, 9.379508409919473e-08, -4.790332846101689e-06, -3.3592975298853887e-06], [1.1825009508950459e-05, 2.5506201442155294e-05, 5.013636850097598e-05, 6.605317340062044e-06, -6.497989765776859e-06, -4.927287206564828e-06], [-6.369240029735432e-08, 9.379508409919473e-08, 6.605317340062044e-06, 2.7403218437188004e-05, 9.118319475219354e-06, 4.567424562803565e-06], [-2.220398702087313e-06, -4.790332846101689e-06, -6.497989765776859e-06, 9.118319475219354e-06, 1.0368758105879074e-05, 4.18787331352534e-06], [-1.717345212008362e-06, -3.3592975298853887e-06, -4.927287206564828e-06, 4.567424562803565e-06, 4.18787331352534e-06, 8.302613744557654e-06]]</COVARIANCE_MATRIX>
		<ROI_SIZE>5364</ROI_SIZE>
		<MAX_VALUE>[0.1268557608127594, 0.130820170044899, 0.13010068237781525, 0.06985585391521454, 0.02782459184527397, 0.02248861826956272]</MAX_VALUE>
		<MIN_VALUE>[0.10544278472661972, 0.09298994392156601, 0.07792048156261444, 0.02999267727136612, 0.0, 0.0]</MIN_VALUE>
		<SIGNATURE_THRESHOLD_MD>0</SIGNATURE_THRESHOLD_MD>
		<SIGNATURE_THRESHOLD_ML>0</SIGNATURE_THRESHOLD_ML>
		<SIGNATURE_THRESHOLD_SAM>0</SIGNATURE_THRESHOLD_SAM>
	</signature>
	<signature ID="20210202_095316748131_734">
		<MACROCLASSID>1</MACROCLASSID>
		<MACROCLASSINFO>waterbody</MACROCLASSINFO>
		<CLASSID>11</CLASSID>
		<CLASSINFO>C 1</CLASSINFO>
		<VALUES>[0.0954601080588236, 0.002074756566992594, 0.07083178197438532, 0.0021652533137892093, 0.04882820154100017, 0.002271399198627361, 0.038527410740647715, 0.0057133325102388015, 0.012891717155014916, 0.004151749328497974, 0.007944618753265955, 0.0033708415018293128]</VALUES>
		<LCS_MIN>[0.09061840921640396, 0.06547705829143524, 0.0431336909532547, 0.026368753984570503, 0.0021596653386950493, 0.0]</LCS_MIN>
		<LCS_MAX>[0.1037956178188324, 0.07923350483179092, 0.06052708998322487, 0.0626080110669136, 0.039490461349487305, 0.02248861826956272]</LCS_MAX>
		<WAVELENGTH>[1.0, 2.0, 3.0, 4.0, 5.0, 7.0]</WAVELENGTH>
		<MEAN_VALUE>[0.0954601080588236, 0.07083178197438532, 0.04882820154100017, 0.038527410740647715, 0.012891717155014916, 0.007944618753265955]</MEAN_VALUE>
		<CHECKBOX>2</CHECKBOX>
		<SD>[0.002074756566992594, 0.0021652533137892093, 0.002271399198627361, 0.0057133325102388015, 0.004151749328497974, 0.0033708415018293128]</SD>
		<WAVELENGTH_UNIT>E-6m</WAVELENGTH_UNIT>
		<COLOR>#0efec2</COLOR>
		<COVARIANCE_MATRIX>[[4.309733260331517e-06, 1.551958113236512e-06, 1.9371300465710133e-06, 3.6064158971881814e-06, 2.1458660084215814e-06, 1.1038297675090852e-06], [1.551958113236512e-06, 4.693896611939221e-06, 2.213352852887417e-06, 4.422902842593841e-06, 1.6955545632315552e-06, 1.343518021553131e-06], [1.9371300465710133e-06, 2.213352852887417e-06, 5.16538898577893e-06, 6.70363332705118e-06, 2.951495877102133e-06, 2.0037618308752413e-06], [3.6064158971881814e-06, 4.422902842593841e-06, 6.70363332705118e-06, 3.268098189023595e-05, 1.4403800703691424e-05, 9.126994042647903e-06], [2.1458660084215814e-06, 1.6955545632315552e-06, 2.951495877102133e-06, 1.4403800703691424e-05, 1.7257518351709152e-05, 7.730158753126397e-06], [1.1038297675090852e-06, 1.343518021553131e-06, 2.0037618308752413e-06, 9.126994042647903e-06, 7.730158753126397e-06, 1.1376083218124888e-05]]</COVARIANCE_MATRIX>
		<ROI_SIZE>842</ROI_SIZE>
		<MAX_VALUE>[0.1037956178188324, 0.07923350483179092, 0.06052708998322487, 0.0626080110669136, 0.039490461349487305, 0.02248861826956272]</MAX_VALUE>
		<MIN_VALUE>[0.09061840921640396, 0.06547705829143524, 0.0431336909532547, 0.026368753984570503, 0.0021596653386950493, 0.0]</MIN_VALUE>
		<SIGNATURE_THRESHOLD_MD>0</SIGNATURE_THRESHOLD_MD>
		<SIGNATURE_THRESHOLD_ML>0</SIGNATURE_THRESHOLD_ML>
		<SIGNATURE_THRESHOLD_SAM>0</SIGNATURE_THRESHOLD_SAM>
	</signature>
	<signature ID="20210202_095330625379_812">
		<MACROCLASSID>1</MACROCLASSID>
		<MACROCLASSINFO>waterbody</MACROCLASSINFO>
		<CLASSID>12</CLASSID>
		<CLASSINFO>C 1</CLASSINFO>
		<VALUES>[0.11158719263758173, 0.0022209650839919316, 0.09608408908020519, 0.004076562081151544, 0.060435939999153455, 0.005003232886614685, 0.0265931518159858, 0.003212259069190823, 0.004574953104577037, 0.0025278513929171604, 0.002908611693940505, 0.002594315017675082]</VALUES>
		<LCS_MIN>[0.10214848071336746, 0.07923350483179092, 0.051830388605594635, 0.019120901823043823, 0.0, 0.0]</LCS_MIN>
		<LCS_MAX>[0.12356144934892654, 0.11362462490797043, 0.08371829241514206, 0.055360157042741776, 0.03482412174344063, 0.025839267298579216]</LCS_MAX>
		<WAVELENGTH>[1.0, 2.0, 3.0, 4.0, 5.0, 7.0]</WAVELENGTH>
		<MEAN_VALUE>[0.11158719263758173, 0.09608408908020519, 0.060435939999153455, 0.0265931518159858, 0.004574953104577037, 0.002908611693940505]</MEAN_VALUE>
		<CHECKBOX>2</CHECKBOX>
		<SD>[0.0022209650839919316, 0.004076562081151544, 0.005003232886614685, 0.003212259069190823, 0.0025278513929171604, 0.002594315017675082]</SD>
		<WAVELENGTH_UNIT>E-6m</WAVELENGTH_UNIT>
		<COLOR>#970962</COLOR>
		<COVARIANCE_MATRIX>[[4.98408088247115e-06, 4.516293334471548e-06, 4.650348626610465e-06, 1.4070536125296917e-07, -7.754386641417251e-09, -7.850578107447179e-08], [4.516293334471548e-06, 1.5898110039431142e-05, 1.4148224812366283e-05, 1.7949809245949562e-06, 3.8594703141561076e-07, 2.902166707893878e-07], [4.650348626610465e-06, 1.4148224812366283e-05, 2.433387426365687e-05, 6.898810847643809e-06, 2.835869910051931e-06, 1.975025742979609e-06], [1.4070536125296917e-07, 1.7949809245949562e-06, 6.898810847643809e-06, 1.1917132170594122e-05, 4.711326910184851e-06, 2.933799054801898e-06], [-7.754386641417251e-09, 3.8594703141561076e-07, 2.835869910051931e-06, 4.711326910184851e-06, 7.461108566818044e-06, 2.9510083727337246e-06], [-7.850578107447179e-08, 2.902166707893878e-07, 1.975025742979609e-06, 2.933799054801898e-06, 2.9510083727337246e-06, 7.3882019268917235e-06]]</COVARIANCE_MATRIX>
		<ROI_SIZE>9005</ROI_SIZE>
		<MAX_VALUE>[0.12356144934892654, 0.11362462490797043, 0.08371829241514206, 0.055360157042741776, 0.03482412174344063, 0.025839267298579216]</MAX_VALUE>
		<MIN_VALUE>[0.10214848071336746, 0.07923350483179092, 0.051830388605594635, 0.019120901823043823, 0.0, 0.0]</MIN_VALUE>
		<SIGNATURE_THRESHOLD_MD>0</SIGNATURE_THRESHOLD_MD>
		<SIGNATURE_THRESHOLD_ML>0</SIGNATURE_THRESHOLD_ML>
		<SIGNATURE_THRESHOLD_SAM>0</SIGNATURE_THRESHOLD_SAM>
	</signature>
	<signature ID="20210202_095343300529_595">
		<MACROCLASSID>1</MACROCLASSID>
		<MACROCLASSINFO>waterbody</MACROCLASSINFO>
		<CLASSID>13</CLASSID>
		<CLASSINFO>C 1</CLASSINFO>
		<VALUES>[0.11621560183119453, 0.0027309929402053513, 0.11622418849146196, 0.005230832833590491, 0.1066723977304451, 0.008315726399755216, 0.05303851057125591, 0.009353271096044712, 0.01069987398748837, 0.006906406881736469, 0.006826333170745149, 0.0051782004438735985]</VALUES>
		<LCS_MIN>[0.10544278472661972, 0.09642906486988068, 0.08371829241514206, 0.03361660614609718, 0.0, 0.0]</LCS_MIN>
		<LCS_MAX>[0.12356144934892654, 0.12394194304943085, 0.12430287897586823, 0.0734797865152359, 0.03015776537358761, 0.025839267298579216]</LCS_MAX>
		<WAVELENGTH>[1.0, 2.0, 3.0, 4.0, 5.0, 7.0]</WAVELENGTH>
		<MEAN_VALUE>[0.11621560183119453, 0.11622418849146196, 0.1066723977304451, 0.05303851057125591, 0.01069987398748837, 0.006826333170745149]</MEAN_VALUE>
		<CHECKBOX>2</CHECKBOX>
		<SD>[0.0027309929402053513, 0.005230832833590491, 0.008315726399755216, 0.009353271096044712, 0.006906406881736469, 0.0051782004438735985]</SD>
		<WAVELENGTH_UNIT>E-6m</WAVELENGTH_UNIT>
		<COLOR>#f58d9b</COLOR>
		<COVARIANCE_MATRIX>[[7.4675759412373905e-06, 8.900753371035389e-06, 1.2912780835119144e-05, -2.7155873213019333e-06, -4.238913748339215e-06, -2.532043167415552e-06], [8.900753371035389e-06, 2.7395559542562476e-05, 3.6079785608531636e-05, -3.4978012500283712e-06, -9.759452247001617e-06, -5.538824155375482e-06], [1.2912780835119144e-05, 3.6079785608531636e-05, 6.923710122004697e-05, 9.211360848754103e-06, -1.2404091914006932e-05, -5.698947477132315e-06], [-2.7155873213019333e-06, -3.4978012500283712e-06, 9.211360848754103e-06, 8.759222074225436e-05, 4.1415076727549596e-05, 2.6205762657750023e-05], [-4.238913748339215e-06, -9.759452247001617e-06, -1.2404091914006932e-05, 4.1415076727549596e-05, 4.7757635241923236e-05, 2.7743674540099956e-05], [-2.532043167415552e-06, -5.538824155375482e-06, -5.698947477132315e-06, 2.6205762657750023e-05, 2.7743674540099956e-05, 2.6847027529038103e-05]]</COVARIANCE_MATRIX>
		<ROI_SIZE>807</ROI_SIZE>
		<MAX_VALUE>[0.12356144934892654, 0.12394194304943085, 0.12430287897586823, 0.0734797865152359, 0.03015776537358761, 0.025839267298579216]</MAX_VALUE>
		<MIN_VALUE>[0.10544278472661972, 0.09642906486988068, 0.08371829241514206, 0.03361660614609718, 0.0, 0.0]</MIN_VALUE>
		<SIGNATURE_THRESHOLD_MD>0</SIGNATURE_THRESHOLD_MD>
		<SIGNATURE_THRESHOLD_ML>0</SIGNATURE_THRESHOLD_ML>
		<SIGNATURE_THRESHOLD_SAM>0</SIGNATURE_THRESHOLD_SAM>
	</signature>
	<signature ID="20210202_095358190624_559">
		<MACROCLASSID>1</MACROCLASSID>
		<MACROCLASSINFO>waterbody</MACROCLASSINFO>
		<CLASSID>14</CLASSID>
		<CLASSINFO>C 1</CLASSINFO>
		<VALUES>[0.12400372783472333, 0.002259863386983491, 0.1311783520754904, 0.0032986639920978803, 0.13816523897492658, 0.004552930081206342, 0.07243005288166188, 0.006093591042866209, 0.011242055126516645, 0.006443808617646838, 0.007237920281079431, 0.005091142365283649]</VALUES>
		<LCS_MIN>[0.11367854475975037, 0.1170637235045433, 0.11270727962255478, 0.0626080110669136, 0.0, 0.0]</LCS_MIN>
		<LCS_MAX>[0.131797194480896, 0.14113749563694, 0.14749407768249512, 0.09884727001190186, 0.039490461349487305, 0.02918991632759571]</LCS_MAX>
		<WAVELENGTH>[1.0, 2.0, 3.0, 4.0, 5.0, 7.0]</WAVELENGTH>
		<MEAN_VALUE>[0.12400372783472333, 0.1311783520754904, 0.13816523897492658, 0.07243005288166188, 0.011242055126516645, 0.007237920281079431]</MEAN_VALUE>
		<CHECKBOX>2</CHECKBOX>
		<SD>[0.002259863386983491, 0.0032986639920978803, 0.004552930081206342, 0.006093591042866209, 0.006443808617646838, 0.005091142365283649]</SD>
		<WAVELENGTH_UNIT>E-6m</WAVELENGTH_UNIT>
		<COLOR>#006729</COLOR>
		<COVARIANCE_MATRIX>[[5.111141308388604e-06, 3.4764827293792073e-06, 4.3587270093080425e-06, -2.743528391822964e-06, -2.6504017075910664e-06, -1.2704426767021397e-06], [3.4764827293792073e-06, 1.089004503189403e-05, 9.44123321181823e-06, -8.250432680108838e-06, -8.822980383212258e-06, -5.5425379465297896e-06], [4.3587270093080425e-06, 9.44123321181823e-06, 2.0746052757842516e-05, -1.664465879277206e-05, -1.633024539105722e-05, -9.40678744911824e-06], [-2.743528391822964e-06, -8.250432680108838e-06, -1.664465879277206e-05, 3.7162089462029684e-05, 2.6849633829576596e-05, 1.723425451047855e-05], [-2.6504017075910664e-06, -8.822980383212258e-06, -1.633024539105722e-05, 2.6849633829576596e-05, 4.155648274963885e-05, 2.5802704512679306e-05], [-1.2704426767021397e-06, -5.5425379465297896e-06, -9.40678744911824e-06, 1.723425451047855e-05, 2.5802704512679306e-05, 2.594083785604819e-05]]</COVARIANCE_MATRIX>
		<ROI_SIZE>1229</ROI_SIZE>
		<MAX_VALUE>[0.131797194480896, 0.14113749563694, 0.14749407768249512, 0.09884727001190186, 0.039490461349487305, 0.02918991632759571]</MAX_VALUE>
		<MIN_VALUE>[0.11367854475975037, 0.1170637235045433, 0.11270727962255478, 0.0626080110669136, 0.0, 0.0]</MIN_VALUE>
		<SIGNATURE_THRESHOLD_MD>0</SIGNATURE_THRESHOLD_MD>
		<SIGNATURE_THRESHOLD_ML>0</SIGNATURE_THRESHOLD_ML>
		<SIGNATURE_THRESHOLD_SAM>0</SIGNATURE_THRESHOLD_SAM>
	</signature>
	<signature ID="20210202_095407510422_445">
		<MACROCLASSID>1</MACROCLASSID>
		<MACROCLASSINFO>waterbody</MACROCLASSINFO>
		<CLASSID>15</CLASSID>
		<CLASSINFO>C 1</CLASSINFO>
		<VALUES>[0.11885736232596539, 0.002290735432212877, 0.11944534176282603, 0.0040666226181194105, 0.10593429446690358, 0.01233121759365531, 0.04017713174478451, 0.0089268104288503, 0.004934629218785835, 0.002519661235030275, 0.003054218551538072, 0.0026149934114011466]</VALUES>
		<LCS_MIN>[0.11038423329591751, 0.1067463830113411, 0.08081939071416855, 0.026368753984570503, 0.0, 0.0]</LCS_MIN>
		<LCS_MAX>[0.1268557608127594, 0.130820170044899, 0.13299956917762756, 0.06623192876577377, 0.032490942627191544, 0.02248861826956272]</LCS_MAX>
		<WAVELENGTH>[1.0, 2.0, 3.0, 4.0, 5.0, 7.0]</WAVELENGTH>
		<MEAN_VALUE>[0.11885736232596539, 0.11944534176282603, 0.10593429446690358, 0.04017713174478451, 0.004934629218785835, 0.003054218551538072]</MEAN_VALUE>
		<CHECKBOX>2</CHECKBOX>
		<SD>[0.002290735432212877, 0.0040666226181194105, 0.01233121759365531, 0.0089268104288503, 0.002519661235030275, 0.0026149934114011466]</SD>
		<WAVELENGTH_UNIT>E-6m</WAVELENGTH_UNIT>
		<COLOR>#214faa</COLOR>
		<COVARIANCE_MATRIX>[[8.706225885414888e-06, 9.345159931818532e-06, 2.025552612868481e-05, 3.65235329246096e-06, -3.5606566854469966e-06, -2.8095176082091937e-06], [9.345159931818532e-06, 2.478927745682013e-05, 5.7333953088887836e-05, 2.2918291899704708e-05, -4.436531679256123e-06, -3.353329700165702e-06], [2.025552612868481e-05, 5.7333953088887836e-05, 0.00018388382503049393, 9.641347431936967e-05, -4.742843218915448e-06, -3.980586622365262e-06], [3.65235329246096e-06, 2.2918291899704708e-05, 9.641347431936967e-05, 8.421354093556698e-05, 8.658681061896072e-06, 5.898712747861392e-06], [-3.5606566854469966e-06, -4.436531679256123e-06, -4.742843218915448e-06, 8.658681061896072e-06, 1.1114018559093104e-05, 5.901078773285504e-06], [-2.8095176082091937e-06, -3.353329700165702e-06, -3.980586622365262e-06, 5.898712747861392e-06, 5.901078773285504e-06, 1.0252256098030228e-05]]</COVARIANCE_MATRIX>
		<ROI_SIZE>4070</ROI_SIZE>
		<MAX_VALUE>[0.1268557608127594, 0.130820170044899, 0.13299956917762756, 0.06623192876577377, 0.032490942627191544, 0.02248861826956272]</MAX_VALUE>
		<MIN_VALUE>[0.11038423329591751, 0.1067463830113411, 0.08081939071416855, 0.026368753984570503, 0.0, 0.0]</MIN_VALUE>
		<SIGNATURE_THRESHOLD_MD>0</SIGNATURE_THRESHOLD_MD>
		<SIGNATURE_THRESHOLD_ML>0</SIGNATURE_THRESHOLD_ML>
		<SIGNATURE_THRESHOLD_SAM>0</SIGNATURE_THRESHOLD_SAM>
	</signature>
	<signature ID="20210202_095418225261_938">
		<MACROCLASSID>1</MACROCLASSID>
		<MACROCLASSINFO>waterbody</MACROCLASSINFO>
		<CLASSID>16</CLASSID>
		<CLASSINFO>C 1</CLASSINFO>
		<VALUES>[0.12362945098600794, 0.0027881504206771555, 0.1247780582431806, 0.0035487011596977824, 0.12512733953056543, 0.004285245354211664, 0.07397848969205797, 0.009381171545631553, 0.015698502962733826, 0.006470282324468307, 0.00951755917823335, 0.004896693365501415]</VALUES>
		<LCS_MIN>[0.1153256893157959, 0.11362462490797043, 0.10980838537216187, 0.055360157042741776, 0.0021596653386950493, 0.0]</LCS_MIN>
		<LCS_MAX>[0.13015004992485046, 0.130820170044899, 0.13299956917762756, 0.09884727001190186, 0.039490461349487305, 0.032540567219257355]</LCS_MAX>
		<WAVELENGTH>[1.0, 2.0, 3.0, 4.0, 5.0, 7.0]</WAVELENGTH>
		<MEAN_VALUE>[0.12362945098600794, 0.1247780582431806, 0.12512733953056543, 0.07397848969205797, 0.015698502962733826, 0.00951755917823335]</MEAN_VALUE>
		<CHECKBOX>2</CHECKBOX>
		<SD>[0.0027881504206771555, 0.0035487011596977824, 0.004285245354211664, 0.009381171545631553, 0.006470282324468307, 0.004896693365501415]</SD>
		<WAVELENGTH_UNIT>E-6m</WAVELENGTH_UNIT>
		<COLOR>#6675a0</COLOR>
