<?xml version="1.0" ?>
<signaturelist MCID_LIST="[['1', 'waterbody', '#000000'], ['2', 'vegetation', '#000000'], ['3', 'bareland', '#000000'], ['4', 'built-up', '#000000']]">
	<signature ID="20210512_092018188591_825">
		<MACROCLASSID>1</MACROCLASSID>
		<MACROCLASSINFO>waterbody</MACROCLASSINFO>
		<CLASSID>1</CLASSID>
		<CLASSINFO>C 1</CLASSINFO>
		<VALUES>[0.1196030676340308, 0.0007435633270065021, 0.09331652874821686, 0.001382220325106052, 0.06115295324449983, 0.0009404162315890046, 0.03570119080935963, 0.0007136022553911668, 0.019774634798638262, 0.0007782712388464499, 0.014742034044202799, 0.0006299295601696046]</VALUES>
		<LCS_MIN>[0.11692201346158981, 0.08858145773410797, 0.05720933526754379, 0.03332425281405449, 0.017132941633462906, 0.01260855607688427]</LCS_MIN>
		<LCS_MAX>[0.12185978889465332, 0.09714792668819427, 0.06377772241830826, 0.0385376438498497, 0.0232879389077425, 0.017270738258957863]</LCS_MAX>
		<WAVELENGTH>[0.48, 0.56, 0.655, 0.865, 1.61, 2.2]</WAVELENGTH>
		<MEAN_VALUE>[0.1196030676340308, 0.09331652874821686, 0.06115295324449983, 0.03570119080935963, 0.019774634798638262, 0.014742034044202799]</MEAN_VALUE>
		<CHECKBOX>2</CHECKBOX>
		<SD>[0.0007435633270065021, 0.001382220325106052, 0.0009404162315890046, 0.0007136022553911668, 0.0007782712388464499, 0.0006299295601696046]</SD>
		<WAVELENGTH_UNIT>E-6m</WAVELENGTH_UNIT>
		<COLOR>#303a59</COLOR>
		<COVARIANCE_MATRIX>[[5.027204110774619e-07, 7.954181455716025e-07, 5.615058853436494e-07, 2.2824754353223398e-07, 1.2179428665604064e-07, 1.0133943817436375e-07], [7.954181455716025e-07, 1.7519131461085635e-06, 1.073076873581158e-06, 2.304846304923558e-07, 7.539657076449657e-08, 5.256267598952036e-08], [5.615058853436494e-07, 1.073076873581158e-06, 8.172453931365453e-07, 3.260200287513726e-07, 2.2144179467886715e-07, 1.8042155147668382e-07], [2.2824754353223398e-07, 2.304846304923558e-07, 3.260200287513726e-07, 4.773519890477473e-07, 3.9341176716334303e-07, 3.2652076242811745e-07], [1.2179428665604064e-07, 7.539657076449657e-08, 2.2144179467886715e-07, 3.9341176716334303e-07, 5.500625661625236e-07, 4.0031275716501113e-07], [1.0133943817436375e-07, 5.256267598952036e-08, 1.8042155147668382e-07, 3.2652076242811745e-07, 4.0031275716501113e-07, 3.619395840814832e-07]]</COVARIANCE_MATRIX>
		<ROI_SIZE>10201</ROI_SIZE>
		<MAX_VALUE>[0.12185978889465332, 0.09714792668819427, 0.06377772241830826, 0.0385376438498497, 0.0232879389077425, 0.017270738258957863]</MAX_VALUE>
		<MIN_VALUE>[0.11692201346158981, 0.08858145773410797, 0.05720933526754379, 0.03332425281405449, 0.017132941633462906, 0.01260855607688427]</MIN_VALUE>
		<SIGNATURE_THRESHOLD_MD>0.0</SIGNATURE_THRESHOLD_MD>
		<SIGNATURE_THRESHOLD_ML>0.0</SIGNATURE_THRESHOLD_ML>
		<SIGNATURE_THRESHOLD_SAM>0.0</SIGNATURE_THRESHOLD_SAM>
	</signature>
	<signature ID="20210512_092023519810_196">
		<MACROCLASSID>1</MACROCLASSID>
		<MACROCLASSINFO>waterbody</MACROCLASSINFO>
		<CLASSID>2</CLASSID>
		<CLASSINFO>C 1</CLASSINFO>
		<VALUES>[0.12155365510643888, 0.0020581812344849866, 0.10489478491295842, 0.0035451142645946177, 0.07661177143085744, 0.0055834799128189234, 0.037421720028046404, 0.0010914338280367166, 0.01795035483463128, 0.001138216302366057, 0.013065610930673986, 0.000944909764163323]</VALUES>
		<LCS_MIN>[0.1171516627073288, 0.09763022512197495, 0.06807245314121246, 0.03396731615066528, 0.015042999759316444, 0.010748273693025112]</LCS_MIN>
		<LCS_MAX>[0.1271650344133377, 0.11377560347318649, 0.09351923316717148, 0.046713683754205704, 0.02728409878909588, 0.02087646722793579]</LCS_MAX>
		<WAVELENGTH>[0.48, 0.56, 0.655, 0.865, 1.61, 2.2]</WAVELENGTH>
		<MEAN_VALUE>[0.12155365510643888, 0.10489478491295842, 0.07661177143085744, 0.037421720028046404, 0.01795035483463128, 0.013065610930673986]</MEAN_VALUE>
		<CHECKBOX>2</CHECKBOX>
		<SD>[0.0020581812344849866, 0.0035451142645946177, 0.0055834799128189234, 0.0010914338280367166, 0.001138216302366057, 0.000944909764163323]</SD>
		<WAVELENGTH_UNIT>E-6m</WAVELENGTH_UNIT>
		<COLOR>#dfa8ab</COLOR>
		<COVARIANCE_MATRIX>[[4.044398338010069e-06, 6.762791144865332e-06, 1.0089651368616614e-05, 9.92261902865721e-07, -6.337701847769495e-07, -5.726399194827536e-07], [6.762791144865332e-06, 1.2233038432896137e-05, 1.853583125921432e-05, 1.7350099597024382e-06, -1.333002614956058e-06, -1.1913897424165043e-06], [1.0089651368616614e-05, 1.853583125921432e-05, 2.9289642043295316e-05, 2.753886064965627e-06, -2.1805224150739377e-06, -1.937501110660378e-06], [9.92261902865721e-07, 1.7350099597024382e-06, 2.753886064965627e-06, 1.0996493529091822e-06, 6.558265681633202e-07, 5.138543883731472e-07], [-6.337701847769495e-07, -1.333002614956058e-06, -2.1805224150739377e-06, 6.558265681633202e-07, 1.220837475557346e-06, 9.75183752416342e-07], [-5.726399194827536e-07, -1.1913897424165043e-06, -1.937501110660378e-06, 5.138543883731472e-07, 9.75183752416342e-07, 8.347166726707655e-07]]</COVARIANCE_MATRIX>
		<ROI_SIZE>10193</ROI_SIZE>
		<MAX_VALUE>[0.1271650344133377, 0.11377560347318649, 0.09351923316717148, 0.046713683754205704, 0.02728409878909588, 0.02087646722793579]</MAX_VALUE>
		<MIN_VALUE>[0.1171516627073288, 0.09763022512197495, 0.06807245314121246, 0.03396731615066528, 0.015042999759316444, 0.010748273693025112]</MIN_VALUE>
		<SIGNATURE_THRESHOLD_MD>0.0</SIGNATURE_THRESHOLD_MD>
		<SIGNATURE_THRESHOLD_ML>0.0</SIGNATURE_THRESHOLD_ML>
		<SIGNATURE_THRESHOLD_SAM>0.0</SIGNATURE_THRESHOLD_SAM>
	</signature>
	<signature ID="20210512_092031538878_789">
		<MACROCLASSID>1</MACROCLASSID>
		<MACROCLASSINFO>waterbody</MACROCLASSINFO>
		<CLASSID>3</CLASSID>
		<CLASSINFO>C 1</CLASSINFO>
		<VALUES>[0.13263501287930676, 0.001257653547032983, 0.12810833667605176, 0.0016649677163013442, 0.10656107852152796, 0.0021627968568362047, 0.06236484131867981, 0.006932635019473522, 0.02020691209806468, 0.005343203755361629, 0.012377932209222745, 0.0031763902279433134]</VALUES>
		<LCS_MIN>[0.12796886265277863, 0.12082630395889282, 0.09563213586807251, 0.05284571275115013, 0.013343478552997112, 0.008199005387723446]</LCS_MIN>
		<LCS_MAX>[0.1358463317155838, 0.1319650113582611, 0.11432681232690811, 0.09864074736833572, 0.05688779801130295, 0.03640175983309746]</LCS_MAX>
		<WAVELENGTH>[0.48, 0.56, 0.655, 0.865, 1.61, 2.2]</WAVELENGTH>
		<MEAN_VALUE>[0.13263501287930676, 0.12810833667605176, 0.10656107852152796, 0.06236484131867981, 0.02020691209806468, 0.012377932209222745]</MEAN_VALUE>
		<CHECKBOX>2</CHECKBOX>
		<SD>[0.001257653547032983, 0.0016649677163013442, 0.0021627968568362047, 0.006932635019473522, 0.005343203755361629, 0.0031763902279433134]</SD>
		<WAVELENGTH_UNIT>E-6m</WAVELENGTH_UNIT>
		<COLOR>#adda7e</COLOR>
		<COVARIANCE_MATRIX>[[1.583043172104226e-06, 1.959582277777372e-06, 2.2088163404987426e-06, -1.2510234910223517e-06, -1.54559600673565e-07, 5.678109005202714e-07], [1.959582277777372e-06, 2.7744847557187313e-06, 3.0117817004793324e-06, -3.5060522804997163e-06, -1.4548029412253527e-06, -2.6187924717646638e-08], [2.2088163404987426e-06, 3.0117817004793324e-06, 4.681684913521167e-06, -3.80630990548525e-06, -1.1279632872174261e-06, 5.022189384362719e-07], [-1.2510234910223517e-06, -3.5060522804997163e-06, -3.80630990548525e-06, 4.8102472646860406e-05, 3.0669169063912705e-05, 1.6916379536269233e-05], [-1.54559600673565e-07, -1.4548029412253527e-06, -1.1279632872174261e-06, 3.0669169063912705e-05, 2.8574206226039678e-05, 1.6269839761662297e-05], [5.678109005202714e-07, -2.6187924717646638e-08, 5.022189384362719e-07, 1.6916379536269233e-05, 1.6269839761662297e-05, 1.0098070561070926e-05]]</COVARIANCE_MATRIX>
		<ROI_SIZE>1172</ROI_SIZE>
		<MAX_VALUE>[0.1358463317155838, 0.1319650113582611, 0.11432681232690811, 0.09864074736833572, 0.05688779801130295, 0.03640175983309746]</MAX_VALUE>
		<MIN_VALUE>[0.12796886265277863, 0.12082630395889282, 0.09563213586807251, 0.05284571275115013, 0.013343478552997112, 0.008199005387723446]</MIN_VALUE>
		<SIGNATURE_THRESHOLD_MD>0.0</SIGNATURE_THRESHOLD_MD>
		<SIGNATURE_THRESHOLD_ML>0.0</SIGNATURE_THRESHOLD_ML>
		<SIGNATURE_THRESHOLD_SAM>0.0</SIGNATURE_THRESHOLD_SAM>
	</signature>
	<signature ID="20210512_092036423524_629">
		<MACROCLASSID>1</MACROCLASSID>
		<MACROCLASSINFO>waterbody</MACROCLASSINFO>
		<CLASSID>4</CLASSID>
		<CLASSINFO>C 1</CLASSINFO>
		<VALUES>[0.1326169354444508, 0.001163982942468214, 0.12679332292884876, 0.001472752559112832, 0.10061204826649119, 0.0027867284485548023, 0.0589548745551381, 0.006275273398961083, 0.018607357246052808, 0.004441496120931569, 0.010839020068330546, 0.002696612038634589]</VALUES>
		<LCS_MIN>[0.1283133625984192, 0.11864449083805084, 0.09159005433320999, 0.04940074309706688, 0.012126265093684196, 0.006752123590558767]</LCS_MIN>
		<LCS_MAX>[0.1364894062280655, 0.13150568306446075, 0.10686271637678146, 0.0966656282544136, 0.04855099692940712, 0.028708016499876976]</LCS_MAX>
		<WAVELENGTH>[0.48, 0.56, 0.655, 0.865, 1.61, 2.2]</WAVELENGTH>
		<MEAN_VALUE>[0.1326169354444508, 0.12679332292884876, 0.10061204826649119, 0.0589548745551381, 0.018607357246052808, 0.010839020068330546]</MEAN_VALUE>
		<CHECKBOX>2</CHECKBOX>
		<SD>[0.001163982942468214, 0.001472752559112832, 0.0027867284485548023, 0.006275273398961083, 0.004441496120931569, 0.002696612038634589]</SD>
		<WAVELENGTH_UNIT>E-6m</WAVELENGTH_UNIT>
		<COLOR>#5b144b</COLOR>
		<COVARIANCE_MATRIX>[[1.3144892818672815e-06, 1.3367402971198317e-06, 1.7195114878632012e-06, -5.094997845844773e-07, -8.412328043050366e-07, -3.0868886824464425e-07], [1.3367402971198317e-06, 2.2835270101495553e-06, 1.6705150756024523e-06, -2.077616272799787e-06, -1.033786929838243e-06, -1.870018877525581e-07], [1.7195114878632012e-06, 1.6705150756024523e-06, 8.514217370247934e-06, -2.059349753835704e-06, -2.3836603304516757e-06, -6.861599217700132e-07], [-5.094997845844773e-07, -2.077616272799787e-06, -2.059349753835704e-06, 4.0173661545850337e-05, 2.4496388505212963e-05, 1.3411258805717807e-05], [-8.412328043050366e-07, -1.033786929838243e-06, -2.3836603304516757e-06, 2.4496388505212963e-05, 1.987017458304763e-05, 1.221810634888243e-05], [-3.0868886824464425e-07, -1.870018877525581e-07, -6.861599217700132e-07, 1.3411258805717807e-05, 1.221810634888243e-05, 8.3297800301807e-06]]</COVARIANCE_MATRIX>
		<ROI_SIZE>2147</ROI_SIZE>
		<MAX_VALUE>[0.1364894062280655, 0.13150568306446075, 0.10686271637678146, 0.0966656282544136, 0.04855099692940712, 0.028708016499876976]</MAX_VALUE>
		<MIN_VALUE>[0.1283133625984192, 0.11864449083805084, 0.09159005433320999, 0.04940074309706688, 0.012126265093684196, 0.006752123590558767]</MIN_VALUE>
		<SIGNATURE_THRESHOLD_MD>0.0</SIGNATURE_THRESHOLD_MD>
		<SIGNATURE_THRESHOLD_ML>0.0</SIGNATURE_THRESHOLD_ML>
		<SIGNATURE_THRESHOLD_SAM>0.0</SIGNATURE_THRESHOLD_SAM>
	</signature>
	<signature ID="20210512_092041416584_746">
		<MACROCLASSID>1</MACROCLASSID>
		<MACROCLASSINFO>waterbody</MACROCLASSINFO>
		<CLASSID>5</CLASSID>
		<CLASSINFO>C 1</CLASSINFO>
		<VALUES>[0.1358277286117399, 0.001633549290673541, 0.1304935425819465, 0.0029440504588164056, 0.10570195666210146, 0.006343026397177653, 0.059431626909791584, 0.0069283773823110364, 0.020808928074249687, 0.006032497397304273, 0.013126004821428998, 0.004504018997260121]</VALUES>
		<LCS_MIN>[0.12992100417613983, 0.12117078900337219, 0.09191159158945084, 0.049515578895807266, 0.014078409411013126, 0.0088880006223917]</LCS_MIN>
		<LCS_MAX>[0.14723767340183258, 0.14464247226715088, 0.12826740741729736, 0.09191159158945084, 0.05583134666085243, 0.04331466183066368]</LCS_MAX>
		<WAVELENGTH>[0.48, 0.56, 0.655, 0.865, 1.61, 2.2]</WAVELENGTH>
		<MEAN_VALUE>[0.1358277286117399, 0.1304935425819465, 0.10570195666210146, 0.059431626909791584, 0.020808928074249687, 0.013126004821428998]</MEAN_VALUE>
		<CHECKBOX>2</CHECKBOX>
		<SD>[0.001633549290673541, 0.0029440504588164056, 0.006343026397177653, 0.0069283773823110364, 0.006032497397304273, 0.004504018997260121]</SD>
		<WAVELENGTH_UNIT>E-6m</WAVELENGTH_UNIT>
		<COLOR>#0b7e1a</COLOR>
		<COVARIANCE_MATRIX>[[2.9865686883567832e-06, 4.364562300906982e-06, 8.665700079291128e-06, 2.4672790459590033e-06, 2.220287569798529e-06, 2.2086619537731167e-06], [4.364562300906982e-06, 7.899281627032906e-06, 1.555798007757403e-05, 6.951520692410895e-09, -3.3800407095441187e-07, 5.013102963857818e-07], [8.665700079291128e-06, 1.555798007757403e-05, 3.813437797361985e-05, 8.80870265973499e-06, 3.960840331274085e-06, 3.886430022248533e-06], [2.4672790459590033e-06, 6.951520692410895e-09, 8.80870265973499e-06, 5.101026181364432e-05, 3.542038393788971e-05, 2.325598143215757e-05], [2.220287569798529e-06, -3.3800407095441187e-07, 3.960840331274085e-06, 3.542038393788971e-05, 3.123129135929048e-05, 2.2027219529263675e-05], [2.2086619537731167e-06, 5.013102963857818e-07, 3.886430022248533e-06, 2.325598143215757e-05, 2.2027219529263675e-05, 1.6563053577556275e-05]]</COVARIANCE_MATRIX>
		<ROI_SIZE>1710</ROI_SIZE>
		<MAX_VALUE>[0.14723767340183258, 0.14464247226715088, 0.12826740741729736, 0.09191159158945084, 0.05583134666085243, 0.04331466183066368]</MAX_VALUE>
		<MIN_VALUE>[0.12992100417613983, 0.12117078900337219, 0.09191159158945084, 0.049515578895807266, 0.014078409411013126, 0.0088880006223917]</MIN_VALUE>
		<SIGNATURE_THRESHOLD_MD>0.0</SIGNATURE_THRESHOLD_MD>
		<SIGNATURE_THRESHOLD_ML>0.0</SIGNATURE_THRESHOLD_ML>
		<SIGNATURE_THRESHOLD_SAM>0.0</SIGNATURE_THRESHOLD_SAM>
	</signature>
	<signature ID="20210512_092046082409_470">
		<MACROCLASSID>1</MACROCLASSID>
		<MACROCLASSINFO>waterbody</MACROCLASSINFO>
		<CLASSID>6</CLASSID>
		<CLASSINFO>C 1</CLASSINFO>
		<VALUES>[0.13571258645150017, 0.0017177303546631662, 0.12931365454434204, 0.0024096323248089884, 0.1017411340502978, 0.004693496941569135, 0.0584079094427513, 0.0064312375291043855, 0.02035172179345325, 0.0058216546961777325, 0.012641270337360825, 0.00426352161870346]</VALUES>
		<LCS_MIN>[0.1257181316614151, 0.11260432004928589, 0.0862848088145256, 0.0499519482254982, 0.013687980361282825, 0.008130106143653393]</LCS_MIN>
		<LCS_MAX>[0.14664055407047272, 0.13812001049518585, 0.12569516897201538, 0.0923709124326706, 0.05622177571058273, 0.04308499023318291]</LCS_MAX>
		<WAVELENGTH>[0.48, 0.56, 0.655, 0.865, 1.61, 2.2]</WAVELENGTH>
		<MEAN_VALUE>[0.13571258645150017, 0.12931365454434204, 0.1017411340502978, 0.0584079094427513, 0.02035172179345325, 0.012641270337360825]</MEAN_VALUE>
		<CHECKBOX>2</CHECKBOX>
		<SD>[0.0017177303546631662, 0.0024096323248089884, 0.004693496941569135, 0.0064312375291043855, 0.0058216546961777325, 0.00426352161870346]</SD>
		<WAVELENGTH_UNIT>E-6m</WAVELENGTH_UNIT>
		<COLOR>#7cbf1d</COLOR>
		<COVARIANCE_MATRIX>[[2.9521856959036086e-06, 3.701270998135442e-06, 3.740199190360727e-06, 4.634284778148867e-07, 2.383807213846012e-06, 2.2406202333513647e-06], [3.701270998135442e-06, 5.809452886751387e-06, 7.194842055469053e-06, -9.357512453789241e-07, 1.2695367104242905e-06, 1.521939111626125e-06], [3.740199190360727e-06, 7.194842055469053e-06, 2.2040769181330688e-05, 1.0486085557204206e-05, 1.001971850200789e-05, 8.438755685347132e-06], [4.634284778148867e-07, -9.357512453789241e-07, 1.0486085557204206e-05, 4.138307849643752e-05, 3.322461634525098e-05, 2.2718508262187243e-05], [2.383807213846012e-06, 1.2695367104242905e-06, 1.001971850200789e-05, 3.322461634525098e-05, 3.390990605112165e-05, 2.4299090000567958e-05], [2.2406202333513647e-06, 1.521939111626125e-06, 8.438755685347132e-06, 2.2718508262187243e-05, 2.4299090000567958e-05, 1.8187400200986303e-05]]</COVARIANCE_MATRIX>
		<ROI_SIZE>1859</ROI_SIZE>
		<MAX_VALUE>[0.14664055407047272, 0.13812001049518585, 0.12569516897201538, 0.0923709124326706, 0.05622177571058273, 0.04308499023318291]</MAX_VALUE>
		<MIN_VALUE>[0.1257181316614151, 0.11260432004928589, 0.0862848088145256, 0.0499519482254982, 0.013687980361282825, 0.008130106143653393]</MIN_VALUE>
		<SIGNATURE_THRESHOLD_MD>0.0</SIGNATURE_THRESHOLD_MD>
		<SIGNATURE_THRESHOLD_ML>0.0</SIGNATURE_THRESHOLD_ML>
		<SIGNATURE_THRESHOLD_SAM>0.0</SIGNATURE_THRESHOLD_SAM>
	</signature>
	<signature ID="20210512_092051141482_122">
		<MACROCLASSID>1</MACROCLASSID>
		<MACROCLASSINFO>waterbody</MACROCLASSINFO>
		<CLASSID>7</CLASSID>
		<CLASSINFO>C 1</CLASSINFO>
		<VALUES>[0.1388773879898712, 0.0020230994913067635, 0.1329003748408938, 0.003496674698360962, 0.1097991858763326, 0.004516116002591004, 0.05937250638679506, 0.005052291778011772, 0.01848137068739692, 0.004514128850861181, 0.011237971395615203, 0.0034299861099822034]</VALUES>
		<LCS_MIN>[0.12737172842025757, 0.11115743964910507, 0.08603217452764511, 0.05257011577486992, 0.012493722140789032, 0.0076478151604533195]</LCS_MIN>
		<LCS_MAX>[0.14521662890911102, 0.13890086114406586, 0.123903788626194, 0.09423118084669113, 0.054430391639471054, 0.04046682268381119]</LCS_MAX>
		<WAVELENGTH>[0.48, 0.56, 0.655, 0.865, 1.61, 2.2]</WAVELENGTH>
		<MEAN_VALUE>[0.1388773879898712, 0.1329003748408938, 0.1097991858763326, 0.05937250638679506, 0.01848137068739692, 0.011237971395615203]</MEAN_VALUE>
		<CHECKBOX>2</CHECKBOX>
		<SD>[0.0020230994913067635, 0.003496674698360962, 0.004516116002591004, 0.005052291778011772, 0.004514128850861181, 0.0034299861099822034]</SD>
		<WAVELENGTH_UNIT>E-6m</WAVELENGTH_UNIT>
		<COLOR>#6cdc29</COLOR>
		<COVARIANCE_MATRIX>[[3.0491517009068048e-06, 4.984790848538978e-06, 5.9181961660215165e-06, -1.6020844668673817e-06, -1.029871327773435e-06, -4.836077778236358e-07], [4.984790848538978e-06, 9.32660714170197e-06, 1.0976365956594236e-05, -4.311043539928505e-06, -3.494493967082235e-06, -2.1476416804944165e-06], [5.9181961660215165e-06, 1.0976365956594236e-05, 1.796767901396379e-05, 1.5555293657598668e-06, 1.0186615782004083e-06, 1.3038888937444426e-06], [-1.6020844668673817e-06, -4.311043539928505e-06, 1.5555293657598668e-06, 2.977943222504109e-05, 2.3412076188833453e-05, 1.6684187357896008e-05], [-1.029871327773435e-06, -3.494493967082235e-06, 1.0186615782004083e-06, 2.3412076188833453e-05, 2.3222808522405103e-05, 1.67186044564005e-05], [-4.836077778236358e-07, -2.1476416804944165e-06, 1.3038888937444426e-06, 1.6684187357896008e-05, 1.67186044564005e-05, 1.254015205631731e-05]]</COVARIANCE_MATRIX>
		<ROI_SIZE>2959</ROI_SIZE>
		<MAX_VALUE>[0.14521662890911102, 0.13890086114406586, 0.123903788626194, 0.09423118084669113, 0.054430391639471054, 0.04046682268381119]</MAX_VALUE>
		<MIN_VALUE>[0.12737172842025757, 0.11115743964910507, 0.08603217452764511, 0.05257011577486992, 0.012493722140789032, 0.0076478151604533195]</MIN_VALUE>
		<SIGNATURE_THRESHOLD_MD>0.0</SIGNATURE_THRESHOLD_MD>
		<SIGNATURE_THRESHOLD_ML>0.0</SIGNATURE_THRESHOLD_ML>
		<SIGNATURE_THRESHOLD_SAM>0.0</SIGNATURE_THRESHOLD_SAM>
	</signature>
	<signature ID="20210512_092057521834_559">
		<MACROCLASSID>1</MACROCLASSID>
		<MACROCLASSINFO>waterbody</MACROCLASSINFO>
		<CLASSID>8</CLASSID>
		<CLASSINFO>C 1</CLASSINFO>
		<VALUES>[0.14405467753311474, 0.0009907238351089963, 0.14021873593605066, 0.0016120988373202504, 0.1213224784844481, 0.002324409379695333, 0.06225508485452922, 0.00744841110379965, 0.022115106558779147, 0.007409003724135787, 0.014502407106987211, 0.005609719370248801]</VALUES>
		<LCS_MIN>[0.13722431659698486, 0.12966836988925934, 0.10941199958324432, 0.056129902601242065, 0.004891841672360897, 0.0064305937848985195]</LCS_MIN>
		<LCS_MAX>[0.1493276208639145, 0.14799556136131287, 0.13345782458782196, 0.09942160546779633, 0.05936816707253456, 0.04976820945739746]</LCS_MAX>
		<WAVELENGTH>[0.48, 0.56, 0.655, 0.865, 1.61, 2.2]</WAVELENGTH>
		<MEAN_VALUE>[0.14405467753311474, 0.14021873593605066, 0.1213224784844481, 0.06225508485452922, 0.022115106558779147, 0.014502407106987211]</MEAN_VALUE>
		<CHECKBOX>2</CHECKBOX>
		<SD>[0.0009907238351089963, 0.0016120988373202504, 0.002324409379695333, 0.00744841110379965, 0.007409003724135787, 0.005609719370248801]</SD>
		<WAVELENGTH_UNIT>E-6m</WAVELENGTH_UNIT>
		<COLOR>#45f6c3</COLOR>
		<COVARIANCE_MATRIX>[[9.824392463997356e-07, 1.2565617453219602e-06, 1.7380599501848337e-06, -1.7888462480186718e-06, -1.4340350844577188e-06, -8.636504844616866e-07], [1.2565617453219602e-06, 2.601260121082305e-06, 2.9522236673074076e-06, -5.996734671498416e-06, -5.359757778933272e-06, -3.726071099663386e-06], [1.7380599501848337e-06, 2.9522236673074076e-06, 5.407863227446796e-06, -1.6956907984422287e-06, -1.392024842061801e-07, 4.3258475557195197e-07], [-1.7888462480186718e-06, -5.996734671498416e-06, -1.6956907984422287e-06, 5.553000664804131e-05, 5.0093094614567235e-05, 3.67846769222524e-05], [-1.4340350844577188e-06, -5.359757778933272e-06, -1.392024842061801e-07, 5.0093094614567235e-05, 5.4943975555943325e-05, 4.107641143491492e-05], [-8.636504844616866e-07, -3.726071099663386e-06, 4.3258475557195197e-07, 3.67846769222524e-05, 4.107641143491492e-05, 3.149798067170195e-05]]</COVARIANCE_MATRIX>
		<ROI_SIZE>1085</ROI_SIZE>
		<MAX_VALUE>[0.1493276208639145, 0.14799556136131287, 0.13345782458782196, 0.09942160546779633, 0.05936816707253456, 0.04976820945739746]</MAX_VALUE>
		<MIN_VALUE>[0.13722431659698486, 0.12966836988925934, 0.10941199958324432, 0.056129902601242065, 0.004891841672360897, 0.0064305937848985195]</MIN_VALUE>
		<SIGNATURE_THRESHOLD_MD>0.0</SIGNATURE_THRESHOLD_MD>
		<SIGNATURE_THRESHOLD_ML>0.0</SIGNATURE_THRESHOLD_ML>
		<SIGNATURE_THRESHOLD_SAM>0.0</SIGNATURE_THRESHOLD_SAM>
	</signature>
	<signature ID="20210512_092101879642_783">
		<MACROCLASSID>1</MACROCLASSID>
		<MACROCLASSINFO>waterbody</MACROCLASSINFO>
		<CLASSID>9</CLASSID>
		<CLASSINFO>C 1</CLASSINFO>
		<VALUES>[0.1406173227399524, 0.004382962240839471, 0.14327877478142434, 0.008573224681816639, 0.1195964592993909, 0.008646573870423715, 0.05712839415325308, 0.0059206072001790925, 0.01673800770420583, 0.005305257776939188, 0.010066950057424234, 0.003952423169993991]</VALUES>
		<LCS_MIN>[0.13185018301010132, 0.12562628090381622, 0.10282063484191895, 0.0473567470908165, 0.012700418010354042, 0.006775087211281061]</LCS_MIN>
		<LCS_MAX>[0.15137162804603577, 0.1621888130903244, 0.14294295012950897, 0.09441492706537247, 0.0539710707962513, 0.041431404650211334]</LCS_MAX>
		<WAVELENGTH>[0.48, 0.56, 0.655, 0.865, 1.61, 2.2]</WAVELENGTH>
		<MEAN_VALUE>[0.1406173227399524, 0.14327877478142434, 0.1195964592993909, 0.05712839415325308, 0.01673800770420583, 0.010066950057424234]</MEAN_VALUE>
		<CHECKBOX>2</CHECKBOX>
		<SD>[0.004382962240839471, 0.008573224681816639, 0.008646573870423715, 0.0059206072001790925, 0.005305257776939188, 0.003952423169993991]</SD>
		<WAVELENGTH_UNIT>E-6m</WAVELENGTH_UNIT>
		<COLOR>#051c18</COLOR>
		<COVARIANCE_MATRIX>[[1.9218732631998137e-05, 3.7246154533931985e-05, 3.673519677249715e-05, 6.577653948625084e-06, -1.4208816310201655e-06, -1.6461957557112328e-06], [3.7246154533931985e-05, 7.353222463279963e-05, 7.179342355811968e-05, 1.0662144632078707e-05, -5.404239345807582e-06, -5.309521839080844e-06], [3.673519677249715e-05, 7.179342355811968e-05, 7.479583291569725e-05, 1.5183532923401799e-05, -1.1438306728450698e-06, -1.7080452607842744e-06], [6.577653948625084e-06, 1.0662144632078707e-05, 1.5183532923401799e-05, 3.506887151161209e-05, 2.6195582904620096e-05, 1.8321865354664624e-05], [-1.4208816310201655e-06, -5.404239345807582e-06, -1.1438306728450698e-06, 2.6195582904620096e-05, 2.8158028726466e-05, 2.060269980574958e-05], [-1.6461957557112328e-06, -5.309521839080844e-06, -1.7080452607842744e-06, 1.8321865354664624e-05, 2.060269980574958e-05, 1.5628458641003817e-05]]</COVARIANCE_MATRIX>
		<ROI_SIZE>2295</ROI_SIZE>
		<MAX_VALUE>[0.15137162804603577, 0.1621888130903244, 0.14294295012950897, 0.09441492706537247, 0.0539710707962513, 0.041431404650211334]</MAX_VALUE>
		<MIN_VALUE>[0.13185018301010132, 0.12562628090381622, 0.10282063484191895, 0.0473567470908165, 0.012700418010354042, 0.006775087211281061]</MIN_VALUE>
		<SIGNATURE_THRESHOLD_MD>0.0</SIGNATURE_THRESHOLD_MD>
		<SIGNATURE_THRESHOLD_ML>0.0</SIGNATURE_THRESHOLD_ML>
		<SIGNATURE_THRESHOLD_SAM>0.0</SIGNATURE_THRESHOLD_SAM>
	</signature>
	<signature ID="20210512_092107934089_494">
		<MACROCLASSID>1</MACROCLASSID>
		<MACROCLASSINFO>waterbody</MACROCLASSINFO>
		<CLASSID>10</CLASSID>
		<CLASSINFO>C 1</CLASSINFO>
		<VALUES>[0.13632077787215013, 0.0008654520389372036, 0.13096259250239486, 0.0013215433914772938, 0.11002754120809792, 0.002395982142449415, 0.06322243310601795, 0.006837356094724498, 0.02014221574517979, 0.0064975879106481515, 0.012236342300674139, 0.004624695096226831]</VALUES>
		<LCS_MIN>[0.13382528722286224, 0.12516695261001587, 0.10181010514497757, 0.05369547754526138, 0.01366500835865736, 0.007946373894810677]</LCS_MIN>
		<LCS_MAX>[0.14771997928619385, 0.14174869656562805, 0.12420236319303513, 0.09891634434461594, 0.05606101453304291, 0.03826205059885979]</LCS_MAX>
		<WAVELENGTH>[0.48, 0.56, 0.655, 0.865, 1.61, 2.2]</WAVELENGTH>
		<MEAN_VALUE>[0.13632077787215013, 0.13096259250239486, 0.11002754120809792, 0.06322243310601795, 0.02014221574517979, 0.012236342300674139]</MEAN_VALUE>
		<CHECKBOX>2</CHECKBOX>
		<SD>[0.0008654520389372036, 0.0013215433914772938, 0.002395982142449415, 0.006837356094724498, 0.0064975879106481515, 0.004624695096226831]</SD>
		<WAVELENGTH_UNIT>E-6m</WAVELENGTH_UNIT>
		<COLOR>#c86273</COLOR>
		<COVARIANCE_MATRIX>[[7.497676506318385e-07, 8.276324479083996e-07, 7.880360044509871e-07, 7.517837730119936e-07, 7.953410090522084e-07, 6.891955877108558e-07], [8.276324479083996e-07, 1.7482500425103353e-06, 1.78740128831123e-06, -1.2677447784881224e-06, -2.0126115032326197e-06, -1.2517394907263224e-06], [7.880360044509871e-07, 1.78740128831123e-06, 5.746558599639684e-06, 4.1734074329724535e-06, 3.0438186513492838e-06, 2.786031927826116e-06], [7.517837730119936e-07, -1.2677447784881224e-06, 4.1734074329724535e-06, 4.679690027842298e-05, 3.894111796398647e-05, 2.7199341275263578e-05], [7.953410090522084e-07, -2.0126115032326197e-06, 3.0438186513492838e-06, 3.894111796398647e-05, 4.226150849717669e-05, 2.9131229894119315e-05], [6.891955877108558e-07, -1.2517394907263224e-06, 2.786031927826116e-06, 2.7199341275263578e-05, 2.9131229894119315e-05, 2.1409518012660556e-05]]</COVARIANCE_MATRIX>
		<ROI_SIZE>986</ROI_SIZE>
		<MAX_VALUE>[0.14771997928619385, 0.14174869656562805, 0.12420236319303513, 0.09891634434461594, 0.05606101453304291, 0.03826205059885979]</MAX_VALUE>
		<MIN_VALUE>[0.13382528722286224, 0.12516695261001587, 0.10181010514497757, 0.05369547754526138, 0.01366500835865736, 0.007946373894810677]</MIN_VALUE>
		<SIGNATURE_THRESHOLD_MD>0.0</SIGNATURE_THRESHOLD_MD>
		<SIGNATURE_THRESHOLD_ML>0.0</SIGNATURE_THRESHOLD_ML>
		<SIGNATURE_THRESHOLD_SAM>0.0</SIGNATURE_THRESHOLD_SAM>
	</signature>
	<signature ID="20210512_092119988773_130">
		<MACROCLASSID>1</MACROCLASSID>
		<MACROCLASSINFO>waterbody</MACROCLASSINFO>
		<CLASSID>11</CLASSID>
		<CLASSINFO>C 1</CLASSINFO>
		<VALUES>[0.13480951117467035, 0.00160529187802234, 0.12640717717266706, 0.0022982567604539327, 0.10404984105081674, 0.0031137115351547316, 0.06888279423974786, 0.006821282554028608, 0.02391317419015463, 0.00575721538389307, 0.014985946222183712, 0.0041314390293122685]</VALUES>
		<LCS_MIN>[0.1278080940246582, 0.11499283462762833, 0.0944608524441719, 0.061090659350156784, 0.017247775569558144, 0.009645885787904263]</LCS_MIN>
		<LCS_MAX>[0.14099080860614777, 0.13407792150974274, 0.11598037928342819, 0.10555363446474075, 0.061021752655506134, 0.04689740762114525]</LCS_MAX>
		<WAVELENGTH>[0.48, 0.56, 0.655, 0.865, 1.61, 2.2]</WAVELENGTH>
		<MEAN_VALUE>[0.13480951117467035, 0.12640717717266706, 0.10404984105081674, 0.06888279423974786, 0.02391317419015463, 0.014985946222183712]</MEAN_VALUE>
		<CHECKBOX>2</CHECKBOX>
		<SD>[0.00160529187802234, 0.0022982567604539327, 0.0031137115351547316, 0.006821282554028608, 0.00575721538389307, 0.0041314390293122685]</SD>
		<WAVELENGTH_UNIT>E-6m</WAVELENGTH_UNIT>
		<COLOR>#e169f9</COLOR>
		<COVARIANCE_MATRIX>[[2.5792444375838386e-06, 3.5518896766006947e-06, 4.522270046436461e-06, 6.263646241677634e-07, 9.86784698397969e-07, 1.2594047120728646e-06], [3.5518896766006947e-06, 5.286662599246483e-06, 6.047388978913659e-06, -1.162864009529585e-06, -4.141737690588343e-07, 4.425642714522837e-07], [4.522270046436461e-06, 6.047388978913659e-06, 9.703787327453028e-06, 6.27333065494895e-06, 6.2214112404035404e-06, 5.439231699710945e-06], [6.263646241677634e-07, -1.162864009529585e-06, 6.27333065494895e-06, 4.6571109123760834e-05, 3.6271841963753104e-05, 2.405585655651521e-05], [9.86784698397969e-07, -4.141737690588343e-07, 6.2214112404035404e-06, 3.6271841963753104e-05, 3.317488881293684e-05, 2.3145501472754404e-05], [1.2594047120728646e-06, 4.425642714522837e-07, 5.439231699710945e-06, 2.405585655651521e-05, 2.3145501472754404e-05, 1.7083906641346402e-05]]</COVARIANCE_MATRIX>
		<ROI_SIZE>1130</ROI_SIZE>
		<MAX_VALUE>[0.14099080860614777, 0.13407792150974274, 0.11598037928342819, 0.10555363446474075, 0.061021752655506134, 0.04689740762114525]</MAX_VALUE>
		<MIN_VALUE>[0.1278080940246582, 0.11499283462762833, 0.0944608524441719, 0.061090659350156784, 0.017247775569558144, 0.009645885787904263]</MIN_VALUE>
		<SIGNATURE_THRESHOLD_MD>0.0</SIGNATURE_THRESHOLD_MD>
		<SIGNATURE_THRESHOLD_ML>0.0</SIGNATURE_THRESHOLD_ML>
		<SIGNATURE_THRESHOLD_SAM>0.0</SIGNATURE_THRESHOLD_SAM>
	</signature>
	<signature ID="20210512_092125656143_872">
		<MACROCLASSID>1</MACROCLASSID>
		<MACROCLASSINFO>waterbody</MACROCLASSINFO>
		<CLASSID>12</CLASSID>
		<CLASSINFO>C 1</CLASSINFO>
		<VALUES>[0.12421720942894202, 0.001987235648788031, 0.09364456574343412, 0.001967723591478731, 0.06407946948109622, 0.0018535091984325032, 0.038690034590243554, 0.0018923644408547025, 0.016635971042564274, 0.0010039389968984533, 0.010951594227353267, 0.0007216079098391008]</VALUES>
		<LCS_MIN>[0.12011433392763138, 0.08956900238990784, 0.060172006487846375, 0.03447257727384567, 0.01391763985157013, 0.008543498814105988]</LCS_MIN>
		<LCS_MAX>[0.12829037010669708, 0.09893930703401566, 0.06873847544193268, 0.04363618046045303, 0.020164508372545242, 0.013596110045909882]</LCS_MAX>
		<WAVELENGTH>[0.48, 0.56, 0.655, 0.865, 1.61, 2.2]</WAVELENGTH>
		<MEAN_VALUE>[0.12421720942894202, 0.09364456574343412, 0.06407946948109622, 0.038690034590243554, 0.016635971042564274, 0.010951594227353267]</MEAN_VALUE>
		<CHECKBOX>2</CHECKBOX>
		<SD>[0.001987235648788031, 0.001967723591478731, 0.0018535091984325032, 0.0018923644408547025, 0.0010039389968984533, 0.0007216079098391008]</SD>
		<WAVELENGTH_UNIT>E-6m</WAVELENGTH_UNIT>
		<COLOR>#5679ba</COLOR>
		<COVARIANCE_MATRIX>[[4.062982043251395e-06, 3.7266115668899147e-06, 3.664827772809076e-06, 3.7612153391819447e-06, 1.4737981928192312e-06, 7.790065410517855e-07], [3.7266115668899147e-06, 3.91439698432805e-06, 3.6386165902513312e-06, 3.4284760204172926e-06, 1.2621609357665875e-06, 6.50032120574906e-07], [3.664827772809076e-06, 3.6386165902513312e-06, 3.543314733178704e-06, 3.4273125493200496e-06, 1.3093984989609453e-06, 6.905526674927387e-07], [3.7612153391819447e-06, 3.4284760204172926e-06, 3.4273125493200496e-06, 3.809710051427828e-06, 1.4730675275131944e-06, 7.993218105184496e-07], [1.4737981928192312e-06, 1.2621609357665875e-06, 1.3093984989609453e-06, 1.4730675275131944e-06, 1.0290447107763612e-06, 6.868708624097053e-07], [7.790065410517855e-07, 6.50032120574906e-07, 6.905526674927387e-07, 7.993218105184496e-07, 6.868708624097053e-07, 5.198319286137121e-07]]</COVARIANCE_MATRIX>
		<ROI_SIZE>10195</ROI_SIZE>
		<MAX_VALUE>[0.12829037010669708, 0.09893930703401566, 0.06873847544193268, 0.04363618046045303, 0.020164508372545242, 0.013596110045909882]</MAX_VALUE>
		<MIN_VALUE>[0.12011433392763138, 0.08956900238990784, 0.060172006487846375, 0.03447257727384567, 0.01391763985157013, 0.008543498814105988]</MIN_VALUE>
		<SIGNATURE_THRESHOLD_MD>0.0</SIGNATURE_THRESHOLD_MD>
		<SIGNATURE_THRESHOLD_ML>0.0</SIGNATURE_THRESHOLD_ML>
		<SIGNATURE_THRESHOLD_SAM>0.0</SIGNATURE_THRESHOLD_SAM>
	</signature>
	<signature ID="20210512_092131466511_263">
		<MACROCLASSID>1</MACROCLASSID>
		<MACROCLASSINFO>waterbody</MACROCLASSINFO>
		<CLASSID>13</CLASSID>
		<CLASSINFO>C 1</CLASSINFO>
		<VALUES>[0.15092348104681788, 0.001696534647314335, 0.15834585631765977, 0.0026811445575900565, 0.14171450990505574, 0.0021675164095983973, 0.06593878831763325, 0.005823345674380958, 0.019873785300575215, 0.004187962950389728, 0.011576360764285965, 0.0026473297957290472]</VALUES>
		<LCS_MIN>[0.1440223902463913, 0.14634199440479279, 0.12670569121837616, 0.055762454867362976, 0.015571225434541702, 0.008681295439600945]</LCS_MIN>
		<LCS_MAX>[0.15353046357631683, 0.1625792235136032, 0.14563003182411194, 0.09974312782287598, 0.05557871237397194, 0.03945630043745041]</LCS_MAX>
		<WAVELENGTH>[0.48, 0.56, 0.655, 0.865, 1.61, 2.2]</WAVELENGTH>
		<MEAN_VALUE>[0.15092348104681788, 0.15834585631765977, 0.14171450990505574, 0.06593878831763325, 0.019873785300575215, 0.011576360764285965]</MEAN_VALUE>
		<CHECKBOX>2</CHECKBOX>
		<SD>[0.001696534647314335, 0.0026811445575900565, 0.0021675164095983973, 0.005823345674380958, 0.004187962950389728, 0.0026473297957290472]</SD>
		<WAVELENGTH_UNIT>E-6m</WAVELENGTH_UNIT>
		<COLOR>#d8fb73</COLOR>
		<COVARIANCE_MATRIX>[[3.3661387988104252e-06, 5.486134341481375e-06, 4.9056279749493115e-06, -5.099849204270868e-06, -3.4663737551454687e-06, -1.9339777281857096e-06], [5.486134341481375e-06, 1.1783041372837033e-05, 1.1281420484010596e-05, -1.5658448319300078e-05, -9.751993275131099e-06, -5.497796792042209e-06], [4.9056279749493115e-06, 1.1281420484010596e-05, 1.211080962093547e-05, -1.7218275388586335e-05, -1.017436898109736e-05, -5.603785666608019e-06], [-5.099849204270868e-06, -1.5658448319300078e-05, -1.7218275388586335e-05, 4.6065495553193614e-05, 2.730116102611646e-05, 1.596506444911938e-05], [-3.4663737551454687e-06, -9.751993275131099e-06, -1.017436898109736e-05, 2.730116102611646e-05, 2.138290074071847e-05, 1.2650377357203979e-05], [-1.9339777281857096e-06, -5.497796792042209e-06, -5.603785666608019e-06, 1.596506444911938e-05, 1.2650377357203979e-05, 8.01892838353524e-06]]</COVARIANCE_MATRIX>
		<ROI_SIZE>1803</ROI_SIZE>
		<MAX_VALUE>[0.15353046357631683, 0.1625792235136032, 0.14563003182411194, 0.09974312782287598, 0.05557871237397194, 0.03945630043745041]</MAX_VALUE>
		<MIN_VALUE>[0.1440223902463913, 0.14634199440479279, 0.12670569121837616, 0.055762454867362976, 0.015571225434541702, 0.008681295439600945]</MIN_VALUE>
		<SIGNATURE_THRESHOLD_MD>0.0</SIGNATURE_THRESHOLD_MD>
		<SIGNATURE_THRESHOLD_ML>0.0</SIGNATURE_THRESHOLD_ML>
		<SIGNATURE_THRESHOLD_SAM>0.0</SIGNATURE_THRESHOLD_SAM>
	</signature>
	<signature ID="20210512_092135872008_270">
		<MACROCLASSID>1</MACROCLASSID>
		<MACROCLASSINFO>waterbody</MACROCLASSINFO>
		<CLASSID>14</CLASSID>
		<CLASSINFO>C 1</CLASSINFO>
		<VALUES>[0.1460507183586203, 0.0010857194826201387, 0.15984535302390418, 0.002203763208902792, 0.14649621360893683, 0.003009849197011881, 0.06844613310007659, 0.006975444750456532, 0.022338708172149002, 0.00613831671891498, 0.01337479525037798, 0.003992018937173276]</VALUES>
		<LCS_MIN>[0.14122046530246735, 0.1497410237789154, 0.13501954078674316, 0.05941411107778549, 0.011391334235668182, 0.006361695006489754]</LCS_MIN>
		<LCS_MAX>[0.14866161346435547, 0.16434764862060547, 0.15254290401935577, 0.1040608137845993, 0.0577375628054142, 0.03938739001750946]</LCS_MAX>
		<WAVELENGTH>[0.48, 0.56, 0.655, 0.865, 1.61, 2.2]</WAVELENGTH>
		<MEAN_VALUE>[0.1460507183586203, 0.15984535302390418, 0.14649621360893683, 0.06844613310007659, 0.022338708172149002, 0.01337479525037798]</MEAN_VALUE>
		<CHECKBOX>2</CHECKBOX>
		<SD>[0.0010857194826201387, 0.002203763208902792, 0.003009849197011881, 0.006975444750456532, 0.00613831671891498, 0.003992018937173276]</SD>
		<WAVELENGTH_UNIT>E-6m</WAVELENGTH_UNIT>
		<COLOR>#57400e</COLOR>
		<COVARIANCE_MATRIX>[[1.1800121910710004e-06, 2.1467008082254324e-06, 2.6879065444518346e-06, -2.99881730825291e-06, -2.6856364456762094e-06, -1.51250912949763e-06], [2.1467008082254324e-06, 4.861620709561976e-06, 5.992811111354968e-06, -8.584750503359828e-06, -7.726203875790816e-06, -4.679031917476095e-06], [2.6879065444518346e-06, 5.992811111354968e-06, 9.06860896066064e-06, -8.946880370785948e-06, -6.597072115255287e-06, -3.627603064160212e-06], [-2.99881730825291e-06, -8.584750503359828e-06, -8.946880370785948e-06, 4.870740667684004e-05, 3.578616087906994e-05, 2.2382448150892742e-05], [-2.6856364456762094e-06, -7.726203875790816e-06, -6.597072115255287e-06, 3.578616087906994e-05, 3.771809861063957e-05, 2.366864100622479e-05], [-1.51250912949763e-06, -4.679031917476095e-06, -3.627603064160212e-06, 2.2382448150892742e-05, 2.366864100622479e-05, 1.5952780813677236e-05]]</COVARIANCE_MATRIX>
		<ROI_SIZE>963</ROI_SIZE>
		<MAX_VALUE>[0.14866161346435547, 0.16434764862060547, 0.15254290401935577, 0.1040608137845993, 0.0577375628054142, 0.03938739001750946]</MAX_VALUE>
		<MIN_VALUE>[0.14122046530246735, 0.1497410237789154, 0.13501954078674316, 0.05941411107778549, 0.011391334235668182, 0.006361695006489754]</MIN_VALUE>
		<SIGNATURE_THRESHOLD_MD>0.0</SIGNATURE_THRESHOLD_MD>
		<SIGNATURE_THRESHOLD_ML>0.0</SIGNATURE_THRESHOLD_ML>
		<SIGNATURE_THRESHOLD_SAM>0.0</SIGNATURE_THRESHOLD_SAM>
	</signature>
	<signature ID="20210512_092142584976_580">
		<MACROCLASSID>1</MACROCLASSID>
		<MACROCLASSINFO>waterbody</MACROCLASSINFO>
		<CLASSID>15</CLASSID>
		<CLASSINFO>C 1</CLASSINFO>
		<VALUES>[0.12288235344356617, 0.0015736102835169428, 0.10342360081050572, 0.003992024573519305, 0.06859329371571851, 0.003385009863969916, 0.068502372154693, 0.009853043461592081, 0.024749346728649733, 0.006744945196685065, 0.014543875228316735, 0.004061306722825795]</VALUES>
		<LCS_MIN>[0.11809330433607101, 0.09087809920310974, 0.06407629698514938, 0.0559232160449028, 0.01740853488445282, 0.010380816645920277]</LCS_MIN>
		<LCS_MAX>[0.12808369100093842, 0.11627895385026932, 0.08591734617948532, 0.10272876173257828, 0.0541088692843914, 0.03628692403435707]</LCS_MAX>
		<WAVELENGTH>[0.48, 0.56, 0.655, 0.865, 1.61, 2.2]</WAVELENGTH>
		<MEAN_VALUE>[0.12288235344356617, 0.10342360081050572, 0.06859329371571851, 0.068502372154693, 0.024749346728649733, 0.014543875228316735]</MEAN_VALUE>
		<CHECKBOX>2</CHECKBOX>
		<SD>[0.0015736102835169428, 0.003992024573519305, 0.003385009863969916, 0.009853043461592081, 0.006744945196685065, 0.004061306722825795]</SD>
		<WAVELENGTH_UNIT>E-6m</WAVELENGTH_UNIT>
		<COLOR>#1c4c4a</COLOR>
		<COVARIANCE_MATRIX>[[2.4826313165249303e-06, 5.356126621336443e-06, 3.062194537051255e-06, 7.619015036652854e-07, 1.5332587963712285e-06, 1.4955703591112979e-06], [5.356126621336443e-06, 1.59773335326463e-05, 8.382321539102122e-06, 1.1988843198196264e-06, 4.843435817747377e-06, 4.1845505620585755e-06], [3.062194537051255e-06, 8.382321539102122e-06, 1.1487823030620348e-05, 1.4429921975533944e-05, 1.0815659152285662e-05, 7.117224868125049e-06], [7.619015036652854e-07, 1.1988843198196264e-06, 1.4429921975533944e-05, 9.733267506817356e-05, 5.918524038861506e-05, 3.308862869744189e-05], [1.5332587963712285e-06, 4.843435817747377e-06, 1.0815659152285662e-05, 5.918524038861506e-05, 4.561153764370829e-05, 2.6377754693385214e-05], [1.4955703591112979e-06, 4.1845505620585755e-06, 7.117224868125049e-06, 3.308862869744189e-05, 2.6377754693385214e-05, 1.653672370593995e-05]]</COVARIANCE_MATRIX>
		<ROI_SIZE>389</ROI_SIZE>
		<MAX_VALUE>[0.12808369100093842, 0.11627895385026932, 0.08591734617948532, 0.10272876173257828, 0.0541088692843914, 0.03628692403435707]</MAX_VALUE>
		<MIN_VALUE>[0.11809330433607101, 0.09087809920310974, 0.06407629698514938, 0.0559232160449028, 0.01740853488445282, 0.010380816645920277]</MIN_VALUE>
		<SIGNATURE_THRESHOLD_MD>0.0</SIGNATURE_THRESHOLD_MD>
		<SIGNATURE_THRESHOLD_ML>0.0</SIGNATURE_THRESHOLD_ML>
		<SIGNATURE_THRESHOLD_SAM>0.0</SIGNATURE_THRESHOLD_SAM>
	</signature>
	<signature ID="20210512_092146249794_574">
		<MACROCLASSID>1</MACROCLASSID>
		<MACROCLASSINFO>waterbody</MACROCLASSINFO>
		<CLASSID>16</CLASSID>
		<CLASSINFO>C 1</CLASSINFO>
