<?xml version="1.0" ?>
<signaturelist MCID_LIST="[['1', 'waterbody', '#000000'], ['2', 'vegetation', '#000000'], ['3', 'bareland', '#000000'], ['4', 'built-up', '#000000']]">
	<signature ID="20210512_092018188591_825">
		<MACROCLASSID>1</MACROCLASSID>
		<MACROCLASSINFO>waterbody</MACROCLASSINFO>
		<CLASSID>1</CLASSID>
		<CLASSINFO>C 1</CLASSINFO>
		<VALUES>[0.1196030676340308, 0.0007435633270065021, 0.09331652874821686, 0.001382220325106052, 0.06115295324449983, 0.0009404162315890046, 0.03570119080935963, 0.0007136022553911668, 0.019774634798638262, 0.0007782712388464499, 0.014742034044202799, 0.0006299295601696046]</VALUES>
		<LCS_MIN>[0.11692201346158981, 0.08858145773410797, 0.05720933526754379, 0.03332425281405449, 0.017132941633462906, 0.01260855607688427]</LCS_MIN>
		<LCS_MAX>[0.12185978889465332, 0.09714792668819427, 0.06377772241830826, 0.0385376438498497, 0.0232879389077425, 0.017270738258957863]</LCS_MAX>
		<WAVELENGTH>[0.48, 0.56, 0.655, 0.865, 1.61, 2.2]</WAVELENGTH>
		<MEAN_VALUE>[0.1196030676340308, 0.09331652874821686, 0.06115295324449983, 0.03570119080935963, 0.019774634798638262, 0.014742034044202799]</MEAN_VALUE>
		<CHECKBOX>2</CHECKBOX>
		<SD>[0.0007435633270065021, 0.001382220325106052, 0.0009404162315890046, 0.0007136022553911668, 0.0007782712388464499, 0.0006299295601696046]</SD>
		<WAVELENGTH_UNIT>E-6m</WAVELENGTH_UNIT>
		<COLOR>#303a59</COLOR>
		<COVARIANCE_MATRIX>[[5.027203929319498e-07, 7.954181476242711e-07, 5.615058575485319e-07, 2.2824753784484425e-07, 1.2179429345393045e-07, 1.0133943614727679e-07], [7.954181476242711e-07, 1.7519131733577892e-06, 1.0730768531008936e-06, 2.3048463314699577e-07, 7.53965678501457e-08, 5.2562675883460385e-08], [5.615058575485319e-07, 1.0730768531008936e-06, 8.172453790451178e-07, 3.260200391556594e-07, 2.2144179233916742e-07, 1.8042155682625004e-07], [2.2824753784484425e-07, 2.3048463314699577e-07, 3.260200391556594e-07, 4.773520016920091e-07, 3.934117634475435e-07, 3.265207733470249e-07], [1.2179429345393045e-07, 7.53965678501457e-08, 2.2144179233916742e-07, 3.934117634475435e-07, 5.500625575670709e-07, 4.003127494152066e-07], [1.0133943614727679e-07, 5.2562675883460385e-08, 1.8042155682625004e-07, 3.265207733470249e-07, 4.003127494152066e-07, 3.619395788469878e-07]]</COVARIANCE_MATRIX>
		<ROI_SIZE>10201</ROI_SIZE>
		<MAX_VALUE>[0.12185978889465332, 0.09714792668819427, 0.06377772241830826, 0.0385376438498497, 0.0232879389077425, 0.017270738258957863]</MAX_VALUE>
		<MIN_VALUE>[0.11692201346158981, 0.08858145773410797, 0.05720933526754379, 0.03332425281405449, 0.017132941633462906, 0.01260855607688427]</MIN_VALUE>
		<SIGNATURE_THRESHOLD_MD>0</SIGNATURE_THRESHOLD_MD>
		<SIGNATURE_THRESHOLD_ML>0</SIGNATURE_THRESHOLD_ML>
		<SIGNATURE_THRESHOLD_SAM>0</SIGNATURE_THRESHOLD_SAM>
	</signature>
	<signature ID="20210512_092023519810_196">
		<MACROCLASSID>1</MACROCLASSID>
		<MACROCLASSINFO>waterbody</MACROCLASSINFO>
		<CLASSID>2</CLASSID>
		<CLASSINFO>C 1</CLASSINFO>
		<VALUES>[0.12155365510643888, 0.0020581812344849866, 0.10489478491295842, 0.0035451142645946177, 0.07661177143085744, 0.0055834799128189234, 0.037421720028046404, 0.0010914338280367166, 0.01795035483463128, 0.001138216302366057, 0.013065610930673986, 0.000944909764163323]</VALUES>
		<LCS_MIN>[0.1171516627073288, 0.09763022512197495, 0.06807245314121246, 0.03396731615066528, 0.015042999759316444, 0.010748273693025112]</LCS_MIN>
		<LCS_MAX>[0.1271650344133377, 0.11377560347318649, 0.09351923316717148, 0.046713683754205704, 0.02728409878909588, 0.02087646722793579]</LCS_MAX>
		<WAVELENGTH>[0.48, 0.56, 0.655, 0.865, 1.61, 2.2]</WAVELENGTH>
		<MEAN_VALUE>[0.12155365510643888, 0.10489478491295842, 0.07661177143085744, 0.037421720028046404, 0.01795035483463128, 0.013065610930673986]</MEAN_VALUE>
		<CHECKBOX>2</CHECKBOX>
		<SD>[0.0020581812344849866, 0.0035451142645946177, 0.0055834799128189234, 0.0010914338280367166, 0.001138216302366057, 0.000944909764163323]</SD>
		<WAVELENGTH_UNIT>E-6m</WAVELENGTH_UNIT>
		<COLOR>#dfa8ab</COLOR>
		<COVARIANCE_MATRIX>[[4.044398284377206e-06, 6.762791351348655e-06, 1.0089651619601721e-05, 9.92261865600964e-07, -6.337701838053394e-07, -5.726399478738363e-07], [6.762791351348655e-06, 1.223303882386705e-05, 1.8535831846570143e-05, 1.73500995508329e-06, -1.3330026490062377e-06, -1.1913897163055747e-06], [1.0089651619601721e-05, 1.8535831846570143e-05, 2.9289641484988674e-05, 2.75388604508417e-06, -2.1805225263059685e-06, -1.937501213089833e-06], [9.92261865600964e-07, 1.73500995508329e-06, 2.75388604508417e-06, 1.0996493948520235e-06, 6.558265612408336e-07, 5.138543882660646e-07], [-6.337701838053394e-07, -1.3330026490062377e-06, -2.1805225263059685e-06, 6.558265612408336e-07, 1.2208375163655338e-06, 9.751837498000485e-07], [-5.726399478738363e-07, -1.1913897163055747e-06, -1.937501213089833e-06, 5.138543882660646e-07, 9.751837498000485e-07, 8.34716660434478e-07]]</COVARIANCE_MATRIX>
		<ROI_SIZE>10193</ROI_SIZE>
		<MAX_VALUE>[0.1271650344133377, 0.11377560347318649, 0.09351923316717148, 0.046713683754205704, 0.02728409878909588, 0.02087646722793579]</MAX_VALUE>
		<MIN_VALUE>[0.1171516627073288, 0.09763022512197495, 0.06807245314121246, 0.03396731615066528, 0.015042999759316444, 0.010748273693025112]</MIN_VALUE>
		<SIGNATURE_THRESHOLD_MD>0</SIGNATURE_THRESHOLD_MD>
		<SIGNATURE_THRESHOLD_ML>0</SIGNATURE_THRESHOLD_ML>
		<SIGNATURE_THRESHOLD_SAM>0</SIGNATURE_THRESHOLD_SAM>
	</signature>
	<signature ID="20210512_092031538878_789">
		<MACROCLASSID>1</MACROCLASSID>
		<MACROCLASSINFO>waterbody</MACROCLASSINFO>
		<CLASSID>3</CLASSID>
		<CLASSINFO>C 1</CLASSINFO>
		<VALUES>[0.13263501287930676, 0.001257653547032983, 0.12810833667605176, 0.0016649677163013442, 0.10656107852152796, 0.0021627968568362047, 0.06236484131867981, 0.006932635019473522, 0.02020691209806468, 0.005343203755361629, 0.012377932209222745, 0.0031763902279433134]</VALUES>
		<LCS_MIN>[0.12796886265277863, 0.12082630395889282, 0.09563213586807251, 0.05284571275115013, 0.013343478552997112, 0.008199005387723446]</LCS_MIN>
		<LCS_MAX>[0.1358463317155838, 0.1319650113582611, 0.11432681232690811, 0.09864074736833572, 0.05688779801130295, 0.03640175983309746]</LCS_MAX>
		<WAVELENGTH>[0.48, 0.56, 0.655, 0.865, 1.61, 2.2]</WAVELENGTH>
		<MEAN_VALUE>[0.13263501287930676, 0.12810833667605176, 0.10656107852152796, 0.06236484131867981, 0.02020691209806468, 0.012377932209222745]</MEAN_VALUE>
		<CHECKBOX>2</CHECKBOX>
		<SD>[0.001257653547032983, 0.0016649677163013442, 0.0021627968568362047, 0.006932635019473522, 0.005343203755361629, 0.0031763902279433134]</SD>
		<WAVELENGTH_UNIT>E-6m</WAVELENGTH_UNIT>
		<COLOR>#adda7e</COLOR>
		<COVARIANCE_MATRIX>[[1.5830431637878943e-06, 1.95958235999289e-06, 2.208816390491686e-06, -1.2510234935229911e-06, -1.545596017151499e-07, 5.678108741608253e-07], [1.95958235999289e-06, 2.7744848041788707e-06, 3.011781642063462e-06, -3.5060523639955473e-06, -1.4548029866422384e-06, -2.618792460491491e-08], [2.208816390491686e-06, 3.011781642063462e-06, 4.681684855592055e-06, -3.8063098310615103e-06, -1.1279632607348864e-06, 5.02218918773217e-07], [-1.2510234935229911e-06, -3.5060523639955473e-06, -3.8063098310615103e-06, 4.8102471377545986e-05, 3.066916730172869e-05, 1.691637873929649e-05], [-1.545596017151499e-07, -1.4548029866422384e-06, -1.1279632607348864e-06, 3.066916730172869e-05, 2.8574207094087157e-05, 1.6269840438640244e-05], [5.678108741608253e-07, -2.618792460491491e-08, 5.02218918773217e-07, 1.691637873929649e-05, 1.6269840438640244e-05, 1.0098070981693986e-05]]</COVARIANCE_MATRIX>
		<ROI_SIZE>1172</ROI_SIZE>
		<MAX_VALUE>[0.1358463317155838, 0.1319650113582611, 0.11432681232690811, 0.09864074736833572, 0.05688779801130295, 0.03640175983309746]</MAX_VALUE>
		<MIN_VALUE>[0.12796886265277863, 0.12082630395889282, 0.09563213586807251, 0.05284571275115013, 0.013343478552997112, 0.008199005387723446]</MIN_VALUE>
		<SIGNATURE_THRESHOLD_MD>0</SIGNATURE_THRESHOLD_MD>
		<SIGNATURE_THRESHOLD_ML>0</SIGNATURE_THRESHOLD_ML>
		<SIGNATURE_THRESHOLD_SAM>0</SIGNATURE_THRESHOLD_SAM>
	</signature>
	<signature ID="20210512_092036423524_629">
		<MACROCLASSID>1</MACROCLASSID>
		<MACROCLASSINFO>waterbody</MACROCLASSINFO>
		<CLASSID>4</CLASSID>
		<CLASSINFO>C 1</CLASSINFO>
		<VALUES>[0.1326169354444508, 0.001163982942468214, 0.12679332292884876, 0.001472752559112832, 0.10061204826649119, 0.0027867284485548023, 0.0589548745551381, 0.006275273398961083, 0.018607357246052808, 0.004441496120931569, 0.010839020068330546, 0.002696612038634589]</VALUES>
		<LCS_MIN>[0.1283133625984192, 0.11864449083805084, 0.09159005433320999, 0.04940074309706688, 0.012126265093684196, 0.006752123590558767]</LCS_MIN>
		<LCS_MAX>[0.1364894062280655, 0.13150568306446075, 0.10686271637678146, 0.0966656282544136, 0.04855099692940712, 0.028708016499876976]</LCS_MAX>
		<WAVELENGTH>[0.48, 0.56, 0.655, 0.865, 1.61, 2.2]</WAVELENGTH>
		<MEAN_VALUE>[0.1326169354444508, 0.12679332292884876, 0.10061204826649119, 0.0589548745551381, 0.018607357246052808, 0.010839020068330546]</MEAN_VALUE>
		<CHECKBOX>2</CHECKBOX>
		<SD>[0.001163982942468214, 0.001472752559112832, 0.0027867284485548023, 0.006275273398961083, 0.004441496120931569, 0.002696612038634589]</SD>
		<WAVELENGTH_UNIT>E-6m</WAVELENGTH_UNIT>
		<COLOR>#5b144b</COLOR>
		<COVARIANCE_MATRIX>[[1.3144892955766186e-06, 1.3367403349987497e-06, 1.7195115188780562e-06, -5.09499785209164e-07, -8.412328029119898e-07, -3.086888588406971e-07], [1.3367403349987497e-06, 2.28352702248574e-06, 1.670515090483255e-06, -2.0776163535979957e-06, -1.0337869561121337e-06, -1.870018813365214e-07], [1.7195115188780562e-06, 1.670515090483255e-06, 8.514217184774588e-06, -2.059349728726751e-06, -2.383660360717449e-06, -6.861599225008877e-07], [-5.09499785209164e-07, -2.0776163535979957e-06, -2.059349728726751e-06, 4.017366060602962e-05, 2.449638845259539e-05, 1.34112585270201e-05], [-8.412328029119898e-07, -1.0337869561121337e-06, -2.383660360717449e-06, 2.449638845259539e-05, 1.9870174985590377e-05, 1.2218106468022123e-05], [-3.086888588406971e-07, -1.870018813365214e-07, -6.861599225008877e-07, 1.34112585270201e-05, 1.2218106468022123e-05, 8.329780361842642e-06]]</COVARIANCE_MATRIX>
		<ROI_SIZE>2147</ROI_SIZE>
		<MAX_VALUE>[0.1364894062280655, 0.13150568306446075, 0.10686271637678146, 0.0966656282544136, 0.04855099692940712, 0.028708016499876976]</MAX_VALUE>
		<MIN_VALUE>[0.1283133625984192, 0.11864449083805084, 0.09159005433320999, 0.04940074309706688, 0.012126265093684196, 0.006752123590558767]</MIN_VALUE>
		<SIGNATURE_THRESHOLD_MD>0</SIGNATURE_THRESHOLD_MD>
		<SIGNATURE_THRESHOLD_ML>0</SIGNATURE_THRESHOLD_ML>
		<SIGNATURE_THRESHOLD_SAM>0</SIGNATURE_THRESHOLD_SAM>
	</signature>
	<signature ID="20210512_092041416584_746">
		<MACROCLASSID>1</MACROCLASSID>
		<MACROCLASSINFO>waterbody</MACROCLASSINFO>
		<CLASSID>5</CLASSID>
		<CLASSINFO>C 1</CLASSINFO>
		<VALUES>[0.1358277286117399, 0.001633549290673541, 0.1304935425819465, 0.0029440504588164056, 0.10570195666210146, 0.006343026397177653, 0.059431626909791584, 0.0069283773823110364, 0.020808928074249687, 0.006032497397304273, 0.013126004821428998, 0.004504018997260121]</VALUES>
		<LCS_MIN>[0.12992100417613983, 0.12117078900337219, 0.09191159158945084, 0.049515578895807266, 0.014078409411013126, 0.0088880006223917]</LCS_MIN>
		<LCS_MAX>[0.14723767340183258, 0.14464247226715088, 0.12826740741729736, 0.09191159158945084, 0.05583134666085243, 0.04331466183066368]</LCS_MAX>
		<WAVELENGTH>[0.48, 0.56, 0.655, 0.865, 1.61, 2.2]</WAVELENGTH>
		<MEAN_VALUE>[0.1358277286117399, 0.1304935425819465, 0.10570195666210146, 0.059431626909791584, 0.020808928074249687, 0.013126004821428998]</MEAN_VALUE>
		<CHECKBOX>2</CHECKBOX>
		<SD>[0.001633549290673541, 0.0029440504588164056, 0.006343026397177653, 0.0069283773823110364, 0.006032497397304273, 0.004504018997260121]</SD>
		<WAVELENGTH_UNIT>E-6m</WAVELENGTH_UNIT>
		<COLOR>#0b7e1a</COLOR>
		<COVARIANCE_MATRIX>[[2.9865686641315702e-06, 4.364562206433621e-06, 8.665700237790225e-06, 2.467279051435883e-06, 2.220287500464279e-06, 2.2086619329746415e-06], [4.364562206433621e-06, 7.899281742449409e-06, 1.5557980274242852e-05, 6.951520801658126e-09, -3.3800405937851667e-07, 5.013102972186797e-07], [8.665700237790225e-06, 1.5557980274242852e-05, 3.813437682959355e-05, 8.808702968318053e-06, 3.960840220944661e-06, 3.886429834881598e-06], [2.467279051435883e-06, 6.951520801658126e-09, 8.808702968318053e-06, 5.10102620285547e-05, 3.5420383798141186e-05, 2.325598219766435e-05], [2.220287500464279e-06, -3.3800405937851667e-07, 3.960840220944661e-06, 3.5420383798141186e-05, 3.123129299384073e-05, 2.202722031208007e-05], [2.2086619329746415e-06, 5.013102972186797e-07, 3.886429834881598e-06, 2.325598219766435e-05, 2.202722031208007e-05, 1.6563053465752845e-05]]</COVARIANCE_MATRIX>
		<ROI_SIZE>1710</ROI_SIZE>
		<MAX_VALUE>[0.14723767340183258, 0.14464247226715088, 0.12826740741729736, 0.09191159158945084, 0.05583134666085243, 0.04331466183066368]</MAX_VALUE>
		<MIN_VALUE>[0.12992100417613983, 0.12117078900337219, 0.09191159158945084, 0.049515578895807266, 0.014078409411013126, 0.0088880006223917]</MIN_VALUE>
		<SIGNATURE_THRESHOLD_MD>0</SIGNATURE_THRESHOLD_MD>
		<SIGNATURE_THRESHOLD_ML>0</SIGNATURE_THRESHOLD_ML>
		<SIGNATURE_THRESHOLD_SAM>0</SIGNATURE_THRESHOLD_SAM>
	</signature>
	<signature ID="20210512_092046082409_470">
		<MACROCLASSID>1</MACROCLASSID>
		<MACROCLASSINFO>waterbody</MACROCLASSINFO>
		<CLASSID>6</CLASSID>
		<CLASSINFO>C 1</CLASSINFO>
		<VALUES>[0.13571258645150017, 0.0017177303546631662, 0.12931365454434204, 0.0024096323248089884, 0.1017411340502978, 0.004693496941569135, 0.0584079094427513, 0.0064312375291043855, 0.02035172179345325, 0.0058216546961777325, 0.012641270337360825, 0.00426352161870346]</VALUES>
		<LCS_MIN>[0.1257181316614151, 0.11260432004928589, 0.0862848088145256, 0.0499519482254982, 0.013687980361282825, 0.008130106143653393]</LCS_MIN>
		<LCS_MAX>[0.14664055407047272, 0.13812001049518585, 0.12569516897201538, 0.0923709124326706, 0.05622177571058273, 0.04308499023318291]</LCS_MAX>
		<WAVELENGTH>[0.48, 0.56, 0.655, 0.865, 1.61, 2.2]</WAVELENGTH>
		<MEAN_VALUE>[0.13571258645150017, 0.12931365454434204, 0.1017411340502978, 0.0584079094427513, 0.02035172179345325, 0.012641270337360825]</MEAN_VALUE>
		<CHECKBOX>2</CHECKBOX>
		<SD>[0.0017177303546631662, 0.0024096323248089884, 0.004693496941569135, 0.0064312375291043855, 0.0058216546961777325, 0.00426352161870346]</SD>
		<WAVELENGTH_UNIT>E-6m</WAVELENGTH_UNIT>
		<COLOR>#7cbf1d</COLOR>
		<COVARIANCE_MATRIX>[[2.952185621692507e-06, 3.701270962128404e-06, 3.740199251933196e-06, 4.63428468475378e-07, 2.3838072638174322e-06, 2.2406202061038856e-06], [3.701270962128404e-06, 5.809452982713159e-06, 7.1948419317388955e-06, -9.357512714417937e-07, 1.2695367354582864e-06, 1.5219391580914683e-06], [3.740199251933196e-06, 7.1948419317388955e-06, 2.2040769791079166e-05, 1.0486085748195236e-05, 1.0019718623023948e-05, 8.438755677580359e-06], [4.63428468475378e-07, -9.357512714417937e-07, 1.0486085748195236e-05, 4.138307709018246e-05, 3.322461674158684e-05, 2.2718507689215437e-05], [2.3838072638174322e-06, 1.2695367354582864e-06, 1.0019718623023948e-05, 3.322461674158684e-05, 3.390990433984984e-05, 2.4299089424076345e-05], [2.2406202061038856e-06, 1.5219391580914683e-06, 8.438755677580359e-06, 2.2718507689215437e-05, 2.4299089424076345e-05, 1.8187400025117937e-05]]</COVARIANCE_MATRIX>
		<ROI_SIZE>1859</ROI_SIZE>
		<MAX_VALUE>[0.14664055407047272, 0.13812001049518585, 0.12569516897201538, 0.0923709124326706, 0.05622177571058273, 0.04308499023318291]</MAX_VALUE>
		<MIN_VALUE>[0.1257181316614151, 0.11260432004928589, 0.0862848088145256, 0.0499519482254982, 0.013687980361282825, 0.008130106143653393]</MIN_VALUE>
		<SIGNATURE_THRESHOLD_MD>0</SIGNATURE_THRESHOLD_MD>
		<SIGNATURE_THRESHOLD_ML>0</SIGNATURE_THRESHOLD_ML>
		<SIGNATURE_THRESHOLD_SAM>0</SIGNATURE_THRESHOLD_SAM>
	</signature>
	<signature ID="20210512_092051141482_122">
		<MACROCLASSID>1</MACROCLASSID>
		<MACROCLASSINFO>waterbody</MACROCLASSINFO>
		<CLASSID>7</CLASSID>
		<CLASSINFO>C 1</CLASSINFO>
		<VALUES>[0.1388773879898712, 0.0020230994913067635, 0.1329003748408938, 0.003496674698360962, 0.1097991858763326, 0.004516116002591004, 0.05937250638679506, 0.005052291778011772, 0.01848137068739692, 0.004514128850861181, 0.011237971395615203, 0.0034299861099822034]</VALUES>
		<LCS_MIN>[0.12737172842025757, 0.11115743964910507, 0.08603217452764511, 0.05257011577486992, 0.012493722140789032, 0.0076478151604533195]</LCS_MIN>
		<LCS_MAX>[0.14521662890911102, 0.13890086114406586, 0.123903788626194, 0.09423118084669113, 0.054430391639471054, 0.04046682268381119]</LCS_MAX>
		<WAVELENGTH>[0.48, 0.56, 0.655, 0.865, 1.61, 2.2]</WAVELENGTH>
		<MEAN_VALUE>[0.1388773879898712, 0.1329003748408938, 0.1097991858763326, 0.05937250638679506, 0.01848137068739692, 0.011237971395615203]</MEAN_VALUE>
		<CHECKBOX>2</CHECKBOX>
		<SD>[0.0020230994913067635, 0.003496674698360962, 0.004516116002591004, 0.005052291778011772, 0.004514128850861181, 0.0034299861099822034]</SD>
		<WAVELENGTH_UNIT>E-6m</WAVELENGTH_UNIT>
		<COLOR>#6cdc29</COLOR>
		<COVARIANCE_MATRIX>[[3.049151624140432e-06, 4.984790671294892e-06, 5.918195971483441e-06, -1.6020845099546016e-06, -1.0298713228158609e-06, -4.836078004721236e-07], [4.984790671294892e-06, 9.326607297605015e-06, 1.097636559475928e-05, -4.311043625782667e-06, -3.494494051208389e-06, -2.147641628980234e-06], [5.918195971483441e-06, 1.097636559475928e-05, 1.796767985648895e-05, 1.5555293156732695e-06, 1.018661533830056e-06, 1.3038888474711068e-06], [-1.6020845099546016e-06, -4.311043625782667e-06, 1.5555293156732695e-06, 2.977943293910594e-05, 2.3412076867242727e-05, 1.6684186897065185e-05], [-1.0298713228158609e-06, -3.494494051208389e-06, 1.018661533830056e-06, 2.3412076867242727e-05, 2.3222808036238813e-05, 1.6718604050997025e-05], [-4.836078004721236e-07, -2.147641628980234e-06, 1.3038888474711068e-06, 1.6684186897065185e-05, 1.6718604050997025e-05, 1.2540151999538583e-05]]</COVARIANCE_MATRIX>
		<ROI_SIZE>2959</ROI_SIZE>
		<MAX_VALUE>[0.14521662890911102, 0.13890086114406586, 0.123903788626194, 0.09423118084669113, 0.054430391639471054, 0.04046682268381119]</MAX_VALUE>
		<MIN_VALUE>[0.12737172842025757, 0.11115743964910507, 0.08603217452764511, 0.05257011577486992, 0.012493722140789032, 0.0076478151604533195]</MIN_VALUE>
		<SIGNATURE_THRESHOLD_MD>0</SIGNATURE_THRESHOLD_MD>
		<SIGNATURE_THRESHOLD_ML>0</SIGNATURE_THRESHOLD_ML>
		<SIGNATURE_THRESHOLD_SAM>0</SIGNATURE_THRESHOLD_SAM>
	</signature>
	<signature ID="20210512_092057521834_559">
		<MACROCLASSID>1</MACROCLASSID>
		<MACROCLASSINFO>waterbody</MACROCLASSINFO>
		<CLASSID>8</CLASSID>
		<CLASSINFO>C 1</CLASSINFO>
		<VALUES>[0.14405467753311474, 0.0009907238351089963, 0.14021873593605066, 0.0016120988373202504, 0.1213224784844481, 0.002324409379695333, 0.06225508485452922, 0.00744841110379965, 0.022115106558779147, 0.007409003724135787, 0.014502407106987211, 0.005609719370248801]</VALUES>
		<LCS_MIN>[0.13722431659698486, 0.12966836988925934, 0.10941199958324432, 0.056129902601242065, 0.004891841672360897, 0.0064305937848985195]</LCS_MIN>
		<LCS_MAX>[0.1493276208639145, 0.14799556136131287, 0.13345782458782196, 0.09942160546779633, 0.05936816707253456, 0.04976820945739746]</LCS_MAX>
		<WAVELENGTH>[0.48, 0.56, 0.655, 0.865, 1.61, 2.2]</WAVELENGTH>
		<MEAN_VALUE>[0.14405467753311474, 0.14021873593605066, 0.1213224784844481, 0.06225508485452922, 0.022115106558779147, 0.014502407106987211]</MEAN_VALUE>
		<CHECKBOX>2</CHECKBOX>
		<SD>[0.0009907238351089963, 0.0016120988373202504, 0.002324409379695333, 0.00744841110379965, 0.007409003724135787, 0.005609719370248801]</SD>
		<WAVELENGTH_UNIT>E-6m</WAVELENGTH_UNIT>
		<COLOR>#45f6c3</COLOR>
		<COVARIANCE_MATRIX>[[9.82439191362196e-07, 1.2565616958047038e-06, 1.7380599001511885e-06, -1.788846216760647e-06, -1.4340350972672678e-06, -8.636505123402321e-07], [1.2565616958047038e-06, 2.6012601360690923e-06, 2.952223634715467e-06, -5.996734638114088e-06, -5.359757602966677e-06, -3.7260710624406596e-06], [1.7380599001511885e-06, 2.952223634715467e-06, 5.407863170102235e-06, -1.6956908466879072e-06, -1.3920248858785635e-07, 4.32584747225539e-07], [-1.788846216760647e-06, -5.996734638114088e-06, -1.6956908466879072e-06, 5.5530007701806646e-05, 5.009309366643013e-05, 3.678467614272085e-05], [-1.4340350972672678e-06, -5.359757602966677e-06, -1.3920248858785635e-07, 5.009309366643013e-05, 5.4943975793283976e-05, 4.107641129581327e-05], [-8.636505123402321e-07, -3.7260710624406596e-06, 4.32584747225539e-07, 3.678467614272085e-05, 4.107641129581327e-05, 3.149798181092704e-05]]</COVARIANCE_MATRIX>
		<ROI_SIZE>1085</ROI_SIZE>
		<MAX_VALUE>[0.1493276208639145, 0.14799556136131287, 0.13345782458782196, 0.09942160546779633, 0.05936816707253456, 0.04976820945739746]</MAX_VALUE>
		<MIN_VALUE>[0.13722431659698486, 0.12966836988925934, 0.10941199958324432, 0.056129902601242065, 0.004891841672360897, 0.0064305937848985195]</MIN_VALUE>
		<SIGNATURE_THRESHOLD_MD>0</SIGNATURE_THRESHOLD_MD>
		<SIGNATURE_THRESHOLD_ML>0</SIGNATURE_THRESHOLD_ML>
		<SIGNATURE_THRESHOLD_SAM>0</SIGNATURE_THRESHOLD_SAM>
	</signature>
	<signature ID="20210512_092101879642_783">
		<MACROCLASSID>1</MACROCLASSID>
		<MACROCLASSINFO>waterbody</MACROCLASSINFO>
		<CLASSID>9</CLASSID>
		<CLASSINFO>C 1</CLASSINFO>
		<VALUES>[0.1406173227399524, 0.004382962240839471, 0.14327877478142434, 0.008573224681816639, 0.1195964592993909, 0.008646573870423715, 0.05712839415325308, 0.0059206072001790925, 0.01673800770420583, 0.005305257776939188, 0.010066950057424234, 0.003952423169993991]</VALUES>
		<LCS_MIN>[0.13185018301010132, 0.12562628090381622, 0.10282063484191895, 0.0473567470908165, 0.012700418010354042, 0.006775087211281061]</LCS_MIN>
		<LCS_MAX>[0.15137162804603577, 0.1621888130903244, 0.14294295012950897, 0.09441492706537247, 0.0539710707962513, 0.041431404650211334]</LCS_MAX>
		<WAVELENGTH>[0.48, 0.56, 0.655, 0.865, 1.61, 2.2]</WAVELENGTH>
		<MEAN_VALUE>[0.1406173227399524, 0.14327877478142434, 0.1195964592993909, 0.05712839415325308, 0.01673800770420583, 0.010066950057424234]</MEAN_VALUE>
		<CHECKBOX>2</CHECKBOX>
		<SD>[0.004382962240839471, 0.008573224681816639, 0.008646573870423715, 0.0059206072001790925, 0.005305257776939188, 0.003952423169993991]</SD>
		<WAVELENGTH_UNIT>E-6m</WAVELENGTH_UNIT>
		<COLOR>#051c18</COLOR>
		<COVARIANCE_MATRIX>[[1.921873217986593e-05, 3.724615324307673e-05, 3.6735198110152625e-05, 6.5776539080297264e-06, -1.420881587501346e-06, -1.6461958114235624e-06], [3.724615324307673e-05, 7.353222162862653e-05, 7.179342417739488e-05, 1.0662144767980487e-05, -5.4042394641062415e-06, -5.309522010114581e-06], [3.6735198110152625e-05, 7.179342417739488e-05, 7.479583047249907e-05, 1.5183533043471679e-05, -1.1438306383576513e-06, -1.7080452925833916e-06], [6.5776539080297264e-06, 1.0662144767980487e-05, 1.5183533043471679e-05, 3.506887017226464e-05, 2.6195583533241224e-05, 1.832186485125276e-05], [-1.420881587501346e-06, -5.4042394641062415e-06, -1.1438306383576513e-06, 2.6195583533241224e-05, 2.8158029373618433e-05, 2.0602700582544008e-05], [-1.6461958114235624e-06, -5.309522010114581e-06, -1.7080452925833916e-06, 1.832186485125276e-05, 2.0602700582544008e-05, 1.562845870063157e-05]]</COVARIANCE_MATRIX>
		<ROI_SIZE>2295</ROI_SIZE>
		<MAX_VALUE>[0.15137162804603577, 0.1621888130903244, 0.14294295012950897, 0.09441492706537247, 0.0539710707962513, 0.041431404650211334]</MAX_VALUE>
		<MIN_VALUE>[0.13185018301010132, 0.12562628090381622, 0.10282063484191895, 0.0473567470908165, 0.012700418010354042, 0.006775087211281061]</MIN_VALUE>
		<SIGNATURE_THRESHOLD_MD>0</SIGNATURE_THRESHOLD_MD>
		<SIGNATURE_THRESHOLD_ML>0</SIGNATURE_THRESHOLD_ML>
		<SIGNATURE_THRESHOLD_SAM>0</SIGNATURE_THRESHOLD_SAM>
	</signature>
	<signature ID="20210512_092107934089_494">
		<MACROCLASSID>1</MACROCLASSID>
		<MACROCLASSINFO>waterbody</MACROCLASSINFO>
		<CLASSID>10</CLASSID>
		<CLASSINFO>C 1</CLASSINFO>
		<VALUES>[0.13632077787215013, 0.0008654520389372036, 0.13096259250239486, 0.0013215433914772938, 0.11002754120809792, 0.002395982142449415, 0.06322243310601795, 0.006837356094724498, 0.02014221574517979, 0.0064975879106481515, 0.012236342300674139, 0.004624695096226831]</VALUES>
		<LCS_MIN>[0.13382528722286224, 0.12516695261001587, 0.10181010514497757, 0.05369547754526138, 0.01366500835865736, 0.007946373894810677]</LCS_MIN>
		<LCS_MAX>[0.14771997928619385, 0.14174869656562805, 0.12420236319303513, 0.09891634434461594, 0.05606101453304291, 0.03826205059885979]</LCS_MAX>
		<WAVELENGTH>[0.48, 0.56, 0.655, 0.865, 1.61, 2.2]</WAVELENGTH>
		<MEAN_VALUE>[0.13632077787215013, 0.13096259250239486, 0.11002754120809792, 0.06322243310601795, 0.02014221574517979, 0.012236342300674139]</MEAN_VALUE>
		<CHECKBOX>2</CHECKBOX>
		<SD>[0.0008654520389372036, 0.0013215433914772938, 0.002395982142449415, 0.006837356094724498, 0.0064975879106481515, 0.004624695096226831]</SD>
		<WAVELENGTH_UNIT>E-6m</WAVELENGTH_UNIT>
		<COLOR>#c86273</COLOR>
		<COVARIANCE_MATRIX>[[7.49767645133859e-07, 8.27632454457252e-07, 7.880359781765582e-07, 7.517837897982711e-07, 7.953410319714752e-07, 6.891956136248555e-07], [8.27632454457252e-07, 1.7482500085882665e-06, 1.7874013159230398e-06, -1.2677448108978362e-06, -2.0126114216028234e-06, -1.2517395425051771e-06], [7.880359781765582e-07, 1.7874013159230398e-06, 5.746558579654259e-06, 4.173407318247317e-06, 3.0438185750131643e-06, 2.786031952295442e-06], [7.517837897982711e-07, -1.2677448108978362e-06, 4.173407318247317e-06, 4.6796899724813414e-05, 3.8941116242010455e-05, 2.719934170836456e-05], [7.953410319714752e-07, -2.0126114216028234e-06, 3.0438185750131643e-06, 3.8941116242010455e-05, 4.2261510228841254e-05, 2.9131230742338464e-05], [6.891956136248555e-07, -1.2517395425051771e-06, 2.786031952295442e-06, 2.719934170836456e-05, 2.9131230742338464e-05, 2.140951824040774e-05]]</COVARIANCE_MATRIX>
		<ROI_SIZE>986</ROI_SIZE>
		<MAX_VALUE>[0.14771997928619385, 0.14174869656562805, 0.12420236319303513, 0.09891634434461594, 0.05606101453304291, 0.03826205059885979]</MAX_VALUE>
		<MIN_VALUE>[0.13382528722286224, 0.12516695261001587, 0.10181010514497757, 0.05369547754526138, 0.01366500835865736, 0.007946373894810677]</MIN_VALUE>
		<SIGNATURE_THRESHOLD_MD>0</SIGNATURE_THRESHOLD_MD>
		<SIGNATURE_THRESHOLD_ML>0</SIGNATURE_THRESHOLD_ML>
		<SIGNATURE_THRESHOLD_SAM>0</SIGNATURE_THRESHOLD_SAM>
	</signature>
	<signature ID="20210512_092119988773_130">
		<MACROCLASSID>1</MACROCLASSID>
		<MACROCLASSINFO>waterbody</MACROCLASSINFO>
		<CLASSID>11</CLASSID>
		<CLASSINFO>C 1</CLASSINFO>
		<VALUES>[0.13480951117467035, 0.00160529187802234, 0.12640717717266706, 0.0022982567604539327, 0.10404984105081674, 0.0031137115351547316, 0.06888279423974786, 0.006821282554028608, 0.02391317419015463, 0.00575721538389307, 0.014985946222183712, 0.0041314390293122685]</VALUES>
		<LCS_MIN>[0.1278080940246582, 0.11499283462762833, 0.0944608524441719, 0.061090659350156784, 0.017247775569558144, 0.009645885787904263]</LCS_MIN>
		<LCS_MAX>[0.14099080860614777, 0.13407792150974274, 0.11598037928342819, 0.10555363446474075, 0.061021752655506134, 0.04689740762114525]</LCS_MAX>
		<WAVELENGTH>[0.48, 0.56, 0.655, 0.865, 1.61, 2.2]</WAVELENGTH>
		<MEAN_VALUE>[0.13480951117467035, 0.12640717717266706, 0.10404984105081674, 0.06888279423974786, 0.02391317419015463, 0.014985946222183712]</MEAN_VALUE>
		<CHECKBOX>2</CHECKBOX>
		<SD>[0.00160529187802234, 0.0022982567604539327, 0.0031137115351547316, 0.006821282554028608, 0.00575721538389307, 0.0041314390293122685]</SD>
		<WAVELENGTH_UNIT>E-6m</WAVELENGTH_UNIT>
		<COLOR>#e169f9</COLOR>
		<COVARIANCE_MATRIX>[[2.5792445309285435e-06, 3.551889628751456e-06, 4.522270268980297e-06, 6.263646266022265e-07, 9.867847215211954e-07, 1.2594047229291856e-06], [3.551889628751456e-06, 5.2866625994497416e-06, 6.047389101473736e-06, -1.162864008369684e-06, -4.1417377499620957e-07, 4.425642802693736e-07], [4.522270268980297e-06, 6.047389101473736e-06, 9.70378694623194e-06, 6.273330691966864e-06, 6.22141128597491e-06, 5.439231598507023e-06], [6.263646266022265e-07, -1.162864008369684e-06, 6.273330691966864e-06, 4.6571109052738064e-05, 3.6271842118464844e-05, 2.4055855710862496e-05], [9.867847215211954e-07, -4.1417377499620957e-07, 6.22141128597491e-06, 3.6271842118464844e-05, 3.317488728386593e-05, 2.3145500788150954e-05], [1.2594047229291856e-06, 4.425642802693736e-07, 5.439231598507023e-06, 2.4055855710862496e-05, 2.3145500788150954e-05, 1.7083906954654488e-05]]</COVARIANCE_MATRIX>
		<ROI_SIZE>1130</ROI_SIZE>
		<MAX_VALUE>[0.14099080860614777, 0.13407792150974274, 0.11598037928342819, 0.10555363446474075, 0.061021752655506134, 0.04689740762114525]</MAX_VALUE>
		<MIN_VALUE>[0.1278080940246582, 0.11499283462762833, 0.0944608524441719, 0.061090659350156784, 0.017247775569558144, 0.009645885787904263]</MIN_VALUE>
		<SIGNATURE_THRESHOLD_MD>0</SIGNATURE_THRESHOLD_MD>
		<SIGNATURE_THRESHOLD_ML>0</SIGNATURE_THRESHOLD_ML>
		<SIGNATURE_THRESHOLD_SAM>0</SIGNATURE_THRESHOLD_SAM>
	</signature>
	<signature ID="20210512_092125656143_872">
		<MACROCLASSID>1</MACROCLASSID>
		<MACROCLASSINFO>waterbody</MACROCLASSINFO>
		<CLASSID>12</CLASSID>
		<CLASSINFO>C 1</CLASSINFO>
		<VALUES>[0.12421720942894202, 0.001987235648788031, 0.09364456574343412, 0.001967723591478731, 0.06407946948109622, 0.0018535091984325032, 0.038690034590243554, 0.0018923644408547025, 0.016635971042564274, 0.0010039389968984533, 0.010951594227353267, 0.0007216079098391008]</VALUES>
		<LCS_MIN>[0.12011433392763138, 0.08956900238990784, 0.060172006487846375, 0.03447257727384567, 0.01391763985157013, 0.008543498814105988]</LCS_MIN>
		<LCS_MAX>[0.12829037010669708, 0.09893930703401566, 0.06873847544193268, 0.04363618046045303, 0.020164508372545242, 0.013596110045909882]</LCS_MAX>
		<WAVELENGTH>[0.48, 0.56, 0.655, 0.865, 1.61, 2.2]</WAVELENGTH>
		<MEAN_VALUE>[0.12421720942894202, 0.09364456574343412, 0.06407946948109622, 0.038690034590243554, 0.016635971042564274, 0.010951594227353267]</MEAN_VALUE>
		<CHECKBOX>2</CHECKBOX>
		<SD>[0.001987235648788031, 0.001967723591478731, 0.0018535091984325032, 0.0018923644408547025, 0.0010039389968984533, 0.0007216079098391008]</SD>
		<WAVELENGTH_UNIT>E-6m</WAVELENGTH_UNIT>
		<COLOR>#5679ba</COLOR>
		<COVARIANCE_MATRIX>[[4.06298181656713e-06, 3.7266115458925596e-06, 3.6648276701875067e-06, 3.7612153099305555e-06, 1.473798242463749e-06, 7.790065684076591e-07], [3.7266115458925596e-06, 3.9143968993080295e-06, 3.638616519383671e-06, 3.4284759722915754e-06, 1.2621609895354724e-06, 6.50032108976447e-07], [3.6648276701875067e-06, 3.638616519383671e-06, 3.543314625247173e-06, 3.4273124446034013e-06, 1.3093985005240656e-06, 6.905526948775911e-07], [3.7612153099305555e-06, 3.4284759722915754e-06, 3.4273124446034013e-06, 3.809710066798045e-06, 1.473067580309203e-06, 7.993218161203336e-07], [1.473798242463749e-06, 1.2621609895354724e-06, 1.3093985005240656e-06, 1.473067580309203e-06, 1.0290446654849293e-06, 6.868708563848792e-07], [7.790065684076591e-07, 6.50032108976447e-07, 6.905526948775911e-07, 7.993218161203336e-07, 6.868708563848792e-07, 5.198319422898324e-07]]</COVARIANCE_MATRIX>
		<ROI_SIZE>10195</ROI_SIZE>
		<MAX_VALUE>[0.12829037010669708, 0.09893930703401566, 0.06873847544193268, 0.04363618046045303, 0.020164508372545242, 0.013596110045909882]</MAX_VALUE>
		<MIN_VALUE>[0.12011433392763138, 0.08956900238990784, 0.060172006487846375, 0.03447257727384567, 0.01391763985157013, 0.008543498814105988]</MIN_VALUE>
		<SIGNATURE_THRESHOLD_MD>0</SIGNATURE_THRESHOLD_MD>
		<SIGNATURE_THRESHOLD_ML>0</SIGNATURE_THRESHOLD_ML>
		<SIGNATURE_THRESHOLD_SAM>0</SIGNATURE_THRESHOLD_SAM>
	</signature>
	<signature ID="20210512_092131466511_263">
		<MACROCLASSID>1</MACROCLASSID>
		<MACROCLASSINFO>waterbody</MACROCLASSINFO>
		<CLASSID>13</CLASSID>
		<CLASSINFO>C 1</CLASSINFO>
		<VALUES>[0.15092348104681788, 0.001696534647314335, 0.15834585631765977, 0.0026811445575900565, 0.14171450990505574, 0.0021675164095983973, 0.06593878831763325, 0.005823345674380958, 0.019873785300575215, 0.004187962950389728, 0.011576360764285965, 0.0026473297957290472]</VALUES>
		<LCS_MIN>[0.1440223902463913, 0.14634199440479279, 0.12670569121837616, 0.055762454867362976, 0.015571225434541702, 0.008681295439600945]</LCS_MIN>
		<LCS_MAX>[0.15353046357631683, 0.1625792235136032, 0.14563003182411194, 0.09974312782287598, 0.05557871237397194, 0.03945630043745041]</LCS_MAX>
		<WAVELENGTH>[0.48, 0.56, 0.655, 0.865, 1.61, 2.2]</WAVELENGTH>
		<MEAN_VALUE>[0.15092348104681788, 0.15834585631765977, 0.14171450990505574, 0.06593878831763325, 0.019873785300575215, 0.011576360764285965]</MEAN_VALUE>
		<CHECKBOX>2</CHECKBOX>
		<SD>[0.001696534647314335, 0.0026811445575900565, 0.0021675164095983973, 0.005823345674380958, 0.004187962950389728, 0.0026473297957290472]</SD>
		<WAVELENGTH_UNIT>E-6m</WAVELENGTH_UNIT>
		<COLOR>#d8fb73</COLOR>
		<COVARIANCE_MATRIX>[[3.3661388187974945e-06, 5.486134266988311e-06, 4.9056279957905995e-06, -5.0998493512424325e-06, -3.4663736474585288e-06, -1.933977720039258e-06], [5.486134266988311e-06, 1.1783041706280013e-05, 1.1281420248975346e-05, -1.5658449107088817e-05, -9.751993380909038e-06, -5.4977967301366305e-06], [4.9056279957905995e-06, 1.1281420248975346e-05, 1.211080934646334e-05, -1.7218274965341888e-05, -1.017436891370892e-05, -5.603785451035938e-06], [-5.0998493512424325e-06, -1.5658449107088817e-05, -1.7218274965341888e-05, 4.6065495240630155e-05, 2.730116122929404e-05, 1.5965064356305607e-05], [-3.4663736474585288e-06, -9.751993380909038e-06, -1.017436891370892e-05, 2.730116122929404e-05, 2.1382900980464165e-05, 1.265037777162505e-05], [-1.933977720039258e-06, -5.4977967301366305e-06, -5.603785451035938e-06, 1.5965064356305607e-05, 1.265037777162505e-05, 8.018928821403545e-06]]</COVARIANCE_MATRIX>
		<ROI_SIZE>1803</ROI_SIZE>
		<MAX_VALUE>[0.15353046357631683, 0.1625792235136032, 0.14563003182411194, 0.09974312782287598, 0.05557871237397194, 0.03945630043745041]</MAX_VALUE>
		<MIN_VALUE>[0.1440223902463913, 0.14634199440479279, 0.12670569121837616, 0.055762454867362976, 0.015571225434541702, 0.008681295439600945]</MIN_VALUE>
		<SIGNATURE_THRESHOLD_MD>0</SIGNATURE_THRESHOLD_MD>
		<SIGNATURE_THRESHOLD_ML>0</SIGNATURE_THRESHOLD_ML>
		<SIGNATURE_THRESHOLD_SAM>0</SIGNATURE_THRESHOLD_SAM>
	</signature>
	<signature ID="20210512_092135872008_270">
		<MACROCLASSID>1</MACROCLASSID>
		<MACROCLASSINFO>waterbody</MACROCLASSINFO>
		<CLASSID>14</CLASSID>
		<CLASSINFO>C 1</CLASSINFO>
		<VALUES>[0.1460507183586203, 0.0010857194826201387, 0.15984535302390418, 0.002203763208902792, 0.14649621360893683, 0.003009849197011881, 0.06844613310007659, 0.006975444750456532, 0.022338708172149002, 0.00613831671891498, 0.01337479525037798, 0.003992018937173276]</VALUES>
		<LCS_MIN>[0.14122046530246735, 0.1497410237789154, 0.13501954078674316, 0.05941411107778549, 0.011391334235668182, 0.006361695006489754]</LCS_MIN>
		<LCS_MAX>[0.14866161346435547, 0.16434764862060547, 0.15254290401935577, 0.1040608137845993, 0.0577375628054142, 0.03938739001750946]</LCS_MAX>
		<WAVELENGTH>[0.48, 0.56, 0.655, 0.865, 1.61, 2.2]</WAVELENGTH>
		<MEAN_VALUE>[0.1460507183586203, 0.15984535302390418, 0.14649621360893683, 0.06844613310007659, 0.022338708172149002, 0.01337479525037798]</MEAN_VALUE>
		<CHECKBOX>2</CHECKBOX>
		<SD>[0.0010857194826201387, 0.002203763208902792, 0.003009849197011881, 0.006975444750456532, 0.00613831671891498, 0.003992018937173276]</SD>
		<WAVELENGTH_UNIT>E-6m</WAVELENGTH_UNIT>
		<COLOR>#57400e</COLOR>
		<COVARIANCE_MATRIX>[[1.1800121450396077e-06, 2.1467007003722864e-06, 2.6879065840119418e-06, -2.998817392985998e-06, -2.6856365561821644e-06, -1.5125091654301598e-06], [2.1467007003722864e-06, 4.861620692848123e-06, 5.992811162350638e-06, -8.584750211072053e-06, -7.726203531110296e-06, -4.6790319090154e-06], [2.6879065840119418e-06, 5.992811162350638e-06, 9.068609228450627e-06, -8.946880780317687e-06, -6.597072075315165e-06, -3.627603103743368e-06], [-2.998817392985998e-06, -8.584750211072053e-06, -8.946880780317687e-06, 4.870740829148097e-05, 3.5786161066494444e-05, 2.2382448749238568e-05], [-2.6856365561821644e-06, -7.726203531110296e-06, -6.597072075315165e-06, 3.5786161066494444e-05, 3.7718099430839844e-05, 2.366864143221777e-05], [-1.5125091654301598e-06, -4.6790319090154e-06, -3.627603103743368e-06, 2.2382448749238568e-05, 2.366864143221777e-05, 1.5952780907010716e-05]]</COVARIANCE_MATRIX>
		<ROI_SIZE>963</ROI_SIZE>
		<MAX_VALUE>[0.14866161346435547, 0.16434764862060547, 0.15254290401935577, 0.1040608137845993, 0.0577375628054142, 0.03938739001750946]</MAX_VALUE>
		<MIN_VALUE>[0.14122046530246735, 0.1497410237789154, 0.13501954078674316, 0.05941411107778549, 0.011391334235668182, 0.006361695006489754]</MIN_VALUE>
		<SIGNATURE_THRESHOLD_MD>0</SIGNATURE_THRESHOLD_MD>
		<SIGNATURE_THRESHOLD_ML>0</SIGNATURE_THRESHOLD_ML>
		<SIGNATURE_THRESHOLD_SAM>0</SIGNATURE_THRESHOLD_SAM>
	</signature>
	<signature ID="20210512_092142584976_580">
		<MACROCLASSID>1</MACROCLASSID>
		<MACROCLASSINFO>waterbody</MACROCLASSINFO>
		<CLASSID>15</CLASSID>
		<CLASSINFO>C 1</CLASSINFO>
		<VALUES>[0.12288235344356617, 0.0015736102835169428, 0.10342360081050572, 0.003992024573519305, 0.06859329371571851, 0.003385009863969916, 0.068502372154693, 0.009853043461592081, 0.024749346728649733, 0.006744945196685065, 0.014543875228316735, 0.004061306722825795]</VALUES>
		<LCS_MIN>[0.11809330433607101, 0.09087809920310974, 0.06407629698514938, 0.0559232160449028, 0.01740853488445282, 0.010380816645920277]</LCS_MIN>
		<LCS_MAX>[0.12808369100093842, 0.11627895385026932, 0.08591734617948532, 0.10272876173257828, 0.0541088692843914, 0.03628692403435707]</LCS_MAX>
		<WAVELENGTH>[0.48, 0.56, 0.655, 0.865, 1.61, 2.2]</WAVELENGTH>
		<MEAN_VALUE>[0.12288235344356617, 0.10342360081050572, 0.06859329371571851, 0.068502372154693, 0.024749346728649733, 0.014543875228316735]</MEAN_VALUE>
		<CHECKBOX>2</CHECKBOX>
		<SD>[0.0015736102835169428, 0.003992024573519305, 0.003385009863969916, 0.009853043461592081, 0.006744945196685065, 0.004061306722825795]</SD>
		<WAVELENGTH_UNIT>E-6m</WAVELENGTH_UNIT>
		<COLOR>#1c4c4a</COLOR>
		<COVARIANCE_MATRIX>[[2.482631410277853e-06, 5.356126826293252e-06, 3.0621944852479967e-06, 7.619015007452829e-07, 1.5332588351587692e-06, 1.4955703605464133e-06], [5.356126826293252e-06, 1.5977333031137674e-05, 8.38232168093943e-06, 1.1988842891432554e-06, 4.843435661758816e-06, 4.184550675030197e-06], [3.0621944852479967e-06, 8.38232168093943e-06, 1.1487823459016842e-05, 1.4429922306935476e-05, 1.0815659305065467e-05, 7.117224988260072e-06], [7.619015007452829e-07, 1.1988842891432554e-06, 1.4429922306935476e-05, 9.733267799585757e-05, 5.9185240238703635e-05, 3.308862733956719e-05], [1.5332588351587692e-06, 4.843435661758816e-06, 1.0815659305065467e-05, 5.9185240238703635e-05, 4.561153901996084e-05, 2.6377754869820276e-05], [1.4955703605464133e-06, 4.184550675030197e-06, 7.117224988260072e-06, 3.308862733956719e-05, 2.6377754869820276e-05, 1.6536723153305235e-05]]</COVARIANCE_MATRIX>
		<ROI_SIZE>389</ROI_SIZE>
		<MAX_VALUE>[0.12808369100093842, 0.11627895385026932, 0.08591734617948532, 0.10272876173257828, 0.0541088692843914, 0.03628692403435707]</MAX_VALUE>
		<MIN_VALUE>[0.11809330433607101, 0.09087809920310974, 0.06407629698514938, 0.0559232160449028, 0.01740853488445282, 0.010380816645920277]</MIN_VALUE>
		<SIGNATURE_THRESHOLD_MD>0</SIGNATURE_THRESHOLD_MD>
		<SIGNATURE_THRESHOLD_ML>0</SIGNATURE_THRESHOLD_ML>
		<SIGNATURE_THRESHOLD_SAM>0</SIGNATURE_THRESHOLD_SAM>
	</signature>
	<signature ID="20210512_092146249794_574">
		<MACROCLASSID>1</MACROCLASSID>
		<MACROCLASSINFO>waterbody</MACROCLASSINFO>
		<CLASSID>16</CLASSID>
		<CLASSINFO>C 1</CLASSINFO>
		<VALUES>[0.12579527609753163, 0.0024699294200890153, 0.10972766950726513, 0.004803318831314485, 0.08237618756181787, 0.006303288287275485, 0.0746698732716295, 0.013281431173479356, 0.027092996808999, 0.009490891579671059, 0.015066179394159678, 0.005303244409980116]</VALUES>
