<?xml version="1.0" ?>
<signaturelist MCID_LIST="[['1', 'waterbody', '#000000'], ['2', 'vegetation', '#000000'], ['3', 'bareland', '#000000'], ['4', 'built-up', '#000000']]">
	<signature ID="20210523_085538851544_457">
		<MACROCLASSID>1</MACROCLASSID>
		<MACROCLASSINFO>waterbody</MACROCLASSINFO>
		<CLASSID>1</CLASSID>
		<CLASSINFO>C 1</CLASSINFO>
		<VALUES>[0.0819124336058053, 0.002753088469260083, 0.07497752818033807, 0.00802484773330743, 0.049957836546934656, 0.006100138570638517, 0.025674917932119283, 0.007712882428085164, 0.005204024583109166, 0.004132588665475895, 0.003317836129769013, 0.003277084336290261]</VALUES>
		<LCS_MIN>[0.07297580689191818, 0.0509323813021183, 0.03166449815034866, 0.014605671167373657, 0.0, 0.0]</LCS_MIN>
		<LCS_MAX>[0.10336953401565552, 0.10593059659004211, 0.09228803217411041, 0.05918550118803978, 0.03709866851568222, 0.027664443477988243]</LCS_MAX>
		<WAVELENGTH>[0.485, 0.56, 0.66, 0.83, 1.65, 2.215]</WAVELENGTH>
		<MEAN_VALUE>[0.0819124336058053, 0.07497752818033807, 0.049957836546934656, 0.025674917932119283, 0.005204024583109166, 0.003317836129769013]</MEAN_VALUE>
		<CHECKBOX>2</CHECKBOX>
		<SD>[0.002753088469260083, 0.00802484773330743, 0.006100138570638517, 0.007712882428085164, 0.004132588665475895, 0.003277084336290261]</SD>
		<WAVELENGTH_UNIT>E-6m</WAVELENGTH_UNIT>
		<COLOR>#1974ff</COLOR>
		<COVARIANCE_MATRIX>[[6.928759077835932e-06, 6.8958803230670784e-06, 5.9707054791778764e-06, 1.6199590339646681e-06, 6.269020598672034e-07, 2.3135617034874965e-07], [6.8958803230670784e-06, 5.4484349438987656e-05, 3.631128318374567e-05, -1.3570674209577175e-05, -5.310523665975343e-06, -2.8179909027021507e-06], [5.9707054791778764e-06, 3.631128318374567e-05, 3.294516379544871e-05, -3.2253580562810773e-06, -1.5925280632331937e-06, -6.264700600224383e-07], [1.6199590339646681e-06, -1.3570674209577175e-05, -3.2253580562810773e-06, 4.093007372118752e-05, 1.3756358447431213e-05, 7.408381418613155e-06], [6.269020598672034e-07, -5.310523665975343e-06, -1.5925280632331937e-06, 1.3756358447431213e-05, 1.2724190916529419e-05, 4.079055409563266e-06], [2.3135617034874965e-07, -2.8179909027021507e-06, -6.264700600224383e-07, 7.408381418613155e-06, 4.079055409563266e-06, 9.58354222006177e-06]]</COVARIANCE_MATRIX>
		<ROI_SIZE>9071</ROI_SIZE>
		<MAX_VALUE>[0.10336953401565552, 0.10593059659004211, 0.09228803217411041, 0.05918550118803978, 0.03709866851568222, 0.027664443477988243]</MAX_VALUE>
		<MIN_VALUE>[0.07297580689191818, 0.0509323813021183, 0.03166449815034866, 0.014605671167373657, 0.0, 0.0]</MIN_VALUE>
		<SIGNATURE_THRESHOLD_MD>0</SIGNATURE_THRESHOLD_MD>
		<SIGNATURE_THRESHOLD_ML>0</SIGNATURE_THRESHOLD_ML>
		<SIGNATURE_THRESHOLD_SAM>0</SIGNATURE_THRESHOLD_SAM>
	</signature>
	<signature ID="20210523_090016297262_510">
		<MACROCLASSID>1</MACROCLASSID>
		<MACROCLASSINFO>waterbody</MACROCLASSINFO>
		<CLASSID>2</CLASSID>
		<CLASSINFO>C 1</CLASSINFO>
		<VALUES>[0.08008224331443871, 0.0030038416478770907, 0.07535133433413721, 0.0073200605017791345, 0.051492046539668664, 0.005432133123850748, 0.028836674644388476, 0.010330456710209707, 0.006352773229398832, 0.006012600446014423, 0.003999623904097091, 0.004200066449835683]</VALUES>
		<LCS_MIN>[0.07094955444335938, 0.0509323813021183, 0.03523058816790581, 0.01906365528702736, 0.0, 0.0]</LCS_MIN>
		<LCS_MAX>[0.09729078412055969, 0.09746932983398438, 0.08158976584672928, 0.05918550118803978, 0.04570915922522545, 0.03178625553846359]</LCS_MAX>
		<WAVELENGTH>[0.485, 0.56, 0.66, 0.83, 1.65, 2.215]</WAVELENGTH>
		<MEAN_VALUE>[0.08008224331443871, 0.07535133433413721, 0.051492046539668664, 0.028836674644388476, 0.006352773229398832, 0.003999623904097091]</MEAN_VALUE>
		<CHECKBOX>2</CHECKBOX>
		<SD>[0.0030038416478770907, 0.0073200605017791345, 0.005432133123850748, 0.010330456710209707, 0.006012600446014423, 0.004200066449835683]</SD>
		<WAVELENGTH_UNIT>E-6m</WAVELENGTH_UNIT>
		<COLOR>#7da6f5</COLOR>
		<COVARIANCE_MATRIX>[[9.309448808555682e-06, 9.878746302879187e-06, 9.590611064960039e-06, -2.5334181869887375e-07, 2.692655029560087e-06, 1.6104942802360159e-06], [9.878746302879187e-06, 5.204736031177827e-05, 3.052138868439825e-05, -3.872780594251438e-05, -9.925128474289847e-06, -4.946169457860854e-06], [9.590611064960039e-06, 3.052138868439825e-05, 3.0470971161491037e-05, -9.562704947032024e-06, 1.582226363523809e-06, 1.3317058829876053e-06], [-2.5334181869887375e-07, -3.872780594251438e-05, -9.562704947032024e-06, 9.438783020947292e-05, 3.3435228923674194e-05, 1.8344836129006268e-05], [2.692655029560087e-06, -9.925128474289847e-06, 1.582226363523809e-06, 3.3435228923674194e-05, 2.9632072270646014e-05, 1.3973626695908052e-05], [1.6104942802360159e-06, -4.946169457860854e-06, 1.3317058829876053e-06, 1.8344836129006268e-05, 1.3973626695908052e-05, 1.559783053497111e-05]]</COVARIANCE_MATRIX>
		<ROI_SIZE>6275</ROI_SIZE>
		<MAX_VALUE>[0.09729078412055969, 0.09746932983398438, 0.08158976584672928, 0.05918550118803978, 0.04570915922522545, 0.03178625553846359]</MAX_VALUE>
		<MIN_VALUE>[0.07094955444335938, 0.0509323813021183, 0.03523058816790581, 0.01906365528702736, 0.0, 0.0]</MIN_VALUE>
		<SIGNATURE_THRESHOLD_MD>0</SIGNATURE_THRESHOLD_MD>
		<SIGNATURE_THRESHOLD_ML>0</SIGNATURE_THRESHOLD_ML>
		<SIGNATURE_THRESHOLD_SAM>0</SIGNATURE_THRESHOLD_SAM>
	</signature>
	<signature ID="20210523_090023027386_371">
		<MACROCLASSID>1</MACROCLASSID>
		<MACROCLASSINFO>waterbody</MACROCLASSINFO>
		<CLASSID>3</CLASSID>
		<CLASSINFO>C 1</CLASSINFO>
		<VALUES>[0.11932754999152113, 0.0042797611408188834, 0.10116291700481134, 0.004642323260956536, 0.0888050986077502, 0.0047010185791556735, 0.06388602286113976, 0.010075869893640265, 0.024123454545479803, 0.010043268809441605, 0.016707100303496182, 0.008688850759298749]</VALUES>
		<LCS_MIN>[0.10742201656103134, 0.08477744460105896, 0.07089149951934814, 0.04581155627965927, 0.0026567194145172834, 0.0]</LCS_MIN>
		<LCS_MAX>[0.12971074879169464, 0.11016122996807098, 0.10655240714550018, 0.0948493704199791, 0.0514494851231575, 0.04827350378036499]</LCS_MAX>
		<WAVELENGTH>[0.485, 0.56, 0.66, 0.83, 1.65, 2.215]</WAVELENGTH>
		<MEAN_VALUE>[0.11932754999152113, 0.10116291700481134, 0.0888050986077502, 0.06388602286113976, 0.024123454545479803, 0.016707100303496182]</MEAN_VALUE>
		<CHECKBOX>2</CHECKBOX>
		<SD>[0.0042797611408188834, 0.004642323260956536, 0.0047010185791556735, 0.010075869893640265, 0.010043268809441605, 0.008688850759298749]</SD>
		<WAVELENGTH_UNIT>E-6m</WAVELENGTH_UNIT>
		<COLOR>#d9884f</COLOR>
		<COVARIANCE_MATRIX>[[1.8363930371612542e-05, 1.4492928751214666e-05, 1.2952347021507398e-05, 8.695395020176958e-06, 1.4804305486512454e-06, 2.8875481054510724e-06], [1.4492928751214666e-05, 2.160714231183938e-05, 1.505322108626954e-05, 4.784377095054482e-06, -1.7824608421353922e-06, 2.8416619883783573e-06], [1.2952347021507398e-05, 1.505322108626954e-05, 2.2156977176843744e-05, 1.1500347144105648e-05, 6.877191188247256e-06, 1.1030754376695423e-05], [8.695395020176958e-06, 4.784377095054482e-06, 1.1500347144105648e-05, 0.00010178685061775736, 7.922800364635119e-05, 6.235650912383716e-05], [1.4804305486512454e-06, -1.7824608421353922e-06, 6.877191188247256e-06, 7.922800364635119e-05, 0.00010112924123163441, 7.169413248148071e-05], [2.8875481054510724e-06, 2.8416619883783573e-06, 1.1030754376695423e-05, 6.235650912383716e-05, 7.169413248148071e-05, 7.56922213550739e-05]]</COVARIANCE_MATRIX>
		<ROI_SIZE>386</ROI_SIZE>
		<MAX_VALUE>[0.12971074879169464, 0.11016122996807098, 0.10655240714550018, 0.0948493704199791, 0.0514494851231575, 0.04827350378036499]</MAX_VALUE>
		<MIN_VALUE>[0.10742201656103134, 0.08477744460105896, 0.07089149951934814, 0.04581155627965927, 0.0026567194145172834, 0.0]</MIN_VALUE>
		<SIGNATURE_THRESHOLD_MD>0</SIGNATURE_THRESHOLD_MD>
		<SIGNATURE_THRESHOLD_ML>0</SIGNATURE_THRESHOLD_ML>
		<SIGNATURE_THRESHOLD_SAM>0</SIGNATURE_THRESHOLD_SAM>
	</signature>
	<signature ID="20210523_090113054094_784">
		<MACROCLASSID>1</MACROCLASSID>
		<MACROCLASSINFO>waterbody</MACROCLASSINFO>
		<CLASSID>4</CLASSID>
		<CLASSINFO>C 1</CLASSINFO>
		<VALUES>[0.08778586377793327, 0.0022353818125530715, 0.1071316741971755, 0.006044221264194262, 0.07028669903608739, 0.003696374696426241, 0.032669303231610894, 0.004124146633837184, 0.0052858325564522695, 0.0040048699877541635, 0.0036982276127355256, 0.003625898036347176]</VALUES>
		<LCS_MIN>[0.07500205188989639, 0.06785491853952408, 0.042362768203020096, 0.01906365528702736, 0.0, 0.0]</LCS_MIN>
		<LCS_MAX>[0.09526453912258148, 0.12285313010215759, 0.08515585958957672, 0.06810147315263748, 0.039968837052583694, 0.03590806946158409]</LCS_MAX>
		<WAVELENGTH>[0.485, 0.56, 0.66, 0.83, 1.65, 2.215]</WAVELENGTH>
		<MEAN_VALUE>[0.08778586377793327, 0.1071316741971755, 0.07028669903608739, 0.032669303231610894, 0.0052858325564522695, 0.0036982276127355256]</MEAN_VALUE>
		<CHECKBOX>2</CHECKBOX>
		<SD>[0.0022353818125530715, 0.006044221264194262, 0.003696374696426241, 0.004124146633837184, 0.0040048699877541635, 0.003625898036347176]</SD>
		<WAVELENGTH_UNIT>E-6m</WAVELENGTH_UNIT>
		<COLOR>#e1f331</COLOR>
		<COVARIANCE_MATRIX>[[4.965005843387695e-06, 3.621696651356915e-06, 2.2570263689676556e-06, 2.3366517601326602e-07, 1.9935292361807736e-07, 3.538439391366553e-08], [3.621696651356915e-06, 3.66153815778588e-05, 1.6058647067925477e-05, -6.044168211527446e-06, -5.635811411492587e-06, -4.001894556950624e-06], [2.2570263689676556e-06, 1.6058647067925477e-05, 1.2646412986554064e-05, 2.6431519494228615e-07, -2.8945268883226747e-07, -1.9109579095448777e-07], [2.3366517601326602e-07, -6.044168211527446e-06, 2.6431519494228615e-07, 1.7895961369666204e-05, 1.0003725370435567e-05, 7.001754777983312e-06], [1.9935292361807736e-07, -5.635811411492587e-06, -2.8945268883226747e-07, 1.0003725370435567e-05, 1.6861123884590432e-05, 7.893770410618078e-06], [3.538439391366553e-08, -4.001894556950624e-06, -1.9109579095448777e-07, 7.001754777983312e-06, 7.893770410618078e-06, 1.3781410493757378e-05]]</COVARIANCE_MATRIX>
		<ROI_SIZE>8698</ROI_SIZE>
		<MAX_VALUE>[0.09526453912258148, 0.12285313010215759, 0.08515585958957672, 0.06810147315263748, 0.039968837052583694, 0.03590806946158409]</MAX_VALUE>
		<MIN_VALUE>[0.07500205188989639, 0.06785491853952408, 0.042362768203020096, 0.01906365528702736, 0.0, 0.0]</MIN_VALUE>
		<SIGNATURE_THRESHOLD_MD>0</SIGNATURE_THRESHOLD_MD>
		<SIGNATURE_THRESHOLD_ML>0</SIGNATURE_THRESHOLD_ML>
		<SIGNATURE_THRESHOLD_SAM>0</SIGNATURE_THRESHOLD_SAM>
	</signature>
	<signature ID="20210523_090116263829_501">
		<MACROCLASSID>1</MACROCLASSID>
		<MACROCLASSINFO>waterbody</MACROCLASSINFO>
		<CLASSID>5</CLASSID>
		<CLASSINFO>C 1</CLASSINFO>
		<VALUES>[0.07798136623983888, 0.0035240086162037173, 0.061893356394363205, 0.007957176960831749, 0.0410637635448715, 0.006496314076469225, 0.023236376334528696, 0.004082991160669632, 0.005955087377075772, 0.0038892157260830835, 0.004197021489808154, 0.0037735579646600635]</VALUES>
		<LCS_MIN>[0.06892330199480057, 0.04670174419879913, 0.03166449815034866, 0.014605671167373657, 0.0, 0.0]</LCS_MIN>
		<LCS_MAX>[0.09323827922344208, 0.0932386964559555, 0.07445759326219559, 0.05918550118803978, 0.04283900186419487, 0.03590806946158409]</LCS_MAX>
		<WAVELENGTH>[0.485, 0.56, 0.66, 0.83, 1.65, 2.215]</WAVELENGTH>
		<MEAN_VALUE>[0.07798136623983888, 0.061893356394363205, 0.0410637635448715, 0.023236376334528696, 0.005955087377075772, 0.004197021489808154]</MEAN_VALUE>
		<CHECKBOX>2</CHECKBOX>
		<SD>[0.0035240086162037173, 0.007957176960831749, 0.006496314076469225, 0.004082991160669632, 0.0038892157260830835, 0.0037735579646600635]</SD>
		<WAVELENGTH_UNIT>E-6m</WAVELENGTH_UNIT>
		<COLOR>#104227</COLOR>
		<COVARIANCE_MATRIX>[[1.2638000124771465e-05, 2.2165075270082632e-05, 1.649204354511966e-05, 6.135848505550047e-06, 2.0140264670015705e-06, 1.2601813207747461e-06], [2.2165075270082632e-05, 6.752401917556683e-05, 4.587276830358117e-05, 1.6384239336220135e-05, 5.429120016432174e-06, 3.308496023415433e-06], [1.649204354511966e-05, 4.587276830358117e-05, 4.081358852120256e-05, 1.5575062520132574e-05, 5.807912260001129e-06, 3.995457756700742e-06], [6.135848505550047e-06, 1.6384239336220135e-05, 1.5575062520132574e-05, 1.6167579103081643e-05, 6.494359556650422e-06, 4.851148982010168e-06], [2.0140264670015705e-06, 5.429120016432174e-06, 5.807912260001129e-06, 6.494359556650422e-06, 1.3549832666606064e-05, 5.9658825286077276e-06], [1.2601813207747461e-06, 3.308496023415433e-06, 3.995457756700742e-06, 4.851148982010168e-06, 5.9658825286077276e-06, 1.3299625181914178e-05]]</COVARIANCE_MATRIX>
		<ROI_SIZE>6600</ROI_SIZE>
		<MAX_VALUE>[0.09323827922344208, 0.0932386964559555, 0.07445759326219559, 0.05918550118803978, 0.04283900186419487, 0.03590806946158409]</MAX_VALUE>
		<MIN_VALUE>[0.06892330199480057, 0.04670174419879913, 0.03166449815034866, 0.014605671167373657, 0.0, 0.0]</MIN_VALUE>
		<SIGNATURE_THRESHOLD_MD>0</SIGNATURE_THRESHOLD_MD>
		<SIGNATURE_THRESHOLD_ML>0</SIGNATURE_THRESHOLD_ML>
		<SIGNATURE_THRESHOLD_SAM>0</SIGNATURE_THRESHOLD_SAM>
	</signature>
	<signature ID="20210523_090124730234_888">
		<MACROCLASSID>1</MACROCLASSID>
		<MACROCLASSINFO>waterbody</MACROCLASSINFO>
		<CLASSID>6</CLASSID>
		<CLASSINFO>C 1</CLASSINFO>
		<VALUES>[0.09623262998130581, 0.005660840048078868, 0.08971317443582744, 0.012151563424922126, 0.08158976886835365, 0.012791615322480224, 0.06121636670496731, 0.012220641128232871, 0.041722822779168674, 0.013541534583112304, 0.03064130894943243, 0.010801413894557736]</VALUES>
		<LCS_MIN>[0.08513328433036804, 0.06362428516149521, 0.049494948238134384, 0.03689558804035187, 0.011267206631600857, 0.007055388297885656]</LCS_MIN>
		<LCS_MAX>[0.11147452145814896, 0.11439186334609985, 0.10655240714550018, 0.08593340218067169, 0.06293012946844101, 0.06063893437385559]</LCS_MAX>
		<WAVELENGTH>[0.485, 0.56, 0.66, 0.83, 1.65, 2.215]</WAVELENGTH>
		<MEAN_VALUE>[0.09623262998130581, 0.08971317443582744, 0.08158976886835365, 0.06121636670496731, 0.041722822779168674, 0.03064130894943243]</MEAN_VALUE>
		<CHECKBOX>2</CHECKBOX>
		<SD>[0.005660840048078868, 0.012151563424922126, 0.012791615322480224, 0.012220641128232871, 0.013541534583112304, 0.010801413894557736]</SD>
		<WAVELENGTH_UNIT>E-6m</WAVELENGTH_UNIT>
		<COLOR>#c77075</COLOR>
		<COVARIANCE_MATRIX>[[3.240516746622492e-05, 5.5752127128219224e-05, 5.813103705380771e-05, 9.683674441944037e-06, 8.999393549928174e-06, 2.345493655391674e-05], [5.5752127128219224e-05, 0.00014931960034035368, 0.00014849492871754776, -4.414784075273658e-06, -2.7514003383363583e-06, 3.2557218312839e-05], [5.813103705380771e-05, 0.00014849492871754776, 0.00016546391045222432, -1.3754057231283984e-05, -1.1270267531936771e-05, 3.418699803764846e-05], [9.683674441944037e-06, -4.414784075273658e-06, -1.3754057231283984e-05, 0.0001510220928388211, 0.00013398153818990825, 8.452254998641439e-05], [8.999393549928174e-06, -2.7514003383363583e-06, -1.1270267531936771e-05, 0.00013398153818990825, 0.00018543353143715043, 0.00011607989378564756], [2.345493655391674e-05, 3.2557218312839e-05, 3.418699803764846e-05, 8.452254998641439e-05, 0.00011607989378564756, 0.0001179814470892027]]</COVARIANCE_MATRIX>
		<ROI_SIZE>90</ROI_SIZE>
		<MAX_VALUE>[0.11147452145814896, 0.11439186334609985, 0.10655240714550018, 0.08593340218067169, 0.06293012946844101, 0.06063893437385559]</MAX_VALUE>
		<MIN_VALUE>[0.08513328433036804, 0.06362428516149521, 0.049494948238134384, 0.03689558804035187, 0.011267206631600857, 0.007055388297885656]</MIN_VALUE>
		<SIGNATURE_THRESHOLD_MD>0</SIGNATURE_THRESHOLD_MD>
		<SIGNATURE_THRESHOLD_ML>0</SIGNATURE_THRESHOLD_ML>
		<SIGNATURE_THRESHOLD_SAM>0</SIGNATURE_THRESHOLD_SAM>
	</signature>
	<signature ID="20210523_090131665026_525">
		<MACROCLASSID>1</MACROCLASSID>
		<MACROCLASSINFO>waterbody</MACROCLASSINFO>
		<CLASSID>7</CLASSID>
		<CLASSINFO>C 1</CLASSINFO>
		<VALUES>[0.09696115382265245, 0.00304653572254852, 0.11961436624589719, 0.01080591648070017, 0.10701309187275368, 0.011107103563575487, 0.042782688183647576, 0.007895121422574586, 0.016060988099033533, 0.009074910672544635, 0.01054948363364028, 0.0075972515841236776]</VALUES>
		<LCS_MIN>[0.08715954422950745, 0.0932386964559555, 0.07802367210388184, 0.032437607645988464, 0.0, 0.0]</LCS_MIN>
		<LCS_MAX>[0.10336953401565552, 0.1355450302362442, 0.12081675976514816, 0.07255946099758148, 0.04283900186419487, 0.04002987965941429]</LCS_MAX>
		<WAVELENGTH>[0.485, 0.56, 0.66, 0.83, 1.65, 2.215]</WAVELENGTH>
		<MEAN_VALUE>[0.09696115382265245, 0.11961436624589719, 0.10701309187275368, 0.042782688183647576, 0.016060988099033533, 0.01054948363364028]</MEAN_VALUE>
		<CHECKBOX>2</CHECKBOX>
		<SD>[0.00304653572254852, 0.01080591648070017, 0.011107103563575487, 0.007895121422574586, 0.009074910672544635, 0.0075972515841236776]</SD>
		<WAVELENGTH_UNIT>E-6m</WAVELENGTH_UNIT>
		<COLOR>#ceae3a</COLOR>
		<COVARIANCE_MATRIX>[[9.326001927556336e-06, 2.3531472582137335e-05, 2.318478633526054e-05, -5.6065442823706836e-06, -9.81988087864655e-06, -7.285681829842491e-06], [2.3531472582137335e-05, 0.00011732921479069374, 0.00010819492519367287, -2.853568047985091e-05, -5.462805192401613e-05, -4.0234960019655475e-05], [2.318478633526054e-05, 0.00010819492519367287, 0.00012396086375262574, -3.107319470388768e-06, -3.405296649829552e-05, -2.2461680054652023e-05], [-5.6065442823706836e-06, -2.853568047985091e-05, -3.107319470388768e-06, 6.2632619884298e-05, 5.420526316527818e-05, 4.5296430004103865e-05], [-9.81988087864655e-06, -5.462805192401613e-05, -3.405296649829552e-05, 5.420526316527818e-05, 8.274993642483118e-05, 5.1047825043019636e-05], [-7.285681829842491e-06, -4.0234960019655475e-05, -2.2461680054652023e-05, 4.5296430004103865e-05, 5.1047825043019636e-05, 5.799572313070278e-05]]</COVARIANCE_MATRIX>
		<ROI_SIZE>209</ROI_SIZE>
		<MAX_VALUE>[0.10336953401565552, 0.1355450302362442, 0.12081675976514816, 0.07255946099758148, 0.04283900186419487, 0.04002987965941429]</MAX_VALUE>
		<MIN_VALUE>[0.08715954422950745, 0.0932386964559555, 0.07802367210388184, 0.032437607645988464, 0.0, 0.0]</MIN_VALUE>
		<SIGNATURE_THRESHOLD_MD>0</SIGNATURE_THRESHOLD_MD>
		<SIGNATURE_THRESHOLD_ML>0</SIGNATURE_THRESHOLD_ML>
		<SIGNATURE_THRESHOLD_SAM>0</SIGNATURE_THRESHOLD_SAM>
	</signature>
	<signature ID="20210523_090135356131_348">
		<MACROCLASSID>1</MACROCLASSID>
		<MACROCLASSINFO>waterbody</MACROCLASSINFO>
		<CLASSID>8</CLASSID>
		<CLASSINFO>C 1</CLASSINFO>
		<VALUES>[0.09712615082971755, 0.0043515538798952124, 0.10167352417483928, 0.008212997665596017, 0.06819464049767701, 0.006656599379055789, 0.031546008714940385, 0.010594162624553184, 0.013833748936303895, 0.009891842883374288, 0.009032509478856811, 0.007066503410324145]</VALUES>
		<LCS_MIN>[0.08108080178499222, 0.07208555191755295, 0.042362768203020096, 0.01906365528702736, 0.0, 0.0]</LCS_MIN>
		<LCS_MAX>[0.10336953401565552, 0.11439186334609985, 0.08158976584672928, 0.06810147315263748, 0.04283900186419487, 0.03178625553846359]</LCS_MAX>
		<WAVELENGTH>[0.485, 0.56, 0.66, 0.83, 1.65, 2.215]</WAVELENGTH>
		<MEAN_VALUE>[0.09712615082971755, 0.10167352417483928, 0.06819464049767701, 0.031546008714940385, 0.013833748936303895, 0.009032509478856811]</MEAN_VALUE>
		<CHECKBOX>2</CHECKBOX>
		<SD>[0.0043515538798952124, 0.008212997665596017, 0.006656599379055789, 0.010594162624553184, 0.009891842883374288, 0.007066503410324145]</SD>
		<WAVELENGTH_UNIT>E-6m</WAVELENGTH_UNIT>
		<COLOR>#3ac969</COLOR>
		<COVARIANCE_MATRIX>[[1.905511564239598e-05, 2.8300423692261753e-05, 1.6822392233495757e-05, -1.6679772723308792e-05, -1.5482862321786377e-05, -1.1054755461086062e-05], [2.8300423692261753e-05, 6.787756543907976e-05, 3.588990419510146e-05, -3.893008524947905e-05, -3.292862233701234e-05, -2.098765414588004e-05], [1.6822392233495757e-05, 3.588990419510146e-05, 4.458899652150535e-05, 1.2078159247848353e-05, 1.1392483129889616e-05, 7.474307125219298e-06], [-1.6679772723308792e-05, -3.893008524947905e-05, 1.2078159247848353e-05, 0.00011294217027972788, 8.767215253483696e-05, 5.540790458743096e-05], [-1.5482862321786377e-05, -3.292862233701234e-05, 1.1392483129889616e-05, 8.767215253483696e-05, 9.8463955350302e-05, 5.9983929808987954e-05], [-1.1054755461086062e-05, -2.098765414588004e-05, 7.474307125219298e-06, 5.540790458743096e-05, 5.9983929808987954e-05, 5.0249530010689586e-05]]</COVARIANCE_MATRIX>
		<ROI_SIZE>160</ROI_SIZE>
		<MAX_VALUE>[0.10336953401565552, 0.11439186334609985, 0.08158976584672928, 0.06810147315263748, 0.04283900186419487, 0.03178625553846359]</MAX_VALUE>
		<MIN_VALUE>[0.08108080178499222, 0.07208555191755295, 0.042362768203020096, 0.01906365528702736, 0.0, 0.0]</MIN_VALUE>
		<SIGNATURE_THRESHOLD_MD>0</SIGNATURE_THRESHOLD_MD>
		<SIGNATURE_THRESHOLD_ML>0</SIGNATURE_THRESHOLD_ML>
		<SIGNATURE_THRESHOLD_SAM>0</SIGNATURE_THRESHOLD_SAM>
	</signature>
	<signature ID="20210523_090138844707_291">
		<MACROCLASSID>1</MACROCLASSID>
		<MACROCLASSINFO>waterbody</MACROCLASSINFO>
		<CLASSID>9</CLASSID>
		<CLASSINFO>C 1</CLASSINFO>
		<VALUES>[0.08648984749817235, 0.006510209770344128, 0.07457731784147728, 0.014937578227344673, 0.04555865166456267, 0.012427140597976715, 0.025930082689876024, 0.008008496277855331, 0.010158028436323512, 0.007666696653848521, 0.006645342186132797, 0.00590646749218758]</VALUES>
		<LCS_MIN>[0.07500205188989639, 0.05516301840543747, 0.03166449815034866, 0.014605671167373657, 0.0, 0.0]</LCS_MIN>
		<LCS_MAX>[0.10336953401565552, 0.10593059659004211, 0.07445759326219559, 0.05918550118803978, 0.039968837052583694, 0.03590806946158409]</LCS_MAX>
		<WAVELENGTH>[0.485, 0.56, 0.66, 0.83, 1.65, 2.215]</WAVELENGTH>
		<MEAN_VALUE>[0.08648984749817235, 0.07457731784147728, 0.04555865166456267, 0.025930082689876024, 0.010158028436323512, 0.006645342186132797]</MEAN_VALUE>
		<CHECKBOX>2</CHECKBOX>
		<SD>[0.006510209770344128, 0.014937578227344673, 0.012427140597976715, 0.008008496277855331, 0.007666696653848521, 0.00590646749218758]</SD>
		<WAVELENGTH_UNIT>E-6m</WAVELENGTH_UNIT>
		<COLOR>#7e07c7</COLOR>
		<COVARIANCE_MATRIX>[[4.247281603361663e-05, 8.866938509450545e-05, 6.303471815445707e-05, 2.8437565885164193e-06, -8.573458139754673e-07, -1.4958174357392988e-06], [8.866938509450545e-05, 0.00022360498266810045, 0.000167616122001634, 2.305692067532894e-05, 1.3177322470581338e-05, 8.056298573177894e-06], [6.303471815445707e-05, 0.000167616122001634, 0.00015476170841734137, 4.6729841418947496e-05, 3.231436556388675e-05, 2.057083747976751e-05], [2.8437565885164193e-06, 2.305692067532894e-05, 4.6729841418947496e-05, 6.427218251062315e-05, 4.7331747998174276e-05, 3.001967488824263e-05], [-8.573458139754673e-07, 1.3177322470581338e-05, 3.231436556388675e-05, 4.7331747998174276e-05, 5.8903032141754544e-05, 3.5563647508720176e-05], [-1.4958174357392988e-06, 8.056298573177894e-06, 2.057083747976751e-05, 3.001967488824263e-05, 3.5563647508720176e-05, 3.49604269374072e-05]]</COVARIANCE_MATRIX>
		<ROI_SIZE>472</ROI_SIZE>
		<MAX_VALUE>[0.10336953401565552, 0.10593059659004211, 0.07445759326219559, 0.05918550118803978, 0.039968837052583694, 0.03590806946158409]</MAX_VALUE>
		<MIN_VALUE>[0.07500205188989639, 0.05516301840543747, 0.03166449815034866, 0.014605671167373657, 0.0, 0.0]</MIN_VALUE>
		<SIGNATURE_THRESHOLD_MD>0</SIGNATURE_THRESHOLD_MD>
		<SIGNATURE_THRESHOLD_ML>0</SIGNATURE_THRESHOLD_ML>
		<SIGNATURE_THRESHOLD_SAM>0</SIGNATURE_THRESHOLD_SAM>
	</signature>
	<signature ID="20210523_090514156351_944">
		<MACROCLASSID>1</MACROCLASSID>
		<MACROCLASSINFO>waterbody</MACROCLASSINFO>
		<CLASSID>10</CLASSID>
		<CLASSINFO>C 1</CLASSINFO>
		<VALUES>[0.08902009066507645, 0.0030253550667971607, 0.1205598925214226, 0.006614540322164964, 0.08950516045372055, 0.007311877142996587, 0.04075986976413249, 0.007903942282076278, 0.013924772876192967, 0.009002471501058738, 0.008844904900772195, 0.006830761909722434]</VALUES>
		<LCS_MIN>[0.08108080178499222, 0.0805467963218689, 0.06375931203365326, 0.027979619801044464, 0.0, 0.0]</LCS_MIN>
		<LCS_MAX>[0.10336953401565552, 0.1524675488471985, 0.12794895470142365, 0.07255946099758148, 0.04570915922522545, 0.03178625553846359]</LCS_MAX>
		<WAVELENGTH>[0.485, 0.56, 0.66, 0.83, 1.65, 2.215]</WAVELENGTH>
		<MEAN_VALUE>[0.08902009066507645, 0.1205598925214226, 0.08950516045372055, 0.04075986976413249, 0.013924772876192967, 0.008844904900772195]</MEAN_VALUE>
		<CHECKBOX>2</CHECKBOX>
		<SD>[0.0030253550667971607, 0.006614540322164964, 0.007311877142996587, 0.007903942282076278, 0.009002471501058738, 0.006830761909722434]</SD>
		<WAVELENGTH_UNIT>E-6m</WAVELENGTH_UNIT>
		<COLOR>#333148</COLOR>
		<COVARIANCE_MATRIX>[[9.174208346425179e-06, 1.2909221598822313e-05, 1.4767793610799363e-05, 4.449617107162734e-06, 4.198426415059412e-06, 3.878853528541939e-06], [1.2909221598822313e-05, 4.385460771025218e-05, 3.8510365837693366e-05, -3.3964632608894004e-06, -3.5925482514831333e-06, 3.8940886798688757e-07], [1.4767793610799363e-05, 3.8510365837693366e-05, 5.358875472512933e-05, 1.8485807299808095e-05, 1.9440683063865487e-05, 1.6527838971642246e-05], [4.449617107162734e-06, -3.3964632608894004e-06, 1.8485807299808095e-05, 6.261860875904514e-05, 5.158450373983146e-05, 3.609551201108201e-05], [4.198426415059412e-06, -3.5925482514831333e-06, 1.9440683063865487e-05, 5.158450373983146e-05, 8.123429287708752e-05, 5.024903847104815e-05], [3.878853528541939e-06, 3.8940886798688757e-07, 1.6527838971642246e-05, 3.609551201108201e-05, 5.024903847104815e-05, 4.6768580652015866e-05]]</COVARIANCE_MATRIX>
		<ROI_SIZE>428</ROI_SIZE>
		<MAX_VALUE>[0.10336953401565552, 0.1524675488471985, 0.12794895470142365, 0.07255946099758148, 0.04570915922522545, 0.03178625553846359]</MAX_VALUE>
		<MIN_VALUE>[0.08108080178499222, 0.0805467963218689, 0.06375931203365326, 0.027979619801044464, 0.0, 0.0]</MIN_VALUE>
		<SIGNATURE_THRESHOLD_MD>0</SIGNATURE_THRESHOLD_MD>
		<SIGNATURE_THRESHOLD_ML>0</SIGNATURE_THRESHOLD_ML>
		<SIGNATURE_THRESHOLD_SAM>0</SIGNATURE_THRESHOLD_SAM>
	</signature>
	<signature ID="20210523_090517126606_527">
		<MACROCLASSID>1</MACROCLASSID>
		<MACROCLASSINFO>waterbody</MACROCLASSINFO>
		<CLASSID>11</CLASSID>
		<CLASSINFO>C 1</CLASSINFO>
		<VALUES>[0.10352907494062515, 0.0034140580730968218, 0.10297692883906395, 0.005000535189818008, 0.06060505610477579, 0.009245444089396482, 0.031209026974212774, 0.008851565356213177, 0.016804695306614707, 0.01032887130240475, 0.011270179475591639, 0.007750100361565377]</VALUES>
		<LCS_MIN>[0.08918578922748566, 0.0805467963218689, 0.04592885822057724, 0.01906365528702736, 0.0, 0.0]</LCS_MIN>
		<LCS_MAX>[0.11350077390670776, 0.12285313010215759, 0.09228803217411041, 0.05918550118803978, 0.05431964993476868, 0.04827350378036499]</LCS_MAX>
		<WAVELENGTH>[0.485, 0.56, 0.66, 0.83, 1.65, 2.215]</WAVELENGTH>
		<MEAN_VALUE>[0.10352907494062515, 0.10297692883906395, 0.06060505610477579, 0.031209026974212774, 0.016804695306614707, 0.011270179475591639]</MEAN_VALUE>
		<CHECKBOX>2</CHECKBOX>
		<SD>[0.0034140580730968218, 0.005000535189818008, 0.009245444089396482, 0.008851565356213177, 0.01032887130240475, 0.007750100361565377]</SD>
		<WAVELENGTH_UNIT>E-6m</WAVELENGTH_UNIT>
		<COLOR>#ddc338</COLOR>
		<COVARIANCE_MATRIX>[[1.1686465664705182e-05, 1.0217855322041973e-05, -2.689980952457379e-06, -6.530661649538729e-06, -4.208002247969259e-06, -1.2207176125925099e-06], [1.0217855322041973e-05, 2.5071155742988748e-05, 1.0708428522394369e-05, -7.01333273364768e-06, -4.8506034018211075e-06, -1.8425749564560071e-06], [-2.689980952457379e-06, 1.0708428522394369e-05, 8.570317913755143e-05, 4.84092040143932e-05, 2.733986489024647e-05, 1.4013934294633963e-05], [-6.530661649538729e-06, -7.01333273364768e-06, 4.84092040143932e-05, 7.85563940165116e-05, 5.917518956280676e-05, 3.7498754049566554e-05], [-4.208002247969259e-06, -4.8506034018211075e-06, 2.733986489024647e-05, 5.917518956280676e-05, 0.00010696633391422371, 6.436058874162334e-05], [-1.2207176125925099e-06, -1.8425749564560071e-06, 1.4013934294633963e-05, 3.7498754049566554e-05, 6.436058874162334e-05, 6.022211891858406e-05]]</COVARIANCE_MATRIX>
		<ROI_SIZE>381</ROI_SIZE>
		<MAX_VALUE>[0.11350077390670776, 0.12285313010215759, 0.09228803217411041, 0.05918550118803978, 0.05431964993476868, 0.04827350378036499]</MAX_VALUE>
		<MIN_VALUE>[0.08918578922748566, 0.0805467963218689, 0.04592885822057724, 0.01906365528702736, 0.0, 0.0]</MIN_VALUE>
		<SIGNATURE_THRESHOLD_MD>0</SIGNATURE_THRESHOLD_MD>
		<SIGNATURE_THRESHOLD_ML>0</SIGNATURE_THRESHOLD_ML>
		<SIGNATURE_THRESHOLD_SAM>0</SIGNATURE_THRESHOLD_SAM>
	</signature>
	<signature ID="20210523_090521468826_569">
		<MACROCLASSID>1</MACROCLASSID>
		<MACROCLASSINFO>waterbody</MACROCLASSINFO>
		<CLASSID>12</CLASSID>
		<CLASSINFO>C 1</CLASSINFO>
		<VALUES>[0.13466381198830077, 0.002211633085029741, 0.2079358423749606, 0.003897625462734179, 0.21804226334724164, 0.004074338986310361, 0.07608869661473565, 0.007683376741913297, 0.02525925055508399, 0.011379927501937481, 0.018275875585257177, 0.010468602799057463]</VALUES>
		<LCS_MIN>[0.12971074879169464, 0.19054321944713593, 0.2064029425382614, 0.06364349275827408, 0.00839704368263483, 0.002933577634394169]</LCS_MIN>
		<LCS_MAX>[0.13984200358390808, 0.21169641613960266, 0.22779949009418488, 0.1082233265042305, 0.05431964993476868, 0.06063893437385559]</LCS_MAX>
		<WAVELENGTH>[0.485, 0.56, 0.66, 0.83, 1.65, 2.215]</WAVELENGTH>
		<MEAN_VALUE>[0.13466381198830077, 0.2079358423749606, 0.21804226334724164, 0.07608869661473565, 0.02525925055508399, 0.018275875585257177]</MEAN_VALUE>
		<CHECKBOX>2</CHECKBOX>
		<SD>[0.002211633085029741, 0.003897625462734179, 0.004074338986310361, 0.007683376741913297, 0.011379927501937481, 0.010468602799057463]</SD>
		<WAVELENGTH_UNIT>E-6m</WAVELENGTH_UNIT>
		<COLOR>#27ca55</COLOR>
		<COVARIANCE_MATRIX>[[4.960212746499553e-06, 3.434296659007083e-06, 2.4990500660738814e-06, -2.2052419268128233e-06, -2.4573227889903787e-06, -2.8362250371808963e-06], [3.434296659007083e-06, 1.5405448814623588e-05, 9.538462624510812e-06, -1.9745571179333413e-05, -1.9667637982821547e-05, -1.590969851119896e-05], [2.4990500660738814e-06, 9.538462624510812e-06, 1.6834044346852686e-05, -9.63741817792067e-06, -1.3640975881851638e-05, -1.0707743280104846e-05], [-2.2052419268128233e-06, -1.9745571179333413e-05, -9.63741817792067e-06, 5.986574686462737e-05, 5.2824981169339557e-05, 4.3435649976588265e-05], [-2.4573227889903787e-06, -1.9667637982821547e-05, -1.3640975881851638e-05, 5.2824981169339557e-05, 0.0001313267323430059, 9.022661983036763e-05], [-2.8362250371808963e-06, -1.590969851119896e-05, -1.0707743280104846e-05, 4.3435649976588265e-05, 9.022661983036763e-05, 0.0001111351888540737]]</COVARIANCE_MATRIX>
		<ROI_SIZE>72</ROI_SIZE>
		<MAX_VALUE>[0.13984200358390808, 0.21169641613960266, 0.22779949009418488, 0.1082233265042305, 0.05431964993476868, 0.06063893437385559]</MAX_VALUE>
		<MIN_VALUE>[0.12971074879169464, 0.19054321944713593, 0.2064029425382614, 0.06364349275827408, 0.00839704368263483, 0.002933577634394169]</MIN_VALUE>
		<SIGNATURE_THRESHOLD_MD>0</SIGNATURE_THRESHOLD_MD>
		<SIGNATURE_THRESHOLD_ML>0</SIGNATURE_THRESHOLD_ML>
		<SIGNATURE_THRESHOLD_SAM>0</SIGNATURE_THRESHOLD_SAM>
	</signature>
	<signature ID="20210523_090525140408_593">
		<MACROCLASSID>1</MACROCLASSID>
		<MACROCLASSINFO>waterbody</MACROCLASSINFO>
		<CLASSID>13</CLASSID>
		<CLASSINFO>C 1</CLASSINFO>
		<VALUES>[0.10821751391998037, 0.003386940519920369, 0.13169045222026338, 0.007327070921147939, 0.09515411779284476, 0.006885542906652538, 0.03791927471756933, 0.007710784512118416, 0.018135918285352777, 0.00880060997366245, 0.012518542634185264, 0.007498000243871695]</VALUES>
		<LCS_MIN>[0.09526453912258148, 0.09746932983398438, 0.07445759326219559, 0.014605671167373657, 0.0, 0.0]</LCS_MIN>
		<LCS_MAX>[0.11755327880382538, 0.15669819712638855, 0.1315150260925293, 0.06810147315263748, 0.04570915922522545, 0.04002987965941429]</LCS_MAX>
		<WAVELENGTH>[0.485, 0.56, 0.66, 0.83, 1.65, 2.215]</WAVELENGTH>
		<MEAN_VALUE>[0.10821751391998037, 0.13169045222026338, 0.09515411779284476, 0.03791927471756933, 0.018135918285352777, 0.012518542634185264]</MEAN_VALUE>
		<CHECKBOX>2</CHECKBOX>
		<SD>[0.003386940519920369, 0.007327070921147939, 0.006885542906652538, 0.007710784512118416, 0.00880060997366245, 0.007498000243871695]</SD>
		<WAVELENGTH_UNIT>E-6m</WAVELENGTH_UNIT>
		<COLOR>#288b15</COLOR>
		<COVARIANCE_MATRIX>[[1.1514010569067608e-05, 1.7258651587385664e-05, 1.3559969901667976e-05, -8.272085901599668e-06, -6.710187722488952e-06, -5.559192601656381e-06], [1.7258651587385664e-05, 5.3885544373804955e-05, 3.7111963238457656e-05, -2.4855443365224026e-05, -2.1190225003527432e-05, -1.5869776132266264e-05], [1.3559969901667976e-05, 3.7111963238457656e-05, 4.75869490789045e-05, 8.965620933593904e-07, 3.4943276826251255e-06, 2.151966933056692e-06], [-8.272085901599668e-06, -2.4855443365224026e-05, 8.965620933593904e-07, 5.9677224549917605e-05, 4.502322920943971e-05, 3.51471021954718e-05], [-6.710187722488952e-06, -2.1190225003527432e-05, 3.4943276826251255e-06, 4.502322920943971e-05, 7.773865685985975e-05, 5.110038977777875e-05], [-5.559192601656381e-06, -1.5869776132266264e-05, 2.151966933056692e-06, 3.51471021954718e-05, 5.110038977777875e-05, 5.6429003968092935e-05]]</COVARIANCE_MATRIX>
		<ROI_SIZE>270</ROI_SIZE>
		<MAX_VALUE>[0.11755327880382538, 0.15669819712638855, 0.1315150260925293, 0.06810147315263748, 0.04570915922522545, 0.04002987965941429]</MAX_VALUE>
		<MIN_VALUE>[0.09526453912258148, 0.09746932983398438, 0.07445759326219559, 0.014605671167373657, 0.0, 0.0]</MIN_VALUE>
		<SIGNATURE_THRESHOLD_MD>0</SIGNATURE_THRESHOLD_MD>
		<SIGNATURE_THRESHOLD_ML>0</SIGNATURE_THRESHOLD_ML>
		<SIGNATURE_THRESHOLD_SAM>0</SIGNATURE_THRESHOLD_SAM>
	</signature>
	<signature ID="20210523_090529511304_913">
		<MACROCLASSID>1</MACROCLASSID>
		<MACROCLASSINFO>waterbody</MACROCLASSINFO>
		<CLASSID>14</CLASSID>
		<CLASSINFO>C 1</CLASSINFO>
		<VALUES>[0.09567665321342014, 0.0029559107527866923, 0.11030464177414522, 0.0039691527911019575, 0.08866150942394292, 0.006245759536070689, 0.04422481727423305, 0.022218213879487886, 0.03028811631187544, 0.020844243233289983, 0.02081804792002096, 0.014960089025773117]</VALUES>
		<LCS_MIN>[0.08918578922748566, 0.0932386964559555, 0.07802367210388184, 0.02352163754403591, 0.00839704368263483, 0.007055388297885656]</LCS_MIN>
		<LCS_MAX>[0.10336953401565552, 0.11862250417470932, 0.11368458718061447, 0.1126813143491745, 0.09737209975719452, 0.06888256222009659]</LCS_MAX>
		<WAVELENGTH>[0.485, 0.56, 0.66, 0.83, 1.65, 2.215]</WAVELENGTH>
		<MEAN_VALUE>[0.09567665321342014, 0.11030464177414522, 0.08866150942394292, 0.04422481727423305, 0.03028811631187544, 0.02081804792002096]</MEAN_VALUE>
		<CHECKBOX>2</CHECKBOX>
		<SD>[0.0029559107527866923, 0.0039691527911019575, 0.006245759536070689, 0.022218213879487886, 0.020844243233289983, 0.014960089025773117]</SD>
		<WAVELENGTH_UNIT>E-6m</WAVELENGTH_UNIT>
		<COLOR>#f3abe5</COLOR>
		<COVARIANCE_MATRIX>[[8.888053350482063e-06, 1.7134660489528012e-06, 5.88071376030652e-06, 1.4526156232120017e-05, 1.4085392922265101e-05, 1.064599677271867e-05], [1.7134660489528012e-06, 1.6025797566683382e-05, 1.049297231488037e-06, -3.35866073687129e-05, -2.517584454580675e-05, -1.7040387645945996e-05], [5.88071376030652e-06, 1.049297231488037e-06, 3.968208997866652e-05, 0.00010679987116981006, 9.628677486364426e-05, 6.11617186735428e-05], [1.4526156232120017e-05, -3.35866073687129e-05, 0.00010679987116981006, 0.0005021602181325069, 0.0004357339426718815, 0.0002978387845035294], [1.4085392922265101e-05, -2.517584454580675e-05, 9.628677486364426e-05, 0.0004357339426718815, 0.000441973553140427, 0.0003027850649883752], [1.064599677271867e-05, -1.7040387645945996e-05, 6.11617186735428e-05, 0.0002978387845035294, 0.0003027850649883752, 0.00022766295786007544]]</COVARIANCE_MATRIX>
		<ROI_SIZE>59</ROI_SIZE>
		<MAX_VALUE>[0.10336953401565552, 0.11862250417470932, 0.11368458718061447, 0.1126813143491745, 0.09737209975719452, 0.06888256222009659]</MAX_VALUE>
		<MIN_VALUE>[0.08918578922748566, 0.0932386964559555, 0.07802367210388184, 0.02352163754403591, 0.00839704368263483, 0.007055388297885656]</MIN_VALUE>
		<SIGNATURE_THRESHOLD_MD>0</SIGNATURE_THRESHOLD_MD>
		<SIGNATURE_THRESHOLD_ML>0</SIGNATURE_THRESHOLD_ML>
		<SIGNATURE_THRESHOLD_SAM>0</SIGNATURE_THRESHOLD_SAM>
	</signature>
	<signature ID="20210523_090537386681_682">
		<MACROCLASSID>1</MACROCLASSID>
		<MACROCLASSINFO>waterbody</MACROCLASSINFO>
		<CLASSID>15</CLASSID>
		<CLASSINFO>C 1</CLASSINFO>
		<VALUES>[0.08229205167280322, 0.0032102186406801265, 0.06692061333229438, 0.004782780439533331, 0.03822895047521241, 0.004809598132301519, 0.022871227033370224, 0.004207800199147683, 0.00623774197501876, 0.005156577617958856, 0.004092887748536664, 0.004380887789791301]</VALUES>
		<LCS_MIN>[0.07297580689191818, 0.05516301840543747, 0.02809840627014637, 0.01014768797904253, 0.0, 0.0]</LCS_MIN>
		<LCS_MAX>[0.0993170291185379, 0.09746932983398438, 0.07802367210388184, 0.05472752824425697, 0.04283900186419487, 0.03590806946158409]</LCS_MAX>
		<WAVELENGTH>[0.485, 0.56, 0.66, 0.83, 1.65, 2.215]</WAVELENGTH>
		<MEAN_VALUE>[0.08229205167280322, 0.06692061333229438, 0.03822895047521241, 0.022871227033370224, 0.00623774197501876, 0.004092887748536664]</MEAN_VALUE>
		<CHECKBOX>2</CHECKBOX>
		<SD>[0.0032102186406801265, 0.004782780439533331, 0.004809598132301519, 0.004207800199147683, 0.005156577617958856, 0.004380887789791301]</SD>
		<WAVELENGTH_UNIT>E-6m</WAVELENGTH_UNIT>
		<COLOR>#570dff</COLOR>
		<COVARIANCE_MATRIX>[[8.146546089817251e-06, 6.561411561766047e-06, 5.393910027022485e-06, 2.159953413500801e-06, 2.174316992435753e-06, 1.4434694133247405e-06], [6.561411561766047e-06, 1.650138000013974e-05, 1.0172662234260063e-05, 4.345414106298206e-06, 4.713832705800104e-06, 3.4200580431557177e-06], [5.393910027022485e-06, 1.0172662234260063e-05, 1.6581435913711197e-05, 8.633944870991817e-06, 9.702090407006295e-06, 7.083137862855797e-06], [2.159953413500801e-06, 4.345414106298206e-06, 8.633944870991817e-06, 1.733163682975551e-05, 1.2836887796667921e-05, 9.24860283627494e-06], [2.174316992435753e-06, 4.713832705800104e-06, 9.702090407006295e-06, 1.2836887796667921e-05, 2.526528883379238e-05, 1.3877819030493149e-05], [1.4434694133247405e-06, 3.4200580431557177e-06, 7.083137862855797e-06, 9.24860283627494e-06, 1.3877819030493149e-05, 1.8165275950953446e-05]]</COVARIANCE_MATRIX>
		<ROI_SIZE>4216</ROI_SIZE>
		<MAX_VALUE>[0.0993170291185379, 0.09746932983398438, 0.07802367210388184, 0.05472752824425697, 0.04283900186419487, 0.03590806946158409]</MAX_VALUE>
		<MIN_VALUE>[0.07297580689191818, 0.05516301840543747, 0.02809840627014637, 0.01014768797904253, 0.0, 0.0]</MIN_VALUE>
		<SIGNATURE_THRESHOLD_MD>0</SIGNATURE_THRESHOLD_MD>
		<SIGNATURE_THRESHOLD_ML>0</SIGNATURE_THRESHOLD_ML>
		<SIGNATURE_THRESHOLD_SAM>0</SIGNATURE_THRESHOLD_SAM>
	</signature>
	<signature ID="20210523_090545427791_411">
		<MACROCLASSID>1</MACROCLASSID>
		<MACROCLASSINFO>waterbody</MACROCLASSINFO>
		<CLASSID>16</CLASSID>
		<CLASSINFO>C 1</CLASSINFO>
		<VALUES>[0.1074633752661092, 0.004711953505957089, 0.09764201348634802, 0.008651624418951906, 0.09048073368818582, 0.010964806393561559, 0.05894289730864314, 0.00976670577564998, 0.021888761824712836, 0.009204481492404345, 0.015076842507486851, 0.008393853870029647]</VALUES>
		<LCS_MIN>[0.09121203422546387, 0.06362428516149521, 0.049494948238134384, 0.04135357588529587, 0.0026567194145172834, 0.0]</LCS_MIN>
		<LCS_MAX>[0.11957951635122299, 0.11439186334609985, 0.11368458718061447, 0.0948493704199791, 0.04570915922522545, 0.04002987965941429]</LCS_MAX>
		<WAVELENGTH>[0.485, 0.56, 0.66, 0.83, 1.65, 2.215]</WAVELENGTH>
		<MEAN_VALUE>[0.1074633752661092, 0.09764201348634802, 0.09048073368818582, 0.05894289730864314, 0.021888761824712836, 0.015076842507486851]</MEAN_VALUE>
		<CHECKBOX>2</CHECKBOX>
		<SD>[0.004711953505957089, 0.008651624418951906, 0.010964806393561559, 0.00976670577564998, 0.009204481492404345, 0.008393853870029647]</SD>
		<WAVELENGTH_UNIT>E-6m</WAVELENGTH_UNIT>
		<COLOR>#6b3c6b</COLOR>
