<?xml version="1.0" ?>
<signaturelist MCID_LIST="[['1', 'waterbody', '#000000'], ['2', 'vegetation', '#000000'], ['3', 'bareland', '#000000'], ['4', 'built-up', '#000000']]">
	<signature ID="20210523_085538851544_457">
		<MACROCLASSID>1</MACROCLASSID>
		<MACROCLASSINFO>waterbody</MACROCLASSINFO>
		<CLASSID>1</CLASSID>
		<CLASSINFO>C 1</CLASSINFO>
		<VALUES>[0.0819124336058053, 0.002753088469260083, 0.07497752818033807, 0.00802484773330743, 0.049957836546934656, 0.006100138570638517, 0.025674917932119283, 0.007712882428085164, 0.005204024583109166, 0.004132588665475895, 0.003317836129769013, 0.003277084336290261]</VALUES>
		<LCS_MIN>[0.07297580689191818, 0.0509323813021183, 0.03166449815034866, 0.014605671167373657, 0.0, 0.0]</LCS_MIN>
		<LCS_MAX>[0.10336953401565552, 0.10593059659004211, 0.09228803217411041, 0.05918550118803978, 0.03709866851568222, 0.027664443477988243]</LCS_MAX>
		<WAVELENGTH>[0.485, 0.56, 0.66, 0.83, 1.65, 2.215]</WAVELENGTH>
		<MEAN_VALUE>[0.0819124336058053, 0.07497752818033807, 0.049957836546934656, 0.025674917932119283, 0.005204024583109166, 0.003317836129769013]</MEAN_VALUE>
		<CHECKBOX>2</CHECKBOX>
		<SD>[0.002753088469260083, 0.00802484773330743, 0.006100138570638517, 0.007712882428085164, 0.004132588665475895, 0.003277084336290261]</SD>
		<WAVELENGTH_UNIT>E-6m</WAVELENGTH_UNIT>
		<COLOR>#1974ff</COLOR>
		<COVARIANCE_MATRIX>[[6.928758921276312e-06, 6.89588023305987e-06, 5.970705387881026e-06, 1.6199589936150005e-06, 6.269020786930923e-07, 2.3135616800118441e-07], [6.89588023305987e-06, 5.448434967547655e-05, 3.631128492997959e-05, -1.3570674127549864e-05, -5.310523647494847e-06, -2.8179908895253902e-06], [5.970705387881026e-06, 3.631128492997959e-05, 3.294516500318423e-05, -3.2253581139229937e-06, -1.5925280649753404e-06, -6.264700687097502e-07], [1.6199589936150005e-06, -1.3570674127549864e-05, -3.2253581139229937e-06, 4.093007373739965e-05, 1.3756358384853229e-05, 7.408381407003617e-06], [6.269020786930923e-07, -5.310523647494847e-06, -1.5925280649753404e-06, 1.3756358384853229e-05, 1.2724191037705168e-05, 4.079055543115828e-06], [2.3135616800118441e-07, -2.8179908895253902e-06, -6.264700687097502e-07, 7.408381407003617e-06, 4.079055543115828e-06, 9.583542123436928e-06]]</COVARIANCE_MATRIX>
		<ROI_SIZE>9071</ROI_SIZE>
		<MAX_VALUE>[0.10336953401565552, 0.10593059659004211, 0.09228803217411041, 0.05918550118803978, 0.03709866851568222, 0.027664443477988243]</MAX_VALUE>
		<MIN_VALUE>[0.07297580689191818, 0.0509323813021183, 0.03166449815034866, 0.014605671167373657, 0.0, 0.0]</MIN_VALUE>
		<SIGNATURE_THRESHOLD_MD>0.0</SIGNATURE_THRESHOLD_MD>
		<SIGNATURE_THRESHOLD_ML>0.0</SIGNATURE_THRESHOLD_ML>
		<SIGNATURE_THRESHOLD_SAM>0.0</SIGNATURE_THRESHOLD_SAM>
	</signature>
	<signature ID="20210523_090016297262_510">
		<MACROCLASSID>1</MACROCLASSID>
		<MACROCLASSINFO>waterbody</MACROCLASSINFO>
		<CLASSID>2</CLASSID>
		<CLASSINFO>C 1</CLASSINFO>
		<VALUES>[0.08008224331443871, 0.0030038416478770907, 0.07535133433413721, 0.0073200605017791345, 0.051492046539668664, 0.005432133123850748, 0.028836674644388476, 0.010330456710209707, 0.006352773229398832, 0.006012600446014423, 0.003999623904097091, 0.004200066449835683]</VALUES>
		<LCS_MIN>[0.07094955444335938, 0.0509323813021183, 0.03523058816790581, 0.01906365528702736, 0.0, 0.0]</LCS_MIN>
		<LCS_MAX>[0.09729078412055969, 0.09746932983398438, 0.08158976584672928, 0.05918550118803978, 0.04570915922522545, 0.03178625553846359]</LCS_MAX>
		<WAVELENGTH>[0.485, 0.56, 0.66, 0.83, 1.65, 2.215]</WAVELENGTH>
		<MEAN_VALUE>[0.08008224331443871, 0.07535133433413721, 0.051492046539668664, 0.028836674644388476, 0.006352773229398832, 0.003999623904097091]</MEAN_VALUE>
		<CHECKBOX>2</CHECKBOX>
		<SD>[0.0030038416478770907, 0.0073200605017791345, 0.005432133123850748, 0.010330456710209707, 0.006012600446014423, 0.004200066449835683]</SD>
		<WAVELENGTH_UNIT>E-6m</WAVELENGTH_UNIT>
		<COLOR>#7da6f5</COLOR>
		<COVARIANCE_MATRIX>[[9.309448614658322e-06, 9.878745913738385e-06, 9.590610716259107e-06, -2.533418239636376e-07, 2.692655016289791e-06, 1.6104943370010005e-06], [9.878745913738385e-06, 5.204735862207599e-05, 3.0521387088811025e-05, -3.872780507663265e-05, -9.9251283245394e-06, -4.9461696107755415e-06], [9.590610716259107e-06, 3.0521387088811025e-05, 3.0470971978502348e-05, -9.562704690324608e-06, 1.5822263321751961e-06, 1.3317059028850053e-06], [-2.533418239636376e-07, -3.872780507663265e-05, -9.562704690324608e-06, 9.438783308723941e-05, 3.343522985232994e-05, 1.83448355528526e-05], [2.692655016289791e-06, -9.9251283245394e-06, 1.5822263321751961e-06, 3.343522985232994e-05, 2.9632072255481035e-05, 1.3973626664665062e-05], [1.6104943370010005e-06, -4.9461696107755415e-06, 1.3317059028850053e-06, 1.83448355528526e-05, 1.3973626664665062e-05, 1.5597830497426912e-05]]</COVARIANCE_MATRIX>
		<ROI_SIZE>6275</ROI_SIZE>
		<MAX_VALUE>[0.09729078412055969, 0.09746932983398438, 0.08158976584672928, 0.05918550118803978, 0.04570915922522545, 0.03178625553846359]</MAX_VALUE>
		<MIN_VALUE>[0.07094955444335938, 0.0509323813021183, 0.03523058816790581, 0.01906365528702736, 0.0, 0.0]</MIN_VALUE>
		<SIGNATURE_THRESHOLD_MD>0.0</SIGNATURE_THRESHOLD_MD>
		<SIGNATURE_THRESHOLD_ML>0.0</SIGNATURE_THRESHOLD_ML>
		<SIGNATURE_THRESHOLD_SAM>0.0</SIGNATURE_THRESHOLD_SAM>
	</signature>
	<signature ID="20210523_090023027386_371">
		<MACROCLASSID>1</MACROCLASSID>
		<MACROCLASSINFO>waterbody</MACROCLASSINFO>
		<CLASSID>3</CLASSID>
		<CLASSINFO>C 1</CLASSINFO>
		<VALUES>[0.11932754999152113, 0.0042797611408188834, 0.10116291700481134, 0.004642323260956536, 0.0888050986077502, 0.0047010185791556735, 0.06388602286113976, 0.010075869893640265, 0.024123454545479803, 0.010043268809441605, 0.016707100303496182, 0.008688850759298749]</VALUES>
		<LCS_MIN>[0.10742201656103134, 0.08477744460105896, 0.07089149951934814, 0.04581155627965927, 0.0026567194145172834, 0.0]</LCS_MIN>
		<LCS_MAX>[0.12971074879169464, 0.11016122996807098, 0.10655240714550018, 0.0948493704199791, 0.0514494851231575, 0.04827350378036499]</LCS_MAX>
		<WAVELENGTH>[0.485, 0.56, 0.66, 0.83, 1.65, 2.215]</WAVELENGTH>
		<MEAN_VALUE>[0.11932754999152113, 0.10116291700481134, 0.0888050986077502, 0.06388602286113976, 0.024123454545479803, 0.016707100303496182]</MEAN_VALUE>
		<CHECKBOX>2</CHECKBOX>
		<SD>[0.0042797611408188834, 0.004642323260956536, 0.0047010185791556735, 0.010075869893640265, 0.010043268809441605, 0.008688850759298749]</SD>
		<WAVELENGTH_UNIT>E-6m</WAVELENGTH_UNIT>
		<COLOR>#d9884f</COLOR>
		<COVARIANCE_MATRIX>[[1.836392948462162e-05, 1.4492929039988667e-05, 1.2952346878591925e-05, 8.695395081304014e-06, 1.4804305692450725e-06, 2.887548134822282e-06], [1.4492929039988667e-05, 2.1607142116408795e-05, 1.5053221432026476e-05, 4.78437686979305e-06, -1.7824607994043618e-06, 2.841662080754759e-06], [1.2952346878591925e-05, 1.5053221432026476e-05, 2.215697713836562e-05, 1.1500346772663761e-05, 6.877191026433138e-06, 1.1030754649254959e-05], [8.695395081304014e-06, 4.78437686979305e-06, 1.1500346772663761e-05, 0.00010178684897255152, 7.922800432424992e-05, 6.235650653252378e-05], [1.4804305692450725e-06, -1.7824607994043618e-06, 6.877191026433138e-06, 7.922800432424992e-05, 0.00010112924064742401, 7.169413584051654e-05], [2.887548134822282e-06, 2.841662080754759e-06, 1.1030754649254959e-05, 6.235650653252378e-05, 7.169413584051654e-05, 7.569222361780703e-05]]</COVARIANCE_MATRIX>
		<ROI_SIZE>386</ROI_SIZE>
		<MAX_VALUE>[0.12971074879169464, 0.11016122996807098, 0.10655240714550018, 0.0948493704199791, 0.0514494851231575, 0.04827350378036499]</MAX_VALUE>
		<MIN_VALUE>[0.10742201656103134, 0.08477744460105896, 0.07089149951934814, 0.04581155627965927, 0.0026567194145172834, 0.0]</MIN_VALUE>
		<SIGNATURE_THRESHOLD_MD>0.0</SIGNATURE_THRESHOLD_MD>
		<SIGNATURE_THRESHOLD_ML>0.0</SIGNATURE_THRESHOLD_ML>
		<SIGNATURE_THRESHOLD_SAM>0.0</SIGNATURE_THRESHOLD_SAM>
	</signature>
	<signature ID="20210523_090113054094_784">
		<MACROCLASSID>1</MACROCLASSID>
		<MACROCLASSINFO>waterbody</MACROCLASSINFO>
		<CLASSID>4</CLASSID>
		<CLASSINFO>C 1</CLASSINFO>
		<VALUES>[0.08778586377793327, 0.0022353818125530715, 0.1071316741971755, 0.006044221264194262, 0.07028669903608739, 0.003696374696426241, 0.032669303231610894, 0.004124146633837184, 0.0052858325564522695, 0.0040048699877541635, 0.0036982276127355256, 0.003625898036347176]</VALUES>
		<LCS_MIN>[0.07500205188989639, 0.06785491853952408, 0.042362768203020096, 0.01906365528702736, 0.0, 0.0]</LCS_MIN>
		<LCS_MAX>[0.09526453912258148, 0.12285313010215759, 0.08515585958957672, 0.06810147315263748, 0.039968837052583694, 0.03590806946158409]</LCS_MAX>
		<WAVELENGTH>[0.485, 0.56, 0.66, 0.83, 1.65, 2.215]</WAVELENGTH>
		<MEAN_VALUE>[0.08778586377793327, 0.1071316741971755, 0.07028669903608739, 0.032669303231610894, 0.0052858325564522695, 0.0036982276127355256]</MEAN_VALUE>
		<CHECKBOX>2</CHECKBOX>
		<SD>[0.0022353818125530715, 0.006044221264194262, 0.003696374696426241, 0.004124146633837184, 0.0040048699877541635, 0.003625898036347176]</SD>
		<WAVELENGTH_UNIT>E-6m</WAVELENGTH_UNIT>
		<COLOR>#e1f331</COLOR>
		<COVARIANCE_MATRIX>[[4.96500570079661e-06, 3.621696578193223e-06, 2.257026380902971e-06, 2.3366517609701987e-07, 1.9935292527861748e-07, 3.5384392305104484e-08], [3.621696578193223e-06, 3.661537994048558e-05, 1.605864781595301e-05, -6.04416800342733e-06, -5.635811248794198e-06, -4.001894467364764e-06], [2.257026380902971e-06, 1.605864781595301e-05, 1.2646412869798951e-05, 2.643151901793317e-07, -2.8945268581992423e-07, -1.9109579341147764e-07], [2.3366517609701987e-07, -6.04416800342733e-06, 2.643151901793317e-07, 1.7895961718750186e-05, 1.0003725037677214e-05, 7.0017549660406075e-06], [1.9935292527861748e-07, -5.635811248794198e-06, -2.8945268581992423e-07, 1.0003725037677214e-05, 1.686112409515772e-05, 7.893770089140162e-06], [3.5384392305104484e-08, -4.001894467364764e-06, -1.9109579341147764e-07, 7.0017549660406075e-06, 7.893770089140162e-06, 1.3781410416413564e-05]]</COVARIANCE_MATRIX>
		<ROI_SIZE>8698</ROI_SIZE>
		<MAX_VALUE>[0.09526453912258148, 0.12285313010215759, 0.08515585958957672, 0.06810147315263748, 0.039968837052583694, 0.03590806946158409]</MAX_VALUE>
		<MIN_VALUE>[0.07500205188989639, 0.06785491853952408, 0.042362768203020096, 0.01906365528702736, 0.0, 0.0]</MIN_VALUE>
		<SIGNATURE_THRESHOLD_MD>0.0</SIGNATURE_THRESHOLD_MD>
		<SIGNATURE_THRESHOLD_ML>0.0</SIGNATURE_THRESHOLD_ML>
		<SIGNATURE_THRESHOLD_SAM>0.0</SIGNATURE_THRESHOLD_SAM>
	</signature>
	<signature ID="20210523_090116263829_501">
		<MACROCLASSID>1</MACROCLASSID>
		<MACROCLASSINFO>waterbody</MACROCLASSINFO>
		<CLASSID>5</CLASSID>
		<CLASSINFO>C 1</CLASSINFO>
		<VALUES>[0.07798136623983888, 0.0035240086162037173, 0.061893356394363205, 0.007957176960831749, 0.0410637635448715, 0.006496314076469225, 0.023236376334528696, 0.004082991160669632, 0.005955087377075772, 0.0038892157260830835, 0.004197021489808154, 0.0037735579646600635]</VALUES>
		<LCS_MIN>[0.06892330199480057, 0.04670174419879913, 0.03166449815034866, 0.014605671167373657, 0.0, 0.0]</LCS_MIN>
		<LCS_MAX>[0.09323827922344208, 0.0932386964559555, 0.07445759326219559, 0.05918550118803978, 0.04283900186419487, 0.03590806946158409]</LCS_MAX>
		<WAVELENGTH>[0.485, 0.56, 0.66, 0.83, 1.65, 2.215]</WAVELENGTH>
		<MEAN_VALUE>[0.07798136623983888, 0.061893356394363205, 0.0410637635448715, 0.023236376334528696, 0.005955087377075772, 0.004197021489808154]</MEAN_VALUE>
		<CHECKBOX>2</CHECKBOX>
		<SD>[0.0035240086162037173, 0.007957176960831749, 0.006496314076469225, 0.004082991160669632, 0.0038892157260830835, 0.0037735579646600635]</SD>
		<WAVELENGTH_UNIT>E-6m</WAVELENGTH_UNIT>
		<COLOR>#104227</COLOR>
		<COVARIANCE_MATRIX>[[1.2638000043807551e-05, 2.2165075279190205e-05, 1.649204386922065e-05, 6.135848707344849e-06, 2.014026449614903e-06, 1.260181306861341e-06], [2.2165075279190205e-05, 6.75240225973539e-05, 4.587276998790912e-05, 1.6384239643230103e-05, 5.429119937616633e-06, 3.308495934106759e-06], [1.649204386922065e-05, 4.587276998790912e-05, 4.081358929397538e-05, 1.557506220706273e-05, 5.807912202726584e-06, 3.995457973360317e-06], [6.135848707344849e-06, 1.6384239643230103e-05, 1.557506220706273e-05, 1.6167579815373756e-05, 6.494359695352614e-06, 4.851148787565762e-06], [2.014026449614903e-06, 5.429119937616633e-06, 5.807912202726584e-06, 6.494359695352614e-06, 1.3549833056458738e-05, 5.965882337477524e-06], [1.260181306861341e-06, 3.308495934106759e-06, 3.995457973360317e-06, 4.851148787565762e-06, 5.965882337477524e-06, 1.3299625607032795e-05]]</COVARIANCE_MATRIX>
		<ROI_SIZE>6600</ROI_SIZE>
		<MAX_VALUE>[0.09323827922344208, 0.0932386964559555, 0.07445759326219559, 0.05918550118803978, 0.04283900186419487, 0.03590806946158409]</MAX_VALUE>
		<MIN_VALUE>[0.06892330199480057, 0.04670174419879913, 0.03166449815034866, 0.014605671167373657, 0.0, 0.0]</MIN_VALUE>
		<SIGNATURE_THRESHOLD_MD>0.0</SIGNATURE_THRESHOLD_MD>
		<SIGNATURE_THRESHOLD_ML>0.0</SIGNATURE_THRESHOLD_ML>
		<SIGNATURE_THRESHOLD_SAM>0.0</SIGNATURE_THRESHOLD_SAM>
	</signature>
	<signature ID="20210523_090124730234_888">
		<MACROCLASSID>1</MACROCLASSID>
		<MACROCLASSINFO>waterbody</MACROCLASSINFO>
		<CLASSID>6</CLASSID>
		<CLASSINFO>C 1</CLASSINFO>
		<VALUES>[0.09623262998130581, 0.005660840048078868, 0.08971317443582744, 0.012151563424922126, 0.08158976886835365, 0.012791615322480224, 0.06121636670496731, 0.012220641128232871, 0.041722822779168674, 0.013541534583112304, 0.03064130894943243, 0.010801413894557736]</VALUES>
		<LCS_MIN>[0.08513328433036804, 0.06362428516149521, 0.049494948238134384, 0.03689558804035187, 0.011267206631600857, 0.007055388297885656]</LCS_MIN>
		<LCS_MAX>[0.11147452145814896, 0.11439186334609985, 0.10655240714550018, 0.08593340218067169, 0.06293012946844101, 0.06063893437385559]</LCS_MAX>
		<WAVELENGTH>[0.485, 0.56, 0.66, 0.83, 1.65, 2.215]</WAVELENGTH>
		<MEAN_VALUE>[0.09623262998130581, 0.08971317443582744, 0.08158976886835365, 0.06121636670496731, 0.041722822779168674, 0.03064130894943243]</MEAN_VALUE>
		<CHECKBOX>2</CHECKBOX>
		<SD>[0.005660840048078868, 0.012151563424922126, 0.012791615322480224, 0.012220641128232871, 0.013541534583112304, 0.010801413894557736]</SD>
		<WAVELENGTH_UNIT>E-6m</WAVELENGTH_UNIT>
		<COLOR>#c77075</COLOR>
		<COVARIANCE_MATRIX>[[3.2405168894911185e-05, 5.57521270820871e-05, 5.813103780383244e-05, 9.683674761618022e-06, 8.999393685371615e-06, 2.3454937036149204e-05], [5.57521270820871e-05, 0.00014931960322428495, 0.00014849493163637817, -4.4147841435915325e-06, -2.7514004159456817e-06, 3.255721821915358e-05], [5.813103780383244e-05, 0.00014849493163637817, 0.00016546390543226153, -1.3754057363257743e-05, -1.1270267350482754e-05, 3.41869963449426e-05], [9.683674761618022e-06, -4.4147841435915325e-06, -1.3754057363257743e-05, 0.0001510220899945125, 0.0001339815353276208, 8.452255133306608e-05], [8.999393685371615e-06, -2.7514004159456817e-06, -1.1270267350482754e-05, 0.0001339815353276208, 0.00018543352780397981, 0.00011607989290496334], [2.3454937036149204e-05, 3.255721821915358e-05, 3.41869963449426e-05, 8.452255133306608e-05, 0.00011607989290496334, 0.00011798144987551495]]</COVARIANCE_MATRIX>
		<ROI_SIZE>90</ROI_SIZE>
		<MAX_VALUE>[0.11147452145814896, 0.11439186334609985, 0.10655240714550018, 0.08593340218067169, 0.06293012946844101, 0.06063893437385559]</MAX_VALUE>
		<MIN_VALUE>[0.08513328433036804, 0.06362428516149521, 0.049494948238134384, 0.03689558804035187, 0.011267206631600857, 0.007055388297885656]</MIN_VALUE>
		<SIGNATURE_THRESHOLD_MD>0.0</SIGNATURE_THRESHOLD_MD>
		<SIGNATURE_THRESHOLD_ML>0.0</SIGNATURE_THRESHOLD_ML>
		<SIGNATURE_THRESHOLD_SAM>0.0</SIGNATURE_THRESHOLD_SAM>
	</signature>
	<signature ID="20210523_090131665026_525">
		<MACROCLASSID>1</MACROCLASSID>
		<MACROCLASSINFO>waterbody</MACROCLASSINFO>
		<CLASSID>7</CLASSID>
		<CLASSINFO>C 1</CLASSINFO>
		<VALUES>[0.09696115382265245, 0.00304653572254852, 0.11961436624589719, 0.01080591648070017, 0.10701309187275368, 0.011107103563575487, 0.042782688183647576, 0.007895121422574586, 0.016060988099033533, 0.009074910672544635, 0.01054948363364028, 0.0075972515841236776]</VALUES>
		<LCS_MIN>[0.08715954422950745, 0.0932386964559555, 0.07802367210388184, 0.032437607645988464, 0.0, 0.0]</LCS_MIN>
		<LCS_MAX>[0.10336953401565552, 0.1355450302362442, 0.12081675976514816, 0.07255946099758148, 0.04283900186419487, 0.04002987965941429]</LCS_MAX>
		<WAVELENGTH>[0.485, 0.56, 0.66, 0.83, 1.65, 2.215]</WAVELENGTH>
		<MEAN_VALUE>[0.09696115382265245, 0.11961436624589719, 0.10701309187275368, 0.042782688183647576, 0.016060988099033533, 0.01054948363364028]</MEAN_VALUE>
		<CHECKBOX>2</CHECKBOX>
		<SD>[0.00304653572254852, 0.01080591648070017, 0.011107103563575487, 0.007895121422574586, 0.009074910672544635, 0.0075972515841236776]</SD>
		<WAVELENGTH_UNIT>E-6m</WAVELENGTH_UNIT>
		<COLOR>#ceae3a</COLOR>
		<COVARIANCE_MATRIX>[[9.326002327725291e-06, 2.35314728342928e-05, 2.3184786186902784e-05, -5.606544164038496e-06, -9.819880688155536e-06, -7.285681931534782e-06], [2.35314728342928e-05, 0.00011732921120710671, 0.00010819492308655754, -2.8535680030472577e-05, -5.462805347633548e-05, -4.023496148874983e-05], [2.3184786186902784e-05, 0.00010819492308655754, 0.00012396086822263896, -3.1073195714270696e-06, -3.405296592973173e-05, -2.2461679691332392e-05], [-5.606544164038496e-06, -2.8535680030472577e-05, -3.1073195714270696e-06, 6.263262184802443e-05, 5.420526213129051e-05, 4.529643047135323e-05], [-9.819880688155536e-06, -5.462805347633548e-05, -3.405296592973173e-05, 5.420526213129051e-05, 8.274993888335302e-05, 5.104782394482754e-05], [-7.285681931534782e-06, -4.023496148874983e-05, -2.2461679691332392e-05, 4.529643047135323e-05, 5.104782394482754e-05, 5.7995723182102665e-05]]</COVARIANCE_MATRIX>
		<ROI_SIZE>209</ROI_SIZE>
		<MAX_VALUE>[0.10336953401565552, 0.1355450302362442, 0.12081675976514816, 0.07255946099758148, 0.04283900186419487, 0.04002987965941429]</MAX_VALUE>
		<MIN_VALUE>[0.08715954422950745, 0.0932386964559555, 0.07802367210388184, 0.032437607645988464, 0.0, 0.0]</MIN_VALUE>
		<SIGNATURE_THRESHOLD_MD>0.0</SIGNATURE_THRESHOLD_MD>
		<SIGNATURE_THRESHOLD_ML>0.0</SIGNATURE_THRESHOLD_ML>
		<SIGNATURE_THRESHOLD_SAM>0.0</SIGNATURE_THRESHOLD_SAM>
	</signature>
	<signature ID="20210523_090135356131_348">
		<MACROCLASSID>1</MACROCLASSID>
		<MACROCLASSINFO>waterbody</MACROCLASSINFO>
		<CLASSID>8</CLASSID>
		<CLASSINFO>C 1</CLASSINFO>
		<VALUES>[0.09712615082971755, 0.0043515538798952124, 0.10167352417483928, 0.008212997665596017, 0.06819464049767701, 0.006656599379055789, 0.031546008714940385, 0.010594162624553184, 0.013833748936303895, 0.009891842883374288, 0.009032509478856811, 0.007066503410324145]</VALUES>
		<LCS_MIN>[0.08108080178499222, 0.07208555191755295, 0.042362768203020096, 0.01906365528702736, 0.0, 0.0]</LCS_MIN>
		<LCS_MAX>[0.10336953401565552, 0.11439186334609985, 0.08158976584672928, 0.06810147315263748, 0.04283900186419487, 0.03178625553846359]</LCS_MAX>
		<WAVELENGTH>[0.485, 0.56, 0.66, 0.83, 1.65, 2.215]</WAVELENGTH>
		<MEAN_VALUE>[0.09712615082971755, 0.10167352417483928, 0.06819464049767701, 0.031546008714940385, 0.013833748936303895, 0.009032509478856811]</MEAN_VALUE>
		<CHECKBOX>2</CHECKBOX>
		<SD>[0.0043515538798952124, 0.008212997665596017, 0.006656599379055789, 0.010594162624553184, 0.009891842883374288, 0.007066503410324145]</SD>
		<WAVELENGTH_UNIT>E-6m</WAVELENGTH_UNIT>
		<COLOR>#3ac969</COLOR>
		<COVARIANCE_MATRIX>[[1.905511635413859e-05, 2.8300422854954377e-05, 1.6822392353788018e-05, -1.6679772670613602e-05, -1.54828630911652e-05, -1.1054755304940045e-05], [2.8300422854954377e-05, 6.787756865378469e-05, 3.5889905120711774e-05, -3.893008397426456e-05, -3.292862311354838e-05, -2.0987654352211393e-05], [1.6822392353788018e-05, 3.5889905120711774e-05, 4.458899638848379e-05, 1.2078159670636524e-05, 1.1392483429517597e-05, 7.474307039956329e-06], [-1.6679772670613602e-05, -3.893008397426456e-05, 1.2078159670636524e-05, 0.00011294217256363481, 8.767215331317857e-05, 5.540790516533889e-05], [-1.54828630911652e-05, -3.292862311354838e-05, 1.1392483429517597e-05, 8.767215331317857e-05, 9.846395550994202e-05, 5.9983929531881586e-05], [-1.1054755304940045e-05, -2.0987654352211393e-05, 7.474307039956329e-06, 5.540790516533889e-05, 5.9983929531881586e-05, 5.0249531341250986e-05]]</COVARIANCE_MATRIX>
		<ROI_SIZE>160</ROI_SIZE>
		<MAX_VALUE>[0.10336953401565552, 0.11439186334609985, 0.08158976584672928, 0.06810147315263748, 0.04283900186419487, 0.03178625553846359]</MAX_VALUE>
		<MIN_VALUE>[0.08108080178499222, 0.07208555191755295, 0.042362768203020096, 0.01906365528702736, 0.0, 0.0]</MIN_VALUE>
		<SIGNATURE_THRESHOLD_MD>0.0</SIGNATURE_THRESHOLD_MD>
		<SIGNATURE_THRESHOLD_ML>0.0</SIGNATURE_THRESHOLD_ML>
		<SIGNATURE_THRESHOLD_SAM>0.0</SIGNATURE_THRESHOLD_SAM>
	</signature>
	<signature ID="20210523_090138844707_291">
		<MACROCLASSID>1</MACROCLASSID>
		<MACROCLASSINFO>waterbody</MACROCLASSINFO>
		<CLASSID>9</CLASSID>
		<CLASSINFO>C 1</CLASSINFO>
		<VALUES>[0.08648984749817235, 0.006510209770344128, 0.07457731784147728, 0.014937578227344673, 0.04555865166456267, 0.012427140597976715, 0.025930082689876024, 0.008008496277855331, 0.010158028436323512, 0.007666696653848521, 0.006645342186132797, 0.00590646749218758]</VALUES>
		<LCS_MIN>[0.07500205188989639, 0.05516301840543747, 0.03166449815034866, 0.014605671167373657, 0.0, 0.0]</LCS_MIN>
		<LCS_MAX>[0.10336953401565552, 0.10593059659004211, 0.07445759326219559, 0.05918550118803978, 0.039968837052583694, 0.03590806946158409]</LCS_MAX>
		<WAVELENGTH>[0.485, 0.56, 0.66, 0.83, 1.65, 2.215]</WAVELENGTH>
		<MEAN_VALUE>[0.08648984749817235, 0.07457731784147728, 0.04555865166456267, 0.025930082689876024, 0.010158028436323512, 0.006645342186132797]</MEAN_VALUE>
		<CHECKBOX>2</CHECKBOX>
		<SD>[0.006510209770344128, 0.014937578227344673, 0.012427140597976715, 0.008008496277855331, 0.007666696653848521, 0.00590646749218758]</SD>
		<WAVELENGTH_UNIT>E-6m</WAVELENGTH_UNIT>
		<COLOR>#7e07c7</COLOR>
		<COVARIANCE_MATRIX>[[4.247281685820781e-05, 8.866938151186332e-05, 6.303472036961466e-05, 2.843756647052942e-06, -8.573458103455778e-07, -1.495817400609667e-06], [8.866938151186332e-05, 0.00022360497678164393, 0.00016761611914262176, 2.3056920326780528e-05, 1.3177322216506582e-05, 8.056298611336388e-06], [6.303472036961466e-05, 0.00016761611914262176, 0.00015476171392947435, 4.672984141507186e-05, 3.2314364943886176e-05, 2.057083838735707e-05], [2.843756647052942e-06, 2.3056920326780528e-05, 4.672984141507186e-05, 6.427218613680452e-05, 4.733174864668399e-05, 3.001967525051441e-05], [-8.573458103455778e-07, 1.3177322216506582e-05, 3.2314364943886176e-05, 4.733174864668399e-05, 5.890303145861253e-05, 3.556364754331298e-05], [-1.495817400609667e-06, 8.056298611336388e-06, 2.057083838735707e-05, 3.001967525051441e-05, 3.556364754331298e-05, 3.496042700135149e-05]]</COVARIANCE_MATRIX>
		<ROI_SIZE>472</ROI_SIZE>
		<MAX_VALUE>[0.10336953401565552, 0.10593059659004211, 0.07445759326219559, 0.05918550118803978, 0.039968837052583694, 0.03590806946158409]</MAX_VALUE>
		<MIN_VALUE>[0.07500205188989639, 0.05516301840543747, 0.03166449815034866, 0.014605671167373657, 0.0, 0.0]</MIN_VALUE>
		<SIGNATURE_THRESHOLD_MD>0.0</SIGNATURE_THRESHOLD_MD>
		<SIGNATURE_THRESHOLD_ML>0.0</SIGNATURE_THRESHOLD_ML>
		<SIGNATURE_THRESHOLD_SAM>0.0</SIGNATURE_THRESHOLD_SAM>
	</signature>
	<signature ID="20210523_090514156351_944">
		<MACROCLASSID>1</MACROCLASSID>
		<MACROCLASSINFO>waterbody</MACROCLASSINFO>
		<CLASSID>10</CLASSID>
		<CLASSINFO>C 1</CLASSINFO>
		<VALUES>[0.08902009066507645, 0.0030253550667971607, 0.1205598925214226, 0.006614540322164964, 0.08950516045372055, 0.007311877142996587, 0.04075986976413249, 0.007903942282076278, 0.013924772876192967, 0.009002471501058738, 0.008844904900772195, 0.006830761909722434]</VALUES>
		<LCS_MIN>[0.08108080178499222, 0.0805467963218689, 0.06375931203365326, 0.027979619801044464, 0.0, 0.0]</LCS_MIN>
		<LCS_MAX>[0.10336953401565552, 0.1524675488471985, 0.12794895470142365, 0.07255946099758148, 0.04570915922522545, 0.03178625553846359]</LCS_MAX>
		<WAVELENGTH>[0.485, 0.56, 0.66, 0.83, 1.65, 2.215]</WAVELENGTH>
		<MEAN_VALUE>[0.08902009066507645, 0.1205598925214226, 0.08950516045372055, 0.04075986976413249, 0.013924772876192967, 0.008844904900772195]</MEAN_VALUE>
		<CHECKBOX>2</CHECKBOX>
		<SD>[0.0030253550667971607, 0.006614540322164964, 0.007311877142996587, 0.007903942282076278, 0.009002471501058738, 0.006830761909722434]</SD>
		<WAVELENGTH_UNIT>E-6m</WAVELENGTH_UNIT>
		<COLOR>#333148</COLOR>
		<COVARIANCE_MATRIX>[[9.174208571494091e-06, 1.2909221368317958e-05, 1.4767793800274376e-05, 4.449616881174734e-06, 4.198426267976174e-06, 3.878853476635413e-06], [1.2909221368317958e-05, 4.385460852063261e-05, 3.8510366721311584e-05, -3.396463171156938e-06, -3.5925481824961025e-06, 3.8940888202887436e-07], [1.4767793800274376e-05, 3.8510366721311584e-05, 5.358875569072552e-05, 1.8485807231627405e-05, 1.94406839000294e-05, 1.652783976169303e-05], [4.449616881174734e-06, -3.396463171156938e-06, 1.8485807231627405e-05, 6.261860835365951e-05, 5.158450221642852e-05, 3.6095512768952176e-05], [4.198426267976174e-06, -3.5925481824961025e-06, 1.94406839000294e-05, 5.158450221642852e-05, 8.123429142870009e-05, 5.024904021411203e-05], [3.878853476635413e-06, 3.8940888202887436e-07, 1.652783976169303e-05, 3.6095512768952176e-05, 5.024904021411203e-05, 4.676858225138858e-05]]</COVARIANCE_MATRIX>
		<ROI_SIZE>428</ROI_SIZE>
		<MAX_VALUE>[0.10336953401565552, 0.1524675488471985, 0.12794895470142365, 0.07255946099758148, 0.04570915922522545, 0.03178625553846359]</MAX_VALUE>
		<MIN_VALUE>[0.08108080178499222, 0.0805467963218689, 0.06375931203365326, 0.027979619801044464, 0.0, 0.0]</MIN_VALUE>
		<SIGNATURE_THRESHOLD_MD>0.0</SIGNATURE_THRESHOLD_MD>
		<SIGNATURE_THRESHOLD_ML>0.0</SIGNATURE_THRESHOLD_ML>
		<SIGNATURE_THRESHOLD_SAM>0.0</SIGNATURE_THRESHOLD_SAM>
	</signature>
	<signature ID="20210523_090517126606_527">
		<MACROCLASSID>1</MACROCLASSID>
		<MACROCLASSINFO>waterbody</MACROCLASSINFO>
		<CLASSID>11</CLASSID>
		<CLASSINFO>C 1</CLASSINFO>
		<VALUES>[0.10352907494062515, 0.0034140580730968218, 0.10297692883906395, 0.005000535189818008, 0.06060505610477579, 0.009245444089396482, 0.031209026974212774, 0.008851565356213177, 0.016804695306614707, 0.01032887130240475, 0.011270179475591639, 0.007750100361565377]</VALUES>
		<LCS_MIN>[0.08918578922748566, 0.0805467963218689, 0.04592885822057724, 0.01906365528702736, 0.0, 0.0]</LCS_MIN>
		<LCS_MAX>[0.11350077390670776, 0.12285313010215759, 0.09228803217411041, 0.05918550118803978, 0.05431964993476868, 0.04827350378036499]</LCS_MAX>
		<WAVELENGTH>[0.485, 0.56, 0.66, 0.83, 1.65, 2.215]</WAVELENGTH>
		<MEAN_VALUE>[0.10352907494062515, 0.10297692883906395, 0.06060505610477579, 0.031209026974212774, 0.016804695306614707, 0.011270179475591639]</MEAN_VALUE>
		<CHECKBOX>2</CHECKBOX>
		<SD>[0.0034140580730968218, 0.005000535189818008, 0.009245444089396482, 0.008851565356213177, 0.01032887130240475, 0.007750100361565377]</SD>
		<WAVELENGTH_UNIT>E-6m</WAVELENGTH_UNIT>
		<COLOR>#ddc338</COLOR>
		<COVARIANCE_MATRIX>[[1.1686465768434573e-05, 1.021785556076793e-05, -2.6899808744929032e-06, -6.5306617216265295e-06, -4.208002337691141e-06, -1.2207176496303873e-06], [1.021785556076793e-05, 2.507115641492419e-05, 1.0708428817451932e-05, -7.013332833594177e-06, -4.850603545492049e-06, -1.8425749885864207e-06], [-2.6899808744929032e-06, 1.0708428817451932e-05, 8.570317731937394e-05, 4.8409205192001536e-05, 2.733986548264511e-05, 1.4013934560352936e-05], [-6.5306617216265295e-06, -7.013332833594177e-06, 4.8409205192001536e-05, 7.855639705667272e-05, 5.917518865317106e-05, 3.749875395442359e-05], [-4.208002337691141e-06, -4.850603545492049e-06, 2.733986548264511e-05, 5.917518865317106e-05, 0.00010696633398765698, 6.436058902181685e-05], [-1.2207176496303873e-06, -1.8425749885864207e-06, 1.4013934560352936e-05, 3.749875395442359e-05, 6.436058902181685e-05, 6.02221189183183e-05]]</COVARIANCE_MATRIX>
		<ROI_SIZE>381</ROI_SIZE>
		<MAX_VALUE>[0.11350077390670776, 0.12285313010215759, 0.09228803217411041, 0.05918550118803978, 0.05431964993476868, 0.04827350378036499]</MAX_VALUE>
		<MIN_VALUE>[0.08918578922748566, 0.0805467963218689, 0.04592885822057724, 0.01906365528702736, 0.0, 0.0]</MIN_VALUE>
		<SIGNATURE_THRESHOLD_MD>0.0</SIGNATURE_THRESHOLD_MD>
		<SIGNATURE_THRESHOLD_ML>0.0</SIGNATURE_THRESHOLD_ML>
		<SIGNATURE_THRESHOLD_SAM>0.0</SIGNATURE_THRESHOLD_SAM>
	</signature>
	<signature ID="20210523_090521468826_569">
		<MACROCLASSID>1</MACROCLASSID>
		<MACROCLASSINFO>waterbody</MACROCLASSINFO>
		<CLASSID>12</CLASSID>
		<CLASSINFO>C 1</CLASSINFO>
		<VALUES>[0.13466381198830077, 0.002211633085029741, 0.2079358423749606, 0.003897625462734179, 0.21804226334724164, 0.004074338986310361, 0.07608869661473565, 0.007683376741913297, 0.02525925055508399, 0.011379927501937481, 0.018275875585257177, 0.010468602799057463]</VALUES>
		<LCS_MIN>[0.12971074879169464, 0.19054321944713593, 0.2064029425382614, 0.06364349275827408, 0.00839704368263483, 0.002933577634394169]</LCS_MIN>
		<LCS_MAX>[0.13984200358390808, 0.21169641613960266, 0.22779949009418488, 0.1082233265042305, 0.05431964993476868, 0.06063893437385559]</LCS_MAX>
		<WAVELENGTH>[0.485, 0.56, 0.66, 0.83, 1.65, 2.215]</WAVELENGTH>
		<MEAN_VALUE>[0.13466381198830077, 0.2079358423749606, 0.21804226334724164, 0.07608869661473565, 0.02525925055508399, 0.018275875585257177]</MEAN_VALUE>
		<CHECKBOX>2</CHECKBOX>
		<SD>[0.002211633085029741, 0.003897625462734179, 0.004074338986310361, 0.007683376741913297, 0.011379927501937481, 0.010468602799057463]</SD>
		<WAVELENGTH_UNIT>E-6m</WAVELENGTH_UNIT>
		<COLOR>#27ca55</COLOR>
		<COVARIANCE_MATRIX>[[4.960212663718266e-06, 3.434296559134964e-06, 2.499049969628686e-06, -2.205242026320775e-06, -2.457322807458695e-06, -2.8362251214275602e-06], [3.434296559134964e-06, 1.5405448721139692e-05, 9.538463018543553e-06, -1.9745571989915334e-05, -1.966763738892041e-05, -1.5909698049654253e-05], [2.499049969628686e-06, 9.538463018543553e-06, 1.6834044799907133e-05, -9.63741786108585e-06, -1.3640976249007508e-05, -1.0707743058446795e-05], [-2.205242026320775e-06, -1.9745571989915334e-05, -9.63741786108585e-06, 5.9865746152354404e-05, 5.282498023007065e-05, 4.3435651605250314e-05], [-2.457322807458695e-06, -1.966763738892041e-05, -1.3640976249007508e-05, 5.282498023007065e-05, 0.00013132672756910324, 9.022661834023893e-05], [-2.8362251214275602e-06, -1.5909698049654253e-05, -1.0707743058446795e-05, 4.3435651605250314e-05, 9.022661834023893e-05, 0.00011113518849015236]]</COVARIANCE_MATRIX>
		<ROI_SIZE>72</ROI_SIZE>
		<MAX_VALUE>[0.13984200358390808, 0.21169641613960266, 0.22779949009418488, 0.1082233265042305, 0.05431964993476868, 0.06063893437385559]</MAX_VALUE>
		<MIN_VALUE>[0.12971074879169464, 0.19054321944713593, 0.2064029425382614, 0.06364349275827408, 0.00839704368263483, 0.002933577634394169]</MIN_VALUE>
		<SIGNATURE_THRESHOLD_MD>0.0</SIGNATURE_THRESHOLD_MD>
		<SIGNATURE_THRESHOLD_ML>0.0</SIGNATURE_THRESHOLD_ML>
		<SIGNATURE_THRESHOLD_SAM>0.0</SIGNATURE_THRESHOLD_SAM>
	</signature>
	<signature ID="20210523_090525140408_593">
		<MACROCLASSID>1</MACROCLASSID>
		<MACROCLASSINFO>waterbody</MACROCLASSINFO>
		<CLASSID>13</CLASSID>
		<CLASSINFO>C 1</CLASSINFO>
		<VALUES>[0.10821751391998037, 0.003386940519920369, 0.13169045222026338, 0.007327070921147939, 0.09515411779284476, 0.006885542906652538, 0.03791927471756933, 0.007710784512118416, 0.018135918285352777, 0.00880060997366245, 0.012518542634185264, 0.007498000243871695]</VALUES>
		<LCS_MIN>[0.09526453912258148, 0.09746932983398438, 0.07445759326219559, 0.014605671167373657, 0.0, 0.0]</LCS_MIN>
		<LCS_MAX>[0.11755327880382538, 0.15669819712638855, 0.1315150260925293, 0.06810147315263748, 0.04570915922522545, 0.04002987965941429]</LCS_MAX>
		<WAVELENGTH>[0.485, 0.56, 0.66, 0.83, 1.65, 2.215]</WAVELENGTH>
		<MEAN_VALUE>[0.10821751391998037, 0.13169045222026338, 0.09515411779284476, 0.03791927471756933, 0.018135918285352777, 0.012518542634185264]</MEAN_VALUE>
		<CHECKBOX>2</CHECKBOX>
		<SD>[0.003386940519920369, 0.007327070921147939, 0.006885542906652538, 0.007710784512118416, 0.00880060997366245, 0.007498000243871695]</SD>
		<WAVELENGTH_UNIT>E-6m</WAVELENGTH_UNIT>
		<COLOR>#288b15</COLOR>
		<COVARIANCE_MATRIX>[[1.1514011021063197e-05, 1.7258651496376842e-05, 1.3559970284404699e-05, -8.272086233773734e-06, -6.7101877903041895e-06, -5.559192686632741e-06], [1.7258651496376842e-05, 5.388554563978687e-05, 3.71119640476536e-05, -2.4855442461557686e-05, -2.1190224288147874e-05, -1.5869776689214632e-05], [1.3559970284404699e-05, 3.71119640476536e-05, 4.758694922202267e-05, 8.965620850176492e-07, 3.494327756925486e-06, 2.151967009922373e-06], [-8.272086233773734e-06, -2.4855442461557686e-05, 8.965620850176492e-07, 5.967722609057091e-05, 4.5023229176877066e-05, 3.514710260787979e-05], [-6.7101877903041895e-06, -2.1190224288147874e-05, 3.494327756925486e-06, 4.5023229176877066e-05, 7.773865945637226e-05, 5.110038910061121e-05], [-5.559192686632741e-06, -1.5869776689214632e-05, 2.151967009922373e-06, 3.514710260787979e-05, 5.110038910061121e-05, 5.6429005780955777e-05]]</COVARIANCE_MATRIX>
		<ROI_SIZE>270</ROI_SIZE>
		<MAX_VALUE>[0.11755327880382538, 0.15669819712638855, 0.1315150260925293, 0.06810147315263748, 0.04570915922522545, 0.04002987965941429]</MAX_VALUE>
		<MIN_VALUE>[0.09526453912258148, 0.09746932983398438, 0.07445759326219559, 0.014605671167373657, 0.0, 0.0]</MIN_VALUE>
		<SIGNATURE_THRESHOLD_MD>0.0</SIGNATURE_THRESHOLD_MD>
		<SIGNATURE_THRESHOLD_ML>0.0</SIGNATURE_THRESHOLD_ML>
		<SIGNATURE_THRESHOLD_SAM>0.0</SIGNATURE_THRESHOLD_SAM>
	</signature>
	<signature ID="20210523_090529511304_913">
		<MACROCLASSID>1</MACROCLASSID>
		<MACROCLASSINFO>waterbody</MACROCLASSINFO>
		<CLASSID>14</CLASSID>
		<CLASSINFO>C 1</CLASSINFO>
		<VALUES>[0.09567665321342014, 0.0029559107527866923, 0.11030464177414522, 0.0039691527911019575, 0.08866150942394292, 0.006245759536070689, 0.04422481727423305, 0.022218213879487886, 0.03028811631187544, 0.020844243233289983, 0.02081804792002096, 0.014960089025773117]</VALUES>
		<LCS_MIN>[0.08918578922748566, 0.0932386964559555, 0.07802367210388184, 0.02352163754403591, 0.00839704368263483, 0.007055388297885656]</LCS_MIN>
		<LCS_MAX>[0.10336953401565552, 0.11862250417470932, 0.11368458718061447, 0.1126813143491745, 0.09737209975719452, 0.06888256222009659]</LCS_MAX>
		<WAVELENGTH>[0.485, 0.56, 0.66, 0.83, 1.65, 2.215]</WAVELENGTH>
		<MEAN_VALUE>[0.09567665321342014, 0.11030464177414522, 0.08866150942394292, 0.04422481727423305, 0.03028811631187544, 0.02081804792002096]</MEAN_VALUE>
		<CHECKBOX>2</CHECKBOX>
		<SD>[0.0029559107527866923, 0.0039691527911019575, 0.006245759536070689, 0.022218213879487886, 0.020844243233289983, 0.014960089025773117]</SD>
		<WAVELENGTH_UNIT>E-6m</WAVELENGTH_UNIT>
		<COLOR>#f3abe5</COLOR>
		<COVARIANCE_MATRIX>[[8.888053343980573e-06, 1.7134660765805165e-06, 5.8807136156247e-06, 1.4526156519423239e-05, 1.4085392649576534e-05, 1.0645996553648729e-05], [1.7134660765805165e-06, 1.602579686732497e-05, 1.049297225108603e-06, -3.3586606150493026e-05, -2.5175844712066464e-05, -1.7040387319866568e-05], [5.8807136156247e-06, 1.049297225108603e-06, 3.968209057347849e-05, 0.00010679987462935969, 9.628677798900753e-05, 6.116172153269872e-05], [1.4526156519423239e-05, -3.3586606150493026e-05, 0.00010679987462935969, 0.0005021602264605463, 0.0004357339348644018, 0.0002978387929033488], [1.4085392649576534e-05, -2.5175844712066464e-05, 9.628677798900753e-05, 0.0004357339348644018, 0.00044197356328368187, 0.00030278507620096207], [1.0645996553648729e-05, -1.7040387319866568e-05, 6.116172153269872e-05, 0.0002978387929033488, 0.00030278507620096207, 0.00022766295296605676]]</COVARIANCE_MATRIX>
		<ROI_SIZE>59</ROI_SIZE>
		<MAX_VALUE>[0.10336953401565552, 0.11862250417470932, 0.11368458718061447, 0.1126813143491745, 0.09737209975719452, 0.06888256222009659]</MAX_VALUE>
		<MIN_VALUE>[0.08918578922748566, 0.0932386964559555, 0.07802367210388184, 0.02352163754403591, 0.00839704368263483, 0.007055388297885656]</MIN_VALUE>
		<SIGNATURE_THRESHOLD_MD>0.0</SIGNATURE_THRESHOLD_MD>
		<SIGNATURE_THRESHOLD_ML>0.0</SIGNATURE_THRESHOLD_ML>
		<SIGNATURE_THRESHOLD_SAM>0.0</SIGNATURE_THRESHOLD_SAM>
	</signature>
	<signature ID="20210523_090537386681_682">
		<MACROCLASSID>1</MACROCLASSID>
		<MACROCLASSINFO>waterbody</MACROCLASSINFO>
		<CLASSID>15</CLASSID>
		<CLASSINFO>C 1</CLASSINFO>
		<VALUES>[0.08229205167280322, 0.0032102186406801265, 0.06692061333229438, 0.004782780439533331, 0.03822895047521241, 0.004809598132301519, 0.022871227033370224, 0.004207800199147683, 0.00623774197501876, 0.005156577617958856, 0.004092887748536664, 0.004380887789791301]</VALUES>
		<LCS_MIN>[0.07297580689191818, 0.05516301840543747, 0.02809840627014637, 0.01014768797904253, 0.0, 0.0]</LCS_MIN>
		<LCS_MAX>[0.0993170291185379, 0.09746932983398438, 0.07802367210388184, 0.05472752824425697, 0.04283900186419487, 0.03590806946158409]</LCS_MAX>
		<WAVELENGTH>[0.485, 0.56, 0.66, 0.83, 1.65, 2.215]</WAVELENGTH>
		<MEAN_VALUE>[0.08229205167280322, 0.06692061333229438, 0.03822895047521241, 0.022871227033370224, 0.00623774197501876, 0.004092887748536664]</MEAN_VALUE>
		<CHECKBOX>2</CHECKBOX>
		<SD>[0.0032102186406801265, 0.004782780439533331, 0.004809598132301519, 0.004207800199147683, 0.005156577617958856, 0.004380887789791301]</SD>
		<WAVELENGTH_UNIT>E-6m</WAVELENGTH_UNIT>
		<COLOR>#570dff</COLOR>
		<COVARIANCE_MATRIX>[[8.146545951603912e-06, 6.561411737493472e-06, 5.393910214479547e-06, 2.1599535102723166e-06, 2.174316932723741e-06, 1.443469386686047e-06], [6.561411737493472e-06, 1.6501380741829053e-05, 1.0172661859542131e-05, 4.345414254203206e-06, 4.713832822744735e-06, 3.420057964831358e-06], [5.393910214479547e-06, 1.0172661859542131e-05, 1.658143628446851e-05, 8.633945071778726e-06, 9.70209021033952e-06, 7.083137916197302e-06], [2.1599535102723166e-06, 4.345414254203206e-06, 8.633945071778726e-06, 1.7331636627204716e-05, 1.2836887435696553e-05, 9.248602509615012e-06], [2.174316932723741e-06, 4.713832822744735e-06, 9.70209021033952e-06, 1.2836887435696553e-05, 2.526528805901762e-05, 1.3877818673790898e-05], [1.443469386686047e-06, 3.420057964831358e-06, 7.083137916197302e-06, 9.248602509615012e-06, 1.3877818673790898e-05, 1.8165275832870975e-05]]</COVARIANCE_MATRIX>
		<ROI_SIZE>4216</ROI_SIZE>
		<MAX_VALUE>[0.0993170291185379, 0.09746932983398438, 0.07802367210388184, 0.05472752824425697, 0.04283900186419487, 0.03590806946158409]</MAX_VALUE>
		<MIN_VALUE>[0.07297580689191818, 0.05516301840543747, 0.02809840627014637, 0.01014768797904253, 0.0, 0.0]</MIN_VALUE>
		<SIGNATURE_THRESHOLD_MD>0.0</SIGNATURE_THRESHOLD_MD>
		<SIGNATURE_THRESHOLD_ML>0.0</SIGNATURE_THRESHOLD_ML>
		<SIGNATURE_THRESHOLD_SAM>0.0</SIGNATURE_THRESHOLD_SAM>
	</signature>
	<signature ID="20210523_090545427791_411">
		<MACROCLASSID>1</MACROCLASSID>
		<MACROCLASSINFO>waterbody</MACROCLASSINFO>
		<CLASSID>16</CLASSID>
		<CLASSINFO>C 1</CLASSINFO>
		<VALUES>[0.1074633752661092, 0.004711953505957089, 0.09764201348634802, 0.008651624418951906, 0.09048073368818582, 0.010964806393561559, 0.05894289730864314, 0.00976670577564998, 0.021888761824712836, 0.009204481492404345, 0.015076842507486851, 0.008393853870029647]</VALUES>
		<LCS_MIN>[0.09121203422546387, 0.06362428516149521, 0.049494948238134384, 0.04135357588529587, 0.0026567194145172834, 0.0]</LCS_MIN>
		<LCS_MAX>[0.11957951635122299, 0.11439186334609985, 0.11368458718061447, 0.0948493704199791, 0.04570915922522545, 0.04002987965941429]</LCS_MAX>
		<WAVELENGTH>[0.485, 0.56, 0.66, 0.83, 1.65, 2.215]</WAVELENGTH>
		<MEAN_VALUE>[0.1074633752661092, 0.09764201348634802, 0.09048073368818582, 0.05894289730864314, 0.021888761824712836, 0.015076842507486851]</MEAN_VALUE>
		<CHECKBOX>2</CHECKBOX>
		<SD>[0.004711953505957089, 0.008651624418951906, 0.010964806393561559, 0.00976670577564998, 0.009204481492404345, 0.008393853870029647]</SD>
		<WAVELENGTH_UNIT>E-6m</WAVELENGTH_UNIT>
