<?xml version="1.0" ?>
<signaturelist MCID_LIST="[['1', 'waterbody', '#000000'], ['2', 'vegetation', '#000000'], ['3', 'bareland', '#000000'], ['4', 'built-up', '#000000']]">
	<signature ID="20210521_125839386067_813">
		<MACROCLASSID>1</MACROCLASSID>
		<MACROCLASSINFO>waterbody</MACROCLASSINFO>
		<CLASSID>1</CLASSID>
		<CLASSINFO>C 1</CLASSINFO>
		<VALUES>[0.08756672543306844, 0.002253225011222947, 0.0804525780219792, 0.00429903049625133, 0.056242017214058124, 0.002937806323767023, 0.038521312708056185, 0.004145297660288684, 0.006069533973844417, 0.0038675406623015956, 0.004290307073393513, 0.003775000228414913]</VALUES>
		<LCS_MIN>[0.079020656645298, 0.060929883271455765, 0.043458491563797, 0.028703318908810616, 0.0, 0.0]</LCS_MIN>
		<LCS_MAX>[0.10188589245080948, 0.09565034508705139, 0.08370010554790497, 0.0790095254778862, 0.04100264236330986, 0.03683684393763542]</LCS_MAX>
		<WAVELENGTH>[0.485, 0.56, 0.66, 0.83, 1.65, 2.215]</WAVELENGTH>
		<MEAN_VALUE>[0.08756672543306844, 0.0804525780219792, 0.056242017214058124, 0.038521312708056185, 0.006069533973844417, 0.004290307073393513]</MEAN_VALUE>
		<CHECKBOX>2</CHECKBOX>
		<SD>[0.002253225011222947, 0.00429903049625133, 0.002937806323767023, 0.004145297660288684, 0.0038675406623015956, 0.003775000228414913]</SD>
		<WAVELENGTH_UNIT>E-6m</WAVELENGTH_UNIT>
		<COLOR>#eb1cee</COLOR>
		<COVARIANCE_MATRIX>[[4.989262379240245e-06, 1.5079358490766026e-06, 1.6132921700773295e-06, 6.768838716197934e-07, 5.365578203964105e-07, 4.782496034749784e-07], [1.5079358490766026e-06, 1.4087403542362154e-05, 3.6012525015394203e-06, 1.0443503697388223e-06, -1.7039552346886921e-07, 1.8091303388700908e-07], [1.6132921700773295e-06, 3.6012525015394203e-06, 7.9001511039678e-06, 1.9730546227947343e-06, 8.633816719338938e-07, 8.707431788934628e-07], [6.768838716197934e-07, 1.0443503697388223e-06, 1.9730546227947343e-06, 1.2693468306679279e-05, 4.563156380754663e-06, 3.589795824154862e-06], [5.365578203964105e-07, -1.7039552346886921e-07, 8.633816719338938e-07, 4.563156380754663e-06, 1.1589379937504418e-05, 4.644438831746811e-06], [4.782496034749784e-07, 1.8091303388700908e-07, 8.707431788934628e-07, 3.589795824154862e-06, 4.644438831746811e-06, 1.2176520613138564e-05]]</COVARIANCE_MATRIX>
		<ROI_SIZE>8917</ROI_SIZE>
		<MAX_VALUE>[0.10188589245080948, 0.09565034508705139, 0.08370010554790497, 0.0790095254778862, 0.04100264236330986, 0.03683684393763542]</MAX_VALUE>
		<MIN_VALUE>[0.079020656645298, 0.060929883271455765, 0.043458491563797, 0.028703318908810616, 0.0, 0.0]</MIN_VALUE>
		<SIGNATURE_THRESHOLD_MD>0.0</SIGNATURE_THRESHOLD_MD>
		<SIGNATURE_THRESHOLD_ML>0.0</SIGNATURE_THRESHOLD_ML>
		<SIGNATURE_THRESHOLD_SAM>0.0</SIGNATURE_THRESHOLD_SAM>
	</signature>
	<signature ID="20210521_125844744997_792">
		<MACROCLASSID>1</MACROCLASSID>
		<MACROCLASSINFO>waterbody</MACROCLASSINFO>
		<CLASSID>2</CLASSID>
		<CLASSINFO>C 1</CLASSINFO>
		<VALUES>[0.07848136733064512, 0.0027706463320960875, 0.05428030254594579, 0.003976368471983299, 0.03818555337835463, 0.0038312890061215736, 0.026722773310596935, 0.006897453829120458, 0.007779004775383316, 0.0061690922267139126, 0.005483255077294153, 0.005102104595126254]</VALUES>
		<LCS_MIN>[0.07070603221654892, 0.0479096993803978, 0.028825178742408752, 0.010410159826278687, 0.0, 0.0]</LCS_MIN>
		<LCS_MAX>[0.09149260818958282, 0.08263016492128372, 0.06906679272651672, 0.06528964638710022, 0.04983583837747574, 0.04529368504881859]</LCS_MAX>
		<WAVELENGTH>[0.485, 0.56, 0.66, 0.83, 1.65, 2.215]</WAVELENGTH>
		<MEAN_VALUE>[0.07848136733064512, 0.05428030254594579, 0.03818555337835463, 0.026722773310596935, 0.007779004775383316, 0.005483255077294153]</MEAN_VALUE>
		<CHECKBOX>2</CHECKBOX>
		<SD>[0.0027706463320960875, 0.003976368471983299, 0.0038312890061215736, 0.006897453829120458, 0.0061690922267139126, 0.005102104595126254]</SD>
		<WAVELENGTH_UNIT>E-6m</WAVELENGTH_UNIT>
		<COLOR>#a07cf1</COLOR>
		<COVARIANCE_MATRIX>[[7.424774594255723e-06, 6.0072547967138235e-06, 5.30309716850752e-06, 8.02348858996993e-06, 5.423800303105963e-06, 3.7514632822421845e-06], [6.0072547967138235e-06, 1.8750391973298974e-05, 1.1712145351339132e-05, 1.5630756024620496e-05, 1.0174377166549675e-05, 7.12980863681878e-06], [5.30309716850752e-06, 1.1712145351339132e-05, 1.470626284572063e-05, 1.6736481484258547e-05, 1.1587658264033962e-05, 8.55394682730548e-06], [8.02348858996993e-06, 1.5630756024620496e-05, 1.6736481484258547e-05, 4.14099486079067e-05, 2.6743444323074073e-05, 1.8418673789710738e-05], [5.423800303105963e-06, 1.0174377166549675e-05, 1.1587658264033962e-05, 2.6743444323074073e-05, 3.237973578507081e-05, 1.8471224393579178e-05], [3.7514632822421845e-06, 7.12980863681878e-06, 8.55394682730548e-06, 1.8418673789710738e-05, 1.8471224393579178e-05, 2.3215885448735207e-05]]</COVARIANCE_MATRIX>
		<ROI_SIZE>5659</ROI_SIZE>
		<MAX_VALUE>[0.09149260818958282, 0.08263016492128372, 0.06906679272651672, 0.06528964638710022, 0.04983583837747574, 0.04529368504881859]</MAX_VALUE>
		<MIN_VALUE>[0.07070603221654892, 0.0479096993803978, 0.028825178742408752, 0.010410159826278687, 0.0, 0.0]</MIN_VALUE>
		<SIGNATURE_THRESHOLD_MD>0.0</SIGNATURE_THRESHOLD_MD>
		<SIGNATURE_THRESHOLD_ML>0.0</SIGNATURE_THRESHOLD_ML>
		<SIGNATURE_THRESHOLD_SAM>0.0</SIGNATURE_THRESHOLD_SAM>
	</signature>
	<signature ID="20210521_125849662322_506">
		<MACROCLASSID>1</MACROCLASSID>
		<MACROCLASSINFO>waterbody</MACROCLASSINFO>
		<CLASSID>3</CLASSID>
		<CLASSINFO>C 1</CLASSINFO>
		<VALUES>[0.09041478469271977, 0.0029808424722714425, 0.08771803819134993, 0.005312791429152152, 0.05898724574349733, 0.0045504296230753916, 0.02834246468380836, 0.007857421681072884, 0.010041588134148821, 0.007149966853474841, 0.00711389946722802, 0.006057496966075758]</VALUES>
		<LCS_MIN>[0.07278469204902649, 0.052249763160943985, 0.036141835153102875, 0.014983450062572956, 0.0, 0.0]</LCS_MIN>
		<LCS_MAX>[0.10604321956634521, 0.11301058530807495, 0.09101677685976028, 0.06071634590625763, 0.04100264236330986, 0.03260841593146324]</LCS_MAX>
		<WAVELENGTH>[0.485, 0.56, 0.66, 0.83, 1.65, 2.215]</WAVELENGTH>
		<MEAN_VALUE>[0.09041478469271977, 0.08771803819134993, 0.05898724574349733, 0.02834246468380836, 0.010041588134148821, 0.00711389946722802]</MEAN_VALUE>
		<CHECKBOX>2</CHECKBOX>
		<SD>[0.0029808424722714425, 0.005312791429152152, 0.0045504296230753916, 0.007857421681072884, 0.007149966853474841, 0.006057496966075758]</SD>
		<WAVELENGTH_UNIT>E-6m</WAVELENGTH_UNIT>
		<COLOR>#9ae8b8</COLOR>
		<COVARIANCE_MATRIX>[[8.89975308382418e-06, 1.0192564332101028e-05, 7.957833076943643e-06, -1.1868696674355306e-06, -5.924968036197242e-07, -1.1604244036789169e-06], [1.0192564332101028e-05, 2.8271279006730765e-05, 1.738339960866142e-05, -7.2208781602967065e-06, -4.777572030434385e-06, -4.223587438900722e-06], [7.957833076943643e-06, 1.738339960866142e-05, 2.0739807951031253e-05, 8.554019586881623e-06, 6.72903024678817e-06, 4.2274873521819245e-06], [-1.1868696674355306e-06, -7.2208781602967065e-06, 8.554019586881623e-06, 6.18386548012495e-05, 4.076623008586466e-05, 2.9909984732512385e-05], [-5.924968036197242e-07, -4.777572030434385e-06, 6.72903024678817e-06, 4.076623008586466e-05, 5.1204482588218525e-05, 3.205254324711859e-05], [-1.1604244036789169e-06, -4.223587438900722e-06, 4.2274873521819245e-06, 2.9909984732512385e-05, 3.205254324711859e-05, 3.675245170597918e-05]]</COVARIANCE_MATRIX>
		<ROI_SIZE>621</ROI_SIZE>
		<MAX_VALUE>[0.10604321956634521, 0.11301058530807495, 0.09101677685976028, 0.06071634590625763, 0.04100264236330986, 0.03260841593146324]</MAX_VALUE>
		<MIN_VALUE>[0.07278469204902649, 0.052249763160943985, 0.036141835153102875, 0.014983450062572956, 0.0, 0.0]</MIN_VALUE>
		<SIGNATURE_THRESHOLD_MD>0.0</SIGNATURE_THRESHOLD_MD>
		<SIGNATURE_THRESHOLD_ML>0.0</SIGNATURE_THRESHOLD_ML>
		<SIGNATURE_THRESHOLD_SAM>0.0</SIGNATURE_THRESHOLD_SAM>
	</signature>
	<signature ID="20210521_125857345234_401">
		<MACROCLASSID>1</MACROCLASSID>
		<MACROCLASSINFO>waterbody</MACROCLASSINFO>
		<CLASSID>4</CLASSID>
		<CLASSINFO>C 1</CLASSINFO>
		<VALUES>[0.0878649018950789, 0.002308250928709716, 0.08752885577899035, 0.003238219373797004, 0.06762881896553866, 0.005459795672665609, 0.03835175578196587, 0.004707913194874763, 0.004718637788128835, 0.0026158060647725975, 0.003394519893925883, 0.0029699216246851547]</VALUES>
		<LCS_MIN>[0.079020656645298, 0.07829011231660843, 0.05809180811047554, 0.028703318908810616, 0.0, 0.0]</LCS_MIN>
		<LCS_MAX>[0.09772858768701553, 0.10433047264814377, 0.09833341836929321, 0.06528964638710022, 0.017447438091039658, 0.01569472625851631]</LCS_MAX>
		<WAVELENGTH>[0.485, 0.56, 0.66, 0.83, 1.65, 2.215]</WAVELENGTH>
		<MEAN_VALUE>[0.0878649018950789, 0.08752885577899035, 0.06762881896553866, 0.03835175578196587, 0.004718637788128835, 0.003394519893925883]</MEAN_VALUE>
		<CHECKBOX>2</CHECKBOX>
		<SD>[0.002308250928709716, 0.003238219373797004, 0.005459795672665609, 0.004707913194874763, 0.0026158060647725975, 0.0029699216246851547]</SD>
		<WAVELENGTH_UNIT>E-6m</WAVELENGTH_UNIT>
		<COLOR>#acd692</COLOR>
		<COVARIANCE_MATRIX>[[5.154832251719199e-06, 1.945642907230649e-06, 3.7834688555449247e-06, 2.8983806714677485e-06, 2.150549107682309e-07, 1.265973423869582e-07], [1.945642907230649e-06, 8.92788557393942e-06, 9.23193965718383e-06, 6.9863108365098014e-06, 4.118207073133817e-07, 5.461677687890187e-07], [3.7834688555449247e-06, 9.23193965718383e-06, 2.3429081920767203e-05, 1.4626357369706966e-05, 6.575402835551358e-07, 7.788548828102648e-07], [2.8983806714677485e-06, 6.9863108365098014e-06, 1.4626357369706966e-05, 1.6263657016679645e-05, 6.491418957921269e-07, 5.303573402670736e-07], [2.150549107682309e-07, 4.118207073133817e-07, 6.575402835551358e-07, 6.491418957921269e-07, 6.929526080057258e-06, 1.03750846847106e-06], [1.265973423869582e-07, 5.461677687890187e-07, 7.788548828102648e-07, 5.303573402670736e-07, 1.03750846847106e-06, 8.78896753420122e-06]]</COVARIANCE_MATRIX>
		<ROI_SIZE>10201</ROI_SIZE>
		<MAX_VALUE>[0.09772858768701553, 0.10433047264814377, 0.09833341836929321, 0.06528964638710022, 0.017447438091039658, 0.01569472625851631]</MAX_VALUE>
		<MIN_VALUE>[0.079020656645298, 0.07829011231660843, 0.05809180811047554, 0.028703318908810616, 0.0, 0.0]</MIN_VALUE>
		<SIGNATURE_THRESHOLD_MD>0.0</SIGNATURE_THRESHOLD_MD>
		<SIGNATURE_THRESHOLD_ML>0.0</SIGNATURE_THRESHOLD_ML>
		<SIGNATURE_THRESHOLD_SAM>0.0</SIGNATURE_THRESHOLD_SAM>
	</signature>
	<signature ID="20210521_125903063547_543">
		<MACROCLASSID>1</MACROCLASSID>
		<MACROCLASSINFO>waterbody</MACROCLASSINFO>
		<CLASSID>5</CLASSID>
		<CLASSINFO>C 1</CLASSINFO>
		<VALUES>[0.08531871971861756, 0.00206101556961639, 0.08360202763069767, 0.0022981254885447717, 0.0580024640386303, 0.0021772094537781455, 0.03356791418967858, 0.0026647296755174833, 0.004063070649719151, 0.00254943904111195, 0.002933769657125957, 0.0028609401845449112]</VALUES>
		<LCS_MIN>[0.07694200426340103, 0.07395006716251373, 0.04711681976914406, 0.02413002960383892, 0.0, 0.0]</LCS_MIN>
		<LCS_MAX>[0.0935712605714798, 0.0913102850317955, 0.06540846824645996, 0.037849899381399155, 0.014503037557005882, 0.01569472625851631]</LCS_MAX>
		<WAVELENGTH>[0.485, 0.56, 0.66, 0.83, 1.65, 2.215]</WAVELENGTH>
		<MEAN_VALUE>[0.08531871971861756, 0.08360202763069767, 0.0580024640386303, 0.03356791418967858, 0.004063070649719151, 0.002933769657125957]</MEAN_VALUE>
		<CHECKBOX>2</CHECKBOX>
		<SD>[0.00206101556961639, 0.0022981254885447717, 0.0021772094537781455, 0.0026647296755174833, 0.00254943904111195, 0.0028609401845449112]</SD>
		<WAVELENGTH_UNIT>E-6m</WAVELENGTH_UNIT>
		<COLOR>#80af02</COLOR>
		<COVARIANCE_MATRIX>[[4.1263488128606696e-06, 1.38350429779166e-07, 2.072139722031352e-07, 4.079505231402436e-07, -2.1375061010076024e-07, -1.9711406196165626e-07], [1.38350429779166e-07, 5.291112756822258e-06, 3.638948271600384e-07, 2.8633419901780144e-07, -1.3317662705958355e-07, 2.7547557124307787e-08], [2.072139722031352e-07, 3.638948271600384e-07, 4.710818302555708e-06, 9.147979653789662e-07, -3.0405738016270334e-07, -1.5169149492066936e-07], [4.079505231402436e-07, 2.8633419901780144e-07, 9.147979653789662e-07, 6.13264319326845e-06, -1.168050758337813e-07, -1.9436440013009815e-08], [-2.1375061010076024e-07, -1.3317662705958355e-07, -3.0405738016270334e-07, -1.168050758337813e-07, 6.466946160799125e-06, 6.436300736822886e-07], [-1.9711406196165626e-07, 2.7547557124307787e-08, -1.5169149492066936e-07, -1.9436440013009815e-08, 6.436300736822886e-07, 7.964851647557225e-06]]</COVARIANCE_MATRIX>
		<ROI_SIZE>10201</ROI_SIZE>
		<MAX_VALUE>[0.0935712605714798, 0.0913102850317955, 0.06540846824645996, 0.037849899381399155, 0.014503037557005882, 0.01569472625851631]</MAX_VALUE>
		<MIN_VALUE>[0.07694200426340103, 0.07395006716251373, 0.04711681976914406, 0.02413002960383892, 0.0, 0.0]</MIN_VALUE>
		<SIGNATURE_THRESHOLD_MD>0.0</SIGNATURE_THRESHOLD_MD>
		<SIGNATURE_THRESHOLD_ML>0.0</SIGNATURE_THRESHOLD_ML>
		<SIGNATURE_THRESHOLD_SAM>0.0</SIGNATURE_THRESHOLD_SAM>
	</signature>
	<signature ID="20210521_125911726082_714">
		<MACROCLASSID>1</MACROCLASSID>
		<MACROCLASSINFO>waterbody</MACROCLASSINFO>
		<CLASSID>6</CLASSID>
		<CLASSINFO>C 1</CLASSINFO>
		<VALUES>[0.09418598955451717, 0.00291336522804185, 0.09877307381390073, 0.0062315327905194794, 0.07759917626248267, 0.005578849304896075, 0.03503342446155573, 0.007806014995356833, 0.011463229286075545, 0.008193168726720447, 0.0076607401857561415, 0.006567844983435073]</VALUES>
		<LCS_MIN>[0.08317798376083374, 0.07829011231660843, 0.05809180811047554, 0.014983450062572956, 0.0, 0.0]</LCS_MIN>
		<LCS_MAX>[0.10188589245080948, 0.10867052525281906, 0.09467509388923645, 0.06528964638710022, 0.043947044759988785, 0.041065264493227005]</LCS_MAX>
		<WAVELENGTH>[0.485, 0.56, 0.66, 0.83, 1.65, 2.215]</WAVELENGTH>
		<MEAN_VALUE>[0.09418598955451717, 0.09877307381390073, 0.07759917626248267, 0.03503342446155573, 0.011463229286075545, 0.0076607401857561415]</MEAN_VALUE>
		<CHECKBOX>2</CHECKBOX>
		<SD>[0.00291336522804185, 0.0062315327905194794, 0.005578849304896075, 0.007806014995356833, 0.008193168726720447, 0.006567844983435073]</SD>
		<WAVELENGTH_UNIT>E-6m</WAVELENGTH_UNIT>
		<COLOR>#8e31c9</COLOR>
		<COVARIANCE_MATRIX>[[8.513653483532835e-06, 1.2558570233522914e-05, 1.0761642442957964e-05, -1.722823526506545e-06, -3.6588567127182614e-06, -2.183197238991852e-06], [1.2558570233522914e-05, 3.895075496984646e-05, 2.551900797698181e-05, -1.3332904018170666e-05, -1.5041817277960945e-05, -1.0499583368073218e-05], [1.0761642442957964e-05, 2.551900797698181e-05, 3.1218740332406014e-05, 4.048503342346521e-06, 9.850521109910915e-07, 2.6691645871324e-06], [-1.722823526506545e-06, -1.3332904018170666e-05, 4.048503342346521e-06, 6.11202121945098e-05, 4.6938508603489026e-05, 3.394110899535008e-05], [-3.6588567127182614e-06, -1.5041817277960945e-05, 9.850521109910915e-07, 4.6938508603489026e-05, 6.733329792041332e-05, 4.221681956551038e-05], [-2.183197238991852e-06, -1.0499583368073218e-05, 2.6691645871324e-06, 3.394110899535008e-05, 4.221681956551038e-05, 4.3268504668958485e-05]]</COVARIANCE_MATRIX>
		<ROI_SIZE>328</ROI_SIZE>
		<MAX_VALUE>[0.10188589245080948, 0.10867052525281906, 0.09467509388923645, 0.06528964638710022, 0.043947044759988785, 0.041065264493227005]</MAX_VALUE>
		<MIN_VALUE>[0.08317798376083374, 0.07829011231660843, 0.05809180811047554, 0.014983450062572956, 0.0, 0.0]</MIN_VALUE>
		<SIGNATURE_THRESHOLD_MD>0.0</SIGNATURE_THRESHOLD_MD>
		<SIGNATURE_THRESHOLD_ML>0.0</SIGNATURE_THRESHOLD_ML>
		<SIGNATURE_THRESHOLD_SAM>0.0</SIGNATURE_THRESHOLD_SAM>
	</signature>
	<signature ID="20210521_125917050193_322">
		<MACROCLASSID>1</MACROCLASSID>
		<MACROCLASSINFO>waterbody</MACROCLASSINFO>
		<CLASSID>7</CLASSID>
		<CLASSINFO>C 1</CLASSINFO>
		<VALUES>[0.08666192250362892, 0.0024297019868404937, 0.08008620644953744, 0.003617303949711869, 0.045721171855527605, 0.0036722941237353267, 0.023661647261437924, 0.0035455730049711925, 0.004591968458212557, 0.002990902405664747, 0.0032137765190747916, 0.0030441463069232903]</VALUES>
		<LCS_MIN>[0.07694200426340103, 0.06526994705200195, 0.036141835153102875, 0.014983450062572956, 0.0, 0.0]</LCS_MIN>
		<LCS_MAX>[0.09772858768701553, 0.09565034508705139, 0.07272512465715408, 0.06071634590625763, 0.04100264236330986, 0.02837999165058136]</LCS_MAX>
		<WAVELENGTH>[0.485, 0.56, 0.66, 0.83, 1.65, 2.215]</WAVELENGTH>
		<MEAN_VALUE>[0.08666192250362892, 0.08008620644953744, 0.045721171855527605, 0.023661647261437924, 0.004591968458212557, 0.0032137765190747916]</MEAN_VALUE>
		<CHECKBOX>2</CHECKBOX>
		<SD>[0.0024297019868404937, 0.003617303949711869, 0.0036722941237353267, 0.0035455730049711925, 0.002990902405664747, 0.0030441463069232903]</SD>
		<WAVELENGTH_UNIT>E-6m</WAVELENGTH_UNIT>
		<COLOR>#5cd55c</COLOR>
		<COVARIANCE_MATRIX>[[6.015915914758807e-06, 3.992170150013408e-06, 3.367055342096137e-06, 1.1812972644520414e-07, -2.6664076813176507e-07, -1.9995239597392356e-07], [3.992170150013408e-06, 1.3137788300809916e-05, 7.205999736470403e-06, 1.082724907064403e-06, -3.452448993357393e-07, -1.2214735534143983e-07], [3.367055342096137e-06, 7.205999736470403e-06, 1.4458491023106035e-05, 5.767455149907619e-06, 1.72481520621659e-06, 1.177761760118301e-06], [1.1812972644520414e-07, 1.082724907064403e-06, 5.767455149907619e-06, 1.2454667739802971e-05, 3.830897185252979e-06, 2.2747694856661838e-06], [-2.6664076813176507e-07, -3.452448993357393e-07, 1.72481520621659e-06, 3.830897185252979e-06, 8.828268619254231e-06, 2.09940708373324e-06], [-1.9995239597392356e-07, -1.2214735534143983e-07, 1.177761760118301e-06, 2.2747694856661838e-06, 2.09940708373324e-06, 9.132199920713902e-06]]</COVARIANCE_MATRIX>
		<ROI_SIZE>9755</ROI_SIZE>
		<MAX_VALUE>[0.09772858768701553, 0.09565034508705139, 0.07272512465715408, 0.06071634590625763, 0.04100264236330986, 0.02837999165058136]</MAX_VALUE>
		<MIN_VALUE>[0.07694200426340103, 0.06526994705200195, 0.036141835153102875, 0.014983450062572956, 0.0, 0.0]</MIN_VALUE>
		<SIGNATURE_THRESHOLD_MD>0.0</SIGNATURE_THRESHOLD_MD>
		<SIGNATURE_THRESHOLD_ML>0.0</SIGNATURE_THRESHOLD_ML>
		<SIGNATURE_THRESHOLD_SAM>0.0</SIGNATURE_THRESHOLD_SAM>
	</signature>
	<signature ID="20210521_125923715118_337">
		<MACROCLASSID>1</MACROCLASSID>
		<MACROCLASSINFO>waterbody</MACROCLASSINFO>
		<CLASSID>8</CLASSID>
		<CLASSINFO>C 1</CLASSINFO>
		<VALUES>[0.09017828991286392, 0.002151730691008083, 0.09731223371073533, 0.003015191456923304, 0.06037192153924185, 0.002295114120091999, 0.03276447763598958, 0.0025751333523893593, 0.004348256338623391, 0.002850047235438699, 0.003120006127623889, 0.0029764340278981374]</VALUES>
		<LCS_MIN>[0.08317798376083374, 0.06961000710725784, 0.05077514797449112, 0.02413002960383892, 0.0, 0.0]</LCS_MIN>
		<LCS_MAX>[0.0998072400689125, 0.10433047264814377, 0.06906679272651672, 0.06986293196678162, 0.03805823624134064, 0.024151571094989777]</LCS_MAX>
		<WAVELENGTH>[0.485, 0.56, 0.66, 0.83, 1.65, 2.215]</WAVELENGTH>
		<MEAN_VALUE>[0.09017828991286392, 0.09731223371073533, 0.06037192153924185, 0.03276447763598958, 0.004348256338623391, 0.003120006127623889]</MEAN_VALUE>
		<CHECKBOX>2</CHECKBOX>
		<SD>[0.002151730691008083, 0.003015191456923304, 0.002295114120091999, 0.0025751333523893593, 0.002850047235438699, 0.0029764340278981374]</SD>
		<WAVELENGTH_UNIT>E-6m</WAVELENGTH_UNIT>
		<COLOR>#7a0352</COLOR>
		<COVARIANCE_MATRIX>[[4.685537533077877e-06, 6.76852152992069e-07, 5.28567227320309e-07, 1.138045888637862e-07, -1.8925274503089895e-07, -8.495619852055825e-08], [6.76852152992069e-07, 9.120160939346533e-06, 1.4286237046690076e-06, 5.98027014575564e-08, -4.994606115360511e-07, -3.724160251294961e-07], [5.28567227320309e-07, 1.4286237046690076e-06, 5.17099715580116e-06, 6.467942057497567e-07, -1.1423909995755821e-07, -1.4668818382190807e-09], [1.138045888637862e-07, 5.98027014575564e-08, 6.467942057497567e-07, 5.700651854567695e-06, 1.0966832633130252e-06, 7.198465823421429e-07], [-1.8925274503089895e-07, -4.994606115360511e-07, -1.1423909995755821e-07, 1.0966832633130252e-06, 7.605851351399906e-06, 1.4210805829861783e-06], [-8.495619852055825e-08, -3.724160251294961e-07, -1.4668818382190807e-09, 7.198465823421429e-07, 1.4210805829861783e-06, 8.605422408436425e-06]]</COVARIANCE_MATRIX>
		<ROI_SIZE>10124</ROI_SIZE>
		<MAX_VALUE>[0.0998072400689125, 0.10433047264814377, 0.06906679272651672, 0.06986293196678162, 0.03805823624134064, 0.024151571094989777]</MAX_VALUE>
		<MIN_VALUE>[0.08317798376083374, 0.06961000710725784, 0.05077514797449112, 0.02413002960383892, 0.0, 0.0]</MIN_VALUE>
		<SIGNATURE_THRESHOLD_MD>0.0</SIGNATURE_THRESHOLD_MD>
		<SIGNATURE_THRESHOLD_ML>0.0</SIGNATURE_THRESHOLD_ML>
		<SIGNATURE_THRESHOLD_SAM>0.0</SIGNATURE_THRESHOLD_SAM>
	</signature>
	<signature ID="20210521_125931054966_563">
		<MACROCLASSID>1</MACROCLASSID>
		<MACROCLASSINFO>waterbody</MACROCLASSINFO>
		<CLASSID>9</CLASSID>
		<CLASSINFO>C 1</CLASSINFO>
		<VALUES>[0.08494562935510672, 0.00240297589114034, 0.07310193168525475, 0.0030944813877386563, 0.04953522730533404, 0.004629133290941003, 0.027258020922370965, 0.007861653374916058, 0.008543350280596688, 0.006335333309047073, 0.005186556920921074, 0.00513598710277779]</VALUES>
		<LCS_MIN>[0.06862737238407135, 0.04356963932514191, 0.032483506947755814, 0.014983450062572956, 0.0, 0.0]</LCS_MIN>
		<LCS_MAX>[0.0935712605714798, 0.0869702398777008, 0.07638345658779144, 0.06071634590625763, 0.03805823624134064, 0.03260841593146324]</LCS_MAX>
		<WAVELENGTH>[0.485, 0.56, 0.66, 0.83, 1.65, 2.215]</WAVELENGTH>
		<MEAN_VALUE>[0.08494562935510672, 0.07310193168525475, 0.04953522730533404, 0.027258020922370965, 0.008543350280596688, 0.005186556920921074]</MEAN_VALUE>
		<CHECKBOX>2</CHECKBOX>
		<SD>[0.00240297589114034, 0.0030944813877386563, 0.004629133290941003, 0.007861653374916058, 0.006335333309047073, 0.00513598710277779]</SD>
		<WAVELENGTH_UNIT>E-6m</WAVELENGTH_UNIT>
		<COLOR>#a58cdb</COLOR>
		<COVARIANCE_MATRIX>[[5.783122105640359e-06, 2.3705383682681713e-06, 1.0788585314003285e-06, -2.2525980512000388e-06, -3.189008339177235e-06, -1.902501139738888e-06], [2.3705383682681713e-06, 9.590457011654507e-06, 6.947366841814073e-07, -6.0835477597720455e-06, -4.537678250926547e-06, -2.524357341826544e-06], [1.0788585314003285e-06, 6.947366841814073e-07, 2.1461641154019162e-05, 2.1049896531621926e-05, 1.2179233635833953e-05, 8.286087904707529e-06], [-2.2525980512000388e-06, -6.0835477597720455e-06, 2.1049896531621926e-05, 6.190010026330128e-05, 3.492541509331204e-05, 2.260429937450681e-05], [-3.189008339177235e-06, -4.537678250926547e-06, 1.2179233635833953e-05, 3.492541509331204e-05, 4.0197817725129426e-05, 2.366978515055962e-05], [-1.902501139738888e-06, -2.524357341826544e-06, 8.286087904707529e-06, 2.260429937450681e-05, 2.366978515055962e-05, 2.6418696506880224e-05]]</COVARIANCE_MATRIX>
		<ROI_SIZE>655</ROI_SIZE>
		<MAX_VALUE>[0.0935712605714798, 0.0869702398777008, 0.07638345658779144, 0.06071634590625763, 0.03805823624134064, 0.03260841593146324]</MAX_VALUE>
		<MIN_VALUE>[0.06862737238407135, 0.04356963932514191, 0.032483506947755814, 0.014983450062572956, 0.0, 0.0]</MIN_VALUE>
		<SIGNATURE_THRESHOLD_MD>0.0</SIGNATURE_THRESHOLD_MD>
		<SIGNATURE_THRESHOLD_ML>0.0</SIGNATURE_THRESHOLD_ML>
		<SIGNATURE_THRESHOLD_SAM>0.0</SIGNATURE_THRESHOLD_SAM>
	</signature>
	<signature ID="20210521_125938514537_271">
		<MACROCLASSID>1</MACROCLASSID>
		<MACROCLASSINFO>waterbody</MACROCLASSINFO>
		<CLASSID>10</CLASSID>
		<CLASSINFO>C 1</CLASSINFO>
		<VALUES>[0.09530347943966729, 0.0026398932110930527, 0.08007192470999108, 0.003296331239116934, 0.05111077636913237, 0.004616604632904767, 0.03725901022211664, 0.006255419467354984, 0.011071325895669868, 0.006212524426797974, 0.007099536628482303, 0.005500130051659519]</VALUES>
		<LCS_MIN>[0.08525663614273071, 0.06961000710725784, 0.039800163358449936, 0.02413002960383892, 0.0, 0.0]</LCS_MIN>
		<LCS_MAX>[0.10604321956634521, 0.09565034508705139, 0.07638345658779144, 0.06986293196678162, 0.043947044759988785, 0.03683684393763542]</LCS_MAX>
		<WAVELENGTH>[0.485, 0.56, 0.66, 0.83, 1.65, 2.215]</WAVELENGTH>
		<MEAN_VALUE>[0.09530347943966729, 0.08007192470999108, 0.05111077636913237, 0.03725901022211664, 0.011071325895669868, 0.007099536628482303]</MEAN_VALUE>
		<CHECKBOX>2</CHECKBOX>
		<SD>[0.0026398932110930527, 0.003296331239116934, 0.004616604632904767, 0.006255419467354984, 0.006212524426797974, 0.005500130051659519]</SD>
		<WAVELENGTH_UNIT>E-6m</WAVELENGTH_UNIT>
		<COLOR>#cdc38b</COLOR>
		<COVARIANCE_MATRIX>[[6.974368261580821e-06, 2.4055002540990245e-06, 3.0196586067177122e-06, 2.2753572466172045e-06, 2.039232185779838e-06, 1.2079593716407544e-06], [2.4055002540990245e-06, 1.087411328626331e-05, 7.710710633546114e-06, 6.869973276479868e-06, 5.592829438683111e-06, 4.079249720234657e-06], [3.0196586067177122e-06, 7.710710633546114e-06, 2.1329346054699272e-05, 1.8938793800771236e-05, 1.6651776604703628e-05, 1.2852138752350584e-05], [2.2753572466172045e-06, 6.869973276479868e-06, 1.8938793800771236e-05, 3.916021159966476e-05, 2.833760663634166e-05, 2.225404568889644e-05], [2.039232185779838e-06, 5.592829438683111e-06, 1.6651776604703628e-05, 2.833760663634166e-05, 3.862498851958662e-05, 2.4785271307337098e-05], [1.2079593716407544e-06, 4.079249720234657e-06, 1.2852138752350584e-05, 2.225404568889644e-05, 2.4785271307337098e-05, 3.0274575692601502e-05]]</COVARIANCE_MATRIX>
		<ROI_SIZE>1308</ROI_SIZE>
		<MAX_VALUE>[0.10604321956634521, 0.09565034508705139, 0.07638345658779144, 0.06986293196678162, 0.043947044759988785, 0.03683684393763542]</MAX_VALUE>
		<MIN_VALUE>[0.08525663614273071, 0.06961000710725784, 0.039800163358449936, 0.02413002960383892, 0.0, 0.0]</MIN_VALUE>
		<SIGNATURE_THRESHOLD_MD>0.0</SIGNATURE_THRESHOLD_MD>
		<SIGNATURE_THRESHOLD_ML>0.0</SIGNATURE_THRESHOLD_ML>
		<SIGNATURE_THRESHOLD_SAM>0.0</SIGNATURE_THRESHOLD_SAM>
	</signature>
	<signature ID="20210521_125944731323_663">
		<MACROCLASSID>1</MACROCLASSID>
		<MACROCLASSINFO>waterbody</MACROCLASSINFO>
		<CLASSID>11</CLASSID>
		<CLASSINFO>C 1</CLASSINFO>
		<VALUES>[0.08977105197870838, 0.004214865160403409, 0.08707038762095667, 0.009733136197041945, 0.061990899541693886, 0.01078465291015879, 0.02986032381160266, 0.00650772092767827, 0.01180051898675311, 0.007953125503457887, 0.007648115967296888, 0.006591233827919701]</VALUES>
		<LCS_MIN>[0.07694200426340103, 0.05658982694149017, 0.043458491563797, 0.014983450062572956, 0.0, 0.0]</LCS_MIN>
		<LCS_MAX>[0.10396455973386765, 0.11735064536333084, 0.09833341836929321, 0.06528964638710022, 0.04100264236330986, 0.041065264493227005]</LCS_MAX>
		<WAVELENGTH>[0.485, 0.56, 0.66, 0.83, 1.65, 2.215]</WAVELENGTH>
		<MEAN_VALUE>[0.08977105197870838, 0.08707038762095667, 0.061990899541693886, 0.02986032381160266, 0.01180051898675311, 0.007648115967296888]</MEAN_VALUE>
		<CHECKBOX>2</CHECKBOX>
		<SD>[0.004214865160403409, 0.009733136197041945, 0.01078465291015879, 0.00650772092767827, 0.007953125503457887, 0.006591233827919701]</SD>
		<WAVELENGTH_UNIT>E-6m</WAVELENGTH_UNIT>
		<COLOR>#455687</COLOR>
		<COVARIANCE_MATRIX>[[1.778028490662109e-05, 3.501605897326954e-05, 3.861254299408756e-05, 8.157602678693365e-06, -1.0453402410348644e-06, -9.30066619275749e-07], [3.501605897326954e-05, 9.481497545493767e-05, 9.737239452078938e-05, 1.8272183297085576e-05, -5.571368546952726e-06, -3.356200068083126e-06], [3.861254299408756e-05, 9.737239452078938e-05, 0.0001164082350442186, 3.097837543464266e-05, 6.321097316686064e-06, 5.865617367817322e-06], [8.157602678693365e-06, 1.8272183297085576e-05, 3.097837543464266e-05, 4.2386658606119454e-05, 3.325695433886722e-05, 2.461377516738139e-05], [-1.0453402410348644e-06, -5.571368546952726e-06, 6.321097316686064e-06, 3.325695433886722e-05, 6.330631003947929e-05, 3.953892883146182e-05], [-9.30066619275749e-07, -3.356200068083126e-06, 5.865617367817322e-06, 2.461377516738139e-05, 3.953892883146182e-05, 4.348152651800774e-05]]</COVARIANCE_MATRIX>
		<ROI_SIZE>1170</ROI_SIZE>
		<MAX_VALUE>[0.10396455973386765, 0.11735064536333084, 0.09833341836929321, 0.06528964638710022, 0.04100264236330986, 0.041065264493227005]</MAX_VALUE>
		<MIN_VALUE>[0.07694200426340103, 0.05658982694149017, 0.043458491563797, 0.014983450062572956, 0.0, 0.0]</MIN_VALUE>
		<SIGNATURE_THRESHOLD_MD>0.0</SIGNATURE_THRESHOLD_MD>
		<SIGNATURE_THRESHOLD_ML>0.0</SIGNATURE_THRESHOLD_ML>
		<SIGNATURE_THRESHOLD_SAM>0.0</SIGNATURE_THRESHOLD_SAM>
	</signature>
	<signature ID="20210521_125951137249_172">
		<MACROCLASSID>1</MACROCLASSID>
		<MACROCLASSINFO>waterbody</MACROCLASSINFO>
		<CLASSID>12</CLASSID>
		<CLASSINFO>C 1</CLASSINFO>
		<VALUES>[0.08357350404192282, 0.0030566472042800755, 0.07077244209605263, 0.004988672486983912, 0.04506634055967164, 0.004565753321097718, 0.02965392146717987, 0.010066547866387653, 0.012311300369954224, 0.009509832255747329, 0.008225440039013389, 0.007114805302144613]</VALUES>
		<LCS_MIN>[0.06862737238407135, 0.04356963932514191, 0.028825178742408752, 0.014983450062572956, 0.0, 0.0]</LCS_MIN>
		<LCS_MAX>[0.09149260818958282, 0.08263016492128372, 0.06540846824645996, 0.06528964638710022, 0.04689143970608711, 0.03683684393763542]</LCS_MAX>
		<WAVELENGTH>[0.485, 0.56, 0.66, 0.83, 1.65, 2.215]</WAVELENGTH>
		<MEAN_VALUE>[0.08357350404192282, 0.07077244209605263, 0.04506634055967164, 0.02965392146717987, 0.012311300369954224, 0.008225440039013389]</MEAN_VALUE>
		<CHECKBOX>2</CHECKBOX>
		<SD>[0.0030566472042800755, 0.004988672486983912, 0.004565753321097718, 0.010066547866387653, 0.009509832255747329, 0.007114805302144613]</SD>
		<WAVELENGTH_UNIT>E-6m</WAVELENGTH_UNIT>
		<COLOR>#f5fabf</COLOR>
		<COVARIANCE_MATRIX>[[9.35276420932496e-06, 9.23365860217018e-06, 5.377650268201251e-06, -6.999303423071979e-06, -6.307874627964338e-06, -3.305174914203235e-06], [9.23365860217018e-06, 2.4912615117500536e-05, 1.2198424883536063e-05, -1.575614260218572e-05, -1.3092222616251092e-05, -6.822249360993737e-06], [5.377650268201251e-06, 1.2198424883536063e-05, 2.0867682906100526e-05, 1.4663695765193552e-05, 1.500088364991825e-05, 1.1823261047538836e-05], [-6.999303423071979e-06, -1.575614260218572e-05, 1.4663695765193552e-05, 0.00010144028783543035, 8.016919309739023e-05, 5.35342151124496e-05], [-6.307874627964338e-06, -1.3092222616251092e-05, 1.500088364991825e-05, 8.016919309739023e-05, 9.053052781382576e-05, 5.6116030464181677e-05], [-3.305174914203235e-06, -6.822249360993737e-06, 1.1823261047538836e-05, 5.35342151124496e-05, 5.6116030464181677e-05, 5.06728574691806e-05]]</COVARIANCE_MATRIX>
		<ROI_SIZE>967</ROI_SIZE>
		<MAX_VALUE>[0.09149260818958282, 0.08263016492128372, 0.06540846824645996, 0.06528964638710022, 0.04689143970608711, 0.03683684393763542]</MAX_VALUE>
		<MIN_VALUE>[0.06862737238407135, 0.04356963932514191, 0.028825178742408752, 0.014983450062572956, 0.0, 0.0]</MIN_VALUE>
		<SIGNATURE_THRESHOLD_MD>0.0</SIGNATURE_THRESHOLD_MD>
		<SIGNATURE_THRESHOLD_ML>0.0</SIGNATURE_THRESHOLD_ML>
		<SIGNATURE_THRESHOLD_SAM>0.0</SIGNATURE_THRESHOLD_SAM>
	</signature>
	<signature ID="20210521_125956759650_317">
		<MACROCLASSID>1</MACROCLASSID>
		<MACROCLASSINFO>waterbody</MACROCLASSINFO>
		<CLASSID>13</CLASSID>
		<CLASSINFO>C 1</CLASSINFO>
		<VALUES>[0.08525413340215356, 0.003946213655951128, 0.07341212289750784, 0.007227000950572165, 0.0433000085111058, 0.006038967410860856, 0.026672581209611745, 0.00835740283875484, 0.010852894640418958, 0.007719370595078274, 0.006599948617095116, 0.005691775265424624]</VALUES>
		<LCS_MIN>[0.06862737238407135, 0.04356963932514191, 0.028825178742408752, 0.014983450062572956, 0.0, 0.0]</LCS_MIN>
		<LCS_MAX>[0.09564992040395737, 0.09565034508705139, 0.07638345658779144, 0.06071634590625763, 0.043947044759988785, 0.03683684393763542]</LCS_MAX>
		<WAVELENGTH>[0.485, 0.56, 0.66, 0.83, 1.65, 2.215]</WAVELENGTH>
		<MEAN_VALUE>[0.08525413340215356, 0.07341212289750784, 0.0433000085111058, 0.026672581209611745, 0.010852894640418958, 0.006599948617095116]</MEAN_VALUE>
		<CHECKBOX>2</CHECKBOX>
		<SD>[0.003946213655951128, 0.007227000950572165, 0.006038967410860856, 0.00835740283875484, 0.007719370595078274, 0.005691775265424624]</SD>
		<WAVELENGTH_UNIT>E-6m</WAVELENGTH_UNIT>
		<COLOR>#4e9e12</COLOR>
		<COVARIANCE_MATRIX>[[1.5591363990097307e-05, 2.2737145627615973e-05, 1.3495137864083517e-05, -8.492037522955798e-06, -7.097720299498178e-06, -2.3688223791396013e-06], [2.2737145627615973e-05, 5.22924710821826e-05, 3.033029497601092e-05, -1.4174506759445649e-05, -1.2333296581346076e-05, -3.1179281450022245e-06], [1.3495137864083517e-05, 3.033029497601092e-05, 3.6513065424514934e-05, 1.2900997717224527e-05, 1.081866412278032e-05, 1.0795735761348624e-05], [-8.492037522955798e-06, -1.4174506759445649e-05, 1.2900997717224527e-05, 6.993033457547426e-05, 4.990612796973437e-05, 3.054563421756029e-05], [-7.097720299498178e-06, -1.2333296581346076e-05, 1.081866412278032e-05, 4.990612796973437e-05, 5.966047683614306e-05, 3.304221172584221e-05], [-2.3688223791396013e-06, -3.1179281450022245e-06, 1.0795735761348624e-05, 3.054563421756029e-05, 3.304221172584221e-05, 3.2435338653158396e-05]]</COVARIANCE_MATRIX>
		<ROI_SIZE>831</ROI_SIZE>
		<MAX_VALUE>[0.09564992040395737, 0.09565034508705139, 0.07638345658779144, 0.06071634590625763, 0.043947044759988785, 0.03683684393763542]</MAX_VALUE>
		<MIN_VALUE>[0.06862737238407135, 0.04356963932514191, 0.028825178742408752, 0.014983450062572956, 0.0, 0.0]</MIN_VALUE>
		<SIGNATURE_THRESHOLD_MD>0.0</SIGNATURE_THRESHOLD_MD>
		<SIGNATURE_THRESHOLD_ML>0.0</SIGNATURE_THRESHOLD_ML>
		<SIGNATURE_THRESHOLD_SAM>0.0</SIGNATURE_THRESHOLD_SAM>
	</signature>
	<signature ID="20210521_130002299678_248">
		<MACROCLASSID>1</MACROCLASSID>
		<MACROCLASSINFO>waterbody</MACROCLASSINFO>
		<CLASSID>14</CLASSID>
		<CLASSINFO>C 1</CLASSINFO>
		<VALUES>[0.09197576346597972, 0.002836976154996929, 0.08053354023336251, 0.004661155218051926, 0.05473173204857893, 0.0034143477477570194, 0.030611171832199954, 0.006846821103138696, 0.00918060493274251, 0.007050306451734227, 0.005804873578063014, 0.005389222053211649]</VALUES>
		<LCS_MIN>[0.07694200426340103, 0.0479096993803978, 0.032483506947755814, 0.019556740298867226, 0.0, 0.0]</LCS_MIN>
		<LCS_MAX>[0.0998072400689125, 0.0869702398777008, 0.06540846824645996, 0.06071634590625763, 0.04689143970608711, 0.03683684393763542]</LCS_MAX>
		<WAVELENGTH>[0.485, 0.56, 0.66, 0.83, 1.65, 2.215]</WAVELENGTH>
		<MEAN_VALUE>[0.09197576346597972, 0.08053354023336251, 0.05473173204857893, 0.030611171832199954, 0.00918060493274251, 0.005804873578063014]</MEAN_VALUE>
		<CHECKBOX>2</CHECKBOX>
		<SD>[0.002836976154996929, 0.004661155218051926, 0.0034143477477570194, 0.006846821103138696, 0.007050306451734227, 0.005389222053211649]</SD>
		<WAVELENGTH_UNIT>E-6m</WAVELENGTH_UNIT>
		<COLOR>#6fb3d0</COLOR>
		<COVARIANCE_MATRIX>[[1.0921968168986496e-05, 1.0765274055302143e-05, 7.299120625248179e-06, -3.8180955925781745e-06, -6.7024575400864705e-06, -3.397212140043848e-06], [1.0765274055302143e-05, 2.8087582904845476e-05, 1.4594085769203957e-05, -1.1572865332709625e-05, -1.3107960512570571e-05, -6.510494131362066e-06], [7.299120625248179e-06, 1.4594085769203957e-05, 1.4848958016955294e-05, -1.6548232224522508e-06, -2.5394313070137287e-06, 1.3101960405492719e-07], [-3.8180955925781745e-06, -1.1572865332709625e-05, -1.6548232224522508e-06, 4.4666063331533223e-05, 3.337268208269961e-05, 2.1314783225534484e-05], [-6.7024575400864705e-06, -1.3107960512570571e-05, -2.5394313070137287e-06, 3.337268208269961e-05, 4.946975604980253e-05, 2.79327232419746e-05], [-3.397212140043848e-06, -6.510494131362066e-06, 1.3101960405492719e-07, 2.1314783225534484e-05, 2.79327232419746e-05, 3.0301196602522396e-05]]</COVARIANCE_MATRIX>
		<ROI_SIZE>2392</ROI_SIZE>
		<MAX_VALUE>[0.0998072400689125, 0.0869702398777008, 0.06540846824645996, 0.06071634590625763, 0.04689143970608711, 0.03683684393763542]</MAX_VALUE>
		<MIN_VALUE>[0.07694200426340103, 0.0479096993803978, 0.032483506947755814, 0.019556740298867226, 0.0, 0.0]</MIN_VALUE>
		<SIGNATURE_THRESHOLD_MD>0.0</SIGNATURE_THRESHOLD_MD>
		<SIGNATURE_THRESHOLD_ML>0.0</SIGNATURE_THRESHOLD_ML>
		<SIGNATURE_THRESHOLD_SAM>0.0</SIGNATURE_THRESHOLD_SAM>
	</signature>
	<signature ID="20210521_130010617624_687">
		<MACROCLASSID>1</MACROCLASSID>
		<MACROCLASSINFO>waterbody</MACROCLASSINFO>
		<CLASSID>15</CLASSID>
		<CLASSINFO>C 1</CLASSINFO>
		<VALUES>[0.08822702664680165, 0.0025073463456785445, 0.07987105649067992, 0.005839232727888461, 0.04486842246915621, 0.006428939065412379, 0.02277375039886903, 0.003919109256087655, 0.006241510985751339, 0.004143767843724458, 0.00422470171011917, 0.0040229677893242576]</VALUES>
		<LCS_MIN>[0.079020656645298, 0.06526994705200195, 0.032483506947755814, 0.010410159826278687, 0.0, 0.0]</LCS_MIN>
		<LCS_MAX>[0.09564992040395737, 0.10867052525281906, 0.07638345658779144, 0.06071634590625763, 0.03805823624134064, 0.041065264493227005]</LCS_MAX>
		<WAVELENGTH>[0.485, 0.56, 0.66, 0.83, 1.65, 2.215]</WAVELENGTH>
		<MEAN_VALUE>[0.08822702664680165, 0.07987105649067992, 0.04486842246915621, 0.02277375039886903, 0.006241510985751339, 0.00422470171011917]</MEAN_VALUE>
		<CHECKBOX>2</CHECKBOX>
		<SD>[0.0025073463456785445, 0.005839232727888461, 0.006428939065412379, 0.003919109256087655, 0.004143767843724458, 0.0040229677893242576]</SD>
		<WAVELENGTH_UNIT>E-6m</WAVELENGTH_UNIT>
		<COLOR>#8b85a1</COLOR>
		<COVARIANCE_MATRIX>[[6.172103894641623e-06, 6.212862899701577e-06, 4.949687081534648e-06, 6.807786689932982e-07, 3.5985706858809863e-07, 3.380426960575278e-08], [6.212862899701577e-06, 2.9435253964038566e-05, 2.431961002002936e-05, 5.479612354974961e-06, 3.82043253921438e-06, 3.0680305371788563e-06], [4.949687081534648e-06, 2.431961002002936e-05, 3.7449801311595365e-05, 1.2428018635546323e-05, 9.982473784475587e-06, 7.755336810078006e-06], [6.807786689932982e-07, 5.479612354974961e-06, 1.2428018635546323e-05, 1.4943164387659635e-05, 8.053788405959494e-06, 6.009755907143699e-06], [3.5985706858809863e-07, 3.82043253921438e-06, 9.982473784475587e-06, 8.053788405959494e-06, 1.691552643023897e-05, 8.343023182533216e-06], [3.380426960575278e-08, 3.0680305371788563e-06, 7.755336810078006e-06, 6.009755907143699e-06, 8.343023182533216e-06, 1.535822775622364e-05]]</COVARIANCE_MATRIX>
		<ROI_SIZE>6055</ROI_SIZE>
		<MAX_VALUE>[0.09564992040395737, 0.10867052525281906, 0.07638345658779144, 0.06071634590625763, 0.03805823624134064, 0.041065264493227005]</MAX_VALUE>
		<MIN_VALUE>[0.079020656645298, 0.06526994705200195, 0.032483506947755814, 0.010410159826278687, 0.0, 0.0]</MIN_VALUE>
		<SIGNATURE_THRESHOLD_MD>0.0</SIGNATURE_THRESHOLD_MD>
		<SIGNATURE_THRESHOLD_ML>0.0</SIGNATURE_THRESHOLD_ML>
		<SIGNATURE_THRESHOLD_SAM>0.0</SIGNATURE_THRESHOLD_SAM>
	</signature>
	<signature ID="20210521_130015217558_444">
		<MACROCLASSID>1</MACROCLASSID>
		<MACROCLASSINFO>waterbody</MACROCLASSINFO>
		<CLASSID>16</CLASSID>
		<CLASSINFO>C 1</CLASSINFO>
		<VALUES>[0.09597549497722142, 0.00246757376483924, 0.10982090315545898, 0.004046979267042354, 0.08030623790011346, 0.005104098885630229, 0.037684602460947375, 0.008139130989516805, 0.01879547618004123, 0.00900652349447971, 0.013453151525772481, 0.006273047685951608]</VALUES>
		<LCS_MIN>[0.09149260818958282, 0.0913102850317955, 0.06540846824645996, 0.02413002960383892, 0.002725436119362712, 0.0030094552785158157]</LCS_MIN>
		<LCS_MAX>[0.10188589245080948, 0.11301058530807495, 0.09101677685976028, 0.06528964638710022, 0.04689143970608711, 0.03260841593146324]</LCS_MAX>
		<WAVELENGTH>[0.485, 0.56, 0.66, 0.83, 1.65, 2.215]</WAVELENGTH>
		<MEAN_VALUE>[0.09597549497722142, 0.10982090315545898, 0.08030623790011346, 0.037684602460947375, 0.01879547618004123, 0.013453151525772481]</MEAN_VALUE>
		<CHECKBOX>2</CHECKBOX>
		<SD>[0.00246757376483924, 0.004046979267042354, 0.005104098885630229, 0.008139130989516805, 0.00900652349447971, 0.006273047685951608]</SD>
		<WAVELENGTH_UNIT>E-6m</WAVELENGTH_UNIT>
		<COLOR>#7e55cd</COLOR>
