<?xml version="1.0" ?>
<signaturelist MCID_LIST="[['1', 'waterbody', '#000000'], ['2', 'vegetation', '#000000'], ['3', 'bareland', '#000000'], ['4', 'built-up', '#000000']]">
	<signature ID="20210504_172020786192_731">
		<MACROCLASSID>1</MACROCLASSID>
		<MACROCLASSINFO>waterbody</MACROCLASSINFO>
		<CLASSID>1</CLASSID>
		<CLASSINFO>C 1</CLASSINFO>
		<VALUES>[0.13202297306698474, 0.0011156414774237092, 0.09401210087871363, 0.001300349459560387, 0.06706012602399172, 0.0012984096100424327, 0.055725379222879456, 0.00483759194346067, 0.01813303350981596, 0.0038134251843625804, 0.009579946711122493, 0.00244086137307583]</VALUES>
		<LCS_MIN>[0.12586410343647003, 0.08796560019254684, 0.06293205916881561, 0.049702394753694534, 0.014356991276144981, 0.0074934889562428]</LCS_MIN>
		<LCS_MAX>[0.14366942644119263, 0.1027536615729332, 0.08010738343000412, 0.08295890688896179, 0.04598880186676979, 0.031267084181308746]</LCS_MAX>
		<WAVELENGTH>[0.48, 0.56, 0.655, 0.865, 1.61, 2.2]</WAVELENGTH>
		<MEAN_VALUE>[0.13202297306698474, 0.09401210087871363, 0.06706012602399172, 0.055725379222879456, 0.01813303350981596, 0.009579946711122493]</MEAN_VALUE>
		<CHECKBOX>2</CHECKBOX>
		<SD>[0.0011156414774237092, 0.001300349459560387, 0.0012984096100424327, 0.00483759194346067, 0.0038134251843625804, 0.00244086137307583]</SD>
		<WAVELENGTH_UNIT>E-6m</WAVELENGTH_UNIT>
		<COLOR>#3cad4f</COLOR>
		<COVARIANCE_MATRIX>[[1.8149579252642789e-06, 1.772012287992212e-06, 1.6896619814914874e-06, 2.393545583173385e-07, 2.9096416523034344e-07, 2.9806243527912166e-07], [1.772012287992212e-06, 2.2790540083901992e-06, 2.1221615764748845e-06, 2.6823851489565215e-06, 1.9471302544950914e-06, 1.2778248802928224e-06], [1.6896619814914874e-06, 2.1221615764748845e-06, 2.2877752031240957e-06, 3.3559370853690278e-06, 2.644030797513756e-06, 1.7971099820319949e-06], [2.393545583173385e-07, 2.6823851489565215e-06, 3.3559370853690278e-06, 2.0276941756360623e-05, 1.416158662026038e-05, 8.45170780143549e-06], [2.9096416523034344e-07, 1.9471302544950914e-06, 2.644030797513756e-06, 1.416158662026038e-05, 1.1736848283942151e-05, 7.321442741960582e-06], [2.9806243527912166e-07, 1.2778248802928224e-06, 1.7971099820319949e-06, 8.45170780143549e-06, 7.321442741960582e-06, 4.855019359112239e-06]]</COVARIANCE_MATRIX>
		<ROI_SIZE>4575</ROI_SIZE>
		<MAX_VALUE>[0.14366942644119263, 0.1027536615729332, 0.08010738343000412, 0.08295890688896179, 0.04598880186676979, 0.031267084181308746]</MAX_VALUE>
		<MIN_VALUE>[0.12586410343647003, 0.08796560019254684, 0.06293205916881561, 0.049702394753694534, 0.014356991276144981, 0.0074934889562428]</MIN_VALUE>
		<SIGNATURE_THRESHOLD_MD>0</SIGNATURE_THRESHOLD_MD>
		<SIGNATURE_THRESHOLD_ML>0</SIGNATURE_THRESHOLD_ML>
		<SIGNATURE_THRESHOLD_SAM>0</SIGNATURE_THRESHOLD_SAM>
	</signature>
	<signature ID="20210504_172127911403_828">
		<MACROCLASSID>1</MACROCLASSID>
		<MACROCLASSINFO>waterbody</MACROCLASSINFO>
		<CLASSID>2</CLASSID>
		<CLASSINFO>C 1</CLASSINFO>
		<VALUES>[0.10871663786282272, 0.001705422032143423, 0.07808037423666278, 0.0026324519584006315, 0.0532050413130645, 0.0017258773623664515, 0.043336521478503476, 0.006384585305510353, 0.01740334620149139, 0.006101759203443212, 0.010317533091300077, 0.004318724233287345]</VALUES>
		<LCS_MIN>[0.10195787996053696, 0.06926503032445908, 0.047547176480293274, 0.029111875221133232, 0.008322404697537422, 0.004011990502476692]</LCS_MIN>
		<LCS_MAX>[0.11299917101860046, 0.08547883480787277, 0.06435779482126236, 0.07009397447109222, 0.043269939720630646, 0.03219548240303993]</LCS_MAX>
		<WAVELENGTH>[0.48, 0.56, 0.655, 0.865, 1.61, 2.2]</WAVELENGTH>
		<MEAN_VALUE>[0.10871663786282272, 0.07808037423666278, 0.0532050413130645, 0.043336521478503476, 0.01740334620149139, 0.010317533091300077]</MEAN_VALUE>
		<CHECKBOX>2</CHECKBOX>
		<SD>[0.001705422032143423, 0.0026324519584006315, 0.0017258773623664515, 0.006384585305510353, 0.006101759203443212, 0.004318724233287345]</SD>
		<WAVELENGTH_UNIT>E-6m</WAVELENGTH_UNIT>
		<COLOR>#5cee2b</COLOR>
		<COVARIANCE_MATRIX>[[2.8588017324789425e-06, 4.186441629424897e-06, 1.7121138609313044e-06, -2.3527853850172646e-06, -7.120098542384669e-07, 1.1898628768953505e-08], [4.186441629424897e-06, 6.662198018996224e-06, 2.863866186436776e-06, -2.394663918552152e-06, 1.4756466612145816e-07, 9.477040604602424e-07], [1.7121138609313044e-06, 2.863866186436776e-06, 2.7520303514558996e-06, 5.034637858511273e-06, 6.040787609633916e-06, 4.668103393299143e-06], [-2.3527853850172646e-06, -2.394663918552152e-06, 5.034637858511273e-06, 4.495901436424651e-05, 3.734076530843944e-05, 2.3135518146971677e-05], [-7.120098542384669e-07, 1.4756466612145816e-07, 6.040787609633916e-06, 3.734076530843944e-05, 3.8803459598741864e-05, 2.5533585674767274e-05], [1.1898628768953505e-08, 9.477040604602424e-07, 4.668103393299143e-06, 2.3135518146971677e-05, 2.5533585674767274e-05, 1.827223604357636e-05]]</COVARIANCE_MATRIX>
		<ROI_SIZE>1353</ROI_SIZE>
		<MAX_VALUE>[0.11299917101860046, 0.08547883480787277, 0.06435779482126236, 0.07009397447109222, 0.043269939720630646, 0.03219548240303993]</MAX_VALUE>
		<MIN_VALUE>[0.10195787996053696, 0.06926503032445908, 0.047547176480293274, 0.029111875221133232, 0.008322404697537422, 0.004011990502476692]</MIN_VALUE>
		<SIGNATURE_THRESHOLD_MD>0</SIGNATURE_THRESHOLD_MD>
		<SIGNATURE_THRESHOLD_ML>0</SIGNATURE_THRESHOLD_ML>
		<SIGNATURE_THRESHOLD_SAM>0</SIGNATURE_THRESHOLD_SAM>
	</signature>
	<signature ID="20210504_172139859897_938">
		<MACROCLASSID>1</MACROCLASSID>
		<MACROCLASSINFO>waterbody</MACROCLASSINFO>
		<CLASSID>3</CLASSID>
		<CLASSINFO>C 1</CLASSINFO>
		<VALUES>[0.11358960600275746, 0.0008502656483925477, 0.08909760650835538, 0.0012337553100736753, 0.05932898440381937, 0.001596745986321319, 0.04716907912179043, 0.0073046326220145685, 0.019986706295687908, 0.007445303552616817, 0.012301836767348282, 0.0051304651459005216]</VALUES>
		<LCS_MIN>[0.10998187959194183, 0.08441779762506485, 0.05759376287460327, 0.041015248745679855, 0.012997547164559364, 0.008488192223012447]</LCS_MIN>
		<LCS_MAX>[0.11581751704216003, 0.0923755019903183, 0.06465622037649155, 0.06764035671949387, 0.04658562317490578, 0.03275914862751961]</LCS_MAX>
		<WAVELENGTH>[0.48, 0.56, 0.655, 0.865, 1.61, 2.2]</WAVELENGTH>
		<MEAN_VALUE>[0.11358960600275746, 0.08909760650835538, 0.05932898440381937, 0.04716907912179043, 0.019986706295687908, 0.012301836767348282]</MEAN_VALUE>
		<CHECKBOX>2</CHECKBOX>
		<SD>[0.0008502656483925477, 0.0012337553100736753, 0.001596745986321319, 0.0073046326220145685, 0.007445303552616817, 0.0051304651459005216]</SD>
		<WAVELENGTH_UNIT>E-6m</WAVELENGTH_UNIT>
		<COLOR>#dca0af</COLOR>
		<COVARIANCE_MATRIX>[[7.358615241370507e-07, 8.961112610966398e-07, 2.671834133213821e-07, -9.906194189483104e-07, -8.878224763242523e-07, -5.622540931828561e-07], [8.961112610966398e-07, 1.5493334537981158e-06, 8.055452702879594e-07, 1.7755339688221848e-08, -5.847399409248435e-07, -5.915513307048197e-07], [2.671834133213821e-07, 8.055452702879594e-07, 2.595126275990976e-06, 9.319998994874432e-06, 8.03050968464461e-06, 5.2775340576605706e-06], [-9.906194189483104e-07, 1.7755339688221848e-08, 9.319998994874432e-06, 5.4310473059431546e-05, 4.6474563264531265e-05, 2.9207095039649128e-05], [-8.878224763242523e-07, -5.847399409248435e-07, 8.03050968464461e-06, 4.6474563264531265e-05, 5.642241186544092e-05, 3.7699593010384375e-05], [-5.622540931828561e-07, -5.915513307048197e-07, 5.2775340576605706e-06, 2.9207095039649128e-05, 3.7699593010384375e-05, 2.679170248139471e-05]]</COVARIANCE_MATRIX>
		<ROI_SIZE>57</ROI_SIZE>
		<MAX_VALUE>[0.11581751704216003, 0.0923755019903183, 0.06465622037649155, 0.06764035671949387, 0.04658562317490578, 0.03275914862751961]</MAX_VALUE>
		<MIN_VALUE>[0.10998187959194183, 0.08441779762506485, 0.05759376287460327, 0.041015248745679855, 0.012997547164559364, 0.008488192223012447]</MIN_VALUE>
		<SIGNATURE_THRESHOLD_MD>0</SIGNATURE_THRESHOLD_MD>
		<SIGNATURE_THRESHOLD_ML>0</SIGNATURE_THRESHOLD_ML>
		<SIGNATURE_THRESHOLD_SAM>0</SIGNATURE_THRESHOLD_SAM>
	</signature>
	<signature ID="20210504_172144728349_804">
		<MACROCLASSID>1</MACROCLASSID>
		<MACROCLASSINFO>waterbody</MACROCLASSINFO>
		<CLASSID>4</CLASSID>
		<CLASSINFO>C 1</CLASSINFO>
		<VALUES>[0.12625714801670462, 0.0021549781872036815, 0.11899575792001871, 0.005496966190559712, 0.10150374371684, 0.007795162853396953, 0.052878762166319274, 0.007265706191042408, 0.020699112343842575, 0.008905742414123735, 0.013734270942795068, 0.007435222996536077]</VALUES>
		<LCS_MIN>[0.1186690405011177, 0.0998358353972435, 0.08126790076494217, 0.042938362807035446, 0.005470904987305403, 0.003481486113741994]</LCS_MIN>
		<LCS_MAX>[0.12990927696228027, 0.12636147439479828, 0.11969689279794693, 0.07927846908569336, 0.045060403645038605, 0.03657219931483269]</LCS_MAX>
		<WAVELENGTH>[0.48, 0.56, 0.655, 0.865, 1.61, 2.2]</WAVELENGTH>
		<MEAN_VALUE>[0.12625714801670462, 0.11899575792001871, 0.10150374371684, 0.052878762166319274, 0.020699112343842575, 0.013734270942795068]</MEAN_VALUE>
		<CHECKBOX>2</CHECKBOX>
		<SD>[0.0021549781872036815, 0.005496966190559712, 0.007795162853396953, 0.007265706191042408, 0.008905742414123735, 0.007435222996536077]</SD>
		<WAVELENGTH_UNIT>E-6m</WAVELENGTH_UNIT>
		<COLOR>#128c8b</COLOR>
		<COVARIANCE_MATRIX>[[4.670167885557101e-06, 1.1520391892516691e-05, 1.4668319861570925e-05, -2.3401598706928976e-07, -1.9880155260066298e-06, -9.86083627294466e-07], [1.1520391892516691e-05, 3.038735276512933e-05, 3.784577660798297e-05, -4.482185625239301e-06, -7.744502080895853e-06, -4.286569860586519e-06], [1.4668319861570925e-05, 3.784577660798297e-05, 6.110786653194557e-05, 1.2010919940004626e-05, 7.2395863227061615e-06, 7.693516760669616e-06], [-2.3401598706928976e-07, -4.482185625239301e-06, 1.2010919940004626e-05, 5.3088737790453396e-05, 5.542802537773572e-05, 4.352177637666312e-05], [-1.9880155260066298e-06, -7.744502080895853e-06, 7.2395863227061615e-06, 5.542802537773572e-05, 7.976033974303168e-05, 6.464577810818988e-05], [-9.86083627294466e-07, -4.286569860586519e-06, 7.693516760669616e-06, 4.352177637666312e-05, 6.464577810818988e-05, 5.5594871748378314e-05]]</COVARIANCE_MATRIX>
		<ROI_SIZE>178</ROI_SIZE>
		<MAX_VALUE>[0.12990927696228027, 0.12636147439479828, 0.11969689279794693, 0.07927846908569336, 0.045060403645038605, 0.03657219931483269]</MAX_VALUE>
		<MIN_VALUE>[0.1186690405011177, 0.0998358353972435, 0.08126790076494217, 0.042938362807035446, 0.005470904987305403, 0.003481486113741994]</MIN_VALUE>
		<SIGNATURE_THRESHOLD_MD>0</SIGNATURE_THRESHOLD_MD>
		<SIGNATURE_THRESHOLD_ML>0</SIGNATURE_THRESHOLD_ML>
		<SIGNATURE_THRESHOLD_SAM>0</SIGNATURE_THRESHOLD_SAM>
	</signature>
	<signature ID="20210504_172149552653_969">
		<MACROCLASSID>1</MACROCLASSID>
		<MACROCLASSINFO>waterbody</MACROCLASSINFO>
		<CLASSID>5</CLASSID>
		<CLASSINFO>C 1</CLASSINFO>
		<VALUES>[0.11642608061736943, 0.0006818115045217821, 0.09024420147444932, 0.0011934690572335028, 0.058426526913634806, 0.0024448774235503474, 0.04465959010785128, 0.005965353619742749, 0.020199621508062694, 0.0075095693236102564, 0.01295898206924804, 0.005904826674922296]</VALUES>
		<LCS_MIN>[0.11266762018203735, 0.08279312402009964, 0.054841723293066025, 0.038031116127967834, 0.010610247030854225, 0.007692429702728987]</LCS_MIN>
		<LCS_MAX>[0.12002847343683243, 0.09522699564695358, 0.07102236896753311, 0.06797192990779877, 0.04519303888082504, 0.036605365574359894]</LCS_MAX>
		<WAVELENGTH>[0.48, 0.56, 0.655, 0.865, 1.61, 2.2]</WAVELENGTH>
		<MEAN_VALUE>[0.11642608061736943, 0.09024420147444932, 0.058426526913634806, 0.04465959010785128, 0.020199621508062694, 0.01295898206924804]</MEAN_VALUE>
		<CHECKBOX>2</CHECKBOX>
		<SD>[0.0006818115045217821, 0.0011934690572335028, 0.0024448774235503474, 0.005965353619742749, 0.0075095693236102564, 0.005904826674922296]</SD>
		<WAVELENGTH_UNIT>E-6m</WAVELENGTH_UNIT>
		<COLOR>#204231</COLOR>
		<COVARIANCE_MATRIX>[[4.6805094775098524e-07, 6.158711750356689e-07, 6.531877891428416e-07, 6.348726062263014e-07, 1.3086786259766003e-06, 9.009444340766491e-07], [6.158711750356689e-07, 1.4341243384544562e-06, 1.778905533513533e-06, 2.654075765456084e-06, 4.001272557123391e-06, 2.982355282397275e-06], [6.531877891428416e-07, 1.778905533513533e-06, 6.018366887529923e-06, 1.273256624781705e-05, 1.6735768016703875e-05, 1.2714608782334391e-05], [6.348726062263014e-07, 2.654075765456084e-06, 1.273256624781705e-05, 3.5829179725075e-05, 4.224552546406269e-05, 3.2514791446034876e-05], [1.3086786259766003e-06, 4.001272557123391e-06, 1.6735768016703875e-05, 4.224552546406269e-05, 5.677988917560208e-05, 4.329922760962827e-05], [9.009444340766491e-07, 2.982355282397275e-06, 1.2714608782334391e-05, 3.2514791446034876e-05, 4.329922760962827e-05, 3.510579297909907e-05]]</COVARIANCE_MATRIX>
		<ROI_SIZE>147</ROI_SIZE>
		<MAX_VALUE>[0.12002847343683243, 0.09522699564695358, 0.07102236896753311, 0.06797192990779877, 0.04519303888082504, 0.036605365574359894]</MAX_VALUE>
		<MIN_VALUE>[0.11266762018203735, 0.08279312402009964, 0.054841723293066025, 0.038031116127967834, 0.010610247030854225, 0.007692429702728987]</MIN_VALUE>
		<SIGNATURE_THRESHOLD_MD>0</SIGNATURE_THRESHOLD_MD>
		<SIGNATURE_THRESHOLD_ML>0</SIGNATURE_THRESHOLD_ML>
		<SIGNATURE_THRESHOLD_SAM>0</SIGNATURE_THRESHOLD_SAM>
	</signature>
	<signature ID="20210504_172153862140_558">
		<MACROCLASSID>1</MACROCLASSID>
		<MACROCLASSINFO>waterbody</MACROCLASSINFO>
		<CLASSID>6</CLASSID>
		<CLASSINFO>C 1</CLASSINFO>
		<VALUES>[0.11072900677557852, 0.0007767469579565193, 0.08431263206923598, 0.001483810965837755, 0.058516456333340204, 0.0018744853136384394, 0.04597874984267305, 0.00726086749147549, 0.02049620612906139, 0.007611572092385494, 0.012484161431336264, 0.0048272043291728624]</VALUES>
		<LCS_MIN>[0.10832402855157852, 0.07984213531017303, 0.05520645156502724, 0.03517961502075195, 0.012632830068469048, 0.005736163351684809]</LCS_MIN>
		<LCS_MAX>[0.1125018298625946, 0.08856245130300522, 0.06581670790910721, 0.06913242489099503, 0.044098854064941406, 0.026558775454759598]</LCS_MAX>
		<WAVELENGTH>[0.48, 0.56, 0.655, 0.865, 1.61, 2.2]</WAVELENGTH>
		<MEAN_VALUE>[0.11072900677557852, 0.08431263206923598, 0.058516456333340204, 0.04597874984267305, 0.02049620612906139, 0.012484161431336264]</MEAN_VALUE>
		<CHECKBOX>2</CHECKBOX>
		<SD>[0.0007767469579565193, 0.001483810965837755, 0.0018744853136384394, 0.00726086749147549, 0.007611572092385494, 0.0048272043291728624]</SD>
		<WAVELENGTH_UNIT>E-6m</WAVELENGTH_UNIT>
		<COLOR>#33a87e</COLOR>
		<COVARIANCE_MATRIX>[[6.083220832789584e-07, 1.0151851443191147e-06, 8.715907907477618e-07, 2.6514636632471355e-08, 1.098559496357092e-06, 7.029120343773408e-07], [1.0151851443191147e-06, 2.2198908086407074e-06, 2.0585966232519557e-06, 1.4976978612638936e-06, 3.835260833470451e-06, 2.5300929760826057e-06], [8.715907907477618e-07, 2.0585966232519557e-06, 3.5427339942779944e-06, 9.307106861614195e-06, 1.0544968376453023e-05, 6.575834369931131e-06], [2.6514636632471355e-08, 1.4976978612638936e-06, 9.307106861614195e-06, 5.3155900833961986e-05, 4.565011913092248e-05, 2.7927275116739837e-05], [1.098559496357092e-06, 3.835260833470451e-06, 1.0544968376453023e-05, 4.565011913092248e-05, 5.8414839880536877e-05, 3.5215912323880485e-05], [7.029120343773408e-07, 2.5300929760826057e-06, 6.575834369931131e-06, 2.7927275116739837e-05, 3.5215912323880485e-05, 2.3494479335052887e-05]]</COVARIANCE_MATRIX>
		<ROI_SIZE>122</ROI_SIZE>
		<MAX_VALUE>[0.1125018298625946, 0.08856245130300522, 0.06581670790910721, 0.06913242489099503, 0.044098854064941406, 0.026558775454759598]</MAX_VALUE>
		<MIN_VALUE>[0.10832402855157852, 0.07984213531017303, 0.05520645156502724, 0.03517961502075195, 0.012632830068469048, 0.005736163351684809]</MIN_VALUE>
		<SIGNATURE_THRESHOLD_MD>0</SIGNATURE_THRESHOLD_MD>
		<SIGNATURE_THRESHOLD_ML>0</SIGNATURE_THRESHOLD_ML>
		<SIGNATURE_THRESHOLD_SAM>0</SIGNATURE_THRESHOLD_SAM>
	</signature>
	<signature ID="20210504_172205025577_859">
		<MACROCLASSID>1</MACROCLASSID>
		<MACROCLASSINFO>waterbody</MACROCLASSINFO>
		<CLASSID>7</CLASSID>
		<CLASSINFO>C 1</CLASSINFO>
		<VALUES>[0.11157856760955448, 0.0021374203255184357, 0.07742138502801343, 0.002449476402748649, 0.05407540122546804, 0.001769019790789486, 0.04821676304791028, 0.008036174545880206, 0.016807311769665736, 0.0054335837865346435, 0.009062927933182665, 0.0032466013716578963]</VALUES>
		<LCS_MIN>[0.10517410188913345, 0.07095606625080109, 0.04930451139807701, 0.03799796104431152, 0.009648695588111877, 0.005537222605198622]</LCS_MIN>
		<LCS_MAX>[0.11551912128925323, 0.0839536115527153, 0.06651301681995392, 0.0739070251584053, 0.042440999299287796, 0.034980662167072296]</LCS_MAX>
		<WAVELENGTH>[0.48, 0.56, 0.655, 0.865, 1.61, 2.2]</WAVELENGTH>
		<MEAN_VALUE>[0.11157856760955448, 0.07742138502801343, 0.05407540122546804, 0.04821676304791028, 0.016807311769665736, 0.009062927933182665]</MEAN_VALUE>
		<CHECKBOX>2</CHECKBOX>
		<SD>[0.0021374203255184357, 0.002449476402748649, 0.001769019790789486, 0.008036174545880206, 0.0054335837865346435, 0.0032466013716578963]</SD>
		<WAVELENGTH_UNIT>E-6m</WAVELENGTH_UNIT>
		<COLOR>#bfbb68</COLOR>
		<COVARIANCE_MATRIX>[[4.241442417127272e-06, 4.647188911897572e-06, 2.8104166379122565e-06, -6.0663242043818085e-06, -3.2053556015848322e-06, -1.0797097682792624e-06], [4.647188911897572e-06, 5.50422071483046e-06, 3.4698131676392247e-06, -4.5759707066898754e-06, -1.7260314702160356e-06, -6.685245829352825e-08], [2.8104166379122565e-06, 3.4698131676392247e-06, 2.812787068251865e-06, 3.649094820348761e-07, 1.7092133321907348e-06, 1.6973903153785047e-06], [-6.0663242043818085e-06, -4.5759707066898754e-06, 3.649094820348761e-07, 6.441686678311315e-05, 3.761230948215929e-05, 1.890480594691998e-05], [-3.2053556015848322e-06, -1.7260314702160356e-06, 1.7092133321907348e-06, 3.761230948215929e-05, 2.8526776379480278e-05, 1.5042291389151602e-05], [-1.0797097682792624e-06, -6.685245829352825e-08, 1.6973903153785047e-06, 1.890480594691998e-05, 1.5042291389151602e-05, 9.641601700068342e-06]]</COVARIANCE_MATRIX>
		<ROI_SIZE>1339</ROI_SIZE>
		<MAX_VALUE>[0.11551912128925323, 0.0839536115527153, 0.06651301681995392, 0.0739070251584053, 0.042440999299287796, 0.034980662167072296]</MAX_VALUE>
		<MIN_VALUE>[0.10517410188913345, 0.07095606625080109, 0.04930451139807701, 0.03799796104431152, 0.009648695588111877, 0.005537222605198622]</MIN_VALUE>
		<SIGNATURE_THRESHOLD_MD>0</SIGNATURE_THRESHOLD_MD>
		<SIGNATURE_THRESHOLD_ML>0</SIGNATURE_THRESHOLD_ML>
		<SIGNATURE_THRESHOLD_SAM>0</SIGNATURE_THRESHOLD_SAM>
	</signature>
	<signature ID="20210504_172210171066_143">
		<MACROCLASSID>1</MACROCLASSID>
		<MACROCLASSINFO>waterbody</MACROCLASSINFO>
		<CLASSID>8</CLASSID>
		<CLASSINFO>C 1</CLASSINFO>
		<VALUES>[0.11203789745987452, 0.0028800962478098954, 0.0848008557042693, 0.004274787390131167, 0.05439970028993171, 0.0026599246188922154, 0.04236021540153418, 0.006724740853186225, 0.01806151086351325, 0.007201577829121672, 0.011467107599961326, 0.0057385914824044145]</VALUES>
		<LCS_MIN>[0.09811167418956757, 0.06531934440135956, 0.046220894902944565, 0.032162316143512726, 0.010411306284368038, 0.005039858631789684]</LCS_MIN>
		<LCS_MAX>[0.11561857908964157, 0.0920439213514328, 0.06362833827733994, 0.06846927106380463, 0.04396621882915497, 0.03620748221874237]</LCS_MAX>
		<WAVELENGTH>[0.48, 0.56, 0.655, 0.865, 1.61, 2.2]</WAVELENGTH>
		<MEAN_VALUE>[0.11203789745987452, 0.0848008557042693, 0.05439970028993171, 0.04236021540153418, 0.01806151086351325, 0.011467107599961326]</MEAN_VALUE>
		<CHECKBOX>2</CHECKBOX>
		<SD>[0.0028800962478098954, 0.004274787390131167, 0.0026599246188922154, 0.006724740853186225, 0.007201577829121672, 0.0057385914824044145]</SD>
		<WAVELENGTH_UNIT>E-6m</WAVELENGTH_UNIT>
		<COLOR>#db97cf</COLOR>
		<COVARIANCE_MATRIX>[[8.112982273773436e-06, 1.1960463549099946e-05, 4.468682813874662e-06, -1.0768278530630815e-05, -6.8107131827321105e-06, -3.1796374083231496e-06], [1.1960463549099946e-05, 1.8394972099971337e-05, 7.736338425434285e-06, -1.409044493421296e-05, -7.845505575546528e-06, -2.463840343987596e-06], [4.468682813874662e-06, 7.736338425434285e-06, 6.593061237598306e-06, 3.6181103340162814e-06, 7.048798250266898e-06, 6.9890036564306765e-06], [-1.0768278530630815e-05, -1.409044493421296e-05, 3.6181103340162814e-06, 4.8966399041406945e-05, 4.4076732770521585e-05, 2.900006602608731e-05], [-6.8107131827321105e-06, -7.845505575546528e-06, 7.048798250266898e-06, 4.4076732770521585e-05, 4.765025199892452e-05, 3.435952974138118e-05], [-3.1796374083231496e-06, -2.463840343987596e-06, 6.9890036564306765e-06, 2.900006602608731e-05, 3.435952974138118e-05, 2.832266863345521e-05]]</COVARIANCE_MATRIX>
		<ROI_SIZE>690</ROI_SIZE>
		<MAX_VALUE>[0.11561857908964157, 0.0920439213514328, 0.06362833827733994, 0.06846927106380463, 0.04396621882915497, 0.03620748221874237]</MAX_VALUE>
		<MIN_VALUE>[0.09811167418956757, 0.06531934440135956, 0.046220894902944565, 0.032162316143512726, 0.010411306284368038, 0.005039858631789684]</MIN_VALUE>
		<SIGNATURE_THRESHOLD_MD>0</SIGNATURE_THRESHOLD_MD>
		<SIGNATURE_THRESHOLD_ML>0</SIGNATURE_THRESHOLD_ML>
		<SIGNATURE_THRESHOLD_SAM>0</SIGNATURE_THRESHOLD_SAM>
	</signature>
	<signature ID="20210504_172224951412_876">
		<MACROCLASSID>1</MACROCLASSID>
		<MACROCLASSINFO>waterbody</MACROCLASSINFO>
		<CLASSID>9</CLASSID>
		<CLASSINFO>C 1</CLASSINFO>
		<VALUES>[0.08904877888849448, 0.0010812347450651792, 0.0590125312032186, 0.001424435163907007, 0.03925824569341921, 0.0013749903316082352, 0.02657174461536944, 0.004530935028425941, 0.010487406909816437, 0.004479042960767583, 0.0066793356903724465, 0.002963923109380407]</VALUES>
		<LCS_MIN>[0.08673880249261856, 0.05613484978675842, 0.036970093846321106, 0.018965816125273705, 0.005404587369412184, 0.004277248866856098]</LCS_MIN>
		<LCS_MAX>[0.09380125999450684, 0.06803823262453079, 0.04695035144686699, 0.05311756208539009, 0.036008529365062714, 0.027387702837586403]</LCS_MAX>
		<WAVELENGTH>[0.48, 0.56, 0.655, 0.865, 1.61, 2.2]</WAVELENGTH>
		<MEAN_VALUE>[0.08904877888849448, 0.0590125312032186, 0.03925824569341921, 0.02657174461536944, 0.010487406909816437, 0.0066793356903724465]</MEAN_VALUE>
		<CHECKBOX>2</CHECKBOX>
		<SD>[0.0010812347450651792, 0.001424435163907007, 0.0013749903316082352, 0.004530935028425941, 0.004479042960767583, 0.002963923109380407]</SD>
		<WAVELENGTH_UNIT>E-6m</WAVELENGTH_UNIT>
		<COLOR>#1a3d04</COLOR>
		<COVARIANCE_MATRIX>[[1.2071196442536454e-06, 1.4090750970243054e-06, 1.1655963189412604e-06, 1.5206007409937086e-06, 1.1142480180169508e-06, 7.163115038478395e-07], [1.4090750970243054e-06, 2.0369726124776663e-06, 1.7532654966737493e-06, 3.336829961326622e-06, 2.690466645274922e-06, 1.8231486209251522e-06], [1.1655963189412604e-06, 1.7532654966737493e-06, 2.1973260739999933e-06, 5.509085326848372e-06, 5.06253817732004e-06, 3.4837093153306544e-06], [1.5206007409937086e-06, 3.336829961326622e-06, 5.509085326848372e-06, 2.37454918769403e-05, 2.1700487530457234e-05, 1.44414838186981e-05], [1.1142480180169508e-06, 2.690466645274922e-06, 5.06253817732004e-06, 2.1700487530457234e-05, 2.574207045456953e-05, 1.725458039459165e-05], [7.163115038478395e-07, 1.8231486209251522e-06, 3.4837093153306544e-06, 1.44414838186981e-05, 1.725458039459165e-05, 1.2025124178424163e-05]]</COVARIANCE_MATRIX>
		<ROI_SIZE>1899</ROI_SIZE>
		<MAX_VALUE>[0.09380125999450684, 0.06803823262453079, 0.04695035144686699, 0.05311756208539009, 0.036008529365062714, 0.027387702837586403]</MAX_VALUE>
		<MIN_VALUE>[0.08673880249261856, 0.05613484978675842, 0.036970093846321106, 0.018965816125273705, 0.005404587369412184, 0.004277248866856098]</MIN_VALUE>
		<SIGNATURE_THRESHOLD_MD>0</SIGNATURE_THRESHOLD_MD>
		<SIGNATURE_THRESHOLD_ML>0</SIGNATURE_THRESHOLD_ML>
		<SIGNATURE_THRESHOLD_SAM>0</SIGNATURE_THRESHOLD_SAM>
	</signature>
	<signature ID="20210504_172230174410_961">
		<MACROCLASSID>1</MACROCLASSID>
		<MACROCLASSINFO>waterbody</MACROCLASSINFO>
		<CLASSID>10</CLASSID>
		<CLASSINFO>C 1</CLASSINFO>
		<VALUES>[0.10513428071390923, 0.0015300907595520894, 0.08046958134667351, 0.0016813462221069568, 0.04900777938571521, 0.0032842704138580513, 0.028296303561823888, 0.004272509367704325, 0.011071813964108994, 0.005183901749014244, 0.007319867474387227, 0.004301845993633469]</VALUES>
		<LCS_MIN>[0.1001674085855484, 0.0761616975069046, 0.04380043223500252, 0.02383989840745926, 0.003680426860228181, 0.0038130497559905052]</LCS_MIN>
		<LCS_MAX>[0.1105123981833458, 0.08988872915506363, 0.07297862321138382, 0.055007509887218475, 0.03872741758823395, 0.030935507267713547]</LCS_MAX>
		<WAVELENGTH>[0.48, 0.56, 0.655, 0.865, 1.61, 2.2]</WAVELENGTH>
		<MEAN_VALUE>[0.10513428071390923, 0.08046958134667351, 0.04900777938571521, 0.028296303561823888, 0.011071813964108994, 0.007319867474387227]</MEAN_VALUE>
		<CHECKBOX>2</CHECKBOX>
		<SD>[0.0015300907595520894, 0.0016813462221069568, 0.0032842704138580513, 0.004272509367704325, 0.005183901749014244, 0.004301845993633469]</SD>
		<WAVELENGTH_UNIT>E-6m</WAVELENGTH_UNIT>
		<COLOR>#dc671f</COLOR>
		<COVARIANCE_MATRIX>[[3.0287397386494645e-06, 2.766747960652428e-06, 9.72060048129808e-07, -1.0551554623282935e-06, -8.347361350113665e-07, -5.239641277485985e-07], [2.766747960652428e-06, 3.857511603533388e-06, 3.441618455993941e-06, 1.1175717600292107e-06, 2.1256870134435264e-06, 1.783153285605748e-06], [9.72060048129808e-07, 3.441618455993941e-06, 1.0573972507810622e-05, 1.1422236203547613e-05, 1.4016746350914595e-05, 1.1429565654415404e-05], [-1.0551554623282935e-06, 1.1175717600292107e-06, 1.1422236203547613e-05, 1.9599900302529396e-05, 2.196993212873114e-05, 1.7646506092091422e-05], [-8.347361350113665e-07, 2.1256870134435264e-06, 1.4016746350914595e-05, 2.196993212873114e-05, 2.76762771556193e-05, 2.235715807324627e-05], [-5.239641277485985e-07, 1.783153285605748e-06, 1.1429565654415404e-05, 1.7646506092091422e-05, 2.235715807324627e-05, 1.850524072220169e-05]]</COVARIANCE_MATRIX>
		<ROI_SIZE>1982</ROI_SIZE>
		<MAX_VALUE>[0.1105123981833458, 0.08988872915506363, 0.07297862321138382, 0.055007509887218475, 0.03872741758823395, 0.030935507267713547]</MAX_VALUE>
		<MIN_VALUE>[0.1001674085855484, 0.0761616975069046, 0.04380043223500252, 0.02383989840745926, 0.003680426860228181, 0.0038130497559905052]</MIN_VALUE>
		<SIGNATURE_THRESHOLD_MD>0</SIGNATURE_THRESHOLD_MD>
		<SIGNATURE_THRESHOLD_ML>0</SIGNATURE_THRESHOLD_ML>
		<SIGNATURE_THRESHOLD_SAM>0</SIGNATURE_THRESHOLD_SAM>
	</signature>
	<signature ID="20210504_172235134509_811">
		<MACROCLASSID>1</MACROCLASSID>
		<MACROCLASSINFO>waterbody</MACROCLASSINFO>
		<CLASSID>11</CLASSID>
		<CLASSINFO>C 1</CLASSINFO>
		<VALUES>[0.10145040986263697, 0.0034843183295611515, 0.09214246587854037, 0.007012377230049398, 0.06102559853677457, 0.00270498278304204, 0.02923282581280933, 0.006752846330064006, 0.01341972053663132, 0.005729300984025771, 0.009320078520410361, 0.004042196662688817]</VALUES>
		<LCS_MIN>[0.08743511140346527, 0.06836981326341629, 0.0476466566324234, 0.021253658458590508, 0.007592959329485893, 0.005437752231955528]</LCS_MIN>
		<LCS_MAX>[0.1053398922085762, 0.10023371875286102, 0.07284601032733917, 0.056002240628004074, 0.04055105149745941, 0.029708698391914368]</LCS_MAX>
		<WAVELENGTH>[0.48, 0.56, 0.655, 0.865, 1.61, 2.2]</WAVELENGTH>
		<MEAN_VALUE>[0.10145040986263697, 0.09214246587854037, 0.06102559853677457, 0.02923282581280933, 0.01341972053663132, 0.009320078520410361]</MEAN_VALUE>
		<CHECKBOX>2</CHECKBOX>
		<SD>[0.0034843183295611515, 0.007012377230049398, 0.00270498278304204, 0.006752846330064006, 0.005729300984025771, 0.004042196662688817]</SD>
		<WAVELENGTH_UNIT>E-6m</WAVELENGTH_UNIT>
		<COLOR>#69edc0</COLOR>
		<COVARIANCE_MATRIX>[[1.2197740609554038e-05, 2.4038149391136203e-05, 1.8235265432804236e-06, -1.104425950923455e-05, -3.9758084882248385e-06, -2.0758991691090645e-06], [2.4038149391136203e-05, 4.9405384578857474e-05, 4.0810505772129555e-06, -2.1366557558310565e-05, -8.736362911580804e-06, -4.735598896561433e-06], [1.8235265432804236e-06, 4.0810505772129555e-06, 7.351445686065905e-06, 6.078412073358025e-06, 6.232910854585652e-06, 5.090340001478544e-06], [-1.104425950923455e-05, -2.1366557558310565e-05, 6.078412073358025e-06, 4.581603230065448e-05, 3.387969042529101e-05, 2.3146903189165444e-05], [-3.9758084882248385e-06, -8.736362911580804e-06, 6.232910854585652e-06, 3.387969042529101e-05, 3.297972415124525e-05, 2.295933692734355e-05], [-2.0758991691090645e-06, -4.735598896561433e-06, 5.090340001478544e-06, 2.3146903189165444e-05, 2.295933692734355e-05, 1.641642628371986e-05]]</COVARIANCE_MATRIX>
		<ROI_SIZE>213</ROI_SIZE>
		<MAX_VALUE>[0.1053398922085762, 0.10023371875286102, 0.07284601032733917, 0.056002240628004074, 0.04055105149745941, 0.029708698391914368]</MAX_VALUE>
		<MIN_VALUE>[0.08743511140346527, 0.06836981326341629, 0.0476466566324234, 0.021253658458590508, 0.007592959329485893, 0.005437752231955528]</MIN_VALUE>
		<SIGNATURE_THRESHOLD_MD>0</SIGNATURE_THRESHOLD_MD>
		<SIGNATURE_THRESHOLD_ML>0</SIGNATURE_THRESHOLD_ML>
		<SIGNATURE_THRESHOLD_SAM>0</SIGNATURE_THRESHOLD_SAM>
	</signature>
	<signature ID="20210504_172241776142_780">
		<MACROCLASSID>1</MACROCLASSID>
		<MACROCLASSINFO>waterbody</MACROCLASSINFO>
		<CLASSID>12</CLASSID>
		<CLASSINFO>C 1</CLASSINFO>
		<VALUES>[0.08974538692659742, 0.0011665751504696521, 0.06468133250172901, 0.0018511936205689347, 0.04241447267274343, 0.002499130381328499, 0.0235547902696369, 0.003855327660628124, 0.00848613441478574, 0.003773616329402171, 0.005237810929220447, 0.002764402068641488]</VALUES>
		<LCS_MIN>[0.08720298856496811, 0.05988159403204918, 0.03988790884613991, 0.014788037165999413, 0.005039858631789684, 0.0031830628868192434]</LCS_MIN>
		<LCS_MAX>[0.09698433429002762, 0.07934477180242538, 0.06336309015750885, 0.05079657956957817, 0.03614116460084915, 0.028349265456199646]</LCS_MAX>
		<WAVELENGTH>[0.48, 0.56, 0.655, 0.865, 1.61, 2.2]</WAVELENGTH>
		<MEAN_VALUE>[0.08974538692659742, 0.06468133250172901, 0.04241447267274343, 0.0235547902696369, 0.00848613441478574, 0.005237810929220447]</MEAN_VALUE>
		<CHECKBOX>2</CHECKBOX>
		<SD>[0.0011665751504696521, 0.0018511936205689347, 0.002499130381328499, 0.003855327660628124, 0.003773616329402171, 0.002764402068641488]</SD>
		<WAVELENGTH_UNIT>E-6m</WAVELENGTH_UNIT>
		<COLOR>#25ceaa</COLOR>
		<COVARIANCE_MATRIX>[[1.3614892762940414e-06, 1.9420263870967844e-06, 2.1740739883687458e-06, 2.693707176963658e-06, 2.3054692589724826e-06, 1.7038004712683292e-06], [1.9420263870967844e-06, 3.428407785104967e-06, 4.236731462150944e-06, 5.319166428007959e-06, 4.7922863499570034e-06, 3.4976285609742882e-06], [2.1740739883687458e-06, 4.236731462150944e-06, 6.24836816403692e-06, 8.343351348282282e-06, 8.010272101788791e-06, 5.864159385051828e-06], [2.693707176963658e-06, 5.319166428007959e-06, 8.343351348282282e-06, 1.4870013784443835e-05, 1.3960868198295662e-05, 9.988251510052104e-06], [2.3054692589724826e-06, 4.7922863499570034e-06, 8.010272101788791e-06, 1.3960868198295662e-05, 1.4246371584227032e-05, 1.0284331320362598e-05], [1.7038004712683292e-06, 3.4976285609742882e-06, 5.864159385051828e-06, 9.988251510052104e-06, 1.0284331320362598e-05, 7.64524137049939e-06]]</COVARIANCE_MATRIX>
		<ROI_SIZE>2301</ROI_SIZE>
		<MAX_VALUE>[0.09698433429002762, 0.07934477180242538, 0.06336309015750885, 0.05079657956957817, 0.03614116460084915, 0.028349265456199646]</MAX_VALUE>
		<MIN_VALUE>[0.08720298856496811, 0.05988159403204918, 0.03988790884613991, 0.014788037165999413, 0.005039858631789684, 0.0031830628868192434]</MIN_VALUE>
		<SIGNATURE_THRESHOLD_MD>0</SIGNATURE_THRESHOLD_MD>
		<SIGNATURE_THRESHOLD_ML>0</SIGNATURE_THRESHOLD_ML>
		<SIGNATURE_THRESHOLD_SAM>0</SIGNATURE_THRESHOLD_SAM>
	</signature>
	<signature ID="20210504_172255979680_444">
		<MACROCLASSID>1</MACROCLASSID>
		<MACROCLASSINFO>waterbody</MACROCLASSINFO>
		<CLASSID>13</CLASSID>
		<CLASSINFO>C 1</CLASSINFO>
		<VALUES>[0.09871722672535826, 0.0018112471226174036, 0.06752947268348482, 0.0023131269570458445, 0.045840791273575536, 0.0019356126695876936, 0.032934256098591394, 0.005751904579320642, 0.011114436379992026, 0.0028506295279486673, 0.006559597852711486, 0.001768463003227458]</VALUES>
		<LCS_MIN>[0.09535963088274002, 0.06236838921904564, 0.042242057621479034, 0.02118734084069729, 0.008156628347933292, 0.004608824849128723]</LCS_MIN>
		<LCS_MAX>[0.10414624959230423, 0.0761616975069046, 0.05311756208539009, 0.05885373800992966, 0.03448330983519554, 0.0217178575694561]</LCS_MAX>
		<WAVELENGTH>[0.48, 0.56, 0.655, 0.865, 1.61, 2.2]</WAVELENGTH>
		<MEAN_VALUE>[0.09871722672535826, 0.06752947268348482, 0.045840791273575536, 0.032934256098591394, 0.011114436379992026, 0.006559597852711486]</MEAN_VALUE>
		<CHECKBOX>2</CHECKBOX>
		<SD>[0.0018112471226174036, 0.0023131269570458445, 0.0019356126695876936, 0.005751904579320642, 0.0028506295279486673, 0.001768463003227458]</SD>
		<WAVELENGTH_UNIT>E-6m</WAVELENGTH_UNIT>
		<COLOR>#04200c</COLOR>
		<COVARIANCE_MATRIX>[[3.2826362230193982e-06, 3.8252318027881576e-06, 3.056900796486882e-06, 3.570681234494949e-06, 1.8925813233741588e-06, 1.2906418950359043e-06], [3.8252318027881576e-06, 5.353850996948749e-06, 4.00715678170805e-06, 5.707610652929102e-06, 3.104124055729249e-06, 2.0013238121343566e-06], [3.056900796486882e-06, 4.00715678170805e-06, 3.7489034241601726e-06, 7.431344374178806e-06, 3.752589975373572e-06, 2.42618045483926e-06], [3.570681234494949e-06, 5.707610652929102e-06, 7.431344374178806e-06, 3.310477846097036e-05, 1.4465809969497488e-05, 8.704572998124578e-06], [1.8925813233741588e-06, 3.104124055729249e-06, 3.752589975373572e-06, 1.4465809969497488e-05, 8.131092454815805e-06, 4.903495813536112e-06], [1.2906418950359043e-06, 2.0013238121343566e-06, 2.42618045483926e-06, 8.704572998124578e-06, 4.903495813536112e-06, 3.129387170504587e-06]]</COVARIANCE_MATRIX>
		<ROI_SIZE>1625</ROI_SIZE>
		<MAX_VALUE>[0.10414624959230423, 0.0761616975069046, 0.05311756208539009, 0.05885373800992966, 0.03448330983519554, 0.0217178575694561]</MAX_VALUE>
		<MIN_VALUE>[0.09535963088274002, 0.06236838921904564, 0.042242057621479034, 0.02118734084069729, 0.008156628347933292, 0.004608824849128723]</MIN_VALUE>
		<SIGNATURE_THRESHOLD_MD>0</SIGNATURE_THRESHOLD_MD>
		<SIGNATURE_THRESHOLD_ML>0</SIGNATURE_THRESHOLD_ML>
		<SIGNATURE_THRESHOLD_SAM>0</SIGNATURE_THRESHOLD_SAM>
	</signature>
	<signature ID="20210504_172306827214_522">
		<MACROCLASSID>1</MACROCLASSID>
		<MACROCLASSINFO>waterbody</MACROCLASSINFO>
		<CLASSID>14</CLASSID>
		<CLASSINFO>C 1</CLASSINFO>
		<VALUES>[0.12216672024012286, 0.0021210285063101115, 0.10286442708986049, 0.003379029393627182, 0.07338810235854583, 0.003981134073878041, 0.052165149308910454, 0.006131056540386219, 0.0203671747241804, 0.006588952307353419, 0.012302761062693951, 0.005290633165870677]</VALUES>
		<LCS_MIN>[0.1183374673128128, 0.09353598952293396, 0.06803823262453079, 0.04615459218621254, 0.013428593054413795, 0.007758735213428736]</LCS_MIN>
		<LCS_MAX>[0.12987612187862396, 0.11293286085128784, 0.09131446480751038, 0.07718957960605621, 0.04592249542474747, 0.036737989634275436]</LCS_MAX>
		<WAVELENGTH>[0.48, 0.56, 0.655, 0.865, 1.61, 2.2]</WAVELENGTH>
		<MEAN_VALUE>[0.12216672024012286, 0.10286442708986049, 0.07338810235854583, 0.052165149308910454, 0.0203671747241804, 0.012302761062693951]</MEAN_VALUE>
		<CHECKBOX>2</CHECKBOX>
		<SD>[0.0021210285063101115, 0.003379029393627182, 0.003981134073878041, 0.006131056540386219, 0.006588952307353419, 0.005290633165870677]</SD>
		<WAVELENGTH_UNIT>E-6m</WAVELENGTH_UNIT>
		<COLOR>#85be12</COLOR>
		<COVARIANCE_MATRIX>[[4.511578910120275e-06, 6.795869280299169e-06, 7.770343893394186e-06, 6.78583902587574e-06, 4.852849047950396e-06, 3.384263565801113e-06], [6.795869280299169e-06, 1.1450369100668968e-05, 1.2308154091888888e-05, 8.5564153237919e-06, 5.178995119990855e-06, 3.7711157007111735e-06], [7.770343893394186e-06, 1.2308154091888888e-05, 1.5894583581184344e-05, 1.743802763560076e-05, 1.4844738709609615e-05, 1.1363400871231696e-05], [6.78583902587574e-06, 8.5564153237919e-06, 1.743802763560076e-05, 3.7696947903410935e-05, 3.795319636395053e-05, 2.7918534590525862e-05], [4.852849047950396e-06, 5.178995119990855e-06, 1.4844738709609615e-05, 3.795319636395053e-05, 4.353797995162233e-05, 3.344556790873403e-05], [3.384263565801113e-06, 3.7711157007111735e-06, 1.1363400871231696e-05, 2.7918534590525862e-05, 3.344556790873403e-05, 2.807054516275042e-05]]</COVARIANCE_MATRIX>
		<ROI_SIZE>352</ROI_SIZE>
		<MAX_VALUE>[0.12987612187862396, 0.11293286085128784, 0.09131446480751038, 0.07718957960605621, 0.04592249542474747, 0.036737989634275436]</MAX_VALUE>
		<MIN_VALUE>[0.1183374673128128, 0.09353598952293396, 0.06803823262453079, 0.04615459218621254, 0.013428593054413795, 0.007758735213428736]</MIN_VALUE>
		<SIGNATURE_THRESHOLD_MD>0</SIGNATURE_THRESHOLD_MD>
		<SIGNATURE_THRESHOLD_ML>0</SIGNATURE_THRESHOLD_ML>
		<SIGNATURE_THRESHOLD_SAM>0</SIGNATURE_THRESHOLD_SAM>
	</signature>
	<signature ID="20210504_172315812655_170">
		<MACROCLASSID>1</MACROCLASSID>
		<MACROCLASSINFO>waterbody</MACROCLASSINFO>
		<CLASSID>15</CLASSID>
		<CLASSINFO>C 1</CLASSINFO>
		<VALUES>[0.12247055626433824, 0.0011607634516595546, 0.09516760972530944, 0.001284386279721739, 0.07327358586632682, 0.0016677014087890113, 0.05609189751355544, 0.007804864863087287, 0.023948024051344913, 0.0071220749687389605, 0.015425512478079486, 0.005177372727882407]</VALUES>
		<LCS_MIN>[0.12019426375627518, 0.09094973653554916, 0.07022660970687866, 0.045756708830595016, 0.015119601041078568, 0.009748166427016258]</LCS_MIN>
		<LCS_MAX>[0.12649407982826233, 0.09867534041404724, 0.07828376442193985, 0.07655958086252213, 0.045723557472229004, 0.030902354046702385]</LCS_MAX>
		<WAVELENGTH>[0.48, 0.56, 0.655, 0.865, 1.61, 2.2]</WAVELENGTH>
		<MEAN_VALUE>[0.12247055626433824, 0.09516760972530944, 0.07327358586632682, 0.05609189751355544, 0.023948024051344913, 0.015425512478079486]</MEAN_VALUE>
		<CHECKBOX>2</CHECKBOX>
		<SD>[0.0011607634516595546, 0.001284386279721739, 0.0016677014087890113, 0.007804864863087287, 0.0071220749687389605, 0.005177372727882407]</SD>
		<WAVELENGTH_UNIT>E-6m</WAVELENGTH_UNIT>
		<COLOR>#2d4af9</COLOR>
		<COVARIANCE_MATRIX>[[1.3591908415042889e-06, 1.1597909471347987e-06, 1.4977396539305047e-06, 2.4536127063536822e-06, 2.35490828581195e-06, 2.060633021365645e-06], [1.1597909471347987e-06, 1.6641187130421684e-06, 1.5826125246426206e-06, -6.580657076515614e-07, -2.7308837444806687e-07, 2.921129827372522e-07], [1.4977396539305047e-06, 1.5826125246426206e-06, 2.8056247256213847e-06, 6.379996513072623e-06, 6.5048026464363105e-06, 5.168684506482973e-06], [2.4536127063536822e-06, -6.580657076515614e-07, 6.379996513072623e-06, 6.145026566729183e-05, 5.416226218074923e-05, 3.691893881346791e-05], [2.35490828581195e-06, -2.7308837444806687e-07, 6.5048026464363105e-06, 5.416226218074923e-05, 5.116889880648137e-05, 3.603069746795142e-05], [2.060633021365645e-06, 2.921129827372522e-07, 5.168684506482973e-06, 3.691893881346791e-05, 3.603069746795142e-05, 2.7040321594678613e-05]]</COVARIANCE_MATRIX>
		<ROI_SIZE>115</ROI_SIZE>
		<MAX_VALUE>[0.12649407982826233, 0.09867534041404724, 0.07828376442193985, 0.07655958086252213, 0.045723557472229004, 0.030902354046702385]</MAX_VALUE>
		<MIN_VALUE>[0.12019426375627518, 0.09094973653554916, 0.07022660970687866, 0.045756708830595016, 0.015119601041078568, 0.009748166427016258]</MIN_VALUE>
		<SIGNATURE_THRESHOLD_MD>0</SIGNATURE_THRESHOLD_MD>
		<SIGNATURE_THRESHOLD_ML>0</SIGNATURE_THRESHOLD_ML>
		<SIGNATURE_THRESHOLD_SAM>0</SIGNATURE_THRESHOLD_SAM>
	</signature>
	<signature ID="20210504_172346509676_179">
		<MACROCLASSID>1</MACROCLASSID>
		<MACROCLASSINFO>waterbody</MACROCLASSINFO>
		<CLASSID>16</CLASSID>
		<CLASSINFO>C 1</CLASSINFO>
