<?xml version="1.0" ?>
<signaturelist MCID_LIST="[['1', 'waterbody', '#000000'], ['2', 'vegetation', '#000000'], ['3', 'bareland', '#000000'], ['4', 'built-up', '#000000']]">
	<signature ID="20210602_145931824409_104">
		<MACROCLASSID>1</MACROCLASSID>
		<MACROCLASSINFO>waterbody</MACROCLASSINFO>
		<CLASSID>1</CLASSID>
		<CLASSINFO>C 1</CLASSINFO>
		<VALUES>[0.15281955335022165, 0.0025785340292540653, 0.13564685087290337, 0.0026424556492771686, 0.13700905140470068, 0.004278798932053011, 0.10310174095811273, 0.005923718282293554, 0.02461049855939346, 0.0064674040036580074, 0.013985223622121202, 0.005092630297422067]</VALUES>
		<LCS_MIN>[0.14184297621250153, 0.1260809302330017, 0.11287170648574829, 0.09215066581964493, 0.016471518203616142, 0.0052550360560417175]</LCS_MIN>
		<LCS_MAX>[0.1610010266304016, 0.1449967920780182, 0.14987443387508392, 0.13669908046722412, 0.05983668938279152, 0.04414422810077667]</LCS_MAX>
		<WAVELENGTH>[0.485, 0.56, 0.66, 0.835, 1.65, 2.22]</WAVELENGTH>
		<MEAN_VALUE>[0.15281955335022165, 0.13564685087290337, 0.13700905140470068, 0.10310174095811273, 0.02461049855939346, 0.013985223622121202]</MEAN_VALUE>
		<CHECKBOX>2</CHECKBOX>
		<SD>[0.0025785340292540653, 0.0026424556492771686, 0.004278798932053011, 0.005923718282293554, 0.0064674040036580074, 0.005092630297422067]</SD>
		<WAVELENGTH_UNIT>E-6m</WAVELENGTH_UNIT>
		<COLOR>#024459</COLOR>
		<COVARIANCE_MATRIX>[[7.398137828744292e-06, 3.5984470053587217e-06, 5.0418619704445795e-06, -8.255372610845604e-07, 1.0432146024413891e-06, 1.54789873698817e-06], [3.5984470053587217e-06, 7.673778158804982e-06, 6.4577165658820585e-06, -2.24619955467345e-06, 5.476767078653281e-07, 1.4476851658783397e-06], [5.0418619704445795e-06, 6.4577165658820585e-06, 1.60030993450544e-05, -4.214612914586653e-06, -2.326305411204666e-06, -3.484402028216987e-07], [-8.255372610845604e-07, -2.24619955467345e-06, -4.214612914586653e-06, 3.555202951698279e-05, 2.7720410961353786e-05, 1.9311736850458727e-05], [1.0432146024413891e-06, 5.476767078653281e-07, -2.326305411204666e-06, 2.7720410961353786e-05, 4.0467287920573794e-05, 2.6721589456108026e-05], [1.54789873698817e-06, 1.4476851658783397e-06, -3.484402028216987e-07, 1.9311736850458727e-05, 2.6721589456108026e-05, 2.655742152929359e-05]]</COVARIANCE_MATRIX>
		<ROI_SIZE>2849</ROI_SIZE>
		<MAX_VALUE>[0.1610010266304016, 0.1449967920780182, 0.14987443387508392, 0.13669908046722412, 0.05983668938279152, 0.04414422810077667]</MAX_VALUE>
		<MIN_VALUE>[0.14184297621250153, 0.1260809302330017, 0.11287170648574829, 0.09215066581964493, 0.016471518203616142, 0.0052550360560417175]</MIN_VALUE>
		<SIGNATURE_THRESHOLD_MD>0</SIGNATURE_THRESHOLD_MD>
		<SIGNATURE_THRESHOLD_ML>0</SIGNATURE_THRESHOLD_ML>
		<SIGNATURE_THRESHOLD_SAM>0</SIGNATURE_THRESHOLD_SAM>
	</signature>
	<signature ID="20210602_145935741008_413">
		<MACROCLASSID>1</MACROCLASSID>
		<MACROCLASSINFO>waterbody</MACROCLASSINFO>
		<CLASSID>2</CLASSID>
		<CLASSINFO>C 1</CLASSINFO>
		<VALUES>[0.1515292061337202, 0.0027740280781984256, 0.13333910968326898, 0.0025560180306961108, 0.13456601147379055, 0.00350687503282003, 0.10635943066658093, 0.005104653021470825, 0.02398920095157837, 0.005626586017000302, 0.013316737042267162, 0.004906608654137391]</VALUES>
		<LCS_MIN>[0.14375877380371094, 0.1260809302330017, 0.11871425062417984, 0.09809046238660812, 0.016471518203616142, 0.0026624221354722977]</LCS_MIN>
		<LCS_MAX>[0.1610010266304016, 0.14079326391220093, 0.14403188228607178, 0.13966898620128632, 0.05712636560201645, 0.046736836433410645]</LCS_MAX>
		<WAVELENGTH>[0.485, 0.56, 0.66, 0.835, 1.65, 2.22]</WAVELENGTH>
		<MEAN_VALUE>[0.1515292061337202, 0.13333910968326898, 0.13456601147379055, 0.10635943066658093, 0.02398920095157837, 0.013316737042267162]</MEAN_VALUE>
		<CHECKBOX>2</CHECKBOX>
		<SD>[0.0027740280781984256, 0.0025560180306961108, 0.00350687503282003, 0.005104653021470825, 0.005626586017000302, 0.004906608654137391]</SD>
		<WAVELENGTH_UNIT>E-6m</WAVELENGTH_UNIT>
		<COLOR>#95158b</COLOR>
		<COVARIANCE_MATRIX>[[6.4075319321014435e-06, 2.301846420137163e-06, 2.9080939833280635e-06, 9.53715721631619e-07, 4.7259697829143966e-07, 4.98115877161728e-07], [2.301846420137163e-06, 5.716174649010806e-06, 3.5796948976334703e-06, -5.948359996383413e-07, -4.666093535585873e-07, -2.7017122140828023e-07], [2.9080939833280635e-06, 3.5796948976334703e-06, 1.0362613907982435e-05, -1.7307534227880262e-07, -1.5650553537110996e-06, -8.639269516361652e-07], [9.53715721631619e-07, -5.948359996383413e-07, -1.7307534227880262e-07, 2.9883264321540914e-05, 2.0888060984059634e-05, 1.5144359299914104e-05], [4.7259697829143966e-07, -4.666093535585873e-07, -1.5650553537110996e-06, 2.0888060984059634e-05, 3.373710744399148e-05, 2.326791696752158e-05], [4.98115877161728e-07, -2.7017122140828023e-07, -8.639269516361652e-07, 1.5144359299914104e-05, 2.326791696752158e-05, 2.5060080884428133e-05]]</COVARIANCE_MATRIX>
		<ROI_SIZE>2451</ROI_SIZE>
		<MAX_VALUE>[0.1610010266304016, 0.14079326391220093, 0.14403188228607178, 0.13966898620128632, 0.05712636560201645, 0.046736836433410645]</MAX_VALUE>
		<MIN_VALUE>[0.14375877380371094, 0.1260809302330017, 0.11871425062417984, 0.09809046238660812, 0.016471518203616142, 0.0026624221354722977]</MIN_VALUE>
		<SIGNATURE_THRESHOLD_MD>0</SIGNATURE_THRESHOLD_MD>
		<SIGNATURE_THRESHOLD_ML>0</SIGNATURE_THRESHOLD_ML>
		<SIGNATURE_THRESHOLD_SAM>0</SIGNATURE_THRESHOLD_SAM>
	</signature>
	<signature ID="20210602_145939827149_876">
		<MACROCLASSID>1</MACROCLASSID>
		<MACROCLASSINFO>waterbody</MACROCLASSINFO>
		<CLASSID>3</CLASSID>
		<CLASSINFO>C 1</CLASSINFO>
		<VALUES>[0.15078823003716188, 0.0022221862292135567, 0.1334695635568491, 0.0021715101254419027, 0.13521194967875733, 0.003642952427291963, 0.09943443351904187, 0.004209460284008219, 0.022023180620088522, 0.004809651342458359, 0.011796211442504945, 0.0039957134364909256]</VALUES>
		<LCS_MIN>[0.14375877380371094, 0.11977566033601761, 0.11871425062417984, 0.09215066581964493, 0.013761194422841072, 0.0026624221354722977]</LCS_MIN>
		<LCS_MAX>[0.1571694016456604, 0.13869154453277588, 0.14403188228607178, 0.13669908046722412, 0.06254701316356659, 0.0415516160428524]</LCS_MAX>
		<WAVELENGTH>[0.485, 0.56, 0.66, 0.835, 1.65, 2.22]</WAVELENGTH>
		<MEAN_VALUE>[0.15078823003716188, 0.1334695635568491, 0.13521194967875733, 0.09943443351904187, 0.022023180620088522, 0.011796211442504945]</MEAN_VALUE>
		<CHECKBOX>2</CHECKBOX>
		<SD>[0.0022221862292135567, 0.0021715101254419027, 0.003642952427291963, 0.004209460284008219, 0.004809651342458359, 0.0039957134364909256]</SD>
		<WAVELENGTH_UNIT>E-6m</WAVELENGTH_UNIT>
		<COLOR>#e35ae2</COLOR>
		<COVARIANCE_MATRIX>[[5.036427745110019e-06, 1.31120493823116e-06, 2.4241921796455087e-06, -1.7127734728487726e-06, -2.1326208266837183e-06, -1.4473318663669646e-06], [1.31120493823116e-06, 5.262027862033332e-06, 4.593208460943354e-06, -2.8806143175047145e-06, -4.356198312458399e-06, -3.0417331076735068e-06], [2.4241921796455087e-06, 4.593208460943354e-06, 1.4928577674354663e-05, -4.499836014623935e-06, -8.435200797335649e-06, -5.867309792191073e-06], [-1.7127734728487726e-06, -2.8806143175047145e-06, -4.499836014623935e-06, 2.178334413051541e-05, 1.794796572212761e-05, 1.1844637442137729e-05], [-2.1326208266837183e-06, -4.356198312458399e-06, -8.435200797335649e-06, 1.794796572212761e-05, 2.863470935743671e-05, 1.820371528430674e-05], [-1.4473318663669646e-06, -3.0417331076735068e-06, -5.867309792191073e-06, 1.1844637442137729e-05, 1.820371528430674e-05, 2.0468688087089627e-05]]</COVARIANCE_MATRIX>
		<ROI_SIZE>3187</ROI_SIZE>
		<MAX_VALUE>[0.1571694016456604, 0.13869154453277588, 0.14403188228607178, 0.13669908046722412, 0.06254701316356659, 0.0415516160428524]</MAX_VALUE>
		<MIN_VALUE>[0.14375877380371094, 0.11977566033601761, 0.11871425062417984, 0.09215066581964493, 0.013761194422841072, 0.0026624221354722977]</MIN_VALUE>
		<SIGNATURE_THRESHOLD_MD>0</SIGNATURE_THRESHOLD_MD>
		<SIGNATURE_THRESHOLD_ML>0</SIGNATURE_THRESHOLD_ML>
		<SIGNATURE_THRESHOLD_SAM>0</SIGNATURE_THRESHOLD_SAM>
	</signature>
	<signature ID="20210602_145944762138_447">
		<MACROCLASSID>1</MACROCLASSID>
		<MACROCLASSINFO>waterbody</MACROCLASSINFO>
		<CLASSID>4</CLASSID>
		<CLASSINFO>C 1</CLASSINFO>
		<VALUES>[0.1558985528112813, 0.0025824786693057987, 0.13575682552023383, 0.0032951424309381433, 0.12598698191471727, 0.011386011542410358, 0.09578709976366633, 0.01283883106748524, 0.026681426229929008, 0.006022293041558976, 0.014800564946860746, 0.005204273332901333]</VALUES>
		<LCS_MIN>[0.14759039878845215, 0.1260809302330017, 0.10702916979789734, 0.07433129847049713, 0.016471518203616142, 0.0026624221354722977]</LCS_MIN>
		<LCS_MAX>[0.16483260691165924, 0.14920033514499664, 0.15571695566177368, 0.13075928390026093, 0.05983668938279152, 0.046736836433410645]</LCS_MAX>
		<WAVELENGTH>[0.485, 0.56, 0.66, 0.835, 1.65, 2.22]</WAVELENGTH>
		<MEAN_VALUE>[0.1558985528112813, 0.13575682552023383, 0.12598698191471727, 0.09578709976366633, 0.026681426229929008, 0.014800564946860746]</MEAN_VALUE>
		<CHECKBOX>2</CHECKBOX>
		<SD>[0.0025824786693057987, 0.0032951424309381433, 0.011386011542410358, 0.01283883106748524, 0.006022293041558976, 0.005204273332901333]</SD>
		<WAVELENGTH_UNIT>E-6m</WAVELENGTH_UNIT>
		<COLOR>#a545e5</COLOR>
		<COVARIANCE_MATRIX>[[7.879649498009226e-06, 5.933683926186411e-06, 9.079635013907769e-06, -6.925350010992433e-07, 2.0221178086965265e-06, 1.6521620155763805e-06], [5.933683926186411e-06, 1.4100828242483495e-05, 1.8618261871320795e-05, -1.9265628377770143e-06, 8.343656213504479e-07, 6.559313510267946e-07], [9.079635013907769e-06, 1.8618261871320795e-05, 0.00011374387743076013, 8.270607535427629e-05, -3.2719419949957593e-06, -1.6881219032329719e-06], [-6.925350010992433e-07, -1.9265628377770143e-06, 8.270607535427629e-05, 0.00012440193262001193, 2.147728941980095e-05, 1.59308081610274e-05], [2.0221178086965265e-06, 8.343656213504479e-07, -3.2719419949957593e-06, 2.147728941980095e-05, 4.418779307181228e-05, 3.087428539253878e-05], [1.6521620155763805e-06, 6.559313510267946e-07, -1.6881219032329719e-06, 1.59308081610274e-05, 3.087428539253878e-05, 3.05976471870783e-05]]</COVARIANCE_MATRIX>
		<ROI_SIZE>2062</ROI_SIZE>
		<MAX_VALUE>[0.16483260691165924, 0.14920033514499664, 0.15571695566177368, 0.13075928390026093, 0.05983668938279152, 0.046736836433410645]</MAX_VALUE>
		<MIN_VALUE>[0.14759039878845215, 0.1260809302330017, 0.10702916979789734, 0.07433129847049713, 0.016471518203616142, 0.0026624221354722977]</MIN_VALUE>
		<SIGNATURE_THRESHOLD_MD>0</SIGNATURE_THRESHOLD_MD>
		<SIGNATURE_THRESHOLD_ML>0</SIGNATURE_THRESHOLD_ML>
		<SIGNATURE_THRESHOLD_SAM>0</SIGNATURE_THRESHOLD_SAM>
	</signature>
	<signature ID="20210602_145948429439_465">
		<MACROCLASSID>1</MACROCLASSID>
		<MACROCLASSINFO>waterbody</MACROCLASSINFO>
		<CLASSID>5</CLASSID>
		<CLASSINFO>C 1</CLASSINFO>
		<VALUES>[0.1589932393157081, 0.0025939492412967798, 0.15095001731574004, 0.003747563021053794, 0.15859744923838073, 0.005242568450528858, 0.09136799846959437, 0.005820282211415258, 0.02415122691089092, 0.0069825644471977035, 0.013178526594183925, 0.0055174671596042195]</VALUES>
		<LCS_MIN>[0.14759039878845215, 0.13028447329998016, 0.12650428712368011, 0.08324098587036133, 0.013761194422841072, 6.980824400670826e-05]</LCS_MIN>
		<LCS_MAX>[0.16483260691165924, 0.1597091555595398, 0.1693495512008667, 0.12184961885213852, 0.05983668938279152, 0.04414422810077667]</LCS_MAX>
		<WAVELENGTH>[0.485, 0.56, 0.66, 0.835, 1.65, 2.22]</WAVELENGTH>
		<MEAN_VALUE>[0.1589932393157081, 0.15095001731574004, 0.15859744923838073, 0.09136799846959437, 0.02415122691089092, 0.013178526594183925]</MEAN_VALUE>
		<CHECKBOX>2</CHECKBOX>
		<SD>[0.0025939492412967798, 0.003747563021053794, 0.005242568450528858, 0.005820282211415258, 0.0069825644471977035, 0.0055174671596042195]</SD>
		<WAVELENGTH_UNIT>E-6m</WAVELENGTH_UNIT>
		<COLOR>#61f352</COLOR>
		<COVARIANCE_MATRIX>[[7.1078678147082175e-06, 5.118359435515225e-06, 5.523672097150691e-06, -1.0233943419493752e-06, -7.815755837929911e-07, 5.569541088370256e-07], [5.118359435515225e-06, 1.3049930090824469e-05, 1.4061296381620053e-05, -7.393530789612803e-06, -8.228538439185163e-06, -4.367377727300114e-06], [5.523672097150691e-06, 1.4061296381620053e-05, 3.1200246388363494e-05, -1.437988282871209e-05, -1.7813188901894097e-05, -1.0905711354681536e-05], [-1.0233943419493752e-06, -7.393530789612803e-06, -1.437988282871209e-05, 4.0924357367033396e-05, 4.079621545652142e-05, 2.9103200558941558e-05], [-7.815755837929911e-07, -8.228538439185163e-06, -1.7813188901894097e-05, 4.079621545652142e-05, 5.7032460035310924e-05, 3.948681329857567e-05], [5.569541088370256e-07, -4.367377727300114e-06, -1.0905711354681536e-05, 2.9103200558941558e-05, 3.948681329857567e-05, 3.6979873986240536e-05]]</COVARIANCE_MATRIX>
		<ROI_SIZE>1769</ROI_SIZE>
		<MAX_VALUE>[0.16483260691165924, 0.1597091555595398, 0.1693495512008667, 0.12184961885213852, 0.05983668938279152, 0.04414422810077667]</MAX_VALUE>
		<MIN_VALUE>[0.14759039878845215, 0.13028447329998016, 0.12650428712368011, 0.08324098587036133, 0.013761194422841072, 6.980824400670826e-05]</MIN_VALUE>
		<SIGNATURE_THRESHOLD_MD>0</SIGNATURE_THRESHOLD_MD>
		<SIGNATURE_THRESHOLD_ML>0</SIGNATURE_THRESHOLD_ML>
		<SIGNATURE_THRESHOLD_SAM>0</SIGNATURE_THRESHOLD_SAM>
	</signature>
	<signature ID="20210602_145953314477_103">
		<MACROCLASSID>1</MACROCLASSID>
		<MACROCLASSINFO>waterbody</MACROCLASSINFO>
		<CLASSID>6</CLASSID>
		<CLASSINFO>C 1</CLASSINFO>
		<VALUES>[0.15973963920785259, 0.002835960078394729, 0.15182847118219442, 0.004015229483624131, 0.1594999592124891, 0.006398406628353399, 0.09615082546936728, 0.007083375357582563, 0.026672404722632034, 0.0074246771609171765, 0.015352459724135369, 0.005735606671663702]</VALUES>
		<LCS_MIN>[0.14759039878845215, 0.1260809302330017, 0.12650428712368011, 0.08621087670326233, 0.016471518203616142, 0.0052550360560417175]</LCS_MIN>
		<LCS_MAX>[0.16866421699523926, 0.1597091555595398, 0.17129705846309662, 0.13075928390026093, 0.06254701316356659, 0.04414422810077667]</LCS_MAX>
		<WAVELENGTH>[0.485, 0.56, 0.66, 0.835, 1.65, 2.22]</WAVELENGTH>
		<MEAN_VALUE>[0.15973963920785259, 0.15182847118219442, 0.1594999592124891, 0.09615082546936728, 0.026672404722632034, 0.015352459724135369]</MEAN_VALUE>
		<CHECKBOX>2</CHECKBOX>
		<SD>[0.002835960078394729, 0.004015229483624131, 0.006398406628353399, 0.007083375357582563, 0.0074246771609171765, 0.005735606671663702]</SD>
		<WAVELENGTH_UNIT>E-6m</WAVELENGTH_UNIT>
		<COLOR>#c8c007</COLOR>
		<COVARIANCE_MATRIX>[[8.14749781953672e-06, 5.288966704164701e-06, 7.348853969846175e-06, -3.254045642679742e-06, -2.342709548344962e-06, -7.42093663766111e-07], [5.288966704164701e-06, 1.479929111535082e-05, 1.82311023850959e-05, -1.1826221089606336e-05, -1.1997228739666233e-05, -7.170269526163462e-06], [7.348853969846175e-06, 1.82311023850959e-05, 3.679212393496339e-05, -2.3335421793751472e-05, -2.431719878960981e-05, -1.563762550804909e-05], [-3.254045642679742e-06, -1.1826221089606336e-05, -2.3335421793751472e-05, 4.549350025531009e-05, 4.185025737155993e-05, 2.8875774252643973e-05], [-2.342709548344962e-06, -1.1997228739666233e-05, -2.431719878960981e-05, 4.185025737155993e-05, 5.266149914107036e-05, 3.47585909776595e-05], [-7.42093663766111e-07, -7.170269526163462e-06, -1.563762550804909e-05, 2.8875774252643973e-05, 3.47585909776595e-05, 3.209009655688278e-05]]</COVARIANCE_MATRIX>
		<ROI_SIZE>1838</ROI_SIZE>
		<MAX_VALUE>[0.16866421699523926, 0.1597091555595398, 0.17129705846309662, 0.13075928390026093, 0.06254701316356659, 0.04414422810077667]</MAX_VALUE>
		<MIN_VALUE>[0.14759039878845215, 0.1260809302330017, 0.12650428712368011, 0.08621087670326233, 0.016471518203616142, 0.0052550360560417175]</MIN_VALUE>
		<SIGNATURE_THRESHOLD_MD>0</SIGNATURE_THRESHOLD_MD>
		<SIGNATURE_THRESHOLD_ML>0</SIGNATURE_THRESHOLD_ML>
		<SIGNATURE_THRESHOLD_SAM>0</SIGNATURE_THRESHOLD_SAM>
	</signature>
	<signature ID="20210602_145957566485_275">
		<MACROCLASSID>1</MACROCLASSID>
		<MACROCLASSINFO>waterbody</MACROCLASSINFO>
		<CLASSID>7</CLASSID>
		<CLASSINFO>C 1</CLASSINFO>
		<VALUES>[0.13674868100412493, 0.002629690264976178, 0.10540410840891427, 0.0035844604745856436, 0.07666173317751457, 0.0037686996866402806, 0.06569664363510513, 0.0067525183138184815, 0.02144534660002855, 0.0057689072493652925, 0.011062910375641022, 0.003958352030663908]</VALUES>
		<LCS_MIN>[0.12843236327171326, 0.0924527496099472, 0.06613142043352127, 0.056511927396059036, 0.011050871573388577, 6.980824400670826e-05]</LCS_MIN>
		<LCS_MAX>[0.14567458629608154, 0.11557213217020035, 0.09144908934831619, 0.10106034576892853, 0.05983668938279152, 0.038958996534347534]</LCS_MAX>
		<WAVELENGTH>[0.485, 0.56, 0.66, 0.835, 1.65, 2.22]</WAVELENGTH>
		<MEAN_VALUE>[0.13674868100412493, 0.10540410840891427, 0.07666173317751457, 0.06569664363510513, 0.02144534660002855, 0.011062910375641022]</MEAN_VALUE>
		<CHECKBOX>2</CHECKBOX>
		<SD>[0.002629690264976178, 0.0035844604745856436, 0.0037686996866402806, 0.0067525183138184815, 0.0057689072493652925, 0.003958352030663908]</SD>
		<WAVELENGTH_UNIT>E-6m</WAVELENGTH_UNIT>
		<COLOR>#3cea73</COLOR>
		<COVARIANCE_MATRIX>[[6.584127215999453e-06, 4.747631810518689e-06, 4.295324760032783e-06, -4.122610645418457e-07, 1.923472638043123e-07, 3.725552179224017e-07], [4.747631810518689e-06, 1.2086806230869012e-05, 8.617850772101097e-06, -6.316984072188286e-07, 3.375867003991631e-07, 6.965542210437431e-07], [4.295324760032783e-06, 8.617850772101097e-06, 1.4189595223231898e-05, 7.385313430632782e-06, 6.675401072150272e-06, 4.030879307032155e-06], [-4.122610645418457e-07, -6.316984072188286e-07, 7.385313430632782e-06, 5.360546299553388e-05, 3.8351838005692595e-05, 2.0101597945413567e-05], [1.923472638043123e-07, 3.375867003991631e-07, 6.675401072150272e-06, 3.8351838005692595e-05, 3.9288713009526164e-05, 1.9421705793180582e-05], [3.725552179224017e-07, 6.965542210437431e-07, 4.030879307032155e-06, 2.0101597945413567e-05, 1.9421705793180582e-05, 1.7515475908288226e-05]]</COVARIANCE_MATRIX>
		<ROI_SIZE>4759</ROI_SIZE>
		<MAX_VALUE>[0.14567458629608154, 0.11557213217020035, 0.09144908934831619, 0.10106034576892853, 0.05983668938279152, 0.038958996534347534]</MAX_VALUE>
		<MIN_VALUE>[0.12843236327171326, 0.0924527496099472, 0.06613142043352127, 0.056511927396059036, 0.011050871573388577, 6.980824400670826e-05]</MIN_VALUE>
		<SIGNATURE_THRESHOLD_MD>0</SIGNATURE_THRESHOLD_MD>
		<SIGNATURE_THRESHOLD_ML>0</SIGNATURE_THRESHOLD_ML>
		<SIGNATURE_THRESHOLD_SAM>0</SIGNATURE_THRESHOLD_SAM>
	</signature>
	<signature ID="20210602_150001987408_416">
		<MACROCLASSID>1</MACROCLASSID>
		<MACROCLASSINFO>waterbody</MACROCLASSINFO>
		<CLASSID>8</CLASSID>
		<CLASSINFO>C 1</CLASSINFO>
		<VALUES>[0.15705474102475156, 0.0029340022276136708, 0.13747227396370085, 0.0033569848475518407, 0.11718456758594414, 0.0054030935645444774, 0.0924323422089905, 0.00885079766711491, 0.029731134894350312, 0.007779985938785237, 0.015403467799068652, 0.005520001789860104]</VALUES>
		<LCS_MIN>[0.14759039878845215, 0.12818270921707153, 0.10118664801120758, 0.08027109503746033, 0.019181841984391212, 0.0052550360560417175]</LCS_MIN>
		<LCS_MAX>[0.16483260691165924, 0.14920033514499664, 0.13429434597492218, 0.13075928390026093, 0.06796766072511673, 0.04414422810077667]</LCS_MAX>
		<WAVELENGTH>[0.485, 0.56, 0.66, 0.835, 1.65, 2.22]</WAVELENGTH>
		<MEAN_VALUE>[0.15705474102475156, 0.13747227396370085, 0.11718456758594414, 0.0924323422089905, 0.029731134894350312, 0.015403467799068652]</MEAN_VALUE>
		<CHECKBOX>2</CHECKBOX>
		<SD>[0.0029340022276136708, 0.0033569848475518407, 0.0054030935645444774, 0.00885079766711491, 0.007779985938785237, 0.005520001789860104]</SD>
		<WAVELENGTH_UNIT>E-6m</WAVELENGTH_UNIT>
		<COLOR>#48107a</COLOR>
		<COVARIANCE_MATRIX>[[8.616303052353017e-06, 5.307985055160419e-06, 6.860138798205506e-06, 5.643411391719209e-06, 9.427659331434324e-07, 5.46748099323597e-07], [5.307985055160419e-06, 1.1279733761869341e-05, 1.246884444005108e-05, 1.1280185860592576e-05, 3.2400251116833083e-06, 1.7981823198988484e-06], [6.860138798205506e-06, 1.246884444005108e-05, 2.922032644516409e-05, 2.9995805445785246e-05, 1.38459212810495e-05, 9.051007321649172e-06], [5.643411391719209e-06, 1.1280185860592576e-05, 2.9995805445785246e-05, 7.840881899337184e-05, 5.6286995250153716e-05, 3.441002662190689e-05], [9.427659331434324e-07, 3.2400251116833083e-06, 1.38459212810495e-05, 5.6286995250153716e-05, 6.058396754982293e-05, 3.6422760860486246e-05], [5.46748099323597e-07, 1.7981823198988484e-06, 9.051007321649172e-06, 3.441002662190689e-05, 3.6422760860486246e-05, 3.0498503096243117e-05]]</COVARIANCE_MATRIX>
		<ROI_SIZE>1086</ROI_SIZE>
		<MAX_VALUE>[0.16483260691165924, 0.14920033514499664, 0.13429434597492218, 0.13075928390026093, 0.06796766072511673, 0.04414422810077667]</MAX_VALUE>
		<MIN_VALUE>[0.14759039878845215, 0.12818270921707153, 0.10118664801120758, 0.08027109503746033, 0.019181841984391212, 0.0052550360560417175]</MIN_VALUE>
		<SIGNATURE_THRESHOLD_MD>0</SIGNATURE_THRESHOLD_MD>
		<SIGNATURE_THRESHOLD_ML>0</SIGNATURE_THRESHOLD_ML>
		<SIGNATURE_THRESHOLD_SAM>0</SIGNATURE_THRESHOLD_SAM>
	</signature>
	<signature ID="20210602_150007224630_833">
		<MACROCLASSID>1</MACROCLASSID>
		<MACROCLASSINFO>waterbody</MACROCLASSINFO>
		<CLASSID>9</CLASSID>
		<CLASSINFO>C 1</CLASSINFO>
		<VALUES>[0.14220764786005013, 0.0021619039102122126, 0.11503378670466582, 0.002356599109027339, 0.08837064396132499, 0.003034432534275766, 0.08430649883914408, 0.00881463610614943, 0.02669228717701083, 0.007263360090555594, 0.01314203688599631, 0.0050046812397351904]</VALUES>
		<LCS_MIN>[0.13417977094650269, 0.10506332665681839, 0.07976400852203369, 0.07136140018701553, 0.011050871573388577, 6.980824400670826e-05]</LCS_MIN>
		<LCS_MAX>[0.14950619637966156, 0.12397918850183487, 0.09923913329839706, 0.11887972056865692, 0.06254701316356659, 0.0415516160428524]</LCS_MAX>
		<WAVELENGTH>[0.485, 0.56, 0.66, 0.835, 1.65, 2.22]</WAVELENGTH>
		<MEAN_VALUE>[0.14220764786005013, 0.11503378670466582, 0.08837064396132499, 0.08430649883914408, 0.02669228717701083, 0.01314203688599631]</MEAN_VALUE>
		<CHECKBOX>2</CHECKBOX>
		<SD>[0.0021619039102122126, 0.002356599109027339, 0.003034432534275766, 0.00881463610614943, 0.007263360090555594, 0.0050046812397351904]</SD>
		<WAVELENGTH_UNIT>E-6m</WAVELENGTH_UNIT>
		<COLOR>#3fa22e</COLOR>
		<COVARIANCE_MATRIX>[[4.677931966083894e-06, 9.1767045083802e-07, 8.582803707314996e-07, 5.702055733104082e-07, 4.4074999133605926e-07, 3.3954493395010567e-07], [9.1767045083802e-07, 5.558435181002622e-06, 2.6752663951305598e-06, 1.2098294318043674e-06, 7.759343361385058e-07, 3.937036630555517e-07], [8.582803707314996e-07, 2.6752663951305598e-06, 9.215864897086166e-06, 1.1341874258690695e-05, 8.130463119662127e-06, 4.467867121083655e-06], [5.702055733104082e-07, 1.2098294318043674e-06, 1.1341874258690695e-05, 7.776602549567126e-05, 5.007459779491107e-05, 2.8776372518334248e-05], [4.4074999133605926e-07, 7.759343361385058e-07, 8.130463119662127e-06, 5.007459779491107e-05, 5.280271797874134e-05, 2.9828442912841656e-05], [3.3954493395010567e-07, 3.937036630555517e-07, 4.467867121083655e-06, 2.8776372518334248e-05, 2.9828442912841656e-05, 2.5068824508294485e-05]]</COVARIANCE_MATRIX>
		<ROI_SIZE>1140</ROI_SIZE>
		<MAX_VALUE>[0.14950619637966156, 0.12397918850183487, 0.09923913329839706, 0.11887972056865692, 0.06254701316356659, 0.0415516160428524]</MAX_VALUE>
		<MIN_VALUE>[0.13417977094650269, 0.10506332665681839, 0.07976400852203369, 0.07136140018701553, 0.011050871573388577, 6.980824400670826e-05]</MIN_VALUE>
		<SIGNATURE_THRESHOLD_MD>0</SIGNATURE_THRESHOLD_MD>
		<SIGNATURE_THRESHOLD_ML>0</SIGNATURE_THRESHOLD_ML>
		<SIGNATURE_THRESHOLD_SAM>0</SIGNATURE_THRESHOLD_SAM>
	</signature>
	<signature ID="20210602_150017024961_270">
		<MACROCLASSID>1</MACROCLASSID>
		<MACROCLASSINFO>waterbody</MACROCLASSINFO>
		<CLASSID>10</CLASSID>
		<CLASSINFO>C 1</CLASSINFO>
		<VALUES>[0.15388649183770908, 0.002805867904037142, 0.136881315955999, 0.0033517710805300105, 0.1375375033874937, 0.0037325885322197156, 0.10183100557639911, 0.005371749924425255, 0.025126219570914404, 0.006181756797866702, 0.01409389525253436, 0.005442878806792394]</VALUES>
		<LCS_MIN>[0.14567458629608154, 0.12397918850183487, 0.12066175788640976, 0.08918077498674393, 0.016471518203616142, 0.0026624221354722977]</LCS_MIN>
		<LCS_MAX>[0.16483260691165924, 0.14920033514499664, 0.15182192623615265, 0.13075928390026093, 0.05712636560201645, 0.04414422810077667]</LCS_MAX>
		<WAVELENGTH>[0.485, 0.56, 0.66, 0.835, 1.65, 2.22]</WAVELENGTH>
		<MEAN_VALUE>[0.15388649183770908, 0.136881315955999, 0.1375375033874937, 0.10183100557639911, 0.025126219570914404, 0.01409389525253436]</MEAN_VALUE>
		<CHECKBOX>2</CHECKBOX>
		<SD>[0.002805867904037142, 0.0033517710805300105, 0.0037325885322197156, 0.005371749924425255, 0.006181756797866702, 0.005442878806792394]</SD>
		<WAVELENGTH_UNIT>E-6m</WAVELENGTH_UNIT>
		<COLOR>#5b02c5</COLOR>
		<COVARIANCE_MATRIX>[[8.961447121171401e-06, 6.2785061553654825e-06, 6.696236126298961e-06, -3.3963303463384106e-06, 1.7193999987078845e-06, 2.078474988397856e-06], [6.2785061553654825e-06, 1.2186305836770785e-05, 9.7565419114365e-06, -6.675500102736229e-06, 1.9196567522347186e-06, 2.644955692644123e-06], [6.696236126298961e-06, 9.7565419114365e-06, 1.5937279831375106e-05, -7.60560560708599e-06, 1.9659408114602819e-07, 1.650302743668892e-06], [-3.3963303463384106e-06, -6.675500102736229e-06, -7.60560560708599e-06, 2.8880457164856896e-05, 2.0793122609203527e-05, 1.4795054335920598e-05], [1.7193999987078845e-06, 1.9196567522347186e-06, 1.9659408114602819e-07, 2.0793122609203527e-05, 3.9164046396482894e-05, 2.6931042605496205e-05], [2.078474988397856e-06, 2.644955692644123e-06, 1.650302743668892e-06, 1.4795054335920598e-05, 2.6931042605496205e-05, 2.820315865055591e-05]]</COVARIANCE_MATRIX>
		<ROI_SIZE>2699</ROI_SIZE>
		<MAX_VALUE>[0.16483260691165924, 0.14920033514499664, 0.15182192623615265, 0.13075928390026093, 0.05712636560201645, 0.04414422810077667]</MAX_VALUE>
		<MIN_VALUE>[0.14567458629608154, 0.12397918850183487, 0.12066175788640976, 0.08918077498674393, 0.016471518203616142, 0.0026624221354722977]</MIN_VALUE>
		<SIGNATURE_THRESHOLD_MD>0</SIGNATURE_THRESHOLD_MD>
		<SIGNATURE_THRESHOLD_ML>0</SIGNATURE_THRESHOLD_ML>
		<SIGNATURE_THRESHOLD_SAM>0</SIGNATURE_THRESHOLD_SAM>
	</signature>
	<signature ID="20210602_150021075529_997">
		<MACROCLASSID>1</MACROCLASSID>
		<MACROCLASSINFO>waterbody</MACROCLASSINFO>
		<CLASSID>11</CLASSID>
		<CLASSINFO>C 1</CLASSINFO>
		<VALUES>[0.15184806304268378, 0.0022234874913201817, 0.13431953616835504, 0.002362513504573394, 0.13598856046825158, 0.0028883546681907563, 0.09836002147092339, 0.0050043439021767375, 0.02272389708397901, 0.006098526828482015, 0.012933040749531425, 0.005191391888053754]</VALUES>
		<LCS_MIN>[0.14375877380371094, 0.12187742441892624, 0.11676672846078873, 0.08621087670326233, 0.011050871573388577, 6.980824400670826e-05]</LCS_MIN>
		<LCS_MAX>[0.1610010266304016, 0.1449967920780182, 0.1459794044494629, 0.13372920453548431, 0.05441604182124138, 0.046736836433410645]</LCS_MAX>
		<WAVELENGTH>[0.485, 0.56, 0.66, 0.835, 1.65, 2.22]</WAVELENGTH>
		<MEAN_VALUE>[0.15184806304268378, 0.13431953616835504, 0.13598856046825158, 0.09836002147092339, 0.02272389708397901, 0.012933040749531425]</MEAN_VALUE>
		<CHECKBOX>2</CHECKBOX>
		<SD>[0.0022234874913201817, 0.002362513504573394, 0.0028883546681907563, 0.0050043439021767375, 0.006098526828482015, 0.005191391888053754]</SD>
		<WAVELENGTH_UNIT>E-6m</WAVELENGTH_UNIT>
		<COLOR>#50965d</COLOR>
		<COVARIANCE_MATRIX>[[4.945839979648523e-06, 1.4788891734859576e-06, 1.4909701912655952e-06, 8.110671884650216e-09, 1.0742239288707935e-06, 9.074707918644806e-07], [1.4788891734859576e-06, 5.583664033371589e-06, 2.5718795348648697e-06, -1.7555271052559095e-06, -2.7763126498268004e-08, 3.0295003261109995e-08], [1.4909701912655952e-06, 2.5718795348648697e-06, 8.345872010284877e-06, -2.7895440057304096e-06, -1.3930987428364424e-06, -8.787314807870389e-07], [8.110671884650216e-09, -1.7555271052559095e-06, -2.7895440057304096e-06, 2.5053302017783292e-05, 2.1054023531326144e-05, 1.5565722375534533e-05], [1.0742239288707935e-06, -2.7763126498268004e-08, -1.3930987428364424e-06, 2.1054023531326144e-05, 3.7206648986157474e-05, 2.580939882751493e-05], [9.074707918644806e-07, 3.0295003261109995e-08, -8.787314807870389e-07, 1.5565722375534533e-05, 2.580939882751493e-05, 2.696114350490041e-05]]</COVARIANCE_MATRIX>
		<ROI_SIZE>2545</ROI_SIZE>
		<MAX_VALUE>[0.1610010266304016, 0.1449967920780182, 0.1459794044494629, 0.13372920453548431, 0.05441604182124138, 0.046736836433410645]</MAX_VALUE>
		<MIN_VALUE>[0.14375877380371094, 0.12187742441892624, 0.11676672846078873, 0.08621087670326233, 0.011050871573388577, 6.980824400670826e-05]</MIN_VALUE>
		<SIGNATURE_THRESHOLD_MD>0</SIGNATURE_THRESHOLD_MD>
		<SIGNATURE_THRESHOLD_ML>0</SIGNATURE_THRESHOLD_ML>
		<SIGNATURE_THRESHOLD_SAM>0</SIGNATURE_THRESHOLD_SAM>
	</signature>
	<signature ID="20210602_150025456139_495">
		<MACROCLASSID>1</MACROCLASSID>
		<MACROCLASSINFO>waterbody</MACROCLASSINFO>
		<CLASSID>12</CLASSID>
		<CLASSINFO>C 1</CLASSINFO>
		<VALUES>[0.15483817579527115, 0.002322604950166317, 0.13630637365773163, 0.0023789972209555025, 0.13803716192517085, 0.0029906989891367794, 0.09988187329334151, 0.004653447728278157, 0.024140075167941415, 0.006188564577482588, 0.014068777958955246, 0.005472594708286042]</VALUES>
		<LCS_MIN>[0.14759039878845215, 0.12818270921707153, 0.12650428712368011, 0.08918077498674393, 0.013761194422841072, 0.0026624221354722977]</LCS_MIN>
		<LCS_MAX>[0.16483260691165924, 0.1449967920780182, 0.15182192623615265, 0.13372920453548431, 0.05712636560201645, 0.046736836433410645]</LCS_MAX>
		<WAVELENGTH>[0.485, 0.56, 0.66, 0.835, 1.65, 2.22]</WAVELENGTH>
		<MEAN_VALUE>[0.15483817579527115, 0.13630637365773163, 0.13803716192517085, 0.09988187329334151, 0.024140075167941415, 0.014068777958955246]</MEAN_VALUE>
		<CHECKBOX>2</CHECKBOX>
		<SD>[0.002322604950166317, 0.0023789972209555025, 0.0029906989891367794, 0.004653447728278157, 0.006188564577482588, 0.005472594708286042]</SD>
		<WAVELENGTH_UNIT>E-6m</WAVELENGTH_UNIT>
		<COLOR>#3141d6</COLOR>
		<COVARIANCE_MATRIX>[[5.3974642907455815e-06, 1.8910517077771388e-06, 1.9645719623734e-06, 3.7490042190571713e-07, 2.0037234592277647e-06, 1.795391908651121e-06], [1.8910517077771388e-06, 5.662744312433642e-06, 3.4482341427103344e-06, -7.672526305330771e-07, 1.6631329619204042e-06, 1.4069429967767327e-06], [1.9645719623734e-06, 3.4482341427103344e-06, 8.9492057081852e-06, -1.7623940821495733e-06, 4.789257990830923e-07, 5.470000149183982e-07], [3.7490042190571713e-07, -7.672526305330771e-07, -1.7623940821495733e-06, 2.1666500085676288e-05, 1.9715600565052326e-05, 1.495048441993401e-05], [2.0037234592277647e-06, 1.6631329619204042e-06, 4.789257990830923e-07, 1.9715600565052326e-05, 3.8319420919281116e-05, 2.7828150308154678e-05], [1.795391908651121e-06, 1.4069429967767327e-06, 5.470000149183982e-07, 1.495048441993401e-05, 2.7828150308154678e-05, 2.996578474250468e-05]]</COVARIANCE_MATRIX>
		<ROI_SIZE>1817</ROI_SIZE>
		<MAX_VALUE>[0.16483260691165924, 0.1449967920780182, 0.15182192623615265, 0.13372920453548431, 0.05712636560201645, 0.046736836433410645]</MAX_VALUE>
		<MIN_VALUE>[0.14759039878845215, 0.12818270921707153, 0.12650428712368011, 0.08918077498674393, 0.013761194422841072, 0.0026624221354722977]</MIN_VALUE>
		<SIGNATURE_THRESHOLD_MD>0</SIGNATURE_THRESHOLD_MD>
		<SIGNATURE_THRESHOLD_ML>0</SIGNATURE_THRESHOLD_ML>
		<SIGNATURE_THRESHOLD_SAM>0</SIGNATURE_THRESHOLD_SAM>
	</signature>
	<signature ID="20210602_150030179832_233">
		<MACROCLASSID>1</MACROCLASSID>
		<MACROCLASSINFO>waterbody</MACROCLASSINFO>
		<CLASSID>13</CLASSID>
		<CLASSINFO>C 1</CLASSINFO>
		<VALUES>[0.1488901761017348, 0.0024906855585343692, 0.1318331441694969, 0.002526976624575878, 0.13481485088184295, 0.0034734752540875095, 0.10219604278743064, 0.007139452402722918, 0.023530392868499492, 0.006181238505199023, 0.01351046086732535, 0.005063732297597536]</VALUES>
		<LCS_MIN>[0.13992716372013092, 0.11347036808729172, 0.10702916979789734, 0.09215066581964493, 0.011050871573388577, 6.980824400670826e-05]</LCS_MIN>
		<LCS_MAX>[0.1571694016456604, 0.14289504289627075, 0.14403188228607178, 0.13372920453548431, 0.05983668938279152, 0.0415516160428524]</LCS_MAX>
		<WAVELENGTH>[0.485, 0.56, 0.66, 0.835, 1.65, 2.22]</WAVELENGTH>
		<MEAN_VALUE>[0.1488901761017348, 0.1318331441694969, 0.13481485088184295, 0.10219604278743064, 0.023530392868499492, 0.01351046086732535]</MEAN_VALUE>
		<CHECKBOX>2</CHECKBOX>
		<SD>[0.0024906855585343692, 0.002526976624575878, 0.0034734752540875095, 0.007139452402722918, 0.006181238505199023, 0.005063732297597536]</SD>
		<WAVELENGTH_UNIT>E-6m</WAVELENGTH_UNIT>
		<COLOR>#08eee2</COLOR>
		<COVARIANCE_MATRIX>[[6.2476413885081e-06, 3.06144740245398e-06, 3.087488353833594e-06, -2.0888538643064154e-06, -2.0729610417636707e-08, 3.423835921310295e-07], [3.06144740245398e-06, 8.292876012592787e-06, 5.112346177439576e-06, -5.907411855048016e-06, -7.858366365081738e-07, -3.976798256420906e-07], [3.087488353833594e-06, 5.112346177439576e-06, 1.1718625578977282e-05, -7.31126261275756e-06, -5.066200255219658e-06, -3.153953463058371e-06], [-2.0888538643064154e-06, -5.907411855048016e-06, -7.31126261275756e-06, 4.812256722638208e-05, 2.810698757283859e-05, 2.082314795752011e-05], [-2.0729610417636707e-08, -7.858366365081738e-07, -5.066200255219658e-06, 2.810698757283859e-05, 4.007665516226149e-05, 2.7025076561996028e-05], [3.423835921310295e-07, -3.976798256420906e-07, -3.153953463058371e-06, 2.082314795752011e-05, 2.7025076561996028e-05, 2.762268887631119e-05]]</COVARIANCE_MATRIX>
		<ROI_SIZE>2404</ROI_SIZE>
		<MAX_VALUE>[0.1571694016456604, 0.14289504289627075, 0.14403188228607178, 0.13372920453548431, 0.05983668938279152, 0.0415516160428524]</MAX_VALUE>
		<MIN_VALUE>[0.13992716372013092, 0.11347036808729172, 0.10702916979789734, 0.09215066581964493, 0.011050871573388577, 6.980824400670826e-05]</MIN_VALUE>
		<SIGNATURE_THRESHOLD_MD>0</SIGNATURE_THRESHOLD_MD>
		<SIGNATURE_THRESHOLD_ML>0</SIGNATURE_THRESHOLD_ML>
		<SIGNATURE_THRESHOLD_SAM>0</SIGNATURE_THRESHOLD_SAM>
	</signature>
	<signature ID="20210602_150034437834_984">
		<MACROCLASSID>1</MACROCLASSID>
		<MACROCLASSINFO>waterbody</MACROCLASSINFO>
		<CLASSID>14</CLASSID>
		<CLASSINFO>C 1</CLASSINFO>
		<VALUES>[0.14651481357288687, 0.002427549538565111, 0.1316695647436088, 0.002539641058555153, 0.13533405640539983, 0.0034622178453104376, 0.10449737938277075, 0.006572256714853383, 0.02647886316834099, 0.007980493645561344, 0.01565525290929421, 0.006692493761933662]</VALUES>
		<LCS_MIN>[0.1380113661289215, 0.11977566033601761, 0.10702916979789734, 0.09512055665254593, 0.013761194422841072, 0.0052550360560417175]</LCS_MIN>
		<LCS_MAX>[0.155253604054451, 0.1449967920780182, 0.14987443387508392, 0.13966898620128632, 0.06254701316356659, 0.04932945594191551]</LCS_MAX>
		<WAVELENGTH>[0.485, 0.56, 0.66, 0.835, 1.65, 2.22]</WAVELENGTH>
		<MEAN_VALUE>[0.14651481357288687, 0.1316695647436088, 0.13533405640539983, 0.10449737938277075, 0.02647886316834099, 0.01565525290929421]</MEAN_VALUE>
		<CHECKBOX>2</CHECKBOX>
		<SD>[0.002427549538565111, 0.002539641058555153, 0.0034622178453104376, 0.006572256714853383, 0.007980493645561344, 0.006692493761933662]</SD>
		<WAVELENGTH_UNIT>E-6m</WAVELENGTH_UNIT>
		<COLOR>#3b742d</COLOR>
		<COVARIANCE_MATRIX>[[5.899770321684512e-06, 2.2829165669709695e-06, 2.93364612414681e-06, 3.002778055991155e-07, 1.5311037179030577e-06, 2.4070471899566928e-06], [2.2829165669709695e-06, 6.457190242743137e-06, 4.928601340229249e-06, -3.1876271814830676e-06, -1.8424107068393425e-06, 1.403606533690256e-07], [2.93364612414681e-06, 4.928601340229249e-06, 1.2000730514602413e-05, -6.389823493132033e-06, -3.9067608779120096e-06, -3.211693224588565e-07], [3.002778055991155e-07, -3.1876271814830676e-06, -6.389823493132033e-06, 4.324420724355139e-05, 4.174715677811131e-05, 3.0156858362761807e-05], [1.5311037179030577e-06, -1.8424107068393425e-06, -3.9067608779120096e-06, 4.174715677811131e-05, 6.376148374503673e-05, 4.65876225540122e-05], [2.4070471899566928e-06, 1.403606533690256e-07, -3.211693224588565e-07, 3.0156858362761807e-05, 4.65876225540122e-05, 4.484095490611124e-05]]</COVARIANCE_MATRIX>
		<ROI_SIZE>871</ROI_SIZE>
		<MAX_VALUE>[0.155253604054451, 0.1449967920780182, 0.14987443387508392, 0.13966898620128632, 0.06254701316356659, 0.04932945594191551]</MAX_VALUE>
		<MIN_VALUE>[0.1380113661289215, 0.11977566033601761, 0.10702916979789734, 0.09512055665254593, 0.013761194422841072, 0.0052550360560417175]</MIN_VALUE>
		<SIGNATURE_THRESHOLD_MD>0</SIGNATURE_THRESHOLD_MD>
		<SIGNATURE_THRESHOLD_ML>0</SIGNATURE_THRESHOLD_ML>
		<SIGNATURE_THRESHOLD_SAM>0</SIGNATURE_THRESHOLD_SAM>
	</signature>
	<signature ID="20210602_150044427164_299">
		<MACROCLASSID>1</MACROCLASSID>
		<MACROCLASSINFO>waterbody</MACROCLASSINFO>
		<CLASSID>15</CLASSID>
		<CLASSINFO>C 1</CLASSINFO>
		<VALUES>[0.15306030964804063, 0.002669313702255057, 0.13997176123989968, 0.0027929389689801687, 0.12519435497326029, 0.004430986836853886, 0.08981718007652523, 0.010218767858487169, 0.029033649125180774, 0.009895836965046461, 0.01660800473542798, 0.0067225431942594775]</VALUES>
		<LCS_MIN>[0.14375877380371094, 0.13028447329998016, 0.11287170648574829, 0.07433129847049713, 0.016471518203616142, 0.0052550360560417175]</LCS_MIN>
		<LCS_MAX>[0.1610010266304016, 0.1470985859632492, 0.14208438992500305, 0.12778940796852112, 0.06254701316356659, 0.046736836433410645]</LCS_MAX>
		<WAVELENGTH>[0.485, 0.56, 0.66, 0.835, 1.65, 2.22]</WAVELENGTH>
		<MEAN_VALUE>[0.15306030964804063, 0.13997176123989968, 0.12519435497326029, 0.08981718007652523, 0.029033649125180774, 0.01660800473542798]</MEAN_VALUE>
		<CHECKBOX>2</CHECKBOX>
		<SD>[0.002669313702255057, 0.0027929389689801687, 0.004430986836853886, 0.010218767858487169, 0.009895836965046461, 0.0067225431942594775]</SD>
		<WAVELENGTH_UNIT>E-6m</WAVELENGTH_UNIT>
		<COLOR>#591850</COLOR>
		<COVARIANCE_MATRIX>[[7.1394011194582255e-06, 3.0136392704045673e-06, 5.65887669934411e-06, 1.5004127556558604e-06, -3.939757429809685e-06, -1.909110419616433e-06], [3.0136392704045673e-06, 7.816016052806668e-06, 6.758200561274239e-06, -7.120411886323469e-06, -1.144860337042429e-05, -7.207714292140203e-06], [5.65887669934411e-06, 6.758200561274239e-06, 1.9672677438528238e-05, 9.102963219887273e-06, -5.212922134853686e-06, -2.3241071857430097e-06], [1.5004127556558604e-06, -7.120411886323469e-06, 9.102963219887273e-06, 0.00010463081737377297, 7.512368463978256e-05, 4.564872591549938e-05], [-3.939757429809685e-06, -1.144860337042429e-05, -5.212922134853686e-06, 7.512368463978256e-05, 9.812227629492075e-05, 5.894886356386378e-05], [-1.909110419616433e-06, -7.207714292140203e-06, -2.3241071857430097e-06, 4.564872591549938e-05, 5.894886356386378e-05, 4.528243309609731e-05]]</COVARIANCE_MATRIX>
		<ROI_SIZE>504</ROI_SIZE>
		<MAX_VALUE>[0.1610010266304016, 0.1470985859632492, 0.14208438992500305, 0.12778940796852112, 0.06254701316356659, 0.046736836433410645]</MAX_VALUE>
		<MIN_VALUE>[0.14375877380371094, 0.13028447329998016, 0.11287170648574829, 0.07433129847049713, 0.016471518203616142, 0.0052550360560417175]</MIN_VALUE>
		<SIGNATURE_THRESHOLD_MD>0</SIGNATURE_THRESHOLD_MD>
		<SIGNATURE_THRESHOLD_ML>0</SIGNATURE_THRESHOLD_ML>
		<SIGNATURE_THRESHOLD_SAM>0</SIGNATURE_THRESHOLD_SAM>
	</signature>
	<signature ID="20210602_150050252677_419">
		<MACROCLASSID>1</MACROCLASSID>
		<MACROCLASSINFO>waterbody</MACROCLASSINFO>
		<CLASSID>16</CLASSID>
		<CLASSINFO>C 1</CLASSINFO>
		<VALUES>[0.15328530946823027, 0.002333964585006808, 0.14158216008584795, 0.0028466681625066706, 0.12632821175741826, 0.003184653597040588, 0.09379428020895347, 0.009890676986054522, 0.030988452976492973, 0.010362638507080054, 0.017578825339266715, 0.00707718170790482]</VALUES>
