<?xml version="1.0" ?>
<signaturelist MCID_LIST="[['1', 'waterbody', '#000000'], ['2', 'vegetation', '#000000'], ['3', 'bareland', '#000000'], ['4', 'built-up', '#000000']]">
	<signature ID="20210602_145931824409_104">
		<MACROCLASSID>1</MACROCLASSID>
		<MACROCLASSINFO>waterbody</MACROCLASSINFO>
		<CLASSID>1</CLASSID>
		<CLASSINFO>C 1</CLASSINFO>
		<VALUES>[0.15281955335022165, 0.0025785340292540653, 0.13564685087290337, 0.0026424556492771686, 0.13700905140470068, 0.004278798932053011, 0.10310174095811273, 0.005923718282293554, 0.02461049855939346, 0.0064674040036580074, 0.013985223622121202, 0.005092630297422067]</VALUES>
		<LCS_MIN>[0.14184297621250153, 0.1260809302330017, 0.11287170648574829, 0.09215066581964493, 0.016471518203616142, 0.0052550360560417175]</LCS_MIN>
		<LCS_MAX>[0.1610010266304016, 0.1449967920780182, 0.14987443387508392, 0.13669908046722412, 0.05983668938279152, 0.04414422810077667]</LCS_MAX>
		<WAVELENGTH>[0.485, 0.56, 0.66, 0.835, 1.65, 2.22]</WAVELENGTH>
		<MEAN_VALUE>[0.15281955335022165, 0.13564685087290337, 0.13700905140470068, 0.10310174095811273, 0.02461049855939346, 0.013985223622121202]</MEAN_VALUE>
		<CHECKBOX>2</CHECKBOX>
		<SD>[0.0025785340292540653, 0.0026424556492771686, 0.004278798932053011, 0.005923718282293554, 0.0064674040036580074, 0.005092630297422067]</SD>
		<WAVELENGTH_UNIT>E-6m</WAVELENGTH_UNIT>
		<COLOR>#024459</COLOR>
		<COVARIANCE_MATRIX>[[7.398137768177548e-06, 3.5984469377581263e-06, 5.04186209582258e-06, -8.255372563326091e-07, 1.0432146382299834e-06, 1.547898705211992e-06], [3.5984469377581263e-06, 7.673777872696519e-06, 6.4577166085655335e-06, -2.2461995285993908e-06, 5.476767341860977e-07, 1.44768512200244e-06], [5.04186209582258e-06, 6.4577166085655335e-06, 1.6003099517547525e-05, -4.214612999930978e-06, -2.3263053208211204e-06, -3.484402100184525e-07], [-8.255372563326091e-07, -2.2461995285993908e-06, -4.214612999930978e-06, 3.555202783900313e-05, 2.7720410798792727e-05, 1.9311737560201436e-05], [1.0432146382299834e-06, 5.476767341860977e-07, -2.3263053208211204e-06, 2.7720410798792727e-05, 4.0467286453349516e-05, 2.672158916539047e-05], [1.547898705211992e-06, 1.44768512200244e-06, -3.484402100184525e-07, 1.9311737560201436e-05, 2.672158916539047e-05, 2.655742173374165e-05]]</COVARIANCE_MATRIX>
		<ROI_SIZE>2849</ROI_SIZE>
		<MAX_VALUE>[0.1610010266304016, 0.1449967920780182, 0.14987443387508392, 0.13669908046722412, 0.05983668938279152, 0.04414422810077667]</MAX_VALUE>
		<MIN_VALUE>[0.14184297621250153, 0.1260809302330017, 0.11287170648574829, 0.09215066581964493, 0.016471518203616142, 0.0052550360560417175]</MIN_VALUE>
		<SIGNATURE_THRESHOLD_MD>0.0</SIGNATURE_THRESHOLD_MD>
		<SIGNATURE_THRESHOLD_ML>0.0</SIGNATURE_THRESHOLD_ML>
		<SIGNATURE_THRESHOLD_SAM>0.0</SIGNATURE_THRESHOLD_SAM>
	</signature>
	<signature ID="20210602_145935741008_413">
		<MACROCLASSID>1</MACROCLASSID>
		<MACROCLASSINFO>waterbody</MACROCLASSINFO>
		<CLASSID>2</CLASSID>
		<CLASSINFO>C 1</CLASSINFO>
		<VALUES>[0.1515292061337202, 0.0027740280781984256, 0.13333910968326898, 0.0025560180306961108, 0.13456601147379055, 0.00350687503282003, 0.10635943066658093, 0.005104653021470825, 0.02398920095157837, 0.005626586017000302, 0.013316737042267162, 0.004906608654137391]</VALUES>
		<LCS_MIN>[0.14375877380371094, 0.1260809302330017, 0.11871425062417984, 0.09809046238660812, 0.016471518203616142, 0.0026624221354722977]</LCS_MIN>
		<LCS_MAX>[0.1610010266304016, 0.14079326391220093, 0.14403188228607178, 0.13966898620128632, 0.05712636560201645, 0.046736836433410645]</LCS_MAX>
		<WAVELENGTH>[0.485, 0.56, 0.66, 0.835, 1.65, 2.22]</WAVELENGTH>
		<MEAN_VALUE>[0.1515292061337202, 0.13333910968326898, 0.13456601147379055, 0.10635943066658093, 0.02398920095157837, 0.013316737042267162]</MEAN_VALUE>
		<CHECKBOX>2</CHECKBOX>
		<SD>[0.0027740280781984256, 0.0025560180306961108, 0.00350687503282003, 0.005104653021470825, 0.005626586017000302, 0.004906608654137391]</SD>
		<WAVELENGTH_UNIT>E-6m</WAVELENGTH_UNIT>
		<COLOR>#95158b</COLOR>
		<COVARIANCE_MATRIX>[[6.407532055163756e-06, 2.3018465071800165e-06, 2.9080940748826833e-06, 9.537156984151807e-07, 4.725969802166219e-07, 4.98115866776061e-07], [2.3018465071800165e-06, 5.716174655390205e-06, 3.579694975996972e-06, -5.948360239926842e-07, -4.6660935026920924e-07, -2.7017122761208157e-07], [2.9080940748826833e-06, 3.579694975996972e-06, 1.0362613465986215e-05, -1.7307533539678843e-07, -1.5650552995793987e-06, -8.639269708510255e-07], [9.537156984151807e-07, -5.948360239926842e-07, -1.7307533539678843e-07, 2.9883263778174296e-05, 2.088806104438845e-05, 1.5144359167607035e-05], [4.725969802166219e-07, -4.6660935026920924e-07, -1.5650552995793987e-06, 2.088806104438845e-05, 3.37371056957636e-05, 2.3267917640623637e-05], [4.98115866776061e-07, -2.7017122761208157e-07, -8.639269708510255e-07, 1.5144359167607035e-05, 2.3267917640623637e-05, 2.5060080588446e-05]]</COVARIANCE_MATRIX>
		<ROI_SIZE>2451</ROI_SIZE>
		<MAX_VALUE>[0.1610010266304016, 0.14079326391220093, 0.14403188228607178, 0.13966898620128632, 0.05712636560201645, 0.046736836433410645]</MAX_VALUE>
		<MIN_VALUE>[0.14375877380371094, 0.1260809302330017, 0.11871425062417984, 0.09809046238660812, 0.016471518203616142, 0.0026624221354722977]</MIN_VALUE>
		<SIGNATURE_THRESHOLD_MD>0.0</SIGNATURE_THRESHOLD_MD>
		<SIGNATURE_THRESHOLD_ML>0.0</SIGNATURE_THRESHOLD_ML>
		<SIGNATURE_THRESHOLD_SAM>0.0</SIGNATURE_THRESHOLD_SAM>
	</signature>
	<signature ID="20210602_145939827149_876">
		<MACROCLASSID>1</MACROCLASSID>
		<MACROCLASSINFO>waterbody</MACROCLASSINFO>
		<CLASSID>3</CLASSID>
		<CLASSINFO>C 1</CLASSINFO>
		<VALUES>[0.15078823003716188, 0.0022221862292135567, 0.1334695635568491, 0.0021715101254419027, 0.13521194967875733, 0.003642952427291963, 0.09943443351904187, 0.004209460284008219, 0.022023180620088522, 0.004809651342458359, 0.011796211442504945, 0.0039957134364909256]</VALUES>
		<LCS_MIN>[0.14375877380371094, 0.11977566033601761, 0.11871425062417984, 0.09215066581964493, 0.013761194422841072, 0.0026624221354722977]</LCS_MIN>
		<LCS_MAX>[0.1571694016456604, 0.13869154453277588, 0.14403188228607178, 0.13669908046722412, 0.06254701316356659, 0.0415516160428524]</LCS_MAX>
		<WAVELENGTH>[0.485, 0.56, 0.66, 0.835, 1.65, 2.22]</WAVELENGTH>
		<MEAN_VALUE>[0.15078823003716188, 0.1334695635568491, 0.13521194967875733, 0.09943443351904187, 0.022023180620088522, 0.011796211442504945]</MEAN_VALUE>
		<CHECKBOX>2</CHECKBOX>
		<SD>[0.0022221862292135567, 0.0021715101254419027, 0.003642952427291963, 0.004209460284008219, 0.004809651342458359, 0.0039957134364909256]</SD>
		<WAVELENGTH_UNIT>E-6m</WAVELENGTH_UNIT>
		<COLOR>#e35ae2</COLOR>
		<COVARIANCE_MATRIX>[[5.036427864979487e-06, 1.3112049828123418e-06, 2.4241921892098617e-06, -1.7127734963651164e-06, -2.1326209207472857e-06, -1.447331896997639e-06], [1.3112049828123418e-06, 5.262028025754262e-06, 4.593208359437995e-06, -2.8806143745896406e-06, -4.3561981328821275e-06, -3.0417331799981184e-06], [2.4241921892098617e-06, 4.593208359437995e-06, 1.4928577911632601e-05, -4.499835995375179e-06, -8.435200470557902e-06, -5.867309937457321e-06], [-1.7127734963651164e-06, -2.8806143745896406e-06, -4.499835995375179e-06, 2.1783343981951475e-05, 1.7947966625797562e-05, 1.1844637811009306e-05], [-2.1326209207472857e-06, -4.3561981328821275e-06, -8.435200470557902e-06, 1.7947966625797562e-05, 2.863470945158042e-05, 1.8203714716946706e-05], [-1.447331896997639e-06, -3.0417331799981184e-06, -5.867309937457321e-06, 1.1844637811009306e-05, 1.8203714716946706e-05, 2.0468687580432743e-05]]</COVARIANCE_MATRIX>
		<ROI_SIZE>3187</ROI_SIZE>
		<MAX_VALUE>[0.1571694016456604, 0.13869154453277588, 0.14403188228607178, 0.13669908046722412, 0.06254701316356659, 0.0415516160428524]</MAX_VALUE>
		<MIN_VALUE>[0.14375877380371094, 0.11977566033601761, 0.11871425062417984, 0.09215066581964493, 0.013761194422841072, 0.0026624221354722977]</MIN_VALUE>
		<SIGNATURE_THRESHOLD_MD>0.0</SIGNATURE_THRESHOLD_MD>
		<SIGNATURE_THRESHOLD_ML>0.0</SIGNATURE_THRESHOLD_ML>
		<SIGNATURE_THRESHOLD_SAM>0.0</SIGNATURE_THRESHOLD_SAM>
	</signature>
	<signature ID="20210602_145944762138_447">
		<MACROCLASSID>1</MACROCLASSID>
		<MACROCLASSINFO>waterbody</MACROCLASSINFO>
		<CLASSID>4</CLASSID>
		<CLASSINFO>C 1</CLASSINFO>
		<VALUES>[0.1558985528112813, 0.0025824786693057987, 0.13575682552023383, 0.0032951424309381433, 0.12598698191471727, 0.011386011542410358, 0.09578709976366633, 0.01283883106748524, 0.026681426229929008, 0.006022293041558976, 0.014800564946860746, 0.005204273332901333]</VALUES>
		<LCS_MIN>[0.14759039878845215, 0.1260809302330017, 0.10702916979789734, 0.07433129847049713, 0.016471518203616142, 0.0026624221354722977]</LCS_MIN>
		<LCS_MAX>[0.16483260691165924, 0.14920033514499664, 0.15571695566177368, 0.13075928390026093, 0.05983668938279152, 0.046736836433410645]</LCS_MAX>
		<WAVELENGTH>[0.485, 0.56, 0.66, 0.835, 1.65, 2.22]</WAVELENGTH>
		<MEAN_VALUE>[0.1558985528112813, 0.13575682552023383, 0.12598698191471727, 0.09578709976366633, 0.026681426229929008, 0.014800564946860746]</MEAN_VALUE>
		<CHECKBOX>2</CHECKBOX>
		<SD>[0.0025824786693057987, 0.0032951424309381433, 0.011386011542410358, 0.01283883106748524, 0.006022293041558976, 0.005204273332901333]</SD>
		<WAVELENGTH_UNIT>E-6m</WAVELENGTH_UNIT>
		<COLOR>#a545e5</COLOR>
		<COVARIANCE_MATRIX>[[7.879649274400435e-06, 5.933683951298008e-06, 9.079634764930233e-06, -6.925350248820905e-07, 2.022117769229226e-06, 1.6521620409548632e-06], [5.933683951298008e-06, 1.4100828593655024e-05, 1.8618262402014807e-05, -1.9265628452558303e-06, 8.343656077158812e-07, 6.559313305842807e-07], [9.079634764930233e-06, 1.8618262402014807e-05, 0.00011374387395335361, 8.270607213489711e-05, -3.271941977800452e-06, -1.6881218698472367e-06], [-6.925350248820905e-07, -1.9265628452558303e-06, 8.270607213489711e-05, 0.00012440193677321076, 2.1477289919857867e-05, 1.5930807421682402e-05], [2.022117769229226e-06, 8.343656077158812e-07, -3.271941977800452e-06, 2.1477289919857867e-05, 4.4187792809680104e-05, 3.087428558501415e-05], [1.6521620409548632e-06, 6.559313305842807e-07, -1.6881218698472367e-06, 1.5930807421682402e-05, 3.087428558501415e-05, 3.059764640056528e-05]]</COVARIANCE_MATRIX>
		<ROI_SIZE>2062</ROI_SIZE>
		<MAX_VALUE>[0.16483260691165924, 0.14920033514499664, 0.15571695566177368, 0.13075928390026093, 0.05983668938279152, 0.046736836433410645]</MAX_VALUE>
		<MIN_VALUE>[0.14759039878845215, 0.1260809302330017, 0.10702916979789734, 0.07433129847049713, 0.016471518203616142, 0.0026624221354722977]</MIN_VALUE>
		<SIGNATURE_THRESHOLD_MD>0.0</SIGNATURE_THRESHOLD_MD>
		<SIGNATURE_THRESHOLD_ML>0.0</SIGNATURE_THRESHOLD_ML>
		<SIGNATURE_THRESHOLD_SAM>0.0</SIGNATURE_THRESHOLD_SAM>
	</signature>
	<signature ID="20210602_145948429439_465">
		<MACROCLASSID>1</MACROCLASSID>
		<MACROCLASSINFO>waterbody</MACROCLASSINFO>
		<CLASSID>5</CLASSID>
		<CLASSINFO>C 1</CLASSINFO>
		<VALUES>[0.1589932393157081, 0.0025939492412967798, 0.15095001731574004, 0.003747563021053794, 0.15859744923838073, 0.005242568450528858, 0.09136799846959437, 0.005820282211415258, 0.02415122691089092, 0.0069825644471977035, 0.013178526594183925, 0.0055174671596042195]</VALUES>
		<LCS_MIN>[0.14759039878845215, 0.13028447329998016, 0.12650428712368011, 0.08324098587036133, 0.013761194422841072, 6.980824400670826e-05]</LCS_MIN>
		<LCS_MAX>[0.16483260691165924, 0.1597091555595398, 0.1693495512008667, 0.12184961885213852, 0.05983668938279152, 0.04414422810077667]</LCS_MAX>
		<WAVELENGTH>[0.485, 0.56, 0.66, 0.835, 1.65, 2.22]</WAVELENGTH>
		<MEAN_VALUE>[0.1589932393157081, 0.15095001731574004, 0.15859744923838073, 0.09136799846959437, 0.02415122691089092, 0.013178526594183925]</MEAN_VALUE>
		<CHECKBOX>2</CHECKBOX>
		<SD>[0.0025939492412967798, 0.003747563021053794, 0.005242568450528858, 0.005820282211415258, 0.0069825644471977035, 0.0055174671596042195]</SD>
		<WAVELENGTH_UNIT>E-6m</WAVELENGTH_UNIT>
		<COLOR>#61f352</COLOR>
		<COVARIANCE_MATRIX>[[7.1078679866332095e-06, 5.11835924044135e-06, 5.523671916307649e-06, -1.0233943612547591e-06, -7.815755793671997e-07, 5.569540917349514e-07], [5.11835924044135e-06, 1.304993020312395e-05, 1.4061296496947762e-05, -7.393530722765718e-06, -8.228538717958145e-06, -4.36737764175632e-06], [5.523671916307649e-06, 1.4061296496947762e-05, 3.120024484815076e-05, -1.4379882486537099e-05, -1.7813188605941832e-05, -1.0905710951192304e-05], [-1.0233943612547591e-06, -7.393530722765718e-06, -1.4379882486537099e-05, 4.092435847269371e-05, 4.079621430719271e-05, 2.9103201086400077e-05], [-7.815755793671997e-07, -8.228538717958145e-06, -1.7813188605941832e-05, 4.079621430719271e-05, 5.703245915356092e-05, 3.948681478505023e-05], [5.569540917349514e-07, -4.36737764175632e-06, -1.0905710951192304e-05, 2.9103201086400077e-05, 3.948681478505023e-05, 3.697987267514691e-05]]</COVARIANCE_MATRIX>
		<ROI_SIZE>1769</ROI_SIZE>
		<MAX_VALUE>[0.16483260691165924, 0.1597091555595398, 0.1693495512008667, 0.12184961885213852, 0.05983668938279152, 0.04414422810077667]</MAX_VALUE>
		<MIN_VALUE>[0.14759039878845215, 0.13028447329998016, 0.12650428712368011, 0.08324098587036133, 0.013761194422841072, 6.980824400670826e-05]</MIN_VALUE>
		<SIGNATURE_THRESHOLD_MD>0.0</SIGNATURE_THRESHOLD_MD>
		<SIGNATURE_THRESHOLD_ML>0.0</SIGNATURE_THRESHOLD_ML>
		<SIGNATURE_THRESHOLD_SAM>0.0</SIGNATURE_THRESHOLD_SAM>
	</signature>
	<signature ID="20210602_145953314477_103">
		<MACROCLASSID>1</MACROCLASSID>
		<MACROCLASSINFO>waterbody</MACROCLASSINFO>
		<CLASSID>6</CLASSID>
		<CLASSINFO>C 1</CLASSINFO>
		<VALUES>[0.15973963920785259, 0.002835960078394729, 0.15182847118219442, 0.004015229483624131, 0.1594999592124891, 0.006398406628353399, 0.09615082546936728, 0.007083375357582563, 0.026672404722632034, 0.0074246771609171765, 0.015352459724135369, 0.005735606671663702]</VALUES>
		<LCS_MIN>[0.14759039878845215, 0.1260809302330017, 0.12650428712368011, 0.08621087670326233, 0.016471518203616142, 0.0052550360560417175]</LCS_MIN>
		<LCS_MAX>[0.16866421699523926, 0.1597091555595398, 0.17129705846309662, 0.13075928390026093, 0.06254701316356659, 0.04414422810077667]</LCS_MAX>
		<WAVELENGTH>[0.485, 0.56, 0.66, 0.835, 1.65, 2.22]</WAVELENGTH>
		<MEAN_VALUE>[0.15973963920785259, 0.15182847118219442, 0.1594999592124891, 0.09615082546936728, 0.026672404722632034, 0.015352459724135369]</MEAN_VALUE>
		<CHECKBOX>2</CHECKBOX>
		<SD>[0.002835960078394729, 0.004015229483624131, 0.006398406628353399, 0.007083375357582563, 0.0074246771609171765, 0.005735606671663702]</SD>
		<WAVELENGTH_UNIT>E-6m</WAVELENGTH_UNIT>
		<COLOR>#c8c007</COLOR>
		<COVARIANCE_MATRIX>[[8.147498192556668e-06, 5.288966804073425e-06, 7.348854069277877e-06, -3.254045623179991e-06, -2.3427096493833233e-06, -7.420936753987917e-07], [5.288966804073425e-06, 1.4799291420786176e-05, 1.8231103240395896e-05, -1.1826221452793106e-05, -1.1997229194093961e-05, -7.170269327616552e-06], [7.348854069277877e-06, 1.8231103240395896e-05, 3.679212386487052e-05, -2.3335422156378627e-05, -2.4317198040080257e-05, -1.563762634759769e-05], [-3.254045623179991e-06, -1.1826221452793106e-05, -2.3335422156378627e-05, 4.549349978333339e-05, 4.1850256820907816e-05, 2.8875774660264142e-05], [-2.3427096493833233e-06, -1.1997229194093961e-05, -2.4317198040080257e-05, 4.1850256820907816e-05, 5.266150037641637e-05, 3.475859193713404e-05], [-7.420936753987917e-07, -7.170269327616552e-06, -1.563762634759769e-05, 2.8875774660264142e-05, 3.475859193713404e-05, 3.20900981023442e-05]]</COVARIANCE_MATRIX>
		<ROI_SIZE>1838</ROI_SIZE>
		<MAX_VALUE>[0.16866421699523926, 0.1597091555595398, 0.17129705846309662, 0.13075928390026093, 0.06254701316356659, 0.04414422810077667]</MAX_VALUE>
		<MIN_VALUE>[0.14759039878845215, 0.1260809302330017, 0.12650428712368011, 0.08621087670326233, 0.016471518203616142, 0.0052550360560417175]</MIN_VALUE>
		<SIGNATURE_THRESHOLD_MD>0.0</SIGNATURE_THRESHOLD_MD>
		<SIGNATURE_THRESHOLD_ML>0.0</SIGNATURE_THRESHOLD_ML>
		<SIGNATURE_THRESHOLD_SAM>0.0</SIGNATURE_THRESHOLD_SAM>
	</signature>
	<signature ID="20210602_145957566485_275">
		<MACROCLASSID>1</MACROCLASSID>
		<MACROCLASSINFO>waterbody</MACROCLASSINFO>
		<CLASSID>7</CLASSID>
		<CLASSINFO>C 1</CLASSINFO>
		<VALUES>[0.13674868100412493, 0.002629690264976178, 0.10540410840891427, 0.0035844604745856436, 0.07666173317751457, 0.0037686996866402806, 0.06569664363510513, 0.0067525183138184815, 0.02144534660002855, 0.0057689072493652925, 0.011062910375641022, 0.003958352030663908]</VALUES>
		<LCS_MIN>[0.12843236327171326, 0.0924527496099472, 0.06613142043352127, 0.056511927396059036, 0.011050871573388577, 6.980824400670826e-05]</LCS_MIN>
		<LCS_MAX>[0.14567458629608154, 0.11557213217020035, 0.09144908934831619, 0.10106034576892853, 0.05983668938279152, 0.038958996534347534]</LCS_MAX>
		<WAVELENGTH>[0.485, 0.56, 0.66, 0.835, 1.65, 2.22]</WAVELENGTH>
		<MEAN_VALUE>[0.13674868100412493, 0.10540410840891427, 0.07666173317751457, 0.06569664363510513, 0.02144534660002855, 0.011062910375641022]</MEAN_VALUE>
		<CHECKBOX>2</CHECKBOX>
		<SD>[0.002629690264976178, 0.0035844604745856436, 0.0037686996866402806, 0.0067525183138184815, 0.0057689072493652925, 0.003958352030663908]</SD>
		<WAVELENGTH_UNIT>E-6m</WAVELENGTH_UNIT>
		<COLOR>#3cea73</COLOR>
		<COVARIANCE_MATRIX>[[6.584127277164953e-06, 4.747631919599371e-06, 4.295324742997764e-06, -4.122610732792964e-07, 1.923472581211172e-07, 3.725552062405768e-07], [4.747631919599371e-06, 1.2086806236766279e-05, 8.617850653536152e-06, -6.316984126897296e-07, 3.375866981514264e-07, 6.965541956560628e-07], [4.295324742997764e-06, 8.617850653536152e-06, 1.4189595276548062e-05, 7.385313438135199e-06, 6.675400982203428e-06, 4.030879154015565e-06], [-4.122610732792964e-07, -6.316984126897296e-07, 7.385313438135199e-06, 5.3605461289407685e-05, 3.8351838156813756e-05, 2.0101597328903154e-05], [1.923472581211172e-07, 3.375866981514264e-07, 6.675400982203428e-06, 3.8351838156813756e-05, 3.9288712287088856e-05, 1.9421706383582205e-05], [3.725552062405768e-07, 6.965541956560628e-07, 4.030879154015565e-06, 2.0101597328903154e-05, 1.9421706383582205e-05, 1.7515476429252885e-05]]</COVARIANCE_MATRIX>
		<ROI_SIZE>4759</ROI_SIZE>
		<MAX_VALUE>[0.14567458629608154, 0.11557213217020035, 0.09144908934831619, 0.10106034576892853, 0.05983668938279152, 0.038958996534347534]</MAX_VALUE>
		<MIN_VALUE>[0.12843236327171326, 0.0924527496099472, 0.06613142043352127, 0.056511927396059036, 0.011050871573388577, 6.980824400670826e-05]</MIN_VALUE>
		<SIGNATURE_THRESHOLD_MD>0.0</SIGNATURE_THRESHOLD_MD>
		<SIGNATURE_THRESHOLD_ML>0.0</SIGNATURE_THRESHOLD_ML>
		<SIGNATURE_THRESHOLD_SAM>0.0</SIGNATURE_THRESHOLD_SAM>
	</signature>
	<signature ID="20210602_150001987408_416">
		<MACROCLASSID>1</MACROCLASSID>
		<MACROCLASSINFO>waterbody</MACROCLASSINFO>
		<CLASSID>8</CLASSID>
		<CLASSINFO>C 1</CLASSINFO>
		<VALUES>[0.15705474102475156, 0.0029340022276136708, 0.13747227396370085, 0.0033569848475518407, 0.11718456758594414, 0.0054030935645444774, 0.0924323422089905, 0.00885079766711491, 0.029731134894350312, 0.007779985938785237, 0.015403467799068652, 0.005520001789860104]</VALUES>
		<LCS_MIN>[0.14759039878845215, 0.12818270921707153, 0.10118664801120758, 0.08027109503746033, 0.019181841984391212, 0.0052550360560417175]</LCS_MIN>
		<LCS_MAX>[0.16483260691165924, 0.14920033514499664, 0.13429434597492218, 0.13075928390026093, 0.06796766072511673, 0.04414422810077667]</LCS_MAX>
		<WAVELENGTH>[0.485, 0.56, 0.66, 0.835, 1.65, 2.22]</WAVELENGTH>
		<MEAN_VALUE>[0.15705474102475156, 0.13747227396370085, 0.11718456758594414, 0.0924323422089905, 0.029731134894350312, 0.015403467799068652]</MEAN_VALUE>
		<CHECKBOX>2</CHECKBOX>
		<SD>[0.0029340022276136708, 0.0033569848475518407, 0.0054030935645444774, 0.00885079766711491, 0.007779985938785237, 0.005520001789860104]</SD>
		<WAVELENGTH_UNIT>E-6m</WAVELENGTH_UNIT>
		<COLOR>#48107a</COLOR>
		<COVARIANCE_MATRIX>[[8.616302693553735e-06, 5.307985247782199e-06, 6.8601389102695975e-06, 5.6434114412695635e-06, 9.427659506400232e-07, 5.467480832521687e-07], [5.307985247782199e-06, 1.1279733371338807e-05, 1.2468844033719506e-05, 1.128018629970029e-05, 3.2400250802311348e-06, 1.7981823248192086e-06], [6.8601389102695975e-06, 1.2468844033719506e-05, 2.9220325814094394e-05, 2.9995804652571678e-05, 1.3845920875610318e-05, 9.051007509697229e-06], [5.6434114412695635e-06, 1.128018629970029e-05, 2.9995804652571678e-05, 7.840881880838424e-05, 5.6286993640242144e-05, 3.4410026273690164e-05], [9.427659506400232e-07, 3.2400250802311348e-06, 1.3845920875610318e-05, 5.6286993640242144e-05, 6.058396684238687e-05, 3.64227598765865e-05], [5.467480832521687e-07, 1.7981823248192086e-06, 9.051007509697229e-06, 3.4410026273690164e-05, 3.64227598765865e-05, 3.0498502383125015e-05]]</COVARIANCE_MATRIX>
		<ROI_SIZE>1086</ROI_SIZE>
		<MAX_VALUE>[0.16483260691165924, 0.14920033514499664, 0.13429434597492218, 0.13075928390026093, 0.06796766072511673, 0.04414422810077667]</MAX_VALUE>
		<MIN_VALUE>[0.14759039878845215, 0.12818270921707153, 0.10118664801120758, 0.08027109503746033, 0.019181841984391212, 0.0052550360560417175]</MIN_VALUE>
		<SIGNATURE_THRESHOLD_MD>0.0</SIGNATURE_THRESHOLD_MD>
		<SIGNATURE_THRESHOLD_ML>0.0</SIGNATURE_THRESHOLD_ML>
		<SIGNATURE_THRESHOLD_SAM>0.0</SIGNATURE_THRESHOLD_SAM>
	</signature>
	<signature ID="20210602_150007224630_833">
		<MACROCLASSID>1</MACROCLASSID>
		<MACROCLASSINFO>waterbody</MACROCLASSINFO>
		<CLASSID>9</CLASSID>
		<CLASSINFO>C 1</CLASSINFO>
		<VALUES>[0.14220764786005013, 0.0021619039102122126, 0.11503378670466582, 0.002356599109027339, 0.08837064396132499, 0.003034432534275766, 0.08430649883914408, 0.00881463610614943, 0.02669228717701083, 0.007263360090555594, 0.01314203688599631, 0.0050046812397351904]</VALUES>
		<LCS_MIN>[0.13417977094650269, 0.10506332665681839, 0.07976400852203369, 0.07136140018701553, 0.011050871573388577, 6.980824400670826e-05]</LCS_MIN>
		<LCS_MAX>[0.14950619637966156, 0.12397918850183487, 0.09923913329839706, 0.11887972056865692, 0.06254701316356659, 0.0415516160428524]</LCS_MAX>
		<WAVELENGTH>[0.485, 0.56, 0.66, 0.835, 1.65, 2.22]</WAVELENGTH>
		<MEAN_VALUE>[0.14220764786005013, 0.11503378670466582, 0.08837064396132499, 0.08430649883914408, 0.02669228717701083, 0.01314203688599631]</MEAN_VALUE>
		<CHECKBOX>2</CHECKBOX>
		<SD>[0.0021619039102122126, 0.002356599109027339, 0.003034432534275766, 0.00881463610614943, 0.007263360090555594, 0.0050046812397351904]</SD>
		<WAVELENGTH_UNIT>E-6m</WAVELENGTH_UNIT>
		<COLOR>#3fa22e</COLOR>
		<COVARIANCE_MATRIX>[[4.677931883634301e-06, 9.176704338642594e-07, 8.582803729950683e-07, 5.702056000700395e-07, 4.407500000525033e-07, 3.395449255094718e-07], [9.176704338642594e-07, 5.558435077546164e-06, 2.6752663870865945e-06, 1.2098294064344373e-06, 7.759343247926154e-07, 3.937036581191933e-07], [8.582803729950683e-07, 2.6752663870865945e-06, 9.215865247824695e-06, 1.1341874596837442e-05, 8.130463356792461e-06, 4.46786725660786e-06], [5.702056000700395e-07, 1.2098294064344373e-06, 1.1341874596837442e-05, 7.77660243329592e-05, 5.007459913031198e-05, 2.877637234632857e-05], [4.407500000525033e-07, 7.759343247926154e-07, 8.130463356792461e-06, 5.007459913031198e-05, 5.2802719437750056e-05, 2.982844307553023e-05], [3.395449255094718e-07, 3.937036581191933e-07, 4.46786725660786e-06, 2.877637234632857e-05, 2.982844307553023e-05, 2.5068824470508844e-05]]</COVARIANCE_MATRIX>
		<ROI_SIZE>1140</ROI_SIZE>
		<MAX_VALUE>[0.14950619637966156, 0.12397918850183487, 0.09923913329839706, 0.11887972056865692, 0.06254701316356659, 0.0415516160428524]</MAX_VALUE>
		<MIN_VALUE>[0.13417977094650269, 0.10506332665681839, 0.07976400852203369, 0.07136140018701553, 0.011050871573388577, 6.980824400670826e-05]</MIN_VALUE>
		<SIGNATURE_THRESHOLD_MD>0.0</SIGNATURE_THRESHOLD_MD>
		<SIGNATURE_THRESHOLD_ML>0.0</SIGNATURE_THRESHOLD_ML>
		<SIGNATURE_THRESHOLD_SAM>0.0</SIGNATURE_THRESHOLD_SAM>
	</signature>
	<signature ID="20210602_150017024961_270">
		<MACROCLASSID>1</MACROCLASSID>
		<MACROCLASSINFO>waterbody</MACROCLASSINFO>
		<CLASSID>10</CLASSID>
		<CLASSINFO>C 1</CLASSINFO>
		<VALUES>[0.15388649183770908, 0.002805867904037142, 0.136881315955999, 0.0033517710805300105, 0.1375375033874937, 0.0037325885322197156, 0.10183100557639911, 0.005371749924425255, 0.025126219570914404, 0.006181756797866702, 0.01409389525253436, 0.005442878806792394]</VALUES>
		<LCS_MIN>[0.14567458629608154, 0.12397918850183487, 0.12066175788640976, 0.08918077498674393, 0.016471518203616142, 0.0026624221354722977]</LCS_MIN>
		<LCS_MAX>[0.16483260691165924, 0.14920033514499664, 0.15182192623615265, 0.13075928390026093, 0.05712636560201645, 0.04414422810077667]</LCS_MAX>
		<WAVELENGTH>[0.485, 0.56, 0.66, 0.835, 1.65, 2.22]</WAVELENGTH>
		<MEAN_VALUE>[0.15388649183770908, 0.136881315955999, 0.1375375033874937, 0.10183100557639911, 0.025126219570914404, 0.01409389525253436]</MEAN_VALUE>
		<CHECKBOX>2</CHECKBOX>
		<SD>[0.002805867904037142, 0.0033517710805300105, 0.0037325885322197156, 0.005371749924425255, 0.006181756797866702, 0.005442878806792394]</SD>
		<WAVELENGTH_UNIT>E-6m</WAVELENGTH_UNIT>
		<COLOR>#5b02c5</COLOR>
		<COVARIANCE_MATRIX>[[8.961446837929543e-06, 6.278506134549389e-06, 6.696236141578993e-06, -3.3963303849304793e-06, 1.7193999610753963e-06, 2.078475063171936e-06], [6.278506134549389e-06, 1.2186305866634939e-05, 9.756541658134665e-06, -6.675500117125921e-06, 1.919656824611593e-06, 2.644955657160608e-06], [6.696236141578993e-06, 9.756541658134665e-06, 1.593727938598022e-05, -7.605605787830427e-06, 1.9659408678762702e-07, 1.6503026927239262e-06], [-3.3963303849304793e-06, -6.675500117125921e-06, -7.605605787830427e-06, 2.888045673898887e-05, 2.0793122530449182e-05, 1.4795054084970616e-05], [1.7193999610753963e-06, 1.919656824611593e-06, 1.9659408678762702e-07, 2.0793122530449182e-05, 3.916404602932744e-05, 2.6931042157229967e-05], [2.078475063171936e-06, 2.644955657160608e-06, 1.6503026927239262e-06, 1.4795054084970616e-05, 2.6931042157229967e-05, 2.8203157853567973e-05]]</COVARIANCE_MATRIX>
		<ROI_SIZE>2699</ROI_SIZE>
		<MAX_VALUE>[0.16483260691165924, 0.14920033514499664, 0.15182192623615265, 0.13075928390026093, 0.05712636560201645, 0.04414422810077667]</MAX_VALUE>
		<MIN_VALUE>[0.14567458629608154, 0.12397918850183487, 0.12066175788640976, 0.08918077498674393, 0.016471518203616142, 0.0026624221354722977]</MIN_VALUE>
		<SIGNATURE_THRESHOLD_MD>0.0</SIGNATURE_THRESHOLD_MD>
		<SIGNATURE_THRESHOLD_ML>0.0</SIGNATURE_THRESHOLD_ML>
		<SIGNATURE_THRESHOLD_SAM>0.0</SIGNATURE_THRESHOLD_SAM>
	</signature>
	<signature ID="20210602_150021075529_997">
		<MACROCLASSID>1</MACROCLASSID>
		<MACROCLASSINFO>waterbody</MACROCLASSINFO>
		<CLASSID>11</CLASSID>
		<CLASSINFO>C 1</CLASSINFO>
		<VALUES>[0.15184806304268378, 0.0022234874913201817, 0.13431953616835504, 0.002362513504573394, 0.13598856046825158, 0.0028883546681907563, 0.09836002147092339, 0.0050043439021767375, 0.02272389708397901, 0.006098526828482015, 0.012933040749531425, 0.005191391888053754]</VALUES>
		<LCS_MIN>[0.14375877380371094, 0.12187742441892624, 0.11676672846078873, 0.08621087670326233, 0.011050871573388577, 6.980824400670826e-05]</LCS_MIN>
		<LCS_MAX>[0.1610010266304016, 0.1449967920780182, 0.1459794044494629, 0.13372920453548431, 0.05441604182124138, 0.046736836433410645]</LCS_MAX>
		<WAVELENGTH>[0.485, 0.56, 0.66, 0.835, 1.65, 2.22]</WAVELENGTH>
		<MEAN_VALUE>[0.15184806304268378, 0.13431953616835504, 0.13598856046825158, 0.09836002147092339, 0.02272389708397901, 0.012933040749531425]</MEAN_VALUE>
		<CHECKBOX>2</CHECKBOX>
		<SD>[0.0022234874913201817, 0.002362513504573394, 0.0028883546681907563, 0.0050043439021767375, 0.006098526828482015, 0.005191391888053754]</SD>
		<WAVELENGTH_UNIT>E-6m</WAVELENGTH_UNIT>
		<COLOR>#50965d</COLOR>
		<COVARIANCE_MATRIX>[[4.945839918946149e-06, 1.4788892030992429e-06, 1.4909701349097304e-06, 8.110672133909702e-09, 1.074223973773769e-06, 9.074707918443892e-07], [1.4788892030992429e-06, 5.5836640058259945e-06, 2.571879576862557e-06, -1.755527136992896e-06, -2.7763126908553204e-08, 3.029500206253033e-08], [1.4909701349097304e-06, 2.571879576862557e-06, 8.345871719939169e-06, -2.789543941617012e-06, -1.3930987279309193e-06, -8.787314982328098e-07], [8.110672133909702e-09, -1.755527136992896e-06, -2.789543941617012e-06, 2.5053301214938983e-05, 2.105402381857857e-05, 1.556572169647552e-05], [1.074223973773769e-06, -2.7763126908553204e-08, -1.3930987279309193e-06, 2.105402381857857e-05, 3.7206649722065777e-05, 2.5809398721321486e-05], [9.074707918443892e-07, 3.029500206253033e-08, -8.787314982328098e-07, 1.556572169647552e-05, 2.5809398721321486e-05, 2.6961142793879844e-05]]</COVARIANCE_MATRIX>
		<ROI_SIZE>2545</ROI_SIZE>
		<MAX_VALUE>[0.1610010266304016, 0.1449967920780182, 0.1459794044494629, 0.13372920453548431, 0.05441604182124138, 0.046736836433410645]</MAX_VALUE>
		<MIN_VALUE>[0.14375877380371094, 0.12187742441892624, 0.11676672846078873, 0.08621087670326233, 0.011050871573388577, 6.980824400670826e-05]</MIN_VALUE>
		<SIGNATURE_THRESHOLD_MD>0.0</SIGNATURE_THRESHOLD_MD>
		<SIGNATURE_THRESHOLD_ML>0.0</SIGNATURE_THRESHOLD_ML>
		<SIGNATURE_THRESHOLD_SAM>0.0</SIGNATURE_THRESHOLD_SAM>
	</signature>
	<signature ID="20210602_150025456139_495">
		<MACROCLASSID>1</MACROCLASSID>
		<MACROCLASSINFO>waterbody</MACROCLASSINFO>
		<CLASSID>12</CLASSID>
		<CLASSINFO>C 1</CLASSINFO>
		<VALUES>[0.15483817579527115, 0.002322604950166317, 0.13630637365773163, 0.0023789972209555025, 0.13803716192517085, 0.0029906989891367794, 0.09988187329334151, 0.004653447728278157, 0.024140075167941415, 0.006188564577482588, 0.014068777958955246, 0.005472594708286042]</VALUES>
		<LCS_MIN>[0.14759039878845215, 0.12818270921707153, 0.12650428712368011, 0.08918077498674393, 0.013761194422841072, 0.0026624221354722977]</LCS_MIN>
		<LCS_MAX>[0.16483260691165924, 0.1449967920780182, 0.15182192623615265, 0.13372920453548431, 0.05712636560201645, 0.046736836433410645]</LCS_MAX>
		<WAVELENGTH>[0.485, 0.56, 0.66, 0.835, 1.65, 2.22]</WAVELENGTH>
		<MEAN_VALUE>[0.15483817579527115, 0.13630637365773163, 0.13803716192517085, 0.09988187329334151, 0.024140075167941415, 0.014068777958955246]</MEAN_VALUE>
		<CHECKBOX>2</CHECKBOX>
		<SD>[0.002322604950166317, 0.0023789972209555025, 0.0029906989891367794, 0.004653447728278157, 0.006188564577482588, 0.005472594708286042]</SD>
		<WAVELENGTH_UNIT>E-6m</WAVELENGTH_UNIT>
		<COLOR>#3141d6</COLOR>
		<COVARIANCE_MATRIX>[[5.397464065026725e-06, 1.891051738311944e-06, 1.9645719930849737e-06, 3.749004235942266e-07, 2.0037234662595438e-06, 1.7953918813873315e-06], [1.891051738311944e-06, 5.6627441153978e-06, 3.448234110692283e-06, -7.672526294300042e-07, 1.6631329344818369e-06, 1.406942942594469e-06], [1.9645719930849737e-06, 3.448234110692283e-06, 8.949205948738381e-06, -1.762394049364957e-06, 4.789258127857465e-07, 5.470000132845598e-07], [3.749004235942266e-07, -7.672526294300042e-07, -1.762394049364957e-06, 2.1666499378625304e-05, 1.971560050151311e-05, 1.4950484001019504e-05], [2.0037234662595438e-06, 1.6631329344818369e-06, 4.789258127857465e-07, 1.971560050151311e-05, 3.831942012766376e-05, 2.782814954116475e-05], [1.7953918813873315e-06, 1.406942942594469e-06, 5.470000132845598e-07, 1.4950484001019504e-05, 2.782814954116475e-05, 2.9965784051455557e-05]]</COVARIANCE_MATRIX>
		<ROI_SIZE>1817</ROI_SIZE>
		<MAX_VALUE>[0.16483260691165924, 0.1449967920780182, 0.15182192623615265, 0.13372920453548431, 0.05712636560201645, 0.046736836433410645]</MAX_VALUE>
		<MIN_VALUE>[0.14759039878845215, 0.12818270921707153, 0.12650428712368011, 0.08918077498674393, 0.013761194422841072, 0.0026624221354722977]</MIN_VALUE>
		<SIGNATURE_THRESHOLD_MD>0.0</SIGNATURE_THRESHOLD_MD>
		<SIGNATURE_THRESHOLD_ML>0.0</SIGNATURE_THRESHOLD_ML>
		<SIGNATURE_THRESHOLD_SAM>0.0</SIGNATURE_THRESHOLD_SAM>
	</signature>
	<signature ID="20210602_150030179832_233">
		<MACROCLASSID>1</MACROCLASSID>
		<MACROCLASSINFO>waterbody</MACROCLASSINFO>
		<CLASSID>13</CLASSID>
		<CLASSINFO>C 1</CLASSINFO>
		<VALUES>[0.1488901761017348, 0.0024906855585343692, 0.1318331441694969, 0.002526976624575878, 0.13481485088184295, 0.0034734752540875095, 0.10219604278743064, 0.007139452402722918, 0.023530392868499492, 0.006181238505199023, 0.01351046086732535, 0.005063732297597536]</VALUES>
		<LCS_MIN>[0.13992716372013092, 0.11347036808729172, 0.10702916979789734, 0.09215066581964493, 0.011050871573388577, 6.980824400670826e-05]</LCS_MIN>
		<LCS_MAX>[0.1571694016456604, 0.14289504289627075, 0.14403188228607178, 0.13372920453548431, 0.05983668938279152, 0.0415516160428524]</LCS_MAX>
		<WAVELENGTH>[0.485, 0.56, 0.66, 0.835, 1.65, 2.22]</WAVELENGTH>
		<MEAN_VALUE>[0.1488901761017348, 0.1318331441694969, 0.13481485088184295, 0.10219604278743064, 0.023530392868499492, 0.01351046086732535]</MEAN_VALUE>
		<CHECKBOX>2</CHECKBOX>
		<SD>[0.0024906855585343692, 0.002526976624575878, 0.0034734752540875095, 0.007139452402722918, 0.006181238505199023, 0.005063732297597536]</SD>
		<WAVELENGTH_UNIT>E-6m</WAVELENGTH_UNIT>
		<COLOR>#08eee2</COLOR>
		<COVARIANCE_MATRIX>[[6.2476415223500226e-06, 3.0614473871537484e-06, 3.0874882668285863e-06, -2.088853761961218e-06, -2.0729610028524803e-08, 3.4238360058225226e-07], [3.0614473871537484e-06, 8.292876373161562e-06, 5.1123461162205786e-06, -5.907411832595244e-06, -7.858366188884247e-07, -3.9767982684679737e-07], [3.0874882668285863e-06, 5.1123461162205786e-06, 1.1718625501089264e-05, -7.311262834264198e-06, -5.066200174042024e-06, -3.1539534575131256e-06], [-2.088853761961218e-06, -5.907411832595244e-06, -7.311262834264198e-06, 4.812256884179078e-05, 2.8106987883802503e-05, 2.0823148588533513e-05], [-2.0729610028524803e-08, -7.858366188884247e-07, -5.066200174042024e-06, 2.8106987883802503e-05, 4.0076654840959236e-05, 2.7025076633435674e-05], [3.4238360058225226e-07, -3.9767982684679737e-07, -3.1539534575131256e-06, 2.0823148588533513e-05, 2.7025076633435674e-05, 2.7622689231066033e-05]]</COVARIANCE_MATRIX>
		<ROI_SIZE>2404</ROI_SIZE>
		<MAX_VALUE>[0.1571694016456604, 0.14289504289627075, 0.14403188228607178, 0.13372920453548431, 0.05983668938279152, 0.0415516160428524]</MAX_VALUE>
		<MIN_VALUE>[0.13992716372013092, 0.11347036808729172, 0.10702916979789734, 0.09215066581964493, 0.011050871573388577, 6.980824400670826e-05]</MIN_VALUE>
		<SIGNATURE_THRESHOLD_MD>0.0</SIGNATURE_THRESHOLD_MD>
		<SIGNATURE_THRESHOLD_ML>0.0</SIGNATURE_THRESHOLD_ML>
		<SIGNATURE_THRESHOLD_SAM>0.0</SIGNATURE_THRESHOLD_SAM>
	</signature>
	<signature ID="20210602_150034437834_984">
		<MACROCLASSID>1</MACROCLASSID>
		<MACROCLASSINFO>waterbody</MACROCLASSINFO>
		<CLASSID>14</CLASSID>
		<CLASSINFO>C 1</CLASSINFO>
		<VALUES>[0.14651481357288687, 0.002427549538565111, 0.1316695647436088, 0.002539641058555153, 0.13533405640539983, 0.0034622178453104376, 0.10449737938277075, 0.006572256714853383, 0.02647886316834099, 0.007980493645561344, 0.01565525290929421, 0.006692493761933662]</VALUES>
		<LCS_MIN>[0.1380113661289215, 0.11977566033601761, 0.10702916979789734, 0.09512055665254593, 0.013761194422841072, 0.0052550360560417175]</LCS_MIN>
		<LCS_MAX>[0.155253604054451, 0.1449967920780182, 0.14987443387508392, 0.13966898620128632, 0.06254701316356659, 0.04932945594191551]</LCS_MAX>
		<WAVELENGTH>[0.485, 0.56, 0.66, 0.835, 1.65, 2.22]</WAVELENGTH>
		<MEAN_VALUE>[0.14651481357288687, 0.1316695647436088, 0.13533405640539983, 0.10449737938277075, 0.02647886316834099, 0.01565525290929421]</MEAN_VALUE>
		<CHECKBOX>2</CHECKBOX>
		<SD>[0.002427549538565111, 0.002539641058555153, 0.0034622178453104376, 0.006572256714853383, 0.007980493645561344, 0.006692493761933662]</SD>
		<WAVELENGTH_UNIT>E-6m</WAVELENGTH_UNIT>
		<COLOR>#3b742d</COLOR>
		<COVARIANCE_MATRIX>[[5.899770258110948e-06, 2.28291651183099e-06, 2.9336461011553183e-06, 3.0027780439922935e-07, 1.5311037486753776e-06, 2.4070470772130648e-06], [2.28291651183099e-06, 6.457190465880558e-06, 4.928601356368745e-06, -3.187627271472593e-06, -1.842410711105913e-06, 1.4036065465461434e-07], [2.9336461011553183e-06, 4.928601356368745e-06, 1.2000730748695787e-05, -6.389823283825535e-06, -3.906760866811965e-06, -3.2116932402459497e-07], [3.0027780439922935e-07, -3.187627271472593e-06, -6.389823283825535e-06, 4.324420660850592e-05, 4.174715650151484e-05, 3.0156857974361628e-05], [1.5311037486753776e-06, -1.842410711105913e-06, -3.906760866811965e-06, 4.174715650151484e-05, 6.376148667186499e-05, 4.6587621909566224e-05], [2.4070470772130648e-06, 1.4036065465461434e-07, -3.2116932402459497e-07, 3.0156857974361628e-05, 4.6587621909566224e-05, 4.484095552470535e-05]]</COVARIANCE_MATRIX>
		<ROI_SIZE>871</ROI_SIZE>
		<MAX_VALUE>[0.155253604054451, 0.1449967920780182, 0.14987443387508392, 0.13966898620128632, 0.06254701316356659, 0.04932945594191551]</MAX_VALUE>
		<MIN_VALUE>[0.1380113661289215, 0.11977566033601761, 0.10702916979789734, 0.09512055665254593, 0.013761194422841072, 0.0052550360560417175]</MIN_VALUE>
		<SIGNATURE_THRESHOLD_MD>0.0</SIGNATURE_THRESHOLD_MD>
		<SIGNATURE_THRESHOLD_ML>0.0</SIGNATURE_THRESHOLD_ML>
		<SIGNATURE_THRESHOLD_SAM>0.0</SIGNATURE_THRESHOLD_SAM>
	</signature>
	<signature ID="20210602_150044427164_299">
		<MACROCLASSID>1</MACROCLASSID>
		<MACROCLASSINFO>waterbody</MACROCLASSINFO>
		<CLASSID>15</CLASSID>
		<CLASSINFO>C 1</CLASSINFO>
		<VALUES>[0.15306030964804063, 0.002669313702255057, 0.13997176123989968, 0.0027929389689801687, 0.12519435497326029, 0.004430986836853886, 0.08981718007652523, 0.010218767858487169, 0.029033649125180774, 0.009895836965046461, 0.01660800473542798, 0.0067225431942594775]</VALUES>
		<LCS_MIN>[0.14375877380371094, 0.13028447329998016, 0.11287170648574829, 0.07433129847049713, 0.016471518203616142, 0.0052550360560417175]</LCS_MIN>
		<LCS_MAX>[0.1610010266304016, 0.1470985859632492, 0.14208438992500305, 0.12778940796852112, 0.06254701316356659, 0.046736836433410645]</LCS_MAX>
		<WAVELENGTH>[0.485, 0.56, 0.66, 0.835, 1.65, 2.22]</WAVELENGTH>
		<MEAN_VALUE>[0.15306030964804063, 0.13997176123989968, 0.12519435497326029, 0.08981718007652523, 0.029033649125180774, 0.01660800473542798]</MEAN_VALUE>
		<CHECKBOX>2</CHECKBOX>
		<SD>[0.002669313702255057, 0.0027929389689801687, 0.004430986836853886, 0.010218767858487169, 0.009895836965046461, 0.0067225431942594775]</SD>
		<WAVELENGTH_UNIT>E-6m</WAVELENGTH_UNIT>
		<COLOR>#591850</COLOR>
		<COVARIANCE_MATRIX>[[7.139401077438379e-06, 3.0136393434077036e-06, 5.65887648917851e-06, 1.5004127362772124e-06, -3.9397573345922865e-06, -1.909110324049834e-06], [3.0136393434077036e-06, 7.816016477590892e-06, 6.758200470358133e-06, -7.120411737560062e-06, -1.1448603800090495e-05, -7.207714133983245e-06], [5.65887648917851e-06, 6.758200470358133e-06, 1.9672677808557637e-05, 9.102963304030709e-06, -5.212922133068787e-06, -2.3241070721269352e-06], [1.5004127362772124e-06, -7.120411737560062e-06, 9.102963304030709e-06, 0.00010463081707712263, 7.512368756579235e-05, 4.564872506307438e-05], [-3.9397573345922865e-06, -1.1448603800090495e-05, -5.212922133068787e-06, 7.512368756579235e-05, 9.812227654037997e-05, 5.894886271562427e-05], [-1.909110324049834e-06, -7.207714133983245e-06, -2.3241070721269352e-06, 4.564872506307438e-05, 5.894886271562427e-05, 4.5282431528903544e-05]]</COVARIANCE_MATRIX>
		<ROI_SIZE>504</ROI_SIZE>
		<MAX_VALUE>[0.1610010266304016, 0.1470985859632492, 0.14208438992500305, 0.12778940796852112, 0.06254701316356659, 0.046736836433410645]</MAX_VALUE>
		<MIN_VALUE>[0.14375877380371094, 0.13028447329998016, 0.11287170648574829, 0.07433129847049713, 0.016471518203616142, 0.0052550360560417175]</MIN_VALUE>
		<SIGNATURE_THRESHOLD_MD>0.0</SIGNATURE_THRESHOLD_MD>
		<SIGNATURE_THRESHOLD_ML>0.0</SIGNATURE_THRESHOLD_ML>
		<SIGNATURE_THRESHOLD_SAM>0.0</SIGNATURE_THRESHOLD_SAM>
	</signature>
	<signature ID="20210602_150050252677_419">
		<MACROCLASSID>1</MACROCLASSID>
		<MACROCLASSINFO>waterbody</MACROCLASSINFO>
		<CLASSID>16</CLASSID>
		<CLASSINFO>C 1</CLASSINFO>
