<?xml version="1.0" ?>
<signaturelist MCID_LIST="[['1', 'waterbody', '#0000ff'], ['2', 'vegetation', '#00ff00'], ['3', 'bareland', '#ffaa00'], ['4', 'built-up', '#ff0000']]">
	<signature ID="20220111_154638293748_656">
		<MACROCLASSID>1</MACROCLASSID>
		<MACROCLASSINFO>waterbody</MACROCLASSINFO>
		<CLASSID>1</CLASSID>
		<CLASSINFO>C 1</CLASSINFO>
		<VALUES>[0.150650365942288, 0.004993772853612169, 0.16075461302464591, 0.007175311929405534, 0.1626746704341101, 0.008260201596960502, 0.11374375253610047, 0.017030716396709732, 0.04367465460576204, 0.012053763686861466, 0.03452747956620936, 0.008991922208602053]</VALUES>
		<LCS_MIN>[0.11600235104560852, 0.10672955214977264, 0.09861280024051666, 0.08684572577476501, 0.026380596682429314, 0.02132153883576393]</LCS_MIN>
		<LCS_MAX>[0.17760680615901947, 0.19008396565914154, 0.19755728542804718, 0.17274215817451477, 0.11044009029865265, 0.09756384789943695]</LCS_MAX>
		<WAVELENGTH>[0.485, 0.56, 0.66, 0.83, 1.65, 2.215]</WAVELENGTH>
		<MEAN_VALUE>[0.150650365942288, 0.16075461302464591, 0.1626746704341101, 0.11374375253610047, 0.04367465460576204, 0.03452747956620936]</MEAN_VALUE>
		<CHECKBOX>2</CHECKBOX>
		<SD>[0.004993772853612169, 0.007175311929405534, 0.008260201596960502, 0.017030716396709732, 0.012053763686861466, 0.008991922208602053]</SD>
		<WAVELENGTH_UNIT>E-6m</WAVELENGTH_UNIT>
		<COLOR>#d76139</COLOR>
		<COVARIANCE_MATRIX>[[3.236738468829585e-05, 4.237653486132285e-05, 3.970219044511822e-05, -2.246584686786935e-05, -1.3682702243925564e-05, -7.099008997803292e-06], [4.237653486132285e-05, 6.645438561073278e-05, 6.044739595203061e-05, -3.535101752642943e-05, -2.825201679076763e-05, -1.6648497909923717e-05], [3.970219044511822e-05, 6.044739595203061e-05, 7.950425003580708e-05, 2.2373522383285155e-05, -2.21620866012767e-05, -1.3139285164227932e-05], [-2.246584686786935e-05, -3.535101752642943e-05, 2.2373522383285155e-05, 0.0002522383294535853, 0.00010121944337359364, 6.943567823450772e-05], [-1.3682702243925564e-05, -2.825201679076763e-05, -2.21620866012767e-05, 0.00010121944337359364, 0.0001319090385332358, 9.365013620391276e-05], [-7.099008997803292e-06, -1.6648497909923717e-05, -1.3139285164227932e-05, 6.943567823450772e-05, 9.365013620391276e-05, 7.645751316856957e-05]]</COVARIANCE_MATRIX>
		<ROI_SIZE>50033</ROI_SIZE>
		<MAX_VALUE>[0.17760680615901947, 0.19008396565914154, 0.19755728542804718, 0.17274215817451477, 0.11044009029865265, 0.09756384789943695]</MAX_VALUE>
		<MIN_VALUE>[0.11600235104560852, 0.10672955214977264, 0.09861280024051666, 0.08684572577476501, 0.026380596682429314, 0.02132153883576393]</MIN_VALUE>
		<SIGNATURE_THRESHOLD_MD>0</SIGNATURE_THRESHOLD_MD>
		<SIGNATURE_THRESHOLD_ML>0</SIGNATURE_THRESHOLD_ML>
		<SIGNATURE_THRESHOLD_SAM>0</SIGNATURE_THRESHOLD_SAM>
	</signature>
	<signature ID="20220111_154645044656_752">
		<MACROCLASSID>1</MACROCLASSID>
		<MACROCLASSINFO>waterbody</MACROCLASSINFO>
		<CLASSID>2</CLASSID>
		<CLASSINFO>C 1</CLASSINFO>
		<VALUES>[0.14987252218012745, 0.003541365344553134, 0.16056955561736475, 0.004870127055079248, 0.16217851021488655, 0.0051316843189901755, 0.10916915915184446, 0.00837185076733635, 0.04230015083973796, 0.007893104358135018, 0.0337951987375312, 0.006482079276976435]</VALUES>
		<LCS_MIN>[0.12421626597642899, 0.118637315928936, 0.11510354280471802, 0.09028159081935883, 0.028592685237526894, 0.02132153883576393]</LCS_MIN>
		<LCS_MAX>[0.16665486991405487, 0.18115313351154327, 0.18106652796268463, 0.16930629312992096, 0.10822798311710358, 0.09756384789943695]</LCS_MAX>
		<WAVELENGTH>[0.485, 0.56, 0.66, 0.83, 1.65, 2.215]</WAVELENGTH>
		<MEAN_VALUE>[0.14987252218012745, 0.16056955561736475, 0.16217851021488655, 0.10916915915184446, 0.04230015083973796, 0.0337951987375312]</MEAN_VALUE>
		<CHECKBOX>2</CHECKBOX>
		<SD>[0.003541365344553134, 0.004870127055079248, 0.0051316843189901755, 0.00837185076733635, 0.007893104358135018, 0.006482079276976435]</SD>
		<WAVELENGTH_UNIT>E-6m</WAVELENGTH_UNIT>
		<COLOR>#902954</COLOR>
		<COVARIANCE_MATRIX>[[1.9161343161258095e-05, 2.1266560903623735e-05, 1.9543156003784563e-05, -5.910685257436503e-06, -5.26990477366932e-06, -3.359534994431464e-06], [2.1266560903623735e-05, 3.174972928177284e-05, 2.5488164099064446e-05, -1.2723670294759308e-05, -9.18944520121316e-06, -5.995308377778242e-06], [1.9543156003784563e-05, 2.5488164099064446e-05, 3.14624175015364e-05, 5.866018740384775e-06, -5.48031315936573e-06, -3.4472663613414062e-06], [-5.910685257436503e-06, -1.2723670294759308e-05, 5.866018740384775e-06, 9.331919166243048e-05, 5.571112241747388e-05, 4.1196039102811467e-05], [-5.26990477366932e-06, -9.18944520121316e-06, -5.48031315936573e-06, 5.571112241747388e-05, 8.427686419197336e-05, 6.12432503725721e-05], [-3.359534994431464e-06, -5.995308377778242e-06, -3.4472663613414062e-06, 4.1196039102811467e-05, 6.12432503725721e-05, 5.39212330474052e-05]]</COVARIANCE_MATRIX>
		<ROI_SIZE>50224</ROI_SIZE>
		<MAX_VALUE>[0.16665486991405487, 0.18115313351154327, 0.18106652796268463, 0.16930629312992096, 0.10822798311710358, 0.09756384789943695]</MAX_VALUE>
		<MIN_VALUE>[0.12421626597642899, 0.118637315928936, 0.11510354280471802, 0.09028159081935883, 0.028592685237526894, 0.02132153883576393]</MIN_VALUE>
		<SIGNATURE_THRESHOLD_MD>0</SIGNATURE_THRESHOLD_MD>
		<SIGNATURE_THRESHOLD_ML>0</SIGNATURE_THRESHOLD_ML>
		<SIGNATURE_THRESHOLD_SAM>0</SIGNATURE_THRESHOLD_SAM>
	</signature>
	<signature ID="20220111_154756505966_289">
		<MACROCLASSID>1</MACROCLASSID>
		<MACROCLASSINFO>waterbody</MACROCLASSINFO>
		<CLASSID>3</CLASSID>
		<CLASSINFO>C 1</CLASSINFO>
		<VALUES>[0.11059402781227108, 0.008309284765779568, 0.11193853537075478, 0.010000920228494432, 0.10221764294032035, 0.012425479563197894, 0.09671944249495606, 0.017649191608611378, 0.03769122552222364, 0.012098387136038571, 0.0287261279039893, 0.009897083887542632]</VALUES>
		<LCS_MIN>[0.09546753764152527, 0.08589094877243042, 0.07387668639421463, 0.06279473006725311, 0.021956412121653557, 0.011791255325078964]</LCS_MIN>
		<LCS_MAX>[0.16254793107509613, 0.1722222864627838, 0.16457578539848328, 0.16243459284305573, 0.10159172117710114, 0.08803354948759079]</LCS_MAX>
		<WAVELENGTH>[0.485, 0.56, 0.66, 0.83, 1.65, 2.215]</WAVELENGTH>
		<MEAN_VALUE>[0.11059402781227108, 0.11193853537075478, 0.10221764294032035, 0.09671944249495606, 0.03769122552222364, 0.0287261279039893]</MEAN_VALUE>
		<CHECKBOX>2</CHECKBOX>
		<SD>[0.008309284765779568, 0.010000920228494432, 0.012425479563197894, 0.017649191608611378, 0.012098387136038571, 0.009897083887542632]</SD>
		<WAVELENGTH_UNIT>E-6m</WAVELENGTH_UNIT>
		<COLOR>#13c993</COLOR>
		<COVARIANCE_MATRIX>[[6.160798239949213e-05, 6.965117744051648e-05, 8.398208259116794e-05, 9.99809365552127e-05, 7.564297865459389e-05, 6.321557020896819e-05], [6.965117744051648e-05, 9.223218711494941e-05, 0.0001092558697718181, 0.00012653403194526455, 8.141750433995968e-05, 6.809959815697858e-05], [8.398208259116794e-05, 0.0001092558697718181, 0.00014156143379947004, 0.00016724234941150581, 9.570772304855878e-05, 7.796497437713437e-05], [9.99809365552127e-05, 0.00012653403194526455, 0.00016724234941150581, 0.000283734555823486, 0.00014992725304596285, 0.00010571412602538992], [7.564297865459389e-05, 8.141750433995968e-05, 9.570772304855878e-05, 0.00014992725304596285, 0.00012974187074758835, 9.776720718244126e-05], [6.321557020896819e-05, 6.809959815697858e-05, 7.796497437713437e-05, 0.00010571412602538992, 9.776720718244126e-05, 8.623592017209972e-05]]</COVARIANCE_MATRIX>
		<ROI_SIZE>44673</ROI_SIZE>
		<MAX_VALUE>[0.16254793107509613, 0.1722222864627838, 0.16457578539848328, 0.16243459284305573, 0.10159172117710114, 0.08803354948759079]</MAX_VALUE>
		<MIN_VALUE>[0.09546753764152527, 0.08589094877243042, 0.07387668639421463, 0.06279473006725311, 0.021956412121653557, 0.011791255325078964]</MIN_VALUE>
		<SIGNATURE_THRESHOLD_MD>0</SIGNATURE_THRESHOLD_MD>
		<SIGNATURE_THRESHOLD_ML>0</SIGNATURE_THRESHOLD_ML>
		<SIGNATURE_THRESHOLD_SAM>0</SIGNATURE_THRESHOLD_SAM>
	</signature>
	<signature ID="20220111_154802028819_233">
		<MACROCLASSID>1</MACROCLASSID>
		<MACROCLASSINFO>waterbody</MACROCLASSINFO>
		<CLASSID>4</CLASSID>
		<CLASSINFO>C 1</CLASSINFO>
		<VALUES>[0.11118728877652702, 0.006589650116165381, 0.10842630983926894, 0.007423341501844872, 0.09417696247620588, 0.0076768571921159755, 0.08188501975803796, 0.010225220530366322, 0.037415224831103475, 0.009715626534226966, 0.029614971756093678, 0.007606770753643736]</VALUES>
		<LCS_MIN>[0.0995744913816452, 0.08886788785457611, 0.07662515342235565, 0.06966644525527954, 0.021956412121653557, 0.014968017116189003]</LCS_MIN>
		<LCS_MAX>[0.1639169156551361, 0.16626839339733124, 0.15358196198940277, 0.14869114756584167, 0.10380381345748901, 0.09438708424568176]</LCS_MAX>
		<WAVELENGTH>[0.485, 0.56, 0.66, 0.83, 1.65, 2.215]</WAVELENGTH>
		<MEAN_VALUE>[0.11118728877652702, 0.10842630983926894, 0.09417696247620588, 0.08188501975803796, 0.037415224831103475, 0.029614971756093678]</MEAN_VALUE>
		<CHECKBOX>2</CHECKBOX>
		<SD>[0.006589650116165381, 0.007423341501844872, 0.0076768571921159755, 0.010225220530366322, 0.009715626534226966, 0.007606770753643736]</SD>
		<WAVELENGTH_UNIT>E-6m</WAVELENGTH_UNIT>
		<COLOR>#5090af</COLOR>
		<COVARIANCE_MATRIX>[[4.083758653407429e-05, 4.244846424517772e-05, 4.3894903414838994e-05, 5.577909755541292e-05, 5.2493329243899634e-05, 3.933928624080067e-05], [4.244846424517772e-05, 5.295773009878917e-05, 5.1352316050131845e-05, 6.176384363891003e-05, 5.610342511949832e-05, 4.2215377849198004e-05], [4.3894903414838994e-05, 5.1352316050131845e-05, 5.570762284104656e-05, 6.378327855241667e-05, 5.831497417351507e-05, 4.402484709719109e-05], [5.577909755541292e-05, 6.176384363891003e-05, 6.378327855241667e-05, 9.786138279979161e-05, 8.644357045824291e-05, 6.223766274704088e-05], [5.2493329243899634e-05, 5.610342511949832e-05, 5.831497417351507e-05, 8.644357045824291e-05, 8.635418335313672e-05, 6.044092071219768e-05], [3.933928624080067e-05, 4.2215377849198004e-05, 4.402484709719109e-05, 6.223766274704088e-05, 6.044092071219768e-05, 5.089592092048873e-05]]</COVARIANCE_MATRIX>
		<ROI_SIZE>69621</ROI_SIZE>
		<MAX_VALUE>[0.1639169156551361, 0.16626839339733124, 0.15358196198940277, 0.14869114756584167, 0.10380381345748901, 0.09438708424568176]</MAX_VALUE>
		<MIN_VALUE>[0.0995744913816452, 0.08886788785457611, 0.07662515342235565, 0.06966644525527954, 0.021956412121653557, 0.014968017116189003]</MIN_VALUE>
		<SIGNATURE_THRESHOLD_MD>0</SIGNATURE_THRESHOLD_MD>
		<SIGNATURE_THRESHOLD_ML>0</SIGNATURE_THRESHOLD_ML>
		<SIGNATURE_THRESHOLD_SAM>0</SIGNATURE_THRESHOLD_SAM>
	</signature>
	<signature ID="20220111_154807710630_405">
		<MACROCLASSID>1</MACROCLASSID>
		<MACROCLASSINFO>waterbody</MACROCLASSINFO>
		<CLASSID>5</CLASSID>
		<CLASSINFO>C 1</CLASSINFO>
		<VALUES>[0.11045830934884523, 0.008051323808175331, 0.10809729721499796, 0.009307054155824489, 0.09416489102905888, 0.009673342536296729, 0.08228920810237646, 0.0113127117754339, 0.03630626101053365, 0.009438675805468314, 0.028815521864456607, 0.008252128643312097]</VALUES>
		<LCS_MIN>[0.10094349086284637, 0.09779872000217438, 0.0821220651268959, 0.06966644525527954, 0.021956412121653557, 0.014968017116189003]</LCS_MIN>
		<LCS_MAX>[0.16117894649505615, 0.16924534738063812, 0.156330406665802, 0.14525529742240906, 0.09716753661632538, 0.09756384789943695]</LCS_MAX>
		<WAVELENGTH>[0.485, 0.56, 0.66, 0.83, 1.65, 2.215]</WAVELENGTH>
		<MEAN_VALUE>[0.11045830934884523, 0.10809729721499796, 0.09416489102905888, 0.08228920810237646, 0.03630626101053365, 0.028815521864456607]</MEAN_VALUE>
		<CHECKBOX>2</CHECKBOX>
		<SD>[0.008051323808175331, 0.009307054155824489, 0.009673342536296729, 0.0113127117754339, 0.009438675805468314, 0.008252128643312097]</SD>
		<WAVELENGTH_UNIT>E-6m</WAVELENGTH_UNIT>
		<COLOR>#f6384e</COLOR>
		<COVARIANCE_MATRIX>[[8.108127332519198e-05, 8.845907432185648e-05, 9.208864748314325e-05, 9.271508920121156e-05, 8.718554814193255e-05, 7.590427986493981e-05], [8.845907432185648e-05, 0.00010848459377924794, 0.00011001559517144382, 0.00011300054830618414, 9.916898547650271e-05, 8.529275030812327e-05], [9.208864748314325e-05, 0.00011001559517144382, 0.00011772150520137132, 0.00011900952382443054, 0.00010392316766908107, 8.929103911062347e-05], [9.271508920121156e-05, 0.00011300054830618414, 0.00011900952382443054, 0.00015006167780287467, 0.00011765451232220988, 9.56280752949497e-05], [8.718554814193255e-05, 9.916898547650271e-05, 0.00010392316766908107, 0.00011765451232220988, 0.00011022993159634814, 9.072331333255187e-05], [7.590427986493981e-05, 8.529275030812327e-05, 8.929103911062347e-05, 9.56280752949497e-05, 9.072331333255187e-05, 8.5118575585697e-05]]</COVARIANCE_MATRIX>
		<ROI_SIZE>66619</ROI_SIZE>
		<MAX_VALUE>[0.16117894649505615, 0.16924534738063812, 0.156330406665802, 0.14525529742240906, 0.09716753661632538, 0.09756384789943695]</MAX_VALUE>
		<MIN_VALUE>[0.10094349086284637, 0.09779872000217438, 0.0821220651268959, 0.06966644525527954, 0.021956412121653557, 0.014968017116189003]</MIN_VALUE>
		<SIGNATURE_THRESHOLD_MD>0</SIGNATURE_THRESHOLD_MD>
		<SIGNATURE_THRESHOLD_ML>0</SIGNATURE_THRESHOLD_ML>
		<SIGNATURE_THRESHOLD_SAM>0</SIGNATURE_THRESHOLD_SAM>
	</signature>
	<signature ID="20220111_155116330536_921">
		<MACROCLASSID>1</MACROCLASSID>
		<MACROCLASSINFO>waterbody</MACROCLASSINFO>
		<CLASSID>6</CLASSID>
		<CLASSINFO>C 1</CLASSINFO>
		<VALUES>[0.13097913344201526, 0.002506523641993025, 0.14530888388592691, 0.004885037505847265, 0.17108276117470558, 0.007366728987195119, 0.20659564449893214, 0.003716261170019856, 0.0728944247909164, 0.014737598793587287, 0.05502471474775722, 0.012118175382852828]</VALUES>
		<LCS_MIN>[0.12147830426692963, 0.12459120899438858, 0.1343427449464798, 0.18648557364940643, 0.057349879294633865, 0.03720535337924957]</LCS_MIN>
		<LCS_MAX>[0.13653716444969177, 0.15436062216758728, 0.1783180832862854, 0.22084416449069977, 0.13256101310253143, 0.1102708950638771]</LCS_MAX>
		<WAVELENGTH>[0.485, 0.56, 0.66, 0.83, 1.65, 2.215]</WAVELENGTH>
		<MEAN_VALUE>[0.13097913344201526, 0.14530888388592691, 0.17108276117470558, 0.20659564449893214, 0.0728944247909164, 0.05502471474775722]</MEAN_VALUE>
		<CHECKBOX>2</CHECKBOX>
		<SD>[0.002506523641993025, 0.004885037505847265, 0.007366728987195119, 0.003716261170019856, 0.014737598793587287, 0.012118175382852828]</SD>
		<WAVELENGTH_UNIT>E-6m</WAVELENGTH_UNIT>
		<COLOR>#03bed0</COLOR>
		<COVARIANCE_MATRIX>[[6.294836467032443e-06, 8.67793513144348e-06, 1.3755345222732787e-05, 2.9757249101884183e-06, -2.0741493392659452e-05, -1.5660559960036275e-05], [8.67793513144348e-06, 2.3909838703754597e-05, 3.123299770695301e-05, 7.27309122689628e-06, -5.084994097374664e-05, -3.882162600859939e-05], [1.3755345222732787e-05, 3.123299770695301e-05, 5.437386786219733e-05, 1.1015911210148021e-05, -8.831252593936728e-05, -6.801809213792194e-05], [2.9757249101884183e-06, 7.27309122689628e-06, 1.1015911210148021e-05, 1.3837361806827979e-05, -1.0015207914991357e-05, -9.025823780169863e-06], [-2.0741493392659452e-05, -5.084994097374664e-05, -8.831252593936728e-05, -1.0015207914991357e-05, 0.00021761774226702625, 0.00016832092776751536], [-1.5660559960036275e-05, -3.882162600859939e-05, -6.801809213792194e-05, -9.025823780169863e-06, 0.00016832092776751536, 0.00014713476797122667]]</COVARIANCE_MATRIX>
		<ROI_SIZE>517</ROI_SIZE>
		<MAX_VALUE>[0.13653716444969177, 0.15436062216758728, 0.1783180832862854, 0.22084416449069977, 0.13256101310253143, 0.1102708950638771]</MAX_VALUE>
		<MIN_VALUE>[0.12147830426692963, 0.12459120899438858, 0.1343427449464798, 0.18648557364940643, 0.057349879294633865, 0.03720535337924957]</MIN_VALUE>
		<SIGNATURE_THRESHOLD_MD>0</SIGNATURE_THRESHOLD_MD>
		<SIGNATURE_THRESHOLD_ML>0</SIGNATURE_THRESHOLD_ML>
		<SIGNATURE_THRESHOLD_SAM>0</SIGNATURE_THRESHOLD_SAM>
	</signature>
	<signature ID="20220111_155123729031_471">
		<MACROCLASSID>1</MACROCLASSID>
		<MACROCLASSINFO>waterbody</MACROCLASSINFO>
		<CLASSID>7</CLASSID>
		<CLASSINFO>C 1</CLASSINFO>
		<VALUES>[0.13046662573386555, 0.003940999940822975, 0.15098882515966816, 0.008350295865595698, 0.18638474020443307, 0.016151519647684607, 0.2327869890647683, 0.011981735264407205, 0.0716666298469114, 0.01802903214883552, 0.051969654465721535, 0.012711954421912688]</VALUES>
		<LCS_MIN>[0.11326436698436737, 0.1216142550110817, 0.12884582579135895, 0.18648557364940643, 0.052925702184438705, 0.03720535337924957]</LCS_MIN>
		<LCS_MAX>[0.13653716444969177, 0.16329145431518555, 0.2003057301044464, 0.2998689115047455, 0.12813681364059448, 0.1102708950638771]</LCS_MAX>
		<WAVELENGTH>[0.485, 0.56, 0.66, 0.83, 1.65, 2.215]</WAVELENGTH>
		<MEAN_VALUE>[0.13046662573386555, 0.15098882515966816, 0.18638474020443307, 0.2327869890647683, 0.0716666298469114, 0.051969654465721535]</MEAN_VALUE>
		<CHECKBOX>2</CHECKBOX>
		<SD>[0.003940999940822975, 0.008350295865595698, 0.016151519647684607, 0.011981735264407205, 0.01802903214883552, 0.012711954421912688]</SD>
		<WAVELENGTH_UNIT>E-6m</WAVELENGTH_UNIT>
		<COLOR>#ff41b6</COLOR>
		<COVARIANCE_MATRIX>[[1.555170381551131e-05, 2.9263814401526883e-05, 5.7635931506994694e-05, -2.4731734999764926e-08, -5.716499529570616e-05, -3.513537664082657e-05], [2.9263814401526883e-05, 6.981823198184243e-05, 0.00013040456359630546, 1.1594025469045063e-05, -0.00013132683748655856, -8.352419506413769e-05], [5.7635931506994694e-05, 0.00013040456359630546, 0.0002612112634750225, 6.4159048723192846e-06, -0.0002593067864510184, -0.00016187529034664572], [-2.4731734999764926e-08, 1.1594025469045063e-05, 6.4159048723192846e-06, 0.0001437489096077263, -2.249209814312292e-05, -4.130061918649581e-05], [-5.716499529570616e-05, -0.00013132683748655856, -0.0002593067864510184, -2.249209814312292e-05, 0.0003254692372032023, 0.00021241928826350602], [-3.513537664082657e-05, -8.352419506413769e-05, -0.00016187529034664572, -4.130061918649581e-05, 0.00021241928826350602, 0.00016180419379929658]]</COVARIANCE_MATRIX>
		<ROI_SIZE>769</ROI_SIZE>
		<MAX_VALUE>[0.13653716444969177, 0.16329145431518555, 0.2003057301044464, 0.2998689115047455, 0.12813681364059448, 0.1102708950638771]</MAX_VALUE>
		<MIN_VALUE>[0.11326436698436737, 0.1216142550110817, 0.12884582579135895, 0.18648557364940643, 0.052925702184438705, 0.03720535337924957]</MIN_VALUE>
		<SIGNATURE_THRESHOLD_MD>0</SIGNATURE_THRESHOLD_MD>
		<SIGNATURE_THRESHOLD_ML>0</SIGNATURE_THRESHOLD_ML>
		<SIGNATURE_THRESHOLD_SAM>0</SIGNATURE_THRESHOLD_SAM>
	</signature>
	<signature ID="20220111_155141862059_523">
		<MACROCLASSID>1</MACROCLASSID>
		<MACROCLASSINFO>waterbody</MACROCLASSINFO>
		<CLASSID>8</CLASSID>
		<CLASSINFO>C 1</CLASSINFO>
		<VALUES>[0.1397835289815311, 0.003629955731777079, 0.14653893117566863, 0.005470586545985834, 0.14549001270127515, 0.004876930538289316, 0.1489976287267885, 0.010876297769073338, 0.06470696490655836, 0.011288185195320884, 0.04800981315286847, 0.00779869331869427]</VALUES>
		<LCS_MIN>[0.12421626597642899, 0.118637315928936, 0.11785199493169785, 0.1315118670463562, 0.052925702184438705, 0.03720535337924957]</LCS_MIN>
		<LCS_MAX>[0.15980996191501617, 0.16626839339733124, 0.1673242449760437, 0.21053659915924072, 0.12371262907981873, 0.1102708950638771]</LCS_MAX>
		<WAVELENGTH>[0.485, 0.56, 0.66, 0.83, 1.65, 2.215]</WAVELENGTH>
		<MEAN_VALUE>[0.1397835289815311, 0.14653893117566863, 0.14549001270127515, 0.1489976287267885, 0.06470696490655836, 0.04800981315286847]</MEAN_VALUE>
		<CHECKBOX>2</CHECKBOX>
		<SD>[0.003629955731777079, 0.005470586545985834, 0.004876930538289316, 0.010876297769073338, 0.011288185195320884, 0.00779869331869427]</SD>
		<WAVELENGTH_UNIT>E-6m</WAVELENGTH_UNIT>
		<COLOR>#dc6df3</COLOR>
		<COVARIANCE_MATRIX>[[1.3184578965975447e-05, 1.6135768230610088e-05, 1.417735463368111e-05, -1.5726197860352565e-05, -1.1674631359215422e-05, -4.463730313169322e-06], [1.6135768230610088e-05, 2.9945487962924653e-05, 2.2393562779188774e-05, -3.22734460163657e-05, -2.681318055890066e-05, -1.270281856369321e-05], [1.417735463368111e-05, 2.2393562779188774e-05, 2.3798892550875946e-05, -2.3560720102783678e-05, -2.2617521909992173e-05, -1.0469491856086707e-05], [-1.5726197860352565e-05, -3.22734460163657e-05, -2.3560720102783678e-05, 0.00011836567699467684, 8.923976046718688e-05, 5.065812919055261e-05], [-1.1674631359215422e-05, -2.681318055890066e-05, -2.2617521909992173e-05, 8.923976046718688e-05, 0.00012750049180714303, 7.818176160345855e-05], [-4.463730313169322e-06, -1.270281856369321e-05, -1.0469491856086707e-05, 5.065812919055261e-05, 7.818176160345855e-05, 6.085654499421315e-05]]</COVARIANCE_MATRIX>
		<ROI_SIZE>1648</ROI_SIZE>
		<MAX_VALUE>[0.15980996191501617, 0.16626839339733124, 0.1673242449760437, 0.21053659915924072, 0.12371262907981873, 0.1102708950638771]</MAX_VALUE>
		<MIN_VALUE>[0.12421626597642899, 0.118637315928936, 0.11785199493169785, 0.1315118670463562, 0.052925702184438705, 0.03720535337924957]</MIN_VALUE>
		<SIGNATURE_THRESHOLD_MD>0</SIGNATURE_THRESHOLD_MD>
		<SIGNATURE_THRESHOLD_ML>0</SIGNATURE_THRESHOLD_ML>
		<SIGNATURE_THRESHOLD_SAM>0</SIGNATURE_THRESHOLD_SAM>
	</signature>
	<signature ID="20220111_155200511109_931">
		<MACROCLASSID>1</MACROCLASSID>
		<MACROCLASSINFO>waterbody</MACROCLASSINFO>
		<CLASSID>9</CLASSID>
		<CLASSINFO>C 1</CLASSINFO>
		<VALUES>[0.14904078790141237, 0.007909182404899262, 0.154255383372479, 0.011484993901521523, 0.15578309553547687, 0.01357088527459718, 0.12963280888088874, 0.011911258701476544, 0.06589181046303978, 0.009948897236331395, 0.04905288705728613, 0.007782167193634352]</VALUES>
		<LCS_MIN>[0.1228472888469696, 0.11268343031406403, 0.10960663855075836, 0.09715329855680466, 0.05071360245347023, 0.034028589725494385]</LCS_MIN>
		<LCS_MAX>[0.17486883699893951, 0.18115313351154327, 0.1865634322166443, 0.17274215817451477, 0.10380381345748901, 0.08803354948759079]</LCS_MAX>
		<WAVELENGTH>[0.485, 0.56, 0.66, 0.83, 1.65, 2.215]</WAVELENGTH>
		<MEAN_VALUE>[0.14904078790141237, 0.154255383372479, 0.15578309553547687, 0.12963280888088874, 0.06589181046303978, 0.04905288705728613]</MEAN_VALUE>
		<CHECKBOX>2</CHECKBOX>
		<SD>[0.007909182404899262, 0.011484993901521523, 0.01357088527459718, 0.011911258701476544, 0.009948897236331395, 0.007782167193634352]</SD>
		<WAVELENGTH_UNIT>E-6m</WAVELENGTH_UNIT>
		<COLOR>#0aafe6</COLOR>
		<COVARIANCE_MATRIX>[[4.716374528558414e-05, 6.355932964727795e-05, 7.37728151449565e-05, 3.503414098916663e-05, 2.281591960898091e-05, 2.1193987117706292e-05], [6.355932964727795e-05, 9.672033685962991e-05, 0.00010960376253275853, 5.064973921722272e-05, 2.58139372466299e-05, 2.4531894398995942e-05], [7.37728151449565e-05, 0.00010960376253275853, 0.00013281726582546732, 6.402732844548373e-05, 2.9823082377517506e-05, 2.7867437160592237e-05], [3.503414098916663e-05, 5.064973921722272e-05, 6.402732844548373e-05, 0.00012735190761940468, 8.527597918371104e-05, 5.760852827296592e-05], [2.281591960898091e-05, 2.58139372466299e-05, 2.9823082377517506e-05, 8.527597918371104e-05, 9.730761029682547e-05, 6.590383485620516e-05], [2.1193987117706292e-05, 2.4531894398995942e-05, 2.7867437160592237e-05, 5.760852827296592e-05, 6.590383485620516e-05, 5.768316329722947e-05]]</COVARIANCE_MATRIX>
		<ROI_SIZE>2070</ROI_SIZE>
		<MAX_VALUE>[0.17486883699893951, 0.18115313351154327, 0.1865634322166443, 0.17274215817451477, 0.10380381345748901, 0.08803354948759079]</MAX_VALUE>
		<MIN_VALUE>[0.1228472888469696, 0.11268343031406403, 0.10960663855075836, 0.09715329855680466, 0.05071360245347023, 0.034028589725494385]</MIN_VALUE>
		<SIGNATURE_THRESHOLD_MD>0</SIGNATURE_THRESHOLD_MD>
		<SIGNATURE_THRESHOLD_ML>0</SIGNATURE_THRESHOLD_ML>
		<SIGNATURE_THRESHOLD_SAM>0</SIGNATURE_THRESHOLD_SAM>
	</signature>
	<signature ID="20220111_155209142817_149">
		<MACROCLASSID>1</MACROCLASSID>
		<MACROCLASSINFO>waterbody</MACROCLASSINFO>
		<CLASSID>10</CLASSID>
		<CLASSINFO>C 1</CLASSINFO>
		<VALUES>[0.14982863335082158, 0.00857233150081975, 0.15529760282773236, 0.01116530623308215, 0.16614733444383523, 0.013990916030975704, 0.20606115857760107, 0.017460050454846845, 0.06905695091550931, 0.01437060015904737, 0.04828736563332571, 0.010626548563860751]</VALUES>
		<LCS_MIN>[0.12558525800704956, 0.118637315928936, 0.12060046941041946, 0.1555628776550293, 0.05071360245347023, 0.034028589725494385]</LCS_MIN>
		<LCS_MAX>[0.18992768228054047, 0.19306088984012604, 0.2085510939359665, 0.2517668902873993, 0.12371262907981873, 0.09756384789943695]</LCS_MAX>
		<WAVELENGTH>[0.485, 0.56, 0.66, 0.83, 1.65, 2.215]</WAVELENGTH>
		<MEAN_VALUE>[0.14982863335082158, 0.15529760282773236, 0.16614733444383523, 0.20606115857760107, 0.06905695091550931, 0.04828736563332571]</MEAN_VALUE>
		<CHECKBOX>2</CHECKBOX>
		<SD>[0.00857233150081975, 0.01116530623308215, 0.013990916030975704, 0.017460050454846845, 0.01437060015904737, 0.010626548563860751]</SD>
		<WAVELENGTH_UNIT>E-6m</WAVELENGTH_UNIT>
		<COLOR>#0f20ef</COLOR>
		<COVARIANCE_MATRIX>[[7.353200325947228e-05, 9.022836183658751e-05, 0.00010892630990306102, 9.149522422026131e-05, 6.264635465430527e-05, 5.599170071917079e-05], [9.022836183658751e-05, 0.00012474402739863025, 0.00015105604455086161, 0.00012717244364039796, 6.190949603062787e-05, 5.801714000939075e-05], [0.00010892630990306102, 0.00015105604455086161, 0.00019587128990498288, 0.00014684607496833813, 5.250837680697182e-05, 5.553070569765918e-05], [9.149522422026131e-05, 0.00012717244364039796, 0.00014684607496833813, 0.0003050489060563468, 0.00015917013426502226, 0.000106548436260366], [6.264635465430527e-05, 6.190949603062787e-05, 5.250837680697182e-05, 0.00015917013426502226, 0.00020664661470987225, 0.00014121861710865625], [5.599170071917079e-05, 5.801714000939075e-05, 5.553070569765918e-05, 0.000106548436260366, 0.00014121861710865625, 0.0001129959676927147]]</COVARIANCE_MATRIX>
		<ROI_SIZE>1560</ROI_SIZE>
		<MAX_VALUE>[0.18992768228054047, 0.19306088984012604, 0.2085510939359665, 0.2517668902873993, 0.12371262907981873, 0.09756384789943695]</MAX_VALUE>
		<MIN_VALUE>[0.12558525800704956, 0.118637315928936, 0.12060046941041946, 0.1555628776550293, 0.05071360245347023, 0.034028589725494385]</MIN_VALUE>
		<SIGNATURE_THRESHOLD_MD>0</SIGNATURE_THRESHOLD_MD>
		<SIGNATURE_THRESHOLD_ML>0</SIGNATURE_THRESHOLD_ML>
		<SIGNATURE_THRESHOLD_SAM>0</SIGNATURE_THRESHOLD_SAM>
	</signature>
	<signature ID="20220111_155333492597_144">
		<MACROCLASSID>1</MACROCLASSID>
		<MACROCLASSINFO>waterbody</MACROCLASSINFO>
		<CLASSID>11</CLASSID>
		<CLASSINFO>C 1</CLASSINFO>
		<VALUES>[0.11690361691124555, 0.0024843898307810677, 0.1006658261598687, 0.0031924943308882384, 0.09173167245330978, 0.0042089753401105, 0.09340406517942569, 0.007930386390619389, 0.06587087883605205, 0.009630734724859287, 0.05281510110471887, 0.007572183870575224]</VALUES>
		<LCS_MIN>[0.10778842121362686, 0.08886788785457611, 0.0821220651268959, 0.07997401803731918, 0.05071360245347023, 0.03720535337924957]</LCS_MIN>
		<LCS_MAX>[0.12695424258708954, 0.118637315928936, 0.12060046941041946, 0.13494771718978882, 0.10380381345748901, 0.09121031314134598]</LCS_MAX>
		<WAVELENGTH>[0.485, 0.56, 0.66, 0.83, 1.65, 2.215]</WAVELENGTH>
		<MEAN_VALUE>[0.11690361691124555, 0.1006658261598687, 0.09173167245330978, 0.09340406517942569, 0.06587087883605205, 0.05281510110471887]</MEAN_VALUE>
		<CHECKBOX>2</CHECKBOX>
		<SD>[0.0024843898307810677, 0.0031924943308882384, 0.0042089753401105, 0.007930386390619389, 0.009630734724859287, 0.007572183870575224]</SD>
		<WAVELENGTH_UNIT>E-6m</WAVELENGTH_UNIT>
		<COLOR>#28a178</COLOR>
		<COVARIANCE_MATRIX>[[6.353533237936093e-06, 4.764159425154661e-06, 5.449344592725827e-06, 4.753438588274471e-06, -1.9526031654068522e-07, -6.442789483300547e-07], [4.764159425154661e-06, 1.0393897593117612e-05, 1.0260271064831144e-05, 1.618159396464671e-05, 1.2581667994837594e-05, 8.461074339193242e-06], [5.449344592725827e-06, 1.0260271064831144e-05, 1.821609398260697e-05, 2.7973890859465303e-05, 2.600403695449489e-05, 1.77331710349828e-05], [4.753438588274471e-06, 1.618159396464671e-05, 2.7973890859465303e-05, 7.446358451172655e-05, 8.084555300553487e-05, 5.8173494997499356e-05], [-1.9526031654068522e-07, 1.2581667994837594e-05, 2.600403695449489e-05, 8.084555300553487e-05, 0.00011200020706369623, 8.040543847311443e-05], [-6.442789483300547e-07, 8.461074339193242e-06, 1.77331710349828e-05, 5.8173494997499356e-05, 8.040543847311443e-05, 6.831964125502278e-05]]</COVARIANCE_MATRIX>
		<ROI_SIZE>37109</ROI_SIZE>
		<MAX_VALUE>[0.12695424258708954, 0.118637315928936, 0.12060046941041946, 0.13494771718978882, 0.10380381345748901, 0.09121031314134598]</MAX_VALUE>
		<MIN_VALUE>[0.10778842121362686, 0.08886788785457611, 0.0821220651268959, 0.07997401803731918, 0.05071360245347023, 0.03720535337924957]</MIN_VALUE>
		<SIGNATURE_THRESHOLD_MD>0</SIGNATURE_THRESHOLD_MD>
		<SIGNATURE_THRESHOLD_ML>0</SIGNATURE_THRESHOLD_ML>
		<SIGNATURE_THRESHOLD_SAM>0</SIGNATURE_THRESHOLD_SAM>
	</signature>
	<signature ID="20220111_155345602224_132">
		<MACROCLASSID>1</MACROCLASSID>
		<MACROCLASSINFO>waterbody</MACROCLASSINFO>
		<CLASSID>12</CLASSID>
		<CLASSINFO>C 1</CLASSINFO>
		<VALUES>[0.1389774310666921, 0.007149713688803416, 0.15005511086450393, 0.010841124903719353, 0.15214651145008443, 0.011796752046726167, 0.12331082654962369, 0.006059754354613854, 0.052759547788633496, 0.01158187978293197, 0.036245387743784295, 0.008911093145146817]</VALUES>
		<LCS_MIN>[0.11052640527486801, 0.10970648378133774, 0.10960663855075836, 0.1074608713388443, 0.039653148502111435, 0.02449830435216427]</LCS_MIN>
		<LCS_MAX>[0.14885807037353516, 0.16329145431518555, 0.1673242449760437, 0.1555628776550293, 0.09274336695671082, 0.07850327342748642]</LCS_MAX>
		<WAVELENGTH>[0.485, 0.56, 0.66, 0.83, 1.65, 2.215]</WAVELENGTH>
		<MEAN_VALUE>[0.1389774310666921, 0.15005511086450393, 0.15214651145008443, 0.12331082654962369, 0.052759547788633496, 0.036245387743784295]</MEAN_VALUE>
		<CHECKBOX>2</CHECKBOX>
		<SD>[0.007149713688803416, 0.010841124903719353, 0.011796752046726167, 0.006059754354613854, 0.01158187978293197, 0.008911093145146817]</SD>
		<WAVELENGTH_UNIT>E-6m</WAVELENGTH_UNIT>
		<COLOR>#11b72a</COLOR>
		<COVARIANCE_MATRIX>[[4.722826677952701e-05, 6.798814229111356e-05, 7.432421690721131e-05, -2.7977858763024715e-05, -6.81939000135935e-05, -4.877197258817512e-05], [6.798814229111356e-05, 0.00010830460774552189, 0.0001147860928083633, -4.2548205886406224e-05, -0.00010578678645476894, -7.571132020063893e-05], [7.432421690721131e-05, 0.0001147860928083633, 0.00012956718465188414, -4.583741732512256e-05, -0.00011560805185752025, -8.297253740880086e-05], [-2.7977858763024715e-05, -4.2548205886406224e-05, -4.583741732512256e-05, 3.215905923020465e-05, 4.856402138569526e-05, 3.4408880138171566e-05], [-6.81939000135935e-05, -0.00010578678645476894, -0.00011560805185752025, 4.856402138569526e-05, 0.00012851662909384347, 9.110656578829152e-05], [-4.877197258817512e-05, -7.571132020063893e-05, -8.297253740880086e-05, 3.4408880138171566e-05, 9.110656578829152e-05, 7.71002224656312e-05]]</COVARIANCE_MATRIX>
		<ROI_SIZE>2402</ROI_SIZE>
		<MAX_VALUE>[0.14885807037353516, 0.16329145431518555, 0.1673242449760437, 0.1555628776550293, 0.09274336695671082, 0.07850327342748642]</MAX_VALUE>
		<MIN_VALUE>[0.11052640527486801, 0.10970648378133774, 0.10960663855075836, 0.1074608713388443, 0.039653148502111435, 0.02449830435216427]</MIN_VALUE>
		<SIGNATURE_THRESHOLD_MD>0</SIGNATURE_THRESHOLD_MD>
		<SIGNATURE_THRESHOLD_ML>0</SIGNATURE_THRESHOLD_ML>
		<SIGNATURE_THRESHOLD_SAM>0</SIGNATURE_THRESHOLD_SAM>
	</signature>
	<signature ID="20220111_155351883568_702">
		<MACROCLASSID>1</MACROCLASSID>
		<MACROCLASSINFO>waterbody</MACROCLASSINFO>
		<CLASSID>13</CLASSID>
		<CLASSINFO>C 1</CLASSINFO>
		<VALUES>[0.14849946266147623, 0.005112436302577725, 0.1584557637302248, 0.007628941274743372, 0.17338714469991368, 0.009693388732190729, 0.15267606388894092, 0.004357895213255031, 0.04863817415689617, 0.009908320397814962, 0.03527155754814631, 0.008270900462566006]</VALUES>
		<LCS_MIN>[0.1228472888469696, 0.12459120899438858, 0.13159430027008057, 0.1315118670463562, 0.03522896021604538, 0.02132153883576393]</LCS_MIN>
		<LCS_MAX>[0.158440962433815, 0.16924534738063812, 0.1865634322166443, 0.16930629312992096, 0.09053125232458115, 0.07850327342748642]</LCS_MAX>
		<WAVELENGTH>[0.485, 0.56, 0.66, 0.83, 1.65, 2.215]</WAVELENGTH>
		<MEAN_VALUE>[0.14849946266147623, 0.1584557637302248, 0.17338714469991368, 0.15267606388894092, 0.04863817415689617, 0.03527155754814631]</MEAN_VALUE>
		<CHECKBOX>2</CHECKBOX>
		<SD>[0.005112436302577725, 0.007628941274743372, 0.009693388732190729, 0.004357895213255031, 0.009908320397814962, 0.008270900462566006]</SD>
		<WAVELENGTH_UNIT>E-6m</WAVELENGTH_UNIT>
		<COLOR>#7166ab</COLOR>
		<COVARIANCE_MATRIX>[[2.184796839707511e-05, 2.908333471269115e-05, 3.711102966311533e-05, 2.1855229415312012e-06, -3.652753301545223e-05, -2.9187659071100172e-05], [2.908333471269115e-05, 4.752772061283537e-05, 5.663429177745486e-05, 3.1771490449620592e-06, -5.513878502944044e-05, -4.4448069545518526e-05], [3.711102966311533e-05, 5.663429177745486e-05, 7.625344191939268e-05, 4.388520930740835e-06, -7.071689013242607e-05, -5.7096529880189073e-05], [2.1855229415312012e-06, 3.1771490449620592e-06, 4.388520930740835e-06, 1.8487123698934682e-05, 1.1751339867243926e-05, 8.642999928117491e-06], [-3.652753301545223e-05, -5.513878502944044e-05, -7.071689013242607e-05, 1.1751339867243926e-05, 0.00010165922611807989, 7.846541051303156e-05], [-2.9187659071100172e-05, -4.4448069545518526e-05, -5.7096529880189073e-05, 8.642999928117491e-06, 7.846541051303156e-05, 7.189925136899612e-05]]</COVARIANCE_MATRIX>
		<ROI_SIZE>2179</ROI_SIZE>
		<MAX_VALUE>[0.158440962433815, 0.16924534738063812, 0.1865634322166443, 0.16930629312992096, 0.09053125232458115, 0.07850327342748642]</MAX_VALUE>
		<MIN_VALUE>[0.1228472888469696, 0.12459120899438858, 0.13159430027008057, 0.1315118670463562, 0.03522896021604538, 0.02132153883576393]</MIN_VALUE>
		<SIGNATURE_THRESHOLD_MD>0</SIGNATURE_THRESHOLD_MD>
		<SIGNATURE_THRESHOLD_ML>0</SIGNATURE_THRESHOLD_ML>
		<SIGNATURE_THRESHOLD_SAM>0</SIGNATURE_THRESHOLD_SAM>
	</signature>
	<signature ID="20220111_155406803453_824">
		<MACROCLASSID>1</MACROCLASSID>
		<MACROCLASSINFO>waterbody</MACROCLASSINFO>
		<CLASSID>14</CLASSID>
		<CLASSINFO>C 1</CLASSINFO>
		<VALUES>[0.12700559810888257, 0.002321158069109856, 0.12952672203322202, 0.0038710912943753424, 0.11990355447057661, 0.0027764549786501135, 0.08619618907693814, 0.008761702690745969, 0.048000348699736774, 0.009049285621427981, 0.03549423844281754, 0.008004579250040222]</VALUES>
		<LCS_MIN>[0.11326436698436737, 0.10375259816646576, 0.09861280024051666, 0.07653816044330597, 0.03744105249643326, 0.02132153883576393]</LCS_MIN>
		<LCS_MAX>[0.13379919528961182, 0.13649895787239075, 0.13159430027008057, 0.1315118670463562, 0.09274336695671082, 0.08168002218008041]</LCS_MAX>
		<WAVELENGTH>[0.485, 0.56, 0.66, 0.83, 1.65, 2.215]</WAVELENGTH>
		<MEAN_VALUE>[0.12700559810888257, 0.12952672203322202, 0.11990355447057661, 0.08619618907693814, 0.048000348699736774, 0.03549423844281754]</MEAN_VALUE>
		<CHECKBOX>2</CHECKBOX>
		<SD>[0.002321158069109856, 0.0038710912943753424, 0.0027764549786501135, 0.008761702690745969, 0.009049285621427981, 0.008004579250040222]</SD>
		<WAVELENGTH_UNIT>E-6m</WAVELENGTH_UNIT>
		<COLOR>#c17610</COLOR>
		<COVARIANCE_MATRIX>[[5.391819657755881e-06, 6.23274356408865e-06, 3.2165128044298433e-06, -1.2661524376749541e-05, -1.3203850531060499e-05, -1.0957485096550069e-05], [6.23274356408865e-06, 1.499659807050614e-05, 6.273945254212282e-06, -2.4382232690514522e-05, -2.436506700874004e-05, -2.029584933119806e-05], [3.2165128044298433e-06, 6.273945254212282e-06, 7.71448956247128e-06, -7.365349065179504e-06, -9.619920255018585e-06, -8.108863049803033e-06], [-1.2661524376749541e-05, -2.4382232690514522e-05, -7.365349065179504e-06, 7.682506724976454e-05, 6.921361666715721e-05, 5.794456303220598e-05], [-1.3203850531060499e-05, -2.436506700874004e-05, -9.619920255018585e-06, 6.921361666715721e-05, 8.195104891453311e-05, 6.542624488741549e-05], [-1.0957485096550069e-05, -2.029584933119806e-05, -8.108863049803033e-06, 5.794456303220598e-05, 6.542624488741549e-05, 6.412139203997208e-05]]</COVARIANCE_MATRIX>
		<ROI_SIZE>1333</ROI_SIZE>
		<MAX_VALUE>[0.13379919528961182, 0.13649895787239075, 0.13159430027008057, 0.1315118670463562, 0.09274336695671082, 0.08168002218008041]</MAX_VALUE>
		<MIN_VALUE>[0.11326436698436737, 0.10375259816646576, 0.09861280024051666, 0.07653816044330597, 0.03744105249643326, 0.02132153883576393]</MIN_VALUE>
		<SIGNATURE_THRESHOLD_MD>0</SIGNATURE_THRESHOLD_MD>
		<SIGNATURE_THRESHOLD_ML>0</SIGNATURE_THRESHOLD_ML>
		<SIGNATURE_THRESHOLD_SAM>0</SIGNATURE_THRESHOLD_SAM>
	</signature>
	<signature ID="20220111_155413154613_484">
		<MACROCLASSID>1</MACROCLASSID>
		<MACROCLASSINFO>waterbody</MACROCLASSINFO>
		<CLASSID>15</CLASSID>
		<CLASSINFO>C 1</CLASSINFO>
		<VALUES>[0.10568489296853821, 0.002195918757212939, 0.09505522966314596, 0.0029651323796420713, 0.0735736444662763, 0.0037825946911348362, 0.07162747495667117, 0.007410495626753463, 0.046959830803866835, 0.007719971103710646, 0.0336052717911167, 0.0061604171298260514]</VALUES>
		<LCS_MIN>[0.09820550680160522, 0.08589094877243042, 0.06563132256269455, 0.06279473006725311, 0.03744105249643326, 0.02449830435216427]</LCS_MIN>
		<LCS_MAX>[0.11600235104560852, 0.10672955214977264, 0.09586435556411743, 0.11776844412088394, 0.09053125232458115, 0.06897298246622086]</LCS_MAX>
		<WAVELENGTH>[0.485, 0.56, 0.66, 0.83, 1.65, 2.215]</WAVELENGTH>
		<MEAN_VALUE>[0.10568489296853821, 0.09505522966314596, 0.0735736444662763, 0.07162747495667117, 0.046959830803866835, 0.0336052717911167]</MEAN_VALUE>
		<CHECKBOX>2</CHECKBOX>
		<SD>[0.002195918757212939, 0.0029651323796420713, 0.0037825946911348362, 0.007410495626753463, 0.007719971103710646, 0.0061604171298260514]</SD>
		<WAVELENGTH_UNIT>E-6m</WAVELENGTH_UNIT>
		<COLOR>#2db373</COLOR>
		<COVARIANCE_MATRIX>[[4.824904060957077e-06, 3.25638196121908e-06, 4.26354577959652e-06, 6.802637029344436e-06, 6.656590719519279e-06, 5.1359684103681646e-06], [3.25638196121908e-06, 8.797197055367506e-06, 5.926106276076166e-06, 8.557349618076719e-06, 7.95551481567657e-06, 6.442626543668262e-06], [4.26354577959652e-06, 5.926106276076166e-06, 1.4316463908668324e-05, 2.1732047146554355e-05, 2.1645935349933296e-05, 1.6381075253433155e-05], [6.802637029344436e-06, 8.557349618076719e-06, 2.1732047146554355e-05, 5.494784392701357e-05, 5.214314722286798e-05, 3.8823508912673136e-05], [6.656590719519279e-06, 7.95551481567657e-06, 2.1645935349933296e-05, 5.214314722286798e-05, 5.9633114876842424e-05, 4.106297422707409e-05], [5.1359684103681646e-06, 6.442626543668262e-06, 1.6381075253433155e-05, 3.8823508912673136e-05, 4.106297422707409e-05, 3.7973129030099394e-05]]</COVARIANCE_MATRIX>
		<ROI_SIZE>1696</ROI_SIZE>
		<MAX_VALUE>[0.11600235104560852, 0.10672955214977264, 0.09586435556411743, 0.11776844412088394, 0.09053125232458115, 0.06897298246622086]</MAX_VALUE>
		<MIN_VALUE>[0.09820550680160522, 0.08589094877243042, 0.06563132256269455, 0.06279473006725311, 0.03744105249643326, 0.02449830435216427]</MIN_VALUE>
		<SIGNATURE_THRESHOLD_MD>0</SIGNATURE_THRESHOLD_MD>
		<SIGNATURE_THRESHOLD_ML>0</SIGNATURE_THRESHOLD_ML>
		<SIGNATURE_THRESHOLD_SAM>0</SIGNATURE_THRESHOLD_SAM>
	</signature>
	<signature ID="20220111_155420064281_295">
		<MACROCLASSID>1</MACROCLASSID>
		<MACROCLASSINFO>waterbody</MACROCLASSINFO>
		<CLASSID>16</CLASSID>
		<CLASSINFO>C 1</CLASSINFO>
		<VALUES>[0.10211642039826099, 0.001529847335755749, 0.09547578583435856, 0.002476728785863244, 0.07476451539527684, 0.0022921098949268723, 0.07779899914275347, 0.008050642650705086, 0.04566305164972204, 0.005916402600551962, 0.031971061665889144, 0.004363221356660906]</VALUES>
		<LCS_MIN>[0.09683652222156525, 0.08291400223970413, 0.06837978214025497, 0.06623058021068573, 0.03744105249643326, 0.02132153883576393]</LCS_MIN>
