<?xml version="1.0" ?>
<signaturelist MCID_LIST="[['1', 'waterbody', '#0000ff'], ['2', 'vegetation', '#00ff00'], ['3', 'bareland', '#ffaa00'], ['4', 'built-up', '#ff0000']]">
	<signature ID="20210208_164722279464_360">
		<MACROCLASSID>1</MACROCLASSID>
		<MACROCLASSINFO>waterbody</MACROCLASSINFO>
		<CLASSID>1</CLASSID>
		<CLASSINFO>C 1</CLASSINFO>
		<VALUES>[0.12719634669428997, 0.0005581207515930019, 0.09495653829247809, 0.0014496695374960798, 0.06354807664902364, 0.0011776111537799405, 0.05300496462321864, 0.00602516418735283, 0.014825759082559545, 0.004299684050640424, 0.0071347135847327344, 0.002190715087040553]</VALUES>
		<LCS_MIN>[0.12576809525489807, 0.09260054677724838, 0.06164732202887535, 0.035358279943466187, 0.0034863559994846582, 0.0011778180487453938]</LCS_MIN>
		<LCS_MAX>[0.1302909404039383, 0.10682866722345352, 0.08159966766834259, 0.08946752548217773, 0.05234250798821449, 0.029798943549394608]</LCS_MAX>
		<WAVELENGTH>[0.48, 0.56, 0.655, 0.865, 1.61, 2.2]</WAVELENGTH>
		<MEAN_VALUE>[0.12719634669428997, 0.09495653829247809, 0.06354807664902364, 0.05300496462321864, 0.014825759082559545, 0.0071347135847327344]</MEAN_VALUE>
		<CHECKBOX>2</CHECKBOX>
		<SD>[0.0005581207515930019, 0.0014496695374960798, 0.0011776111537799405, 0.00602516418735283, 0.004299684050640424, 0.002190715087040553]</SD>
		<WAVELENGTH_UNIT>E-6m</WAVELENGTH_UNIT>
		<COLOR>#fc0118</COLOR>
		<COVARIANCE_MATRIX>[[2.6710890210779326e-07, 4.4464752591011347e-07, 3.877455299061694e-07, 8.802760476100957e-07, 5.95719029661268e-07, 3.122965210877737e-07], [4.4464752591011347e-07, 2.1484115677594673e-06, 1.4026454664417543e-06, 6.9910129241179675e-06, 4.489362254389562e-06, 2.291694727318827e-06], [3.877455299061694e-07, 1.4026454664417543e-06, 1.3165467862563673e-06, 5.5840928325778805e-06, 4.0329291550733615e-06, 2.089423787765554e-06], [8.802760476100957e-07, 6.9910129241179675e-06, 5.5840928325778805e-06, 3.964067218475975e-05, 2.619812403281685e-05, 1.3050216693955008e-05], [5.95719029661268e-07, 4.489362254389562e-06, 4.0329291550733615e-06, 2.619812403281685e-05, 2.0525030777207576e-05, 1.0354191545047797e-05], [3.122965210877737e-07, 2.291694727318827e-06, 2.089423787765554e-06, 1.3050216693955008e-05, 1.0354191545047797e-05, 5.358712769520935e-06]]</COVARIANCE_MATRIX>
		<ROI_SIZE>7816</ROI_SIZE>
		<MAX_VALUE>[0.1302909404039383, 0.10682866722345352, 0.08159966766834259, 0.08946752548217773, 0.05234250798821449, 0.029798943549394608]</MAX_VALUE>
		<MIN_VALUE>[0.12576809525489807, 0.09260054677724838, 0.06164732202887535, 0.035358279943466187, 0.0034863559994846582, 0.0011778180487453938]</MIN_VALUE>
		<SIGNATURE_THRESHOLD_MD>0.0</SIGNATURE_THRESHOLD_MD>
		<SIGNATURE_THRESHOLD_ML>0.0</SIGNATURE_THRESHOLD_ML>
		<SIGNATURE_THRESHOLD_SAM>0.0</SIGNATURE_THRESHOLD_SAM>
	</signature>
	<signature ID="20210208_164729301132_625">
		<MACROCLASSID>1</MACROCLASSID>
		<MACROCLASSINFO>waterbody</MACROCLASSINFO>
		<CLASSID>2</CLASSID>
		<CLASSINFO>C 1</CLASSINFO>
		<VALUES>[0.13572968846481107, 0.0011875629867334507, 0.12330286518523567, 0.001855851614979475, 0.09673936106264588, 0.002298377505969884, 0.09424159896412958, 0.010257538389425846, 0.026811927783695098, 0.009280282331471358, 0.01296970110974814, 0.005483152454551895]</VALUES>
		<LCS_MIN>[0.1325523555278778, 0.11818288266658783, 0.09121072292327881, 0.07545142620801926, 0.009516819380223751, 0.005088196136057377]</LCS_MIN>
		<LCS_MAX>[0.13797034323215485, 0.12633344531059265, 0.10199959576129913, 0.12963135540485382, 0.060210373252630234, 0.03547606244683266]</LCS_MAX>
		<WAVELENGTH>[0.48, 0.56, 0.655, 0.865, 1.61, 2.2]</WAVELENGTH>
		<MEAN_VALUE>[0.13572968846481107, 0.12330286518523567, 0.09673936106264588, 0.09424159896412958, 0.026811927783695098, 0.01296970110974814]</MEAN_VALUE>
		<CHECKBOX>2</CHECKBOX>
		<SD>[0.0011875629867334507, 0.001855851614979475, 0.002298377505969884, 0.010257538389425846, 0.009280282331471358, 0.005483152454551895]</SD>
		<WAVELENGTH_UNIT>E-6m</WAVELENGTH_UNIT>
		<COLOR>#84f692</COLOR>
		<COVARIANCE_MATRIX>[[1.0356887969464879e-06, 1.5541183984169038e-06, 1.5596766615999513e-06, -4.870871634921059e-06, -2.3618524664925644e-06, -7.616435482304951e-07], [1.5541183984169038e-06, 2.7866581149282865e-06, 2.430506810924271e-06, -8.455371244053822e-06, -4.375252501631621e-06, -1.499799054727191e-06], [1.5596766615999513e-06, 2.430506810924271e-06, 4.255862677382538e-06, -6.268202469073003e-06, -2.1583509806077927e-06, 2.593435510789277e-07], [-4.870871634921059e-06, -8.455371244053822e-06, -6.268202469073003e-06, 0.0001435176091035828, 0.00010014405415859073, 5.257414159132168e-05], [-2.3618524664925644e-06, -4.375252501631621e-06, -2.1583509806077927e-06, 0.00010014405415859073, 9.082042379304767e-05, 4.831369369640015e-05], [-7.616435482304951e-07, -1.499799054727191e-06, 2.593435510789277e-07, 5.257414159132168e-05, 4.831369369640015e-05, 2.785101969493553e-05]]</COVARIANCE_MATRIX>
		<ROI_SIZE>428</ROI_SIZE>
		<MAX_VALUE>[0.13797034323215485, 0.12633344531059265, 0.10199959576129913, 0.12963135540485382, 0.060210373252630234, 0.03547606244683266]</MAX_VALUE>
		<MIN_VALUE>[0.1325523555278778, 0.11818288266658783, 0.09121072292327881, 0.07545142620801926, 0.009516819380223751, 0.005088196136057377]</MIN_VALUE>
		<SIGNATURE_THRESHOLD_MD>0.0</SIGNATURE_THRESHOLD_MD>
		<SIGNATURE_THRESHOLD_ML>0.0</SIGNATURE_THRESHOLD_ML>
		<SIGNATURE_THRESHOLD_SAM>0.0</SIGNATURE_THRESHOLD_SAM>
	</signature>
	<signature ID="20210208_164735158685_930">
		<MACROCLASSID>1</MACROCLASSID>
		<MACROCLASSINFO>waterbody</MACROCLASSINFO>
		<CLASSID>3</CLASSID>
		<CLASSINFO>C 1</CLASSINFO>
		<VALUES>[0.13499838274179235, 0.000724190605582023, 0.11382019982880182, 0.0011175084527716057, 0.08569996977328431, 0.0014310669234072766, 0.10004865225507975, 0.009478933652075543, 0.030660236513035177, 0.008508589210459187, 0.014728525470774096, 0.004687792479334248]</VALUES>
		<LCS_MIN>[0.13297636806964874, 0.10906653851270676, 0.08235348016023636, 0.08685276657342911, 0.02087104693055153, 0.0069727119989693165]</LCS_MIN>
		<LCS_MAX>[0.13724009692668915, 0.11733485758304596, 0.09434372931718826, 0.13189277052879333, 0.06485100090503693, 0.03601786121726036]</LCS_MAX>
		<WAVELENGTH>[0.48, 0.56, 0.655, 0.865, 1.61, 2.2]</WAVELENGTH>
		<MEAN_VALUE>[0.13499838274179235, 0.11382019982880182, 0.08569996977328431, 0.10004865225507975, 0.030660236513035177, 0.014728525470774096]</MEAN_VALUE>
		<CHECKBOX>2</CHECKBOX>
		<SD>[0.000724190605582023, 0.0011175084527716057, 0.0014310669234072766, 0.009478933652075543, 0.008508589210459187, 0.004687792479334248]</SD>
		<WAVELENGTH_UNIT>E-6m</WAVELENGTH_UNIT>
		<COLOR>#89fd6a</COLOR>
		<COVARIANCE_MATRIX>[[5.262793933979992e-07, 5.130470412950672e-07, 4.5664529579880764e-07, -1.8556171426098444e-06, -1.283820438402472e-06, -4.184262820672302e-07], [5.130470412950672e-07, 1.2531764923551236e-06, 5.391436843638076e-07, -4.05508444600855e-06, -3.1334168397734175e-06, -1.4158503063299577e-06], [4.5664529579880764e-07, 5.391436843638076e-07, 2.055088316410547e-06, 3.3263463592447806e-06, 4.494695986068109e-06, 3.164981990266824e-06], [-1.8556171426098444e-06, -4.05508444600855e-06, 3.3263463592447806e-06, 9.0163252025377e-05, 7.507429108954966e-05, 3.9548624044982716e-05], [-1.283820438402472e-06, -3.1334168397734175e-06, 4.494695986068109e-06, 7.507429108954966e-05, 7.264834130182862e-05, 3.9201237086672336e-05], [-4.184262820672302e-07, -1.4158503063299577e-06, 3.164981990266824e-06, 3.9548624044982716e-05, 3.9201237086672336e-05, 2.2051966880098917e-05]]</COVARIANCE_MATRIX>
		<ROI_SIZE>288</ROI_SIZE>
		<MAX_VALUE>[0.13724009692668915, 0.11733485758304596, 0.09434372931718826, 0.13189277052879333, 0.06485100090503693, 0.03601786121726036]</MAX_VALUE>
		<MIN_VALUE>[0.13297636806964874, 0.10906653851270676, 0.08235348016023636, 0.08685276657342911, 0.02087104693055153, 0.0069727119989693165]</MIN_VALUE>
		<SIGNATURE_THRESHOLD_MD>0.0</SIGNATURE_THRESHOLD_MD>
		<SIGNATURE_THRESHOLD_ML>0.0</SIGNATURE_THRESHOLD_ML>
		<SIGNATURE_THRESHOLD_SAM>0.0</SIGNATURE_THRESHOLD_SAM>
	</signature>
	<signature ID="20210208_164740735433_435">
		<MACROCLASSID>1</MACROCLASSID>
		<MACROCLASSINFO>waterbody</MACROCLASSINFO>
		<CLASSID>4</CLASSID>
		<CLASSINFO>C 1</CLASSINFO>
		<VALUES>[0.1292724206455444, 0.0013351452406866664, 0.10755085974539581, 0.002100364486872495, 0.07543716638496048, 0.003229084363349148, 0.10761563872036181, 0.02068155722560305, 0.04021990871498067, 0.015745760429476122, 0.020699639449288182, 0.00859760929390307]</VALUES>
		<LCS_MIN>[0.12449603527784348, 0.09863100200891495, 0.06690042465925217, 0.07971514761447906, 0.012060916982591152, 0.007773632183670998]</LCS_MIN>
		<LCS_MAX>[0.13217544555664062, 0.11092749983072281, 0.08692342787981033, 0.15561413764953613, 0.07601677626371384, 0.04259013012051582]</LCS_MAX>
		<WAVELENGTH>[0.48, 0.56, 0.655, 0.865, 1.61, 2.2]</WAVELENGTH>
		<MEAN_VALUE>[0.1292724206455444, 0.10755085974539581, 0.07543716638496048, 0.10761563872036181, 0.04021990871498067, 0.020699639449288182]</MEAN_VALUE>
		<CHECKBOX>2</CHECKBOX>
		<SD>[0.0013351452406866664, 0.002100364486872495, 0.003229084363349148, 0.02068155722560305, 0.015745760429476122, 0.00859760929390307]</SD>
		<WAVELENGTH_UNIT>E-6m</WAVELENGTH_UNIT>
		<COLOR>#46c7b7</COLOR>
		<COVARIANCE_MATRIX>[[1.8063809648083407e-06, 2.286252311023418e-06, 2.9658685889444314e-06, -1.1092174645455088e-05, -6.1394380281853955e-06, -9.481304346081743e-07], [2.286252311023418e-06, 4.470351541385753e-06, 4.815912234334974e-06, -8.031053766899277e-06, -4.463818186195567e-06, 1.7637427163208486e-06], [2.9658685889444314e-06, 4.815912234334974e-06, 1.056601195159601e-05, 1.1625873412413057e-05, 1.4244640624383464e-05, 1.4373112207977101e-05], [-1.1092174645455088e-05, -8.031053766899277e-06, 1.1625873412413057e-05, 0.0004334298428148031, 0.0002666710934136063, 0.00013778712309431285], [-6.1394380281853955e-06, -4.463818186195567e-06, 1.4244640624383464e-05, 0.0002666710934136063, 0.00025123468367382884, 0.0001287163031520322], [-9.481304346081743e-07, 1.7637427163208486e-06, 1.4373112207977101e-05, 0.00013778712309431285, 0.0001287163031520322, 7.490447023883462e-05]]</COVARIANCE_MATRIX>
		<ROI_SIZE>76</ROI_SIZE>
		<MAX_VALUE>[0.13217544555664062, 0.11092749983072281, 0.08692342787981033, 0.15561413764953613, 0.07601677626371384, 0.04259013012051582]</MAX_VALUE>
		<MIN_VALUE>[0.12449603527784348, 0.09863100200891495, 0.06690042465925217, 0.07971514761447906, 0.012060916982591152, 0.007773632183670998]</MIN_VALUE>
		<SIGNATURE_THRESHOLD_MD>0.0</SIGNATURE_THRESHOLD_MD>
		<SIGNATURE_THRESHOLD_ML>0.0</SIGNATURE_THRESHOLD_ML>
		<SIGNATURE_THRESHOLD_SAM>0.0</SIGNATURE_THRESHOLD_SAM>
	</signature>
	<signature ID="20210208_164744463989_288">
		<MACROCLASSID>1</MACROCLASSID>
		<MACROCLASSINFO>waterbody</MACROCLASSINFO>
		<CLASSID>5</CLASSID>
		<CLASSINFO>C 1</CLASSINFO>
		<VALUES>[0.12809577862421673, 0.0008844417073881935, 0.10568978945414227, 0.0013434852173397891, 0.07292397071917849, 0.002454219181637643, 0.10948772291342417, 0.019345267473470807, 0.0380041483292977, 0.013223992536150407, 0.018458545071383312, 0.007216211176785624]</VALUES>
		<LCS_MIN>[0.12579163908958435, 0.10216448456048965, 0.06935029476881027, 0.08018628507852554, 0.020164350047707558, 0.008598114363849163]</LCS_MIN>
		<LCS_MAX>[0.13097406923770905, 0.1098439022898674, 0.08134054392576218, 0.14607377350330353, 0.06704176217317581, 0.039056651294231415]</LCS_MAX>
		<WAVELENGTH>[0.48, 0.56, 0.655, 0.865, 1.61, 2.2]</WAVELENGTH>
		<MEAN_VALUE>[0.12809577862421673, 0.10568978945414227, 0.07292397071917849, 0.10948772291342417, 0.0380041483292977, 0.018458545071383312]</MEAN_VALUE>
		<CHECKBOX>2</CHECKBOX>
		<SD>[0.0008844417073881935, 0.0013434852173397891, 0.002454219181637643, 0.019345267473470807, 0.013223992536150407, 0.007216211176785624]</SD>
		<WAVELENGTH_UNIT>E-6m</WAVELENGTH_UNIT>
		<COLOR>#5fd67b</COLOR>
		<COVARIANCE_MATRIX>[[7.928078957775142e-07, 8.935353434935678e-07, 9.776770184544148e-07, -8.215462003136054e-06, -3.4011611660389462e-06, -7.84371650297544e-07], [8.935353434935678e-07, 1.8293437733518658e-06, 2.5561030270182528e-06, -1.8308403468836332e-06, 2.0582911020028405e-06, 3.0453343242697883e-06], [9.776770184544148e-07, 2.5561030270182528e-06, 6.104586191213457e-06, 1.8910823200712912e-05, 1.8644906958797947e-05, 1.2824154509871732e-05], [-8.215462003136054e-06, -1.8308403468836332e-06, 1.8910823200712912e-05, 0.0003792966599576175, 0.00024105218471959233, 0.00012141870683990419], [-3.4011611660389462e-06, 2.0582911020028405e-06, 1.8644906958797947e-05, 0.00024105218471959233, 0.00017723714699968696, 9.343368583358824e-05], [-7.84371650297544e-07, 3.0453343242697883e-06, 1.2824154509871732e-05, 0.00012141870683990419, 9.343368583358824e-05, 5.2777402743231505e-05]]</COVARIANCE_MATRIX>
		<ROI_SIZE>75</ROI_SIZE>
		<MAX_VALUE>[0.13097406923770905, 0.1098439022898674, 0.08134054392576218, 0.14607377350330353, 0.06704176217317581, 0.039056651294231415]</MAX_VALUE>
		<MIN_VALUE>[0.12579163908958435, 0.10216448456048965, 0.06935029476881027, 0.08018628507852554, 0.020164350047707558, 0.008598114363849163]</MIN_VALUE>
		<SIGNATURE_THRESHOLD_MD>0.0</SIGNATURE_THRESHOLD_MD>
		<SIGNATURE_THRESHOLD_ML>0.0</SIGNATURE_THRESHOLD_ML>
		<SIGNATURE_THRESHOLD_SAM>0.0</SIGNATURE_THRESHOLD_SAM>
	</signature>
	<signature ID="20210208_164751169120_888">
		<MACROCLASSID>1</MACROCLASSID>
		<MACROCLASSINFO>waterbody</MACROCLASSINFO>
		<CLASSID>6</CLASSID>
		<CLASSINFO>C 1</CLASSINFO>
		<VALUES>[0.12888715492219333, 0.002113155809538846, 0.1090703793630308, 0.003233257750284829, 0.07590765247539596, 0.004448784736268233, 0.12810834770908164, 0.029383265472353006, 0.05473998386640939, 0.019210318319895465, 0.027548106387257583, 0.009652863622024218]</VALUES>
		<LCS_MIN>[0.12381289899349213, 0.09940837323665619, 0.06798402220010757, 0.08303661644458771, 0.025134770199656487, 0.012814722023904324]</LCS_MIN>
		<LCS_MAX>[0.1347431093454361, 0.11641615629196167, 0.08784213662147522, 0.1911608874797821, 0.09625179320573807, 0.04647694528102875]</LCS_MAX>
		<WAVELENGTH>[0.48, 0.56, 0.655, 0.865, 1.61, 2.2]</WAVELENGTH>
		<MEAN_VALUE>[0.12888715492219333, 0.1090703793630308, 0.07590765247539596, 0.12810834770908164, 0.05473998386640939, 0.027548106387257583]</MEAN_VALUE>
		<CHECKBOX>2</CHECKBOX>
		<SD>[0.002113155809538846, 0.003233257750284829, 0.004448784736268233, 0.029383265472353006, 0.019210318319895465, 0.009652863622024218]</SD>
		<WAVELENGTH_UNIT>E-6m</WAVELENGTH_UNIT>
		<COLOR>#f08bf4</COLOR>
		<COVARIANCE_MATRIX>[[4.558457021630602e-06, 6.404634859791258e-06, 7.081783678586362e-06, -3.6639106838265434e-05, -1.4691235264763236e-05, -1.06315155790071e-06], [6.404634859791258e-06, 1.0671746167645324e-05, 1.1427444405853748e-05, -4.285469185560942e-05, -1.6052865248639137e-05, 1.0848801821339293e-06], [7.081783678586362e-06, 1.1427444405853748e-05, 2.0204011889290996e-05, -1.8035525499726646e-05, 1.152176901086932e-05, 1.9771223378484137e-05], [-3.6639106838265434e-05, -4.285469185560942e-05, -1.8035525499726646e-05, 0.0008813632884994149, 0.0005172399105504155, 0.00022190080198924989], [-1.4691235264763236e-05, -1.6052865248639137e-05, 1.152176901086932e-05, 0.0005172399105504155, 0.0003767245798371732, 0.00017502025002613664], [-1.06315155790071e-06, 1.0848801821339293e-06, 1.9771223378484137e-05, 0.00022190080198924989, 0.00017502025002613664, 9.511897951597348e-05]]</COVARIANCE_MATRIX>
		<ROI_SIZE>49</ROI_SIZE>
		<MAX_VALUE>[0.1347431093454361, 0.11641615629196167, 0.08784213662147522, 0.1911608874797821, 0.09625179320573807, 0.04647694528102875]</MAX_VALUE>
		<MIN_VALUE>[0.12381289899349213, 0.09940837323665619, 0.06798402220010757, 0.08303661644458771, 0.025134770199656487, 0.012814722023904324]</MIN_VALUE>
		<SIGNATURE_THRESHOLD_MD>0.0</SIGNATURE_THRESHOLD_MD>
		<SIGNATURE_THRESHOLD_ML>0.0</SIGNATURE_THRESHOLD_ML>
		<SIGNATURE_THRESHOLD_SAM>0.0</SIGNATURE_THRESHOLD_SAM>
	</signature>
	<signature ID="20210208_164757247011_715">
		<MACROCLASSID>1</MACROCLASSID>
		<MACROCLASSINFO>waterbody</MACROCLASSINFO>
		<CLASSID>7</CLASSID>
		<CLASSINFO>C 1</CLASSINFO>
		<VALUES>[0.11694314926637729, 0.000877962205592341, 0.08715367704914863, 0.0013467712045912967, 0.05748422681032928, 0.001336729815796536, 0.06844588951453787, 0.005957782290561262, 0.01734180246523403, 0.005308188093732593, 0.007998531141750056, 0.0029777546440155423]</VALUES>
		<LCS_MIN>[0.11406049877405167, 0.08388464152812958, 0.05526351556181908, 0.060493048280477524, 0.010930205695331097, 0.004593513906002045]</LCS_MIN>
		<LCS_MAX>[0.11983185261487961, 0.09439083188772202, 0.06909117102622986, 0.10444945842027664, 0.05453327298164368, 0.03573518618941307]</LCS_MAX>
		<WAVELENGTH>[0.48, 0.56, 0.655, 0.865, 1.61, 2.2]</WAVELENGTH>
		<MEAN_VALUE>[0.11694314926637729, 0.08715367704914863, 0.05748422681032928, 0.06844588951453787, 0.01734180246523403, 0.007998531141750056]</MEAN_VALUE>
		<CHECKBOX>2</CHECKBOX>
		<SD>[0.000877962205592341, 0.0013467712045912967, 0.001336729815796536, 0.005957782290561262, 0.005308188093732593, 0.0029777546440155423]</SD>
		<WAVELENGTH_UNIT>E-6m</WAVELENGTH_UNIT>
		<COLOR>#1df3ec</COLOR>
		<COVARIANCE_MATRIX>[[5.767666380052106e-07, 7.119319889170583e-07, 5.735657850891585e-07, -4.812305860468769e-07, 1.3713018631733576e-07, 1.8918559874236962e-07], [7.119319889170583e-07, 1.511785058028181e-06, 1.416893155692378e-06, 2.9353489026107127e-06, 2.8570716494868975e-06, 1.7674218497631955e-06], [5.735657850891585e-07, 1.416893155692378e-06, 1.70643477304111e-06, 4.73527870781254e-06, 4.649143647839082e-06, 2.7293740458844695e-06], [-4.812305860468769e-07, 2.9353489026107127e-06, 4.73527870781254e-06, 3.478608778095804e-05, 2.6609663109411485e-05, 1.4149584785627667e-05], [1.3713018631733576e-07, 2.8570716494868975e-06, 4.649143647839082e-06, 2.6609663109411485e-05, 2.7111833333037794e-05, 1.4916821783117484e-05], [1.8918559874236962e-07, 1.7674218497631955e-06, 2.7293740458844695e-06, 1.4149584785627667e-05, 1.4916821783117484e-05, 8.609158612671308e-06]]</COVARIANCE_MATRIX>
		<ROI_SIZE>3973</ROI_SIZE>
		<MAX_VALUE>[0.11983185261487961, 0.09439083188772202, 0.06909117102622986, 0.10444945842027664, 0.05453327298164368, 0.03573518618941307]</MAX_VALUE>
		<MIN_VALUE>[0.11406049877405167, 0.08388464152812958, 0.05526351556181908, 0.060493048280477524, 0.010930205695331097, 0.004593513906002045]</MIN_VALUE>
		<SIGNATURE_THRESHOLD_MD>0.0</SIGNATURE_THRESHOLD_MD>
		<SIGNATURE_THRESHOLD_ML>0.0</SIGNATURE_THRESHOLD_ML>
		<SIGNATURE_THRESHOLD_SAM>0.0</SIGNATURE_THRESHOLD_SAM>
	</signature>
	<signature ID="20210208_164805455692_938">
		<MACROCLASSID>1</MACROCLASSID>
		<MACROCLASSINFO>waterbody</MACROCLASSINFO>
		<CLASSID>8</CLASSID>
		<CLASSINFO>C 1</CLASSINFO>
		<VALUES>[0.1318985500723645, 0.0031501724263425243, 0.12244556108838031, 0.00449726719935373, 0.08485381248362946, 0.004416225101351914, 0.06130933206240425, 0.005509746067177037, 0.015322591718797214, 0.004253290159791527, 0.007105219425480265, 0.002750960262086887]</VALUES>
		<LCS_MIN>[0.11952561885118484, 0.10261204838752747, 0.0673244372010231, 0.05354388803243637, 0.008880790323019028, 0.005394434090703726]</LCS_MIN>
		<LCS_MAX>[0.13566181063652039, 0.12659256160259247, 0.09707628935575485, 0.09771230071783066, 0.051141127943992615, 0.0330733023583889]</LCS_MAX>
		<WAVELENGTH>[0.48, 0.56, 0.655, 0.865, 1.61, 2.2]</WAVELENGTH>
		<MEAN_VALUE>[0.1318985500723645, 0.12244556108838031, 0.08485381248362946, 0.06130933206240425, 0.015322591718797214, 0.007105219425480265]</MEAN_VALUE>
		<CHECKBOX>2</CHECKBOX>
		<SD>[0.0031501724263425243, 0.00449726719935373, 0.004416225101351914, 0.005509746067177037, 0.004253290159791527, 0.002750960262086887]</SD>
		<WAVELENGTH_UNIT>E-6m</WAVELENGTH_UNIT>
		<COLOR>#9652bc</COLOR>
		<COVARIANCE_MATRIX>[[8.992815310193691e-06, 1.2598228749993723e-05, 1.2306601092859637e-05, -7.894433110777754e-06, -4.0366621760767885e-06, -2.305384896317264e-06], [1.2598228749993723e-05, 1.847176463343203e-05, 1.815583891584538e-05, -1.1159226232848596e-05, -6.165881586639443e-06, -3.5527289128367556e-06], [1.2306601092859637e-05, 1.815583891584538e-05, 1.9188599253538996e-05, -6.161656074255006e-06, -2.1272667254379485e-06, -9.801323130886885e-07], [-7.894433110777754e-06, -1.1159226232848596e-05, -6.161656074255006e-06, 3.514383206493221e-05, 2.5448818632867187e-05, 1.527835956949275e-05], [-4.0366621760767885e-06, -6.165881586639443e-06, -2.1272667254379485e-06, 2.5448818632867187e-05, 2.2186855858308263e-05, 1.3460962691169698e-05], [-2.305384896317264e-06, -3.5527289128367556e-06, -9.801323130886885e-07, 1.527835956949275e-05, 1.3460962691169698e-05, 8.474596143059898e-06]]</COVARIANCE_MATRIX>
		<ROI_SIZE>3471</ROI_SIZE>
		<MAX_VALUE>[0.13566181063652039, 0.12659256160259247, 0.09707628935575485, 0.09771230071783066, 0.051141127943992615, 0.0330733023583889]</MAX_VALUE>
		<MIN_VALUE>[0.11952561885118484, 0.10261204838752747, 0.0673244372010231, 0.05354388803243637, 0.008880790323019028, 0.005394434090703726]</MIN_VALUE>
		<SIGNATURE_THRESHOLD_MD>0.0</SIGNATURE_THRESHOLD_MD>
		<SIGNATURE_THRESHOLD_ML>0.0</SIGNATURE_THRESHOLD_ML>
		<SIGNATURE_THRESHOLD_SAM>0.0</SIGNATURE_THRESHOLD_SAM>
	</signature>
	<signature ID="20210208_164814177833_140">
		<MACROCLASSID>1</MACROCLASSID>
		<MACROCLASSINFO>waterbody</MACROCLASSINFO>
		<CLASSID>9</CLASSID>
		<CLASSINFO>C 1</CLASSINFO>
		<VALUES>[0.13438580086637672, 0.0027191787765249837, 0.1215380899957381, 0.00448449272543885, 0.08438622272141028, 0.004096378310233192, 0.06999865033763611, 0.006146478386213746, 0.017410171958285273, 0.005108526182743971, 0.008008188841423765, 0.003371410772565772]</VALUES>
		<LCS_MIN>[0.12315331399440765, 0.09865457564592361, 0.06734799593687057, 0.06273091584444046, 0.012908953242003918, 0.005842000711709261]</LCS_MIN>
		<LCS_MAX>[0.1373814344406128, 0.12482581287622452, 0.09377837181091309, 0.10609842091798782, 0.05509862303733826, 0.03658321127295494]</LCS_MAX>
		<WAVELENGTH>[0.48, 0.56, 0.655, 0.865, 1.61, 2.2]</WAVELENGTH>
		<MEAN_VALUE>[0.13438580086637672, 0.1215380899957381, 0.08438622272141028, 0.06999865033763611, 0.017410171958285273, 0.008008188841423765]</MEAN_VALUE>
		<CHECKBOX>2</CHECKBOX>
		<SD>[0.0027191787765249837, 0.00448449272543885, 0.004096378310233192, 0.006146478386213746, 0.005108526182743971, 0.003371410772565772]</SD>
		<WAVELENGTH_UNIT>E-6m</WAVELENGTH_UNIT>
		<COLOR>#e10a5e</COLOR>
		<COVARIANCE_MATRIX>[[7.5679831752495375e-06, 1.1939207070099656e-05, 1.0031944839283824e-05, -7.492137683584588e-06, -5.799110567750176e-06, -3.675863581520389e-06], [1.1939207070099656e-05, 1.951190824911464e-05, 1.6515790775883943e-05, -1.2575125765579287e-05, -9.359391697216779e-06, -5.829003384860698e-06], [1.0031944839283824e-05, 1.6515790775883943e-05, 1.5718942449893802e-05, -5.440068434836576e-06, -2.489503231117851e-06, -1.0688781912904233e-06], [-7.492137683584588e-06, -1.2575125765579287e-05, -5.440068434836576e-06, 3.988513344665989e-05, 3.163968722219579e-05, 2.0721325199701823e-05], [-5.799110567750176e-06, -9.359391697216779e-06, -2.489503231117851e-06, 3.163968722219579e-05, 3.152731733280234e-05, 2.1063126041553915e-05], [-3.675863581520389e-06, -5.829003384860698e-06, -1.0688781912904233e-06, 2.0721325199701823e-05, 2.1063126041553915e-05, 1.4633979844802525e-05]]</COVARIANCE_MATRIX>
		<ROI_SIZE>2642</ROI_SIZE>
		<MAX_VALUE>[0.1373814344406128, 0.12482581287622452, 0.09377837181091309, 0.10609842091798782, 0.05509862303733826, 0.03658321127295494]</MAX_VALUE>
		<MIN_VALUE>[0.12315331399440765, 0.09865457564592361, 0.06734799593687057, 0.06273091584444046, 0.012908953242003918, 0.005842000711709261]</MIN_VALUE>
		<SIGNATURE_THRESHOLD_MD>0.0</SIGNATURE_THRESHOLD_MD>
		<SIGNATURE_THRESHOLD_ML>0.0</SIGNATURE_THRESHOLD_ML>
		<SIGNATURE_THRESHOLD_SAM>0.0</SIGNATURE_THRESHOLD_SAM>
	</signature>
	<signature ID="20210208_164823784434_561">
		<MACROCLASSID>1</MACROCLASSID>
		<MACROCLASSINFO>waterbody</MACROCLASSINFO>
		<CLASSID>10</CLASSID>
		<CLASSINFO>C 1</CLASSINFO>
		<VALUES>[0.140782774215507, 0.002381328860434714, 0.11894118981500244, 0.0028278998548336024, 0.08372461257423357, 0.004407200289888484, 0.0733291090991043, 0.006643983350549403, 0.021839021886207056, 0.006724738853704227, 0.011848187837142947, 0.0051210994106977124]</VALUES>
		<LCS_MIN>[0.13358883559703827, 0.10949055105447769, 0.07752440124750137, 0.06529858708381653, 0.015547273680567741, 0.007161165587604046]</LCS_MIN>
		<LCS_MAX>[0.145461305975914, 0.12536762654781342, 0.10965543985366821, 0.1113986149430275, 0.059809911996126175, 0.04598225653171539]</LCS_MAX>
		<WAVELENGTH>[0.48, 0.56, 0.655, 0.865, 1.61, 2.2]</WAVELENGTH>
		<MEAN_VALUE>[0.140782774215507, 0.11894118981500244, 0.08372461257423357, 0.0733291090991043, 0.021839021886207056, 0.011848187837142947]</MEAN_VALUE>
		<CHECKBOX>2</CHECKBOX>
		<SD>[0.002381328860434714, 0.0028278998548336024, 0.004407200289888484, 0.006643983350549403, 0.006724738853704227, 0.0051210994106977124]</SD>
		<WAVELENGTH_UNIT>E-6m</WAVELENGTH_UNIT>
		<COLOR>#91d6bc</COLOR>
		<COVARIANCE_MATRIX>[[4.775402430823306e-06, 5.342152689991053e-06, 2.2603185243497137e-06, -1.6405477936132229e-06, -8.061817311499908e-07, -3.826906720405532e-07], [5.342152689991053e-06, 6.710591605951777e-06, 1.7656013824307593e-06, -1.3850498135070666e-06, -4.924447694065748e-07, -9.12360107463428e-08], [2.2603185243497137e-06, 1.7656013824307593e-06, 1.6838155715959147e-05, 1.2375039659673348e-05, 1.244455597770866e-05, 9.809493349166587e-06], [-1.6405477936132229e-06, -1.3850498135070666e-06, 1.2375039659673348e-05, 4.233382787788287e-05, 3.841840953100473e-05, 2.748755650827661e-05], [-8.061817311499908e-07, -4.924447694065748e-07, 1.244455597770866e-05, 3.841840953100473e-05, 4.114500552532263e-05, 3.0193852580850944e-05], [-3.826906720405532e-07, -9.12360107463428e-08, 9.809493349166587e-06, 2.748755650827661e-05, 3.0193852580850944e-05, 2.3183283701655455e-05]]</COVARIANCE_MATRIX>
		<ROI_SIZE>1568</ROI_SIZE>
		<MAX_VALUE>[0.145461305975914, 0.12536762654781342, 0.10965543985366821, 0.1113986149430275, 0.059809911996126175, 0.04598225653171539]</MAX_VALUE>
		<MIN_VALUE>[0.13358883559703827, 0.10949055105447769, 0.07752440124750137, 0.06529858708381653, 0.015547273680567741, 0.007161165587604046]</MIN_VALUE>
		<SIGNATURE_THRESHOLD_MD>0.0</SIGNATURE_THRESHOLD_MD>
		<SIGNATURE_THRESHOLD_ML>0.0</SIGNATURE_THRESHOLD_ML>
		<SIGNATURE_THRESHOLD_SAM>0.0</SIGNATURE_THRESHOLD_SAM>
	</signature>
	<signature ID="20210208_164830326102_831">
		<MACROCLASSID>1</MACROCLASSID>
		<MACROCLASSINFO>waterbody</MACROCLASSINFO>
		<CLASSID>11</CLASSID>
		<CLASSINFO>C 1</CLASSINFO>
		<VALUES>[0.13712521731633945, 0.0016604626562623213, 0.1237183216389811, 0.003476788648026102, 0.10252950004341414, 0.0061323900370722885, 0.08899458375644506, 0.00919829669970782, 0.018654434260797353, 0.005397552484345374, 0.009363764173198562, 0.0032619275116536907]</VALUES>
		<LCS_MIN>[0.12925444543361664, 0.10477925837039948, 0.07766573876142502, 0.07688837498426437, 0.010317739099264145, 0.005936231929808855]</LCS_MIN>
		<LCS_MAX>[0.1417393833398819, 0.1308327317237854, 0.11969051510095596, 0.11870113015174866, 0.05540485307574272, 0.03382711485028267]</LCS_MAX>
		<WAVELENGTH>[0.48, 0.56, 0.655, 0.865, 1.61, 2.2]</WAVELENGTH>
		<MEAN_VALUE>[0.13712521731633945, 0.1237183216389811, 0.10252950004341414, 0.08899458375644506, 0.018654434260797353, 0.009363764173198562]</MEAN_VALUE>
		<CHECKBOX>2</CHECKBOX>
		<SD>[0.0016604626562623213, 0.003476788648026102, 0.0061323900370722885, 0.00919829669970782, 0.005397552484345374, 0.0032619275116536907]</SD>
		<WAVELENGTH_UNIT>E-6m</WAVELENGTH_UNIT>
		<COLOR>#b7508a</COLOR>
		<COVARIANCE_MATRIX>[[2.762223175523104e-06, 5.622072876576567e-06, 9.921801392920315e-06, 7.924168130557518e-06, -6.956219067433267e-07, -2.60677410324206e-07], [5.622072876576567e-06, 1.2110362149542198e-05, 2.07923621928785e-05, 1.527506537968293e-05, -2.208142404924729e-06, -1.0284020390827209e-06], [9.921801392920315e-06, 2.07923621928785e-05, 3.767559246625751e-05, 3.3538988645887e-05, -4.899584951090219e-07, 3.1988918181014014e-07], [7.924168130557518e-06, 1.527506537968293e-05, 3.3538988645887e-05, 8.476476796204224e-05, 3.185762034263462e-05, 1.933204839588143e-05], [-6.956219067433267e-07, -2.208142404924729e-06, -4.899584951090219e-07, 3.185762034263462e-05, 2.9187325708335266e-05, 1.7185428077937104e-05], [-2.60677410324206e-07, -1.0284020390827209e-06, 3.1988918181014014e-07, 1.933204839588143e-05, 1.7185428077937104e-05, 1.0659802683221642e-05]]</COVARIANCE_MATRIX>
		<ROI_SIZE>543</ROI_SIZE>
		<MAX_VALUE>[0.1417393833398819, 0.1308327317237854, 0.11969051510095596, 0.11870113015174866, 0.05540485307574272, 0.03382711485028267]</MAX_VALUE>
		<MIN_VALUE>[0.12925444543361664, 0.10477925837039948, 0.07766573876142502, 0.07688837498426437, 0.010317739099264145, 0.005936231929808855]</MIN_VALUE>
		<SIGNATURE_THRESHOLD_MD>0.0</SIGNATURE_THRESHOLD_MD>
		<SIGNATURE_THRESHOLD_ML>0.0</SIGNATURE_THRESHOLD_ML>
		<SIGNATURE_THRESHOLD_SAM>0.0</SIGNATURE_THRESHOLD_SAM>
	</signature>
	<signature ID="20210208_164839156317_666">
		<MACROCLASSID>1</MACROCLASSID>
		<MACROCLASSINFO>waterbody</MACROCLASSINFO>
		<CLASSID>12</CLASSID>
		<CLASSINFO>C 1</CLASSINFO>
		<VALUES>[0.1402126171896535, 0.0013236743473132861, 0.12593054627218553, 0.002532469392651574, 0.09977448726854016, 0.00313666809020622, 0.09850775503343152, 0.008430149515299502, 0.026353626157487608, 0.006510063831019496, 0.014448177063417047, 0.0032987520628447774]</VALUES>
		<LCS_MIN>[0.13549691438674927, 0.11431962251663208, 0.08857239782810211, 0.08539226651191711, 0.01773802749812603, 0.009893717244267464]</LCS_MIN>
		<LCS_MAX>[0.1426345258951187, 0.13090339303016663, 0.10734690725803375, 0.13118606805801392, 0.056017328053712845, 0.02666594088077545]</LCS_MAX>
		<WAVELENGTH>[0.48, 0.56, 0.655, 0.865, 1.61, 2.2]</WAVELENGTH>
		<MEAN_VALUE>[0.1402126171896535, 0.12593054627218553, 0.09977448726854016, 0.09850775503343152, 0.026353626157487608, 0.014448177063417047]</MEAN_VALUE>
		<CHECKBOX>2</CHECKBOX>
		<SD>[0.0013236743473132861, 0.002532469392651574, 0.00313666809020622, 0.008430149515299502, 0.006510063831019496, 0.0032987520628447774]</SD>
		<WAVELENGTH_UNIT>E-6m</WAVELENGTH_UNIT>
		<COLOR>#3c5701</COLOR>
		<COVARIANCE_MATRIX>[[1.7634911273489706e-06, 3.206167775715585e-06, 3.928670139430324e-06, -2.5975996322813444e-06, -1.7657871467235964e-06, -2.6664636720852286e-07], [3.206167775715585e-06, 6.455046786868479e-06, 7.725495379418135e-06, -4.2920332816720475e-06, -2.874577148759272e-06, -4.3407769112491223e-07], [3.928670139430324e-06, 7.725495379418135e-06, 9.902574674924836e-06, -2.310799573024269e-06, -1.5542593700956786e-06, 4.101521824395604e-07], [-2.5975996322813444e-06, -4.2920332816720475e-06, -2.310799573024269e-06, 7.152889884309843e-05, 4.955045733368024e-05, 2.2310057829599828e-05], [-1.7657871467235964e-06, -2.874577148759272e-06, -1.5542593700956786e-06, 4.955045733368024e-05, 4.265613097231835e-05, 1.9790490114246495e-05], [-2.6664636720852286e-07, -4.3407769112491223e-07, 4.101521824395604e-07, 2.2310057829599828e-05, 1.9790490114246495e-05, 1.095242623705417e-05]]</COVARIANCE_MATRIX>
		<ROI_SIZE>155</ROI_SIZE>
		<MAX_VALUE>[0.1426345258951187, 0.13090339303016663, 0.10734690725803375, 0.13118606805801392, 0.056017328053712845, 0.02666594088077545]</MAX_VALUE>
		<MIN_VALUE>[0.13549691438674927, 0.11431962251663208, 0.08857239782810211, 0.08539226651191711, 0.01773802749812603, 0.009893717244267464]</MIN_VALUE>
		<SIGNATURE_THRESHOLD_MD>0.0</SIGNATURE_THRESHOLD_MD>
		<SIGNATURE_THRESHOLD_ML>0.0</SIGNATURE_THRESHOLD_ML>
		<SIGNATURE_THRESHOLD_SAM>0.0</SIGNATURE_THRESHOLD_SAM>
	</signature>
	<signature ID="20210208_164844952206_870">
		<MACROCLASSID>1</MACROCLASSID>
		<MACROCLASSINFO>waterbody</MACROCLASSINFO>
		<CLASSID>13</CLASSID>
		<CLASSINFO>C 1</CLASSINFO>
		<VALUES>[0.128654164912766, 0.001590257005648402, 0.10147528464323298, 0.002726706189633251, 0.0745967584839332, 0.0026438017119097463, 0.07492959742041656, 0.00783318813858622, 0.023901135470757857, 0.004536614430638008, 0.01312986875585133, 0.0025058009403782664]</VALUES>
		<LCS_MIN>[0.12421336024999619, 0.09415528178215027, 0.06730088591575623, 0.062142014503479004, 0.016842884942889214, 0.008174092508852482]</LCS_MIN>
		<LCS_MAX>[0.1314687430858612, 0.1098439022898674, 0.08407310396432877, 0.10699355602264404, 0.050669990479946136, 0.029280709102749825]</LCS_MAX>
		<WAVELENGTH>[0.48, 0.56, 0.655, 0.865, 1.61, 2.2]</WAVELENGTH>
		<MEAN_VALUE>[0.128654164912766, 0.10147528464323298, 0.0745967584839332, 0.07492959742041656, 0.023901135470757857, 0.01312986875585133]</MEAN_VALUE>
		<CHECKBOX>2</CHECKBOX>
		<SD>[0.001590257005648402, 0.002726706189633251, 0.0026438017119097463, 0.00783318813858622, 0.004536614430638008, 0.0025058009403782664]</SD>
		<WAVELENGTH_UNIT>E-6m</WAVELENGTH_UNIT>
		<COLOR>#525e0f</COLOR>
		<COVARIANCE_MATRIX>[[2.414207074252772e-06, 3.6907317735312972e-06, 3.485382194412523e-06, -1.2987749187232112e-06, 8.012660259737459e-07, 1.3898302313464228e-06], [3.6907317735312972e-06, 6.360391125781462e-06, 5.9236235756543465e-06, 3.309240810267511e-07, 2.4820271846692776e-06, 2.6791060463438043e-06], [3.485382194412523e-06, 5.9236235756543465e-06, 6.032174951542402e-06, 1.608263573871227e-06, 3.388119239389198e-06, 3.279107886555721e-06], [-1.2987749187232112e-06, 3.309240810267511e-07, 1.608263573871227e-06, 5.634990884573199e-05, 2.8905264116474427e-05, 1.2894372048322111e-05], [8.012660259737459e-07, 2.4820271846692776e-06, 3.388119239389198e-06, 2.8905264116474427e-05, 2.0379844499984756e-05, 1.0204344107478391e-05], [1.3898302313464228e-06, 2.6791060463438043e-06, 3.279107886555721e-06, 1.2894372048322111e-05, 1.0204344107478391e-05, 6.411197773559252e-06]]</COVARIANCE_MATRIX>
		<ROI_SIZE>2909</ROI_SIZE>
		<MAX_VALUE>[0.1314687430858612, 0.1098439022898674, 0.08407310396432877, 0.10699355602264404, 0.050669990479946136, 0.029280709102749825]</MAX_VALUE>
		<MIN_VALUE>[0.12421336024999619, 0.09415528178215027, 0.06730088591575623, 0.062142014503479004, 0.016842884942889214, 0.008174092508852482]</MIN_VALUE>
		<SIGNATURE_THRESHOLD_MD>0.0</SIGNATURE_THRESHOLD_MD>
		<SIGNATURE_THRESHOLD_ML>0.0</SIGNATURE_THRESHOLD_ML>
		<SIGNATURE_THRESHOLD_SAM>0.0</SIGNATURE_THRESHOLD_SAM>
	</signature>
	<signature ID="20210208_164852317103_978">
		<MACROCLASSID>1</MACROCLASSID>
		<MACROCLASSINFO>waterbody</MACROCLASSINFO>
		<CLASSID>14</CLASSID>
		<CLASSINFO>C 1</CLASSINFO>
		<VALUES>[0.14514130977100373, 0.002251829575168333, 0.12712462440701291, 0.004410435910684252, 0.10484389512631291, 0.01267357050338097, 0.07860842913499186, 0.009346430879921487, 0.02633180225962204, 0.008341039282776595, 0.0160406595800498, 0.006765403552963805]</VALUES>
		<LCS_MIN>[0.13540267944335938, 0.10492059588432312, 0.08298950642347336, 0.06720665842294693, 0.013568535447120667, 0.003981038462370634]</LCS_MIN>
		<LCS_MAX>[0.15215134620666504, 0.1379232257604599, 0.12998469173908234, 0.10859540104866028, 0.06362606585025787, 0.053850118070840836]</LCS_MAX>
		<WAVELENGTH>[0.48, 0.56, 0.655, 0.865, 1.61, 2.2]</WAVELENGTH>
		<MEAN_VALUE>[0.14514130977100373, 0.12712462440701291, 0.10484389512631291, 0.07860842913499186, 0.02633180225962204, 0.0160406595800498]</MEAN_VALUE>
		<CHECKBOX>2</CHECKBOX>
		<SD>[0.002251829575168333, 0.004410435910684252, 0.01267357050338097, 0.009346430879921487, 0.008341039282776595, 0.006765403552963805]</SD>
		<WAVELENGTH_UNIT>E-6m</WAVELENGTH_UNIT>
		<COLOR>#9fde49</COLOR>
		<COVARIANCE_MATRIX>[[3.6636808999901405e-06, 2.9881668979214737e-06, -6.067997674108483e-06, -5.1308711590536404e-06, 2.968621629406698e-06, 2.84302223008126e-06], [2.9881668979214737e-06, 1.035734294418944e-05, 2.7437397875473835e-05, 1.2305640666454565e-05, -1.9569495179894147e-06, -1.052422589964408e-06], [-6.067997674108483e-06, 2.7437397875473835e-05, 0.00016659767425153404, 0.00010067637776955962, -1.1770626770157833e-05, -9.059321200766135e-06], [-5.1308711590536404e-06, 1.2305640666454565e-05, 0.00010067637776955962, 9.526774374535307e-05, 2.750815656327177e-05, 2.0320794646977447e-05], [2.968621629406698e-06, -1.9569495179894147e-06, -1.1770626770157833e-05, 2.750815656327177e-05, 5.460280954139307e-05, 4.258834815118462e-05], [2.84302223008126e-06, -1.052422589964408e-06, -9.059321200766135e-06, 2.0320794646977447e-05, 4.258834815118462e-05, 3.4770499041769654e-05]]</COVARIANCE_MATRIX>
		<ROI_SIZE>2076</ROI_SIZE>
		<MAX_VALUE>[0.15215134620666504, 0.1379232257604599, 0.12998469173908234, 0.10859540104866028, 0.06362606585025787, 0.053850118070840836]</MAX_VALUE>
		<MIN_VALUE>[0.13540267944335938, 0.10492059588432312, 0.08298950642347336, 0.06720665842294693, 0.013568535447120667, 0.003981038462370634]</MIN_VALUE>
		<SIGNATURE_THRESHOLD_MD>0.0</SIGNATURE_THRESHOLD_MD>
		<SIGNATURE_THRESHOLD_ML>0.0</SIGNATURE_THRESHOLD_ML>
		<SIGNATURE_THRESHOLD_SAM>0.0</SIGNATURE_THRESHOLD_SAM>
	</signature>
	<signature ID="20210208_164857609981_902">
		<MACROCLASSID>1</MACROCLASSID>
		<MACROCLASSINFO>waterbody</MACROCLASSINFO>
		<CLASSID>15</CLASSID>
		<CLASSINFO>C 1</CLASSINFO>
		<VALUES>[0.14370760468145216, 0.001313628785877681, 0.12273082710802546, 0.0016786070865982463, 0.0921406473840277, 0.0026214897823889226, 0.09378712818026538, 0.00857544424488412, 0.03022520694260795, 0.00834315197878554, 0.01773363320312149, 0.0057052867734584956]</VALUES>
		<LCS_MIN>[0.14067934453487396, 0.1194784939289093, 0.08828972280025482, 0.08357841521501541, 0.02122439257800579, 0.011354219168424606]</LCS_MIN>
		<LCS_MAX>[0.15493102371692657, 0.13639205694198608, 0.11314181238412857, 0.1276526004076004, 0.06515723466873169, 0.04463953897356987]</LCS_MAX>
		<WAVELENGTH>[0.48, 0.56, 0.655, 0.865, 1.61, 2.2]</WAVELENGTH>
		<MEAN_VALUE>[0.14370760468145216, 0.12273082710802546, 0.0921406473840277, 0.09378712818026538, 0.03022520694260795, 0.01773363320312149]</MEAN_VALUE>
		<CHECKBOX>2</CHECKBOX>
		<SD>[0.001313628785877681, 0.0016786070865982463, 0.0026214897823889226, 0.00857544424488412, 0.00834315197878554, 0.0057052867734584956]</SD>
		<WAVELENGTH_UNIT>E-6m</WAVELENGTH_UNIT>
		<COLOR>#1ec8ba</COLOR>
		<COVARIANCE_MATRIX>[[1.7285013882428757e-06, 1.9279664229543414e-06, 3.046781330340309e-06, 6.09936023465707e-06, 5.747712748416234e-06, 4.200854618829908e-06], [1.9279664229543414e-06, 2.8224258130649105e-06, 3.951261533075012e-06, 6.507179023174103e-06, 6.4158411987591535e-06, 5.351571417122614e-06], [3.046781330340309e-06, 3.951261533075012e-06, 6.883681635372341e-06, 1.5595735021634027e-05, 1.5085389350133482e-05, 1.1493702004372608e-05], [6.09936023465707e-06, 6.507179023174103e-06, 1.5595735021634027e-05, 7.366100908257067e-05, 6.574291182914749e-05, 4.2371510062366724e-05], [5.747712748416234e-06, 6.4158411987591535e-06, 1.5085389350133482e-05, 6.574291182914749e-05, 6.972439587116241e-05, 4.5627952204085886e-05], [4.200854618829908e-06, 5.351571417122614e-06, 1.1493702004372608e-05, 4.2371510062366724e-05, 4.5627952204085886e-05, 3.2604639272904024e-05]]</COVARIANCE_MATRIX>
		<ROI_SIZE>600</ROI_SIZE>
		<MAX_VALUE>[0.15493102371692657, 0.13639205694198608, 0.11314181238412857, 0.1276526004076004, 0.06515723466873169, 0.04463953897356987]</MAX_VALUE>
		<MIN_VALUE>[0.14067934453487396, 0.1194784939289093, 0.08828972280025482, 0.08357841521501541, 0.02122439257800579, 0.011354219168424606]</MIN_VALUE>
		<SIGNATURE_THRESHOLD_MD>0.0</SIGNATURE_THRESHOLD_MD>
		<SIGNATURE_THRESHOLD_ML>0.0</SIGNATURE_THRESHOLD_ML>
		<SIGNATURE_THRESHOLD_SAM>0.0</SIGNATURE_THRESHOLD_SAM>
	</signature>
	<signature ID="20210208_164902768019_485">
		<MACROCLASSID>1</MACROCLASSID>
		<MACROCLASSINFO>waterbody</MACROCLASSINFO>
		<CLASSID>16</CLASSID>
		<CLASSINFO>C 1</CLASSINFO>
