<?xml version="1.0" ?>
<signaturelist MCID_LIST="[['1', 'waterbody', '#0000ff'], ['2', 'vegetation', '#00ff00'], ['3', 'bareland', '#ffaa00'], ['4', 'built-up', '#ff0000']]">
	<signature ID="20210214_210505899184_748">
		<MACROCLASSID>1</MACROCLASSID>
		<MACROCLASSINFO>waterbody</MACROCLASSINFO>
		<CLASSID>1</CLASSID>
		<CLASSINFO>C 1</CLASSINFO>
		<VALUES>[0.0865651128793018, 0.0022148261716034923, 0.0643568500012232, 0.003181342961118035, 0.04259632127574946, 0.002932564208279704, 0.020676404759450186, 0.006026939805133285, 0.0059467336086667585, 0.00513085566535386, 0.003606255826283657, 0.003588503503681637]</VALUES>
		<LCS_MIN>[0.08135242015123367, 0.05264945328235626, 0.03296741098165512, 0.010398671962320805, 0.0, 0.0]</LCS_MIN>
		<LCS_MAX>[0.10483966022729874, 0.08273015916347504, 0.06875591725111008, 0.05799641087651253, 0.04412057250738144, 0.035558879375457764]</LCS_MAX>
		<WAVELENGTH>[0.48, 0.56, 0.655, 0.865, 1.61, 2.2]</WAVELENGTH>
		<MEAN_VALUE>[0.0865651128793018, 0.0643568500012232, 0.04259632127574946, 0.020676404759450186, 0.0059467336086667585, 0.003606255826283657]</MEAN_VALUE>
		<CHECKBOX>2</CHECKBOX>
		<SD>[0.0022148261716034923, 0.003181342961118035, 0.002932564208279704, 0.006026939805133285, 0.00513085566535386, 0.003588503503681637]</SD>
		<WAVELENGTH_UNIT>E-6m</WAVELENGTH_UNIT>
		<COLOR>#707a7b</COLOR>
		<COVARIANCE_MATRIX>[[4.675825948652346e-06, 6.278289220063016e-06, 5.035587491875049e-06, 1.5940623825372313e-06, 2.311707930857665e-06, 1.814898837437795e-06], [6.278289220063016e-06, 9.662917364039458e-06, 7.18313913239399e-06, 1.9938886453019222e-06, 2.933502400992438e-06, 2.3117383989301743e-06], [5.035587491875049e-06, 7.18313913239399e-06, 7.534929409303004e-06, 6.688153916911688e-06, 6.412643870135071e-06, 4.8457081902597565e-06], [1.5940623825372313e-06, 1.9938886453019222e-06, 6.688153916911688e-06, 3.413734884816222e-05, 2.6136607630178332e-05, 1.7939453755388968e-05], [2.311707930857665e-06, 2.933502400992438e-06, 6.412643870135071e-06, 2.6136607630178332e-05, 2.3424741812050343e-05, 1.643247924221214e-05], [1.814898837437795e-06, 2.3117383989301743e-06, 4.8457081902597565e-06, 1.7939453755388968e-05, 1.643247924221214e-05, 1.1954447472817264e-05]]</COVARIANCE_MATRIX>
		<ROI_SIZE>5770</ROI_SIZE>
		<MAX_VALUE>[0.10483966022729874, 0.08273015916347504, 0.06875591725111008, 0.05799641087651253, 0.04412057250738144, 0.035558879375457764]</MAX_VALUE>
		<MIN_VALUE>[0.08135242015123367, 0.05264945328235626, 0.03296741098165512, 0.010398671962320805, 0.0, 0.0]</MIN_VALUE>
		<SIGNATURE_THRESHOLD_MD>0.0</SIGNATURE_THRESHOLD_MD>
		<SIGNATURE_THRESHOLD_ML>0.0</SIGNATURE_THRESHOLD_ML>
		<SIGNATURE_THRESHOLD_SAM>0.0</SIGNATURE_THRESHOLD_SAM>
	</signature>
	<signature ID="20210214_210533831368_529">
		<MACROCLASSID>1</MACROCLASSID>
		<MACROCLASSINFO>waterbody</MACROCLASSINFO>
		<CLASSID>2</CLASSID>
		<CLASSINFO>C 1</CLASSINFO>
		<VALUES>[0.07782849852909471, 0.0015645416089838998, 0.05011250592487038, 0.00223035855101073, 0.032161620120465216, 0.0024846328833342457, 0.021996342452278096, 0.008246066623017457, 0.009534269922307501, 0.007247724385256954, 0.005996578174230271, 0.004774495605536562]</VALUES>
		<LCS_MIN>[0.07367641478776932, 0.044218968600034714, 0.028407730162143707, 0.011054739356040955, 0.002591456053778529, 0.0017385703977197409]</LCS_MIN>
		<LCS_MAX>[0.0846327692270279, 0.06009582057595253, 0.04582634195685387, 0.05743875354528427, 0.045006245374679565, 0.03188489377498627]</LCS_MAX>
		<WAVELENGTH>[0.48, 0.56, 0.655, 0.865, 1.61, 2.2]</WAVELENGTH>
		<MEAN_VALUE>[0.07782849852909471, 0.05011250592487038, 0.032161620120465216, 0.021996342452278096, 0.009534269922307501, 0.005996578174230271]</MEAN_VALUE>
		<CHECKBOX>2</CHECKBOX>
		<SD>[0.0015645416089838998, 0.00223035855101073, 0.0024846328833342457, 0.008246066623017457, 0.007247724385256954, 0.004774495605536562]</SD>
		<WAVELENGTH_UNIT>E-6m</WAVELENGTH_UNIT>
		<COLOR>#7d162b</COLOR>
		<COVARIANCE_MATRIX>[[1.935567297550733e-06, 2.6453196824149927e-06, 2.642561412358191e-06, 3.192915301042376e-06, 4.109942437935388e-06, 2.9865543638152303e-06], [2.6453196824149927e-06, 4.005326445621904e-06, 4.07755851483671e-06, 6.578066859219689e-06, 7.668564649065956e-06, 5.492937361850636e-06], [2.642561412358191e-06, 4.07755851483671e-06, 5.330570729711326e-06, 1.2387846254569013e-05, 1.3052445865469053e-05, 8.60630734678125e-06], [3.192915301042376e-06, 6.578066859219689e-06, 1.2387846254569013e-05, 6.897053390275687e-05, 5.363001400837675e-05, 3.2150725019164383e-05], [4.109942437935388e-06, 7.668564649065956e-06, 1.3052445865469053e-05, 5.363001400837675e-05, 4.930234717903659e-05, 3.0828294256934896e-05], [2.9865543638152303e-06, 5.492937361850636e-06, 8.60630734678125e-06, 3.2150725019164383e-05, 3.0828294256934896e-05, 2.0770085029653274e-05]]</COVARIANCE_MATRIX>
		<ROI_SIZE>2735</ROI_SIZE>
		<MAX_VALUE>[0.0846327692270279, 0.06009582057595253, 0.04582634195685387, 0.05743875354528427, 0.045006245374679565, 0.03188489377498627]</MAX_VALUE>
		<MIN_VALUE>[0.07367641478776932, 0.044218968600034714, 0.028407730162143707, 0.011054739356040955, 0.002591456053778529, 0.0017385703977197409]</MIN_VALUE>
		<SIGNATURE_THRESHOLD_MD>0.0</SIGNATURE_THRESHOLD_MD>
		<SIGNATURE_THRESHOLD_ML>0.0</SIGNATURE_THRESHOLD_ML>
		<SIGNATURE_THRESHOLD_SAM>0.0</SIGNATURE_THRESHOLD_SAM>
	</signature>
	<signature ID="20210214_210540233589_918">
		<MACROCLASSID>1</MACROCLASSID>
		<MACROCLASSINFO>waterbody</MACROCLASSINFO>
		<CLASSID>3</CLASSID>
		<CLASSINFO>C 1</CLASSINFO>
		<VALUES>[0.08572664634594991, 0.0021653853396073463, 0.06923103488741382, 0.004393860469865228, 0.04534407708072854, 0.002947964161745032, 0.02733368835141581, 0.00969316516934971, 0.01049337657393828, 0.006989439851180252, 0.007539748275678817, 0.005908775702754079]</VALUES>
		<LCS_MIN>[0.07922019064426422, 0.05173095688223839, 0.03657578304409981, 0.01613926701247692, 0.00272267684340477, 0.0008200744050554931]</LCS_MIN>
		<LCS_MAX>[0.09535945951938629, 0.08512480556964874, 0.059046100825071335, 0.05980057641863823, 0.033459458500146866, 0.03480440378189087]</LCS_MAX>
		<WAVELENGTH>[0.48, 0.56, 0.655, 0.865, 1.61, 2.2]</WAVELENGTH>
		<MEAN_VALUE>[0.08572664634594991, 0.06923103488741382, 0.04534407708072854, 0.02733368835141581, 0.01049337657393828, 0.007539748275678817]</MEAN_VALUE>
		<CHECKBOX>2</CHECKBOX>
		<SD>[0.0021653853396073463, 0.004393860469865228, 0.002947964161745032, 0.00969316516934971, 0.006989439851180252, 0.005908775702754079]</SD>
		<WAVELENGTH_UNIT>E-6m</WAVELENGTH_UNIT>
		<COLOR>#b828a4</COLOR>
		<COVARIANCE_MATRIX>[[4.7270145842048805e-06, 8.730957233638037e-06, 6.088594091124833e-06, -5.259835688775638e-06, 9.757571888258099e-07, 3.0392257031053305e-06], [8.730957233638037e-06, 1.9462970158201642e-05, 1.1274847565800883e-05, -1.541383971925825e-05, -2.4358826067327755e-06, 3.059330538235372e-06], [6.088594091124833e-06, 1.1274847565800883e-05, 8.761147000768688e-06, -1.6834336520332727e-06, 5.64053698326461e-06, 6.312074219749775e-06], [-5.259835688775638e-06, -1.541383971925825e-05, -1.6834336520332727e-06, 9.472133388044313e-05, 5.8160931075690314e-05, 3.816907701548189e-05], [9.757571888258099e-07, -2.4358826067327755e-06, 5.64053698326461e-06, 5.8160931075690314e-05, 4.924944369122386e-05, 3.6632463888963684e-05], [3.0392257031053305e-06, 3.059330538235372e-06, 6.312074219749775e-06, 3.816907701548189e-05, 3.6632463888963684e-05, 3.5197481338400394e-05]]</COVARIANCE_MATRIX>
		<ROI_SIZE>124</ROI_SIZE>
		<MAX_VALUE>[0.09535945951938629, 0.08512480556964874, 0.059046100825071335, 0.05980057641863823, 0.033459458500146866, 0.03480440378189087]</MAX_VALUE>
		<MIN_VALUE>[0.07922019064426422, 0.05173095688223839, 0.03657578304409981, 0.01613926701247692, 0.00272267684340477, 0.0008200744050554931]</MIN_VALUE>
		<SIGNATURE_THRESHOLD_MD>0.0</SIGNATURE_THRESHOLD_MD>
		<SIGNATURE_THRESHOLD_ML>0.0</SIGNATURE_THRESHOLD_ML>
		<SIGNATURE_THRESHOLD_SAM>0.0</SIGNATURE_THRESHOLD_SAM>
	</signature>
	<signature ID="20210214_210545623531_964">
		<MACROCLASSID>1</MACROCLASSID>
		<MACROCLASSINFO>waterbody</MACROCLASSINFO>
		<CLASSID>4</CLASSID>
		<CLASSINFO>C 1</CLASSINFO>
		<VALUES>[0.09886770665817707, 0.0010708074211266184, 0.09615385320541696, 0.0017539079533611833, 0.06345810585904268, 0.0018558880922435125, 0.02258445046190473, 0.0009546135730589704, 0.003665967888226453, 0.0003383236820782091, 0.002010100286280295, 0.00022850105526673833]</VALUES>
		<LCS_MIN>[0.09575311839580536, 0.0930304303765297, 0.05963655933737755, 0.019846050068736076, 0.0024930466897785664, 0.001213724259287119]</LCS_MIN>
		<LCS_MAX>[0.10342910140752792, 0.10257620364427567, 0.07095374912023544, 0.02538982406258583, 0.005084515083581209, 0.002853885293006897]</LCS_MAX>
		<WAVELENGTH>[0.48, 0.56, 0.655, 0.865, 1.61, 2.2]</WAVELENGTH>
		<MEAN_VALUE>[0.09886770665817707, 0.09615385320541696, 0.06345810585904268, 0.02258445046190473, 0.003665967888226453, 0.002010100286280295]</MEAN_VALUE>
		<CHECKBOX>2</CHECKBOX>
		<SD>[0.0010708074211266184, 0.0017539079533611833, 0.0018558880922435125, 0.0009546135730589704, 0.0003383236820782091, 0.00022850105526673833]</SD>
		<WAVELENGTH_UNIT>E-6m</WAVELENGTH_UNIT>
		<COLOR>#81fc4d</COLOR>
		<COVARIANCE_MATRIX>[[1.0722477554736543e-06, 1.2088659104847466e-06, 1.3309671658134903e-06, 5.666765332534851e-07, 2.1763418089904008e-07, 1.2172907304375258e-07], [1.2088659104847466e-06, 2.38377788264188e-06, 2.383229684710386e-06, 8.448724031495658e-08, 9.902328201860655e-08, 6.542200736703307e-08], [1.3309671658134903e-06, 2.383229684710386e-06, 2.7433877676230622e-06, 3.6085910437577695e-07, 1.5669145625452074e-07, 1.0047823195691308e-07], [5.666765332534851e-07, 8.448724031495658e-08, 3.6085910437577695e-07, 9.84995153885393e-07, 2.6366220140516816e-07, 1.3961144418317417e-07], [2.1763418089904008e-07, 9.902328201860655e-08, 1.5669145625452074e-07, 2.6366220140516816e-07, 1.232395447914314e-07, 4.555073473966331e-08], [1.2172907304375258e-07, 6.542200736703307e-08, 1.0047823195691308e-07, 1.3961144418317417e-07, 4.555073473966331e-08, 5.449928863754394e-08]]</COVARIANCE_MATRIX>
		<ROI_SIZE>10192</ROI_SIZE>
		<MAX_VALUE>[0.10342910140752792, 0.10257620364427567, 0.07095374912023544, 0.02538982406258583, 0.005084515083581209, 0.002853885293006897]</MAX_VALUE>
		<MIN_VALUE>[0.09575311839580536, 0.0930304303765297, 0.05963655933737755, 0.019846050068736076, 0.0024930466897785664, 0.001213724259287119]</MIN_VALUE>
		<SIGNATURE_THRESHOLD_MD>0.0</SIGNATURE_THRESHOLD_MD>
		<SIGNATURE_THRESHOLD_ML>0.0</SIGNATURE_THRESHOLD_ML>
		<SIGNATURE_THRESHOLD_SAM>0.0</SIGNATURE_THRESHOLD_SAM>
	</signature>
	<signature ID="20210214_210552771343_263">
		<MACROCLASSID>1</MACROCLASSID>
		<MACROCLASSINFO>waterbody</MACROCLASSINFO>
		<CLASSID>5</CLASSID>
		<CLASSINFO>C 1</CLASSINFO>
		<VALUES>[0.09540454982088338, 0.0017499993726389088, 0.09257705954484442, 0.002006591683527922, 0.059300161927643424, 0.0020891967194668058, 0.019321015694642743, 0.0017306097058652772, 0.0032389878177986136, 0.00059901285630881, 0.0017638634471241943, 0.00036305497968660546]</VALUES>
		<LCS_MIN>[0.09066858142614365, 0.08243493735790253, 0.051763758063316345, 0.01508956216275692, 0.001902590156532824, 0.0008200744050554931]</LCS_MIN>
		<LCS_MAX>[0.09906626492738724, 0.09644197672605515, 0.06354018300771713, 0.02663634903728962, 0.0061014206148684025, 0.003444354049861431]</LCS_MAX>
		<WAVELENGTH>[0.48, 0.56, 0.655, 0.865, 1.61, 2.2]</WAVELENGTH>
		<MEAN_VALUE>[0.09540454982088338, 0.09257705954484442, 0.059300161927643424, 0.019321015694642743, 0.0032389878177986136, 0.0017638634471241943]</MEAN_VALUE>
		<CHECKBOX>2</CHECKBOX>
		<SD>[0.0017499993726389088, 0.002006591683527922, 0.0020891967194668058, 0.0017306097058652772, 0.00059901285630881, 0.00036305497968660546]</SD>
		<WAVELENGTH_UNIT>E-6m</WAVELENGTH_UNIT>
		<COLOR>#f5bb89</COLOR>
		<COVARIANCE_MATRIX>[[2.367113893342321e-06, 2.372232529523899e-06, 2.5492518034297973e-06, 1.6080150544439675e-06, 5.957456323812949e-07, 3.580337022413005e-07], [2.372232529523899e-06, 3.3242984045500634e-06, 3.159495463478379e-06, 2.441419610477169e-06, 5.953046411377727e-07, 3.246913991006295e-07], [2.5492518034297973e-06, 3.159495463478379e-06, 3.4702568427746883e-06, 2.3832842543924926e-06, 6.330648716357246e-07, 3.6563736216521647e-07], [1.6080150544439675e-06, 2.441419610477169e-06, 2.3832842543924926e-06, 2.679129011085024e-06, 6.491803219432768e-07, 3.2157370810637076e-07], [5.957456323812949e-07, 5.953046411377727e-07, 6.330648716357246e-07, 6.491803219432768e-07, 3.046967265163403e-07, 1.4627615030349261e-07], [3.580337022413005e-07, 3.246913991006295e-07, 3.6563736216521647e-07, 3.2157370810637076e-07, 1.4627615030349261e-07, 1.1306875791206039e-07]]</COVARIANCE_MATRIX>
		<ROI_SIZE>10193</ROI_SIZE>
		<MAX_VALUE>[0.09906626492738724, 0.09644197672605515, 0.06354018300771713, 0.02663634903728962, 0.0061014206148684025, 0.003444354049861431]</MAX_VALUE>
		<MIN_VALUE>[0.09066858142614365, 0.08243493735790253, 0.051763758063316345, 0.01508956216275692, 0.001902590156532824, 0.0008200744050554931]</MIN_VALUE>
		<SIGNATURE_THRESHOLD_MD>0.0</SIGNATURE_THRESHOLD_MD>
		<SIGNATURE_THRESHOLD_ML>0.0</SIGNATURE_THRESHOLD_ML>
		<SIGNATURE_THRESHOLD_SAM>0.0</SIGNATURE_THRESHOLD_SAM>
	</signature>
	<signature ID="20210214_210558387668_185">
		<MACROCLASSID>1</MACROCLASSID>
		<MACROCLASSINFO>waterbody</MACROCLASSINFO>
		<CLASSID>6</CLASSID>
		<CLASSINFO>C 1</CLASSINFO>
		<VALUES>[0.0759880555768616, 0.001671829498922211, 0.05256523385343651, 0.0033188957526983473, 0.03307428641598704, 0.0033064562961042632, 0.014862954599341293, 0.005690266172136252, 0.005954345341421812, 0.00610280503211975, 0.0041470105142586014, 0.004474705538651653]</VALUES>
		<LCS_MIN>[0.06937917321920395, 0.04044658690690994, 0.023618442937731743, 0.0017057713121175766, 0.0, 0.0]</LCS_MIN>
		<LCS_MAX>[0.08397669345140457, 0.06764060258865356, 0.050648439675569534, 0.05189497768878937, 0.04208676144480705, 0.03106480836868286]</LCS_MAX>
		<WAVELENGTH>[0.48, 0.56, 0.655, 0.865, 1.61, 2.2]</WAVELENGTH>
		<MEAN_VALUE>[0.0759880555768616, 0.05256523385343651, 0.03307428641598704, 0.014862954599341293, 0.005954345341421812, 0.0041470105142586014]</MEAN_VALUE>
		<CHECKBOX>2</CHECKBOX>
		<SD>[0.001671829498922211, 0.0033188957526983473, 0.0033064562961042632, 0.005690266172136252, 0.00610280503211975, 0.004474705538651653]</SD>
		<WAVELENGTH_UNIT>E-6m</WAVELENGTH_UNIT>
		<COLOR>#2b2fbc</COLOR>
		<COVARIANCE_MATRIX>[[2.5532572180964053e-06, 4.897916369372979e-06, 4.65876109956298e-06, 3.0374631023732945e-06, 4.139024440519279e-06, 2.9822977012372576e-06], [4.897916369372979e-06, 1.0424741958559025e-05, 9.778247658687178e-06, 5.8557293414196465e-06, 6.956634024390951e-06, 5.1363704187679105e-06], [4.65876109956298e-06, 9.778247658687178e-06, 1.0900851521000732e-05, 1.1327138054184616e-05, 1.205178978125332e-05, 8.964465450844727e-06], [3.0374631023732945e-06, 5.8557293414196465e-06, 1.1327138054184616e-05, 3.326007936266251e-05, 2.9658158382517286e-05, 2.0882522221654654e-05], [4.139024440519279e-06, 6.956634024390951e-06, 1.205178978125332e-05, 2.9658158382517286e-05, 3.8739704905310646e-05, 2.7677155230776407e-05], [2.9822977012372576e-06, 5.1363704187679105e-06, 8.964465450844727e-06, 2.0882522221654654e-05, 2.7677155230776407e-05, 2.064518048427999e-05]]</COVARIANCE_MATRIX>
		<ROI_SIZE>1655</ROI_SIZE>
		<MAX_VALUE>[0.08397669345140457, 0.06764060258865356, 0.050648439675569534, 0.05189497768878937, 0.04208676144480705, 0.03106480836868286]</MAX_VALUE>
		<MIN_VALUE>[0.06937917321920395, 0.04044658690690994, 0.023618442937731743, 0.0017057713121175766, 0.0, 0.0]</MIN_VALUE>
		<SIGNATURE_THRESHOLD_MD>0.0</SIGNATURE_THRESHOLD_MD>
		<SIGNATURE_THRESHOLD_ML>0.0</SIGNATURE_THRESHOLD_ML>
		<SIGNATURE_THRESHOLD_SAM>0.0</SIGNATURE_THRESHOLD_SAM>
	</signature>
	<signature ID="20210214_210603315813_681">
		<MACROCLASSID>1</MACROCLASSID>
		<MACROCLASSINFO>waterbody</MACROCLASSINFO>
		<CLASSID>7</CLASSID>
		<CLASSINFO>C 1</CLASSINFO>
		<VALUES>[0.08583097765063263, 0.0035239995796281136, 0.07390671954474347, 0.008961151331772247, 0.051320013097477905, 0.01023908079213716, 0.022929848078002597, 0.00782180821642707, 0.010149734014777933, 0.007930017122572857, 0.007017401421328204, 0.005793835378340367]</VALUES>
		<LCS_MIN>[0.07367641478776932, 0.04490784555673599, 0.028998197987675667, 0.010693900287151337, 0.0, 0.0009184838272631168]</LCS_MIN>
		<LCS_MAX>[0.09434256702661514, 0.09421134740114212, 0.08824113011360168, 0.05697949230670929, 0.04494064673781395, 0.03569008782505989]</LCS_MAX>
		<WAVELENGTH>[0.48, 0.56, 0.655, 0.865, 1.61, 2.2]</WAVELENGTH>
		<MEAN_VALUE>[0.08583097765063263, 0.07390671954474347, 0.051320013097477905, 0.022929848078002597, 0.010149734014777933, 0.007017401421328204]</MEAN_VALUE>
		<CHECKBOX>2</CHECKBOX>
		<SD>[0.0035239995796281136, 0.008961151331772247, 0.01023908079213716, 0.00782180821642707, 0.007930017122572857, 0.005793835378340367]</SD>
		<WAVELENGTH_UNIT>E-6m</WAVELENGTH_UNIT>
		<COLOR>#64d7b5</COLOR>
		<COVARIANCE_MATRIX>[[1.2439801139407791e-05, 3.1126608519116417e-05, 3.413599552004598e-05, 6.228845904843183e-06, 5.968644927634159e-06, 5.6321682677662466e-06], [3.1126608519116417e-05, 8.043950219871476e-05, 8.673187403474003e-05, 1.2151543160143774e-05, 1.1188266398676205e-05, 1.1408759746700525e-05], [3.413599552004598e-05, 8.673187403474003e-05, 0.00010501798533368856, 3.549703615135513e-05, 3.106303483946249e-05, 2.4939581635408103e-05], [6.228845904843183e-06, 1.2151543160143774e-05, 3.549703615135513e-05, 6.128526729298756e-05, 5.517760291695595e-05, 3.841537545667961e-05], [5.968644927634159e-06, 1.1188266398676205e-05, 3.106303483946249e-05, 5.517760291695595e-05, 6.299266533460468e-05, 4.4985867134528235e-05], [5.6321682677662466e-06, 1.1408759746700525e-05, 2.4939581635408103e-05, 3.841537545667961e-05, 4.4985867134528235e-05, 3.3625910873524845e-05]]</COVARIANCE_MATRIX>
		<ROI_SIZE>586</ROI_SIZE>
		<MAX_VALUE>[0.09434256702661514, 0.09421134740114212, 0.08824113011360168, 0.05697949230670929, 0.04494064673781395, 0.03569008782505989]</MAX_VALUE>
		<MIN_VALUE>[0.07367641478776932, 0.04490784555673599, 0.028998197987675667, 0.010693900287151337, 0.0, 0.0009184838272631168]</MIN_VALUE>
		<SIGNATURE_THRESHOLD_MD>0.0</SIGNATURE_THRESHOLD_MD>
		<SIGNATURE_THRESHOLD_ML>0.0</SIGNATURE_THRESHOLD_ML>
		<SIGNATURE_THRESHOLD_SAM>0.0</SIGNATURE_THRESHOLD_SAM>
	</signature>
	<signature ID="20210214_210608523548_730">
		<MACROCLASSID>1</MACROCLASSID>
		<MACROCLASSINFO>waterbody</MACROCLASSINFO>
		<CLASSID>8</CLASSID>
		<CLASSINFO>C 1</CLASSINFO>
		<VALUES>[0.08093231306834658, 0.0038125186932770508, 0.06682759673673325, 0.009362530309993197, 0.043618074364282854, 0.007817939339106409, 0.02290179738139903, 0.01038312285433366, 0.012451864903348236, 0.009534566230420195, 0.008618154397647064, 0.007002023066372257]</VALUES>
		<LCS_MIN>[0.06934637576341629, 0.039987340569496155, 0.02374965138733387, 0.01089071948081255, 0.0, 0.0]</LCS_MIN>
		<LCS_MAX>[0.08909402787685394, 0.0865025594830513, 0.06764060258865356, 0.0557657815515995, 0.04497344419360161, 0.03572290018200874]</LCS_MAX>
		<WAVELENGTH>[0.48, 0.56, 0.655, 0.865, 1.61, 2.2]</WAVELENGTH>
		<MEAN_VALUE>[0.08093231306834658, 0.06682759673673325, 0.043618074364282854, 0.02290179738139903, 0.012451864903348236, 0.008618154397647064]</MEAN_VALUE>
		<CHECKBOX>2</CHECKBOX>
		<SD>[0.0038125186932770508, 0.009362530309993197, 0.007817939339106409, 0.01038312285433366, 0.009534566230420195, 0.007002023066372257]</SD>
		<WAVELENGTH_UNIT>E-6m</WAVELENGTH_UNIT>
		<COLOR>#8c5345</COLOR>
		<COVARIANCE_MATRIX>[[1.4618357454310171e-05, 3.500143066048622e-05, 2.8120151910115965e-05, -1.3136485904396977e-05, 3.0715896173205692e-06, 7.002313850534847e-06], [3.500143066048622e-05, 8.815787441562861e-05, 6.950694660190493e-05, -3.751077383640222e-05, 4.830959596802131e-07, 1.1296167940599844e-05], [2.8120151910115965e-05, 6.950694660190493e-05, 6.146943633211777e-05, -9.672566193330567e-06, 2.0572637367877178e-05, 2.2476722733699717e-05], [-1.3136485904396977e-05, -3.751077383640222e-05, -9.672566193330567e-06, 0.00010842529445653781, 8.207259088521823e-05, 5.162582601769827e-05], [3.0715896173205692e-06, 4.830959596802131e-07, 2.0572637367877178e-05, 8.207259088521823e-05, 9.142742783296853e-05, 6.362538988469169e-05], [7.002313850534847e-06, 1.1296167940599844e-05, 2.2476722733699717e-05, 5.162582601769827e-05, 6.362538988469169e-05, 4.930848808726296e-05]]</COVARIANCE_MATRIX>
		<ROI_SIZE>176</ROI_SIZE>
		<MAX_VALUE>[0.08909402787685394, 0.0865025594830513, 0.06764060258865356, 0.0557657815515995, 0.04497344419360161, 0.03572290018200874]</MAX_VALUE>
		<MIN_VALUE>[0.06934637576341629, 0.039987340569496155, 0.02374965138733387, 0.01089071948081255, 0.0, 0.0]</MIN_VALUE>
		<SIGNATURE_THRESHOLD_MD>0.0</SIGNATURE_THRESHOLD_MD>
		<SIGNATURE_THRESHOLD_ML>0.0</SIGNATURE_THRESHOLD_ML>
		<SIGNATURE_THRESHOLD_SAM>0.0</SIGNATURE_THRESHOLD_SAM>
	</signature>
	<signature ID="20210214_210613411390_149">
		<MACROCLASSID>1</MACROCLASSID>
		<MACROCLASSINFO>waterbody</MACROCLASSINFO>
		<CLASSID>9</CLASSID>
		<CLASSINFO>C 1</CLASSINFO>
		<VALUES>[0.08093997612855147, 0.0049793261988731125, 0.06608289426990915, 0.011560072517662797, 0.04947700326489968, 0.013261559073901578, 0.022644281489547446, 0.007409124576898065, 0.00990353317799263, 0.00874567137261419, 0.007496083882616634, 0.007063297163795423]</VALUES>
		<LCS_MIN>[0.07105214893817902, 0.04372690990567207, 0.02680036798119545, 0.011153148487210274, 0.0, 0.0002952282375190407]</LCS_MIN>
		<LCS_MAX>[0.09352248907089233, 0.09453938156366348, 0.08692900091409683, 0.055732958018779755, 0.04464540630578995, 0.037658289074897766]</LCS_MAX>
		<WAVELENGTH>[0.48, 0.56, 0.655, 0.865, 1.61, 2.2]</WAVELENGTH>
		<MEAN_VALUE>[0.08093997612855147, 0.06608289426990915, 0.04947700326489968, 0.022644281489547446, 0.00990353317799263, 0.007496083882616634]</MEAN_VALUE>
		<CHECKBOX>2</CHECKBOX>
		<SD>[0.0049793261988731125, 0.011560072517662797, 0.013261559073901578, 0.007409124576898065, 0.00874567137261419, 0.007063297163795423]</SD>
		<WAVELENGTH_UNIT>E-6m</WAVELENGTH_UNIT>
		<COLOR>#8219c4</COLOR>
		<COVARIANCE_MATRIX>[[2.4836959710228257e-05, 5.722684727516025e-05, 6.557183951372281e-05, 1.5736930436105467e-05, 1.3368379541134345e-06, 1.358852387056686e-06], [5.722684727516025e-05, 0.00013386849605012685, 0.0001511915324954316, 3.1255178328137845e-05, -3.5656755699164933e-06, -1.098085363082646e-06], [6.557183951372281e-05, 0.0001511915324954316, 0.00017617587582208216, 4.459912815946154e-05, 5.237533514446113e-06, 4.70490431325743e-06], [1.5736930436105467e-05, 3.1255178328137845e-05, 4.459912815946154e-05, 5.499093094840646e-05, 5.2991057600593194e-05, 4.116087802685797e-05], [1.3368379541134345e-06, -3.5656755699164933e-06, 5.237533514446113e-06, 5.2991057600593194e-05, 7.662025018362328e-05, 5.911198604735546e-05], [1.358852387056686e-06, -1.098085363082646e-06, 4.70490431325743e-06, 4.116087802685797e-05, 5.911198604735546e-05, 4.9977235903497785e-05]]</COVARIANCE_MATRIX>
		<ROI_SIZE>574</ROI_SIZE>
		<MAX_VALUE>[0.09352248907089233, 0.09453938156366348, 0.08692900091409683, 0.055732958018779755, 0.04464540630578995, 0.037658289074897766]</MAX_VALUE>
		<MIN_VALUE>[0.07105214893817902, 0.04372690990567207, 0.02680036798119545, 0.011153148487210274, 0.0, 0.0002952282375190407]</MIN_VALUE>
		<SIGNATURE_THRESHOLD_MD>0.0</SIGNATURE_THRESHOLD_MD>
		<SIGNATURE_THRESHOLD_ML>0.0</SIGNATURE_THRESHOLD_ML>
		<SIGNATURE_THRESHOLD_SAM>0.0</SIGNATURE_THRESHOLD_SAM>
	</signature>
	<signature ID="20210214_210623337802_116">
		<MACROCLASSID>1</MACROCLASSID>
		<MACROCLASSINFO>waterbody</MACROCLASSINFO>
		<CLASSID>10</CLASSID>
		<CLASSINFO>C 1</CLASSINFO>
		<VALUES>[0.08757397785685402, 0.0011009075959785585, 0.07891205270234196, 0.0017075640928502199, 0.04839149882454998, 0.0010542803122760773, 0.02374285434209005, 0.0051173946540894605, 0.0048599797741105824, 0.0022773591011216753, 0.0025475040170830875, 0.001557256477388797]</VALUES>
		<LCS_MIN>[0.0841079130768776, 0.07062571495771408, 0.04494064673781395, 0.015680018812417984, 0.002755475929006934, 0.0]</LCS_MIN>
		<LCS_MAX>[0.09270238876342773, 0.08709301799535751, 0.06406501680612564, 0.06862469762563705, 0.04074181616306305, 0.028932588174939156]</LCS_MAX>
		<WAVELENGTH>[0.48, 0.56, 0.655, 0.865, 1.61, 2.2]</WAVELENGTH>
		<MEAN_VALUE>[0.08757397785685402, 0.07891205270234196, 0.04839149882454998, 0.02374285434209005, 0.0048599797741105824, 0.0025475040170830875]</MEAN_VALUE>
		<CHECKBOX>2</CHECKBOX>
		<SD>[0.0011009075959785585, 0.0017075640928502199, 0.0010542803122760773, 0.0051173946540894605, 0.0022773591011216753, 0.001557256477388797]</SD>
		<WAVELENGTH_UNIT>E-6m</WAVELENGTH_UNIT>
		<COLOR>#fbb732</COLOR>
		<COVARIANCE_MATRIX>[[1.1930694654438412e-06, 1.2187458651169436e-06, 7.958872743074608e-07, 1.6091099723780644e-06, 5.073332545180165e-07, 1.55199842311049e-07], [1.2187458651169436e-06, 2.840005663529155e-06, 1.1255242498009466e-06, 4.359618287708145e-06, 7.508195949412766e-07, -2.2504146102164668e-08], [7.958872743074608e-07, 1.1255242498009466e-06, 1.1179773764524725e-06, 3.0607450298703043e-06, 1.3265890856928308e-06, 7.805907671354362e-07], [1.6091099723780644e-06, 4.359618287708145e-06, 3.0607450298703043e-06, 2.2839281882625073e-05, 8.140423233271576e-06, 4.179511051916052e-06], [5.073332545180165e-07, 7.508195949412766e-07, 1.3265890856928308e-06, 8.140423233271576e-06, 4.66641995444661e-06, 2.9886336960771587e-06], [1.55199842311049e-07, -2.2504146102164668e-08, 7.805907671354362e-07, 4.179511051916052e-06, 2.9886336960771587e-06, 2.234529119959916e-06]]</COVARIANCE_MATRIX>
		<ROI_SIZE>9834</ROI_SIZE>
		<MAX_VALUE>[0.09270238876342773, 0.08709301799535751, 0.06406501680612564, 0.06862469762563705, 0.04074181616306305, 0.028932588174939156]</MAX_VALUE>
		<MIN_VALUE>[0.0841079130768776, 0.07062571495771408, 0.04494064673781395, 0.015680018812417984, 0.002755475929006934, 0.0]</MIN_VALUE>
		<SIGNATURE_THRESHOLD_MD>0.0</SIGNATURE_THRESHOLD_MD>
		<SIGNATURE_THRESHOLD_ML>0.0</SIGNATURE_THRESHOLD_ML>
		<SIGNATURE_THRESHOLD_SAM>0.0</SIGNATURE_THRESHOLD_SAM>
	</signature>
	<signature ID="20210214_210627067229_663">
		<MACROCLASSID>1</MACROCLASSID>
		<MACROCLASSINFO>waterbody</MACROCLASSINFO>
		<CLASSID>11</CLASSID>
		<CLASSINFO>C 1</CLASSINFO>
		<VALUES>[0.07749284468714145, 0.0005623309133801519, 0.04597727888242231, 0.00046063917434661705, 0.026606504062172277, 0.00044265309387251647, 0.01301880647572796, 0.00041675455161142817, 0.0034027827610861117, 0.0003076957517103371, 0.002067473885125298, 0.0002666533491701236]</VALUES>
		<LCS_MIN>[0.07564462721347809, 0.04444858804345131, 0.025028986856341362, 0.01161239668726921, 0.002329039154574275, 0.0008856847416609526]</LCS_MIN>
		<LCS_MAX>[0.0791545957326889, 0.04759771376848221, 0.02794848196208477, 0.014728723093867302, 0.004559668712317944, 0.0031163145322352648]</LCS_MAX>
		<WAVELENGTH>[0.48, 0.56, 0.655, 0.865, 1.61, 2.2]</WAVELENGTH>
		<MEAN_VALUE>[0.07749284468714145, 0.04597727888242231, 0.026606504062172277, 0.01301880647572796, 0.0034027827610861117, 0.002067473885125298]</MEAN_VALUE>
		<CHECKBOX>2</CHECKBOX>
		<SD>[0.0005623309133801519, 0.00046063917434661705, 0.00044265309387251647, 0.00041675455161142817, 0.0003076957517103371, 0.0002666533491701236]</SD>
		<WAVELENGTH_UNIT>E-6m</WAVELENGTH_UNIT>
		<COLOR>#4a7f69</COLOR>
		<COVARIANCE_MATRIX>[[2.918966117704258e-07, 1.8891313402491505e-07, 1.7249037398414657e-07, 1.4822430216554494e-07, 7.757977016353834e-08, 5.358350207984586e-08], [1.8891313402491505e-07, 1.96525178353113e-07, 1.4019501293205394e-07, 1.2415398487064522e-07, 6.851224298998204e-08, 4.871090197866579e-08], [1.7249037398414657e-07, 1.4019501293205394e-07, 1.8502912269013905e-07, 1.1717138193034771e-07, 6.638611438347652e-08, 4.6495582495253984e-08], [1.4822430216554494e-07, 1.2415398487064522e-07, 1.1717138193034771e-07, 1.699786906783629e-07, 6.752716785740631e-08, 4.945328058170162e-08], [7.757977016353834e-08, 6.851224298998204e-08, 6.638611438347652e-08, 6.752716785740631e-08, 9.463733618986225e-08, 4.412175513834882e-08], [5.358350207984586e-08, 4.871090197866579e-08, 4.6495582495253984e-08, 4.945328058170162e-08, 4.412175513834882e-08, 6.804220475942202e-08]]</COVARIANCE_MATRIX>
		<ROI_SIZE>10201</ROI_SIZE>
		<MAX_VALUE>[0.0791545957326889, 0.04759771376848221, 0.02794848196208477, 0.014728723093867302, 0.004559668712317944, 0.0031163145322352648]</MAX_VALUE>
		<MIN_VALUE>[0.07564462721347809, 0.04444858804345131, 0.025028986856341362, 0.01161239668726921, 0.002329039154574275, 0.0008856847416609526]</MIN_VALUE>
		<SIGNATURE_THRESHOLD_MD>0.0</SIGNATURE_THRESHOLD_MD>
		<SIGNATURE_THRESHOLD_ML>0.0</SIGNATURE_THRESHOLD_ML>
		<SIGNATURE_THRESHOLD_SAM>0.0</SIGNATURE_THRESHOLD_SAM>
	</signature>
	<signature ID="20210214_210632563121_370">
		<MACROCLASSID>1</MACROCLASSID>
		<MACROCLASSINFO>waterbody</MACROCLASSINFO>
		<CLASSID>12</CLASSID>
		<CLASSINFO>C 1</CLASSINFO>
		<VALUES>[0.09072083788529928, 0.0015197273226024188, 0.07698430543250023, 0.0033025061651220087, 0.04058469749551427, 0.004174857030072828, 0.017035437466705102, 0.0037772388430474466, 0.004812501442596766, 0.003138503209433802, 0.00285039571003897, 0.0023762721825801845]</VALUES>
		<LCS_MIN>[0.0852232277393341, 0.06406501680612564, 0.035558879375457764, 0.01046428270637989, 0.0005576452240347862, 0.0013121337397024035]</LCS_MIN>
		<LCS_MAX>[0.09585151821374893, 0.08686339855194092, 0.07679273933172226, 0.055732958018779755, 0.043858129531145096, 0.037330262362957]</LCS_MAX>
		<WAVELENGTH>[0.48, 0.56, 0.655, 0.865, 1.61, 2.2]</WAVELENGTH>
		<MEAN_VALUE>[0.09072083788529928, 0.07698430543250023, 0.04058469749551427, 0.017035437466705102, 0.004812501442596766, 0.00285039571003897]</MEAN_VALUE>
		<CHECKBOX>2</CHECKBOX>
		<SD>[0.0015197273226024188, 0.0033025061651220087, 0.004174857030072828, 0.0037772388430474466, 0.003138503209433802, 0.0023762721825801845]</SD>
		<WAVELENGTH_UNIT>E-6m</WAVELENGTH_UNIT>
		<COLOR>#234c41</COLOR>
		<COVARIANCE_MATRIX>[[1.937079559866106e-06, 3.0990429422672605e-06, 6.396663252417056e-07, -4.5542697080236394e-07, -1.7996521251006925e-07, -5.818418813419157e-08], [3.0990429422672605e-06, 8.322203939314932e-06, 4.925280791212572e-06, 6.280241109379858e-07, 9.179116204904858e-07, 8.340315957866551e-07], [6.396663252417056e-07, 4.925280791212572e-06, 1.4591238141292706e-05, 1.0547684723860584e-05, 8.138980774674565e-06, 5.9201070143899415e-06], [-4.5542697080236394e-07, 6.280241109379858e-07, 1.0547684723860584e-05, 1.2797252566087991e-05, 9.18723799259169e-06, 6.4242485677823424e-06], [-1.7996521251006925e-07, 9.179116204904858e-07, 8.138980774674565e-06, 9.18723799259169e-06, 8.222364158427808e-06, 5.85620819038013e-06], [-5.818418813419157e-08, 8.340315957866551e-07, 5.9201070143899415e-06, 6.4242485677823424e-06, 5.85620819038013e-06, 4.4293633436609525e-06]]</COVARIANCE_MATRIX>
		<ROI_SIZE>6067</ROI_SIZE>
		<MAX_VALUE>[0.09585151821374893, 0.08686339855194092, 0.07679273933172226, 0.055732958018779755, 0.043858129531145096, 0.037330262362957]</MAX_VALUE>
		<MIN_VALUE>[0.0852232277393341, 0.06406501680612564, 0.035558879375457764, 0.01046428270637989, 0.0005576452240347862, 0.0013121337397024035]</MIN_VALUE>
		<SIGNATURE_THRESHOLD_MD>0.0</SIGNATURE_THRESHOLD_MD>
		<SIGNATURE_THRESHOLD_ML>0.0</SIGNATURE_THRESHOLD_ML>
		<SIGNATURE_THRESHOLD_SAM>0.0</SIGNATURE_THRESHOLD_SAM>
	</signature>
	<signature ID="20210214_210636062756_679">
		<MACROCLASSID>1</MACROCLASSID>
		<MACROCLASSINFO>waterbody</MACROCLASSINFO>
		<CLASSID>13</CLASSID>
		<CLASSINFO>C 1</CLASSINFO>
		<VALUES>[0.09846295853671823, 0.0007487366481366401, 0.1107478287556897, 0.00165066643019451, 0.08345112350323927, 0.012283439574536686, 0.025984562649998974, 0.00955713992551195, 0.013452951725491361, 0.008834115321544656, 0.00971978268100192, 0.006645149598735661]</VALUES>
		<LCS_MIN>[0.09657319635152817, 0.10477403551340103, 0.07036326825618744, 0.017681030556559563, 0.00738075515255332, 0.005051715765148401]</LCS_MIN>
		<LCS_MAX>[0.10113287717103958, 0.11320451647043228, 0.11205640435218811, 0.0667877048254013, 0.04412057250738144, 0.03316422924399376]</LCS_MAX>
		<WAVELENGTH>[0.48, 0.56, 0.655, 0.865, 1.61, 2.2]</WAVELENGTH>
		<MEAN_VALUE>[0.09846295853671823, 0.1107478287556897, 0.08345112350323927, 0.025984562649998974, 0.013452951725491361, 0.00971978268100192]</MEAN_VALUE>
		<CHECKBOX>2</CHECKBOX>
		<SD>[0.0007487366481366401, 0.00165066643019451, 0.012283439574536686, 0.00955713992551195, 0.008834115321544656, 0.006645149598735661]</SD>
		<WAVELENGTH_UNIT>E-6m</WAVELENGTH_UNIT>
		<COLOR>#ca3927</COLOR>
		<COVARIANCE_MATRIX>[[5.73064482978225e-07, 5.109620246912527e-07, -8.568115106299956e-08, 2.1219491372903576e-06, 1.1305718317089486e-06, 1.0114318911291775e-06], [5.109620246912527e-07, 2.785248625514214e-06, -7.726763215032406e-06, -8.811097359284759e-06, -8.496380360156763e-06, -6.21732260697172e-06], [-8.568115106299956e-08, -7.726763215032406e-06, 0.00015423583681695163, 9.40873142099008e-05, 9.300806414103135e-05, 7.14292618795298e-05], [2.1219491372903576e-06, -8.811097359284759e-06, 9.40873142099008e-05, 9.336867515230551e-05, 8.298045577248558e-05, 6.250508886296302e-05], [1.1305718317089486e-06, -8.496380360156763e-06, 9.300806414103135e-05, 8.298045577248558e-05, 7.977584755280986e-05, 5.871740358998068e-05], [1.0114318911291775e-06, -6.21732260697172e-06, 7.14292618795298e-05, 6.250508886296302e-05, 5.871740358998068e-05, 4.5139302528696135e-05]]</COVARIANCE_MATRIX>
		<ROI_SIZE>46</ROI_SIZE>
		<MAX_VALUE>[0.10113287717103958, 0.11320451647043228, 0.11205640435218811, 0.0667877048254013, 0.04412057250738144, 0.03316422924399376]</MAX_VALUE>
		<MIN_VALUE>[0.09657319635152817, 0.10477403551340103, 0.07036326825618744, 0.017681030556559563, 0.00738075515255332, 0.005051715765148401]</MIN_VALUE>
		<SIGNATURE_THRESHOLD_MD>0.0</SIGNATURE_THRESHOLD_MD>
		<SIGNATURE_THRESHOLD_ML>0.0</SIGNATURE_THRESHOLD_ML>
		<SIGNATURE_THRESHOLD_SAM>0.0</SIGNATURE_THRESHOLD_SAM>
	</signature>
	<signature ID="20210214_210640948469_507">
		<MACROCLASSID>1</MACROCLASSID>
		<MACROCLASSINFO>waterbody</MACROCLASSINFO>
		<CLASSID>14</CLASSID>
		<CLASSINFO>C 1</CLASSINFO>
		<VALUES>[0.0948636237670609, 0.0023778478983497195, 0.07329394966066677, 0.0037473383656867667, 0.040675857262884016, 0.0039024908178430847, 0.02441475049225971, 0.007054118066054687, 0.009262808867091762, 0.007232003383709456, 0.005765670681671997, 0.005295441319547343]</VALUES>
		<LCS_MIN>[0.0820084810256958, 0.054059986025094986, 0.034870002418756485, 0.015286380425095558, 0.0008200744050554931, 0.0014105431037023664]</LCS_MIN>
		<LCS_MAX>[0.10031277686357498, 0.08850354701280594, 0.06390102207660675, 0.06062067672610283, 0.045334283262491226, 0.03431234508752823]</LCS_MAX>
		<WAVELENGTH>[0.48, 0.56, 0.655, 0.865, 1.61, 2.2]</WAVELENGTH>
		<MEAN_VALUE>[0.0948636237670609, 0.07329394966066677, 0.040675857262884016, 0.02441475049225971, 0.009262808867091762, 0.005765670681671997]</MEAN_VALUE>
		<CHECKBOX>2</CHECKBOX>
		<SD>[0.0023778478983497195, 0.0037473383656867667, 0.0039024908178430847, 0.007054118066054687, 0.007232003383709456, 0.005295441319547343]</SD>
		<WAVELENGTH_UNIT>E-6m</WAVELENGTH_UNIT>
		<COLOR>#85d055</COLOR>
		<COVARIANCE_MATRIX>[[5.661689556291094e-06, 8.174587492248975e-06, 3.237843429815257e-06, -3.851867859339109e-06, -2.1019316136516863e-06, -8.149529548973078e-07], [8.174587492248975e-06, 1.4061242836760357e-05, 8.771527063800022e-06, 1.275036396464202e-07, 3.678446091726073e-06, 3.993106929556234e-06], [3.237843429815257e-06, 8.771527063800022e-06, 1.5249713214871008e-05, 1.9152921595377848e-05, 2.1772533727926202e-05, 1.5994171917554922e-05], [-3.851867859339109e-06, 1.275036396464202e-07, 1.9152921595377848e-05, 4.9826841859612614e-05, 4.518249988905154e-05, 3.097355511272326e-05], [-2.1019316136516863e-06, 3.678446091726073e-06, 2.1772533727926202e-05, 4.518249988905154e-05, 5.237151708570309e-05, 3.664805990410969e-05], [-8.149529548973078e-07, 3.993106929556234e-06, 1.5994171917554922e-05, 3.097355511272326e-05, 3.664805990410969e-05, 2.8079037292627618e-05]]</COVARIANCE_MATRIX>
		<ROI_SIZE>752</ROI_SIZE>
		<MAX_VALUE>[0.10031277686357498, 0.08850354701280594, 0.06390102207660675, 0.06062067672610283, 0.045334283262491226, 0.03431234508752823]</MAX_VALUE>
		<MIN_VALUE>[0.0820084810256958, 0.054059986025094986, 0.034870002418756485, 0.015286380425095558, 0.0008200744050554931, 0.0014105431037023664]</MIN_VALUE>
		<SIGNATURE_THRESHOLD_MD>0.0</SIGNATURE_THRESHOLD_MD>
		<SIGNATURE_THRESHOLD_ML>0.0</SIGNATURE_THRESHOLD_ML>
		<SIGNATURE_THRESHOLD_SAM>0.0</SIGNATURE_THRESHOLD_SAM>
	</signature>
	<signature ID="20210214_210647197802_494">
		<MACROCLASSID>1</MACROCLASSID>
		<MACROCLASSINFO>waterbody</MACROCLASSINFO>
		<CLASSID>15</CLASSID>
		<CLASSINFO>C 1</CLASSINFO>
		<VALUES>[0.08924330031310297, 0.0023609000838756993, 0.07848925408029903, 0.003664295725444982, 0.049250728167269525, 0.004244880180325478, 0.027157879103838968, 0.009911257018716597, 0.011604076059049239, 0.007984921268066532, 0.008040391686507432, 0.006080724973824762]</VALUES>
		<LCS_MIN>[0.08627291768789291, 0.07354521751403809, 0.043858129531145096, 0.008660090155899525, 0.004854897037148476, 0.0023618382401764393]</LCS_MIN>
		<LCS_MAX>[0.09821336716413498, 0.09722927212715149, 0.0680670440196991, 0.06025983765721321, 0.03910164162516594, 0.02975267544388771]</LCS_MAX>
		<WAVELENGTH>[0.48, 0.56, 0.655, 0.865, 1.61, 2.2]</WAVELENGTH>
		<MEAN_VALUE>[0.08924330031310297, 0.07848925408029903, 0.049250728167269525, 0.027157879103838968, 0.011604076059049239, 0.008040391686507432]</MEAN_VALUE>
		<CHECKBOX>2</CHECKBOX>
		<SD>[0.0023609000838756993, 0.003664295725444982, 0.004244880180325478, 0.009911257018716597, 0.007984921268066532, 0.006080724973824762]</SD>
		<WAVELENGTH_UNIT>E-6m</WAVELENGTH_UNIT>
		<COLOR>#357240</COLOR>
		<COVARIANCE_MATRIX>[[5.614534074993571e-06, 8.243954653153196e-06, 9.591285561327823e-06, 1.2633843653020449e-05, 7.652391104784328e-06, 6.6118136601289734e-06], [8.243954653153196e-06, 1.3525071153708268e-05, 1.4279176866693888e-05, 1.421641900378745e-05, 6.8472777456918266e-06, 6.473908797488548e-06], [9.591285561327823e-06, 1.4279176866693888e-05, 1.8150532923755236e-05, 2.912703712354414e-05, 1.898948357847985e-05, 1.5065435945871286e-05], [1.2633843653020449e-05, 1.421641900378745e-05, 2.912703712354414e-05, 9.895004768623039e-05, 7.065715180942789e-05, 5.3288746130419895e-05], [7.652391104784328e-06, 6.8472777456918266e-06, 1.898948357847985e-05, 7.065715180942789e-05, 6.42243612674065e-05, 4.643714419216849e-05], [6.6118136601289734e-06, 6.473908797488548e-06, 1.5065435945871286e-05, 5.3288746130419895e-05, 4.643714419216849e-05, 3.724510679603554e-05]]</COVARIANCE_MATRIX>
		<ROI_SIZE>138</ROI_SIZE>
		<MAX_VALUE>[0.09821336716413498, 0.09722927212715149, 0.0680670440196991, 0.06025983765721321, 0.03910164162516594, 0.02975267544388771]</MAX_VALUE>
		<MIN_VALUE>[0.08627291768789291, 0.07354521751403809, 0.043858129531145096, 0.008660090155899525, 0.004854897037148476, 0.0023618382401764393]</MIN_VALUE>
		<SIGNATURE_THRESHOLD_MD>0.0</SIGNATURE_THRESHOLD_MD>
		<SIGNATURE_THRESHOLD_ML>0.0</SIGNATURE_THRESHOLD_ML>
		<SIGNATURE_THRESHOLD_SAM>0.0</SIGNATURE_THRESHOLD_SAM>
	</signature>
	<signature ID="20210214_210654199933_344">
		<MACROCLASSID>1</MACROCLASSID>
		<MACROCLASSINFO>waterbody</MACROCLASSINFO>
		<CLASSID>16</CLASSID>
		<CLASSINFO>C 1</CLASSINFO>
		<VALUES>[0.09524383090382862, 0.0009137145238446135, 0.11478521712392353, 0.0031772473481225054, 0.08299565652934766, 0.0023078009855472606, 0.02501812971217168, 0.0074240890330742205, 0.01029247209587195, 0.00786235605491462, 0.0069139581703389985, 0.0056111863684388166]</VALUES>
		<LCS_MIN>[0.09034053981304169, 0.0972948744893074, 0.07669434696435928, 0.017681030556559563, 0.0010168931912630796, 0.0002952282375190407]</LCS_MIN>
