<?xml version="1.0" ?>
<signaturelist MCID_LIST="[['1', 'waterbody', '#0000ff'], ['2', 'vegetation', '#00ff00'], ['3', 'bareland', '#ffaa00'], ['4', 'built-up', '#ff0000']]">
	<signature ID="20220210_140957757636_405">
		<MACROCLASSID>1</MACROCLASSID>
		<MACROCLASSINFO>waterbody</MACROCLASSINFO>
		<CLASSID>1</CLASSID>
		<CLASSINFO>C 1</CLASSINFO>
		<VALUES>[0.06698200220007822, 0.0017702098249801894, 0.049554408796981426, 0.002161840871388068, 0.03144633876425891, 0.0027784539354452444, 0.028082409903887676, 0.006965446519535137, 0.007723065058222669, 0.0048053166373247655, 0.004946620466606091, 0.0032349531674575995]</VALUES>
		<LCS_MIN>[0.062464743852615356, 0.04316605627536774, 0.026509497314691544, 0.017699019983410835, 0.0, 0.0]</LCS_MIN>
		<LCS_MAX>[0.07583021372556686, 0.06351087242364883, 0.05065946653485298, 0.07472451031208038, 0.05383123829960823, 0.0332222506403923]</LCS_MAX>
		<WAVELENGTH>[0.485, 0.56, 0.66, 0.83, 1.65, 2.215]</WAVELENGTH>
		<MEAN_VALUE>[0.06698200220007822, 0.049554408796981426, 0.03144633876425891, 0.028082409903887676, 0.007723065058222669, 0.004946620466606091]</MEAN_VALUE>
		<CHECKBOX>2</CHECKBOX>
		<SD>[0.0017702098249801894, 0.002161840871388068, 0.0027784539354452444, 0.006965446519535137, 0.0048053166373247655, 0.0032349531674575995]</SD>
		<WAVELENGTH_UNIT>E-6m</WAVELENGTH_UNIT>
		<COLOR>#130399</COLOR>
		<COVARIANCE_MATRIX>[[3.2004288641473977e-06, 1.6238927855738439e-06, 2.3240170321514597e-06, 4.051041742059169e-06, 2.5822512270679e-06, 1.3105558309689513e-06], [1.6238927855738439e-06, 4.965585048921639e-06, 4.108879693376366e-06, 8.280242582259234e-06, 5.001984391128644e-06, 2.4460337044729386e-06], [2.3240170321514597e-06, 4.108879693376366e-06, 8.741353667574003e-06, 1.3432420018943958e-05, 8.542692739865743e-06, 4.065578195877606e-06], [4.051041742059169e-06, 8.280242582259234e-06, 1.3432420018943958e-05, 4.990541856386699e-05, 2.860579297703225e-05, 1.3858027159585617e-05], [2.5822512270679e-06, 5.001984391128644e-06, 8.542692739865743e-06, 2.860579297703225e-05, 2.3921287720440887e-05, 1.053681262419559e-05], [1.3105558309689513e-06, 2.4460337044729386e-06, 4.065578195877606e-06, 1.3858027159585617e-05, 1.053681262419559e-05, 1.0994000149366912e-05]]</COVARIANCE_MATRIX>
		<ROI_SIZE>18835</ROI_SIZE>
		<MAX_VALUE>[0.07583021372556686, 0.06351087242364883, 0.05065946653485298, 0.07472451031208038, 0.05383123829960823, 0.0332222506403923]</MAX_VALUE>
		<MIN_VALUE>[0.062464743852615356, 0.04316605627536774, 0.026509497314691544, 0.017699019983410835, 0.0, 0.0]</MIN_VALUE>
		<SIGNATURE_THRESHOLD_MD>0.0</SIGNATURE_THRESHOLD_MD>
		<SIGNATURE_THRESHOLD_ML>0.0</SIGNATURE_THRESHOLD_ML>
		<SIGNATURE_THRESHOLD_SAM>0.0</SIGNATURE_THRESHOLD_SAM>
	</signature>
	<signature ID="20220210_141008245463_631">
		<MACROCLASSID>1</MACROCLASSID>
		<MACROCLASSINFO>waterbody</MACROCLASSINFO>
		<CLASSID>2</CLASSID>
		<CLASSINFO>C 1</CLASSINFO>
		<VALUES>[0.06690427582482329, 0.0017040215218542519, 0.048014262181770705, 0.0020220633833852803, 0.030012314497434373, 0.001745811128703931, 0.024769817461333953, 0.004750991080865919, 0.006036086602202686, 0.003174065129658335, 0.0040620252910793485, 0.0027022530563918503]</VALUES>
		<LCS_MIN>[0.06112819164991379, 0.04025965929031372, 0.023826170712709427, 0.014344580471515656, 0.0, 0.0]</LCS_MIN>
		<LCS_MAX>[0.07449366897344589, 0.06060446426272392, 0.04529280960559845, 0.07137007266283035, 0.04951189458370209, 0.0332222506403923]</LCS_MAX>
		<WAVELENGTH>[0.485, 0.56, 0.66, 0.83, 1.65, 2.215]</WAVELENGTH>
		<MEAN_VALUE>[0.06690427582482329, 0.048014262181770705, 0.030012314497434373, 0.024769817461333953, 0.006036086602202686, 0.0040620252910793485]</MEAN_VALUE>
		<CHECKBOX>2</CHECKBOX>
		<SD>[0.0017040215218542519, 0.0020220633833852803, 0.001745811128703931, 0.004750991080865919, 0.003174065129658335, 0.0027022530563918503]</SD>
		<WAVELENGTH_UNIT>E-6m</WAVELENGTH_UNIT>
		<COLOR>#dbcf42</COLOR>
		<COVARIANCE_MATRIX>[[2.966369038404082e-06, 1.071821088771685e-06, 7.440458489327284e-07, 1.4185133068167488e-06, 7.895742442087794e-07, 3.8443786820607784e-07], [1.071821088771685e-06, 4.077118774148403e-06, 9.033274750436249e-07, 2.07004609364958e-06, 1.184969733003527e-06, 5.227810220276297e-07], [7.440458489327284e-07, 9.033274750436249e-07, 3.0220035114325583e-06, 3.7288618841557764e-06, 2.216449729530723e-06, 1.0118867521669017e-06], [1.4185133068167488e-06, 2.07004609364958e-06, 3.7288618841557764e-06, 2.0687253709184006e-05, 9.891638910630718e-06, 4.774700300913537e-06], [7.895742442087794e-07, 1.184969733003527e-06, 2.216449729530723e-06, 9.891638910630718e-06, 9.326837243861519e-06, 3.233269580960041e-06], [3.8443786820607784e-07, 5.227810220276297e-07, 1.0118867521669017e-06, 4.774700300913537e-06, 3.233269580960041e-06, 6.922568900336046e-06]]</COVARIANCE_MATRIX>
		<ROI_SIZE>72275</ROI_SIZE>
		<MAX_VALUE>[0.07449366897344589, 0.06060446426272392, 0.04529280960559845, 0.07137007266283035, 0.04951189458370209, 0.0332222506403923]</MAX_VALUE>
		<MIN_VALUE>[0.06112819164991379, 0.04025965929031372, 0.023826170712709427, 0.014344580471515656, 0.0, 0.0]</MIN_VALUE>
		<SIGNATURE_THRESHOLD_MD>0.0</SIGNATURE_THRESHOLD_MD>
		<SIGNATURE_THRESHOLD_ML>0.0</SIGNATURE_THRESHOLD_ML>
		<SIGNATURE_THRESHOLD_SAM>0.0</SIGNATURE_THRESHOLD_SAM>
	</signature>
	<signature ID="20220210_141020056544_607">
		<MACROCLASSID>1</MACROCLASSID>
		<MACROCLASSINFO>waterbody</MACROCLASSINFO>
		<CLASSID>3</CLASSID>
		<CLASSINFO>C 1</CLASSINFO>
		<VALUES>[0.07822486432269217, 0.001307219816824488, 0.08234192136054239, 0.002372296675227115, 0.08738754161943994, 0.008237065619341186, 0.18066893378272655, 0.03656592707765032, 0.07929739922595518, 0.0209525395016289, 0.04104057753769059, 0.011324840173280146]</VALUES>
		<LCS_MIN>[0.07583021372556686, 0.07804286479949951, 0.06944277882575989, 0.1116233617067337, 0.040873199701309204, 0.017714818939566612]</LCS_MIN>
		<LCS_MAX>[0.08117641508579254, 0.08676207810640335, 0.10432606190443039, 0.2357376664876938, 0.11646179109811783, 0.06733860075473785]</LCS_MAX>
		<WAVELENGTH>[0.485, 0.56, 0.66, 0.83, 1.65, 2.215]</WAVELENGTH>
		<MEAN_VALUE>[0.07822486432269217, 0.08234192136054239, 0.08738754161943994, 0.18066893378272655, 0.07929739922595518, 0.04104057753769059]</MEAN_VALUE>
		<CHECKBOX>2</CHECKBOX>
		<SD>[0.001307219816824488, 0.002372296675227115, 0.008237065619341186, 0.03656592707765032, 0.0209525395016289, 0.011324840173280146]</SD>
		<WAVELENGTH_UNIT>E-6m</WAVELENGTH_UNIT>
		<COLOR>#3e9e15</COLOR>
		<COVARIANCE_MATRIX>[[1.745181634760229e-06, 2.3073043564636464e-07, -2.9091738724673633e-06, 1.8012942746281624e-05, 9.329953172709793e-06, 5.133820195624139e-06], [2.3073043564636464e-07, 5.747531758970581e-06, 2.8519680199678987e-06, 9.248064088751562e-06, -4.702098976849811e-06, -1.7221218513441272e-06], [-2.9091738724673633e-06, 2.8519680199678987e-06, 6.929285154910758e-05, -0.0002771658473648131, -0.00015500390145462006, -8.183968748198822e-05], [1.8012942746281624e-05, 9.248064088751562e-06, -0.0002771658473648131, 0.0013655152870342135, 0.0006766412989236414, 0.00036223127972334623], [9.329953172709793e-06, -4.702098976849811e-06, -0.00015500390145462006, 0.0006766412989236414, 0.00044834951404482126, 0.00022719833941664547], [5.133820195624139e-06, -1.7221218513441272e-06, -8.183968748198822e-05, 0.00036223127972334623, 0.00022719833941664547, 0.00013098077033646405]]</COVARIANCE_MATRIX>
		<ROI_SIZE>48</ROI_SIZE>
		<MAX_VALUE>[0.08117641508579254, 0.08676207810640335, 0.10432606190443039, 0.2357376664876938, 0.11646179109811783, 0.06733860075473785]</MAX_VALUE>
		<MIN_VALUE>[0.07583021372556686, 0.07804286479949951, 0.06944277882575989, 0.1116233617067337, 0.040873199701309204, 0.017714818939566612]</MIN_VALUE>
		<SIGNATURE_THRESHOLD_MD>0.0</SIGNATURE_THRESHOLD_MD>
		<SIGNATURE_THRESHOLD_ML>0.0</SIGNATURE_THRESHOLD_ML>
		<SIGNATURE_THRESHOLD_SAM>0.0</SIGNATURE_THRESHOLD_SAM>
	</signature>
	<signature ID="20220210_141028959940_914">
		<MACROCLASSID>1</MACROCLASSID>
		<MACROCLASSINFO>waterbody</MACROCLASSINFO>
		<CLASSID>4</CLASSID>
		<CLASSINFO>C 1</CLASSINFO>
		<VALUES>[0.06853836689539754, 0.0023958494186314557, 0.05078481226319043, 0.00444818079851646, 0.03475553341039674, 0.0045403485206816085, 0.031088842673476277, 0.008934065074651738, 0.009258000732945618, 0.006115515644037616, 0.0055272917608189245, 0.0037444894774535087]</VALUES>
		<LCS_MIN>[0.062464743852615356, 0.03735325485467911, 0.026509497314691544, 0.017699019983410835, 0.0, 0.0]</LCS_MIN>
		<LCS_MAX>[0.07716676592826843, 0.06641726195812225, 0.05602613091468811, 0.07472451031208038, 0.05383123829960823, 0.0332222506403923]</LCS_MAX>
		<WAVELENGTH>[0.485, 0.56, 0.66, 0.83, 1.65, 2.215]</WAVELENGTH>
		<MEAN_VALUE>[0.06853836689539754, 0.05078481226319043, 0.03475553341039674, 0.031088842673476277, 0.009258000732945618, 0.0055272917608189245]</MEAN_VALUE>
		<CHECKBOX>2</CHECKBOX>
		<SD>[0.0023958494186314557, 0.00444818079851646, 0.0045403485206816085, 0.008934065074651738, 0.006115515644037616, 0.0037444894774535087]</SD>
		<WAVELENGTH_UNIT>E-6m</WAVELENGTH_UNIT>
		<COLOR>#a80d89</COLOR>
		<COVARIANCE_MATRIX>[[5.380104084906634e-06, 7.023809303063899e-06, 7.227909009088762e-06, 5.72422095501679e-06, 3.586372486097389e-06, 1.8030976889349404e-06], [7.023809303063899e-06, 1.7691250832285732e-05, 1.5593635907862335e-05, 1.261524357687449e-05, 7.713380000495818e-06, 3.8132611734909005e-06], [7.227909009088762e-06, 1.5593635907862335e-05, 1.9418414012761787e-05, 1.4714535609527957e-05, 9.406200661032926e-06, 4.543226168607362e-06], [5.72422095501679e-06, 1.261524357687449e-05, 1.4714535609527957e-05, 7.799252489348873e-05, 4.400738907861523e-05, 2.0726240109070204e-05], [3.586372486097389e-06, 7.713380000495818e-06, 9.406200661032926e-06, 4.400738907861523e-05, 3.573635331122205e-05, 1.5281184460036457e-05], [1.8030976889349404e-06, 3.8132611734909005e-06, 4.543226168607362e-06, 2.0726240109070204e-05, 1.5281184460036457e-05, 1.308679384237621e-05]]</COVARIANCE_MATRIX>
		<ROI_SIZE>14566</ROI_SIZE>
		<MAX_VALUE>[0.07716676592826843, 0.06641726195812225, 0.05602613091468811, 0.07472451031208038, 0.05383123829960823, 0.0332222506403923]</MAX_VALUE>
		<MIN_VALUE>[0.062464743852615356, 0.03735325485467911, 0.026509497314691544, 0.017699019983410835, 0.0, 0.0]</MIN_VALUE>
		<SIGNATURE_THRESHOLD_MD>0.0</SIGNATURE_THRESHOLD_MD>
		<SIGNATURE_THRESHOLD_ML>0.0</SIGNATURE_THRESHOLD_ML>
		<SIGNATURE_THRESHOLD_SAM>0.0</SIGNATURE_THRESHOLD_SAM>
	</signature>
	<signature ID="20220210_141036710618_779">
		<MACROCLASSID>1</MACROCLASSID>
		<MACROCLASSINFO>waterbody</MACROCLASSINFO>
		<CLASSID>5</CLASSID>
		<CLASSINFO>C 1</CLASSINFO>
		<VALUES>[0.0825886098351681, 0.0029621633888886746, 0.08131942655539734, 0.0074995919513703374, 0.07316399920942646, 0.01103334414810617, 0.09762015371179242, 0.020324175296161474, 0.03227525116559472, 0.014965545488539334, 0.017363708321321395, 0.008734182850853405]</VALUES>
		<LCS_MIN>[0.07449366897344589, 0.06351087242364883, 0.05065946653485298, 0.054597873240709305, 0.01063776295632124, 0.005308875814080238]</LCS_MIN>
		<LCS_MAX>[0.09053224325180054, 0.0983876883983612, 0.09895939379930496, 0.13845889270305634, 0.0819070041179657, 0.05183115974068642]</LCS_MAX>
		<WAVELENGTH>[0.485, 0.56, 0.66, 0.83, 1.65, 2.215]</WAVELENGTH>
		<MEAN_VALUE>[0.0825886098351681, 0.08131942655539734, 0.07316399920942646, 0.09762015371179242, 0.03227525116559472, 0.017363708321321395]</MEAN_VALUE>
		<CHECKBOX>2</CHECKBOX>
		<SD>[0.0029621633888886746, 0.0074995919513703374, 0.01103334414810617, 0.020324175296161474, 0.014965545488539334, 0.008734182850853405]</SD>
		<WAVELENGTH_UNIT>E-6m</WAVELENGTH_UNIT>
		<COLOR>#cde2a0</COLOR>
		<COVARIANCE_MATRIX>[[8.81599680724321e-06, 1.7351068891002797e-05, 2.466896148689557e-05, 2.233071654700325e-06, -7.417731012537843e-06, -1.6039211914176121e-06], [1.7351068891002797e-05, 5.651043829857372e-05, 7.257559627760202e-05, -1.798722405510489e-05, -3.913410910172388e-05, -1.6445228538941592e-05], [2.466896148689557e-05, 7.257559627760202e-05, 0.000122311626910232, -5.552886796067469e-05, -6.664513784926385e-05, -2.9728269510087557e-05], [2.233071654700325e-06, -1.798722405510489e-05, -5.552886796067469e-05, 0.0004150297900196165, 0.00024637122987769544, 0.00013992359163239598], [-7.417731012537843e-06, -3.913410910172388e-05, -6.664513784926385e-05, 0.00024637122987769544, 0.00022502901265397668, 0.00012194697774248198], [-1.6039211914176121e-06, -1.6445228538941592e-05, -2.9728269510087557e-05, 0.00013992359163239598, 0.00012194697774248198, 7.664749136893079e-05]]</COVARIANCE_MATRIX>
		<ROI_SIZE>212</ROI_SIZE>
		<MAX_VALUE>[0.09053224325180054, 0.0983876883983612, 0.09895939379930496, 0.13845889270305634, 0.0819070041179657, 0.05183115974068642]</MAX_VALUE>
		<MIN_VALUE>[0.07449366897344589, 0.06351087242364883, 0.05065946653485298, 0.054597873240709305, 0.01063776295632124, 0.005308875814080238]</MIN_VALUE>
		<SIGNATURE_THRESHOLD_MD>0.0</SIGNATURE_THRESHOLD_MD>
		<SIGNATURE_THRESHOLD_ML>0.0</SIGNATURE_THRESHOLD_ML>
		<SIGNATURE_THRESHOLD_SAM>0.0</SIGNATURE_THRESHOLD_SAM>
	</signature>
	<signature ID="20220210_141112576205_921">
		<MACROCLASSID>1</MACROCLASSID>
		<MACROCLASSINFO>waterbody</MACROCLASSINFO>
		<CLASSID>6</CLASSID>
		<CLASSINFO>C 1</CLASSINFO>
		<VALUES>[0.07022213637292662, 0.0015788029783910264, 0.05344161564788282, 0.0023557681692325493, 0.03670474796717092, 0.0029449161044661967, 0.03310837941826144, 0.010439328238547393, 0.01053113883291456, 0.007898272218487223, 0.006242263253923245, 0.00486518144371791]</VALUES>
		<LCS_MIN>[0.0651378408074379, 0.04607245698571205, 0.031876157969236374, 0.017699019983410835, 0.0, 0.0]</LCS_MIN>
		<LCS_MAX>[0.07583021372556686, 0.06351087242364883, 0.05870945751667023, 0.09820559620857239, 0.07326831668615341, 0.04562819004058838]</LCS_MAX>
		<WAVELENGTH>[0.485, 0.56, 0.66, 0.83, 1.65, 2.215]</WAVELENGTH>
		<MEAN_VALUE>[0.07022213637292662, 0.05344161564788282, 0.03670474796717092, 0.03310837941826144, 0.01053113883291456, 0.006242263253923245]</MEAN_VALUE>
		<CHECKBOX>2</CHECKBOX>
		<SD>[0.0015788029783910264, 0.0023557681692325493, 0.0029449161044661967, 0.010439328238547393, 0.007898272218487223, 0.00486518144371791]</SD>
		<WAVELENGTH_UNIT>E-6m</WAVELENGTH_UNIT>
		<COLOR>#4531b8</COLOR>
		<COVARIANCE_MATRIX>[[2.586520395198022e-06, 1.4297239658844774e-06, 1.4007406434757286e-06, 3.815705440501915e-06, 3.3258352232223842e-06, 1.9044248347199755e-06], [1.4297239658844774e-06, 5.780409992439672e-06, 3.22450205203495e-06, 1.0352016943215858e-05, 8.093182259472087e-06, 4.643741249310551e-06], [1.4007406434757286e-06, 3.22450205203495e-06, 8.927583621698432e-06, 1.7824906535679474e-05, 1.4667140021629166e-05, 8.274221727333497e-06], [3.815705440501915e-06, 1.0352016943215858e-05, 1.7824906535679474e-05, 0.00010987439600285143, 7.12677210685797e-05, 3.893971006618813e-05], [3.3258352232223842e-06, 8.093182259472087e-06, 1.4667140021629166e-05, 7.12677210685797e-05, 6.224774551810697e-05, 3.26342269545421e-05], [1.9044248347199755e-06, 4.643741249310551e-06, 8.274221727333497e-06, 3.893971006618813e-05, 3.26342269545421e-05, 2.4567478249082342e-05]]</COVARIANCE_MATRIX>
		<ROI_SIZE>11077</ROI_SIZE>
		<MAX_VALUE>[0.07583021372556686, 0.06351087242364883, 0.05870945751667023, 0.09820559620857239, 0.07326831668615341, 0.04562819004058838]</MAX_VALUE>
		<MIN_VALUE>[0.0651378408074379, 0.04607245698571205, 0.031876157969236374, 0.017699019983410835, 0.0, 0.0]</MIN_VALUE>
		<SIGNATURE_THRESHOLD_MD>0.0</SIGNATURE_THRESHOLD_MD>
		<SIGNATURE_THRESHOLD_ML>0.0</SIGNATURE_THRESHOLD_ML>
		<SIGNATURE_THRESHOLD_SAM>0.0</SIGNATURE_THRESHOLD_SAM>
	</signature>
	<signature ID="20220210_141420522766_974">
		<MACROCLASSID>1</MACROCLASSID>
		<MACROCLASSINFO>waterbody</MACROCLASSINFO>
		<CLASSID>7</CLASSID>
		<CLASSINFO>C 1</CLASSINFO>
		<VALUES>[0.08214624911977067, 0.0025128637502715005, 0.07887177048284658, 0.005578478245635963, 0.07479975051128906, 0.009963426647808043, 0.1193615834124467, 0.03320416005847697, 0.0686059087340044, 0.025724691812517964, 0.03710750376449273, 0.014475838556752453]</VALUES>
		<LCS_MIN>[0.07583021372556686, 0.06351087242364883, 0.05065946653485298, 0.05124342814087868, 0.019276458770036697, 0.011511849239468575]</LCS_MIN>
		<LCS_MAX>[0.08652260899543762, 0.09257487952709198, 0.09359274804592133, 0.18206661939620972, 0.1229408010840416, 0.07974453270435333]</LCS_MAX>
		<WAVELENGTH>[0.485, 0.56, 0.66, 0.83, 1.65, 2.215]</WAVELENGTH>
		<MEAN_VALUE>[0.08214624911977067, 0.07887177048284658, 0.07479975051128906, 0.1193615834124467, 0.0686059087340044, 0.03710750376449273]</MEAN_VALUE>
		<CHECKBOX>2</CHECKBOX>
		<SD>[0.0025128637502715005, 0.005578478245635963, 0.009963426647808043, 0.03320416005847697, 0.025724691812517964, 0.014475838556752453]</SD>
		<WAVELENGTH_UNIT>E-6m</WAVELENGTH_UNIT>
		<COLOR>#98c4a3</COLOR>
		<COVARIANCE_MATRIX>[[5.5203117881319486e-06, 8.932698619901203e-06, 1.4806799299549311e-05, -2.5797513444558717e-05, -2.8618774194910657e-06, 7.04233741544158e-07], [8.932698619901203e-06, 3.023429962922819e-05, 3.979344910476357e-05, -7.387993537122384e-05, -2.8349433705443516e-05, -1.104573948396137e-05], [1.4806799299549311e-05, 3.979344910476357e-05, 7.320309669012204e-05, -0.00012943045294377953, -3.0056791729293764e-05, -6.3891575337038375e-06], [-2.5797513444558717e-05, -7.387993537122384e-05, -0.00012943045294377953, 0.0012430656934157014, 0.0008305577212013304, 0.00042656215373426676], [-2.8618774194910657e-06, -2.8349433705443516e-05, -3.0056791729293764e-05, 0.0008305577212013304, 0.000773659732658416, 0.0004128629225306213], [7.04233741544158e-07, -1.104573948396137e-05, -6.3891575337038375e-06, 0.00042656215373426676, 0.0004128629225306213, 0.00024357806250918657]]</COVARIANCE_MATRIX>
		<ROI_SIZE>510</ROI_SIZE>
		<MAX_VALUE>[0.08652260899543762, 0.09257487952709198, 0.09359274804592133, 0.18206661939620972, 0.1229408010840416, 0.07974453270435333]</MAX_VALUE>
		<MIN_VALUE>[0.07583021372556686, 0.06351087242364883, 0.05065946653485298, 0.05124342814087868, 0.019276458770036697, 0.011511849239468575]</MIN_VALUE>
		<SIGNATURE_THRESHOLD_MD>0.0</SIGNATURE_THRESHOLD_MD>
		<SIGNATURE_THRESHOLD_ML>0.0</SIGNATURE_THRESHOLD_ML>
		<SIGNATURE_THRESHOLD_SAM>0.0</SIGNATURE_THRESHOLD_SAM>
	</signature>
	<signature ID="20220210_141431080474_278">
		<MACROCLASSID>1</MACROCLASSID>
		<MACROCLASSINFO>waterbody</MACROCLASSINFO>
		<CLASSID>8</CLASSID>
		<CLASSINFO>C 1</CLASSINFO>
		<VALUES>[0.08316097893949714, 0.0019078722053968895, 0.08006854231158896, 0.0036473195257957594, 0.08001347010334332, 0.004644815101687509, 0.11868801566235948, 0.02504881875914274, 0.08275778681942911, 0.022978814348933535, 0.04830674838387606, 0.013837510328388295]</VALUES>
		<LCS_MIN>[0.07716676592826843, 0.06932365894317627, 0.06675945222377777, 0.07472451031208038, 0.03871352598071098, 0.02391779236495495]</LCS_MIN>
		<LCS_MAX>[0.0878591537475586, 0.08676207810640335, 0.08554275333881378, 0.16529440879821777, 0.133739173412323, 0.08904899656772614]</LCS_MAX>
		<WAVELENGTH>[0.485, 0.56, 0.66, 0.83, 1.65, 2.215]</WAVELENGTH>
		<MEAN_VALUE>[0.08316097893949714, 0.08006854231158896, 0.08001347010334332, 0.11868801566235948, 0.08275778681942911, 0.04830674838387606]</MEAN_VALUE>
		<CHECKBOX>2</CHECKBOX>
		<SD>[0.0019078722053968895, 0.0036473195257957594, 0.004644815101687509, 0.02504881875914274, 0.022978814348933535, 0.013837510328388295]</SD>
		<WAVELENGTH_UNIT>E-6m</WAVELENGTH_UNIT>
		<COLOR>#14db9f</COLOR>
		<COVARIANCE_MATRIX>[[3.69597591998172e-06, 3.687144726427505e-06, 5.624538061965723e-06, -6.855676019767998e-06, 3.081644081248669e-06, 4.168481609667651e-06], [3.687144726427505e-06, 1.3507600669981912e-05, 1.3172571925679222e-05, -1.498082565376535e-05, -1.1310095942462794e-05, -6.555780487360607e-07], [5.624538061965723e-06, 1.3172571925679222e-05, 2.1906220354139805e-05, -4.5777422201354057e-05, -1.7244847185793333e-05, 5.703461170014634e-07], [-6.855676019767998e-06, -1.498082565376535e-05, -4.5777422201354057e-05, 0.0006370962946675718, 0.00045108061749488115, 0.00021927175112068653], [3.081644081248669e-06, -1.1310095942462794e-05, -1.7244847185793333e-05, 0.00045108061749488115, 0.0005361493676900864, 0.00029591048951260746], [4.168481609667651e-06, -6.555780487360607e-07, 5.703461170014634e-07, 0.00021927175112068653, 0.00029591048951260746, 0.0001944224932231009]]</COVARIANCE_MATRIX>
		<ROI_SIZE>66</ROI_SIZE>
		<MAX_VALUE>[0.0878591537475586, 0.08676207810640335, 0.08554275333881378, 0.16529440879821777, 0.133739173412323, 0.08904899656772614]</MAX_VALUE>
		<MIN_VALUE>[0.07716676592826843, 0.06932365894317627, 0.06675945222377777, 0.07472451031208038, 0.03871352598071098, 0.02391779236495495]</MIN_VALUE>
		<SIGNATURE_THRESHOLD_MD>0.0</SIGNATURE_THRESHOLD_MD>
		<SIGNATURE_THRESHOLD_ML>0.0</SIGNATURE_THRESHOLD_ML>
		<SIGNATURE_THRESHOLD_SAM>0.0</SIGNATURE_THRESHOLD_SAM>
	</signature>
	<signature ID="20220210_141438219817_499">
		<MACROCLASSID>1</MACROCLASSID>
		<MACROCLASSINFO>waterbody</MACROCLASSINFO>
		<CLASSID>9</CLASSID>
		<CLASSINFO>C 1</CLASSINFO>
		<VALUES>[0.08373812424639861, 0.0015680334132974231, 0.09092791813115277, 0.004756996109307064, 0.08724219476183256, 0.006368156153930325, 0.09132899511605502, 0.037395745374060575, 0.05213949719133476, 0.027369388109776745, 0.028001414472237227, 0.014274604453072843]</VALUES>
		<LCS_MIN>[0.0785033106803894, 0.08094926923513412, 0.07480943948030472, 0.03782566636800766, 0.01063776295632124, 0.005308875814080238]</LCS_MIN>
		<LCS_MAX>[0.08652260899543762, 0.10129407793283463, 0.09895939379930496, 0.1686488538980484, 0.10566341131925583, 0.05493265017867088]</LCS_MAX>
		<WAVELENGTH>[0.485, 0.56, 0.66, 0.83, 1.65, 2.215]</WAVELENGTH>
		<MEAN_VALUE>[0.08373812424639861, 0.09092791813115277, 0.08724219476183256, 0.09132899511605502, 0.05213949719133476, 0.028001414472237227]</MEAN_VALUE>
		<CHECKBOX>2</CHECKBOX>
		<SD>[0.0015680334132974231, 0.004756996109307064, 0.006368156153930325, 0.037395745374060575, 0.027369388109776745, 0.014274604453072843]</SD>
		<WAVELENGTH_UNIT>E-6m</WAVELENGTH_UNIT>
		<COLOR>#04b6a6</COLOR>
		<COVARIANCE_MATRIX>[[2.500402160876547e-06, 4.290557626518421e-06, 5.359338956623105e-06, -1.6356727428501472e-05, -1.3254306395538151e-05, -6.282341018959414e-06], [4.290557626518421e-06, 2.3012555175228044e-05, 2.650719579833094e-05, -0.00011330728011671454, -8.156041440088302e-05, -3.7314555811462924e-05], [5.359338956623105e-06, 2.650719579833094e-05, 4.1240757127525285e-05, -0.00015837297542020679, -0.00010620119428494945, -4.8527967010159045e-05], [-1.6356727428501472e-05, -0.00011330728011671454, -0.00015837297542020679, 0.001422144123353064, 0.0009230779833160341, 0.0004466470854822546], [-1.3254306395538151e-05, -8.156041440088302e-05, -0.00010620119428494945, 0.0009230779833160341, 0.0007617797236889601, 0.00036918235127814114], [-6.282341018959414e-06, -3.7314555811462924e-05, -4.8527967010159045e-05, 0.0004466470854822546, 0.00036918235127814114, 0.00020721796317957342]]</COVARIANCE_MATRIX>
		<ROI_SIZE>60</ROI_SIZE>
		<MAX_VALUE>[0.08652260899543762, 0.10129407793283463, 0.09895939379930496, 0.1686488538980484, 0.10566341131925583, 0.05493265017867088]</MAX_VALUE>
		<MIN_VALUE>[0.0785033106803894, 0.08094926923513412, 0.07480943948030472, 0.03782566636800766, 0.01063776295632124, 0.005308875814080238]</MIN_VALUE>
		<SIGNATURE_THRESHOLD_MD>0.0</SIGNATURE_THRESHOLD_MD>
		<SIGNATURE_THRESHOLD_ML>0.0</SIGNATURE_THRESHOLD_ML>
		<SIGNATURE_THRESHOLD_SAM>0.0</SIGNATURE_THRESHOLD_SAM>
	</signature>
	<signature ID="20220210_141501461800_386">
		<MACROCLASSID>1</MACROCLASSID>
		<MACROCLASSINFO>waterbody</MACROCLASSINFO>
		<CLASSID>10</CLASSID>
		<CLASSINFO>C 1</CLASSINFO>
		<VALUES>[0.08493359643552037, 0.007643931644608085, 0.07358638818065326, 0.010525650090825747, 0.06443389592071379, 0.013512902582572593, 0.06794108922282854, 0.019463323137832462, 0.043176850780016846, 0.018082890735355343, 0.034945295895967204, 0.016176104533694606]</VALUES>
		<LCS_MIN>[0.07315712422132492, 0.054791659116744995, 0.042609475553035736, 0.03447122499346733, 0.014957111328840256, 0.008410362526774406]</LCS_MIN>
		<LCS_MAX>[0.10256117582321167, 0.0954812690615654, 0.09627606719732285, 0.10826892405748367, 0.08406667411327362, 0.0735415667295456]</LCS_MAX>
		<WAVELENGTH>[0.485, 0.56, 0.66, 0.83, 1.65, 2.215]</WAVELENGTH>
		<MEAN_VALUE>[0.08493359643552037, 0.07358638818065326, 0.06443389592071379, 0.06794108922282854, 0.043176850780016846, 0.034945295895967204]</MEAN_VALUE>
		<CHECKBOX>2</CHECKBOX>
		<SD>[0.007643931644608085, 0.010525650090825747, 0.013512902582572593, 0.019463323137832462, 0.018082890735355343, 0.016176104533694606]</SD>
		<WAVELENGTH_UNIT>E-6m</WAVELENGTH_UNIT>
		<COLOR>#4ff42e</COLOR>
		<COVARIANCE_MATRIX>[[5.90862036915496e-05, 7.725154864601791e-05, 9.926134225679561e-05, 0.0001341295283054933, 0.00011507551243994385, 0.00010332682722946629], [7.725154864601791e-05, 0.00011203413305338472, 0.00013971302541904151, 0.00018928346980828792, 0.00015820557018741965, 0.00014024281699676067], [9.926134225679561e-05, 0.00013971302541904151, 0.00018465019820723683, 0.00024244906671810895, 0.00019548428826965392, 0.00017096578085329384], [0.0001341295283054933, 0.00018928346980828792, 0.00024244906671810895, 0.00038307736394926906, 0.0002727784449234605, 0.00023497408255934715], [0.00011507551243994385, 0.00015820557018741965, 0.00019548428826965392, 0.0002727784449234605, 0.00033066500327549875, 0.0002819013025145978], [0.00010332682722946629, 0.00014024281699676067, 0.00017096578085329384, 0.00023497408255934715, 0.0002819013025145978, 0.00026460643857717514]]</COVARIANCE_MATRIX>
		<ROI_SIZE>90</ROI_SIZE>
		<MAX_VALUE>[0.10256117582321167, 0.0954812690615654, 0.09627606719732285, 0.10826892405748367, 0.08406667411327362, 0.0735415667295456]</MAX_VALUE>
		<MIN_VALUE>[0.07315712422132492, 0.054791659116744995, 0.042609475553035736, 0.03447122499346733, 0.014957111328840256, 0.008410362526774406]</MIN_VALUE>
		<SIGNATURE_THRESHOLD_MD>0.0</SIGNATURE_THRESHOLD_MD>
		<SIGNATURE_THRESHOLD_ML>0.0</SIGNATURE_THRESHOLD_ML>
		<SIGNATURE_THRESHOLD_SAM>0.0</SIGNATURE_THRESHOLD_SAM>
	</signature>
	<signature ID="20220210_141514263958_300">
		<MACROCLASSID>1</MACROCLASSID>
		<MACROCLASSINFO>waterbody</MACROCLASSINFO>
		<CLASSID>11</CLASSID>
		<CLASSINFO>C 1</CLASSINFO>
		<VALUES>[0.09039516422228934, 0.008362063692083603, 0.08121010169195823, 0.01149620235423975, 0.07040602393830432, 0.01544431502027543, 0.08010021955347978, 0.021319397925096212, 0.05745838897732591, 0.020428530345990202, 0.04741751113667702, 0.01749904095617115]</VALUES>
		<LCS_MIN>[0.07716676592826843, 0.06060446426272392, 0.042609475553035736, 0.04118010774254799, 0.017116783186793327, 0.014613335020840168]</LCS_MIN>
		<LCS_MAX>[0.1105804592370987, 0.11001328378915787, 0.10969271510839462, 0.11833224445581436, 0.09702472388744354, 0.0828460305929184]</LCS_MAX>
		<WAVELENGTH>[0.485, 0.56, 0.66, 0.83, 1.65, 2.215]</WAVELENGTH>
		<MEAN_VALUE>[0.09039516422228934, 0.08121010169195823, 0.07040602393830432, 0.08010021955347978, 0.05745838897732591, 0.04741751113667702]</MEAN_VALUE>
		<CHECKBOX>2</CHECKBOX>
		<SD>[0.008362063692083603, 0.01149620235423975, 0.01544431502027543, 0.021319397925096212, 0.020428530345990202, 0.01749904095617115]</SD>
		<WAVELENGTH_UNIT>E-6m</WAVELENGTH_UNIT>
		<COLOR>#e7d174</COLOR>
		<COVARIANCE_MATRIX>[[7.083221134962514e-05, 9.240768849849701e-05, 0.00012407411122694612, 0.00013955631584394723, 0.00014033063780516386, 0.00012423018051777035], [9.240768849849701e-05, 0.00013387906074058264, 0.00017344678053632379, 0.00020660801965277642, 0.00020177671103738248, 0.0001724352769088], [0.00012407411122694612, 0.00017344678053632379, 0.0002416246134089306, 0.0002774115710053593, 0.000254531652899459, 0.00022003818594384938], [0.00013955631584394723, 0.00020660801965277642, 0.0002774115710053593, 0.00046041954192332923, 0.00039374924381263554, 0.00031128624686971307], [0.00014033063780516386, 0.00020177671103738248, 0.000254531652899459, 0.00039374924381263554, 0.0004227446625009179, 0.00033372887992300093], [0.00012423018051777035, 0.0001724352769088, 0.00022003818594384938, 0.00031128624686971307, 0.00033372887992300093, 0.0003101932816207409]]</COVARIANCE_MATRIX>
		<ROI_SIZE>78</ROI_SIZE>
		<MAX_VALUE>[0.1105804592370987, 0.11001328378915787, 0.10969271510839462, 0.11833224445581436, 0.09702472388744354, 0.0828460305929184]</MAX_VALUE>
		<MIN_VALUE>[0.07716676592826843, 0.06060446426272392, 0.042609475553035736, 0.04118010774254799, 0.017116783186793327, 0.014613335020840168]</MIN_VALUE>
		<SIGNATURE_THRESHOLD_MD>0.0</SIGNATURE_THRESHOLD_MD>
		<SIGNATURE_THRESHOLD_ML>0.0</SIGNATURE_THRESHOLD_ML>
		<SIGNATURE_THRESHOLD_SAM>0.0</SIGNATURE_THRESHOLD_SAM>
	</signature>
	<signature ID="20220210_141533243356_830">
		<MACROCLASSID>1</MACROCLASSID>
		<MACROCLASSINFO>waterbody</MACROCLASSINFO>
		<CLASSID>12</CLASSID>
		<CLASSINFO>C 1</CLASSINFO>
		<VALUES>[0.09435899581171961, 0.004763500998893346, 0.10084282167648015, 0.006229680381738464, 0.11223481993534057, 0.00836731814008545, 0.10611501649806379, 0.014931600350580157, 0.03794058906404596, 0.0189547307186537, 0.027500823671978564, 0.0154500594399647]</VALUES>
		<LCS_MIN>[0.08251295238733292, 0.0751364678144455, 0.06944277882575989, 0.08478783816099167, 0.01279743667691946, 0.005308875814080238]</LCS_MIN>
		<LCS_MAX>[0.11191701143980026, 0.12163888663053513, 0.13115935027599335, 0.15523108839988708, 0.08622635155916214, 0.07664306461811066]</LCS_MAX>
		<WAVELENGTH>[0.485, 0.56, 0.66, 0.83, 1.65, 2.215]</WAVELENGTH>
		<MEAN_VALUE>[0.09435899581171961, 0.10084282167648015, 0.11223481993534057, 0.10611501649806379, 0.03794058906404596, 0.027500823671978564]</MEAN_VALUE>
		<CHECKBOX>2</CHECKBOX>
		<SD>[0.004763500998893346, 0.006229680381738464, 0.00836731814008545, 0.014931600350580157, 0.0189547307186537, 0.0154500594399647]</SD>
		<WAVELENGTH_UNIT>E-6m</WAVELENGTH_UNIT>
		<COLOR>#6a2ee3</COLOR>
		<COVARIANCE_MATRIX>[[3.476551137282513e-05, 5.3702795412391424e-05, 7.297183765331283e-05, 1.3963101082481444e-05, 1.1719547728716861e-05, 2.6084901037393138e-05], [5.3702795412391424e-05, 0.00010877905879169703, 0.0001563988480484113, -9.831444003793877e-06, -4.4097101635998115e-05, -4.311486463848269e-06], [7.297183765331283e-05, 0.0001563988480484113, 0.00024282440426759422, -4.8991500079864636e-05, -0.00011145014286739752, -4.16117582062725e-05], [1.3963101082481444e-05, -9.831444003793877e-06, -4.8991500079864636e-05, 0.0002542177389841527, 0.00024610833497717977, 0.00016586195852141827], [1.1719547728716861e-05, -4.4097101635998115e-05, -0.00011145014286739752, 0.00024610833497717977, 0.0003740882675629109, 0.0002635786950122565], [2.6084901037393138e-05, -4.311486463848269e-06, -4.16117582062725e-05, 0.00016586195852141827, 0.0002635786950122565, 0.00021988600201439112]]</COVARIANCE_MATRIX>
		<ROI_SIZE>1534</ROI_SIZE>
		<MAX_VALUE>[0.11191701143980026, 0.12163888663053513, 0.13115935027599335, 0.15523108839988708, 0.08622635155916214, 0.07664306461811066]</MAX_VALUE>
		<MIN_VALUE>[0.08251295238733292, 0.0751364678144455, 0.06944277882575989, 0.08478783816099167, 0.01279743667691946, 0.005308875814080238]</MIN_VALUE>
		<SIGNATURE_THRESHOLD_MD>0.0</SIGNATURE_THRESHOLD_MD>
		<SIGNATURE_THRESHOLD_ML>0.0</SIGNATURE_THRESHOLD_ML>
		<SIGNATURE_THRESHOLD_SAM>0.0</SIGNATURE_THRESHOLD_SAM>
	</signature>
	<signature ID="20220210_141549986482_669">
		<MACROCLASSID>1</MACROCLASSID>
		<MACROCLASSINFO>waterbody</MACROCLASSINFO>
		<CLASSID>13</CLASSID>
		<CLASSINFO>C 1</CLASSINFO>
		<VALUES>[0.08959153915012343, 0.0042747309271048625, 0.09643320126608278, 0.006796033775349252, 0.11028174199293712, 0.011061576407104624, 0.11691800058407235, 0.012044234608998339, 0.030135028518554652, 0.015109533374507681, 0.019227739834820505, 0.011636002099056858]</VALUES>
		<LCS_MIN>[0.07716676592826843, 0.06932365894317627, 0.06675945222377777, 0.09485115855932236, 0.008478089235723019, 0.002207390731200576]</LCS_MIN>
		<LCS_MAX>[0.10790736228227615, 0.1158260852098465, 0.13115935027599335, 0.15523108839988708, 0.06894896179437637, 0.05803413689136505]</LCS_MAX>
		<WAVELENGTH>[0.485, 0.56, 0.66, 0.83, 1.65, 2.215]</WAVELENGTH>
		<MEAN_VALUE>[0.08959153915012343, 0.09643320126608278, 0.11028174199293712, 0.11691800058407235, 0.030135028518554652, 0.019227739834820505]</MEAN_VALUE>
		<CHECKBOX>2</CHECKBOX>
		<SD>[0.0042747309271048625, 0.006796033775349252, 0.011061576407104624, 0.012044234608998339, 0.015109533374507681, 0.011636002099056858]</SD>
		<WAVELENGTH_UNIT>E-6m</WAVELENGTH_UNIT>
		<COLOR>#45422c</COLOR>
		<COVARIANCE_MATRIX>[[1.72841246239841e-05, 2.1836773157701828e-05, 2.9893066312070005e-05, -1.0710641618061345e-06, 9.611164387024473e-06, 1.692773548711557e-05], [2.1836773157701828e-05, 4.766630445374176e-05, 7.251794158946723e-05, -1.5633169823559e-05, -2.5323803129140288e-05, -2.005596570597845e-06], [2.9893066312070005e-05, 7.251794158946723e-05, 0.00012846752360928804, -4.402011109050363e-05, -7.406800432363525e-05, -2.8288946850807406e-05], [-1.0710641618061345e-06, -1.5633169823559e-05, -4.402011109050363e-05, 0.00014221372839529067, 0.0001036224712152034, 5.5215110478457063e-05], [9.611164387024473e-06, -2.5323803129140288e-05, -7.406800432363525e-05, 0.0001036224712152034, 0.00018808350432664156, 0.00012449681526049972], [1.692773548711557e-05, -2.005596570597845e-06, -2.8288946850807406e-05, 5.5215110478457063e-05, 0.00012449681526049972, 0.00010652523633325472]]</COVARIANCE_MATRIX>
		<ROI_SIZE>1651</ROI_SIZE>
		<MAX_VALUE>[0.10790736228227615, 0.1158260852098465, 0.13115935027599335, 0.15523108839988708, 0.06894896179437637, 0.05803413689136505]</MAX_VALUE>
		<MIN_VALUE>[0.07716676592826843, 0.06932365894317627, 0.06675945222377777, 0.09485115855932236, 0.008478089235723019, 0.002207390731200576]</MIN_VALUE>
		<SIGNATURE_THRESHOLD_MD>0.0</SIGNATURE_THRESHOLD_MD>
		<SIGNATURE_THRESHOLD_ML>0.0</SIGNATURE_THRESHOLD_ML>
		<SIGNATURE_THRESHOLD_SAM>0.0</SIGNATURE_THRESHOLD_SAM>
	</signature>
	<signature ID="20220210_141559090860_467">
		<MACROCLASSID>1</MACROCLASSID>
		<MACROCLASSINFO>waterbody</MACROCLASSINFO>
		<CLASSID>14</CLASSID>
		<CLASSINFO>C 1</CLASSINFO>
		<VALUES>[0.08999293822991221, 0.0057236317114092525, 0.09436970546580203, 0.008460961036811033, 0.10580424454651378, 0.011975463809749622, 0.10789228196729693, 0.011688566743723885, 0.030567386148399423, 0.01521008870363035, 0.02067483436610354, 0.01197740169549485]</VALUES>
		<LCS_MIN>[0.07716676592826843, 0.06641726195812225, 0.05870945751667023, 0.08478783816099167, 0.008478089235723019, 0.002207390731200576]</LCS_MIN>
		<LCS_MAX>[0.1105804592370987, 0.11001328378915787, 0.12847602367401123, 0.14852219820022583, 0.07110863924026489, 0.06113561987876892]</LCS_MAX>
		<WAVELENGTH>[0.485, 0.56, 0.66, 0.83, 1.65, 2.215]</WAVELENGTH>
		<MEAN_VALUE>[0.08999293822991221, 0.09436970546580203, 0.10580424454651378, 0.10789228196729693, 0.030567386148399423, 0.02067483436610354]</MEAN_VALUE>
		<CHECKBOX>2</CHECKBOX>
		<SD>[0.0057236317114092525, 0.008460961036811033, 0.011975463809749622, 0.011688566743723885, 0.01521008870363035, 0.01197740169549485]</SD>
		<WAVELENGTH_UNIT>E-6m</WAVELENGTH_UNIT>
		<COLOR>#8fd742</COLOR>
		<COVARIANCE_MATRIX>[[2.6857151169679128e-05, 3.231277514714748e-05, 3.829811612376943e-05, 9.556707482261118e-06, 2.918659993156325e-05, 3.4790737117873505e-05], [3.231277514714748e-05, 5.822250750497915e-05, 7.950935832923278e-05, -5.295486062095733e-06, -7.214443940029014e-07, 1.9631175746326335e-05], [3.829811612376943e-05, 7.950935832923278e-05, 0.00013128203863743693, -3.39081852871459e-05, -4.8614230763632804e-05, -7.497964816138847e-06], [9.556707482261118e-06, -5.295486062095733e-06, -3.39081852871459e-05, 0.0001349199010292068, 0.00012494348629843444, 7.861828635213897e-05], [2.918659993156325e-05, -7.214443940029014e-07, -4.8614230763632804e-05, 0.00012494348629843444, 0.00023173345834948123, 0.00016668606258463115], [3.4790737117873505e-05, 1.9631175746326335e-05, -7.497964816138847e-06, 7.861828635213897e-05, 0.00016668606258463115, 0.00014628563076257706]]</COVARIANCE_MATRIX>
		<ROI_SIZE>1332</ROI_SIZE>
		<MAX_VALUE>[0.1105804592370987, 0.11001328378915787, 0.12847602367401123, 0.14852219820022583, 0.07110863924026489, 0.06113561987876892]</MAX_VALUE>
		<MIN_VALUE>[0.07716676592826843, 0.06641726195812225, 0.05870945751667023, 0.08478783816099167, 0.008478089235723019, 0.002207390731200576]</MIN_VALUE>
		<SIGNATURE_THRESHOLD_MD>0.0</SIGNATURE_THRESHOLD_MD>
		<SIGNATURE_THRESHOLD_ML>0.0</SIGNATURE_THRESHOLD_ML>
		<SIGNATURE_THRESHOLD_SAM>0.0</SIGNATURE_THRESHOLD_SAM>
	</signature>
	<signature ID="20220210_141616327626_725">
		<MACROCLASSID>1</MACROCLASSID>
		<MACROCLASSINFO>waterbody</MACROCLASSINFO>
		<CLASSID>15</CLASSID>
		<CLASSINFO>C 1</CLASSINFO>
		<VALUES>[0.09529721104547749, 0.003737890109175381, 0.09317325514216893, 0.0044697886810998715, 0.09541357170884358, 0.004640857434352089, 0.08592242582411572, 0.012899059918632091, 0.029693709874228265, 0.014646008807460597, 0.021533035692766662, 0.012708953964101901]</VALUES>
		<LCS_MIN>[0.08652260899543762, 0.08094926923513412, 0.07749277353286743, 0.04788898676633835, 0.01279743667691946, 0.005308875814080238]</LCS_MIN>
		<LCS_MAX>[0.10924392193555832, 0.11001328378915787, 0.11237605661153793, 0.1317499876022339, 0.07326831668615341, 0.06113561987876892]</LCS_MAX>
		<WAVELENGTH>[0.485, 0.56, 0.66, 0.83, 1.65, 2.215]</WAVELENGTH>
		<MEAN_VALUE>[0.09529721104547749, 0.09317325514216893, 0.09541357170884358, 0.08592242582411572, 0.029693709874228265, 0.021533035692766662]</MEAN_VALUE>
		<CHECKBOX>2</CHECKBOX>
		<SD>[0.003737890109175381, 0.0044697886810998715, 0.004640857434352089, 0.012899059918632091, 0.014646008807460597, 0.012708953964101901]</SD>
		<WAVELENGTH_UNIT>E-6m</WAVELENGTH_UNIT>
		<COLOR>#a54c41</COLOR>
		<COVARIANCE_MATRIX>[[1.3212600606493652e-05, 1.2737899851344991e-05, 1.0383188964624424e-05, 1.9211427570553496e-05, 3.1925046641845256e-05, 3.0741193768335506e-05], [1.2737899851344991e-05, 2.132881127181463e-05, 1.6386020433856174e-05, 1.4521916455123574e-05, 2.579388274170924e-05, 2.7043666705139913e-05], [1.0383188964624424e-05, 1.6386020433856174e-05, 2.3846363546908833e-05, 9.096609574044123e-06, 9.795869118534029e-06, 1.4518516763928346e-05], [1.9211427570553496e-05, 1.4521916455123574e-05, 9.096609574044123e-06, 0.00015037103730719537, 0.000148872408317402, 0.0001164316781796515], [3.1925046641845256e-05, 2.579388274170924e-05, 9.795869118534029e-06, 0.000148872408317402, 0.0002253412239952013, 0.00018033671949524432], [3.0741193768335506e-05, 2.7043666705139913e-05, 1.4518516763928346e-05, 0.0001164316781796515, 0.00018033671949524432, 0.00016564616817049682]]</COVARIANCE_MATRIX>
		<ROI_SIZE>2210</ROI_SIZE>
		<MAX_VALUE>[0.10924392193555832, 0.11001328378915787, 0.11237605661153793, 0.1317499876022339, 0.07326831668615341, 0.06113561987876892]</MAX_VALUE>
		<MIN_VALUE>[0.08652260899543762, 0.08094926923513412, 0.07749277353286743, 0.04788898676633835, 0.01279743667691946, 0.005308875814080238]</MIN_VALUE>
		<SIGNATURE_THRESHOLD_MD>0.0</SIGNATURE_THRESHOLD_MD>
		<SIGNATURE_THRESHOLD_ML>0.0</SIGNATURE_THRESHOLD_ML>
		<SIGNATURE_THRESHOLD_SAM>0.0</SIGNATURE_THRESHOLD_SAM>
	</signature>
	<signature ID="20220210_141631496644_894">
		<MACROCLASSID>1</MACROCLASSID>
		<MACROCLASSINFO>waterbody</MACROCLASSINFO>
		<CLASSID>16</CLASSID>
		<CLASSINFO>C 1</CLASSINFO>
		<VALUES>[0.09449060269658777, 0.0042466902746463335, 0.08969472051003176, 0.006132014227996054, 0.08992814814196746, 0.007667112425214029, 0.08759708519242956, 0.012304167871921776, 0.032010247609231206, 0.014623602864681303, 0.02190147570079996, 0.012240992360260034]</VALUES>
		<LCS_MIN>[0.08117641508579254, 0.06351087242364883, 0.05065946653485298, 0.07137007266283035, 0.01063776295632124, 0.005308875814080238]</LCS_MIN>
