<?xml version="1.0" ?>
<signaturelist MCID_LIST="[['1', 'waterbody', '#0000ff'], ['2', 'vegetation', '#00ff00'], ['3', 'bareland', '#ffaa00'], ['4', 'built-up', '#ff0000']]">
	<signature ID="20220210_140957757636_405">
		<MACROCLASSID>1</MACROCLASSID>
		<MACROCLASSINFO>waterbody</MACROCLASSINFO>
		<CLASSID>1</CLASSID>
		<CLASSINFO>C 1</CLASSINFO>
		<VALUES>[0.06698200220007822, 0.0017702098249801894, 0.049554408796981426, 0.002161840871388068, 0.03144633876425891, 0.0027784539354452444, 0.028082409903887676, 0.006965446519535137, 0.007723065058222669, 0.0048053166373247655, 0.004946620466606091, 0.0032349531674575995]</VALUES>
		<LCS_MIN>[0.062464743852615356, 0.04316605627536774, 0.026509497314691544, 0.017699019983410835, 0.0, 0.0]</LCS_MIN>
		<LCS_MAX>[0.07583021372556686, 0.06351087242364883, 0.05065946653485298, 0.07472451031208038, 0.05383123829960823, 0.0332222506403923]</LCS_MAX>
		<WAVELENGTH>[0.485, 0.56, 0.66, 0.83, 1.65, 2.215]</WAVELENGTH>
		<MEAN_VALUE>[0.06698200220007822, 0.049554408796981426, 0.03144633876425891, 0.028082409903887676, 0.007723065058222669, 0.004946620466606091]</MEAN_VALUE>
		<CHECKBOX>2</CHECKBOX>
		<SD>[0.0017702098249801894, 0.002161840871388068, 0.0027784539354452444, 0.006965446519535137, 0.0048053166373247655, 0.0032349531674575995]</SD>
		<WAVELENGTH_UNIT>E-6m</WAVELENGTH_UNIT>
		<COLOR>#130399</COLOR>
		<COVARIANCE_MATRIX>[[3.2004288438674532e-06, 1.6238927656688993e-06, 2.3240170396409475e-06, 4.051041957235425e-06, 2.5822511493277954e-06, 1.3105558637303396e-06], [1.6238927656688993e-06, 4.965584984739407e-06, 4.1088798826433675e-06, 8.28024300776135e-06, 5.001984278192916e-06, 2.4460337263491704e-06], [2.3240170396409475e-06, 4.1088798826433675e-06, 8.741353742215555e-06, 1.3432420119110883e-05, 8.542692615231612e-06, 4.065578174110873e-06], [4.051041957235425e-06, 8.28024300776135e-06, 1.3432420119110883e-05, 4.990541786906422e-05, 2.8605792400827966e-05, 1.3858026894197476e-05], [2.5822511493277954e-06, 5.001984278192916e-06, 8.542692615231612e-06, 2.8605792400827966e-05, 2.3921287549983492e-05, 1.0536812243209016e-05], [1.3105558637303396e-06, 2.4460337263491704e-06, 4.065578174110873e-06, 1.3858026894197476e-05, 1.0536812243209016e-05, 1.0993999765201136e-05]]</COVARIANCE_MATRIX>
		<ROI_SIZE>18835</ROI_SIZE>
		<MAX_VALUE>[0.07583021372556686, 0.06351087242364883, 0.05065946653485298, 0.07472451031208038, 0.05383123829960823, 0.0332222506403923]</MAX_VALUE>
		<MIN_VALUE>[0.062464743852615356, 0.04316605627536774, 0.026509497314691544, 0.017699019983410835, 0.0, 0.0]</MIN_VALUE>
		<SIGNATURE_THRESHOLD_MD>0</SIGNATURE_THRESHOLD_MD>
		<SIGNATURE_THRESHOLD_ML>0</SIGNATURE_THRESHOLD_ML>
		<SIGNATURE_THRESHOLD_SAM>0</SIGNATURE_THRESHOLD_SAM>
	</signature>
	<signature ID="20220210_141008245463_631">
		<MACROCLASSID>1</MACROCLASSID>
		<MACROCLASSINFO>waterbody</MACROCLASSINFO>
		<CLASSID>2</CLASSID>
		<CLASSINFO>C 1</CLASSINFO>
		<VALUES>[0.06690427582482329, 0.0017040215218542519, 0.048014262181770705, 0.0020220633833852803, 0.030012314497434373, 0.001745811128703931, 0.024769817461333953, 0.004750991080865919, 0.006036086602202686, 0.003174065129658335, 0.0040620252910793485, 0.0027022530563918503]</VALUES>
		<LCS_MIN>[0.06112819164991379, 0.04025965929031372, 0.023826170712709427, 0.014344580471515656, 0.0, 0.0]</LCS_MIN>
		<LCS_MAX>[0.07449366897344589, 0.06060446426272392, 0.04529280960559845, 0.07137007266283035, 0.04951189458370209, 0.0332222506403923]</LCS_MAX>
		<WAVELENGTH>[0.485, 0.56, 0.66, 0.83, 1.65, 2.215]</WAVELENGTH>
		<MEAN_VALUE>[0.06690427582482329, 0.048014262181770705, 0.030012314497434373, 0.024769817461333953, 0.006036086602202686, 0.0040620252910793485]</MEAN_VALUE>
		<CHECKBOX>2</CHECKBOX>
		<SD>[0.0017040215218542519, 0.0020220633833852803, 0.001745811128703931, 0.004750991080865919, 0.003174065129658335, 0.0027022530563918503]</SD>
		<WAVELENGTH_UNIT>E-6m</WAVELENGTH_UNIT>
		<COLOR>#dbcf42</COLOR>
		<COVARIANCE_MATRIX>[[2.966369048092866e-06, 1.0718210964131813e-06, 7.440458661396984e-07, 1.418513259314942e-06, 7.895742360300202e-07, 3.844378652602107e-07], [1.0718210964131813e-06, 4.0771188915197194e-06, 9.033274856697584e-07, 2.070046119623232e-06, 1.1849697755873793e-06, 5.227810307851267e-07], [7.440458661396984e-07, 9.033274856697584e-07, 3.022003488795527e-06, 3.7288617927999683e-06, 2.2164496996931906e-06, 1.0118867749887658e-06], [1.418513259314942e-06, 2.070046119623232e-06, 3.7288617927999683e-06, 2.0687253715147535e-05, 9.891638697654632e-06, 4.774700491765843e-06], [7.895742360300202e-07, 1.1849697755873793e-06, 2.2164496996931906e-06, 9.891638697654632e-06, 9.326837489285055e-06, 3.2332696010625955e-06], [3.844378652602107e-07, 5.227810307851267e-07, 1.0118867749887658e-06, 4.774700491765843e-06, 3.2332696010625955e-06, 6.922568885451542e-06]]</COVARIANCE_MATRIX>
		<ROI_SIZE>72275</ROI_SIZE>
		<MAX_VALUE>[0.07449366897344589, 0.06060446426272392, 0.04529280960559845, 0.07137007266283035, 0.04951189458370209, 0.0332222506403923]</MAX_VALUE>
		<MIN_VALUE>[0.06112819164991379, 0.04025965929031372, 0.023826170712709427, 0.014344580471515656, 0.0, 0.0]</MIN_VALUE>
		<SIGNATURE_THRESHOLD_MD>0</SIGNATURE_THRESHOLD_MD>
		<SIGNATURE_THRESHOLD_ML>0</SIGNATURE_THRESHOLD_ML>
		<SIGNATURE_THRESHOLD_SAM>0</SIGNATURE_THRESHOLD_SAM>
	</signature>
	<signature ID="20220210_141020056544_607">
		<MACROCLASSID>1</MACROCLASSID>
		<MACROCLASSINFO>waterbody</MACROCLASSINFO>
		<CLASSID>3</CLASSID>
		<CLASSINFO>C 1</CLASSINFO>
		<VALUES>[0.07822486432269217, 0.001307219816824488, 0.08234192136054239, 0.002372296675227115, 0.08738754161943994, 0.008237065619341186, 0.18066893378272655, 0.03656592707765032, 0.07929739922595518, 0.0209525395016289, 0.04104057753769059, 0.011324840173280146]</VALUES>
		<LCS_MIN>[0.07583021372556686, 0.07804286479949951, 0.06944277882575989, 0.1116233617067337, 0.040873199701309204, 0.017714818939566612]</LCS_MIN>
		<LCS_MAX>[0.08117641508579254, 0.08676207810640335, 0.10432606190443039, 0.2357376664876938, 0.11646179109811783, 0.06733860075473785]</LCS_MAX>
		<WAVELENGTH>[0.485, 0.56, 0.66, 0.83, 1.65, 2.215]</WAVELENGTH>
		<MEAN_VALUE>[0.07822486432269217, 0.08234192136054239, 0.08738754161943994, 0.18066893378272655, 0.07929739922595518, 0.04104057753769059]</MEAN_VALUE>
		<CHECKBOX>2</CHECKBOX>
		<SD>[0.001307219816824488, 0.002372296675227115, 0.008237065619341186, 0.03656592707765032, 0.0209525395016289, 0.011324840173280146]</SD>
		<WAVELENGTH_UNIT>E-6m</WAVELENGTH_UNIT>
		<COLOR>#3e9e15</COLOR>
		<COVARIANCE_MATRIX>[[1.7451815994879857e-06, 2.3073043046101772e-07, -2.909173907312865e-06, 1.8012943488699646e-05, 9.32995332408513e-06, 5.13382000171516e-06], [2.3073043046101772e-07, 5.747531760299874e-06, 2.851968072043904e-06, 9.24806383219489e-06, -4.702098947850611e-06, -1.7221217991460642e-06], [-2.909173907312865e-06, 2.851968072043904e-06, 6.929285108153118e-05, -0.00027716583632551286, -0.00015500390617966036, -8.183968883150331e-05], [1.8012943488699646e-05, 9.24806383219489e-06, -0.00027716583632551286, 0.001365515257580978, 0.000676641277970784, 0.0003622312752604628], [9.32995332408513e-06, -4.702098947850611e-06, -0.00015500390617966036, 0.000676641277970784, 0.00044834952670704957, 0.0002271983425302669], [5.13382000171516e-06, -1.7221217991460642e-06, -8.183968883150331e-05, 0.0003622312752604628, 0.0002271983425302669, 0.00013098077101311308]]</COVARIANCE_MATRIX>
		<ROI_SIZE>48</ROI_SIZE>
		<MAX_VALUE>[0.08117641508579254, 0.08676207810640335, 0.10432606190443039, 0.2357376664876938, 0.11646179109811783, 0.06733860075473785]</MAX_VALUE>
		<MIN_VALUE>[0.07583021372556686, 0.07804286479949951, 0.06944277882575989, 0.1116233617067337, 0.040873199701309204, 0.017714818939566612]</MIN_VALUE>
		<SIGNATURE_THRESHOLD_MD>0</SIGNATURE_THRESHOLD_MD>
		<SIGNATURE_THRESHOLD_ML>0</SIGNATURE_THRESHOLD_ML>
		<SIGNATURE_THRESHOLD_SAM>0</SIGNATURE_THRESHOLD_SAM>
	</signature>
	<signature ID="20220210_141028959940_914">
		<MACROCLASSID>1</MACROCLASSID>
		<MACROCLASSINFO>waterbody</MACROCLASSINFO>
		<CLASSID>4</CLASSID>
		<CLASSINFO>C 1</CLASSINFO>
		<VALUES>[0.06853836689539754, 0.0023958494186314557, 0.05078481226319043, 0.00444818079851646, 0.03475553341039674, 0.0045403485206816085, 0.031088842673476277, 0.008934065074651738, 0.009258000732945618, 0.006115515644037616, 0.0055272917608189245, 0.0037444894774535087]</VALUES>
		<LCS_MIN>[0.062464743852615356, 0.03735325485467911, 0.026509497314691544, 0.017699019983410835, 0.0, 0.0]</LCS_MIN>
		<LCS_MAX>[0.07716676592826843, 0.06641726195812225, 0.05602613091468811, 0.07472451031208038, 0.05383123829960823, 0.0332222506403923]</LCS_MAX>
		<WAVELENGTH>[0.485, 0.56, 0.66, 0.83, 1.65, 2.215]</WAVELENGTH>
		<MEAN_VALUE>[0.06853836689539754, 0.05078481226319043, 0.03475553341039674, 0.031088842673476277, 0.009258000732945618, 0.0055272917608189245]</MEAN_VALUE>
		<CHECKBOX>2</CHECKBOX>
		<SD>[0.0023958494186314557, 0.00444818079851646, 0.0045403485206816085, 0.008934065074651738, 0.006115515644037616, 0.0037444894774535087]</SD>
		<WAVELENGTH_UNIT>E-6m</WAVELENGTH_UNIT>
		<COLOR>#a80d89</COLOR>
		<COVARIANCE_MATRIX>[[5.3801042425258155e-06, 7.023809461529277e-06, 7.227909189260682e-06, 5.724220991017898e-06, 3.5863724922679206e-06, 1.8030976961086926e-06], [7.023809461529277e-06, 1.769125083983641e-05, 1.559363536916657e-05, 1.2615243861235588e-05, 7.713379759876847e-06, 3.813261202348115e-06], [7.227909189260682e-06, 1.559363536916657e-05, 1.9418413638006493e-05, 1.4714535980518025e-05, 9.406200659961672e-06, 4.54322607231373e-06], [5.724220991017898e-06, 1.2615243861235588e-05, 1.4714535980518025e-05, 7.79925235438378e-05, 4.400738784786721e-05, 2.0726240017294476e-05], [3.5863724922679206e-06, 7.713379759876847e-06, 9.406200659961672e-06, 4.400738784786721e-05, 3.5736353480363874e-05, 1.528118455312287e-05], [1.8030976961086926e-06, 3.813261202348115e-06, 4.54322607231373e-06, 2.0726240017294476e-05, 1.528118455312287e-05, 1.3086794075666853e-05]]</COVARIANCE_MATRIX>
		<ROI_SIZE>14566</ROI_SIZE>
		<MAX_VALUE>[0.07716676592826843, 0.06641726195812225, 0.05602613091468811, 0.07472451031208038, 0.05383123829960823, 0.0332222506403923]</MAX_VALUE>
		<MIN_VALUE>[0.062464743852615356, 0.03735325485467911, 0.026509497314691544, 0.017699019983410835, 0.0, 0.0]</MIN_VALUE>
		<SIGNATURE_THRESHOLD_MD>0</SIGNATURE_THRESHOLD_MD>
		<SIGNATURE_THRESHOLD_ML>0</SIGNATURE_THRESHOLD_ML>
		<SIGNATURE_THRESHOLD_SAM>0</SIGNATURE_THRESHOLD_SAM>
	</signature>
	<signature ID="20220210_141036710618_779">
		<MACROCLASSID>1</MACROCLASSID>
		<MACROCLASSINFO>waterbody</MACROCLASSINFO>
		<CLASSID>5</CLASSID>
		<CLASSINFO>C 1</CLASSINFO>
		<VALUES>[0.0825886098351681, 0.0029621633888886746, 0.08131942655539734, 0.0074995919513703374, 0.07316399920942646, 0.01103334414810617, 0.09762015371179242, 0.020324175296161474, 0.03227525116559472, 0.014965545488539334, 0.017363708321321395, 0.008734182850853405]</VALUES>
		<LCS_MIN>[0.07449366897344589, 0.06351087242364883, 0.05065946653485298, 0.054597873240709305, 0.01063776295632124, 0.005308875814080238]</LCS_MIN>
		<LCS_MAX>[0.09053224325180054, 0.0983876883983612, 0.09895939379930496, 0.13845889270305634, 0.0819070041179657, 0.05183115974068642]</LCS_MAX>
		<WAVELENGTH>[0.485, 0.56, 0.66, 0.83, 1.65, 2.215]</WAVELENGTH>
		<MEAN_VALUE>[0.0825886098351681, 0.08131942655539734, 0.07316399920942646, 0.09762015371179242, 0.03227525116559472, 0.017363708321321395]</MEAN_VALUE>
		<CHECKBOX>2</CHECKBOX>
		<SD>[0.0029621633888886746, 0.0074995919513703374, 0.01103334414810617, 0.020324175296161474, 0.014965545488539334, 0.008734182850853405]</SD>
		<WAVELENGTH_UNIT>E-6m</WAVELENGTH_UNIT>
		<COLOR>#cde2a0</COLOR>
		<COVARIANCE_MATRIX>[[8.815996833195052e-06, 1.735106824194074e-05, 2.4668960691931505e-05, 2.23307167709412e-06, -7.417730815961279e-06, -1.603921246150792e-06], [1.735106824194074e-05, 5.651043810737663e-05, 7.257559833080938e-05, -1.7987223553559036e-05, -3.913410957367407e-05, -1.644522912952466e-05], [2.4668960691931505e-05, 7.257559833080938e-05, 0.00012231162471657014, -5.5528869417059905e-05, -6.664513714068193e-05, -2.9728269405982112e-05], [2.23307167709412e-06, -1.7987223553559036e-05, -5.5528869417059905e-05, 0.000415029789153788, 0.00024637124369664246, 0.0001399235979857216], [-7.417730815961279e-06, -3.913410957367407e-05, -6.664513714068193e-05, 0.00024637124369664246, 0.00022502900936086496, 0.00012194698048915326], [-1.603921246150792e-06, -1.644522912952466e-05, -2.9728269405982112e-05, 0.0001399235979857216, 0.00012194698048915326, 7.664749485921349e-05]]</COVARIANCE_MATRIX>
		<ROI_SIZE>212</ROI_SIZE>
		<MAX_VALUE>[0.09053224325180054, 0.0983876883983612, 0.09895939379930496, 0.13845889270305634, 0.0819070041179657, 0.05183115974068642]</MAX_VALUE>
		<MIN_VALUE>[0.07449366897344589, 0.06351087242364883, 0.05065946653485298, 0.054597873240709305, 0.01063776295632124, 0.005308875814080238]</MIN_VALUE>
		<SIGNATURE_THRESHOLD_MD>0</SIGNATURE_THRESHOLD_MD>
		<SIGNATURE_THRESHOLD_ML>0</SIGNATURE_THRESHOLD_ML>
		<SIGNATURE_THRESHOLD_SAM>0</SIGNATURE_THRESHOLD_SAM>
	</signature>
	<signature ID="20220210_141112576205_921">
		<MACROCLASSID>1</MACROCLASSID>
		<MACROCLASSINFO>waterbody</MACROCLASSINFO>
		<CLASSID>6</CLASSID>
		<CLASSINFO>C 1</CLASSINFO>
		<VALUES>[0.07022213637292662, 0.0015788029783910264, 0.05344161564788282, 0.0023557681692325493, 0.03670474796717092, 0.0029449161044661967, 0.03310837941826144, 0.010439328238547393, 0.01053113883291456, 0.007898272218487223, 0.006242263253923245, 0.00486518144371791]</VALUES>
		<LCS_MIN>[0.0651378408074379, 0.04607245698571205, 0.031876157969236374, 0.017699019983410835, 0.0, 0.0]</LCS_MIN>
		<LCS_MAX>[0.07583021372556686, 0.06351087242364883, 0.05870945751667023, 0.09820559620857239, 0.07326831668615341, 0.04562819004058838]</LCS_MAX>
		<WAVELENGTH>[0.485, 0.56, 0.66, 0.83, 1.65, 2.215]</WAVELENGTH>
		<MEAN_VALUE>[0.07022213637292662, 0.05344161564788282, 0.03670474796717092, 0.03310837941826144, 0.01053113883291456, 0.006242263253923245]</MEAN_VALUE>
		<CHECKBOX>2</CHECKBOX>
		<SD>[0.0015788029783910264, 0.0023557681692325493, 0.0029449161044661967, 0.010439328238547393, 0.007898272218487223, 0.00486518144371791]</SD>
		<WAVELENGTH_UNIT>E-6m</WAVELENGTH_UNIT>
		<COLOR>#4531b8</COLOR>
		<COVARIANCE_MATRIX>[[2.586520504492168e-06, 1.4297239954875784e-06, 1.400740677437913e-06, 3.815705221483023e-06, 3.3258352699789447e-06, 1.9044248857275512e-06], [1.4297239954875784e-06, 5.780410073253938e-06, 3.224501989044291e-06, 1.0352017152999912e-05, 8.093182516816417e-06, 4.643741042909299e-06], [1.400740677437913e-06, 3.224501989044291e-06, 8.927583606549371e-06, 1.7824907059332153e-05, 1.466714010079906e-05, 8.27422148548613e-06], [3.815705221483023e-06, 1.0352017152999912e-05, 1.7824907059332153e-05, 0.00010987439251634295, 7.126772296518744e-05, 3.8939711036795334e-05], [3.3258352699789447e-06, 8.093182516816417e-06, 1.466714010079906e-05, 7.126772296518744e-05, 6.224774350255731e-05, 3.2634226749525216e-05], [1.9044248857275512e-06, 4.643741042909299e-06, 8.27422148548613e-06, 3.8939711036795334e-05, 3.2634226749525216e-05, 2.456747840455652e-05]]</COVARIANCE_MATRIX>
		<ROI_SIZE>11077</ROI_SIZE>
		<MAX_VALUE>[0.07583021372556686, 0.06351087242364883, 0.05870945751667023, 0.09820559620857239, 0.07326831668615341, 0.04562819004058838]</MAX_VALUE>
		<MIN_VALUE>[0.0651378408074379, 0.04607245698571205, 0.031876157969236374, 0.017699019983410835, 0.0, 0.0]</MIN_VALUE>
		<SIGNATURE_THRESHOLD_MD>0</SIGNATURE_THRESHOLD_MD>
		<SIGNATURE_THRESHOLD_ML>0</SIGNATURE_THRESHOLD_ML>
		<SIGNATURE_THRESHOLD_SAM>0</SIGNATURE_THRESHOLD_SAM>
	</signature>
	<signature ID="20220210_141420522766_974">
		<MACROCLASSID>1</MACROCLASSID>
		<MACROCLASSINFO>waterbody</MACROCLASSINFO>
		<CLASSID>7</CLASSID>
		<CLASSINFO>C 1</CLASSINFO>
		<VALUES>[0.08214624911977067, 0.0025128637502715005, 0.07887177048284658, 0.005578478245635963, 0.07479975051128906, 0.009963426647808043, 0.1193615834124467, 0.03320416005847697, 0.0686059087340044, 0.025724691812517964, 0.03710750376449273, 0.014475838556752453]</VALUES>
		<LCS_MIN>[0.07583021372556686, 0.06351087242364883, 0.05065946653485298, 0.05124342814087868, 0.019276458770036697, 0.011511849239468575]</LCS_MIN>
		<LCS_MAX>[0.08652260899543762, 0.09257487952709198, 0.09359274804592133, 0.18206661939620972, 0.1229408010840416, 0.07974453270435333]</LCS_MAX>
		<WAVELENGTH>[0.485, 0.56, 0.66, 0.83, 1.65, 2.215]</WAVELENGTH>
		<MEAN_VALUE>[0.08214624911977067, 0.07887177048284658, 0.07479975051128906, 0.1193615834124467, 0.0686059087340044, 0.03710750376449273]</MEAN_VALUE>
		<CHECKBOX>2</CHECKBOX>
		<SD>[0.0025128637502715005, 0.005578478245635963, 0.009963426647808043, 0.03320416005847697, 0.025724691812517964, 0.014475838556752453]</SD>
		<WAVELENGTH_UNIT>E-6m</WAVELENGTH_UNIT>
		<COLOR>#98c4a3</COLOR>
		<COVARIANCE_MATRIX>[[5.520311629301194e-06, 8.932698452492108e-06, 1.4806799584898687e-05, -2.5797512939178657e-05, -2.8618773896352337e-06, 7.0423373438047e-07], [8.932698452492108e-06, 3.0234299390077927e-05, 3.979344896401578e-05, -7.387993736025253e-05, -2.8349434309634445e-05, -1.1045739506995557e-05], [1.4806799584898687e-05, 3.979344896401578e-05, 7.320309624852929e-05, -0.00012943044938644216, -3.005679222324242e-05, -6.3891574540448154e-06], [-2.5797512939178657e-05, -7.387993736025253e-05, -0.00012943044938644216, 0.0012430657145408356, 0.0008305577013605065, 0.00042656216261013446], [-2.8618773896352337e-06, -2.8349434309634445e-05, -3.005679222324242e-05, 0.0008305577013605065, 0.0007736597338116444, 0.0004128629215470899], [7.0423373438047e-07, -1.1045739506995557e-05, -6.3891574540448154e-06, 0.00042656216261013446, 0.0004128629215470899, 0.00024357806007814278]]</COVARIANCE_MATRIX>
		<ROI_SIZE>510</ROI_SIZE>
		<MAX_VALUE>[0.08652260899543762, 0.09257487952709198, 0.09359274804592133, 0.18206661939620972, 0.1229408010840416, 0.07974453270435333]</MAX_VALUE>
		<MIN_VALUE>[0.07583021372556686, 0.06351087242364883, 0.05065946653485298, 0.05124342814087868, 0.019276458770036697, 0.011511849239468575]</MIN_VALUE>
		<SIGNATURE_THRESHOLD_MD>0</SIGNATURE_THRESHOLD_MD>
		<SIGNATURE_THRESHOLD_ML>0</SIGNATURE_THRESHOLD_ML>
		<SIGNATURE_THRESHOLD_SAM>0</SIGNATURE_THRESHOLD_SAM>
	</signature>
	<signature ID="20220210_141431080474_278">
		<MACROCLASSID>1</MACROCLASSID>
		<MACROCLASSINFO>waterbody</MACROCLASSINFO>
		<CLASSID>8</CLASSID>
		<CLASSINFO>C 1</CLASSINFO>
		<VALUES>[0.08316097893949714, 0.0019078722053968895, 0.08006854231158896, 0.0036473195257957594, 0.08001347010334332, 0.004644815101687509, 0.11868801566235948, 0.02504881875914274, 0.08275778681942911, 0.022978814348933535, 0.04830674838387606, 0.013837510328388295]</VALUES>
		<LCS_MIN>[0.07716676592826843, 0.06932365894317627, 0.06675945222377777, 0.07472451031208038, 0.03871352598071098, 0.02391779236495495]</LCS_MIN>
		<LCS_MAX>[0.0878591537475586, 0.08676207810640335, 0.08554275333881378, 0.16529440879821777, 0.133739173412323, 0.08904899656772614]</LCS_MAX>
		<WAVELENGTH>[0.485, 0.56, 0.66, 0.83, 1.65, 2.215]</WAVELENGTH>
		<MEAN_VALUE>[0.08316097893949714, 0.08006854231158896, 0.08001347010334332, 0.11868801566235948, 0.08275778681942911, 0.04830674838387606]</MEAN_VALUE>
		<CHECKBOX>2</CHECKBOX>
		<SD>[0.0019078722053968895, 0.0036473195257957594, 0.004644815101687509, 0.02504881875914274, 0.022978814348933535, 0.013837510328388295]</SD>
		<WAVELENGTH_UNIT>E-6m</WAVELENGTH_UNIT>
		<COLOR>#14db9f</COLOR>
		<COVARIANCE_MATRIX>[[3.695975988312516e-06, 3.68714478028115e-06, 5.624537913568902e-06, -6.8556759134116475e-06, 3.081644073973111e-06, 4.168481513830294e-06], [3.68714478028115e-06, 1.3507600334377853e-05, 1.317257148115774e-05, -1.498082565017948e-05, -1.1310096321645096e-05, -6.555780642166978e-07], [5.624537913568902e-06, 1.317257148115774e-05, 2.1906219749308363e-05, -4.57774230503278e-05, -1.724484666258223e-05, 5.703461014257465e-07], [-6.8556759134116475e-06, -1.498082565017948e-05, -4.57774230503278e-05, 0.0006370962954011255, 0.00045108060694584224, 0.00021927175435980213], [3.081644073973111e-06, -1.1310096321645096e-05, -1.724484666258223e-05, 0.00045108060694584224, 0.000536149384404027, 0.0002959104755451119], [4.168481513830294e-06, -6.555780642166978e-07, 5.703461014257465e-07, 0.00021927175435980213, 0.0002959104755451119, 0.0001944224873511489]]</COVARIANCE_MATRIX>
		<ROI_SIZE>66</ROI_SIZE>
		<MAX_VALUE>[0.0878591537475586, 0.08676207810640335, 0.08554275333881378, 0.16529440879821777, 0.133739173412323, 0.08904899656772614]</MAX_VALUE>
		<MIN_VALUE>[0.07716676592826843, 0.06932365894317627, 0.06675945222377777, 0.07472451031208038, 0.03871352598071098, 0.02391779236495495]</MIN_VALUE>
		<SIGNATURE_THRESHOLD_MD>0</SIGNATURE_THRESHOLD_MD>
		<SIGNATURE_THRESHOLD_ML>0</SIGNATURE_THRESHOLD_ML>
		<SIGNATURE_THRESHOLD_SAM>0</SIGNATURE_THRESHOLD_SAM>
	</signature>
	<signature ID="20220210_141438219817_499">
		<MACROCLASSID>1</MACROCLASSID>
		<MACROCLASSINFO>waterbody</MACROCLASSINFO>
		<CLASSID>9</CLASSID>
		<CLASSINFO>C 1</CLASSINFO>
		<VALUES>[0.08373812424639861, 0.0015680334132974231, 0.09092791813115277, 0.004756996109307064, 0.08724219476183256, 0.006368156153930325, 0.09132899511605502, 0.037395745374060575, 0.05213949719133476, 0.027369388109776745, 0.028001414472237227, 0.014274604453072843]</VALUES>
		<LCS_MIN>[0.0785033106803894, 0.08094926923513412, 0.07480943948030472, 0.03782566636800766, 0.01063776295632124, 0.005308875814080238]</LCS_MIN>
		<LCS_MAX>[0.08652260899543762, 0.10129407793283463, 0.09895939379930496, 0.1686488538980484, 0.10566341131925583, 0.05493265017867088]</LCS_MAX>
		<WAVELENGTH>[0.485, 0.56, 0.66, 0.83, 1.65, 2.215]</WAVELENGTH>
		<MEAN_VALUE>[0.08373812424639861, 0.09092791813115277, 0.08724219476183256, 0.09132899511605502, 0.05213949719133476, 0.028001414472237227]</MEAN_VALUE>
		<CHECKBOX>2</CHECKBOX>
		<SD>[0.0015680334132974231, 0.004756996109307064, 0.006368156153930325, 0.037395745374060575, 0.027369388109776745, 0.014274604453072843]</SD>
		<WAVELENGTH_UNIT>E-6m</WAVELENGTH_UNIT>
		<COLOR>#04b6a6</COLOR>
		<COVARIANCE_MATRIX>[[2.5004021544581256e-06, 4.290557419114256e-06, 5.3593387897840294e-06, -1.6356727286816855e-05, -1.3254306218219115e-05, -6.282341168927135e-06], [4.290557419114256e-06, 2.301255455996181e-05, 2.6507196705467055e-05, -0.00011330728150699263, -8.156041218671943e-05, -3.7314555891748495e-05], [5.3593387897840294e-06, 2.6507196705467055e-05, 4.124075878051596e-05, -0.00015837297712504997, -0.00010620119254939109, -4.8527967675060624e-05], [-1.6356727286816855e-05, -0.00011330728150699263, -0.00015837297712504997, 0.0014221441749982103, 0.0009230779781749323, 0.00044664708864439076], [-1.3254306218219115e-05, -8.156041218671943e-05, -0.00010620119254939109, 0.0009230779781749323, 0.0007617797344104295, 0.0003691823389227299], [-6.282341168927135e-06, -3.7314555891748495e-05, -4.8527967675060624e-05, 0.00044664708864439076, 0.0003691823389227299, 0.00020721796504239354]]</COVARIANCE_MATRIX>
		<ROI_SIZE>60</ROI_SIZE>
		<MAX_VALUE>[0.08652260899543762, 0.10129407793283463, 0.09895939379930496, 0.1686488538980484, 0.10566341131925583, 0.05493265017867088]</MAX_VALUE>
		<MIN_VALUE>[0.0785033106803894, 0.08094926923513412, 0.07480943948030472, 0.03782566636800766, 0.01063776295632124, 0.005308875814080238]</MIN_VALUE>
		<SIGNATURE_THRESHOLD_MD>0</SIGNATURE_THRESHOLD_MD>
		<SIGNATURE_THRESHOLD_ML>0</SIGNATURE_THRESHOLD_ML>
		<SIGNATURE_THRESHOLD_SAM>0</SIGNATURE_THRESHOLD_SAM>
	</signature>
	<signature ID="20220210_141501461800_386">
		<MACROCLASSID>1</MACROCLASSID>
		<MACROCLASSINFO>waterbody</MACROCLASSINFO>
		<CLASSID>10</CLASSID>
		<CLASSINFO>C 1</CLASSINFO>
		<VALUES>[0.08493359643552037, 0.007643931644608085, 0.07358638818065326, 0.010525650090825747, 0.06443389592071379, 0.013512902582572593, 0.06794108922282854, 0.019463323137832462, 0.043176850780016846, 0.018082890735355343, 0.034945295895967204, 0.016176104533694606]</VALUES>
		<LCS_MIN>[0.07315712422132492, 0.054791659116744995, 0.042609475553035736, 0.03447122499346733, 0.014957111328840256, 0.008410362526774406]</LCS_MIN>
		<LCS_MAX>[0.10256117582321167, 0.0954812690615654, 0.09627606719732285, 0.10826892405748367, 0.08406667411327362, 0.0735415667295456]</LCS_MAX>
		<WAVELENGTH>[0.485, 0.56, 0.66, 0.83, 1.65, 2.215]</WAVELENGTH>
		<MEAN_VALUE>[0.08493359643552037, 0.07358638818065326, 0.06443389592071379, 0.06794108922282854, 0.043176850780016846, 0.034945295895967204]</MEAN_VALUE>
		<CHECKBOX>2</CHECKBOX>
		<SD>[0.007643931644608085, 0.010525650090825747, 0.013512902582572593, 0.019463323137832462, 0.018082890735355343, 0.016176104533694606]</SD>
		<WAVELENGTH_UNIT>E-6m</WAVELENGTH_UNIT>
		<COLOR>#4ff42e</COLOR>
		<COVARIANCE_MATRIX>[[5.908620436932221e-05, 7.725154692220281e-05, 9.926134527275072e-05, 0.000134129524794582, 0.00011507550987666342, 0.00010332682798191768], [7.725154692220281e-05, 0.0001120341335405057, 0.0001397130231244065, 0.00018928347004707448, 0.00015820557687020302, 0.00014024280978073656], [9.926134527275072e-05, 0.0001397130231244065, 0.0001846502051522329, 0.0002424490595315559, 0.0001954842881939925, 0.00017096577982202174], [0.000134129524794582, 0.00018928347004707448, 0.0002424490595315559, 0.00038307736270889445, 0.000272778433611795, 0.00023497408343593285], [0.00011507550987666342, 0.00015820557687020302, 0.0001954842881939925, 0.000272778433611795, 0.0003306649928226071, 0.00028190131256850253], [0.00010332682798191768, 0.00014024280978073656, 0.00017096577982202174, 0.00023497408343593285, 0.00028190131256850253, 0.0002646064293219256]]</COVARIANCE_MATRIX>
		<ROI_SIZE>90</ROI_SIZE>
		<MAX_VALUE>[0.10256117582321167, 0.0954812690615654, 0.09627606719732285, 0.10826892405748367, 0.08406667411327362, 0.0735415667295456]</MAX_VALUE>
		<MIN_VALUE>[0.07315712422132492, 0.054791659116744995, 0.042609475553035736, 0.03447122499346733, 0.014957111328840256, 0.008410362526774406]</MIN_VALUE>
		<SIGNATURE_THRESHOLD_MD>0</SIGNATURE_THRESHOLD_MD>
		<SIGNATURE_THRESHOLD_ML>0</SIGNATURE_THRESHOLD_ML>
		<SIGNATURE_THRESHOLD_SAM>0</SIGNATURE_THRESHOLD_SAM>
	</signature>
	<signature ID="20220210_141514263958_300">
		<MACROCLASSID>1</MACROCLASSID>
		<MACROCLASSINFO>waterbody</MACROCLASSINFO>
		<CLASSID>11</CLASSID>
		<CLASSINFO>C 1</CLASSINFO>
		<VALUES>[0.09039516422228934, 0.008362063692083603, 0.08121010169195823, 0.01149620235423975, 0.07040602393830432, 0.01544431502027543, 0.08010021955347978, 0.021319397925096212, 0.05745838897732591, 0.020428530345990202, 0.04741751113667702, 0.01749904095617115]</VALUES>
		<LCS_MIN>[0.07716676592826843, 0.06060446426272392, 0.042609475553035736, 0.04118010774254799, 0.017116783186793327, 0.014613335020840168]</LCS_MIN>
		<LCS_MAX>[0.1105804592370987, 0.11001328378915787, 0.10969271510839462, 0.11833224445581436, 0.09702472388744354, 0.0828460305929184]</LCS_MAX>
		<WAVELENGTH>[0.485, 0.56, 0.66, 0.83, 1.65, 2.215]</WAVELENGTH>
		<MEAN_VALUE>[0.09039516422228934, 0.08121010169195823, 0.07040602393830432, 0.08010021955347978, 0.05745838897732591, 0.04741751113667702]</MEAN_VALUE>
		<CHECKBOX>2</CHECKBOX>
		<SD>[0.008362063692083603, 0.01149620235423975, 0.01544431502027543, 0.021319397925096212, 0.020428530345990202, 0.01749904095617115]</SD>
		<WAVELENGTH_UNIT>E-6m</WAVELENGTH_UNIT>
		<COLOR>#e7d174</COLOR>
		<COVARIANCE_MATRIX>[[7.083221450462465e-05, 9.240768758976621e-05, 0.00012407411704632422, 0.00013955632257093079, 0.00014033063701668767, 0.00012423018477894095], [9.240768758976621e-05, 0.0001338790668627397, 0.0001734467788638545, 0.00020660801750838864, 0.0002017767157751611, 0.00017243527876070446], [0.00012407411704632422, 0.0001734467788638545, 0.00024162461795778465, 0.00027741158225497826, 0.0002545316593309443, 0.00022003818392948846], [0.00013955632257093079, 0.00020660801750838864, 0.00027741158225497826, 0.0004604195425365005, 0.0003937492448780212, 0.0003112862452019662], [0.00014033063701668767, 0.0002017767157751611, 0.0002545316593309443, 0.0003937492448780212, 0.0004227446553710301, 0.0003337288922860484], [0.00012423018477894095, 0.00017243527876070446, 0.00022003818392948846, 0.0003112862452019662, 0.0003337288922860484, 0.00031019327119595995]]</COVARIANCE_MATRIX>
		<ROI_SIZE>78</ROI_SIZE>
		<MAX_VALUE>[0.1105804592370987, 0.11001328378915787, 0.10969271510839462, 0.11833224445581436, 0.09702472388744354, 0.0828460305929184]</MAX_VALUE>
		<MIN_VALUE>[0.07716676592826843, 0.06060446426272392, 0.042609475553035736, 0.04118010774254799, 0.017116783186793327, 0.014613335020840168]</MIN_VALUE>
		<SIGNATURE_THRESHOLD_MD>0</SIGNATURE_THRESHOLD_MD>
		<SIGNATURE_THRESHOLD_ML>0</SIGNATURE_THRESHOLD_ML>
		<SIGNATURE_THRESHOLD_SAM>0</SIGNATURE_THRESHOLD_SAM>
	</signature>
	<signature ID="20220210_141533243356_830">
		<MACROCLASSID>1</MACROCLASSID>
		<MACROCLASSINFO>waterbody</MACROCLASSINFO>
		<CLASSID>12</CLASSID>
		<CLASSINFO>C 1</CLASSINFO>
		<VALUES>[0.09435899581171961, 0.004763500998893346, 0.10084282167648015, 0.006229680381738464, 0.11223481993534057, 0.00836731814008545, 0.10611501649806379, 0.014931600350580157, 0.03794058906404596, 0.0189547307186537, 0.027500823671978564, 0.0154500594399647]</VALUES>
		<LCS_MIN>[0.08251295238733292, 0.0751364678144455, 0.06944277882575989, 0.08478783816099167, 0.01279743667691946, 0.005308875814080238]</LCS_MIN>
		<LCS_MAX>[0.11191701143980026, 0.12163888663053513, 0.13115935027599335, 0.15523108839988708, 0.08622635155916214, 0.07664306461811066]</LCS_MAX>
		<WAVELENGTH>[0.485, 0.56, 0.66, 0.83, 1.65, 2.215]</WAVELENGTH>
		<MEAN_VALUE>[0.09435899581171961, 0.10084282167648015, 0.11223481993534057, 0.10611501649806379, 0.03794058906404596, 0.027500823671978564]</MEAN_VALUE>
		<CHECKBOX>2</CHECKBOX>
		<SD>[0.004763500998893346, 0.006229680381738464, 0.00836731814008545, 0.014931600350580157, 0.0189547307186537, 0.0154500594399647]</SD>
		<WAVELENGTH_UNIT>E-6m</WAVELENGTH_UNIT>
		<COLOR>#6a2ee3</COLOR>
		<COVARIANCE_MATRIX>[[3.476551198499179e-05, 5.3702795105478583e-05, 7.29718406352905e-05, 1.3963100754281146e-05, 1.1719547287469601e-05, 2.608490110802558e-05], [5.3702795105478583e-05, 0.00010877905531427114, 0.00015639884895240577, -9.83144366191859e-06, -4.40971032700101e-05, -4.31148653516897e-06], [7.29718406352905e-05, 0.00015639884895240577, 0.00024282440542221071, -4.899149999510355e-05, -0.00011145014205186379, -4.1611759106865087e-05], [1.3963100754281146e-05, -9.83144366191859e-06, -4.899149999510355e-05, 0.00025421774232360726, 0.0002461083406767607, 0.00016586195244682522], [1.1719547287469601e-05, -4.40971032700101e-05, -0.00011145014205186379, 0.0002461083406767607, 0.0003740882592018784, 0.00026357868642585755], [2.608490110802558e-05, -4.31148653516897e-06, -4.1611759106865087e-05, 0.00016586195244682522, 0.00026357868642585755, 0.00021988599483484716]]</COVARIANCE_MATRIX>
		<ROI_SIZE>1534</ROI_SIZE>
		<MAX_VALUE>[0.11191701143980026, 0.12163888663053513, 0.13115935027599335, 0.15523108839988708, 0.08622635155916214, 0.07664306461811066]</MAX_VALUE>
		<MIN_VALUE>[0.08251295238733292, 0.0751364678144455, 0.06944277882575989, 0.08478783816099167, 0.01279743667691946, 0.005308875814080238]</MIN_VALUE>
		<SIGNATURE_THRESHOLD_MD>0</SIGNATURE_THRESHOLD_MD>
		<SIGNATURE_THRESHOLD_ML>0</SIGNATURE_THRESHOLD_ML>
		<SIGNATURE_THRESHOLD_SAM>0</SIGNATURE_THRESHOLD_SAM>
	</signature>
	<signature ID="20220210_141549986482_669">
		<MACROCLASSID>1</MACROCLASSID>
		<MACROCLASSINFO>waterbody</MACROCLASSINFO>
		<CLASSID>13</CLASSID>
		<CLASSINFO>C 1</CLASSINFO>
		<VALUES>[0.08959153915012343, 0.0042747309271048625, 0.09643320126608278, 0.006796033775349252, 0.11028174199293712, 0.011061576407104624, 0.11691800058407235, 0.012044234608998339, 0.030135028518554652, 0.015109533374507681, 0.019227739834820505, 0.011636002099056858]</VALUES>
		<LCS_MIN>[0.07716676592826843, 0.06932365894317627, 0.06675945222377777, 0.09485115855932236, 0.008478089235723019, 0.002207390731200576]</LCS_MIN>
		<LCS_MAX>[0.10790736228227615, 0.1158260852098465, 0.13115935027599335, 0.15523108839988708, 0.06894896179437637, 0.05803413689136505]</LCS_MAX>
		<WAVELENGTH>[0.485, 0.56, 0.66, 0.83, 1.65, 2.215]</WAVELENGTH>
		<MEAN_VALUE>[0.08959153915012343, 0.09643320126608278, 0.11028174199293712, 0.11691800058407235, 0.030135028518554652, 0.019227739834820505]</MEAN_VALUE>
		<CHECKBOX>2</CHECKBOX>
		<SD>[0.0042747309271048625, 0.006796033775349252, 0.011061576407104624, 0.012044234608998339, 0.015109533374507681, 0.011636002099056858]</SD>
		<WAVELENGTH_UNIT>E-6m</WAVELENGTH_UNIT>
		<COLOR>#45422c</COLOR>
		<COVARIANCE_MATRIX>[[1.7284124022508496e-05, 2.1836773630315648e-05, 2.9893066646812472e-05, -1.0710641815729936e-06, 9.611164032711249e-06, 1.6927734637924626e-05], [2.1836773630315648e-05, 4.766630625576538e-05, 7.251793862008598e-05, -1.563317010391269e-05, -2.5323803629958892e-05, -2.005596601526696e-06], [2.9893066646812472e-05, 7.251793862008598e-05, 0.0001284675257101196, -4.4020111592857475e-05, -7.406800572854598e-05, -2.8288946145759095e-05], [-1.0710641815729936e-06, -1.563317010391269e-05, -4.4020111592857475e-05, 0.00014221372254502831, 0.00010362247043240945, 5.52151116128911e-05], [9.611164032711249e-06, -2.5323803629958892e-05, -7.406800572854598e-05, 0.00010362247043240945, 0.00018808350558783039, 0.0001244968211172683], [1.6927734637924626e-05, -2.005596601526696e-06, -2.8288946145759095e-05, 5.52151116128911e-05, 0.0001244968211172683, 0.00010652523789444098]]</COVARIANCE_MATRIX>
		<ROI_SIZE>1651</ROI_SIZE>
		<MAX_VALUE>[0.10790736228227615, 0.1158260852098465, 0.13115935027599335, 0.15523108839988708, 0.06894896179437637, 0.05803413689136505]</MAX_VALUE>
		<MIN_VALUE>[0.07716676592826843, 0.06932365894317627, 0.06675945222377777, 0.09485115855932236, 0.008478089235723019, 0.002207390731200576]</MIN_VALUE>
		<SIGNATURE_THRESHOLD_MD>0</SIGNATURE_THRESHOLD_MD>
		<SIGNATURE_THRESHOLD_ML>0</SIGNATURE_THRESHOLD_ML>
		<SIGNATURE_THRESHOLD_SAM>0</SIGNATURE_THRESHOLD_SAM>
	</signature>
	<signature ID="20220210_141559090860_467">
		<MACROCLASSID>1</MACROCLASSID>
		<MACROCLASSINFO>waterbody</MACROCLASSINFO>
		<CLASSID>14</CLASSID>
		<CLASSINFO>C 1</CLASSINFO>
		<VALUES>[0.08999293822991221, 0.0057236317114092525, 0.09436970546580203, 0.008460961036811033, 0.10580424454651378, 0.011975463809749622, 0.10789228196729693, 0.011688566743723885, 0.030567386148399423, 0.01521008870363035, 0.02067483436610354, 0.01197740169549485]</VALUES>
		<LCS_MIN>[0.07716676592826843, 0.06641726195812225, 0.05870945751667023, 0.08478783816099167, 0.008478089235723019, 0.002207390731200576]</LCS_MIN>
		<LCS_MAX>[0.1105804592370987, 0.11001328378915787, 0.12847602367401123, 0.14852219820022583, 0.07110863924026489, 0.06113561987876892]</LCS_MAX>
		<WAVELENGTH>[0.485, 0.56, 0.66, 0.83, 1.65, 2.215]</WAVELENGTH>
		<MEAN_VALUE>[0.08999293822991221, 0.09436970546580203, 0.10580424454651378, 0.10789228196729693, 0.030567386148399423, 0.02067483436610354]</MEAN_VALUE>
		<CHECKBOX>2</CHECKBOX>
		<SD>[0.0057236317114092525, 0.008460961036811033, 0.011975463809749622, 0.011688566743723885, 0.01521008870363035, 0.01197740169549485]</SD>
		<WAVELENGTH_UNIT>E-6m</WAVELENGTH_UNIT>
		<COLOR>#8fd742</COLOR>
		<COVARIANCE_MATRIX>[[2.6857150880554413e-05, 3.2312775022914476e-05, 3.829811682861913e-05, 9.556707764592423e-06, 2.918659911084357e-05, 3.4790737924517915e-05], [3.2312775022914476e-05, 5.822250735571279e-05, 7.950935622665347e-05, -5.295485847605112e-06, -7.214444157753146e-07, 1.9631175936205707e-05], [3.829811682861913e-05, 7.950935622665347e-05, 0.0001312820370694355, -3.390818428212811e-05, -4.861422999518366e-05, -7.497964836147051e-06], [9.556707764592423e-06, -5.295485847605112e-06, -3.390818428212811e-05, 0.00013491990634753974, 0.00012494348580454332, 7.861828480186192e-05], [2.918659911084357e-05, -7.214444157753146e-07, -4.861422999518366e-05, 0.00012494348580454332, 0.00023173345333395422, 0.0001666860639509594], [3.4790737924517915e-05, 1.9631175936205707e-05, -7.497964836147051e-06, 7.861828480186192e-05, 0.0001666860639509594, 0.0001462856332676755]]</COVARIANCE_MATRIX>
		<ROI_SIZE>1332</ROI_SIZE>
		<MAX_VALUE>[0.1105804592370987, 0.11001328378915787, 0.12847602367401123, 0.14852219820022583, 0.07110863924026489, 0.06113561987876892]</MAX_VALUE>
		<MIN_VALUE>[0.07716676592826843, 0.06641726195812225, 0.05870945751667023, 0.08478783816099167, 0.008478089235723019, 0.002207390731200576]</MIN_VALUE>
		<SIGNATURE_THRESHOLD_MD>0</SIGNATURE_THRESHOLD_MD>
		<SIGNATURE_THRESHOLD_ML>0</SIGNATURE_THRESHOLD_ML>
		<SIGNATURE_THRESHOLD_SAM>0</SIGNATURE_THRESHOLD_SAM>
	</signature>
	<signature ID="20220210_141616327626_725">
		<MACROCLASSID>1</MACROCLASSID>
		<MACROCLASSINFO>waterbody</MACROCLASSINFO>
		<CLASSID>15</CLASSID>
		<CLASSINFO>C 1</CLASSINFO>
		<VALUES>[0.09529721104547749, 0.003737890109175381, 0.09317325514216893, 0.0044697886810998715, 0.09541357170884358, 0.004640857434352089, 0.08592242582411572, 0.012899059918632091, 0.029693709874228265, 0.014646008807460597, 0.021533035692766662, 0.012708953964101901]</VALUES>
		<LCS_MIN>[0.08652260899543762, 0.08094926923513412, 0.07749277353286743, 0.04788898676633835, 0.01279743667691946, 0.005308875814080238]</LCS_MIN>
		<LCS_MAX>[0.10924392193555832, 0.11001328378915787, 0.11237605661153793, 0.1317499876022339, 0.07326831668615341, 0.06113561987876892]</LCS_MAX>
		<WAVELENGTH>[0.485, 0.56, 0.66, 0.83, 1.65, 2.215]</WAVELENGTH>
		<MEAN_VALUE>[0.09529721104547749, 0.09317325514216893, 0.09541357170884358, 0.08592242582411572, 0.029693709874228265, 0.021533035692766662]</MEAN_VALUE>
		<CHECKBOX>2</CHECKBOX>
		<SD>[0.003737890109175381, 0.0044697886810998715, 0.004640857434352089, 0.012899059918632091, 0.014646008807460597, 0.012708953964101901]</SD>
		<WAVELENGTH_UNIT>E-6m</WAVELENGTH_UNIT>
		<COLOR>#a54c41</COLOR>
		<COVARIANCE_MATRIX>[[1.3212600579095826e-05, 1.2737899856059474e-05, 1.038318918869003e-05, 1.9211428147088085e-05, 3.192504674652221e-05, 3.0741192142361364e-05], [1.2737899856059474e-05, 2.132881146090467e-05, 1.6386020781479424e-05, 1.4521916190599455e-05, 2.5793883294822462e-05, 2.7043667005052927e-05], [1.038318918869003e-05, 1.6386020781479424e-05, 2.384636377299369e-05, 9.09660968437076e-06, 9.795868767955687e-06, 1.4518516547216115e-05], [1.9211428147088085e-05, 1.4521916190599455e-05, 9.09660968437076e-06, 0.00015037103052039519, 0.00014887240643435295, 0.0001164316814109279], [3.192504674652221e-05, 2.5793883294822462e-05, 9.795868767955687e-06, 0.00014887240643435295, 0.0002253412243767607, 0.000180336716131615], [3.0741192142361364e-05, 2.7043667005052927e-05, 1.4518516547216115e-05, 0.0001164316814109279, 0.000180336716131615, 0.0001656461627722891]]</COVARIANCE_MATRIX>
		<ROI_SIZE>2210</ROI_SIZE>
		<MAX_VALUE>[0.10924392193555832, 0.11001328378915787, 0.11237605661153793, 0.1317499876022339, 0.07326831668615341, 0.06113561987876892]</MAX_VALUE>
		<MIN_VALUE>[0.08652260899543762, 0.08094926923513412, 0.07749277353286743, 0.04788898676633835, 0.01279743667691946, 0.005308875814080238]</MIN_VALUE>
		<SIGNATURE_THRESHOLD_MD>0</SIGNATURE_THRESHOLD_MD>
		<SIGNATURE_THRESHOLD_ML>0</SIGNATURE_THRESHOLD_ML>
		<SIGNATURE_THRESHOLD_SAM>0</SIGNATURE_THRESHOLD_SAM>
	</signature>
	<signature ID="20220210_141631496644_894">
		<MACROCLASSID>1</MACROCLASSID>
		<MACROCLASSINFO>waterbody</MACROCLASSINFO>
		<CLASSID>16</CLASSID>
		<CLASSINFO>C 1</CLASSINFO>
		<VALUES>[0.09449060269658777, 0.0042466902746463335, 0.08969472051003176, 0.006132014227996054, 0.08992814814196746, 0.007667112425214029, 0.08759708519242956, 0.012304167871921776, 0.032010247609231206, 0.014623602864681303, 0.02190147570079996, 0.012240992360260034]</VALUES>
		<LCS_MIN>[0.08117641508579254, 0.06351087242364883, 0.05065946653485298, 0.07137007266283035, 0.01063776295632124, 0.005308875814080238]</LCS_MIN>
		<LCS_MAX>[0.10924392193555832, 0.10710686445236206, 0.10969271510839462, 0.12504112720489502, 0.06894896179437637, 0.06113561987876892]</LCS_MAX>
