<?xml version="1.0" ?>
<signaturelist MCID_LIST="[['1', 'waterbody', '#0000ff'], ['2', 'vegetation', '#00ff00'], ['3', 'bareland', '#ffaa00'], ['4', 'built-up', '#ff0000']]">
	<signature ID="20200804_144559440147_496">
		<MACROCLASSID>1</MACROCLASSID>
		<MACROCLASSINFO>waterbody</MACROCLASSINFO>
		<CLASSID>1</CLASSID>
		<CLASSINFO>C 1</CLASSINFO>
		<VALUES>[0.12250319104272302, 0.003979505023331532, 0.12901375049107847, 0.003469444257073483, 0.11793058375081317, 0.0031550882391673855, 0.08500828914787545, 0.01787570082427638, 0.02455726255617888, 0.015095672927105478, 0.014169551808091563, 0.009814019281021458]</VALUES>
		<LCS_MIN>[0.11558381468057632, 0.10979538410902023, 0.09476858377456665, 0.07025256007909775, 0.008345338515937328, 0.0]</LCS_MIN>
		<LCS_MAX>[0.1410972774028778, 0.14426414668560028, 0.12910567224025726, 0.14289472997188568, 0.08062449842691422, 0.051019586622714996]</LCS_MAX>
		<WAVELENGTH>[0.485, 0.56, 0.66, 0.83, 1.65, 2.215]</WAVELENGTH>
		<MEAN_VALUE>[0.12250319104272302, 0.12901375049107847, 0.11793058375081317, 0.08500828914787545, 0.02455726255617888, 0.014169551808091563]</MEAN_VALUE>
		<CHECKBOX>2</CHECKBOX>
		<SD>[0.003979505023331532, 0.003469444257073483, 0.0031550882391673855, 0.01787570082427638, 0.015095672927105478, 0.009814019281021458]</SD>
		<WAVELENGTH_UNIT>E-6m</WAVELENGTH_UNIT>
		<COLOR>#3e9df3</COLOR>
		<COVARIANCE_MATRIX>[[1.1172134691150859e-05, 5.55623228137847e-06, 5.155701273906743e-06, 2.426764513074886e-05, 2.1056135665276088e-05, 1.4222663594409823e-05], [5.55623228137847e-06, 1.016060559777543e-05, 6.801603831263492e-06, -3.782821067943587e-06, -1.7062629922293127e-06, 4.923693381897465e-07], [5.155701273906743e-06, 6.801603831263492e-06, 1.0237747119390406e-05, -4.776309651788324e-06, -2.4449841475870926e-06, 3.516077811127616e-07], [2.426764513074886e-05, -3.782821067943587e-06, -4.776309651788324e-06, 0.000248892669333145, 0.00019856341532431543, 0.00012196477473480627], [2.1056135665276088e-05, -1.7062629922293127e-06, -2.4449841475870926e-06, 0.00019856341532431543, 0.00018022175936494023, 0.00010953911260003224], [1.4222663594409823e-05, 4.923693381897465e-07, 3.516077811127616e-07, 0.00012196477473480627, 0.00010953911260003224, 7.553876639576629e-05]]</COVARIANCE_MATRIX>
		<ROI_SIZE>1352</ROI_SIZE>
		<MAX_VALUE>[0.1410972774028778, 0.14426414668560028, 0.12910567224025726, 0.14289472997188568, 0.08062449842691422, 0.051019586622714996]</MAX_VALUE>
		<MIN_VALUE>[0.11558381468057632, 0.10979538410902023, 0.09476858377456665, 0.07025256007909775, 0.008345338515937328, 0.0]</MIN_VALUE>
		<SIGNATURE_THRESHOLD_MD>0.0</SIGNATURE_THRESHOLD_MD>
		<SIGNATURE_THRESHOLD_ML>0.0</SIGNATURE_THRESHOLD_ML>
		<SIGNATURE_THRESHOLD_SAM>0.0</SIGNATURE_THRESHOLD_SAM>
	</signature>
	<signature ID="20200804_144612315485_618">
		<MACROCLASSID>1</MACROCLASSID>
		<MACROCLASSINFO>waterbody</MACROCLASSINFO>
		<CLASSID>2</CLASSID>
		<CLASSINFO>C 1</CLASSINFO>
		<VALUES>[0.12679121856922862, 0.002424994716888427, 0.13353511960069822, 0.0038168937867770238, 0.11421594659999736, 0.006015854513346971, 0.07132625476932629, 0.01501146664077547, 0.02499355546848431, 0.015301462669700266, 0.016151156431956276, 0.011424743944981712]</VALUES>
		<LCS_MIN>[0.11408302932977676, 0.106661856174469, 0.08684463053941727, 0.05704489350318909, 0.006219480652362108, 0.002172827487811446]</LCS_MIN>
		<LCS_MAX>[0.13509412109851837, 0.14426414668560028, 0.13702961802482605, 0.14289472997188568, 0.0955054983496666, 0.08154881000518799]</LCS_MAX>
		<WAVELENGTH>[0.485, 0.56, 0.66, 0.83, 1.65, 2.215]</WAVELENGTH>
		<MEAN_VALUE>[0.12679121856922862, 0.13353511960069822, 0.11421594659999736, 0.07132625476932629, 0.02499355546848431, 0.016151156431956276]</MEAN_VALUE>
		<CHECKBOX>2</CHECKBOX>
		<SD>[0.002424994716888427, 0.0038168937867770238, 0.006015854513346971, 0.01501146664077547, 0.015301462669700266, 0.011424743944981712]</SD>
		<WAVELENGTH_UNIT>E-6m</WAVELENGTH_UNIT>
		<COLOR>#58203b</COLOR>
		<COVARIANCE_MATRIX>[[5.885744485567557e-06, 5.33150659975945e-06, 6.204202691151295e-06, 1.1273695008640061e-06, 6.484939603979001e-06, 6.403342467820039e-06], [5.33150659975945e-06, 1.4581423783965874e-05, 1.3851860785507597e-05, -1.2684713510680012e-05, -4.9935724746319465e-06, -4.2135749822591606e-07], [6.204202691151295e-06, 1.3851860785507597e-05, 3.6222169001121074e-05, 2.087683606077917e-05, 2.6419831556268036e-05, 2.3110740585252643e-05], [1.1273695008640061e-06, -1.2684713510680012e-05, 2.087683606077917e-05, 0.00022554128372576088, 0.00021117024880368263, 0.00014407026174012572], [6.484939603979001e-06, -4.9935724746319465e-06, 2.6419831556268036e-05, 0.00021117024880368263, 0.00023433960450347513, 0.00016427726950496435], [6.403342467820039e-06, -4.2135749822591606e-07, 2.3110740585252643e-05, 0.00014407026174012572, 0.00016427726950496435, 0.00013063897495158017]]</COVARIANCE_MATRIX>
		<ROI_SIZE>1144</ROI_SIZE>
		<MAX_VALUE>[0.13509412109851837, 0.14426414668560028, 0.13702961802482605, 0.14289472997188568, 0.0955054983496666, 0.08154881000518799]</MAX_VALUE>
		<MIN_VALUE>[0.11408302932977676, 0.106661856174469, 0.08684463053941727, 0.05704489350318909, 0.006219480652362108, 0.002172827487811446]</MIN_VALUE>
		<SIGNATURE_THRESHOLD_MD>0.0</SIGNATURE_THRESHOLD_MD>
		<SIGNATURE_THRESHOLD_ML>0.0</SIGNATURE_THRESHOLD_ML>
		<SIGNATURE_THRESHOLD_SAM>0.0</SIGNATURE_THRESHOLD_SAM>
	</signature>
	<signature ID="20200804_144632104661_319">
		<MACROCLASSID>1</MACROCLASSID>
		<MACROCLASSINFO>waterbody</MACROCLASSINFO>
		<CLASSID>3</CLASSID>
		<CLASSINFO>C 1</CLASSINFO>
		<VALUES>[0.1277330869951794, 0.002868715762558664, 0.1299044542934154, 0.005265206576298415, 0.12772725065636117, 0.011688482177590869, 0.08840828415900606, 0.02417177342708206, 0.015518300942135315, 0.008471854838555361, 0.00952655409177199, 0.0069387302552388515]</VALUES>
		<LCS_MIN>[0.1200861930847168, 0.11919595301151276, 0.10269252210855484, 0.05044105648994446, 0.006219480652362108, 0.0]</LCS_MIN>
		<LCS_MAX>[0.13659490644931793, 0.14426414668560028, 0.1555188000202179, 0.12308322638273239, 0.07849864661693573, 0.06628420203924179]</LCS_MAX>
		<WAVELENGTH>[0.485, 0.56, 0.66, 0.83, 1.65, 2.215]</WAVELENGTH>
		<MEAN_VALUE>[0.1277330869951794, 0.1299044542934154, 0.12772725065636117, 0.08840828415900606, 0.015518300942135315, 0.00952655409177199]</MEAN_VALUE>
		<CHECKBOX>2</CHECKBOX>
		<SD>[0.002868715762558664, 0.005265206576298415, 0.011688482177590869, 0.02417177342708206, 0.008471854838555361, 0.0069387302552388515]</SD>
		<WAVELENGTH_UNIT>E-6m</WAVELENGTH_UNIT>
		<COLOR>#ee3871</COLOR>
		<COVARIANCE_MATRIX>[[9.115040484175552e-06, 1.2041983609378804e-05, 7.920920097603812e-07, -2.7595264327828772e-05, 4.411462668940658e-06, 2.992815780089586e-06], [1.2041983609378804e-05, 3.1389925425173715e-05, -6.103077339503216e-06, -7.810050738044083e-05, 3.4601387142174644e-06, 1.9621543287939858e-06], [7.920920097603812e-07, -6.103077339503216e-06, 0.00014196506526786834, 0.00021609505347441882, -7.3678052103787195e-06, -4.7435564738407265e-06], [-2.7595264327828772e-05, -7.810050738044083e-05, 0.00021609505347441882, 0.0005670478567481041, 2.24697378143901e-05, 1.8725753761827946e-05], [4.411462668940658e-06, 3.4601387142174644e-06, -7.3678052103787195e-06, 2.24697378143901e-05, 7.050189742585644e-05, 5.0052753067575395e-05], [2.992815780089586e-06, 1.9621543287939858e-06, -4.7435564738407265e-06, 1.8725753761827946e-05, 5.0052753067575395e-05, 4.5226377551443875e-05]]</COVARIANCE_MATRIX>
		<ROI_SIZE>3935</ROI_SIZE>
		<MAX_VALUE>[0.13659490644931793, 0.14426414668560028, 0.1555188000202179, 0.12308322638273239, 0.07849864661693573, 0.06628420203924179]</MAX_VALUE>
		<MIN_VALUE>[0.1200861930847168, 0.11919595301151276, 0.10269252210855484, 0.05044105648994446, 0.006219480652362108, 0.0]</MIN_VALUE>
		<SIGNATURE_THRESHOLD_MD>0.0</SIGNATURE_THRESHOLD_MD>
		<SIGNATURE_THRESHOLD_ML>0.0</SIGNATURE_THRESHOLD_ML>
		<SIGNATURE_THRESHOLD_SAM>0.0</SIGNATURE_THRESHOLD_SAM>
	</signature>
	<signature ID="20200804_144646337773_755">
		<MACROCLASSID>1</MACROCLASSID>
		<MACROCLASSINFO>waterbody</MACROCLASSINFO>
		<CLASSID>4</CLASSID>
		<CLASSINFO>C 1</CLASSINFO>
		<VALUES>[0.13106805404987898, 0.006940195817301156, 0.1360980883889817, 0.014867749573441155, 0.1426144262651843, 0.006543181313696438, 0.11050306400395636, 0.02899063757156157, 0.017578420203398497, 0.009111949297098484, 0.01101803352894479, 0.00702998884990086]</VALUES>
		<LCS_MIN>[0.11858539283275604, 0.11606243997812271, 0.1053338348865509, 0.05704489350318909, 0.008345338515937328, 0.0]</LCS_MIN>
		<LCS_MAX>[0.1486012488603592, 0.16306528449058533, 0.1555188000202179, 0.15940429270267487, 0.0827503576874733, 0.06323126703500748]</LCS_MAX>
		<WAVELENGTH>[0.485, 0.56, 0.66, 0.83, 1.65, 2.215]</WAVELENGTH>
		<MEAN_VALUE>[0.13106805404987898, 0.1360980883889817, 0.1426144262651843, 0.11050306400395636, 0.017578420203398497, 0.01101803352894479]</MEAN_VALUE>
		<CHECKBOX>2</CHECKBOX>
		<SD>[0.006940195817301156, 0.014867749573441155, 0.006543181313696438, 0.02899063757156157, 0.009111949297098484, 0.00702998884990086]</SD>
		<WAVELENGTH_UNIT>E-6m</WAVELENGTH_UNIT>
		<COLOR>#45851e</COLOR>
		<COVARIANCE_MATRIX>[[5.242898623691872e-05, 0.00010828271479113027, 4.05334030801896e-05, -0.00020402984227985144, -4.172119588474743e-06, -1.922175670188153e-06], [0.00010828271479113027, 0.00024247066176030785, 8.893778431229293e-05, -0.00045364515972323716, -1.3522007066057995e-05, -7.86406144470675e-06], [4.05334030801896e-05, 8.893778431229293e-05, 4.398216333356686e-05, -0.00016742445586714894, -2.2270869521889836e-05, -1.4096228369453456e-05], [-0.00020402984227985144, -0.00045364515972323716, -0.00016742445586714894, 0.0009027374326251447, 4.872887075180188e-05, 3.185693276464008e-05], [-4.172119588474743e-06, -1.3522007066057995e-05, -2.2270869521889836e-05, 4.872887075180188e-05, 8.631748642073944e-05, 6.053604374756105e-05], [-1.922175670188153e-06, -7.86406144470675e-06, -1.4096228369453456e-05, 3.185693276464008e-05, 6.053604374756105e-05, 5.169249925529584e-05]]</COVARIANCE_MATRIX>
		<ROI_SIZE>3782</ROI_SIZE>
		<MAX_VALUE>[0.1486012488603592, 0.16306528449058533, 0.1555188000202179, 0.15940429270267487, 0.0827503576874733, 0.06323126703500748]</MAX_VALUE>
		<MIN_VALUE>[0.11858539283275604, 0.11606243997812271, 0.1053338348865509, 0.05704489350318909, 0.008345338515937328, 0.0]</MIN_VALUE>
		<SIGNATURE_THRESHOLD_MD>0.0</SIGNATURE_THRESHOLD_MD>
		<SIGNATURE_THRESHOLD_ML>0.0</SIGNATURE_THRESHOLD_ML>
		<SIGNATURE_THRESHOLD_SAM>0.0</SIGNATURE_THRESHOLD_SAM>
	</signature>
	<signature ID="20200804_144729838387_863">
		<MACROCLASSID>1</MACROCLASSID>
		<MACROCLASSINFO>waterbody</MACROCLASSINFO>
		<CLASSID>5</CLASSID>
		<CLASSINFO>C 1</CLASSINFO>
		<VALUES>[0.12545080220817736, 0.0022993535246666067, 0.12478906066009424, 0.0028048155064115295, 0.1503272576334878, 0.005050187809016809, 0.1606239489753785, 0.004728303404743326, 0.02014254473262994, 0.012581634615939592, 0.013096532690371998, 0.010607844988368226]</VALUES>
		<LCS_MIN>[0.11408302932977676, 0.10979538410902023, 0.10797515511512756, 0.13629089295864105, 0.006219480652362108, 0.0]</LCS_MIN>
		<LCS_MAX>[0.13359332084655762, 0.13486358523368835, 0.15816013514995575, 0.20232924818992615, 0.0827503576874733, 0.07239004224538803]</LCS_MAX>
		<WAVELENGTH>[0.485, 0.56, 0.66, 0.83, 1.65, 2.215]</WAVELENGTH>
		<MEAN_VALUE>[0.12545080220817736, 0.12478906066009424, 0.1503272576334878, 0.1606239489753785, 0.02014254473262994, 0.013096532690371998]</MEAN_VALUE>
		<CHECKBOX>2</CHECKBOX>
		<SD>[0.0022993535246666067, 0.0028048155064115295, 0.005050187809016809, 0.004728303404743326, 0.012581634615939592, 0.010607844988368226]</SD>
		<WAVELENGTH_UNIT>E-6m</WAVELENGTH_UNIT>
		<COLOR>#e1ab41</COLOR>
		<COVARIANCE_MATRIX>[[5.3769654186908156e-06, 2.506588771211682e-06, 2.6975369564752327e-06, -2.0336676698207157e-06, 3.2532586828892818e-06, 3.537595830493956e-06], [2.506588771211682e-06, 8.388366040890105e-06, 9.183664587908424e-06, -1.6772564777056687e-06, -8.956846613727976e-06, -5.431463250715751e-06], [2.6975369564752327e-06, 9.183664587908424e-06, 2.9525564968935214e-05, -2.5354416344214314e-09, -4.931626608595252e-05, -3.460121661191806e-05], [-2.0336676698207157e-06, -1.6772564777056687e-06, -2.5354416344214314e-09, 3.715460479725152e-05, -3.586543925848673e-06, -8.422958671872038e-06], [3.2532586828892818e-06, -8.956846613727976e-06, -4.931626608595252e-05, -3.586543925848673e-06, 0.0001723214372759685, 0.00013229920295998454], [3.537595830493956e-06, -5.431463250715751e-06, -3.460121661191806e-05, -8.422958671872038e-06, 0.00013229920295998454, 0.0001163598062703386]]</COVARIANCE_MATRIX>
		<ROI_SIZE>2411</ROI_SIZE>
		<MAX_VALUE>[0.13359332084655762, 0.13486358523368835, 0.15816013514995575, 0.20232924818992615, 0.0827503576874733, 0.07239004224538803]</MAX_VALUE>
		<MIN_VALUE>[0.11408302932977676, 0.10979538410902023, 0.10797515511512756, 0.13629089295864105, 0.006219480652362108, 0.0]</MIN_VALUE>
		<SIGNATURE_THRESHOLD_MD>0.0</SIGNATURE_THRESHOLD_MD>
		<SIGNATURE_THRESHOLD_ML>0.0</SIGNATURE_THRESHOLD_ML>
		<SIGNATURE_THRESHOLD_SAM>0.0</SIGNATURE_THRESHOLD_SAM>
	</signature>
	<signature ID="20200804_144749104673_234">
		<MACROCLASSID>1</MACROCLASSID>
		<MACROCLASSINFO>waterbody</MACROCLASSINFO>
		<CLASSID>6</CLASSID>
		<CLASSINFO>C 1</CLASSINFO>
		<VALUES>[0.12683453498449945, 0.0021939667737530108, 0.1268734688202908, 0.002341597666548247, 0.15416648514908776, 0.003538868586953258, 0.17831947338138546, 0.004968571490292716, 0.021555908892248964, 0.013609134888512888, 0.013482933112204784, 0.011693354550471382]</VALUES>
		<LCS_MIN>[0.1200861930847168, 0.11919595301151276, 0.13174697756767273, 0.14289472997188568, 0.008345338515937328, 0.0]</LCS_MIN>
		<LCS_MAX>[0.13659490644931793, 0.137997105717659, 0.17136670649051666, 0.22544264793395996, 0.08062449842691422, 0.07239004224538803]</LCS_MAX>
		<WAVELENGTH>[0.485, 0.56, 0.66, 0.83, 1.65, 2.215]</WAVELENGTH>
		<MEAN_VALUE>[0.12683453498449945, 0.1268734688202908, 0.15416648514908776, 0.17831947338138546, 0.021555908892248964, 0.013482933112204784]</MEAN_VALUE>
		<CHECKBOX>2</CHECKBOX>
		<SD>[0.0021939667737530108, 0.002341597666548247, 0.003538868586953258, 0.004968571490292716, 0.013609134888512888, 0.011693354550471382]</SD>
		<WAVELENGTH_UNIT>E-6m</WAVELENGTH_UNIT>
		<COLOR>#efe704</COLOR>
		<COVARIANCE_MATRIX>[[5.059943305241177e-06, 1.7991093272939906e-06, -4.173730161483036e-08, -1.3883054634789005e-06, 1.011634503811365e-05, 9.02094143384602e-06], [1.7991093272939906e-06, 5.95320443608216e-06, 3.2529214877285995e-06, 8.135173175105592e-07, 1.7805379002311383e-06, 2.135435352101922e-06], [-4.173730161483036e-08, 3.2529214877285995e-06, 1.606766636541579e-05, 2.4824621505104005e-06, -3.487021604087204e-05, -2.661839607753791e-05], [-1.3883054634789005e-06, 8.135173175105592e-07, 2.4824621505104005e-06, 3.0006243832758628e-05, -1.719447027426213e-05, -1.792722468962893e-05], [1.011634503811365e-05, 1.7805379002311383e-06, -3.487021604087204e-05, -1.719447027426213e-05, 0.0001949100842466578, 0.0001559974334668368], [9.02094143384602e-06, 2.135435352101922e-06, -2.661839607753791e-05, -1.792722468962893e-05, 0.0001559974334668368, 0.00013751303777098656]]</COVARIANCE_MATRIX>
		<ROI_SIZE>2631</ROI_SIZE>
		<MAX_VALUE>[0.13659490644931793, 0.137997105717659, 0.17136670649051666, 0.22544264793395996, 0.08062449842691422, 0.07239004224538803]</MAX_VALUE>
		<MIN_VALUE>[0.1200861930847168, 0.11919595301151276, 0.13174697756767273, 0.14289472997188568, 0.008345338515937328, 0.0]</MIN_VALUE>
		<SIGNATURE_THRESHOLD_MD>0.0</SIGNATURE_THRESHOLD_MD>
		<SIGNATURE_THRESHOLD_ML>0.0</SIGNATURE_THRESHOLD_ML>
		<SIGNATURE_THRESHOLD_SAM>0.0</SIGNATURE_THRESHOLD_SAM>
	</signature>
	<signature ID="20200804_144830222357_207">
		<MACROCLASSID>1</MACROCLASSID>
		<MACROCLASSINFO>waterbody</MACROCLASSINFO>
		<CLASSID>7</CLASSID>
		<CLASSINFO>C 1</CLASSINFO>
		<VALUES>[0.12864363512773155, 0.0026434564618988384, 0.12988253133916264, 0.0034487674896458436, 0.137976262376003, 0.004765372859797651, 0.11179171314423246, 0.009324749856251644, 0.024041551563494436, 0.012464577693200429, 0.016499169595550783, 0.009758623804476977]</VALUES>
		<LCS_MIN>[0.11858539283275604, 0.10979538410902023, 0.10797515511512756, 0.09666788578033447, 0.008345338515937328, 0.002172827487811446]</LCS_MIN>
		<LCS_MAX>[0.13959649205207825, 0.14426414668560028, 0.1555188000202179, 0.18251773715019226, 0.08487621694803238, 0.07544297724962234]</LCS_MAX>
		<WAVELENGTH>[0.485, 0.56, 0.66, 0.83, 1.65, 2.215]</WAVELENGTH>
		<MEAN_VALUE>[0.12864363512773155, 0.12988253133916264, 0.137976262376003, 0.11179171314423246, 0.024041551563494436, 0.016499169595550783]</MEAN_VALUE>
		<CHECKBOX>2</CHECKBOX>
		<SD>[0.0026434564618988384, 0.0034487674896458436, 0.004765372859797651, 0.009324749856251644, 0.012464577693200429, 0.009758623804476977]</SD>
		<WAVELENGTH_UNIT>E-6m</WAVELENGTH_UNIT>
		<COLOR>#113d14</COLOR>
		<COVARIANCE_MATRIX>[[7.4229906203981955e-06, 6.368191407091217e-06, 8.917120794649236e-06, -2.3199791030492634e-06, 2.5677375106170075e-06, 5.02968350701849e-06], [6.368191407091217e-06, 1.3134637811162975e-05, 1.45673293445725e-05, -9.120459253608715e-06, -2.6825850909517612e-06, 2.3249217520060483e-06], [8.917120794649236e-06, 1.45673293445725e-05, 2.4374769054702483e-05, -2.003320878429804e-05, -1.3437097550195176e-05, -3.3662122405075934e-06], [-2.3199791030492634e-06, -9.120459253608715e-06, -2.003320878429804e-05, 8.245699427789077e-05, 9.704403055366129e-05, 6.926679634489119e-05], [2.5677375106170075e-06, -2.6825850909517612e-06, -1.3437097550195176e-05, 9.704403055366129e-05, 0.00016857933951541781, 0.00012778447126038373], [5.02968350701849e-06, 2.3249217520060483e-06, -3.3662122405075934e-06, 6.926679634489119e-05, 0.00012778447126038373, 0.00011035044735763222]]</COVARIANCE_MATRIX>
		<ROI_SIZE>3819</ROI_SIZE>
		<MAX_VALUE>[0.13959649205207825, 0.14426414668560028, 0.1555188000202179, 0.18251773715019226, 0.08487621694803238, 0.07544297724962234]</MAX_VALUE>
		<MIN_VALUE>[0.11858539283275604, 0.10979538410902023, 0.10797515511512756, 0.09666788578033447, 0.008345338515937328, 0.002172827487811446]</MIN_VALUE>
		<SIGNATURE_THRESHOLD_MD>0.0</SIGNATURE_THRESHOLD_MD>
		<SIGNATURE_THRESHOLD_ML>0.0</SIGNATURE_THRESHOLD_ML>
		<SIGNATURE_THRESHOLD_SAM>0.0</SIGNATURE_THRESHOLD_SAM>
	</signature>
	<signature ID="20200804_144849129923_211">
		<MACROCLASSID>1</MACROCLASSID>
		<MACROCLASSINFO>waterbody</MACROCLASSINFO>
		<CLASSID>8</CLASSID>
		<CLASSINFO>C 1</CLASSINFO>
		<VALUES>[0.11312916480115982, 0.0026784752017130374, 0.09311833795759301, 0.003522909404593722, 0.0717260745720042, 0.003694156523480989, 0.06294233993678107, 0.008248933904556176, 0.02111546868368812, 0.00738284926730887, 0.015137622379628353, 0.0067731882134601075]</VALUES>
		<LCS_MIN>[0.10357747972011566, 0.08159367740154266, 0.0630728155374527, 0.05374297872185707, 0.008345338515937328, 0.002172827487811446]</LCS_MIN>
		<LCS_MAX>[0.13659490644931793, 0.11919595301151276, 0.1053338348865509, 0.12968705594539642, 0.0827503576874733, 0.08154881000518799]</LCS_MAX>
		<WAVELENGTH>[0.485, 0.56, 0.66, 0.83, 1.65, 2.215]</WAVELENGTH>
		<MEAN_VALUE>[0.11312916480115982, 0.09311833795759301, 0.0717260745720042, 0.06294233993678107, 0.02111546868368812, 0.015137622379628353]</MEAN_VALUE>
		<CHECKBOX>2</CHECKBOX>
		<SD>[0.0026784752017130374, 0.003522909404593722, 0.003694156523480989, 0.008248933904556176, 0.00738284926730887, 0.0067731882134601075]</SD>
		<WAVELENGTH_UNIT>E-6m</WAVELENGTH_UNIT>
		<COLOR>#d02852</COLOR>
		<COVARIANCE_MATRIX>[[7.499106231989572e-06, 7.148448730731616e-06, 8.665115274197888e-06, 1.0433745956106577e-05, 1.154951678472571e-05, 1.1040456229238771e-05], [7.148448730731616e-06, 1.5533907571807504e-05, 1.4295166693045758e-05, 1.7370603018207476e-05, 1.9217537555960007e-05, 1.8290147636434995e-05], [8.665115274197888e-06, 1.4295166693045758e-05, 2.0559569748002104e-05, 2.33166338148294e-05, 2.5342367734992877e-05, 2.378015597059857e-05], [1.0433745956106577e-05, 1.7370603018207476e-05, 2.33166338148294e-05, 7.820663449820131e-05, 6.516738358186558e-05, 5.2104616770520806e-05], [1.154951678472571e-05, 1.9217537555960007e-05, 2.5342367734992877e-05, 6.516738358186558e-05, 7.200014806585386e-05, 5.8263529354007915e-05], [1.1040456229238771e-05, 1.8290147636434995e-05, 2.378015597059857e-05, 5.2104616770520806e-05, 5.8263529354007915e-05, 5.886505823582411e-05]]</COVARIANCE_MATRIX>
		<ROI_SIZE>4696</ROI_SIZE>
		<MAX_VALUE>[0.13659490644931793, 0.11919595301151276, 0.1053338348865509, 0.12968705594539642, 0.0827503576874733, 0.08154881000518799]</MAX_VALUE>
		<MIN_VALUE>[0.10357747972011566, 0.08159367740154266, 0.0630728155374527, 0.05374297872185707, 0.008345338515937328, 0.002172827487811446]</MIN_VALUE>
		<SIGNATURE_THRESHOLD_MD>0.0</SIGNATURE_THRESHOLD_MD>
		<SIGNATURE_THRESHOLD_ML>0.0</SIGNATURE_THRESHOLD_ML>
		<SIGNATURE_THRESHOLD_SAM>0.0</SIGNATURE_THRESHOLD_SAM>
	</signature>
	<signature ID="20200804_144909036117_888">
		<MACROCLASSID>1</MACROCLASSID>
		<MACROCLASSINFO>waterbody</MACROCLASSINFO>
		<CLASSID>9</CLASSID>
		<CLASSINFO>C 1</CLASSINFO>
		<VALUES>[0.13044022212001288, 0.0024285031637339373, 0.13147835863936708, 0.003366454145091145, 0.13816632732869777, 0.004698886237281031, 0.10659797369950638, 0.01064576916564954, 0.026180925370690233, 0.012451903670332297, 0.018818791529167832, 0.010258554749645444]</VALUES>
		<LCS_MIN>[0.11858539283275604, 0.10352835059165955, 0.08948595076799393, 0.09006405621767044, 0.014722911641001701, 0.005225749220699072]</LCS_MIN>
		<LCS_MAX>[0.13959649205207825, 0.14113061130046844, 0.15023617446422577, 0.17921581864356995, 0.09763137251138687, 0.08765465766191483]</LCS_MAX>
		<WAVELENGTH>[0.485, 0.56, 0.66, 0.83, 1.65, 2.215]</WAVELENGTH>
		<MEAN_VALUE>[0.13044022212001288, 0.13147835863936708, 0.13816632732869777, 0.10659797369950638, 0.026180925370690233, 0.018818791529167832]</MEAN_VALUE>
		<CHECKBOX>2</CHECKBOX>
		<SD>[0.0024285031637339373, 0.003366454145091145, 0.004698886237281031, 0.01064576916564954, 0.012451903670332297, 0.010258554749645444]</SD>
		<WAVELENGTH_UNIT>E-6m</WAVELENGTH_UNIT>
		<COLOR>#882db9</COLOR>
		<COVARIANCE_MATRIX>[[6.612004199268995e-06, 5.8117307162319776e-06, 9.962436706700828e-06, -4.405358595249709e-06, -5.7625934459792916e-06, -2.242767322968575e-06], [5.8117307162319776e-06, 1.3898686120228376e-05, 1.8701242879615165e-05, -1.4706432921229862e-05, -1.8899670976679772e-05, -1.1703037671395577e-05], [9.962436706700828e-06, 1.8701242879615165e-05, 3.54204312316142e-05, -2.436799150018487e-05, -3.490417293505743e-05, -2.1557514628511854e-05], [-4.405358595249709e-06, -1.4706432921229862e-05, -2.436799150018487e-05, 0.00011910263128811494, 0.00013615049829240888, 0.00010392972035333514], [-5.7625934459792916e-06, -1.8899670976679772e-05, -3.490417293505743e-05, 0.00013615049829240888, 0.00021707198175136, 0.0001667311298660934], [-2.242767322968575e-06, -1.1703037671395577e-05, -2.1557514628511854e-05, 0.00010392972035333514, 0.0001667311298660934, 0.0001420368644176051]]</COVARIANCE_MATRIX>
		<ROI_SIZE>2710</ROI_SIZE>
		<MAX_VALUE>[0.13959649205207825, 0.14113061130046844, 0.15023617446422577, 0.17921581864356995, 0.09763137251138687, 0.08765465766191483]</MAX_VALUE>
		<MIN_VALUE>[0.11858539283275604, 0.10352835059165955, 0.08948595076799393, 0.09006405621767044, 0.014722911641001701, 0.005225749220699072]</MIN_VALUE>
		<SIGNATURE_THRESHOLD_MD>0.0</SIGNATURE_THRESHOLD_MD>
		<SIGNATURE_THRESHOLD_ML>0.0</SIGNATURE_THRESHOLD_ML>
		<SIGNATURE_THRESHOLD_SAM>0.0</SIGNATURE_THRESHOLD_SAM>
	</signature>
	<signature ID="20200804_144921059687_679">
		<MACROCLASSID>1</MACROCLASSID>
		<MACROCLASSINFO>waterbody</MACROCLASSINFO>
		<CLASSID>10</CLASSID>
		<CLASSINFO>C 1</CLASSINFO>
		<VALUES>[0.11441628296164591, 0.0021529638613609708, 0.09431710485875427, 0.003065531828631215, 0.07257276776829158, 0.0030544962523321255, 0.07200327134069372, 0.01321819723956437, 0.026058679573192883, 0.009563287040800356, 0.018290597745681654, 0.00637135379904753]</VALUES>
		<LCS_MIN>[0.10958065092563629, 0.08786072582006454, 0.06571412831544876, 0.05374297872185707, 0.014722911641001701, 0.008278673514723778]</LCS_MIN>
		<LCS_MAX>[0.12909094989299774, 0.11606243997812271, 0.10005120933055878, 0.13959282636642456, 0.08062449842691422, 0.06323126703500748]</LCS_MAX>
		<WAVELENGTH>[0.485, 0.56, 0.66, 0.83, 1.65, 2.215]</WAVELENGTH>
		<MEAN_VALUE>[0.11441628296164591, 0.09431710485875427, 0.07257276776829158, 0.07200327134069372, 0.026058679573192883, 0.018290597745681654]</MEAN_VALUE>
		<CHECKBOX>2</CHECKBOX>
		<SD>[0.0021529638613609708, 0.003065531828631215, 0.0030544962523321255, 0.01321819723956437, 0.009563287040800356, 0.00637135379904753]</SD>
		<WAVELENGTH_UNIT>E-6m</WAVELENGTH_UNIT>
		<COLOR>#16f825</COLOR>
		<COVARIANCE_MATRIX>[[4.6422660489042755e-06, 2.9107179670972982e-06, 3.4980205327883596e-06, 7.4449153544264846e-06, 5.541798145713983e-06, 4.068302587256767e-06], [2.9107179670972982e-06, 9.41170219448395e-06, 6.049486273695948e-06, 1.8968183212564327e-05, 1.3329979083209764e-05, 9.520407729723956e-06], [3.4980205327883596e-06, 6.049486273695948e-06, 9.344062164018396e-06, 1.747666647133883e-05, 1.2756897376675624e-05, 1.032809723255923e-05], [7.4449153544264846e-06, 1.8968183212564327e-05, 1.747666647133883e-05, 0.00017498506349511445, 0.00011482041736599058, 6.481272430391982e-05], [5.541798145713983e-06, 1.3329979083209764e-05, 1.2756897376675624e-05, 0.00011482041736599058, 9.159481851384044e-05, 5.030566899222322e-05], [4.068302587256767e-06, 9.520407729723956e-06, 1.032809723255923e-05, 6.481272430391982e-05, 5.030566899222322e-05, 4.065556277055293e-05]]</COVARIANCE_MATRIX>
		<ROI_SIZE>662</ROI_SIZE>
		<MAX_VALUE>[0.12909094989299774, 0.11606243997812271, 0.10005120933055878, 0.13959282636642456, 0.08062449842691422, 0.06323126703500748]</MAX_VALUE>
		<MIN_VALUE>[0.10958065092563629, 0.08786072582006454, 0.06571412831544876, 0.05374297872185707, 0.014722911641001701, 0.008278673514723778]</MIN_VALUE>
		<SIGNATURE_THRESHOLD_MD>0.0</SIGNATURE_THRESHOLD_MD>
		<SIGNATURE_THRESHOLD_ML>0.0</SIGNATURE_THRESHOLD_ML>
		<SIGNATURE_THRESHOLD_SAM>0.0</SIGNATURE_THRESHOLD_SAM>
	</signature>
	<signature ID="20200804_144949881665_185">
		<MACROCLASSID>1</MACROCLASSID>
		<MACROCLASSINFO>waterbody</MACROCLASSINFO>
		<CLASSID>11</CLASSID>
		<CLASSINFO>C 1</CLASSINFO>
		<VALUES>[0.13489808451928456, 0.0033703822338600987, 0.14037804663432438, 0.005094415859010669, 0.13006276988916177, 0.005655736501377936, 0.10142598925890876, 0.018036815247808365, 0.04548813550722566, 0.022470784464160908, 0.03284783778042441, 0.016470074015079085]</VALUES>
		<LCS_MIN>[0.12608936429023743, 0.12546302378177643, 0.11061646789312363, 0.07685638964176178, 0.016848769038915634, 0.008278673514723778]</LCS_MIN>
		<LCS_MAX>[0.1486012488603592, 0.15679822862148285, 0.1555188000202179, 0.15610240399837494, 0.09975723177194595, 0.08154881000518799]</LCS_MAX>
		<WAVELENGTH>[0.485, 0.56, 0.66, 0.83, 1.65, 2.215]</WAVELENGTH>
		<MEAN_VALUE>[0.13489808451928456, 0.14037804663432438, 0.13006276988916177, 0.10142598925890876, 0.04548813550722566, 0.03284783778042441]</MEAN_VALUE>
		<CHECKBOX>2</CHECKBOX>
		<SD>[0.0033703822338600987, 0.005094415859010669, 0.005655736501377936, 0.018036815247808365, 0.022470784464160908, 0.016470074015079085]</SD>
		<WAVELENGTH_UNIT>E-6m</WAVELENGTH_UNIT>
		<COLOR>#09caa0</COLOR>
		<COVARIANCE_MATRIX>[[1.2264348697499372e-05, 1.3538785424316302e-05, 1.4874393855279777e-05, -2.7691774448612705e-05, -3.612896034610458e-05, -2.4289989596582018e-05], [1.3538785424316302e-05, 2.6523912310949527e-05, 2.426046739856247e-05, -4.757179704029113e-05, -6.110074900789186e-05, -4.069292117492296e-05], [1.4874393855279777e-05, 2.426046739856247e-05, 3.407724216231145e-05, -2.4862971258698963e-05, -3.403735172469169e-05, -1.9900728148058988e-05], [-2.7691774448612705e-05, -4.757179704029113e-05, -2.4862971258698963e-05, 0.00034301012055948377, 0.00040886804345063865, 0.00029441213700920343], [-3.612896034610458e-05, -6.110074900789186e-05, -3.403735172469169e-05, 0.00040886804345063865, 0.0005437195068225265, 0.00039100757567211986], [-2.4289989596582018e-05, -4.069292117492296e-05, -1.9900728148058988e-05, 0.00029441213700920343, 0.00039100757567211986, 0.0002979300625156611]]</COVARIANCE_MATRIX>
		<ROI_SIZE>1392</ROI_SIZE>
		<MAX_VALUE>[0.1486012488603592, 0.15679822862148285, 0.1555188000202179, 0.15610240399837494, 0.09975723177194595, 0.08154881000518799]</MAX_VALUE>
		<MIN_VALUE>[0.12608936429023743, 0.12546302378177643, 0.11061646789312363, 0.07685638964176178, 0.016848769038915634, 0.008278673514723778]</MIN_VALUE>
		<SIGNATURE_THRESHOLD_MD>0.0</SIGNATURE_THRESHOLD_MD>
		<SIGNATURE_THRESHOLD_ML>0.0</SIGNATURE_THRESHOLD_ML>
		<SIGNATURE_THRESHOLD_SAM>0.0</SIGNATURE_THRESHOLD_SAM>
	</signature>
	<signature ID="20200804_145000774285_255">
		<MACROCLASSID>1</MACROCLASSID>
		<MACROCLASSINFO>waterbody</MACROCLASSINFO>
		<CLASSID>12</CLASSID>
		<CLASSINFO>C 1</CLASSINFO>
		<VALUES>[0.13118443572933147, 0.002402843356286252, 0.1355663034197979, 0.0029001908037811276, 0.12250796475346565, 0.0036382980688383615, 0.09009665787766455, 0.014335944893631837, 0.03226348777972842, 0.015669327119999906, 0.022462490006850456, 0.011935207576405508]</VALUES>
		<LCS_MIN>[0.12458857148885727, 0.12546302378177643, 0.1132577657699585, 0.07025256007909775, 0.014722911641001701, 0.005225749220699072]</LCS_MIN>
		<LCS_MAX>[0.14409887790679932, 0.15053118765354156, 0.1475948691368103, 0.1494985669851303, 0.08487621694803238, 0.07239004224538803]</LCS_MAX>
		<WAVELENGTH>[0.485, 0.56, 0.66, 0.83, 1.65, 2.215]</WAVELENGTH>
		<MEAN_VALUE>[0.13118443572933147, 0.1355663034197979, 0.12250796475346565, 0.09009665787766455, 0.03226348777972842, 0.022462490006850456]</MEAN_VALUE>
		<CHECKBOX>2</CHECKBOX>
		<SD>[0.002402843356286252, 0.0029001908037811276, 0.0036382980688383615, 0.014335944893631837, 0.015669327119999906, 0.011935207576405508]</SD>
		<WAVELENGTH_UNIT>E-6m</WAVELENGTH_UNIT>
		<COLOR>#81c387</COLOR>
		<COVARIANCE_MATRIX>[[5.682461051037535e-06, 3.727667035491322e-06, 3.988604021287756e-06, -3.1166241569735575e-06, -5.08689754497027e-06, -2.8071160613762913e-06], [3.727667035491322e-06, 8.561705726606306e-06, 5.510215032700216e-06, -4.116074251214741e-06, -6.805785687902244e-06, -3.610065959946951e-06], [3.988604021287756e-06, 5.510215032700216e-06, 1.2992129995836876e-05, 1.7365868188790046e-05, 1.638457615626976e-05, 1.4152064977679402e-05], [-3.1166241569735575e-06, -4.116074251214741e-06, 1.7365868188790046e-05, 0.0002259442553622648, 0.0002361971710342914, 0.00017585710156708956], [-5.08689754497027e-06, -6.805785687902244e-06, 1.638457615626976e-05, 0.0002361971710342914, 0.0002845916897058487, 0.00020889374718535691], [-2.8071160613762913e-06, -3.610065959946951e-06, 1.4152064977679402e-05, 0.00017585710156708956, 0.00020889374718535691, 0.00016724076704122126]]</COVARIANCE_MATRIX>
		<ROI_SIZE>1109</ROI_SIZE>
		<MAX_VALUE>[0.14409887790679932, 0.15053118765354156, 0.1475948691368103, 0.1494985669851303, 0.08487621694803238, 0.07239004224538803]</MAX_VALUE>
		<MIN_VALUE>[0.12458857148885727, 0.12546302378177643, 0.1132577657699585, 0.07025256007909775, 0.014722911641001701, 0.005225749220699072]</MIN_VALUE>
		<SIGNATURE_THRESHOLD_MD>0.0</SIGNATURE_THRESHOLD_MD>
		<SIGNATURE_THRESHOLD_ML>0.0</SIGNATURE_THRESHOLD_ML>
		<SIGNATURE_THRESHOLD_SAM>0.0</SIGNATURE_THRESHOLD_SAM>
	</signature>
	<signature ID="20200804_145050270452_877">
		<MACROCLASSID>1</MACROCLASSID>
		<MACROCLASSINFO>waterbody</MACROCLASSINFO>
		<CLASSID>13</CLASSID>
		<CLASSINFO>C 1</CLASSINFO>
		<VALUES>[0.11477113562256915, 0.006762936444950979, 0.10505175311731875, 0.01544751015962011, 0.08505244353327196, 0.018436066109261517, 0.08959856875761063, 0.021465191351694925, 0.03141607761957313, 0.0164605805947859, 0.01853954920064223, 0.010841153312864647]</VALUES>
		<LCS_MIN>[0.1020766943693161, 0.08159367740154266, 0.057790178805589676, 0.05374297872185707, 0.008345338515937328, 0.002172827487811446]</LCS_MIN>
		<LCS_MAX>[0.14409887790679932, 0.1599317491054535, 0.15023617446422577, 0.13298897445201874, 0.0827503576874733, 0.06323126703500748]</LCS_MAX>
		<WAVELENGTH>[0.485, 0.56, 0.66, 0.83, 1.65, 2.215]</WAVELENGTH>
		<MEAN_VALUE>[0.11477113562256915, 0.10505175311731875, 0.08505244353327196, 0.08959856875761063, 0.03141607761957313, 0.01853954920064223]</MEAN_VALUE>
		<CHECKBOX>2</CHECKBOX>
		<SD>[0.006762936444950979, 0.01544751015962011, 0.018436066109261517, 0.021465191351694925, 0.0164605805947859, 0.010841153312864647]</SD>
		<WAVELENGTH_UNIT>E-6m</WAVELENGTH_UNIT>
		<COLOR>#e9cdde</COLOR>
		<COVARIANCE_MATRIX>[[4.692839866038412e-05, 9.444966417504475e-05, 0.00010944429959636182, 3.770239345612936e-05, 3.43107822118327e-05, 2.7222820790484548e-05], [9.444966417504475e-05, 0.00022053744760341942, 0.00025314008235000074, 0.00011223471665289253, 8.922408596845344e-05, 6.641973595833406e-05], [0.00010944429959636182, 0.00025314008235000074, 0.0003089232195634395, 0.00016399705782532692, 0.00012224748206790537, 9.12216491997242e-05], [3.770239345612936e-05, 0.00011223471665289253, 0.00016399705782532692, 0.0004952855524607003, 0.0002883839188143611, 0.00017776907770894468], [3.43107822118327e-05, 8.922408596845344e-05, 0.00012224748206790537, 0.0002883839188143611, 0.00026955321663990617, 0.00017281723557971418], [2.7222820790484548e-05, 6.641973595833406e-05, 9.12216491997242e-05, 0.00017776907770894468, 0.00017281723557971418, 0.00012698375212494284]]</COVARIANCE_MATRIX>
		<ROI_SIZE>1657</ROI_SIZE>
		<MAX_VALUE>[0.14409887790679932, 0.1599317491054535, 0.15023617446422577, 0.13298897445201874, 0.0827503576874733, 0.06323126703500748]</MAX_VALUE>
		<MIN_VALUE>[0.1020766943693161, 0.08159367740154266, 0.057790178805589676, 0.05374297872185707, 0.008345338515937328, 0.002172827487811446]</MIN_VALUE>
		<SIGNATURE_THRESHOLD_MD>0.0</SIGNATURE_THRESHOLD_MD>
		<SIGNATURE_THRESHOLD_ML>0.0</SIGNATURE_THRESHOLD_ML>
		<SIGNATURE_THRESHOLD_SAM>0.0</SIGNATURE_THRESHOLD_SAM>
	</signature>
	<signature ID="20200804_145115873958_904">
		<MACROCLASSID>1</MACROCLASSID>
		<MACROCLASSINFO>waterbody</MACROCLASSINFO>
		<CLASSID>14</CLASSID>
		<CLASSINFO>C 1</CLASSINFO>
		<VALUES>[0.1529932145414681, 0.01446786168724672, 0.1604936321918991, 0.015554122595220246, 0.15179667952416961, 0.016563002417126518, 0.1593739481321698, 0.038680022301429924, 0.09325747590126662, 0.03995535977082908, 0.06563150609104791, 0.03012052695645285]</VALUES>
		<LCS_MIN>[0.11858539283275604, 0.11606243997812271, 0.09476858377456665, 0.09996980428695679, 0.03172978013753891, 0.017437439411878586]</LCS_MIN>
		<LCS_MAX>[0.19212421774864197, 0.19440048933029175, 0.18457326292991638, 0.23865032196044922, 0.1677846610546112, 0.13344848155975342]</LCS_MAX>
		<WAVELENGTH>[0.485, 0.56, 0.66, 0.83, 1.65, 2.215]</WAVELENGTH>
		<MEAN_VALUE>[0.1529932145414681, 0.1604936321918991, 0.15179667952416961, 0.1593739481321698, 0.09325747590126662, 0.06563150609104791]</MEAN_VALUE>
		<CHECKBOX>2</CHECKBOX>
		<SD>[0.01446786168724672, 0.015554122595220246, 0.016563002417126518, 0.038680022301429924, 0.03995535977082908, 0.03012052695645285]</SD>
		<WAVELENGTH_UNIT>E-6m</WAVELENGTH_UNIT>
		<COLOR>#bcba56</COLOR>
		<COVARIANCE_MATRIX>[[0.0002098013210343197, 0.0002135179820470512, 0.00022153912868816406, 0.00017758361354935914, 0.00023683848849032074, 0.0002588840143289417], [0.0002135179820470512, 0.00024248816771432757, 0.00025291211204603314, 4.1117717046290636e-05, 0.00010797178401844576, 0.00017908751033246517], [0.00022153912868816406, 0.00025291211204603314, 0.00027496516122482717, 7.603376616316382e-06, 8.819488721201196e-05, 0.00017453967302571982], [0.00017758361354935914, 4.1117717046290636e-05, 7.603376616316382e-06, 0.0014995915116742253, 0.0014848917489871383, 0.0010384803172200918], [0.00023683848849032074, 0.00010797178401844576, 8.819488721201196e-05, 0.0014848917489871383, 0.001600109157152474, 0.0011583543382585049], [0.0002588840143289417, 0.00017908751033246517, 0.00017453967302571982, 0.0010384803172200918, 0.0011583543382585049, 0.0009093365515582263]]</COVARIANCE_MATRIX>
		<ROI_SIZE>435</ROI_SIZE>
		<MAX_VALUE>[0.19212421774864197, 0.19440048933029175, 0.18457326292991638, 0.23865032196044922, 0.1677846610546112, 0.13344848155975342]</MAX_VALUE>
		<MIN_VALUE>[0.11858539283275604, 0.11606243997812271, 0.09476858377456665, 0.09996980428695679, 0.03172978013753891, 0.017437439411878586]</MIN_VALUE>
		<SIGNATURE_THRESHOLD_MD>0.0</SIGNATURE_THRESHOLD_MD>
		<SIGNATURE_THRESHOLD_ML>0.0</SIGNATURE_THRESHOLD_ML>
		<SIGNATURE_THRESHOLD_SAM>0.0</SIGNATURE_THRESHOLD_SAM>
	</signature>
	<signature ID="20200804_145159002499_563">
		<MACROCLASSID>1</MACROCLASSID>
		<MACROCLASSINFO>waterbody</MACROCLASSINFO>
		<CLASSID>15</CLASSID>
		<CLASSINFO>C 1</CLASSINFO>
		<VALUES>[0.1233086602972642, 0.004452301894791963, 0.12282857913223494, 0.007604824015237927, 0.1100253623895226, 0.011144573189334477, 0.10895355080344493, 0.020291556181748893, 0.03614435837821914, 0.015629115493989383, 0.022490765179804112, 0.009355712193506397]</VALUES>
		<LCS_MIN>[0.10958065092563629, 0.1003948301076889, 0.07363807410001755, 0.08015831559896469, 0.014722911641001701, 0.005225749220699072]</LCS_MIN>
		<LCS_MAX>[0.13359332084655762, 0.137997105717659, 0.14231222867965698, 0.16270622611045837, 0.10188308358192444, 0.07544297724962234]</LCS_MAX>
		<WAVELENGTH>[0.485, 0.56, 0.66, 0.83, 1.65, 2.215]</WAVELENGTH>
		<MEAN_VALUE>[0.1233086602972642, 0.12282857913223494, 0.1100253623895226, 0.10895355080344493, 0.03614435837821914, 0.022490765179804112]</MEAN_VALUE>
		<CHECKBOX>2</CHECKBOX>
		<SD>[0.004452301894791963, 0.007604824015237927, 0.011144573189334477, 0.020291556181748893, 0.015629115493989383, 0.009355712193506397]</SD>
		<WAVELENGTH_UNIT>E-6m</WAVELENGTH_UNIT>
		<COLOR>#c8411d</COLOR>
		<COVARIANCE_MATRIX>[[1.9842995243379846e-05, 2.9544155040639453e-05, 4.3111384002259e-05, -3.837996700895019e-05, -2.0057746951351874e-05, -1.4317120076157153e-06], [2.9544155040639453e-05, 5.78917060920503e-05, 7.756606646580622e-05, -6.531521648867056e-05, -3.497490979498252e-05, -2.5921910946635762e-06], [4.3111384002259e-05, 7.756606646580622e-05, 0.00012432683433871716, -8.417768549406901e-05, -4.608195013133809e-05, 1.0290334557794267e-06], [-3.837996700895019e-05, -6.531521648867056e-05, -8.417768549406901e-05, 0.0004121627425774932, 0.00027773913461714983, 0.00013740909344051033], [-2.0057746951351874e-05, -3.497490979498252e-05, -4.608195013133809e-05, 0.00027773913461714983, 0.00024451574427075684, 0.00012903011520393193], [-1.4317120076157153e-06, -2.5921910946635762e-06, 1.0290334557794267e-06, 0.00013740909344051033, 0.00012903011520393193, 8.761767821852118e-05]]</COVARIANCE_MATRIX>
		<ROI_SIZE>992</ROI_SIZE>
		<MAX_VALUE>[0.13359332084655762, 0.137997105717659, 0.14231222867965698, 0.16270622611045837, 0.10188308358192444, 0.07544297724962234]</MAX_VALUE>
		<MIN_VALUE>[0.10958065092563629, 0.1003948301076889, 0.07363807410001755, 0.08015831559896469, 0.014722911641001701, 0.005225749220699072]</MIN_VALUE>
		<SIGNATURE_THRESHOLD_MD>0.0</SIGNATURE_THRESHOLD_MD>
		<SIGNATURE_THRESHOLD_ML>0.0</SIGNATURE_THRESHOLD_ML>
		<SIGNATURE_THRESHOLD_SAM>0.0</SIGNATURE_THRESHOLD_SAM>
	</signature>
	<signature ID="20200804_145247022609_561">
		<MACROCLASSID>1</MACROCLASSID>
		<MACROCLASSINFO>waterbody</MACROCLASSINFO>
		<CLASSID>16</CLASSID>
		<CLASSINFO>C 1</CLASSINFO>
		<VALUES>[0.1191631771348799, 0.0023371398628751023, 0.10801760382568457, 0.002499771091924426, 0.07761735801226471, 0.0034672091131747727, 0.08643549231366114, 0.01619801478808066, 0.029185839892055362, 0.01227362041562019, 0.016007406018780958, 0.006631667827890573]</VALUES>
		<LCS_MIN>[0.10958065092563629, 0.09412776678800583, 0.06835544109344482, 0.06695064157247543, 0.014722911641001701, 0.005225749220699072]</LCS_MIN>
