<?xml version="1.0" ?>
<signaturelist MCID_LIST="[['1', 'waterbody', '#0000ff'], ['2', 'vegetation', '#00ff00'], ['3', 'bareland', '#ffaa00'], ['4', 'built-up', '#ff0000']]">
	<signature ID="20210219_141634325546_355">
		<MACROCLASSID>1</MACROCLASSID>
		<MACROCLASSINFO>waterbody</MACROCLASSINFO>
		<CLASSID>1</CLASSID>
		<CLASSINFO>C 1</CLASSINFO>
		<VALUES>[0.12622370871904998, 0.0024719072749631197, 0.12117793725187004, 0.0032854897598959343, 0.1362113938507821, 0.0050630341319772175, 0.17561443050000355, 0.005611436275578826, 0.023349037159177247, 0.008424241703508398, 0.012029200769824848, 0.006288019697000666]</VALUES>
		<LCS_MIN>[0.11258222907781601, 0.10352835059165955, 0.10269252210855484, 0.15940429270267487, 0.012597054243087769, 0.002172827487811446]</LCS_MIN>
		<LCS_MAX>[0.13359332084655762, 0.13173004984855652, 0.14231222867965698, 0.2122349888086319, 0.05936592444777489, 0.04491373896598816]</LCS_MAX>
		<WAVELENGTH>[0.485, 0.56, 0.66, 0.83, 1.65, 2.215]</WAVELENGTH>
		<MEAN_VALUE>[0.12622370871904998, 0.12117793725187004, 0.1362113938507821, 0.17561443050000355, 0.023349037159177247, 0.012029200769824848]</MEAN_VALUE>
		<CHECKBOX>2</CHECKBOX>
		<SD>[0.0024719072749631197, 0.0032854897598959343, 0.0050630341319772175, 0.005611436275578826, 0.008424241703508398, 0.006288019697000666]</SD>
		<WAVELENGTH_UNIT>E-6m</WAVELENGTH_UNIT>
		<COLOR>#3f78d3</COLOR>
		<COVARIANCE_MATRIX>[[5.879983770001736e-06, 3.7321844815019e-06, 6.537475587809884e-06, -1.4567926971538625e-06, -3.1416399837263587e-06, -7.437296726663458e-07], [3.7321844815019e-06, 1.0138093621229301e-05, 1.1105182153527169e-05, -2.8942300161350545e-06, -7.162841182098132e-06, -2.366397458943701e-06], [6.537475587809884e-06, 1.1105182153527169e-05, 2.5496258779836123e-05, -1.23322110557821e-05, -2.4424404909129316e-05, -1.2356984497438899e-05], [-1.4567926971538625e-06, -2.8942300161350545e-06, -1.23322110557821e-05, 3.719700179489724e-05, 3.027051773074168e-05, 1.7402790860827253e-05], [-3.1416399837263587e-06, -7.162841182098132e-06, -2.4424404909129316e-05, 3.027051773074168e-05, 7.320015609524886e-05, 4.691906177618727e-05], [-7.437296726663458e-07, -2.366397458943701e-06, -1.2356984497438899e-05, 1.7402790860827253e-05, 4.691906177618727e-05, 4.1413898779236404e-05]]</COVARIANCE_MATRIX>
		<ROI_SIZE>1630</ROI_SIZE>
		<MAX_VALUE>[0.13359332084655762, 0.13173004984855652, 0.14231222867965698, 0.2122349888086319, 0.05936592444777489, 0.04491373896598816]</MAX_VALUE>
		<MIN_VALUE>[0.11258222907781601, 0.10352835059165955, 0.10269252210855484, 0.15940429270267487, 0.012597054243087769, 0.002172827487811446]</MIN_VALUE>
		<SIGNATURE_THRESHOLD_MD>0</SIGNATURE_THRESHOLD_MD>
		<SIGNATURE_THRESHOLD_ML>0</SIGNATURE_THRESHOLD_ML>
		<SIGNATURE_THRESHOLD_SAM>0</SIGNATURE_THRESHOLD_SAM>
	</signature>
	<signature ID="20210219_141640281960_784">
		<MACROCLASSID>1</MACROCLASSID>
		<MACROCLASSINFO>waterbody</MACROCLASSINFO>
		<CLASSID>2</CLASSID>
		<CLASSINFO>C 1</CLASSINFO>
		<VALUES>[0.1256310364116214, 0.0022017418335488637, 0.12069079019649774, 0.0030575057983572742, 0.1336343833161685, 0.004670061930324992, 0.1739960155801144, 0.005408081469717349, 0.024388988089641742, 0.00870583614061207, 0.012757511345665903, 0.006785139451006884]</VALUES>
		<LCS_MIN>[0.11708460748195648, 0.10979538410902023, 0.10797515511512756, 0.15940429270267487, 0.008345338515937328, 0.002172827487811446]</LCS_MIN>
		<LCS_MAX>[0.13209253549575806, 0.12859654426574707, 0.14495354890823364, 0.20893307030200958, 0.05936592444777489, 0.04186082258820534]</LCS_MAX>
		<WAVELENGTH>[0.485, 0.56, 0.66, 0.83, 1.65, 2.215]</WAVELENGTH>
		<MEAN_VALUE>[0.1256310364116214, 0.12069079019649774, 0.1336343833161685, 0.1739960155801144, 0.024388988089641742, 0.012757511345665903]</MEAN_VALUE>
		<CHECKBOX>2</CHECKBOX>
		<SD>[0.0022017418335488637, 0.0030575057983572742, 0.004670061930324992, 0.005408081469717349, 0.00870583614061207, 0.006785139451006884]</SD>
		<WAVELENGTH_UNIT>E-6m</WAVELENGTH_UNIT>
		<COLOR>#9ece23</COLOR>
		<COVARIANCE_MATRIX>[[4.915121792530818e-06, 3.18215761755499e-06, 5.4062163804620765e-06, -2.710807921024919e-06, -4.7282000296501815e-06, -2.0069607924950303e-06], [3.18215761755499e-06, 9.10862343898531e-06, 9.67420809178992e-06, -4.006655501215165e-06, -7.89539398212901e-06, -3.506545319351828e-06], [5.4062163804620765e-06, 9.67420809178992e-06, 2.205803038709994e-05, -1.3642131557198772e-05, -2.311382535499079e-05, -1.1921825943134712e-05], [-2.710807921024919e-06, -4.006655501215165e-06, -1.3642131557198772e-05, 2.963349235221497e-05, 3.1372906070681554e-05, 1.8464954950097193e-05], [-4.7282000296501815e-06, -7.89539398212901e-06, -2.311382535499079e-05, 3.1372906070681554e-05, 7.890392125113053e-05, 5.164634309832847e-05], [-2.0069607924950303e-06, -3.506545319351828e-06, -1.1921825943134712e-05, 1.8464954950097193e-05, 5.164634309832847e-05, 4.6522833423225573e-05]]</COVARIANCE_MATRIX>
		<ROI_SIZE>1415</ROI_SIZE>
		<MAX_VALUE>[0.13209253549575806, 0.12859654426574707, 0.14495354890823364, 0.20893307030200958, 0.05936592444777489, 0.04186082258820534]</MAX_VALUE>
		<MIN_VALUE>[0.11708460748195648, 0.10979538410902023, 0.10797515511512756, 0.15940429270267487, 0.008345338515937328, 0.002172827487811446]</MIN_VALUE>
		<SIGNATURE_THRESHOLD_MD>0</SIGNATURE_THRESHOLD_MD>
		<SIGNATURE_THRESHOLD_ML>0</SIGNATURE_THRESHOLD_ML>
		<SIGNATURE_THRESHOLD_SAM>0</SIGNATURE_THRESHOLD_SAM>
	</signature>
	<signature ID="20210219_141646157985_405">
		<MACROCLASSID>1</MACROCLASSID>
		<MACROCLASSINFO>waterbody</MACROCLASSINFO>
		<CLASSID>3</CLASSID>
		<CLASSINFO>C 1</CLASSINFO>
		<VALUES>[0.1278736369477379, 0.002642364756158059, 0.12497557924853439, 0.004404587896229055, 0.14109722958670715, 0.007571542448850176, 0.1916750426756013, 0.009721678268591064, 0.025423063093589417, 0.007822142661308462, 0.012491705872428918, 0.005698824781299264]</VALUES>
		<LCS_MIN>[0.11858539283275604, 0.106661856174469, 0.11061646789312363, 0.1494985669851303, 0.012597054243087769, 0.002172827487811446]</LCS_MIN>
		<LCS_MAX>[0.13359332084655762, 0.13173004984855652, 0.15023617446422577, 0.22544264793395996, 0.057240068912506104, 0.04186082258820534]</LCS_MAX>
		<WAVELENGTH>[0.485, 0.56, 0.66, 0.83, 1.65, 2.215]</WAVELENGTH>
		<MEAN_VALUE>[0.1278736369477379, 0.12497557924853439, 0.14109722958670715, 0.1916750426756013, 0.025423063093589417, 0.012491705872428918]</MEAN_VALUE>
		<CHECKBOX>2</CHECKBOX>
		<SD>[0.002642364756158059, 0.004404587896229055, 0.007571542448850176, 0.009721678268591064, 0.007822142661308462, 0.005698824781299264]</SD>
		<WAVELENGTH_UNIT>E-6m</WAVELENGTH_UNIT>
		<COLOR>#f1c0a7</COLOR>
		<COVARIANCE_MATRIX>[[6.99764181974115e-06, 7.87868742738884e-06, 1.4453381411863153e-05, 1.0245025000785765e-05, -4.084607100990262e-06, -1.421479547688987e-06], [7.87868742738884e-06, 1.9443602541254528e-05, 2.886314009410468e-05, 2.124940620194621e-05, -1.0068817804173176e-05, -5.24982009537066e-06], [1.4453381411863153e-05, 2.886314009410468e-05, 5.7455934910095925e-05, 3.041962010276842e-05, -2.5550388173806928e-05, -1.3295989035441152e-05], [1.0245025000785765e-05, 2.124940620194621e-05, 3.041962010276842e-05, 9.472152062605297e-05, 2.3941026667940253e-05, 1.0411872333969895e-05], [-4.084607100990262e-06, -1.0068817804173176e-05, -2.5550388173806928e-05, 2.3941026667940253e-05, 6.132218734128695e-05, 3.4550636637681896e-05], [-1.421479547688987e-06, -5.24982009537066e-06, -1.3295989035441152e-05, 1.0411872333969895e-05, 3.4550636637681896e-05, 3.254893485429349e-05]]</COVARIANCE_MATRIX>
		<ROI_SIZE>450</ROI_SIZE>
		<MAX_VALUE>[0.13359332084655762, 0.13173004984855652, 0.15023617446422577, 0.22544264793395996, 0.057240068912506104, 0.04186082258820534]</MAX_VALUE>
		<MIN_VALUE>[0.11858539283275604, 0.106661856174469, 0.11061646789312363, 0.1494985669851303, 0.012597054243087769, 0.002172827487811446]</MIN_VALUE>
		<SIGNATURE_THRESHOLD_MD>0</SIGNATURE_THRESHOLD_MD>
		<SIGNATURE_THRESHOLD_ML>0</SIGNATURE_THRESHOLD_ML>
		<SIGNATURE_THRESHOLD_SAM>0</SIGNATURE_THRESHOLD_SAM>
	</signature>
	<signature ID="20210219_141654033076_734">
		<MACROCLASSID>1</MACROCLASSID>
		<MACROCLASSINFO>waterbody</MACROCLASSINFO>
		<CLASSID>4</CLASSID>
		<CLASSINFO>C 1</CLASSINFO>
		<VALUES>[0.13988391445441678, 0.00582960037172833, 0.134935744720878, 0.005746494721372294, 0.1427828685261985, 0.007581333707097828, 0.21362378586422315, 0.013011621691317244, 0.0810264840947859, 0.018411882134215594, 0.051722684509374894, 0.01319280475030828]</VALUES>
		<LCS_MIN>[0.12458857148885727, 0.11606243997812271, 0.1132577657699585, 0.18581964075565338, 0.057240068912506104, 0.026596207171678543]</LCS_MIN>
		<LCS_MAX>[0.1771162748336792, 0.16306528449058533, 0.16608406603336334, 0.2551599442958832, 0.13377094268798828, 0.09376050531864166]</LCS_MAX>
		<WAVELENGTH>[0.485, 0.56, 0.66, 0.83, 1.65, 2.215]</WAVELENGTH>
		<MEAN_VALUE>[0.13988391445441678, 0.134935744720878, 0.1427828685261985, 0.21362378586422315, 0.0810264840947859, 0.051722684509374894]</MEAN_VALUE>
		<CHECKBOX>2</CHECKBOX>
		<SD>[0.00582960037172833, 0.005746494721372294, 0.007581333707097828, 0.013011621691317244, 0.018411882134215594, 0.01319280475030828]</SD>
		<WAVELENGTH_UNIT>E-6m</WAVELENGTH_UNIT>
		<COLOR>#dda802</COLOR>
		<COVARIANCE_MATRIX>[[3.40254835043634e-05, 2.902337016352951e-05, 2.744463352986343e-05, 4.335778139240162e-05, 3.73800914268074e-05, 2.96683404144901e-05], [2.902337016352951e-05, 3.3062277070117334e-05, 3.3966420058803e-05, 3.522131626150176e-05, 1.9510580789843733e-05, 1.8814968240926173e-05], [2.744463352986343e-05, 3.3966420058803e-05, 5.7546373958934024e-05, 5.812537090881736e-06, -3.777077558749395e-05, -1.6057522335700326e-05], [4.335778139240162e-05, 3.522131626150176e-05, 5.812537090881736e-06, 0.0001695077629931007, 0.000180207738795844, 0.00012423331212016298], [3.73800914268074e-05, 1.9510580789843733e-05, -3.777077558749395e-05, 0.000180207738795844, 0.00033940880834041747, 0.00023050863108188793], [2.96683404144901e-05, 1.8814968240926173e-05, -1.6057522335700326e-05, 0.00012423331212016298, 0.00023050863108188793, 0.00017426132302584833]]</COVARIANCE_MATRIX>
		<ROI_SIZE>825</ROI_SIZE>
		<MAX_VALUE>[0.1771162748336792, 0.16306528449058533, 0.16608406603336334, 0.2551599442958832, 0.13377094268798828, 0.09376050531864166]</MAX_VALUE>
		<MIN_VALUE>[0.12458857148885727, 0.11606243997812271, 0.1132577657699585, 0.18581964075565338, 0.057240068912506104, 0.026596207171678543]</MIN_VALUE>
		<SIGNATURE_THRESHOLD_MD>0</SIGNATURE_THRESHOLD_MD>
		<SIGNATURE_THRESHOLD_ML>0</SIGNATURE_THRESHOLD_ML>
		<SIGNATURE_THRESHOLD_SAM>0</SIGNATURE_THRESHOLD_SAM>
	</signature>
	<signature ID="20210219_141707150595_582">
		<MACROCLASSID>1</MACROCLASSID>
		<MACROCLASSINFO>waterbody</MACROCLASSINFO>
		<CLASSID>5</CLASSID>
		<CLASSINFO>C 1</CLASSINFO>
		<VALUES>[0.12050829012878236, 0.0027116836509921112, 0.11855946015566586, 0.0046073088405795435, 0.10277506348211317, 0.006452474360254221, 0.09119909116998311, 0.01722878777895072, 0.0414954345615115, 0.015616008616123478, 0.026977822795743123, 0.011581254824889848]</VALUES>
		<LCS_MIN>[0.11408302932977676, 0.106661856174469, 0.08684463053941727, 0.06695064157247543, 0.023226343095302582, 0.008278673514723778]</LCS_MIN>
		<LCS_MAX>[0.12909094989299774, 0.13486358523368835, 0.12382303923368454, 0.13629089295864105, 0.07424693554639816, 0.060178350657224655]</LCS_MAX>
		<WAVELENGTH>[0.485, 0.56, 0.66, 0.83, 1.65, 2.215]</WAVELENGTH>
		<MEAN_VALUE>[0.12050829012878236, 0.11855946015566586, 0.10277506348211317, 0.09119909116998311, 0.0414954345615115, 0.026977822795743123]</MEAN_VALUE>
		<CHECKBOX>2</CHECKBOX>
		<SD>[0.0027116836509921112, 0.0046073088405795435, 0.006452474360254221, 0.01722878777895072, 0.015616008616123478, 0.011581254824889848]</SD>
		<WAVELENGTH_UNIT>E-6m</WAVELENGTH_UNIT>
		<COLOR>#e1a2d6</COLOR>
		<COVARIANCE_MATRIX>[[7.469946131360399e-06, 7.886939889879708e-06, 1.2171412784696224e-05, -9.925731859664386e-06, 3.196851715329524e-07, 3.981811607564114e-06], [7.886939889879708e-06, 2.1564235939029706e-05, 2.5540119148781657e-05, -2.620015437799763e-05, 8.161869892582966e-07, 7.383616245991362e-06], [1.2171412784696224e-05, 2.5540119148781657e-05, 4.2295289264495875e-05, -3.013555400914522e-05, 5.8657339396873825e-06, 1.4175520989812722e-05], [-9.925731859664386e-06, -2.620015437799763e-05, -3.013555400914522e-05, 0.000301542733543743, 0.00022817942157930842, 0.0001246861301162145], [3.196851715329524e-07, 8.161869892582966e-07, 5.8657339396873825e-06, 0.00022817942157930842, 0.00024773051438612586, 0.000148061377497679], [3.981811607564114e-06, 7.383616245991362e-06, 1.4175520989812722e-05, 0.0001246861301162145, 0.000148061377497679, 0.00013625443892727304]]</COVARIANCE_MATRIX>
		<ROI_SIZE>64</ROI_SIZE>
		<MAX_VALUE>[0.12909094989299774, 0.13486358523368835, 0.12382303923368454, 0.13629089295864105, 0.07424693554639816, 0.060178350657224655]</MAX_VALUE>
		<MIN_VALUE>[0.11408302932977676, 0.106661856174469, 0.08684463053941727, 0.06695064157247543, 0.023226343095302582, 0.008278673514723778]</MIN_VALUE>
		<SIGNATURE_THRESHOLD_MD>0</SIGNATURE_THRESHOLD_MD>
		<SIGNATURE_THRESHOLD_ML>0</SIGNATURE_THRESHOLD_ML>
		<SIGNATURE_THRESHOLD_SAM>0</SIGNATURE_THRESHOLD_SAM>
	</signature>
	<signature ID="20210219_141722743265_372">
		<MACROCLASSID>1</MACROCLASSID>
		<MACROCLASSINFO>waterbody</MACROCLASSINFO>
		<CLASSID>6</CLASSID>
		<CLASSINFO>C 1</CLASSINFO>
		<VALUES>[0.12464665042542093, 0.002590736877548431, 0.13093697541500018, 0.003434635083535681, 0.12168463389893805, 0.005191463312853231, 0.08180926537758247, 0.0073678641028035105, 0.01937281442935876, 0.0075981243658265465, 0.010754036699636524, 0.005622587526918954]</VALUES>
		<LCS_MIN>[0.11708460748195648, 0.106661856174469, 0.08156201243400574, 0.06695064157247543, 0.008345338515937328, 0.0]</LCS_MIN>
		<LCS_MAX>[0.13359332084655762, 0.137997105717659, 0.1343882828950882, 0.11978130787611008, 0.05298834666609764, 0.03880790248513222]</LCS_MAX>
		<WAVELENGTH>[0.485, 0.56, 0.66, 0.83, 1.65, 2.215]</WAVELENGTH>
		<MEAN_VALUE>[0.12464665042542093, 0.13093697541500018, 0.12168463389893805, 0.08180926537758247, 0.01937281442935876, 0.010754036699636524]</MEAN_VALUE>
		<CHECKBOX>2</CHECKBOX>
		<SD>[0.002590736877548431, 0.003434635083535681, 0.005191463312853231, 0.0073678641028035105, 0.0075981243658265465, 0.005622587526918954]</SD>
		<WAVELENGTH_UNIT>E-6m</WAVELENGTH_UNIT>
		<COLOR>#6da07b</COLOR>
		<COVARIANCE_MATRIX>[[6.4921849278063105e-06, 4.512608825195291e-06, 6.611102548377016e-06, 5.5347724684169075e-06, 2.9231709394379905e-06, 1.880721958048695e-06], [4.512608825195291e-06, 1.2459262288241042e-05, 1.4613281009941801e-05, 5.675308696218247e-06, -5.094875794873513e-07, -3.8935285249279874e-07], [6.611102548377016e-06, 1.4613281009941801e-05, 2.7330687786730934e-05, 1.0359685019928167e-05, 4.144687479769285e-09, 4.5477584896044994e-07], [5.5347724684169075e-06, 5.675308696218247e-06, 1.0359685019928167e-05, 5.87041043010887e-05, 4.535839654896019e-05, 2.9703620571523825e-05], [2.9231709394379905e-06, -5.094875794873513e-07, 4.144687479769285e-09, 4.535839654896019e-05, 5.76196591643299e-05, 3.672922034321144e-05], [1.880721958048695e-06, -3.8935285249279874e-07, 4.5477584896044994e-07, 2.9703620571523825e-05, 3.672922034321144e-05, 3.2637304995713106e-05]]</COVARIANCE_MATRIX>
		<ROI_SIZE>2025</ROI_SIZE>
		<MAX_VALUE>[0.13359332084655762, 0.137997105717659, 0.1343882828950882, 0.11978130787611008, 0.05298834666609764, 0.03880790248513222]</MAX_VALUE>
		<MIN_VALUE>[0.11708460748195648, 0.106661856174469, 0.08156201243400574, 0.06695064157247543, 0.008345338515937328, 0.0]</MIN_VALUE>
		<SIGNATURE_THRESHOLD_MD>0</SIGNATURE_THRESHOLD_MD>
		<SIGNATURE_THRESHOLD_ML>0</SIGNATURE_THRESHOLD_ML>
		<SIGNATURE_THRESHOLD_SAM>0</SIGNATURE_THRESHOLD_SAM>
	</signature>
	<signature ID="20210219_141728661075_951">
		<MACROCLASSID>1</MACROCLASSID>
		<MACROCLASSINFO>waterbody</MACROCLASSINFO>
		<CLASSID>7</CLASSID>
		<CLASSINFO>C 1</CLASSINFO>
		<VALUES>[0.11500508610738851, 0.0024171657184048423, 0.10303490604311512, 0.005335229025522152, 0.07639073588817814, 0.006116303233714489, 0.061491116551106166, 0.008719116956186388, 0.015661294329264802, 0.006113963455727049, 0.008570216308444305, 0.004144197166181348]</VALUES>
		<LCS_MIN>[0.10657905787229538, 0.08786072582006454, 0.0630728155374527, 0.05044105648994446, 0.004093623254448175, 0.0]</LCS_MIN>
		<LCS_MAX>[0.12608936429023743, 0.12546302378177643, 0.10269252210855484, 0.09336598217487335, 0.04873663932085037, 0.03880790248513222]</LCS_MAX>
		<WAVELENGTH>[0.485, 0.56, 0.66, 0.83, 1.65, 2.215]</WAVELENGTH>
		<MEAN_VALUE>[0.11500508610738851, 0.10303490604311512, 0.07639073588817814, 0.061491116551106166, 0.015661294329264802, 0.008570216308444305]</MEAN_VALUE>
		<CHECKBOX>2</CHECKBOX>
		<SD>[0.0024171657184048423, 0.005335229025522152, 0.006116303233714489, 0.008719116956186388, 0.006113963455727049, 0.004144197166181348]</SD>
		<WAVELENGTH_UNIT>E-6m</WAVELENGTH_UNIT>
		<COLOR>#2a1aca</COLOR>
		<COVARIANCE_MATRIX>[[5.714147456074204e-06, 8.491341090474503e-06, 1.0042714042261111e-05, 5.4721357554331446e-06, 2.5823474281806822e-06, 1.553652316626265e-06], [8.491341090474503e-06, 3.154020212266087e-05, 2.91722434191802e-05, 1.4736254860142761e-05, 6.3307974146780945e-06, 3.5014652236389763e-06], [1.0042714042261111e-05, 2.91722434191802e-05, 3.872416830169713e-05, 2.3078462413505166e-05, 1.124478357121237e-05, 6.700679999858372e-06], [5.4721357554331446e-06, 1.4736254860142761e-05, 2.3078462413505166e-05, 7.542667215576714e-05, 4.013942240096415e-05, 2.0246731367463467e-05], [2.5823474281806822e-06, 6.3307974146780945e-06, 1.124478357121237e-05, 4.013942240096415e-05, 3.330170169794514e-05, 1.650541311019971e-05], [1.553652316626265e-06, 3.5014652236389763e-06, 6.700679999858372e-06, 2.0246731367463467e-05, 1.650541311019971e-05, 1.519223005514038e-05]]</COVARIANCE_MATRIX>
		<ROI_SIZE>3242</ROI_SIZE>
		<MAX_VALUE>[0.12608936429023743, 0.12546302378177643, 0.10269252210855484, 0.09336598217487335, 0.04873663932085037, 0.03880790248513222]</MAX_VALUE>
		<MIN_VALUE>[0.10657905787229538, 0.08786072582006454, 0.0630728155374527, 0.05044105648994446, 0.004093623254448175, 0.0]</MIN_VALUE>
		<SIGNATURE_THRESHOLD_MD>0</SIGNATURE_THRESHOLD_MD>
		<SIGNATURE_THRESHOLD_ML>0</SIGNATURE_THRESHOLD_ML>
		<SIGNATURE_THRESHOLD_SAM>0</SIGNATURE_THRESHOLD_SAM>
	</signature>
	<signature ID="20210219_142058994149_912">
		<MACROCLASSID>1</MACROCLASSID>
		<MACROCLASSINFO>waterbody</MACROCLASSINFO>
		<CLASSID>8</CLASSID>
		<CLASSINFO>C 1</CLASSINFO>
		<VALUES>[0.12180912381017892, 0.0026358428815420457, 0.12630013024790815, 0.003416204126850262, 0.11225178828362091, 0.0031172478789832634, 0.06836617173163045, 0.006630132018909293, 0.018876776634211157, 0.007125094419001479, 0.01176222346513785, 0.0060572481072507026]</VALUES>
		<LCS_MIN>[0.11408302932977676, 0.11606243997812271, 0.10005120933055878, 0.05704489350318909, 0.006219480652362108, 0.0]</LCS_MIN>
		<LCS_MAX>[0.13209253549575806, 0.137997105717659, 0.1264643520116806, 0.1032717227935791, 0.05086249113082886, 0.04796666279435158]</LCS_MAX>
		<WAVELENGTH>[0.485, 0.56, 0.66, 0.83, 1.65, 2.215]</WAVELENGTH>
		<MEAN_VALUE>[0.12180912381017892, 0.12630013024790815, 0.11225178828362091, 0.06836617173163045, 0.018876776634211157, 0.01176222346513785]</MEAN_VALUE>
		<CHECKBOX>2</CHECKBOX>
		<SD>[0.0026358428815420457, 0.003416204126850262, 0.0031172478789832634, 0.006630132018909293, 0.007125094419001479, 0.0060572481072507026]</SD>
		<WAVELENGTH_UNIT>E-6m</WAVELENGTH_UNIT>
		<COLOR>#26c0f6</COLOR>
		<COVARIANCE_MATRIX>[[8.566750621028564e-06, 7.96101346508804e-06, 6.050725200495957e-06, 6.28150179189859e-06, 7.322401383861939e-06, 5.7799912795039e-06], [7.96101346508804e-06, 1.5975960214306605e-05, 9.45251767553669e-06, 6.181723355816411e-06, 6.457475917646985e-06, 5.135314544899151e-06], [6.050725200495957e-06, 9.45251767553669e-06, 1.424643603243574e-05, 1.0103192578836814e-05, 7.358978860570248e-06, 6.128981233930415e-06], [6.28150179189859e-06, 6.181723355816411e-06, 1.0103192578836814e-05, 4.515477634078229e-05, 3.614119948137837e-05, 2.6928429213133948e-05], [7.322401383861939e-06, 6.457475917646985e-06, 7.358978860570248e-06, 3.614119948137837e-05, 4.953857582255769e-05, 3.638039609718737e-05], [5.7799912795039e-06, 5.135314544899151e-06, 6.128981233930415e-06, 2.6928429213133948e-05, 3.638039609718737e-05, 3.736090589744273e-05]]</COVARIANCE_MATRIX>
		<ROI_SIZE>1941</ROI_SIZE>
		<MAX_VALUE>[0.13209253549575806, 0.137997105717659, 0.1264643520116806, 0.1032717227935791, 0.05086249113082886, 0.04796666279435158]</MAX_VALUE>
		<MIN_VALUE>[0.11408302932977676, 0.11606243997812271, 0.10005120933055878, 0.05704489350318909, 0.006219480652362108, 0.0]</MIN_VALUE>
		<SIGNATURE_THRESHOLD_MD>0</SIGNATURE_THRESHOLD_MD>
		<SIGNATURE_THRESHOLD_ML>0</SIGNATURE_THRESHOLD_ML>
		<SIGNATURE_THRESHOLD_SAM>0</SIGNATURE_THRESHOLD_SAM>
	</signature>
	<signature ID="20210219_142109708832_901">
		<MACROCLASSID>1</MACROCLASSID>
		<MACROCLASSINFO>waterbody</MACROCLASSINFO>
		<CLASSID>9</CLASSID>
		<CLASSINFO>C 1</CLASSINFO>
		<VALUES>[0.10737903036373452, 0.0027572496539586136, 0.08113183964750793, 0.0034815759098436963, 0.05264673177216885, 0.003694772613747987, 0.0553315249465495, 0.011541400142075548, 0.014652293731087555, 0.007251569104552492, 0.007877309724411885, 0.0045201470237511985]</VALUES>
		<LCS_MIN>[0.10057589411735535, 0.0690595805644989, 0.04458361491560936, 0.04053530469536781, 0.004093623254448175, 0.0]</LCS_MIN>
		<LCS_MAX>[0.11858539283275604, 0.09412776678800583, 0.06571412831544876, 0.08676213771104813, 0.04661078006029129, 0.026596207171678543]</LCS_MAX>
		<WAVELENGTH>[0.485, 0.56, 0.66, 0.83, 1.65, 2.215]</WAVELENGTH>
		<MEAN_VALUE>[0.10737903036373452, 0.08113183964750793, 0.05264673177216885, 0.0553315249465495, 0.014652293731087555, 0.007877309724411885]</MEAN_VALUE>
		<CHECKBOX>2</CHECKBOX>
		<SD>[0.0027572496539586136, 0.0034815759098436963, 0.003694772613747987, 0.011541400142075548, 0.007251569104552492, 0.0045201470237511985]</SD>
		<WAVELENGTH_UNIT>E-6m</WAVELENGTH_UNIT>
		<COLOR>#2e9fdb</COLOR>
		<COVARIANCE_MATRIX>[[6.086270422732251e-06, 4.7438940951161594e-06, 4.9982908633900795e-06, 1.360052878668607e-05, 8.340308725412298e-06, 4.782339743870117e-06], [4.7438940951161594e-06, 1.0094862882351516e-05, 7.958649306271406e-06, 2.1250232184762144e-05, 1.2353110574780606e-05, 6.803551570618568e-06], [4.9982908633900795e-06, 7.958649306271406e-06, 1.1053528590088362e-05, 2.4747701728153394e-05, 1.4279049903462385e-05, 7.905936140157974e-06], [1.360052878668607e-05, 2.1250232184762144e-05, 2.4747701728153394e-05, 9.93856704183514e-05, 5.457124911718363e-05, 2.8403693067333757e-05], [8.340308725412298e-06, 1.2353110574780606e-05, 1.4279049903462385e-05, 5.457124911718363e-05, 3.9068856806078404e-05, 1.891812915815762e-05], [4.782339743870117e-06, 6.803551570618568e-06, 7.905936140157974e-06, 2.8403693067333757e-05, 1.891812915815762e-05, 1.601800542956335e-05]]</COVARIANCE_MATRIX>
		<ROI_SIZE>8412</ROI_SIZE>
		<MAX_VALUE>[0.11858539283275604, 0.09412776678800583, 0.06571412831544876, 0.08676213771104813, 0.04661078006029129, 0.026596207171678543]</MAX_VALUE>
		<MIN_VALUE>[0.10057589411735535, 0.0690595805644989, 0.04458361491560936, 0.04053530469536781, 0.004093623254448175, 0.0]</MIN_VALUE>
		<SIGNATURE_THRESHOLD_MD>0</SIGNATURE_THRESHOLD_MD>
		<SIGNATURE_THRESHOLD_ML>0</SIGNATURE_THRESHOLD_ML>
		<SIGNATURE_THRESHOLD_SAM>0</SIGNATURE_THRESHOLD_SAM>
	</signature>
	<signature ID="20210219_142120142849_415">
		<MACROCLASSID>1</MACROCLASSID>
		<MACROCLASSINFO>waterbody</MACROCLASSINFO>
		<CLASSID>10</CLASSID>
		<CLASSINFO>C 1</CLASSINFO>
		<VALUES>[0.10539302352085843, 0.0017851014114861992, 0.07576352303038299, 0.0019673736451101143, 0.049362428455327186, 0.0017905491455409283, 0.04854712309135453, 0.006925768439766956, 0.012960146128352945, 0.004189442955516405, 0.0074807852210414215, 0.002977499953028634]</VALUES>
		<LCS_MIN>[0.10057589411735535, 0.0690595805644989, 0.04458361491560936, 0.030629558488726616, 0.0019677653908729553, 0.0]</LCS_MIN>
		<LCS_MAX>[0.11258222907781601, 0.08786072582006454, 0.06043149530887604, 0.08346021920442581, 0.05086249113082886, 0.03880790248513222]</LCS_MAX>
		<WAVELENGTH>[0.485, 0.56, 0.66, 0.83, 1.65, 2.215]</WAVELENGTH>
		<MEAN_VALUE>[0.10539302352085843, 0.07576352303038299, 0.049362428455327186, 0.04854712309135453, 0.012960146128352945, 0.0074807852210414215]</MEAN_VALUE>
		<CHECKBOX>2</CHECKBOX>
		<SD>[0.0017851014114861992, 0.0019673736451101143, 0.0017905491455409283, 0.006925768439766956, 0.004189442955516405, 0.002977499953028634]</SD>
		<WAVELENGTH_UNIT>E-6m</WAVELENGTH_UNIT>
		<COLOR>#4e6823</COLOR>
		<COVARIANCE_MATRIX>[[3.122765345229029e-06, 5.330765278361765e-07, 4.602178704491077e-07, -5.84522217690684e-07, 6.715472877750404e-08, 1.2443848324450598e-07], [5.330765278361765e-07, 3.901219577564606e-06, 9.916297935079571e-07, 3.0645624602877537e-06, 1.8557392327254508e-06, 9.085613750965589e-07], [4.602178704491077e-07, 9.916297935079571e-07, 3.231033580002216e-06, 3.176312267026241e-06, 1.9484146151848565e-06, 1.0069238786684463e-06], [-5.84522217690684e-07, 3.0645624602877537e-06, 3.176312267026241e-06, 5.230471779139532e-05, 2.2043082644970114e-05, 8.55510663432778e-06], [6.715472877750404e-08, 1.8557392327254508e-06, 1.9484146151848565e-06, 2.2043082644970114e-05, 1.8534500700113683e-05, 6.75790892654675e-06], [1.2443848324450598e-07, 9.085613750965589e-07, 1.0069238786684463e-06, 8.55510663432778e-06, 6.75790892654675e-06, 8.883857046022421e-06]]</COVARIANCE_MATRIX>
		<ROI_SIZE>13769</ROI_SIZE>
		<MAX_VALUE>[0.11258222907781601, 0.08786072582006454, 0.06043149530887604, 0.08346021920442581, 0.05086249113082886, 0.03880790248513222]</MAX_VALUE>
		<MIN_VALUE>[0.10057589411735535, 0.0690595805644989, 0.04458361491560936, 0.030629558488726616, 0.0019677653908729553, 0.0]</MIN_VALUE>
		<SIGNATURE_THRESHOLD_MD>0</SIGNATURE_THRESHOLD_MD>
		<SIGNATURE_THRESHOLD_ML>0</SIGNATURE_THRESHOLD_ML>
		<SIGNATURE_THRESHOLD_SAM>0</SIGNATURE_THRESHOLD_SAM>
	</signature>
	<signature ID="20210219_142128512170_857">
		<MACROCLASSID>1</MACROCLASSID>
		<MACROCLASSINFO>waterbody</MACROCLASSINFO>
		<CLASSID>11</CLASSID>
		<CLASSINFO>C 1</CLASSINFO>
		<VALUES>[0.11995867303773479, 0.0021462229735663934, 0.11998445842585533, 0.0033205840251880293, 0.10710334527044513, 0.003728245477997603, 0.08728008865823154, 0.009209515205431028, 0.02379601776259008, 0.00833150862279147, 0.01221953673072135, 0.006148383730163285]</VALUES>
		<LCS_MIN>[0.11408302932977676, 0.10979538410902023, 0.09476858377456665, 0.07025256007909775, 0.010471196845173836, 0.002172827487811446]</LCS_MIN>
		<LCS_MAX>[0.12608936429023743, 0.12859654426574707, 0.11854040622711182, 0.11978130787611008, 0.05511421710252762, 0.03880790248513222]</LCS_MAX>
		<WAVELENGTH>[0.485, 0.56, 0.66, 0.83, 1.65, 2.215]</WAVELENGTH>
		<MEAN_VALUE>[0.11995867303773479, 0.11998445842585533, 0.10710334527044513, 0.08728008865823154, 0.02379601776259008, 0.01221953673072135]</MEAN_VALUE>
		<CHECKBOX>2</CHECKBOX>
		<SD>[0.0021462229735663934, 0.0033205840251880293, 0.003728245477997603, 0.009209515205431028, 0.00833150862279147, 0.006148383730163285]</SD>
		<WAVELENGTH_UNIT>E-6m</WAVELENGTH_UNIT>
		<COLOR>#46f0d9</COLOR>
		<COVARIANCE_MATRIX>[[4.576506151796467e-06, 3.219105317699125e-06, 4.421699359783026e-06, -4.337677835995471e-06, -5.937745904272542e-07, 1.012999473508229e-06], [3.219105317699125e-06, 9.429881487796856e-06, 8.274281789362702e-06, -1.1859428538132009e-05, -5.767159073036745e-06, -1.357558487987322e-06], [4.421699359783026e-06, 8.274281789362702e-06, 1.4471650224784898e-05, -1.5837573450729164e-05, -8.000137685267846e-06, -1.4864702951115333e-06], [-4.337677835995471e-06, -1.1859428538132009e-05, -1.5837573450729164e-05, 9.520897958267984e-05, 6.251268466423758e-05, 3.701847018381205e-05], [-5.937745904272542e-07, -5.767159073036745e-06, -8.000137685267846e-06, 6.251268466423758e-05, 6.815191460378974e-05, 3.9232756523596657e-05], [1.012999473508229e-06, -1.357558487987322e-06, -1.4864702951115333e-06, 3.701847018381205e-05, 3.9232756523596657e-05, 3.555301601541458e-05]]</COVARIANCE_MATRIX>
		<ROI_SIZE>554</ROI_SIZE>
		<MAX_VALUE>[0.12608936429023743, 0.12859654426574707, 0.11854040622711182, 0.11978130787611008, 0.05511421710252762, 0.03880790248513222]</MAX_VALUE>
		<MIN_VALUE>[0.11408302932977676, 0.10979538410902023, 0.09476858377456665, 0.07025256007909775, 0.010471196845173836, 0.002172827487811446]</MIN_VALUE>
		<SIGNATURE_THRESHOLD_MD>0</SIGNATURE_THRESHOLD_MD>
		<SIGNATURE_THRESHOLD_ML>0</SIGNATURE_THRESHOLD_ML>
		<SIGNATURE_THRESHOLD_SAM>0</SIGNATURE_THRESHOLD_SAM>
	</signature>
	<signature ID="20210219_142154460550_999">
		<MACROCLASSID>1</MACROCLASSID>
		<MACROCLASSINFO>waterbody</MACROCLASSINFO>
		<CLASSID>12</CLASSID>
		<CLASSINFO>C 1</CLASSINFO>
		<VALUES>[0.1307455813100117, 0.0021591998285003687, 0.13290628352392042, 0.0028906413748257596, 0.1393008265358598, 0.0035237299116468307, 0.1096003982499462, 0.007748654855586661, 0.02789664616846756, 0.007828465878011897, 0.019396173102564123, 0.006393882106501809]</VALUES>
		<LCS_MIN>[0.12158698588609695, 0.11919595301151276, 0.11854040622711182, 0.09336598217487335, 0.012597054243087769, 0.005225749220699072]</LCS_MIN>
		<LCS_MAX>[0.1380956918001175, 0.14113061130046844, 0.15023617446422577, 0.1494985669851303, 0.06786935776472092, 0.06323126703500748]</LCS_MAX>
		<WAVELENGTH>[0.485, 0.56, 0.66, 0.83, 1.65, 2.215]</WAVELENGTH>
		<MEAN_VALUE>[0.1307455813100117, 0.13290628352392042, 0.1393008265358598, 0.1096003982499462, 0.02789664616846756, 0.019396173102564123]</MEAN_VALUE>
		<CHECKBOX>2</CHECKBOX>
		<SD>[0.0021591998285003687, 0.0028906413748257596, 0.0035237299116468307, 0.007748654855586661, 0.007828465878011897, 0.006393882106501809]</SD>
		<WAVELENGTH_UNIT>E-6m</WAVELENGTH_UNIT>
		<COLOR>#58d797</COLOR>
		<COVARIANCE_MATRIX>[[5.117970385265759e-06, 3.4875382195066937e-06, 4.598037164704966e-06, -3.963597058532618e-06, -2.44402642590497e-06, -8.276430550572279e-07], [3.4875382195066937e-06, 9.304368404217246e-06, 8.148856464541415e-06, -8.481890239061316e-06, -7.2515286473764504e-06, -4.23942764531147e-06], [4.598037164704966e-06, 8.148856464541415e-06, 1.3884659393549075e-05, -1.1228404765772006e-05, -1.0091453643579228e-05, -5.187282450952359e-06], [-3.963597058532618e-06, -8.481890239061316e-06, -1.1228404765772006e-05, 5.456165444553689e-05, 4.638469631806383e-05, 3.2399174163382466e-05], [-2.44402642590497e-06, -7.2515286473764504e-06, -1.0091453643579228e-05, 4.638469631806383e-05, 6.296109807869027e-05, 4.3146523420566265e-05], [-8.276430550572279e-07, -4.23942764531147e-06, -5.187282450952359e-06, 3.2399174163382466e-05, 4.3146523420566265e-05, 4.1400576912157095e-05]]</COVARIANCE_MATRIX>
		<ROI_SIZE>2521</ROI_SIZE>
		<MAX_VALUE>[0.1380956918001175, 0.14113061130046844, 0.15023617446422577, 0.1494985669851303, 0.06786935776472092, 0.06323126703500748]</MAX_VALUE>
		<MIN_VALUE>[0.12158698588609695, 0.11919595301151276, 0.11854040622711182, 0.09336598217487335, 0.012597054243087769, 0.005225749220699072]</MIN_VALUE>
		<SIGNATURE_THRESHOLD_MD>0</SIGNATURE_THRESHOLD_MD>
		<SIGNATURE_THRESHOLD_ML>0</SIGNATURE_THRESHOLD_ML>
		<SIGNATURE_THRESHOLD_SAM>0</SIGNATURE_THRESHOLD_SAM>
	</signature>
	<signature ID="20210219_142202311993_965">
		<MACROCLASSID>1</MACROCLASSID>
		<MACROCLASSINFO>waterbody</MACROCLASSINFO>
		<CLASSID>13</CLASSID>
		<CLASSINFO>C 1</CLASSINFO>
		<VALUES>[0.12269533949039739, 0.004029093649018777, 0.11368545825120904, 0.007348610700371537, 0.09769454668762281, 0.0099332160541402, 0.09184880226028898, 0.013220516314915026, 0.02407526571393862, 0.008617904515679809, 0.015981116894836448, 0.006211175347732556]</VALUES>
		<LCS_MIN>[0.10807985812425613, 0.08159367740154266, 0.0630728155374527, 0.060346800833940506, 0.008345338515937328, 0.002172827487811446]</LCS_MIN>
		<LCS_MAX>[0.13359332084655762, 0.13173004984855652, 0.11854040622711182, 0.12968705594539642, 0.06361763924360275, 0.051019586622714996]</LCS_MAX>
		<WAVELENGTH>[0.485, 0.56, 0.66, 0.83, 1.65, 2.215]</WAVELENGTH>
		<MEAN_VALUE>[0.12269533949039739, 0.11368545825120904, 0.09769454668762281, 0.09184880226028898, 0.02407526571393862, 0.015981116894836448]</MEAN_VALUE>
		<CHECKBOX>2</CHECKBOX>
		<SD>[0.004029093649018777, 0.007348610700371537, 0.0099332160541402, 0.013220516314915026, 0.008617904515679809, 0.006211175347732556]</SD>
		<WAVELENGTH_UNIT>E-6m</WAVELENGTH_UNIT>
		<COLOR>#197894</COLOR>
		<COVARIANCE_MATRIX>[[1.6247168873058775e-05, 2.54192108611555e-05, 3.476753393961804e-05, 3.211883490500417e-06, 5.1778226897184316e-06, 5.15142859949138e-06], [2.54192108611555e-05, 5.404723146577073e-05, 6.775516996958793e-05, 8.666527000224585e-06, 8.023746779105503e-06, 7.781583371850519e-06], [3.476753393961804e-05, 6.775516996958793e-05, 9.875128015914659e-05, 1.740833108379456e-05, 1.2354471924323913e-05, 1.2328443539147758e-05], [3.211883490500417e-06, 8.666527000224585e-06, 1.740833108379456e-05, 0.0001749281904720922, 7.282710617492054e-05, 4.199618498697014e-05], [5.1778226897184316e-06, 8.023746779105503e-06, 1.2354471924323913e-05, 7.282710617492054e-05, 7.433037546398425e-05, 4.4888004760557645e-05], [5.15142859949138e-06, 7.781583371850519e-06, 1.2328443539147758e-05, 4.199618498697014e-05, 4.4888004760557645e-05, 3.861095563773904e-05]]</COVARIANCE_MATRIX>
		<ROI_SIZE>1197</ROI_SIZE>
		<MAX_VALUE>[0.13359332084655762, 0.13173004984855652, 0.11854040622711182, 0.12968705594539642, 0.06361763924360275, 0.051019586622714996]</MAX_VALUE>
		<MIN_VALUE>[0.10807985812425613, 0.08159367740154266, 0.0630728155374527, 0.060346800833940506, 0.008345338515937328, 0.002172827487811446]</MIN_VALUE>
		<SIGNATURE_THRESHOLD_MD>0</SIGNATURE_THRESHOLD_MD>
		<SIGNATURE_THRESHOLD_ML>0</SIGNATURE_THRESHOLD_ML>
		<SIGNATURE_THRESHOLD_SAM>0</SIGNATURE_THRESHOLD_SAM>
	</signature>
	<signature ID="20210219_142220669801_550">
		<MACROCLASSID>1</MACROCLASSID>
		<MACROCLASSINFO>waterbody</MACROCLASSINFO>
		<CLASSID>14</CLASSID>
		<CLASSINFO>C 1</CLASSINFO>
		<VALUES>[0.13165635831238692, 0.00283674063482479, 0.13438035604297588, 0.0038611446164104305, 0.12000049070884888, 0.004872213197179322, 0.09109027555581382, 0.011363628424419658, 0.0324560463393145, 0.012944887863146055, 0.02237354122237044, 0.009896924392616514]</VALUES>
		<LCS_MIN>[0.12158698588609695, 0.11606243997812271, 0.09212727099657059, 0.06695064157247543, 0.012597054243087769, 0.005225749220699072]</LCS_MIN>
		<LCS_MAX>[0.1410972774028778, 0.14739765226840973, 0.13702961802482605, 0.12308322638273239, 0.06786935776472092, 0.054072510451078415]</LCS_MAX>
		<WAVELENGTH>[0.485, 0.56, 0.66, 0.83, 1.65, 2.215]</WAVELENGTH>
		<MEAN_VALUE>[0.13165635831238692, 0.13438035604297588, 0.12000049070884888, 0.09109027555581382, 0.0324560463393145, 0.02237354122237044]</MEAN_VALUE>
		<CHECKBOX>2</CHECKBOX>
		<SD>[0.00283674063482479, 0.0038611446164104305, 0.004872213197179322, 0.011363628424419658, 0.012944887863146055, 0.009896924392616514]</SD>
		<WAVELENGTH_UNIT>E-6m</WAVELENGTH_UNIT>
		<COLOR>#640312</COLOR>
		<COVARIANCE_MATRIX>[[7.2704267189578024e-06, 6.031733002757096e-06, 7.283621391454121e-06, -1.471789057346938e-06, -2.817141778587064e-06, -7.788877278095046e-07], [6.031733002757096e-06, 1.3169562462485139e-05, 1.2841672155573521e-05, -4.698109799902845e-06, -6.890087997973007e-06, -3.097442842695666e-06], [7.283621391454121e-06, 1.2841672155573521e-05, 2.2266504829329707e-05, 1.200864156418877e-05, 8.932858114087695e-06, 8.622145084957411e-06], [-1.471789057346938e-06, -4.698109799902845e-06, 1.200864156418877e-05, 0.0001275159721620603, 0.00012358511935994207, 8.754720209819588e-05], [-2.817141778587064e-06, -6.890087997973007e-06, 8.932858114087695e-06, 0.00012358511935994207, 0.00016053648138540134, 0.00011360250451613587], [-7.788877278095046e-07, -3.097442842695666e-06, 8.622145084957411e-06, 8.754720209819588e-05, 0.00011360250451613587, 9.478828871789507e-05]]</COVARIANCE_MATRIX>
		<ROI_SIZE>1174</ROI_SIZE>
		<MAX_VALUE>[0.1410972774028778, 0.14739765226840973, 0.13702961802482605, 0.12308322638273239, 0.06786935776472092, 0.054072510451078415]</MAX_VALUE>
		<MIN_VALUE>[0.12158698588609695, 0.11606243997812271, 0.09212727099657059, 0.06695064157247543, 0.012597054243087769, 0.005225749220699072]</MIN_VALUE>
		<SIGNATURE_THRESHOLD_MD>0</SIGNATURE_THRESHOLD_MD>
		<SIGNATURE_THRESHOLD_ML>0</SIGNATURE_THRESHOLD_ML>
		<SIGNATURE_THRESHOLD_SAM>0</SIGNATURE_THRESHOLD_SAM>
	</signature>
	<signature ID="20210219_142228811461_923">
		<MACROCLASSID>1</MACROCLASSID>
		<MACROCLASSINFO>waterbody</MACROCLASSINFO>
		<CLASSID>15</CLASSID>
		<CLASSINFO>C 1</CLASSINFO>
		<VALUES>[0.1269111018051804, 0.0029294942624425867, 0.12937543018884234, 0.00354774440066757, 0.1352142720714741, 0.0049139821929878496, 0.1160557747382204, 0.007537843272603138, 0.029703756883945245, 0.00995792850278432, 0.020986943056578642, 0.008469501196146057]</VALUES>
		<LCS_MIN>[0.11708460748195648, 0.10979538410902023, 0.09740988165140152, 0.1032717227935791, 0.010471196845173836, 0.005225749220699072]</LCS_MIN>
		<LCS_MAX>[0.13359332084655762, 0.13486358523368835, 0.14495354890823364, 0.15610240399837494, 0.0699952095746994, 0.060178350657224655]</LCS_MAX>
		<WAVELENGTH>[0.485, 0.56, 0.66, 0.83, 1.65, 2.215]</WAVELENGTH>
		<MEAN_VALUE>[0.1269111018051804, 0.12937543018884234, 0.1352142720714741, 0.1160557747382204, 0.029703756883945245, 0.020986943056578642]</MEAN_VALUE>
		<CHECKBOX>2</CHECKBOX>
		<SD>[0.0029294942624425867, 0.00354774440066757, 0.0049139821929878496, 0.007537843272603138, 0.00995792850278432, 0.008469501196146057]</SD>
		<WAVELENGTH_UNIT>E-6m</WAVELENGTH_UNIT>
		<COLOR>#5d1662</COLOR>
		<COVARIANCE_MATRIX>[[8.724308403647668e-06, 7.007391000449245e-06, 9.98637160216676e-06, 7.82569699538781e-07, 6.853197714515669e-06, 8.67945779126963e-06], [7.007391000449245e-06, 1.2272422264539573e-05, 1.379492778839339e-05, -2.316211030888962e-06, 3.8680015687968105e-06, 7.012959956670734e-06], [9.98637160216676e-06, 1.379492778839339e-05, 2.323896343440071e-05, -8.183938302068839e-06, -5.752549409450357e-07, 5.743058735371724e-06], [7.82569699538781e-07, -2.316211030888962e-06, -8.183938302068839e-06, 5.389338643788646e-05, 5.7568203848330856e-05, 4.218827875648092e-05], [6.853197714515669e-06, 3.8680015687968105e-06, -5.752549409450357e-07, 5.7568203848330856e-05, 9.614172374913792e-05, 7.411163647782133e-05], [8.67945779126963e-06, 7.012959956670734e-06, 5.743058735371724e-06, 4.218827875648092e-05, 7.411163647782133e-05, 7.04606524256926e-05]]</COVARIANCE_MATRIX>
		<ROI_SIZE>1524</ROI_SIZE>
		<MAX_VALUE>[0.13359332084655762, 0.13486358523368835, 0.14495354890823364, 0.15610240399837494, 0.0699952095746994, 0.060178350657224655]</MAX_VALUE>
		<MIN_VALUE>[0.11708460748195648, 0.10979538410902023, 0.09740988165140152, 0.1032717227935791, 0.010471196845173836, 0.005225749220699072]</MIN_VALUE>
		<SIGNATURE_THRESHOLD_MD>0</SIGNATURE_THRESHOLD_MD>
		<SIGNATURE_THRESHOLD_ML>0</SIGNATURE_THRESHOLD_ML>
		<SIGNATURE_THRESHOLD_SAM>0</SIGNATURE_THRESHOLD_SAM>
	</signature>
	<signature ID="20210219_142236427152_898">
		<MACROCLASSID>1</MACROCLASSID>
		<MACROCLASSINFO>waterbody</MACROCLASSINFO>
		<CLASSID>16</CLASSID>
		<CLASSINFO>C 1</CLASSINFO>
		<VALUES>[0.1294789563228443, 0.0024342097000852317, 0.1309810702393695, 0.0033854455253981832, 0.10896725429267418, 0.005447794464701863, 0.07964288634134503, 0.009830309991702948, 0.028100261255735302, 0.009405058298987627, 0.0180331320638155, 0.007368455680155187]</VALUES>
		<LCS_MIN>[0.12308777868747711, 0.1223294734954834, 0.09740988165140152, 0.060346800833940506, 0.010471196845173836, 0.005225749220699072]</LCS_MIN>
		<LCS_MAX>[0.13659490644931793, 0.14113061130046844, 0.1264643520116806, 0.09996980428695679, 0.05298834666609764, 0.04796666279435158]</LCS_MAX>
