<?xml version="1.0" ?>
<signaturelist MCID_LIST="[['1', 'waterbody', '#000000'], ['2', 'vegetation', '#000000'], ['3', 'bareland', '#000000'], ['4', 'built-up', '#000000']]">
	<signature ID="20211229_122301201904_557">
		<MACROCLASSID>1</MACROCLASSID>
		<MACROCLASSINFO>waterbody</MACROCLASSINFO>
		<CLASSID>1</CLASSID>
		<CLASSINFO>C 1</CLASSINFO>
		<VALUES>[0.14155712376284174, 0.0005706235251142566, 0.15244293039781387, 0.0006412210501266818, 0.12239592794341199, 0.0029343719515616817, 0.04963766670979505, 0.0011304150460677992, 0.031002952113268083, 0.000744779043791994, 0.024548234481966896, 0.0006292590752837781]</VALUES>
		<LCS_MIN>[0.13968336582183838, 0.1504264920949936, 0.11610821634531021, 0.04705849289894104, 0.028946708887815475, 0.02270284667611122]</LCS_MIN>
		<LCS_MAX>[0.1435169130563736, 0.15471911430358887, 0.12933050096035004, 0.0533023476600647, 0.03397393599152565, 0.026811860501766205]</LCS_MAX>
		<WAVELENGTH>[0.48, 0.56, 0.655, 0.865, 1.61, 2.2]</WAVELENGTH>
		<MEAN_VALUE>[0.14155712376284174, 0.15244293039781387, 0.12239592794341199, 0.04963766670979505, 0.031002952113268083, 0.024548234481966896]</MEAN_VALUE>
		<CHECKBOX>2</CHECKBOX>
		<SD>[0.0005706235251142566, 0.0006412210501266818, 0.0029343719515616817, 0.0011304150460677992, 0.000744779043791994, 0.0006292590752837781]</SD>
		<WAVELENGTH_UNIT>E-6m</WAVELENGTH_UNIT>
		<COLOR>#62eb86</COLOR>
		<COVARIANCE_MATRIX>[[3.1992763184787375e-07, 2.978223127945756e-07, 1.4579644132240136e-07, 1.846510006313131e-07, 2.3058493042727103e-07, 2.0685817421698502e-07], [2.978223127945756e-07, 4.2701087677091625e-07, 6.89030548901381e-07, 3.7358997036466256e-07, 3.4347317542317773e-07, 2.988311281089798e-07], [1.4579644132240136e-07, 6.89030548901381e-07, 8.406037868130846e-06, 3.0018911373601312e-06, 1.5750247448198232e-06, 1.2689117980677824e-06], [1.846510006313131e-07, 3.7358997036466256e-07, 3.0018911373601312e-06, 1.2616775714193984e-06, 7.214672599239406e-07, 5.911905923202179e-07], [2.3058493042727103e-07, 3.4347317542317773e-07, 1.5750247448198232e-06, 7.214672599239406e-07, 5.625000624063099e-07, 4.369542495753059e-07], [2.0685817421698502e-07, 2.988311281089798e-07, 1.2689117980677824e-06, 5.911905923202179e-07, 4.369542495753059e-07, 4.0020984234691777e-07]]</COVARIANCE_MATRIX>
		<ROI_SIZE>10201</ROI_SIZE>
		<MAX_VALUE>[0.1435169130563736, 0.15471911430358887, 0.12933050096035004, 0.0533023476600647, 0.03397393599152565, 0.026811860501766205]</MAX_VALUE>
		<MIN_VALUE>[0.13968336582183838, 0.1504264920949936, 0.11610821634531021, 0.04705849289894104, 0.028946708887815475, 0.02270284667611122]</MIN_VALUE>
		<SIGNATURE_THRESHOLD_MD>0</SIGNATURE_THRESHOLD_MD>
		<SIGNATURE_THRESHOLD_ML>0</SIGNATURE_THRESHOLD_ML>
		<SIGNATURE_THRESHOLD_SAM>0</SIGNATURE_THRESHOLD_SAM>
	</signature>
	<signature ID="20211229_122305465129_131">
		<MACROCLASSID>1</MACROCLASSID>
		<MACROCLASSINFO>waterbody</MACROCLASSINFO>
		<CLASSID>2</CLASSID>
		<CLASSINFO>C 1</CLASSINFO>
		<VALUES>[0.13834249088817313, 0.0005825919241741347, 0.14982737124753073, 0.0008401558159531958, 0.12059264804663847, 0.0015978546522353195, 0.05145281073468248, 0.0024610897095861573, 0.032513183734929924, 0.0017411421780286743, 0.02570112008484635, 0.0012705389256324796]</VALUES>
		<LCS_MIN>[0.13584981858730316, 0.1452844738960266, 0.11615411937236786, 0.046645279973745346, 0.02887783572077751, 0.02270284667611122]</LCS_MIN>
		<LCS_MAX>[0.1405327022075653, 0.15226291120052338, 0.12524443864822388, 0.05933959409594536, 0.037830423563718796, 0.02919921837747097]</LCS_MAX>
		<WAVELENGTH>[0.48, 0.56, 0.655, 0.865, 1.61, 2.2]</WAVELENGTH>
		<MEAN_VALUE>[0.13834249088817313, 0.14982737124753073, 0.12059264804663847, 0.05145281073468248, 0.032513183734929924, 0.02570112008484635]</MEAN_VALUE>
		<CHECKBOX>2</CHECKBOX>
		<SD>[0.0005825919241741347, 0.0008401558159531958, 0.0015978546522353195, 0.0024610897095861573, 0.0017411421780286743, 0.0012705389256324796]</SD>
		<WAVELENGTH_UNIT>E-6m</WAVELENGTH_UNIT>
		<COLOR>#a00161</COLOR>
		<COVARIANCE_MATRIX>[[3.094415184632894e-07, 3.292807842444462e-07, 8.612546006825025e-08, 4.319011761722343e-08, 1.0929015974048232e-07, 1.1430646906687088e-07], [3.292807842444462e-07, 5.67871419950086e-07, -9.099521682778556e-08, -4.0939440613667494e-07, -1.8457995331559361e-07, -8.687732872214232e-08], [8.612546006825025e-08, -9.099521682778556e-08, 1.9641260673695615e-06, 2.7778905815781404e-06, 1.9755101736555983e-06, 1.4634118284065023e-06], [4.319011761722343e-08, -4.0939440613667494e-07, 2.7778905815781404e-06, 4.675997633655185e-06, 3.284619389681518e-06, 2.3956323854595294e-06], [1.0929015974048232e-07, -1.8457995331559361e-07, 1.9755101736555983e-06, 3.284619389681518e-06, 2.423868313291404e-06, 1.745541060756139e-06], [1.1430646906687088e-07, -8.687732872214232e-08, 1.4634118284065023e-06, 2.3956323854595294e-06, 1.745541060756139e-06, 1.3192058725158136e-06]]</COVARIANCE_MATRIX>
		<ROI_SIZE>10201</ROI_SIZE>
		<MAX_VALUE>[0.1405327022075653, 0.15226291120052338, 0.12524443864822388, 0.05933959409594536, 0.037830423563718796, 0.02919921837747097]</MAX_VALUE>
		<MIN_VALUE>[0.13584981858730316, 0.1452844738960266, 0.11615411937236786, 0.046645279973745346, 0.02887783572077751, 0.02270284667611122]</MIN_VALUE>
		<SIGNATURE_THRESHOLD_MD>0</SIGNATURE_THRESHOLD_MD>
		<SIGNATURE_THRESHOLD_ML>0</SIGNATURE_THRESHOLD_ML>
		<SIGNATURE_THRESHOLD_SAM>0</SIGNATURE_THRESHOLD_SAM>
	</signature>
	<signature ID="20211229_122309173587_911">
		<MACROCLASSID>1</MACROCLASSID>
		<MACROCLASSINFO>waterbody</MACROCLASSINFO>
		<CLASSID>3</CLASSID>
		<CLASSINFO>C 1</CLASSINFO>
		<VALUES>[0.1379284337814972, 0.0037001997726306044, 0.14601697511200434, 0.0053836300408514, 0.13851221564004254, 0.006061712115725787, 0.0672361868438838, 0.008587405158958282, 0.03961671064085468, 0.0018990318600959624, 0.031815805377967715, 0.0013981599555967766]</VALUES>
		<LCS_MIN>[0.11312402039766312, 0.11250422149896622, 0.10380414128303528, 0.05493216589093208, 0.0274775642901659, 0.01974160224199295]</LCS_MIN>
		<LCS_MAX>[0.1464092880487442, 0.1577492356300354, 0.15462730824947357, 0.10284000635147095, 0.06507844477891922, 0.04797670245170593]</LCS_MAX>
		<WAVELENGTH>[0.48, 0.56, 0.655, 0.865, 1.61, 2.2]</WAVELENGTH>
		<MEAN_VALUE>[0.1379284337814972, 0.14601697511200434, 0.13851221564004254, 0.0672361868438838, 0.03961671064085468, 0.031815805377967715]</MEAN_VALUE>
		<CHECKBOX>2</CHECKBOX>
		<SD>[0.0037001997726306044, 0.0053836300408514, 0.006061712115725787, 0.008587405158958282, 0.0018990318600959624, 0.0013981599555967766]</SD>
		<WAVELENGTH_UNIT>E-6m</WAVELENGTH_UNIT>
		<COLOR>#85feb9</COLOR>
		<COVARIANCE_MATRIX>[[1.251364698335439e-05, 1.814131252469342e-05, -8.617032728404807e-06, -2.241602732918937e-05, -1.8555192499806282e-06, -1.490414365040062e-07], [1.814131252469342e-05, 2.6712567909710077e-05, -1.3238800803203926e-05, -3.32942111172688e-05, -3.2691458727752966e-06, -6.96903726913987e-07], [-8.617032728404807e-06, -1.3238800803203926e-05, 3.511770795592139e-05, 4.03723547971836e-05, 4.9117343036024144e-06, 3.4941221679611416e-06], [-2.241602732918937e-05, -3.32942111172688e-05, 4.03723547971836e-05, 7.167932707065656e-05, 9.412096941888379e-06, 4.944860829866138e-06], [-1.8555192499806282e-06, -3.2691458727752966e-06, 4.9117343036024144e-06, 9.412096941888379e-06, 3.3652771574614346e-06, 2.266354051426554e-06], [-1.490414365040062e-07, -6.96903726913987e-07, 3.4941221679611416e-06, 4.944860829866138e-06, 2.266354051426554e-06, 1.781466420073448e-06]]</COVARIANCE_MATRIX>
		<ROI_SIZE>8611</ROI_SIZE>
		<MAX_VALUE>[0.1464092880487442, 0.1577492356300354, 0.15462730824947357, 0.10284000635147095, 0.06507844477891922, 0.04797670245170593]</MAX_VALUE>
		<MIN_VALUE>[0.11312402039766312, 0.11250422149896622, 0.10380414128303528, 0.05493216589093208, 0.0274775642901659, 0.01974160224199295]</MIN_VALUE>
		<SIGNATURE_THRESHOLD_MD>0</SIGNATURE_THRESHOLD_MD>
		<SIGNATURE_THRESHOLD_ML>0</SIGNATURE_THRESHOLD_ML>
		<SIGNATURE_THRESHOLD_SAM>0</SIGNATURE_THRESHOLD_SAM>
	</signature>
	<signature ID="20211229_122341865806_438">
		<MACROCLASSID>1</MACROCLASSID>
		<MACROCLASSINFO>waterbody</MACROCLASSINFO>
		<CLASSID>4</CLASSID>
		<CLASSINFO>C 1</CLASSINFO>
		<VALUES>[0.1392454756933191, 0.002480778162690687, 0.14730822044166217, 0.004356780244646687, 0.14816225743189101, 0.003213380903864147, 0.07886985547785245, 0.008291733690598645, 0.04985852287874709, 0.0030065958268742678, 0.04034903233557691, 0.00213451283830246]</VALUES>
		<LCS_MIN>[0.1156720519065857, 0.10876249521970749, 0.11420291662216187, 0.06599666178226471, 0.04290357232093811, 0.03466259315609932]</LCS_MIN>
		<LCS_MAX>[0.142690509557724, 0.15334181487560272, 0.15513232350349426, 0.11663618683815002, 0.06046441197395325, 0.046851884573698044]</LCS_MAX>
		<WAVELENGTH>[0.48, 0.56, 0.655, 0.865, 1.61, 2.2]</WAVELENGTH>
		<MEAN_VALUE>[0.1392454756933191, 0.14730822044166217, 0.14816225743189101, 0.07886985547785245, 0.04985852287874709, 0.04034903233557691]</MEAN_VALUE>
		<CHECKBOX>2</CHECKBOX>
		<SD>[0.002480778162690687, 0.004356780244646687, 0.003213380903864147, 0.008291733690598645, 0.0030065958268742678, 0.00213451283830246]</SD>
		<WAVELENGTH_UNIT>E-6m</WAVELENGTH_UNIT>
		<COLOR>#8f3d36</COLOR>
		<COVARIANCE_MATRIX>[[6.022635737634371e-06, 1.0430187115403087e-05, 3.6983960153881483e-06, -1.741030281324495e-05, -4.445740965291823e-06, -2.79971656590993e-06], [1.0430187115403087e-05, 1.868901115375862e-05, 5.9456052909091855e-06, -3.2196095433901424e-05, -8.81920251243765e-06, -5.725572959716545e-06], [3.6983960153881483e-06, 5.9456052909091855e-06, 9.667957360680036e-06, -1.0495635957975813e-06, 2.392263604325057e-06, 2.178069272204022e-06], [-1.741030281324495e-05, -3.2196095433901424e-05, -1.0495635957975813e-06, 7.198809940225184e-05, 2.3946453954924243e-05, 1.631680593628788e-05], [-4.445740965291823e-06, -8.81920251243765e-06, 2.392263604325057e-06, 2.3946453954924243e-05, 9.636256845106871e-06, 6.73841573710108e-06], [-2.79971656590993e-06, -5.725572959716545e-06, 2.178069272204022e-06, 1.631680593628788e-05, 6.73841573710108e-06, 4.857359848486893e-06]]</COVARIANCE_MATRIX>
		<ROI_SIZE>10048</ROI_SIZE>
		<MAX_VALUE>[0.142690509557724, 0.15334181487560272, 0.15513232350349426, 0.11663618683815002, 0.06046441197395325, 0.046851884573698044]</MAX_VALUE>
		<MIN_VALUE>[0.1156720519065857, 0.10876249521970749, 0.11420291662216187, 0.06599666178226471, 0.04290357232093811, 0.03466259315609932]</MIN_VALUE>
		<SIGNATURE_THRESHOLD_MD>0</SIGNATURE_THRESHOLD_MD>
		<SIGNATURE_THRESHOLD_ML>0</SIGNATURE_THRESHOLD_ML>
		<SIGNATURE_THRESHOLD_SAM>0</SIGNATURE_THRESHOLD_SAM>
	</signature>
	<signature ID="20211229_122352194778_227">
		<MACROCLASSID>1</MACROCLASSID>
		<MACROCLASSINFO>waterbody</MACROCLASSINFO>
		<CLASSID>5</CLASSID>
		<CLASSINFO>C 1</CLASSINFO>
		<VALUES>[0.13874165695941315, 0.0035863770213697094, 0.14588611774720905, 0.0060867238277322955, 0.1478896042036478, 0.004559600517622037, 0.08239740258344852, 0.010189240631739595, 0.050617200867579586, 0.002450930410477909, 0.041332608244304, 0.001944468270569334]</VALUES>
		<LCS_MIN>[0.11498339474201202, 0.10926751047372818, 0.11105803400278091, 0.06535390764474869, 0.03872568532824516, 0.030438799411058426]</LCS_MIN>
		<LCS_MAX>[0.14448104798793793, 0.1552700400352478, 0.15862153470516205, 0.11968924105167389, 0.07442127913236618, 0.059821661561727524]</LCS_MAX>
		<WAVELENGTH>[0.48, 0.56, 0.655, 0.865, 1.61, 2.2]</WAVELENGTH>
		<MEAN_VALUE>[0.13874165695941315, 0.14588611774720905, 0.1478896042036478, 0.08239740258344852, 0.050617200867579586, 0.041332608244304]</MEAN_VALUE>
		<CHECKBOX>2</CHECKBOX>
		<SD>[0.0035863770213697094, 0.0060867238277322955, 0.004559600517622037, 0.010189240631739595, 0.002450930410477909, 0.001944468270569334]</SD>
		<WAVELENGTH_UNIT>E-6m</WAVELENGTH_UNIT>
		<COLOR>#01750a</COLOR>
		<COVARIANCE_MATRIX>[[1.2761245733532667e-05, 2.1267982554424007e-05, 1.1572722426417636e-05, -2.859728293313367e-05, -2.745502532808042e-06, -1.6449888069994163e-06], [2.1267982554424007e-05, 3.646837943512753e-05, 1.9356169380407628e-05, -4.966026426247418e-05, -5.903525071508062e-06, -3.817196289273428e-06], [1.1572722426417636e-05, 1.9356169380407628e-05, 2.0365891829513642e-05, -1.3465101942743549e-05, 1.0932925715514905e-06, 1.5757259120028373e-06], [-2.859728293313367e-05, -4.966026426247418e-05, -1.3465101942743549e-05, 9.711818227997973e-05, 1.608008535740584e-05, 1.1899476205494597e-05], [-2.745502532808042e-06, -5.903525071508062e-06, 1.0932925715514905e-06, 1.608008535740584e-05, 5.634620908933726e-06, 4.416497986841976e-06], [-1.6449888069994163e-06, -3.817196289273428e-06, 1.5757259120028373e-06, 1.1899476205494597e-05, 4.416497986841976e-06, 3.589562985786945e-06]]</COVARIANCE_MATRIX>
		<ROI_SIZE>9127</ROI_SIZE>
		<MAX_VALUE>[0.14448104798793793, 0.1552700400352478, 0.15862153470516205, 0.11968924105167389, 0.07442127913236618, 0.059821661561727524]</MAX_VALUE>
		<MIN_VALUE>[0.11498339474201202, 0.10926751047372818, 0.11105803400278091, 0.06535390764474869, 0.03872568532824516, 0.030438799411058426]</MIN_VALUE>
		<SIGNATURE_THRESHOLD_MD>0</SIGNATURE_THRESHOLD_MD>
		<SIGNATURE_THRESHOLD_ML>0</SIGNATURE_THRESHOLD_ML>
		<SIGNATURE_THRESHOLD_SAM>0</SIGNATURE_THRESHOLD_SAM>
	</signature>
	<signature ID="20211229_122431192240_352">
		<MACROCLASSID>1</MACROCLASSID>
		<MACROCLASSINFO>waterbody</MACROCLASSINFO>
		<CLASSID>6</CLASSID>
		<CLASSINFO>C 1</CLASSINFO>
		<VALUES>[0.14013612669879155, 0.0017581868751073077, 0.14961696584314474, 0.003360605921488403, 0.11775738086012166, 0.002974963822573224, 0.05212848719042495, 0.0031050299673684657, 0.03335054357342681, 0.001713739083415803, 0.02616094979118574, 0.0012208671856278577]</VALUES>
		<LCS_MIN>[0.11799054592847824, 0.11046119034290314, 0.09960330277681351, 0.04786192625761032, 0.0306224524974823, 0.022794663906097412]</LCS_MIN>
		<LCS_MAX>[0.14195594191551208, 0.15201039612293243, 0.1238212063908577, 0.08996205776929855, 0.05286618322134018, 0.035948093980550766]</LCS_MAX>
		<WAVELENGTH>[0.48, 0.56, 0.655, 0.865, 1.61, 2.2]</WAVELENGTH>
		<MEAN_VALUE>[0.14013612669879155, 0.14961696584314474, 0.11775738086012166, 0.05212848719042495, 0.03335054357342681, 0.02616094979118574]</MEAN_VALUE>
		<CHECKBOX>2</CHECKBOX>
		<SD>[0.0017581868751073077, 0.003360605921488403, 0.002974963822573224, 0.0031050299673684657, 0.001713739083415803, 0.0012208671856278577]</SD>
		<WAVELENGTH_UNIT>E-6m</WAVELENGTH_UNIT>
		<COLOR>#34cca3</COLOR>
		<COVARIANCE_MATRIX>[[1.9244476040748837e-06, 3.4844339364183935e-06, 6.275645940967114e-07, -2.2463822042891144e-06, -6.044731151759876e-07, -2.6991526846997963e-07], [3.4844339364183935e-06, 6.969363304346819e-06, 1.4231940307238612e-06, -4.7728212273097145e-06, -1.647218542999049e-06, -8.916602261586682e-07], [6.275645940967114e-07, 1.4231940307238612e-06, 8.451460112959446e-06, 3.4996690414518607e-06, 2.896072291741383e-06, 2.2246338861182684e-06], [-2.2463822042891144e-06, -4.7728212273097145e-06, 3.4996690414518607e-06, 7.629772752933227e-06, 4.0046524586748516e-06, 2.730975977814971e-06], [-6.044731151759876e-07, -1.647218542999049e-06, 2.896072291741383e-06, 4.0046524586748516e-06, 2.7732413031709156e-06, 1.963089316942645e-06], [-2.6991526846997963e-07, -8.916602261586682e-07, 2.2246338861182684e-06, 2.730975977814971e-06, 1.963089316942645e-06, 1.4599224501534115e-06]]</COVARIANCE_MATRIX>
		<ROI_SIZE>10143</ROI_SIZE>
		<MAX_VALUE>[0.14195594191551208, 0.15201039612293243, 0.1238212063908577, 0.08996205776929855, 0.05286618322134018, 0.035948093980550766]</MAX_VALUE>
		<MIN_VALUE>[0.11799054592847824, 0.11046119034290314, 0.09960330277681351, 0.04786192625761032, 0.0306224524974823, 0.022794663906097412]</MIN_VALUE>
		<SIGNATURE_THRESHOLD_MD>0</SIGNATURE_THRESHOLD_MD>
		<SIGNATURE_THRESHOLD_ML>0</SIGNATURE_THRESHOLD_ML>
		<SIGNATURE_THRESHOLD_SAM>0</SIGNATURE_THRESHOLD_SAM>
	</signature>
	<signature ID="20211229_122443824962_193">
		<MACROCLASSID>1</MACROCLASSID>
		<MACROCLASSINFO>waterbody</MACROCLASSINFO>
		<CLASSID>7</CLASSID>
		<CLASSINFO>C 1</CLASSINFO>
		<VALUES>[0.11508350653780831, 0.004044456988903805, 0.10174708026978704, 0.005622988978324598, 0.09389570934904946, 0.009718914730726726, 0.11042420503993831, 0.022919166868525506, 0.08933970663282606, 0.02016438183939317, 0.06200943690621191, 0.014208117904334948]</VALUES>
		<LCS_MIN>[0.10981843620538712, 0.09368082880973816, 0.07933372259140015, 0.07336533069610596, 0.06113011762499809, 0.04214604198932648]</LCS_MIN>
		<LCS_MAX>[0.1263003796339035, 0.11645253002643585, 0.11941377818584442, 0.15944790840148926, 0.14184115827083588, 0.09480562806129456]</LCS_MAX>
		<WAVELENGTH>[0.48, 0.56, 0.655, 0.865, 1.61, 2.2]</WAVELENGTH>
		<MEAN_VALUE>[0.11508350653780831, 0.10174708026978704, 0.09389570934904946, 0.11042420503993831, 0.08933970663282606, 0.06200943690621191]</MEAN_VALUE>
		<CHECKBOX>2</CHECKBOX>
		<SD>[0.004044456988903805, 0.005622988978324598, 0.009718914730726726, 0.022919166868525506, 0.02016438183939317, 0.014208117904334948]</SD>
		<WAVELENGTH_UNIT>E-6m</WAVELENGTH_UNIT>
		<COLOR>#695160</COLOR>
		<COVARIANCE_MATRIX>[[1.682499325895263e-05, 2.2185497408580252e-05, 3.784565967310681e-05, 4.8722851654794287e-05, 6.455206811160479e-05, 5.248508286764881e-05], [2.2185497408580252e-05, 3.252137662322731e-05, 5.476924755093515e-05, 7.320537284728929e-05, 9.212150640530696e-05, 7.570117886522839e-05], [3.784565967310681e-05, 5.476924755093515e-05, 9.715608364436939e-05, 0.00013203632958765974, 0.00015910185399757788, 0.0001307084874657041], [4.8722851654794287e-05, 7.320537284728929e-05, 0.00013203632958765974, 0.0005402964445172405, 0.0004007350820479995, 0.0002432383961847888], [6.455206811160479e-05, 9.212150640530696e-05, 0.00015910185399757788, 0.0004007350820479995, 0.00041821950339241635, 0.00028102246504547925], [5.248508286764881e-05, 7.570117886522839e-05, 0.0001307084874657041, 0.0002432383961847888, 0.00028102246504547925, 0.00020763834622301142]]</COVARIANCE_MATRIX>
		<ROI_SIZE>36</ROI_SIZE>
		<MAX_VALUE>[0.1263003796339035, 0.11645253002643585, 0.11941377818584442, 0.15944790840148926, 0.14184115827083588, 0.09480562806129456]</MAX_VALUE>
		<MIN_VALUE>[0.10981843620538712, 0.09368082880973816, 0.07933372259140015, 0.07336533069610596, 0.06113011762499809, 0.04214604198932648]</MIN_VALUE>
		<SIGNATURE_THRESHOLD_MD>0</SIGNATURE_THRESHOLD_MD>
		<SIGNATURE_THRESHOLD_ML>0</SIGNATURE_THRESHOLD_ML>
		<SIGNATURE_THRESHOLD_SAM>0</SIGNATURE_THRESHOLD_SAM>
	</signature>
	<signature ID="20211229_122449637220_989">
		<MACROCLASSID>1</MACROCLASSID>
		<MACROCLASSINFO>waterbody</MACROCLASSINFO>
		<CLASSID>8</CLASSID>
		<CLASSINFO>C 1</CLASSINFO>
		<VALUES>[0.11689829149029471, 0.005056289308813426, 0.10370396592400294, 0.006652913357951641, 0.09998436461795461, 0.010416960767536147, 0.10192262990908188, 0.020048704032550373, 0.09232311790639702, 0.019378614757184415, 0.0666302255608819, 0.015012703395417385]</VALUES>
		<LCS_MIN>[0.1107366532087326, 0.09441538900136948, 0.08569236099720001, 0.06785603612661362, 0.059362564235925674, 0.041572149842977524]</LCS_MIN>
		<LCS_MAX>[0.13605642318725586, 0.12717269361019135, 0.13343951106071472, 0.14822275936603546, 0.1368139535188675, 0.10143972188234329]</LCS_MAX>
		<WAVELENGTH>[0.48, 0.56, 0.655, 0.865, 1.61, 2.2]</WAVELENGTH>
		<MEAN_VALUE>[0.11689829149029471, 0.10370396592400294, 0.09998436461795461, 0.10192262990908188, 0.09232311790639702, 0.0666302255608819]</MEAN_VALUE>
		<CHECKBOX>2</CHECKBOX>
		<SD>[0.005056289308813426, 0.006652913357951641, 0.010416960767536147, 0.020048704032550373, 0.019378614757184415, 0.015012703395417385]</SD>
		<WAVELENGTH_UNIT>E-6m</WAVELENGTH_UNIT>
		<COLOR>#6b9145</COLOR>
		<COVARIANCE_MATRIX>[[2.6039507159132455e-05, 3.2249823125820775e-05, 4.9542197416407157e-05, 6.891645601952981e-05, 6.269879135047105e-05, 5.743403937793071e-05], [3.2249823125820775e-05, 4.508090904004853e-05, 6.895017336313974e-05, 9.641661741216392e-05, 9.393609331934958e-05, 8.358144995629351e-05], [4.9542197416407157e-05, 6.895017336313974e-05, 0.00011052257295891302, 0.00016937897185070728, 0.00016330769932218354, 0.0001410412197426056], [6.891645601952981e-05, 9.641661741216392e-05, 0.00016937897185070728, 0.0004093940617808163, 0.0003273496597642671, 0.0002586990121930259], [6.269879135047105e-05, 9.393609331934958e-05, 0.00016330769932218354, 0.0003273496597642671, 0.00038248498231305733, 0.0002884720141836954], [5.743403937793071e-05, 8.358144995629351e-05, 0.0001410412197426056, 0.0002586990121930259, 0.0002884720141836954, 0.0002295549903357911]]</COVARIANCE_MATRIX>
		<ROI_SIZE>55</ROI_SIZE>
		<MAX_VALUE>[0.13605642318725586, 0.12717269361019135, 0.13343951106071472, 0.14822275936603546, 0.1368139535188675, 0.10143972188234329]</MAX_VALUE>
		<MIN_VALUE>[0.1107366532087326, 0.09441538900136948, 0.08569236099720001, 0.06785603612661362, 0.059362564235925674, 0.041572149842977524]</MIN_VALUE>
		<SIGNATURE_THRESHOLD_MD>0</SIGNATURE_THRESHOLD_MD>
		<SIGNATURE_THRESHOLD_ML>0</SIGNATURE_THRESHOLD_ML>
		<SIGNATURE_THRESHOLD_SAM>0</SIGNATURE_THRESHOLD_SAM>
	</signature>
	<signature ID="20211229_122506440051_696">
		<MACROCLASSID>1</MACROCLASSID>
		<MACROCLASSINFO>waterbody</MACROCLASSINFO>
		<CLASSID>9</CLASSID>
		<CLASSINFO>C 1</CLASSINFO>
		<VALUES>[0.1254727215402656, 0.0077968618650117736, 0.11588758188817236, 0.010277989297206757, 0.1215868890285492, 0.015104481995768028, 0.14876348359717262, 0.027587504696572944, 0.1502390048570103, 0.027078377149652322, 0.109432025709086, 0.019538214178321026]</VALUES>
		<LCS_MIN>[0.11089734733104706, 0.09627478569746017, 0.09085731953382492, 0.08895201981067657, 0.07901234179735184, 0.059431422501802444]</LCS_MIN>
		<LCS_MAX>[0.13890288770198822, 0.13077668845653534, 0.14308075606822968, 0.1796027570962906, 0.17893704771995544, 0.13231469690799713]</LCS_MAX>
		<WAVELENGTH>[0.48, 0.56, 0.655, 0.865, 1.61, 2.2]</WAVELENGTH>
		<MEAN_VALUE>[0.1254727215402656, 0.11588758188817236, 0.1215868890285492, 0.14876348359717262, 0.1502390048570103, 0.109432025709086]</MEAN_VALUE>
		<CHECKBOX>2</CHECKBOX>
		<SD>[0.0077968618650117736, 0.010277989297206757, 0.015104481995768028, 0.027587504696572944, 0.027078377149652322, 0.019538214178321026]</SD>
		<WAVELENGTH_UNIT>E-6m</WAVELENGTH_UNIT>
		<COLOR>#24feec</COLOR>
		<COVARIANCE_MATRIX>[[6.436699935043209e-05, 8.372732501778342e-05, 0.00011977029744795135, 0.00019591181115176444, 0.00016748346107375603, 0.00013072819436050318], [8.372732501778342e-05, 0.00011185100893429047, 0.00016176646736847181, 0.00027000500403856736, 0.00023292210310003937, 0.00017988009793508107], [0.00011977029744795135, 0.00016176646736847181, 0.00024156569261697924, 0.0004146717758364478, 0.0003660703188413417, 0.00027759428191426346], [0.00019591181115176444, 0.00027000500403856736, 0.0004146717758364478, 0.0008058392633471657, 0.0007341121544159515, 0.0005453065945642933], [0.00016748346107375603, 0.00023292210310003937, 0.0003660703188413417, 0.0007341121544159515, 0.0007763701860622728, 0.0005561921803654531], [0.00013072819436050318, 0.00017988009793508107, 0.00027759428191426346, 0.0005453065945642933, 0.0005561921803654531, 0.0004041972140590005]]</COVARIANCE_MATRIX>
		<ROI_SIZE>18</ROI_SIZE>
		<MAX_VALUE>[0.13890288770198822, 0.13077668845653534, 0.14308075606822968, 0.1796027570962906, 0.17893704771995544, 0.13231469690799713]</MAX_VALUE>
		<MIN_VALUE>[0.11089734733104706, 0.09627478569746017, 0.09085731953382492, 0.08895201981067657, 0.07901234179735184, 0.059431422501802444]</MIN_VALUE>
		<SIGNATURE_THRESHOLD_MD>0</SIGNATURE_THRESHOLD_MD>
		<SIGNATURE_THRESHOLD_ML>0</SIGNATURE_THRESHOLD_ML>
		<SIGNATURE_THRESHOLD_SAM>0</SIGNATURE_THRESHOLD_SAM>
	</signature>
	<signature ID="20211229_122515050679_126">
		<MACROCLASSID>1</MACROCLASSID>
		<MACROCLASSINFO>waterbody</MACROCLASSINFO>
		<CLASSID>10</CLASSID>
		<CLASSINFO>C 1</CLASSINFO>
		<VALUES>[0.10267959359297003, 0.0018745953039281111, 0.09802859423786486, 0.0021580621397676446, 0.0843920263744737, 0.003465773942615851, 0.06473180941775832, 0.007740049559967177, 0.04589202718748803, 0.006483576367146901, 0.032997614739786955, 0.005001864170145162]</VALUES>
		<LCS_MIN>[0.09941966086626053, 0.09255600720643997, 0.07933372259140015, 0.05360076203942299, 0.03973572328686714, 0.028533507138490677]</LCS_MIN>
		<LCS_MAX>[0.1170264258980751, 0.11422586441040039, 0.1044468879699707, 0.09705526381731033, 0.0817669928073883, 0.06461933255195618]</LCS_MAX>
		<WAVELENGTH>[0.48, 0.56, 0.655, 0.865, 1.61, 2.2]</WAVELENGTH>
		<MEAN_VALUE>[0.10267959359297003, 0.09802859423786486, 0.0843920263744737, 0.06473180941775832, 0.04589202718748803, 0.032997614739786955]</MEAN_VALUE>
		<CHECKBOX>2</CHECKBOX>
		<SD>[0.0018745953039281111, 0.0021580621397676446, 0.003465773942615851, 0.007740049559967177, 0.006483576367146901, 0.005001864170145162]</SD>
		<WAVELENGTH_UNIT>E-6m</WAVELENGTH_UNIT>
		<COLOR>#4841ef</COLOR>
		<COVARIANCE_MATRIX>[[3.5245043214191117e-06, 3.720949146335581e-06, 5.122676471778454e-06, 6.663458177794329e-06, 6.889460044955478e-06, 5.876912667290704e-06], [3.720949146335581e-06, 4.6710109925869565e-06, 5.0301130114011135e-06, 5.168721486319148e-06, 6.534026986097594e-06, 5.804389897935232e-06], [5.122676471778454e-06, 5.0301130114011135e-06, 1.2047126266940175e-05, 2.0836690294040866e-05, 1.710785959680619e-05, 1.3426050063878178e-05], [6.663458177794329e-06, 5.168721486319148e-06, 2.0836690294040866e-05, 6.008561088066138e-05, 4.620544016700224e-05, 3.367584308484765e-05], [6.889460044955478e-06, 6.534026986097594e-06, 1.710785959680619e-05, 4.620544016700224e-05, 4.216113162847381e-05, 3.1830170045469335e-05], [5.876912667290704e-06, 5.804389897935232e-06, 1.3426050063878178e-05, 3.367584308484765e-05, 3.1830170045469335e-05, 2.5092664836867728e-05]]</COVARIANCE_MATRIX>
		<ROI_SIZE>339</ROI_SIZE>
		<MAX_VALUE>[0.1170264258980751, 0.11422586441040039, 0.1044468879699707, 0.09705526381731033, 0.0817669928073883, 0.06461933255195618]</MAX_VALUE>
		<MIN_VALUE>[0.09941966086626053, 0.09255600720643997, 0.07933372259140015, 0.05360076203942299, 0.03973572328686714, 0.028533507138490677]</MIN_VALUE>
		<SIGNATURE_THRESHOLD_MD>0</SIGNATURE_THRESHOLD_MD>
		<SIGNATURE_THRESHOLD_ML>0</SIGNATURE_THRESHOLD_ML>
		<SIGNATURE_THRESHOLD_SAM>0</SIGNATURE_THRESHOLD_SAM>
	</signature>
	<signature ID="20211229_122529984344_501">
		<MACROCLASSID>1</MACROCLASSID>
		<MACROCLASSINFO>waterbody</MACROCLASSINFO>
		<CLASSID>11</CLASSID>
		<CLASSINFO>C 1</CLASSINFO>
		<VALUES>[0.1138218535317315, 0.004346386699404698, 0.10381892820199332, 0.007174046822444001, 0.10353887329498926, 0.010852638563920072, 0.1273690892590417, 0.028053982738828285, 0.10517380626665225, 0.03307974137021636, 0.0730235485566987, 0.02383224856772994]</VALUES>
		<LCS_MIN>[0.10667355358600616, 0.09211986511945724, 0.08872245997190475, 0.08133083581924438, 0.06099238619208336, 0.03879455849528313]</LCS_MIN>
		<LCS_MAX>[0.12933050096035004, 0.12432622164487839, 0.13541367650032043, 0.18293125927448273, 0.16810210049152374, 0.12345391511917114]</LCS_MAX>
		<WAVELENGTH>[0.48, 0.56, 0.655, 0.865, 1.61, 2.2]</WAVELENGTH>
		<MEAN_VALUE>[0.1138218535317315, 0.10381892820199332, 0.10353887329498926, 0.1273690892590417, 0.10517380626665225, 0.0730235485566987]</MEAN_VALUE>
		<CHECKBOX>2</CHECKBOX>
		<SD>[0.004346386699404698, 0.007174046822444001, 0.010852638563920072, 0.028053982738828285, 0.03307974137021636, 0.02383224856772994]</SD>
		<WAVELENGTH_UNIT>E-6m</WAVELENGTH_UNIT>
		<COLOR>#4c50fe</COLOR>
		<COVARIANCE_MATRIX>[[1.9320420007597554e-05, 2.9904779337583732e-05, 4.520570928526243e-05, 7.45711266201515e-05, 0.00011692664390713247, 9.161786524615944e-05], [2.9904779337583732e-05, 5.263665116995114e-05, 7.523267075260582e-05, 0.0001385591378357704, 0.00020653519228134608, 0.0001577689953170601], [4.520570928526243e-05, 7.523267075260582e-05, 0.00012045657661270062, 0.00024294131973092047, 0.00033794364262303866, 0.0002521463102860174], [7.45711266201515e-05, 0.0001385591378357704, 0.00024294131973092047, 0.000804912900862986, 0.0008423336507682684, 0.0005781602995425918], [0.00011692664390713247, 0.00020653519228134608, 0.00033794364262303866, 0.0008423336507682684, 0.0011191390456913226, 0.0007895730725303989], [9.161786524615944e-05, 0.0001577689953170601, 0.0002521463102860174, 0.0005781602995425918, 0.0007895730725303989, 0.0005808846188802945]]</COVARIANCE_MATRIX>
		<ROI_SIZE>45</ROI_SIZE>
		<MAX_VALUE>[0.12933050096035004, 0.12432622164487839, 0.13541367650032043, 0.18293125927448273, 0.16810210049152374, 0.12345391511917114]</MAX_VALUE>
		<MIN_VALUE>[0.10667355358600616, 0.09211986511945724, 0.08872245997190475, 0.08133083581924438, 0.06099238619208336, 0.03879455849528313]</MIN_VALUE>
		<SIGNATURE_THRESHOLD_MD>0</SIGNATURE_THRESHOLD_MD>
		<SIGNATURE_THRESHOLD_ML>0</SIGNATURE_THRESHOLD_ML>
		<SIGNATURE_THRESHOLD_SAM>0</SIGNATURE_THRESHOLD_SAM>
	</signature>
	<signature ID="20211229_122537585913_546">
		<MACROCLASSID>1</MACROCLASSID>
		<MACROCLASSINFO>waterbody</MACROCLASSINFO>
		<CLASSID>12</CLASSID>
		<CLASSINFO>C 1</CLASSINFO>
		<VALUES>[0.11825086176395418, 0.007126515470069118, 0.10731171488761901, 0.010126002675121433, 0.10922114193439487, 0.01426369812789775, 0.12916567772626883, 0.022239558039182622, 0.12144119784235953, 0.02577353606775976, 0.0887546022236347, 0.02159192786167096]</VALUES>
		<LCS_MIN>[0.10704084485769272, 0.09136233478784561, 0.08399366587400436, 0.07931077480316162, 0.06705260276794434, 0.04462521895766258]</LCS_MIN>
		<LCS_MAX>[0.13470204174518585, 0.12820568680763245, 0.13674508035182953, 0.16436035931110382, 0.1612613946199417, 0.12627743184566498]</LCS_MAX>
		<WAVELENGTH>[0.48, 0.56, 0.655, 0.865, 1.61, 2.2]</WAVELENGTH>
		<MEAN_VALUE>[0.11825086176395418, 0.10731171488761901, 0.10922114193439487, 0.12916567772626883, 0.12144119784235953, 0.0887546022236347]</MEAN_VALUE>
		<CHECKBOX>2</CHECKBOX>
		<SD>[0.007126515470069118, 0.010126002675121433, 0.01426369812789775, 0.022239558039182622, 0.02577353606775976, 0.02159192786167096]</SD>
		<WAVELENGTH_UNIT>E-6m</WAVELENGTH_UNIT>
		<COLOR>#e60351</COLOR>
		<COVARIANCE_MATRIX>[[5.182369667870864e-05, 7.179214921781862e-05, 0.00010013514017765411, 9.54452515345337e-05, 0.00011819998825487504, 0.00011728964735222457], [7.179214921781862e-05, 0.00010462850018016979, 0.00014232826940642173, 0.00015143421834108977, 0.00017827418808392636, 0.0001776246787571719], [0.00010013514017765411, 0.00014232826940642173, 0.00020760518804468776, 0.00023051806626080699, 0.00028194383453612585, 0.0002630289516097406], [9.54452515345337e-05, 0.00015143421834108977, 0.00023051806626080699, 0.0005046917773246653, 0.0005139821549906401, 0.0004018795587033758], [0.00011819998825487504, 0.00017827418808392636, 0.00028194383453612585, 0.0005139821549906401, 0.0006778317973837889, 0.0005431747396158674], [0.00011728964735222457, 0.0001776246787571719, 0.0002630289516097406, 0.0004018795587033758, 0.0005431747396158674, 0.00047572586610571685]]</COVARIANCE_MATRIX>
		<ROI_SIZE>50</ROI_SIZE>
		<MAX_VALUE>[0.13470204174518585, 0.12820568680763245, 0.13674508035182953, 0.16436035931110382, 0.1612613946199417, 0.12627743184566498]</MAX_VALUE>
		<MIN_VALUE>[0.10704084485769272, 0.09136233478784561, 0.08399366587400436, 0.07931077480316162, 0.06705260276794434, 0.04462521895766258]</MIN_VALUE>
		<SIGNATURE_THRESHOLD_MD>0</SIGNATURE_THRESHOLD_MD>
		<SIGNATURE_THRESHOLD_ML>0</SIGNATURE_THRESHOLD_ML>
		<SIGNATURE_THRESHOLD_SAM>0</SIGNATURE_THRESHOLD_SAM>
	</signature>
	<signature ID="20211229_122543700772_763">
		<MACROCLASSID>1</MACROCLASSID>
		<MACROCLASSINFO>waterbody</MACROCLASSINFO>
		<CLASSID>13</CLASSID>
		<CLASSINFO>C 1</CLASSINFO>
		<VALUES>[0.1173589290543036, 0.0030986197852924313, 0.10736360807310451, 0.004395621750860733, 0.10878614471717317, 0.008131846403297215, 0.13964719234993964, 0.016606258703629414, 0.14127006584947757, 0.02048186744584763, 0.0994975697813612, 0.012970893520452224]</VALUES>
		<LCS_MIN>[0.11264195293188095, 0.09944261610507965, 0.09563203155994415, 0.11160895973443985, 0.10811974108219147, 0.07756615430116653]</LCS_MIN>
		<LCS_MAX>[0.12694312632083893, 0.11906945705413818, 0.12900911271572113, 0.16525563597679138, 0.17760562896728516, 0.12710383534431458]</LCS_MAX>
		<WAVELENGTH>[0.48, 0.56, 0.655, 0.865, 1.61, 2.2]</WAVELENGTH>
		<MEAN_VALUE>[0.1173589290543036, 0.10736360807310451, 0.10878614471717317, 0.13964719234993964, 0.14127006584947757, 0.0994975697813612]</MEAN_VALUE>
		<CHECKBOX>2</CHECKBOX>
		<SD>[0.0030986197852924313, 0.004395621750860733, 0.008131846403297215, 0.016606258703629414, 0.02048186744584763, 0.012970893520452224]</SD>
		<WAVELENGTH_UNIT>E-6m</WAVELENGTH_UNIT>
		<COLOR>#322310</COLOR>
		<COVARIANCE_MATRIX>[[9.90148971673715e-06, 1.2094504287246804e-05, 2.483451956492037e-05, 2.4140533311753496e-05, 3.024586911645518e-05, 2.3898026838299514e-05], [1.2094504287246804e-05, 1.9925287157159975e-05, 3.037023660458793e-05, 2.7239804172458192e-05, 3.9023303962966934e-05, 4.255199416127827e-05], [2.483451956492037e-05, 3.037023660458793e-05, 6.819339236203097e-05, 8.133427623123941e-05, 0.00010456497094312483, 6.931545283310028e-05], [2.4140533311753496e-05, 2.7239804172458192e-05, 8.133427623123941e-05, 0.00028438557276098866, 0.00030845338905404114, 0.00013122950970308024], [3.024586911645518e-05, 3.9023303962966934e-05, 0.00010456497094312483, 0.00030845338905404114, 0.0004326164845089376, 0.00022307868150465147], [2.3898026838299514e-05, 4.255199416127827e-05, 6.931545283310028e-05, 0.00013122950970308024, 0.00022307868150465147, 0.00017350170617887542]]</COVARIANCE_MATRIX>
		<ROI_SIZE>33</ROI_SIZE>
		<MAX_VALUE>[0.12694312632083893, 0.11906945705413818, 0.12900911271572113, 0.16525563597679138, 0.17760562896728516, 0.12710383534431458]</MAX_VALUE>
		<MIN_VALUE>[0.11264195293188095, 0.09944261610507965, 0.09563203155994415, 0.11160895973443985, 0.10811974108219147, 0.07756615430116653]</MIN_VALUE>
		<SIGNATURE_THRESHOLD_MD>0</SIGNATURE_THRESHOLD_MD>
		<SIGNATURE_THRESHOLD_ML>0</SIGNATURE_THRESHOLD_ML>
		<SIGNATURE_THRESHOLD_SAM>0</SIGNATURE_THRESHOLD_SAM>
	</signature>
	<signature ID="20211229_122553239022_502">
		<MACROCLASSID>1</MACROCLASSID>
		<MACROCLASSINFO>waterbody</MACROCLASSINFO>
		<CLASSID>14</CLASSID>
		<CLASSINFO>C 1</CLASSINFO>
		<VALUES>[0.1162852917785768, 0.004343915587504533, 0.10461413115262984, 0.006847476682308111, 0.10274729442286802, 0.00996505936780845, 0.13518083521297997, 0.028556287069066134, 0.11459345254418138, 0.022945946858022783, 0.07806282829154623, 0.016534222556655563]</VALUES>
		<LCS_MIN>[0.10981843620538712, 0.09333649277687073, 0.083098404109478, 0.06803969293832779, 0.06537686288356781, 0.04480885714292526]</LCS_MIN>
		<LCS_MAX>[0.13171784579753876, 0.1279531717300415, 0.1276547610759735, 0.19413350522518158, 0.1576574295759201, 0.11041527986526489]</LCS_MAX>
		<WAVELENGTH>[0.48, 0.56, 0.655, 0.865, 1.61, 2.2]</WAVELENGTH>
		<MEAN_VALUE>[0.1162852917785768, 0.10461413115262984, 0.10274729442286802, 0.13518083521297997, 0.11459345254418138, 0.07806282829154623]</MEAN_VALUE>
		<CHECKBOX>2</CHECKBOX>
		<SD>[0.004343915587504533, 0.006847476682308111, 0.00996505936780845, 0.028556287069066134, 0.022945946858022783, 0.016534222556655563]</SD>
		<WAVELENGTH_UNIT>E-6m</WAVELENGTH_UNIT>
		<COLOR>#9986d9</COLOR>
		<COVARIANCE_MATRIX>[[1.9117886876514424e-05, 2.904670279142853e-05, 4.12292096717835e-05, 4.938147698908886e-05, 5.5872224894036035e-05, 5.251691256534142e-05], [2.904670279142853e-05, 4.7504883453105374e-05, 6.38578767284447e-05, 0.00010067394748048436, 0.00010401207043617717, 9.17424588218441e-05], [4.12292096717835e-05, 6.38578767284447e-05, 0.00010060901883820931, 0.00014829627206645418, 0.0001609915769646295, 0.00013234315769355338], [4.938147698908886e-05, 0.00010067394748048436, 0.00014829627206645418, 0.0008261912881600049, 0.0006076476211486522, 0.00037269583446110106], [5.5872224894036035e-05, 0.00010401207043617717, 0.0001609915769646295, 0.0006076476211486522, 0.0005334443255955637, 0.00035367708076472406], [5.251691256534142e-05, 9.17424588218441e-05, 0.00013234315769355338, 0.00037269583446110106, 0.00035367708076472406, 0.00027697762759976776]]</COVARIANCE_MATRIX>
		<ROI_SIZE>77</ROI_SIZE>
		<MAX_VALUE>[0.13171784579753876, 0.1279531717300415, 0.1276547610759735, 0.19413350522518158, 0.1576574295759201, 0.11041527986526489]</MAX_VALUE>
		<MIN_VALUE>[0.10981843620538712, 0.09333649277687073, 0.083098404109478, 0.06803969293832779, 0.06537686288356781, 0.04480885714292526]</MIN_VALUE>
		<SIGNATURE_THRESHOLD_MD>0</SIGNATURE_THRESHOLD_MD>
		<SIGNATURE_THRESHOLD_ML>0</SIGNATURE_THRESHOLD_ML>
		<SIGNATURE_THRESHOLD_SAM>0</SIGNATURE_THRESHOLD_SAM>
	</signature>
	<signature ID="20211229_122600393042_460">
		<MACROCLASSID>1</MACROCLASSID>
		<MACROCLASSINFO>waterbody</MACROCLASSINFO>
		<CLASSID>15</CLASSID>
		<CLASSINFO>C 1</CLASSINFO>
		<VALUES>[0.11650846573439513, 0.0024758729284740247, 0.10253407616506925, 0.004378617141305406, 0.09127551737156778, 0.007501267038650911, 0.0865458781746301, 0.020980357341089738, 0.07236322191628544, 0.01723176208820134, 0.0488331421871077, 0.012131298349394238]</VALUES>
		<LCS_MIN>[0.11055301129817963, 0.0914541482925415, 0.0754772201180458, 0.050387006253004074, 0.03994232788681984, 0.02896966226398945]</LCS_MIN>
		<LCS_MAX>[0.12501490116119385, 0.11709528416395187, 0.11709528416395187, 0.1270119994878769, 0.1084640771150589, 0.08321318030357361]</LCS_MAX>
		<WAVELENGTH>[0.48, 0.56, 0.655, 0.865, 1.61, 2.2]</WAVELENGTH>
		<MEAN_VALUE>[0.11650846573439513, 0.10253407616506925, 0.09127551737156778, 0.0865458781746301, 0.07236322191628544, 0.0488331421871077]</MEAN_VALUE>
		<CHECKBOX>2</CHECKBOX>
		<SD>[0.0024758729284740247, 0.004378617141305406, 0.007501267038650911, 0.020980357341089738, 0.01723176208820134, 0.012131298349394238]</SD>
		<WAVELENGTH_UNIT>E-6m</WAVELENGTH_UNIT>
		<COLOR>#9102e3</COLOR>
		<COVARIANCE_MATRIX>[[6.243464290505158e-06, 1.0584664109582753e-05, 1.722134769900222e-05, 3.306474639058833e-05, 2.9549530169395826e-05, 2.3652665629001258e-05], [1.0584664109582753e-05, 1.95273304418026e-05, 3.0669035454420806e-05, 6.117280133811848e-05, 5.394583569431416e-05, 4.212170840382113e-05], [1.722134769900222e-05, 3.0669035454420806e-05, 5.731102583672755e-05, 0.00011118407005329297, 0.00010754242765836165, 8.180163836998487e-05], [3.306474639058833e-05, 6.117280133811848e-05, 0.00011118407005329297, 0.00044832679034796256, 0.0003086122585859096, 0.00020811914757793917], [2.9549530169395826e-05, 5.394583569431416e-05, 0.00010754242765836165, 0.0003086122585859096, 0.000302432395491491, 0.00020657410582163745], [2.3652665629001258e-05, 4.212170840382113e-05, 8.180163836998487e-05, 0.00020811914757793917, 0.00020657410582163745, 0.0001498937403761267]]</COVARIANCE_MATRIX>
		<ROI_SIZE>55</ROI_SIZE>
		<MAX_VALUE>[0.12501490116119385, 0.11709528416395187, 0.11709528416395187, 0.1270119994878769, 0.1084640771150589, 0.08321318030357361]</MAX_VALUE>
		<MIN_VALUE>[0.11055301129817963, 0.0914541482925415, 0.0754772201180458, 0.050387006253004074, 0.03994232788681984, 0.02896966226398945]</MIN_VALUE>
		<SIGNATURE_THRESHOLD_MD>0</SIGNATURE_THRESHOLD_MD>
		<SIGNATURE_THRESHOLD_ML>0</SIGNATURE_THRESHOLD_ML>
		<SIGNATURE_THRESHOLD_SAM>0</SIGNATURE_THRESHOLD_SAM>
	</signature>
	<signature ID="20211229_122604647965_650">
		<MACROCLASSID>1</MACROCLASSID>
		<MACROCLASSINFO>waterbody</MACROCLASSINFO>
		<CLASSID>16</CLASSID>
		<CLASSINFO>C 1</CLASSINFO>
		<VALUES>[0.11396532673388719, 0.0027631179028877713, 0.09813301451504232, 0.004899778302460262, 0.0898380933329463, 0.008451139593071734, 0.09681939380243419, 0.02991328540509143, 0.0779277057386935, 0.026957047936817524, 0.0517453941050917, 0.017877398633079893]</VALUES>
		<LCS_MIN>[0.10963480174541473, 0.09150006622076035, 0.07885165512561798, 0.05424351245164871, 0.042421504855155945, 0.028395775705575943]</LCS_MIN>
