<?xml version="1.0" ?>
<signaturelist MCID_LIST="[['1', 'waterbody', '#000000'], ['2', 'vegetation', '#000000'], ['3', 'bareland', '#000000'], ['4', 'built-up', '#000000']]">
	<signature ID="20211229_122301201904_557">
		<MACROCLASSID>1</MACROCLASSID>
		<MACROCLASSINFO>waterbody</MACROCLASSINFO>
		<CLASSID>1</CLASSID>
		<CLASSINFO>C 1</CLASSINFO>
		<VALUES>[0.14155712376284174, 0.0005706235251142566, 0.15244293039781387, 0.0006412210501266818, 0.12239592794341199, 0.0029343719515616817, 0.04963766670979505, 0.0011304150460677992, 0.031002952113268083, 0.000744779043791994, 0.024548234481966896, 0.0006292590752837781]</VALUES>
		<LCS_MIN>[0.13968336582183838, 0.1504264920949936, 0.11610821634531021, 0.04705849289894104, 0.028946708887815475, 0.02270284667611122]</LCS_MIN>
		<LCS_MAX>[0.1435169130563736, 0.15471911430358887, 0.12933050096035004, 0.0533023476600647, 0.03397393599152565, 0.026811860501766205]</LCS_MAX>
		<WAVELENGTH>[0.48, 0.56, 0.655, 0.865, 1.61, 2.2]</WAVELENGTH>
		<MEAN_VALUE>[0.14155712376284174, 0.15244293039781387, 0.12239592794341199, 0.04963766670979505, 0.031002952113268083, 0.024548234481966896]</MEAN_VALUE>
		<CHECKBOX>2</CHECKBOX>
		<SD>[0.0005706235251142566, 0.0006412210501266818, 0.0029343719515616817, 0.0011304150460677992, 0.000744779043791994, 0.0006292590752837781]</SD>
		<WAVELENGTH_UNIT>E-6m</WAVELENGTH_UNIT>
		<COLOR>#62eb86</COLOR>
		<COVARIANCE_MATRIX>[[3.199276363829995e-07, 2.978223108129896e-07, 1.4579643448087154e-07, 1.8465100026787695e-07, 2.3058493070493569e-07, 2.068581750336307e-07], [2.978223108129896e-07, 4.2701088887042715e-07, 6.890305712659028e-07, 3.7358998383751896e-07, 3.434731752349762e-07, 2.988311393892218e-07], [1.4579643448087154e-07, 6.890305712659028e-07, 8.406037522945553e-06, 3.001891172971227e-06, 1.5750247257528827e-06, 1.2689117738773348e-06], [1.8465100026787695e-07, 3.7358998383751896e-07, 3.001891172971227e-06, 1.2616775393325952e-06, 7.214672450572834e-07, 5.911905986977217e-07], [2.3058493070493569e-07, 3.434731752349762e-07, 1.5750247257528827e-06, 7.214672450572834e-07, 5.62500076739525e-07, 4.369542523363634e-07], [2.068581750336307e-07, 2.988311393892218e-07, 1.2689117738773348e-06, 5.911905986977217e-07, 4.369542523363634e-07, 4.0020984215516364e-07]]</COVARIANCE_MATRIX>
		<ROI_SIZE>10201</ROI_SIZE>
		<MAX_VALUE>[0.1435169130563736, 0.15471911430358887, 0.12933050096035004, 0.0533023476600647, 0.03397393599152565, 0.026811860501766205]</MAX_VALUE>
		<MIN_VALUE>[0.13968336582183838, 0.1504264920949936, 0.11610821634531021, 0.04705849289894104, 0.028946708887815475, 0.02270284667611122]</MIN_VALUE>
		<SIGNATURE_THRESHOLD_MD>0.0</SIGNATURE_THRESHOLD_MD>
		<SIGNATURE_THRESHOLD_ML>0.0</SIGNATURE_THRESHOLD_ML>
		<SIGNATURE_THRESHOLD_SAM>0.0</SIGNATURE_THRESHOLD_SAM>
	</signature>
	<signature ID="20211229_122305465129_131">
		<MACROCLASSID>1</MACROCLASSID>
		<MACROCLASSINFO>waterbody</MACROCLASSINFO>
		<CLASSID>2</CLASSID>
		<CLASSINFO>C 1</CLASSINFO>
		<VALUES>[0.13834249088817313, 0.0005825919241741347, 0.14982737124753073, 0.0008401558159531958, 0.12059264804663847, 0.0015978546522353195, 0.05145281073468248, 0.0024610897095861573, 0.032513183734929924, 0.0017411421780286743, 0.02570112008484635, 0.0012705389256324796]</VALUES>
		<LCS_MIN>[0.13584981858730316, 0.1452844738960266, 0.11615411937236786, 0.046645279973745346, 0.02887783572077751, 0.02270284667611122]</LCS_MIN>
		<LCS_MAX>[0.1405327022075653, 0.15226291120052338, 0.12524443864822388, 0.05933959409594536, 0.037830423563718796, 0.02919921837747097]</LCS_MAX>
		<WAVELENGTH>[0.48, 0.56, 0.655, 0.865, 1.61, 2.2]</WAVELENGTH>
		<MEAN_VALUE>[0.13834249088817313, 0.14982737124753073, 0.12059264804663847, 0.05145281073468248, 0.032513183734929924, 0.02570112008484635]</MEAN_VALUE>
		<CHECKBOX>2</CHECKBOX>
		<SD>[0.0005825919241741347, 0.0008401558159531958, 0.0015978546522353195, 0.0024610897095861573, 0.0017411421780286743, 0.0012705389256324796]</SD>
		<WAVELENGTH_UNIT>E-6m</WAVELENGTH_UNIT>
		<COLOR>#a00161</COLOR>
		<COVARIANCE_MATRIX>[[3.094415319537802e-07, 3.29280794630904e-07, 8.612546054109771e-08, 4.3190116372215925e-08, 1.0929016269756175e-07, 1.1430646651433563e-07], [3.29280794630904e-07, 5.678714387613581e-07, -9.099521491862106e-08, -4.09394402822727e-07, -1.8457996020515566e-07, -8.687732844236962e-08], [8.612546054109771e-08, -9.099521491862106e-08, 1.9641261133074295e-06, 2.7778905860031955e-06, 1.9755102584895212e-06, 1.463411877011822e-06], [4.3190116372215925e-08, -4.09394402822727e-07, 2.7778905860031955e-06, 4.675997843150981e-06, 3.284619424448465e-06, 2.3956324639584636e-06], [1.0929016269756175e-07, -1.8457996020515566e-07, 1.9755102584895212e-06, 3.284619424448465e-06, 2.4238684090960305e-06, 1.7455411125411047e-06], [1.1430646651433563e-07, -8.687732844236962e-08, 1.463411877011822e-06, 2.3956324639584636e-06, 1.7455411125411047e-06, 1.319205921390676e-06]]</COVARIANCE_MATRIX>
		<ROI_SIZE>10201</ROI_SIZE>
		<MAX_VALUE>[0.1405327022075653, 0.15226291120052338, 0.12524443864822388, 0.05933959409594536, 0.037830423563718796, 0.02919921837747097]</MAX_VALUE>
		<MIN_VALUE>[0.13584981858730316, 0.1452844738960266, 0.11615411937236786, 0.046645279973745346, 0.02887783572077751, 0.02270284667611122]</MIN_VALUE>
		<SIGNATURE_THRESHOLD_MD>0.0</SIGNATURE_THRESHOLD_MD>
		<SIGNATURE_THRESHOLD_ML>0.0</SIGNATURE_THRESHOLD_ML>
		<SIGNATURE_THRESHOLD_SAM>0.0</SIGNATURE_THRESHOLD_SAM>
	</signature>
	<signature ID="20211229_122309173587_911">
		<MACROCLASSID>1</MACROCLASSID>
		<MACROCLASSINFO>waterbody</MACROCLASSINFO>
		<CLASSID>3</CLASSID>
		<CLASSINFO>C 1</CLASSINFO>
		<VALUES>[0.1379284337814972, 0.0037001997726306044, 0.14601697511200434, 0.0053836300408514, 0.13851221564004254, 0.006061712115725787, 0.0672361868438838, 0.008587405158958282, 0.03961671064085468, 0.0018990318600959624, 0.031815805377967715, 0.0013981599555967766]</VALUES>
		<LCS_MIN>[0.11312402039766312, 0.11250422149896622, 0.10380414128303528, 0.05493216589093208, 0.0274775642901659, 0.01974160224199295]</LCS_MIN>
		<LCS_MAX>[0.1464092880487442, 0.1577492356300354, 0.15462730824947357, 0.10284000635147095, 0.06507844477891922, 0.04797670245170593]</LCS_MAX>
		<WAVELENGTH>[0.48, 0.56, 0.655, 0.865, 1.61, 2.2]</WAVELENGTH>
		<MEAN_VALUE>[0.1379284337814972, 0.14601697511200434, 0.13851221564004254, 0.0672361868438838, 0.03961671064085468, 0.031815805377967715]</MEAN_VALUE>
		<CHECKBOX>2</CHECKBOX>
		<SD>[0.0037001997726306044, 0.0053836300408514, 0.006061712115725787, 0.008587405158958282, 0.0018990318600959624, 0.0013981599555967766]</SD>
		<WAVELENGTH_UNIT>E-6m</WAVELENGTH_UNIT>
		<COLOR>#85feb9</COLOR>
		<COVARIANCE_MATRIX>[[1.2513646652223542e-05, 1.8141312466468662e-05, -8.617033017799258e-06, -2.24160266952822e-05, -1.8555192582425661e-06, -1.4904144052252377e-07], [1.8141312466468662e-05, 2.6712568796938285e-05, -1.3238800420367625e-05, -3.3294210879830644e-05, -3.2691459637135267e-06, -6.969037258386379e-07], [-8.617033017799258e-06, -1.3238800420367625e-05, 3.511770773911849e-05, 4.037235339637846e-05, 4.911734322377015e-06, 3.4941222111228853e-06], [-2.24160266952822e-05, -3.3294210879830644e-05, 4.037235339637846e-05, 7.167932926677167e-05, 9.41209691518452e-06, 4.94486084789969e-06], [-1.8555192582425661e-06, -3.2691459637135267e-06, 4.911734322377015e-06, 9.41209691518452e-06, 3.3652770525804954e-06, 2.2663541585643543e-06], [-1.4904144052252377e-07, -6.969037258386379e-07, 3.4941222111228853e-06, 4.94486084789969e-06, 2.2663541585643543e-06, 1.7814663806348108e-06]]</COVARIANCE_MATRIX>
		<ROI_SIZE>8611</ROI_SIZE>
		<MAX_VALUE>[0.1464092880487442, 0.1577492356300354, 0.15462730824947357, 0.10284000635147095, 0.06507844477891922, 0.04797670245170593]</MAX_VALUE>
		<MIN_VALUE>[0.11312402039766312, 0.11250422149896622, 0.10380414128303528, 0.05493216589093208, 0.0274775642901659, 0.01974160224199295]</MIN_VALUE>
		<SIGNATURE_THRESHOLD_MD>0.0</SIGNATURE_THRESHOLD_MD>
		<SIGNATURE_THRESHOLD_ML>0.0</SIGNATURE_THRESHOLD_ML>
		<SIGNATURE_THRESHOLD_SAM>0.0</SIGNATURE_THRESHOLD_SAM>
	</signature>
	<signature ID="20211229_122341865806_438">
		<MACROCLASSID>1</MACROCLASSID>
		<MACROCLASSINFO>waterbody</MACROCLASSINFO>
		<CLASSID>4</CLASSID>
		<CLASSINFO>C 1</CLASSINFO>
		<VALUES>[0.1392454756933191, 0.002480778162690687, 0.14730822044166217, 0.004356780244646687, 0.14816225743189101, 0.003213380903864147, 0.07886985547785245, 0.008291733690598645, 0.04985852287874709, 0.0030065958268742678, 0.04034903233557691, 0.00213451283830246]</VALUES>
		<LCS_MIN>[0.1156720519065857, 0.10876249521970749, 0.11420291662216187, 0.06599666178226471, 0.04290357232093811, 0.03466259315609932]</LCS_MIN>
		<LCS_MAX>[0.142690509557724, 0.15334181487560272, 0.15513232350349426, 0.11663618683815002, 0.06046441197395325, 0.046851884573698044]</LCS_MAX>
		<WAVELENGTH>[0.48, 0.56, 0.655, 0.865, 1.61, 2.2]</WAVELENGTH>
		<MEAN_VALUE>[0.1392454756933191, 0.14730822044166217, 0.14816225743189101, 0.07886985547785245, 0.04985852287874709, 0.04034903233557691]</MEAN_VALUE>
		<CHECKBOX>2</CHECKBOX>
		<SD>[0.002480778162690687, 0.004356780244646687, 0.003213380903864147, 0.008291733690598645, 0.0030065958268742678, 0.00213451283830246]</SD>
		<WAVELENGTH_UNIT>E-6m</WAVELENGTH_UNIT>
		<COLOR>#8f3d36</COLOR>
		<COVARIANCE_MATRIX>[[6.022635716362856e-06, 1.043018710333854e-05, 3.6983960853831377e-06, -1.7410302461939864e-05, -4.4457410695031285e-06, -2.7997166398563422e-06], [1.043018710333854e-05, 1.8689011994865723e-05, 5.945605153101496e-06, -3.2196094252867624e-05, -8.819202776066959e-06, -5.725572918890975e-06], [3.6983960853831377e-06, 5.945605153101496e-06, 9.667957783676684e-06, -1.0495635933693848e-06, 2.3922636955830967e-06, 2.1780692804895807e-06], [-1.7410302461939864e-05, -3.2196094252867624e-05, -1.0495635933693848e-06, 7.198809908004478e-05, 2.3946453438838944e-05, 1.631680606806185e-05], [-4.4457410695031285e-06, -8.819202776066959e-06, 2.3922636955830967e-06, 2.3946453438838944e-05, 9.636256436351687e-06, 6.738415777363116e-06], [-2.7997166398563422e-06, -5.725572918890975e-06, 2.1780692804895807e-06, 1.631680606806185e-05, 6.738415777363116e-06, 4.8573597268841695e-06]]</COVARIANCE_MATRIX>
		<ROI_SIZE>10048</ROI_SIZE>
		<MAX_VALUE>[0.142690509557724, 0.15334181487560272, 0.15513232350349426, 0.11663618683815002, 0.06046441197395325, 0.046851884573698044]</MAX_VALUE>
		<MIN_VALUE>[0.1156720519065857, 0.10876249521970749, 0.11420291662216187, 0.06599666178226471, 0.04290357232093811, 0.03466259315609932]</MIN_VALUE>
		<SIGNATURE_THRESHOLD_MD>0.0</SIGNATURE_THRESHOLD_MD>
		<SIGNATURE_THRESHOLD_ML>0.0</SIGNATURE_THRESHOLD_ML>
		<SIGNATURE_THRESHOLD_SAM>0.0</SIGNATURE_THRESHOLD_SAM>
	</signature>
	<signature ID="20211229_122352194778_227">
		<MACROCLASSID>1</MACROCLASSID>
		<MACROCLASSINFO>waterbody</MACROCLASSINFO>
		<CLASSID>5</CLASSID>
		<CLASSINFO>C 1</CLASSINFO>
		<VALUES>[0.13874165695941315, 0.0035863770213697094, 0.14588611774720905, 0.0060867238277322955, 0.1478896042036478, 0.004559600517622037, 0.08239740258344852, 0.010189240631739595, 0.050617200867579586, 0.002450930410477909, 0.041332608244304, 0.001944468270569334]</VALUES>
		<LCS_MIN>[0.11498339474201202, 0.10926751047372818, 0.11105803400278091, 0.06535390764474869, 0.03872568532824516, 0.030438799411058426]</LCS_MIN>
		<LCS_MAX>[0.14448104798793793, 0.1552700400352478, 0.15862153470516205, 0.11968924105167389, 0.07442127913236618, 0.059821661561727524]</LCS_MAX>
		<WAVELENGTH>[0.48, 0.56, 0.655, 0.865, 1.61, 2.2]</WAVELENGTH>
		<MEAN_VALUE>[0.13874165695941315, 0.14588611774720905, 0.1478896042036478, 0.08239740258344852, 0.050617200867579586, 0.041332608244304]</MEAN_VALUE>
		<CHECKBOX>2</CHECKBOX>
		<SD>[0.0035863770213697094, 0.0060867238277322955, 0.004559600517622037, 0.010189240631739595, 0.002450930410477909, 0.001944468270569334]</SD>
		<WAVELENGTH_UNIT>E-6m</WAVELENGTH_UNIT>
		<COLOR>#01750a</COLOR>
		<COVARIANCE_MATRIX>[[1.27612456708448e-05, 2.1267982447170652e-05, 1.1572722542041447e-05, -2.8597283744602464e-05, -2.7455025701783597e-06, -1.64498885624198e-06], [2.1267982447170652e-05, 3.646838013082743e-05, 1.935617001436185e-05, -4.966026244801469e-05, -5.9035251069872174e-06, -3.817196102318121e-06], [1.1572722542041447e-05, 1.935617001436185e-05, 2.0365891032270156e-05, -1.3465101801557466e-05, 1.093292553377978e-06, 1.5757259461679496e-06], [-2.8597283744602464e-05, -4.966026244801469e-05, -1.3465101801557466e-05, 9.711817983770743e-05, 1.6080084606073797e-05, 1.1899475794052705e-05], [-2.7455025701783597e-06, -5.9035251069872174e-06, 1.093292553377978e-06, 1.6080084606073797e-05, 5.634620720229577e-06, 4.4164980863570236e-06], [-1.64498885624198e-06, -3.817196102318121e-06, 1.5757259461679496e-06, 1.1899475794052705e-05, 4.4164980863570236e-06, 3.5895629935112083e-06]]</COVARIANCE_MATRIX>
		<ROI_SIZE>9127</ROI_SIZE>
		<MAX_VALUE>[0.14448104798793793, 0.1552700400352478, 0.15862153470516205, 0.11968924105167389, 0.07442127913236618, 0.059821661561727524]</MAX_VALUE>
		<MIN_VALUE>[0.11498339474201202, 0.10926751047372818, 0.11105803400278091, 0.06535390764474869, 0.03872568532824516, 0.030438799411058426]</MIN_VALUE>
		<SIGNATURE_THRESHOLD_MD>0.0</SIGNATURE_THRESHOLD_MD>
		<SIGNATURE_THRESHOLD_ML>0.0</SIGNATURE_THRESHOLD_ML>
		<SIGNATURE_THRESHOLD_SAM>0.0</SIGNATURE_THRESHOLD_SAM>
	</signature>
	<signature ID="20211229_122431192240_352">
		<MACROCLASSID>1</MACROCLASSID>
		<MACROCLASSINFO>waterbody</MACROCLASSINFO>
		<CLASSID>6</CLASSID>
		<CLASSINFO>C 1</CLASSINFO>
		<VALUES>[0.14013612669879155, 0.0017581868751073077, 0.14961696584314474, 0.003360605921488403, 0.11775738086012166, 0.002974963822573224, 0.05212848719042495, 0.0031050299673684657, 0.03335054357342681, 0.001713739083415803, 0.02616094979118574, 0.0012208671856278577]</VALUES>
		<LCS_MIN>[0.11799054592847824, 0.11046119034290314, 0.09960330277681351, 0.04786192625761032, 0.0306224524974823, 0.022794663906097412]</LCS_MIN>
		<LCS_MAX>[0.14195594191551208, 0.15201039612293243, 0.1238212063908577, 0.08996205776929855, 0.05286618322134018, 0.035948093980550766]</LCS_MAX>
		<WAVELENGTH>[0.48, 0.56, 0.655, 0.865, 1.61, 2.2]</WAVELENGTH>
		<MEAN_VALUE>[0.14013612669879155, 0.14961696584314474, 0.11775738086012166, 0.05212848719042495, 0.03335054357342681, 0.02616094979118574]</MEAN_VALUE>
		<CHECKBOX>2</CHECKBOX>
		<SD>[0.0017581868751073077, 0.003360605921488403, 0.002974963822573224, 0.0031050299673684657, 0.001713739083415803, 0.0012208671856278577]</SD>
		<WAVELENGTH_UNIT>E-6m</WAVELENGTH_UNIT>
		<COLOR>#34cca3</COLOR>
		<COVARIANCE_MATRIX>[[1.924447587953182e-06, 3.4844340461859247e-06, 6.27564588739915e-07, -2.2463821096607717e-06, -6.044731435395079e-07, -2.6991526169695135e-07], [3.4844340461859247e-06, 6.969363312236965e-06, 1.4231940212994232e-06, -4.772821284859674e-06, -1.6472185961902142e-06, -8.916602496356063e-07], [6.27564588739915e-07, 1.4231940212994232e-06, 8.451460416836198e-06, 3.499668991935323e-06, 2.8960723739146488e-06, 2.2246338176046265e-06], [-2.2463821096607717e-06, -4.772821284859674e-06, 3.499668991935323e-06, 7.629772881045938e-06, 4.00465251004789e-06, 2.730975893427967e-06], [-6.044731435395079e-07, -1.6472185961902142e-06, 2.8960723739146488e-06, 4.00465251004789e-06, 2.7732412490877323e-06, 1.9630892893474083e-06], [-2.6991526169695135e-07, -8.916602496356063e-07, 2.2246338176046265e-06, 2.730975893427967e-06, 1.9630892893474083e-06, 1.4599224869016325e-06]]</COVARIANCE_MATRIX>
		<ROI_SIZE>10143</ROI_SIZE>
		<MAX_VALUE>[0.14195594191551208, 0.15201039612293243, 0.1238212063908577, 0.08996205776929855, 0.05286618322134018, 0.035948093980550766]</MAX_VALUE>
		<MIN_VALUE>[0.11799054592847824, 0.11046119034290314, 0.09960330277681351, 0.04786192625761032, 0.0306224524974823, 0.022794663906097412]</MIN_VALUE>
		<SIGNATURE_THRESHOLD_MD>0.0</SIGNATURE_THRESHOLD_MD>
		<SIGNATURE_THRESHOLD_ML>0.0</SIGNATURE_THRESHOLD_ML>
		<SIGNATURE_THRESHOLD_SAM>0.0</SIGNATURE_THRESHOLD_SAM>
	</signature>
	<signature ID="20211229_122443824962_193">
		<MACROCLASSID>1</MACROCLASSID>
		<MACROCLASSINFO>waterbody</MACROCLASSINFO>
		<CLASSID>7</CLASSID>
		<CLASSINFO>C 1</CLASSINFO>
		<VALUES>[0.11508350653780831, 0.004044456988903805, 0.10174708026978704, 0.005622988978324598, 0.09389570934904946, 0.009718914730726726, 0.11042420503993831, 0.022919166868525506, 0.08933970663282606, 0.02016438183939317, 0.06200943690621191, 0.014208117904334948]</VALUES>
		<LCS_MIN>[0.10981843620538712, 0.09368082880973816, 0.07933372259140015, 0.07336533069610596, 0.06113011762499809, 0.04214604198932648]</LCS_MIN>
		<LCS_MAX>[0.1263003796339035, 0.11645253002643585, 0.11941377818584442, 0.15944790840148926, 0.14184115827083588, 0.09480562806129456]</LCS_MAX>
		<WAVELENGTH>[0.48, 0.56, 0.655, 0.865, 1.61, 2.2]</WAVELENGTH>
		<MEAN_VALUE>[0.11508350653780831, 0.10174708026978704, 0.09389570934904946, 0.11042420503993831, 0.08933970663282606, 0.06200943690621191]</MEAN_VALUE>
		<CHECKBOX>2</CHECKBOX>
		<SD>[0.004044456988903805, 0.005622988978324598, 0.009718914730726726, 0.022919166868525506, 0.02016438183939317, 0.014208117904334948]</SD>
		<WAVELENGTH_UNIT>E-6m</WAVELENGTH_UNIT>
		<COLOR>#695160</COLOR>
		<COVARIANCE_MATRIX>[[1.682499350863509e-05, 2.2185497073223814e-05, 3.7845660699531436e-05, 4.872284989687614e-05, 6.455207039834931e-05, 5.248508387012407e-05], [2.2185497073223814e-05, 3.2521376851946115e-05, 5.476924707181752e-05, 7.320537406485528e-05, 9.212150325765833e-05, 7.570118032163009e-05], [3.7845660699531436e-05, 5.476924707181752e-05, 9.715608030091971e-05, 0.0001320363226113841, 0.00015910185175016522, 0.00013070848945062608], [4.872284989687614e-05, 7.320537406485528e-05, 0.0001320363226113841, 0.0005402964306995273, 0.00040073509444482625, 0.00024323839170392603], [6.455207039834931e-05, 9.212150325765833e-05, 0.00015910185175016522, 0.00040073509444482625, 0.0004182195116300136, 0.0002810224541462958], [5.248508387012407e-05, 7.570118032163009e-05, 0.00013070848945062608, 0.00024323839170392603, 0.0002810224541462958, 0.0002076383534586057]]</COVARIANCE_MATRIX>
		<ROI_SIZE>36</ROI_SIZE>
		<MAX_VALUE>[0.1263003796339035, 0.11645253002643585, 0.11941377818584442, 0.15944790840148926, 0.14184115827083588, 0.09480562806129456]</MAX_VALUE>
		<MIN_VALUE>[0.10981843620538712, 0.09368082880973816, 0.07933372259140015, 0.07336533069610596, 0.06113011762499809, 0.04214604198932648]</MIN_VALUE>
		<SIGNATURE_THRESHOLD_MD>0.0</SIGNATURE_THRESHOLD_MD>
		<SIGNATURE_THRESHOLD_ML>0.0</SIGNATURE_THRESHOLD_ML>
		<SIGNATURE_THRESHOLD_SAM>0.0</SIGNATURE_THRESHOLD_SAM>
	</signature>
	<signature ID="20211229_122449637220_989">
		<MACROCLASSID>1</MACROCLASSID>
		<MACROCLASSINFO>waterbody</MACROCLASSINFO>
		<CLASSID>8</CLASSID>
		<CLASSINFO>C 1</CLASSINFO>
		<VALUES>[0.11689829149029471, 0.005056289308813426, 0.10370396592400294, 0.006652913357951641, 0.09998436461795461, 0.010416960767536147, 0.10192262990908188, 0.020048704032550373, 0.09232311790639702, 0.019378614757184415, 0.0666302255608819, 0.015012703395417385]</VALUES>
		<LCS_MIN>[0.1107366532087326, 0.09441538900136948, 0.08569236099720001, 0.06785603612661362, 0.059362564235925674, 0.041572149842977524]</LCS_MIN>
		<LCS_MAX>[0.13605642318725586, 0.12717269361019135, 0.13343951106071472, 0.14822275936603546, 0.1368139535188675, 0.10143972188234329]</LCS_MAX>
		<WAVELENGTH>[0.48, 0.56, 0.655, 0.865, 1.61, 2.2]</WAVELENGTH>
		<MEAN_VALUE>[0.11689829149029471, 0.10370396592400294, 0.09998436461795461, 0.10192262990908188, 0.09232311790639702, 0.0666302255608819]</MEAN_VALUE>
		<CHECKBOX>2</CHECKBOX>
		<SD>[0.005056289308813426, 0.006652913357951641, 0.010416960767536147, 0.020048704032550373, 0.019378614757184415, 0.015012703395417385]</SD>
		<WAVELENGTH_UNIT>E-6m</WAVELENGTH_UNIT>
		<COLOR>#6b9145</COLOR>
		<COVARIANCE_MATRIX>[[2.6039506337838247e-05, 3.224982356186956e-05, 4.9542199121788144e-05, 6.891645898576826e-05, 6.269878940656781e-05, 5.743404108216055e-05], [3.224982356186956e-05, 4.5080909330863506e-05, 6.895017577335238e-05, 9.641661745263264e-05, 9.393609070684761e-05, 8.358144987141714e-05], [4.9542199121788144e-05, 6.895017577335238e-05, 0.00011052257468691096, 0.00016937896725721657, 0.00016330770449712873, 0.00014104122237768024], [6.891645898576826e-05, 9.641661745263264e-05, 0.00016937896725721657, 0.00040939406608231366, 0.0003273496695328504, 0.00025869900127872825], [6.269878940656781e-05, 9.393609070684761e-05, 0.00016330770449712873, 0.0003273496695328504, 0.0003824849845841527, 0.00028847201610915363], [5.743404108216055e-05, 8.358144987141714e-05, 0.00014104122237768024, 0.00025869900127872825, 0.00028847201610915363, 0.00022955499298404902]]</COVARIANCE_MATRIX>
		<ROI_SIZE>55</ROI_SIZE>
		<MAX_VALUE>[0.13605642318725586, 0.12717269361019135, 0.13343951106071472, 0.14822275936603546, 0.1368139535188675, 0.10143972188234329]</MAX_VALUE>
		<MIN_VALUE>[0.1107366532087326, 0.09441538900136948, 0.08569236099720001, 0.06785603612661362, 0.059362564235925674, 0.041572149842977524]</MIN_VALUE>
		<SIGNATURE_THRESHOLD_MD>0.0</SIGNATURE_THRESHOLD_MD>
		<SIGNATURE_THRESHOLD_ML>0.0</SIGNATURE_THRESHOLD_ML>
		<SIGNATURE_THRESHOLD_SAM>0.0</SIGNATURE_THRESHOLD_SAM>
	</signature>
	<signature ID="20211229_122506440051_696">
		<MACROCLASSID>1</MACROCLASSID>
		<MACROCLASSINFO>waterbody</MACROCLASSINFO>
		<CLASSID>9</CLASSID>
		<CLASSINFO>C 1</CLASSINFO>
		<VALUES>[0.1254727215402656, 0.0077968618650117736, 0.11588758188817236, 0.010277989297206757, 0.1215868890285492, 0.015104481995768028, 0.14876348359717262, 0.027587504696572944, 0.1502390048570103, 0.027078377149652322, 0.109432025709086, 0.019538214178321026]</VALUES>
		<LCS_MIN>[0.11089734733104706, 0.09627478569746017, 0.09085731953382492, 0.08895201981067657, 0.07901234179735184, 0.059431422501802444]</LCS_MIN>
		<LCS_MAX>[0.13890288770198822, 0.13077668845653534, 0.14308075606822968, 0.1796027570962906, 0.17893704771995544, 0.13231469690799713]</LCS_MAX>
		<WAVELENGTH>[0.48, 0.56, 0.655, 0.865, 1.61, 2.2]</WAVELENGTH>
		<MEAN_VALUE>[0.1254727215402656, 0.11588758188817236, 0.1215868890285492, 0.14876348359717262, 0.1502390048570103, 0.109432025709086]</MEAN_VALUE>
		<CHECKBOX>2</CHECKBOX>
		<SD>[0.0077968618650117736, 0.010277989297206757, 0.015104481995768028, 0.027587504696572944, 0.027078377149652322, 0.019538214178321026]</SD>
		<WAVELENGTH_UNIT>E-6m</WAVELENGTH_UNIT>
		<COLOR>#24feec</COLOR>
		<COVARIANCE_MATRIX>[[6.436699914047495e-05, 8.37273255456239e-05, 0.00011977029498666525, 0.0001959118089871481, 0.00016748346388339996, 0.00013072819274384528], [8.37273255456239e-05, 0.00011185101175215095, 0.0001617664674995467, 0.00027000499540008605, 0.00023292210244107991, 0.0001798800949472934], [0.00011977029498666525, 0.0001617664674995467, 0.00024156569270417094, 0.0004146717838011682, 0.00036607030779123306, 0.00027759428485296667], [0.0001959118089871481, 0.00027000499540008605, 0.0004146717838011682, 0.0008058392559178174, 0.0007341121672652662, 0.0005453065969049931], [0.00016748346388339996, 0.00023292210244107991, 0.00036607030779123306, 0.0007341121672652662, 0.0007763701723888516, 0.0005561921861954033], [0.00013072819274384528, 0.0001798800949472934, 0.00027759428485296667, 0.0005453065969049931, 0.0005561921861954033, 0.0004041972279082984]]</COVARIANCE_MATRIX>
		<ROI_SIZE>18</ROI_SIZE>
		<MAX_VALUE>[0.13890288770198822, 0.13077668845653534, 0.14308075606822968, 0.1796027570962906, 0.17893704771995544, 0.13231469690799713]</MAX_VALUE>
		<MIN_VALUE>[0.11089734733104706, 0.09627478569746017, 0.09085731953382492, 0.08895201981067657, 0.07901234179735184, 0.059431422501802444]</MIN_VALUE>
		<SIGNATURE_THRESHOLD_MD>0.0</SIGNATURE_THRESHOLD_MD>
		<SIGNATURE_THRESHOLD_ML>0.0</SIGNATURE_THRESHOLD_ML>
		<SIGNATURE_THRESHOLD_SAM>0.0</SIGNATURE_THRESHOLD_SAM>
	</signature>
	<signature ID="20211229_122515050679_126">
		<MACROCLASSID>1</MACROCLASSID>
		<MACROCLASSINFO>waterbody</MACROCLASSINFO>
		<CLASSID>10</CLASSID>
		<CLASSINFO>C 1</CLASSINFO>
		<VALUES>[0.10267959359297003, 0.0018745953039281111, 0.09802859423786486, 0.0021580621397676446, 0.0843920263744737, 0.003465773942615851, 0.06473180941775832, 0.007740049559967177, 0.04589202718748803, 0.006483576367146901, 0.032997614739786955, 0.005001864170145162]</VALUES>
		<LCS_MIN>[0.09941966086626053, 0.09255600720643997, 0.07933372259140015, 0.05360076203942299, 0.03973572328686714, 0.028533507138490677]</LCS_MIN>
		<LCS_MAX>[0.1170264258980751, 0.11422586441040039, 0.1044468879699707, 0.09705526381731033, 0.0817669928073883, 0.06461933255195618]</LCS_MAX>
		<WAVELENGTH>[0.48, 0.56, 0.655, 0.865, 1.61, 2.2]</WAVELENGTH>
		<MEAN_VALUE>[0.10267959359297003, 0.09802859423786486, 0.0843920263744737, 0.06473180941775832, 0.04589202718748803, 0.032997614739786955]</MEAN_VALUE>
		<CHECKBOX>2</CHECKBOX>
		<SD>[0.0018745953039281111, 0.0021580621397676446, 0.003465773942615851, 0.007740049559967177, 0.006483576367146901, 0.005001864170145162]</SD>
		<WAVELENGTH_UNIT>E-6m</WAVELENGTH_UNIT>
		<COLOR>#4841ef</COLOR>
		<COVARIANCE_MATRIX>[[3.524504336382961e-06, 3.7209490528766764e-06, 5.122676611790666e-06, 6.6634579525270965e-06, 6.889460109960055e-06, 5.876912837265991e-06], [3.7209490528766764e-06, 4.67101108370116e-06, 5.030112788517727e-06, 5.168721600057324e-06, 6.534026852023089e-06, 5.804389729746617e-06], [5.122676611790666e-06, 5.030112788517727e-06, 1.2047125892422628e-05, 2.0836690964642912e-05, 1.7107859093812294e-05, 1.342604991805274e-05], [6.6634579525270965e-06, 5.168721600057324e-06, 2.0836690964642912e-05, 6.00856110395398e-05, 4.620544132194482e-05, 3.367584213265218e-05], [6.889460109960055e-06, 6.534026852023089e-06, 1.7107859093812294e-05, 4.620544132194482e-05, 4.2161133023910224e-05, 3.183017179253511e-05], [5.876912837265991e-06, 5.804389729746617e-06, 1.342604991805274e-05, 3.367584213265218e-05, 3.183017179253511e-05, 2.5092664145631716e-05]]</COVARIANCE_MATRIX>
		<ROI_SIZE>339</ROI_SIZE>
		<MAX_VALUE>[0.1170264258980751, 0.11422586441040039, 0.1044468879699707, 0.09705526381731033, 0.0817669928073883, 0.06461933255195618]</MAX_VALUE>
		<MIN_VALUE>[0.09941966086626053, 0.09255600720643997, 0.07933372259140015, 0.05360076203942299, 0.03973572328686714, 0.028533507138490677]</MIN_VALUE>
		<SIGNATURE_THRESHOLD_MD>0.0</SIGNATURE_THRESHOLD_MD>
		<SIGNATURE_THRESHOLD_ML>0.0</SIGNATURE_THRESHOLD_ML>
		<SIGNATURE_THRESHOLD_SAM>0.0</SIGNATURE_THRESHOLD_SAM>
	</signature>
	<signature ID="20211229_122529984344_501">
		<MACROCLASSID>1</MACROCLASSID>
		<MACROCLASSINFO>waterbody</MACROCLASSINFO>
		<CLASSID>11</CLASSID>
		<CLASSINFO>C 1</CLASSINFO>
		<VALUES>[0.1138218535317315, 0.004346386699404698, 0.10381892820199332, 0.007174046822444001, 0.10353887329498926, 0.010852638563920072, 0.1273690892590417, 0.028053982738828285, 0.10517380626665225, 0.03307974137021636, 0.0730235485566987, 0.02383224856772994]</VALUES>
		<LCS_MIN>[0.10667355358600616, 0.09211986511945724, 0.08872245997190475, 0.08133083581924438, 0.06099238619208336, 0.03879455849528313]</LCS_MIN>
		<LCS_MAX>[0.12933050096035004, 0.12432622164487839, 0.13541367650032043, 0.18293125927448273, 0.16810210049152374, 0.12345391511917114]</LCS_MAX>
		<WAVELENGTH>[0.48, 0.56, 0.655, 0.865, 1.61, 2.2]</WAVELENGTH>
		<MEAN_VALUE>[0.1138218535317315, 0.10381892820199332, 0.10353887329498926, 0.1273690892590417, 0.10517380626665225, 0.0730235485566987]</MEAN_VALUE>
		<CHECKBOX>2</CHECKBOX>
		<SD>[0.004346386699404698, 0.007174046822444001, 0.010852638563920072, 0.028053982738828285, 0.03307974137021636, 0.02383224856772994]</SD>
		<WAVELENGTH_UNIT>E-6m</WAVELENGTH_UNIT>
		<COLOR>#4c50fe</COLOR>
		<COVARIANCE_MATRIX>[[1.932041959662456e-05, 2.9904778784839436e-05, 4.520571019384079e-05, 7.457112951669842e-05, 0.00011692664702422917, 9.161786874756217e-05], [2.9904778784839436e-05, 5.2636652981163934e-05, 7.52326741348952e-05, 0.00013855913130100816, 0.00020653518731705844, 0.00015776899817865342], [4.520571019384079e-05, 7.52326741348952e-05, 0.00012045657786075026, 0.00024294131435453892, 0.0003379436384420842, 0.0002521463029552251], [7.457112951669842e-05, 0.00013855913130100816, 0.00024294131435453892, 0.0008049128809943795, 0.0008423336548730731, 0.0005781602812930942], [0.00011692664702422917, 0.00020653518731705844, 0.0003379436384420842, 0.0008423336548730731, 0.001119139022193849, 0.000789573066867888], [9.161786874756217e-05, 0.00015776899817865342, 0.0002521463029552251, 0.0005781602812930942, 0.000789573066867888, 0.0005808846326544881]]</COVARIANCE_MATRIX>
		<ROI_SIZE>45</ROI_SIZE>
		<MAX_VALUE>[0.12933050096035004, 0.12432622164487839, 0.13541367650032043, 0.18293125927448273, 0.16810210049152374, 0.12345391511917114]</MAX_VALUE>
		<MIN_VALUE>[0.10667355358600616, 0.09211986511945724, 0.08872245997190475, 0.08133083581924438, 0.06099238619208336, 0.03879455849528313]</MIN_VALUE>
		<SIGNATURE_THRESHOLD_MD>0.0</SIGNATURE_THRESHOLD_MD>
		<SIGNATURE_THRESHOLD_ML>0.0</SIGNATURE_THRESHOLD_ML>
		<SIGNATURE_THRESHOLD_SAM>0.0</SIGNATURE_THRESHOLD_SAM>
	</signature>
	<signature ID="20211229_122537585913_546">
		<MACROCLASSID>1</MACROCLASSID>
		<MACROCLASSINFO>waterbody</MACROCLASSINFO>
		<CLASSID>12</CLASSID>
		<CLASSINFO>C 1</CLASSINFO>
		<VALUES>[0.11825086176395418, 0.007126515470069118, 0.10731171488761901, 0.010126002675121433, 0.10922114193439487, 0.01426369812789775, 0.12916567772626883, 0.022239558039182622, 0.12144119784235953, 0.02577353606775976, 0.0887546022236347, 0.02159192786167096]</VALUES>
		<LCS_MIN>[0.10704084485769272, 0.09136233478784561, 0.08399366587400436, 0.07931077480316162, 0.06705260276794434, 0.04462521895766258]</LCS_MIN>
		<LCS_MAX>[0.13470204174518585, 0.12820568680763245, 0.13674508035182953, 0.16436035931110382, 0.1612613946199417, 0.12627743184566498]</LCS_MAX>
		<WAVELENGTH>[0.48, 0.56, 0.655, 0.865, 1.61, 2.2]</WAVELENGTH>
		<MEAN_VALUE>[0.11825086176395418, 0.10731171488761901, 0.10922114193439487, 0.12916567772626883, 0.12144119784235953, 0.0887546022236347]</MEAN_VALUE>
		<CHECKBOX>2</CHECKBOX>
		<SD>[0.007126515470069118, 0.010126002675121433, 0.01426369812789775, 0.022239558039182622, 0.02577353606775976, 0.02159192786167096]</SD>
		<WAVELENGTH_UNIT>E-6m</WAVELENGTH_UNIT>
		<COLOR>#e60351</COLOR>
		<COVARIANCE_MATRIX>[[5.182369568501599e-05, 7.17921502655372e-05, 0.00010013514111051336, 9.544524800730869e-05, 0.00011819999053841457, 0.00011728964454960078], [7.17921502655372e-05, 0.00010462850332260132, 0.00014232826652005315, 0.00015143421478569508, 0.00017827418923843652, 0.0001776246790541336], [0.00010013514111051336, 0.00014232826652005315, 0.00020760518964380026, 0.0002305180678376928, 0.00028194382321089506, 0.00026302895275875926], [9.544524800730869e-05, 0.00015143421478569508, 0.0002305180678376928, 0.0005046917940489948, 0.0005139821441844106, 0.0004018795443698764], [0.00011819999053841457, 0.00017827418923843652, 0.00028194382321089506, 0.0005139821441844106, 0.0006778318202123046, 0.0005431747413240373], [0.00011728964454960078, 0.0001776246790541336, 0.00026302895275875926, 0.0004018795443698764, 0.0005431747413240373, 0.0004757258575409651]]</COVARIANCE_MATRIX>
		<ROI_SIZE>50</ROI_SIZE>
		<MAX_VALUE>[0.13470204174518585, 0.12820568680763245, 0.13674508035182953, 0.16436035931110382, 0.1612613946199417, 0.12627743184566498]</MAX_VALUE>
		<MIN_VALUE>[0.10704084485769272, 0.09136233478784561, 0.08399366587400436, 0.07931077480316162, 0.06705260276794434, 0.04462521895766258]</MIN_VALUE>
		<SIGNATURE_THRESHOLD_MD>0.0</SIGNATURE_THRESHOLD_MD>
		<SIGNATURE_THRESHOLD_ML>0.0</SIGNATURE_THRESHOLD_ML>
		<SIGNATURE_THRESHOLD_SAM>0.0</SIGNATURE_THRESHOLD_SAM>
	</signature>
	<signature ID="20211229_122543700772_763">
		<MACROCLASSID>1</MACROCLASSID>
		<MACROCLASSINFO>waterbody</MACROCLASSINFO>
		<CLASSID>13</CLASSID>
		<CLASSINFO>C 1</CLASSINFO>
		<VALUES>[0.1173589290543036, 0.0030986197852924313, 0.10736360807310451, 0.004395621750860733, 0.10878614471717317, 0.008131846403297215, 0.13964719234993964, 0.016606258703629414, 0.14127006584947757, 0.02048186744584763, 0.0994975697813612, 0.012970893520452224]</VALUES>
		<LCS_MIN>[0.11264195293188095, 0.09944261610507965, 0.09563203155994415, 0.11160895973443985, 0.10811974108219147, 0.07756615430116653]</LCS_MIN>
		<LCS_MAX>[0.12694312632083893, 0.11906945705413818, 0.12900911271572113, 0.16525563597679138, 0.17760562896728516, 0.12710383534431458]</LCS_MAX>
		<WAVELENGTH>[0.48, 0.56, 0.655, 0.865, 1.61, 2.2]</WAVELENGTH>
		<MEAN_VALUE>[0.1173589290543036, 0.10736360807310451, 0.10878614471717317, 0.13964719234993964, 0.14127006584947757, 0.0994975697813612]</MEAN_VALUE>
		<CHECKBOX>2</CHECKBOX>
		<SD>[0.0030986197852924313, 0.004395621750860733, 0.008131846403297215, 0.016606258703629414, 0.02048186744584763, 0.012970893520452224]</SD>
		<WAVELENGTH_UNIT>E-6m</WAVELENGTH_UNIT>
		<COLOR>#322310</COLOR>
		<COVARIANCE_MATRIX>[[9.90148964774562e-06, 1.2094504199922085e-05, 2.4834520445438102e-05, 2.4140534151229076e-05, 3.024586840183474e-05, 2.3898026483948343e-05], [1.2094504199922085e-05, 1.992528632399626e-05, 3.037023634533398e-05, 2.7239804694545455e-05, 3.902330354321748e-05, 4.255199382896535e-05], [2.4834520445438102e-05, 3.037023634533398e-05, 6.819338886998594e-05, 8.13342776382342e-05, 0.00010456496966071427, 6.931545067345724e-05], [2.4140534151229076e-05, 2.7239804694545455e-05, 8.13342776382342e-05, 0.0002843855763785541, 0.00030845339642837644, 0.00013122950622346252], [3.024586840183474e-05, 3.902330354321748e-05, 0.00010456496966071427, 0.00030845339642837644, 0.0004326164780650288, 0.00022307867766357958], [2.3898026483948343e-05, 4.255199382896535e-05, 6.931545067345724e-05, 0.00013122950622346252, 0.00022307867766357958, 0.00017350169946439564]]</COVARIANCE_MATRIX>
		<ROI_SIZE>33</ROI_SIZE>
		<MAX_VALUE>[0.12694312632083893, 0.11906945705413818, 0.12900911271572113, 0.16525563597679138, 0.17760562896728516, 0.12710383534431458]</MAX_VALUE>
		<MIN_VALUE>[0.11264195293188095, 0.09944261610507965, 0.09563203155994415, 0.11160895973443985, 0.10811974108219147, 0.07756615430116653]</MIN_VALUE>
		<SIGNATURE_THRESHOLD_MD>0.0</SIGNATURE_THRESHOLD_MD>
		<SIGNATURE_THRESHOLD_ML>0.0</SIGNATURE_THRESHOLD_ML>
		<SIGNATURE_THRESHOLD_SAM>0.0</SIGNATURE_THRESHOLD_SAM>
	</signature>
	<signature ID="20211229_122553239022_502">
		<MACROCLASSID>1</MACROCLASSID>
		<MACROCLASSINFO>waterbody</MACROCLASSINFO>
		<CLASSID>14</CLASSID>
		<CLASSINFO>C 1</CLASSINFO>
		<VALUES>[0.1162852917785768, 0.004343915587504533, 0.10461413115262984, 0.006847476682308111, 0.10274729442286802, 0.00996505936780845, 0.13518083521297997, 0.028556287069066134, 0.11459345254418138, 0.022945946858022783, 0.07806282829154623, 0.016534222556655563]</VALUES>
		<LCS_MIN>[0.10981843620538712, 0.09333649277687073, 0.083098404109478, 0.06803969293832779, 0.06537686288356781, 0.04480885714292526]</LCS_MIN>
		<LCS_MAX>[0.13171784579753876, 0.1279531717300415, 0.1276547610759735, 0.19413350522518158, 0.1576574295759201, 0.11041527986526489]</LCS_MAX>
		<WAVELENGTH>[0.48, 0.56, 0.655, 0.865, 1.61, 2.2]</WAVELENGTH>
		<MEAN_VALUE>[0.1162852917785768, 0.10461413115262984, 0.10274729442286802, 0.13518083521297997, 0.11459345254418138, 0.07806282829154623]</MEAN_VALUE>
		<CHECKBOX>2</CHECKBOX>
		<SD>[0.004343915587504533, 0.006847476682308111, 0.00996505936780845, 0.028556287069066134, 0.022945946858022783, 0.016534222556655563]</SD>
		<WAVELENGTH_UNIT>E-6m</WAVELENGTH_UNIT>
		<COLOR>#9986d9</COLOR>
		<COVARIANCE_MATRIX>[[1.911788604047615e-05, 2.9046703275525942e-05, 4.1229210182791576e-05, 4.938147685606964e-05, 5.587222403846681e-05, 5.251691254670732e-05], [2.9046703275525942e-05, 4.750488369609229e-05, 6.385787855833769e-05, 0.00010067394759971648, 0.00010401206964161247, 9.174246224574745e-05], [4.1229210182791576e-05, 6.385787855833769e-05, 0.00010060901695396751, 0.0001482962688896805, 0.00016099157801363617, 0.00013234316429588944], [4.938147685606964e-05, 0.00010067394759971648, 0.0001482962688896805, 0.0008261912735179067, 0.0006076476420275867, 0.00037269582389853895], [5.587222403846681e-05, 0.00010401206964161247, 0.00016099157801363617, 0.0006076476420275867, 0.0005334443412721157, 0.00035367708187550306], [5.251691254670732e-05, 9.174246224574745e-05, 0.00013234316429588944, 0.00037269582389853895, 0.00035367708187550306, 0.0002769776328932494]]</COVARIANCE_MATRIX>
		<ROI_SIZE>77</ROI_SIZE>
		<MAX_VALUE>[0.13171784579753876, 0.1279531717300415, 0.1276547610759735, 0.19413350522518158, 0.1576574295759201, 0.11041527986526489]</MAX_VALUE>
		<MIN_VALUE>[0.10981843620538712, 0.09333649277687073, 0.083098404109478, 0.06803969293832779, 0.06537686288356781, 0.04480885714292526]</MIN_VALUE>
		<SIGNATURE_THRESHOLD_MD>0.0</SIGNATURE_THRESHOLD_MD>
		<SIGNATURE_THRESHOLD_ML>0.0</SIGNATURE_THRESHOLD_ML>
		<SIGNATURE_THRESHOLD_SAM>0.0</SIGNATURE_THRESHOLD_SAM>
	</signature>
	<signature ID="20211229_122600393042_460">
		<MACROCLASSID>1</MACROCLASSID>
		<MACROCLASSINFO>waterbody</MACROCLASSINFO>
		<CLASSID>15</CLASSID>
		<CLASSINFO>C 1</CLASSINFO>
		<VALUES>[0.11650846573439513, 0.0024758729284740247, 0.10253407616506925, 0.004378617141305406, 0.09127551737156778, 0.007501267038650911, 0.0865458781746301, 0.020980357341089738, 0.07236322191628544, 0.01723176208820134, 0.0488331421871077, 0.012131298349394238]</VALUES>
		<LCS_MIN>[0.11055301129817963, 0.0914541482925415, 0.0754772201180458, 0.050387006253004074, 0.03994232788681984, 0.02896966226398945]</LCS_MIN>
		<LCS_MAX>[0.12501490116119385, 0.11709528416395187, 0.11709528416395187, 0.1270119994878769, 0.1084640771150589, 0.08321318030357361]</LCS_MAX>
		<WAVELENGTH>[0.48, 0.56, 0.655, 0.865, 1.61, 2.2]</WAVELENGTH>
		<MEAN_VALUE>[0.11650846573439513, 0.10253407616506925, 0.09127551737156778, 0.0865458781746301, 0.07236322191628544, 0.0488331421871077]</MEAN_VALUE>
		<CHECKBOX>2</CHECKBOX>
		<SD>[0.0024758729284740247, 0.004378617141305406, 0.007501267038650911, 0.020980357341089738, 0.01723176208820134, 0.012131298349394238]</SD>
		<WAVELENGTH_UNIT>E-6m</WAVELENGTH_UNIT>
		<COLOR>#9102e3</COLOR>
		<COVARIANCE_MATRIX>[[6.2434642131847795e-06, 1.058466386893997e-05, 1.7221347661688924e-05, 3.3064745366573334e-05, 2.954953015432693e-05, 2.3652664822293445e-05], [1.058466386893997e-05, 1.9527329641277902e-05, 3.066903445869684e-05, 6.117280281614512e-05, 5.394583422457799e-05, 4.212170824757777e-05], [1.7221347661688924e-05, 3.066903445869684e-05, 5.731102646677755e-05, 0.00011118406837340444, 0.0001075424297596328, 8.180164149962366e-05], [3.3064745366573334e-05, 6.117280281614512e-05, 0.00011118406837340444, 0.00044832678395323455, 0.0003086122451350093, 0.00020811914873775095], [2.954953015432693e-05, 5.394583422457799e-05, 0.0001075424297596328, 0.0003086122451350093, 0.00030243239598348737, 0.0002065740991383791], [2.3652664822293445e-05, 4.212170824757777e-05, 8.180164149962366e-05, 0.00020811914873775095, 0.0002065740991383791, 0.00014989373448770493]]</COVARIANCE_MATRIX>
		<ROI_SIZE>55</ROI_SIZE>
		<MAX_VALUE>[0.12501490116119385, 0.11709528416395187, 0.11709528416395187, 0.1270119994878769, 0.1084640771150589, 0.08321318030357361]</MAX_VALUE>
		<MIN_VALUE>[0.11055301129817963, 0.0914541482925415, 0.0754772201180458, 0.050387006253004074, 0.03994232788681984, 0.02896966226398945]</MIN_VALUE>
		<SIGNATURE_THRESHOLD_MD>0.0</SIGNATURE_THRESHOLD_MD>
		<SIGNATURE_THRESHOLD_ML>0.0</SIGNATURE_THRESHOLD_ML>
		<SIGNATURE_THRESHOLD_SAM>0.0</SIGNATURE_THRESHOLD_SAM>
	</signature>
	<signature ID="20211229_122604647965_650">
		<MACROCLASSID>1</MACROCLASSID>
		<MACROCLASSINFO>waterbody</MACROCLASSINFO>
		<CLASSID>16</CLASSID>
		<CLASSINFO>C 1</CLASSINFO>
		<VALUES>[0.11396532673388719, 0.0027631179028877713, 0.09813301451504232, 0.004899778302460262, 0.0898380933329463, 0.008451139593071734, 0.09681939380243419, 0.02991328540509143, 0.0779277057386935, 0.026957047936817524, 0.0517453941050917, 0.017877398633079893]</VALUES>
		<LCS_MIN>[0.10963480174541473, 0.09150006622076035, 0.07885165512561798, 0.05424351245164871, 0.042421504855155945, 0.028395775705575943]</LCS_MIN>
