<?xml version="1.0" ?>
<signaturelist MCID_LIST="[['1', 'waterbody', '#000000'], ['2', 'vegetation', '#000000'], ['3', 'bareland', '#000000'], ['4', 'build-up', '#000000']]">
	<signature ID="20210204_205914215277_610">
		<MACROCLASSID>1</MACROCLASSID>
		<MACROCLASSINFO>MC 1</MACROCLASSINFO>
		<CLASSID>1</CLASSID>
		<CLASSINFO>C 1</CLASSINFO>
		<VALUES>[0.10621075513156289, 0.003044944087540664, 0.0791871740262565, 0.0036754570271053306, 0.049191356755582054, 0.0029078508826284816, 0.04930644570162203, 0.008231048538380316, 0.012608815244546066, 0.003972910540980661, 0.005467477961512035, 0.002549143550984977]</VALUES>
		<LCS_MIN>[0.09657254070043564, 0.06593741476535797, 0.0401393286883831, 0.036188092082738876, 0.00017307858797721565, 0.0]</LCS_MIN>
		<LCS_MAX>[0.1155584529042244, 0.08850196748971939, 0.05783114954829216, 0.09192830324172974, 0.06060751900076866, 0.02575087547302246]</LCS_MAX>
		<WAVELENGTH>[0.485, 0.56, 0.66, 0.835, 1.65, 2.22]</WAVELENGTH>
		<MEAN_VALUE>[0.10621075513156289, 0.0791871740262565, 0.049191356755582054, 0.04930644570162203, 0.012608815244546066, 0.005467477961512035]</MEAN_VALUE>
		<CHECKBOX>2</CHECKBOX>
		<SD>[0.003044944087540664, 0.0036754570271053306, 0.0029078508826284816, 0.008231048538380316, 0.003972910540980661, 0.002549143550984977]</SD>
		<WAVELENGTH_UNIT>E-6m</WAVELENGTH_UNIT>
		<COLOR>#5a5d92</COLOR>
		<COVARIANCE_MATRIX>[[8.816183405327328e-06, 7.764344901378113e-06, 5.008420210757866e-06, -4.327543400297544e-06, -1.768601068064647e-06, -5.69350357263568e-07], [7.764344901378113e-06, 1.2691057131398719e-05, 6.82153986272001e-06, -3.2219538682475426e-06, -1.4400810145491322e-06, -3.8938882796875767e-07], [5.008420210757866e-06, 6.82153986272001e-06, 7.80259831288394e-06, 1.8871901018199886e-06, 8.163636855407708e-07, 4.620481435464239e-07], [-4.327543400297544e-06, -3.2219538682475426e-06, 1.8871901018199886e-06, 6.897328533425142e-05, 2.6507435324380305e-05, 9.600645780210199e-06], [-1.768601068064647e-06, -1.4400810145491322e-06, 8.163636855407708e-07, 2.6507435324380305e-05, 1.5777618037668157e-05, 4.874075330790655e-06], [-5.69350357263568e-07, -3.8938882796875767e-07, 4.620481435464239e-07, 9.600645780210199e-06, 4.874075330790655e-06, 6.630712801641336e-06]]</COVARIANCE_MATRIX>
		<ROI_SIZE>4407</ROI_SIZE>
		<MAX_VALUE>[0.1155584529042244, 0.08850196748971939, 0.05783114954829216, 0.09192830324172974, 0.06060751900076866, 0.02575087547302246]</MAX_VALUE>
		<MIN_VALUE>[0.09657254070043564, 0.06593741476535797, 0.0401393286883831, 0.036188092082738876, 0.00017307858797721565, 0.0]</MIN_VALUE>
		<SIGNATURE_THRESHOLD_MD>0</SIGNATURE_THRESHOLD_MD>
		<SIGNATURE_THRESHOLD_ML>0</SIGNATURE_THRESHOLD_ML>
		<SIGNATURE_THRESHOLD_SAM>0</SIGNATURE_THRESHOLD_SAM>
	</signature>
	<signature ID="20210204_205926307660_589">
		<MACROCLASSID>1</MACROCLASSID>
		<MACROCLASSINFO>waterbody</MACROCLASSINFO>
		<CLASSID>2</CLASSID>
		<CLASSINFO>C 1</CLASSINFO>
		<VALUES>[0.11287334473588717, 0.008136477604875977, 0.09531139607469623, 0.01756277935806204, 0.07479031130564044, 0.024434089241918148, 0.08487145085550414, 0.025599036160775333, 0.03209862599928436, 0.020554847606424714, 0.01621113286172169, 0.013578565774359404]</VALUES>
		<LCS_MIN>[0.09973685443401337, 0.07461608946323395, 0.05139775946736336, 0.054768167436122894, 0.009126330725848675, 5.765093374066055e-05]</LCS_MIN>
		<LCS_MAX>[0.13770870864391327, 0.1388382762670517, 0.1350317895412445, 0.15138453245162964, 0.10537378489971161, 0.07713732123374939]</LCS_MAX>
		<WAVELENGTH>[0.485, 0.56, 0.66, 0.835, 1.65, 2.22]</WAVELENGTH>
		<MEAN_VALUE>[0.11287334473588717, 0.09531139607469623, 0.07479031130564044, 0.08487145085550414, 0.03209862599928436, 0.01621113286172169]</MEAN_VALUE>
		<CHECKBOX>2</CHECKBOX>
		<SD>[0.008136477604875977, 0.01756277935806204, 0.024434089241918148, 0.025599036160775333, 0.020554847606424714, 0.013578565774359404]</SD>
		<WAVELENGTH_UNIT>E-6m</WAVELENGTH_UNIT>
		<COLOR>#94eab8</COLOR>
		<COVARIANCE_MATRIX>[[6.628193360022547e-05, 0.00013549091158343191, 0.00018864734477654774, 0.00011091881951997887, 7.516000322107115e-05, 5.84805402656788e-05], [0.00013549091158343191, 0.0003088223995486582, 0.00042215873926062787, 0.00022974361104675245, 0.00013902660632676865, 0.00010475573280377286], [0.00018864734477654774, 0.00042215873926062787, 0.0005977431583781469, 0.00035984447075930193, 0.000232386305017539, 0.00017324817587277007], [0.00011091881951997887, 0.00022974361104675245, 0.00035984447075930193, 0.0006560992331697798, 0.00048460176361299584, 0.0002927890825939987], [7.516000322107115e-05, 0.00013902660632676865, 0.000232386305017539, 0.00048460176361299584, 0.0004230101858274637, 0.00026223416033147143], [5.84805402656788e-05, 0.00010475573280377286, 0.00017324817587277007, 0.0002927890825939987, 0.00026223416033147143, 0.00018459932267451127]]</COVARIANCE_MATRIX>
		<ROI_SIZE>832</ROI_SIZE>
		<MAX_VALUE>[0.13770870864391327, 0.1388382762670517, 0.1350317895412445, 0.15138453245162964, 0.10537378489971161, 0.07713732123374939]</MAX_VALUE>
		<MIN_VALUE>[0.09973685443401337, 0.07461608946323395, 0.05139775946736336, 0.054768167436122894, 0.009126330725848675, 5.765093374066055e-05]</MIN_VALUE>
		<SIGNATURE_THRESHOLD_MD>0</SIGNATURE_THRESHOLD_MD>
		<SIGNATURE_THRESHOLD_ML>0</SIGNATURE_THRESHOLD_ML>
		<SIGNATURE_THRESHOLD_SAM>0</SIGNATURE_THRESHOLD_SAM>
	</signature>
	<signature ID="20210204_205932897252_443">
		<MACROCLASSID>1</MACROCLASSID>
		<MACROCLASSINFO>waterbody</MACROCLASSINFO>
		<CLASSID>3</CLASSID>
		<CLASSINFO>C 1</CLASSINFO>
		<VALUES>[0.1126758880811195, 0.0032534699615820767, 0.10550266330781047, 0.006134791958968444, 0.0922453592288984, 0.0077556906236365, 0.10058203625352417, 0.01863653739227832, 0.03537284337902721, 0.01748868987380522, 0.018682304692808665, 0.01203223139431183]</VALUES>
		<LCS_MIN>[0.09973685443401337, 0.0763518288731575, 0.05943949520587921, 0.07334823161363602, 0.00464970339089632, 5.765093374066055e-05]</LCS_MIN>
		<LCS_MAX>[0.11714061349630356, 0.11453800648450851, 0.10608154535293579, 0.14395248889923096, 0.06956076622009277, 0.055726297199726105]</LCS_MAX>
		<WAVELENGTH>[0.485, 0.56, 0.66, 0.835, 1.65, 2.22]</WAVELENGTH>
		<MEAN_VALUE>[0.1126758880811195, 0.10550266330781047, 0.0922453592288984, 0.10058203625352417, 0.03537284337902721, 0.018682304692808665]</MEAN_VALUE>
		<CHECKBOX>2</CHECKBOX>
		<SD>[0.0032534699615820767, 0.006134791958968444, 0.0077556906236365, 0.01863653739227832, 0.01748868987380522, 0.01203223139431183]</SD>
		<WAVELENGTH_UNIT>E-6m</WAVELENGTH_UNIT>
		<COLOR>#b10215</COLOR>
		<COVARIANCE_MATRIX>[[1.0732081607457367e-05, 1.638844059421369e-05, 1.9679976572696044e-05, -1.1291101237219353e-05, 2.8311954187201023e-06, 8.135696562197393e-06], [1.638844059421369e-05, 3.8158390051765934e-05, 4.396710556699009e-05, -3.1181194761644405e-05, -3.135575994219384e-06, 1.2567560426504198e-05], [1.9679976572696044e-05, 4.396710556699009e-05, 6.0986163953029255e-05, -4.5035170336528375e-05, -2.3027340979275785e-06, 2.1510259396112336e-05], [-1.1291101237219353e-05, -3.1181194761644405e-05, -4.5035170336528375e-05, 0.00035214442216786814, 0.00028136313685754117, 0.00015694291416112744], [2.8311954187201023e-06, -3.135575994219384e-06, -2.3027340979275785e-06, 0.00028136313685754117, 0.00031010224952300033, 0.00018996577060398227], [8.135696562197393e-06, 1.2567560426504198e-05, 2.1510259396112336e-05, 0.00015694291416112744, 0.00018996577060398227, 0.00014678535055301687]]</COVARIANCE_MATRIX>
		<ROI_SIZE>73</ROI_SIZE>
		<MAX_VALUE>[0.11714061349630356, 0.11453800648450851, 0.10608154535293579, 0.14395248889923096, 0.06956076622009277, 0.055726297199726105]</MAX_VALUE>
		<MIN_VALUE>[0.09973685443401337, 0.0763518288731575, 0.05943949520587921, 0.07334823161363602, 0.00464970339089632, 5.765093374066055e-05]</MIN_VALUE>
		<SIGNATURE_THRESHOLD_MD>0</SIGNATURE_THRESHOLD_MD>
		<SIGNATURE_THRESHOLD_ML>0</SIGNATURE_THRESHOLD_ML>
		<SIGNATURE_THRESHOLD_SAM>0</SIGNATURE_THRESHOLD_SAM>
	</signature>
	<signature ID="20210204_205937895649_640">
		<MACROCLASSID>1</MACROCLASSID>
		<MACROCLASSINFO>waterbody</MACROCLASSINFO>
		<CLASSID>4</CLASSID>
		<CLASSINFO>C 1</CLASSINFO>
		<VALUES>[0.11235249620911324, 0.00332643756892938, 0.10549390286599336, 0.005668764572221628, 0.09300315027174198, 0.006694431538702355, 0.09583989854313825, 0.013260532635016834, 0.030714264776753753, 0.012365239272682578, 0.01535526108866753, 0.008709006508419007]</VALUES>
		<LCS_MIN>[0.10131901502609253, 0.08329477161169052, 0.06908956915140152, 0.07334823161363602, 0.01584126614034176, 0.002198753645643592]</LCS_MIN>
		<LCS_MAX>[0.12030493468046188, 0.11280227452516556, 0.10286484658718109, 0.12908844649791718, 0.06732245534658432, 0.04502078890800476]</LCS_MAX>
		<WAVELENGTH>[0.485, 0.56, 0.66, 0.835, 1.65, 2.22]</WAVELENGTH>
		<MEAN_VALUE>[0.11235249620911324, 0.10549390286599336, 0.09300315027174198, 0.09583989854313825, 0.030714264776753753, 0.01535526108866753]</MEAN_VALUE>
		<CHECKBOX>2</CHECKBOX>
		<SD>[0.00332643756892938, 0.005668764572221628, 0.006694431538702355, 0.013260532635016834, 0.012365239272682578, 0.008709006508419007]</SD>
		<WAVELENGTH_UNIT>E-6m</WAVELENGTH_UNIT>
		<COLOR>#f71ee7</COLOR>
		<COVARIANCE_MATRIX>[[1.1212722725317972e-05, 1.50338227236382e-05, 1.7294776478757103e-05, -5.008767458186025e-06, 1.0637780806019074e-05, 1.2072812936850703e-05], [1.50338227236382e-05, 3.256335699894543e-05, 3.520827427318672e-05, -2.589962044661642e-05, 6.379852145558659e-07, 9.876468458448765e-06], [1.7294776478757103e-05, 3.520827427318672e-05, 4.5412952474724503e-05, -2.9283431635281097e-05, 2.709463898657146e-06, 1.4851126613642638e-05], [-5.008767458186025e-06, -2.589962044661642e-05, -2.9283431635281097e-05, 0.00017818628210787118, 0.00013124298203722606, 7.250061824981055e-05], [1.0637780806019074e-05, 6.379852145558659e-07, 2.709463898657146e-06, 0.00013124298203722606, 0.00015493779750096748, 9.514032819492926e-05], [1.2072812936850703e-05, 9.876468458448765e-06, 1.4851126613642638e-05, 7.250061824981055e-05, 9.514032819492926e-05, 7.685808495520041e-05]]</COVARIANCE_MATRIX>
		<ROI_SIZE>76</ROI_SIZE>
		<MAX_VALUE>[0.12030493468046188, 0.11280227452516556, 0.10286484658718109, 0.12908844649791718, 0.06732245534658432, 0.04502078890800476]</MAX_VALUE>
		<MIN_VALUE>[0.10131901502609253, 0.08329477161169052, 0.06908956915140152, 0.07334823161363602, 0.01584126614034176, 0.002198753645643592]</MIN_VALUE>
		<SIGNATURE_THRESHOLD_MD>0</SIGNATURE_THRESHOLD_MD>
		<SIGNATURE_THRESHOLD_ML>0</SIGNATURE_THRESHOLD_ML>
		<SIGNATURE_THRESHOLD_SAM>0</SIGNATURE_THRESHOLD_SAM>
	</signature>
	<signature ID="20210204_205952116986_195">
		<MACROCLASSID>1</MACROCLASSID>
		<MACROCLASSINFO>waterbody</MACROCLASSINFO>
		<CLASSID>5</CLASSID>
		<CLASSINFO>C 1</CLASSINFO>
		<VALUES>[0.10633851329991274, 0.0031208454443602297, 0.07874501805119322, 0.003529658971020792, 0.050431917018937726, 0.00451808718685139, 0.05142406904242281, 0.008733870702225734, 0.017328325023623917, 0.0069619203979768085, 0.008814185690909204, 0.0048155207837076094]</VALUES>
		<LCS_MIN>[0.09657254070043564, 0.06940889358520508, 0.043356020003557205, 0.03990411013364792, 0.0024113908875733614, 5.765093374066055e-05]</LCS_MIN>
		<LCS_MAX>[0.12346924841403961, 0.10238786041736603, 0.08517304062843323, 0.09192830324172974, 0.06060751900076866, 0.04930299520492554]</LCS_MAX>
		<WAVELENGTH>[0.485, 0.56, 0.66, 0.835, 1.65, 2.22]</WAVELENGTH>
		<MEAN_VALUE>[0.10633851329991274, 0.07874501805119322, 0.050431917018937726, 0.05142406904242281, 0.017328325023623917, 0.008814185690909204]</MEAN_VALUE>
		<CHECKBOX>2</CHECKBOX>
		<SD>[0.0031208454443602297, 0.003529658971020792, 0.00451808718685139, 0.008733870702225734, 0.0069619203979768085, 0.0048155207837076094]</SD>
		<WAVELENGTH_UNIT>E-6m</WAVELENGTH_UNIT>
		<COLOR>#6daead</COLOR>
		<COVARIANCE_MATRIX>[[9.748087061580166e-06, 8.151468336879681e-06, 1.0435980911237647e-05, 1.0895461068883426e-05, 1.1052640188816676e-05, 8.498325049122849e-06], [8.151468336879681e-06, 1.2469251080767714e-05, 1.2908742227343432e-05, 1.5401290159358997e-05, 1.458208349008644e-05, 1.0875104148554262e-05], [1.0435980911237647e-05, 1.2908742227343432e-05, 2.043073973112362e-05, 2.3233858366569828e-05, 2.0687154388459242e-05, 1.539659822496212e-05], [1.0895461068883426e-05, 1.5401290159358997e-05, 2.3233858366569828e-05, 7.634637006620497e-05, 5.1571531115060804e-05, 2.8847605975646313e-05], [1.1052640188816676e-05, 1.458208349008644e-05, 2.0687154388459242e-05, 5.1571531115060804e-05, 4.851019083987928e-05, 2.763279232240767e-05], [8.498325049122849e-06, 1.0875104148554262e-05, 1.539659822496212e-05, 2.8847605975646313e-05, 2.763279232240767e-05, 2.3209265669112985e-05]]</COVARIANCE_MATRIX>
		<ROI_SIZE>1159</ROI_SIZE>
		<MAX_VALUE>[0.12346924841403961, 0.10238786041736603, 0.08517304062843323, 0.09192830324172974, 0.06060751900076866, 0.04930299520492554]</MAX_VALUE>
		<MIN_VALUE>[0.09657254070043564, 0.06940889358520508, 0.043356020003557205, 0.03990411013364792, 0.0024113908875733614, 5.765093374066055e-05]</MIN_VALUE>
		<SIGNATURE_THRESHOLD_MD>0</SIGNATURE_THRESHOLD_MD>
		<SIGNATURE_THRESHOLD_ML>0</SIGNATURE_THRESHOLD_ML>
		<SIGNATURE_THRESHOLD_SAM>0</SIGNATURE_THRESHOLD_SAM>
	</signature>
	<signature ID="20210204_210000195884_766">
		<MACROCLASSID>1</MACROCLASSID>
		<MACROCLASSINFO>waterbody</MACROCLASSINFO>
		<CLASSID>6</CLASSID>
		<CLASSINFO>C 1</CLASSINFO>
		<VALUES>[0.12413078510179758, 0.002495201710565227, 0.11638259095908868, 0.0037879641507620725, 0.08629944219614154, 0.002851656395823707, 0.06904956880139138, 0.013116917318989866, 0.022462616119702537, 0.011455563667784623, 0.010181258746523428, 0.007060402056341573]</VALUES>
		<LCS_MIN>[0.1108119785785675, 0.0919734314084053, 0.07069791853427887, 0.05848417803645134, 0.009126330725848675, 0.002198753645643592]</LCS_MIN>
		<LCS_MAX>[0.12979789078235626, 0.12148092687129974, 0.09321477264165878, 0.12165641784667969, 0.07179908454418182, 0.05358519405126572]</LCS_MAX>
		<WAVELENGTH>[0.485, 0.56, 0.66, 0.835, 1.65, 2.22]</WAVELENGTH>
		<MEAN_VALUE>[0.12413078510179758, 0.11638259095908868, 0.08629944219614154, 0.06904956880139138, 0.022462616119702537, 0.010181258746523428]</MEAN_VALUE>
		<CHECKBOX>2</CHECKBOX>
		<SD>[0.002495201710565227, 0.0037879641507620725, 0.002851656395823707, 0.013116917318989866, 0.011455563667784623, 0.007060402056341573]</SD>
		<WAVELENGTH_UNIT>E-6m</WAVELENGTH_UNIT>
		<COLOR>#8977ed</COLOR>
		<COVARIANCE_MATRIX>[[6.247800917583885e-06, 6.121107685755202e-06, 3.300572486562185e-06, -1.821738398074723e-05, -1.4090963894811408e-05, -7.028450434028435e-06], [6.121107685755202e-06, 1.4398842590701512e-05, 7.227023782667471e-06, -3.342679402379241e-05, -2.8041389491047374e-05, -1.4022299723529845e-05], [3.300572486562185e-06, 7.227023782667471e-06, 8.160377571170384e-06, -1.4784537711633523e-05, -1.163820958099575e-05, -4.146481165030309e-06], [-1.821738398074723e-05, -3.342679402379241e-05, -1.4784537711633523e-05, 0.00017265510568731864, 0.00013933780684279734, 7.747078729681848e-05], [-1.4090963894811408e-05, -2.8041389491047374e-05, -1.163820958099575e-05, 0.00013933780684279734, 0.00013168878488704019, 7.173163710227596e-05], [-7.028450434028435e-06, -1.4022299723529845e-05, -4.146481165030309e-06, 7.747078729681848e-05, 7.173163710227596e-05, 5.002357536921043e-05]]</COVARIANCE_MATRIX>
		<ROI_SIZE>287</ROI_SIZE>
		<MAX_VALUE>[0.12979789078235626, 0.12148092687129974, 0.09321477264165878, 0.12165641784667969, 0.07179908454418182, 0.05358519405126572]</MAX_VALUE>
		<MIN_VALUE>[0.1108119785785675, 0.0919734314084053, 0.07069791853427887, 0.05848417803645134, 0.009126330725848675, 0.002198753645643592]</MIN_VALUE>
		<SIGNATURE_THRESHOLD_MD>0</SIGNATURE_THRESHOLD_MD>
		<SIGNATURE_THRESHOLD_ML>0</SIGNATURE_THRESHOLD_ML>
		<SIGNATURE_THRESHOLD_SAM>0</SIGNATURE_THRESHOLD_SAM>
	</signature>
	<signature ID="20210204_210004518631_228">
		<MACROCLASSID>1</MACROCLASSID>
		<MACROCLASSINFO>waterbody</MACROCLASSINFO>
		<CLASSID>7</CLASSID>
		<CLASSINFO>C 1</CLASSINFO>
		<VALUES>[0.12742465295872263, 0.002027672376363129, 0.12103833683545472, 0.002177336566886902, 0.09117135414626538, 0.0020657480456235033, 0.06508813550212575, 0.008190693053710186, 0.018491507827938267, 0.0059010895013947825, 0.008394181362532404, 0.003811085399587427]</VALUES>
		<LCS_MIN>[0.11872277408838272, 0.111066535115242, 0.08517304062843323, 0.054768167436122894, 0.011364642530679703, 5.765093374066055e-05]</LCS_MIN>
		<LCS_MAX>[0.13296222686767578, 0.1266881376504898, 0.09803981333971024, 0.11050835996866226, 0.06060751900076866, 0.03003307804465294]</LCS_MAX>
		<WAVELENGTH>[0.485, 0.56, 0.66, 0.835, 1.65, 2.22]</WAVELENGTH>
		<MEAN_VALUE>[0.12742465295872263, 0.12103833683545472, 0.09117135414626538, 0.06508813550212575, 0.018491507827938267, 0.008394181362532404]</MEAN_VALUE>
		<CHECKBOX>2</CHECKBOX>
		<SD>[0.002027672376363129, 0.002177336566886902, 0.0020657480456235033, 0.008190693053710186, 0.0059010895013947825, 0.003811085399587427]</SD>
		<WAVELENGTH_UNIT>E-6m</WAVELENGTH_UNIT>
		<COLOR>#532b5b</COLOR>
		<COVARIANCE_MATRIX>[[4.11601847925761e-06, 1.7159985119066503e-06, 8.162120327802327e-07, -5.641148202221543e-06, -4.111287011322131e-06, -2.0979587821333415e-06], [1.7159985119066503e-06, 4.746056228638818e-06, 1.4989557216253381e-06, -8.334558878161e-06, -5.936207174575635e-06, -3.4378738834557316e-06], [8.162120327802327e-07, 1.4989557216253381e-06, 4.272051186652153e-06, -2.6491751008046926e-06, -2.2818364970636885e-06, -1.1999941529233164e-06], [-5.641148202221543e-06, -8.334558878161e-06, -2.6491751008046926e-06, 6.716191158211649e-05, 3.928927467651198e-05, 2.0430527852403178e-05], [-4.111287011322131e-06, -5.936207174575635e-06, -2.2818364970636885e-06, 3.928927467651198e-05, 3.4861506423675426e-05, 1.7061712470253582e-05], [-2.0979587821333415e-06, -3.4378738834557316e-06, -1.1999941529233164e-06, 2.0430527852403178e-05, 1.7061712470253582e-05, 1.4540492202552146e-05]]</COVARIANCE_MATRIX>
		<ROI_SIZE>902</ROI_SIZE>
		<MAX_VALUE>[0.13296222686767578, 0.1266881376504898, 0.09803981333971024, 0.11050835996866226, 0.06060751900076866, 0.03003307804465294]</MAX_VALUE>
		<MIN_VALUE>[0.11872277408838272, 0.111066535115242, 0.08517304062843323, 0.054768167436122894, 0.011364642530679703, 5.765093374066055e-05]</MIN_VALUE>
		<SIGNATURE_THRESHOLD_MD>0</SIGNATURE_THRESHOLD_MD>
		<SIGNATURE_THRESHOLD_ML>0</SIGNATURE_THRESHOLD_ML>
		<SIGNATURE_THRESHOLD_SAM>0</SIGNATURE_THRESHOLD_SAM>
	</signature>
	<signature ID="20210204_210016957242_856">
		<MACROCLASSID>1</MACROCLASSID>
		<MACROCLASSINFO>waterbody</MACROCLASSINFO>
		<CLASSID>8</CLASSID>
		<CLASSINFO>C 1</CLASSINFO>
		<VALUES>[0.12393748326347089, 0.002156343170476404, 0.11423145356390238, 0.0022577605729624936, 0.08143814597145478, 0.001990088872118722, 0.07168977429339017, 0.008262608118529264, 0.018851502947420374, 0.0058628322516545055, 0.008123831379165931, 0.003356675308960376]</VALUES>
		<LCS_MIN>[0.1155584529042244, 0.10238786041736603, 0.07230626791715622, 0.062200188636779785, 0.011364642530679703, 5.765093374066055e-05]</LCS_MIN>
		<LCS_MAX>[0.12979789078235626, 0.11974518746137619, 0.08678138256072998, 0.1142243966460228, 0.06060751900076866, 0.03003307804465294]</LCS_MAX>
		<WAVELENGTH>[0.485, 0.56, 0.66, 0.835, 1.65, 2.22]</WAVELENGTH>
		<MEAN_VALUE>[0.12393748326347089, 0.11423145356390238, 0.08143814597145478, 0.07168977429339017, 0.018851502947420374, 0.008123831379165931]</MEAN_VALUE>
		<CHECKBOX>2</CHECKBOX>
		<SD>[0.002156343170476404, 0.0022577605729624936, 0.001990088872118722, 0.008262608118529264, 0.0058628322516545055, 0.003356675308960376]</SD>
		<WAVELENGTH_UNIT>E-6m</WAVELENGTH_UNIT>
		<COLOR>#19a607</COLOR>
		<COVARIANCE_MATRIX>[[4.655371204426304e-06, 2.1024743461556403e-06, 8.14488308180832e-07, -6.991398588738294e-06, -4.927148188750872e-06, -1.9033969388713097e-06], [2.1024743461556403e-06, 5.103572987386435e-06, 1.501946154371712e-06, -1.0873733077296504e-05, -7.189836619973204e-06, -3.0700781838866264e-06], [8.14488308180832e-07, 1.501946154371712e-06, 3.965185443804072e-06, -4.944839666120778e-06, -2.8209995464685308e-06, -7.480882864847026e-07], [-6.991398588738294e-06, -1.0873733077296504e-05, -4.944839666120778e-06, 6.835225886174814e-05, 3.8646347256223114e-05, 1.701513237760469e-05], [-4.927148188750872e-06, -7.189836619973204e-06, -2.8209995464685308e-06, 3.8646347256223114e-05, 3.441386868010959e-05, 1.4212748211018604e-05], [-1.9033969388713097e-06, -3.0700781838866264e-06, -7.480882864847026e-07, 1.701513237760469e-05, 1.4212748211018604e-05, 1.1280730622173461e-05]]</COVARIANCE_MATRIX>
		<ROI_SIZE>838</ROI_SIZE>
		<MAX_VALUE>[0.12979789078235626, 0.11974518746137619, 0.08678138256072998, 0.1142243966460228, 0.06060751900076866, 0.03003307804465294]</MAX_VALUE>
		<MIN_VALUE>[0.1155584529042244, 0.10238786041736603, 0.07230626791715622, 0.062200188636779785, 0.011364642530679703, 5.765093374066055e-05]</MIN_VALUE>
		<SIGNATURE_THRESHOLD_MD>0</SIGNATURE_THRESHOLD_MD>
		<SIGNATURE_THRESHOLD_ML>0</SIGNATURE_THRESHOLD_ML>
		<SIGNATURE_THRESHOLD_SAM>0</SIGNATURE_THRESHOLD_SAM>
	</signature>
	<signature ID="20210204_210029825853_831">
		<MACROCLASSID>1</MACROCLASSID>
		<MACROCLASSINFO>waterbody</MACROCLASSINFO>
		<CLASSID>9</CLASSID>
		<CLASSINFO>C 1</CLASSINFO>
		<VALUES>[0.11667277067098566, 0.003407478150501651, 0.11819610280054875, 0.0055327396723157925, 0.1122468775238401, 0.007693350875986962, 0.10461469715641393, 0.01862222383744806, 0.03557692579824917, 0.018166194071109636, 0.018049814079898172, 0.010653302434441677]</VALUES>
		<LCS_MIN>[0.10764764994382858, 0.09718064963817596, 0.08838973194360733, 0.054768167436122894, 0.011364642530679703, 0.004339855629950762]</LCS_MIN>
		<LCS_MAX>[0.12505142390727997, 0.13015961647033691, 0.12377335131168365, 0.1476685255765915, 0.08075233548879623, 0.04930299520492554]</LCS_MAX>
		<WAVELENGTH>[0.485, 0.56, 0.66, 0.835, 1.65, 2.22]</WAVELENGTH>
		<MEAN_VALUE>[0.11667277067098566, 0.11819610280054875, 0.1122468775238401, 0.10461469715641393, 0.03557692579824917, 0.018049814079898172]</MEAN_VALUE>
		<CHECKBOX>2</CHECKBOX>
		<SD>[0.003407478150501651, 0.0055327396723157925, 0.007693350875986962, 0.01862222383744806, 0.018166194071109636, 0.010653302434441677]</SD>
		<WAVELENGTH_UNIT>E-6m</WAVELENGTH_UNIT>
		<COLOR>#a6294a</COLOR>
		<COVARIANCE_MATRIX>[[1.1673669007476672e-05, 1.4160256777284743e-05, 1.9749789192642775e-05, -2.279373247033051e-05, -1.5621344561912173e-05, -2.230714848455523e-06], [1.4160256777284743e-05, 3.0776674272328494e-05, 3.925428045778328e-05, -6.562551564254549e-05, -5.036670352719262e-05, -1.8301963234521492e-05], [1.9749789192642775e-05, 3.925428045778328e-05, 5.950758093186582e-05, -9.737617409304269e-05, -7.028076645626155e-05, -2.4915168343907066e-05], [-2.279373247033051e-05, -6.562551564254549e-05, -9.737617409304269e-05, 0.00034866174616905683, 0.0002877474164378817, 0.00014334149674004833], [-1.5621344561912173e-05, -5.036670352719262e-05, -7.028076645626155e-05, 0.0002877474164378817, 0.00033179444814829566, 0.00018065508512660804], [-2.230714848455523e-06, -1.8301963234521492e-05, -2.4915168343907066e-05, 0.00014334149674004833, 0.00018065508512660804, 0.00011410632763946305]]</COVARIANCE_MATRIX>
		<ROI_SIZE>186</ROI_SIZE>
		<MAX_VALUE>[0.12505142390727997, 0.13015961647033691, 0.12377335131168365, 0.1476685255765915, 0.08075233548879623, 0.04930299520492554]</MAX_VALUE>
		<MIN_VALUE>[0.10764764994382858, 0.09718064963817596, 0.08838973194360733, 0.054768167436122894, 0.011364642530679703, 0.004339855629950762]</MIN_VALUE>
		<SIGNATURE_THRESHOLD_MD>0</SIGNATURE_THRESHOLD_MD>
		<SIGNATURE_THRESHOLD_ML>0</SIGNATURE_THRESHOLD_ML>
		<SIGNATURE_THRESHOLD_SAM>0</SIGNATURE_THRESHOLD_SAM>
	</signature>
	<signature ID="20210204_210037296629_992">
		<MACROCLASSID>1</MACROCLASSID>
		<MACROCLASSINFO>waterbody</MACROCLASSINFO>
		<CLASSID>10</CLASSID>
		<CLASSINFO>C 1</CLASSINFO>
		<VALUES>[0.11771945300989031, 0.0024648854174850114, 0.12177727853016153, 0.0052619855561859994, 0.11602583554823223, 0.007413591534895367, 0.10715489898149562, 0.015984337461227245, 0.029817071800097468, 0.011826283638279768, 0.013348150109267428, 0.005336937320454713]</VALUES>
		<LCS_MIN>[0.10922981053590775, 0.10585931688547134, 0.09643146395683289, 0.08449628204107285, 0.009126330725848675, 5.765093374066055e-05]</LCS_MIN>
		<LCS_MAX>[0.12188709527254105, 0.13015961647033691, 0.1285984069108963, 0.1402364820241928, 0.06284583359956741, 0.02575087547302246]</LCS_MAX>
		<WAVELENGTH>[0.485, 0.56, 0.66, 0.835, 1.65, 2.22]</WAVELENGTH>
		<MEAN_VALUE>[0.11771945300989031, 0.12177727853016153, 0.11602583554823223, 0.10715489898149562, 0.029817071800097468, 0.013348150109267428]</MEAN_VALUE>
		<CHECKBOX>2</CHECKBOX>
		<SD>[0.0024648854174850114, 0.0052619855561859994, 0.007413591534895367, 0.015984337461227245, 0.011826283638279768, 0.005336937320454713]</SD>
		<WAVELENGTH_UNIT>E-6m</WAVELENGTH_UNIT>
		<COLOR>#738d6c</COLOR>
		<COVARIANCE_MATRIX>[[6.150668270976285e-06, 7.895458534500513e-06, 1.1200035232500305e-05, -1.4947064230384564e-05, -7.4463690850892205e-06, -2.1420928576182833e-06], [7.895458534500513e-06, 2.803032522799787e-05, 3.5238325042657304e-05, -5.051443912021598e-05, -2.9997648517822086e-05, -1.2750525256642061e-05], [1.1200035232500305e-05, 3.5238325042657304e-05, 5.563987450116446e-05, -8.326439914004824e-05, -5.0562336567964486e-05, -2.2111938492694733e-05], [-1.4947064230384564e-05, -5.051443912021598e-05, -8.326439914004824e-05, 0.0002586533532604961, 0.00016738390032617535, 6.486317406055542e-05], [-7.4463690850892205e-06, -2.9997648517822086e-05, -5.0562336567964486e-05, 0.00016738390032617535, 0.0001415876635164146, 5.2412518783916595e-05], [-2.1420928576182833e-06, -1.2750525256642061e-05, -2.2111938492694733e-05, 6.486317406055542e-05, 5.2412518783916595e-05, 2.8834540702739637e-05]]</COVARIANCE_MATRIX>
		<ROI_SIZE>82</ROI_SIZE>
		<MAX_VALUE>[0.12188709527254105, 0.13015961647033691, 0.1285984069108963, 0.1402364820241928, 0.06284583359956741, 0.02575087547302246]</MAX_VALUE>
		<MIN_VALUE>[0.10922981053590775, 0.10585931688547134, 0.09643146395683289, 0.08449628204107285, 0.009126330725848675, 5.765093374066055e-05]</MIN_VALUE>
		<SIGNATURE_THRESHOLD_MD>0</SIGNATURE_THRESHOLD_MD>
		<SIGNATURE_THRESHOLD_ML>0</SIGNATURE_THRESHOLD_ML>
		<SIGNATURE_THRESHOLD_SAM>0</SIGNATURE_THRESHOLD_SAM>
	</signature>
	<signature ID="20210204_210054752076_509">
		<MACROCLASSID>1</MACROCLASSID>
		<MACROCLASSINFO>waterbody</MACROCLASSINFO>
		<CLASSID>11</CLASSID>
		<CLASSINFO>C 1</CLASSINFO>
		<VALUES>[0.10817503898094098, 0.004038039185517405, 0.10477448999881746, 0.006939550670958914, 0.09096979085976878, 0.009787264613933776, 0.1484426857593159, 0.02435523865992001, 0.07329129140513638, 0.02143183712612275, 0.03360157935336854, 0.011907789474546421]</VALUES>
		<LCS_MIN>[0.0981547012925148, 0.08676624298095703, 0.06426453590393066, 0.10679236799478531, 0.029271140694618225, 0.012904263101518154]</LCS_MIN>
		<LCS_MAX>[0.1155584529042244, 0.11280227452516556, 0.10768988728523254, 0.19226069748401642, 0.11880364269018173, 0.057867396622896194]</LCS_MAX>
		<WAVELENGTH>[0.485, 0.56, 0.66, 0.835, 1.65, 2.22]</WAVELENGTH>
		<MEAN_VALUE>[0.10817503898094098, 0.10477448999881746, 0.09096979085976878, 0.1484426857593159, 0.07329129140513638, 0.03360157935336854]</MEAN_VALUE>
		<CHECKBOX>2</CHECKBOX>
		<SD>[0.004038039185517405, 0.006939550670958914, 0.009787264613933776, 0.02435523865992001, 0.02143183712612275, 0.011907789474546421]</SD>
		<WAVELENGTH_UNIT>E-6m</WAVELENGTH_UNIT>
		<COLOR>#029d32</COLOR>
		<COVARIANCE_MATRIX>[[1.6652691537471376e-05, 2.5417055057464888e-05, 3.548088354821984e-05, -5.295564205122056e-05, -2.2730047078824963e-05, 3.6278236732016193e-06], [2.5417055057464888e-05, 4.9181988270440454e-05, 6.498786607843455e-05, -9.946067225417351e-05, -4.1331061241364466e-05, 3.5582375541549686e-06], [3.548088354821984e-05, 6.498786607843455e-05, 9.782864540237648e-05, -0.00015463498943187623, -6.283375035883869e-05, 4.151906351587238e-06], [-5.295564205122056e-05, -9.946067225417351e-05, -0.00015463498943187623, 0.0006057984512493574, 0.0004033743038310731, 0.00014885740329112965], [-2.2730047078824963e-05, -4.1331061241364466e-05, -6.283375035883869e-05, 0.0004033743038310731, 0.0004690964860602418, 0.0002222543581289601], [3.6278236732016193e-06, 3.5582375541549686e-06, 4.151906351587238e-06, 0.00014885740329112965, 0.0002222543581289601, 0.0001448123746418231]]</COVARIANCE_MATRIX>
		<ROI_SIZE>48</ROI_SIZE>
		<MAX_VALUE>[0.1155584529042244, 0.11280227452516556, 0.10768988728523254, 0.19226069748401642, 0.11880364269018173, 0.057867396622896194]</MAX_VALUE>
		<MIN_VALUE>[0.0981547012925148, 0.08676624298095703, 0.06426453590393066, 0.10679236799478531, 0.029271140694618225, 0.012904263101518154]</MIN_VALUE>
		<SIGNATURE_THRESHOLD_MD>0</SIGNATURE_THRESHOLD_MD>
		<SIGNATURE_THRESHOLD_ML>0</SIGNATURE_THRESHOLD_ML>
		<SIGNATURE_THRESHOLD_SAM>0</SIGNATURE_THRESHOLD_SAM>
	</signature>
	<signature ID="20210204_210109970102_657">
		<MACROCLASSID>1</MACROCLASSID>
		<MACROCLASSINFO>waterbody</MACROCLASSINFO>
		<CLASSID>12</CLASSID>
		<CLASSINFO>C 1</CLASSINFO>
		<VALUES>[0.10750381953336977, 0.0034699172021192505, 0.09678616069934584, 0.006408174113606037, 0.08202945373275061, 0.010200671122627106, 0.14310795644467528, 0.022152950932192935, 0.09092648073353551, 0.030012875413426388, 0.05086015876043927, 0.01782256800868961]</VALUES>
		<LCS_MIN>[0.10131901502609253, 0.08850196748971939, 0.06265618652105331, 0.09564431756734848, 0.053892582654953, 0.02575087547302246]</LCS_MIN>
		<LCS_MAX>[0.1155584529042244, 0.11280227452516556, 0.10286484658718109, 0.18854467570781708, 0.15237833559513092, 0.08784282952547073]</LCS_MAX>
		<WAVELENGTH>[0.485, 0.56, 0.66, 0.835, 1.65, 2.22]</WAVELENGTH>
		<MEAN_VALUE>[0.10750381953336977, 0.09678616069934584, 0.08202945373275061, 0.14310795644467528, 0.09092648073353551, 0.05086015876043927]</MEAN_VALUE>
		<CHECKBOX>2</CHECKBOX>
		<SD>[0.0034699172021192505, 0.006408174113606037, 0.010200671122627106, 0.022152950932192935, 0.030012875413426388, 0.01782256800868961]</SD>
		<WAVELENGTH_UNIT>E-6m</WAVELENGTH_UNIT>
		<COLOR>#9440e1</COLOR>
		<COVARIANCE_MATRIX>[[1.2613674217637531e-05, 1.994868028403176e-05, 3.2606910231790094e-05, -3.848286642011384e-05, 1.8703282947781641e-06, 6.041890128283295e-06], [1.994868028403176e-05, 4.3020157159351937e-05, 6.31750154320582e-05, -1.632053952610733e-05, 5.8966355352648156e-05, 4.435532431849942e-05], [3.2606910231790094e-05, 6.31750154320582e-05, 0.0001090086290354268, -3.607975517687828e-05, 0.00011082023870491075, 8.33478510002576e-05], [-3.848286642011384e-05, -1.632053952610733e-05, -3.607975517687828e-05, 0.0005141224366710115, 0.00044587390554561284, 0.00024044758696078965], [1.8703282947781641e-06, 5.8966355352648156e-05, 0.00011082023870491075, 0.00044587390554561284, 0.000943666628228609, 0.000532709438183755], [6.041890128283295e-06, 4.435532431849942e-05, 8.33478510002576e-05, 0.00024044758696078965, 0.000532709438183755, 0.0003327698318731455]]</COVARIANCE_MATRIX>
		<ROI_SIZE>22</ROI_SIZE>
		<MAX_VALUE>[0.1155584529042244, 0.11280227452516556, 0.10286484658718109, 0.18854467570781708, 0.15237833559513092, 0.08784282952547073]</MAX_VALUE>
		<MIN_VALUE>[0.10131901502609253, 0.08850196748971939, 0.06265618652105331, 0.09564431756734848, 0.053892582654953, 0.02575087547302246]</MIN_VALUE>
		<SIGNATURE_THRESHOLD_MD>0</SIGNATURE_THRESHOLD_MD>
		<SIGNATURE_THRESHOLD_ML>0</SIGNATURE_THRESHOLD_ML>
		<SIGNATURE_THRESHOLD_SAM>0</SIGNATURE_THRESHOLD_SAM>
	</signature>
	<signature ID="20210204_210119536814_779">
		<MACROCLASSID>1</MACROCLASSID>
		<MACROCLASSINFO>waterbody</MACROCLASSINFO>
		<CLASSID>13</CLASSID>
		<CLASSINFO>C 1</CLASSINFO>
		<VALUES>[0.10112124419538301, 0.0019072219937551521, 0.09370917387423106, 0.0023216502994172442, 0.06685296687646773, 0.004550132445902008, 0.04360560519853606, 0.010756490600262075, 0.011617525293331701, 0.007547191853742101, 0.005401141850825295, 0.00406011087294689]</VALUES>
		<LCS_MIN>[0.09499038010835648, 0.08503050357103348, 0.05783114954829216, 0.03247208148241043, 0.0, 0.0]</LCS_MIN>
		<LCS_MAX>[0.10606548935174942, 0.10238786041736603, 0.08356469869613647, 0.08449628204107285, 0.053892582654953, 0.0278919767588377]</LCS_MAX>
		<WAVELENGTH>[0.485, 0.56, 0.66, 0.835, 1.65, 2.22]</WAVELENGTH>
		<MEAN_VALUE>[0.10112124419538301, 0.09370917387423106, 0.06685296687646773, 0.04360560519853606, 0.011617525293331701, 0.005401141850825295]</MEAN_VALUE>
		<CHECKBOX>2</CHECKBOX>
		<SD>[0.0019072219937551521, 0.0023216502994172442, 0.004550132445902008, 0.010756490600262075, 0.007547191853742101, 0.00406011087294689]</SD>
		<WAVELENGTH_UNIT>E-6m</WAVELENGTH_UNIT>
		<COLOR>#e7808e</COLOR>
		<COVARIANCE_MATRIX>[[3.651760422614231e-06, 1.1307920941877778e-06, 3.2781175367783048e-06, -5.101177190120301e-07, 2.0297398888877906e-07, -1.4407947011226266e-08], [1.1307920941877778e-06, 5.411197603422537e-06, 4.411930096600074e-06, -6.854727599615678e-06, -2.559609565608467e-06, -7.578532758612169e-07], [3.2781175367783048e-06, 4.411930096600074e-06, 2.078489627632956e-05, 1.3631642113206599e-05, 8.771220473781983e-06, 5.00576106829316e-06], [-5.101177190120301e-07, -6.854727599615678e-06, 1.3631642113206599e-05, 0.00011615582371993243, 6.84689483975762e-05, 2.8973752562174746e-05], [2.0297398888877906e-07, -2.559609565608467e-06, 8.771220473781983e-06, 6.84689483975762e-05, 5.718347783749377e-05, 2.432155414189417e-05], [-1.4407947011226266e-08, -7.578532758612169e-07, 5.00576106829316e-06, 2.8973752562174746e-05, 2.432155414189417e-05, 1.654914539983966e-05]]</COVARIANCE_MATRIX>
		<ROI_SIZE>256</ROI_SIZE>
		<MAX_VALUE>[0.10606548935174942, 0.10238786041736603, 0.08356469869613647, 0.08449628204107285, 0.053892582654953, 0.0278919767588377]</MAX_VALUE>
		<MIN_VALUE>[0.09499038010835648, 0.08503050357103348, 0.05783114954829216, 0.03247208148241043, 0.0, 0.0]</MIN_VALUE>
		<SIGNATURE_THRESHOLD_MD>0</SIGNATURE_THRESHOLD_MD>
		<SIGNATURE_THRESHOLD_ML>0</SIGNATURE_THRESHOLD_ML>
		<SIGNATURE_THRESHOLD_SAM>0</SIGNATURE_THRESHOLD_SAM>
	</signature>
	<signature ID="20210204_210123996558_200">
		<MACROCLASSID>1</MACROCLASSID>
		<MACROCLASSINFO>waterbody</MACROCLASSINFO>
		<CLASSID>14</CLASSID>
		<CLASSINFO>C 1</CLASSINFO>
		<VALUES>[0.09235063032396058, 0.002154812542787976, 0.07184964957744332, 0.004086113580096558, 0.04395786651781498, 0.002772667565266386, 0.03813325712628076, 0.01099110197916691, 0.010001718706668794, 0.006870928497837951, 0.004067362596767124, 0.0032259447981011543]</VALUES>
		<LCS_MIN>[0.0854974165558815, 0.06246594339609146, 0.03531428799033165, 0.025040049105882645, 0.0, 0.0]</LCS_MIN>
		<LCS_MAX>[0.09973685443401337, 0.08155903965234756, 0.05461445450782776, 0.08449628204107285, 0.05836920812726021, 0.023609770461916924]</LCS_MAX>
		<WAVELENGTH>[0.485, 0.56, 0.66, 0.835, 1.65, 2.22]</WAVELENGTH>
		<MEAN_VALUE>[0.09235063032396058, 0.07184964957744332, 0.04395786651781498, 0.03813325712628076, 0.010001718706668794, 0.004067362596767124]</MEAN_VALUE>
		<CHECKBOX>2</CHECKBOX>
		<SD>[0.002154812542787976, 0.004086113580096558, 0.002772667565266386, 0.01099110197916691, 0.006870928497837951, 0.0032259447981011543]</SD>
		<WAVELENGTH_UNIT>E-6m</WAVELENGTH_UNIT>
		<COLOR>#560313</COLOR>
		<COVARIANCE_MATRIX>[[4.6481725023413875e-06, 5.142705804906556e-06, 2.8966895466524556e-06, -7.584739085469447e-06, -2.8596655126572033e-06, -1.090511756764293e-06], [5.142705804906556e-06, 1.671414310534004e-05, 8.108129722719597e-06, -1.609017990778117e-05, -6.116516134549048e-06, -1.695940308310837e-06], [2.8966895466524556e-06, 8.108129722719597e-06, 7.695890001042121e-06, -6.459693852868289e-06, -1.0573117255124176e-06, -3.438463549858458e-08], [-7.584739085469447e-06, -1.609017990778117e-05, -6.459693852868289e-06, 0.00012093324942158719, 6.390551497252376e-05, 2.2618126541377944e-05], [-2.8596655126572033e-06, -6.116516134549048e-06, -1.0573117255124176e-06, 6.390551497252376e-05, 4.726004226276707e-05, 1.5195218197857233e-05], [-1.090511756764293e-06, -1.695940308310837e-06, -3.438463549858458e-08, 2.2618126541377944e-05, 1.5195218197857233e-05, 1.0417826264985431e-05]]</COVARIANCE_MATRIX>
		<ROI_SIZE>938</ROI_SIZE>
		<MAX_VALUE>[0.09973685443401337, 0.08155903965234756, 0.05461445450782776, 0.08449628204107285, 0.05836920812726021, 0.023609770461916924]</MAX_VALUE>
		<MIN_VALUE>[0.0854974165558815, 0.06246594339609146, 0.03531428799033165, 0.025040049105882645, 0.0, 0.0]</MIN_VALUE>
		<SIGNATURE_THRESHOLD_MD>0</SIGNATURE_THRESHOLD_MD>
		<SIGNATURE_THRESHOLD_ML>0</SIGNATURE_THRESHOLD_ML>
		<SIGNATURE_THRESHOLD_SAM>0</SIGNATURE_THRESHOLD_SAM>
	</signature>
	<signature ID="20210204_210131637467_158">
		<MACROCLASSID>1</MACROCLASSID>
		<MACROCLASSINFO>waterbody</MACROCLASSINFO>
		<CLASSID>15</CLASSID>
		<CLASSINFO>C 1</CLASSINFO>
		<VALUES>[0.12074139271059942, 0.0025746171363133837, 0.11691715170083375, 0.004357430759948843, 0.09906582707731884, 0.004963534179754877, 0.07110581168069921, 0.011930815455791501, 0.021880851376095207, 0.01191391736512787, 0.011279978765052307, 0.0078095365137203715]</VALUES>
		<LCS_MIN>[0.11397629976272583, 0.10933079570531845, 0.09160643070936203, 0.05848417803645134, 0.006888017989695072, 5.765093374066055e-05]</LCS_MIN>
		<LCS_MAX>[0.1282157301902771, 0.12842386960983276, 0.112514927983284, 0.1142243966460228, 0.06508414447307587, 0.04930299520492554]</LCS_MAX>
		<WAVELENGTH>[0.485, 0.56, 0.66, 0.835, 1.65, 2.22]</WAVELENGTH>
		<MEAN_VALUE>[0.12074139271059942, 0.11691715170083375, 0.09906582707731884, 0.07110581168069921, 0.021880851376095207, 0.011279978765052307]</MEAN_VALUE>
		<CHECKBOX>2</CHECKBOX>
		<SD>[0.0025746171363133837, 0.004357430759948843, 0.004963534179754877, 0.011930815455791501, 0.01191391736512787, 0.0078095365137203715]</SD>
		<WAVELENGTH_UNIT>E-6m</WAVELENGTH_UNIT>
		<COLOR>#e3d3ed</COLOR>
		<COVARIANCE_MATRIX>[[6.686293862934152e-06, 6.856873020862436e-06, 7.978869490866563e-06, 3.901336011625599e-06, 8.82421813283721e-07, -2.2753175927986747e-07], [6.856873020862436e-06, 1.9152308939293925e-05, 1.732209730665888e-05, 1.0066577959138712e-06, -6.081921386889925e-06, -4.7627600538389796e-06], [7.978869490866563e-06, 1.732209730665888e-05, 2.485090348014799e-05, 1.65087877281969e-05, 9.558042635853257e-06, 5.873283070721503e-06], [3.901336011625599e-06, 1.0066577959138712e-06, 1.65087877281969e-05, 0.00014358213446137206, 0.00012084963431267988, 7.14617525966921e-05], [8.82421813283721e-07, -6.081921386889925e-06, 9.558042635853257e-06, 0.00012084963431267988, 0.00014317570026120929, 8.482430252905373e-05], [-2.2753175927986747e-07, -4.7627600538389796e-06, 5.873283070721503e-06, 7.14617525966921e-05, 8.482430252905373e-05, 6.151919847703729e-05]]</COVARIANCE_MATRIX>
		<ROI_SIZE>116</ROI_SIZE>
		<MAX_VALUE>[0.1282157301902771, 0.12842386960983276, 0.112514927983284, 0.1142243966460228, 0.06508414447307587, 0.04930299520492554]</MAX_VALUE>
		<MIN_VALUE>[0.11397629976272583, 0.10933079570531845, 0.09160643070936203, 0.05848417803645134, 0.006888017989695072, 5.765093374066055e-05]</MIN_VALUE>
		<SIGNATURE_THRESHOLD_MD>0</SIGNATURE_THRESHOLD_MD>
		<SIGNATURE_THRESHOLD_ML>0</SIGNATURE_THRESHOLD_ML>
		<SIGNATURE_THRESHOLD_SAM>0</SIGNATURE_THRESHOLD_SAM>
	</signature>
	<signature ID="20210204_210151126547_898">
		<MACROCLASSID>1</MACROCLASSID>
		<MACROCLASSINFO>waterbody</MACROCLASSINFO>
		<CLASSID>16</CLASSID>
		<CLASSINFO>C 1</CLASSINFO>
		<VALUES>[0.1286295309253448, 0.002796895489581207, 0.13001083513046371, 0.004277795048050384, 0.126670153111547, 0.0067824806917397475, 0.06552010266990445, 0.010095628189242603, 0.012414927556208885, 0.005145304265483101, 0.005382045305584767, 0.002979007855191135]</VALUES>
		<LCS_MIN>[0.11714061349630356, 0.10933079570531845, 0.09643146395683289, 0.054768167436122894, 0.00017307858797721565, 0.0]</LCS_MIN>
