<?xml version="1.0" ?>
<signaturelist MCID_LIST="[['1', 'waterbody', '#000000'], ['2', 'vegetation', '#000000'], ['3', 'bareland', '#000000'], ['4', 'built-up', '#000000']]">
	<signature ID="20210524_090353881822_120">
		<MACROCLASSID>1</MACROCLASSID>
		<MACROCLASSINFO>waterbody</MACROCLASSINFO>
		<CLASSID>1</CLASSID>
		<CLASSINFO>C 1</CLASSINFO>
		<VALUES>[0.11204765554699855, 0.003374055328753201, 0.09540640722055886, 0.007152004063299569, 0.06633199022135709, 0.007545681396524925, 0.06736179182750661, 0.00682923786754844, 0.045227204847682716, 0.007110861163012695, 0.029875287219517363, 0.005856882624246909]</VALUES>
		<LCS_MIN>[0.09959938377141953, 0.08327958732843399, 0.05477694422006607, 0.05720026046037674, 0.028060337528586388, 0.016528235748410225]</LCS_MIN>
		<LCS_MAX>[0.12378254532814026, 0.12189137190580368, 0.10234522074460983, 0.10414653271436691, 0.08448071777820587, 0.06282807886600494]</LCS_MAX>
		<WAVELENGTH>[0.485, 0.56, 0.66, 0.83, 1.65, 2.215]</WAVELENGTH>
		<MEAN_VALUE>[0.11204765554699855, 0.09540640722055886, 0.06633199022135709, 0.06736179182750661, 0.045227204847682716, 0.029875287219517363]</MEAN_VALUE>
		<CHECKBOX>2</CHECKBOX>
		<SD>[0.003374055328753201, 0.007152004063299569, 0.007545681396524925, 0.00682923786754844, 0.007110861163012695, 0.005856882624246909]</SD>
		<WAVELENGTH_UNIT>E-6m</WAVELENGTH_UNIT>
		<COLOR>#68976a</COLOR>
		<COVARIANCE_MATRIX>[[1.2787599696033903e-05, 1.577388661037665e-05, 1.3979077095062943e-05, 1.2157491615575908e-05, 1.0620345507242518e-05, 9.288948931379998e-06], [1.577388661037665e-05, 4.57044599276964e-05, 4.205549449468242e-05, 3.25623864772532e-05, 3.0674770686147426e-05, 2.3298984419341056e-05], [1.3979077095062943e-05, 4.205549449468242e-05, 5.1280206945451075e-05, 4.225367869453659e-05, 4.0078802694361525e-05, 3.0925186647852616e-05], [1.2157491615575908e-05, 3.25623864772532e-05, 4.225367869453659e-05, 5.218845720506233e-05, 4.764042021287293e-05, 3.763623239410805e-05], [1.0620345507242518e-05, 3.0674770686147426e-05, 4.0078802694361525e-05, 4.764042021287293e-05, 5.725649570413657e-05, 4.117253712068799e-05], [9.288948931379998e-06, 2.3298984419341056e-05, 3.0925186647852616e-05, 3.763623239410805e-05, 4.117253712068799e-05, 3.996126640825364e-05]]</COVARIANCE_MATRIX>
		<ROI_SIZE>3694</ROI_SIZE>
		<MAX_VALUE>[0.12378254532814026, 0.12189137190580368, 0.10234522074460983, 0.10414653271436691, 0.08448071777820587, 0.06282807886600494]</MAX_VALUE>
		<MIN_VALUE>[0.09959938377141953, 0.08327958732843399, 0.05477694422006607, 0.05720026046037674, 0.028060337528586388, 0.016528235748410225]</MIN_VALUE>
		<SIGNATURE_THRESHOLD_MD>0</SIGNATURE_THRESHOLD_MD>
		<SIGNATURE_THRESHOLD_ML>0</SIGNATURE_THRESHOLD_ML>
		<SIGNATURE_THRESHOLD_SAM>0</SIGNATURE_THRESHOLD_SAM>
	</signature>
	<signature ID="20210524_090407383305_430">
		<MACROCLASSID>1</MACROCLASSID>
		<MACROCLASSINFO>waterbody</MACROCLASSINFO>
		<CLASSID>2</CLASSID>
		<CLASSINFO>C 1</CLASSINFO>
		<VALUES>[0.11617880037697373, 0.003943599644801171, 0.10607637173160249, 0.005473959157116961, 0.07860731520013503, 0.008246227120181606, 0.07909567856959862, 0.009112091671974092, 0.05515781243030629, 0.008391185892136978, 0.03601116930146061, 0.006896348990092261]</VALUES>
		<LCS_MIN>[0.09817684441804886, 0.0773392990231514, 0.06228772550821304, 0.06658951193094254, 0.040150418877601624, 0.02231571637094021]</LCS_MIN>
		<LCS_MAX>[0.13374030590057373, 0.13080179691314697, 0.10985599458217621, 0.1135357916355133, 0.09254076331853867, 0.06861556321382523]</LCS_MAX>
		<WAVELENGTH>[0.485, 0.56, 0.66, 0.83, 1.65, 2.215]</WAVELENGTH>
		<MEAN_VALUE>[0.11617880037697373, 0.10607637173160249, 0.07860731520013503, 0.07909567856959862, 0.05515781243030629, 0.03601116930146061]</MEAN_VALUE>
		<CHECKBOX>2</CHECKBOX>
		<SD>[0.003943599644801171, 0.005473959157116961, 0.008246227120181606, 0.009112091671974092, 0.008391185892136978, 0.006896348990092261]</SD>
		<WAVELENGTH_UNIT>E-6m</WAVELENGTH_UNIT>
		<COLOR>#e6b7f6</COLOR>
		<COVARIANCE_MATRIX>[[1.555907303902256e-05, 1.4208240598051373e-05, 1.0249726714620448e-05, 1.0301583435737997e-05, 1.111003158205029e-05, 1.0799550065147368e-05], [1.4208240598051373e-05, 2.9977898666218146e-05, 3.4714356184944664e-05, 2.6920812497456766e-05, 2.4520556403776784e-05, 2.0196007226556177e-05], [1.0249726714620448e-05, 3.4714356184944664e-05, 6.803128373482558e-05, 5.634951403570968e-05, 4.464777100774668e-05, 3.447475176041185e-05], [1.0301583435737997e-05, 2.6920812497456766e-05, 5.634951403570968e-05, 8.306809338601389e-05, 6.596505678245258e-05, 5.02150033949974e-05], [1.111003158205029e-05, 2.4520556403776784e-05, 4.464777100774668e-05, 6.596505678245258e-05, 7.044412293948104e-05, 5.153240337535076e-05], [1.0799550065147368e-05, 2.0196007226556177e-05, 3.447475176041185e-05, 5.02150033949974e-05, 5.153240337535076e-05, 4.7581326304366e-05]]</COVARIANCE_MATRIX>
		<ROI_SIZE>2193</ROI_SIZE>
		<MAX_VALUE>[0.13374030590057373, 0.13080179691314697, 0.10985599458217621, 0.1135357916355133, 0.09254076331853867, 0.06861556321382523]</MAX_VALUE>
		<MIN_VALUE>[0.09817684441804886, 0.0773392990231514, 0.06228772550821304, 0.06658951193094254, 0.040150418877601624, 0.02231571637094021]</MIN_VALUE>
		<SIGNATURE_THRESHOLD_MD>0</SIGNATURE_THRESHOLD_MD>
		<SIGNATURE_THRESHOLD_ML>0</SIGNATURE_THRESHOLD_ML>
		<SIGNATURE_THRESHOLD_SAM>0</SIGNATURE_THRESHOLD_SAM>
	</signature>
	<signature ID="20210524_090415884404_471">
		<MACROCLASSID>1</MACROCLASSID>
		<MACROCLASSINFO>waterbody</MACROCLASSINFO>
		<CLASSID>3</CLASSID>
		<CLASSINFO>C 1</CLASSINFO>
		<VALUES>[0.10835568011981699, 0.004992724694166271, 0.09607993793749331, 0.007840424951622899, 0.07128712694739578, 0.008435906112826347, 0.0768598940701702, 0.010286065286797109, 0.04998268532726143, 0.010744065952615036, 0.03520068030401661, 0.009131215633486112]</VALUES>
		<LCS_MIN>[0.09817684441804886, 0.0773392990231514, 0.0572805292904377, 0.06033000722527504, 0.03209036588668823, 0.019421974197030067]</LCS_MIN>
		<LCS_MAX>[0.12520508468151093, 0.11892124265432358, 0.10234522074460983, 0.11040604114532471, 0.08246569335460663, 0.06572182476520538]</LCS_MAX>
		<WAVELENGTH>[0.485, 0.56, 0.66, 0.83, 1.65, 2.215]</WAVELENGTH>
		<MEAN_VALUE>[0.10835568011981699, 0.09607993793749331, 0.07128712694739578, 0.0768598940701702, 0.04998268532726143, 0.03520068030401661]</MEAN_VALUE>
		<CHECKBOX>2</CHECKBOX>
		<SD>[0.004992724694166271, 0.007840424951622899, 0.008435906112826347, 0.010286065286797109, 0.010744065952615036, 0.009131215633486112]</SD>
		<WAVELENGTH_UNIT>E-6m</WAVELENGTH_UNIT>
		<COLOR>#2168fd</COLOR>
		<COVARIANCE_MATRIX>[[2.495540280282192e-05, 3.3721374976008446e-05, 3.597974696856457e-05, 3.932259752703339e-05, 3.6409312323833134e-05, 3.3022284446591176e-05], [3.3721374976008446e-05, 6.1541566988459e-05, 6.192338385335498e-05, 6.538054982696087e-05, 6.510576270876451e-05, 5.671901339436215e-05], [3.597974696856457e-05, 6.192338385335498e-05, 7.124474251031077e-05, 7.661023718311653e-05, 7.593107180391424e-05, 6.554554374490274e-05], [3.932259752703339e-05, 6.538054982696087e-05, 7.661023718311653e-05, 0.00010592242108998399, 9.993068154002964e-05, 8.291743143740816e-05], [3.6409312323833134e-05, 6.510576270876451e-05, 7.593107180391424e-05, 9.993068154002964e-05, 0.0001155650940658375, 9.00502455036852e-05], [3.3022284446591176e-05, 5.671901339436215e-05, 6.554554374490274e-05, 8.291743143740816e-05, 9.00502455036852e-05, 8.347310018416721e-05]]</COVARIANCE_MATRIX>
		<ROI_SIZE>888</ROI_SIZE>
		<MAX_VALUE>[0.12520508468151093, 0.11892124265432358, 0.10234522074460983, 0.11040604114532471, 0.08246569335460663, 0.06572182476520538]</MAX_VALUE>
		<MIN_VALUE>[0.09817684441804886, 0.0773392990231514, 0.0572805292904377, 0.06033000722527504, 0.03209036588668823, 0.019421974197030067]</MIN_VALUE>
		<SIGNATURE_THRESHOLD_MD>0</SIGNATURE_THRESHOLD_MD>
		<SIGNATURE_THRESHOLD_ML>0</SIGNATURE_THRESHOLD_ML>
		<SIGNATURE_THRESHOLD_SAM>0</SIGNATURE_THRESHOLD_SAM>
	</signature>
	<signature ID="20210524_090422197774_362">
		<MACROCLASSID>1</MACROCLASSID>
		<MACROCLASSINFO>waterbody</MACROCLASSINFO>
		<CLASSID>4</CLASSID>
		<CLASSINFO>C 1</CLASSINFO>
		<VALUES>[0.11466229646384012, 0.0039468109916481935, 0.09731304225616547, 0.006450873986499994, 0.07017256143728834, 0.007371159685637925, 0.0730249515883404, 0.010492579112773081, 0.045071700811055514, 0.011887363911652352, 0.030864235176291558, 0.009427892510010635]</VALUES>
		<LCS_MIN>[0.09817684441804886, 0.0773392990231514, 0.05477694422006607, 0.05720026046037674, 0.02403031289577484, 0.013634495437145233]</LCS_MIN>
		<LCS_MAX>[0.12805016338825226, 0.11595109105110168, 0.09483443200588226, 0.10727628320455551, 0.07843567430973053, 0.06282807886600494]</LCS_MAX>
		<WAVELENGTH>[0.485, 0.56, 0.66, 0.83, 1.65, 2.215]</WAVELENGTH>
		<MEAN_VALUE>[0.11466229646384012, 0.09731304225616547, 0.07017256143728834, 0.0730249515883404, 0.045071700811055514, 0.030864235176291558]</MEAN_VALUE>
		<CHECKBOX>2</CHECKBOX>
		<SD>[0.0039468109916481935, 0.006450873986499994, 0.007371159685637925, 0.010492579112773081, 0.011887363911652352, 0.009427892510010635]</SD>
		<WAVELENGTH_UNIT>E-6m</WAVELENGTH_UNIT>
		<COLOR>#8a2a86</COLOR>
		<COVARIANCE_MATRIX>[[1.5600394510467358e-05, 2.0765851227917907e-05, 2.1524611858294864e-05, 1.9316788665505325e-05, 2.367025106301772e-05, 1.9614194343620904e-05], [2.0765851227917907e-05, 4.1675425227020625e-05, 4.2663906873742105e-05, 4.47913575916231e-05, 5.2961833148123974e-05, 4.140114360551507e-05], [2.1524611858294864e-05, 4.2663906873742105e-05, 5.4414489918745855e-05, 6.368704510149551e-05, 7.22660136811446e-05, 5.608648669658599e-05], [1.9316788665505325e-05, 4.47913575916231e-05, 6.368704510149551e-05, 0.00011025731898067262, 0.00011524708149376335, 8.741034761505773e-05], [2.367025106301772e-05, 5.2961833148123974e-05, 7.22660136811446e-05, 0.00011524708149376335, 0.00014151876805808134, 0.00010158517887779305], [1.9614194343620904e-05, 4.140114360551507e-05, 5.608648669658599e-05, 8.741034761505773e-05, 0.00010158517887779305, 8.901683889465573e-05]]</COVARIANCE_MATRIX>
		<ROI_SIZE>676</ROI_SIZE>
		<MAX_VALUE>[0.12805016338825226, 0.11595109105110168, 0.09483443200588226, 0.10727628320455551, 0.07843567430973053, 0.06282807886600494]</MAX_VALUE>
		<MIN_VALUE>[0.09817684441804886, 0.0773392990231514, 0.05477694422006607, 0.05720026046037674, 0.02403031289577484, 0.013634495437145233]</MIN_VALUE>
		<SIGNATURE_THRESHOLD_MD>0</SIGNATURE_THRESHOLD_MD>
		<SIGNATURE_THRESHOLD_ML>0</SIGNATURE_THRESHOLD_ML>
		<SIGNATURE_THRESHOLD_SAM>0</SIGNATURE_THRESHOLD_SAM>
	</signature>
	<signature ID="20210524_090429689385_729">
		<MACROCLASSID>1</MACROCLASSID>
		<MACROCLASSINFO>waterbody</MACROCLASSINFO>
		<CLASSID>5</CLASSID>
		<CLASSINFO>C 1</CLASSINFO>
		<VALUES>[0.12118883879787952, 0.0033540386179189805, 0.10754167183814763, 0.004417936065384258, 0.09299444299505422, 0.005043517464750739, 0.09630330020644101, 0.011514383171598542, 0.062331751153531324, 0.011622455504445512, 0.044466192037405726, 0.008254892909742092]</VALUES>
		<LCS_MIN>[0.11097967624664307, 0.09516014158725739, 0.07981287688016891, 0.07910852879285812, 0.04418043792247772, 0.0252094566822052]</LCS_MIN>
		<LCS_MAX>[0.1308952420949936, 0.11595109105110168, 0.10234522074460983, 0.1260547935962677, 0.10060081630945206, 0.07150930911302567]</LCS_MAX>
		<WAVELENGTH>[0.485, 0.56, 0.66, 0.83, 1.65, 2.215]</WAVELENGTH>
		<MEAN_VALUE>[0.12118883879787952, 0.10754167183814763, 0.09299444299505422, 0.09630330020644101, 0.062331751153531324, 0.044466192037405726]</MEAN_VALUE>
		<CHECKBOX>2</CHECKBOX>
		<SD>[0.0033540386179189805, 0.004417936065384258, 0.005043517464750739, 0.011514383171598542, 0.011622455504445512, 0.008254892909742092]</SD>
		<WAVELENGTH_UNIT>E-6m</WAVELENGTH_UNIT>
		<COLOR>#8f7165</COLOR>
		<COVARIANCE_MATRIX>[[1.1294936240211555e-05, 1.1203062977618833e-05, 1.2828974359332744e-05, -1.7904851946912425e-06, 6.422281942643098e-06, 7.754825610375485e-06], [1.1203062977618833e-05, 1.9596861332169027e-05, 1.9695471194591964e-05, 2.5208441016876292e-06, 1.4036996173044064e-05, 1.3360282327973535e-05], [1.2828974359332744e-05, 1.9695471194591964e-05, 2.55396372415089e-05, 9.99665976430694e-06, 2.006660058320402e-05, 1.860249703847426e-05], [-1.7904851946912425e-06, 2.5208441016876292e-06, 9.99665976430694e-06, 0.0001331156207087725, 0.00010194677492601389, 6.571510808416682e-05], [6.422281942643098e-06, 1.4036996173044064e-05, 2.006660058320402e-05, 0.00010194677492601389, 0.00013562615530746434, 8.757417216373902e-05], [7.754825610375485e-06, 1.3360282327973535e-05, 1.860249703847426e-05, 6.571510808416682e-05, 8.757417216373902e-05, 6.841802814869459e-05]]</COVARIANCE_MATRIX>
		<ROI_SIZE>249</ROI_SIZE>
		<MAX_VALUE>[0.1308952420949936, 0.11595109105110168, 0.10234522074460983, 0.1260547935962677, 0.10060081630945206, 0.07150930911302567]</MAX_VALUE>
		<MIN_VALUE>[0.11097967624664307, 0.09516014158725739, 0.07981287688016891, 0.07910852879285812, 0.04418043792247772, 0.0252094566822052]</MIN_VALUE>
		<SIGNATURE_THRESHOLD_MD>0</SIGNATURE_THRESHOLD_MD>
		<SIGNATURE_THRESHOLD_ML>0</SIGNATURE_THRESHOLD_ML>
		<SIGNATURE_THRESHOLD_SAM>0</SIGNATURE_THRESHOLD_SAM>
	</signature>
	<signature ID="20210524_090434456569_369">
		<MACROCLASSID>1</MACROCLASSID>
		<MACROCLASSINFO>waterbody</MACROCLASSINFO>
		<CLASSID>6</CLASSID>
		<CLASSINFO>C 1</CLASSINFO>
		<VALUES>[0.11629549387089101, 0.002799398408574362, 0.09980868688498179, 0.0031448530267135437, 0.08295450252261524, 0.0036099501848624246, 0.09504337833776369, 0.01768920332137074, 0.04892493603838778, 0.011401899666210118, 0.03126146118066317, 0.007884460026806827]</VALUES>
		<LCS_MIN>[0.10813461244106293, 0.0921899825334549, 0.07230210304260254, 0.07910852879285812, 0.03209036588668823, 0.019421974197030067]</LCS_MIN>
		<LCS_MAX>[0.12378254532814026, 0.11001082509756088, 0.09483443200588226, 0.1542225480079651, 0.08448071777820587, 0.06282807886600494]</LCS_MAX>
		<WAVELENGTH>[0.485, 0.56, 0.66, 0.83, 1.65, 2.215]</WAVELENGTH>
		<MEAN_VALUE>[0.11629549387089101, 0.09980868688498179, 0.08295450252261524, 0.09504337833776369, 0.04892493603838778, 0.03126146118066317]</MEAN_VALUE>
		<CHECKBOX>2</CHECKBOX>
		<SD>[0.002799398408574362, 0.0031448530267135437, 0.0036099501848624246, 0.01768920332137074, 0.011401899666210118, 0.007884460026806827]</SD>
		<WAVELENGTH_UNIT>E-6m</WAVELENGTH_UNIT>
		<COLOR>#76dbcd</COLOR>
		<COVARIANCE_MATRIX>[[1.0705980187147446e-05, 1.1241685349052273e-05, 1.3803994510611751e-05, -4.645114124293403e-06, 6.0644229661651346e-06, 7.722611851856215e-06], [1.1241685349052273e-05, 1.930823262912939e-05, 2.093434637238971e-05, 2.9984369333851857e-06, 1.554592616866102e-05, 1.4785254067742991e-05], [1.3803994510611751e-05, 2.093434637238971e-05, 2.7791442230785176e-05, 2.574706944470272e-06, 1.82152299454026e-05, 1.893525041476014e-05], [-4.645114124293403e-06, 2.9984369333851857e-06, 2.574706944470272e-06, 0.0003167427659716543, 0.00016806289052332044, 9.53692828505366e-05], [6.0644229661651346e-06, 1.554592616866102e-05, 1.82152299454026e-05, 0.00016806289052332044, 0.00013715845496715238, 7.909946242330671e-05], [7.722611851856215e-06, 1.4785254067742991e-05, 1.893525041476014e-05, 9.53692828505366e-05, 7.909946242330671e-05, 6.30808606743038e-05]]</COVARIANCE_MATRIX>
		<ROI_SIZE>712</ROI_SIZE>
		<MAX_VALUE>[0.12378254532814026, 0.11001082509756088, 0.09483443200588226, 0.1542225480079651, 0.08448071777820587, 0.06282807886600494]</MAX_VALUE>
		<MIN_VALUE>[0.10813461244106293, 0.0921899825334549, 0.07230210304260254, 0.07910852879285812, 0.03209036588668823, 0.019421974197030067]</MIN_VALUE>
		<SIGNATURE_THRESHOLD_MD>0</SIGNATURE_THRESHOLD_MD>
		<SIGNATURE_THRESHOLD_ML>0</SIGNATURE_THRESHOLD_ML>
		<SIGNATURE_THRESHOLD_SAM>0</SIGNATURE_THRESHOLD_SAM>
	</signature>
	<signature ID="20210524_090439043202_656">
		<MACROCLASSID>1</MACROCLASSID>
		<MACROCLASSINFO>waterbody</MACROCLASSINFO>
		<CLASSID>7</CLASSID>
		<CLASSINFO>C 1</CLASSINFO>
		<VALUES>[0.12681694560152323, 0.0048998135461942125, 0.1151111166159899, 0.00723231038991136, 0.09703259796675383, 0.006972367138497149, 0.11156306174788587, 0.011851897979324557, 0.06569751108998294, 0.009691984150170115, 0.04610215235232974, 0.007643799403465772]</VALUES>
		<LCS_MIN>[0.11666984856128693, 0.10110040754079819, 0.08231646567583084, 0.08536802232265472, 0.04418043792247772, 0.030996939167380333]</LCS_MIN>
		<LCS_MAX>[0.1394304633140564, 0.13080179691314697, 0.11486317217350006, 0.1385737955570221, 0.09455578029155731, 0.06861556321382523]</LCS_MAX>
		<WAVELENGTH>[0.485, 0.56, 0.66, 0.83, 1.65, 2.215]</WAVELENGTH>
		<MEAN_VALUE>[0.12681694560152323, 0.1151111166159899, 0.09703259796675383, 0.11156306174788587, 0.06569751108998294, 0.04610215235232974]</MEAN_VALUE>
		<CHECKBOX>2</CHECKBOX>
		<SD>[0.0048998135461942125, 0.00723231038991136, 0.006972367138497149, 0.011851897979324557, 0.009691984150170115, 0.007643799403465772]</SD>
		<WAVELENGTH_UNIT>E-6m</WAVELENGTH_UNIT>
		<COLOR>#692cb4</COLOR>
		<COVARIANCE_MATRIX>[[2.4052632366704183e-05, 3.2199960308895745e-05, 3.0983271899398814e-05, -2.569231669689982e-06, 1.803283138073104e-05, 2.157453028305224e-05], [3.2199960308895745e-05, 5.2403177119678895e-05, 4.616301958447563e-05, -5.757152439822199e-06, 2.5444469814257263e-05, 3.058566133520793e-05], [3.0983271899398814e-05, 4.616301958447563e-05, 4.870392926124322e-05, 9.408550951371523e-06, 3.466668739628661e-05, 3.594894997459193e-05], [-2.569231669689982e-06, -5.757152439822199e-06, 9.408550951371523e-06, 0.0001407276106858588, 8.083199640396795e-05, 4.8235377911702394e-05], [1.803283138073104e-05, 2.5444469814257263e-05, 3.466668739628661e-05, 8.083199640396795e-05, 9.410850965005068e-05, 6.549287898963927e-05], [2.157453028305224e-05, 3.058566133520793e-05, 3.594894997459193e-05, 4.8235377911702394e-05, 6.549287898963927e-05, 5.853586870805406e-05]]</COVARIANCE_MATRIX>
		<ROI_SIZE>541</ROI_SIZE>
		<MAX_VALUE>[0.1394304633140564, 0.13080179691314697, 0.11486317217350006, 0.1385737955570221, 0.09455578029155731, 0.06861556321382523]</MAX_VALUE>
		<MIN_VALUE>[0.11666984856128693, 0.10110040754079819, 0.08231646567583084, 0.08536802232265472, 0.04418043792247772, 0.030996939167380333]</MIN_VALUE>
		<SIGNATURE_THRESHOLD_MD>0</SIGNATURE_THRESHOLD_MD>
		<SIGNATURE_THRESHOLD_ML>0</SIGNATURE_THRESHOLD_ML>
		<SIGNATURE_THRESHOLD_SAM>0</SIGNATURE_THRESHOLD_SAM>
	</signature>
	<signature ID="20210524_090445452496_171">
		<MACROCLASSID>1</MACROCLASSID>
		<MACROCLASSINFO>waterbody</MACROCLASSINFO>
		<CLASSID>8</CLASSID>
		<CLASSINFO>C 1</CLASSINFO>
		<VALUES>[0.11986330398221137, 0.00415127959645852, 0.1056936820990104, 0.005652623514857638, 0.09129761220241076, 0.006801623370154787, 0.093827578587597, 0.010438982234865384, 0.05510995077505677, 0.01002224920209663, 0.0373159196743079, 0.008295482061502553]</VALUES>
		<LCS_MIN>[0.109557144343853, 0.08624971657991409, 0.0773092731833458, 0.07597877085208893, 0.03410537540912628, 0.02231571637094021]</LCS_MIN>
		<LCS_MAX>[0.1308952420949936, 0.12189137190580368, 0.10735240578651428, 0.1197953000664711, 0.08246569335460663, 0.05704059451818466]</LCS_MAX>
		<WAVELENGTH>[0.485, 0.56, 0.66, 0.83, 1.65, 2.215]</WAVELENGTH>
		<MEAN_VALUE>[0.11986330398221137, 0.1056936820990104, 0.09129761220241076, 0.093827578587597, 0.05510995077505677, 0.0373159196743079]</MEAN_VALUE>
		<CHECKBOX>2</CHECKBOX>
		<SD>[0.00415127959645852, 0.005652623514857638, 0.006801623370154787, 0.010438982234865384, 0.01002224920209663, 0.008295482061502553]</SD>
		<WAVELENGTH_UNIT>E-6m</WAVELENGTH_UNIT>
		<COLOR>#4bd378</COLOR>
		<COVARIANCE_MATRIX>[[1.7272288474991067e-05, 2.0539738792098463e-05, 2.5291000056019976e-05, 1.1434865614523739e-05, 2.367549349644973e-05, 2.227718906606906e-05], [2.0539738792098463e-05, 3.202477112935959e-05, 3.597105387735205e-05, 1.3132197818839154e-05, 3.28053334551268e-05, 3.130725413275365e-05], [2.5291000056019976e-05, 3.597105387735205e-05, 4.63672215614117e-05, 1.7379696060479126e-05, 4.039459050533289e-05, 3.855240322243138e-05], [1.1434865614523739e-05, 1.3132197818839154e-05, 1.7379696060479126e-05, 0.00010922001453188045, 7.322049796432356e-05, 5.625562696653489e-05], [2.367549349644973e-05, 3.28053334551268e-05, 4.039459050533289e-05, 7.322049796432356e-05, 0.00010067376424862863, 7.38361174915453e-05], [2.227718906606906e-05, 3.130725413275365e-05, 3.855240322243138e-05, 5.625562696653489e-05, 7.38361174915453e-05, 6.897142041142146e-05]]</COVARIANCE_MATRIX>
		<ROI_SIZE>441</ROI_SIZE>
		<MAX_VALUE>[0.1308952420949936, 0.12189137190580368, 0.10735240578651428, 0.1197953000664711, 0.08246569335460663, 0.05704059451818466]</MAX_VALUE>
		<MIN_VALUE>[0.109557144343853, 0.08624971657991409, 0.0773092731833458, 0.07597877085208893, 0.03410537540912628, 0.02231571637094021]</MIN_VALUE>
		<SIGNATURE_THRESHOLD_MD>0</SIGNATURE_THRESHOLD_MD>
		<SIGNATURE_THRESHOLD_ML>0</SIGNATURE_THRESHOLD_ML>
		<SIGNATURE_THRESHOLD_SAM>0</SIGNATURE_THRESHOLD_SAM>
	</signature>
	<signature ID="20210524_090553791320_737">
		<MACROCLASSID>1</MACROCLASSID>
		<MACROCLASSINFO>waterbody</MACROCLASSINFO>
		<CLASSID>9</CLASSID>
		<CLASSINFO>C 1</CLASSINFO>
		<VALUES>[0.10934014883586915, 0.0025636944509458896, 0.10175484646174868, 0.004544680873937424, 0.08639011077456556, 0.006912670343169301, 0.15390428079892007, 0.021772913529699497, 0.11351056763176189, 0.018928403543143776, 0.07273546107492204, 0.013512096067199289]</VALUES>
		<LCS_MIN>[0.10244445502758026, 0.0921899825334549, 0.07230210304260254, 0.10414653271436691, 0.08045067638158798, 0.051253121346235275]</LCS_MIN>
		<LCS_MAX>[0.11666984856128693, 0.11001082509756088, 0.10484880208969116, 0.18864981830120087, 0.148961141705513, 0.10912792384624481]</LCS_MAX>
		<WAVELENGTH>[0.485, 0.56, 0.66, 0.83, 1.65, 2.215]</WAVELENGTH>
		<MEAN_VALUE>[0.10934014883586915, 0.10175484646174868, 0.08639011077456556, 0.15390428079892007, 0.11351056763176189, 0.07273546107492204]</MEAN_VALUE>
		<CHECKBOX>2</CHECKBOX>
		<SD>[0.0025636944509458896, 0.004544680873937424, 0.006912670343169301, 0.021772913529699497, 0.018928403543143776, 0.013512096067199289]</SD>
		<WAVELENGTH_UNIT>E-6m</WAVELENGTH_UNIT>
		<COLOR>#3f1690</COLOR>
		<COVARIANCE_MATRIX>[[6.685848707428162e-06, 7.939098335454242e-06, 1.0539698854151596e-05, -2.1428332395184363e-06, 1.7129871358329933e-06, 1.1933015117475252e-06], [7.939098335454242e-06, 2.101022983637977e-05, 2.8698854005900843e-05, 5.05373799933823e-05, 3.7220916938993924e-05, 2.4671768764633476e-05], [1.0539698854151596e-05, 2.8698854005900843e-05, 4.860889077804501e-05, 9.480602879493702e-05, 7.636303031545268e-05, 5.162782771955463e-05], [-2.1428332395184363e-06, 5.05373799933823e-05, 9.480602879493702e-05, 0.00048223320777128487, 0.00033711903895874767, 0.00021931900302179434], [1.7129871358329933e-06, 3.7220916938993924e-05, 7.636303031545268e-05, 0.00033711903895874767, 0.00036446177897989264, 0.0002323152276451519], [1.1933015117475252e-06, 2.4671768764633476e-05, 5.162782771955463e-05, 0.00021931900302179434, 0.0002323152276451519, 0.00018572461495903672]]</COVARIANCE_MATRIX>
		<ROI_SIZE>59</ROI_SIZE>
		<MAX_VALUE>[0.11666984856128693, 0.11001082509756088, 0.10484880208969116, 0.18864981830120087, 0.148961141705513, 0.10912792384624481]</MAX_VALUE>
		<MIN_VALUE>[0.10244445502758026, 0.0921899825334549, 0.07230210304260254, 0.10414653271436691, 0.08045067638158798, 0.051253121346235275]</MIN_VALUE>
		<SIGNATURE_THRESHOLD_MD>0</SIGNATURE_THRESHOLD_MD>
		<SIGNATURE_THRESHOLD_ML>0</SIGNATURE_THRESHOLD_ML>
		<SIGNATURE_THRESHOLD_SAM>0</SIGNATURE_THRESHOLD_SAM>
	</signature>
	<signature ID="20210524_090611733419_157">
		<MACROCLASSID>1</MACROCLASSID>
		<MACROCLASSINFO>waterbody</MACROCLASSINFO>
		<CLASSID>10</CLASSID>
		<CLASSINFO>C 1</CLASSINFO>
		<VALUES>[0.11301865627368292, 0.0024552302573575277, 0.1028824910521507, 0.004242205370639299, 0.08548768584926923, 0.006096077118000969, 0.13106239661574365, 0.015302744837175654, 0.08239853158593177, 0.008380828473449677, 0.05163894991079966, 0.005527641871895861]</VALUES>
		<LCS_MIN>[0.10813461244106293, 0.09813027083873749, 0.07480569183826447, 0.10414653271436691, 0.06836061179637909, 0.042571891099214554]</LCS_MIN>
		<LCS_MAX>[0.11951492726802826, 0.11298095434904099, 0.10234522074460983, 0.1542225480079651, 0.1026158332824707, 0.06282807886600494]</LCS_MAX>
		<WAVELENGTH>[0.485, 0.56, 0.66, 0.83, 1.65, 2.215]</WAVELENGTH>
		<MEAN_VALUE>[0.11301865627368292, 0.1028824910521507, 0.08548768584926923, 0.13106239661574365, 0.08239853158593177, 0.05163894991079966]</MEAN_VALUE>
		<CHECKBOX>2</CHECKBOX>
		<SD>[0.0024552302573575277, 0.004242205370639299, 0.006096077118000969, 0.015302744837175654, 0.008380828473449677, 0.005527641871895861]</SD>
		<WAVELENGTH_UNIT>E-6m</WAVELENGTH_UNIT>
		<COLOR>#c06cc4</COLOR>
		<COVARIANCE_MATRIX>[[6.2360230517005995e-06, 6.876788733549075e-06, 7.5568594509941605e-06, 8.013965935979295e-06, 1.228945748743165e-06, -2.4604330098372284e-07], [6.876788733549075e-06, 1.8616868696566442e-05, 2.287216309581064e-05, 4.2375990045395716e-05, 4.457697843479793e-06, 7.705742272434703e-07], [7.5568594509941605e-06, 2.287216309581064e-05, 3.844360989167069e-05, 7.30063883446746e-05, 7.526573886145923e-06, 1.7320813333945662e-06], [8.013965935979295e-06, 4.2375990045395716e-05, 7.30063883446746e-05, 0.00024224896505348914, 6.210806033930366e-05, 3.422804385568148e-05], [1.228945748743165e-06, 4.457697843479793e-06, 7.526573886145923e-06, 6.210806033930366e-05, 7.26602957600533e-05, 4.325607318039733e-05], [-2.4604330098372284e-07, 7.705742272434703e-07, 1.7320813333945662e-06, 3.422804385568148e-05, 4.325607318039733e-05, 3.1608439307520394e-05]]</COVARIANCE_MATRIX>
		<ROI_SIZE>30</ROI_SIZE>
		<MAX_VALUE>[0.11951492726802826, 0.11298095434904099, 0.10234522074460983, 0.1542225480079651, 0.1026158332824707, 0.06282807886600494]</MAX_VALUE>
		<MIN_VALUE>[0.10813461244106293, 0.09813027083873749, 0.07480569183826447, 0.10414653271436691, 0.06836061179637909, 0.042571891099214554]</MIN_VALUE>
		<SIGNATURE_THRESHOLD_MD>0</SIGNATURE_THRESHOLD_MD>
		<SIGNATURE_THRESHOLD_ML>0</SIGNATURE_THRESHOLD_ML>
		<SIGNATURE_THRESHOLD_SAM>0</SIGNATURE_THRESHOLD_SAM>
	</signature>
	<signature ID="20210524_090616911068_576">
		<MACROCLASSID>1</MACROCLASSID>
		<MACROCLASSINFO>waterbody</MACROCLASSINFO>
		<CLASSID>11</CLASSID>
		<CLASSINFO>C 1</CLASSINFO>
		<VALUES>[0.11369243610736934, 0.004374504815660605, 0.10331074468964754, 0.0054009586827861115, 0.08653764140813851, 0.006864464084798219, 0.12368928684398185, 0.015324685982159327, 0.08187993897428344, 0.011615541662504317, 0.05364213533006436, 0.007784657349298371]</VALUES>
		<LCS_MIN>[0.10671207308769226, 0.0921899825334549, 0.0773092731833458, 0.09162753075361252, 0.0603005476295948, 0.03967815637588501]</LCS_MIN>
		<LCS_MAX>[0.12378254532814026, 0.11595109105110168, 0.11235957592725754, 0.14796307682991028, 0.11269089579582214, 0.07150930911302567]</LCS_MAX>
		<WAVELENGTH>[0.485, 0.56, 0.66, 0.83, 1.65, 2.215]</WAVELENGTH>
		<MEAN_VALUE>[0.11369243610736934, 0.10331074468964754, 0.08653764140813851, 0.12368928684398185, 0.08187993897428344, 0.05364213533006436]</MEAN_VALUE>
		<CHECKBOX>2</CHECKBOX>
		<SD>[0.004374504815660605, 0.0054009586827861115, 0.006864464084798219, 0.015324685982159327, 0.011615541662504317, 0.007784657349298371]</SD>
		<WAVELENGTH_UNIT>E-6m</WAVELENGTH_UNIT>
		<COLOR>#6f20a2</COLOR>
		<COVARIANCE_MATRIX>[[1.9361425233793635e-05, 1.8290060160085175e-05, 1.0579147545071262e-05, -4.821307495955664e-06, 4.710203322517495e-06, 4.242602840041558e-06], [1.8290060160085175e-05, 2.951353533661166e-05, 2.6165422759316128e-05, 1.9397817358135406e-05, 1.20123091116828e-05, 7.499007066189442e-06], [1.0579147545071262e-05, 2.6165422759316128e-05, 4.767523031467861e-05, 7.048312246131711e-05, 2.0188064411388685e-05, 9.229878015194649e-06], [-4.821307495955664e-06, 1.9397817358135406e-05, 7.048312246131711e-05, 0.00023760889457475303, 0.000105882643800126, 5.952514557196529e-05], [4.710203322517495e-06, 1.20123091116828e-05, 2.0188064411388685e-05, 0.000105882643800126, 0.00013650811173823688, 8.256862186912472e-05], [4.242602840041558e-06, 7.499007066189442e-06, 9.229878015194649e-06, 5.952514557196529e-05, 8.256862186912472e-05, 6.131384169358497e-05]]</COVARIANCE_MATRIX>
		<ROI_SIZE>86</ROI_SIZE>
		<MAX_VALUE>[0.12378254532814026, 0.11595109105110168, 0.11235957592725754, 0.14796307682991028, 0.11269089579582214, 0.07150930911302567]</MAX_VALUE>
		<MIN_VALUE>[0.10671207308769226, 0.0921899825334549, 0.0773092731833458, 0.09162753075361252, 0.0603005476295948, 0.03967815637588501]</MIN_VALUE>
		<SIGNATURE_THRESHOLD_MD>0</SIGNATURE_THRESHOLD_MD>
		<SIGNATURE_THRESHOLD_ML>0</SIGNATURE_THRESHOLD_ML>
		<SIGNATURE_THRESHOLD_SAM>0</SIGNATURE_THRESHOLD_SAM>
	</signature>
	<signature ID="20210524_090623868568_229">
		<MACROCLASSID>1</MACROCLASSID>
		<MACROCLASSINFO>waterbody</MACROCLASSINFO>
		<CLASSID>12</CLASSID>
		<CLASSINFO>C 1</CLASSINFO>
		<VALUES>[0.12014349151489345, 0.002460133255319502, 0.11401705495839895, 0.005277646940743176, 0.0902348091435987, 0.008804981730227911, 0.1040009629241256, 0.016914314417438205, 0.08035696505807167, 0.019468267787244555, 0.05522359699703926, 0.014080211842711177]</VALUES>
		<LCS_MIN>[0.11666984856128693, 0.10407054424285889, 0.0773092731833458, 0.08536802232265472, 0.058285538107156754, 0.03967815637588501]</LCS_MIN>
		<LCS_MAX>[0.12947271764278412, 0.12486152350902557, 0.10735240578651428, 0.1417035460472107, 0.12881100177764893, 0.09176547825336456]</LCS_MAX>
		<WAVELENGTH>[0.485, 0.56, 0.66, 0.83, 1.65, 2.215]</WAVELENGTH>
		<MEAN_VALUE>[0.12014349151489345, 0.11401705495839895, 0.0902348091435987, 0.1040009629241256, 0.08035696505807167, 0.05522359699703926]</MEAN_VALUE>
		<CHECKBOX>2</CHECKBOX>
		<SD>[0.002460133255319502, 0.005277646940743176, 0.008804981730227911, 0.016914314417438205, 0.019468267787244555, 0.014080211842711177]</SD>
		<WAVELENGTH_UNIT>E-6m</WAVELENGTH_UNIT>
		<COLOR>#b0ed04</COLOR>
		<COVARIANCE_MATRIX>[[6.1963569585462935e-06, 8.286518196798651e-06, 1.0676496405811905e-05, 1.8644503582659798e-05, 1.6166961542149356e-05, 1.1166418693118273e-05], [8.286518196798651e-06, 2.851673716521047e-05, 3.993463371120169e-05, 5.393722858752072e-05, 4.598339403622923e-05, 3.426025226737303e-05], [1.0676496405811905e-05, 3.993463371120169e-05, 7.937360096654373e-05, 0.00012748295408581206, 0.0001136666447450661, 8.32103369726799e-05], [1.8644503582659798e-05, 5.393722858752072e-05, 0.00012748295408581206, 0.00029290579488367146, 0.0002965412718471097, 0.0002080330763648895], [1.6166961542149356e-05, 4.598339403622923e-05, 0.0001136666447450661, 0.0002965412718471097, 0.00038803758041290826, 0.00027415681826482163], [1.1166418693118273e-05, 3.426025226737303e-05, 8.32103369726799e-05, 0.0002080330763648895, 0.00027415681826482163, 0.000202972659953139]]</COVARIANCE_MATRIX>
		<ROI_SIZE>43</ROI_SIZE>
		<MAX_VALUE>[0.12947271764278412, 0.12486152350902557, 0.10735240578651428, 0.1417035460472107, 0.12881100177764893, 0.09176547825336456]</MAX_VALUE>
		<MIN_VALUE>[0.11666984856128693, 0.10407054424285889, 0.0773092731833458, 0.08536802232265472, 0.058285538107156754, 0.03967815637588501]</MIN_VALUE>
		<SIGNATURE_THRESHOLD_MD>0</SIGNATURE_THRESHOLD_MD>
		<SIGNATURE_THRESHOLD_ML>0</SIGNATURE_THRESHOLD_ML>
		<SIGNATURE_THRESHOLD_SAM>0</SIGNATURE_THRESHOLD_SAM>
	</signature>
	<signature ID="20210524_090630831352_768">
		<MACROCLASSID>1</MACROCLASSID>
		<MACROCLASSINFO>waterbody</MACROCLASSINFO>
		<CLASSID>13</CLASSID>
		<CLASSINFO>C 1</CLASSINFO>
		<VALUES>[0.11003132412830989, 0.00208932967068339, 0.11628916108511332, 0.0031958719033155524, 0.08551211164491936, 0.0036161041746861724, 0.06475746601335398, 0.005685152160021907, 0.03392517366787282, 0.006591071165251218, 0.022762716331375325, 0.0058812095863399775]</VALUES>
		<LCS_MIN>[0.1052895337343216, 0.10704068839550018, 0.07981287688016891, 0.05720026046037674, 0.02604532428085804, 0.013634495437145233]</LCS_MIN>
		<LCS_MAX>[0.11524730920791626, 0.12486152350902557, 0.09984161704778671, 0.08849777281284332, 0.056270524859428406, 0.042571891099214554]</LCS_MAX>
		<WAVELENGTH>[0.485, 0.56, 0.66, 0.83, 1.65, 2.215]</WAVELENGTH>
		<MEAN_VALUE>[0.11003132412830989, 0.11628916108511332, 0.08551211164491936, 0.06475746601335398, 0.03392517366787282, 0.022762716331375325]</MEAN_VALUE>
		<CHECKBOX>2</CHECKBOX>
		<SD>[0.00208932967068339, 0.0031958719033155524, 0.0036161041746861724, 0.005685152160021907, 0.006591071165251218, 0.0058812095863399775]</SD>
		<WAVELENGTH_UNIT>E-6m</WAVELENGTH_UNIT>
		<COLOR>#4cc093</COLOR>
		<COVARIANCE_MATRIX>[[4.4010796078209066e-06, 3.8557250046455076e-06, 3.843648015259585e-06, 3.831803055363083e-06, 3.0700592430206063e-06, 2.0807226720806586e-06], [3.8557250046455076e-06, 1.029731523242141e-05, 5.432568505445177e-06, 2.224527832202914e-06, 6.010399073661168e-07, 1.3975338401872255e-06], [3.843648015259585e-06, 5.432568505445177e-06, 1.3183391446462913e-05, 1.444468183983703e-05, 1.3647379490768215e-05, 1.304933458239004e-05], [3.831803055363083e-06, 2.224527832202914e-06, 1.444468183983703e-05, 3.2585880943934615e-05, 2.7994669719287548e-05, 2.5842884531400325e-05], [3.0700592430206063e-06, 6.010399073661168e-07, 1.3647379490768215e-05, 2.7994669719287548e-05, 4.379830286856512e-05, 3.267704108612225e-05], [2.0807226720806586e-06, 1.3975338401872255e-06, 1.304933458239004e-05, 2.5842884531400325e-05, 3.267704108612225e-05, 3.4872139527952784e-05]]</COVARIANCE_MATRIX>
		<ROI_SIZE>123</ROI_SIZE>
		<MAX_VALUE>[0.11524730920791626, 0.12486152350902557, 0.09984161704778671, 0.08849777281284332, 0.056270524859428406, 0.042571891099214554]</MAX_VALUE>
		<MIN_VALUE>[0.1052895337343216, 0.10704068839550018, 0.07981287688016891, 0.05720026046037674, 0.02604532428085804, 0.013634495437145233]</MIN_VALUE>
		<SIGNATURE_THRESHOLD_MD>0</SIGNATURE_THRESHOLD_MD>
		<SIGNATURE_THRESHOLD_ML>0</SIGNATURE_THRESHOLD_ML>
		<SIGNATURE_THRESHOLD_SAM>0</SIGNATURE_THRESHOLD_SAM>
	</signature>
	<signature ID="20210524_090637507356_118">
		<MACROCLASSID>1</MACROCLASSID>
		<MACROCLASSINFO>waterbody</MACROCLASSINFO>
		<CLASSID>14</CLASSID>
		<CLASSINFO>C 1</CLASSINFO>
		<VALUES>[0.1100597754120827, 0.0020786358203410426, 0.09203158383568129, 0.0038464804726213732, 0.0647078648457924, 0.004445004427628141, 0.07973447263240815, 0.008582596356417605, 0.04803583718836309, 0.007893562254548443, 0.03120914419492085, 0.0066333094075851345]</VALUES>
		<LCS_MIN>[0.1052895337343216, 0.08624971657991409, 0.0572805292904377, 0.06658951193094254, 0.03612039238214493, 0.019421974197030067]</LCS_MIN>
		<LCS_MAX>[0.11809238791465759, 0.10407054424285889, 0.07981287688016891, 0.10414653271436691, 0.06634558737277985, 0.05414685979485512]</LCS_MAX>
		<WAVELENGTH>[0.485, 0.56, 0.66, 0.83, 1.65, 2.215]</WAVELENGTH>
		<MEAN_VALUE>[0.1100597754120827, 0.09203158383568129, 0.0647078648457924, 0.07973447263240815, 0.04803583718836309, 0.03120914419492085]</MEAN_VALUE>
		<CHECKBOX>2</CHECKBOX>
		<SD>[0.0020786358203410426, 0.0038464804726213732, 0.004445004427628141, 0.008582596356417605, 0.007893562254548443, 0.0066333094075851345]</SD>
		<WAVELENGTH_UNIT>E-6m</WAVELENGTH_UNIT>
		<COLOR>#6e4e1d</COLOR>
		<COVARIANCE_MATRIX>[[4.3497250405418345e-06, 4.135152280206532e-06, 4.272953175897811e-06, 3.418331839470521e-06, 3.384648057371374e-07, 1.439752911380412e-06], [4.135152280206532e-06, 1.4894710093547874e-05, 1.266286508241065e-05, 1.48857518142238e-05, 1.2464059823366829e-05, 1.1685870974033185e-05], [4.272953175897811e-06, 1.266286508241065e-05, 1.9890668820436667e-05, 2.8818263916318396e-05, 2.3347032284298477e-05, 2.102273595199366e-05], [3.418331839470521e-06, 1.48857518142238e-05, 2.8818263916318396e-05, 7.415532907771081e-05, 5.365172847252166e-05, 4.235367747762905e-05], [3.384648057371374e-07, 1.2464059823366829e-05, 2.3347032284298477e-05, 5.365172847252166e-05, 6.272650174473011e-05, 3.9875442256062e-05], [1.439752911380412e-06, 1.1685870974033185e-05, 2.102273595199366e-05, 4.235367747762905e-05, 3.9875442256062e-05, 4.429610103700414e-05]]</COVARIANCE_MATRIX>
		<ROI_SIZE>150</ROI_SIZE>
		<MAX_VALUE>[0.11809238791465759, 0.10407054424285889, 0.07981287688016891, 0.10414653271436691, 0.06634558737277985, 0.05414685979485512]</MAX_VALUE>
		<MIN_VALUE>[0.1052895337343216, 0.08624971657991409, 0.0572805292904377, 0.06658951193094254, 0.03612039238214493, 0.019421974197030067]</MIN_VALUE>
		<SIGNATURE_THRESHOLD_MD>0</SIGNATURE_THRESHOLD_MD>
		<SIGNATURE_THRESHOLD_ML>0</SIGNATURE_THRESHOLD_ML>
		<SIGNATURE_THRESHOLD_SAM>0</SIGNATURE_THRESHOLD_SAM>
	</signature>
	<signature ID="20210524_090644594805_117">
		<MACROCLASSID>1</MACROCLASSID>
		<MACROCLASSINFO>waterbody</MACROCLASSINFO>
		<CLASSID>15</CLASSID>
		<CLASSINFO>C 1</CLASSINFO>
		<VALUES>[0.12128459364532285, 0.0031031705092577477, 0.1068417280555912, 0.004909589050572092, 0.0917977784096339, 0.005867678686193187, 0.08953104205607809, 0.007377240517414493, 0.05353724174914461, 0.006826763799597148, 0.03736593353263498, 0.006099458258897034]</VALUES>
		<LCS_MIN>[0.113824762403965, 0.09516014158725739, 0.07981287688016891, 0.07597877085208893, 0.038135405629873276, 0.0252094566822052]</LCS_MIN>
		<LCS_MAX>[0.12947271764278412, 0.11892124265432358, 0.10735240578651428, 0.11040604114532471, 0.07239063829183578, 0.05414685979485512]</LCS_MAX>
		<WAVELENGTH>[0.485, 0.56, 0.66, 0.83, 1.65, 2.215]</WAVELENGTH>
		<MEAN_VALUE>[0.12128459364532285, 0.1068417280555912, 0.0917977784096339, 0.08953104205607809, 0.05353724174914461, 0.03736593353263498]</MEAN_VALUE>
		<CHECKBOX>2</CHECKBOX>
		<SD>[0.0031031705092577477, 0.004909589050572092, 0.005867678686193187, 0.007377240517414493, 0.006826763799597148, 0.006099458258897034]</SD>
		<WAVELENGTH_UNIT>E-6m</WAVELENGTH_UNIT>
		<COLOR>#89ea79</COLOR>
		<COVARIANCE_MATRIX>[[9.652759936648162e-06, 1.1680759388231037e-05, 1.4559436821746203e-05, 5.1603328748314585e-06, 1.0698331390110672e-05, 9.837077905929989e-06], [1.1680759388231037e-05, 2.4161868157836752e-05, 2.624964106809228e-05, 4.642184632794619e-06, 1.6935870250315193e-05, 1.5718533950937566e-05], [1.4559436821746203e-05, 2.624964106809228e-05, 3.4512218279908035e-05, 8.89508397334167e-06, 2.1948700584541237e-05, 1.963005213493621e-05], [5.1603328748314585e-06, 4.642184632794619e-06, 8.89508397334167e-06, 5.455419006821284e-05, 3.215541305949155e-05, 2.4309010240678802e-05], [1.0698331390110672e-05, 1.6935870250315193e-05, 2.1948700584541237e-05, 3.215541305949155e-05, 4.671646585552725e-05, 3.572584625121197e-05], [9.837077905929989e-06, 1.5718533950937566e-05, 1.963005213493621e-05, 2.4309010240678802e-05, 3.572584625121197e-05, 3.729260781713999e-05]]</COVARIANCE_MATRIX>
		<ROI_SIZE>418</ROI_SIZE>
		<MAX_VALUE>[0.12947271764278412, 0.11892124265432358, 0.10735240578651428, 0.11040604114532471, 0.07239063829183578, 0.05414685979485512]</MAX_VALUE>
		<MIN_VALUE>[0.113824762403965, 0.09516014158725739, 0.07981287688016891, 0.07597877085208893, 0.038135405629873276, 0.0252094566822052]</MIN_VALUE>
		<SIGNATURE_THRESHOLD_MD>0</SIGNATURE_THRESHOLD_MD>
		<SIGNATURE_THRESHOLD_ML>0</SIGNATURE_THRESHOLD_ML>
		<SIGNATURE_THRESHOLD_SAM>0</SIGNATURE_THRESHOLD_SAM>
	</signature>
	<signature ID="20210524_090705610644_950">
		<MACROCLASSID>1</MACROCLASSID>
		<MACROCLASSINFO>waterbody</MACROCLASSINFO>
		<CLASSID>16</CLASSID>
		<CLASSINFO>C 1</CLASSINFO>
		<VALUES>[0.11904936766082584, 0.0038195283921800267, 0.1040057447823612, 0.004969569185181205, 0.08824315469373357, 0.005916700600392383, 0.08632402067834684, 0.006565948029179942, 0.053618034950711525, 0.006814826736522093, 0.03824706987223844, 0.0062837638272525516]</VALUES>
		<LCS_MIN>[0.109557144343853, 0.0921899825334549, 0.07480569183826447, 0.07284902036190033, 0.03612039238214493, 0.02231571637094021]</LCS_MIN>
		<LCS_MAX>[0.13231776654720306, 0.11298095434904099, 0.09984161704778671, 0.10414653271436691, 0.06634558737277985, 0.051253121346235275]</LCS_MAX>
