<?xml version="1.0" ?>
<signaturelist MCID_LIST="[['1', 'waterbody', '#000000'], ['2', 'vegetation', '#000000'], ['3', 'bareland', '#000000'], ['4', 'built-up', '#000000']]">
	<signature ID="20210524_090353881822_120">
		<MACROCLASSID>1</MACROCLASSID>
		<MACROCLASSINFO>waterbody</MACROCLASSINFO>
		<CLASSID>1</CLASSID>
		<CLASSINFO>C 1</CLASSINFO>
		<VALUES>[0.11204765554699855, 0.003374055328753201, 0.09540640722055886, 0.007152004063299569, 0.06633199022135709, 0.007545681396524925, 0.06736179182750661, 0.00682923786754844, 0.045227204847682716, 0.007110861163012695, 0.029875287219517363, 0.005856882624246909]</VALUES>
		<LCS_MIN>[0.09959938377141953, 0.08327958732843399, 0.05477694422006607, 0.05720026046037674, 0.028060337528586388, 0.016528235748410225]</LCS_MIN>
		<LCS_MAX>[0.12378254532814026, 0.12189137190580368, 0.10234522074460983, 0.10414653271436691, 0.08448071777820587, 0.06282807886600494]</LCS_MAX>
		<WAVELENGTH>[0.485, 0.56, 0.66, 0.83, 1.65, 2.215]</WAVELENGTH>
		<MEAN_VALUE>[0.11204765554699855, 0.09540640722055886, 0.06633199022135709, 0.06736179182750661, 0.045227204847682716, 0.029875287219517363]</MEAN_VALUE>
		<CHECKBOX>2</CHECKBOX>
		<SD>[0.003374055328753201, 0.007152004063299569, 0.007545681396524925, 0.00682923786754844, 0.007110861163012695, 0.005856882624246909]</SD>
		<WAVELENGTH_UNIT>E-6m</WAVELENGTH_UNIT>
		<COLOR>#68976a</COLOR>
		<COVARIANCE_MATRIX>[[1.2787600098818075e-05, 1.577388684381731e-05, 1.3979077266412787e-05, 1.2157491255493369e-05, 1.0620345165079925e-05, 9.28894860408036e-06], [1.577388684381731e-05, 4.5704458898399025e-05, 4.2055493395309895e-05, 3.256238778703846e-05, 3.0674771551275626e-05, 2.3298984160646796e-05], [1.3979077266412787e-05, 4.2055493395309895e-05, 5.128020711708814e-05, 4.225367956678383e-05, 4.007880124845542e-05, 3.092518818448298e-05], [1.2157491255493369e-05, 3.256238778703846e-05, 4.225367956678383e-05, 5.218845763010904e-05, 4.76404202345293e-05, 3.763623317354359e-05], [1.0620345165079925e-05, 3.0674771551275626e-05, 4.007880124845542e-05, 4.76404202345293e-05, 5.725649680243805e-05, 4.11725377489347e-05], [9.28894860408036e-06, 2.3298984160646796e-05, 3.092518818448298e-05, 3.763623317354359e-05, 4.11725377489347e-05, 3.99612654291559e-05]]</COVARIANCE_MATRIX>
		<ROI_SIZE>3694</ROI_SIZE>
		<MAX_VALUE>[0.12378254532814026, 0.12189137190580368, 0.10234522074460983, 0.10414653271436691, 0.08448071777820587, 0.06282807886600494]</MAX_VALUE>
		<MIN_VALUE>[0.09959938377141953, 0.08327958732843399, 0.05477694422006607, 0.05720026046037674, 0.028060337528586388, 0.016528235748410225]</MIN_VALUE>
		<SIGNATURE_THRESHOLD_MD>0.0</SIGNATURE_THRESHOLD_MD>
		<SIGNATURE_THRESHOLD_ML>0.0</SIGNATURE_THRESHOLD_ML>
		<SIGNATURE_THRESHOLD_SAM>0.0</SIGNATURE_THRESHOLD_SAM>
	</signature>
	<signature ID="20210524_090407383305_430">
		<MACROCLASSID>1</MACROCLASSID>
		<MACROCLASSINFO>waterbody</MACROCLASSINFO>
		<CLASSID>2</CLASSID>
		<CLASSINFO>C 1</CLASSINFO>
		<VALUES>[0.11617880037697373, 0.003943599644801171, 0.10607637173160249, 0.005473959157116961, 0.07860731520013503, 0.008246227120181606, 0.07909567856959862, 0.009112091671974092, 0.05515781243030629, 0.008391185892136978, 0.03601116930146061, 0.006896348990092261]</VALUES>
		<LCS_MIN>[0.09817684441804886, 0.0773392990231514, 0.06228772550821304, 0.06658951193094254, 0.040150418877601624, 0.02231571637094021]</LCS_MIN>
		<LCS_MAX>[0.13374030590057373, 0.13080179691314697, 0.10985599458217621, 0.1135357916355133, 0.09254076331853867, 0.06861556321382523]</LCS_MAX>
		<WAVELENGTH>[0.485, 0.56, 0.66, 0.83, 1.65, 2.215]</WAVELENGTH>
		<MEAN_VALUE>[0.11617880037697373, 0.10607637173160249, 0.07860731520013503, 0.07909567856959862, 0.05515781243030629, 0.03601116930146061]</MEAN_VALUE>
		<CHECKBOX>2</CHECKBOX>
		<SD>[0.003943599644801171, 0.005473959157116961, 0.008246227120181606, 0.009112091671974092, 0.008391185892136978, 0.006896348990092261]</SD>
		<WAVELENGTH_UNIT>E-6m</WAVELENGTH_UNIT>
		<COLOR>#e6b7f6</COLOR>
		<COVARIANCE_MATRIX>[[1.555907329020556e-05, 1.4208240827429108e-05, 1.0249726983602159e-05, 1.0301583643013146e-05, 1.1110031664429698e-05, 1.079955018212786e-05], [1.4208240827429108e-05, 2.9977898520883173e-05, 3.4714357752818614e-05, 2.6920812160824426e-05, 2.4520555598428473e-05, 2.019600651692599e-05], [1.0249726983602159e-05, 3.4714357752818614e-05, 6.803128053434193e-05, 5.6349512306042016e-05, 4.4647771574091166e-05, 3.447475319262594e-05], [1.0301583643013146e-05, 2.6920812160824426e-05, 5.6349512306042016e-05, 8.306809468194842e-05, 6.596505409106612e-05, 5.021500328439288e-05], [1.1110031664429698e-05, 2.4520555598428473e-05, 4.4647771574091166e-05, 6.596505409106612e-05, 7.044412632239982e-05, 5.153240272193216e-05], [1.079955018212786e-05, 2.019600651692599e-05, 3.447475319262594e-05, 5.021500328439288e-05, 5.153240272193216e-05, 4.7581324906786904e-05]]</COVARIANCE_MATRIX>
		<ROI_SIZE>2193</ROI_SIZE>
		<MAX_VALUE>[0.13374030590057373, 0.13080179691314697, 0.10985599458217621, 0.1135357916355133, 0.09254076331853867, 0.06861556321382523]</MAX_VALUE>
		<MIN_VALUE>[0.09817684441804886, 0.0773392990231514, 0.06228772550821304, 0.06658951193094254, 0.040150418877601624, 0.02231571637094021]</MIN_VALUE>
		<SIGNATURE_THRESHOLD_MD>0.0</SIGNATURE_THRESHOLD_MD>
		<SIGNATURE_THRESHOLD_ML>0.0</SIGNATURE_THRESHOLD_ML>
		<SIGNATURE_THRESHOLD_SAM>0.0</SIGNATURE_THRESHOLD_SAM>
	</signature>
	<signature ID="20210524_090415884404_471">
		<MACROCLASSID>1</MACROCLASSID>
		<MACROCLASSINFO>waterbody</MACROCLASSINFO>
		<CLASSID>3</CLASSID>
		<CLASSINFO>C 1</CLASSINFO>
		<VALUES>[0.10835568011981699, 0.004992724694166271, 0.09607993793749331, 0.007840424951622899, 0.07128712694739578, 0.008435906112826347, 0.0768598940701702, 0.010286065286797109, 0.04998268532726143, 0.010744065952615036, 0.03520068030401661, 0.009131215633486112]</VALUES>
		<LCS_MIN>[0.09817684441804886, 0.0773392990231514, 0.0572805292904377, 0.06033000722527504, 0.03209036588668823, 0.019421974197030067]</LCS_MIN>
		<LCS_MAX>[0.12520508468151093, 0.11892124265432358, 0.10234522074460983, 0.11040604114532471, 0.08246569335460663, 0.06572182476520538]</LCS_MAX>
		<WAVELENGTH>[0.485, 0.56, 0.66, 0.83, 1.65, 2.215]</WAVELENGTH>
		<MEAN_VALUE>[0.10835568011981699, 0.09607993793749331, 0.07128712694739578, 0.0768598940701702, 0.04998268532726143, 0.03520068030401661]</MEAN_VALUE>
		<CHECKBOX>2</CHECKBOX>
		<SD>[0.004992724694166271, 0.007840424951622899, 0.008435906112826347, 0.010286065286797109, 0.010744065952615036, 0.009131215633486112]</SD>
		<WAVELENGTH_UNIT>E-6m</WAVELENGTH_UNIT>
		<COLOR>#2168fd</COLOR>
		<COVARIANCE_MATRIX>[[2.4955403205240145e-05, 3.372137507540174e-05, 3.597974864533171e-05, 3.932259642169811e-05, 3.6409313906915486e-05, 3.302228287793696e-05], [3.372137507540174e-05, 6.154157017590478e-05, 6.192338332766667e-05, 6.538054731208831e-05, 6.510576349683106e-05, 5.671901453752071e-05], [3.597974864533171e-05, 6.192338332766667e-05, 7.124474359443411e-05, 7.661023846594617e-05, 7.593107147840783e-05, 6.554554420290515e-05], [3.932259642169811e-05, 6.538054731208831e-05, 7.661023846594617e-05, 0.00010592242324491963, 9.993067942559719e-05, 8.291743142763153e-05], [3.6409313906915486e-05, 6.510576349683106e-05, 7.593107147840783e-05, 9.993067942559719e-05, 0.00011556509707588702, 9.005024912767112e-05], [3.302228287793696e-05, 5.671901453752071e-05, 6.554554420290515e-05, 8.291743142763153e-05, 9.005024912767112e-05, 8.347310358658433e-05]]</COVARIANCE_MATRIX>
		<ROI_SIZE>888</ROI_SIZE>
		<MAX_VALUE>[0.12520508468151093, 0.11892124265432358, 0.10234522074460983, 0.11040604114532471, 0.08246569335460663, 0.06572182476520538]</MAX_VALUE>
		<MIN_VALUE>[0.09817684441804886, 0.0773392990231514, 0.0572805292904377, 0.06033000722527504, 0.03209036588668823, 0.019421974197030067]</MIN_VALUE>
		<SIGNATURE_THRESHOLD_MD>0.0</SIGNATURE_THRESHOLD_MD>
		<SIGNATURE_THRESHOLD_ML>0.0</SIGNATURE_THRESHOLD_ML>
		<SIGNATURE_THRESHOLD_SAM>0.0</SIGNATURE_THRESHOLD_SAM>
	</signature>
	<signature ID="20210524_090422197774_362">
		<MACROCLASSID>1</MACROCLASSID>
		<MACROCLASSINFO>waterbody</MACROCLASSINFO>
		<CLASSID>4</CLASSID>
		<CLASSINFO>C 1</CLASSINFO>
		<VALUES>[0.11466229646384012, 0.0039468109916481935, 0.09731304225616547, 0.006450873986499994, 0.07017256143728834, 0.007371159685637925, 0.0730249515883404, 0.010492579112773081, 0.045071700811055514, 0.011887363911652352, 0.030864235176291558, 0.009427892510010635]</VALUES>
		<LCS_MIN>[0.09817684441804886, 0.0773392990231514, 0.05477694422006607, 0.05720026046037674, 0.02403031289577484, 0.013634495437145233]</LCS_MIN>
		<LCS_MAX>[0.12805016338825226, 0.11595109105110168, 0.09483443200588226, 0.10727628320455551, 0.07843567430973053, 0.06282807886600494]</LCS_MAX>
		<WAVELENGTH>[0.485, 0.56, 0.66, 0.83, 1.65, 2.215]</WAVELENGTH>
		<MEAN_VALUE>[0.11466229646384012, 0.09731304225616547, 0.07017256143728834, 0.0730249515883404, 0.045071700811055514, 0.030864235176291558]</MEAN_VALUE>
		<CHECKBOX>2</CHECKBOX>
		<SD>[0.0039468109916481935, 0.006450873986499994, 0.007371159685637925, 0.010492579112773081, 0.011887363911652352, 0.009427892510010635]</SD>
		<WAVELENGTH_UNIT>E-6m</WAVELENGTH_UNIT>
		<COLOR>#8a2a86</COLOR>
		<COVARIANCE_MATRIX>[[1.5600395272485912e-05, 2.076585042232182e-05, 2.1524612748180516e-05, 1.9316788893775083e-05, 2.3670250811846927e-05, 1.961419366125483e-05], [2.076585042232182e-05, 4.167542647337541e-05, 4.2663905333029106e-05, 4.479135895962827e-05, 5.296183371683583e-05, 4.140114469919354e-05], [2.1524612748180516e-05, 4.2663905333029106e-05, 5.441448956844397e-05, 6.368704634951428e-05, 7.226601155707613e-05, 5.6086486438289285e-05], [1.9316788893775083e-05, 4.479135895962827e-05, 6.368704634951428e-05, 0.00011025732237612829, 0.0001152470795204863, 8.741034980630502e-05], [2.3670250811846927e-05, 5.296183371683583e-05, 7.226601155707613e-05, 0.0001152470795204863, 0.00014151877257972956, 0.0001015851812553592], [1.961419366125483e-05, 4.140114469919354e-05, 5.6086486438289285e-05, 8.741034980630502e-05, 0.0001015851812553592, 8.901683759177104e-05]]</COVARIANCE_MATRIX>
		<ROI_SIZE>676</ROI_SIZE>
		<MAX_VALUE>[0.12805016338825226, 0.11595109105110168, 0.09483443200588226, 0.10727628320455551, 0.07843567430973053, 0.06282807886600494]</MAX_VALUE>
		<MIN_VALUE>[0.09817684441804886, 0.0773392990231514, 0.05477694422006607, 0.05720026046037674, 0.02403031289577484, 0.013634495437145233]</MIN_VALUE>
		<SIGNATURE_THRESHOLD_MD>0.0</SIGNATURE_THRESHOLD_MD>
		<SIGNATURE_THRESHOLD_ML>0.0</SIGNATURE_THRESHOLD_ML>
		<SIGNATURE_THRESHOLD_SAM>0.0</SIGNATURE_THRESHOLD_SAM>
	</signature>
	<signature ID="20210524_090429689385_729">
		<MACROCLASSID>1</MACROCLASSID>
		<MACROCLASSINFO>waterbody</MACROCLASSINFO>
		<CLASSID>5</CLASSID>
		<CLASSINFO>C 1</CLASSINFO>
		<VALUES>[0.12118883879787952, 0.0033540386179189805, 0.10754167183814763, 0.004417936065384258, 0.09299444299505422, 0.005043517464750739, 0.09630330020644101, 0.011514383171598542, 0.062331751153531324, 0.011622455504445512, 0.044466192037405726, 0.008254892909742092]</VALUES>
		<LCS_MIN>[0.11097967624664307, 0.09516014158725739, 0.07981287688016891, 0.07910852879285812, 0.04418043792247772, 0.0252094566822052]</LCS_MIN>
		<LCS_MAX>[0.1308952420949936, 0.11595109105110168, 0.10234522074460983, 0.1260547935962677, 0.10060081630945206, 0.07150930911302567]</LCS_MAX>
		<WAVELENGTH>[0.485, 0.56, 0.66, 0.83, 1.65, 2.215]</WAVELENGTH>
		<MEAN_VALUE>[0.12118883879787952, 0.10754167183814763, 0.09299444299505422, 0.09630330020644101, 0.062331751153531324, 0.044466192037405726]</MEAN_VALUE>
		<CHECKBOX>2</CHECKBOX>
		<SD>[0.0033540386179189805, 0.004417936065384258, 0.005043517464750739, 0.011514383171598542, 0.011622455504445512, 0.008254892909742092]</SD>
		<WAVELENGTH_UNIT>E-6m</WAVELENGTH_UNIT>
		<COLOR>#8f7165</COLOR>
		<COVARIANCE_MATRIX>[[1.1294936484773643e-05, 1.120306296797935e-05, 1.2828973922296427e-05, -1.7904851574712666e-06, 6.4222817854897585e-06, 7.75482567405561e-06], [1.120306296797935e-05, 1.9596860511228442e-05, 1.969547156477347e-05, 2.5208441911672708e-06, 1.4036996617505793e-05, 1.3360282537178136e-05], [1.2828973922296427e-05, 1.969547156477347e-05, 2.5539637135807425e-05, 9.996660082833841e-06, 2.006659997277893e-05, 1.8602497220854275e-05], [-1.7904851574712666e-06, 2.5208441911672708e-06, 9.996660082833841e-06, 0.00013311562361195683, 0.00010194677452091128, 6.571511039510369e-05], [6.4222817854897585e-06, 1.4036996617505793e-05, 2.006659997277893e-05, 0.00010194677452091128, 0.00013562614913098514, 8.757417526794598e-05], [7.75482567405561e-06, 1.3360282537178136e-05, 1.8602497220854275e-05, 6.571511039510369e-05, 8.757417526794598e-05, 6.841802678536624e-05]]</COVARIANCE_MATRIX>
		<ROI_SIZE>249</ROI_SIZE>
		<MAX_VALUE>[0.1308952420949936, 0.11595109105110168, 0.10234522074460983, 0.1260547935962677, 0.10060081630945206, 0.07150930911302567]</MAX_VALUE>
		<MIN_VALUE>[0.11097967624664307, 0.09516014158725739, 0.07981287688016891, 0.07910852879285812, 0.04418043792247772, 0.0252094566822052]</MIN_VALUE>
		<SIGNATURE_THRESHOLD_MD>0.0</SIGNATURE_THRESHOLD_MD>
		<SIGNATURE_THRESHOLD_ML>0.0</SIGNATURE_THRESHOLD_ML>
		<SIGNATURE_THRESHOLD_SAM>0.0</SIGNATURE_THRESHOLD_SAM>
	</signature>
	<signature ID="20210524_090434456569_369">
		<MACROCLASSID>1</MACROCLASSID>
		<MACROCLASSINFO>waterbody</MACROCLASSINFO>
		<CLASSID>6</CLASSID>
		<CLASSINFO>C 1</CLASSINFO>
		<VALUES>[0.11629549387089101, 0.002799398408574362, 0.09980868688498179, 0.0031448530267135437, 0.08295450252261524, 0.0036099501848624246, 0.09504337833776369, 0.01768920332137074, 0.04892493603838778, 0.011401899666210118, 0.03126146118066317, 0.007884460026806827]</VALUES>
		<LCS_MIN>[0.10813461244106293, 0.0921899825334549, 0.07230210304260254, 0.07910852879285812, 0.03209036588668823, 0.019421974197030067]</LCS_MIN>
		<LCS_MAX>[0.12378254532814026, 0.11001082509756088, 0.09483443200588226, 0.1542225480079651, 0.08448071777820587, 0.06282807886600494]</LCS_MAX>
		<WAVELENGTH>[0.485, 0.56, 0.66, 0.83, 1.65, 2.215]</WAVELENGTH>
		<MEAN_VALUE>[0.11629549387089101, 0.09980868688498179, 0.08295450252261524, 0.09504337833776369, 0.04892493603838778, 0.03126146118066317]</MEAN_VALUE>
		<CHECKBOX>2</CHECKBOX>
		<SD>[0.002799398408574362, 0.0031448530267135437, 0.0036099501848624246, 0.01768920332137074, 0.011401899666210118, 0.007884460026806827]</SD>
		<WAVELENGTH_UNIT>E-6m</WAVELENGTH_UNIT>
		<COLOR>#76dbcd</COLOR>
		<COVARIANCE_MATRIX>[[1.0705980457714759e-05, 1.1241685569984838e-05, 1.3803994079353288e-05, -4.6451141315628774e-06, 6.064422905183164e-06, 7.722612281213515e-06], [1.1241685569984838e-05, 1.9308232367620803e-05, 2.093434704875108e-05, 2.9984369120938936e-06, 1.554592563479673e-05, 1.4785254279559013e-05], [1.3803994079353288e-05, 2.093434704875108e-05, 2.7791442335001193e-05, 2.5747069685166935e-06, 1.8215230738860555e-05, 1.893525040941313e-05], [-4.6451141315628774e-06, 2.9984369120938936e-06, 2.5747069685166935e-06, 0.0003167427785228938, 0.00016806289204396307, 9.5369279733859e-05], [6.064422905183164e-06, 1.554592563479673e-05, 1.8215230738860555e-05, 0.00016806289204396307, 0.00013715845125261694, 7.909945998108014e-05], [7.722612281213515e-06, 1.4785254279559013e-05, 1.893525040941313e-05, 9.5369279733859e-05, 7.909945998108014e-05, 6.30808572168462e-05]]</COVARIANCE_MATRIX>
		<ROI_SIZE>712</ROI_SIZE>
		<MAX_VALUE>[0.12378254532814026, 0.11001082509756088, 0.09483443200588226, 0.1542225480079651, 0.08448071777820587, 0.06282807886600494]</MAX_VALUE>
		<MIN_VALUE>[0.10813461244106293, 0.0921899825334549, 0.07230210304260254, 0.07910852879285812, 0.03209036588668823, 0.019421974197030067]</MIN_VALUE>
		<SIGNATURE_THRESHOLD_MD>0.0</SIGNATURE_THRESHOLD_MD>
		<SIGNATURE_THRESHOLD_ML>0.0</SIGNATURE_THRESHOLD_ML>
		<SIGNATURE_THRESHOLD_SAM>0.0</SIGNATURE_THRESHOLD_SAM>
	</signature>
	<signature ID="20210524_090439043202_656">
		<MACROCLASSID>1</MACROCLASSID>
		<MACROCLASSINFO>waterbody</MACROCLASSINFO>
		<CLASSID>7</CLASSID>
		<CLASSINFO>C 1</CLASSINFO>
		<VALUES>[0.12681694560152323, 0.0048998135461942125, 0.1151111166159899, 0.00723231038991136, 0.09703259796675383, 0.006972367138497149, 0.11156306174788587, 0.011851897979324557, 0.06569751108998294, 0.009691984150170115, 0.04610215235232974, 0.007643799403465772]</VALUES>
		<LCS_MIN>[0.11666984856128693, 0.10110040754079819, 0.08231646567583084, 0.08536802232265472, 0.04418043792247772, 0.030996939167380333]</LCS_MIN>
		<LCS_MAX>[0.1394304633140564, 0.13080179691314697, 0.11486317217350006, 0.1385737955570221, 0.09455578029155731, 0.06861556321382523]</LCS_MAX>
		<WAVELENGTH>[0.485, 0.56, 0.66, 0.83, 1.65, 2.215]</WAVELENGTH>
		<MEAN_VALUE>[0.12681694560152323, 0.1151111166159899, 0.09703259796675383, 0.11156306174788587, 0.06569751108998294, 0.04610215235232974]</MEAN_VALUE>
		<CHECKBOX>2</CHECKBOX>
		<SD>[0.0048998135461942125, 0.00723231038991136, 0.006972367138497149, 0.011851897979324557, 0.009691984150170115, 0.007643799403465772]</SD>
		<WAVELENGTH_UNIT>E-6m</WAVELENGTH_UNIT>
		<COLOR>#692cb4</COLOR>
		<COVARIANCE_MATRIX>[[2.4052631488302723e-05, 3.219996142433956e-05, 3.0983272154117e-05, -2.569231583038345e-06, 1.8032831576419994e-05, 2.157452945539262e-05], [3.219996142433956e-05, 5.240317841526121e-05, 4.616301885107532e-05, -5.757152393925935e-06, 2.544446942920331e-05, 3.058566289837472e-05], [3.0983272154117e-05, 4.616301885107532e-05, 4.870392876910046e-05, 9.408550795342308e-06, 3.4666685678530484e-05, 3.594894951675087e-05], [-2.569231583038345e-06, -5.757152393925935e-06, 9.408550795342308e-06, 0.0001407276140525937, 8.083199645625427e-05, 4.823537892661989e-05], [1.8032831576419994e-05, 2.544446942920331e-05, 3.4666685678530484e-05, 8.083199645625427e-05, 9.410850907443091e-05, 6.549288082169369e-05], [2.157452945539262e-05, 3.058566289837472e-05, 3.594894951675087e-05, 4.823537892661989e-05, 6.549288082169369e-05, 5.85358684475068e-05]]</COVARIANCE_MATRIX>
		<ROI_SIZE>541</ROI_SIZE>
		<MAX_VALUE>[0.1394304633140564, 0.13080179691314697, 0.11486317217350006, 0.1385737955570221, 0.09455578029155731, 0.06861556321382523]</MAX_VALUE>
		<MIN_VALUE>[0.11666984856128693, 0.10110040754079819, 0.08231646567583084, 0.08536802232265472, 0.04418043792247772, 0.030996939167380333]</MIN_VALUE>
		<SIGNATURE_THRESHOLD_MD>0.0</SIGNATURE_THRESHOLD_MD>
		<SIGNATURE_THRESHOLD_ML>0.0</SIGNATURE_THRESHOLD_ML>
		<SIGNATURE_THRESHOLD_SAM>0.0</SIGNATURE_THRESHOLD_SAM>
	</signature>
	<signature ID="20210524_090445452496_171">
		<MACROCLASSID>1</MACROCLASSID>
		<MACROCLASSINFO>waterbody</MACROCLASSINFO>
		<CLASSID>8</CLASSID>
		<CLASSINFO>C 1</CLASSINFO>
		<VALUES>[0.11986330398221137, 0.00415127959645852, 0.1056936820990104, 0.005652623514857638, 0.09129761220241076, 0.006801623370154787, 0.093827578587597, 0.010438982234865384, 0.05510995077505677, 0.01002224920209663, 0.0373159196743079, 0.008295482061502553]</VALUES>
		<LCS_MIN>[0.109557144343853, 0.08624971657991409, 0.0773092731833458, 0.07597877085208893, 0.03410537540912628, 0.02231571637094021]</LCS_MIN>
		<LCS_MAX>[0.1308952420949936, 0.12189137190580368, 0.10735240578651428, 0.1197953000664711, 0.08246569335460663, 0.05704059451818466]</LCS_MAX>
		<WAVELENGTH>[0.485, 0.56, 0.66, 0.83, 1.65, 2.215]</WAVELENGTH>
		<MEAN_VALUE>[0.11986330398221137, 0.1056936820990104, 0.09129761220241076, 0.093827578587597, 0.05510995077505677, 0.0373159196743079]</MEAN_VALUE>
		<CHECKBOX>2</CHECKBOX>
		<SD>[0.00415127959645852, 0.005652623514857638, 0.006801623370154787, 0.010438982234865384, 0.01002224920209663, 0.008295482061502553]</SD>
		<WAVELENGTH_UNIT>E-6m</WAVELENGTH_UNIT>
		<COLOR>#4bd378</COLOR>
		<COVARIANCE_MATRIX>[[1.7272288459935226e-05, 2.0539739125524648e-05, 2.529099947423674e-05, 1.1434865882620215e-05, 2.3675493139307946e-05, 2.2277188691077754e-05], [2.0539739125524648e-05, 3.2024770916905254e-05, 3.597105387598276e-05, 1.3132197636878118e-05, 3.2805332011776045e-05, 3.1307252356782556e-05], [2.529099947423674e-05, 3.597105387598276e-05, 4.6367222239496186e-05, 1.73796961462358e-05, 4.03945887228474e-05, 3.855240356642753e-05], [1.1434865882620215e-05, 1.3132197636878118e-05, 1.73796961462358e-05, 0.000109220010926947, 7.322050078073516e-05, 5.62556269869674e-05], [2.3675493139307946e-05, 3.2805332011776045e-05, 4.03945887228474e-05, 7.322050078073516e-05, 0.00010067376570077613, 7.383611955447122e-05], [2.2277188691077754e-05, 3.1307252356782556e-05, 3.855240356642753e-05, 5.62556269869674e-05, 7.383611955447122e-05, 6.89714215695858e-05]]</COVARIANCE_MATRIX>
		<ROI_SIZE>441</ROI_SIZE>
		<MAX_VALUE>[0.1308952420949936, 0.12189137190580368, 0.10735240578651428, 0.1197953000664711, 0.08246569335460663, 0.05704059451818466]</MAX_VALUE>
		<MIN_VALUE>[0.109557144343853, 0.08624971657991409, 0.0773092731833458, 0.07597877085208893, 0.03410537540912628, 0.02231571637094021]</MIN_VALUE>
		<SIGNATURE_THRESHOLD_MD>0.0</SIGNATURE_THRESHOLD_MD>
		<SIGNATURE_THRESHOLD_ML>0.0</SIGNATURE_THRESHOLD_ML>
		<SIGNATURE_THRESHOLD_SAM>0.0</SIGNATURE_THRESHOLD_SAM>
	</signature>
	<signature ID="20210524_090553791320_737">
		<MACROCLASSID>1</MACROCLASSID>
		<MACROCLASSINFO>waterbody</MACROCLASSINFO>
		<CLASSID>9</CLASSID>
		<CLASSINFO>C 1</CLASSINFO>
		<VALUES>[0.10934014883586915, 0.0025636944509458896, 0.10175484646174868, 0.004544680873937424, 0.08639011077456556, 0.006912670343169301, 0.15390428079892007, 0.021772913529699497, 0.11351056763176189, 0.018928403543143776, 0.07273546107492204, 0.013512096067199289]</VALUES>
		<LCS_MIN>[0.10244445502758026, 0.0921899825334549, 0.07230210304260254, 0.10414653271436691, 0.08045067638158798, 0.051253121346235275]</LCS_MIN>
		<LCS_MAX>[0.11666984856128693, 0.11001082509756088, 0.10484880208969116, 0.18864981830120087, 0.148961141705513, 0.10912792384624481]</LCS_MAX>
		<WAVELENGTH>[0.485, 0.56, 0.66, 0.83, 1.65, 2.215]</WAVELENGTH>
		<MEAN_VALUE>[0.10934014883586915, 0.10175484646174868, 0.08639011077456556, 0.15390428079892007, 0.11351056763176189, 0.07273546107492204]</MEAN_VALUE>
		<CHECKBOX>2</CHECKBOX>
		<SD>[0.0025636944509458896, 0.004544680873937424, 0.006912670343169301, 0.021772913529699497, 0.018928403543143776, 0.013512096067199289]</SD>
		<WAVELENGTH_UNIT>E-6m</WAVELENGTH_UNIT>
		<COLOR>#3f1690</COLOR>
		<COVARIANCE_MATRIX>[[6.685848802590044e-06, 7.939098395581823e-06, 1.0539698450884316e-05, -2.142833182006143e-06, 1.7129871139331954e-06, 1.193301500279631e-06], [7.939098395581823e-06, 2.10102298296988e-05, 2.869885429390706e-05, 5.0537379138404503e-05, 3.722091787494719e-05, 2.467176818754524e-05], [1.0539698450884316e-05, 2.869885429390706e-05, 4.8608890210743994e-05, 9.480602602707222e-05, 7.636303053004667e-05, 5.1627826906042174e-05], [-2.142833182006143e-06, 5.0537379138404503e-05, 9.480602602707222e-05, 0.0004822332120966166, 0.00033711903961375356, 0.00021931900118943304], [1.7129871139331954e-06, 3.722091787494719e-05, 7.636303053004667e-05, 0.00033711903961375356, 0.00036446176818571985, 0.0002323152293683961], [1.193301500279631e-06, 2.467176818754524e-05, 5.1627826906042174e-05, 0.00021931900118943304, 0.0002323152293683961, 0.00018572460976429284]]</COVARIANCE_MATRIX>
		<ROI_SIZE>59</ROI_SIZE>
		<MAX_VALUE>[0.11666984856128693, 0.11001082509756088, 0.10484880208969116, 0.18864981830120087, 0.148961141705513, 0.10912792384624481]</MAX_VALUE>
		<MIN_VALUE>[0.10244445502758026, 0.0921899825334549, 0.07230210304260254, 0.10414653271436691, 0.08045067638158798, 0.051253121346235275]</MIN_VALUE>
		<SIGNATURE_THRESHOLD_MD>0.0</SIGNATURE_THRESHOLD_MD>
		<SIGNATURE_THRESHOLD_ML>0.0</SIGNATURE_THRESHOLD_ML>
		<SIGNATURE_THRESHOLD_SAM>0.0</SIGNATURE_THRESHOLD_SAM>
	</signature>
	<signature ID="20210524_090611733419_157">
		<MACROCLASSID>1</MACROCLASSID>
		<MACROCLASSINFO>waterbody</MACROCLASSINFO>
		<CLASSID>10</CLASSID>
		<CLASSINFO>C 1</CLASSINFO>
		<VALUES>[0.11301865627368292, 0.0024552302573575277, 0.1028824910521507, 0.004242205370639299, 0.08548768584926923, 0.006096077118000969, 0.13106239661574365, 0.015302744837175654, 0.08239853158593177, 0.008380828473449677, 0.05163894991079966, 0.005527641871895861]</VALUES>
		<LCS_MIN>[0.10813461244106293, 0.09813027083873749, 0.07480569183826447, 0.10414653271436691, 0.06836061179637909, 0.042571891099214554]</LCS_MIN>
		<LCS_MAX>[0.11951492726802826, 0.11298095434904099, 0.10234522074460983, 0.1542225480079651, 0.1026158332824707, 0.06282807886600494]</LCS_MAX>
		<WAVELENGTH>[0.485, 0.56, 0.66, 0.83, 1.65, 2.215]</WAVELENGTH>
		<MEAN_VALUE>[0.11301865627368292, 0.1028824910521507, 0.08548768584926923, 0.13106239661574365, 0.08239853158593177, 0.05163894991079966]</MEAN_VALUE>
		<CHECKBOX>2</CHECKBOX>
		<SD>[0.0024552302573575277, 0.004242205370639299, 0.006096077118000969, 0.015302744837175654, 0.008380828473449677, 0.005527641871895861]</SD>
		<WAVELENGTH_UNIT>E-6m</WAVELENGTH_UNIT>
		<COLOR>#c06cc4</COLOR>
		<COVARIANCE_MATRIX>[[6.236023182282224e-06, 6.876788575027604e-06, 7.556859600299504e-06, 8.013966180442367e-06, 1.2289457345104893e-06, -2.460432995121664e-07], [6.876788575027604e-06, 1.861686905613169e-05, 2.287216375407297e-05, 4.2375988414278254e-05, 4.457697741599986e-06, 7.705742177677166e-07], [7.556859600299504e-06, 2.287216375407297e-05, 3.844360981020145e-05, 7.300639117602259e-05, 7.526573881477816e-06, 1.7320813867627294e-06], [8.013966180442367e-06, 4.2375988414278254e-05, 7.300639117602259e-05, 0.00024224896333180368, 6.210806168382987e-05, 3.4228043659823015e-05], [1.2289457345104893e-06, 4.457697741599986e-06, 7.526573881477816e-06, 6.210806168382987e-05, 7.266029570018873e-05, 4.325607369537465e-05], [-2.460432995121664e-07, 7.705742177677166e-07, 1.7320813867627294e-06, 3.4228043659823015e-05, 4.325607369537465e-05, 3.160844062222168e-05]]</COVARIANCE_MATRIX>
		<ROI_SIZE>30</ROI_SIZE>
		<MAX_VALUE>[0.11951492726802826, 0.11298095434904099, 0.10234522074460983, 0.1542225480079651, 0.1026158332824707, 0.06282807886600494]</MAX_VALUE>
		<MIN_VALUE>[0.10813461244106293, 0.09813027083873749, 0.07480569183826447, 0.10414653271436691, 0.06836061179637909, 0.042571891099214554]</MIN_VALUE>
		<SIGNATURE_THRESHOLD_MD>0.0</SIGNATURE_THRESHOLD_MD>
		<SIGNATURE_THRESHOLD_ML>0.0</SIGNATURE_THRESHOLD_ML>
		<SIGNATURE_THRESHOLD_SAM>0.0</SIGNATURE_THRESHOLD_SAM>
	</signature>
	<signature ID="20210524_090616911068_576">
		<MACROCLASSID>1</MACROCLASSID>
		<MACROCLASSINFO>waterbody</MACROCLASSINFO>
		<CLASSID>11</CLASSID>
		<CLASSINFO>C 1</CLASSINFO>
		<VALUES>[0.11369243610736934, 0.004374504815660605, 0.10331074468964754, 0.0054009586827861115, 0.08653764140813851, 0.006864464084798219, 0.12368928684398185, 0.015324685982159327, 0.08187993897428344, 0.011615541662504317, 0.05364213533006436, 0.007784657349298371]</VALUES>
		<LCS_MIN>[0.10671207308769226, 0.0921899825334549, 0.0773092731833458, 0.09162753075361252, 0.0603005476295948, 0.03967815637588501]</LCS_MIN>
		<LCS_MAX>[0.12378254532814026, 0.11595109105110168, 0.11235957592725754, 0.14796307682991028, 0.11269089579582214, 0.07150930911302567]</LCS_MAX>
		<WAVELENGTH>[0.485, 0.56, 0.66, 0.83, 1.65, 2.215]</WAVELENGTH>
		<MEAN_VALUE>[0.11369243610736934, 0.10331074468964754, 0.08653764140813851, 0.12368928684398185, 0.08187993897428344, 0.05364213533006436]</MEAN_VALUE>
		<CHECKBOX>2</CHECKBOX>
		<SD>[0.004374504815660605, 0.0054009586827861115, 0.006864464084798219, 0.015324685982159327, 0.011615541662504317, 0.007784657349298371]</SD>
		<WAVELENGTH_UNIT>E-6m</WAVELENGTH_UNIT>
		<COLOR>#6f20a2</COLOR>
		<COVARIANCE_MATRIX>[[1.9361425074748695e-05, 1.8290060324943624e-05, 1.0579147783573717e-05, -4.821307356905891e-06, 4.71020348413731e-06, 4.24260269937804e-06], [1.8290060324943624e-05, 2.9513535992009565e-05, 2.6165422241319902e-05, 1.9397817595745437e-05, 1.2012309525744058e-05, 7.4990070970670786e-06], [1.0579147783573717e-05, 2.6165422241319902e-05, 4.767523205373436e-05, 7.048312545521185e-05, 2.018806480919011e-05, 9.22987783269491e-06], [-4.821307356905891e-06, 1.9397817595745437e-05, 7.048312545521185e-05, 0.00023760889598634094, 0.00010588264558464289, 5.952514402451925e-05], [4.71020348413731e-06, 1.2012309525744058e-05, 2.018806480919011e-05, 0.00010588264558464289, 0.000136508111609146, 8.256862201960757e-05], [4.24260269937804e-06, 7.4990070970670786e-06, 9.22987783269491e-06, 5.952514402451925e-05, 8.256862201960757e-05, 6.131383997853845e-05]]</COVARIANCE_MATRIX>
		<ROI_SIZE>86</ROI_SIZE>
		<MAX_VALUE>[0.12378254532814026, 0.11595109105110168, 0.11235957592725754, 0.14796307682991028, 0.11269089579582214, 0.07150930911302567]</MAX_VALUE>
		<MIN_VALUE>[0.10671207308769226, 0.0921899825334549, 0.0773092731833458, 0.09162753075361252, 0.0603005476295948, 0.03967815637588501]</MIN_VALUE>
		<SIGNATURE_THRESHOLD_MD>0.0</SIGNATURE_THRESHOLD_MD>
		<SIGNATURE_THRESHOLD_ML>0.0</SIGNATURE_THRESHOLD_ML>
		<SIGNATURE_THRESHOLD_SAM>0.0</SIGNATURE_THRESHOLD_SAM>
	</signature>
	<signature ID="20210524_090623868568_229">
		<MACROCLASSID>1</MACROCLASSID>
		<MACROCLASSINFO>waterbody</MACROCLASSINFO>
		<CLASSID>12</CLASSID>
		<CLASSINFO>C 1</CLASSINFO>
		<VALUES>[0.12014349151489345, 0.002460133255319502, 0.11401705495839895, 0.005277646940743176, 0.0902348091435987, 0.008804981730227911, 0.1040009629241256, 0.016914314417438205, 0.08035696505807167, 0.019468267787244555, 0.05522359699703926, 0.014080211842711177]</VALUES>
		<LCS_MIN>[0.11666984856128693, 0.10407054424285889, 0.0773092731833458, 0.08536802232265472, 0.058285538107156754, 0.03967815637588501]</LCS_MIN>
		<LCS_MAX>[0.12947271764278412, 0.12486152350902557, 0.10735240578651428, 0.1417035460472107, 0.12881100177764893, 0.09176547825336456]</LCS_MAX>
		<WAVELENGTH>[0.485, 0.56, 0.66, 0.83, 1.65, 2.215]</WAVELENGTH>
		<MEAN_VALUE>[0.12014349151489345, 0.11401705495839895, 0.0902348091435987, 0.1040009629241256, 0.08035696505807167, 0.05522359699703926]</MEAN_VALUE>
		<CHECKBOX>2</CHECKBOX>
		<SD>[0.002460133255319502, 0.005277646940743176, 0.008804981730227911, 0.016914314417438205, 0.019468267787244555, 0.014080211842711177]</SD>
		<WAVELENGTH_UNIT>E-6m</WAVELENGTH_UNIT>
		<COLOR>#b0ed04</COLOR>
		<COVARIANCE_MATRIX>[[6.196356935106451e-06, 8.286518095701467e-06, 1.0676496458472684e-05, 1.864450314315036e-05, 1.616696135897655e-05, 1.1166418516950216e-05], [8.286518095701467e-06, 2.851673707482405e-05, 3.993463542428799e-05, 5.393723040469922e-05, 4.598339364747517e-05, 3.42602506862022e-05], [1.0676496458472684e-05, 3.993463542428799e-05, 7.937360351206735e-05, 0.00012748295557685196, 0.00011366664693923667, 8.321033965330571e-05], [1.864450314315036e-05, 5.393723040469922e-05, 0.00012748295557685196, 0.0002929057809524238, 0.0002965412859339267, 0.00020803307415917516], [1.616696135897655e-05, 4.598339364747517e-05, 0.00011366664693923667, 0.0002965412859339267, 0.0003880375879816711, 0.00027415683143772185], [1.1166418516950216e-05, 3.42602506862022e-05, 8.321033965330571e-05, 0.00020803307415917516, 0.00027415683143772185, 0.0002029726601904258]]</COVARIANCE_MATRIX>
		<ROI_SIZE>43</ROI_SIZE>
		<MAX_VALUE>[0.12947271764278412, 0.12486152350902557, 0.10735240578651428, 0.1417035460472107, 0.12881100177764893, 0.09176547825336456]</MAX_VALUE>
		<MIN_VALUE>[0.11666984856128693, 0.10407054424285889, 0.0773092731833458, 0.08536802232265472, 0.058285538107156754, 0.03967815637588501]</MIN_VALUE>
		<SIGNATURE_THRESHOLD_MD>0.0</SIGNATURE_THRESHOLD_MD>
		<SIGNATURE_THRESHOLD_ML>0.0</SIGNATURE_THRESHOLD_ML>
		<SIGNATURE_THRESHOLD_SAM>0.0</SIGNATURE_THRESHOLD_SAM>
	</signature>
	<signature ID="20210524_090630831352_768">
		<MACROCLASSID>1</MACROCLASSID>
		<MACROCLASSINFO>waterbody</MACROCLASSINFO>
		<CLASSID>13</CLASSID>
		<CLASSINFO>C 1</CLASSINFO>
		<VALUES>[0.11003132412830989, 0.00208932967068339, 0.11628916108511332, 0.0031958719033155524, 0.08551211164491936, 0.0036161041746861724, 0.06475746601335398, 0.005685152160021907, 0.03392517366787282, 0.006591071165251218, 0.022762716331375325, 0.0058812095863399775]</VALUES>
		<LCS_MIN>[0.1052895337343216, 0.10704068839550018, 0.07981287688016891, 0.05720026046037674, 0.02604532428085804, 0.013634495437145233]</LCS_MIN>
		<LCS_MAX>[0.11524730920791626, 0.12486152350902557, 0.09984161704778671, 0.08849777281284332, 0.056270524859428406, 0.042571891099214554]</LCS_MAX>
		<WAVELENGTH>[0.485, 0.56, 0.66, 0.83, 1.65, 2.215]</WAVELENGTH>
		<MEAN_VALUE>[0.11003132412830989, 0.11628916108511332, 0.08551211164491936, 0.06475746601335398, 0.03392517366787282, 0.022762716331375325]</MEAN_VALUE>
		<CHECKBOX>2</CHECKBOX>
		<SD>[0.00208932967068339, 0.0031958719033155524, 0.0036161041746861724, 0.005685152160021907, 0.006591071165251218, 0.0058812095863399775]</SD>
		<WAVELENGTH_UNIT>E-6m</WAVELENGTH_UNIT>
		<COLOR>#4cc093</COLOR>
		<COVARIANCE_MATRIX>[[4.401079422677867e-06, 3.855725026369328e-06, 3.843647846224485e-06, 3.831803041975945e-06, 3.070059165111161e-06, 2.0807226519536925e-06], [3.855725026369328e-06, 1.0297315384377725e-05, 5.432568286778405e-06, 2.22452786147187e-06, 6.010399147271528e-07, 1.397533878844115e-06], [3.843647846224485e-06, 5.432568286778405e-06, 1.3183391274651513e-05, 1.4444682165049016e-05, 1.364737909170799e-05, 1.3049334484094288e-05], [3.831803041975945e-06, 2.22452786147187e-06, 1.4444682165049016e-05, 3.258588185417466e-05, 2.7994668926112354e-05, 2.584288449725136e-05], [3.070059165111161e-06, 6.010399147271528e-07, 1.364737909170799e-05, 2.7994668926112354e-05, 4.379830352263525e-05, 3.267704232712276e-05], [2.0807226519536925e-06, 1.397533878844115e-06, 1.3049334484094288e-05, 2.584288449725136e-05, 3.267704232712276e-05, 3.487214053166099e-05]]</COVARIANCE_MATRIX>
		<ROI_SIZE>123</ROI_SIZE>
		<MAX_VALUE>[0.11524730920791626, 0.12486152350902557, 0.09984161704778671, 0.08849777281284332, 0.056270524859428406, 0.042571891099214554]</MAX_VALUE>
		<MIN_VALUE>[0.1052895337343216, 0.10704068839550018, 0.07981287688016891, 0.05720026046037674, 0.02604532428085804, 0.013634495437145233]</MIN_VALUE>
		<SIGNATURE_THRESHOLD_MD>0.0</SIGNATURE_THRESHOLD_MD>
		<SIGNATURE_THRESHOLD_ML>0.0</SIGNATURE_THRESHOLD_ML>
		<SIGNATURE_THRESHOLD_SAM>0.0</SIGNATURE_THRESHOLD_SAM>
	</signature>
	<signature ID="20210524_090637507356_118">
		<MACROCLASSID>1</MACROCLASSID>
		<MACROCLASSINFO>waterbody</MACROCLASSINFO>
		<CLASSID>14</CLASSID>
		<CLASSINFO>C 1</CLASSINFO>
		<VALUES>[0.1100597754120827, 0.0020786358203410426, 0.09203158383568129, 0.0038464804726213732, 0.0647078648457924, 0.004445004427628141, 0.07973447263240815, 0.008582596356417605, 0.04803583718836309, 0.007893562254548443, 0.03120914419492085, 0.0066333094075851345]</VALUES>
		<LCS_MIN>[0.1052895337343216, 0.08624971657991409, 0.0572805292904377, 0.06658951193094254, 0.03612039238214493, 0.019421974197030067]</LCS_MIN>
		<LCS_MAX>[0.11809238791465759, 0.10407054424285889, 0.07981287688016891, 0.10414653271436691, 0.06634558737277985, 0.05414685979485512]</LCS_MAX>
		<WAVELENGTH>[0.485, 0.56, 0.66, 0.83, 1.65, 2.215]</WAVELENGTH>
		<MEAN_VALUE>[0.1100597754120827, 0.09203158383568129, 0.0647078648457924, 0.07973447263240815, 0.04803583718836309, 0.03120914419492085]</MEAN_VALUE>
		<CHECKBOX>2</CHECKBOX>
		<SD>[0.0020786358203410426, 0.0038464804726213732, 0.004445004427628141, 0.008582596356417605, 0.007893562254548443, 0.0066333094075851345]</SD>
		<WAVELENGTH_UNIT>E-6m</WAVELENGTH_UNIT>
		<COLOR>#6e4e1d</COLOR>
		<COVARIANCE_MATRIX>[[4.34972525908961e-06, 4.135152266826481e-06, 4.272952992323553e-06, 3.418331743887393e-06, 3.3846481528598815e-07, 1.4397529639609274e-06], [4.135152266826481e-06, 1.4894710147927981e-05, 1.2662864719459321e-05, 1.4885751625115518e-05, 1.246406009158818e-05, 1.1685870958899613e-05], [4.272952992323553e-06, 1.2662864719459321e-05, 1.989066913665738e-05, 2.8818263672292233e-05, 2.334703276574146e-05, 2.102273538184818e-05], [3.418331743887393e-06, 1.4885751625115518e-05, 2.8818263672292233e-05, 7.415533036692068e-05, 5.365172910387628e-05, 4.235367669025436e-05], [3.3846481528598815e-07, 1.246406009158818e-05, 2.334703276574146e-05, 5.365172910387628e-05, 6.272650352912024e-05, 3.98754418711178e-05], [1.4397529639609274e-06, 1.1685870958899613e-05, 2.102273538184818e-05, 4.235367669025436e-05, 3.98754418711178e-05, 4.429610271472484e-05]]</COVARIANCE_MATRIX>
		<ROI_SIZE>150</ROI_SIZE>
		<MAX_VALUE>[0.11809238791465759, 0.10407054424285889, 0.07981287688016891, 0.10414653271436691, 0.06634558737277985, 0.05414685979485512]</MAX_VALUE>
		<MIN_VALUE>[0.1052895337343216, 0.08624971657991409, 0.0572805292904377, 0.06658951193094254, 0.03612039238214493, 0.019421974197030067]</MIN_VALUE>
		<SIGNATURE_THRESHOLD_MD>0.0</SIGNATURE_THRESHOLD_MD>
		<SIGNATURE_THRESHOLD_ML>0.0</SIGNATURE_THRESHOLD_ML>
		<SIGNATURE_THRESHOLD_SAM>0.0</SIGNATURE_THRESHOLD_SAM>
	</signature>
	<signature ID="20210524_090644594805_117">
		<MACROCLASSID>1</MACROCLASSID>
		<MACROCLASSINFO>waterbody</MACROCLASSINFO>
		<CLASSID>15</CLASSID>
		<CLASSINFO>C 1</CLASSINFO>
		<VALUES>[0.12128459364532285, 0.0031031705092577477, 0.1068417280555912, 0.004909589050572092, 0.0917977784096339, 0.005867678686193187, 0.08953104205607809, 0.007377240517414493, 0.05353724174914461, 0.006826763799597148, 0.03736593353263498, 0.006099458258897034]</VALUES>
		<LCS_MIN>[0.113824762403965, 0.09516014158725739, 0.07981287688016891, 0.07597877085208893, 0.038135405629873276, 0.0252094566822052]</LCS_MIN>
		<LCS_MAX>[0.12947271764278412, 0.11892124265432358, 0.10735240578651428, 0.11040604114532471, 0.07239063829183578, 0.05414685979485512]</LCS_MAX>
		<WAVELENGTH>[0.485, 0.56, 0.66, 0.83, 1.65, 2.215]</WAVELENGTH>
		<MEAN_VALUE>[0.12128459364532285, 0.1068417280555912, 0.0917977784096339, 0.08953104205607809, 0.05353724174914461, 0.03736593353263498]</MEAN_VALUE>
		<CHECKBOX>2</CHECKBOX>
		<SD>[0.0031031705092577477, 0.004909589050572092, 0.005867678686193187, 0.007377240517414493, 0.006826763799597148, 0.006099458258897034]</SD>
		<WAVELENGTH_UNIT>E-6m</WAVELENGTH_UNIT>
		<COLOR>#89ea79</COLOR>
		<COVARIANCE_MATRIX>[[9.652760127210058e-06, 1.168075959867565e-05, 1.4559436749550514e-05, 5.160332875675522e-06, 1.0698331607272848e-05, 9.83707832347136e-06], [1.168075959867565e-05, 2.4161867258953862e-05, 2.6249641450704075e-05, 4.642184649128467e-06, 1.6935870007728226e-05, 1.5718533177278005e-05], [1.4559436749550514e-05, 2.6249641450704075e-05, 3.451221709838137e-05, 8.895083738025278e-06, 2.1948701032670215e-05, 1.9630051610874943e-05], [5.160332875675522e-06, 4.642184649128467e-06, 8.895083738025278e-06, 5.45541915926151e-05, 3.2155414373846725e-05, 2.4309010768774897e-05], [1.0698331607272848e-05, 1.6935870007728226e-05, 2.1948701032670215e-05, 3.2155414373846725e-05, 4.6716464566998184e-05, 3.5725846828427166e-05], [9.83707832347136e-06, 1.5718533177278005e-05, 1.9630051610874943e-05, 2.4309010768774897e-05, 3.5725846828427166e-05, 3.729260788531974e-05]]</COVARIANCE_MATRIX>
		<ROI_SIZE>418</ROI_SIZE>
		<MAX_VALUE>[0.12947271764278412, 0.11892124265432358, 0.10735240578651428, 0.11040604114532471, 0.07239063829183578, 0.05414685979485512]</MAX_VALUE>
		<MIN_VALUE>[0.113824762403965, 0.09516014158725739, 0.07981287688016891, 0.07597877085208893, 0.038135405629873276, 0.0252094566822052]</MIN_VALUE>
		<SIGNATURE_THRESHOLD_MD>0.0</SIGNATURE_THRESHOLD_MD>
		<SIGNATURE_THRESHOLD_ML>0.0</SIGNATURE_THRESHOLD_ML>
		<SIGNATURE_THRESHOLD_SAM>0.0</SIGNATURE_THRESHOLD_SAM>
	</signature>
	<signature ID="20210524_090705610644_950">
		<MACROCLASSID>1</MACROCLASSID>
		<MACROCLASSINFO>waterbody</MACROCLASSINFO>
		<CLASSID>16</CLASSID>
		<CLASSINFO>C 1</CLASSINFO>
		<VALUES>[0.11904936766082584, 0.0038195283921800267, 0.1040057447823612, 0.004969569185181205, 0.08824315469373357, 0.005916700600392383, 0.08632402067834684, 0.006565948029179942, 0.053618034950711525, 0.006814826736522093, 0.03824706987223844, 0.0062837638272525516]</VALUES>
		<LCS_MIN>[0.109557144343853, 0.0921899825334549, 0.07480569183826447, 0.07284902036190033, 0.03612039238214493, 0.02231571637094021]</LCS_MIN>
