<?xml version="1.0" ?>
<signaturelist MCID_LIST="[['1', 'waterbody', '#000000'], ['2', 'vegewtation', '#000000'], ['3', 'bareland', '#000000'], ['4', 'built-up', '#000000']]">
	<signature ID="20210215_123101293908_110">
		<MACROCLASSID>1</MACROCLASSID>
		<MACROCLASSINFO>waterbody</MACROCLASSINFO>
		<CLASSID>1</CLASSID>
		<CLASSINFO>C 1</CLASSINFO>
		<VALUES>[0.11997475241329154, 0.002497003337013537, 0.11490475636559956, 0.0034997016084756254, 0.11766597069799892, 0.004955176680634767, 0.12191169298089602, 0.008718470756646366, 0.021794552993549793, 0.011462020150243645, 0.012381703528922558, 0.008841113956967881]</VALUES>
		<LCS_MIN>[0.11019724607467651, 0.09283243119716644, 0.08357648551464081, 0.10591540485620499, 0.006814452353864908, 0.0]</LCS_MIN>
		<LCS_MAX>[0.1299295872449875, 0.13059855997562408, 0.13566827774047852, 0.16018220782279968, 0.06504502147436142, 0.052555281668901443]</LCS_MAX>
		<WAVELENGTH>[0.485, 0.56, 0.66, 0.83, 1.65, 2.215]</WAVELENGTH>
		<MEAN_VALUE>[0.11997475241329154, 0.11490475636559956, 0.11766597069799892, 0.12191169298089602, 0.021794552993549793, 0.012381703528922558]</MEAN_VALUE>
		<CHECKBOX>2</CHECKBOX>
		<SD>[0.002497003337013537, 0.0034997016084756254, 0.004955176680634767, 0.008718470756646366, 0.011462020150243645, 0.008841113956967881]</SD>
		<WAVELENGTH_UNIT>E-6m</WAVELENGTH_UNIT>
		<COLOR>#706fd7</COLOR>
		<COVARIANCE_MATRIX>[[6.136284810054349e-06, 4.582669589581201e-06, 6.8003278101969045e-06, -4.2773032760123897e-07, -8.40313362004963e-07, 1.7970768340092036e-06], [4.582669589581201e-06, 1.4541640666720923e-05, 1.7536853192723356e-05, -9.096484063775279e-06, -1.4166825167194474e-05, -5.556164069275837e-06], [6.8003278101969045e-06, 1.7536853192723356e-05, 3.083541741943918e-05, -1.8460948922438547e-05, -2.4760845917626284e-05, -1.089640318241436e-05], [-4.2773032760123897e-07, -9.096484063775279e-06, -1.8460948922438547e-05, 6.53336028335616e-05, 6.442939047701657e-05, 4.120871744817123e-05], [-8.40313362004963e-07, -1.4166825167194474e-05, -2.4760845917626284e-05, 6.442939047701657e-05, 0.00011345461098244414, 7.580679084639996e-05], [1.7970768340092036e-06, -5.556164069275837e-06, -1.089640318241436e-05, 4.120871744817123e-05, 7.580679084639996e-05, 6.69716828269884e-05]]</COVARIANCE_MATRIX>
		<ROI_SIZE>802</ROI_SIZE>
		<MAX_VALUE>[0.1299295872449875, 0.13059855997562408, 0.13566827774047852, 0.16018220782279968, 0.06504502147436142, 0.052555281668901443]</MAX_VALUE>
		<MIN_VALUE>[0.11019724607467651, 0.09283243119716644, 0.08357648551464081, 0.10591540485620499, 0.006814452353864908, 0.0]</MIN_VALUE>
		<SIGNATURE_THRESHOLD_MD>0.0</SIGNATURE_THRESHOLD_MD>
		<SIGNATURE_THRESHOLD_ML>0.0</SIGNATURE_THRESHOLD_ML>
		<SIGNATURE_THRESHOLD_SAM>0.0</SIGNATURE_THRESHOLD_SAM>
	</signature>
	<signature ID="20210215_123109286570_406">
		<MACROCLASSID>1</MACROCLASSID>
		<MACROCLASSINFO>waterbody</MACROCLASSINFO>
		<CLASSID>2</CLASSID>
		<CLASSINFO>C 1</CLASSINFO>
		<VALUES>[0.11533418414760227, 0.00372262736222615, 0.10023811419517545, 0.010708004669228428, 0.08493976174923015, 0.022816358901166338, 0.09401557459072624, 0.020271128008383234, 0.02714221655152553, 0.013346815125480062, 0.014737735819918186, 0.008774868025439003]</VALUES>
		<LCS_MIN>[0.10526417195796967, 0.08596585690975189, 0.05753057450056076, 0.05526638403534889, 0.009143676608800888, 0.0023806856479495764]</LCS_MIN>
		<LCS_MAX>[0.12335214018821716, 0.11686542630195618, 0.11830434948205948, 0.12038654088973999, 0.06504502147436142, 0.059245236217975616]</LCS_MAX>
		<WAVELENGTH>[0.485, 0.56, 0.66, 0.83, 1.65, 2.215]</WAVELENGTH>
		<MEAN_VALUE>[0.11533418414760227, 0.10023811419517545, 0.08493976174923015, 0.09401557459072624, 0.02714221655152553, 0.014737735819918186]</MEAN_VALUE>
		<CHECKBOX>2</CHECKBOX>
		<SD>[0.00372262736222615, 0.010708004669228428, 0.022816358901166338, 0.020271128008383234, 0.013346815125480062, 0.008774868025439003]</SD>
		<WAVELENGTH_UNIT>E-6m</WAVELENGTH_UNIT>
		<COLOR>#1f43ca</COLOR>
		<COVARIANCE_MATRIX>[[1.3915456293034367e-05, 3.42315252055414e-05, 7.268205808941275e-05, 4.6324719733092934e-05, -2.1324793124222197e-05, -1.1498828826006502e-05], [3.42315252055414e-05, 0.00011513713980093598, 0.00023970234906300902, 0.00016317203699145466, -6.857534754090011e-05, -4.1475777834421024e-05], [7.268205808941275e-05, 0.00023970234906300902, 0.0005227463552728295, 0.0003554955474101007, -0.00014779041521251202, -9.074355330085382e-05], [4.6324719733092934e-05, 0.00016317203699145466, 0.0003554955474101007, 0.00041262368904426694, 1.3388511433731765e-05, -3.2161884178094624e-07], [-2.1324793124222197e-05, -6.857534754090011e-05, -0.00014779041521251202, 1.3388511433731765e-05, 0.0001788766385288909, 0.0001005360099952668], [-1.1498828826006502e-05, -4.1475777834421024e-05, -9.074355330085382e-05, -3.2161884178094624e-07, 0.0001005360099952668, 7.731780351605266e-05]]</COVARIANCE_MATRIX>
		<ROI_SIZE>242</ROI_SIZE>
		<MAX_VALUE>[0.12335214018821716, 0.11686542630195618, 0.11830434948205948, 0.12038654088973999, 0.06504502147436142, 0.059245236217975616]</MAX_VALUE>
		<MIN_VALUE>[0.10526417195796967, 0.08596585690975189, 0.05753057450056076, 0.05526638403534889, 0.009143676608800888, 0.0023806856479495764]</MIN_VALUE>
		<SIGNATURE_THRESHOLD_MD>0.0</SIGNATURE_THRESHOLD_MD>
		<SIGNATURE_THRESHOLD_ML>0.0</SIGNATURE_THRESHOLD_ML>
		<SIGNATURE_THRESHOLD_SAM>0.0</SIGNATURE_THRESHOLD_SAM>
	</signature>
	<signature ID="20210215_123116676124_992">
		<MACROCLASSID>1</MACROCLASSID>
		<MACROCLASSINFO>waterbody</MACROCLASSINFO>
		<CLASSID>3</CLASSID>
		<CLASSINFO>C 1</CLASSINFO>
		<VALUES>[0.12148569704129773, 0.003023650950833158, 0.11552368696436463, 0.004473618752825528, 0.11822534751832153, 0.0068982206603799695, 0.12308429402095826, 0.009361181886648444, 0.024872623458932867, 0.01256234241845625, 0.014791153136161753, 0.009683322078874134]</VALUES>
		<LCS_MIN>[0.10855289548635483, 0.08596585690975189, 0.07200052589178085, 0.10591540485620499, 0.009143676608800888, 0.0]</LCS_MIN>
		<LCS_MAX>[0.13486267626285553, 0.13059855997562408, 0.13566827774047852, 0.16741777956485748, 0.0627158060669899, 0.052555281668901443]</LCS_MAX>
		<WAVELENGTH>[0.485, 0.56, 0.66, 0.83, 1.65, 2.215]</WAVELENGTH>
		<MEAN_VALUE>[0.12148569704129773, 0.11552368696436463, 0.11822534751832153, 0.12308429402095826, 0.024872623458932867, 0.014791153136161753]</MEAN_VALUE>
		<CHECKBOX>2</CHECKBOX>
		<SD>[0.003023650950833158, 0.004473618752825528, 0.0068982206603799695, 0.009361181886648444, 0.01256234241845625, 0.009683322078874134]</SD>
		<WAVELENGTH_UNIT>E-6m</WAVELENGTH_UNIT>
		<COLOR>#680ab7</COLOR>
		<COVARIANCE_MATRIX>[[8.710561814950779e-06, 7.436628948198631e-06, 1.1376164366083685e-05, 1.1656396736725583e-06, 4.329212515585823e-06, 7.277705208252883e-06], [7.436628948198631e-06, 1.8094297047355212e-05, 2.37477506743744e-05, -6.874342943774536e-06, -5.924363449594239e-06, 2.3266659354703734e-06], [1.1376164366083685e-05, 2.37477506743744e-05, 4.2652347474358976e-05, -2.039466198766604e-05, -2.1734756955993362e-05, -4.510431608650833e-06], [1.1656396736725583e-06, -6.874342943774536e-06, -2.039466198766604e-05, 8.857040666043758e-05, 8.313704165630043e-05, 5.325424353941344e-05], [4.329212515585823e-06, -5.924363449594239e-06, -2.1734756955993362e-05, 8.313704165630043e-05, 0.00015748391160741448, 0.00011072154302382842], [7.277705208252883e-06, 2.3266659354703734e-06, -4.510431608650833e-06, 5.325424353941344e-05, 0.00011072154302382842, 9.636250615585595e-05]]</COVARIANCE_MATRIX>
		<ROI_SIZE>829</ROI_SIZE>
		<MAX_VALUE>[0.13486267626285553, 0.13059855997562408, 0.13566827774047852, 0.16741777956485748, 0.0627158060669899, 0.052555281668901443]</MAX_VALUE>
		<MIN_VALUE>[0.10855289548635483, 0.08596585690975189, 0.07200052589178085, 0.10591540485620499, 0.009143676608800888, 0.0]</MIN_VALUE>
		<SIGNATURE_THRESHOLD_MD>0.0</SIGNATURE_THRESHOLD_MD>
		<SIGNATURE_THRESHOLD_ML>0.0</SIGNATURE_THRESHOLD_ML>
		<SIGNATURE_THRESHOLD_SAM>0.0</SIGNATURE_THRESHOLD_SAM>
	</signature>
	<signature ID="20210215_123303191088_403">
		<MACROCLASSID>1</MACROCLASSID>
		<MACROCLASSINFO>waterbody</MACROCLASSINFO>
		<CLASSID>4</CLASSID>
		<CLASSINFO>C 1</CLASSINFO>
		<VALUES>[0.11825290278171413, 0.00322226026916534, 0.10456781146418348, 0.005837978135133866, 0.08085390972135788, 0.006368869301793482, 0.11451237293070615, 0.02534103365130492, 0.05408063646444876, 0.01998639294710904, 0.030072868428475334, 0.01312944456230543]</VALUES>
		<LCS_MIN>[0.11019724607467651, 0.08939914405345917, 0.06331855058670044, 0.07335531711578369, 0.016131343320012093, 0.0057256584987044334]</LCS_MIN>
		<LCS_MAX>[0.128285214304924, 0.11686542630195618, 0.10094041377305984, 0.16741777956485748, 0.09299569576978683, 0.07262512296438217]</LCS_MAX>
		<WAVELENGTH>[0.485, 0.56, 0.66, 0.83, 1.65, 2.215]</WAVELENGTH>
		<MEAN_VALUE>[0.11825290278171413, 0.10456781146418348, 0.08085390972135788, 0.11451237293070615, 0.05408063646444876, 0.030072868428475334]</MEAN_VALUE>
		<CHECKBOX>2</CHECKBOX>
		<SD>[0.00322226026916534, 0.005837978135133866, 0.006368869301793482, 0.02534103365130492, 0.01998639294710904, 0.01312944456230543]</SD>
		<WAVELENGTH_UNIT>E-6m</WAVELENGTH_UNIT>
		<COLOR>#31f053</COLOR>
		<COVARIANCE_MATRIX>[[1.0419264981464949e-05, 1.2991211406188086e-05, 1.4853958418825641e-05, -1.793185219867155e-05, -3.3012645417329622e-06, 5.867357231181813e-06], [1.2991211406188086e-05, 3.42011553584598e-05, 3.0116596462903544e-05, -4.678061304730363e-05, -1.6472529750899412e-05, 3.2344769351766445e-06], [1.4853958418825641e-05, 3.0116596462903544e-05, 4.0704322600504383e-05, -3.127763557131402e-05, 9.433283594262321e-07, 1.8692526282393374e-05], [-1.793185219867155e-05, -4.678061304730363e-05, -3.127763557131402e-05, 0.0006444133468903601, 0.000426175189204514, 0.00023436501214746386], [-3.3012645417329622e-06, -1.6472529750899412e-05, 9.433283594262321e-07, 0.000426175189204514, 0.00040085261571221054, 0.0002315722667844966], [5.867357231181813e-06, 3.2344769351766445e-06, 1.8692526282393374e-05, 0.00023436501214746386, 0.0002315722667844966, 0.0001729850482661277]]</COVARIANCE_MATRIX>
		<ROI_SIZE>287</ROI_SIZE>
		<MAX_VALUE>[0.128285214304924, 0.11686542630195618, 0.10094041377305984, 0.16741777956485748, 0.09299569576978683, 0.07262512296438217]</MAX_VALUE>
		<MIN_VALUE>[0.11019724607467651, 0.08939914405345917, 0.06331855058670044, 0.07335531711578369, 0.016131343320012093, 0.0057256584987044334]</MIN_VALUE>
		<SIGNATURE_THRESHOLD_MD>0.0</SIGNATURE_THRESHOLD_MD>
		<SIGNATURE_THRESHOLD_ML>0.0</SIGNATURE_THRESHOLD_ML>
		<SIGNATURE_THRESHOLD_SAM>0.0</SIGNATURE_THRESHOLD_SAM>
	</signature>
	<signature ID="20210215_123310938527_899">
		<MACROCLASSID>1</MACROCLASSID>
		<MACROCLASSINFO>waterbody</MACROCLASSINFO>
		<CLASSID>5</CLASSID>
		<CLASSINFO>C 1</CLASSINFO>
		<VALUES>[0.12279513716166367, 0.003340420615544427, 0.11629228902500688, 0.004975504628746211, 0.11946288245085568, 0.007893439836579702, 0.12864237046850377, 0.008979362423965848, 0.028045489877685795, 0.014148183304952298, 0.017283978371622804, 0.011082592853203328]</VALUES>
		<LCS_MIN>[0.11184161901473999, 0.08939914405345917, 0.07778849452733994, 0.10953319072723389, 0.006814452353864908, 0.0023806856479495764]</LCS_MIN>
		<LCS_MAX>[0.13486267626285553, 0.1271653026342392, 0.13566827774047852, 0.17103558778762817, 0.06970346719026566, 0.05590026080608368]</LCS_MAX>
		<WAVELENGTH>[0.485, 0.56, 0.66, 0.83, 1.65, 2.215]</WAVELENGTH>
		<MEAN_VALUE>[0.12279513716166367, 0.11629228902500688, 0.11946288245085568, 0.12864237046850377, 0.028045489877685795, 0.017283978371622804]</MEAN_VALUE>
		<CHECKBOX>2</CHECKBOX>
		<SD>[0.003340420615544427, 0.004975504628746211, 0.007893439836579702, 0.008979362423965848, 0.014148183304952298, 0.011082592853203328]</SD>
		<WAVELENGTH_UNIT>E-6m</WAVELENGTH_UNIT>
		<COLOR>#0900c8</COLOR>
		<COVARIANCE_MATRIX>[[1.1176523912581615e-05, 1.1548745533218607e-05, 1.7804162780521438e-05, -2.038289267147775e-06, 1.5236370245474973e-06, 6.823500825703377e-06], [1.1548745533218607e-05, 2.479583417880349e-05, 3.469872535788454e-05, -1.076651915354887e-05, -1.591779073351063e-05, -2.3507402602263028e-06], [1.7804162780521438e-05, 3.469872535788454e-05, 6.240754009922966e-05, -2.5777848350116983e-05, -3.757116792257875e-05, -1.251670801138971e-05], [-2.038289267147775e-06, -1.076651915354887e-05, -2.5777848350116983e-05, 8.075984078459442e-05, 9.598946053301916e-05, 6.164163642097265e-05], [1.5236370245474973e-06, -1.591779073351063e-05, -3.757116792257875e-05, 9.598946053301916e-05, 0.0002004960406338796, 0.00014126164023764431], [6.823500825703377e-06, -2.3507402602263028e-06, -1.251670801138971e-05, 6.164163642097265e-05, 0.00014126164023764431, 0.00012302325922064483]]</COVARIANCE_MATRIX>
		<ROI_SIZE>617</ROI_SIZE>
		<MAX_VALUE>[0.13486267626285553, 0.1271653026342392, 0.13566827774047852, 0.17103558778762817, 0.06970346719026566, 0.05590026080608368]</MAX_VALUE>
		<MIN_VALUE>[0.11184161901473999, 0.08939914405345917, 0.07778849452733994, 0.10953319072723389, 0.006814452353864908, 0.0023806856479495764]</MIN_VALUE>
		<SIGNATURE_THRESHOLD_MD>0.0</SIGNATURE_THRESHOLD_MD>
		<SIGNATURE_THRESHOLD_ML>0.0</SIGNATURE_THRESHOLD_ML>
		<SIGNATURE_THRESHOLD_SAM>0.0</SIGNATURE_THRESHOLD_SAM>
	</signature>
	<signature ID="20210215_123318265492_925">
		<MACROCLASSID>1</MACROCLASSID>
		<MACROCLASSINFO>waterbody</MACROCLASSINFO>
		<CLASSID>6</CLASSID>
		<CLASSINFO>C 1</CLASSINFO>
		<VALUES>[0.12143420538807341, 0.002534589290906108, 0.115546806077514, 0.003531110406805005, 0.11868850799788412, 0.006015345533735351, 0.12959429534663153, 0.009091537503790282, 0.023325139017099813, 0.012001245443199422, 0.01267780575868303, 0.008811064357835201]</VALUES>
		<LCS_MIN>[0.10690852999687195, 0.09283243119716644, 0.0748945027589798, 0.11676876991987228, 0.009143676608800888, 0.0]</LCS_MIN>
		<LCS_MAX>[0.128285214304924, 0.12373199313879013, 0.1269863098859787, 0.17465335130691528, 0.06504502147436142, 0.049210306257009506]</LCS_MAX>
		<WAVELENGTH>[0.485, 0.56, 0.66, 0.83, 1.65, 2.215]</WAVELENGTH>
		<MEAN_VALUE>[0.12143420538807341, 0.115546806077514, 0.11868850799788412, 0.12959429534663153, 0.023325139017099813, 0.01267780575868303]</MEAN_VALUE>
		<CHECKBOX>2</CHECKBOX>
		<SD>[0.002534589290906108, 0.003531110406805005, 0.006015345533735351, 0.009091537503790282, 0.012001245443199422, 0.008811064357835201]</SD>
		<WAVELENGTH_UNIT>E-6m</WAVELENGTH_UNIT>
		<COLOR>#e0fba4</COLOR>
		<COVARIANCE_MATRIX>[[6.127723281679209e-06, 3.96271525460179e-06, 7.000590812822338e-06, -7.073748292896198e-06, -9.098497685045004e-06, -4.3230702431173995e-06], [3.96271525460179e-06, 1.0967751222779043e-05, 1.4666267816210166e-05, -1.6076641259132884e-05, -2.1030895368312486e-05, -1.1391736734367441e-05], [7.000590812822338e-06, 1.4666267816210166e-05, 3.141692286590114e-05, -3.5544115235097706e-05, -4.6698798541910946e-05, -2.61085297097452e-05], [-7.073748292896198e-06, -1.6076641259132884e-05, -3.5544115235097706e-05, 8.395630720769987e-05, 8.987965702544898e-05, 5.418755245045759e-05], [-9.098497685045004e-06, -2.1030895368312486e-05, -4.6698798541910946e-05, 8.987965702544898e-05, 0.0001444152876501903, 9.245854744222015e-05], [-4.3230702431173995e-06, -1.1391736734367441e-05, -2.61085297097452e-05, 5.418755245045759e-05, 9.245854744222015e-05, 7.392565748887137e-05]]</COVARIANCE_MATRIX>
		<ROI_SIZE>889</ROI_SIZE>
		<MAX_VALUE>[0.128285214304924, 0.12373199313879013, 0.1269863098859787, 0.17465335130691528, 0.06504502147436142, 0.049210306257009506]</MAX_VALUE>
		<MIN_VALUE>[0.10690852999687195, 0.09283243119716644, 0.0748945027589798, 0.11676876991987228, 0.009143676608800888, 0.0]</MIN_VALUE>
		<SIGNATURE_THRESHOLD_MD>0.0</SIGNATURE_THRESHOLD_MD>
		<SIGNATURE_THRESHOLD_ML>0.0</SIGNATURE_THRESHOLD_ML>
		<SIGNATURE_THRESHOLD_SAM>0.0</SIGNATURE_THRESHOLD_SAM>
	</signature>
	<signature ID="20210215_123326275504_470">
		<MACROCLASSID>1</MACROCLASSID>
		<MACROCLASSINFO>waterbody</MACROCLASSINFO>
		<CLASSID>7</CLASSID>
		<CLASSINFO>C 1</CLASSINFO>
		<VALUES>[0.12066540918347285, 0.0020562836343081454, 0.11521205562338488, 0.0029944774248541507, 0.11826168714635793, 0.004860198802984846, 0.1319243558648177, 0.009917342710408675, 0.022827144954765472, 0.012069695662954101, 0.011711174486026493, 0.007909617601191302]</VALUES>
		<LCS_MIN>[0.11513034254312515, 0.10313228517770767, 0.09225844591856003, 0.12038654088973999, 0.009143676608800888, 0.0]</LCS_MIN>
		<LCS_MAX>[0.12664087116718292, 0.12373199313879013, 0.1269863098859787, 0.17103558778762817, 0.06504502147436142, 0.04252036660909653]</LCS_MAX>
		<WAVELENGTH>[0.485, 0.56, 0.66, 0.83, 1.65, 2.215]</WAVELENGTH>
		<MEAN_VALUE>[0.12066540918347285, 0.11521205562338488, 0.11826168714635793, 0.1319243558648177, 0.022827144954765472, 0.011711174486026493]</MEAN_VALUE>
		<CHECKBOX>2</CHECKBOX>
		<SD>[0.0020562836343081454, 0.0029944774248541507, 0.004860198802984846, 0.009917342710408675, 0.012069695662954101, 0.007909617601191302]</SD>
		<WAVELENGTH_UNIT>E-6m</WAVELENGTH_UNIT>
		<COLOR>#6a133d</COLOR>
		<COVARIANCE_MATRIX>[[4.570092187350383e-06, 1.6506194242538186e-06, 3.008412249982939e-06, -5.27083011547802e-06, -5.5552022786287125e-06, -2.795289901769138e-06], [1.6506194242538186e-06, 7.934319000924006e-06, 9.009333552967291e-06, -1.638863977859728e-05, -1.848744614108e-05, -9.89082946034614e-06], [3.008412249982939e-06, 9.009333552967291e-06, 2.0572550056385808e-05, -3.523854320519604e-05, -3.991004632553086e-05, -2.1694882889278233e-05], [-5.27083011547802e-06, -1.638863977859728e-05, -3.523854320519604e-05, 9.469167707720771e-05, 9.893906099023297e-05, 5.498517202795483e-05], [-5.5552022786287125e-06, -1.848744614108e-05, -3.991004632553086e-05, 9.893906099023297e-05, 0.00013937850599177182, 8.111929491860792e-05], [-2.795289901769138e-06, -9.89082946034614e-06, -2.1694882889278233e-05, 5.498517202795483e-05, 8.111929491860792e-05, 6.0795715398853645e-05]]</COVARIANCE_MATRIX>
		<ROI_SIZE>661</ROI_SIZE>
		<MAX_VALUE>[0.12664087116718292, 0.12373199313879013, 0.1269863098859787, 0.17103558778762817, 0.06504502147436142, 0.04252036660909653]</MAX_VALUE>
		<MIN_VALUE>[0.11513034254312515, 0.10313228517770767, 0.09225844591856003, 0.12038654088973999, 0.009143676608800888, 0.0]</MIN_VALUE>
		<SIGNATURE_THRESHOLD_MD>0.0</SIGNATURE_THRESHOLD_MD>
		<SIGNATURE_THRESHOLD_ML>0.0</SIGNATURE_THRESHOLD_ML>
		<SIGNATURE_THRESHOLD_SAM>0.0</SIGNATURE_THRESHOLD_SAM>
	</signature>
	<signature ID="20210215_123333912765_781">
		<MACROCLASSID>1</MACROCLASSID>
		<MACROCLASSINFO>waterbody</MACROCLASSINFO>
		<CLASSID>8</CLASSID>
		<CLASSINFO>C 1</CLASSINFO>
		<VALUES>[0.12163814964191537, 0.0027109900951799207, 0.11612733034872073, 0.004014833784388852, 0.11918103074843017, 0.006439095485996587, 0.134792883264611, 0.009195580348596332, 0.029401086910903842, 0.014830430006756448, 0.017750610661516963, 0.01138495096289173]</VALUES>
		<LCS_MIN>[0.10855289548635483, 0.08596585690975189, 0.06910653412342072, 0.12038654088973999, 0.009143676608800888, 0.0]</LCS_MIN>
		<LCS_MAX>[0.13157394528388977, 0.1271653026342392, 0.12988029420375824, 0.1782711297273636, 0.07203269749879837, 0.059245236217975616]</LCS_MAX>
		<WAVELENGTH>[0.485, 0.56, 0.66, 0.83, 1.65, 2.215]</WAVELENGTH>
		<MEAN_VALUE>[0.12163814964191537, 0.11612733034872073, 0.11918103074843017, 0.134792883264611, 0.029401086910903842, 0.017750610661516963]</MEAN_VALUE>
		<CHECKBOX>2</CHECKBOX>
		<SD>[0.0027109900951799207, 0.004014833784388852, 0.006439095485996587, 0.009195580348596332, 0.014830430006756448, 0.01138495096289173]</SD>
		<WAVELENGTH_UNIT>E-6m</WAVELENGTH_UNIT>
		<COLOR>#87a3bc</COLOR>
		<COVARIANCE_MATRIX>[[7.3614564826129936e-06, 6.155873506941134e-06, 9.803797183849383e-06, -4.50934749096632e-07, -5.678012939824839e-07, 2.7255559871264268e-06], [6.155873506941134e-06, 1.6145186236826703e-05, 2.1589683456113562e-05, -7.524763987021288e-06, -1.4636862033512443e-05, -5.067095571575919e-06], [9.803797183849383e-06, 2.1589683456113562e-05, 4.152958717895672e-05, -2.2710290068062022e-05, -3.9934853703016415e-05, -1.9907938622054644e-05], [-4.50934749096632e-07, -7.524763987021288e-06, -2.2710290068062022e-05, 8.469664317090064e-05, 0.00010699854465201497, 7.079726492520422e-05], [-5.678012939824839e-07, -1.4636862033512443e-05, -3.9934853703016415e-05, 0.00010699854465201497, 0.00022030045511201024, 0.0001560716627864167], [2.7255559871264268e-06, -5.067095571575919e-06, -1.9907938622054644e-05, 7.079726492520422e-05, 0.0001560716627864167, 0.00012982854968868196]]</COVARIANCE_MATRIX>
		<ROI_SIZE>614</ROI_SIZE>
		<MAX_VALUE>[0.13157394528388977, 0.1271653026342392, 0.12988029420375824, 0.1782711297273636, 0.07203269749879837, 0.059245236217975616]</MAX_VALUE>
		<MIN_VALUE>[0.10855289548635483, 0.08596585690975189, 0.06910653412342072, 0.12038654088973999, 0.009143676608800888, 0.0]</MIN_VALUE>
		<SIGNATURE_THRESHOLD_MD>0.0</SIGNATURE_THRESHOLD_MD>
		<SIGNATURE_THRESHOLD_ML>0.0</SIGNATURE_THRESHOLD_ML>
		<SIGNATURE_THRESHOLD_SAM>0.0</SIGNATURE_THRESHOLD_SAM>
	</signature>
	<signature ID="20210215_123342287581_818">
		<MACROCLASSID>1</MACROCLASSID>
		<MACROCLASSINFO>waterbody</MACROCLASSINFO>
		<CLASSID>9</CLASSID>
		<CLASSINFO>C 1</CLASSINFO>
		<VALUES>[0.1192032183181344, 0.0027987325264804373, 0.11242994674712935, 0.005717396188796063, 0.11353679615035213, 0.009086542349503455, 0.13064391542807477, 0.009447678365062741, 0.02915749005499604, 0.015189084190576786, 0.01765541927525613, 0.011490601229136333]</VALUES>
		<LCS_MIN>[0.10690852999687195, 0.08596585690975189, 0.06910653412342072, 0.10591540485620499, 0.011472899466753006, 0.0023806856479495764]</LCS_MIN>
		<LCS_MAX>[0.12499649822711945, 0.12373199313879013, 0.1269863098859787, 0.17465335130691528, 0.07436191290616989, 0.059245236217975616]</LCS_MAX>
		<WAVELENGTH>[0.485, 0.56, 0.66, 0.83, 1.65, 2.215]</WAVELENGTH>
		<MEAN_VALUE>[0.1192032183181344, 0.11242994674712935, 0.11353679615035213, 0.13064391542807477, 0.02915749005499604, 0.01765541927525613]</MEAN_VALUE>
		<CHECKBOX>2</CHECKBOX>
		<SD>[0.0027987325264804373, 0.005717396188796063, 0.009086542349503455, 0.009447678365062741, 0.015189084190576786, 0.011490601229136333]</SD>
		<WAVELENGTH_UNIT>E-6m</WAVELENGTH_UNIT>
		<COLOR>#525fae</COLOR>
		<COVARIANCE_MATRIX>[[7.238899343064986e-06, 9.104397577175405e-06, 1.4175821888784412e-05, -1.3864713537259377e-06, -6.4023734012153e-06, -2.4024238882702775e-06], [9.104397577175405e-06, 2.6735551728052087e-05, 3.849572749459185e-05, -6.3003199102240615e-06, -2.7121159291709773e-05, -1.3457108252623584e-05], [1.4175821888784412e-05, 3.849572749459185e-05, 6.664509419351816e-05, -1.9446808437351137e-05, -5.8101650211028755e-05, -3.093775376328267e-05], [-1.3864713537259377e-06, -6.3003199102240615e-06, -1.9446808437351137e-05, 9.07143548829481e-05, 0.00011180496221641079, 7.350505620706826e-05], [-6.4023734012153e-06, -2.7121159291709773e-05, -5.8101650211028755e-05, 0.00011180496221641079, 0.00024144252529367805, 0.0001652204809943214], [-2.4024238882702775e-06, -1.3457108252623584e-05, -3.093775376328267e-05, 7.350505620706826e-05, 0.0001652204809943214, 0.00013311959628481418]]</COVARIANCE_MATRIX>
		<ROI_SIZE>469</ROI_SIZE>
		<MAX_VALUE>[0.12499649822711945, 0.12373199313879013, 0.1269863098859787, 0.17465335130691528, 0.07436191290616989, 0.059245236217975616]</MAX_VALUE>
		<MIN_VALUE>[0.10690852999687195, 0.08596585690975189, 0.06910653412342072, 0.10591540485620499, 0.011472899466753006, 0.0023806856479495764]</MIN_VALUE>
		<SIGNATURE_THRESHOLD_MD>0.0</SIGNATURE_THRESHOLD_MD>
		<SIGNATURE_THRESHOLD_ML>0.0</SIGNATURE_THRESHOLD_ML>
		<SIGNATURE_THRESHOLD_SAM>0.0</SIGNATURE_THRESHOLD_SAM>
	</signature>
	<signature ID="20210215_123351604587_513">
		<MACROCLASSID>1</MACROCLASSID>
		<MACROCLASSINFO>waterbody</MACROCLASSINFO>
		<CLASSID>10</CLASSID>
		<CLASSINFO>C 1</CLASSINFO>
		<VALUES>[0.12101541809681658, 0.003574347281599336, 0.11299330732764165, 0.006128841781578617, 0.11360433742516025, 0.009940556757974365, 0.12936301067247424, 0.009312264217984555, 0.033845698173837056, 0.014833092400425414, 0.02284760325901995, 0.012477617666293767]</VALUES>
		<LCS_MIN>[0.10690852999687195, 0.08596585690975189, 0.06621253490447998, 0.10591540485620499, 0.009143676608800888, 0.0]</LCS_MIN>
		<LCS_MAX>[0.13157394528388977, 0.1271653026342392, 0.12988029420375824, 0.16380000114440918, 0.06970346719026566, 0.059245236217975616]</LCS_MAX>
		<WAVELENGTH>[0.485, 0.56, 0.66, 0.83, 1.65, 2.215]</WAVELENGTH>
		<MEAN_VALUE>[0.12101541809681658, 0.11299330732764165, 0.11360433742516025, 0.12936301067247424, 0.033845698173837056, 0.02284760325901995]</MEAN_VALUE>
		<CHECKBOX>2</CHECKBOX>
		<SD>[0.003574347281599336, 0.006128841781578617, 0.009940556757974365, 0.009312264217984555, 0.014833092400425414, 0.012477617666293767]</SD>
		<WAVELENGTH_UNIT>E-6m</WAVELENGTH_UNIT>
		<COLOR>#904d0c</COLOR>
		<COVARIANCE_MATRIX>[[1.2824169971281663e-05, 1.673821680014953e-05, 2.6884410544880666e-05, 8.057954232754128e-07, 2.0493071133387275e-06, 1.100083773053484e-05], [1.673821680014953e-05, 3.7704448914155364e-05, 5.627022255794145e-05, -4.060901119373739e-06, -1.3743228919338435e-05, 9.79565993475262e-06], [2.6884410544880666e-05, 5.627022255794145e-05, 9.918755677063018e-05, -1.8534414266468957e-05, -4.142448233324103e-05, 1.6801229776319815e-06], [8.057954232754128e-07, -4.060901119373739e-06, -1.8534414266468957e-05, 8.704550418769941e-05, 0.00010536557965679094, 7.452367572113872e-05], [2.0493071133387275e-06, -1.3743228919338435e-05, -4.142448233324103e-05, 0.00010536557965679094, 0.00022085089585743845, 0.0001593265769770369], [1.100083773053484e-05, 9.79565993475262e-06, 1.6801229776319815e-06, 7.452367572113872e-05, 0.0001593265769770369, 0.00015627846005372703]]</COVARIANCE_MATRIX>
		<ROI_SIZE>266</ROI_SIZE>
		<MAX_VALUE>[0.13157394528388977, 0.1271653026342392, 0.12988029420375824, 0.16380000114440918, 0.06970346719026566, 0.059245236217975616]</MAX_VALUE>
		<MIN_VALUE>[0.10690852999687195, 0.08596585690975189, 0.06621253490447998, 0.10591540485620499, 0.009143676608800888, 0.0]</MIN_VALUE>
		<SIGNATURE_THRESHOLD_MD>0.0</SIGNATURE_THRESHOLD_MD>
		<SIGNATURE_THRESHOLD_ML>0.0</SIGNATURE_THRESHOLD_ML>
		<SIGNATURE_THRESHOLD_SAM>0.0</SIGNATURE_THRESHOLD_SAM>
	</signature>
	<signature ID="20210215_123400760368_741">
		<MACROCLASSID>1</MACROCLASSID>
		<MACROCLASSINFO>waterbody</MACROCLASSINFO>
		<CLASSID>11</CLASSID>
		<CLASSINFO>C 1</CLASSINFO>
		<VALUES>[0.12428106069564827, 0.0036210657348191857, 0.11709431684330894, 0.0067625835038833395, 0.11731937692353592, 0.010083507885737081, 0.13280126941308654, 0.010701915665147556, 0.03292626773186943, 0.0158980780218886, 0.020290963518384258, 0.012151610241805642]</VALUES>
		<LCS_MIN>[0.11348597705364227, 0.09283243119716644, 0.0748945027589798, 0.11315097659826279, 0.011472899466753006, 0.0023806856479495764]</LCS_MIN>
		<LCS_MAX>[0.13321831822395325, 0.1271653026342392, 0.13277427852153778, 0.17103558778762817, 0.07203269749879837, 0.05590026080608368]</LCS_MAX>
		<WAVELENGTH>[0.485, 0.56, 0.66, 0.83, 1.65, 2.215]</WAVELENGTH>
		<MEAN_VALUE>[0.12428106069564827, 0.11709431684330894, 0.11731937692353592, 0.13280126941308654, 0.03292626773186943, 0.020290963518384258]</MEAN_VALUE>
		<CHECKBOX>2</CHECKBOX>
		<SD>[0.0036210657348191857, 0.0067625835038833395, 0.010083507885737081, 0.010701915665147556, 0.0158980780218886, 0.012151610241805642]</SD>
		<WAVELENGTH_UNIT>E-6m</WAVELENGTH_UNIT>
		<COLOR>#8863af</COLOR>
		<COVARIANCE_MATRIX>[[1.3887983186577912e-05, 2.0287876395741478e-05, 2.928567846538499e-05, -9.638675692258403e-06, -1.1016463759006001e-05, 2.1100265712448163e-06], [2.0287876395741478e-05, 4.522989547695033e-05, 6.320040120044723e-05, -2.1594623831333593e-05, -3.458603532635607e-05, -7.149741577450186e-06], [2.928567846538499e-05, 6.320040120044723e-05, 0.00010064357775263488, -4.266654286766425e-05, -7.12093897163868e-05, -2.52246481977636e-05], [-9.638675692258403e-06, -2.1594623831333593e-05, -4.266654286766425e-05, 0.00013001459592487663, 0.00013512925943359733, 8.011909812921658e-05], [-1.1016463759006001e-05, -3.458603532635607e-05, -7.12093897163868e-05, 0.00013512925943359733, 0.000264688249444589, 0.00017566386668477207], [2.1100265712448163e-06, -7.149741577450186e-06, -2.52246481977636e-05, 8.011909812921658e-05, 0.00017566386668477207, 0.00014479381206911057]]</COVARIANCE_MATRIX>
		<ROI_SIZE>392</ROI_SIZE>
		<MAX_VALUE>[0.13321831822395325, 0.1271653026342392, 0.13277427852153778, 0.17103558778762817, 0.07203269749879837, 0.05590026080608368]</MAX_VALUE>
		<MIN_VALUE>[0.11348597705364227, 0.09283243119716644, 0.0748945027589798, 0.11315097659826279, 0.011472899466753006, 0.0023806856479495764]</MIN_VALUE>
		<SIGNATURE_THRESHOLD_MD>0.0</SIGNATURE_THRESHOLD_MD>
		<SIGNATURE_THRESHOLD_ML>0.0</SIGNATURE_THRESHOLD_ML>
		<SIGNATURE_THRESHOLD_SAM>0.0</SIGNATURE_THRESHOLD_SAM>
	</signature>
	<signature ID="20210215_123417151793_871">
		<MACROCLASSID>1</MACROCLASSID>
		<MACROCLASSINFO>waterbody</MACROCLASSINFO>
		<CLASSID>12</CLASSID>
		<CLASSINFO>C 1</CLASSINFO>
		<VALUES>[0.1280978933165344, 0.0038540379468372243, 0.1236016245771058, 0.005869419106968407, 0.10877982574173167, 0.007469675585341648, 0.11708932615156417, 0.017546747971207442, 0.0475316295942551, 0.01847039342602127, 0.02956388585410917, 0.013148906734087824]</VALUES>
		<LCS_MIN>[0.11841905117034912, 0.10999885946512222, 0.0893644466996193, 0.09144425392150879, 0.016131343320012093, 0.009070632047951221]</LCS_MIN>
		<LCS_MAX>[0.1365070343017578, 0.13403184711933136, 0.12119834125041962, 0.15294663608074188, 0.09299569576978683, 0.06928014755249023]</LCS_MAX>
		<WAVELENGTH>[0.485, 0.56, 0.66, 0.83, 1.65, 2.215]</WAVELENGTH>
		<MEAN_VALUE>[0.1280978933165344, 0.1236016245771058, 0.10877982574173167, 0.11708932615156417, 0.0475316295942551, 0.02956388585410917]</MEAN_VALUE>
		<CHECKBOX>2</CHECKBOX>
		<SD>[0.0038540379468372243, 0.005869419106968407, 0.007469675585341648, 0.017546747971207442, 0.01847039342602127, 0.013148906734087824]</SD>
		<WAVELENGTH_UNIT>E-6m</WAVELENGTH_UNIT>
		<COLOR>#49a155</COLOR>
		<COVARIANCE_MATRIX>[[1.5044039173517376e-05, 1.5898633137112483e-05, 2.2169728254084475e-05, -2.90737680188613e-05, -9.608140317141078e-06, 6.4974092310876586e-06], [1.5898633137112483e-05, 3.489174923743121e-05, 4.01418365072459e-05, -5.9036534366896376e-05, -3.7991067074472085e-05, -5.391756076278398e-06], [2.2169728254084475e-05, 4.01418365072459e-05, 5.651138781104237e-05, -6.0129346820758656e-05, -2.799453432089649e-05, 7.4354188654979225e-06], [-2.90737680188613e-05, -5.9036534366896376e-05, -6.0129346820758656e-05, 0.00031183563987724483, 0.00027317769126966596, 0.00014647563511971384], [-9.608140317141078e-06, -3.7991067074472085e-05, -2.799453432089649e-05, 0.00027317769126966596, 0.0003455292317084968, 0.0002136773255188018], [6.4974092310876586e-06, -5.391756076278398e-06, 7.4354188654979225e-06, 0.00014647563511971384, 0.0002136773255188018, 0.00017511034093331546]]</COVARIANCE_MATRIX>
		<ROI_SIZE>79</ROI_SIZE>
		<MAX_VALUE>[0.1365070343017578, 0.13403184711933136, 0.12119834125041962, 0.15294663608074188, 0.09299569576978683, 0.06928014755249023]</MAX_VALUE>
		<MIN_VALUE>[0.11841905117034912, 0.10999885946512222, 0.0893644466996193, 0.09144425392150879, 0.016131343320012093, 0.009070632047951221]</MIN_VALUE>
		<SIGNATURE_THRESHOLD_MD>0.0</SIGNATURE_THRESHOLD_MD>
		<SIGNATURE_THRESHOLD_ML>0.0</SIGNATURE_THRESHOLD_ML>
		<SIGNATURE_THRESHOLD_SAM>0.0</SIGNATURE_THRESHOLD_SAM>
	</signature>
	<signature ID="20210215_123428350471_434">
		<MACROCLASSID>1</MACROCLASSID>
		<MACROCLASSINFO>waterbody</MACROCLASSINFO>
		<CLASSID>13</CLASSID>
		<CLASSINFO>C 1</CLASSINFO>
		<VALUES>[0.1274779932065444, 0.00495667551122772, 0.12086052813313226, 0.007371244371554204, 0.1044658148830587, 0.01008097924413698, 0.10966474495150826, 0.016912222830692426, 0.04433611594140528, 0.018568411951825063, 0.0281065709380941, 0.016071989110267356]</VALUES>
		<LCS_MIN>[0.11841905117034912, 0.09969901293516159, 0.07778849452733994, 0.08059089630842209, 0.016131343320012093, 0.009070632047951221]</LCS_MIN>
		<LCS_MAX>[0.14308448135852814, 0.13403184711933136, 0.13277427852153778, 0.1420932561159134, 0.08600803464651108, 0.06928014755249023]</LCS_MAX>
		<WAVELENGTH>[0.485, 0.56, 0.66, 0.83, 1.65, 2.215]</WAVELENGTH>
		<MEAN_VALUE>[0.1274779932065444, 0.12086052813313226, 0.1044658148830587, 0.10966474495150826, 0.04433611594140528, 0.0281065709380941]</MEAN_VALUE>
		<CHECKBOX>2</CHECKBOX>
		<SD>[0.00495667551122772, 0.007371244371554204, 0.01008097924413698, 0.016912222830692426, 0.018568411951825063, 0.016071989110267356]</SD>
		<WAVELENGTH_UNIT>E-6m</WAVELENGTH_UNIT>
		<COLOR>#1bc381</COLOR>
		<COVARIANCE_MATRIX>[[2.5023606212926097e-05, 3.1512499845121056e-05, 4.590366006596014e-05, -9.035586117533967e-06, 4.255264866515063e-05, 4.7634486691094935e-05], [3.1512499845121056e-05, 5.5341450206469744e-05, 7.047789404168725e-05, -4.03281046601478e-05, 3.5248278436483815e-05, 5.056937879999168e-05], [4.590366006596014e-05, 7.047789404168725e-05, 0.00010350810771342367, -3.8667840271955356e-05, 6.849237979622558e-05, 8.635365520603955e-05], [-9.035586117533967e-06, -4.03281046601478e-05, -3.8667840271955356e-05, 0.00029132000054232776, 0.00019346640328876674, 0.0001285478356294334], [4.255264866515063e-05, 3.5248278436483815e-05, 6.849237979622558e-05, 0.00019346640328876674, 0.0003511708346195519, 0.0002881087129935622], [4.7634486691094935e-05, 5.056937879999168e-05, 8.635365520603955e-05, 0.0001285478356294334, 0.0002881087129935622, 0.000263092340901494]]</COVARIANCE_MATRIX>
		<ROI_SIZE>55</ROI_SIZE>
		<MAX_VALUE>[0.14308448135852814, 0.13403184711933136, 0.13277427852153778, 0.1420932561159134, 0.08600803464651108, 0.06928014755249023]</MAX_VALUE>
		<MIN_VALUE>[0.11841905117034912, 0.09969901293516159, 0.07778849452733994, 0.08059089630842209, 0.016131343320012093, 0.009070632047951221]</MIN_VALUE>
		<SIGNATURE_THRESHOLD_MD>0.0</SIGNATURE_THRESHOLD_MD>
		<SIGNATURE_THRESHOLD_ML>0.0</SIGNATURE_THRESHOLD_ML>
		<SIGNATURE_THRESHOLD_SAM>0.0</SIGNATURE_THRESHOLD_SAM>
	</signature>
	<signature ID="20210215_123440698540_702">
		<MACROCLASSID>1</MACROCLASSID>
		<MACROCLASSINFO>waterbody</MACROCLASSINFO>
		<CLASSID>14</CLASSID>
		<CLASSINFO>C 1</CLASSINFO>
		<VALUES>[0.12357801501895045, 0.004400762929753993, 0.11941210164146109, 0.00833578177169821, 0.1029916448252542, 0.009758899001142681, 0.11641095967574439, 0.02071713367120206, 0.04199595788268598, 0.017980032901452846, 0.023590021536450134, 0.012756278863236504]</VALUES>
		<LCS_MIN>[0.10855289548635483, 0.08939914405345917, 0.06910653412342072, 0.08420867472887039, 0.016131343320012093, 0.0057256584987044334]</LCS_MIN>
		<LCS_MAX>[0.13486267626285553, 0.13403184711933136, 0.12119834125041962, 0.16018220782279968, 0.09765415638685226, 0.07262512296438217]</LCS_MAX>
		<WAVELENGTH>[0.485, 0.56, 0.66, 0.83, 1.65, 2.215]</WAVELENGTH>
		<MEAN_VALUE>[0.12357801501895045, 0.11941210164146109, 0.1029916448252542, 0.11641095967574439, 0.04199595788268598, 0.023590021536450134]</MEAN_VALUE>
		<CHECKBOX>2</CHECKBOX>
		<SD>[0.004400762929753993, 0.00833578177169821, 0.009758899001142681, 0.02071713367120206, 0.017980032901452846, 0.012756278863236504]</SD>
		<WAVELENGTH_UNIT>E-6m</WAVELENGTH_UNIT>
		<COLOR>#443f86</COLOR>
		<COVARIANCE_MATRIX>[[1.9473713109618984e-05, 3.108040982624516e-05, 3.707839277922176e-05, -3.922780160792172e-05, -1.954421713890042e-05, -1.8694064465307747e-06], [3.108040982624516e-05, 6.98691510478966e-05, 7.626555452588946e-05, -7.621686381753534e-05, -4.418584649101831e-05, -1.1102864846179727e-05], [3.707839277922176e-05, 7.626555452588946e-05, 9.576227603247389e-05, -9.90435728454031e-05, -4.9995724111795425e-05, -9.089056220545899e-06], [-3.922780160792172e-05, -7.621686381753534e-05, -9.90435728454031e-05, 0.00043157089385204017, 0.000305355031741783, 0.00017056500655598938], [-1.954421713890042e-05, -4.418584649101831e-05, -4.9995724111795425e-05, 0.000305355031741783, 0.00032506766729056835, 0.00020608026534318924], [-1.8694064465307747e-06, -1.1102864846179727e-05, -9.089056220545899e-06, 0.00017056500655598938, 0.00020608026534318924, 0.00016362167662009597]]</COVARIANCE_MATRIX>
		<ROI_SIZE>182</ROI_SIZE>
		<MAX_VALUE>[0.13486267626285553, 0.13403184711933136, 0.12119834125041962, 0.16018220782279968, 0.09765415638685226, 0.07262512296438217]</MAX_VALUE>
		<MIN_VALUE>[0.10855289548635483, 0.08939914405345917, 0.06910653412342072, 0.08420867472887039, 0.016131343320012093, 0.0057256584987044334]</MIN_VALUE>
		<SIGNATURE_THRESHOLD_MD>0.0</SIGNATURE_THRESHOLD_MD>
		<SIGNATURE_THRESHOLD_ML>0.0</SIGNATURE_THRESHOLD_ML>
		<SIGNATURE_THRESHOLD_SAM>0.0</SIGNATURE_THRESHOLD_SAM>
	</signature>
	<signature ID="20210215_123448391362_853">
		<MACROCLASSID>1</MACROCLASSID>
		<MACROCLASSINFO>waterbody</MACROCLASSINFO>
		<CLASSID>15</CLASSID>
		<CLASSINFO>C 1</CLASSINFO>
		<VALUES>[0.13091281321398987, 0.003182408994791055, 0.13072244796095434, 0.0059708246368085525, 0.11587280207841669, 0.006531076574800089, 0.0989595543324333, 0.012814101355850607, 0.03446497058630299, 0.014285831153587144, 0.022381556815630983, 0.011572179773714686]</VALUES>
		<LCS_MIN>[0.11513034254312515, 0.09626571834087372, 0.0748945027589798, 0.08059089630842209, 0.013802122324705124, 0.0057256584987044334]</LCS_MIN>
		<LCS_MAX>[0.13979575037956238, 0.1408984214067459, 0.12988029420375824, 0.13485769927501678, 0.06504502147436142, 0.059245236217975616]</LCS_MAX>
		<WAVELENGTH>[0.485, 0.56, 0.66, 0.83, 1.65, 2.215]</WAVELENGTH>
		<MEAN_VALUE>[0.13091281321398987, 0.13072244796095434, 0.11587280207841669, 0.0989595543324333, 0.03446497058630299, 0.022381556815630983]</MEAN_VALUE>
		<CHECKBOX>2</CHECKBOX>
		<SD>[0.003182408994791055, 0.0059708246368085525, 0.006531076574800089, 0.012814101355850607, 0.014285831153587144, 0.011572179773714686]</SD>
		<WAVELENGTH_UNIT>E-6m</WAVELENGTH_UNIT>
		<COLOR>#1c010e</COLOR>
		<COVARIANCE_MATRIX>[[1.018020248011453e-05, 1.1548954717000015e-05, 1.5150723811530042e-05, -2.4341086373169674e-06, 1.725487777548551e-06, 5.283515747578349e-06], [1.1548954717000015e-05, 3.583546640584245e-05, 3.3559688745299354e-05, -2.506965938664507e-05, -2.138431227649562e-05, -1.1713656022038776e-05], [1.5150723811530042e-05, 3.3559688745299354e-05, 4.2875970393652096e-05, -2.0689987650257535e-05, -8.801589501672424e-06, 3.204682741397846e-08], [-2.4341086373169674e-06, -2.506965938664507e-05, -2.0689987650257535e-05, 0.00016505196981597692, 0.00015464541502296925, 0.00010974711767630652], [1.725487777548551e-06, -2.138431227649562e-05, -8.801589501672424e-06, 0.00015464541502296925, 0.00020514240895863622, 0.00014639701112173498], [5.283515747578349e-06, -1.1713656022038776e-05, 3.204682741397846e-08, 0.00010974711767630652, 0.00014639701112173498, 0.00013460920308716595]]</COVARIANCE_MATRIX>
		<ROI_SIZE>194</ROI_SIZE>
		<MAX_VALUE>[0.13979575037956238, 0.1408984214067459, 0.12988029420375824, 0.13485769927501678, 0.06504502147436142, 0.059245236217975616]</MAX_VALUE>
		<MIN_VALUE>[0.11513034254312515, 0.09626571834087372, 0.0748945027589798, 0.08059089630842209, 0.013802122324705124, 0.0057256584987044334]</MIN_VALUE>
		<SIGNATURE_THRESHOLD_MD>0.0</SIGNATURE_THRESHOLD_MD>
		<SIGNATURE_THRESHOLD_ML>0.0</SIGNATURE_THRESHOLD_ML>
		<SIGNATURE_THRESHOLD_SAM>0.0</SIGNATURE_THRESHOLD_SAM>
	</signature>
	<signature ID="20210215_123503811477_910">
		<MACROCLASSID>1</MACROCLASSID>
		<MACROCLASSINFO>waterbody</MACROCLASSINFO>
		<CLASSID>16</CLASSID>
		<CLASSINFO>C 1</CLASSINFO>
		<VALUES>[0.12073965022373488, 0.003251830319999846, 0.10960271410070938, 0.005054234827092237, 0.09391093132852099, 0.006407269867983459, 0.10437409705399751, 0.016021278907362928, 0.03370388485381058, 0.01772518068343215, 0.01869275746315983, 0.012438107650962893]</VALUES>
		<LCS_MIN>[0.11019724607467651, 0.09283243119716644, 0.07200052589178085, 0.08059089630842209, 0.004485230427235365, 0.0]</LCS_MIN>
