<?xml version="1.0" ?>
<signaturelist MCID_LIST="[['1', 'waterbody', '#000000'], ['2', 'vegewtation', '#000000'], ['3', 'bareland', '#000000'], ['4', 'built-up', '#000000']]">
	<signature ID="20210215_123101293908_110">
		<MACROCLASSID>1</MACROCLASSID>
		<MACROCLASSINFO>waterbody</MACROCLASSINFO>
		<CLASSID>1</CLASSID>
		<CLASSINFO>C 1</CLASSINFO>
		<VALUES>[0.11997475241329154, 0.002497003337013537, 0.11490475636559956, 0.0034997016084756254, 0.11766597069799892, 0.004955176680634767, 0.12191169298089602, 0.008718470756646366, 0.021794552993549793, 0.011462020150243645, 0.012381703528922558, 0.008841113956967881]</VALUES>
		<LCS_MIN>[0.11019724607467651, 0.09283243119716644, 0.08357648551464081, 0.10591540485620499, 0.006814452353864908, 0.0]</LCS_MIN>
		<LCS_MAX>[0.1299295872449875, 0.13059855997562408, 0.13566827774047852, 0.16018220782279968, 0.06504502147436142, 0.052555281668901443]</LCS_MAX>
		<WAVELENGTH>[0.485, 0.56, 0.66, 0.83, 1.65, 2.215]</WAVELENGTH>
		<MEAN_VALUE>[0.11997475241329154, 0.11490475636559956, 0.11766597069799892, 0.12191169298089602, 0.021794552993549793, 0.012381703528922558]</MEAN_VALUE>
		<CHECKBOX>2</CHECKBOX>
		<SD>[0.002497003337013537, 0.0034997016084756254, 0.004955176680634767, 0.008718470756646366, 0.011462020150243645, 0.008841113956967881]</SD>
		<WAVELENGTH_UNIT>E-6m</WAVELENGTH_UNIT>
		<COLOR>#706fd7</COLOR>
		<COVARIANCE_MATRIX>[[6.136284595851155e-06, 4.582669660990827e-06, 6.800327613648442e-06, -4.277303324580573e-07, -8.403133358679009e-07, 1.797076780640604e-06], [4.582669660990827e-06, 1.4541640798469451e-05, 1.7536853239694938e-05, -9.096484510011719e-06, -1.4166825217077686e-05, -5.556164102517676e-06], [6.800327613648442e-06, 1.7536853239694938e-05, 3.083541590872018e-05, -1.846094863797781e-05, -2.4760846352004512e-05, -1.0896403266394131e-05], [-4.277303324580573e-07, -9.096484510011719e-06, -1.846094863797781e-05, 6.533360352199081e-05, 6.442938702330064e-05, 4.120871799832509e-05], [-8.403133358679009e-07, -1.4166825217077686e-05, -2.4760846352004512e-05, 6.442938702330064e-05, 0.00011345460936767462, 7.580679420033004e-05], [1.797076780640604e-06, -5.556164102517676e-06, -1.0896403266394131e-05, 4.120871799832509e-05, 7.580679420033004e-05, 6.697168325875516e-05]]</COVARIANCE_MATRIX>
		<ROI_SIZE>802</ROI_SIZE>
		<MAX_VALUE>[0.1299295872449875, 0.13059855997562408, 0.13566827774047852, 0.16018220782279968, 0.06504502147436142, 0.052555281668901443]</MAX_VALUE>
		<MIN_VALUE>[0.11019724607467651, 0.09283243119716644, 0.08357648551464081, 0.10591540485620499, 0.006814452353864908, 0.0]</MIN_VALUE>
		<SIGNATURE_THRESHOLD_MD>0</SIGNATURE_THRESHOLD_MD>
		<SIGNATURE_THRESHOLD_ML>0</SIGNATURE_THRESHOLD_ML>
		<SIGNATURE_THRESHOLD_SAM>0</SIGNATURE_THRESHOLD_SAM>
	</signature>
	<signature ID="20210215_123109286570_406">
		<MACROCLASSID>1</MACROCLASSID>
		<MACROCLASSINFO>waterbody</MACROCLASSINFO>
		<CLASSID>2</CLASSID>
		<CLASSINFO>C 1</CLASSINFO>
		<VALUES>[0.11533418414760227, 0.00372262736222615, 0.10023811419517545, 0.010708004669228428, 0.08493976174923015, 0.022816358901166338, 0.09401557459072624, 0.020271128008383234, 0.02714221655152553, 0.013346815125480062, 0.014737735819918186, 0.008774868025439003]</VALUES>
		<LCS_MIN>[0.10526417195796967, 0.08596585690975189, 0.05753057450056076, 0.05526638403534889, 0.009143676608800888, 0.0023806856479495764]</LCS_MIN>
		<LCS_MAX>[0.12335214018821716, 0.11686542630195618, 0.11830434948205948, 0.12038654088973999, 0.06504502147436142, 0.059245236217975616]</LCS_MAX>
		<WAVELENGTH>[0.485, 0.56, 0.66, 0.83, 1.65, 2.215]</WAVELENGTH>
		<MEAN_VALUE>[0.11533418414760227, 0.10023811419517545, 0.08493976174923015, 0.09401557459072624, 0.02714221655152553, 0.014737735819918186]</MEAN_VALUE>
		<CHECKBOX>2</CHECKBOX>
		<SD>[0.00372262736222615, 0.010708004669228428, 0.022816358901166338, 0.020271128008383234, 0.013346815125480062, 0.008774868025439003]</SD>
		<WAVELENGTH_UNIT>E-6m</WAVELENGTH_UNIT>
		<COLOR>#1f43ca</COLOR>
		<COVARIANCE_MATRIX>[[1.3915456363795652e-05, 3.423152445550239e-05, 7.268205990482462e-05, 4.632472138550063e-05, -2.1324793814531928e-05, -1.1498828923459049e-05], [3.423152445550239e-05, 0.00011513713729080758, 0.00023970234700214775, 0.00016317204126220104, -6.857534845811985e-05, -4.147577770332358e-05], [7.268205990482462e-05, 0.00023970234700214775, 0.0005227463423595584, 0.0003554955610724652, -0.00014779041615205725, -9.074355099011139e-05], [4.632472138550063e-05, 0.00016317204126220104, 0.0003554955610724652, 0.00041262368729131493, 1.3388511517068277e-05, -3.216188295757342e-07], [-2.1324793814531928e-05, -6.857534845811985e-05, -0.00014779041615205725, 1.3388511517068277e-05, 0.0001788766336368708, 0.00010053601306481697], [-1.1498828923459049e-05, -4.147577770332358e-05, -9.074355099011139e-05, -3.216188295757342e-07, 0.00010053601306481697, 7.731780392139822e-05]]</COVARIANCE_MATRIX>
		<ROI_SIZE>242</ROI_SIZE>
		<MAX_VALUE>[0.12335214018821716, 0.11686542630195618, 0.11830434948205948, 0.12038654088973999, 0.06504502147436142, 0.059245236217975616]</MAX_VALUE>
		<MIN_VALUE>[0.10526417195796967, 0.08596585690975189, 0.05753057450056076, 0.05526638403534889, 0.009143676608800888, 0.0023806856479495764]</MIN_VALUE>
		<SIGNATURE_THRESHOLD_MD>0</SIGNATURE_THRESHOLD_MD>
		<SIGNATURE_THRESHOLD_ML>0</SIGNATURE_THRESHOLD_ML>
		<SIGNATURE_THRESHOLD_SAM>0</SIGNATURE_THRESHOLD_SAM>
	</signature>
	<signature ID="20210215_123116676124_992">
		<MACROCLASSID>1</MACROCLASSID>
		<MACROCLASSINFO>waterbody</MACROCLASSINFO>
		<CLASSID>3</CLASSID>
		<CLASSINFO>C 1</CLASSINFO>
		<VALUES>[0.12148569704129773, 0.003023650950833158, 0.11552368696436463, 0.004473618752825528, 0.11822534751832153, 0.0068982206603799695, 0.12308429402095826, 0.009361181886648444, 0.024872623458932867, 0.01256234241845625, 0.014791153136161753, 0.009683322078874134]</VALUES>
		<LCS_MIN>[0.10855289548635483, 0.08596585690975189, 0.07200052589178085, 0.10591540485620499, 0.009143676608800888, 0.0]</LCS_MIN>
		<LCS_MAX>[0.13486267626285553, 0.13059855997562408, 0.13566827774047852, 0.16741777956485748, 0.0627158060669899, 0.052555281668901443]</LCS_MAX>
		<WAVELENGTH>[0.485, 0.56, 0.66, 0.83, 1.65, 2.215]</WAVELENGTH>
		<MEAN_VALUE>[0.12148569704129773, 0.11552368696436463, 0.11822534751832153, 0.12308429402095826, 0.024872623458932867, 0.014791153136161753]</MEAN_VALUE>
		<CHECKBOX>2</CHECKBOX>
		<SD>[0.003023650950833158, 0.004473618752825528, 0.0068982206603799695, 0.009361181886648444, 0.01256234241845625, 0.009683322078874134]</SD>
		<WAVELENGTH_UNIT>E-6m</WAVELENGTH_UNIT>
		<COLOR>#680ab7</COLOR>
		<COVARIANCE_MATRIX>[[8.71056173697976e-06, 7.436629174858228e-06, 1.1376164610352138e-05, 1.1656396638551203e-06, 4.3292127133242695e-06, 7.2777051549245785e-06], [7.436629174858228e-06, 1.8094296759973674e-05, 2.3747750616921786e-05, -6.87434274684994e-06, -5.924363269903605e-06, 2.326666047717325e-06], [1.1376164610352138e-05, 2.3747750616921786e-05, 4.2652345783969455e-05, -2.0394662258102387e-05, -2.1734756290217317e-05, -4.510431660418621e-06], [1.1656396638551203e-06, -6.87434274684994e-06, -2.0394662258102387e-05, 8.857040466061565e-05, 8.313703898352062e-05, 5.3254243415536834e-05], [4.3292127133242695e-06, -5.924363269903605e-06, -2.1734756290217317e-05, 8.313703898352062e-05, 0.00015748390784580023, 0.00011072154282780161], [7.2777051549245785e-06, 2.326666047717325e-06, -4.510431660418621e-06, 5.3254243415536834e-05, 0.00011072154282780161, 9.63625087538804e-05]]</COVARIANCE_MATRIX>
		<ROI_SIZE>829</ROI_SIZE>
		<MAX_VALUE>[0.13486267626285553, 0.13059855997562408, 0.13566827774047852, 0.16741777956485748, 0.0627158060669899, 0.052555281668901443]</MAX_VALUE>
		<MIN_VALUE>[0.10855289548635483, 0.08596585690975189, 0.07200052589178085, 0.10591540485620499, 0.009143676608800888, 0.0]</MIN_VALUE>
		<SIGNATURE_THRESHOLD_MD>0</SIGNATURE_THRESHOLD_MD>
		<SIGNATURE_THRESHOLD_ML>0</SIGNATURE_THRESHOLD_ML>
		<SIGNATURE_THRESHOLD_SAM>0</SIGNATURE_THRESHOLD_SAM>
	</signature>
	<signature ID="20210215_123303191088_403">
		<MACROCLASSID>1</MACROCLASSID>
		<MACROCLASSINFO>waterbody</MACROCLASSINFO>
		<CLASSID>4</CLASSID>
		<CLASSINFO>C 1</CLASSINFO>
		<VALUES>[0.11825290278171413, 0.00322226026916534, 0.10456781146418348, 0.005837978135133866, 0.08085390972135788, 0.006368869301793482, 0.11451237293070615, 0.02534103365130492, 0.05408063646444876, 0.01998639294710904, 0.030072868428475334, 0.01312944456230543]</VALUES>
		<LCS_MIN>[0.11019724607467651, 0.08939914405345917, 0.06331855058670044, 0.07335531711578369, 0.016131343320012093, 0.0057256584987044334]</LCS_MIN>
		<LCS_MAX>[0.128285214304924, 0.11686542630195618, 0.10094041377305984, 0.16741777956485748, 0.09299569576978683, 0.07262512296438217]</LCS_MAX>
		<WAVELENGTH>[0.485, 0.56, 0.66, 0.83, 1.65, 2.215]</WAVELENGTH>
		<MEAN_VALUE>[0.11825290278171413, 0.10456781146418348, 0.08085390972135788, 0.11451237293070615, 0.05408063646444876, 0.030072868428475334]</MEAN_VALUE>
		<CHECKBOX>2</CHECKBOX>
		<SD>[0.00322226026916534, 0.005837978135133866, 0.006368869301793482, 0.02534103365130492, 0.01998639294710904, 0.01312944456230543]</SD>
		<WAVELENGTH_UNIT>E-6m</WAVELENGTH_UNIT>
		<COLOR>#31f053</COLOR>
		<COVARIANCE_MATRIX>[[1.041926530252902e-05, 1.2991211069973404e-05, 1.4853958023787727e-05, -1.7931852873299367e-05, -3.3012645682714858e-06, 5.867357060916672e-06], [1.2991211069973404e-05, 3.420115649898033e-05, 3.0116596425900825e-05, -4.6780612442726175e-05, -1.6472529221941197e-05, 3.2344769474441405e-06], [1.4853958023787727e-05, 3.0116596425900825e-05, 4.070432309305925e-05, -3.127763661192031e-05, 9.433283632265552e-07, 1.8692527032306512e-05], [-1.7931852873299367e-05, -4.6780612442726175e-05, -3.127763661192031e-05, 0.0006444133291267662, 0.00042617518748773827, 0.0002343650092659786], [-3.3012645682714858e-06, -1.6472529221941197e-05, 9.433283632265552e-07, 0.00042617518748773827, 0.00040085260199791516, 0.00023157226365884176], [5.867357060916672e-06, 3.2344769474441405e-06, 1.8692527032306512e-05, 0.0002343650092659786, 0.00023157226365884176, 0.00017298504988008735]]</COVARIANCE_MATRIX>
		<ROI_SIZE>287</ROI_SIZE>
		<MAX_VALUE>[0.128285214304924, 0.11686542630195618, 0.10094041377305984, 0.16741777956485748, 0.09299569576978683, 0.07262512296438217]</MAX_VALUE>
		<MIN_VALUE>[0.11019724607467651, 0.08939914405345917, 0.06331855058670044, 0.07335531711578369, 0.016131343320012093, 0.0057256584987044334]</MIN_VALUE>
		<SIGNATURE_THRESHOLD_MD>0</SIGNATURE_THRESHOLD_MD>
		<SIGNATURE_THRESHOLD_ML>0</SIGNATURE_THRESHOLD_ML>
		<SIGNATURE_THRESHOLD_SAM>0</SIGNATURE_THRESHOLD_SAM>
	</signature>
	<signature ID="20210215_123310938527_899">
		<MACROCLASSID>1</MACROCLASSID>
		<MACROCLASSINFO>waterbody</MACROCLASSINFO>
		<CLASSID>5</CLASSID>
		<CLASSINFO>C 1</CLASSINFO>
		<VALUES>[0.12279513716166367, 0.003340420615544427, 0.11629228902500688, 0.004975504628746211, 0.11946288245085568, 0.007893439836579702, 0.12864237046850377, 0.008979362423965848, 0.028045489877685795, 0.014148183304952298, 0.017283978371622804, 0.011082592853203328]</VALUES>
		<LCS_MIN>[0.11184161901473999, 0.08939914405345917, 0.07778849452733994, 0.10953319072723389, 0.006814452353864908, 0.0023806856479495764]</LCS_MIN>
		<LCS_MAX>[0.13486267626285553, 0.1271653026342392, 0.13566827774047852, 0.17103558778762817, 0.06970346719026566, 0.05590026080608368]</LCS_MAX>
		<WAVELENGTH>[0.485, 0.56, 0.66, 0.83, 1.65, 2.215]</WAVELENGTH>
		<MEAN_VALUE>[0.12279513716166367, 0.11629228902500688, 0.11946288245085568, 0.12864237046850377, 0.028045489877685795, 0.017283978371622804]</MEAN_VALUE>
		<CHECKBOX>2</CHECKBOX>
		<SD>[0.003340420615544427, 0.004975504628746211, 0.007893439836579702, 0.008979362423965848, 0.014148183304952298, 0.011082592853203328]</SD>
		<WAVELENGTH_UNIT>E-6m</WAVELENGTH_UNIT>
		<COLOR>#0900c8</COLOR>
		<COVARIANCE_MATRIX>[[1.1176524190521631e-05, 1.154874560502364e-05, 1.7804163364234837e-05, -2.038289220893084e-06, 1.523636987253208e-06, 6.823500984841049e-06], [1.154874560502364e-05, 2.4795834048192275e-05, 3.469872515727354e-05, -1.0766518758142867e-05, -1.5917790353913823e-05, -2.350740333128893e-06], [1.7804163364234837e-05, 3.469872515727354e-05, 6.240753919469958e-05, -2.5777847630326843e-05, -3.7571168914544735e-05, -1.251670778055173e-05], [-2.038289220893084e-06, -1.0766518758142867e-05, -2.5777847630326843e-05, 8.075984069278209e-05, 9.598945996172794e-05, 6.164163504290147e-05], [1.523636987253208e-06, -1.5917790353913823e-05, -3.7571168914544735e-05, 9.598945996172794e-05, 0.00020049604390006106, 0.00014126163558910186], [6.823500984841049e-06, -2.350740333128893e-06, -1.251670778055173e-05, 6.164163504290147e-05, 0.00014126163558910186, 0.00012302325374005186]]</COVARIANCE_MATRIX>
		<ROI_SIZE>617</ROI_SIZE>
		<MAX_VALUE>[0.13486267626285553, 0.1271653026342392, 0.13566827774047852, 0.17103558778762817, 0.06970346719026566, 0.05590026080608368]</MAX_VALUE>
		<MIN_VALUE>[0.11184161901473999, 0.08939914405345917, 0.07778849452733994, 0.10953319072723389, 0.006814452353864908, 0.0023806856479495764]</MIN_VALUE>
		<SIGNATURE_THRESHOLD_MD>0</SIGNATURE_THRESHOLD_MD>
		<SIGNATURE_THRESHOLD_ML>0</SIGNATURE_THRESHOLD_ML>
		<SIGNATURE_THRESHOLD_SAM>0</SIGNATURE_THRESHOLD_SAM>
	</signature>
	<signature ID="20210215_123318265492_925">
		<MACROCLASSID>1</MACROCLASSID>
		<MACROCLASSINFO>waterbody</MACROCLASSINFO>
		<CLASSID>6</CLASSID>
		<CLASSINFO>C 1</CLASSINFO>
		<VALUES>[0.12143420538807341, 0.002534589290906108, 0.115546806077514, 0.003531110406805005, 0.11868850799788412, 0.006015345533735351, 0.12959429534663153, 0.009091537503790282, 0.023325139017099813, 0.012001245443199422, 0.01267780575868303, 0.008811064357835201]</VALUES>
		<LCS_MIN>[0.10690852999687195, 0.09283243119716644, 0.0748945027589798, 0.11676876991987228, 0.009143676608800888, 0.0]</LCS_MIN>
		<LCS_MAX>[0.128285214304924, 0.12373199313879013, 0.1269863098859787, 0.17465335130691528, 0.06504502147436142, 0.049210306257009506]</LCS_MAX>
		<WAVELENGTH>[0.485, 0.56, 0.66, 0.83, 1.65, 2.215]</WAVELENGTH>
		<MEAN_VALUE>[0.12143420538807341, 0.115546806077514, 0.11868850799788412, 0.12959429534663153, 0.023325139017099813, 0.01267780575868303]</MEAN_VALUE>
		<CHECKBOX>2</CHECKBOX>
		<SD>[0.002534589290906108, 0.003531110406805005, 0.006015345533735351, 0.009091537503790282, 0.012001245443199422, 0.008811064357835201]</SD>
		<WAVELENGTH_UNIT>E-6m</WAVELENGTH_UNIT>
		<COLOR>#e0fba4</COLOR>
		<COVARIANCE_MATRIX>[[6.127723391386982e-06, 3.962715368325971e-06, 7.000591011883502e-06, -7.073748081345834e-06, -9.098497293157847e-06, -4.323070211300404e-06], [3.962715368325971e-06, 1.096775148741357e-05, 1.466626812254302e-05, -1.6076641691588507e-05, -2.1030896266625566e-05, -1.1391736622985345e-05], [7.000591011883502e-06, 1.466626812254302e-05, 3.141692379814221e-05, -3.554411624356858e-05, -4.6698799374708577e-05, -2.6108529737109682e-05], [-7.073748081345834e-06, -1.6076641691588507e-05, -3.554411624356858e-05, 8.395630563260571e-05, 8.987966048241886e-05, 5.4187551970527534e-05], [-9.098497293157847e-06, -2.1030896266625566e-05, -4.6698799374708577e-05, 8.987966048241886e-05, 0.00014441528167873492, 9.245855052584673e-05], [-4.323070211300404e-06, -1.1391736622985345e-05, -2.6108529737109682e-05, 5.4187551970527534e-05, 9.245855052584673e-05, 7.392565468103476e-05]]</COVARIANCE_MATRIX>
		<ROI_SIZE>889</ROI_SIZE>
		<MAX_VALUE>[0.128285214304924, 0.12373199313879013, 0.1269863098859787, 0.17465335130691528, 0.06504502147436142, 0.049210306257009506]</MAX_VALUE>
		<MIN_VALUE>[0.10690852999687195, 0.09283243119716644, 0.0748945027589798, 0.11676876991987228, 0.009143676608800888, 0.0]</MIN_VALUE>
		<SIGNATURE_THRESHOLD_MD>0</SIGNATURE_THRESHOLD_MD>
		<SIGNATURE_THRESHOLD_ML>0</SIGNATURE_THRESHOLD_ML>
		<SIGNATURE_THRESHOLD_SAM>0</SIGNATURE_THRESHOLD_SAM>
	</signature>
	<signature ID="20210215_123326275504_470">
		<MACROCLASSID>1</MACROCLASSID>
		<MACROCLASSINFO>waterbody</MACROCLASSINFO>
		<CLASSID>7</CLASSID>
		<CLASSINFO>C 1</CLASSINFO>
		<VALUES>[0.12066540918347285, 0.0020562836343081454, 0.11521205562338488, 0.0029944774248541507, 0.11826168714635793, 0.004860198802984846, 0.1319243558648177, 0.009917342710408675, 0.022827144954765472, 0.012069695662954101, 0.011711174486026493, 0.007909617601191302]</VALUES>
		<LCS_MIN>[0.11513034254312515, 0.10313228517770767, 0.09225844591856003, 0.12038654088973999, 0.009143676608800888, 0.0]</LCS_MIN>
		<LCS_MAX>[0.12664087116718292, 0.12373199313879013, 0.1269863098859787, 0.17103558778762817, 0.06504502147436142, 0.04252036660909653]</LCS_MAX>
		<WAVELENGTH>[0.485, 0.56, 0.66, 0.83, 1.65, 2.215]</WAVELENGTH>
		<MEAN_VALUE>[0.12066540918347285, 0.11521205562338488, 0.11826168714635793, 0.1319243558648177, 0.022827144954765472, 0.011711174486026493]</MEAN_VALUE>
		<CHECKBOX>2</CHECKBOX>
		<SD>[0.0020562836343081454, 0.0029944774248541507, 0.004860198802984846, 0.009917342710408675, 0.012069695662954101, 0.007909617601191302]</SD>
		<WAVELENGTH_UNIT>E-6m</WAVELENGTH_UNIT>
		<COLOR>#6a133d</COLOR>
		<COVARIANCE_MATRIX>[[4.570092084717603e-06, 1.6506194239795732e-06, 3.0084123311530997e-06, -5.270829982283309e-06, -5.555202056755307e-06, -2.7952898094620094e-06], [1.6506194239795732e-06, 7.934319205734386e-06, 9.009333335467184e-06, -1.6388640609404746e-05, -1.8487446843937907e-05, -9.890829768231224e-06], [3.0084123311530997e-06, 9.009333335467184e-06, 2.0572549991272755e-05, -3.52385416988134e-05, -3.9910045181635386e-05, -2.1694882699560004e-05], [-5.270829982283309e-06, -1.6388640609404746e-05, -3.52385416988134e-05, 9.469167719853062e-05, 9.893906324942155e-05, 5.4985172755579464e-05], [-5.555202056755307e-06, -1.8487446843937907e-05, -3.9910045181635386e-05, 9.893906324942155e-05, 0.0001393785048792402, 8.111929357315162e-05], [-2.7952898094620094e-06, -9.890829768231224e-06, -2.1694882699560004e-05, 5.4985172755579464e-05, 8.111929357315162e-05, 6.0795715382148244e-05]]</COVARIANCE_MATRIX>
		<ROI_SIZE>661</ROI_SIZE>
		<MAX_VALUE>[0.12664087116718292, 0.12373199313879013, 0.1269863098859787, 0.17103558778762817, 0.06504502147436142, 0.04252036660909653]</MAX_VALUE>
		<MIN_VALUE>[0.11513034254312515, 0.10313228517770767, 0.09225844591856003, 0.12038654088973999, 0.009143676608800888, 0.0]</MIN_VALUE>
		<SIGNATURE_THRESHOLD_MD>0</SIGNATURE_THRESHOLD_MD>
		<SIGNATURE_THRESHOLD_ML>0</SIGNATURE_THRESHOLD_ML>
		<SIGNATURE_THRESHOLD_SAM>0</SIGNATURE_THRESHOLD_SAM>
	</signature>
	<signature ID="20210215_123333912765_781">
		<MACROCLASSID>1</MACROCLASSID>
		<MACROCLASSINFO>waterbody</MACROCLASSINFO>
		<CLASSID>8</CLASSID>
		<CLASSINFO>C 1</CLASSINFO>
		<VALUES>[0.12163814964191537, 0.0027109900951799207, 0.11612733034872073, 0.004014833784388852, 0.11918103074843017, 0.006439095485996587, 0.134792883264611, 0.009195580348596332, 0.029401086910903842, 0.014830430006756448, 0.017750610661516963, 0.01138495096289173]</VALUES>
		<LCS_MIN>[0.10855289548635483, 0.08596585690975189, 0.06910653412342072, 0.12038654088973999, 0.009143676608800888, 0.0]</LCS_MIN>
		<LCS_MAX>[0.13157394528388977, 0.1271653026342392, 0.12988029420375824, 0.1782711297273636, 0.07203269749879837, 0.059245236217975616]</LCS_MAX>
		<WAVELENGTH>[0.485, 0.56, 0.66, 0.83, 1.65, 2.215]</WAVELENGTH>
		<MEAN_VALUE>[0.12163814964191537, 0.11612733034872073, 0.11918103074843017, 0.134792883264611, 0.029401086910903842, 0.017750610661516963]</MEAN_VALUE>
		<CHECKBOX>2</CHECKBOX>
		<SD>[0.0027109900951799207, 0.004014833784388852, 0.006439095485996587, 0.009195580348596332, 0.014830430006756448, 0.01138495096289173]</SD>
		<WAVELENGTH_UNIT>E-6m</WAVELENGTH_UNIT>
		<COLOR>#87a3bc</COLOR>
		<COVARIANCE_MATRIX>[[7.361456639224236e-06, 6.1558735608043124e-06, 9.803797637528392e-06, -4.50934736714265e-07, -5.678013130155091e-07, 2.7255559266505643e-06], [6.1558735608043124e-06, 1.614518540650878e-05, 2.1589682693138514e-05, -7.52476400191683e-06, -1.4636862454794868e-05, -5.067095494463058e-06], [9.803797637528392e-06, 2.1589682693138514e-05, 4.1529588443977046e-05, -2.2710290779435687e-05, -3.993485402095822e-05, -1.9907937972014967e-05], [-4.50934736714265e-07, -7.52476400191683e-06, -2.2710290779435687e-05, 8.469664035849815e-05, 0.00010699854713092361, 7.079726570737863e-05], [-5.678013130155091e-07, -1.4636862454794868e-05, -3.993485402095822e-05, 0.00010699854713092361, 0.0002203004497059963, 0.0001560716614123035], [2.7255559266505643e-06, -5.067095494463058e-06, -1.9907937972014967e-05, 7.079726570737863e-05, 0.0001560716614123035, 0.00012982855558638489]]</COVARIANCE_MATRIX>
		<ROI_SIZE>614</ROI_SIZE>
		<MAX_VALUE>[0.13157394528388977, 0.1271653026342392, 0.12988029420375824, 0.1782711297273636, 0.07203269749879837, 0.059245236217975616]</MAX_VALUE>
		<MIN_VALUE>[0.10855289548635483, 0.08596585690975189, 0.06910653412342072, 0.12038654088973999, 0.009143676608800888, 0.0]</MIN_VALUE>
		<SIGNATURE_THRESHOLD_MD>0</SIGNATURE_THRESHOLD_MD>
		<SIGNATURE_THRESHOLD_ML>0</SIGNATURE_THRESHOLD_ML>
		<SIGNATURE_THRESHOLD_SAM>0</SIGNATURE_THRESHOLD_SAM>
	</signature>
	<signature ID="20210215_123342287581_818">
		<MACROCLASSID>1</MACROCLASSID>
		<MACROCLASSINFO>waterbody</MACROCLASSINFO>
		<CLASSID>9</CLASSID>
		<CLASSINFO>C 1</CLASSINFO>
		<VALUES>[0.1192032183181344, 0.0027987325264804373, 0.11242994674712935, 0.005717396188796063, 0.11353679615035213, 0.009086542349503455, 0.13064391542807477, 0.009447678365062741, 0.02915749005499604, 0.015189084190576786, 0.01765541927525613, 0.011490601229136333]</VALUES>
		<LCS_MIN>[0.10690852999687195, 0.08596585690975189, 0.06910653412342072, 0.10591540485620499, 0.011472899466753006, 0.0023806856479495764]</LCS_MIN>
		<LCS_MAX>[0.12499649822711945, 0.12373199313879013, 0.1269863098859787, 0.17465335130691528, 0.07436191290616989, 0.059245236217975616]</LCS_MAX>
		<WAVELENGTH>[0.485, 0.56, 0.66, 0.83, 1.65, 2.215]</WAVELENGTH>
		<MEAN_VALUE>[0.1192032183181344, 0.11242994674712935, 0.11353679615035213, 0.13064391542807477, 0.02915749005499604, 0.01765541927525613]</MEAN_VALUE>
		<CHECKBOX>2</CHECKBOX>
		<SD>[0.0027987325264804373, 0.005717396188796063, 0.009086542349503455, 0.009447678365062741, 0.015189084190576786, 0.011490601229136333]</SD>
		<WAVELENGTH_UNIT>E-6m</WAVELENGTH_UNIT>
		<COLOR>#525fae</COLOR>
		<COVARIANCE_MATRIX>[[7.23889934772233e-06, 9.104397394862303e-06, 1.4175821701875676e-05, -1.3864713871481724e-06, -6.402373213177446e-06, -2.402423966655164e-06], [9.104397394862303e-06, 2.673555127183489e-05, 3.849572682954284e-05, -6.300319829915364e-06, -2.7121159685855173e-05, -1.3457108066609362e-05], [1.4175821701875676e-05, 3.849572682954284e-05, 6.664509153574153e-05, -1.944680934487987e-05, -5.8101650662106576e-05, -3.093775406318e-05], [-1.3864713871481724e-06, -6.300319829915364e-06, -1.944680934487987e-05, 9.071435735987657e-05, 0.00011180496029138745, 7.350505352336023e-05], [-6.402373213177446e-06, -2.7121159685855173e-05, -5.8101650662106576e-05, 0.00011180496029138745, 0.00024144251907880159, 0.00016522048792019526], [-2.402423966655164e-06, -1.3457108066609362e-05, -3.093775406318e-05, 7.350505352336023e-05, 0.00016522048792019526, 0.0001331195949621015]]</COVARIANCE_MATRIX>
		<ROI_SIZE>469</ROI_SIZE>
		<MAX_VALUE>[0.12499649822711945, 0.12373199313879013, 0.1269863098859787, 0.17465335130691528, 0.07436191290616989, 0.059245236217975616]</MAX_VALUE>
		<MIN_VALUE>[0.10690852999687195, 0.08596585690975189, 0.06910653412342072, 0.10591540485620499, 0.011472899466753006, 0.0023806856479495764]</MIN_VALUE>
		<SIGNATURE_THRESHOLD_MD>0</SIGNATURE_THRESHOLD_MD>
		<SIGNATURE_THRESHOLD_ML>0</SIGNATURE_THRESHOLD_ML>
		<SIGNATURE_THRESHOLD_SAM>0</SIGNATURE_THRESHOLD_SAM>
	</signature>
	<signature ID="20210215_123351604587_513">
		<MACROCLASSID>1</MACROCLASSID>
		<MACROCLASSINFO>waterbody</MACROCLASSINFO>
		<CLASSID>10</CLASSID>
		<CLASSINFO>C 1</CLASSINFO>
		<VALUES>[0.12101541809681658, 0.003574347281599336, 0.11299330732764165, 0.006128841781578617, 0.11360433742516025, 0.009940556757974365, 0.12936301067247424, 0.009312264217984555, 0.033845698173837056, 0.014833092400425414, 0.02284760325901995, 0.012477617666293767]</VALUES>
		<LCS_MIN>[0.10690852999687195, 0.08596585690975189, 0.06621253490447998, 0.10591540485620499, 0.009143676608800888, 0.0]</LCS_MIN>
		<LCS_MAX>[0.13157394528388977, 0.1271653026342392, 0.12988029420375824, 0.16380000114440918, 0.06970346719026566, 0.059245236217975616]</LCS_MAX>
		<WAVELENGTH>[0.485, 0.56, 0.66, 0.83, 1.65, 2.215]</WAVELENGTH>
		<MEAN_VALUE>[0.12101541809681658, 0.11299330732764165, 0.11360433742516025, 0.12936301067247424, 0.033845698173837056, 0.02284760325901995]</MEAN_VALUE>
		<CHECKBOX>2</CHECKBOX>
		<SD>[0.003574347281599336, 0.006128841781578617, 0.009940556757974365, 0.009312264217984555, 0.014833092400425414, 0.012477617666293767]</SD>
		<WAVELENGTH_UNIT>E-6m</WAVELENGTH_UNIT>
		<COLOR>#904d0c</COLOR>
		<COVARIANCE_MATRIX>[[1.2824169653587829e-05, 1.6738217254688958e-05, 2.688441104842933e-05, 8.057954180857568e-07, 2.049307123722207e-06, 1.1000837677866914e-05], [1.6738217254688958e-05, 3.7704447627335436e-05, 5.627022214700146e-05, -4.060901300171434e-06, -1.3743229057943207e-05, 9.795659680650572e-06], [2.688441104842933e-05, 5.627022214700146e-05, 9.918755420061746e-05, -1.8534413487565194e-05, -4.142448343340263e-05, 1.6801229569879003e-06], [8.057954180857568e-07, -4.060901300171434e-06, -1.8534413487565194e-05, 8.704550360089723e-05, 0.0001053655829211855, 7.452367489997955e-05], [2.049307123722207e-06, -1.3743229057943207e-05, -4.142448343340263e-05, 0.0001053655829211855, 0.000220850896688462, 0.00015932657531316204], [1.1000837677866914e-05, 9.795659680650572e-06, 1.6801229569879003e-06, 7.452367489997955e-05, 0.00015932657531316204, 0.00015627845561724837]]</COVARIANCE_MATRIX>
		<ROI_SIZE>266</ROI_SIZE>
		<MAX_VALUE>[0.13157394528388977, 0.1271653026342392, 0.12988029420375824, 0.16380000114440918, 0.06970346719026566, 0.059245236217975616]</MAX_VALUE>
		<MIN_VALUE>[0.10690852999687195, 0.08596585690975189, 0.06621253490447998, 0.10591540485620499, 0.009143676608800888, 0.0]</MIN_VALUE>
		<SIGNATURE_THRESHOLD_MD>0</SIGNATURE_THRESHOLD_MD>
		<SIGNATURE_THRESHOLD_ML>0</SIGNATURE_THRESHOLD_ML>
		<SIGNATURE_THRESHOLD_SAM>0</SIGNATURE_THRESHOLD_SAM>
	</signature>
	<signature ID="20210215_123400760368_741">
		<MACROCLASSID>1</MACROCLASSID>
		<MACROCLASSINFO>waterbody</MACROCLASSINFO>
		<CLASSID>11</CLASSID>
		<CLASSINFO>C 1</CLASSINFO>
		<VALUES>[0.12428106069564827, 0.0036210657348191857, 0.11709431684330894, 0.0067625835038833395, 0.11731937692353592, 0.010083507885737081, 0.13280126941308654, 0.010701915665147556, 0.03292626773186943, 0.0158980780218886, 0.020290963518384258, 0.012151610241805642]</VALUES>
		<LCS_MIN>[0.11348597705364227, 0.09283243119716644, 0.0748945027589798, 0.11315097659826279, 0.011472899466753006, 0.0023806856479495764]</LCS_MIN>
		<LCS_MAX>[0.13321831822395325, 0.1271653026342392, 0.13277427852153778, 0.17103558778762817, 0.07203269749879837, 0.05590026080608368]</LCS_MAX>
		<WAVELENGTH>[0.485, 0.56, 0.66, 0.83, 1.65, 2.215]</WAVELENGTH>
		<MEAN_VALUE>[0.12428106069564827, 0.11709431684330894, 0.11731937692353592, 0.13280126941308654, 0.03292626773186943, 0.020290963518384258]</MEAN_VALUE>
		<CHECKBOX>2</CHECKBOX>
		<SD>[0.0036210657348191857, 0.0067625835038833395, 0.010083507885737081, 0.010701915665147556, 0.0158980780218886, 0.012151610241805642]</SD>
		<WAVELENGTH_UNIT>E-6m</WAVELENGTH_UNIT>
		<COLOR>#8863af</COLOR>
		<COVARIANCE_MATRIX>[[1.3887982809185945e-05, 2.028787672548923e-05, 2.9285679344241504e-05, -9.638675841994327e-06, -1.1016463417453035e-05, 2.1100265985645126e-06], [2.028787672548923e-05, 4.522989676842267e-05, 6.320040411427593e-05, -2.1594623340344826e-05, -3.458603381466931e-05, -7.1497416857789965e-06], [2.9285679344241504e-05, 6.320040411427593e-05, 0.00010064357999495722, -4.266654265939579e-05, -7.120939090662757e-05, -2.5224648505249536e-05], [-9.638675841994327e-06, -2.1594623340344826e-05, -4.266654265939579e-05, 0.0001300145900710038, 0.00013512925873492075, 8.011909638155043e-05], [-1.1016463417453035e-05, -3.458603381466931e-05, -7.120939090662757e-05, 0.00013512925873492075, 0.0002646882601963493, 0.00017566386362780683], [2.1100265985645126e-06, -7.1497416857789965e-06, -2.5224648505249536e-05, 8.011909638155043e-05, 0.00017566386362780683, 0.0001447938169057844]]</COVARIANCE_MATRIX>
		<ROI_SIZE>392</ROI_SIZE>
		<MAX_VALUE>[0.13321831822395325, 0.1271653026342392, 0.13277427852153778, 0.17103558778762817, 0.07203269749879837, 0.05590026080608368]</MAX_VALUE>
		<MIN_VALUE>[0.11348597705364227, 0.09283243119716644, 0.0748945027589798, 0.11315097659826279, 0.011472899466753006, 0.0023806856479495764]</MIN_VALUE>
		<SIGNATURE_THRESHOLD_MD>0</SIGNATURE_THRESHOLD_MD>
		<SIGNATURE_THRESHOLD_ML>0</SIGNATURE_THRESHOLD_ML>
		<SIGNATURE_THRESHOLD_SAM>0</SIGNATURE_THRESHOLD_SAM>
	</signature>
	<signature ID="20210215_123417151793_871">
		<MACROCLASSID>1</MACROCLASSID>
		<MACROCLASSINFO>waterbody</MACROCLASSINFO>
		<CLASSID>12</CLASSID>
		<CLASSINFO>C 1</CLASSINFO>
		<VALUES>[0.1280978933165344, 0.0038540379468372243, 0.1236016245771058, 0.005869419106968407, 0.10877982574173167, 0.007469675585341648, 0.11708932615156417, 0.017546747971207442, 0.0475316295942551, 0.01847039342602127, 0.02956388585410917, 0.013148906734087824]</VALUES>
		<LCS_MIN>[0.11841905117034912, 0.10999885946512222, 0.0893644466996193, 0.09144425392150879, 0.016131343320012093, 0.009070632047951221]</LCS_MIN>
		<LCS_MAX>[0.1365070343017578, 0.13403184711933136, 0.12119834125041962, 0.15294663608074188, 0.09299569576978683, 0.06928014755249023]</LCS_MAX>
		<WAVELENGTH>[0.485, 0.56, 0.66, 0.83, 1.65, 2.215]</WAVELENGTH>
		<MEAN_VALUE>[0.1280978933165344, 0.1236016245771058, 0.10877982574173167, 0.11708932615156417, 0.0475316295942551, 0.02956388585410917]</MEAN_VALUE>
		<CHECKBOX>2</CHECKBOX>
		<SD>[0.0038540379468372243, 0.005869419106968407, 0.007469675585341648, 0.017546747971207442, 0.01847039342602127, 0.013148906734087824]</SD>
		<WAVELENGTH_UNIT>E-6m</WAVELENGTH_UNIT>
		<COLOR>#49a155</COLOR>
		<COVARIANCE_MATRIX>[[1.5044039373810687e-05, 1.589863310060775e-05, 2.21697276987388e-05, -2.907376858914392e-05, -9.608140642150205e-06, 6.4974093820986685e-06], [1.589863310060775e-05, 3.489174835392843e-05, 4.014183540388483e-05, -5.9036533509400654e-05, -3.799106689555516e-05, -5.391756080947828e-06], [2.21697276987388e-05, 4.014183540388483e-05, 5.651138736756001e-05, -6.012934501445973e-05, -2.799453461014727e-05, 7.43541907794563e-06], [-2.907376858914392e-05, -5.9036533509400654e-05, -6.012934501445973e-05, 0.00031183565108770155, 0.0002731776831152296, 0.00014647564092008794], [-9.608140642150205e-06, -3.799106689555516e-05, -2.799453461014727e-05, 0.0002731776831152296, 0.0003455292209185739, 0.00021367732317695336], [6.4974093820986685e-06, -5.391756080947828e-06, 7.43541907794563e-06, 0.00014647564092008794, 0.00021367732317695336, 0.00017511033481842922]]</COVARIANCE_MATRIX>
		<ROI_SIZE>79</ROI_SIZE>
		<MAX_VALUE>[0.1365070343017578, 0.13403184711933136, 0.12119834125041962, 0.15294663608074188, 0.09299569576978683, 0.06928014755249023]</MAX_VALUE>
		<MIN_VALUE>[0.11841905117034912, 0.10999885946512222, 0.0893644466996193, 0.09144425392150879, 0.016131343320012093, 0.009070632047951221]</MIN_VALUE>
		<SIGNATURE_THRESHOLD_MD>0</SIGNATURE_THRESHOLD_MD>
		<SIGNATURE_THRESHOLD_ML>0</SIGNATURE_THRESHOLD_ML>
		<SIGNATURE_THRESHOLD_SAM>0</SIGNATURE_THRESHOLD_SAM>
	</signature>
	<signature ID="20210215_123428350471_434">
		<MACROCLASSID>1</MACROCLASSID>
		<MACROCLASSINFO>waterbody</MACROCLASSINFO>
		<CLASSID>13</CLASSID>
		<CLASSINFO>C 1</CLASSINFO>
		<VALUES>[0.1274779932065444, 0.00495667551122772, 0.12086052813313226, 0.007371244371554204, 0.1044658148830587, 0.01008097924413698, 0.10966474495150826, 0.016912222830692426, 0.04433611594140528, 0.018568411951825063, 0.0281065709380941, 0.016071989110267356]</VALUES>
		<LCS_MIN>[0.11841905117034912, 0.09969901293516159, 0.07778849452733994, 0.08059089630842209, 0.016131343320012093, 0.009070632047951221]</LCS_MIN>
		<LCS_MAX>[0.14308448135852814, 0.13403184711933136, 0.13277427852153778, 0.1420932561159134, 0.08600803464651108, 0.06928014755249023]</LCS_MAX>
		<WAVELENGTH>[0.485, 0.56, 0.66, 0.83, 1.65, 2.215]</WAVELENGTH>
		<MEAN_VALUE>[0.1274779932065444, 0.12086052813313226, 0.1044658148830587, 0.10966474495150826, 0.04433611594140528, 0.0281065709380941]</MEAN_VALUE>
		<CHECKBOX>2</CHECKBOX>
		<SD>[0.00495667551122772, 0.007371244371554204, 0.01008097924413698, 0.016912222830692426, 0.018568411951825063, 0.016071989110267356]</SD>
		<WAVELENGTH_UNIT>E-6m</WAVELENGTH_UNIT>
		<COLOR>#1bc381</COLOR>
		<COVARIANCE_MATRIX>[[2.5023606792560152e-05, 3.151250059034933e-05, 4.5903661343069085e-05, -9.035586401394262e-06, 4.255264880808261e-05, 4.763448822905766e-05], [3.151250059034933e-05, 5.534145179970944e-05, 7.047789273045336e-05, -4.032810512061233e-05, 3.524827925026441e-05, 5.056938002422638e-05], [4.5903661343069085e-05, 7.047789273045336e-05, 0.00010350810812295621, -3.866784040292812e-05, 6.849238023011976e-05, 8.63536568056302e-05], [-9.035586401394262e-06, -4.032810512061233e-05, -3.866784040292812e-05, 0.0002913200085023087, 0.0001934663965748709, 0.0001285478403291065], [4.255264880808261e-05, 3.524827925026441e-05, 6.849238023011976e-05, 0.0001934663965748709, 0.0003511708469018035, 0.0002881086999576038], [4.763448822905766e-05, 5.056938002422638e-05, 8.63536568056302e-05, 0.0001285478403291065, 0.0002881086999576038, 0.0002630923308857477]]</COVARIANCE_MATRIX>
		<ROI_SIZE>55</ROI_SIZE>
		<MAX_VALUE>[0.14308448135852814, 0.13403184711933136, 0.13277427852153778, 0.1420932561159134, 0.08600803464651108, 0.06928014755249023]</MAX_VALUE>
		<MIN_VALUE>[0.11841905117034912, 0.09969901293516159, 0.07778849452733994, 0.08059089630842209, 0.016131343320012093, 0.009070632047951221]</MIN_VALUE>
		<SIGNATURE_THRESHOLD_MD>0</SIGNATURE_THRESHOLD_MD>
		<SIGNATURE_THRESHOLD_ML>0</SIGNATURE_THRESHOLD_ML>
		<SIGNATURE_THRESHOLD_SAM>0</SIGNATURE_THRESHOLD_SAM>
	</signature>
	<signature ID="20210215_123440698540_702">
		<MACROCLASSID>1</MACROCLASSID>
		<MACROCLASSINFO>waterbody</MACROCLASSINFO>
		<CLASSID>14</CLASSID>
		<CLASSINFO>C 1</CLASSINFO>
		<VALUES>[0.12357801501895045, 0.004400762929753993, 0.11941210164146109, 0.00833578177169821, 0.1029916448252542, 0.009758899001142681, 0.11641095967574439, 0.02071713367120206, 0.04199595788268598, 0.017980032901452846, 0.023590021536450134, 0.012756278863236504]</VALUES>
		<LCS_MIN>[0.10855289548635483, 0.08939914405345917, 0.06910653412342072, 0.08420867472887039, 0.016131343320012093, 0.0057256584987044334]</LCS_MIN>
		<LCS_MAX>[0.13486267626285553, 0.13403184711933136, 0.12119834125041962, 0.16018220782279968, 0.09765415638685226, 0.07262512296438217]</LCS_MAX>
		<WAVELENGTH>[0.485, 0.56, 0.66, 0.83, 1.65, 2.215]</WAVELENGTH>
		<MEAN_VALUE>[0.12357801501895045, 0.11941210164146109, 0.1029916448252542, 0.11641095967574439, 0.04199595788268598, 0.023590021536450134]</MEAN_VALUE>
		<CHECKBOX>2</CHECKBOX>
		<SD>[0.004400762929753993, 0.00833578177169821, 0.009758899001142681, 0.02071713367120206, 0.017980032901452846, 0.012756278863236504]</SD>
		<WAVELENGTH_UNIT>E-6m</WAVELENGTH_UNIT>
		<COLOR>#443f86</COLOR>
		<COVARIANCE_MATRIX>[[1.9473712785796964e-05, 3.108040908058491e-05, 3.7078392691122404e-05, -3.9227802892271144e-05, -1.9544216736320326e-05, -1.8694064506927183e-06], [3.108040908058491e-05, 6.986915419700798e-05, 7.626555125121686e-05, -7.621686345149354e-05, -4.4185845329707544e-05, -1.1102864914065068e-05], [3.7078392691122404e-05, 7.626555125121686e-05, 9.576227606651749e-05, -9.904357157848479e-05, -4.9995723773931e-05, -9.089056505225761e-06], [-3.9227802892271144e-05, -7.621686345149354e-05, -9.904357157848479e-05, 0.00043157089621095326, 0.00030535502381922875, 0.00017056500997279594], [-1.9544216736320326e-05, -4.4185845329707544e-05, -4.9995723773931e-05, 0.00030535502381922875, 0.00032506766923200836, 0.00020608027029086663], [-1.8694064506927183e-06, -1.1102864914065068e-05, -9.089056505225761e-06, 0.00017056500997279594, 0.00020608027029086663, 0.00016362167060481278]]</COVARIANCE_MATRIX>
		<ROI_SIZE>182</ROI_SIZE>
		<MAX_VALUE>[0.13486267626285553, 0.13403184711933136, 0.12119834125041962, 0.16018220782279968, 0.09765415638685226, 0.07262512296438217]</MAX_VALUE>
		<MIN_VALUE>[0.10855289548635483, 0.08939914405345917, 0.06910653412342072, 0.08420867472887039, 0.016131343320012093, 0.0057256584987044334]</MIN_VALUE>
		<SIGNATURE_THRESHOLD_MD>0</SIGNATURE_THRESHOLD_MD>
		<SIGNATURE_THRESHOLD_ML>0</SIGNATURE_THRESHOLD_ML>
		<SIGNATURE_THRESHOLD_SAM>0</SIGNATURE_THRESHOLD_SAM>
	</signature>
	<signature ID="20210215_123448391362_853">
		<MACROCLASSID>1</MACROCLASSID>
		<MACROCLASSINFO>waterbody</MACROCLASSINFO>
		<CLASSID>15</CLASSID>
		<CLASSINFO>C 1</CLASSINFO>
		<VALUES>[0.13091281321398987, 0.003182408994791055, 0.13072244796095434, 0.0059708246368085525, 0.11587280207841669, 0.006531076574800089, 0.0989595543324333, 0.012814101355850607, 0.03446497058630299, 0.014285831153587144, 0.022381556815630983, 0.011572179773714686]</VALUES>
		<LCS_MIN>[0.11513034254312515, 0.09626571834087372, 0.0748945027589798, 0.08059089630842209, 0.013802122324705124, 0.0057256584987044334]</LCS_MIN>
		<LCS_MAX>[0.13979575037956238, 0.1408984214067459, 0.12988029420375824, 0.13485769927501678, 0.06504502147436142, 0.059245236217975616]</LCS_MAX>
		<WAVELENGTH>[0.485, 0.56, 0.66, 0.83, 1.65, 2.215]</WAVELENGTH>
		<MEAN_VALUE>[0.13091281321398987, 0.13072244796095434, 0.11587280207841669, 0.0989595543324333, 0.03446497058630299, 0.022381556815630983]</MEAN_VALUE>
		<CHECKBOX>2</CHECKBOX>
		<SD>[0.003182408994791055, 0.0059708246368085525, 0.006531076574800089, 0.012814101355850607, 0.014285831153587144, 0.011572179773714686]</SD>
		<WAVELENGTH_UNIT>E-6m</WAVELENGTH_UNIT>
		<COLOR>#1c010e</COLOR>
		<COVARIANCE_MATRIX>[[1.0180202279609533e-05, 1.1548954848166386e-05, 1.5150723811710101e-05, -2.434108667925097e-06, 1.725487804611161e-06, 5.283515746085547e-06], [1.1548954848166386e-05, 3.5835465739082424e-05, 3.3559688539049135e-05, -2.506966015415524e-05, -2.1384312109069787e-05, -1.1713656042949633e-05], [1.5150723811710101e-05, 3.3559688539049135e-05, 4.287597138769476e-05, -2.0689987810145348e-05, -8.801589114337732e-06, 3.204682911911502e-08], [-2.434108667925097e-06, -2.506966015415524e-05, -2.0689987810145348e-05, 0.00016505197694432323, 0.00015464541810496425, 0.00010974711851967426], [1.725487804611161e-06, -2.1384312109069787e-05, -8.801589114337732e-06, 0.00015464541810496425, 0.00020514240683558224, 0.00014639700871837088], [5.283515746085547e-06, -1.1713656042949633e-05, 3.204682911911502e-08, 0.00010974711851967426, 0.00014639700871837088, 0.0001346092066048872]]</COVARIANCE_MATRIX>
		<ROI_SIZE>194</ROI_SIZE>
		<MAX_VALUE>[0.13979575037956238, 0.1408984214067459, 0.12988029420375824, 0.13485769927501678, 0.06504502147436142, 0.059245236217975616]</MAX_VALUE>
		<MIN_VALUE>[0.11513034254312515, 0.09626571834087372, 0.0748945027589798, 0.08059089630842209, 0.013802122324705124, 0.0057256584987044334]</MIN_VALUE>
		<SIGNATURE_THRESHOLD_MD>0</SIGNATURE_THRESHOLD_MD>
		<SIGNATURE_THRESHOLD_ML>0</SIGNATURE_THRESHOLD_ML>
		<SIGNATURE_THRESHOLD_SAM>0</SIGNATURE_THRESHOLD_SAM>
	</signature>
	<signature ID="20210215_123503811477_910">
		<MACROCLASSID>1</MACROCLASSID>
		<MACROCLASSINFO>waterbody</MACROCLASSINFO>
		<CLASSID>16</CLASSID>
		<CLASSINFO>C 1</CLASSINFO>
		<VALUES>[0.12073965022373488, 0.003251830319999846, 0.10960271410070938, 0.005054234827092237, 0.09391093132852099, 0.006407269867983459, 0.10437409705399751, 0.016021278907362928, 0.03370388485381058, 0.01772518068343215, 0.01869275746315983, 0.012438107650962893]</VALUES>
		<LCS_MIN>[0.11019724607467651, 0.09283243119716644, 0.07200052589178085, 0.08059089630842209, 0.004485230427235365, 0.0]</LCS_MIN>
