<?xml version="1.0" ?>
<signaturelist MCID_LIST="[['1', 'waterbody', '#0000ff'], ['2', 'vegetation', '#00ff00'], ['3', 'bareland', '#ffaa00'], ['4', 'built-up', '#ff0000']]">
	<signature ID="20210204_152320108873_663">
		<MACROCLASSID>1</MACROCLASSID>
		<MACROCLASSINFO>waterbody</MACROCLASSINFO>
		<CLASSID>1</CLASSID>
		<CLASSINFO>C 1</CLASSINFO>
		<VALUES>[0.11299311436319923, 0.003482638220683443, 0.10999131109185231, 0.0041281891275691245, 0.0757333841350092, 0.004068911459915443, 0.053684096926247565, 0.006987814742225053, 0.010229016431737417, 0.0029441998774237537, 0.00589836159790126, 0.003057074485262347]</VALUES>
		<LCS_MIN>[0.1020045131444931, 0.08345848321914673, 0.06365758925676346, 0.043315790593624115, 0.0, 0.0]</LCS_MIN>
		<LCS_MAX>[0.12383771687746048, 0.12363181263208389, 0.083888478577137, 0.07703672349452972, 0.03507757559418678, 0.018362795934081078]</LCS_MAX>
		<WAVELENGTH>[0.485, 0.56, 0.66, 0.83, 1.65, 2.215]</WAVELENGTH>
		<MEAN_VALUE>[0.11299311436319923, 0.10999131109185231, 0.0757333841350092, 0.053684096926247565, 0.010229016431737417, 0.00589836159790126]</MEAN_VALUE>
		<CHECKBOX>2</CHECKBOX>
		<SD>[0.003482638220683443, 0.0041281891275691245, 0.004068911459915443, 0.006987814742225053, 0.0029441998774237537, 0.003057074485262347]</SD>
		<WAVELENGTH_UNIT>E-6m</WAVELENGTH_UNIT>
		<COLOR>#f0fe76</COLOR>
		<COVARIANCE_MATRIX>[[1.2181324976811028e-05, 8.23330271331536e-06, 1.0301366677371013e-05, -6.6300225119858516e-06, -7.055027122091044e-07, -8.929849750289661e-09], [8.23330271331536e-06, 1.6097480343580356e-05, 9.1774804979572e-06, -4.848484797165024e-06, -7.173058116749782e-07, -1.7394088453084009e-07], [1.0301366677371013e-05, 9.1774804979572e-06, 1.688166844037592e-05, -1.1497730099921792e-05, -2.0028249766677958e-06, -5.726339143275879e-07], [-6.6300225119858516e-06, -4.848484797165024e-06, -1.1497730099921792e-05, 4.708813960125743e-05, 1.1373985016355353e-05, 4.311148343487567e-06], [-7.055027122091044e-07, -7.173058116749782e-07, -2.0028249766677958e-06, 1.1373985016355353e-05, 8.24063880609188e-06, 1.3557837074757493e-06], [-8.929849750289661e-09, -1.7394088453084009e-07, -5.726339143275879e-07, 4.311148343487567e-06, 1.3557837074757493e-06, 9.087756032280859e-06]]</COVARIANCE_MATRIX>
		<ROI_SIZE>9718</ROI_SIZE>
		<MAX_VALUE>[0.12383771687746048, 0.12363181263208389, 0.083888478577137, 0.07703672349452972, 0.03507757559418678, 0.018362795934081078]</MAX_VALUE>
		<MIN_VALUE>[0.1020045131444931, 0.08345848321914673, 0.06365758925676346, 0.043315790593624115, 0.0, 0.0]</MIN_VALUE>
		<SIGNATURE_THRESHOLD_MD>0</SIGNATURE_THRESHOLD_MD>
		<SIGNATURE_THRESHOLD_ML>0</SIGNATURE_THRESHOLD_ML>
		<SIGNATURE_THRESHOLD_SAM>0</SIGNATURE_THRESHOLD_SAM>
	</signature>
	<signature ID="20210204_160400025417_548">
		<MACROCLASSID>1</MACROCLASSID>
		<MACROCLASSINFO>waterbody</MACROCLASSINFO>
		<CLASSID>2</CLASSID>
		<CLASSINFO>C 1</CLASSINFO>
		<VALUES>[0.11268083679550056, 0.002266408182844709, 0.11424822867152862, 0.003192378420195187, 0.08147341767264488, 0.0023260457057792828, 0.05365925452707633, 0.005625715410848359, 0.011122345920932655, 0.0038823465047097346, 0.006981612005501075, 0.0034801050173136625]</VALUES>
		<LCS_MIN>[0.10536346584558487, 0.10171909630298615, 0.07377301901578903, 0.043315790593624115, 0.0, 0.0]</LCS_MIN>
		<LCS_MAX>[0.12047876417636871, 0.12363181263208389, 0.09737572818994522, 0.0812518373131752, 0.04050518199801445, 0.03784909471869469]</LCS_MAX>
		<WAVELENGTH>[0.485, 0.56, 0.66, 0.83, 1.65, 2.215]</WAVELENGTH>
		<MEAN_VALUE>[0.11268083679550056, 0.11424822867152862, 0.08147341767264488, 0.05365925452707633, 0.011122345920932655, 0.006981612005501075]</MEAN_VALUE>
		<CHECKBOX>2</CHECKBOX>
		<SD>[0.002266408182844709, 0.003192378420195187, 0.0023260457057792828, 0.005625715410848359, 0.0038823465047097346, 0.0034801050173136625]</SD>
		<WAVELENGTH_UNIT>E-6m</WAVELENGTH_UNIT>
		<COLOR>#9ce505</COLOR>
		<COVARIANCE_MATRIX>[[5.184077309085197e-06, 1.582238786671982e-06, 9.81374600920372e-07, 9.834792578247952e-07, 1.200390723428763e-06, 8.100881196040841e-07], [1.582238786671982e-06, 9.338234224010866e-06, 6.949704123407009e-07, -2.6074588928079593e-06, -7.896456173112528e-07, -3.3135293089331234e-07], [9.81374600920372e-07, 6.949704123407009e-07, 5.088674146239927e-06, 1.1967653758067993e-06, 1.6638688029995029e-06, 1.1465169793569293e-06], [9.834792578247952e-07, -2.6074588928079593e-06, 1.1967653758067993e-06, 2.4350829161050982e-05, 1.027996481085496e-05, 5.427806779966001e-06], [1.200390723428763e-06, -7.896456173112528e-07, 1.6638688029995029e-06, 1.027996481085496e-05, 1.2648228876607332e-05, 4.501887438773811e-06], [8.100881196040841e-07, -3.3135293089331234e-07, 1.1465169793569293e-06, 5.427806779966001e-06, 4.501887438773811e-06, 1.128354921964521e-05]]</COVARIANCE_MATRIX>
		<ROI_SIZE>6875</ROI_SIZE>
		<MAX_VALUE>[0.12047876417636871, 0.12363181263208389, 0.09737572818994522, 0.0812518373131752, 0.04050518199801445, 0.03784909471869469]</MAX_VALUE>
		<MIN_VALUE>[0.10536346584558487, 0.10171909630298615, 0.07377301901578903, 0.043315790593624115, 0.0, 0.0]</MIN_VALUE>
		<SIGNATURE_THRESHOLD_MD>0</SIGNATURE_THRESHOLD_MD>
		<SIGNATURE_THRESHOLD_ML>0</SIGNATURE_THRESHOLD_ML>
		<SIGNATURE_THRESHOLD_SAM>0</SIGNATURE_THRESHOLD_SAM>
	</signature>
	<signature ID="20210204_160423716193_848">
		<MACROCLASSID>1</MACROCLASSID>
		<MACROCLASSINFO>waterbody</MACROCLASSINFO>
		<CLASSID>3</CLASSID>
		<CLASSINFO>C 1</CLASSINFO>
		<VALUES>[0.09473531717559876, 0.0018130075982045748, 0.06781409593249492, 0.00223978336795471, 0.04634274414438812, 0.002671736010821546, 0.036350784738036525, 0.002778543297430176, 0.008884647080101971, 0.0028237770490953103, 0.005252057059007782, 0.0031750189633851615]</VALUES>
		<LCS_MIN>[0.08688921481370926, 0.06154577434062958, 0.03668307512998581, 0.030670439824461937, 0.0, 0.0]</LCS_MIN>
		<LCS_MAX>[0.1020045131444931, 0.07615425437688828, 0.056913960725069046, 0.0643913745880127, 0.037791378796100616, 0.02615731582045555]</LCS_MAX>
		<WAVELENGTH>[0.485, 0.56, 0.66, 0.83, 1.65, 2.215]</WAVELENGTH>
		<MEAN_VALUE>[0.09473531717559876, 0.06781409593249492, 0.04634274414438812, 0.036350784738036525, 0.008884647080101971, 0.005252057059007782]</MEAN_VALUE>
		<CHECKBOX>2</CHECKBOX>
		<SD>[0.0018130075982045748, 0.00223978336795471, 0.002671736010821546, 0.002778543297430176, 0.0028237770490953103, 0.0031750189633851615]</SD>
		<WAVELENGTH_UNIT>E-6m</WAVELENGTH_UNIT>
		<COLOR>#aa6af1</COLOR>
		<COVARIANCE_MATRIX>[[3.106813624274639e-06, 6.443375104907003e-07, 5.957538524042356e-07, 2.0090192320186256e-07, 5.609015851676067e-08, 1.3398833893209594e-07], [6.443375104907003e-07, 4.836580037380006e-06, 7.976503277765151e-07, 9.30784565657644e-07, 4.996716127881345e-07, 4.011481954577907e-07], [5.957538524042356e-07, 7.976503277765151e-07, 6.957617275890813e-06, 1.9383304204399552e-06, 1.5300221008631127e-06, 8.511835065092998e-07], [2.0090192320186256e-07, 9.30784565657644e-07, 1.9383304204399552e-06, 7.699847071256358e-06, 3.4675878171964e-06, 2.3403037485955996e-06], [5.609015851676067e-08, 4.996716127881345e-07, 1.5300221008631127e-06, 3.4675878171964e-06, 7.667517695453263e-06, 2.465740299199433e-06], [1.3398833893209594e-07, 4.011481954577907e-07, 8.511835065092998e-07, 2.3403037485955996e-06, 2.465740299199433e-06, 9.964939224947982e-06]]</COVARIANCE_MATRIX>
		<ROI_SIZE>8753</ROI_SIZE>
		<MAX_VALUE>[0.1020045131444931, 0.07615425437688828, 0.056913960725069046, 0.0643913745880127, 0.037791378796100616, 0.02615731582045555]</MAX_VALUE>
		<MIN_VALUE>[0.08688921481370926, 0.06154577434062958, 0.03668307512998581, 0.030670439824461937, 0.0, 0.0]</MIN_VALUE>
		<SIGNATURE_THRESHOLD_MD>0</SIGNATURE_THRESHOLD_MD>
		<SIGNATURE_THRESHOLD_ML>0</SIGNATURE_THRESHOLD_ML>
		<SIGNATURE_THRESHOLD_SAM>0</SIGNATURE_THRESHOLD_SAM>
	</signature>
	<signature ID="20210204_160428371943_625">
		<MACROCLASSID>1</MACROCLASSID>
		<MACROCLASSINFO>waterbody</MACROCLASSINFO>
		<CLASSID>4</CLASSID>
		<CLASSINFO>C 1</CLASSINFO>
		<VALUES>[0.1015071727033031, 0.0024281985850605962, 0.09070545225318284, 0.003756310948682681, 0.06490180024540392, 0.003948358771947423, 0.051866569078606414, 0.00611058559427897, 0.015420056375626816, 0.006334305120607878, 0.008618383694567267, 0.0050502204782850064]</VALUES>
		<LCS_MIN>[0.09528660029172897, 0.07615425437688828, 0.056913960725069046, 0.043315790593624115, 0.005225783679634333, 0.0]</LCS_MIN>
		<LCS_MAX>[0.10872241854667664, 0.10537121444940567, 0.08726028352975845, 0.07282162457704544, 0.04321897402405739, 0.030054574832320213]</LCS_MAX>
		<WAVELENGTH>[0.485, 0.56, 0.66, 0.83, 1.65, 2.215]</WAVELENGTH>
		<MEAN_VALUE>[0.1015071727033031, 0.09070545225318284, 0.06490180024540392, 0.051866569078606414, 0.015420056375626816, 0.008618383694567267]</MEAN_VALUE>
		<CHECKBOX>2</CHECKBOX>
		<SD>[0.0024281985850605962, 0.003756310948682681, 0.003948358771947423, 0.00611058559427897, 0.006334305120607878, 0.0050502204782850064]</SD>
		<WAVELENGTH_UNIT>E-6m</WAVELENGTH_UNIT>
		<COLOR>#660773</COLOR>
		<COVARIANCE_MATRIX>[[5.9015926421453345e-06, 4.570312858231625e-06, 3.4795646305566217e-06, 1.739925617627887e-06, 2.1834466381619655e-06, 1.4784797029375668e-06], [4.570312858231625e-06, 1.4122900449142732e-05, 6.92774902124934e-06, 1.3004158060110174e-06, 2.9638167767891825e-06, 1.8123418080233627e-06], [3.4795646305566217e-06, 6.92774902124934e-06, 1.5603931763013143e-05, 1.3432553954136168e-05, 1.2803980780853709e-05, 8.458350738258716e-06], [1.739925617627887e-06, 1.3004158060110174e-06, 1.3432553954136168e-05, 3.737373391932627e-05, 2.8545181001427454e-05, 2.0531858001713335e-05], [2.1834466381619655e-06, 2.9638167767891825e-06, 1.2803980780853709e-05, 2.8545181001427454e-05, 4.016046976480132e-05, 2.3307623092744917e-05], [1.4784797029375668e-06, 1.8123418080233627e-06, 8.458350738258716e-06, 2.0531858001713335e-05, 2.3307623092744917e-05, 2.5528276950276606e-05]]</COVARIANCE_MATRIX>
		<ROI_SIZE>1084</ROI_SIZE>
		<MAX_VALUE>[0.10872241854667664, 0.10537121444940567, 0.08726028352975845, 0.07282162457704544, 0.04321897402405739, 0.030054574832320213]</MAX_VALUE>
		<MIN_VALUE>[0.09528660029172897, 0.07615425437688828, 0.056913960725069046, 0.043315790593624115, 0.005225783679634333, 0.0]</MIN_VALUE>
		<SIGNATURE_THRESHOLD_MD>0</SIGNATURE_THRESHOLD_MD>
		<SIGNATURE_THRESHOLD_ML>0</SIGNATURE_THRESHOLD_ML>
		<SIGNATURE_THRESHOLD_SAM>0</SIGNATURE_THRESHOLD_SAM>
	</signature>
	<signature ID="20210204_160434758703_714">
		<MACROCLASSID>1</MACROCLASSID>
		<MACROCLASSINFO>waterbody</MACROCLASSINFO>
		<CLASSID>5</CLASSID>
		<CLASSINFO>C 1</CLASSINFO>
		<VALUES>[0.10306195795652226, 0.002516355470754967, 0.09148176004256876, 0.003237432447208793, 0.06294116001670588, 0.0030137846988686433, 0.047539125002383255, 0.006995549778197504, 0.016028081153140025, 0.006685975574018502, 0.008784419421259074, 0.00526113504045144]</VALUES>
		<LCS_MIN>[0.09528660029172897, 0.07250212132930756, 0.05017033591866493, 0.030670439824461937, 0.005225783679634333, 0.0]</LCS_MIN>
		<LCS_MAX>[0.11040189862251282, 0.09806697070598602, 0.07377301901578903, 0.07282162457704544, 0.045932769775390625, 0.033951833844184875]</LCS_MAX>
		<WAVELENGTH>[0.485, 0.56, 0.66, 0.83, 1.65, 2.215]</WAVELENGTH>
		<MEAN_VALUE>[0.10306195795652226, 0.09148176004256876, 0.06294116001670588, 0.047539125002383255, 0.016028081153140025, 0.008784419421259074]</MEAN_VALUE>
		<CHECKBOX>2</CHECKBOX>
		<SD>[0.002516355470754967, 0.003237432447208793, 0.0030137846988686433, 0.006995549778197504, 0.006685975574018502, 0.00526113504045144]</SD>
		<WAVELENGTH_UNIT>E-6m</WAVELENGTH_UNIT>
		<COLOR>#0eeaf0</COLOR>
		<COVARIANCE_MATRIX>[[6.344412130306241e-06, 4.2577051636658595e-06, 3.236579375011296e-06, -3.645089105781048e-06, -4.4483046323480155e-06, -2.426563255148941e-06], [4.2577051636658595e-06, 1.0501439492526019e-05, 4.2440942420758194e-06, -5.838846199656257e-06, -6.117621721926592e-06, -2.5030650883983433e-06], [3.236579375011296e-06, 4.2440942420758194e-06, 9.100638246703451e-06, 4.502852069534675e-06, 3.0181270012745627e-06, 3.580719605233941e-06], [-3.645089105781048e-06, -5.838846199656257e-06, 4.502852069534675e-06, 4.903329817716734e-05, 3.4205683422140706e-05, 2.2192792936448107e-05], [-4.4483046323480155e-06, -6.117621721926592e-06, 3.0181270012745627e-06, 3.4205683422140706e-05, 4.478957849624775e-05, 2.3707147585347774e-05], [-2.426563255148941e-06, -2.5030650883983433e-06, 3.580719605233941e-06, 2.2192792936448107e-05, 2.3707147585347774e-05, 2.7733603519166476e-05]]</COVARIANCE_MATRIX>
		<ROI_SIZE>513</ROI_SIZE>
		<MAX_VALUE>[0.11040189862251282, 0.09806697070598602, 0.07377301901578903, 0.07282162457704544, 0.045932769775390625, 0.033951833844184875]</MAX_VALUE>
		<MIN_VALUE>[0.09528660029172897, 0.07250212132930756, 0.05017033591866493, 0.030670439824461937, 0.005225783679634333, 0.0]</MIN_VALUE>
		<SIGNATURE_THRESHOLD_MD>0</SIGNATURE_THRESHOLD_MD>
		<SIGNATURE_THRESHOLD_ML>0</SIGNATURE_THRESHOLD_ML>
		<SIGNATURE_THRESHOLD_SAM>0</SIGNATURE_THRESHOLD_SAM>
	</signature>
	<signature ID="20210204_160438294949_798">
		<MACROCLASSID>1</MACROCLASSID>
		<MACROCLASSINFO>waterbody</MACROCLASSINFO>
		<CLASSID>6</CLASSID>
		<CLASSINFO>C 1</CLASSINFO>
		<VALUES>[0.11238888199900236, 0.0029739014593171595, 0.11617325802504178, 0.0053589729097615465, 0.09001472749760449, 0.003767035322278612, 0.06480695427933213, 0.010304384411192491, 0.02502505291043453, 0.008550235211202795, 0.01534379286114389, 0.006897504774119633]</VALUES>
		<LCS_MIN>[0.10536346584558487, 0.09806697070598602, 0.07714483886957169, 0.04753090813755989, 0.013367182575166225, 0.0027737589552998543]</LCS_MIN>
		<LCS_MAX>[0.12047876417636871, 0.12363181263208389, 0.09400391578674316, 0.09389719367027283, 0.04864657670259476, 0.033951833844184875]</LCS_MAX>
		<WAVELENGTH>[0.485, 0.56, 0.66, 0.83, 1.65, 2.215]</WAVELENGTH>
		<MEAN_VALUE>[0.11238888199900236, 0.11617325802504178, 0.09001472749760449, 0.06480695427933213, 0.02502505291043453, 0.01534379286114389]</MEAN_VALUE>
		<CHECKBOX>2</CHECKBOX>
		<SD>[0.0029739014593171595, 0.0053589729097615465, 0.003767035322278612, 0.010304384411192491, 0.008550235211202795, 0.006897504774119633]</SD>
		<WAVELENGTH_UNIT>E-6m</WAVELENGTH_UNIT>
		<COLOR>#6e5eae</COLOR>
		<COVARIANCE_MATRIX>[[8.970434031010513e-06, 8.898109080064939e-06, 4.561070980461011e-06, -9.13029550587659e-06, -9.691432453905274e-06, -4.201135519043143e-06], [8.898109080064939e-06, 2.912885622823759e-05, 1.4504578098548348e-05, -2.214645628380713e-05, -1.771438148630118e-05, -9.21581814482166e-06], [4.561070980461011e-06, 1.4504578098548348e-05, 1.439327733528461e-05, -2.5822906899365307e-06, -2.503941876010782e-06, 1.300861867749946e-06], [-9.13029550587659e-06, -2.214645628380713e-05, -2.5822906899365307e-06, 0.00010769720006639288, 7.091019364556116e-05, 5.196282792484389e-05], [-9.691432453905274e-06, -1.771438148630118e-05, -2.503941876010782e-06, 7.091019364556116e-05, 7.415090105499058e-05, 4.597214029464501e-05], [-4.201135519043143e-06, -9.21581814482166e-06, 1.300861867749946e-06, 5.196282792484389e-05, 4.597214029464501e-05, 4.825522313913178e-05]]</COVARIANCE_MATRIX>
		<ROI_SIZE>71</ROI_SIZE>
		<MAX_VALUE>[0.12047876417636871, 0.12363181263208389, 0.09400391578674316, 0.09389719367027283, 0.04864657670259476, 0.033951833844184875]</MAX_VALUE>
		<MIN_VALUE>[0.10536346584558487, 0.09806697070598602, 0.07714483886957169, 0.04753090813755989, 0.013367182575166225, 0.0027737589552998543]</MIN_VALUE>
		<SIGNATURE_THRESHOLD_MD>0</SIGNATURE_THRESHOLD_MD>
		<SIGNATURE_THRESHOLD_ML>0</SIGNATURE_THRESHOLD_ML>
		<SIGNATURE_THRESHOLD_SAM>0</SIGNATURE_THRESHOLD_SAM>
	</signature>
	<signature ID="20210204_160444531997_832">
		<MACROCLASSID>1</MACROCLASSID>
		<MACROCLASSINFO>waterbody</MACROCLASSINFO>
		<CLASSID>7</CLASSID>
		<CLASSINFO>C 1</CLASSINFO>
		<VALUES>[0.11089596094044311, 0.00218020746545348, 0.10475826690465447, 0.0026944360306825265, 0.06808809623178189, 0.0024631546246972626, 0.04118844061111682, 0.004278377773561685, 0.007743676793162842, 0.0027931289011978214, 0.004327784765216645, 0.0030559315399407367]</VALUES>
		<LCS_MIN>[0.10368398576974869, 0.0944148451089859, 0.0602857731282711, 0.030670439824461937, 0.0, 0.0]</LCS_MIN>
		<LCS_MAX>[0.11879929155111313, 0.11632756888866425, 0.08051665872335434, 0.07703672349452972, 0.04321897402405739, 0.033951833844184875]</LCS_MAX>
		<WAVELENGTH>[0.485, 0.56, 0.66, 0.83, 1.65, 2.215]</WAVELENGTH>
		<MEAN_VALUE>[0.11089596094044311, 0.10475826690465447, 0.06808809623178189, 0.04118844061111682, 0.007743676793162842, 0.004327784765216645]</MEAN_VALUE>
		<CHECKBOX>2</CHECKBOX>
		<SD>[0.00218020746545348, 0.0026944360306825265, 0.0024631546246972626, 0.004278377773561685, 0.0027931289011978214, 0.0030559315399407367]</SD>
		<WAVELENGTH_UNIT>E-6m</WAVELENGTH_UNIT>
		<COLOR>#3f8a6d</COLOR>
		<COVARIANCE_MATRIX>[[4.784745268788979e-06, 6.770231719378387e-07, 1.4075184977999717e-06, 2.409890905211963e-06, 1.0519996231242365e-06, 6.16955616163584e-07], [6.770231719378387e-07, 7.568291157049842e-06, 1.5652727703077417e-06, 2.352065005783164e-06, 1.2600637334798186e-07, -1.4332460974685365e-07], [1.4075184977999717e-06, 1.5652727703077417e-06, 6.0195036314748465e-06, 5.398854794717393e-06, 2.2069893750102863e-06, 1.1829500018865465e-06], [2.409890905211963e-06, 2.352065005783164e-06, 5.398854794717393e-06, 1.8573122766681718e-05, 6.368897570420047e-06, 3.5242179160577785e-06], [1.0519996231242365e-06, 1.2600637334798186e-07, 2.2069893750102863e-06, 6.368897570420047e-06, 7.753401378967625e-06, 2.139724844541059e-06], [6.16955616163584e-07, -1.4332460974685365e-07, 1.1829500018865465e-06, 3.5242179160577785e-06, 2.139724844541059e-06, 9.20474645729213e-06]]</COVARIANCE_MATRIX>
		<ROI_SIZE>9629</ROI_SIZE>
		<MAX_VALUE>[0.11879929155111313, 0.11632756888866425, 0.08051665872335434, 0.07703672349452972, 0.04321897402405739, 0.033951833844184875]</MAX_VALUE>
		<MIN_VALUE>[0.10368398576974869, 0.0944148451089859, 0.0602857731282711, 0.030670439824461937, 0.0, 0.0]</MIN_VALUE>
		<SIGNATURE_THRESHOLD_MD>0</SIGNATURE_THRESHOLD_MD>
		<SIGNATURE_THRESHOLD_ML>0</SIGNATURE_THRESHOLD_ML>
		<SIGNATURE_THRESHOLD_SAM>0</SIGNATURE_THRESHOLD_SAM>
	</signature>
	<signature ID="20210204_160447961736_248">
		<MACROCLASSID>1</MACROCLASSID>
		<MACROCLASSINFO>waterbody</MACROCLASSINFO>
		<CLASSID>8</CLASSID>
		<CLASSINFO>C 1</CLASSINFO>
		<VALUES>[0.11681131326262313, 0.0033508121189722217, 0.09485520037505614, 0.0029395676167182096, 0.06768854117052513, 0.003362735785795221, 0.057940020381242234, 0.007419966108386808, 0.016292627562284688, 0.005592916789337338, 0.008839326320773229, 0.004151578782280554]</VALUES>
		<LCS_MIN>[0.10536346584558487, 0.0798063799738884, 0.0602857731282711, 0.04753090813755989, 0.005225783679634333, 0.0]</LCS_MIN>
		<LCS_MAX>[0.12719666957855225, 0.10537121444940567, 0.08726028352975845, 0.08546696603298187, 0.04321897402405739, 0.033951833844184875]</LCS_MAX>
		<WAVELENGTH>[0.485, 0.56, 0.66, 0.83, 1.65, 2.215]</WAVELENGTH>
		<MEAN_VALUE>[0.11681131326262313, 0.09485520037505614, 0.06768854117052513, 0.057940020381242234, 0.016292627562284688, 0.008839326320773229]</MEAN_VALUE>
		<CHECKBOX>2</CHECKBOX>
		<SD>[0.0033508121189722217, 0.0029395676167182096, 0.003362735785795221, 0.007419966108386808, 0.005592916789337338, 0.004151578782280554]</SD>
		<WAVELENGTH_UNIT>E-6m</WAVELENGTH_UNIT>
		<COLOR>#dd0233</COLOR>
		<COVARIANCE_MATRIX>[[1.1233705687172935e-05, 6.105843611105526e-06, 7.572755205995138e-06, 7.235720823298014e-06, 2.402700103838126e-06, 1.2820812021544052e-06], [6.105843611105526e-06, 8.64549363453827e-06, 5.955236894729373e-06, 5.900619285777045e-06, 1.6417120525893428e-06, 9.171556896714569e-07], [7.572755205995138e-06, 5.955236894729373e-06, 1.131379688907416e-05, 1.1630765720610378e-05, 5.952876919242545e-06, 3.3237778767067754e-06], [7.235720823298014e-06, 5.900619285777045e-06, 1.1630765720610378e-05, 5.5084159830435104e-05, 3.190725204788396e-05, 1.7616651167286445e-05], [2.402700103838126e-06, 1.6417120525893428e-06, 5.952876919242545e-06, 3.190725204788396e-05, 3.129677607601028e-05, 1.4763634398493731e-05], [1.2820812021544052e-06, 9.171556896714569e-07, 3.3237778767067754e-06, 1.7616651167286445e-05, 1.4763634398493731e-05, 1.7244454232702548e-05]]</COVARIANCE_MATRIX>
		<ROI_SIZE>1949</ROI_SIZE>
		<MAX_VALUE>[0.12719666957855225, 0.10537121444940567, 0.08726028352975845, 0.08546696603298187, 0.04321897402405739, 0.033951833844184875]</MAX_VALUE>
		<MIN_VALUE>[0.10536346584558487, 0.0798063799738884, 0.0602857731282711, 0.04753090813755989, 0.005225783679634333, 0.0]</MIN_VALUE>
		<SIGNATURE_THRESHOLD_MD>0</SIGNATURE_THRESHOLD_MD>
		<SIGNATURE_THRESHOLD_ML>0</SIGNATURE_THRESHOLD_ML>
		<SIGNATURE_THRESHOLD_SAM>0</SIGNATURE_THRESHOLD_SAM>
	</signature>
	<signature ID="20210204_160458413322_603">
		<MACROCLASSID>1</MACROCLASSID>
		<MACROCLASSINFO>waterbody</MACROCLASSINFO>
		<CLASSID>9</CLASSID>
		<CLASSINFO>C 1</CLASSINFO>
		<VALUES>[0.12569093091294098, 0.0021952447584477164, 0.12059137830740126, 0.004644468287600063, 0.0971597985827864, 0.004194652767405303, 0.07035068338140482, 0.008415901039264869, 0.020706472370149612, 0.007367736876538804, 0.011802504664938429, 0.006344537497037034]</VALUES>
		<LCS_MIN>[0.11711981147527695, 0.09806697070598602, 0.08051665872335434, 0.055961139500141144, 0.005225783679634333, 0.0]</LCS_MIN>
		<LCS_MAX>[0.1322350949048996, 0.12728393077850342, 0.10749117285013199, 0.09389719367027283, 0.045932769775390625, 0.03784909471869469]</LCS_MAX>
		<WAVELENGTH>[0.485, 0.56, 0.66, 0.83, 1.65, 2.215]</WAVELENGTH>
		<MEAN_VALUE>[0.12569093091294098, 0.12059137830740126, 0.0971597985827864, 0.07035068338140482, 0.020706472370149612, 0.011802504664938429]</MEAN_VALUE>
		<CHECKBOX>2</CHECKBOX>
		<SD>[0.0021952447584477164, 0.004644468287600063, 0.004194652767405303, 0.008415901039264869, 0.007367736876538804, 0.006344537497037034]</SD>
		<WAVELENGTH_UNIT>E-6m</WAVELENGTH_UNIT>
		<COLOR>#4c5768</COLOR>
		<COVARIANCE_MATRIX>[[4.84295647795499e-06, 5.14627573497921e-06, 4.803491608982467e-06, -6.3323571108180485e-06, -4.372590972287939e-06, -1.7938890855400985e-06], [5.14627573497921e-06, 2.167787322736682e-05, 1.2873732406773139e-05, -2.1496040036723027e-05, -1.4618937479132567e-05, -9.284556926083724e-06], [4.803491608982467e-06, 1.2873732406773139e-05, 1.7682216353155976e-05, -7.009245013556919e-06, -1.7142287460044e-06, 1.0297112961797666e-06], [-6.3323571108180485e-06, -2.1496040036723027e-05, -7.009245013556919e-06, 7.117802094776241e-05, 5.1862043658493574e-05, 3.893955841531861e-05], [-4.372590972287939e-06, -1.4618937479132567e-05, -1.7142287460044e-06, 5.1862043658493574e-05, 5.4552277111028116e-05, 3.766787447085262e-05], [-1.7938890855400985e-06, -9.284556926083724e-06, 1.0297112961797666e-06, 3.893955841531861e-05, 3.766787447085262e-05, 4.04524291010679e-05]]</COVARIANCE_MATRIX>
		<ROI_SIZE>203</ROI_SIZE>
		<MAX_VALUE>[0.1322350949048996, 0.12728393077850342, 0.10749117285013199, 0.09389719367027283, 0.045932769775390625, 0.03784909471869469]</MAX_VALUE>
		<MIN_VALUE>[0.11711981147527695, 0.09806697070598602, 0.08051665872335434, 0.055961139500141144, 0.005225783679634333, 0.0]</MIN_VALUE>
		<SIGNATURE_THRESHOLD_MD>0</SIGNATURE_THRESHOLD_MD>
		<SIGNATURE_THRESHOLD_ML>0</SIGNATURE_THRESHOLD_ML>
		<SIGNATURE_THRESHOLD_SAM>0</SIGNATURE_THRESHOLD_SAM>
	</signature>
	<signature ID="20210204_160502874033_856">
		<MACROCLASSID>1</MACROCLASSID>
		<MACROCLASSINFO>waterbody</MACROCLASSINFO>
		<CLASSID>10</CLASSID>
		<CLASSINFO>C 1</CLASSINFO>
		<VALUES>[0.1236627688631415, 0.0030804339204799865, 0.11225698112199703, 0.006053368553343032, 0.08251867579141012, 0.004230981423779856, 0.07554387774628898, 0.009959541962987947, 0.02297855504245187, 0.008598903559708233, 0.012638696605184421, 0.006004845039774036]</VALUES>
		<LCS_MIN>[0.1120813712477684, 0.08345848321914673, 0.0602857731282711, 0.060176268219947815, 0.010653382167220116, 0.0027737589552998543]</LCS_MIN>
		<LCS_MAX>[0.1305556297302246, 0.12363181263208389, 0.09063210338354111, 0.0981123074889183, 0.045932769775390625, 0.030054574832320213]</LCS_MAX>
		<WAVELENGTH>[0.485, 0.56, 0.66, 0.83, 1.65, 2.215]</WAVELENGTH>
		<MEAN_VALUE>[0.1236627688631415, 0.11225698112199703, 0.08251867579141012, 0.07554387774628898, 0.02297855504245187, 0.012638696605184421]</MEAN_VALUE>
		<CHECKBOX>2</CHECKBOX>
		<SD>[0.0030804339204799865, 0.006053368553343032, 0.004230981423779856, 0.009959541962987947, 0.008598903559708233, 0.006004845039774036]</SD>
		<WAVELENGTH_UNIT>E-6m</WAVELENGTH_UNIT>
		<COLOR>#64a6a2</COLOR>
		<COVARIANCE_MATRIX>[[9.588958118848436e-06, 1.4905045211126498e-05, 9.89142340599359e-06, -2.275885163341222e-06, 6.113013646547697e-06, 4.775534461952125e-06], [1.4905045211126498e-05, 3.702898948305072e-05, 2.106793841873383e-05, -1.748380037611829e-05, 1.8735444112147228e-06, 4.1716514636463006e-06], [9.89142340599359e-06, 2.106793841873383e-05, 1.8089637532668878e-05, -3.5624993151795565e-06, 7.236055696801496e-06, 5.355749808417493e-06], [-2.275885163341222e-06, -1.748380037611829e-05, -3.5624993151795565e-06, 0.00010023660744001798, 6.699828239905242e-05, 3.926363832269854e-05], [6.113013646547697e-06, 1.8735444112147228e-06, 7.236055696801496e-06, 6.699828239905242e-05, 7.471947024420677e-05, 4.0009330244291605e-05], [4.775534461952125e-06, 4.1716514636463006e-06, 5.355749808417493e-06, 3.926363832269854e-05, 4.0009330244291605e-05, 3.643772357224302e-05]]</COVARIANCE_MATRIX>
		<ROI_SIZE>96</ROI_SIZE>
		<MAX_VALUE>[0.1305556297302246, 0.12363181263208389, 0.09063210338354111, 0.0981123074889183, 0.045932769775390625, 0.030054574832320213]</MAX_VALUE>
		<MIN_VALUE>[0.1120813712477684, 0.08345848321914673, 0.0602857731282711, 0.060176268219947815, 0.010653382167220116, 0.0027737589552998543]</MIN_VALUE>
		<SIGNATURE_THRESHOLD_MD>0</SIGNATURE_THRESHOLD_MD>
		<SIGNATURE_THRESHOLD_ML>0</SIGNATURE_THRESHOLD_ML>
		<SIGNATURE_THRESHOLD_SAM>0</SIGNATURE_THRESHOLD_SAM>
	</signature>
	<signature ID="20210204_160512332283_573">
		<MACROCLASSID>1</MACROCLASSID>
		<MACROCLASSINFO>waterbody</MACROCLASSINFO>
		<CLASSID>11</CLASSID>
		<CLASSINFO>C 1</CLASSINFO>
		<VALUES>[0.12749356190243052, 0.0019898516591290876, 0.13176521080412087, 0.0032794750206543615, 0.09762700671649684, 0.004233965773457198, 0.07651075614903582, 0.005501758283130564, 0.0209441853790468, 0.005955763994042874, 0.010132226294013103, 0.0049492553081140365]</VALUES>
		<LCS_MIN>[0.1221582293510437, 0.11997969448566437, 0.09063210338354111, 0.06860650330781937, 0.00793958269059658, 0.0]</LCS_MIN>
		<LCS_MAX>[0.13391457498073578, 0.13824030756950378, 0.11086297035217285, 0.10232742875814438, 0.04864657670259476, 0.033951833844184875]</LCS_MAX>
		<WAVELENGTH>[0.485, 0.56, 0.66, 0.83, 1.65, 2.215]</WAVELENGTH>
		<MEAN_VALUE>[0.12749356190243052, 0.13176521080412087, 0.09762700671649684, 0.07651075614903582, 0.0209441853790468, 0.010132226294013103]</MEAN_VALUE>
		<CHECKBOX>2</CHECKBOX>
		<SD>[0.0019898516591290876, 0.0032794750206543615, 0.004233965773457198, 0.005501758283130564, 0.005955763994042874, 0.0049492553081140365]</SD>
		<WAVELENGTH_UNIT>E-6m</WAVELENGTH_UNIT>
		<COLOR>#9a6db3</COLOR>
		<COVARIANCE_MATRIX>[[3.966383773993876e-06, 1.7979533820983802e-06, 2.039018874392085e-06, 7.463611729749299e-07, 4.052382927774687e-07, 2.7740965318609066e-07], [1.7979533820983802e-06, 1.0773628210420805e-05, 3.0622619239050457e-06, -4.453956296571931e-06, -3.1446409038122967e-06, -2.6487144627675866e-06], [2.039018874392085e-06, 3.0622619239050457e-06, 1.7957588507909066e-05, 1.1408690415183017e-05, 9.18128538802634e-06, 6.201080990265644e-06], [7.463611729749299e-07, -4.453956296571931e-06, 1.1408690415183017e-05, 3.0321895150797873e-05, 2.111098289037104e-05, 1.6278835650261037e-05], [4.052382927774687e-07, -3.1446409038122967e-06, 9.18128538802634e-06, 2.111098289037104e-05, 3.5532706566544325e-05, 2.096098346479733e-05], [2.7740965318609066e-07, -2.6487144627675866e-06, 6.201080990265644e-06, 1.6278835650261037e-05, 2.096098346479733e-05, 2.4537654368965954e-05]]</COVARIANCE_MATRIX>
		<ROI_SIZE>577</ROI_SIZE>
		<MAX_VALUE>[0.13391457498073578, 0.13824030756950378, 0.11086297035217285, 0.10232742875814438, 0.04864657670259476, 0.033951833844184875]</MAX_VALUE>
		<MIN_VALUE>[0.1221582293510437, 0.11997969448566437, 0.09063210338354111, 0.06860650330781937, 0.00793958269059658, 0.0]</MIN_VALUE>
		<SIGNATURE_THRESHOLD_MD>0</SIGNATURE_THRESHOLD_MD>
		<SIGNATURE_THRESHOLD_ML>0</SIGNATURE_THRESHOLD_ML>
		<SIGNATURE_THRESHOLD_SAM>0</SIGNATURE_THRESHOLD_SAM>
	</signature>
	<signature ID="20210204_160516940915_626">
		<MACROCLASSID>1</MACROCLASSID>
		<MACROCLASSINFO>waterbody</MACROCLASSINFO>
		<CLASSID>12</CLASSID>
		<CLASSINFO>C 1</CLASSINFO>
		<VALUES>[0.13441841900348667, 0.0036371425644520744, 0.12772218063473703, 0.006051505362563762, 0.09717341914772988, 0.004974309220867534, 0.09381289303302764, 0.019065939753211095, 0.041373593099415296, 0.02268217051313083, 0.022104166178032753, 0.014455838231124002]</VALUES>
		<LCS_MIN>[0.12383771687746048, 0.10537121444940567, 0.08726028352975845, 0.07282162457704544, 0.01879478059709072, 0.0027737589552998543]</LCS_MIN>
		<LCS_MAX>[0.13895300030708313, 0.13458816707134247, 0.11086297035217285, 0.14447858929634094, 0.10020877420902252, 0.05733538419008255]</LCS_MAX>
		<WAVELENGTH>[0.485, 0.56, 0.66, 0.83, 1.65, 2.215]</WAVELENGTH>
		<MEAN_VALUE>[0.13441841900348667, 0.12772218063473703, 0.09717341914772988, 0.09381289303302764, 0.041373593099415296, 0.022104166178032753]</MEAN_VALUE>
		<CHECKBOX>2</CHECKBOX>
		<SD>[0.0036371425644520744, 0.006051505362563762, 0.004974309220867534, 0.019065939753211095, 0.02268217051313083, 0.014455838231124002]</SD>
		<WAVELENGTH_UNIT>E-6m</WAVELENGTH_UNIT>
		<COLOR>#d286ed</COLOR>
		<COVARIANCE_MATRIX>[[1.349878166749898e-05, 1.9051856332991e-05, 8.309408824599336e-06, -4.6765999719626896e-05, -5.560470833310591e-05, -3.0509368659906227e-05], [1.9051856332991e-05, 3.73680787276918e-05, 1.3661287769609801e-05, -8.981360534120915e-05, -0.00010435393787467161, -5.7153762312643816e-05], [8.309408824599336e-06, 1.3661287769609801e-05, 2.5248726760007924e-05, 7.81401855587654e-06, 9.703175410113443e-06, 1.3645003451075543e-05], [-4.6765999719626896e-05, -8.981360534120915e-05, 7.81401855587654e-06, 0.0003709286312990562, 0.00041841467208030177, 0.00024572716533462446], [-5.560470833310591e-05, -0.00010435393787467161, 9.703175410113443e-06, 0.00041841467208030177, 0.0005249804685578994, 0.00030728488472809873], [-3.0509368659906227e-05, -5.7153762312643816e-05, 1.3645003451075543e-05, 0.00024572716533462446, 0.00030728488472809873, 0.00021323597853512894]]</COVARIANCE_MATRIX>
		<ROI_SIZE>50</ROI_SIZE>
		<MAX_VALUE>[0.13895300030708313, 0.13458816707134247, 0.11086297035217285, 0.14447858929634094, 0.10020877420902252, 0.05733538419008255]</MAX_VALUE>
		<MIN_VALUE>[0.12383771687746048, 0.10537121444940567, 0.08726028352975845, 0.07282162457704544, 0.01879478059709072, 0.0027737589552998543]</MIN_VALUE>
		<SIGNATURE_THRESHOLD_MD>0</SIGNATURE_THRESHOLD_MD>
		<SIGNATURE_THRESHOLD_ML>0</SIGNATURE_THRESHOLD_ML>
		<SIGNATURE_THRESHOLD_SAM>0</SIGNATURE_THRESHOLD_SAM>
	</signature>
	<signature ID="20210204_160726875912_937">
		<MACROCLASSID>1</MACROCLASSID>
		<MACROCLASSINFO>waterbody</MACROCLASSINFO>
		<CLASSID>13</CLASSID>
		<CLASSINFO>C 1</CLASSINFO>
		<VALUES>[0.122475119272493, 0.0032503556432941305, 0.11310268207541059, 0.0064842903834346245, 0.10821642226205681, 0.009260163394676522, 0.11145753258804107, 0.014552597979528513, 0.038651599977516875, 0.01454026046738535, 0.02228946921433199, 0.009818551618544977]</VALUES>
		<LCS_MIN>[0.1120813712477684, 0.09076272696256638, 0.07714483886957169, 0.09389719367027283, 0.013367182575166225, 0.006671017501503229]</LCS_MIN>
		<LCS_MAX>[0.13391457498073578, 0.12728393077850342, 0.12435022741556168, 0.1529088318347931, 0.07035697251558304, 0.04564361274242401]</LCS_MAX>
		<WAVELENGTH>[0.485, 0.56, 0.66, 0.83, 1.65, 2.215]</WAVELENGTH>
		<MEAN_VALUE>[0.122475119272493, 0.11310268207541059, 0.10821642226205681, 0.11145753258804107, 0.038651599977516875, 0.02228946921433199]</MEAN_VALUE>
		<CHECKBOX>2</CHECKBOX>
		<SD>[0.0032503556432941305, 0.0064842903834346245, 0.009260163394676522, 0.014552597979528513, 0.01454026046738535, 0.009818551618544977]</SD>
		<WAVELENGTH_UNIT>E-6m</WAVELENGTH_UNIT>
		<COLOR>#1482d2</COLOR>
		<COVARIANCE_MATRIX>[[1.0604830034439046e-05, 1.6266979847181094e-05, 2.3879460747162783e-05, -1.4300558309233889e-05, -9.06113018503221e-06, -4.804232771331854e-07], [1.6266979847181094e-05, 4.220528701070552e-05, 5.426355986815771e-05, -4.315874156865599e-05, -3.351859824066803e-05, -9.231880704753327e-06], [2.3879460747162783e-05, 5.426355986815771e-05, 8.607543907374364e-05, -7.264914864752964e-05, -5.0780278592645716e-05, -1.4058204692253954e-05], [-1.4300558309233889e-05, -4.315874156865599e-05, -7.264914864752964e-05, 0.00021258029775663253, 0.0001733202251280187, 9.692592826757234e-05], [-9.06113018503221e-06, -3.351859824066803e-05, -5.0780278592645716e-05, 0.0001733202251280187, 0.00021222000466569488, 0.00012464769467948887], [-4.804232771331854e-07, -9.231880704753327e-06, -1.4058204692253954e-05, 9.692592826757234e-05, 0.00012464769467948887, 9.676912238560047e-05]]</COVARIANCE_MATRIX>
		<ROI_SIZE>265</ROI_SIZE>
		<MAX_VALUE>[0.13391457498073578, 0.12728393077850342, 0.12435022741556168, 0.1529088318347931, 0.07035697251558304, 0.04564361274242401]</MAX_VALUE>
		<MIN_VALUE>[0.1120813712477684, 0.09076272696256638, 0.07714483886957169, 0.09389719367027283, 0.013367182575166225, 0.006671017501503229]</MIN_VALUE>
		<SIGNATURE_THRESHOLD_MD>0</SIGNATURE_THRESHOLD_MD>
		<SIGNATURE_THRESHOLD_ML>0</SIGNATURE_THRESHOLD_ML>
		<SIGNATURE_THRESHOLD_SAM>0</SIGNATURE_THRESHOLD_SAM>
	</signature>
	<signature ID="20210204_160741218478_879">
		<MACROCLASSID>1</MACROCLASSID>
		<MACROCLASSINFO>waterbody</MACROCLASSINFO>
		<CLASSID>14</CLASSID>
		<CLASSINFO>C 1</CLASSINFO>
		<VALUES>[0.11332272446673847, 0.0031891758120861373, 0.09358121122678982, 0.004540574690600873, 0.0681655571350585, 0.004047310831520122, 0.07030170645726759, 0.008964472196692752, 0.023779912588550993, 0.0077409721829163, 0.011839123154261515, 0.004979956017886514]</VALUES>
		<LCS_MIN>[0.10536346584558487, 0.07615425437688828, 0.056913960725069046, 0.060176268219947815, 0.010653382167220116, 0.0027737589552998543]</LCS_MIN>
		<LCS_MAX>[0.11879929155111313, 0.10171909630298615, 0.07714483886957169, 0.09389719367027283, 0.045932769775390625, 0.02615731582045555]</LCS_MAX>
		<WAVELENGTH>[0.485, 0.56, 0.66, 0.83, 1.65, 2.215]</WAVELENGTH>
		<MEAN_VALUE>[0.11332272446673847, 0.09358121122678982, 0.0681655571350585, 0.07030170645726759, 0.023779912588550993, 0.011839123154261515]</MEAN_VALUE>
		<CHECKBOX>2</CHECKBOX>
		<SD>[0.0031891758120861373, 0.004540574690600873, 0.004047310831520122, 0.008964472196692752, 0.0077409721829163, 0.004979956017886514]</SD>
		<WAVELENGTH_UNIT>E-6m</WAVELENGTH_UNIT>
		<COLOR>#bfaebb</COLOR>
		<COVARIANCE_MATRIX>[[1.0282609858861202e-05, 1.0010771272972667e-05, 9.153146377896177e-06, -1.0140189709114259e-05, 2.547843527185733e-07, 2.93649645495361e-06], [1.0010771272972667e-05, 2.0843376966210143e-05, 1.3136493834502861e-05, -1.853286514268798e-05, -1.7887804176641943e-06, 2.478752298576185e-06], [9.153146377896177e-06, 1.3136493834502861e-05, 1.6560732933609777e-05, -3.3528334719072886e-06, 8.552556287234596e-06, 6.626912927157321e-06], [-1.0140189709114259e-05, -1.853286514268798e-05, -3.3528334719072886e-06, 8.124485804841238e-05, 5.279939332784755e-05, 2.363646351715022e-05], [2.547843527185733e-07, -1.7887804176641943e-06, 8.552556287234596e-06, 5.279939332784755e-05, 6.0581140999724423e-05, 2.6253981799325722e-05], [2.93649645495361e-06, 2.478752298576185e-06, 6.626912927157321e-06, 2.363646351715022e-05, 2.6253981799325722e-05, 2.5072488994370745e-05]]</COVARIANCE_MATRIX>
		<ROI_SIZE>92</ROI_SIZE>
		<MAX_VALUE>[0.11879929155111313, 0.10171909630298615, 0.07714483886957169, 0.09389719367027283, 0.045932769775390625, 0.02615731582045555]</MAX_VALUE>
		<MIN_VALUE>[0.10536346584558487, 0.07615425437688828, 0.056913960725069046, 0.060176268219947815, 0.010653382167220116, 0.0027737589552998543]</MIN_VALUE>
		<SIGNATURE_THRESHOLD_MD>0</SIGNATURE_THRESHOLD_MD>
		<SIGNATURE_THRESHOLD_ML>0</SIGNATURE_THRESHOLD_ML>
		<SIGNATURE_THRESHOLD_SAM>0</SIGNATURE_THRESHOLD_SAM>
	</signature>
	<signature ID="20210204_160748138179_508">
		<MACROCLASSID>1</MACROCLASSID>
		<MACROCLASSINFO>waterbody</MACROCLASSINFO>
		<CLASSID>15</CLASSID>
		<CLASSINFO>C 1</CLASSINFO>
		<VALUES>[0.1246774517931044, 0.0014943263431665378, 0.1303273585314552, 0.002722127243336985, 0.1050325504814585, 0.0022555489558627184, 0.11620219377800821, 0.014215172872691596, 0.030667653113293152, 0.013508082289976003, 0.014384344200758884, 0.008768457730967042]</VALUES>
		<LCS_MIN>[0.12047876417636871, 0.12363181263208389, 0.10074754059314728, 0.10232742875814438, 0.016080982983112335, 0.0027737589552998543]</LCS_MIN>
		<LCS_MAX>[0.12719666957855225, 0.13458816707134247, 0.11086297035217285, 0.16133907437324524, 0.07035697251558304, 0.0417463555932045]</LCS_MAX>
		<WAVELENGTH>[0.485, 0.56, 0.66, 0.83, 1.65, 2.215]</WAVELENGTH>
		<MEAN_VALUE>[0.1246774517931044, 0.1303273585314552, 0.1050325504814585, 0.11620219377800821, 0.030667653113293152, 0.014384344200758884]</MEAN_VALUE>
		<CHECKBOX>2</CHECKBOX>
		<SD>[0.0014943263431665378, 0.002722127243336985, 0.0022555489558627184, 0.014215172872691596, 0.013508082289976003, 0.008768457730967042]</SD>
		<WAVELENGTH_UNIT>E-6m</WAVELENGTH_UNIT>
		<COLOR>#842351</COLOR>
		<COVARIANCE_MATRIX>[[2.2805220969002555e-06, 7.830188546119363e-07, 1.5060885954624926e-06, 6.024706630477252e-07, 1.2606499857149157e-06, -9.05211845994523e-07], [7.830188546119363e-07, 7.567635808256113e-06, 1.8777061913779429e-06, -1.954285278699606e-05, -1.4972097038231147e-05, -6.10716703003596e-06], [1.5060885954624926e-06, 1.8777061913779429e-06, 5.195745796384754e-06, -7.799294064689822e-06, -4.258861272406872e-06, -1.3222452637601718e-06], [6.024706630477252e-07, -1.954285278699606e-05, -7.799294064689822e-06, 0.00020637052575370914, 0.00016835986578786938, 8.713220252856693e-05], [1.2606499857149157e-06, -1.4972097038231147e-05, -4.258861272406872e-06, 0.00016835986578786938, 0.00018635059113473695, 0.00010269777558256828], [-9.05211845994523e-07, -6.10716703003596e-06, -1.3222452637601718e-06, 8.713220252856693e-05, 0.00010269777558256828, 7.852172014953774e-05]]</COVARIANCE_MATRIX>
		<ROI_SIZE>48</ROI_SIZE>
		<MAX_VALUE>[0.12719666957855225, 0.13458816707134247, 0.11086297035217285, 0.16133907437324524, 0.07035697251558304, 0.0417463555932045]</MAX_VALUE>
		<MIN_VALUE>[0.12047876417636871, 0.12363181263208389, 0.10074754059314728, 0.10232742875814438, 0.016080982983112335, 0.0027737589552998543]</MIN_VALUE>
		<SIGNATURE_THRESHOLD_MD>0</SIGNATURE_THRESHOLD_MD>
		<SIGNATURE_THRESHOLD_ML>0</SIGNATURE_THRESHOLD_ML>
		<SIGNATURE_THRESHOLD_SAM>0</SIGNATURE_THRESHOLD_SAM>
	</signature>
	<signature ID="20210204_160754053638_484">
		<MACROCLASSID>1</MACROCLASSID>
		<MACROCLASSINFO>waterbody</MACROCLASSINFO>
		<CLASSID>16</CLASSID>
		<CLASSINFO>C 1</CLASSINFO>
		<VALUES>[0.11691246568052853, 0.0019100360454663112, 0.11100720172678984, 0.0027551623402445845, 0.08646936907812404, 0.0030561362836816386, 0.06616068769384313, 0.006782592047775384, 0.02181011363633989, 0.007006999638662965, 0.011771135733543357, 0.004961610181867807]</VALUES>
		<LCS_MIN>[0.10872241854667664, 0.10537121444940567, 0.08051665872335434, 0.055961139500141144, 0.010653382167220116, 0.0027737589552998543]</LCS_MIN>
		<LCS_MAX>[0.12047876417636871, 0.11632756888866425, 0.09737572818994522, 0.09389719367027283, 0.04321897402405739, 0.030054574832320213]</LCS_MAX>
		<WAVELENGTH>[0.485, 0.56, 0.66, 0.83, 1.65, 2.215]</WAVELENGTH>
