<?xml version="1.0" ?>
<signaturelist MCID_LIST="[['1', 'waterbody', '#0000ff'], ['2', 'vegetation', '#00ff00'], ['3', 'bareland', '#ffaa00'], ['4', 'built-up', '#ff0000']]">
	<signature ID="20210204_152320108873_663">
		<MACROCLASSID>1</MACROCLASSID>
		<MACROCLASSINFO>waterbody</MACROCLASSINFO>
		<CLASSID>1</CLASSID>
		<CLASSINFO>C 1</CLASSINFO>
		<VALUES>[0.11299311436319923, 0.003482638220683443, 0.10999131109185231, 0.0041281891275691245, 0.0757333841350092, 0.004068911459915443, 0.053684096926247565, 0.006987814742225053, 0.010229016431737417, 0.0029441998774237537, 0.00589836159790126, 0.003057074485262347]</VALUES>
		<LCS_MIN>[0.1020045131444931, 0.08345848321914673, 0.06365758925676346, 0.043315790593624115, 0.0, 0.0]</LCS_MIN>
		<LCS_MAX>[0.12383771687746048, 0.12363181263208389, 0.083888478577137, 0.07703672349452972, 0.03507757559418678, 0.018362795934081078]</LCS_MAX>
		<WAVELENGTH>[0.485, 0.56, 0.66, 0.83, 1.65, 2.215]</WAVELENGTH>
		<MEAN_VALUE>[0.11299311436319923, 0.10999131109185231, 0.0757333841350092, 0.053684096926247565, 0.010229016431737417, 0.00589836159790126]</MEAN_VALUE>
		<CHECKBOX>2</CHECKBOX>
		<SD>[0.003482638220683443, 0.0041281891275691245, 0.004068911459915443, 0.006987814742225053, 0.0029441998774237537, 0.003057074485262347]</SD>
		<WAVELENGTH_UNIT>E-6m</WAVELENGTH_UNIT>
		<COLOR>#f0fe76</COLOR>
		<COVARIANCE_MATRIX>[[1.2181324564153329e-05, 8.233302651206031e-06, 1.0301366273779422e-05, -6.630022653553169e-06, -7.055027140268066e-07, -8.929849748540164e-09], [8.233302651206031e-06, 1.6097479601739906e-05, 9.17748093343107e-06, -4.848484877584269e-06, -7.173057952059025e-07, -1.7394089013578196e-07], [1.0301366273779422e-05, 9.17748093343107e-06, 1.6881667761481367e-05, -1.149773015640676e-05, -2.002824885494192e-06, -5.726338940803544e-07], [-6.630022653553169e-06, -4.848484877584269e-06, -1.149773015640676e-05, 4.708813867182471e-05, 1.1373985216778237e-05, 4.311148131819209e-06], [-7.055027140268066e-07, -7.173057952059025e-07, -2.002824885494192e-06, 1.1373985216778237e-05, 8.240638635470532e-06, 1.3557837519329041e-06], [-8.929849748540164e-09, -1.7394089013578196e-07, -5.726338940803544e-07, 4.311148131819209e-06, 1.3557837519329041e-06, 9.087755643122364e-06]]</COVARIANCE_MATRIX>
		<ROI_SIZE>9718</ROI_SIZE>
		<MAX_VALUE>[0.12383771687746048, 0.12363181263208389, 0.083888478577137, 0.07703672349452972, 0.03507757559418678, 0.018362795934081078]</MAX_VALUE>
		<MIN_VALUE>[0.1020045131444931, 0.08345848321914673, 0.06365758925676346, 0.043315790593624115, 0.0, 0.0]</MIN_VALUE>
		<SIGNATURE_THRESHOLD_MD>0.0</SIGNATURE_THRESHOLD_MD>
		<SIGNATURE_THRESHOLD_ML>0.0</SIGNATURE_THRESHOLD_ML>
		<SIGNATURE_THRESHOLD_SAM>0.0</SIGNATURE_THRESHOLD_SAM>
	</signature>
	<signature ID="20210204_160400025417_548">
		<MACROCLASSID>1</MACROCLASSID>
		<MACROCLASSINFO>waterbody</MACROCLASSINFO>
		<CLASSID>2</CLASSID>
		<CLASSINFO>C 1</CLASSINFO>
		<VALUES>[0.11268083679550056, 0.002266408182844709, 0.11424822867152862, 0.003192378420195187, 0.08147341767264488, 0.0023260457057792828, 0.05365925452707633, 0.005625715410848359, 0.011122345920932655, 0.0038823465047097346, 0.006981612005501075, 0.0034801050173136625]</VALUES>
		<LCS_MIN>[0.10536346584558487, 0.10171909630298615, 0.07377301901578903, 0.043315790593624115, 0.0, 0.0]</LCS_MIN>
		<LCS_MAX>[0.12047876417636871, 0.12363181263208389, 0.09737572818994522, 0.0812518373131752, 0.04050518199801445, 0.03784909471869469]</LCS_MAX>
		<WAVELENGTH>[0.485, 0.56, 0.66, 0.83, 1.65, 2.215]</WAVELENGTH>
		<MEAN_VALUE>[0.11268083679550056, 0.11424822867152862, 0.08147341767264488, 0.05365925452707633, 0.011122345920932655, 0.006981612005501075]</MEAN_VALUE>
		<CHECKBOX>2</CHECKBOX>
		<SD>[0.002266408182844709, 0.003192378420195187, 0.0023260457057792828, 0.005625715410848359, 0.0038823465047097346, 0.0034801050173136625]</SD>
		<WAVELENGTH_UNIT>E-6m</WAVELENGTH_UNIT>
		<COLOR>#9ce505</COLOR>
		<COVARIANCE_MATRIX>[[5.1840775086020585e-06, 1.5822388377273455e-06, 9.813745691644726e-07, 9.83479253591213e-07, 1.2003906704194378e-06, 8.100881245809433e-07], [1.5822388377273455e-06, 9.338234121969435e-06, 6.94970424319763e-07, -2.6074587822222384e-06, -7.896456395428686e-07, -3.3135293620034645e-07], [9.813745691644726e-07, 6.94970424319763e-07, 5.088674242870184e-06, 1.196765424538171e-06, 1.6638688293824089e-06, 1.1465169791335938e-06], [9.83479253591213e-07, -2.6074587822222384e-06, 1.196765424538171e-06, 2.4350829335162416e-05, 1.0279964953952003e-05, 5.427806627267273e-06], [1.2003906704194378e-06, -7.896456395428686e-07, 1.6638688293824089e-06, 1.0279964953952003e-05, 1.2648229130718391e-05, 4.501887360675028e-06], [8.100881245809433e-07, -3.3135293620034645e-07, 1.1465169791335938e-06, 5.427806627267273e-06, 4.501887360675028e-06, 1.1283549611107446e-05]]</COVARIANCE_MATRIX>
		<ROI_SIZE>6875</ROI_SIZE>
		<MAX_VALUE>[0.12047876417636871, 0.12363181263208389, 0.09737572818994522, 0.0812518373131752, 0.04050518199801445, 0.03784909471869469]</MAX_VALUE>
		<MIN_VALUE>[0.10536346584558487, 0.10171909630298615, 0.07377301901578903, 0.043315790593624115, 0.0, 0.0]</MIN_VALUE>
		<SIGNATURE_THRESHOLD_MD>0.0</SIGNATURE_THRESHOLD_MD>
		<SIGNATURE_THRESHOLD_ML>0.0</SIGNATURE_THRESHOLD_ML>
		<SIGNATURE_THRESHOLD_SAM>0.0</SIGNATURE_THRESHOLD_SAM>
	</signature>
	<signature ID="20210204_160423716193_848">
		<MACROCLASSID>1</MACROCLASSID>
		<MACROCLASSINFO>waterbody</MACROCLASSINFO>
		<CLASSID>3</CLASSID>
		<CLASSINFO>C 1</CLASSINFO>
		<VALUES>[0.09473531717559876, 0.0018130075982045748, 0.06781409593249492, 0.00223978336795471, 0.04634274414438812, 0.002671736010821546, 0.036350784738036525, 0.002778543297430176, 0.008884647080101971, 0.0028237770490953103, 0.005252057059007782, 0.0031750189633851615]</VALUES>
		<LCS_MIN>[0.08688921481370926, 0.06154577434062958, 0.03668307512998581, 0.030670439824461937, 0.0, 0.0]</LCS_MIN>
		<LCS_MAX>[0.1020045131444931, 0.07615425437688828, 0.056913960725069046, 0.0643913745880127, 0.037791378796100616, 0.02615731582045555]</LCS_MAX>
		<WAVELENGTH>[0.485, 0.56, 0.66, 0.83, 1.65, 2.215]</WAVELENGTH>
		<MEAN_VALUE>[0.09473531717559876, 0.06781409593249492, 0.04634274414438812, 0.036350784738036525, 0.008884647080101971, 0.005252057059007782]</MEAN_VALUE>
		<CHECKBOX>2</CHECKBOX>
		<SD>[0.0018130075982045748, 0.00223978336795471, 0.002671736010821546, 0.002778543297430176, 0.0028237770490953103, 0.0031750189633851615]</SD>
		<WAVELENGTH_UNIT>E-6m</WAVELENGTH_UNIT>
		<COLOR>#aa6af1</COLOR>
		<COVARIANCE_MATRIX>[[3.1068136649992084e-06, 6.443374900300114e-07, 5.957538746770297e-07, 2.009019226534292e-07, 5.609015829577402e-08, 1.3398833687006118e-07], [6.443374900300114e-07, 4.8365800466854125e-06, 7.976503297868476e-07, 9.30784551655961e-07, 4.996716143068625e-07, 4.0114818489200843e-07], [5.957538746770297e-07, 7.976503297868476e-07, 6.957617188163567e-06, 1.9383303424547194e-06, 1.5300221321012941e-06, 8.511835289937153e-07], [2.009019226534292e-07, 9.30784551655961e-07, 1.9383303424547194e-06, 7.699846719333436e-06, 3.4675879305723356e-06, 2.3403038085234584e-06], [5.609015829577402e-08, 4.996716143068625e-07, 1.5300221321012941e-06, 3.4675879305723356e-06, 7.667517820664216e-06, 2.465740408297279e-06], [1.3398833687006118e-07, 4.0114818489200843e-07, 8.511835289937153e-07, 2.3403038085234584e-06, 2.465740408297279e-06, 9.964939636120107e-06]]</COVARIANCE_MATRIX>
		<ROI_SIZE>8753</ROI_SIZE>
		<MAX_VALUE>[0.1020045131444931, 0.07615425437688828, 0.056913960725069046, 0.0643913745880127, 0.037791378796100616, 0.02615731582045555]</MAX_VALUE>
		<MIN_VALUE>[0.08688921481370926, 0.06154577434062958, 0.03668307512998581, 0.030670439824461937, 0.0, 0.0]</MIN_VALUE>
		<SIGNATURE_THRESHOLD_MD>0.0</SIGNATURE_THRESHOLD_MD>
		<SIGNATURE_THRESHOLD_ML>0.0</SIGNATURE_THRESHOLD_ML>
		<SIGNATURE_THRESHOLD_SAM>0.0</SIGNATURE_THRESHOLD_SAM>
	</signature>
	<signature ID="20210204_160428371943_625">
		<MACROCLASSID>1</MACROCLASSID>
		<MACROCLASSINFO>waterbody</MACROCLASSINFO>
		<CLASSID>4</CLASSID>
		<CLASSINFO>C 1</CLASSINFO>
		<VALUES>[0.1015071727033031, 0.0024281985850605962, 0.09070545225318284, 0.003756310948682681, 0.06490180024540392, 0.003948358771947423, 0.051866569078606414, 0.00611058559427897, 0.015420056375626816, 0.006334305120607878, 0.008618383694567267, 0.0050502204782850064]</VALUES>
		<LCS_MIN>[0.09528660029172897, 0.07615425437688828, 0.056913960725069046, 0.043315790593624115, 0.005225783679634333, 0.0]</LCS_MIN>
		<LCS_MAX>[0.10872241854667664, 0.10537121444940567, 0.08726028352975845, 0.07282162457704544, 0.04321897402405739, 0.030054574832320213]</LCS_MAX>
		<WAVELENGTH>[0.485, 0.56, 0.66, 0.83, 1.65, 2.215]</WAVELENGTH>
		<MEAN_VALUE>[0.1015071727033031, 0.09070545225318284, 0.06490180024540392, 0.051866569078606414, 0.015420056375626816, 0.008618383694567267]</MEAN_VALUE>
		<CHECKBOX>2</CHECKBOX>
		<SD>[0.0024281985850605962, 0.003756310948682681, 0.003948358771947423, 0.00611058559427897, 0.006334305120607878, 0.0050502204782850064]</SD>
		<WAVELENGTH_UNIT>E-6m</WAVELENGTH_UNIT>
		<COLOR>#660773</COLOR>
		<COVARIANCE_MATRIX>[[5.90159243074595e-06, 4.570312739815563e-06, 3.4795646115526324e-06, 1.7399256648786832e-06, 2.183446667913813e-06, 1.4784797031097696e-06], [4.570312739815563e-06, 1.4122900211077649e-05, 6.9277489274099935e-06, 1.3004157608520472e-06, 2.9638167688972317e-06, 1.8123417930837604e-06], [3.4795646115526324e-06, 6.9277489274099935e-06, 1.5603931387886405e-05, 1.3432553714665119e-05, 1.2803981007891707e-05, 8.45835074869683e-06], [1.7399256648786832e-06, 1.3004157608520472e-06, 1.3432553714665119e-05, 3.7373734812717885e-05, 2.8545180612127297e-05, 2.0531857444439083e-05], [2.183446667913813e-06, 2.9638167688972317e-06, 1.2803981007891707e-05, 2.8545180612127297e-05, 4.016047023469582e-05, 2.3307622541324235e-05], [1.4784797031097696e-06, 1.8123417930837604e-06, 8.45835074869683e-06, 2.0531857444439083e-05, 2.3307622541324235e-05, 2.552827754698228e-05]]</COVARIANCE_MATRIX>
		<ROI_SIZE>1084</ROI_SIZE>
		<MAX_VALUE>[0.10872241854667664, 0.10537121444940567, 0.08726028352975845, 0.07282162457704544, 0.04321897402405739, 0.030054574832320213]</MAX_VALUE>
		<MIN_VALUE>[0.09528660029172897, 0.07615425437688828, 0.056913960725069046, 0.043315790593624115, 0.005225783679634333, 0.0]</MIN_VALUE>
		<SIGNATURE_THRESHOLD_MD>0.0</SIGNATURE_THRESHOLD_MD>
		<SIGNATURE_THRESHOLD_ML>0.0</SIGNATURE_THRESHOLD_ML>
		<SIGNATURE_THRESHOLD_SAM>0.0</SIGNATURE_THRESHOLD_SAM>
	</signature>
	<signature ID="20210204_160434758703_714">
		<MACROCLASSID>1</MACROCLASSID>
		<MACROCLASSINFO>waterbody</MACROCLASSINFO>
		<CLASSID>5</CLASSID>
		<CLASSINFO>C 1</CLASSINFO>
		<VALUES>[0.10306195795652226, 0.002516355470754967, 0.09148176004256876, 0.003237432447208793, 0.06294116001670588, 0.0030137846988686433, 0.047539125002383255, 0.006995549778197504, 0.016028081153140025, 0.006685975574018502, 0.008784419421259074, 0.00526113504045144]</VALUES>
		<LCS_MIN>[0.09528660029172897, 0.07250212132930756, 0.05017033591866493, 0.030670439824461937, 0.005225783679634333, 0.0]</LCS_MIN>
		<LCS_MAX>[0.11040189862251282, 0.09806697070598602, 0.07377301901578903, 0.07282162457704544, 0.045932769775390625, 0.033951833844184875]</LCS_MAX>
		<WAVELENGTH>[0.485, 0.56, 0.66, 0.83, 1.65, 2.215]</WAVELENGTH>
		<MEAN_VALUE>[0.10306195795652226, 0.09148176004256876, 0.06294116001670588, 0.047539125002383255, 0.016028081153140025, 0.008784419421259074]</MEAN_VALUE>
		<CHECKBOX>2</CHECKBOX>
		<SD>[0.002516355470754967, 0.003237432447208793, 0.0030137846988686433, 0.006995549778197504, 0.006685975574018502, 0.00526113504045144]</SD>
		<WAVELENGTH_UNIT>E-6m</WAVELENGTH_UNIT>
		<COLOR>#0eeaf0</COLOR>
		<COVARIANCE_MATRIX>[[6.344412213366013e-06, 4.25770531364833e-06, 3.236579459553468e-06, -3.6450890092964983e-06, -4.4483044803200755e-06, -2.4265632418973837e-06], [4.25770531364833e-06, 1.0501439646759536e-05, 4.244094270688947e-06, -5.838846391270636e-06, -6.117621524026617e-06, -2.503065161363338e-06], [3.236579459553468e-06, 4.244094270688947e-06, 9.100638635572977e-06, 4.502851879806258e-06, 3.0181270176399266e-06, 3.5807195217785193e-06], [-3.6450890092964983e-06, -5.838846391270636e-06, 4.502851879806258e-06, 4.903329681837931e-05, 3.420568464207463e-05, 2.2192793039721437e-05], [-4.4483044803200755e-06, -6.117621524026617e-06, 3.0181270176399266e-06, 3.420568464207463e-05, 4.47895799879916e-05, 2.370714719290845e-05], [-2.4265632418973837e-06, -2.503065161363338e-06, 3.5807195217785193e-06, 2.2192793039721437e-05, 2.370714719290845e-05, 2.7733603928936645e-05]]</COVARIANCE_MATRIX>
		<ROI_SIZE>513</ROI_SIZE>
		<MAX_VALUE>[0.11040189862251282, 0.09806697070598602, 0.07377301901578903, 0.07282162457704544, 0.045932769775390625, 0.033951833844184875]</MAX_VALUE>
		<MIN_VALUE>[0.09528660029172897, 0.07250212132930756, 0.05017033591866493, 0.030670439824461937, 0.005225783679634333, 0.0]</MIN_VALUE>
		<SIGNATURE_THRESHOLD_MD>0.0</SIGNATURE_THRESHOLD_MD>
		<SIGNATURE_THRESHOLD_ML>0.0</SIGNATURE_THRESHOLD_ML>
		<SIGNATURE_THRESHOLD_SAM>0.0</SIGNATURE_THRESHOLD_SAM>
	</signature>
	<signature ID="20210204_160438294949_798">
		<MACROCLASSID>1</MACROCLASSID>
		<MACROCLASSINFO>waterbody</MACROCLASSINFO>
		<CLASSID>6</CLASSID>
		<CLASSINFO>C 1</CLASSINFO>
		<VALUES>[0.11238888199900236, 0.0029739014593171595, 0.11617325802504178, 0.0053589729097615465, 0.09001472749760449, 0.003767035322278612, 0.06480695427933213, 0.010304384411192491, 0.02502505291043453, 0.008550235211202795, 0.01534379286114389, 0.006897504774119633]</VALUES>
		<LCS_MIN>[0.10536346584558487, 0.09806697070598602, 0.07714483886957169, 0.04753090813755989, 0.013367182575166225, 0.0027737589552998543]</LCS_MIN>
		<LCS_MAX>[0.12047876417636871, 0.12363181263208389, 0.09400391578674316, 0.09389719367027283, 0.04864657670259476, 0.033951833844184875]</LCS_MAX>
		<WAVELENGTH>[0.485, 0.56, 0.66, 0.83, 1.65, 2.215]</WAVELENGTH>
		<MEAN_VALUE>[0.11238888199900236, 0.11617325802504178, 0.09001472749760449, 0.06480695427933213, 0.02502505291043453, 0.01534379286114389]</MEAN_VALUE>
		<CHECKBOX>2</CHECKBOX>
		<SD>[0.0029739014593171595, 0.0053589729097615465, 0.003767035322278612, 0.010304384411192491, 0.008550235211202795, 0.006897504774119633]</SD>
		<WAVELENGTH_UNIT>E-6m</WAVELENGTH_UNIT>
		<COLOR>#6e5eae</COLOR>
		<COVARIANCE_MATRIX>[[8.970434464572463e-06, 8.898108717403375e-06, 4.561070909403497e-06, -9.130295438808389e-06, -9.691432751424145e-06, -4.201135652692756e-06], [8.898108717403375e-06, 2.9128856112947688e-05, 1.4504577848128974e-05, -2.214645610365551e-05, -1.771438110154122e-05, -9.215817954100203e-06], [4.561070909403497e-06, 1.4504577848128974e-05, 1.439327752450481e-05, -2.582290790087427e-06, -2.5039419142558472e-06, 1.3008618680032669e-06], [-9.130295438808389e-06, -2.214645610365551e-05, -2.582290790087427e-06, 0.00010769719665404409, 7.091019506333396e-05, 5.196282654651441e-05], [-9.691432751424145e-06, -1.771438110154122e-05, -2.5039419142558472e-06, 7.091019506333396e-05, 7.415089930873364e-05, 4.5972141379024833e-05], [-4.201135652692756e-06, -9.215817954100203e-06, 1.3008618680032669e-06, 5.196282654651441e-05, 4.5972141379024833e-05, 4.825522410101257e-05]]</COVARIANCE_MATRIX>
		<ROI_SIZE>71</ROI_SIZE>
		<MAX_VALUE>[0.12047876417636871, 0.12363181263208389, 0.09400391578674316, 0.09389719367027283, 0.04864657670259476, 0.033951833844184875]</MAX_VALUE>
		<MIN_VALUE>[0.10536346584558487, 0.09806697070598602, 0.07714483886957169, 0.04753090813755989, 0.013367182575166225, 0.0027737589552998543]</MIN_VALUE>
		<SIGNATURE_THRESHOLD_MD>0.0</SIGNATURE_THRESHOLD_MD>
		<SIGNATURE_THRESHOLD_ML>0.0</SIGNATURE_THRESHOLD_ML>
		<SIGNATURE_THRESHOLD_SAM>0.0</SIGNATURE_THRESHOLD_SAM>
	</signature>
	<signature ID="20210204_160444531997_832">
		<MACROCLASSID>1</MACROCLASSID>
		<MACROCLASSINFO>waterbody</MACROCLASSINFO>
		<CLASSID>7</CLASSID>
		<CLASSINFO>C 1</CLASSINFO>
		<VALUES>[0.11089596094044311, 0.00218020746545348, 0.10475826690465447, 0.0026944360306825265, 0.06808809623178189, 0.0024631546246972626, 0.04118844061111682, 0.004278377773561685, 0.007743676793162842, 0.0027931289011978214, 0.004327784765216645, 0.0030559315399407367]</VALUES>
		<LCS_MIN>[0.10368398576974869, 0.0944148451089859, 0.0602857731282711, 0.030670439824461937, 0.0, 0.0]</LCS_MIN>
		<LCS_MAX>[0.11879929155111313, 0.11632756888866425, 0.08051665872335434, 0.07703672349452972, 0.04321897402405739, 0.033951833844184875]</LCS_MAX>
		<WAVELENGTH>[0.485, 0.56, 0.66, 0.83, 1.65, 2.215]</WAVELENGTH>
		<MEAN_VALUE>[0.11089596094044311, 0.10475826690465447, 0.06808809623178189, 0.04118844061111682, 0.007743676793162842, 0.004327784765216645]</MEAN_VALUE>
		<CHECKBOX>2</CHECKBOX>
		<SD>[0.00218020746545348, 0.0026944360306825265, 0.0024631546246972626, 0.004278377773561685, 0.0027931289011978214, 0.0030559315399407367]</SD>
		<WAVELENGTH_UNIT>E-6m</WAVELENGTH_UNIT>
		<COLOR>#3f8a6d</COLOR>
		<COVARIANCE_MATRIX>[[4.784745215147268e-06, 6.770231948394212e-07, 1.4075185390538536e-06, 2.4098908397718333e-06, 1.0519996749280836e-06, 6.169556172608281e-07], [6.770231948394212e-07, 7.568291039206088e-06, 1.5652727824999602e-06, 2.352064939259435e-06, 1.260063697827718e-07, -1.4332461262256402e-07], [1.4075185390538536e-06, 1.5652727824999602e-06, 6.01950341660995e-06, 5.3988546824257355e-06, 2.2069893930165563e-06, 1.1829499726445647e-06], [2.4098908397718333e-06, 2.352064939259435e-06, 5.3988546824257355e-06, 1.8573122360976413e-05, 6.368897629727144e-06, 3.5242178455519024e-06], [1.0519996749280836e-06, 1.260063697827718e-07, 2.2069893930165563e-06, 6.368897629727144e-06, 7.753401405352633e-06, 2.1397247564891586e-06], [6.169556172608281e-07, -1.4332461262256402e-07, 1.1829499726445647e-06, 3.5242178455519024e-06, 2.1397247564891586e-06, 9.204746675095521e-06]]</COVARIANCE_MATRIX>
		<ROI_SIZE>9629</ROI_SIZE>
		<MAX_VALUE>[0.11879929155111313, 0.11632756888866425, 0.08051665872335434, 0.07703672349452972, 0.04321897402405739, 0.033951833844184875]</MAX_VALUE>
		<MIN_VALUE>[0.10368398576974869, 0.0944148451089859, 0.0602857731282711, 0.030670439824461937, 0.0, 0.0]</MIN_VALUE>
		<SIGNATURE_THRESHOLD_MD>0.0</SIGNATURE_THRESHOLD_MD>
		<SIGNATURE_THRESHOLD_ML>0.0</SIGNATURE_THRESHOLD_ML>
		<SIGNATURE_THRESHOLD_SAM>0.0</SIGNATURE_THRESHOLD_SAM>
	</signature>
	<signature ID="20210204_160447961736_248">
		<MACROCLASSID>1</MACROCLASSID>
		<MACROCLASSINFO>waterbody</MACROCLASSINFO>
		<CLASSID>8</CLASSID>
		<CLASSINFO>C 1</CLASSINFO>
		<VALUES>[0.11681131326262313, 0.0033508121189722217, 0.09485520037505614, 0.0029395676167182096, 0.06768854117052513, 0.003362735785795221, 0.057940020381242234, 0.007419966108386808, 0.016292627562284688, 0.005592916789337338, 0.008839326320773229, 0.004151578782280554]</VALUES>
		<LCS_MIN>[0.10536346584558487, 0.0798063799738884, 0.0602857731282711, 0.04753090813755989, 0.005225783679634333, 0.0]</LCS_MIN>
		<LCS_MAX>[0.12719666957855225, 0.10537121444940567, 0.08726028352975845, 0.08546696603298187, 0.04321897402405739, 0.033951833844184875]</LCS_MAX>
		<WAVELENGTH>[0.485, 0.56, 0.66, 0.83, 1.65, 2.215]</WAVELENGTH>
		<MEAN_VALUE>[0.11681131326262313, 0.09485520037505614, 0.06768854117052513, 0.057940020381242234, 0.016292627562284688, 0.008839326320773229]</MEAN_VALUE>
		<CHECKBOX>2</CHECKBOX>
		<SD>[0.0033508121189722217, 0.0029395676167182096, 0.003362735785795221, 0.007419966108386808, 0.005592916789337338, 0.004151578782280554]</SD>
		<WAVELENGTH_UNIT>E-6m</WAVELENGTH_UNIT>
		<COLOR>#dd0233</COLOR>
		<COVARIANCE_MATRIX>[[1.1233705663471483e-05, 6.105843567638658e-06, 7.57275529394974e-06, 7.23572065908229e-06, 2.402700147285941e-06, 1.2820812571590068e-06], [6.105843567638658e-06, 8.645493835501838e-06, 5.955236701993272e-06, 5.900619271415053e-06, 1.64171206051833e-06, 9.171557167064748e-07], [7.57275529394974e-06, 5.955236701993272e-06, 1.1313796676404309e-05, 1.1630765584413894e-05, 5.952877017989522e-06, 3.323777946206974e-06], [7.23572065908229e-06, 5.900619271415053e-06, 1.1630765584413894e-05, 5.50841614312958e-05, 3.190725328749977e-05, 1.761665043886751e-05], [2.402700147285941e-06, 1.64171206051833e-06, 5.952877017989522e-06, 3.190725328749977e-05, 3.129677497781813e-05, 1.4763634681003168e-05], [1.2820812571590068e-06, 9.171557167064748e-07, 3.323777946206974e-06, 1.761665043886751e-05, 1.4763634681003168e-05, 1.7244454284082167e-05]]</COVARIANCE_MATRIX>
		<ROI_SIZE>1949</ROI_SIZE>
		<MAX_VALUE>[0.12719666957855225, 0.10537121444940567, 0.08726028352975845, 0.08546696603298187, 0.04321897402405739, 0.033951833844184875]</MAX_VALUE>
		<MIN_VALUE>[0.10536346584558487, 0.0798063799738884, 0.0602857731282711, 0.04753090813755989, 0.005225783679634333, 0.0]</MIN_VALUE>
		<SIGNATURE_THRESHOLD_MD>0.0</SIGNATURE_THRESHOLD_MD>
		<SIGNATURE_THRESHOLD_ML>0.0</SIGNATURE_THRESHOLD_ML>
		<SIGNATURE_THRESHOLD_SAM>0.0</SIGNATURE_THRESHOLD_SAM>
	</signature>
	<signature ID="20210204_160458413322_603">
		<MACROCLASSID>1</MACROCLASSID>
		<MACROCLASSINFO>waterbody</MACROCLASSINFO>
		<CLASSID>9</CLASSID>
		<CLASSINFO>C 1</CLASSINFO>
		<VALUES>[0.12569093091294098, 0.0021952447584477164, 0.12059137830740126, 0.004644468287600063, 0.0971597985827864, 0.004194652767405303, 0.07035068338140482, 0.008415901039264869, 0.020706472370149612, 0.007367736876538804, 0.011802504664938429, 0.006344537497037034]</VALUES>
		<LCS_MIN>[0.11711981147527695, 0.09806697070598602, 0.08051665872335434, 0.055961139500141144, 0.005225783679634333, 0.0]</LCS_MIN>
		<LCS_MAX>[0.1322350949048996, 0.12728393077850342, 0.10749117285013199, 0.09389719367027283, 0.045932769775390625, 0.03784909471869469]</LCS_MAX>
		<WAVELENGTH>[0.485, 0.56, 0.66, 0.83, 1.65, 2.215]</WAVELENGTH>
		<MEAN_VALUE>[0.12569093091294098, 0.12059137830740126, 0.0971597985827864, 0.07035068338140482, 0.020706472370149612, 0.011802504664938429]</MEAN_VALUE>
		<CHECKBOX>2</CHECKBOX>
		<SD>[0.0021952447584477164, 0.004644468287600063, 0.004194652767405303, 0.008415901039264869, 0.007367736876538804, 0.006344537497037034]</SD>
		<WAVELENGTH_UNIT>E-6m</WAVELENGTH_UNIT>
		<COLOR>#4c5768</COLOR>
		<COVARIANCE_MATRIX>[[4.8429565140395425e-06, 5.146275725564919e-06, 4.803491719940212e-06, -6.332357315841364e-06, -4.372590865386883e-06, -1.7938890550794895e-06], [5.146275725564919e-06, 2.1677873519365676e-05, 1.2873731975560077e-05, -2.1496040062629618e-05, -1.4618937711929902e-05, -9.284556654165499e-06], [4.803491719940212e-06, 1.2873731975560077e-05, 1.768221591191832e-05, -7.0092451096570585e-06, -1.7142288015747909e-06, 1.029711256705923e-06], [-6.332357315841364e-06, -2.1496040062629618e-05, -7.0092451096570585e-06, 7.117802306311205e-05, 5.1862043619621545e-05, 3.893955727107823e-05], [-4.372590865386883e-06, -1.4618937711929902e-05, -1.7142288015747909e-06, 5.1862043619621545e-05, 5.455227801576257e-05, 3.7667872675228864e-05], [-1.7938890550794895e-06, -9.284556654165499e-06, 1.029711256705923e-06, 3.893955727107823e-05, 3.7667872675228864e-05, 4.045242894790135e-05]]</COVARIANCE_MATRIX>
		<ROI_SIZE>203</ROI_SIZE>
		<MAX_VALUE>[0.1322350949048996, 0.12728393077850342, 0.10749117285013199, 0.09389719367027283, 0.045932769775390625, 0.03784909471869469]</MAX_VALUE>
		<MIN_VALUE>[0.11711981147527695, 0.09806697070598602, 0.08051665872335434, 0.055961139500141144, 0.005225783679634333, 0.0]</MIN_VALUE>
		<SIGNATURE_THRESHOLD_MD>0.0</SIGNATURE_THRESHOLD_MD>
		<SIGNATURE_THRESHOLD_ML>0.0</SIGNATURE_THRESHOLD_ML>
		<SIGNATURE_THRESHOLD_SAM>0.0</SIGNATURE_THRESHOLD_SAM>
	</signature>
	<signature ID="20210204_160502874033_856">
		<MACROCLASSID>1</MACROCLASSID>
		<MACROCLASSINFO>waterbody</MACROCLASSINFO>
		<CLASSID>10</CLASSID>
		<CLASSINFO>C 1</CLASSINFO>
		<VALUES>[0.1236627688631415, 0.0030804339204799865, 0.11225698112199703, 0.006053368553343032, 0.08251867579141012, 0.004230981423779856, 0.07554387774628898, 0.009959541962987947, 0.02297855504245187, 0.008598903559708233, 0.012638696605184421, 0.006004845039774036]</VALUES>
		<LCS_MIN>[0.1120813712477684, 0.08345848321914673, 0.0602857731282711, 0.060176268219947815, 0.010653382167220116, 0.0027737589552998543]</LCS_MIN>
		<LCS_MAX>[0.1305556297302246, 0.12363181263208389, 0.09063210338354111, 0.0981123074889183, 0.045932769775390625, 0.030054574832320213]</LCS_MAX>
		<WAVELENGTH>[0.485, 0.56, 0.66, 0.83, 1.65, 2.215]</WAVELENGTH>
		<MEAN_VALUE>[0.1236627688631415, 0.11225698112199703, 0.08251867579141012, 0.07554387774628898, 0.02297855504245187, 0.012638696605184421]</MEAN_VALUE>
		<CHECKBOX>2</CHECKBOX>
		<SD>[0.0030804339204799865, 0.006053368553343032, 0.004230981423779856, 0.009959541962987947, 0.008598903559708233, 0.006004845039774036]</SD>
		<WAVELENGTH_UNIT>E-6m</WAVELENGTH_UNIT>
		<COLOR>#64a6a2</COLOR>
		<COVARIANCE_MATRIX>[[9.588958164385986e-06, 1.4905045645718928e-05, 9.891423360386398e-06, -2.2758852082915837e-06, 6.113013569120085e-06, 4.775534307555063e-06], [1.4905045645718928e-05, 3.702898902702145e-05, 2.1067939087515697e-05, -1.7483800547779538e-05, 1.873544420050166e-06, 4.171651653450681e-06], [9.891423360386398e-06, 2.1067939087515697e-05, 1.8089636796503328e-05, -3.5624993870442268e-06, 7.236055807879893e-06, 5.3557496357825585e-06], [-2.2758852082915837e-06, -1.7483800547779538e-05, -3.5624993870442268e-06, 0.00010023660433944315, 6.699828372802585e-05, 3.926363933715038e-05], [6.113013569120085e-06, 1.873544420050166e-06, 7.236055807879893e-06, 6.699828372802585e-05, 7.471947174053639e-05, 4.00093304051552e-05], [4.775534307555063e-06, 4.171651653450681e-06, 5.3557496357825585e-06, 3.926363933715038e-05, 4.00093304051552e-05, 3.6437722883420065e-05]]</COVARIANCE_MATRIX>
		<ROI_SIZE>96</ROI_SIZE>
		<MAX_VALUE>[0.1305556297302246, 0.12363181263208389, 0.09063210338354111, 0.0981123074889183, 0.045932769775390625, 0.030054574832320213]</MAX_VALUE>
		<MIN_VALUE>[0.1120813712477684, 0.08345848321914673, 0.0602857731282711, 0.060176268219947815, 0.010653382167220116, 0.0027737589552998543]</MIN_VALUE>
		<SIGNATURE_THRESHOLD_MD>0.0</SIGNATURE_THRESHOLD_MD>
		<SIGNATURE_THRESHOLD_ML>0.0</SIGNATURE_THRESHOLD_ML>
		<SIGNATURE_THRESHOLD_SAM>0.0</SIGNATURE_THRESHOLD_SAM>
	</signature>
	<signature ID="20210204_160512332283_573">
		<MACROCLASSID>1</MACROCLASSID>
		<MACROCLASSINFO>waterbody</MACROCLASSINFO>
		<CLASSID>11</CLASSID>
		<CLASSINFO>C 1</CLASSINFO>
		<VALUES>[0.12749356190243052, 0.0019898516591290876, 0.13176521080412087, 0.0032794750206543615, 0.09762700671649684, 0.004233965773457198, 0.07651075614903582, 0.005501758283130564, 0.0209441853790468, 0.005955763994042874, 0.010132226294013103, 0.0049492553081140365]</VALUES>
		<LCS_MIN>[0.1221582293510437, 0.11997969448566437, 0.09063210338354111, 0.06860650330781937, 0.00793958269059658, 0.0]</LCS_MIN>
		<LCS_MAX>[0.13391457498073578, 0.13824030756950378, 0.11086297035217285, 0.10232742875814438, 0.04864657670259476, 0.033951833844184875]</LCS_MAX>
		<WAVELENGTH>[0.485, 0.56, 0.66, 0.83, 1.65, 2.215]</WAVELENGTH>
		<MEAN_VALUE>[0.12749356190243052, 0.13176521080412087, 0.09762700671649684, 0.07651075614903582, 0.0209441853790468, 0.010132226294013103]</MEAN_VALUE>
		<CHECKBOX>2</CHECKBOX>
		<SD>[0.0019898516591290876, 0.0032794750206543615, 0.004233965773457198, 0.005501758283130564, 0.005955763994042874, 0.0049492553081140365]</SD>
		<WAVELENGTH_UNIT>E-6m</WAVELENGTH_UNIT>
		<COLOR>#9a6db3</COLOR>
		<COVARIANCE_MATRIX>[[3.966383701481391e-06, 1.7979533595280373e-06, 2.039018909272272e-06, 7.463611950697668e-07, 4.05238296252719e-07, 2.7740964014810743e-07], [1.7979533595280373e-06, 1.0773627764137927e-05, 3.062261839659186e-06, -4.4539560803968925e-06, -3.144640913887997e-06, -2.64871437138936e-06], [2.039018909272272e-06, 3.062261839659186e-06, 1.795758907974232e-05, 1.140869062510319e-05, 9.181285349768586e-06, 6.201080850587459e-06], [7.463611950697668e-07, -4.4539560803968925e-06, 1.140869062510319e-05, 3.0321894882945344e-05, 2.1110983652761206e-05, 1.6278836483252235e-05], [4.05238296252719e-07, -3.144640913887997e-06, 9.181285349768586e-06, 2.1110983652761206e-05, 3.553270653355867e-05, 2.0960984329576604e-05], [2.7740964014810743e-07, -2.64871437138936e-06, 6.201080850587459e-06, 1.6278836483252235e-05, 2.0960984329576604e-05, 2.4537654098821804e-05]]</COVARIANCE_MATRIX>
		<ROI_SIZE>577</ROI_SIZE>
		<MAX_VALUE>[0.13391457498073578, 0.13824030756950378, 0.11086297035217285, 0.10232742875814438, 0.04864657670259476, 0.033951833844184875]</MAX_VALUE>
		<MIN_VALUE>[0.1221582293510437, 0.11997969448566437, 0.09063210338354111, 0.06860650330781937, 0.00793958269059658, 0.0]</MIN_VALUE>
		<SIGNATURE_THRESHOLD_MD>0.0</SIGNATURE_THRESHOLD_MD>
		<SIGNATURE_THRESHOLD_ML>0.0</SIGNATURE_THRESHOLD_ML>
		<SIGNATURE_THRESHOLD_SAM>0.0</SIGNATURE_THRESHOLD_SAM>
	</signature>
	<signature ID="20210204_160516940915_626">
		<MACROCLASSID>1</MACROCLASSID>
		<MACROCLASSINFO>waterbody</MACROCLASSINFO>
		<CLASSID>12</CLASSID>
		<CLASSINFO>C 1</CLASSINFO>
		<VALUES>[0.13441841900348667, 0.0036371425644520744, 0.12772218063473703, 0.006051505362563762, 0.09717341914772988, 0.004974309220867534, 0.09381289303302764, 0.019065939753211095, 0.041373593099415296, 0.02268217051313083, 0.022104166178032753, 0.014455838231124002]</VALUES>
		<LCS_MIN>[0.12383771687746048, 0.10537121444940567, 0.08726028352975845, 0.07282162457704544, 0.01879478059709072, 0.0027737589552998543]</LCS_MIN>
		<LCS_MAX>[0.13895300030708313, 0.13458816707134247, 0.11086297035217285, 0.14447858929634094, 0.10020877420902252, 0.05733538419008255]</LCS_MAX>
		<WAVELENGTH>[0.485, 0.56, 0.66, 0.83, 1.65, 2.215]</WAVELENGTH>
		<MEAN_VALUE>[0.13441841900348667, 0.12772218063473703, 0.09717341914772988, 0.09381289303302764, 0.041373593099415296, 0.022104166178032753]</MEAN_VALUE>
		<CHECKBOX>2</CHECKBOX>
		<SD>[0.0036371425644520744, 0.006051505362563762, 0.004974309220867534, 0.019065939753211095, 0.02268217051313083, 0.014455838231124002]</SD>
		<WAVELENGTH_UNIT>E-6m</WAVELENGTH_UNIT>
		<COLOR>#d286ed</COLOR>
		<COVARIANCE_MATRIX>[[1.349878129985882e-05, 1.9051856725127436e-05, 8.30940916785039e-06, -4.6765999286435544e-05, -5.560470890486613e-05, -3.0509369025821798e-05], [1.9051856725127436e-05, 3.736807775567286e-05, 1.3661287994182203e-05, -8.981360588222742e-05, -0.00010435393778607249, -5.715376391890459e-05], [8.30940916785039e-06, 1.3661287994182203e-05, 2.5248726160498336e-05, 7.814018317731097e-06, 9.703175237518735e-06, 1.3645003491546959e-05], [-4.6765999286435544e-05, -8.981360588222742e-05, 7.814018317731097e-06, 0.0003709286393132061, 0.00041841468191705644, 0.0002457271621096879], [-5.560470890486613e-05, -0.00010435393778607249, 9.703175237518735e-06, 0.00041841468191705644, 0.0005249804817140102, 0.0003072848776355386], [-3.0509369025821798e-05, -5.715376391890459e-05, 1.3645003491546959e-05, 0.0002457271621096879, 0.0003072848776355386, 0.00021323598048184067]]</COVARIANCE_MATRIX>
		<ROI_SIZE>50</ROI_SIZE>
		<MAX_VALUE>[0.13895300030708313, 0.13458816707134247, 0.11086297035217285, 0.14447858929634094, 0.10020877420902252, 0.05733538419008255]</MAX_VALUE>
		<MIN_VALUE>[0.12383771687746048, 0.10537121444940567, 0.08726028352975845, 0.07282162457704544, 0.01879478059709072, 0.0027737589552998543]</MIN_VALUE>
		<SIGNATURE_THRESHOLD_MD>0.0</SIGNATURE_THRESHOLD_MD>
		<SIGNATURE_THRESHOLD_ML>0.0</SIGNATURE_THRESHOLD_ML>
		<SIGNATURE_THRESHOLD_SAM>0.0</SIGNATURE_THRESHOLD_SAM>
	</signature>
	<signature ID="20210204_160726875912_937">
		<MACROCLASSID>1</MACROCLASSID>
		<MACROCLASSINFO>waterbody</MACROCLASSINFO>
		<CLASSID>13</CLASSID>
		<CLASSINFO>C 1</CLASSINFO>
		<VALUES>[0.122475119272493, 0.0032503556432941305, 0.11310268207541059, 0.0064842903834346245, 0.10821642226205681, 0.009260163394676522, 0.11145753258804107, 0.014552597979528513, 0.038651599977516875, 0.01454026046738535, 0.02228946921433199, 0.009818551618544977]</VALUES>
		<LCS_MIN>[0.1120813712477684, 0.09076272696256638, 0.07714483886957169, 0.09389719367027283, 0.013367182575166225, 0.006671017501503229]</LCS_MIN>
		<LCS_MAX>[0.13391457498073578, 0.12728393077850342, 0.12435022741556168, 0.1529088318347931, 0.07035697251558304, 0.04564361274242401]</LCS_MAX>
		<WAVELENGTH>[0.485, 0.56, 0.66, 0.83, 1.65, 2.215]</WAVELENGTH>
		<MEAN_VALUE>[0.122475119272493, 0.11310268207541059, 0.10821642226205681, 0.11145753258804107, 0.038651599977516875, 0.02228946921433199]</MEAN_VALUE>
		<CHECKBOX>2</CHECKBOX>
		<SD>[0.0032503556432941305, 0.0064842903834346245, 0.009260163394676522, 0.014552597979528513, 0.01454026046738535, 0.009818551618544977]</SD>
		<WAVELENGTH_UNIT>E-6m</WAVELENGTH_UNIT>
		<COLOR>#1482d2</COLOR>
		<COVARIANCE_MATRIX>[[1.060483009496238e-05, 1.6266980310319923e-05, 2.387946005910635e-05, -1.4300558177637868e-05, -9.061130185727961e-06, -4.804232958122157e-07], [1.6266980310319923e-05, 4.2205287172691897e-05, 5.4263560741674155e-05, -4.315874321036972e-05, -3.351859777467325e-05, -9.231880540028214e-06], [2.387946005910635e-05, 5.4263560741674155e-05, 8.60754371387884e-05, -7.26491489331238e-05, -5.07802797073964e-05, -1.4058205124456435e-05], [-1.4300558177637868e-05, -4.315874321036972e-05, -7.26491489331238e-05, 0.00021258030028548092, 0.00017332022252958268, 9.692592720966786e-05], [-9.061130185727961e-06, -3.351859777467325e-05, -5.07802797073964e-05, 0.00017332022252958268, 0.00021222000941634178, 0.00012464768951758742], [-4.804232958122157e-07, -9.231880540028214e-06, -1.4058205124456435e-05, 9.692592720966786e-05, 0.00012464768951758742, 9.67691230471246e-05]]</COVARIANCE_MATRIX>
		<ROI_SIZE>265</ROI_SIZE>
		<MAX_VALUE>[0.13391457498073578, 0.12728393077850342, 0.12435022741556168, 0.1529088318347931, 0.07035697251558304, 0.04564361274242401]</MAX_VALUE>
		<MIN_VALUE>[0.1120813712477684, 0.09076272696256638, 0.07714483886957169, 0.09389719367027283, 0.013367182575166225, 0.006671017501503229]</MIN_VALUE>
		<SIGNATURE_THRESHOLD_MD>0.0</SIGNATURE_THRESHOLD_MD>
		<SIGNATURE_THRESHOLD_ML>0.0</SIGNATURE_THRESHOLD_ML>
		<SIGNATURE_THRESHOLD_SAM>0.0</SIGNATURE_THRESHOLD_SAM>
	</signature>
	<signature ID="20210204_160741218478_879">
		<MACROCLASSID>1</MACROCLASSID>
		<MACROCLASSINFO>waterbody</MACROCLASSINFO>
		<CLASSID>14</CLASSID>
		<CLASSINFO>C 1</CLASSINFO>
		<VALUES>[0.11332272446673847, 0.0031891758120861373, 0.09358121122678982, 0.004540574690600873, 0.0681655571350585, 0.004047310831520122, 0.07030170645726759, 0.008964472196692752, 0.023779912588550993, 0.0077409721829163, 0.011839123154261515, 0.004979956017886514]</VALUES>
		<LCS_MIN>[0.10536346584558487, 0.07615425437688828, 0.056913960725069046, 0.060176268219947815, 0.010653382167220116, 0.0027737589552998543]</LCS_MIN>
		<LCS_MAX>[0.11879929155111313, 0.10171909630298615, 0.07714483886957169, 0.09389719367027283, 0.045932769775390625, 0.02615731582045555]</LCS_MAX>
		<WAVELENGTH>[0.485, 0.56, 0.66, 0.83, 1.65, 2.215]</WAVELENGTH>
		<MEAN_VALUE>[0.11332272446673847, 0.09358121122678982, 0.0681655571350585, 0.07030170645726759, 0.023779912588550993, 0.011839123154261515]</MEAN_VALUE>
		<CHECKBOX>2</CHECKBOX>
		<SD>[0.0031891758120861373, 0.004540574690600873, 0.004047310831520122, 0.008964472196692752, 0.0077409721829163, 0.004979956017886514]</SD>
		<WAVELENGTH_UNIT>E-6m</WAVELENGTH_UNIT>
		<COLOR>#bfaebb</COLOR>
		<COVARIANCE_MATRIX>[[1.0282609764544759e-05, 1.0010770893131848e-05, 9.153146493190434e-06, -1.014018926071003e-05, 2.547843394040683e-07, 2.9364964575506747e-06], [1.0010770893131848e-05, 2.0843377569690347e-05, 1.3136494089849293e-05, -1.8532864487497136e-05, -1.788780423339631e-06, 2.4787523216218688e-06], [9.153146493190434e-06, 1.3136494089849293e-05, 1.656073254707735e-05, -3.3528335734445136e-06, 8.55255620990647e-06, 6.626913091167808e-06], [-1.014018926071003e-05, -1.8532864487497136e-05, -3.3528335734445136e-06, 8.124485611915588e-05, 5.2799394325120375e-05, 2.3636463083676063e-05], [2.547843394040683e-07, -1.788780423339631e-06, 8.55255620990647e-06, 5.2799394325120375e-05, 6.058114013285376e-05, 2.6253981559420936e-05], [2.9364964575506747e-06, 2.4787523216218688e-06, 6.626913091167808e-06, 2.3636463083676063e-05, 2.6253981559420936e-05, 2.507248973415699e-05]]</COVARIANCE_MATRIX>
		<ROI_SIZE>92</ROI_SIZE>
		<MAX_VALUE>[0.11879929155111313, 0.10171909630298615, 0.07714483886957169, 0.09389719367027283, 0.045932769775390625, 0.02615731582045555]</MAX_VALUE>
		<MIN_VALUE>[0.10536346584558487, 0.07615425437688828, 0.056913960725069046, 0.060176268219947815, 0.010653382167220116, 0.0027737589552998543]</MIN_VALUE>
		<SIGNATURE_THRESHOLD_MD>0.0</SIGNATURE_THRESHOLD_MD>
		<SIGNATURE_THRESHOLD_ML>0.0</SIGNATURE_THRESHOLD_ML>
		<SIGNATURE_THRESHOLD_SAM>0.0</SIGNATURE_THRESHOLD_SAM>
	</signature>
	<signature ID="20210204_160748138179_508">
		<MACROCLASSID>1</MACROCLASSID>
		<MACROCLASSINFO>waterbody</MACROCLASSINFO>
		<CLASSID>15</CLASSID>
		<CLASSINFO>C 1</CLASSINFO>
		<VALUES>[0.1246774517931044, 0.0014943263431665378, 0.1303273585314552, 0.002722127243336985, 0.1050325504814585, 0.0022555489558627184, 0.11620219377800821, 0.014215172872691596, 0.030667653113293152, 0.013508082289976003, 0.014384344200758884, 0.008768457730967042]</VALUES>
		<LCS_MIN>[0.12047876417636871, 0.12363181263208389, 0.10074754059314728, 0.10232742875814438, 0.016080982983112335, 0.0027737589552998543]</LCS_MIN>
		<LCS_MAX>[0.12719666957855225, 0.13458816707134247, 0.11086297035217285, 0.16133907437324524, 0.07035697251558304, 0.0417463555932045]</LCS_MAX>
		<WAVELENGTH>[0.485, 0.56, 0.66, 0.83, 1.65, 2.215]</WAVELENGTH>
		<MEAN_VALUE>[0.1246774517931044, 0.1303273585314552, 0.1050325504814585, 0.11620219377800821, 0.030667653113293152, 0.014384344200758884]</MEAN_VALUE>
		<CHECKBOX>2</CHECKBOX>
		<SD>[0.0014943263431665378, 0.002722127243336985, 0.0022555489558627184, 0.014215172872691596, 0.013508082289976003, 0.008768457730967042]</SD>
		<WAVELENGTH_UNIT>E-6m</WAVELENGTH_UNIT>
		<COLOR>#842351</COLOR>
		<COVARIANCE_MATRIX>[[2.2805220396548975e-06, 7.830188337720756e-07, 1.506088551650464e-06, 6.024706635798793e-07, 1.2606500376932672e-06, -9.052118343788607e-07], [7.830188337720756e-07, 7.56763574827346e-06, 1.8777061541186413e-06, -1.9542852896847762e-05, -1.4972097233112436e-05, -6.107166882429738e-06], [1.506088551650464e-06, 1.8777061541186413e-06, 5.195745870878454e-06, -7.799294508004095e-06, -4.2588612814142834e-06, -1.3222452253103256e-06], [6.024706635798793e-07, -1.9542852896847762e-05, -7.799294508004095e-06, 0.00020637053239624947, 0.00016835986752994359, 8.713220449863002e-05], [1.2606500376932672e-06, -1.4972097233112436e-05, -4.2588612814142834e-06, 0.00016835986752994359, 0.0001863505895016715, 0.00010269777703797445], [-9.052118343788607e-07, -6.107166882429738e-06, -1.3222452253103256e-06, 8.713220449863002e-05, 0.00010269777703797445, 7.852171984268352e-05]]</COVARIANCE_MATRIX>
		<ROI_SIZE>48</ROI_SIZE>
		<MAX_VALUE>[0.12719666957855225, 0.13458816707134247, 0.11086297035217285, 0.16133907437324524, 0.07035697251558304, 0.0417463555932045]</MAX_VALUE>
		<MIN_VALUE>[0.12047876417636871, 0.12363181263208389, 0.10074754059314728, 0.10232742875814438, 0.016080982983112335, 0.0027737589552998543]</MIN_VALUE>
		<SIGNATURE_THRESHOLD_MD>0.0</SIGNATURE_THRESHOLD_MD>
		<SIGNATURE_THRESHOLD_ML>0.0</SIGNATURE_THRESHOLD_ML>
		<SIGNATURE_THRESHOLD_SAM>0.0</SIGNATURE_THRESHOLD_SAM>
	</signature>
	<signature ID="20210204_160754053638_484">
		<MACROCLASSID>1</MACROCLASSID>
		<MACROCLASSINFO>waterbody</MACROCLASSINFO>
		<CLASSID>16</CLASSID>
		<CLASSINFO>C 1</CLASSINFO>
		<VALUES>[0.11691246568052853, 0.0019100360454663112, 0.11100720172678984, 0.0027551623402445845, 0.08646936907812404, 0.0030561362836816386, 0.06616068769384313, 0.006782592047775384, 0.02181011363633989, 0.007006999638662965, 0.011771135733543357, 0.004961610181867807]</VALUES>
		<LCS_MIN>[0.10872241854667664, 0.10537121444940567, 0.08051665872335434, 0.055961139500141144, 0.010653382167220116, 0.0027737589552998543]</LCS_MIN>
		<LCS_MAX>[0.12047876417636871, 0.11632756888866425, 0.09737572818994522, 0.09389719367027283, 0.04321897402405739, 0.030054574832320213]</LCS_MAX>
