<?xml version="1.0" ?>
<signaturelist MCID_LIST="[['1', 'Waterbody', '#000000'], ['2', 'Vegetation', '#000000'], ['3', 'Bareland', '#000000'], ['4', 'Built-up', '#000000']]">
	<signature ID="20220209_154540081756_619">
		<MACROCLASSID>1</MACROCLASSID>
		<MACROCLASSINFO>Waterbody</MACROCLASSINFO>
		<CLASSID>1</CLASSID>
		<CLASSINFO>C 1</CLASSINFO>
		<VALUES>[0.1418046074289849, 0.005050978177020674, 0.14223142569014016, 0.007018665679805282, 0.14573332965651462, 0.00882714576728144, 0.16616398947975916, 0.01265200224576888, 0.13888488024528678, 0.01391336855092897, 0.12341162823209981, 0.014433422771028288]</VALUES>
		<LCS_MIN>[0.11928200721740723, 0.11782015860080719, 0.12249930948019028, 0.13401822745800018, 0.10748252272605896, 0.10004670917987823]</LCS_MIN>
		<LCS_MAX>[0.15327098965644836, 0.15921029448509216, 0.168901264667511, 0.18861329555511475, 0.16460075974464417, 0.15683455765247345]</LCS_MAX>
		<WAVELENGTH>[0.48, 0.56, 0.655, 0.865, 1.61, 2.2]</WAVELENGTH>
		<MEAN_VALUE>[0.1418046074289849, 0.14223142569014016, 0.14573332965651462, 0.16616398947975916, 0.13888488024528678, 0.12341162823209981]</MEAN_VALUE>
		<CHECKBOX>2</CHECKBOX>
		<SD>[0.005050978177020674, 0.007018665679805282, 0.00882714576728144, 0.01265200224576888, 0.01391336855092897, 0.014433422771028288]</SD>
		<WAVELENGTH_UNIT>E-6m</WAVELENGTH_UNIT>
		<COLOR>#2c440d</COLOR>
		<COVARIANCE_MATRIX>[[2.5559978894307278e-05, 2.9012600862188265e-05, 3.3179214369738474e-05, 1.5441006326000206e-05, 2.6755702492664568e-05, 3.4206626878585666e-05], [2.9012600862188265e-05, 4.9353573558619246e-05, 5.7290617405669764e-05, 4.991119203623384e-05, 6.428702181437984e-05, 7.343397010117769e-05], [3.3179214369738474e-05, 5.7290617405669764e-05, 7.806387293385342e-05, 7.39231109037064e-05, 9.298953227698803e-05, 0.00010115679469890893], [1.5441006326000206e-05, 4.991119203623384e-05, 7.39231109037064e-05, 0.00016037181194406003, 0.00015184484072960913, 0.00013432725972961634], [2.6755702492664568e-05, 6.428702181437984e-05, 9.298953227698803e-05, 0.00015184484072960913, 0.00019394297851249576, 0.00018330277816858143], [3.4206626878585666e-05, 7.343397010117769e-05, 0.00010115679469890893, 0.00013432725972961634, 0.00018330277816858143, 0.00020871235756203532]]</COVARIANCE_MATRIX>
		<ROI_SIZE>537</ROI_SIZE>
		<MAX_VALUE>[0.15327098965644836, 0.15921029448509216, 0.168901264667511, 0.18861329555511475, 0.16460075974464417, 0.15683455765247345]</MAX_VALUE>
		<MIN_VALUE>[0.11928200721740723, 0.11782015860080719, 0.12249930948019028, 0.13401822745800018, 0.10748252272605896, 0.10004670917987823]</MIN_VALUE>
		<SIGNATURE_THRESHOLD_MD>0.0</SIGNATURE_THRESHOLD_MD>
		<SIGNATURE_THRESHOLD_ML>0.0</SIGNATURE_THRESHOLD_ML>
		<SIGNATURE_THRESHOLD_SAM>0.0</SIGNATURE_THRESHOLD_SAM>
	</signature>
	<signature ID="20220209_154549722939_942">
		<MACROCLASSID>1</MACROCLASSID>
		<MACROCLASSINFO>Waterbody</MACROCLASSINFO>
		<CLASSID>2</CLASSID>
		<CLASSINFO>C 1</CLASSINFO>
		<VALUES>[0.13816841265343766, 0.0062321089563356505, 0.1415429098688695, 0.007828404193554921, 0.14861068879085854, 0.009875073831747438, 0.18415276984493412, 0.012566059879233272, 0.15450317610100092, 0.013152381057467102, 0.13520652684102577, 0.01262553217957253]</VALUES>
		<LCS_MIN>[0.12064158171415329, 0.11782015860080719, 0.11976978927850723, 0.16131576895713806, 0.12725423276424408, 0.10320158302783966]</LCS_MIN>
		<LCS_MAX>[0.1519114226102829, 0.15921029448509216, 0.17163078486919403, 0.21591083705425262, 0.17997875809669495, 0.15998944640159607]</LCS_MAX>
		<WAVELENGTH>[0.48, 0.56, 0.655, 0.865, 1.61, 2.2]</WAVELENGTH>
		<MEAN_VALUE>[0.13816841265343766, 0.1415429098688695, 0.14861068879085854, 0.18415276984493412, 0.15450317610100092, 0.13520652684102577]</MEAN_VALUE>
		<CHECKBOX>2</CHECKBOX>
		<SD>[0.0062321089563356505, 0.007828404193554921, 0.009875073831747438, 0.012566059879233272, 0.013152381057467102, 0.01262553217957253]</SD>
		<WAVELENGTH_UNIT>E-6m</WAVELENGTH_UNIT>
		<COLOR>#5ede54</COLOR>
		<COVARIANCE_MATRIX>[[3.9074569940567017e-05, 4.349371010903269e-05, 4.93262596137356e-05, -9.714779480418656e-06, 8.946964044298511e-06, 3.737108636414632e-05], [4.349371010903269e-05, 6.165532977320254e-05, 7.183162233559415e-05, 1.7560885680723004e-05, 3.390658093849197e-05, 6.282704998739064e-05], [4.93262596137356e-05, 7.183162233559415e-05, 9.810809569898993e-05, 4.706957042799331e-05, 6.625306559726596e-05, 9.323253470938653e-05], [-9.714779480418656e-06, 1.7560885680723004e-05, 4.706957042799331e-05, 0.00015886286564636976, 0.00013468363613355905, 9.83452337095514e-05], [8.946964044298511e-06, 3.390658093849197e-05, 6.625306559726596e-05, 0.00013468363613355905, 0.00017403352831024677, 0.00014388011186383665], [3.737108636414632e-05, 6.282704998739064e-05, 9.323253470938653e-05, 9.83452337095514e-05, 0.00014388011186383665, 0.000160370153025724]]</COVARIANCE_MATRIX>
		<ROI_SIZE>166</ROI_SIZE>
		<MAX_VALUE>[0.1519114226102829, 0.15921029448509216, 0.17163078486919403, 0.21591083705425262, 0.17997875809669495, 0.15998944640159607]</MAX_VALUE>
		<MIN_VALUE>[0.12064158171415329, 0.11782015860080719, 0.11976978927850723, 0.16131576895713806, 0.12725423276424408, 0.10320158302783966]</MIN_VALUE>
		<SIGNATURE_THRESHOLD_MD>0.0</SIGNATURE_THRESHOLD_MD>
		<SIGNATURE_THRESHOLD_ML>0.0</SIGNATURE_THRESHOLD_ML>
		<SIGNATURE_THRESHOLD_SAM>0.0</SIGNATURE_THRESHOLD_SAM>
	</signature>
	<signature ID="20220209_154554405551_310">
		<MACROCLASSID>1</MACROCLASSID>
		<MACROCLASSINFO>Waterbody</MACROCLASSINFO>
		<CLASSID>3</CLASSID>
		<CLASSINFO>C 1</CLASSINFO>
		<VALUES>[0.13776809963390985, 0.004834266548302706, 0.13594164174023296, 0.0063520960908676274, 0.13807136275999835, 0.008246975746208232, 0.15829633487214284, 0.01206620049287862, 0.12554731916823833, 0.013978946923561787, 0.10839920131851441, 0.014143846700892481]</VALUES>
		<LCS_MIN>[0.11928200721740723, 0.11782015860080719, 0.11976978927850723, 0.13401822745800018, 0.10089197009801865, 0.08427230268716812]</LCS_MIN>
		<LCS_MAX>[0.14647318422794342, 0.1503409743309021, 0.16071267426013947, 0.18520107865333557, 0.15361648797988892, 0.1379052847623825]</LCS_MAX>
		<WAVELENGTH>[0.48, 0.56, 0.655, 0.865, 1.61, 2.2]</WAVELENGTH>
		<MEAN_VALUE>[0.13776809963390985, 0.13594164174023296, 0.13807136275999835, 0.15829633487214284, 0.12554731916823833, 0.10839920131851441]</MEAN_VALUE>
		<CHECKBOX>2</CHECKBOX>
		<SD>[0.004834266548302706, 0.0063520960908676274, 0.008246975746208232, 0.01206620049287862, 0.013978946923561787, 0.014143846700892481]</SD>
		<WAVELENGTH_UNIT>E-6m</WAVELENGTH_UNIT>
		<COLOR>#f973d8</COLOR>
		<COVARIANCE_MATRIX>[[2.353948184463661e-05, 2.3366748791886494e-05, 2.7576186766964383e-05, 1.3831354408466723e-05, 1.8623679352458566e-05, 2.1920492145000026e-05], [2.3366748791886494e-05, 4.064150925842114e-05, 4.790987804881297e-05, 4.889929186902009e-05, 5.661763498210348e-05, 6.132611451903358e-05], [2.7576186766964383e-05, 4.790987804881297e-05, 6.850545469205827e-05, 7.098087371559814e-05, 8.195669943233952e-05, 8.808185521047562e-05], [1.3831354408466723e-05, 4.889929186902009e-05, 7.098087371559814e-05, 0.00014664822083432227, 0.00014902181283105165, 0.0001417118328390643], [1.8623679352458566e-05, 5.661763498210348e-05, 8.195669943233952e-05, 0.00014902181283105165, 0.0001968269789358601, 0.0001884844823507592], [2.1920492145000026e-05, 6.132611451903358e-05, 8.808185521047562e-05, 0.0001417118328390643, 0.0001884844823507592, 0.00020149802730884403]]</COVARIANCE_MATRIX>
		<ROI_SIZE>139</ROI_SIZE>
		<MAX_VALUE>[0.14647318422794342, 0.1503409743309021, 0.16071267426013947, 0.18520107865333557, 0.15361648797988892, 0.1379052847623825]</MAX_VALUE>
		<MIN_VALUE>[0.11928200721740723, 0.11782015860080719, 0.11976978927850723, 0.13401822745800018, 0.10089197009801865, 0.08427230268716812]</MIN_VALUE>
		<SIGNATURE_THRESHOLD_MD>0.0</SIGNATURE_THRESHOLD_MD>
		<SIGNATURE_THRESHOLD_ML>0.0</SIGNATURE_THRESHOLD_ML>
		<SIGNATURE_THRESHOLD_SAM>0.0</SIGNATURE_THRESHOLD_SAM>
	</signature>
	<signature ID="20220209_154559259775_670">
		<MACROCLASSID>1</MACROCLASSID>
		<MACROCLASSINFO>Waterbody</MACROCLASSINFO>
		<CLASSID>4</CLASSID>
		<CLASSINFO>C 1</CLASSINFO>
		<VALUES>[0.13951125403267897, 0.006690281798289047, 0.1387846122977402, 0.008459547008696527, 0.1410588514153128, 0.010035569381182325, 0.1580434721260245, 0.012586553903088467, 0.12862538587055872, 0.013596196259327899, 0.11186853059671459, 0.013672385881676257]</VALUES>
		<LCS_MIN>[0.11384378373622894, 0.11486372351646423, 0.1115812137722969, 0.12719383835792542, 0.09430141001939774, 0.07796254754066467]</LCS_MIN>
		<LCS_MAX>[0.15055187046527863, 0.1562538594007492, 0.1634422242641449, 0.18178892135620117, 0.15141963958740234, 0.1347503960132599]</LCS_MAX>
		<WAVELENGTH>[0.48, 0.56, 0.655, 0.865, 1.61, 2.2]</WAVELENGTH>
		<MEAN_VALUE>[0.13951125403267897, 0.1387846122977402, 0.1410588514153128, 0.1580434721260245, 0.12862538587055872, 0.11186853059671459]</MEAN_VALUE>
		<CHECKBOX>2</CHECKBOX>
		<SD>[0.006690281798289047, 0.008459547008696527, 0.010035569381182325, 0.012586553903088467, 0.013596196259327899, 0.013672385881676257]</SD>
		<WAVELENGTH_UNIT>E-6m</WAVELENGTH_UNIT>
		<COLOR>#60cb0d</COLOR>
		<COVARIANCE_MATRIX>[[4.4862063077744097e-05, 5.01130816701334e-05, 5.653162952512503e-05, 4.7303412429755554e-05, 6.030156509950757e-05, 6.352191849146038e-05], [5.01130816701334e-05, 7.172732148319483e-05, 8.016281935852021e-05, 7.932984590297565e-05, 9.043931640917435e-05, 9.45309511735104e-05], [5.653162952512503e-05, 8.016281935852021e-05, 0.00010094259050674736, 0.00010195291542913765, 0.00011455984349595383, 0.00011797817569458857], [4.7303412429755554e-05, 7.932984590297565e-05, 0.00010195291542913765, 0.00015878303383942693, 0.0001471794821554795, 0.0001362726034130901], [6.030156509950757e-05, 9.043931640917435e-05, 0.00011455984349595383, 0.0001471794821554795, 0.0001852785935625434, 0.00017178742564283311], [6.352191849146038e-05, 9.45309511735104e-05, 0.00011797817569458857, 0.0001362726034130901, 0.00017178742564283311, 0.000187360928975977]]</COVARIANCE_MATRIX>
		<ROI_SIZE>439</ROI_SIZE>
		<MAX_VALUE>[0.15055187046527863, 0.1562538594007492, 0.1634422242641449, 0.18178892135620117, 0.15141963958740234, 0.1347503960132599]</MAX_VALUE>
		<MIN_VALUE>[0.11384378373622894, 0.11486372351646423, 0.1115812137722969, 0.12719383835792542, 0.09430141001939774, 0.07796254754066467]</MIN_VALUE>
		<SIGNATURE_THRESHOLD_MD>0.0</SIGNATURE_THRESHOLD_MD>
		<SIGNATURE_THRESHOLD_ML>0.0</SIGNATURE_THRESHOLD_ML>
		<SIGNATURE_THRESHOLD_SAM>0.0</SIGNATURE_THRESHOLD_SAM>
	</signature>
	<signature ID="20220209_154607676597_931">
		<MACROCLASSID>1</MACROCLASSID>
		<MACROCLASSINFO>Waterbody</MACROCLASSINFO>
		<CLASSID>5</CLASSID>
		<CLASSINFO>C 1</CLASSINFO>
		<VALUES>[0.15667944480205917, 0.009679977898525122, 0.17602243846361051, 0.011505351802594509, 0.19192924040933723, 0.011634480107178732, 0.24979244162079312, 0.009515517783360771, 0.24235706351382616, 0.010990331582131972, 0.2029691458168163, 0.010624245462822741]</VALUES>
		<LCS_MIN>[0.13151805102825165, 0.14738456904888153, 0.16617174446582794, 0.22955957055091858, 0.21293160319328308, 0.18207362294197083]</LCS_MIN>
		<LCS_MAX>[0.1750238984823227, 0.20060044527053833, 0.2207622528076172, 0.28074246644973755, 0.2678529620170593, 0.22624193131923676]</LCS_MAX>
		<WAVELENGTH>[0.48, 0.56, 0.655, 0.865, 1.61, 2.2]</WAVELENGTH>
		<MEAN_VALUE>[0.15667944480205917, 0.17602243846361051, 0.19192924040933723, 0.24979244162079312, 0.24235706351382616, 0.2029691458168163]</MEAN_VALUE>
		<CHECKBOX>2</CHECKBOX>
		<SD>[0.009679977898525122, 0.011505351802594509, 0.011634480107178732, 0.009515517783360771, 0.010990331582131972, 0.010624245462822741]</SD>
		<WAVELENGTH_UNIT>E-6m</WAVELENGTH_UNIT>
		<COLOR>#93c0ec</COLOR>
		<COVARIANCE_MATRIX>[[9.403307194588706e-05, 0.00010511822620173916, 0.00010297721746610478, -2.1701342120650224e-05, 6.1023770285828505e-06, 5.994716411805712e-05], [0.00010511822620173916, 0.00013284086890053004, 0.0001283408928429708, -1.551572495372966e-05, 1.390999932482373e-05, 7.558892684755847e-05], [0.00010297721746610478, 0.0001283408928429708, 0.00013583943655248731, -8.99334827408893e-06, 2.8288868634263054e-05, 8.525272278347984e-05], [-2.1701342120650224e-05, -1.551572495372966e-05, -8.99334827408893e-06, 9.086502541322261e-05, 7.291843940038234e-05, 2.3830194550100714e-05], [6.1023770285828505e-06, 1.390999932482373e-05, 2.8288868634263054e-05, 7.291843940038234e-05, 0.00012121420149924234, 7.59009417379275e-05], [5.994716411805712e-05, 7.558892684755847e-05, 8.525272278347984e-05, 2.3830194550100714e-05, 7.59009417379275e-05, 0.00011327343963785097]]</COVARIANCE_MATRIX>
		<ROI_SIZE>284</ROI_SIZE>
		<MAX_VALUE>[0.1750238984823227, 0.20060044527053833, 0.2207622528076172, 0.28074246644973755, 0.2678529620170593, 0.22624193131923676]</MAX_VALUE>
		<MIN_VALUE>[0.13151805102825165, 0.14738456904888153, 0.16617174446582794, 0.22955957055091858, 0.21293160319328308, 0.18207362294197083]</MIN_VALUE>
		<SIGNATURE_THRESHOLD_MD>0.0</SIGNATURE_THRESHOLD_MD>
		<SIGNATURE_THRESHOLD_ML>0.0</SIGNATURE_THRESHOLD_ML>
		<SIGNATURE_THRESHOLD_SAM>0.0</SIGNATURE_THRESHOLD_SAM>
	</signature>
	<signature ID="20220209_154614783975_365">
		<MACROCLASSID>1</MACROCLASSID>
		<MACROCLASSINFO>Waterbody</MACROCLASSINFO>
		<CLASSID>6</CLASSID>
		<CLASSINFO>C 1</CLASSINFO>
		<VALUES>[0.13978019744413053, 0.007366776988754651, 0.14043343531434502, 0.008856017585700442, 0.14474466366481975, 0.011479050866408894, 0.17114315658999216, 0.012975749822926114, 0.13927813032263092, 0.013415211613782311, 0.1233198674958064, 0.014732507562025404]</VALUES>
		<LCS_MIN>[0.11656288802623749, 0.11782015860080719, 0.11431074142456055, 0.15107916295528412, 0.11407309025526047, 0.09689183533191681]</LCS_MIN>
		<LCS_MAX>[0.1559900939464569, 0.16216672956943512, 0.168901264667511, 0.20567424595355988, 0.17119134962558746, 0.15367968380451202]</LCS_MAX>
		<WAVELENGTH>[0.48, 0.56, 0.655, 0.865, 1.61, 2.2]</WAVELENGTH>
		<MEAN_VALUE>[0.13978019744413053, 0.14043343531434502, 0.14474466366481975, 0.17114315658999216, 0.13927813032263092, 0.1233198674958064]</MEAN_VALUE>
		<CHECKBOX>2</CHECKBOX>
		<SD>[0.007366776988754651, 0.008856017585700442, 0.011479050866408894, 0.012975749822926114, 0.013415211613782311, 0.014732507562025404]</SD>
		<WAVELENGTH_UNIT>E-6m</WAVELENGTH_UNIT>
		<COLOR>#da3394</COLOR>
		<COVARIANCE_MATRIX>[[5.4385862313210964e-05, 5.948650505160913e-05, 7.352304237429053e-05, 8.55458256410202e-06, 3.93723530578427e-05, 6.83005346218124e-05], [5.948650505160913e-05, 7.859735342208296e-05, 9.717523062136024e-05, 3.670046498882584e-05, 6.732656038366258e-05, 9.955310088116676e-05], [7.352304237429053e-05, 9.717523062136024e-05, 0.00013205136929173023, 5.5090418754843995e-05, 9.494957339484245e-05, 0.0001347990910289809], [8.55458256410202e-06, 3.670046498882584e-05, 5.5090418754843995e-05, 0.00016873139247763902, 0.00013775276602245867, 0.00011155704851262271], [3.93723530578427e-05, 6.732656038366258e-05, 9.494957339484245e-05, 0.00013775276602245867, 0.000180354094482027, 0.00017598789418116212], [6.83005346218124e-05, 9.955310088116676e-05, 0.0001347990910289809, 0.00011155704851262271, 0.00017598789418116212, 0.0002175125409848988]]</COVARIANCE_MATRIX>
		<ROI_SIZE>467</ROI_SIZE>
		<MAX_VALUE>[0.1559900939464569, 0.16216672956943512, 0.168901264667511, 0.20567424595355988, 0.17119134962558746, 0.15367968380451202]</MAX_VALUE>
		<MIN_VALUE>[0.11656288802623749, 0.11782015860080719, 0.11431074142456055, 0.15107916295528412, 0.11407309025526047, 0.09689183533191681]</MIN_VALUE>
		<SIGNATURE_THRESHOLD_MD>0.0</SIGNATURE_THRESHOLD_MD>
		<SIGNATURE_THRESHOLD_ML>0.0</SIGNATURE_THRESHOLD_ML>
		<SIGNATURE_THRESHOLD_SAM>0.0</SIGNATURE_THRESHOLD_SAM>
	</signature>
	<signature ID="20220209_154627842065_772">
		<MACROCLASSID>1</MACROCLASSID>
		<MACROCLASSINFO>Waterbody</MACROCLASSINFO>
		<CLASSID>7</CLASSID>
		<CLASSINFO>C 1</CLASSINFO>
		<VALUES>[0.13708519954876652, 0.0058883553031925, 0.14440262060740902, 0.007807493385187815, 0.15452419414088653, 0.00975859494405568, 0.19532000800145083, 0.009482550442707868, 0.17213825740177052, 0.009594203439845714, 0.15196625811272652, 0.010900466009276202]</VALUES>
		<LCS_MIN>[0.12336067855358124, 0.12668947875499725, 0.13614696264266968, 0.17496450245380402, 0.14922277629375458, 0.13159552216529846]</LCS_MIN>
		<LCS_MAX>[0.1478327363729477, 0.16216672956943512, 0.17981939017772675, 0.22614739835262299, 0.2041441649198532, 0.1789187341928482]</LCS_MAX>
		<WAVELENGTH>[0.48, 0.56, 0.655, 0.865, 1.61, 2.2]</WAVELENGTH>
		<MEAN_VALUE>[0.13708519954876652, 0.14440262060740902, 0.15452419414088653, 0.19532000800145083, 0.17213825740177052, 0.15196625811272652]</MEAN_VALUE>
		<CHECKBOX>2</CHECKBOX>
		<SD>[0.0058883553031925, 0.007807493385187815, 0.00975859494405568, 0.009482550442707868, 0.009594203439845714, 0.010900466009276202]</SD>
		<WAVELENGTH_UNIT>E-6m</WAVELENGTH_UNIT>
		<COLOR>#4b89be</COLOR>
		<COVARIANCE_MATRIX>[[3.4974229492945597e-05, 4.2399766243761405e-05, 5.05315292684827e-05, 4.977094249625225e-06, 2.395266892563086e-05, 4.37493363278918e-05], [4.2399766243761405e-05, 6.148701504571363e-05, 7.21171309123747e-05, 1.8418399122310802e-05, 4.068781709065661e-05, 6.532751285703853e-05], [5.05315292684827e-05, 7.21171309123747e-05, 9.605826198821887e-05, 2.3481063180952333e-05, 5.716691885027103e-05, 8.822226664051414e-05], [4.977094249625225e-06, 1.8418399122310802e-05, 2.3481063180952333e-05, 9.070066880667582e-05, 6.0863312683068216e-05, 3.564895814633928e-05], [2.395266892563086e-05, 4.068781709065661e-05, 5.716691885027103e-05, 6.0863312683068216e-05, 9.28491645026952e-05, 8.335994061781093e-05], [4.37493363278918e-05, 6.532751285703853e-05, 8.822226664051414e-05, 3.564895814633928e-05, 8.335994061781093e-05, 0.00011985337914666161]]</COVARIANCE_MATRIX>
		<ROI_SIZE>116</ROI_SIZE>
		<MAX_VALUE>[0.1478327363729477, 0.16216672956943512, 0.17981939017772675, 0.22614739835262299, 0.2041441649198532, 0.1789187341928482]</MAX_VALUE>
		<MIN_VALUE>[0.12336067855358124, 0.12668947875499725, 0.13614696264266968, 0.17496450245380402, 0.14922277629375458, 0.13159552216529846]</MIN_VALUE>
		<SIGNATURE_THRESHOLD_MD>0.0</SIGNATURE_THRESHOLD_MD>
		<SIGNATURE_THRESHOLD_ML>0.0</SIGNATURE_THRESHOLD_ML>
		<SIGNATURE_THRESHOLD_SAM>0.0</SIGNATURE_THRESHOLD_SAM>
	</signature>
	<signature ID="20220209_154640084269_424">
		<MACROCLASSID>1</MACROCLASSID>
		<MACROCLASSINFO>Waterbody</MACROCLASSINFO>
		<CLASSID>8</CLASSID>
		<CLASSINFO>C 1</CLASSINFO>
		<VALUES>[0.12954725428413924, 0.005848942220037978, 0.13179492463647324, 0.00807666747104187, 0.1377926911970897, 0.010222111523000904, 0.1672870885862523, 0.0105092242448432, 0.1362401052464206, 0.01144850589993477, 0.11821378754968398, 0.012650319689543612]</VALUES>
		<LCS_MIN>[0.11248420923948288, 0.11190728843212128, 0.1115812137722969, 0.14084260165691376, 0.10748252272605896, 0.09058206528425217]</LCS_MIN>
		<LCS_MAX>[0.14103494584560394, 0.15329740941524506, 0.16071267426013947, 0.18520107865333557, 0.16020707786083221, 0.14421506226062775]</LCS_MAX>
		<WAVELENGTH>[0.48, 0.56, 0.655, 0.865, 1.61, 2.2]</WAVELENGTH>
		<MEAN_VALUE>[0.12954725428413924, 0.13179492463647324, 0.1377926911970897, 0.1672870885862523, 0.1362401052464206, 0.11821378754968398]</MEAN_VALUE>
		<CHECKBOX>2</CHECKBOX>
		<SD>[0.005848942220037978, 0.00807666747104187, 0.010222111523000904, 0.0105092242448432, 0.01144850589993477, 0.012650319689543612]</SD>
		<WAVELENGTH_UNIT>E-6m</WAVELENGTH_UNIT>
		<COLOR>#4546c4</COLOR>
		<COVARIANCE_MATRIX>[[3.162556095048785e-05, 3.8318037695717067e-05, 4.8474092182004824e-05, 1.489616170147201e-05, 3.713986006914638e-05, 5.177094863029197e-05], [3.8318037695717067e-05, 5.716377927456051e-05, 6.971831317059696e-05, 3.7073754356242716e-05, 6.407531327567995e-05, 7.972502498887479e-05], [4.8474092182004824e-05, 6.971831317059696e-05, 9.454592509428039e-05, 5.327642793417908e-05, 8.849168807500973e-05, 0.00010655382357072085], [1.489616170147201e-05, 3.7073754356242716e-05, 5.327642793417908e-05, 0.0001271213113795966, 0.00010967287380481139, 8.959502883953974e-05], [3.713986006914638e-05, 6.407531327567995e-05, 8.849168807500973e-05, 0.00010967287380481139, 0.00013961366494186223, 0.00013071221474092454], [5.177094863029197e-05, 7.972502498887479e-05, 0.00010655382357072085, 8.959502883953974e-05, 0.00013071221474092454, 0.00015229785640258342]]</COVARIANCE_MATRIX>
		<ROI_SIZE>858</ROI_SIZE>
		<MAX_VALUE>[0.14103494584560394, 0.15329740941524506, 0.16071267426013947, 0.18520107865333557, 0.16020707786083221, 0.14421506226062775]</MAX_VALUE>
		<MIN_VALUE>[0.11248420923948288, 0.11190728843212128, 0.1115812137722969, 0.14084260165691376, 0.10748252272605896, 0.09058206528425217]</MIN_VALUE>
		<SIGNATURE_THRESHOLD_MD>0.0</SIGNATURE_THRESHOLD_MD>
		<SIGNATURE_THRESHOLD_ML>0.0</SIGNATURE_THRESHOLD_ML>
		<SIGNATURE_THRESHOLD_SAM>0.0</SIGNATURE_THRESHOLD_SAM>
	</signature>
	<signature ID="20220209_154650072606_751">
		<MACROCLASSID>1</MACROCLASSID>
		<MACROCLASSINFO>Waterbody</MACROCLASSINFO>
		<CLASSID>9</CLASSID>
		<CLASSINFO>C 1</CLASSINFO>
		<VALUES>[0.11051425248249314, 0.004988450166565646, 0.10793184580243358, 0.006521160841312493, 0.10990388159240999, 0.008563201130317923, 0.13995280969980892, 0.012987661125635971, 0.1102124101180338, 0.012793102907427384, 0.09504611639817007, 0.011705662494351987]</VALUES>
		<LCS_MIN>[0.09345041215419769, 0.08529934287071228, 0.08428593724966049, 0.11354507505893707, 0.08112027496099472, 0.07480765879154205]</LCS_MIN>
		<LCS_MAX>[0.12336067855358124, 0.12668947875499725, 0.13341742753982544, 0.16814012825489044, 0.13823848962783813, 0.12528575956821442]</LCS_MAX>
		<WAVELENGTH>[0.48, 0.56, 0.655, 0.865, 1.61, 2.2]</WAVELENGTH>
		<MEAN_VALUE>[0.11051425248249314, 0.10793184580243358, 0.10990388159240999, 0.13995280969980892, 0.1102124101180338, 0.09504611639817007]</MEAN_VALUE>
		<CHECKBOX>2</CHECKBOX>
		<SD>[0.004988450166565646, 0.006521160841312493, 0.008563201130317923, 0.012987661125635971, 0.012793102907427384, 0.011705662494351987]</SD>
		<WAVELENGTH_UNIT>E-6m</WAVELENGTH_UNIT>
		<COLOR>#c51440</COLOR>
		<COVARIANCE_MATRIX>[[2.494119144103024e-05, 2.8599793949979357e-05, 3.697729334817268e-05, 1.6388232324970886e-05, 2.5082204956561327e-05, 3.495892451610416e-05], [2.8599793949979357e-05, 4.2622188630048186e-05, 5.1950257329735905e-05, 3.971809564973228e-05, 4.60232186014764e-05, 5.4502183047588915e-05], [3.697729334817268e-05, 5.1950257329735905e-05, 7.349506631726399e-05, 5.679918467649259e-05, 6.945915083633736e-05, 7.933099550427869e-05], [1.6388232324970886e-05, 3.971809564973228e-05, 5.679918467649259e-05, 0.00016906271048355848, 0.00013681902782991529, 0.00010108685091836378], [2.5082204956561327e-05, 4.60232186014764e-05, 6.945915083633736e-05, 0.00013681902782991529, 0.00016403544577769935, 0.00013347489584702998], [3.495892451610416e-05, 5.4502183047588915e-05, 7.933099550427869e-05, 0.00010108685091836378, 0.00013347489584702998, 0.00013733394735027105]]</COVARIANCE_MATRIX>
		<ROI_SIZE>441</ROI_SIZE>
		<MAX_VALUE>[0.12336067855358124, 0.12668947875499725, 0.13341742753982544, 0.16814012825489044, 0.13823848962783813, 0.12528575956821442]</MAX_VALUE>
		<MIN_VALUE>[0.09345041215419769, 0.08529934287071228, 0.08428593724966049, 0.11354507505893707, 0.08112027496099472, 0.07480765879154205]</MIN_VALUE>
		<SIGNATURE_THRESHOLD_MD>0.0</SIGNATURE_THRESHOLD_MD>
		<SIGNATURE_THRESHOLD_ML>0.0</SIGNATURE_THRESHOLD_ML>
		<SIGNATURE_THRESHOLD_SAM>0.0</SIGNATURE_THRESHOLD_SAM>
	</signature>
	<signature ID="20220209_154736420030_319">
		<MACROCLASSID>1</MACROCLASSID>
		<MACROCLASSINFO>Waterbody</MACROCLASSINFO>
		<CLASSID>10</CLASSID>
		<CLASSINFO>C 1</CLASSINFO>
		<VALUES>[0.12585830601413614, 0.00383171894763866, 0.12555340885948588, 0.003947341175801009, 0.12928326073824706, 0.005617992017645288, 0.15052709868282416, 0.010148462037216744, 0.11834585728605139, 0.011839202269333576, 0.10117041476154597, 0.01069406414931246]</VALUES>
		<LCS_MIN>[0.10976510494947433, 0.10895083844661713, 0.10885168612003326, 0.12378165870904922, 0.09210455417633057, 0.07796254754066467]</LCS_MIN>
		<LCS_MAX>[0.13695627450942993, 0.14147166907787323, 0.1497945636510849, 0.17155233025550842, 0.14922277629375458, 0.1347503960132599]</LCS_MAX>
		<WAVELENGTH>[0.48, 0.56, 0.655, 0.865, 1.61, 2.2]</WAVELENGTH>
		<MEAN_VALUE>[0.12585830601413614, 0.12555340885948588, 0.12928326073824706, 0.15052709868282416, 0.11834585728605139, 0.10117041476154597]</MEAN_VALUE>
		<CHECKBOX>2</CHECKBOX>
		<SD>[0.00383171894763866, 0.003947341175801009, 0.005617992017645288, 0.010148462037216744, 0.011839202269333576, 0.01069406414931246]</SD>
		<WAVELENGTH_UNIT>E-6m</WAVELENGTH_UNIT>
		<COLOR>#b6de31</COLOR>
		<COVARIANCE_MATRIX>[[1.4698585800942965e-05, 1.0621846740832552e-05, 1.0616844519972801e-05, -1.1800993888755329e-05, -1.130526106862817e-05, -3.972515969508095e-06], [1.0621846740832552e-05, 1.559902921144385e-05, 1.677480759099126e-05, 6.736616342095658e-06, 8.753609108680394e-06, 1.3270169802126475e-05], [1.0616844519972801e-05, 1.677480759099126e-05, 3.1597337510902435e-05, 2.7007527023670264e-05, 3.483015825622715e-05, 3.7497873563552275e-05], [-1.1800993888755329e-05, 6.736616342095658e-06, 2.7007527023670264e-05, 0.00010310712968930602, 0.00010179228411288932, 8.356892794836313e-05], [-1.130526106862817e-05, 8.753609108680394e-06, 3.483015825622715e-05, 0.00010179228411288932, 0.00014032438048161566, 0.00011580819409573451], [-3.972515969508095e-06, 1.3270169802126475e-05, 3.7497873563552275e-05, 8.356892794836313e-05, 0.00011580819409573451, 0.0001144916532211937]]</COVARIANCE_MATRIX>
		<ROI_SIZE>890</ROI_SIZE>
		<MAX_VALUE>[0.13695627450942993, 0.14147166907787323, 0.1497945636510849, 0.17155233025550842, 0.14922277629375458, 0.1347503960132599]</MAX_VALUE>
		<MIN_VALUE>[0.10976510494947433, 0.10895083844661713, 0.10885168612003326, 0.12378165870904922, 0.09210455417633057, 0.07796254754066467]</MIN_VALUE>
		<SIGNATURE_THRESHOLD_MD>0.0</SIGNATURE_THRESHOLD_MD>
		<SIGNATURE_THRESHOLD_ML>0.0</SIGNATURE_THRESHOLD_ML>
		<SIGNATURE_THRESHOLD_SAM>0.0</SIGNATURE_THRESHOLD_SAM>
	</signature>
	<signature ID="20220209_154746058577_184">
		<MACROCLASSID>1</MACROCLASSID>
		<MACROCLASSINFO>Waterbody</MACROCLASSINFO>
		<CLASSID>11</CLASSID>
		<CLASSINFO>C 1</CLASSINFO>
		<VALUES>[0.11732017629892129, 0.004651602457594768, 0.11747347849879279, 0.005367134957723943, 0.12145017788833433, 0.006313786004897335, 0.16343864915036987, 0.013651776710132728, 0.12695368042015476, 0.010035392019510756, 0.10019058149295836, 0.007013879151531625]</VALUES>
		<LCS_MIN>[0.10568643361330032, 0.10599440336227417, 0.10339263081550598, 0.1306060403585434, 0.09869510680437088, 0.08427230268716812]</LCS_MIN>
		<LCS_MAX>[0.1287989318370819, 0.13260234892368317, 0.14160600304603577, 0.18520107865333557, 0.15361648797988892, 0.1221308708190918]</LCS_MAX>
		<WAVELENGTH>[0.48, 0.56, 0.655, 0.865, 1.61, 2.2]</WAVELENGTH>
		<MEAN_VALUE>[0.11732017629892129, 0.11747347849879279, 0.12145017788833433, 0.16343864915036987, 0.12695368042015476, 0.10019058149295836]</MEAN_VALUE>
		<CHECKBOX>2</CHECKBOX>
		<SD>[0.004651602457594768, 0.005367134957723943, 0.006313786004897335, 0.013651776710132728, 0.010035392019510756, 0.007013879151531625]</SD>
		<WAVELENGTH_UNIT>E-6m</WAVELENGTH_UNIT>
		<COLOR>#6ca6b0</COLOR>
		<COVARIANCE_MATRIX>[[2.170811603718903e-05, 2.050513467111159e-05, 2.1146661310922354e-05, -3.3207070373464376e-05, -1.182603318738984e-05, 7.40387895348249e-06], [2.050513467111159e-05, 2.89002746285405e-05, 2.8828339054598473e-05, -1.4030890270078089e-05, 5.7748102335608564e-06, 1.8247250409331173e-05], [2.1146661310922354e-05, 2.8828339054598473e-05, 3.999416730948724e-05, -9.635876267566346e-06, 1.771196366462391e-05, 2.91372762148967e-05], [-3.3207070373464376e-05, -1.4030890270078089e-05, -9.635876267566346e-06, 0.00018698006169870496, 0.00010663874127203599, 3.448652569204569e-05], [-1.182603318738984e-05, 5.7748102335608564e-06, 1.771196366462391e-05, 0.00010663874127203599, 0.00010103821114171296, 5.225100176176056e-05], [7.40387895348249e-06, 1.8247250409331173e-05, 2.91372762148967e-05, 3.448652569204569e-05, 5.225100176176056e-05, 4.935526885674335e-05]]</COVARIANCE_MATRIX>
		<ROI_SIZE>307</ROI_SIZE>
		<MAX_VALUE>[0.1287989318370819, 0.13260234892368317, 0.14160600304603577, 0.18520107865333557, 0.15361648797988892, 0.1221308708190918]</MAX_VALUE>
		<MIN_VALUE>[0.10568643361330032, 0.10599440336227417, 0.10339263081550598, 0.1306060403585434, 0.09869510680437088, 0.08427230268716812]</MIN_VALUE>
		<SIGNATURE_THRESHOLD_MD>0.0</SIGNATURE_THRESHOLD_MD>
		<SIGNATURE_THRESHOLD_ML>0.0</SIGNATURE_THRESHOLD_ML>
		<SIGNATURE_THRESHOLD_SAM>0.0</SIGNATURE_THRESHOLD_SAM>
	</signature>
	<signature ID="20220209_154801345616_213">
		<MACROCLASSID>1</MACROCLASSID>
		<MACROCLASSINFO>Waterbody</MACROCLASSINFO>
		<CLASSID>12</CLASSID>
		<CLASSINFO>C 1</CLASSINFO>
		<VALUES>[0.13233464696822456, 0.007188802872358285, 0.12848412031278053, 0.008668151531547548, 0.12771419290536506, 0.010128110046293378, 0.139708845022197, 0.011051620886528155, 0.10757377436652342, 0.011788291770199667, 0.09316241682861172, 0.011543831121197105]</VALUES>
		<LCS_MIN>[0.10840555280447006, 0.10303797572851181, 0.0979335755109787, 0.1067207008600235, 0.07233284413814545, 0.05903325229883194]</LCS_MIN>
		<LCS_MAX>[0.1478327363729477, 0.1444281041622162, 0.1443355232477188, 0.15790356695652008, 0.1250573694705963, 0.11582110822200775]</LCS_MAX>
		<WAVELENGTH>[0.48, 0.56, 0.655, 0.865, 1.61, 2.2]</WAVELENGTH>
		<MEAN_VALUE>[0.13233464696822456, 0.12848412031278053, 0.12771419290536506, 0.139708845022197, 0.10757377436652342, 0.09316241682861172]</MEAN_VALUE>
		<CHECKBOX>2</CHECKBOX>
		<SD>[0.007188802872358285, 0.008668151531547548, 0.010128110046293378, 0.011051620886528155, 0.011788291770199667, 0.011543831121197105]</SD>
		<WAVELENGTH_UNIT>E-6m</WAVELENGTH_UNIT>
		<COLOR>#86feb0</COLOR>
		<COVARIANCE_MATRIX>[[5.184452311368659e-05, 5.7352921430720016e-05, 6.376196688506752e-05, 5.420381057774648e-05, 5.2394465456018224e-05, 4.548025026451796e-05], [5.7352921430720016e-05, 7.537767669418827e-05, 8.279171743197367e-05, 7.589007873320952e-05, 7.229929906316102e-05, 6.632487202296034e-05], [6.376196688506752e-05, 8.279171743197367e-05, 0.00010290739010088146, 9.530677198199555e-05, 9.444603347219527e-05, 8.776663162279874e-05], [5.420381057774648e-05, 7.589007873320952e-05, 9.530677198199555e-05, 0.00012252978922333568, 0.00010793212277349085, 9.340275573777035e-05], [5.2394465456018224e-05, 7.229929906316102e-05, 9.444603347219527e-05, 0.00010793212277349085, 0.0001394092250848189, 0.00012127522495575249], [4.548025026451796e-05, 6.632487202296034e-05, 8.776663162279874e-05, 9.340275573777035e-05, 0.00012127522495575249, 0.00013368715008255094]]</COVARIANCE_MATRIX>
		<ROI_SIZE>313</ROI_SIZE>
		<MAX_VALUE>[0.1478327363729477, 0.1444281041622162, 0.1443355232477188, 0.15790356695652008, 0.1250573694705963, 0.11582110822200775]</MAX_VALUE>
		<MIN_VALUE>[0.10840555280447006, 0.10303797572851181, 0.0979335755109787, 0.1067207008600235, 0.07233284413814545, 0.05903325229883194]</MIN_VALUE>
		<SIGNATURE_THRESHOLD_MD>0.0</SIGNATURE_THRESHOLD_MD>
		<SIGNATURE_THRESHOLD_ML>0.0</SIGNATURE_THRESHOLD_ML>
		<SIGNATURE_THRESHOLD_SAM>0.0</SIGNATURE_THRESHOLD_SAM>
	</signature>
	<signature ID="20220209_154806614802_802">
		<MACROCLASSID>1</MACROCLASSID>
		<MACROCLASSINFO>Waterbody</MACROCLASSINFO>
		<CLASSID>13</CLASSID>
		<CLASSINFO>C 1</CLASSINFO>
		<VALUES>[0.13009780426077167, 0.006711365847708758, 0.12724224946251533, 0.007718209235913836, 0.12782337296354157, 0.00966172322407397, 0.14269070815299462, 0.011759312168426447, 0.11198224219863172, 0.013420130342123008, 0.09744745321275237, 0.01307478563969434]</VALUES>
		<LCS_MIN>[0.10840555280447006, 0.10303797572851181, 0.10339263081550598, 0.11695726215839386, 0.07892342656850815, 0.06534300744533539]</LCS_MIN>
		<LCS_MAX>[0.14919230341911316, 0.15329740941524506, 0.15252411365509033, 0.17155233025550842, 0.13604164123535156, 0.1221308708190918]</LCS_MAX>
		<WAVELENGTH>[0.48, 0.56, 0.655, 0.865, 1.61, 2.2]</WAVELENGTH>
		<MEAN_VALUE>[0.13009780426077167, 0.12724224946251533, 0.12782337296354157, 0.14269070815299462, 0.11198224219863172, 0.09744745321275237]</MEAN_VALUE>
		<CHECKBOX>2</CHECKBOX>
		<SD>[0.006711365847708758, 0.007718209235913836, 0.00966172322407397, 0.011759312168426447, 0.013420130342123008, 0.01307478563969434]</SD>
		<WAVELENGTH_UNIT>E-6m</WAVELENGTH_UNIT>
		<COLOR>#e377ec</COLOR>
		<COVARIANCE_MATRIX>[[4.509682912612334e-05, 4.609223105944693e-05, 5.419500303105451e-05, 3.737054794328287e-05, 5.020050230086781e-05, 5.259256431600079e-05], [4.609223105944693e-05, 5.9642698033712804e-05, 6.984623905736953e-05, 5.955352753517218e-05, 6.987882079556584e-05, 7.407362863887101e-05], [5.419500303105451e-05, 6.984623905736953e-05, 9.346163278678432e-05, 8.4095292550046e-05, 9.704263356979936e-05, 0.00010146625572815537], [3.737054794328287e-05, 5.955352753517218e-05, 8.4095292550046e-05, 0.00013844843488186598, 0.0001341269089607522, 0.0001205078442580998], [5.020050230086781e-05, 6.987882079556584e-05, 9.704263356979936e-05, 0.0001341269089607522, 0.00018031740910373628, 0.0001600278337718919], [5.259256431600079e-05, 7.407362863887101e-05, 0.00010146625572815537, 0.0001205078442580998, 0.0001600278337718919, 0.00017115648370236158]]</COVARIANCE_MATRIX>
		<ROI_SIZE>829</ROI_SIZE>
		<MAX_VALUE>[0.14919230341911316, 0.15329740941524506, 0.15252411365509033, 0.17155233025550842, 0.13604164123535156, 0.1221308708190918]</MAX_VALUE>
		<MIN_VALUE>[0.10840555280447006, 0.10303797572851181, 0.10339263081550598, 0.11695726215839386, 0.07892342656850815, 0.06534300744533539]</MIN_VALUE>
		<SIGNATURE_THRESHOLD_MD>0.0</SIGNATURE_THRESHOLD_MD>
		<SIGNATURE_THRESHOLD_ML>0.0</SIGNATURE_THRESHOLD_ML>
		<SIGNATURE_THRESHOLD_SAM>0.0</SIGNATURE_THRESHOLD_SAM>
	</signature>
	<signature ID="20220209_154815349851_248">
		<MACROCLASSID>1</MACROCLASSID>
		<MACROCLASSINFO>Waterbody</MACROCLASSINFO>
		<CLASSID>14</CLASSID>
		<CLASSINFO>C 1</CLASSINFO>
		<VALUES>[0.12771402555282668, 0.005797112045876121, 0.13182591661961396, 0.007674853232486672, 0.13923489784050475, 0.00927573848170557, 0.1736547889733555, 0.012256925953250501, 0.14764726086698396, 0.013255043011140577, 0.1263692512957737, 0.013326019464628603]</VALUES>
		<LCS_MIN>[0.1111246794462204, 0.11486372351646423, 0.11976978927850723, 0.14084260165691376, 0.12286050617694855, 0.10320158302783966]</LCS_MIN>
		<LCS_MAX>[0.13967539370059967, 0.1503409743309021, 0.16071267426013947, 0.19543765485286713, 0.17338818311691284, 0.15998944640159607]</LCS_MAX>
		<WAVELENGTH>[0.48, 0.56, 0.655, 0.865, 1.61, 2.2]</WAVELENGTH>
		<MEAN_VALUE>[0.12771402555282668, 0.13182591661961396, 0.13923489784050475, 0.1736547889733555, 0.14764726086698396, 0.1263692512957737]</MEAN_VALUE>
		<CHECKBOX>2</CHECKBOX>
		<SD>[0.005797112045876121, 0.007674853232486672, 0.00927573848170557, 0.012256925953250501, 0.013255043011140577, 0.013326019464628603]</SD>
		<WAVELENGTH_UNIT>E-6m</WAVELENGTH_UNIT>
		<COLOR>#f911dc</COLOR>
		<COVARIANCE_MATRIX>[[3.3949432690860704e-05, 4.110719601158053e-05, 4.7158380766632035e-05, 1.3665221558767371e-05, 3.240760270273313e-05, 5.1520459237508476e-05], [4.110719601158053e-05, 5.950442573521286e-05, 6.772058259230107e-05, 3.685390038299374e-05, 6.119448516983539e-05, 8.07973847258836e-05], [4.7158380766632035e-05, 6.772058259230107e-05, 8.691727998666465e-05, 5.245966895017773e-05, 7.69324615248479e-05, 9.565038635628298e-05], [1.3665221558767371e-05, 3.685390038299374e-05, 5.245966895017773e-05, 0.0001517652126494795, 0.0001383523631375283, 0.00011183028982486576], [3.240760270273313e-05, 6.119448516983539e-05, 7.69324615248479e-05, 0.0001383523631375283, 0.00017748898244462907, 0.00015101995086297393], [5.1520459237508476e-05, 8.07973847258836e-05, 9.565038635628298e-05, 0.00011183028982486576, 0.00015101995086297393, 0.0001793948613340035]]</COVARIANCE_MATRIX>
		<ROI_SIZE>99</ROI_SIZE>
		<MAX_VALUE>[0.13967539370059967, 0.1503409743309021, 0.16071267426013947, 0.19543765485286713, 0.17338818311691284, 0.15998944640159607]</MAX_VALUE>
		<MIN_VALUE>[0.1111246794462204, 0.11486372351646423, 0.11976978927850723, 0.14084260165691376, 0.12286050617694855, 0.10320158302783966]</MIN_VALUE>
		<SIGNATURE_THRESHOLD_MD>0.0</SIGNATURE_THRESHOLD_MD>
		<SIGNATURE_THRESHOLD_ML>0.0</SIGNATURE_THRESHOLD_ML>
		<SIGNATURE_THRESHOLD_SAM>0.0</SIGNATURE_THRESHOLD_SAM>
	</signature>
	<signature ID="20220209_154840376399_328">
		<MACROCLASSID>1</MACROCLASSID>
		<MACROCLASSINFO>Waterbody</MACROCLASSINFO>
		<CLASSID>15</CLASSID>
		<CLASSINFO>C 1</CLASSINFO>
		<VALUES>[0.13658239729702473, 0.007624368022017539, 0.14827147908508775, 0.010684158533034442, 0.16173625811934472, 0.01304313545007795, 0.22452660575509073, 0.011316629694626736, 0.18931539021432398, 0.010859998032322701, 0.15722892507910727, 0.01373710323490554]</VALUES>
		<LCS_MIN>[0.12064158171415329, 0.1296459138393402, 0.13887646794319153, 0.1988498717546463, 0.1689944863319397, 0.1347503960132599]</LCS_MIN>
		<LCS_MAX>[0.1519114226102829, 0.17103606462478638, 0.19073748588562012, 0.2466205358505249, 0.20853787660598755, 0.18838338553905487]</LCS_MAX>
		<WAVELENGTH>[0.48, 0.56, 0.655, 0.865, 1.61, 2.2]</WAVELENGTH>
		<MEAN_VALUE>[0.13658239729702473, 0.14827147908508775, 0.16173625811934472, 0.22452660575509073, 0.18931539021432398, 0.15722892507910727]</MEAN_VALUE>
		<CHECKBOX>2</CHECKBOX>
		<SD>[0.007624368022017539, 0.010684158533034442, 0.01304313545007795, 0.011316629694626736, 0.010859998032322701, 0.01373710323490554]</SD>
		<WAVELENGTH_UNIT>E-6m</WAVELENGTH_UNIT>
		<COLOR>#24f0c4</COLOR>
		<COVARIANCE_MATRIX>[[5.962152499705553e-05, 7.846172229619697e-05, 9.573542774887756e-05, -1.2159709513070993e-05, 3.7659880035789683e-05, 8.571620128350332e-05], [7.846172229619697e-05, 0.000117078197945375, 0.00013728797785006464, -5.250907634035684e-06, 5.8287259889766574e-05, 0.00012854815577156842], [9.573542774887756e-05, 0.00013728797785006464, 0.00017448552534915507, -8.56739734445e-06, 6.953488627914339e-05, 0.0001556940987939015], [-1.2159709513070993e-05, -5.250907634035684e-06, -8.56739734445e-06, 0.00013134985056240112, 4.454405279830098e-05, -5.141006113262847e-06], [3.7659880035789683e-05, 5.8287259889766574e-05, 6.953488627914339e-05, 4.454405279830098e-05, 0.00012096364662284032, 0.00011493606143631041], [8.571620128350332e-05, 0.00012854815577156842, 0.0001556940987939015, -5.141006113262847e-06, 0.00011493606143631041, 0.0001935466716531664]]</COVARIANCE_MATRIX>
		<ROI_SIZE>40</ROI_SIZE>
		<MAX_VALUE>[0.1519114226102829, 0.17103606462478638, 0.19073748588562012, 0.2466205358505249, 0.20853787660598755, 0.18838338553905487]</MAX_VALUE>
		<MIN_VALUE>[0.12064158171415329, 0.1296459138393402, 0.13887646794319153, 0.1988498717546463, 0.1689944863319397, 0.1347503960132599]</MIN_VALUE>
		<SIGNATURE_THRESHOLD_MD>0.0</SIGNATURE_THRESHOLD_MD>
		<SIGNATURE_THRESHOLD_ML>0.0</SIGNATURE_THRESHOLD_ML>
		<SIGNATURE_THRESHOLD_SAM>0.0</SIGNATURE_THRESHOLD_SAM>
	</signature>
	<signature ID="20220209_154849545971_664">
		<MACROCLASSID>1</MACROCLASSID>
		<MACROCLASSINFO>Waterbody</MACROCLASSINFO>
		<CLASSID>16</CLASSID>
		<CLASSINFO>C 1</CLASSINFO>
		<VALUES>[0.12384952043884255, 0.004693071480424222, 0.1272209726190299, 0.006744073649733655, 0.1348895243881793, 0.008255333089426694, 0.1695970286814014, 0.012989587294008176, 0.1404106762636914, 0.01152861617526673, 0.11847972267129442, 0.01080428692755466]</VALUES>
		<LCS_MIN>[0.11248420923948288, 0.11190728843212128, 0.1170402467250824, 0.14084260165691376, 0.11407309025526047, 0.09373695403337479]</LCS_MIN>
		<LCS_MAX>[0.1342371553182602, 0.13851523399353027, 0.15252411365509033, 0.19543765485286713, 0.1624039113521576, 0.14106014370918274]</LCS_MAX>
		<WAVELENGTH>[0.48, 0.56, 0.655, 0.865, 1.61, 2.2]</WAVELENGTH>
