<?xml version="1.0" ?>
<signaturelist MCID_LIST="[['1', 'Waterbody', '#000000'], ['2', 'Vegetation', '#000000'], ['3', 'Bareland', '#000000'], ['4', 'Built-up', '#000000']]">
	<signature ID="20220209_154540081756_619">
		<MACROCLASSID>1</MACROCLASSID>
		<MACROCLASSINFO>Waterbody</MACROCLASSINFO>
		<CLASSID>1</CLASSID>
		<CLASSINFO>C 1</CLASSINFO>
		<VALUES>[0.1418046074289849, 0.005050978177020674, 0.14223142569014016, 0.007018665679805282, 0.14573332965651462, 0.00882714576728144, 0.16616398947975916, 0.01265200224576888, 0.13888488024528678, 0.01391336855092897, 0.12341162823209981, 0.014433422771028288]</VALUES>
		<LCS_MIN>[0.11928200721740723, 0.11782015860080719, 0.12249930948019028, 0.13401822745800018, 0.10748252272605896, 0.10004670917987823]</LCS_MIN>
		<LCS_MAX>[0.15327098965644836, 0.15921029448509216, 0.168901264667511, 0.18861329555511475, 0.16460075974464417, 0.15683455765247345]</LCS_MAX>
		<WAVELENGTH>[0.48, 0.56, 0.655, 0.865, 1.61, 2.2]</WAVELENGTH>
		<MEAN_VALUE>[0.1418046074289849, 0.14223142569014016, 0.14573332965651462, 0.16616398947975916, 0.13888488024528678, 0.12341162823209981]</MEAN_VALUE>
		<CHECKBOX>2</CHECKBOX>
		<SD>[0.005050978177020674, 0.007018665679805282, 0.00882714576728144, 0.01265200224576888, 0.01391336855092897, 0.014433422771028288]</SD>
		<WAVELENGTH_UNIT>E-6m</WAVELENGTH_UNIT>
		<COLOR>#2c440d</COLOR>
		<COVARIANCE_MATRIX>[[2.5559978269636034e-05, 2.9012601204315077e-05, 3.3179213021660406e-05, 1.5441006805811604e-05, 2.6755702057716995e-05, 3.4206625367742695e-05], [2.9012601204315077e-05, 4.9353574021751254e-05, 5.729061761052876e-05, 4.9911190750516135e-05, 6.428701852487936e-05, 7.343397332984572e-05], [3.3179213021660406e-05, 5.729061761052876e-05, 7.806387273712717e-05, 7.392310727368268e-05, 9.298953090979123e-05, 0.00010115679670037624], [1.5441006805811604e-05, 4.9911190750516135e-05, 7.392310727368268e-05, 0.00016037180478370802, 0.00015184483761184424, 0.00013432726256098262], [2.6755702057716995e-05, 6.428701852487936e-05, 9.298953090979123e-05, 0.00015184483761184424, 0.0001939429845541917, 0.00018330277896466031], [3.4206625367742695e-05, 7.343397332984572e-05, 0.00010115679670037624, 0.00013432726256098262, 0.00018330277896466031, 0.00020871235649337085]]</COVARIANCE_MATRIX>
		<ROI_SIZE>537</ROI_SIZE>
		<MAX_VALUE>[0.15327098965644836, 0.15921029448509216, 0.168901264667511, 0.18861329555511475, 0.16460075974464417, 0.15683455765247345]</MAX_VALUE>
		<MIN_VALUE>[0.11928200721740723, 0.11782015860080719, 0.12249930948019028, 0.13401822745800018, 0.10748252272605896, 0.10004670917987823]</MIN_VALUE>
		<SIGNATURE_THRESHOLD_MD>0</SIGNATURE_THRESHOLD_MD>
		<SIGNATURE_THRESHOLD_ML>0</SIGNATURE_THRESHOLD_ML>
		<SIGNATURE_THRESHOLD_SAM>0</SIGNATURE_THRESHOLD_SAM>
	</signature>
	<signature ID="20220209_154549722939_942">
		<MACROCLASSID>1</MACROCLASSID>
		<MACROCLASSINFO>Waterbody</MACROCLASSINFO>
		<CLASSID>2</CLASSID>
		<CLASSINFO>C 1</CLASSINFO>
		<VALUES>[0.13816841265343766, 0.0062321089563356505, 0.1415429098688695, 0.007828404193554921, 0.14861068879085854, 0.009875073831747438, 0.18415276984493412, 0.012566059879233272, 0.15450317610100092, 0.013152381057467102, 0.13520652684102577, 0.01262553217957253]</VALUES>
		<LCS_MIN>[0.12064158171415329, 0.11782015860080719, 0.11976978927850723, 0.16131576895713806, 0.12725423276424408, 0.10320158302783966]</LCS_MIN>
		<LCS_MAX>[0.1519114226102829, 0.15921029448509216, 0.17163078486919403, 0.21591083705425262, 0.17997875809669495, 0.15998944640159607]</LCS_MAX>
		<WAVELENGTH>[0.48, 0.56, 0.655, 0.865, 1.61, 2.2]</WAVELENGTH>
		<MEAN_VALUE>[0.13816841265343766, 0.1415429098688695, 0.14861068879085854, 0.18415276984493412, 0.15450317610100092, 0.13520652684102577]</MEAN_VALUE>
		<CHECKBOX>2</CHECKBOX>
		<SD>[0.0062321089563356505, 0.007828404193554921, 0.009875073831747438, 0.012566059879233272, 0.013152381057467102, 0.01262553217957253]</SD>
		<WAVELENGTH_UNIT>E-6m</WAVELENGTH_UNIT>
		<COLOR>#5ede54</COLOR>
		<COVARIANCE_MATRIX>[[3.907457102572142e-05, 4.349371101340448e-05, 4.932625850616655e-05, -9.71477959111614e-06, 8.946963762918936e-06, 3.7371087157620725e-05], [4.349371101340448e-05, 6.16553298674721e-05, 7.183162321557382e-05, 1.7560885624618998e-05, 3.3906579871072e-05, 6.282705302981662e-05], [4.932625850616655e-05, 7.183162321557382e-05, 9.810809580781154e-05, 4.706957114423709e-05, 6.625306797332112e-05, 9.323253395633206e-05], [-9.71477959111614e-06, 1.7560885624618998e-05, 4.706957114423709e-05, 0.0001588628661059822, 0.0001346836422712735, 9.834523368970052e-05], [8.946963762918936e-06, 3.3906579871072e-05, 6.625306797332112e-05, 0.0001346836422712735, 0.00017403352219282441, 0.00014388011185996192], [3.7371087157620725e-05, 6.282705302981662e-05, 9.323253395633206e-05, 9.834523368970052e-05, 0.00014388011185996192, 0.000160370148046618]]</COVARIANCE_MATRIX>
		<ROI_SIZE>166</ROI_SIZE>
		<MAX_VALUE>[0.1519114226102829, 0.15921029448509216, 0.17163078486919403, 0.21591083705425262, 0.17997875809669495, 0.15998944640159607]</MAX_VALUE>
		<MIN_VALUE>[0.12064158171415329, 0.11782015860080719, 0.11976978927850723, 0.16131576895713806, 0.12725423276424408, 0.10320158302783966]</MIN_VALUE>
		<SIGNATURE_THRESHOLD_MD>0</SIGNATURE_THRESHOLD_MD>
		<SIGNATURE_THRESHOLD_ML>0</SIGNATURE_THRESHOLD_ML>
		<SIGNATURE_THRESHOLD_SAM>0</SIGNATURE_THRESHOLD_SAM>
	</signature>
	<signature ID="20220209_154554405551_310">
		<MACROCLASSID>1</MACROCLASSID>
		<MACROCLASSINFO>Waterbody</MACROCLASSINFO>
		<CLASSID>3</CLASSID>
		<CLASSINFO>C 1</CLASSINFO>
		<VALUES>[0.13776809963390985, 0.004834266548302706, 0.13594164174023296, 0.0063520960908676274, 0.13807136275999835, 0.008246975746208232, 0.15829633487214284, 0.01206620049287862, 0.12554731916823833, 0.013978946923561787, 0.10839920131851441, 0.014143846700892481]</VALUES>
		<LCS_MIN>[0.11928200721740723, 0.11782015860080719, 0.11976978927850723, 0.13401822745800018, 0.10089197009801865, 0.08427230268716812]</LCS_MIN>
		<LCS_MAX>[0.14647318422794342, 0.1503409743309021, 0.16071267426013947, 0.18520107865333557, 0.15361648797988892, 0.1379052847623825]</LCS_MAX>
		<WAVELENGTH>[0.48, 0.56, 0.655, 0.865, 1.61, 2.2]</WAVELENGTH>
		<MEAN_VALUE>[0.13776809963390985, 0.13594164174023296, 0.13807136275999835, 0.15829633487214284, 0.12554731916823833, 0.10839920131851441]</MEAN_VALUE>
		<CHECKBOX>2</CHECKBOX>
		<SD>[0.004834266548302706, 0.0063520960908676274, 0.008246975746208232, 0.01206620049287862, 0.013978946923561787, 0.014143846700892481]</SD>
		<WAVELENGTH_UNIT>E-6m</WAVELENGTH_UNIT>
		<COLOR>#f973d8</COLOR>
		<COVARIANCE_MATRIX>[[2.3539481850328693e-05, 2.336674928872084e-05, 2.7576186198332877e-05, 1.383135452132541e-05, 1.8623680227678714e-05, 2.1920492712109865e-05], [2.336674928872084e-05, 4.0641509709554985e-05, 4.790987633320299e-05, 4.8899291943710296e-05, 5.661763374718137e-05, 6.132611262102961e-05], [2.7576186198332877e-05, 4.790987633320299e-05, 6.85054539510001e-05, 7.098087022569836e-05, 8.195670047581782e-05, 8.808185719705799e-05], [1.383135452132541e-05, 4.8899291943710296e-05, 7.098087022569836e-05, 0.00014664821748169485, 0.00014902180569765627, 0.00014171184002585084], [1.8623680227678714e-05, 5.661763374718137e-05, 8.195670047581782e-05, 0.00014902180569765627, 0.00019682697851995873, 0.0001884844829671746], [2.1920492712109865e-05, 6.132611262102961e-05, 8.808185719705799e-05, 0.00014171184002585084, 0.0001884844829671746, 0.00020149802558166882]]</COVARIANCE_MATRIX>
		<ROI_SIZE>139</ROI_SIZE>
		<MAX_VALUE>[0.14647318422794342, 0.1503409743309021, 0.16071267426013947, 0.18520107865333557, 0.15361648797988892, 0.1379052847623825]</MAX_VALUE>
		<MIN_VALUE>[0.11928200721740723, 0.11782015860080719, 0.11976978927850723, 0.13401822745800018, 0.10089197009801865, 0.08427230268716812]</MIN_VALUE>
		<SIGNATURE_THRESHOLD_MD>0</SIGNATURE_THRESHOLD_MD>
		<SIGNATURE_THRESHOLD_ML>0</SIGNATURE_THRESHOLD_ML>
		<SIGNATURE_THRESHOLD_SAM>0</SIGNATURE_THRESHOLD_SAM>
	</signature>
	<signature ID="20220209_154559259775_670">
		<MACROCLASSID>1</MACROCLASSID>
		<MACROCLASSINFO>Waterbody</MACROCLASSINFO>
		<CLASSID>4</CLASSID>
		<CLASSINFO>C 1</CLASSINFO>
		<VALUES>[0.13951125403267897, 0.006690281798289047, 0.1387846122977402, 0.008459547008696527, 0.1410588514153128, 0.010035569381182325, 0.1580434721260245, 0.012586553903088467, 0.12862538587055872, 0.013596196259327899, 0.11186853059671459, 0.013672385881676257]</VALUES>
		<LCS_MIN>[0.11384378373622894, 0.11486372351646423, 0.1115812137722969, 0.12719383835792542, 0.09430141001939774, 0.07796254754066467]</LCS_MIN>
		<LCS_MAX>[0.15055187046527863, 0.1562538594007492, 0.1634422242641449, 0.18178892135620117, 0.15141963958740234, 0.1347503960132599]</LCS_MAX>
		<WAVELENGTH>[0.48, 0.56, 0.655, 0.865, 1.61, 2.2]</WAVELENGTH>
		<MEAN_VALUE>[0.13951125403267897, 0.1387846122977402, 0.1410588514153128, 0.1580434721260245, 0.12862538587055872, 0.11186853059671459]</MEAN_VALUE>
		<CHECKBOX>2</CHECKBOX>
		<SD>[0.006690281798289047, 0.008459547008696527, 0.010035569381182325, 0.012586553903088467, 0.013596196259327899, 0.013672385881676257]</SD>
		<WAVELENGTH_UNIT>E-6m</WAVELENGTH_UNIT>
		<COLOR>#60cb0d</COLOR>
		<COVARIANCE_MATRIX>[[4.486206202577014e-05, 5.011307997778284e-05, 5.653162913293795e-05, 4.730341142178698e-05, 6.030156549911571e-05, 6.352192171315794e-05], [5.011307997778284e-05, 7.172732357315078e-05, 8.01628212091644e-05, 7.932984478610817e-05, 9.043931833682781e-05, 9.453094775835086e-05], [5.653162913293795e-05, 8.01628212091644e-05, 0.00010094259036800504, 0.00010195291179169746, 0.00011455984238885588, 0.00011797817547513236], [4.730341142178698e-05, 7.932984478610817e-05, 0.00010195291179169746, 0.0001587830317105004, 0.00014717947646037524, 0.0001362726080649582], [6.030156549911571e-05, 9.043931833682781e-05, 0.00011455984238885588, 0.00014717947646037524, 0.00018527859964618507, 0.000171787419284953], [6.352192171315794e-05, 9.453094775835086e-05, 0.00011797817547513236, 0.0001362726080649582, 0.000171787419284953, 0.00018736092596160952]]</COVARIANCE_MATRIX>
		<ROI_SIZE>439</ROI_SIZE>
		<MAX_VALUE>[0.15055187046527863, 0.1562538594007492, 0.1634422242641449, 0.18178892135620117, 0.15141963958740234, 0.1347503960132599]</MAX_VALUE>
		<MIN_VALUE>[0.11384378373622894, 0.11486372351646423, 0.1115812137722969, 0.12719383835792542, 0.09430141001939774, 0.07796254754066467]</MIN_VALUE>
		<SIGNATURE_THRESHOLD_MD>0</SIGNATURE_THRESHOLD_MD>
		<SIGNATURE_THRESHOLD_ML>0</SIGNATURE_THRESHOLD_ML>
		<SIGNATURE_THRESHOLD_SAM>0</SIGNATURE_THRESHOLD_SAM>
	</signature>
	<signature ID="20220209_154607676597_931">
		<MACROCLASSID>1</MACROCLASSID>
		<MACROCLASSINFO>Waterbody</MACROCLASSINFO>
		<CLASSID>5</CLASSID>
		<CLASSINFO>C 1</CLASSINFO>
		<VALUES>[0.15667944480205917, 0.009679977898525122, 0.17602243846361051, 0.011505351802594509, 0.19192924040933723, 0.011634480107178732, 0.24979244162079312, 0.009515517783360771, 0.24235706351382616, 0.010990331582131972, 0.2029691458168163, 0.010624245462822741]</VALUES>
		<LCS_MIN>[0.13151805102825165, 0.14738456904888153, 0.16617174446582794, 0.22955957055091858, 0.21293160319328308, 0.18207362294197083]</LCS_MIN>
		<LCS_MAX>[0.1750238984823227, 0.20060044527053833, 0.2207622528076172, 0.28074246644973755, 0.2678529620170593, 0.22624193131923676]</LCS_MAX>
		<WAVELENGTH>[0.48, 0.56, 0.655, 0.865, 1.61, 2.2]</WAVELENGTH>
		<MEAN_VALUE>[0.15667944480205917, 0.17602243846361051, 0.19192924040933723, 0.24979244162079312, 0.24235706351382616, 0.2029691458168163]</MEAN_VALUE>
		<CHECKBOX>2</CHECKBOX>
		<SD>[0.009679977898525122, 0.011505351802594509, 0.011634480107178732, 0.009515517783360771, 0.010990331582131972, 0.010624245462822741]</SD>
		<WAVELENGTH_UNIT>E-6m</WAVELENGTH_UNIT>
		<COLOR>#93c0ec</COLOR>
		<COVARIANCE_MATRIX>[[9.403307449090288e-05, 0.0001051182229626201, 0.00010297721461356139, -2.1701341934069903e-05, 6.102376852600555e-06, 5.994716559462312e-05], [0.0001051182229626201, 0.0001328408696424596, 0.00012834089144463326, -1.5515724453880765e-05, 1.390999918179648e-05, 7.558892952341758e-05], [0.00010297721461356139, 0.00012834089144463326, 0.00013583943523488317, -8.993348566756603e-06, 2.8288868223310403e-05, 8.525272484212315e-05], [-2.1701341934069903e-05, -1.5515724453880765e-05, -8.993348566756603e-06, 9.086502595996235e-05, 7.291844160744172e-05, 2.3830194590300674e-05], [6.102376852600555e-06, 1.390999918179648e-05, 2.8288868223310403e-05, 7.291844160744172e-05, 0.00012121419884451931, 7.590094348634912e-05], [5.994716559462312e-05, 7.558892952341758e-05, 8.525272484212315e-05, 2.3830194590300674e-05, 7.590094348634912e-05, 0.00011327344180149835]]</COVARIANCE_MATRIX>
		<ROI_SIZE>284</ROI_SIZE>
		<MAX_VALUE>[0.1750238984823227, 0.20060044527053833, 0.2207622528076172, 0.28074246644973755, 0.2678529620170593, 0.22624193131923676]</MAX_VALUE>
		<MIN_VALUE>[0.13151805102825165, 0.14738456904888153, 0.16617174446582794, 0.22955957055091858, 0.21293160319328308, 0.18207362294197083]</MIN_VALUE>
		<SIGNATURE_THRESHOLD_MD>0</SIGNATURE_THRESHOLD_MD>
		<SIGNATURE_THRESHOLD_ML>0</SIGNATURE_THRESHOLD_ML>
		<SIGNATURE_THRESHOLD_SAM>0</SIGNATURE_THRESHOLD_SAM>
	</signature>
	<signature ID="20220209_154614783975_365">
		<MACROCLASSID>1</MACROCLASSID>
		<MACROCLASSINFO>Waterbody</MACROCLASSINFO>
		<CLASSID>6</CLASSID>
		<CLASSINFO>C 1</CLASSINFO>
		<VALUES>[0.13978019744413053, 0.007366776988754651, 0.14043343531434502, 0.008856017585700442, 0.14474466366481975, 0.011479050866408894, 0.17114315658999216, 0.012975749822926114, 0.13927813032263092, 0.013415211613782311, 0.1233198674958064, 0.014732507562025404]</VALUES>
		<LCS_MIN>[0.11656288802623749, 0.11782015860080719, 0.11431074142456055, 0.15107916295528412, 0.11407309025526047, 0.09689183533191681]</LCS_MIN>
		<LCS_MAX>[0.1559900939464569, 0.16216672956943512, 0.168901264667511, 0.20567424595355988, 0.17119134962558746, 0.15367968380451202]</LCS_MAX>
		<WAVELENGTH>[0.48, 0.56, 0.655, 0.865, 1.61, 2.2]</WAVELENGTH>
		<MEAN_VALUE>[0.13978019744413053, 0.14043343531434502, 0.14474466366481975, 0.17114315658999216, 0.13927813032263092, 0.1233198674958064]</MEAN_VALUE>
		<CHECKBOX>2</CHECKBOX>
		<SD>[0.007366776988754651, 0.008856017585700442, 0.011479050866408894, 0.012975749822926114, 0.013415211613782311, 0.014732507562025404]</SD>
		<WAVELENGTH_UNIT>E-6m</WAVELENGTH_UNIT>
		<COLOR>#da3394</COLOR>
		<COVARIANCE_MATRIX>[[5.438586114883056e-05, 5.948650439815406e-05, 7.352304498853088e-05, 8.554582416789648e-06, 3.937235159498491e-05, 6.830053105332532e-05], [5.948650439815406e-05, 7.859735015522759e-05, 9.717523376675822e-05, 3.670046350784083e-05, 6.732655763891699e-05, 9.955310335778011e-05], [7.352304498853088e-05, 9.717523376675822e-05, 0.0001320513740485245, 5.5090419204837485e-05, 9.494957109099818e-05, 0.00013479909648591418], [8.554582416789648e-06, 3.670046350784083e-05, 5.5090419204837485e-05, 0.00016873139265915664, 0.00013775276174335437, 0.00011155705106930013], [3.937235159498491e-05, 6.732655763891699e-05, 9.494957109099818e-05, 0.00013775276174335437, 0.00018035409985853114, 0.00017598789863844752], [6.830053105332532e-05, 9.955310335778011e-05, 0.00013479909648591418, 0.00011155705106930013, 0.00017598789863844752, 0.00021751254468544703]]</COVARIANCE_MATRIX>
		<ROI_SIZE>467</ROI_SIZE>
		<MAX_VALUE>[0.1559900939464569, 0.16216672956943512, 0.168901264667511, 0.20567424595355988, 0.17119134962558746, 0.15367968380451202]</MAX_VALUE>
		<MIN_VALUE>[0.11656288802623749, 0.11782015860080719, 0.11431074142456055, 0.15107916295528412, 0.11407309025526047, 0.09689183533191681]</MIN_VALUE>
		<SIGNATURE_THRESHOLD_MD>0</SIGNATURE_THRESHOLD_MD>
		<SIGNATURE_THRESHOLD_ML>0</SIGNATURE_THRESHOLD_ML>
		<SIGNATURE_THRESHOLD_SAM>0</SIGNATURE_THRESHOLD_SAM>
	</signature>
	<signature ID="20220209_154627842065_772">
		<MACROCLASSID>1</MACROCLASSID>
		<MACROCLASSINFO>Waterbody</MACROCLASSINFO>
		<CLASSID>7</CLASSID>
		<CLASSINFO>C 1</CLASSINFO>
		<VALUES>[0.13708519954876652, 0.0058883553031925, 0.14440262060740902, 0.007807493385187815, 0.15452419414088653, 0.00975859494405568, 0.19532000800145083, 0.009482550442707868, 0.17213825740177052, 0.009594203439845714, 0.15196625811272652, 0.010900466009276202]</VALUES>
		<LCS_MIN>[0.12336067855358124, 0.12668947875499725, 0.13614696264266968, 0.17496450245380402, 0.14922277629375458, 0.13159552216529846]</LCS_MIN>
		<LCS_MAX>[0.1478327363729477, 0.16216672956943512, 0.17981939017772675, 0.22614739835262299, 0.2041441649198532, 0.1789187341928482]</LCS_MAX>
		<WAVELENGTH>[0.48, 0.56, 0.655, 0.865, 1.61, 2.2]</WAVELENGTH>
		<MEAN_VALUE>[0.13708519954876652, 0.14440262060740902, 0.15452419414088653, 0.19532000800145083, 0.17213825740177052, 0.15196625811272652]</MEAN_VALUE>
		<CHECKBOX>2</CHECKBOX>
		<SD>[0.0058883553031925, 0.007807493385187815, 0.00975859494405568, 0.009482550442707868, 0.009594203439845714, 0.010900466009276202]</SD>
		<WAVELENGTH_UNIT>E-6m</WAVELENGTH_UNIT>
		<COLOR>#4b89be</COLOR>
		<COVARIANCE_MATRIX>[[3.497423016077994e-05, 4.239976737144631e-05, 5.053152871345093e-05, 4.97709416763423e-06, 2.3952669676307965e-05, 4.3749337169079966e-05], [4.239976737144631e-05, 6.148701342027101e-05, 7.211712922730831e-05, 1.841839906441329e-05, 4.0687818433752504e-05, 6.532751521822993e-05], [5.053152871345093e-05, 7.211712922730831e-05, 9.605826376286322e-05, 2.3481064041960606e-05, 5.7166920002403376e-05, 8.822227010818236e-05], [4.97709416763423e-06, 1.841839906441329e-05, 2.3481064041960606e-05, 9.070066518457322e-05, 6.086331114838932e-05, 3.5648958735151586e-05], [2.3952669676307965e-05, 4.0687818433752504e-05, 5.7166920002403376e-05, 6.086331114838932e-05, 9.284916346814866e-05, 8.33599386420666e-05], [4.3749337169079966e-05, 6.532751521822993e-05, 8.822227010818236e-05, 3.5648958735151586e-05, 8.33599386420666e-05, 0.0001198533779952073]]</COVARIANCE_MATRIX>
		<ROI_SIZE>116</ROI_SIZE>
		<MAX_VALUE>[0.1478327363729477, 0.16216672956943512, 0.17981939017772675, 0.22614739835262299, 0.2041441649198532, 0.1789187341928482]</MAX_VALUE>
		<MIN_VALUE>[0.12336067855358124, 0.12668947875499725, 0.13614696264266968, 0.17496450245380402, 0.14922277629375458, 0.13159552216529846]</MIN_VALUE>
		<SIGNATURE_THRESHOLD_MD>0</SIGNATURE_THRESHOLD_MD>
		<SIGNATURE_THRESHOLD_ML>0</SIGNATURE_THRESHOLD_ML>
		<SIGNATURE_THRESHOLD_SAM>0</SIGNATURE_THRESHOLD_SAM>
	</signature>
	<signature ID="20220209_154640084269_424">
		<MACROCLASSID>1</MACROCLASSID>
		<MACROCLASSINFO>Waterbody</MACROCLASSINFO>
		<CLASSID>8</CLASSID>
		<CLASSINFO>C 1</CLASSINFO>
		<VALUES>[0.12954725428413924, 0.005848942220037978, 0.13179492463647324, 0.00807666747104187, 0.1377926911970897, 0.010222111523000904, 0.1672870885862523, 0.0105092242448432, 0.1362401052464206, 0.01144850589993477, 0.11821378754968398, 0.012650319689543612]</VALUES>
		<LCS_MIN>[0.11248420923948288, 0.11190728843212128, 0.1115812137722969, 0.14084260165691376, 0.10748252272605896, 0.09058206528425217]</LCS_MIN>
		<LCS_MAX>[0.14103494584560394, 0.15329740941524506, 0.16071267426013947, 0.18520107865333557, 0.16020707786083221, 0.14421506226062775]</LCS_MAX>
		<WAVELENGTH>[0.48, 0.56, 0.655, 0.865, 1.61, 2.2]</WAVELENGTH>
		<MEAN_VALUE>[0.12954725428413924, 0.13179492463647324, 0.1377926911970897, 0.1672870885862523, 0.1362401052464206, 0.11821378754968398]</MEAN_VALUE>
		<CHECKBOX>2</CHECKBOX>
		<SD>[0.005848942220037978, 0.00807666747104187, 0.010222111523000904, 0.0105092242448432, 0.01144850589993477, 0.012650319689543612]</SD>
		<WAVELENGTH_UNIT>E-6m</WAVELENGTH_UNIT>
		<COLOR>#4546c4</COLOR>
		<COVARIANCE_MATRIX>[[3.162555960415589e-05, 3.831803867099606e-05, 4.847409249396848e-05, 1.4896161557083527e-05, 3.713986153535095e-05, 5.177094910742637e-05], [3.831803867099606e-05, 5.716377908490269e-05, 6.971831357814651e-05, 3.707375473786164e-05, 6.407531175008729e-05, 7.972502613297865e-05], [4.847409249396848e-05, 6.971831357814651e-05, 9.454592575502052e-05, 5.327642797190456e-05, 8.849169063787507e-05, 0.00010655382292703842], [1.4896161557083527e-05, 3.707375473786164e-05, 5.327642797190456e-05, 0.00012712131634717275, 0.0001096728766400611, 8.959502994216352e-05], [3.713986153535095e-05, 6.407531175008729e-05, 8.849169063787507e-05, 0.0001096728766400611, 0.00013961366154206995, 0.00013071220830044306], [5.177094910742637e-05, 7.972502613297865e-05, 0.00010655382292703842, 8.959502994216352e-05, 0.00013071220830044306, 0.000152297863054074]]</COVARIANCE_MATRIX>
		<ROI_SIZE>858</ROI_SIZE>
		<MAX_VALUE>[0.14103494584560394, 0.15329740941524506, 0.16071267426013947, 0.18520107865333557, 0.16020707786083221, 0.14421506226062775]</MAX_VALUE>
		<MIN_VALUE>[0.11248420923948288, 0.11190728843212128, 0.1115812137722969, 0.14084260165691376, 0.10748252272605896, 0.09058206528425217]</MIN_VALUE>
		<SIGNATURE_THRESHOLD_MD>0</SIGNATURE_THRESHOLD_MD>
		<SIGNATURE_THRESHOLD_ML>0</SIGNATURE_THRESHOLD_ML>
		<SIGNATURE_THRESHOLD_SAM>0</SIGNATURE_THRESHOLD_SAM>
	</signature>
	<signature ID="20220209_154650072606_751">
		<MACROCLASSID>1</MACROCLASSID>
		<MACROCLASSINFO>Waterbody</MACROCLASSINFO>
		<CLASSID>9</CLASSID>
		<CLASSINFO>C 1</CLASSINFO>
		<VALUES>[0.11051425248249314, 0.004988450166565646, 0.10793184580243358, 0.006521160841312493, 0.10990388159240999, 0.008563201130317923, 0.13995280969980892, 0.012987661125635971, 0.1102124101180338, 0.012793102907427384, 0.09504611639817007, 0.011705662494351987]</VALUES>
		<LCS_MIN>[0.09345041215419769, 0.08529934287071228, 0.08428593724966049, 0.11354507505893707, 0.08112027496099472, 0.07480765879154205]</LCS_MIN>
		<LCS_MAX>[0.12336067855358124, 0.12668947875499725, 0.13341742753982544, 0.16814012825489044, 0.13823848962783813, 0.12528575956821442]</LCS_MAX>
		<WAVELENGTH>[0.48, 0.56, 0.655, 0.865, 1.61, 2.2]</WAVELENGTH>
		<MEAN_VALUE>[0.11051425248249314, 0.10793184580243358, 0.10990388159240999, 0.13995280969980892, 0.1102124101180338, 0.09504611639817007]</MEAN_VALUE>
		<CHECKBOX>2</CHECKBOX>
		<SD>[0.004988450166565646, 0.006521160841312493, 0.008563201130317923, 0.012987661125635971, 0.012793102907427384, 0.011705662494351987]</SD>
		<WAVELENGTH_UNIT>E-6m</WAVELENGTH_UNIT>
		<COLOR>#c51440</COLOR>
		<COVARIANCE_MATRIX>[[2.4941191053091405e-05, 2.8599793667813587e-05, 3.69772921755824e-05, 1.6388232347402646e-05, 2.508220433846295e-05, 3.495892430906224e-05], [2.8599793667813587e-05, 4.262218766989997e-05, 5.195025734930972e-05, 3.971809663597369e-05, 4.6023217197780645e-05, 5.4502181755804066e-05], [3.69772921755824e-05, 5.195025734930972e-05, 7.349506908372855e-05, 5.6799185772142e-05, 6.945914766139009e-05, 7.933099912698087e-05], [1.6388232347402646e-05, 3.971809663597369e-05, 5.6799185772142e-05, 0.0001690627036541611, 0.00013681902695716197, 0.00010108685365588093], [2.508220433846295e-05, 4.6023217197780645e-05, 6.945914766139009e-05, 0.00013681902695716197, 0.00016403544445911796, 0.00013347490171000285], [3.495892430906224e-05, 5.4502181755804066e-05, 7.933099912698087e-05, 0.00010108685365588093, 0.00013347490171000285, 0.00013733394928266006]]</COVARIANCE_MATRIX>
		<ROI_SIZE>441</ROI_SIZE>
		<MAX_VALUE>[0.12336067855358124, 0.12668947875499725, 0.13341742753982544, 0.16814012825489044, 0.13823848962783813, 0.12528575956821442]</MAX_VALUE>
		<MIN_VALUE>[0.09345041215419769, 0.08529934287071228, 0.08428593724966049, 0.11354507505893707, 0.08112027496099472, 0.07480765879154205]</MIN_VALUE>
		<SIGNATURE_THRESHOLD_MD>0</SIGNATURE_THRESHOLD_MD>
		<SIGNATURE_THRESHOLD_ML>0</SIGNATURE_THRESHOLD_ML>
		<SIGNATURE_THRESHOLD_SAM>0</SIGNATURE_THRESHOLD_SAM>
	</signature>
	<signature ID="20220209_154736420030_319">
		<MACROCLASSID>1</MACROCLASSID>
		<MACROCLASSINFO>Waterbody</MACROCLASSINFO>
		<CLASSID>10</CLASSID>
		<CLASSINFO>C 1</CLASSINFO>
		<VALUES>[0.12585830601413614, 0.00383171894763866, 0.12555340885948588, 0.003947341175801009, 0.12928326073824706, 0.005617992017645288, 0.15052709868282416, 0.010148462037216744, 0.11834585728605139, 0.011839202269333576, 0.10117041476154597, 0.01069406414931246]</VALUES>
		<LCS_MIN>[0.10976510494947433, 0.10895083844661713, 0.10885168612003326, 0.12378165870904922, 0.09210455417633057, 0.07796254754066467]</LCS_MIN>
		<LCS_MAX>[0.13695627450942993, 0.14147166907787323, 0.1497945636510849, 0.17155233025550842, 0.14922277629375458, 0.1347503960132599]</LCS_MAX>
		<WAVELENGTH>[0.48, 0.56, 0.655, 0.865, 1.61, 2.2]</WAVELENGTH>
		<MEAN_VALUE>[0.12585830601413614, 0.12555340885948588, 0.12928326073824706, 0.15052709868282416, 0.11834585728605139, 0.10117041476154597]</MEAN_VALUE>
		<CHECKBOX>2</CHECKBOX>
		<SD>[0.00383171894763866, 0.003947341175801009, 0.005617992017645288, 0.010148462037216744, 0.011839202269333576, 0.01069406414931246]</SD>
		<WAVELENGTH_UNIT>E-6m</WAVELENGTH_UNIT>
		<COLOR>#b6de31</COLOR>
		<COVARIANCE_MATRIX>[[1.469858535814031e-05, 1.0621846610370486e-05, 1.061684444360592e-05, -1.180099390694728e-05, -1.1305261477809319e-05, -3.972516179522212e-06], [1.0621846610370486e-05, 1.559902935745226e-05, 1.6774807294351793e-05, 6.73661653128455e-06, 8.753609387127469e-06, 1.3270170248354251e-05], [1.061684444360592e-05, 1.6774807294351793e-05, 3.159733693609715e-05, 2.7007527871283303e-05, 3.483015740408748e-05, 3.749787405451593e-05], [-1.180099390694728e-05, 6.73661653128455e-06, 2.7007527871283303e-05, 0.00010310713243142645, 0.00010179228560469451, 8.356892940323342e-05], [-1.1305261477809319e-05, 8.753609387127469e-06, 3.483015740408748e-05, 0.00010179228560469451, 0.00014032437821488418, 0.00011580819333577104], [-3.972516179522212e-06, 1.3270170248354251e-05, 3.749787405451593e-05, 8.356892940323342e-05, 0.00011580819333577104, 0.00011449165033335534]]</COVARIANCE_MATRIX>
		<ROI_SIZE>890</ROI_SIZE>
		<MAX_VALUE>[0.13695627450942993, 0.14147166907787323, 0.1497945636510849, 0.17155233025550842, 0.14922277629375458, 0.1347503960132599]</MAX_VALUE>
		<MIN_VALUE>[0.10976510494947433, 0.10895083844661713, 0.10885168612003326, 0.12378165870904922, 0.09210455417633057, 0.07796254754066467]</MIN_VALUE>
		<SIGNATURE_THRESHOLD_MD>0</SIGNATURE_THRESHOLD_MD>
		<SIGNATURE_THRESHOLD_ML>0</SIGNATURE_THRESHOLD_ML>
		<SIGNATURE_THRESHOLD_SAM>0</SIGNATURE_THRESHOLD_SAM>
	</signature>
	<signature ID="20220209_154746058577_184">
		<MACROCLASSID>1</MACROCLASSID>
		<MACROCLASSINFO>Waterbody</MACROCLASSINFO>
		<CLASSID>11</CLASSID>
		<CLASSINFO>C 1</CLASSINFO>
		<VALUES>[0.11732017629892129, 0.004651602457594768, 0.11747347849879279, 0.005367134957723943, 0.12145017788833433, 0.006313786004897335, 0.16343864915036987, 0.013651776710132728, 0.12695368042015476, 0.010035392019510756, 0.10019058149295836, 0.007013879151531625]</VALUES>
		<LCS_MIN>[0.10568643361330032, 0.10599440336227417, 0.10339263081550598, 0.1306060403585434, 0.09869510680437088, 0.08427230268716812]</LCS_MIN>
		<LCS_MAX>[0.1287989318370819, 0.13260234892368317, 0.14160600304603577, 0.18520107865333557, 0.15361648797988892, 0.1221308708190918]</LCS_MAX>
		<WAVELENGTH>[0.48, 0.56, 0.655, 0.865, 1.61, 2.2]</WAVELENGTH>
		<MEAN_VALUE>[0.11732017629892129, 0.11747347849879279, 0.12145017788833433, 0.16343864915036987, 0.12695368042015476, 0.10019058149295836]</MEAN_VALUE>
		<CHECKBOX>2</CHECKBOX>
		<SD>[0.004651602457594768, 0.005367134957723943, 0.006313786004897335, 0.013651776710132728, 0.010035392019510756, 0.007013879151531625]</SD>
		<WAVELENGTH_UNIT>E-6m</WAVELENGTH_UNIT>
		<COLOR>#6ca6b0</COLOR>
		<COVARIANCE_MATRIX>[[2.1708115898741816e-05, 2.0505134837621938e-05, 2.1146661224575707e-05, -3.320707190375781e-05, -1.1826033239321775e-05, 7.403879168342982e-06], [2.0505134837621938e-05, 2.8900275359175475e-05, 2.882833953637992e-05, -1.4030890351579786e-05, 5.774810263650701e-06, 1.824725093360001e-05], [2.1146661224575707e-05, 2.882833953637992e-05, 3.999416787810703e-05, -9.635875944121948e-06, 1.7711962916778377e-05, 2.9137275508771242e-05], [-3.320707190375781e-05, -1.4030890351579786e-05, -9.635875944121948e-06, 0.0001869800629228761, 0.00010663874389649068, 3.4486524411553226e-05], [-1.1826033239321775e-05, 5.774810263650701e-06, 1.7711962916778377e-05, 0.00010663874389649068, 0.00010103820766821878, 5.225100049048333e-05], [7.403879168342982e-06, 1.824725093360001e-05, 2.9137275508771242e-05, 3.4486524411553226e-05, 5.225100049048333e-05, 4.935526709461767e-05]]</COVARIANCE_MATRIX>
		<ROI_SIZE>307</ROI_SIZE>
		<MAX_VALUE>[0.1287989318370819, 0.13260234892368317, 0.14160600304603577, 0.18520107865333557, 0.15361648797988892, 0.1221308708190918]</MAX_VALUE>
		<MIN_VALUE>[0.10568643361330032, 0.10599440336227417, 0.10339263081550598, 0.1306060403585434, 0.09869510680437088, 0.08427230268716812]</MIN_VALUE>
		<SIGNATURE_THRESHOLD_MD>0</SIGNATURE_THRESHOLD_MD>
		<SIGNATURE_THRESHOLD_ML>0</SIGNATURE_THRESHOLD_ML>
		<SIGNATURE_THRESHOLD_SAM>0</SIGNATURE_THRESHOLD_SAM>
	</signature>
	<signature ID="20220209_154801345616_213">
		<MACROCLASSID>1</MACROCLASSID>
		<MACROCLASSINFO>Waterbody</MACROCLASSINFO>
		<CLASSID>12</CLASSID>
		<CLASSINFO>C 1</CLASSINFO>
		<VALUES>[0.13233464696822456, 0.007188802872358285, 0.12848412031278053, 0.008668151531547548, 0.12771419290536506, 0.010128110046293378, 0.139708845022197, 0.011051620886528155, 0.10757377436652342, 0.011788291770199667, 0.09316241682861172, 0.011543831121197105]</VALUES>
		<LCS_MIN>[0.10840555280447006, 0.10303797572851181, 0.0979335755109787, 0.1067207008600235, 0.07233284413814545, 0.05903325229883194]</LCS_MIN>
		<LCS_MAX>[0.1478327363729477, 0.1444281041622162, 0.1443355232477188, 0.15790356695652008, 0.1250573694705963, 0.11582110822200775]</LCS_MAX>
		<WAVELENGTH>[0.48, 0.56, 0.655, 0.865, 1.61, 2.2]</WAVELENGTH>
		<MEAN_VALUE>[0.13233464696822456, 0.12848412031278053, 0.12771419290536506, 0.139708845022197, 0.10757377436652342, 0.09316241682861172]</MEAN_VALUE>
		<CHECKBOX>2</CHECKBOX>
		<SD>[0.007188802872358285, 0.008668151531547548, 0.010128110046293378, 0.011051620886528155, 0.011788291770199667, 0.011543831121197105]</SD>
		<WAVELENGTH_UNIT>E-6m</WAVELENGTH_UNIT>
		<COLOR>#86feb0</COLOR>
		<COVARIANCE_MATRIX>[[5.184452419511909e-05, 5.7352920933996925e-05, 6.376197019602102e-05, 5.4203810321837736e-05, 5.239446593862828e-05, 4.5480251143216065e-05], [5.7352920933996925e-05, 7.537767421417104e-05, 8.279171972015957e-05, 7.589007593497979e-05, 7.229929729612308e-05, 6.632487565635939e-05], [6.376197019602102e-05, 8.279171972015957e-05, 0.00010290739071595022, 9.530677447899432e-05, 9.44460361016628e-05, 8.77666288062473e-05], [5.4203810321837736e-05, 7.589007593497979e-05, 9.530677447899432e-05, 0.00012252979320742844, 0.00010793212344697917, 9.3402758366939e-05], [5.239446593862828e-05, 7.229929729612308e-05, 9.44460361016628e-05, 0.00010793212344697917, 0.00013940921972749635, 0.00012127522776149438], [4.5480251143216065e-05, 6.632487565635939e-05, 8.77666288062473e-05, 9.3402758366939e-05, 0.00012127522776149438, 0.00013368715245777883]]</COVARIANCE_MATRIX>
		<ROI_SIZE>313</ROI_SIZE>
		<MAX_VALUE>[0.1478327363729477, 0.1444281041622162, 0.1443355232477188, 0.15790356695652008, 0.1250573694705963, 0.11582110822200775]</MAX_VALUE>
		<MIN_VALUE>[0.10840555280447006, 0.10303797572851181, 0.0979335755109787, 0.1067207008600235, 0.07233284413814545, 0.05903325229883194]</MIN_VALUE>
		<SIGNATURE_THRESHOLD_MD>0</SIGNATURE_THRESHOLD_MD>
		<SIGNATURE_THRESHOLD_ML>0</SIGNATURE_THRESHOLD_ML>
		<SIGNATURE_THRESHOLD_SAM>0</SIGNATURE_THRESHOLD_SAM>
	</signature>
	<signature ID="20220209_154806614802_802">
		<MACROCLASSID>1</MACROCLASSID>
		<MACROCLASSINFO>Waterbody</MACROCLASSINFO>
		<CLASSID>13</CLASSID>
		<CLASSINFO>C 1</CLASSINFO>
		<VALUES>[0.13009780426077167, 0.006711365847708758, 0.12724224946251533, 0.007718209235913836, 0.12782337296354157, 0.00966172322407397, 0.14269070815299462, 0.011759312168426447, 0.11198224219863172, 0.013420130342123008, 0.09744745321275237, 0.01307478563969434]</VALUES>
		<LCS_MIN>[0.10840555280447006, 0.10303797572851181, 0.10339263081550598, 0.11695726215839386, 0.07892342656850815, 0.06534300744533539]</LCS_MIN>
		<LCS_MAX>[0.14919230341911316, 0.15329740941524506, 0.15252411365509033, 0.17155233025550842, 0.13604164123535156, 0.1221308708190918]</LCS_MAX>
		<WAVELENGTH>[0.48, 0.56, 0.655, 0.865, 1.61, 2.2]</WAVELENGTH>
		<MEAN_VALUE>[0.13009780426077167, 0.12724224946251533, 0.12782337296354157, 0.14269070815299462, 0.11198224219863172, 0.09744745321275237]</MEAN_VALUE>
		<CHECKBOX>2</CHECKBOX>
		<SD>[0.006711365847708758, 0.007718209235913836, 0.00966172322407397, 0.011759312168426447, 0.013420130342123008, 0.01307478563969434]</SD>
		<WAVELENGTH_UNIT>E-6m</WAVELENGTH_UNIT>
		<COLOR>#e377ec</COLOR>
		<COVARIANCE_MATRIX>[[4.509683061370218e-05, 4.60922295025332e-05, 5.41950039028887e-05, 3.737054858849567e-05, 5.020050113197019e-05, 5.259256294650133e-05], [4.60922295025332e-05, 5.964269916418786e-05, 6.984623805267589e-05, 5.9553525825075265e-05, 6.987881820955462e-05, 7.407362629231496e-05], [5.41950039028887e-05, 6.984623805267589e-05, 9.346163587075811e-05, 8.409529475839862e-05, 9.704263717122129e-05, 0.0001014662588601704], [3.737054858849567e-05, 5.9553525825075265e-05, 8.409529475839862e-05, 0.000138448429223626, 0.0001341269133349114, 0.00012050784449683302], [5.020050113197019e-05, 6.987881820955462e-05, 9.704263717122129e-05, 0.0001341269133349114, 0.00018031741035415944, 0.00016002782703141143], [5.259256294650133e-05, 7.407362629231496e-05, 0.0001014662588601704, 0.00012050784449683302, 0.00016002782703141143, 0.00017115648090019434]]</COVARIANCE_MATRIX>
		<ROI_SIZE>829</ROI_SIZE>
		<MAX_VALUE>[0.14919230341911316, 0.15329740941524506, 0.15252411365509033, 0.17155233025550842, 0.13604164123535156, 0.1221308708190918]</MAX_VALUE>
		<MIN_VALUE>[0.10840555280447006, 0.10303797572851181, 0.10339263081550598, 0.11695726215839386, 0.07892342656850815, 0.06534300744533539]</MIN_VALUE>
		<SIGNATURE_THRESHOLD_MD>0</SIGNATURE_THRESHOLD_MD>
		<SIGNATURE_THRESHOLD_ML>0</SIGNATURE_THRESHOLD_ML>
		<SIGNATURE_THRESHOLD_SAM>0</SIGNATURE_THRESHOLD_SAM>
	</signature>
	<signature ID="20220209_154815349851_248">
		<MACROCLASSID>1</MACROCLASSID>
		<MACROCLASSINFO>Waterbody</MACROCLASSINFO>
		<CLASSID>14</CLASSID>
		<CLASSINFO>C 1</CLASSINFO>
		<VALUES>[0.12771402555282668, 0.005797112045876121, 0.13182591661961396, 0.007674853232486672, 0.13923489784050475, 0.00927573848170557, 0.1736547889733555, 0.012256925953250501, 0.14764726086698396, 0.013255043011140577, 0.1263692512957737, 0.013326019464628603]</VALUES>
		<LCS_MIN>[0.1111246794462204, 0.11486372351646423, 0.11976978927850723, 0.14084260165691376, 0.12286050617694855, 0.10320158302783966]</LCS_MIN>
		<LCS_MAX>[0.13967539370059967, 0.1503409743309021, 0.16071267426013947, 0.19543765485286713, 0.17338818311691284, 0.15998944640159607]</LCS_MAX>
		<WAVELENGTH>[0.48, 0.56, 0.655, 0.865, 1.61, 2.2]</WAVELENGTH>
		<MEAN_VALUE>[0.12771402555282668, 0.13182591661961396, 0.13923489784050475, 0.1736547889733555, 0.14764726086698396, 0.1263692512957737]</MEAN_VALUE>
		<CHECKBOX>2</CHECKBOX>
		<SD>[0.005797112045876121, 0.007674853232486672, 0.00927573848170557, 0.012256925953250501, 0.013255043011140577, 0.013326019464628603]</SD>
		<WAVELENGTH_UNIT>E-6m</WAVELENGTH_UNIT>
		<COLOR>#f911dc</COLOR>
		<COVARIANCE_MATRIX>[[3.394943162420166e-05, 4.110719536679035e-05, 4.7158379632941394e-05, 1.3665221829828392e-05, 3.2407601780548736e-05, 5.152045786634727e-05], [4.110719536679035e-05, 5.9504426957968314e-05, 6.772058069179902e-05, 3.6853901518880775e-05, 6.119448419782391e-05, 8.079738662485695e-05], [4.7158379632941394e-05, 6.772058069179902e-05, 8.691727667059538e-05, 5.245966790625262e-05, 7.693246460761235e-05, 9.565038832747427e-05], [1.3665221829828392e-05, 3.6853901518880775e-05, 5.245966790625262e-05, 0.00015176521580125634, 0.00013835236248672928, 0.00011183029198134071], [3.2407601780548736e-05, 6.119448419782391e-05, 7.693246460761235e-05, 0.00013835236248672928, 0.00017748898323970906, 0.00015101994841296655], [5.152045786634727e-05, 8.079738662485695e-05, 9.565038832747427e-05, 0.00011183029198134071, 0.00015101994841296655, 0.00017939486410606492]]</COVARIANCE_MATRIX>
		<ROI_SIZE>99</ROI_SIZE>
		<MAX_VALUE>[0.13967539370059967, 0.1503409743309021, 0.16071267426013947, 0.19543765485286713, 0.17338818311691284, 0.15998944640159607]</MAX_VALUE>
		<MIN_VALUE>[0.1111246794462204, 0.11486372351646423, 0.11976978927850723, 0.14084260165691376, 0.12286050617694855, 0.10320158302783966]</MIN_VALUE>
		<SIGNATURE_THRESHOLD_MD>0</SIGNATURE_THRESHOLD_MD>
		<SIGNATURE_THRESHOLD_ML>0</SIGNATURE_THRESHOLD_ML>
		<SIGNATURE_THRESHOLD_SAM>0</SIGNATURE_THRESHOLD_SAM>
	</signature>
	<signature ID="20220209_154840376399_328">
		<MACROCLASSID>1</MACROCLASSID>
		<MACROCLASSINFO>Waterbody</MACROCLASSINFO>
		<CLASSID>15</CLASSID>
		<CLASSINFO>C 1</CLASSINFO>
		<VALUES>[0.13658239729702473, 0.007624368022017539, 0.14827147908508775, 0.010684158533034442, 0.16173625811934472, 0.01304313545007795, 0.22452660575509073, 0.011316629694626736, 0.18931539021432398, 0.010859998032322701, 0.15722892507910727, 0.01373710323490554]</VALUES>
		<LCS_MIN>[0.12064158171415329, 0.1296459138393402, 0.13887646794319153, 0.1988498717546463, 0.1689944863319397, 0.1347503960132599]</LCS_MIN>
		<LCS_MAX>[0.1519114226102829, 0.17103606462478638, 0.19073748588562012, 0.2466205358505249, 0.20853787660598755, 0.18838338553905487]</LCS_MAX>
		<WAVELENGTH>[0.48, 0.56, 0.655, 0.865, 1.61, 2.2]</WAVELENGTH>
		<MEAN_VALUE>[0.13658239729702473, 0.14827147908508775, 0.16173625811934472, 0.22452660575509073, 0.18931539021432398, 0.15722892507910727]</MEAN_VALUE>
		<CHECKBOX>2</CHECKBOX>
		<SD>[0.007624368022017539, 0.010684158533034442, 0.01304313545007795, 0.011316629694626736, 0.010859998032322701, 0.01373710323490554]</SD>
		<WAVELENGTH_UNIT>E-6m</WAVELENGTH_UNIT>
		<COLOR>#24f0c4</COLOR>
		<COVARIANCE_MATRIX>[[5.962152588221913e-05, 7.84617250698642e-05, 9.573542750176152e-05, -1.215970965932124e-05, 3.765988068605427e-05, 8.57162036891542e-05], [7.84617250698642e-05, 0.00011707819852206456, 0.00013728797965834724, -5.2509078527920394e-06, 5.8287258488475666e-05, 0.00012854814957365132], [9.573542750176152e-05, 0.00013728797965834724, 0.00017448552037854374, -8.567397145565785e-06, 6.953488738460071e-05, 0.0001556940943967004], [-1.215970965932124e-05, -5.2509078527920394e-06, -8.567397145565785e-06, 0.00013134985399518734, 4.454405232038725e-05, -5.141005978264853e-06], [3.765988068605427e-05, 5.8287258488475666e-05, 6.953488738460071e-05, 4.454405232038725e-05, 0.0001209636484739008, 0.0001149360623436641], [8.57162036891542e-05, 0.00012854814957365132, 0.0001556940943967004, -5.141005978264853e-06, 0.0001149360623436641, 0.00019354667208866928]]</COVARIANCE_MATRIX>
		<ROI_SIZE>40</ROI_SIZE>
		<MAX_VALUE>[0.1519114226102829, 0.17103606462478638, 0.19073748588562012, 0.2466205358505249, 0.20853787660598755, 0.18838338553905487]</MAX_VALUE>
		<MIN_VALUE>[0.12064158171415329, 0.1296459138393402, 0.13887646794319153, 0.1988498717546463, 0.1689944863319397, 0.1347503960132599]</MIN_VALUE>
		<SIGNATURE_THRESHOLD_MD>0</SIGNATURE_THRESHOLD_MD>
		<SIGNATURE_THRESHOLD_ML>0</SIGNATURE_THRESHOLD_ML>
		<SIGNATURE_THRESHOLD_SAM>0</SIGNATURE_THRESHOLD_SAM>
	</signature>
	<signature ID="20220209_154849545971_664">
		<MACROCLASSID>1</MACROCLASSID>
		<MACROCLASSINFO>Waterbody</MACROCLASSINFO>
		<CLASSID>16</CLASSID>
		<CLASSINFO>C 1</CLASSINFO>
		<VALUES>[0.12384952043884255, 0.004693071480424222, 0.1272209726190299, 0.006744073649733655, 0.1348895243881793, 0.008255333089426694, 0.1695970286814014, 0.012989587294008176, 0.1404106762636914, 0.01152861617526673, 0.11847972267129442, 0.01080428692755466]</VALUES>
		<LCS_MIN>[0.11248420923948288, 0.11190728843212128, 0.1170402467250824, 0.14084260165691376, 0.11407309025526047, 0.09373695403337479]</LCS_MIN>
		<LCS_MAX>[0.1342371553182602, 0.13851523399353027, 0.15252411365509033, 0.19543765485286713, 0.1624039113521576, 0.14106014370918274]</LCS_MAX>
		<WAVELENGTH>[0.48, 0.56, 0.655, 0.865, 1.61, 2.2]</WAVELENGTH>
