<?xml version="1.0" ?>
<signaturelist MCID_LIST="[['1', 'Waterbody', '#000000'], ['2', 'Vegetation', '#000000'], ['3', 'Bare land', '#000000'], ['4', 'Built-up', '#000000']]">
	<signature ID="20220107_133009848993_676">
		<MACROCLASSID>1</MACROCLASSID>
		<MACROCLASSINFO>Waterbody</MACROCLASSINFO>
		<CLASSID>1</CLASSID>
		<CLASSINFO>C 1</CLASSINFO>
		<VALUES>[0.1545374685055797, 0.010987531331520457, 0.17319178749762842, 0.013288668193585637, 0.1884466232288449, 0.014376605292684976, 0.24977885346327522, 0.01118319684656277, 0.23999997534389997, 0.013264385952809474, 0.1992940054319443, 0.01346162285730804]</VALUES>
		<LCS_MIN>[0.1247202530503273, 0.13851523399353027, 0.1497945636510849, 0.21591083705425262, 0.19315987825393677, 0.16945408284664154]</LCS_MIN>
		<LCS_MAX>[0.1750238984823227, 0.20060044527053833, 0.2207622528076172, 0.2909790277481079, 0.27444353699684143, 0.22624193131923676]</LCS_MAX>
		<WAVELENGTH>[0.485, 0.56, 0.66, 0.83, 1.65, 2.215]</WAVELENGTH>
		<MEAN_VALUE>[0.1545374685055797, 0.17319178749762842, 0.1884466232288449, 0.24977885346327522, 0.23999997534389997, 0.1992940054319443]</MEAN_VALUE>
		<CHECKBOX>2</CHECKBOX>
		<SD>[0.010987531331520457, 0.013288668193585637, 0.014376605292684976, 0.01118319684656277, 0.013264385952809474, 0.01346162285730804]</SD>
		<WAVELENGTH_UNIT>E-6m</WAVELENGTH_UNIT>
		<COLOR>#7f0e40</COLOR>
		<COVARIANCE_MATRIX>[[0.0001210862204171473, 0.00013957414781606085, 0.00014666220737211174, -3.810565552342778e-05, 2.2034129771519854e-05, 9.53817977967603e-05], [0.00013957414781606085, 0.00017711583281401782, 0.00018494312043157272, -3.281653343842004e-05, 3.907098188926564e-05, 0.00012458673451765258], [0.00014666220737211174, 0.00018494312043157272, 0.0002073037552035737, -2.7690274345798697e-05, 6.140720359465503e-05, 0.000147350145161949], [-3.810565552342778e-05, -3.281653343842004e-05, -2.7690274345798697e-05, 0.0001254372167588482, 9.771857889310588e-05, 2.5722383712020672e-05], [2.2034129771519854e-05, 3.907098188926564e-05, 6.140720359465503e-05, 9.771857889310588e-05, 0.00017646914048032858, 0.00012741323564093344], [9.53817977967603e-05, 0.00012458673451765258, 0.000147350145161949, 2.5722383712020672e-05, 0.00012741323564093344, 0.00018175623111643514]]</COVARIANCE_MATRIX>
		<ROI_SIZE>336</ROI_SIZE>
		<MAX_VALUE>[0.1750238984823227, 0.20060044527053833, 0.2207622528076172, 0.2909790277481079, 0.27444353699684143, 0.22624193131923676]</MAX_VALUE>
		<MIN_VALUE>[0.1247202530503273, 0.13851523399353027, 0.1497945636510849, 0.21591083705425262, 0.19315987825393677, 0.16945408284664154]</MIN_VALUE>
		<SIGNATURE_THRESHOLD_MD>0</SIGNATURE_THRESHOLD_MD>
		<SIGNATURE_THRESHOLD_ML>0</SIGNATURE_THRESHOLD_ML>
		<SIGNATURE_THRESHOLD_SAM>0</SIGNATURE_THRESHOLD_SAM>
	</signature>
	<signature ID="20220107_133021201814_502">
		<MACROCLASSID>1</MACROCLASSID>
		<MACROCLASSINFO>Waterbody</MACROCLASSINFO>
		<CLASSID>2</CLASSID>
		<CLASSINFO>C 1</CLASSINFO>
		<VALUES>[0.13952609519778847, 0.007983931446566384, 0.1415580143090164, 0.009980993741305922, 0.14646238959002714, 0.01278127418976013, 0.17717287884415872, 0.021586093390547977, 0.14575811554721296, 0.019981447474390273, 0.1293730972003992, 0.018416244487010854]</VALUES>
		<LCS_MIN>[0.1111246794462204, 0.11190728843212128, 0.1115812137722969, 0.14084260165691376, 0.11187625676393509, 0.09689183533191681]</LCS_MIN>
		<LCS_MAX>[0.16278788447380066, 0.17990536987781525, 0.19346699118614197, 0.23638395965099335, 0.20634101331233978, 0.17576386034488678]</LCS_MAX>
		<WAVELENGTH>[0.485, 0.56, 0.66, 0.83, 1.65, 2.215]</WAVELENGTH>
		<MEAN_VALUE>[0.13952609519778847, 0.1415580143090164, 0.14646238959002714, 0.17717287884415872, 0.14575811554721296, 0.1293730972003992]</MEAN_VALUE>
		<CHECKBOX>2</CHECKBOX>
		<SD>[0.007983931446566384, 0.009980993741305922, 0.01278127418976013, 0.021586093390547977, 0.019981447474390273, 0.018416244487010854]</SD>
		<WAVELENGTH_UNIT>E-6m</WAVELENGTH_UNIT>
		<COLOR>#bf7567</COLOR>
		<COVARIANCE_MATRIX>[[6.381771474855195e-05, 7.103259423855641e-05, 8.507516075872123e-05, -5.4972538123386315e-06, 3.5871607579628843e-05, 7.21936678264213e-05], [7.103259423855641e-05, 9.973675095996992e-05, 0.00012169184600914425, 6.0761422356505154e-05, 0.00010294117320990588, 0.00013216939324940387], [8.507516075872123e-05, 0.00012169184600914425, 0.00016355203537571602, 0.00010804200268977007, 0.0001605410320256775, 0.0001894780955297598], [-5.4972538123386315e-06, 6.0761422356505154e-05, 0.00010804200268977007, 0.00046650440965243715, 0.00038389380960802857, 0.00027896304476536954], [3.5871607579628843e-05, 0.00010294117320990588, 0.0001605410320256775, 0.00038389380960802857, 0.00039972521187728175, 0.000333773617242774], [7.21936678264213e-05, 0.00013216939324940387, 0.0001894780955297598, 0.00027896304476536954, 0.000333773617242774, 0.0003395547371001009]]</COVARIANCE_MATRIX>
		<ROI_SIZE>856</ROI_SIZE>
		<MAX_VALUE>[0.16278788447380066, 0.17990536987781525, 0.19346699118614197, 0.23638395965099335, 0.20634101331233978, 0.17576386034488678]</MAX_VALUE>
		<MIN_VALUE>[0.1111246794462204, 0.11190728843212128, 0.1115812137722969, 0.14084260165691376, 0.11187625676393509, 0.09689183533191681]</MIN_VALUE>
		<SIGNATURE_THRESHOLD_MD>0</SIGNATURE_THRESHOLD_MD>
		<SIGNATURE_THRESHOLD_ML>0</SIGNATURE_THRESHOLD_ML>
		<SIGNATURE_THRESHOLD_SAM>0</SIGNATURE_THRESHOLD_SAM>
	</signature>
	<signature ID="20220107_133035573941_947">
		<MACROCLASSID>1</MACROCLASSID>
		<MACROCLASSINFO>Waterbody</MACROCLASSINFO>
		<CLASSID>3</CLASSID>
		<CLASSINFO>C 1</CLASSINFO>
		<VALUES>[0.12909472347127765, 0.005445289088302697, 0.1322490314936857, 0.006691350047647408, 0.1402956051742457, 0.009386031780996664, 0.1739746716645936, 0.016928912095377776, 0.14350288054611862, 0.01642629582658132, 0.12371959601956091, 0.014367093988912467]</VALUES>
		<LCS_MIN>[0.10704599320888519, 0.10303797572851181, 0.0979335755109787, 0.1306060403585434, 0.09869510680437088, 0.08742718398571014]</LCS_MIN>
		<LCS_MAX>[0.14375406503677368, 0.1562538594007492, 0.17436031997203827, 0.21249862015247345, 0.18876616656780243, 0.16629920899868011]</LCS_MAX>
		<WAVELENGTH>[0.485, 0.56, 0.66, 0.83, 1.65, 2.215]</WAVELENGTH>
		<MEAN_VALUE>[0.12909472347127765, 0.1322490314936857, 0.1402956051742457, 0.1739746716645936, 0.14350288054611862, 0.12371959601956091]</MEAN_VALUE>
		<CHECKBOX>2</CHECKBOX>
		<SD>[0.005445289088302697, 0.006691350047647408, 0.009386031780996664, 0.016928912095377776, 0.01642629582658132, 0.014367093988912467]</SD>
		<WAVELENGTH_UNIT>E-6m</WAVELENGTH_UNIT>
		<COLOR>#680b8e</COLOR>
		<COVARIANCE_MATRIX>[[3.4023761165721716e-05, 3.504540184464373e-05, 4.381377392550288e-05, -3.880580159231548e-05, -9.212488841160792e-06, 1.8825720529267402e-05], [3.504540184464373e-05, 4.768151694708691e-05, 6.103196232932527e-05, -8.919523434769904e-06, 2.508434000982356e-05, 5.0416449681162044e-05], [4.381377392550288e-05, 6.103196232932527e-05, 9.166788387572791e-05, 1.555343834201064e-05, 6.34996789275639e-05, 9.109461406766097e-05], [-3.880580159231548e-05, -8.919523434769904e-06, 1.555343834201064e-05, 0.0003141142438841695, 0.000254560291882854, 0.00016170297108394], [-9.212488841160792e-06, 2.508434000982356e-05, 6.34996789275639e-05, 0.000254560291882854, 0.0002746574292574518, 0.00020688573813863344], [1.8825720529267402e-05, 5.0416449681162044e-05, 9.109461406766097e-05, 0.00016170297108394, 0.00020688573813863344, 0.00019772988559985203]]</COVARIANCE_MATRIX>
		<ROI_SIZE>1687</ROI_SIZE>
		<MAX_VALUE>[0.14375406503677368, 0.1562538594007492, 0.17436031997203827, 0.21249862015247345, 0.18876616656780243, 0.16629920899868011]</MAX_VALUE>
		<MIN_VALUE>[0.10704599320888519, 0.10303797572851181, 0.0979335755109787, 0.1306060403585434, 0.09869510680437088, 0.08742718398571014]</MIN_VALUE>
		<SIGNATURE_THRESHOLD_MD>0</SIGNATURE_THRESHOLD_MD>
		<SIGNATURE_THRESHOLD_ML>0</SIGNATURE_THRESHOLD_ML>
		<SIGNATURE_THRESHOLD_SAM>0</SIGNATURE_THRESHOLD_SAM>
	</signature>
	<signature ID="20220107_133111727761_769">
		<MACROCLASSID>1</MACROCLASSID>
		<MACROCLASSINFO>Waterbody</MACROCLASSINFO>
		<CLASSID>4</CLASSID>
		<CLASSINFO>C 1</CLASSINFO>
		<VALUES>[0.10642594326614832, 0.006232939250123687, 0.1033719588834871, 0.006580158819610926, 0.10207926104757079, 0.008144043180913777, 0.16355723794160032, 0.02209795258054785, 0.10897161331510946, 0.012298409068324384, 0.07946738178323508, 0.007480365631922048]</VALUES>
		<LCS_MIN>[0.08393349498510361, 0.07938646525144577, 0.06790879368782043, 0.12036945670843124, 0.08551397174596786, 0.05903325229883194]</LCS_MIN>
		<LCS_MAX>[0.11928200721740723, 0.11486372351646423, 0.11976978927850723, 0.1988498717546463, 0.13823848962783813, 0.10635647177696228]</LCS_MAX>
		<WAVELENGTH>[0.485, 0.56, 0.66, 0.83, 1.65, 2.215]</WAVELENGTH>
		<MEAN_VALUE>[0.10642594326614832, 0.1033719588834871, 0.10207926104757079, 0.16355723794160032, 0.10897161331510946, 0.07946738178323508]</MEAN_VALUE>
		<CHECKBOX>2</CHECKBOX>
		<SD>[0.006232939250123687, 0.006580158819610926, 0.008144043180913777, 0.02209795258054785, 0.012298409068324384, 0.007480365631922048]</SD>
		<WAVELENGTH_UNIT>E-6m</WAVELENGTH_UNIT>
		<COLOR>#89f137</COLOR>
		<COVARIANCE_MATRIX>[[3.789082700406697e-05, 3.560732355284729e-05, 4.376818801651231e-05, -8.961021867687007e-05, -2.8189061418346324e-05, 1.1861913594736552e-05], [3.560732355284729e-05, 4.079705044764553e-05, 4.72694343827542e-05, -7.601966018718645e-05, -1.6382621550191314e-05, 1.879720050212199e-05], [4.376818801651231e-05, 4.72694343827542e-05, 6.643728470861182e-05, -8.960428497644144e-05, -1.2365560887508443e-05, 2.910520143881396e-05], [-8.961021867687007e-05, -7.601966018718645e-05, -8.960428497644144e-05, 0.0004640895820632993, 0.00021558817341898662, 4.544835370709256e-05], [-2.8189061418346324e-05, -1.6382621550191314e-05, -1.2365560887508443e-05, 0.00021558817341898662, 0.00014690699957597297, 5.796890907222766e-05], [1.1861913594736552e-05, 1.879720050212199e-05, 2.910520143881396e-05, 4.544835370709256e-05, 5.796890907222766e-05, 5.531171104315332e-05]]</COVARIANCE_MATRIX>
		<ROI_SIZE>406</ROI_SIZE>
		<MAX_VALUE>[0.11928200721740723, 0.11486372351646423, 0.11976978927850723, 0.1988498717546463, 0.13823848962783813, 0.10635647177696228]</MAX_VALUE>
		<MIN_VALUE>[0.08393349498510361, 0.07938646525144577, 0.06790879368782043, 0.12036945670843124, 0.08551397174596786, 0.05903325229883194]</MIN_VALUE>
		<SIGNATURE_THRESHOLD_MD>0</SIGNATURE_THRESHOLD_MD>
		<SIGNATURE_THRESHOLD_ML>0</SIGNATURE_THRESHOLD_ML>
		<SIGNATURE_THRESHOLD_SAM>0</SIGNATURE_THRESHOLD_SAM>
	</signature>
	<signature ID="20220107_133129612568_470">
		<MACROCLASSID>1</MACROCLASSID>
		<MACROCLASSINFO>Waterbody</MACROCLASSINFO>
		<CLASSID>5</CLASSID>
		<CLASSINFO>C 1</CLASSINFO>
		<VALUES>[0.11625677186000695, 0.004227053661685743, 0.11238370804531417, 0.004486535969149911, 0.11355755418933773, 0.005549447869933872, 0.14297428728794684, 0.017204376048045485, 0.10876766763315035, 0.013874172784392147, 0.08770576267447688, 0.009384759019579362]</VALUES>
		<LCS_MIN>[0.09888863563537598, 0.0971250906586647, 0.09247452020645142, 0.11695726215839386, 0.08112027496099472, 0.06534300744533539]</LCS_MIN>
		<LCS_MAX>[0.1247202530503273, 0.1237330436706543, 0.12795835733413696, 0.18178892135620117, 0.15141963958740234, 0.1221308708190918]</LCS_MAX>
		<WAVELENGTH>[0.485, 0.56, 0.66, 0.83, 1.65, 2.215]</WAVELENGTH>
		<MEAN_VALUE>[0.11625677186000695, 0.11238370804531417, 0.11355755418933773, 0.14297428728794684, 0.10876766763315035, 0.08770576267447688]</MEAN_VALUE>
		<CHECKBOX>2</CHECKBOX>
		<SD>[0.004227053661685743, 0.004486535969149911, 0.005549447869933872, 0.017204376048045485, 0.013874172784392147, 0.009384759019579362]</SD>
		<WAVELENGTH_UNIT>E-6m</WAVELENGTH_UNIT>
		<COLOR>#e53907</COLOR>
		<COVARIANCE_MATRIX>[[2.3433733424484835e-05, 1.9150915851083216e-05, 1.8863827090244572e-05, -3.37694599192197e-05, -2.2165773574158295e-05, -2.6476348947653205e-06], [1.9150915851083216e-05, 2.3766686138749566e-05, 2.34710478686921e-05, -5.145817868132143e-06, 2.0697159078139703e-06, 1.3486217055954139e-05], [1.8863827090244572e-05, 2.34710478686921e-05, 3.307105032392934e-05, 7.588853170476238e-06, 1.9769424976770022e-05, 2.727821935830451e-05], [-3.37694599192197e-05, -5.145817868132143e-06, 7.588853170476238e-06, 0.00027870994014475635, 0.00019947951298783024, 0.00010712386291023853], [-2.2165773574158295e-05, 2.0697159078139703e-06, 1.9769424976770022e-05, 0.00019947951298783024, 0.00018557726708894607, 0.00010896419694365405], [-2.6476348947653205e-06, 1.3486217055954139e-05, 2.727821935830451e-05, 0.00010712386291023853, 0.00010896419694365405, 8.558440139765445e-05]]</COVARIANCE_MATRIX>
		<ROI_SIZE>775</ROI_SIZE>
		<MAX_VALUE>[0.1247202530503273, 0.1237330436706543, 0.12795835733413696, 0.18178892135620117, 0.15141963958740234, 0.1221308708190918]</MAX_VALUE>
		<MIN_VALUE>[0.09888863563537598, 0.0971250906586647, 0.09247452020645142, 0.11695726215839386, 0.08112027496099472, 0.06534300744533539]</MIN_VALUE>
		<SIGNATURE_THRESHOLD_MD>0</SIGNATURE_THRESHOLD_MD>
		<SIGNATURE_THRESHOLD_ML>0</SIGNATURE_THRESHOLD_ML>
		<SIGNATURE_THRESHOLD_SAM>0</SIGNATURE_THRESHOLD_SAM>
	</signature>
	<signature ID="20220107_133213991012_862">
		<MACROCLASSID>1</MACROCLASSID>
		<MACROCLASSINFO>Waterbody</MACROCLASSINFO>
		<CLASSID>6</CLASSID>
		<CLASSINFO>C 1</CLASSINFO>
		<VALUES>[0.11633541341137695, 0.006402738787672207, 0.11272205058925268, 0.006867909289857162, 0.11334357874130638, 0.008933947833581188, 0.14553772980772609, 0.01686992270600263, 0.11150433287376489, 0.012106441293477259, 0.09217813917560377, 0.00918837087369979]</VALUES>
		<LCS_MIN>[0.08665262162685394, 0.07938646525144577, 0.07063830643892288, 0.12036945670843124, 0.08112027496099472, 0.052723485976457596]</LCS_MIN>
		<LCS_MAX>[0.12607979774475098, 0.1237330436706543, 0.12795835733413696, 0.18861329555511475, 0.15361648797988892, 0.1221308708190918]</LCS_MAX>
		<WAVELENGTH>[0.485, 0.56, 0.66, 0.83, 1.65, 2.215]</WAVELENGTH>
		<MEAN_VALUE>[0.11633541341137695, 0.11272205058925268, 0.11334357874130638, 0.14553772980772609, 0.11150433287376489, 0.09217813917560377]</MEAN_VALUE>
		<CHECKBOX>2</CHECKBOX>
		<SD>[0.006402738787672207, 0.006867909289857162, 0.008933947833581188, 0.01686992270600263, 0.012106441293477259, 0.00918837087369979]</SD>
		<WAVELENGTH_UNIT>E-6m</WAVELENGTH_UNIT>
		<COLOR>#fbd77e</COLOR>
		<COVARIANCE_MATRIX>[[4.444529238029884e-05, 4.3958173654067256e-05, 5.3753692719438735e-05, -5.332080801149854e-05, -1.454762555806364e-05, 2.6309405694123036e-05], [4.3958173654067256e-05, 5.3367990278818385e-05, 6.263576274665167e-05, -3.398274833762818e-05, 3.538147573358067e-06, 4.019876480141737e-05], [5.3753692719438735e-05, 6.263576274665167e-05, 8.279443677465558e-05, -3.757938532858297e-05, 1.2112567517888085e-05, 5.566188471574775e-05], [-5.332080801149854e-05, -3.398274833762818e-05, -3.757938532858297e-05, 0.0002954353318279875, 0.00017645587889377588, 5.940438891274679e-05], [-1.454762555806364e-05, 3.538147573358067e-06, 1.2112567517888085e-05, 0.00017645587889377588, 0.0001542327578163806, 8.25476273485445e-05], [2.6309405694123036e-05, 4.019876480141737e-05, 5.566188471574775e-05, 5.940438891274679e-05, 8.25476273485445e-05, 9.043906464936502e-05]]</COVARIANCE_MATRIX>
		<ROI_SIZE>1108</ROI_SIZE>
		<MAX_VALUE>[0.12607979774475098, 0.1237330436706543, 0.12795835733413696, 0.18861329555511475, 0.15361648797988892, 0.1221308708190918]</MAX_VALUE>
		<MIN_VALUE>[0.08665262162685394, 0.07938646525144577, 0.07063830643892288, 0.12036945670843124, 0.08112027496099472, 0.052723485976457596]</MIN_VALUE>
		<SIGNATURE_THRESHOLD_MD>0</SIGNATURE_THRESHOLD_MD>
		<SIGNATURE_THRESHOLD_ML>0</SIGNATURE_THRESHOLD_ML>
		<SIGNATURE_THRESHOLD_SAM>0</SIGNATURE_THRESHOLD_SAM>
	</signature>
	<signature ID="20220107_133341738929_203">
		<MACROCLASSID>1</MACROCLASSID>
		<MACROCLASSINFO>Waterbody</MACROCLASSINFO>
		<CLASSID>7</CLASSID>
		<CLASSINFO>C 1</CLASSINFO>
		<VALUES>[0.12828269411860038, 0.00708476651114434, 0.13087010487255624, 0.008979310125392626, 0.13695106334655058, 0.011241102007872943, 0.17312160222112852, 0.016046076907977255, 0.1397630007123595, 0.012854621664209552, 0.11910508274300388, 0.012815490433201583]</VALUES>
		<LCS_MIN>[0.09888863563537598, 0.09416865557432175, 0.09247452020645142, 0.14084260165691376, 0.10748252272605896, 0.08742718398571014]</LCS_MIN>
		<LCS_MAX>[0.14375406503677368, 0.15329740941524506, 0.16071267426013947, 0.21591083705425262, 0.17997875809669495, 0.1505247950553894]</LCS_MAX>
		<WAVELENGTH>[0.485, 0.56, 0.66, 0.83, 1.65, 2.215]</WAVELENGTH>
		<MEAN_VALUE>[0.12828269411860038, 0.13087010487255624, 0.13695106334655058, 0.17312160222112852, 0.1397630007123595, 0.11910508274300388]</MEAN_VALUE>
		<CHECKBOX>2</CHECKBOX>
		<SD>[0.00708476651114434, 0.008979310125392626, 0.011241102007872943, 0.016046076907977255, 0.012854621664209552, 0.012815490433201583]</SD>
		<WAVELENGTH_UNIT>E-6m</WAVELENGTH_UNIT>
		<COLOR>#44239f</COLOR>
		<COVARIANCE_MATRIX>[[4.895192751088426e-05, 5.711223495844002e-05, 7.116783668884274e-05, -2.317042088114859e-05, 2.8766973537132313e-05, 6.412148405234472e-05], [5.711223495844002e-05, 7.928334892281778e-05, 9.685286917377225e-05, 2.0897103873067125e-06, 6.043667878307293e-05, 9.679687576606745e-05], [7.116783668884274e-05, 9.685286917377225e-05, 0.00012862889806496123, 1.5007885879321665e-05, 8.836293129059754e-05, 0.0001303265434609666], [-2.317042088114859e-05, 2.0897103873067125e-06, 1.5007885879321665e-05, 0.00026923110700404016, 0.00017699798526150235, 8.816346624379213e-05], [2.8766973537132313e-05, 6.043667878307293e-05, 8.836293129059754e-05, 0.00017699798526150235, 0.00019126759998657871, 0.00015152614288457025], [6.412148405234472e-05, 9.679687576606745e-05, 0.0001303265434609666, 8.816346624379213e-05, 0.00015152614288457025, 0.00017879799236303633]]</COVARIANCE_MATRIX>
		<ROI_SIZE>1115</ROI_SIZE>
		<MAX_VALUE>[0.14375406503677368, 0.15329740941524506, 0.16071267426013947, 0.21591083705425262, 0.17997875809669495, 0.1505247950553894]</MAX_VALUE>
		<MIN_VALUE>[0.09888863563537598, 0.09416865557432175, 0.09247452020645142, 0.14084260165691376, 0.10748252272605896, 0.08742718398571014]</MIN_VALUE>
		<SIGNATURE_THRESHOLD_MD>0</SIGNATURE_THRESHOLD_MD>
		<SIGNATURE_THRESHOLD_ML>0</SIGNATURE_THRESHOLD_ML>
		<SIGNATURE_THRESHOLD_SAM>0</SIGNATURE_THRESHOLD_SAM>
	</signature>
	<signature ID="20220107_133356608390_414">
		<MACROCLASSID>1</MACROCLASSID>
		<MACROCLASSINFO>Waterbody</MACROCLASSINFO>
		<CLASSID>8</CLASSID>
		<CLASSINFO>C 1</CLASSINFO>
		<VALUES>[0.12070680449180533, 0.005987332349786368, 0.12424817602291256, 0.007743980914843126, 0.13151502375951926, 0.01220190913531062, 0.1826074862419957, 0.017587254339532187, 0.15118663855875372, 0.017459890795115254, 0.12467230826315247, 0.01689313839756925]</VALUES>
		<LCS_MIN>[0.10160775482654572, 0.10008152574300766, 0.09247452020645142, 0.14084260165691376, 0.10748252272605896, 0.08427230268716812]</LCS_MIN>
		<LCS_MAX>[0.1342371553182602, 0.1444281041622162, 0.16071267426013947, 0.21591083705425262, 0.1909630298614502, 0.16314435005187988]</LCS_MAX>
		<WAVELENGTH>[0.485, 0.56, 0.66, 0.83, 1.65, 2.215]</WAVELENGTH>
		<MEAN_VALUE>[0.12070680449180533, 0.12424817602291256, 0.13151502375951926, 0.1826074862419957, 0.15118663855875372, 0.12467230826315247]</MEAN_VALUE>
		<CHECKBOX>2</CHECKBOX>
		<SD>[0.005987332349786368, 0.007743980914843126, 0.01220190913531062, 0.017587254339532187, 0.017459890795115254, 0.01689313839756925]</SD>
		<WAVELENGTH_UNIT>E-6m</WAVELENGTH_UNIT>
		<COLOR>#5c4ff0</COLOR>
		<COVARIANCE_MATRIX>[[2.724518962226727e-05, 3.225614185385643e-05, 4.996302639202287e-05, 6.645337989484177e-06, 4.3170753251065866e-05, 6.233538421825943e-05], [3.225614185385643e-05, 4.886220943946371e-05, 7.282780548307413e-05, 3.2655889235776944e-05, 7.763672003295034e-05, 9.588776603371783e-05], [4.996302639202287e-05, 7.282780548307413e-05, 0.00012092664633737135, 6.0247068228325246e-05, 0.0001367350217488713, 0.00016163627428660612], [6.645337989484177e-06, 3.2655889235776944e-05, 6.0247068228325246e-05, 0.0002566618799860419, 0.00021799130989626586, 0.00013968867657966708], [4.3170753251065866e-05, 7.763672003295034e-05, 0.0001367350217488713, 0.00021799130989626586, 0.00030588399959287084, 0.0002545015176388703], [6.233538421825943e-05, 9.588776603371783e-05, 0.00016163627428660612, 0.00013968867657966708, 0.0002545015176388703, 0.0002738739481573642]]</COVARIANCE_MATRIX>
		<ROI_SIZE>876</ROI_SIZE>
		<MAX_VALUE>[0.1342371553182602, 0.1444281041622162, 0.16071267426013947, 0.21591083705425262, 0.1909630298614502, 0.16314435005187988]</MAX_VALUE>
		<MIN_VALUE>[0.10160775482654572, 0.10008152574300766, 0.09247452020645142, 0.14084260165691376, 0.10748252272605896, 0.08427230268716812]</MIN_VALUE>
		<SIGNATURE_THRESHOLD_MD>0</SIGNATURE_THRESHOLD_MD>
		<SIGNATURE_THRESHOLD_ML>0</SIGNATURE_THRESHOLD_ML>
		<SIGNATURE_THRESHOLD_SAM>0</SIGNATURE_THRESHOLD_SAM>
	</signature>
	<signature ID="20220107_133406880475_730">
		<MACROCLASSID>1</MACROCLASSID>
		<MACROCLASSINFO>Waterbody</MACROCLASSINFO>
		<CLASSID>9</CLASSID>
		<CLASSINFO>C 1</CLASSINFO>
		<VALUES>[0.11897074231985223, 0.007211070596173586, 0.12356272689789048, 0.009278907855200651, 0.13317148121104103, 0.014177022724707299, 0.18213163553964087, 0.018132216297408545, 0.15555375116702563, 0.020081430073195745, 0.12906509020435925, 0.019567625096100476]</VALUES>
		<LCS_MIN>[0.09616953879594803, 0.09121222048997879, 0.08974499255418777, 0.12719383835792542, 0.10089197009801865, 0.0811174213886261]</LCS_MIN>
		<LCS_MAX>[0.13287760317325592, 0.14147166907787323, 0.1634422242641449, 0.21249862015247345, 0.1975536048412323, 0.17576386034488678]</LCS_MAX>
		<WAVELENGTH>[0.485, 0.56, 0.66, 0.83, 1.65, 2.215]</WAVELENGTH>
		<MEAN_VALUE>[0.11897074231985223, 0.12356272689789048, 0.13317148121104103, 0.18213163553964087, 0.15555375116702563, 0.12906509020435925]</MEAN_VALUE>
		<CHECKBOX>2</CHECKBOX>
		<SD>[0.007211070596173586, 0.009278907855200651, 0.014177022724707299, 0.018132216297408545, 0.020081430073195745, 0.019567625096100476]</SD>
		<WAVELENGTH_UNIT>E-6m</WAVELENGTH_UNIT>
		<COLOR>#06184c</COLOR>
		<COVARIANCE_MATRIX>[[5.207646153818135e-05, 6.242081409018891e-05, 9.369617986847963e-05, 8.328143782609644e-06, 7.596196710481027e-05, 0.00010743209594990641], [6.242081409018891e-05, 8.622549508439486e-05, 0.0001270912905550854, 4.03206436972558e-05, 0.00012019725257417093, 0.00015352258585245543], [9.369617986847963e-05, 0.0001270912905550854, 0.00020128529282405151, 6.71262580945981e-05, 0.00019744387767988854, 0.00024527101211184953], [8.328143782609644e-06, 4.03206436972558e-05, 6.71262580945981e-05, 0.0003292636247611206, 0.00025363661172959033, 0.0001508786377057902], [7.596196710481027e-05, 0.00012019725257417093, 0.00019744387767988854, 0.00025363661172959033, 0.0004038603779174678, 0.00034635460635216677], [0.00010743209594990641, 0.00015352258585245543, 0.00024527101211184953, 0.0001508786377057902, 0.00034635460635216677, 0.0003834583601144136]]</COVARIANCE_MATRIX>
		<ROI_SIZE>677</ROI_SIZE>
		<MAX_VALUE>[0.13287760317325592, 0.14147166907787323, 0.1634422242641449, 0.21249862015247345, 0.1975536048412323, 0.17576386034488678]</MAX_VALUE>
		<MIN_VALUE>[0.09616953879594803, 0.09121222048997879, 0.08974499255418777, 0.12719383835792542, 0.10089197009801865, 0.0811174213886261]</MIN_VALUE>
		<SIGNATURE_THRESHOLD_MD>0</SIGNATURE_THRESHOLD_MD>
		<SIGNATURE_THRESHOLD_ML>0</SIGNATURE_THRESHOLD_ML>
		<SIGNATURE_THRESHOLD_SAM>0</SIGNATURE_THRESHOLD_SAM>
	</signature>
	<signature ID="20220107_133426390917_516">
		<MACROCLASSID>1</MACROCLASSID>
		<MACROCLASSINFO>Waterbody</MACROCLASSINFO>
		<CLASSID>10</CLASSID>
		<CLASSINFO>C 1</CLASSINFO>
		<VALUES>[0.13797164076491247, 0.009383131472293119, 0.1396005063117305, 0.010983458539582871, 0.14350630276942555, 0.014202002592886212, 0.17453259720078, 0.018438201912086137, 0.14238194338505777, 0.019154889524533678, 0.12348867330370068, 0.016782004747796085]</VALUES>
		<LCS_MIN>[0.10704599320888519, 0.10303797572851181, 0.09247452020645142, 0.11013288795948029, 0.07892342656850815, 0.0684979036450386]</LCS_MIN>
		<LCS_MAX>[0.15055187046527863, 0.16512317955493927, 0.1770898550748825, 0.2022620439529419, 0.17558503150939941, 0.15998944640159607]</LCS_MAX>
		<WAVELENGTH>[0.485, 0.56, 0.66, 0.83, 1.65, 2.215]</WAVELENGTH>
		<MEAN_VALUE>[0.13797164076491247, 0.1396005063117305, 0.14350630276942555, 0.17453259720078, 0.14238194338505777, 0.12348867330370068]</MEAN_VALUE>
		<CHECKBOX>2</CHECKBOX>
		<SD>[0.009383131472293119, 0.010983458539582871, 0.014202002592886212, 0.018438201912086137, 0.019154889524533678, 0.016782004747796085]</SD>
		<WAVELENGTH_UNIT>E-6m</WAVELENGTH_UNIT>
		<COLOR>#f49ff2</COLOR>
		<COVARIANCE_MATRIX>[[8.91719146394957e-05, 9.699974645510412e-05, 0.00011841378459738949, 7.139822360606567e-05, 9.391889546717576e-05, 9.500169597734757e-05], [9.699974645510412e-05, 0.000122182981509848, 0.0001522696305648369, 0.00012140062506604055, 0.00014116375681184448, 0.00013387165711189588], [0.00011841378459738949, 0.0001522696305648369, 0.00020428273505409476, 0.0001688354953511121, 0.00018598491592056656, 0.00017844544064640844], [7.139822360606567e-05, 0.00012140062506604055, 0.0001688354953511121, 0.00034432584474766346, 0.00030972889581325224, 0.00024115158212409125], [9.391889546717576e-05, 0.00014116375681184448, 0.00018598491592056656, 0.00030972889581325224, 0.00037161376439833507, 0.00030965407127040725], [9.500169597734757e-05, 0.00013387165711189588, 0.00017844544064640844, 0.00024115158212409125, 0.00030965407127040725, 0.0002852463972442179]]</COVARIANCE_MATRIX>
		<ROI_SIZE>79</ROI_SIZE>
		<MAX_VALUE>[0.15055187046527863, 0.16512317955493927, 0.1770898550748825, 0.2022620439529419, 0.17558503150939941, 0.15998944640159607]</MAX_VALUE>
		<MIN_VALUE>[0.10704599320888519, 0.10303797572851181, 0.09247452020645142, 0.11013288795948029, 0.07892342656850815, 0.0684979036450386]</MIN_VALUE>
		<SIGNATURE_THRESHOLD_MD>0</SIGNATURE_THRESHOLD_MD>
		<SIGNATURE_THRESHOLD_ML>0</SIGNATURE_THRESHOLD_ML>
		<SIGNATURE_THRESHOLD_SAM>0</SIGNATURE_THRESHOLD_SAM>
	</signature>
	<signature ID="20220107_133436694097_286">
		<MACROCLASSID>1</MACROCLASSID>
		<MACROCLASSINFO>Waterbody</MACROCLASSINFO>
		<CLASSID>11</CLASSID>
		<CLASSINFO>C 1</CLASSINFO>
		<VALUES>[0.14187578574969223, 0.00919771880557903, 0.14646577585202003, 0.01146972744929565, 0.15312040342734426, 0.014081239497624567, 0.19404129683971413, 0.018838809634486336, 0.1631474663202579, 0.015488527609223156, 0.14252596855163568, 0.016125629817874243]</VALUES>
		<LCS_MIN>[0.11928200721740723, 0.12077660113573074, 0.12522883713245392, 0.1544913798570633, 0.12945109605789185, 0.11266623437404633]</LCS_MIN>
		<LCS_MAX>[0.16414743661880493, 0.1769489347934723, 0.18800793588161469, 0.2466205358505249, 0.20194731652736664, 0.18522848188877106]</LCS_MAX>
		<WAVELENGTH>[0.485, 0.56, 0.66, 0.83, 1.65, 2.215]</WAVELENGTH>
		<MEAN_VALUE>[0.14187578574969223, 0.14646577585202003, 0.15312040342734426, 0.19404129683971413, 0.1631474663202579, 0.14252596855163568]</MEAN_VALUE>
		<CHECKBOX>2</CHECKBOX>
		<SD>[0.00919771880557903, 0.01146972744929565, 0.014081239497624567, 0.018838809634486336, 0.015488527609223156, 0.016125629817874243]</SD>
		<WAVELENGTH_UNIT>E-6m</WAVELENGTH_UNIT>
		<COLOR>#ace9f6</COLOR>
		<COVARIANCE_MATRIX>[[8.485913626115187e-05, 9.899092455594183e-05, 0.00011822458405236096, -3.1567800982442744e-05, 4.411885518513912e-05, 8.918203386172598e-05], [9.899092455594183e-05, 0.00013196068062458645, 0.0001557662798013473, 4.006174182425154e-06, 8.51385824172078e-05, 0.0001347530281782395], [0.00011822458405236096, 0.0001557662798013473, 0.00019889328512831834, 7.935486242067943e-06, 0.00011953828315314162, 0.00017717049557564453], [-3.1567800982442744e-05, 4.006174182425154e-06, 7.935486242067943e-06, 0.0003559961211247992, 0.00021516594712559875, 0.00013508800963794336], [4.411885518513912e-05, 8.51385824172078e-05, 0.00011953828315314162, 0.00021516594712559875, 0.00024063490258654932, 0.00021694936706457177], [8.918203386172598e-05, 0.0001347530281782395, 0.00017717049557564453, 0.00013508800963794336, 0.00021694936706457177, 0.0002608385170756556]]</COVARIANCE_MATRIX>
		<ROI_SIZE>325</ROI_SIZE>
		<MAX_VALUE>[0.16414743661880493, 0.1769489347934723, 0.18800793588161469, 0.2466205358505249, 0.20194731652736664, 0.18522848188877106]</MAX_VALUE>
		<MIN_VALUE>[0.11928200721740723, 0.12077660113573074, 0.12522883713245392, 0.1544913798570633, 0.12945109605789185, 0.11266623437404633]</MIN_VALUE>
		<SIGNATURE_THRESHOLD_MD>0</SIGNATURE_THRESHOLD_MD>
		<SIGNATURE_THRESHOLD_ML>0</SIGNATURE_THRESHOLD_ML>
		<SIGNATURE_THRESHOLD_SAM>0</SIGNATURE_THRESHOLD_SAM>
	</signature>
	<signature ID="20220107_133520866395_817">
		<MACROCLASSID>1</MACROCLASSID>
		<MACROCLASSINFO>Waterbody</MACROCLASSINFO>
		<CLASSID>12</CLASSID>
		<CLASSINFO>C 1</CLASSINFO>
		<VALUES>[0.1247779432532973, 0.011470721765112593, 0.12062386923033148, 0.013448076289834672, 0.11927625725245126, 0.015647588907929406, 0.133728631129454, 0.015107051521147118, 0.10143510068722096, 0.015610411321628274, 0.08662391270466169, 0.015083395233261085]</VALUES>
		<LCS_MIN>[0.08121438324451447, 0.05869140103459358, 0.05426115542650223, 0.07259879261255264, 0.04816744104027748, 0.02748444303870201]</LCS_MIN>
		<LCS_MAX>[0.14375406503677368, 0.14147166907787323, 0.1443355232477188, 0.15790356695652008, 0.12725423276424408, 0.10635647177696228]</LCS_MAX>
		<WAVELENGTH>[0.485, 0.56, 0.66, 0.83, 1.65, 2.215]</WAVELENGTH>
		<MEAN_VALUE>[0.1247779432532973, 0.12062386923033148, 0.11927625725245126, 0.133728631129454, 0.10143510068722096, 0.08662391270466169]</MEAN_VALUE>
		<CHECKBOX>2</CHECKBOX>
		<SD>[0.011470721765112593, 0.013448076289834672, 0.015647588907929406, 0.015107051521147118, 0.015610411321628274, 0.015083395233261085]</SD>
		<WAVELENGTH_UNIT>E-6m</WAVELENGTH_UNIT>
		<COLOR>#77250d</COLOR>
		<COVARIANCE_MATRIX>[[0.00013182066937974865, 0.00014793352341526216, 0.00016959359397452232, 0.00012213327642857864, 0.00013942402463633485, 0.00014511172599593819], [0.00014793352341526216, 0.00018118504564933427, 0.00020606667852948924, 0.0001528596680991618, 0.00016276691041408853, 0.00017459421272521155], [0.00016959359397452232, 0.00020606667852948924, 0.00024529962095804603, 0.00018716308484315335, 0.00019675233425740977, 0.00020886933633627758], [0.00012213327642857864, 0.0001528596680991618, 0.00018716308484315335, 0.00022864485964718228, 0.00020776186056127333, 0.00019172724870497883], [0.00013942402463633485, 0.00016276691041408853, 0.00019675233425740977, 0.00020776186056127333, 0.0002441353759033048, 0.00021725252650375422], [0.00014511172599593819, 0.00017459421272521155, 0.00020886933633627758, 0.00019172724870497883, 0.00021725252650375422, 0.0002279293456107537]]</COVARIANCE_MATRIX>
		<ROI_SIZE>542</ROI_SIZE>
		<MAX_VALUE>[0.14375406503677368, 0.14147166907787323, 0.1443355232477188, 0.15790356695652008, 0.12725423276424408, 0.10635647177696228]</MAX_VALUE>
		<MIN_VALUE>[0.08121438324451447, 0.05869140103459358, 0.05426115542650223, 0.07259879261255264, 0.04816744104027748, 0.02748444303870201]</MIN_VALUE>
		<SIGNATURE_THRESHOLD_MD>0</SIGNATURE_THRESHOLD_MD>
		<SIGNATURE_THRESHOLD_ML>0</SIGNATURE_THRESHOLD_ML>
		<SIGNATURE_THRESHOLD_SAM>0</SIGNATURE_THRESHOLD_SAM>
	</signature>
	<signature ID="20220107_133546360667_187">
		<MACROCLASSID>1</MACROCLASSID>
		<MACROCLASSINFO>Waterbody</MACROCLASSINFO>
		<CLASSID>13</CLASSID>
		<CLASSINFO>C 1</CLASSINFO>
		<VALUES>[0.12217207089589352, 0.006627746816960731, 0.1226438248410211, 0.00768284750109247, 0.12754335064898467, 0.008081592251682273, 0.16945712198639484, 0.011102931814760917, 0.14089785779864472, 0.011402111366768228, 0.11248173745490653, 0.00897024224960769]</VALUES>
		<LCS_MIN>[0.10704599320888519, 0.10303797572851181, 0.10885168612003326, 0.13743041455745697, 0.10528566688299179, 0.08742718398571014]</LCS_MIN>
		<LCS_MAX>[0.14375406503677368, 0.14738456904888153, 0.15525363385677338, 0.18861329555511475, 0.16020707786083221, 0.13159552216529846]</LCS_MAX>
		<WAVELENGTH>[0.485, 0.56, 0.66, 0.83, 1.65, 2.215]</WAVELENGTH>
		<MEAN_VALUE>[0.12217207089589352, 0.1226438248410211, 0.12754335064898467, 0.16945712198639484, 0.14089785779864472, 0.11248173745490653]</MEAN_VALUE>
		<CHECKBOX>2</CHECKBOX>
		<SD>[0.006627746816960731, 0.00768284750109247, 0.008081592251682273, 0.011102931814760917, 0.011402111366768228, 0.00897024224960769]</SD>
		<WAVELENGTH_UNIT>E-6m</WAVELENGTH_UNIT>
		<COLOR>#6da5db</COLOR>
		<COVARIANCE_MATRIX>[[4.4055846133280667e-05, 4.687602756615099e-05, 4.5636423404459335e-05, -3.6268479135119457e-06, -4.362340418345933e-06, 1.3578606656243757e-05], [4.687602756615099e-05, 5.919924292658243e-05, 5.728861853180497e-05, 6.527031794639111e-06, 5.343056249356813e-06, 2.457984429520193e-05], [4.5636423404459335e-05, 5.728861853180497e-05, 6.550366450521476e-05, 2.149710332253722e-05, 2.3474629151251773e-05, 3.815651579970698e-05], [-3.6268479135119457e-06, 6.527031794639111e-06, 2.149710332253722e-05, 0.00012363660542541002, 0.00010053138168618335, 6.776995673009332e-05], [-4.362340418345933e-06, 5.343056249356813e-06, 2.3474629151251773e-05, 0.00010053138168618335, 0.00013038939917332378, 8.827566347396131e-05], [1.3578606656243757e-05, 2.457984429520193e-05, 3.815651579970698e-05, 6.776995673009332e-05, 8.827566347396131e-05, 8.070121448003875e-05]]</COVARIANCE_MATRIX>
		<ROI_SIZE>342</ROI_SIZE>
		<MAX_VALUE>[0.14375406503677368, 0.14738456904888153, 0.15525363385677338, 0.18861329555511475, 0.16020707786083221, 0.13159552216529846]</MAX_VALUE>
		<MIN_VALUE>[0.10704599320888519, 0.10303797572851181, 0.10885168612003326, 0.13743041455745697, 0.10528566688299179, 0.08742718398571014]</MIN_VALUE>
		<SIGNATURE_THRESHOLD_MD>0</SIGNATURE_THRESHOLD_MD>
		<SIGNATURE_THRESHOLD_ML>0</SIGNATURE_THRESHOLD_ML>
		<SIGNATURE_THRESHOLD_SAM>0</SIGNATURE_THRESHOLD_SAM>
	</signature>
	<signature ID="20220107_133558720175_606">
		<MACROCLASSID>1</MACROCLASSID>
		<MACROCLASSINFO>Waterbody</MACROCLASSINFO>
		<CLASSID>14</CLASSID>
		<CLASSINFO>C 1</CLASSINFO>
		<VALUES>[0.1181363211421485, 0.008027916912765503, 0.12167349753531621, 0.011124581662852677, 0.1307696772369553, 0.014489358967080746, 0.16615927752372478, 0.01919467946196852, 0.14134866032707552, 0.021120700542542913, 0.11966132498189311, 0.019330134305098754]</VALUES>
		<LCS_MIN>[0.0975290909409523, 0.09416865557432175, 0.09247452020645142, 0.11354507505893707, 0.09430141001939774, 0.0684979036450386]</LCS_MIN>
		<LCS_MAX>[0.13695627450942993, 0.14738456904888153, 0.1634422242641449, 0.1988498717546463, 0.17558503150939941, 0.15683455765247345]</LCS_MAX>
		<WAVELENGTH>[0.485, 0.56, 0.66, 0.83, 1.65, 2.215]</WAVELENGTH>
		<MEAN_VALUE>[0.1181363211421485, 0.12167349753531621, 0.1307696772369553, 0.16615927752372478, 0.14134866032707552, 0.11966132498189311]</MEAN_VALUE>
		<CHECKBOX>2</CHECKBOX>
		<SD>[0.008027916912765503, 0.011124581662852677, 0.014489358967080746, 0.01919467946196852, 0.021120700542542913, 0.019330134305098754]</SD>
		<WAVELENGTH_UNIT>E-6m</WAVELENGTH_UNIT>
		<COLOR>#459a8a</COLOR>
		<COVARIANCE_MATRIX>[[6.64899617708834e-05, 8.269966062234939e-05, 0.00010271527544457621, 6.542194781970184e-05, 8.377755025148383e-05, 9.469800006499209e-05], [8.269966062234939e-05, 0.00011694344379986984, 0.0001453262431754379, 0.00011210206059712928, 0.00013552690980666682, 0.00014726456135810302], [0.00010271527544457621, 0.0001453262431754379, 0.00019493637131097702, 0.0001504445589182546, 0.00018921256550453634, 0.00020650558449695057], [6.542194781970184e-05, 0.00011210206059712928, 0.0001504445589182546, 0.0003217997380085019, 0.0002869791623723216, 0.0002204611165372269], [8.377755025148383e-05, 0.00013552690980666682, 0.00018921256550453634, 0.0002869791623723216, 0.00036646456286727654, 0.0003039637895061397], [9.469800006499209e-05, 0.00014726456135810302, 0.00020650558449695057, 0.0002204611165372269, 0.0003039637895061397, 0.00031421266332287977]]</COVARIANCE_MATRIX>
		<ROI_SIZE>629</ROI_SIZE>
		<MAX_VALUE>[0.13695627450942993, 0.14738456904888153, 0.1634422242641449, 0.1988498717546463, 0.17558503150939941, 0.15683455765247345]</MAX_VALUE>
		<MIN_VALUE>[0.0975290909409523, 0.09416865557432175, 0.09247452020645142, 0.11354507505893707, 0.09430141001939774, 0.0684979036450386]</MIN_VALUE>
		<SIGNATURE_THRESHOLD_MD>0</SIGNATURE_THRESHOLD_MD>
		<SIGNATURE_THRESHOLD_ML>0</SIGNATURE_THRESHOLD_ML>
		<SIGNATURE_THRESHOLD_SAM>0</SIGNATURE_THRESHOLD_SAM>
	</signature>
	<signature ID="20220107_133805291467_738">
		<MACROCLASSID>1</MACROCLASSID>
		<MACROCLASSINFO>Waterbody</MACROCLASSINFO>
		<CLASSID>15</CLASSID>
		<CLASSINFO>C 1</CLASSINFO>
		<VALUES>[0.11780118240926753, 0.008409979450330252, 0.11972172157795213, 0.011325708314084488, 0.12558124475006205, 0.014917383190356074, 0.17640629158893092, 0.016479086273114653, 0.1439472353479391, 0.01665418313701998, 0.11232556623052542, 0.015669659527194894]</VALUES>
		<LCS_MIN>[0.09345041215419769, 0.08529934287071228, 0.08428593724966049, 0.13743041455745697, 0.09430141001939774, 0.06534300744533539]</LCS_MIN>
		<LCS_MAX>[0.1342371553182602, 0.1444281041622162, 0.16071267426013947, 0.20567424595355988, 0.1821756213903427, 0.15683455765247345]</LCS_MAX>
		<WAVELENGTH>[0.485, 0.56, 0.66, 0.83, 1.65, 2.215]</WAVELENGTH>
		<MEAN_VALUE>[0.11780118240926753, 0.11972172157795213, 0.12558124475006205, 0.17640629158893092, 0.1439472353479391, 0.11232556623052542]</MEAN_VALUE>
		<CHECKBOX>2</CHECKBOX>
		<SD>[0.008409979450330252, 0.011325708314084488, 0.014917383190356074, 0.016479086273114653, 0.01665418313701998, 0.015669659527194894]</SD>
		<WAVELENGTH_UNIT>E-6m</WAVELENGTH_UNIT>
		<COLOR>#688010</COLOR>
		<COVARIANCE_MATRIX>[[7.089417260051829e-05, 9.075862731557279e-05, 0.00011709057472034384, -4.289169151577582e-06, 5.308510535769489e-05, 9.575507162606045e-05], [9.075862731557279e-05, 0.0001285734845070533, 0.0001646902397236217, 1.954034063391367e-05, 9.355644543287877e-05, 0.0001433666316609858], [0.00011709057472034384, 0.0001646902397236217, 0.00022305191729791345, 3.654815844296615e-05, 0.00013959671229003907, 0.00019982218311627133], [-4.289169151577582e-06, 1.954034063391367e-05, 3.654815844296615e-05, 0.0002721992497718067, 0.000214128124386038, 0.000115083196329793], [5.308510535769489e-05, 9.355644543287877e-05, 0.00013959671229003907, 0.000214128124386038, 0.00027801443199895667, 0.00021786471343387555], [9.575507162606045e-05, 0.0001433666316609858, 0.00019982218311627133, 0.000115083196329793, 0.00021786471343387555, 0.0002461159667092641]]</COVARIANCE_MATRIX>
		<ROI_SIZE>426</ROI_SIZE>
		<MAX_VALUE>[0.1342371553182602, 0.1444281041622162, 0.16071267426013947, 0.20567424595355988, 0.1821756213903427, 0.15683455765247345]</MAX_VALUE>
		<MIN_VALUE>[0.09345041215419769, 0.08529934287071228, 0.08428593724966049, 0.13743041455745697, 0.09430141001939774, 0.06534300744533539]</MIN_VALUE>
		<SIGNATURE_THRESHOLD_MD>0</SIGNATURE_THRESHOLD_MD>
		<SIGNATURE_THRESHOLD_ML>0</SIGNATURE_THRESHOLD_ML>
		<SIGNATURE_THRESHOLD_SAM>0</SIGNATURE_THRESHOLD_SAM>
	</signature>
	<signature ID="20220107_133831788331_181">
		<MACROCLASSID>1</MACROCLASSID>
		<MACROCLASSINFO>Waterbody</MACROCLASSINFO>
		<CLASSID>16</CLASSID>
		<CLASSINFO>C 1</CLASSINFO>
		<VALUES>[0.11571054810259253, 0.005639330408566435, 0.11583615022055614, 0.007255063711200778, 0.1200831083469833, 0.009576366305227917, 0.16099939432825747, 0.013967159957826622, 0.1250525234353464, 0.01426453599544257, 0.10063868532446574, 0.011964451198423823]</VALUES>
		<LCS_MIN>[0.08937174081802368, 0.08234290778636932, 0.0788268968462944, 0.12378165870904922, 0.08331712335348129, 0.055878374725580215]</LCS_MIN>
		<LCS_MAX>[0.13151805102825165, 0.13260234892368317, 0.13887646794319153, 0.18520107865333557, 0.15361648797988892, 0.12844064831733704]</LCS_MAX>
		<WAVELENGTH>[0.485, 0.56, 0.66, 0.83, 1.65, 2.215]</WAVELENGTH>
