<?xml version="1.0" ?>
<signaturelist MCID_LIST="[['1', 'waterbody', '#000000'], ['2', 'vegetation', '#000000'], ['3', 'bareland', '#000000'], ['4', 'built-up', '#000000']]">
	<signature ID="20220113_125349664407_446">
		<MACROCLASSID>1</MACROCLASSID>
		<MACROCLASSINFO>waterbody</MACROCLASSINFO>
		<CLASSID>1</CLASSID>
		<CLASSINFO>C 1</CLASSINFO>
		<VALUES>[0.08088275087017865, 0.0008176603537662244, 0.06425457235292799, 0.0014610131539390691, 0.046156143371504046, 0.0015364254922546853, 0.024434464222808473, 0.0013485324931487553, 0.011750744048303566, 0.0012654628344175053, 0.008522236352508776, 0.0009176668648206088]</VALUES>
		<LCS_MIN>[0.07853109389543533, 0.06095635145902634, 0.042753931134939194, 0.022185690701007843, 0.009125337935984135, 0.006493960507214069]</LCS_MIN>
		<LCS_MAX>[0.08326275646686554, 0.06764344125986099, 0.0501411147415638, 0.05231381580233574, 0.03700834512710571, 0.023320326581597328]</LCS_MAX>
		<WAVELENGTH>[1.0, 2.0, 3.0, 4.0, 5.0, 6.0]</WAVELENGTH>
		<MEAN_VALUE>[0.08088275087017865, 0.06425457235292799, 0.046156143371504046, 0.024434464222808473, 0.011750744048303566, 0.008522236352508776]</MEAN_VALUE>
		<CHECKBOX>2</CHECKBOX>
		<SD>[0.0008176603537662244, 0.0014610131539390691, 0.0015364254922546853, 0.0013485324931487553, 0.0012654628344175053, 0.0009176668648206088]</SD>
		<WAVELENGTH_UNIT>band number</WAVELENGTH_UNIT>
		<COLOR>#35cd14</COLOR>
		<COVARIANCE_MATRIX>[[7.686067328026856e-07, 1.0922813931632341e-06, 1.1508903526480285e-06, 6.323690514371062e-07, 3.7391022523503927e-07, 2.9800688946669556e-07], [1.0922813931632341e-06, 1.9922859727709295e-06, 2.049918584722916e-06, 5.83277100792465e-07, 1.745571149353283e-07, 1.4513300172391248e-07], [1.1508903526480285e-06, 2.049918584722916e-06, 2.2087979443911108e-06, 6.317734255980958e-07, 1.7616394688607363e-07, 1.4445875259530504e-07], [6.323690514371062e-07, 5.83277100792465e-07, 6.317734255980958e-07, 1.5877950715234815e-06, 1.3350859843000342e-06, 9.888707734874956e-07], [3.7391022523503927e-07, 1.745571149353283e-07, 1.7616394688607363e-07, 1.3350859843000342e-06, 1.3585213219861633e-06, 9.862163796447386e-07], [2.9800688946669556e-07, 1.4513300172391248e-07, 1.4445875259530504e-07, 9.888707734874956e-07, 9.862163796447386e-07, 7.587457306308097e-07]]</COVARIANCE_MATRIX>
		<ROI_SIZE>10138</ROI_SIZE>
		<MAX_VALUE>[0.08326275646686554, 0.06764344125986099, 0.0501411147415638, 0.05231381580233574, 0.03700834512710571, 0.023320326581597328]</MAX_VALUE>
		<MIN_VALUE>[0.07853109389543533, 0.06095635145902634, 0.042753931134939194, 0.022185690701007843, 0.009125337935984135, 0.006493960507214069]</MIN_VALUE>
		<SIGNATURE_THRESHOLD_MD>0</SIGNATURE_THRESHOLD_MD>
		<SIGNATURE_THRESHOLD_ML>0</SIGNATURE_THRESHOLD_ML>
		<SIGNATURE_THRESHOLD_SAM>0</SIGNATURE_THRESHOLD_SAM>
	</signature>
	<signature ID="20220113_125355247895_840">
		<MACROCLASSID>1</MACROCLASSID>
		<MACROCLASSINFO>waterbody</MACROCLASSINFO>
		<CLASSID>2</CLASSID>
		<CLASSINFO>C 1</CLASSINFO>
		<VALUES>[0.07613075702059563, 0.0014734936391484748, 0.05568416738554232, 0.004544543308556214, 0.04018674744649091, 0.0056407260690481305, 0.023127309859037836, 0.006216219708547205, 0.010494295778109031, 0.003880484460325863, 0.007013258051687611, 0.0020780611796790446]</VALUES>
		<LCS_MIN>[0.07404083758592606, 0.05161372572183609, 0.03548745810985565, 0.018612807616591454, 0.005721438676118851, 0.004586811177432537]</LCS_MIN>
		<LCS_MAX>[0.0834558755159378, 0.08072793483734131, 0.07734817266464233, 0.07194054871797562, 0.045795708894729614, 0.027834715321660042]</LCS_MAX>
		<WAVELENGTH>[1.0, 2.0, 3.0, 4.0, 5.0, 6.0]</WAVELENGTH>
		<MEAN_VALUE>[0.07613075702059563, 0.05568416738554232, 0.04018674744649091, 0.023127309859037836, 0.010494295778109031, 0.007013258051687611]</MEAN_VALUE>
		<CHECKBOX>2</CHECKBOX>
		<SD>[0.0014734936391484748, 0.004544543308556214, 0.0056407260690481305, 0.006216219708547205, 0.003880484460325863, 0.0020780611796790446]</SD>
		<WAVELENGTH_UNIT>band number</WAVELENGTH_UNIT>
		<COLOR>#a5867f</COLOR>
		<COVARIANCE_MATRIX>[[1.454264004721916e-06, 4.2544631084327975e-06, 5.0912770019945765e-06, 2.1494712736078446e-06, 1.0317947281099956e-06, 5.645936887936521e-07], [4.2544631084327975e-06, 1.3658463886748071e-05, 1.6590143415669896e-05, 6.269790322464375e-06, 2.8281548931785114e-06, 1.47827301833255e-06], [5.0912770019945765e-06, 1.6590143415669896e-05, 2.051609260051939e-05, 7.0055394898206e-06, 3.038284966823769e-06, 1.5640807116132586e-06], [2.1494712736078446e-06, 6.269790322464375e-06, 7.0055394898206e-06, 3.472994164605213e-05, 2.1786375491451566e-05, 1.1536513994507329e-05], [1.0317947281099956e-06, 2.8281548931785114e-06, 3.038284966823769e-06, 2.1786375491451566e-05, 1.438962944954744e-05, 7.81570044763274e-06], [5.645936887936521e-07, 1.47827301833255e-06, 1.5640807116132586e-06, 1.1536513994507329e-05, 7.81570044763274e-06, 4.415637237425304e-06]]</COVARIANCE_MATRIX>
		<ROI_SIZE>7327</ROI_SIZE>
		<MAX_VALUE>[0.0834558755159378, 0.08072793483734131, 0.07734817266464233, 0.07194054871797562, 0.045795708894729614, 0.027834715321660042]</MAX_VALUE>
		<MIN_VALUE>[0.07404083758592606, 0.05161372572183609, 0.03548745810985565, 0.018612807616591454, 0.005721438676118851, 0.004586811177432537]</MIN_VALUE>
		<SIGNATURE_THRESHOLD_MD>0</SIGNATURE_THRESHOLD_MD>
		<SIGNATURE_THRESHOLD_ML>0</SIGNATURE_THRESHOLD_ML>
		<SIGNATURE_THRESHOLD_SAM>0</SIGNATURE_THRESHOLD_SAM>
	</signature>
	<signature ID="20220113_125400743260_592">
		<MACROCLASSID>1</MACROCLASSID>
		<MACROCLASSINFO>waterbody</MACROCLASSINFO>
		<CLASSID>3</CLASSID>
		<CLASSINFO>C 1</CLASSINFO>
		<VALUES>[0.09007355455799072, 0.0016039843373549638, 0.09331777498458826, 0.004018197410249429, 0.061913436871234524, 0.0027747868430814324, 0.030844318923117547, 0.004678032744467363, 0.014997027529214063, 0.0047221062109244595, 0.010545511267820435, 0.0034830499209597553]</VALUES>
		<LCS_MIN>[0.08473534882068634, 0.07471679151058197, 0.05545216053724289, 0.025782721117138863, 0.00999442022293806, 0.006711228750646114]</LCS_MIN>
		<LCS_MAX>[0.09415038675069809, 0.1061243936419487, 0.08268335461616516, 0.06882636249065399, 0.05289321765303612, 0.04101576656103134]</LCS_MAX>
		<WAVELENGTH>[1.0, 2.0, 3.0, 4.0, 5.0, 6.0]</WAVELENGTH>
		<MEAN_VALUE>[0.09007355455799072, 0.09331777498458826, 0.061913436871234524, 0.030844318923117547, 0.014997027529214063, 0.010545511267820435]</MEAN_VALUE>
		<CHECKBOX>2</CHECKBOX>
		<SD>[0.0016039843373549638, 0.004018197410249429, 0.0027747868430814324, 0.004678032744467363, 0.0047221062109244595, 0.0034830499209597553]</SD>
		<WAVELENGTH_UNIT>band number</WAVELENGTH_UNIT>
		<COLOR>#1c1d11</COLOR>
		<COVARIANCE_MATRIX>[[1.95395218887075e-06, 3.992939684768843e-06, 2.510649721004743e-06, 1.2335477140781026e-06, 6.201442760093555e-07, 5.92924377184585e-07], [3.992939684768843e-06, 1.1449919000732405e-05, 5.582445841672764e-06, -6.4668883240982735e-09, -1.6417193509321824e-06, -9.982042398484594e-07], [2.510649721004743e-06, 5.582445841672764e-06, 6.083588940178958e-06, 6.283537728456093e-06, 5.546515029868723e-06, 4.204872950361332e-06], [1.2335477140781026e-06, -6.4668883240982735e-09, 6.283537728456093e-06, 1.9070606469739603e-05, 1.8867211625125942e-05, 1.3544677120710624e-05], [6.201442760093555e-07, -1.6417193509321824e-06, 5.546515029868723e-06, 1.8867211625125942e-05, 1.9982973891053637e-05, 1.4588130949098344e-05], [5.92924377184585e-07, -9.982042398484594e-07, 4.204872950361332e-06, 1.3544677120710624e-05, 1.4588130949098344e-05, 1.0977805834977131e-05]]</COVARIANCE_MATRIX>
		<ROI_SIZE>3690</ROI_SIZE>
		<MAX_VALUE>[0.09415038675069809, 0.1061243936419487, 0.08268335461616516, 0.06882636249065399, 0.05289321765303612, 0.04101576656103134]</MAX_VALUE>
		<MIN_VALUE>[0.08473534882068634, 0.07471679151058197, 0.05545216053724289, 0.025782721117138863, 0.00999442022293806, 0.006711228750646114]</MIN_VALUE>
		<SIGNATURE_THRESHOLD_MD>0</SIGNATURE_THRESHOLD_MD>
		<SIGNATURE_THRESHOLD_ML>0</SIGNATURE_THRESHOLD_ML>
		<SIGNATURE_THRESHOLD_SAM>0</SIGNATURE_THRESHOLD_SAM>
	</signature>
	<signature ID="20220113_125403682041_557">
		<MACROCLASSID>1</MACROCLASSID>
		<MACROCLASSINFO>waterbody</MACROCLASSINFO>
		<CLASSID>4</CLASSID>
		<CLASSINFO>C 1</CLASSINFO>
		<VALUES>[0.08882135250330786, 0.0033525617870600994, 0.06994487922335912, 0.0038072875518490473, 0.05053815788647578, 0.005304102085497999, 0.03999095255711371, 0.007670110801510589, 0.026807861840806548, 0.007975140833206313, 0.020206254488693728, 0.006448640504929809]</VALUES>
		<LCS_MIN>[0.08297304809093475, 0.0635877251625061, 0.04280220717191696, 0.028776220977306366, 0.015715867280960083, 0.011273901909589767]</LCS_MIN>
		<LCS_MAX>[0.10045123845338821, 0.08480778336524963, 0.08504919707775116, 0.08647351711988449, 0.06967129558324814, 0.05772143229842186]</LCS_MAX>
		<WAVELENGTH>[1.0, 2.0, 3.0, 4.0, 5.0, 6.0]</WAVELENGTH>
		<MEAN_VALUE>[0.08882135250330786, 0.06994487922335912, 0.05053815788647578, 0.03999095255711371, 0.026807861840806548, 0.020206254488693728]</MEAN_VALUE>
		<CHECKBOX>2</CHECKBOX>
		<SD>[0.0033525617870600994, 0.0038072875518490473, 0.005304102085497999, 0.007670110801510589, 0.007975140833206313, 0.006448640504929809]</SD>
		<WAVELENGTH_UNIT>band number</WAVELENGTH_UNIT>
		<COLOR>#61f385</COLOR>
		<COVARIANCE_MATRIX>[[9.811161073013061e-06, 1.0425184966695253e-05, 1.246730358828082e-05, 1.8482878489182037e-05, 1.6513228735466714e-05, 1.332876432410009e-05], [1.0425184966695253e-05, 1.2301459163711174e-05, 1.5102804995902782e-05, 2.161705146830904e-05, 2.0696823305168177e-05, 1.6683402857134394e-05], [1.246730358828082e-05, 1.5102804995902782e-05, 2.0690609155776924e-05, 2.9218553286278572e-05, 2.857914762313841e-05, 2.305832387982495e-05], [1.8482878489182037e-05, 2.161705146830904e-05, 2.9218553286278572e-05, 4.4947674302154215e-05, 4.300650120224674e-05, 3.425673007916962e-05], [1.6513228735466714e-05, 2.0696823305168177e-05, 2.857914762313841e-05, 4.300650120224674e-05, 4.562908036333213e-05, 3.6299810243682944e-05], [1.332876432410009e-05, 1.6683402857134394e-05, 2.305832387982495e-05, 3.425673007916962e-05, 3.6299810243682944e-05, 2.925110902389887e-05]]</COVARIANCE_MATRIX>
		<ROI_SIZE>4445</ROI_SIZE>
		<MAX_VALUE>[0.10045123845338821, 0.08480778336524963, 0.08504919707775116, 0.08647351711988449, 0.06967129558324814, 0.05772143229842186]</MAX_VALUE>
		<MIN_VALUE>[0.08297304809093475, 0.0635877251625061, 0.04280220717191696, 0.028776220977306366, 0.015715867280960083, 0.011273901909589767]</MIN_VALUE>
		<SIGNATURE_THRESHOLD_MD>0</SIGNATURE_THRESHOLD_MD>
		<SIGNATURE_THRESHOLD_ML>0</SIGNATURE_THRESHOLD_ML>
		<SIGNATURE_THRESHOLD_SAM>0</SIGNATURE_THRESHOLD_SAM>
	</signature>
	<signature ID="20220113_125452332760_272">
		<MACROCLASSID>1</MACROCLASSID>
		<MACROCLASSINFO>waterbody</MACROCLASSINFO>
		<CLASSID>5</CLASSID>
		<CLASSINFO>C 1</CLASSINFO>
		<VALUES>[0.10368859843682435, 0.0031584731594376816, 0.09048994845252929, 0.004869953839449294, 0.07410384828256349, 0.0071366446646132595, 0.05363994609501402, 0.011300985444785966, 0.04450232548228765, 0.010765735352811001, 0.03387981927874733, 0.00923444020252257]</VALUES>
		<LCS_MIN>[0.09912347048521042, 0.07942429929971695, 0.06308075785636902, 0.03558401018381119, 0.026965633034706116, 0.01899905875325203]</LCS_MIN>
		<LCS_MAX>[0.11039738357067108, 0.10086163878440857, 0.09147073328495026, 0.07556173205375671, 0.06590527296066284, 0.05552459508180618]</LCS_MAX>
		<WAVELENGTH>[1.0, 2.0, 3.0, 4.0, 5.0, 6.0]</WAVELENGTH>
		<MEAN_VALUE>[0.10368859843682435, 0.09048994845252929, 0.07410384828256349, 0.05363994609501402, 0.04450232548228765, 0.03387981927874733]</MEAN_VALUE>
		<CHECKBOX>2</CHECKBOX>
		<SD>[0.0031584731594376816, 0.004869953839449294, 0.0071366446646132595, 0.011300985444785966, 0.010765735352811001, 0.00923444020252257]</SD>
		<WAVELENGTH_UNIT>band number</WAVELENGTH_UNIT>
		<COLOR>#73422c</COLOR>
		<COVARIANCE_MATRIX>[[1.0147951883351829e-05, 1.2493132082374425e-05, 2.204810756184226e-05, 3.1777003461279546e-05, 2.85643375310462e-05, 2.352454493822806e-05], [1.2493132082374425e-05, 2.4125354715580117e-05, 2.9440848545507547e-05, 3.7107895597025193e-05, 3.525303046275556e-05, 3.357479348691414e-05], [2.204810756184226e-05, 2.9440848545507547e-05, 5.180982977703829e-05, 7.370870798085849e-05, 6.89557799022062e-05, 5.696383969720388e-05], [3.1777003461279546e-05, 3.7107895597025193e-05, 7.370870798085849e-05, 0.00012991420774780332, 0.00012028388070045802, 9.709049657814379e-05], [2.85643375310462e-05, 3.525303046275556e-05, 6.89557799022062e-05, 0.00012028388070045802, 0.00011789935178481234, 9.542888263491404e-05], [2.352454493822806e-05, 3.357479348691414e-05, 5.696383969720388e-05, 9.709049657814379e-05, 9.542888263491404e-05, 8.674514250661972e-05]]</COVARIANCE_MATRIX>
		<ROI_SIZE>59</ROI_SIZE>
		<MAX_VALUE>[0.11039738357067108, 0.10086163878440857, 0.09147073328495026, 0.07556173205375671, 0.06590527296066284, 0.05552459508180618]</MAX_VALUE>
		<MIN_VALUE>[0.09912347048521042, 0.07942429929971695, 0.06308075785636902, 0.03558401018381119, 0.026965633034706116, 0.01899905875325203]</MIN_VALUE>
		<SIGNATURE_THRESHOLD_MD>0</SIGNATURE_THRESHOLD_MD>
		<SIGNATURE_THRESHOLD_ML>0</SIGNATURE_THRESHOLD_ML>
		<SIGNATURE_THRESHOLD_SAM>0</SIGNATURE_THRESHOLD_SAM>
	</signature>
	<signature ID="20220113_125457960809_402">
		<MACROCLASSID>1</MACROCLASSID>
		<MACROCLASSINFO>waterbody</MACROCLASSINFO>
		<CLASSID>6</CLASSID>
		<CLASSINFO>C 1</CLASSINFO>
		<VALUES>[0.1087380775560935, 0.0037869059560155776, 0.09430731559793153, 0.004745864492721039, 0.08033966136475407, 0.007850766310823933, 0.06949506433059775, 0.013971094430263523, 0.0667051543171207, 0.015772422087628173, 0.05605529410143695, 0.013698287159409106]</VALUES>
		<LCS_MIN>[0.10351715236902237, 0.08509747684001923, 0.06984028220176697, 0.043623022735118866, 0.036694519221782684, 0.03191457688808441]</LCS_MIN>
		<LCS_MAX>[0.1211884617805481, 0.10897304862737656, 0.10035466402769089, 0.09772329032421112, 0.09876134991645813, 0.08615969121456146]</LCS_MAX>
		<WAVELENGTH>[1.0, 2.0, 3.0, 4.0, 5.0, 6.0]</WAVELENGTH>
		<MEAN_VALUE>[0.1087380775560935, 0.09430731559793153, 0.08033966136475407, 0.06949506433059775, 0.0667051543171207, 0.05605529410143695]</MEAN_VALUE>
		<CHECKBOX>2</CHECKBOX>
		<SD>[0.0037869059560155776, 0.004745864492721039, 0.007850766310823933, 0.013971094430263523, 0.015772422087628173, 0.013698287159409106]</SD>
		<WAVELENGTH_UNIT>band number</WAVELENGTH_UNIT>
		<COLOR>#9e04c6</COLOR>
		<COVARIANCE_MATRIX>[[1.458371869800639e-05, 1.597155306636718e-05, 2.8541215583919355e-05, 3.8130531269248066e-05, 3.9920791855099074e-05, 3.4213346917702816e-05], [1.597155306636718e-05, 2.2904979440613923e-05, 3.081608444127164e-05, 3.356601840877926e-05, 3.564181204274875e-05, 3.290118112921166e-05], [2.8541215583919355e-05, 3.081608444127164e-05, 6.267918474627244e-05, 9.617466796269907e-05, 0.00010487589190775848, 8.89434391349265e-05], [3.8130531269248066e-05, 3.356601840877926e-05, 9.617466796269907e-05, 0.00019849980974170203, 0.00021906072739058682, 0.0001830208287852977], [3.9920791855099074e-05, 3.564181204274875e-05, 0.00010487589190775848, 0.00021906072739058682, 0.0002529857272986112, 0.00021337212683542885], [3.4213346917702816e-05, 3.290118112921166e-05, 8.89434391349265e-05, 0.0001830208287852977, 0.00021337212683542885, 0.0001908234621372533]]</COVARIANCE_MATRIX>
		<ROI_SIZE>60</ROI_SIZE>
		<MAX_VALUE>[0.1211884617805481, 0.10897304862737656, 0.10035466402769089, 0.09772329032421112, 0.09876134991645813, 0.08615969121456146]</MAX_VALUE>
		<MIN_VALUE>[0.10351715236902237, 0.08509747684001923, 0.06984028220176697, 0.043623022735118866, 0.036694519221782684, 0.03191457688808441]</MIN_VALUE>
		<SIGNATURE_THRESHOLD_MD>0</SIGNATURE_THRESHOLD_MD>
		<SIGNATURE_THRESHOLD_ML>0</SIGNATURE_THRESHOLD_ML>
		<SIGNATURE_THRESHOLD_SAM>0</SIGNATURE_THRESHOLD_SAM>
	</signature>
	<signature ID="20220113_125505945847_858">
		<MACROCLASSID>1</MACROCLASSID>
		<MACROCLASSINFO>waterbody</MACROCLASSINFO>
		<CLASSID>7</CLASSID>
		<CLASSINFO>C 1</CLASSINFO>
		<VALUES>[0.10241092468788417, 0.0027341283194893913, 0.08801760495293373, 0.004697685073823989, 0.07522154394902435, 0.005950775875024249, 0.05672170764772721, 0.010557316871956981, 0.04310989762151163, 0.010505984508364475, 0.03164207201231929, 0.008898826601389999]</VALUES>
		<LCS_MIN>[0.09666107594966888, 0.07657565176486969, 0.06621910631656647, 0.042609088122844696, 0.03143174573779106, 0.02225811406970024]</LCS_MIN>
		<LCS_MAX>[0.11013182997703552, 0.09982356429100037, 0.0938607007265091, 0.08410768955945969, 0.07201298326253891, 0.05653851479291916]</LCS_MAX>
		<WAVELENGTH>[1.0, 2.0, 3.0, 4.0, 5.0, 6.0]</WAVELENGTH>
		<MEAN_VALUE>[0.10241092468788417, 0.08801760495293373, 0.07522154394902435, 0.05672170764772721, 0.04310989762151163, 0.03164207201231929]</MEAN_VALUE>
		<CHECKBOX>2</CHECKBOX>
		<SD>[0.0027341283194893913, 0.004697685073823989, 0.005950775875024249, 0.010557316871956981, 0.010505984508364475, 0.008898826601389999]</SD>
		<WAVELENGTH_UNIT>band number</WAVELENGTH_UNIT>
		<COLOR>#1146d6</COLOR>
		<COVARIANCE_MATRIX>[[7.524638309982887e-06, 1.0602358111908018e-05, 1.4718080181516808e-05, 2.2037866193450207e-05, 2.3998163032746963e-05, 2.0436038483568473e-05], [1.0602358111908018e-05, 2.221343087554468e-05, 2.1007345484930046e-05, 2.0617405294708757e-05, 2.6317872965118106e-05, 2.2487676777461167e-05], [1.4718080181516808e-05, 2.1007345484930046e-05, 3.564470544578883e-05, 5.433372725913559e-05, 5.5851422806467346e-05, 4.770321208108555e-05], [2.2037866193450207e-05, 2.0617405294708757e-05, 5.433372725913559e-05, 0.00011219020887395315, 0.00010772460993817568, 9.068894100657638e-05], [2.3998163032746963e-05, 2.6317872965118106e-05, 5.5851422806467346e-05, 0.00010772460993817568, 0.00011110186648006018, 9.346752037993976e-05], [2.0436038483568473e-05, 2.2487676777461167e-05, 4.770321208108555e-05, 9.068894100657638e-05, 9.346752037993976e-05, 7.971009590056424e-05]]</COVARIANCE_MATRIX>
		<ROI_SIZE>153</ROI_SIZE>
		<MAX_VALUE>[0.11013182997703552, 0.09982356429100037, 0.0938607007265091, 0.08410768955945969, 0.07201298326253891, 0.05653851479291916]</MAX_VALUE>
		<MIN_VALUE>[0.09666107594966888, 0.07657565176486969, 0.06621910631656647, 0.042609088122844696, 0.03143174573779106, 0.02225811406970024]</MIN_VALUE>
		<SIGNATURE_THRESHOLD_MD>0</SIGNATURE_THRESHOLD_MD>
		<SIGNATURE_THRESHOLD_ML>0</SIGNATURE_THRESHOLD_ML>
		<SIGNATURE_THRESHOLD_SAM>0</SIGNATURE_THRESHOLD_SAM>
	</signature>
	<signature ID="20220113_125520388060_467">
		<MACROCLASSID>1</MACROCLASSID>
		<MACROCLASSINFO>waterbody</MACROCLASSINFO>
		<CLASSID>8</CLASSID>
		<CLASSINFO>C 1</CLASSINFO>
		<VALUES>[0.10179057168916256, 0.002175947664433606, 0.08838856630165783, 0.004212020964237006, 0.07404182444163862, 0.0056746206372500765, 0.057627562142659315, 0.010449351544142376, 0.04579535806655438, 0.009325597137655158, 0.03287420001531847, 0.0074049488900871435]</VALUES>
		<LCS_MIN>[0.09779570251703262, 0.0799071341753006, 0.06665366142988205, 0.04668893665075302, 0.03543916344642639, 0.025589589029550552]</LCS_MIN>
		<LCS_MAX>[0.11039738357067108, 0.09948559105396271, 0.09328131377696991, 0.0896601602435112, 0.0787242129445076, 0.0633704662322998]</LCS_MAX>
		<WAVELENGTH>[1.0, 2.0, 3.0, 4.0, 5.0, 6.0]</WAVELENGTH>
		<MEAN_VALUE>[0.10179057168916256, 0.08838856630165783, 0.07404182444163862, 0.057627562142659315, 0.04579535806655438, 0.03287420001531847]</MEAN_VALUE>
		<CHECKBOX>2</CHECKBOX>
		<SD>[0.002175947664433606, 0.004212020964237006, 0.0056746206372500765, 0.010449351544142376, 0.009325597137655158, 0.0074049488900871435]</SD>
		<WAVELENGTH_UNIT>band number</WAVELENGTH_UNIT>
		<COLOR>#4ec1dc</COLOR>
		<COVARIANCE_MATRIX>[[4.752415209392699e-06, 6.7294417298176066e-06, 1.072110128271913e-05, 1.7122414333998873e-05, 1.5372838385291815e-05, 1.273564635069974e-05], [6.7294417298176066e-06, 1.7807318814377866e-05, 1.4648579759684047e-05, 2.014960432078955e-05, 2.2092571730949145e-05, 1.5037151999169446e-05], [1.072110128271913e-05, 1.4648579759684047e-05, 3.2321473553483215e-05, 5.035503640412764e-05, 4.703427891514848e-05, 3.713903429239651e-05], [1.7122414333998873e-05, 2.014960432078955e-05, 5.035503640412764e-05, 0.0001095963691396866, 8.515653805446118e-05, 7.381008556069819e-05], [1.5372838385291815e-05, 2.2092571730949145e-05, 4.703427891514848e-05, 8.515653805446118e-05, 8.729126481702802e-05, 6.341689212278269e-05], [1.273564635069974e-05, 1.5037151999169446e-05, 3.713903429239651e-05, 7.381008556069819e-05, 6.341689212278269e-05, 5.503786981131331e-05]]</COVARIANCE_MATRIX>
		<ROI_SIZE>269</ROI_SIZE>
		<MAX_VALUE>[0.11039738357067108, 0.09948559105396271, 0.09328131377696991, 0.0896601602435112, 0.0787242129445076, 0.0633704662322998]</MAX_VALUE>
		<MIN_VALUE>[0.09779570251703262, 0.0799071341753006, 0.06665366142988205, 0.04668893665075302, 0.03543916344642639, 0.025589589029550552]</MIN_VALUE>
		<SIGNATURE_THRESHOLD_MD>0</SIGNATURE_THRESHOLD_MD>
		<SIGNATURE_THRESHOLD_ML>0</SIGNATURE_THRESHOLD_ML>
		<SIGNATURE_THRESHOLD_SAM>0</SIGNATURE_THRESHOLD_SAM>
	</signature>
	<signature ID="20220113_125527378867_242">
		<MACROCLASSID>1</MACROCLASSID>
		<MACROCLASSINFO>waterbody</MACROCLASSINFO>
		<CLASSID>9</CLASSID>
		<CLASSINFO>C 1</CLASSINFO>
		<VALUES>[0.10079208247008777, 0.0023007303159364163, 0.08807602968244325, 0.0029515995057749355, 0.07364509707050662, 0.005413586206620584, 0.05916674027130715, 0.010540920411972193, 0.0500436933001592, 0.010125374902738944, 0.036344464424820186, 0.008144698750190818]</VALUES>
		<LCS_MIN>[0.0974818766117096, 0.0798346996307373, 0.06496377289295197, 0.03785328194499016, 0.03606684133410454, 0.02262023650109768]</LCS_MIN>
		<LCS_MAX>[0.11034908890724182, 0.09641966223716736, 0.09093962609767914, 0.09021539986133575, 0.07399255037307739, 0.05832495540380478]</LCS_MAX>
		<WAVELENGTH>[1.0, 2.0, 3.0, 4.0, 5.0, 6.0]</WAVELENGTH>
		<MEAN_VALUE>[0.10079208247008777, 0.08807602968244325, 0.07364509707050662, 0.05916674027130715, 0.0500436933001592, 0.036344464424820186]</MEAN_VALUE>
		<CHECKBOX>2</CHECKBOX>
		<SD>[0.0023007303159364163, 0.0029515995057749355, 0.005413586206620584, 0.010540920411972193, 0.010125374902738944, 0.008144698750190818]</SD>
		<WAVELENGTH_UNIT>band number</WAVELENGTH_UNIT>
		<COLOR>#d6ecf3</COLOR>
		<COVARIANCE_MATRIX>[[5.3571354081950095e-06, 5.099758665619675e-06, 1.190298130100182e-05, 2.143670618037121e-05, 1.8312855398908116e-05, 1.5155500777477711e-05], [5.099758665619675e-06, 8.81690277071361e-06, 1.2600924355199066e-05, 2.122832702759199e-05, 2.30231001686418e-05, 1.8015998466393955e-05], [1.190298130100182e-05, 1.2600924355199066e-05, 2.9660010985386267e-05, 5.308195535787575e-05, 4.882920042467502e-05, 3.999365756327566e-05], [2.143670618037121e-05, 2.122832702759199e-05, 5.308195535787575e-05, 0.00011244968991624926, 9.40566002067496e-05, 7.974850155624857e-05], [1.8312855398908116e-05, 2.30231001686418e-05, 4.882920042467502e-05, 9.40566002067496e-05, 0.00010375843640199175, 8.039782918617253e-05], [1.5155500777477711e-05, 1.8015998466393955e-05, 3.999365756327566e-05, 7.974850155624857e-05, 8.039782918617253e-05, 6.713534806547263e-05]]</COVARIANCE_MATRIX>
		<ROI_SIZE>84</ROI_SIZE>
		<MAX_VALUE>[0.11034908890724182, 0.09641966223716736, 0.09093962609767914, 0.09021539986133575, 0.07399255037307739, 0.05832495540380478]</MAX_VALUE>
		<MIN_VALUE>[0.0974818766117096, 0.0798346996307373, 0.06496377289295197, 0.03785328194499016, 0.03606684133410454, 0.02262023650109768]</MIN_VALUE>
		<SIGNATURE_THRESHOLD_MD>0</SIGNATURE_THRESHOLD_MD>
		<SIGNATURE_THRESHOLD_ML>0</SIGNATURE_THRESHOLD_ML>
		<SIGNATURE_THRESHOLD_SAM>0</SIGNATURE_THRESHOLD_SAM>
	</signature>
	<signature ID="20220113_125534876229_393">
		<MACROCLASSID>1</MACROCLASSID>
		<MACROCLASSINFO>waterbody</MACROCLASSINFO>
		<CLASSID>10</CLASSID>
		<CLASSINFO>C 1</CLASSINFO>
		<VALUES>[0.09439700379779073, 0.0030557913981947957, 0.08051035444759115, 0.0037160634375525774, 0.06521633826196195, 0.007307992995243861, 0.050419201402441605, 0.01295638233631425, 0.0398492066283958, 0.01209200887265081, 0.029799468467554328, 0.009945538636485058]</VALUES>
		<LCS_MIN>[0.08939460664987564, 0.07280964404344559, 0.052724216133356094, 0.024430815130472183, 0.019530165940523148, 0.01313276682049036]</LCS_MIN>
		<LCS_MAX>[0.1022135391831398, 0.0912051796913147, 0.0859665498137474, 0.07942429929971695, 0.068681500852108, 0.05395541340112686]</LCS_MAX>
		<WAVELENGTH>[1.0, 2.0, 3.0, 4.0, 5.0, 6.0]</WAVELENGTH>
		<MEAN_VALUE>[0.09439700379779073, 0.08051035444759115, 0.06521633826196195, 0.050419201402441605, 0.0398492066283958, 0.029799468467554328]</MEAN_VALUE>
		<CHECKBOX>2</CHECKBOX>
		<SD>[0.0030557913981947957, 0.0037160634375525774, 0.007307992995243861, 0.01295638233631425, 0.01209200887265081, 0.009945538636485058]</SD>
		<WAVELENGTH_UNIT>band number</WAVELENGTH_UNIT>
		<COLOR>#326250</COLOR>
		<COVARIANCE_MATRIX>[[9.397337891378595e-06, 9.989980245765625e-06, 2.0096407142623813e-05, 3.044950087997209e-05, 3.0451056785626857e-05, 2.583515971708863e-05], [9.989980245765625e-06, 1.389708369785087e-05, 2.4247310273710448e-05, 3.5734339376707286e-05, 3.406814746049114e-05, 2.9938653436673975e-05], [2.0096407142623813e-05, 2.4247310273710448e-05, 5.374693207470236e-05, 8.291103469538118e-05, 7.703317420356342e-05, 6.496728702606533e-05], [3.044950087997209e-05, 3.5734339376707286e-05, 8.291103469538118e-05, 0.0001689370651762512, 0.00014922591794287507, 0.0001171499458081633], [3.0451056785626857e-05, 3.406814746049114e-05, 7.703317420356342e-05, 0.00014922591794287507, 0.00014714799500031863, 0.00011758647168482588], [2.583515971708863e-05, 2.9938653436673975e-05, 6.496728702606533e-05, 0.0001171499458081633, 0.00011758647168482588, 9.954376258363753e-05]]</COVARIANCE_MATRIX>
		<ROI_SIZE>158</ROI_SIZE>
		<MAX_VALUE>[0.1022135391831398, 0.0912051796913147, 0.0859665498137474, 0.07942429929971695, 0.068681500852108, 0.05395541340112686]</MAX_VALUE>
		<MIN_VALUE>[0.08939460664987564, 0.07280964404344559, 0.052724216133356094, 0.024430815130472183, 0.019530165940523148, 0.01313276682049036]</MIN_VALUE>
		<SIGNATURE_THRESHOLD_MD>0</SIGNATURE_THRESHOLD_MD>
		<SIGNATURE_THRESHOLD_ML>0</SIGNATURE_THRESHOLD_ML>
		<SIGNATURE_THRESHOLD_SAM>0</SIGNATURE_THRESHOLD_SAM>
	</signature>
	<signature ID="20220113_125540611299_307">
		<MACROCLASSID>1</MACROCLASSID>
		<MACROCLASSINFO>waterbody</MACROCLASSINFO>
		<CLASSID>11</CLASSID>
		<CLASSINFO>C 1</CLASSINFO>
		<VALUES>[0.09429416852961683, 0.0031788942585638017, 0.07947751196326722, 0.0043311065426069354, 0.06557037629139659, 0.007082145877597739, 0.053530104078684644, 0.012440489708858438, 0.043265664036486524, 0.012464931791379525, 0.03150217016791083, 0.009297577799079765]</VALUES>
		<LCS_MIN>[0.0887669250369072, 0.0686090812087059, 0.051589589565992355, 0.026458673179149628, 0.017357463017106056, 0.011973992921411991]</LCS_MIN>
		<LCS_MAX>[0.10508633404970169, 0.09564714133739471, 0.08990155160427094, 0.07787927985191345, 0.07293035089969635, 0.05554873123764992]</LCS_MAX>
		<WAVELENGTH>[1.0, 2.0, 3.0, 4.0, 5.0, 6.0]</WAVELENGTH>
		<MEAN_VALUE>[0.09429416852961683, 0.07947751196326722, 0.06557037629139659, 0.053530104078684644, 0.043265664036486524, 0.03150217016791083]</MEAN_VALUE>
		<CHECKBOX>2</CHECKBOX>
		<SD>[0.0031788942585638017, 0.0043311065426069354, 0.007082145877597739, 0.012440489708858438, 0.012464931791379525, 0.009297577799079765]</SD>
		<WAVELENGTH_UNIT>band number</WAVELENGTH_UNIT>
		<COLOR>#a7f3e1</COLOR>
		<COVARIANCE_MATRIX>[[9.37435687826933e-06, 1.1100795366193905e-05, 1.9602045777479e-05, 2.771580807550976e-05, 2.477977741251894e-05, 1.9455362053617405e-05], [1.1100795366193905e-05, 1.9536826500167626e-05, 2.50107309618708e-05, 3.447817972988331e-05, 3.523177195890412e-05, 2.8690138655506145e-05], [1.9602045777479e-05, 2.50107309618708e-05, 4.8660951050736846e-05, 7.177307206305234e-05, 6.865926501333314e-05, 5.321963038372341e-05], [2.771580807550976e-05, 3.447817972988331e-05, 7.177307206305234e-05, 0.00016115636014312084, 0.00012689868059049983, 9.542306082979188e-05], [2.477977741251894e-05, 3.523177195890412e-05, 6.865926501333314e-05, 0.00012689868059049983, 0.00014680568049641046, 0.00010631155402327614], [1.9455362053617405e-05, 2.8690138655506145e-05, 5.321963038372341e-05, 9.542306082979188e-05, 0.00010631155402327614, 8.378348812291712e-05]]</COVARIANCE_MATRIX>
		<ROI_SIZE>245</ROI_SIZE>
		<MAX_VALUE>[0.10508633404970169, 0.09564714133739471, 0.08990155160427094, 0.07787927985191345, 0.07293035089969635, 0.05554873123764992]</MAX_VALUE>
		<MIN_VALUE>[0.0887669250369072, 0.0686090812087059, 0.051589589565992355, 0.026458673179149628, 0.017357463017106056, 0.011973992921411991]</MIN_VALUE>
		<SIGNATURE_THRESHOLD_MD>0</SIGNATURE_THRESHOLD_MD>
		<SIGNATURE_THRESHOLD_ML>0</SIGNATURE_THRESHOLD_ML>
		<SIGNATURE_THRESHOLD_SAM>0</SIGNATURE_THRESHOLD_SAM>
	</signature>
	<signature ID="20220113_125547825873_840">
		<MACROCLASSID>1</MACROCLASSID>
		<MACROCLASSINFO>waterbody</MACROCLASSINFO>
		<CLASSID>12</CLASSID>
		<CLASSINFO>C 1</CLASSINFO>
		<VALUES>[0.09167520828545092, 0.0021481347650441217, 0.07476289883255954, 0.003724315718321298, 0.06209435865283013, 0.004646423332828123, 0.052273023650050175, 0.011853916946648516, 0.03880275638774039, 0.009283152734463881, 0.027578820604830984, 0.006892160919039059]</VALUES>
		<LCS_MIN>[0.08864621818065643, 0.06764344125986099, 0.05646609887480736, 0.035680580884218216, 0.02665180340409279, 0.01902320608496666]</LCS_MIN>
		<LCS_MAX>[0.09791640937328339, 0.08659422397613525, 0.07676878571510315, 0.07631011307239532, 0.06464993953704834, 0.04845124110579491]</LCS_MAX>
		<WAVELENGTH>[1.0, 2.0, 3.0, 4.0, 5.0, 6.0]</WAVELENGTH>
		<MEAN_VALUE>[0.09167520828545092, 0.07476289883255954, 0.06209435865283013, 0.052273023650050175, 0.03880275638774039, 0.027578820604830984]</MEAN_VALUE>
		<CHECKBOX>2</CHECKBOX>
		<SD>[0.0021481347650441217, 0.003724315718321298, 0.004646423332828123, 0.011853916946648516, 0.009283152734463881, 0.006892160919039059]</SD>
		<WAVELENGTH_UNIT>band number</WAVELENGTH_UNIT>
		<COLOR>#50ed65</COLOR>
		<COVARIANCE_MATRIX>[[4.661093907869838e-06, 6.123705696241399e-06, 9.343234860592251e-06, 1.4993254437782203e-05, 1.3349433474710776e-05, 1.0661842888144198e-05], [6.123705696241399e-06, 1.4010633908823265e-05, 1.3338765643943774e-05, 2.4580813771365447e-05, 2.2664571750269032e-05, 1.900190595861493e-05], [9.343234860592251e-06, 1.3338765643943774e-05, 2.1807323018029926e-05, 3.6789751585417115e-05, 3.331973855770818e-05, 2.672220170316768e-05], [1.4993254437782203e-05, 2.4580813771365447e-05, 3.6789751585417115e-05, 0.00014193469391721308, 0.0001037074293765352, 7.16591593115066e-05], [1.3349433474710776e-05, 2.2664571750269032e-05, 3.331973855770818e-05, 0.0001037074293765352, 8.704739867816594e-05, 5.909317576440125e-05], [1.0661842888144198e-05, 1.900190595861493e-05, 2.672220170316768e-05, 7.16591593115066e-05, 5.909317576440125e-05, 4.798169912518115e-05]]</COVARIANCE_MATRIX>
		<ROI_SIZE>100</ROI_SIZE>
		<MAX_VALUE>[0.09791640937328339, 0.08659422397613525, 0.07676878571510315, 0.07631011307239532, 0.06464993953704834, 0.04845124110579491]</MAX_VALUE>
		<MIN_VALUE>[0.08864621818065643, 0.06764344125986099, 0.05646609887480736, 0.035680580884218216, 0.02665180340409279, 0.01902320608496666]</MIN_VALUE>
		<SIGNATURE_THRESHOLD_MD>0</SIGNATURE_THRESHOLD_MD>
		<SIGNATURE_THRESHOLD_ML>0</SIGNATURE_THRESHOLD_ML>
		<SIGNATURE_THRESHOLD_SAM>0</SIGNATURE_THRESHOLD_SAM>
	</signature>
	<signature ID="20220113_125554195661_894">
		<MACROCLASSID>1</MACROCLASSID>
		<MACROCLASSINFO>waterbody</MACROCLASSINFO>
		<CLASSID>13</CLASSID>
		<CLASSINFO>C 1</CLASSINFO>
		<VALUES>[0.09643058620748067, 0.0036387791439027807, 0.08184790620136828, 0.005582163755897733, 0.07075735633926734, 0.007591261994472241, 0.06638924937163083, 0.01323862342216629, 0.056190197799532174, 0.01254475151013797, 0.040981286471443515, 0.00920767477998444]</VALUES>
		<LCS_MIN>[0.09050509333610535, 0.0711197555065155, 0.05776970833539963, 0.04272979497909546, 0.03413555398583412, 0.02457566186785698]</LCS_MIN>
		<LCS_MAX>[0.10670378804206848, 0.09576784819364548, 0.09079478681087494, 0.09156730771064758, 0.08176600933074951, 0.06279106438159943]</LCS_MAX>
		<WAVELENGTH>[1.0, 2.0, 3.0, 4.0, 5.0, 6.0]</WAVELENGTH>
		<MEAN_VALUE>[0.09643058620748067, 0.08184790620136828, 0.07075735633926734, 0.06638924937163083, 0.056190197799532174, 0.040981286471443515]</MEAN_VALUE>
		<CHECKBOX>2</CHECKBOX>
		<SD>[0.0036387791439027807, 0.005582163755897733, 0.007591261994472241, 0.01323862342216629, 0.01254475151013797, 0.00920767477998444]</SD>
		<WAVELENGTH_UNIT>band number</WAVELENGTH_UNIT>
		<COLOR>#165460</COLOR>
		<COVARIANCE_MATRIX>[[1.340024032868139e-05, 1.790896166406907e-05, 2.505666055961175e-05, 1.819724185312451e-05, 2.0426965392117434e-05, 1.933752415989745e-05], [1.790896166406907e-05, 3.1535980537389106e-05, 3.8364776234682455e-05, 2.3451909461158485e-05, 2.495276497282803e-05, 2.466085060871787e-05], [2.505666055961175e-05, 3.8364776234682455e-05, 5.8321562990028545e-05, 5.9731082507862285e-05, 6.219594741990445e-05, 5.216316618701866e-05], [1.819724185312451e-05, 2.3451909461158485e-05, 5.9731082507862285e-05, 0.00017737273023578454, 0.0001573737501849858, 0.00010477576305831562], [2.0426965392117434e-05, 2.495276497282803e-05, 6.219594741990445e-05, 0.0001573737501849858, 0.00015926682407100173, 0.00011187230101950188], [1.933752415989745e-05, 2.466085060871787e-05, 5.216316618701866e-05, 0.00010477576305831562, 0.00011187230101950188, 8.580273599678034e-05]]</COVARIANCE_MATRIX>
		<ROI_SIZE>84</ROI_SIZE>
		<MAX_VALUE>[0.10670378804206848, 0.09576784819364548, 0.09079478681087494, 0.09156730771064758, 0.08176600933074951, 0.06279106438159943]</MAX_VALUE>
		<MIN_VALUE>[0.09050509333610535, 0.0711197555065155, 0.05776970833539963, 0.04272979497909546, 0.03413555398583412, 0.02457566186785698]</MIN_VALUE>
		<SIGNATURE_THRESHOLD_MD>0</SIGNATURE_THRESHOLD_MD>
		<SIGNATURE_THRESHOLD_ML>0</SIGNATURE_THRESHOLD_ML>
		<SIGNATURE_THRESHOLD_SAM>0</SIGNATURE_THRESHOLD_SAM>
	</signature>
	<signature ID="20220113_125559188144_857">
		<MACROCLASSID>1</MACROCLASSID>
		<MACROCLASSINFO>waterbody</MACROCLASSINFO>
		<CLASSID>14</CLASSID>
		<CLASSINFO>C 1</CLASSINFO>
		<VALUES>[0.0963440921859465, 0.002460947209692996, 0.08393345211727034, 0.0034460285460916904, 0.06973881933136267, 0.006207046679503196, 0.059697858773279884, 0.01154615116153035, 0.04921256221722867, 0.011322864730649569, 0.035349955863278854, 0.008676971095165562]</VALUES>
		<LCS_MIN>[0.09255708754062653, 0.07319590449333191, 0.05977343022823334, 0.04294707253575325, 0.03174557536840439, 0.020447533577680588]</LCS_MIN>
		<LCS_MAX>[0.1045793667435646, 0.09221909940242767, 0.08724603801965714, 0.08659422397613525, 0.07510305196046829, 0.05866293981671333]</LCS_MAX>
		<WAVELENGTH>[1.0, 2.0, 3.0, 4.0, 5.0, 6.0]</WAVELENGTH>
		<MEAN_VALUE>[0.0963440921859465, 0.08393345211727034, 0.06973881933136267, 0.059697858773279884, 0.04921256221722867, 0.035349955863278854]</MEAN_VALUE>
		<CHECKBOX>2</CHECKBOX>
		<SD>[0.002460947209692996, 0.0034460285460916904, 0.006207046679503196, 0.01154615116153035, 0.011322864730649569, 0.008676971095165562]</SD>
		<WAVELENGTH_UNIT>band number</WAVELENGTH_UNIT>
		<COLOR>#96c412</COLOR>
		<COVARIANCE_MATRIX>[[6.145323833144207e-06, 5.046690025218139e-06, 1.3716336361809767e-05, 2.078362246890563e-05, 2.236368141696673e-05, 1.8713120324781963e-05], [5.046690025218139e-06, 1.204974675136819e-05, 1.6019807533741526e-05, 2.7008772475759753e-05, 3.0070877865838987e-05, 2.1446441710041886e-05], [1.3716336361809767e-05, 1.6019807533741526e-05, 3.909400831214242e-05, 5.737696858030822e-05, 6.310910545906953e-05, 4.96995100760632e-05], [2.078362246890563e-05, 2.7008772475759753e-05, 5.737696858030822e-05, 0.00013527410086027497, 0.0001248314149448994, 8.809528561646069e-05], [2.236368141696673e-05, 3.0070877865838987e-05, 6.310910545906953e-05, 0.0001248314149448994, 0.00013009266667489064, 9.444603001078755e-05], [1.8713120324781963e-05, 2.1446441710041886e-05, 4.96995100760632e-05, 8.809528561646069e-05, 9.444603001078755e-05, 7.639703073025541e-05]]</COVARIANCE_MATRIX>
		<ROI_SIZE>69</ROI_SIZE>
		<MAX_VALUE>[0.1045793667435646, 0.09221909940242767, 0.08724603801965714, 0.08659422397613525, 0.07510305196046829, 0.05866293981671333]</MAX_VALUE>
		<MIN_VALUE>[0.09255708754062653, 0.07319590449333191, 0.05977343022823334, 0.04294707253575325, 0.03174557536840439, 0.020447533577680588]</MIN_VALUE>
		<SIGNATURE_THRESHOLD_MD>0</SIGNATURE_THRESHOLD_MD>
		<SIGNATURE_THRESHOLD_ML>0</SIGNATURE_THRESHOLD_ML>
		<SIGNATURE_THRESHOLD_SAM>0</SIGNATURE_THRESHOLD_SAM>
	</signature>
	<signature ID="20220113_125608124735_318">
		<MACROCLASSID>1</MACROCLASSID>
		<MACROCLASSINFO>waterbody</MACROCLASSINFO>
		<CLASSID>15</CLASSID>
		<CLASSINFO>C 1</CLASSINFO>
		<VALUES>[0.09742595847600548, 0.004667703912409358, 0.08432351453946185, 0.005824932125292652, 0.07170967181396276, 0.009974441243704548, 0.06317547294828627, 0.019014441735582848, 0.05023912918300199, 0.01803879316087247, 0.0376486009559952, 0.014234849638269058]</VALUES>
		<LCS_MIN>[0.09180870652198792, 0.07437881082296371, 0.0573834665119648, 0.032856062054634094, 0.02037511207163334, 0.014701939187943935]</LCS_MIN>
		<LCS_MAX>[0.11090433597564697, 0.1022859513759613, 0.10083749890327454, 0.10754872858524323, 0.08908075839281082, 0.06928503513336182]</LCS_MAX>
		<WAVELENGTH>[1.0, 2.0, 3.0, 4.0, 5.0, 6.0]</WAVELENGTH>
		<MEAN_VALUE>[0.09742595847600548, 0.08432351453946185, 0.07170967181396276, 0.06317547294828627, 0.05023912918300199, 0.0376486009559952]</MEAN_VALUE>
		<CHECKBOX>2</CHECKBOX>
		<SD>[0.004667703912409358, 0.005824932125292652, 0.009974441243704548, 0.019014441735582848, 0.01803879316087247, 0.014234849638269058]</SD>
		<WAVELENGTH_UNIT>band number</WAVELENGTH_UNIT>
		<COLOR>#6088b0</COLOR>
		<COVARIANCE_MATRIX>[[2.1975282743351988e-05, 2.5737535210727518e-05, 4.504692438358327e-05, 7.232784659807925e-05, 7.193717912556574e-05, 5.882206238171239e-05], [2.5737535210727518e-05, 3.4222332835510094e-05, 5.592957535013529e-05, 9.436943174152353e-05, 9.237686910856974e-05, 7.408993223090541e-05], [4.504692438358327e-05, 5.592957535013529e-05, 0.00010034714603897739, 0.00016798199945564378, 0.00016518506586354429, 0.0001328602293799584], [7.232784659807925e-05, 9.436943174152353e-05, 0.00016798199945564378, 0.00036466579619273573, 0.0003294875318041974, 0.00024878172308055735], [7.193717912556574e-05, 9.237686910856974e-05, 0.00016518506586354429, 0.0003294875318041974, 0.000328203214379194, 0.00025455758763667704], [5.882206238171239e-05, 7.408993223090541e-05, 0.0001328602293799584, 0.00024878172308055735, 0.00025455758763667704, 0.0002043777627088195]]</COVARIANCE_MATRIX>
		<ROI_SIZE>117</ROI_SIZE>
		<MAX_VALUE>[0.11090433597564697, 0.1022859513759613, 0.10083749890327454, 0.10754872858524323, 0.08908075839281082, 0.06928503513336182]</MAX_VALUE>
		<MIN_VALUE>[0.09180870652198792, 0.07437881082296371, 0.0573834665119648, 0.032856062054634094, 0.02037511207163334, 0.014701939187943935]</MIN_VALUE>
		<SIGNATURE_THRESHOLD_MD>0</SIGNATURE_THRESHOLD_MD>
		<SIGNATURE_THRESHOLD_ML>0</SIGNATURE_THRESHOLD_ML>
		<SIGNATURE_THRESHOLD_SAM>0</SIGNATURE_THRESHOLD_SAM>
	</signature>
	<signature ID="20220113_125612577205_712">
		<MACROCLASSID>1</MACROCLASSID>
		<MACROCLASSINFO>waterbody</MACROCLASSINFO>
		<CLASSID>16</CLASSID>
		<CLASSINFO>C 1</CLASSINFO>
		<VALUES>[0.09330246056088745, 0.0022972475983465603, 0.07852149111513765, 0.0032750003969322485, 0.06472191177539943, 0.005131734660833596, 0.05393412628251573, 0.011724129507792256, 0.038506595429426395, 0.01103234512280426, 0.02734874537133653, 0.008431983144303807]</VALUES>
		<LCS_MIN>[0.08968429267406464, 0.07148187607526779, 0.057866279035806656, 0.034908074885606766, 0.023030634969472885, 0.016005558893084526]</LCS_MIN>
