<?xml version="1.0" ?>
<signaturelist MCID_LIST="[['1', 'waterbody', '#000000'], ['2', 'vegetation', '#000000'], ['3', 'bareland', '#000000'], ['4', 'built-up', '#000000']]">
	<signature ID="20210512_104841227303_116">
		<MACROCLASSID>1</MACROCLASSID>
		<MACROCLASSINFO>waterbody</MACROCLASSINFO>
		<CLASSID>1</CLASSID>
		<CLASSINFO>C 1</CLASSINFO>
		<VALUES>[0.16161538727655214, 0.003160562739165213, 0.1290698694218897, 0.006319708942923878, 0.09103325137948441, 0.006778788844812329, 0.054615360044754285, 0.0030750608629507717, 0.018882203165429445, 0.0010456250578456095, 0.0099408962247469, 0.0005813050258065177]</VALUES>
		<LCS_MIN>[0.1511007845401764, 0.11061661690473557, 0.0772961676120758, 0.04855090007185936, 0.016584962606430054, 0.008518228307366371]</LCS_MIN>
		<LCS_MAX>[0.17205020785331726, 0.14345544576644897, 0.12184382230043411, 0.07169760763645172, 0.024410897865891457, 0.013033189810812473]</LCS_MAX>
		<WAVELENGTH>[0.48, 0.56, 0.655, 0.865, 1.61, 2.2]</WAVELENGTH>
		<MEAN_VALUE>[0.16161538727655214, 0.1290698694218897, 0.09103325137948441, 0.054615360044754285, 0.018882203165429445, 0.0099408962247469]</MEAN_VALUE>
		<CHECKBOX>2</CHECKBOX>
		<SD>[0.003160562739165213, 0.006319708942923878, 0.006778788844812329, 0.0030750608629507717, 0.0010456250578456095, 0.0005813050258065177]</SD>
		<WAVELENGTH_UNIT>E-6m</WAVELENGTH_UNIT>
		<COLOR>#2b3951</COLOR>
		<COVARIANCE_MATRIX>[[9.80856037879835e-06, 1.758469547769327e-05, 1.6217396310448462e-05, 7.809644468421948e-06, 2.6758888345127874e-06, 1.3511057381457535e-06], [1.758469547769327e-05, 3.680366025925091e-05, 3.5479259508180485e-05, 1.4810714178357092e-05, 4.264333807492451e-06, 1.961328837184346e-06], [1.6217396310448462e-05, 3.5479259508180485e-05, 3.8361787745653614e-05, 1.4854297192436197e-05, 3.865556275572135e-06, 1.73810638595127e-06], [7.809644468421948e-06, 1.4810714178357092e-05, 1.4854297192436197e-05, 9.277047650948679e-06, 3.0751665423205107e-06, 1.4976156077815057e-06], [2.6758888345127874e-06, 4.264333807492451e-06, 3.865556275572135e-06, 3.0751665423205107e-06, 1.2485937150038194e-06, 6.302372519046293e-07], [1.3511057381457535e-06, 1.961328837184346e-06, 1.73810638595127e-06, 1.4976156077815057e-06, 6.302372519046293e-07, 3.674998177160599e-07]]</COVARIANCE_MATRIX>
		<ROI_SIZE>10200</ROI_SIZE>
		<MAX_VALUE>[0.17205020785331726, 0.14345544576644897, 0.12184382230043411, 0.07169760763645172, 0.024410897865891457, 0.013033189810812473]</MAX_VALUE>
		<MIN_VALUE>[0.1511007845401764, 0.11061661690473557, 0.0772961676120758, 0.04855090007185936, 0.016584962606430054, 0.008518228307366371]</MIN_VALUE>
		<SIGNATURE_THRESHOLD_MD>0</SIGNATURE_THRESHOLD_MD>
		<SIGNATURE_THRESHOLD_ML>0</SIGNATURE_THRESHOLD_ML>
		<SIGNATURE_THRESHOLD_SAM>0</SIGNATURE_THRESHOLD_SAM>
	</signature>
	<signature ID="20210512_104900510444_833">
		<MACROCLASSID>1</MACROCLASSID>
		<MACROCLASSINFO>waterbody</MACROCLASSINFO>
		<CLASSID>2</CLASSID>
		<CLASSINFO>C 1</CLASSINFO>
		<VALUES>[0.16550393460880472, 0.00192180373539897, 0.13861551929049415, 0.002115823278165399, 0.11669460610620418, 0.003331654622207658, 0.07750999721774851, 0.008067300579072727, 0.027205849622787638, 0.006041323994063815, 0.01435984371957405, 0.0042059948288769005]</VALUES>
		<LCS_MIN>[0.15844511985778809, 0.1282249540090561, 0.11028551310300827, 0.0688682496547699, 0.0223942119628191, 0.01152819860726595]</LCS_MIN>
		<LCS_MAX>[0.17241139709949493, 0.1447497457265854, 0.13087373971939087, 0.11395767331123352, 0.06435327231884003, 0.044096142053604126]</LCS_MAX>
		<WAVELENGTH>[0.48, 0.56, 0.655, 0.865, 1.61, 2.2]</WAVELENGTH>
		<MEAN_VALUE>[0.16550393460880472, 0.13861551929049415, 0.11669460610620418, 0.07750999721774851, 0.027205849622787638, 0.01435984371957405]</MEAN_VALUE>
		<CHECKBOX>2</CHECKBOX>
		<SD>[0.00192180373539897, 0.002115823278165399, 0.003331654622207658, 0.008067300579072727, 0.006041323994063815, 0.0042059948288769005]</SD>
		<WAVELENGTH_UNIT>E-6m</WAVELENGTH_UNIT>
		<COLOR>#9d0d4a</COLOR>
		<COVARIANCE_MATRIX>[[3.6961107190782985e-06, 3.921963861063242e-06, 2.7759317388762824e-06, -1.4154181152572555e-06, -2.2165735628423316e-06, -1.642244599151323e-06], [3.921963861063242e-06, 4.480079159595628e-06, 3.615118104542132e-06, -6.62190161388907e-07, -1.9636620617570817e-06, -1.4971777047425767e-06], [2.7759317388762824e-06, 3.615118104542132e-06, 1.1108280897070469e-05, 1.939301294333824e-05, 1.2252774535197166e-05, 8.146840711322917e-06], [-1.4154181152572555e-06, -6.62190161388907e-07, 1.939301294333824e-05, 6.513034566521032e-05, 4.58735512205867e-05, 3.019481701278595e-05], [-2.2165735628423316e-06, -1.9636620617570817e-06, 1.2252774535197166e-05, 4.58735512205867e-05, 3.6525078730468935e-05, 2.5007041118631896e-05], [-1.642244599151323e-06, -1.4971777047425767e-06, 8.146840711322917e-06, 3.019481701278595e-05, 2.5007041118631896e-05, 1.770371357922937e-05]]</COVARIANCE_MATRIX>
		<ROI_SIZE>1329</ROI_SIZE>
		<MAX_VALUE>[0.17241139709949493, 0.1447497457265854, 0.13087373971939087, 0.11395767331123352, 0.06435327231884003, 0.044096142053604126]</MAX_VALUE>
		<MIN_VALUE>[0.15844511985778809, 0.1282249540090561, 0.11028551310300827, 0.0688682496547699, 0.0223942119628191, 0.01152819860726595]</MIN_VALUE>
		<SIGNATURE_THRESHOLD_MD>0</SIGNATURE_THRESHOLD_MD>
		<SIGNATURE_THRESHOLD_ML>0</SIGNATURE_THRESHOLD_ML>
		<SIGNATURE_THRESHOLD_SAM>0</SIGNATURE_THRESHOLD_SAM>
	</signature>
	<signature ID="20210512_104957384945_861">
		<MACROCLASSID>1</MACROCLASSID>
		<MACROCLASSINFO>waterbody</MACROCLASSINFO>
		<CLASSID>3</CLASSID>
		<CLASSINFO>C 1</CLASSINFO>
		<VALUES>[0.16398924707443177, 0.0014713666243358358, 0.1449012801209814, 0.0022351540130431495, 0.12204562751477123, 0.0026303971939205116, 0.07977073548031688, 0.008127508923322804, 0.025197425287393615, 0.007020271514712539, 0.013632008403770459, 0.004845727356526563]</VALUES>
		<LCS_MIN>[0.15564584732055664, 0.13186703622341156, 0.1075163260102272, 0.06633986532688141, 0.017096659168601036, 0.010203815996646881]</LCS_MIN>
		<LCS_MAX>[0.1675051599740982, 0.14854229986667633, 0.12939885258674622, 0.11477036774158478, 0.06224630028009415, 0.047948919236660004]</LCS_MAX>
		<WAVELENGTH>[0.48, 0.56, 0.655, 0.865, 1.61, 2.2]</WAVELENGTH>
		<MEAN_VALUE>[0.16398924707443177, 0.1449012801209814, 0.12204562751477123, 0.07977073548031688, 0.025197425287393615, 0.013632008403770459]</MEAN_VALUE>
		<CHECKBOX>2</CHECKBOX>
		<SD>[0.0014713666243358358, 0.0022351540130431495, 0.0026303971939205116, 0.008127508923322804, 0.007020271514712539, 0.004845727356526563]</SD>
		<WAVELENGTH_UNIT>E-6m</WAVELENGTH_UNIT>
		<COLOR>#d1c7dd</COLOR>
		<COVARIANCE_MATRIX>[[2.167017533658256e-06, 2.8788508950862406e-06, 2.4865003975546883e-06, -6.635429665041041e-06, -4.9089260848522785e-06, -2.8878199631676395e-06], [2.8788508950862406e-06, 5.00075446343953e-06, 4.821100959957433e-06, -1.1712818769128337e-05, -1.0263935001034521e-05, -6.636850006387706e-06], [2.4865003975546883e-06, 4.821100959957433e-06, 6.9256938448758665e-06, -8.530815587628554e-06, -7.950664023439668e-06, -4.917699944224028e-06], [-6.635429665041041e-06, -1.1712818769128337e-05, -8.530815587628554e-06, 6.612040943948503e-05, 5.105780300533404e-05, 3.232540202059615e-05], [-4.9089260848522785e-06, -1.0263935001034521e-05, -7.950664023439668e-06, 5.105780300533404e-05, 4.933196815980008e-05, 3.2971691166484065e-05], [-2.8878199631676395e-06, -6.636850006387706e-06, -4.917699944224028e-06, 3.232540202059615e-05, 3.2971691166484065e-05, 2.3503826592097844e-05]]</COVARIANCE_MATRIX>
		<ROI_SIZE>1033</ROI_SIZE>
		<MAX_VALUE>[0.1675051599740982, 0.14854229986667633, 0.12939885258674622, 0.11477036774158478, 0.06224630028009415, 0.047948919236660004]</MAX_VALUE>
		<MIN_VALUE>[0.15564584732055664, 0.13186703622341156, 0.1075163260102272, 0.06633986532688141, 0.017096659168601036, 0.010203815996646881]</MIN_VALUE>
		<SIGNATURE_THRESHOLD_MD>0</SIGNATURE_THRESHOLD_MD>
		<SIGNATURE_THRESHOLD_ML>0</SIGNATURE_THRESHOLD_ML>
		<SIGNATURE_THRESHOLD_SAM>0</SIGNATURE_THRESHOLD_SAM>
	</signature>
	<signature ID="20210512_105003337906_976">
		<MACROCLASSID>1</MACROCLASSID>
		<MACROCLASSINFO>waterbody</MACROCLASSINFO>
		<CLASSID>4</CLASSID>
		<CLASSINFO>C 1</CLASSINFO>
		<VALUES>[0.1622662880078511, 0.0009783898019411366, 0.1415703628212215, 0.0014014531801128584, 0.11323469954508325, 0.0015936603385050152, 0.08487197618793572, 0.007702958596850006, 0.027953388992076108, 0.0068678313225050665, 0.014509164368630287, 0.004409305616144089]</VALUES>
		<LCS_MIN>[0.15757222473621368, 0.1344556212425232, 0.1061919555068016, 0.07558047771453857, 0.019745435565710068, 0.010595106519758701]</LCS_MIN>
		<LCS_MAX>[0.16777604818344116, 0.14863258600234985, 0.12521499395370483, 0.12136222422122955, 0.06603886187076569, 0.046263329684734344]</LCS_MAX>
		<WAVELENGTH>[0.48, 0.56, 0.655, 0.865, 1.61, 2.2]</WAVELENGTH>
		<MEAN_VALUE>[0.1622662880078511, 0.1415703628212215, 0.11323469954508325, 0.08487197618793572, 0.027953388992076108, 0.014509164368630287]</MEAN_VALUE>
		<CHECKBOX>2</CHECKBOX>
		<SD>[0.0009783898019411366, 0.0014014531801128584, 0.0015936603385050152, 0.007702958596850006, 0.0068678313225050665, 0.004409305616144089]</SD>
		<WAVELENGTH_UNIT>E-6m</WAVELENGTH_UNIT>
		<COLOR>#374be6</COLOR>
		<COVARIANCE_MATRIX>[[9.58133765436354e-07, 1.2095404415534468e-06, 9.747293185604978e-07, -2.5474019007275836e-06, -1.348476479242224e-06, -5.910614553663338e-07], [1.2095404415534468e-06, 1.9658912857576775e-06, 1.5825156091259374e-06, -5.3876538139763285e-06, -3.223182066522088e-06, -1.6977312477988836e-06], [9.747293185604978e-07, 1.5825156091259374e-06, 2.542107077373332e-06, -1.5367000414001622e-06, 7.723614077703829e-07, 8.854546175047624e-07], [-2.5474019007275836e-06, -5.3876538139763285e-06, -1.5367000414001622e-06, 5.939056240627206e-05, 4.7899101762848246e-05, 2.9093610163681852e-05], [-1.348476479242224e-06, -3.223182066522088e-06, 7.723614077703829e-07, 4.7899101762848246e-05, 4.7210820797342274e-05, 2.9694143251138857e-05], [-5.910614553663338e-07, -1.6977312477988836e-06, 8.854546175047624e-07, 2.9093610163681852e-05, 2.9694143251138857e-05, 1.945999453001349e-05]]</COVARIANCE_MATRIX>
		<ROI_SIZE>1080</ROI_SIZE>
		<MAX_VALUE>[0.16777604818344116, 0.14863258600234985, 0.12521499395370483, 0.12136222422122955, 0.06603886187076569, 0.046263329684734344]</MAX_VALUE>
		<MIN_VALUE>[0.15757222473621368, 0.1344556212425232, 0.1061919555068016, 0.07558047771453857, 0.019745435565710068, 0.010595106519758701]</MIN_VALUE>
		<SIGNATURE_THRESHOLD_MD>0</SIGNATURE_THRESHOLD_MD>
		<SIGNATURE_THRESHOLD_ML>0</SIGNATURE_THRESHOLD_ML>
		<SIGNATURE_THRESHOLD_SAM>0</SIGNATURE_THRESHOLD_SAM>
	</signature>
	<signature ID="20210512_105927241772_380">
		<MACROCLASSID>1</MACROCLASSID>
		<MACROCLASSINFO>waterbody</MACROCLASSINFO>
		<CLASSID>5</CLASSID>
		<CLASSINFO>C 1</CLASSINFO>
		<VALUES>[0.15918234091877415, 0.0010089048803724773, 0.14468824693162183, 0.0020639387912515512, 0.12642611571639745, 0.009714521336306804, 0.058682365932560356, 0.010796439810873372, 0.015886295422122335, 0.0010283028729404526, 0.00830568868433357, 0.0005754273902061689]</VALUES>
		<LCS_MIN>[0.1553749442100525, 0.13584020733833313, 0.10321206599473953, 0.047948919236660004, 0.013906079344451427, 0.007013237103819847]</LCS_MIN>
		<LCS_MAX>[0.16232798993587494, 0.15046867728233337, 0.1497763842344284, 0.09364034980535507, 0.02432060055434704, 0.013605087995529175]</LCS_MAX>
		<WAVELENGTH>[0.48, 0.56, 0.655, 0.865, 1.61, 2.2]</WAVELENGTH>
		<MEAN_VALUE>[0.15918234091877415, 0.14468824693162183, 0.12642611571639745, 0.058682365932560356, 0.015886295422122335, 0.00830568868433357]</MEAN_VALUE>
		<CHECKBOX>2</CHECKBOX>
		<SD>[0.0010089048803724773, 0.0020639387912515512, 0.009714521336306804, 0.010796439810873372, 0.0010283028729404526, 0.0005754273902061689]</SD>
		<WAVELENGTH_UNIT>E-6m</WAVELENGTH_UNIT>
		<COLOR>#a2b5b8</COLOR>
		<COVARIANCE_MATRIX>[[1.26848371817539e-06, 1.935574569201825e-06, 4.506555439933825e-06, 2.5607613426706035e-06, 4.200912786133941e-07, 2.469943305289134e-07], [1.935574569201825e-06, 4.956644010830643e-06, 1.705392631075231e-05, 1.1307706270369454e-05, 8.037616737096517e-07, 4.3333734309087196e-07], [4.506555439933825e-06, 1.705392631075231e-05, 9.579559505564067e-05, 8.574927663105434e-05, 5.302718723917901e-06, 2.6602903908082124e-06], [2.5607613426706035e-06, 1.1307706270369454e-05, 8.574927663105434e-05, 9.904558754658057e-05, 6.731882209599533e-06, 3.332517095669362e-06], [4.200912786133941e-07, 8.037616737096517e-07, 5.302718723917901e-06, 6.731882209599533e-06, 8.768915111257086e-07, 4.679290608415108e-07], [2.469943305289134e-07, 4.3333734309087196e-07, 2.6602903908082124e-06, 3.332517095669362e-06, 4.679290608415108e-07, 2.9519874529721973e-07]]</COVARIANCE_MATRIX>
		<ROI_SIZE>8532</ROI_SIZE>
		<MAX_VALUE>[0.16232798993587494, 0.15046867728233337, 0.1497763842344284, 0.09364034980535507, 0.02432060055434704, 0.013605087995529175]</MAX_VALUE>
		<MIN_VALUE>[0.1553749442100525, 0.13584020733833313, 0.10321206599473953, 0.047948919236660004, 0.013906079344451427, 0.007013237103819847]</MIN_VALUE>
		<SIGNATURE_THRESHOLD_MD>0</SIGNATURE_THRESHOLD_MD>
		<SIGNATURE_THRESHOLD_ML>0</SIGNATURE_THRESHOLD_ML>
		<SIGNATURE_THRESHOLD_SAM>0</SIGNATURE_THRESHOLD_SAM>
	</signature>
	<signature ID="20210512_105933514528_434">
		<MACROCLASSID>1</MACROCLASSID>
		<MACROCLASSINFO>waterbody</MACROCLASSINFO>
		<CLASSID>6</CLASSID>
		<CLASSINFO>C 1</CLASSINFO>
		<VALUES>[0.15270737836902407, 0.005064014264532484, 0.1266481438691446, 0.007737650835733399, 0.09694838057233147, 0.008781851131901145, 0.046787305093544604, 0.005987789579023641, 0.015512247683590172, 0.004571064218766867, 0.008443775641104434, 0.0032671756774077416]</VALUES>
		<LCS_MIN>[0.1439671367406845, 0.11179050803184509, 0.08280443400144577, 0.04027346149086952, 0.011979702860116959, 0.005959750153124332]</LCS_MIN>
		<LCS_MAX>[0.1828259378671646, 0.16130459308624268, 0.13222824037075043, 0.08458030968904495, 0.053095970302820206, 0.03645080327987671]</LCS_MAX>
		<WAVELENGTH>[0.48, 0.56, 0.655, 0.865, 1.61, 2.2]</WAVELENGTH>
		<MEAN_VALUE>[0.15270737836902407, 0.1266481438691446, 0.09694838057233147, 0.046787305093544604, 0.015512247683590172, 0.008443775641104434]</MEAN_VALUE>
		<CHECKBOX>2</CHECKBOX>
		<SD>[0.005064014264532484, 0.007737650835733399, 0.008781851131901145, 0.005987789579023641, 0.004571064218766867, 0.0032671756774077416]</SD>
		<WAVELENGTH_UNIT>E-6m</WAVELENGTH_UNIT>
		<COLOR>#14b753</COLOR>
		<COVARIANCE_MATRIX>[[2.22207101164241e-05, 3.1579031929142426e-05, 2.8912855984579137e-05, 1.9863140961260875e-05, 1.6166156661807612e-05, 1.1338478084437602e-05], [3.1579031929142426e-05, 5.078005589029255e-05, 4.9863943542649055e-05, 2.7300853223548854e-05, 2.0509824257896057e-05, 1.4297763582193869e-05], [2.8912855984579137e-05, 4.9863943542649055e-05, 6.36595161912434e-05, 3.2664042824180336e-05, 1.969701442358183e-05, 1.3575093053337843e-05], [1.9863140961260875e-05, 2.7300853223548854e-05, 3.2664042824180336e-05, 2.798010289465269e-05, 1.8761130594228816e-05, 1.2923090830879852e-05], [1.6166156661807612e-05, 2.0509824257896057e-05, 1.969701442358183e-05, 1.8761130594228816e-05, 1.641643989134673e-05, 1.1530534662668876e-05], [1.1338478084437602e-05, 1.4297763582193869e-05, 1.3575093053337843e-05, 1.2923090830879852e-05, 1.1530534662668876e-05, 8.19643177533485e-06]]</COVARIANCE_MATRIX>
		<ROI_SIZE>9991</ROI_SIZE>
		<MAX_VALUE>[0.1828259378671646, 0.16130459308624268, 0.13222824037075043, 0.08458030968904495, 0.053095970302820206, 0.03645080327987671]</MAX_VALUE>
		<MIN_VALUE>[0.1439671367406845, 0.11179050803184509, 0.08280443400144577, 0.04027346149086952, 0.011979702860116959, 0.005959750153124332]</MIN_VALUE>
		<SIGNATURE_THRESHOLD_MD>0</SIGNATURE_THRESHOLD_MD>
		<SIGNATURE_THRESHOLD_ML>0</SIGNATURE_THRESHOLD_ML>
		<SIGNATURE_THRESHOLD_SAM>0</SIGNATURE_THRESHOLD_SAM>
	</signature>
	<signature ID="20210512_105937740628_871">
		<MACROCLASSID>1</MACROCLASSID>
		<MACROCLASSINFO>waterbody</MACROCLASSINFO>
		<CLASSID>7</CLASSID>
		<CLASSINFO>C 1</CLASSINFO>
		<VALUES>[0.1521212582370643, 0.0009023568182605056, 0.133195853294385, 0.0011718362932112006, 0.11388161770125341, 0.0023831402827639205, 0.07287711403861608, 0.009214049469704968, 0.025994806534834384, 0.00848261483539859, 0.01428745816213737, 0.0052577731627192065]</VALUES>
		<LCS_MIN>[0.1485724002122879, 0.12675008177757263, 0.1075163260102272, 0.06140350550413132, 0.018752140924334526, 0.009541619569063187]</LCS_MIN>
		<LCS_MAX>[0.1544719636440277, 0.13571979105472565, 0.12157291918992996, 0.10453645884990692, 0.061463698744773865, 0.04153766483068466]</LCS_MAX>
		<WAVELENGTH>[0.48, 0.56, 0.655, 0.865, 1.61, 2.2]</WAVELENGTH>
		<MEAN_VALUE>[0.1521212582370643, 0.133195853294385, 0.11388161770125341, 0.07287711403861608, 0.025994806534834384, 0.01428745816213737]</MEAN_VALUE>
		<CHECKBOX>2</CHECKBOX>
		<SD>[0.0009023568182605056, 0.0011718362932112006, 0.0023831402827639205, 0.009214049469704968, 0.00848261483539859, 0.0052577731627192065]</SD>
		<WAVELENGTH_UNIT>E-6m</WAVELENGTH_UNIT>
		<COLOR>#b19c3f</COLOR>
		<COVARIANCE_MATRIX>[[8.157669465423656e-07, 9.022082591635231e-07, 1.2803529172147892e-06, -5.957727127559454e-07, -6.859394679609528e-07, -2.9567282659405013e-07], [9.022082591635231e-07, 1.3757622389416396e-06, 1.5397422980573003e-06, -3.154408728633944e-06, -2.882732733466668e-06, -1.6284064571569511e-06], [1.2803529172147892e-06, 1.5397422980573003e-06, 5.689953423763703e-06, 9.51742142638362e-06, 8.99260513167239e-06, 5.666900424555993e-06], [-5.957727127559454e-07, -3.154408728633944e-06, 9.51742142638362e-06, 8.50571007414206e-05, 7.17071612535958e-05, 4.296791099344889e-05], [-6.859394679609528e-07, -2.882732733466668e-06, 8.99260513167239e-06, 7.17071612535958e-05, 7.208899839058579e-05, 4.409749186773323e-05], [-2.9567282659405013e-07, -1.6284064571569511e-06, 5.666900424555993e-06, 4.296791099344889e-05, 4.409749186773323e-05, 2.7695753590742036e-05]]</COVARIANCE_MATRIX>
		<ROI_SIZE>537</ROI_SIZE>
		<MAX_VALUE>[0.1544719636440277, 0.13571979105472565, 0.12157291918992996, 0.10453645884990692, 0.061463698744773865, 0.04153766483068466]</MAX_VALUE>
		<MIN_VALUE>[0.1485724002122879, 0.12675008177757263, 0.1075163260102272, 0.06140350550413132, 0.018752140924334526, 0.009541619569063187]</MIN_VALUE>
		<SIGNATURE_THRESHOLD_MD>0</SIGNATURE_THRESHOLD_MD>
		<SIGNATURE_THRESHOLD_ML>0</SIGNATURE_THRESHOLD_ML>
		<SIGNATURE_THRESHOLD_SAM>0</SIGNATURE_THRESHOLD_SAM>
	</signature>
	<signature ID="20210512_105944428738_993">
		<MACROCLASSID>1</MACROCLASSID>
		<MACROCLASSINFO>waterbody</MACROCLASSINFO>
		<CLASSID>8</CLASSID>
		<CLASSINFO>C 1</CLASSINFO>
		<VALUES>[0.1593948937384914, 0.0013625233550047448, 0.13451011796760448, 0.0015701698662474461, 0.11127269415613551, 0.0023673767803290263, 0.07031032651567234, 0.006596073696717999, 0.024948710919251067, 0.005919646805520475, 0.014014460956759945, 0.0043451709536403895]</VALUES>
		<LCS_MIN>[0.1551341563463211, 0.12795408070087433, 0.10694443434476852, 0.06396198272705078, 0.018842438235878944, 0.010173709131777287]</LCS_MIN>
		<LCS_MAX>[0.16311058402061462, 0.13912107050418854, 0.12587717175483704, 0.1066434308886528, 0.061674389988183975, 0.04466802999377251]</LCS_MAX>
		<WAVELENGTH>[0.48, 0.56, 0.655, 0.865, 1.61, 2.2]</WAVELENGTH>
		<MEAN_VALUE>[0.1593948937384914, 0.13451011796760448, 0.11127269415613551, 0.07031032651567234, 0.024948710919251067, 0.014014460956759945]</MEAN_VALUE>
		<CHECKBOX>2</CHECKBOX>
		<SD>[0.0013625233550047448, 0.0015701698662474461, 0.0023673767803290263, 0.006596073696717999, 0.005919646805520475, 0.0043451709536403895]</SD>
		<WAVELENGTH_UNIT>E-6m</WAVELENGTH_UNIT>
		<COLOR>#7cf413</COLOR>
		<COVARIANCE_MATRIX>[[1.8579598366673902e-06, 2.0628331107786185e-06, 1.5117688694111383e-06, 9.066540213876163e-07, 6.148495602198838e-07, 5.638768874416885e-07], [2.0628331107786185e-06, 2.467412087370181e-06, 1.9742460857583654e-06, 1.4187165441112783e-06, 1.0959275998765264e-06, 9.55263037121355e-07], [1.5117688694111383e-06, 1.9742460857583654e-06, 5.608970791806674e-06, 1.139318327752695e-05, 9.889577465985231e-06, 7.331924056952218e-06], [9.066540213876163e-07, 1.4187165441112783e-06, 1.139318327752695e-05, 4.35431065016302e-05, 3.675198731113351e-05, 2.5689130273827103e-05], [6.148495602198838e-07, 1.0959275998765264e-06, 9.889577465985231e-06, 3.675198731113351e-05, 3.507034207281676e-05, 2.5246186768779785e-05], [5.638768874416885e-07, 9.55263037121355e-07, 7.331924056952218e-06, 2.5689130273827103e-05, 2.5246186768779785e-05, 1.889566351412606e-05]]</COVARIANCE_MATRIX>
		<ROI_SIZE>1247</ROI_SIZE>
		<MAX_VALUE>[0.16311058402061462, 0.13912107050418854, 0.12587717175483704, 0.1066434308886528, 0.061674389988183975, 0.04466802999377251]</MAX_VALUE>
		<MIN_VALUE>[0.1551341563463211, 0.12795408070087433, 0.10694443434476852, 0.06396198272705078, 0.018842438235878944, 0.010173709131777287]</MIN_VALUE>
		<SIGNATURE_THRESHOLD_MD>0</SIGNATURE_THRESHOLD_MD>
		<SIGNATURE_THRESHOLD_ML>0</SIGNATURE_THRESHOLD_ML>
		<SIGNATURE_THRESHOLD_SAM>0</SIGNATURE_THRESHOLD_SAM>
	</signature>
	<signature ID="20210512_105948413000_885">
		<MACROCLASSID>1</MACROCLASSID>
		<MACROCLASSINFO>waterbody</MACROCLASSINFO>
		<CLASSID>9</CLASSID>
		<CLASSINFO>C 1</CLASSINFO>
		<VALUES>[0.16084349370057446, 0.0012254864762510243, 0.13606161693914232, 0.0012021962469142488, 0.11167230697673396, 0.0023531849089039017, 0.0741038044179798, 0.006860429641400826, 0.026532820584850594, 0.006356390238368076, 0.014892388008739967, 0.004802955710697108]</VALUES>
		<LCS_MIN>[0.1578732281923294, 0.13340212404727936, 0.10778722912073135, 0.06721275299787521, 0.018752140924334526, 0.011558305472135544]</LCS_MIN>
		<LCS_MAX>[0.16690315306186676, 0.14285343885421753, 0.12650927901268005, 0.10899122059345245, 0.06248708814382553, 0.04463793337345123]</LCS_MAX>
		<WAVELENGTH>[0.48, 0.56, 0.655, 0.865, 1.61, 2.2]</WAVELENGTH>
		<MEAN_VALUE>[0.16084349370057446, 0.13606161693914232, 0.11167230697673396, 0.0741038044179798, 0.026532820584850594, 0.014892388008739967]</MEAN_VALUE>
		<CHECKBOX>2</CHECKBOX>
		<SD>[0.0012254864762510243, 0.0012021962469142488, 0.0023531849089039017, 0.006860429641400826, 0.006356390238368076, 0.004802955710697108]</SD>
		<WAVELENGTH_UNIT>E-6m</WAVELENGTH_UNIT>
		<COLOR>#7d206a</COLOR>
		<COVARIANCE_MATRIX>[[1.5031961825404839e-06, 1.3232734033997043e-06, 1.7533957250324194e-06, 3.8035366809923674e-06, 2.767688998028503e-06, 2.1404020188733454e-06], [1.3232734033997043e-06, 1.446602974787039e-06, 1.9995696356851234e-06, 4.053886046330719e-06, 3.2217062632714613e-06, 2.4820777606306755e-06], [1.7533957250324194e-06, 1.9995696356851234e-06, 5.5425641367193415e-06, 1.3592050867180242e-05, 1.1745856297160312e-05, 8.828722011993715e-06], [3.8035366809923674e-06, 4.053886046330719e-06, 1.3592050867180242e-05, 4.710871386815991e-05, 4.11593288030986e-05, 2.992245825304204e-05], [2.767688998028503e-06, 3.2217062632714613e-06, 1.1745856297160312e-05, 4.11593288030986e-05, 4.04407985124324e-05, 3.0062386407921852e-05], [2.1404020188733454e-06, 2.4820777606306755e-06, 8.828722011993715e-06, 2.992245825304204e-05, 3.0062386407921852e-05, 2.3089566647585498e-05]]</COVARIANCE_MATRIX>
		<ROI_SIZE>1090</ROI_SIZE>
		<MAX_VALUE>[0.16690315306186676, 0.14285343885421753, 0.12650927901268005, 0.10899122059345245, 0.06248708814382553, 0.04463793337345123]</MAX_VALUE>
		<MIN_VALUE>[0.1578732281923294, 0.13340212404727936, 0.10778722912073135, 0.06721275299787521, 0.018752140924334526, 0.011558305472135544]</MIN_VALUE>
		<SIGNATURE_THRESHOLD_MD>0</SIGNATURE_THRESHOLD_MD>
		<SIGNATURE_THRESHOLD_ML>0</SIGNATURE_THRESHOLD_ML>
		<SIGNATURE_THRESHOLD_SAM>0</SIGNATURE_THRESHOLD_SAM>
	</signature>
	<signature ID="20210512_105953783376_929">
		<MACROCLASSID>1</MACROCLASSID>
		<MACROCLASSINFO>waterbody</MACROCLASSINFO>
		<CLASSID>10</CLASSID>
		<CLASSINFO>C 1</CLASSINFO>
		<VALUES>[0.15416015931417504, 0.0014843175812217213, 0.13128391591926084, 0.0015736139509766728, 0.10316269040978837, 0.0027037127823734738, 0.06725517123858424, 0.006944398701104329, 0.02315491972783163, 0.005700637427537788, 0.012879997677441125, 0.003878086566348367]</VALUES>
		<LCS_MIN>[0.14920450747013092, 0.12494409084320068, 0.09839611500501633, 0.06007911264896393, 0.017247160896658897, 0.00963191781193018]</LCS_MIN>
		<LCS_MAX>[0.15823441743850708, 0.1349974125623703, 0.11455968022346497, 0.10441605746746063, 0.058935314416885376, 0.04201926290988922]</LCS_MAX>
		<WAVELENGTH>[0.48, 0.56, 0.655, 0.865, 1.61, 2.2]</WAVELENGTH>
		<MEAN_VALUE>[0.15416015931417504, 0.13128391591926084, 0.10316269040978837, 0.06725517123858424, 0.02315491972783163, 0.012879997677441125]</MEAN_VALUE>
		<CHECKBOX>2</CHECKBOX>
		<SD>[0.0014843175812217213, 0.0015736139509766728, 0.0027037127823734738, 0.006944398701104329, 0.005700637427537788, 0.003878086566348367]</SD>
		<WAVELENGTH_UNIT>E-6m</WAVELENGTH_UNIT>
		<COLOR>#9cdb25</COLOR>
		<COVARIANCE_MATRIX>[[2.2051518722446926e-06, 2.2108484444078824e-06, 1.5302328169987914e-06, 1.4495510123441683e-07, 2.5215010655020813e-08, 3.1111217181066646e-07], [2.2108484444078824e-06, 2.47845613343409e-06, 2.157006918690162e-06, 6.890080775980226e-07, 6.79230016420356e-07, 8.00828244716256e-07], [1.5302328169987914e-06, 2.157006918690162e-06, 7.316543361705925e-06, 1.2347147466423345e-05, 1.0508747967539991e-05, 7.64300356381663e-06], [1.4495510123441683e-07, 6.890080775980226e-07, 1.2347147466423345e-05, 4.826742568986392e-05, 3.30367741410956e-05, 2.126062225299333e-05], [2.5215010655020813e-08, 6.79230016420356e-07, 1.0508747967539991e-05, 3.30367741410956e-05, 3.252607671418109e-05, 2.1389089453395237e-05], [3.1111217181066646e-07, 8.00828244716256e-07, 7.64300356381663e-06, 2.126062225299333e-05, 2.1389089453395237e-05, 1.5052888355290316e-05]]</COVARIANCE_MATRIX>
		<ROI_SIZE>1129</ROI_SIZE>
		<MAX_VALUE>[0.15823441743850708, 0.1349974125623703, 0.11455968022346497, 0.10441605746746063, 0.058935314416885376, 0.04201926290988922]</MAX_VALUE>
		<MIN_VALUE>[0.14920450747013092, 0.12494409084320068, 0.09839611500501633, 0.06007911264896393, 0.017247160896658897, 0.00963191781193018]</MIN_VALUE>
		<SIGNATURE_THRESHOLD_MD>0</SIGNATURE_THRESHOLD_MD>
		<SIGNATURE_THRESHOLD_ML>0</SIGNATURE_THRESHOLD_ML>
		<SIGNATURE_THRESHOLD_SAM>0</SIGNATURE_THRESHOLD_SAM>
	</signature>
	<signature ID="20210512_110006641409_862">
		<MACROCLASSID>1</MACROCLASSID>
		<MACROCLASSINFO>waterbody</MACROCLASSINFO>
		<CLASSID>11</CLASSID>
		<CLASSINFO>C 1</CLASSINFO>
		<VALUES>[0.162300511261596, 0.0014144539379428744, 0.1395392729995109, 0.0015927335670106316, 0.11241365346584217, 0.002536108053863194, 0.07286445548137051, 0.007133758697516232, 0.023139751465685806, 0.005176317413144591, 0.012326330107741337, 0.0034530231269886635]</VALUES>
		<LCS_MIN>[0.1581140160560608, 0.13222824037075043, 0.10552975535392761, 0.06308909505605698, 0.018752140924334526, 0.009511512704193592]</LCS_MIN>
		<LCS_MAX>[0.16639146208763123, 0.14339524507522583, 0.1238303929567337, 0.11380717158317566, 0.06182489171624184, 0.04572151601314545]</LCS_MAX>
		<WAVELENGTH>[0.48, 0.56, 0.655, 0.865, 1.61, 2.2]</WAVELENGTH>
		<MEAN_VALUE>[0.162300511261596, 0.1395392729995109, 0.11241365346584217, 0.07286445548137051, 0.023139751465685806, 0.012326330107741337]</MEAN_VALUE>
		<CHECKBOX>2</CHECKBOX>
		<SD>[0.0014144539379428744, 0.0015927335670106316, 0.002536108053863194, 0.007133758697516232, 0.005176317413144591, 0.0034530231269886635]</SD>
		<WAVELENGTH_UNIT>E-6m</WAVELENGTH_UNIT>
		<COLOR>#1d4a92</COLOR>
		<COVARIANCE_MATRIX>[[2.0016014902094765e-06, 2.0340404116746635e-06, 2.845038827835358e-06, 2.7327398645496366e-06, 6.282926051201077e-07, 2.286765026982526e-07], [2.0340404116746635e-06, 2.5379687093633513e-06, 3.454404494095205e-06, 1.6410526892824508e-06, -2.7376619958318385e-07, -3.3796186392141226e-07], [2.845038827835358e-06, 3.454404494095205e-06, 6.434806679046122e-06, 7.701796820176743e-06, 3.4786579441458834e-06, 2.1381901993459975e-06], [2.7327398645496366e-06, 1.6410526892824508e-06, 7.701796820176743e-06, 5.091395420144165e-05, 3.1503962394287824e-05, 1.9637488795005317e-05], [6.282926051201077e-07, -2.7376619958318385e-07, 3.4786579441458834e-06, 3.1503962394287824e-05, 2.6806603860270487e-05, 1.7504618380347827e-05], [2.286765026982526e-07, -3.3796186392141226e-07, 2.1381901993459975e-06, 1.9637488795005317e-05, 1.7504618380347827e-05, 1.1928860824553849e-05]]</COVARIANCE_MATRIX>
		<ROI_SIZE>2172</ROI_SIZE>
		<MAX_VALUE>[0.16639146208763123, 0.14339524507522583, 0.1238303929567337, 0.11380717158317566, 0.06182489171624184, 0.04572151601314545]</MAX_VALUE>
		<MIN_VALUE>[0.1581140160560608, 0.13222824037075043, 0.10552975535392761, 0.06308909505605698, 0.018752140924334526, 0.009511512704193592]</MIN_VALUE>
		<SIGNATURE_THRESHOLD_MD>0</SIGNATURE_THRESHOLD_MD>
		<SIGNATURE_THRESHOLD_ML>0</SIGNATURE_THRESHOLD_ML>
		<SIGNATURE_THRESHOLD_SAM>0</SIGNATURE_THRESHOLD_SAM>
	</signature>
	<signature ID="20210512_110011015716_848">
		<MACROCLASSID>1</MACROCLASSID>
		<MACROCLASSINFO>waterbody</MACROCLASSINFO>
		<CLASSID>12</CLASSID>
		<CLASSINFO>C 1</CLASSINFO>
		<VALUES>[0.160792534922222, 0.001053426086428586, 0.13793385897735147, 0.001243305058698, 0.11136294919134655, 0.00176040841885129, 0.07384495309754523, 0.006621450039404372, 0.02409985359905326, 0.005656038023285657, 0.012963701397997695, 0.004064860565519978]</VALUES>
		<LCS_MIN>[0.15706053376197815, 0.1299707591533661, 0.10495784878730774, 0.06703215837478638, 0.017186958342790604, 0.010143613442778587]</LCS_MIN>
		<LCS_MAX>[0.16946163773536682, 0.14712762832641602, 0.1282249540090561, 0.10896112024784088, 0.060410209000110626, 0.04334363713860512]</LCS_MAX>
		<WAVELENGTH>[0.48, 0.56, 0.655, 0.865, 1.61, 2.2]</WAVELENGTH>
		<MEAN_VALUE>[0.160792534922222, 0.13793385897735147, 0.11136294919134655, 0.07384495309754523, 0.02409985359905326, 0.012963701397997695]</MEAN_VALUE>
		<CHECKBOX>2</CHECKBOX>
		<SD>[0.001053426086428586, 0.001243305058698, 0.00176040841885129, 0.006621450039404372, 0.005656038023285657, 0.004064860565519978]</SD>
		<WAVELENGTH_UNIT>E-6m</WAVELENGTH_UNIT>
		<COLOR>#ccbffe</COLOR>
		<COVARIANCE_MATRIX>[[1.1104629657303188e-06, 1.101525580285521e-06, 1.0950086896376216e-06, -9.854884510310127e-07, -6.853161118489119e-07, -2.3487697888220498e-07], [1.101525580285521e-06, 1.546861189140127e-06, 1.5684461332833955e-06, -2.3155036458981053e-06, -1.999102379162153e-06, -1.1469404397444054e-06], [1.0950086896376216e-06, 1.5684461332833955e-06, 3.101150301367866e-06, 3.047087177548279e-06, 2.864817898691769e-06, 2.474683111728551e-06], [-9.854884510310127e-07, -2.3155036458981053e-06, 3.047087177548279e-06, 4.387348719598755e-05, 3.4635136230164285e-05, 2.3354673999604335e-05], [-6.853161118489119e-07, -1.999102379162153e-06, 2.864817898691769e-06, 3.4635136230164285e-05, 3.201257305072421e-05, 2.245345191318892e-05], [-2.3487697888220498e-07, -1.1469404397444054e-06, 2.474683111728551e-06, 2.3354673999604335e-05, 2.245345191318892e-05, 1.65343546014528e-05]]</COVARIANCE_MATRIX>
		<ROI_SIZE>1468</ROI_SIZE>
		<MAX_VALUE>[0.16946163773536682, 0.14712762832641602, 0.1282249540090561, 0.10896112024784088, 0.060410209000110626, 0.04334363713860512]</MAX_VALUE>
		<MIN_VALUE>[0.15706053376197815, 0.1299707591533661, 0.10495784878730774, 0.06703215837478638, 0.017186958342790604, 0.010143613442778587]</MIN_VALUE>
		<SIGNATURE_THRESHOLD_MD>0</SIGNATURE_THRESHOLD_MD>
		<SIGNATURE_THRESHOLD_ML>0</SIGNATURE_THRESHOLD_ML>
		<SIGNATURE_THRESHOLD_SAM>0</SIGNATURE_THRESHOLD_SAM>
	</signature>
	<signature ID="20210512_110014851173_137">
		<MACROCLASSID>1</MACROCLASSID>
		<MACROCLASSINFO>waterbody</MACROCLASSINFO>
		<CLASSID>13</CLASSID>
		<CLASSINFO>C 1</CLASSINFO>
		<VALUES>[0.16617357250669104, 0.0016835450456989523, 0.1430987476861113, 0.002900760346123081, 0.11529790157333795, 0.005192385515534695, 0.0739170845323433, 0.006717440599234586, 0.022371552461984367, 0.004293216634761118, 0.011216427604304444, 0.0028730761962127145]</VALUES>
		<LCS_MIN>[0.15976950526237488, 0.1334623247385025, 0.10580063611268997, 0.06510578095912933, 0.016705358400940895, 0.008999817073345184]</LCS_MIN>
		<LCS_MAX>[0.1726522147655487, 0.15423114597797394, 0.1376160979270935, 0.10884071886539459, 0.05974801257252693, 0.03876849263906479]</LCS_MAX>
		<WAVELENGTH>[0.48, 0.56, 0.655, 0.865, 1.61, 2.2]</WAVELENGTH>
		<MEAN_VALUE>[0.16617357250669104, 0.1430987476861113, 0.11529790157333795, 0.0739170845323433, 0.022371552461984367, 0.011216427604304444]</MEAN_VALUE>
		<CHECKBOX>2</CHECKBOX>
		<SD>[0.0016835450456989523, 0.002900760346123081, 0.005192385515534695, 0.006717440599234586, 0.004293216634761118, 0.0028730761962127145]</SD>
		<WAVELENGTH_UNIT>E-6m</WAVELENGTH_UNIT>
		<COLOR>#e5ffe1</COLOR>
		<COVARIANCE_MATRIX>[[3.680642429465416e-06, 4.588239483482761e-06, 4.806760130726646e-06, -2.6176223347525194e-06, -2.223953282378767e-06, -1.413040511260237e-06], [4.588239483482761e-06, 8.953090417074771e-06, 1.4044836877123605e-05, 1.2127768629494727e-06, -2.036831182717364e-06, -1.3926480714332e-06], [4.806760130726646e-06, 1.4044836877123605e-05, 3.134600660384682e-05, 1.4504749130648885e-05, 2.4038612813031065e-06, 1.354513448451117e-06], [-2.6176223347525194e-06, 1.2127768629494727e-06, 1.4504749130648885e-05, 4.3002106243196464e-05, 2.259869452278325e-05, 1.3944046223865063e-05], [-2.223953282378767e-06, -2.036831182717364e-06, 2.4038612813031065e-06, 2.259869452278325e-05, 1.6727728434212378e-05, 1.0784972330882061e-05], [-1.413040511260237e-06, -1.3926480714332e-06, 1.354513448451117e-06, 1.3944046223865063e-05, 1.0784972330882061e-05, 7.236403711099354e-06]]</COVARIANCE_MATRIX>
		<ROI_SIZE>4812</ROI_SIZE>
		<MAX_VALUE>[0.1726522147655487, 0.15423114597797394, 0.1376160979270935, 0.10884071886539459, 0.05974801257252693, 0.03876849263906479]</MAX_VALUE>
		<MIN_VALUE>[0.15976950526237488, 0.1334623247385025, 0.10580063611268997, 0.06510578095912933, 0.016705358400940895, 0.008999817073345184]</MIN_VALUE>
		<SIGNATURE_THRESHOLD_MD>0</SIGNATURE_THRESHOLD_MD>
		<SIGNATURE_THRESHOLD_ML>0</SIGNATURE_THRESHOLD_ML>
		<SIGNATURE_THRESHOLD_SAM>0</SIGNATURE_THRESHOLD_SAM>
	</signature>
	<signature ID="20210512_110022823540_940">
		<MACROCLASSID>1</MACROCLASSID>
		<MACROCLASSINFO>waterbody</MACROCLASSINFO>
		<CLASSID>14</CLASSID>
		<CLASSINFO>C 1</CLASSINFO>
		<VALUES>[0.14591990069225774, 0.002045372799391712, 0.13187802947240299, 0.003139946675612189, 0.11143376611612522, 0.0038516257964657636, 0.05942665140416772, 0.01048235031782556, 0.01999591046692676, 0.008656951653517745, 0.01166558775669298, 0.00578552952818167]</VALUES>
		<LCS_MIN>[0.1337934136390686, 0.10950291156768799, 0.09162366390228271, 0.05065789818763733, 0.013725482858717442, 0.007555028423666954]</LCS_MIN>
		<LCS_MAX>[0.15275627374649048, 0.14520122110843658, 0.14161935448646545, 0.10065358877182007, 0.06155400723218918, 0.05207258090376854]</LCS_MAX>
		<WAVELENGTH>[0.48, 0.56, 0.655, 0.865, 1.61, 2.2]</WAVELENGTH>
		<MEAN_VALUE>[0.14591990069225774, 0.13187802947240299, 0.11143376611612522, 0.05942665140416772, 0.01999591046692676, 0.01166558775669298]</MEAN_VALUE>
		<CHECKBOX>2</CHECKBOX>
		<SD>[0.002045372799391712, 0.003139946675612189, 0.0038516257964657636, 0.01048235031782556, 0.008656951653517745, 0.00578552952818167]</SD>
		<WAVELENGTH_UNIT>E-6m</WAVELENGTH_UNIT>
		<COLOR>#d26c89</COLOR>
		<COVARIANCE_MATRIX>[[4.18620442522272e-06, 5.920059877331232e-06, 7.124359413975422e-06, -9.323096984188045e-06, -7.228156121593823e-06, -4.085858504459505e-06], [5.920059877331232e-06, 9.865521004574908e-06, 1.058448640588859e-05, -1.932441214069514e-05, -1.4359618504380722e-05, -8.236708582259457e-06], [7.124359413975422e-06, 1.058448640588859e-05, 1.4844434360566531e-05, -1.0833909746086243e-05, -7.5438420348660525e-06, -3.4499051763563145e-06], [-9.323096984188045e-06, -1.932441214069514e-05, -1.0833909746086243e-05, 0.000109949388787258, 8.119292189283814e-05, 5.064848722443216e-05], [-7.228156121593823e-06, -1.4359618504380722e-05, -7.5438420348660525e-06, 8.119292189283814e-05, 7.499036447698523e-05, 4.870450901955101e-05], [-4.085858504459505e-06, -8.236708582259457e-06, -3.4499051763563145e-06, 5.064848722443216e-05, 4.870450901955101e-05, 3.349359072344264e-05]]</COVARIANCE_MATRIX>
		<ROI_SIZE>1577</ROI_SIZE>
		<MAX_VALUE>[0.15275627374649048, 0.14520122110843658, 0.14161935448646545, 0.10065358877182007, 0.06155400723218918, 0.05207258090376854]</MAX_VALUE>
		<MIN_VALUE>[0.1337934136390686, 0.10950291156768799, 0.09162366390228271, 0.05065789818763733, 0.013725482858717442, 0.007555028423666954]</MIN_VALUE>
		<SIGNATURE_THRESHOLD_MD>0</SIGNATURE_THRESHOLD_MD>
		<SIGNATURE_THRESHOLD_ML>0</SIGNATURE_THRESHOLD_ML>
		<SIGNATURE_THRESHOLD_SAM>0</SIGNATURE_THRESHOLD_SAM>
	</signature>
	<signature ID="20210512_110028576974_491">
		<MACROCLASSID>1</MACROCLASSID>
		<MACROCLASSINFO>waterbody</MACROCLASSINFO>
		<CLASSID>15</CLASSID>
		<CLASSINFO>C 1</CLASSINFO>
		<VALUES>[0.1517642748227224, 0.00116538502069481, 0.13850785271175609, 0.00239274606283946, 0.1143087609560983, 0.00216383781562084, 0.06417701023899755, 0.00797494489760841, 0.022671639513442584, 0.00827907290140345, 0.013865557690663112, 0.006407067453509529]</VALUES>
		<LCS_MIN>[0.1411377489566803, 0.12036892771720886, 0.09643961489200592, 0.057099226862192154, 0.012401100248098373, 0.008096830919384956]</LCS_MIN>
		<LCS_MAX>[0.15675953030586243, 0.14493033289909363, 0.12629857659339905, 0.09839611500501633, 0.0577012300491333, 0.0453302264213562]</LCS_MAX>
		<WAVELENGTH>[0.48, 0.56, 0.655, 0.865, 1.61, 2.2]</WAVELENGTH>
		<MEAN_VALUE>[0.1517642748227224, 0.13850785271175609, 0.1143087609560983, 0.06417701023899755, 0.022671639513442584, 0.013865557690663112]</MEAN_VALUE>
		<CHECKBOX>2</CHECKBOX>
		<SD>[0.00116538502069481, 0.00239274606283946, 0.00216383781562084, 0.00797494489760841, 0.00827907290140345, 0.006407067453509529]</SD>
		<WAVELENGTH_UNIT>E-6m</WAVELENGTH_UNIT>
		<COLOR>#67ca88</COLOR>
		<COVARIANCE_MATRIX>[[1.3595194915693558e-06, 2.3007838780414502e-06, 2.138443525091967e-06, -2.884562610531282e-06, -2.552243654207757e-06, -1.7732057868284713e-06], [2.3007838780414502e-06, 5.731123879383149e-06, 4.211027921120541e-06, -1.2086972187978198e-05, -1.261635395776764e-05, -9.755649452796095e-06], [2.138443525091967e-06, 4.211027921120541e-06, 4.687011164422134e-06, -4.2386230964766656e-06, -4.0884599284336955e-06, -2.9554594613110073e-06], [-2.884562610531282e-06, -1.2086972187978198e-05, -4.2386230964766656e-06, 6.36651779574624e-05, 6.142677997014667e-05, 4.594261243091305e-05], [-2.552243654207757e-06, -1.261635395776764e-05, -4.0884599284336955e-06, 6.142677997014667e-05, 6.861356564595747e-05, 5.236927412602243e-05], [-1.7732057868284713e-06, -9.755649452796095e-06, -2.9554594613110073e-06, 4.594261243091305e-05, 5.236927412602243e-05, 4.109274639225096e-05]]</COVARIANCE_MATRIX>
		<ROI_SIZE>973</ROI_SIZE>
		<MAX_VALUE>[0.15675953030586243, 0.14493033289909363, 0.12629857659339905, 0.09839611500501633, 0.0577012300491333, 0.0453302264213562]</MAX_VALUE>
		<MIN_VALUE>[0.1411377489566803, 0.12036892771720886, 0.09643961489200592, 0.057099226862192154, 0.012401100248098373, 0.008096830919384956]</MIN_VALUE>
		<SIGNATURE_THRESHOLD_MD>0</SIGNATURE_THRESHOLD_MD>
		<SIGNATURE_THRESHOLD_ML>0</SIGNATURE_THRESHOLD_ML>
		<SIGNATURE_THRESHOLD_SAM>0</SIGNATURE_THRESHOLD_SAM>
	</signature>
	<signature ID="20210512_110034551831_471">
		<MACROCLASSID>1</MACROCLASSID>
		<MACROCLASSINFO>waterbody</MACROCLASSINFO>
		<CLASSID>16</CLASSID>
		<CLASSINFO>C 1</CLASSINFO>
		<VALUES>[0.16250273520531872, 0.0007462242962617205, 0.14916406599144094, 0.0012782612214225074, 0.13435546729875636, 0.001478338654203802, 0.07832865715367844, 0.007534361657713849, 0.025250591823588252, 0.007107768780960344, 0.014451459825925479, 0.004855806750734623]</VALUES>
