<?xml version="1.0" ?>
<signaturelist MCID_LIST="[['1', 'waterbody', '#000000'], ['2', 'vegetation', '#000000'], ['3', 'bareland', '#000000'], ['4', 'built-up', '#000000']]">
	<signature ID="20210512_104841227303_116">
		<MACROCLASSID>1</MACROCLASSID>
		<MACROCLASSINFO>waterbody</MACROCLASSINFO>
		<CLASSID>1</CLASSID>
		<CLASSINFO>C 1</CLASSINFO>
		<VALUES>[0.16161538727655214, 0.003160562739165213, 0.1290698694218897, 0.006319708942923878, 0.09103325137948441, 0.006778788844812329, 0.054615360044754285, 0.0030750608629507717, 0.018882203165429445, 0.0010456250578456095, 0.0099408962247469, 0.0005813050258065177]</VALUES>
		<LCS_MIN>[0.1511007845401764, 0.11061661690473557, 0.0772961676120758, 0.04855090007185936, 0.016584962606430054, 0.008518228307366371]</LCS_MIN>
		<LCS_MAX>[0.17205020785331726, 0.14345544576644897, 0.12184382230043411, 0.07169760763645172, 0.024410897865891457, 0.013033189810812473]</LCS_MAX>
		<WAVELENGTH>[0.48, 0.56, 0.655, 0.865, 1.61, 2.2]</WAVELENGTH>
		<MEAN_VALUE>[0.16161538727655214, 0.1290698694218897, 0.09103325137948441, 0.054615360044754285, 0.018882203165429445, 0.0099408962247469]</MEAN_VALUE>
		<CHECKBOX>2</CHECKBOX>
		<SD>[0.003160562739165213, 0.006319708942923878, 0.006778788844812329, 0.0030750608629507717, 0.0010456250578456095, 0.0005813050258065177]</SD>
		<WAVELENGTH_UNIT>E-6m</WAVELENGTH_UNIT>
		<COLOR>#2b3951</COLOR>
		<COVARIANCE_MATRIX>[[9.808560207602568e-06, 1.758469625201542e-05, 1.6217396478168666e-05, 7.809644557710271e-06, 2.675888936209958e-06, 1.351105765934335e-06], [1.758469625201542e-05, 3.6803659895667806e-05, 3.547926098690368e-05, 1.4810713764745742e-05, 4.264333711034851e-06, 1.9613287349784514e-06], [1.6217396478168666e-05, 3.547926098690368e-05, 3.836178802885115e-05, 1.48542967508547e-05, 3.865556209348142e-06, 1.7381063344146241e-06], [7.809644557710271e-06, 1.4810713764745742e-05, 1.48542967508547e-05, 9.277047865907662e-06, 3.0751664326089667e-06, 1.4976155853219097e-06], [2.675888936209958e-06, 4.264333711034851e-06, 3.865556209348142e-06, 3.0751664326089667e-06, 1.2485936622397276e-06, 6.302372526079125e-07], [1.351105765934335e-06, 1.9613287349784514e-06, 1.7381063344146241e-06, 1.4976155853219097e-06, 6.302372526079125e-07, 3.674998083624814e-07]]</COVARIANCE_MATRIX>
		<ROI_SIZE>10200</ROI_SIZE>
		<MAX_VALUE>[0.17205020785331726, 0.14345544576644897, 0.12184382230043411, 0.07169760763645172, 0.024410897865891457, 0.013033189810812473]</MAX_VALUE>
		<MIN_VALUE>[0.1511007845401764, 0.11061661690473557, 0.0772961676120758, 0.04855090007185936, 0.016584962606430054, 0.008518228307366371]</MIN_VALUE>
		<SIGNATURE_THRESHOLD_MD>0.0</SIGNATURE_THRESHOLD_MD>
		<SIGNATURE_THRESHOLD_ML>0.0</SIGNATURE_THRESHOLD_ML>
		<SIGNATURE_THRESHOLD_SAM>0.0</SIGNATURE_THRESHOLD_SAM>
	</signature>
	<signature ID="20210512_104900510444_833">
		<MACROCLASSID>1</MACROCLASSID>
		<MACROCLASSINFO>waterbody</MACROCLASSINFO>
		<CLASSID>2</CLASSID>
		<CLASSINFO>C 1</CLASSINFO>
		<VALUES>[0.16550393460880472, 0.00192180373539897, 0.13861551929049415, 0.002115823278165399, 0.11669460610620418, 0.003331654622207658, 0.07750999721774851, 0.008067300579072727, 0.027205849622787638, 0.006041323994063815, 0.01435984371957405, 0.0042059948288769005]</VALUES>
		<LCS_MIN>[0.15844511985778809, 0.1282249540090561, 0.11028551310300827, 0.0688682496547699, 0.0223942119628191, 0.01152819860726595]</LCS_MIN>
		<LCS_MAX>[0.17241139709949493, 0.1447497457265854, 0.13087373971939087, 0.11395767331123352, 0.06435327231884003, 0.044096142053604126]</LCS_MAX>
		<WAVELENGTH>[0.48, 0.56, 0.655, 0.865, 1.61, 2.2]</WAVELENGTH>
		<MEAN_VALUE>[0.16550393460880472, 0.13861551929049415, 0.11669460610620418, 0.07750999721774851, 0.027205849622787638, 0.01435984371957405]</MEAN_VALUE>
		<CHECKBOX>2</CHECKBOX>
		<SD>[0.00192180373539897, 0.002115823278165399, 0.003331654622207658, 0.008067300579072727, 0.006041323994063815, 0.0042059948288769005]</SD>
		<WAVELENGTH_UNIT>E-6m</WAVELENGTH_UNIT>
		<COLOR>#9d0d4a</COLOR>
		<COVARIANCE_MATRIX>[[3.6961107525712578e-06, 3.921963980246801e-06, 2.775931761789252e-06, -1.41541806897294e-06, -2.2165736481838394e-06, -1.642244569666218e-06], [3.921963980246801e-06, 4.4800790419685654e-06, 3.6151182030152995e-06, -6.621901889047876e-07, -1.96366204363585e-06, -1.497177663623006e-06], [2.775931761789252e-06, 3.6151182030152995e-06, 1.1108280887128785e-05, 1.9393013644730672e-05, 1.225277446792461e-05, 8.146840627887286e-06], [-1.41541806897294e-06, -6.621901889047876e-07, 1.9393013644730672e-05, 6.513034895760939e-05, 4.587355215335265e-05, 3.0194816645234823e-05], [-2.2165736481838394e-06, -1.96366204363585e-06, 1.225277446792461e-05, 4.587355215335265e-05, 3.652507803053595e-05, 2.5007040676428005e-05], [-1.642244569666218e-06, -1.497177663623006e-06, 8.146840627887286e-06, 3.0194816645234823e-05, 2.5007040676428005e-05, 1.7703712728689425e-05]]</COVARIANCE_MATRIX>
		<ROI_SIZE>1329</ROI_SIZE>
		<MAX_VALUE>[0.17241139709949493, 0.1447497457265854, 0.13087373971939087, 0.11395767331123352, 0.06435327231884003, 0.044096142053604126]</MAX_VALUE>
		<MIN_VALUE>[0.15844511985778809, 0.1282249540090561, 0.11028551310300827, 0.0688682496547699, 0.0223942119628191, 0.01152819860726595]</MIN_VALUE>
		<SIGNATURE_THRESHOLD_MD>0.0</SIGNATURE_THRESHOLD_MD>
		<SIGNATURE_THRESHOLD_ML>0.0</SIGNATURE_THRESHOLD_ML>
		<SIGNATURE_THRESHOLD_SAM>0.0</SIGNATURE_THRESHOLD_SAM>
	</signature>
	<signature ID="20210512_104957384945_861">
		<MACROCLASSID>1</MACROCLASSID>
		<MACROCLASSINFO>waterbody</MACROCLASSINFO>
		<CLASSID>3</CLASSID>
		<CLASSINFO>C 1</CLASSINFO>
		<VALUES>[0.16398924707443177, 0.0014713666243358358, 0.1449012801209814, 0.0022351540130431495, 0.12204562751477123, 0.0026303971939205116, 0.07977073548031688, 0.008127508923322804, 0.025197425287393615, 0.007020271514712539, 0.013632008403770459, 0.004845727356526563]</VALUES>
		<LCS_MIN>[0.15564584732055664, 0.13186703622341156, 0.1075163260102272, 0.06633986532688141, 0.017096659168601036, 0.010203815996646881]</LCS_MIN>
		<LCS_MAX>[0.1675051599740982, 0.14854229986667633, 0.12939885258674622, 0.11477036774158478, 0.06224630028009415, 0.047948919236660004]</LCS_MAX>
		<WAVELENGTH>[0.48, 0.56, 0.655, 0.865, 1.61, 2.2]</WAVELENGTH>
		<MEAN_VALUE>[0.16398924707443177, 0.1449012801209814, 0.12204562751477123, 0.07977073548031688, 0.025197425287393615, 0.013632008403770459]</MEAN_VALUE>
		<CHECKBOX>2</CHECKBOX>
		<SD>[0.0014713666243358358, 0.0022351540130431495, 0.0026303971939205116, 0.008127508923322804, 0.007020271514712539, 0.004845727356526563]</SD>
		<WAVELENGTH_UNIT>E-6m</WAVELENGTH_UNIT>
		<COLOR>#d1c7dd</COLOR>
		<COVARIANCE_MATRIX>[[2.167017555620987e-06, 2.878850864362903e-06, 2.4865003069862723e-06, -6.635429599555209e-06, -4.908926257485291e-06, -2.887820073738112e-06], [2.878850864362903e-06, 5.0007542995444965e-06, 4.821100901608588e-06, -1.1712818377418444e-05, -1.0263935109833255e-05, -6.636850230279379e-06], [2.4865003069862723e-06, 4.821100901608588e-06, 6.9256939241313376e-06, -8.53081564855529e-06, -7.95066443970427e-06, -4.9177001528732944e-06], [-6.635429599555209e-06, -1.1712818377418444e-05, -8.53081564855529e-06, 6.612041033804417e-05, 5.1057802920695394e-05, 3.232540257158689e-05], [-4.908926257485291e-06, -1.0263935109833255e-05, -7.95066443970427e-06, 5.1057802920695394e-05, 4.933196760248393e-05, 3.2971689506666735e-05], [-2.887820073738112e-06, -6.636850230279379e-06, -4.9177001528732944e-06, 3.232540257158689e-05, 3.2971689506666735e-05, 2.3503826014348306e-05]]</COVARIANCE_MATRIX>
		<ROI_SIZE>1033</ROI_SIZE>
		<MAX_VALUE>[0.1675051599740982, 0.14854229986667633, 0.12939885258674622, 0.11477036774158478, 0.06224630028009415, 0.047948919236660004]</MAX_VALUE>
		<MIN_VALUE>[0.15564584732055664, 0.13186703622341156, 0.1075163260102272, 0.06633986532688141, 0.017096659168601036, 0.010203815996646881]</MIN_VALUE>
		<SIGNATURE_THRESHOLD_MD>0.0</SIGNATURE_THRESHOLD_MD>
		<SIGNATURE_THRESHOLD_ML>0.0</SIGNATURE_THRESHOLD_ML>
		<SIGNATURE_THRESHOLD_SAM>0.0</SIGNATURE_THRESHOLD_SAM>
	</signature>
	<signature ID="20210512_105003337906_976">
		<MACROCLASSID>1</MACROCLASSID>
		<MACROCLASSINFO>waterbody</MACROCLASSINFO>
		<CLASSID>4</CLASSID>
		<CLASSINFO>C 1</CLASSINFO>
		<VALUES>[0.1622662880078511, 0.0009783898019411366, 0.1415703628212215, 0.0014014531801128584, 0.11323469954508325, 0.0015936603385050152, 0.08487197618793572, 0.007702958596850006, 0.027953388992076108, 0.0068678313225050665, 0.014509164368630287, 0.004409305616144089]</VALUES>
		<LCS_MIN>[0.15757222473621368, 0.1344556212425232, 0.1061919555068016, 0.07558047771453857, 0.019745435565710068, 0.010595106519758701]</LCS_MIN>
		<LCS_MAX>[0.16777604818344116, 0.14863258600234985, 0.12521499395370483, 0.12136222422122955, 0.06603886187076569, 0.046263329684734344]</LCS_MAX>
		<WAVELENGTH>[0.48, 0.56, 0.655, 0.865, 1.61, 2.2]</WAVELENGTH>
		<MEAN_VALUE>[0.1622662880078511, 0.1415703628212215, 0.11323469954508325, 0.08487197618793572, 0.027953388992076108, 0.014509164368630287]</MEAN_VALUE>
		<CHECKBOX>2</CHECKBOX>
		<SD>[0.0009783898019411366, 0.0014014531801128584, 0.0015936603385050152, 0.007702958596850006, 0.0068678313225050665, 0.004409305616144089]</SD>
		<WAVELENGTH_UNIT>E-6m</WAVELENGTH_UNIT>
		<COLOR>#374be6</COLOR>
		<COVARIANCE_MATRIX>[[9.581337963027181e-07, 1.209540414492949e-06, 9.747293461259687e-07, -2.547401891206391e-06, -1.3484765304383473e-06, -5.9106145045007e-07], [1.209540414492949e-06, 1.9658912151498953e-06, 1.5825156651771977e-06, -5.387653800426051e-06, -3.223182147849002e-06, -1.6977312498056563e-06], [9.747293461259687e-07, 1.5825156651771977e-06, 2.5421070404263446e-06, -1.5367000969490618e-06, 7.723614317001193e-07, 8.85454596755153e-07], [-2.547401891206391e-06, -5.387653800426051e-06, -1.5367000969490618e-06, 5.93905606365297e-05, 4.7899102355586365e-05, 2.909360955527518e-05], [-1.3484765304383473e-06, -3.223182147849002e-06, 7.723614317001193e-07, 4.7899102355586365e-05, 4.721082223113626e-05, 2.9694143449887633e-05], [-5.9106145045007e-07, -1.6977312498056563e-06, 8.85454596755153e-07, 2.909360955527518e-05, 2.9694143449887633e-05, 1.945999429153744e-05]]</COVARIANCE_MATRIX>
		<ROI_SIZE>1080</ROI_SIZE>
		<MAX_VALUE>[0.16777604818344116, 0.14863258600234985, 0.12521499395370483, 0.12136222422122955, 0.06603886187076569, 0.046263329684734344]</MAX_VALUE>
		<MIN_VALUE>[0.15757222473621368, 0.1344556212425232, 0.1061919555068016, 0.07558047771453857, 0.019745435565710068, 0.010595106519758701]</MIN_VALUE>
		<SIGNATURE_THRESHOLD_MD>0.0</SIGNATURE_THRESHOLD_MD>
		<SIGNATURE_THRESHOLD_ML>0.0</SIGNATURE_THRESHOLD_ML>
		<SIGNATURE_THRESHOLD_SAM>0.0</SIGNATURE_THRESHOLD_SAM>
	</signature>
	<signature ID="20210512_105927241772_380">
		<MACROCLASSID>1</MACROCLASSID>
		<MACROCLASSINFO>waterbody</MACROCLASSINFO>
		<CLASSID>5</CLASSID>
		<CLASSINFO>C 1</CLASSINFO>
		<VALUES>[0.15918234091877415, 0.0010089048803724773, 0.14468824693162183, 0.0020639387912515512, 0.12642611571639745, 0.009714521336306804, 0.058682365932560356, 0.010796439810873372, 0.015886295422122335, 0.0010283028729404526, 0.00830568868433357, 0.0005754273902061689]</VALUES>
		<LCS_MIN>[0.1553749442100525, 0.13584020733833313, 0.10321206599473953, 0.047948919236660004, 0.013906079344451427, 0.007013237103819847]</LCS_MIN>
		<LCS_MAX>[0.16232798993587494, 0.15046867728233337, 0.1497763842344284, 0.09364034980535507, 0.02432060055434704, 0.013605087995529175]</LCS_MAX>
		<WAVELENGTH>[0.48, 0.56, 0.655, 0.865, 1.61, 2.2]</WAVELENGTH>
		<MEAN_VALUE>[0.15918234091877415, 0.14468824693162183, 0.12642611571639745, 0.058682365932560356, 0.015886295422122335, 0.00830568868433357]</MEAN_VALUE>
		<CHECKBOX>2</CHECKBOX>
		<SD>[0.0010089048803724773, 0.0020639387912515512, 0.009714521336306804, 0.010796439810873372, 0.0010283028729404526, 0.0005754273902061689]</SD>
		<WAVELENGTH_UNIT>E-6m</WAVELENGTH_UNIT>
		<COLOR>#a2b5b8</COLOR>
		<COVARIANCE_MATRIX>[[1.268483742933313e-06, 1.9355745735083474e-06, 4.506555342231877e-06, 2.5607612315070583e-06, 4.2009128264908213e-07, 2.4699431833141716e-07], [1.9355745735083474e-06, 4.9566438065085094e-06, 1.705392605799716e-05, 1.1307706699881237e-05, 8.037616794354108e-07, 4.3333733401595964e-07], [4.506555342231877e-06, 1.705392605799716e-05, 9.579559264238924e-05, 8.57492777868174e-05, 5.3027188187115826e-06, 2.660290419953526e-06], [2.5607612315070583e-06, 1.1307706699881237e-05, 8.57492777868174e-05, 9.904558828566223e-05, 6.73188242217293e-06, 3.3325170534226345e-06], [4.2009128264908213e-07, 8.037616794354108e-07, 5.3027188187115826e-06, 6.73188242217293e-06, 8.768915336077043e-07, 4.679290555031912e-07], [2.4699431833141716e-07, 4.3333733401595964e-07, 2.660290419953526e-06, 3.3325170534226345e-06, 4.679290555031912e-07, 2.9519873123717844e-07]]</COVARIANCE_MATRIX>
		<ROI_SIZE>8532</ROI_SIZE>
		<MAX_VALUE>[0.16232798993587494, 0.15046867728233337, 0.1497763842344284, 0.09364034980535507, 0.02432060055434704, 0.013605087995529175]</MAX_VALUE>
		<MIN_VALUE>[0.1553749442100525, 0.13584020733833313, 0.10321206599473953, 0.047948919236660004, 0.013906079344451427, 0.007013237103819847]</MIN_VALUE>
		<SIGNATURE_THRESHOLD_MD>0.0</SIGNATURE_THRESHOLD_MD>
		<SIGNATURE_THRESHOLD_ML>0.0</SIGNATURE_THRESHOLD_ML>
		<SIGNATURE_THRESHOLD_SAM>0.0</SIGNATURE_THRESHOLD_SAM>
	</signature>
	<signature ID="20210512_105933514528_434">
		<MACROCLASSID>1</MACROCLASSID>
		<MACROCLASSINFO>waterbody</MACROCLASSINFO>
		<CLASSID>6</CLASSID>
		<CLASSINFO>C 1</CLASSINFO>
		<VALUES>[0.15270737836902407, 0.005064014264532484, 0.1266481438691446, 0.007737650835733399, 0.09694838057233147, 0.008781851131901145, 0.046787305093544604, 0.005987789579023641, 0.015512247683590172, 0.004571064218766867, 0.008443775641104434, 0.0032671756774077416]</VALUES>
		<LCS_MIN>[0.1439671367406845, 0.11179050803184509, 0.08280443400144577, 0.04027346149086952, 0.011979702860116959, 0.005959750153124332]</LCS_MIN>
		<LCS_MAX>[0.1828259378671646, 0.16130459308624268, 0.13222824037075043, 0.08458030968904495, 0.053095970302820206, 0.03645080327987671]</LCS_MAX>
		<WAVELENGTH>[0.48, 0.56, 0.655, 0.865, 1.61, 2.2]</WAVELENGTH>
		<MEAN_VALUE>[0.15270737836902407, 0.1266481438691446, 0.09694838057233147, 0.046787305093544604, 0.015512247683590172, 0.008443775641104434]</MEAN_VALUE>
		<CHECKBOX>2</CHECKBOX>
		<SD>[0.005064014264532484, 0.007737650835733399, 0.008781851131901145, 0.005987789579023641, 0.004571064218766867, 0.0032671756774077416]</SD>
		<WAVELENGTH_UNIT>E-6m</WAVELENGTH_UNIT>
		<COLOR>#14b753</COLOR>
		<COVARIANCE_MATRIX>[[2.222071088908706e-05, 3.157903120154515e-05, 2.8912856578244828e-05, 1.9863140551024117e-05, 1.6166157365660183e-05, 1.133847763412632e-05], [3.157903120154515e-05, 5.078005415271036e-05, 4.9863941967487335e-05, 2.730085361690726e-05, 2.0509824025793932e-05, 1.429776330041932e-05], [2.8912856578244828e-05, 4.9863941967487335e-05, 6.36595141259022e-05, 3.2664043828845024e-05, 1.9697014067787677e-05, 1.3575093362305779e-05], [1.9863140551024117e-05, 2.730085361690726e-05, 3.2664043828845024e-05, 2.798010245896876e-05, 1.876113128673751e-05, 1.2923091162519995e-05], [1.6166157365660183e-05, 2.0509824025793932e-05, 1.9697014067787677e-05, 1.876113128673751e-05, 1.6416439393651672e-05, 1.1530534720805008e-05], [1.133847763412632e-05, 1.429776330041932e-05, 1.3575093362305779e-05, 1.2923091162519995e-05, 1.1530534720805008e-05, 8.196431735996157e-06]]</COVARIANCE_MATRIX>
		<ROI_SIZE>9991</ROI_SIZE>
		<MAX_VALUE>[0.1828259378671646, 0.16130459308624268, 0.13222824037075043, 0.08458030968904495, 0.053095970302820206, 0.03645080327987671]</MAX_VALUE>
		<MIN_VALUE>[0.1439671367406845, 0.11179050803184509, 0.08280443400144577, 0.04027346149086952, 0.011979702860116959, 0.005959750153124332]</MIN_VALUE>
		<SIGNATURE_THRESHOLD_MD>0.0</SIGNATURE_THRESHOLD_MD>
		<SIGNATURE_THRESHOLD_ML>0.0</SIGNATURE_THRESHOLD_ML>
		<SIGNATURE_THRESHOLD_SAM>0.0</SIGNATURE_THRESHOLD_SAM>
	</signature>
	<signature ID="20210512_105937740628_871">
		<MACROCLASSID>1</MACROCLASSID>
		<MACROCLASSINFO>waterbody</MACROCLASSINFO>
		<CLASSID>7</CLASSID>
		<CLASSINFO>C 1</CLASSINFO>
		<VALUES>[0.1521212582370643, 0.0009023568182605056, 0.133195853294385, 0.0011718362932112006, 0.11388161770125341, 0.0023831402827639205, 0.07287711403861608, 0.009214049469704968, 0.025994806534834384, 0.00848261483539859, 0.01428745816213737, 0.0052577731627192065]</VALUES>
		<LCS_MIN>[0.1485724002122879, 0.12675008177757263, 0.1075163260102272, 0.06140350550413132, 0.018752140924334526, 0.009541619569063187]</LCS_MIN>
		<LCS_MAX>[0.1544719636440277, 0.13571979105472565, 0.12157291918992996, 0.10453645884990692, 0.061463698744773865, 0.04153766483068466]</LCS_MAX>
		<WAVELENGTH>[0.48, 0.56, 0.655, 0.865, 1.61, 2.2]</WAVELENGTH>
		<MEAN_VALUE>[0.1521212582370643, 0.133195853294385, 0.11388161770125341, 0.07287711403861608, 0.025994806534834384, 0.01428745816213737]</MEAN_VALUE>
		<CHECKBOX>2</CHECKBOX>
		<SD>[0.0009023568182605056, 0.0011718362932112006, 0.0023831402827639205, 0.009214049469704968, 0.00848261483539859, 0.0052577731627192065]</SD>
		<WAVELENGTH_UNIT>E-6m</WAVELENGTH_UNIT>
		<COLOR>#b19c3f</COLOR>
		<COVARIANCE_MATRIX>[[8.157669526553946e-07, 9.022082849696744e-07, 1.280352876165125e-06, -5.957726898486726e-07, -6.85939482991671e-07, -2.95672833772187e-07], [9.022082849696744e-07, 1.3757622809862369e-06, 1.5397422430396546e-06, -3.154408659611363e-06, -2.8827328151237452e-06, -1.6284064940919052e-06], [1.280352876165125e-06, 1.5397422430396546e-06, 5.6899534683907405e-06, 9.517421858618036e-06, 8.992605216917582e-06, 5.666900506184902e-06], [-5.957726898486726e-07, -3.154408659611363e-06, 9.517421858618036e-06, 8.50571013870649e-05, 7.170715980464593e-05, 4.296790939406492e-05], [-6.85939482991671e-07, -2.8827328151237452e-06, 8.992605216917582e-06, 7.170715980464593e-05, 7.208899478428066e-05, 4.4097490899730474e-05], [-2.95672833772187e-07, -1.6284064940919052e-06, 5.666900506184902e-06, 4.296790939406492e-05, 4.4097490899730474e-05, 2.7695754397427663e-05]]</COVARIANCE_MATRIX>
		<ROI_SIZE>537</ROI_SIZE>
		<MAX_VALUE>[0.1544719636440277, 0.13571979105472565, 0.12157291918992996, 0.10453645884990692, 0.061463698744773865, 0.04153766483068466]</MAX_VALUE>
		<MIN_VALUE>[0.1485724002122879, 0.12675008177757263, 0.1075163260102272, 0.06140350550413132, 0.018752140924334526, 0.009541619569063187]</MIN_VALUE>
		<SIGNATURE_THRESHOLD_MD>0.0</SIGNATURE_THRESHOLD_MD>
		<SIGNATURE_THRESHOLD_ML>0.0</SIGNATURE_THRESHOLD_ML>
		<SIGNATURE_THRESHOLD_SAM>0.0</SIGNATURE_THRESHOLD_SAM>
	</signature>
	<signature ID="20210512_105944428738_993">
		<MACROCLASSID>1</MACROCLASSID>
		<MACROCLASSINFO>waterbody</MACROCLASSINFO>
		<CLASSID>8</CLASSID>
		<CLASSINFO>C 1</CLASSINFO>
		<VALUES>[0.1593948937384914, 0.0013625233550047448, 0.13451011796760448, 0.0015701698662474461, 0.11127269415613551, 0.0023673767803290263, 0.07031032651567234, 0.006596073696717999, 0.024948710919251067, 0.005919646805520475, 0.014014460956759945, 0.0043451709536403895]</VALUES>
		<LCS_MIN>[0.1551341563463211, 0.12795408070087433, 0.10694443434476852, 0.06396198272705078, 0.018842438235878944, 0.010173709131777287]</LCS_MIN>
		<LCS_MAX>[0.16311058402061462, 0.13912107050418854, 0.12587717175483704, 0.1066434308886528, 0.061674389988183975, 0.04466802999377251]</LCS_MAX>
		<WAVELENGTH>[0.48, 0.56, 0.655, 0.865, 1.61, 2.2]</WAVELENGTH>
		<MEAN_VALUE>[0.1593948937384914, 0.13451011796760448, 0.11127269415613551, 0.07031032651567234, 0.024948710919251067, 0.014014460956759945]</MEAN_VALUE>
		<CHECKBOX>2</CHECKBOX>
		<SD>[0.0013625233550047448, 0.0015701698662474461, 0.0023673767803290263, 0.006596073696717999, 0.005919646805520475, 0.0043451709536403895]</SD>
		<WAVELENGTH_UNIT>E-6m</WAVELENGTH_UNIT>
		<COLOR>#7cf413</COLOR>
		<COVARIANCE_MATRIX>[[1.8579598872747738e-06, 2.0628331185434945e-06, 1.5117689144972246e-06, 9.066540087587782e-07, 6.148495685920352e-07, 5.638768811877526e-07], [2.0628331185434945e-06, 2.4674120595591376e-06, 1.974246060854057e-06, 1.418716578882595e-06, 1.0959275869026897e-06, 9.552630899634096e-07], [1.5117689144972246e-06, 1.974246060854057e-06, 5.608970695902826e-06, 1.139318283094326e-05, 9.889577086141799e-06, 7.331924280151725e-06], [9.066540087587782e-07, 1.418716578882595e-06, 1.139318283094326e-05, 4.354310658527538e-05, 3.6751986044691876e-05, 2.568913077993784e-05], [6.148495685920352e-07, 1.0959275869026897e-06, 9.889577086141799e-06, 3.6751986044691876e-05, 3.507034125505015e-05, 2.5246186851290986e-05], [5.638768811877526e-07, 9.552630899634096e-07, 7.331924280151725e-06, 2.568913077993784e-05, 2.5246186851290986e-05, 1.889566374302376e-05]]</COVARIANCE_MATRIX>
		<ROI_SIZE>1247</ROI_SIZE>
		<MAX_VALUE>[0.16311058402061462, 0.13912107050418854, 0.12587717175483704, 0.1066434308886528, 0.061674389988183975, 0.04466802999377251]</MAX_VALUE>
		<MIN_VALUE>[0.1551341563463211, 0.12795408070087433, 0.10694443434476852, 0.06396198272705078, 0.018842438235878944, 0.010173709131777287]</MIN_VALUE>
		<SIGNATURE_THRESHOLD_MD>0.0</SIGNATURE_THRESHOLD_MD>
		<SIGNATURE_THRESHOLD_ML>0.0</SIGNATURE_THRESHOLD_ML>
		<SIGNATURE_THRESHOLD_SAM>0.0</SIGNATURE_THRESHOLD_SAM>
	</signature>
	<signature ID="20210512_105948413000_885">
		<MACROCLASSID>1</MACROCLASSID>
		<MACROCLASSINFO>waterbody</MACROCLASSINFO>
		<CLASSID>9</CLASSID>
		<CLASSINFO>C 1</CLASSINFO>
		<VALUES>[0.16084349370057446, 0.0012254864762510243, 0.13606161693914232, 0.0012021962469142488, 0.11167230697673396, 0.0023531849089039017, 0.0741038044179798, 0.006860429641400826, 0.026532820584850594, 0.006356390238368076, 0.014892388008739967, 0.004802955710697108]</VALUES>
		<LCS_MIN>[0.1578732281923294, 0.13340212404727936, 0.10778722912073135, 0.06721275299787521, 0.018752140924334526, 0.011558305472135544]</LCS_MIN>
		<LCS_MAX>[0.16690315306186676, 0.14285343885421753, 0.12650927901268005, 0.10899122059345245, 0.06248708814382553, 0.04463793337345123]</LCS_MAX>
		<WAVELENGTH>[0.48, 0.56, 0.655, 0.865, 1.61, 2.2]</WAVELENGTH>
		<MEAN_VALUE>[0.16084349370057446, 0.13606161693914232, 0.11167230697673396, 0.0741038044179798, 0.026532820584850594, 0.014892388008739967]</MEAN_VALUE>
		<CHECKBOX>2</CHECKBOX>
		<SD>[0.0012254864762510243, 0.0012021962469142488, 0.0023531849089039017, 0.006860429641400826, 0.006356390238368076, 0.004802955710697108]</SD>
		<WAVELENGTH_UNIT>E-6m</WAVELENGTH_UNIT>
		<COLOR>#7d206a</COLOR>
		<COVARIANCE_MATRIX>[[1.5031961311251507e-06, 1.32327340907068e-06, 1.7533957361592911e-06, 3.803536628765869e-06, 2.767689011307084e-06, 2.140402102668304e-06], [1.32327340907068e-06, 1.446602936994168e-06, 1.9995695765828714e-06, 4.053886186738964e-06, 3.2217062653217e-06, 2.482077661625226e-06], [1.7533957361592911e-06, 1.9995695765828714e-06, 5.542563940252876e-06, 1.3592050891020335e-05, 1.1745856681955047e-05, 8.828722457110416e-06], [3.803536628765869e-06, 4.053886186738964e-06, 1.3592050891020335e-05, 4.710871507995762e-05, 4.115932824788615e-05, 2.99224575428525e-05], [2.767689011307084e-06, 3.2217062653217e-06, 1.1745856681955047e-05, 4.115932824788615e-05, 4.044079832965508e-05, 3.006238694069907e-05], [2.140402102668304e-06, 2.482077661625226e-06, 8.828722457110416e-06, 2.99224575428525e-05, 3.006238694069907e-05, 2.308956754859537e-05]]</COVARIANCE_MATRIX>
		<ROI_SIZE>1090</ROI_SIZE>
		<MAX_VALUE>[0.16690315306186676, 0.14285343885421753, 0.12650927901268005, 0.10899122059345245, 0.06248708814382553, 0.04463793337345123]</MAX_VALUE>
		<MIN_VALUE>[0.1578732281923294, 0.13340212404727936, 0.10778722912073135, 0.06721275299787521, 0.018752140924334526, 0.011558305472135544]</MIN_VALUE>
		<SIGNATURE_THRESHOLD_MD>0.0</SIGNATURE_THRESHOLD_MD>
		<SIGNATURE_THRESHOLD_ML>0.0</SIGNATURE_THRESHOLD_ML>
		<SIGNATURE_THRESHOLD_SAM>0.0</SIGNATURE_THRESHOLD_SAM>
	</signature>
	<signature ID="20210512_105953783376_929">
		<MACROCLASSID>1</MACROCLASSID>
		<MACROCLASSINFO>waterbody</MACROCLASSINFO>
		<CLASSID>10</CLASSID>
		<CLASSINFO>C 1</CLASSINFO>
		<VALUES>[0.15416015931417504, 0.0014843175812217213, 0.13128391591926084, 0.0015736139509766728, 0.10316269040978837, 0.0027037127823734738, 0.06725517123858424, 0.006944398701104329, 0.02315491972783163, 0.005700637427537788, 0.012879997677441125, 0.003878086566348367]</VALUES>
		<LCS_MIN>[0.14920450747013092, 0.12494409084320068, 0.09839611500501633, 0.06007911264896393, 0.017247160896658897, 0.00963191781193018]</LCS_MIN>
		<LCS_MAX>[0.15823441743850708, 0.1349974125623703, 0.11455968022346497, 0.10441605746746063, 0.058935314416885376, 0.04201926290988922]</LCS_MAX>
		<WAVELENGTH>[0.48, 0.56, 0.655, 0.865, 1.61, 2.2]</WAVELENGTH>
		<MEAN_VALUE>[0.15416015931417504, 0.13128391591926084, 0.10316269040978837, 0.06725517123858424, 0.02315491972783163, 0.012879997677441125]</MEAN_VALUE>
		<CHECKBOX>2</CHECKBOX>
		<SD>[0.0014843175812217213, 0.0015736139509766728, 0.0027037127823734738, 0.006944398701104329, 0.005700637427537788, 0.003878086566348367]</SD>
		<WAVELENGTH_UNIT>E-6m</WAVELENGTH_UNIT>
		<COLOR>#9cdb25</COLOR>
		<COVARIANCE_MATRIX>[[2.205151758971624e-06, 2.210848379036179e-06, 1.5302327938115923e-06, 1.4495509503831272e-07, 2.5215010523993442e-08, 3.1111216003409936e-07], [2.210848379036179e-06, 2.4784560537227662e-06, 2.157006974812248e-06, 6.89008061272034e-07, 6.792300268898543e-07, 8.008282179616799e-07], [1.5302327938115923e-06, 2.157006974812248e-06, 7.316543360502692e-06, 1.2347147276159376e-05, 1.0508748346182983e-05, 7.643003300472628e-06], [1.4495509503831272e-07, 6.89008061272034e-07, 1.2347147276159376e-05, 4.826742588193156e-05, 3.3036772947525606e-05, 2.1260622816043906e-05], [2.5215010523993442e-08, 6.792300268898543e-07, 1.0508748346182983e-05, 3.3036772947525606e-05, 3.252607712056488e-05, 2.1389088942669332e-05], [3.1111216003409936e-07, 8.008282179616799e-07, 7.643003300472628e-06, 2.1260622816043906e-05, 2.1389088942669332e-05, 1.5052888556965627e-05]]</COVARIANCE_MATRIX>
		<ROI_SIZE>1129</ROI_SIZE>
		<MAX_VALUE>[0.15823441743850708, 0.1349974125623703, 0.11455968022346497, 0.10441605746746063, 0.058935314416885376, 0.04201926290988922]</MAX_VALUE>
		<MIN_VALUE>[0.14920450747013092, 0.12494409084320068, 0.09839611500501633, 0.06007911264896393, 0.017247160896658897, 0.00963191781193018]</MIN_VALUE>
		<SIGNATURE_THRESHOLD_MD>0.0</SIGNATURE_THRESHOLD_MD>
		<SIGNATURE_THRESHOLD_ML>0.0</SIGNATURE_THRESHOLD_ML>
		<SIGNATURE_THRESHOLD_SAM>0.0</SIGNATURE_THRESHOLD_SAM>
	</signature>
	<signature ID="20210512_110006641409_862">
		<MACROCLASSID>1</MACROCLASSID>
		<MACROCLASSINFO>waterbody</MACROCLASSINFO>
		<CLASSID>11</CLASSID>
		<CLASSINFO>C 1</CLASSINFO>
		<VALUES>[0.162300511261596, 0.0014144539379428744, 0.1395392729995109, 0.0015927335670106316, 0.11241365346584217, 0.002536108053863194, 0.07286445548137051, 0.007133758697516232, 0.023139751465685806, 0.005176317413144591, 0.012326330107741337, 0.0034530231269886635]</VALUES>
		<LCS_MIN>[0.1581140160560608, 0.13222824037075043, 0.10552975535392761, 0.06308909505605698, 0.018752140924334526, 0.009511512704193592]</LCS_MIN>
		<LCS_MAX>[0.16639146208763123, 0.14339524507522583, 0.1238303929567337, 0.11380717158317566, 0.06182489171624184, 0.04572151601314545]</LCS_MAX>
		<WAVELENGTH>[0.48, 0.56, 0.655, 0.865, 1.61, 2.2]</WAVELENGTH>
		<MEAN_VALUE>[0.162300511261596, 0.1395392729995109, 0.11241365346584217, 0.07286445548137051, 0.023139751465685806, 0.012326330107741337]</MEAN_VALUE>
		<CHECKBOX>2</CHECKBOX>
		<SD>[0.0014144539379428744, 0.0015927335670106316, 0.002536108053863194, 0.007133758697516232, 0.005176317413144591, 0.0034530231269886635]</SD>
		<WAVELENGTH_UNIT>E-6m</WAVELENGTH_UNIT>
		<COLOR>#1d4a92</COLOR>
		<COVARIANCE_MATRIX>[[2.001601387746632e-06, 2.034040335274767e-06, 2.8450388072087662e-06, 2.7327398584020557e-06, 6.282925824052654e-07, 2.2867649818181235e-07], [2.034040335274767e-06, 2.5379686121596023e-06, 3.4544045774964616e-06, 1.6410526768595446e-06, -2.737662043728051e-07, -3.379618647159077e-07], [2.8450388072087662e-06, 3.4544045774964616e-06, 6.434806891775224e-06, 7.701796675974037e-06, 3.478657845334965e-06, 2.1381902115535922e-06], [2.7327398584020557e-06, 1.6410526768595446e-06, 7.701796675974037e-06, 5.091395360068418e-05, 3.150396150886081e-05, 1.9637489458546042e-05], [6.282925824052654e-07, -2.737662043728051e-07, 3.478657845334965e-06, 3.150396150886081e-05, 2.6806603273143992e-05, 1.750461888150312e-05], [2.2867649818181235e-07, -3.379618647159077e-07, 2.1381902115535922e-06, 1.9637489458546042e-05, 1.750461888150312e-05, 1.1928860658372287e-05]]</COVARIANCE_MATRIX>
		<ROI_SIZE>2172</ROI_SIZE>
		<MAX_VALUE>[0.16639146208763123, 0.14339524507522583, 0.1238303929567337, 0.11380717158317566, 0.06182489171624184, 0.04572151601314545]</MAX_VALUE>
		<MIN_VALUE>[0.1581140160560608, 0.13222824037075043, 0.10552975535392761, 0.06308909505605698, 0.018752140924334526, 0.009511512704193592]</MIN_VALUE>
		<SIGNATURE_THRESHOLD_MD>0.0</SIGNATURE_THRESHOLD_MD>
		<SIGNATURE_THRESHOLD_ML>0.0</SIGNATURE_THRESHOLD_ML>
		<SIGNATURE_THRESHOLD_SAM>0.0</SIGNATURE_THRESHOLD_SAM>
	</signature>
	<signature ID="20210512_110011015716_848">
		<MACROCLASSID>1</MACROCLASSID>
		<MACROCLASSINFO>waterbody</MACROCLASSINFO>
		<CLASSID>12</CLASSID>
		<CLASSINFO>C 1</CLASSINFO>
		<VALUES>[0.160792534922222, 0.001053426086428586, 0.13793385897735147, 0.001243305058698, 0.11136294919134655, 0.00176040841885129, 0.07384495309754523, 0.006621450039404372, 0.02409985359905326, 0.005656038023285657, 0.012963701397997695, 0.004064860565519978]</VALUES>
		<LCS_MIN>[0.15706053376197815, 0.1299707591533661, 0.10495784878730774, 0.06703215837478638, 0.017186958342790604, 0.010143613442778587]</LCS_MIN>
		<LCS_MAX>[0.16946163773536682, 0.14712762832641602, 0.1282249540090561, 0.10896112024784088, 0.060410209000110626, 0.04334363713860512]</LCS_MAX>
		<WAVELENGTH>[0.48, 0.56, 0.655, 0.865, 1.61, 2.2]</WAVELENGTH>
		<MEAN_VALUE>[0.160792534922222, 0.13793385897735147, 0.11136294919134655, 0.07384495309754523, 0.02409985359905326, 0.012963701397997695]</MEAN_VALUE>
		<CHECKBOX>2</CHECKBOX>
		<SD>[0.001053426086428586, 0.001243305058698, 0.00176040841885129, 0.006621450039404372, 0.005656038023285657, 0.004064860565519978]</SD>
		<WAVELENGTH_UNIT>E-6m</WAVELENGTH_UNIT>
		<COLOR>#ccbffe</COLOR>
		<COVARIANCE_MATRIX>[[1.1104630175395869e-06, 1.101525526792102e-06, 1.0950086561933858e-06, -9.85488441074267e-07, -6.853161380604433e-07, -2.348769783111493e-07], [1.101525526792102e-06, 1.5468611991309444e-06, 1.5684461232012836e-06, -2.3155037069955142e-06, -1.9991023236798355e-06, -1.1469404626041069e-06], [1.0950086561933858e-06, 1.5684461232012836e-06, 3.1011502414912684e-06, 3.0470871479337802e-06, 2.8648178158618975e-06, 2.4746830149524612e-06], [-9.85488441074267e-07, -2.3155037069955142e-06, 3.0470871479337802e-06, 4.387348599266261e-05, 3.4635137126315385e-05, 2.3354674340225756e-05], [-6.853161380604433e-07, -1.9991023236798355e-06, 2.8648178158618975e-06, 3.4635137126315385e-05, 3.2012572773965076e-05, 2.2453452402260154e-05], [-2.348769783111493e-07, -1.1469404626041069e-06, 2.4746830149524612e-06, 2.3354674340225756e-05, 2.2453452402260154e-05, 1.6534355381736532e-05]]</COVARIANCE_MATRIX>
		<ROI_SIZE>1468</ROI_SIZE>
		<MAX_VALUE>[0.16946163773536682, 0.14712762832641602, 0.1282249540090561, 0.10896112024784088, 0.060410209000110626, 0.04334363713860512]</MAX_VALUE>
		<MIN_VALUE>[0.15706053376197815, 0.1299707591533661, 0.10495784878730774, 0.06703215837478638, 0.017186958342790604, 0.010143613442778587]</MIN_VALUE>
		<SIGNATURE_THRESHOLD_MD>0.0</SIGNATURE_THRESHOLD_MD>
		<SIGNATURE_THRESHOLD_ML>0.0</SIGNATURE_THRESHOLD_ML>
		<SIGNATURE_THRESHOLD_SAM>0.0</SIGNATURE_THRESHOLD_SAM>
	</signature>
	<signature ID="20210512_110014851173_137">
		<MACROCLASSID>1</MACROCLASSID>
		<MACROCLASSINFO>waterbody</MACROCLASSINFO>
		<CLASSID>13</CLASSID>
		<CLASSINFO>C 1</CLASSINFO>
		<VALUES>[0.16617357250669104, 0.0016835450456989523, 0.1430987476861113, 0.002900760346123081, 0.11529790157333795, 0.005192385515534695, 0.0739170845323433, 0.006717440599234586, 0.022371552461984367, 0.004293216634761118, 0.011216427604304444, 0.0028730761962127145]</VALUES>
		<LCS_MIN>[0.15976950526237488, 0.1334623247385025, 0.10580063611268997, 0.06510578095912933, 0.016705358400940895, 0.008999817073345184]</LCS_MIN>
		<LCS_MAX>[0.1726522147655487, 0.15423114597797394, 0.1376160979270935, 0.10884071886539459, 0.05974801257252693, 0.03876849263906479]</LCS_MAX>
		<WAVELENGTH>[0.48, 0.56, 0.655, 0.865, 1.61, 2.2]</WAVELENGTH>
		<MEAN_VALUE>[0.16617357250669104, 0.1430987476861113, 0.11529790157333795, 0.0739170845323433, 0.022371552461984367, 0.011216427604304444]</MEAN_VALUE>
		<CHECKBOX>2</CHECKBOX>
		<SD>[0.0016835450456989523, 0.002900760346123081, 0.005192385515534695, 0.006717440599234586, 0.004293216634761118, 0.0028730761962127145]</SD>
		<WAVELENGTH_UNIT>E-6m</WAVELENGTH_UNIT>
		<COLOR>#e5ffe1</COLOR>
		<COVARIANCE_MATRIX>[[3.6806425214308547e-06, 4.588239335134858e-06, 4.806759989151033e-06, -2.617622385514551e-06, -2.223953288194025e-06, -1.413040536135668e-06], [4.588239335134858e-06, 8.953090400609653e-06, 1.4044836461835075e-05, 1.2127768513892079e-06, -2.0368311197671574e-06, -1.3926480733061908e-06], [4.806759989151033e-06, 1.4044836461835075e-05, 3.1346007745014504e-05, 1.4504748833132908e-05, 2.4038613446464296e-06, 1.3545134152082028e-06], [-2.617622385514551e-06, 1.2127768513892079e-06, 1.4504748833132908e-05, 4.300210639485158e-05, 2.2598695068154484e-05, 1.39440462589846e-05], [-2.223953288194025e-06, -2.0368311197671574e-06, 2.4038613446464296e-06, 2.2598695068154484e-05, 1.6727728507248685e-05, 1.0784971891553141e-05], [-1.413040536135668e-06, -1.3926480733061908e-06, 1.3545134152082028e-06, 1.39440462589846e-05, 1.0784971891553141e-05, 7.236403689603321e-06]]</COVARIANCE_MATRIX>
		<ROI_SIZE>4812</ROI_SIZE>
		<MAX_VALUE>[0.1726522147655487, 0.15423114597797394, 0.1376160979270935, 0.10884071886539459, 0.05974801257252693, 0.03876849263906479]</MAX_VALUE>
		<MIN_VALUE>[0.15976950526237488, 0.1334623247385025, 0.10580063611268997, 0.06510578095912933, 0.016705358400940895, 0.008999817073345184]</MIN_VALUE>
		<SIGNATURE_THRESHOLD_MD>0.0</SIGNATURE_THRESHOLD_MD>
		<SIGNATURE_THRESHOLD_ML>0.0</SIGNATURE_THRESHOLD_ML>
		<SIGNATURE_THRESHOLD_SAM>0.0</SIGNATURE_THRESHOLD_SAM>
	</signature>
	<signature ID="20210512_110022823540_940">
		<MACROCLASSID>1</MACROCLASSID>
		<MACROCLASSINFO>waterbody</MACROCLASSINFO>
		<CLASSID>14</CLASSID>
		<CLASSINFO>C 1</CLASSINFO>
		<VALUES>[0.14591990069225774, 0.002045372799391712, 0.13187802947240299, 0.003139946675612189, 0.11143376611612522, 0.0038516257964657636, 0.05942665140416772, 0.01048235031782556, 0.01999591046692676, 0.008656951653517745, 0.01166558775669298, 0.00578552952818167]</VALUES>
		<LCS_MIN>[0.1337934136390686, 0.10950291156768799, 0.09162366390228271, 0.05065789818763733, 0.013725482858717442, 0.007555028423666954]</LCS_MIN>
		<LCS_MAX>[0.15275627374649048, 0.14520122110843658, 0.14161935448646545, 0.10065358877182007, 0.06155400723218918, 0.05207258090376854]</LCS_MAX>
		<WAVELENGTH>[0.48, 0.56, 0.655, 0.865, 1.61, 2.2]</WAVELENGTH>
		<MEAN_VALUE>[0.14591990069225774, 0.13187802947240299, 0.11143376611612522, 0.05942665140416772, 0.01999591046692676, 0.01166558775669298]</MEAN_VALUE>
		<CHECKBOX>2</CHECKBOX>
		<SD>[0.002045372799391712, 0.003139946675612189, 0.0038516257964657636, 0.01048235031782556, 0.008656951653517745, 0.00578552952818167]</SD>
		<WAVELENGTH_UNIT>E-6m</WAVELENGTH_UNIT>
		<COLOR>#d26c89</COLOR>
		<COVARIANCE_MATRIX>[[4.1862044781737495e-06, 5.920059720665449e-06, 7.124359399313107e-06, -9.323097401647829e-06, -7.2281559369002935e-06, -4.08585856348509e-06], [5.920059720665449e-06, 9.865520951279905e-06, 1.0584486517473124e-05, -1.9324412278365344e-05, -1.4359618944581598e-05, -8.236708708864171e-06], [7.124359399313107e-06, 1.0584486517473124e-05, 1.4844434190308675e-05, -1.0833909982466139e-05, -7.543842002633028e-06, -3.4499050798331155e-06], [-9.323097401647829e-06, -1.9324412278365344e-05, -1.0833909982466139e-05, 0.00010994938929798082, 8.119292033370584e-05, 5.064848664915189e-05], [-7.2281559369002935e-06, -1.4359618944581598e-05, -7.543842002633028e-06, 8.119292033370584e-05, 7.499036291847005e-05, 4.8704507207730785e-05], [-4.08585856348509e-06, -8.236708708864171e-06, -3.4499050798331155e-06, 5.064848664915189e-05, 4.8704507207730785e-05, 3.3493590308353305e-05]]</COVARIANCE_MATRIX>
		<ROI_SIZE>1577</ROI_SIZE>
		<MAX_VALUE>[0.15275627374649048, 0.14520122110843658, 0.14161935448646545, 0.10065358877182007, 0.06155400723218918, 0.05207258090376854]</MAX_VALUE>
		<MIN_VALUE>[0.1337934136390686, 0.10950291156768799, 0.09162366390228271, 0.05065789818763733, 0.013725482858717442, 0.007555028423666954]</MIN_VALUE>
		<SIGNATURE_THRESHOLD_MD>0.0</SIGNATURE_THRESHOLD_MD>
		<SIGNATURE_THRESHOLD_ML>0.0</SIGNATURE_THRESHOLD_ML>
		<SIGNATURE_THRESHOLD_SAM>0.0</SIGNATURE_THRESHOLD_SAM>
	</signature>
	<signature ID="20210512_110028576974_491">
		<MACROCLASSID>1</MACROCLASSID>
		<MACROCLASSINFO>waterbody</MACROCLASSINFO>
		<CLASSID>15</CLASSID>
		<CLASSINFO>C 1</CLASSINFO>
		<VALUES>[0.1517642748227224, 0.00116538502069481, 0.13850785271175609, 0.00239274606283946, 0.1143087609560983, 0.00216383781562084, 0.06417701023899755, 0.00797494489760841, 0.022671639513442584, 0.00827907290140345, 0.013865557690663112, 0.006407067453509529]</VALUES>
		<LCS_MIN>[0.1411377489566803, 0.12036892771720886, 0.09643961489200592, 0.057099226862192154, 0.012401100248098373, 0.008096830919384956]</LCS_MIN>
		<LCS_MAX>[0.15675953030586243, 0.14493033289909363, 0.12629857659339905, 0.09839611500501633, 0.0577012300491333, 0.0453302264213562]</LCS_MAX>
		<WAVELENGTH>[0.48, 0.56, 0.655, 0.865, 1.61, 2.2]</WAVELENGTH>
		<MEAN_VALUE>[0.1517642748227224, 0.13850785271175609, 0.1143087609560983, 0.06417701023899755, 0.022671639513442584, 0.013865557690663112]</MEAN_VALUE>
		<CHECKBOX>2</CHECKBOX>
		<SD>[0.00116538502069481, 0.00239274606283946, 0.00216383781562084, 0.00797494489760841, 0.00827907290140345, 0.006407067453509529]</SD>
		<WAVELENGTH_UNIT>E-6m</WAVELENGTH_UNIT>
		<COLOR>#67ca88</COLOR>
		<COVARIANCE_MATRIX>[[1.3595195014204364e-06, 2.3007839899946703e-06, 2.138443505828036e-06, -2.8845627184637124e-06, -2.5522435862512793e-06, -1.7732057813191204e-06], [2.3007839899946703e-06, 5.7311240198032465e-06, 4.211027771816589e-06, -1.2086971764802001e-05, -1.2616354069905356e-05, -9.755649443832226e-06], [2.138443505828036e-06, 4.211027771816589e-06, 4.6870113692421e-06, -4.238623205310432e-06, -4.08845971833216e-06, -2.9554594220826402e-06], [-2.8845627184637124e-06, -1.2086971764802001e-05, -4.238623205310432e-06, 6.366517482092604e-05, 6.142677739262581e-05, 4.594261190504767e-05], [-2.5522435862512793e-06, -1.2616354069905356e-05, -4.08845971833216e-06, 6.142677739262581e-05, 6.861356814624742e-05, 5.2369272452779114e-05], [-1.7732057813191204e-06, -9.755649443832226e-06, -2.9554594220826402e-06, 4.594261190504767e-05, 5.2369272452779114e-05, 4.109274595975876e-05]]</COVARIANCE_MATRIX>
		<ROI_SIZE>973</ROI_SIZE>
		<MAX_VALUE>[0.15675953030586243, 0.14493033289909363, 0.12629857659339905, 0.09839611500501633, 0.0577012300491333, 0.0453302264213562]</MAX_VALUE>
		<MIN_VALUE>[0.1411377489566803, 0.12036892771720886, 0.09643961489200592, 0.057099226862192154, 0.012401100248098373, 0.008096830919384956]</MIN_VALUE>
		<SIGNATURE_THRESHOLD_MD>0.0</SIGNATURE_THRESHOLD_MD>
		<SIGNATURE_THRESHOLD_ML>0.0</SIGNATURE_THRESHOLD_ML>
		<SIGNATURE_THRESHOLD_SAM>0.0</SIGNATURE_THRESHOLD_SAM>
	</signature>
	<signature ID="20210512_110034551831_471">
		<MACROCLASSID>1</MACROCLASSID>
		<MACROCLASSINFO>waterbody</MACROCLASSINFO>
		<CLASSID>16</CLASSID>
		<CLASSINFO>C 1</CLASSINFO>
		<VALUES>[0.16250273520531872, 0.0007462242962617205, 0.14916406599144094, 0.0012782612214225074, 0.13435546729875636, 0.001478338654203802, 0.07832865715367844, 0.007534361657713849, 0.025250591823588252, 0.007107768780960344, 0.014451459825925479, 0.004855806750734623]</VALUES>
