<?xml version="1.0" ?>
<signaturelist MCID_LIST="[['1', 'waterbody', '#0000ff'], ['2', 'vegetation', '#00ff00'], ['3', 'bareland', '#ffaa00'], ['4', 'built-up', '#ff0000']]">
	<signature ID="20210427_122558348104_283">
		<MACROCLASSID>1</MACROCLASSID>
		<MACROCLASSINFO>waterbody</MACROCLASSINFO>
		<CLASSID>1</CLASSID>
		<CLASSINFO>C 1</CLASSINFO>
		<VALUES>[0.13515834951937916, 0.004374003607123429, 0.11911147871737451, 0.009879246919477284, 0.0875674990281797, 0.011999076948738932, 0.061794533259663054, 0.0036056588792370203, 0.0294520489325944, 0.002313373672889027, 0.02386056646556178, 0.002716396447455185]</VALUES>
		<LCS_MIN>[0.12315316498279572, 0.09780886769294739, 0.06920948624610901, 0.05398634821176529, 0.01929614134132862, 0.012977569364011288]</LCS_MIN>
		<LCS_MAX>[0.14726069569587708, 0.1436791867017746, 0.12365912646055222, 0.07667556405067444, 0.03877333924174309, 0.03395581990480423]</LCS_MAX>
		<WAVELENGTH>[0.485, 0.56, 0.66, 0.83, 1.65, 2.215]</WAVELENGTH>
		<MEAN_VALUE>[0.13515834951937916, 0.11911147871737451, 0.0875674990281797, 0.061794533259663054, 0.0294520489325944, 0.02386056646556178]</MEAN_VALUE>
		<CHECKBOX>2</CHECKBOX>
		<SD>[0.004374003607123429, 0.009879246919477284, 0.011999076948738932, 0.0036056588792370203, 0.002313373672889027, 0.002716396447455185]</SD>
		<WAVELENGTH_UNIT>E-6m</WAVELENGTH_UNIT>
		<COLOR>#a66b41</COLOR>
		<COVARIANCE_MATRIX>[[1.7922999177244492e-05, 3.672669845400378e-05, 4.376771903480403e-05, 1.0469832886883523e-05, 5.360424779610184e-07, -2.2410317512822076e-07], [3.672669845400378e-05, 9.287540160585195e-05, 0.00010830112296389416, 2.5549064957886003e-05, 8.931152706281864e-07, -9.878176570055075e-07], [4.376771903480403e-05, 0.00010830112296389416, 0.0001398276217514649, 3.335556175443344e-05, 1.263499370907084e-06, -1.2653692920139292e-06], [1.0469832886883523e-05, 2.5549064957886003e-05, 3.335556175443344e-05, 1.2387463357299566e-05, 8.204812047551968e-07, 1.3781725272110634e-07], [5.360424779610184e-07, 8.931152706281864e-07, 1.263499370907084e-06, 8.204812047551968e-07, 5.290835815685568e-06, 4.788086584994744e-07], [-2.2410317512822076e-07, -9.878176570055075e-07, -1.2653692920139292e-06, 1.3781725272110634e-07, 4.788086584994744e-07, 7.2855041253205854e-06]]</COVARIANCE_MATRIX>
		<ROI_SIZE>9804</ROI_SIZE>
		<MAX_VALUE>[0.14726069569587708, 0.1436791867017746, 0.12365912646055222, 0.07667556405067444, 0.03877333924174309, 0.03395581990480423]</MAX_VALUE>
		<MIN_VALUE>[0.12315316498279572, 0.09780886769294739, 0.06920948624610901, 0.05398634821176529, 0.01929614134132862, 0.012977569364011288]</MIN_VALUE>
		<SIGNATURE_THRESHOLD_MD>0.0</SIGNATURE_THRESHOLD_MD>
		<SIGNATURE_THRESHOLD_ML>0.0</SIGNATURE_THRESHOLD_ML>
		<SIGNATURE_THRESHOLD_SAM>0.0</SIGNATURE_THRESHOLD_SAM>
	</signature>
	<signature ID="20210427_122605113172_640">
		<MACROCLASSID>1</MACROCLASSID>
		<MACROCLASSINFO>waterbody</MACROCLASSINFO>
		<CLASSID>2</CLASSID>
		<CLASSINFO>C 1</CLASSINFO>
		<VALUES>[0.15216858796313473, 0.004219238167016018, 0.1654957860645154, 0.008085588824578193, 0.12946941260623504, 0.007048959229503446, 0.08236216750116479, 0.005900953879620443, 0.036182613378728086, 0.005370354503531007, 0.025638317017350493, 0.003954430376990361]</VALUES>
		<LCS_MIN>[0.13219347596168518, 0.13712628185749054, 0.10248425602912903, 0.07289402931928635, 0.0241654422134161, 0.012977569364011288]</LCS_MIN>
		<LCS_MAX>[0.16082118451595306, 0.17972016334533691, 0.14483396708965302, 0.11449093371629715, 0.07042378932237625, 0.05843045189976692]</LCS_MAX>
		<WAVELENGTH>[0.485, 0.56, 0.66, 0.83, 1.65, 2.215]</WAVELENGTH>
		<MEAN_VALUE>[0.15216858796313473, 0.1654957860645154, 0.12946941260623504, 0.08236216750116479, 0.036182613378728086, 0.025638317017350493]</MEAN_VALUE>
		<CHECKBOX>2</CHECKBOX>
		<SD>[0.004219238167016018, 0.008085588824578193, 0.007048959229503446, 0.005900953879620443, 0.005370354503531007, 0.003954430376990361]</SD>
		<WAVELENGTH_UNIT>E-6m</WAVELENGTH_UNIT>
		<COLOR>#123a65</COLOR>
		<COVARIANCE_MATRIX>[[1.7387712432537228e-05, 2.925581793533638e-05, 2.3937403966556303e-05, -1.2691927622654475e-05, -1.035700370266568e-05, -4.472952696232824e-06], [2.925581793533638e-05, 6.72248934279196e-05, 5.469019015436061e-05, -2.4045069949352182e-05, -2.0977466192562133e-05, -9.74762861005729e-06], [2.3937403966556303e-05, 5.469019015436061e-05, 5.465953654493205e-05, -1.5711024389020167e-05, -1.532466740172822e-05, -7.036193892417941e-06], [-1.2691927622654475e-05, -2.4045069949352182e-05, -1.5711024389020167e-05, 2.9004957468714565e-05, 1.9792356397374533e-05, 1.0168846529268194e-05], [-1.035700370266568e-05, -2.0977466192562133e-05, -1.532466740172822e-05, 1.9792356397374533e-05, 2.291174496349413e-05, 9.686790690466296e-06], [-4.472952696232824e-06, -9.74762861005729e-06, -7.036193892417941e-06, 1.0168846529268194e-05, 9.686790690466296e-06, 1.2863230949733406e-05]]</COVARIANCE_MATRIX>
		<ROI_SIZE>6267</ROI_SIZE>
		<MAX_VALUE>[0.16082118451595306, 0.17972016334533691, 0.14483396708965302, 0.11449093371629715, 0.07042378932237625, 0.05843045189976692]</MAX_VALUE>
		<MIN_VALUE>[0.13219347596168518, 0.13712628185749054, 0.10248425602912903, 0.07289402931928635, 0.0241654422134161, 0.012977569364011288]</MIN_VALUE>
		<SIGNATURE_THRESHOLD_MD>0.0</SIGNATURE_THRESHOLD_MD>
		<SIGNATURE_THRESHOLD_ML>0.0</SIGNATURE_THRESHOLD_ML>
		<SIGNATURE_THRESHOLD_SAM>0.0</SIGNATURE_THRESHOLD_SAM>
	</signature>
	<signature ID="20210427_122609177863_970">
		<MACROCLASSID>1</MACROCLASSID>
		<MACROCLASSINFO>waterbody</MACROCLASSINFO>
		<CLASSID>3</CLASSID>
		<CLASSINFO>C 1</CLASSINFO>
		<VALUES>[0.14603509990038432, 0.0032158722268922552, 0.14520661370984453, 0.004174436886255753, 0.13802413591219306, 0.007390288072312519, 0.08564505512620624, 0.009249651406825331, 0.03190678879936079, 0.0032787709189558345, 0.02498429411859871, 0.0027825665882884125]</VALUES>
		<LCS_MIN>[0.13822035491466522, 0.1338498443365097, 0.11760915070772171, 0.06533095985651016, 0.02173079177737236, 0.012977569364011288]</LCS_MIN>
		<LCS_MAX>[0.1683548092842102, 0.17316725850105286, 0.16903381049633026, 0.11827248334884644, 0.046077292412519455, 0.03395581990480423]</LCS_MAX>
		<WAVELENGTH>[0.485, 0.56, 0.66, 0.83, 1.65, 2.215]</WAVELENGTH>
		<MEAN_VALUE>[0.14603509990038432, 0.14520661370984453, 0.13802413591219306, 0.08564505512620624, 0.03190678879936079, 0.02498429411859871]</MEAN_VALUE>
		<CHECKBOX>2</CHECKBOX>
		<SD>[0.0032158722268922552, 0.004174436886255753, 0.007390288072312519, 0.009249651406825331, 0.0032787709189558345, 0.0027825665882884125]</SD>
		<WAVELENGTH_UNIT>E-6m</WAVELENGTH_UNIT>
		<COLOR>#ed3c17</COLOR>
		<COVARIANCE_MATRIX>[[9.757155567058362e-06, 9.251739356841426e-06, 1.4710717550769914e-05, 1.900194001791533e-05, 5.1724659897445235e-06, 1.5933632084852434e-06], [9.251739356841426e-06, 1.6756544937379658e-05, 2.3411113943438977e-05, 2.8172829843242653e-05, 6.721104909956921e-06, 2.0759030121553224e-06], [1.4710717550769914e-05, 2.3411113943438977e-05, 5.417238571681082e-05, 6.110351387178525e-05, 1.2470100955397356e-05, 3.6092162645218195e-06], [1.900194001791533e-05, 2.8172829843242653e-05, 6.110351387178525e-05, 8.394628821406513e-05, 1.727972994558513e-05, 5.186900580156362e-06], [5.1724659897445235e-06, 6.721104909956921e-06, 1.2470100955397356e-05, 1.727972994558513e-05, 1.0307010597898625e-05, 1.81703671842115e-06], [1.5933632084852434e-06, 2.0759030121553224e-06, 3.6092162645218195e-06, 5.186900580156362e-06, 1.81703671842115e-06, 7.464358986908337e-06]]</COVARIANCE_MATRIX>
		<ROI_SIZE>9474</ROI_SIZE>
		<MAX_VALUE>[0.1683548092842102, 0.17316725850105286, 0.16903381049633026, 0.11827248334884644, 0.046077292412519455, 0.03395581990480423]</MAX_VALUE>
		<MIN_VALUE>[0.13822035491466522, 0.1338498443365097, 0.11760915070772171, 0.06533095985651016, 0.02173079177737236, 0.012977569364011288]</MIN_VALUE>
		<SIGNATURE_THRESHOLD_MD>0.0</SIGNATURE_THRESHOLD_MD>
		<SIGNATURE_THRESHOLD_ML>0.0</SIGNATURE_THRESHOLD_ML>
		<SIGNATURE_THRESHOLD_SAM>0.0</SIGNATURE_THRESHOLD_SAM>
	</signature>
	<signature ID="20210427_122615547371_886">
		<MACROCLASSID>1</MACROCLASSID>
		<MACROCLASSINFO>waterbody</MACROCLASSINFO>
		<CLASSID>4</CLASSID>
		<CLASSINFO>C 1</CLASSINFO>
		<VALUES>[0.14138603801301367, 0.0026737917303959998, 0.15115472154127743, 0.004672821832637767, 0.12746834610477237, 0.0048658633835699594, 0.08492142063908437, 0.007588082744797637, 0.034305837109871666, 0.00659820131855735, 0.02241930444897319, 0.004265217283733273]</VALUES>
		<LCS_MIN>[0.12767332792282104, 0.11746756732463837, 0.09945927560329437, 0.07289402931928635, 0.02173079177737236, 0.009481193497776985]</LCS_MIN>
		<LCS_MAX>[0.1487674117088318, 0.16333791613578796, 0.1387839913368225, 0.11449093371629715, 0.07042378932237625, 0.05143769830465317]</LCS_MAX>
		<WAVELENGTH>[0.485, 0.56, 0.66, 0.83, 1.65, 2.215]</WAVELENGTH>
		<MEAN_VALUE>[0.14138603801301367, 0.15115472154127743, 0.12746834610477237, 0.08492142063908437, 0.034305837109871666, 0.02241930444897319]</MEAN_VALUE>
		<CHECKBOX>2</CHECKBOX>
		<SD>[0.0026737917303959998, 0.004672821832637767, 0.0048658633835699594, 0.007588082744797637, 0.00659820131855735, 0.004265217283733273]</SD>
		<WAVELENGTH_UNIT>E-6m</WAVELENGTH_UNIT>
		<COLOR>#b232c4</COLOR>
		<COVARIANCE_MATRIX>[[6.963396572245983e-06, 8.008677468751557e-06, 8.21137655293569e-06, -1.1629892469500192e-05, -8.417838216701057e-06, -3.009150987054454e-06], [8.008677468751557e-06, 2.0148623661953025e-05, 1.6836391296237707e-05, -2.309061528649181e-05, -1.744497421896085e-05, -6.788011887692846e-06], [8.21137655293569e-06, 1.6836391296237707e-05, 2.1649839254678227e-05, -2.2118438209872693e-05, -1.6539286662009545e-05, -6.2087383412290365e-06], [-1.1629892469500192e-05, -2.309061528649181e-05, -2.2118438209872693e-05, 5.9270616475259885e-05, 4.292775702197105e-05, 1.961252019100357e-05], [-8.417838216701057e-06, -1.744497421896085e-05, -1.6539286662009545e-05, 4.292775702197105e-05, 4.4465155951911584e-05, 1.8790366084431298e-05], [-3.009150987054454e-06, -6.788011887692846e-06, -6.2087383412290365e-06, 1.961252019100357e-05, 1.8790366084431298e-05, 1.8604194337967783e-05]]</COVARIANCE_MATRIX>
		<ROI_SIZE>5997</ROI_SIZE>
		<MAX_VALUE>[0.1487674117088318, 0.16333791613578796, 0.1387839913368225, 0.11449093371629715, 0.07042378932237625, 0.05143769830465317]</MAX_VALUE>
		<MIN_VALUE>[0.12767332792282104, 0.11746756732463837, 0.09945927560329437, 0.07289402931928635, 0.02173079177737236, 0.009481193497776985]</MIN_VALUE>
		<SIGNATURE_THRESHOLD_MD>0.0</SIGNATURE_THRESHOLD_MD>
		<SIGNATURE_THRESHOLD_ML>0.0</SIGNATURE_THRESHOLD_ML>
		<SIGNATURE_THRESHOLD_SAM>0.0</SIGNATURE_THRESHOLD_SAM>
	</signature>
	<signature ID="20210427_122625352307_347">
		<MACROCLASSID>1</MACROCLASSID>
		<MACROCLASSINFO>waterbody</MACROCLASSINFO>
		<CLASSID>5</CLASSID>
		<CLASSINFO>C 1</CLASSINFO>
		<VALUES>[0.12639250422776788, 0.003043482796805799, 0.10906663943964784, 0.003406944697216914, 0.07377733429831503, 0.0032495111776388286, 0.07645620015025505, 0.008116731756987697, 0.030795815072052708, 0.006431917317320002, 0.018382050305196008, 0.004719724359473427]</VALUES>
		<LCS_MIN>[0.11712627857923508, 0.09453241527080536, 0.06315954029560089, 0.06533095985651016, 0.01686149276793003, 0.005984817165881395]</LCS_MIN>
		<LCS_MAX>[0.1352069228887558, 0.1207440122961998, 0.08433439582586288, 0.10692787170410156, 0.06555449217557907, 0.04444495216012001]</LCS_MAX>
		<WAVELENGTH>[0.485, 0.56, 0.66, 0.83, 1.65, 2.215]</WAVELENGTH>
		<MEAN_VALUE>[0.12639250422776788, 0.10906663943964784, 0.07377733429831503, 0.07645620015025505, 0.030795815072052708, 0.018382050305196008]</MEAN_VALUE>
		<CHECKBOX>2</CHECKBOX>
		<SD>[0.003043482796805799, 0.003406944697216914, 0.0032495111776388286, 0.008116731756987697, 0.006431917317320002, 0.004719724359473427]</SD>
		<WAVELENGTH_UNIT>E-6m</WAVELENGTH_UNIT>
		<COLOR>#bd0e68</COLOR>
		<COVARIANCE_MATRIX>[[8.358650120499078e-06, 6.0100783230154775e-06, 5.13728309670114e-06, 4.1235093704017345e-06, 3.228202331229113e-06, 3.290225322416518e-06], [6.0100783230154775e-06, 1.0459406439622398e-05, 5.583200618275441e-06, 3.780151018872857e-06, 2.855938646462164e-06, 3.0488279207929736e-06], [5.13728309670114e-06, 5.583200618275441e-06, 9.902695637720171e-06, 1.3088059859001078e-05, 1.0258001566398889e-05, 7.288318556675222e-06], [4.1235093704017345e-06, 3.780151018872857e-06, 1.3088059859001078e-05, 6.32822047919035e-05, 4.424213693710044e-05, 2.590162694104947e-05], [3.228202331229113e-06, 2.855938646462164e-06, 1.0258001566398889e-05, 4.424213693710044e-05, 4.123578401049599e-05, 2.1696689145755954e-05], [3.290225322416518e-06, 3.0488279207929736e-06, 7.288318556675222e-06, 2.590162694104947e-05, 2.1696689145755954e-05, 2.2324036763166077e-05]]</COVARIANCE_MATRIX>
		<ROI_SIZE>3944</ROI_SIZE>
		<MAX_VALUE>[0.1352069228887558, 0.1207440122961998, 0.08433439582586288, 0.10692787170410156, 0.06555449217557907, 0.04444495216012001]</MAX_VALUE>
		<MIN_VALUE>[0.11712627857923508, 0.09453241527080536, 0.06315954029560089, 0.06533095985651016, 0.01686149276793003, 0.005984817165881395]</MIN_VALUE>
		<SIGNATURE_THRESHOLD_MD>0.0</SIGNATURE_THRESHOLD_MD>
		<SIGNATURE_THRESHOLD_ML>0.0</SIGNATURE_THRESHOLD_ML>
		<SIGNATURE_THRESHOLD_SAM>0.0</SIGNATURE_THRESHOLD_SAM>
	</signature>
	<signature ID="20210427_122629958061_740">
		<MACROCLASSID>1</MACROCLASSID>
		<MACROCLASSINFO>waterbody</MACROCLASSINFO>
		<CLASSID>6</CLASSID>
		<CLASSINFO>C 1</CLASSINFO>
		<VALUES>[0.1297055194764052, 0.0026752818741360824, 0.11008631061283246, 0.0031354225051776602, 0.08336134389480135, 0.005340280493903985, 0.10476394044760914, 0.010710034807705182, 0.052067737357846484, 0.009294336034200405, 0.031631481631934306, 0.006381434119700439]</VALUES>
		<LCS_MIN>[0.12164643406867981, 0.09780886769294739, 0.07223447412252426, 0.08802018314599991, 0.03390403836965561, 0.01997031643986702]</LCS_MIN>
		<LCS_MAX>[0.13822035491466522, 0.1207440122961998, 0.10550924390554428, 0.14096170663833618, 0.08746634423732758, 0.05843045189976692]</LCS_MAX>
		<WAVELENGTH>[0.485, 0.56, 0.66, 0.83, 1.65, 2.215]</WAVELENGTH>
		<MEAN_VALUE>[0.1297055194764052, 0.11008631061283246, 0.08336134389480135, 0.10476394044760914, 0.052067737357846484, 0.031631481631934306]</MEAN_VALUE>
		<CHECKBOX>2</CHECKBOX>
		<SD>[0.0026752818741360824, 0.0031354225051776602, 0.005340280493903985, 0.010710034807705182, 0.009294336034200405, 0.006381434119700439]</SD>
		<WAVELENGTH_UNIT>E-6m</WAVELENGTH_UNIT>
		<COLOR>#57f0f1</COLOR>
		<COVARIANCE_MATRIX>[[7.1652202677796595e-06, 4.284731858206214e-06, 8.973434887593612e-06, 1.0441445738251787e-05, 1.0560279406490736e-05, 7.550404006906319e-06], [4.284731858206214e-06, 9.84198231890332e-06, 9.574621799401939e-06, 1.217750377691118e-05, 1.1042997357435524e-05, 7.3664514275151305e-06], [8.973434887593612e-06, 9.574621799401939e-06, 2.855081947927829e-05, 3.8555637729587033e-05, 3.447908238740638e-05, 2.3561438865726814e-05], [1.0441445738251787e-05, 1.217750377691118e-05, 3.8555637729587033e-05, 0.00011483445268822834, 9.022033918881789e-05, 5.49775650142692e-05], [1.0560279406490736e-05, 1.1042997357435524e-05, 3.447908238740638e-05, 9.022033918881789e-05, 8.648229413665831e-05, 5.063448043074459e-05], [7.550404006906319e-06, 7.3664514275151305e-06, 2.3561438865726814e-05, 5.49775650142692e-05, 5.063448043074459e-05, 4.076871482538991e-05]]</COVARIANCE_MATRIX>
		<ROI_SIZE>886</ROI_SIZE>
		<MAX_VALUE>[0.13822035491466522, 0.1207440122961998, 0.10550924390554428, 0.14096170663833618, 0.08746634423732758, 0.05843045189976692]</MAX_VALUE>
		<MIN_VALUE>[0.12164643406867981, 0.09780886769294739, 0.07223447412252426, 0.08802018314599991, 0.03390403836965561, 0.01997031643986702]</MIN_VALUE>
		<SIGNATURE_THRESHOLD_MD>0.0</SIGNATURE_THRESHOLD_MD>
		<SIGNATURE_THRESHOLD_ML>0.0</SIGNATURE_THRESHOLD_ML>
		<SIGNATURE_THRESHOLD_SAM>0.0</SIGNATURE_THRESHOLD_SAM>
	</signature>
	<signature ID="20210427_122636438883_844">
		<MACROCLASSID>1</MACROCLASSID>
		<MACROCLASSINFO>waterbody</MACROCLASSINFO>
		<CLASSID>7</CLASSID>
		<CLASSINFO>C 1</CLASSINFO>
		<VALUES>[0.12261617515880371, 0.0020554207041593034, 0.10965335723712911, 0.0023166279421292352, 0.07299185586266933, 0.00188349256821814, 0.07295373641234575, 0.0076202007525212525, 0.025150284843337277, 0.006104856248886164, 0.012601642943638601, 0.004167542371024108]</VALUES>
		<LCS_MIN>[0.11411282420158386, 0.09780886769294739, 0.06618451327085495, 0.06154942512512207, 0.014426842331886292, 0.0024884419981390238]</LCS_MIN>
		<LCS_MAX>[0.13068675994873047, 0.11746756732463837, 0.08433439582586288, 0.10692787170410156, 0.058250539004802704, 0.040948573499917984]</LCS_MAX>
		<WAVELENGTH>[0.485, 0.56, 0.66, 0.83, 1.65, 2.215]</WAVELENGTH>
		<MEAN_VALUE>[0.12261617515880371, 0.10965335723712911, 0.07299185586266933, 0.07295373641234575, 0.025150284843337277, 0.012601642943638601]</MEAN_VALUE>
		<CHECKBOX>2</CHECKBOX>
		<SD>[0.0020554207041593034, 0.0023166279421292352, 0.00188349256821814, 0.0076202007525212525, 0.006104856248886164, 0.004167542371024108]</SD>
		<WAVELENGTH_UNIT>E-6m</WAVELENGTH_UNIT>
		<COLOR>#886ca4</COLOR>
		<COVARIANCE_MATRIX>[[4.227933004585793e-06, 2.1155674403416924e-06, 8.665603559165902e-07, -4.911088126391405e-06, -3.856757757603191e-06, -2.0611016680049943e-06], [2.1155674403416924e-06, 5.370803137338953e-06, 9.63472189141612e-07, -7.662570169486571e-06, -5.6774847507767845e-06, -2.9225375328678638e-06], [8.665603559165902e-07, 9.63472189141612e-07, 3.550213477865327e-06, -1.465461537009105e-06, -6.633427460656094e-07, -5.108885829940846e-07], [-4.911088126391405e-06, -7.662570169486571e-06, -1.465461537009105e-06, 5.811115261167288e-05, 3.775174991460517e-05, 1.9670927940751426e-05], [-3.856757757603191e-06, -5.6774847507767845e-06, -6.633427460656094e-07, 3.775174991460517e-05, 3.729731179191731e-05, 1.706874172668904e-05], [-2.0611016680049943e-06, -2.9225375328678638e-06, -5.108885829940846e-07, 1.9670927940751426e-05, 1.706874172668904e-05, 1.7381478755851276e-05]]</COVARIANCE_MATRIX>
		<ROI_SIZE>1330</ROI_SIZE>
		<MAX_VALUE>[0.13068675994873047, 0.11746756732463837, 0.08433439582586288, 0.10692787170410156, 0.058250539004802704, 0.040948573499917984]</MAX_VALUE>
		<MIN_VALUE>[0.11411282420158386, 0.09780886769294739, 0.06618451327085495, 0.06154942512512207, 0.014426842331886292, 0.0024884419981390238]</MIN_VALUE>
		<SIGNATURE_THRESHOLD_MD>0.0</SIGNATURE_THRESHOLD_MD>
		<SIGNATURE_THRESHOLD_ML>0.0</SIGNATURE_THRESHOLD_ML>
		<SIGNATURE_THRESHOLD_SAM>0.0</SIGNATURE_THRESHOLD_SAM>
	</signature>
	<signature ID="20210427_122642503222_855">
		<MACROCLASSID>1</MACROCLASSID>
		<MACROCLASSINFO>waterbody</MACROCLASSINFO>
		<CLASSID>8</CLASSID>
		<CLASSINFO>C 1</CLASSINFO>
		<VALUES>[0.14590548810651416, 0.003700462162223664, 0.13578245387841, 0.0051928846941739285, 0.10362073806161315, 0.004693821965315872, 0.10392270729750461, 0.00931746223723739, 0.04733881890059242, 0.006868633875341776, 0.029243527918974273, 0.004121820069148244]</VALUES>
		<LCS_MIN>[0.13219347596168518, 0.1109146699309349, 0.08433439582586288, 0.08802018314599991, 0.03390403836965561, 0.012977569364011288]</LCS_MIN>
		<LCS_MAX>[0.15780773758888245, 0.14695565402507782, 0.11760915070772171, 0.1371801644563675, 0.0825970470905304, 0.05143769830465317]</LCS_MAX>
		<WAVELENGTH>[0.485, 0.56, 0.66, 0.83, 1.65, 2.215]</WAVELENGTH>
		<MEAN_VALUE>[0.14590548810651416, 0.13578245387841, 0.10362073806161315, 0.10392270729750461, 0.04733881890059242, 0.029243527918974273]</MEAN_VALUE>
		<CHECKBOX>2</CHECKBOX>
		<SD>[0.003700462162223664, 0.0051928846941739285, 0.004693821965315872, 0.00931746223723739, 0.006868633875341776, 0.004121820069148244]</SD>
		<WAVELENGTH_UNIT>E-6m</WAVELENGTH_UNIT>
		<COLOR>#543b2d</COLOR>
		<COVARIANCE_MATRIX>[[1.3532522643799894e-05, 1.5916353731881827e-05, 1.411950961482944e-05, 2.5990391350205755e-07, 6.386192126228707e-07, 1.5752784747746773e-06], [1.5916353731881827e-05, 2.7552527171792462e-05, 2.0870174921583384e-05, -3.4788602079061093e-06, -1.4850473917249474e-06, 1.1019811836376903e-06], [1.411950961482944e-05, 2.0870174921583384e-05, 2.1843796275788918e-05, 1.835992520682339e-06, 2.0006073100375943e-06, 2.399729964963626e-06], [2.5990391350205755e-07, -3.4788602079061093e-06, 1.835992520682339e-06, 8.385467663174495e-05, 5.387956480262801e-05, 2.5490622647339478e-05], [6.386192126228707e-07, -1.4850473917249474e-06, 2.0006073100375943e-06, 5.387956480262801e-05, 4.3110565457027406e-05, 1.8586877558846027e-05], [1.5752784747746773e-06, 1.1019811836376903e-06, 2.399729964963626e-06, 2.5490622647339478e-05, 1.8586877558846027e-05, 1.5918711142148823e-05]]</COVARIANCE_MATRIX>
		<ROI_SIZE>3871</ROI_SIZE>
		<MAX_VALUE>[0.15780773758888245, 0.14695565402507782, 0.11760915070772171, 0.1371801644563675, 0.0825970470905304, 0.05143769830465317]</MAX_VALUE>
		<MIN_VALUE>[0.13219347596168518, 0.1109146699309349, 0.08433439582586288, 0.08802018314599991, 0.03390403836965561, 0.012977569364011288]</MIN_VALUE>
		<SIGNATURE_THRESHOLD_MD>0.0</SIGNATURE_THRESHOLD_MD>
		<SIGNATURE_THRESHOLD_ML>0.0</SIGNATURE_THRESHOLD_ML>
		<SIGNATURE_THRESHOLD_SAM>0.0</SIGNATURE_THRESHOLD_SAM>
	</signature>
	<signature ID="20210427_122657167142_359">
		<MACROCLASSID>1</MACROCLASSID>
		<MACROCLASSINFO>waterbody</MACROCLASSINFO>
		<CLASSID>9</CLASSID>
		<CLASSINFO>C 1</CLASSINFO>
		<VALUES>[0.13429379804894834, 0.0016955407340232343, 0.137033074811615, 0.0019810171990710464, 0.13665086985405145, 0.002513935515852841, 0.10293769413798032, 0.0070243047113549084, 0.0393421243940448, 0.007664343970162054, 0.02703842302575578, 0.006996112658842556]</VALUES>
		<LCS_MIN>[0.12767332792282104, 0.12729692459106445, 0.12668408453464508, 0.0918017253279686, 0.02660009078681469, 0.012977569364011288]</LCS_MIN>
		<LCS_MAX>[0.13972707092761993, 0.1436791867017746, 0.14785896241664886, 0.1371801644563675, 0.07772773504257202, 0.06542320549488068]</LCS_MAX>
		<WAVELENGTH>[0.485, 0.56, 0.66, 0.83, 1.65, 2.215]</WAVELENGTH>
		<MEAN_VALUE>[0.13429379804894834, 0.137033074811615, 0.13665086985405145, 0.10293769413798032, 0.0393421243940448, 0.02703842302575578]</MEAN_VALUE>
		<CHECKBOX>2</CHECKBOX>
		<SD>[0.0016955407340232343, 0.0019810171990710464, 0.002513935515852841, 0.0070243047113549084, 0.007664343970162054, 0.006996112658842556]</SD>
		<WAVELENGTH_UNIT>E-6m</WAVELENGTH_UNIT>
		<COLOR>#510626</COLOR>
		<COVARIANCE_MATRIX>[[2.8773388294212054e-06, 5.196550318942172e-07, 5.279944730318675e-07, -1.4295249002316268e-06, -9.234612434738665e-07, -8.129327966344135e-07], [5.196550318942172e-07, 3.927815214410657e-06, 1.1093773082393454e-06, -3.77173955712351e-06, -3.1473707622353686e-06, -2.543068603699794e-06], [5.279944730318675e-07, 1.1093773082393454e-06, 6.3253246480599046e-06, -3.840626959572546e-06, -2.566530611147755e-06, -1.7098475382226752e-06], [-1.4295249002316268e-06, -3.77173955712351e-06, -3.840626959572546e-06, 4.938342681271024e-05, 4.5222950575407594e-05, 3.8882208173163235e-05], [-9.234612434738665e-07, -3.1473707622353686e-06, -2.566530611147755e-06, 4.5222950575407594e-05, 5.879285163246095e-05, 4.4884331146022305e-05], [-8.129327966344135e-07, -2.543068603699794e-06, -1.7098475382226752e-06, 3.8882208173163235e-05, 4.4884331146022305e-05, 4.8987822083290666e-05]]</COVARIANCE_MATRIX>
		<ROI_SIZE>1160</ROI_SIZE>
		<MAX_VALUE>[0.13972707092761993, 0.1436791867017746, 0.14785896241664886, 0.1371801644563675, 0.07772773504257202, 0.06542320549488068]</MAX_VALUE>
		<MIN_VALUE>[0.12767332792282104, 0.12729692459106445, 0.12668408453464508, 0.0918017253279686, 0.02660009078681469, 0.012977569364011288]</MIN_VALUE>
		<SIGNATURE_THRESHOLD_MD>0.0</SIGNATURE_THRESHOLD_MD>
		<SIGNATURE_THRESHOLD_ML>0.0</SIGNATURE_THRESHOLD_ML>
		<SIGNATURE_THRESHOLD_SAM>0.0</SIGNATURE_THRESHOLD_SAM>
	</signature>
	<signature ID="20210427_122711990163_434">
		<MACROCLASSID>1</MACROCLASSID>
		<MACROCLASSINFO>waterbody</MACROCLASSINFO>
		<CLASSID>10</CLASSID>
		<CLASSINFO>C 1</CLASSINFO>
		<VALUES>[0.13540332061108015, 0.0021220147080085023, 0.13938257071078305, 0.002763155220481982, 0.13955475347812019, 0.004249471641496591, 0.09994513728365896, 0.007239044842820051, 0.038614063877823124, 0.006717402401920862, 0.02775246362658597, 0.006023229069887854]</VALUES>
		<LCS_MIN>[0.12918002903461456, 0.12729692459106445, 0.11760915070772171, 0.08802018314599991, 0.02660009078681469, 0.012977569364011288]</LCS_MIN>
		<LCS_MAX>[0.14424726366996765, 0.14695565402507782, 0.15088391304016113, 0.1333986222743988, 0.07042378932237625, 0.06192683055996895]</LCS_MAX>
		<WAVELENGTH>[0.485, 0.56, 0.66, 0.83, 1.65, 2.215]</WAVELENGTH>
		<MEAN_VALUE>[0.13540332061108015, 0.13938257071078305, 0.13955475347812019, 0.09994513728365896, 0.038614063877823124, 0.02775246362658597]</MEAN_VALUE>
		<CHECKBOX>2</CHECKBOX>
		<SD>[0.0021220147080085023, 0.002763155220481982, 0.004249471641496591, 0.007239044842820051, 0.006717402401920862, 0.006023229069887854]</SD>
		<WAVELENGTH_UNIT>E-6m</WAVELENGTH_UNIT>
		<COLOR>#3ed1ba</COLOR>
		<COVARIANCE_MATRIX>[[4.505162451096112e-06, 3.0089295250945725e-06, 4.453445399121847e-06, 1.22346739317436e-06, 1.3022128086959128e-06, 1.7089267885239678e-06], [3.0089295250945725e-06, 7.638784154551104e-06, 6.464156285801437e-06, -1.6698134004400345e-06, -5.158762519386073e-07, 5.181906317375251e-07], [4.453445399121847e-06, 6.464156285801437e-06, 1.8066895790980197e-05, 4.849815923080314e-06, 1.00355487120396e-06, 2.384127810728387e-06], [1.22346739317436e-06, -1.6698134004400345e-06, 4.849815923080314e-06, 5.242956103757024e-05, 3.5116070648655295e-05, 2.985650826303754e-05], [1.3022128086959128e-06, -5.158762519386073e-07, 1.00355487120396e-06, 3.5116070648655295e-05, 4.514570173341781e-05, 3.428032505325973e-05], [1.7089267885239678e-06, 5.181906317375251e-07, 2.384127810728387e-06, 2.985650826303754e-05, 3.428032505325973e-05, 3.629714410635643e-05]]</COVARIANCE_MATRIX>
		<ROI_SIZE>2033</ROI_SIZE>
		<MAX_VALUE>[0.14424726366996765, 0.14695565402507782, 0.15088391304016113, 0.1333986222743988, 0.07042378932237625, 0.06192683055996895]</MAX_VALUE>
		<MIN_VALUE>[0.12918002903461456, 0.12729692459106445, 0.11760915070772171, 0.08802018314599991, 0.02660009078681469, 0.012977569364011288]</MIN_VALUE>
		<SIGNATURE_THRESHOLD_MD>0.0</SIGNATURE_THRESHOLD_MD>
		<SIGNATURE_THRESHOLD_ML>0.0</SIGNATURE_THRESHOLD_ML>
		<SIGNATURE_THRESHOLD_SAM>0.0</SIGNATURE_THRESHOLD_SAM>
	</signature>
	<signature ID="20210427_122717629397_381">
		<MACROCLASSID>1</MACROCLASSID>
		<MACROCLASSINFO>waterbody</MACROCLASSINFO>
		<CLASSID>11</CLASSID>
		<CLASSINFO>C 1</CLASSINFO>
		<VALUES>[0.13609352237125394, 0.0021412961635581254, 0.1410769777614893, 0.0031233209658245104, 0.139830459385812, 0.0035201515116069387, 0.09976860577524435, 0.007585910444830851, 0.04188232476904871, 0.008727419458617937, 0.03051389504982381, 0.008125831888457231]</VALUES>
		<LCS_MIN>[0.12918002903461456, 0.12729692459106445, 0.12365912646055222, 0.0918017253279686, 0.02903474122285843, 0.01997031643986702]</LCS_MIN>
		<LCS_MAX>[0.14424726366996765, 0.15023209154605865, 0.15088391304016113, 0.1371801644563675, 0.08016238361597061, 0.0689195767045021]</LCS_MAX>
		<WAVELENGTH>[0.485, 0.56, 0.66, 0.83, 1.65, 2.215]</WAVELENGTH>
		<MEAN_VALUE>[0.13609352237125394, 0.1410769777614893, 0.139830459385812, 0.09976860577524435, 0.04188232476904871, 0.03051389504982381]</MEAN_VALUE>
		<CHECKBOX>2</CHECKBOX>
		<SD>[0.0021412961635581254, 0.0031233209658245104, 0.0035201515116069387, 0.007585910444830851, 0.008727419458617937, 0.008125831888457231]</SD>
		<WAVELENGTH_UNIT>E-6m</WAVELENGTH_UNIT>
		<COLOR>#107b23</COLOR>
		<COVARIANCE_MATRIX>[[5.581283858191455e-06, 4.904953584627947e-06, 4.969599558535265e-06, -2.7872400210071646e-07, 1.1486707762742299e-06, 1.416460690961685e-06], [4.904953584627947e-06, 1.2046539268339984e-05, 8.261766197392717e-06, -6.2777098719379865e-06, -4.414462637214456e-06, -3.1705590117780957e-06], [4.969599558535265e-06, 8.261766197392717e-06, 1.4193049537425395e-05, -4.982419795851456e-06, -3.5766479413723573e-06, -2.0686165953520685e-06], [-2.7872400210071646e-07, -6.2777098719379865e-06, -4.982419795851456e-06, 5.421289097284898e-05, 5.2877050620736554e-05, 4.488904232857749e-05], [1.1486707762742299e-06, -4.414462637214456e-06, -3.5766479413723573e-06, 5.2877050620736554e-05, 6.919178122188896e-05, 5.553019582293928e-05], [1.416460690961685e-06, -3.1705590117780957e-06, -2.0686165953520685e-06, 4.488904232857749e-05, 5.553019582293928e-05, 5.6634569773450494e-05]]</COVARIANCE_MATRIX>
		<ROI_SIZE>1840</ROI_SIZE>
		<MAX_VALUE>[0.14424726366996765, 0.15023209154605865, 0.15088391304016113, 0.1371801644563675, 0.08016238361597061, 0.0689195767045021]</MAX_VALUE>
		<MIN_VALUE>[0.12918002903461456, 0.12729692459106445, 0.12365912646055222, 0.0918017253279686, 0.02903474122285843, 0.01997031643986702]</MIN_VALUE>
		<SIGNATURE_THRESHOLD_MD>0.0</SIGNATURE_THRESHOLD_MD>
		<SIGNATURE_THRESHOLD_ML>0.0</SIGNATURE_THRESHOLD_ML>
		<SIGNATURE_THRESHOLD_SAM>0.0</SIGNATURE_THRESHOLD_SAM>
	</signature>
	<signature ID="20210427_122725550766_219">
		<MACROCLASSID>1</MACROCLASSID>
		<MACROCLASSINFO>waterbody</MACROCLASSINFO>
		<CLASSID>12</CLASSID>
		<CLASSINFO>C 1</CLASSINFO>
		<VALUES>[0.14026959366679376, 0.0030010589917465534, 0.13320049592793984, 0.004297247299725929, 0.10402649460690092, 0.0038074453912295696, 0.10583516867456563, 0.010697631503162712, 0.06273677675180284, 0.01052356502988325, 0.04099617822943948, 0.007256075184612165]</VALUES>
		<LCS_MIN>[0.13219347596168518, 0.1207440122961998, 0.09643430262804031, 0.08802018314599991, 0.046077292412519455, 0.026963071897625923]</LCS_MIN>
		<LCS_MAX>[0.1487674117088318, 0.1436791867017746, 0.12063413858413696, 0.1371801644563675, 0.09233563393354416, 0.06542320549488068]</LCS_MAX>
		<WAVELENGTH>[0.485, 0.56, 0.66, 0.83, 1.65, 2.215]</WAVELENGTH>
		<MEAN_VALUE>[0.14026959366679376, 0.13320049592793984, 0.10402649460690092, 0.10583516867456563, 0.06273677675180284, 0.04099617822943948]</MEAN_VALUE>
		<CHECKBOX>2</CHECKBOX>
		<SD>[0.0030010589917465534, 0.004297247299725929, 0.0038074453912295696, 0.010697631503162712, 0.01052356502988325, 0.007256075184612165]</SD>
		<WAVELENGTH_UNIT>E-6m</WAVELENGTH_UNIT>
		<COLOR>#be3454</COLOR>
		<COVARIANCE_MATRIX>[[9.020001016324386e-06, 8.266493750852533e-06, 3.4712563774519367e-06, 1.226542462973157e-05, 1.2052446436428e-05, 7.181819910329068e-06], [8.266493750852533e-06, 1.8494312826078385e-05, 5.192688149691094e-06, 9.820904779189732e-06, 1.0737403499661013e-05, 6.869668141007423e-06], [3.4712563774519367e-06, 5.192688149691094e-06, 1.4518604984914418e-05, 2.460056020936463e-05, 2.403617327217944e-05, 1.5711044397903606e-05], [1.226542462973157e-05, 9.820904779189732e-06, 2.460056020936463e-05, 0.00011461271060397848, 0.00010289133933838457, 6.537919398397207e-05], [1.2052446436428e-05, 1.0737403499661013e-05, 2.403617327217944e-05, 0.00010289133933838457, 0.00011091321357525885, 6.602845678571612e-05], [7.181819910329068e-06, 6.869668141007423e-06, 1.5711044397903606e-05, 6.537919398397207e-05, 6.602845678571612e-05, 5.273040005704388e-05]]</COVARIANCE_MATRIX>
		<ROI_SIZE>661</ROI_SIZE>
		<MAX_VALUE>[0.1487674117088318, 0.1436791867017746, 0.12063413858413696, 0.1371801644563675, 0.09233563393354416, 0.06542320549488068]</MAX_VALUE>
		<MIN_VALUE>[0.13219347596168518, 0.1207440122961998, 0.09643430262804031, 0.08802018314599991, 0.046077292412519455, 0.026963071897625923]</MIN_VALUE>
		<SIGNATURE_THRESHOLD_MD>0.0</SIGNATURE_THRESHOLD_MD>
		<SIGNATURE_THRESHOLD_ML>0.0</SIGNATURE_THRESHOLD_ML>
		<SIGNATURE_THRESHOLD_SAM>0.0</SIGNATURE_THRESHOLD_SAM>
	</signature>
	<signature ID="20210427_122729942822_201">
		<MACROCLASSID>1</MACROCLASSID>
		<MACROCLASSINFO>waterbody</MACROCLASSINFO>
		<CLASSID>13</CLASSID>
		<CLASSINFO>C 1</CLASSINFO>
		<VALUES>[0.1473745753945307, 0.002320637707692581, 0.13703104065254695, 0.003148755182030506, 0.10932563500868715, 0.003582371058879614, 0.12561569817710755, 0.011459161187481762, 0.07778435624962621, 0.009617364557290058, 0.052047532484974984, 0.006996649549608877]</VALUES>
		<LCS_MIN>[0.14123380184173584, 0.12729692459106445, 0.10248425602912903, 0.11070939898490906, 0.06555449217557907, 0.040948573499917984]</LCS_MIN>
		<LCS_MAX>[0.1532875895500183, 0.15023209154605865, 0.12668408453464508, 0.15608786046504974, 0.1069435402750969, 0.07241594791412354]</LCS_MAX>
		<WAVELENGTH>[0.485, 0.56, 0.66, 0.83, 1.65, 2.215]</WAVELENGTH>
		<MEAN_VALUE>[0.1473745753945307, 0.13703104065254695, 0.10932563500868715, 0.12561569817710755, 0.07778435624962621, 0.052047532484974984]</MEAN_VALUE>
		<CHECKBOX>2</CHECKBOX>
		<SD>[0.002320637707692581, 0.003148755182030506, 0.003582371058879614, 0.011459161187481762, 0.009617364557290058, 0.006996649549608877]</SD>
		<WAVELENGTH_UNIT>E-6m</WAVELENGTH_UNIT>
		<COLOR>#1515d3</COLOR>
		<COVARIANCE_MATRIX>[[5.41685267307912e-06, 3.619596782300505e-06, 2.281529305037111e-06, -2.80701283372764e-06, -1.3365272479859414e-06, -6.985623457467227e-08], [3.619596782300505e-06, 9.972639418265317e-06, 6.451431545428932e-06, 9.933272622220102e-07, -4.122436081388514e-08, 1.063311287907709e-06], [2.281529305037111e-06, 6.451431545428932e-06, 1.2908431017422117e-05, 2.258487802464515e-05, 1.8086879208567552e-05, 1.1575415555853397e-05], [-2.80701283372764e-06, 9.933272622220102e-07, 2.258487802464515e-05, 0.000132080283947289, 9.918666910380125e-05, 6.338240200420842e-05], [-1.3365272479859414e-06, -4.122436081388514e-08, 1.8086879208567552e-05, 9.918666910380125e-05, 9.303459955845028e-05, 5.56197774130851e-05], [-6.985623457467227e-08, 1.063311287907709e-06, 1.1575415555853397e-05, 6.338240200420842e-05, 5.56197774130851e-05, 4.9239381041843444e-05]]</COVARIANCE_MATRIX>
		<ROI_SIZE>172</ROI_SIZE>
		<MAX_VALUE>[0.1532875895500183, 0.15023209154605865, 0.12668408453464508, 0.15608786046504974, 0.1069435402750969, 0.07241594791412354]</MAX_VALUE>
		<MIN_VALUE>[0.14123380184173584, 0.12729692459106445, 0.10248425602912903, 0.11070939898490906, 0.06555449217557907, 0.040948573499917984]</MIN_VALUE>
		<SIGNATURE_THRESHOLD_MD>0.0</SIGNATURE_THRESHOLD_MD>
		<SIGNATURE_THRESHOLD_ML>0.0</SIGNATURE_THRESHOLD_ML>
		<SIGNATURE_THRESHOLD_SAM>0.0</SIGNATURE_THRESHOLD_SAM>
	</signature>
	<signature ID="20210427_122735708388_487">
		<MACROCLASSID>1</MACROCLASSID>
		<MACROCLASSINFO>waterbody</MACROCLASSINFO>
		<CLASSID>14</CLASSID>
		<CLASSINFO>C 1</CLASSINFO>
		<VALUES>[0.13322504108248204, 0.003759474722217493, 0.1201577967738891, 0.008339591360122934, 0.09829772720904709, 0.00731497873836781, 0.10161394231459679, 0.008759137669011107, 0.055795997868176406, 0.007612351081699363, 0.036972301681921615, 0.005216821372538542]</VALUES>
		<LCS_MIN>[0.12164643406867981, 0.10108532011508942, 0.07828443497419357, 0.08802018314599991, 0.04120798408985138, 0.023466693237423897]</LCS_MIN>
		<LCS_MAX>[0.14424726366996765, 0.1436791867017746, 0.12365912646055222, 0.1333986222743988, 0.08746634423732758, 0.06192683055996895]</LCS_MAX>
		<WAVELENGTH>[0.485, 0.56, 0.66, 0.83, 1.65, 2.215]</WAVELENGTH>
		<MEAN_VALUE>[0.13322504108248204, 0.1201577967738891, 0.09829772720904709, 0.10161394231459679, 0.055795997868176406, 0.036972301681921615]</MEAN_VALUE>
		<CHECKBOX>2</CHECKBOX>
		<SD>[0.003759474722217493, 0.008339591360122934, 0.00731497873836781, 0.008759137669011107, 0.007612351081699363, 0.005216821372538542]</SD>
		<WAVELENGTH_UNIT>E-6m</WAVELENGTH_UNIT>
		<COLOR>#7a642d</COLOR>
		<COVARIANCE_MATRIX>[[1.4145206478133332e-05, 2.6330146283726208e-05, 2.251611658721231e-05, 1.7870312376544462e-06, 9.473653221903078e-07, 3.334080929562333e-06], [2.6330146283726208e-05, 6.960565224289894e-05, 5.557652184506878e-05, -4.4318070990811975e-07, -2.314115363333258e-06, 5.657051133312052e-06], [2.251611658721231e-05, 5.557652184506878e-05, 5.355266694095917e-05, 6.168892014102312e-06, 5.221939318289515e-06, 9.421874892723281e-06], [1.7870312376544462e-06, -4.4318070990811975e-07, 6.168892014102312e-06, 7.678522524656728e-05, 5.6549783039372414e-05, 3.092900806223042e-05], [9.473653221903078e-07, -2.314115363333258e-06, 5.221939318289515e-06, 5.6549783039372414e-05, 5.7995272072730586e-05, 2.926548222603742e-05], [3.334080929562333e-06, 5.657051133312052e-06, 9.421874892723281e-06, 3.092900806223042e-05, 2.926548222603742e-05, 2.723747820709832e-05]]</COVARIANCE_MATRIX>
		<ROI_SIZE>1224</ROI_SIZE>
		<MAX_VALUE>[0.14424726366996765, 0.1436791867017746, 0.12365912646055222, 0.1333986222743988, 0.08746634423732758, 0.06192683055996895]</MAX_VALUE>
		<MIN_VALUE>[0.12164643406867981, 0.10108532011508942, 0.07828443497419357, 0.08802018314599991, 0.04120798408985138, 0.023466693237423897]</MIN_VALUE>
		<SIGNATURE_THRESHOLD_MD>0.0</SIGNATURE_THRESHOLD_MD>
		<SIGNATURE_THRESHOLD_ML>0.0</SIGNATURE_THRESHOLD_ML>
		<SIGNATURE_THRESHOLD_SAM>0.0</SIGNATURE_THRESHOLD_SAM>
	</signature>
	<signature ID="20210427_122743659789_350">
		<MACROCLASSID>1</MACROCLASSID>
		<MACROCLASSINFO>waterbody</MACROCLASSINFO>
		<CLASSID>15</CLASSID>
		<CLASSINFO>C 1</CLASSINFO>
		<VALUES>[0.13502924963930052, 0.0066191193776076514, 0.12742427531359848, 0.012726011979941327, 0.10611104541636097, 0.01303243157536244, 0.09801460071730676, 0.011648802491608656, 0.04632107511270745, 0.009390928884815408, 0.03012316760132203, 0.006584654894135454]</VALUES>
		<LCS_MIN>[0.11863299459218979, 0.10108532011508942, 0.08130940794944763, 0.07667556405067444, 0.03146938979625702, 0.01647394523024559]</LCS_MIN>
		<LCS_MAX>[0.14575397968292236, 0.14695565402507782, 0.12668408453464508, 0.12583555281162262, 0.07772773504257202, 0.06192683055996895]</LCS_MAX>
		<WAVELENGTH>[0.485, 0.56, 0.66, 0.83, 1.65, 2.215]</WAVELENGTH>
		<MEAN_VALUE>[0.13502924963930052, 0.12742427531359848, 0.10611104541636097, 0.09801460071730676, 0.04632107511270745, 0.03012316760132203]</MEAN_VALUE>
		<CHECKBOX>2</CHECKBOX>
		<SD>[0.0066191193776076514, 0.012726011979941327, 0.01303243157536244, 0.011648802491608656, 0.009390928884815408, 0.006584654894135454]</SD>
		<WAVELENGTH_UNIT>E-6m</WAVELENGTH_UNIT>
		<COLOR>#a9b986</COLOR>
		<COVARIANCE_MATRIX>[[4.384162093629129e-05, 7.960206130519509e-05, 8.046783477766439e-05, -1.3858982129022479e-05, -8.703113053343259e-06, -2.8552967705763876e-06], [7.960206130519509e-05, 0.00016205813153646886, 0.00016115501057356596, -3.2195541280088946e-05, -2.383063292654697e-05, -9.509854862699285e-06], [8.046783477766439e-05, 0.00016115501057356596, 0.00016995622718241066, -3.0163626433932222e-05, -2.2304213416646235e-05, -7.1598810791329015e-06], [-1.3858982129022479e-05, -3.2195541280088946e-05, -3.0163626433932222e-05, 0.00013578405196312815, 8.755347516853362e-05, 5.0427748647052795e-05], [-8.703113053343259e-06, -2.383063292654697e-05, -2.2304213416646235e-05, 8.755347516853362e-05, 8.824768156046048e-05, 5.153269739821553e-05], [-2.8552967705763876e-06, -9.509854862699285e-06, -7.1598810791329015e-06, 5.0427748647052795e-05, 5.153269739821553e-05, 4.338626240496524e-05]]</COVARIANCE_MATRIX>
		<ROI_SIZE>1518</ROI_SIZE>
		<MAX_VALUE>[0.14575397968292236, 0.14695565402507782, 0.12668408453464508, 0.12583555281162262, 0.07772773504257202, 0.06192683055996895]</MAX_VALUE>
		<MIN_VALUE>[0.11863299459218979, 0.10108532011508942, 0.08130940794944763, 0.07667556405067444, 0.03146938979625702, 0.01647394523024559]</MIN_VALUE>
		<SIGNATURE_THRESHOLD_MD>0.0</SIGNATURE_THRESHOLD_MD>
		<SIGNATURE_THRESHOLD_ML>0.0</SIGNATURE_THRESHOLD_ML>
		<SIGNATURE_THRESHOLD_SAM>0.0</SIGNATURE_THRESHOLD_SAM>
	</signature>
	<signature ID="20210427_122749468565_955">
		<MACROCLASSID>1</MACROCLASSID>
		<MACROCLASSINFO>waterbody</MACROCLASSINFO>
		<CLASSID>16</CLASSID>
		<CLASSINFO>C 1</CLASSINFO>
		<VALUES>[0.13381181029533895, 0.0023619858771224142, 0.13148351124039404, 0.004725648520553225, 0.11214738332287029, 0.003968893836610533, 0.10134309882091151, 0.012111975482702493, 0.05527485569042189, 0.011647147522735006, 0.036383860166771004, 0.008875336134849858]</VALUES>
