<?xml version="1.0" ?>
<signaturelist MCID_LIST="[['1', 'waterbody', '#0000ff'], ['2', 'vegetation', '#00ff00'], ['3', 'bareland', '#ffaa00'], ['4', 'built-up', '#ff0000']]">
	<signature ID="20210427_122558348104_283">
		<MACROCLASSID>1</MACROCLASSID>
		<MACROCLASSINFO>waterbody</MACROCLASSINFO>
		<CLASSID>1</CLASSID>
		<CLASSINFO>C 1</CLASSINFO>
		<VALUES>[0.13515834951937916, 0.004374003607123429, 0.11911147871737451, 0.009879246919477284, 0.0875674990281797, 0.011999076948738932, 0.061794533259663054, 0.0036056588792370203, 0.0294520489325944, 0.002313373672889027, 0.02386056646556178, 0.002716396447455185]</VALUES>
		<LCS_MIN>[0.12315316498279572, 0.09780886769294739, 0.06920948624610901, 0.05398634821176529, 0.01929614134132862, 0.012977569364011288]</LCS_MIN>
		<LCS_MAX>[0.14726069569587708, 0.1436791867017746, 0.12365912646055222, 0.07667556405067444, 0.03877333924174309, 0.03395581990480423]</LCS_MAX>
		<WAVELENGTH>[0.485, 0.56, 0.66, 0.83, 1.65, 2.215]</WAVELENGTH>
		<MEAN_VALUE>[0.13515834951937916, 0.11911147871737451, 0.0875674990281797, 0.061794533259663054, 0.0294520489325944, 0.02386056646556178]</MEAN_VALUE>
		<CHECKBOX>2</CHECKBOX>
		<SD>[0.004374003607123429, 0.009879246919477284, 0.011999076948738932, 0.0036056588792370203, 0.002313373672889027, 0.002716396447455185]</SD>
		<WAVELENGTH_UNIT>E-6m</WAVELENGTH_UNIT>
		<COLOR>#a66b41</COLOR>
		<COVARIANCE_MATRIX>[[1.7922999411091647e-05, 3.672669950370386e-05, 4.3767717510436593e-05, 1.0469832682879162e-05, 5.360424535516091e-07, -2.24103176359851e-07], [3.672669950370386e-05, 9.287539965203744e-05, 0.00010830112420379721, 2.5549064052048613e-05, 8.931152744302446e-07, -9.87817667270198e-07], [4.3767717510436593e-05, 0.00010830112420379721, 0.00013982761646371103, 3.3355562491650265e-05, 1.263499332191525e-06, -1.2653692867330483e-06], [1.0469832682879162e-05, 2.5549064052048613e-05, 3.3355562491650265e-05, 1.2387463079962036e-05, 8.20481184060515e-07, 1.3781725657227822e-07], [5.360424535516091e-07, 8.931152744302446e-07, 1.263499332191525e-06, 8.20481184060515e-07, 5.2908356612477155e-06, 4.788086596076001e-07], [-2.24103176359851e-07, -9.87817667270198e-07, -1.2653692867330483e-06, 1.3781725657227822e-07, 4.788086596076001e-07, 7.285504070388816e-06]]</COVARIANCE_MATRIX>
		<ROI_SIZE>9804</ROI_SIZE>
		<MAX_VALUE>[0.14726069569587708, 0.1436791867017746, 0.12365912646055222, 0.07667556405067444, 0.03877333924174309, 0.03395581990480423]</MAX_VALUE>
		<MIN_VALUE>[0.12315316498279572, 0.09780886769294739, 0.06920948624610901, 0.05398634821176529, 0.01929614134132862, 0.012977569364011288]</MIN_VALUE>
		<SIGNATURE_THRESHOLD_MD>0</SIGNATURE_THRESHOLD_MD>
		<SIGNATURE_THRESHOLD_ML>0</SIGNATURE_THRESHOLD_ML>
		<SIGNATURE_THRESHOLD_SAM>0</SIGNATURE_THRESHOLD_SAM>
	</signature>
	<signature ID="20210427_122605113172_640">
		<MACROCLASSID>1</MACROCLASSID>
		<MACROCLASSINFO>waterbody</MACROCLASSINFO>
		<CLASSID>2</CLASSID>
		<CLASSINFO>C 1</CLASSINFO>
		<VALUES>[0.15216858796313473, 0.004219238167016018, 0.1654957860645154, 0.008085588824578193, 0.12946941260623504, 0.007048959229503446, 0.08236216750116479, 0.005900953879620443, 0.036182613378728086, 0.005370354503531007, 0.025638317017350493, 0.003954430376990361]</VALUES>
		<LCS_MIN>[0.13219347596168518, 0.13712628185749054, 0.10248425602912903, 0.07289402931928635, 0.0241654422134161, 0.012977569364011288]</LCS_MIN>
		<LCS_MAX>[0.16082118451595306, 0.17972016334533691, 0.14483396708965302, 0.11449093371629715, 0.07042378932237625, 0.05843045189976692]</LCS_MAX>
		<WAVELENGTH>[0.485, 0.56, 0.66, 0.83, 1.65, 2.215]</WAVELENGTH>
		<MEAN_VALUE>[0.15216858796313473, 0.1654957860645154, 0.12946941260623504, 0.08236216750116479, 0.036182613378728086, 0.025638317017350493]</MEAN_VALUE>
		<CHECKBOX>2</CHECKBOX>
		<SD>[0.004219238167016018, 0.008085588824578193, 0.007048959229503446, 0.005900953879620443, 0.005370354503531007, 0.003954430376990361]</SD>
		<WAVELENGTH_UNIT>E-6m</WAVELENGTH_UNIT>
		<COLOR>#123a65</COLOR>
		<COVARIANCE_MATRIX>[[1.7387712088475362e-05, 2.925581749255436e-05, 2.3937403927025875e-05, -1.2691927279696193e-05, -1.0357003759995954e-05, -4.472952901637419e-06], [2.925581749255436e-05, 6.722489003186114e-05, 5.46901917694408e-05, -2.4045069817399404e-05, -2.0977466091677876e-05, -9.747628195523464e-06], [2.3937403927025875e-05, 5.46901917694408e-05, 5.46595370789313e-05, -1.5711023874013764e-05, -1.5324667012771277e-05, -7.036193668333439e-06], [-1.2691927279696193e-05, -2.4045069817399404e-05, -1.5711023874013764e-05, 2.9004957142999243e-05, 1.9792356789107972e-05, 1.0168846887754741e-05], [-1.0357003759995954e-05, -2.0977466091677876e-05, -1.5324667012771277e-05, 1.9792356789107972e-05, 2.291174571626795e-05, 9.686790317550986e-06], [-4.472952901637419e-06, -9.747628195523464e-06, -7.036193668333439e-06, 1.0168846887754741e-05, 9.686790317550986e-06, 1.2863230746028386e-05]]</COVARIANCE_MATRIX>
		<ROI_SIZE>6267</ROI_SIZE>
		<MAX_VALUE>[0.16082118451595306, 0.17972016334533691, 0.14483396708965302, 0.11449093371629715, 0.07042378932237625, 0.05843045189976692]</MAX_VALUE>
		<MIN_VALUE>[0.13219347596168518, 0.13712628185749054, 0.10248425602912903, 0.07289402931928635, 0.0241654422134161, 0.012977569364011288]</MIN_VALUE>
		<SIGNATURE_THRESHOLD_MD>0</SIGNATURE_THRESHOLD_MD>
		<SIGNATURE_THRESHOLD_ML>0</SIGNATURE_THRESHOLD_ML>
		<SIGNATURE_THRESHOLD_SAM>0</SIGNATURE_THRESHOLD_SAM>
	</signature>
	<signature ID="20210427_122609177863_970">
		<MACROCLASSID>1</MACROCLASSID>
		<MACROCLASSINFO>waterbody</MACROCLASSINFO>
		<CLASSID>3</CLASSID>
		<CLASSINFO>C 1</CLASSINFO>
		<VALUES>[0.14603509990038432, 0.0032158722268922552, 0.14520661370984453, 0.004174436886255753, 0.13802413591219306, 0.007390288072312519, 0.08564505512620624, 0.009249651406825331, 0.03190678879936079, 0.0032787709189558345, 0.02498429411859871, 0.0027825665882884125]</VALUES>
		<LCS_MIN>[0.13822035491466522, 0.1338498443365097, 0.11760915070772171, 0.06533095985651016, 0.02173079177737236, 0.012977569364011288]</LCS_MIN>
		<LCS_MAX>[0.1683548092842102, 0.17316725850105286, 0.16903381049633026, 0.11827248334884644, 0.046077292412519455, 0.03395581990480423]</LCS_MAX>
		<WAVELENGTH>[0.485, 0.56, 0.66, 0.83, 1.65, 2.215]</WAVELENGTH>
		<MEAN_VALUE>[0.14603509990038432, 0.14520661370984453, 0.13802413591219306, 0.08564505512620624, 0.03190678879936079, 0.02498429411859871]</MEAN_VALUE>
		<CHECKBOX>2</CHECKBOX>
		<SD>[0.0032158722268922552, 0.004174436886255753, 0.007390288072312519, 0.009249651406825331, 0.0032787709189558345, 0.0027825665882884125]</SD>
		<WAVELENGTH_UNIT>E-6m</WAVELENGTH_UNIT>
		<COLOR>#ed3c17</COLOR>
		<COVARIANCE_MATRIX>[[9.757155731557287e-06, 9.251739419022213e-06, 1.4710717397239478e-05, 1.9001939341186103e-05, 5.172465907718972e-06, 1.5933632360710262e-06], [9.251739419022213e-06, 1.675654473290783e-05, 2.3411114142061112e-05, 2.8172830588965086e-05, 6.721104901506003e-06, 2.07590308183019e-06], [1.4710717397239478e-05, 2.3411114142061112e-05, 5.41723869244217e-05, 6.110351706837561e-05, 1.2470101015684606e-05, 3.6092161641326537e-06], [1.9001939341186103e-05, 2.8172830588965086e-05, 6.110351706837561e-05, 8.394628878944006e-05, 1.7279729252630347e-05, 5.186900478121912e-06], [5.172465907718972e-06, 6.721104901506003e-06, 1.2470101015684606e-05, 1.7279729252630347e-05, 1.0307010389775213e-05, 1.8170366644650682e-06], [1.5933632360710262e-06, 2.07590308183019e-06, 3.6092161641326537e-06, 5.186900478121912e-06, 1.8170366644650682e-06, 7.464358953726128e-06]]</COVARIANCE_MATRIX>
		<ROI_SIZE>9474</ROI_SIZE>
		<MAX_VALUE>[0.1683548092842102, 0.17316725850105286, 0.16903381049633026, 0.11827248334884644, 0.046077292412519455, 0.03395581990480423]</MAX_VALUE>
		<MIN_VALUE>[0.13822035491466522, 0.1338498443365097, 0.11760915070772171, 0.06533095985651016, 0.02173079177737236, 0.012977569364011288]</MIN_VALUE>
		<SIGNATURE_THRESHOLD_MD>0</SIGNATURE_THRESHOLD_MD>
		<SIGNATURE_THRESHOLD_ML>0</SIGNATURE_THRESHOLD_ML>
		<SIGNATURE_THRESHOLD_SAM>0</SIGNATURE_THRESHOLD_SAM>
	</signature>
	<signature ID="20210427_122615547371_886">
		<MACROCLASSID>1</MACROCLASSID>
		<MACROCLASSINFO>waterbody</MACROCLASSINFO>
		<CLASSID>4</CLASSID>
		<CLASSINFO>C 1</CLASSINFO>
		<VALUES>[0.14138603801301367, 0.0026737917303959998, 0.15115472154127743, 0.004672821832637767, 0.12746834610477237, 0.0048658633835699594, 0.08492142063908437, 0.007588082744797637, 0.034305837109871666, 0.00659820131855735, 0.02241930444897319, 0.004265217283733273]</VALUES>
		<LCS_MIN>[0.12767332792282104, 0.11746756732463837, 0.09945927560329437, 0.07289402931928635, 0.02173079177737236, 0.009481193497776985]</LCS_MIN>
		<LCS_MAX>[0.1487674117088318, 0.16333791613578796, 0.1387839913368225, 0.11449093371629715, 0.07042378932237625, 0.05143769830465317]</LCS_MAX>
		<WAVELENGTH>[0.485, 0.56, 0.66, 0.83, 1.65, 2.215]</WAVELENGTH>
		<MEAN_VALUE>[0.14138603801301367, 0.15115472154127743, 0.12746834610477237, 0.08492142063908437, 0.034305837109871666, 0.02241930444897319]</MEAN_VALUE>
		<CHECKBOX>2</CHECKBOX>
		<SD>[0.0026737917303959998, 0.004672821832637767, 0.0048658633835699594, 0.007588082744797637, 0.00659820131855735, 0.004265217283733273]</SD>
		<WAVELENGTH_UNIT>E-6m</WAVELENGTH_UNIT>
		<COLOR>#b232c4</COLOR>
		<COVARIANCE_MATRIX>[[6.963396551430993e-06, 8.008677200284761e-06, 8.211376996331154e-06, -1.1629892387469013e-05, -8.417837917436597e-06, -3.0091510441471315e-06], [8.008677200284761e-06, 2.0148623725915152e-05, 1.6836391508057222e-05, -2.3090616002958225e-05, -1.744497413244209e-05, -6.788011830486496e-06], [8.211376996331154e-06, 1.6836391508057222e-05, 2.1649839120694854e-05, -2.211843783106844e-05, -1.653928680399339e-05, -6.208738531388432e-06], [-1.1629892387469013e-05, -2.3090616002958225e-05, -2.211843783106844e-05, 5.927061739865495e-05, 4.292775590156968e-05, 1.9612520319633287e-05], [-8.417837917436597e-06, -1.744497413244209e-05, -1.653928680399339e-05, 4.292775590156968e-05, 4.446515582909502e-05, 1.8790365781644673e-05], [-3.0091510441471315e-06, -6.788011830486496e-06, -6.208738531388432e-06, 1.9612520319633287e-05, 1.8790365781644673e-05, 1.8604194226567006e-05]]</COVARIANCE_MATRIX>
		<ROI_SIZE>5997</ROI_SIZE>
		<MAX_VALUE>[0.1487674117088318, 0.16333791613578796, 0.1387839913368225, 0.11449093371629715, 0.07042378932237625, 0.05143769830465317]</MAX_VALUE>
		<MIN_VALUE>[0.12767332792282104, 0.11746756732463837, 0.09945927560329437, 0.07289402931928635, 0.02173079177737236, 0.009481193497776985]</MIN_VALUE>
		<SIGNATURE_THRESHOLD_MD>0</SIGNATURE_THRESHOLD_MD>
		<SIGNATURE_THRESHOLD_ML>0</SIGNATURE_THRESHOLD_ML>
		<SIGNATURE_THRESHOLD_SAM>0</SIGNATURE_THRESHOLD_SAM>
	</signature>
	<signature ID="20210427_122625352307_347">
		<MACROCLASSID>1</MACROCLASSID>
		<MACROCLASSINFO>waterbody</MACROCLASSINFO>
		<CLASSID>5</CLASSID>
		<CLASSINFO>C 1</CLASSINFO>
		<VALUES>[0.12639250422776788, 0.003043482796805799, 0.10906663943964784, 0.003406944697216914, 0.07377733429831503, 0.0032495111776388286, 0.07645620015025505, 0.008116731756987697, 0.030795815072052708, 0.006431917317320002, 0.018382050305196008, 0.004719724359473427]</VALUES>
		<LCS_MIN>[0.11712627857923508, 0.09453241527080536, 0.06315954029560089, 0.06533095985651016, 0.01686149276793003, 0.005984817165881395]</LCS_MIN>
		<LCS_MAX>[0.1352069228887558, 0.1207440122961998, 0.08433439582586288, 0.10692787170410156, 0.06555449217557907, 0.04444495216012001]</LCS_MAX>
		<WAVELENGTH>[0.485, 0.56, 0.66, 0.83, 1.65, 2.215]</WAVELENGTH>
		<MEAN_VALUE>[0.12639250422776788, 0.10906663943964784, 0.07377733429831503, 0.07645620015025505, 0.030795815072052708, 0.018382050305196008]</MEAN_VALUE>
		<CHECKBOX>2</CHECKBOX>
		<SD>[0.003043482796805799, 0.003406944697216914, 0.0032495111776388286, 0.008116731756987697, 0.006431917317320002, 0.004719724359473427]</SD>
		<WAVELENGTH_UNIT>E-6m</WAVELENGTH_UNIT>
		<COLOR>#bd0e68</COLOR>
		<COVARIANCE_MATRIX>[[8.358650291528464e-06, 6.010078374926813e-06, 5.137282906616498e-06, 4.1235091996224926e-06, 3.228202309476449e-06, 3.290225245085792e-06], [6.010078374926813e-06, 1.0459406066030809e-05, 5.583200836619273e-06, 3.7801511311179486e-06, 2.8559385610634606e-06, 3.048827966836596e-06], [5.137282906616498e-06, 5.583200836619273e-06, 9.902695367603816e-06, 1.3088060168920101e-05, 1.0258001974340783e-05, 7.2883184956897025e-06], [4.1235091996224926e-06, 3.7801511311179486e-06, 1.3088060168920101e-05, 6.328220811546943e-05, 4.424213575259579e-05, 2.5901627180145622e-05], [3.228202309476449e-06, 2.8559385610634606e-06, 1.0258001974340783e-05, 4.424213575259579e-05, 4.1235784187258546e-05, 2.1696689270529033e-05], [3.290225245085792e-06, 3.048827966836596e-06, 7.2883184956897025e-06, 2.5901627180145622e-05, 2.1696689270529033e-05, 2.2324037145456194e-05]]</COVARIANCE_MATRIX>
		<ROI_SIZE>3944</ROI_SIZE>
		<MAX_VALUE>[0.1352069228887558, 0.1207440122961998, 0.08433439582586288, 0.10692787170410156, 0.06555449217557907, 0.04444495216012001]</MAX_VALUE>
		<MIN_VALUE>[0.11712627857923508, 0.09453241527080536, 0.06315954029560089, 0.06533095985651016, 0.01686149276793003, 0.005984817165881395]</MIN_VALUE>
		<SIGNATURE_THRESHOLD_MD>0</SIGNATURE_THRESHOLD_MD>
		<SIGNATURE_THRESHOLD_ML>0</SIGNATURE_THRESHOLD_ML>
		<SIGNATURE_THRESHOLD_SAM>0</SIGNATURE_THRESHOLD_SAM>
	</signature>
	<signature ID="20210427_122629958061_740">
		<MACROCLASSID>1</MACROCLASSID>
		<MACROCLASSINFO>waterbody</MACROCLASSINFO>
		<CLASSID>6</CLASSID>
		<CLASSINFO>C 1</CLASSINFO>
		<VALUES>[0.1297055194764052, 0.0026752818741360824, 0.11008631061283246, 0.0031354225051776602, 0.08336134389480135, 0.005340280493903985, 0.10476394044760914, 0.010710034807705182, 0.052067737357846484, 0.009294336034200405, 0.031631481631934306, 0.006381434119700439]</VALUES>
		<LCS_MIN>[0.12164643406867981, 0.09780886769294739, 0.07223447412252426, 0.08802018314599991, 0.03390403836965561, 0.01997031643986702]</LCS_MIN>
		<LCS_MAX>[0.13822035491466522, 0.1207440122961998, 0.10550924390554428, 0.14096170663833618, 0.08746634423732758, 0.05843045189976692]</LCS_MAX>
		<WAVELENGTH>[0.485, 0.56, 0.66, 0.83, 1.65, 2.215]</WAVELENGTH>
		<MEAN_VALUE>[0.1297055194764052, 0.11008631061283246, 0.08336134389480135, 0.10476394044760914, 0.052067737357846484, 0.031631481631934306]</MEAN_VALUE>
		<CHECKBOX>2</CHECKBOX>
		<SD>[0.0026752818741360824, 0.0031354225051776602, 0.005340280493903985, 0.010710034807705182, 0.009294336034200405, 0.006381434119700439]</SD>
		<WAVELENGTH_UNIT>E-6m</WAVELENGTH_UNIT>
		<COLOR>#57f0f1</COLOR>
		<COVARIANCE_MATRIX>[[7.165220262133223e-06, 4.2847318523029445e-06, 8.973435307708195e-06, 1.0441445975741583e-05, 1.0560279628445428e-05, 7.550404021147751e-06], [4.2847318523029445e-06, 9.841982618501053e-06, 9.574621799708595e-06, 1.217750420764612e-05, 1.1042997356600198e-05, 7.3664513708550545e-06], [8.973435307708195e-06, 9.574621799708595e-06, 2.855082015555259e-05, 3.855563874663259e-05, 3.447908309846105e-05, 2.356143859420646e-05], [1.0441445975741583e-05, 1.217750420764612e-05, 3.855563874663259e-05, 0.00011483445557726511, 9.022034001274983e-05, 5.497756661871365e-05], [1.0560279628445428e-05, 1.1042997356600198e-05, 3.447908309846105e-05, 9.022034001274983e-05, 8.648229212716345e-05, 5.063448217539216e-05], [7.550404021147751e-06, 7.3664513708550545e-06, 2.356143859420646e-05, 5.497756661871365e-05, 5.063448217539216e-05, 4.076871577596871e-05]]</COVARIANCE_MATRIX>
		<ROI_SIZE>886</ROI_SIZE>
		<MAX_VALUE>[0.13822035491466522, 0.1207440122961998, 0.10550924390554428, 0.14096170663833618, 0.08746634423732758, 0.05843045189976692]</MAX_VALUE>
		<MIN_VALUE>[0.12164643406867981, 0.09780886769294739, 0.07223447412252426, 0.08802018314599991, 0.03390403836965561, 0.01997031643986702]</MIN_VALUE>
		<SIGNATURE_THRESHOLD_MD>0</SIGNATURE_THRESHOLD_MD>
		<SIGNATURE_THRESHOLD_ML>0</SIGNATURE_THRESHOLD_ML>
		<SIGNATURE_THRESHOLD_SAM>0</SIGNATURE_THRESHOLD_SAM>
	</signature>
	<signature ID="20210427_122636438883_844">
		<MACROCLASSID>1</MACROCLASSID>
		<MACROCLASSINFO>waterbody</MACROCLASSINFO>
		<CLASSID>7</CLASSID>
		<CLASSINFO>C 1</CLASSINFO>
		<VALUES>[0.12261617515880371, 0.0020554207041593034, 0.10965335723712911, 0.0023166279421292352, 0.07299185586266933, 0.00188349256821814, 0.07295373641234575, 0.0076202007525212525, 0.025150284843337277, 0.006104856248886164, 0.012601642943638601, 0.004167542371024108]</VALUES>
		<LCS_MIN>[0.11411282420158386, 0.09780886769294739, 0.06618451327085495, 0.06154942512512207, 0.014426842331886292, 0.0024884419981390238]</LCS_MIN>
		<LCS_MAX>[0.13068675994873047, 0.11746756732463837, 0.08433439582586288, 0.10692787170410156, 0.058250539004802704, 0.040948573499917984]</LCS_MAX>
		<WAVELENGTH>[0.485, 0.56, 0.66, 0.83, 1.65, 2.215]</WAVELENGTH>
		<MEAN_VALUE>[0.12261617515880371, 0.10965335723712911, 0.07299185586266933, 0.07295373641234575, 0.025150284843337277, 0.012601642943638601]</MEAN_VALUE>
		<CHECKBOX>2</CHECKBOX>
		<SD>[0.0020554207041593034, 0.0023166279421292352, 0.00188349256821814, 0.0076202007525212525, 0.006104856248886164, 0.004167542371024108]</SD>
		<WAVELENGTH_UNIT>E-6m</WAVELENGTH_UNIT>
		<COLOR>#886ca4</COLOR>
		<COVARIANCE_MATRIX>[[4.227933168205708e-06, 2.1155673559130663e-06, 8.665603595697405e-07, -4.911087991525245e-06, -3.856757942207717e-06, -2.061101719615107e-06], [2.1155673559130663e-06, 5.370803220163836e-06, 9.634721736599013e-07, -7.662570415811514e-06, -5.677484961421035e-06, -2.9225374570994415e-06], [8.665603595697405e-07, 9.634721736599013e-07, 3.5502135880578783e-06, -1.4654615389548465e-06, -6.633427413401539e-07, -5.108886095564054e-07], [-4.911087991525245e-06, -7.662570415811514e-06, -1.4654615389548465e-06, 5.811115210429274e-05, 3.77517493066361e-05, 1.9670928416580122e-05], [-3.856757942207717e-06, -5.677484961421035e-06, -6.633427413401539e-07, 3.77517493066361e-05, 3.729731291197944e-05, 1.706874249374101e-05], [-2.061101719615107e-06, -2.9225374570994415e-06, -5.108886095564054e-07, 1.9670928416580122e-05, 1.706874249374101e-05, 1.7381478194878882e-05]]</COVARIANCE_MATRIX>
		<ROI_SIZE>1330</ROI_SIZE>
		<MAX_VALUE>[0.13068675994873047, 0.11746756732463837, 0.08433439582586288, 0.10692787170410156, 0.058250539004802704, 0.040948573499917984]</MAX_VALUE>
		<MIN_VALUE>[0.11411282420158386, 0.09780886769294739, 0.06618451327085495, 0.06154942512512207, 0.014426842331886292, 0.0024884419981390238]</MIN_VALUE>
		<SIGNATURE_THRESHOLD_MD>0</SIGNATURE_THRESHOLD_MD>
		<SIGNATURE_THRESHOLD_ML>0</SIGNATURE_THRESHOLD_ML>
		<SIGNATURE_THRESHOLD_SAM>0</SIGNATURE_THRESHOLD_SAM>
	</signature>
	<signature ID="20210427_122642503222_855">
		<MACROCLASSID>1</MACROCLASSID>
		<MACROCLASSINFO>waterbody</MACROCLASSINFO>
		<CLASSID>8</CLASSID>
		<CLASSINFO>C 1</CLASSINFO>
		<VALUES>[0.14590548810651416, 0.003700462162223664, 0.13578245387841, 0.0051928846941739285, 0.10362073806161315, 0.004693821965315872, 0.10392270729750461, 0.00931746223723739, 0.04733881890059242, 0.006868633875341776, 0.029243527918974273, 0.004121820069148244]</VALUES>
		<LCS_MIN>[0.13219347596168518, 0.1109146699309349, 0.08433439582586288, 0.08802018314599991, 0.03390403836965561, 0.012977569364011288]</LCS_MIN>
		<LCS_MAX>[0.15780773758888245, 0.14695565402507782, 0.11760915070772171, 0.1371801644563675, 0.0825970470905304, 0.05143769830465317]</LCS_MAX>
		<WAVELENGTH>[0.485, 0.56, 0.66, 0.83, 1.65, 2.215]</WAVELENGTH>
		<MEAN_VALUE>[0.14590548810651416, 0.13578245387841, 0.10362073806161315, 0.10392270729750461, 0.04733881890059242, 0.029243527918974273]</MEAN_VALUE>
		<CHECKBOX>2</CHECKBOX>
		<SD>[0.003700462162223664, 0.0051928846941739285, 0.004693821965315872, 0.00931746223723739, 0.006868633875341776, 0.004121820069148244]</SD>
		<WAVELENGTH_UNIT>E-6m</WAVELENGTH_UNIT>
		<COLOR>#543b2d</COLOR>
		<COVARIANCE_MATRIX>[[1.3532522465153535e-05, 1.591635284612701e-05, 1.4119509267811884e-05, 2.599038996288669e-07, 6.386192040707999e-07, 1.5752784715026782e-06], [1.591635284612701e-05, 2.7552526538391284e-05, 2.0870174748756178e-05, -3.478860297619533e-06, -1.4850473962228497e-06, 1.1019811434046212e-06], [1.4119509267811884e-05, 2.0870174748756178e-05, 2.184379605407363e-05, 1.8359924711178176e-06, 2.000607290564036e-06, 2.3997300085193338e-06], [2.599038996288669e-07, -3.478860297619533e-06, 1.8359924711178176e-06, 8.385467869075053e-05, 5.387956637891465e-05, 2.54906226497605e-05], [6.386192040707999e-07, -1.4850473962228497e-06, 2.000607290564036e-06, 5.387956637891465e-05, 4.3110565145943856e-05, 1.8586876718557342e-05], [1.5752784715026782e-06, 1.1019811434046212e-06, 2.3997300085193338e-06, 2.54906226497605e-05, 1.8586876718557342e-05, 1.591871055455412e-05]]</COVARIANCE_MATRIX>
		<ROI_SIZE>3871</ROI_SIZE>
		<MAX_VALUE>[0.15780773758888245, 0.14695565402507782, 0.11760915070772171, 0.1371801644563675, 0.0825970470905304, 0.05143769830465317]</MAX_VALUE>
		<MIN_VALUE>[0.13219347596168518, 0.1109146699309349, 0.08433439582586288, 0.08802018314599991, 0.03390403836965561, 0.012977569364011288]</MIN_VALUE>
		<SIGNATURE_THRESHOLD_MD>0</SIGNATURE_THRESHOLD_MD>
		<SIGNATURE_THRESHOLD_ML>0</SIGNATURE_THRESHOLD_ML>
		<SIGNATURE_THRESHOLD_SAM>0</SIGNATURE_THRESHOLD_SAM>
	</signature>
	<signature ID="20210427_122657167142_359">
		<MACROCLASSID>1</MACROCLASSID>
		<MACROCLASSINFO>waterbody</MACROCLASSINFO>
		<CLASSID>9</CLASSID>
		<CLASSINFO>C 1</CLASSINFO>
		<VALUES>[0.13429379804894834, 0.0016955407340232343, 0.137033074811615, 0.0019810171990710464, 0.13665086985405145, 0.002513935515852841, 0.10293769413798032, 0.0070243047113549084, 0.0393421243940448, 0.007664343970162054, 0.02703842302575578, 0.006996112658842556]</VALUES>
		<LCS_MIN>[0.12767332792282104, 0.12729692459106445, 0.12668408453464508, 0.0918017253279686, 0.02660009078681469, 0.012977569364011288]</LCS_MIN>
		<LCS_MAX>[0.13972707092761993, 0.1436791867017746, 0.14785896241664886, 0.1371801644563675, 0.07772773504257202, 0.06542320549488068]</LCS_MAX>
		<WAVELENGTH>[0.485, 0.56, 0.66, 0.83, 1.65, 2.215]</WAVELENGTH>
		<MEAN_VALUE>[0.13429379804894834, 0.137033074811615, 0.13665086985405145, 0.10293769413798032, 0.0393421243940448, 0.02703842302575578]</MEAN_VALUE>
		<CHECKBOX>2</CHECKBOX>
		<SD>[0.0016955407340232343, 0.0019810171990710464, 0.002513935515852841, 0.0070243047113549084, 0.007664343970162054, 0.006996112658842556]</SD>
		<WAVELENGTH_UNIT>E-6m</WAVELENGTH_UNIT>
		<COLOR>#510626</COLOR>
		<COVARIANCE_MATRIX>[[2.877338845253813e-06, 5.196550097116055e-07, 5.279944551666881e-07, -1.4295249403460372e-06, -9.23461246001471e-07, -8.129327803097527e-07], [5.196550097116055e-07, 3.927815190593371e-06, 1.1093773213392281e-06, -3.771739525980703e-06, -3.1473706544864398e-06, -2.5430685577806294e-06], [5.279944551666881e-07, 1.1093773213392281e-06, 6.325324643938789e-06, -3.840626748100784e-06, -2.566530587185742e-06, -1.7098474836201271e-06], [-1.4295249403460372e-06, -3.771739525980703e-06, -3.840626748100784e-06, 4.9383428599168896e-05, 4.5222952100998785e-05, 3.888220890440325e-05], [-9.23461246001471e-07, -3.1473706544864398e-06, -2.566530587185742e-06, 4.5222952100998785e-05, 5.879285198605092e-05, 4.488433271685388e-05], [-8.129327803097527e-07, -2.5430685577806294e-06, -1.7098474836201271e-06, 3.888220890440325e-05, 4.488433271685388e-05, 4.898782321730093e-05]]</COVARIANCE_MATRIX>
		<ROI_SIZE>1160</ROI_SIZE>
		<MAX_VALUE>[0.13972707092761993, 0.1436791867017746, 0.14785896241664886, 0.1371801644563675, 0.07772773504257202, 0.06542320549488068]</MAX_VALUE>
		<MIN_VALUE>[0.12767332792282104, 0.12729692459106445, 0.12668408453464508, 0.0918017253279686, 0.02660009078681469, 0.012977569364011288]</MIN_VALUE>
		<SIGNATURE_THRESHOLD_MD>0</SIGNATURE_THRESHOLD_MD>
		<SIGNATURE_THRESHOLD_ML>0</SIGNATURE_THRESHOLD_ML>
		<SIGNATURE_THRESHOLD_SAM>0</SIGNATURE_THRESHOLD_SAM>
	</signature>
	<signature ID="20210427_122711990163_434">
		<MACROCLASSID>1</MACROCLASSID>
		<MACROCLASSINFO>waterbody</MACROCLASSINFO>
		<CLASSID>10</CLASSID>
		<CLASSINFO>C 1</CLASSINFO>
		<VALUES>[0.13540332061108015, 0.0021220147080085023, 0.13938257071078305, 0.002763155220481982, 0.13955475347812019, 0.004249471641496591, 0.09994513728365896, 0.007239044842820051, 0.038614063877823124, 0.006717402401920862, 0.02775246362658597, 0.006023229069887854]</VALUES>
		<LCS_MIN>[0.12918002903461456, 0.12729692459106445, 0.11760915070772171, 0.08802018314599991, 0.02660009078681469, 0.012977569364011288]</LCS_MIN>
		<LCS_MAX>[0.14424726366996765, 0.14695565402507782, 0.15088391304016113, 0.1333986222743988, 0.07042378932237625, 0.06192683055996895]</LCS_MAX>
		<WAVELENGTH>[0.485, 0.56, 0.66, 0.83, 1.65, 2.215]</WAVELENGTH>
		<MEAN_VALUE>[0.13540332061108015, 0.13938257071078305, 0.13955475347812019, 0.09994513728365896, 0.038614063877823124, 0.02775246362658597]</MEAN_VALUE>
		<CHECKBOX>2</CHECKBOX>
		<SD>[0.0021220147080085023, 0.002763155220481982, 0.004249471641496591, 0.007239044842820051, 0.006717402401920862, 0.006023229069887854]</SD>
		<WAVELENGTH_UNIT>E-6m</WAVELENGTH_UNIT>
		<COLOR>#3ed1ba</COLOR>
		<COVARIANCE_MATRIX>[[4.505162437943844e-06, 3.0089296053678527e-06, 4.453445577826187e-06, 1.2234674324519256e-06, 1.302212786803424e-06, 1.7089267974877677e-06], [3.0089296053678527e-06, 7.638784167542058e-06, 6.4641564828689095e-06, -1.6698134222934413e-06, -5.158762566226143e-07, 5.181906504044275e-07], [4.453445577826187e-06, 6.4641564828689095e-06, 1.806689604745102e-05, 4.84981581187948e-06, 1.0035548182246075e-06, 2.3841278273624242e-06], [1.2234674324519256e-06, -1.6698134222934413e-06, 4.84981581187948e-06, 5.242955949336551e-05, 3.511607005218255e-05, 2.9856509158517187e-05], [1.302212786803424e-06, -5.158762566226143e-07, 1.0035548182246075e-06, 3.511607005218255e-05, 4.51457014737364e-05, 3.428032538515666e-05], [1.7089267974877677e-06, 5.181906504044275e-07, 2.3841278273624242e-06, 2.9856509158517187e-05, 3.428032538515666e-05, 3.629714240886799e-05]]</COVARIANCE_MATRIX>
		<ROI_SIZE>2033</ROI_SIZE>
		<MAX_VALUE>[0.14424726366996765, 0.14695565402507782, 0.15088391304016113, 0.1333986222743988, 0.07042378932237625, 0.06192683055996895]</MAX_VALUE>
		<MIN_VALUE>[0.12918002903461456, 0.12729692459106445, 0.11760915070772171, 0.08802018314599991, 0.02660009078681469, 0.012977569364011288]</MIN_VALUE>
		<SIGNATURE_THRESHOLD_MD>0</SIGNATURE_THRESHOLD_MD>
		<SIGNATURE_THRESHOLD_ML>0</SIGNATURE_THRESHOLD_ML>
		<SIGNATURE_THRESHOLD_SAM>0</SIGNATURE_THRESHOLD_SAM>
	</signature>
	<signature ID="20210427_122717629397_381">
		<MACROCLASSID>1</MACROCLASSID>
		<MACROCLASSINFO>waterbody</MACROCLASSINFO>
		<CLASSID>11</CLASSID>
		<CLASSINFO>C 1</CLASSINFO>
		<VALUES>[0.13609352237125394, 0.0021412961635581254, 0.1410769777614893, 0.0031233209658245104, 0.139830459385812, 0.0035201515116069387, 0.09976860577524435, 0.007585910444830851, 0.04188232476904871, 0.008727419458617937, 0.03051389504982381, 0.008125831888457231]</VALUES>
		<LCS_MIN>[0.12918002903461456, 0.12729692459106445, 0.12365912646055222, 0.0918017253279686, 0.02903474122285843, 0.01997031643986702]</LCS_MIN>
		<LCS_MAX>[0.14424726366996765, 0.15023209154605865, 0.15088391304016113, 0.1371801644563675, 0.08016238361597061, 0.0689195767045021]</LCS_MAX>
		<WAVELENGTH>[0.485, 0.56, 0.66, 0.83, 1.65, 2.215]</WAVELENGTH>
		<MEAN_VALUE>[0.13609352237125394, 0.1410769777614893, 0.139830459385812, 0.09976860577524435, 0.04188232476904871, 0.03051389504982381]</MEAN_VALUE>
		<CHECKBOX>2</CHECKBOX>
		<SD>[0.0021412961635581254, 0.0031233209658245104, 0.0035201515116069387, 0.007585910444830851, 0.008727419458617937, 0.008125831888457231]</SD>
		<WAVELENGTH_UNIT>E-6m</WAVELENGTH_UNIT>
		<COLOR>#107b23</COLOR>
		<COVARIANCE_MATRIX>[[5.58128385818931e-06, 4.904953604245528e-06, 4.969599756798991e-06, -2.7872400622354573e-07, 1.1486708244490996e-06, 1.4164606759087663e-06], [4.904953604245528e-06, 1.204653951295188e-05, 8.261765914886726e-06, -6.277709974207726e-06, -4.414462767259825e-06, -3.170559079785636e-06], [4.969599756798991e-06, 8.261765914886726e-06, 1.4193049479201806e-05, -4.9824199295943034e-06, -3.576647960462395e-06, -2.0686165564801664e-06], [-2.7872400622354573e-07, -6.277709974207726e-06, -4.9824199295943034e-06, 5.42128915700637e-05, 5.2877049947920144e-05, 4.488904375291867e-05], [1.1486708244490996e-06, -4.414462767259825e-06, -3.576647960462395e-06, 5.2877049947920144e-05, 6.919177771208228e-05, 5.553019649860573e-05], [1.4164606759087663e-06, -3.170559079785636e-06, -2.0686165564801664e-06, 4.488904375291867e-05, 5.553019649860573e-05, 5.663456984572417e-05]]</COVARIANCE_MATRIX>
		<ROI_SIZE>1840</ROI_SIZE>
		<MAX_VALUE>[0.14424726366996765, 0.15023209154605865, 0.15088391304016113, 0.1371801644563675, 0.08016238361597061, 0.0689195767045021]</MAX_VALUE>
		<MIN_VALUE>[0.12918002903461456, 0.12729692459106445, 0.12365912646055222, 0.0918017253279686, 0.02903474122285843, 0.01997031643986702]</MIN_VALUE>
		<SIGNATURE_THRESHOLD_MD>0</SIGNATURE_THRESHOLD_MD>
		<SIGNATURE_THRESHOLD_ML>0</SIGNATURE_THRESHOLD_ML>
		<SIGNATURE_THRESHOLD_SAM>0</SIGNATURE_THRESHOLD_SAM>
	</signature>
	<signature ID="20210427_122725550766_219">
		<MACROCLASSID>1</MACROCLASSID>
		<MACROCLASSINFO>waterbody</MACROCLASSINFO>
		<CLASSID>12</CLASSID>
		<CLASSINFO>C 1</CLASSINFO>
		<VALUES>[0.14026959366679376, 0.0030010589917465534, 0.13320049592793984, 0.004297247299725929, 0.10402649460690092, 0.0038074453912295696, 0.10583516867456563, 0.010697631503162712, 0.06273677675180284, 0.01052356502988325, 0.04099617822943948, 0.007256075184612165]</VALUES>
		<LCS_MIN>[0.13219347596168518, 0.1207440122961998, 0.09643430262804031, 0.08802018314599991, 0.046077292412519455, 0.026963071897625923]</LCS_MIN>
		<LCS_MAX>[0.1487674117088318, 0.1436791867017746, 0.12063413858413696, 0.1371801644563675, 0.09233563393354416, 0.06542320549488068]</LCS_MAX>
		<WAVELENGTH>[0.485, 0.56, 0.66, 0.83, 1.65, 2.215]</WAVELENGTH>
		<MEAN_VALUE>[0.14026959366679376, 0.13320049592793984, 0.10402649460690092, 0.10583516867456563, 0.06273677675180284, 0.04099617822943948]</MEAN_VALUE>
		<CHECKBOX>2</CHECKBOX>
		<SD>[0.0030010589917465534, 0.004297247299725929, 0.0038074453912295696, 0.010697631503162712, 0.01052356502988325, 0.007256075184612165]</SD>
		<WAVELENGTH_UNIT>E-6m</WAVELENGTH_UNIT>
		<COLOR>#be3454</COLOR>
		<COVARIANCE_MATRIX>[[9.02000106447619e-06, 8.266493861960592e-06, 3.4712563890284592e-06, 1.2265424694242361e-05, 1.2052446160771108e-05, 7.181819857860081e-06], [8.266493861960592e-06, 1.849431364947915e-05, 5.19268809089714e-06, 9.820904534386451e-06, 1.073740329263093e-05, 6.8696679168362745e-06], [3.4712563890284592e-06, 5.19268809089714e-06, 1.45186050138727e-05, 2.460055986443559e-05, 2.4036173987487898e-05, 1.571104383423009e-05], [1.2265424694242361e-05, 9.820904534386451e-06, 2.460055986443559e-05, 0.00011461271268621291, 0.0001028913412402347, 6.537919143015233e-05], [1.2052446160771108e-05, 1.073740329263093e-05, 2.4036173987487898e-05, 0.0001028913412402347, 0.0001109132170305123, 6.6028453673642e-05], [7.181819857860081e-06, 6.8696679168362745e-06, 1.571104383423009e-05, 6.537919143015233e-05, 6.6028453673642e-05, 5.273040076214562e-05]]</COVARIANCE_MATRIX>
		<ROI_SIZE>661</ROI_SIZE>
		<MAX_VALUE>[0.1487674117088318, 0.1436791867017746, 0.12063413858413696, 0.1371801644563675, 0.09233563393354416, 0.06542320549488068]</MAX_VALUE>
		<MIN_VALUE>[0.13219347596168518, 0.1207440122961998, 0.09643430262804031, 0.08802018314599991, 0.046077292412519455, 0.026963071897625923]</MIN_VALUE>
		<SIGNATURE_THRESHOLD_MD>0</SIGNATURE_THRESHOLD_MD>
		<SIGNATURE_THRESHOLD_ML>0</SIGNATURE_THRESHOLD_ML>
		<SIGNATURE_THRESHOLD_SAM>0</SIGNATURE_THRESHOLD_SAM>
	</signature>
	<signature ID="20210427_122729942822_201">
		<MACROCLASSID>1</MACROCLASSID>
		<MACROCLASSINFO>waterbody</MACROCLASSINFO>
		<CLASSID>13</CLASSID>
		<CLASSINFO>C 1</CLASSINFO>
		<VALUES>[0.1473745753945307, 0.002320637707692581, 0.13703104065254695, 0.003148755182030506, 0.10932563500868715, 0.003582371058879614, 0.12561569817710755, 0.011459161187481762, 0.07778435624962621, 0.009617364557290058, 0.052047532484974984, 0.006996649549608877]</VALUES>
		<LCS_MIN>[0.14123380184173584, 0.12729692459106445, 0.10248425602912903, 0.11070939898490906, 0.06555449217557907, 0.040948573499917984]</LCS_MIN>
		<LCS_MAX>[0.1532875895500183, 0.15023209154605865, 0.12668408453464508, 0.15608786046504974, 0.1069435402750969, 0.07241594791412354]</LCS_MAX>
		<WAVELENGTH>[0.485, 0.56, 0.66, 0.83, 1.65, 2.215]</WAVELENGTH>
		<MEAN_VALUE>[0.1473745753945307, 0.13703104065254695, 0.10932563500868715, 0.12561569817710755, 0.07778435624962621, 0.052047532484974984]</MEAN_VALUE>
		<CHECKBOX>2</CHECKBOX>
		<SD>[0.002320637707692581, 0.003148755182030506, 0.003582371058879614, 0.011459161187481762, 0.009617364557290058, 0.006996649549608877]</SD>
		<WAVELENGTH_UNIT>E-6m</WAVELENGTH_UNIT>
		<COLOR>#1515d3</COLOR>
		<COVARIANCE_MATRIX>[[5.4168527000159095e-06, 3.6195967701240014e-06, 2.281529328360954e-06, -2.8070127242086212e-06, -1.3365272076764354e-06, -6.985623660188242e-08], [3.6195967701240014e-06, 9.972639659500347e-06, 6.451431413246961e-06, 9.933273113156502e-07, -4.122436170605664e-08, 1.0633112862682078e-06], [2.281529328360954e-06, 6.451431413246961e-06, 1.2908431423401705e-05, 2.258487734981717e-05, 1.8086879043682672e-05, 1.1575415948360755e-05], [-2.8070127242086212e-06, 9.933273113156502e-07, 2.258487734981717e-05, 0.00013208028374712513, 9.918667167426629e-05, 6.338240516991178e-05], [-1.3365272076764354e-06, -4.122436170605664e-08, 1.8086879043682672e-05, 9.918667167426629e-05, 9.303459986423885e-05, 5.5619775731158675e-05], [-6.985623660188242e-08, 1.0633112862682078e-06, 1.1575415948360755e-05, 6.338240516991178e-05, 5.5619775731158675e-05, 4.923938038741077e-05]]</COVARIANCE_MATRIX>
		<ROI_SIZE>172</ROI_SIZE>
		<MAX_VALUE>[0.1532875895500183, 0.15023209154605865, 0.12668408453464508, 0.15608786046504974, 0.1069435402750969, 0.07241594791412354]</MAX_VALUE>
		<MIN_VALUE>[0.14123380184173584, 0.12729692459106445, 0.10248425602912903, 0.11070939898490906, 0.06555449217557907, 0.040948573499917984]</MIN_VALUE>
		<SIGNATURE_THRESHOLD_MD>0</SIGNATURE_THRESHOLD_MD>
		<SIGNATURE_THRESHOLD_ML>0</SIGNATURE_THRESHOLD_ML>
		<SIGNATURE_THRESHOLD_SAM>0</SIGNATURE_THRESHOLD_SAM>
	</signature>
	<signature ID="20210427_122735708388_487">
		<MACROCLASSID>1</MACROCLASSID>
		<MACROCLASSINFO>waterbody</MACROCLASSINFO>
		<CLASSID>14</CLASSID>
		<CLASSINFO>C 1</CLASSINFO>
		<VALUES>[0.13322504108248204, 0.003759474722217493, 0.1201577967738891, 0.008339591360122934, 0.09829772720904709, 0.00731497873836781, 0.10161394231459679, 0.008759137669011107, 0.055795997868176406, 0.007612351081699363, 0.036972301681921615, 0.005216821372538542]</VALUES>
		<LCS_MIN>[0.12164643406867981, 0.10108532011508942, 0.07828443497419357, 0.08802018314599991, 0.04120798408985138, 0.023466693237423897]</LCS_MIN>
		<LCS_MAX>[0.14424726366996765, 0.1436791867017746, 0.12365912646055222, 0.1333986222743988, 0.08746634423732758, 0.06192683055996895]</LCS_MAX>
		<WAVELENGTH>[0.485, 0.56, 0.66, 0.83, 1.65, 2.215]</WAVELENGTH>
		<MEAN_VALUE>[0.13322504108248204, 0.1201577967738891, 0.09829772720904709, 0.10161394231459679, 0.055795997868176406, 0.036972301681921615]</MEAN_VALUE>
		<CHECKBOX>2</CHECKBOX>
		<SD>[0.003759474722217493, 0.008339591360122934, 0.00731497873836781, 0.008759137669011107, 0.007612351081699363, 0.005216821372538542]</SD>
		<WAVELENGTH_UNIT>E-6m</WAVELENGTH_UNIT>
		<COLOR>#7a642d</COLOR>
		<COVARIANCE_MATRIX>[[1.4145206728436843e-05, 2.6330145602123268e-05, 2.2516116688713036e-05, 1.7870312525092706e-06, 9.473653092644187e-07, 3.334080893575638e-06], [2.6330145602123268e-05, 6.960565141610489e-05, 5.5576522092179566e-05, -4.4318071539700966e-07, -2.3141153986633697e-06, 5.657051343573965e-06], [2.2516116688713036e-05, 5.5576522092179566e-05, 5.35526661209766e-05, 6.168891835075742e-06, 5.221939109110124e-06, 9.421875229551752e-06], [1.7870312525092706e-06, -4.4318071539700966e-07, 6.168891835075742e-06, 7.67852257322484e-05, 5.654978477455158e-05, 3.092900734646578e-05], [9.473653092644187e-07, -2.3141153986633697e-06, 5.221939109110124e-06, 5.654978477455158e-05, 5.7995270748196753e-05, 2.9265482798531628e-05], [3.334080893575638e-06, 5.657051343573965e-06, 9.421875229551752e-06, 3.092900734646578e-05, 2.9265482798531628e-05, 2.7237478074539087e-05]]</COVARIANCE_MATRIX>
		<ROI_SIZE>1224</ROI_SIZE>
		<MAX_VALUE>[0.14424726366996765, 0.1436791867017746, 0.12365912646055222, 0.1333986222743988, 0.08746634423732758, 0.06192683055996895]</MAX_VALUE>
		<MIN_VALUE>[0.12164643406867981, 0.10108532011508942, 0.07828443497419357, 0.08802018314599991, 0.04120798408985138, 0.023466693237423897]</MIN_VALUE>
		<SIGNATURE_THRESHOLD_MD>0</SIGNATURE_THRESHOLD_MD>
		<SIGNATURE_THRESHOLD_ML>0</SIGNATURE_THRESHOLD_ML>
		<SIGNATURE_THRESHOLD_SAM>0</SIGNATURE_THRESHOLD_SAM>
	</signature>
	<signature ID="20210427_122743659789_350">
		<MACROCLASSID>1</MACROCLASSID>
		<MACROCLASSINFO>waterbody</MACROCLASSINFO>
		<CLASSID>15</CLASSID>
		<CLASSINFO>C 1</CLASSINFO>
		<VALUES>[0.13502924963930052, 0.0066191193776076514, 0.12742427531359848, 0.012726011979941327, 0.10611104541636097, 0.01303243157536244, 0.09801460071730676, 0.011648802491608656, 0.04632107511270745, 0.009390928884815408, 0.03012316760132203, 0.006584654894135454]</VALUES>
		<LCS_MIN>[0.11863299459218979, 0.10108532011508942, 0.08130940794944763, 0.07667556405067444, 0.03146938979625702, 0.01647394523024559]</LCS_MIN>
		<LCS_MAX>[0.14575397968292236, 0.14695565402507782, 0.12668408453464508, 0.12583555281162262, 0.07772773504257202, 0.06192683055996895]</LCS_MAX>
		<WAVELENGTH>[0.485, 0.56, 0.66, 0.83, 1.65, 2.215]</WAVELENGTH>
		<MEAN_VALUE>[0.13502924963930052, 0.12742427531359848, 0.10611104541636097, 0.09801460071730676, 0.04632107511270745, 0.03012316760132203]</MEAN_VALUE>
		<CHECKBOX>2</CHECKBOX>
		<SD>[0.0066191193776076514, 0.012726011979941327, 0.01303243157536244, 0.011648802491608656, 0.009390928884815408, 0.006584654894135454]</SD>
		<WAVELENGTH_UNIT>E-6m</WAVELENGTH_UNIT>
		<COLOR>#a9b986</COLOR>
		<COVARIANCE_MATRIX>[[4.384162250926943e-05, 7.960206220586397e-05, 8.046783350223047e-05, -1.385898188066375e-05, -8.703113463505543e-06, -2.8552967616516292e-06], [7.960206220586397e-05, 0.00016205813858065953, 0.00016115501465572974, -3.219553960589363e-05, -2.3830632946861394e-05, -9.509854700506362e-06], [8.046783350223047e-05, 0.00016115501465572974, 0.0001699562333945645, -3.0163626346532805e-05, -2.2304213841866664e-05, -7.15988129188729e-06], [-1.385898188066375e-05, -3.219553960589363e-05, -3.0163626346532805e-05, 0.00013578404879601512, 8.755347631779514e-05, 5.042774934854999e-05], [-8.703113463505543e-06, -2.3830632946861394e-05, -2.2304213841866664e-05, 8.755347631779514e-05, 8.824767949587623e-05, 5.1532695696816664e-05], [-2.8552967616516292e-06, -9.509854700506362e-06, -7.15988129188729e-06, 5.042774934854999e-05, 5.1532695696816664e-05, 4.3386261274647555e-05]]</COVARIANCE_MATRIX>
		<ROI_SIZE>1518</ROI_SIZE>
		<MAX_VALUE>[0.14575397968292236, 0.14695565402507782, 0.12668408453464508, 0.12583555281162262, 0.07772773504257202, 0.06192683055996895]</MAX_VALUE>
		<MIN_VALUE>[0.11863299459218979, 0.10108532011508942, 0.08130940794944763, 0.07667556405067444, 0.03146938979625702, 0.01647394523024559]</MIN_VALUE>
		<SIGNATURE_THRESHOLD_MD>0</SIGNATURE_THRESHOLD_MD>
		<SIGNATURE_THRESHOLD_ML>0</SIGNATURE_THRESHOLD_ML>
		<SIGNATURE_THRESHOLD_SAM>0</SIGNATURE_THRESHOLD_SAM>
	</signature>
	<signature ID="20210427_122749468565_955">
		<MACROCLASSID>1</MACROCLASSID>
		<MACROCLASSINFO>waterbody</MACROCLASSINFO>
		<CLASSID>16</CLASSID>
		<CLASSINFO>C 1</CLASSINFO>
		<VALUES>[0.13381181029533895, 0.0023619858771224142, 0.13148351124039404, 0.004725648520553225, 0.11214738332287029, 0.003968893836610533, 0.10134309882091151, 0.012111975482702493, 0.05527485569042189, 0.011647147522735006, 0.036383860166771004, 0.008875336134849858]</VALUES>
