<?xml version="1.0" ?>
<signaturelist MCID_LIST="[['1', 'waterbody', '#000000'], ['2', 'vegetation', '#000000'], ['3', 'bareland', '#000000'], ['4', 'built-up', '#000000']]">
	<signature ID="20211202_160352296888_422">
		<MACROCLASSID>1</MACROCLASSID>
		<MACROCLASSINFO>waterbody</MACROCLASSINFO>
		<CLASSID>1</CLASSID>
		<CLASSINFO>C 1</CLASSINFO>
		<VALUES>[0.11846595178588792, 0.000448606356266311, 0.12548263797739373, 0.0004126364471019741, 0.09073606651313247, 0.000767756700483286, 0.021404310523012903, 0.00039383925241154067, 0.007612993501022246, 0.0003081660670584633, 0.005852140473177291, 0.0002613939018134883]</VALUES>
		<LCS_MIN>[0.11720312386751175, 0.1242479607462883, 0.08877606689929962, 0.020198894664645195, 0.006659573409706354, 0.005035955458879471]</LCS_MIN>
		<LCS_MAX>[0.12036781758069992, 0.12733007967472076, 0.09367445111274719, 0.023060863837599754, 0.008778538554906845, 0.006797170732170343]</LCS_MAX>
		<WAVELENGTH>[0.48, 0.56, 0.655, 0.865, 1.61, 2.2]</WAVELENGTH>
		<MEAN_VALUE>[0.11846595178588792, 0.12548263797739373, 0.09073606651313247, 0.021404310523012903, 0.007612993501022246, 0.005852140473177291]</MEAN_VALUE>
		<CHECKBOX>2</CHECKBOX>
		<SD>[0.000448606356266311, 0.0004126364471019741, 0.000767756700483286, 0.00039383925241154067, 0.0003081660670584633, 0.0002613939018134883]</SD>
		<WAVELENGTH_UNIT>E-6m</WAVELENGTH_UNIT>
		<COLOR>#22531a</COLOR>
		<COVARIANCE_MATRIX>[[2.038127036030346e-07, 1.4307748585906666e-07, 2.218008035015373e-07, 9.8603642584294e-08, 6.73160798214667e-08, 5.806115410678103e-08], [1.4307748585906666e-07, 1.8785645750085678e-07, 2.1620159884605528e-07, 9.278304702320384e-08, 6.186420620224453e-08, 5.3595119453575535e-08], [2.218008035015373e-07, 2.1620159884605528e-07, 6.415405664483842e-07, 1.8184918815222773e-07, 9.405544432183888e-08, 8.09548339475441e-08], [9.8603642584294e-08, 9.278304702320384e-08, 1.8184918815222773e-07, 1.6454853835057293e-07, 7.741311947029317e-08, 6.706911648279856e-08], [6.73160798214667e-08, 6.186420620224453e-08, 9.405544432183888e-08, 7.741311947029317e-08, 9.17845497383496e-08, 5.460555385639054e-08], [5.806115410678103e-08, 5.3595119453575535e-08, 8.09548339475441e-08, 6.706911648279856e-08, 5.460555385639054e-08, 6.862240553573429e-08]]</COVARIANCE_MATRIX>
		<ROI_SIZE>10199</ROI_SIZE>
		<MAX_VALUE>[0.12036781758069992, 0.12733007967472076, 0.09367445111274719, 0.023060863837599754, 0.008778538554906845, 0.006797170732170343]</MAX_VALUE>
		<MIN_VALUE>[0.11720312386751175, 0.1242479607462883, 0.08877606689929962, 0.020198894664645195, 0.006659573409706354, 0.005035955458879471]</MIN_VALUE>
		<SIGNATURE_THRESHOLD_MD>0.0</SIGNATURE_THRESHOLD_MD>
		<SIGNATURE_THRESHOLD_ML>0.0</SIGNATURE_THRESHOLD_ML>
		<SIGNATURE_THRESHOLD_SAM>0.0</SIGNATURE_THRESHOLD_SAM>
	</signature>
	<signature ID="20211202_160409454699_342">
		<MACROCLASSID>1</MACROCLASSID>
		<MACROCLASSINFO>waterbody</MACROCLASSINFO>
		<CLASSID>2</CLASSID>
		<CLASSINFO>C 1</CLASSINFO>
		<VALUES>[0.12388602778883921, 0.0022389201654193646, 0.1311241020796017, 0.0032973159936408297, 0.10606183352236122, 0.006024498858611915, 0.028375623509547334, 0.004131207014422122, 0.009418036478801718, 0.0008229722824758219, 0.006958131368811021, 0.0006608916468598705]</VALUES>
		<LCS_MIN>[0.11145167052745819, 0.11117647588253021, 0.08481335639953613, 0.02460191585123539, 0.007705298252403736, 0.0053661903366446495]</LCS_MIN>
		<LCS_MAX>[0.1277153640985489, 0.13594351708889008, 0.12333985418081284, 0.05611110478639603, 0.01585090346634388, 0.011805620975792408]</LCS_MAX>
		<WAVELENGTH>[0.48, 0.56, 0.655, 0.865, 1.61, 2.2]</WAVELENGTH>
		<MEAN_VALUE>[0.12388602778883921, 0.1311241020796017, 0.10606183352236122, 0.028375623509547334, 0.009418036478801718, 0.006958131368811021]</MEAN_VALUE>
		<CHECKBOX>2</CHECKBOX>
		<SD>[0.0022389201654193646, 0.0032973159936408297, 0.006024498858611915, 0.004131207014422122, 0.0008229722824758219, 0.0006608916468598705]</SD>
		<WAVELENGTH_UNIT>E-6m</WAVELENGTH_UNIT>
		<COLOR>#52bb2c</COLOR>
		<COVARIANCE_MATRIX>[[4.0168556552089285e-06, 5.717556632589549e-06, 8.075796358752996e-06, -9.236578080162872e-07, -1.9066645506882196e-07, -7.839908988671596e-08], [5.717556632589549e-06, 8.568185876356438e-06, 1.1067834748246241e-05, -2.375503527218825e-06, -4.336907579727267e-07, -2.1329231003619498e-07], [8.075796358752996e-06, 1.1067834748246241e-05, 2.9718408768530935e-05, 8.914771569834556e-06, -1.0148239653062774e-06, -9.01187490853772e-07], [-9.236578080162872e-07, -2.375503527218825e-06, 8.914771569834556e-06, 1.2170235095254611e-05, 6.1385136973513e-08, -2.1577963593699678e-07], [-1.9066645506882196e-07, -4.336907579727267e-07, -1.0148239653062774e-06, 6.1385136973513e-08, 5.626386609947076e-07, 4.206063977107988e-07], [-7.839908988671596e-08, -2.1329231003619498e-07, -9.01187490853772e-07, -2.1577963593699678e-07, 4.206063977107988e-07, 3.6499474731499504e-07]]</COVARIANCE_MATRIX>
		<ROI_SIZE>10171</ROI_SIZE>
		<MAX_VALUE>[0.1277153640985489, 0.13594351708889008, 0.12333985418081284, 0.05611110478639603, 0.01585090346634388, 0.011805620975792408]</MAX_VALUE>
		<MIN_VALUE>[0.11145167052745819, 0.11117647588253021, 0.08481335639953613, 0.02460191585123539, 0.007705298252403736, 0.0053661903366446495]</MIN_VALUE>
		<SIGNATURE_THRESHOLD_MD>0.0</SIGNATURE_THRESHOLD_MD>
		<SIGNATURE_THRESHOLD_ML>0.0</SIGNATURE_THRESHOLD_ML>
		<SIGNATURE_THRESHOLD_SAM>0.0</SIGNATURE_THRESHOLD_SAM>
	</signature>
	<signature ID="20211202_160415460837_692">
		<MACROCLASSID>1</MACROCLASSID>
		<MACROCLASSINFO>waterbody</MACROCLASSINFO>
		<CLASSID>3</CLASSID>
		<CLASSINFO>C 1</CLASSINFO>
		<VALUES>[0.11914651417865053, 0.0012031813310805785, 0.12648565160731493, 0.0010565039962679714, 0.09084645979131048, 0.0022492746167375992, 0.0223339919083853, 0.0007759915759257572, 0.00813368717869345, 0.0005536274588778409, 0.00622088527122493, 0.00044520552455492386]</VALUES>
		<LCS_MIN>[0.11607485264539719, 0.12347745150327682, 0.0863819271326065, 0.020364006981253624, 0.0066320584155619144, 0.004953399300575256]</LCS_MIN>
		<LCS_MAX>[0.12182630598545074, 0.12950408458709717, 0.10289328545331955, 0.025234859436750412, 0.010099447332322598, 0.00776032917201519]</LCS_MAX>
		<WAVELENGTH>[0.48, 0.56, 0.655, 0.865, 1.61, 2.2]</WAVELENGTH>
		<MEAN_VALUE>[0.11914651417865053, 0.12648565160731493, 0.09084645979131048, 0.0223339919083853, 0.00813368717869345, 0.00622088527122493]</MEAN_VALUE>
		<CHECKBOX>2</CHECKBOX>
		<SD>[0.0012031813310805785, 0.0010565039962679714, 0.0022492746167375992, 0.0007759915759257572, 0.0005536274588778409, 0.00044520552455492386]</SD>
		<WAVELENGTH_UNIT>E-6m</WAVELENGTH_UNIT>
		<COLOR>#79824c</COLOR>
		<COVARIANCE_MATRIX>[[1.2124248769396218e-06, 9.251745609617501e-07, 5.28659541032539e-07, 3.7763746263408393e-07, 4.0751552887741127e-07, 3.037795011096023e-07], [9.251745609617501e-07, 8.904365813577897e-07, 8.539246323380212e-07, 4.3418575046416663e-07, 3.784632269798749e-07, 2.8938211471540853e-07], [5.28659541032539e-07, 8.539246323380212e-07, 3.970752914028708e-06, 1.0133805972145637e-06, 3.155682009037264e-07, 2.426612581984955e-07], [3.7763746263408393e-07, 4.3418575046416663e-07, 1.0133805972145637e-06, 5.415258783614263e-07, 3.0179188570400584e-07, 2.433557426684274e-07], [4.0751552887741127e-07, 3.784632269798749e-07, 3.155682009037264e-07, 3.0179188570400584e-07, 3.060708877455909e-07, 2.1829282559338026e-07], [3.037795011096023e-07, 2.8938211471540853e-07, 2.426612581984955e-07, 2.433557426684274e-07, 2.1829282559338026e-07, 1.989784550460172e-07]]</COVARIANCE_MATRIX>
		<ROI_SIZE>10201</ROI_SIZE>
		<MAX_VALUE>[0.12182630598545074, 0.12950408458709717, 0.10289328545331955, 0.025234859436750412, 0.010099447332322598, 0.00776032917201519]</MAX_VALUE>
		<MIN_VALUE>[0.11607485264539719, 0.12347745150327682, 0.0863819271326065, 0.020364006981253624, 0.0066320584155619144, 0.004953399300575256]</MIN_VALUE>
		<SIGNATURE_THRESHOLD_MD>0.0</SIGNATURE_THRESHOLD_MD>
		<SIGNATURE_THRESHOLD_ML>0.0</SIGNATURE_THRESHOLD_ML>
		<SIGNATURE_THRESHOLD_SAM>0.0</SIGNATURE_THRESHOLD_SAM>
	</signature>
	<signature ID="20211202_160451731939_774">
		<MACROCLASSID>1</MACROCLASSID>
		<MACROCLASSINFO>waterbody</MACROCLASSINFO>
		<CLASSID>4</CLASSID>
		<CLASSINFO>C 1</CLASSINFO>
		<VALUES>[0.10310018228160009, 0.0038539634382405968, 0.0846156171626515, 0.004252836092017152, 0.07181115669232829, 0.008910004774684328, 0.07552723124347353, 0.02849538396914231, 0.056536111428781795, 0.02290387799602648, 0.03847350018029964, 0.014733776182808528]</VALUES>
		<LCS_MIN>[0.09730693697929382, 0.0797223448753357, 0.06023893132805824, 0.028344498947262764, 0.02072174660861492, 0.014722621999680996]</LCS_MIN>
		<LCS_MAX>[0.11274505406618118, 0.09510543197393417, 0.09075743705034256, 0.12477083504199982, 0.10448937863111496, 0.07102636247873306]</LCS_MAX>
		<WAVELENGTH>[0.48, 0.56, 0.655, 0.865, 1.61, 2.2]</WAVELENGTH>
		<MEAN_VALUE>[0.10310018228160009, 0.0846156171626515, 0.07181115669232829, 0.07552723124347353, 0.056536111428781795, 0.03847350018029964]</MEAN_VALUE>
		<CHECKBOX>2</CHECKBOX>
		<SD>[0.0038539634382405968, 0.004252836092017152, 0.008910004774684328, 0.02849538396914231, 0.02290387799602648, 0.014733776182808528]</SD>
		<WAVELENGTH_UNIT>E-6m</WAVELENGTH_UNIT>
		<COLOR>#8f8e25</COLOR>
		<COVARIANCE_MATRIX>[[1.5424304365296848e-05, 1.5208916920528281e-05, 3.381218994036317e-05, 7.122944225557148e-05, 6.803845462854952e-05, 4.848093885811977e-05], [1.5208916920528281e-05, 1.8782253391691484e-05, 3.7056070141261443e-05, 8.837813948048279e-05, 8.244347554864362e-05, 5.598464485956356e-05], [3.381218994036317e-05, 3.7056070141261443e-05, 8.244157652370632e-05, 0.0001844655635068193, 0.00017761300841812044, 0.00012244321987964213], [7.122944225557148e-05, 8.837813948048279e-05, 0.0001844655635068193, 0.0008432171889580786, 0.0006150142289698124, 0.0003624760720413178], [6.803845462854952e-05, 8.244347554864362e-05, 0.00017761300841812044, 0.0006150142289698124, 0.0005447641015052795, 0.00034246992436237633], [4.848093885811977e-05, 5.598464485956356e-05, 0.00012244321987964213, 0.0003624760720413178, 0.00034246992436237633, 0.00022543355589732528]]</COVARIANCE_MATRIX>
		<ROI_SIZE>27</ROI_SIZE>
		<MAX_VALUE>[0.11274505406618118, 0.09510543197393417, 0.09075743705034256, 0.12477083504199982, 0.10448937863111496, 0.07102636247873306]</MAX_VALUE>
		<MIN_VALUE>[0.09730693697929382, 0.0797223448753357, 0.06023893132805824, 0.028344498947262764, 0.02072174660861492, 0.014722621999680996]</MIN_VALUE>
		<SIGNATURE_THRESHOLD_MD>0.0</SIGNATURE_THRESHOLD_MD>
		<SIGNATURE_THRESHOLD_ML>0.0</SIGNATURE_THRESHOLD_ML>
		<SIGNATURE_THRESHOLD_SAM>0.0</SIGNATURE_THRESHOLD_SAM>
	</signature>
	<signature ID="20211202_160459777543_655">
		<MACROCLASSID>1</MACROCLASSID>
		<MACROCLASSINFO>waterbody</MACROCLASSINFO>
		<CLASSID>5</CLASSID>
		<CLASSINFO>C 1</CLASSINFO>
		<VALUES>[0.10213155806064605, 0.0035153202359505076, 0.08198769986629485, 0.004646699599845317, 0.07097682371735571, 0.006919356382967317, 0.07235717445611953, 0.02564945444010194, 0.05979973606765271, 0.021124198559645806, 0.041983977854251855, 0.013042068515172995]</VALUES>
		<LCS_MIN>[0.09752707928419113, 0.07347553223371506, 0.059826161712408066, 0.030050672590732574, 0.027628999203443527, 0.020941900089383125]</LCS_MIN>
		<LCS_MAX>[0.11112144589424133, 0.09061983972787857, 0.08819816261529922, 0.11987245827913284, 0.10999317467212677, 0.07300771027803421]</LCS_MAX>
		<WAVELENGTH>[0.48, 0.56, 0.655, 0.865, 1.61, 2.2]</WAVELENGTH>
		<MEAN_VALUE>[0.10213155806064605, 0.08198769986629485, 0.07097682371735571, 0.07235717445611953, 0.05979973606765271, 0.041983977854251855]</MEAN_VALUE>
		<CHECKBOX>2</CHECKBOX>
		<SD>[0.0035153202359505076, 0.004646699599845317, 0.006919356382967317, 0.02564945444010194, 0.021124198559645806, 0.013042068515172995]</SD>
		<WAVELENGTH_UNIT>E-6m</WAVELENGTH_UNIT>
		<COLOR>#07fecf</COLOR>
		<COVARIANCE_MATRIX>[[1.2872371371486224e-05, 1.4760857993678655e-05, 2.2959142370382324e-05, 5.358540511224419e-05, 5.167719427845441e-05, 3.65352098015137e-05], [1.4760857993678655e-05, 2.2491476556751877e-05, 3.10940267809201e-05, 8.586698095314205e-05, 8.370932482648641e-05, 5.608166611636989e-05], [2.2959142370382324e-05, 3.10940267809201e-05, 4.98723893542774e-05, 0.00014178070705384016, 0.00013220374239608645, 8.769505802774802e-05], [5.358540511224419e-05, 8.586698095314205e-05, 0.00014178070705384016, 0.0006853067898191512, 0.000521044828929007, 0.0002971247595269233], [5.167719427845441e-05, 8.370932482648641e-05, 0.00013220374239608645, 0.000521044828929007, 0.00046482475590892136, 0.0002783715317491442], [3.65352098015137e-05, 5.608166611636989e-05, 8.769505802774802e-05, 0.0002971247595269233, 0.0002783715317491442, 0.00017718286835588515]]</COVARIANCE_MATRIX>
		<ROI_SIZE>25</ROI_SIZE>
		<MAX_VALUE>[0.11112144589424133, 0.09061983972787857, 0.08819816261529922, 0.11987245827913284, 0.10999317467212677, 0.07300771027803421]</MAX_VALUE>
		<MIN_VALUE>[0.09752707928419113, 0.07347553223371506, 0.059826161712408066, 0.030050672590732574, 0.027628999203443527, 0.020941900089383125]</MIN_VALUE>
		<SIGNATURE_THRESHOLD_MD>0.0</SIGNATURE_THRESHOLD_MD>
		<SIGNATURE_THRESHOLD_ML>0.0</SIGNATURE_THRESHOLD_ML>
		<SIGNATURE_THRESHOLD_SAM>0.0</SIGNATURE_THRESHOLD_SAM>
	</signature>
	<signature ID="20211202_160526273256_219">
		<MACROCLASSID>1</MACROCLASSID>
		<MACROCLASSINFO>waterbody</MACROCLASSINFO>
		<CLASSID>6</CLASSID>
		<CLASSINFO>C 1</CLASSINFO>
		<VALUES>[0.10059174594397724, 0.004034732010096024, 0.08162485091732098, 0.006468481433302454, 0.07015263196080923, 0.008590757233893737, 0.07541827334520906, 0.0197800416511614, 0.06117722624912858, 0.0239950986952848, 0.04181024915753649, 0.015805222772773395]</VALUES>
		<LCS_MIN>[0.09213338792324066, 0.06893491744995117, 0.05468010529875755, 0.03654514253139496, 0.023363564163446426, 0.01846519485116005]</LCS_MIN>
		<LCS_MAX>[0.1105985939502716, 0.09587595611810684, 0.08662959188222885, 0.10963541269302368, 0.11915697902441025, 0.0857214629650116]</LCS_MAX>
		<WAVELENGTH>[0.48, 0.56, 0.655, 0.865, 1.61, 2.2]</WAVELENGTH>
		<MEAN_VALUE>[0.10059174594397724, 0.08162485091732098, 0.07015263196080923, 0.07541827334520906, 0.06117722624912858, 0.04181024915753649]</MEAN_VALUE>
		<CHECKBOX>2</CHECKBOX>
		<SD>[0.004034732010096024, 0.006468481433302454, 0.008590757233893737, 0.0197800416511614, 0.0239950986952848, 0.015805222772773395]</SD>
		<WAVELENGTH_UNIT>E-6m</WAVELENGTH_UNIT>
		<COLOR>#3b5987</COLOR>
		<COVARIANCE_MATRIX>[[1.6598260117461905e-05, 2.146065526176244e-05, 2.9222757802926935e-05, 3.80374476662837e-05, 5.221092214924283e-05, 4.195801375317387e-05], [2.146065526176244e-05, 4.2661667976062745e-05, 5.363879245123826e-05, 7.449686381733045e-05, 0.00011564005399122834, 8.427260763710365e-05], [2.9222757802926935e-05, 5.363879245123826e-05, 7.524819375248626e-05, 0.00011220536543987691, 0.0001636298984522, 0.00011777072359109297], [3.80374476662837e-05, 7.449686381733045e-05, 0.00011220536543987691, 0.0003989216056652367, 0.00040417214040644467, 0.0002540714922361076], [5.221092214924283e-05, 0.00011564005399122834, 0.0001636298984522, 0.00040417214040644467, 0.0005870542954653502, 0.0003753192431759089], [4.195801375317387e-05, 8.427260763710365e-05, 0.00011777072359109297, 0.0002540714922361076, 0.0003753192431759089, 0.00025470321998000145]]</COVARIANCE_MATRIX>
		<ROI_SIZE>52</ROI_SIZE>
		<MAX_VALUE>[0.1105985939502716, 0.09587595611810684, 0.08662959188222885, 0.10963541269302368, 0.11915697902441025, 0.0857214629650116]</MAX_VALUE>
		<MIN_VALUE>[0.09213338792324066, 0.06893491744995117, 0.05468010529875755, 0.03654514253139496, 0.023363564163446426, 0.01846519485116005]</MIN_VALUE>
		<SIGNATURE_THRESHOLD_MD>0.0</SIGNATURE_THRESHOLD_MD>
		<SIGNATURE_THRESHOLD_ML>0.0</SIGNATURE_THRESHOLD_ML>
		<SIGNATURE_THRESHOLD_SAM>0.0</SIGNATURE_THRESHOLD_SAM>
	</signature>
	<signature ID="20211202_160532418392_123">
		<MACROCLASSID>1</MACROCLASSID>
		<MACROCLASSINFO>waterbody</MACROCLASSINFO>
		<CLASSID>7</CLASSID>
		<CLASSINFO>C 1</CLASSINFO>
		<VALUES>[0.10525922160595655, 0.004332161853898703, 0.08759137988090515, 0.005501274488887343, 0.07445934768766165, 0.008513954028972114, 0.0666652944870293, 0.0230774252097298, 0.05234031593427061, 0.020286456690556537, 0.03740097449626773, 0.013808647979938644]</VALUES>
		<LCS_MIN>[0.09703174233436584, 0.0740809515118599, 0.06279820203781128, 0.030766163021326065, 0.019703546538949013, 0.01403464749455452]</LCS_MIN>
		<LCS_MAX>[0.11527680605649948, 0.10165493190288544, 0.09416978806257248, 0.11445122212171555, 0.0959860235452652, 0.06524737179279327]</LCS_MAX>
		<WAVELENGTH>[0.48, 0.56, 0.655, 0.865, 1.61, 2.2]</WAVELENGTH>
		<MEAN_VALUE>[0.10525922160595655, 0.08759137988090515, 0.07445934768766165, 0.0666652944870293, 0.05234031593427061, 0.03740097449626773]</MEAN_VALUE>
		<CHECKBOX>2</CHECKBOX>
		<SD>[0.004332161853898703, 0.005501274488887343, 0.008513954028972114, 0.0230774252097298, 0.020286456690556537, 0.013808647979938644]</SD>
		<WAVELENGTH_UNIT>E-6m</WAVELENGTH_UNIT>
		<COLOR>#659448</COLOR>
		<COVARIANCE_MATRIX>[[1.9248847820563242e-05, 2.0503763153101318e-05, 3.454047691775486e-05, 3.892893801094033e-05, 4.303589594201185e-05, 3.649951395345852e-05], [2.0503763153101318e-05, 3.104002098552883e-05, 3.9664872019784525e-05, 3.619880590122193e-05, 4.770501982420683e-05, 3.8723104808013886e-05], [3.454047691775486e-05, 3.9664872019784525e-05, 7.434606231981888e-05, 0.0001223201397806406, 0.000128584768390283, 9.965064964490011e-05], [3.892893801094033e-05, 3.619880590122193e-05, 0.0001223201397806406, 0.0005462231347337365, 0.00044497850467450917, 0.0002830328594427556], [4.303589594201185e-05, 4.770501982420683e-05, 0.000128584768390283, 0.00044497850467450917, 0.0004220926493871957, 0.00027790534659288824], [3.649951395345852e-05, 3.8723104808013886e-05, 9.965064964490011e-05, 0.0002830328594427556, 0.00027790534659288824, 0.00019556796178221703]]</COVARIANCE_MATRIX>
		<ROI_SIZE>40</ROI_SIZE>
		<MAX_VALUE>[0.11527680605649948, 0.10165493190288544, 0.09416978806257248, 0.11445122212171555, 0.0959860235452652, 0.06524737179279327]</MAX_VALUE>
		<MIN_VALUE>[0.09703174233436584, 0.0740809515118599, 0.06279820203781128, 0.030766163021326065, 0.019703546538949013, 0.01403464749455452]</MIN_VALUE>
		<SIGNATURE_THRESHOLD_MD>0.0</SIGNATURE_THRESHOLD_MD>
		<SIGNATURE_THRESHOLD_ML>0.0</SIGNATURE_THRESHOLD_ML>
		<SIGNATURE_THRESHOLD_SAM>0.0</SIGNATURE_THRESHOLD_SAM>
	</signature>
	<signature ID="20211202_160537881000_830">
		<MACROCLASSID>1</MACROCLASSID>
		<MACROCLASSINFO>waterbody</MACROCLASSINFO>
		<CLASSID>8</CLASSID>
		<CLASSINFO>C 1</CLASSINFO>
		<VALUES>[0.1023235647259532, 0.002406184357035263, 0.08608293211137925, 0.004050867996058386, 0.06616294655848191, 0.0036248793033331907, 0.06993452479710449, 0.02100238620216606, 0.042457244786861775, 0.013540561825931658, 0.025972660807137556, 0.007025862497958615]</VALUES>
		<LCS_MIN>[0.09659143537282944, 0.07776849716901779, 0.06073426827788353, 0.0394621342420578, 0.020694231614470482, 0.01386953517794609]</LCS_MIN>
		<LCS_MAX>[0.10773660987615585, 0.09298646450042725, 0.07757586985826492, 0.1163775622844696, 0.07248485833406448, 0.03970981389284134]</LCS_MAX>
		<WAVELENGTH>[0.48, 0.56, 0.655, 0.865, 1.61, 2.2]</WAVELENGTH>
		<MEAN_VALUE>[0.1023235647259532, 0.08608293211137925, 0.06616294655848191, 0.06993452479710449, 0.042457244786861775, 0.025972660807137556]</MEAN_VALUE>
		<CHECKBOX>2</CHECKBOX>
		<SD>[0.002406184357035263, 0.004050867996058386, 0.0036248793033331907, 0.02100238620216606, 0.013540561825931658, 0.007025862497958615]</SD>
		<WAVELENGTH_UNIT>E-6m</WAVELENGTH_UNIT>
		<COLOR>#dba479</COLOR>
		<COVARIANCE_MATRIX>[[5.950548711552983e-06, 8.322905159729999e-06, 7.040735908958595e-06, 2.649724365255679e-06, 1.3781744883090141e-06, 1.2980800647710566e-06], [8.322905159729999e-06, 1.686535142653156e-05, 1.1556542631296907e-05, 1.7510506950202398e-05, 9.754983693710528e-06, 3.956303771701641e-06], [7.040735908958595e-06, 1.1556542631296907e-05, 1.3504743037628941e-05, 2.217221845057793e-05, 1.817275733628776e-05, 1.2812782188120764e-05], [2.649724365255679e-06, 1.7510506950202398e-05, 2.217221845057793e-05, 0.00045335301547311246, 0.0002717440656851977, 0.00013073922309558839], [1.3781744883090141e-06, 9.754983693710528e-06, 1.817275733628776e-05, 0.0002717440656851977, 0.00018843977886717767, 9.240873623639345e-05], [1.2980800647710566e-06, 3.956303771701641e-06, 1.2812782188120764e-05, 0.00013073922309558839, 9.240873623639345e-05, 5.0733931857394055e-05]]</COVARIANCE_MATRIX>
		<ROI_SIZE>37</ROI_SIZE>
		<MAX_VALUE>[0.10773660987615585, 0.09298646450042725, 0.07757586985826492, 0.1163775622844696, 0.07248485833406448, 0.03970981389284134]</MAX_VALUE>
		<MIN_VALUE>[0.09659143537282944, 0.07776849716901779, 0.06073426827788353, 0.0394621342420578, 0.020694231614470482, 0.01386953517794609]</MIN_VALUE>
		<SIGNATURE_THRESHOLD_MD>0.0</SIGNATURE_THRESHOLD_MD>
		<SIGNATURE_THRESHOLD_ML>0.0</SIGNATURE_THRESHOLD_ML>
		<SIGNATURE_THRESHOLD_SAM>0.0</SIGNATURE_THRESHOLD_SAM>
	</signature>
	<signature ID="20211202_160546402160_220">
		<MACROCLASSID>1</MACROCLASSID>
		<MACROCLASSINFO>waterbody</MACROCLASSINFO>
		<CLASSID>9</CLASSID>
		<CLASSINFO>C 1</CLASSINFO>
		<VALUES>[0.10090079380476727, 0.005515407687044182, 0.0809068245456574, 0.007626888974979443, 0.06947475901626525, 0.012070685450677292, 0.07364065624139408, 0.022026984201426014, 0.0638661673094364, 0.022554798875560306, 0.04761067506401463, 0.016367891464012206]</VALUES>
		<LCS_MIN>[0.09188570827245712, 0.06703611463308334, 0.049148812890052795, 0.020198894664645195, 0.012658707797527313, 0.01392457541078329]</LCS_MIN>
		<LCS_MAX>[0.11544191837310791, 0.0996735617518425, 0.09328917413949966, 0.1186891570687294, 0.11827636510133743, 0.08173123002052307]</LCS_MAX>
		<WAVELENGTH>[0.48, 0.56, 0.655, 0.865, 1.61, 2.2]</WAVELENGTH>
		<MEAN_VALUE>[0.10090079380476727, 0.0809068245456574, 0.06947475901626525, 0.07364065624139408, 0.0638661673094364, 0.04761067506401463]</MEAN_VALUE>
		<CHECKBOX>2</CHECKBOX>
		<SD>[0.005515407687044182, 0.007626888974979443, 0.012070685450677292, 0.022026984201426014, 0.022554798875560306, 0.016367891464012206]</SD>
		<WAVELENGTH_UNIT>E-6m</WAVELENGTH_UNIT>
		<COLOR>#263de1</COLOR>
		<COVARIANCE_MATRIX>[[3.108102100668475e-05, 4.027900649816729e-05, 6.260474037844688e-05, 7.957176421768963e-05, 0.00010127421410288662, 8.213889668695629e-05], [4.027900649816729e-05, 5.943398718954995e-05, 9.250008588423952e-05, 0.0001254591188626364, 0.00014066675794310868, 0.00011340587661834434], [6.260474037844688e-05, 9.250008588423952e-05, 0.0001488688722020015, 0.0002100628917105496, 0.00023200588475447148, 0.00018228717090096325], [7.957176421768963e-05, 0.0001254591188626364, 0.0002100628917105496, 0.0004957356140948832, 0.000447312108008191, 0.00029447374981828034], [0.00010127421410288662, 0.00014066675794310868, 0.00023200588475447148, 0.000447312108008191, 0.0005197780556045473, 0.0003629464190453291], [8.213889668695629e-05, 0.00011340587661834434, 0.00018228717090096325, 0.00029447374981828034, 0.0003629464190453291, 0.000273731944616884]]</COVARIANCE_MATRIX>
		<ROI_SIZE>47</ROI_SIZE>
		<MAX_VALUE>[0.11544191837310791, 0.0996735617518425, 0.09328917413949966, 0.1186891570687294, 0.11827636510133743, 0.08173123002052307]</MAX_VALUE>
		<MIN_VALUE>[0.09188570827245712, 0.06703611463308334, 0.049148812890052795, 0.020198894664645195, 0.012658707797527313, 0.01392457541078329]</MIN_VALUE>
		<SIGNATURE_THRESHOLD_MD>0.0</SIGNATURE_THRESHOLD_MD>
		<SIGNATURE_THRESHOLD_ML>0.0</SIGNATURE_THRESHOLD_ML>
		<SIGNATURE_THRESHOLD_SAM>0.0</SIGNATURE_THRESHOLD_SAM>
	</signature>
	<signature ID="20211202_160605796196_864">
		<MACROCLASSID>1</MACROCLASSID>
		<MACROCLASSINFO>waterbody</MACROCLASSINFO>
		<CLASSID>10</CLASSID>
		<CLASSINFO>C 1</CLASSINFO>
		<VALUES>[0.09892265469130902, 0.00386596958605839, 0.07472043454942134, 0.005467353094815074, 0.05822869283285473, 0.00871891468243567, 0.053547477202102685, 0.016172883558011615, 0.04242737635527506, 0.015718426507526112, 0.030955522708447272, 0.011705539554714626]</VALUES>
		<LCS_MIN>[0.09238104522228241, 0.06453189253807068, 0.03984741121530533, 0.023803869262337685, 0.015080371871590614, 0.009438987821340561]</LCS_MIN>
		<LCS_MAX>[0.10894744843244553, 0.09260120987892151, 0.08186882734298706, 0.08927140384912491, 0.07842894643545151, 0.056468844413757324]</LCS_MAX>
		<WAVELENGTH>[0.48, 0.56, 0.655, 0.865, 1.61, 2.2]</WAVELENGTH>
		<MEAN_VALUE>[0.09892265469130902, 0.07472043454942134, 0.05822869283285473, 0.053547477202102685, 0.04242737635527506, 0.030955522708447272]</MEAN_VALUE>
		<CHECKBOX>2</CHECKBOX>
		<SD>[0.00386596958605839, 0.005467353094815074, 0.00871891468243567, 0.016172883558011615, 0.015718426507526112, 0.011705539554714626]</SD>
		<WAVELENGTH_UNIT>E-6m</WAVELENGTH_UNIT>
		<COLOR>#d290b1</COLOR>
		<COVARIANCE_MATRIX>[[1.5095178241608664e-05, 1.9067865650868043e-05, 3.0358090953086503e-05, 4.8989939386956394e-05, 5.034719652030617e-05, 3.982561975135468e-05], [1.9067865650868043e-05, 3.019086943822913e-05, 4.685743624577299e-05, 7.114510663086548e-05, 7.417607412207872e-05, 5.701055488316342e-05], [3.0358090953086503e-05, 4.685743624577299e-05, 7.677966641495004e-05, 0.00012152046110713854, 0.0001216988021042198, 9.269737347494811e-05], [4.8989939386956394e-05, 7.114510663086548e-05, 0.00012152046110713854, 0.00026417779736220837, 0.0002485488948877901, 0.00017874481272883713], [5.034719652030617e-05, 7.417607412207872e-05, 0.0001216988021042198, 0.0002485488948877901, 0.00024953961838036776, 0.0001823767670430243], [3.982561975135468e-05, 5.701055488316342e-05, 9.269737347494811e-05, 0.00017874481272883713, 0.0001823767670430243, 0.00013838984887115657]]</COVARIANCE_MATRIX>
		<ROI_SIZE>101</ROI_SIZE>
		<MAX_VALUE>[0.10894744843244553, 0.09260120987892151, 0.08186882734298706, 0.08927140384912491, 0.07842894643545151, 0.056468844413757324]</MAX_VALUE>
		<MIN_VALUE>[0.09238104522228241, 0.06453189253807068, 0.03984741121530533, 0.023803869262337685, 0.015080371871590614, 0.009438987821340561]</MIN_VALUE>
		<SIGNATURE_THRESHOLD_MD>0.0</SIGNATURE_THRESHOLD_MD>
		<SIGNATURE_THRESHOLD_ML>0.0</SIGNATURE_THRESHOLD_ML>
		<SIGNATURE_THRESHOLD_SAM>0.0</SIGNATURE_THRESHOLD_SAM>
	</signature>
	<signature ID="20211202_160627262888_178">
		<MACROCLASSID>1</MACROCLASSID>
		<MACROCLASSINFO>waterbody</MACROCLASSINFO>
		<CLASSID>11</CLASSID>
		<CLASSINFO>C 1</CLASSINFO>
		<VALUES>[0.07944058973428816, 0.0006597143298231773, 0.06767977003094765, 0.0009472976761676908, 0.0512473656969188, 0.0009071208560995224, 0.02656776357312188, 0.004691403340834243, 0.013322037747562965, 0.002676283958395201, 0.009527624717393752, 0.0016678513872711643]</VALUES>
		<LCS_MIN>[0.07752083241939545, 0.06439429521560669, 0.04826819896697998, 0.021905068308115005, 0.010704855434596539, 0.008063037879765034]</LCS_MIN>
		<LCS_MAX>[0.08192385733127594, 0.07044845819473267, 0.054487477988004684, 0.05201077088713646, 0.033050231635570526, 0.022235292941331863]</LCS_MAX>
		<WAVELENGTH>[0.48, 0.56, 0.655, 0.865, 1.61, 2.2]</WAVELENGTH>
		<MEAN_VALUE>[0.07944058973428816, 0.06767977003094765, 0.0512473656969188, 0.02656776357312188, 0.013322037747562965, 0.009527624717393752]</MEAN_VALUE>
		<CHECKBOX>2</CHECKBOX>
		<SD>[0.0006597143298231773, 0.0009472976761676908, 0.0009071208560995224, 0.004691403340834243, 0.002676283958395201, 0.0016678513872711643]</SD>
		<WAVELENGTH_UNIT>E-6m</WAVELENGTH_UNIT>
		<COLOR>#d684c8</COLOR>
		<COVARIANCE_MATRIX>[[4.364918595456402e-07, 4.766361030306143e-07, 4.356664362603624e-07, 1.9531692885266239e-07, 1.8835056891930435e-07, 1.899029342666836e-07], [4.766361030306143e-07, 8.999891178973485e-07, 7.442266110047058e-07, -7.001110020610213e-07, -5.056114105173037e-07, -2.7105929234494397e-07], [4.356664362603624e-07, 7.442266110047058e-07, 8.252673069364391e-07, 2.5296085937043244e-07, 1.8841308246919652e-07, 1.382942400596221e-07], [1.9531692885266239e-07, -7.001110020610213e-07, 2.5296085937043244e-07, 2.207343277405016e-05, 1.1151675607834477e-05, 6.010126071487321e-06], [1.8835056891930435e-07, -5.056114105173037e-07, 1.8841308246919652e-07, 1.1151675607834477e-05, 7.183377874753205e-06, 4.140256805840181e-06], [1.899029342666836e-07, -2.7105929234494397e-07, 1.382942400596221e-07, 6.010126071487321e-06, 4.140256805840181e-06, 2.7898381631530356e-06]]</COVARIANCE_MATRIX>
		<ROI_SIZE>344</ROI_SIZE>
		<MAX_VALUE>[0.08192385733127594, 0.07044845819473267, 0.054487477988004684, 0.05201077088713646, 0.033050231635570526, 0.022235292941331863]</MAX_VALUE>
		<MIN_VALUE>[0.07752083241939545, 0.06439429521560669, 0.04826819896697998, 0.021905068308115005, 0.010704855434596539, 0.008063037879765034]</MIN_VALUE>
		<SIGNATURE_THRESHOLD_MD>0.0</SIGNATURE_THRESHOLD_MD>
		<SIGNATURE_THRESHOLD_ML>0.0</SIGNATURE_THRESHOLD_ML>
		<SIGNATURE_THRESHOLD_SAM>0.0</SIGNATURE_THRESHOLD_SAM>
	</signature>
	<signature ID="20211202_160706775334_622">
		<MACROCLASSID>4</MACROCLASSID>
		<MACROCLASSINFO>built-up</MACROCLASSINFO>
		<CLASSID>12</CLASSID>
		<CLASSINFO>C 1</CLASSINFO>
		<VALUES>[0.12795924017394786, 0.007571534776854142, 0.12264384857068462, 0.008416380436867881, 0.13002066716443786, 0.009184686521639037, 0.16328327924661018, 0.01196959062124995, 0.17083727611579763, 0.012512812341799576, 0.15655913811338973, 0.013782613549671235]</VALUES>
		<LCS_MIN>[0.10636065900325775, 0.10484713315963745, 0.11409348249435425, 0.1325036585330963, 0.1467309296131134, 0.12702737748622894]</LCS_MIN>
		<LCS_MAX>[0.15589474141597748, 0.1530878096818924, 0.16406786441802979, 0.19076122343540192, 0.20641951262950897, 0.18646825850009918]</LCS_MAX>
		<WAVELENGTH>[0.48, 0.56, 0.655, 0.865, 1.61, 2.2]</WAVELENGTH>
		<MEAN_VALUE>[0.12795924017394786, 0.12264384857068462, 0.13002066716443786, 0.16328327924661018, 0.17083727611579763, 0.15655913811338973]</MEAN_VALUE>
		<CHECKBOX>2</CHECKBOX>
		<SD>[0.007571534776854142, 0.008416380436867881, 0.009184686521639037, 0.01196959062124995, 0.012512812341799576, 0.013782613549671235]</SD>
		<WAVELENGTH_UNIT>E-6m</WAVELENGTH_UNIT>
		<COLOR>#9075eb</COLOR>
		<COVARIANCE_MATRIX>[[5.7432182074990124e-05, 5.325599340721965e-05, 5.2781968406634405e-05, 1.375999636366032e-05, 4.839401663048193e-05, 6.013010352035053e-05], [5.325599340721965e-05, 7.096401532180607e-05, 7.028433901723474e-05, 2.669922832865268e-05, 4.739816358778626e-05, 5.197165228310041e-05], [5.2781968406634405e-05, 7.028433901723474e-05, 8.451156463706866e-05, 3.450305666774511e-05, 6.368895265040919e-05, 5.971686550765298e-05], [1.375999636366032e-05, 2.669922832865268e-05, 3.450305666774511e-05, 0.00014353111328091472, 7.59684044169262e-05, 2.33041664614575e-05], [4.839401663048193e-05, 4.739816358778626e-05, 6.368895265040919e-05, 7.59684044169262e-05, 0.000156854628585279, 0.0001487333793193102], [6.013010352035053e-05, 5.197165228310041e-05, 5.971686550765298e-05, 2.33041664614575e-05, 0.0001487333793193102, 0.000190305188880302]]</COVARIANCE_MATRIX>
		<ROI_SIZE>552</ROI_SIZE>
		<MAX_VALUE>[0.15589474141597748, 0.1530878096818924, 0.16406786441802979, 0.19076122343540192, 0.20641951262950897, 0.18646825850009918]</MAX_VALUE>
		<MIN_VALUE>[0.10636065900325775, 0.10484713315963745, 0.11409348249435425, 0.1325036585330963, 0.1467309296131134, 0.12702737748622894]</MIN_VALUE>
		<SIGNATURE_THRESHOLD_MD>0.0</SIGNATURE_THRESHOLD_MD>
		<SIGNATURE_THRESHOLD_ML>0.0</SIGNATURE_THRESHOLD_ML>
		<SIGNATURE_THRESHOLD_SAM>0.0</SIGNATURE_THRESHOLD_SAM>
	</signature>
	<signature ID="20211202_160714926948_458">
		<MACROCLASSID>4</MACROCLASSID>
		<MACROCLASSINFO>built-up</MACROCLASSINFO>
		<CLASSID>13</CLASSID>
		<CLASSINFO>C 1</CLASSINFO>
		<VALUES>[0.13400164756523186, 0.009328099853869782, 0.13101622708052788, 0.010855763033132506, 0.139394765967629, 0.011610422023211695, 0.18121764467531923, 0.011968962719548382, 0.18255769647212625, 0.012557491079635271, 0.16265328521747496, 0.012772841716422725]</VALUES>
		<LCS_MIN>[0.10823194682598114, 0.10289328545331955, 0.11123152822256088, 0.15358313918113708, 0.1580137014389038, 0.13954849541187286]</LCS_MIN>
		<LCS_MAX>[0.1648108810186386, 0.16005010902881622, 0.17075496912002563, 0.2131616771221161, 0.21594108641147614, 0.1989894062280655]</LCS_MAX>
		<WAVELENGTH>[0.48, 0.56, 0.655, 0.865, 1.61, 2.2]</WAVELENGTH>
		<MEAN_VALUE>[0.13400164756523186, 0.13101622708052788, 0.139394765967629, 0.18121764467531923, 0.18255769647212625, 0.16265328521747496]</MEAN_VALUE>
		<CHECKBOX>2</CHECKBOX>
		<SD>[0.009328099853869782, 0.010855763033132506, 0.011610422023211695, 0.011968962719548382, 0.012557491079635271, 0.012772841716422725]</SD>
		<WAVELENGTH_UNIT>E-6m</WAVELENGTH_UNIT>
		<COLOR>#185497</COLOR>
		<COVARIANCE_MATRIX>[[8.708283712621778e-05, 8.87810965650715e-05, 8.686442015459761e-05, -1.6699852494639345e-05, 1.5069518667587545e-05, 6.181742355693132e-05], [8.87810965650715e-05, 0.00011794157035183161, 0.00011539086699485779, -7.314899448829237e-06, 1.5363666534540243e-05, 5.81957574468106e-05], [8.686442015459761e-05, 0.00011539086699485779, 0.00013490939454641193, -1.9409553715377115e-06, 3.751373878913e-05, 6.985988147789612e-05], [-1.6699852494639345e-05, -7.314899448829237e-06, -1.9409553715377115e-06, 0.00014337031461764127, 7.932326843729243e-05, 1.68808128364617e-05], [1.5069518667587545e-05, 1.5363666534540243e-05, 3.751373878913e-05, 7.932326843729243e-05, 0.0001578163355588913, 0.0001245157327502966], [6.181742355693132e-05, 5.81957574468106e-05, 6.985988147789612e-05, 1.68808128364617e-05, 0.0001245157327502966, 0.00016327558842021972]]</COVARIANCE_MATRIX>
		<ROI_SIZE>1255</ROI_SIZE>
		<MAX_VALUE>[0.1648108810186386, 0.16005010902881622, 0.17075496912002563, 0.2131616771221161, 0.21594108641147614, 0.1989894062280655]</MAX_VALUE>
		<MIN_VALUE>[0.10823194682598114, 0.10289328545331955, 0.11123152822256088, 0.15358313918113708, 0.1580137014389038, 0.13954849541187286]</MIN_VALUE>
		<SIGNATURE_THRESHOLD_MD>0.0</SIGNATURE_THRESHOLD_MD>
		<SIGNATURE_THRESHOLD_ML>0.0</SIGNATURE_THRESHOLD_ML>
		<SIGNATURE_THRESHOLD_SAM>0.0</SIGNATURE_THRESHOLD_SAM>
	</signature>
	<signature ID="20211202_160726931700_859">
		<MACROCLASSID>1</MACROCLASSID>
		<MACROCLASSINFO>waterbody</MACROCLASSINFO>
		<CLASSID>14</CLASSID>
		<CLASSINFO>C 1</CLASSINFO>
		<VALUES>[0.11745729660990879, 0.0021567394740487672, 0.12391966952288955, 0.0031412847661823327, 0.10557007698080091, 0.0067194413217469195, 0.027990157311404768, 0.005448401952848311, 0.008366990684166669, 0.0006890808998890554, 0.006266285272409279, 0.0005610374584581245]</VALUES>
		<LCS_MIN>[0.10616803169250488, 0.10110454261302948, 0.09452752768993378, 0.022317849099636078, 0.006714614573866129, 0.004815802443772554]</LCS_MIN>
		<LCS_MAX>[0.12226661294698715, 0.1294490545988083, 0.12422044575214386, 0.05556071549654007, 0.014117203652858734, 0.008503344841301441]</LCS_MAX>
		<WAVELENGTH>[0.48, 0.56, 0.655, 0.865, 1.61, 2.2]</WAVELENGTH>
		<MEAN_VALUE>[0.11745729660990879, 0.12391966952288955, 0.10557007698080091, 0.027990157311404768, 0.008366990684166669, 0.006266285272409279]</MEAN_VALUE>
		<CHECKBOX>2</CHECKBOX>
		<SD>[0.0021567394740487672, 0.0031412847661823327, 0.0067194413217469195, 0.005448401952848311, 0.0006890808998890554, 0.0005610374584581245]</SD>
		<WAVELENGTH_UNIT>E-6m</WAVELENGTH_UNIT>
		<COLOR>#d78b29</COLOR>
		<COVARIANCE_MATRIX>[[3.812972636296763e-06, 5.473185865412233e-06, -1.128670101024909e-05, -8.100230843410827e-06, -4.5768453560413036e-07, -2.7187815021534334e-07], [5.473185865412233e-06, 8.33324793347856e-06, -1.6496995158377104e-05, -1.2395261364872567e-05, -8.831831337374751e-07, -5.965626428405812e-07], [-1.128670101024909e-05, -1.6496995158377104e-05, 4.154126509092748e-05, 2.88305582216708e-05, 1.5900978951322031e-06, 1.0274598025716841e-06], [-8.100230843410827e-06, -1.2395261364872567e-05, 2.88305582216708e-05, 2.4409600882790983e-05, 1.9093122318736278e-06, 1.3785323744741618e-06], [-4.5768453560413036e-07, -8.831831337374751e-07, 1.5900978951322031e-06, 1.9093122318736278e-06, 4.0394559164269594e-07, 3.050363659440336e-07], [-2.7187815021534334e-07, -5.965626428405812e-07, 1.0274598025716841e-06, 1.3785323744741618e-06, 3.050363659440336e-07, 2.7904184207727667e-07]]</COVARIANCE_MATRIX>
		<ROI_SIZE>9995</ROI_SIZE>
		<MAX_VALUE>[0.12226661294698715, 0.1294490545988083, 0.12422044575214386, 0.05556071549654007, 0.014117203652858734, 0.008503344841301441]</MAX_VALUE>
		<MIN_VALUE>[0.10616803169250488, 0.10110454261302948, 0.09452752768993378, 0.022317849099636078, 0.006714614573866129, 0.004815802443772554]</MIN_VALUE>
		<SIGNATURE_THRESHOLD_MD>0.0</SIGNATURE_THRESHOLD_MD>
		<SIGNATURE_THRESHOLD_ML>0.0</SIGNATURE_THRESHOLD_ML>
		<SIGNATURE_THRESHOLD_SAM>0.0</SIGNATURE_THRESHOLD_SAM>
	</signature>
	<signature ID="20211202_160914143285_462">
		<MACROCLASSID>1</MACROCLASSID>
		<MACROCLASSINFO>waterbody</MACROCLASSINFO>
		<CLASSID>15</CLASSID>
		<CLASSINFO>C 1</CLASSINFO>
		<VALUES>[0.09549119039015339, 0.0022279575310786646, 0.07318484132940113, 0.004184147019386304, 0.056803573600270524, 0.006365962457387824, 0.05803492108190601, 0.02414466113726987, 0.03641104344278573, 0.013560172491193383, 0.024194138615646146, 0.008327662315944288]</VALUES>
		<LCS_MIN>[0.09227098524570465, 0.06610047072172165, 0.04557134956121445, 0.012878851033747196, 0.013649381697177887, 0.009934324771165848]</LCS_MIN>
		<LCS_MAX>[0.10396651923656464, 0.08891366422176361, 0.07941963523626328, 0.10512230545282364, 0.06334856897592545, 0.04491088166832924]</LCS_MAX>
		<WAVELENGTH>[0.48, 0.56, 0.655, 0.865, 1.61, 2.2]</WAVELENGTH>
		<MEAN_VALUE>[0.09549119039015339, 0.07318484132940113, 0.056803573600270524, 0.05803492108190601, 0.03641104344278573, 0.024194138615646146]</MEAN_VALUE>
		<CHECKBOX>2</CHECKBOX>
		<SD>[0.0022279575310786646, 0.004184147019386304, 0.006365962457387824, 0.02414466113726987, 0.013560172491193383, 0.008327662315944288]</SD>
		<WAVELENGTH_UNIT>E-6m</WAVELENGTH_UNIT>
		<COLOR>#570f2f</COLOR>
		<COVARIANCE_MATRIX>[[5.055716883362038e-06, 8.990764399641193e-06, 1.348306341242278e-05, 2.9031649319222197e-05, 1.7915464923135005e-05, 1.3850196410203353e-05], [8.990764399641193e-06, 1.783129118848592e-05, 2.6117904781131074e-05, 5.928254176978953e-05, 3.1831492378842086e-05, 2.4802911866572686e-05], [1.348306341242278e-05, 2.6117904781131074e-05, 4.127595093450509e-05, 8.790654828771949e-05, 4.8074940423248336e-05, 3.730239041033201e-05], [2.9031649319222197e-05, 5.928254176978953e-05, 8.790654828771949e-05, 0.0005937602836638689, 0.00031356155523099005, 0.00018492410890758038], [1.7915464923135005e-05, 3.1831492378842086e-05, 4.8074940423248336e-05, 0.00031356155523099005, 0.00018728342547547072, 0.00011081621778430417], [1.3850196410203353e-05, 2.4802911866572686e-05, 3.730239041033201e-05, 0.00018492410890758038, 0.00011081621778430417, 7.063421799102798e-05]]</COVARIANCE_MATRIX>
		<ROI_SIZE>55</ROI_SIZE>
		<MAX_VALUE>[0.10396651923656464, 0.08891366422176361, 0.07941963523626328, 0.10512230545282364, 0.06334856897592545, 0.04491088166832924]</MAX_VALUE>
		<MIN_VALUE>[0.09227098524570465, 0.06610047072172165, 0.04557134956121445, 0.012878851033747196, 0.013649381697177887, 0.009934324771165848]</MIN_VALUE>
		<SIGNATURE_THRESHOLD_MD>0.0</SIGNATURE_THRESHOLD_MD>
		<SIGNATURE_THRESHOLD_ML>0.0</SIGNATURE_THRESHOLD_ML>
		<SIGNATURE_THRESHOLD_SAM>0.0</SIGNATURE_THRESHOLD_SAM>
	</signature>
	<signature ID="20211202_160926461237_122">
		<MACROCLASSID>1</MACROCLASSID>
		<MACROCLASSINFO>waterbody</MACROCLASSINFO>
		<CLASSID>16</CLASSID>
		<CLASSINFO>C 1</CLASSINFO>
		<VALUES>[0.0975170817339059, 0.003076244977807431, 0.0754110397714557, 0.005367565032670107, 0.058988908813758345, 0.008481715538549815, 0.05759795230220664, 0.01794609304373353, 0.03858320513796625, 0.01598295952145982, 0.02593617132780227, 0.0110308836720348]</VALUES>
