<?xml version="1.0" ?>
<signaturelist MCID_LIST="[['1', 'waterbody', '#0000ff'], ['2', 'vegetation', '#00ff00'], ['3', 'bareland', '#ffaa00'], ['4', 'built-up', '#ff0000']]">
	<signature ID="20210428_113215828905_242">
		<MACROCLASSID>1</MACROCLASSID>
		<MACROCLASSINFO>waterbody</MACROCLASSINFO>
		<CLASSID>1</CLASSID>
		<CLASSINFO>C 1</CLASSINFO>
		<VALUES>[0.11592527756995939, 0.007489603280691951, 0.10716930123902231, 0.010118633568962067, 0.086817382997523, 0.011229943617303213, 0.06834971653374772, 0.016256073412317697, 0.02530911598999643, 0.01218187180741464, 0.018299219369388317, 0.008720472962869217]</VALUES>
		<LCS_MIN>[0.09965544193983078, 0.07941020280122757, 0.05813814327120781, 0.04217362031340599, 0.008028635755181313, 0.00209036935120821]</LCS_MIN>
		<LCS_MAX>[0.16420580446720123, 0.1564752459526062, 0.1419937014579773, 0.13429532945156097, 0.10619737952947617, 0.08139112591743469]</LCS_MAX>
		<WAVELENGTH>[0.485, 0.56, 0.66, 0.83, 1.65, 2.215]</WAVELENGTH>
		<MEAN_VALUE>[0.11592527756995939, 0.10716930123902231, 0.086817382997523, 0.06834971653374772, 0.02530911598999643, 0.018299219369388317]</MEAN_VALUE>
		<CHECKBOX>2</CHECKBOX>
		<SD>[0.007489603280691951, 0.010118633568962067, 0.011229943617303213, 0.016256073412317697, 0.01218187180741464, 0.008720472962869217]</SD>
		<WAVELENGTH_UNIT>E-6m</WAVELENGTH_UNIT>
		<COLOR>#6b8bbd</COLOR>
		<COVARIANCE_MATRIX>[[4.0537601307732984e-05, 5.1361068472033367e-05, 5.619962394121103e-05, 5.8622310461942106e-05, 3.997913154307753e-05, 2.9352511774050072e-05], [5.1361068472033367e-05, 8.456505747744814e-05, 8.878457447281107e-05, 8.594926475780085e-05, 5.362609590520151e-05, 4.101657759747468e-05], [5.619962394121103e-05, 8.878457447281107e-05, 0.00010734404349932447, 0.00011747893586289138, 7.24963319953531e-05, 5.414806946646422e-05], [5.8622310461942106e-05, 8.594926475780085e-05, 0.00011747893586289138, 0.0002053019416052848, 0.00012249741121195257, 8.623725443612784e-05], [3.997913154307753e-05, 5.362609590520151e-05, 7.24963319953531e-05, 0.00012249741121195257, 0.00010662307613529265, 7.36278816475533e-05], [2.9352511774050072e-05, 4.101657759747468e-05, 5.414806946646422e-05, 8.623725443612784e-05, 7.36278816475533e-05, 5.999776112730615e-05]]</COVARIANCE_MATRIX>
		<ROI_SIZE>17469</ROI_SIZE>
		<MAX_VALUE>[0.16420580446720123, 0.1564752459526062, 0.1419937014579773, 0.13429532945156097, 0.10619737952947617, 0.08139112591743469]</MAX_VALUE>
		<MIN_VALUE>[0.09965544193983078, 0.07941020280122757, 0.05813814327120781, 0.04217362031340599, 0.008028635755181313, 0.00209036935120821]</MIN_VALUE>
		<SIGNATURE_THRESHOLD_MD>0.0</SIGNATURE_THRESHOLD_MD>
		<SIGNATURE_THRESHOLD_ML>0.0</SIGNATURE_THRESHOLD_ML>
		<SIGNATURE_THRESHOLD_SAM>0.0</SIGNATURE_THRESHOLD_SAM>
	</signature>
	<signature ID="20210428_113233611516_827">
		<MACROCLASSID>1</MACROCLASSID>
		<MACROCLASSINFO>waterbody</MACROCLASSINFO>
		<CLASSID>2</CLASSID>
		<CLASSINFO>C 1</CLASSINFO>
		<VALUES>[0.13677396314527512, 0.0017159555470307188, 0.16583867266250016, 0.003132899921417415, 0.16606369974026128, 0.006518690506779412, 0.10399779958191825, 0.020178123481173368, 0.056527205541655065, 0.022485638916262447, 0.04247132687824758, 0.019029162103352763]</VALUES>
		<LCS_MIN>[0.13256345689296722, 0.15372291207313538, 0.15469907224178314, 0.08346954733133316, 0.034616000950336456, 0.022649826481938362]</LCS_MIN>
		<LCS_MAX>[0.1414233297109604, 0.17849381268024445, 0.1953563094139099, 0.18194447457790375, 0.13482995331287384, 0.11076177656650543]</LCS_MAX>
		<WAVELENGTH>[0.485, 0.56, 0.66, 0.83, 1.65, 2.215]</WAVELENGTH>
		<MEAN_VALUE>[0.13677396314527512, 0.16583867266250016, 0.16606369974026128, 0.10399779958191825, 0.056527205541655065, 0.04247132687824758]</MEAN_VALUE>
		<CHECKBOX>2</CHECKBOX>
		<SD>[0.0017159555470307188, 0.003132899921417415, 0.006518690506779412, 0.020178123481173368, 0.022485638916262447, 0.019029162103352763]</SD>
		<WAVELENGTH_UNIT>E-6m</WAVELENGTH_UNIT>
		<COLOR>#4f3e60</COLOR>
		<COVARIANCE_MATRIX>[[2.9593745694000972e-06, 3.041448735530139e-06, 5.543876795854885e-06, 9.745939678396098e-06, 1.081997288565617e-05, 9.543877240503207e-06], [3.041448735530139e-06, 9.864633284450974e-06, 1.0145008673134726e-05, 5.564423190662637e-06, 3.5796629163087346e-06, 6.5364215515728574e-06], [5.543876795854885e-06, 1.0145008673134726e-05, 4.2707939428510144e-05, 0.00010609978198772296, 0.0001065883188857697, 9.263618994737044e-05], [9.745939678396098e-06, 5.564423190662637e-06, 0.00010609978198772296, 0.0004092130111530423, 0.00039926619501784444, 0.000332772295223549], [1.081997288565617e-05, 3.5796629163087346e-06, 0.0001065883188857697, 0.00039926619501784444, 0.0005081575363874435, 0.0004156752838753164], [9.543877240503207e-06, 6.5364215515728574e-06, 9.263618994737044e-05, 0.000332772295223549, 0.0004156752838753164, 0.00036393784102983773]]</COVARIANCE_MATRIX>
		<ROI_SIZE>199</ROI_SIZE>
		<MAX_VALUE>[0.1414233297109604, 0.17849381268024445, 0.1953563094139099, 0.18194447457790375, 0.13482995331287384, 0.11076177656650543]</MAX_VALUE>
		<MIN_VALUE>[0.13256345689296722, 0.15372291207313538, 0.15469907224178314, 0.08346954733133316, 0.034616000950336456, 0.022649826481938362]</MIN_VALUE>
		<SIGNATURE_THRESHOLD_MD>0.0</SIGNATURE_THRESHOLD_MD>
		<SIGNATURE_THRESHOLD_ML>0.0</SIGNATURE_THRESHOLD_ML>
		<SIGNATURE_THRESHOLD_SAM>0.0</SIGNATURE_THRESHOLD_SAM>
	</signature>
	<signature ID="20210428_113336317024_634">
		<MACROCLASSID>1</MACROCLASSID>
		<MACROCLASSINFO>waterbody</MACROCLASSINFO>
		<CLASSID>3</CLASSID>
		<CLASSINFO>C 1</CLASSINFO>
		<VALUES>[0.11862089988483634, 0.005032374082314674, 0.10737175441184067, 0.010402028755460193, 0.08352317837563282, 0.01647796696338723, 0.06729154055859499, 0.017002131010664803, 0.0324269587537782, 0.016450141423373373, 0.02404315478797866, 0.013119994600622529]</VALUES>
		<LCS_MIN>[0.10851529240608215, 0.09041948616504669, 0.0632203072309494, 0.04852684214711189, 0.01620936393737793, 0.007964500226080418]</LCS_MIN>
		<LCS_MAX>[0.13889193534851074, 0.14271362125873566, 0.14961692690849304, 0.15017837285995483, 0.1205136775970459, 0.11369884759187698]</LCS_MAX>
		<WAVELENGTH>[0.485, 0.56, 0.66, 0.83, 1.65, 2.215]</WAVELENGTH>
		<MEAN_VALUE>[0.11862089988483634, 0.10737175441184067, 0.08352317837563282, 0.06729154055859499, 0.0324269587537782, 0.02404315478797866]</MEAN_VALUE>
		<CHECKBOX>2</CHECKBOX>
		<SD>[0.005032374082314674, 0.010402028755460193, 0.01647796696338723, 0.017002131010664803, 0.016450141423373373, 0.013119994600622529]</SD>
		<WAVELENGTH_UNIT>E-6m</WAVELENGTH_UNIT>
		<COLOR>#bb29b0</COLOR>
		<COVARIANCE_MATRIX>[[1.8952834579977207e-05, 3.107095108134672e-05, 3.888513310812414e-05, 1.803343002393376e-05, 1.3204513379605487e-05, 1.3249577932583634e-05], [3.107095108134672e-05, 7.303489837795496e-05, 0.00010418192687211558, 7.654832006664947e-05, 6.589197437278926e-05, 5.3194755309959874e-05], [3.888513310812414e-05, 0.00010418192687211558, 0.00018717949569690973, 0.00018270510190632194, 0.0001652343780733645, 0.00012735433119814843], [1.803343002393376e-05, 7.654832006664947e-05, 0.00018270510190632194, 0.0003190537972841412, 0.00030447921017184854, 0.00021880825806874782], [1.3204513379605487e-05, 6.589197437278926e-05, 0.0001652343780733645, 0.00030447921017184854, 0.000328974740114063, 0.00023574689112138003], [1.3249577932583634e-05, 5.3194755309959874e-05, 0.00012735433119814843, 0.00021880825806874782, 0.00023574689112138003, 0.00018738486687652767]]</COVARIANCE_MATRIX>
		<ROI_SIZE>4415</ROI_SIZE>
		<MAX_VALUE>[0.13889193534851074, 0.14271362125873566, 0.14961692690849304, 0.15017837285995483, 0.1205136775970459, 0.11369884759187698]</MAX_VALUE>
		<MIN_VALUE>[0.10851529240608215, 0.09041948616504669, 0.0632203072309494, 0.04852684214711189, 0.01620936393737793, 0.007964500226080418]</MIN_VALUE>
		<SIGNATURE_THRESHOLD_MD>0.0</SIGNATURE_THRESHOLD_MD>
		<SIGNATURE_THRESHOLD_ML>0.0</SIGNATURE_THRESHOLD_ML>
		<SIGNATURE_THRESHOLD_SAM>0.0</SIGNATURE_THRESHOLD_SAM>
	</signature>
	<signature ID="20210428_113357629655_685">
		<MACROCLASSID>1</MACROCLASSID>
		<MACROCLASSINFO>waterbody</MACROCLASSINFO>
		<CLASSID>4</CLASSID>
		<CLASSINFO>C 1</CLASSINFO>
		<VALUES>[0.12727221976805558, 0.002894822033218513, 0.1299614621096833, 0.00410159144292091, 0.12548761723034693, 0.003883726939548101, 0.08638220173667015, 0.0077821717848301775, 0.03346742179383518, 0.009550135627165855, 0.023870096203035814, 0.007680773354611948]</VALUES>
		<LCS_MIN>[0.1161094531416893, 0.1096857562661171, 0.10641860961914062, 0.07711633294820786, 0.022344911471009254, 0.010901566594839096]</LCS_MIN>
		<LCS_MAX>[0.13382916152477264, 0.1372089833021164, 0.1318293809890747, 0.12794210016727448, 0.07551965117454529, 0.060831665992736816]</LCS_MAX>
		<WAVELENGTH>[0.485, 0.56, 0.66, 0.83, 1.65, 2.215]</WAVELENGTH>
		<MEAN_VALUE>[0.12727221976805558, 0.1299614621096833, 0.12548761723034693, 0.08638220173667015, 0.03346742179383518, 0.023870096203035814]</MEAN_VALUE>
		<CHECKBOX>2</CHECKBOX>
		<SD>[0.002894822033218513, 0.00410159144292091, 0.003883726939548101, 0.0077821717848301775, 0.009550135627165855, 0.007680773354611948]</SD>
		<WAVELENGTH_UNIT>E-6m</WAVELENGTH_UNIT>
		<COLOR>#dc11c1</COLOR>
		<COVARIANCE_MATRIX>[[8.404074833379127e-06, 8.479807547701057e-06, 8.029196578718256e-06, -4.543233899312327e-06, -8.705798791197594e-06, -5.24311826666235e-06], [8.479807547701057e-06, 1.687139410933014e-05, 1.2951700227858964e-05, -1.4631157682742923e-05, -1.9363680621609092e-05, -1.3407422557065729e-05], [8.029196578718256e-06, 1.2951700227858964e-05, 1.5126677681109868e-05, -1.3856402802048251e-05, -1.69970553542953e-05, -1.0768694664875511e-05], [-4.543233899312327e-06, -1.4631157682742923e-05, -1.3856402802048251e-05, 6.073622716940008e-05, 6.283388938754797e-05, 4.753560642711818e-05], [-8.705798791197594e-06, -1.9363680621609092e-05, -1.69970553542953e-05, 6.283388938754797e-05, 9.146717638941482e-05, 6.597908213734627e-05], [-5.24311826666235e-06, -1.3407422557065729e-05, -1.0768694664875511e-05, 4.753560642711818e-05, 6.597908213734627e-05, 5.9163801779504865e-05]]</COVARIANCE_MATRIX>
		<ROI_SIZE>349</ROI_SIZE>
		<MAX_VALUE>[0.13382916152477264, 0.1372089833021164, 0.1318293809890747, 0.12794210016727448, 0.07551965117454529, 0.060831665992736816]</MAX_VALUE>
		<MIN_VALUE>[0.1161094531416893, 0.1096857562661171, 0.10641860961914062, 0.07711633294820786, 0.022344911471009254, 0.010901566594839096]</MIN_VALUE>
		<SIGNATURE_THRESHOLD_MD>0.0</SIGNATURE_THRESHOLD_MD>
		<SIGNATURE_THRESHOLD_ML>0.0</SIGNATURE_THRESHOLD_ML>
		<SIGNATURE_THRESHOLD_SAM>0.0</SIGNATURE_THRESHOLD_SAM>
	</signature>
	<signature ID="20210428_113515034119_816">
		<MACROCLASSID>1</MACROCLASSID>
		<MACROCLASSINFO>waterbody</MACROCLASSINFO>
		<CLASSID>5</CLASSID>
		<CLASSINFO>C 1</CLASSINFO>
		<VALUES>[0.12369398273489798, 0.002136806158642278, 0.1184456799425146, 0.0023402079442927616, 0.09467419076162539, 0.0052199993377220165, 0.0776887680711178, 0.008965128382442764, 0.041057810045513975, 0.012135454454223099, 0.02919485950889775, 0.010233771533758719]</VALUES>
		<LCS_MIN>[0.1161094531416893, 0.11243806779384613, 0.08863107115030289, 0.06440988928079605, 0.01825454831123352, 0.010901566594839096]</LCS_MIN>
		<LCS_MAX>[0.12876640260219574, 0.12619969248771667, 0.11658291518688202, 0.11841225624084473, 0.08370037376880646, 0.06670580804347992]</LCS_MAX>
		<WAVELENGTH>[0.485, 0.56, 0.66, 0.83, 1.65, 2.215]</WAVELENGTH>
		<MEAN_VALUE>[0.12369398273489798, 0.1184456799425146, 0.09467419076162539, 0.0776887680711178, 0.041057810045513975, 0.02919485950889775]</MEAN_VALUE>
		<CHECKBOX>2</CHECKBOX>
		<SD>[0.002136806158642278, 0.0023402079442927616, 0.0052199993377220165, 0.008965128382442764, 0.012135454454223099, 0.010233771533758719]</SD>
		<WAVELENGTH_UNIT>E-6m</WAVELENGTH_UNIT>
		<COLOR>#329904</COLOR>
		<COVARIANCE_MATRIX>[[4.577558684104588e-06, 1.839730884967139e-06, 3.1272988962882664e-06, 4.466053724172525e-06, 3.8298276194836944e-06, 3.0523058285325533e-06], [1.839730884967139e-06, 5.4905085562495515e-06, 7.149978046072647e-06, 1.1413279025873635e-05, 1.1962990356551018e-05, 1.0090379873872735e-05], [3.1272988962882664e-06, 7.149978046072647e-06, 2.7317726562614553e-05, 4.13284869864583e-05, 4.7469431592617184e-05, 3.917694994015619e-05], [4.466053724172525e-06, 1.1413279025873635e-05, 4.13284869864583e-05, 8.057803643168882e-05, 8.462910773232579e-05, 6.924507761141285e-05], [3.8298276194836944e-06, 1.1962990356551018e-05, 4.7469431592617184e-05, 8.462910773232579e-05, 0.00014764397928956896, 0.00011328190157655627], [3.0523058285325533e-06, 1.0090379873872735e-05, 3.917694994015619e-05, 6.924507761141285e-05, 0.00011328190157655627, 0.00010499657219043002]]</COVARIANCE_MATRIX>
		<ROI_SIZE>394</ROI_SIZE>
		<MAX_VALUE>[0.12876640260219574, 0.12619969248771667, 0.11658291518688202, 0.11841225624084473, 0.08370037376880646, 0.06670580804347992]</MAX_VALUE>
		<MIN_VALUE>[0.1161094531416893, 0.11243806779384613, 0.08863107115030289, 0.06440988928079605, 0.01825454831123352, 0.010901566594839096]</MIN_VALUE>
		<SIGNATURE_THRESHOLD_MD>0.0</SIGNATURE_THRESHOLD_MD>
		<SIGNATURE_THRESHOLD_ML>0.0</SIGNATURE_THRESHOLD_ML>
		<SIGNATURE_THRESHOLD_SAM>0.0</SIGNATURE_THRESHOLD_SAM>
	</signature>
	<signature ID="20210428_113545865653_742">
		<MACROCLASSID>1</MACROCLASSID>
		<MACROCLASSINFO>waterbody</MACROCLASSINFO>
		<CLASSID>6</CLASSID>
		<CLASSINFO>C 1</CLASSINFO>
		<VALUES>[0.13092679671686272, 0.0021284267162844637, 0.14124255781543663, 0.004282693655646439, 0.12595862471337976, 0.003409435160909819, 0.08681047065504666, 0.013851829066177964, 0.053798406031625015, 0.019575585663221706, 0.04255097484665699, 0.015561028376783494]</VALUES>
		<LCS_MIN>[0.12496931105852127, 0.12619969248771667, 0.11912398785352707, 0.06440988928079605, 0.034616000950336456, 0.016775693744421005]</LCS_MIN>
		<LCS_MAX>[0.1363605409860611, 0.14546595513820648, 0.13437046110630035, 0.13111869990825653, 0.10210703313350677, 0.08432819694280624]</LCS_MAX>
		<WAVELENGTH>[0.485, 0.56, 0.66, 0.83, 1.65, 2.215]</WAVELENGTH>
		<MEAN_VALUE>[0.13092679671686272, 0.14124255781543663, 0.12595862471337976, 0.08681047065504666, 0.053798406031625015, 0.04255097484665699]</MEAN_VALUE>
		<CHECKBOX>2</CHECKBOX>
		<SD>[0.0021284267162844637, 0.004282693655646439, 0.003409435160909819, 0.013851829066177964, 0.019575585663221706, 0.015561028376783494]</SD>
		<WAVELENGTH_UNIT>E-6m</WAVELENGTH_UNIT>
		<COLOR>#b492a3</COLOR>
		<COVARIANCE_MATRIX>[[4.609677489497699e-06, 5.984074505249737e-06, 3.708480107889045e-06, -1.1435522537794895e-05, -1.7373055015923455e-05, -9.118160960497335e-06], [5.984074505249737e-06, 1.8663244190975092e-05, 4.831827936868649e-06, -4.577015351969749e-05, -6.26341497991234e-05, -4.7644269216107205e-05], [3.708480107889045e-06, 4.831827936868649e-06, 1.1828182323370129e-05, 5.371517090679845e-06, 7.13590964096511e-07, 8.244324817496818e-06], [-1.1435522537794895e-05, -4.577015351969749e-05, 5.371517090679845e-06, 0.00019523936498444527, 0.00024070587824098766, 0.00020029395818710327], [-1.7373055015923455e-05, -6.26341497991234e-05, 7.13590964096511e-07, 0.00024070587824098766, 0.0003899264265783131, 0.0002841054811142385], [-9.118160960497335e-06, -4.7644269216107205e-05, 8.244324817496818e-06, 0.00020029395818710327, 0.0002841054811142385, 0.0002463937853462994]]</COVARIANCE_MATRIX>
		<ROI_SIZE>58</ROI_SIZE>
		<MAX_VALUE>[0.1363605409860611, 0.14546595513820648, 0.13437046110630035, 0.13111869990825653, 0.10210703313350677, 0.08432819694280624]</MAX_VALUE>
		<MIN_VALUE>[0.12496931105852127, 0.12619969248771667, 0.11912398785352707, 0.06440988928079605, 0.034616000950336456, 0.016775693744421005]</MIN_VALUE>
		<SIGNATURE_THRESHOLD_MD>0.0</SIGNATURE_THRESHOLD_MD>
		<SIGNATURE_THRESHOLD_ML>0.0</SIGNATURE_THRESHOLD_ML>
		<SIGNATURE_THRESHOLD_SAM>0.0</SIGNATURE_THRESHOLD_SAM>
	</signature>
	<signature ID="20210428_113607218530_260">
		<MACROCLASSID>1</MACROCLASSID>
		<MACROCLASSINFO>waterbody</MACROCLASSINFO>
		<CLASSID>7</CLASSID>
		<CLASSINFO>C 1</CLASSINFO>
		<VALUES>[0.10806078982290869, 0.004955591659426507, 0.09305570120701624, 0.010269127215247685, 0.0782077685312829, 0.013082136532954614, 0.07651596033327755, 0.012753814023310044, 0.032145635093808585, 0.00957817027167734, 0.024945554178908393, 0.008111465420391317]</VALUES>
		<LCS_MIN>[0.09838975220918655, 0.07941020280122757, 0.060679223388433456, 0.05805666372179985, 0.014164182357490063, 0.007964500226080418]</LCS_MIN>
		<LCS_MAX>[0.13003207743167877, 0.14546595513820648, 0.1369115263223648, 0.14064852893352509, 0.09188111126422882, 0.07551699876785278]</LCS_MAX>
		<WAVELENGTH>[0.485, 0.56, 0.66, 0.83, 1.65, 2.215]</WAVELENGTH>
		<MEAN_VALUE>[0.10806078982290869, 0.09305570120701624, 0.0782077685312829, 0.07651596033327755, 0.032145635093808585, 0.024945554178908393]</MEAN_VALUE>
		<CHECKBOX>2</CHECKBOX>
		<SD>[0.004955591659426507, 0.010269127215247685, 0.013082136532954614, 0.012753814023310044, 0.00957817027167734, 0.008111465420391317]</SD>
		<WAVELENGTH_UNIT>E-6m</WAVELENGTH_UNIT>
		<COLOR>#8e0eeb</COLOR>
		<COVARIANCE_MATRIX>[[2.2239149984670803e-05, 3.826774627668783e-05, 4.862943023908883e-05, 3.0372682886081748e-05, 3.261727397330105e-05, 2.6863668608712032e-05], [3.826774627668783e-05, 8.617260027676821e-05, 0.00010779818694572896, 8.336567407241091e-05, 5.90627096244134e-05, 4.662436549551785e-05], [4.862943023908883e-05, 0.00010779818694572896, 0.00014516356168314815, 0.00011598359560593963, 8.219575829571113e-05, 6.418293196475133e-05], [3.0372682886081748e-05, 8.336567407241091e-05, 0.00011598359560593963, 0.00018193613504990935, 6.894058606121689e-05, 4.818580055143684e-05], [3.261727397330105e-05, 5.90627096244134e-05, 8.219575829571113e-05, 6.894058606121689e-05, 0.00010926821414614096, 8.3429942606017e-05], [2.6863668608712032e-05, 4.662436549551785e-05, 6.418293196475133e-05, 4.818580055143684e-05, 8.3429942606017e-05, 7.37558730179444e-05]]</COVARIANCE_MATRIX>
		<ROI_SIZE>9287</ROI_SIZE>
		<MAX_VALUE>[0.13003207743167877, 0.14546595513820648, 0.1369115263223648, 0.14064852893352509, 0.09188111126422882, 0.07551699876785278]</MAX_VALUE>
		<MIN_VALUE>[0.09838975220918655, 0.07941020280122757, 0.060679223388433456, 0.05805666372179985, 0.014164182357490063, 0.007964500226080418]</MIN_VALUE>
		<SIGNATURE_THRESHOLD_MD>0.0</SIGNATURE_THRESHOLD_MD>
		<SIGNATURE_THRESHOLD_ML>0.0</SIGNATURE_THRESHOLD_ML>
		<SIGNATURE_THRESHOLD_SAM>0.0</SIGNATURE_THRESHOLD_SAM>
	</signature>
	<signature ID="20210428_113617727646_677">
		<MACROCLASSID>1</MACROCLASSID>
		<MACROCLASSINFO>waterbody</MACROCLASSINFO>
		<CLASSID>8</CLASSID>
		<CLASSINFO>C 1</CLASSINFO>
		<VALUES>[0.1092962004898916, 0.004106112047205695, 0.0952602808522174, 0.007678708797024239, 0.07792326445130765, 0.011460201078563279, 0.09758816722825842, 0.020723623177859293, 0.02509672222821423, 0.008900080175430009, 0.01821185161711114, 0.007454239563731545]</VALUES>
		<LCS_MIN>[0.09838975220918655, 0.0821625217795372, 0.0632203072309494, 0.051703449338674545, 0.01211900170892477, 0.0050274343229830265]</LCS_MIN>
		<LCS_MAX>[0.1262349933385849, 0.1289520263671875, 0.12166507542133331, 0.12794210016727448, 0.0714292973279953, 0.06670580804347992]</LCS_MAX>
		<WAVELENGTH>[0.485, 0.56, 0.66, 0.83, 1.65, 2.215]</WAVELENGTH>
		<MEAN_VALUE>[0.1092962004898916, 0.0952602808522174, 0.07792326445130765, 0.09758816722825842, 0.02509672222821423, 0.01821185161711114]</MEAN_VALUE>
		<CHECKBOX>2</CHECKBOX>
		<SD>[0.004106112047205695, 0.007678708797024239, 0.011460201078563279, 0.020723623177859293, 0.008900080175430009, 0.007454239563731545]</SD>
		<WAVELENGTH_UNIT>E-6m</WAVELENGTH_UNIT>
		<COLOR>#838ba0</COLOR>
		<COVARIANCE_MATRIX>[[1.4889679732732475e-05, 1.950021214724984e-05, 2.5333594749099575e-05, 3.1035233405418694e-05, 7.817645382601768e-06, 5.7350212046003435e-06], [1.950021214724984e-05, 3.9930964703671634e-05, 5.115342355566099e-05, 3.453917088336311e-05, 2.239662535430398e-05, 1.7503436538390815e-05], [2.5333594749099575e-05, 5.115342355566099e-05, 7.725823525106534e-05, 4.361692845122889e-05, 3.585064041544683e-05, 2.783816853479948e-05], [3.1035233405418694e-05, 3.453917088336311e-05, 4.361692845122889e-05, 0.00044308308861218393, -1.5610221453243867e-05, -2.612614662211854e-05], [7.817645382601768e-06, 2.239662535430398e-05, 3.585064041544683e-05, -1.5610221453243867e-05, 6.203729572007433e-05, 4.568408985505812e-05], [5.7350212046003435e-06, 1.7503436538390815e-05, 2.783816853479948e-05, -2.612614662211854e-05, 4.568408985505812e-05, 4.363654807093553e-05]]</COVARIANCE_MATRIX>
		<ROI_SIZE>10213</ROI_SIZE>
		<MAX_VALUE>[0.1262349933385849, 0.1289520263671875, 0.12166507542133331, 0.12794210016727448, 0.0714292973279953, 0.06670580804347992]</MAX_VALUE>
		<MIN_VALUE>[0.09838975220918655, 0.0821625217795372, 0.0632203072309494, 0.051703449338674545, 0.01211900170892477, 0.0050274343229830265]</MIN_VALUE>
		<SIGNATURE_THRESHOLD_MD>0.0</SIGNATURE_THRESHOLD_MD>
		<SIGNATURE_THRESHOLD_ML>0.0</SIGNATURE_THRESHOLD_ML>
		<SIGNATURE_THRESHOLD_SAM>0.0</SIGNATURE_THRESHOLD_SAM>
	</signature>
	<signature ID="20210428_115154241217_821">
		<MACROCLASSID>1</MACROCLASSID>
		<MACROCLASSINFO>waterbody</MACROCLASSINFO>
		<CLASSID>9</CLASSID>
		<CLASSINFO>C 1</CLASSINFO>
		<VALUES>[0.10855649927366062, 0.003275717664224693, 0.09457816581669547, 0.004373052738453547, 0.07760894799477148, 0.00590870877858743, 0.07574047600113577, 0.01013201287622006, 0.04921886776900201, 0.010412552585325023, 0.038833824375885534, 0.008573132348345648]</VALUES>
		<LCS_MIN>[0.09585835784673691, 0.07941020280122757, 0.05813814327120781, 0.04852684214711189, 0.024390097707509995, 0.01383863016963005]</LCS_MIN>
		<LCS_MAX>[0.12117224186658859, 0.11519039422273636, 0.09879538416862488, 0.11205904185771942, 0.08983592689037323, 0.07551699876785278]</LCS_MAX>
		<WAVELENGTH>[0.485, 0.56, 0.66, 0.83, 1.65, 2.215]</WAVELENGTH>
		<MEAN_VALUE>[0.10855649927366062, 0.09457816581669547, 0.07760894799477148, 0.07574047600113577, 0.04921886776900201, 0.038833824375885534]</MEAN_VALUE>
		<CHECKBOX>2</CHECKBOX>
		<SD>[0.003275717664224693, 0.004373052738453547, 0.00590870877858743, 0.01013201287622006, 0.010412552585325023, 0.008573132348345648]</SD>
		<WAVELENGTH_UNIT>E-6m</WAVELENGTH_UNIT>
		<COLOR>#6fe5f6</COLOR>
		<COVARIANCE_MATRIX>[[1.0737925549619831e-05, 1.0397738151368685e-05, 1.3403658158495091e-05, 1.4857839232718106e-05, 1.0133486284757964e-05, 1.0021586604125332e-05], [1.0397738151368685e-05, 1.9137134586344473e-05, 2.2277990865404718e-05, 3.141626439173706e-05, 2.6103212803718634e-05, 2.0968465832993388e-05], [1.3403658158495091e-05, 2.2277990865404718e-05, 3.4937565942527726e-05, 4.956054544891231e-05, 4.0423110476695e-05, 3.2291987736243755e-05], [1.4857839232718106e-05, 3.141626439173706e-05, 4.956054544891231e-05, 0.00010273038788000122, 7.716386608080938e-05, 5.678744855686091e-05], [1.0133486284757964e-05, 2.6103212803718634e-05, 4.0423110476695e-05, 7.716386608080938e-05, 0.00010849803948076442, 7.85141164669767e-05], [1.0021586604125332e-05, 2.0968465832993388e-05, 3.2291987736243755e-05, 5.678744855686091e-05, 7.85141164669767e-05, 7.355065463343635e-05]]</COVARIANCE_MATRIX>
		<ROI_SIZE>1413</ROI_SIZE>
		<MAX_VALUE>[0.12117224186658859, 0.11519039422273636, 0.09879538416862488, 0.11205904185771942, 0.08983592689037323, 0.07551699876785278]</MAX_VALUE>
		<MIN_VALUE>[0.09585835784673691, 0.07941020280122757, 0.05813814327120781, 0.04852684214711189, 0.024390097707509995, 0.01383863016963005]</MIN_VALUE>
		<SIGNATURE_THRESHOLD_MD>0.0</SIGNATURE_THRESHOLD_MD>
		<SIGNATURE_THRESHOLD_ML>0.0</SIGNATURE_THRESHOLD_ML>
		<SIGNATURE_THRESHOLD_SAM>0.0</SIGNATURE_THRESHOLD_SAM>
	</signature>
	<signature ID="20210428_115521126196_634">
		<MACROCLASSID>1</MACROCLASSID>
		<MACROCLASSINFO>waterbody</MACROCLASSINFO>
		<CLASSID>10</CLASSID>
		<CLASSINFO>C 1</CLASSINFO>
		<VALUES>[0.13425890539967744, 0.0019189630813443402, 0.1256620319430218, 0.002585968078894619, 0.12594354163075605, 0.004897044896939033, 0.13636380683544075, 0.00855352388706427, 0.05413560556291147, 0.014304264931267479, 0.03591443207548108, 0.011408124077641439]</VALUES>
		<LCS_MIN>[0.12876640260219574, 0.11519039422273636, 0.10387753695249557, 0.12476547807455063, 0.02643527463078499, 0.01383863016963005]</LCS_MIN>
		<LCS_MAX>[0.14015762507915497, 0.13445664942264557, 0.1318293809890747, 0.1787678748369217, 0.08370037376880646, 0.06376874446868896]</LCS_MAX>
		<WAVELENGTH>[0.485, 0.56, 0.66, 0.83, 1.65, 2.215]</WAVELENGTH>
		<MEAN_VALUE>[0.13425890539967744, 0.1256620319430218, 0.12594354163075605, 0.13636380683544075, 0.05413560556291147, 0.03591443207548108]</MEAN_VALUE>
		<CHECKBOX>2</CHECKBOX>
		<SD>[0.0019189630813443402, 0.002585968078894619, 0.004897044896939033, 0.00855352388706427, 0.014304264931267479, 0.011408124077641439]</SD>
		<WAVELENGTH_UNIT>E-6m</WAVELENGTH_UNIT>
		<COLOR>#1f92c9</COLOR>
		<COVARIANCE_MATRIX>[[3.699626859088312e-06, 2.5274057406932116e-06, 3.8638004298263695e-06, 1.605712782293267e-06, 3.027359070983948e-06, 5.355726898415014e-06], [2.5274057406932116e-06, 6.718479653500253e-06, 9.076219612325076e-06, -6.073211352486396e-06, -8.710342626727652e-06, -5.78567835418653e-07], [3.8638004298263695e-06, 9.076219612325076e-06, 2.409310945949983e-05, -2.5073077267734334e-05, -3.548011227394454e-05, -1.4364887647388969e-05], [1.605712782293267e-06, -6.073211352486396e-06, -2.5073077267734334e-05, 7.350465602939948e-05, 9.459183638682589e-05, 6.146060331957415e-05], [3.027359070983948e-06, -8.710342626727652e-06, -3.548011227394454e-05, 9.459183638682589e-05, 0.0002055681252386421, 0.0001450789422960952], [5.355726898415014e-06, -5.78567835418653e-07, -1.4364887647388969e-05, 6.146060331957415e-05, 0.0001450789422960952, 0.00013075345486868173]]</COVARIANCE_MATRIX>
		<ROI_SIZE>215</ROI_SIZE>
		<MAX_VALUE>[0.14015762507915497, 0.13445664942264557, 0.1318293809890747, 0.1787678748369217, 0.08370037376880646, 0.06376874446868896]</MAX_VALUE>
		<MIN_VALUE>[0.12876640260219574, 0.11519039422273636, 0.10387753695249557, 0.12476547807455063, 0.02643527463078499, 0.01383863016963005]</MIN_VALUE>
		<SIGNATURE_THRESHOLD_MD>0.0</SIGNATURE_THRESHOLD_MD>
		<SIGNATURE_THRESHOLD_ML>0.0</SIGNATURE_THRESHOLD_ML>
		<SIGNATURE_THRESHOLD_SAM>0.0</SIGNATURE_THRESHOLD_SAM>
	</signature>
	<signature ID="20210428_120928286599_701">
		<MACROCLASSID>1</MACROCLASSID>
		<MACROCLASSINFO>waterbody</MACROCLASSINFO>
		<CLASSID>11</CLASSID>
		<CLASSINFO>C 1</CLASSINFO>
		<VALUES>[0.13455986776917256, 0.0017698740256967018, 0.12404323461436732, 0.003240409507347199, 0.12095776914628512, 0.006910961170650169, 0.1327233826837589, 0.010862555864218875, 0.05565818977186974, 0.015898859429928056, 0.036214827972742704, 0.011924400050191152]</VALUES>
		<LCS_MIN>[0.13003207743167877, 0.11519039422273636, 0.10133645683526993, 0.11841225624084473, 0.03052564524114132, 0.010901566594839096]</LCS_MIN>
		<LCS_MAX>[0.14015762507915497, 0.13445664942264557, 0.13437046110630035, 0.16923804581165314, 0.08370037376880646, 0.060831665992736816]</LCS_MAX>
		<WAVELENGTH>[0.485, 0.56, 0.66, 0.83, 1.65, 2.215]</WAVELENGTH>
		<MEAN_VALUE>[0.13455986776917256, 0.12404323461436732, 0.12095776914628512, 0.1327233826837589, 0.05565818977186974, 0.036214827972742704]</MEAN_VALUE>
		<CHECKBOX>2</CHECKBOX>
		<SD>[0.0017698740256967018, 0.003240409507347199, 0.006910961170650169, 0.010862555864218875, 0.015898859429928056, 0.011924400050191152]</SD>
		<WAVELENGTH_UNIT>E-6m</WAVELENGTH_UNIT>
		<COLOR>#f4adc9</COLOR>
		<COVARIANCE_MATRIX>[[3.1650838536734227e-06, 2.934799113063491e-06, 6.552648301294539e-06, -2.0642767140088836e-06, 3.608771294238977e-06, 3.9637370718992315e-06], [2.934799113063491e-06, 1.060963131749304e-05, 1.7910530004883185e-05, -1.0437794117024168e-05, -4.929021088173613e-06, 3.6217095384927234e-06], [6.552648301294539e-06, 1.7910530004883185e-05, 4.8258898459607735e-05, -3.887693310389295e-05, -3.0164434065227397e-05, -2.355557398914243e-06], [-2.0642767140088836e-06, -1.0437794117024168e-05, -3.887693310389295e-05, 0.00011922423436772078, 0.00014731750707142055, 8.938161045080051e-05], [3.608771294238977e-06, -4.929021088173613e-06, -3.0164434065227397e-05, 0.00014731750707142055, 0.000255406805081293, 0.00016629419405944645], [3.9637370718992315e-06, 3.6217095384927234e-06, -2.355557398914243e-06, 8.938161045080051e-05, 0.00016629419405944645, 0.00014367247058544308]]</COVARIANCE_MATRIX>
		<ROI_SIZE>97</ROI_SIZE>
		<MAX_VALUE>[0.14015762507915497, 0.13445664942264557, 0.13437046110630035, 0.16923804581165314, 0.08370037376880646, 0.060831665992736816]</MAX_VALUE>
		<MIN_VALUE>[0.13003207743167877, 0.11519039422273636, 0.10133645683526993, 0.11841225624084473, 0.03052564524114132, 0.010901566594839096]</MIN_VALUE>
		<SIGNATURE_THRESHOLD_MD>0.0</SIGNATURE_THRESHOLD_MD>
		<SIGNATURE_THRESHOLD_ML>0.0</SIGNATURE_THRESHOLD_ML>
		<SIGNATURE_THRESHOLD_SAM>0.0</SIGNATURE_THRESHOLD_SAM>
	</signature>
	<signature ID="20210428_120937806930_985">
		<MACROCLASSID>1</MACROCLASSID>
		<MACROCLASSINFO>waterbody</MACROCLASSINFO>
		<CLASSID>12</CLASSID>
		<CLASSINFO>C 1</CLASSINFO>
		<VALUES>[0.1254916602656955, 0.0021350655638669304, 0.11484089245398842, 0.003449943675643695, 0.10686229181195063, 0.005998605420400287, 0.11422720669753969, 0.012929188121620697, 0.07909060512033719, 0.016074764798890754, 0.06250999838350312, 0.01597348728954305]</VALUES>
		<LCS_MIN>[0.12117224186658859, 0.10693342238664627, 0.09371321648359299, 0.09299938380718231, 0.048932284116744995, 0.03439808636903763]</LCS_MIN>
		<LCS_MAX>[0.13256345689296722, 0.12619969248771667, 0.12420617043972015, 0.14700175821781158, 0.11028775572776794, 0.0931393951177597]</LCS_MAX>
		<WAVELENGTH>[0.485, 0.56, 0.66, 0.83, 1.65, 2.215]</WAVELENGTH>
		<MEAN_VALUE>[0.1254916602656955, 0.11484089245398842, 0.10686229181195063, 0.11422720669753969, 0.07909060512033719, 0.06250999838350312]</MEAN_VALUE>
		<CHECKBOX>2</CHECKBOX>
		<SD>[0.0021350655638669304, 0.003449943675643695, 0.005998605420400287, 0.012929188121620697, 0.016074764798890754, 0.01597348728954305]</SD>
		<WAVELENGTH_UNIT>E-6m</WAVELENGTH_UNIT>
		<COLOR>#c0b7c3</COLOR>
		<COVARIANCE_MATRIX>[[4.63202923128847e-06, 4.736657956527779e-06, 9.205677088175435e-06, 7.863151040510274e-06, 7.87441877037054e-06, 1.0441341146361083e-05], [4.736657956527779e-06, 1.209408128488576e-05, 1.6627003788016737e-05, 8.525950761395507e-06, 1.152750883193221e-05, 2.0414279788383283e-05], [9.205677088175435e-06, 1.6627003788016737e-05, 3.6563640605891123e-05, 2.6883970349445008e-05, 3.879230280290358e-05, 5.509780385182239e-05], [7.863151040510274e-06, 8.525950761395507e-06, 2.6883970349445008e-05, 0.00016986009723041207, 0.00016618265362922102, 0.00013820738240610808], [7.87441877037054e-06, 1.152750883193221e-05, 3.879230280290358e-05, 0.00016618265362922102, 0.00026256576529704034, 0.00022013526177033782], [1.0441341146361083e-05, 2.0414279788383283e-05, 5.509780385182239e-05, 0.00013820738240610808, 0.00022013526177033782, 0.00025926766102202237]]</COVARIANCE_MATRIX>
		<ROI_SIZE>63</ROI_SIZE>
		<MAX_VALUE>[0.13256345689296722, 0.12619969248771667, 0.12420617043972015, 0.14700175821781158, 0.11028775572776794, 0.0931393951177597]</MAX_VALUE>
		<MIN_VALUE>[0.12117224186658859, 0.10693342238664627, 0.09371321648359299, 0.09299938380718231, 0.048932284116744995, 0.03439808636903763]</MIN_VALUE>
		<SIGNATURE_THRESHOLD_MD>0.0</SIGNATURE_THRESHOLD_MD>
		<SIGNATURE_THRESHOLD_ML>0.0</SIGNATURE_THRESHOLD_ML>
		<SIGNATURE_THRESHOLD_SAM>0.0</SIGNATURE_THRESHOLD_SAM>
	</signature>
	<signature ID="20210428_120957304532_791">
		<MACROCLASSID>1</MACROCLASSID>
		<MACROCLASSINFO>waterbody</MACROCLASSINFO>
		<CLASSID>13</CLASSID>
		<CLASSINFO>C 1</CLASSINFO>
		<VALUES>[0.12762726632257307, 0.003306180348239268, 0.11197935181359452, 0.004927775926893394, 0.1016329154372215, 0.00875463563666337, 0.10422340457638107, 0.01714061707924535, 0.07197466911748052, 0.021874422482997452, 0.05955894670138757, 0.019726985974931204]</VALUES>
		<LCS_MIN>[0.12243793159723282, 0.10418111085891724, 0.08863107115030289, 0.07711633294820786, 0.03052564524114132, 0.025586891919374466]</LCS_MIN>
		<LCS_MAX>[0.1363605409860611, 0.12619969248771667, 0.12166507542133331, 0.13747192919254303, 0.10824257135391235, 0.0931393951177597]</LCS_MAX>
		<WAVELENGTH>[0.485, 0.56, 0.66, 0.83, 1.65, 2.215]</WAVELENGTH>
		<MEAN_VALUE>[0.12762726632257307, 0.11197935181359452, 0.1016329154372215, 0.10422340457638107, 0.07197466911748052, 0.05955894670138757]</MEAN_VALUE>
		<CHECKBOX>2</CHECKBOX>
		<SD>[0.003306180348239268, 0.004927775926893394, 0.00875463563666337, 0.01714061707924535, 0.021874422482997452, 0.019726985974931204]</SD>
		<WAVELENGTH_UNIT>E-6m</WAVELENGTH_UNIT>
		<COLOR>#9e458f</COLOR>
		<COVARIANCE_MATRIX>[[1.1116097084595822e-05, 1.3580118320533074e-05, 2.4383332856814377e-05, 4.5235308789415285e-05, 4.898106271866709e-05, 4.773423643200658e-05], [1.3580118320533074e-05, 2.4694551029824652e-05, 3.9967751945368946e-05, 7.355034176725894e-05, 8.640676242066547e-05, 8.188795618480071e-05], [2.4383332856814377e-05, 3.9967751945368946e-05, 7.794269185978919e-05, 0.00014328047109302133, 0.00015521602472290397, 0.00014838491915725172], [4.5235308789415285e-05, 7.355034176725894e-05, 0.00014328047109302133, 0.00029878041823394597, 0.00031211544410325587, 0.0002858853549696505], [4.898106271866709e-05, 8.640676242066547e-05, 0.00015521602472290397, 0.00031211544410325587, 0.00048660035827197134, 0.00042332231532782316], [4.773423643200658e-05, 8.188795618480071e-05, 0.00014838491915725172, 0.0002858853549696505, 0.00042332231532782316, 0.00039574981201440096]]</COVARIANCE_MATRIX>
		<ROI_SIZE>60</ROI_SIZE>
		<MAX_VALUE>[0.1363605409860611, 0.12619969248771667, 0.12166507542133331, 0.13747192919254303, 0.10824257135391235, 0.0931393951177597]</MAX_VALUE>
		<MIN_VALUE>[0.12243793159723282, 0.10418111085891724, 0.08863107115030289, 0.07711633294820786, 0.03052564524114132, 0.025586891919374466]</MIN_VALUE>
		<SIGNATURE_THRESHOLD_MD>0.0</SIGNATURE_THRESHOLD_MD>
		<SIGNATURE_THRESHOLD_ML>0.0</SIGNATURE_THRESHOLD_ML>
		<SIGNATURE_THRESHOLD_SAM>0.0</SIGNATURE_THRESHOLD_SAM>
	</signature>
	<signature ID="20210428_121007127342_905">
		<MACROCLASSID>1</MACROCLASSID>
		<MACROCLASSINFO>waterbody</MACROCLASSINFO>
		<CLASSID>14</CLASSID>
		<CLASSINFO>C 1</CLASSINFO>
		<VALUES>[0.12906021185751473, 0.0018984058410316319, 0.11027553318334476, 0.0038474286053068575, 0.10024742396282299, 0.006221696067855804, 0.09872862683343035, 0.01304814761233451, 0.07391272212511728, 0.020610854494991213, 0.06014985567890106, 0.018716004002299783]</VALUES>
		<LCS_MIN>[0.12496931105852127, 0.10418111085891724, 0.09117215126752853, 0.0739397257566452, 0.032570820301771164, 0.022649826481938362]</LCS_MIN>
		<LCS_MAX>[0.13382916152477264, 0.12069504708051682, 0.11658291518688202, 0.12794210016727448, 0.11642329394817352, 0.09901352226734161]</LCS_MAX>
		<WAVELENGTH>[0.485, 0.56, 0.66, 0.83, 1.65, 2.215]</WAVELENGTH>
		<MEAN_VALUE>[0.12906021185751473, 0.11027553318334476, 0.10024742396282299, 0.09872862683343035, 0.07391272212511728, 0.06014985567890106]</MEAN_VALUE>
		<CHECKBOX>2</CHECKBOX>
		<SD>[0.0018984058410316319, 0.0038474286053068575, 0.006221696067855804, 0.01304814761233451, 0.020610854494991213, 0.018716004002299783]</SD>
		<WAVELENGTH_UNIT>E-6m</WAVELENGTH_UNIT>
		<COLOR>#bd8bae</COLOR>
		<COVARIANCE_MATRIX>[[3.6694709706353024e-06, 4.003877165814629e-06, 7.869311957620084e-06, 1.561123826832045e-05, 1.728297684167046e-05, 1.716898441372905e-05], [4.003877165814629e-06, 1.5071846974024083e-05, 2.0491112081799656e-05, 4.05927567044273e-05, 4.4359465391607955e-05, 4.435566006577574e-05], [7.869311957620084e-06, 2.0491112081799656e-05, 3.941330942325294e-05, 6.931447569513693e-05, 7.503879896830767e-05, 7.564113911939785e-05], [1.561123826832045e-05, 4.05927567044273e-05, 6.931447569513693e-05, 0.00017334969015792012, 0.00022045908553991467, 0.00020957464585080743], [1.728297684167046e-05, 4.4359465391607955e-05, 7.503879896830767e-05, 0.00022045908553991467, 0.00043253108742646873, 0.00038080988451838493], [1.716898441372905e-05, 4.435566006577574e-05, 7.564113911939785e-05, 0.00020957464585080743, 0.00038080988451838493, 0.00035665769246406853]]</COVARIANCE_MATRIX>
		<ROI_SIZE>56</ROI_SIZE>
		<MAX_VALUE>[0.13382916152477264, 0.12069504708051682, 0.11658291518688202, 0.12794210016727448, 0.11642329394817352, 0.09901352226734161]</MAX_VALUE>
		<MIN_VALUE>[0.12496931105852127, 0.10418111085891724, 0.09117215126752853, 0.0739397257566452, 0.032570820301771164, 0.022649826481938362]</MIN_VALUE>
		<SIGNATURE_THRESHOLD_MD>0.0</SIGNATURE_THRESHOLD_MD>
		<SIGNATURE_THRESHOLD_ML>0.0</SIGNATURE_THRESHOLD_ML>
		<SIGNATURE_THRESHOLD_SAM>0.0</SIGNATURE_THRESHOLD_SAM>
	</signature>
	<signature ID="20210428_121918448315_427">
		<MACROCLASSID>1</MACROCLASSID>
		<MACROCLASSINFO>waterbody</MACROCLASSINFO>
		<CLASSID>15</CLASSID>
		<CLASSINFO>C 1</CLASSINFO>
		<VALUES>[0.1307291317245235, 0.0021820120163388566, 0.11439261909412302, 0.002967357559352822, 0.10244127427754193, 0.005072537483470309, 0.09778731759043707, 0.011531350804788858, 0.06778352691427518, 0.016705628166247783, 0.05372312519213427, 0.013788809301112403]</VALUES>
		<LCS_MIN>[0.1262349933385849, 0.1096857562661171, 0.09371321648359299, 0.08029294013977051, 0.036661189049482346, 0.031461022794246674]</LCS_MIN>
		<LCS_MAX>[0.13762624561786652, 0.12619969248771667, 0.12166507542133331, 0.12794210016727448, 0.10006183385848999, 0.08139112591743469]</LCS_MAX>
		<WAVELENGTH>[0.485, 0.56, 0.66, 0.83, 1.65, 2.215]</WAVELENGTH>
		<MEAN_VALUE>[0.1307291317245235, 0.11439261909412302, 0.10244127427754193, 0.09778731759043707, 0.06778352691427518, 0.05372312519213427]</MEAN_VALUE>
		<CHECKBOX>2</CHECKBOX>
		<SD>[0.0021820120163388566, 0.002967357559352822, 0.005072537483470309, 0.011531350804788858, 0.016705628166247783, 0.013788809301112403]</SD>
		<WAVELENGTH_UNIT>E-6m</WAVELENGTH_UNIT>
		<COLOR>#4afa2f</COLOR>
		<COVARIANCE_MATRIX>[[4.831193564314162e-06, 4.201543561066501e-06, 7.5901962190982886e-06, 1.3996721463627182e-05, 1.807198532333132e-05, 1.672680809861049e-05], [4.201543561066501e-06, 8.934699508245103e-06, 1.251651337952353e-05, 2.4576340365456417e-05, 3.0160508686094545e-05, 2.4797405785648152e-05], [7.5901962190982886e-06, 1.251651337952353e-05, 2.610902811284177e-05, 4.698178599937819e-05, 6.301153189269826e-05, 5.055389192420989e-05], [1.3996721463627182e-05, 2.4576340365456417e-05, 4.698178599937819e-05, 0.00013492752623278648, 0.0001747807691572234, 0.00014018331421539187], [1.807198532333132e-05, 3.0160508686094545e-05, 6.301153189269826e-05, 0.0001747807691572234, 0.0002831821038853377, 0.0002122977894032374], [1.672680809861049e-05, 2.4797405785648152e-05, 5.055389192420989e-05, 0.00014018331421539187, 0.0002122977894032374, 0.00019292731303721666]]</COVARIANCE_MATRIX>
		<ROI_SIZE>69</ROI_SIZE>
		<MAX_VALUE>[0.13762624561786652, 0.12619969248771667, 0.12166507542133331, 0.12794210016727448, 0.10006183385848999, 0.08139112591743469]</MAX_VALUE>
		<MIN_VALUE>[0.1262349933385849, 0.1096857562661171, 0.09371321648359299, 0.08029294013977051, 0.036661189049482346, 0.031461022794246674]</MIN_VALUE>
		<SIGNATURE_THRESHOLD_MD>0.0</SIGNATURE_THRESHOLD_MD>
		<SIGNATURE_THRESHOLD_ML>0.0</SIGNATURE_THRESHOLD_ML>
		<SIGNATURE_THRESHOLD_SAM>0.0</SIGNATURE_THRESHOLD_SAM>
	</signature>
	<signature ID="20210428_121927686932_725">
		<MACROCLASSID>1</MACROCLASSID>
		<MACROCLASSINFO>waterbody</MACROCLASSINFO>
		<CLASSID>16</CLASSID>
		<CLASSINFO>C 1</CLASSINFO>
		<VALUES>[0.13814740847138798, 0.0022996111386709415, 0.12231405780595891, 0.0041213405832063845, 0.11598501880379285, 0.00683675413662551, 0.12663408149691188, 0.013698210465301819, 0.10836287193438583, 0.024476639580527666, 0.09210278049987905, 0.0206196173421369]</VALUES>
