<?xml version="1.0" ?>
<signaturelist MCID_LIST="[['1', 'waterbody', '#0000ff'], ['2', 'vegetation', '#00ff00'], ['3', 'bareland', '#ffaa00'], ['4', 'built-up', '#ff0000']]">
	<signature ID="20220111_164559197945_318">
		<MACROCLASSID>1</MACROCLASSID>
		<MACROCLASSINFO>waterbody</MACROCLASSINFO>
		<CLASSID>1</CLASSID>
		<CLASSINFO>C 1</CLASSINFO>
		<VALUES>[0.1289652939176598, 0.00663126718108947, 0.10960425723953307, 0.011269898828142742, 0.09575896093040179, 0.012343438652448583, 0.08686568721899067, 0.012472392813388175, 0.061024369846423024, 0.011553615383060434, 0.051335448983204426, 0.009565857758783805]</VALUES>
		<LCS_MIN>[0.11633813381195068, 0.0918445736169815, 0.07688144594430923, 0.06747907400131226, 0.04055076092481613, 0.029883146286010742]</LCS_MIN>
		<LCS_MAX>[0.15214025974273682, 0.1552809774875641, 0.1514219492673874, 0.15400651097297668, 0.13054150342941284, 0.10988564044237137]</LCS_MAX>
		<WAVELENGTH>[0.485, 0.56, 0.66, 0.83, 1.65, 2.215]</WAVELENGTH>
		<MEAN_VALUE>[0.1289652939176598, 0.10960425723953307, 0.09575896093040179, 0.08686568721899067, 0.061024369846423024, 0.051335448983204426]</MEAN_VALUE>
		<CHECKBOX>2</CHECKBOX>
		<SD>[0.00663126718108947, 0.011269898828142742, 0.012343438652448583, 0.012472392813388175, 0.011553615383060434, 0.009565857758783805]</SD>
		<WAVELENGTH_UNIT>E-6m</WAVELENGTH_UNIT>
		<COLOR>#08f566</COLOR>
		<COVARIANCE_MATRIX>[[4.407354920237602e-05, 7.006004735857663e-05, 7.359562156881926e-05, 7.455023022380319e-05, 7.036866106874098e-05, 5.7427768053841966e-05], [7.006004735857663e-05, 0.0001242854550887974, 0.0001311347929437929, 0.0001315496031493945, 0.0001220211902726011, 9.926205594734547e-05], [7.359562156881926e-05, 0.0001311347929437929, 0.00014972404030947275, 0.0001476366688339967, 0.0001342688879694975, 0.00010892474768944812], [7.455023022380319e-05, 0.0001315496031493945, 0.0001476366688339967, 0.00015600412681904323, 0.00014022524858260847, 0.00011388698546001882], [7.036866106874098e-05, 0.0001220211902726011, 0.0001342688879694975, 0.00014022524858260847, 0.0001357516490398782, 0.0001073919698719868], [5.7427768053841966e-05, 9.926205594734547e-05, 0.00010892474768944812, 0.00011388698546001882, 0.0001073919698719868, 9.403024836349117e-05]]</COVARIANCE_MATRIX>
		<ROI_SIZE>44360</ROI_SIZE>
		<MAX_VALUE>[0.15214025974273682, 0.1552809774875641, 0.1514219492673874, 0.15400651097297668, 0.13054150342941284, 0.10988564044237137]</MAX_VALUE>
		<MIN_VALUE>[0.11633813381195068, 0.0918445736169815, 0.07688144594430923, 0.06747907400131226, 0.04055076092481613, 0.029883146286010742]</MIN_VALUE>
		<SIGNATURE_THRESHOLD_MD>0</SIGNATURE_THRESHOLD_MD>
		<SIGNATURE_THRESHOLD_ML>0</SIGNATURE_THRESHOLD_ML>
		<SIGNATURE_THRESHOLD_SAM>0</SIGNATURE_THRESHOLD_SAM>
	</signature>
	<signature ID="20220111_164606572526_535">
		<MACROCLASSID>1</MACROCLASSID>
		<MACROCLASSINFO>waterbody</MACROCLASSINFO>
		<CLASSID>2</CLASSID>
		<CLASSINFO>C 1</CLASSINFO>
		<VALUES>[0.12424646980452132, 0.0039586025910323085, 0.1043587279729555, 0.006063515465578556, 0.09073733097517082, 0.006846950140498604, 0.08272171738241776, 0.007826233178687811, 0.05868667619584023, 0.009043020269033947, 0.049094117790744976, 0.007751530869962041]</VALUES>
		<LCS_MIN>[0.10970810055732727, 0.08896109461784363, 0.07688144594430923, 0.07080704718828201, 0.04269339516758919, 0.029883146286010742]</LCS_MIN>
		<LCS_MAX>[0.1455102264881134, 0.14086361229419708, 0.14077331125736237, 0.14069460332393646, 0.11982830613851547, 0.1068086177110672]</LCS_MAX>
		<WAVELENGTH>[0.485, 0.56, 0.66, 0.83, 1.65, 2.215]</WAVELENGTH>
		<MEAN_VALUE>[0.12424646980452132, 0.1043587279729555, 0.09073733097517082, 0.08272171738241776, 0.05868667619584023, 0.049094117790744976]</MEAN_VALUE>
		<CHECKBOX>2</CHECKBOX>
		<SD>[0.0039586025910323085, 0.006063515465578556, 0.006846950140498604, 0.007826233178687811, 0.009043020269033947, 0.007751530869962041]</SD>
		<WAVELENGTH_UNIT>E-6m</WAVELENGTH_UNIT>
		<COLOR>#f3907f</COLOR>
		<COVARIANCE_MATRIX>[[1.6169093717149256e-05, 1.948046386769474e-05, 2.1109006971590413e-05, 2.0909062006907597e-05, 2.1645060499740434e-05, 1.890227421518525e-05], [1.948046386769474e-05, 3.96087125020111e-05, 4.2776146814158966e-05, 4.293656837948655e-05, 4.6789342234524976e-05, 3.8552997654113496e-05], [2.1109006971590413e-05, 4.2776146814158966e-05, 5.3997344760623585e-05, 5.2343079139906586e-05, 5.719914101441895e-05, 4.65476234992219e-05], [2.0909062006907597e-05, 4.293656837948655e-05, 5.2343079139906586e-05, 6.090388961816213e-05, 6.471550187198964e-05, 5.271481530997573e-05], [2.1645060499740434e-05, 4.6789342234524976e-05, 5.719914101441895e-05, 6.471550187198964e-05, 7.843092252577881e-05, 6.054912513585562e-05], [1.890227421518525e-05, 3.8552997654113496e-05, 4.65476234992219e-05, 5.271481530997573e-05, 6.054912513585562e-05, 5.637516528399332e-05]]</COVARIANCE_MATRIX>
		<ROI_SIZE>51519</ROI_SIZE>
		<MAX_VALUE>[0.1455102264881134, 0.14086361229419708, 0.14077331125736237, 0.14069460332393646, 0.11982830613851547, 0.1068086177110672]</MAX_VALUE>
		<MIN_VALUE>[0.10970810055732727, 0.08896109461784363, 0.07688144594430923, 0.07080704718828201, 0.04269339516758919, 0.029883146286010742]</MIN_VALUE>
		<SIGNATURE_THRESHOLD_MD>0</SIGNATURE_THRESHOLD_MD>
		<SIGNATURE_THRESHOLD_ML>0</SIGNATURE_THRESHOLD_ML>
		<SIGNATURE_THRESHOLD_SAM>0</SIGNATURE_THRESHOLD_SAM>
	</signature>
	<signature ID="20220111_165639124320_104">
		<MACROCLASSID>1</MACROCLASSID>
		<MACROCLASSINFO>waterbody</MACROCLASSINFO>
		<CLASSID>3</CLASSID>
		<CLASSINFO>C 1</CLASSINFO>
		<VALUES>[0.11762436076998711, 0.0027333388727518635, 0.11525837264955041, 0.004359293719989001, 0.11870399542152882, 0.005613246368628986, 0.14585295617580418, 0.010400930460274925, 0.134612516388297, 0.010463881195790588, 0.10388544753193855, 0.008815268126033433]</VALUES>
		<LCS_MIN>[0.11103411018848419, 0.10337845236063004, 0.10350305587053299, 0.12405470013618469, 0.10911513864994049, 0.08219246566295624]</LCS_MIN>
		<LCS_MAX>[0.12429415434598923, 0.1235627830028534, 0.13012467324733734, 0.17730236053466797, 0.15411052107810974, 0.11911668628454208]</LCS_MAX>
		<WAVELENGTH>[0.485, 0.56, 0.66, 0.83, 1.65, 2.215]</WAVELENGTH>
		<MEAN_VALUE>[0.11762436076998711, 0.11525837264955041, 0.11870399542152882, 0.14585295617580418, 0.134612516388297, 0.10388544753193855]</MEAN_VALUE>
		<CHECKBOX>2</CHECKBOX>
		<SD>[0.0027333388727518635, 0.004359293719989001, 0.005613246368628986, 0.010400930460274925, 0.010463881195790588, 0.008815268126033433]</SD>
		<WAVELENGTH_UNIT>E-6m</WAVELENGTH_UNIT>
		<COLOR>#a996a2</COLOR>
		<COVARIANCE_MATRIX>[[7.546607467976193e-06, 9.514720183009861e-06, 1.1450513542506212e-05, -5.097147310687929e-06, 8.543522667852876e-06, 1.2205387185692278e-05], [9.514720183009861e-06, 1.9195395694076306e-05, 2.1825419556311217e-05, -7.231044696441858e-06, 1.268097796539165e-05, 2.0379866022899886e-05], [1.1450513542506212e-05, 2.1825419556311217e-05, 3.182680282315809e-05, -1.1011874016932959e-05, 1.2969490361118724e-05, 2.2791446033700455e-05], [-5.097147310687929e-06, -7.231044696441858e-06, -1.1011874016932959e-05, 0.00010927207519138877, 5.088691303184267e-05, 1.647232559815442e-05], [8.543522667852876e-06, 1.268097796539165e-05, 1.2969490361118724e-05, 5.088691303184267e-05, 0.00011059879765618161, 8.021402005782731e-05], [1.2205387185692278e-05, 2.0379866022899886e-05, 2.2791446033700455e-05, 1.647232559815442e-05, 8.021402005782731e-05, 7.849389104430409e-05]]</COVARIANCE_MATRIX>
		<ROI_SIZE>100</ROI_SIZE>
		<MAX_VALUE>[0.12429415434598923, 0.1235627830028534, 0.13012467324733734, 0.17730236053466797, 0.15411052107810974, 0.11911668628454208]</MAX_VALUE>
		<MIN_VALUE>[0.11103411018848419, 0.10337845236063004, 0.10350305587053299, 0.12405470013618469, 0.10911513864994049, 0.08219246566295624]</MIN_VALUE>
		<SIGNATURE_THRESHOLD_MD>0</SIGNATURE_THRESHOLD_MD>
		<SIGNATURE_THRESHOLD_ML>0</SIGNATURE_THRESHOLD_ML>
		<SIGNATURE_THRESHOLD_SAM>0</SIGNATURE_THRESHOLD_SAM>
	</signature>
	<signature ID="20220111_165650751139_850">
		<MACROCLASSID>1</MACROCLASSID>
		<MACROCLASSINFO>waterbody</MACROCLASSINFO>
		<CLASSID>4</CLASSID>
		<CLASSINFO>C 1</CLASSINFO>
		<VALUES>[0.12102929331591822, 0.004078116986054015, 0.11882968031976066, 0.005661191201673792, 0.1235475639710907, 0.0073872552072768525, 0.15001665982378615, 0.011472992609656618, 0.14184886851564524, 0.012100169203182316, 0.11328155993997883, 0.011551286066955263]</VALUES>
		<LCS_MIN>[0.11103411018848419, 0.10626193135976791, 0.09817872196435928, 0.12738268077373505, 0.1134004145860672, 0.0852694883942604]</LCS_MIN>
		<LCS_MAX>[0.1402062177658081, 0.14374709129333496, 0.14609763026237488, 0.18063034117221832, 0.16268105804920197, 0.13450178503990173]</LCS_MAX>
		<WAVELENGTH>[0.485, 0.56, 0.66, 0.83, 1.65, 2.215]</WAVELENGTH>
		<MEAN_VALUE>[0.12102929331591822, 0.11882968031976066, 0.1235475639710907, 0.15001665982378615, 0.14184886851564524, 0.11328155993997883]</MEAN_VALUE>
		<CHECKBOX>2</CHECKBOX>
		<SD>[0.004078116986054015, 0.005661191201673792, 0.0073872552072768525, 0.011472992609656618, 0.012100169203182316, 0.011551286066955263]</SD>
		<WAVELENGTH_UNIT>E-6m</WAVELENGTH_UNIT>
		<COLOR>#4d1138</COLOR>
		<COVARIANCE_MATRIX>[[1.6677754551245534e-05, 2.046172811779413e-05, 2.606232499626617e-05, 1.0080099087730856e-05, 2.0899634518315458e-05, 2.673983241872919e-05], [2.046172811779413e-05, 3.2139111343880356e-05, 3.789050200074585e-05, 1.489170465434646e-05, 3.089993411838291e-05, 3.775134857262877e-05], [2.606232499626617e-05, 3.789050200074585e-05, 5.472483033872383e-05, 1.666376295820869e-05, 4.367101808774365e-05, 5.41517539302484e-05], [1.0080099087730856e-05, 1.489170465434646e-05, 1.666376295820869e-05, 0.00013199930537466622, 7.71089378756441e-05, 4.706944787137612e-05], [2.0899634518315458e-05, 3.089993411838291e-05, 4.367101808774365e-05, 7.71089378756441e-05, 0.00014682537029268023, 0.00012403864857814828], [2.673983241872919e-05, 3.775134857262877e-05, 5.41517539302484e-05, 4.706944787137612e-05, 0.00012403864857814828, 0.00013380701937872665]]</COVARIANCE_MATRIX>
		<ROI_SIZE>357</ROI_SIZE>
		<MAX_VALUE>[0.1402062177658081, 0.14374709129333496, 0.14609763026237488, 0.18063034117221832, 0.16268105804920197, 0.13450178503990173]</MAX_VALUE>
		<MIN_VALUE>[0.11103411018848419, 0.10626193135976791, 0.09817872196435928, 0.12738268077373505, 0.1134004145860672, 0.0852694883942604]</MIN_VALUE>
		<SIGNATURE_THRESHOLD_MD>0</SIGNATURE_THRESHOLD_MD>
		<SIGNATURE_THRESHOLD_ML>0</SIGNATURE_THRESHOLD_ML>
		<SIGNATURE_THRESHOLD_SAM>0</SIGNATURE_THRESHOLD_SAM>
	</signature>
	<signature ID="20220111_165701457936_308">
		<MACROCLASSID>1</MACROCLASSID>
		<MACROCLASSINFO>waterbody</MACROCLASSINFO>
		<CLASSID>5</CLASSID>
		<CLASSINFO>C 1</CLASSINFO>
		<VALUES>[0.1303874722548894, 0.004693129027263526, 0.13104607395472978, 0.00603726891814476, 0.1398859272400538, 0.008042626370105083, 0.16367349064066297, 0.011222683517463295, 0.15273310155386016, 0.01881214765314703, 0.12519746451150804, 0.017256509132396586]</VALUES>
		<LCS_MIN>[0.12164214998483658, 0.12067929655313492, 0.12480033934116364, 0.14069460332393646, 0.11982830613851547, 0.09757756441831589]</LCS_MIN>
		<LCS_MAX>[0.14153222739696503, 0.14374709129333496, 0.15940845012664795, 0.18395832180976868, 0.19053532183170319, 0.1591179370880127]</LCS_MAX>
		<WAVELENGTH>[0.485, 0.56, 0.66, 0.83, 1.65, 2.215]</WAVELENGTH>
		<MEAN_VALUE>[0.1303874722548894, 0.13104607395472978, 0.1398859272400538, 0.16367349064066297, 0.15273310155386016, 0.12519746451150804]</MEAN_VALUE>
		<CHECKBOX>2</CHECKBOX>
		<SD>[0.004693129027263526, 0.00603726891814476, 0.008042626370105083, 0.011222683517463295, 0.01881214765314703, 0.017256509132396586]</SD>
		<WAVELENGTH_UNIT>E-6m</WAVELENGTH_UNIT>
		<COLOR>#f031d8</COLOR>
		<COVARIANCE_MATRIX>[[2.256266640962983e-05, 2.5096981407184416e-05, 3.3176609092221716e-05, 3.308405303535884e-05, 6.098564274974545e-05, 5.996764915023467e-05], [2.5096981407184416e-05, 3.7337606623899223e-05, 4.611999852826803e-05, 4.877198978425673e-05, 8.53005337779571e-05, 8.127970538507458e-05], [3.3176609092221716e-05, 4.611999852826803e-05, 6.626149353713681e-05, 6.561876661889656e-05, 9.78034309493428e-05, 9.523469197632225e-05], [3.308405303535884e-05, 4.877198978425673e-05, 6.561876661889656e-05, 0.00012902054302419457, 0.00017973211016695061, 0.00015857521710024047], [6.098564274974545e-05, 8.53005337779571e-05, 9.78034309493428e-05, 0.00017973211016695061, 0.00036252853101463004, 0.0003149101710553994], [5.996764915023467e-05, 8.127970538507458e-05, 9.523469197632225e-05, 0.00015857521710024047, 0.0003149101710553994, 0.0003050502076178646]]</COVARIANCE_MATRIX>
		<ROI_SIZE>42</ROI_SIZE>
		<MAX_VALUE>[0.14153222739696503, 0.14374709129333496, 0.15940845012664795, 0.18395832180976868, 0.19053532183170319, 0.1591179370880127]</MAX_VALUE>
		<MIN_VALUE>[0.12164214998483658, 0.12067929655313492, 0.12480033934116364, 0.14069460332393646, 0.11982830613851547, 0.09757756441831589]</MIN_VALUE>
		<SIGNATURE_THRESHOLD_MD>0</SIGNATURE_THRESHOLD_MD>
		<SIGNATURE_THRESHOLD_ML>0</SIGNATURE_THRESHOLD_ML>
		<SIGNATURE_THRESHOLD_SAM>0</SIGNATURE_THRESHOLD_SAM>
	</signature>
	<signature ID="20220111_165711602576_860">
		<MACROCLASSID>1</MACROCLASSID>
		<MACROCLASSINFO>waterbody</MACROCLASSINFO>
		<CLASSID>6</CLASSID>
		<CLASSINFO>C 1</CLASSINFO>
		<VALUES>[0.11718403548002243, 0.00297216599521811, 0.11655295396159432, 0.004419051870586898, 0.12392825967278973, 0.005981198911263075, 0.1445963593392536, 0.007820395448125695, 0.12850969451768648, 0.012697364549806004, 0.09752450742084402, 0.010434542897020305]</VALUES>
		<LCS_MIN>[0.11236012727022171, 0.1091454029083252, 0.11148953437805176, 0.12738268077373505, 0.10054457932710648, 0.0760384351015091]</LCS_MIN>
		<LCS_MAX>[0.12562017142772675, 0.12644624710083008, 0.13544899225234985, 0.1606624722480774, 0.14768259227275848, 0.11911668628454208]</LCS_MAX>
		<WAVELENGTH>[0.485, 0.56, 0.66, 0.83, 1.65, 2.215]</WAVELENGTH>
		<MEAN_VALUE>[0.11718403548002243, 0.11655295396159432, 0.12392825967278973, 0.1445963593392536, 0.12850969451768648, 0.09752450742084402]</MEAN_VALUE>
		<CHECKBOX>2</CHECKBOX>
		<SD>[0.00297216599521811, 0.004419051870586898, 0.005981198911263075, 0.007820395448125695, 0.012697364549806004, 0.010434542897020305]</SD>
		<WAVELENGTH_UNIT>E-6m</WAVELENGTH_UNIT>
		<COLOR>#f97ebe</COLOR>
		<COVARIANCE_MATRIX>[[8.988749136519122e-06, 1.0796236131935699e-05, 1.4994659025498052e-05, 1.0964203804696556e-05, 1.6303497269608685e-05, 1.5936738689587097e-05], [1.0796236131935699e-05, 1.9870616267129512e-05, 2.4080664073323535e-05, 1.6887579748517476e-05, 2.214335116491008e-05, 2.0012782711660057e-05], [1.4994659025498052e-05, 2.4080664073323535e-05, 3.6402367440938334e-05, 2.0249032896905417e-05, 3.142058581016013e-05, 2.9844818181267424e-05], [1.0964203804696556e-05, 1.6887579748517476e-05, 2.0249032896905417e-05, 6.223154259603105e-05, 7.099161306915006e-05, 5.536428228414374e-05], [1.6303497269608685e-05, 2.214335116491008e-05, 3.142058581016013e-05, 7.099161306915006e-05, 0.00016405154136173462, 0.00012307408247939198], [1.5936738689587097e-05, 2.0012782711660057e-05, 2.9844818181267424e-05, 5.536428228414374e-05, 0.00012307408247939198, 0.000110789855390279]]</COVARIANCE_MATRIX>
		<ROI_SIZE>58</ROI_SIZE>
		<MAX_VALUE>[0.12562017142772675, 0.12644624710083008, 0.13544899225234985, 0.1606624722480774, 0.14768259227275848, 0.11911668628454208]</MAX_VALUE>
		<MIN_VALUE>[0.11236012727022171, 0.1091454029083252, 0.11148953437805176, 0.12738268077373505, 0.10054457932710648, 0.0760384351015091]</MIN_VALUE>
		<SIGNATURE_THRESHOLD_MD>0</SIGNATURE_THRESHOLD_MD>
		<SIGNATURE_THRESHOLD_ML>0</SIGNATURE_THRESHOLD_ML>
		<SIGNATURE_THRESHOLD_SAM>0</SIGNATURE_THRESHOLD_SAM>
	</signature>
	<signature ID="20220111_165743451201_719">
		<MACROCLASSID>1</MACROCLASSID>
		<MACROCLASSINFO>waterbody</MACROCLASSINFO>
		<CLASSID>7</CLASSID>
		<CLASSINFO>C 1</CLASSINFO>
		<VALUES>[0.11342092362733988, 0.0028506151241923594, 0.11442438318179206, 0.0049704290611801896, 0.12361261386137737, 0.006670227397309893, 0.13250264422251626, 0.009575843428873198, 0.09464409855695868, 0.01626160358887347, 0.07461826428771019, 0.013077839752827109]</VALUES>
		<LCS_MIN>[0.10838211327791214, 0.10337845236063004, 0.1088273823261261, 0.11074279248714447, 0.06626240164041519, 0.051422275602817535]</LCS_MIN>
		<LCS_MAX>[0.1229681521654129, 0.1235627830028534, 0.14077331125736237, 0.1606624722480774, 0.1326841413974762, 0.10373159497976303]</LCS_MAX>
		<WAVELENGTH>[0.485, 0.56, 0.66, 0.83, 1.65, 2.215]</WAVELENGTH>
		<MEAN_VALUE>[0.11342092362733988, 0.11442438318179206, 0.12361261386137737, 0.13250264422251626, 0.09464409855695868, 0.07461826428771019]</MEAN_VALUE>
		<CHECKBOX>2</CHECKBOX>
		<SD>[0.0028506151241923594, 0.0049704290611801896, 0.006670227397309893, 0.009575843428873198, 0.01626160358887347, 0.013077839752827109]</SD>
		<WAVELENGTH_UNIT>E-6m</WAVELENGTH_UNIT>
		<COLOR>#a18bc4</COLOR>
		<COVARIANCE_MATRIX>[[8.252975439184732e-06, 1.1040367861741862e-05, 1.5454962588937088e-05, 1.1308098788510247e-05, 2.233853494778197e-05, 1.7085609276537567e-05], [1.1040367861741862e-05, 2.5091183256165597e-05, 2.975664784751677e-05, 2.087619858334937e-06, 1.2424785926387716e-05, 1.5654843274355915e-05], [1.5454962588937088e-05, 2.975664784751677e-05, 4.518711999325855e-05, 5.899333147448753e-06, 2.2561196980666502e-05, 2.4269373990588177e-05], [1.1308098788510247e-05, 2.087619858334937e-06, 5.899333147448753e-06, 9.312953952076725e-05, 0.00012014972961326204, 8.338667745402738e-05], [2.233853494778197e-05, 1.2424785926387716e-05, 2.2561196980666502e-05, 0.00012014972961326204, 0.0002685716223954387, 0.00019741560101439105], [1.7085609276537567e-05, 1.5654843274355915e-05, 2.4269373990588177e-05, 8.338667745402738e-05, 0.00019741560101439105, 0.0001737022346725098]]</COVARIANCE_MATRIX>
		<ROI_SIZE>65</ROI_SIZE>
		<MAX_VALUE>[0.1229681521654129, 0.1235627830028534, 0.14077331125736237, 0.1606624722480774, 0.1326841413974762, 0.10373159497976303]</MAX_VALUE>
		<MIN_VALUE>[0.10838211327791214, 0.10337845236063004, 0.1088273823261261, 0.11074279248714447, 0.06626240164041519, 0.051422275602817535]</MIN_VALUE>
		<SIGNATURE_THRESHOLD_MD>0</SIGNATURE_THRESHOLD_MD>
		<SIGNATURE_THRESHOLD_ML>0</SIGNATURE_THRESHOLD_ML>
		<SIGNATURE_THRESHOLD_SAM>0</SIGNATURE_THRESHOLD_SAM>
	</signature>
	<signature ID="20220111_165757528294_228">
		<MACROCLASSID>2</MACROCLASSID>
		<MACROCLASSINFO>vegetation</MACROCLASSINFO>
		<CLASSID>8</CLASSID>
		<CLASSINFO>C 1</CLASSINFO>
		<VALUES>[0.10757765394308795, 0.0033780396004793028, 0.11247423382875817, 0.005629221400366572, 0.12840332459482845, 0.008970920919622583, 0.15715806459257098, 0.011143759507694011, 0.1391863735948559, 0.009978327286649404, 0.11309153352576408, 0.008717819826777141]</VALUES>
		<LCS_MIN>[0.09910008311271667, 0.09761151671409607, 0.10084088891744614, 0.12405470013618469, 0.10268722474575043, 0.0852694883942604]</LCS_MIN>
		<LCS_MAX>[0.12429415434598923, 0.13221317529678345, 0.1567462831735611, 0.18063034117221832, 0.15411052107810974, 0.13450178503990173]</LCS_MAX>
		<WAVELENGTH>[0.485, 0.56, 0.66, 0.83, 1.65, 2.215]</WAVELENGTH>
		<MEAN_VALUE>[0.10757765394308795, 0.11247423382875817, 0.12840332459482845, 0.15715806459257098, 0.1391863735948559, 0.11309153352576408]</MEAN_VALUE>
		<CHECKBOX>2</CHECKBOX>
		<SD>[0.0033780396004793028, 0.005629221400366572, 0.008970920919622583, 0.011143759507694011, 0.009978327286649404, 0.008717819826777141]</SD>
		<WAVELENGTH_UNIT>E-6m</WAVELENGTH_UNIT>
		<COLOR>#dc75b9</COLOR>
		<COVARIANCE_MATRIX>[[1.1418624464176147e-05, 1.4230261960044407e-05, 1.6837843096296666e-05, 1.4391401330573326e-05, 1.1854201601569274e-05, 1.3103004228971726e-05], [1.4230261960044407e-05, 3.1708885462736914e-05, 4.3310864118780135e-05, 4.1756153089024054e-05, 2.2062079944585657e-05, 2.4171998978045535e-05], [1.6837843096296666e-05, 4.3310864118780135e-05, 8.05301251075801e-05, 7.337539678245803e-05, 3.825211337364316e-05, 4.130834511749837e-05], [1.4391401330573326e-05, 4.1756153089024054e-05, 7.337539678245803e-05, 0.00012426470103144181, 6.758851409313741e-05, 4.638888700579883e-05], [1.1854201601569274e-05, 2.2062079944585657e-05, 3.825211337364316e-05, 6.758851409313741e-05, 9.963221977180404e-05, 7.331576858472107e-05], [1.3103004228971726e-05, 2.4171998978045535e-05, 4.130834511749837e-05, 4.638888700579883e-05, 7.331576858472107e-05, 7.605015357506418e-05]]</COVARIANCE_MATRIX>
		<ROI_SIZE>1528</ROI_SIZE>
		<MAX_VALUE>[0.12429415434598923, 0.13221317529678345, 0.1567462831735611, 0.18063034117221832, 0.15411052107810974, 0.13450178503990173]</MAX_VALUE>
		<MIN_VALUE>[0.09910008311271667, 0.09761151671409607, 0.10084088891744614, 0.12405470013618469, 0.10268722474575043, 0.0852694883942604]</MIN_VALUE>
		<SIGNATURE_THRESHOLD_MD>0</SIGNATURE_THRESHOLD_MD>
		<SIGNATURE_THRESHOLD_ML>0</SIGNATURE_THRESHOLD_ML>
		<SIGNATURE_THRESHOLD_SAM>0</SIGNATURE_THRESHOLD_SAM>
	</signature>
	<signature ID="20220111_165855052472_737">
		<MACROCLASSID>2</MACROCLASSID>
		<MACROCLASSINFO>vegetation</MACROCLASSINFO>
		<CLASSID>9</CLASSID>
		<CLASSINFO>C 1</CLASSINFO>
		<VALUES>[0.10772369001609265, 0.004397817462718013, 0.10960764833052264, 0.00606664240515653, 0.12226771444998073, 0.008919147373901577, 0.15404314976113986, 0.011607465300507464, 0.13863688864758325, 0.011511062777822264, 0.11443851889896937, 0.010232321534666078]</VALUES>
		<LCS_MIN>[0.0951220691204071, 0.08896109461784363, 0.09551656246185303, 0.11739874631166458, 0.10268722474575043, 0.08219246566295624]</LCS_MIN>
		<LCS_MAX>[0.12429415434598923, 0.13221317529678345, 0.14875979721546173, 0.17730236053466797, 0.1562531590461731, 0.1375788003206253]</LCS_MAX>
		<WAVELENGTH>[0.485, 0.56, 0.66, 0.83, 1.65, 2.215]</WAVELENGTH>
		<MEAN_VALUE>[0.10772369001609265, 0.10960764833052264, 0.12226771444998073, 0.15404314976113986, 0.13863688864758325, 0.11443851889896937]</MEAN_VALUE>
		<CHECKBOX>2</CHECKBOX>
		<SD>[0.004397817462718013, 0.00606664240515653, 0.008919147373901577, 0.011607465300507464, 0.011511062777822264, 0.010232321534666078]</SD>
		<WAVELENGTH_UNIT>E-6m</WAVELENGTH_UNIT>
		<COLOR>#a5af29</COLOR>
		<COVARIANCE_MATRIX>[[1.7663437887954487e-05, 2.0116340331088633e-05, 2.3644080739071627e-05, 1.4574488767425572e-05, 2.3323024607742825e-05, 2.486435894505244e-05], [2.0116340331088633e-05, 3.654111226939085e-05, 4.875437503447278e-05, 3.8171432916385016e-05, 3.676538911130503e-05, 4.165852713629076e-05], [2.3644080739071627e-05, 4.875437503447278e-05, 8.515126253450124e-05, 6.438146770026124e-05, 5.611921627720028e-05, 6.720096669624101e-05], [1.4574488767425572e-05, 3.8171432916385016e-05, 6.438146770026124e-05, 0.00013757599699701063, 8.958542643155377e-05, 6.452498817428859e-05], [2.3323024607742825e-05, 3.676538911130503e-05, 5.611921627720028e-05, 8.958542643155377e-05, 0.00013847696874120954, 0.00010599586750925939], [2.486435894505244e-05, 4.165852713629076e-05, 6.720096669624101e-05, 6.452498817428859e-05, 0.00010599586750925939, 0.00011185920013215088]]</COVARIANCE_MATRIX>
		<ROI_SIZE>18752</ROI_SIZE>
		<MAX_VALUE>[0.12429415434598923, 0.13221317529678345, 0.14875979721546173, 0.17730236053466797, 0.1562531590461731, 0.1375788003206253]</MAX_VALUE>
		<MIN_VALUE>[0.0951220691204071, 0.08896109461784363, 0.09551656246185303, 0.11739874631166458, 0.10268722474575043, 0.08219246566295624]</MIN_VALUE>
		<SIGNATURE_THRESHOLD_MD>0</SIGNATURE_THRESHOLD_MD>
		<SIGNATURE_THRESHOLD_ML>0</SIGNATURE_THRESHOLD_ML>
		<SIGNATURE_THRESHOLD_SAM>0</SIGNATURE_THRESHOLD_SAM>
	</signature>
	<signature ID="20220111_165931596278_470">
		<MACROCLASSID>2</MACROCLASSID>
		<MACROCLASSINFO>vegetation</MACROCLASSINFO>
		<CLASSID>10</CLASSID>
		<CLASSINFO>C 1</CLASSINFO>
		<VALUES>[0.10359747526553689, 0.0037632108448010706, 0.10187255224152202, 0.006247633629243292, 0.1088826731731701, 0.009930084182035925, 0.15015513416744475, 0.013076104926225218, 0.13234081205522263, 0.012534625300396953, 0.1023346123338099, 0.010230800450729508]</VALUES>
		<LCS_MIN>[0.09644806385040283, 0.0918445736169815, 0.09285441040992737, 0.12072671949863434, 0.10482984781265259, 0.07911544293165207]</LCS_MIN>
		<LCS_MAX>[0.11899015307426453, 0.1235627830028534, 0.13544899225234985, 0.17397437989711761, 0.15411052107810974, 0.12527073919773102]</LCS_MAX>
		<WAVELENGTH>[0.485, 0.56, 0.66, 0.83, 1.65, 2.215]</WAVELENGTH>
		<MEAN_VALUE>[0.10359747526553689, 0.10187255224152202, 0.1088826731731701, 0.15015513416744475, 0.13234081205522263, 0.1023346123338099]</MEAN_VALUE>
		<CHECKBOX>2</CHECKBOX>
		<SD>[0.0037632108448010706, 0.006247633629243292, 0.009930084182035925, 0.013076104926225218, 0.012534625300396953, 0.010230800450729508]</SD>
		<WAVELENGTH_UNIT>E-6m</WAVELENGTH_UNIT>
		<COLOR>#a105b9</COLOR>
		<COVARIANCE_MATRIX>[[1.4203903945352115e-05, 2.0061268044174872e-05, 3.209873658673234e-05, 1.1318067380284189e-05, 1.6599993005334205e-05, 2.8159376057802505e-05], [2.0061268044174872e-05, 3.9149095387767374e-05, 5.818102025848763e-05, 2.4399343416013337e-05, 3.0115192236054856e-05, 5.072890710527867e-05], [3.209873658673234e-05, 5.818102025848763e-05, 9.890004380238634e-05, 3.457100021174149e-05, 4.6194665363900876e-05, 8.116379699475727e-05], [1.1318067380284189e-05, 2.4399343416013337e-05, 3.457100021174149e-05, 0.0001714934025417751, 0.00014839618308763318, 7.847621622465575e-05], [1.6599993005334205e-05, 3.0115192236054856e-05, 4.6194665363900876e-05, 0.00014839618308763318, 0.0001575844410386769, 9.476329873743368e-05], [2.8159376057802505e-05, 5.072890710527867e-05, 8.116379699475727e-05, 7.847621622465575e-05, 9.476329873743368e-05, 0.00010498079357057194]]</COVARIANCE_MATRIX>
		<ROI_SIZE>337</ROI_SIZE>
		<MAX_VALUE>[0.11899015307426453, 0.1235627830028534, 0.13544899225234985, 0.17397437989711761, 0.15411052107810974, 0.12527073919773102]</MAX_VALUE>
		<MIN_VALUE>[0.09644806385040283, 0.0918445736169815, 0.09285441040992737, 0.12072671949863434, 0.10482984781265259, 0.07911544293165207]</MIN_VALUE>
		<SIGNATURE_THRESHOLD_MD>0</SIGNATURE_THRESHOLD_MD>
		<SIGNATURE_THRESHOLD_ML>0</SIGNATURE_THRESHOLD_ML>
		<SIGNATURE_THRESHOLD_SAM>0</SIGNATURE_THRESHOLD_SAM>
	</signature>
	<signature ID="20220111_165939636390_376">
		<MACROCLASSID>2</MACROCLASSID>
		<MACROCLASSINFO>vegetation</MACROCLASSINFO>
		<CLASSID>11</CLASSID>
		<CLASSINFO>C 1</CLASSINFO>
		<VALUES>[0.11466388584989493, 0.0028989261744659517, 0.12169871388962779, 0.004165729171109482, 0.13087760604391202, 0.005587280304490798, 0.26087159971998214, 0.013047835752764645, 0.23542249940260493, 0.012247602594060596, 0.15846523130782927, 0.009040246249755156]</VALUES>
		<LCS_MIN>[0.10838211327791214, 0.1091454029083252, 0.11415170133113861, 0.2405339479446411, 0.2076764553785324, 0.1375788003206253]</LCS_MIN>
		<LCS_MAX>[0.1229681521654129, 0.13221317529678345, 0.14609763026237488, 0.2871256470680237, 0.2612423598766327, 0.1806570589542389]</LCS_MAX>
		<WAVELENGTH>[0.485, 0.56, 0.66, 0.83, 1.65, 2.215]</WAVELENGTH>
		<MEAN_VALUE>[0.11466388584989493, 0.12169871388962779, 0.13087760604391202, 0.26087159971998214, 0.23542249940260493, 0.15846523130782927]</MEAN_VALUE>
		<CHECKBOX>2</CHECKBOX>
		<SD>[0.0028989261744659517, 0.004165729171109482, 0.005587280304490798, 0.013047835752764645, 0.012247602594060596, 0.009040246249755156]</SD>
		<WAVELENGTH_UNIT>E-6m</WAVELENGTH_UNIT>
		<COLOR>#5e5a36</COLOR>
		<COVARIANCE_MATRIX>[[8.489525750360995e-06, 8.785936228359908e-06, 1.2728089189255984e-05, 6.659409720531474e-06, 1.2950035992455415e-05, 1.596606038080372e-05], [8.785936228359908e-06, 1.7530374012002236e-05, 1.6770389637350667e-05, 2.5665858162157637e-05, 2.5517847168925485e-05, 2.2672334820359733e-05], [1.2728089189255984e-05, 1.6770389637350667e-05, 3.153624917238919e-05, 1.1832937036210075e-05, 3.0756108112685106e-05, 3.852853248885441e-05], [6.659409720531474e-06, 2.5665858162157637e-05, 1.1832937036210075e-05, 0.00017198322209470697, 0.00010845535903638694, 2.8143282787488275e-05], [1.2950035992455415e-05, 2.5517847168925485e-05, 3.0756108112685106e-05, 0.00010845535903638694, 0.00015153442000920335, 7.756381340055221e-05], [1.596606038080372e-05, 2.2672334820359733e-05, 3.852853248885441e-05, 2.8143282787488275e-05, 7.756381340055221e-05, 8.255999156494893e-05]]</COVARIANCE_MATRIX>
		<ROI_SIZE>99</ROI_SIZE>
		<MAX_VALUE>[0.1229681521654129, 0.13221317529678345, 0.14609763026237488, 0.2871256470680237, 0.2612423598766327, 0.1806570589542389]</MAX_VALUE>
		<MIN_VALUE>[0.10838211327791214, 0.1091454029083252, 0.11415170133113861, 0.2405339479446411, 0.2076764553785324, 0.1375788003206253]</MIN_VALUE>
		<SIGNATURE_THRESHOLD_MD>0</SIGNATURE_THRESHOLD_MD>
		<SIGNATURE_THRESHOLD_ML>0</SIGNATURE_THRESHOLD_ML>
		<SIGNATURE_THRESHOLD_SAM>0</SIGNATURE_THRESHOLD_SAM>
	</signature>
	<signature ID="20220111_165951056165_873">
		<MACROCLASSID>2</MACROCLASSID>
		<MACROCLASSINFO>vegetation</MACROCLASSINFO>
		<CLASSID>12</CLASSID>
		<CLASSINFO>C 1</CLASSINFO>
		<VALUES>[0.1159274806455658, 0.004045585311111229, 0.12518174677699767, 0.006020658366569039, 0.1471643878353968, 0.008162421492408572, 0.19885160280809894, 0.008950243131255057, 0.19907802554732507, 0.012957331700534976, 0.1637480110986858, 0.010670377153544396]</VALUES>
		<LCS_MIN>[0.1057300940155983, 0.1091454029083252, 0.1327868402004242, 0.17730236053466797, 0.1798221617937088, 0.14680986106395721]</LCS_MIN>
		<LCS_MAX>[0.1282721906900406, 0.14086361229419708, 0.17005708813667297, 0.22056607902050018, 0.23981596529483795, 0.20219619572162628]</LCS_MAX>
		<WAVELENGTH>[0.485, 0.56, 0.66, 0.83, 1.65, 2.215]</WAVELENGTH>
		<MEAN_VALUE>[0.1159274806455658, 0.12518174677699767, 0.1471643878353968, 0.19885160280809894, 0.19907802554732507, 0.1637480110986858]</MEAN_VALUE>
		<CHECKBOX>2</CHECKBOX>
		<SD>[0.004045585311111229, 0.006020658366569039, 0.008162421492408572, 0.008950243131255057, 0.012957331700534976, 0.010670377153544396]</SD>
		<WAVELENGTH_UNIT>E-6m</WAVELENGTH_UNIT>
		<COLOR>#6bf802</COLOR>
		<COVARIANCE_MATRIX>[[1.6365778516925168e-05, 1.9465566124237926e-05, 2.3841786889009187e-05, 1.2201251181063918e-05, 4.713268165112516e-06, 1.1505772451376669e-05], [1.9465566124237926e-05, 3.4125103437974185e-05, 4.2206748725049376e-05, 1.889899382420286e-05, 1.1584094050375723e-05, 2.5953237231557414e-05], [2.3841786889009187e-05, 4.2206748725049376e-05, 6.451644454646315e-05, 2.5254893892022525e-05, 2.1993245736231037e-05, 4.274980689430902e-05], [1.2201251181063918e-05, 1.889899382420286e-05, 2.5254893892022525e-05, 8.810383321161692e-05, 7.600919900472665e-05, 3.3854320328199145e-05], [4.713268165112516e-06, 1.1584094050375723e-05, 2.1993245736231037e-05, 7.600919900472665e-05, 0.000153539393231375, 0.00010017042026003176], [1.1505772451376669e-05, 2.5953237231557414e-05, 4.274980689430902e-05, 3.3854320328199145e-05, 0.00010017042026003176, 0.00011322066826685688]]</COVARIANCE_MATRIX>
		<ROI_SIZE>1796</ROI_SIZE>
		<MAX_VALUE>[0.1282721906900406, 0.14086361229419708, 0.17005708813667297, 0.22056607902050018, 0.23981596529483795, 0.20219619572162628]</MAX_VALUE>
		<MIN_VALUE>[0.1057300940155983, 0.1091454029083252, 0.1327868402004242, 0.17730236053466797, 0.1798221617937088, 0.14680986106395721]</MIN_VALUE>
		<SIGNATURE_THRESHOLD_MD>0</SIGNATURE_THRESHOLD_MD>
		<SIGNATURE_THRESHOLD_ML>0</SIGNATURE_THRESHOLD_ML>
		<SIGNATURE_THRESHOLD_SAM>0</SIGNATURE_THRESHOLD_SAM>
	</signature>
	<signature ID="20220111_165958683822_338">
		<MACROCLASSID>2</MACROCLASSID>
		<MACROCLASSINFO>vegetation</MACROCLASSINFO>
		<CLASSID>13</CLASSID>
		<CLASSINFO>C 1</CLASSINFO>
		<VALUES>[0.10277350878838162, 0.0038297342378613834, 0.10126156089319795, 0.005587306304348181, 0.10900060964273799, 0.007115627270391093, 0.12523374462850362, 0.008800566819318383, 0.11171776026868595, 0.00892276963554076, 0.09604076159345169, 0.008403766049257055]</VALUES>
		<LCS_MIN>[0.09379607439041138, 0.08607763051986694, 0.09019223600625992, 0.09743086993694305, 0.08340349048376083, 0.07296141237020493]</LCS_MIN>
		<LCS_MAX>[0.11633813381195068, 0.12067929655313492, 0.12480033934116364, 0.14069460332393646, 0.12625624239444733, 0.11296264827251434]</LCS_MAX>
		<WAVELENGTH>[0.485, 0.56, 0.66, 0.83, 1.65, 2.215]</WAVELENGTH>
		<MEAN_VALUE>[0.10277350878838162, 0.10126156089319795, 0.10900060964273799, 0.12523374462850362, 0.11171776026868595, 0.09604076159345169]</MEAN_VALUE>
		<CHECKBOX>2</CHECKBOX>
		<SD>[0.0038297342378613834, 0.005587306304348181, 0.007115627270391093, 0.008800566819318383, 0.00892276963554076, 0.008403766049257055]</SD>
		<WAVELENGTH_UNIT>E-6m</WAVELENGTH_UNIT>
		<COLOR>#6817d4</COLOR>
		<COVARIANCE_MATRIX>[[1.4196281970404703e-05, 1.6805854400558105e-05, 1.9679175533413433e-05, 2.1396794753051896e-05, 1.3425528940701859e-05, 1.1123564815510114e-05], [1.6805854400558105e-05, 2.8143421204044555e-05, 3.2002705361964505e-05, 3.628560954033203e-05, 2.394881958373112e-05, 2.0266542856308268e-05], [1.9679175533413433e-05, 3.2002705361964505e-05, 4.7249243043299334e-05, 5.1064635875362365e-05, 3.481555468119959e-05, 3.002635529953438e-05], [2.1396794753051896e-05, 3.628560954033203e-05, 5.1064635875362365e-05, 7.201824507118101e-05, 5.521279716303806e-05, 4.701785346232433e-05], [1.3425528940701859e-05, 2.394881958373112e-05, 3.481555468119959e-05, 5.521279716303806e-05, 7.998945750330024e-05, 6.597129587112293e-05], [1.1123564815510114e-05, 2.0266542856308268e-05, 3.002635529953438e-05, 4.701785346232433e-05, 6.597129587112293e-05, 6.917813505923301e-05]]</COVARIANCE_MATRIX>
		<ROI_SIZE>3034</ROI_SIZE>
		<MAX_VALUE>[0.11633813381195068, 0.12067929655313492, 0.12480033934116364, 0.14069460332393646, 0.12625624239444733, 0.11296264827251434]</MAX_VALUE>
		<MIN_VALUE>[0.09379607439041138, 0.08607763051986694, 0.09019223600625992, 0.09743086993694305, 0.08340349048376083, 0.07296141237020493]</MIN_VALUE>
		<SIGNATURE_THRESHOLD_MD>0</SIGNATURE_THRESHOLD_MD>
		<SIGNATURE_THRESHOLD_ML>0</SIGNATURE_THRESHOLD_ML>
		<SIGNATURE_THRESHOLD_SAM>0</SIGNATURE_THRESHOLD_SAM>
	</signature>
	<signature ID="20220111_170024576062_379">
		<MACROCLASSID>2</MACROCLASSID>
		<MACROCLASSINFO>vegetation</MACROCLASSINFO>
		<CLASSID>14</CLASSID>
		<CLASSINFO>C 1</CLASSINFO>
		<VALUES>[0.10325525776988545, 0.0041315281222533565, 0.10340626280210895, 0.006974052652314059, 0.11116685113836258, 0.010693168927082214, 0.1480518991522716, 0.012371498423346053, 0.12547709051899344, 0.0129049170593109, 0.10156157778026974, 0.012833494326076264]</VALUES>
		<LCS_MIN>[0.09379607439041138, 0.08607763051986694, 0.08753007650375366, 0.11407075822353363, 0.09197404980659485, 0.06988438963890076]</LCS_MIN>
		<LCS_MAX>[0.11633813381195068, 0.1235627830028534, 0.1381111592054367, 0.17397437989711761, 0.14982524514198303, 0.12219370901584625]</LCS_MAX>
		<WAVELENGTH>[0.485, 0.56, 0.66, 0.83, 1.65, 2.215]</WAVELENGTH>
		<MEAN_VALUE>[0.10325525776988545, 0.10340626280210895, 0.11116685113836258, 0.1480518991522716, 0.12547709051899344, 0.10156157778026974]</MEAN_VALUE>
		<CHECKBOX>2</CHECKBOX>
		<SD>[0.0041315281222533565, 0.006974052652314059, 0.010693168927082214, 0.012371498423346053, 0.0129049170593109, 0.012833494326076264]</SD>
		<WAVELENGTH_UNIT>E-6m</WAVELENGTH_UNIT>
		<COLOR>#9dea40</COLOR>
		<COVARIANCE_MATRIX>[[1.7093068796866848e-05, 2.543582295724646e-05, 3.77288367657397e-05, 3.5525820799733156e-05, 4.070194207525387e-05, 4.1709758268705444e-05], [2.543582295724646e-05, 4.870449648055537e-05, 7.040833519204026e-05, 5.9661813799483575e-05, 6.960992122701973e-05, 7.811392763617454e-05], [3.77288367657397e-05, 7.040833519204026e-05, 0.00011450157737443148, 8.350704563538796e-05, 0.00010342814774524728, 0.00012521096931446954], [3.5525820799733156e-05, 5.9661813799483575e-05, 8.350704563538796e-05, 0.00015326508216745874, 0.00013626560044538316, 0.00010403955644661894], [4.070194207525387e-05, 6.960992122701973e-05, 0.00010342814774524728, 0.00013626560044538316, 0.00016676659035501438, 0.0001381589712146654], [4.1709758268705444e-05, 7.811392763617454e-05, 0.00012521096931446954, 0.00010403955644661894, 0.0001381589712146654, 0.00016492574706793796]]</COVARIANCE_MATRIX>
		<ROI_SIZE>726</ROI_SIZE>
		<MAX_VALUE>[0.11633813381195068, 0.1235627830028534, 0.1381111592054367, 0.17397437989711761, 0.14982524514198303, 0.12219370901584625]</MAX_VALUE>
		<MIN_VALUE>[0.09379607439041138, 0.08607763051986694, 0.08753007650375366, 0.11407075822353363, 0.09197404980659485, 0.06988438963890076]</MIN_VALUE>
		<SIGNATURE_THRESHOLD_MD>0</SIGNATURE_THRESHOLD_MD>
		<SIGNATURE_THRESHOLD_ML>0</SIGNATURE_THRESHOLD_ML>
		<SIGNATURE_THRESHOLD_SAM>0</SIGNATURE_THRESHOLD_SAM>
	</signature>
	<signature ID="20220111_170839586137_305">
		<MACROCLASSID>2</MACROCLASSID>
		<MACROCLASSINFO>vegetation</MACROCLASSINFO>
		<CLASSID>15</CLASSID>
		<CLASSINFO>C 1</CLASSINFO>
		<VALUES>[0.12269249187927107, 0.0035105596422635196, 0.12663921459993904, 0.005261533325543819, 0.1422337304037294, 0.007934304143004127, 0.16374632030305852, 0.008994070991894938, 0.15728852780418892, 0.013275132369211256, 0.1304577482955238, 0.010213279444543878]</VALUES>
		<LCS_MIN>[0.11236012727022171, 0.1091454029083252, 0.11681386828422546, 0.13736660778522491, 0.13054150342941284, 0.10988564044237137]</LCS_MIN>
		<LCS_MAX>[0.13622820377349854, 0.14663055539131165, 0.16739493608474731, 0.190614253282547, 0.19053532183170319, 0.16527196764945984]</LCS_MAX>
		<WAVELENGTH>[0.485, 0.56, 0.66, 0.83, 1.65, 2.215]</WAVELENGTH>
		<MEAN_VALUE>[0.12269249187927107, 0.12663921459993904, 0.1422337304037294, 0.16374632030305852, 0.15728852780418892, 0.1304577482955238]</MEAN_VALUE>
		<CHECKBOX>2</CHECKBOX>
		<SD>[0.0035105596422635196, 0.005261533325543819, 0.007934304143004127, 0.008994070991894938, 0.013275132369211256, 0.010213279444543878]</SD>
		<WAVELENGTH_UNIT>E-6m</WAVELENGTH_UNIT>
		<COLOR>#fd055c</COLOR>
		<COVARIANCE_MATRIX>[[1.2367959992647196e-05, 1.5382399833848843e-05, 2.169264084085345e-05, 2.1518836409763674e-05, 2.4581145515803512e-05, 2.1007047089022877e-05], [1.5382399833848843e-05, 2.9306429246940825e-05, 4.024256291070605e-05, 3.770247808707769e-05, 3.268530067204186e-05, 2.967109404857754e-05], [2.169264084085345e-05, 4.024256291070605e-05, 6.737755152886617e-05, 5.656549604930894e-05, 4.3099971705922637e-05, 4.127965650132323e-05], [2.1518836409763674e-05, 3.770247808707769e-05, 5.656549604930894e-05, 8.130878089273471e-05, 8.223299050727481e-05, 6.562803678651867e-05], [2.4581145515803512e-05, 3.268530067204186e-05, 4.3099971705922637e-05, 8.223299050727481e-05, 0.00016530024796755597, 0.0001194370569342587], [2.1007047089022877e-05, 2.967109404857754e-05, 4.127965650132323e-05, 6.562803678651867e-05, 0.0001194370569342587, 0.00010150832722287257]]</COVARIANCE_MATRIX>
		<ROI_SIZE>34189</ROI_SIZE>
		<MAX_VALUE>[0.13622820377349854, 0.14663055539131165, 0.16739493608474731, 0.190614253282547, 0.19053532183170319, 0.16527196764945984]</MAX_VALUE>
		<MIN_VALUE>[0.11236012727022171, 0.1091454029083252, 0.11681386828422546, 0.13736660778522491, 0.13054150342941284, 0.10988564044237137]</MIN_VALUE>
		<SIGNATURE_THRESHOLD_MD>0</SIGNATURE_THRESHOLD_MD>
		<SIGNATURE_THRESHOLD_ML>0</SIGNATURE_THRESHOLD_ML>
		<SIGNATURE_THRESHOLD_SAM>0</SIGNATURE_THRESHOLD_SAM>
	</signature>
	<signature ID="20220111_170906950753_527">
		<MACROCLASSID>2</MACROCLASSID>
		<MACROCLASSINFO>vegetation</MACROCLASSINFO>
		<CLASSID>16</CLASSID>
		<CLASSINFO>C 1</CLASSINFO>
		<VALUES>[0.10924020575607364, 0.003673299080810216, 0.10920173764883825, 0.0056591649325584545, 0.10825691303017658, 0.00790584206400127, 0.1623833385888618, 0.011833230309621958, 0.13521266412058142, 0.015256719201580364, 0.10830016206308582, 0.013700039255204612]</VALUES>
		<LCS_MIN>[0.09910008311271667, 0.09472804516553879, 0.09019223600625992, 0.12738268077373505, 0.10268722474575043, 0.08219246566295624]</LCS_MIN>
		<LCS_MAX>[0.12164214998483658, 0.12644624710083008, 0.1327868402004242, 0.18728627264499664, 0.16268105804920197, 0.1375788003206253]</LCS_MAX>
