<?xml version="1.0" ?>
<signaturelist MCID_LIST="[['1', 'waterbody', '#000000'], ['2', 'vegetation', '#000000'], ['4', 'build-up', '#000000'], ['3', 'bareland', '#000000']]">
	<signature ID="20210205_170303312223_584">
		<MACROCLASSID>1</MACROCLASSID>
		<MACROCLASSINFO>waterbody</MACROCLASSINFO>
		<CLASSID>1</CLASSID>
		<CLASSINFO>C 1</CLASSINFO>
		<VALUES>[0.08957537409387353, 0.0018387846117891575, 0.09174029905837415, 0.0030396866839437634, 0.0641124073128695, 0.004658255847452478, 0.021003475069884786, 0.0033750922078112687, 0.005450426121804976, 0.002544569488698409, 0.003235088243953655, 0.001861249581965001]</VALUES>
		<LCS_MIN>[0.08467107266187668, 0.08456023782491684, 0.05477575585246086, 0.016790132969617844, 0.003684963332489133, 0.0021056844852864742]</LCS_MIN>
		<LCS_MAX>[0.09869056940078735, 0.1033729687333107, 0.0891595259308815, 0.06710515171289444, 0.04862489923834801, 0.03222265839576721]</LCS_MAX>
		<WAVELENGTH>[0.48, 0.56, 0.655, 0.865, 1.61, 2.2]</WAVELENGTH>
		<MEAN_VALUE>[0.08957537409387353, 0.09174029905837415, 0.0641124073128695, 0.021003475069884786, 0.005450426121804976, 0.003235088243953655]</MEAN_VALUE>
		<CHECKBOX>2</CHECKBOX>
		<SD>[0.0018387846117891575, 0.0030396866839437634, 0.004658255847452478, 0.0033750922078112687, 0.002544569488698409, 0.001861249581965001]</SD>
		<WAVELENGTH_UNIT>E-6m</WAVELENGTH_UNIT>
		<COLOR>#b161e3</COLOR>
		<COVARIANCE_MATRIX>[[3.0107817259354608e-06, 4.915994739735691e-06, 6.776633436700358e-06, 3.237299676902947e-06, 1.2111135443987598e-06, 8.365249295629615e-07], [4.915994739735691e-06, 9.237565029627795e-06, 1.3214135215616138e-05, 5.299534696218886e-06, 1.703353848500157e-06, 1.2466873450754014e-06], [6.776633436700358e-06, 1.3214135215616138e-05, 2.195328778135935e-05, 1.16320762442621e-05, 5.422674737873379e-06, 3.910887620068715e-06], [3.237299676902947e-06, 5.299534696218886e-06, 1.16320762442621e-05, 1.3895915682984132e-05, 9.416842869800636e-06, 6.524936751755649e-06], [1.2111135443987598e-06, 1.703353848500157e-06, 5.422674737873379e-06, 9.416842869800636e-06, 7.701150419408853e-06, 5.322990175376949e-06], [8.365249295629615e-07, 1.2466873450754014e-06, 3.910887620068715e-06, 6.524936751755649e-06, 5.322990175376949e-06, 3.8034006923611793e-06]]</COVARIANCE_MATRIX>
		<ROI_SIZE>7390</ROI_SIZE>
		<MAX_VALUE>[0.09869056940078735, 0.1033729687333107, 0.0891595259308815, 0.06710515171289444, 0.04862489923834801, 0.03222265839576721]</MAX_VALUE>
		<MIN_VALUE>[0.08467107266187668, 0.08456023782491684, 0.05477575585246086, 0.016790132969617844, 0.003684963332489133, 0.0021056844852864742]</MIN_VALUE>
		<SIGNATURE_THRESHOLD_MD>0</SIGNATURE_THRESHOLD_MD>
		<SIGNATURE_THRESHOLD_ML>0</SIGNATURE_THRESHOLD_ML>
		<SIGNATURE_THRESHOLD_SAM>0</SIGNATURE_THRESHOLD_SAM>
	</signature>
	<signature ID="20210205_170311010738_137">
		<MACROCLASSID>1</MACROCLASSID>
		<MACROCLASSINFO>waterbody</MACROCLASSINFO>
		<CLASSID>2</CLASSID>
		<CLASSINFO>C 1</CLASSINFO>
		<VALUES>[0.08703303788790473, 0.0011555233770666558, 0.08255757155729032, 0.0026575067166335086, 0.05072885222635727, 0.0017260042636683766, 0.01944300799133404, 0.0035428179418208303, 0.006263971979500228, 0.0031632584934035133, 0.00398048804275918, 0.0023235083869193388]</VALUES>
		<LCS_MIN>[0.08084756135940552, 0.06524881720542908, 0.04139350727200508, 0.01437966525554657, 0.004349914379417896, 0.0026044079568237066]</LCS_MIN>
		<LCS_MAX>[0.09766541421413422, 0.09220723062753677, 0.0697372555732727, 0.06616311520338058, 0.05416621267795563, 0.04142121225595474]</LCS_MAX>
		<WAVELENGTH>[0.48, 0.56, 0.655, 0.865, 1.61, 2.2]</WAVELENGTH>
		<MEAN_VALUE>[0.08703303788790473, 0.08255757155729032, 0.05072885222635727, 0.01944300799133404, 0.006263971979500228, 0.00398048804275918]</MEAN_VALUE>
		<CHECKBOX>2</CHECKBOX>
		<SD>[0.0011555233770666558, 0.0026575067166335086, 0.0017260042636683766, 0.0035428179418208303, 0.0031632584934035133, 0.0023235083869193388]</SD>
		<WAVELENGTH_UNIT>E-6m</WAVELENGTH_UNIT>
		<COLOR>#306f16</COLOR>
		<COVARIANCE_MATRIX>[[1.2317028193962653e-06, 2.491860675447924e-06, 1.6490078357579748e-06, -2.3648690779653914e-07, -5.271645645867617e-07, -3.343146240869579e-07], [2.491860675447924e-06, 6.2850449887063815e-06, 3.380856480006979e-06, -2.658257461662439e-06, -3.076000332471684e-06, -2.1719539124911205e-06], [1.6490078357579748e-06, 3.380856480006979e-06, 2.669443793788737e-06, 7.881290518209193e-07, 3.5940216309475987e-07, 3.416008958100563e-07], [-2.3648690779653914e-07, -2.658257461662439e-06, 7.881290518209193e-07, 1.1059813194607301e-05, 9.694136929382567e-06, 6.973857917956585e-06], [-5.271645645867617e-07, -3.076000332471684e-06, 3.5940216309475987e-07, 9.694136929382567e-06, 9.445783132488727e-06, 6.895507112277135e-06], [-3.343146240869579e-07, -2.1719539124911205e-06, 3.416008958100563e-07, 6.973857917956585e-06, 6.895507112277135e-06, 5.201470668984244e-06]]</COVARIANCE_MATRIX>
		<ROI_SIZE>8193</ROI_SIZE>
		<MAX_VALUE>[0.09766541421413422, 0.09220723062753677, 0.0697372555732727, 0.06616311520338058, 0.05416621267795563, 0.04142121225595474]</MAX_VALUE>
		<MIN_VALUE>[0.08084756135940552, 0.06524881720542908, 0.04139350727200508, 0.01437966525554657, 0.004349914379417896, 0.0026044079568237066]</MIN_VALUE>
		<SIGNATURE_THRESHOLD_MD>0</SIGNATURE_THRESHOLD_MD>
		<SIGNATURE_THRESHOLD_ML>0</SIGNATURE_THRESHOLD_ML>
		<SIGNATURE_THRESHOLD_SAM>0</SIGNATURE_THRESHOLD_SAM>
	</signature>
	<signature ID="20210205_170315549170_425">
		<MACROCLASSID>1</MACROCLASSID>
		<MACROCLASSINFO>waterbody</MACROCLASSINFO>
		<CLASSID>3</CLASSID>
		<CLASSINFO>C 1</CLASSINFO>
		<VALUES>[0.08622886055001096, 0.002281847340805142, 0.08456028754558419, 0.0060520040615088914, 0.05467409781645855, 0.008808860308730166, 0.01934394141999084, 0.006112205959778435, 0.005718245302079738, 0.00488207866689277, 0.0035901031646050335, 0.0034767609306812814]</VALUES>
		<LCS_MIN>[0.07295121997594833, 0.045826543122529984, 0.029756776988506317, 0.01587582565844059, 0.003574131289497018, 0.00199486268684268]</LCS_MIN>
		<LCS_MAX>[0.09536577016115189, 0.1029573604464531, 0.09431293606758118, 0.06752073764801025, 0.05441555753350258, 0.038567446172237396]</LCS_MAX>
		<WAVELENGTH>[0.48, 0.56, 0.655, 0.865, 1.61, 2.2]</WAVELENGTH>
		<MEAN_VALUE>[0.08622886055001096, 0.08456028754558419, 0.05467409781645855, 0.01934394141999084, 0.005718245302079738, 0.0035901031646050335]</MEAN_VALUE>
		<CHECKBOX>2</CHECKBOX>
		<SD>[0.002281847340805142, 0.0060520040615088914, 0.008808860308730166, 0.006112205959778435, 0.00488207866689277, 0.0034767609306812814]</SD>
		<WAVELENGTH_UNIT>E-6m</WAVELENGTH_UNIT>
		<COLOR>#ad4f82</COLOR>
		<COVARIANCE_MATRIX>[[5.160769363894875e-06, 1.2002801587269786e-05, 1.956171304027485e-05, 6.357253546634258e-06, 1.2618619322167302e-06, 9.408704355290588e-07], [1.2002801587269786e-05, 3.083615058714981e-05, 4.543409720085032e-05, 9.590446273007584e-06, -1.4472141996682171e-06, -9.071503163896109e-07], [1.956171304027485e-05, 4.543409720085032e-05, 8.457827253815726e-05, 3.2749552314051225e-05, 9.865607694943187e-06, 7.145514027648198e-06], [6.357253546634258e-06, 9.590446273007584e-06, 3.2749552314051225e-05, 3.227402568690342e-05, 2.0879720524825654e-05, 1.4720654570383493e-05], [1.2618619322167302e-06, -1.4472141996682171e-06, 9.865607694943187e-06, 2.0879720524825654e-05, 1.75254732596125e-05, 1.2239880118240004e-05], [9.408704355290588e-07, -9.071503163896109e-07, 7.145514027648198e-06, 1.4720654570383493e-05, 1.2239880118240004e-05, 8.792433689343923e-06]]</COVARIANCE_MATRIX>
		<ROI_SIZE>6830</ROI_SIZE>
		<MAX_VALUE>[0.09536577016115189, 0.1029573604464531, 0.09431293606758118, 0.06752073764801025, 0.05441555753350258, 0.038567446172237396]</MAX_VALUE>
		<MIN_VALUE>[0.07295121997594833, 0.045826543122529984, 0.029756776988506317, 0.01587582565844059, 0.003574131289497018, 0.00199486268684268]</MIN_VALUE>
		<SIGNATURE_THRESHOLD_MD>0</SIGNATURE_THRESHOLD_MD>
		<SIGNATURE_THRESHOLD_ML>0</SIGNATURE_THRESHOLD_ML>
		<SIGNATURE_THRESHOLD_SAM>0</SIGNATURE_THRESHOLD_SAM>
	</signature>
	<signature ID="20210205_170330349208_381">
		<MACROCLASSID>1</MACROCLASSID>
		<MACROCLASSINFO>waterbody</MACROCLASSINFO>
		<CLASSID>4</CLASSID>
		<CLASSINFO>C 1</CLASSINFO>
		<VALUES>[0.07737060511224966, 0.0011705737038601365, 0.0537523836516861, 0.0013629919391479931, 0.03400578006875969, 0.0013764841791436273, 0.018078214463970836, 0.0026907934023845167, 0.006734677870321933, 0.002271882729784846, 0.004379188374535865, 0.0016808893120633165]</VALUES>
		<LCS_MIN>[0.07461361587047577, 0.05111848562955856, 0.031419165432453156, 0.015626458451151848, 0.004294498357921839, 0.002798348432406783]</LCS_MIN>
		<LCS_MAX>[0.08306409418582916, 0.06846275925636292, 0.05316876620054245, 0.0667172521352768, 0.048486366868019104, 0.03665570169687271]</LCS_MAX>
		<WAVELENGTH>[0.48, 0.56, 0.655, 0.865, 1.61, 2.2]</WAVELENGTH>
		<MEAN_VALUE>[0.07737060511224966, 0.0537523836516861, 0.03400578006875969, 0.018078214463970836, 0.006734677870321933, 0.004379188374535865]</MEAN_VALUE>
		<CHECKBOX>2</CHECKBOX>
		<SD>[0.0011705737038601365, 0.0013629919391479931, 0.0013764841791436273, 0.0026907934023845167, 0.002271882729784846, 0.0016808893120633165]</SD>
		<WAVELENGTH_UNIT>E-6m</WAVELENGTH_UNIT>
		<COLOR>#b1fa7c</COLOR>
		<COVARIANCE_MATRIX>[[1.4235037358684967e-06, 1.4772745555423534e-06, 1.392512433345176e-06, 1.29061168109928e-06, 9.362505862238964e-07, 7.266091197265974e-07], [1.4772745555423534e-06, 2.0394059207612495e-06, 1.933442011621464e-06, 2.4504619768475566e-06, 1.9833288287914164e-06, 1.51031418042327e-06], [1.392512433345176e-06, 1.933442011621464e-06, 2.0587935071214335e-06, 2.9774436542594113e-06, 2.478325180158836e-06, 1.8374833952278845e-06], [1.29061168109928e-06, 2.4504619768475566e-06, 2.9774436542594113e-06, 7.49411380963697e-06, 5.993334503881456e-06, 4.199109840060286e-06], [9.362505862238964e-07, 1.9833288287914164e-06, 2.478325180158836e-06, 5.993334503881456e-06, 5.363999920561222e-06, 3.7901989486152756e-06], [7.266091197265974e-07, 1.51031418042327e-06, 1.8374833952278845e-06, 4.199109840060286e-06, 3.7901989486152756e-06, 2.804873982875843e-06]]</COVARIANCE_MATRIX>
		<ROI_SIZE>8899</ROI_SIZE>
		<MAX_VALUE>[0.08306409418582916, 0.06846275925636292, 0.05316876620054245, 0.0667172521352768, 0.048486366868019104, 0.03665570169687271]</MAX_VALUE>
		<MIN_VALUE>[0.07461361587047577, 0.05111848562955856, 0.031419165432453156, 0.015626458451151848, 0.004294498357921839, 0.002798348432406783]</MIN_VALUE>
		<SIGNATURE_THRESHOLD_MD>0</SIGNATURE_THRESHOLD_MD>
		<SIGNATURE_THRESHOLD_ML>0</SIGNATURE_THRESHOLD_ML>
		<SIGNATURE_THRESHOLD_SAM>0</SIGNATURE_THRESHOLD_SAM>
	</signature>
	<signature ID="20210205_170342338140_109">
		<MACROCLASSID>1</MACROCLASSID>
		<MACROCLASSINFO>waterbody</MACROCLASSINFO>
		<CLASSID>5</CLASSID>
		<CLASSINFO>C 1</CLASSINFO>
		<VALUES>[0.08864857933954147, 0.0010031393321434446, 0.08473877437449155, 0.002335323762776204, 0.05081534114585254, 0.0017343276211801363, 0.03322463526400988, 0.008115739329111797, 0.007866625494282667, 0.00251081787338851, 0.004248513457436851, 0.0016817801235632077]</VALUES>
		<LCS_MIN>[0.08331344276666641, 0.06668955087661743, 0.04147663712501526, 0.021777303889393806, 0.004820924252271652, 0.0025766948238015175]</LCS_MIN>
		<LCS_MAX>[0.09442374855279922, 0.0950055941939354, 0.06599687784910202, 0.07680243253707886, 0.04970545694231987, 0.03812414035201073]</LCS_MAX>
		<WAVELENGTH>[0.48, 0.56, 0.655, 0.865, 1.61, 2.2]</WAVELENGTH>
		<MEAN_VALUE>[0.08864857933954147, 0.08473877437449155, 0.05081534114585254, 0.03322463526400988, 0.007866625494282667, 0.004248513457436851]</MEAN_VALUE>
		<CHECKBOX>2</CHECKBOX>
		<SD>[0.0010031393321434446, 0.002335323762776204, 0.0017343276211801363, 0.008115739329111797, 0.00251081787338851, 0.0016817801235632077]</SD>
		<WAVELENGTH_UNIT>E-6m</WAVELENGTH_UNIT>
		<COLOR>#e1d9a5</COLOR>
		<COVARIANCE_MATRIX>[[9.91981353355285e-07, 1.7357278063778337e-06, 1.2990748263447707e-06, 1.277132459435461e-06, 4.0804799529555085e-07, 3.3129965324791873e-07], [1.7357278063778337e-06, 4.812062037483372e-06, 2.9140320746343155e-06, 5.6738681160290456e-06, 2.781504660447073e-07, 1.4686199335228787e-07], [1.2990748263447707e-06, 2.9140320746343155e-06, 2.463434463511193e-06, 5.369248451210433e-06, 1.3889796041007076e-06, 9.804881441430924e-07], [1.277132459435461e-06, 5.6738681160290456e-06, 5.369248451210433e-06, 5.599713096585502e-05, 1.1788033895683565e-05, 6.019267704250661e-06], [4.0804799529555085e-07, 2.781504660447073e-07, 1.3889796041007076e-06, 1.1788033895683565e-05, 5.630745191061009e-06, 3.4237989820388937e-06], [3.3129965324791873e-07, 1.4686199335228787e-07, 9.804881441430924e-07, 6.019267704250661e-06, 3.4237989820388937e-06, 2.370547493322027e-06]]</COVARIANCE_MATRIX>
		<ROI_SIZE>8259</ROI_SIZE>
		<MAX_VALUE>[0.09442374855279922, 0.0950055941939354, 0.06599687784910202, 0.07680243253707886, 0.04970545694231987, 0.03812414035201073]</MAX_VALUE>
		<MIN_VALUE>[0.08331344276666641, 0.06668955087661743, 0.04147663712501526, 0.021777303889393806, 0.004820924252271652, 0.0025766948238015175]</MIN_VALUE>
		<SIGNATURE_THRESHOLD_MD>0</SIGNATURE_THRESHOLD_MD>
		<SIGNATURE_THRESHOLD_ML>0</SIGNATURE_THRESHOLD_ML>
		<SIGNATURE_THRESHOLD_SAM>0</SIGNATURE_THRESHOLD_SAM>
	</signature>
	<signature ID="20210205_170402342556_926">
		<MACROCLASSID>1</MACROCLASSID>
		<MACROCLASSINFO>waterbody</MACROCLASSINFO>
		<CLASSID>6</CLASSID>
		<CLASSINFO>C 1</CLASSINFO>
		<VALUES>[0.08912962329193994, 0.0015868333170773277, 0.07181876013963223, 0.00448435766771344, 0.03991434250551448, 0.005837105325841135, 0.023873977634773367, 0.006053717895881961, 0.009379315708296561, 0.004591994073793622, 0.006043182713877305, 0.0034281106214801207]</VALUES>
		<LCS_MIN>[0.082759328186512, 0.060261644423007965, 0.03380192816257477, 0.017399678006768227, 0.004765508230775595, 0.0025212890468537807]</LCS_MIN>
		<LCS_MAX>[0.1000758707523346, 0.09375879913568497, 0.08954741060733795, 0.0711502879858017, 0.05726934224367142, 0.04228012263774872]</LCS_MAX>
		<WAVELENGTH>[0.48, 0.56, 0.655, 0.865, 1.61, 2.2]</WAVELENGTH>
		<MEAN_VALUE>[0.08912962329193994, 0.07181876013963223, 0.03991434250551448, 0.023873977634773367, 0.009379315708296561, 0.006043182713877305]</MEAN_VALUE>
		<CHECKBOX>2</CHECKBOX>
		<SD>[0.0015868333170773277, 0.00448435766771344, 0.005837105325841135, 0.006053717895881961, 0.004591994073793622, 0.0034281106214801207]</SD>
		<WAVELENGTH_UNIT>E-6m</WAVELENGTH_UNIT>
		<COLOR>#e7d8f4</COLOR>
		<COVARIANCE_MATRIX>[[2.8255541518001136e-06, 7.548932908735423e-06, 5.057094736237758e-06, 1.0388592605471498e-06, 5.108361342216515e-07, 5.013681196477719e-07], [7.548932908735423e-06, 3.372948811613151e-05, 3.163304573087279e-05, 9.684589817797014e-06, 6.593482560045321e-06, 4.907628663128719e-06], [5.057094736237758e-06, 3.163304573087279e-05, 4.7212587318319915e-05, 2.3466080373070553e-05, 1.7924404765165097e-05, 1.2806421805664462e-05], [1.0388592605471498e-06, 9.684589817797014e-06, 2.3466080373070553e-05, 2.9326603401641217e-05, 2.1130697312857e-05, 1.4765658124852313e-05], [5.108361342216515e-07, 6.593482560045321e-06, 1.7924404765165097e-05, 2.1130697312857e-05, 1.7869750823812748e-05, 1.2780972447850748e-05], [5.013681196477719e-07, 4.907628663128719e-06, 1.2806421805664462e-05, 1.4765658124852313e-05, 1.2780972447850748e-05, 9.674275843352475e-06]]</COVARIANCE_MATRIX>
		<ROI_SIZE>5487</ROI_SIZE>
		<MAX_VALUE>[0.1000758707523346, 0.09375879913568497, 0.08954741060733795, 0.0711502879858017, 0.05726934224367142, 0.04228012263774872]</MAX_VALUE>
		<MIN_VALUE>[0.082759328186512, 0.060261644423007965, 0.03380192816257477, 0.017399678006768227, 0.004765508230775595, 0.0025212890468537807]</MIN_VALUE>
		<SIGNATURE_THRESHOLD_MD>0</SIGNATURE_THRESHOLD_MD>
		<SIGNATURE_THRESHOLD_ML>0</SIGNATURE_THRESHOLD_ML>
		<SIGNATURE_THRESHOLD_SAM>0</SIGNATURE_THRESHOLD_SAM>
	</signature>
	<signature ID="20210205_170425907695_658">
		<MACROCLASSID>1</MACROCLASSID>
		<MACROCLASSINFO>waterbody</MACROCLASSINFO>
		<CLASSID>7</CLASSID>
		<CLASSINFO>C 1</CLASSINFO>
		<VALUES>[0.09147630017342238, 0.004584164554021576, 0.07647084969716259, 0.00876484984290735, 0.05128042335254669, 0.005750604703335299, 0.041617973081145676, 0.014199811410798542, 0.0216449854145537, 0.010787991681213867, 0.012700002274663473, 0.006003405286724519]</VALUES>
		<LCS_MIN>[0.0778275579214096, 0.05164492502808571, 0.035436611622571945, 0.02643200196325779, 0.010473047383129597, 0.0065387277863919735]</LCS_MIN>
		<LCS_MAX>[0.09722211211919785, 0.0871923565864563, 0.06527651846408844, 0.08264849334955215, 0.06278293579816818, 0.04424727335572243]</LCS_MAX>
		<WAVELENGTH>[0.48, 0.56, 0.655, 0.865, 1.61, 2.2]</WAVELENGTH>
		<MEAN_VALUE>[0.09147630017342238, 0.07647084969716259, 0.05128042335254669, 0.041617973081145676, 0.0216449854145537, 0.012700002274663473]</MEAN_VALUE>
		<CHECKBOX>2</CHECKBOX>
		<SD>[0.004584164554021576, 0.00876484984290735, 0.005750604703335299, 0.014199811410798542, 0.010787991681213867, 0.006003405286724519]</SD>
		<WAVELENGTH_UNIT>E-6m</WAVELENGTH_UNIT>
		<COLOR>#902299</COLOR>
		<COVARIANCE_MATRIX>[[2.1049014764345086e-05, 3.943669324591872e-05, 2.4845679586210538e-05, -4.266988731518032e-05, -2.3700042839242624e-05, -6.354270437966746e-06], [3.943669324591872e-05, 7.694853144538304e-05, 4.853364921573742e-05, -8.255964963119773e-05, -4.7938984486450296e-05, -1.4881987992626393e-05], [2.4845679586210538e-05, 4.853364921573742e-05, 3.312366667443848e-05, -3.9937639193173984e-05, -1.9631370760899137e-05, -2.9356740391759504e-06], [-4.266988731518032e-05, -8.255964963119773e-05, -3.9937639193173984e-05, 0.00020196519269913355, 0.00014261621471443775, 6.825902128501378e-05], [-2.3700042839242624e-05, -4.7938984486450296e-05, -1.9631370760899137e-05, 0.00014261621471443775, 0.000116571552652487, 6.133726513433626e-05], [-6.354270437966746e-06, -1.4881987992626393e-05, -2.9356740391759504e-06, 6.825902128501378e-05, 6.133726513433626e-05, 3.609995843837138e-05]]</COVARIANCE_MATRIX>
		<ROI_SIZE>611</ROI_SIZE>
		<MAX_VALUE>[0.09722211211919785, 0.0871923565864563, 0.06527651846408844, 0.08264849334955215, 0.06278293579816818, 0.04424727335572243]</MAX_VALUE>
		<MIN_VALUE>[0.0778275579214096, 0.05164492502808571, 0.035436611622571945, 0.02643200196325779, 0.010473047383129597, 0.0065387277863919735]</MIN_VALUE>
		<SIGNATURE_THRESHOLD_MD>0</SIGNATURE_THRESHOLD_MD>
		<SIGNATURE_THRESHOLD_ML>0</SIGNATURE_THRESHOLD_ML>
		<SIGNATURE_THRESHOLD_SAM>0</SIGNATURE_THRESHOLD_SAM>
	</signature>
	<signature ID="20210205_170447376634_386">
		<MACROCLASSID>1</MACROCLASSID>
		<MACROCLASSINFO>waterbody</MACROCLASSINFO>
		<CLASSID>8</CLASSID>
		<CLASSINFO>C 1</CLASSINFO>
		<VALUES>[0.09850081487976269, 0.0023901848979085254, 0.09774939605388143, 0.0052058331412305325, 0.08189525707014678, 0.005499667763683065, 0.0422809773991848, 0.007954783033463187, 0.018032724005651878, 0.0058680090774139914, 0.010944636320245683, 0.0038376851470196508]</VALUES>
		<LCS_MIN>[0.08821750432252884, 0.0728403851389885, 0.05580088496208191, 0.021389413625001907, 0.004848627373576164, 0.0027152295224368572]</LCS_MIN>
		<LCS_MAX>[0.10586652904748917, 0.10719645023345947, 0.09193016588687897, 0.06588606536388397, 0.04114414006471634, 0.030283203348517418]</LCS_MAX>
		<WAVELENGTH>[0.48, 0.56, 0.655, 0.865, 1.61, 2.2]</WAVELENGTH>
		<MEAN_VALUE>[0.09850081487976269, 0.09774939605388143, 0.08189525707014678, 0.0422809773991848, 0.018032724005651878, 0.010944636320245683]</MEAN_VALUE>
		<CHECKBOX>2</CHECKBOX>
		<SD>[0.0023901848979085254, 0.0052058331412305325, 0.005499667763683065, 0.007954783033463187, 0.0058680090774139914, 0.0038376851470196508]</SD>
		<WAVELENGTH_UNIT>E-6m</WAVELENGTH_UNIT>
		<COLOR>#72f957</COLOR>
		<COVARIANCE_MATRIX>[[5.732751956384378e-06, 1.1659637220118332e-05, 1.2124300918065154e-05, -6.958482643658305e-06, -2.943554272845608e-06, 4.4325365431135033e-07], [1.1659637220118332e-05, 2.719447273825918e-05, 2.7002506808857593e-05, -1.8459861337335516e-05, -9.007491083360226e-06, -1.046409180564643e-06], [1.2124300918065154e-05, 2.7002506808857593e-05, 3.0351004145880533e-05, -1.4461663845559567e-05, -7.939160657991623e-06, -6.79857083328204e-07], [-6.958482643658305e-06, -1.8459861337335516e-05, -1.4461663845559567e-05, 6.34975301098526e-05, 4.164042587271415e-05, 2.2451504908516085e-05], [-2.943554272845608e-06, -9.007491083360226e-06, -7.939160657991623e-06, 4.164042587271415e-05, 3.455267769708571e-05, 2.0910196552908082e-05], [4.4325365431135033e-07, -1.046409180564643e-06, -6.79857083328204e-07, 2.2451504908516085e-05, 2.0910196552908082e-05, 1.4778788627750929e-05]]</COVARIANCE_MATRIX>
		<ROI_SIZE>290</ROI_SIZE>
		<MAX_VALUE>[0.10586652904748917, 0.10719645023345947, 0.09193016588687897, 0.06588606536388397, 0.04114414006471634, 0.030283203348517418]</MAX_VALUE>
		<MIN_VALUE>[0.08821750432252884, 0.0728403851389885, 0.05580088496208191, 0.021389413625001907, 0.004848627373576164, 0.0027152295224368572]</MIN_VALUE>
		<SIGNATURE_THRESHOLD_MD>0</SIGNATURE_THRESHOLD_MD>
		<SIGNATURE_THRESHOLD_ML>0</SIGNATURE_THRESHOLD_ML>
		<SIGNATURE_THRESHOLD_SAM>0</SIGNATURE_THRESHOLD_SAM>
	</signature>
	<signature ID="20210205_170457277264_529">
		<MACROCLASSID>1</MACROCLASSID>
		<MACROCLASSINFO>waterbody</MACROCLASSINFO>
		<CLASSID>9</CLASSID>
		<CLASSINFO>C 1</CLASSINFO>
		<VALUES>[0.1029461702475181, 0.0020385867303858774, 0.10863825793449695, 0.002732375805774529, 0.10824237477320892, 0.00422809351342549, 0.06893750251485753, 0.022144575397690124, 0.039091207176590204, 0.020750658097650025, 0.027755516339451645, 0.015354311369184337]</VALUES>
		<LCS_MIN>[0.09977109730243683, 0.10190451145172119, 0.09783165156841278, 0.035464316606521606, 0.006178549490869045, 0.005097994115203619]</LCS_MIN>
		<LCS_MAX>[0.10855408012866974, 0.1145663782954216, 0.11841759085655212, 0.11448327451944351, 0.0855022594332695, 0.06386348605155945]</LCS_MAX>
		<WAVELENGTH>[0.48, 0.56, 0.655, 0.865, 1.61, 2.2]</WAVELENGTH>
		<MEAN_VALUE>[0.1029461702475181, 0.10863825793449695, 0.10824237477320892, 0.06893750251485753, 0.039091207176590204, 0.027755516339451645]</MEAN_VALUE>
		<CHECKBOX>2</CHECKBOX>
		<SD>[0.0020385867303858774, 0.002732375805774529, 0.00422809351342549, 0.022144575397690124, 0.020750658097650025, 0.015354311369184337]</SD>
		<WAVELENGTH_UNIT>E-6m</WAVELENGTH_UNIT>
		<COLOR>#dbf015</COLOR>
		<COVARIANCE_MATRIX>[[4.237322834899618e-06, 4.665047012664981e-06, 7.255911693673341e-06, 7.112026711971878e-06, 1.2741232910362048e-05, 1.2086224407976816e-05], [4.665047012664981e-06, 7.612267299746333e-06, 1.1223198263873015e-05, -1.793147128368103e-05, -8.247215259387932e-06, -2.103712005307131e-06], [7.255911693673341e-06, 1.1223198263873015e-05, 1.8227299753530896e-05, -1.9729934650461264e-05, -1.2532915055761663e-06, 5.630862695240099e-06], [7.112026711971878e-06, -1.793147128368103e-05, -1.9729934650461264e-05, 0.0004999975571820997, 0.0004269363640492375, 0.0003018284983927677], [1.2741232910362048e-05, -8.247215259387932e-06, -1.2532915055761663e-06, 0.0004269363640492375, 0.0004390327489656775, 0.0003179716118211996], [1.2086224407976816e-05, -2.103712005307131e-06, 5.630862695240099e-06, 0.0003018284983927677, 0.0003179716118211996, 0.00024037752228111552]]</COVARIANCE_MATRIX>
		<ROI_SIZE>52</ROI_SIZE>
		<MAX_VALUE>[0.10855408012866974, 0.1145663782954216, 0.11841759085655212, 0.11448327451944351, 0.0855022594332695, 0.06386348605155945]</MAX_VALUE>
		<MIN_VALUE>[0.09977109730243683, 0.10190451145172119, 0.09783165156841278, 0.035464316606521606, 0.006178549490869045, 0.005097994115203619]</MIN_VALUE>
		<SIGNATURE_THRESHOLD_MD>0</SIGNATURE_THRESHOLD_MD>
		<SIGNATURE_THRESHOLD_ML>0</SIGNATURE_THRESHOLD_ML>
		<SIGNATURE_THRESHOLD_SAM>0</SIGNATURE_THRESHOLD_SAM>
	</signature>
	<signature ID="20210205_170514181417_910">
		<MACROCLASSID>1</MACROCLASSID>
		<MACROCLASSINFO>waterbody</MACROCLASSINFO>
		<CLASSID>10</CLASSID>
		<CLASSINFO>C 1</CLASSINFO>
		<VALUES>[0.09924266844530694, 0.0026266216820056247, 0.09064555044570792, 0.004525179057209282, 0.04970960474411463, 0.005661887693133647, 0.024097028016072546, 0.004062875468581156, 0.012652303146650197, 0.00403379138839078, 0.008824635054630416, 0.0033118022513213426]</VALUES>
		<LCS_MIN>[0.0836736410856247, 0.07018056511878967, 0.04380396753549576, 0.020696749910712242, 0.0050425780937075615, 0.003962022718042135]</LCS_MIN>
		<LCS_MAX>[0.10403791815042496, 0.11005021631717682, 0.08558538556098938, 0.05247611179947853, 0.041116438806056976, 0.034577712416648865]</LCS_MAX>
		<WAVELENGTH>[0.48, 0.56, 0.655, 0.865, 1.61, 2.2]</WAVELENGTH>
		<MEAN_VALUE>[0.09924266844530694, 0.09064555044570792, 0.04970960474411463, 0.024097028016072546, 0.012652303146650197, 0.008824635054630416]</MEAN_VALUE>
		<CHECKBOX>2</CHECKBOX>
		<SD>[0.0026266216820056247, 0.004525179057209282, 0.005661887693133647, 0.004062875468581156, 0.00403379138839078, 0.0033118022513213426]</SD>
		<WAVELENGTH_UNIT>E-6m</WAVELENGTH_UNIT>
		<COLOR>#25c12e</COLOR>
		<COVARIANCE_MATRIX>[[6.905762517445769e-06, 9.69490076009639e-06, -4.241603300857539e-06, -5.071030407886477e-06, -5.369637721848822e-06, -4.516061869865687e-06], [9.69490076009639e-06, 2.0496897366887837e-05, 6.13188292456026e-06, -4.4761562324327e-06, -6.751905702798632e-06, -5.621353403598142e-06], [-4.241603300857539e-06, 6.13188292456026e-06, 3.208773709826659e-05, 1.3952397210200915e-05, 9.623649768841965e-06, 8.221694679135387e-06], [-5.071030407886477e-06, -4.4761562324327e-06, 1.3952397210200915e-05, 1.6522798682673768e-05, 1.387472404482308e-05, 1.1269805107624827e-05], [-5.369637721848822e-06, -6.751905702798632e-06, 9.623649768841965e-06, 1.387472404482308e-05, 1.62870885821046e-05, 1.3154127611740719e-05], [-4.516061869865687e-06, -5.621353403598142e-06, 8.221694679135387e-06, 1.1269805107624827e-05, 1.3154127611740719e-05, 1.0978560096340661e-05]]</COVARIANCE_MATRIX>
		<ROI_SIZE>1043</ROI_SIZE>
		<MAX_VALUE>[0.10403791815042496, 0.11005021631717682, 0.08558538556098938, 0.05247611179947853, 0.041116438806056976, 0.034577712416648865]</MAX_VALUE>
		<MIN_VALUE>[0.0836736410856247, 0.07018056511878967, 0.04380396753549576, 0.020696749910712242, 0.0050425780937075615, 0.003962022718042135]</MIN_VALUE>
		<SIGNATURE_THRESHOLD_MD>0</SIGNATURE_THRESHOLD_MD>
		<SIGNATURE_THRESHOLD_ML>0</SIGNATURE_THRESHOLD_ML>
		<SIGNATURE_THRESHOLD_SAM>0</SIGNATURE_THRESHOLD_SAM>
	</signature>
	<signature ID="20210205_170527325484_977">
		<MACROCLASSID>1</MACROCLASSID>
		<MACROCLASSINFO>waterbody</MACROCLASSINFO>
		<CLASSID>11</CLASSID>
		<CLASSINFO>C 1</CLASSINFO>
		<VALUES>[0.09251907911706478, 0.0017456960540813112, 0.08576105281393576, 0.0028233260755147556, 0.054467441791549644, 0.008736235054491925, 0.03745918550548401, 0.019811092356621353, 0.02748307700645416, 0.020100137479323276, 0.020918994250291208, 0.015077539231862417]</VALUES>
		<LCS_MIN>[0.0890209898352623, 0.07835397124290466, 0.04474598541855812, 0.019533075392246246, 0.00867212563753128, 0.007120570167899132]</LCS_MIN>
		<LCS_MAX>[0.09846889972686768, 0.09306614845991135, 0.07840940356254578, 0.09578137844800949, 0.08788501471281052, 0.060704950243234634]</LCS_MAX>
		<WAVELENGTH>[0.48, 0.56, 0.655, 0.865, 1.61, 2.2]</WAVELENGTH>
		<MEAN_VALUE>[0.09251907911706478, 0.08576105281393576, 0.054467441791549644, 0.03745918550548401, 0.02748307700645416, 0.020918994250291208]</MEAN_VALUE>
		<CHECKBOX>2</CHECKBOX>
		<SD>[0.0017456960540813112, 0.0028233260755147556, 0.008736235054491925, 0.019811092356621353, 0.020100137479323276, 0.015077539231862417]</SD>
		<WAVELENGTH_UNIT>E-6m</WAVELENGTH_UNIT>
		<COLOR>#00cfb0</COLOR>
		<COVARIANCE_MATRIX>[[3.113703728740157e-06, 4.442876911693089e-06, 5.10657333675593e-06, 7.350684884859322e-06, 7.028705804953153e-06, 5.489669473396428e-06], [4.442876911693089e-06, 8.144456435826786e-06, 7.36366176989983e-06, 9.802837909137598e-06, 7.413528409639425e-06, 7.33847827379439e-06], [5.10657333675593e-06, 7.36366176989983e-06, 7.798097255618865e-05, 0.00016192373956722312, 0.00015679155733915073, 0.00012205091807765952], [7.350684884859322e-06, 9.802837909137598e-06, 0.00016192373956722312, 0.0004010115408052457, 0.0003852061194972936, 0.0002935792974505022], [7.028705804953153e-06, 7.413528409639425e-06, 0.00015679155733915073, 0.0003852061194972936, 0.0004127984729200375, 0.0003059496644884109], [5.489669473396428e-06, 7.33847827379439e-06, 0.00012205091807765952, 0.0002935792974505022, 0.0003059496644884109, 0.00023227419340331447]]</COVARIANCE_MATRIX>
		<ROI_SIZE>47</ROI_SIZE>
		<MAX_VALUE>[0.09846889972686768, 0.09306614845991135, 0.07840940356254578, 0.09578137844800949, 0.08788501471281052, 0.060704950243234634]</MAX_VALUE>
		<MIN_VALUE>[0.0890209898352623, 0.07835397124290466, 0.04474598541855812, 0.019533075392246246, 0.00867212563753128, 0.007120570167899132]</MIN_VALUE>
		<SIGNATURE_THRESHOLD_MD>0</SIGNATURE_THRESHOLD_MD>
		<SIGNATURE_THRESHOLD_ML>0</SIGNATURE_THRESHOLD_ML>
		<SIGNATURE_THRESHOLD_SAM>0</SIGNATURE_THRESHOLD_SAM>
	</signature>
	<signature ID="20210205_170555160003_494">
		<MACROCLASSID>1</MACROCLASSID>
		<MACROCLASSINFO>waterbody</MACROCLASSINFO>
		<CLASSID>12</CLASSID>
		<CLASSINFO>C 1</CLASSINFO>
		<VALUES>[0.0954396625359853, 0.0020910731498869337, 0.08827599000047755, 0.004470666126630943, 0.07241453064812554, 0.0049654381469888065, 0.04713388656576474, 0.013741670488818651, 0.021501265914627796, 0.009325918360564551, 0.013808094534195134, 0.0068242710932496]</VALUES>
		<LCS_MIN>[0.08744172751903534, 0.07178753614425659, 0.05513593554496765, 0.03133604675531387, 0.010306810028851032, 0.006206252612173557]</LCS_MIN>
		<LCS_MAX>[0.09902304410934448, 0.09353715926408768, 0.08012720197439194, 0.08503124862909317, 0.04474598541855812, 0.03538120537996292]</LCS_MAX>
		<WAVELENGTH>[0.48, 0.56, 0.655, 0.865, 1.61, 2.2]</WAVELENGTH>
		<MEAN_VALUE>[0.0954396625359853, 0.08827599000047755, 0.07241453064812554, 0.04713388656576474, 0.021501265914627796, 0.013808094534195134]</MEAN_VALUE>
		<CHECKBOX>2</CHECKBOX>
		<SD>[0.0020910731498869337, 0.004470666126630943, 0.0049654381469888065, 0.013741670488818651, 0.009325918360564551, 0.0068242710932496]</SD>
		<WAVELENGTH_UNIT>E-6m</WAVELENGTH_UNIT>
		<COLOR>#5724ff</COLOR>
		<COVARIANCE_MATRIX>[[4.540763338107993e-06, 9.389804032685833e-06, 1.0558951994193134e-05, -9.883398061328602e-07, 4.1223587986659197e-07, 2.0539431562664865e-06], [9.389804032685833e-06, 2.0755580831797854e-05, 2.2122452930217087e-05, -9.925024938854061e-06, -4.1085189618023725e-06, 1.2064564814857626e-06], [1.0558951994193134e-05, 2.2122452930217087e-05, 2.560386737586284e-05, 2.6481762291363774e-06, 6.086739569863352e-06, 9.012297207255525e-06], [-9.883398061328602e-07, -9.925024938854061e-06, 2.6481762291363774e-06, 0.0001960963350472413, 0.0001140235658536703, 7.061986862692573e-05], [4.1223587986659197e-07, -4.1085189618023725e-06, 6.086739569863352e-06, 0.0001140235658536703, 9.031785916283481e-05, 6.101291010669337e-05], [2.0539431562664865e-06, 1.2064564814857626e-06, 9.012297207255525e-06, 7.061986862692573e-05, 6.101291010669337e-05, 4.836185579855294e-05]]</COVARIANCE_MATRIX>
		<ROI_SIZE>27</ROI_SIZE>
		<MAX_VALUE>[0.09902304410934448, 0.09353715926408768, 0.08012720197439194, 0.08503124862909317, 0.04474598541855812, 0.03538120537996292]</MAX_VALUE>
		<MIN_VALUE>[0.08744172751903534, 0.07178753614425659, 0.05513593554496765, 0.03133604675531387, 0.010306810028851032, 0.006206252612173557]</MIN_VALUE>
		<SIGNATURE_THRESHOLD_MD>0</SIGNATURE_THRESHOLD_MD>
		<SIGNATURE_THRESHOLD_ML>0</SIGNATURE_THRESHOLD_ML>
		<SIGNATURE_THRESHOLD_SAM>0</SIGNATURE_THRESHOLD_SAM>
	</signature>
	<signature ID="20210205_170613769914_776">
		<MACROCLASSID>1</MACROCLASSID>
		<MACROCLASSINFO>waterbody</MACROCLASSINFO>
		<CLASSID>13</CLASSID>
		<CLASSINFO>C 1</CLASSINFO>
		<VALUES>[0.1055832722702542, 0.0022841033683312496, 0.11839341093214323, 0.004830508244486774, 0.08473241714667175, 0.005456106951762416, 0.03147484908333506, 0.005221317706009783, 0.012418231000030647, 0.004742683650895446, 0.008256853358553978, 0.00347043445992261]</VALUES>
		<LCS_MIN>[0.09492246061563492, 0.09414669871330261, 0.06813028454780579, 0.025351446121931076, 0.005236518569290638, 0.0045438650995492935]</LCS_MIN>
		<LCS_MAX>[0.10996711254119873, 0.1275053173303604, 0.09891220927238464, 0.056216489523649216, 0.0368773452937603, 0.026930714026093483]</LCS_MAX>
		<WAVELENGTH>[0.48, 0.56, 0.655, 0.865, 1.61, 2.2]</WAVELENGTH>
		<MEAN_VALUE>[0.1055832722702542, 0.11839341093214323, 0.08473241714667175, 0.03147484908333506, 0.012418231000030647, 0.008256853358553978]</MEAN_VALUE>
		<CHECKBOX>2</CHECKBOX>
		<SD>[0.0022841033683312496, 0.004830508244486774, 0.005456106951762416, 0.005221317706009783, 0.004742683650895446, 0.00347043445992261]</SD>
		<WAVELENGTH_UNIT>E-6m</WAVELENGTH_UNIT>
		<COLOR>#710e96</COLOR>
		<COVARIANCE_MATRIX>[[5.227219354276775e-06, 1.0575353413026996e-05, 7.076718410991438e-06, -3.3721583599160394e-06, -2.6347039302476386e-06, -1.7030914106037617e-06], [1.0575353413026996e-05, 2.3378942994639073e-05, 1.5970828319792566e-05, -9.999903373153394e-06, -8.212096549133118e-06, -5.608700843222349e-06], [7.076718410991438e-06, 1.5970828319792566e-05, 2.982668353922283e-05, 6.107879350980479e-06, -1.2257463656654074e-06, -9.294109682209714e-07], [-3.3721583599160394e-06, -9.999903373153394e-06, 6.107879350980479e-06, 2.7314890035035273e-05, 2.0796949264612437e-05, 1.505631962879756e-05], [-2.6347039302476386e-06, -8.212096549133118e-06, -1.2257463656654074e-06, 2.0796949264612437e-05, 2.2536555075551175e-05, 1.60064681986739e-05], [-1.7030914106037617e-06, -5.608700843222349e-06, -9.294109682209714e-07, 1.505631962879756e-05, 1.60064681986739e-05, 1.2067211114971557e-05]]</COVARIANCE_MATRIX>
		<ROI_SIZE>518</ROI_SIZE>
		<MAX_VALUE>[0.10996711254119873, 0.1275053173303604, 0.09891220927238464, 0.056216489523649216, 0.0368773452937603, 0.026930714026093483]</MAX_VALUE>
		<MIN_VALUE>[0.09492246061563492, 0.09414669871330261, 0.06813028454780579, 0.025351446121931076, 0.005236518569290638, 0.0045438650995492935]</MIN_VALUE>
		<SIGNATURE_THRESHOLD_MD>0</SIGNATURE_THRESHOLD_MD>
		<SIGNATURE_THRESHOLD_ML>0</SIGNATURE_THRESHOLD_ML>
		<SIGNATURE_THRESHOLD_SAM>0</SIGNATURE_THRESHOLD_SAM>
	</signature>
	<signature ID="20210205_170631072715_968">
		<MACROCLASSID>1</MACROCLASSID>
		<MACROCLASSINFO>waterbody</MACROCLASSINFO>
		<CLASSID>14</CLASSID>
		<CLASSINFO>C 1</CLASSINFO>
		<VALUES>[0.08674189870227252, 0.0036058887857638613, 0.08773612134800053, 0.007115824905908626, 0.06470174223974053, 0.009873259212217043, 0.028486958291652965, 0.007002764784121402, 0.015511415858709838, 0.007313946811167586, 0.011614431998698618, 0.006177900411319427]</VALUES>
		<LCS_MIN>[0.0787418782711029, 0.06782551109790802, 0.04610361158847809, 0.01848023198544979, 0.007868640124797821, 0.004765508230775595]</LCS_MIN>
		<LCS_MAX>[0.0963355153799057, 0.10439809411764145, 0.09129291772842407, 0.0570753812789917, 0.04394249990582466, 0.03795790299773216]</LCS_MAX>
		<WAVELENGTH>[0.48, 0.56, 0.655, 0.865, 1.61, 2.2]</WAVELENGTH>
		<MEAN_VALUE>[0.08674189870227252, 0.08773612134800053, 0.06470174223974053, 0.028486958291652965, 0.015511415858709838, 0.011614431998698618]</MEAN_VALUE>
		<CHECKBOX>2</CHECKBOX>
		<SD>[0.0036058887857638613, 0.007115824905908626, 0.009873259212217043, 0.007002764784121402, 0.007313946811167586, 0.006177900411319427]</SD>
		<WAVELENGTH_UNIT>E-6m</WAVELENGTH_UNIT>
		<COLOR>#3e093f</COLOR>
		<COVARIANCE_MATRIX>[[1.3045631390232125e-05, 2.5040393148621074e-05, 3.195045994666022e-05, 1.069485565781709e-05, 8.072195402558509e-06, 6.698043031378145e-06], [2.5040393148621074e-05, 5.080318656361446e-05, 6.502621304775406e-05, 1.6882108338579466e-05, 1.134520179171338e-05, 9.433501550752123e-06], [3.195045994666022e-05, 6.502621304775406e-05, 9.780510543665083e-05, 4.0853315667601e-05, 3.446892027501304e-05, 2.9566852385787378e-05], [1.069485565781709e-05, 1.6882108338579466e-05, 4.0853315667601e-05, 4.9201633939411015e-05, 4.6755145800903566e-05, 4.007640681934329e-05], [8.072195402558509e-06, 1.134520179171338e-05, 3.446892027501304e-05, 4.6755145800903566e-05, 5.367153828202566e-05, 4.4865399840945596e-05], [6.698043031378145e-06, 9.433501550752123e-06, 2.9566852385787378e-05, 4.007640681934329e-05, 4.4865399840945596e-05, 3.8293252340991975e-05]]</COVARIANCE_MATRIX>
		<ROI_SIZE>302</ROI_SIZE>
		<MAX_VALUE>[0.0963355153799057, 0.10439809411764145, 0.09129291772842407, 0.0570753812789917, 0.04394249990582466, 0.03795790299773216]</MAX_VALUE>
		<MIN_VALUE>[0.0787418782711029, 0.06782551109790802, 0.04610361158847809, 0.01848023198544979, 0.007868640124797821, 0.004765508230775595]</MIN_VALUE>
		<SIGNATURE_THRESHOLD_MD>0</SIGNATURE_THRESHOLD_MD>
		<SIGNATURE_THRESHOLD_ML>0</SIGNATURE_THRESHOLD_ML>
		<SIGNATURE_THRESHOLD_SAM>0</SIGNATURE_THRESHOLD_SAM>
	</signature>
	<signature ID="20210205_170641861314_312">
		<MACROCLASSID>1</MACROCLASSID>
		<MACROCLASSINFO>waterbody</MACROCLASSINFO>
		<CLASSID>15</CLASSID>
		<CLASSINFO>C 1</CLASSINFO>
		<VALUES>[0.08354562368598545, 0.0013061718229361115, 0.0867532586027551, 0.0035625996973148366, 0.06410380637906961, 0.00520588968787166, 0.032215632775642246, 0.005588333048935703, 0.012891952825524093, 0.004609133180833802, 0.008918380575003501, 0.0035882647394203412]</VALUES>
		<LCS_MIN>[0.07890811562538147, 0.056438133120536804, 0.046048205345869064, 0.024963553994894028, 0.0038512011524289846, 0.004239092580974102]</LCS_MIN>
		<LCS_MAX>[0.08860538899898529, 0.10165516287088394, 0.09115438163280487, 0.059319622814655304, 0.04158744961023331, 0.03770853579044342]</LCS_MAX>
		<WAVELENGTH>[0.48, 0.56, 0.655, 0.865, 1.61, 2.2]</WAVELENGTH>
		<MEAN_VALUE>[0.08354562368598545, 0.0867532586027551, 0.06410380637906961, 0.032215632775642246, 0.012891952825524093, 0.008918380575003501]</MEAN_VALUE>
		<CHECKBOX>2</CHECKBOX>
		<SD>[0.0013061718229361115, 0.0035625996973148366, 0.00520588968787166, 0.005588333048935703, 0.004609133180833802, 0.0035882647394203412]</SD>
		<WAVELENGTH_UNIT>E-6m</WAVELENGTH_UNIT>
		<COLOR>#5ec72f</COLOR>
		<COVARIANCE_MATRIX>[[1.7076943450238108e-06, 3.8213747680268724e-06, 5.108814097648302e-06, 3.4918062456035142e-06, 1.8626123137729638e-06, 1.3758072137838596e-06], [3.8213747680268724e-06, 1.270409029821651e-05, 1.5075356562700563e-05, 6.200297202466481e-06, 4.302717379778693e-07, -3.8204221731943703e-07], [5.108814097648302e-06, 1.5075356562700563e-05, 2.7126854694592452e-05, 1.987445624352882e-05, 7.862637487718032e-06, 5.360201596277318e-06], [3.4918062456035142e-06, 6.200297202466481e-06, 1.987445624352882e-05, 3.125892802645514e-05, 2.0941275963153328e-05, 1.5728436868346067e-05], [1.8626123137729638e-06, 4.302717379778693e-07, 7.862637487718032e-06, 2.0941275963153328e-05, 2.1264150290624108e-05, 1.6228754310959155e-05], [1.3758072137838596e-06, -3.8204221731943703e-07, 5.360201596277318e-06, 1.5728436868346067e-05, 1.6228754310959155e-05, 1.2887790673978791e-05]]</COVARIANCE_MATRIX>
		<ROI_SIZE>1061</ROI_SIZE>
		<MAX_VALUE>[0.08860538899898529, 0.10165516287088394, 0.09115438163280487, 0.059319622814655304, 0.04158744961023331, 0.03770853579044342]</MAX_VALUE>
		<MIN_VALUE>[0.07890811562538147, 0.056438133120536804, 0.046048205345869064, 0.024963553994894028, 0.0038512011524289846, 0.004239092580974102]</MIN_VALUE>
		<SIGNATURE_THRESHOLD_MD>0</SIGNATURE_THRESHOLD_MD>
		<SIGNATURE_THRESHOLD_ML>0</SIGNATURE_THRESHOLD_ML>
		<SIGNATURE_THRESHOLD_SAM>0</SIGNATURE_THRESHOLD_SAM>
	</signature>
	<signature ID="20210205_170650513206_729">
		<MACROCLASSID>1</MACROCLASSID>
		<MACROCLASSINFO>waterbody</MACROCLASSINFO>
		<CLASSID>16</CLASSID>
		<CLASSINFO>C 1</CLASSINFO>
		<VALUES>[0.08587219383213571, 0.0015203848620531386, 0.08218912496252555, 0.0041798510638587135, 0.05895758292751549, 0.006607369010016106, 0.026307412777180326, 0.003977934093090185, 0.010888070126993334, 0.00375120333628422, 0.007547086002031238, 0.0029316050520982566]</VALUES>
