<?xml version="1.0" ?>
<signaturelist MCID_LIST="[['1', 'waterbody', '#000000'], ['2', 'vegetation', '#000000'], ['4', 'build-up', '#000000'], ['3', 'bareland', '#000000']]">
	<signature ID="20210205_170303312223_584">
		<MACROCLASSID>1</MACROCLASSID>
		<MACROCLASSINFO>waterbody</MACROCLASSINFO>
		<CLASSID>1</CLASSID>
		<CLASSINFO>C 1</CLASSINFO>
		<VALUES>[0.08957537409387353, 0.0018387846117891575, 0.09174029905837415, 0.0030396866839437634, 0.0641124073128695, 0.004658255847452478, 0.021003475069884786, 0.0033750922078112687, 0.005450426121804976, 0.002544569488698409, 0.003235088243953655, 0.001861249581965001]</VALUES>
		<LCS_MIN>[0.08467107266187668, 0.08456023782491684, 0.05477575585246086, 0.016790132969617844, 0.003684963332489133, 0.0021056844852864742]</LCS_MIN>
		<LCS_MAX>[0.09869056940078735, 0.1033729687333107, 0.0891595259308815, 0.06710515171289444, 0.04862489923834801, 0.03222265839576721]</LCS_MAX>
		<WAVELENGTH>[0.48, 0.56, 0.655, 0.865, 1.61, 2.2]</WAVELENGTH>
		<MEAN_VALUE>[0.08957537409387353, 0.09174029905837415, 0.0641124073128695, 0.021003475069884786, 0.005450426121804976, 0.003235088243953655]</MEAN_VALUE>
		<CHECKBOX>2</CHECKBOX>
		<SD>[0.0018387846117891575, 0.0030396866839437634, 0.004658255847452478, 0.0033750922078112687, 0.002544569488698409, 0.001861249581965001]</SD>
		<WAVELENGTH_UNIT>E-6m</WAVELENGTH_UNIT>
		<COLOR>#b161e3</COLOR>
		<COVARIANCE_MATRIX>[[3.010781711054733e-06, 4.91599485030747e-06, 6.776633654226316e-06, 3.237299779357272e-06, 1.211113499266503e-06, 8.365249186681467e-07], [4.91599485030747e-06, 9.237564881914295e-06, 1.3214134924055543e-05, 5.2995346777606755e-06, 1.7033538597388542e-06, 1.2466873613448115e-06], [6.776633654226316e-06, 1.3214134924055543e-05, 2.1953288523945957e-05, 1.1632076166279148e-05, 5.422674803412519e-06, 3.910887699021259e-06], [3.237299779357272e-06, 5.2995346777606755e-06, 1.1632076166279148e-05, 1.3895915799366776e-05, 9.416842658538371e-06, 6.52493690722622e-06], [1.211113499266503e-06, 1.7033538597388542e-06, 5.422674803412519e-06, 9.416842658538371e-06, 7.701150025241077e-06, 5.3229900913720485e-06], [8.365249186681467e-07, 1.2466873613448115e-06, 3.910887699021259e-06, 6.52493690722622e-06, 5.3229900913720485e-06, 3.803400659307954e-06]]</COVARIANCE_MATRIX>
		<ROI_SIZE>7390</ROI_SIZE>
		<MAX_VALUE>[0.09869056940078735, 0.1033729687333107, 0.0891595259308815, 0.06710515171289444, 0.04862489923834801, 0.03222265839576721]</MAX_VALUE>
		<MIN_VALUE>[0.08467107266187668, 0.08456023782491684, 0.05477575585246086, 0.016790132969617844, 0.003684963332489133, 0.0021056844852864742]</MIN_VALUE>
		<SIGNATURE_THRESHOLD_MD>0.0</SIGNATURE_THRESHOLD_MD>
		<SIGNATURE_THRESHOLD_ML>0.0</SIGNATURE_THRESHOLD_ML>
		<SIGNATURE_THRESHOLD_SAM>0.0</SIGNATURE_THRESHOLD_SAM>
	</signature>
	<signature ID="20210205_170311010738_137">
		<MACROCLASSID>1</MACROCLASSID>
		<MACROCLASSINFO>waterbody</MACROCLASSINFO>
		<CLASSID>2</CLASSID>
		<CLASSINFO>C 1</CLASSINFO>
		<VALUES>[0.08703303788790473, 0.0011555233770666558, 0.08255757155729032, 0.0026575067166335086, 0.05072885222635727, 0.0017260042636683766, 0.01944300799133404, 0.0035428179418208303, 0.006263971979500228, 0.0031632584934035133, 0.00398048804275918, 0.0023235083869193388]</VALUES>
		<LCS_MIN>[0.08084756135940552, 0.06524881720542908, 0.04139350727200508, 0.01437966525554657, 0.004349914379417896, 0.0026044079568237066]</LCS_MIN>
		<LCS_MAX>[0.09766541421413422, 0.09220723062753677, 0.0697372555732727, 0.06616311520338058, 0.05416621267795563, 0.04142121225595474]</LCS_MAX>
		<WAVELENGTH>[0.48, 0.56, 0.655, 0.865, 1.61, 2.2]</WAVELENGTH>
		<MEAN_VALUE>[0.08703303788790473, 0.08255757155729032, 0.05072885222635727, 0.01944300799133404, 0.006263971979500228, 0.00398048804275918]</MEAN_VALUE>
		<CHECKBOX>2</CHECKBOX>
		<SD>[0.0011555233770666558, 0.0026575067166335086, 0.0017260042636683766, 0.0035428179418208303, 0.0031632584934035133, 0.0023235083869193388]</SD>
		<WAVELENGTH_UNIT>E-6m</WAVELENGTH_UNIT>
		<COLOR>#306f16</COLOR>
		<COVARIANCE_MATRIX>[[1.231702867698914e-06, 2.4918606413848465e-06, 1.649007799642277e-06, -2.364869118309798e-07, -5.271645591164997e-07, -3.343146204315417e-07], [2.4918606413848465e-06, 6.285044946707785e-06, 3.38085646944819e-06, -2.658257471921388e-06, -3.0760004392504925e-06, -2.1719538381148595e-06], [1.649007799642277e-06, 3.38085646944819e-06, 2.669443802005844e-06, 7.881290571276622e-07, 3.594021507069556e-07, 3.4160089512624836e-07], [-2.364869118309798e-07, -2.658257471921388e-06, 7.881290571276622e-07, 1.1059813004976604e-05, 9.694136679172516e-06, 6.9738580350531265e-06], [-5.271645591164997e-07, -3.0760004392504925e-06, 3.594021507069556e-07, 9.694136679172516e-06, 9.445782779948786e-06, 6.895506885484792e-06], [-3.343146204315417e-07, -2.1719538381148595e-06, 3.4160089512624836e-07, 6.9738580350531265e-06, 6.895506885484792e-06, 5.201470685278764e-06]]</COVARIANCE_MATRIX>
		<ROI_SIZE>8193</ROI_SIZE>
		<MAX_VALUE>[0.09766541421413422, 0.09220723062753677, 0.0697372555732727, 0.06616311520338058, 0.05416621267795563, 0.04142121225595474]</MAX_VALUE>
		<MIN_VALUE>[0.08084756135940552, 0.06524881720542908, 0.04139350727200508, 0.01437966525554657, 0.004349914379417896, 0.0026044079568237066]</MIN_VALUE>
		<SIGNATURE_THRESHOLD_MD>0.0</SIGNATURE_THRESHOLD_MD>
		<SIGNATURE_THRESHOLD_ML>0.0</SIGNATURE_THRESHOLD_ML>
		<SIGNATURE_THRESHOLD_SAM>0.0</SIGNATURE_THRESHOLD_SAM>
	</signature>
	<signature ID="20210205_170315549170_425">
		<MACROCLASSID>1</MACROCLASSID>
		<MACROCLASSINFO>waterbody</MACROCLASSINFO>
		<CLASSID>3</CLASSID>
		<CLASSINFO>C 1</CLASSINFO>
		<VALUES>[0.08622886055001096, 0.002281847340805142, 0.08456028754558419, 0.0060520040615088914, 0.05467409781645855, 0.008808860308730166, 0.01934394141999084, 0.006112205959778435, 0.005718245302079738, 0.00488207866689277, 0.0035901031646050335, 0.0034767609306812814]</VALUES>
		<LCS_MIN>[0.07295121997594833, 0.045826543122529984, 0.029756776988506317, 0.01587582565844059, 0.003574131289497018, 0.00199486268684268]</LCS_MIN>
		<LCS_MAX>[0.09536577016115189, 0.1029573604464531, 0.09431293606758118, 0.06752073764801025, 0.05441555753350258, 0.038567446172237396]</LCS_MAX>
		<WAVELENGTH>[0.48, 0.56, 0.655, 0.865, 1.61, 2.2]</WAVELENGTH>
		<MEAN_VALUE>[0.08622886055001096, 0.08456028754558419, 0.05467409781645855, 0.01934394141999084, 0.005718245302079738, 0.0035901031646050335]</MEAN_VALUE>
		<CHECKBOX>2</CHECKBOX>
		<SD>[0.002281847340805142, 0.0060520040615088914, 0.008808860308730166, 0.006112205959778435, 0.00488207866689277, 0.0034767609306812814]</SD>
		<WAVELENGTH_UNIT>E-6m</WAVELENGTH_UNIT>
		<COLOR>#ad4f82</COLOR>
		<COVARIANCE_MATRIX>[[5.160769433132373e-06, 1.2002801668131724e-05, 1.9561712178983726e-05, 6.357253369060345e-06, 1.2618619393833796e-06, 9.408704499946907e-07], [1.2002801668131724e-05, 3.0836152291158214e-05, 4.54340988653712e-05, 9.590446097718086e-06, -1.447214231120597e-06, -9.071503086488519e-07], [1.9561712178983726e-05, 4.54340988653712e-05, 8.457827061647549e-05, 3.274955088272691e-05, 9.865607353276573e-06, 7.1455142460763454e-06], [6.357253369060345e-06, 9.590446097718086e-06, 3.274955088272691e-05, 3.227402703487314e-05, 2.0879720977973193e-05, 1.4720654689881485e-05], [1.2618619393833796e-06, -1.447214231120597e-06, 9.865607353276573e-06, 2.0879720977973193e-05, 1.7525473595014773e-05, 1.2239880561537575e-05], [9.408704499946907e-07, -9.071503086488519e-07, 7.1455142460763454e-06, 1.4720654689881485e-05, 1.2239880561537575e-05, 8.792433618509676e-06]]</COVARIANCE_MATRIX>
		<ROI_SIZE>6830</ROI_SIZE>
		<MAX_VALUE>[0.09536577016115189, 0.1029573604464531, 0.09431293606758118, 0.06752073764801025, 0.05441555753350258, 0.038567446172237396]</MAX_VALUE>
		<MIN_VALUE>[0.07295121997594833, 0.045826543122529984, 0.029756776988506317, 0.01587582565844059, 0.003574131289497018, 0.00199486268684268]</MIN_VALUE>
		<SIGNATURE_THRESHOLD_MD>0.0</SIGNATURE_THRESHOLD_MD>
		<SIGNATURE_THRESHOLD_ML>0.0</SIGNATURE_THRESHOLD_ML>
		<SIGNATURE_THRESHOLD_SAM>0.0</SIGNATURE_THRESHOLD_SAM>
	</signature>
	<signature ID="20210205_170330349208_381">
		<MACROCLASSID>1</MACROCLASSID>
		<MACROCLASSINFO>waterbody</MACROCLASSINFO>
		<CLASSID>4</CLASSID>
		<CLASSINFO>C 1</CLASSINFO>
		<VALUES>[0.07737060511224966, 0.0011705737038601365, 0.0537523836516861, 0.0013629919391479931, 0.03400578006875969, 0.0013764841791436273, 0.018078214463970836, 0.0026907934023845167, 0.006734677870321933, 0.002271882729784846, 0.004379188374535865, 0.0016808893120633165]</VALUES>
		<LCS_MIN>[0.07461361587047577, 0.05111848562955856, 0.031419165432453156, 0.015626458451151848, 0.004294498357921839, 0.002798348432406783]</LCS_MIN>
		<LCS_MAX>[0.08306409418582916, 0.06846275925636292, 0.05316876620054245, 0.0667172521352768, 0.048486366868019104, 0.03665570169687271]</LCS_MAX>
		<WAVELENGTH>[0.48, 0.56, 0.655, 0.865, 1.61, 2.2]</WAVELENGTH>
		<MEAN_VALUE>[0.07737060511224966, 0.0537523836516861, 0.03400578006875969, 0.018078214463970836, 0.006734677870321933, 0.004379188374535865]</MEAN_VALUE>
		<CHECKBOX>2</CHECKBOX>
		<SD>[0.0011705737038601365, 0.0013629919391479931, 0.0013764841791436273, 0.0026907934023845167, 0.002271882729784846, 0.0016808893120633165]</SD>
		<WAVELENGTH_UNIT>E-6m</WAVELENGTH_UNIT>
		<COLOR>#b1fa7c</COLOR>
		<COVARIANCE_MATRIX>[[1.4235037042453769e-06, 1.4772745089430828e-06, 1.3925124449087889e-06, 1.2906116353406105e-06, 9.362505579701974e-07, 7.266091301971755e-07], [1.4772745089430828e-06, 2.0394058992678765e-06, 1.9334420358063653e-06, 2.450462034175871e-06, 1.983328729693312e-06, 1.5103141777217388e-06], [1.3925124449087889e-06, 1.9334420358063653e-06, 2.05879359782557e-06, 2.9774437280138955e-06, 2.478325086485711e-06, 1.8374834098722204e-06], [1.2906116353406105e-06, 2.450462034175871e-06, 2.9774437280138955e-06, 7.49411401557154e-06, 5.993334525555838e-06, 4.1991097532445565e-06], [9.362505579701974e-07, 1.983328729693312e-06, 2.478325086485711e-06, 5.993334525555838e-06, 5.364000116969692e-06, 3.790198888964369e-06], [7.266091301971755e-07, 1.5103141777217388e-06, 1.8374834098722204e-06, 4.1991097532445565e-06, 3.790198888964369e-06, 2.8048739295627456e-06]]</COVARIANCE_MATRIX>
		<ROI_SIZE>8899</ROI_SIZE>
		<MAX_VALUE>[0.08306409418582916, 0.06846275925636292, 0.05316876620054245, 0.0667172521352768, 0.048486366868019104, 0.03665570169687271]</MAX_VALUE>
		<MIN_VALUE>[0.07461361587047577, 0.05111848562955856, 0.031419165432453156, 0.015626458451151848, 0.004294498357921839, 0.002798348432406783]</MIN_VALUE>
		<SIGNATURE_THRESHOLD_MD>0.0</SIGNATURE_THRESHOLD_MD>
		<SIGNATURE_THRESHOLD_ML>0.0</SIGNATURE_THRESHOLD_ML>
		<SIGNATURE_THRESHOLD_SAM>0.0</SIGNATURE_THRESHOLD_SAM>
	</signature>
	<signature ID="20210205_170342338140_109">
		<MACROCLASSID>1</MACROCLASSID>
		<MACROCLASSINFO>waterbody</MACROCLASSINFO>
		<CLASSID>5</CLASSID>
		<CLASSINFO>C 1</CLASSINFO>
		<VALUES>[0.08864857933954147, 0.0010031393321434446, 0.08473877437449155, 0.002335323762776204, 0.05081534114585254, 0.0017343276211801363, 0.03322463526400988, 0.008115739329111797, 0.007866625494282667, 0.00251081787338851, 0.004248513457436851, 0.0016817801235632077]</VALUES>
		<LCS_MIN>[0.08331344276666641, 0.06668955087661743, 0.04147663712501526, 0.021777303889393806, 0.004820924252271652, 0.0025766948238015175]</LCS_MIN>
		<LCS_MAX>[0.09442374855279922, 0.0950055941939354, 0.06599687784910202, 0.07680243253707886, 0.04970545694231987, 0.03812414035201073]</LCS_MAX>
		<WAVELENGTH>[0.48, 0.56, 0.655, 0.865, 1.61, 2.2]</WAVELENGTH>
		<MEAN_VALUE>[0.08864857933954147, 0.08473877437449155, 0.05081534114585254, 0.03322463526400988, 0.007866625494282667, 0.004248513457436851]</MEAN_VALUE>
		<CHECKBOX>2</CHECKBOX>
		<SD>[0.0010031393321434446, 0.002335323762776204, 0.0017343276211801363, 0.008115739329111797, 0.00251081787338851, 0.0016817801235632077]</SD>
		<WAVELENGTH_UNIT>E-6m</WAVELENGTH_UNIT>
		<COLOR>#e1d9a5</COLOR>
		<COVARIANCE_MATRIX>[[9.91981323750224e-07, 1.7357277783958125e-06, 1.2990748246011208e-06, 1.2771324691129848e-06, 4.0804798118188046e-07, 3.3129964549516444e-07], [1.7357277783958125e-06, 4.812061888515018e-06, 2.914032165790559e-06, 5.6738681450951844e-06, 2.781504520044109e-07, 1.4686199278912682e-07], [1.2990748246011208e-06, 2.914032165790559e-06, 2.4634343844809337e-06, 5.369248356146272e-06, 1.3889796264265897e-06, 9.804881528907572e-07], [1.2771324691129848e-06, 5.6738681450951844e-06, 5.369248356146272e-06, 5.59971304028295e-05, 1.1788033589255065e-05, 6.019267857482191e-06], [4.0804798118188046e-07, 2.781504520044109e-07, 1.3889796264265897e-06, 1.1788033589255065e-05, 5.630745363305323e-06, 3.4237989439134253e-06], [3.3129964549516444e-07, 1.4686199278912682e-07, 9.804881528907572e-07, 6.019267857482191e-06, 3.4237989439134253e-06, 2.370547463215189e-06]]</COVARIANCE_MATRIX>
		<ROI_SIZE>8259</ROI_SIZE>
		<MAX_VALUE>[0.09442374855279922, 0.0950055941939354, 0.06599687784910202, 0.07680243253707886, 0.04970545694231987, 0.03812414035201073]</MAX_VALUE>
		<MIN_VALUE>[0.08331344276666641, 0.06668955087661743, 0.04147663712501526, 0.021777303889393806, 0.004820924252271652, 0.0025766948238015175]</MIN_VALUE>
		<SIGNATURE_THRESHOLD_MD>0.0</SIGNATURE_THRESHOLD_MD>
		<SIGNATURE_THRESHOLD_ML>0.0</SIGNATURE_THRESHOLD_ML>
		<SIGNATURE_THRESHOLD_SAM>0.0</SIGNATURE_THRESHOLD_SAM>
	</signature>
	<signature ID="20210205_170402342556_926">
		<MACROCLASSID>1</MACROCLASSID>
		<MACROCLASSINFO>waterbody</MACROCLASSINFO>
		<CLASSID>6</CLASSID>
		<CLASSINFO>C 1</CLASSINFO>
		<VALUES>[0.08912962329193994, 0.0015868333170773277, 0.07181876013963223, 0.00448435766771344, 0.03991434250551448, 0.005837105325841135, 0.023873977634773367, 0.006053717895881961, 0.009379315708296561, 0.004591994073793622, 0.006043182713877305, 0.0034281106214801207]</VALUES>
		<LCS_MIN>[0.082759328186512, 0.060261644423007965, 0.03380192816257477, 0.017399678006768227, 0.004765508230775595, 0.0025212890468537807]</LCS_MIN>
		<LCS_MAX>[0.1000758707523346, 0.09375879913568497, 0.08954741060733795, 0.0711502879858017, 0.05726934224367142, 0.04228012263774872]</LCS_MAX>
		<WAVELENGTH>[0.48, 0.56, 0.655, 0.865, 1.61, 2.2]</WAVELENGTH>
		<MEAN_VALUE>[0.08912962329193994, 0.07181876013963223, 0.03991434250551448, 0.023873977634773367, 0.009379315708296561, 0.006043182713877305]</MEAN_VALUE>
		<CHECKBOX>2</CHECKBOX>
		<SD>[0.0015868333170773277, 0.00448435766771344, 0.005837105325841135, 0.006053717895881961, 0.004591994073793622, 0.0034281106214801207]</SD>
		<WAVELENGTH_UNIT>E-6m</WAVELENGTH_UNIT>
		<COLOR>#e7d8f4</COLOR>
		<COVARIANCE_MATRIX>[[2.825554247465334e-06, 7.548932899226202e-06, 5.057094767835224e-06, 1.0388592954768683e-06, 5.10836116518476e-07, 5.013681061427633e-07], [7.548932899226202e-06, 3.372948776814155e-05, 3.163304427289404e-05, 9.684589713288005e-06, 6.593482339667389e-06, 4.907628863293212e-06], [5.057094767835224e-06, 3.163304427289404e-05, 4.72125866508577e-05, 2.3466080165235326e-05, 1.7924405256053433e-05, 1.2806422091671266e-05], [1.0388592954768683e-06, 9.684589713288005e-06, 2.3466080165235326e-05, 2.9326603907975368e-05, 2.1130697859916836e-05, 1.4765658306714613e-05], [5.10836116518476e-07, 6.593482339667389e-06, 1.7924405256053433e-05, 2.1130697859916836e-05, 1.786975008144509e-05, 1.2780972610926256e-05], [5.013681061427633e-07, 4.907628863293212e-06, 1.2806422091671266e-05, 1.4765658306714613e-05, 1.2780972610926256e-05, 9.6742760433699e-06]]</COVARIANCE_MATRIX>
		<ROI_SIZE>5487</ROI_SIZE>
		<MAX_VALUE>[0.1000758707523346, 0.09375879913568497, 0.08954741060733795, 0.0711502879858017, 0.05726934224367142, 0.04228012263774872]</MAX_VALUE>
		<MIN_VALUE>[0.082759328186512, 0.060261644423007965, 0.03380192816257477, 0.017399678006768227, 0.004765508230775595, 0.0025212890468537807]</MIN_VALUE>
		<SIGNATURE_THRESHOLD_MD>0.0</SIGNATURE_THRESHOLD_MD>
		<SIGNATURE_THRESHOLD_ML>0.0</SIGNATURE_THRESHOLD_ML>
		<SIGNATURE_THRESHOLD_SAM>0.0</SIGNATURE_THRESHOLD_SAM>
	</signature>
	<signature ID="20210205_170425907695_658">
		<MACROCLASSID>1</MACROCLASSID>
		<MACROCLASSINFO>waterbody</MACROCLASSINFO>
		<CLASSID>7</CLASSID>
		<CLASSINFO>C 1</CLASSINFO>
		<VALUES>[0.09147630017342238, 0.004584164554021576, 0.07647084969716259, 0.00876484984290735, 0.05128042335254669, 0.005750604703335299, 0.041617973081145676, 0.014199811410798542, 0.0216449854145537, 0.010787991681213867, 0.012700002274663473, 0.006003405286724519]</VALUES>
		<LCS_MIN>[0.0778275579214096, 0.05164492502808571, 0.035436611622571945, 0.02643200196325779, 0.010473047383129597, 0.0065387277863919735]</LCS_MIN>
		<LCS_MAX>[0.09722211211919785, 0.0871923565864563, 0.06527651846408844, 0.08264849334955215, 0.06278293579816818, 0.04424727335572243]</LCS_MAX>
		<WAVELENGTH>[0.48, 0.56, 0.655, 0.865, 1.61, 2.2]</WAVELENGTH>
		<MEAN_VALUE>[0.09147630017342238, 0.07647084969716259, 0.05128042335254669, 0.041617973081145676, 0.0216449854145537, 0.012700002274663473]</MEAN_VALUE>
		<CHECKBOX>2</CHECKBOX>
		<SD>[0.004584164554021576, 0.00876484984290735, 0.005750604703335299, 0.014199811410798542, 0.010787991681213867, 0.006003405286724519]</SD>
		<WAVELENGTH_UNIT>E-6m</WAVELENGTH_UNIT>
		<COLOR>#902299</COLOR>
		<COVARIANCE_MATRIX>[[2.1049014321761206e-05, 3.9436694351024926e-05, 2.4845679945428856e-05, -4.2669886170187965e-05, -2.37000422202982e-05, -6.35427022643853e-06], [3.9436694351024926e-05, 7.694853411521763e-05, 4.853364953305572e-05, -8.255965076386929e-05, -4.793898551724851e-05, -1.4881988136039581e-05], [2.4845679945428856e-05, 4.853364953305572e-05, 3.312366607133299e-05, -3.993764039478265e-05, -1.9631370378192514e-05, -2.9356740469665965e-06], [-4.2669886170187965e-05, -8.255965076386929e-05, -3.993764039478265e-05, 0.0002019651874434203, 0.00014261621981859207, 6.825901800766587e-05], [-2.37000422202982e-05, -4.793898551724851e-05, -1.9631370378192514e-05, 0.00014261621981859207, 0.00011657155118882656, 6.133726856205612e-05], [-6.35427022643853e-06, -1.4881988136039581e-05, -2.9356740469665965e-06, 6.825901800766587e-05, 6.133726856205612e-05, 3.609995837905444e-05]]</COVARIANCE_MATRIX>
		<ROI_SIZE>611</ROI_SIZE>
		<MAX_VALUE>[0.09722211211919785, 0.0871923565864563, 0.06527651846408844, 0.08264849334955215, 0.06278293579816818, 0.04424727335572243]</MAX_VALUE>
		<MIN_VALUE>[0.0778275579214096, 0.05164492502808571, 0.035436611622571945, 0.02643200196325779, 0.010473047383129597, 0.0065387277863919735]</MIN_VALUE>
		<SIGNATURE_THRESHOLD_MD>0.0</SIGNATURE_THRESHOLD_MD>
		<SIGNATURE_THRESHOLD_ML>0.0</SIGNATURE_THRESHOLD_ML>
		<SIGNATURE_THRESHOLD_SAM>0.0</SIGNATURE_THRESHOLD_SAM>
	</signature>
	<signature ID="20210205_170447376634_386">
		<MACROCLASSID>1</MACROCLASSID>
		<MACROCLASSINFO>waterbody</MACROCLASSINFO>
		<CLASSID>8</CLASSID>
		<CLASSINFO>C 1</CLASSINFO>
		<VALUES>[0.09850081487976269, 0.0023901848979085254, 0.09774939605388143, 0.0052058331412305325, 0.08189525707014678, 0.005499667763683065, 0.0422809773991848, 0.007954783033463187, 0.018032724005651878, 0.0058680090774139914, 0.010944636320245683, 0.0038376851470196508]</VALUES>
		<LCS_MIN>[0.08821750432252884, 0.0728403851389885, 0.05580088496208191, 0.021389413625001907, 0.004848627373576164, 0.0027152295224368572]</LCS_MIN>
		<LCS_MAX>[0.10586652904748917, 0.10719645023345947, 0.09193016588687897, 0.06588606536388397, 0.04114414006471634, 0.030283203348517418]</LCS_MAX>
		<WAVELENGTH>[0.48, 0.56, 0.655, 0.865, 1.61, 2.2]</WAVELENGTH>
		<MEAN_VALUE>[0.09850081487976269, 0.09774939605388143, 0.08189525707014678, 0.0422809773991848, 0.018032724005651878, 0.010944636320245683]</MEAN_VALUE>
		<CHECKBOX>2</CHECKBOX>
		<SD>[0.0023901848979085254, 0.0052058331412305325, 0.005499667763683065, 0.007954783033463187, 0.0058680090774139914, 0.0038376851470196508]</SD>
		<WAVELENGTH_UNIT>E-6m</WAVELENGTH_UNIT>
		<COLOR>#72f957</COLOR>
		<COVARIANCE_MATRIX>[[5.73275201531942e-06, 1.1659637493721675e-05, 1.212430106534157e-05, -6.958482572372304e-06, -2.943554363810108e-06, 4.432536684362276e-07], [1.1659637493721675e-05, 2.7194471840630285e-05, 2.7002506612916477e-05, -1.8459861166775227e-05, -9.0074909167015e-06, -1.046409124683123e-06], [1.212430106534157e-05, 2.7002506612916477e-05, 3.0351004170370288e-05, -1.446166425012052e-05, -7.939160241221543e-06, -6.798570666433079e-07], [-6.958482572372304e-06, -1.8459861166775227e-05, -1.446166425012052e-05, 6.349752948153764e-05, 4.164042547927238e-05, 2.2451504264608957e-05], [-2.943554363810108e-06, -9.0074909167015e-06, -7.939160241221543e-06, 4.164042547927238e-05, 3.4552678698673844e-05, 2.09101963264402e-05], [4.432536684362276e-07, -1.046409124683123e-06, -6.798570666433079e-07, 2.2451504264608957e-05, 2.09101963264402e-05, 1.4778788681724109e-05]]</COVARIANCE_MATRIX>
		<ROI_SIZE>290</ROI_SIZE>
		<MAX_VALUE>[0.10586652904748917, 0.10719645023345947, 0.09193016588687897, 0.06588606536388397, 0.04114414006471634, 0.030283203348517418]</MAX_VALUE>
		<MIN_VALUE>[0.08821750432252884, 0.0728403851389885, 0.05580088496208191, 0.021389413625001907, 0.004848627373576164, 0.0027152295224368572]</MIN_VALUE>
		<SIGNATURE_THRESHOLD_MD>0.0</SIGNATURE_THRESHOLD_MD>
		<SIGNATURE_THRESHOLD_ML>0.0</SIGNATURE_THRESHOLD_ML>
		<SIGNATURE_THRESHOLD_SAM>0.0</SIGNATURE_THRESHOLD_SAM>
	</signature>
	<signature ID="20210205_170457277264_529">
		<MACROCLASSID>1</MACROCLASSID>
		<MACROCLASSINFO>waterbody</MACROCLASSINFO>
		<CLASSID>9</CLASSID>
		<CLASSINFO>C 1</CLASSINFO>
		<VALUES>[0.1029461702475181, 0.0020385867303858774, 0.10863825793449695, 0.002732375805774529, 0.10824237477320892, 0.00422809351342549, 0.06893750251485753, 0.022144575397690124, 0.039091207176590204, 0.020750658097650025, 0.027755516339451645, 0.015354311369184337]</VALUES>
		<LCS_MIN>[0.09977109730243683, 0.10190451145172119, 0.09783165156841278, 0.035464316606521606, 0.006178549490869045, 0.005097994115203619]</LCS_MIN>
		<LCS_MAX>[0.10855408012866974, 0.1145663782954216, 0.11841759085655212, 0.11448327451944351, 0.0855022594332695, 0.06386348605155945]</LCS_MAX>
		<WAVELENGTH>[0.48, 0.56, 0.655, 0.865, 1.61, 2.2]</WAVELENGTH>
		<MEAN_VALUE>[0.1029461702475181, 0.10863825793449695, 0.10824237477320892, 0.06893750251485753, 0.039091207176590204, 0.027755516339451645]</MEAN_VALUE>
		<CHECKBOX>2</CHECKBOX>
		<SD>[0.0020385867303858774, 0.002732375805774529, 0.00422809351342549, 0.022144575397690124, 0.020750658097650025, 0.015354311369184337]</SD>
		<WAVELENGTH_UNIT>E-6m</WAVELENGTH_UNIT>
		<COLOR>#dbf015</COLOR>
		<COVARIANCE_MATRIX>[[4.237322627886897e-06, 4.665047072194284e-06, 7.255911896209e-06, 7.112026651157066e-06, 1.274123314942699e-05, 1.2086224160157144e-05], [4.665047072194284e-06, 7.612267381773563e-06, 1.12231982711819e-05, -1.793147202988621e-05, -8.247215191659052e-06, -2.103711949530407e-06], [7.255911896209e-06, 1.12231982711819e-05, 1.8227299733553082e-05, -1.972993413801305e-05, -1.253291543434898e-06, 5.6308626881218515e-06], [7.112026651157066e-06, -1.793147202988621e-05, -1.972993413801305e-05, 0.0004999975790269673, 0.00042693637078627944, 0.00030182849150151014], [1.274123314942699e-05, -8.247215191659052e-06, -1.253291543434898e-06, 0.00042693637078627944, 0.00043903273763135076, 0.000317971600452438], [1.2086224160157144e-05, -2.103711949530407e-06, 5.6308626881218515e-06, 0.00030182849150151014, 0.000317971600452438, 0.0002403775288257748]]</COVARIANCE_MATRIX>
		<ROI_SIZE>52</ROI_SIZE>
		<MAX_VALUE>[0.10855408012866974, 0.1145663782954216, 0.11841759085655212, 0.11448327451944351, 0.0855022594332695, 0.06386348605155945]</MAX_VALUE>
		<MIN_VALUE>[0.09977109730243683, 0.10190451145172119, 0.09783165156841278, 0.035464316606521606, 0.006178549490869045, 0.005097994115203619]</MIN_VALUE>
		<SIGNATURE_THRESHOLD_MD>0.0</SIGNATURE_THRESHOLD_MD>
		<SIGNATURE_THRESHOLD_ML>0.0</SIGNATURE_THRESHOLD_ML>
		<SIGNATURE_THRESHOLD_SAM>0.0</SIGNATURE_THRESHOLD_SAM>
	</signature>
	<signature ID="20210205_170514181417_910">
		<MACROCLASSID>1</MACROCLASSID>
		<MACROCLASSINFO>waterbody</MACROCLASSINFO>
		<CLASSID>10</CLASSID>
		<CLASSINFO>C 1</CLASSINFO>
		<VALUES>[0.09924266844530694, 0.0026266216820056247, 0.09064555044570792, 0.004525179057209282, 0.04970960474411463, 0.005661887693133647, 0.024097028016072546, 0.004062875468581156, 0.012652303146650197, 0.00403379138839078, 0.008824635054630416, 0.0033118022513213426]</VALUES>
		<LCS_MIN>[0.0836736410856247, 0.07018056511878967, 0.04380396753549576, 0.020696749910712242, 0.0050425780937075615, 0.003962022718042135]</LCS_MIN>
		<LCS_MAX>[0.10403791815042496, 0.11005021631717682, 0.08558538556098938, 0.05247611179947853, 0.041116438806056976, 0.034577712416648865]</LCS_MAX>
		<WAVELENGTH>[0.48, 0.56, 0.655, 0.865, 1.61, 2.2]</WAVELENGTH>
		<MEAN_VALUE>[0.09924266844530694, 0.09064555044570792, 0.04970960474411463, 0.024097028016072546, 0.012652303146650197, 0.008824635054630416]</MEAN_VALUE>
		<CHECKBOX>2</CHECKBOX>
		<SD>[0.0026266216820056247, 0.004525179057209282, 0.005661887693133647, 0.004062875468581156, 0.00403379138839078, 0.0033118022513213426]</SD>
		<WAVELENGTH_UNIT>E-6m</WAVELENGTH_UNIT>
		<COLOR>#25c12e</COLOR>
		<COVARIANCE_MATRIX>[[6.905762347741984e-06, 9.694900654722005e-06, -4.241603164700791e-06, -5.07103050040314e-06, -5.369637619878631e-06, -4.516061835602159e-06], [9.694900654722005e-06, 2.0496896468102932e-05, 6.131882855697768e-06, -4.476156391319819e-06, -6.751905857527163e-06, -5.621353466267465e-06], [-4.241603164700791e-06, 6.131882855697768e-06, 3.20877370540984e-05, 1.3952397239336278e-05, 9.623649930290412e-06, 8.221694770327304e-06], [-5.07103050040314e-06, -4.476156391319819e-06, 1.3952397239336278e-05, 1.6522799342055805e-05, 1.3874723663320765e-05, 1.1269805327174254e-05], [-5.369637619878631e-06, -6.751905857527163e-06, 9.623649930290412e-06, 1.3874723663320765e-05, 1.6287089238176122e-05, 1.3154127373127267e-05], [-4.516061835602159e-06, -5.621353466267465e-06, 8.221694770327304e-06, 1.1269805327174254e-05, 1.3154127373127267e-05, 1.0978559657814912e-05]]</COVARIANCE_MATRIX>
		<ROI_SIZE>1043</ROI_SIZE>
		<MAX_VALUE>[0.10403791815042496, 0.11005021631717682, 0.08558538556098938, 0.05247611179947853, 0.041116438806056976, 0.034577712416648865]</MAX_VALUE>
		<MIN_VALUE>[0.0836736410856247, 0.07018056511878967, 0.04380396753549576, 0.020696749910712242, 0.0050425780937075615, 0.003962022718042135]</MIN_VALUE>
		<SIGNATURE_THRESHOLD_MD>0.0</SIGNATURE_THRESHOLD_MD>
		<SIGNATURE_THRESHOLD_ML>0.0</SIGNATURE_THRESHOLD_ML>
		<SIGNATURE_THRESHOLD_SAM>0.0</SIGNATURE_THRESHOLD_SAM>
	</signature>
	<signature ID="20210205_170527325484_977">
		<MACROCLASSID>1</MACROCLASSID>
		<MACROCLASSINFO>waterbody</MACROCLASSINFO>
		<CLASSID>11</CLASSID>
		<CLASSINFO>C 1</CLASSINFO>
		<VALUES>[0.09251907911706478, 0.0017456960540813112, 0.08576105281393576, 0.0028233260755147556, 0.054467441791549644, 0.008736235054491925, 0.03745918550548401, 0.019811092356621353, 0.02748307700645416, 0.020100137479323276, 0.020918994250291208, 0.015077539231862417]</VALUES>
		<LCS_MIN>[0.0890209898352623, 0.07835397124290466, 0.04474598541855812, 0.019533075392246246, 0.00867212563753128, 0.007120570167899132]</LCS_MIN>
		<LCS_MAX>[0.09846889972686768, 0.09306614845991135, 0.07840940356254578, 0.09578137844800949, 0.08788501471281052, 0.060704950243234634]</LCS_MAX>
		<WAVELENGTH>[0.48, 0.56, 0.655, 0.865, 1.61, 2.2]</WAVELENGTH>
		<MEAN_VALUE>[0.09251907911706478, 0.08576105281393576, 0.054467441791549644, 0.03745918550548401, 0.02748307700645416, 0.020918994250291208]</MEAN_VALUE>
		<CHECKBOX>2</CHECKBOX>
		<SD>[0.0017456960540813112, 0.0028233260755147556, 0.008736235054491925, 0.019811092356621353, 0.020100137479323276, 0.015077539231862417]</SD>
		<WAVELENGTH_UNIT>E-6m</WAVELENGTH_UNIT>
		<COLOR>#00cfb0</COLOR>
		<COVARIANCE_MATRIX>[[3.1137037694861647e-06, 4.442877070687246e-06, 5.106573553348426e-06, 7.350684882112546e-06, 7.028706022538245e-06, 5.489669547387166e-06], [4.442877070687246e-06, 8.14445684227394e-06, 7.363661552517442e-06, 9.802837666939013e-06, 7.41352823752095e-06, 7.3384780989727005e-06], [5.106573553348426e-06, 7.363661552517442e-06, 7.798097067279741e-05, 0.0001619237445993349, 0.00015679156058467925, 0.00012205091479700059], [7.350684882112546e-06, 9.802837666939013e-06, 0.0001619237445993349, 0.00040101155173033476, 0.00038520610542036593, 0.00029357930179685354], [7.028706022538245e-06, 7.41352823752095e-06, 0.00015679156058467925, 0.00038520610542036593, 0.0004127984866499901, 0.00030594965210184455], [5.489669547387166e-06, 7.3384780989727005e-06, 0.00012205091479700059, 0.00029357930179685354, 0.00030594965210184455, 0.0002322741929674521]]</COVARIANCE_MATRIX>
		<ROI_SIZE>47</ROI_SIZE>
		<MAX_VALUE>[0.09846889972686768, 0.09306614845991135, 0.07840940356254578, 0.09578137844800949, 0.08788501471281052, 0.060704950243234634]</MAX_VALUE>
		<MIN_VALUE>[0.0890209898352623, 0.07835397124290466, 0.04474598541855812, 0.019533075392246246, 0.00867212563753128, 0.007120570167899132]</MIN_VALUE>
		<SIGNATURE_THRESHOLD_MD>0.0</SIGNATURE_THRESHOLD_MD>
		<SIGNATURE_THRESHOLD_ML>0.0</SIGNATURE_THRESHOLD_ML>
		<SIGNATURE_THRESHOLD_SAM>0.0</SIGNATURE_THRESHOLD_SAM>
	</signature>
	<signature ID="20210205_170555160003_494">
		<MACROCLASSID>1</MACROCLASSID>
		<MACROCLASSINFO>waterbody</MACROCLASSINFO>
		<CLASSID>12</CLASSID>
		<CLASSINFO>C 1</CLASSINFO>
		<VALUES>[0.0954396625359853, 0.0020910731498869337, 0.08827599000047755, 0.004470666126630943, 0.07241453064812554, 0.0049654381469888065, 0.04713388656576474, 0.013741670488818651, 0.021501265914627796, 0.009325918360564551, 0.013808094534195134, 0.0068242710932496]</VALUES>
		<LCS_MIN>[0.08744172751903534, 0.07178753614425659, 0.05513593554496765, 0.03133604675531387, 0.010306810028851032, 0.006206252612173557]</LCS_MIN>
		<LCS_MAX>[0.09902304410934448, 0.09353715926408768, 0.08012720197439194, 0.08503124862909317, 0.04474598541855812, 0.03538120537996292]</LCS_MAX>
		<WAVELENGTH>[0.48, 0.56, 0.655, 0.865, 1.61, 2.2]</WAVELENGTH>
		<MEAN_VALUE>[0.0954396625359853, 0.08827599000047755, 0.07241453064812554, 0.04713388656576474, 0.021501265914627796, 0.013808094534195134]</MEAN_VALUE>
		<CHECKBOX>2</CHECKBOX>
		<SD>[0.0020910731498869337, 0.004470666126630943, 0.0049654381469888065, 0.013741670488818651, 0.009325918360564551, 0.0068242710932496]</SD>
		<WAVELENGTH_UNIT>E-6m</WAVELENGTH_UNIT>
		<COLOR>#5724ff</COLOR>
		<COVARIANCE_MATRIX>[[4.5407632569549605e-06, 9.389804290549364e-06, 1.0558951544226147e-05, -9.883398206511629e-07, 4.1223589164474106e-07, 2.053943262581015e-06], [9.389804290549364e-06, 2.07555804081494e-05, 2.212245271948632e-05, -9.925024642143399e-06, -4.108519078727113e-06, 1.2064564316460746e-06], [1.0558951544226147e-05, 2.212245271948632e-05, 2.5603867470636033e-05, 2.648176177899586e-06, 6.086739631427918e-06, 9.01229759620037e-06], [-9.883398206511629e-07, -9.925024642143399e-06, 2.648176177899586e-06, 0.00019609634182415903, 0.00011402356904000044, 7.061986980261281e-05], [4.1223589164474106e-07, -4.108519078727113e-06, 6.086739631427918e-06, 0.00011402356904000044, 9.031785884872079e-05, 6.1012910009594634e-05], [2.053943262581015e-06, 1.2064564316460746e-06, 9.01229759620037e-06, 7.061986980261281e-05, 6.1012910009594634e-05, 4.836185689782724e-05]]</COVARIANCE_MATRIX>
		<ROI_SIZE>27</ROI_SIZE>
		<MAX_VALUE>[0.09902304410934448, 0.09353715926408768, 0.08012720197439194, 0.08503124862909317, 0.04474598541855812, 0.03538120537996292]</MAX_VALUE>
		<MIN_VALUE>[0.08744172751903534, 0.07178753614425659, 0.05513593554496765, 0.03133604675531387, 0.010306810028851032, 0.006206252612173557]</MIN_VALUE>
		<SIGNATURE_THRESHOLD_MD>0.0</SIGNATURE_THRESHOLD_MD>
		<SIGNATURE_THRESHOLD_ML>0.0</SIGNATURE_THRESHOLD_ML>
		<SIGNATURE_THRESHOLD_SAM>0.0</SIGNATURE_THRESHOLD_SAM>
	</signature>
	<signature ID="20210205_170613769914_776">
		<MACROCLASSID>1</MACROCLASSID>
		<MACROCLASSINFO>waterbody</MACROCLASSINFO>
		<CLASSID>13</CLASSID>
		<CLASSINFO>C 1</CLASSINFO>
		<VALUES>[0.1055832722702542, 0.0022841033683312496, 0.11839341093214323, 0.004830508244486774, 0.08473241714667175, 0.005456106951762416, 0.03147484908333506, 0.005221317706009783, 0.012418231000030647, 0.004742683650895446, 0.008256853358553978, 0.00347043445992261]</VALUES>
		<LCS_MIN>[0.09492246061563492, 0.09414669871330261, 0.06813028454780579, 0.025351446121931076, 0.005236518569290638, 0.0045438650995492935]</LCS_MIN>
		<LCS_MAX>[0.10996711254119873, 0.1275053173303604, 0.09891220927238464, 0.056216489523649216, 0.0368773452937603, 0.026930714026093483]</LCS_MAX>
		<WAVELENGTH>[0.48, 0.56, 0.655, 0.865, 1.61, 2.2]</WAVELENGTH>
		<MEAN_VALUE>[0.1055832722702542, 0.11839341093214323, 0.08473241714667175, 0.03147484908333506, 0.012418231000030647, 0.008256853358553978]</MEAN_VALUE>
		<CHECKBOX>2</CHECKBOX>
		<SD>[0.0022841033683312496, 0.004830508244486774, 0.005456106951762416, 0.005221317706009783, 0.004742683650895446, 0.00347043445992261]</SD>
		<WAVELENGTH_UNIT>E-6m</WAVELENGTH_UNIT>
		<COLOR>#710e96</COLOR>
		<COVARIANCE_MATRIX>[[5.227219389780657e-06, 1.057535337167792e-05, 7.076718247844838e-06, -3.3721582894941093e-06, -2.6347038328822237e-06, -1.703091356830555e-06], [1.057535337167792e-05, 2.3378943296847865e-05, 1.597082882653922e-05, -9.999903340940364e-06, -8.212096872739494e-06, -5.608701030723751e-06], [7.076718247844838e-06, 1.597082882653922e-05, 2.9826684112777002e-05, 6.107879471528577e-06, -1.2257463595233276e-06, -9.294109872826084e-07], [-3.3721582894941093e-06, -9.999903340940364e-06, 6.107879471528577e-06, 2.7314890758134425e-05, 2.0796949684154242e-05, 1.5056320080475416e-05], [-2.6347038328822237e-06, -8.212096872739494e-06, -1.2257463595233276e-06, 2.0796949684154242e-05, 2.253655475215055e-05, 1.6006468285922892e-05], [-1.703091356830555e-06, -5.608701030723751e-06, -9.294109872826084e-07, 1.5056320080475416e-05, 1.6006468285922892e-05, 1.2067211173416581e-05]]</COVARIANCE_MATRIX>
		<ROI_SIZE>518</ROI_SIZE>
		<MAX_VALUE>[0.10996711254119873, 0.1275053173303604, 0.09891220927238464, 0.056216489523649216, 0.0368773452937603, 0.026930714026093483]</MAX_VALUE>
		<MIN_VALUE>[0.09492246061563492, 0.09414669871330261, 0.06813028454780579, 0.025351446121931076, 0.005236518569290638, 0.0045438650995492935]</MIN_VALUE>
		<SIGNATURE_THRESHOLD_MD>0.0</SIGNATURE_THRESHOLD_MD>
		<SIGNATURE_THRESHOLD_ML>0.0</SIGNATURE_THRESHOLD_ML>
		<SIGNATURE_THRESHOLD_SAM>0.0</SIGNATURE_THRESHOLD_SAM>
	</signature>
	<signature ID="20210205_170631072715_968">
		<MACROCLASSID>1</MACROCLASSID>
		<MACROCLASSINFO>waterbody</MACROCLASSINFO>
		<CLASSID>14</CLASSID>
		<CLASSINFO>C 1</CLASSINFO>
		<VALUES>[0.08674189870227252, 0.0036058887857638613, 0.08773612134800053, 0.007115824905908626, 0.06470174223974053, 0.009873259212217043, 0.028486958291652965, 0.007002764784121402, 0.015511415858709838, 0.007313946811167586, 0.011614431998698618, 0.006177900411319427]</VALUES>
		<LCS_MIN>[0.0787418782711029, 0.06782551109790802, 0.04610361158847809, 0.01848023198544979, 0.007868640124797821, 0.004765508230775595]</LCS_MIN>
		<LCS_MAX>[0.0963355153799057, 0.10439809411764145, 0.09129291772842407, 0.0570753812789917, 0.04394249990582466, 0.03795790299773216]</LCS_MAX>
		<WAVELENGTH>[0.48, 0.56, 0.655, 0.865, 1.61, 2.2]</WAVELENGTH>
		<MEAN_VALUE>[0.08674189870227252, 0.08773612134800053, 0.06470174223974053, 0.028486958291652965, 0.015511415858709838, 0.011614431998698618]</MEAN_VALUE>
		<CHECKBOX>2</CHECKBOX>
		<SD>[0.0036058887857638613, 0.007115824905908626, 0.009873259212217043, 0.007002764784121402, 0.007313946811167586, 0.006177900411319427]</SD>
		<WAVELENGTH_UNIT>E-6m</WAVELENGTH_UNIT>
		<COLOR>#3e093f</COLOR>
		<COVARIANCE_MATRIX>[[1.3045631021668669e-05, 2.5040393666131422e-05, 3.19504615617916e-05, 1.0694855518522672e-05, 8.072195669228677e-06, 6.698042852804065e-06], [2.5040393666131422e-05, 5.080318805994466e-05, 6.502621545223519e-05, 1.6882107956917025e-05, 1.1345201528456528e-05, 9.433501872990746e-06], [3.19504615617916e-05, 6.502621545223519e-05, 9.780510299606249e-05, 4.0853316022548825e-05, 3.446892151259817e-05, 2.9566852390416898e-05], [1.0694855518522672e-05, 1.6882107956917025e-05, 4.0853316022548825e-05, 4.920163337374106e-05, 4.675514719565399e-05, 4.0076407458400354e-05], [8.072195669228677e-06, 1.1345201528456528e-05, 3.446892151259817e-05, 4.675514719565399e-05, 5.367153789848089e-05, 4.48653991043102e-05], [6.698042852804065e-06, 9.433501872990746e-06, 2.9566852390416898e-05, 4.0076407458400354e-05, 4.48653991043102e-05, 3.829325214610435e-05]]</COVARIANCE_MATRIX>
		<ROI_SIZE>302</ROI_SIZE>
		<MAX_VALUE>[0.0963355153799057, 0.10439809411764145, 0.09129291772842407, 0.0570753812789917, 0.04394249990582466, 0.03795790299773216]</MAX_VALUE>
		<MIN_VALUE>[0.0787418782711029, 0.06782551109790802, 0.04610361158847809, 0.01848023198544979, 0.007868640124797821, 0.004765508230775595]</MIN_VALUE>
		<SIGNATURE_THRESHOLD_MD>0.0</SIGNATURE_THRESHOLD_MD>
		<SIGNATURE_THRESHOLD_ML>0.0</SIGNATURE_THRESHOLD_ML>
		<SIGNATURE_THRESHOLD_SAM>0.0</SIGNATURE_THRESHOLD_SAM>
	</signature>
	<signature ID="20210205_170641861314_312">
		<MACROCLASSID>1</MACROCLASSID>
		<MACROCLASSINFO>waterbody</MACROCLASSINFO>
		<CLASSID>15</CLASSID>
		<CLASSINFO>C 1</CLASSINFO>
		<VALUES>[0.08354562368598545, 0.0013061718229361115, 0.0867532586027551, 0.0035625996973148366, 0.06410380637906961, 0.00520588968787166, 0.032215632775642246, 0.005588333048935703, 0.012891952825524093, 0.004609133180833802, 0.008918380575003501, 0.0035882647394203412]</VALUES>
		<LCS_MIN>[0.07890811562538147, 0.056438133120536804, 0.046048205345869064, 0.024963553994894028, 0.0038512011524289846, 0.004239092580974102]</LCS_MIN>
		<LCS_MAX>[0.08860538899898529, 0.10165516287088394, 0.09115438163280487, 0.059319622814655304, 0.04158744961023331, 0.03770853579044342]</LCS_MAX>
		<WAVELENGTH>[0.48, 0.56, 0.655, 0.865, 1.61, 2.2]</WAVELENGTH>
		<MEAN_VALUE>[0.08354562368598545, 0.0867532586027551, 0.06410380637906961, 0.032215632775642246, 0.012891952825524093, 0.008918380575003501]</MEAN_VALUE>
		<CHECKBOX>2</CHECKBOX>
		<SD>[0.0013061718229361115, 0.0035625996973148366, 0.00520588968787166, 0.005588333048935703, 0.004609133180833802, 0.0035882647394203412]</SD>
		<WAVELENGTH_UNIT>E-6m</WAVELENGTH_UNIT>
		<COLOR>#5ec72f</COLOR>
		<COVARIANCE_MATRIX>[[1.7076943095162278e-06, 3.821374775725417e-06, 5.108814093546243e-06, 3.4918061828648206e-06, 1.8626122937348555e-06, 1.375807187287137e-06], [3.821374775725417e-06, 1.2704090295301285e-05, 1.5075356714078225e-05, 6.200297320901882e-06, 4.3027174001508683e-07, -3.820422307398985e-07], [5.108814093546243e-06, 1.5075356714078225e-05, 2.7126854547532275e-05, 1.9874456484103575e-05, 7.862637176003773e-06, 5.360201612347737e-06], [3.4918061828648206e-06, 6.200297320901882e-06, 1.9874456484103575e-05, 3.1258929084287956e-05, 2.0941275579389185e-05, 1.5728437574580312e-05], [1.8626122937348555e-06, 4.3027174001508683e-07, 7.862637176003773e-06, 2.0941275579389185e-05, 2.126414983649738e-05, 1.6228754248004407e-05], [1.375807187287137e-06, -3.820422307398985e-07, 5.360201612347737e-06, 1.5728437574580312e-05, 1.6228754248004407e-05, 1.2887790944660082e-05]]</COVARIANCE_MATRIX>
		<ROI_SIZE>1061</ROI_SIZE>
		<MAX_VALUE>[0.08860538899898529, 0.10165516287088394, 0.09115438163280487, 0.059319622814655304, 0.04158744961023331, 0.03770853579044342]</MAX_VALUE>
		<MIN_VALUE>[0.07890811562538147, 0.056438133120536804, 0.046048205345869064, 0.024963553994894028, 0.0038512011524289846, 0.004239092580974102]</MIN_VALUE>
		<SIGNATURE_THRESHOLD_MD>0.0</SIGNATURE_THRESHOLD_MD>
		<SIGNATURE_THRESHOLD_ML>0.0</SIGNATURE_THRESHOLD_ML>
		<SIGNATURE_THRESHOLD_SAM>0.0</SIGNATURE_THRESHOLD_SAM>
	</signature>
	<signature ID="20210205_170650513206_729">
		<MACROCLASSID>1</MACROCLASSID>
		<MACROCLASSINFO>waterbody</MACROCLASSINFO>
		<CLASSID>16</CLASSID>
		<CLASSINFO>C 1</CLASSINFO>
