<?xml version="1.0" ?>
<signaturelist MCID_LIST="[['1', 'waterbody', '#0000ff'], ['2', 'vegetation', '#00ff00'], ['3', 'bareland', '#ffaa00'], ['4', 'built-up', '#ff0000']]">
	<signature ID="20200805_135126348757_132">
		<MACROCLASSID>1</MACROCLASSID>
		<MACROCLASSINFO>MC 1</MACROCLASSINFO>
		<CLASSID>1</CLASSID>
		<CLASSINFO>C 1</CLASSINFO>
		<VALUES>[0.09549362154958688, 0.00262296871156658, 0.07403232741372412, 0.0032734160559372686, 0.05889011251290999, 0.0037964959143110045, 0.04903370891453742, 0.0055950990917332235, 0.03289371119728723, 0.004744173024153466, 0.02633178193967951, 0.003965438964091469]</VALUES>
		<LCS_MIN>[0.08240313082933426, 0.05962096527218819, 0.04095133766531944, 0.0283961221575737, 0.011793635785579681, 0.008181561715900898]</LCS_MIN>
		<LCS_MAX>[0.10333575308322906, 0.0851883515715599, 0.069565050303936, 0.1145201250910759, 0.06997847557067871, 0.04321431368589401]</LCS_MAX>
		<WAVELENGTH>[0.48, 0.56, 0.655, 0.865, 1.61, 2.2]</WAVELENGTH>
		<MEAN_VALUE>[0.09549362154958688, 0.07403232741372412, 0.05889011251290999, 0.04903370891453742, 0.03289371119728723, 0.02633178193967951]</MEAN_VALUE>
		<CHECKBOX>2</CHECKBOX>
		<SD>[0.00262296871156658, 0.0032734160559372686, 0.0037964959143110045, 0.0055950990917332235, 0.004744173024153466, 0.003965438964091469]</SD>
		<WAVELENGTH_UNIT>E-6m</WAVELENGTH_UNIT>
		<COLOR>#ca6b7c</COLOR>
		<COVARIANCE_MATRIX>[[6.3814477471169084e-06, 7.736581210338045e-06, 8.877574146026745e-06, 1.0362981811340433e-05, 1.0001172086049337e-05, 8.550500751880463e-06], [7.736581210338045e-06, 9.860359568847343e-06, 1.1088603059761226e-05, 1.3289018170326017e-05, 1.267918196390383e-05, 1.0779137483041268e-05], [8.877574146026745e-06, 1.1088603059761226e-05, 1.2851588508056011e-05, 1.5357716620201245e-05, 1.481803337810561e-05, 1.2635241546377074e-05], [1.0362981811340433e-05, 1.3289018170326017e-05, 1.5357716620201245e-05, 2.6170626370003447e-05, 2.033712007687427e-05, 1.5978061128407717e-05], [1.0001172086049337e-05, 1.267918196390383e-05, 1.481803337810561e-05, 2.033712007687427e-05, 1.8925835320260376e-05, 1.559880365675781e-05], [8.550500751880463e-06, 1.0779137483041268e-05, 1.2635241546377074e-05, 1.5978061128407717e-05, 1.559880365675781e-05, 1.3264392691780813e-05]]</COVARIANCE_MATRIX>
		<ROI_SIZE>9889</ROI_SIZE>
		<MAX_VALUE>[0.10333575308322906, 0.0851883515715599, 0.069565050303936, 0.1145201250910759, 0.06997847557067871, 0.04321431368589401]</MAX_VALUE>
		<MIN_VALUE>[0.08240313082933426, 0.05962096527218819, 0.04095133766531944, 0.0283961221575737, 0.011793635785579681, 0.008181561715900898]</MIN_VALUE>
		<SIGNATURE_THRESHOLD_MD>0.0</SIGNATURE_THRESHOLD_MD>
		<SIGNATURE_THRESHOLD_ML>0.0</SIGNATURE_THRESHOLD_ML>
		<SIGNATURE_THRESHOLD_SAM>0.0</SIGNATURE_THRESHOLD_SAM>
	</signature>
	<signature ID="20200805_140125519672_782">
		<MACROCLASSID>1</MACROCLASSID>
		<MACROCLASSINFO>MC 1</MACROCLASSINFO>
		<CLASSID>2</CLASSID>
		<CLASSINFO>C 1</CLASSINFO>
		<VALUES>[0.10346389287202012, 0.0026206395507279547, 0.10222408399568493, 0.0036256775209068137, 0.07218554629971789, 0.003376341480107402, 0.05909949661668263, 0.008525611724246285, 0.02622945442221657, 0.004114341301763407, 0.020045944594519013, 0.0035362672657062912]</VALUES>
		<LCS_MIN>[0.09186851978302002, 0.08340407907962799, 0.060926541686058044, 0.04134300351142883, 0.012664013542234898, 0.008181561715900898]</LCS_MIN>
		<LCS_MAX>[0.11301872879266739, 0.11238770186901093, 0.08379574865102768, 0.12455125153064728, 0.06449509412050247, 0.03773093596100807]</LCS_MAX>
		<WAVELENGTH>[0.48, 0.56, 0.655, 0.865, 1.61, 2.2]</WAVELENGTH>
		<MEAN_VALUE>[0.10346389287202012, 0.10222408399568493, 0.07218554629971789, 0.05909949661668263, 0.02622945442221657, 0.020045944594519013]</MEAN_VALUE>
		<CHECKBOX>2</CHECKBOX>
		<SD>[0.0026206395507279547, 0.0036256775209068137, 0.003376341480107402, 0.008525611724246285, 0.004114341301763407, 0.0035362672657062912]</SD>
		<WAVELENGTH_UNIT>E-6m</WAVELENGTH_UNIT>
		<COLOR>#99faaf</COLOR>
		<COVARIANCE_MATRIX>[[7.583660135423997e-06, 9.455435247218702e-06, 8.94200275070034e-06, 8.747665560804307e-06, 7.937538612168282e-06, 7.488215032935841e-06], [9.455435247218702e-06, 1.467065612814622e-05, 1.159621388069354e-05, 1.8513266695663333e-05, 9.504893569101114e-06, 9.296738426201046e-06], [8.94200275070034e-06, 1.159621388069354e-05, 1.1655021808110178e-05, 1.1466501746326685e-05, 1.1414391337893903e-05, 1.0676580131985247e-05], [8.747665560804307e-06, 1.8513266695663333e-05, 1.1466501746326685e-05, 7.850719703128561e-05, 1.884626180981286e-05, 1.3380315976974089e-05], [7.937538612168282e-06, 9.504893569101114e-06, 1.1414391337893903e-05, 1.884626180981286e-05, 1.6556303307879716e-05, 1.3688441867998336e-05], [7.488215032935841e-06, 9.296738426201046e-06, 1.0676580131985247e-05, 1.3380315976974089e-05, 1.3688441867998336e-05, 1.207105287903687e-05]]</COVARIANCE_MATRIX>
		<ROI_SIZE>8824</ROI_SIZE>
		<MAX_VALUE>[0.11301872879266739, 0.11238770186901093, 0.08379574865102768, 0.12455125153064728, 0.06449509412050247, 0.03773093596100807]</MAX_VALUE>
		<MIN_VALUE>[0.09186851978302002, 0.08340407907962799, 0.060926541686058044, 0.04134300351142883, 0.012664013542234898, 0.008181561715900898]</MIN_VALUE>
		<SIGNATURE_THRESHOLD_MD>0.0</SIGNATURE_THRESHOLD_MD>
		<SIGNATURE_THRESHOLD_ML>0.0</SIGNATURE_THRESHOLD_ML>
		<SIGNATURE_THRESHOLD_SAM>0.0</SIGNATURE_THRESHOLD_SAM>
	</signature>
	<signature ID="20200805_140133482245_893">
		<MACROCLASSID>1</MACROCLASSID>
		<MACROCLASSINFO>MC 1</MACROCLASSINFO>
		<CLASSID>3</CLASSID>
		<CLASSINFO>C 1</CLASSINFO>
		<VALUES>[0.10707233822661265, 0.0025779251045330532, 0.1035037233885822, 0.003552592021523756, 0.0782317090524386, 0.004084246936108652, 0.05588946424620119, 0.007338432317215712, 0.031830034543080456, 0.005320224156223776, 0.025032615139241484, 0.004207424985920195]</VALUES>
		<LCS_MIN>[0.09136803448200226, 0.07977023720741272, 0.061383478343486786, 0.03605545312166214, 0.01259873528033495, 0.008268595673143864]</LCS_MIN>
		<LCS_MAX>[0.12964296340942383, 0.12844620645046234, 0.11865442991256714, 0.1273147016763687, 0.10224778205156326, 0.09165091812610626]</LCS_MAX>
		<WAVELENGTH>[0.48, 0.56, 0.655, 0.865, 1.61, 2.2]</WAVELENGTH>
		<MEAN_VALUE>[0.10707233822661265, 0.1035037233885822, 0.0782317090524386, 0.05588946424620119, 0.031830034543080456, 0.025032615139241484]</MEAN_VALUE>
		<CHECKBOX>2</CHECKBOX>
		<SD>[0.0025779251045330532, 0.003552592021523756, 0.004084246936108652, 0.007338432317215712, 0.005320224156223776, 0.004207424985920195]</SD>
		<WAVELENGTH_UNIT>E-6m</WAVELENGTH_UNIT>
		<COLOR>#2f5f68</COLOR>
		<COVARIANCE_MATRIX>[[6.875981853227131e-06, 8.689523383509368e-06, 8.775719834375195e-06, 4.538751454674639e-06, 7.435758107021684e-06, 7.238406851683976e-06], [8.689523383509368e-06, 1.3164719348424114e-05, 1.1607419764914084e-05, 7.2021489359030966e-06, 9.51220681599807e-06, 9.384610166307539e-06], [8.775719834375195e-06, 1.1607419764914084e-05, 1.5202967006189283e-05, 1.1941388947889209e-05, 1.427291408617748e-05, 1.2767161024385132e-05], [4.538751454674639e-06, 7.2021489359030966e-06, 1.1941388947889209e-05, 4.453502697288059e-05, 2.73838759312639e-05, 1.8681615983950906e-05], [7.435758107021684e-06, 9.51220681599807e-06, 1.427291408617748e-05, 2.73838759312639e-05, 2.36330961342901e-05, 1.8088818251271732e-05], [7.238406851683976e-06, 9.384610166307539e-06, 1.2767161024385132e-05, 1.8681615983950906e-05, 1.8088818251271732e-05, 1.5086154235177673e-05]]</COVARIANCE_MATRIX>
		<ROI_SIZE>7563</ROI_SIZE>
		<MAX_VALUE>[0.12964296340942383, 0.12844620645046234, 0.11865442991256714, 0.1273147016763687, 0.10224778205156326, 0.09165091812610626]</MAX_VALUE>
		<MIN_VALUE>[0.09136803448200226, 0.07977023720741272, 0.061383478343486786, 0.03605545312166214, 0.01259873528033495, 0.008268595673143864]</MIN_VALUE>
		<SIGNATURE_THRESHOLD_MD>0.0</SIGNATURE_THRESHOLD_MD>
		<SIGNATURE_THRESHOLD_ML>0.0</SIGNATURE_THRESHOLD_ML>
		<SIGNATURE_THRESHOLD_SAM>0.0</SIGNATURE_THRESHOLD_SAM>
	</signature>
	<signature ID="20200805_140154309287_913">
		<MACROCLASSID>1</MACROCLASSID>
		<MACROCLASSINFO>MC 1</MACROCLASSINFO>
		<CLASSID>4</CLASSID>
		<CLASSINFO>C 1</CLASSINFO>
		<VALUES>[0.0924991801516351, 0.0018275861236127287, 0.06667347350419056, 0.0020392420961891393, 0.047760760206298776, 0.002246681192756495, 0.036744586496364806, 0.002571661384927428, 0.02496760673236966, 0.002400509636948523, 0.0199961657326964, 0.002042943469100652]</VALUES>
		<LCS_MIN>[0.0856017917394638, 0.05944688245654106, 0.039536960422992706, 0.026633594185113907, 0.016102010384202003, 0.012468179687857628]</LCS_MIN>
		<LCS_MAX>[0.09843987226486206, 0.07365582138299942, 0.05522554740309715, 0.04567313566803932, 0.03294385224580765, 0.027134068310260773]</LCS_MAX>
		<WAVELENGTH>[0.48, 0.56, 0.655, 0.865, 1.61, 2.2]</WAVELENGTH>
		<MEAN_VALUE>[0.0924991801516351, 0.06667347350419056, 0.047760760206298776, 0.036744586496364806, 0.02496760673236966, 0.0199961657326964]</MEAN_VALUE>
		<CHECKBOX>2</CHECKBOX>
		<SD>[0.0018275861236127287, 0.0020392420961891393, 0.002246681192756495, 0.002571661384927428, 0.002400509636948523, 0.002042943469100652]</SD>
		<WAVELENGTH_UNIT>E-6m</WAVELENGTH_UNIT>
		<COLOR>#5d8aea</COLOR>
		<COVARIANCE_MATRIX>[[2.989787162732682e-06, 3.2058653687272454e-06, 3.6564799756888533e-06, 4.187785634712782e-06, 3.85001158065279e-06, 3.250147074140841e-06], [3.2058653687272454e-06, 3.857417596009327e-06, 4.124313363718102e-06, 4.6565369302697945e-06, 4.274676030036062e-06, 3.6186818306305213e-06], [3.6564799756888533e-06, 4.124313363718102e-06, 4.732789875561139e-06, 5.332770342647564e-06, 4.937066933052847e-06, 4.177447408437729e-06], [4.187785634712782e-06, 4.6565369302697945e-06, 5.332770342647564e-06, 6.221023340913234e-06, 5.702776888938388e-06, 4.829039426113013e-06], [3.85001158065279e-06, 4.274676030036062e-06, 4.937066933052847e-06, 5.702776888938388e-06, 5.489937393576838e-06, 4.602027274813736e-06], [3.250147074140841e-06, 3.6186818306305213e-06, 4.177447408437729e-06, 4.829039426113013e-06, 4.602027274813736e-06, 3.964918050769484e-06]]</COVARIANCE_MATRIX>
		<ROI_SIZE>10201</ROI_SIZE>
		<MAX_VALUE>[0.09843987226486206, 0.07365582138299942, 0.05522554740309715, 0.04567313566803932, 0.03294385224580765, 0.027134068310260773]</MAX_VALUE>
		<MIN_VALUE>[0.0856017917394638, 0.05944688245654106, 0.039536960422992706, 0.026633594185113907, 0.016102010384202003, 0.012468179687857628]</MIN_VALUE>
		<SIGNATURE_THRESHOLD_MD>0.0</SIGNATURE_THRESHOLD_MD>
		<SIGNATURE_THRESHOLD_ML>0.0</SIGNATURE_THRESHOLD_ML>
		<SIGNATURE_THRESHOLD_SAM>0.0</SIGNATURE_THRESHOLD_SAM>
	</signature>
	<signature ID="20200805_140222228808_993">
		<MACROCLASSID>1</MACROCLASSID>
		<MACROCLASSINFO>MC 1</MACROCLASSINFO>
		<CLASSID>5</CLASSID>
		<CLASSINFO>C 1</CLASSINFO>
		<VALUES>[0.09336554844359977, 0.002538244627536992, 0.07567407932929077, 0.0025644511433865875, 0.05351035745811526, 0.0027525329901564575, 0.038007833067263345, 0.004647127322068845, 0.022688446521616907, 0.0038862380775823314, 0.01741091782115872, 0.002946249309013309]</VALUES>
		<LCS_MIN>[0.08188090473413467, 0.06551778316497803, 0.04253977909684181, 0.026328960433602333, 0.011401960626244545, 0.007615816779434681]</LCS_MIN>
		<LCS_MAX>[0.1022912934422493, 0.08521010726690292, 0.06536547094583511, 0.10516355186700821, 0.08886570483446121, 0.06005614623427391]</LCS_MAX>
		<WAVELENGTH>[0.48, 0.56, 0.655, 0.865, 1.61, 2.2]</WAVELENGTH>
		<MEAN_VALUE>[0.09336554844359977, 0.07567407932929077, 0.05351035745811526, 0.038007833067263345, 0.022688446521616907, 0.01741091782115872]</MEAN_VALUE>
		<CHECKBOX>2</CHECKBOX>
		<SD>[0.002538244627536992, 0.0025644511433865875, 0.0027525329901564575, 0.004647127322068845, 0.0038862380775823314, 0.002946249309013309]</SD>
		<WAVELENGTH_UNIT>E-6m</WAVELENGTH_UNIT>
		<COLOR>#1ea81e</COLOR>
		<COVARIANCE_MATRIX>[[6.1306627685553394e-06, 6.199544259288814e-06, 6.543838480865816e-06, 5.353692813514499e-06, 4.951814389642095e-06, 4.421589892444899e-06], [6.199544259288814e-06, 6.710248726449208e-06, 7.238929356390145e-06, 7.072826974763302e-06, 6.645150733675109e-06, 5.790796421933919e-06], [6.543838480865816e-06, 7.238929356390145e-06, 8.359710591321345e-06, 9.675249202700797e-06, 9.094908818951808e-06, 7.677295798202977e-06], [5.353692813514499e-06, 7.072826974763302e-06, 9.675249202700797e-06, 2.4409231627942063e-05, 2.0155579477432184e-05, 1.4406736227101646e-05], [4.951814389642095e-06, 6.645150733675109e-06, 9.094908818951808e-06, 2.0155579477432184e-05, 1.8405058654025197e-05, 1.3685838894161861e-05], [4.421589892444899e-06, 5.790796421933919e-06, 7.677295798202977e-06, 1.4406736227101646e-05, 1.3685838894161861e-05, 1.0767505955300294e-05]]</COVARIANCE_MATRIX>
		<ROI_SIZE>8706</ROI_SIZE>
		<MAX_VALUE>[0.1022912934422493, 0.08521010726690292, 0.06536547094583511, 0.10516355186700821, 0.08886570483446121, 0.06005614623427391]</MAX_VALUE>
		<MIN_VALUE>[0.08188090473413467, 0.06551778316497803, 0.04253977909684181, 0.026328960433602333, 0.011401960626244545, 0.007615816779434681]</MIN_VALUE>
		<SIGNATURE_THRESHOLD_MD>0.0</SIGNATURE_THRESHOLD_MD>
		<SIGNATURE_THRESHOLD_ML>0.0</SIGNATURE_THRESHOLD_ML>
		<SIGNATURE_THRESHOLD_SAM>0.0</SIGNATURE_THRESHOLD_SAM>
	</signature>
	<signature ID="20200805_140242174151_955">
		<MACROCLASSID>1</MACROCLASSID>
		<MACROCLASSINFO>MC 1</MACROCLASSINFO>
		<CLASSID>6</CLASSID>
		<CLASSINFO>C 1</CLASSINFO>
		<VALUES>[0.10411665149819933, 0.0034390461466012163, 0.1058208854690737, 0.004224903486054897, 0.07844605838554149, 0.004742036739446632, 0.045031087525594496, 0.005028785229160749, 0.02362811331969168, 0.004875323692511199, 0.019064921115159318, 0.004233569732957833]</VALUES>
		<LCS_MIN>[0.09128101170063019, 0.0906064584851265, 0.0608612559735775, 0.02748221531510353, 0.007071828469634056, 0.004591243341565132]</LCS_MIN>
		<LCS_MAX>[0.11136499792337418, 0.11482476443052292, 0.0884522795677185, 0.0548773929476738, 0.033531345427036285, 0.027634527534246445]</LCS_MAX>
		<WAVELENGTH>[0.48, 0.56, 0.655, 0.865, 1.61, 2.2]</WAVELENGTH>
		<MEAN_VALUE>[0.10411665149819933, 0.1058208854690737, 0.07844605838554149, 0.045031087525594496, 0.02362811331969168, 0.019064921115159318]</MEAN_VALUE>
		<CHECKBOX>2</CHECKBOX>
		<SD>[0.0034390461466012163, 0.004224903486054897, 0.004742036739446632, 0.005028785229160749, 0.004875323692511199, 0.004233569732957833]</SD>
		<WAVELENGTH_UNIT>E-6m</WAVELENGTH_UNIT>
		<COLOR>#20d35d</COLOR>
		<COVARIANCE_MATRIX>[[1.060578870237805e-05, 1.2819762559956871e-05, 1.4423273569263984e-05, 1.5338644516305067e-05, 1.4770597772439942e-05, 1.2815280570066534e-05], [1.2819762559956871e-05, 1.613668973732274e-05, 1.776258613972459e-05, 1.87478399311658e-05, 1.7969969121622853e-05, 1.566717583045829e-05], [1.4423273569263984e-05, 1.776258613972459e-05, 2.0212159142829478e-05, 2.0955183572368696e-05, 2.0218745703459717e-05, 1.75823261088226e-05], [1.5338644516305067e-05, 1.87478399311658e-05, 2.0955183572368696e-05, 2.306997703271918e-05, 2.217285509686917e-05, 1.9229501049267128e-05], [1.4770597772439942e-05, 1.7969969121622853e-05, 2.0218745703459717e-05, 2.217285509686917e-05, 2.1775114873889834e-05, 1.8825823644874617e-05], [1.2815280570066534e-05, 1.566717583045829e-05, 1.75823261088226e-05, 1.9229501049267128e-05, 1.8825823644874617e-05, 1.6362802853109315e-05]]</COVARIANCE_MATRIX>
		<ROI_SIZE>10191</ROI_SIZE>
		<MAX_VALUE>[0.11136499792337418, 0.11482476443052292, 0.0884522795677185, 0.0548773929476738, 0.033531345427036285, 0.027634527534246445]</MAX_VALUE>
		<MIN_VALUE>[0.09128101170063019, 0.0906064584851265, 0.0608612559735775, 0.02748221531510353, 0.007071828469634056, 0.004591243341565132]</MIN_VALUE>
		<SIGNATURE_THRESHOLD_MD>0.0</SIGNATURE_THRESHOLD_MD>
		<SIGNATURE_THRESHOLD_ML>0.0</SIGNATURE_THRESHOLD_ML>
		<SIGNATURE_THRESHOLD_SAM>0.0</SIGNATURE_THRESHOLD_SAM>
	</signature>
	<signature ID="20200805_141731233295_117">
		<MACROCLASSID>1</MACROCLASSID>
		<MACROCLASSINFO>MC 1</MACROCLASSINFO>
		<CLASSID>7</CLASSID>
		<CLASSINFO>C 1</CLASSINFO>
		<VALUES>[0.07696300429284186, 0.00324361793140022, 0.057175374325884085, 0.004382908725141022, 0.036773512720141746, 0.00581245399708526, 0.032442603537323186, 0.016028603708166646, 0.01813015948632129, 0.014662879867620136, 0.012632237585157797, 0.010242517582400076]</VALUES>
		<LCS_MIN>[0.07115349173545837, 0.05009030923247337, 0.02867898903787136, 0.011989469639956951, 0.0015884347958490252, 0.0011750106932595372]</LCS_MIN>
		<LCS_MAX>[0.09421853721141815, 0.07998783886432648, 0.06728029996156693, 0.09445789456367493, 0.07972672581672668, 0.06475620716810226]</LCS_MAX>
		<WAVELENGTH>[0.48, 0.56, 0.655, 0.865, 1.61, 2.2]</WAVELENGTH>
		<MEAN_VALUE>[0.07696300429284186, 0.057175374325884085, 0.036773512720141746, 0.032442603537323186, 0.01813015948632129, 0.012632237585157797]</MEAN_VALUE>
		<CHECKBOX>2</CHECKBOX>
		<SD>[0.00324361793140022, 0.004382908725141022, 0.00581245399708526, 0.016028603708166646, 0.014662879867620136, 0.010242517582400076]</SD>
		<WAVELENGTH_UNIT>E-6m</WAVELENGTH_UNIT>
		<COLOR>#a4bf62</COLOR>
		<COVARIANCE_MATRIX>[[1.0510896572668571e-05, 1.3219771972217131e-05, 1.6128587958519347e-05, 3.0401872209040448e-05, 2.6574234652798623e-05, 1.951972080860287e-05], [1.3219771972217131e-05, 1.8062317394651473e-05, 2.2377782443072647e-05, 4.739676296594553e-05, 4.1706680349307135e-05, 3.003298115800135e-05], [1.6128587958519347e-05, 2.2377782443072647e-05, 3.0308843633974902e-05, 7.105967961251736e-05, 6.37442062725313e-05, 4.445288868737407e-05], [3.0401872209040448e-05, 4.739676296594553e-05, 7.105967961251736e-05, 0.0002340493956580758, 0.00020249496446922421, 0.00013572997704613954], [2.6574234652798623e-05, 4.1706680349307135e-05, 6.37442062725313e-05, 0.00020249496446922421, 0.00018528252257965505, 0.0001244170416612178], [1.951972080860287e-05, 3.003298115800135e-05, 4.445288868737407e-05, 0.00013572997704613954, 0.0001244170416612178, 8.723805513000116e-05]]</COVARIANCE_MATRIX>
		<ROI_SIZE>2701</ROI_SIZE>
		<MAX_VALUE>[0.09421853721141815, 0.07998783886432648, 0.06728029996156693, 0.09445789456367493, 0.07972672581672668, 0.06475620716810226]</MAX_VALUE>
		<MIN_VALUE>[0.07115349173545837, 0.05009030923247337, 0.02867898903787136, 0.011989469639956951, 0.0015884347958490252, 0.0011750106932595372]</MIN_VALUE>
		<SIGNATURE_THRESHOLD_MD>0.0</SIGNATURE_THRESHOLD_MD>
		<SIGNATURE_THRESHOLD_ML>0.0</SIGNATURE_THRESHOLD_ML>
		<SIGNATURE_THRESHOLD_SAM>0.0</SIGNATURE_THRESHOLD_SAM>
	</signature>
	<signature ID="20200805_141825259474_963">
		<MACROCLASSID>1</MACROCLASSID>
		<MACROCLASSINFO>MC 1</MACROCLASSINFO>
		<CLASSID>8</CLASSID>
		<CLASSINFO>C 1</CLASSINFO>
		<VALUES>[0.10551586912536037, 0.004954117126883537, 0.09643810742148526, 0.0060422078810215794, 0.07283223147345028, 0.007479538008195835, 0.0647585631189186, 0.016215826513602677, 0.040462673173808486, 0.012937432543998862, 0.030363887233841362, 0.009657916835003746]</VALUES>
		<LCS_MIN>[0.09406621009111404, 0.07909570634365082, 0.05616121366620064, 0.03977631777524948, 0.015862656757235527, 0.013142723590135574]</LCS_MIN>
		<LCS_MAX>[0.12640079855918884, 0.11869794875383377, 0.10115980356931686, 0.13401661813259125, 0.11082101613283157, 0.08118461817502975]</LCS_MAX>
		<WAVELENGTH>[0.48, 0.56, 0.655, 0.865, 1.61, 2.2]</WAVELENGTH>
		<MEAN_VALUE>[0.10551586912536037, 0.09643810742148526, 0.07283223147345028, 0.0647585631189186, 0.040462673173808486, 0.030363887233841362]</MEAN_VALUE>
		<CHECKBOX>2</CHECKBOX>
		<SD>[0.004954117126883537, 0.0060422078810215794, 0.007479538008195835, 0.016215826513602677, 0.012937432543998862, 0.009657916835003746]</SD>
		<WAVELENGTH_UNIT>E-6m</WAVELENGTH_UNIT>
		<COLOR>#0050f6</COLOR>
		<COVARIANCE_MATRIX>[[2.4573244445491582e-05, 2.9354610887821764e-05, 3.5113662306685e-05, 2.3243210307555273e-05, 3.446308255661279e-05, 3.377509710844606e-05], [2.9354610887821764e-05, 3.6552853998728096e-05, 4.308595089241862e-05, 2.89279250864638e-05, 4.2767031118273735e-05, 4.21944132540375e-05], [3.5113662306685e-05, 4.308595089241862e-05, 5.6011795095400885e-05, 5.9889724070671946e-05, 6.969030800973997e-05, 6.139817560324445e-05], [2.3243210307555273e-05, 2.89279250864638e-05, 5.9889724070671946e-05, 0.00026327409432269633, 0.00018908863421529531, 0.00012425932800397277], [3.446308255661279e-05, 4.2767031118273735e-05, 6.969030800973997e-05, 0.00018908863421529531, 0.00016758152924012393, 0.0001182371997856535], [3.377509710844606e-05, 4.21944132540375e-05, 6.139817560324445e-05, 0.00012425932800397277, 0.0001182371997856535, 9.338924428448081e-05]]</COVARIANCE_MATRIX>
		<ROI_SIZE>820</ROI_SIZE>
		<MAX_VALUE>[0.12640079855918884, 0.11869794875383377, 0.10115980356931686, 0.13401661813259125, 0.11082101613283157, 0.08118461817502975]</MAX_VALUE>
		<MIN_VALUE>[0.09406621009111404, 0.07909570634365082, 0.05616121366620064, 0.03977631777524948, 0.015862656757235527, 0.013142723590135574]</MIN_VALUE>
		<SIGNATURE_THRESHOLD_MD>0.0</SIGNATURE_THRESHOLD_MD>
		<SIGNATURE_THRESHOLD_ML>0.0</SIGNATURE_THRESHOLD_ML>
		<SIGNATURE_THRESHOLD_SAM>0.0</SIGNATURE_THRESHOLD_SAM>
	</signature>
	<signature ID="20200805_141833540072_900">
		<MACROCLASSID>1</MACROCLASSID>
		<MACROCLASSINFO>MC 1</MACROCLASSINFO>
		<CLASSID>9</CLASSID>
		<CLASSINFO>C 1</CLASSINFO>
		<VALUES>[0.11419727882104261, 0.009946939914654432, 0.10834313994007448, 0.011056120015608432, 0.08247537916260107, 0.01298306259778471, 0.07999691296368838, 0.019434407093234216, 0.06250167110269621, 0.019555142165416404, 0.049149682576369, 0.014610320253728652]</VALUES>
		<LCS_MIN>[0.08625456690788269, 0.07411278039216995, 0.0437365360558033, 0.03194290027022362, 0.009008417837321758, 0.010009359568357468]</LCS_MIN>
		<LCS_MAX>[0.13425597548484802, 0.13527867197990417, 0.12352854013442993, 0.1521640419960022, 0.1361272782087326, 0.10897146165370941]</LCS_MAX>
		<WAVELENGTH>[0.48, 0.56, 0.655, 0.865, 1.61, 2.2]</WAVELENGTH>
		<MEAN_VALUE>[0.11419727882104261, 0.10834313994007448, 0.08247537916260107, 0.07999691296368838, 0.06250167110269621, 0.049149682576369]</MEAN_VALUE>
		<CHECKBOX>2</CHECKBOX>
		<SD>[0.009946939914654432, 0.011056120015608432, 0.01298306259778471, 0.019434407093234216, 0.019555142165416404, 0.014610320253728652]</SD>
		<WAVELENGTH_UNIT>E-6m</WAVELENGTH_UNIT>
		<COLOR>#dcf0e3</COLOR>
		<COVARIANCE_MATRIX>[[9.908316133078188e-05, 0.00010597884829621762, 0.00011163802264491096, 0.00010606735304463655, 9.909801883623004e-05, 9.577620949130505e-05], [0.00010597884829621762, 0.00012241266085766256, 0.00013491770369000733, 0.00014597906556446105, 0.00014170371287036687, 0.00012489505752455443], [0.00011163802264491096, 0.00013491770369000733, 0.0001688010524958372, 0.00021234873565845191, 0.00021123088663443923, 0.0001712981757009402], [0.00010606735304463655, 0.00014597906556446105, 0.00021234873565845191, 0.00037823652382940054, 0.00036480327253229916, 0.0002688302774913609], [9.909801883623004e-05, 0.00014170371287036687, 0.00021123088663443923, 0.00036480327253229916, 0.00038295064587146044, 0.00027503512683324516], [9.577620949130505e-05, 0.00012489505752455443, 0.0001712981757009402, 0.0002688302774913609, 0.00027503512683324516, 0.0002137668343493715]]</COVARIANCE_MATRIX>
		<ROI_SIZE>700</ROI_SIZE>
		<MAX_VALUE>[0.13425597548484802, 0.13527867197990417, 0.12352854013442993, 0.1521640419960022, 0.1361272782087326, 0.10897146165370941]</MAX_VALUE>
		<MIN_VALUE>[0.08625456690788269, 0.07411278039216995, 0.0437365360558033, 0.03194290027022362, 0.009008417837321758, 0.010009359568357468]</MIN_VALUE>
		<SIGNATURE_THRESHOLD_MD>0.0</SIGNATURE_THRESHOLD_MD>
		<SIGNATURE_THRESHOLD_ML>0.0</SIGNATURE_THRESHOLD_ML>
		<SIGNATURE_THRESHOLD_SAM>0.0</SIGNATURE_THRESHOLD_SAM>
	</signature>
	<signature ID="20200805_141921871961_201">
		<MACROCLASSID>1</MACROCLASSID>
		<MACROCLASSINFO>MC 1</MACROCLASSINFO>
		<CLASSID>10</CLASSID>
		<CLASSINFO>C 1</CLASSINFO>
		<VALUES>[0.10750421418180299, 0.010638669592960427, 0.10902585881913819, 0.013209698339456509, 0.08152112020396222, 0.01634253890425963, 0.06721059469029654, 0.02678136201924752, 0.04372528669705916, 0.023287186830401967, 0.03209092414418104, 0.01789497825173413]</VALUES>
		<LCS_MIN>[0.09271712601184845, 0.08856107294559479, 0.057771410793066025, 0.03342254459857941, 0.009313050657510757, 0.009313050657510757]</LCS_MIN>
		<LCS_MAX>[0.1351698637008667, 0.14324262738227844, 0.12448596209287643, 0.1309485286474228, 0.10749182105064392, 0.08649392426013947]</LCS_MAX>
		<WAVELENGTH>[0.48, 0.56, 0.655, 0.865, 1.61, 2.2]</WAVELENGTH>
		<MEAN_VALUE>[0.10750421418180299, 0.10902585881913819, 0.08152112020396222, 0.06721059469029654, 0.04372528669705916, 0.03209092414418104]</MEAN_VALUE>
		<CHECKBOX>2</CHECKBOX>
		<SD>[0.010638669592960427, 0.013209698339456509, 0.01634253890425963, 0.02678136201924752, 0.023287186830401967, 0.01789497825173413]</SD>
		<WAVELENGTH_UNIT>E-6m</WAVELENGTH_UNIT>
		<COLOR>#d330d1</COLOR>
		<COVARIANCE_MATRIX>[[0.00011384316894691437, 0.00013681202835869044, 0.0001628544123377651, 0.00016518145275767893, 0.00015394062211271375, 0.00013751971710007638], [0.00013681202835869044, 0.00017551657219883054, 0.00020750616386067122, 0.00019795092521235347, 0.0001872437132988125, 0.0001679028064245358], [0.0001628544123377651, 0.00020750616386067122, 0.00026864043320529163, 0.00032160180853679776, 0.00029029703000560403, 0.00024331612803507596], [0.00016518145275767893, 0.00019795092521235347, 0.00032160180853679776, 0.0007214357610791922, 0.0005828228313475847, 0.00043927441583946347], [0.00015394062211271375, 0.0001872437132988125, 0.00029029703000560403, 0.0005828228313475847, 0.0005454643978737295, 0.0004083377425558865], [0.00013751971710007638, 0.0001679028064245358, 0.00024331612803507596, 0.00043927441583946347, 0.0004083377425558865, 0.00032210294739343226]]</COVARIANCE_MATRIX>
		<ROI_SIZE>172</ROI_SIZE>
		<MAX_VALUE>[0.1351698637008667, 0.14324262738227844, 0.12448596209287643, 0.1309485286474228, 0.10749182105064392, 0.08649392426013947]</MAX_VALUE>
		<MIN_VALUE>[0.09271712601184845, 0.08856107294559479, 0.057771410793066025, 0.03342254459857941, 0.009313050657510757, 0.009313050657510757]</MIN_VALUE>
		<SIGNATURE_THRESHOLD_MD>0.0</SIGNATURE_THRESHOLD_MD>
		<SIGNATURE_THRESHOLD_ML>0.0</SIGNATURE_THRESHOLD_ML>
		<SIGNATURE_THRESHOLD_SAM>0.0</SIGNATURE_THRESHOLD_SAM>
	</signature>
	<signature ID="20200805_141950716137_652">
		<MACROCLASSID>1</MACROCLASSID>
		<MACROCLASSINFO>MC 1</MACROCLASSINFO>
		<CLASSID>11</CLASSID>
		<CLASSINFO>C 1</CLASSINFO>
		<VALUES>[0.1326750872863664, 0.014004030845933638, 0.1438008296406931, 0.01598663442786736, 0.1302328879634539, 0.018770925911836933, 0.11855197728921968, 0.01974271745747147, 0.10169684281572702, 0.021978927333546016, 0.0803347789268527, 0.016094265402901046]</VALUES>
		<LCS_MIN>[0.09913618117570877, 0.10714366286993027, 0.08934441208839417, 0.06136172264814377, 0.04765324667096138, 0.04636944457888603]</LCS_MIN>
		<LCS_MAX>[0.16434931755065918, 0.18160460889339447, 0.1726832091808319, 0.1624780297279358, 0.15679877996444702, 0.1187414601445198]</LCS_MAX>
		<WAVELENGTH>[0.48, 0.56, 0.655, 0.865, 1.61, 2.2]</WAVELENGTH>
		<MEAN_VALUE>[0.1326750872863664, 0.1438008296406931, 0.1302328879634539, 0.11855197728921968, 0.10169684281572702, 0.0803347789268527]</MEAN_VALUE>
		<CHECKBOX>2</CHECKBOX>
		<SD>[0.014004030845933638, 0.01598663442786736, 0.018770925911836933, 0.01974271745747147, 0.021978927333546016, 0.016094265402901046]</SD>
		<WAVELENGTH_UNIT>E-6m</WAVELENGTH_UNIT>
		<COLOR>#6edbd4</COLOR>
		<COVARIANCE_MATRIX>[[0.00019887503003701568, 0.00022385844204109162, 0.00024251785362139344, 0.000174872693605721, 0.00012693250027950853, 0.0001323191390838474], [0.00022385844204109162, 0.00025917208404280245, 0.00028647942235693336, 0.00020374299492686987, 0.00016184129344765097, 0.00016107318515423685], [0.00024251785362139344, 0.00028647942235693336, 0.00035731031675823033, 0.0002792530576698482, 0.0002689409884624183, 0.00022968901612330228], [0.000174872693605721, 0.00020374299492686987, 0.0002792530576698482, 0.00039526468026451766, 0.0004070489667356014, 0.0003065235214307904], [0.00012693250027950853, 0.00016184129344765097, 0.0002689409884624183, 0.0004070489667356014, 0.0004898770712316036, 0.00034215982304885983], [0.0001323191390838474, 0.00016107318515423685, 0.00022968901612330228, 0.0003065235214307904, 0.00034215982304885983, 0.000262673624092713]]</COVARIANCE_MATRIX>
		<ROI_SIZE>72</ROI_SIZE>
		<MAX_VALUE>[0.16434931755065918, 0.18160460889339447, 0.1726832091808319, 0.1624780297279358, 0.15679877996444702, 0.1187414601445198]</MAX_VALUE>
		<MIN_VALUE>[0.09913618117570877, 0.10714366286993027, 0.08934441208839417, 0.06136172264814377, 0.04765324667096138, 0.04636944457888603]</MIN_VALUE>
		<SIGNATURE_THRESHOLD_MD>0.0</SIGNATURE_THRESHOLD_MD>
		<SIGNATURE_THRESHOLD_ML>0.0</SIGNATURE_THRESHOLD_ML>
		<SIGNATURE_THRESHOLD_SAM>0.0</SIGNATURE_THRESHOLD_SAM>
	</signature>
	<signature ID="20200805_142005338732_756">
		<MACROCLASSID>1</MACROCLASSID>
		<MACROCLASSINFO>MC 1</MACROCLASSINFO>
		<CLASSID>12</CLASSID>
		<CLASSINFO>C 1</CLASSINFO>
		<VALUES>[0.09755943941601215, 0.005553227685440591, 0.08226836339853115, 0.0063846052513858624, 0.055108409129041296, 0.007967129151048276, 0.05487082794497023, 0.020810276677172744, 0.032318168124864224, 0.01749518317827429, 0.022253065133268485, 0.011978224479891605]</VALUES>
		<LCS_MIN>[0.0885828360915184, 0.07319886982440948, 0.04430229216814041, 0.025893772020936012, 0.011837149038910866, 0.00831211730837822]</LCS_MIN>
		<LCS_MAX>[0.12300632148981094, 0.11543403565883636, 0.09056293964385986, 0.12246233969926834, 0.10483715683221817, 0.07983552664518356]</LCS_MAX>
		<WAVELENGTH>[0.48, 0.56, 0.655, 0.865, 1.61, 2.2]</WAVELENGTH>
		<MEAN_VALUE>[0.09755943941601215, 0.08226836339853115, 0.055108409129041296, 0.05487082794497023, 0.032318168124864224, 0.022253065133268485]</MEAN_VALUE>
		<CHECKBOX>2</CHECKBOX>
		<SD>[0.005553227685440591, 0.0063846052513858624, 0.007967129151048276, 0.020810276677172744, 0.01749518317827429, 0.011978224479891605]</SD>
		<WAVELENGTH_UNIT>E-6m</WAVELENGTH_UNIT>
		<COLOR>#c47634</COLOR>
		<COVARIANCE_MATRIX>[[2.8127718906034715e-05, 3.1838771974435076e-05, 3.3862907002912834e-05, 1.749606781231705e-05, 2.5025638024089858e-05, 2.652564762684051e-05], [3.1838771974435076e-05, 3.851418659905903e-05, 4.380098471301608e-05, 4.2242889321641997e-05, 4.6379496779991314e-05, 4.138661461183801e-05], [3.3862907002912834e-05, 4.380098471301608e-05, 6.247829151106998e-05, 0.0001048012709361501, 9.96576709439978e-05, 7.704712334088981e-05], [1.749606781231705e-05, 4.2242889321641997e-05, 0.0001048012709361501, 0.0004197707457933575, 0.0003316911170259118, 0.00021253195882309228], [2.5025638024089858e-05, 4.6379496779991314e-05, 9.96576709439978e-05, 0.0003316911170259118, 0.0002817451022565365, 0.00018729483417700976], [2.652564762684051e-05, 4.138661461183801e-05, 7.704712334088981e-05, 0.00021253195882309228, 0.00018729483417700976, 0.0001322412717854604]]</COVARIANCE_MATRIX>
		<ROI_SIZE>1450</ROI_SIZE>
		<MAX_VALUE>[0.12300632148981094, 0.11543403565883636, 0.09056293964385986, 0.12246233969926834, 0.10483715683221817, 0.07983552664518356]</MAX_VALUE>
		<MIN_VALUE>[0.0885828360915184, 0.07319886982440948, 0.04430229216814041, 0.025893772020936012, 0.011837149038910866, 0.00831211730837822]</MIN_VALUE>
		<SIGNATURE_THRESHOLD_MD>0.0</SIGNATURE_THRESHOLD_MD>
		<SIGNATURE_THRESHOLD_ML>0.0</SIGNATURE_THRESHOLD_ML>
		<SIGNATURE_THRESHOLD_SAM>0.0</SIGNATURE_THRESHOLD_SAM>
	</signature>
	<signature ID="20200805_142014029820_320">
		<MACROCLASSID>1</MACROCLASSID>
		<MACROCLASSINFO>MC 1</MACROCLASSINFO>
		<CLASSID>13</CLASSID>
		<CLASSINFO>C 1</CLASSINFO>
		<VALUES>[0.11413576868013746, 0.005849821503166488, 0.10778147727251063, 0.0069415108489927334, 0.08316537632492295, 0.010129609495092378, 0.06835084663569503, 0.012562912849448677, 0.05286722547772901, 0.011886142299838245, 0.04221448203862711, 0.0092306681700791]</VALUES>
		<LCS_MIN>[0.09330463409423828, 0.0816415548324585, 0.05150468274950981, 0.034053582698106766, 0.017951564863324165, 0.014187178574502468]</LCS_MIN>
		<LCS_MAX>[0.1331244856119156, 0.12829387187957764, 0.1399134397506714, 0.1434602290391922, 0.12914249300956726, 0.08710318803787231]</LCS_MAX>
		<WAVELENGTH>[0.48, 0.56, 0.655, 0.865, 1.61, 2.2]</WAVELENGTH>
		<MEAN_VALUE>[0.11413576868013746, 0.10778147727251063, 0.08316537632492295, 0.06835084663569503, 0.05286722547772901, 0.04221448203862711]</MEAN_VALUE>
		<CHECKBOX>2</CHECKBOX>
		<SD>[0.005849821503166488, 0.0069415108489927334, 0.010129609495092378, 0.012562912849448677, 0.011886142299838245, 0.0092306681700791]</SD>
		<WAVELENGTH_UNIT>E-6m</WAVELENGTH_UNIT>
		<COLOR>#751641</COLOR>
		<COVARIANCE_MATRIX>[[3.0506309485645033e-05, 3.135721999569796e-05, 2.677112934179604e-05, 3.393978113308549e-05, 3.800114427576773e-05, 3.5525114071788266e-05], [3.135721999569796e-05, 4.261919457348995e-05, 4.9102018238045275e-05, 4.935543256578967e-05, 4.955712574883364e-05, 4.251271820976399e-05], [2.677112934179604e-05, 4.9102018238045275e-05, 9.318493539467454e-05, 9.589022374711931e-05, 8.603437163401395e-05, 6.365965236909688e-05], [3.393978113308549e-05, 4.935543256578967e-05, 9.589022374711931e-05, 0.0001378474262310192, 0.0001239792472915724, 9.043132740771398e-05], [3.800114427576773e-05, 4.955712574883364e-05, 8.603437163401395e-05, 0.0001239792472915724, 0.00011922125850105658, 8.952502685133368e-05], [3.5525114071788266e-05, 4.251271820976399e-05, 6.365965236909688e-05, 9.043132740771398e-05, 8.952502685133368e-05, 7.090901635820046e-05]]</COVARIANCE_MATRIX>
		<ROI_SIZE>5525</ROI_SIZE>
		<MAX_VALUE>[0.1331244856119156, 0.12829387187957764, 0.1399134397506714, 0.1434602290391922, 0.12914249300956726, 0.08710318803787231]</MAX_VALUE>
		<MIN_VALUE>[0.09330463409423828, 0.0816415548324585, 0.05150468274950981, 0.034053582698106766, 0.017951564863324165, 0.014187178574502468]</MIN_VALUE>
		<SIGNATURE_THRESHOLD_MD>0.0</SIGNATURE_THRESHOLD_MD>
		<SIGNATURE_THRESHOLD_ML>0.0</SIGNATURE_THRESHOLD_ML>
		<SIGNATURE_THRESHOLD_SAM>0.0</SIGNATURE_THRESHOLD_SAM>
	</signature>
	<signature ID="20200805_142030253125_543">
		<MACROCLASSID>1</MACROCLASSID>
		<MACROCLASSINFO>MC 1</MACROCLASSINFO>
		<CLASSID>14</CLASSID>
		<CLASSINFO>C 1</CLASSINFO>
		<VALUES>[0.10371182676256141, 0.013501043036536391, 0.0890743302622492, 0.014576941884912412, 0.07344723242123612, 0.016575590295281748, 0.07912450631441223, 0.027447660977979026, 0.0605953521623012, 0.022744093377057364, 0.04665112682924977, 0.016786959918986676]</VALUES>
		<LCS_MIN>[0.07546186447143555, 0.05907696858048439, 0.03890594094991684, 0.026546558365225792, 0.011967704631388187, 0.007920441217720509]</LCS_MIN>
		<LCS_MAX>[0.1313619613647461, 0.12276696413755417, 0.12387669831514359, 0.15927939116954803, 0.14398245513439178, 0.12235353887081146]</LCS_MAX>
		<WAVELENGTH>[0.48, 0.56, 0.655, 0.865, 1.61, 2.2]</WAVELENGTH>
		<MEAN_VALUE>[0.10371182676256141, 0.0890743302622492, 0.07344723242123612, 0.07912450631441223, 0.0605953521623012, 0.04665112682924977]</MEAN_VALUE>
		<CHECKBOX>2</CHECKBOX>
		<SD>[0.013501043036536391, 0.014576941884912412, 0.016575590295281748, 0.027447660977979026, 0.022744093377057364, 0.016786959918986676]</SD>
		<WAVELENGTH_UNIT>E-6m</WAVELENGTH_UNIT>
		<COLOR>#ee89e0</COLOR>
		<COVARIANCE_MATRIX>[[0.00017727342492435127, 0.00018967226787935942, 0.00021259329514577985, 2.9128397727617994e-05, 0.00010073023440781981, 0.00013929403212387115], [0.00018967226787935942, 0.0002073223004117608, 0.0002336610050406307, 7.504284440074116e-05, 0.00013896619202569127, 0.00016709469491615891], [0.00021259329514577985, 0.0002336610050406307, 0.0002682231133803725, 0.00011722596536856145, 0.00018828756583388895, 0.00020833947928622365], [2.9128397727617994e-05, 7.504284440074116e-05, 0.00011722596536856145, 0.0008398673380725086, 0.0006104436470195651, 0.000352027389453724], [0.00010073023440781981, 0.00013896619202569127, 0.00018828756583388895, 0.0006104436470195651, 0.0005285614752210677, 0.0003515627176966518], [0.00013929403212387115, 0.00016709469491615891, 0.00020833947928622365, 0.000352027389453724, 0.0003515627176966518, 0.00027204060461372137]]</COVARIANCE_MATRIX>
		<ROI_SIZE>3448</ROI_SIZE>
		<MAX_VALUE>[0.1313619613647461, 0.12276696413755417, 0.12387669831514359, 0.15927939116954803, 0.14398245513439178, 0.12235353887081146]</MAX_VALUE>
		<MIN_VALUE>[0.07546186447143555, 0.05907696858048439, 0.03890594094991684, 0.026546558365225792, 0.011967704631388187, 0.007920441217720509]</MIN_VALUE>
		<SIGNATURE_THRESHOLD_MD>0.0</SIGNATURE_THRESHOLD_MD>
		<SIGNATURE_THRESHOLD_ML>0.0</SIGNATURE_THRESHOLD_ML>
		<SIGNATURE_THRESHOLD_SAM>0.0</SIGNATURE_THRESHOLD_SAM>
	</signature>
	<signature ID="20200805_142046525080_409">
		<MACROCLASSID>1</MACROCLASSID>
		<MACROCLASSINFO>MC 1</MACROCLASSINFO>
		<CLASSID>15</CLASSID>
		<CLASSINFO>C 1</CLASSINFO>
		<VALUES>[0.12669931875883467, 0.011534635964120063, 0.12594593881502655, 0.01270280718941458, 0.10405645756017891, 0.012974560231956955, 0.08443831862914862, 0.01906418116777362, 0.066481367461714, 0.01863158779839524, 0.0542220906690645, 0.014634967594494399]</VALUES>
		<LCS_MIN>[0.08795180916786194, 0.076897993683815, 0.05483388155698776, 0.031790588051080704, 0.013360314071178436, 0.009030181914567947]</LCS_MIN>
		<LCS_MAX>[0.15279504656791687, 0.15401357412338257, 0.1461583971977234, 0.15721221268177032, 0.14097964763641357, 0.11295343935489655]</LCS_MAX>
		<WAVELENGTH>[0.48, 0.56, 0.655, 0.865, 1.61, 2.2]</WAVELENGTH>
		<MEAN_VALUE>[0.12669931875883467, 0.12594593881502655, 0.10405645756017891, 0.08443831862914862, 0.066481367461714, 0.0542220906690645]</MEAN_VALUE>
		<CHECKBOX>2</CHECKBOX>
		<SD>[0.011534635964120063, 0.01270280718941458, 0.012974560231956955, 0.01906418116777362, 0.01863158779839524, 0.014634967594494399]</SD>
		<WAVELENGTH_UNIT>E-6m</WAVELENGTH_UNIT>
		<COLOR>#bfd4e8</COLOR>
		<COVARIANCE_MATRIX>[[0.00013312659575603902, 0.0001392367557855323, 8.040417014854029e-05, 6.328242307063192e-05, 8.184046600945294e-05, 8.595763210905716e-05], [0.0001392367557855323, 0.00016145684639923275, 0.00011977869871770963, 8.156937110470608e-05, 9.818529360927641e-05, 9.898603457259014e-05], [8.040417014854029e-05, 0.00011977869871770963, 0.00016843888442963362, 0.00015988103405106813, 0.00015430815983563662, 0.0001289783976972103], [6.328242307063192e-05, 8.156937110470608e-05, 0.00015988103405106813, 0.000363658182322979, 0.0003449944779276848, 0.00026172419893555343], [8.184046600945294e-05, 9.818529360927641e-05, 0.00015430815983563662, 0.0003449944779276848, 0.00034734158543869853, 0.00026826540124602616], [8.595763210905716e-05, 9.898603457259014e-05, 0.0001289783976972103, 0.00026172419893555343, 0.00026826540124602616, 0.00021430908236652613]]</COVARIANCE_MATRIX>
		<ROI_SIZE>1690</ROI_SIZE>
		<MAX_VALUE>[0.15279504656791687, 0.15401357412338257, 0.1461583971977234, 0.15721221268177032, 0.14097964763641357, 0.11295343935489655]</MAX_VALUE>
		<MIN_VALUE>[0.08795180916786194, 0.076897993683815, 0.05483388155698776, 0.031790588051080704, 0.013360314071178436, 0.009030181914567947]</MIN_VALUE>
		<SIGNATURE_THRESHOLD_MD>0.0</SIGNATURE_THRESHOLD_MD>
		<SIGNATURE_THRESHOLD_ML>0.0</SIGNATURE_THRESHOLD_ML>
		<SIGNATURE_THRESHOLD_SAM>0.0</SIGNATURE_THRESHOLD_SAM>
	</signature>
	<signature ID="20200805_142056505973_443">
		<MACROCLASSID>1</MACROCLASSID>
		<MACROCLASSINFO>MC 1</MACROCLASSINFO>
		<CLASSID>16</CLASSID>
		<CLASSINFO>C 1</CLASSINFO>
		<VALUES>[0.10067746677042788, 0.013864721067918646, 0.0905865177296904, 0.01594100458674688, 0.08182167396977857, 0.018759258109669507, 0.07274294244559013, 0.02646515747391659, 0.04733248320923911, 0.02321023051778231, 0.036956704720962415, 0.018929133885745592]</VALUES>
		<LCS_MIN>[0.08266425877809525, 0.06712798029184341, 0.052919041365385056, 0.03218225762248039, 0.012533457949757576, 0.008442672900855541]</LCS_MIN>
