<?xml version="1.0" ?>
<signaturelist MCID_LIST="[['1', 'waterbody', '#a85764'], ['2', 'vegetation', '#8d6dbb'], ['3', 'bareland', '#81907e'], ['4', 'built-up', '#919f2c']]">
	<signature ID="20210506_133104402610_931">
		<MACROCLASSID>1</MACROCLASSID>
		<MACROCLASSINFO>waterbody</MACROCLASSINFO>
		<CLASSID>1</CLASSID>
		<CLASSINFO>C 1</CLASSINFO>
		<VALUES>[0.13912906, 0.0022352193, 0.12176746, 0.0027628774, 0.10317937, 0.002582225, 0.071889594, 0.0028605924, 0.016192567, 0.0034007728, 0.009128711, 0.0034378462]</VALUES>
		<LCS_MIN>[0.1325413, 0.11334687, 0.098511994, 0.06306209, 0.0054763923, 0.0029067784]</LCS_MIN>
		<LCS_MAX>[0.14458773, 0.13011481, 0.10911252, 0.080731116, 0.022540048, 0.01924341]</LCS_MAX>
		<WAVELENGTH>[0.485, 0.56, 0.66, 0.83, 1.65, 2.215]</WAVELENGTH>
		<MEAN_VALUE>[0.13912906, 0.12176746, 0.10317937, 0.071889594, 0.016192567, 0.009128711]</MEAN_VALUE>
		<CHECKBOX>2</CHECKBOX>
		<SD>[0.0022352193, 0.0027628774, 0.002582225, 0.0028605924, 0.0034007728, 0.0034378462]</SD>
		<WAVELENGTH_UNIT>E-6m</WAVELENGTH_UNIT>
		<COLOR>#a85764</COLOR>
		<COVARIANCE_MATRIX>[[5.0001772251562215e-06, 1.1567965430003824e-06, 6.902881182213605e-07, 6.032000214872824e-07, -5.71427278828196e-07, -1.038315076584695e-06], [1.1567965430003824e-06, 7.639559953531716e-06, 1.783493075890874e-06, 7.509499369007244e-07, -1.1319855275360169e-06, -1.2759919627569616e-06], [6.902881182213605e-07, 1.783493075890874e-06, 6.673185453109909e-06, 1.1246222584304633e-06, -1.1526921070981189e-06, -7.165937745412521e-07], [6.032000214872824e-07, 7.509499369007244e-07, 1.1246222584304633e-06, 8.189493200916331e-06, 5.046545652476198e-07, 2.3012472638583858e-07], [-5.71427278828196e-07, -1.1319855275360169e-06, -1.1526921070981189e-06, 5.046545652476198e-07, 1.1574449672480114e-05, 3.4239835713378852e-06], [-1.038315076584695e-06, -1.2759919627569616e-06, -7.165937745412521e-07, 2.3012472638583858e-07, 3.4239835713378852e-06, 1.1828182323370129e-05]]</COVARIANCE_MATRIX>
		<ROI_SIZE>1259</ROI_SIZE>
		<MAX_VALUE>[0.14458773, 0.13011481, 0.10911252, 0.080731116, 0.022540048, 0.01924341]</MAX_VALUE>
		<MIN_VALUE>[0.1325413, 0.11334687, 0.098511994, 0.06306209, 0.0054763923, 0.0029067784]</MIN_VALUE>
		<SIGNATURE_THRESHOLD_MD>0.0</SIGNATURE_THRESHOLD_MD>
		<SIGNATURE_THRESHOLD_ML>0.0</SIGNATURE_THRESHOLD_ML>
		<SIGNATURE_THRESHOLD_SAM>0.0</SIGNATURE_THRESHOLD_SAM>
	</signature>
	<signature ID="20210506_142748268261_228">
		<MACROCLASSID>2</MACROCLASSID>
		<MACROCLASSINFO>vegetation</MACROCLASSINFO>
		<CLASSID>2</CLASSID>
		<CLASSINFO>C 1</CLASSINFO>
		<VALUES>[0.115163974, 0.0026507946, 0.0933988, 0.0032387178, 0.07182787, 0.003663473, 0.23426895, 0.009611817, 0.1260988, 0.0059522674, 0.058817483, 0.0070416513]</VALUES>
		<LCS_MIN>[0.110456176, 0.08819497, 0.06671037, 0.2220834, 0.113546215, 0.043748356]</LCS_MIN>
		<LCS_MAX>[0.11848713, 0.10077091, 0.08084442, 0.2530042, 0.1391417, 0.0682533]</LCS_MAX>
		<WAVELENGTH>[0.485, 0.56, 0.66, 0.83, 1.65, 2.215]</WAVELENGTH>
		<MEAN_VALUE>[0.115163974, 0.0933988, 0.07182787, 0.23426895, 0.1260988, 0.058817483]</MEAN_VALUE>
		<CHECKBOX>2</CHECKBOX>
		<SD>[0.0026507946, 0.0032387178, 0.003663473, 0.009611817, 0.0059522674, 0.0070416513]</SD>
		<WAVELENGTH_UNIT>E-6m</WAVELENGTH_UNIT>
		<COLOR>#8d6dbb</COLOR>
		<COVARIANCE_MATRIX>[[7.277664735738654e-06, 4.985577106708661e-06, 5.958573183306726e-06, -6.83720418237499e-06, 9.148478966380935e-06, 9.987345947592985e-06], [4.985577106708661e-06, 1.086391057469882e-05, 8.920289474190213e-06, 3.1013789794087643e-06, 1.2391572454362176e-05, 1.3557405509345699e-05], [5.958573183306726e-06, 8.920289474190213e-06, 1.3900356861995533e-05, -2.7103430966235464e-06, 1.3143028809281532e-05, 1.9087874534307048e-05], [-6.83720418237499e-06, 3.1013789794087643e-06, -2.7103430966235464e-06, 9.568655514158309e-05, 1.5656622053938918e-05, -7.198531875474146e-06], [9.148478966380935e-06, 1.2391572454362176e-05, 1.3143028809281532e-05, 1.5656622053938918e-05, 3.669482975965366e-05, 2.7264011805527844e-05], [9.987345947592985e-06, 1.3557405509345699e-05, 1.9087874534307048e-05, -7.198531875474146e-06, 2.7264011805527844e-05, 5.135573519510217e-05]]</COVARIANCE_MATRIX>
		<ROI_SIZE>29</ROI_SIZE>
		<MAX_VALUE>[0.11848713, 0.10077091, 0.08084442, 0.2530042, 0.1391417, 0.0682533]</MAX_VALUE>
		<MIN_VALUE>[0.110456176, 0.08819497, 0.06671037, 0.2220834, 0.113546215, 0.043748356]</MIN_VALUE>
		<SIGNATURE_THRESHOLD_MD>0.0</SIGNATURE_THRESHOLD_MD>
		<SIGNATURE_THRESHOLD_ML>0.0</SIGNATURE_THRESHOLD_ML>
		<SIGNATURE_THRESHOLD_SAM>0.0</SIGNATURE_THRESHOLD_SAM>
	</signature>
	<signature ID="20210506_145816833760_209">
		<MACROCLASSID>3</MACROCLASSID>
		<MACROCLASSINFO>bareland</MACROCLASSINFO>
		<CLASSID>3</CLASSID>
		<CLASSINFO>C 1</CLASSINFO>
		<VALUES>[0.12861791, 0.0034917637, 0.11174283, 0.0040285327, 0.11327143, 0.0042424733, 0.15610652, 0.005857726, 0.19725227, 0.007382147, 0.14751188, 0.006332512]</VALUES>
		<LCS_MIN>[0.11848713, 0.1049629, 0.10204551, 0.13815549, 0.18464479, 0.13768399]</LCS_MIN>
		<LCS_MAX>[0.14057225, 0.13011481, 0.12678008, 0.16465904, 0.21308422, 0.16218892]</LCS_MAX>
		<WAVELENGTH>[0.485, 0.56, 0.66, 0.83, 1.65, 2.215]</WAVELENGTH>
		<MEAN_VALUE>[0.12861791, 0.11174283, 0.11327143, 0.15610652, 0.19725227, 0.14751188]</MEAN_VALUE>
		<CHECKBOX>0</CHECKBOX>
		<SD>[0.0034917637, 0.0040285327, 0.0042424733, 0.005857726, 0.007382147, 0.006332512]</SD>
		<WAVELENGTH_UNIT>E-6m</WAVELENGTH_UNIT>
		<COLOR>#81907e</COLOR>
		<COVARIANCE_MATRIX>[[1.2197075193398632e-05, 8.828111276670825e-06, 8.385081855522003e-06, 5.152797712071333e-06, 2.8975850909773726e-06, 7.902765901235398e-06], [8.828111276670825e-06, 1.6235282600973733e-05, 1.1165484465891495e-05, 8.206306119973306e-06, 6.63122864352772e-06, 1.1586778782657348e-05], [8.385081855522003e-06, 1.1165484465891495e-05, 1.8005463061854243e-05, 9.719869922264479e-06, 1.1349820852046832e-05, 1.401122790412046e-05], [5.152797712071333e-06, 8.206306119973306e-06, 9.719869922264479e-06, 3.4326076274737716e-05, 2.6626956241670996e-05, 1.5785784853505902e-05], [2.8975850909773726e-06, 6.63122864352772e-06, 1.1349820852046832e-05, 2.6626956241670996e-05, 5.451693868963048e-05, 2.9353626814554445e-05], [7.902765901235398e-06, 1.1586778782657348e-05, 1.401122790412046e-05, 1.5785784853505902e-05, 2.9353626814554445e-05, 4.011604323750362e-05]]</COVARIANCE_MATRIX>
		<ROI_SIZE>2616</ROI_SIZE>
		<MAX_VALUE>[0.14057225, 0.13011481, 0.12678008, 0.16465904, 0.21308422, 0.16218892]</MAX_VALUE>
		<MIN_VALUE>[0.11848713, 0.1049629, 0.10204551, 0.13815549, 0.18464479, 0.13768399]</MIN_VALUE>
		<SIGNATURE_THRESHOLD_MD>0.0</SIGNATURE_THRESHOLD_MD>
		<SIGNATURE_THRESHOLD_ML>0.0</SIGNATURE_THRESHOLD_ML>
		<SIGNATURE_THRESHOLD_SAM>0.0</SIGNATURE_THRESHOLD_SAM>
	</signature>
	<signature ID="20210506_162157974174_178">
		<MACROCLASSID>4</MACROCLASSID>
		<MACROCLASSINFO>built-up</MACROCLASSINFO>
		<CLASSID>4</CLASSID>
		<CLASSINFO>C 1</CLASSINFO>
		<VALUES>[0.13795348, 0.002045338, 0.11498721, 0.0029613809, 0.10304411, 0.0051397523, 0.15620862, 0.0090632755, 0.15700908, 0.010265343, 0.11344539, 0.0090687955]</VALUES>
		<LCS_MIN>[0.13454904, 0.10915489, 0.09144496, 0.14257273, 0.14198565, 0.10501071]</LCS_MIN>
		<LCS_MAX>[0.14257999, 0.12173084, 0.11264604, 0.17791082, 0.17611295, 0.13768399]</LCS_MAX>
		<WAVELENGTH>[0.485, 0.56, 0.66, 0.83, 1.65, 2.215]</WAVELENGTH>
		<MEAN_VALUE>[0.13795348, 0.11498721, 0.10304411, 0.15620862, 0.15700908, 0.11344539]</MEAN_VALUE>
		<CHECKBOX>2</CHECKBOX>
		<SD>[0.002045338, 0.0029613809, 0.0051397523, 0.0090632755, 0.010265343, 0.0090687955]</SD>
		<WAVELENGTH_UNIT>E-6m</WAVELENGTH_UNIT>
		<COLOR>#919f2c</COLOR>
		<COVARIANCE_MATRIX>[[4.2763722376548685e-06, 2.8949225452379324e-06, 4.249766789143905e-06, -1.542260719133992e-07, 8.368978342332412e-06, 6.544078587467084e-06], [2.8949225452379324e-06, 8.964660992205609e-06, 9.517173566564452e-06, -3.9360083974315785e-06, 1.03666070572217e-06, 4.118907781958114e-06], [4.249766789143905e-06, 9.517173566564452e-06, 2.7004101866623387e-05, -1.0797707545862067e-05, 5.209032678976655e-06, 1.993211299122777e-05], [-1.542260719133992e-07, -3.9360083974315785e-06, -1.0797707545862067e-05, 8.396836346946657e-05, 6.193826266098768e-05, 1.2323550436121877e-05], [8.368978342332412e-06, 1.03666070572217e-06, 5.209032678976655e-06, 6.193826266098768e-05, 0.00010771897359518334, 6.611640128539875e-05], [6.544078587467084e-06, 4.118907781958114e-06, 1.993211299122777e-05, 1.2323550436121877e-05, 6.611640128539875e-05, 8.407066343352199e-05]]</COVARIANCE_MATRIX>
		<ROI_SIZE>46</ROI_SIZE>
		<MAX_VALUE>[0.14257999, 0.12173084, 0.11264604, 0.17791082, 0.17611295, 0.13768399]</MAX_VALUE>
		<MIN_VALUE>[0.13454904, 0.10915489, 0.09144496, 0.14257273, 0.14198565, 0.10501071]</MIN_VALUE>
		<SIGNATURE_THRESHOLD_MD>0.0</SIGNATURE_THRESHOLD_MD>
		<SIGNATURE_THRESHOLD_ML>0.0</SIGNATURE_THRESHOLD_ML>
		<SIGNATURE_THRESHOLD_SAM>0.0</SIGNATURE_THRESHOLD_SAM>
	</signature>
	<signature ID="20210506_165149013152_600">
		<MACROCLASSID>1</MACROCLASSID>
		<MACROCLASSINFO>waterbody</MACROCLASSINFO>
		<CLASSID>5</CLASSID>
		<CLASSINFO>C 1</CLASSINFO>
		<VALUES>[0.13379698, 0.002756579, 0.12831636, 0.0036248432, 0.10438796, 0.0050118538, 0.047929443, 0.004540061, 0.007641729, 0.003154829, 0.0048078243, 0.0035022637]</VALUES>
		<LCS_MIN>[0.12250261, 0.11334687, 0.08437794, 0.03214128, 0.0, 0.0]</LCS_MIN>
		<LCS_MAX>[0.14458773, 0.13849878, 0.11617955, 0.06747934, 0.022540048, 0.01924341]</LCS_MAX>
		<WAVELENGTH>[0.485, 0.56, 0.66, 0.83, 1.65, 2.215]</WAVELENGTH>
		<MEAN_VALUE>[0.13379698, 0.12831636, 0.10438796, 0.047929443, 0.007641729, 0.0048078243]</MEAN_VALUE>
		<CHECKBOX>2</CHECKBOX>
		<SD>[0.002756579, 0.0036248432, 0.0050118538, 0.004540061, 0.003154829, 0.0035022637]</SD>
		<WAVELENGTH_UNIT>E-6m</WAVELENGTH_UNIT>
		<COLOR>#b58379</COLOR>
		<COVARIANCE_MATRIX>[[7.599427135573933e-06, 3.671633066915092e-06, 2.7488774776429636e-06, 9.021949267662421e-07, 1.0758430590840362e-07, -7.538772450743636e-08], [3.671633066915092e-06, 1.3140696864866186e-05, 4.979998266207986e-06, -8.987500876855847e-08, -6.66957475914387e-07, -6.267071057663998e-07], [2.7488774776429636e-06, 4.979998266207986e-06, 2.5120987629634328e-05, 1.4342561371449847e-05, -2.6341533612139756e-06, -1.8705411548580742e-06], [9.021949267662421e-07, -8.987500876855847e-08, 1.4342561371449847e-05, 2.0614050299627706e-05, 8.578143138038286e-07, 6.08040693350631e-07], [1.0758430590840362e-07, -6.66957475914387e-07, -2.6341533612139756e-06, 8.578143138038286e-07, 9.95386017166311e-06, 3.8471425796160474e-06], [-7.538772450743636e-08, -6.267071057663998e-07, -1.8705411548580742e-06, 6.08040693350631e-07, 3.8471425796160474e-06, 1.2266979865671601e-05]]</COVARIANCE_MATRIX>
		<ROI_SIZE>10876</ROI_SIZE>
		<MAX_VALUE>[0.14458773, 0.13849878, 0.11617955, 0.06747934, 0.022540048, 0.01924341]</MAX_VALUE>
		<MIN_VALUE>[0.12250261, 0.11334687, 0.08437794, 0.03214128, 0.0, 0.0]</MIN_VALUE>
		<SIGNATURE_THRESHOLD_MD>0.0</SIGNATURE_THRESHOLD_MD>
		<SIGNATURE_THRESHOLD_ML>0.0</SIGNATURE_THRESHOLD_ML>
		<SIGNATURE_THRESHOLD_SAM>0.0</SIGNATURE_THRESHOLD_SAM>
	</signature>
	<signature ID="20210506_165235648016_125">
		<MACROCLASSID>1</MACROCLASSID>
		<MACROCLASSINFO>waterbody</MACROCLASSINFO>
		<CLASSID>6</CLASSID>
		<CLASSINFO>C 1</CLASSINFO>
		<VALUES>[0.1345273, 0.0033499314, 0.12877491, 0.004203367, 0.104086936, 0.0051051397, 0.04785518, 0.0045358273, 0.008032548, 0.0033230446, 0.005069842, 0.003610149]</VALUES>
		<LCS_MIN>[0.12250261, 0.11334687, 0.08437794, 0.03214128, 0.0, 0.0]</LCS_MIN>
		<LCS_MAX>[0.14860322, 0.13849878, 0.11617955, 0.06747934, 0.022540048, 0.01924341]</LCS_MAX>
		<WAVELENGTH>[0.485, 0.56, 0.66, 0.83, 1.65, 2.215]</WAVELENGTH>
		<MEAN_VALUE>[0.1345273, 0.12877491, 0.104086936, 0.04785518, 0.008032548, 0.005069842]</MEAN_VALUE>
		<CHECKBOX>2</CHECKBOX>
		<SD>[0.0033499314, 0.004203367, 0.0051051397, 0.0045358273, 0.0033230446, 0.003610149]</SD>
		<WAVELENGTH_UNIT>E-6m</WAVELENGTH_UNIT>
		<COLOR>#7d0e1b</COLOR>
		<COVARIANCE_MATRIX>[[1.1222814464417752e-05, 7.56172084948048e-06, 4.766790880239569e-06, 2.8278711852181004e-06, 1.5649480928914272e-06, 8.641850968160725e-07], [7.56172084948048e-06, 1.7669512089923956e-05, 8.161010555340908e-06, 2.41785073740175e-06, 4.2800391497621604e-07, -6.684584263894067e-08], [4.766790880239569e-06, 8.161010555340908e-06, 2.6064246412715875e-05, 1.469254038966028e-05, -1.6464828149764799e-06, -1.2986062074560323e-06], [2.8278711852181004e-06, 2.41785073740175e-06, 1.469254038966028e-05, 2.057514757325407e-05, 2.143335905202548e-06, 1.6502373227922362e-06], [1.5649480928914272e-06, 4.2800391497621604e-07, -1.6464828149764799e-06, 2.143335905202548e-06, 1.1043388440157287e-05, 4.699542841990478e-06], [8.641850968160725e-07, -6.684584263894067e-08, -1.2986062074560323e-06, 1.6502373227922362e-06, 4.699542841990478e-06, 1.3034075891482644e-05]]</COVARIANCE_MATRIX>
		<ROI_SIZE>14498</ROI_SIZE>
		<MAX_VALUE>[0.14860322, 0.13849878, 0.11617955, 0.06747934, 0.022540048, 0.01924341]</MAX_VALUE>
		<MIN_VALUE>[0.12250261, 0.11334687, 0.08437794, 0.03214128, 0.0, 0.0]</MIN_VALUE>
		<SIGNATURE_THRESHOLD_MD>0.0</SIGNATURE_THRESHOLD_MD>
		<SIGNATURE_THRESHOLD_ML>0.0</SIGNATURE_THRESHOLD_ML>
		<SIGNATURE_THRESHOLD_SAM>0.0</SIGNATURE_THRESHOLD_SAM>
	</signature>
	<signature ID="20210507_075248374083_821">
		<MACROCLASSID>1</MACROCLASSID>
		<MACROCLASSINFO/>
		<CLASSID>7</CLASSID>
		<CLASSINFO>C 1</CLASSINFO>
		<VALUES>[0.14676042, 0.006800263, 0.13028045, 0.0063944054, 0.114600524, 0.008562474, 0.0827757, 0.01431344, 0.014854874, 0.004746472, 0.007585525, 0.0037616596]</VALUES>
		<LCS_MIN>[0.124510355, 0.1049629, 0.08791146, 0.058644827, 0.0, 0.0]</LCS_MIN>
		<LCS_MAX>[0.16466512, 0.14688276, 0.13384712, 0.111651935, 0.03675976, 0.027411722]</LCS_MAX>
		<WAVELENGTH>[0.485, 0.56, 0.66, 0.83, 1.65, 2.215]</WAVELENGTH>
		<MEAN_VALUE>[0.14676042, 0.13028045, 0.114600524, 0.0827757, 0.014854874, 0.007585525]</MEAN_VALUE>
		<CHECKBOX>2</CHECKBOX>
		<SD>[0.006800263, 0.0063944054, 0.008562474, 0.01431344, 0.004746472, 0.0037616596]</SD>
		<WAVELENGTH_UNIT>E-6m</WAVELENGTH_UNIT>
		<COLOR>#46b7c1</COLOR>
		<COVARIANCE_MATRIX>[[4.624580133371575e-05, 3.646923057060886e-05, 4.123241373546671e-05, 4.376308471431831e-05, 1.8665533285692754e-05, 9.075218896529179e-06], [3.646923057060886e-05, 4.089039264876016e-05, 3.9638351103855275e-05, 3.568098539110091e-05, 1.4403637477061456e-05, 7.024438364846904e-06], [4.123241373546671e-05, 3.9638351103855275e-05, 7.331948048025871e-05, 9.642053874652598e-05, 1.9840831127548454e-05, 9.67291968821188e-06], [4.376308471431831e-05, 3.568098539110091e-05, 9.642053874652598e-05, 0.00020488439545193377, 3.608098100631865e-05, 1.6801104104309182e-05], [1.8665533285692754e-05, 1.4403637477061456e-05, 1.9840831127548454e-05, 3.608098100631865e-05, 2.2530076351438294e-05, 8.44280884061024e-06], [9.075218896529179e-06, 7.024438364846904e-06, 9.67291968821188e-06, 1.6801104104309182e-05, 8.44280884061024e-06, 1.4150763510171475e-05]]</COVARIANCE_MATRIX>
		<ROI_SIZE>20827</ROI_SIZE>
		<MAX_VALUE>[0.16466512, 0.14688276, 0.13384712, 0.111651935, 0.03675976, 0.027411722]</MAX_VALUE>
		<MIN_VALUE>[0.124510355, 0.1049629, 0.08791146, 0.058644827, 0.0, 0.0]</MIN_VALUE>
		<SIGNATURE_THRESHOLD_MD>0</SIGNATURE_THRESHOLD_MD>
		<SIGNATURE_THRESHOLD_ML>0</SIGNATURE_THRESHOLD_ML>
		<SIGNATURE_THRESHOLD_SAM>0</SIGNATURE_THRESHOLD_SAM>
	</signature>
	<signature ID="20210507_075524841542_349">
		<MACROCLASSID>1</MACROCLASSID>
		<MACROCLASSINFO/>
		<CLASSID>8</CLASSID>
		<CLASSINFO>C 1</CLASSINFO>
		<VALUES>[0.13621551, 0.0029390166, 0.12575252, 0.0049187522, 0.10201939, 0.0055327443, 0.05269371, 0.0036080114, 0.010815436, 0.0037406145, 0.0067563886, 0.0038569295]</VALUES>
		<LCS_MIN>[0.12049487, 0.1049629, 0.08437794, 0.040975798, 0.0, 0.0]</LCS_MIN>
		<LCS_MAX>[0.14860322, 0.13849878, 0.11617955, 0.07631387, 0.03391582, 0.027411722]</LCS_MAX>
		<WAVELENGTH>[0.485, 0.56, 0.66, 0.83, 1.65, 2.215]</WAVELENGTH>
		<MEAN_VALUE>[0.13621551, 0.12575252, 0.10201939, 0.05269371, 0.010815436, 0.0067563886]</MEAN_VALUE>
		<CHECKBOX>2</CHECKBOX>
		<SD>[0.0029390166, 0.0049187522, 0.0055327443, 0.0036080114, 0.0037406145, 0.0038569295]</SD>
		<WAVELENGTH_UNIT>E-6m</WAVELENGTH_UNIT>
		<COLOR>#09c0d0</COLOR>
		<COVARIANCE_MATRIX>[[8.63821843018955e-06, 7.373702409497816e-06, 6.478900945770612e-06, 9.533402449224754e-07, -4.48274900482289e-07, -3.8748624488397456e-07], [7.373702409497816e-06, 2.419524320697623e-05, 1.840149595852966e-05, 3.2043680042423096e-06, 4.166679408746015e-07, 4.495026107257173e-07], [6.478900945770612e-06, 1.840149595852966e-05, 3.0612673068710125e-05, 8.37703321437978e-06, 8.719265792421953e-07, 9.624425578929298e-07], [9.533402449224754e-07, 3.2043680042423096e-06, 8.37703321437978e-06, 1.3018343669213918e-05, 4.692658702888288e-06, 3.6238283382481404e-06], [-4.48274900482289e-07, 4.166679408746015e-07, 8.719265792421953e-07, 4.692658702888288e-06, 1.3992842325718183e-05, 6.4362223750001904e-06], [-3.8748624488397456e-07, 4.495026107257173e-07, 9.624425578929298e-07, 3.6238283382481404e-06, 6.4362223750001904e-06, 1.4876594666577214e-05]]</COVARIANCE_MATRIX>
		<ROI_SIZE>21662</ROI_SIZE>
		<MAX_VALUE>[0.14860322, 0.13849878, 0.11617955, 0.07631387, 0.03391582, 0.027411722]</MAX_VALUE>
		<MIN_VALUE>[0.12049487, 0.1049629, 0.08437794, 0.040975798, 0.0, 0.0]</MIN_VALUE>
		<SIGNATURE_THRESHOLD_MD>0</SIGNATURE_THRESHOLD_MD>
		<SIGNATURE_THRESHOLD_ML>0</SIGNATURE_THRESHOLD_ML>
		<SIGNATURE_THRESHOLD_SAM>0</SIGNATURE_THRESHOLD_SAM>
	</signature>
	<signature ID="20210507_080010007313_745">
		<MACROCLASSID>1</MACROCLASSID>
		<MACROCLASSINFO/>
		<CLASSID>9</CLASSID>
		<CLASSINFO>C 1</CLASSINFO>
		<VALUES>[0.13512768, 0.0033326389, 0.12432196, 0.0050361142, 0.09903421, 0.006736562, 0.053056326, 0.0039100205, 0.01235689, 0.004553139, 0.007681116, 0.004248714]</VALUES>
		<LCS_MIN>[0.11848713, 0.10077091, 0.0737774, 0.040975798, 0.0, 0.0]</LCS_MIN>
		<LCS_MAX>[0.14860322, 0.13849878, 0.11617955, 0.07631387, 0.03391582, 0.027411722]</LCS_MAX>
		<WAVELENGTH>[0.485, 0.56, 0.66, 0.83, 1.65, 2.215]</WAVELENGTH>
		<MEAN_VALUE>[0.13512768, 0.12432196, 0.09903421, 0.053056326, 0.01235689, 0.007681116]</MEAN_VALUE>
		<CHECKBOX>2</CHECKBOX>
		<SD>[0.0033326389, 0.0050361142, 0.006736562, 0.0039100205, 0.004553139, 0.004248714]</SD>
		<WAVELENGTH_UNIT>E-6m</WAVELENGTH_UNIT>
		<COLOR>#9d561b</COLOR>
		<COVARIANCE_MATRIX>[[1.1106808907323865e-05, 9.84675515392212e-06, 1.2575457041319191e-05, 4.591578760351796e-07, -3.0821782246735514e-06, -1.782069972282067e-06], [9.84675515392212e-06, 2.5363207317723682e-05, 2.4381044157968307e-05, 1.7851270183031828e-06, -3.6026643823607276e-06, -1.7662382503051792e-06], [1.2575457041319191e-05, 2.4381044157968307e-05, 4.538260588015172e-05, 5.621400770932591e-06, -6.702802989050864e-06, -3.0358074342081498e-06], [4.591578760351796e-07, 1.7851270183031828e-06, 5.621400770932591e-06, 1.528871062991083e-05, 6.981210339457397e-06, 5.10039647166993e-06], [-3.0821782246735514e-06, -3.6026643823607276e-06, -6.702802989050864e-06, 6.981210339457397e-06, 2.0731690814332582e-05, 1.0400484823745183e-05], [-1.782069972282067e-06, -1.7662382503051792e-06, -3.0358074342081498e-06, 5.10039647166993e-06, 1.0400484823745183e-05, 1.8052104081424763e-05]]</COVARIANCE_MATRIX>
		<ROI_SIZE>33927</ROI_SIZE>
		<MAX_VALUE>[0.14860322, 0.13849878, 0.11617955, 0.07631387, 0.03391582, 0.027411722]</MAX_VALUE>
		<MIN_VALUE>[0.11848713, 0.10077091, 0.0737774, 0.040975798, 0.0, 0.0]</MIN_VALUE>
		<SIGNATURE_THRESHOLD_MD>0</SIGNATURE_THRESHOLD_MD>
		<SIGNATURE_THRESHOLD_ML>0</SIGNATURE_THRESHOLD_ML>
		<SIGNATURE_THRESHOLD_SAM>0</SIGNATURE_THRESHOLD_SAM>
	</signature>
	<signature ID="20210507_081459609946_847">
		<MACROCLASSID>1</MACROCLASSID>
		<MACROCLASSINFO/>
		<CLASSID>10</CLASSID>
		<CLASSINFO>C 1</CLASSINFO>
		<VALUES>[0.14336146, 0.008817607, 0.12885399, 0.008646336, 0.1157346, 0.0109435385, 0.087202206, 0.0149089685, 0.015233537, 0.0052437847, 0.007765985, 0.004066347]</VALUES>
		<LCS_MIN>[0.12049487, 0.10077091, 0.08084442, 0.049810316, 0.0, 0.0]</LCS_MIN>
		<LCS_MAX>[0.16466512, 0.14688276, 0.13384712, 0.12932096, 0.045291588, 0.03149588]</LCS_MAX>
		<WAVELENGTH>[0.485, 0.56, 0.66, 0.83, 1.65, 2.215]</WAVELENGTH>
		<MEAN_VALUE>[0.14336146, 0.12885399, 0.1157346, 0.087202206, 0.015233537, 0.007765985]</MEAN_VALUE>
		<CHECKBOX>2</CHECKBOX>
		<SD>[0.008817607, 0.008646336, 0.0109435385, 0.0149089685, 0.0052437847, 0.004066347]</SD>
		<WAVELENGTH_UNIT>E-6m</WAVELENGTH_UNIT>
		<COLOR>#596930</COLOR>
		<COVARIANCE_MATRIX>[[7.775546808098503e-05, 6.323810865186276e-05, 7.35292806540066e-05, 0.00010805848159382298, 2.22243480383323e-05, 9.528114543440331e-06], [6.323810865186276e-05, 7.4764231160175e-05, 8.735367819059895e-05, 0.00010190063876663775, 1.3082216731722573e-05, 5.3106673088238685e-06], [7.35292806540066e-05, 8.735367819059895e-05, 0.00011976914690772553, 0.00013268648082651445, 1.3186543260352725e-05, 5.4808217428503825e-06], [0.00010805848159382298, 0.00010190063876663775, 0.00013268648082651445, 0.00022229242837456205, 3.971854070865876e-05, 1.869555585726769e-05], [2.22243480383323e-05, 1.3082216731722573e-05, 1.3186543260352725e-05, 3.971854070865876e-05, 2.749914267047886e-05, 1.1449068043244982e-05], [9.528114543440331e-06, 5.3106673088238685e-06, 5.4808217428503825e-06, 1.869555585726769e-05, 1.1449068043244982e-05, 1.6536304468364023e-05]]</COVARIANCE_MATRIX>
		<ROI_SIZE>14739</ROI_SIZE>
		<MAX_VALUE>[0.16466512, 0.14688276, 0.13384712, 0.12932096, 0.045291588, 0.03149588]</MAX_VALUE>
		<MIN_VALUE>[0.12049487, 0.10077091, 0.08084442, 0.049810316, 0.0, 0.0]</MIN_VALUE>
		<SIGNATURE_THRESHOLD_MD>0</SIGNATURE_THRESHOLD_MD>
		<SIGNATURE_THRESHOLD_ML>0</SIGNATURE_THRESHOLD_ML>
		<SIGNATURE_THRESHOLD_SAM>0</SIGNATURE_THRESHOLD_SAM>
	</signature>
	<signature ID="20210507_082751992569_677">
		<MACROCLASSID>1</MACROCLASSID>
		<MACROCLASSINFO/>
		<CLASSID>11</CLASSID>
		<CLASSINFO>C 1</CLASSINFO>
		<VALUES>[0.13770606, 0.0023598287, 0.12517235, 0.0038892135, 0.10608674, 0.004158322, 0.07044808, 0.0049511, 0.017427213, 0.003538782, 0.0092360005, 0.0034958464]</VALUES>
		<LCS_MIN>[0.13053356, 0.11334687, 0.098511994, 0.058644827, 0.0054763923, 0.0]</LCS_MIN>
		<LCS_MAX>[0.14659546, 0.13849878, 0.11971306, 0.08514838, 0.03391582, 0.023327565]</LCS_MAX>
		<WAVELENGTH>[0.485, 0.56, 0.66, 0.83, 1.65, 2.215]</WAVELENGTH>
		<MEAN_VALUE>[0.13770606, 0.12517235, 0.10608674, 0.07044808, 0.017427213, 0.0092360005]</MEAN_VALUE>
		<CHECKBOX>2</CHECKBOX>
		<SD>[0.0023598287, 0.0038892135, 0.004158322, 0.0049511, 0.003538782, 0.0034958464]</SD>
		<WAVELENGTH_UNIT>E-6m</WAVELENGTH_UNIT>
		<COLOR>#b45f24</COLOR>
		<COVARIANCE_MATRIX>[[5.572018670169722e-06, 1.6534110322144636e-06, 9.008374662672487e-07, 8.12271125998687e-07, 5.800079480970062e-07, 3.2948195613475766e-08], [1.6534110322144636e-06, 1.5134749907087819e-05, 5.138388205530166e-06, -2.150439361344006e-06, -1.0057102881632063e-06, -1.0152891020690488e-06], [9.008374662672487e-07, 5.138388205530166e-06, 1.730166229550727e-05, 9.775184780066126e-06, 2.0206209837896157e-06, 1.0024796379132142e-06], [8.12271125998687e-07, -2.150439361344006e-06, 9.775184780066126e-06, 2.4527600567572152e-05, 7.132886453873026e-06, 4.39635806169606e-06], [5.800079480970062e-07, -1.0057102881632063e-06, 2.0206209837896157e-06, 7.132886453873026e-06, 1.2530236900291444e-05, 3.5898207964954566e-06], [3.2948195613475766e-08, -1.0152891020690488e-06, 1.0024796379132142e-06, 4.39635806169606e-06, 3.5898207964954566e-06, 1.2228027005423514e-05]]</COVARIANCE_MATRIX>
		<ROI_SIZE>1726</ROI_SIZE>
		<MAX_VALUE>[0.14659546, 0.13849878, 0.11971306, 0.08514838, 0.03391582, 0.023327565]</MAX_VALUE>
		<MIN_VALUE>[0.13053356, 0.11334687, 0.098511994, 0.058644827, 0.0054763923, 0.0]</MIN_VALUE>
		<SIGNATURE_THRESHOLD_MD>0</SIGNATURE_THRESHOLD_MD>
		<SIGNATURE_THRESHOLD_ML>0</SIGNATURE_THRESHOLD_ML>
		<SIGNATURE_THRESHOLD_SAM>0</SIGNATURE_THRESHOLD_SAM>
	</signature>
	<signature ID="20210507_083006554610_774">
		<MACROCLASSID>1</MACROCLASSID>
		<MACROCLASSINFO/>
		<CLASSID>12</CLASSID>
		<CLASSINFO>C 1</CLASSINFO>
		<VALUES>[0.14959574, 0.0039395327, 0.13103414, 0.004867234, 0.11430734, 0.006250791, 0.08118086, 0.01241649, 0.018903473, 0.004579134, 0.009948889, 0.003963341]</VALUES>
		<LCS_MIN>[0.13856453, 0.11334687, 0.094978474, 0.06306209, 0.0026324491, 0.0]</LCS_MIN>
		<LCS_MAX>[0.16064963, 0.14688276, 0.13384712, 0.12932096, 0.039603703, 0.027411722]</LCS_MAX>
		<WAVELENGTH>[0.485, 0.56, 0.66, 0.83, 1.65, 2.215]</WAVELENGTH>
		<MEAN_VALUE>[0.14959574, 0.13103414, 0.11430734, 0.08118086, 0.018903473, 0.009948889]</MEAN_VALUE>
		<CHECKBOX>2</CHECKBOX>
		<SD>[0.0039395327, 0.004867234, 0.006250791, 0.01241649, 0.004579134, 0.003963341]</SD>
		<WAVELENGTH_UNIT>E-6m</WAVELENGTH_UNIT>
		<COLOR>#5d29f4</COLOR>
		<COVARIANCE_MATRIX>[[1.55209423625496e-05, 1.2809838368928032e-05, 1.617715733607204e-05, 2.3753409534554893e-05, 6.631563033866659e-06, 3.6642764393505297e-06], [1.2809838368928032e-05, 2.3691535802852025e-05, 2.2586053167021624e-05, 3.5853798848491524e-05, 7.544219504959519e-06, 3.5285325319463773e-06], [1.617715733607204e-05, 2.2586053167021624e-05, 3.907497176219795e-05, 6.432597950622646e-05, 1.0653982070612464e-05, 5.031748485196802e-06], [2.3753409534554893e-05, 3.5853798848491524e-05, 6.432597950622646e-05, 0.00015417945612347818, 2.5706590613119427e-05, 1.2615713721617255e-05], [6.631563033866659e-06, 7.544219504959519e-06, 1.0653982070612464e-05, 2.5706590613119427e-05, 2.09698550540747e-05, 9.366239478847092e-06], [3.6642764393505297e-06, 3.5285325319463773e-06, 5.031748485196802e-06, 1.2615713721617255e-05, 9.366239478847092e-06, 1.5709112535708116e-05]]</COVARIANCE_MATRIX>
		<ROI_SIZE>15116</ROI_SIZE>
		<MAX_VALUE>[0.16064963, 0.14688276, 0.13384712, 0.12932096, 0.039603703, 0.027411722]</MAX_VALUE>
		<MIN_VALUE>[0.13856453, 0.11334687, 0.094978474, 0.06306209, 0.0026324491, 0.0]</MIN_VALUE>
		<SIGNATURE_THRESHOLD_MD>0</SIGNATURE_THRESHOLD_MD>
		<SIGNATURE_THRESHOLD_ML>0</SIGNATURE_THRESHOLD_ML>
		<SIGNATURE_THRESHOLD_SAM>0</SIGNATURE_THRESHOLD_SAM>
	</signature>
	<signature ID="20210507_083548425071_472">
		<MACROCLASSID>1</MACROCLASSID>
		<MACROCLASSINFO/>
		<CLASSID>13</CLASSID>
		<CLASSINFO>C 1</CLASSINFO>
		<VALUES>[0.14954513, 0.00388414, 0.13107854, 0.0047871517, 0.114323944, 0.0060858224, 0.08089476, 0.012055063, 0.018854355, 0.0045315535, 0.009925587, 0.003942831]</VALUES>
		<LCS_MIN>[0.13856453, 0.11334687, 0.094978474, 0.06306209, 0.0026324491, 0.0]</LCS_MIN>
		<LCS_MAX>[0.16064963, 0.14688276, 0.13384712, 0.12932096, 0.039603703, 0.027411722]</LCS_MAX>
		<WAVELENGTH>[0.485, 0.56, 0.66, 0.83, 1.65, 2.215]</WAVELENGTH>
		<MEAN_VALUE>[0.14954513, 0.13107854, 0.114323944, 0.08089476, 0.018854355, 0.009925587]</MEAN_VALUE>
		<CHECKBOX>2</CHECKBOX>
		<SD>[0.00388414, 0.0047871517, 0.0060858224, 0.012055063, 0.0045315535, 0.003942831]</SD>
		<WAVELENGTH_UNIT>E-6m</WAVELENGTH_UNIT>
		<COLOR>#c12051</COLOR>
		<COVARIANCE_MATRIX>[[1.5087470077691345e-05, 1.2226994137707303e-05, 1.5345941812645243e-05, 2.2523527970577157e-05, 6.271944473423027e-06, 3.456560943328894e-06], [1.2226994137707303e-05, 2.291823306159641e-05, 2.1457439442359073e-05, 3.342716448407834e-05, 7.005443784162699e-06, 3.2331487192644596e-06], [1.5345941812645243e-05, 2.1457439442359073e-05, 3.70395079297825e-05, 6.0062346923567946e-05, 9.93290285040898e-06, 4.70081535855314e-06], [2.2523527970577157e-05, 3.342716448407834e-05, 6.0062346923567946e-05, 0.00014533347894549152, 2.4522773044528767e-05, 1.2070988926757922e-05], [6.271944473423027e-06, 7.005443784162699e-06, 9.93290285040898e-06, 2.4522773044528767e-05, 2.053624520799267e-05, 9.06263650971916e-06], [3.456560943328894e-06, 3.2331487192644596e-06, 4.70081535855314e-06, 1.2070988926757922e-05, 9.06263650971916e-06, 1.5546875343019463e-05]]</COVARIANCE_MATRIX>
		<ROI_SIZE>16251</ROI_SIZE>
		<MAX_VALUE>[0.16064963, 0.14688276, 0.13384712, 0.12932096, 0.039603703, 0.027411722]</MAX_VALUE>
		<MIN_VALUE>[0.13856453, 0.11334687, 0.094978474, 0.06306209, 0.0026324491, 0.0]</MIN_VALUE>
		<SIGNATURE_THRESHOLD_MD>0</SIGNATURE_THRESHOLD_MD>
		<SIGNATURE_THRESHOLD_ML>0</SIGNATURE_THRESHOLD_ML>
		<SIGNATURE_THRESHOLD_SAM>0</SIGNATURE_THRESHOLD_SAM>
	</signature>
	<signature ID="20210507_092736963529_932">
		<MACROCLASSID>2</MACROCLASSID>
		<MACROCLASSINFO>vegetation</MACROCLASSINFO>
		<CLASSID>17</CLASSID>
		<CLASSINFO>C 1</CLASSINFO>
		<VALUES>[0.117552504, 0.0022019618, 0.09033913, 0.0025910765, 0.06924881, 0.002244421, 0.21742499, 0.0073517887, 0.0759457, 0.004169377, 0.026860127, 0.0036414969]</VALUES>
		<LCS_MIN>[0.110456176, 0.084002994, 0.063176855, 0.20883164, 0.062355243, 0.015159253]</LCS_MIN>
		<LCS_MAX>[0.12250261, 0.096578926, 0.0737774, 0.23975246, 0.08795074, 0.035580035]</LCS_MAX>
		<WAVELENGTH>[0.485, 0.56, 0.66, 0.83, 1.65, 2.215]</WAVELENGTH>
		<MEAN_VALUE>[0.117552504, 0.09033913, 0.06924881, 0.21742499, 0.0759457, 0.026860127]</MEAN_VALUE>
		<CHECKBOX>2</CHECKBOX>
		<SD>[0.0022019618, 0.0025910765, 0.002244421, 0.0073517887, 0.004169377, 0.0036414969]</SD>
		<WAVELENGTH_UNIT>E-6m</WAVELENGTH_UNIT>
		<COLOR>#fb71c9</COLOR>
		<COVARIANCE_MATRIX>[[4.862608801129805e-06, 1.0153539885896275e-06, 1.2344464766630324e-06, -1.749396738005882e-07, 6.936634802243015e-07, 3.3368425525566523e-07], [1.0153539885896275e-06, 6.733025756532589e-06, 1.6701935534957035e-06, 1.9060491643582677e-06, 7.347179609847628e-07, -1.9537201835080523e-07], [1.2344464766630324e-06, 1.6701935534957035e-06, 5.051942784768256e-06, 7.039249711272345e-07, 1.7177918453183576e-06, 1.0299284220537638e-06], [-1.749396738005882e-07, 1.9060491643582677e-06, 7.039249711272345e-07, 5.420455653384657e-05, 2.237203763970621e-06, -2.0050694962290326e-06], [6.936634802243015e-07, 7.347179609847628e-07, 1.7177918453183576e-06, 2.237203763970621e-06, 1.743380246264194e-05, 4.572421416620365e-06], [3.3368425525566523e-07, -1.9537201835080523e-07, 1.0299284220537638e-06, -2.0050694962290326e-06, 4.572421416620365e-06, 1.3298714839715957e-05]]</COVARIANCE_MATRIX>
		<ROI_SIZE>348</ROI_SIZE>
		<MAX_VALUE>[0.12250261, 0.096578926, 0.0737774, 0.23975246, 0.08795074, 0.035580035]</MAX_VALUE>
		<MIN_VALUE>[0.110456176, 0.084002994, 0.063176855, 0.20883164, 0.062355243, 0.015159253]</MIN_VALUE>
		<SIGNATURE_THRESHOLD_MD>0</SIGNATURE_THRESHOLD_MD>
		<SIGNATURE_THRESHOLD_ML>0</SIGNATURE_THRESHOLD_ML>
		<SIGNATURE_THRESHOLD_SAM>0</SIGNATURE_THRESHOLD_SAM>
	</signature>
	<signature ID="20210507_093128402484_982">
		<MACROCLASSID>2</MACROCLASSID>
		<MACROCLASSINFO>vegetation</MACROCLASSINFO>
		<CLASSID>18</CLASSID>
		<CLASSINFO>C 1</CLASSINFO>
		<VALUES>[0.12013894, 0.007518203, 0.0929215, 0.007638805, 0.06977599, 0.007175808, 0.18911058, 0.016985422, 0.07378628, 0.0052836705, 0.02833281, 0.0039345864]</VALUES>
		<LCS_MIN>[0.104432955, 0.075619005, 0.05610982, 0.13815549, 0.048135526, 0.011075094]</LCS_MIN>
		<LCS_MAX>[0.14458773, 0.11753886, 0.098511994, 0.29275954, 0.099326506, 0.043748356]</LCS_MAX>
		<WAVELENGTH>[0.485, 0.56, 0.66, 0.83, 1.65, 2.215]</WAVELENGTH>
		<MEAN_VALUE>[0.12013894, 0.0929215, 0.06977599, 0.18911058, 0.07378628, 0.02833281]</MEAN_VALUE>
		<CHECKBOX>2</CHECKBOX>
		<SD>[0.007518203, 0.007638805, 0.007175808, 0.016985422, 0.0052836705, 0.0039345864]</SD>
		<WAVELENGTH_UNIT>E-6m</WAVELENGTH_UNIT>
		<COLOR>#84ebad</COLOR>
		<COVARIANCE_MATRIX>[[5.652451455047298e-05, 5.236702737018779e-05, 4.901315614523377e-05, 1.669242888660697e-05, 1.3705980496429972e-05, 8.101521521293132e-06], [5.236702737018779e-05, 5.83525269307193e-05, 5.0066907149308516e-05, 2.2325072623020675e-05, 1.3875939413707448e-05, 7.930161026204183e-06], [4.901315614523377e-05, 5.0066907149308516e-05, 5.149325469123356e-05, 1.8447449702175876e-05, 1.3202143439506802e-05, 7.687536931374067e-06], [1.669242888660697e-05, 2.2325072623020675e-05, 1.8447449702175876e-05, 0.0002885103180653636, 2.586801249287455e-05, -6.72550899281533e-06], [1.3705980496429972e-05, 1.3875939413707448e-05, 1.3202143439506802e-05, 2.586801249287455e-05, 2.791773666508886e-05, 8.338290089481201e-06], [8.101521521293132e-06, 7.930161026204183e-06, 7.687536931374067e-06, -6.72550899281533e-06, 8.338290089481201e-06, 1.5481280257771654e-05]]</COVARIANCE_MATRIX>
		<ROI_SIZE>50189</ROI_SIZE>
		<MAX_VALUE>[0.14458773, 0.11753886, 0.098511994, 0.29275954, 0.099326506, 0.043748356]</MAX_VALUE>
		<MIN_VALUE>[0.104432955, 0.075619005, 0.05610982, 0.13815549, 0.048135526, 0.011075094]</MIN_VALUE>
		<SIGNATURE_THRESHOLD_MD>0</SIGNATURE_THRESHOLD_MD>
		<SIGNATURE_THRESHOLD_ML>0</SIGNATURE_THRESHOLD_ML>
		<SIGNATURE_THRESHOLD_SAM>0</SIGNATURE_THRESHOLD_SAM>
	</signature>
	<signature ID="20210507_093604888486_234">
		<MACROCLASSID>2</MACROCLASSID>
		<MACROCLASSINFO>vegetation</MACROCLASSINFO>
		<CLASSID>19</CLASSID>
		<CLASSINFO>C 1</CLASSINFO>
		<VALUES>[0.13777076, 0.0022969216, 0.10915489, 0.0022145014, 0.08996582, 0.0029742224, 0.19968893, 0.010752521, 0.13900943, 0.010298885, 0.07081777, 0.006766979]</VALUES>
		<LCS_MIN>[0.1325413, 0.1049629, 0.08437794, 0.18232808, 0.11923411, 0.060084976]</LCS_MIN>
		<LCS_MAX>[0.14257999, 0.11334687, 0.094978474, 0.22650066, 0.16189323, 0.08458991]</LCS_MAX>
		<WAVELENGTH>[0.485, 0.56, 0.66, 0.83, 1.65, 2.215]</WAVELENGTH>
		<MEAN_VALUE>[0.13777076, 0.10915489, 0.08996582, 0.19968893, 0.13900943, 0.07081777]</MEAN_VALUE>
		<CHECKBOX>2</CHECKBOX>
		<SD>[0.0022969216, 0.0022145014, 0.0029742224, 0.010752521, 0.010298885, 0.006766979]</SD>
		<WAVELENGTH_UNIT>E-6m</WAVELENGTH_UNIT>
		<COLOR>#7108ed</COLOR>
		<COVARIANCE_MATRIX>[[5.401464293158239e-06, -1.2023456930951163e-06, -1.9647148987087954e-08, -6.796392155784104e-06, -7.176895948187821e-06, -3.577824638839397e-06], [-1.2023456930951163e-06, 5.020778740101481e-06, 3.526764786664942e-06, 6.613249332481048e-06, 1.24894594569214e-05, 8.152716811589238e-06], [-1.9647148987087954e-08, 3.526764786664942e-06, 9.056619328283774e-06, 6.482053062560415e-07, 1.4873327960501255e-05, 9.7248102208778e-06], [-6.796392155784104e-06, 6.613249332481048e-06, 6.482053062560415e-07, 0.00011836948270190504, 6.725702068393708e-05, 2.0138569622371962e-05], [-7.176895948187821e-06, 1.24894594569214e-05, 1.4873327960501255e-05, 6.725702068393708e-05, 0.00010859245567779157, 5.289182019411525e-05], [-3.577824638839397e-06, 8.152716811589238e-06, 9.7248102208778e-06, 2.0138569622371962e-05, 5.289182019411525e-05, 4.688228856725403e-05]]</COVARIANCE_MATRIX>
		<ROI_SIZE>43</ROI_SIZE>
		<MAX_VALUE>[0.14257999, 0.11334687, 0.094978474, 0.22650066, 0.16189323, 0.08458991]</MAX_VALUE>
		<MIN_VALUE>[0.1325413, 0.1049629, 0.08437794, 0.18232808, 0.11923411, 0.060084976]</MIN_VALUE>
		<SIGNATURE_THRESHOLD_MD>0</SIGNATURE_THRESHOLD_MD>
		<SIGNATURE_THRESHOLD_ML>0</SIGNATURE_THRESHOLD_ML>
		<SIGNATURE_THRESHOLD_SAM>0</SIGNATURE_THRESHOLD_SAM>
	</signature>
	<signature ID="20210507_094435831576_893">
		<MACROCLASSID>2</MACROCLASSID>
		<MACROCLASSINFO>vegetation</MACROCLASSINFO>
		<CLASSID>20</CLASSID>
		<CLASSINFO>C 1</CLASSINFO>
		<VALUES>[0.11305443, 0.0028196536, 0.08794838, 0.0022600053, 0.06774964, 0.0031522578, 0.20155613, 0.009454695, 0.13462484, 0.005692809, 0.06416914, 0.0039622174]</VALUES>
		<LCS_MIN>[0.108448446, 0.084002994, 0.063176855, 0.1911626, 0.12776592, 0.05600083]</LCS_MIN>
		<LCS_MAX>[0.1164794, 0.092386946, 0.0737774, 0.2176661, 0.1448296, 0.0682533]</LCS_MAX>
		<WAVELENGTH>[0.485, 0.56, 0.66, 0.83, 1.65, 2.215]</WAVELENGTH>
		<MEAN_VALUE>[0.11305443, 0.08794838, 0.06774964, 0.20155613, 0.13462484, 0.06416914]</MEAN_VALUE>
		<CHECKBOX>2</CHECKBOX>
		<SD>[0.0028196536, 0.0022600053, 0.0031522578, 0.009454695, 0.005692809, 0.0039622174]</SD>
		<WAVELENGTH_UNIT>E-6m</WAVELENGTH_UNIT>
		<COLOR>#706b1b</COLOR>
		<COVARIANCE_MATRIX>[[8.447350339043793e-06, 6.807382389240793e-07, 3.338530235877257e-06, -2.64103605301078e-06, 6.0457723216489006e-06, 5.124952036839413e-06], [6.807382389240793e-07, 5.426850469511769e-06, 3.0496149100406407e-06, 1.5657744912378318e-06, 1.051912589673226e-06, 4.280177976081882e-06], [3.338530235877257e-06, 3.0496149100406407e-06, 1.0557774722917446e-05, -1.6354397815426315e-05, 3.7314783390034915e-06, 9.019646609009818e-06], [-2.64103605301078e-06, 1.5657744912378318e-06, -1.6354397815426315e-05, 9.497820639400205e-05, 2.4755419156426557e-05, -1.353054629566899e-05], [6.0457723216489006e-06, 1.051912589673226e-06, 3.7314783390034915e-06, 2.4755419156426557e-05, 3.44335809462294e-05, 7.98540876855289e-06], [5.124952036839413e-06, 4.280177976081882e-06, 9.019646609009818e-06, -1.353054629566899e-05, 7.98540876855289e-06, 1.668036740985675e-05]]</COVARIANCE_MATRIX>
		<ROI_SIZE>17</ROI_SIZE>
		<MAX_VALUE>[0.1164794, 0.092386946, 0.0737774, 0.2176661, 0.1448296, 0.0682533]</MAX_VALUE>
		<MIN_VALUE>[0.108448446, 0.084002994, 0.063176855, 0.1911626, 0.12776592, 0.05600083]</MIN_VALUE>
		<SIGNATURE_THRESHOLD_MD>0</SIGNATURE_THRESHOLD_MD>
		<SIGNATURE_THRESHOLD_ML>0</SIGNATURE_THRESHOLD_ML>
		<SIGNATURE_THRESHOLD_SAM>0</SIGNATURE_THRESHOLD_SAM>
	</signature>
	<signature ID="20210507_094803461082_337">
		<MACROCLASSID>2</MACROCLASSID>
		<MACROCLASSINFO>vegetation</MACROCLASSINFO>
		<CLASSID>21</CLASSID>
		<CLASSINFO>C 1</CLASSINFO>
		<VALUES>[0.116698414, 0.0026655656, 0.09174672, 0.0033875706, 0.07057796, 0.0030844368, 0.20756267, 0.010351868, 0.107754916, 0.009520179, 0.04637707, 0.0065858574]</VALUES>
		<LCS_MIN>[0.108448446, 0.084002994, 0.05964334, 0.1911626, 0.08795074, 0.03149588]</LCS_MIN>
		<LCS_MAX>[0.124510355, 0.10077091, 0.08084442, 0.22650066, 0.12207805, 0.06416914]</LCS_MAX>
		<WAVELENGTH>[0.485, 0.56, 0.66, 0.83, 1.65, 2.215]</WAVELENGTH>
		<MEAN_VALUE>[0.116698414, 0.09174672, 0.07057796, 0.20756267, 0.107754916, 0.04637707]</MEAN_VALUE>
		<CHECKBOX>2</CHECKBOX>
		<SD>[0.0026655656, 0.0033875706, 0.0030844368, 0.010351868, 0.009520179, 0.0065858574]</SD>
		<WAVELENGTH_UNIT>E-6m</WAVELENGTH_UNIT>
		<COLOR>#661c38</COLOR>
		<COVARIANCE_MATRIX>[[7.131171550994054e-06, 3.5502992940726694e-06, 3.7585569693524262e-06, -7.489251550893274e-06, 1.1063610120636212e-06, 3.0432725960778663e-06], [3.5502992940726694e-06, 1.1517517460201948e-05, 5.620659849495257e-06, -5.681184358580333e-06, 8.243961670642343e-06, 6.375445827131428e-06], [3.7585569693524262e-06, 5.620659849495257e-06, 9.54847214047561e-06, -8.176251633837202e-06, 8.76346415050899e-06, 9.389142019354723e-06], [-7.489251550893274e-06, -5.681184358580333e-06, -8.176251633837202e-06, 0.00010755228045198301, 3.549238434145779e-05, 1.7676835992184084e-06], [1.1063610120636212e-06, 8.243961670642343e-06, 8.76346415050899e-06, 3.549238434145779e-05, 9.096458837402035e-05, 4.732674527535199e-05], [3.0432725960778663e-06, 6.375445827131428e-06, 9.389142019354723e-06, 1.7676835992184084e-06, 4.732674527535199e-05, 4.3531817390414835e-05]]</COVARIANCE_MATRIX>
		<ROI_SIZE>275</ROI_SIZE>
		<MAX_VALUE>[0.124510355, 0.10077091, 0.08084442, 0.22650066, 0.12207805, 0.06416914]</MAX_VALUE>
		<MIN_VALUE>[0.108448446, 0.084002994, 0.05964334, 0.1911626, 0.08795074, 0.03149588]</MIN_VALUE>
		<SIGNATURE_THRESHOLD_MD>0</SIGNATURE_THRESHOLD_MD>
		<SIGNATURE_THRESHOLD_ML>0</SIGNATURE_THRESHOLD_ML>
		<SIGNATURE_THRESHOLD_SAM>0</SIGNATURE_THRESHOLD_SAM>
	</signature>
	<signature ID="20210507_095042815781_449">
		<MACROCLASSID>2</MACROCLASSID>
		<MACROCLASSINFO>vegetation</MACROCLASSINFO>
		<CLASSID>22</CLASSID>
		<CLASSINFO>C 1</CLASSINFO>
		<VALUES>[0.1089722, 0.0018924671, 0.086919144, 0.00260319, 0.06548132, 0.0035501737, 0.21344091, 0.01062047, 0.14495324, 0.010490563, 0.06843087, 0.0058356146]</VALUES>
		<LCS_MIN>[0.104432955, 0.084002994, 0.05964334, 0.19557983, 0.124922, 0.05600083]</LCS_MIN>
		<LCS_MAX>[0.112463914, 0.092386946, 0.0737774, 0.2309179, 0.16189323, 0.080505766]</LCS_MAX>
		<WAVELENGTH>[0.485, 0.56, 0.66, 0.83, 1.65, 2.215]</WAVELENGTH>
