<?xml version="1.0" ?>
<signaturelist MCID_LIST="[['1', 'waterbody', '#a85764'], ['2', 'vegetation', '#8d6dbb'], ['3', 'bareland', '#81907e'], ['4', 'built-up', '#919f2c']]">
	<signature ID="20210506_133104402610_931">
		<MACROCLASSID>1</MACROCLASSID>
		<MACROCLASSINFO>waterbody</MACROCLASSINFO>
		<CLASSID>1</CLASSID>
		<CLASSINFO>C 1</CLASSINFO>
		<VALUES>[0.13912906, 0.0022352193, 0.12176746, 0.0027628774, 0.10317937, 0.002582225, 0.071889594, 0.0028605924, 0.016192567, 0.0034007728, 0.009128711, 0.0034378462]</VALUES>
		<LCS_MIN>[0.1325413, 0.11334687, 0.098511994, 0.06306209, 0.0054763923, 0.0029067784]</LCS_MIN>
		<LCS_MAX>[0.14458773, 0.13011481, 0.10911252, 0.080731116, 0.022540048, 0.01924341]</LCS_MAX>
		<WAVELENGTH>[0.485, 0.56, 0.66, 0.83, 1.65, 2.215]</WAVELENGTH>
		<MEAN_VALUE>[0.13912906, 0.12176746, 0.10317937, 0.071889594, 0.016192567, 0.009128711]</MEAN_VALUE>
		<CHECKBOX>2</CHECKBOX>
		<SD>[0.0022352193, 0.0027628774, 0.002582225, 0.0028605924, 0.0034007728, 0.0034378462]</SD>
		<WAVELENGTH_UNIT>E-6m</WAVELENGTH_UNIT>
		<COLOR>#a85764</COLOR>
		<COVARIANCE_MATRIX>[[5.0001772251562215e-06, 1.1567965430003824e-06, 6.902881182213605e-07, 6.032000214872824e-07, -5.71427278828196e-07, -1.038315076584695e-06], [1.1567965430003824e-06, 7.639559953531716e-06, 1.783493075890874e-06, 7.509499369007244e-07, -1.1319855275360169e-06, -1.2759919627569616e-06], [6.902881182213605e-07, 1.783493075890874e-06, 6.673185453109909e-06, 1.1246222584304633e-06, -1.1526921070981189e-06, -7.165937745412521e-07], [6.032000214872824e-07, 7.509499369007244e-07, 1.1246222584304633e-06, 8.189493200916331e-06, 5.046545652476198e-07, 2.3012472638583858e-07], [-5.71427278828196e-07, -1.1319855275360169e-06, -1.1526921070981189e-06, 5.046545652476198e-07, 1.1574449672480114e-05, 3.4239835713378852e-06], [-1.038315076584695e-06, -1.2759919627569616e-06, -7.165937745412521e-07, 2.3012472638583858e-07, 3.4239835713378852e-06, 1.1828182323370129e-05]]</COVARIANCE_MATRIX>
		<ROI_SIZE>1259</ROI_SIZE>
		<MAX_VALUE>[0.14458773, 0.13011481, 0.10911252, 0.080731116, 0.022540048, 0.01924341]</MAX_VALUE>
		<MIN_VALUE>[0.1325413, 0.11334687, 0.098511994, 0.06306209, 0.0054763923, 0.0029067784]</MIN_VALUE>
		<SIGNATURE_THRESHOLD_MD>0.0</SIGNATURE_THRESHOLD_MD>
		<SIGNATURE_THRESHOLD_ML>0.0</SIGNATURE_THRESHOLD_ML>
		<SIGNATURE_THRESHOLD_SAM>0.0</SIGNATURE_THRESHOLD_SAM>
	</signature>
	<signature ID="20210506_142748268261_228">
		<MACROCLASSID>2</MACROCLASSID>
		<MACROCLASSINFO>vegetation</MACROCLASSINFO>
		<CLASSID>2</CLASSID>
		<CLASSINFO>C 1</CLASSINFO>
		<VALUES>[0.115163974, 0.0026507946, 0.0933988, 0.0032387178, 0.07182787, 0.003663473, 0.23426895, 0.009611817, 0.1260988, 0.0059522674, 0.058817483, 0.0070416513]</VALUES>
		<LCS_MIN>[0.110456176, 0.08819497, 0.06671037, 0.2220834, 0.113546215, 0.043748356]</LCS_MIN>
		<LCS_MAX>[0.11848713, 0.10077091, 0.08084442, 0.2530042, 0.1391417, 0.0682533]</LCS_MAX>
		<WAVELENGTH>[0.485, 0.56, 0.66, 0.83, 1.65, 2.215]</WAVELENGTH>
		<MEAN_VALUE>[0.115163974, 0.0933988, 0.07182787, 0.23426895, 0.1260988, 0.058817483]</MEAN_VALUE>
		<CHECKBOX>2</CHECKBOX>
		<SD>[0.0026507946, 0.0032387178, 0.003663473, 0.009611817, 0.0059522674, 0.0070416513]</SD>
		<WAVELENGTH_UNIT>E-6m</WAVELENGTH_UNIT>
		<COLOR>#8d6dbb</COLOR>
		<COVARIANCE_MATRIX>[[7.277664735738654e-06, 4.985577106708661e-06, 5.958573183306726e-06, -6.83720418237499e-06, 9.148478966380935e-06, 9.987345947592985e-06], [4.985577106708661e-06, 1.086391057469882e-05, 8.920289474190213e-06, 3.1013789794087643e-06, 1.2391572454362176e-05, 1.3557405509345699e-05], [5.958573183306726e-06, 8.920289474190213e-06, 1.3900356861995533e-05, -2.7103430966235464e-06, 1.3143028809281532e-05, 1.9087874534307048e-05], [-6.83720418237499e-06, 3.1013789794087643e-06, -2.7103430966235464e-06, 9.568655514158309e-05, 1.5656622053938918e-05, -7.198531875474146e-06], [9.148478966380935e-06, 1.2391572454362176e-05, 1.3143028809281532e-05, 1.5656622053938918e-05, 3.669482975965366e-05, 2.7264011805527844e-05], [9.987345947592985e-06, 1.3557405509345699e-05, 1.9087874534307048e-05, -7.198531875474146e-06, 2.7264011805527844e-05, 5.135573519510217e-05]]</COVARIANCE_MATRIX>
		<ROI_SIZE>29</ROI_SIZE>
		<MAX_VALUE>[0.11848713, 0.10077091, 0.08084442, 0.2530042, 0.1391417, 0.0682533]</MAX_VALUE>
		<MIN_VALUE>[0.110456176, 0.08819497, 0.06671037, 0.2220834, 0.113546215, 0.043748356]</MIN_VALUE>
		<SIGNATURE_THRESHOLD_MD>0.0</SIGNATURE_THRESHOLD_MD>
		<SIGNATURE_THRESHOLD_ML>0.0</SIGNATURE_THRESHOLD_ML>
		<SIGNATURE_THRESHOLD_SAM>0.0</SIGNATURE_THRESHOLD_SAM>
	</signature>
	<signature ID="20210506_145816833760_209">
		<MACROCLASSID>3</MACROCLASSID>
		<MACROCLASSINFO>bareland</MACROCLASSINFO>
		<CLASSID>3</CLASSID>
		<CLASSINFO>C 1</CLASSINFO>
		<VALUES>[0.12861791, 0.0034917637, 0.11174283, 0.0040285327, 0.11327143, 0.0042424733, 0.15610652, 0.005857726, 0.19725227, 0.007382147, 0.14751188, 0.006332512]</VALUES>
		<LCS_MIN>[0.11848713, 0.1049629, 0.10204551, 0.13815549, 0.18464479, 0.13768399]</LCS_MIN>
		<LCS_MAX>[0.14057225, 0.13011481, 0.12678008, 0.16465904, 0.21308422, 0.16218892]</LCS_MAX>
		<WAVELENGTH>[0.485, 0.56, 0.66, 0.83, 1.65, 2.215]</WAVELENGTH>
		<MEAN_VALUE>[0.12861791, 0.11174283, 0.11327143, 0.15610652, 0.19725227, 0.14751188]</MEAN_VALUE>
		<CHECKBOX>2</CHECKBOX>
		<SD>[0.0034917637, 0.0040285327, 0.0042424733, 0.005857726, 0.007382147, 0.006332512]</SD>
		<WAVELENGTH_UNIT>E-6m</WAVELENGTH_UNIT>
		<COLOR>#81907e</COLOR>
		<COVARIANCE_MATRIX>[[1.2197075193398632e-05, 8.828111276670825e-06, 8.385081855522003e-06, 5.152797712071333e-06, 2.8975850909773726e-06, 7.902765901235398e-06], [8.828111276670825e-06, 1.6235282600973733e-05, 1.1165484465891495e-05, 8.206306119973306e-06, 6.63122864352772e-06, 1.1586778782657348e-05], [8.385081855522003e-06, 1.1165484465891495e-05, 1.8005463061854243e-05, 9.719869922264479e-06, 1.1349820852046832e-05, 1.401122790412046e-05], [5.152797712071333e-06, 8.206306119973306e-06, 9.719869922264479e-06, 3.4326076274737716e-05, 2.6626956241670996e-05, 1.5785784853505902e-05], [2.8975850909773726e-06, 6.63122864352772e-06, 1.1349820852046832e-05, 2.6626956241670996e-05, 5.451693868963048e-05, 2.9353626814554445e-05], [7.902765901235398e-06, 1.1586778782657348e-05, 1.401122790412046e-05, 1.5785784853505902e-05, 2.9353626814554445e-05, 4.011604323750362e-05]]</COVARIANCE_MATRIX>
		<ROI_SIZE>2616</ROI_SIZE>
		<MAX_VALUE>[0.14057225, 0.13011481, 0.12678008, 0.16465904, 0.21308422, 0.16218892]</MAX_VALUE>
		<MIN_VALUE>[0.11848713, 0.1049629, 0.10204551, 0.13815549, 0.18464479, 0.13768399]</MIN_VALUE>
		<SIGNATURE_THRESHOLD_MD>0.0</SIGNATURE_THRESHOLD_MD>
		<SIGNATURE_THRESHOLD_ML>0.0</SIGNATURE_THRESHOLD_ML>
		<SIGNATURE_THRESHOLD_SAM>0.0</SIGNATURE_THRESHOLD_SAM>
	</signature>
	<signature ID="20210506_165149013152_600">
		<MACROCLASSID>1</MACROCLASSID>
		<MACROCLASSINFO>waterbody</MACROCLASSINFO>
		<CLASSID>5</CLASSID>
		<CLASSINFO>C 1</CLASSINFO>
		<VALUES>[0.13379698, 0.002756579, 0.12831636, 0.0036248432, 0.10438796, 0.0050118538, 0.047929443, 0.004540061, 0.007641729, 0.003154829, 0.0048078243, 0.0035022637]</VALUES>
		<LCS_MIN>[0.12250261, 0.11334687, 0.08437794, 0.03214128, 0.0, 0.0]</LCS_MIN>
		<LCS_MAX>[0.14458773, 0.13849878, 0.11617955, 0.06747934, 0.022540048, 0.01924341]</LCS_MAX>
		<WAVELENGTH>[0.485, 0.56, 0.66, 0.83, 1.65, 2.215]</WAVELENGTH>
		<MEAN_VALUE>[0.13379698, 0.12831636, 0.10438796, 0.047929443, 0.007641729, 0.0048078243]</MEAN_VALUE>
		<CHECKBOX>2</CHECKBOX>
		<SD>[0.002756579, 0.0036248432, 0.0050118538, 0.004540061, 0.003154829, 0.0035022637]</SD>
		<WAVELENGTH_UNIT>E-6m</WAVELENGTH_UNIT>
		<COLOR>#b58379</COLOR>
		<COVARIANCE_MATRIX>[[7.599427135573933e-06, 3.671633066915092e-06, 2.7488774776429636e-06, 9.021949267662421e-07, 1.0758430590840362e-07, -7.538772450743636e-08], [3.671633066915092e-06, 1.3140696864866186e-05, 4.979998266207986e-06, -8.987500876855847e-08, -6.66957475914387e-07, -6.267071057663998e-07], [2.7488774776429636e-06, 4.979998266207986e-06, 2.5120987629634328e-05, 1.4342561371449847e-05, -2.6341533612139756e-06, -1.8705411548580742e-06], [9.021949267662421e-07, -8.987500876855847e-08, 1.4342561371449847e-05, 2.0614050299627706e-05, 8.578143138038286e-07, 6.08040693350631e-07], [1.0758430590840362e-07, -6.66957475914387e-07, -2.6341533612139756e-06, 8.578143138038286e-07, 9.95386017166311e-06, 3.8471425796160474e-06], [-7.538772450743636e-08, -6.267071057663998e-07, -1.8705411548580742e-06, 6.08040693350631e-07, 3.8471425796160474e-06, 1.2266979865671601e-05]]</COVARIANCE_MATRIX>
		<ROI_SIZE>10876</ROI_SIZE>
		<MAX_VALUE>[0.14458773, 0.13849878, 0.11617955, 0.06747934, 0.022540048, 0.01924341]</MAX_VALUE>
		<MIN_VALUE>[0.12250261, 0.11334687, 0.08437794, 0.03214128, 0.0, 0.0]</MIN_VALUE>
		<SIGNATURE_THRESHOLD_MD>0.0</SIGNATURE_THRESHOLD_MD>
		<SIGNATURE_THRESHOLD_ML>0.0</SIGNATURE_THRESHOLD_ML>
		<SIGNATURE_THRESHOLD_SAM>0.0</SIGNATURE_THRESHOLD_SAM>
	</signature>
	<signature ID="20210506_165235648016_125">
		<MACROCLASSID>1</MACROCLASSID>
		<MACROCLASSINFO>waterbody</MACROCLASSINFO>
		<CLASSID>6</CLASSID>
		<CLASSINFO>C 1</CLASSINFO>
		<VALUES>[0.1345273, 0.0033499314, 0.12877491, 0.004203367, 0.104086936, 0.0051051397, 0.04785518, 0.0045358273, 0.008032548, 0.0033230446, 0.005069842, 0.003610149]</VALUES>
		<LCS_MIN>[0.12250261, 0.11334687, 0.08437794, 0.03214128, 0.0, 0.0]</LCS_MIN>
		<LCS_MAX>[0.14860322, 0.13849878, 0.11617955, 0.06747934, 0.022540048, 0.01924341]</LCS_MAX>
		<WAVELENGTH>[0.485, 0.56, 0.66, 0.83, 1.65, 2.215]</WAVELENGTH>
		<MEAN_VALUE>[0.1345273, 0.12877491, 0.104086936, 0.04785518, 0.008032548, 0.005069842]</MEAN_VALUE>
		<CHECKBOX>2</CHECKBOX>
		<SD>[0.0033499314, 0.004203367, 0.0051051397, 0.0045358273, 0.0033230446, 0.003610149]</SD>
		<WAVELENGTH_UNIT>E-6m</WAVELENGTH_UNIT>
		<COLOR>#7d0e1b</COLOR>
		<COVARIANCE_MATRIX>[[1.1222814464417752e-05, 7.56172084948048e-06, 4.766790880239569e-06, 2.8278711852181004e-06, 1.5649480928914272e-06, 8.641850968160725e-07], [7.56172084948048e-06, 1.7669512089923956e-05, 8.161010555340908e-06, 2.41785073740175e-06, 4.2800391497621604e-07, -6.684584263894067e-08], [4.766790880239569e-06, 8.161010555340908e-06, 2.6064246412715875e-05, 1.469254038966028e-05, -1.6464828149764799e-06, -1.2986062074560323e-06], [2.8278711852181004e-06, 2.41785073740175e-06, 1.469254038966028e-05, 2.057514757325407e-05, 2.143335905202548e-06, 1.6502373227922362e-06], [1.5649480928914272e-06, 4.2800391497621604e-07, -1.6464828149764799e-06, 2.143335905202548e-06, 1.1043388440157287e-05, 4.699542841990478e-06], [8.641850968160725e-07, -6.684584263894067e-08, -1.2986062074560323e-06, 1.6502373227922362e-06, 4.699542841990478e-06, 1.3034075891482644e-05]]</COVARIANCE_MATRIX>
		<ROI_SIZE>14498</ROI_SIZE>
		<MAX_VALUE>[0.14860322, 0.13849878, 0.11617955, 0.06747934, 0.022540048, 0.01924341]</MAX_VALUE>
		<MIN_VALUE>[0.12250261, 0.11334687, 0.08437794, 0.03214128, 0.0, 0.0]</MIN_VALUE>
		<SIGNATURE_THRESHOLD_MD>0.0</SIGNATURE_THRESHOLD_MD>
		<SIGNATURE_THRESHOLD_ML>0.0</SIGNATURE_THRESHOLD_ML>
		<SIGNATURE_THRESHOLD_SAM>0.0</SIGNATURE_THRESHOLD_SAM>
	</signature>
	<signature ID="20210507_075248374083_821">
		<MACROCLASSID>1</MACROCLASSID>
		<MACROCLASSINFO>NULL</MACROCLASSINFO>
		<CLASSID>7</CLASSID>
		<CLASSINFO>C 1</CLASSINFO>
		<VALUES>[0.14676042, 0.006800263, 0.13028045, 0.0063944054, 0.114600524, 0.008562474, 0.0827757, 0.01431344, 0.014854874, 0.004746472, 0.007585525, 0.0037616596]</VALUES>
		<LCS_MIN>[0.124510355, 0.1049629, 0.08791146, 0.058644827, 0.0, 0.0]</LCS_MIN>
		<LCS_MAX>[0.16466512, 0.14688276, 0.13384712, 0.111651935, 0.03675976, 0.027411722]</LCS_MAX>
		<WAVELENGTH>[0.485, 0.56, 0.66, 0.83, 1.65, 2.215]</WAVELENGTH>
		<MEAN_VALUE>[0.14676042, 0.13028045, 0.114600524, 0.0827757, 0.014854874, 0.007585525]</MEAN_VALUE>
		<CHECKBOX>2</CHECKBOX>
		<SD>[0.006800263, 0.0063944054, 0.008562474, 0.01431344, 0.004746472, 0.0037616596]</SD>
		<WAVELENGTH_UNIT>E-6m</WAVELENGTH_UNIT>
		<COLOR>#46b7c1</COLOR>
		<COVARIANCE_MATRIX>[[4.624580105883069e-05, 3.6469231417868286e-05, 4.1232415242120624e-05, 4.3763084249803796e-05, 1.8665532479644753e-05, 9.075219168153126e-06], [3.6469231417868286e-05, 4.08903943025507e-05, 3.9638351154280826e-05, 3.568098691175692e-05, 1.4403637578652706e-05, 7.024438218650175e-06], [4.1232415242120624e-05, 3.9638351154280826e-05, 7.331948290811852e-05, 9.642053919378668e-05, 1.9840830645989627e-05, 9.672919986769557e-06], [4.3763084249803796e-05, 3.568098691175692e-05, 9.642053919378668e-05, 0.00020488438894972205, 3.608098268159665e-05, 1.680110472079832e-05], [1.8665532479644753e-05, 1.4403637578652706e-05, 1.9840830645989627e-05, 3.608098268159665e-05, 2.253007551189512e-05, 8.442808393738233e-06], [9.075219168153126e-06, 7.024438218650175e-06, 9.672919986769557e-06, 1.680110472079832e-05, 8.442808393738233e-06, 1.4150763490761165e-05]]</COVARIANCE_MATRIX>
		<ROI_SIZE>20827</ROI_SIZE>
		<MAX_VALUE>[0.16466512, 0.14688276, 0.13384712, 0.111651935, 0.03675976, 0.027411722]</MAX_VALUE>
		<MIN_VALUE>[0.124510355, 0.1049629, 0.08791146, 0.058644827, 0.0, 0.0]</MIN_VALUE>
		<SIGNATURE_THRESHOLD_MD>0.0</SIGNATURE_THRESHOLD_MD>
		<SIGNATURE_THRESHOLD_ML>0.0</SIGNATURE_THRESHOLD_ML>
		<SIGNATURE_THRESHOLD_SAM>0.0</SIGNATURE_THRESHOLD_SAM>
	</signature>
	<signature ID="20210507_075524841542_349">
		<MACROCLASSID>1</MACROCLASSID>
		<MACROCLASSINFO>NULL</MACROCLASSINFO>
		<CLASSID>8</CLASSID>
		<CLASSINFO>C 1</CLASSINFO>
		<VALUES>[0.13621551, 0.0029390166, 0.12575252, 0.0049187522, 0.10201939, 0.0055327443, 0.05269371, 0.0036080114, 0.010815436, 0.0037406145, 0.0067563886, 0.0038569295]</VALUES>
		<LCS_MIN>[0.12049487, 0.1049629, 0.08437794, 0.040975798, 0.0, 0.0]</LCS_MIN>
		<LCS_MAX>[0.14860322, 0.13849878, 0.11617955, 0.07631387, 0.03391582, 0.027411722]</LCS_MAX>
		<WAVELENGTH>[0.485, 0.56, 0.66, 0.83, 1.65, 2.215]</WAVELENGTH>
		<MEAN_VALUE>[0.13621551, 0.12575252, 0.10201939, 0.05269371, 0.010815436, 0.0067563886]</MEAN_VALUE>
		<CHECKBOX>2</CHECKBOX>
		<SD>[0.0029390166, 0.0049187522, 0.0055327443, 0.0036080114, 0.0037406145, 0.0038569295]</SD>
		<WAVELENGTH_UNIT>E-6m</WAVELENGTH_UNIT>
		<COLOR>#09c0d0</COLOR>
		<COVARIANCE_MATRIX>[[8.638218787382357e-06, 7.373702374025015e-06, 6.4789010139065795e-06, 9.53340247633605e-07, -4.4827490341958764e-07, -3.874862386510358e-07], [7.373702374025015e-06, 2.4195243895519525e-05, 1.840149525378365e-05, 3.2043681130744517e-06, 4.1666794459160883e-07, 4.495026075801434e-07], [6.4789010139065795e-06, 1.840149525378365e-05, 3.061267125303857e-05, 8.377032827411313e-06, 8.719266020307259e-07, 9.624425274523674e-07], [9.53340247633605e-07, 3.2043681130744517e-06, 8.377032827411313e-06, 1.3018343452131376e-05, 4.692658876592759e-06, 3.623828433774179e-06], [-4.4827490341958764e-07, 4.1666794459160883e-07, 8.719266020307259e-07, 4.692658876592759e-06, 1.399284246872412e-05, 6.436222520278534e-06], [-3.874862386510358e-07, 4.495026075801434e-07, 9.624425274523674e-07, 3.623828433774179e-06, 6.436222520278534e-06, 1.4876594832458068e-05]]</COVARIANCE_MATRIX>
		<ROI_SIZE>21662</ROI_SIZE>
		<MAX_VALUE>[0.14860322, 0.13849878, 0.11617955, 0.07631387, 0.03391582, 0.027411722]</MAX_VALUE>
		<MIN_VALUE>[0.12049487, 0.1049629, 0.08437794, 0.040975798, 0.0, 0.0]</MIN_VALUE>
		<SIGNATURE_THRESHOLD_MD>0.0</SIGNATURE_THRESHOLD_MD>
		<SIGNATURE_THRESHOLD_ML>0.0</SIGNATURE_THRESHOLD_ML>
		<SIGNATURE_THRESHOLD_SAM>0.0</SIGNATURE_THRESHOLD_SAM>
	</signature>
	<signature ID="20210507_080010007313_745">
		<MACROCLASSID>1</MACROCLASSID>
		<MACROCLASSINFO>NULL</MACROCLASSINFO>
		<CLASSID>9</CLASSID>
		<CLASSINFO>C 1</CLASSINFO>
		<VALUES>[0.13512768, 0.0033326389, 0.12432196, 0.0050361142, 0.09903421, 0.006736562, 0.053056326, 0.0039100205, 0.01235689, 0.004553139, 0.007681116, 0.004248714]</VALUES>
		<LCS_MIN>[0.11848713, 0.10077091, 0.0737774, 0.040975798, 0.0, 0.0]</LCS_MIN>
		<LCS_MAX>[0.14860322, 0.13849878, 0.11617955, 0.07631387, 0.03391582, 0.027411722]</LCS_MAX>
		<WAVELENGTH>[0.485, 0.56, 0.66, 0.83, 1.65, 2.215]</WAVELENGTH>
		<MEAN_VALUE>[0.13512768, 0.12432196, 0.09903421, 0.053056326, 0.01235689, 0.007681116]</MEAN_VALUE>
		<CHECKBOX>2</CHECKBOX>
		<SD>[0.0033326389, 0.0050361142, 0.006736562, 0.0039100205, 0.004553139, 0.004248714]</SD>
		<WAVELENGTH_UNIT>E-6m</WAVELENGTH_UNIT>
		<COLOR>#9d561b</COLOR>
		<COVARIANCE_MATRIX>[[1.1106809324701317e-05, 9.846755347098224e-06, 1.2575456821650732e-05, 4.591578885992931e-07, -3.082178182012285e-06, -1.7820699440562748e-06], [9.846755347098224e-06, 2.53632078965893e-05, 2.4381044568144716e-05, 1.785126983122609e-06, -3.602664492063923e-06, -1.7662382560956758e-06], [1.2575456821650732e-05, 2.4381044568144716e-05, 4.538260691333562e-05, 5.621400759991957e-06, -6.702803148073144e-06, -3.035807367268717e-06], [4.591578885992931e-07, 1.785126983122609e-06, 5.621400759991957e-06, 1.528871143818833e-05, 6.981210390222259e-06, 5.100396265333984e-06], [-3.082178182012285e-06, -3.602664492063923e-06, -6.702803148073144e-06, 6.981210390222259e-06, 2.073169162031263e-05, 1.040048482536804e-05], [-1.7820699440562748e-06, -1.7662382560956758e-06, -3.035807367268717e-06, 5.100396265333984e-06, 1.040048482536804e-05, 1.8052103769150563e-05]]</COVARIANCE_MATRIX>
		<ROI_SIZE>33927</ROI_SIZE>
		<MAX_VALUE>[0.14860322, 0.13849878, 0.11617955, 0.07631387, 0.03391582, 0.027411722]</MAX_VALUE>
		<MIN_VALUE>[0.11848713, 0.10077091, 0.0737774, 0.040975798, 0.0, 0.0]</MIN_VALUE>
		<SIGNATURE_THRESHOLD_MD>0.0</SIGNATURE_THRESHOLD_MD>
		<SIGNATURE_THRESHOLD_ML>0.0</SIGNATURE_THRESHOLD_ML>
		<SIGNATURE_THRESHOLD_SAM>0.0</SIGNATURE_THRESHOLD_SAM>
	</signature>
	<signature ID="20210507_081459609946_847">
		<MACROCLASSID>1</MACROCLASSID>
		<MACROCLASSINFO>NULL</MACROCLASSINFO>
		<CLASSID>10</CLASSID>
		<CLASSINFO>C 1</CLASSINFO>
		<VALUES>[0.14336146, 0.008817607, 0.12885399, 0.008646336, 0.1157346, 0.0109435385, 0.087202206, 0.0149089685, 0.015233537, 0.0052437847, 0.007765985, 0.004066347]</VALUES>
		<LCS_MIN>[0.12049487, 0.10077091, 0.08084442, 0.049810316, 0.0, 0.0]</LCS_MIN>
		<LCS_MAX>[0.16466512, 0.14688276, 0.13384712, 0.12932096, 0.045291588, 0.03149588]</LCS_MAX>
		<WAVELENGTH>[0.485, 0.56, 0.66, 0.83, 1.65, 2.215]</WAVELENGTH>
		<MEAN_VALUE>[0.14336146, 0.12885399, 0.1157346, 0.087202206, 0.015233537, 0.007765985]</MEAN_VALUE>
		<CHECKBOX>2</CHECKBOX>
		<SD>[0.008817607, 0.008646336, 0.0109435385, 0.0149089685, 0.0052437847, 0.004066347]</SD>
		<WAVELENGTH_UNIT>E-6m</WAVELENGTH_UNIT>
		<COLOR>#596930</COLOR>
		<COVARIANCE_MATRIX>[[7.775546691846102e-05, 6.323810521280393e-05, 7.352927786996588e-05, 0.00010805848432937637, 2.222434886789415e-05, 9.52811478782678e-06], [6.323810521280393e-05, 7.476423343177885e-05, 8.735367737244815e-05, 0.00010190063767367974, 1.3082216355542187e-05, 5.310667347657727e-06], [7.352927786996588e-05, 8.735367737244815e-05, 0.00011976914538536221, 0.0001326864876318723, 1.3186543583287857e-05, 5.480821528180968e-06], [0.00010805848432937637, 0.00010190063767367974, 0.0001326864876318723, 0.0002222924231318757, 3.971853948314674e-05, 1.869555671873968e-05], [2.222434886789415e-05, 1.3082216355542187e-05, 1.3186543583287857e-05, 3.971853948314674e-05, 2.74991434707772e-05, 1.14490676423884e-05], [9.52811478782678e-06, 5.310667347657727e-06, 5.480821528180968e-06, 1.869555671873968e-05, 1.14490676423884e-05, 1.6536305338377133e-05]]</COVARIANCE_MATRIX>
		<ROI_SIZE>14739</ROI_SIZE>
		<MAX_VALUE>[0.16466512, 0.14688276, 0.13384712, 0.12932096, 0.045291588, 0.03149588]</MAX_VALUE>
		<MIN_VALUE>[0.12049487, 0.10077091, 0.08084442, 0.049810316, 0.0, 0.0]</MIN_VALUE>
		<SIGNATURE_THRESHOLD_MD>0.0</SIGNATURE_THRESHOLD_MD>
		<SIGNATURE_THRESHOLD_ML>0.0</SIGNATURE_THRESHOLD_ML>
		<SIGNATURE_THRESHOLD_SAM>0.0</SIGNATURE_THRESHOLD_SAM>
	</signature>
	<signature ID="20210507_082751992569_677">
		<MACROCLASSID>1</MACROCLASSID>
		<MACROCLASSINFO>NULL</MACROCLASSINFO>
		<CLASSID>11</CLASSID>
		<CLASSINFO>C 1</CLASSINFO>
		<VALUES>[0.13770606, 0.0023598287, 0.12517235, 0.0038892135, 0.10608674, 0.004158322, 0.07044808, 0.0049511, 0.017427213, 0.003538782, 0.0092360005, 0.0034958464]</VALUES>
		<LCS_MIN>[0.13053356, 0.11334687, 0.098511994, 0.058644827, 0.0054763923, 0.0]</LCS_MIN>
		<LCS_MAX>[0.14659546, 0.13849878, 0.11971306, 0.08514838, 0.03391582, 0.023327565]</LCS_MAX>
		<WAVELENGTH>[0.485, 0.56, 0.66, 0.83, 1.65, 2.215]</WAVELENGTH>
		<MEAN_VALUE>[0.13770606, 0.12517235, 0.10608674, 0.07044808, 0.017427213, 0.0092360005]</MEAN_VALUE>
		<CHECKBOX>2</CHECKBOX>
		<SD>[0.0023598287, 0.0038892135, 0.004158322, 0.0049511, 0.003538782, 0.0034958464]</SD>
		<WAVELENGTH_UNIT>E-6m</WAVELENGTH_UNIT>
		<COLOR>#b45f24</COLOR>
		<COVARIANCE_MATRIX>[[5.572018835664494e-06, 1.6534110045540729e-06, 9.008374490804272e-07, 8.122711392388737e-07, 5.800079634354915e-07, 3.2948197059567974e-08], [1.6534110045540729e-06, 1.5134750356082805e-05, 5.138388132763794e-06, -2.15043928619707e-06, -1.005710259960324e-06, -1.0152890581593965e-06], [9.008374490804272e-07, 5.138388132763794e-06, 1.7301661500823684e-05, 9.775184480531607e-06, 2.020620968323783e-06, 1.0024796210927889e-06], [8.122711392388737e-07, -2.15043928619707e-06, 9.775184480531607e-06, 2.4527600544388406e-05, 7.132886366889579e-06, 4.396358235680964e-06], [5.800079634354915e-07, -1.005710259960324e-06, 2.020620968323783e-06, 7.132886366889579e-06, 1.2530236745078582e-05, 3.589820835259161e-06], [3.2948197059567974e-08, -1.0152890581593965e-06, 1.0024796210927889e-06, 4.396358235680964e-06, 3.589820835259161e-06, 1.2228027117089368e-05]]</COVARIANCE_MATRIX>
		<ROI_SIZE>1726</ROI_SIZE>
		<MAX_VALUE>[0.14659546, 0.13849878, 0.11971306, 0.08514838, 0.03391582, 0.023327565]</MAX_VALUE>
		<MIN_VALUE>[0.13053356, 0.11334687, 0.098511994, 0.058644827, 0.0054763923, 0.0]</MIN_VALUE>
		<SIGNATURE_THRESHOLD_MD>0.0</SIGNATURE_THRESHOLD_MD>
		<SIGNATURE_THRESHOLD_ML>0.0</SIGNATURE_THRESHOLD_ML>
		<SIGNATURE_THRESHOLD_SAM>0.0</SIGNATURE_THRESHOLD_SAM>
	</signature>
	<signature ID="20210507_083006554610_774">
		<MACROCLASSID>1</MACROCLASSID>
		<MACROCLASSINFO>NULL</MACROCLASSINFO>
		<CLASSID>12</CLASSID>
		<CLASSINFO>C 1</CLASSINFO>
		<VALUES>[0.14959574, 0.0039395327, 0.13103414, 0.004867234, 0.11430734, 0.006250791, 0.08118086, 0.01241649, 0.018903473, 0.004579134, 0.009948889, 0.003963341]</VALUES>
		<LCS_MIN>[0.13856453, 0.11334687, 0.094978474, 0.06306209, 0.0026324491, 0.0]</LCS_MIN>
		<LCS_MAX>[0.16064963, 0.14688276, 0.13384712, 0.12932096, 0.039603703, 0.027411722]</LCS_MAX>
		<WAVELENGTH>[0.485, 0.56, 0.66, 0.83, 1.65, 2.215]</WAVELENGTH>
		<MEAN_VALUE>[0.14959574, 0.13103414, 0.11430734, 0.08118086, 0.018903473, 0.009948889]</MEAN_VALUE>
		<CHECKBOX>2</CHECKBOX>
		<SD>[0.0039395327, 0.004867234, 0.006250791, 0.01241649, 0.004579134, 0.003963341]</SD>
		<WAVELENGTH_UNIT>E-6m</WAVELENGTH_UNIT>
		<COLOR>#5d29f4</COLOR>
		<COVARIANCE_MATRIX>[[1.552094181533903e-05, 1.2809838153771125e-05, 1.6177156794583425e-05, 2.3753409550408833e-05, 6.631562882830622e-06, 3.6642763916461263e-06], [1.2809838153771125e-05, 2.369153662584722e-05, 2.258605309179984e-05, 3.585379818105139e-05, 7.5442194429342635e-06, 3.528532488417113e-06], [1.6177156794583425e-05, 2.258605309179984e-05, 3.90749701182358e-05, 6.432597729144618e-05, 1.0653981917130295e-05, 5.031748514738865e-06], [2.3753409550408833e-05, 3.585379818105139e-05, 6.432597729144618e-05, 0.00015417946269735694, 2.5706591259222478e-05, 1.2615713785635307e-05], [6.631562882830622e-06, 7.5442194429342635e-06, 1.0653981917130295e-05, 2.5706591259222478e-05, 2.0969855540897697e-05, 9.366239282826427e-06], [3.6642763916461263e-06, 3.528532488417113e-06, 5.031748514738865e-06, 1.2615713785635307e-05, 9.366239282826427e-06, 1.570911263115704e-05]]</COVARIANCE_MATRIX>
		<ROI_SIZE>15116</ROI_SIZE>
		<MAX_VALUE>[0.16064963, 0.14688276, 0.13384712, 0.12932096, 0.039603703, 0.027411722]</MAX_VALUE>
		<MIN_VALUE>[0.13856453, 0.11334687, 0.094978474, 0.06306209, 0.0026324491, 0.0]</MIN_VALUE>
		<SIGNATURE_THRESHOLD_MD>0.0</SIGNATURE_THRESHOLD_MD>
		<SIGNATURE_THRESHOLD_ML>0.0</SIGNATURE_THRESHOLD_ML>
		<SIGNATURE_THRESHOLD_SAM>0.0</SIGNATURE_THRESHOLD_SAM>
	</signature>
	<signature ID="20210507_083548425071_472">
		<MACROCLASSID>1</MACROCLASSID>
		<MACROCLASSINFO>NULL</MACROCLASSINFO>
		<CLASSID>13</CLASSID>
		<CLASSINFO>C 1</CLASSINFO>
		<VALUES>[0.14954513, 0.00388414, 0.13107854, 0.0047871517, 0.114323944, 0.0060858224, 0.08089476, 0.012055063, 0.018854355, 0.0045315535, 0.009925587, 0.003942831]</VALUES>
		<LCS_MIN>[0.13856453, 0.11334687, 0.094978474, 0.06306209, 0.0026324491, 0.0]</LCS_MIN>
		<LCS_MAX>[0.16064963, 0.14688276, 0.13384712, 0.12932096, 0.039603703, 0.027411722]</LCS_MAX>
		<WAVELENGTH>[0.485, 0.56, 0.66, 0.83, 1.65, 2.215]</WAVELENGTH>
		<MEAN_VALUE>[0.14954513, 0.13107854, 0.114323944, 0.08089476, 0.018854355, 0.009925587]</MEAN_VALUE>
		<CHECKBOX>2</CHECKBOX>
		<SD>[0.00388414, 0.0047871517, 0.0060858224, 0.012055063, 0.0045315535, 0.003942831]</SD>
		<WAVELENGTH_UNIT>E-6m</WAVELENGTH_UNIT>
		<COLOR>#c12051</COLOR>
		<COVARIANCE_MATRIX>[[1.5087470274011139e-05, 1.2226993931108154e-05, 1.5345942301792093e-05, 2.2523527150042355e-05, 6.271944585023448e-06, 3.456560989434365e-06], [1.2226993931108154e-05, 2.2918233298696578e-05, 2.145743928849697e-05, 3.342716445331462e-05, 7.0054438765509985e-06, 3.233148618164705e-06], [1.5345942301792093e-05, 2.145743928849697e-05, 3.7039506423752755e-05, 6.006234616506845e-05, 9.932902685250156e-06, 4.700815225078259e-06], [2.2523527150042355e-05, 3.342716445331462e-05, 6.006234616506845e-05, 0.00014533348439726979, 2.4522772946511395e-05, 1.2070989214407746e-05], [6.271944585023448e-06, 7.0054438765509985e-06, 9.932902685250156e-06, 2.4522772946511395e-05, 2.0536244846880436e-05, 9.062636308954097e-06], [3.456560989434365e-06, 3.233148618164705e-06, 4.700815225078259e-06, 1.2070989214407746e-05, 9.062636308954097e-06, 1.5546875147265382e-05]]</COVARIANCE_MATRIX>
		<ROI_SIZE>16251</ROI_SIZE>
		<MAX_VALUE>[0.16064963, 0.14688276, 0.13384712, 0.12932096, 0.039603703, 0.027411722]</MAX_VALUE>
		<MIN_VALUE>[0.13856453, 0.11334687, 0.094978474, 0.06306209, 0.0026324491, 0.0]</MIN_VALUE>
		<SIGNATURE_THRESHOLD_MD>0.0</SIGNATURE_THRESHOLD_MD>
		<SIGNATURE_THRESHOLD_ML>0.0</SIGNATURE_THRESHOLD_ML>
		<SIGNATURE_THRESHOLD_SAM>0.0</SIGNATURE_THRESHOLD_SAM>
	</signature>
	<signature ID="20210507_092736963529_932">
		<MACROCLASSID>2</MACROCLASSID>
		<MACROCLASSINFO>vegetation</MACROCLASSINFO>
		<CLASSID>17</CLASSID>
		<CLASSINFO>C 1</CLASSINFO>
		<VALUES>[0.117552504, 0.0022019618, 0.09033913, 0.0025910765, 0.06924881, 0.002244421, 0.21742499, 0.0073517887, 0.0759457, 0.004169377, 0.026860127, 0.0036414969]</VALUES>
		<LCS_MIN>[0.110456176, 0.084002994, 0.063176855, 0.20883164, 0.062355243, 0.015159253]</LCS_MIN>
		<LCS_MAX>[0.12250261, 0.096578926, 0.0737774, 0.23975246, 0.08795074, 0.035580035]</LCS_MAX>
		<WAVELENGTH>[0.485, 0.56, 0.66, 0.83, 1.65, 2.215]</WAVELENGTH>
		<MEAN_VALUE>[0.117552504, 0.09033913, 0.06924881, 0.21742499, 0.0759457, 0.026860127]</MEAN_VALUE>
		<CHECKBOX>2</CHECKBOX>
		<SD>[0.0022019618, 0.0025910765, 0.002244421, 0.0073517887, 0.004169377, 0.0036414969]</SD>
		<WAVELENGTH_UNIT>E-6m</WAVELENGTH_UNIT>
		<COLOR>#fb71c9</COLOR>
		<COVARIANCE_MATRIX>[[4.862608875555452e-06, 1.0153539733437356e-06, 1.2344464721536497e-06, -1.749396716377305e-07, 6.936634804333153e-07, 3.3368425533808477e-07], [1.0153539733437356e-06, 6.733025657013059e-06, 1.6701935692253755e-06, 1.906049192257342e-06, 7.347179575845075e-07, -1.9537202433639322e-07], [1.2344464721536497e-06, 1.6701935692253755e-06, 5.051942935097031e-06, 7.039249680929061e-07, 1.717791860755824e-06, 1.0299283985659713e-06], [-1.749396716377305e-07, 1.906049192257342e-06, 7.039249680929061e-07, 5.4204556363401935e-05, 2.2372037165041547e-06, -2.0050695184181677e-06], [6.936634804333153e-07, 7.347179575845075e-07, 1.717791860755824e-06, 2.2372037165041547e-06, 1.7433801986044273e-05, 4.5724214032816235e-06], [3.3368425533808477e-07, -1.9537202433639322e-07, 1.0299283985659713e-06, -2.0050695184181677e-06, 4.5724214032816235e-06, 1.329871520283632e-05]]</COVARIANCE_MATRIX>
		<ROI_SIZE>348</ROI_SIZE>
		<MAX_VALUE>[0.12250261, 0.096578926, 0.0737774, 0.23975246, 0.08795074, 0.035580035]</MAX_VALUE>
		<MIN_VALUE>[0.110456176, 0.084002994, 0.063176855, 0.20883164, 0.062355243, 0.015159253]</MIN_VALUE>
		<SIGNATURE_THRESHOLD_MD>0.0</SIGNATURE_THRESHOLD_MD>
		<SIGNATURE_THRESHOLD_ML>0.0</SIGNATURE_THRESHOLD_ML>
		<SIGNATURE_THRESHOLD_SAM>0.0</SIGNATURE_THRESHOLD_SAM>
	</signature>
	<signature ID="20210507_093128402484_982">
		<MACROCLASSID>2</MACROCLASSID>
		<MACROCLASSINFO>vegetation</MACROCLASSINFO>
		<CLASSID>18</CLASSID>
		<CLASSINFO>C 1</CLASSINFO>
		<VALUES>[0.12013894, 0.007518203, 0.0929215, 0.007638805, 0.06977599, 0.007175808, 0.18911058, 0.016985422, 0.07378628, 0.0052836705, 0.02833281, 0.0039345864]</VALUES>
		<LCS_MIN>[0.104432955, 0.075619005, 0.05610982, 0.13815549, 0.048135526, 0.011075094]</LCS_MIN>
		<LCS_MAX>[0.14458773, 0.11753886, 0.098511994, 0.29275954, 0.099326506, 0.043748356]</LCS_MAX>
		<WAVELENGTH>[0.485, 0.56, 0.66, 0.83, 1.65, 2.215]</WAVELENGTH>
		<MEAN_VALUE>[0.12013894, 0.0929215, 0.06977599, 0.18911058, 0.07378628, 0.02833281]</MEAN_VALUE>
		<CHECKBOX>2</CHECKBOX>
		<SD>[0.007518203, 0.007638805, 0.007175808, 0.016985422, 0.0052836705, 0.0039345864]</SD>
		<WAVELENGTH_UNIT>E-6m</WAVELENGTH_UNIT>
		<COLOR>#84ebad</COLOR>
		<COVARIANCE_MATRIX>[[5.6524513638578355e-05, 5.236702781985514e-05, 4.901315696770325e-05, 1.6692429198883474e-05, 1.3705980563827325e-05, 8.101521416392643e-06], [5.236702781985514e-05, 5.83525252295658e-05, 5.006690844311379e-05, 2.2325071768136695e-05, 1.3875939657737035e-05, 7.9301607911475e-06], [4.901315696770325e-05, 5.006690844311379e-05, 5.1493254431989044e-05, 1.8447450202074833e-05, 1.3202143236412667e-05, 7.68753670854494e-06], [1.6692429198883474e-05, 2.2325071768136695e-05, 1.8447450202074833e-05, 0.0002885103167500347, 2.5868012016871944e-05, -6.725509138050256e-06], [1.3705980563827325e-05, 1.3875939657737035e-05, 1.3202143236412667e-05, 2.5868012016871944e-05, 2.7917736588278785e-05, 8.33829017210519e-06], [8.101521416392643e-06, 7.9301607911475e-06, 7.68753670854494e-06, -6.725509138050256e-06, 8.33829017210519e-06, 1.5481280570384115e-05]]</COVARIANCE_MATRIX>
		<ROI_SIZE>50189</ROI_SIZE>
		<MAX_VALUE>[0.14458773, 0.11753886, 0.098511994, 0.29275954, 0.099326506, 0.043748356]</MAX_VALUE>
		<MIN_VALUE>[0.104432955, 0.075619005, 0.05610982, 0.13815549, 0.048135526, 0.011075094]</MIN_VALUE>
		<SIGNATURE_THRESHOLD_MD>0.0</SIGNATURE_THRESHOLD_MD>
		<SIGNATURE_THRESHOLD_ML>0.0</SIGNATURE_THRESHOLD_ML>
		<SIGNATURE_THRESHOLD_SAM>0.0</SIGNATURE_THRESHOLD_SAM>
	</signature>
	<signature ID="20210507_093604888486_234">
		<MACROCLASSID>2</MACROCLASSID>
		<MACROCLASSINFO>vegetation</MACROCLASSINFO>
		<CLASSID>19</CLASSID>
		<CLASSINFO>C 1</CLASSINFO>
		<VALUES>[0.13777076, 0.0022969216, 0.10915489, 0.0022145014, 0.08996582, 0.0029742224, 0.19968893, 0.010752521, 0.13900943, 0.010298885, 0.07081777, 0.006766979]</VALUES>
		<LCS_MIN>[0.1325413, 0.1049629, 0.08437794, 0.18232808, 0.11923411, 0.060084976]</LCS_MIN>
		<LCS_MAX>[0.14257999, 0.11334687, 0.094978474, 0.22650066, 0.16189323, 0.08458991]</LCS_MAX>
		<WAVELENGTH>[0.485, 0.56, 0.66, 0.83, 1.65, 2.215]</WAVELENGTH>
		<MEAN_VALUE>[0.13777076, 0.10915489, 0.08996582, 0.19968893, 0.13900943, 0.07081777]</MEAN_VALUE>
		<CHECKBOX>2</CHECKBOX>
		<SD>[0.0022969216, 0.0022145014, 0.0029742224, 0.010752521, 0.010298885, 0.006766979]</SD>
		<WAVELENGTH_UNIT>E-6m</WAVELENGTH_UNIT>
		<COLOR>#7108ed</COLOR>
		<COVARIANCE_MATRIX>[[5.401464477472473e-06, -1.2023457429677364e-06, -1.9647149684942633e-08, -6.796391971874982e-06, -7.1768959060136694e-06, -3.577824600142776e-06], [-1.2023457429677364e-06, 5.020778644393431e-06, 3.5267648854642175e-06, 6.613249297515722e-06, 1.2489459550124593e-05, 8.152716873155441e-06], [-1.9647149684942633e-08, 3.5267648854642175e-06, 9.056619092007168e-06, 6.482052867795574e-07, 1.48733279274893e-05, 9.72481029748451e-06], [-6.796391971874982e-06, 6.613249297515722e-06, 6.482052867795574e-07, 0.00011836948397103697, 6.725702405674383e-05, 2.0138570107519627e-05], [-7.1768959060136694e-06, 1.2489459550124593e-05, 1.48733279274893e-05, 6.725702405674383e-05, 0.00010859245230676606, 5.289182081469335e-05], [-3.577824600142776e-06, 8.152716873155441e-06, 9.72481029748451e-06, 2.0138570107519627e-05, 5.289182081469335e-05, 4.688228727900423e-05]]</COVARIANCE_MATRIX>
		<ROI_SIZE>43</ROI_SIZE>
		<MAX_VALUE>[0.14257999, 0.11334687, 0.094978474, 0.22650066, 0.16189323, 0.08458991]</MAX_VALUE>
		<MIN_VALUE>[0.1325413, 0.1049629, 0.08437794, 0.18232808, 0.11923411, 0.060084976]</MIN_VALUE>
		<SIGNATURE_THRESHOLD_MD>0.0</SIGNATURE_THRESHOLD_MD>
		<SIGNATURE_THRESHOLD_ML>0.0</SIGNATURE_THRESHOLD_ML>
		<SIGNATURE_THRESHOLD_SAM>0.0</SIGNATURE_THRESHOLD_SAM>
	</signature>
	<signature ID="20210507_094435831576_893">
		<MACROCLASSID>2</MACROCLASSID>
		<MACROCLASSINFO>vegetation</MACROCLASSINFO>
		<CLASSID>20</CLASSID>
		<CLASSINFO>C 1</CLASSINFO>
		<VALUES>[0.11305443, 0.0028196536, 0.08794838, 0.0022600053, 0.06774964, 0.0031522578, 0.20155613, 0.009454695, 0.13462484, 0.005692809, 0.06416914, 0.0039622174]</VALUES>
		<LCS_MIN>[0.108448446, 0.084002994, 0.063176855, 0.1911626, 0.12776592, 0.05600083]</LCS_MIN>
		<LCS_MAX>[0.1164794, 0.092386946, 0.0737774, 0.2176661, 0.1448296, 0.0682533]</LCS_MAX>
		<WAVELENGTH>[0.485, 0.56, 0.66, 0.83, 1.65, 2.215]</WAVELENGTH>
		<MEAN_VALUE>[0.11305443, 0.08794838, 0.06774964, 0.20155613, 0.13462484, 0.06416914]</MEAN_VALUE>
		<CHECKBOX>2</CHECKBOX>
		<SD>[0.0028196536, 0.0022600053, 0.0031522578, 0.009454695, 0.005692809, 0.0039622174]</SD>
		<WAVELENGTH_UNIT>E-6m</WAVELENGTH_UNIT>
		<COLOR>#706b1b</COLOR>
		<COVARIANCE_MATRIX>[[8.447350410278887e-06, 6.807382533224882e-07, 3.338530177643406e-06, -2.6410359623696422e-06, 6.045772352081258e-06, 5.124952167534502e-06], [6.807382533224882e-07, 5.426850293588359e-06, 3.0496148610836826e-06, 1.5657744825148256e-06, 1.0519125908103888e-06, 4.280178018234437e-06], [3.338530177643406e-06, 3.0496148610836826e-06, 1.0557774658082053e-05, -1.635439730307553e-05, 3.7314782730391016e-06, 9.019646313390695e-06], [-2.6410359623696422e-06, 1.5657744825148256e-06, -1.635439730307553e-05, 9.497820428805426e-05, 2.4755419872235507e-05, -1.3530546311812941e-05], [6.045772352081258e-06, 1.0519125908103888e-06, 3.7314782730391016e-06, 2.4755419872235507e-05, 3.443358218646608e-05, 7.985408956301399e-06], [5.124952167534502e-06, 4.280178018234437e-06, 9.019646313390695e-06, -1.3530546311812941e-05, 7.985408956301399e-06, 1.668036748014856e-05]]</COVARIANCE_MATRIX>
		<ROI_SIZE>17</ROI_SIZE>
		<MAX_VALUE>[0.1164794, 0.092386946, 0.0737774, 0.2176661, 0.1448296, 0.0682533]</MAX_VALUE>
		<MIN_VALUE>[0.108448446, 0.084002994, 0.063176855, 0.1911626, 0.12776592, 0.05600083]</MIN_VALUE>
		<SIGNATURE_THRESHOLD_MD>0.0</SIGNATURE_THRESHOLD_MD>
		<SIGNATURE_THRESHOLD_ML>0.0</SIGNATURE_THRESHOLD_ML>
		<SIGNATURE_THRESHOLD_SAM>0.0</SIGNATURE_THRESHOLD_SAM>
	</signature>
	<signature ID="20210507_094803461082_337">
		<MACROCLASSID>2</MACROCLASSID>
		<MACROCLASSINFO>vegetation</MACROCLASSINFO>
		<CLASSID>21</CLASSID>
		<CLASSINFO>C 1</CLASSINFO>
		<VALUES>[0.116698414, 0.0026655656, 0.09174672, 0.0033875706, 0.07057796, 0.0030844368, 0.20756267, 0.010351868, 0.107754916, 0.009520179, 0.04637707, 0.0065858574]</VALUES>
		<LCS_MIN>[0.108448446, 0.084002994, 0.05964334, 0.1911626, 0.08795074, 0.03149588]</LCS_MIN>
		<LCS_MAX>[0.124510355, 0.10077091, 0.08084442, 0.22650066, 0.12207805, 0.06416914]</LCS_MAX>
		<WAVELENGTH>[0.485, 0.56, 0.66, 0.83, 1.65, 2.215]</WAVELENGTH>
		<MEAN_VALUE>[0.116698414, 0.09174672, 0.07057796, 0.20756267, 0.107754916, 0.04637707]</MEAN_VALUE>
		<CHECKBOX>2</CHECKBOX>
		<SD>[0.0026655656, 0.0033875706, 0.0030844368, 0.010351868, 0.009520179, 0.0065858574]</SD>
		<WAVELENGTH_UNIT>E-6m</WAVELENGTH_UNIT>
		<COLOR>#661c38</COLOR>
		<COVARIANCE_MATRIX>[[7.131171514629386e-06, 3.5502991977409692e-06, 3.7585568861686625e-06, -7.489251402148511e-06, 1.1063609690609155e-06, 3.043272499780869e-06], [3.5502991977409692e-06, 1.1517517123138532e-05, 5.620659976557363e-06, -5.681184575223597e-06, 8.24396192911081e-06, 6.375445991579909e-06], [3.7585568861686625e-06, 5.620659976557363e-06, 9.548472007736564e-06, -8.17625186755322e-06, 8.763464393268805e-06, 9.389142178406473e-06], [-7.489251402148511e-06, -5.681184575223597e-06, -8.17625186755322e-06, 0.0001075522814062424, 3.549238317646086e-05, 1.7676835568636307e-06], [1.1063609690609155e-06, 8.24396192911081e-06, 8.763464393268805e-06, 3.549238317646086e-05, 9.09645896172151e-05, 4.732674642582424e-05], [3.043272499780869e-06, 6.375445991579909e-06, 9.389142178406473e-06, 1.7676835568636307e-06, 4.732674642582424e-05, 4.3531817937036976e-05]]</COVARIANCE_MATRIX>
		<ROI_SIZE>275</ROI_SIZE>
		<MAX_VALUE>[0.124510355, 0.10077091, 0.08084442, 0.22650066, 0.12207805, 0.06416914]</MAX_VALUE>
		<MIN_VALUE>[0.108448446, 0.084002994, 0.05964334, 0.1911626, 0.08795074, 0.03149588]</MIN_VALUE>
		<SIGNATURE_THRESHOLD_MD>0.0</SIGNATURE_THRESHOLD_MD>
		<SIGNATURE_THRESHOLD_ML>0.0</SIGNATURE_THRESHOLD_ML>
		<SIGNATURE_THRESHOLD_SAM>0.0</SIGNATURE_THRESHOLD_SAM>
	</signature>
	<signature ID="20210507_095042815781_449">
		<MACROCLASSID>2</MACROCLASSID>
		<MACROCLASSINFO>vegetation</MACROCLASSINFO>
		<CLASSID>22</CLASSID>
		<CLASSINFO>C 1</CLASSINFO>
		<VALUES>[0.1089722, 0.0018924671, 0.086919144, 0.00260319, 0.06548132, 0.0035501737, 0.21344091, 0.01062047, 0.14495324, 0.010490563, 0.06843087, 0.0058356146]</VALUES>
		<LCS_MIN>[0.104432955, 0.084002994, 0.05964334, 0.19557983, 0.124922, 0.05600083]</LCS_MIN>
		<LCS_MAX>[0.112463914, 0.092386946, 0.0737774, 0.2309179, 0.16189323, 0.080505766]</LCS_MAX>
		<WAVELENGTH>[0.485, 0.56, 0.66, 0.83, 1.65, 2.215]</WAVELENGTH>
		<MEAN_VALUE>[0.1089722, 0.086919144, 0.06548132, 0.21344091, 0.14495324, 0.06843087]</MEAN_VALUE>
		<CHECKBOX>2</CHECKBOX>
		<SD>[0.0018924671, 0.00260319, 0.0035501737, 0.01062047, 0.010490563, 0.0058356146]</SD>
		<WAVELENGTH_UNIT>E-6m</WAVELENGTH_UNIT>
		<COLOR>#4a4c7d</COLOR>
		<COVARIANCE_MATRIX>[[3.7442243865370983e-06, 1.0811585298142745e-06, 3.2527584608033067e-06, 2.7167097869096324e-06, 1.2390246411086991e-05, 6.611794105992885e-06], [1.0811585298142745e-06, 7.084625849529402e-06, 1.7271398746743216e-06, -3.1105748803383904e-06, 8.29338296171045e-06, 6.462550572905457e-06], [3.2527584608033067e-06, 1.7271398746743216e-06, 1.3176630091038533e-05, 2.4677339638401463e-07, 2.0713872800115496e-05, 1.3347646017791703e-05], [2.7167097869096324e-06, -3.1105748803383904e-06, 2.4677339638401463e-07, 0.00011792141594924033, 4.85118362121284e-05, 8.164713108271826e-06], [1.2390246411086991e-05, 8.29338296171045e-06, 2.0713872800115496e-05, 4.85118362121284e-05, 0.00011505425936775282, 5.2245031838538125e-05], [6.611794105992885e-06, 6.462550572905457e-06, 1.3347646017791703e-05, 8.164713108271826e-06, 5.2245031838538125e-05, 3.560232653398998e-05]]</COVARIANCE_MATRIX>
		<ROI_SIZE>23</ROI_SIZE>
		<MAX_VALUE>[0.112463914, 0.092386946, 0.0737774, 0.2309179, 0.16189323, 0.080505766]</MAX_VALUE>
		<MIN_VALUE>[0.104432955, 0.084002994, 0.05964334, 0.19557983, 0.124922, 0.05600083]</MIN_VALUE>
		<SIGNATURE_THRESHOLD_MD>0.0</SIGNATURE_THRESHOLD_MD>
		<SIGNATURE_THRESHOLD_ML>0.0</SIGNATURE_THRESHOLD_ML>
		<SIGNATURE_THRESHOLD_SAM>0.0</SIGNATURE_THRESHOLD_SAM>
	</signature>
	<signature ID="20210507_100823428937_836">
		<MACROCLASSID>3</MACROCLASSID>
		<MACROCLASSINFO>bareland</MACROCLASSINFO>
		<CLASSID>23</CLASSID>
		<CLASSINFO>C 1</CLASSINFO>
		<VALUES>[0.15474881, 0.002396391, 0.132941, 0.0031813637, 0.1269997, 0.003614581, 0.17138109, 0.005004525, 0.22605984, 0.008098949, 0.17391431, 0.007834874]</VALUES>
		<LCS_MIN>[0.14659546, 0.12173084, 0.11617955, 0.15582453, 0.21024029, 0.16218892]</LCS_MIN>
