<?xml version="1.0" ?>
<signaturelist MCID_LIST="[['1', 'waterbody', '#000000'], ['2', 'vegetation', '#000000'], ['3', 'bareland', '#000000'], ['4', 'built-up', '#000000']]">
	<signature ID="20210607_104901082957_772">
		<MACROCLASSID>1</MACROCLASSID>
		<MACROCLASSINFO>waterbody</MACROCLASSINFO>
		<CLASSID>1</CLASSID>
		<CLASSINFO>C 1</CLASSINFO>
		<VALUES>[0.08614725018887559, 0.0014521462536359346, 0.06806388849666867, 0.0020714360179559625, 0.04369776206962203, 0.003957746990227279, 0.020064576164378897, 0.0060603841091021555, 0.007710459385517243, 0.006333074499124362, 0.00545991020239841, 0.005430948032230096]</VALUES>
		<LCS_MIN>[0.08338409662246704, 0.06220076233148575, 0.03616008907556534, 0.0072859833016991615, 0.0, 0.0]</LCS_MIN>
		<LCS_MAX>[0.09863070398569107, 0.08611635863780975, 0.07292734831571579, 0.05747835338115692, 0.04388459771871567, 0.037914130836725235]</LCS_MAX>
		<WAVELENGTH>[0.48, 0.56, 0.655, 0.865, 1.61, 2.2]</WAVELENGTH>
		<MEAN_VALUE>[0.08614725018887559, 0.06806388849666867, 0.04369776206962203, 0.020064576164378897, 0.007710459385517243, 0.00545991020239841]</MEAN_VALUE>
		<CHECKBOX>2</CHECKBOX>
		<SD>[0.0014521462536359346, 0.0020714360179559625, 0.003957746990227279, 0.0060603841091021555, 0.006333074499124362, 0.005430948032230096]</SD>
		<WAVELENGTH_UNIT>E-6m</WAVELENGTH_UNIT>
		<COLOR>#adf9f6</COLOR>
		<COVARIANCE_MATRIX>[[2.1114567516633542e-06, 2.7434778075985378e-06, 4.617766535375267e-06, 6.120273610576987e-06, 6.157134976092493e-06, 5.4150200412550475e-06], [2.7434778075985378e-06, 4.296397946745856e-06, 6.937523721717298e-06, 8.608946700405795e-06, 9.15211330720922e-06, 8.23953996587079e-06], [4.617766535375267e-06, 6.937523721717298e-06, 1.5684025129303336e-05, 2.1911078874836676e-05, 2.1976436983095482e-05, 1.8599368559080176e-05], [6.120273610576987e-06, 8.608946700405795e-06, 2.1911078874836676e-05, 3.677577115013264e-05, 3.5324232158018276e-05, 2.909649811044801e-05], [6.157134976092493e-06, 9.15211330720922e-06, 2.1976436983095482e-05, 3.5324232158018276e-05, 4.0159717173082754e-05, 3.380043926881626e-05], [5.4150200412550475e-06, 8.23953996587079e-06, 1.8599368559080176e-05, 2.909649811044801e-05, 3.380043926881626e-05, 2.9533353881561197e-05]]</COVARIANCE_MATRIX>
		<ROI_SIZE>774</ROI_SIZE>
		<MAX_VALUE>[0.09863070398569107, 0.08611635863780975, 0.07292734831571579, 0.05747835338115692, 0.04388459771871567, 0.037914130836725235]</MAX_VALUE>
		<MIN_VALUE>[0.08338409662246704, 0.06220076233148575, 0.03616008907556534, 0.0072859833016991615, 0.0, 0.0]</MIN_VALUE>
		<SIGNATURE_THRESHOLD_MD>0.0</SIGNATURE_THRESHOLD_MD>
		<SIGNATURE_THRESHOLD_ML>0.0</SIGNATURE_THRESHOLD_ML>
		<SIGNATURE_THRESHOLD_SAM>0.0</SIGNATURE_THRESHOLD_SAM>
	</signature>
	<signature ID="20210607_104926686899_464">
		<MACROCLASSID>1</MACROCLASSID>
		<MACROCLASSINFO>waterbody</MACROCLASSINFO>
		<CLASSID>2</CLASSID>
		<CLASSINFO>C 1</CLASSINFO>
		<VALUES>[0.08476912858624183, 0.0044595270355310196, 0.07405677210930948, 0.008856455052090515, 0.05396638724206423, 0.007645114418541491, 0.017133364529106118, 0.006356139801955748, 0.006340519166791045, 0.0066404764660331714, 0.004468522835223923, 0.005232121795065569]</VALUES>
		<LCS_MIN>[0.06618107110261917, 0.038318902254104614, 0.023578263819217682, 0.005970454774796963, 0.0, 0.0]</LCS_MIN>
		<LCS_MAX>[0.09228920191526413, 0.08294559270143509, 0.07373692095279694, 0.054442524909973145, 0.04381711781024933, 0.04027533158659935]</LCS_MAX>
		<WAVELENGTH>[0.48, 0.56, 0.655, 0.865, 1.61, 2.2]</WAVELENGTH>
		<MEAN_VALUE>[0.08476912858624183, 0.07405677210930948, 0.05396638724206423, 0.017133364529106118, 0.006340519166791045, 0.004468522835223923]</MEAN_VALUE>
		<CHECKBOX>2</CHECKBOX>
		<SD>[0.0044595270355310196, 0.008856455052090515, 0.007645114418541491, 0.006356139801955748, 0.0066404764660331714, 0.005232121795065569]</SD>
		<WAVELENGTH_UNIT>E-6m</WAVELENGTH_UNIT>
		<COLOR>#31c9b4</COLOR>
		<COVARIANCE_MATRIX>[[1.4822693628957495e-05, 2.9041368179605342e-05, 2.3595057427883148e-05, -7.206011559901526e-06, -7.532994459324982e-06, -3.988244316133205e-06], [2.9041368179605342e-05, 5.8572964917402714e-05, 4.7650097258156165e-05, -1.6789850633358583e-05, -1.7896649296744727e-05, -1.0083151209983043e-05], [2.3595057427883148e-05, 4.7650097258156165e-05, 4.728222484118305e-05, -1.5008052969278651e-06, -2.806891188811278e-06, 1.0831125791810337e-06], [-7.206011559901526e-06, -1.6789850633358583e-05, -1.5008052969278651e-06, 3.889448998961598e-05, 3.880522126564756e-05, 3.0626364605268463e-05], [-7.532994459324982e-06, -1.7896649296744727e-05, -2.806891188811278e-06, 3.880522126564756e-05, 4.134099799557589e-05, 3.202329025953077e-05], [-3.988244316133205e-06, -1.0083151209983043e-05, 1.0831125791810337e-06, 3.0626364605268463e-05, 3.202329025953077e-05, 2.6956526198773645e-05]]</COVARIANCE_MATRIX>
		<ROI_SIZE>1817</ROI_SIZE>
		<MAX_VALUE>[0.09228920191526413, 0.08294559270143509, 0.07373692095279694, 0.054442524909973145, 0.04381711781024933, 0.04027533158659935]</MAX_VALUE>
		<MIN_VALUE>[0.06618107110261917, 0.038318902254104614, 0.023578263819217682, 0.005970454774796963, 0.0, 0.0]</MIN_VALUE>
		<SIGNATURE_THRESHOLD_MD>0.0</SIGNATURE_THRESHOLD_MD>
		<SIGNATURE_THRESHOLD_ML>0.0</SIGNATURE_THRESHOLD_ML>
		<SIGNATURE_THRESHOLD_SAM>0.0</SIGNATURE_THRESHOLD_SAM>
	</signature>
	<signature ID="20210607_104933767924_143">
		<MACROCLASSID>1</MACROCLASSID>
		<MACROCLASSINFO>waterbody</MACROCLASSINFO>
		<CLASSID>3</CLASSID>
		<CLASSINFO>C 1</CLASSINFO>
		<VALUES>[0.08997148004946884, 0.004601641007175015, 0.08020668748168297, 0.00924090856493836, 0.058763904736181836, 0.009822717334148485, 0.023514136370777323, 0.009554468701580564, 0.01146784897226794, 0.008989037928354638, 0.00785350466210303, 0.0064849974326272345]</VALUES>
		<LCS_MIN>[0.072657510638237, 0.04641444608569145, 0.029245151206851006, 0.012244503013789654, 0.002563577378168702, 0.001888949773274362]</LCS_MIN>
		<LCS_MAX>[0.09879936277866364, 0.09009666740894318, 0.07832439243793488, 0.05552193894982338, 0.04523385316133499, 0.040005479007959366]</LCS_MAX>
		<WAVELENGTH>[0.48, 0.56, 0.655, 0.865, 1.61, 2.2]</WAVELENGTH>
		<MEAN_VALUE>[0.08997148004946884, 0.08020668748168297, 0.058763904736181836, 0.023514136370777323, 0.01146784897226794, 0.00785350466210303]</MEAN_VALUE>
		<CHECKBOX>2</CHECKBOX>
		<SD>[0.004601641007175015, 0.00924090856493836, 0.009822717334148485, 0.009554468701580564, 0.008989037928354638, 0.0064849974326272345]</SD>
		<WAVELENGTH_UNIT>E-6m</WAVELENGTH_UNIT>
		<COLOR>#962e58</COLOR>
		<COVARIANCE_MATRIX>[[2.1227513570920564e-05, 4.195314249955118e-05, 4.0581555367680266e-05, -1.2936341590830125e-05, -7.551523594884202e-06, -1.875671273410262e-06], [4.195314249955118e-05, 8.560576679883525e-05, 8.332130528287962e-05, -2.9636234103236347e-05, -1.9385821360629052e-05, -7.270575679285685e-06], [4.0581555367680266e-05, 8.332130528287962e-05, 9.67246014624834e-05, -8.249942766269669e-06, -1.9867100036208285e-06, 4.157299372309353e-06], [-1.2936341590830125e-05, -2.9636234103236347e-05, -8.249942766269669e-06, 9.151382982963696e-05, 7.948012353153899e-05, 5.2350071200635284e-05], [-7.551523594884202e-06, -1.9385821360629052e-05, -1.9867100036208285e-06, 7.948012353153899e-05, 8.100280683720484e-05, 5.6023665820248425e-05], [-1.875671273410262e-06, -7.270575679285685e-06, 4.157299372309353e-06, 5.2350071200635284e-05, 5.6023665820248425e-05, 4.215928856865503e-05]]</COVARIANCE_MATRIX>
		<ROI_SIZE>405</ROI_SIZE>
		<MAX_VALUE>[0.09879936277866364, 0.09009666740894318, 0.07832439243793488, 0.05552193894982338, 0.04523385316133499, 0.040005479007959366]</MAX_VALUE>
		<MIN_VALUE>[0.072657510638237, 0.04641444608569145, 0.029245151206851006, 0.012244503013789654, 0.002563577378168702, 0.001888949773274362]</MIN_VALUE>
		<SIGNATURE_THRESHOLD_MD>0.0</SIGNATURE_THRESHOLD_MD>
		<SIGNATURE_THRESHOLD_ML>0.0</SIGNATURE_THRESHOLD_ML>
		<SIGNATURE_THRESHOLD_SAM>0.0</SIGNATURE_THRESHOLD_SAM>
	</signature>
	<signature ID="20210607_104940005809_249">
		<MACROCLASSID>1</MACROCLASSID>
		<MACROCLASSINFO>waterbody</MACROCLASSINFO>
		<CLASSID>4</CLASSID>
		<CLASSINFO>C 1</CLASSINFO>
		<VALUES>[0.07905808551685167, 0.0019919499091079827, 0.05782738533364426, 0.004813262954494847, 0.037837338911381746, 0.004991259008518659, 0.02036681885175226, 0.007141782971259378, 0.006770611049802187, 0.004880893059850194, 0.004386401755805172, 0.0035381466234459145]</VALUES>
		<LCS_MIN>[0.07586199790239334, 0.05289088189601898, 0.03174127638339996, 0.011671069078147411, 0.0, 0.0009782081469893456]</LCS_MIN>
		<LCS_MAX>[0.09134472161531448, 0.08827516436576843, 0.07184796035289764, 0.05579178035259247, 0.043311163783073425, 0.03319172188639641]</LCS_MAX>
		<WAVELENGTH>[0.48, 0.56, 0.655, 0.865, 1.61, 2.2]</WAVELENGTH>
		<MEAN_VALUE>[0.07905808551685167, 0.05782738533364426, 0.037837338911381746, 0.02036681885175226, 0.006770611049802187, 0.004386401755805172]</MEAN_VALUE>
		<CHECKBOX>2</CHECKBOX>
		<SD>[0.0019919499091079827, 0.004813262954494847, 0.004991259008518659, 0.007141782971259378, 0.004880893059850194, 0.0035381466234459145]</SD>
		<WAVELENGTH_UNIT>E-6m</WAVELENGTH_UNIT>
		<COLOR>#d04939</COLOR>
		<COVARIANCE_MATRIX>[[3.970055331592448e-06, 9.296275493397843e-06, 9.22707658901345e-06, 7.986132004589308e-06, 3.903840024577221e-06, 2.6710215479397448e-06], [9.296275493397843e-06, 2.3180293283076026e-05, 2.2935782908461988e-05, 1.9353597963345237e-05, 9.07251251192065e-06, 6.278197361098137e-06], [9.22707658901345e-06, 2.2935782908461988e-05, 2.4926423066062853e-05, 2.444349775032606e-05, 1.3455909538606647e-05, 9.419086381967645e-06], [7.986132004589308e-06, 1.9353597963345237e-05, 2.444349775032606e-05, 5.103322837385349e-05, 2.9435095711960457e-05, 1.9578275896492414e-05], [3.903840024577221e-06, 9.07251251192065e-06, 1.3455909538606647e-05, 2.9435095711960457e-05, 2.383627179369796e-05, 1.6690273696440272e-05], [2.6710215479397448e-06, 6.278197361098137e-06, 9.419086381967645e-06, 1.9578275896492414e-05, 1.6690273696440272e-05, 1.2525393685791641e-05]]</COVARIANCE_MATRIX>
		<ROI_SIZE>1812</ROI_SIZE>
		<MAX_VALUE>[0.09134472161531448, 0.08827516436576843, 0.07184796035289764, 0.05579178035259247, 0.043311163783073425, 0.03319172188639641]</MAX_VALUE>
		<MIN_VALUE>[0.07586199790239334, 0.05289088189601898, 0.03174127638339996, 0.011671069078147411, 0.0, 0.0009782081469893456]</MIN_VALUE>
		<SIGNATURE_THRESHOLD_MD>0.0</SIGNATURE_THRESHOLD_MD>
		<SIGNATURE_THRESHOLD_ML>0.0</SIGNATURE_THRESHOLD_ML>
		<SIGNATURE_THRESHOLD_SAM>0.0</SIGNATURE_THRESHOLD_SAM>
	</signature>
	<signature ID="20210607_104944820255_138">
		<MACROCLASSID>1</MACROCLASSID>
		<MACROCLASSINFO>waterbody</MACROCLASSINFO>
		<CLASSID>5</CLASSID>
		<CLASSINFO>C 1</CLASSINFO>
		<VALUES>[0.08606714007496107, 0.0013957223944888442, 0.06453638560841413, 0.002108629380369354, 0.039293474969139854, 0.0025338072893744483, 0.022490252740681192, 0.0073936928961339885, 0.010103282922638887, 0.007344148443688432, 0.006974785096166322, 0.0052221924583457716]</VALUES>
		<LCS_MIN>[0.07569333910942078, 0.047898635268211365, 0.032854415476322174, 0.01312151737511158, 0.0031032843980938196, 0.00222626980394125]</LCS_MIN>
		<LCS_MAX>[0.09053517132997513, 0.07086975127458572, 0.06031179800629616, 0.06102016568183899, 0.04877566173672676, 0.038116514682769775]</LCS_MAX>
		<WAVELENGTH>[0.48, 0.56, 0.655, 0.865, 1.61, 2.2]</WAVELENGTH>
		<MEAN_VALUE>[0.08606714007496107, 0.06453638560841413, 0.039293474969139854, 0.022490252740681192, 0.010103282922638887, 0.006974785096166322]</MEAN_VALUE>
		<CHECKBOX>2</CHECKBOX>
		<SD>[0.0013957223944888442, 0.002108629380369354, 0.0025338072893744483, 0.0073936928961339885, 0.007344148443688432, 0.0052221924583457716]</SD>
		<WAVELENGTH_UNIT>E-6m</WAVELENGTH_UNIT>
		<COLOR>#1db561</COLOR>
		<COVARIANCE_MATRIX>[[1.950434125319589e-06, 2.5880756311380537e-06, 1.8842711142497137e-06, 4.245784737122449e-07, 8.749328230805986e-07, 8.897224574866414e-07], [2.5880756311380537e-06, 4.451780114322901e-06, 3.4130650874431012e-06, 5.737662149840617e-07, 1.5233853218887816e-06, 1.544737415315467e-06], [1.8842711142497137e-06, 3.4130650874431012e-06, 6.428066626540385e-06, 1.3089140338706784e-05, 1.3915920135332271e-05, 9.975155990105122e-06], [4.245784737122449e-07, 5.737662149840617e-07, 1.3089140338706784e-05, 5.473385317600332e-05, 5.072171916253865e-05, 3.5138862585881725e-05], [8.749328230805986e-07, 1.5233853218887816e-06, 1.3915920135332271e-05, 5.072171916253865e-05, 5.400277586886659e-05, 3.703289621626027e-05], [8.897224574866414e-07, 1.544737415315467e-06, 9.975155990105122e-06, 3.5138862585881725e-05, 3.703289621626027e-05, 2.730479718593415e-05]]</COVARIANCE_MATRIX>
		<ROI_SIZE>815</ROI_SIZE>
		<MAX_VALUE>[0.09053517132997513, 0.07086975127458572, 0.06031179800629616, 0.06102016568183899, 0.04877566173672676, 0.038116514682769775]</MAX_VALUE>
		<MIN_VALUE>[0.07569333910942078, 0.047898635268211365, 0.032854415476322174, 0.01312151737511158, 0.0031032843980938196, 0.00222626980394125]</MIN_VALUE>
		<SIGNATURE_THRESHOLD_MD>0.0</SIGNATURE_THRESHOLD_MD>
		<SIGNATURE_THRESHOLD_ML>0.0</SIGNATURE_THRESHOLD_ML>
		<SIGNATURE_THRESHOLD_SAM>0.0</SIGNATURE_THRESHOLD_SAM>
	</signature>
	<signature ID="20210607_104948826708_919">
		<MACROCLASSID>1</MACROCLASSID>
		<MACROCLASSINFO>waterbody</MACROCLASSINFO>
		<CLASSID>6</CLASSID>
		<CLASSINFO>C 1</CLASSINFO>
		<VALUES>[0.08443696809108135, 0.001728991110529114, 0.068198691727848, 0.0020699408951176087, 0.04795006027475733, 0.004588905140118101, 0.04655674844980237, 0.01102059527624634, 0.01522024439474761, 0.011654538208832083, 0.010135460357420923, 0.008187220373459512]</VALUES>
		<LCS_MIN>[0.08152888715267181, 0.06017686426639557, 0.04135473445057869, 0.0354517325758934, 0.005801795050501823, 0.0036429916508495808]</LCS_MIN>
		<LCS_MAX>[0.09346979856491089, 0.08102290332317352, 0.06678823381662369, 0.07562588155269623, 0.04536878690123558, 0.038015324622392654]</LCS_MAX>
		<WAVELENGTH>[0.48, 0.56, 0.655, 0.865, 1.61, 2.2]</WAVELENGTH>
		<MEAN_VALUE>[0.08443696809108135, 0.068198691727848, 0.04795006027475733, 0.04655674844980237, 0.01522024439474761, 0.010135460357420923]</MEAN_VALUE>
		<CHECKBOX>2</CHECKBOX>
		<SD>[0.001728991110529114, 0.0020699408951176087, 0.004588905140118101, 0.01102059527624634, 0.011654538208832083, 0.008187220373459512]</SD>
		<WAVELENGTH_UNIT>E-6m</WAVELENGTH_UNIT>
		<COLOR>#67c09f</COLOR>
		<COVARIANCE_MATRIX>[[3.0058356514928164e-06, 3.084540367126465e-06, 7.595874194521457e-06, 1.6432788470410742e-05, 1.6750198483350687e-05, 1.1772276593546849e-05], [3.084540367126465e-06, 4.308197276259307e-06, 7.992587597982492e-06, 1.4863921933283564e-05, 1.3596631106338464e-05, 9.883455277304165e-06], [7.595874194521457e-06, 7.992587597982492e-06, 2.1173753339098766e-05, 4.7077061026357114e-05, 4.786375939147547e-05, 3.343337812111713e-05], [1.6432788470410742e-05, 1.4863921933283564e-05, 4.7077061026357114e-05, 0.00012212085130158812, 0.00012263195822015405, 8.427840657532215e-05], [1.6750198483350687e-05, 1.3596631106338464e-05, 4.786375939147547e-05, 0.00012263195822015405, 0.00013657457020599395, 9.5180599601008e-05], [1.1772276593546849e-05, 9.883455277304165e-06, 3.343337812111713e-05, 8.427840657532215e-05, 9.5180599601008e-05, 6.739887612638995e-05]]</COVARIANCE_MATRIX>
		<ROI_SIZE>183</ROI_SIZE>
		<MAX_VALUE>[0.09346979856491089, 0.08102290332317352, 0.06678823381662369, 0.07562588155269623, 0.04536878690123558, 0.038015324622392654]</MAX_VALUE>
		<MIN_VALUE>[0.08152888715267181, 0.06017686426639557, 0.04135473445057869, 0.0354517325758934, 0.005801795050501823, 0.0036429916508495808]</MIN_VALUE>
		<SIGNATURE_THRESHOLD_MD>0.0</SIGNATURE_THRESHOLD_MD>
		<SIGNATURE_THRESHOLD_ML>0.0</SIGNATURE_THRESHOLD_ML>
		<SIGNATURE_THRESHOLD_SAM>0.0</SIGNATURE_THRESHOLD_SAM>
	</signature>
	<signature ID="20210607_104956180527_598">
		<MACROCLASSID>1</MACROCLASSID>
		<MACROCLASSINFO>waterbody</MACROCLASSINFO>
		<CLASSID>7</CLASSID>
		<CLASSINFO>C 1</CLASSINFO>
		<VALUES>[0.08434335345716107, 0.0019342191795202741, 0.07205096557047996, 0.004188449942878058, 0.044406914369976916, 0.004934629585247006, 0.018555783861936972, 0.006340902780967682, 0.007120994442918984, 0.006472175169598326, 0.004749149317252787, 0.00477030816645742]</VALUES>
		<LCS_MIN>[0.07225273549556732, 0.04405325651168823, 0.029042763635516167, 0.009545993059873581, 0.0, 0.0]</LCS_MIN>
		<LCS_MAX>[0.09468413889408112, 0.09293011575937271, 0.07974110543727875, 0.055353280156850815, 0.04347982257604599, 0.04155712202191353]</LCS_MAX>
		<WAVELENGTH>[0.48, 0.56, 0.655, 0.865, 1.61, 2.2]</WAVELENGTH>
		<MEAN_VALUE>[0.08434335345716107, 0.07205096557047996, 0.044406914369976916, 0.018555783861936972, 0.007120994442918984, 0.004749149317252787]</MEAN_VALUE>
		<CHECKBOX>2</CHECKBOX>
		<SD>[0.0019342191795202741, 0.004188449942878058, 0.004934629585247006, 0.006340902780967682, 0.006472175169598326, 0.00477030816645742]</SD>
		<WAVELENGTH_UNIT>E-6m</WAVELENGTH_UNIT>
		<COLOR>#7657fe</COLOR>
		<COVARIANCE_MATRIX>[[3.743864681382547e-06, 7.593912869197084e-06, 8.333635378221516e-06, 3.8844036680529825e-06, 4.832016657019267e-06, 4.104125309822848e-06], [7.593912869197084e-06, 1.7555590602569282e-05, 1.804039675334934e-05, 6.959970505704405e-06, 9.28316148929298e-06, 8.339658961631358e-06], [8.333635378221516e-06, 1.804039675334934e-05, 2.436788781778887e-05, 1.8926877601188608e-05, 2.026444963121321e-05, 1.5575809811707586e-05], [3.8844036680529825e-06, 6.959970505704405e-06, 1.8926877601188608e-05, 4.0235645428765565e-05, 3.595248199417256e-05, 2.58236668742029e-05], [4.832016657019267e-06, 9.28316148929298e-06, 2.026444963121321e-05, 3.595248199417256e-05, 4.1918843635357916e-05, 2.9310094760148786e-05], [4.104125309822848e-06, 8.339658961631358e-06, 1.5575809811707586e-05, 2.58236668742029e-05, 2.9310094760148786e-05, 2.2772024749428965e-05]]</COVARIANCE_MATRIX>
		<ROI_SIZE>1407</ROI_SIZE>
		<MAX_VALUE>[0.09468413889408112, 0.09293011575937271, 0.07974110543727875, 0.055353280156850815, 0.04347982257604599, 0.04155712202191353]</MAX_VALUE>
		<MIN_VALUE>[0.07225273549556732, 0.04405325651168823, 0.029042763635516167, 0.009545993059873581, 0.0, 0.0]</MIN_VALUE>
		<SIGNATURE_THRESHOLD_MD>0.0</SIGNATURE_THRESHOLD_MD>
		<SIGNATURE_THRESHOLD_ML>0.0</SIGNATURE_THRESHOLD_ML>
		<SIGNATURE_THRESHOLD_SAM>0.0</SIGNATURE_THRESHOLD_SAM>
	</signature>
	<signature ID="20210607_105000618516_761">
		<MACROCLASSID>1</MACROCLASSID>
		<MACROCLASSINFO>waterbody</MACROCLASSINFO>
		<CLASSID>8</CLASSID>
		<CLASSINFO>C 1</CLASSINFO>
		<VALUES>[0.08085058209761764, 0.0014383479650452045, 0.06325261321076217, 0.003171964622729776, 0.0428290769862577, 0.0045655385021769425, 0.023443816923039776, 0.008792210576114491, 0.009810547415125869, 0.009292491345564672, 0.007157641126150244, 0.007075322745877292]</VALUES>
		<LCS_MIN>[0.07869543880224228, 0.058287929743528366, 0.035721585154533386, 0.017371682450175285, 0.0035080586094409227, 0.002968363929539919]</LCS_MIN>
		<LCS_MAX>[0.08928709477186203, 0.07788586616516113, 0.07417542487382889, 0.07046495378017426, 0.061694782227277756, 0.047898635268211365]</LCS_MAX>
		<WAVELENGTH>[0.48, 0.56, 0.655, 0.865, 1.61, 2.2]</WAVELENGTH>
		<MEAN_VALUE>[0.08085058209761764, 0.06325261321076217, 0.0428290769862577, 0.023443816923039776, 0.009810547415125869, 0.007157641126150244]</MEAN_VALUE>
		<CHECKBOX>2</CHECKBOX>
		<SD>[0.0014383479650452045, 0.003171964622729776, 0.0045655385021769425, 0.008792210576114491, 0.009292491345564672, 0.007075322745877292]</SD>
		<WAVELENGTH_UNIT>E-6m</WAVELENGTH_UNIT>
		<COLOR>#7d3bc3</COLOR>
		<COVARIANCE_MATRIX>[[2.073015821224544e-06, 3.709063776113908e-06, 5.387506917031715e-06, 9.846289685810916e-06, 1.0134637705050409e-05, 8.031252946238965e-06], [3.709063776113908e-06, 1.0081644177262206e-05, 1.3532882803701796e-05, 2.037777449004352e-05, 1.8039858332485892e-05, 1.3254968507681042e-05], [5.387506917031715e-06, 1.3532882803701796e-05, 2.0886165657429956e-05, 3.581005148589611e-05, 3.381112401257269e-05, 2.495213266229257e-05], [9.846289685810916e-06, 2.037777449004352e-05, 3.581005148589611e-05, 7.745881885057315e-05, 7.569344597868621e-05, 5.63740250072442e-05], [1.0134637705050409e-05, 1.8039858332485892e-05, 3.381112401257269e-05, 7.569344597868621e-05, 8.652448741486296e-05, 6.416017276933417e-05], [8.031252946238965e-06, 1.3254968507681042e-05, 2.495213266229257e-05, 5.63740250072442e-05, 6.416017276933417e-05, 5.016112118028104e-05]]</COVARIANCE_MATRIX>
		<ROI_SIZE>497</ROI_SIZE>
		<MAX_VALUE>[0.08928709477186203, 0.07788586616516113, 0.07417542487382889, 0.07046495378017426, 0.061694782227277756, 0.047898635268211365]</MAX_VALUE>
		<MIN_VALUE>[0.07869543880224228, 0.058287929743528366, 0.035721585154533386, 0.017371682450175285, 0.0035080586094409227, 0.002968363929539919]</MIN_VALUE>
		<SIGNATURE_THRESHOLD_MD>0.0</SIGNATURE_THRESHOLD_MD>
		<SIGNATURE_THRESHOLD_ML>0.0</SIGNATURE_THRESHOLD_ML>
		<SIGNATURE_THRESHOLD_SAM>0.0</SIGNATURE_THRESHOLD_SAM>
	</signature>
	<signature ID="20210607_105005164953_133">
		<MACROCLASSID>1</MACROCLASSID>
		<MACROCLASSINFO>waterbody</MACROCLASSINFO>
		<CLASSID>9</CLASSID>
		<CLASSINFO>C 1</CLASSINFO>
		<VALUES>[0.07946538650675823, 0.0015739351726542046, 0.059082721605112694, 0.003120408227132972, 0.03595073966814682, 0.0031728165117558007, 0.022269159817487488, 0.009359324318738838, 0.012064513160285313, 0.009536918860009423, 0.008419605515433498, 0.007116476996252612]</VALUES>
		<LCS_MIN>[0.07073482125997543, 0.04294011741876602, 0.02688394859433174, 0.005228360649198294, 0.0014841756783425808, 0.0]</LCS_MIN>
		<LCS_MAX>[0.08598142862319946, 0.07461392134428024, 0.051878947764635086, 0.05636521428823471, 0.04277145490050316, 0.037914130836725235]</LCS_MAX>
		<WAVELENGTH>[0.48, 0.56, 0.655, 0.865, 1.61, 2.2]</WAVELENGTH>
		<MEAN_VALUE>[0.07946538650675823, 0.059082721605112694, 0.03595073966814682, 0.022269159817487488, 0.012064513160285313, 0.008419605515433498]</MEAN_VALUE>
		<CHECKBOX>2</CHECKBOX>
		<SD>[0.0015739351726542046, 0.003120408227132972, 0.0031728165117558007, 0.009359324318738838, 0.009536918860009423, 0.007116476996252612]</SD>
		<WAVELENGTH_UNIT>E-6m</WAVELENGTH_UNIT>
		<COLOR>#640af9</COLOR>
		<COVARIANCE_MATRIX>[[2.487342044332763e-06, 4.6638829189760145e-06, 3.777817937589134e-06, 4.1048070897886646e-07, 2.1125633793417364e-06, 2.9392058422672562e-06], [4.6638829189760145e-06, 9.776528713700827e-06, 7.159153938118834e-06, 6.678357067357865e-08, 3.073152583965566e-06, 5.711100584449014e-06], [3.777817937589134e-06, 7.159153938118834e-06, 1.0107686648552772e-05, 1.6890155166038312e-05, 1.9935798263759352e-05, 1.625944787519984e-05], [4.1048070897886646e-07, 6.678357067357865e-08, 1.6890155166038312e-05, 8.79530343809165e-05, 8.125716703943908e-05, 5.808938658447005e-05], [2.1125633793417364e-06, 3.073152583965566e-06, 1.9935798263759352e-05, 8.125716703943908e-05, 9.132254490396008e-05, 6.47649503662251e-05], [2.9392058422672562e-06, 5.711100584449014e-06, 1.625944787519984e-05, 5.808938658447005e-05, 6.47649503662251e-05, 5.0850114348577335e-05]]</COVARIANCE_MATRIX>
		<ROI_SIZE>247</ROI_SIZE>
		<MAX_VALUE>[0.08598142862319946, 0.07461392134428024, 0.051878947764635086, 0.05636521428823471, 0.04277145490050316, 0.037914130836725235]</MAX_VALUE>
		<MIN_VALUE>[0.07073482125997543, 0.04294011741876602, 0.02688394859433174, 0.005228360649198294, 0.0014841756783425808, 0.0]</MIN_VALUE>
		<SIGNATURE_THRESHOLD_MD>0.0</SIGNATURE_THRESHOLD_MD>
		<SIGNATURE_THRESHOLD_ML>0.0</SIGNATURE_THRESHOLD_ML>
		<SIGNATURE_THRESHOLD_SAM>0.0</SIGNATURE_THRESHOLD_SAM>
	</signature>
	<signature ID="20210607_105008808765_117">
		<MACROCLASSID>1</MACROCLASSID>
		<MACROCLASSINFO>waterbody</MACROCLASSINFO>
		<CLASSID>10</CLASSID>
		<CLASSINFO>C 1</CLASSINFO>
		<VALUES>[0.08191714151860113, 0.0016622720474775065, 0.07086549636784134, 0.0038813604097892437, 0.04728769299971477, 0.005364243514164719, 0.023903198058267575, 0.007898400219632942, 0.009808646865071838, 0.007008251661135235, 0.007107654842873707, 0.005510582304306791]</VALUES>
		<LCS_MIN>[0.07997721433639526, 0.0666533038020134, 0.04307504743337631, 0.011401215568184853, 0.004992246627807617, 0.0024961233139038086]</LCS_MIN>
		<LCS_MAX>[0.08894979953765869, 0.08857875317335129, 0.07235391438007355, 0.05690491944551468, 0.045672353357076645, 0.04314250126481056]</LCS_MAX>
		<WAVELENGTH>[0.48, 0.56, 0.655, 0.865, 1.61, 2.2]</WAVELENGTH>
		<MEAN_VALUE>[0.08191714151860113, 0.07086549636784134, 0.04728769299971477, 0.023903198058267575, 0.009808646865071838, 0.007107654842873707]</MEAN_VALUE>
		<CHECKBOX>2</CHECKBOX>
		<SD>[0.0016622720474775065, 0.0038813604097892437, 0.005364243514164719, 0.007898400219632942, 0.007008251661135235, 0.005510582304306791]</SD>
		<WAVELENGTH_UNIT>E-6m</WAVELENGTH_UNIT>
		<COLOR>#403757</COLOR>
		<COVARIANCE_MATRIX>[[2.772843572529382e-06, 6.077066700527212e-06, 8.289493052870966e-06, 1.0016512533184141e-05, 7.625194484717213e-06, 5.341645191947464e-06], [6.077066700527212e-06, 1.5117818293219898e-05, 1.9926128516090102e-05, 2.1947700588498265e-05, 1.4729473150509875e-05, 1.0289501915394794e-05], [8.289493052870966e-06, 1.9926128516090102e-05, 2.8876072974526323e-05, 3.5478908102959394e-05, 2.6474896003492177e-05, 1.8552947949501686e-05], [1.0016512533184141e-05, 2.1947700588498265e-05, 3.5478908102959394e-05, 6.260361988097429e-05, 4.942481973557733e-05, 3.684620241983794e-05], [7.625194484717213e-06, 1.4729473150509875e-05, 2.6474896003492177e-05, 4.942481973557733e-05, 4.9287926231045276e-05, 3.75586241716519e-05], [5.341645191947464e-06, 1.0289501915394794e-05, 1.8552947949501686e-05, 3.684620241983794e-05, 3.75586241716519e-05, 3.047306563530583e-05]]</COVARIANCE_MATRIX>
		<ROI_SIZE>286</ROI_SIZE>
		<MAX_VALUE>[0.08894979953765869, 0.08857875317335129, 0.07235391438007355, 0.05690491944551468, 0.045672353357076645, 0.04314250126481056]</MAX_VALUE>
		<MIN_VALUE>[0.07997721433639526, 0.0666533038020134, 0.04307504743337631, 0.011401215568184853, 0.004992246627807617, 0.0024961233139038086]</MIN_VALUE>
		<SIGNATURE_THRESHOLD_MD>0.0</SIGNATURE_THRESHOLD_MD>
		<SIGNATURE_THRESHOLD_ML>0.0</SIGNATURE_THRESHOLD_ML>
		<SIGNATURE_THRESHOLD_SAM>0.0</SIGNATURE_THRESHOLD_SAM>
	</signature>
	<signature ID="20210607_105013463262_981">
		<MACROCLASSID>1</MACROCLASSID>
		<MACROCLASSINFO>waterbody</MACROCLASSINFO>
		<CLASSID>11</CLASSID>
		<CLASSINFO>C 1</CLASSINFO>
		<VALUES>[0.07921454328327225, 0.001586803807814206, 0.06032877562281031, 0.002811607247736408, 0.037797257599707354, 0.0035359573648723708, 0.01995673317324895, 0.00790260265488597, 0.009666806905909492, 0.008276265097762157, 0.006897369347242577, 0.006006196085985069]</VALUES>
		<LCS_MIN>[0.07285989820957184, 0.049011778086423874, 0.029919778928160667, 0.010794054716825485, 0.00134925520978868, 0.0017540293047204614]</LCS_MIN>
		<LCS_MAX>[0.08679097145795822, 0.07485006004571915, 0.05919865891337395, 0.05592671409249306, 0.044626690447330475, 0.04037652537226677]</LCS_MAX>
		<WAVELENGTH>[0.48, 0.56, 0.655, 0.865, 1.61, 2.2]</WAVELENGTH>
		<MEAN_VALUE>[0.07921454328327225, 0.06032877562281031, 0.037797257599707354, 0.01995673317324895, 0.009666806905909492, 0.006897369347242577]</MEAN_VALUE>
		<CHECKBOX>2</CHECKBOX>
		<SD>[0.001586803807814206, 0.002811607247736408, 0.0035359573648723708, 0.00790260265488597, 0.008276265097762157, 0.006006196085985069]</SD>
		<WAVELENGTH_UNIT>E-6m</WAVELENGTH_UNIT>
		<COLOR>#3a0e04</COLOR>
		<COVARIANCE_MATRIX>[[2.5219878807547502e-06, 4.084575721208239e-06, 4.841621830564691e-06, 4.46608692072914e-06, 5.243623490969185e-06, 4.205527602607617e-06], [4.084575721208239e-06, 7.917824405012652e-06, 8.380677172681317e-06, 6.668140940746525e-06, 8.281657756015193e-06, 7.478056886611739e-06], [4.841621830564691e-06, 8.380677172681317e-06, 1.25230635603657e-05, 1.8571487089502625e-05, 2.104688792314846e-05, 1.561710269015748e-05], [4.46608692072914e-06, 6.668140940746525e-06, 1.8571487089502625e-05, 6.255137122934684e-05, 5.967124525341205e-05, 4.112920942134224e-05], [5.243623490969185e-06, 8.281657756015193e-06, 2.104688792314846e-05, 5.967124525341205e-05, 6.860651046736166e-05, 4.7219011321431026e-05], [4.205527602607617e-06, 7.478056886611739e-06, 1.561710269015748e-05, 4.112920942134224e-05, 4.7219011321431026e-05, 3.613229637267068e-05]]</COVARIANCE_MATRIX>
		<ROI_SIZE>624</ROI_SIZE>
		<MAX_VALUE>[0.08679097145795822, 0.07485006004571915, 0.05919865891337395, 0.05592671409249306, 0.044626690447330475, 0.04037652537226677]</MAX_VALUE>
		<MIN_VALUE>[0.07285989820957184, 0.049011778086423874, 0.029919778928160667, 0.010794054716825485, 0.00134925520978868, 0.0017540293047204614]</MIN_VALUE>
		<SIGNATURE_THRESHOLD_MD>0.0</SIGNATURE_THRESHOLD_MD>
		<SIGNATURE_THRESHOLD_ML>0.0</SIGNATURE_THRESHOLD_ML>
		<SIGNATURE_THRESHOLD_SAM>0.0</SIGNATURE_THRESHOLD_SAM>
	</signature>
	<signature ID="20210607_105030720762_426">
		<MACROCLASSID>1</MACROCLASSID>
		<MACROCLASSINFO>waterbody</MACROCLASSINFO>
		<CLASSID>12</CLASSID>
		<CLASSINFO>C 1</CLASSINFO>
		<VALUES>[0.09227023072625425, 0.0025258168935624876, 0.09384784629483787, 0.005693319575340219, 0.06321337695275858, 0.004033687169830058, 0.022460818047296584, 0.008044343945459899, 0.009171398585418834, 0.008374440633518837, 0.006059290270906628, 0.006002378992758478]</VALUES>
		<LCS_MIN>[0.07444526255130768, 0.05656760185956955, 0.03757680952548981, 0.014571978710591793, 0.0, 0.0]</LCS_MIN>
		<LCS_MAX>[0.09610085189342499, 0.09863070398569107, 0.07410796731710434, 0.05663508176803589, 0.0442219153046608, 0.032550834119319916]</LCS_MAX>
		<WAVELENGTH>[0.48, 0.56, 0.655, 0.865, 1.61, 2.2]</WAVELENGTH>
		<MEAN_VALUE>[0.09227023072625425, 0.09384784629483787, 0.06321337695275858, 0.022460818047296584, 0.009171398585418834, 0.006059290270906628]</MEAN_VALUE>
		<CHECKBOX>2</CHECKBOX>
		<SD>[0.0025258168935624876, 0.005693319575340219, 0.004033687169830058, 0.008044343945459899, 0.008374440633518837, 0.006002378992758478]</SD>
		<WAVELENGTH_UNIT>E-6m</WAVELENGTH_UNIT>
		<COLOR>#79f855</COLOR>
		<COVARIANCE_MATRIX>[[6.397926881618332e-06, 1.4013728105055634e-05, 9.558487363392487e-06, -8.771379725658335e-06, -5.9278813751006965e-06, -3.093833811362856e-06], [1.4013728105055634e-05, 3.2506235584151e-05, 2.1071135051897727e-05, -2.4753111574682407e-05, -1.861653981904965e-05, -1.0872802704398055e-05], [9.558487363392487e-06, 2.1071135051897727e-05, 1.6316987967002206e-05, -6.9147117756074294e-06, -1.6117028280859813e-06, 6.555943059538549e-07], [-8.771379725658335e-06, -2.4753111574682407e-05, -6.9147117756074294e-06, 6.489583029178903e-05, 6.326854781946167e-05, 4.328710201662034e-05], [-5.9278813751006965e-06, -1.861653981904965e-05, -1.6117028280859813e-06, 6.326854781946167e-05, 7.033105794107541e-05, 4.865628216066398e-05], [-3.093833811362856e-06, -1.0872802704398055e-05, 6.555943059538549e-07, 4.328710201662034e-05, 4.865628216066398e-05, 3.613119770307094e-05]]</COVARIANCE_MATRIX>
		<ROI_SIZE>352</ROI_SIZE>
		<MAX_VALUE>[0.09610085189342499, 0.09863070398569107, 0.07410796731710434, 0.05663508176803589, 0.0442219153046608, 0.032550834119319916]</MAX_VALUE>
		<MIN_VALUE>[0.07444526255130768, 0.05656760185956955, 0.03757680952548981, 0.014571978710591793, 0.0, 0.0]</MIN_VALUE>
		<SIGNATURE_THRESHOLD_MD>0.0</SIGNATURE_THRESHOLD_MD>
		<SIGNATURE_THRESHOLD_ML>0.0</SIGNATURE_THRESHOLD_ML>
		<SIGNATURE_THRESHOLD_SAM>0.0</SIGNATURE_THRESHOLD_SAM>
	</signature>
	<signature ID="20210607_105035659351_198">
		<MACROCLASSID>1</MACROCLASSID>
		<MACROCLASSINFO>waterbody</MACROCLASSINFO>
		<CLASSID>13</CLASSID>
		<CLASSINFO>C 1</CLASSINFO>
		<VALUES>[0.09444372598412476, 0.0011948898707207685, 0.09048716798865576, 0.0023161896666850377, 0.05431778629767824, 0.00463270875393665, 0.020704009870519118, 0.007758429415145975, 0.009633212720564732, 0.008101304525033264, 0.007100460704721886, 0.005937920647670397]</VALUES>
		<LCS_MIN>[0.08921964466571808, 0.07980858534574509, 0.04938282445073128, 0.011738535016775131, 0.0, 0.0]</LCS_MIN>
		<LCS_MAX>[0.09842831641435623, 0.0989680215716362, 0.0712745264172554, 0.05447624996304512, 0.041624587029218674, 0.033832624554634094]</LCS_MAX>
		<WAVELENGTH>[0.48, 0.56, 0.655, 0.865, 1.61, 2.2]</WAVELENGTH>
		<MEAN_VALUE>[0.09444372598412476, 0.09048716798865576, 0.05431778629767824, 0.020704009870519118, 0.009633212720564732, 0.007100460704721886]</MEAN_VALUE>
		<CHECKBOX>2</CHECKBOX>
		<SD>[0.0011948898707207685, 0.0023161896666850377, 0.00463270875393665, 0.007758429415145975, 0.008101304525033264, 0.005937920647670397]</SD>
		<WAVELENGTH_UNIT>E-6m</WAVELENGTH_UNIT>
		<COLOR>#9f81c6</COLOR>
		<COVARIANCE_MATRIX>[[1.4319984984467737e-06, 2.1851792553206906e-06, -1.4796032701269723e-06, -2.942940227512736e-06, -2.5365188776049763e-06, -1.715720600259374e-06], [2.1851792553206906e-06, 5.380653874453856e-06, -3.400993364266469e-06, -8.560336937080137e-06, -7.772619028401095e-06, -5.377949946705485e-06], [-1.4796032701269723e-06, -3.400993364266469e-06, 2.1525675037992187e-05, 2.7790201784227975e-05, 2.775864049908705e-05, 2.0532201233436354e-05], [-2.942940227512736e-06, -8.560336937080137e-06, 2.7790201784227975e-05, 6.037184357410297e-05, 6.10620336374268e-05, 4.205971708870493e-05], [-2.5365188776049763e-06, -7.772619028401095e-06, 2.775864049908705e-05, 6.10620336374268e-05, 6.582588684977964e-05, 4.6138458856148645e-05], [-1.715720600259374e-06, -5.377949946705485e-06, 2.0532201233436354e-05, 4.205971708870493e-05, 4.6138458856148645e-05, 3.5363525967113674e-05]]</COVARIANCE_MATRIX>
		<ROI_SIZE>338</ROI_SIZE>
		<MAX_VALUE>[0.09842831641435623, 0.0989680215716362, 0.0712745264172554, 0.05447624996304512, 0.041624587029218674, 0.033832624554634094]</MAX_VALUE>
		<MIN_VALUE>[0.08921964466571808, 0.07980858534574509, 0.04938282445073128, 0.011738535016775131, 0.0, 0.0]</MIN_VALUE>
		<SIGNATURE_THRESHOLD_MD>0.0</SIGNATURE_THRESHOLD_MD>
		<SIGNATURE_THRESHOLD_ML>0.0</SIGNATURE_THRESHOLD_ML>
		<SIGNATURE_THRESHOLD_SAM>0.0</SIGNATURE_THRESHOLD_SAM>
	</signature>
	<signature ID="20210607_105039928288_543">
		<MACROCLASSID>1</MACROCLASSID>
		<MACROCLASSINFO>waterbody</MACROCLASSINFO>
		<CLASSID>14</CLASSID>
		<CLASSINFO>C 1</CLASSINFO>
		<VALUES>[0.0795378975187654, 0.0009673453615821385, 0.07286929917546829, 0.0021252021333348975, 0.050285400453872926, 0.0022214909889994947, 0.01838634802770861, 0.006717768162152267, 0.007914097674821742, 0.007157122473008842, 0.006029755480229984, 0.005280763557096117]</VALUES>
		<LCS_MIN>[0.07103841006755829, 0.05265476927161217, 0.03852128982543945, 0.012075843289494514, 0.0004385010397527367, 0.0003710344899445772]</LCS_MIN>
		<LCS_MAX>[0.0836876854300499, 0.07775095850229263, 0.061964645981788635, 0.05484730005264282, 0.04368221014738083, 0.035080686211586]</LCS_MAX>
		<WAVELENGTH>[0.48, 0.56, 0.655, 0.865, 1.61, 2.2]</WAVELENGTH>
		<MEAN_VALUE>[0.0795378975187654, 0.07286929917546829, 0.050285400453872926, 0.01838634802770861, 0.007914097674821742, 0.006029755480229984]</MEAN_VALUE>
		<CHECKBOX>2</CHECKBOX>
		<SD>[0.0009673453615821385, 0.0021252021333348975, 0.0022214909889994947, 0.006717768162152267, 0.007157122473008842, 0.005280763557096117]</SD>
		<WAVELENGTH_UNIT>E-6m</WAVELENGTH_UNIT>
		<COLOR>#c65c76</COLOR>
		<COVARIANCE_MATRIX>[[9.380505616718438e-07, 1.6642421769574867e-06, 1.2803033087038784e-06, 3.460451694081712e-07, 1.463734975004627e-06, 1.270332063540991e-06], [1.6642421769574867e-06, 4.5275537559064105e-06, 1.9804647308774292e-06, -4.228730631439248e-06, -1.9002777662535664e-06, -1.2113820275772014e-06], [1.2803033087038784e-06, 1.9804647308774292e-06, 4.94711775900214e-06, 9.113624400924891e-06, 1.061149305314757e-05, 7.786673450027592e-06], [3.460451694081712e-07, -4.228730631439248e-06, 9.113624400924891e-06, 4.523901952779852e-05, 4.456088208826259e-05, 3.15182696795091e-05], [1.463734975004627e-06, -1.9002777662535664e-06, 1.061149305314757e-05, 4.456088208826259e-05, 5.1349950808798894e-05, 3.667932833195664e-05], [1.270332063540991e-06, -1.2113820275772014e-06, 7.786673450027592e-06, 3.15182696795091e-05, 3.667932833195664e-05, 2.795481304929126e-05]]</COVARIANCE_MATRIX>
		<ROI_SIZE>409</ROI_SIZE>
		<MAX_VALUE>[0.0836876854300499, 0.07775095850229263, 0.061964645981788635, 0.05484730005264282, 0.04368221014738083, 0.035080686211586]</MAX_VALUE>
		<MIN_VALUE>[0.07103841006755829, 0.05265476927161217, 0.03852128982543945, 0.012075843289494514, 0.0004385010397527367, 0.0003710344899445772]</MIN_VALUE>
		<SIGNATURE_THRESHOLD_MD>0.0</SIGNATURE_THRESHOLD_MD>
		<SIGNATURE_THRESHOLD_ML>0.0</SIGNATURE_THRESHOLD_ML>
		<SIGNATURE_THRESHOLD_SAM>0.0</SIGNATURE_THRESHOLD_SAM>
	</signature>
	<signature ID="20210607_105049083081_713">
		<MACROCLASSID>1</MACROCLASSID>
		<MACROCLASSINFO>waterbody</MACROCLASSINFO>
		<CLASSID>15</CLASSID>
		<CLASSINFO>C 1</CLASSINFO>
		<VALUES>[0.09140589643838042, 0.0024295788167918225, 0.0742120119600983, 0.004045305359245796, 0.044817067303899984, 0.00424291785111859, 0.03165894746780396, 0.011769517697007513, 0.021410879974995377, 0.01158362937874593, 0.015414688439242607, 0.00857147253915843]</VALUES>
		<LCS_MIN>[0.07832439243793488, 0.05494850501418114, 0.037914130836725235, 0.011367488652467728, 0.0037779121194034815, 0.0005734215374104679]</LCS_MIN>
		<LCS_MAX>[0.09691040217876434, 0.08065185695886612, 0.05585926026105881, 0.06122255325317383, 0.048674456775188446, 0.03636248782277107]</LCS_MAX>
		<WAVELENGTH>[0.48, 0.56, 0.655, 0.865, 1.61, 2.2]</WAVELENGTH>
		<MEAN_VALUE>[0.09140589643838042, 0.0742120119600983, 0.044817067303899984, 0.03165894746780396, 0.021410879974995377, 0.015414688439242607]</MEAN_VALUE>
		<CHECKBOX>2</CHECKBOX>
		<SD>[0.0024295788167918225, 0.004045305359245796, 0.00424291785111859, 0.011769517697007513, 0.01158362937874593, 0.00857147253915843]</SD>
		<WAVELENGTH_UNIT>E-6m</WAVELENGTH_UNIT>
		<COLOR>#d8a94f</COLOR>
		<COVARIANCE_MATRIX>[[6.0046263570257e-06, 9.413191946805455e-06, 4.900874046143144e-06, -2.035406851064181e-06, 1.276505940950301e-06, 3.080029273405671e-06], [9.413191946805455e-06, 1.6646641597617418e-05, 9.28668578126235e-06, -3.3114989150817564e-07, 5.90057652516407e-06, 8.036114195419941e-06], [4.900874046143144e-06, 9.28668578126235e-06, 1.831273766583763e-05, 4.103099854546599e-05, 3.681697853608057e-05, 3.05681060126517e-05], [-2.035406851064181e-06, -3.3114989150817564e-07, 4.103099854546599e-05, 0.00014090984768699855, 0.00010507222032174468, 8.427510329056531e-05], [1.276505940950301e-06, 5.90057652516407e-06, 3.681697853608057e-05, 0.00010507222032174468, 0.00013649392349179834, 9.626159589970484e-05], [3.080029273405671e-06, 8.036114195419941e-06, 3.05681060126517e-05, 8.427510329056531e-05, 9.626159589970484e-05, 7.47368685551919e-05]]</COVARIANCE_MATRIX>
		<ROI_SIZE>59</ROI_SIZE>
		<MAX_VALUE>[0.09691040217876434, 0.08065185695886612, 0.05585926026105881, 0.06122255325317383, 0.048674456775188446, 0.03636248782277107]</MAX_VALUE>
		<MIN_VALUE>[0.07832439243793488, 0.05494850501418114, 0.037914130836725235, 0.011367488652467728, 0.0037779121194034815, 0.0005734215374104679]</MIN_VALUE>
		<SIGNATURE_THRESHOLD_MD>0.0</SIGNATURE_THRESHOLD_MD>
		<SIGNATURE_THRESHOLD_ML>0.0</SIGNATURE_THRESHOLD_ML>
		<SIGNATURE_THRESHOLD_SAM>0.0</SIGNATURE_THRESHOLD_SAM>
	</signature>
	<signature ID="20210607_105055272974_642">
		<MACROCLASSID>1</MACROCLASSID>
		<MACROCLASSINFO>waterbody</MACROCLASSINFO>
		<CLASSID>16</CLASSID>
		<CLASSINFO>C 1</CLASSINFO>
		<VALUES>[0.07881444395018189, 0.001336452246160229, 0.05428915970946019, 0.0024469972386845407, 0.03027795843790787, 0.0026066857955950344, 0.013812505953999587, 0.0025810943450253524, 0.004402273970020895, 0.0029486216323137302, 0.002814865890247766, 0.002544723638648797]</VALUES>
		<LCS_MIN>[0.07663781940937042, 0.051035646349191666, 0.027592303231358528, 0.006982402876019478, 0.0015853692311793566, 0.0012480616569519043]</LCS_MIN>
		<LCS_MAX>[0.08942203223705292, 0.07474885880947113, 0.06247060373425484, 0.05265476927161217, 0.04172578081488609, 0.037812937051057816]</LCS_MAX>
