<?xml version="1.0" ?>
<signaturelist MCID_LIST="[['1', 'waterbody', '#000000'], ['2', 'vegetation', '#000000'], ['3', 'bareland', '#000000'], ['4', 'built-up', '#000000']]">
	<signature ID="20210607_104901082957_772">
		<MACROCLASSID>1</MACROCLASSID>
		<MACROCLASSINFO>waterbody</MACROCLASSINFO>
		<CLASSID>1</CLASSID>
		<CLASSINFO>C 1</CLASSINFO>
		<VALUES>[0.08614725018887559, 0.0014521462536359346, 0.06806388849666867, 0.0020714360179559625, 0.04369776206962203, 0.003957746990227279, 0.020064576164378897, 0.0060603841091021555, 0.007710459385517243, 0.006333074499124362, 0.00545991020239841, 0.005430948032230096]</VALUES>
		<LCS_MIN>[0.08338409662246704, 0.06220076233148575, 0.03616008907556534, 0.0072859833016991615, 0.0, 0.0]</LCS_MIN>
		<LCS_MAX>[0.09863070398569107, 0.08611635863780975, 0.07292734831571579, 0.05747835338115692, 0.04388459771871567, 0.037914130836725235]</LCS_MAX>
		<WAVELENGTH>[0.48, 0.56, 0.655, 0.865, 1.61, 2.2]</WAVELENGTH>
		<MEAN_VALUE>[0.08614725018887559, 0.06806388849666867, 0.04369776206962203, 0.020064576164378897, 0.007710459385517243, 0.00545991020239841]</MEAN_VALUE>
		<CHECKBOX>2</CHECKBOX>
		<SD>[0.0014521462536359346, 0.0020714360179559625, 0.003957746990227279, 0.0060603841091021555, 0.006333074499124362, 0.005430948032230096]</SD>
		<WAVELENGTH_UNIT>E-6m</WAVELENGTH_UNIT>
		<COLOR>#adf9f6</COLOR>
		<COVARIANCE_MATRIX>[[2.111456722210051e-06, 2.7434777123270455e-06, 4.6177666070987596e-06, 6.120273702331237e-06, 6.157135166269248e-06, 5.415020074807483e-06], [2.7434777123270455e-06, 4.296398078395392e-06, 6.937523609341269e-06, 8.608947012678274e-06, 9.152112935324405e-06, 8.23953958405437e-06], [4.6177666070987596e-06, 6.937523609341269e-06, 1.5684024836633222e-05, 2.1911078228074396e-05, 2.197643655706544e-05, 1.859936890318324e-05], [6.120273702331237e-06, 8.608947012678274e-06, 2.1911078228074396e-05, 3.6775769463893995e-05, 3.53242334352891e-05, 2.909649890371786e-05], [6.157135166269248e-06, 9.152112935324405e-06, 2.197643655706544e-05, 3.53242334352891e-05, 4.0159718552741863e-05, 3.380043803852822e-05], [5.415020074807483e-06, 8.23953958405437e-06, 1.859936890318324e-05, 2.909649890371786e-05, 3.380043803852822e-05, 2.9533353316013978e-05]]</COVARIANCE_MATRIX>
		<ROI_SIZE>774</ROI_SIZE>
		<MAX_VALUE>[0.09863070398569107, 0.08611635863780975, 0.07292734831571579, 0.05747835338115692, 0.04388459771871567, 0.037914130836725235]</MAX_VALUE>
		<MIN_VALUE>[0.08338409662246704, 0.06220076233148575, 0.03616008907556534, 0.0072859833016991615, 0.0, 0.0]</MIN_VALUE>
		<SIGNATURE_THRESHOLD_MD>0</SIGNATURE_THRESHOLD_MD>
		<SIGNATURE_THRESHOLD_ML>0</SIGNATURE_THRESHOLD_ML>
		<SIGNATURE_THRESHOLD_SAM>0</SIGNATURE_THRESHOLD_SAM>
	</signature>
	<signature ID="20210607_104926686899_464">
		<MACROCLASSID>1</MACROCLASSID>
		<MACROCLASSINFO>waterbody</MACROCLASSINFO>
		<CLASSID>2</CLASSID>
		<CLASSINFO>C 1</CLASSINFO>
		<VALUES>[0.08476912858624183, 0.0044595270355310196, 0.07405677210930948, 0.008856455052090515, 0.05396638724206423, 0.007645114418541491, 0.017133364529106118, 0.006356139801955748, 0.006340519166791045, 0.0066404764660331714, 0.004468522835223923, 0.005232121795065569]</VALUES>
		<LCS_MIN>[0.06618107110261917, 0.038318902254104614, 0.023578263819217682, 0.005970454774796963, 0.0, 0.0]</LCS_MIN>
		<LCS_MAX>[0.09228920191526413, 0.08294559270143509, 0.07373692095279694, 0.054442524909973145, 0.04381711781024933, 0.04027533158659935]</LCS_MAX>
		<WAVELENGTH>[0.48, 0.56, 0.655, 0.865, 1.61, 2.2]</WAVELENGTH>
		<MEAN_VALUE>[0.08476912858624183, 0.07405677210930948, 0.05396638724206423, 0.017133364529106118, 0.006340519166791045, 0.004468522835223923]</MEAN_VALUE>
		<CHECKBOX>2</CHECKBOX>
		<SD>[0.0044595270355310196, 0.008856455052090515, 0.007645114418541491, 0.006356139801955748, 0.0066404764660331714, 0.005232121795065569]</SD>
		<WAVELENGTH_UNIT>E-6m</WAVELENGTH_UNIT>
		<COLOR>#31c9b4</COLOR>
		<COVARIANCE_MATRIX>[[1.4822693987842973e-05, 2.9041367521305542e-05, 2.359505824634799e-05, -7.206011598648851e-06, -7.532994270268607e-06, -3.988244097736775e-06], [2.9041367521305542e-05, 5.857296320566732e-05, 4.7650095475107305e-05, -1.6789850351888992e-05, -1.7896649373529564e-05, -1.0083151500500342e-05], [2.359505824634799e-05, 4.7650095475107305e-05, 4.728222493180142e-05, -1.500805341087739e-06, -2.8068911527718425e-06, 1.0831125639694072e-06], [-7.206011598648851e-06, -1.6789850351888992e-05, -1.500805341087739e-06, 3.889448840091391e-05, 3.8805220696251664e-05, 3.062636410222736e-05], [-7.532994270268607e-06, -1.7896649373529564e-05, -2.8068911527718425e-06, 3.8805220696251664e-05, 4.134099965473105e-05, 3.202328971517771e-05], [-3.988244097736775e-06, -1.0083151500500342e-05, 1.0831125639694072e-06, 3.062636410222736e-05, 3.202328971517771e-05, 2.6956525644361626e-05]]</COVARIANCE_MATRIX>
		<ROI_SIZE>1817</ROI_SIZE>
		<MAX_VALUE>[0.09228920191526413, 0.08294559270143509, 0.07373692095279694, 0.054442524909973145, 0.04381711781024933, 0.04027533158659935]</MAX_VALUE>
		<MIN_VALUE>[0.06618107110261917, 0.038318902254104614, 0.023578263819217682, 0.005970454774796963, 0.0, 0.0]</MIN_VALUE>
		<SIGNATURE_THRESHOLD_MD>0</SIGNATURE_THRESHOLD_MD>
		<SIGNATURE_THRESHOLD_ML>0</SIGNATURE_THRESHOLD_ML>
		<SIGNATURE_THRESHOLD_SAM>0</SIGNATURE_THRESHOLD_SAM>
	</signature>
	<signature ID="20210607_104933767924_143">
		<MACROCLASSID>1</MACROCLASSID>
		<MACROCLASSINFO>waterbody</MACROCLASSINFO>
		<CLASSID>3</CLASSID>
		<CLASSINFO>C 1</CLASSINFO>
		<VALUES>[0.08997148004946884, 0.004601641007175015, 0.08020668748168297, 0.00924090856493836, 0.058763904736181836, 0.009822717334148485, 0.023514136370777323, 0.009554468701580564, 0.01146784897226794, 0.008989037928354638, 0.00785350466210303, 0.0064849974326272345]</VALUES>
		<LCS_MIN>[0.072657510638237, 0.04641444608569145, 0.029245151206851006, 0.012244503013789654, 0.002563577378168702, 0.001888949773274362]</LCS_MIN>
		<LCS_MAX>[0.09879936277866364, 0.09009666740894318, 0.07832439243793488, 0.05552193894982338, 0.04523385316133499, 0.040005479007959366]</LCS_MAX>
		<WAVELENGTH>[0.48, 0.56, 0.655, 0.865, 1.61, 2.2]</WAVELENGTH>
		<MEAN_VALUE>[0.08997148004946884, 0.08020668748168297, 0.058763904736181836, 0.023514136370777323, 0.01146784897226794, 0.00785350466210303]</MEAN_VALUE>
		<CHECKBOX>2</CHECKBOX>
		<SD>[0.004601641007175015, 0.00924090856493836, 0.009822717334148485, 0.009554468701580564, 0.008989037928354638, 0.0064849974326272345]</SD>
		<WAVELENGTH_UNIT>E-6m</WAVELENGTH_UNIT>
		<COLOR>#962e58</COLOR>
		<COVARIANCE_MATRIX>[[2.1227513572674336e-05, 4.195314217923844e-05, 4.058155458144464e-05, -1.2936341939921381e-05, -7.551523510868283e-06, -1.8756712579856638e-06], [4.195314217923844e-05, 8.560576336076287e-05, 8.332130560990725e-05, -2.9636234589422393e-05, -1.938582195780404e-05, -7.27057564029577e-06], [4.058155458144464e-05, 8.332130560990725e-05, 9.67246020043697e-05, -8.249942620051276e-06, -1.9867100136593052e-06, 4.157299224868799e-06], [-1.2936341939921381e-05, -2.9636234589422393e-05, -8.249942620051276e-06, 9.151383224910994e-05, 7.94801254260901e-05, 5.2350072253099925e-05], [-7.551523510868283e-06, -1.938582195780404e-05, -1.9867100136593052e-06, 7.94801254260901e-05, 8.10028098152136e-05, 5.602366711251018e-05], [-1.8756712579856638e-06, -7.27057564029577e-06, 4.157299224868799e-06, 5.2350072253099925e-05, 5.602366711251018e-05, 4.215928871034315e-05]]</COVARIANCE_MATRIX>
		<ROI_SIZE>405</ROI_SIZE>
		<MAX_VALUE>[0.09879936277866364, 0.09009666740894318, 0.07832439243793488, 0.05552193894982338, 0.04523385316133499, 0.040005479007959366]</MAX_VALUE>
		<MIN_VALUE>[0.072657510638237, 0.04641444608569145, 0.029245151206851006, 0.012244503013789654, 0.002563577378168702, 0.001888949773274362]</MIN_VALUE>
		<SIGNATURE_THRESHOLD_MD>0</SIGNATURE_THRESHOLD_MD>
		<SIGNATURE_THRESHOLD_ML>0</SIGNATURE_THRESHOLD_ML>
		<SIGNATURE_THRESHOLD_SAM>0</SIGNATURE_THRESHOLD_SAM>
	</signature>
	<signature ID="20210607_104940005809_249">
		<MACROCLASSID>1</MACROCLASSID>
		<MACROCLASSINFO>waterbody</MACROCLASSINFO>
		<CLASSID>4</CLASSID>
		<CLASSINFO>C 1</CLASSINFO>
		<VALUES>[0.07905808551685167, 0.0019919499091079827, 0.05782738533364426, 0.004813262954494847, 0.037837338911381746, 0.004991259008518659, 0.02036681885175226, 0.007141782971259378, 0.006770611049802187, 0.004880893059850194, 0.004386401755805172, 0.0035381466234459145]</VALUES>
		<LCS_MIN>[0.07586199790239334, 0.05289088189601898, 0.03174127638339996, 0.011671069078147411, 0.0, 0.0009782081469893456]</LCS_MIN>
		<LCS_MAX>[0.09134472161531448, 0.08827516436576843, 0.07184796035289764, 0.05579178035259247, 0.043311163783073425, 0.03319172188639641]</LCS_MAX>
		<WAVELENGTH>[0.48, 0.56, 0.655, 0.865, 1.61, 2.2]</WAVELENGTH>
		<MEAN_VALUE>[0.07905808551685167, 0.05782738533364426, 0.037837338911381746, 0.02036681885175226, 0.006770611049802187, 0.004386401755805172]</MEAN_VALUE>
		<CHECKBOX>2</CHECKBOX>
		<SD>[0.0019919499091079827, 0.004813262954494847, 0.004991259008518659, 0.007141782971259378, 0.004880893059850194, 0.0035381466234459145]</SD>
		<WAVELENGTH_UNIT>E-6m</WAVELENGTH_UNIT>
		<COLOR>#d04939</COLOR>
		<COVARIANCE_MATRIX>[[3.970055420207672e-06, 9.296275256694118e-06, 9.227076608612083e-06, 7.986132317305481e-06, 3.903840206172665e-06, 2.6710214534131337e-06], [9.296275256694118e-06, 2.3180292925252005e-05, 2.2935783133326986e-05, 1.9353597731554546e-05, 9.072512331630193e-06, 6.278197280992844e-06], [9.227076608612083e-06, 2.2935783133326986e-05, 2.4926422794088966e-05, 2.4443497972621275e-05, 1.3455909471237052e-05, 9.419086302276576e-06], [7.986132317305481e-06, 1.9353597731554546e-05, 2.4443497972621275e-05, 5.1033228041706176e-05, 2.943509659354953e-05, 1.9578276641374367e-05], [3.903840206172665e-06, 9.072512331630193e-06, 1.3455909471237052e-05, 2.943509659354953e-05, 2.383627173704537e-05, 1.669027373431123e-05], [2.6710214534131337e-06, 6.278197280992844e-06, 9.419086302276576e-06, 1.9578276641374367e-05, 1.669027373431123e-05, 1.25253939980956e-05]]</COVARIANCE_MATRIX>
		<ROI_SIZE>1812</ROI_SIZE>
		<MAX_VALUE>[0.09134472161531448, 0.08827516436576843, 0.07184796035289764, 0.05579178035259247, 0.043311163783073425, 0.03319172188639641]</MAX_VALUE>
		<MIN_VALUE>[0.07586199790239334, 0.05289088189601898, 0.03174127638339996, 0.011671069078147411, 0.0, 0.0009782081469893456]</MIN_VALUE>
		<SIGNATURE_THRESHOLD_MD>0</SIGNATURE_THRESHOLD_MD>
		<SIGNATURE_THRESHOLD_ML>0</SIGNATURE_THRESHOLD_ML>
		<SIGNATURE_THRESHOLD_SAM>0</SIGNATURE_THRESHOLD_SAM>
	</signature>
	<signature ID="20210607_104944820255_138">
		<MACROCLASSID>1</MACROCLASSID>
		<MACROCLASSINFO>waterbody</MACROCLASSINFO>
		<CLASSID>5</CLASSID>
		<CLASSINFO>C 1</CLASSINFO>
		<VALUES>[0.08606714007496107, 0.0013957223944888442, 0.06453638560841413, 0.002108629380369354, 0.039293474969139854, 0.0025338072893744483, 0.022490252740681192, 0.0073936928961339885, 0.010103282922638887, 0.007344148443688432, 0.006974785096166322, 0.0052221924583457716]</VALUES>
		<LCS_MIN>[0.07569333910942078, 0.047898635268211365, 0.032854415476322174, 0.01312151737511158, 0.0031032843980938196, 0.00222626980394125]</LCS_MIN>
		<LCS_MAX>[0.09053517132997513, 0.07086975127458572, 0.06031179800629616, 0.06102016568183899, 0.04877566173672676, 0.038116514682769775]</LCS_MAX>
		<WAVELENGTH>[0.48, 0.56, 0.655, 0.865, 1.61, 2.2]</WAVELENGTH>
		<MEAN_VALUE>[0.08606714007496107, 0.06453638560841413, 0.039293474969139854, 0.022490252740681192, 0.010103282922638887, 0.006974785096166322]</MEAN_VALUE>
		<CHECKBOX>2</CHECKBOX>
		<SD>[0.0013957223944888442, 0.002108629380369354, 0.0025338072893744483, 0.0073936928961339885, 0.007344148443688432, 0.0052221924583457716]</SD>
		<WAVELENGTH_UNIT>E-6m</WAVELENGTH_UNIT>
		<COLOR>#1db561</COLOR>
		<COVARIANCE_MATRIX>[[1.9504341732424193e-06, 2.588075560688344e-06, 1.8842711429401683e-06, 4.2457848134080006e-07, 8.749328222471838e-07, 8.897224532097396e-07], [2.588075560688344e-06, 4.451780170714778e-06, 3.4130651831585527e-06, 5.737662169597885e-07, 1.523385332645998e-06, 1.5447373718181253e-06], [1.8842711429401683e-06, 3.4130651831585527e-06, 6.428066577942238e-06, 1.3089139959603282e-05, 1.3915920116989151e-05, 9.97515615245303e-06], [4.2457848134080006e-07, 5.737662169597885e-07, 1.3089139959603282e-05, 5.4733852743868315e-05, 5.072171858736647e-05, 3.513886337780955e-05], [8.749328222471838e-07, 1.523385332645998e-06, 1.3915920116989151e-05, 5.072171858736647e-05, 5.4002777439544154e-05, 3.7032894633261245e-05], [8.897224532097396e-07, 1.5447373718181253e-06, 9.97515615245303e-06, 3.513886337780955e-05, 3.7032894633261245e-05, 2.7304796890273744e-05]]</COVARIANCE_MATRIX>
		<ROI_SIZE>815</ROI_SIZE>
		<MAX_VALUE>[0.09053517132997513, 0.07086975127458572, 0.06031179800629616, 0.06102016568183899, 0.04877566173672676, 0.038116514682769775]</MAX_VALUE>
		<MIN_VALUE>[0.07569333910942078, 0.047898635268211365, 0.032854415476322174, 0.01312151737511158, 0.0031032843980938196, 0.00222626980394125]</MIN_VALUE>
		<SIGNATURE_THRESHOLD_MD>0</SIGNATURE_THRESHOLD_MD>
		<SIGNATURE_THRESHOLD_ML>0</SIGNATURE_THRESHOLD_ML>
		<SIGNATURE_THRESHOLD_SAM>0</SIGNATURE_THRESHOLD_SAM>
	</signature>
	<signature ID="20210607_104948826708_919">
		<MACROCLASSID>1</MACROCLASSID>
		<MACROCLASSINFO>waterbody</MACROCLASSINFO>
		<CLASSID>6</CLASSID>
		<CLASSINFO>C 1</CLASSINFO>
		<VALUES>[0.08443696809108135, 0.001728991110529114, 0.068198691727848, 0.0020699408951176087, 0.04795006027475733, 0.004588905140118101, 0.04655674844980237, 0.01102059527624634, 0.01522024439474761, 0.011654538208832083, 0.010135460357420923, 0.008187220373459512]</VALUES>
		<LCS_MIN>[0.08152888715267181, 0.06017686426639557, 0.04135473445057869, 0.0354517325758934, 0.005801795050501823, 0.0036429916508495808]</LCS_MIN>
		<LCS_MAX>[0.09346979856491089, 0.08102290332317352, 0.06678823381662369, 0.07562588155269623, 0.04536878690123558, 0.038015324622392654]</LCS_MAX>
		<WAVELENGTH>[0.48, 0.56, 0.655, 0.865, 1.61, 2.2]</WAVELENGTH>
		<MEAN_VALUE>[0.08443696809108135, 0.068198691727848, 0.04795006027475733, 0.04655674844980237, 0.01522024439474761, 0.010135460357420923]</MEAN_VALUE>
		<CHECKBOX>2</CHECKBOX>
		<SD>[0.001728991110529114, 0.0020699408951176087, 0.004588905140118101, 0.01102059527624634, 0.011654538208832083, 0.008187220373459512]</SD>
		<WAVELENGTH_UNIT>E-6m</WAVELENGTH_UNIT>
		<COLOR>#67c09f</COLOR>
		<COVARIANCE_MATRIX>[[3.0058355913891703e-06, 3.0845402991933616e-06, 7.595874073990143e-06, 1.643278817141701e-05, 1.675019818166394e-05, 1.1772276447247459e-05], [3.0845402991933616e-06, 4.308197371419192e-06, 7.99258804995434e-06, 1.4863922267051835e-05, 1.3596630971921472e-05, 9.883455085006334e-06], [7.595874073990143e-06, 7.99258804995434e-06, 2.1173753958546327e-05, 4.7077060382727664e-05, 4.786376022558033e-05, 3.3433378274295815e-05], [1.643278817141701e-05, 1.4863922267051835e-05, 4.7077060382727664e-05, 0.00012212084727712436, 0.00012263195877142038, 8.427840760817662e-05], [1.675019818166394e-05, 1.3596630971921472e-05, 4.786376022558033e-05, 0.00012263195877142038, 0.0001365745699867375, 9.518060178255529e-05], [1.1772276447247459e-05, 9.883455085006334e-06, 3.3433378274295815e-05, 8.427840760817662e-05, 9.518060178255529e-05, 6.739887731965419e-05]]</COVARIANCE_MATRIX>
		<ROI_SIZE>183</ROI_SIZE>
		<MAX_VALUE>[0.09346979856491089, 0.08102290332317352, 0.06678823381662369, 0.07562588155269623, 0.04536878690123558, 0.038015324622392654]</MAX_VALUE>
		<MIN_VALUE>[0.08152888715267181, 0.06017686426639557, 0.04135473445057869, 0.0354517325758934, 0.005801795050501823, 0.0036429916508495808]</MIN_VALUE>
		<SIGNATURE_THRESHOLD_MD>0</SIGNATURE_THRESHOLD_MD>
		<SIGNATURE_THRESHOLD_ML>0</SIGNATURE_THRESHOLD_ML>
		<SIGNATURE_THRESHOLD_SAM>0</SIGNATURE_THRESHOLD_SAM>
	</signature>
	<signature ID="20210607_104956180527_598">
		<MACROCLASSID>1</MACROCLASSID>
		<MACROCLASSINFO>waterbody</MACROCLASSINFO>
		<CLASSID>7</CLASSID>
		<CLASSINFO>C 1</CLASSINFO>
		<VALUES>[0.08434335345716107, 0.0019342191795202741, 0.07205096557047996, 0.004188449942878058, 0.044406914369976916, 0.004934629585247006, 0.018555783861936972, 0.006340902780967682, 0.007120994442918984, 0.006472175169598326, 0.004749149317252787, 0.00477030816645742]</VALUES>
		<LCS_MIN>[0.07225273549556732, 0.04405325651168823, 0.029042763635516167, 0.009545993059873581, 0.0, 0.0]</LCS_MIN>
		<LCS_MAX>[0.09468413889408112, 0.09293011575937271, 0.07974110543727875, 0.055353280156850815, 0.04347982257604599, 0.04155712202191353]</LCS_MAX>
		<WAVELENGTH>[0.48, 0.56, 0.655, 0.865, 1.61, 2.2]</WAVELENGTH>
		<MEAN_VALUE>[0.08434335345716107, 0.07205096557047996, 0.044406914369976916, 0.018555783861936972, 0.007120994442918984, 0.004749149317252787]</MEAN_VALUE>
		<CHECKBOX>2</CHECKBOX>
		<SD>[0.0019342191795202741, 0.004188449942878058, 0.004934629585247006, 0.006340902780967682, 0.006472175169598326, 0.00477030816645742]</SD>
		<WAVELENGTH_UNIT>E-6m</WAVELENGTH_UNIT>
		<COLOR>#7657fe</COLOR>
		<COVARIANCE_MATRIX>[[3.7438647190858005e-06, 7.593912883194807e-06, 8.33363507784454e-06, 3.884403848943584e-06, 4.8320164781791215e-06, 4.10412530536098e-06], [7.593912883194807e-06, 1.7555590244709253e-05, 1.8040396735688203e-05, 6.959970438225241e-06, 9.283161185835423e-06, 8.339659076832479e-06], [8.33363507784454e-06, 1.8040396735688203e-05, 2.4367888182815292e-05, 1.8926877968291975e-05, 2.026444945788559e-05, 1.5575809724142404e-05], [3.884403848943584e-06, 6.959970438225241e-06, 1.8926877968291975e-05, 4.023564484018548e-05, 3.5952482321680897e-05, 2.5823667743998502e-05], [4.8320164781791215e-06, 9.283161185835423e-06, 2.026444945788559e-05, 3.5952482321680897e-05, 4.1918844492413235e-05, 2.9310095510011387e-05], [4.10412530536098e-06, 8.339659076832479e-06, 1.5575809724142404e-05, 2.5823667743998502e-05, 2.9310095510011387e-05, 2.277202481093831e-05]]</COVARIANCE_MATRIX>
		<ROI_SIZE>1407</ROI_SIZE>
		<MAX_VALUE>[0.09468413889408112, 0.09293011575937271, 0.07974110543727875, 0.055353280156850815, 0.04347982257604599, 0.04155712202191353]</MAX_VALUE>
		<MIN_VALUE>[0.07225273549556732, 0.04405325651168823, 0.029042763635516167, 0.009545993059873581, 0.0, 0.0]</MIN_VALUE>
		<SIGNATURE_THRESHOLD_MD>0</SIGNATURE_THRESHOLD_MD>
		<SIGNATURE_THRESHOLD_ML>0</SIGNATURE_THRESHOLD_ML>
		<SIGNATURE_THRESHOLD_SAM>0</SIGNATURE_THRESHOLD_SAM>
	</signature>
	<signature ID="20210607_105000618516_761">
		<MACROCLASSID>1</MACROCLASSID>
		<MACROCLASSINFO>waterbody</MACROCLASSINFO>
		<CLASSID>8</CLASSID>
		<CLASSINFO>C 1</CLASSINFO>
		<VALUES>[0.08085058209761764, 0.0014383479650452045, 0.06325261321076217, 0.003171964622729776, 0.0428290769862577, 0.0045655385021769425, 0.023443816923039776, 0.008792210576114491, 0.009810547415125869, 0.009292491345564672, 0.007157641126150244, 0.007075322745877292]</VALUES>
		<LCS_MIN>[0.07869543880224228, 0.058287929743528366, 0.035721585154533386, 0.017371682450175285, 0.0035080586094409227, 0.002968363929539919]</LCS_MIN>
		<LCS_MAX>[0.08928709477186203, 0.07788586616516113, 0.07417542487382889, 0.07046495378017426, 0.061694782227277756, 0.047898635268211365]</LCS_MAX>
		<WAVELENGTH>[0.48, 0.56, 0.655, 0.865, 1.61, 2.2]</WAVELENGTH>
		<MEAN_VALUE>[0.08085058209761764, 0.06325261321076217, 0.0428290769862577, 0.023443816923039776, 0.009810547415125869, 0.007157641126150244]</MEAN_VALUE>
		<CHECKBOX>2</CHECKBOX>
		<SD>[0.0014383479650452045, 0.003171964622729776, 0.0045655385021769425, 0.008792210576114491, 0.009292491345564672, 0.007075322745877292]</SD>
		<WAVELENGTH_UNIT>E-6m</WAVELENGTH_UNIT>
		<COLOR>#7d3bc3</COLOR>
		<COVARIANCE_MATRIX>[[2.073015926752391e-06, 3.709063720621096e-06, 5.387506859153341e-06, 9.846289491822e-06, 1.013463792807479e-05, 8.031252570049754e-06], [3.709063720621096e-06, 1.0081644566977867e-05, 1.3532882882979658e-05, 2.0377775107167288e-05, 1.8039858441109407e-05, 1.3254968777114779e-05], [5.387506859153341e-06, 1.3532882882979658e-05, 2.088616629432557e-05, 3.581005117563767e-05, 3.381112240265614e-05, 2.4952132770452223e-05], [9.846289491822e-06, 2.0377775107167288e-05, 3.581005117563767e-05, 7.745881957041447e-05, 7.569344671426882e-05, 5.63740255235356e-05], [1.013463792807479e-05, 1.8039858441109407e-05, 3.381112240265614e-05, 7.569344671426882e-05, 8.652448894652215e-05, 6.416017284075128e-05], [8.031252570049754e-06, 1.3254968777114779e-05, 2.4952132770452223e-05, 5.63740255235356e-05, 6.416017284075128e-05, 5.016111976469618e-05]]</COVARIANCE_MATRIX>
		<ROI_SIZE>497</ROI_SIZE>
		<MAX_VALUE>[0.08928709477186203, 0.07788586616516113, 0.07417542487382889, 0.07046495378017426, 0.061694782227277756, 0.047898635268211365]</MAX_VALUE>
		<MIN_VALUE>[0.07869543880224228, 0.058287929743528366, 0.035721585154533386, 0.017371682450175285, 0.0035080586094409227, 0.002968363929539919]</MIN_VALUE>
		<SIGNATURE_THRESHOLD_MD>0</SIGNATURE_THRESHOLD_MD>
		<SIGNATURE_THRESHOLD_ML>0</SIGNATURE_THRESHOLD_ML>
		<SIGNATURE_THRESHOLD_SAM>0</SIGNATURE_THRESHOLD_SAM>
	</signature>
	<signature ID="20210607_105005164953_133">
		<MACROCLASSID>1</MACROCLASSID>
		<MACROCLASSINFO>waterbody</MACROCLASSINFO>
		<CLASSID>9</CLASSID>
		<CLASSINFO>C 1</CLASSINFO>
		<VALUES>[0.07946538650675823, 0.0015739351726542046, 0.059082721605112694, 0.003120408227132972, 0.03595073966814682, 0.0031728165117558007, 0.022269159817487488, 0.009359324318738838, 0.012064513160285313, 0.009536918860009423, 0.008419605515433498, 0.007116476996252612]</VALUES>
		<LCS_MIN>[0.07073482125997543, 0.04294011741876602, 0.02688394859433174, 0.005228360649198294, 0.0014841756783425808, 0.0]</LCS_MIN>
		<LCS_MAX>[0.08598142862319946, 0.07461392134428024, 0.051878947764635086, 0.05636521428823471, 0.04277145490050316, 0.037914130836725235]</LCS_MAX>
		<WAVELENGTH>[0.48, 0.56, 0.655, 0.865, 1.61, 2.2]</WAVELENGTH>
		<MEAN_VALUE>[0.07946538650675823, 0.059082721605112694, 0.03595073966814682, 0.022269159817487488, 0.012064513160285313, 0.008419605515433498]</MEAN_VALUE>
		<CHECKBOX>2</CHECKBOX>
		<SD>[0.0015739351726542046, 0.003120408227132972, 0.0031728165117558007, 0.009359324318738838, 0.009536918860009423, 0.007116476996252612]</SD>
		<WAVELENGTH_UNIT>E-6m</WAVELENGTH_UNIT>
		<COLOR>#640af9</COLOR>
		<COVARIANCE_MATRIX>[[2.487342138806306e-06, 4.663883125245381e-06, 3.7778179704309596e-06, 4.1048069705800476e-07, 2.11256329719149e-06, 2.9392058694947593e-06], [4.663883125245381e-06, 9.77652859137362e-06, 7.159153830069969e-06, 6.678357181001249e-08, 3.0731525343337713e-06, 5.711100550646148e-06], [3.7778179704309596e-06, 7.159153830069969e-06, 1.0107686424657527e-05, 1.689015426597037e-05, 1.993579888378221e-05, 1.6259448094377834e-05], [4.1048069705800476e-07, 6.678357181001249e-08, 1.689015426597037e-05, 8.795303687286194e-05, 8.12571673987134e-05, 5.808938734828726e-05], [2.11256329719149e-06, 3.0731525343337713e-06, 1.993579888378221e-05, 8.12571673987134e-05, 9.132254825842944e-05, 6.476494900283482e-05], [2.9392058694947593e-06, 5.711100550646148e-06, 1.6259448094377834e-05, 5.808938734828726e-05, 6.476494900283482e-05, 5.0850115752169e-05]]</COVARIANCE_MATRIX>
		<ROI_SIZE>247</ROI_SIZE>
		<MAX_VALUE>[0.08598142862319946, 0.07461392134428024, 0.051878947764635086, 0.05636521428823471, 0.04277145490050316, 0.037914130836725235]</MAX_VALUE>
		<MIN_VALUE>[0.07073482125997543, 0.04294011741876602, 0.02688394859433174, 0.005228360649198294, 0.0014841756783425808, 0.0]</MIN_VALUE>
		<SIGNATURE_THRESHOLD_MD>0</SIGNATURE_THRESHOLD_MD>
		<SIGNATURE_THRESHOLD_ML>0</SIGNATURE_THRESHOLD_ML>
		<SIGNATURE_THRESHOLD_SAM>0</SIGNATURE_THRESHOLD_SAM>
	</signature>
	<signature ID="20210607_105008808765_117">
		<MACROCLASSID>1</MACROCLASSID>
		<MACROCLASSINFO>waterbody</MACROCLASSINFO>
		<CLASSID>10</CLASSID>
		<CLASSINFO>C 1</CLASSINFO>
		<VALUES>[0.08191714151860113, 0.0016622720474775065, 0.07086549636784134, 0.0038813604097892437, 0.04728769299971477, 0.005364243514164719, 0.023903198058267575, 0.007898400219632942, 0.009808646865071838, 0.007008251661135235, 0.007107654842873707, 0.005510582304306791]</VALUES>
		<LCS_MIN>[0.07997721433639526, 0.0666533038020134, 0.04307504743337631, 0.011401215568184853, 0.004992246627807617, 0.0024961233139038086]</LCS_MIN>
		<LCS_MAX>[0.08894979953765869, 0.08857875317335129, 0.07235391438007355, 0.05690491944551468, 0.045672353357076645, 0.04314250126481056]</LCS_MAX>
		<WAVELENGTH>[0.48, 0.56, 0.655, 0.865, 1.61, 2.2]</WAVELENGTH>
		<MEAN_VALUE>[0.08191714151860113, 0.07086549636784134, 0.04728769299971477, 0.023903198058267575, 0.009808646865071838, 0.007107654842873707]</MEAN_VALUE>
		<CHECKBOX>2</CHECKBOX>
		<SD>[0.0016622720474775065, 0.0038813604097892437, 0.005364243514164719, 0.007898400219632942, 0.007008251661135235, 0.005510582304306791]</SD>
		<WAVELENGTH_UNIT>E-6m</WAVELENGTH_UNIT>
		<COLOR>#403757</COLOR>
		<COVARIANCE_MATRIX>[[2.772843617228023e-06, 6.077066500220743e-06, 8.289492629346233e-06, 1.0016512165265182e-05, 7.625194332984517e-06, 5.341645122335027e-06], [6.077066500220743e-06, 1.5117818134646543e-05, 1.9926128756340844e-05, 2.1947700208795454e-05, 1.4729472810286454e-05, 1.0289501593003031e-05], [8.289492629346233e-06, 1.9926128756340844e-05, 2.8876073772167814e-05, 3.547890798046636e-05, 2.647489534136034e-05, 1.8552947476217022e-05], [1.0016512165265182e-05, 2.1947700208795454e-05, 3.547890798046636e-05, 6.260361980503989e-05, 4.94248215171921e-05, 3.684620347669963e-05], [7.625194332984517e-06, 1.4729472810286454e-05, 2.647489534136034e-05, 4.94248215171921e-05, 4.9287926754035686e-05, 3.755862349843979e-05], [5.341645122335027e-06, 1.0289501593003031e-05, 1.8552947476217022e-05, 3.684620347669963e-05, 3.755862349843979e-05, 3.0473066516162086e-05]]</COVARIANCE_MATRIX>
		<ROI_SIZE>286</ROI_SIZE>
		<MAX_VALUE>[0.08894979953765869, 0.08857875317335129, 0.07235391438007355, 0.05690491944551468, 0.045672353357076645, 0.04314250126481056]</MAX_VALUE>
		<MIN_VALUE>[0.07997721433639526, 0.0666533038020134, 0.04307504743337631, 0.011401215568184853, 0.004992246627807617, 0.0024961233139038086]</MIN_VALUE>
		<SIGNATURE_THRESHOLD_MD>0</SIGNATURE_THRESHOLD_MD>
		<SIGNATURE_THRESHOLD_ML>0</SIGNATURE_THRESHOLD_ML>
		<SIGNATURE_THRESHOLD_SAM>0</SIGNATURE_THRESHOLD_SAM>
	</signature>
	<signature ID="20210607_105013463262_981">
		<MACROCLASSID>1</MACROCLASSID>
		<MACROCLASSINFO>waterbody</MACROCLASSINFO>
		<CLASSID>11</CLASSID>
		<CLASSINFO>C 1</CLASSINFO>
		<VALUES>[0.07921454328327225, 0.001586803807814206, 0.06032877562281031, 0.002811607247736408, 0.037797257599707354, 0.0035359573648723708, 0.01995673317324895, 0.00790260265488597, 0.009666806905909492, 0.008276265097762157, 0.006897369347242577, 0.006006196085985069]</VALUES>
		<LCS_MIN>[0.07285989820957184, 0.049011778086423874, 0.029919778928160667, 0.010794054716825485, 0.00134925520978868, 0.0017540293047204614]</LCS_MIN>
		<LCS_MAX>[0.08679097145795822, 0.07485006004571915, 0.05919865891337395, 0.05592671409249306, 0.044626690447330475, 0.04037652537226677]</LCS_MAX>
		<WAVELENGTH>[0.48, 0.56, 0.655, 0.865, 1.61, 2.2]</WAVELENGTH>
		<MEAN_VALUE>[0.07921454328327225, 0.06032877562281031, 0.037797257599707354, 0.01995673317324895, 0.009666806905909492, 0.006897369347242577]</MEAN_VALUE>
		<CHECKBOX>2</CHECKBOX>
		<SD>[0.001586803807814206, 0.002811607247736408, 0.0035359573648723708, 0.00790260265488597, 0.008276265097762157, 0.006006196085985069]</SD>
		<WAVELENGTH_UNIT>E-6m</WAVELENGTH_UNIT>
		<COLOR>#3a0e04</COLOR>
		<COVARIANCE_MATRIX>[[2.521987971884515e-06, 4.084575799628125e-06, 4.841621657210462e-06, 4.466086957433158e-06, 5.243623443046173e-06, 4.205527389470028e-06], [4.084575799628125e-06, 7.917824136255126e-06, 8.380676790881443e-06, 6.66814100179254e-06, 8.281657342806917e-06, 7.478056717067403e-06], [4.841621657210462e-06, 8.380676790881443e-06, 1.2523063498211616e-05, 1.85714865417255e-05, 2.1046887431386156e-05, 1.5617103284378188e-05], [4.466086957433158e-06, 6.66814100179254e-06, 1.85714865417255e-05, 6.255137130322748e-05, 5.967124634072612e-05, 4.112921079353279e-05], [5.243623443046173e-06, 8.281657342806917e-06, 2.1046887431386156e-05, 5.967124634072612e-05, 6.86065102990435e-05, 4.721901132166286e-05], [4.205527389470028e-06, 7.478056717067403e-06, 1.5617103284378188e-05, 4.112921079353279e-05, 4.721901132166286e-05, 3.613229574340401e-05]]</COVARIANCE_MATRIX>
		<ROI_SIZE>624</ROI_SIZE>
		<MAX_VALUE>[0.08679097145795822, 0.07485006004571915, 0.05919865891337395, 0.05592671409249306, 0.044626690447330475, 0.04037652537226677]</MAX_VALUE>
		<MIN_VALUE>[0.07285989820957184, 0.049011778086423874, 0.029919778928160667, 0.010794054716825485, 0.00134925520978868, 0.0017540293047204614]</MIN_VALUE>
		<SIGNATURE_THRESHOLD_MD>0</SIGNATURE_THRESHOLD_MD>
		<SIGNATURE_THRESHOLD_ML>0</SIGNATURE_THRESHOLD_ML>
		<SIGNATURE_THRESHOLD_SAM>0</SIGNATURE_THRESHOLD_SAM>
	</signature>
	<signature ID="20210607_105030720762_426">
		<MACROCLASSID>1</MACROCLASSID>
		<MACROCLASSINFO>waterbody</MACROCLASSINFO>
		<CLASSID>12</CLASSID>
		<CLASSINFO>C 1</CLASSINFO>
		<VALUES>[0.09227023072625425, 0.0025258168935624876, 0.09384784629483787, 0.005693319575340219, 0.06321337695275858, 0.004033687169830058, 0.022460818047296584, 0.008044343945459899, 0.009171398585418834, 0.008374440633518837, 0.006059290270906628, 0.006002378992758478]</VALUES>
		<LCS_MIN>[0.07444526255130768, 0.05656760185956955, 0.03757680952548981, 0.014571978710591793, 0.0, 0.0]</LCS_MIN>
		<LCS_MAX>[0.09610085189342499, 0.09863070398569107, 0.07410796731710434, 0.05663508176803589, 0.0442219153046608, 0.032550834119319916]</LCS_MAX>
		<WAVELENGTH>[0.48, 0.56, 0.655, 0.865, 1.61, 2.2]</WAVELENGTH>
		<MEAN_VALUE>[0.09227023072625425, 0.09384784629483787, 0.06321337695275858, 0.022460818047296584, 0.009171398585418834, 0.006059290270906628]</MEAN_VALUE>
		<CHECKBOX>2</CHECKBOX>
		<SD>[0.0025258168935624876, 0.005693319575340219, 0.004033687169830058, 0.008044343945459899, 0.008374440633518837, 0.006002378992758478]</SD>
		<WAVELENGTH_UNIT>E-6m</WAVELENGTH_UNIT>
		<COLOR>#79f855</COLOR>
		<COVARIANCE_MATRIX>[[6.397926908522953e-06, 1.4013727940954263e-05, 9.558487164576409e-06, -8.771379280193677e-06, -5.927881426288811e-06, -3.0938337011264668e-06], [1.4013727940954263e-05, 3.250623504560441e-05, 2.1071134387573547e-05, -2.4753112355283458e-05, -1.8616539282821106e-05, -1.087280226458288e-05], [9.558487164576409e-06, 2.1071134387573547e-05, 1.6316987261499055e-05, -6.914711733019738e-06, -1.6117028463780369e-06, 6.555943200462292e-07], [-8.771379280193677e-06, -2.4753112355283458e-05, -6.914711733019738e-06, 6.489583267386265e-05, 6.326855025843827e-05, 4.32871020043193e-05], [-5.927881426288811e-06, -1.8616539282821106e-05, -1.6117028463780369e-06, 6.326855025843827e-05, 7.033106007226396e-05, 4.865628112638923e-05], [-3.0938337011264668e-06, -1.087280226458288e-05, 6.555943200462292e-07, 4.32871020043193e-05, 4.865628112638923e-05, 3.6131199024482404e-05]]</COVARIANCE_MATRIX>
		<ROI_SIZE>352</ROI_SIZE>
		<MAX_VALUE>[0.09610085189342499, 0.09863070398569107, 0.07410796731710434, 0.05663508176803589, 0.0442219153046608, 0.032550834119319916]</MAX_VALUE>
		<MIN_VALUE>[0.07444526255130768, 0.05656760185956955, 0.03757680952548981, 0.014571978710591793, 0.0, 0.0]</MIN_VALUE>
		<SIGNATURE_THRESHOLD_MD>0</SIGNATURE_THRESHOLD_MD>
		<SIGNATURE_THRESHOLD_ML>0</SIGNATURE_THRESHOLD_ML>
		<SIGNATURE_THRESHOLD_SAM>0</SIGNATURE_THRESHOLD_SAM>
	</signature>
	<signature ID="20210607_105035659351_198">
		<MACROCLASSID>1</MACROCLASSID>
		<MACROCLASSINFO>waterbody</MACROCLASSINFO>
		<CLASSID>13</CLASSID>
		<CLASSINFO>C 1</CLASSINFO>
		<VALUES>[0.09444372598412476, 0.0011948898707207685, 0.09048716798865576, 0.0023161896666850377, 0.05431778629767824, 0.00463270875393665, 0.020704009870519118, 0.007758429415145975, 0.009633212720564732, 0.008101304525033264, 0.007100460704721886, 0.005937920647670397]</VALUES>
		<LCS_MIN>[0.08921964466571808, 0.07980858534574509, 0.04938282445073128, 0.011738535016775131, 0.0, 0.0]</LCS_MIN>
		<LCS_MAX>[0.09842831641435623, 0.0989680215716362, 0.0712745264172554, 0.05447624996304512, 0.041624587029218674, 0.033832624554634094]</LCS_MAX>
		<WAVELENGTH>[0.48, 0.56, 0.655, 0.865, 1.61, 2.2]</WAVELENGTH>
		<MEAN_VALUE>[0.09444372598412476, 0.09048716798865576, 0.05431778629767824, 0.020704009870519118, 0.009633212720564732, 0.007100460704721886]</MEAN_VALUE>
		<CHECKBOX>2</CHECKBOX>
		<SD>[0.0011948898707207685, 0.0023161896666850377, 0.00463270875393665, 0.007758429415145975, 0.008101304525033264, 0.005937920647670397]</SD>
		<WAVELENGTH_UNIT>E-6m</WAVELENGTH_UNIT>
		<COLOR>#9f81c6</COLOR>
		<COVARIANCE_MATRIX>[[1.4319984850595599e-06, 2.185179142169352e-06, -1.4796032618827187e-06, -2.942940205951358e-06, -2.5365188904496816e-06, -1.715720615868123e-06], [2.185179142169352e-06, 5.380653665744213e-06, -3.4009933750264854e-06, -8.56033675180127e-06, -7.772618584764523e-06, -5.377950115125815e-06], [-1.4796032618827187e-06, -3.4009933750264854e-06, 2.1525675830251708e-05, 2.7790201112242595e-05, 2.7758641009087828e-05, 2.053220047119994e-05], [-2.942940205951358e-06, -8.56033675180127e-06, 2.7790201112242595e-05, 6.0371841906685984e-05, 6.106203463017989e-05, 4.205971623635294e-05], [-2.5365188904496816e-06, -7.772618584764523e-06, 2.7758641009087828e-05, 6.106203463017989e-05, 6.582588614977942e-05, 4.6138458977776186e-05], [-1.715720615868123e-06, -5.377950115125815e-06, 2.053220047119994e-05, 4.205971623635294e-05, 4.6138458977776186e-05, 3.536352743885542e-05]]</COVARIANCE_MATRIX>
		<ROI_SIZE>338</ROI_SIZE>
		<MAX_VALUE>[0.09842831641435623, 0.0989680215716362, 0.0712745264172554, 0.05447624996304512, 0.041624587029218674, 0.033832624554634094]</MAX_VALUE>
		<MIN_VALUE>[0.08921964466571808, 0.07980858534574509, 0.04938282445073128, 0.011738535016775131, 0.0, 0.0]</MIN_VALUE>
		<SIGNATURE_THRESHOLD_MD>0</SIGNATURE_THRESHOLD_MD>
		<SIGNATURE_THRESHOLD_ML>0</SIGNATURE_THRESHOLD_ML>
		<SIGNATURE_THRESHOLD_SAM>0</SIGNATURE_THRESHOLD_SAM>
	</signature>
	<signature ID="20210607_105039928288_543">
		<MACROCLASSID>1</MACROCLASSID>
		<MACROCLASSINFO>waterbody</MACROCLASSINFO>
		<CLASSID>14</CLASSID>
		<CLASSINFO>C 1</CLASSINFO>
		<VALUES>[0.0795378975187654, 0.0009673453615821385, 0.07286929917546829, 0.0021252021333348975, 0.050285400453872926, 0.0022214909889994947, 0.01838634802770861, 0.006717768162152267, 0.007914097674821742, 0.007157122473008842, 0.006029755480229984, 0.005280763557096117]</VALUES>
		<LCS_MIN>[0.07103841006755829, 0.05265476927161217, 0.03852128982543945, 0.012075843289494514, 0.0004385010397527367, 0.0003710344899445772]</LCS_MIN>
		<LCS_MAX>[0.0836876854300499, 0.07775095850229263, 0.061964645981788635, 0.05484730005264282, 0.04368221014738083, 0.035080686211586]</LCS_MAX>
		<WAVELENGTH>[0.48, 0.56, 0.655, 0.865, 1.61, 2.2]</WAVELENGTH>
		<MEAN_VALUE>[0.0795378975187654, 0.07286929917546829, 0.050285400453872926, 0.01838634802770861, 0.007914097674821742, 0.006029755480229984]</MEAN_VALUE>
		<CHECKBOX>2</CHECKBOX>
		<SD>[0.0009673453615821385, 0.0021252021333348975, 0.0022214909889994947, 0.006717768162152267, 0.007157122473008842, 0.005280763557096117]</SD>
		<WAVELENGTH_UNIT>E-6m</WAVELENGTH_UNIT>
		<COLOR>#c65c76</COLOR>
		<COVARIANCE_MATRIX>[[9.380505707523358e-07, 1.6642421773648921e-06, 1.2803033277205457e-06, 3.460451576564293e-07, 1.463734978705053e-06, 1.2703320182429323e-06], [1.6642421773648921e-06, 4.527553921520228e-06, 1.9804648298719536e-06, -4.22873048035202e-06, -1.9002777429910866e-06, -1.211381980049369e-06], [1.2803033277205457e-06, 1.9804648298719536e-06, 4.9471178568878295e-06, 9.113624412780715e-06, 1.0611493354055456e-05, 7.786673112733233e-06], [3.460451576564293e-07, -4.22873048035202e-06, 9.113624412780715e-06, 4.5239017926212006e-05, 4.456088315044022e-05, 3.151826937674492e-05], [1.463734978705053e-06, -1.9002777429910866e-06, 1.0611493354055456e-05, 4.456088315044022e-05, 5.1349952098779685e-05, 3.6679329266272226e-05], [1.2703320182429323e-06, -1.211381980049369e-06, 7.786673112733233e-06, 3.151826937674492e-05, 3.6679329266272226e-05, 2.7954812921802346e-05]]</COVARIANCE_MATRIX>
		<ROI_SIZE>409</ROI_SIZE>
		<MAX_VALUE>[0.0836876854300499, 0.07775095850229263, 0.061964645981788635, 0.05484730005264282, 0.04368221014738083, 0.035080686211586]</MAX_VALUE>
		<MIN_VALUE>[0.07103841006755829, 0.05265476927161217, 0.03852128982543945, 0.012075843289494514, 0.0004385010397527367, 0.0003710344899445772]</MIN_VALUE>
		<SIGNATURE_THRESHOLD_MD>0</SIGNATURE_THRESHOLD_MD>
		<SIGNATURE_THRESHOLD_ML>0</SIGNATURE_THRESHOLD_ML>
		<SIGNATURE_THRESHOLD_SAM>0</SIGNATURE_THRESHOLD_SAM>
	</signature>
	<signature ID="20210607_105049083081_713">
		<MACROCLASSID>1</MACROCLASSID>
		<MACROCLASSINFO>waterbody</MACROCLASSINFO>
		<CLASSID>15</CLASSID>
		<CLASSINFO>C 1</CLASSINFO>
		<VALUES>[0.09140589643838042, 0.0024295788167918225, 0.0742120119600983, 0.004045305359245796, 0.044817067303899984, 0.00424291785111859, 0.03165894746780396, 0.011769517697007513, 0.021410879974995377, 0.01158362937874593, 0.015414688439242607, 0.00857147253915843]</VALUES>
		<LCS_MIN>[0.07832439243793488, 0.05494850501418114, 0.037914130836725235, 0.011367488652467728, 0.0037779121194034815, 0.0005734215374104679]</LCS_MIN>
		<LCS_MAX>[0.09691040217876434, 0.08065185695886612, 0.05585926026105881, 0.06122255325317383, 0.048674456775188446, 0.03636248782277107]</LCS_MAX>
		<WAVELENGTH>[0.48, 0.56, 0.655, 0.865, 1.61, 2.2]</WAVELENGTH>
		<MEAN_VALUE>[0.09140589643838042, 0.0742120119600983, 0.044817067303899984, 0.03165894746780396, 0.021410879974995377, 0.015414688439242607]</MEAN_VALUE>
		<CHECKBOX>2</CHECKBOX>
		<SD>[0.0024295788167918225, 0.004045305359245796, 0.00424291785111859, 0.011769517697007513, 0.01158362937874593, 0.00857147253915843]</SD>
		<WAVELENGTH_UNIT>E-6m</WAVELENGTH_UNIT>
		<COLOR>#d8a94f</COLOR>
		<COVARIANCE_MATRIX>[[6.004626558503598e-06, 9.413191697081394e-06, 4.9008742444373385e-06, -2.035406799378275e-06, 1.2765059837954003e-06, 3.0800292918335086e-06], [9.413191697081394e-06, 1.6646641922810757e-05, 9.286685605570184e-06, -3.311499016049836e-07, 5.900576739469724e-06, 8.036114584126937e-06], [4.9008742444373385e-06, 9.286685605570184e-06, 1.8312737268777696e-05, 4.103099902590746e-05, 3.6816979078559195e-05, 3.056810632674335e-05], [-2.035406799378275e-06, -3.311499016049836e-07, 4.103099902590746e-05, 0.00014090984935155533, 0.00010507222284330514, 8.427510209369666e-05], [1.2765059837954003e-06, 5.900576739469724e-06, 3.6816979078559195e-05, 0.00010507222284330514, 0.0001364939259562863, 9.626159386789577e-05], [3.0800292918335086e-06, 8.036114584126937e-06, 3.056810632674335e-05, 8.427510209369666e-05, 9.626159386789577e-05, 7.473686806695302e-05]]</COVARIANCE_MATRIX>
		<ROI_SIZE>59</ROI_SIZE>
		<MAX_VALUE>[0.09691040217876434, 0.08065185695886612, 0.05585926026105881, 0.06122255325317383, 0.048674456775188446, 0.03636248782277107]</MAX_VALUE>
		<MIN_VALUE>[0.07832439243793488, 0.05494850501418114, 0.037914130836725235, 0.011367488652467728, 0.0037779121194034815, 0.0005734215374104679]</MIN_VALUE>
		<SIGNATURE_THRESHOLD_MD>0</SIGNATURE_THRESHOLD_MD>
		<SIGNATURE_THRESHOLD_ML>0</SIGNATURE_THRESHOLD_ML>
		<SIGNATURE_THRESHOLD_SAM>0</SIGNATURE_THRESHOLD_SAM>
	</signature>
	<signature ID="20210607_105055272974_642">
		<MACROCLASSID>1</MACROCLASSID>
		<MACROCLASSINFO>waterbody</MACROCLASSINFO>
		<CLASSID>16</CLASSID>
		<CLASSINFO>C 1</CLASSINFO>
		<VALUES>[0.07881444395018189, 0.001336452246160229, 0.05428915970946019, 0.0024469972386845407, 0.03027795843790787, 0.0026066857955950344, 0.013812505953999587, 0.0025810943450253524, 0.004402273970020895, 0.0029486216323137302, 0.002814865890247766, 0.002544723638648797]</VALUES>
		<LCS_MIN>[0.07663781940937042, 0.051035646349191666, 0.027592303231358528, 0.006982402876019478, 0.0015853692311793566, 0.0012480616569519043]</LCS_MIN>
		<LCS_MAX>[0.08942203223705292, 0.07474885880947113, 0.06247060373425484, 0.05265476927161217, 0.04172578081488609, 0.037812937051057816]</LCS_MAX>
		<WAVELENGTH>[0.48, 0.56, 0.655, 0.865, 1.61, 2.2]</WAVELENGTH>
