<?xml version="1.0" ?>
<signaturelist MCID_LIST="[['1', 'waterbody', '#000000'], ['2', 'vegetation', '#000000'], ['3', 'bareland', '#000000'], ['4', 'built-up', '#000000']]">
	<signature ID="20210521_142159678268_296">
		<MACROCLASSID>1</MACROCLASSID>
		<MACROCLASSINFO>waterbody</MACROCLASSINFO>
		<CLASSID>1</CLASSID>
		<CLASSINFO>C 1</CLASSINFO>
		<VALUES>[0.0915548738018414, 0.0028266279555828684, 0.08298952618718333, 0.0038761102852107095, 0.058211064674943774, 0.003771844802308779, 0.028830854551061345, 0.002445062128763988, 0.005173202664260938, 0.0023974985046259735, 0.0035186500341182693, 0.002772226703085202]</VALUES>
		<LCS_MIN>[0.08162762224674225, 0.06984864920377731, 0.04856431111693382, 0.02152826264500618, 0.0, 0.0]</LCS_MIN>
		<LCS_MAX>[0.10017294436693192, 0.0969533771276474, 0.06814757734537125, 0.03784900903701782, 0.018193135038018227, 0.014002476818859577]</LCS_MAX>
		<WAVELENGTH>[0.485, 0.56, 0.66, 0.83, 1.65, 2.215]</WAVELENGTH>
		<MEAN_VALUE>[0.0915548738018414, 0.08298952618718333, 0.058211064674943774, 0.028830854551061345, 0.005173202664260938, 0.0035186500341182693]</MEAN_VALUE>
		<CHECKBOX>2</CHECKBOX>
		<SD>[0.0028266279555828684, 0.0038761102852107095, 0.003771844802308779, 0.002445062128763988, 0.0023974985046259735, 0.002772226703085202]</SD>
		<WAVELENGTH_UNIT>E-6m</WAVELENGTH_UNIT>
		<COLOR>#61aeb0</COLOR>
		<COVARIANCE_MATRIX>[[6.915208814461948e-06, 4.511802217166405e-06, 4.109482233616291e-06, 1.9605060970206978e-06, 6.848496241218527e-07, 3.5694162647814665e-07], [4.511802217166405e-06, 1.2453274393919855e-05, 8.072875061770901e-06, 3.0526582577294903e-06, 7.436618147949048e-07, 6.303174586719251e-07], [4.109482233616291e-06, 8.072875061770901e-06, 1.2214919479447417e-05, 3.3452781735832104e-06, 4.4042565150448354e-07, 4.2565105218272947e-07], [1.9605060970206978e-06, 3.0526582577294903e-06, 3.3452781735832104e-06, 5.712582606065553e-06, 5.869707138117519e-07, 5.927851702836051e-07], [6.848496241218527e-07, 7.436618147949048e-07, 4.4042565150448354e-07, 5.869707138117519e-07, 5.6197964113380294e-06, 1.097075028155814e-06], [3.5694162647814665e-07, 6.303174586719251e-07, 4.2565105218272947e-07, 5.927851702836051e-07, 1.097075028155814e-06, 7.674687367398292e-06]]</COVARIANCE_MATRIX>
		<ROI_SIZE>10201</ROI_SIZE>
		<MAX_VALUE>[0.10017294436693192, 0.0969533771276474, 0.06814757734537125, 0.03784900903701782, 0.018193135038018227, 0.014002476818859577]</MAX_VALUE>
		<MIN_VALUE>[0.08162762224674225, 0.06984864920377731, 0.04856431111693382, 0.02152826264500618, 0.0, 0.0]</MIN_VALUE>
		<SIGNATURE_THRESHOLD_MD>0.0</SIGNATURE_THRESHOLD_MD>
		<SIGNATURE_THRESHOLD_ML>0.0</SIGNATURE_THRESHOLD_ML>
		<SIGNATURE_THRESHOLD_SAM>0.0</SIGNATURE_THRESHOLD_SAM>
	</signature>
	<signature ID="20210521_142204069040_907">
		<MACROCLASSID>1</MACROCLASSID>
		<MACROCLASSINFO>waterbody</MACROCLASSINFO>
		<CLASSID>2</CLASSID>
		<CLASSINFO>C 1</CLASSINFO>
		<VALUES>[0.09250362995817975, 0.0023431060320590483, 0.09535837897165612, 0.003235875327228785, 0.07681607331446534, 0.005429351199533524, 0.0371680264138218, 0.0036020894882956363, 0.004624171997786726, 0.002506947482050948, 0.0031710272096292687, 0.0027585947105913684]</VALUES>
		<LCS_MIN>[0.08348215371370316, 0.0853370651602745, 0.06814757734537125, 0.02968863770365715, 0.0, 0.0]</LCS_MIN>
		<LCS_MAX>[0.10573653131723404, 0.1085696741938591, 0.09752248227596283, 0.07049049437046051, 0.03132776916027069, 0.017774978652596474]</LCS_MAX>
		<WAVELENGTH>[0.485, 0.56, 0.66, 0.83, 1.65, 2.215]</WAVELENGTH>
		<MEAN_VALUE>[0.09250362995817975, 0.09535837897165612, 0.07681607331446534, 0.0371680264138218, 0.004624171997786726, 0.0031710272096292687]</MEAN_VALUE>
		<CHECKBOX>2</CHECKBOX>
		<SD>[0.0023431060320590483, 0.003235875327228785, 0.005429351199533524, 0.0036020894882956363, 0.002506947482050948, 0.0027585947105913684]</SD>
		<WAVELENGTH_UNIT>E-6m</WAVELENGTH_UNIT>
		<COLOR>#15c263</COLOR>
		<COVARIANCE_MATRIX>[[5.163432888366515e-06, 2.8348074465611717e-06, 4.987535248801578e-06, 3.100685262324987e-06, 5.887281417926715e-07, 2.386703101819876e-07], [2.8348074465611717e-06, 9.303303158958443e-06, 1.1137468391098082e-05, 6.270057383517269e-06, 1.0705707609304227e-06, 5.526848099179915e-07], [4.987535248801578e-06, 1.1137468391098082e-05, 2.6278019504388794e-05, 1.254670769412769e-05, 1.6465788803543546e-06, 1.1694968407027773e-06], [3.100685262324987e-06, 6.270057383517269e-06, 1.254670769412769e-05, 1.2308668374316767e-05, 1.7704803667584201e-06, 1.241557470166299e-06], [5.887281417926715e-07, 1.0705707609304227e-06, 1.6465788803543546e-06, 1.7704803667584201e-06, 6.129107987362659e-06, 1.2419395716278814e-06], [2.386703101819876e-07, 5.526848099179915e-07, 1.1694968407027773e-06, 1.241557470166299e-06, 1.2419395716278814e-06, 7.68322297517443e-06]]</COVARIANCE_MATRIX>
		<ROI_SIZE>9842</ROI_SIZE>
		<MAX_VALUE>[0.10573653131723404, 0.1085696741938591, 0.09752248227596283, 0.07049049437046051, 0.03132776916027069, 0.017774978652596474]</MAX_VALUE>
		<MIN_VALUE>[0.08348215371370316, 0.0853370651602745, 0.06814757734537125, 0.02968863770365715, 0.0, 0.0]</MIN_VALUE>
		<SIGNATURE_THRESHOLD_MD>0.0</SIGNATURE_THRESHOLD_MD>
		<SIGNATURE_THRESHOLD_ML>0.0</SIGNATURE_THRESHOLD_ML>
		<SIGNATURE_THRESHOLD_SAM>0.0</SIGNATURE_THRESHOLD_SAM>
	</signature>
	<signature ID="20210521_142209243553_595">
		<MACROCLASSID>1</MACROCLASSID>
		<MACROCLASSINFO>waterbody</MACROCLASSINFO>
		<CLASSID>3</CLASSID>
		<CLASSINFO>C 1</CLASSINFO>
		<VALUES>[0.08375465070243118, 0.0018889941340937894, 0.08056506852596163, 0.002688491071315469, 0.051871519162505715, 0.002198959231721062, 0.02527084402844328, 0.0033120238965648444, 0.004323840668774851, 0.0030365124741256414, 0.0029094441245379656, 0.0030029597586103247]</VALUES>
		<LCS_MIN>[0.07235497236251831, 0.046616051346063614, 0.03550880402326584, 0.017448078840970993, 0.0, 0.0]</LCS_MIN>
		<LCS_MAX>[0.09090027958154678, 0.0930812656879425, 0.06814757734537125, 0.05824994295835495, 0.0418354757130146, 0.03286498785018921]</LCS_MAX>
		<WAVELENGTH>[0.485, 0.56, 0.66, 0.83, 1.65, 2.215]</WAVELENGTH>
		<MEAN_VALUE>[0.08375465070243118, 0.08056506852596163, 0.051871519162505715, 0.02527084402844328, 0.004323840668774851, 0.0029094441245379656]</MEAN_VALUE>
		<CHECKBOX>2</CHECKBOX>
		<SD>[0.0018889941340937894, 0.002688491071315469, 0.002198959231721062, 0.0033120238965648444, 0.0030365124741256414, 0.0030029597586103247]</SD>
		<WAVELENGTH_UNIT>E-6m</WAVELENGTH_UNIT>
		<COLOR>#4a591a</COLOR>
		<COVARIANCE_MATRIX>[[3.5635139283840545e-06, 7.064886631269474e-07, 3.604832556902693e-07, -1.3861829017969285e-07, -3.8956761727604317e-07, -2.490759811735188e-07], [7.064886631269474e-07, 6.436550393118523e-06, 1.8370125189903774e-06, 1.0584123089074637e-07, -1.6334610108970082e-06, -1.1528119330250775e-06], [3.604832556902693e-07, 1.8370125189903774e-06, 4.654932581615867e-06, 1.697387119747873e-06, -2.220514119244399e-07, -7.530746692907542e-09], [-1.3861829017969285e-07, 1.0584123089074637e-07, 1.697387119747873e-06, 1.0104004104505293e-05, 2.8336162358755246e-06, 2.1764287794212578e-06], [-3.8956761727604317e-07, -1.6334610108970082e-06, -2.220514119244399e-07, 2.8336162358755246e-06, 8.304105904244352e-06, 3.099674586337642e-06], [-2.490759811735188e-07, -1.1528119330250775e-06, -7.530746692907542e-09, 2.1764287794212578e-06, 3.099674586337642e-06, 8.501763659296557e-06]]</COVARIANCE_MATRIX>
		<ROI_SIZE>9533</ROI_SIZE>
		<MAX_VALUE>[0.09090027958154678, 0.0930812656879425, 0.06814757734537125, 0.05824994295835495, 0.0418354757130146, 0.03286498785018921]</MAX_VALUE>
		<MIN_VALUE>[0.07235497236251831, 0.046616051346063614, 0.03550880402326584, 0.017448078840970993, 0.0, 0.0]</MIN_VALUE>
		<SIGNATURE_THRESHOLD_MD>0.0</SIGNATURE_THRESHOLD_MD>
		<SIGNATURE_THRESHOLD_ML>0.0</SIGNATURE_THRESHOLD_ML>
		<SIGNATURE_THRESHOLD_SAM>0.0</SIGNATURE_THRESHOLD_SAM>
	</signature>
	<signature ID="20210521_142214695799_887">
		<MACROCLASSID>1</MACROCLASSID>
		<MACROCLASSINFO>waterbody</MACROCLASSINFO>
		<CLASSID>4</CLASSID>
		<CLASSINFO>C 1</CLASSINFO>
		<VALUES>[0.07782919950439, 0.001962756286257501, 0.04890864149178604, 0.002364438921251891, 0.030584437838408196, 0.0021812448138371584, 0.021705340010209306, 0.002191102794853569, 0.0062805928202674536, 0.0024357956486458503, 0.004791005080444403, 0.003020669093383878]</VALUES>
		<LCS_MIN>[0.0705004334449768, 0.03887183964252472, 0.022453291341662407, 0.013367894105613232, 0.0, 0.0]</LCS_MIN>
		<LCS_MAX>[0.08719121664762497, 0.05823235958814621, 0.03877267986536026, 0.02968863770365715, 0.018193135038018227, 0.017774978652596474]</LCS_MAX>
		<WAVELENGTH>[0.485, 0.56, 0.66, 0.83, 1.65, 2.215]</WAVELENGTH>
		<MEAN_VALUE>[0.07782919950439, 0.04890864149178604, 0.030584437838408196, 0.021705340010209306, 0.0062805928202674536, 0.004791005080444403]</MEAN_VALUE>
		<CHECKBOX>2</CHECKBOX>
		<SD>[0.001962756286257501, 0.002364438921251891, 0.0021812448138371584, 0.002191102794853569, 0.0024357956486458503, 0.003020669093383878]</SD>
		<WAVELENGTH_UNIT>E-6m</WAVELENGTH_UNIT>
		<COLOR>#cf6e60</COLOR>
		<COVARIANCE_MATRIX>[[3.808948804362444e-06, 8.090406140581763e-07, 7.782922466503805e-07, 8.650399081489013e-07, 4.2779697650985327e-07, 3.6199546116222336e-07], [8.090406140581763e-07, 5.316549049894093e-06, 1.0107530670211418e-06, 9.73440819507232e-07, 6.553771640938066e-07, 5.131294642524153e-07], [7.782922466503805e-07, 1.0107530670211418e-06, 4.469491159397876e-06, 1.0574786983852391e-06, 5.466442871693289e-07, 6.573464474968205e-07], [8.650399081489013e-07, 9.73440819507232e-07, 1.0574786983852391e-06, 4.752237146021798e-06, 8.539344662494841e-07, 8.121083965306752e-07], [4.2779697650985327e-07, 6.553771640938066e-07, 5.466442871693289e-07, 8.539344662494841e-07, 5.884107849851716e-06, 1.3590763501269976e-06], [3.6199546116222336e-07, 5.131294642524153e-07, 6.573464474968205e-07, 8.121083965306752e-07, 1.3590763501269976e-06, 8.979975063994061e-06]]</COVARIANCE_MATRIX>
		<ROI_SIZE>10201</ROI_SIZE>
		<MAX_VALUE>[0.08719121664762497, 0.05823235958814621, 0.03877267986536026, 0.02968863770365715, 0.018193135038018227, 0.017774978652596474]</MAX_VALUE>
		<MIN_VALUE>[0.0705004334449768, 0.03887183964252472, 0.022453291341662407, 0.013367894105613232, 0.0, 0.0]</MIN_VALUE>
		<SIGNATURE_THRESHOLD_MD>0.0</SIGNATURE_THRESHOLD_MD>
		<SIGNATURE_THRESHOLD_ML>0.0</SIGNATURE_THRESHOLD_ML>
		<SIGNATURE_THRESHOLD_SAM>0.0</SIGNATURE_THRESHOLD_SAM>
	</signature>
	<signature ID="20210521_142221123387_536">
		<MACROCLASSID>1</MACROCLASSID>
		<MACROCLASSINFO>waterbody</MACROCLASSINFO>
		<CLASSID>5</CLASSID>
		<CLASSINFO>C 1</CLASSINFO>
		<VALUES>[0.08227408743020966, 0.0021134685474019925, 0.07136192653468561, 0.002350946653948913, 0.04184437192936364, 0.002613582536664481, 0.026087581843117623, 0.003975195744639175, 0.004618891268767405, 0.002556616888748573, 0.003020534387949169, 0.002697593498788994]</VALUES>
		<LCS_MIN>[0.07420950382947922, 0.0659765675663948, 0.03550880402326584, 0.017448078840970993, 0.0, 0.0]</LCS_MIN>
		<LCS_MAX>[0.09090027958154678, 0.0892091616988182, 0.06488370150327682, 0.06233011558651924, 0.03132776916027069, 0.021547481417655945]</LCS_MAX>
		<WAVELENGTH>[0.485, 0.56, 0.66, 0.83, 1.65, 2.215]</WAVELENGTH>
		<MEAN_VALUE>[0.08227408743020966, 0.07136192653468561, 0.04184437192936364, 0.026087581843117623, 0.004618891268767405, 0.003020534387949169]</MEAN_VALUE>
		<CHECKBOX>2</CHECKBOX>
		<SD>[0.0021134685474019925, 0.002350946653948913, 0.002613582536664481, 0.003975195744639175, 0.002556616888748573, 0.002697593498788994]</SD>
		<WAVELENGTH_UNIT>E-6m</WAVELENGTH_UNIT>
		<COLOR>#50c997</COLOR>
		<COVARIANCE_MATRIX>[[4.584396720019868e-06, 7.770673846607679e-07, 1.2790295613740454e-06, 3.133388659648517e-08, 4.6409550691350887e-07, 2.8895070158796443e-07], [7.770673846607679e-07, 5.575815066549694e-06, 1.8167346524933237e-06, 2.2061508389015216e-06, 6.294156946751173e-07, 3.517266122798901e-07], [1.2790295613740454e-06, 1.8167346524933237e-06, 6.959974143683212e-06, 3.0182684440660523e-06, 1.2497762327257078e-06, 8.224961902669747e-07], [3.133388659648517e-08, 2.2061508389015216e-06, 3.0182684440660523e-06, 1.596611582499463e-05, 2.183263404731406e-06, 1.2239964917171164e-06], [4.6409550691350887e-07, 6.294156946751173e-07, 1.2497762327257078e-06, 2.183263404731406e-06, 7.234230452013435e-06, 1.9476431134535233e-06], [2.8895070158796443e-07, 3.517266122798901e-07, 8.224961902669747e-07, 1.2239964917171164e-06, 1.9476431134535233e-06, 7.749024007353e-06]]</COVARIANCE_MATRIX>
		<ROI_SIZE>10031</ROI_SIZE>
		<MAX_VALUE>[0.09090027958154678, 0.0892091616988182, 0.06488370150327682, 0.06233011558651924, 0.03132776916027069, 0.021547481417655945]</MAX_VALUE>
		<MIN_VALUE>[0.07420950382947922, 0.0659765675663948, 0.03550880402326584, 0.017448078840970993, 0.0, 0.0]</MIN_VALUE>
		<SIGNATURE_THRESHOLD_MD>0.0</SIGNATURE_THRESHOLD_MD>
		<SIGNATURE_THRESHOLD_ML>0.0</SIGNATURE_THRESHOLD_ML>
		<SIGNATURE_THRESHOLD_SAM>0.0</SIGNATURE_THRESHOLD_SAM>
	</signature>
	<signature ID="20210521_145522182520_658">
		<MACROCLASSID>1</MACROCLASSID>
		<MACROCLASSINFO>waterbody</MACROCLASSINFO>
		<CLASSID>6</CLASSID>
		<CLASSINFO>C 1</CLASSINFO>
		<VALUES>[0.0904198140987862, 0.00252066461251643, 0.09088643534914286, 0.00272800130083565, 0.06538997876393302, 0.002119796360978598, 0.02992294452555791, 0.0020781275811530093, 0.004739185460349811, 0.002319171204446238, 0.0034138857360880037, 0.0027549874163064264]</VALUES>
		<LCS_MIN>[0.07977309077978134, 0.0814649686217308, 0.05509207025170326, 0.025608446449041367, 0.0, 0.0]</LCS_MIN>
		<LCS_MAX>[0.09831840544939041, 0.1008254736661911, 0.07467532902956009, 0.03784900903701782, 0.015566207468509674, 0.014002476818859577]</LCS_MAX>
		<WAVELENGTH>[0.485, 0.56, 0.66, 0.83, 1.65, 2.215]</WAVELENGTH>
		<MEAN_VALUE>[0.0904198140987862, 0.09088643534914286, 0.06538997876393302, 0.02992294452555791, 0.004739185460349811, 0.0034138857360880037]</MEAN_VALUE>
		<CHECKBOX>2</CHECKBOX>
		<SD>[0.00252066461251643, 0.00272800130083565, 0.002119796360978598, 0.0020781275811530093, 0.002319171204446238, 0.0027549874163064264]</SD>
		<WAVELENGTH_UNIT>E-6m</WAVELENGTH_UNIT>
		<COLOR>#cf8c03</COLOR>
		<COVARIANCE_MATRIX>[[5.890411102882354e-06, 2.2183260171004804e-06, 1.303393332818814e-06, -9.523732558136544e-08, 2.882289322769793e-07, 1.6530498214706313e-07], [2.2183260171004804e-06, 6.921080967003945e-06, 1.8566097423899919e-06, 5.647626721838606e-07, 2.261547393800356e-07, 2.804605401252047e-07], [1.303393332818814e-06, 1.8566097423899919e-06, 4.346902642282657e-06, 7.317983090615598e-07, 2.522659769965685e-08, 1.5117295504296635e-07], [-9.523732558136544e-08, 5.647626721838606e-07, 7.317983090615598e-07, 5.0650437515287194e-06, 1.7028213505909662e-08, 7.924350597932062e-08], [2.882289322769793e-07, 2.261547393800356e-07, 2.522659769965685e-08, 1.7028213505909662e-08, 5.3428684623213485e-06, 6.688776466035051e-07], [1.6530498214706313e-07, 2.804605401252047e-07, 1.5117295504296635e-07, 7.924350597932062e-08, 6.688776466035051e-07, 7.673600521229673e-06]]</COVARIANCE_MATRIX>
		<ROI_SIZE>10201</ROI_SIZE>
		<MAX_VALUE>[0.09831840544939041, 0.1008254736661911, 0.07467532902956009, 0.03784900903701782, 0.015566207468509674, 0.014002476818859577]</MAX_VALUE>
		<MIN_VALUE>[0.07977309077978134, 0.0814649686217308, 0.05509207025170326, 0.025608446449041367, 0.0, 0.0]</MIN_VALUE>
		<SIGNATURE_THRESHOLD_MD>0.0</SIGNATURE_THRESHOLD_MD>
		<SIGNATURE_THRESHOLD_ML>0.0</SIGNATURE_THRESHOLD_ML>
		<SIGNATURE_THRESHOLD_SAM>0.0</SIGNATURE_THRESHOLD_SAM>
	</signature>
	<signature ID="20210521_150522422707_765">
		<MACROCLASSID>1</MACROCLASSID>
		<MACROCLASSINFO>waterbody</MACROCLASSINFO>
		<CLASSID>7</CLASSID>
		<CLASSINFO>C 1</CLASSINFO>
		<VALUES>[0.09863952251607815, 0.0037195019666505786, 0.10279542468633181, 0.008218336901710808, 0.061505524369123335, 0.008003086315928635, 0.030343529253705218, 0.006770430183538004, 0.012009883253945674, 0.007754717537197685, 0.00859845330162293, 0.006306020131727283]</VALUES>
		<LCS_MIN>[0.08348215371370316, 0.0814649686217308, 0.04856431111693382, 0.017448078840970993, 0.0, 0.0]</LCS_MIN>
		<LCS_MAX>[0.10944559425115585, 0.1279301792383194, 0.094258613884449, 0.06233011558651924, 0.047089334577322006, 0.04040999710559845]</LCS_MAX>
		<WAVELENGTH>[0.485, 0.56, 0.66, 0.83, 1.65, 2.215]</WAVELENGTH>
		<MEAN_VALUE>[0.09863952251607815, 0.10279542468633181, 0.061505524369123335, 0.030343529253705218, 0.012009883253945674, 0.00859845330162293]</MEAN_VALUE>
		<CHECKBOX>2</CHECKBOX>
		<SD>[0.0037195019666505786, 0.008218336901710808, 0.008003086315928635, 0.006770430183538004, 0.007754717537197685, 0.006306020131727283]</SD>
		<WAVELENGTH_UNIT>E-6m</WAVELENGTH_UNIT>
		<COLOR>#5bfbdd</COLOR>
		<COVARIANCE_MATRIX>[[1.3450200640363619e-05, 2.3330851036007516e-05, 7.939534043543972e-06, -7.586776519019622e-06, -1.0240000847261399e-05, -8.385692126466893e-06], [2.3330851036007516e-05, 6.875140388729051e-05, 3.7697704101447016e-05, -8.839921974868048e-06, -1.4019566151546314e-05, -1.105169576476328e-05], [7.939534043543972e-06, 3.7697704101447016e-05, 6.253043829929084e-05, 2.3985692678252235e-05, 2.0371662685647607e-05, 1.5052270100568421e-05], [-7.586776519019622e-06, -8.839921974868048e-06, 2.3985692678252235e-05, 4.025724047096446e-05, 3.326961086713709e-05, 2.444702295179013e-05], [-1.0240000847261399e-05, -1.4019566151546314e-05, 2.0371662685647607e-05, 3.326961086713709e-05, 5.472889824886806e-05, 3.633608139352873e-05], [-8.385692126466893e-06, -1.105169576476328e-05, 1.5052270100568421e-05, 2.444702295179013e-05, 3.633608139352873e-05, 3.810291673289612e-05]]</COVARIANCE_MATRIX>
		<ROI_SIZE>2060</ROI_SIZE>
		<MAX_VALUE>[0.10944559425115585, 0.1279301792383194, 0.094258613884449, 0.06233011558651924, 0.047089334577322006, 0.04040999710559845]</MAX_VALUE>
		<MIN_VALUE>[0.08348215371370316, 0.0814649686217308, 0.04856431111693382, 0.017448078840970993, 0.0, 0.0]</MIN_VALUE>
		<SIGNATURE_THRESHOLD_MD>0.0</SIGNATURE_THRESHOLD_MD>
		<SIGNATURE_THRESHOLD_ML>0.0</SIGNATURE_THRESHOLD_ML>
		<SIGNATURE_THRESHOLD_SAM>0.0</SIGNATURE_THRESHOLD_SAM>
	</signature>
	<signature ID="20210521_150527552096_741">
		<MACROCLASSID>1</MACROCLASSID>
		<MACROCLASSINFO>waterbody</MACROCLASSINFO>
		<CLASSID>8</CLASSID>
		<CLASSINFO>C 1</CLASSINFO>
		<VALUES>[0.08596030016769299, 0.005307316082517531, 0.07353529610460809, 0.00691291415682677, 0.043306375568767264, 0.007258303473885806, 0.027120071632618238, 0.00661215068855304, 0.010868730838751952, 0.007213942670764349, 0.007280618567083421, 0.005907331746114961]</VALUES>
		<LCS_MIN>[0.07420950382947922, 0.05823235958814621, 0.03224492073059082, 0.013367894105613232, 0.0, 0.0]</LCS_MIN>
		<LCS_MAX>[0.0946093499660492, 0.0930812656879425, 0.08120309561491013, 0.06233011558651924, 0.044462401419878006, 0.03663749247789383]</LCS_MAX>
		<WAVELENGTH>[0.485, 0.56, 0.66, 0.83, 1.65, 2.215]</WAVELENGTH>
		<MEAN_VALUE>[0.08596030016769299, 0.07353529610460809, 0.043306375568767264, 0.027120071632618238, 0.010868730838751952, 0.007280618567083421]</MEAN_VALUE>
		<CHECKBOX>2</CHECKBOX>
		<SD>[0.005307316082517531, 0.00691291415682677, 0.007258303473885806, 0.00661215068855304, 0.007213942670764349, 0.005907331746114961]</SD>
		<WAVELENGTH_UNIT>E-6m</WAVELENGTH_UNIT>
		<COLOR>#0c68a3</COLOR>
		<COVARIANCE_MATRIX>[[2.3956323275342584e-05, 2.720979136938695e-05, 5.476883416122291e-06, 2.677387328731129e-06, -2.8768226911779493e-06, -2.496530214557424e-06], [2.720979136938695e-05, 4.6578537876484916e-05, 2.031209078268148e-05, 1.2538956980279181e-05, 4.9293034862785134e-06, 2.8190297598484904e-06], [5.476883416122291e-06, 2.031209078268148e-05, 4.518700734479353e-05, 3.178231054334901e-05, 3.097860826528631e-05, 2.1739884687121958e-05], [2.677387328731129e-06, 1.2538956980279181e-05, 3.178231054334901e-05, 4.2033028876176104e-05, 3.428170384722762e-05, 2.4471315555274487e-05], [-2.8768226911779493e-06, 4.9293034862785134e-06, 3.097860826528631e-05, 3.428170384722762e-05, 5.409190634964034e-05, 3.462894892436452e-05], [-2.496530214557424e-06, 2.8190297598484904e-06, 2.1739884687121958e-05, 2.4471315555274487e-05, 3.462894892436452e-05, 3.51352573488839e-05]]</COVARIANCE_MATRIX>
		<ROI_SIZE>2165</ROI_SIZE>
		<MAX_VALUE>[0.0946093499660492, 0.0930812656879425, 0.08120309561491013, 0.06233011558651924, 0.044462401419878006, 0.03663749247789383]</MAX_VALUE>
		<MIN_VALUE>[0.07420950382947922, 0.05823235958814621, 0.03224492073059082, 0.013367894105613232, 0.0, 0.0]</MIN_VALUE>
		<SIGNATURE_THRESHOLD_MD>0.0</SIGNATURE_THRESHOLD_MD>
		<SIGNATURE_THRESHOLD_ML>0.0</SIGNATURE_THRESHOLD_ML>
		<SIGNATURE_THRESHOLD_SAM>0.0</SIGNATURE_THRESHOLD_SAM>
	</signature>
	<signature ID="20210521_150532180222_571">
		<MACROCLASSID>1</MACROCLASSID>
		<MACROCLASSINFO>waterbody</MACROCLASSINFO>
		<CLASSID>9</CLASSID>
		<CLASSINFO>C 1</CLASSINFO>
		<VALUES>[0.09340266275405884, 0.00280721278420792, 0.10327264235417051, 0.006339583412275915, 0.07148978582024583, 0.006317177102267346, 0.03197354024648667, 0.006887018384629864, 0.012653111358483638, 0.007715684454512068, 0.009381033674503374, 0.0064130029422797274]</VALUES>
		<LCS_MIN>[0.07791855931282043, 0.0659765675663948, 0.03877267986536026, 0.02152826264500618, 0.0, 0.0]</LCS_MIN>
		<LCS_MAX>[0.09831840544939041, 0.1124417781829834, 0.09752248227596283, 0.06233011558651924, 0.0418354757130146, 0.03286498785018921]</LCS_MAX>
		<WAVELENGTH>[0.485, 0.56, 0.66, 0.83, 1.65, 2.215]</WAVELENGTH>
		<MEAN_VALUE>[0.09340266275405884, 0.10327264235417051, 0.07148978582024583, 0.03197354024648667, 0.012653111358483638, 0.009381033674503374]</MEAN_VALUE>
		<CHECKBOX>2</CHECKBOX>
		<SD>[0.00280721278420792, 0.006339583412275915, 0.006317177102267346, 0.006887018384629864, 0.007715684454512068, 0.0064130029422797274]</SD>
		<WAVELENGTH_UNIT>E-6m</WAVELENGTH_UNIT>
		<COLOR>#66a2f5</COLOR>
		<COVARIANCE_MATRIX>[[7.901514436525758e-06, 1.2100223102606833e-05, 2.8623041998798726e-06, -5.146260264154989e-06, -8.762001016293652e-06, -6.099465736042475e-06], [1.2100223102606833e-05, 4.0297778468811885e-05, 1.0823854609043337e-05, -1.4562012438545935e-05, -2.3306822185986675e-05, -1.587074439157732e-05], [2.8623041998798726e-06, 1.0823854609043337e-05, 4.001343040727079e-05, 2.2573774913325906e-05, 1.677728687354829e-05, 1.581636388436891e-05], [-5.146260264154989e-06, -1.4562012438545935e-05, 2.2573774913325906e-05, 4.755784175358713e-05, 3.633568485383876e-05, 2.930136543000117e-05], [-8.762001016293652e-06, -2.3306822185986675e-05, 1.677728687354829e-05, 3.633568485383876e-05, 5.969096309854649e-05, 4.052173244417645e-05], [-6.099465736042475e-06, -1.587074439157732e-05, 1.581636388436891e-05, 2.930136543000117e-05, 4.052173244417645e-05, 4.123656981391832e-05]]</COVARIANCE_MATRIX>
		<ROI_SIZE>375</ROI_SIZE>
		<MAX_VALUE>[0.09831840544939041, 0.1124417781829834, 0.09752248227596283, 0.06233011558651924, 0.0418354757130146, 0.03286498785018921]</MAX_VALUE>
		<MIN_VALUE>[0.07791855931282043, 0.0659765675663948, 0.03877267986536026, 0.02152826264500618, 0.0, 0.0]</MIN_VALUE>
		<SIGNATURE_THRESHOLD_MD>0.0</SIGNATURE_THRESHOLD_MD>
		<SIGNATURE_THRESHOLD_ML>0.0</SIGNATURE_THRESHOLD_ML>
		<SIGNATURE_THRESHOLD_SAM>0.0</SIGNATURE_THRESHOLD_SAM>
	</signature>
	<signature ID="20210521_150539399359_388">
		<MACROCLASSID>1</MACROCLASSID>
		<MACROCLASSINFO>waterbody</MACROCLASSINFO>
		<CLASSID>10</CLASSID>
		<CLASSINFO>C 1</CLASSINFO>
		<VALUES>[0.09097709166924944, 0.0020864746303096986, 0.0926499681504255, 0.002519553209534221, 0.06181210096150951, 0.0028701013205012986, 0.026431892290342617, 0.0029483189867491972, 0.004168504815457982, 0.00232900567442311, 0.0028488434712470203, 0.002620808170113716]</VALUES>
		<LCS_MIN>[0.08348215371370316, 0.0814649686217308, 0.05182819068431854, 0.017448078840970993, 0.0, 0.0]</LCS_MIN>
		<LCS_MAX>[0.09831840544939041, 0.1046975776553154, 0.07141144573688507, 0.03784900903701782, 0.012939279899001122, 0.014002476818859577]</LCS_MAX>
		<WAVELENGTH>[0.485, 0.56, 0.66, 0.83, 1.65, 2.215]</WAVELENGTH>
		<MEAN_VALUE>[0.09097709166924944, 0.0926499681504255, 0.06181210096150951, 0.026431892290342617, 0.004168504815457982, 0.0028488434712470203]</MEAN_VALUE>
		<CHECKBOX>2</CHECKBOX>
		<SD>[0.0020864746303096986, 0.002519553209534221, 0.0028701013205012986, 0.0029483189867491972, 0.00232900567442311, 0.002620808170113716]</SD>
		<WAVELENGTH_UNIT>E-6m</WAVELENGTH_UNIT>
		<COLOR>#c27051</COLOR>
		<COVARIANCE_MATRIX>[[4.365731456346111e-06, 1.007314381240576e-06, 1.4634207445851644e-06, 1.3776957530353684e-06, -6.711410094339954e-08, -3.9922383621160407e-08], [1.007314381240576e-06, 5.894544301554561e-06, 2.777843747026054e-06, 2.436381464576698e-06, -1.0696463270676304e-08, -2.0619843610347743e-08], [1.4634207445851644e-06, 2.777843747026054e-06, 7.401107268378837e-06, 3.921462393918773e-06, -6.824904374980179e-08, -3.59382568149158e-08], [1.3776957530353684e-06, 2.436381464576698e-06, 3.921462393918773e-06, 8.146455002133735e-06, 3.093195459769049e-07, 3.082609509874601e-07], [-6.711410094339954e-08, -1.0696463270676304e-08, -6.824904374980179e-08, 3.093195459769049e-07, 5.229459475231124e-06, 7.409891509269073e-07], [-3.9922383621160407e-08, -2.0619843610347743e-08, -3.59382568149158e-08, 3.082609509874601e-07, 7.409891509269073e-07, 6.8795848164882045e-06]]</COVARIANCE_MATRIX>
		<ROI_SIZE>10201</ROI_SIZE>
		<MAX_VALUE>[0.09831840544939041, 0.1046975776553154, 0.07141144573688507, 0.03784900903701782, 0.012939279899001122, 0.014002476818859577]</MAX_VALUE>
		<MIN_VALUE>[0.08348215371370316, 0.0814649686217308, 0.05182819068431854, 0.017448078840970993, 0.0, 0.0]</MIN_VALUE>
		<SIGNATURE_THRESHOLD_MD>0.0</SIGNATURE_THRESHOLD_MD>
		<SIGNATURE_THRESHOLD_ML>0.0</SIGNATURE_THRESHOLD_ML>
		<SIGNATURE_THRESHOLD_SAM>0.0</SIGNATURE_THRESHOLD_SAM>
	</signature>
	<signature ID="20210521_150546474940_230">
		<MACROCLASSID>1</MACROCLASSID>
		<MACROCLASSINFO>waterbody</MACROCLASSINFO>
		<CLASSID>11</CLASSID>
		<CLASSINFO>C 1</CLASSINFO>
		<VALUES>[0.08582544160015648, 0.002449864471292116, 0.07256212684089837, 0.0053174728201497365, 0.040104158109825684, 0.005934348256981459, 0.02516760661770491, 0.003627497366844435, 0.00725840578864769, 0.0037817803917500124, 0.005025319153604727, 0.0036916923605252107]</VALUES>
		<LCS_MIN>[0.07791855931282043, 0.06210445985198021, 0.0289810448884964, 0.013367894105613232, 0.0, 0.0]</LCS_MIN>
		<LCS_MAX>[0.0946093499660492, 0.1008254736661911, 0.07793921232223511, 0.05416974425315857, 0.044462401419878006, 0.03286498785018921]</LCS_MAX>
		<WAVELENGTH>[0.485, 0.56, 0.66, 0.83, 1.65, 2.215]</WAVELENGTH>
		<MEAN_VALUE>[0.08582544160015648, 0.07256212684089837, 0.040104158109825684, 0.02516760661770491, 0.00725840578864769, 0.005025319153604727]</MEAN_VALUE>
		<CHECKBOX>2</CHECKBOX>
		<SD>[0.002449864471292116, 0.0053174728201497365, 0.005934348256981459, 0.003627497366844435, 0.0037817803917500124, 0.0036916923605252107]</SD>
		<WAVELENGTH_UNIT>E-6m</WAVELENGTH_UNIT>
		<COLOR>#164a1e</COLOR>
		<COVARIANCE_MATRIX>[[5.537994638871169e-06, 5.098915607959498e-06, 3.919458777090767e-06, 1.4582125231754617e-06, 5.504126647792873e-07, 6.20315859123366e-07], [5.098915607959498e-06, 2.524771298340056e-05, 2.3449747459380887e-05, 6.8360350269358605e-06, 5.851649802934844e-06, 4.601569798978744e-06], [3.919458777090767e-06, 2.3449747459380887e-05, 3.725625720107928e-05, 1.1666110367514193e-05, 1.1498344974825159e-05, 8.41793735162355e-06], [1.4582125231754617e-06, 6.8360350269358605e-06, 1.1666110367514193e-05, 1.3408537597570103e-05, 7.103052666934673e-06, 5.266191692498978e-06], [5.504126647792873e-07, 5.851649802934844e-06, 1.1498344974825159e-05, 7.103052666934673e-06, 1.4706749425386079e-05, 7.548247140221065e-06], [6.20315859123366e-07, 4.601569798978744e-06, 8.41793735162355e-06, 5.266191692498978e-06, 7.548247140221065e-06, 1.4070237739360891e-05]]</COVARIANCE_MATRIX>
		<ROI_SIZE>5951</ROI_SIZE>
		<MAX_VALUE>[0.0946093499660492, 0.1008254736661911, 0.07793921232223511, 0.05416974425315857, 0.044462401419878006, 0.03286498785018921]</MAX_VALUE>
		<MIN_VALUE>[0.07791855931282043, 0.06210445985198021, 0.0289810448884964, 0.013367894105613232, 0.0, 0.0]</MIN_VALUE>
		<SIGNATURE_THRESHOLD_MD>0.0</SIGNATURE_THRESHOLD_MD>
		<SIGNATURE_THRESHOLD_ML>0.0</SIGNATURE_THRESHOLD_ML>
		<SIGNATURE_THRESHOLD_SAM>0.0</SIGNATURE_THRESHOLD_SAM>
	</signature>
	<signature ID="20210521_150553757938_568">
		<MACROCLASSID>1</MACROCLASSID>
		<MACROCLASSINFO>waterbody</MACROCLASSINFO>
		<CLASSID>12</CLASSID>
		<CLASSINFO>C 1</CLASSINFO>
		<VALUES>[0.10512377936066244, 0.0032551604159172937, 0.11087935102003352, 0.00390769235522427, 0.07084838867361784, 0.009249879879443845, 0.03386426510082349, 0.007323535344262199, 0.014913316140746511, 0.007518986379228068, 0.01068541196607903, 0.006900801627054976]</VALUES>
		<LCS_MIN>[0.09275481104850769, 0.0892091616988182, 0.058355946093797684, 0.025608446449041367, 0.005058499053120613, 0.0]</LCS_MIN>
		<LCS_MAX>[0.11315466463565826, 0.120185986161232, 0.1073141023516655, 0.06641031056642532, 0.04971626028418541, 0.04418250173330307]</LCS_MAX>
		<WAVELENGTH>[0.485, 0.56, 0.66, 0.83, 1.65, 2.215]</WAVELENGTH>
		<MEAN_VALUE>[0.10512377936066244, 0.11087935102003352, 0.07084838867361784, 0.03386426510082349, 0.014913316140746511, 0.01068541196607903]</MEAN_VALUE>
		<CHECKBOX>2</CHECKBOX>
		<SD>[0.0032551604159172937, 0.00390769235522427, 0.009249879879443845, 0.007323535344262199, 0.007518986379228068, 0.006900801627054976]</SD>
		<WAVELENGTH_UNIT>E-6m</WAVELENGTH_UNIT>
		<COLOR>#e5e16c</COLOR>
		<COVARIANCE_MATRIX>[[1.0627142728480976e-05, 6.536622549901949e-06, -1.5664832972106524e-05, -1.2856001376349013e-05, -1.0501840733923018e-05, -8.747500942263287e-06], [6.536622549901949e-06, 1.5314839401980862e-05, -6.970195727262762e-07, -8.884997441782616e-06, -7.525833552790573e-06, -7.2235698098666035e-06], [-1.5664832972106524e-05, -6.970195727262762e-07, 8.581118891015649e-05, 4.293459278414957e-05, 3.121166810160503e-05, 2.7317728381603956e-05], [-1.2856001376349013e-05, -8.884997441782616e-06, 4.293459278414957e-05, 5.3791456593899056e-05, 3.928977093892172e-05, 3.414598904782906e-05], [-1.0501840733923018e-05, -7.525833552790573e-06, 3.121166810160503e-05, 3.928977093892172e-05, 5.670094833476469e-05, 4.02996338380035e-05], [-8.747500942263287e-06, -7.2235698098666035e-06, 2.7317728381603956e-05, 3.414598904782906e-05, 4.02996338380035e-05, 4.7760713641764596e-05]]</COVARIANCE_MATRIX>
		<ROI_SIZE>342</ROI_SIZE>
		<MAX_VALUE>[0.11315466463565826, 0.120185986161232, 0.1073141023516655, 0.06641031056642532, 0.04971626028418541, 0.04418250173330307]</MAX_VALUE>
		<MIN_VALUE>[0.09275481104850769, 0.0892091616988182, 0.058355946093797684, 0.025608446449041367, 0.005058499053120613, 0.0]</MIN_VALUE>
		<SIGNATURE_THRESHOLD_MD>0.0</SIGNATURE_THRESHOLD_MD>
		<SIGNATURE_THRESHOLD_ML>0.0</SIGNATURE_THRESHOLD_ML>
		<SIGNATURE_THRESHOLD_SAM>0.0</SIGNATURE_THRESHOLD_SAM>
	</signature>
	<signature ID="20210521_150556862124_656">
		<MACROCLASSID>1</MACROCLASSID>
		<MACROCLASSINFO>waterbody</MACROCLASSINFO>
		<CLASSID>13</CLASSID>
		<CLASSINFO>C 1</CLASSINFO>
		<VALUES>[0.09605215593424547, 0.0023410989129506008, 0.107321335542156, 0.006174491235096505, 0.07328282902916201, 0.009256905217003897, 0.03302052569607964, 0.006527059340222189, 0.012098577834079645, 0.006929782576091784, 0.00855669234951232, 0.00642578570676059]</VALUES>
		<LCS_MIN>[0.08904574066400528, 0.0930812656879425, 0.058355946093797684, 0.017448078840970993, 0.0, 0.0]</LCS_MIN>
		<LCS_MAX>[0.10202746093273163, 0.12405809015035629, 0.10078635066747665, 0.07049049437046051, 0.0418354757130146, 0.03663749247789383]</LCS_MAX>
		<WAVELENGTH>[0.485, 0.56, 0.66, 0.83, 1.65, 2.215]</WAVELENGTH>
		<MEAN_VALUE>[0.09605215593424547, 0.107321335542156, 0.07328282902916201, 0.03302052569607964, 0.012098577834079645, 0.00855669234951232]</MEAN_VALUE>
		<CHECKBOX>2</CHECKBOX>
		<SD>[0.0023410989129506008, 0.006174491235096505, 0.009256905217003897, 0.006527059340222189, 0.006929782576091784, 0.00642578570676059]</SD>
		<WAVELENGTH_UNIT>E-6m</WAVELENGTH_UNIT>
		<COLOR>#e5a691</COLOR>
		<COVARIANCE_MATRIX>[[5.4913452913751826e-06, 8.346614777110517e-06, 8.40549182612449e-06, -8.209484576582327e-07, -3.766673216887284e-06, -3.7694173897762084e-06], [8.346614777110517e-06, 3.819808262051083e-05, 4.1770425013964996e-05, 3.4034108011837816e-06, -9.155954103334807e-06, -9.292392860515974e-06], [8.40549182612449e-06, 4.1770425013964996e-05, 8.585603791289032e-05, 3.31377268594224e-05, 1.4302471754490398e-05, 1.1873647963511758e-05], [-8.209484576582327e-07, 3.4034108011837816e-06, 3.31377268594224e-05, 4.268490738468245e-05, 3.1918643799144775e-05, 2.6708525183494203e-05], [-3.766673216887284e-06, -9.155954103334807e-06, 1.4302471754490398e-05, 3.1918643799144775e-05, 4.811477265320718e-05, 3.3888660254888237e-05], [-3.7694173897762084e-06, -9.292392860515974e-06, 1.1873647963511758e-05, 2.6708525183494203e-05, 3.3888660254888237e-05, 4.1370589315192774e-05]]</COVARIANCE_MATRIX>
		<ROI_SIZE>518</ROI_SIZE>
		<MAX_VALUE>[0.10202746093273163, 0.12405809015035629, 0.10078635066747665, 0.07049049437046051, 0.0418354757130146, 0.03663749247789383]</MAX_VALUE>
		<MIN_VALUE>[0.08904574066400528, 0.0930812656879425, 0.058355946093797684, 0.017448078840970993, 0.0, 0.0]</MIN_VALUE>
		<SIGNATURE_THRESHOLD_MD>0.0</SIGNATURE_THRESHOLD_MD>
		<SIGNATURE_THRESHOLD_ML>0.0</SIGNATURE_THRESHOLD_ML>
		<SIGNATURE_THRESHOLD_SAM>0.0</SIGNATURE_THRESHOLD_SAM>
	</signature>
	<signature ID="20210521_150600314629_690">
		<MACROCLASSID>1</MACROCLASSID>
		<MACROCLASSINFO>waterbody</MACROCLASSINFO>
		<CLASSID>14</CLASSID>
		<CLASSINFO>C 1</CLASSINFO>
		<VALUES>[0.09304596783764936, 0.001988258201579507, 0.0896584883891682, 0.004766845925733502, 0.059458757105439186, 0.01044306689748831, 0.03252944856271807, 0.005915949678971622, 0.015144823172285445, 0.008160419926937727, 0.010353506485527896, 0.007010636096884156]</VALUES>
		<LCS_MIN>[0.08533668518066406, 0.0814649686217308, 0.0453004352748394, 0.02152826264500618, 0.0024315721821039915, 0.0]</LCS_MIN>
		<LCS_MAX>[0.09831840544939041, 0.1008254736661911, 0.08773083984851837, 0.06641031056642532, 0.047089334577322006, 0.04418250173330307]</LCS_MAX>
		<WAVELENGTH>[0.485, 0.56, 0.66, 0.83, 1.65, 2.215]</WAVELENGTH>
		<MEAN_VALUE>[0.09304596783764936, 0.0896584883891682, 0.059458757105439186, 0.03252944856271807, 0.015144823172285445, 0.010353506485527896]</MEAN_VALUE>
		<CHECKBOX>2</CHECKBOX>
		<SD>[0.001988258201579507, 0.004766845925733502, 0.01044306689748831, 0.005915949678971622, 0.008160419926937727, 0.007010636096884156]</SD>
		<WAVELENGTH_UNIT>E-6m</WAVELENGTH_UNIT>
		<COLOR>#de49fd</COLOR>
		<COVARIANCE_MATRIX>[[3.9667088458372746e-06, -1.3854756844011717e-06, -4.571703357214574e-06, 2.8434644150365784e-07, -1.1281874776614131e-06, -1.562171974001103e-06], [-1.3854756844011717e-06, 2.280063745274674e-05, 4.0489940147381276e-05, 8.241810974141117e-06, 1.2138283636886626e-05, 7.59058184485184e-06], [-4.571703357214574e-06, 4.0489940147381276e-05, 0.00010943113011308014, 3.1517665775027126e-05, 3.9812592149246484e-05, 2.7728978238883428e-05], [2.8434644150365784e-07, 8.241810974141117e-06, 3.1517665775027126e-05, 3.511831891955808e-05, 3.30625734932255e-05, 2.6389101549284533e-05], [-1.1281874776614131e-06, 1.2138283636886626e-05, 3.9812592149246484e-05, 3.30625734932255e-05, 6.682051025563851e-05, 4.960605292581022e-05], [-1.562171974001103e-06, 7.59058184485184e-06, 2.7728978238883428e-05, 2.6389101549284533e-05, 4.960605292581022e-05, 4.9317335651721805e-05]]</COVARIANCE_MATRIX>
		<ROI_SIZE>293</ROI_SIZE>
		<MAX_VALUE>[0.09831840544939041, 0.1008254736661911, 0.08773083984851837, 0.06641031056642532, 0.047089334577322006, 0.04418250173330307]</MAX_VALUE>
		<MIN_VALUE>[0.08533668518066406, 0.0814649686217308, 0.0453004352748394, 0.02152826264500618, 0.0024315721821039915, 0.0]</MIN_VALUE>
		<SIGNATURE_THRESHOLD_MD>0.0</SIGNATURE_THRESHOLD_MD>
		<SIGNATURE_THRESHOLD_ML>0.0</SIGNATURE_THRESHOLD_ML>
		<SIGNATURE_THRESHOLD_SAM>0.0</SIGNATURE_THRESHOLD_SAM>
	</signature>
	<signature ID="20210521_150605287448_950">
		<MACROCLASSID>1</MACROCLASSID>
		<MACROCLASSINFO>waterbody</MACROCLASSINFO>
		<CLASSID>15</CLASSID>
		<CLASSINFO>C 1</CLASSINFO>
		<VALUES>[0.1116347344996372, 0.004226009136608442, 0.12516309194407355, 0.006804737947122591, 0.09475896583940334, 0.005045023284587597, 0.03922991977811277, 0.009084613735021476, 0.014591554806892813, 0.010414293866862767, 0.010117952083676754, 0.008275633922444011]</VALUES>
		<LCS_MIN>[0.09090027958154678, 0.0930812656879425, 0.06814757734537125, 0.025608446449041367, 0.0, 0.0]</LCS_MIN>
		<LCS_MAX>[0.12057279795408249, 0.1356744021177292, 0.11057798564434052, 0.07049049437046051, 0.05234318599104881, 0.04418250173330307]</LCS_MAX>
		<WAVELENGTH>[0.485, 0.56, 0.66, 0.83, 1.65, 2.215]</WAVELENGTH>
		<MEAN_VALUE>[0.1116347344996372, 0.12516309194407355, 0.09475896583940334, 0.03922991977811277, 0.014591554806892813, 0.010117952083676754]</MEAN_VALUE>
		<CHECKBOX>2</CHECKBOX>
		<SD>[0.004226009136608442, 0.006804737947122591, 0.005045023284587597, 0.009084613735021476, 0.010414293866862767, 0.008275633922444011]</SD>
		<WAVELENGTH_UNIT>E-6m</WAVELENGTH_UNIT>
		<COLOR>#c3c999</COLOR>
		<COVARIANCE_MATRIX>[[1.7880238374345936e-05, 2.3571930796606466e-05, 1.5454328604391776e-05, -2.3082709958544e-05, -2.231380858574994e-05, -1.382047230436001e-05], [2.3571930796606466e-05, 4.635912773665041e-05, 2.669215427886229e-05, -4.3086074583698064e-05, -4.1803614294622093e-05, -2.55020222539315e-05], [1.5454328604391776e-05, 2.669215427886229e-05, 2.5482309865765274e-05, -1.8930251826532185e-05, -1.5783873095642775e-05, -6.374696567945648e-06], [-2.3082709958544e-05, -4.3086074583698064e-05, -1.8930251826532185e-05, 8.262764458777383e-05, 7.926629768917337e-05, 5.595967377303168e-05], [-2.231380858574994e-05, -4.1803614294622093e-05, -1.5783873095642775e-05, 7.926629768917337e-05, 0.00010858556925086305, 7.367485522991046e-05], [-1.382047230436001e-05, -2.55020222539315e-05, -6.374696567945648e-06, 5.595967377303168e-05, 7.367485522991046e-05, 6.856697291368619e-05]]</COVARIANCE_MATRIX>
		<ROI_SIZE>848</ROI_SIZE>
		<MAX_VALUE>[0.12057279795408249, 0.1356744021177292, 0.11057798564434052, 0.07049049437046051, 0.05234318599104881, 0.04418250173330307]</MAX_VALUE>
		<MIN_VALUE>[0.09090027958154678, 0.0930812656879425, 0.06814757734537125, 0.025608446449041367, 0.0, 0.0]</MIN_VALUE>
		<SIGNATURE_THRESHOLD_MD>0.0</SIGNATURE_THRESHOLD_MD>
		<SIGNATURE_THRESHOLD_ML>0.0</SIGNATURE_THRESHOLD_ML>
		<SIGNATURE_THRESHOLD_SAM>0.0</SIGNATURE_THRESHOLD_SAM>
	</signature>
	<signature ID="20210521_150609035950_801">
		<MACROCLASSID>1</MACROCLASSID>
		<MACROCLASSINFO>waterbody</MACROCLASSINFO>
		<CLASSID>16</CLASSID>
		<CLASSINFO>C 1</CLASSINFO>
		<VALUES>[0.08393912879233387, 0.0023031928473827823, 0.076999038098394, 0.0032414313357442366, 0.04963102467713303, 0.003899428420997575, 0.029625358449970232, 0.006997456886052667, 0.01046274022610044, 0.007262267183726953, 0.007009587002306164, 0.0056132895361870674]</VALUES>
		<LCS_MIN>[0.0705004334449768, 0.050488151609897614, 0.03224492073059082, 0.013367894105613232, 0.0, 0.0]</LCS_MIN>
		<LCS_MAX>[0.09090027958154678, 0.0892091616988182, 0.07793921232223511, 0.06233011558651924, 0.044462401419878006, 0.04418250173330307]</LCS_MAX>
		<WAVELENGTH>[0.485, 0.56, 0.66, 0.83, 1.65, 2.215]</WAVELENGTH>
		<MEAN_VALUE>[0.08393912879233387, 0.076999038098394, 0.04963102467713303, 0.029625358449970232, 0.01046274022610044, 0.007009587002306164]</MEAN_VALUE>
		<CHECKBOX>2</CHECKBOX>
		<SD>[0.0023031928473827823, 0.0032414313357442366, 0.003899428420997575, 0.006997456886052667, 0.007262267183726953, 0.0056132895361870674]</SD>
		<WAVELENGTH_UNIT>E-6m</WAVELENGTH_UNIT>
		<COLOR>#757b71</COLOR>
