<?xml version="1.0" ?>
<signaturelist MCID_LIST="[['1', 'waterbody', '#0000ff'], ['2', 'vegetation', '#00ff00'], ['3', 'bareland', '#ffaa00'], ['4', 'built-up', '#ff0000']]">
	<signature ID="20210204_145448447405_816">
		<MACROCLASSID>1</MACROCLASSID>
		<MACROCLASSINFO>waterbody</MACROCLASSINFO>
		<CLASSID>1</CLASSID>
		<CLASSINFO>C 1</CLASSINFO>
		<VALUES>[0.08961732805052527, 0.0029496402507200796, 0.08965978528451016, 0.004087342003831214, 0.0640694683767647, 0.00547075297796211, 0.03130938655917921, 0.009078268783782957, 0.005541380009143456, 0.005851825839029226, 0.0038683077087938054, 0.004552865099806689]</VALUES>
		<LCS_MIN>[0.07606402784585953, 0.06210445985198021, 0.0453004352748394, 0.017448078840970993, 0.0, 0.0]</LCS_MIN>
		<LCS_MAX>[0.10388199985027313, 0.1046975776553154, 0.10078635066747665, 0.12353289872407913, 0.09437402337789536, 0.07059001922607422]</LCS_MAX>
		<WAVELENGTH>[0.485, 0.56, 0.66, 0.83, 1.65, 2.215]</WAVELENGTH>
		<MEAN_VALUE>[0.08961732805052527, 0.08965978528451016, 0.0640694683767647, 0.03130938655917921, 0.005541380009143456, 0.0038683077087938054]</MEAN_VALUE>
		<CHECKBOX>2</CHECKBOX>
		<SD>[0.0029496402507200796, 0.004087342003831214, 0.00547075297796211, 0.009078268783782957, 0.005851825839029226, 0.004552865099806689]</SD>
		<WAVELENGTH_UNIT>E-6m</WAVELENGTH_UNIT>
		<COLOR>#7bbdea</COLOR>
		<COVARIANCE_MATRIX>[[9.284034581946457e-06, 7.198695998286288e-06, 6.115500163878539e-06, -1.636388067294396e-06, -6.840398505478474e-07, -4.2710757910331655e-07], [7.198695998286288e-06, 1.7723599807644135e-05, 1.3298609101947457e-05, -3.4451410136445487e-06, -4.179371142762624e-06, -2.6637377285204353e-06], [6.115500163878539e-06, 1.3298609101947457e-05, 2.7778991970141737e-05, 1.8923249645307303e-05, 7.223749346032158e-06, 5.222181245530056e-06], [-1.636388067294396e-06, -3.4451410136445487e-06, 1.8923249645307303e-05, 6.82442263016646e-05, 3.948033332123134e-05, 2.6935588458264656e-05], [-6.840398505478474e-07, -4.179371142762624e-06, 7.223749346032158e-06, 3.948033332123134e-05, 3.5775082523313285e-05, 2.172246038551707e-05], [-4.2710757910331655e-07, -2.6637377285204353e-06, 5.222181245530056e-06, 2.6935588458264656e-05, 2.172246038551707e-05, 2.2356920641183223e-05]]</COVARIANCE_MATRIX>
		<ROI_SIZE>110176</ROI_SIZE>
		<MAX_VALUE>[0.10388199985027313, 0.1046975776553154, 0.10078635066747665, 0.12353289872407913, 0.09437402337789536, 0.07059001922607422]</MAX_VALUE>
		<MIN_VALUE>[0.07606402784585953, 0.06210445985198021, 0.0453004352748394, 0.017448078840970993, 0.0, 0.0]</MIN_VALUE>
		<SIGNATURE_THRESHOLD_MD>0</SIGNATURE_THRESHOLD_MD>
		<SIGNATURE_THRESHOLD_ML>0</SIGNATURE_THRESHOLD_ML>
		<SIGNATURE_THRESHOLD_SAM>0</SIGNATURE_THRESHOLD_SAM>
	</signature>
	<signature ID="20210204_145509014316_651">
		<MACROCLASSID>1</MACROCLASSID>
		<MACROCLASSINFO>waterbody</MACROCLASSINFO>
		<CLASSID>2</CLASSID>
		<CLASSINFO>C 1</CLASSINFO>
		<VALUES>[0.09248953533690597, 0.002391672765180515, 0.09298686487348234, 0.004086592981454674, 0.07051947849979039, 0.006279687044419396, 0.03333588499589715, 0.008045461569366794, 0.005251925001797445, 0.006525423756757738, 0.0036533647299457988, 0.005105035937967432]</VALUES>
		<LCS_MIN>[0.07977309077978134, 0.06210445985198021, 0.03877267986536026, 0.02152826264500618, 0.0, 0.0]</LCS_MIN>
		<LCS_MAX>[0.10759107023477554, 0.1085696741938591, 0.10405023396015167, 0.12353289872407913, 0.09437402337789536, 0.07813501358032227]</LCS_MAX>
		<WAVELENGTH>[0.485, 0.56, 0.66, 0.83, 1.65, 2.215]</WAVELENGTH>
		<MEAN_VALUE>[0.09248953533690597, 0.09298686487348234, 0.07051947849979039, 0.03333588499589715, 0.005251925001797445, 0.0036533647299457988]</MEAN_VALUE>
		<CHECKBOX>2</CHECKBOX>
		<SD>[0.002391672765180515, 0.004086592981454674, 0.006279687044419396, 0.008045461569366794, 0.006525423756757738, 0.005105035937967432]</SD>
		<WAVELENGTH_UNIT>E-6m</WAVELENGTH_UNIT>
		<COLOR>#9608f3</COLOR>
		<COVARIANCE_MATRIX>[[6.022996077498863e-06, 3.1847114557575858e-06, 4.782165853416472e-06, 3.302991500094905e-06, 2.1451037324342717e-06, 1.5271749185113214e-06], [3.1847114557575858e-06, 1.802846488601256e-05, 1.9682222014397906e-05, 5.996980234967137e-06, -2.005783129643016e-06, -1.4344461564296764e-06], [4.782165853416472e-06, 1.9682222014397906e-05, 4.131241908637939e-05, 2.5487373062230557e-05, 6.386189801489737e-06, 4.566137028905798e-06], [3.302991500094905e-06, 5.996980234967137e-06, 2.5487373062230557e-05, 5.758131909056995e-05, 3.659890673536715e-05, 2.584211615168337e-05], [2.1451037324342717e-06, -2.005783129643016e-06, 6.386189801489737e-06, 3.659890673536715e-05, 3.880445509760243e-05, 2.4562566706578955e-05], [1.5271749185113214e-06, -1.4344461564296764e-06, 4.566137028905798e-06, 2.584211615168337e-05, 2.4562566706578955e-05, 2.4460243135765982e-05]]</COVARIANCE_MATRIX>
		<ROI_SIZE>116250</ROI_SIZE>
		<MAX_VALUE>[0.10759107023477554, 0.1085696741938591, 0.10405023396015167, 0.12353289872407913, 0.09437402337789536, 0.07813501358032227]</MAX_VALUE>
		<MIN_VALUE>[0.07977309077978134, 0.06210445985198021, 0.03877267986536026, 0.02152826264500618, 0.0, 0.0]</MIN_VALUE>
		<SIGNATURE_THRESHOLD_MD>0</SIGNATURE_THRESHOLD_MD>
		<SIGNATURE_THRESHOLD_ML>0</SIGNATURE_THRESHOLD_ML>
		<SIGNATURE_THRESHOLD_SAM>0</SIGNATURE_THRESHOLD_SAM>
	</signature>
	<signature ID="20210204_145527680503_313">
		<MACROCLASSID>1</MACROCLASSID>
		<MACROCLASSINFO>waterbody</MACROCLASSINFO>
		<CLASSID>3</CLASSID>
		<CLASSINFO>C 1</CLASSINFO>
		<VALUES>[0.08591863560938871, 0.006550881768622509, 0.07269750845407222, 0.011810653091586869, 0.051110022470242975, 0.009553197218574533, 0.03358565563272588, 0.011514620370196004, 0.00889345313896486, 0.011046136081454171, 0.006304998264202337, 0.008742540864525201]</VALUES>
		<LCS_MIN>[0.0686459094285965, 0.046616051346063614, 0.03224492073059082, 0.017448078840970993, 0.0, 0.0]</LCS_MIN>
		<LCS_MAX>[0.10573653131723404, 0.1046975776553154, 0.09099473804235458, 0.1031319722533226, 0.07335860282182693, 0.0668175220489502]</LCS_MAX>
		<WAVELENGTH>[0.485, 0.56, 0.66, 0.83, 1.65, 2.215]</WAVELENGTH>
		<MEAN_VALUE>[0.08591863560938871, 0.07269750845407222, 0.051110022470242975, 0.03358565563272588, 0.00889345313896486, 0.006304998264202337]</MEAN_VALUE>
		<CHECKBOX>2</CHECKBOX>
		<SD>[0.006550881768622509, 0.011810653091586869, 0.009553197218574533, 0.011514620370196004, 0.011046136081454171, 0.008742540864525201]</SD>
		<WAVELENGTH_UNIT>E-6m</WAVELENGTH_UNIT>
		<COLOR>#33f0fe</COLOR>
		<COVARIANCE_MATRIX>[[4.679941179284068e-05, 7.728931760076976e-05, 6.10714126561817e-05, -4.900984149667264e-06, -1.2243732200896658e-06, 2.18620360924626e-07], [7.728931760076976e-05, 0.00014931264303908435, 0.00011216485704824892, -1.342349663695176e-05, -8.190400059040872e-06, -3.7165978264320923e-06], [6.10714126561817e-05, 0.00011216485704824892, 9.844727586849332e-05, 1.5606006442843017e-05, 1.64484931912643e-05, 1.4259831833690876e-05], [-4.900984149667264e-06, -1.342349663695176e-05, 1.5606006442843017e-05, 0.00013991271995716486, 0.00011067222901474334, 7.953180194659642e-05], [-1.2243732200896658e-06, -8.190400059040872e-06, 1.64484931912643e-05, 0.00011067222901474334, 0.00011239409073923391, 7.847155521966522e-05], [2.18620360924626e-07, -3.7165978264320923e-06, 1.4259831833690876e-05, 7.953180194659642e-05, 7.847155521966522e-05, 6.70657661689454e-05]]</COVARIANCE_MATRIX>
		<ROI_SIZE>28245</ROI_SIZE>
		<MAX_VALUE>[0.10573653131723404, 0.1046975776553154, 0.09099473804235458, 0.1031319722533226, 0.07335860282182693, 0.0668175220489502]</MAX_VALUE>
		<MIN_VALUE>[0.0686459094285965, 0.046616051346063614, 0.03224492073059082, 0.017448078840970993, 0.0, 0.0]</MIN_VALUE>
		<SIGNATURE_THRESHOLD_MD>0</SIGNATURE_THRESHOLD_MD>
		<SIGNATURE_THRESHOLD_ML>0</SIGNATURE_THRESHOLD_ML>
		<SIGNATURE_THRESHOLD_SAM>0</SIGNATURE_THRESHOLD_SAM>
	</signature>
	<signature ID="20210204_145554924871_281">
		<MACROCLASSID>1</MACROCLASSID>
		<MACROCLASSINFO>waterbody</MACROCLASSINFO>
		<CLASSID>4</CLASSID>
		<CLASSINFO>C 1</CLASSINFO>
		<VALUES>[0.07756613132420527, 0.0024420225903479817, 0.04887542066939491, 0.00301874536896247, 0.030444957787934424, 0.00317835499585924, 0.02181534169375631, 0.0046284473127008174, 0.006336147933833545, 0.004558567343196158, 0.0047492444214624185, 0.004217937534612639]</VALUES>
		<LCS_MIN>[0.0686459094285965, 0.04274394363164902, 0.012661658227443695, 0.013367894105613232, 0.0, 0.0]</LCS_MIN>
		<LCS_MAX>[0.1502452939748764, 0.0930812656879425, 0.11057798564434052, 0.11129235476255417, 0.09700094908475876, 0.08190752565860748]</LCS_MAX>
		<WAVELENGTH>[0.485, 0.56, 0.66, 0.83, 1.65, 2.215]</WAVELENGTH>
		<MEAN_VALUE>[0.07756613132420527, 0.04887542066939491, 0.030444957787934424, 0.02181534169375631, 0.006336147933833545, 0.0047492444214624185]</MEAN_VALUE>
		<CHECKBOX>2</CHECKBOX>
		<SD>[0.0024420225903479817, 0.00301874536896247, 0.00317835499585924, 0.0046284473127008174, 0.004558567343196158, 0.004217937534612639]</SD>
		<WAVELENGTH_UNIT>E-6m</WAVELENGTH_UNIT>
		<COLOR>#c8a25f</COLOR>
		<COVARIANCE_MATRIX>[[5.354593011999021e-06, 2.851215175844451e-06, 2.966582059960365e-06, 3.9181253188665735e-06, 3.1486918421494914e-06, 2.5413465613358553e-06], [2.851215175844451e-06, 9.714691369180627e-06, 6.109880220503027e-06, 9.295073730407206e-06, 7.956885349745956e-06, 6.253327863547709e-06], [2.966582059960365e-06, 6.109880220503027e-06, 1.1199395215623232e-05, 1.2305437807409131e-05, 1.0876441467653956e-05, 8.50484679962259e-06], [3.9181253188665735e-06, 9.295073730407206e-06, 1.2305437807409131e-05, 2.7575667656837436e-05, 2.1178039151622834e-05, 1.5723419276324676e-05], [3.1486918421494914e-06, 7.956885349745956e-06, 1.0876441467653956e-05, 2.1178039151622834e-05, 2.59276860645581e-05, 1.6215399924878044e-05], [2.5413465613358553e-06, 6.253327863547709e-06, 8.50484679962259e-06, 1.5723419276324676e-05, 1.6215399924878044e-05, 2.057476957703442e-05]]</COVARIANCE_MATRIX>
		<ROI_SIZE>103443</ROI_SIZE>
		<MAX_VALUE>[0.1502452939748764, 0.0930812656879425, 0.11057798564434052, 0.11129235476255417, 0.09700094908475876, 0.08190752565860748]</MAX_VALUE>
		<MIN_VALUE>[0.0686459094285965, 0.04274394363164902, 0.012661658227443695, 0.013367894105613232, 0.0, 0.0]</MIN_VALUE>
		<SIGNATURE_THRESHOLD_MD>0</SIGNATURE_THRESHOLD_MD>
		<SIGNATURE_THRESHOLD_ML>0</SIGNATURE_THRESHOLD_ML>
		<SIGNATURE_THRESHOLD_SAM>0</SIGNATURE_THRESHOLD_SAM>
	</signature>
	<signature ID="20210204_145620303749_476">
		<MACROCLASSID>1</MACROCLASSID>
		<MACROCLASSINFO>waterbody</MACROCLASSINFO>
		<CLASSID>5</CLASSID>
		<CLASSINFO>C 1</CLASSINFO>
		<VALUES>[0.08312650838951831, 0.002712312363673302, 0.0721793476049119, 0.0031837947765177526, 0.043544642414922674, 0.004584776823930995, 0.029422871156845668, 0.009724924340442427, 0.006534351151352351, 0.006916353960644113, 0.004101610240559269, 0.005159882849427571]</VALUES>
		<LCS_MIN>[0.07606402784585953, 0.06210445985198021, 0.03550880402326584, 0.009287707507610321, 0.0, 0.0]</LCS_MIN>
		<LCS_MAX>[0.0964638739824295, 0.0930812656879425, 0.08446696400642395, 0.09905178844928741, 0.07335860282182693, 0.055500004440546036]</LCS_MAX>
		<WAVELENGTH>[0.485, 0.56, 0.66, 0.83, 1.65, 2.215]</WAVELENGTH>
		<MEAN_VALUE>[0.08312650838951831, 0.0721793476049119, 0.043544642414922674, 0.029422871156845668, 0.006534351151352351, 0.004101610240559269]</MEAN_VALUE>
		<CHECKBOX>2</CHECKBOX>
		<SD>[0.002712312363673302, 0.0031837947765177526, 0.004584776823930995, 0.009724924340442427, 0.006916353960644113, 0.005159882849427571]</SD>
		<WAVELENGTH_UNIT>E-6m</WAVELENGTH_UNIT>
		<COLOR>#c03aef</COLOR>
		<COVARIANCE_MATRIX>[[8.548005274271668e-06, 5.858339302414774e-06, 8.200685666768044e-06, 1.027677825716506e-05, 6.171194515178047e-06, 4.012850134556244e-06], [5.858339302414774e-06, 1.2981165444456878e-05, 1.1322209036778653e-05, 1.4556175838968155e-05, 7.832687926654962e-06, 5.251356865100651e-06], [8.200685666768044e-06, 1.1322209036778653e-05, 2.4118371208861283e-05, 3.3966680385323046e-05, 2.1432616180098306e-05, 1.4232398046782286e-05], [1.027677825716506e-05, 1.4556175838968155e-05, 3.3966680385323046e-05, 8.882906299904265e-05, 5.279548573064508e-05, 3.403203342577626e-05], [6.171194515178047e-06, 7.832687926654962e-06, 2.1432616180098306e-05, 5.279548573064508e-05, 4.5422007304747966e-05, 2.6988541731463863e-05], [4.012850134556244e-06, 5.251356865100651e-06, 1.4232398046782286e-05, 3.403203342577626e-05, 2.6988541731463863e-05, 2.5477131879563636e-05]]</COVARIANCE_MATRIX>
		<ROI_SIZE>33149</ROI_SIZE>
		<MAX_VALUE>[0.0964638739824295, 0.0930812656879425, 0.08446696400642395, 0.09905178844928741, 0.07335860282182693, 0.055500004440546036]</MAX_VALUE>
		<MIN_VALUE>[0.07606402784585953, 0.06210445985198021, 0.03550880402326584, 0.009287707507610321, 0.0, 0.0]</MIN_VALUE>
		<SIGNATURE_THRESHOLD_MD>0</SIGNATURE_THRESHOLD_MD>
		<SIGNATURE_THRESHOLD_ML>0</SIGNATURE_THRESHOLD_ML>
		<SIGNATURE_THRESHOLD_SAM>0</SIGNATURE_THRESHOLD_SAM>
	</signature>
	<signature ID="20210204_145634293581_925">
		<MACROCLASSID>1</MACROCLASSID>
		<MACROCLASSINFO>waterbody</MACROCLASSINFO>
		<CLASSID>6</CLASSID>
		<CLASSINFO>C 1</CLASSINFO>
		<VALUES>[0.09029514757173873, 0.00256922955073121, 0.09088006254373109, 0.004567679503533961, 0.06108536983382533, 0.004627697657389379, 0.02855453740366563, 0.008016943512918862, 0.005435406133089791, 0.006451494670493, 0.0036871907818207075, 0.005143497068790042]</VALUES>
		<LCS_MIN>[0.07606402784585953, 0.05823235958814621, 0.03550880402326584, 0.017448078840970993, 0.0, 0.0]</LCS_MIN>
		<LCS_MAX>[0.10202746093273163, 0.1008254736661911, 0.08773083984851837, 0.09497160464525223, 0.07073167711496353, 0.07059001922607422]</LCS_MAX>
		<WAVELENGTH>[0.485, 0.56, 0.66, 0.83, 1.65, 2.215]</WAVELENGTH>
		<MEAN_VALUE>[0.09029514757173873, 0.09088006254373109, 0.06108536983382533, 0.02855453740366563, 0.005435406133089791, 0.0036871907818207075]</MEAN_VALUE>
		<CHECKBOX>2</CHECKBOX>
		<SD>[0.00256922955073121, 0.004567679503533961, 0.004627697657389379, 0.008016943512918862, 0.006451494670493, 0.005143497068790042]</SD>
		<WAVELENGTH_UNIT>E-6m</WAVELENGTH_UNIT>
		<COLOR>#1fd72f</COLOR>
		<COVARIANCE_MATRIX>[[8.026298340135546e-06, 9.191930991284447e-06, 6.920220719357154e-06, -3.432768076360811e-06, -3.208410054733229e-06, -2.0929485027149063e-06], [9.191930991284447e-06, 2.8505141416311592e-05, 1.613404823171679e-05, -1.6810226683068685e-05, -1.3550391422461054e-05, -8.897282121402044e-06], [6.920220719357154e-06, 1.613404823171679e-05, 2.717895788999845e-05, 1.0829424308383865e-05, 2.5626353972111876e-06, 2.0495948958258877e-06], [-3.432768076360811e-06, -1.6810226683068685e-05, 1.0829424308383865e-05, 7.35299653234391e-05, 4.457798734550513e-05, 3.0478668704258567e-05], [-3.208410054733229e-06, -1.3550391422461054e-05, 2.5626353972111876e-06, 4.457798734550513e-05, 4.1314373338102706e-05, 2.555770164424544e-05], [-2.0929485027149063e-06, -8.897282121402044e-06, 2.0495948958258877e-06, 3.0478668704258567e-05, 2.555770164424544e-05, 2.500848230821799e-05]]</COVARIANCE_MATRIX>
		<ROI_SIZE>41640</ROI_SIZE>
		<MAX_VALUE>[0.10202746093273163, 0.1008254736661911, 0.08773083984851837, 0.09497160464525223, 0.07073167711496353, 0.07059001922607422]</MAX_VALUE>
		<MIN_VALUE>[0.07606402784585953, 0.05823235958814621, 0.03550880402326584, 0.017448078840970993, 0.0, 0.0]</MIN_VALUE>
		<SIGNATURE_THRESHOLD_MD>0</SIGNATURE_THRESHOLD_MD>
		<SIGNATURE_THRESHOLD_ML>0</SIGNATURE_THRESHOLD_ML>
		<SIGNATURE_THRESHOLD_SAM>0</SIGNATURE_THRESHOLD_SAM>
	</signature>
	<signature ID="20210204_145642911808_833">
		<MACROCLASSID>1</MACROCLASSID>
		<MACROCLASSINFO>waterbody</MACROCLASSINFO>
		<CLASSID>7</CLASSID>
		<CLASSINFO>C 1</CLASSINFO>
		<VALUES>[0.09483495002894361, 0.002985743263769307, 0.07851813101815974, 0.004439207736508637, 0.051086077308801596, 0.006811465832630834, 0.041548061131308836, 0.012577629297788637, 0.01262802795498921, 0.01053594683676259, 0.00806209359521682, 0.008305072187010798]</VALUES>
		<LCS_MIN>[0.08719121664762497, 0.06984864920377731, 0.03877267986536026, 0.02152826264500618, 0.0, 0.0]</LCS_MIN>
		<LCS_MAX>[0.11315466463565826, 0.1085696741938591, 0.08773083984851837, 0.1031319722533226, 0.07335860282182693, 0.07059001922607422]</LCS_MAX>
		<WAVELENGTH>[0.485, 0.56, 0.66, 0.83, 1.65, 2.215]</WAVELENGTH>
		<MEAN_VALUE>[0.09483495002894361, 0.07851813101815974, 0.051086077308801596, 0.041548061131308836, 0.01262802795498921, 0.00806209359521682]</MEAN_VALUE>
		<CHECKBOX>2</CHECKBOX>
		<SD>[0.002985743263769307, 0.004439207736508637, 0.006811465832630834, 0.012577629297788637, 0.01053594683676259, 0.008305072187010798]</SD>
		<WAVELENGTH_UNIT>E-6m</WAVELENGTH_UNIT>
		<COLOR>#b90f75</COLOR>
		<COVARIANCE_MATRIX>[[8.921122737750535e-06, 8.491482470772603e-06, 1.3045446658748253e-05, 1.878928482201436e-05, 1.4794340822112975e-05, 1.0523439463484123e-05], [8.491482470772603e-06, 1.9720845447680998e-05, 2.474526293477839e-05, 3.6919323274640195e-05, 2.9351331402901877e-05, 2.152434370974924e-05], [1.3045446658748253e-05, 2.474526293477839e-05, 4.6429687127350284e-05, 6.973853621885525e-05, 5.5037568025778616e-05, 4.1129636147033487e-05], [1.878928482201436e-05, 3.6919323274640195e-05, 6.973853621885525e-05, 0.0001583113940850204, 0.00011754607702638956, 8.611432566389477e-05], [1.4794340822112975e-05, 2.9351331402901877e-05, 5.5037568025778616e-05, 0.00011754607702638956, 0.00011108661500487542, 7.826467592134284e-05], [1.0523439463484123e-05, 2.152434370974924e-05, 4.1129636147033487e-05, 8.611432566389477e-05, 7.826467592134284e-05, 6.902420535322231e-05]]</COVARIANCE_MATRIX>
		<ROI_SIZE>1381</ROI_SIZE>
		<MAX_VALUE>[0.11315466463565826, 0.1085696741938591, 0.08773083984851837, 0.1031319722533226, 0.07335860282182693, 0.07059001922607422]</MAX_VALUE>
		<MIN_VALUE>[0.08719121664762497, 0.06984864920377731, 0.03877267986536026, 0.02152826264500618, 0.0, 0.0]</MIN_VALUE>
		<SIGNATURE_THRESHOLD_MD>0</SIGNATURE_THRESHOLD_MD>
		<SIGNATURE_THRESHOLD_ML>0</SIGNATURE_THRESHOLD_ML>
		<SIGNATURE_THRESHOLD_SAM>0</SIGNATURE_THRESHOLD_SAM>
	</signature>
	<signature ID="20210204_145650809620_815">
		<MACROCLASSID>1</MACROCLASSID>
		<MACROCLASSINFO>waterbody</MACROCLASSINFO>
		<CLASSID>8</CLASSID>
		<CLASSINFO>C 1</CLASSINFO>
		<VALUES>[0.08510141729054728, 0.004370612268966612, 0.06685373568756683, 0.0052578299496355155, 0.04442373063041562, 0.004909372016719666, 0.03826362824603961, 0.016908023696080514, 0.016107400746799064, 0.016342123723436866, 0.010039557879308422, 0.010812507270670076]</VALUES>
		<LCS_MIN>[0.0705004334449768, 0.04274394363164902, 0.0289810448884964, 0.02152826264500618, 0.0, 0.0]</LCS_MIN>
		<LCS_MAX>[0.0964638739824295, 0.1279301792383194, 0.07467532902956009, 0.09905178844928741, 0.07598552852869034, 0.0668175220489502]</LCS_MAX>
		<WAVELENGTH>[0.485, 0.56, 0.66, 0.83, 1.65, 2.215]</WAVELENGTH>
		<MEAN_VALUE>[0.08510141729054728, 0.06685373568756683, 0.04442373063041562, 0.03826362824603961, 0.016107400746799064, 0.010039557879308422]</MEAN_VALUE>
		<CHECKBOX>2</CHECKBOX>
		<SD>[0.004370612268966612, 0.0052578299496355155, 0.004909372016719666, 0.016908023696080514, 0.016342123723436866, 0.010812507270670076]</SD>
		<WAVELENGTH_UNIT>E-6m</WAVELENGTH_UNIT>
		<COLOR>#08afdf</COLOR>
		<COVARIANCE_MATRIX>[[2.052883068684276e-05, 1.7854310871645218e-05, 1.3195194862553944e-05, -1.1050127696721252e-05, -1.510297302682458e-05, -6.722776909993042e-06], [1.7854310871645218e-05, 2.9647014421637356e-05, 1.9737288863523295e-05, -1.534895394626896e-05, -1.6765251576807654e-05, -5.291593048262774e-06], [1.3195194862553944e-05, 1.9737288863523295e-05, 3.447578874069658e-05, 3.717000975202809e-05, 3.559748571535968e-05, 2.890860562133232e-05], [-1.1050127696721252e-05, -1.534895394626896e-05, 3.717000975202809e-05, 0.0002973152994591121, 0.000259905357754279, 0.00015837571884253851], [-1.510297302682458e-05, -1.6765251576807654e-05, 3.559748571535968e-05, 0.000259905357754279, 0.0002826839600869963, 0.00017512552731352286], [-6.722776909993042e-06, -5.291593048262774e-06, 2.890860562133232e-05, 0.00015837571884253851, 0.00017512552731352286, 0.0001265008602955149]]</COVARIANCE_MATRIX>
		<ROI_SIZE>4146</ROI_SIZE>
		<MAX_VALUE>[0.0964638739824295, 0.1279301792383194, 0.07467532902956009, 0.09905178844928741, 0.07598552852869034, 0.0668175220489502]</MAX_VALUE>
		<MIN_VALUE>[0.0705004334449768, 0.04274394363164902, 0.0289810448884964, 0.02152826264500618, 0.0, 0.0]</MIN_VALUE>
		<SIGNATURE_THRESHOLD_MD>0</SIGNATURE_THRESHOLD_MD>
		<SIGNATURE_THRESHOLD_ML>0</SIGNATURE_THRESHOLD_ML>
		<SIGNATURE_THRESHOLD_SAM>0</SIGNATURE_THRESHOLD_SAM>
	</signature>
	<signature ID="20210204_145705492063_506">
		<MACROCLASSID>1</MACROCLASSID>
		<MACROCLASSINFO>waterbody</MACROCLASSINFO>
		<CLASSID>9</CLASSID>
		<CLASSINFO>C 1</CLASSINFO>
		<VALUES>[0.10023744285106652, 0.004523723925828766, 0.10303425547869302, 0.008582506100416809, 0.0826902821530467, 0.007834038371684759, 0.047407285959824234, 0.01816564794448177, 0.022570162955266607, 0.017945753279757833, 0.015489251796642073, 0.013086427175066676]</VALUES>
		<LCS_MIN>[0.07606402784585953, 0.05823235958814621, 0.03877267986536026, 0.025608446449041367, 0.0, 0.0]</LCS_MIN>
		<LCS_MAX>[0.11315466463565826, 0.1163138821721077, 0.1073141023516655, 0.10721217095851898, 0.08123938739299774, 0.0668175220489502]</LCS_MAX>
		<WAVELENGTH>[0.485, 0.56, 0.66, 0.83, 1.65, 2.215]</WAVELENGTH>
		<MEAN_VALUE>[0.10023744285106652, 0.10303425547869302, 0.0826902821530467, 0.047407285959824234, 0.022570162955266607, 0.015489251796642073]</MEAN_VALUE>
		<CHECKBOX>2</CHECKBOX>
		<SD>[0.004523723925828766, 0.008582506100416809, 0.007834038371684759, 0.01816564794448177, 0.017945753279757833, 0.013086427175066676]</SD>
		<WAVELENGTH_UNIT>E-6m</WAVELENGTH_UNIT>
		<COLOR>#6c250e</COLOR>
		<COVARIANCE_MATRIX>[[2.0499729861222103e-05, 3.19838203302019e-05, 2.998945222389278e-05, -3.663259384442993e-05, -2.3399124911936874e-05, -5.9742474577669206e-06], [3.19838203302019e-05, 7.378773746362838e-05, 5.954743797527092e-05, -9.802401994160446e-05, -7.397572804602129e-05, -3.3993574935646256e-05], [2.998945222389278e-05, 5.954743797527092e-05, 6.147907734353975e-05, -5.240497745044626e-05, -2.8192507739503515e-05, -2.988530325519349e-07], [-3.663259384442993e-05, -9.802401994160446e-05, -5.240497745044626e-05, 0.0003305656620464134, 0.0002889959493171066, 0.0001912141703465904], [-2.3399124911936874e-05, -7.397572804602129e-05, -2.8192507739503515e-05, 0.0002889959493171066, 0.0003226111236015935, 0.00021710558569047595], [-5.9742474577669206e-06, -3.3993574935646256e-05, -2.988530325519349e-07, 0.0001912141703465904, 0.00021710558569047595, 0.00017155292912854735]]</COVARIANCE_MATRIX>
		<ROI_SIZE>575</ROI_SIZE>
		<MAX_VALUE>[0.11315466463565826, 0.1163138821721077, 0.1073141023516655, 0.10721217095851898, 0.08123938739299774, 0.0668175220489502]</MAX_VALUE>
		<MIN_VALUE>[0.07606402784585953, 0.05823235958814621, 0.03877267986536026, 0.025608446449041367, 0.0, 0.0]</MIN_VALUE>
		<SIGNATURE_THRESHOLD_MD>0</SIGNATURE_THRESHOLD_MD>
		<SIGNATURE_THRESHOLD_ML>0</SIGNATURE_THRESHOLD_ML>
		<SIGNATURE_THRESHOLD_SAM>0</SIGNATURE_THRESHOLD_SAM>
	</signature>
	<signature ID="20210204_145712067682_412">
		<MACROCLASSID>1</MACROCLASSID>
		<MACROCLASSINFO>waterbody</MACROCLASSINFO>
		<CLASSID>10</CLASSID>
		<CLASSINFO>C 1</CLASSINFO>
		<VALUES>[0.10122383824653096, 0.003188859140848197, 0.11863714440001386, 0.00836071336111414, 0.09153871196839548, 0.005038790530720789, 0.057025878338350176, 0.018553256027924306, 0.03045212701997823, 0.021011767177884753, 0.02059548144332237, 0.015078965048775565]</VALUES>
		<LCS_MIN>[0.08904574066400528, 0.0892091616988182, 0.07467532902956009, 0.03784900903701782, 0.007685425691306591, 0.0]</LCS_MIN>
		<LCS_MAX>[0.10759107023477554, 0.1279301792383194, 0.1073141023516655, 0.11129235476255417, 0.07598552852869034, 0.059272509068250656]</LCS_MAX>
		<WAVELENGTH>[0.485, 0.56, 0.66, 0.83, 1.65, 2.215]</WAVELENGTH>
		<MEAN_VALUE>[0.10122383824653096, 0.11863714440001386, 0.09153871196839548, 0.057025878338350176, 0.03045212701997823, 0.02059548144332237]</MEAN_VALUE>
		<CHECKBOX>2</CHECKBOX>
		<SD>[0.003188859140848197, 0.00836071336111414, 0.005038790530720789, 0.018553256027924306, 0.021011767177884753, 0.015078965048775565]</SD>
		<WAVELENGTH_UNIT>E-6m</WAVELENGTH_UNIT>
		<COLOR>#ffcb43</COLOR>
		<COVARIANCE_MATRIX>[[1.0283079054105652e-05, 1.8670433425027828e-05, 9.35149908072441e-06, -2.403531519007151e-05, -2.5398625147767208e-05, -1.3541641818546002e-05], [1.8670433425027828e-05, 7.068693833263096e-05, 2.655416694314589e-05, -0.00011818994998871042, -0.00012560374395692925, -7.497373778800918e-05], [9.35149908072441e-06, 2.655416694314589e-05, 2.5674684282284673e-05, -1.1746155637371865e-05, -9.826415981661259e-06, 5.227474234810677e-06], [-2.403531519007151e-05, -0.00011818994998871042, -1.1746155637371865e-05, 0.0003480909868695935, 0.0003658690134959994, 0.00025142456761137705], [-2.5398625147767208e-05, -0.00012560374395692925, -9.826415981661259e-06, 0.0003658690134959994, 0.00044645497072345105, 0.00029854126089873446], [-1.3541641818546002e-05, -7.497373778800918e-05, 5.227474234810677e-06, 0.00025142456761137705, 0.00029854126089873446, 0.0002299299643235681]]</COVARIANCE_MATRIX>
		<ROI_SIZE>90</ROI_SIZE>
		<MAX_VALUE>[0.10759107023477554, 0.1279301792383194, 0.1073141023516655, 0.11129235476255417, 0.07598552852869034, 0.059272509068250656]</MAX_VALUE>
		<MIN_VALUE>[0.08904574066400528, 0.0892091616988182, 0.07467532902956009, 0.03784900903701782, 0.007685425691306591, 0.0]</MIN_VALUE>
		<SIGNATURE_THRESHOLD_MD>0</SIGNATURE_THRESHOLD_MD>
		<SIGNATURE_THRESHOLD_ML>0</SIGNATURE_THRESHOLD_ML>
		<SIGNATURE_THRESHOLD_SAM>0</SIGNATURE_THRESHOLD_SAM>
	</signature>
	<signature ID="20210204_145722322988_354">
		<MACROCLASSID>1</MACROCLASSID>
		<MACROCLASSINFO>waterbody</MACROCLASSINFO>
		<CLASSID>11</CLASSID>
		<CLASSINFO>C 1</CLASSINFO>
		<VALUES>[0.09339016061966064, 0.002834666128182714, 0.11068499074489978, 0.0037771572167971594, 0.08340923205293989, 0.005839087216901785, 0.06282125454809931, 0.017739273831433474, 0.03215657402243877, 0.02279680933826231, 0.023328941302477486, 0.016796452825366775]</VALUES>
		<LCS_MIN>[0.08719121664762497, 0.0930812656879425, 0.07793921232223511, 0.04192919284105301, 0.0, 0.0026849673595279455]</LCS_MIN>
		<LCS_MAX>[0.10388199985027313, 0.12405809015035629, 0.11057798564434052, 0.11129235476255417, 0.08912017941474915, 0.08190752565860748]</LCS_MAX>
		<WAVELENGTH>[0.485, 0.56, 0.66, 0.83, 1.65, 2.215]</WAVELENGTH>
		<MEAN_VALUE>[0.09339016061966064, 0.11068499074489978, 0.08340923205293989, 0.06282125454809931, 0.03215657402243877, 0.023328941302477486]</MEAN_VALUE>
		<CHECKBOX>2</CHECKBOX>
		<SD>[0.002834666128182714, 0.0037771572167971594, 0.005839087216901785, 0.017739273831433474, 0.02279680933826231, 0.016796452825366775]</SD>
		<WAVELENGTH_UNIT>E-6m</WAVELENGTH_UNIT>
		<COLOR>#c01b56</COLOR>
		<COVARIANCE_MATRIX>[[8.110428619558569e-06, 3.6768457289649407e-06, 1.2897388300729981e-05, 3.1154596175884586e-05, 3.9577135130066666e-05, 2.9065588260250187e-05], [3.6768457289649407e-06, 1.4400252309939366e-05, 6.86476266614636e-06, -6.511771854776098e-06, -1.4303725256613956e-05, -1.1994692681203605e-05], [1.2897388300729981e-05, 6.86476266614636e-06, 3.441358382122678e-05, 8.490827938138587e-05, 9.871830905227623e-05, 6.991105946205999e-05], [3.1154596175884586e-05, -6.511771854776098e-06, 8.490827938138587e-05, 0.0003176227878055206, 0.00036498494329435387, 0.0002609334357728176], [3.9577135130066666e-05, -1.4303725256613956e-05, 9.871830905227623e-05, 0.00036498494329435387, 0.0005245514740985888, 0.0003598831633745382], [2.9065588260250187e-05, -1.1994692681203605e-05, 6.991105946205999e-05, 0.0002609334357728176, 0.0003598831633745382, 0.0002847574707625731]]</COVARIANCE_MATRIX>
		<ROI_SIZE>108</ROI_SIZE>
		<MAX_VALUE>[0.10388199985027313, 0.12405809015035629, 0.11057798564434052, 0.11129235476255417, 0.08912017941474915, 0.08190752565860748]</MAX_VALUE>
		<MIN_VALUE>[0.08719121664762497, 0.0930812656879425, 0.07793921232223511, 0.04192919284105301, 0.0, 0.0026849673595279455]</MIN_VALUE>
		<SIGNATURE_THRESHOLD_MD>0</SIGNATURE_THRESHOLD_MD>
		<SIGNATURE_THRESHOLD_ML>0</SIGNATURE_THRESHOLD_ML>
		<SIGNATURE_THRESHOLD_SAM>0</SIGNATURE_THRESHOLD_SAM>
	</signature>
	<signature ID="20210204_145729631961_244">
		<MACROCLASSID>1</MACROCLASSID>
		<MACROCLASSINFO>waterbody</MACROCLASSINFO>
		<CLASSID>12</CLASSID>
		<CLASSINFO>C 1</CLASSINFO>
		<VALUES>[0.13817563140001457, 0.004437463549404081, 0.16690511122101645, 0.00846794265309358, 0.14070196718466085, 0.005028443790249098, 0.054637967318784994, 0.01047693448085026, 0.028657778196769658, 0.016217840749779177, 0.02272252341518636, 0.014402423037322873]</VALUES>
		<LCS_MIN>[0.12799091637134552, 0.14341861009597778, 0.12689737975597382, 0.03784900903701782, 0.005058499053120613, 0.0026849673595279455]</LCS_MIN>
		<LCS_MAX>[0.1465362310409546, 0.17826750874519348, 0.14974449574947357, 0.08681123703718185, 0.07335860282182693, 0.07436251640319824]</LCS_MAX>
		<WAVELENGTH>[0.485, 0.56, 0.66, 0.83, 1.65, 2.215]</WAVELENGTH>
		<MEAN_VALUE>[0.13817563140001457, 0.16690511122101645, 0.14070196718466085, 0.054637967318784994, 0.028657778196769658, 0.02272252341518636]</MEAN_VALUE>
		<CHECKBOX>2</CHECKBOX>
		<SD>[0.004437463549404081, 0.00846794265309358, 0.005028443790249098, 0.01047693448085026, 0.016217840749779177, 0.014402423037322873]</SD>
		<WAVELENGTH_UNIT>E-6m</WAVELENGTH_UNIT>
		<COLOR>#986ca6</COLOR>
		<COVARIANCE_MATRIX>[[2.001926746482797e-05, 3.423301694965705e-05, 1.80695824326108e-05, -3.8142191303032824e-05, -4.445506564911347e-05, -3.9685385872088524e-05], [3.423301694965705e-05, 7.290115365568283e-05, 3.793145264684251e-05, -7.200579231902221e-05, -8.6618051210482e-05, -7.674928018492983e-05], [1.80695824326108e-05, 3.793145264684251e-05, 2.5706667734222936e-05, -3.475941724824923e-05, -3.683526362660476e-05, -3.496080934794491e-05], [-3.8142191303032824e-05, -7.200579231902221e-05, -3.475941724824923e-05, 0.00011159559205129624, 0.00012989114862196554, 0.00011847606061409028], [-4.445506564911347e-05, -8.6618051210482e-05, -3.683526362660476e-05, 0.00012989114862196554, 0.00026740199789495136, 0.00021047568505570304], [-3.9685385872088524e-05, -7.674928018492983e-05, -3.496080934794491e-05, 0.00011847606061409028, 0.00021047568505570304, 0.00021088695250177545]]</COVARIANCE_MATRIX>
		<ROI_SIZE>61</ROI_SIZE>
		<MAX_VALUE>[0.1465362310409546, 0.17826750874519348, 0.14974449574947357, 0.08681123703718185, 0.07335860282182693, 0.07436251640319824]</MAX_VALUE>
		<MIN_VALUE>[0.12799091637134552, 0.14341861009597778, 0.12689737975597382, 0.03784900903701782, 0.005058499053120613, 0.0026849673595279455]</MIN_VALUE>
		<SIGNATURE_THRESHOLD_MD>0</SIGNATURE_THRESHOLD_MD>
		<SIGNATURE_THRESHOLD_ML>0</SIGNATURE_THRESHOLD_ML>
		<SIGNATURE_THRESHOLD_SAM>0</SIGNATURE_THRESHOLD_SAM>
	</signature>
	<signature ID="20210204_145759443098_289">
		<MACROCLASSID>1</MACROCLASSID>
		<MACROCLASSINFO>waterbody</MACROCLASSINFO>
		<CLASSID>13</CLASSID>
		<CLASSINFO>C 1</CLASSINFO>
		<VALUES>[0.07788101891186999, 0.0029186945425138723, 0.05265475648767242, 0.005396926136095849, 0.032541555600714464, 0.004815738707579589, 0.023177881213379607, 0.006171029608290475, 0.006962710209180452, 0.006081100638052991, 0.00477651031213937, 0.004976905301355367]</VALUES>
		<LCS_MIN>[0.0686459094285965, 0.04274394363164902, 0.025717170909047127, 0.013367894105613232, 0.0, 0.0]</LCS_MIN>
		<LCS_MAX>[0.09831840544939041, 0.0930812656879425, 0.08773083984851837, 0.08681123703718185, 0.07073167711496353, 0.0668175220489502]</LCS_MAX>
		<WAVELENGTH>[0.485, 0.56, 0.66, 0.83, 1.65, 2.215]</WAVELENGTH>
		<MEAN_VALUE>[0.07788101891186999, 0.05265475648767242, 0.032541555600714464, 0.023177881213379607, 0.006962710209180452, 0.00477651031213937]</MEAN_VALUE>
		<CHECKBOX>2</CHECKBOX>
		<SD>[0.0029186945425138723, 0.005396926136095849, 0.004815738707579589, 0.006171029608290475, 0.006081100638052991, 0.004976905301355367]</SD>
		<WAVELENGTH_UNIT>E-6m</WAVELENGTH_UNIT>
		<COLOR>#21f7ba</COLOR>
		<COVARIANCE_MATRIX>[[7.248072405238779e-06, 8.447451502961484e-06, 6.4796116793676795e-06, 5.984037349606096e-06, 4.9467039126012505e-06, 3.973560801065497e-06], [8.447451502961484e-06, 2.3651134630926244e-05, 1.5160346690144885e-05, 1.526541758704707e-05, 1.3128678643580546e-05, 1.0397301800286736e-05], [6.4796116793676795e-06, 1.5160346690144885e-05, 1.9503347387421888e-05, 2.0476196037376943e-05, 1.900971864764915e-05, 1.466717547430601e-05], [5.984037349606096e-06, 1.526541758704707e-05, 2.0476196037376943e-05, 3.679576106177122e-05, 3.1781075157193396e-05, 2.3858481875682458e-05], [4.9467039126012505e-06, 1.3128678643580546e-05, 1.900971864764915e-05, 3.1781075157193396e-05, 3.942657382180713e-05, 2.615769405305049e-05], [3.973560801065497e-06, 1.0397301800286736e-05, 1.466717547430601e-05, 2.3858481875682458e-05, 2.615769405305049e-05, 2.781081412586251e-05]]</COVARIANCE_MATRIX>
		<ROI_SIZE>34407</ROI_SIZE>
		<MAX_VALUE>[0.09831840544939041, 0.0930812656879425, 0.08773083984851837, 0.08681123703718185, 0.07073167711496353, 0.0668175220489502]</MAX_VALUE>
		<MIN_VALUE>[0.0686459094285965, 0.04274394363164902, 0.025717170909047127, 0.013367894105613232, 0.0, 0.0]</MIN_VALUE>
		<SIGNATURE_THRESHOLD_MD>0</SIGNATURE_THRESHOLD_MD>
		<SIGNATURE_THRESHOLD_ML>0</SIGNATURE_THRESHOLD_ML>
		<SIGNATURE_THRESHOLD_SAM>0</SIGNATURE_THRESHOLD_SAM>
	</signature>
	<signature ID="20210204_145806849393_959">
		<MACROCLASSID>1</MACROCLASSID>
		<MACROCLASSINFO>waterbody</MACROCLASSINFO>
		<CLASSID>14</CLASSID>
		<CLASSINFO>C 1</CLASSINFO>
		<VALUES>[0.08538410270814636, 0.002641810868061935, 0.07230532328928144, 0.005877260735905642, 0.04165465271469706, 0.010187214015112663, 0.02745624642036168, 0.009507805501251456, 0.009302786317223085, 0.009136478925692443, 0.006467731939911248, 0.007305253353582392]</VALUES>
		<LCS_MIN>[0.07791855931282043, 0.06210445985198021, 0.03224492073059082, 0.013367894105613232, 0.0, 0.0]</LCS_MIN>
		<LCS_MAX>[0.11130012571811676, 0.1085696741938591, 0.12036960572004318, 0.09497160464525223, 0.07335860282182693, 0.07436251640319824]</LCS_MAX>
		<WAVELENGTH>[0.485, 0.56, 0.66, 0.83, 1.65, 2.215]</WAVELENGTH>
		<MEAN_VALUE>[0.08538410270814636, 0.07230532328928144, 0.04165465271469706, 0.02745624642036168, 0.009302786317223085, 0.006467731939911248]</MEAN_VALUE>
		<CHECKBOX>2</CHECKBOX>
		<SD>[0.002641810868061935, 0.005877260735905642, 0.010187214015112663, 0.009507805501251456, 0.009136478925692443, 0.007305253353582392]</SD>
		<WAVELENGTH_UNIT>E-6m</WAVELENGTH_UNIT>
		<COLOR>#78a982</COLOR>
		<COVARIANCE_MATRIX>[[6.615832082788498e-06, 7.4921983122730545e-06, 8.258976657022487e-06, 5.949541192296875e-06, 4.411767682971237e-06, 3.6301560938965194e-06], [7.4921983122730545e-06, 3.629009003393196e-05, 5.034445138694131e-05, 3.185452762249439e-05, 2.633671015272537e-05, 1.974310239402772e-05], [8.258976657022487e-06, 5.034445138694131e-05, 0.00010683175347021034, 7.4003939795475e-05, 6.373527284265216e-05, 4.635231014231983e-05], [5.949541192296875e-06, 3.185452762249439e-05, 7.4003939795475e-05, 7.87295506155495e-05, 6.406207831308227e-05, 4.6789359261935104e-05], [4.411767682971237e-06, 2.633671015272537e-05, 6.373527284265216e-05, 6.406207831308227e-05, 7.188543653893645e-05, 4.8405980275751226e-05], [3.6301560938965194e-06, 1.974310239402772e-05, 4.635231014231983e-05, 4.6789359261935104e-05, 4.8405980275751226e-05, 4.506134647951901e-05]]</COVARIANCE_MATRIX>
		<ROI_SIZE>8451</ROI_SIZE>
		<MAX_VALUE>[0.11130012571811676, 0.1085696741938591, 0.12036960572004318, 0.09497160464525223, 0.07335860282182693, 0.07436251640319824]</MAX_VALUE>
		<MIN_VALUE>[0.07791855931282043, 0.06210445985198021, 0.03224492073059082, 0.013367894105613232, 0.0, 0.0]</MIN_VALUE>
		<SIGNATURE_THRESHOLD_MD>0</SIGNATURE_THRESHOLD_MD>
		<SIGNATURE_THRESHOLD_ML>0</SIGNATURE_THRESHOLD_ML>
		<SIGNATURE_THRESHOLD_SAM>0</SIGNATURE_THRESHOLD_SAM>
	</signature>
	<signature ID="20210204_145814002938_201">
		<MACROCLASSID>1</MACROCLASSID>
		<MACROCLASSINFO>waterbody</MACROCLASSINFO>
		<CLASSID>15</CLASSID>
		<CLASSINFO>C 1</CLASSINFO>
		<VALUES>[0.08430048824227536, 0.002931018408906503, 0.07728282098992041, 0.008910183153750072, 0.04729958439669296, 0.012489590083025139, 0.030427884939167503, 0.011568227505318215, 0.014058018370636525, 0.013448996578145694, 0.009788623030533147, 0.010434137635364599]</VALUES>
		<LCS_MIN>[0.07235497236251831, 0.050488151609897614, 0.03224492073059082, 0.013367894105613232, 0.0, 0.0]</LCS_MIN>
		<LCS_MAX>[0.0946093499660492, 0.1085696741938591, 0.1073141023516655, 0.09089141339063644, 0.07598552852869034, 0.07059001922607422]</LCS_MAX>
		<WAVELENGTH>[0.485, 0.56, 0.66, 0.83, 1.65, 2.215]</WAVELENGTH>
		<MEAN_VALUE>[0.08430048824227536, 0.07728282098992041, 0.04729958439669296, 0.030427884939167503, 0.014058018370636525, 0.009788623030533147]</MEAN_VALUE>
		<CHECKBOX>2</CHECKBOX>
		<SD>[0.002931018408906503, 0.008910183153750072, 0.012489590083025139, 0.011568227505318215, 0.013448996578145694, 0.010434137635364599]</SD>
		<WAVELENGTH_UNIT>E-6m</WAVELENGTH_UNIT>
		<COLOR>#ec32a2</COLOR>
		<COVARIANCE_MATRIX>[[7.013195758086502e-06, 1.1655206096124929e-05, 1.2174160439725674e-05, 5.3524261406445185e-06, 4.14482433024587e-06, 3.3358120525249715e-06], [1.1655206096124929e-05, 5.309137882965381e-05, 5.9265530917251524e-05, 2.8913366630527155e-05, 2.6791676347023612e-05, 1.884477212022743e-05], [1.2174160439725674e-05, 5.9265530917251524e-05, 0.00010683722025215279, 7.980462047909836e-05, 8.361983025330705e-05, 6.018658866216701e-05], [5.3524261406445185e-06, 2.8913366630527155e-05, 7.980462047909836e-05, 0.00010657367356386283, 0.00010824343480609228, 7.85609552198154e-05], [4.14482433024587e-06, 2.6791676347023612e-05, 8.361983025330705e-05, 0.00010824343480609228, 0.0001413838280888045, 9.885244252941728e-05], [3.3358120525249715e-06, 1.884477212022743e-05, 6.018658866216701e-05, 7.85609552198154e-05, 9.885244252941728e-05, 8.434496833348129e-05]]</COVARIANCE_MATRIX>
		<ROI_SIZE>3211</ROI_SIZE>
		<MAX_VALUE>[0.0946093499660492, 0.1085696741938591, 0.1073141023516655, 0.09089141339063644, 0.07598552852869034, 0.07059001922607422]</MAX_VALUE>
		<MIN_VALUE>[0.07235497236251831, 0.050488151609897614, 0.03224492073059082, 0.013367894105613232, 0.0, 0.0]</MIN_VALUE>
		<SIGNATURE_THRESHOLD_MD>0</SIGNATURE_THRESHOLD_MD>
		<SIGNATURE_THRESHOLD_ML>0</SIGNATURE_THRESHOLD_ML>
		<SIGNATURE_THRESHOLD_SAM>0</SIGNATURE_THRESHOLD_SAM>
	</signature>
	<signature ID="20210204_145823957588_570">
		<MACROCLASSID>1</MACROCLASSID>
		<MACROCLASSINFO>waterbody</MACROCLASSINFO>
		<CLASSID>16</CLASSID>
		<CLASSINFO>C 1</CLASSINFO>
		<VALUES>[0.07539343518762312, 0.003766834602319139, 0.058839967398092746, 0.007869370495733854, 0.038537272647909154, 0.009125682528078695, 0.03588844868073099, 0.019686149351781427, 0.01992488800290223, 0.018575710637571977, 0.01343059910440429, 0.012779934491742886]</VALUES>
		<LCS_MIN>[0.06493684649467468, 0.04274394363164902, 0.025717170909047127, 0.017448078840970993, 0.0, 0.0]</LCS_MIN>
		<LCS_MAX>[0.08719121664762497, 0.0853370651602745, 0.08120309561491013, 0.09089141339063644, 0.07335860282182693, 0.07059001922607422]</LCS_MAX>
		<WAVELENGTH>[0.485, 0.56, 0.66, 0.83, 1.65, 2.215]</WAVELENGTH>
		<MEAN_VALUE>[0.07539343518762312, 0.058839967398092746, 0.038537272647909154, 0.03588844868073099, 0.01992488800290223, 0.01343059910440429]</MEAN_VALUE>
		<CHECKBOX>2</CHECKBOX>
		<SD>[0.003766834602319139, 0.007869370495733854, 0.009125682528078695, 0.019686149351781427, 0.018575710637571977, 0.012779934491742886]</SD>
		<WAVELENGTH_UNIT>E-6m</WAVELENGTH_UNIT>
		<COLOR>#70d2db</COLOR>
