<?xml version="1.0" ?>
<signaturelist MCID_LIST="[['1', 'waterbody', '#000000'], ['2', 'vegetation', '#000000'], ['3', 'bareland', '#000000'], ['4', 'built-up', '#000000']]">
	<signature ID="20210521_142159678268_296">
		<MACROCLASSID>1</MACROCLASSID>
		<MACROCLASSINFO>waterbody</MACROCLASSINFO>
		<CLASSID>1</CLASSID>
		<CLASSINFO>C 1</CLASSINFO>
		<VALUES>[0.0915548738018414, 0.0028266279555828684, 0.08298952618718333, 0.0038761102852107095, 0.058211064674943774, 0.003771844802308779, 0.028830854551061345, 0.002445062128763988, 0.005173202664260938, 0.0023974985046259735, 0.0035186500341182693, 0.002772226703085202]</VALUES>
		<LCS_MIN>[0.08162762224674225, 0.06984864920377731, 0.04856431111693382, 0.02152826264500618, 0.0, 0.0]</LCS_MIN>
		<LCS_MAX>[0.10017294436693192, 0.0969533771276474, 0.06814757734537125, 0.03784900903701782, 0.018193135038018227, 0.014002476818859577]</LCS_MAX>
		<WAVELENGTH>[0.485, 0.56, 0.66, 0.83, 1.65, 2.215]</WAVELENGTH>
		<MEAN_VALUE>[0.0915548738018414, 0.08298952618718333, 0.058211064674943774, 0.028830854551061345, 0.005173202664260938, 0.0035186500341182693]</MEAN_VALUE>
		<CHECKBOX>2</CHECKBOX>
		<SD>[0.0028266279555828684, 0.0038761102852107095, 0.003771844802308779, 0.002445062128763988, 0.0023974985046259735, 0.002772226703085202]</SD>
		<WAVELENGTH_UNIT>E-6m</WAVELENGTH_UNIT>
		<COLOR>#61aeb0</COLOR>
		<COVARIANCE_MATRIX>[[6.915208814461948e-06, 4.511802217166405e-06, 4.109482233616291e-06, 1.9605060970206978e-06, 6.848496241218527e-07, 3.5694162647814665e-07], [4.511802217166405e-06, 1.2453274393919855e-05, 8.072875061770901e-06, 3.0526582577294903e-06, 7.436618147949048e-07, 6.303174586719251e-07], [4.109482233616291e-06, 8.072875061770901e-06, 1.2214919479447417e-05, 3.3452781735832104e-06, 4.4042565150448354e-07, 4.2565105218272947e-07], [1.9605060970206978e-06, 3.0526582577294903e-06, 3.3452781735832104e-06, 5.712582606065553e-06, 5.869707138117519e-07, 5.927851702836051e-07], [6.848496241218527e-07, 7.436618147949048e-07, 4.4042565150448354e-07, 5.869707138117519e-07, 5.6197964113380294e-06, 1.097075028155814e-06], [3.5694162647814665e-07, 6.303174586719251e-07, 4.2565105218272947e-07, 5.927851702836051e-07, 1.097075028155814e-06, 7.674687367398292e-06]]</COVARIANCE_MATRIX>
		<ROI_SIZE>10201</ROI_SIZE>
		<MAX_VALUE>[0.10017294436693192, 0.0969533771276474, 0.06814757734537125, 0.03784900903701782, 0.018193135038018227, 0.014002476818859577]</MAX_VALUE>
		<MIN_VALUE>[0.08162762224674225, 0.06984864920377731, 0.04856431111693382, 0.02152826264500618, 0.0, 0.0]</MIN_VALUE>
		<SIGNATURE_THRESHOLD_MD>0.0</SIGNATURE_THRESHOLD_MD>
		<SIGNATURE_THRESHOLD_ML>0.0</SIGNATURE_THRESHOLD_ML>
		<SIGNATURE_THRESHOLD_SAM>0.0</SIGNATURE_THRESHOLD_SAM>
	</signature>
	<signature ID="20210521_142204069040_907">
		<MACROCLASSID>1</MACROCLASSID>
		<MACROCLASSINFO>waterbody</MACROCLASSINFO>
		<CLASSID>2</CLASSID>
		<CLASSINFO>C 1</CLASSINFO>
		<VALUES>[0.09250362995817975, 0.0023431060320590483, 0.09535837897165612, 0.003235875327228785, 0.07681607331446534, 0.005429351199533524, 0.0371680264138218, 0.0036020894882956363, 0.004624171997786726, 0.002506947482050948, 0.0031710272096292687, 0.0027585947105913684]</VALUES>
		<LCS_MIN>[0.08348215371370316, 0.0853370651602745, 0.06814757734537125, 0.02968863770365715, 0.0, 0.0]</LCS_MIN>
		<LCS_MAX>[0.10573653131723404, 0.1085696741938591, 0.09752248227596283, 0.07049049437046051, 0.03132776916027069, 0.017774978652596474]</LCS_MAX>
		<WAVELENGTH>[0.485, 0.56, 0.66, 0.83, 1.65, 2.215]</WAVELENGTH>
		<MEAN_VALUE>[0.09250362995817975, 0.09535837897165612, 0.07681607331446534, 0.0371680264138218, 0.004624171997786726, 0.0031710272096292687]</MEAN_VALUE>
		<CHECKBOX>2</CHECKBOX>
		<SD>[0.0023431060320590483, 0.003235875327228785, 0.005429351199533524, 0.0036020894882956363, 0.002506947482050948, 0.0027585947105913684]</SD>
		<WAVELENGTH_UNIT>E-6m</WAVELENGTH_UNIT>
		<COLOR>#15c263</COLOR>
		<COVARIANCE_MATRIX>[[5.163432888366515e-06, 2.8348074465611717e-06, 4.987535248801578e-06, 3.100685262324987e-06, 5.887281417926715e-07, 2.386703101819876e-07], [2.8348074465611717e-06, 9.303303158958443e-06, 1.1137468391098082e-05, 6.270057383517269e-06, 1.0705707609304227e-06, 5.526848099179915e-07], [4.987535248801578e-06, 1.1137468391098082e-05, 2.6278019504388794e-05, 1.254670769412769e-05, 1.6465788803543546e-06, 1.1694968407027773e-06], [3.100685262324987e-06, 6.270057383517269e-06, 1.254670769412769e-05, 1.2308668374316767e-05, 1.7704803667584201e-06, 1.241557470166299e-06], [5.887281417926715e-07, 1.0705707609304227e-06, 1.6465788803543546e-06, 1.7704803667584201e-06, 6.129107987362659e-06, 1.2419395716278814e-06], [2.386703101819876e-07, 5.526848099179915e-07, 1.1694968407027773e-06, 1.241557470166299e-06, 1.2419395716278814e-06, 7.68322297517443e-06]]</COVARIANCE_MATRIX>
		<ROI_SIZE>9842</ROI_SIZE>
		<MAX_VALUE>[0.10573653131723404, 0.1085696741938591, 0.09752248227596283, 0.07049049437046051, 0.03132776916027069, 0.017774978652596474]</MAX_VALUE>
		<MIN_VALUE>[0.08348215371370316, 0.0853370651602745, 0.06814757734537125, 0.02968863770365715, 0.0, 0.0]</MIN_VALUE>
		<SIGNATURE_THRESHOLD_MD>0.0</SIGNATURE_THRESHOLD_MD>
		<SIGNATURE_THRESHOLD_ML>0.0</SIGNATURE_THRESHOLD_ML>
		<SIGNATURE_THRESHOLD_SAM>0.0</SIGNATURE_THRESHOLD_SAM>
	</signature>
	<signature ID="20210521_142209243553_595">
		<MACROCLASSID>1</MACROCLASSID>
		<MACROCLASSINFO>waterbody</MACROCLASSINFO>
		<CLASSID>3</CLASSID>
		<CLASSINFO>C 1</CLASSINFO>
		<VALUES>[0.08375465070243118, 0.0018889941340937894, 0.08056506852596163, 0.002688491071315469, 0.051871519162505715, 0.002198959231721062, 0.02527084402844328, 0.0033120238965648444, 0.004323840668774851, 0.0030365124741256414, 0.0029094441245379656, 0.0030029597586103247]</VALUES>
		<LCS_MIN>[0.07235497236251831, 0.046616051346063614, 0.03550880402326584, 0.017448078840970993, 0.0, 0.0]</LCS_MIN>
		<LCS_MAX>[0.09090027958154678, 0.0930812656879425, 0.06814757734537125, 0.05824994295835495, 0.0418354757130146, 0.03286498785018921]</LCS_MAX>
		<WAVELENGTH>[0.485, 0.56, 0.66, 0.83, 1.65, 2.215]</WAVELENGTH>
		<MEAN_VALUE>[0.08375465070243118, 0.08056506852596163, 0.051871519162505715, 0.02527084402844328, 0.004323840668774851, 0.0029094441245379656]</MEAN_VALUE>
		<CHECKBOX>2</CHECKBOX>
		<SD>[0.0018889941340937894, 0.002688491071315469, 0.002198959231721062, 0.0033120238965648444, 0.0030365124741256414, 0.0030029597586103247]</SD>
		<WAVELENGTH_UNIT>E-6m</WAVELENGTH_UNIT>
		<COLOR>#4a591a</COLOR>
		<COVARIANCE_MATRIX>[[3.5635139283840545e-06, 7.064886631269474e-07, 3.604832556902693e-07, -1.3861829017969285e-07, -3.8956761727604317e-07, -2.490759811735188e-07], [7.064886631269474e-07, 6.436550393118523e-06, 1.8370125189903774e-06, 1.0584123089074637e-07, -1.6334610108970082e-06, -1.1528119330250775e-06], [3.604832556902693e-07, 1.8370125189903774e-06, 4.654932581615867e-06, 1.697387119747873e-06, -2.220514119244399e-07, -7.530746692907542e-09], [-1.3861829017969285e-07, 1.0584123089074637e-07, 1.697387119747873e-06, 1.0104004104505293e-05, 2.8336162358755246e-06, 2.1764287794212578e-06], [-3.8956761727604317e-07, -1.6334610108970082e-06, -2.220514119244399e-07, 2.8336162358755246e-06, 8.304105904244352e-06, 3.099674586337642e-06], [-2.490759811735188e-07, -1.1528119330250775e-06, -7.530746692907542e-09, 2.1764287794212578e-06, 3.099674586337642e-06, 8.501763659296557e-06]]</COVARIANCE_MATRIX>
		<ROI_SIZE>9533</ROI_SIZE>
		<MAX_VALUE>[0.09090027958154678, 0.0930812656879425, 0.06814757734537125, 0.05824994295835495, 0.0418354757130146, 0.03286498785018921]</MAX_VALUE>
		<MIN_VALUE>[0.07235497236251831, 0.046616051346063614, 0.03550880402326584, 0.017448078840970993, 0.0, 0.0]</MIN_VALUE>
		<SIGNATURE_THRESHOLD_MD>0.0</SIGNATURE_THRESHOLD_MD>
		<SIGNATURE_THRESHOLD_ML>0.0</SIGNATURE_THRESHOLD_ML>
		<SIGNATURE_THRESHOLD_SAM>0.0</SIGNATURE_THRESHOLD_SAM>
	</signature>
	<signature ID="20210521_142214695799_887">
		<MACROCLASSID>1</MACROCLASSID>
		<MACROCLASSINFO>waterbody</MACROCLASSINFO>
		<CLASSID>4</CLASSID>
		<CLASSINFO>C 1</CLASSINFO>
		<VALUES>[0.07782919950439, 0.001962756286257501, 0.04890864149178604, 0.002364438921251891, 0.030584437838408196, 0.0021812448138371584, 0.021705340010209306, 0.002191102794853569, 0.0062805928202674536, 0.0024357956486458503, 0.004791005080444403, 0.003020669093383878]</VALUES>
		<LCS_MIN>[0.0705004334449768, 0.03887183964252472, 0.022453291341662407, 0.013367894105613232, 0.0, 0.0]</LCS_MIN>
		<LCS_MAX>[0.08719121664762497, 0.05823235958814621, 0.03877267986536026, 0.02968863770365715, 0.018193135038018227, 0.017774978652596474]</LCS_MAX>
		<WAVELENGTH>[0.485, 0.56, 0.66, 0.83, 1.65, 2.215]</WAVELENGTH>
		<MEAN_VALUE>[0.07782919950439, 0.04890864149178604, 0.030584437838408196, 0.021705340010209306, 0.0062805928202674536, 0.004791005080444403]</MEAN_VALUE>
		<CHECKBOX>2</CHECKBOX>
		<SD>[0.001962756286257501, 0.002364438921251891, 0.0021812448138371584, 0.002191102794853569, 0.0024357956486458503, 0.003020669093383878]</SD>
		<WAVELENGTH_UNIT>E-6m</WAVELENGTH_UNIT>
		<COLOR>#cf6e60</COLOR>
		<COVARIANCE_MATRIX>[[3.808948804362444e-06, 8.090406140581763e-07, 7.782922466503805e-07, 8.650399081489013e-07, 4.2779697650985327e-07, 3.6199546116222336e-07], [8.090406140581763e-07, 5.316549049894093e-06, 1.0107530670211418e-06, 9.73440819507232e-07, 6.553771640938066e-07, 5.131294642524153e-07], [7.782922466503805e-07, 1.0107530670211418e-06, 4.469491159397876e-06, 1.0574786983852391e-06, 5.466442871693289e-07, 6.573464474968205e-07], [8.650399081489013e-07, 9.73440819507232e-07, 1.0574786983852391e-06, 4.752237146021798e-06, 8.539344662494841e-07, 8.121083965306752e-07], [4.2779697650985327e-07, 6.553771640938066e-07, 5.466442871693289e-07, 8.539344662494841e-07, 5.884107849851716e-06, 1.3590763501269976e-06], [3.6199546116222336e-07, 5.131294642524153e-07, 6.573464474968205e-07, 8.121083965306752e-07, 1.3590763501269976e-06, 8.979975063994061e-06]]</COVARIANCE_MATRIX>
		<ROI_SIZE>10201</ROI_SIZE>
		<MAX_VALUE>[0.08719121664762497, 0.05823235958814621, 0.03877267986536026, 0.02968863770365715, 0.018193135038018227, 0.017774978652596474]</MAX_VALUE>
		<MIN_VALUE>[0.0705004334449768, 0.03887183964252472, 0.022453291341662407, 0.013367894105613232, 0.0, 0.0]</MIN_VALUE>
		<SIGNATURE_THRESHOLD_MD>0.0</SIGNATURE_THRESHOLD_MD>
		<SIGNATURE_THRESHOLD_ML>0.0</SIGNATURE_THRESHOLD_ML>
		<SIGNATURE_THRESHOLD_SAM>0.0</SIGNATURE_THRESHOLD_SAM>
	</signature>
	<signature ID="20210521_142221123387_536">
		<MACROCLASSID>1</MACROCLASSID>
		<MACROCLASSINFO>waterbody</MACROCLASSINFO>
		<CLASSID>5</CLASSID>
		<CLASSINFO>C 1</CLASSINFO>
		<VALUES>[0.08227408743020966, 0.0021134685474019925, 0.07136192653468561, 0.002350946653948913, 0.04184437192936364, 0.002613582536664481, 0.026087581843117623, 0.003975195744639175, 0.004618891268767405, 0.002556616888748573, 0.003020534387949169, 0.002697593498788994]</VALUES>
		<LCS_MIN>[0.07420950382947922, 0.0659765675663948, 0.03550880402326584, 0.017448078840970993, 0.0, 0.0]</LCS_MIN>
		<LCS_MAX>[0.09090027958154678, 0.0892091616988182, 0.06488370150327682, 0.06233011558651924, 0.03132776916027069, 0.021547481417655945]</LCS_MAX>
		<WAVELENGTH>[0.485, 0.56, 0.66, 0.83, 1.65, 2.215]</WAVELENGTH>
		<MEAN_VALUE>[0.08227408743020966, 0.07136192653468561, 0.04184437192936364, 0.026087581843117623, 0.004618891268767405, 0.003020534387949169]</MEAN_VALUE>
		<CHECKBOX>2</CHECKBOX>
		<SD>[0.0021134685474019925, 0.002350946653948913, 0.002613582536664481, 0.003975195744639175, 0.002556616888748573, 0.002697593498788994]</SD>
		<WAVELENGTH_UNIT>E-6m</WAVELENGTH_UNIT>
		<COLOR>#50c997</COLOR>
		<COVARIANCE_MATRIX>[[4.584396720019868e-06, 7.770673846607679e-07, 1.2790295613740454e-06, 3.133388659648517e-08, 4.6409550691350887e-07, 2.8895070158796443e-07], [7.770673846607679e-07, 5.575815066549694e-06, 1.8167346524933237e-06, 2.2061508389015216e-06, 6.294156946751173e-07, 3.517266122798901e-07], [1.2790295613740454e-06, 1.8167346524933237e-06, 6.959974143683212e-06, 3.0182684440660523e-06, 1.2497762327257078e-06, 8.224961902669747e-07], [3.133388659648517e-08, 2.2061508389015216e-06, 3.0182684440660523e-06, 1.596611582499463e-05, 2.183263404731406e-06, 1.2239964917171164e-06], [4.6409550691350887e-07, 6.294156946751173e-07, 1.2497762327257078e-06, 2.183263404731406e-06, 7.234230452013435e-06, 1.9476431134535233e-06], [2.8895070158796443e-07, 3.517266122798901e-07, 8.224961902669747e-07, 1.2239964917171164e-06, 1.9476431134535233e-06, 7.749024007353e-06]]</COVARIANCE_MATRIX>
		<ROI_SIZE>10031</ROI_SIZE>
		<MAX_VALUE>[0.09090027958154678, 0.0892091616988182, 0.06488370150327682, 0.06233011558651924, 0.03132776916027069, 0.021547481417655945]</MAX_VALUE>
		<MIN_VALUE>[0.07420950382947922, 0.0659765675663948, 0.03550880402326584, 0.017448078840970993, 0.0, 0.0]</MIN_VALUE>
		<SIGNATURE_THRESHOLD_MD>0.0</SIGNATURE_THRESHOLD_MD>
		<SIGNATURE_THRESHOLD_ML>0.0</SIGNATURE_THRESHOLD_ML>
		<SIGNATURE_THRESHOLD_SAM>0.0</SIGNATURE_THRESHOLD_SAM>
	</signature>
	<signature ID="20210521_145522182520_658">
		<MACROCLASSID>1</MACROCLASSID>
		<MACROCLASSINFO>waterbody</MACROCLASSINFO>
		<CLASSID>6</CLASSID>
		<CLASSINFO>C 1</CLASSINFO>
		<VALUES>[0.0904198140987862, 0.00252066461251643, 0.09088643534914286, 0.00272800130083565, 0.06538997876393302, 0.002119796360978598, 0.02992294452555791, 0.0020781275811530093, 0.004739185460349811, 0.002319171204446238, 0.0034138857360880037, 0.0027549874163064264]</VALUES>
		<LCS_MIN>[0.07977309077978134, 0.0814649686217308, 0.05509207025170326, 0.025608446449041367, 0.0, 0.0]</LCS_MIN>
		<LCS_MAX>[0.09831840544939041, 0.1008254736661911, 0.07467532902956009, 0.03784900903701782, 0.015566207468509674, 0.014002476818859577]</LCS_MAX>
		<WAVELENGTH>[0.485, 0.56, 0.66, 0.83, 1.65, 2.215]</WAVELENGTH>
		<MEAN_VALUE>[0.0904198140987862, 0.09088643534914286, 0.06538997876393302, 0.02992294452555791, 0.004739185460349811, 0.0034138857360880037]</MEAN_VALUE>
		<CHECKBOX>2</CHECKBOX>
		<SD>[0.00252066461251643, 0.00272800130083565, 0.002119796360978598, 0.0020781275811530093, 0.002319171204446238, 0.0027549874163064264]</SD>
		<WAVELENGTH_UNIT>E-6m</WAVELENGTH_UNIT>
		<COLOR>#cf8c03</COLOR>
		<COVARIANCE_MATRIX>[[5.890411102882354e-06, 2.2183260171004804e-06, 1.303393332818814e-06, -9.523732558136544e-08, 2.882289322769793e-07, 1.6530498214706313e-07], [2.2183260171004804e-06, 6.921080967003945e-06, 1.8566097423899919e-06, 5.647626721838606e-07, 2.261547393800356e-07, 2.804605401252047e-07], [1.303393332818814e-06, 1.8566097423899919e-06, 4.346902642282657e-06, 7.317983090615598e-07, 2.522659769965685e-08, 1.5117295504296635e-07], [-9.523732558136544e-08, 5.647626721838606e-07, 7.317983090615598e-07, 5.0650437515287194e-06, 1.7028213505909662e-08, 7.924350597932062e-08], [2.882289322769793e-07, 2.261547393800356e-07, 2.522659769965685e-08, 1.7028213505909662e-08, 5.3428684623213485e-06, 6.688776466035051e-07], [1.6530498214706313e-07, 2.804605401252047e-07, 1.5117295504296635e-07, 7.924350597932062e-08, 6.688776466035051e-07, 7.673600521229673e-06]]</COVARIANCE_MATRIX>
		<ROI_SIZE>10201</ROI_SIZE>
		<MAX_VALUE>[0.09831840544939041, 0.1008254736661911, 0.07467532902956009, 0.03784900903701782, 0.015566207468509674, 0.014002476818859577]</MAX_VALUE>
		<MIN_VALUE>[0.07977309077978134, 0.0814649686217308, 0.05509207025170326, 0.025608446449041367, 0.0, 0.0]</MIN_VALUE>
		<SIGNATURE_THRESHOLD_MD>0.0</SIGNATURE_THRESHOLD_MD>
		<SIGNATURE_THRESHOLD_ML>0.0</SIGNATURE_THRESHOLD_ML>
		<SIGNATURE_THRESHOLD_SAM>0.0</SIGNATURE_THRESHOLD_SAM>
	</signature>
	<signature ID="20210521_150522422707_765">
		<MACROCLASSID>1</MACROCLASSID>
		<MACROCLASSINFO>waterbody</MACROCLASSINFO>
		<CLASSID>7</CLASSID>
		<CLASSINFO>C 1</CLASSINFO>
		<VALUES>[0.09863952251607815, 0.0037195019666505786, 0.10279542468633181, 0.008218336901710808, 0.061505524369123335, 0.008003086315928635, 0.030343529253705218, 0.006770430183538004, 0.012009883253945674, 0.007754717537197685, 0.00859845330162293, 0.006306020131727283]</VALUES>
		<LCS_MIN>[0.08348215371370316, 0.0814649686217308, 0.04856431111693382, 0.017448078840970993, 0.0, 0.0]</LCS_MIN>
		<LCS_MAX>[0.10944559425115585, 0.1279301792383194, 0.094258613884449, 0.06233011558651924, 0.047089334577322006, 0.04040999710559845]</LCS_MAX>
		<WAVELENGTH>[0.485, 0.56, 0.66, 0.83, 1.65, 2.215]</WAVELENGTH>
		<MEAN_VALUE>[0.09863952251607815, 0.10279542468633181, 0.061505524369123335, 0.030343529253705218, 0.012009883253945674, 0.00859845330162293]</MEAN_VALUE>
		<CHECKBOX>2</CHECKBOX>
		<SD>[0.0037195019666505786, 0.008218336901710808, 0.008003086315928635, 0.006770430183538004, 0.007754717537197685, 0.006306020131727283]</SD>
		<WAVELENGTH_UNIT>E-6m</WAVELENGTH_UNIT>
		<COLOR>#5bfbdd</COLOR>
		<COVARIANCE_MATRIX>[[1.3450200962299837e-05, 2.3330850321357965e-05, 7.93953437282701e-06, -7.586776347897228e-06, -1.0240000586795927e-05, -8.385691961235649e-06], [2.3330850321357965e-05, 6.875140266297702e-05, 3.7697704207306083e-05, -8.83992235434522e-06, -1.4019565914174426e-05, -1.1051695373505003e-05], [7.93953437282701e-06, 3.7697704207306083e-05, 6.253043835857108e-05, 2.398569233464732e-05, 2.0371661866329083e-05, 1.505227007987978e-05], [-7.586776347897228e-06, -8.83992235434522e-06, 2.398569233464732e-05, 4.025724096763467e-05, 3.326961191846595e-05, 2.444702342318905e-05], [-1.0240000586795927e-05, -1.4019565914174426e-05, 2.0371661866329083e-05, 3.326961191846595e-05, 5.472889746145654e-05, 3.633608135966182e-05], [-8.385691961235649e-06, -1.1051695373505003e-05, 1.505227007987978e-05, 2.444702342318905e-05, 3.633608135966182e-05, 3.810291818699206e-05]]</COVARIANCE_MATRIX>
		<ROI_SIZE>2060</ROI_SIZE>
		<MAX_VALUE>[0.10944559425115585, 0.1279301792383194, 0.094258613884449, 0.06233011558651924, 0.047089334577322006, 0.04040999710559845]</MAX_VALUE>
		<MIN_VALUE>[0.08348215371370316, 0.0814649686217308, 0.04856431111693382, 0.017448078840970993, 0.0, 0.0]</MIN_VALUE>
		<SIGNATURE_THRESHOLD_MD>0</SIGNATURE_THRESHOLD_MD>
		<SIGNATURE_THRESHOLD_ML>0</SIGNATURE_THRESHOLD_ML>
		<SIGNATURE_THRESHOLD_SAM>0</SIGNATURE_THRESHOLD_SAM>
	</signature>
	<signature ID="20210521_150527552096_741">
		<MACROCLASSID>1</MACROCLASSID>
		<MACROCLASSINFO>waterbody</MACROCLASSINFO>
		<CLASSID>8</CLASSID>
		<CLASSINFO>C 1</CLASSINFO>
		<VALUES>[0.08596030016769299, 0.005307316082517531, 0.07353529610460809, 0.00691291415682677, 0.043306375568767264, 0.007258303473885806, 0.027120071632618238, 0.00661215068855304, 0.010868730838751952, 0.007213942670764349, 0.007280618567083421, 0.005907331746114961]</VALUES>
		<LCS_MIN>[0.07420950382947922, 0.05823235958814621, 0.03224492073059082, 0.013367894105613232, 0.0, 0.0]</LCS_MIN>
		<LCS_MAX>[0.0946093499660492, 0.0930812656879425, 0.08120309561491013, 0.06233011558651924, 0.044462401419878006, 0.03663749247789383]</LCS_MAX>
		<WAVELENGTH>[0.485, 0.56, 0.66, 0.83, 1.65, 2.215]</WAVELENGTH>
		<MEAN_VALUE>[0.08596030016769299, 0.07353529610460809, 0.043306375568767264, 0.027120071632618238, 0.010868730838751952, 0.007280618567083421]</MEAN_VALUE>
		<CHECKBOX>2</CHECKBOX>
		<SD>[0.005307316082517531, 0.00691291415682677, 0.007258303473885806, 0.00661215068855304, 0.007213942670764349, 0.005907331746114961]</SD>
		<WAVELENGTH_UNIT>E-6m</WAVELENGTH_UNIT>
		<COLOR>#0c68a3</COLOR>
		<COVARIANCE_MATRIX>[[2.3956323288992326e-05, 2.720979152894251e-05, 5.476883279200388e-06, 2.6773873258604797e-06, -2.876822644855778e-06, -2.496530323175742e-06], [2.720979152894251e-05, 4.657853609790808e-05, 2.0312089992167585e-05, 1.253895657543458e-05, 4.929303265332038e-06, 2.8190296572133006e-06], [5.476883279200388e-06, 2.0312089992167585e-05, 4.5187008763310525e-05, 3.178231080807074e-05, 3.097860777297984e-05, 2.1739884570879276e-05], [2.6773873258604797e-06, 1.253895657543458e-05, 3.178231080807074e-05, 4.203303033106606e-05, 3.428170249237182e-05, 2.4471316048944712e-05], [-2.876822644855778e-06, 4.929303265332038e-06, 3.097860777297984e-05, 3.428170249237182e-05, 5.4091907069892844e-05, 3.4628948395251595e-05], [-2.496530323175742e-06, 2.8190296572133006e-06, 2.1739884570879276e-05, 2.4471316048944712e-05, 3.4628948395251595e-05, 3.5135257247663446e-05]]</COVARIANCE_MATRIX>
		<ROI_SIZE>2165</ROI_SIZE>
		<MAX_VALUE>[0.0946093499660492, 0.0930812656879425, 0.08120309561491013, 0.06233011558651924, 0.044462401419878006, 0.03663749247789383]</MAX_VALUE>
		<MIN_VALUE>[0.07420950382947922, 0.05823235958814621, 0.03224492073059082, 0.013367894105613232, 0.0, 0.0]</MIN_VALUE>
		<SIGNATURE_THRESHOLD_MD>0</SIGNATURE_THRESHOLD_MD>
		<SIGNATURE_THRESHOLD_ML>0</SIGNATURE_THRESHOLD_ML>
		<SIGNATURE_THRESHOLD_SAM>0</SIGNATURE_THRESHOLD_SAM>
	</signature>
	<signature ID="20210521_150532180222_571">
		<MACROCLASSID>1</MACROCLASSID>
		<MACROCLASSINFO>waterbody</MACROCLASSINFO>
		<CLASSID>9</CLASSID>
		<CLASSINFO>C 1</CLASSINFO>
		<VALUES>[0.09340266275405884, 0.00280721278420792, 0.10327264235417051, 0.006339583412275915, 0.07148978582024583, 0.006317177102267346, 0.03197354024648667, 0.006887018384629864, 0.012653111358483638, 0.007715684454512068, 0.009381033674503374, 0.0064130029422797274]</VALUES>
		<LCS_MIN>[0.07791855931282043, 0.0659765675663948, 0.03877267986536026, 0.02152826264500618, 0.0, 0.0]</LCS_MIN>
		<LCS_MAX>[0.09831840544939041, 0.1124417781829834, 0.09752248227596283, 0.06233011558651924, 0.0418354757130146, 0.03286498785018921]</LCS_MAX>
		<WAVELENGTH>[0.485, 0.56, 0.66, 0.83, 1.65, 2.215]</WAVELENGTH>
		<MEAN_VALUE>[0.09340266275405884, 0.10327264235417051, 0.07148978582024583, 0.03197354024648667, 0.012653111358483638, 0.009381033674503374]</MEAN_VALUE>
		<CHECKBOX>2</CHECKBOX>
		<SD>[0.00280721278420792, 0.006339583412275915, 0.006317177102267346, 0.006887018384629864, 0.007715684454512068, 0.0064130029422797274]</SD>
		<WAVELENGTH_UNIT>E-6m</WAVELENGTH_UNIT>
		<COLOR>#66a2f5</COLOR>
		<COVARIANCE_MATRIX>[[7.901514320675515e-06, 1.2100222698564157e-05, 2.8623042899244724e-06, -5.146260203235146e-06, -8.762000954852468e-06, -6.0994657413665e-06], [1.2100222698564157e-05, 4.0297778584094756e-05, 1.082385415916342e-05, -1.4562012438966505e-05, -2.3306821738830847e-05, -1.5870743720301844e-05], [2.8623042899244724e-06, 1.082385415916342e-05, 4.0013429018794446e-05, 2.2573775584377743e-05, 1.6777287119582357e-05, 1.5816363014961606e-05], [-5.146260203235146e-06, -1.4562012438966505e-05, 2.2573775584377743e-05, 4.755784314528375e-05, 3.633568479361853e-05, 2.9301365789151186e-05], [-8.762000954852468e-06, -2.3306821738830847e-05, 1.6777287119582357e-05, 3.633568479361853e-05, 5.9690962501603436e-05, 4.052173087981133e-05], [-6.0994657413665e-06, -1.5870743720301844e-05, 1.5816363014961606e-05, 2.9301365789151186e-05, 4.052173087981133e-05, 4.1236570926826645e-05]]</COVARIANCE_MATRIX>
		<ROI_SIZE>375</ROI_SIZE>
		<MAX_VALUE>[0.09831840544939041, 0.1124417781829834, 0.09752248227596283, 0.06233011558651924, 0.0418354757130146, 0.03286498785018921]</MAX_VALUE>
		<MIN_VALUE>[0.07791855931282043, 0.0659765675663948, 0.03877267986536026, 0.02152826264500618, 0.0, 0.0]</MIN_VALUE>
		<SIGNATURE_THRESHOLD_MD>0</SIGNATURE_THRESHOLD_MD>
		<SIGNATURE_THRESHOLD_ML>0</SIGNATURE_THRESHOLD_ML>
		<SIGNATURE_THRESHOLD_SAM>0</SIGNATURE_THRESHOLD_SAM>
	</signature>
	<signature ID="20210521_150539399359_388">
		<MACROCLASSID>1</MACROCLASSID>
		<MACROCLASSINFO>waterbody</MACROCLASSINFO>
		<CLASSID>10</CLASSID>
		<CLASSINFO>C 1</CLASSINFO>
		<VALUES>[0.09097709166924944, 0.0020864746303096986, 0.0926499681504255, 0.002519553209534221, 0.06181210096150951, 0.0028701013205012986, 0.026431892290342617, 0.0029483189867491972, 0.004168504815457982, 0.00232900567442311, 0.0028488434712470203, 0.002620808170113716]</VALUES>
		<LCS_MIN>[0.08348215371370316, 0.0814649686217308, 0.05182819068431854, 0.017448078840970993, 0.0, 0.0]</LCS_MIN>
		<LCS_MAX>[0.09831840544939041, 0.1046975776553154, 0.07141144573688507, 0.03784900903701782, 0.012939279899001122, 0.014002476818859577]</LCS_MAX>
		<WAVELENGTH>[0.485, 0.56, 0.66, 0.83, 1.65, 2.215]</WAVELENGTH>
		<MEAN_VALUE>[0.09097709166924944, 0.0926499681504255, 0.06181210096150951, 0.026431892290342617, 0.004168504815457982, 0.0028488434712470203]</MEAN_VALUE>
		<CHECKBOX>2</CHECKBOX>
		<SD>[0.0020864746303096986, 0.002519553209534221, 0.0028701013205012986, 0.0029483189867491972, 0.00232900567442311, 0.002620808170113716]</SD>
		<WAVELENGTH_UNIT>E-6m</WAVELENGTH_UNIT>
		<COLOR>#c27051</COLOR>
		<COVARIANCE_MATRIX>[[4.365731675967248e-06, 1.007314363111581e-06, 1.4634207865736955e-06, 1.377695716458328e-06, -6.711410013819899e-08, -3.992238209389819e-08], [1.007314363111581e-06, 5.894544351315245e-06, 2.777843763748269e-06, 2.436381534563379e-06, -1.0696462866253015e-08, -2.061984393801787e-08], [1.4634207865736955e-06, 2.777843763748269e-06, 7.40110734151106e-06, 3.921462322283196e-06, -6.824904579050333e-08, -3.593825645588037e-08], [1.377695716458328e-06, 2.436381534563379e-06, 3.921462322283196e-06, 8.146454772316493e-06, 3.093195492090668e-07, 3.0826094215603746e-07], [-6.711410013819899e-08, -1.0696462866253015e-08, -6.824904579050333e-08, 3.093195492090668e-07, 5.229459551198287e-06, 7.409891373535545e-07], [-3.992238209389819e-08, -2.061984393801787e-08, -3.593825645588037e-08, 3.0826094215603746e-07, 7.409891373535545e-07, 6.87958474408452e-06]]</COVARIANCE_MATRIX>
		<ROI_SIZE>10201</ROI_SIZE>
		<MAX_VALUE>[0.09831840544939041, 0.1046975776553154, 0.07141144573688507, 0.03784900903701782, 0.012939279899001122, 0.014002476818859577]</MAX_VALUE>
		<MIN_VALUE>[0.08348215371370316, 0.0814649686217308, 0.05182819068431854, 0.017448078840970993, 0.0, 0.0]</MIN_VALUE>
		<SIGNATURE_THRESHOLD_MD>0</SIGNATURE_THRESHOLD_MD>
		<SIGNATURE_THRESHOLD_ML>0</SIGNATURE_THRESHOLD_ML>
		<SIGNATURE_THRESHOLD_SAM>0</SIGNATURE_THRESHOLD_SAM>
	</signature>
	<signature ID="20210521_150546474940_230">
		<MACROCLASSID>1</MACROCLASSID>
		<MACROCLASSINFO>waterbody</MACROCLASSINFO>
		<CLASSID>11</CLASSID>
		<CLASSINFO>C 1</CLASSINFO>
		<VALUES>[0.08582544160015648, 0.002449864471292116, 0.07256212684089837, 0.0053174728201497365, 0.040104158109825684, 0.005934348256981459, 0.02516760661770491, 0.003627497366844435, 0.00725840578864769, 0.0037817803917500124, 0.005025319153604727, 0.0036916923605252107]</VALUES>
		<LCS_MIN>[0.07791855931282043, 0.06210445985198021, 0.0289810448884964, 0.013367894105613232, 0.0, 0.0]</LCS_MIN>
		<LCS_MAX>[0.0946093499660492, 0.1008254736661911, 0.07793921232223511, 0.05416974425315857, 0.044462401419878006, 0.03286498785018921]</LCS_MAX>
		<WAVELENGTH>[0.485, 0.56, 0.66, 0.83, 1.65, 2.215]</WAVELENGTH>
		<MEAN_VALUE>[0.08582544160015648, 0.07256212684089837, 0.040104158109825684, 0.02516760661770491, 0.00725840578864769, 0.005025319153604727]</MEAN_VALUE>
		<CHECKBOX>2</CHECKBOX>
		<SD>[0.002449864471292116, 0.0053174728201497365, 0.005934348256981459, 0.003627497366844435, 0.0037817803917500124, 0.0036916923605252107]</SD>
		<WAVELENGTH_UNIT>E-6m</WAVELENGTH_UNIT>
		<COLOR>#164a1e</COLOR>
		<COVARIANCE_MATRIX>[[5.537994417562318e-06, 5.0989154929141555e-06, 3.919458813007491e-06, 1.4582125717352712e-06, 5.50412680700881e-07, 6.203158617807616e-07], [5.0989154929141555e-06, 2.524771306401842e-05, 2.3449746654890458e-05, 6.836034904003342e-06, 5.851649837876632e-06, 4.601569596376965e-06], [3.919458813007491e-06, 2.3449746654890458e-05, 3.725625806299818e-05, 1.1666110628144212e-05, 1.1498345248070085e-05, 8.417937224763307e-06], [1.4582125717352712e-06, 6.836034904003342e-06, 1.1666110628144212e-05, 1.340853716175714e-05, 7.103052785164586e-06, 5.266191569987994e-06], [5.50412680700881e-07, 5.851649837876632e-06, 1.1498345248070085e-05, 7.103052785164586e-06, 1.470674957867371e-05, 7.54824732738329e-06], [6.203158617807616e-07, 4.601569596376965e-06, 8.417937224763307e-06, 5.266191569987994e-06, 7.54824732738329e-06, 1.4070237338310112e-05]]</COVARIANCE_MATRIX>
		<ROI_SIZE>5951</ROI_SIZE>
		<MAX_VALUE>[0.0946093499660492, 0.1008254736661911, 0.07793921232223511, 0.05416974425315857, 0.044462401419878006, 0.03286498785018921]</MAX_VALUE>
		<MIN_VALUE>[0.07791855931282043, 0.06210445985198021, 0.0289810448884964, 0.013367894105613232, 0.0, 0.0]</MIN_VALUE>
		<SIGNATURE_THRESHOLD_MD>0</SIGNATURE_THRESHOLD_MD>
		<SIGNATURE_THRESHOLD_ML>0</SIGNATURE_THRESHOLD_ML>
		<SIGNATURE_THRESHOLD_SAM>0</SIGNATURE_THRESHOLD_SAM>
	</signature>
	<signature ID="20210521_150553757938_568">
		<MACROCLASSID>1</MACROCLASSID>
		<MACROCLASSINFO>waterbody</MACROCLASSINFO>
		<CLASSID>12</CLASSID>
		<CLASSINFO>C 1</CLASSINFO>
		<VALUES>[0.10512377936066244, 0.0032551604159172937, 0.11087935102003352, 0.00390769235522427, 0.07084838867361784, 0.009249879879443845, 0.03386426510082349, 0.007323535344262199, 0.014913316140746511, 0.007518986379228068, 0.01068541196607903, 0.006900801627054976]</VALUES>
		<LCS_MIN>[0.09275481104850769, 0.0892091616988182, 0.058355946093797684, 0.025608446449041367, 0.005058499053120613, 0.0]</LCS_MIN>
		<LCS_MAX>[0.11315466463565826, 0.120185986161232, 0.1073141023516655, 0.06641031056642532, 0.04971626028418541, 0.04418250173330307]</LCS_MAX>
		<WAVELENGTH>[0.485, 0.56, 0.66, 0.83, 1.65, 2.215]</WAVELENGTH>
		<MEAN_VALUE>[0.10512377936066244, 0.11087935102003352, 0.07084838867361784, 0.03386426510082349, 0.014913316140746511, 0.01068541196607903]</MEAN_VALUE>
		<CHECKBOX>2</CHECKBOX>
		<SD>[0.0032551604159172937, 0.00390769235522427, 0.009249879879443845, 0.007323535344262199, 0.007518986379228068, 0.006900801627054976]</SD>
		<WAVELENGTH_UNIT>E-6m</WAVELENGTH_UNIT>
		<COLOR>#e5e16c</COLOR>
		<COVARIANCE_MATRIX>[[1.0627142850461515e-05, 6.536622442014087e-06, -1.566483262269295e-05, -1.2856001237224987e-05, -1.050184113454778e-05, -8.747500661160727e-06], [6.536622442014087e-06, 1.5314839776342462e-05, -6.970195732926596e-07, -8.884997621919509e-06, -7.525833759915419e-06, -7.223569889281873e-06], [-1.566483262269295e-05, -6.970195732926596e-07, 8.581118768966563e-05, 4.293459151965476e-05, 3.121166856726481e-05, 2.7317727898875255e-05], [-1.2856001237224987e-05, -8.884997621919509e-06, 4.293459151965476e-05, 5.37914548944895e-05, 3.928977201675155e-05, 3.414599042557481e-05], [-1.050184113454778e-05, -7.525833759915419e-06, 3.121166856726481e-05, 3.928977201675155e-05, 5.670094841785302e-05, 4.0299632711783324e-05], [-8.747500661160727e-06, -7.223569889281873e-06, 2.7317727898875255e-05, 3.414599042557481e-05, 4.0299632711783324e-05, 4.7760714307389696e-05]]</COVARIANCE_MATRIX>
		<ROI_SIZE>342</ROI_SIZE>
		<MAX_VALUE>[0.11315466463565826, 0.120185986161232, 0.1073141023516655, 0.06641031056642532, 0.04971626028418541, 0.04418250173330307]</MAX_VALUE>
		<MIN_VALUE>[0.09275481104850769, 0.0892091616988182, 0.058355946093797684, 0.025608446449041367, 0.005058499053120613, 0.0]</MIN_VALUE>
		<SIGNATURE_THRESHOLD_MD>0</SIGNATURE_THRESHOLD_MD>
		<SIGNATURE_THRESHOLD_ML>0</SIGNATURE_THRESHOLD_ML>
		<SIGNATURE_THRESHOLD_SAM>0</SIGNATURE_THRESHOLD_SAM>
	</signature>
	<signature ID="20210521_150556862124_656">
		<MACROCLASSID>1</MACROCLASSID>
		<MACROCLASSINFO>waterbody</MACROCLASSINFO>
		<CLASSID>13</CLASSID>
		<CLASSINFO>C 1</CLASSINFO>
		<VALUES>[0.09605215593424547, 0.0023410989129506008, 0.107321335542156, 0.006174491235096505, 0.07328282902916201, 0.009256905217003897, 0.03302052569607964, 0.006527059340222189, 0.012098577834079645, 0.006929782576091784, 0.00855669234951232, 0.00642578570676059]</VALUES>
		<LCS_MIN>[0.08904574066400528, 0.0930812656879425, 0.058355946093797684, 0.017448078840970993, 0.0, 0.0]</LCS_MIN>
		<LCS_MAX>[0.10202746093273163, 0.12405809015035629, 0.10078635066747665, 0.07049049437046051, 0.0418354757130146, 0.03663749247789383]</LCS_MAX>
		<WAVELENGTH>[0.485, 0.56, 0.66, 0.83, 1.65, 2.215]</WAVELENGTH>
		<MEAN_VALUE>[0.09605215593424547, 0.107321335542156, 0.07328282902916201, 0.03302052569607964, 0.012098577834079645, 0.00855669234951232]</MEAN_VALUE>
		<CHECKBOX>2</CHECKBOX>
		<SD>[0.0023410989129506008, 0.006174491235096505, 0.009256905217003897, 0.006527059340222189, 0.006929782576091784, 0.00642578570676059]</SD>
		<WAVELENGTH_UNIT>E-6m</WAVELENGTH_UNIT>
		<COLOR>#e5a691</COLOR>
		<COVARIANCE_MATRIX>[[5.491345172675375e-06, 8.34661504245541e-06, 8.405492230203732e-06, -8.209484514275505e-07, -3.7666732230592295e-06, -3.7694173154868717e-06], [8.34661504245541e-06, 3.819808348619507e-05, 4.177042322851225e-05, 3.403410761018038e-06, -9.15595447426161e-06, -9.29239256278076e-06], [8.405492230203732e-06, 4.177042322851225e-05, 8.58560394464905e-05, 3.313772692351693e-05, 1.4302471694047697e-05, 1.1873647542299502e-05], [-8.209484514275505e-07, 3.403410761018038e-06, 3.313772692351693e-05, 4.268490692600583e-05, 3.1918643814020896e-05, 2.670852475152734e-05], [-3.7666732230592295e-06, -9.15595447426161e-06, 1.4302471694047697e-05, 3.1918643814020896e-05, 4.811477221254732e-05, 3.388866150839165e-05], [-3.7694173154868717e-06, -9.29239256278076e-06, 1.1873647542299502e-05, 2.670852475152734e-05, 3.388866150839165e-05, 4.1370587949110464e-05]]</COVARIANCE_MATRIX>
		<ROI_SIZE>518</ROI_SIZE>
		<MAX_VALUE>[0.10202746093273163, 0.12405809015035629, 0.10078635066747665, 0.07049049437046051, 0.0418354757130146, 0.03663749247789383]</MAX_VALUE>
		<MIN_VALUE>[0.08904574066400528, 0.0930812656879425, 0.058355946093797684, 0.017448078840970993, 0.0, 0.0]</MIN_VALUE>
		<SIGNATURE_THRESHOLD_MD>0</SIGNATURE_THRESHOLD_MD>
		<SIGNATURE_THRESHOLD_ML>0</SIGNATURE_THRESHOLD_ML>
		<SIGNATURE_THRESHOLD_SAM>0</SIGNATURE_THRESHOLD_SAM>
	</signature>
	<signature ID="20210521_150600314629_690">
		<MACROCLASSID>1</MACROCLASSID>
		<MACROCLASSINFO>waterbody</MACROCLASSINFO>
		<CLASSID>14</CLASSID>
		<CLASSINFO>C 1</CLASSINFO>
		<VALUES>[0.09304596783764936, 0.001988258201579507, 0.0896584883891682, 0.004766845925733502, 0.059458757105439186, 0.01044306689748831, 0.03252944856271807, 0.005915949678971622, 0.015144823172285445, 0.008160419926937727, 0.010353506485527896, 0.007010636096884156]</VALUES>
		<LCS_MIN>[0.08533668518066406, 0.0814649686217308, 0.0453004352748394, 0.02152826264500618, 0.0024315721821039915, 0.0]</LCS_MIN>
		<LCS_MAX>[0.09831840544939041, 0.1008254736661911, 0.08773083984851837, 0.06641031056642532, 0.047089334577322006, 0.04418250173330307]</LCS_MAX>
		<WAVELENGTH>[0.485, 0.56, 0.66, 0.83, 1.65, 2.215]</WAVELENGTH>
		<MEAN_VALUE>[0.09304596783764936, 0.0896584883891682, 0.059458757105439186, 0.03252944856271807, 0.015144823172285445, 0.010353506485527896]</MEAN_VALUE>
		<CHECKBOX>2</CHECKBOX>
		<SD>[0.001988258201579507, 0.004766845925733502, 0.01044306689748831, 0.005915949678971622, 0.008160419926937727, 0.007010636096884156]</SD>
		<WAVELENGTH_UNIT>E-6m</WAVELENGTH_UNIT>
		<COLOR>#de49fd</COLOR>
		<COVARIANCE_MATRIX>[[3.966708931888392e-06, -1.3854757288687767e-06, -4.571703422387714e-06, 2.8434643874556277e-07, -1.1281874951837895e-06, -1.5621719540921682e-06], [-1.3854757288687767e-06, 2.2800637956667086e-05, 4.048994127619275e-05, 8.241810850199275e-06, 1.2138284090189376e-05, 7.5905820059640316e-06], [-4.571703422387714e-06, 4.048994127619275e-05, 0.00010943113131522923, 3.15176645925025e-05, 3.981259228576986e-05, 2.772897789222758e-05], [2.8434643874556277e-07, 8.241810850199275e-06, 3.15176645925025e-05, 3.5118318345919414e-05, 3.3062571866291486e-05, 2.638910068369214e-05], [-1.1281874951837895e-06, 1.2138284090189376e-05, 3.981259228576986e-05, 3.3062571866291486e-05, 6.682050973116765e-05, 4.9606052936632046e-05], [-1.5621719540921682e-06, 7.5905820059640316e-06, 2.772897789222758e-05, 2.638910068369214e-05, 4.9606052936632046e-05, 4.9317337039383526e-05]]</COVARIANCE_MATRIX>
		<ROI_SIZE>293</ROI_SIZE>
		<MAX_VALUE>[0.09831840544939041, 0.1008254736661911, 0.08773083984851837, 0.06641031056642532, 0.047089334577322006, 0.04418250173330307]</MAX_VALUE>
		<MIN_VALUE>[0.08533668518066406, 0.0814649686217308, 0.0453004352748394, 0.02152826264500618, 0.0024315721821039915, 0.0]</MIN_VALUE>
		<SIGNATURE_THRESHOLD_MD>0</SIGNATURE_THRESHOLD_MD>
		<SIGNATURE_THRESHOLD_ML>0</SIGNATURE_THRESHOLD_ML>
		<SIGNATURE_THRESHOLD_SAM>0</SIGNATURE_THRESHOLD_SAM>
	</signature>
	<signature ID="20210521_150605287448_950">
		<MACROCLASSID>1</MACROCLASSID>
		<MACROCLASSINFO>waterbody</MACROCLASSINFO>
		<CLASSID>15</CLASSID>
		<CLASSINFO>C 1</CLASSINFO>
		<VALUES>[0.1116347344996372, 0.004226009136608442, 0.12516309194407355, 0.006804737947122591, 0.09475896583940334, 0.005045023284587597, 0.03922991977811277, 0.009084613735021476, 0.014591554806892813, 0.010414293866862767, 0.010117952083676754, 0.008275633922444011]</VALUES>
		<LCS_MIN>[0.09090027958154678, 0.0930812656879425, 0.06814757734537125, 0.025608446449041367, 0.0, 0.0]</LCS_MIN>
		<LCS_MAX>[0.12057279795408249, 0.1356744021177292, 0.11057798564434052, 0.07049049437046051, 0.05234318599104881, 0.04418250173330307]</LCS_MAX>
		<WAVELENGTH>[0.485, 0.56, 0.66, 0.83, 1.65, 2.215]</WAVELENGTH>
		<MEAN_VALUE>[0.1116347344996372, 0.12516309194407355, 0.09475896583940334, 0.03922991977811277, 0.014591554806892813, 0.010117952083676754]</MEAN_VALUE>
		<CHECKBOX>2</CHECKBOX>
		<SD>[0.004226009136608442, 0.006804737947122591, 0.005045023284587597, 0.009084613735021476, 0.010414293866862767, 0.008275633922444011]</SD>
		<WAVELENGTH_UNIT>E-6m</WAVELENGTH_UNIT>
		<COLOR>#c3c999</COLOR>
		<COVARIANCE_MATRIX>[[1.7880238409501737e-05, 2.3571930006793796e-05, 1.5454328425897045e-05, -2.308271025888999e-05, -2.2313809101010486e-05, -1.382047199136617e-05], [2.3571930006793796e-05, 4.6359127311216786e-05, 2.669215450524114e-05, -4.30860734247885e-05, -4.180361460413691e-05, -2.55020219497055e-05], [1.5454328425897045e-05, 2.669215450524114e-05, 2.5482309835705372e-05, -1.8930251063921504e-05, -1.5783872263337898e-05, -6.374696617666513e-06], [-2.308271025888999e-05, -4.30860734247885e-05, -1.8930251063921504e-05, 8.262764497512461e-05, 7.926629626432744e-05, 5.595967331045322e-05], [-2.2313809101010486e-05, -4.180361460413691e-05, -1.5783872263337898e-05, 7.926629626432744e-05, 0.0001085855657616039, 7.367485830461519e-05], [-1.382047199136617e-05, -2.55020219497055e-05, -6.374696617666513e-06, 5.595967331045322e-05, 7.367485830461519e-05, 6.856697409908322e-05]]</COVARIANCE_MATRIX>
		<ROI_SIZE>848</ROI_SIZE>
		<MAX_VALUE>[0.12057279795408249, 0.1356744021177292, 0.11057798564434052, 0.07049049437046051, 0.05234318599104881, 0.04418250173330307]</MAX_VALUE>
		<MIN_VALUE>[0.09090027958154678, 0.0930812656879425, 0.06814757734537125, 0.025608446449041367, 0.0, 0.0]</MIN_VALUE>
		<SIGNATURE_THRESHOLD_MD>0</SIGNATURE_THRESHOLD_MD>
		<SIGNATURE_THRESHOLD_ML>0</SIGNATURE_THRESHOLD_ML>
		<SIGNATURE_THRESHOLD_SAM>0</SIGNATURE_THRESHOLD_SAM>
	</signature>
	<signature ID="20210521_150609035950_801">
		<MACROCLASSID>1</MACROCLASSID>
		<MACROCLASSINFO>waterbody</MACROCLASSINFO>
		<CLASSID>16</CLASSID>
		<CLASSINFO>C 1</CLASSINFO>
		<VALUES>[0.08393912879233387, 0.0023031928473827823, 0.076999038098394, 0.0032414313357442366, 0.04963102467713303, 0.003899428420997575, 0.029625358449970232, 0.006997456886052667, 0.01046274022610044, 0.007262267183726953, 0.007009587002306164, 0.0056132895361870674]</VALUES>
		<LCS_MIN>[0.0705004334449768, 0.050488151609897614, 0.03224492073059082, 0.013367894105613232, 0.0, 0.0]</LCS_MIN>
		<LCS_MAX>[0.09090027958154678, 0.0892091616988182, 0.07793921232223511, 0.06233011558651924, 0.044462401419878006, 0.04418250173330307]</LCS_MAX>
		<WAVELENGTH>[0.485, 0.56, 0.66, 0.83, 1.65, 2.215]</WAVELENGTH>
		<MEAN_VALUE>[0.08393912879233387, 0.076999038098394, 0.04963102467713303, 0.029625358449970232, 0.01046274022610044, 0.007009587002306164]</MEAN_VALUE>
		<CHECKBOX>2</CHECKBOX>
		<SD>[0.0023031928473827823, 0.0032414313357442366, 0.003899428420997575, 0.006997456886052667, 0.007262267183726953, 0.0056132895361870674]</SD>
		<WAVELENGTH_UNIT>E-6m</WAVELENGTH_UNIT>
		<COLOR>#757b71</COLOR>
