<?xml version="1.0" ?>
<signaturelist MCID_LIST="[['1', 'waterbody', '#937618'], ['2', 'vegetation', '#363f0f'], ['3', 'bareland', '#c31d27'], ['4', 'built-up', '#60752e']]">
	<signature ID="20210517_092447380536_477">
		<MACROCLASSID>1</MACROCLASSID>
		<MACROCLASSINFO>waterbody</MACROCLASSINFO>
		<CLASSID>1</CLASSID>
		<CLASSINFO>C 1</CLASSINFO>
		<VALUES>[0.12998448, 0.00442275, 0.11382132, 0.0074461633, 0.083114386, 0.0073563294, 0.049748577, 0.006765441, 0.013377566, 0.005681654, 0.008512, 0.0051243748]</VALUES>
		<LCS_MIN>[0.11382202, 0.08769445, 0.062818326, 0.036351062, 0.0, 0.0]</LCS_MIN>
		<LCS_MAX>[0.15175256, 0.15021737, 0.13308753, 0.106626116, 0.042206768, 0.03537812]</LCS_MAX>
		<WAVELENGTH>[0.485, 0.56, 0.66, 0.83, 1.65, 2.215]</WAVELENGTH>
		<MEAN_VALUE>[0.12998448, 0.11382132, 0.083114386, 0.049748577, 0.013377566, 0.008512]</MEAN_VALUE>
		<CHECKBOX>2</CHECKBOX>
		<SD>[0.00442275, 0.0074461633, 0.0073563294, 0.006765441, 0.005681654, 0.0051243748]</SD>
		<WAVELENGTH_UNIT>E-6m</WAVELENGTH_UNIT>
		<COLOR>#937618</COLOR>
		<COVARIANCE_MATRIX>[[1.956429414226599e-05, 2.652268517962686e-05, 2.3490944232884905e-05, 8.459678485946391e-06, 1.8908214182232639e-06, 1.2458761422968917e-06], [2.652268517962686e-05, 5.545549142838608e-05, 4.420341517732976e-05, 1.4486774274509176e-05, 2.0826622714125965e-06, 1.335082583641378e-06], [2.3490944232884905e-05, 4.420341517732976e-05, 5.412547517121519e-05, 2.3273090930866636e-05, 6.699830218458152e-06, 4.979867313254162e-06], [8.459678485946391e-06, 1.4486774274509176e-05, 2.3273090930866636e-05, 4.577956784810582e-05, 2.308648497738746e-05, 1.6669627387457506e-05], [1.8908214182232639e-06, 2.0826622714125965e-06, 6.699830218458152e-06, 2.308648497738746e-05, 3.228709764433001e-05, 1.8869247245172064e-05], [1.2458761422968917e-06, 1.335082583641378e-06, 4.979867313254162e-06, 1.6669627387457506e-05, 1.8869247245172064e-05, 2.626402441860397e-05]]</COVARIANCE_MATRIX>
		<ROI_SIZE>5467</ROI_SIZE>
		<MAX_VALUE>[0.15175256, 0.15021737, 0.13308753, 0.106626116, 0.042206768, 0.03537812]</MAX_VALUE>
		<MIN_VALUE>[0.11382202, 0.08769445, 0.062818326, 0.036351062, 0.0, 0.0]</MIN_VALUE>
		<SIGNATURE_THRESHOLD_MD>0</SIGNATURE_THRESHOLD_MD>
		<SIGNATURE_THRESHOLD_ML>0</SIGNATURE_THRESHOLD_ML>
		<SIGNATURE_THRESHOLD_SAM>0</SIGNATURE_THRESHOLD_SAM>
	</signature>
	<signature ID="20210517_100836130059_996">
		<MACROCLASSID>1</MACROCLASSID>
		<MACROCLASSINFO>waterbody</MACROCLASSINFO>
		<CLASSID>2</CLASSID>
		<CLASSINFO>C 1</CLASSINFO>
		<VALUES>[0.11682214, 0.0064320834, 0.09486998, 0.010639075, 0.07064645, 0.0077665118, 0.055487882, 0.0067693153, 0.019536762, 0.0069448305, 0.012316802, 0.006419413]</VALUES>
		<LCS_MIN>[0.10583664, 0.07518986, 0.0557914, 0.04513545, 0.0054453136, 0.0]</LCS_MIN>
		<LCS_MAX>[0.13777816, 0.12104002, 0.10497986, 0.08466516, 0.05351798, 0.043500084]</LCS_MAX>
		<WAVELENGTH>[0.485, 0.56, 0.66, 0.83, 1.65, 2.215]</WAVELENGTH>
		<MEAN_VALUE>[0.11682214, 0.09486998, 0.07064645, 0.055487882, 0.019536762, 0.012316802]</MEAN_VALUE>
		<CHECKBOX>2</CHECKBOX>
		<SD>[0.0064320834, 0.010639075, 0.0077665118, 0.0067693153, 0.0069448305, 0.006419413]</SD>
		<WAVELENGTH_UNIT>E-6m</WAVELENGTH_UNIT>
		<COLOR>#54cd6d</COLOR>
		<COVARIANCE_MATRIX>[[4.1449169134418516e-05, 5.252796740164623e-05, 4.260539029427694e-05, 1.2412999768970677e-05, 2.138146192854713e-05, 2.2621109688608188e-05], [5.252796740164623e-05, 0.0001134018837752749, 7.33879046230781e-05, 1.6154294001338484e-05, 2.2326424666579492e-05, 2.8555435563515496e-05], [4.260539029427694e-05, 7.33879046230781e-05, 6.043165702143212e-05, 1.9259238213707687e-05, 2.3890533339281227e-05, 2.6717768228658336e-05], [1.2412999768970677e-05, 1.6154294001338484e-05, 1.9259238213707687e-05, 4.5909441296692396e-05, 2.805518580619098e-05, 2.082119715109203e-05], [2.138146192854713e-05, 2.2326424666579492e-05, 2.3890533339281227e-05, 2.805518580619098e-05, 4.832099259477332e-05, 3.3603341193578283e-05], [2.2621109688608188e-05, 2.8555435563515496e-05, 2.6717768228658336e-05, 2.082119715109203e-05, 3.3603341193578283e-05, 4.128602343337108e-05]]</COVARIANCE_MATRIX>
		<ROI_SIZE>535</ROI_SIZE>
		<MAX_VALUE>[0.13777816, 0.12104002, 0.10497986, 0.08466516, 0.05351798, 0.043500084]</MAX_VALUE>
		<MIN_VALUE>[0.10583664, 0.07518986, 0.0557914, 0.04513545, 0.0054453136, 0.0]</MIN_VALUE>
		<SIGNATURE_THRESHOLD_MD>0</SIGNATURE_THRESHOLD_MD>
		<SIGNATURE_THRESHOLD_ML>0</SIGNATURE_THRESHOLD_ML>
		<SIGNATURE_THRESHOLD_SAM>0</SIGNATURE_THRESHOLD_SAM>
	</signature>
	<signature ID="20210517_103020766585_773">
		<MACROCLASSID>1</MACROCLASSID>
		<MACROCLASSINFO>waterbody</MACROCLASSINFO>
		<CLASSID>3</CLASSID>
		<CLASSINFO>C 1</CLASSINFO>
		<VALUES>[0.13099113, 0.0037375812, 0.11933122, 0.00792183, 0.08901125, 0.010335983, 0.048005577, 0.0054867123, 0.010080129, 0.004020986, 0.0064461958, 0.004169149]</VALUES>
		<LCS_MIN>[0.11781473, 0.10019904, 0.062818326, 0.036351062, 0.0, 0.0]</LCS_MIN>
		<LCS_MAX>[0.14376718, 0.1377128, 0.119033694, 0.07588079, 0.030895546, 0.027256161]</LCS_MAX>
		<WAVELENGTH>[0.485, 0.56, 0.66, 0.83, 1.65, 2.215]</WAVELENGTH>
		<MEAN_VALUE>[0.13099113, 0.11933122, 0.08901125, 0.048005577, 0.010080129, 0.0064461958]</MEAN_VALUE>
		<CHECKBOX>2</CHECKBOX>
		<SD>[0.0037375812, 0.00792183, 0.010335983, 0.0054867123, 0.004020986, 0.004169149]</SD>
		<WAVELENGTH_UNIT>E-6m</WAVELENGTH_UNIT>
		<COLOR>#0291b5</COLOR>
		<COVARIANCE_MATRIX>[[1.3970339531999087e-05, 2.1663185414777853e-05, 2.8922572123796498e-05, 1.2674180092281417e-05, 1.4512972902485374e-06, 1.5615536849357604e-06], [2.1663185414777853e-05, 6.275911075809168e-05, 7.373751966235502e-05, 3.06193958578214e-05, 1.5231168884554436e-06, 1.7226645079891699e-06], [2.8922572123796498e-05, 7.373751966235502e-05, 0.0001068388765003865, 4.519123162708252e-05, 2.048516914107919e-06, 2.918679493107967e-06], [1.2674180092281417e-05, 3.06193958578214e-05, 4.519123162708252e-05, 3.0105789394703986e-05, 5.372557522552503e-06, 4.770944498163095e-06], [1.4512972902485374e-06, 1.5231168884554436e-06, 2.048516914107919e-06, 5.372557522552503e-06, 1.6169290491461954e-05, 8.68694970091253e-06], [1.5615536849357604e-06, 1.7226645079891699e-06, 2.918679493107967e-06, 4.770944498163095e-06, 8.68694970091253e-06, 1.7382831816275006e-05]]</COVARIANCE_MATRIX>
		<ROI_SIZE>6820</ROI_SIZE>
		<MAX_VALUE>[0.14376718, 0.1377128, 0.119033694, 0.07588079, 0.030895546, 0.027256161]</MAX_VALUE>
		<MIN_VALUE>[0.11781473, 0.10019904, 0.062818326, 0.036351062, 0.0, 0.0]</MIN_VALUE>
		<SIGNATURE_THRESHOLD_MD>0</SIGNATURE_THRESHOLD_MD>
		<SIGNATURE_THRESHOLD_ML>0</SIGNATURE_THRESHOLD_ML>
		<SIGNATURE_THRESHOLD_SAM>0</SIGNATURE_THRESHOLD_SAM>
	</signature>
	<signature ID="20210517_112828088362_253">
		<MACROCLASSID>2</MACROCLASSID>
		<MACROCLASSINFO>vegetation</MACROCLASSINFO>
		<CLASSID>4</CLASSID>
		<CLASSINFO>C 1</CLASSINFO>
		<VALUES>[0, 0, 0, 0, 0, 0, 0, 0, 0, 0, 0, 0]</VALUES>
		<LCS_MIN>[0, 0, 0, 0, 0, 0]</LCS_MIN>
		<LCS_MAX>[0, 0, 0, 0, 0, 0]</LCS_MAX>
		<WAVELENGTH>[0.485, 0.56, 0.66, 0.83, 1.65, 2.215]</WAVELENGTH>
		<MEAN_VALUE>[0, 0, 0, 0, 0, 0]</MEAN_VALUE>
		<CHECKBOX>2</CHECKBOX>
		<SD>[0, 0, 0, 0, 0, 0]</SD>
		<WAVELENGTH_UNIT>E-6m</WAVELENGTH_UNIT>
		<COLOR>#363f0f</COLOR>
		<COVARIANCE_MATRIX>No</COVARIANCE_MATRIX>
		<ROI_SIZE>0</ROI_SIZE>
		<MAX_VALUE>[0, 0, 0, 0, 0, 0]</MAX_VALUE>
		<MIN_VALUE>[0, 0, 0, 0, 0, 0]</MIN_VALUE>
		<SIGNATURE_THRESHOLD_MD>0</SIGNATURE_THRESHOLD_MD>
		<SIGNATURE_THRESHOLD_ML>0</SIGNATURE_THRESHOLD_ML>
		<SIGNATURE_THRESHOLD_SAM>0</SIGNATURE_THRESHOLD_SAM>
	</signature>
	<signature ID="20210517_114353360952_510">
		<MACROCLASSID>3</MACROCLASSID>
		<MACROCLASSINFO>bareland</MACROCLASSINFO>
		<CLASSID>5</CLASSID>
		<CLASSINFO>C 1</CLASSINFO>
		<VALUES>[0.15489998, 0.0057760226, 0.14882815, 0.009459211, 0.15886238, 0.013344169, 0.23611824, 0.010426209, 0.2977542, 0.015450681, 0.23852932, 0.0206811]</VALUES>
		<LCS_MIN>[0.13777816, 0.12520821, 0.12957408, 0.2032543, 0.26560324, 0.20187831]</LCS_MIN>
		<LCS_MAX>[0.17570871, 0.17522654, 0.19281636, 0.26913717, 0.34195396, 0.2830979]</LCS_MAX>
		<WAVELENGTH>[0.485, 0.56, 0.66, 0.83, 1.65, 2.215]</WAVELENGTH>
		<MEAN_VALUE>[0.15489998, 0.14882815, 0.15886238, 0.23611824, 0.2977542, 0.23852932]</MEAN_VALUE>
		<CHECKBOX>2</CHECKBOX>
		<SD>[0.0057760226, 0.009459211, 0.013344169, 0.010426209, 0.015450681, 0.0206811]</SD>
		<WAVELENGTH_UNIT>E-6m</WAVELENGTH_UNIT>
		<COLOR>#c31d27</COLOR>
		<COVARIANCE_MATRIX>[[3.336606992724003e-05, 4.7635410242596716e-05, 6.731727201061139e-05, 4.3168419844183146e-05, 6.765294298560927e-05, 9.871016297421665e-05], [4.7635410242596716e-05, 8.94864206777271e-05, 0.0001198055672599845, 7.834600869872249e-05, 0.00011416741393678718, 0.0001673511750967049], [6.731727201061139e-05, 0.0001198055672599845, 0.0001780862503772257, 0.00010996715500462644, 0.00016857793541910927, 0.00024356406825461037], [4.3168419844183146e-05, 7.834600869872249e-05, 0.00010996715500462644, 0.00010871767730705802, 0.00011207034026986056, 0.00014373174033463905], [6.765294298560927e-05, 0.00011416741393678718, 0.00016857793541910927, 0.00011207034026986056, 0.0002387495164035541, 0.0002949530254174408], [9.871016297421665e-05, 0.0001673511750967049, 0.00024356406825461037, 0.00014373174033463905, 0.0002949530254174408, 0.0004277545271617882]]</COVARIANCE_MATRIX>
		<ROI_SIZE>9178</ROI_SIZE>
		<MAX_VALUE>[0.17570871, 0.17522654, 0.19281636, 0.26913717, 0.34195396, 0.2830979]</MAX_VALUE>
		<MIN_VALUE>[0.13777816, 0.12520821, 0.12957408, 0.2032543, 0.26560324, 0.20187831]</MIN_VALUE>
		<SIGNATURE_THRESHOLD_MD>0</SIGNATURE_THRESHOLD_MD>
		<SIGNATURE_THRESHOLD_ML>0</SIGNATURE_THRESHOLD_ML>
		<SIGNATURE_THRESHOLD_SAM>0</SIGNATURE_THRESHOLD_SAM>
	</signature>
	<signature ID="20210517_140609895419_482">
		<MACROCLASSID>3</MACROCLASSID>
		<MACROCLASSINFO>bareland</MACROCLASSINFO>
		<CLASSID>6</CLASSID>
		<CLASSINFO>C 1</CLASSINFO>
		<VALUES>[0.1529775, 0.0043527167, 0.14512989, 0.0054037017, 0.15213057, 0.0070520076, 0.20846765, 0.012381638, 0.26982346, 0.018786108, 0.22421893, 0.015814094]</VALUES>
		<LCS_MIN>[0.13977449, 0.12104002, 0.1260606, 0.17250896, 0.2090472, 0.17345144]</LCS_MIN>
		<LCS_MAX>[0.17371236, 0.16272196, 0.17524908, 0.23839185, 0.30519253, 0.258732]</LCS_MAX>
		<WAVELENGTH>[0.485, 0.56, 0.66, 0.83, 1.65, 2.215]</WAVELENGTH>
		<MEAN_VALUE>[0.1529775, 0.14512989, 0.15213057, 0.20846765, 0.26982346, 0.22421893]</MEAN_VALUE>
		<CHECKBOX>2</CHECKBOX>
		<SD>[0.0043527167, 0.0054037017, 0.0070520076, 0.012381638, 0.018786108, 0.015814094]</SD>
		<WAVELENGTH_UNIT>E-6m</WAVELENGTH_UNIT>
		<COLOR>#888bd3</COLOR>
		<COVARIANCE_MATRIX>[[1.894859767189249e-05, 1.6992123206913407e-05, 1.9668495720915833e-05, 9.472110819924077e-06, 1.5454794591332867e-05, 3.442026399772385e-05], [1.6992123206913407e-05, 2.9203759485501238e-05, 3.076362700562014e-05, 2.423600279694671e-05, 3.275832887679146e-05, 5.1171678374793495e-05], [1.9668495720915833e-05, 3.076362700562014e-05, 4.9737241143697473e-05, 5.055500614964623e-05, 7.500411493196386e-05, 8.134281541281399e-05], [9.472110819924077e-06, 2.423600279694671e-05, 5.055500614964623e-05, 0.00015332476456284602, 0.00019739115516590602, 0.00012489906890354572], [1.5454794591332867e-05, 3.275832887679146e-05, 7.500411493196386e-05, 0.00019739115516590602, 0.0003529633201328241, 0.0002436875363218707], [3.442026399772385e-05, 5.1171678374793495e-05, 8.134281541281399e-05, 0.00012489906890354572, 0.0002436875363218707, 0.00025011798993806826]]</COVARIANCE_MATRIX>
		<ROI_SIZE>7740</ROI_SIZE>
		<MAX_VALUE>[0.17371236, 0.16272196, 0.17524908, 0.23839185, 0.30519253, 0.258732]</MAX_VALUE>
		<MIN_VALUE>[0.13977449, 0.12104002, 0.1260606, 0.17250896, 0.2090472, 0.17345144]</MIN_VALUE>
		<SIGNATURE_THRESHOLD_MD>0</SIGNATURE_THRESHOLD_MD>
		<SIGNATURE_THRESHOLD_ML>0</SIGNATURE_THRESHOLD_ML>
		<SIGNATURE_THRESHOLD_SAM>0</SIGNATURE_THRESHOLD_SAM>
	</signature>
	<signature ID="20210517_141900106776_336">
		<MACROCLASSID>3</MACROCLASSID>
		<MACROCLASSINFO>bareland</MACROCLASSINFO>
		<CLASSID>7</CLASSID>
		<CLASSINFO>C 1</CLASSINFO>
		<VALUES>[0.13138902, 0.0059700483, 0.1127824, 0.007980482, 0.10061697, 0.012501732, 0.12583496, 0.022022644, 0.07113358, 0.06882925, 0.053591136, 0.059311684]</VALUES>
		<LCS_MIN>[0.11581837, 0.09186264, 0.069845244, 0.08466516, 0.008273117, 0.0]</LCS_MIN>
		<LCS_MAX>[0.1537489, 0.14604917, 0.14011446, 0.18129335, 0.2090472, 0.16939048]</LCS_MAX>
		<WAVELENGTH>[0.485, 0.56, 0.66, 0.83, 1.65, 2.215]</WAVELENGTH>
		<MEAN_VALUE>[0.13138902, 0.1127824, 0.10061697, 0.12583496, 0.07113358, 0.053591136]</MEAN_VALUE>
		<CHECKBOX>2</CHECKBOX>
		<SD>[0.0059700483, 0.007980482, 0.012501732, 0.022022644, 0.06882925, 0.059311684]</SD>
		<WAVELENGTH_UNIT>E-6m</WAVELENGTH_UNIT>
		<COLOR>#42946b</COLOR>
		<COVARIANCE_MATRIX>[[3.564615527799614e-05, 4.202507561927126e-05, 6.614557956628747e-05, 0.0001004768442457615, 0.00030733916654771725, 0.00026955398500379973], [4.202507561927126e-05, 6.369644588439825e-05, 9.095192350738403e-05, 0.00013856858905454314, 0.0004115476674605817, 0.0003607882503340249], [6.614557956628747e-05, 9.095192350738403e-05, 0.00015631381207926786, 0.00023548324636345327, 0.0007511558612206748, 0.0006560603185760076], [0.0001004768442457615, 0.00013856858905454314, 0.00023548324636345327, 0.0004850605101868586, 0.0014223133933393484, 0.0012084301123542979], [0.00030733916654771725, 0.0004115476674605817, 0.0007511558612206748, 0.0014223133933393484, 0.004738087243081686, 0.0040618766906166375], [0.00026955398500379973, 0.0003607882503340249, 0.0006560603185760076, 0.0012084301123542979, 0.0040618766906166375, 0.0035183374427617694]]</COVARIANCE_MATRIX>
		<ROI_SIZE>7619</ROI_SIZE>
		<MAX_VALUE>[0.1537489, 0.14604917, 0.14011446, 0.18129335, 0.2090472, 0.16939048]</MAX_VALUE>
		<MIN_VALUE>[0.11581837, 0.09186264, 0.069845244, 0.08466516, 0.008273117, 0.0]</MIN_VALUE>
		<SIGNATURE_THRESHOLD_MD>0</SIGNATURE_THRESHOLD_MD>
		<SIGNATURE_THRESHOLD_ML>0</SIGNATURE_THRESHOLD_ML>
		<SIGNATURE_THRESHOLD_SAM>0</SIGNATURE_THRESHOLD_SAM>
	</signature>
	<signature ID="20210517_143020671956_904">
		<MACROCLASSID>4</MACROCLASSID>
		<MACROCLASSINFO>built-up</MACROCLASSINFO>
		<CLASSID>8</CLASSID>
		<CLASSINFO>C 1</CLASSINFO>
		<VALUES>[0.13090402, 0.005524427, 0.110761166, 0.008346144, 0.10258069, 0.011738086, 0.13370419, 0.017935539, 0.13708003, 0.022018656, 0.11785939, 0.02155586]</VALUES>
		<LCS_MIN>[0.11581837, 0.09603084, 0.07687216, 0.102233924, 0.10441845, 0.08410987]</LCS_MIN>
		<LCS_MAX>[0.14576353, 0.1377128, 0.136601, 0.18568555, 0.21187499, 0.19375634]</LCS_MAX>
		<WAVELENGTH>[0.485, 0.56, 0.66, 0.83, 1.65, 2.215]</WAVELENGTH>
		<MEAN_VALUE>[0.13090402, 0.110761166, 0.10258069, 0.13370419, 0.13708003, 0.11785939]</MEAN_VALUE>
		<CHECKBOX>2</CHECKBOX>
		<SD>[0.005524427, 0.008346144, 0.011738086, 0.017935539, 0.022018656, 0.02155586]</SD>
		<WAVELENGTH_UNIT>E-6m</WAVELENGTH_UNIT>
		<COLOR>#60752e</COLOR>
		<COVARIANCE_MATRIX>[[3.061838624088277e-05, 4.023211537742157e-05, 5.591789035907321e-05, 3.8734698064365744e-05, 7.47883164488218e-05, 8.971950148418516e-05], [4.023211537742157e-05, 6.988428658801268e-05, 9.25603133575027e-05, 8.147836988097128e-05, 0.0001385804820862461, 0.00015150389799051348], [5.591789035907321e-05, 9.25603133575027e-05, 0.00013823000582062576, 0.00011487788095065259, 0.0001958715477291122, 0.00021543674923549206], [3.8734698064365744e-05, 8.147836988097128e-05, 0.00011487788095065259, 0.00032272794796146386, 0.0003199401510886629, 0.00023333255969728805], [7.47883164488218e-05, 0.0001385804820862461, 0.0001958715477291122, 0.0003199401510886629, 0.00048639524115146054, 0.0004271392154948024], [8.971950148418516e-05, 0.00015150389799051348, 0.00021543674923549206, 0.00023333255969728805, 0.0004271392154948024, 0.00046616365750585045]]</COVARIANCE_MATRIX>
		<ROI_SIZE>309</ROI_SIZE>
		<MAX_VALUE>[0.14576353, 0.1377128, 0.136601, 0.18568555, 0.21187499, 0.19375634]</MAX_VALUE>
		<MIN_VALUE>[0.11581837, 0.09603084, 0.07687216, 0.102233924, 0.10441845, 0.08410987]</MIN_VALUE>
		<SIGNATURE_THRESHOLD_MD>0</SIGNATURE_THRESHOLD_MD>
		<SIGNATURE_THRESHOLD_ML>0</SIGNATURE_THRESHOLD_ML>
		<SIGNATURE_THRESHOLD_SAM>0</SIGNATURE_THRESHOLD_SAM>
	</signature>
	<signature ID="20210517_143444844910_396">
		<MACROCLASSID>4</MACROCLASSID>
		<MACROCLASSINFO>built-up</MACROCLASSINFO>
		<CLASSID>9</CLASSID>
		<CLASSINFO>C 1</CLASSINFO>
		<VALUES>[0.13653599, 0.0036759905, 0.11835384, 0.0063461047, 0.11302177, 0.0067733675, 0.13961634, 0.011588217, 0.13502155, 0.011777444, 0.11876357, 0.012657987]</VALUES>
		<LCS_MIN>[0.12779643, 0.10436723, 0.09795293, 0.1110183, 0.107246235, 0.100353815]</LCS_MIN>
		<LCS_MAX>[0.14576353, 0.1377128, 0.13308753, 0.15933241, 0.15814671, 0.14502458]</LCS_MAX>
		<WAVELENGTH>[0.485, 0.56, 0.66, 0.83, 1.65, 2.215]</WAVELENGTH>
		<MEAN_VALUE>[0.13653599, 0.11835384, 0.11302177, 0.13961634, 0.13502155, 0.11876357]</MEAN_VALUE>
		<CHECKBOX>2</CHECKBOX>
		<SD>[0.0036759905, 0.0063461047, 0.0067733675, 0.011588217, 0.011777444, 0.012657987]</SD>
		<WAVELENGTH_UNIT>E-6m</WAVELENGTH_UNIT>
		<COLOR>#287c75</COLOR>
		<COVARIANCE_MATRIX>[[1.3820016685904148e-05, 1.7201245167488016e-05, 1.7868172620816637e-05, 4.24687764183054e-06, 4.750009269873924e-06, 1.4543659806151328e-05], [1.7201245167488016e-05, 4.1188337699235796e-05, 3.640488873902682e-05, 2.4058661832402642e-05, 2.8086009299516098e-05, 4.018870821402642e-05], [1.7868172620816637e-05, 3.640488873902682e-05, 4.692119714751578e-05, 4.256213342662726e-05, 4.6134269541381086e-05, 5.903964136916171e-05], [4.24687764183054e-06, 2.4058661832402642e-05, 4.256213342662726e-05, 0.00013733872823368132, 0.00011293646142232158, 9.556091068934173e-05], [4.750009269873924e-06, 2.8086009299516098e-05, 4.6134269541381086e-05, 0.00011293646142232158, 0.00014186063678280953, 0.00012325787112141523], [1.4543659806151328e-05, 4.018870821402642e-05, 5.903964136916171e-05, 9.556091068934173e-05, 0.00012325787112141523, 0.0001638660947879718]]</COVARIANCE_MATRIX>
		<ROI_SIZE>45</ROI_SIZE>
		<MAX_VALUE>[0.14576353, 0.1377128, 0.13308753, 0.15933241, 0.15814671, 0.14502458]</MAX_VALUE>
		<MIN_VALUE>[0.12779643, 0.10436723, 0.09795293, 0.1110183, 0.107246235, 0.100353815]</MIN_VALUE>
		<SIGNATURE_THRESHOLD_MD>0</SIGNATURE_THRESHOLD_MD>
		<SIGNATURE_THRESHOLD_ML>0</SIGNATURE_THRESHOLD_ML>
		<SIGNATURE_THRESHOLD_SAM>0</SIGNATURE_THRESHOLD_SAM>
	</signature>
	<signature ID="20210517_144409491093_905">
		<MACROCLASSID>4</MACROCLASSID>
		<MACROCLASSINFO>built-up</MACROCLASSINFO>
		<CLASSID>10</CLASSID>
		<CLASSINFO>C 1</CLASSINFO>
		<VALUES>[0.13710788, 0.006088134, 0.11600596, 0.009004648, 0.106108576, 0.01173223, 0.14489335, 0.017683491, 0.14752539, 0.019644944, 0.123179644, 0.019426074]</VALUES>
		<LCS_MIN>[0.12380375, 0.10019904, 0.0838991, 0.102233924, 0.10441845, 0.08817086]</LCS_MIN>
		<LCS_MAX>[0.15774159, 0.15855376, 0.15768175, 0.2032543, 0.2316696, 0.21406126]</LCS_MAX>
		<WAVELENGTH>[0.485, 0.56, 0.66, 0.83, 1.65, 2.215]</WAVELENGTH>
		<MEAN_VALUE>[0.13710788, 0.11600596, 0.106108576, 0.14489335, 0.14752539, 0.123179644]</MEAN_VALUE>
		<CHECKBOX>2</CHECKBOX>
		<SD>[0.006088134, 0.009004648, 0.01173223, 0.017683491, 0.019644944, 0.019426074]</SD>
		<WAVELENGTH_UNIT>E-6m</WAVELENGTH_UNIT>
		<COLOR>#07f9cf</COLOR>
		<COVARIANCE_MATRIX>[[3.7155122045437876e-05, 4.6625162813610204e-05, 6.135454772186432e-05, 2.3057629517714435e-05, 5.1626346048028886e-05, 7.53448665691479e-05], [4.6625162813610204e-05, 8.128000847605019e-05, 9.937990219163376e-05, 7.656705495639345e-05, 0.00011313028743155025, 0.00013219368133141795], [6.135454772186432e-05, 9.937990219163376e-05, 0.00013797851067443552, 8.807809850835317e-05, 0.00014810574037193018, 0.0001814582368398784], [2.3057629517714435e-05, 7.656705495639345e-05, 8.807809850835317e-05, 0.00031346295926690015, 0.0002574279989197464, 0.00015486621281204704], [5.1626346048028886e-05, 0.00011313028743155025, 0.00014810574037193018, 0.0002574279989197464, 0.00038685822059727, 0.0003259439804467771], [7.53448665691479e-05, 0.00013219368133141795, 0.0001814582368398784, 0.00015486621281204704, 0.0003259439804467771, 0.00037828604150509046]]</COVARIANCE_MATRIX>
		<ROI_SIZE>414</ROI_SIZE>
		<MAX_VALUE>[0.15774159, 0.15855376, 0.15768175, 0.2032543, 0.2316696, 0.21406126]</MAX_VALUE>
		<MIN_VALUE>[0.12380375, 0.10019904, 0.0838991, 0.102233924, 0.10441845, 0.08817086]</MIN_VALUE>
		<SIGNATURE_THRESHOLD_MD>0</SIGNATURE_THRESHOLD_MD>
		<SIGNATURE_THRESHOLD_ML>0</SIGNATURE_THRESHOLD_ML>
		<SIGNATURE_THRESHOLD_SAM>0</SIGNATURE_THRESHOLD_SAM>
	</signature>
	<signature ID="20210517_144756679487_228">
		<MACROCLASSID>4</MACROCLASSID>
		<MACROCLASSINFO>built-up</MACROCLASSINFO>
		<CLASSID>11</CLASSID>
		<CLASSINFO>C 1</CLASSINFO>
		<VALUES>[0.14292367, 0.0035878231, 0.123916656, 0.005168881, 0.1173512, 0.005803518, 0.15011497, 0.008601689, 0.1486676, 0.009622948, 0.12855187, 0.010266481]</VALUES>
		<LCS_MIN>[0.13378546, 0.11687183, 0.108493306, 0.13737145, 0.12704086, 0.11253674]</LCS_MIN>
		<LCS_MAX>[0.15574525, 0.1377128, 0.13308753, 0.18129335, 0.16945794, 0.15314654]</LCS_MAX>
		<WAVELENGTH>[0.485, 0.56, 0.66, 0.83, 1.65, 2.215]</WAVELENGTH>
		<MEAN_VALUE>[0.14292367, 0.123916656, 0.1173512, 0.15011497, 0.1486676, 0.12855187]</MEAN_VALUE>
		<CHECKBOX>2</CHECKBOX>
		<SD>[0.0035878231, 0.005168881, 0.005803518, 0.008601689, 0.009622948, 0.010266481]</SD>
		<WAVELENGTH_UNIT>E-6m</WAVELENGTH_UNIT>
		<COLOR>#458d12</COLOR>
		<COVARIANCE_MATRIX>[[1.3056368203629477e-05, 1.2089953085203513e-05, 1.5594684706378225e-05, 2.6358003596539526e-06, 1.71323243730603e-05, 2.099855990139684e-05], [1.2089953085203513e-05, 2.7099004847014286e-05, 2.520258900985602e-05, 1.486333526010816e-05, 3.153038260649254e-05, 3.863226844131943e-05], [1.5594684706378225e-05, 2.520258900985602e-05, 3.4161972656909e-05, 8.960991786962729e-06, 3.250688108700431e-05, 4.363681228366644e-05], [2.6358003596539526e-06, 1.486333526010816e-05, 8.960991786962729e-06, 7.504604183313269e-05, 2.990358381173502e-05, 1.683171060720211e-06], [1.71323243730603e-05, 3.153038260649254e-05, 3.250688108700431e-05, 2.990358381173502e-05, 9.392400471886003e-05, 6.538980208288657e-05], [2.099855990139684e-05, 3.863226844131943e-05, 4.363681228366644e-05, 1.683171060720211e-06, 6.538980208288657e-05, 0.0001069063624508558]]</COVARIANCE_MATRIX>
		<ROI_SIZE>71</ROI_SIZE>
		<MAX_VALUE>[0.15574525, 0.1377128, 0.13308753, 0.18129335, 0.16945794, 0.15314654]</MAX_VALUE>
		<MIN_VALUE>[0.13378546, 0.11687183, 0.108493306, 0.13737145, 0.12704086, 0.11253674]</MIN_VALUE>
		<SIGNATURE_THRESHOLD_MD>0</SIGNATURE_THRESHOLD_MD>
		<SIGNATURE_THRESHOLD_ML>0</SIGNATURE_THRESHOLD_ML>
		<SIGNATURE_THRESHOLD_SAM>0</SIGNATURE_THRESHOLD_SAM>
	</signature>
	<signature ID="20210517_145207280796_830">
		<MACROCLASSID>4</MACROCLASSID>
		<MACROCLASSINFO>built-up</MACROCLASSINFO>
		<CLASSID>12</CLASSID>
		<CLASSINFO>C 1</CLASSINFO>
		<VALUES>[0.13388251, 0.0037741072, 0.11003338, 0.0052408674, 0.09916678, 0.007590292, 0.13878213, 0.010537795, 0.14033547, 0.010846727, 0.1152793, 0.011864196]</VALUES>
		<LCS_MIN>[0.121807404, 0.09186264, 0.08038562, 0.1110183, 0.12138528, 0.100353815]</LCS_MIN>
		<LCS_MAX>[0.14775987, 0.1293764, 0.1260606, 0.15933241, 0.17511353, 0.15314654]</LCS_MAX>
		<WAVELENGTH>[0.485, 0.56, 0.66, 0.83, 1.65, 2.215]</WAVELENGTH>
		<MEAN_VALUE>[0.13388251, 0.11003338, 0.09916678, 0.13878213, 0.14033547, 0.1152793]</MEAN_VALUE>
		<CHECKBOX>2</CHECKBOX>
		<SD>[0.0037741072, 0.0052408674, 0.007590292, 0.010537795, 0.010846727, 0.011864196]</SD>
		<WAVELENGTH_UNIT>E-6m</WAVELENGTH_UNIT>
		<COLOR>#653997</COLOR>
		<COVARIANCE_MATRIX>[[1.4268657904295446e-05, 1.3486604369630411e-05, 2.082663331752901e-05, 9.759635295089705e-06, 1.1284271080016802e-05, 1.604630222030892e-05], [1.3486604369630411e-05, 2.751445517448007e-05, 3.37081059927592e-05, 1.9629340664709405e-05, 2.16019649850584e-05, 3.050396078880342e-05], [2.082663331752901e-05, 3.37081059927592e-05, 5.77127289336097e-05, 2.0318565463968738e-05, 3.4617001520976274e-05, 5.177719054180076e-05], [9.759635295089705e-06, 1.9629340664709405e-05, 2.0318565463968738e-05, 0.0001112382354638205, 3.832443849234873e-05, 8.997741857060587e-06], [1.1284271080016802e-05, 2.16019649850584e-05, 3.4617001520976274e-05, 3.832443849234873e-05, 0.00011785610559893009, 0.00010375553244066695], [1.604630222030892e-05, 3.050396078880342e-05, 5.177719054180076e-05, 8.997741857060587e-06, 0.00010375553244066695, 0.0001410039537619661]]</COVARIANCE_MATRIX>
		<ROI_SIZE>71</ROI_SIZE>
		<MAX_VALUE>[0.14775987, 0.1293764, 0.1260606, 0.15933241, 0.17511353, 0.15314654]</MAX_VALUE>
		<MIN_VALUE>[0.121807404, 0.09186264, 0.08038562, 0.1110183, 0.12138528, 0.100353815]</MIN_VALUE>
		<SIGNATURE_THRESHOLD_MD>0</SIGNATURE_THRESHOLD_MD>
		<SIGNATURE_THRESHOLD_ML>0</SIGNATURE_THRESHOLD_ML>
		<SIGNATURE_THRESHOLD_SAM>0</SIGNATURE_THRESHOLD_SAM>
	</signature>
	<signature ID="20210517_150014134353_908">
		<MACROCLASSID>4</MACROCLASSID>
		<MACROCLASSINFO>built-up</MACROCLASSINFO>
		<CLASSID>13</CLASSID>
		<CLASSINFO>C 1</CLASSINFO>
		<VALUES>[0.13760456, 0.0055509736, 0.1188653, 0.006689422, 0.11315246, 0.008225267, 0.14505778, 0.011431899, 0.15897661, 0.014234218, 0.13981593, 0.014912894]</VALUES>
		<LCS_MIN>[0.121807404, 0.10436723, 0.09443947, 0.11980269, 0.13269648, 0.10441477]</LCS_MIN>
		<LCS_MAX>[0.15973794, 0.1377128, 0.12957408, 0.17690116, 0.20339158, 0.17751242]</LCS_MAX>
		<WAVELENGTH>[0.485, 0.56, 0.66, 0.83, 1.65, 2.215]</WAVELENGTH>
		<MEAN_VALUE>[0.13760456, 0.1188653, 0.11315246, 0.14505778, 0.15897661, 0.13981593]</MEAN_VALUE>
		<CHECKBOX>2</CHECKBOX>
		<SD>[0.0055509736, 0.006689422, 0.008225267, 0.011431899, 0.014234218, 0.014912894]</SD>
		<WAVELENGTH_UNIT>E-6m</WAVELENGTH_UNIT>
		<COLOR>#64a232</COLOR>
		<COVARIANCE_MATRIX>[[3.115191848761424e-05, 3.08912424369285e-05, 3.773793855004278e-05, 9.057398046731511e-06, 2.427762098406042e-05, 4.5234040243633385e-05], [3.08912424369285e-05, 4.524010402643043e-05, 4.854542190183208e-05, 2.5952396841924144e-05, 3.809183122457864e-05, 5.5698032241776666e-05], [3.773793855004278e-05, 4.854542190183208e-05, 6.83984815820728e-05, 1.7212377513176058e-05, 3.8343539569318914e-05, 6.890677111136998e-05], [9.057398046731511e-06, 2.5952396841924144e-05, 1.7212377513176058e-05, 0.00013212443202212102, 8.540629903370607e-05, 3.55751713784914e-05], [2.427762098406042e-05, 3.809183122457864e-05, 3.8343539569318914e-05, 8.540629903370607e-05, 0.0002048394740060133, 0.00017447966854731715], [4.5234040243633385e-05, 5.5698032241776666e-05, 6.890677111136998e-05, 3.55751713784914e-05, 0.00017447966854731715, 0.00022483830014361086]]</COVARIANCE_MATRIX>
		<ROI_SIZE>92</ROI_SIZE>
		<MAX_VALUE>[0.15973794, 0.1377128, 0.12957408, 0.17690116, 0.20339158, 0.17751242]</MAX_VALUE>
		<MIN_VALUE>[0.121807404, 0.10436723, 0.09443947, 0.11980269, 0.13269648, 0.10441477]</MIN_VALUE>
		<SIGNATURE_THRESHOLD_MD>0</SIGNATURE_THRESHOLD_MD>
		<SIGNATURE_THRESHOLD_ML>0</SIGNATURE_THRESHOLD_ML>
		<SIGNATURE_THRESHOLD_SAM>0</SIGNATURE_THRESHOLD_SAM>
	</signature>
</signaturelist>
