<?xml version="1.0" ?>
<signaturelist MCID_LIST="[['1', 'waterbody', '#937618'], ['2', 'vegetation', '#363f0f'], ['3', 'bareland', '#c31d27'], ['4', 'built-up', '#60752e']]">
	<signature ID="20210517_092447380536_477">
		<MACROCLASSID>1</MACROCLASSID>
		<MACROCLASSINFO>waterbody</MACROCLASSINFO>
		<CLASSID>1</CLASSID>
		<CLASSINFO>C 1</CLASSINFO>
		<VALUES>[0.12998448, 0.00442275, 0.11382132, 0.0074461633, 0.083114386, 0.0073563294, 0.049748577, 0.006765441, 0.013377566, 0.005681654, 0.008512, 0.0051243748]</VALUES>
		<LCS_MIN>[0.11382202, 0.08769445, 0.062818326, 0.036351062, 0.0, 0.0]</LCS_MIN>
		<LCS_MAX>[0.15175256, 0.15021737, 0.13308753, 0.106626116, 0.042206768, 0.03537812]</LCS_MAX>
		<WAVELENGTH>[0.485, 0.56, 0.66, 0.83, 1.65, 2.215]</WAVELENGTH>
		<MEAN_VALUE>[0.12998448, 0.11382132, 0.083114386, 0.049748577, 0.013377566, 0.008512]</MEAN_VALUE>
		<CHECKBOX>2</CHECKBOX>
		<SD>[0.00442275, 0.0074461633, 0.0073563294, 0.006765441, 0.005681654, 0.0051243748]</SD>
		<WAVELENGTH_UNIT>E-6m</WAVELENGTH_UNIT>
		<COLOR>#937618</COLOR>
		<COVARIANCE_MATRIX>[[1.9564293324947357e-05, 2.6522684493102133e-05, 2.3490943931392394e-05, 8.459678610961419e-06, 1.89082140877872e-06, 1.24587609207083e-06], [2.6522684493102133e-05, 5.545548992813565e-05, 4.4203414290677756e-05, 1.448677448934177e-05, 2.0826623767788988e-06, 1.3350826293390128e-06], [2.3490943931392394e-05, 4.4203414290677756e-05, 5.4125473980093375e-05, 2.327309084648732e-05, 6.6998300098930486e-06, 4.97986729897093e-06], [8.459678610961419e-06, 1.448677448934177e-05, 2.327309084648732e-05, 4.577956860885024e-05, 2.308648436155636e-05, 1.6669628166710027e-05], [1.89082140877872e-06, 2.0826623767788988e-06, 6.6998300098930486e-06, 2.308648436155636e-05, 3.228709829272702e-05, 1.8869246559916064e-05], [1.24587609207083e-06, 1.3350826293390128e-06, 4.97986729897093e-06, 1.6669628166710027e-05, 1.8869246559916064e-05, 2.6264024199917912e-05]]</COVARIANCE_MATRIX>
		<ROI_SIZE>5467</ROI_SIZE>
		<MAX_VALUE>[0.15175256, 0.15021737, 0.13308753, 0.106626116, 0.042206768, 0.03537812]</MAX_VALUE>
		<MIN_VALUE>[0.11382202, 0.08769445, 0.062818326, 0.036351062, 0.0, 0.0]</MIN_VALUE>
		<SIGNATURE_THRESHOLD_MD>0.0</SIGNATURE_THRESHOLD_MD>
		<SIGNATURE_THRESHOLD_ML>0.0</SIGNATURE_THRESHOLD_ML>
		<SIGNATURE_THRESHOLD_SAM>0.0</SIGNATURE_THRESHOLD_SAM>
	</signature>
	<signature ID="20210517_100836130059_996">
		<MACROCLASSID>1</MACROCLASSID>
		<MACROCLASSINFO>waterbody</MACROCLASSINFO>
		<CLASSID>2</CLASSID>
		<CLASSINFO>C 1</CLASSINFO>
		<VALUES>[0.11682214, 0.0064320834, 0.09486998, 0.010639075, 0.07064645, 0.0077665118, 0.055487882, 0.0067693153, 0.019536762, 0.0069448305, 0.012316802, 0.006419413]</VALUES>
		<LCS_MIN>[0.10583664, 0.07518986, 0.0557914, 0.04513545, 0.0054453136, 0.0]</LCS_MIN>
		<LCS_MAX>[0.13777816, 0.12104002, 0.10497986, 0.08466516, 0.05351798, 0.043500084]</LCS_MAX>
		<WAVELENGTH>[0.485, 0.56, 0.66, 0.83, 1.65, 2.215]</WAVELENGTH>
		<MEAN_VALUE>[0.11682214, 0.09486998, 0.07064645, 0.055487882, 0.019536762, 0.012316802]</MEAN_VALUE>
		<CHECKBOX>2</CHECKBOX>
		<SD>[0.0064320834, 0.010639075, 0.0077665118, 0.0067693153, 0.0069448305, 0.006419413]</SD>
		<WAVELENGTH_UNIT>E-6m</WAVELENGTH_UNIT>
		<COLOR>#54cd6d</COLOR>
		<COVARIANCE_MATRIX>[[4.1449169657425955e-05, 5.252796836430207e-05, 4.260539208189584e-05, 1.2413000149535947e-05, 2.1381461920100264e-05, 2.262111047457438e-05], [5.252796836430207e-05, 0.00011340188211761415, 7.33879060135223e-05, 1.6154293916770257e-05, 2.2326425096252933e-05, 2.8555436074384488e-05], [4.260539208189584e-05, 7.33879060135223e-05, 6.043165558367036e-05, 1.9259237888036296e-05, 2.3890534066595137e-05, 2.671776746865362e-05], [1.2413000149535947e-05, 1.6154293916770257e-05, 1.9259237888036296e-05, 4.590944081428461e-05, 2.8055186703568324e-05, 2.082119681290351e-05], [2.1381461920100264e-05, 2.2326425096252933e-05, 2.3890534066595137e-05, 2.8055186703568324e-05, 4.832099148188718e-05, 3.360334085300565e-05], [2.262111047457438e-05, 2.8555436074384488e-05, 2.671776746865362e-05, 2.082119681290351e-05, 3.360334085300565e-05, 4.128602449782193e-05]]</COVARIANCE_MATRIX>
		<ROI_SIZE>535</ROI_SIZE>
		<MAX_VALUE>[0.13777816, 0.12104002, 0.10497986, 0.08466516, 0.05351798, 0.043500084]</MAX_VALUE>
		<MIN_VALUE>[0.10583664, 0.07518986, 0.0557914, 0.04513545, 0.0054453136, 0.0]</MIN_VALUE>
		<SIGNATURE_THRESHOLD_MD>0.0</SIGNATURE_THRESHOLD_MD>
		<SIGNATURE_THRESHOLD_ML>0.0</SIGNATURE_THRESHOLD_ML>
		<SIGNATURE_THRESHOLD_SAM>0.0</SIGNATURE_THRESHOLD_SAM>
	</signature>
	<signature ID="20210517_103020766585_773">
		<MACROCLASSID>1</MACROCLASSID>
		<MACROCLASSINFO>waterbody</MACROCLASSINFO>
		<CLASSID>3</CLASSID>
		<CLASSINFO>C 1</CLASSINFO>
		<VALUES>[0.13099113, 0.0037375812, 0.11933122, 0.00792183, 0.08901125, 0.010335983, 0.048005577, 0.0054867123, 0.010080129, 0.004020986, 0.0064461958, 0.004169149]</VALUES>
		<LCS_MIN>[0.11781473, 0.10019904, 0.062818326, 0.036351062, 0.0, 0.0]</LCS_MIN>
		<LCS_MAX>[0.14376718, 0.1377128, 0.119033694, 0.07588079, 0.030895546, 0.027256161]</LCS_MAX>
		<WAVELENGTH>[0.485, 0.56, 0.66, 0.83, 1.65, 2.215]</WAVELENGTH>
		<MEAN_VALUE>[0.13099113, 0.11933122, 0.08901125, 0.048005577, 0.010080129, 0.0064461958]</MEAN_VALUE>
		<CHECKBOX>2</CHECKBOX>
		<SD>[0.0037375812, 0.00792183, 0.010335983, 0.0054867123, 0.004020986, 0.004169149]</SD>
		<WAVELENGTH_UNIT>E-6m</WAVELENGTH_UNIT>
		<COLOR>#0291b5</COLOR>
		<COVARIANCE_MATRIX>[[1.3970339750812855e-05, 2.1663185179932043e-05, 2.8922571800649166e-05, 1.2674179743044078e-05, 1.451297293897369e-06, 1.5615536312907352e-06], [2.1663185179932043e-05, 6.2759114371147e-05, 7.373752305284142e-05, 3.0619394237874076e-05, 1.5231169072649209e-06, 1.7226644786205725e-06], [2.8922571800649166e-05, 7.373752305284142e-05, 0.00010683887376217172, 4.519123103818856e-05, 2.0485169898165623e-06, 2.918679456342943e-06], [1.2674179743044078e-05, 3.0619394237874076e-05, 4.519123103818856e-05, 3.010578984685708e-05, 5.372557552618673e-06, 4.770944542542566e-06], [1.451297293897369e-06, 1.5231169072649209e-06, 2.0485169898165623e-06, 5.372557552618673e-06, 1.616928966541309e-05, 8.68694951350335e-06], [1.5615536312907352e-06, 1.7226644786205725e-06, 2.918679456342943e-06, 4.770944542542566e-06, 8.68694951350335e-06, 1.7382832083967514e-05]]</COVARIANCE_MATRIX>
		<ROI_SIZE>6820</ROI_SIZE>
		<MAX_VALUE>[0.14376718, 0.1377128, 0.119033694, 0.07588079, 0.030895546, 0.027256161]</MAX_VALUE>
		<MIN_VALUE>[0.11781473, 0.10019904, 0.062818326, 0.036351062, 0.0, 0.0]</MIN_VALUE>
		<SIGNATURE_THRESHOLD_MD>0.0</SIGNATURE_THRESHOLD_MD>
		<SIGNATURE_THRESHOLD_ML>0.0</SIGNATURE_THRESHOLD_ML>
		<SIGNATURE_THRESHOLD_SAM>0.0</SIGNATURE_THRESHOLD_SAM>
	</signature>
	<signature ID="20210517_112828088362_253">
		<MACROCLASSID>2</MACROCLASSID>
		<MACROCLASSINFO>vegetation</MACROCLASSINFO>
		<CLASSID>4</CLASSID>
		<CLASSINFO>C 1</CLASSINFO>
		<VALUES>[0, 0, 0, 0, 0, 0, 0, 0, 0, 0, 0, 0]</VALUES>
		<LCS_MIN>[0, 0, 0, 0, 0, 0]</LCS_MIN>
		<LCS_MAX>[0, 0, 0, 0, 0, 0]</LCS_MAX>
		<WAVELENGTH>[0.485, 0.56, 0.66, 0.83, 1.65, 2.215]</WAVELENGTH>
		<MEAN_VALUE>[0, 0, 0, 0, 0, 0]</MEAN_VALUE>
		<CHECKBOX>2</CHECKBOX>
		<SD>[0, 0, 0, 0, 0, 0]</SD>
		<WAVELENGTH_UNIT>E-6m</WAVELENGTH_UNIT>
		<COLOR>#363f0f</COLOR>
		<COVARIANCE_MATRIX>No</COVARIANCE_MATRIX>
		<ROI_SIZE>0</ROI_SIZE>
		<MAX_VALUE>[0, 0, 0, 0, 0, 0]</MAX_VALUE>
		<MIN_VALUE>[0, 0, 0, 0, 0, 0]</MIN_VALUE>
		<SIGNATURE_THRESHOLD_MD>0.0</SIGNATURE_THRESHOLD_MD>
		<SIGNATURE_THRESHOLD_ML>0.0</SIGNATURE_THRESHOLD_ML>
		<SIGNATURE_THRESHOLD_SAM>0.0</SIGNATURE_THRESHOLD_SAM>
	</signature>
	<signature ID="20210517_114353360952_510">
		<MACROCLASSID>3</MACROCLASSID>
		<MACROCLASSINFO>bareland</MACROCLASSINFO>
		<CLASSID>5</CLASSID>
		<CLASSINFO>C 1</CLASSINFO>
		<VALUES>[0.15489998, 0.0057760226, 0.14882815, 0.009459211, 0.15886238, 0.013344169, 0.23611824, 0.010426209, 0.2977542, 0.015450681, 0.23852932, 0.0206811]</VALUES>
		<LCS_MIN>[0.13777816, 0.12520821, 0.12957408, 0.2032543, 0.26560324, 0.20187831]</LCS_MIN>
		<LCS_MAX>[0.17570871, 0.17522654, 0.19281636, 0.26913717, 0.34195396, 0.2830979]</LCS_MAX>
		<WAVELENGTH>[0.485, 0.56, 0.66, 0.83, 1.65, 2.215]</WAVELENGTH>
		<MEAN_VALUE>[0.15489998, 0.14882815, 0.15886238, 0.23611824, 0.2977542, 0.23852932]</MEAN_VALUE>
		<CHECKBOX>2</CHECKBOX>
		<SD>[0.0057760226, 0.009459211, 0.013344169, 0.010426209, 0.015450681, 0.0206811]</SD>
		<WAVELENGTH_UNIT>E-6m</WAVELENGTH_UNIT>
		<COLOR>#c31d27</COLOR>
		<COVARIANCE_MATRIX>[[3.336606823722832e-05, 4.7635410737711936e-05, 6.731726898578927e-05, 4.3168420233996585e-05, 6.765294529031962e-05, 9.871015936369076e-05], [4.7635410737711936e-05, 8.948642062023282e-05, 0.00011980556882917881, 7.8346005466301e-05, 0.00011416741472203285, 0.00016735117242205888], [6.731726898578927e-05, 0.00011980556882917881, 0.00017808625125326216, 0.00010996715718647465, 0.0001685779425315559, 0.00024356406356673688], [4.3168420233996585e-05, 7.8346005466301e-05, 0.00010996715718647465, 0.00010871767881326377, 0.0001120703382184729, 0.00014373174053616822], [6.765294529031962e-05, 0.00011416741472203285, 0.0001685779425315559, 0.0001120703382184729, 0.00023874951875768602, 0.00029495303169824183], [9.871015936369076e-05, 0.00016735117242205888, 0.00024356406356673688, 0.00014373174053616822, 0.00029495303169824183, 0.00042775453766807914]]</COVARIANCE_MATRIX>
		<ROI_SIZE>9178</ROI_SIZE>
		<MAX_VALUE>[0.17570871, 0.17522654, 0.19281636, 0.26913717, 0.34195396, 0.2830979]</MAX_VALUE>
		<MIN_VALUE>[0.13777816, 0.12520821, 0.12957408, 0.2032543, 0.26560324, 0.20187831]</MIN_VALUE>
		<SIGNATURE_THRESHOLD_MD>0.0</SIGNATURE_THRESHOLD_MD>
		<SIGNATURE_THRESHOLD_ML>0.0</SIGNATURE_THRESHOLD_ML>
		<SIGNATURE_THRESHOLD_SAM>0.0</SIGNATURE_THRESHOLD_SAM>
	</signature>
	<signature ID="20210517_140609895419_482">
		<MACROCLASSID>3</MACROCLASSID>
		<MACROCLASSINFO>bareland</MACROCLASSINFO>
		<CLASSID>6</CLASSID>
		<CLASSINFO>C 1</CLASSINFO>
		<VALUES>[0.1529775, 0.0043527167, 0.14512989, 0.0054037017, 0.15213057, 0.0070520076, 0.20846765, 0.012381638, 0.26982346, 0.018786108, 0.22421893, 0.015814094]</VALUES>
		<LCS_MIN>[0.13977449, 0.12104002, 0.1260606, 0.17250896, 0.2090472, 0.17345144]</LCS_MIN>
		<LCS_MAX>[0.17371236, 0.16272196, 0.17524908, 0.23839185, 0.30519253, 0.258732]</LCS_MAX>
		<WAVELENGTH>[0.485, 0.56, 0.66, 0.83, 1.65, 2.215]</WAVELENGTH>
		<MEAN_VALUE>[0.1529775, 0.14512989, 0.15213057, 0.20846765, 0.26982346, 0.22421893]</MEAN_VALUE>
		<CHECKBOX>2</CHECKBOX>
		<SD>[0.0043527167, 0.0054037017, 0.0070520076, 0.012381638, 0.018786108, 0.015814094]</SD>
		<WAVELENGTH_UNIT>E-6m</WAVELENGTH_UNIT>
		<COLOR>#888bd3</COLOR>
		<COVARIANCE_MATRIX>[[1.894859815365635e-05, 1.6992124074022286e-05, 1.9668495951918885e-05, 9.472110832575709e-06, 1.5454794265679084e-05, 3.442026354605332e-05], [1.6992124074022286e-05, 2.9203760277596302e-05, 3.0763625545660034e-05, 2.4236001991084777e-05, 3.275832932558842e-05, 5.117167893331498e-05], [1.9668495951918885e-05, 3.0763625545660034e-05, 4.973724207957275e-05, 5.055500514572486e-05, 7.500411447836086e-05, 8.134281233651564e-05], [9.472110832575709e-06, 2.4236001991084777e-05, 5.055500514572486e-05, 0.00015332477050833404, 0.00019739115668926388, 0.00012489907385315746], [1.5454794265679084e-05, 3.275832932558842e-05, 7.500411447836086e-05, 0.00019739115668926388, 0.00035296331043355167, 0.00024368753656744957], [3.442026354605332e-05, 5.117167893331498e-05, 8.134281233651564e-05, 0.00012489907385315746, 0.00024368753656744957, 0.0002501179988030344]]</COVARIANCE_MATRIX>
		<ROI_SIZE>7740</ROI_SIZE>
		<MAX_VALUE>[0.17371236, 0.16272196, 0.17524908, 0.23839185, 0.30519253, 0.258732]</MAX_VALUE>
		<MIN_VALUE>[0.13977449, 0.12104002, 0.1260606, 0.17250896, 0.2090472, 0.17345144]</MIN_VALUE>
		<SIGNATURE_THRESHOLD_MD>0.0</SIGNATURE_THRESHOLD_MD>
		<SIGNATURE_THRESHOLD_ML>0.0</SIGNATURE_THRESHOLD_ML>
		<SIGNATURE_THRESHOLD_SAM>0.0</SIGNATURE_THRESHOLD_SAM>
	</signature>
	<signature ID="20210517_141900106776_336">
		<MACROCLASSID>3</MACROCLASSID>
		<MACROCLASSINFO>bareland</MACROCLASSINFO>
		<CLASSID>7</CLASSID>
		<CLASSINFO>C 1</CLASSINFO>
		<VALUES>[0.13138902, 0.0059700483, 0.1127824, 0.007980482, 0.10061697, 0.012501732, 0.12583496, 0.022022644, 0.07113358, 0.06882925, 0.053591136, 0.059311684]</VALUES>
		<LCS_MIN>[0.11581837, 0.09186264, 0.069845244, 0.08466516, 0.008273117, 0.0]</LCS_MIN>
		<LCS_MAX>[0.1537489, 0.14604917, 0.14011446, 0.18129335, 0.2090472, 0.16939048]</LCS_MAX>
		<WAVELENGTH>[0.485, 0.56, 0.66, 0.83, 1.65, 2.215]</WAVELENGTH>
		<MEAN_VALUE>[0.13138902, 0.1127824, 0.10061697, 0.12583496, 0.07113358, 0.053591136]</MEAN_VALUE>
		<CHECKBOX>2</CHECKBOX>
		<SD>[0.0059700483, 0.007980482, 0.012501732, 0.022022644, 0.06882925, 0.059311684]</SD>
		<WAVELENGTH_UNIT>E-6m</WAVELENGTH_UNIT>
		<COLOR>#42946b</COLOR>
		<COVARIANCE_MATRIX>[[3.564615690265782e-05, 4.20250762545038e-05, 6.614557787543163e-05, 0.00010047684190794826, 0.0003073391562793404, 0.00026955397333949804], [4.20250762545038e-05, 6.36964468867518e-05, 9.09519221750088e-05, 0.0001385685900459066, 0.0004115476622246206, 0.00036078825360164046], [6.614557787543163e-05, 9.09519221750088e-05, 0.00015631380665581673, 0.00023548323952127248, 0.0007511558360420167, 0.0006560602923855186], [0.00010047684190794826, 0.0001385685900459066, 0.00023548323952127248, 0.000485060503706336, 0.0014223133912310004, 0.0012084301561117172], [0.0003073391562793404, 0.0004115476622246206, 0.0007511558360420167, 0.0014223133912310004, 0.004738087300211191, 0.00406187679618597], [0.00026955397333949804, 0.00036078825360164046, 0.0006560602923855186, 0.0012084301561117172, 0.00406187679618597, 0.00351833738386631]]</COVARIANCE_MATRIX>
		<ROI_SIZE>7619</ROI_SIZE>
		<MAX_VALUE>[0.1537489, 0.14604917, 0.14011446, 0.18129335, 0.2090472, 0.16939048]</MAX_VALUE>
		<MIN_VALUE>[0.11581837, 0.09186264, 0.069845244, 0.08466516, 0.008273117, 0.0]</MIN_VALUE>
		<SIGNATURE_THRESHOLD_MD>0.0</SIGNATURE_THRESHOLD_MD>
		<SIGNATURE_THRESHOLD_ML>0.0</SIGNATURE_THRESHOLD_ML>
		<SIGNATURE_THRESHOLD_SAM>0.0</SIGNATURE_THRESHOLD_SAM>
	</signature>
	<signature ID="20210517_143020671956_904">
		<MACROCLASSID>4</MACROCLASSID>
		<MACROCLASSINFO>built-up</MACROCLASSINFO>
		<CLASSID>8</CLASSID>
		<CLASSINFO>C 1</CLASSINFO>
		<VALUES>[0.13090402, 0.005524427, 0.110761166, 0.008346144, 0.10258069, 0.011738086, 0.13370419, 0.017935539, 0.13708003, 0.022018656, 0.11785939, 0.02155586]</VALUES>
		<LCS_MIN>[0.11581837, 0.09603084, 0.07687216, 0.102233924, 0.10441845, 0.08410987]</LCS_MIN>
		<LCS_MAX>[0.14576353, 0.1377128, 0.136601, 0.18568555, 0.21187499, 0.19375634]</LCS_MAX>
		<WAVELENGTH>[0.485, 0.56, 0.66, 0.83, 1.65, 2.215]</WAVELENGTH>
		<MEAN_VALUE>[0.13090402, 0.110761166, 0.10258069, 0.13370419, 0.13708003, 0.11785939]</MEAN_VALUE>
		<CHECKBOX>2</CHECKBOX>
		<SD>[0.005524427, 0.008346144, 0.011738086, 0.017935539, 0.022018656, 0.02155586]</SD>
		<WAVELENGTH_UNIT>E-6m</WAVELENGTH_UNIT>
		<COLOR>#60752e</COLOR>
		<COVARIANCE_MATRIX>[[3.061838651774451e-05, 4.0232116589322686e-05, 5.5917891586432233e-05, 3.873469904647209e-05, 7.47883168514818e-05, 8.971949864644557e-05], [4.0232116589322686e-05, 6.98842850397341e-05, 9.256031626136974e-05, 8.147837070282549e-05, 0.00013858047896064818, 0.00015150390390772372], [5.5917891586432233e-05, 9.256031626136974e-05, 0.0001382300106342882, 0.0001148778828792274, 0.00019587154383771122, 0.00021543675393331796], [3.873469904647209e-05, 8.147837070282549e-05, 0.0001148778828792274, 0.0003227279521524906, 0.000319940154440701, 0.00023333255376201123], [7.47883168514818e-05, 0.00013858047896064818, 0.00019587154383771122, 0.000319940154440701, 0.0004863952344749123, 0.0004271392244845629], [8.971949864644557e-05, 0.00015150390390772372, 0.00021543675393331796, 0.00023333255376201123, 0.0004271392244845629, 0.00046616364852525294]]</COVARIANCE_MATRIX>
		<ROI_SIZE>309</ROI_SIZE>
		<MAX_VALUE>[0.14576353, 0.1377128, 0.136601, 0.18568555, 0.21187499, 0.19375634]</MAX_VALUE>
		<MIN_VALUE>[0.11581837, 0.09603084, 0.07687216, 0.102233924, 0.10441845, 0.08410987]</MIN_VALUE>
		<SIGNATURE_THRESHOLD_MD>0.0</SIGNATURE_THRESHOLD_MD>
		<SIGNATURE_THRESHOLD_ML>0.0</SIGNATURE_THRESHOLD_ML>
		<SIGNATURE_THRESHOLD_SAM>0.0</SIGNATURE_THRESHOLD_SAM>
	</signature>
	<signature ID="20210517_143444844910_396">
		<MACROCLASSID>4</MACROCLASSID>
		<MACROCLASSINFO>built-up</MACROCLASSINFO>
		<CLASSID>9</CLASSID>
		<CLASSINFO>C 1</CLASSINFO>
		<VALUES>[0.13653599, 0.0036759905, 0.11835384, 0.0063461047, 0.11302177, 0.0067733675, 0.13961634, 0.011588217, 0.13502155, 0.011777444, 0.11876357, 0.012657987]</VALUES>
		<LCS_MIN>[0.12779643, 0.10436723, 0.09795293, 0.1110183, 0.107246235, 0.100353815]</LCS_MIN>
		<LCS_MAX>[0.14576353, 0.1377128, 0.13308753, 0.15933241, 0.15814671, 0.14502458]</LCS_MAX>
		<WAVELENGTH>[0.485, 0.56, 0.66, 0.83, 1.65, 2.215]</WAVELENGTH>
		<MEAN_VALUE>[0.13653599, 0.11835384, 0.11302177, 0.13961634, 0.13502155, 0.11876357]</MEAN_VALUE>
		<CHECKBOX>2</CHECKBOX>
		<SD>[0.0036759905, 0.0063461047, 0.0067733675, 0.011588217, 0.011777444, 0.012657987]</SD>
		<WAVELENGTH_UNIT>E-6m</WAVELENGTH_UNIT>
		<COLOR>#287c75</COLOR>
		<COVARIANCE_MATRIX>[[1.3820016647514421e-05, 1.720124600979034e-05, 1.7868173017632216e-05, 4.246877779223723e-06, 4.7500093387498055e-06, 1.4543659744958859e-05], [1.720124600979034e-05, 4.11883374908939e-05, 3.640489012468606e-05, 2.4058661438175477e-05, 2.808600947901141e-05, 4.018870822619647e-05], [1.7868173017632216e-05, 3.640489012468606e-05, 4.692119546234608e-05, 4.2562132875900716e-05, 4.6134267904562876e-05, 5.903964120079763e-05], [4.246877779223723e-06, 2.4058661438175477e-05, 4.2562132875900716e-05, 0.00013733873493038118, 0.00011293646093690768, 9.556091390550137e-05], [4.7500093387498055e-06, 2.808600947901141e-05, 4.6134267904562876e-05, 0.00011293646093690768, 0.00014186064072418958, 0.00012325786519795656], [1.4543659744958859e-05, 4.018870822619647e-05, 5.903964120079763e-05, 9.556091390550137e-05, 0.00012325786519795656, 0.00016386609058827162]]</COVARIANCE_MATRIX>
		<ROI_SIZE>45</ROI_SIZE>
		<MAX_VALUE>[0.14576353, 0.1377128, 0.13308753, 0.15933241, 0.15814671, 0.14502458]</MAX_VALUE>
		<MIN_VALUE>[0.12779643, 0.10436723, 0.09795293, 0.1110183, 0.107246235, 0.100353815]</MIN_VALUE>
		<SIGNATURE_THRESHOLD_MD>0.0</SIGNATURE_THRESHOLD_MD>
		<SIGNATURE_THRESHOLD_ML>0.0</SIGNATURE_THRESHOLD_ML>
		<SIGNATURE_THRESHOLD_SAM>0.0</SIGNATURE_THRESHOLD_SAM>
	</signature>
	<signature ID="20210517_144409491093_905">
		<MACROCLASSID>4</MACROCLASSID>
		<MACROCLASSINFO>built-up</MACROCLASSINFO>
		<CLASSID>10</CLASSID>
		<CLASSINFO>C 1</CLASSINFO>
		<VALUES>[0.13710788, 0.006088134, 0.11600596, 0.009004648, 0.106108576, 0.01173223, 0.14489335, 0.017683491, 0.14752539, 0.019644944, 0.123179644, 0.019426074]</VALUES>
		<LCS_MIN>[0.12380375, 0.10019904, 0.0838991, 0.102233924, 0.10441845, 0.08817086]</LCS_MIN>
		<LCS_MAX>[0.15774159, 0.15855376, 0.15768175, 0.2032543, 0.2316696, 0.21406126]</LCS_MAX>
		<WAVELENGTH>[0.485, 0.56, 0.66, 0.83, 1.65, 2.215]</WAVELENGTH>
		<MEAN_VALUE>[0.13710788, 0.11600596, 0.106108576, 0.14489335, 0.14752539, 0.123179644]</MEAN_VALUE>
		<CHECKBOX>2</CHECKBOX>
		<SD>[0.006088134, 0.009004648, 0.01173223, 0.017683491, 0.019644944, 0.019426074]</SD>
		<WAVELENGTH_UNIT>E-6m</WAVELENGTH_UNIT>
		<COLOR>#07f9cf</COLOR>
		<COVARIANCE_MATRIX>[[3.715512139024213e-05, 4.66251622128766e-05, 6.135454896138981e-05, 2.305762973264791e-05, 5.162634624866769e-05, 7.534486940130591e-05], [4.66251622128766e-05, 8.128000627039e-05, 9.937990398611873e-05, 7.656705565750599e-05, 0.00011313028517179191, 0.00013219368702266365], [6.135454896138981e-05, 9.937990398611873e-05, 0.00013797850988339633, 8.80781008163467e-05, 0.0001481057406635955, 0.00018145823560189456], [2.305762973264791e-05, 7.656705565750599e-05, 8.80781008163467e-05, 0.00031346295145340264, 0.00025742800789885223, 0.00015486621123272926], [5.162634624866769e-05, 0.00011313028517179191, 0.0001481057406635955, 0.00025742800789885223, 0.0003868582134600729, 0.0003259439836256206], [7.534486940130591e-05, 0.00013219368702266365, 0.00018145823560189456, 0.00015486621123272926, 0.0003259439836256206, 0.00037828602944500744]]</COVARIANCE_MATRIX>
		<ROI_SIZE>414</ROI_SIZE>
		<MAX_VALUE>[0.15774159, 0.15855376, 0.15768175, 0.2032543, 0.2316696, 0.21406126]</MAX_VALUE>
		<MIN_VALUE>[0.12380375, 0.10019904, 0.0838991, 0.102233924, 0.10441845, 0.08817086]</MIN_VALUE>
		<SIGNATURE_THRESHOLD_MD>0.0</SIGNATURE_THRESHOLD_MD>
		<SIGNATURE_THRESHOLD_ML>0.0</SIGNATURE_THRESHOLD_ML>
		<SIGNATURE_THRESHOLD_SAM>0.0</SIGNATURE_THRESHOLD_SAM>
	</signature>
	<signature ID="20210517_144756679487_228">
		<MACROCLASSID>4</MACROCLASSID>
		<MACROCLASSINFO>built-up</MACROCLASSINFO>
		<CLASSID>11</CLASSID>
		<CLASSINFO>C 1</CLASSINFO>
		<VALUES>[0.14292367, 0.0035878231, 0.123916656, 0.005168881, 0.1173512, 0.005803518, 0.15011497, 0.008601689, 0.1486676, 0.009622948, 0.12855187, 0.010266481]</VALUES>
		<LCS_MIN>[0.13378546, 0.11687183, 0.108493306, 0.13737145, 0.12704086, 0.11253674]</LCS_MIN>
		<LCS_MAX>[0.15574525, 0.1377128, 0.13308753, 0.18129335, 0.16945794, 0.15314654]</LCS_MAX>
		<WAVELENGTH>[0.485, 0.56, 0.66, 0.83, 1.65, 2.215]</WAVELENGTH>
		<MEAN_VALUE>[0.14292367, 0.123916656, 0.1173512, 0.15011497, 0.1486676, 0.12855187]</MEAN_VALUE>
		<CHECKBOX>2</CHECKBOX>
		<SD>[0.0035878231, 0.005168881, 0.005803518, 0.008601689, 0.009622948, 0.010266481]</SD>
		<WAVELENGTH_UNIT>E-6m</WAVELENGTH_UNIT>
		<COLOR>#458d12</COLOR>
		<COVARIANCE_MATRIX>[[1.30563685161178e-05, 1.2089953088434413e-05, 1.559468546474818e-05, 2.6358004561188864e-06, 1.7132324501289986e-05, 2.099855919368565e-05], [1.2089953088434413e-05, 2.7099004000774585e-05, 2.52025893132668e-05, 1.486333530920092e-05, 3.153038414893672e-05, 3.863226811517961e-05], [1.559468546474818e-05, 2.52025893132668e-05, 3.416197432670742e-05, 8.960992090578657e-06, 3.2506879506399855e-05, 4.363681364338845e-05], [2.6358004561188864e-06, 1.486333530920092e-05, 8.960992090578657e-06, 7.504603854613379e-05, 2.9903583708801307e-05, 1.6831710354381357e-06], [1.7132324501289986e-05, 3.153038414893672e-05, 3.2506879506399855e-05, 2.9903583708801307e-05, 9.392400534125045e-05, 6.538980233017355e-05], [2.099855919368565e-05, 3.863226811517961e-05, 4.363681364338845e-05, 1.6831710354381357e-06, 6.538980233017355e-05, 0.00010690636554500088]]</COVARIANCE_MATRIX>
		<ROI_SIZE>71</ROI_SIZE>
		<MAX_VALUE>[0.15574525, 0.1377128, 0.13308753, 0.18129335, 0.16945794, 0.15314654]</MAX_VALUE>
		<MIN_VALUE>[0.13378546, 0.11687183, 0.108493306, 0.13737145, 0.12704086, 0.11253674]</MIN_VALUE>
		<SIGNATURE_THRESHOLD_MD>0.0</SIGNATURE_THRESHOLD_MD>
		<SIGNATURE_THRESHOLD_ML>0.0</SIGNATURE_THRESHOLD_ML>
		<SIGNATURE_THRESHOLD_SAM>0.0</SIGNATURE_THRESHOLD_SAM>
	</signature>
	<signature ID="20210517_150014134353_908">
		<MACROCLASSID>4</MACROCLASSID>
		<MACROCLASSINFO>built-up</MACROCLASSINFO>
		<CLASSID>13</CLASSID>
		<CLASSINFO>C 1</CLASSINFO>
		<VALUES>[0.13760456, 0.0055509736, 0.1188653, 0.006689422, 0.11315246, 0.008225267, 0.14505778, 0.011431899, 0.15897661, 0.014234218, 0.13981593, 0.014912894]</VALUES>
		<LCS_MIN>[0.121807404, 0.10436723, 0.09443947, 0.11980269, 0.13269648, 0.10441477]</LCS_MIN>
		<LCS_MAX>[0.15973794, 0.1377128, 0.12957408, 0.17690116, 0.20339158, 0.17751242]</LCS_MAX>
		<WAVELENGTH>[0.485, 0.56, 0.66, 0.83, 1.65, 2.215]</WAVELENGTH>
		<MEAN_VALUE>[0.13760456, 0.1188653, 0.11315246, 0.14505778, 0.15897661, 0.13981593]</MEAN_VALUE>
		<CHECKBOX>2</CHECKBOX>
		<SD>[0.0055509736, 0.006689422, 0.008225267, 0.011431899, 0.014234218, 0.014912894]</SD>
		<WAVELENGTH_UNIT>E-6m</WAVELENGTH_UNIT>
		<COLOR>#64a232</COLOR>
		<COVARIANCE_MATRIX>[[3.1151917937677354e-05, 3.0891242204234004e-05, 3.773794014705345e-05, 9.057397619471885e-06, 2.4277620468637906e-05, 4.523403913481161e-05], [3.0891242204234004e-05, 4.524010364548303e-05, 4.854542203247547e-05, 2.595239675429184e-05, 3.809183181147091e-05, 5.569803397520445e-05], [3.773794014705345e-05, 4.854542203247547e-05, 6.839848356321454e-05, 1.721237822494004e-05, 3.834353992715478e-05, 6.890677468618378e-05], [9.057397619471885e-06, 2.595239675429184e-05, 1.721237822494004e-05, 0.00013212443445809186, 8.540629642084241e-05, 3.557517266017385e-05], [2.4277620468637906e-05, 3.809183181147091e-05, 3.834353992715478e-05, 8.540629642084241e-05, 0.00020483946718741208, 0.00017447967547923326], [4.523403913481161e-05, 5.569803397520445e-05, 6.890677468618378e-05, 3.557517266017385e-05, 0.00017447967547923326, 0.0002248382952529937]]</COVARIANCE_MATRIX>
		<ROI_SIZE>92</ROI_SIZE>
		<MAX_VALUE>[0.15973794, 0.1377128, 0.12957408, 0.17690116, 0.20339158, 0.17751242]</MAX_VALUE>
		<MIN_VALUE>[0.121807404, 0.10436723, 0.09443947, 0.11980269, 0.13269648, 0.10441477]</MIN_VALUE>
		<SIGNATURE_THRESHOLD_MD>0.0</SIGNATURE_THRESHOLD_MD>
		<SIGNATURE_THRESHOLD_ML>0.0</SIGNATURE_THRESHOLD_ML>
		<SIGNATURE_THRESHOLD_SAM>0.0</SIGNATURE_THRESHOLD_SAM>
	</signature>
	<signature ID="20210521_122253069976_944">
		<MACROCLASSID>3</MACROCLASSID>
		<MACROCLASSINFO>bareland</MACROCLASSINFO>
		<CLASSID>34</CLASSID>
		<CLASSINFO>C 1</CLASSINFO>
		<VALUES>[0.15770301, 0.003728172, 0.15003614, 0.0041440534, 0.16143285, 0.0045624296, 0.22636104, 0.005089218, 0.29483756, 0.008099822, 295.8874, 0.71917266, 0.23966308, 0.011147659]</VALUES>
		<LCS_MIN>[0.14975622, 0.14188099, 0.15065484, 0.21643086, 0.27691448, 295.09137, 0.21406126]</LCS_MIN>
		<LCS_MAX>[0.16971967, 0.16689016, 0.17524908, 0.23839185, 0.31650367, 296.8329, 0.27091494]</LCS_MAX>
		<WAVELENGTH>[0.485, 0.56, 0.66, 0.83, 1.65, 2.215, 7.0]</WAVELENGTH>
		<MEAN_VALUE>[0.15770301, 0.15003614, 0.16143285, 0.22636104, 0.29483756, 295.8874, 0.23966308]</MEAN_VALUE>
		<CHECKBOX>2</CHECKBOX>
		<SD>[0.003728172, 0.0041440534, 0.0045624296, 0.005089218, 0.008099822, 0.71917266, 0.011147659]</SD>
		<WAVELENGTH_UNIT>E-6m</WAVELENGTH_UNIT>
		<COLOR>#33a998</COLOR>
		<COVARIANCE_MATRIX>[[1.3966740598058604e-05, 9.525962338736181e-06, 1.0530353471210952e-05, 8.897894919998615e-06, 1.5191639571362836e-05, 0.001246627568528479, 2.7045407875103005e-05], [9.525962338736181e-06, 1.7256543827455127e-05, 1.1844441399510554e-05, 1.1050990017504978e-05, 1.4192494488823607e-05, 0.0009645606144355924, 2.610854518361141e-05], [1.0530353471210952e-05, 1.1844441399510554e-05, 2.0916809684134045e-05, 1.2386508024408157e-05, 1.2600870815872832e-05, 0.0001882105973801449, 1.902917760090303e-05], [8.897894919998615e-06, 1.1050990017504978e-05, 1.2386508024408157e-05, 2.6025864413746185e-05, 2.8321817885105144e-05, 0.0014998226998544286, 3.520266399978242e-05], [1.5191639571362836e-05, 1.4192494488823607e-05, 1.2600870815872832e-05, 2.8321817885105144e-05, 6.592560733897027e-05, 0.004020408010632065, 7.312173724774814e-05], [0.001246627568528479, 0.0009645606144355924, 0.0001882105973801449, 0.0014998226998544286, 0.004020408010632065, 0.519720042962585, 0.006674390176085981], [2.7045407875103005e-05, 2.610854518361141e-05, 1.902917760090303e-05, 3.520266399978242e-05, 7.312173724774814e-05, 0.006674390176085981, 0.00012487354874672664]]</COVARIANCE_MATRIX>
		<ROI_SIZE>207</ROI_SIZE>
		<MAX_VALUE>[0.16971967, 0.16689016, 0.17524908, 0.23839185, 0.31650367, 296.8329, 0.27091494]</MAX_VALUE>
		<MIN_VALUE>[0.14975622, 0.14188099, 0.15065484, 0.21643086, 0.27691448, 295.09137, 0.21406126]</MIN_VALUE>
		<SIGNATURE_THRESHOLD_MD>0</SIGNATURE_THRESHOLD_MD>
		<SIGNATURE_THRESHOLD_ML>0</SIGNATURE_THRESHOLD_ML>
		<SIGNATURE_THRESHOLD_SAM>0</SIGNATURE_THRESHOLD_SAM>
	</signature>
	<signature ID="20210521_122453404685_993">
		<MACROCLASSID>3</MACROCLASSID>
		<MACROCLASSINFO>bareland</MACROCLASSINFO>
		<CLASSID>35</CLASSID>
		<CLASSINFO>C 1</CLASSINFO>
		<VALUES>[0.15754375, 0.0034469548, 0.1494077, 0.0041701123, 0.16144592, 0.0059120003, 0.22821447, 0.0057287486, 0.30040288, 0.008681651, 295.94922, 0.32725325, 0.23892218, 0.009604592]</VALUES>
		<LCS_MIN>[0.14775987, 0.1377128, 0.14714138, 0.20764652, 0.27691448, 295.09137, 0.21406126]</LCS_MIN>
		<LCS_MAX>[0.16971967, 0.16689016, 0.182276, 0.2471762, 0.3249871, 296.8329, 0.27091494]</LCS_MAX>
		<WAVELENGTH>[0.485, 0.56, 0.66, 0.83, 1.65, 2.215, 7.0]</WAVELENGTH>
		<MEAN_VALUE>[0.15754375, 0.1494077, 0.16144592, 0.22821447, 0.30040288, 295.94922, 0.23892218]</MEAN_VALUE>
		<CHECKBOX>2</CHECKBOX>
		<SD>[0.0034469548, 0.0041701123, 0.0059120003, 0.0057287486, 0.008681651, 0.32725325, 0.009604592]</SD>
		<WAVELENGTH_UNIT>E-6m</WAVELENGTH_UNIT>
		<COLOR>#fb1b20</COLOR>
		<COVARIANCE_MATRIX>[[1.1893285411588397e-05, 8.515781773810207e-06, 1.213643412807854e-05, 7.474715233428702e-06, 1.2190120146128957e-05, 0.00025222199783513636, 1.8572304744116505e-05], [8.515781773810207e-06, 1.7407087362428094e-05, 1.8334873475388963e-05, 1.1857036349862587e-05, 1.800795345600521e-05, 0.00018708021637747305, 2.622828554357824e-05], [1.213643412807854e-05, 1.8334873475388963e-05, 3.498643053207557e-05, 1.890451803725608e-05, 3.078144392944559e-05, 3.867286317655396e-05, 3.813635065457466e-05], [7.474715233428702e-06, 1.1857036349862587e-05, 1.890451803725608e-05, 3.285112060528515e-05, 3.2442992798376704e-05, 0.0003361282061885395, 2.763983793679416e-05], [1.2190120146128957e-05, 1.800795345600521e-05, 3.078144392944559e-05, 3.2442992798376704e-05, 7.544584004355577e-05, 0.000910561686311791, 6.0270159250535634e-05], [0.00025222199783513636, 0.00018708021637747305, 3.867286317655396e-05, 0.0003361282061885395, 0.000910561686311791, 0.10720093710470226, 0.0013521730793371895], [1.8572304744116505e-05, 2.622828554357824e-05, 3.813635065457466e-05, 2.763983793679416e-05, 6.0270159250535634e-05, 0.0013521730793371895, 9.233969512472946e-05]]</COVARIANCE_MATRIX>
		<ROI_SIZE>1009</ROI_SIZE>
		<MAX_VALUE>[0.16971967, 0.16689016, 0.182276, 0.2471762, 0.3249871, 296.8329, 0.27091494]</MAX_VALUE>
		<MIN_VALUE>[0.14775987, 0.1377128, 0.14714138, 0.20764652, 0.27691448, 295.09137, 0.21406126]</MIN_VALUE>
		<SIGNATURE_THRESHOLD_MD>0</SIGNATURE_THRESHOLD_MD>
		<SIGNATURE_THRESHOLD_ML>0</SIGNATURE_THRESHOLD_ML>
		<SIGNATURE_THRESHOLD_SAM>0</SIGNATURE_THRESHOLD_SAM>
	</signature>
</signaturelist>
