<?xml version="1.0" ?>
<signaturelist MCID_LIST="[['1', 'waterbody', '#0000ff'], ['2', 'vegetation', '#00ff00'], ['3', 'bareland', '#ffaa00'], ['4', 'built-up', '#ff0000']]">
	<signature ID="20210208_110012719182_868">
		<MACROCLASSID>1</MACROCLASSID>
		<MACROCLASSINFO>waterbody</MACROCLASSINFO>
		<CLASSID>1</CLASSID>
		<CLASSINFO>C 1</CLASSINFO>
		<VALUES>[0.14084374180666465, 0.0023716815693251604, 0.12202203320517464, 0.002738463011640369, 0.10577857205337846, 0.00528758065082465, 0.05451993208717739, 0.009916687805197636, 0.014061324956791948, 0.004119626468001064, 0.007576009271810352, 0.0023578824454696776]</VALUES>
		<LCS_MIN>[0.13021695613861084, 0.1054680347442627, 0.08623598515987396, 0.044782306998968124, 0.010848836041986942, 0.005578523967415094]</LCS_MIN>
		<LCS_MAX>[0.14553478360176086, 0.1269499659538269, 0.12454596161842346, 0.09579036384820938, 0.057634491473436356, 0.03735454007983208]</LCS_MAX>
		<WAVELENGTH>[0.48, 0.56, 0.655, 0.865, 1.61, 2.2]</WAVELENGTH>
		<MEAN_VALUE>[0.14084374180666465, 0.12202203320517464, 0.10577857205337846, 0.05451993208717739, 0.014061324956791948, 0.007576009271810352]</MEAN_VALUE>
		<CHECKBOX>2</CHECKBOX>
		<SD>[0.0023716815693251604, 0.002738463011640369, 0.00528758065082465, 0.009916687805197636, 0.004119626468001064, 0.0023578824454696776]</SD>
		<WAVELENGTH_UNIT>E-6m</WAVELENGTH_UNIT>
		<COLOR>#494991</COLOR>
		<COVARIANCE_MATRIX>[[4.982694917998742e-06, 5.387602868722752e-06, 6.043677785783075e-06, -1.0160069905396085e-06, -1.586588069812933e-07, 8.590716049639013e-08], [5.387602868722752e-06, 6.463294994318858e-06, 7.123487648641458e-06, -3.796890950980014e-06, -1.2995662928005913e-06, -4.5337918663790333e-07], [6.043677785783075e-06, 7.123487648641458e-06, 2.478442002029624e-05, 2.0277333533158526e-05, 4.394872121338267e-06, 2.711590468607028e-06], [-1.0160069905396085e-06, -3.796890950980014e-06, 2.0277333533158526e-05, 8.679462189320475e-05, 3.075245695072226e-05, 1.6009866158128716e-05], [-1.586588069812933e-07, -1.2995662928005913e-06, 4.394872121338267e-06, 3.075245695072226e-05, 1.6521065845154226e-05, 9.287487955589313e-06], [8.590716049639013e-08, -4.5337918663790333e-07, 2.711590468607028e-06, 1.6009866158128716e-05, 9.287487955589313e-06, 5.573773705691565e-06]]</COVARIANCE_MATRIX>
		<ROI_SIZE>2291</ROI_SIZE>
		<MAX_VALUE>[0.14553478360176086, 0.1269499659538269, 0.12454596161842346, 0.09579036384820938, 0.057634491473436356, 0.03735454007983208]</MAX_VALUE>
		<MIN_VALUE>[0.13021695613861084, 0.1054680347442627, 0.08623598515987396, 0.044782306998968124, 0.010848836041986942, 0.005578523967415094]</MIN_VALUE>
		<SIGNATURE_THRESHOLD_MD>0.0</SIGNATURE_THRESHOLD_MD>
		<SIGNATURE_THRESHOLD_ML>0.0</SIGNATURE_THRESHOLD_ML>
		<SIGNATURE_THRESHOLD_SAM>0.0</SIGNATURE_THRESHOLD_SAM>
	</signature>
	<signature ID="20210208_110021647516_966">
		<MACROCLASSID>1</MACROCLASSID>
		<MACROCLASSINFO>waterbody</MACROCLASSINFO>
		<CLASSID>2</CLASSID>
		<CLASSINFO>C 1</CLASSINFO>
		<VALUES>[0.16267995988847286, 0.005101761456953113, 0.1542912960692422, 0.007019549368069705, 0.13593644742493993, 0.009495091457866785, 0.07413187404077465, 0.011217542249336002, 0.026310372612570517, 0.009829708722882045, 0.016365591410913153, 0.007613856216220478]</VALUES>
		<LCS_MIN>[0.1529625505208969, 0.13650435209274292, 0.11449846625328064, 0.0601617693901062, 0.015102078206837177, 0.006503134034574032]</LCS_MIN>
		<LCS_MAX>[0.17761902511119843, 0.17142407596111298, 0.15844860672950745, 0.10873502492904663, 0.06213429942727089, 0.04527543857693672]</LCS_MAX>
		<WAVELENGTH>[0.48, 0.56, 0.655, 0.865, 1.61, 2.2]</WAVELENGTH>
		<MEAN_VALUE>[0.16267995988847286, 0.1542912960692422, 0.13593644742493993, 0.07413187404077465, 0.026310372612570517, 0.016365591410913153]</MEAN_VALUE>
		<CHECKBOX>2</CHECKBOX>
		<SD>[0.005101761456953113, 0.007019549368069705, 0.009495091457866785, 0.011217542249336002, 0.009829708722882045, 0.007613856216220478]</SD>
		<WAVELENGTH_UNIT>E-6m</WAVELENGTH_UNIT>
		<COLOR>#3e0aa3</COLOR>
		<COVARIANCE_MATRIX>[[3.9690141420578584e-05, 4.931592775392346e-05, 6.430537905544043e-05, 6.834975647507235e-05, 6.483391189249232e-05, 5.268876702757552e-05], [4.931592775392346e-05, 6.361130363075063e-05, 8.245631033787504e-05, 8.14611921668984e-05, 7.608766463818029e-05, 6.191880675032735e-05], [6.430537905544043e-05, 8.245631033787504e-05, 0.00010887986718444154, 0.00010840320464922115, 0.00010080575157189742, 8.185138722183183e-05], [6.834975647507235e-05, 8.14611921668984e-05, 0.00010840320464922115, 0.00017791931168176234, 0.00016217718075495213, 0.0001258634583791718], [6.483391189249232e-05, 7.608766463818029e-05, 0.00010080575157189742, 0.00016217718075495213, 0.00015567197988275439, 0.00012189813423901796], [5.268876702757552e-05, 6.191880675032735e-05, 8.185138722183183e-05, 0.0001258634583791718, 0.00012189813423901796, 9.64277278399095e-05]]</COVARIANCE_MATRIX>
		<ROI_SIZE>2639</ROI_SIZE>
		<MAX_VALUE>[0.17761902511119843, 0.17142407596111298, 0.15844860672950745, 0.10873502492904663, 0.06213429942727089, 0.04527543857693672]</MAX_VALUE>
		<MIN_VALUE>[0.1529625505208969, 0.13650435209274292, 0.11449846625328064, 0.0601617693901062, 0.015102078206837177, 0.006503134034574032]</MIN_VALUE>
		<SIGNATURE_THRESHOLD_MD>0.0</SIGNATURE_THRESHOLD_MD>
		<SIGNATURE_THRESHOLD_ML>0.0</SIGNATURE_THRESHOLD_ML>
		<SIGNATURE_THRESHOLD_SAM>0.0</SIGNATURE_THRESHOLD_SAM>
	</signature>
	<signature ID="20210208_110056334279_109">
		<MACROCLASSID>1</MACROCLASSID>
		<MACROCLASSINFO>waterbody</MACROCLASSINFO>
		<CLASSID>3</CLASSID>
		<CLASSINFO>C 1</CLASSINFO>
		<VALUES>[0.12477803454679594, 0.0021848998274440396, 0.10757964050068576, 0.0041508070106076435, 0.07298719640163812, 0.003482122686807786, 0.05157827645540236, 0.008588287905046222, 0.016520986828733895, 0.005723263374398814, 0.008879803060827895, 0.0030021481386431938]</VALUES>
		<LCS_MIN>[0.11570047587156296, 0.09058168530464172, 0.061148036271333694, 0.04139203205704689, 0.010109147988259792, 0.005424418020993471]</LCS_MIN>
		<LCS_MAX>[0.1289225071668625, 0.11517652124166489, 0.08071909099817276, 0.08648256212472916, 0.04851158708333969, 0.027152931317687035]</LCS_MAX>
		<WAVELENGTH>[0.48, 0.56, 0.655, 0.865, 1.61, 2.2]</WAVELENGTH>
		<MEAN_VALUE>[0.12477803454679594, 0.10757964050068576, 0.07298719640163812, 0.05157827645540236, 0.016520986828733895, 0.008879803060827895]</MEAN_VALUE>
		<CHECKBOX>2</CHECKBOX>
		<SD>[0.0021848998274440396, 0.0041508070106076435, 0.003482122686807786, 0.008588287905046222, 0.005723263374398814, 0.0030021481386431938]</SD>
		<WAVELENGTH_UNIT>E-6m</WAVELENGTH_UNIT>
		<COLOR>#6c68ed</COLOR>
		<COVARIANCE_MATRIX>[[4.3959512368019205e-06, 7.62951731303474e-06, 5.619330750050722e-06, -7.2429593274137005e-06, -5.231671821093187e-06, -2.597417278593639e-06], [7.62951731303474e-06, 1.4424917935684789e-05, 1.0942492735921405e-05, -1.1869115951412823e-05, -8.76093236001907e-06, -4.505918241193285e-06], [5.619330750050722e-06, 1.0942492735921405e-05, 9.880664947559126e-06, -4.599692601914285e-06, -3.809506779361982e-06, -1.6172734831343405e-06], [-7.2429593274137005e-06, -1.1869115951412823e-05, -4.599692601914285e-06, 7.255069795064628e-05, 4.4434182200348005e-05, 2.354618118260987e-05], [-5.231671821093187e-06, -8.76093236001907e-06, -3.809506779361982e-06, 4.4434182200348005e-05, 3.413146987440996e-05, 1.8901908333646134e-05], [-2.597417278593639e-06, -4.505918241193285e-06, -1.6172734831343405e-06, 2.354618118260987e-05, 1.8901908333646134e-05, 1.1608006388996728e-05]]</COVARIANCE_MATRIX>
		<ROI_SIZE>663</ROI_SIZE>
		<MAX_VALUE>[0.1289225071668625, 0.11517652124166489, 0.08071909099817276, 0.08648256212472916, 0.04851158708333969, 0.027152931317687035]</MAX_VALUE>
		<MIN_VALUE>[0.11570047587156296, 0.09058168530464172, 0.061148036271333694, 0.04139203205704689, 0.010109147988259792, 0.005424418020993471]</MIN_VALUE>
		<SIGNATURE_THRESHOLD_MD>0.0</SIGNATURE_THRESHOLD_MD>
		<SIGNATURE_THRESHOLD_ML>0.0</SIGNATURE_THRESHOLD_ML>
		<SIGNATURE_THRESHOLD_SAM>0.0</SIGNATURE_THRESHOLD_SAM>
	</signature>
	<signature ID="20210208_110103718868_216">
		<MACROCLASSID>1</MACROCLASSID>
		<MACROCLASSINFO>waterbody</MACROCLASSINFO>
		<CLASSID>4</CLASSID>
		<CLASSINFO>C 1</CLASSINFO>
		<VALUES>[0.12068366756041844, 0.0022134428080054992, 0.10029558144640505, 0.004604547320511221, 0.07038988140329977, 0.004069964607993109, 0.10832082676260092, 0.028916595831487285, 0.04973468305379675, 0.016453697094144053, 0.02497061425329823, 0.007767789157229499]</VALUES>
		<LCS_MIN>[0.1128341481089592, 0.083369679749012, 0.05766531080007553, 0.05677151679992676, 0.021605223417282104, 0.010756375268101692]</LCS_MIN>
		<LCS_MAX>[0.12399119883775711, 0.10673167556524277, 0.07988695800304413, 0.16039031744003296, 0.0809040367603302, 0.04129958152770996]</LCS_MAX>
		<WAVELENGTH>[0.48, 0.56, 0.655, 0.865, 1.61, 2.2]</WAVELENGTH>
		<MEAN_VALUE>[0.12068366756041844, 0.10029558144640505, 0.07038988140329977, 0.10832082676260092, 0.04973468305379675, 0.02497061425329823]</MEAN_VALUE>
		<CHECKBOX>2</CHECKBOX>
		<SD>[0.0022134428080054992, 0.004604547320511221, 0.004069964607993109, 0.028916595831487285, 0.016453697094144053, 0.007767789157229499]</SD>
		<WAVELENGTH_UNIT>E-6m</WAVELENGTH_UNIT>
		<COLOR>#887a38</COLOR>
		<COVARIANCE_MATRIX>[[4.986817202734528e-06, 9.791840057005174e-06, 6.761639269825537e-06, -4.037943290313706e-05, -2.0046185454702936e-05, -7.81841117714066e-06], [9.791840057005174e-06, 2.1580461179837584e-05, 1.4276483852881938e-05, -7.18166193109937e-05, -3.2821379136294127e-05, -1.1706099940056447e-05], [6.761639269825537e-06, 1.4276483852881938e-05, 1.6860409232322127e-05, -4.4792654080083594e-05, -1.714444806566462e-05, -4.035923666378949e-06], [-4.037943290313706e-05, -7.18166193109937e-05, -4.4792654080083594e-05, 0.0008511011255905032, 0.00043826433829963207, 0.00019702574354596436], [-2.0046185454702936e-05, -3.2821379136294127e-05, -1.714444806566462e-05, 0.00043826433829963207, 0.0002755585010163486, 0.00012770763714797795], [-7.81841117714066e-06, -1.1706099940056447e-05, -4.035923666378949e-06, 0.00019702574354596436, 0.00012770763714797795, 6.141602352727205e-05]]</COVARIANCE_MATRIX>
		<ROI_SIZE>57</ROI_SIZE>
		<MAX_VALUE>[0.12399119883775711, 0.10673167556524277, 0.07988695800304413, 0.16039031744003296, 0.0809040367603302, 0.04129958152770996]</MAX_VALUE>
		<MIN_VALUE>[0.1128341481089592, 0.083369679749012, 0.05766531080007553, 0.05677151679992676, 0.021605223417282104, 0.010756375268101692]</MIN_VALUE>
		<SIGNATURE_THRESHOLD_MD>0.0</SIGNATURE_THRESHOLD_MD>
		<SIGNATURE_THRESHOLD_ML>0.0</SIGNATURE_THRESHOLD_ML>
		<SIGNATURE_THRESHOLD_SAM>0.0</SIGNATURE_THRESHOLD_SAM>
	</signature>
	<signature ID="20210208_110110181767_436">
		<MACROCLASSID>1</MACROCLASSID>
		<MACROCLASSINFO>waterbody</MACROCLASSINFO>
		<CLASSID>5</CLASSID>
		<CLASSINFO>C 1</CLASSINFO>
		<VALUES>[0.12175351405336006, 0.0036314683992334216, 0.10150226013314333, 0.007560313045947931, 0.06420736493808887, 0.0044918745036317325, 0.06245897200456414, 0.013623973084884888, 0.020434608891142805, 0.007918039578812996, 0.009951775510525028, 0.0037265965491554407]</VALUES>
		<LCS_MIN>[0.10537556558847427, 0.06903809309005737, 0.04472064971923828, 0.033810168504714966, 0.0034210807643830776, 0.0025581035297363997]</LCS_MIN>
		<LCS_MAX>[0.125347301363945, 0.10824189335107803, 0.07181195169687271, 0.09215353429317474, 0.04607676342129707, 0.024070866405963898]</LCS_MAX>
		<WAVELENGTH>[0.48, 0.56, 0.655, 0.865, 1.61, 2.2]</WAVELENGTH>
		<MEAN_VALUE>[0.12175351405336006, 0.10150226013314333, 0.06420736493808887, 0.06245897200456414, 0.020434608891142805, 0.009951775510525028]</MEAN_VALUE>
		<CHECKBOX>2</CHECKBOX>
		<SD>[0.0036314683992334216, 0.007560313045947931, 0.0044918745036317325, 0.013623973084884888, 0.007918039578812996, 0.0037265965491554407]</SD>
		<WAVELENGTH_UNIT>E-6m</WAVELENGTH_UNIT>
		<COLOR>#d760ec</COLOR>
		<COVARIANCE_MATRIX>[[1.324861659668386e-05, 2.706990562728606e-05, 1.58529855980305e-05, -2.5203982659149915e-05, -6.0972779465373605e-06, -8.515195872860204e-07], [2.706990562728606e-05, 5.742295616073534e-05, 3.350587940076366e-05, -4.847379750572145e-05, -1.1169398021593224e-05, -9.642155873734737e-07], [1.58529855980305e-05, 3.350587940076366e-05, 2.027034861384891e-05, -2.268891694257036e-05, -2.3793784293957287e-06, 1.644644612497359e-06], [-2.5203982659149915e-05, -4.847379750572145e-05, -2.268891694257036e-05, 0.0001864719670265913, 9.540311293676496e-05, 4.225549491820857e-05], [-6.0972779465373605e-06, -1.1169398021593224e-05, -2.3793784293957287e-06, 9.540311293676496e-05, 6.298560765571892e-05, 2.8571814254974015e-05], [-8.515195872860204e-07, -9.642155873734737e-07, 1.644644612497359e-06, 4.225549491820857e-05, 2.8571814254974015e-05, 1.3951816072221845e-05]]</COVARIANCE_MATRIX>
		<ROI_SIZE>217</ROI_SIZE>
		<MAX_VALUE>[0.125347301363945, 0.10824189335107803, 0.07181195169687271, 0.09215353429317474, 0.04607676342129707, 0.024070866405963898]</MAX_VALUE>
		<MIN_VALUE>[0.10537556558847427, 0.06903809309005737, 0.04472064971923828, 0.033810168504714966, 0.0034210807643830776, 0.0025581035297363997]</MIN_VALUE>
		<SIGNATURE_THRESHOLD_MD>0.0</SIGNATURE_THRESHOLD_MD>
		<SIGNATURE_THRESHOLD_ML>0.0</SIGNATURE_THRESHOLD_ML>
		<SIGNATURE_THRESHOLD_SAM>0.0</SIGNATURE_THRESHOLD_SAM>
	</signature>
	<signature ID="20210208_110119006462_896">
		<MACROCLASSID>1</MACROCLASSID>
		<MACROCLASSINFO>waterbody</MACROCLASSINFO>
		<CLASSID>6</CLASSID>
		<CLASSINFO>C 1</CLASSINFO>
		<VALUES>[0.11684553327378384, 0.004294541772434704, 0.09035625901862321, 0.00738571012115109, 0.058149052099347696, 0.004490440162927896, 0.04550022442866428, 0.009509501461122755, 0.014485850483362605, 0.006035677462196659, 0.007770303247285441, 0.0035476231322136217]</VALUES>
		<LCS_MIN>[0.10161546617746353, 0.06589439511299133, 0.043672751635313034, 0.03245406970381737, 0.007890060544013977, 0.0030512367375195026]</LCS_MIN>
		<LCS_MAX>[0.12278918921947479, 0.10121478140354156, 0.07850002497434616, 0.08071909099817276, 0.050145093351602554, 0.035197097808122635]</LCS_MAX>
		<WAVELENGTH>[0.48, 0.56, 0.655, 0.865, 1.61, 2.2]</WAVELENGTH>
		<MEAN_VALUE>[0.11684553327378384, 0.09035625901862321, 0.058149052099347696, 0.04550022442866428, 0.014485850483362605, 0.007770303247285441]</MEAN_VALUE>
		<CHECKBOX>2</CHECKBOX>
		<SD>[0.004294541772434704, 0.00738571012115109, 0.004490440162927896, 0.009509501461122755, 0.006035677462196659, 0.0035476231322136217]</SD>
		<WAVELENGTH_UNIT>E-6m</WAVELENGTH_UNIT>
		<COLOR>#f447fb</COLOR>
		<COVARIANCE_MATRIX>[[1.3870656403014436e-05, 2.3837448679842055e-05, 1.4606888726120815e-05, -1.0803098120959476e-05, -2.03741979021288e-06, 1.5432004829563084e-07], [2.3837448679842055e-05, 4.184818681096658e-05, 2.6319747121306136e-05, -1.595324465597514e-05, -2.099468019878259e-06, 1.0080444781124243e-06], [1.4606888726120815e-05, 2.6319747121306136e-05, 1.9579429135774262e-05, -1.9337110188644147e-06, 3.787174819080974e-06, 3.7552522371697705e-06], [-1.0803098120959476e-05, -1.595324465597514e-05, -1.9337110188644147e-06, 8.768200495978817e-05, 4.911169526167214e-05, 2.499817310308572e-05], [-2.03741979021288e-06, -2.099468019878259e-06, 3.787174819080974e-06, 4.911169526167214e-05, 3.771528645302169e-05, 2.0938201487297192e-05], [1.5432004829563084e-07, 1.0080444781124243e-06, 3.7552522371697705e-06, 2.499817310308572e-05, 2.0938201487297192e-05, 1.282595349039184e-05]]</COVARIANCE_MATRIX>
		<ROI_SIZE>1572</ROI_SIZE>
		<MAX_VALUE>[0.12278918921947479, 0.10121478140354156, 0.07850002497434616, 0.08071909099817276, 0.050145093351602554, 0.035197097808122635]</MAX_VALUE>
		<MIN_VALUE>[0.10161546617746353, 0.06589439511299133, 0.043672751635313034, 0.03245406970381737, 0.007890060544013977, 0.0030512367375195026]</MIN_VALUE>
		<SIGNATURE_THRESHOLD_MD>0.0</SIGNATURE_THRESHOLD_MD>
		<SIGNATURE_THRESHOLD_ML>0.0</SIGNATURE_THRESHOLD_ML>
		<SIGNATURE_THRESHOLD_SAM>0.0</SIGNATURE_THRESHOLD_SAM>
	</signature>
	<signature ID="20210208_110124080915_545">
		<MACROCLASSID>1</MACROCLASSID>
		<MACROCLASSINFO>waterbody</MACROCLASSINFO>
		<CLASSID>7</CLASSID>
		<CLASSINFO>C 1</CLASSINFO>
		<VALUES>[0.11035623631783228, 0.0014587099894923074, 0.08962290488967767, 0.003803496705207443, 0.06360719006165473, 0.0044875959248375005, 0.048389527027642265, 0.009538901254384854, 0.01671874111113874, 0.008487987603091598, 0.009346437041561963, 0.005373895434010803]</VALUES>
		<LCS_MIN>[0.10438931733369827, 0.07085651904344559, 0.047648608684539795, 0.03461151570081711, 0.0068729897029697895, 0.002373181516304612]</LCS_MIN>
		<LCS_MAX>[0.11505323648452759, 0.09988950937986374, 0.0812738835811615, 0.08031842857599258, 0.049128010869026184, 0.032423242926597595]</LCS_MAX>
		<WAVELENGTH>[0.48, 0.56, 0.655, 0.865, 1.61, 2.2]</WAVELENGTH>
		<MEAN_VALUE>[0.11035623631783228, 0.08962290488967767, 0.06360719006165473, 0.048389527027642265, 0.01671874111113874, 0.009346437041561963]</MEAN_VALUE>
		<CHECKBOX>2</CHECKBOX>
		<SD>[0.0014587099894923074, 0.003803496705207443, 0.0044875959248375005, 0.009538901254384854, 0.008487987603091598, 0.005373895434010803]</SD>
		<WAVELENGTH_UNIT>E-6m</WAVELENGTH_UNIT>
		<COLOR>#488d9f</COLOR>
		<COVARIANCE_MATRIX>[[2.1348573682189453e-06, 5.174052603251766e-06, 6.106345153966686e-06, 5.113336555950809e-06, 4.661558705265634e-06, 3.198563263140386e-06], [5.174052603251766e-06, 1.4514331269310787e-05, 1.6037311070249416e-05, 6.649694569205167e-06, 6.657136054855073e-06, 5.2116861297690775e-06], [6.106345153966686e-06, 1.6037311070249416e-05, 2.0204981410643086e-05, 1.9061822968069464e-05, 1.6920119378482923e-05, 1.1796117178164423e-05], [5.113336555950809e-06, 6.649694569205167e-06, 1.9061822968069464e-05, 9.129093814408407e-05, 6.857611879240721e-05, 4.1345370846102014e-05], [4.661558705265634e-06, 6.657136054855073e-06, 1.6920119378482923e-05, 6.857611879240721e-05, 7.228370668599382e-05, 4.43311728304252e-05], [3.198563263140386e-06, 5.2116861297690775e-06, 1.1796117178164423e-05, 4.1345370846102014e-05, 4.43311728304252e-05, 2.897406193369534e-05]]</COVARIANCE_MATRIX>
		<ROI_SIZE>304</ROI_SIZE>
		<MAX_VALUE>[0.11505323648452759, 0.09988950937986374, 0.0812738835811615, 0.08031842857599258, 0.049128010869026184, 0.032423242926597595]</MAX_VALUE>
		<MIN_VALUE>[0.10438931733369827, 0.07085651904344559, 0.047648608684539795, 0.03461151570081711, 0.0068729897029697895, 0.002373181516304612]</MIN_VALUE>
		<SIGNATURE_THRESHOLD_MD>0.0</SIGNATURE_THRESHOLD_MD>
		<SIGNATURE_THRESHOLD_ML>0.0</SIGNATURE_THRESHOLD_ML>
		<SIGNATURE_THRESHOLD_SAM>0.0</SIGNATURE_THRESHOLD_SAM>
	</signature>
	<signature ID="20210208_110134235451_636">
		<MACROCLASSID>1</MACROCLASSID>
		<MACROCLASSINFO>waterbody</MACROCLASSINFO>
		<CLASSID>8</CLASSID>
		<CLASSINFO>C 1</CLASSINFO>
		<VALUES>[0.11607279141506, 0.0010325018680966789, 0.08767344242447213, 0.0025239500468546765, 0.06362052431621507, 0.0031545734446682843, 0.04340636008935573, 0.00599878197281346, 0.012937118425327356, 0.005366155471057068, 0.006794478490434124, 0.003451792076482513]</VALUES>
		<LCS_MIN>[0.11175543069839478, 0.07973285019397736, 0.05584688112139702, 0.03535120189189911, 0.007427755743265152, 0.004037491511553526]</LCS_MIN>
		<LCS_MAX>[0.12201868742704391, 0.10309484601020813, 0.09067416191101074, 0.07797607779502869, 0.04918964207172394, 0.033995091915130615]</LCS_MAX>
		<WAVELENGTH>[0.48, 0.56, 0.655, 0.865, 1.61, 2.2]</WAVELENGTH>
		<MEAN_VALUE>[0.11607279141506, 0.08767344242447213, 0.06362052431621507, 0.04340636008935573, 0.012937118425327356, 0.006794478490434124]</MEAN_VALUE>
		<CHECKBOX>2</CHECKBOX>
		<SD>[0.0010325018680966789, 0.0025239500468546765, 0.0031545734446682843, 0.00599878197281346, 0.005366155471057068, 0.003451792076482513]</SD>
		<WAVELENGTH_UNIT>E-6m</WAVELENGTH_UNIT>
		<COLOR>#563d5b</COLOR>
		<COVARIANCE_MATRIX>[[1.0796709375426872e-06, 2.1523221676034154e-06, 2.5918527626345167e-06, 3.54818348569097e-06, 3.1087611205293797e-06, 2.0225527350703487e-06], [2.1523221676034154e-06, 6.924349236214766e-06, 7.873453796491958e-06, 1.1642518984444905e-05, 9.927161954692565e-06, 6.444890459533781e-06], [2.5918527626345167e-06, 7.873453796491958e-06, 1.0552334060776047e-05, 1.648386569286231e-05, 1.5133118722587824e-05, 9.79394098976627e-06], [3.54818348569097e-06, 1.1642518984444905e-05, 1.648386569286231e-05, 3.700981687870808e-05, 3.028052014997229e-05, 1.8935983462142758e-05], [3.1087611205293797e-06, 9.927161954692565e-06, 1.5133118722587824e-05, 3.028052014997229e-05, 3.163564906571992e-05, 1.9793296814896166e-05], [2.0225527350703487e-06, 6.444890459533781e-06, 9.79394098976627e-06, 1.8935983462142758e-05, 1.9793296814896166e-05, 1.2957237231603358e-05]]</COVARIANCE_MATRIX>
		<ROI_SIZE>5649</ROI_SIZE>
		<MAX_VALUE>[0.12201868742704391, 0.10309484601020813, 0.09067416191101074, 0.07797607779502869, 0.04918964207172394, 0.033995091915130615]</MAX_VALUE>
		<MIN_VALUE>[0.11175543069839478, 0.07973285019397736, 0.05584688112139702, 0.03535120189189911, 0.007427755743265152, 0.004037491511553526]</MIN_VALUE>
		<SIGNATURE_THRESHOLD_MD>0.0</SIGNATURE_THRESHOLD_MD>
		<SIGNATURE_THRESHOLD_ML>0.0</SIGNATURE_THRESHOLD_ML>
		<SIGNATURE_THRESHOLD_SAM>0.0</SIGNATURE_THRESHOLD_SAM>
	</signature>
	<signature ID="20210208_110151344639_171">
		<MACROCLASSID>1</MACROCLASSID>
		<MACROCLASSINFO>waterbody</MACROCLASSINFO>
		<CLASSID>9</CLASSID>
		<CLASSINFO>C 1</CLASSINFO>
		<VALUES>[0.12281088522761806, 0.0014014478415831024, 0.11912274496872341, 0.0052411232536783816, 0.07907587906908134, 0.009405752749830451, 0.045337499209635805, 0.006136691285919858, 0.016104474779827287, 0.005721498036272918, 0.00949418482853105, 0.0036055272457741353]</VALUES>
		<LCS_MIN>[0.1205701231956482, 0.11440599709749222, 0.07141128927469254, 0.038032595068216324, 0.009461909532546997, 0.006595594808459282]</LCS_MIN>
		<LCS_MAX>[0.12852181494235992, 0.14260682463645935, 0.11178624629974365, 0.08108896017074585, 0.04666236788034439, 0.03193012252449989]</LCS_MAX>
		<WAVELENGTH>[0.48, 0.56, 0.655, 0.865, 1.61, 2.2]</WAVELENGTH>
		<MEAN_VALUE>[0.12281088522761806, 0.11912274496872341, 0.07907587906908134, 0.045337499209635805, 0.016104474779827287, 0.00949418482853105]</MEAN_VALUE>
		<CHECKBOX>2</CHECKBOX>
		<SD>[0.0014014478415831024, 0.0052411232536783816, 0.009405752749830451, 0.006136691285919858, 0.005721498036272918, 0.0036055272457741353]</SD>
		<WAVELENGTH_UNIT>E-6m</WAVELENGTH_UNIT>
		<COLOR>#1b153d</COLOR>
		<COVARIANCE_MATRIX>[[1.969511686183978e-06, 3.7684972085116897e-06, 8.411430826527067e-06, 6.1156947595009115e-06, 5.354929271561559e-06, 3.6192909647070337e-06], [3.7684972085116897e-06, 2.754567685769871e-05, 4.715755130746402e-05, 1.661922397033777e-05, 1.7272734112339094e-05, 1.0790806300065015e-05], [8.411430826527067e-06, 4.715755130746402e-05, 8.871393220033497e-05, 4.001892011729069e-05, 3.857034971588291e-05, 2.4286176994792186e-05], [6.1156947595009115e-06, 1.661922397033777e-05, 4.001892011729069e-05, 3.776358789764345e-05, 3.0501010769512504e-05, 1.869776133389678e-05], [5.354929271561559e-06, 1.7272734112339094e-05, 3.857034971588291e-05, 3.0501010769512504e-05, 3.2826472306624055e-05, 1.973953294509556e-05], [3.6192909647070337e-06, 1.0790806300065015e-05, 2.4286176994792186e-05, 1.869776133389678e-05, 1.973953294509556e-05, 1.3035937627137173e-05]]</COVARIANCE_MATRIX>
		<ROI_SIZE>361</ROI_SIZE>
		<MAX_VALUE>[0.12852181494235992, 0.14260682463645935, 0.11178624629974365, 0.08108896017074585, 0.04666236788034439, 0.03193012252449989]</MAX_VALUE>
		<MIN_VALUE>[0.1205701231956482, 0.11440599709749222, 0.07141128927469254, 0.038032595068216324, 0.009461909532546997, 0.006595594808459282]</MIN_VALUE>
		<SIGNATURE_THRESHOLD_MD>0.0</SIGNATURE_THRESHOLD_MD>
		<SIGNATURE_THRESHOLD_ML>0.0</SIGNATURE_THRESHOLD_ML>
		<SIGNATURE_THRESHOLD_SAM>0.0</SIGNATURE_THRESHOLD_SAM>
	</signature>
	<signature ID="20210208_110204050720_257">
		<MACROCLASSID>1</MACROCLASSID>
		<MACROCLASSINFO>waterbody</MACROCLASSINFO>
		<CLASSID>10</CLASSID>
		<CLASSINFO>C 1</CLASSINFO>
		<VALUES>[0.1369210941869703, 0.0023286176043740433, 0.12493143134185522, 0.003740704875207226, 0.09478475811784386, 0.00347613323758499, 0.06493931688734735, 0.01150207915546043, 0.02036583169867268, 0.007043992170669106, 0.010837571977133881, 0.004312410602365263]</VALUES>
		<LCS_MIN>[0.12710407376289368, 0.10426603257656097, 0.07665078341960907, 0.04952866956591606, 0.012143302708864212, 0.006379856262356043]</LCS_MIN>
		<LCS_MAX>[0.14245271682739258, 0.13021695613861084, 0.10364960879087448, 0.1028791069984436, 0.053658634424209595, 0.036830589175224304]</LCS_MAX>
		<WAVELENGTH>[0.48, 0.56, 0.655, 0.865, 1.61, 2.2]</WAVELENGTH>
		<MEAN_VALUE>[0.1369210941869703, 0.12493143134185522, 0.09478475811784386, 0.06493931688734735, 0.02036583169867268, 0.010837571977133881]</MEAN_VALUE>
		<CHECKBOX>2</CHECKBOX>
		<SD>[0.0023286176043740433, 0.003740704875207226, 0.00347613323758499, 0.01150207915546043, 0.007043992170669106, 0.004312410602365263]</SD>
		<WAVELENGTH_UNIT>E-6m</WAVELENGTH_UNIT>
		<COLOR>#1d922e</COLOR>
		<COVARIANCE_MATRIX>[[5.431363661045907e-06, 7.567926331830677e-06, 7.328265382966492e-06, -1.538344577056705e-06, -3.0158528261381434e-06, -1.8409701851851423e-06], [7.567926331830677e-06, 1.401584995619487e-05, 1.2139813406975009e-05, -1.3536112419387791e-05, -9.54300685407361e-06, -5.357609552447684e-06], [7.328265382966492e-06, 1.2139813406975009e-05, 1.2103343578928616e-05, -2.4998914796015015e-06, -2.3787458758306457e-06, -8.061288099270314e-07], [-1.538344577056705e-06, -1.3536112419387791e-05, -2.4998914796015015e-06, 0.00013251506607048213, 7.275958341779187e-05, 3.93245936720632e-05], [-3.0158528261381434e-06, -9.54300685407361e-06, -2.3787458758306457e-06, 7.275958341779187e-05, 4.969930159859359e-05, 2.909264003392309e-05], [-1.8409701851851423e-06, -5.357609552447684e-06, -8.061288099270314e-07, 3.93245936720632e-05, 2.909264003392309e-05, 1.8627422832651064e-05]]</COVARIANCE_MATRIX>
		<ROI_SIZE>610</ROI_SIZE>
		<MAX_VALUE>[0.14245271682739258, 0.13021695613861084, 0.10364960879087448, 0.1028791069984436, 0.053658634424209595, 0.036830589175224304]</MAX_VALUE>
		<MIN_VALUE>[0.12710407376289368, 0.10426603257656097, 0.07665078341960907, 0.04952866956591606, 0.012143302708864212, 0.006379856262356043]</MIN_VALUE>
		<SIGNATURE_THRESHOLD_MD>0.0</SIGNATURE_THRESHOLD_MD>
		<SIGNATURE_THRESHOLD_ML>0.0</SIGNATURE_THRESHOLD_ML>
		<SIGNATURE_THRESHOLD_SAM>0.0</SIGNATURE_THRESHOLD_SAM>
	</signature>
	<signature ID="20210208_110215712541_696">
		<MACROCLASSID>1</MACROCLASSID>
		<MACROCLASSINFO>waterbody</MACROCLASSINFO>
		<CLASSID>11</CLASSID>
		<CLASSINFO>C 1</CLASSINFO>
		<VALUES>[0.13052812278465745, 0.0025627987712532117, 0.10274278770976955, 0.0042422319476610746, 0.07024196720650949, 0.005821209861808468, 0.0379682242070862, 0.004093029662484897, 0.009169966780541765, 0.0026801846984193882, 0.004504332326000036, 0.0018928562179349262]</VALUES>
		<LCS_MIN>[0.12001533806324005, 0.08882491290569305, 0.0583125464618206, 0.03359443321824074, 0.006287395488470793, 0.0027738420758396387]</LCS_MIN>
		<LCS_MAX>[0.13952478766441345, 0.11483749747276306, 0.10515982657670975, 0.07652749866247177, 0.04851158708333969, 0.036768946796655655]</LCS_MAX>
		<WAVELENGTH>[0.48, 0.56, 0.655, 0.865, 1.61, 2.2]</WAVELENGTH>
		<MEAN_VALUE>[0.13052812278465745, 0.10274278770976955, 0.07024196720650949, 0.0379682242070862, 0.009169966780541765, 0.004504332326000036]</MEAN_VALUE>
		<CHECKBOX>2</CHECKBOX>
		<SD>[0.0025627987712532117, 0.0042422319476610746, 0.005821209861808468, 0.004093029662484897, 0.0026801846984193882, 0.0018928562179349262]</SD>
		<WAVELENGTH_UNIT>E-6m</WAVELENGTH_UNIT>
		<COLOR>#dd7001</COLOR>
		<COVARIANCE_MATRIX>[[6.7107766881235875e-06, 1.0045210729003884e-05, 1.046483976097079e-05, -4.416509682414471e-07, -4.303538148064945e-08, 5.039638484305442e-09], [1.0045210729003884e-05, 1.8586441001389176e-05, 2.311652497155592e-05, 2.1166242731851526e-06, 8.458079605588864e-07, 4.732405898266734e-07], [1.046483976097079e-05, 2.311652497155592e-05, 3.5849392588716e-05, 9.280635822506156e-06, 4.35969286627369e-06, 2.637294073792873e-06], [-4.416509682414471e-07, 2.1166242731851526e-06, 9.280635822506156e-06, 1.692540172371082e-05, 8.635238373244647e-06, 5.3744943215860985e-06], [-4.303538148064945e-08, 8.458079605588864e-07, 4.35969286627369e-06, 8.635238373244647e-06, 6.461078555730637e-06, 4.3346099118934944e-06], [5.039638484305442e-09, 4.732405898266734e-07, 2.637294073792873e-06, 5.3744943215860985e-06, 4.3346099118934944e-06, 3.1042882255860604e-06]]</COVARIANCE_MATRIX>
		<ROI_SIZE>11530</ROI_SIZE>
		<MAX_VALUE>[0.13952478766441345, 0.11483749747276306, 0.10515982657670975, 0.07652749866247177, 0.04851158708333969, 0.036768946796655655]</MAX_VALUE>
		<MIN_VALUE>[0.12001533806324005, 0.08882491290569305, 0.0583125464618206, 0.03359443321824074, 0.006287395488470793, 0.0027738420758396387]</MIN_VALUE>
		<SIGNATURE_THRESHOLD_MD>0.0</SIGNATURE_THRESHOLD_MD>
		<SIGNATURE_THRESHOLD_ML>0.0</SIGNATURE_THRESHOLD_ML>
		<SIGNATURE_THRESHOLD_SAM>0.0</SIGNATURE_THRESHOLD_SAM>
	</signature>
	<signature ID="20210208_110229911975_280">
		<MACROCLASSID>1</MACROCLASSID>
		<MACROCLASSINFO>waterbody</MACROCLASSINFO>
		<CLASSID>12</CLASSID>
		<CLASSINFO>C 1</CLASSINFO>
		<VALUES>[0.1403468281546404, 0.0013189364093466429, 0.11544653301305129, 0.0026959846393328577, 0.08448395435596674, 0.008668061531010875, 0.03547085692330932, 0.004867397071024407, 0.008591983043628607, 0.001032504020039179, 0.004301810669425765, 0.0005201881587657307]</VALUES>
		<LCS_MIN>[0.13557974994182587, 0.11061505973339081, 0.06946959346532822, 0.03122125007212162, 0.0074585722759366035, 0.003544358303770423]</LCS_MIN>
		<LCS_MAX>[0.14649023115634918, 0.1259637326002121, 0.11570047587156296, 0.07529467344284058, 0.03057401068508625, 0.017136244103312492]</LCS_MAX>
		<WAVELENGTH>[0.48, 0.56, 0.655, 0.865, 1.61, 2.2]</WAVELENGTH>
		<MEAN_VALUE>[0.1403468281546404, 0.11544653301305129, 0.08448395435596674, 0.03547085692330932, 0.008591983043628607, 0.004301810669425765]</MEAN_VALUE>
		<CHECKBOX>2</CHECKBOX>
		<SD>[0.0013189364093466429, 0.0026959846393328577, 0.008668061531010875, 0.004867397071024407, 0.001032504020039179, 0.0005201881587657307]</SD>
		<WAVELENGTH_UNIT>E-6m</WAVELENGTH_UNIT>
		<COLOR>#648150</COLOR>
		<COVARIANCE_MATRIX>[[1.5984225001375307e-06, 2.69097949967545e-06, 6.21918979959446e-06, 2.199076334363781e-06, 1.449909632356139e-07, 6.010360920072344e-08], [2.69097949967545e-06, 6.9160691964498255e-06, 2.0397092157509178e-05, 7.944470780785196e-06, 8.304106131618028e-07, 3.4660226333471655e-07], [6.21918979959446e-06, 2.0397092157509178e-05, 7.802400068612769e-05, 3.202157313353382e-05, 3.506927214402822e-06, 1.478554281675315e-06], [2.199076334363781e-06, 7.944470780785196e-06, 3.202157313353382e-05, 2.40413337451173e-05, 3.727791181518114e-06, 1.6958498463282012e-06], [1.449909632356139e-07, 8.304106131618028e-07, 3.506927214402822e-06, 3.727791181518114e-06, 1.5271948541339952e-06, 7.824846761650406e-07], [6.010360920072344e-08, 3.4660226333471655e-07, 1.478554281675315e-06, 1.6958498463282012e-06, 7.824846761650406e-07, 4.5560008743450453e-07]]</COVARIANCE_MATRIX>
		<ROI_SIZE>12613</ROI_SIZE>
		<MAX_VALUE>[0.14649023115634918, 0.1259637326002121, 0.11570047587156296, 0.07529467344284058, 0.03057401068508625, 0.017136244103312492]</MAX_VALUE>
		<MIN_VALUE>[0.13557974994182587, 0.11061505973339081, 0.06946959346532822, 0.03122125007212162, 0.0074585722759366035, 0.003544358303770423]</MIN_VALUE>
		<SIGNATURE_THRESHOLD_MD>0.0</SIGNATURE_THRESHOLD_MD>
		<SIGNATURE_THRESHOLD_ML>0.0</SIGNATURE_THRESHOLD_ML>
		<SIGNATURE_THRESHOLD_SAM>0.0</SIGNATURE_THRESHOLD_SAM>
	</signature>
	<signature ID="20210208_110242024311_255">
		<MACROCLASSID>1</MACROCLASSID>
		<MACROCLASSINFO>waterbody</MACROCLASSINFO>
		<CLASSID>13</CLASSID>
		<CLASSINFO>C 1</CLASSINFO>
		<VALUES>[0.12954689222677182, 0.0018909201047032532, 0.10126356482609805, 0.003399828600928293, 0.0765655771669957, 0.005587908315482085, 0.041714712831179446, 0.005543450479757827, 0.016172423053614774, 0.004869318711343224, 0.01135865323720287, 0.004300699498673867]</VALUES>
		<LCS_MIN>[0.12229607999324799, 0.09116729348897934, 0.06688066571950912, 0.03550530970096588, 0.011095402762293816, 0.006749700754880905]</LCS_MIN>
		<LCS_MAX>[0.149294912815094, 0.12790541350841522, 0.10700906813144684, 0.07760623097419739, 0.05436750501394272, 0.04881979897618294]</LCS_MAX>
		<WAVELENGTH>[0.48, 0.56, 0.655, 0.865, 1.61, 2.2]</WAVELENGTH>
		<MEAN_VALUE>[0.12954689222677182, 0.10126356482609805, 0.0765655771669957, 0.041714712831179446, 0.016172423053614774, 0.01135865323720287]</MEAN_VALUE>
		<CHECKBOX>2</CHECKBOX>
		<SD>[0.0018909201047032532, 0.003399828600928293, 0.005587908315482085, 0.005543450479757827, 0.004869318711343224, 0.004300699498673867]</SD>
		<WAVELENGTH_UNIT>E-6m</WAVELENGTH_UNIT>
		<COLOR>#98a665</COLOR>
		<COVARIANCE_MATRIX>[[3.3586065910640173e-06, 5.781068921351107e-06, 5.383844381867675e-06, 2.5621720851631835e-06, 1.9620649709395366e-06, 1.4029155863681808e-06], [5.781068921351107e-06, 1.1366936632839497e-05, 1.1143448318762239e-05, 2.985265609822818e-06, 1.7752747680788161e-06, 7.778488679832662e-07], [5.383844381867675e-06, 1.1143448318762239e-05, 2.8117639885749668e-05, 1.3610273526865058e-05, 4.602443368639797e-06, 2.8328963708190713e-06], [2.5621720851631835e-06, 2.985265609822818e-06, 1.3610273526865058e-05, 2.760666211543139e-05, 2.0177494661766104e-05, 1.658824839978479e-05], [1.9620649709395366e-06, 1.7752747680788161e-06, 4.602443368639797e-06, 2.0177494661766104e-05, 2.3673816031077877e-05, 2.0173820303170942e-05], [1.4029155863681808e-06, 7.778488679832662e-07, 2.8328963708190713e-06, 1.658824839978479e-05, 2.0173820303170942e-05, 1.8047348930849694e-05]]</COVARIANCE_MATRIX>
		<ROI_SIZE>10814</ROI_SIZE>
		<MAX_VALUE>[0.149294912815094, 0.12790541350841522, 0.10700906813144684, 0.07760623097419739, 0.05436750501394272, 0.04881979897618294]</MAX_VALUE>
		<MIN_VALUE>[0.12229607999324799, 0.09116729348897934, 0.06688066571950912, 0.03550530970096588, 0.011095402762293816, 0.006749700754880905]</MIN_VALUE>
		<SIGNATURE_THRESHOLD_MD>0.0</SIGNATURE_THRESHOLD_MD>
		<SIGNATURE_THRESHOLD_ML>0.0</SIGNATURE_THRESHOLD_ML>
		<SIGNATURE_THRESHOLD_SAM>0.0</SIGNATURE_THRESHOLD_SAM>
	</signature>
	<signature ID="20210208_110252297853_936">
		<MACROCLASSID>1</MACROCLASSID>
		<MACROCLASSINFO>waterbody</MACROCLASSINFO>
		<CLASSID>14</CLASSID>
		<CLASSINFO>C 1</CLASSINFO>
		<VALUES>[0.13425385953727675, 0.0030546441445409764, 0.09447377922363578, 0.0040265762761084066, 0.05800003797048707, 0.0016171486953464704, 0.03207715702953182, 0.0005426499611451441, 0.010645098651231106, 0.0003551674038678791, 0.0062540967117471575, 0.0002881447227531098]</VALUES>
		<LCS_MIN>[0.1273198127746582, 0.08528055995702744, 0.05415176600217819, 0.030296629294753075, 0.009585198946297169, 0.005393590312451124]</LCS_MIN>
		<LCS_MAX>[0.13967889547348022, 0.10223186761140823, 0.062072645872831345, 0.03710797429084778, 0.015934238210320473, 0.009554370306432247]</LCS_MAX>
		<WAVELENGTH>[0.48, 0.56, 0.655, 0.865, 1.61, 2.2]</WAVELENGTH>
		<MEAN_VALUE>[0.13425385953727675, 0.09447377922363578, 0.05800003797048707, 0.03207715702953182, 0.010645098651231106, 0.0062540967117471575]</MEAN_VALUE>
		<CHECKBOX>2</CHECKBOX>
		<SD>[0.0030546441445409764, 0.0040265762761084066, 0.0016171486953464704, 0.0005426499611451441, 0.0003551674038678791, 0.0002881447227531098]</SD>
		<WAVELENGTH_UNIT>E-6m</WAVELENGTH_UNIT>
		<COLOR>#dc6c17</COLOR>
		<COVARIANCE_MATRIX>[[9.276689524995163e-06, 1.2126169167459011e-05, 4.747135790239554e-06, 7.818848644092213e-07, -7.523387779428958e-08, -1.3792728736916615e-07], [1.2126169167459011e-05, 1.6072250218712725e-05, 6.2780022744846065e-06, 1.0217569297310547e-06, -1.1091292151377274e-07, -1.9060962586081587e-07], [4.747135790239554e-06, 6.2780022744846065e-06, 2.644167125254171e-06, 5.576022772402212e-07, 4.7242469491948214e-08, -1.1517155229512355e-08], [7.818848644092213e-07, 1.0217569297310547e-06, 5.576022772402212e-07, 3.433634958582843e-07, 1.2507788937909936e-07, 8.202021462011544e-08], [-7.523387779428958e-08, -1.1091292151377274e-07, 4.7242469491948214e-08, 1.2507788937909936e-07, 1.4504449552532606e-07, 8.350952640512332e-08], [-1.3792728736916615e-07, -1.9060962586081587e-07, -1.1517155229512355e-08, 8.202021462011544e-08, 8.350952640512332e-08, 9.498861430756733e-08]]</COVARIANCE_MATRIX>
		<ROI_SIZE>14640</ROI_SIZE>
		<MAX_VALUE>[0.13967889547348022, 0.10223186761140823, 0.062072645872831345, 0.03710797429084778, 0.015934238210320473, 0.009554370306432247]</MAX_VALUE>
		<MIN_VALUE>[0.1273198127746582, 0.08528055995702744, 0.05415176600217819, 0.030296629294753075, 0.009585198946297169, 0.005393590312451124]</MIN_VALUE>
		<SIGNATURE_THRESHOLD_MD>0.0</SIGNATURE_THRESHOLD_MD>
		<SIGNATURE_THRESHOLD_ML>0.0</SIGNATURE_THRESHOLD_ML>
		<SIGNATURE_THRESHOLD_SAM>0.0</SIGNATURE_THRESHOLD_SAM>
	</signature>
	<signature ID="20210208_110316282358_789">
		<MACROCLASSID>1</MACROCLASSID>
		<MACROCLASSINFO>waterbody</MACROCLASSINFO>
		<CLASSID>15</CLASSID>
		<CLASSINFO>C 1</CLASSINFO>
		<VALUES>[0.12307261510235012, 0.0008948307145231056, 0.09066963823676155, 0.0018845338773906357, 0.06532929347681171, 0.0019570387463160328, 0.05141417913738761, 0.007845332900571872, 0.014950381245924124, 0.005907861148825123, 0.0076138224370364115, 0.003583962252867992]</VALUES>
		<LCS_MIN>[0.11927565187215805, 0.08272244036197662, 0.057911865413188934, 0.04123792424798012, 0.006934622768312693, 0.0037909247912466526]</LCS_MIN>
		<LCS_MAX>[0.12738147377967834, 0.09865669161081314, 0.08056501299142838, 0.08907146751880646, 0.05270318314433098, 0.03458068519830704]</LCS_MAX>
		<WAVELENGTH>[0.48, 0.56, 0.655, 0.865, 1.61, 2.2]</WAVELENGTH>
		<MEAN_VALUE>[0.12307261510235012, 0.09066963823676155, 0.06532929347681171, 0.05141417913738761, 0.014950381245924124, 0.0076138224370364115]</MEAN_VALUE>
		<CHECKBOX>2</CHECKBOX>
		<SD>[0.0008948307145231056, 0.0018845338773906357, 0.0019570387463160328, 0.007845332900571872, 0.005907861148825123, 0.003583962252867992]</SD>
		<WAVELENGTH_UNIT>E-6m</WAVELENGTH_UNIT>
		<COLOR>#a7cb79</COLOR>
		<COVARIANCE_MATRIX>[[7.503440428990871e-07, 1.3643870033774874e-06, 1.326622509623121e-06, 1.912195330078248e-06, 1.2073688822056283e-06, 7.988368793121481e-07], [1.3643870033774874e-06, 3.5230727917223703e-06, 3.360650225658901e-06, 7.300460765691241e-06, 4.671055194194196e-06, 2.9297834771568887e-06], [1.326622509623121e-06, 3.360650225658901e-06, 4.224958956910996e-06, 1.041746509145014e-05, 7.924034434836358e-06, 5.001277258998016e-06], [1.912195330078248e-06, 7.300460765691241e-06, 1.041746509145014e-05, 6.208576814970002e-05, 4.2554584069876e-05, 2.4621214834041893e-05], [1.2073688822056283e-06, 4.671055194194196e-06, 7.924034434836358e-06, 4.2554584069876e-05, 3.667222335934639e-05, 2.1951967937638983e-05], [7.988368793121481e-07, 2.9297834771568887e-06, 5.001277258998016e-06, 2.4621214834041893e-05, 2.1951967937638983e-05, 1.3707674042962026e-05]]</COVARIANCE_MATRIX>
		<ROI_SIZE>4692</ROI_SIZE>
		<MAX_VALUE>[0.12738147377967834, 0.09865669161081314, 0.08056501299142838, 0.08907146751880646, 0.05270318314433098, 0.03458068519830704]</MAX_VALUE>
		<MIN_VALUE>[0.11927565187215805, 0.08272244036197662, 0.057911865413188934, 0.04123792424798012, 0.006934622768312693, 0.0037909247912466526]</MIN_VALUE>
		<SIGNATURE_THRESHOLD_MD>0.0</SIGNATURE_THRESHOLD_MD>
		<SIGNATURE_THRESHOLD_ML>0.0</SIGNATURE_THRESHOLD_ML>
		<SIGNATURE_THRESHOLD_SAM>0.0</SIGNATURE_THRESHOLD_SAM>
	</signature>
	<signature ID="20210208_110331086357_518">
		<MACROCLASSID>1</MACROCLASSID>
		<MACROCLASSINFO>waterbody</MACROCLASSINFO>
		<CLASSID>16</CLASSID>
		<CLASSINFO>C 1</CLASSINFO>
