<?xml version="1.0" ?>
<signaturelist MCID_LIST="[['1', 'waterbody', '#0000ff'], ['2', 'vegetation', '#00ff00'], ['3', 'bareland', '#ffaa00'], ['4', 'built-up', '#ff0000']]">
	<signature ID="20210208_110012719182_868">
		<MACROCLASSID>1</MACROCLASSID>
		<MACROCLASSINFO>waterbody</MACROCLASSINFO>
		<CLASSID>1</CLASSID>
		<CLASSINFO>C 1</CLASSINFO>
		<VALUES>[0.14084374180666465, 0.0023716815693251604, 0.12202203320517464, 0.002738463011640369, 0.10577857205337846, 0.00528758065082465, 0.05451993208717739, 0.009916687805197636, 0.014061324956791948, 0.004119626468001064, 0.007576009271810352, 0.0023578824454696776]</VALUES>
		<LCS_MIN>[0.13021695613861084, 0.1054680347442627, 0.08623598515987396, 0.044782306998968124, 0.010848836041986942, 0.005578523967415094]</LCS_MIN>
		<LCS_MAX>[0.14553478360176086, 0.1269499659538269, 0.12454596161842346, 0.09579036384820938, 0.057634491473436356, 0.03735454007983208]</LCS_MAX>
		<WAVELENGTH>[0.48, 0.56, 0.655, 0.865, 1.61, 2.2]</WAVELENGTH>
		<MEAN_VALUE>[0.14084374180666465, 0.12202203320517464, 0.10577857205337846, 0.05451993208717739, 0.014061324956791948, 0.007576009271810352]</MEAN_VALUE>
		<CHECKBOX>2</CHECKBOX>
		<SD>[0.0023716815693251604, 0.002738463011640369, 0.00528758065082465, 0.009916687805197636, 0.004119626468001064, 0.0023578824454696776]</SD>
		<WAVELENGTH_UNIT>E-6m</WAVELENGTH_UNIT>
		<COLOR>#494991</COLOR>
		<COVARIANCE_MATRIX>[[4.982694781941328e-06, 5.387603040083622e-06, 6.043677628214419e-06, -1.0160069981428551e-06, -1.586588049880511e-07, 8.59071625747011e-08], [5.387603040083622e-06, 6.463294831032859e-06, 7.123487622727403e-06, -3.7968910636076346e-06, -1.299566243116936e-06, -4.533792007465461e-07], [6.043677628214419e-06, 7.123487622727403e-06, 2.4784419990099527e-05, 2.0277333578549802e-05, 4.394872186525183e-06, 2.7115905492447145e-06], [-1.0160069981428551e-06, -3.7968910636076346e-06, 2.0277333578549802e-05, 8.679462381380416e-05, 3.0752455596229945e-05, 1.6009865566339586e-05], [-1.586588049880511e-07, -1.299566243116936e-06, 4.394872186525183e-06, 3.0752455596229945e-05, 1.652106573753824e-05, 9.28748837703915e-06], [8.59071625747011e-08, -4.533792007465461e-07, 2.7115905492447145e-06, 1.6009865566339586e-05, 9.28748837703915e-06, 5.573773932957362e-06]]</COVARIANCE_MATRIX>
		<ROI_SIZE>2291</ROI_SIZE>
		<MAX_VALUE>[0.14553478360176086, 0.1269499659538269, 0.12454596161842346, 0.09579036384820938, 0.057634491473436356, 0.03735454007983208]</MAX_VALUE>
		<MIN_VALUE>[0.13021695613861084, 0.1054680347442627, 0.08623598515987396, 0.044782306998968124, 0.010848836041986942, 0.005578523967415094]</MIN_VALUE>
		<SIGNATURE_THRESHOLD_MD>0</SIGNATURE_THRESHOLD_MD>
		<SIGNATURE_THRESHOLD_ML>0</SIGNATURE_THRESHOLD_ML>
		<SIGNATURE_THRESHOLD_SAM>0</SIGNATURE_THRESHOLD_SAM>
	</signature>
	<signature ID="20210208_110021647516_966">
		<MACROCLASSID>1</MACROCLASSID>
		<MACROCLASSINFO>waterbody</MACROCLASSINFO>
		<CLASSID>2</CLASSID>
		<CLASSINFO>C 1</CLASSINFO>
		<VALUES>[0.16267995988847286, 0.005101761456953113, 0.1542912960692422, 0.007019549368069705, 0.13593644742493993, 0.009495091457866785, 0.07413187404077465, 0.011217542249336002, 0.026310372612570517, 0.009829708722882045, 0.016365591410913153, 0.007613856216220478]</VALUES>
		<LCS_MIN>[0.1529625505208969, 0.13650435209274292, 0.11449846625328064, 0.0601617693901062, 0.015102078206837177, 0.006503134034574032]</LCS_MIN>
		<LCS_MAX>[0.17761902511119843, 0.17142407596111298, 0.15844860672950745, 0.10873502492904663, 0.06213429942727089, 0.04527543857693672]</LCS_MAX>
		<WAVELENGTH>[0.48, 0.56, 0.655, 0.865, 1.61, 2.2]</WAVELENGTH>
		<MEAN_VALUE>[0.16267995988847286, 0.1542912960692422, 0.13593644742493993, 0.07413187404077465, 0.026310372612570517, 0.016365591410913153]</MEAN_VALUE>
		<CHECKBOX>2</CHECKBOX>
		<SD>[0.005101761456953113, 0.007019549368069705, 0.009495091457866785, 0.011217542249336002, 0.009829708722882045, 0.007613856216220478]</SD>
		<WAVELENGTH_UNIT>E-6m</WAVELENGTH_UNIT>
		<COLOR>#3e0aa3</COLOR>
		<COVARIANCE_MATRIX>[[3.969014253544921e-05, 4.931592866207403e-05, 6.430537979759099e-05, 6.834975958179363e-05, 6.483391333728981e-05, 5.26887670026959e-05], [4.931592866207403e-05, 6.361130689128226e-05, 8.245631261042382e-05, 8.146119279881333e-05, 7.608766211209992e-05, 6.191880903208668e-05], [6.430537979759099e-05, 8.245631261042382e-05, 0.00010887986661658086, 0.00010840320347522355, 0.00010080574933981807, 8.185138611741243e-05], [6.834975958179363e-05, 8.146119279881333e-05, 0.00010840320347522355, 0.0001779193103528994, 0.00016217718787064946, 0.00012586346327713455], [6.483391333728981e-05, 7.608766211209992e-05, 0.00010080574933981807, 0.00016217718787064946, 0.00015567197513899548, 0.00012189813642787982], [5.26887670026959e-05, 6.191880903208668e-05, 8.185138611741243e-05, 0.00012586346327713455, 0.00012189813642787982, 9.642773123025718e-05]]</COVARIANCE_MATRIX>
		<ROI_SIZE>2639</ROI_SIZE>
		<MAX_VALUE>[0.17761902511119843, 0.17142407596111298, 0.15844860672950745, 0.10873502492904663, 0.06213429942727089, 0.04527543857693672]</MAX_VALUE>
		<MIN_VALUE>[0.1529625505208969, 0.13650435209274292, 0.11449846625328064, 0.0601617693901062, 0.015102078206837177, 0.006503134034574032]</MIN_VALUE>
		<SIGNATURE_THRESHOLD_MD>0</SIGNATURE_THRESHOLD_MD>
		<SIGNATURE_THRESHOLD_ML>0</SIGNATURE_THRESHOLD_ML>
		<SIGNATURE_THRESHOLD_SAM>0</SIGNATURE_THRESHOLD_SAM>
	</signature>
	<signature ID="20210208_110056334279_109">
		<MACROCLASSID>1</MACROCLASSID>
		<MACROCLASSINFO>waterbody</MACROCLASSINFO>
		<CLASSID>3</CLASSID>
		<CLASSINFO>C 1</CLASSINFO>
		<VALUES>[0.12477803454679594, 0.0021848998274440396, 0.10757964050068576, 0.0041508070106076435, 0.07298719640163812, 0.003482122686807786, 0.05157827645540236, 0.008588287905046222, 0.016520986828733895, 0.005723263374398814, 0.008879803060827895, 0.0030021481386431938]</VALUES>
		<LCS_MIN>[0.11570047587156296, 0.09058168530464172, 0.061148036271333694, 0.04139203205704689, 0.010109147988259792, 0.005424418020993471]</LCS_MIN>
		<LCS_MAX>[0.1289225071668625, 0.11517652124166489, 0.08071909099817276, 0.08648256212472916, 0.04851158708333969, 0.027152931317687035]</LCS_MAX>
		<WAVELENGTH>[0.48, 0.56, 0.655, 0.865, 1.61, 2.2]</WAVELENGTH>
		<MEAN_VALUE>[0.12477803454679594, 0.10757964050068576, 0.07298719640163812, 0.05157827645540236, 0.016520986828733895, 0.008879803060827895]</MEAN_VALUE>
		<CHECKBOX>2</CHECKBOX>
		<SD>[0.0021848998274440396, 0.0041508070106076435, 0.003482122686807786, 0.008588287905046222, 0.005723263374398814, 0.0030021481386431938]</SD>
		<WAVELENGTH_UNIT>E-6m</WAVELENGTH_UNIT>
		<COLOR>#6c68ed</COLOR>
		<COVARIANCE_MATRIX>[[4.395951103199351e-06, 7.6295176018441e-06, 5.619330532035871e-06, -7.242959519536921e-06, -5.231671857471941e-06, -2.5974171860874127e-06], [7.6295176018441e-06, 1.442491810421156e-05, 1.09424929072387e-05, -1.1869116297075605e-05, -8.760932053191748e-06, -4.505918087857213e-06], [5.619330532035871e-06, 1.09424929072387e-05, 9.880664690251375e-06, -4.599692790678516e-06, -3.809506687424252e-06, -1.6172735344930571e-06], [-7.242959519536921e-06, -1.1869116297075605e-05, -4.599692790678516e-06, 7.255069974320079e-05, 4.4434182296861554e-05, 2.3546181411798765e-05], [-5.231671857471941e-06, -8.760932053191748e-06, -3.809506687424252e-06, 4.4434182296861554e-05, 3.413146976284563e-05, 1.8901908724035908e-05], [-2.5974171860874127e-06, -4.505918087857213e-06, -1.6172735344930571e-06, 2.3546181411798765e-05, 1.8901908724035908e-05, 1.160800673226499e-05]]</COVARIANCE_MATRIX>
		<ROI_SIZE>663</ROI_SIZE>
		<MAX_VALUE>[0.1289225071668625, 0.11517652124166489, 0.08071909099817276, 0.08648256212472916, 0.04851158708333969, 0.027152931317687035]</MAX_VALUE>
		<MIN_VALUE>[0.11570047587156296, 0.09058168530464172, 0.061148036271333694, 0.04139203205704689, 0.010109147988259792, 0.005424418020993471]</MIN_VALUE>
		<SIGNATURE_THRESHOLD_MD>0</SIGNATURE_THRESHOLD_MD>
		<SIGNATURE_THRESHOLD_ML>0</SIGNATURE_THRESHOLD_ML>
		<SIGNATURE_THRESHOLD_SAM>0</SIGNATURE_THRESHOLD_SAM>
	</signature>
	<signature ID="20210208_110103718868_216">
		<MACROCLASSID>1</MACROCLASSID>
		<MACROCLASSINFO>waterbody</MACROCLASSINFO>
		<CLASSID>4</CLASSID>
		<CLASSINFO>C 1</CLASSINFO>
		<VALUES>[0.12068366756041844, 0.0022134428080054992, 0.10029558144640505, 0.004604547320511221, 0.07038988140329977, 0.004069964607993109, 0.10832082676260092, 0.028916595831487285, 0.04973468305379675, 0.016453697094144053, 0.02497061425329823, 0.007767789157229499]</VALUES>
		<LCS_MIN>[0.1128341481089592, 0.083369679749012, 0.05766531080007553, 0.05677151679992676, 0.021605223417282104, 0.010756375268101692]</LCS_MIN>
		<LCS_MAX>[0.12399119883775711, 0.10673167556524277, 0.07988695800304413, 0.16039031744003296, 0.0809040367603302, 0.04129958152770996]</LCS_MAX>
		<WAVELENGTH>[0.48, 0.56, 0.655, 0.865, 1.61, 2.2]</WAVELENGTH>
		<MEAN_VALUE>[0.12068366756041844, 0.10029558144640505, 0.07038988140329977, 0.10832082676260092, 0.04973468305379675, 0.02497061425329823]</MEAN_VALUE>
		<CHECKBOX>2</CHECKBOX>
		<SD>[0.0022134428080054992, 0.004604547320511221, 0.004069964607993109, 0.028916595831487285, 0.016453697094144053, 0.007767789157229499]</SD>
		<WAVELENGTH_UNIT>E-6m</WAVELENGTH_UNIT>
		<COLOR>#887a38</COLOR>
		<COVARIANCE_MATRIX>[[4.9868170833168256e-06, 9.79183985481307e-06, 6.761639079875956e-06, -4.037943262735568e-05, -2.0046185976778527e-05, -7.818410807471706e-06], [9.79183985481307e-06, 2.1580460598734683e-05, 1.4276484127746073e-05, -7.181661989471133e-05, -3.282137878756255e-05, -1.1706099908178372e-05], [6.761639079875956e-06, 1.4276484127746073e-05, 1.6860408551572172e-05, -4.479265517430342e-05, -1.7144448144535154e-05, -4.035923603865806e-06], [-4.037943262735568e-05, -7.181661989471133e-05, -4.479265517430342e-05, 0.000851101112954473, 0.0004382643270177618, 0.00019702573713389158], [-2.0046185976778527e-05, -3.282137878756255e-05, -1.7144448144535154e-05, 0.0004382643270177618, 0.0002755585078527346, 0.00012770763523800907], [-7.818410807471706e-06, -1.1706099908178372e-05, -4.035923603865806e-06, 0.00019702573713389158, 0.00012770763523800907, 6.141602246958595e-05]]</COVARIANCE_MATRIX>
		<ROI_SIZE>57</ROI_SIZE>
		<MAX_VALUE>[0.12399119883775711, 0.10673167556524277, 0.07988695800304413, 0.16039031744003296, 0.0809040367603302, 0.04129958152770996]</MAX_VALUE>
		<MIN_VALUE>[0.1128341481089592, 0.083369679749012, 0.05766531080007553, 0.05677151679992676, 0.021605223417282104, 0.010756375268101692]</MIN_VALUE>
		<SIGNATURE_THRESHOLD_MD>0</SIGNATURE_THRESHOLD_MD>
		<SIGNATURE_THRESHOLD_ML>0</SIGNATURE_THRESHOLD_ML>
		<SIGNATURE_THRESHOLD_SAM>0</SIGNATURE_THRESHOLD_SAM>
	</signature>
	<signature ID="20210208_110110181767_436">
		<MACROCLASSID>1</MACROCLASSID>
		<MACROCLASSINFO>waterbody</MACROCLASSINFO>
		<CLASSID>5</CLASSID>
		<CLASSINFO>C 1</CLASSINFO>
		<VALUES>[0.12175351405336006, 0.0036314683992334216, 0.10150226013314333, 0.007560313045947931, 0.06420736493808887, 0.0044918745036317325, 0.06245897200456414, 0.013623973084884888, 0.020434608891142805, 0.007918039578812996, 0.009951775510525028, 0.0037265965491554407]</VALUES>
		<LCS_MIN>[0.10537556558847427, 0.06903809309005737, 0.04472064971923828, 0.033810168504714966, 0.0034210807643830776, 0.0025581035297363997]</LCS_MIN>
		<LCS_MAX>[0.125347301363945, 0.10824189335107803, 0.07181195169687271, 0.09215353429317474, 0.04607676342129707, 0.024070866405963898]</LCS_MAX>
		<WAVELENGTH>[0.48, 0.56, 0.655, 0.865, 1.61, 2.2]</WAVELENGTH>
		<MEAN_VALUE>[0.12175351405336006, 0.10150226013314333, 0.06420736493808887, 0.06245897200456414, 0.020434608891142805, 0.009951775510525028]</MEAN_VALUE>
		<CHECKBOX>2</CHECKBOX>
		<SD>[0.0036314683992334216, 0.007560313045947931, 0.0044918745036317325, 0.013623973084884888, 0.007918039578812996, 0.0037265965491554407]</SD>
		<WAVELENGTH_UNIT>E-6m</WAVELENGTH_UNIT>
		<COLOR>#d760ec</COLOR>
		<COVARIANCE_MATRIX>[[1.324861626580984e-05, 2.706990580861628e-05, 1.585298593392025e-05, -2.5203982524392672e-05, -6.097277805054199e-06, -8.515196114519429e-07], [2.706990580861628e-05, 5.7422955266400704e-05, 3.3505878344003126e-05, -4.847379608169308e-05, -1.11693981302856e-05, -9.64215621945478e-07], [1.585298593392025e-05, 3.3505878344003126e-05, 2.0270348299693334e-05, -2.2688917181959247e-05, -2.379378524836848e-06, 1.6446445995654013e-06], [-2.5203982524392672e-05, -4.847379608169308e-05, -2.2688917181959247e-05, 0.00018647196040756452, 9.540311060271982e-05, 4.225549546527803e-05], [-6.097277805054199e-06, -1.11693981302856e-05, -2.379378524836848e-06, 9.540311060271982e-05, 6.298560702522155e-05, 2.8571814529939836e-05], [-8.515196114519429e-07, -9.64215621945478e-07, 1.6446445995654013e-06, 4.225549546527803e-05, 2.8571814529939836e-05, 1.3951815922770654e-05]]</COVARIANCE_MATRIX>
		<ROI_SIZE>217</ROI_SIZE>
		<MAX_VALUE>[0.125347301363945, 0.10824189335107803, 0.07181195169687271, 0.09215353429317474, 0.04607676342129707, 0.024070866405963898]</MAX_VALUE>
		<MIN_VALUE>[0.10537556558847427, 0.06903809309005737, 0.04472064971923828, 0.033810168504714966, 0.0034210807643830776, 0.0025581035297363997]</MIN_VALUE>
		<SIGNATURE_THRESHOLD_MD>0</SIGNATURE_THRESHOLD_MD>
		<SIGNATURE_THRESHOLD_ML>0</SIGNATURE_THRESHOLD_ML>
		<SIGNATURE_THRESHOLD_SAM>0</SIGNATURE_THRESHOLD_SAM>
	</signature>
	<signature ID="20210208_110119006462_896">
		<MACROCLASSID>1</MACROCLASSID>
		<MACROCLASSINFO>waterbody</MACROCLASSINFO>
		<CLASSID>6</CLASSID>
		<CLASSINFO>C 1</CLASSINFO>
		<VALUES>[0.11684553327378384, 0.004294541772434704, 0.09035625901862321, 0.00738571012115109, 0.058149052099347696, 0.004490440162927896, 0.04550022442866428, 0.009509501461122755, 0.014485850483362605, 0.006035677462196659, 0.007770303247285441, 0.0035476231322136217]</VALUES>
		<LCS_MIN>[0.10161546617746353, 0.06589439511299133, 0.043672751635313034, 0.03245406970381737, 0.007890060544013977, 0.0030512367375195026]</LCS_MIN>
		<LCS_MAX>[0.12278918921947479, 0.10121478140354156, 0.07850002497434616, 0.08071909099817276, 0.050145093351602554, 0.035197097808122635]</LCS_MAX>
		<WAVELENGTH>[0.48, 0.56, 0.655, 0.865, 1.61, 2.2]</WAVELENGTH>
		<MEAN_VALUE>[0.11684553327378384, 0.09035625901862321, 0.058149052099347696, 0.04550022442866428, 0.014485850483362605, 0.007770303247285441]</MEAN_VALUE>
		<CHECKBOX>2</CHECKBOX>
		<SD>[0.004294541772434704, 0.00738571012115109, 0.004490440162927896, 0.009509501461122755, 0.006035677462196659, 0.0035476231322136217]</SD>
		<WAVELENGTH_UNIT>E-6m</WAVELENGTH_UNIT>
		<COLOR>#f447fb</COLOR>
		<COVARIANCE_MATRIX>[[1.3870656467570866e-05, 2.3837448857955245e-05, 1.4606888445054034e-05, -1.0803097722320185e-05, -2.0374197345803882e-06, 1.5432004594609078e-07], [2.3837448857955245e-05, 4.1848184996313634e-05, 2.631974623016171e-05, -1.59532443639081e-05, -2.0994679283464336e-06, 1.0080444838472341e-06], [1.4606888445054034e-05, 2.631974623016171e-05, 1.9579428760943823e-05, -1.9337110955346234e-06, 3.7871748029705323e-06, 3.7552521416543217e-06], [-1.0803097722320185e-05, -1.59532443639081e-05, -1.9337110955346234e-06, 8.768200338772367e-05, 4.9111696147605196e-05, 2.499817326215062e-05], [-2.0374197345803882e-06, -2.0994679283464336e-06, 3.7871748029705323e-06, 4.9111696147605196e-05, 3.7715284785553443e-05, 2.093820155368354e-05], [1.5432004594609078e-07, 1.0080444838472341e-06, 3.7552521416543217e-06, 2.499817326215062e-05, 2.093820155368354e-05, 1.2825953259932589e-05]]</COVARIANCE_MATRIX>
		<ROI_SIZE>1572</ROI_SIZE>
		<MAX_VALUE>[0.12278918921947479, 0.10121478140354156, 0.07850002497434616, 0.08071909099817276, 0.050145093351602554, 0.035197097808122635]</MAX_VALUE>
		<MIN_VALUE>[0.10161546617746353, 0.06589439511299133, 0.043672751635313034, 0.03245406970381737, 0.007890060544013977, 0.0030512367375195026]</MIN_VALUE>
		<SIGNATURE_THRESHOLD_MD>0</SIGNATURE_THRESHOLD_MD>
		<SIGNATURE_THRESHOLD_ML>0</SIGNATURE_THRESHOLD_ML>
		<SIGNATURE_THRESHOLD_SAM>0</SIGNATURE_THRESHOLD_SAM>
	</signature>
	<signature ID="20210208_110124080915_545">
		<MACROCLASSID>1</MACROCLASSID>
		<MACROCLASSINFO>waterbody</MACROCLASSINFO>
		<CLASSID>7</CLASSID>
		<CLASSINFO>C 1</CLASSINFO>
		<VALUES>[0.11035623631783228, 0.0014587099894923074, 0.08962290488967767, 0.003803496705207443, 0.06360719006165473, 0.0044875959248375005, 0.048389527027642265, 0.009538901254384854, 0.01671874111113874, 0.008487987603091598, 0.009346437041561963, 0.005373895434010803]</VALUES>
		<LCS_MIN>[0.10438931733369827, 0.07085651904344559, 0.047648608684539795, 0.03461151570081711, 0.0068729897029697895, 0.002373181516304612]</LCS_MIN>
		<LCS_MAX>[0.11505323648452759, 0.09988950937986374, 0.0812738835811615, 0.08031842857599258, 0.049128010869026184, 0.032423242926597595]</LCS_MAX>
		<WAVELENGTH>[0.48, 0.56, 0.655, 0.865, 1.61, 2.2]</WAVELENGTH>
		<MEAN_VALUE>[0.11035623631783228, 0.08962290488967767, 0.06360719006165473, 0.048389527027642265, 0.01671874111113874, 0.009346437041561963]</MEAN_VALUE>
		<CHECKBOX>2</CHECKBOX>
		<SD>[0.0014587099894923074, 0.003803496705207443, 0.0044875959248375005, 0.009538901254384854, 0.008487987603091598, 0.005373895434010803]</SD>
		<WAVELENGTH_UNIT>E-6m</WAVELENGTH_UNIT>
		<COLOR>#488d9f</COLOR>
		<COVARIANCE_MATRIX>[[2.134857390650751e-06, 5.174052666660143e-06, 6.106345351888535e-06, 5.113336341082183e-06, 4.661558643232893e-06, 3.1985632298211384e-06], [5.174052666660143e-06, 1.4514331698690658e-05, 1.603731047987659e-05, 6.649694543606769e-06, 6.6571361286573805e-06, 5.211686064536523e-06], [6.106345351888535e-06, 1.603731047987659e-05, 2.0204980937702704e-05, 1.906182239828318e-05, 1.692011932289084e-05, 1.1796116923208054e-05], [5.113336341082183e-06, 6.649694543606769e-06, 1.906182239828318e-05, 9.12909362733832e-05, 6.8576116952735e-05, 4.134537213311881e-05], [4.661558643232893e-06, 6.6571361286573805e-06, 1.692011932289084e-05, 6.8576116952735e-05, 7.228370890848821e-05, 4.4331171746005384e-05], [3.1985632298211384e-06, 5.211686064536523e-06, 1.1796116923208054e-05, 4.134537213311881e-05, 4.4331171746005384e-05, 2.8974061548671186e-05]]</COVARIANCE_MATRIX>
		<ROI_SIZE>304</ROI_SIZE>
		<MAX_VALUE>[0.11505323648452759, 0.09988950937986374, 0.0812738835811615, 0.08031842857599258, 0.049128010869026184, 0.032423242926597595]</MAX_VALUE>
		<MIN_VALUE>[0.10438931733369827, 0.07085651904344559, 0.047648608684539795, 0.03461151570081711, 0.0068729897029697895, 0.002373181516304612]</MIN_VALUE>
		<SIGNATURE_THRESHOLD_MD>0</SIGNATURE_THRESHOLD_MD>
		<SIGNATURE_THRESHOLD_ML>0</SIGNATURE_THRESHOLD_ML>
		<SIGNATURE_THRESHOLD_SAM>0</SIGNATURE_THRESHOLD_SAM>
	</signature>
	<signature ID="20210208_110134235451_636">
		<MACROCLASSID>1</MACROCLASSID>
		<MACROCLASSINFO>waterbody</MACROCLASSINFO>
		<CLASSID>8</CLASSID>
		<CLASSINFO>C 1</CLASSINFO>
		<VALUES>[0.11607279141506, 0.0010325018680966789, 0.08767344242447213, 0.0025239500468546765, 0.06362052431621507, 0.0031545734446682843, 0.04340636008935573, 0.00599878197281346, 0.012937118425327356, 0.005366155471057068, 0.006794478490434124, 0.003451792076482513]</VALUES>
		<LCS_MIN>[0.11175543069839478, 0.07973285019397736, 0.05584688112139702, 0.03535120189189911, 0.007427755743265152, 0.004037491511553526]</LCS_MIN>
		<LCS_MAX>[0.12201868742704391, 0.10309484601020813, 0.09067416191101074, 0.07797607779502869, 0.04918964207172394, 0.033995091915130615]</LCS_MAX>
		<WAVELENGTH>[0.48, 0.56, 0.655, 0.865, 1.61, 2.2]</WAVELENGTH>
		<MEAN_VALUE>[0.11607279141506, 0.08767344242447213, 0.06362052431621507, 0.04340636008935573, 0.012937118425327356, 0.006794478490434124]</MEAN_VALUE>
		<CHECKBOX>2</CHECKBOX>
		<SD>[0.0010325018680966789, 0.0025239500468546765, 0.0031545734446682843, 0.00599878197281346, 0.005366155471057068, 0.003451792076482513]</SD>
		<WAVELENGTH_UNIT>E-6m</WAVELENGTH_UNIT>
		<COLOR>#563d5b</COLOR>
		<COVARIANCE_MATRIX>[[1.0796709898203634e-06, 2.1523221434912504e-06, 2.591852743455756e-06, 3.5481833976640454e-06, 3.108761230670389e-06, 2.0225527370321312e-06], [2.1523221434912504e-06, 6.924349159859043e-06, 7.87345343382517e-06, 1.1642519013819366e-05, 9.927162353922124e-06, 6.444890515786376e-06], [2.591852743455756e-06, 7.87345343382517e-06, 1.0552333646631665e-05, 1.6483866574677028e-05, 1.5133118581319676e-05, 9.793940930211734e-06], [3.5481833976640454e-06, 1.1642519013819366e-05, 1.6483866574677028e-05, 3.7009818632638156e-05, 3.0280519634539775e-05, 1.893598301528144e-05], [3.108761230670389e-06, 9.927162353922124e-06, 1.5133118581319676e-05, 3.0280519634539775e-05, 3.1635647499058884e-05, 1.9793297252350703e-05], [2.0225527370321312e-06, 6.444890515786376e-06, 9.793940930211734e-06, 1.893598301528144e-05, 1.9793297252350703e-05, 1.2957236815015427e-05]]</COVARIANCE_MATRIX>
		<ROI_SIZE>5649</ROI_SIZE>
		<MAX_VALUE>[0.12201868742704391, 0.10309484601020813, 0.09067416191101074, 0.07797607779502869, 0.04918964207172394, 0.033995091915130615]</MAX_VALUE>
		<MIN_VALUE>[0.11175543069839478, 0.07973285019397736, 0.05584688112139702, 0.03535120189189911, 0.007427755743265152, 0.004037491511553526]</MIN_VALUE>
		<SIGNATURE_THRESHOLD_MD>0</SIGNATURE_THRESHOLD_MD>
		<SIGNATURE_THRESHOLD_ML>0</SIGNATURE_THRESHOLD_ML>
		<SIGNATURE_THRESHOLD_SAM>0</SIGNATURE_THRESHOLD_SAM>
	</signature>
	<signature ID="20210208_110151344639_171">
		<MACROCLASSID>1</MACROCLASSID>
		<MACROCLASSINFO>waterbody</MACROCLASSINFO>
		<CLASSID>9</CLASSID>
		<CLASSINFO>C 1</CLASSINFO>
		<VALUES>[0.12281088522761806, 0.0014014478415831024, 0.11912274496872341, 0.0052411232536783816, 0.07907587906908134, 0.009405752749830451, 0.045337499209635805, 0.006136691285919858, 0.016104474779827287, 0.005721498036272918, 0.00949418482853105, 0.0036055272457741353]</VALUES>
		<LCS_MIN>[0.1205701231956482, 0.11440599709749222, 0.07141128927469254, 0.038032595068216324, 0.009461909532546997, 0.006595594808459282]</LCS_MIN>
		<LCS_MAX>[0.12852181494235992, 0.14260682463645935, 0.11178624629974365, 0.08108896017074585, 0.04666236788034439, 0.03193012252449989]</LCS_MAX>
		<WAVELENGTH>[0.48, 0.56, 0.655, 0.865, 1.61, 2.2]</WAVELENGTH>
		<MEAN_VALUE>[0.12281088522761806, 0.11912274496872341, 0.07907587906908134, 0.045337499209635805, 0.016104474779827287, 0.00949418482853105]</MEAN_VALUE>
		<CHECKBOX>2</CHECKBOX>
		<SD>[0.0014014478415831024, 0.0052411232536783816, 0.009405752749830451, 0.006136691285919858, 0.005721498036272918, 0.0036055272457741353]</SD>
		<WAVELENGTH_UNIT>E-6m</WAVELENGTH_UNIT>
		<COLOR>#1b153d</COLOR>
		<COVARIANCE_MATRIX>[[1.9695117639353573e-06, 3.7684971442015166e-06, 8.41143045718105e-06, 6.1156945678501365e-06, 5.354929351383136e-06, 3.6192910539630827e-06], [3.7684971442015166e-06, 2.754567677402674e-05, 4.715755150782663e-05, 1.6619223426758853e-05, 1.7272734123820646e-05, 1.0790806458911378e-05], [8.41143045718105e-06, 4.715755150782663e-05, 8.871392974869568e-05, 4.001891865110402e-05, 3.85703495174679e-05, 2.4286176780680858e-05], [6.1156945678501365e-06, 1.6619223426758853e-05, 4.001891865110402e-05, 3.776358821629217e-05, 3.0501010636796136e-05, 1.8697760880171227e-05], [5.354929351383136e-06, 1.7272734123820646e-05, 3.85703495174679e-05, 3.0501010636796136e-05, 3.282647183401674e-05, 1.9739532893165025e-05], [3.6192910539630827e-06, 1.0790806458911378e-05, 2.4286176780680858e-05, 1.8697760880171227e-05, 1.9739532893165025e-05, 1.3035937349797439e-05]]</COVARIANCE_MATRIX>
		<ROI_SIZE>361</ROI_SIZE>
		<MAX_VALUE>[0.12852181494235992, 0.14260682463645935, 0.11178624629974365, 0.08108896017074585, 0.04666236788034439, 0.03193012252449989]</MAX_VALUE>
		<MIN_VALUE>[0.1205701231956482, 0.11440599709749222, 0.07141128927469254, 0.038032595068216324, 0.009461909532546997, 0.006595594808459282]</MIN_VALUE>
		<SIGNATURE_THRESHOLD_MD>0</SIGNATURE_THRESHOLD_MD>
		<SIGNATURE_THRESHOLD_ML>0</SIGNATURE_THRESHOLD_ML>
		<SIGNATURE_THRESHOLD_SAM>0</SIGNATURE_THRESHOLD_SAM>
	</signature>
	<signature ID="20210208_110204050720_257">
		<MACROCLASSID>1</MACROCLASSID>
		<MACROCLASSINFO>waterbody</MACROCLASSINFO>
		<CLASSID>10</CLASSID>
		<CLASSINFO>C 1</CLASSINFO>
		<VALUES>[0.1369210941869703, 0.0023286176043740433, 0.12493143134185522, 0.003740704875207226, 0.09478475811784386, 0.00347613323758499, 0.06493931688734735, 0.01150207915546043, 0.02036583169867268, 0.007043992170669106, 0.010837571977133881, 0.004312410602365263]</VALUES>
		<LCS_MIN>[0.12710407376289368, 0.10426603257656097, 0.07665078341960907, 0.04952866956591606, 0.012143302708864212, 0.006379856262356043]</LCS_MIN>
		<LCS_MAX>[0.14245271682739258, 0.13021695613861084, 0.10364960879087448, 0.1028791069984436, 0.053658634424209595, 0.036830589175224304]</LCS_MAX>
		<WAVELENGTH>[0.48, 0.56, 0.655, 0.865, 1.61, 2.2]</WAVELENGTH>
		<MEAN_VALUE>[0.1369210941869703, 0.12493143134185522, 0.09478475811784386, 0.06493931688734735, 0.02036583169867268, 0.010837571977133881]</MEAN_VALUE>
		<CHECKBOX>2</CHECKBOX>
		<SD>[0.0023286176043740433, 0.003740704875207226, 0.00347613323758499, 0.01150207915546043, 0.007043992170669106, 0.004312410602365263]</SD>
		<WAVELENGTH_UNIT>E-6m</WAVELENGTH_UNIT>
		<COLOR>#1d922e</COLOR>
		<COVARIANCE_MATRIX>[[5.431363822519813e-06, 7.567926215426435e-06, 7.328265440174932e-06, -1.5383445548851122e-06, -3.0158527147760486e-06, -1.8409701980939083e-06], [7.567926215426435e-06, 1.4015849766294662e-05, 1.2139813091247252e-05, -1.3536112802815248e-05, -9.543006532450765e-06, -5.3576097771292635e-06], [7.328265440174932e-06, 1.2139813091247252e-05, 1.2103343832709804e-05, -2.499891568451064e-06, -2.378745957357389e-06, -8.061287821190491e-07], [-1.5383445548851122e-06, -1.3536112802815248e-05, -2.499891568451064e-06, 0.00013251506270619239, 7.275958197629364e-05, 3.9324593094329974e-05], [-3.0158527147760486e-06, -9.543006532450765e-06, -2.378745957357389e-06, 7.275958197629364e-05, 4.9699299962681545e-05, 2.9092639829002604e-05], [-1.8409701980939083e-06, -5.3576097771292635e-06, -8.061287821190491e-07, 3.9324593094329974e-05, 2.9092639829002604e-05, 1.8627421960704984e-05]]</COVARIANCE_MATRIX>
		<ROI_SIZE>610</ROI_SIZE>
		<MAX_VALUE>[0.14245271682739258, 0.13021695613861084, 0.10364960879087448, 0.1028791069984436, 0.053658634424209595, 0.036830589175224304]</MAX_VALUE>
		<MIN_VALUE>[0.12710407376289368, 0.10426603257656097, 0.07665078341960907, 0.04952866956591606, 0.012143302708864212, 0.006379856262356043]</MIN_VALUE>
		<SIGNATURE_THRESHOLD_MD>0</SIGNATURE_THRESHOLD_MD>
		<SIGNATURE_THRESHOLD_ML>0</SIGNATURE_THRESHOLD_ML>
		<SIGNATURE_THRESHOLD_SAM>0</SIGNATURE_THRESHOLD_SAM>
	</signature>
	<signature ID="20210208_110215712541_696">
		<MACROCLASSID>1</MACROCLASSID>
		<MACROCLASSINFO>waterbody</MACROCLASSINFO>
		<CLASSID>11</CLASSID>
		<CLASSINFO>C 1</CLASSINFO>
		<VALUES>[0.13052812278465745, 0.0025627987712532117, 0.10274278770976955, 0.0042422319476610746, 0.07024196720650949, 0.005821209861808468, 0.0379682242070862, 0.004093029662484897, 0.009169966780541765, 0.0026801846984193882, 0.004504332326000036, 0.0018928562179349262]</VALUES>
		<LCS_MIN>[0.12001533806324005, 0.08882491290569305, 0.0583125464618206, 0.03359443321824074, 0.006287395488470793, 0.0027738420758396387]</LCS_MIN>
		<LCS_MAX>[0.13952478766441345, 0.11483749747276306, 0.10515982657670975, 0.07652749866247177, 0.04851158708333969, 0.036768946796655655]</LCS_MAX>
		<WAVELENGTH>[0.48, 0.56, 0.655, 0.865, 1.61, 2.2]</WAVELENGTH>
		<MEAN_VALUE>[0.13052812278465745, 0.10274278770976955, 0.07024196720650949, 0.0379682242070862, 0.009169966780541765, 0.004504332326000036]</MEAN_VALUE>
		<CHECKBOX>2</CHECKBOX>
		<SD>[0.0025627987712532117, 0.0042422319476610746, 0.005821209861808468, 0.004093029662484897, 0.0026801846984193882, 0.0018928562179349262]</SD>
		<WAVELENGTH_UNIT>E-6m</WAVELENGTH_UNIT>
		<COLOR>#dd7001</COLOR>
		<COVARIANCE_MATRIX>[[6.710776610809701e-06, 1.0045210799317729e-05, 1.0464839510878932e-05, -4.4165097740721404e-07, -4.3035381311685566e-08, 5.039638439874083e-09], [1.0045210799317729e-05, 1.858644113144875e-05, 2.3116524167618083e-05, 2.1166242230462638e-06, 8.458079479619592e-07, 4.732405907336127e-07], [1.0464839510878932e-05, 2.3116524167618083e-05, 3.58493939295165e-05, 9.28063602280686e-06, 4.359692749482927e-06, 2.6372941809506194e-06], [-4.4165097740721404e-07, 2.1166242230462638e-06, 9.28063602280686e-06, 1.692540169353226e-05, 8.635238025212526e-06, 5.374494537214194e-06], [-4.3035381311685566e-08, 8.458079479619592e-07, 4.359692749482927e-06, 8.635238025212526e-06, 6.461078494999988e-06, 4.334610116638255e-06], [5.039638439874083e-09, 4.732405907336127e-07, 2.6372941809506194e-06, 5.374494537214194e-06, 4.334610116638255e-06, 3.1042882106075186e-06]]</COVARIANCE_MATRIX>
		<ROI_SIZE>11530</ROI_SIZE>
		<MAX_VALUE>[0.13952478766441345, 0.11483749747276306, 0.10515982657670975, 0.07652749866247177, 0.04851158708333969, 0.036768946796655655]</MAX_VALUE>
		<MIN_VALUE>[0.12001533806324005, 0.08882491290569305, 0.0583125464618206, 0.03359443321824074, 0.006287395488470793, 0.0027738420758396387]</MIN_VALUE>
		<SIGNATURE_THRESHOLD_MD>0</SIGNATURE_THRESHOLD_MD>
		<SIGNATURE_THRESHOLD_ML>0</SIGNATURE_THRESHOLD_ML>
		<SIGNATURE_THRESHOLD_SAM>0</SIGNATURE_THRESHOLD_SAM>
	</signature>
	<signature ID="20210208_110229911975_280">
		<MACROCLASSID>1</MACROCLASSID>
		<MACROCLASSINFO>waterbody</MACROCLASSINFO>
		<CLASSID>12</CLASSID>
		<CLASSINFO>C 1</CLASSINFO>
		<VALUES>[0.1403468281546404, 0.0013189364093466429, 0.11544653301305129, 0.0026959846393328577, 0.08448395435596674, 0.008668061531010875, 0.03547085692330932, 0.004867397071024407, 0.008591983043628607, 0.001032504020039179, 0.004301810669425765, 0.0005201881587657307]</VALUES>
		<LCS_MIN>[0.13557974994182587, 0.11061505973339081, 0.06946959346532822, 0.03122125007212162, 0.0074585722759366035, 0.003544358303770423]</LCS_MIN>
		<LCS_MAX>[0.14649023115634918, 0.1259637326002121, 0.11570047587156296, 0.07529467344284058, 0.03057401068508625, 0.017136244103312492]</LCS_MAX>
		<WAVELENGTH>[0.48, 0.56, 0.655, 0.865, 1.61, 2.2]</WAVELENGTH>
		<MEAN_VALUE>[0.1403468281546404, 0.11544653301305129, 0.08448395435596674, 0.03547085692330932, 0.008591983043628607, 0.004301810669425765]</MEAN_VALUE>
		<CHECKBOX>2</CHECKBOX>
		<SD>[0.0013189364093466429, 0.0026959846393328577, 0.008668061531010875, 0.004867397071024407, 0.001032504020039179, 0.0005201881587657307]</SD>
		<WAVELENGTH_UNIT>E-6m</WAVELENGTH_UNIT>
		<COLOR>#648150</COLOR>
		<COVARIANCE_MATRIX>[[1.5984225189149993e-06, 2.690979550286485e-06, 6.219189676488006e-06, 2.1990762331565833e-06, 1.4499096688708462e-07, 6.010360847212071e-08], [2.690979550286485e-06, 6.916069011647299e-06, 2.0397092149080373e-05, 7.944470475580919e-06, 8.304106346145226e-07, 3.466022536365197e-07], [6.219189676488006e-06, 2.0397092149080373e-05, 7.802400079443677e-05, 3.2021574877814254e-05, 3.50692720269639e-06, 1.4785542571474419e-06], [2.1990762331565833e-06, 7.944470475580919e-06, 3.2021574877814254e-05, 2.4041334283590327e-05, 3.7277911380882705e-06, 1.695849849112971e-06], [1.4499096688708462e-07, 8.304106346145226e-07, 3.50692720269639e-06, 3.7277911380882705e-06, 1.5271948131203523e-06, 7.824847008168263e-07], [6.010360847212071e-08, 3.466022536365197e-07, 1.4785542571474419e-06, 1.695849849112971e-06, 7.824847008168263e-07, 4.556000986041887e-07]]</COVARIANCE_MATRIX>
		<ROI_SIZE>12613</ROI_SIZE>
		<MAX_VALUE>[0.14649023115634918, 0.1259637326002121, 0.11570047587156296, 0.07529467344284058, 0.03057401068508625, 0.017136244103312492]</MAX_VALUE>
		<MIN_VALUE>[0.13557974994182587, 0.11061505973339081, 0.06946959346532822, 0.03122125007212162, 0.0074585722759366035, 0.003544358303770423]</MIN_VALUE>
		<SIGNATURE_THRESHOLD_MD>0</SIGNATURE_THRESHOLD_MD>
		<SIGNATURE_THRESHOLD_ML>0</SIGNATURE_THRESHOLD_ML>
		<SIGNATURE_THRESHOLD_SAM>0</SIGNATURE_THRESHOLD_SAM>
	</signature>
	<signature ID="20210208_110242024311_255">
		<MACROCLASSID>1</MACROCLASSID>
		<MACROCLASSINFO>waterbody</MACROCLASSINFO>
		<CLASSID>13</CLASSID>
		<CLASSINFO>C 1</CLASSINFO>
		<VALUES>[0.12954689222677182, 0.0018909201047032532, 0.10126356482609805, 0.003399828600928293, 0.0765655771669957, 0.005587908315482085, 0.041714712831179446, 0.005543450479757827, 0.016172423053614774, 0.004869318711343224, 0.01135865323720287, 0.004300699498673867]</VALUES>
		<LCS_MIN>[0.12229607999324799, 0.09116729348897934, 0.06688066571950912, 0.03550530970096588, 0.011095402762293816, 0.006749700754880905]</LCS_MIN>
		<LCS_MAX>[0.149294912815094, 0.12790541350841522, 0.10700906813144684, 0.07760623097419739, 0.05436750501394272, 0.04881979897618294]</LCS_MAX>
		<WAVELENGTH>[0.48, 0.56, 0.655, 0.865, 1.61, 2.2]</WAVELENGTH>
		<MEAN_VALUE>[0.12954689222677182, 0.10126356482609805, 0.0765655771669957, 0.041714712831179446, 0.016172423053614774, 0.01135865323720287]</MEAN_VALUE>
		<CHECKBOX>2</CHECKBOX>
		<SD>[0.0018909201047032532, 0.003399828600928293, 0.005587908315482085, 0.005543450479757827, 0.004869318711343224, 0.004300699498673867]</SD>
		<WAVELENGTH_UNIT>E-6m</WAVELENGTH_UNIT>
		<COLOR>#98a665</COLOR>
		<COVARIANCE_MATRIX>[[3.358606528952491e-06, 5.781069025275515e-06, 5.383844468190893e-06, 2.5621721284218448e-06, 1.962064950375236e-06, 1.4029155944419799e-06], [5.781069025275515e-06, 1.1366936330258276e-05, 1.1143448101180175e-05, 2.985265613013629e-06, 1.7752747953795221e-06, 7.778488445939232e-07], [5.383844468190893e-06, 1.1143448101180175e-05, 2.8117640266044036e-05, 1.3610273714465571e-05, 4.6024432737585145e-06, 2.8328962733455017e-06], [2.5621721284218448e-06, 2.985265613013629e-06, 1.3610273714465571e-05, 2.7606662812819136e-05, 2.017749520137816e-05, 1.6588249161243596e-05], [1.962064950375236e-06, 1.7752747953795221e-06, 4.6024432737585145e-06, 2.017749520137816e-05, 2.3673816077246007e-05, 2.017382119662136e-05], [1.4029155944419799e-06, 7.778488445939232e-07, 2.8328962733455017e-06, 1.6588249161243596e-05, 2.017382119662136e-05, 1.8047348745149365e-05]]</COVARIANCE_MATRIX>
		<ROI_SIZE>10814</ROI_SIZE>
		<MAX_VALUE>[0.149294912815094, 0.12790541350841522, 0.10700906813144684, 0.07760623097419739, 0.05436750501394272, 0.04881979897618294]</MAX_VALUE>
		<MIN_VALUE>[0.12229607999324799, 0.09116729348897934, 0.06688066571950912, 0.03550530970096588, 0.011095402762293816, 0.006749700754880905]</MIN_VALUE>
		<SIGNATURE_THRESHOLD_MD>0</SIGNATURE_THRESHOLD_MD>
		<SIGNATURE_THRESHOLD_ML>0</SIGNATURE_THRESHOLD_ML>
		<SIGNATURE_THRESHOLD_SAM>0</SIGNATURE_THRESHOLD_SAM>
	</signature>
	<signature ID="20210208_110252297853_936">
		<MACROCLASSID>1</MACROCLASSID>
		<MACROCLASSINFO>waterbody</MACROCLASSINFO>
		<CLASSID>14</CLASSID>
		<CLASSINFO>C 1</CLASSINFO>
		<VALUES>[0.13425385953727675, 0.0030546441445409764, 0.09447377922363578, 0.0040265762761084066, 0.05800003797048707, 0.0016171486953464704, 0.03207715702953182, 0.0005426499611451441, 0.010645098651231106, 0.0003551674038678791, 0.0062540967117471575, 0.0002881447227531098]</VALUES>
		<LCS_MIN>[0.1273198127746582, 0.08528055995702744, 0.05415176600217819, 0.030296629294753075, 0.009585198946297169, 0.005393590312451124]</LCS_MIN>
		<LCS_MAX>[0.13967889547348022, 0.10223186761140823, 0.062072645872831345, 0.03710797429084778, 0.015934238210320473, 0.009554370306432247]</LCS_MAX>
		<WAVELENGTH>[0.48, 0.56, 0.655, 0.865, 1.61, 2.2]</WAVELENGTH>
		<MEAN_VALUE>[0.13425385953727675, 0.09447377922363578, 0.05800003797048707, 0.03207715702953182, 0.010645098651231106, 0.0062540967117471575]</MEAN_VALUE>
		<CHECKBOX>2</CHECKBOX>
		<SD>[0.0030546441445409764, 0.0040265762761084066, 0.0016171486953464704, 0.0005426499611451441, 0.0003551674038678791, 0.0002881447227531098]</SD>
		<WAVELENGTH_UNIT>E-6m</WAVELENGTH_UNIT>
		<COLOR>#dc6c17</COLOR>
		<COVARIANCE_MATRIX>[[9.276689902735737e-06, 1.212616916747984e-05, 4.747135633160026e-06, 7.818848595714048e-07, -7.523387472309031e-08, -1.3792728484569886e-07], [1.212616916747984e-05, 1.6072250915795467e-05, 6.278002238301211e-06, 1.0217569498279081e-06, -1.1091291895663041e-07, -1.9060962594063644e-07], [4.747135633160026e-06, 6.278002238301211e-06, 2.644167233537378e-06, 5.576022977918937e-07, 4.7242469965308526e-08, -1.1517155627606832e-08], [7.818848595714048e-07, 1.0217569498279081e-06, 5.576022977918937e-07, 3.4336348505216417e-07, 1.2507788885580124e-07, 8.20202140898094e-08], [-7.523387472309031e-08, -1.1091291895663041e-07, 4.7242469965308526e-08, 1.2507788885580124e-07, 1.4504449131812196e-07, 8.350952995256244e-08], [-1.3792728484569886e-07, -1.9060962594063644e-07, -1.1517155627606832e-08, 8.20202140898094e-08, 8.350952995256244e-08, 9.498861186587898e-08]]</COVARIANCE_MATRIX>
		<ROI_SIZE>14640</ROI_SIZE>
		<MAX_VALUE>[0.13967889547348022, 0.10223186761140823, 0.062072645872831345, 0.03710797429084778, 0.015934238210320473, 0.009554370306432247]</MAX_VALUE>
		<MIN_VALUE>[0.1273198127746582, 0.08528055995702744, 0.05415176600217819, 0.030296629294753075, 0.009585198946297169, 0.005393590312451124]</MIN_VALUE>
		<SIGNATURE_THRESHOLD_MD>0</SIGNATURE_THRESHOLD_MD>
		<SIGNATURE_THRESHOLD_ML>0</SIGNATURE_THRESHOLD_ML>
		<SIGNATURE_THRESHOLD_SAM>0</SIGNATURE_THRESHOLD_SAM>
	</signature>
	<signature ID="20210208_110316282358_789">
		<MACROCLASSID>1</MACROCLASSID>
		<MACROCLASSINFO>waterbody</MACROCLASSINFO>
		<CLASSID>15</CLASSID>
		<CLASSINFO>C 1</CLASSINFO>
		<VALUES>[0.12307261510235012, 0.0008948307145231056, 0.09066963823676155, 0.0018845338773906357, 0.06532929347681171, 0.0019570387463160328, 0.05141417913738761, 0.007845332900571872, 0.014950381245924124, 0.005907861148825123, 0.0076138224370364115, 0.003583962252867992]</VALUES>
		<LCS_MIN>[0.11927565187215805, 0.08272244036197662, 0.057911865413188934, 0.04123792424798012, 0.006934622768312693, 0.0037909247912466526]</LCS_MIN>
		<LCS_MAX>[0.12738147377967834, 0.09865669161081314, 0.08056501299142838, 0.08907146751880646, 0.05270318314433098, 0.03458068519830704]</LCS_MAX>
		<WAVELENGTH>[0.48, 0.56, 0.655, 0.865, 1.61, 2.2]</WAVELENGTH>
		<MEAN_VALUE>[0.12307261510235012, 0.09066963823676155, 0.06532929347681171, 0.05141417913738761, 0.014950381245924124, 0.0076138224370364115]</MEAN_VALUE>
		<CHECKBOX>2</CHECKBOX>
		<SD>[0.0008948307145231056, 0.0018845338773906357, 0.0019570387463160328, 0.007845332900571872, 0.005907861148825123, 0.003583962252867992]</SD>
		<WAVELENGTH_UNIT>E-6m</WAVELENGTH_UNIT>
		<COLOR>#a7cb79</COLOR>
		<COVARIANCE_MATRIX>[[7.50344025550898e-07, 1.3643870238855976e-06, 1.3266225080049825e-06, 1.9121953256716683e-06, 1.2073689135350028e-06, 7.988368940473325e-07], [1.3643870238855976e-06, 3.5230727583818415e-06, 3.3606501342366958e-06, 7.3004607938851674e-06, 4.671055246466016e-06, 2.929783441728766e-06], [1.3266225080049825e-06, 3.3606501342366958e-06, 4.224959132439241e-06, 1.0417465526331871e-05, 7.924034261247455e-06, 5.001277202707235e-06], [1.9121953256716683e-06, 7.3004607938851674e-06, 1.0417465526331871e-05, 6.208576526610702e-05, 4.2554584440315025e-05, 2.4621215643304344e-05], [1.2073689135350028e-06, 4.671055246466016e-06, 7.924034261247455e-06, 4.2554584440315025e-05, 3.66722245438163e-05, 2.195196776272156e-05], [7.988368940473325e-07, 2.929783441728766e-06, 5.001277202707235e-06, 2.4621215643304344e-05, 2.195196776272156e-05, 1.3707673670878694e-05]]</COVARIANCE_MATRIX>
		<ROI_SIZE>4692</ROI_SIZE>
		<MAX_VALUE>[0.12738147377967834, 0.09865669161081314, 0.08056501299142838, 0.08907146751880646, 0.05270318314433098, 0.03458068519830704]</MAX_VALUE>
		<MIN_VALUE>[0.11927565187215805, 0.08272244036197662, 0.057911865413188934, 0.04123792424798012, 0.006934622768312693, 0.0037909247912466526]</MIN_VALUE>
		<SIGNATURE_THRESHOLD_MD>0</SIGNATURE_THRESHOLD_MD>
		<SIGNATURE_THRESHOLD_ML>0</SIGNATURE_THRESHOLD_ML>
		<SIGNATURE_THRESHOLD_SAM>0</SIGNATURE_THRESHOLD_SAM>
	</signature>
	<signature ID="20210208_110331086357_518">
		<MACROCLASSID>1</MACROCLASSID>
		<MACROCLASSINFO>waterbody</MACROCLASSINFO>
		<CLASSID>16</CLASSID>
		<CLASSINFO>C 1</CLASSINFO>
