<?xml version="1.0" ?>
<signaturelist MCID_LIST="[['1', 'waterbody', '#000000'], ['2', 'vegetation', '#000000'], ['3', 'bareland', '#000000'], ['4', 'built-up', '#000000']]">
	<signature ID="20210609_133959948280_845">
		<MACROCLASSID>1</MACROCLASSID>
		<MACROCLASSINFO>waterbody</MACROCLASSINFO>
		<CLASSID>1</CLASSID>
		<CLASSINFO>C 1</CLASSINFO>
		<VALUES>[0.1343601606006285, 0.001998970613586936, 0.1164300421326512, 0.003550557414736943, 0.08403706433354842, 0.006139542387920531, 0.034470069102989914, 0.0011831099676816344, 0.009506798738068372, 0.0005416978471310329, 0.0044486304122494285, 0.0003003314940012797]</VALUES>
		<LCS_MIN>[0.12977202236652374, 0.11010540276765823, 0.07518098503351212, 0.0326622873544693, 0.008540669456124306, 0.003739424981176853]</LCS_MIN>
		<LCS_MAX>[0.14057481288909912, 0.12778688967227936, 0.10957449674606323, 0.07501938939094543, 0.03771744668483734, 0.01890488713979721]</LCS_MAX>
		<WAVELENGTH>[0.48, 0.56, 0.655, 0.865, 1.61, 2.2]</WAVELENGTH>
		<MEAN_VALUE>[0.1343601606006285, 0.1164300421326512, 0.08403706433354842, 0.034470069102989914, 0.009506798738068372, 0.0044486304122494285]</MEAN_VALUE>
		<CHECKBOX>2</CHECKBOX>
		<SD>[0.001998970613586936, 0.003550557414736943, 0.006139542387920531, 0.0011831099676816344, 0.0005416978471310329, 0.0003003314940012797]</SD>
		<WAVELENGTH_UNIT>E-6m</WAVELENGTH_UNIT>
		<COLOR>#d0eff2</COLOR>
		<COVARIANCE_MATRIX>[[4.956519069297376e-06, 8.235878304743034e-06, 1.466120668897977e-05, 1.970726162652437e-06, 2.626234044643394e-07, 9.525535275376767e-08], [8.235878304743034e-06, 1.4496635356413817e-05, 2.5829678321288634e-05, 3.2972043033775116e-06, 3.652338831280169e-07, 1.161871318304164e-07], [1.466120668897977e-05, 2.5829678321288634e-05, 4.8312622966905716e-05, 6.494535315480244e-06, 8.58186223271666e-07, 3.0384364369812496e-07], [1.970726162652437e-06, 3.2972043033775116e-06, 6.494535315480244e-06, 1.6172194340257385e-06, 4.936141718291283e-07, 2.564161473344474e-07], [2.626234044643394e-07, 3.652338831280169e-07, 8.58186223271666e-07, 4.936141718291283e-07, 2.961295239915537e-07, 1.5487972344606083e-07], [9.525535275376767e-08, 1.161871318304164e-07, 3.0384364369812496e-07, 2.564161473344474e-07, 1.5487972344606083e-07, 1.0760805930499296e-07]]</COVARIANCE_MATRIX>
		<ROI_SIZE>10110</ROI_SIZE>
		<MAX_VALUE>[0.14057481288909912, 0.12778688967227936, 0.10957449674606323, 0.07501938939094543, 0.03771744668483734, 0.01890488713979721]</MAX_VALUE>
		<MIN_VALUE>[0.12977202236652374, 0.11010540276765823, 0.07518098503351212, 0.0326622873544693, 0.008540669456124306, 0.003739424981176853]</MIN_VALUE>
		<SIGNATURE_THRESHOLD_MD>0</SIGNATURE_THRESHOLD_MD>
		<SIGNATURE_THRESHOLD_ML>0</SIGNATURE_THRESHOLD_ML>
		<SIGNATURE_THRESHOLD_SAM>0</SIGNATURE_THRESHOLD_SAM>
	</signature>
	<signature ID="20210609_134008375995_317">
		<MACROCLASSID>1</MACROCLASSID>
		<MACROCLASSINFO>waterbody</MACROCLASSINFO>
		<CLASSID>2</CLASSID>
		<CLASSINFO>C 1</CLASSINFO>
		<VALUES>[0.13954014565432124, 0.001908803667501616, 0.11062232260413173, 0.0031185113410315424, 0.0730883077928507, 0.0031128010797464513, 0.04243998053910045, 0.002414851430347872, 0.014902931455087948, 0.001858452786547859, 0.007770187984346289, 0.001396049724173808]</VALUES>
		<LCS_MIN>[0.13498875498771667, 0.10327285528182983, 0.06647872924804688, 0.03783285990357399, 0.012326261959969997, 0.006093878764659166]</LCS_MIN>
		<LCS_MAX>[0.14532989263534546, 0.12049268931150436, 0.09214691072702408, 0.07979755848646164, 0.06170056760311127, 0.05678390711545944]</LCS_MAX>
		<WAVELENGTH>[0.48, 0.56, 0.655, 0.865, 1.61, 2.2]</WAVELENGTH>
		<MEAN_VALUE>[0.13954014565432124, 0.11062232260413173, 0.0730883077928507, 0.04243998053910045, 0.014902931455087948, 0.007770187984346289]</MEAN_VALUE>
		<CHECKBOX>2</CHECKBOX>
		<SD>[0.001908803667501616, 0.0031185113410315424, 0.0031128010797464513, 0.002414851430347872, 0.001858452786547859, 0.001396049724173808]</SD>
		<WAVELENGTH_UNIT>E-6m</WAVELENGTH_UNIT>
		<COLOR>#0e682b</COLOR>
		<COVARIANCE_MATRIX>[[3.5390222877496754e-06, 5.375920326259022e-06, 4.610295646376183e-06, 2.1758710251722073e-06, 1.3455932844443262e-06, 8.699047822963316e-07], [5.375920326259022e-06, 9.688627144171282e-06, 7.2131882470765735e-06, 2.3657674279012977e-06, 1.6284969013462658e-06, 1.0759103946884014e-06], [4.610295646376183e-06, 7.2131882470765735e-06, 8.635322590957598e-06, 5.225135194836857e-06, 3.351946340865956e-06, 2.2655283380169617e-06], [2.1758710251722073e-06, 2.3657674279012977e-06, 5.225135194836857e-06, 5.326160641168899e-06, 3.7171470018764967e-06, 2.4911270551175493e-06], [1.3455932844443262e-06, 1.6284969013462658e-06, 3.351946340865956e-06, 3.7171470018764967e-06, 3.456444295175134e-06, 2.3762413351210117e-06], [8.699047822963316e-07, 1.0759103946884014e-06, 2.2655283380169617e-06, 2.4911270551175493e-06, 2.3762413351210117e-06, 1.7731810104459279e-06]]</COVARIANCE_MATRIX>
		<ROI_SIZE>10192</ROI_SIZE>
		<MAX_VALUE>[0.14532989263534546, 0.12049268931150436, 0.09214691072702408, 0.07979755848646164, 0.06170056760311127, 0.05678390711545944]</MAX_VALUE>
		<MIN_VALUE>[0.13498875498771667, 0.10327285528182983, 0.06647872924804688, 0.03783285990357399, 0.012326261959969997, 0.006093878764659166]</MIN_VALUE>
		<SIGNATURE_THRESHOLD_MD>0</SIGNATURE_THRESHOLD_MD>
		<SIGNATURE_THRESHOLD_ML>0</SIGNATURE_THRESHOLD_ML>
		<SIGNATURE_THRESHOLD_SAM>0</SIGNATURE_THRESHOLD_SAM>
	</signature>
	<signature ID="20210609_134014622546_468">
		<MACROCLASSID>1</MACROCLASSID>
		<MACROCLASSINFO>waterbody</MACROCLASSINFO>
		<CLASSID>3</CLASSID>
		<CLASSINFO>C 1</CLASSINFO>
		<VALUES>[0.13728216513727803, 0.003123486373693385, 0.11578019984356383, 0.005616578534716487, 0.09071195051036401, 0.01019319081614962, 0.048942382643662796, 0.007568822880630441, 0.015006156051893819, 0.004873794267378782, 0.007782301159790654, 0.0041832992470342695]</VALUES>
		<LCS_MIN>[0.12997975945472717, 0.10288044810295105, 0.07296502590179443, 0.041110631078481674, 0.009210070595145226, 0.0035316806752234697]</LCS_MIN>
		<LCS_MAX>[0.1522085815668106, 0.13551966845989227, 0.12379355728626251, 0.095770925283432, 0.06317786872386932, 0.052652083337306976]</LCS_MAX>
		<WAVELENGTH>[0.48, 0.56, 0.655, 0.865, 1.61, 2.2]</WAVELENGTH>
		<MEAN_VALUE>[0.13728216513727803, 0.11578019984356383, 0.09071195051036401, 0.048942382643662796, 0.015006156051893819, 0.007782301159790654]</MEAN_VALUE>
		<CHECKBOX>2</CHECKBOX>
		<SD>[0.003123486373693385, 0.005616578534716487, 0.01019319081614962, 0.007568822880630441, 0.004873794267378782, 0.0041832992470342695]</SD>
		<WAVELENGTH_UNIT>E-6m</WAVELENGTH_UNIT>
		<COLOR>#b1d7b4</COLOR>
		<COVARIANCE_MATRIX>[[1.1066486419031283e-05, 1.7862850442514313e-05, 3.193288434050962e-05, 1.8679870060448627e-05, 4.845724869836062e-06, 3.646382860025354e-06], [1.7862850442514313e-05, 3.149671024926402e-05, 5.3897646278864046e-05, 2.6599765994676743e-05, 5.832377892649456e-06, 4.237556507067098e-06], [3.193288434050962e-05, 5.3897646278864046e-05, 0.00010395933016007105, 5.603614752635908e-05, 9.460825056818099e-06, 6.105869113415584e-06], [1.8679870060448627e-05, 2.6599765994676743e-05, 5.603614752635908e-05, 6.982664759777549e-05, 2.734286566548193e-05, 2.10106310316682e-05], [4.845724869836062e-06, 5.832377892649456e-06, 9.460825056818099e-06, 2.734286566548193e-05, 2.693506119941966e-05, 2.2154009246351702e-05], [3.646382860025354e-06, 4.237556507067098e-06, 6.105869113415584e-06, 2.10106310316682e-05, 2.2154009246351702e-05, 1.9237345331034322e-05]]</COVARIANCE_MATRIX>
		<ROI_SIZE>7347</ROI_SIZE>
		<MAX_VALUE>[0.1522085815668106, 0.13551966845989227, 0.12379355728626251, 0.095770925283432, 0.06317786872386932, 0.052652083337306976]</MAX_VALUE>
		<MIN_VALUE>[0.12997975945472717, 0.10288044810295105, 0.07296502590179443, 0.041110631078481674, 0.009210070595145226, 0.0035316806752234697]</MIN_VALUE>
		<SIGNATURE_THRESHOLD_MD>0</SIGNATURE_THRESHOLD_MD>
		<SIGNATURE_THRESHOLD_ML>0</SIGNATURE_THRESHOLD_ML>
		<SIGNATURE_THRESHOLD_SAM>0</SIGNATURE_THRESHOLD_SAM>
	</signature>
	<signature ID="20210609_134020694805_786">
		<MACROCLASSID>1</MACROCLASSID>
		<MACROCLASSINFO>waterbody</MACROCLASSINFO>
		<CLASSID>4</CLASSID>
		<CLASSINFO>C 1</CLASSINFO>
		<VALUES>[0.1519345755839453, 0.0026471824022897164, 0.15351654133712814, 0.006032796800766012, 0.1441432041743468, 0.007273352673458192, 0.07003317451195033, 0.008039006669488325, 0.015651142500891967, 0.004844578945032465, 0.007661841903033827, 0.0035006820813578633]</VALUES>
		<LCS_MIN>[0.14052864909172058, 0.12614800035953522, 0.11368323862552643, 0.06024634838104248, 0.010479625314474106, 0.0037625047843903303]</LCS_MIN>
		<LCS_MAX>[0.1669354885816574, 0.1702132374048233, 0.16104933619499207, 0.11354474723339081, 0.06096190959215164, 0.04840482398867607]</LCS_MAX>
		<WAVELENGTH>[0.48, 0.56, 0.655, 0.865, 1.61, 2.2]</WAVELENGTH>
		<MEAN_VALUE>[0.1519345755839453, 0.15351654133712814, 0.1441432041743468, 0.07003317451195033, 0.015651142500891967, 0.007661841903033827]</MEAN_VALUE>
		<CHECKBOX>2</CHECKBOX>
		<SD>[0.0026471824022897164, 0.006032796800766012, 0.007273352673458192, 0.008039006669488325, 0.004844578945032465, 0.0035006820813578633]</SD>
		<WAVELENGTH_UNIT>E-6m</WAVELENGTH_UNIT>
		<COLOR>#a93cb4</COLOR>
		<COVARIANCE_MATRIX>[[6.999915783165966e-06, 1.360515456483302e-05, 1.577104556176626e-05, -6.553946832587225e-06, -1.5256901694911816e-06, -4.5024265209658566e-07], [1.360515456483302e-05, 3.302453049730796e-05, 3.817103832843071e-05, -2.6409007534243392e-05, -1.1467821268960611e-05, -7.146637528056919e-06], [1.577104556176626e-05, 3.817103832843071e-05, 4.604828092431214e-05, -2.8390724782696087e-05, -1.2003119417284909e-05, -7.2479418555553245e-06], [-6.553946832587225e-06, -2.6409007534243392e-05, -2.8390724782696087e-05, 6.298229358113416e-05, 3.4263203861146965e-05, 2.2620177481687184e-05], [-1.5256901694911816e-06, -1.1467821268960611e-05, -1.2003119417284909e-05, 3.4263203861146965e-05, 2.867856728031457e-05, 2.109616585693075e-05], [-4.5024265209658566e-07, -7.146637528056919e-06, -7.2479418555553245e-06, 2.2620177481687184e-05, 2.109616585693075e-05, 1.6509160572015534e-05]]</COVARIANCE_MATRIX>
		<ROI_SIZE>4353</ROI_SIZE>
		<MAX_VALUE>[0.1669354885816574, 0.1702132374048233, 0.16104933619499207, 0.11354474723339081, 0.06096190959215164, 0.04840482398867607]</MAX_VALUE>
		<MIN_VALUE>[0.14052864909172058, 0.12614800035953522, 0.11368323862552643, 0.06024634838104248, 0.010479625314474106, 0.0037625047843903303]</MIN_VALUE>
		<SIGNATURE_THRESHOLD_MD>0</SIGNATURE_THRESHOLD_MD>
		<SIGNATURE_THRESHOLD_ML>0</SIGNATURE_THRESHOLD_ML>
		<SIGNATURE_THRESHOLD_SAM>0</SIGNATURE_THRESHOLD_SAM>
	</signature>
	<signature ID="20210609_134026697218_144">
		<MACROCLASSID>1</MACROCLASSID>
		<MACROCLASSINFO>waterbody</MACROCLASSINFO>
		<CLASSID>5</CLASSID>
		<CLASSINFO>C 1</CLASSINFO>
		<VALUES>[0.13764122621161945, 0.0017203859661244871, 0.1358289144041572, 0.002663878938465012, 0.1342150320357532, 0.004000994988942355, 0.09714910235354197, 0.012243714266433395, 0.021060489851067076, 0.009027130218051946, 0.010409911901786409, 0.005685148169320229]</VALUES>
		<LCS_MIN>[0.13180330395698547, 0.12681740522384644, 0.11843832582235336, 0.08205967396497726, 0.011956932954490185, 0.005262892693281174]</LCS_MIN>
		<LCS_MAX>[0.14664562046527863, 0.1446143239736557, 0.148561492562294, 0.13895900547504425, 0.06121582165360451, 0.045958034694194794]</LCS_MAX>
		<WAVELENGTH>[0.48, 0.56, 0.655, 0.865, 1.61, 2.2]</WAVELENGTH>
		<MEAN_VALUE>[0.13764122621161945, 0.1358289144041572, 0.1342150320357532, 0.09714910235354197, 0.021060489851067076, 0.010409911901786409]</MEAN_VALUE>
		<CHECKBOX>2</CHECKBOX>
		<SD>[0.0017203859661244871, 0.002663878938465012, 0.004000994988942355, 0.012243714266433395, 0.009027130218051946, 0.005685148169320229]</SD>
		<WAVELENGTH_UNIT>E-6m</WAVELENGTH_UNIT>
		<COLOR>#17681b</COLOR>
		<COVARIANCE_MATRIX>[[2.3007335326678075e-06, 3.3269654254102637e-06, 4.791940757128347e-06, -5.580382373241964e-06, -4.770600418681037e-06, -2.1175953856958816e-06], [3.3269654254102637e-06, 6.028227105665615e-06, 8.149961434082213e-06, -1.6600175457744105e-05, -1.2412556467656751e-05, -6.584325174367019e-06], [4.791940757128347e-06, 8.149961434082213e-06, 1.3768808257628245e-05, -2.228391443079438e-05, -1.900664909641191e-05, -9.679967803368155e-06], [-5.580382373241964e-06, -1.6600175457744105e-05, -2.228391443079438e-05, 0.0001332774300210327, 8.968347712254005e-05, 5.087969641340378e-05], [-4.770600418681037e-06, -1.2412556467656751e-05, -1.900664909641191e-05, 8.968347712254005e-05, 7.379735001732598e-05, 4.377250500209501e-05], [-2.1175953856958816e-06, -6.584325174367019e-06, -9.679967803368155e-06, 5.087969641340378e-05, 4.377250500209501e-05, 2.7451108757332437e-05]]</COVARIANCE_MATRIX>
		<ROI_SIZE>1133</ROI_SIZE>
		<MAX_VALUE>[0.14664562046527863, 0.1446143239736557, 0.148561492562294, 0.13895900547504425, 0.06121582165360451, 0.045958034694194794]</MAX_VALUE>
		<MIN_VALUE>[0.13180330395698547, 0.12681740522384644, 0.11843832582235336, 0.08205967396497726, 0.011956932954490185, 0.005262892693281174]</MIN_VALUE>
		<SIGNATURE_THRESHOLD_MD>0</SIGNATURE_THRESHOLD_MD>
		<SIGNATURE_THRESHOLD_ML>0</SIGNATURE_THRESHOLD_ML>
		<SIGNATURE_THRESHOLD_SAM>0</SIGNATURE_THRESHOLD_SAM>
	</signature>
	<signature ID="20210609_134031259763_225">
		<MACROCLASSID>1</MACROCLASSID>
		<MACROCLASSINFO>waterbody</MACROCLASSINFO>
		<CLASSID>6</CLASSID>
		<CLASSINFO>C 1</CLASSINFO>
		<VALUES>[0.1434520956128838, 0.0014765270247301444, 0.14176034587232972, 0.0025594075074083763, 0.14076040460039768, 0.003547078103127118, 0.08759495739055714, 0.009268096029395914, 0.020849467901027055, 0.010256005057068262, 0.011346918284771572, 0.007279861275703231]</VALUES>
		<LCS_MIN>[0.13240347802639008, 0.11920006573200226, 0.09247005730867386, 0.0710953027009964, 0.009325486607849598, 0.005124396178871393]</LCS_MIN>
		<LCS_MAX>[0.14897699654102325, 0.15153919160366058, 0.1468995362520218, 0.13388076424598694, 0.06507067382335663, 0.04671977087855339]</LCS_MAX>
		<WAVELENGTH>[0.48, 0.56, 0.655, 0.865, 1.61, 2.2]</WAVELENGTH>
		<MEAN_VALUE>[0.1434520956128838, 0.14176034587232972, 0.14076040460039768, 0.08759495739055714, 0.020849467901027055, 0.011346918284771572]</MEAN_VALUE>
		<CHECKBOX>2</CHECKBOX>
		<SD>[0.0014765270247301444, 0.0025594075074083763, 0.003547078103127118, 0.009268096029395914, 0.010256005057068262, 0.007279861275703231]</SD>
		<WAVELENGTH_UNIT>E-6m</WAVELENGTH_UNIT>
		<COLOR>#fb4f95</COLOR>
		<COVARIANCE_MATRIX>[[2.182504342086923e-06, 2.9111165840096583e-06, 3.481525260209682e-06, -1.4828343684182775e-06, 4.965640655161686e-07, 1.075197764792158e-06], [2.9111165840096583e-06, 6.557694718019749e-06, 6.5222399807461765e-06, -1.0728814462193942e-05, -8.624228820510026e-06, -5.530596278484015e-06], [3.481525260209682e-06, 6.5222399807461765e-06, 1.2595453780314579e-05, -1.9520915426542203e-05, -1.859974156503576e-05, -1.1051387473427323e-05], [-1.4828343684182775e-06, -1.0728814462193942e-05, -1.9520915426542203e-05, 8.59910725672426e-05, 8.701375331130831e-05, 5.845625506407598e-05], [4.965640655161686e-07, -8.624228820510026e-06, -1.859974156503576e-05, 8.701375331130831e-05, 0.00010530009635708497, 7.343366170390873e-05], [1.075197764792158e-06, -5.530596278484015e-06, -1.1051387473427323e-05, 5.845625506407598e-05, 7.343366170390873e-05, 5.305404763656677e-05]]</COVARIANCE_MATRIX>
		<ROI_SIZE>920</ROI_SIZE>
		<MAX_VALUE>[0.14897699654102325, 0.15153919160366058, 0.1468995362520218, 0.13388076424598694, 0.06507067382335663, 0.04671977087855339]</MAX_VALUE>
		<MIN_VALUE>[0.13240347802639008, 0.11920006573200226, 0.09247005730867386, 0.0710953027009964, 0.009325486607849598, 0.005124396178871393]</MIN_VALUE>
		<SIGNATURE_THRESHOLD_MD>0</SIGNATURE_THRESHOLD_MD>
		<SIGNATURE_THRESHOLD_ML>0</SIGNATURE_THRESHOLD_ML>
		<SIGNATURE_THRESHOLD_SAM>0</SIGNATURE_THRESHOLD_SAM>
	</signature>
	<signature ID="20210609_134037296182_881">
		<MACROCLASSID>1</MACROCLASSID>
		<MACROCLASSINFO>waterbody</MACROCLASSINFO>
		<CLASSID>7</CLASSID>
		<CLASSINFO>C 1</CLASSINFO>
		<VALUES>[0.1453509668044541, 0.002409911302715618, 0.14582290676849, 0.004332651749137733, 0.14292998808839205, 0.0025602355558657875, 0.08608446551214431, 0.007701881763575776, 0.02003248485804997, 0.007571043787564378, 0.010652347622714454, 0.00547065932780107]</VALUES>
		<LCS_MIN>[0.13856659829616547, 0.13334986567497253, 0.1307876706123352, 0.07642745226621628, 0.014311387203633785, 0.007017192896455526]</LCS_MIN>
		<LCS_MAX>[0.1544014811515808, 0.1585102081298828, 0.15384748578071594, 0.13189564645290375, 0.06610940396785736, 0.04621194675564766]</LCS_MAX>
		<WAVELENGTH>[0.48, 0.56, 0.655, 0.865, 1.61, 2.2]</WAVELENGTH>
		<MEAN_VALUE>[0.1453509668044541, 0.14582290676849, 0.14292998808839205, 0.08608446551214431, 0.02003248485804997, 0.010652347622714454]</MEAN_VALUE>
		<CHECKBOX>2</CHECKBOX>
		<SD>[0.002409911302715618, 0.004332651749137733, 0.0025602355558657875, 0.007701881763575776, 0.007571043787564378, 0.00547065932780107]</SD>
		<WAVELENGTH_UNIT>E-6m</WAVELENGTH_UNIT>
		<COLOR>#1fc66e</COLOR>
		<COVARIANCE_MATRIX>[[5.811987251062906e-06, 1.0015738418977436e-05, 5.792248000698667e-06, -6.23127242668044e-06, 1.9658228823091383e-06, 1.934630585031637e-06], [1.0015738418977436e-05, 1.8785817591771985e-05, 1.0437098098596353e-05, -1.4223502475207993e-05, -5.612807576930794e-07, 3.300434501514424e-07], [5.792248000698667e-06, 1.0437098098596353e-05, 6.559675942604515e-06, -8.311508396814246e-06, -5.991194757318414e-07, 3.594752065069348e-07], [-6.23127242668044e-06, -1.4223502475207993e-05, -8.311508396814246e-06, 5.936305326674318e-05, 4.4472528453818604e-05, 3.096151244897813e-05], [1.9658228823091383e-06, -5.612807576930794e-07, -5.991194757318414e-07, 4.4472528453818604e-05, 5.736328999460877e-05, 4.0875476447430775e-05], [1.934630585031637e-06, 3.300434501514424e-07, 3.594752065069348e-07, 3.096151244897813e-05, 4.0875476447430775e-05, 2.9950348334854535e-05]]</COVARIANCE_MATRIX>
		<ROI_SIZE>1347</ROI_SIZE>
		<MAX_VALUE>[0.1544014811515808, 0.1585102081298828, 0.15384748578071594, 0.13189564645290375, 0.06610940396785736, 0.04621194675564766]</MAX_VALUE>
		<MIN_VALUE>[0.13856659829616547, 0.13334986567497253, 0.1307876706123352, 0.07642745226621628, 0.014311387203633785, 0.007017192896455526]</MIN_VALUE>
		<SIGNATURE_THRESHOLD_MD>0</SIGNATURE_THRESHOLD_MD>
		<SIGNATURE_THRESHOLD_ML>0</SIGNATURE_THRESHOLD_ML>
		<SIGNATURE_THRESHOLD_SAM>0</SIGNATURE_THRESHOLD_SAM>
	</signature>
	<signature ID="20210609_134044490259_211">
		<MACROCLASSID>1</MACROCLASSID>
		<MACROCLASSINFO>waterbody</MACROCLASSINFO>
		<CLASSID>8</CLASSID>
		<CLASSINFO>C 1</CLASSINFO>
		<VALUES>[0.14870084735954556, 0.002269570392779653, 0.14131548631527316, 0.0019353339173016858, 0.13879078617789253, 0.002347438373208457, 0.11649476694777731, 0.00897684491030731, 0.02674255405140915, 0.008564092082278495, 0.013361325902029726, 0.005867414691928444]</VALUES>
		<LCS_MIN>[0.14062097668647766, 0.1335345357656479, 0.12750989198684692, 0.10615821182727814, 0.016181103885173798, 0.009394735097885132]</LCS_MIN>
		<LCS_MAX>[0.15534785389900208, 0.14752276241779327, 0.1458377242088318, 0.1612570881843567, 0.07259570062160492, 0.0489126481115818]</LCS_MAX>
		<WAVELENGTH>[0.48, 0.56, 0.655, 0.865, 1.61, 2.2]</WAVELENGTH>
		<MEAN_VALUE>[0.14870084735954556, 0.14131548631527316, 0.13879078617789253, 0.11649476694777731, 0.02674255405140915, 0.013361325902029726]</MEAN_VALUE>
		<CHECKBOX>2</CHECKBOX>
		<SD>[0.002269570392779653, 0.0019353339173016858, 0.002347438373208457, 0.00897684491030731, 0.008564092082278495, 0.005867414691928444]</SD>
		<WAVELENGTH_UNIT>E-6m</WAVELENGTH_UNIT>
		<COLOR>#762abe</COLOR>
		<COVARIANCE_MATRIX>[[4.416170992865275e-06, 3.5797716119411837e-06, 3.23884151048408e-06, 4.546322269737381e-06, 2.955139976697513e-06, 2.2174537510886797e-06], [3.5797716119411837e-06, 3.780706823912052e-06, 4.356338303633253e-06, -5.404711699849149e-07, -5.085594974683316e-07, 3.4891789181040084e-07], [3.23884151048408e-06, 4.356338303633253e-06, 6.568516911711345e-06, -8.857454403291641e-06, -5.2974325849801805e-06, -1.8925753141397656e-06], [4.546322269737381e-06, -5.404711699849149e-07, -8.857454403291641e-06, 8.529521499321125e-05, 7.060784982569365e-05, 4.411303245753819e-05], [2.955139976697513e-06, -5.085594974683316e-07, -5.2974325849801805e-06, 7.060784982569365e-05, 7.895781171058346e-05, 5.277400914789396e-05], [2.2174537510886797e-06, 3.4891789181040084e-07, -1.8925753141397656e-06, 4.411303245753819e-05, 5.277400914789396e-05, 3.7310033338229625e-05]]</COVARIANCE_MATRIX>
		<ROI_SIZE>938</ROI_SIZE>
		<MAX_VALUE>[0.15534785389900208, 0.14752276241779327, 0.1458377242088318, 0.1612570881843567, 0.07259570062160492, 0.0489126481115818]</MAX_VALUE>
		<MIN_VALUE>[0.14062097668647766, 0.1335345357656479, 0.12750989198684692, 0.10615821182727814, 0.016181103885173798, 0.009394735097885132]</MIN_VALUE>
		<SIGNATURE_THRESHOLD_MD>0</SIGNATURE_THRESHOLD_MD>
		<SIGNATURE_THRESHOLD_ML>0</SIGNATURE_THRESHOLD_ML>
		<SIGNATURE_THRESHOLD_SAM>0</SIGNATURE_THRESHOLD_SAM>
	</signature>
	<signature ID="20210609_134058330927_445">
		<MACROCLASSID>1</MACROCLASSID>
		<MACROCLASSINFO>waterbody</MACROCLASSINFO>
		<CLASSID>9</CLASSID>
		<CLASSINFO>C 1</CLASSINFO>
		<VALUES>[0.14193040822163108, 0.0030289041011239085, 0.12757809553551921, 0.003750455570425084, 0.10216812262973508, 0.005021184794950592, 0.09099520738788217, 0.013449145895607006, 0.02770970464676372, 0.01100389847024485, 0.014229295029979685, 0.006879601220693987]</VALUES>
		<LCS_MIN>[0.1330728679895401, 0.11130570620298386, 0.08376780897378922, 0.07391142100095749, 0.01728908158838749, 0.008009755052626133]</LCS_MIN>
		<LCS_MAX>[0.15303955972194672, 0.14110572636127472, 0.12208542227745056, 0.12402438372373581, 0.06617864221334457, 0.03870999813079834]</LCS_MAX>
		<WAVELENGTH>[0.48, 0.56, 0.655, 0.865, 1.61, 2.2]</WAVELENGTH>
		<MEAN_VALUE>[0.14193040822163108, 0.12757809553551921, 0.10216812262973508, 0.09099520738788217, 0.02770970464676372, 0.014229295029979685]</MEAN_VALUE>
		<CHECKBOX>2</CHECKBOX>
		<SD>[0.0030289041011239085, 0.003750455570425084, 0.005021184794950592, 0.013449145895607006, 0.01100389847024485, 0.006879601220693987]</SD>
		<WAVELENGTH_UNIT>E-6m</WAVELENGTH_UNIT>
		<COLOR>#e81d33</COLOR>
		<COVARIANCE_MATRIX>[[6.184075995944547e-06, 7.1231263559218256e-06, 9.760916713026564e-06, 1.3059504475908226e-05, 4.729201640550587e-06, 2.219831967060171e-06], [7.1231263559218256e-06, 1.0783016752184987e-05, 1.4319434695429617e-05, 5.812080926301336e-06, 6.235426441142269e-08, -5.691191249521888e-07], [9.760916713026564e-06, 1.4319434695429617e-05, 2.26374325932078e-05, 2.257766475308331e-05, 1.4529973685083747e-05, 8.333451979507477e-06], [1.3059504475908226e-05, 5.812080926301336e-06, 2.257766475308331e-05, 0.00017369019278664738, 0.0001399849512772384, 8.540200518765939e-05], [4.729201640550587e-06, 6.235426441142269e-08, 1.4529973685083747e-05, 0.0001399849512772384, 0.00013704948379407333, 8.473207092882359e-05], [2.219831967060171e-06, -5.691191249521888e-07, 8.333451979507477e-06, 8.540200518765939e-05, 8.473207092882359e-05, 5.343672576184995e-05]]</COVARIANCE_MATRIX>
		<ROI_SIZE>1373</ROI_SIZE>
		<MAX_VALUE>[0.15303955972194672, 0.14110572636127472, 0.12208542227745056, 0.12402438372373581, 0.06617864221334457, 0.03870999813079834]</MAX_VALUE>
		<MIN_VALUE>[0.1330728679895401, 0.11130570620298386, 0.08376780897378922, 0.07391142100095749, 0.01728908158838749, 0.008009755052626133]</MIN_VALUE>
		<SIGNATURE_THRESHOLD_MD>0</SIGNATURE_THRESHOLD_MD>
		<SIGNATURE_THRESHOLD_ML>0</SIGNATURE_THRESHOLD_ML>
		<SIGNATURE_THRESHOLD_SAM>0</SIGNATURE_THRESHOLD_SAM>
	</signature>
	<signature ID="20210609_134105763258_218">
		<MACROCLASSID>1</MACROCLASSID>
		<MACROCLASSINFO>waterbody</MACROCLASSINFO>
		<CLASSID>10</CLASSID>
		<CLASSINFO>C 1</CLASSINFO>
		<VALUES>[0.14618399397964943, 0.0008576042119215547, 0.10361899492936363, 0.0005861452116115227, 0.0761660304289349, 0.0006462734893866188, 0.05149581926281606, 0.0007745017089761865, 0.023528209072614565, 0.0006414179926650684, 0.013897732850287099, 0.0005101871460646811]</VALUES>
		<LCS_MIN>[0.1440141648054123, 0.10163398087024689, 0.07393450289964676, 0.04909730330109596, 0.02077460289001465, 0.011587603949010372]</LCS_MIN>
		<LCS_MAX>[0.14906930923461914, 0.10539649426937103, 0.07820484042167664, 0.05410630255937576, 0.02550659142434597, 0.015442454256117344]</LCS_MAX>
		<WAVELENGTH>[0.48, 0.56, 0.655, 0.865, 1.61, 2.2]</WAVELENGTH>
		<MEAN_VALUE>[0.14618399397964943, 0.10361899492936363, 0.0761660304289349, 0.05149581926281606, 0.023528209072614565, 0.013897732850287099]</MEAN_VALUE>
		<CHECKBOX>2</CHECKBOX>
		<SD>[0.0008576042119215547, 0.0005861452116115227, 0.0006462734893866188, 0.0007745017089761865, 0.0006414179926650684, 0.0005101871460646811]</SD>
		<WAVELENGTH_UNIT>E-6m</WAVELENGTH_UNIT>
		<COLOR>#db8ae8</COLOR>
		<COVARIANCE_MATRIX>[[6.273458769862424e-07, 1.5603219423139695e-07, 3.710951754230809e-07, 4.780832904764156e-07, 2.1236545879405136e-07, 9.952408002576115e-08], [1.5603219423139695e-07, 3.198726631933049e-07, 2.3040173904843433e-07, 1.8684099564882963e-07, 1.8068807171337472e-07, 1.3589330149797442e-07], [3.710951754230809e-07, 2.3040173904843433e-07, 3.537201861903535e-07, 3.5628423573966323e-07, 2.3303272966681424e-07, 1.4837507640846723e-07], [4.780832904764156e-07, 1.8684099564882963e-07, 3.5628423573966323e-07, 5.086204529338757e-07, 2.8604600504993244e-07, 1.7904459887751258e-07], [2.1236545879405136e-07, 1.8068807171337472e-07, 2.3303272966681424e-07, 2.8604600504993244e-07, 3.566041912946605e-07, 2.476167011165197e-07], [9.952408002576115e-08, 1.3589330149797442e-07, 1.4837507640846723e-07, 1.7904459887751258e-07, 2.476167011165197e-07, 2.2896406568923588e-07]]</COVARIANCE_MATRIX>
		<ROI_SIZE>10201</ROI_SIZE>
		<MAX_VALUE>[0.14906930923461914, 0.10539649426937103, 0.07820484042167664, 0.05410630255937576, 0.02550659142434597, 0.015442454256117344]</MAX_VALUE>
		<MIN_VALUE>[0.1440141648054123, 0.10163398087024689, 0.07393450289964676, 0.04909730330109596, 0.02077460289001465, 0.011587603949010372]</MIN_VALUE>
		<SIGNATURE_THRESHOLD_MD>0</SIGNATURE_THRESHOLD_MD>
		<SIGNATURE_THRESHOLD_ML>0</SIGNATURE_THRESHOLD_ML>
		<SIGNATURE_THRESHOLD_SAM>0</SIGNATURE_THRESHOLD_SAM>
	</signature>
	<signature ID="20210609_134110453890_618">
		<MACROCLASSID>1</MACROCLASSID>
		<MACROCLASSINFO>waterbody</MACROCLASSINFO>
		<CLASSID>11</CLASSID>
		<CLASSINFO>C 1</CLASSINFO>
		<VALUES>[0.15543827365678636, 0.002226309675954727, 0.13037306762821427, 0.0032212130382208463, 0.10401789892531016, 0.006941476114389759, 0.08068230237793159, 0.013051357065640258, 0.027928236547245425, 0.010076410428246077, 0.01425563068623822, 0.006705602224230636]</VALUES>
		<LCS_MIN>[0.15126220881938934, 0.12102361023426056, 0.08879988640546799, 0.05920761823654175, 0.01904338225722313, 0.008956157602369785]</LCS_MIN>
		<LCS_MAX>[0.1643732786178589, 0.14045940339565277, 0.12709440290927887, 0.13378845155239105, 0.07515788823366165, 0.05209808051586151]</LCS_MAX>
		<WAVELENGTH>[0.48, 0.56, 0.655, 0.865, 1.61, 2.2]</WAVELENGTH>
		<MEAN_VALUE>[0.15543827365678636, 0.13037306762821427, 0.10401789892531016, 0.08068230237793159, 0.027928236547245425, 0.01425563068623822]</MEAN_VALUE>
		<CHECKBOX>2</CHECKBOX>
		<SD>[0.002226309675954727, 0.0032212130382208463, 0.006941476114389759, 0.013051357065640258, 0.010076410428246077, 0.006705602224230636]</SD>
		<WAVELENGTH_UNIT>E-6m</WAVELENGTH_UNIT>
		<COLOR>#a04cad</COLOR>
		<COVARIANCE_MATRIX>[[4.958711810942027e-06, 6.7925261732258645e-06, 1.3330877875670213e-05, 1.7224009698243463e-05, 1.0443954344407628e-05, 6.403708642128396e-06], [6.7925261732258645e-06, 1.0380938489260277e-05, 2.0134654965256944e-05, 2.6806955284398735e-05, 1.5847461417438223e-05, 9.743144655262996e-06], [1.3330877875670213e-05, 2.0134654965256944e-05, 4.820603240012481e-05, 7.21798547912573e-05, 4.392684131837053e-05, 2.7456089280143634e-05], [1.7224009698243463e-05, 2.6806955284398735e-05, 7.21798547912573e-05, 0.0001704154886142434, 0.00010994495407704323, 6.970867761514099e-05], [1.0443954344407628e-05, 1.5847461417438223e-05, 4.392684131837053e-05, 0.00010994495407704323, 0.00010158028302334711, 6.689251925695988e-05], [6.403708642128396e-06, 9.743144655262996e-06, 2.7456089280143634e-05, 6.970867761514099e-05, 6.689251925695988e-05, 4.498557710089545e-05]]</COVARIANCE_MATRIX>
		<ROI_SIZE>2197</ROI_SIZE>
		<MAX_VALUE>[0.1643732786178589, 0.14045940339565277, 0.12709440290927887, 0.13378845155239105, 0.07515788823366165, 0.05209808051586151]</MAX_VALUE>
		<MIN_VALUE>[0.15126220881938934, 0.12102361023426056, 0.08879988640546799, 0.05920761823654175, 0.01904338225722313, 0.008956157602369785]</MIN_VALUE>
		<SIGNATURE_THRESHOLD_MD>0</SIGNATURE_THRESHOLD_MD>
		<SIGNATURE_THRESHOLD_ML>0</SIGNATURE_THRESHOLD_ML>
		<SIGNATURE_THRESHOLD_SAM>0</SIGNATURE_THRESHOLD_SAM>
	</signature>
	<signature ID="20210609_134117870191_499">
		<MACROCLASSID>1</MACROCLASSID>
		<MACROCLASSINFO>waterbody</MACROCLASSINFO>
		<CLASSID>12</CLASSID>
		<CLASSINFO>C 1</CLASSINFO>
		<VALUES>[0.15654281675815598, 0.001453999465764273, 0.1497581772506237, 0.003109259707236197, 0.14539691247046, 0.0058347590617732455, 0.14166391417384158, 0.01455562077650185, 0.042927664065999675, 0.012896009684369542, 0.020996276904562766, 0.007168211270043056]</VALUES>
		<LCS_MIN>[0.1524394154548645, 0.14124421775341034, 0.12672507762908936, 0.11649935692548752, 0.022274991497397423, 0.009163902141153812]</LCS_MIN>
		<LCS_MAX>[0.15966437757015228, 0.15500162541866302, 0.1541014015674591, 0.17983883619308472, 0.08291374891996384, 0.0433727465569973]</LCS_MAX>
		<WAVELENGTH>[0.48, 0.56, 0.655, 0.865, 1.61, 2.2]</WAVELENGTH>
		<MEAN_VALUE>[0.15654281675815598, 0.1497581772506237, 0.14539691247046, 0.14166391417384158, 0.042927664065999675, 0.020996276904562766]</MEAN_VALUE>
		<CHECKBOX>2</CHECKBOX>
		<SD>[0.001453999465764273, 0.003109259707236197, 0.0058347590617732455, 0.01455562077650185, 0.012896009684369542, 0.007168211270043056]</SD>
		<WAVELENGTH_UNIT>E-6m</WAVELENGTH_UNIT>
		<COLOR>#1b9d84</COLOR>
		<COVARIANCE_MATRIX>[[2.4587755263708573e-06, 2.8926574541525992e-06, 2.676852243901539e-06, -4.5352439969665105e-06, -4.0334947137562964e-06, -1.8570246628516561e-06], [2.8926574541525992e-06, 8.279571095295764e-06, 1.30823815148257e-05, -2.217865658367191e-05, -1.7940059384579398e-05, -8.999884067252918e-06], [2.676852243901539e-06, 1.30823815148257e-05, 2.7409477792121973e-05, -3.630760089744274e-05, -3.1685570681076714e-05, -1.537211091933535e-05], [-4.5352439969665105e-06, -2.217865658367191e-05, -3.630760089744274e-05, 0.00021067028394184615, 0.00016186373362278559, 8.602195451099267e-05], [-4.0334947137562964e-06, -1.7940059384579398e-05, -3.1685570681076714e-05, 0.00016186373362278559, 0.0001693829733508961, 9.158974089000427e-05], [-1.8570246628516561e-06, -8.999884067252918e-06, -1.537211091933535e-05, 8.602195451099267e-05, 9.158974089000427e-05, 5.203478541043464e-05]]</COVARIANCE_MATRIX>
		<ROI_SIZE>457</ROI_SIZE>
		<MAX_VALUE>[0.15966437757015228, 0.15500162541866302, 0.1541014015674591, 0.17983883619308472, 0.08291374891996384, 0.0433727465569973]</MAX_VALUE>
		<MIN_VALUE>[0.1524394154548645, 0.14124421775341034, 0.12672507762908936, 0.11649935692548752, 0.022274991497397423, 0.009163902141153812]</MIN_VALUE>
		<SIGNATURE_THRESHOLD_MD>0</SIGNATURE_THRESHOLD_MD>
		<SIGNATURE_THRESHOLD_ML>0</SIGNATURE_THRESHOLD_ML>
		<SIGNATURE_THRESHOLD_SAM>0</SIGNATURE_THRESHOLD_SAM>
	</signature>
	<signature ID="20210609_134122926126_125">
		<MACROCLASSID>1</MACROCLASSID>
		<MACROCLASSINFO>waterbody</MACROCLASSINFO>
		<CLASSID>13</CLASSID>
		<CLASSINFO>C 1</CLASSINFO>
		<VALUES>[0.1537823277421529, 0.0010689119723649972, 0.1496623292095681, 0.002553279322450493, 0.15635828780581412, 0.004459775499108505, 0.15820167796488804, 0.012888980163547786, 0.0396530986963678, 0.014016668967174467, 0.019925426072667854, 0.007574276305494062]</VALUES>
		<LCS_MIN>[0.14999264478683472, 0.1406671404838562, 0.137620210647583, 0.13203413784503937, 0.020543770864605904, 0.008886910043656826]</LCS_MIN>
		<LCS_MAX>[0.15647894144058228, 0.15583260357379913, 0.16476567089557648, 0.19632001221179962, 0.0797513946890831, 0.04468847066164017]</LCS_MAX>
		<WAVELENGTH>[0.48, 0.56, 0.655, 0.865, 1.61, 2.2]</WAVELENGTH>
		<MEAN_VALUE>[0.1537823277421529, 0.1496623292095681, 0.15635828780581412, 0.15820167796488804, 0.0396530986963678, 0.019925426072667854]</MEAN_VALUE>
		<CHECKBOX>2</CHECKBOX>
		<SD>[0.0010689119723649972, 0.002553279322450493, 0.004459775499108505, 0.012888980163547786, 0.014016668967174467, 0.007574276305494062]</SD>
		<WAVELENGTH_UNIT>E-6m</WAVELENGTH_UNIT>
		<COLOR>#057ff0</COLOR>
		<COVARIANCE_MATRIX>[[1.1458560598511346e-06, 2.1742254542217326e-06, 3.5084851935336163e-06, -7.033821042970307e-06, -5.948265495104537e-06, -3.011935035667318e-06], [2.1742254542217326e-06, 6.5379687332189325e-06, 1.0450169089644603e-05, -2.2469050578362063e-05, -1.8737758754363498e-05, -9.168033135633054e-06], [3.5084851935336163e-06, 1.0450169089644603e-05, 1.9946751518260195e-05, -4.6172684472195066e-05, -4.725979419377153e-05, -2.3971312306215097e-05], [-7.033821042970307e-06, -2.2469050578362063e-05, -4.6172684472195066e-05, 0.00016660318267258144, 0.00014612636052070387, 7.514569793289152e-05], [-5.948265495104537e-06, -1.8737758754363498e-05, -4.725979419377153e-05, 0.00014612636052070387, 0.00019703156930585554, 0.00010390370564368995], [-3.011935035667318e-06, -9.168033135633054e-06, -2.3971312306215097e-05, 7.514569793289152e-05, 0.00010390370564368995, 5.753451690125604e-05]]</COVARIANCE_MATRIX>
		<ROI_SIZE>349</ROI_SIZE>
		<MAX_VALUE>[0.15647894144058228, 0.15583260357379913, 0.16476567089557648, 0.19632001221179962, 0.0797513946890831, 0.04468847066164017]</MAX_VALUE>
		<MIN_VALUE>[0.14999264478683472, 0.1406671404838562, 0.137620210647583, 0.13203413784503937, 0.020543770864605904, 0.008886910043656826]</MIN_VALUE>
		<SIGNATURE_THRESHOLD_MD>0</SIGNATURE_THRESHOLD_MD>
		<SIGNATURE_THRESHOLD_ML>0</SIGNATURE_THRESHOLD_ML>
		<SIGNATURE_THRESHOLD_SAM>0</SIGNATURE_THRESHOLD_SAM>
	</signature>
	<signature ID="20210609_134130025736_203">
		<MACROCLASSID>1</MACROCLASSID>
		<MACROCLASSINFO>waterbody</MACROCLASSINFO>
		<CLASSID>14</CLASSID>
		<CLASSINFO>C 1</CLASSINFO>
		<VALUES>[0.13602102476410405, 0.0018235059587254484, 0.12016566083658235, 0.003721367982490816, 0.0892946904221938, 0.003798134361543743, 0.0878072695449255, 0.009720931615900007, 0.024026451693295484, 0.0057942310566593885, 0.01119971111603624, 0.0036947633578654927]</VALUES>
		<LCS_MIN>[0.13203413784503937, 0.1079355999827385, 0.07984371483325958, 0.07469624280929565, 0.019805120304226875, 0.008725324645638466]</LCS_MIN>
		<LCS_MAX>[0.14216753840446472, 0.13138781487941742, 0.10221104323863983, 0.12504002451896667, 0.06839460134506226, 0.04487314447760582]</LCS_MAX>
		<WAVELENGTH>[0.48, 0.56, 0.655, 0.865, 1.61, 2.2]</WAVELENGTH>
		<MEAN_VALUE>[0.13602102476410405, 0.12016566083658235, 0.0892946904221938, 0.0878072695449255, 0.024026451693295484, 0.01119971111603624]</MEAN_VALUE>
		<CHECKBOX>2</CHECKBOX>
		<SD>[0.0018235059587254484, 0.003721367982490816, 0.003798134361543743, 0.009720931615900007, 0.0057942310566593885, 0.0036947633578654927]</SD>
		<WAVELENGTH_UNIT>E-6m</WAVELENGTH_UNIT>
		<COLOR>#6db170</COLOR>
		<COVARIANCE_MATRIX>[[2.106925082539967e-06, 3.8020064265684074e-06, 4.007378706342799e-06, 1.9481567431165476e-06, 9.272322495031456e-07, 9.084889186352897e-07], [3.8020064265684074e-06, 8.261346125952904e-06, 8.350538703165444e-06, 1.907953533284818e-06, 6.885327939434195e-07, 1.0348485355328382e-06], [4.007378706342799e-06, 8.350538703165444e-06, 8.811304674453998e-06, 4.489576566409651e-06, 2.242769688693178e-06, 2.0333048283383446e-06], [1.9481567431165476e-06, 1.907953533284818e-06, 4.489576566409651e-06, 9.385242253116467e-05, 4.011929747414209e-05, 2.0844710327454018e-05], [9.272322495031456e-07, 6.885327939434195e-07, 2.242769688693178e-06, 4.011929747414209e-05, 2.539776134815059e-05, 1.4730180856599887e-05], [9.084889186352897e-07, 1.0348485355328382e-06, 2.0333048283383446e-06, 2.0844710327454018e-05, 1.4730180856599887e-05, 9.175141217637132e-06]]</COVARIANCE_MATRIX>
		<ROI_SIZE>2924</ROI_SIZE>
		<MAX_VALUE>[0.14216753840446472, 0.13138781487941742, 0.10221104323863983, 0.12504002451896667, 0.06839460134506226, 0.04487314447760582]</MAX_VALUE>
		<MIN_VALUE>[0.13203413784503937, 0.1079355999827385, 0.07984371483325958, 0.07469624280929565, 0.019805120304226875, 0.008725324645638466]</MIN_VALUE>
		<SIGNATURE_THRESHOLD_MD>0</SIGNATURE_THRESHOLD_MD>
		<SIGNATURE_THRESHOLD_ML>0</SIGNATURE_THRESHOLD_ML>
		<SIGNATURE_THRESHOLD_SAM>0</SIGNATURE_THRESHOLD_SAM>
	</signature>
	<signature ID="20210609_134134353123_799">
		<MACROCLASSID>1</MACROCLASSID>
		<MACROCLASSINFO>waterbody</MACROCLASSINFO>
		<CLASSID>15</CLASSID>
		<CLASSINFO>C 1</CLASSINFO>
		<VALUES>[0.1390211573679453, 0.001477302305885855, 0.11577691291239357, 0.00340810718421296, 0.08007415014298329, 0.003388457808923865, 0.10010677888508769, 0.011676698954470507, 0.02888872249343109, 0.009241059254695925, 0.013435900105029413, 0.005269862541254104]</VALUES>
		<LCS_MIN>[0.13545040786266327, 0.10477325320243835, 0.07596580684185028, 0.08653776347637177, 0.016688929870724678, 0.006878696382045746]</LCS_MIN>
		<LCS_MAX>[0.14489130675792694, 0.12538626790046692, 0.09431669116020203, 0.13955916464328766, 0.07386524230241776, 0.041595373302698135]</LCS_MAX>
		<WAVELENGTH>[0.48, 0.56, 0.655, 0.865, 1.61, 2.2]</WAVELENGTH>
		<MEAN_VALUE>[0.1390211573679453, 0.11577691291239357, 0.08007415014298329, 0.10010677888508769, 0.02888872249343109, 0.013435900105029413]</MEAN_VALUE>
		<CHECKBOX>2</CHECKBOX>
		<SD>[0.001477302305885855, 0.00340810718421296, 0.003388457808923865, 0.011676698954470507, 0.009241059254695925, 0.005269862541254104]</SD>
		<WAVELENGTH_UNIT>E-6m</WAVELENGTH_UNIT>
		<COLOR>#3a0c80</COLOR>
		<COVARIANCE_MATRIX>[[2.1878510136795694e-06, 4.2929608652408005e-06, 1.5757568244895697e-06, 1.5115909437898562e-06, 3.3254534694384804e-06, 2.0844089702727434e-06], [4.2929608652408005e-06, 1.164408809793743e-05, 5.6757636322220575e-06, 1.1587739760014737e-06, 7.19950080945343e-06, 5.108021834707546e-06], [1.5757568244895697e-06, 5.6757636322220575e-06, 1.1510207632117884e-05, 1.8910724965199333e-05, 1.5148945658107456e-05, 9.101579629404235e-06], [1.5115909437898562e-06, 1.1587739760014737e-06, 1.8910724965199333e-05, 0.00013668446588246968, 8.879936984107994e-05, 4.61751695596501e-05], [3.3254534694384804e-06, 7.19950080945343e-06, 1.5148945658107456e-05, 8.879936984107994e-05, 8.56096069352413e-05, 4.726964489699349e-05], [2.0844089702727434e-06, 5.108021834707546e-06, 9.101579629404235e-06, 4.61751695596501e-05, 4.726964489699349e-05, 2.7840534415662654e-05]]</COVARIANCE_MATRIX>
		<ROI_SIZE>403</ROI_SIZE>
		<MAX_VALUE>[0.14489130675792694, 0.12538626790046692, 0.09431669116020203, 0.13955916464328766, 0.07386524230241776, 0.041595373302698135]</MAX_VALUE>
		<MIN_VALUE>[0.13545040786266327, 0.10477325320243835, 0.07596580684185028, 0.08653776347637177, 0.016688929870724678, 0.006878696382045746]</MIN_VALUE>
		<SIGNATURE_THRESHOLD_MD>0</SIGNATURE_THRESHOLD_MD>
		<SIGNATURE_THRESHOLD_ML>0</SIGNATURE_THRESHOLD_ML>
		<SIGNATURE_THRESHOLD_SAM>0</SIGNATURE_THRESHOLD_SAM>
	</signature>
	<signature ID="20210609_134139016439_525">
		<MACROCLASSID>1</MACROCLASSID>
		<MACROCLASSINFO>waterbody</MACROCLASSINFO>
		<CLASSID>16</CLASSID>
		<CLASSINFO>C 1</CLASSINFO>
		<VALUES>[0.1391523695181286, 0.0013112077348108543, 0.12546621683255713, 0.0031563880061347607, 0.09284190658539054, 0.0031632456759368975, 0.08990483459026084, 0.009421917459309046, 0.027455130371230627, 0.008803884499697195, 0.013531211431497927, 0.005919950052145522]</VALUES>
