<?xml version="1.0" ?>
<signaturelist MCID_LIST="[['1', 'waterbody', '#0000ff'], ['2', 'vegetation', '#00ff00'], ['3', 'bareland', '#ffaa00'], ['4', 'built-up', '#ff0000']]">
	<signature ID="20210211_104347451742_113">
		<MACROCLASSID>1</MACROCLASSID>
		<MACROCLASSINFO>waterbody</MACROCLASSINFO>
		<CLASSID>1</CLASSID>
		<CLASSINFO>C 1</CLASSINFO>
		<VALUES>[0.11925312539552178, 0.0034444251027070352, 0.10993142829760491, 0.0063176088552666185, 0.10227651806683513, 0.007547980128308283, 0.07063091533810074, 0.008022226044786654, 0.020746493985220868, 0.008648466461050485, 0.0128748536034482, 0.007361100496005085]</VALUES>
		<LCS_MIN>[0.11150277405977249, 0.09073998034000397, 0.08035899698734283, 0.05390196666121483, 0.0054435101337730885, 0.0]</LCS_MIN>
		<LCS_MAX>[0.12899728119373322, 0.12117425352334976, 0.11899425089359283, 0.09341859072446823, 0.04501964524388313, 0.03130676969885826]</LCS_MAX>
		<WAVELENGTH>[0.485, 0.56, 0.66, 0.83, 1.65, 2.215]</WAVELENGTH>
		<MEAN_VALUE>[0.11925312539552178, 0.10993142829760491, 0.10227651806683513, 0.07063091533810074, 0.020746493985220868, 0.0128748536034482]</MEAN_VALUE>
		<CHECKBOX>2</CHECKBOX>
		<SD>[0.0034444251027070352, 0.0063176088552666185, 0.007547980128308283, 0.008022226044786654, 0.008648466461050485, 0.007361100496005085]</SD>
		<WAVELENGTH_UNIT>E-6m</WAVELENGTH_UNIT>
		<COLOR>#894e81</COLOR>
		<COVARIANCE_MATRIX>[[9.473019128935886e-06, 1.2237916301082995e-05, 1.4318188251840927e-05, 6.530479117676648e-06, 4.4085132192311096e-06, 4.036417990763974e-06], [1.2237916301082995e-05, 3.3070655602843905e-05, 3.627089061284749e-05, 9.466441271297047e-06, 4.898297636357367e-06, 6.46383584396715e-06], [1.4318188251840927e-05, 3.627089061284749e-05, 5.370445776625575e-05, 1.1926437338692092e-05, 6.243067171515083e-06, 8.122258464542479e-06], [6.530479117676648e-06, 9.466441271297047e-06, 1.1926437338692092e-05, 5.597265538737426e-05, 4.221708973249089e-05, 3.141903028309217e-05], [4.4085132192311096e-06, 4.898297636357367e-06, 6.243067171515083e-06, 4.221708973249089e-05, 7.638728607633069e-05, 5.0927725310358766e-05], [4.036417990763974e-06, 6.46383584396715e-06, 8.122258464542479e-06, 3.141903028309217e-05, 5.0927725310358766e-05, 5.414953518666835e-05]]</COVARIANCE_MATRIX>
		<ROI_SIZE>409</ROI_SIZE>
		<MAX_VALUE>[0.12899728119373322, 0.12117425352334976, 0.11899425089359283, 0.09341859072446823, 0.04501964524388313, 0.03130676969885826]</MAX_VALUE>
		<MIN_VALUE>[0.11150277405977249, 0.09073998034000397, 0.08035899698734283, 0.05390196666121483, 0.0054435101337730885, 0.0]</MIN_VALUE>
		<SIGNATURE_THRESHOLD_MD>0</SIGNATURE_THRESHOLD_MD>
		<SIGNATURE_THRESHOLD_ML>0</SIGNATURE_THRESHOLD_ML>
		<SIGNATURE_THRESHOLD_SAM>0</SIGNATURE_THRESHOLD_SAM>
	</signature>
	<signature ID="20210211_104400374593_992">
		<MACROCLASSID>1</MACROCLASSID>
		<MACROCLASSINFO>waterbody</MACROCLASSINFO>
		<CLASSID>2</CLASSID>
		<CLASSINFO>C 1</CLASSINFO>
		<VALUES>[0.1238212159811711, 0.0036207374557552584, 0.11634816032303255, 0.007227812099420588, 0.10667219542521097, 0.00978298577004561, 0.06849844191100227, 0.007095785484174783, 0.01562957646236716, 0.006326072672092821, 0.008620976907689855, 0.005384189830272768]</VALUES>
		<LCS_MIN>[0.11150277405977249, 0.09454426914453506, 0.08387130498886108, 0.05390196666121483, 0.002616642974317074, 0.0]</LCS_MIN>
		<LCS_MAX>[0.13774451613426208, 0.13258710503578186, 0.12250656634569168, 0.08902785181999207, 0.036539044231176376, 0.03130676969885826]</LCS_MAX>
		<WAVELENGTH>[0.485, 0.56, 0.66, 0.83, 1.65, 2.215]</WAVELENGTH>
		<MEAN_VALUE>[0.1238212159811711, 0.11634816032303255, 0.10667219542521097, 0.06849844191100227, 0.01562957646236716, 0.008620976907689855]</MEAN_VALUE>
		<CHECKBOX>2</CHECKBOX>
		<SD>[0.0036207374557552584, 0.007227812099420588, 0.00978298577004561, 0.007095785484174783, 0.006326072672092821, 0.005384189830272768]</SD>
		<WAVELENGTH_UNIT>E-6m</WAVELENGTH_UNIT>
		<COLOR>#b0ea98</COLOR>
		<COVARIANCE_MATRIX>[[1.6575269888338186e-05, 1.5199340130127552e-05, 1.4896872645907635e-05, 3.715607116600708e-06, 2.5347617521452255e-06, 2.743327170799761e-06], [1.5199340130127552e-05, 3.747778368054596e-05, 3.855750912921596e-05, 3.4496400834026983e-06, -2.932346014247789e-06, -9.56607105149045e-07], [1.4896872645907635e-05, 3.855750912921596e-05, 5.3487618210937e-05, 3.5932067570595884e-06, -4.359284177171637e-06, -1.3613670791393927e-06], [3.715607116600708e-06, 3.4496400834026983e-06, 3.5932067570595884e-06, 3.920132066388259e-05, 2.2248201532722867e-05, 1.3976571460867033e-05], [2.5347617521452255e-06, -2.932346014247789e-06, -4.359284177171637e-06, 2.2248201532722867e-05, 3.20901442905248e-05, 1.7036130447605928e-05], [2.743327170799761e-06, -9.56607105149045e-07, -1.3613670791393927e-06, 1.3976571460867033e-05, 1.7036130447605928e-05, 2.4576252246530707e-05]]</COVARIANCE_MATRIX>
		<ROI_SIZE>2192</ROI_SIZE>
		<MAX_VALUE>[0.13774451613426208, 0.13258710503578186, 0.12250656634569168, 0.08902785181999207, 0.036539044231176376, 0.03130676969885826]</MAX_VALUE>
		<MIN_VALUE>[0.11150277405977249, 0.09454426914453506, 0.08387130498886108, 0.05390196666121483, 0.002616642974317074, 0.0]</MIN_VALUE>
		<SIGNATURE_THRESHOLD_MD>0</SIGNATURE_THRESHOLD_MD>
		<SIGNATURE_THRESHOLD_ML>0</SIGNATURE_THRESHOLD_ML>
		<SIGNATURE_THRESHOLD_SAM>0</SIGNATURE_THRESHOLD_SAM>
	</signature>
	<signature ID="20210211_104418956423_384">
		<MACROCLASSID>1</MACROCLASSID>
		<MACROCLASSINFO>waterbody</MACROCLASSINFO>
		<CLASSID>3</CLASSID>
		<CLASSINFO>C 1</CLASSINFO>
		<VALUES>[0.12124329794457545, 0.0028033602041355812, 0.12060291543875852, 0.0036027525559620206, 0.11160943084038219, 0.003937657805989481, 0.06893983458752169, 0.0059936487939159745, 0.015901882766026172, 0.006148219828614507, 0.009171221624452606, 0.005921555513403481]</VALUES>
		<LCS_MIN>[0.11500166356563568, 0.10595712065696716, 0.0908958837389946, 0.05829270929098129, 0.0054435101337730885, 0.0]</LCS_MIN>
		<LCS_MAX>[0.1342456340789795, 0.13639137148857117, 0.12601885199546814, 0.09341859072446823, 0.03936591371893883, 0.03130676969885826]</LCS_MAX>
		<WAVELENGTH>[0.485, 0.56, 0.66, 0.83, 1.65, 2.215]</WAVELENGTH>
		<MEAN_VALUE>[0.12124329794457545, 0.12060291543875852, 0.11160943084038219, 0.06893983458752169, 0.015901882766026172, 0.009171221624452606]</MEAN_VALUE>
		<CHECKBOX>2</CHECKBOX>
		<SD>[0.0028033602041355812, 0.0036027525559620206, 0.003937657805989481, 0.0059936487939159745, 0.006148219828614507, 0.005921555513403481]</SD>
		<WAVELENGTH_UNIT>E-6m</WAVELENGTH_UNIT>
		<COLOR>#2013a0</COLOR>
		<COVARIANCE_MATRIX>[[6.070844867674176e-06, 4.719265348929519e-06, 5.641110239988137e-06, 2.74155026200541e-07, 9.305611629614677e-07, 1.7337677416020613e-06], [4.719265348929519e-06, 1.5551044306018138e-05, 1.2675048138965861e-05, -4.729235080317394e-06, -4.006697535359528e-06, -1.3246381136114376e-06], [5.641110239988137e-06, 1.2675048138965861e-05, 1.9698844677194048e-05, -4.406636329970483e-06, -3.742123788545656e-06, -8.812064745323484e-07], [2.74155026200541e-07, -4.729235080317394e-06, -4.406636329970483e-06, 3.686985887094018e-05, 2.623287521104725e-05, 1.9386304258537138e-05], [9.305611629614677e-07, -4.006697535359528e-06, -3.742123788545656e-06, 2.623287521104725e-05, 4.036058671597742e-05, 2.6007550714146263e-05], [1.7337677416020613e-06, -1.3246381136114376e-06, -8.812064745323484e-07, 1.9386304258537138e-05, 2.6007550714146263e-05, 3.217188203001183e-05]]</COVARIANCE_MATRIX>
		<ROI_SIZE>2192</ROI_SIZE>
		<MAX_VALUE>[0.1342456340789795, 0.13639137148857117, 0.12601885199546814, 0.09341859072446823, 0.03936591371893883, 0.03130676969885826]</MAX_VALUE>
		<MIN_VALUE>[0.11500166356563568, 0.10595712065696716, 0.0908958837389946, 0.05829270929098129, 0.0054435101337730885, 0.0]</MIN_VALUE>
		<SIGNATURE_THRESHOLD_MD>0</SIGNATURE_THRESHOLD_MD>
		<SIGNATURE_THRESHOLD_ML>0</SIGNATURE_THRESHOLD_ML>
		<SIGNATURE_THRESHOLD_SAM>0</SIGNATURE_THRESHOLD_SAM>
	</signature>
	<signature ID="20210211_104435452834_109">
		<MACROCLASSID>1</MACROCLASSID>
		<MACROCLASSINFO>waterbody</MACROCLASSINFO>
		<CLASSID>4</CLASSID>
		<CLASSINFO>C 1</CLASSINFO>
		<VALUES>[0.11368958093225956, 0.0033308501784848014, 0.09608975984156133, 0.0068489881114649825, 0.08387130056507887, 0.008558408422724633, 0.13279799744486817, 0.021213558587067777, 0.08998450229410082, 0.020425941276534552, 0.05655262270011007, 0.014089857205440873]</VALUES>
		<LCS_MIN>[0.10625442117452621, 0.07932714372873306, 0.06279751658439636, 0.0978093221783638, 0.05350024625658989, 0.03130676969885826]</LCS_MIN>
		<LCS_MAX>[0.12199947983026505, 0.10976140201091766, 0.10494507849216461, 0.16806109249591827, 0.13265252113342285, 0.08002238720655441]</LCS_MAX>
		<WAVELENGTH>[0.485, 0.56, 0.66, 0.83, 1.65, 2.215]</WAVELENGTH>
		<MEAN_VALUE>[0.11368958093225956, 0.09608975984156133, 0.08387130056507887, 0.13279799744486817, 0.08998450229410082, 0.05655262270011007]</MEAN_VALUE>
		<CHECKBOX>2</CHECKBOX>
		<SD>[0.0033308501784848014, 0.0068489881114649825, 0.008558408422724633, 0.021213558587067777, 0.020425941276534552, 0.014089857205440873]</SD>
		<WAVELENGTH_UNIT>E-6m</WAVELENGTH_UNIT>
		<COLOR>#c040db</COLOR>
		<COVARIANCE_MATRIX>[[1.1452452037690042e-05, 1.905375073824582e-05, 2.3983690769714995e-05, 2.0380419037189304e-05, 2.1177739738978095e-05, 2.8007555880338767e-05], [1.905375073824582e-05, 4.842182002682701e-05, 5.603322738377458e-05, 3.470378034166377e-05, 6.217275424714135e-05, 6.484302382942356e-05], [2.3983690769714995e-05, 5.603322738377458e-05, 7.560914036662079e-05, 5.621407626908759e-05, 7.526664281901631e-05, 7.865249580361322e-05], [2.0380419037189304e-05, 3.470378034166377e-05, 5.621407626908759e-05, 0.0004645316830213752, 0.0003390910456661096, 0.00018527356742425107], [2.1177739738978095e-05, 6.217275424714135e-05, 7.526664281901631e-05, 0.0003390910456661096, 0.0004306777569367104, 0.00022087923308598378], [2.8007555880338767e-05, 6.484302382942356e-05, 7.865249580361322e-05, 0.00018527356742425107, 0.00022087923308598378, 0.00020492807852357583]]</COVARIANCE_MATRIX>
		<ROI_SIZE>32</ROI_SIZE>
		<MAX_VALUE>[0.12199947983026505, 0.10976140201091766, 0.10494507849216461, 0.16806109249591827, 0.13265252113342285, 0.08002238720655441]</MAX_VALUE>
		<MIN_VALUE>[0.10625442117452621, 0.07932714372873306, 0.06279751658439636, 0.0978093221783638, 0.05350024625658989, 0.03130676969885826]</MIN_VALUE>
		<SIGNATURE_THRESHOLD_MD>0</SIGNATURE_THRESHOLD_MD>
		<SIGNATURE_THRESHOLD_ML>0</SIGNATURE_THRESHOLD_ML>
		<SIGNATURE_THRESHOLD_SAM>0</SIGNATURE_THRESHOLD_SAM>
	</signature>
	<signature ID="20210211_104452303717_105">
		<MACROCLASSID>1</MACROCLASSID>
		<MACROCLASSINFO>waterbody</MACROCLASSINFO>
		<CLASSID>5</CLASSID>
		<CLASSINFO>C 1</CLASSINFO>
		<VALUES>[0.12558464773305483, 0.008010770722045667, 0.11862069145865642, 0.015682361012946774, 0.10825529445524086, 0.019692379838679358, 0.08344620512160533, 0.01552299507378242, 0.02842245329783796, 0.012421082454717437, 0.017729662340899836, 0.009843410339716738]</VALUES>
		<LCS_MIN>[0.10625442117452621, 0.07552286237478256, 0.06279751658439636, 0.05390196666121483, 0.008270377293229103, 0.0]</LCS_MIN>
		<LCS_MAX>[0.14649178087711334, 0.14780423045158386, 0.1435803472995758, 0.124153733253479, 0.0648077130317688, 0.051604945212602615]</LCS_MAX>
		<WAVELENGTH>[0.485, 0.56, 0.66, 0.83, 1.65, 2.215]</WAVELENGTH>
		<MEAN_VALUE>[0.12558464773305483, 0.11862069145865642, 0.10825529445524086, 0.08344620512160533, 0.02842245329783796, 0.017729662340899836]</MEAN_VALUE>
		<CHECKBOX>2</CHECKBOX>
		<SD>[0.008010770722045667, 0.015682361012946774, 0.019692379838679358, 0.01552299507378242, 0.012421082454717437, 0.009843410339716738]</SD>
		<WAVELENGTH_UNIT>E-6m</WAVELENGTH_UNIT>
		<COLOR>#2fdcc8</COLOR>
		<COVARIANCE_MATRIX>[[4.6469365102538546e-05, 7.310071120215941e-05, 8.872468833231301e-05, 3.477833398071582e-05, 2.8817708492588367e-05, 2.8710299804937106e-05], [7.310071120215941e-05, 0.0001542821546760322, 0.0001881353038805173, 2.685435819757006e-05, 1.3903271739475559e-05, 2.639478284799598e-05], [8.872468833231301e-05, 0.0001881353038805173, 0.00024308092778747118, 2.912656538314288e-05, 1.477918800211208e-05, 3.259982902657488e-05], [3.477833398071582e-05, 2.685435819757006e-05, 2.912656538314288e-05, 0.00020205099080438705, 0.00015400130524901705, 0.0001103737365914498], [2.8817708492588367e-05, 1.3903271739475559e-05, 1.477918800211208e-05, 0.00015400130524901705, 0.00016712700791136044, 0.00012061571574990777], [2.8710299804937106e-05, 2.639478284799598e-05, 3.259982902657488e-05, 0.0001103737365914498, 0.00012061571574990777, 0.00010980433326008078]]</COVARIANCE_MATRIX>
		<ROI_SIZE>886</ROI_SIZE>
		<MAX_VALUE>[0.14649178087711334, 0.14780423045158386, 0.1435803472995758, 0.124153733253479, 0.0648077130317688, 0.051604945212602615]</MAX_VALUE>
		<MIN_VALUE>[0.10625442117452621, 0.07552286237478256, 0.06279751658439636, 0.05390196666121483, 0.008270377293229103, 0.0]</MIN_VALUE>
		<SIGNATURE_THRESHOLD_MD>0</SIGNATURE_THRESHOLD_MD>
		<SIGNATURE_THRESHOLD_ML>0</SIGNATURE_THRESHOLD_ML>
		<SIGNATURE_THRESHOLD_SAM>0</SIGNATURE_THRESHOLD_SAM>
	</signature>
	<signature ID="20210211_104513100766_272">
		<MACROCLASSID>1</MACROCLASSID>
		<MACROCLASSINFO>waterbody</MACROCLASSINFO>
		<CLASSID>6</CLASSID>
		<CLASSINFO>C 1</CLASSINFO>
		<VALUES>[0.1047276253050024, 0.0031126564274332373, 0.08050301223993302, 0.005224872890605825, 0.0580080204389312, 0.007676487790482649, 0.07226322665810586, 0.019295470127161964, 0.03078251750293103, 0.013508472808571356, 0.017061141002076594, 0.010266439918504162]</VALUES>
		<LCS_MIN>[0.09925661236047745, 0.07552286237478256, 0.04874832555651665, 0.045120496302843094, 0.013924111612141132, 0.0028893251437693834]</LCS_MIN>
		<LCS_MAX>[0.11325221508741379, 0.09834855794906616, 0.07684670388698578, 0.10659080743789673, 0.06763458997011185, 0.043485675007104874]</LCS_MAX>
		<WAVELENGTH>[0.485, 0.56, 0.66, 0.83, 1.65, 2.215]</WAVELENGTH>
		<MEAN_VALUE>[0.1047276253050024, 0.08050301223993302, 0.0580080204389312, 0.07226322665810586, 0.03078251750293103, 0.017061141002076594]</MEAN_VALUE>
		<CHECKBOX>2</CHECKBOX>
		<SD>[0.0031126564274332373, 0.005224872890605825, 0.007676487790482649, 0.019295470127161964, 0.013508472808571356, 0.010266439918504162]</SD>
		<WAVELENGTH_UNIT>E-6m</WAVELENGTH_UNIT>
		<COLOR>#13cedb</COLOR>
		<COVARIANCE_MATRIX>[[9.868049109968179e-06, 1.4030126221034499e-05, 2.0885417114534936e-05, 3.296269501027921e-05, 2.3010584422054348e-05, 2.3747914292934312e-05], [1.4030126221034499e-05, 2.7804839254894818e-05, 3.617124161507864e-05, 5.8743747588008246e-05, 3.7961931294617125e-05, 4.051316188978328e-05], [2.0885417114534936e-05, 3.617124161507864e-05, 6.001973266404827e-05, 0.00010299220538073158, 7.102266564521499e-05, 6.517209611238092e-05], [3.296269501027921e-05, 5.8743747588008246e-05, 0.00010299220538073158, 0.000379209892750944, 0.00022579854476835896, 0.00017002561898205496], [2.3010584422054348e-05, 3.7961931294617125e-05, 7.102266564521499e-05, 0.00022579854476835896, 0.0001858580753536137, 0.00011943203069292772], [2.3747914292934312e-05, 4.051316188978328e-05, 6.517209611238092e-05, 0.00017002561898205496, 0.00011943203069292772, 0.00010735163653729748]]</COVARIANCE_MATRIX>
		<ROI_SIZE>55</ROI_SIZE>
		<MAX_VALUE>[0.11325221508741379, 0.09834855794906616, 0.07684670388698578, 0.10659080743789673, 0.06763458997011185, 0.043485675007104874]</MAX_VALUE>
		<MIN_VALUE>[0.09925661236047745, 0.07552286237478256, 0.04874832555651665, 0.045120496302843094, 0.013924111612141132, 0.0028893251437693834]</MIN_VALUE>
		<SIGNATURE_THRESHOLD_MD>0</SIGNATURE_THRESHOLD_MD>
		<SIGNATURE_THRESHOLD_ML>0</SIGNATURE_THRESHOLD_ML>
		<SIGNATURE_THRESHOLD_SAM>0</SIGNATURE_THRESHOLD_SAM>
	</signature>
	<signature ID="20210211_104526883726_349">
		<MACROCLASSID>1</MACROCLASSID>
		<MACROCLASSINFO>waterbody</MACROCLASSINFO>
		<CLASSID>7</CLASSID>
		<CLASSINFO>C 1</CLASSINFO>
		<VALUES>[0.10810313072610413, 0.0036254820290090653, 0.08210615787311652, 0.005710996204941265, 0.05794008377384631, 0.007899938021963978, 0.06053478149234827, 0.014619741369892863, 0.026494646976629243, 0.012791102327852069, 0.016191107062424753, 0.009743439821225651]</VALUES>
		<LCS_MIN>[0.09925661236047745, 0.07171857357025146, 0.04523602873086929, 0.03194829076528549, 0.002616642974317074, 0.0028893251437693834]</LCS_MIN>
		<LCS_MAX>[0.11850056797266006, 0.09834855794906616, 0.08035899698734283, 0.08902785181999207, 0.0648077130317688, 0.047545310109853745]</LCS_MAX>
		<WAVELENGTH>[0.485, 0.56, 0.66, 0.83, 1.65, 2.215]</WAVELENGTH>
		<MEAN_VALUE>[0.10810313072610413, 0.08210615787311652, 0.05794008377384631, 0.06053478149234827, 0.026494646976629243, 0.016191107062424753]</MEAN_VALUE>
		<CHECKBOX>2</CHECKBOX>
		<SD>[0.0036254820290090653, 0.005710996204941265, 0.007899938021963978, 0.014619741369892863, 0.012791102327852069, 0.009743439821225651]</SD>
		<WAVELENGTH_UNIT>E-6m</WAVELENGTH_UNIT>
		<COLOR>#c8ff25</COLOR>
		<COVARIANCE_MATRIX>[[1.3238006513686737e-05, 1.626560964181304e-05, 2.1289414490222254e-05, 2.446597667363401e-05, 2.159843721904723e-05, 1.9164945117836215e-05], [1.626560964181304e-05, 3.284844535037397e-05, 3.898264729329983e-05, 4.419342567472202e-05, 3.794530158387077e-05, 3.469498858667312e-05], [2.1289414490222254e-05, 3.898264729329983e-05, 6.285479947052124e-05, 6.857910674291971e-05, 5.7454241244680024e-05, 5.203755321944184e-05], [2.446597667363401e-05, 4.419342567472202e-05, 6.857910674291971e-05, 0.00021526352942057497, 0.0001522095086516014, 0.00010097548900203807], [2.159843721904723e-05, 3.794530158387077e-05, 5.7454241244680024e-05, 0.0001522095086516014, 0.00016478095803845104, 0.00010661037777138821], [1.9164945117836215e-05, 3.469498858667312e-05, 5.203755321944184e-05, 0.00010097548900203807, 0.00010661037777138821, 9.561272397520177e-05]]</COVARIANCE_MATRIX>
		<ROI_SIZE>141</ROI_SIZE>
		<MAX_VALUE>[0.11850056797266006, 0.09834855794906616, 0.08035899698734283, 0.08902785181999207, 0.0648077130317688, 0.047545310109853745]</MAX_VALUE>
		<MIN_VALUE>[0.09925661236047745, 0.07171857357025146, 0.04523602873086929, 0.03194829076528549, 0.002616642974317074, 0.0028893251437693834]</MIN_VALUE>
		<SIGNATURE_THRESHOLD_MD>0</SIGNATURE_THRESHOLD_MD>
		<SIGNATURE_THRESHOLD_ML>0</SIGNATURE_THRESHOLD_ML>
		<SIGNATURE_THRESHOLD_SAM>0</SIGNATURE_THRESHOLD_SAM>
	</signature>
	<signature ID="20210211_104544194590_314">
		<MACROCLASSID>1</MACROCLASSID>
		<MACROCLASSINFO>waterbody</MACROCLASSINFO>
		<CLASSID>8</CLASSID>
		<CLASSINFO>C 1</CLASSINFO>
		<VALUES>[0.11472014560439116, 0.0030199422468139016, 0.1101658828984731, 0.004949546082426158, 0.09425679115771218, 0.006101960723454297, 0.06393252905115651, 0.01352667781324631, 0.02112124936558819, 0.013144611306251996, 0.013988476130849118, 0.011177808314914705]</VALUES>
		<LCS_MIN>[0.09750716388225555, 0.07932714372873306, 0.055772919207811356, 0.04951123520731926, 0.0054435101337730885, 0.0]</LCS_MIN>
		<LCS_MAX>[0.12374893575906754, 0.12497852742671967, 0.11196967214345932, 0.10659080743789673, 0.0648077130317688, 0.05566457659006119]</LCS_MAX>
		<WAVELENGTH>[0.485, 0.56, 0.66, 0.83, 1.65, 2.215]</WAVELENGTH>
		<MEAN_VALUE>[0.11472014560439116, 0.1101658828984731, 0.09425679115771218, 0.06393252905115651, 0.02112124936558819, 0.013988476130849118]</MEAN_VALUE>
		<CHECKBOX>2</CHECKBOX>
		<SD>[0.0030199422468139016, 0.004949546082426158, 0.006101960723454297, 0.01352667781324631, 0.013144611306251996, 0.011177808314914705]</SD>
		<WAVELENGTH_UNIT>E-6m</WAVELENGTH_UNIT>
		<COLOR>#ec1213</COLOR>
		<COVARIANCE_MATRIX>[[1.3313307587102465e-05, 1.8836975603742135e-05, 2.1617483799011273e-05, -1.4814984684778622e-06, 3.891825010498695e-06, 7.300644506120606e-06], [1.8836975603742135e-05, 4.456190809565174e-05, 4.259302114117141e-05, -1.9383675577965315e-05, -6.8760056367062014e-06, 1.4137474154491586e-06], [2.1617483799011273e-05, 4.259302114117141e-05, 5.4507577208282444e-05, -4.4182157805356284e-06, 9.112420116643454e-06, 1.67336879509634e-05], [-1.4814984684778622e-06, -1.9383675577965315e-05, -4.4182157805356284e-06, 0.00015853644629561326, 0.00013291499350922387, 0.00010364206218523971], [3.891825010498695e-06, -6.8760056367062014e-06, 9.112420116643454e-06, 0.00013291499350922387, 0.00015369271197936604, 0.00011763619656644928], [7.300644506120606e-06, 1.4137474154491586e-06, 1.67336879509634e-05, 0.00010364206218523971, 0.00011763619656644928, 0.00011371195543448363]]</COVARIANCE_MATRIX>
		<ROI_SIZE>3299</ROI_SIZE>
		<MAX_VALUE>[0.12374893575906754, 0.12497852742671967, 0.11196967214345932, 0.10659080743789673, 0.0648077130317688, 0.05566457659006119]</MAX_VALUE>
		<MIN_VALUE>[0.09750716388225555, 0.07932714372873306, 0.055772919207811356, 0.04951123520731926, 0.0054435101337730885, 0.0]</MIN_VALUE>
		<SIGNATURE_THRESHOLD_MD>0</SIGNATURE_THRESHOLD_MD>
		<SIGNATURE_THRESHOLD_ML>0</SIGNATURE_THRESHOLD_ML>
		<SIGNATURE_THRESHOLD_SAM>0</SIGNATURE_THRESHOLD_SAM>
	</signature>
	<signature ID="20210211_104743921776_565">
		<MACROCLASSID>1</MACROCLASSID>
		<MACROCLASSINFO>waterbody</MACROCLASSINFO>
		<CLASSID>9</CLASSID>
		<CLASSINFO>C 1</CLASSINFO>
		<VALUES>[0.11012039636261765, 0.0025317902066868854, 0.09462918610578133, 0.00362057663648421, 0.06900675757788122, 0.005392062856309909, 0.07189614340729478, 0.01932636051892055, 0.036160447959056395, 0.017315056115108206, 0.022299453733597013, 0.012377491690114538]</VALUES>
		<LCS_MIN>[0.10275551676750183, 0.08313143253326416, 0.055772919207811356, 0.04072976112365723, 0.008270377293229103, 0.0028893251437693834]</LCS_MIN>
		<LCS_MAX>[0.12025000900030136, 0.10976140201091766, 0.0908958837389946, 0.11537226289510727, 0.08742265403270721, 0.07190312445163727]</LCS_MAX>
		<WAVELENGTH>[0.485, 0.56, 0.66, 0.83, 1.65, 2.215]</WAVELENGTH>
		<MEAN_VALUE>[0.11012039636261765, 0.09462918610578133, 0.06900675757788122, 0.07189614340729478, 0.036160447959056395, 0.022299453733597013]</MEAN_VALUE>
		<CHECKBOX>2</CHECKBOX>
		<SD>[0.0025317902066868854, 0.00362057663648421, 0.005392062856309909, 0.01932636051892055, 0.017315056115108206, 0.012377491690114538]</SD>
		<WAVELENGTH_UNIT>E-6m</WAVELENGTH_UNIT>
		<COLOR>#1f9245</COLOR>
		<COVARIANCE_MATRIX>[[7.406317002466704e-06, 6.217567506119252e-06, 8.207648404661699e-06, 7.701334782329007e-06, 1.3911456080049828e-05, 1.068260005962284e-05], [6.217567506119252e-06, 1.4412087554151638e-05, 1.3078083130030177e-05, 1.8169693709471043e-05, 2.6359051960231575e-05, 2.1368175937356988e-05], [8.207648404661699e-06, 1.3078083130030177e-05, 2.9058694726427423e-05, 4.685200401101718e-05, 5.562694043783099e-05, 4.1752685624036965e-05], [7.701334782329007e-06, 1.8169693709471043e-05, 4.685200401101718e-05, 0.0003729056365907413, 0.00028456056046048157, 0.00017572889842474288], [1.3911456080049828e-05, 2.6359051960231575e-05, 5.562694043783099e-05, 0.00028456056046048157, 0.00030944929708464004, 0.00018970722023030226], [1.068260005962284e-05, 2.1368175937356988e-05, 4.1752685624036965e-05, 0.00017572889842474288, 0.00018970722023030226, 0.0001480460939146627]]</COVARIANCE_MATRIX>
		<ROI_SIZE>405</ROI_SIZE>
		<MAX_VALUE>[0.12025000900030136, 0.10976140201091766, 0.0908958837389946, 0.11537226289510727, 0.08742265403270721, 0.07190312445163727]</MAX_VALUE>
		<MIN_VALUE>[0.10275551676750183, 0.08313143253326416, 0.055772919207811356, 0.04072976112365723, 0.008270377293229103, 0.0028893251437693834]</MIN_VALUE>
		<SIGNATURE_THRESHOLD_MD>0</SIGNATURE_THRESHOLD_MD>
		<SIGNATURE_THRESHOLD_ML>0</SIGNATURE_THRESHOLD_ML>
		<SIGNATURE_THRESHOLD_SAM>0</SIGNATURE_THRESHOLD_SAM>
	</signature>
	<signature ID="20210211_105057150011_824">
		<MACROCLASSID>1</MACROCLASSID>
		<MACROCLASSINFO>waterbody</MACROCLASSINFO>
		<CLASSID>10</CLASSID>
		<CLASSINFO>C 1</CLASSINFO>
		<VALUES>[0.11425441473572696, 0.003329277455750635, 0.0984059041319181, 0.005037683391757939, 0.07142824088059477, 0.006115932701978963, 0.06877310310101989, 0.02065826455466424, 0.033428072225040344, 0.017345124335077913, 0.01867042191036457, 0.010801808780528917]</VALUES>
		<LCS_MIN>[0.10450496524572372, 0.08313143253326416, 0.055772919207811356, 0.03633902594447136, 0.002616642974317074, 0.0]</LCS_MIN>
		<LCS_MAX>[0.12374893575906754, 0.12117425352334976, 0.10494507849216461, 0.11976300179958344, 0.07894205302000046, 0.051604945212602615]</LCS_MAX>
		<WAVELENGTH>[0.485, 0.56, 0.66, 0.83, 1.65, 2.215]</WAVELENGTH>
		<MEAN_VALUE>[0.11425441473572696, 0.0984059041319181, 0.07142824088059477, 0.06877310310101989, 0.033428072225040344, 0.01867042191036457]</MEAN_VALUE>
		<CHECKBOX>2</CHECKBOX>
		<SD>[0.003329277455750635, 0.005037683391757939, 0.006115932701978963, 0.02065826455466424, 0.017345124335077913, 0.010801808780528917]</SD>
		<WAVELENGTH_UNIT>E-6m</WAVELENGTH_UNIT>
		<COLOR>#e32eb4</COLOR>
		<COVARIANCE_MATRIX>[[1.21685921097525e-05, 1.1441853406283988e-05, 1.075109169630411e-05, -7.850454633656518e-06, -4.7405412603065515e-07, 5.613480974780687e-06], [1.1441853406283988e-05, 2.7957177675019432e-05, 1.6739124115394852e-05, -1.1694994245502535e-05, 6.712457218034506e-07, 5.4414271365570464e-06], [1.075109169630411e-05, 1.6739124115394852e-05, 3.096105723160538e-05, 2.563539984906889e-05, 2.878468856691416e-05, 2.526083190511406e-05], [-7.850454633656518e-06, -1.1694994245502535e-05, 2.563539984906889e-05, 0.00043406929277836756, 0.0002857832750499913, 0.0001644339087650065], [-4.7405412603065515e-07, 6.712457218034506e-07, 2.878468856691416e-05, 0.0002857832750499913, 0.0002918011187545448, 0.0001686818408451454], [5.613480974780687e-06, 5.4414271365570464e-06, 2.526083190511406e-05, 0.0001644339087650065, 0.0001686818408451454, 0.00012083572830679151]]</COVARIANCE_MATRIX>
		<ROI_SIZE>322</ROI_SIZE>
		<MAX_VALUE>[0.12374893575906754, 0.12117425352334976, 0.10494507849216461, 0.11976300179958344, 0.07894205302000046, 0.051604945212602615]</MAX_VALUE>
		<MIN_VALUE>[0.10450496524572372, 0.08313143253326416, 0.055772919207811356, 0.03633902594447136, 0.002616642974317074, 0.0]</MIN_VALUE>
		<SIGNATURE_THRESHOLD_MD>0</SIGNATURE_THRESHOLD_MD>
		<SIGNATURE_THRESHOLD_ML>0</SIGNATURE_THRESHOLD_ML>
		<SIGNATURE_THRESHOLD_SAM>0</SIGNATURE_THRESHOLD_SAM>
	</signature>
	<signature ID="20210211_110244515388_451">
		<MACROCLASSID>1</MACROCLASSID>
		<MACROCLASSINFO>waterbody</MACROCLASSINFO>
		<CLASSID>11</CLASSID>
		<CLASSINFO>C 1</CLASSINFO>
		<VALUES>[0.11883154308535698, 0.003531290782919578, 0.11177031940581154, 0.004621577414349956, 0.11724176040991927, 0.00636621648114151, 0.10855339120554573, 0.010381304122403184, 0.023703542749035387, 0.012622049311771277, 0.013874617120127138, 0.009139634446268544]</VALUES>
		<LCS_MIN>[0.11150277405977249, 0.09073998034000397, 0.08387130498886108, 0.0846371129155159, 0.008270377293229103, 0.0]</LCS_MIN>
		<LCS_MAX>[0.1324961632490158, 0.12878282368183136, 0.13304345309734344, 0.14610742032527924, 0.061980850994586945, 0.05566457659006119]</LCS_MAX>
		<WAVELENGTH>[0.485, 0.56, 0.66, 0.83, 1.65, 2.215]</WAVELENGTH>
		<MEAN_VALUE>[0.11883154308535698, 0.11177031940581154, 0.11724176040991927, 0.10855339120554573, 0.023703542749035387, 0.013874617120127138]</MEAN_VALUE>
		<CHECKBOX>2</CHECKBOX>
		<SD>[0.003531290782919578, 0.004621577414349956, 0.00636621648114151, 0.010381304122403184, 0.012622049311771277, 0.009139634446268544]</SD>
		<WAVELENGTH_UNIT>E-6m</WAVELENGTH_UNIT>
		<COLOR>#c19879</COLOR>
		<COVARIANCE_MATRIX>[[1.225392595236595e-05, 1.1134427503493172e-05, 1.0199336930521078e-05, 3.560293927036368e-06, 4.4006095369709265e-06, 4.835346780388815e-06], [1.1134427503493172e-05, 2.379828446242565e-05, 2.3907037769029434e-05, -2.841761047341132e-06, -9.93421585694693e-06, -3.122478895509497e-06], [1.0199336930521078e-05, 2.3907037769029434e-05, 4.659367191119593e-05, -2.0133514676392744e-05, -3.706148311765599e-05, -1.932437717968067e-05], [3.560293927036368e-06, -2.841761047341132e-06, -2.0133514676392744e-05, 0.00010032084853753112, 9.381093146527444e-05, 5.681401587115696e-05], [4.4006095369709265e-06, -9.93421585694693e-06, -3.706148311765599e-05, 9.381093146527444e-05, 0.0001534445605156768, 9.788236866606046e-05], [4.835346780388815e-06, -3.122478895509497e-06, -1.932437717968067e-05, 5.681401587115696e-05, 9.788236866606046e-05, 8.342042841551079e-05]]</COVARIANCE_MATRIX>
		<ROI_SIZE>2100</ROI_SIZE>
		<MAX_VALUE>[0.1324961632490158, 0.12878282368183136, 0.13304345309734344, 0.14610742032527924, 0.061980850994586945, 0.05566457659006119]</MAX_VALUE>
		<MIN_VALUE>[0.11150277405977249, 0.09073998034000397, 0.08387130498886108, 0.0846371129155159, 0.008270377293229103, 0.0]</MIN_VALUE>
		<SIGNATURE_THRESHOLD_MD>0</SIGNATURE_THRESHOLD_MD>
		<SIGNATURE_THRESHOLD_ML>0</SIGNATURE_THRESHOLD_ML>
		<SIGNATURE_THRESHOLD_SAM>0</SIGNATURE_THRESHOLD_SAM>
	</signature>
	<signature ID="20210211_110255463232_183">
		<MACROCLASSID>1</MACROCLASSID>
		<MACROCLASSINFO>waterbody</MACROCLASSINFO>
		<CLASSID>12</CLASSID>
		<CLASSINFO>C 1</CLASSINFO>
		<VALUES>[0.11829496829364546, 0.0035365817132014766, 0.11391522934357834, 0.005840465328585503, 0.11921190317624662, 0.008083964140181824, 0.10692854185835417, 0.011738899949124488, 0.02312350922172615, 0.012703264899225365, 0.013499640873096016, 0.009471878217745788]</VALUES>
		<LCS_MIN>[0.10800386965274811, 0.08313143253326416, 0.07333441823720932, 0.0714649111032486, 0.0054435101337730885, 0.0]</LCS_MIN>
		<LCS_MAX>[0.13949397206306458, 0.13639137148857117, 0.14709264039993286, 0.1504981368780136, 0.059153977781534195, 0.051604945212602615]</LCS_MAX>
		<WAVELENGTH>[0.485, 0.56, 0.66, 0.83, 1.65, 2.215]</WAVELENGTH>
		<MEAN_VALUE>[0.11829496829364546, 0.11391522934357834, 0.11921190317624662, 0.10692854185835417, 0.02312350922172615, 0.013499640873096016]</MEAN_VALUE>
		<CHECKBOX>2</CHECKBOX>
		<SD>[0.0035365817132014766, 0.005840465328585503, 0.008083964140181824, 0.011738899949124488, 0.012703264899225365, 0.009471878217745788]</SD>
		<WAVELENGTH_UNIT>E-6m</WAVELENGTH_UNIT>
		<COLOR>#c98bee</COLOR>
		<COVARIANCE_MATRIX>[[7.440838461290571e-06, 8.252484725728731e-06, 1.0639613521200668e-05, 2.5008889525050987e-06, 2.3996437098868934e-06, 3.923869763497809e-06], [8.252484725728731e-06, 2.630831916387654e-05, 2.8447675962726423e-05, -6.090268155711039e-06, -1.4900379895786891e-05, -6.247634216155628e-06], [1.0639613521200668e-05, 2.8447675962726423e-05, 5.222563273272256e-05, -1.7839659437125246e-05, -3.7721334602542444e-05, -2.0834796212986067e-05], [2.5008889525050987e-06, -6.090268155711039e-06, -1.7839659437125246e-05, 9.414302709826452e-05, 8.248276637440369e-05, 5.386540442220113e-05], [2.3996437098868934e-06, -1.4900379895786891e-05, -3.7721334602542444e-05, 8.248276637440369e-05, 0.00014265831929630922, 9.441388309107617e-05], [3.923869763497809e-06, -6.247634216155628e-06, -2.0834796212986067e-05, 5.386540442220113e-05, 9.441388309107617e-05, 8.385954163310315e-05]]</COVARIANCE_MATRIX>
		<ROI_SIZE>3218</ROI_SIZE>
		<MAX_VALUE>[0.13949397206306458, 0.13639137148857117, 0.14709264039993286, 0.1504981368780136, 0.059153977781534195, 0.051604945212602615]</MAX_VALUE>
		<MIN_VALUE>[0.10800386965274811, 0.08313143253326416, 0.07333441823720932, 0.0714649111032486, 0.0054435101337730885, 0.0]</MIN_VALUE>
		<SIGNATURE_THRESHOLD_MD>0</SIGNATURE_THRESHOLD_MD>
		<SIGNATURE_THRESHOLD_ML>0</SIGNATURE_THRESHOLD_ML>
		<SIGNATURE_THRESHOLD_SAM>0</SIGNATURE_THRESHOLD_SAM>
	</signature>
	<signature ID="20210211_110309114429_442">
		<MACROCLASSID>1</MACROCLASSID>
		<MACROCLASSINFO>waterbody</MACROCLASSINFO>
		<CLASSID>13</CLASSID>
		<CLASSINFO>C 1</CLASSINFO>
		<VALUES>[0.11906554461285344, 0.0021216585998106966, 0.11524690569460229, 0.0037829927178985004, 0.12006884585358939, 0.005210778964871743, 0.09984921142669978, 0.007951847551842908, 0.020418697838848282, 0.0113172405578848, 0.012236026622270557, 0.008853309890074667]</VALUES>
		<LCS_MIN>[0.10800386965274811, 0.08693569898605347, 0.07333441823720932, 0.0846371129155159, 0.008270377293229103, 0.0]</LCS_MIN>
		<LCS_MAX>[0.12549836933612823, 0.12117425352334976, 0.12601885199546814, 0.14171668887138367, 0.061980850994586945, 0.05566457659006119]</LCS_MAX>
		<WAVELENGTH>[0.485, 0.56, 0.66, 0.83, 1.65, 2.215]</WAVELENGTH>
		<MEAN_VALUE>[0.11906554461285344, 0.11524690569460229, 0.12006884585358939, 0.09984921142669978, 0.020418697838848282, 0.012236026622270557]</MEAN_VALUE>
		<CHECKBOX>2</CHECKBOX>
		<SD>[0.0021216585998106966, 0.0037829927178985004, 0.005210778964871743, 0.007951847551842908, 0.0113172405578848, 0.008853309890074667]</SD>
		<WAVELENGTH_UNIT>E-6m</WAVELENGTH_UNIT>
		<COLOR>#cba522</COLOR>
		<COVARIANCE_MATRIX>[[6.243279821083548e-06, 7.744124859170516e-06, 1.1769807442708823e-05, -1.9258011769956172e-06, -3.4505199212791257e-06, -2.1819596728798812e-07], [7.744124859170516e-06, 2.6527845535668755e-05, 3.330430157346704e-05, -1.152004678563885e-05, -2.1436861236922445e-05, -1.0053382229664015e-05], [1.1769807442708823e-05, 3.330430157346704e-05, 6.0138041018193195e-05, -2.384665393758744e-05, -4.408447493838925e-05, -2.3702215825406776e-05], [-1.9258011769956172e-06, -1.152004678563885e-05, -2.384665393758744e-05, 7.146089427531959e-05, 7.290056442201985e-05, 5.015329456412605e-05], [-3.4505199212791257e-06, -2.1436861236922445e-05, -4.408447493838925e-05, 7.290056442201985e-05, 0.00013415285392724766, 9.073776047095834e-05], [-2.1819596728798812e-07, -1.0053382229664015e-05, -2.3702215825406776e-05, 5.015329456412605e-05, 9.073776047095834e-05, 8.033856837834351e-05]]</COVARIANCE_MATRIX>
		<ROI_SIZE>3855</ROI_SIZE>
		<MAX_VALUE>[0.12549836933612823, 0.12117425352334976, 0.12601885199546814, 0.14171668887138367, 0.061980850994586945, 0.05566457659006119]</MAX_VALUE>
		<MIN_VALUE>[0.10800386965274811, 0.08693569898605347, 0.07333441823720932, 0.0846371129155159, 0.008270377293229103, 0.0]</MIN_VALUE>
		<SIGNATURE_THRESHOLD_MD>0</SIGNATURE_THRESHOLD_MD>
		<SIGNATURE_THRESHOLD_ML>0</SIGNATURE_THRESHOLD_ML>
		<SIGNATURE_THRESHOLD_SAM>0</SIGNATURE_THRESHOLD_SAM>
	</signature>
	<signature ID="20210211_110319638245_302">
		<MACROCLASSID>1</MACROCLASSID>
		<MACROCLASSINFO>waterbody</MACROCLASSINFO>
		<CLASSID>14</CLASSID>
		<CLASSINFO>C 1</CLASSINFO>
		<VALUES>[0.1241307513660224, 0.002400165769206849, 0.11820027447014884, 0.004329129332223363, 0.12055992976658875, 0.005940680577775763, 0.09430719023107223, 0.0075275198444584015, 0.02017238462299464, 0.010993479665527349, 0.012809877077218585, 0.008835354436943792]</VALUES>
		<LCS_MIN>[0.1097533330321312, 0.09073998034000397, 0.07333441823720932, 0.08024637401103973, 0.008270377293229103, 0.0]</LCS_MIN>
		<LCS_MAX>[0.1307467222213745, 0.12497852742671967, 0.1295311450958252, 0.1373259425163269, 0.0648077130317688, 0.05566457659006119]</LCS_MAX>
		<WAVELENGTH>[0.485, 0.56, 0.66, 0.83, 1.65, 2.215]</WAVELENGTH>
		<MEAN_VALUE>[0.1241307513660224, 0.11820027447014884, 0.12055992976658875, 0.09430719023107223, 0.02017238462299464, 0.012809877077218585]</MEAN_VALUE>
		<CHECKBOX>2</CHECKBOX>
		<SD>[0.002400165769206849, 0.004329129332223363, 0.005940680577775763, 0.0075275198444584015, 0.010993479665527349, 0.008835354436943792]</SD>
		<WAVELENGTH_UNIT>E-6m</WAVELENGTH_UNIT>
		<COLOR>#16b313</COLOR>
		<COVARIANCE_MATRIX>[[7.403928789769209e-06, 9.402075097710391e-06, 1.30707030533415e-05, -2.1249664372174813e-06, -4.16113288518785e-06, 3.1606050287173355e-07], [9.402075097710391e-06, 2.739259326520254e-05, 3.3626695933092295e-05, -1.0827983442522794e-05, -2.1153485293535713e-05, -8.53942919083381e-06], [1.30707030533415e-05, 3.3626695933092295e-05, 5.651841955720838e-05, -2.1062363441722433e-05, -4.021334357457739e-05, -1.924445456959569e-05], [-2.1249664372174813e-06, -1.0827983442522794e-05, -2.1062363441722433e-05, 6.425326980466708e-05, 7.228115645652418e-05, 5.155361642768816e-05], [-4.16113288518785e-06, -2.1153485293535713e-05, -4.021334357457739e-05, 7.228115645652418e-05, 0.0001371363405531418, 9.502845141895523e-05], [3.1606050287173355e-07, -8.53942919083381e-06, -1.924445456959569e-05, 5.155361642768816e-05, 9.502845141895523e-05, 8.738999400820428e-05]]</COVARIANCE_MATRIX>
		<ROI_SIZE>2811</ROI_SIZE>
		<MAX_VALUE>[0.1307467222213745, 0.12497852742671967, 0.1295311450958252, 0.1373259425163269, 0.0648077130317688, 0.05566457659006119]</MAX_VALUE>
		<MIN_VALUE>[0.1097533330321312, 0.09073998034000397, 0.07333441823720932, 0.08024637401103973, 0.008270377293229103, 0.0]</MIN_VALUE>
		<SIGNATURE_THRESHOLD_MD>0</SIGNATURE_THRESHOLD_MD>
		<SIGNATURE_THRESHOLD_ML>0</SIGNATURE_THRESHOLD_ML>
		<SIGNATURE_THRESHOLD_SAM>0</SIGNATURE_THRESHOLD_SAM>
	</signature>
	<signature ID="20210211_110342834694_587">
		<MACROCLASSID>1</MACROCLASSID>
		<MACROCLASSINFO>waterbody</MACROCLASSINFO>
		<CLASSID>15</CLASSID>
		<CLASSINFO>C 1</CLASSINFO>
		<VALUES>[0.12352812080418028, 0.0032127180457394385, 0.12150666479346822, 0.006229835546926255, 0.10068258317639525, 0.007069640689081589, 0.08020375372426025, 0.014804554297210903, 0.032833929399697516, 0.011518400338363727, 0.01865489702463801, 0.008184062829189907]</VALUES>
		<LCS_MIN>[0.1097533330321312, 0.08693569898605347, 0.06630980968475342, 0.05390196666121483, 0.01109724398702383, 0.0028893251437693834]</LCS_MIN>
		<LCS_MAX>[0.12899728119373322, 0.12878282368183136, 0.11196967214345932, 0.10659080743789673, 0.059153977781534195, 0.051604945212602615]</LCS_MAX>
		<WAVELENGTH>[0.485, 0.56, 0.66, 0.83, 1.65, 2.215]</WAVELENGTH>
		<MEAN_VALUE>[0.12352812080418028, 0.12150666479346822, 0.10068258317639525, 0.08020375372426025, 0.032833929399697516, 0.01865489702463801]</MEAN_VALUE>
		<CHECKBOX>2</CHECKBOX>
		<SD>[0.0032127180457394385, 0.006229835546926255, 0.007069640689081589, 0.014804554297210903, 0.011518400338363727, 0.008184062829189907]</SD>
		<WAVELENGTH_UNIT>E-6m</WAVELENGTH_UNIT>
		<COLOR>#e91064</COLOR>
		<COVARIANCE_MATRIX>[[1.0422748979080868e-05, 1.4820410018427022e-05, 1.790506361638628e-05, -1.8987021098879733e-05, -1.2898883375763758e-05, -4.143919945285272e-06], [1.4820410018427022e-05, 3.919134948039053e-05, 3.680019263352802e-05, -4.58386918301527e-05, -2.8593917154494616e-05, -6.806181071795174e-06], [1.790506361638628e-05, 3.680019263352802e-05, 5.04698177028426e-05, -3.556239533240335e-05, -2.1009635232286448e-05, -1.6164191529137426e-06], [-1.8987021098879733e-05, -4.58386918301527e-05, -3.556239533240335e-05, 0.0002213236007619977, 0.00014866311977950955, 8.193868005701188e-05], [-1.2898883375763758e-05, -2.8593917154494616e-05, -2.1009635232286448e-05, 0.00014866311977950955, 0.00013397426739751185, 7.068702369766015e-05], [-4.143919945285272e-06, -6.806181071795174e-06, -1.6164191529137426e-06, 8.193868005701188e-05, 7.068702369766015e-05, 6.76355401214625e-05]]</COVARIANCE_MATRIX>
		<ROI_SIZE>103</ROI_SIZE>
		<MAX_VALUE>[0.12899728119373322, 0.12878282368183136, 0.11196967214345932, 0.10659080743789673, 0.059153977781534195, 0.051604945212602615]</MAX_VALUE>
		<MIN_VALUE>[0.1097533330321312, 0.08693569898605347, 0.06630980968475342, 0.05390196666121483, 0.01109724398702383, 0.0028893251437693834]</MIN_VALUE>
		<SIGNATURE_THRESHOLD_MD>0</SIGNATURE_THRESHOLD_MD>
		<SIGNATURE_THRESHOLD_ML>0</SIGNATURE_THRESHOLD_ML>
		<SIGNATURE_THRESHOLD_SAM>0</SIGNATURE_THRESHOLD_SAM>
	</signature>
	<signature ID="20210211_110351677258_906">
		<MACROCLASSID>1</MACROCLASSID>
		<MACROCLASSINFO>waterbody</MACROCLASSINFO>
		<CLASSID>16</CLASSID>
		<CLASSINFO>C 1</CLASSINFO>
		<VALUES>[0.12190898148150278, 0.00362370123724857, 0.11796028976296553, 0.007162652540304616, 0.09658823380696363, 0.008474497528627884, 0.09243445663616574, 0.018539654551046853, 0.04204656244737322, 0.015469343125698105, 0.022907523984282183, 0.008722012811223246]</VALUES>
		<LCS_MIN>[0.11325221508741379, 0.09454426914453506, 0.07684670388698578, 0.06268344074487686, 0.01675097830593586, 0.006948959082365036]</LCS_MIN>
		<LCS_MAX>[0.1307467222213745, 0.13639137148857117, 0.12250656634569168, 0.12854447960853577, 0.0761151909828186, 0.047545310109853745]</LCS_MAX>
		<WAVELENGTH>[0.485, 0.56, 0.66, 0.83, 1.65, 2.215]</WAVELENGTH>
