<?xml version="1.0" ?>
<signaturelist MCID_LIST="[['1', 'waterbody', '#0000ff'], ['2', 'vegetation', '#00ff00'], ['3', 'bareland', '#ffaa00'], ['4', 'built-up', '#ff0000']]">
	<signature ID="20200826_103527703603_997">
		<MACROCLASSID>1</MACROCLASSID>
		<MACROCLASSINFO>waterbody</MACROCLASSINFO>
		<CLASSID>1</CLASSID>
		<CLASSINFO>C 1</CLASSINFO>
		<VALUES>[0.11822697976818061, 0.017911870741445724, 0.08932684099834245, 0.01300920606179383, 0.05965038273074185, 0.011098810732506199, 0.036052357923026065, 0.013964251824699401]</VALUES>
		<LCS_MIN>[0.061085283756256104, 0.049058374017477036, 0.041305940598249435, 0.018240999430418015]</LCS_MIN>
		<LCS_MAX>[0.14653097093105316, 0.13186971843242645, 0.12017092108726501, 0.102628193795681]</LCS_MAX>
		<WAVELENGTH>[0.55, 0.65, 0.75, 0.95]</WAVELENGTH>
		<MEAN_VALUE>[0.11822697976818061, 0.08932684099834245, 0.05965038273074185, 0.036052357923026065]</MEAN_VALUE>
		<CHECKBOX>2</CHECKBOX>
		<SD>[0.017911870741445724, 0.01300920606179383, 0.011098810732506199, 0.013964251824699401]</SD>
		<WAVELENGTH_UNIT>E-6m</WAVELENGTH_UNIT>
		<COLOR>#1e43ca</COLOR>
		<COVARIANCE_MATRIX>[[0.00032452718005515635, 0.00021756315254606307, -4.0791132050799206e-05, -0.00013020333426538855], [0.00021756315254606307, 0.00016654266801197082, -1.1275018550804816e-05, -7.819900201866403e-05], [-4.0791132050799206e-05, -1.1275018550804816e-05, 0.0001217114768223837, 0.0001372505648760125], [-0.00013020333426538855, -7.819900201866403e-05, 0.0001372505648760125, 0.0002034154167631641]]</COVARIANCE_MATRIX>
		<ROI_SIZE>7359</ROI_SIZE>
		<MAX_VALUE>[0.14653097093105316, 0.13186971843242645, 0.12017092108726501, 0.102628193795681]</MAX_VALUE>
		<MIN_VALUE>[0.061085283756256104, 0.049058374017477036, 0.041305940598249435, 0.018240999430418015]</MIN_VALUE>
		<SIGNATURE_THRESHOLD_MD>0.0</SIGNATURE_THRESHOLD_MD>
		<SIGNATURE_THRESHOLD_ML>0.0</SIGNATURE_THRESHOLD_ML>
		<SIGNATURE_THRESHOLD_SAM>0.0</SIGNATURE_THRESHOLD_SAM>
	</signature>
	<signature ID="20200826_103544911216_982">
		<MACROCLASSID>1</MACROCLASSID>
		<MACROCLASSINFO>waterbody</MACROCLASSINFO>
		<CLASSID>2</CLASSID>
		<CLASSINFO>C 1</CLASSINFO>
		<VALUES>[0.15475924088331067, 0.013171379098808568, 0.12771231044671055, 0.012889452280102659, 0.08186872559310211, 0.009188829451937096, 0.042201505272090226, 0.007946949130957148]</VALUES>
		<LCS_MIN>[0.09341607987880707, 0.06976120918989182, 0.05976370349526405, 0.02647389844059944]</LCS_MIN>
		<LCS_MAX>[0.20657390356063843, 0.16849783062934875, 0.14534059166908264, 0.1005699634552002]</LCS_MAX>
		<WAVELENGTH>[0.55, 0.65, 0.75, 0.95]</WAVELENGTH>
		<MEAN_VALUE>[0.15475924088331067, 0.12771231044671055, 0.08186872559310211, 0.042201505272090226]</MEAN_VALUE>
		<CHECKBOX>2</CHECKBOX>
		<SD>[0.013171379098808568, 0.012889452280102659, 0.009188829451937096, 0.007946949130957148]</SD>
		<WAVELENGTH_UNIT>E-6m</WAVELENGTH_UNIT>
		<COLOR>#963579</COLOR>
		<COVARIANCE_MATRIX>[[0.00015325604181271046, 0.0001188462701975368, 2.7085794499726035e-05, -2.7789088562713005e-05], [0.0001188462701975368, 0.0001308827195316553, 3.622078293119557e-05, -2.5990791982621886e-05], [2.7085794499726035e-05, 3.622078293119557e-05, 8.242674812208861e-05, 2.968461558339186e-05], [-2.7789088562713005e-05, -2.5990791982621886e-05, 2.968461558339186e-05, 5.692220292985439e-05]]</COVARIANCE_MATRIX>
		<ROI_SIZE>8718</ROI_SIZE>
		<MAX_VALUE>[0.20657390356063843, 0.16849783062934875, 0.14534059166908264, 0.1005699634552002]</MAX_VALUE>
		<MIN_VALUE>[0.09341607987880707, 0.06976120918989182, 0.05976370349526405, 0.02647389844059944]</MIN_VALUE>
		<SIGNATURE_THRESHOLD_MD>0.0</SIGNATURE_THRESHOLD_MD>
		<SIGNATURE_THRESHOLD_ML>0.0</SIGNATURE_THRESHOLD_ML>
		<SIGNATURE_THRESHOLD_SAM>0.0</SIGNATURE_THRESHOLD_SAM>
	</signature>
	<signature ID="20200826_103554145416_544">
		<MACROCLASSID>1</MACROCLASSID>
		<MACROCLASSINFO>waterbody</MACROCLASSINFO>
		<CLASSID>3</CLASSID>
		<CLASSINFO>C 1</CLASSINFO>
		<VALUES>[0.09449493461040066, 0.017658423311880004, 0.07548918223286263, 0.009935007837068386, 0.058788708403513065, 0.013529069213959499, 0.03828334469901118, 0.012302199460788551]</VALUES>
		<LCS_MIN>[0.04030119627714157, 0.05702100321650505, 0.03794998303055763, 0.016182774677872658]</LCS_MIN>
		<LCS_MAX>[0.1765524297952652, 0.1270921379327774, 0.12017092108726501, 0.1005699634552002]</LCS_MAX>
		<WAVELENGTH>[0.55, 0.65, 0.75, 0.95]</WAVELENGTH>
		<MEAN_VALUE>[0.09449493461040066, 0.07548918223286263, 0.058788708403513065, 0.03828334469901118]</MEAN_VALUE>
		<CHECKBOX>2</CHECKBOX>
		<SD>[0.017658423311880004, 0.009935007837068386, 0.013529069213959499, 0.012302199460788551]</SD>
		<WAVELENGTH_UNIT>E-6m</WAVELENGTH_UNIT>
		<COLOR>#9962d8</COLOR>
		<COVARIANCE_MATRIX>[[0.00031325913732871413, 0.00014352035941556096, 1.4271684449340682e-05, -2.243714152427856e-05], [0.00014352035941556096, 0.00011042939149774611, 2.5212169930455275e-05, -4.365363565739244e-06], [1.4271684449340682e-05, 2.5212169930455275e-05, 0.0001475440221838653, 0.00010439276229590178], [-2.243714152427856e-05, -4.365363565739244e-06, 0.00010439276229590178, 0.00014731114788446575]]</COVARIANCE_MATRIX>
		<ROI_SIZE>4876</ROI_SIZE>
		<MAX_VALUE>[0.1765524297952652, 0.1270921379327774, 0.12017092108726501, 0.1005699634552002]</MAX_VALUE>
		<MIN_VALUE>[0.04030119627714157, 0.05702100321650505, 0.03794998303055763, 0.016182774677872658]</MIN_VALUE>
		<SIGNATURE_THRESHOLD_MD>0.0</SIGNATURE_THRESHOLD_MD>
		<SIGNATURE_THRESHOLD_ML>0.0</SIGNATURE_THRESHOLD_ML>
		<SIGNATURE_THRESHOLD_SAM>0.0</SIGNATURE_THRESHOLD_SAM>
	</signature>
	<signature ID="20200826_103614153216_820">
		<MACROCLASSID>1</MACROCLASSID>
		<MACROCLASSINFO>waterbody</MACROCLASSINFO>
		<CLASSID>4</CLASSID>
		<CLASSINFO>C 1</CLASSINFO>
		<VALUES>[0.15729330744898234, 0.013657590577801469, 0.12494509833276381, 0.013759537205842463, 0.08063304139269385, 0.010301486106109158, 0.045252945321475904, 0.013490188209541582]</VALUES>
		<LCS_MIN>[0.095725417137146, 0.07453878223896027, 0.05472976341843605, 0.024415671825408936]</LCS_MIN>
		<LCS_MAX>[0.1857897937297821, 0.15098004043102264, 0.13023878633975983, 0.11086107790470123]</LCS_MAX>
		<WAVELENGTH>[0.55, 0.65, 0.75, 0.95]</WAVELENGTH>
		<MEAN_VALUE>[0.15729330744898234, 0.12494509833276381, 0.08063304139269385, 0.045252945321475904]</MEAN_VALUE>
		<CHECKBOX>2</CHECKBOX>
		<SD>[0.013657590577801469, 0.013759537205842463, 0.010301486106109158, 0.013490188209541582]</SD>
		<WAVELENGTH_UNIT>E-6m</WAVELENGTH_UNIT>
		<COLOR>#146028</COLOR>
		<COVARIANCE_MATRIX>[[0.00014828849816694856, 0.00014153422671370208, 3.694706720125396e-06, -6.818291876697913e-05], [0.00014153422671370208, 0.00016335539112333208, 1.6221258192672394e-05, -6.447717896662652e-05], [3.694706720125396e-06, 1.6221258192672394e-05, 0.00011293984425719827, 0.00011443771654739976], [-6.818291876697913e-05, -6.447717896662652e-05, 0.00011443771654739976, 0.00018359180830884725]]</COVARIANCE_MATRIX>
		<ROI_SIZE>9077</ROI_SIZE>
		<MAX_VALUE>[0.1857897937297821, 0.15098004043102264, 0.13023878633975983, 0.11086107790470123]</MAX_VALUE>
		<MIN_VALUE>[0.095725417137146, 0.07453878223896027, 0.05472976341843605, 0.024415671825408936]</MIN_VALUE>
		<SIGNATURE_THRESHOLD_MD>0.0</SIGNATURE_THRESHOLD_MD>
		<SIGNATURE_THRESHOLD_ML>0.0</SIGNATURE_THRESHOLD_ML>
		<SIGNATURE_THRESHOLD_SAM>0.0</SIGNATURE_THRESHOLD_SAM>
	</signature>
	<signature ID="20200826_103622544387_447">
		<MACROCLASSID>1</MACROCLASSID>
		<MACROCLASSINFO>waterbody</MACROCLASSINFO>
		<CLASSID>5</CLASSID>
		<CLASSINFO>C 1</CLASSINFO>
		<VALUES>[0.1540867425526068, 0.007636935258364758, 0.12094772993959427, 0.01265510728457516, 0.0708498884254553, 0.010388190101954518, 0.03455992304796354, 0.005229231625599599]</VALUES>
		<LCS_MIN>[0.09110673516988754, 0.09205656498670578, 0.04969583451747894, 0.016182774677872658]</LCS_MIN>
		<LCS_MAX>[0.20888324081897736, 0.14142486453056335, 0.12352687865495682, 0.1005699634552002]</LCS_MAX>
		<WAVELENGTH>[0.55, 0.65, 0.75, 0.95]</WAVELENGTH>
		<MEAN_VALUE>[0.1540867425526068, 0.12094772993959427, 0.0708498884254553, 0.03455992304796354]</MEAN_VALUE>
		<CHECKBOX>2</CHECKBOX>
		<SD>[0.007636935258364758, 0.01265510728457516, 0.010388190101954518, 0.005229231625599599]</SD>
		<WAVELENGTH_UNIT>E-6m</WAVELENGTH_UNIT>
		<COLOR>#beecea</COLOR>
		<COVARIANCE_MATRIX>[[7.366136560449377e-05, 7.199701940407977e-05, 5.369643622543663e-05, 1.705469003354665e-05], [7.199701940407977e-05, 0.00015991924738045782, 0.00011795242608059198, 3.7698591768275946e-05], [5.369643622543663e-05, 0.00011795242608059198, 0.00010441795166116208, 3.4688939194893464e-05], [1.705469003354665e-05, 3.7698591768275946e-05, 3.4688939194893464e-05, 2.489185681042727e-05]]</COVARIANCE_MATRIX>
		<ROI_SIZE>9965</ROI_SIZE>
		<MAX_VALUE>[0.20888324081897736, 0.14142486453056335, 0.12352687865495682, 0.1005699634552002]</MAX_VALUE>
		<MIN_VALUE>[0.09110673516988754, 0.09205656498670578, 0.04969583451747894, 0.016182774677872658]</MIN_VALUE>
		<SIGNATURE_THRESHOLD_MD>0.0</SIGNATURE_THRESHOLD_MD>
		<SIGNATURE_THRESHOLD_ML>0.0</SIGNATURE_THRESHOLD_ML>
		<SIGNATURE_THRESHOLD_SAM>0.0</SIGNATURE_THRESHOLD_SAM>
	</signature>
	<signature ID="20200826_103656653667_165">
		<MACROCLASSID>1</MACROCLASSID>
		<MACROCLASSINFO>waterbody</MACROCLASSINFO>
		<CLASSID>6</CLASSID>
		<CLASSINFO>C 1</CLASSINFO>
		<VALUES>[0.08190773180391611, 0.005043456711586274, 0.05275899474697745, 0.002357030183751206, 0.04053528082626473, 0.0067988784133571935, 0.02726699698624327, 0.008057730265671376]</VALUES>
		<LCS_MIN>[0.056466590613126755, 0.042688269168138504, 0.031238069757819176, 0.016182774677872658]</LCS_MIN>
		<LCS_MAX>[0.09803476929664612, 0.07931636273860931, 0.101713165640831, 0.09645351767539978]</LCS_MAX>
		<WAVELENGTH>[0.55, 0.65, 0.75, 0.95]</WAVELENGTH>
		<MEAN_VALUE>[0.08190773180391611, 0.05275899474697745, 0.04053528082626473, 0.02726699698624327]</MEAN_VALUE>
		<CHECKBOX>2</CHECKBOX>
		<SD>[0.005043456711586274, 0.002357030183751206, 0.0067988784133571935, 0.008057730265671376]</SD>
		<WAVELENGTH_UNIT>E-6m</WAVELENGTH_UNIT>
		<COLOR>#797856</COLOR>
		<COVARIANCE_MATRIX>[[2.7798061637440696e-05, 3.940587248507654e-06, 1.6812065268823062e-06, -1.0437133823870681e-06], [3.940587248507654e-06, 5.0261560318176635e-06, 5.949933438387234e-06, 6.455376023950521e-06], [1.6812065268823062e-06, 5.949933438387234e-06, 3.927572106476873e-05, 2.7807855076389387e-05], [-1.0437133823870681e-06, 6.455376023950521e-06, 2.7807855076389387e-05, 4.276824984117411e-05]]</COVARIANCE_MATRIX>
		<ROI_SIZE>9059</ROI_SIZE>
		<MAX_VALUE>[0.09803476929664612, 0.07931636273860931, 0.101713165640831, 0.09645351767539978]</MAX_VALUE>
		<MIN_VALUE>[0.056466590613126755, 0.042688269168138504, 0.031238069757819176, 0.016182774677872658]</MIN_VALUE>
		<SIGNATURE_THRESHOLD_MD>0.0</SIGNATURE_THRESHOLD_MD>
		<SIGNATURE_THRESHOLD_ML>0.0</SIGNATURE_THRESHOLD_ML>
		<SIGNATURE_THRESHOLD_SAM>0.0</SIGNATURE_THRESHOLD_SAM>
	</signature>
	<signature ID="20200826_103703387319_734">
		<MACROCLASSID>1</MACROCLASSID>
		<MACROCLASSINFO>waterbody</MACROCLASSINFO>
		<CLASSID>7</CLASSID>
		<CLASSINFO>C 1</CLASSINFO>
		<VALUES>[0.07561826014724761, 0.004885612554144758, 0.05131065108821149, 0.002610205990818526, 0.0396721971562058, 0.006464237853245041, 0.025966167951057304, 0.004752261822718087]</VALUES>
		<LCS_MIN>[0.06339462101459503, 0.044280797243118286, 0.029560092836618423, 0.016182774677872658]</LCS_MIN>
		<LCS_MAX>[0.10034410655498505, 0.07294625788927078, 0.09835720807313919, 0.08822062611579895]</LCS_MAX>
		<WAVELENGTH>[0.55, 0.65, 0.75, 0.95]</WAVELENGTH>
		<MEAN_VALUE>[0.07561826014724761, 0.05131065108821149, 0.0396721971562058, 0.025966167951057304]</MEAN_VALUE>
		<CHECKBOX>2</CHECKBOX>
		<SD>[0.004885612554144758, 0.002610205990818526, 0.006464237853245041, 0.004752261822718087]</SD>
		<WAVELENGTH_UNIT>E-6m</WAVELENGTH_UNIT>
		<COLOR>#c151cf</COLOR>
		<COVARIANCE_MATRIX>[[2.225502066721674e-05, 7.1467638917965814e-06, 1.0755436960607767e-05, 5.877123840036802e-06], [7.1467638917965814e-06, 7.396771252388135e-06, 7.5010298132838216e-06, 6.011385266901925e-06], [1.0755436960607767e-05, 7.5010298132838216e-06, 4.258836997905746e-05, 1.4904067938914523e-05], [5.877123840036802e-06, 6.011385266901925e-06, 1.4904067938914523e-05, 2.5044037101906724e-05]]</COVARIANCE_MATRIX>
		<ROI_SIZE>9578</ROI_SIZE>
		<MAX_VALUE>[0.10034410655498505, 0.07294625788927078, 0.09835720807313919, 0.08822062611579895]</MAX_VALUE>
		<MIN_VALUE>[0.06339462101459503, 0.044280797243118286, 0.029560092836618423, 0.016182774677872658]</MIN_VALUE>
		<SIGNATURE_THRESHOLD_MD>0.0</SIGNATURE_THRESHOLD_MD>
		<SIGNATURE_THRESHOLD_ML>0.0</SIGNATURE_THRESHOLD_ML>
		<SIGNATURE_THRESHOLD_SAM>0.0</SIGNATURE_THRESHOLD_SAM>
	</signature>
	<signature ID="20200826_103722080052_881">
		<MACROCLASSID>1</MACROCLASSID>
		<MACROCLASSINFO>waterbody</MACROCLASSINFO>
		<CLASSID>8</CLASSID>
		<CLASSINFO>C 1</CLASSINFO>
		<VALUES>[0.10185212755952373, 0.014082892866310174, 0.07314206238408558, 0.00800059777380404, 0.058076556181647095, 0.010985743188520731, 0.041781235486269004, 0.012785915670853616]</VALUES>
		<LCS_MIN>[0.06339462101459503, 0.053835950791835785, 0.04466189444065094, 0.024415671825408936]</LCS_MIN>
		<LCS_MAX>[0.1419122964143753, 0.10161172598600388, 0.103391133248806, 0.07998772710561752]</LCS_MAX>
		<WAVELENGTH>[0.55, 0.65, 0.75, 0.95]</WAVELENGTH>
		<MEAN_VALUE>[0.10185212755952373, 0.07314206238408558, 0.058076556181647095, 0.041781235486269004]</MEAN_VALUE>
		<CHECKBOX>2</CHECKBOX>
		<SD>[0.014082892866310174, 0.00800059777380404, 0.010985743188520731, 0.012785915670853616]</SD>
		<WAVELENGTH_UNIT>E-6m</WAVELENGTH_UNIT>
		<COLOR>#7d6aa4</COLOR>
		<COVARIANCE_MATRIX>[[0.00019887123198714107, 9.324819984612986e-05, -2.2917802198207937e-05, -5.664032505592331e-05], [9.324819984612986e-05, 6.418493285309523e-05, 2.5354995159432292e-05, 1.0931869837804697e-05], [-2.2917802198207937e-05, 2.5354995159432292e-05, 0.00012101720494683832, 0.00012978057202417403], [-5.664032505592331e-05, 1.0931869837804697e-05, 0.00012978057202417403, 0.00016392752877436578]]</COVARIANCE_MATRIX>
		<ROI_SIZE>366</ROI_SIZE>
		<MAX_VALUE>[0.1419122964143753, 0.10161172598600388, 0.103391133248806, 0.07998772710561752]</MAX_VALUE>
		<MIN_VALUE>[0.06339462101459503, 0.053835950791835785, 0.04466189444065094, 0.024415671825408936]</MIN_VALUE>
		<SIGNATURE_THRESHOLD_MD>0.0</SIGNATURE_THRESHOLD_MD>
		<SIGNATURE_THRESHOLD_ML>0.0</SIGNATURE_THRESHOLD_ML>
		<SIGNATURE_THRESHOLD_SAM>0.0</SIGNATURE_THRESHOLD_SAM>
	</signature>
	<signature ID="20200826_103753216853_163">
		<MACROCLASSID>1</MACROCLASSID>
		<MACROCLASSINFO>waterbody</MACROCLASSINFO>
		<CLASSID>9</CLASSID>
		<CLASSINFO>C 1</CLASSINFO>
		<VALUES>[0.09417258845321068, 0.004495359779587213, 0.06536803410613333, 0.003433595360137788, 0.06800894269013195, 0.011347644218300762, 0.05390505637202797, 0.015138738417594883]</VALUES>
		<LCS_MIN>[0.08186937123537064, 0.06020604819059372, 0.05305178835988045, 0.03676501289010048]</LCS_MIN>
		<LCS_MAX>[0.10265345871448517, 0.07294625788927078, 0.106747105717659, 0.09851175546646118]</LCS_MAX>
		<WAVELENGTH>[0.55, 0.65, 0.75, 0.95]</WAVELENGTH>
		<MEAN_VALUE>[0.09417258845321068, 0.06536803410613333, 0.06800894269013195, 0.05390505637202797]</MEAN_VALUE>
		<CHECKBOX>2</CHECKBOX>
		<SD>[0.004495359779587213, 0.003433595360137788, 0.011347644218300762, 0.015138738417594883]</SD>
		<WAVELENGTH_UNIT>E-6m</WAVELENGTH_UNIT>
		<COLOR>#5b611e</COLOR>
		<COVARIANCE_MATRIX>[[2.0383982700877823e-05, 2.392977876297664e-06, -4.842904218094191e-06, -8.904828064260073e-06], [2.392977876297664e-06, 1.1892095244547818e-05, 1.3696045243705157e-05, 1.3790246157441288e-05], [-4.842904218094191e-06, 1.3696045243705157e-05, 0.00012988876551389694, 0.00016148922441061586], [-8.904828064260073e-06, 1.3790246157441288e-05, 0.00016148922441061586, 0.000231174286454916]]</COVARIANCE_MATRIX>
		<ROI_SIZE>116</ROI_SIZE>
		<MAX_VALUE>[0.10265345871448517, 0.07294625788927078, 0.106747105717659, 0.09851175546646118]</MAX_VALUE>
		<MIN_VALUE>[0.08186937123537064, 0.06020604819059372, 0.05305178835988045, 0.03676501289010048]</MIN_VALUE>
		<SIGNATURE_THRESHOLD_MD>0.0</SIGNATURE_THRESHOLD_MD>
		<SIGNATURE_THRESHOLD_ML>0.0</SIGNATURE_THRESHOLD_ML>
		<SIGNATURE_THRESHOLD_SAM>0.0</SIGNATURE_THRESHOLD_SAM>
	</signature>
	<signature ID="20200826_103933323505_476">
		<MACROCLASSID>1</MACROCLASSID>
		<MACROCLASSINFO>waterbody</MACROCLASSINFO>
		<CLASSID>10</CLASSID>
		<CLASSINFO>C 1</CLASSINFO>
		<VALUES>[0.13273200372631647, 0.011974071944142354, 0.08692291108577437, 0.00816938857956869, 0.05556121586999868, 0.009803347324591464, 0.03586309882445951, 0.011319518566706061]</VALUES>
		<LCS_MIN>[0.095725417137146, 0.06020604819059372, 0.03627200797200203, 0.016182774677872658]</LCS_MIN>
		<LCS_MAX>[0.15345901250839233, 0.10320425778627396, 0.103391133248806, 0.07792949676513672]</LCS_MAX>
		<WAVELENGTH>[0.55, 0.65, 0.75, 0.95]</WAVELENGTH>
		<MEAN_VALUE>[0.13273200372631647, 0.08692291108577437, 0.05556121586999868, 0.03586309882445951]</MEAN_VALUE>
		<CHECKBOX>2</CHECKBOX>
		<SD>[0.011974071944142354, 0.00816938857956869, 0.009803347324591464, 0.011319518566706061]</SD>
		<WAVELENGTH_UNIT>E-6m</WAVELENGTH_UNIT>
		<COLOR>#c27010</COLOR>
		<COVARIANCE_MATRIX>[[0.0001062896553776227, 5.816961493110284e-05, -1.9503904695739038e-05, -5.576009789365344e-05], [5.816961493110284e-05, 5.0029448175337166e-05, 3.8467137528641615e-06, -1.518890985607868e-05], [-1.9503904695739038e-05, 3.8467137528641615e-06, 0.00010270119673805311, 6.896055128891021e-05], [-5.576009789365344e-05, -1.518890985607868e-05, 6.896055128891021e-05, 0.00011660196469165385]]</COVARIANCE_MATRIX>
		<ROI_SIZE>2043</ROI_SIZE>
		<MAX_VALUE>[0.15345901250839233, 0.10320425778627396, 0.103391133248806, 0.07792949676513672]</MAX_VALUE>
		<MIN_VALUE>[0.095725417137146, 0.06020604819059372, 0.03627200797200203, 0.016182774677872658]</MIN_VALUE>
		<SIGNATURE_THRESHOLD_MD>0.0</SIGNATURE_THRESHOLD_MD>
		<SIGNATURE_THRESHOLD_ML>0.0</SIGNATURE_THRESHOLD_ML>
		<SIGNATURE_THRESHOLD_SAM>0.0</SIGNATURE_THRESHOLD_SAM>
	</signature>
	<signature ID="20200826_103957823480_838">
		<MACROCLASSID>1</MACROCLASSID>
		<MACROCLASSINFO>waterbody</MACROCLASSINFO>
		<CLASSID>11</CLASSID>
		<CLASSINFO>C 1</CLASSINFO>
		<VALUES>[0.15545293150878545, 0.01009609573064783, 0.177322741616063, 0.01612938988846611, 0.14364625197358247, 0.007931241834888973, 0.08213631258141701, 0.012680093008863101]</VALUES>
		<LCS_MIN>[0.13036556541919708, 0.14779497683048248, 0.1117810383439064, 0.057347264140844345]</LCS_MIN>
		<LCS_MAX>[0.1765524297952652, 0.20671845972537994, 0.19064602255821228, 0.11291931569576263]</LCS_MAX>
		<WAVELENGTH>[0.55, 0.65, 0.75, 0.95]</WAVELENGTH>
		<MEAN_VALUE>[0.15545293150878545, 0.177322741616063, 0.14364625197358247, 0.08213631258141701]</MEAN_VALUE>
		<CHECKBOX>2</CHECKBOX>
		<SD>[0.01009609573064783, 0.01612938988846611, 0.007931241834888973, 0.012680093008863101]</SD>
		<WAVELENGTH_UNIT>E-6m</WAVELENGTH_UNIT>
		<COLOR>#e504f2</COLOR>
		<COVARIANCE_MATRIX>[[0.00010243081487715244, 0.00014959833060856909, 7.858832759666257e-06, -0.00010109220602316782], [0.00014959833060856909, 0.0002614324912428856, 2.116930227202829e-05, -0.00016171764582395554], [7.858832759666257e-06, 2.116930227202829e-05, 6.32129522273317e-05, 2.3279793822439387e-05], [-0.00010109220602316782, -0.00016171764582395554, 2.3279793822439387e-05, 0.0001615729124750942]]</COVARIANCE_MATRIX>
		<ROI_SIZE>205</ROI_SIZE>
		<MAX_VALUE>[0.1765524297952652, 0.20671845972537994, 0.19064602255821228, 0.11291931569576263]</MAX_VALUE>
		<MIN_VALUE>[0.13036556541919708, 0.14779497683048248, 0.1117810383439064, 0.057347264140844345]</MIN_VALUE>
		<SIGNATURE_THRESHOLD_MD>0.0</SIGNATURE_THRESHOLD_MD>
		<SIGNATURE_THRESHOLD_ML>0.0</SIGNATURE_THRESHOLD_ML>
		<SIGNATURE_THRESHOLD_SAM>0.0</SIGNATURE_THRESHOLD_SAM>
	</signature>
	<signature ID="20200826_104009320197_743">
		<MACROCLASSID>1</MACROCLASSID>
		<MACROCLASSINFO>waterbody</MACROCLASSINFO>
		<CLASSID>12</CLASSID>
		<CLASSINFO>C 1</CLASSINFO>
		<VALUES>[0.1715373750498046, 0.011750097978430954, 0.2027133605373439, 0.01615972005554159, 0.15560882805443518, 0.011925238134846214, 0.08626991782837845, 0.018461307172573348]</VALUES>
		<LCS_MIN>[0.1419122964143753, 0.1732754111289978, 0.12856082618236542, 0.05323081091046333]</LCS_MIN>
		<LCS_MAX>[0.201955184340477, 0.23379138112068176, 0.1940019726753235, 0.1293851137161255]</LCS_MAX>
		<WAVELENGTH>[0.55, 0.65, 0.75, 0.95]</WAVELENGTH>
		<MEAN_VALUE>[0.1715373750498046, 0.2027133605373439, 0.15560882805443518, 0.08626991782837845]</MEAN_VALUE>
		<CHECKBOX>2</CHECKBOX>
		<SD>[0.011750097978430954, 0.01615972005554159, 0.011925238134846214, 0.018461307172573348]</SD>
		<WAVELENGTH_UNIT>E-6m</WAVELENGTH_UNIT>
		<COLOR>#2794fc</COLOR>
		<COVARIANCE_MATRIX>[[0.00013910287816543132, 0.00017534436483401805, 2.365065120102372e-05, -8.422716200584546e-05], [0.00017534436483401805, 0.00026309999520890415, 3.120754627161659e-05, -0.00013550755102187395], [2.365065120102372e-05, 3.120754627161659e-05, 0.0001432805584045127, 0.00016123548266477883], [-8.422716200584546e-05, -0.00013550755102187395, 0.00016123548266477883, 0.0003433824167586863]]</COVARIANCE_MATRIX>
		<ROI_SIZE>134</ROI_SIZE>
		<MAX_VALUE>[0.201955184340477, 0.23379138112068176, 0.1940019726753235, 0.1293851137161255]</MAX_VALUE>
		<MIN_VALUE>[0.1419122964143753, 0.1732754111289978, 0.12856082618236542, 0.05323081091046333]</MIN_VALUE>
		<SIGNATURE_THRESHOLD_MD>0.0</SIGNATURE_THRESHOLD_MD>
		<SIGNATURE_THRESHOLD_ML>0.0</SIGNATURE_THRESHOLD_ML>
		<SIGNATURE_THRESHOLD_SAM>0.0</SIGNATURE_THRESHOLD_SAM>
	</signature>
	<signature ID="20200826_104055843093_711">
		<MACROCLASSID>1</MACROCLASSID>
		<MACROCLASSINFO>waterbody</MACROCLASSINFO>
		<CLASSID>13</CLASSID>
		<CLASSINFO>C 1</CLASSINFO>
		<VALUES>[0.15893309326637092, 0.010912843309070712, 0.15545871173139844, 0.017973678413085305, 0.09932033400224238, 0.022642367521516455, 0.04918998734361486, 0.01697399424074617]</VALUES>
		<LCS_MIN>[0.11650950461626053, 0.13027720153331757, 0.06647562235593796, 0.022357448935508728]</LCS_MIN>
		<LCS_MAX>[0.2135019302368164, 0.20353339612483978, 0.16044241189956665, 0.10468640923500061]</LCS_MAX>
		<WAVELENGTH>[0.55, 0.65, 0.75, 0.95]</WAVELENGTH>
		<MEAN_VALUE>[0.15893309326637092, 0.15545871173139844, 0.09932033400224238, 0.04918998734361486]</MEAN_VALUE>
		<CHECKBOX>2</CHECKBOX>
		<SD>[0.010912843309070712, 0.017973678413085305, 0.022642367521516455, 0.01697399424074617]</SD>
		<WAVELENGTH_UNIT>E-6m</WAVELENGTH_UNIT>
		<COLOR>#a22ee1</COLOR>
		<COVARIANCE_MATRIX>[[0.00011920852557523176, 0.00010461307829245925, -4.079572590853786e-06, -4.63347059849184e-05], [0.00010461307829245925, 0.00032337423181161284, 0.00029659696156159043, 0.0001234638039022684], [-4.079572590853786e-06, 0.00029659696156159043, 0.0005131864454597235, 0.00033661045017652214], [-4.63347059849184e-05, 0.0001234638039022684, 0.00033661045017652214, 0.00028840286540798843]]</COVARIANCE_MATRIX>
		<ROI_SIZE>1007</ROI_SIZE>
		<MAX_VALUE>[0.2135019302368164, 0.20353339612483978, 0.16044241189956665, 0.10468640923500061]</MAX_VALUE>
		<MIN_VALUE>[0.11650950461626053, 0.13027720153331757, 0.06647562235593796, 0.022357448935508728]</MIN_VALUE>
		<SIGNATURE_THRESHOLD_MD>0.0</SIGNATURE_THRESHOLD_MD>
		<SIGNATURE_THRESHOLD_ML>0.0</SIGNATURE_THRESHOLD_ML>
		<SIGNATURE_THRESHOLD_SAM>0.0</SIGNATURE_THRESHOLD_SAM>
	</signature>
	<signature ID="20200826_104146495490_191">
		<MACROCLASSID>1</MACROCLASSID>
		<MACROCLASSINFO>waterbody</MACROCLASSINFO>
		<CLASSID>14</CLASSID>
		<CLASSINFO>C 1</CLASSINFO>
		<VALUES>[0.10052299691889949, 0.013806727141089048, 0.06792684168732152, 0.015068130730786729, 0.039800167166886884, 0.010141247247163688, 0.023182539288076832, 0.006811104089536511]</VALUES>
		<LCS_MIN>[0.06570396572351456, 0.049058374017477036, 0.02620413713157177, 0.016182774677872658]</LCS_MIN>
		<LCS_MAX>[0.1511496603488922, 0.11594445258378983, 0.08157742768526077, 0.06969660520553589]</LCS_MAX>
		<WAVELENGTH>[0.55, 0.65, 0.75, 0.95]</WAVELENGTH>
		<MEAN_VALUE>[0.10052299691889949, 0.06792684168732152, 0.039800167166886884, 0.023182539288076832]</MEAN_VALUE>
		<CHECKBOX>2</CHECKBOX>
		<SD>[0.013806727141089048, 0.015068130730786729, 0.010141247247163688, 0.006811104089536511]</SD>
		<WAVELENGTH_UNIT>E-6m</WAVELENGTH_UNIT>
		<COLOR>#88cf08</COLOR>
		<COVARIANCE_MATRIX>[[0.00017094913346227258, 0.00016331479127984494, 6.625579408137128e-05, 2.292369208589662e-05], [0.00016331479127984494, 0.00021402501442935318, 0.00010727000335464254, 4.590191019815393e-05], [6.625579408137128e-05, 0.00010727000335464254, 7.671691128052771e-05, 3.848217966151424e-05], [2.292369208589662e-05, 4.590191019815393e-05, 3.848217966151424e-05, 3.585639569791965e-05]]</COVARIANCE_MATRIX>
		<ROI_SIZE>7886</ROI_SIZE>
		<MAX_VALUE>[0.1511496603488922, 0.11594445258378983, 0.08157742768526077, 0.06969660520553589]</MAX_VALUE>
		<MIN_VALUE>[0.06570396572351456, 0.049058374017477036, 0.02620413713157177, 0.016182774677872658]</MIN_VALUE>
		<SIGNATURE_THRESHOLD_MD>0.0</SIGNATURE_THRESHOLD_MD>
		<SIGNATURE_THRESHOLD_ML>0.0</SIGNATURE_THRESHOLD_ML>
		<SIGNATURE_THRESHOLD_SAM>0.0</SIGNATURE_THRESHOLD_SAM>
	</signature>
	<signature ID="20200826_104157723540_102">
		<MACROCLASSID>1</MACROCLASSID>
		<MACROCLASSINFO>waterbody</MACROCLASSINFO>
		<CLASSID>15</CLASSID>
		<CLASSINFO>C 1</CLASSINFO>
		<VALUES>[0.10712945135858759, 0.016905213686002365, 0.07972564213488614, 0.013278539959888437, 0.062348224092106046, 0.012778386455638958, 0.04390223396553236, 0.010833013155657295]</VALUES>
		<LCS_MIN>[0.06570396572351456, 0.04746584966778755, 0.021170197054743767, 0.02029922418296337]</LCS_MIN>
		<LCS_MAX>[0.16269639134407043, 0.13346225023269653, 0.1168149784207344, 0.09645351767539978]</LCS_MAX>
		<WAVELENGTH>[0.55, 0.65, 0.75, 0.95]</WAVELENGTH>
		<MEAN_VALUE>[0.10712945135858759, 0.07972564213488614, 0.062348224092106046, 0.04390223396553236]</MEAN_VALUE>
		<CHECKBOX>2</CHECKBOX>
		<SD>[0.016905213686002365, 0.013278539959888437, 0.012778386455638958, 0.010833013155657295]</SD>
		<WAVELENGTH_UNIT>E-6m</WAVELENGTH_UNIT>
		<COLOR>#13fc13</COLOR>
		<COVARIANCE_MATRIX>[[0.00023925883579067886, 0.00017974275397136807, 0.00015951503883115947, 0.00012186176172690466], [0.00017974275397136807, 0.0001523142127553001, 0.0001372227561660111, 0.00010800765448948368], [0.00015951503883115947, 0.0001372227561660111, 0.00014485478459391743, 0.00011243139306316152], [0.00012186176172690466, 0.00010800765448948368, 0.00011243139306316152, 0.00010401243343949318]]</COVARIANCE_MATRIX>
		<ROI_SIZE>8787</ROI_SIZE>
		<MAX_VALUE>[0.16269639134407043, 0.13346225023269653, 0.1168149784207344, 0.09645351767539978]</MAX_VALUE>
		<MIN_VALUE>[0.06570396572351456, 0.04746584966778755, 0.021170197054743767, 0.02029922418296337]</MIN_VALUE>
		<SIGNATURE_THRESHOLD_MD>0.0</SIGNATURE_THRESHOLD_MD>
		<SIGNATURE_THRESHOLD_ML>0.0</SIGNATURE_THRESHOLD_ML>
		<SIGNATURE_THRESHOLD_SAM>0.0</SIGNATURE_THRESHOLD_SAM>
	</signature>
	<signature ID="20200826_104206823481_432">
		<MACROCLASSID>1</MACROCLASSID>
		<MACROCLASSINFO>waterbody</MACROCLASSINFO>
		<CLASSID>16</CLASSID>
		<CLASSINFO>C 1</CLASSINFO>
		<VALUES>[0.05109286669812051, 0.004577652189059887, 0.04010879426129705, 0.0021135191645089498, 0.027953010381994544, 0.002067571132491121, 0.01923325451597859, 0.0030446999535469247]</VALUES>
		<LCS_MIN>[0.04030119627714157, 0.02517048642039299, 0.01781424507498741, 0.016182774677872658]</LCS_MIN>
		<LCS_MAX>[0.06801331043243408, 0.08250141888856888, 0.05640774592757225, 0.057347264140844345]</LCS_MAX>
		<WAVELENGTH>[0.55, 0.65, 0.75, 0.95]</WAVELENGTH>
		<MEAN_VALUE>[0.05109286669812051, 0.04010879426129705, 0.027953010381994544, 0.01923325451597859]</MEAN_VALUE>
		<CHECKBOX>2</CHECKBOX>
		<SD>[0.004577652189059887, 0.0021135191645089498, 0.002067571132491121, 0.0030446999535469247]</SD>
		<WAVELENGTH_UNIT>E-6m</WAVELENGTH_UNIT>
		<COLOR>#12de93</COLOR>
		<COVARIANCE_MATRIX>[[1.9708684703800827e-05, 3.8468861021101475e-06, 1.9489571059239097e-06, -4.5630429212906165e-07], [3.8468861021101475e-06, 4.561376954370644e-06, 9.695753533378593e-07, 6.296787091741862e-07], [1.9489571059239097e-06, 9.695753533378593e-07, 5.1847105169144925e-06, 1.2839947203246993e-06], [-4.5630429212906165e-07, 6.296787091741862e-07, 1.2839947203246993e-06, 1.0096669939230196e-05]]</COVARIANCE_MATRIX>
		<ROI_SIZE>10191</ROI_SIZE>
		<MAX_VALUE>[0.06801331043243408, 0.08250141888856888, 0.05640774592757225, 0.057347264140844345]</MAX_VALUE>
		<MIN_VALUE>[0.04030119627714157, 0.02517048642039299, 0.01781424507498741, 0.016182774677872658]</MIN_VALUE>
		<SIGNATURE_THRESHOLD_MD>0.0</SIGNATURE_THRESHOLD_MD>
		<SIGNATURE_THRESHOLD_ML>0.0</SIGNATURE_THRESHOLD_ML>
		<SIGNATURE_THRESHOLD_SAM>0.0</SIGNATURE_THRESHOLD_SAM>
	</signature>
	<signature ID="20200826_104217473607_183">
		<MACROCLASSID>1</MACROCLASSID>
		<MACROCLASSINFO>waterbody</MACROCLASSINFO>
		<CLASSID>17</CLASSID>
		<CLASSINFO>C 1</CLASSINFO>
		<VALUES>[0.05934050687851311, 0.004259671510246453, 0.0442065969790202, 0.0029254789536190275, 0.03152013550501084, 0.004510465539022685, 0.021959191376080336, 0.005315726329964719]</VALUES>
		<LCS_MIN>[0.04491988196969032, 0.03791069611907005, 0.01781424507498741, 0.016182774677872658]</LCS_MIN>
		<LCS_MAX>[0.09110673516988754, 0.0809088870882988, 0.07822146266698837, 0.06763837486505508]</LCS_MAX>
		<WAVELENGTH>[0.55, 0.65, 0.75, 0.95]</WAVELENGTH>
		<MEAN_VALUE>[0.05934050687851311, 0.0442065969790202, 0.03152013550501084, 0.021959191376080336]</MEAN_VALUE>
		<CHECKBOX>2</CHECKBOX>
		<SD>[0.004259671510246453, 0.0029254789536190275, 0.004510465539022685, 0.005315726329964719]</SD>
		<WAVELENGTH_UNIT>E-6m</WAVELENGTH_UNIT>
		<COLOR>#776be9</COLOR>
		<COVARIANCE_MATRIX>[[1.761212661222089e-05, 7.1074032348406035e-06, 8.589152457716409e-06, 7.3552882895455696e-06], [7.1074032348406035e-06, 8.550685379304923e-06, 8.12474263511831e-06, 7.654919500055257e-06], [8.589152457716409e-06, 8.12474263511831e-06, 1.8397020539850928e-05, 1.4575422937923577e-05], [7.3552882895455696e-06, 7.654919500055257e-06, 1.4575422937923577e-05, 2.5571231162757613e-05]]</COVARIANCE_MATRIX>
		<ROI_SIZE>9202</ROI_SIZE>
		<MAX_VALUE>[0.09110673516988754, 0.0809088870882988, 0.07822146266698837, 0.06763837486505508]</MAX_VALUE>
		<MIN_VALUE>[0.04491988196969032, 0.03791069611907005, 0.01781424507498741, 0.016182774677872658]</MIN_VALUE>
		<SIGNATURE_THRESHOLD_MD>0.0</SIGNATURE_THRESHOLD_MD>
		<SIGNATURE_THRESHOLD_ML>0.0</SIGNATURE_THRESHOLD_ML>
		<SIGNATURE_THRESHOLD_SAM>0.0</SIGNATURE_THRESHOLD_SAM>
	</signature>
	<signature ID="20200826_104231783900_114">
		<MACROCLASSID>1</MACROCLASSID>
		<MACROCLASSINFO>waterbody</MACROCLASSINFO>
		<CLASSID>18</CLASSID>
		<CLASSINFO>C 1</CLASSINFO>
		<VALUES>[0.0585650555155806, 0.008377926998188638, 0.04558817894867516, 0.005445544402600733, 0.034846100590676075, 0.005550800784565196, 0.025143145292583824, 0.005518693555600025]</VALUES>
		<LCS_MIN>[0.04491988196969032, 0.03791069611907005, 0.02620413713157177, 0.016182774677872658]</LCS_MIN>
		<LCS_MAX>[0.1049628034234047, 0.08568647503852844, 0.07989944517612457, 0.0717548355460167]</LCS_MAX>
		<WAVELENGTH>[0.55, 0.65, 0.75, 0.95]</WAVELENGTH>
		<MEAN_VALUE>[0.0585650555155806, 0.04558817894867516, 0.034846100590676075, 0.025143145292583824]</MEAN_VALUE>
		<CHECKBOX>2</CHECKBOX>
		<SD>[0.008377926998188638, 0.005445544402600733, 0.005550800784565196, 0.005518693555600025]</SD>
		<WAVELENGTH_UNIT>E-6m</WAVELENGTH_UNIT>
		<COLOR>#21149a</COLOR>
		<COVARIANCE_MATRIX>[[5.9491761930985376e-05, 2.9139597245375626e-05, 2.4263517843792215e-05, 1.7277119695791043e-05], [2.9139597245375626e-05, 2.3433622118318453e-05, 1.870846244855784e-05, 1.4498740711132996e-05], [2.4263517843792215e-05, 1.870846244855784e-05, 2.5951636416721158e-05, 1.9679113393067382e-05], [1.7277119695791043e-05, 1.4498740711132996e-05, 1.9679113393067382e-05, 2.751122519839555e-05]]</COVARIANCE_MATRIX>
		<ROI_SIZE>9655</ROI_SIZE>
		<MAX_VALUE>[0.1049628034234047, 0.08568647503852844, 0.07989944517612457, 0.0717548355460167]</MAX_VALUE>
		<MIN_VALUE>[0.04491988196969032, 0.03791069611907005, 0.02620413713157177, 0.016182774677872658]</MIN_VALUE>
		<SIGNATURE_THRESHOLD_MD>0.0</SIGNATURE_THRESHOLD_MD>
		<SIGNATURE_THRESHOLD_ML>0.0</SIGNATURE_THRESHOLD_ML>
		<SIGNATURE_THRESHOLD_SAM>0.0</SIGNATURE_THRESHOLD_SAM>
	</signature>
	<signature ID="20200826_104241607849_146">
		<MACROCLASSID>1</MACROCLASSID>
		<MACROCLASSINFO>waterbody</MACROCLASSINFO>
		<CLASSID>19</CLASSID>
		<CLASSINFO>C 1</CLASSINFO>
		<VALUES>[0.057932984275452466, 0.0048779206274632315, 0.0452799256013021, 0.003376004504661901, 0.034679659509129435, 0.00444683471408456, 0.02485064995182323, 0.004974515878694795]</VALUES>
		<LCS_MIN>[0.04491988196969032, 0.03791069611907005, 0.024526158347725868, 0.016182774677872658]</LCS_MIN>
		<LCS_MAX>[0.09110673516988754, 0.08727899193763733, 0.08493337780237198, 0.07792949676513672]</LCS_MAX>
		<WAVELENGTH>[0.55, 0.65, 0.75, 0.95]</WAVELENGTH>
		<MEAN_VALUE>[0.057932984275452466, 0.0452799256013021, 0.034679659509129435, 0.02485064995182323]</MEAN_VALUE>
		<CHECKBOX>2</CHECKBOX>
		<SD>[0.0048779206274632315, 0.003376004504661901, 0.00444683471408456, 0.004974515878694795]</SD>
		<WAVELENGTH_UNIT>E-6m</WAVELENGTH_UNIT>
		<COLOR>#9c5c5b</COLOR>
		<COVARIANCE_MATRIX>[[1.9998738935100846e-05, 7.52231289880001e-06, 9.413183761353139e-06, 6.929385563125834e-06], [7.52231289880001e-06, 8.573075319873169e-06, 7.935041139717214e-06, 6.79913546264288e-06], [9.413183761353139e-06, 7.935041139717214e-06, 1.4246974387788214e-05, 9.84878442977788e-06], [6.929385563125834e-06, 6.79913546264288e-06, 9.84878442977788e-06, 1.9920749764423817e-05]]</COVARIANCE_MATRIX>
		<ROI_SIZE>9273</ROI_SIZE>
		<MAX_VALUE>[0.09110673516988754, 0.08727899193763733, 0.08493337780237198, 0.07792949676513672]</MAX_VALUE>
		<MIN_VALUE>[0.04491988196969032, 0.03791069611907005, 0.024526158347725868, 0.016182774677872658]</MIN_VALUE>
		<SIGNATURE_THRESHOLD_MD>0.0</SIGNATURE_THRESHOLD_MD>
		<SIGNATURE_THRESHOLD_ML>0.0</SIGNATURE_THRESHOLD_ML>
		<SIGNATURE_THRESHOLD_SAM>0.0</SIGNATURE_THRESHOLD_SAM>
	</signature>
	<signature ID="20200826_104258899612_618">
		<MACROCLASSID>1</MACROCLASSID>
		<MACROCLASSINFO>waterbody</MACROCLASSINFO>
		<CLASSID>20</CLASSID>
		<CLASSINFO>C 1</CLASSINFO>
		<VALUES>[0.09413289587474939, 0.014922493527048407, 0.07021750010419044, 0.008913646170822543, 0.060888061534822714, 0.00900514304405341, 0.04946551542864186, 0.008391308174539572]</VALUES>
		<LCS_MIN>[0.06339462101459503, 0.05542847141623497, 0.04633987322449684, 0.03264857083559036]</LCS_MIN>
		<LCS_MAX>[0.14422164857387543, 0.11912951618432999, 0.1084250807762146, 0.09851175546646118]</LCS_MAX>
		<WAVELENGTH>[0.55, 0.65, 0.75, 0.95]</WAVELENGTH>
		<MEAN_VALUE>[0.09413289587474939, 0.07021750010419044, 0.060888061534822714, 0.04946551542864186]</MEAN_VALUE>
		<CHECKBOX>2</CHECKBOX>
		<SD>[0.014922493527048407, 0.008913646170822543, 0.00900514304405341, 0.008391308174539572]</SD>
		<WAVELENGTH_UNIT>E-6m</WAVELENGTH_UNIT>
		<COLOR>#b05112</COLOR>
		<COVARIANCE_MATRIX>[[0.00025467577506788075, 0.00011440904927439988, 9.151094127446413e-05, 7.66760713304393e-05], [0.00011440904927439988, 7.348280632868409e-05, 6.155503069749102e-05, 5.341737050912343e-05], [9.151094127446413e-05, 6.155503069749102e-05, 6.791771011194214e-05, 5.538403274840675e-05], [7.66760713304393e-05, 5.341737050912343e-05, 5.538403274840675e-05, 5.975997919449583e-05]]</COVARIANCE_MATRIX>
		<ROI_SIZE>7969</ROI_SIZE>
		<MAX_VALUE>[0.14422164857387543, 0.11912951618432999, 0.1084250807762146, 0.09851175546646118]</MAX_VALUE>
		<MIN_VALUE>[0.06339462101459503, 0.05542847141623497, 0.04633987322449684, 0.03264857083559036]</MIN_VALUE>
		<SIGNATURE_THRESHOLD_MD>0.0</SIGNATURE_THRESHOLD_MD>
		<SIGNATURE_THRESHOLD_ML>0.0</SIGNATURE_THRESHOLD_ML>
		<SIGNATURE_THRESHOLD_SAM>0.0</SIGNATURE_THRESHOLD_SAM>
	</signature>
	<signature ID="20200826_104319761992_704">
		<MACROCLASSID>1</MACROCLASSID>
		<MACROCLASSINFO>waterbody</MACROCLASSINFO>
		<CLASSID>21</CLASSID>
		<CLASSINFO>C 1</CLASSINFO>
		<VALUES>[0.04341077272187785, 0.005663992442614735, 0.03658650587875764, 0.004112918530978906, 0.027071603436036665, 0.00447142463601336, 0.02117177035263823, 0.004201278067631025]</VALUES>
		<LCS_MIN>[0.005661051254719496, 0.026763012632727623, 0.014458286575973034, 0.016182774677872658]</LCS_MIN>
		<LCS_MAX>[0.08648805320262909, 0.07772384583950043, 0.07486550509929657, 0.06969660520553589]</LCS_MAX>
		<WAVELENGTH>[0.55, 0.65, 0.75, 0.95]</WAVELENGTH>
		<MEAN_VALUE>[0.04341077272187785, 0.03658650587875764, 0.027071603436036665, 0.02117177035263823]</MEAN_VALUE>
		<CHECKBOX>2</CHECKBOX>
		<SD>[0.005663992442614735, 0.004112918530978906, 0.00447142463601336, 0.004201278067631025]</SD>
		<WAVELENGTH_UNIT>E-6m</WAVELENGTH_UNIT>
		<COLOR>#ac2301</COLOR>
		<COVARIANCE_MATRIX>[[2.7755344490287825e-05, 1.4758732504560612e-05, 1.4203980754246004e-05, 5.442053861770546e-06], [1.4758732504560612e-05, 1.442127631889889e-05, 1.1581886610656511e-05, 5.885302471142495e-06], [1.4203980754246004e-05, 1.1581886610656511e-05, 1.694569073151797e-05, 7.207491762528662e-06], [5.442053861770546e-06, 5.885302471142495e-06, 7.207491762528662e-06, 1.5258052371791564e-05]]</COVARIANCE_MATRIX>
		<ROI_SIZE>7449</ROI_SIZE>
		<MAX_VALUE>[0.08648805320262909, 0.07772384583950043, 0.07486550509929657, 0.06969660520553589]</MAX_VALUE>
		<MIN_VALUE>[0.005661051254719496, 0.026763012632727623, 0.014458286575973034, 0.016182774677872658]</MIN_VALUE>
		<SIGNATURE_THRESHOLD_MD>0.0</SIGNATURE_THRESHOLD_MD>
		<SIGNATURE_THRESHOLD_ML>0.0</SIGNATURE_THRESHOLD_ML>
		<SIGNATURE_THRESHOLD_SAM>0.0</SIGNATURE_THRESHOLD_SAM>
	</signature>
	<signature ID="20200826_104330999743_505">
		<MACROCLASSID>1</MACROCLASSID>
		<MACROCLASSINFO>waterbody</MACROCLASSINFO>
		<CLASSID>22</CLASSID>
		<CLASSINFO>C 1</CLASSINFO>
		<VALUES>[0.04696483425838748, 0.004899939856943961, 0.038107325340014535, 0.00329164543675353, 0.029367663563636386, 0.004257417420587106, 0.020967202734939853, 0.003956672877175142]</VALUES>
		<LCS_MIN>[0.03568250313401222, 0.03154058754444122, 0.01613626442849636, 0.016182774677872658]</LCS_MIN>
		<LCS_MAX>[0.09341607987880707, 0.07613130658864975, 0.07654348760843277, 0.0717548355460167]</LCS_MAX>
		<WAVELENGTH>[0.55, 0.65, 0.75, 0.95]</WAVELENGTH>
		<MEAN_VALUE>[0.04696483425838748, 0.038107325340014535, 0.029367663563636386, 0.020967202734939853]</MEAN_VALUE>
		<CHECKBOX>2</CHECKBOX>
		<SD>[0.004899939856943961, 0.00329164543675353, 0.004257417420587106, 0.003956672877175142]</SD>
		<WAVELENGTH_UNIT>E-6m</WAVELENGTH_UNIT>
		<COLOR>#1374ba</COLOR>
		<COVARIANCE_MATRIX>[[2.3094362404663116e-05, 1.063022227754118e-05, 1.4463001207332127e-05, 7.568145520053804e-06], [1.063022227754118e-05, 1.0843413292604964e-05, 1.0110968105436768e-05, 6.043313078407664e-06], [1.4463001207332127e-05, 1.0110968105436768e-05, 1.7594093151274137e-05, 8.140362297126558e-06], [7.568145520053804e-06, 6.043313078407664e-06, 8.140362297126558e-06, 1.52688953676261e-05]]</COVARIANCE_MATRIX>
		<ROI_SIZE>8764</ROI_SIZE>
		<MAX_VALUE>[0.09341607987880707, 0.07613130658864975, 0.07654348760843277, 0.0717548355460167]</MAX_VALUE>
		<MIN_VALUE>[0.03568250313401222, 0.03154058754444122, 0.01613626442849636, 0.016182774677872658]</MIN_VALUE>
		<SIGNATURE_THRESHOLD_MD>0.0</SIGNATURE_THRESHOLD_MD>
		<SIGNATURE_THRESHOLD_ML>0.0</SIGNATURE_THRESHOLD_ML>
		<SIGNATURE_THRESHOLD_SAM>0.0</SIGNATURE_THRESHOLD_SAM>
	</signature>
	<signature ID="20200826_104340987979_820">
		<MACROCLASSID>1</MACROCLASSID>
		<MACROCLASSINFO>waterbody</MACROCLASSINFO>
		<CLASSID>23</CLASSID>
		<CLASSINFO>C 1</CLASSINFO>
		<VALUES>[0.15171405832563012, 0.012645184859112658, 0.12231277713694108, 0.01182865000786354, 0.08076288735268493, 0.009558160476096656, 0.04683231698315712, 0.012343662773443224]</VALUES>
