<?xml version="1.0" ?>
<signaturelist MCID_LIST="[['1', 'waterbody', '#0000ff'], ['2', 'vegetation', '#00ff00'], ['3', 'bareland', '#ffaa00'], ['4', 'built-up', '#ff0000']]">
	<signature ID="20210202_164924811141_677">
		<MACROCLASSID>1</MACROCLASSID>
		<MACROCLASSINFO>waterbody</MACROCLASSINFO>
		<CLASSID>1</CLASSID>
		<CLASSINFO>C 1</CLASSINFO>
		<VALUES>[0.14984418509522707, 0.0034352622361145317, 0.13652715753031625, 0.00527879893055231, 0.11350682267011741, 0.005040805534642137, 0.1094263274700214, 0.00734327391443049, 0.02824931124124428, 0.006404923705088665, 0.012548034870997083, 0.004190696276265383]</VALUES>
		<LCS_MIN>[0.1294720321893692, 0.10282734781503677, 0.07594075053930283, 0.10048754513263702, 0.020286206156015396, 0.002616121666505933]</LCS_MIN>
		<LCS_MAX>[0.15640053153038025, 0.14760667085647583, 0.12364355474710464, 0.14421875774860382, 0.06379887461662292, 0.0356980636715889]</LCS_MAX>
		<WAVELENGTH>[0.485, 0.56, 0.66, 0.83, 1.65, 2.215]</WAVELENGTH>
		<MEAN_VALUE>[0.14984418509522707, 0.13652715753031625, 0.11350682267011741, 0.1094263274700214, 0.02824931124124428, 0.012548034870997083]</MEAN_VALUE>
		<CHECKBOX>2</CHECKBOX>
		<SD>[0.0034352622361145317, 0.00527879893055231, 0.005040805534642137, 0.00734327391443049, 0.006404923705088665, 0.004190696276265383]</SD>
		<WAVELENGTH_UNIT>E-6m</WAVELENGTH_UNIT>
		<COLOR>#93cc4a</COLOR>
		<COVARIANCE_MATRIX>[[1.128969233832322e-05, 1.3517968000087421e-05, 1.2522472388809547e-05, -1.3678376490133815e-05, -1.009475363389356e-05, -4.7246903704945e-06], [1.3517968000087421e-05, 2.8040038159815595e-05, 2.261987901874818e-05, -2.517546818125993e-05, -1.8357970475335605e-05, -8.570327736379113e-06], [1.2522472388809547e-05, 2.261987901874818e-05, 2.6281686587026343e-05, -2.5429497327422723e-05, -1.7528851458337158e-05, -8.195219379558694e-06], [-1.3678376490133815e-05, -2.517546818125993e-05, -2.5429497327422723e-05, 5.571820292971097e-05, 3.928326623281464e-05, 1.965063529496547e-05], [-1.009475363389356e-05, -1.8357970475335605e-05, -1.7528851458337158e-05, 3.928326623281464e-05, 4.215511216898449e-05, 1.953868195414543e-05], [-4.7246903704945e-06, -8.570327736379113e-06, -8.195219379558694e-06, 1.965063529496547e-05, 1.953868195414543e-05, 1.8181830455432646e-05]]</COVARIANCE_MATRIX>
		<ROI_SIZE>5674</ROI_SIZE>
		<MAX_VALUE>[0.15640053153038025, 0.14760667085647583, 0.12364355474710464, 0.14421875774860382, 0.06379887461662292, 0.0356980636715889]</MAX_VALUE>
		<MIN_VALUE>[0.1294720321893692, 0.10282734781503677, 0.07594075053930283, 0.10048754513263702, 0.020286206156015396, 0.002616121666505933]</MIN_VALUE>
		<SIGNATURE_THRESHOLD_MD>0.0</SIGNATURE_THRESHOLD_MD>
		<SIGNATURE_THRESHOLD_ML>0.0</SIGNATURE_THRESHOLD_ML>
		<SIGNATURE_THRESHOLD_SAM>0.0</SIGNATURE_THRESHOLD_SAM>
	</signature>
	<signature ID="20210202_164931023284_715">
		<MACROCLASSID>1</MACROCLASSID>
		<MACROCLASSINFO>waterbody</MACROCLASSINFO>
		<CLASSID>2</CLASSID>
		<CLASSINFO>C 1</CLASSINFO>
		<VALUES>[0.15523713320617227, 0.0031036535840309907, 0.14966535507193712, 0.004417258386206555, 0.1384766743884268, 0.005183393046022024, 0.1057214034520046, 0.006560326212408382, 0.025712419361224856, 0.005267554514848787, 0.01214890574997348, 0.0039699122916813274]</VALUES>
		<LCS_MIN>[0.13897620141506195, 0.12005016207695007, 0.1045624315738678, 0.09651198238134384, 0.017726639285683632, 0.0]</LCS_MIN>
		<LCS_MAX>[0.1643206924200058, 0.1579403579235077, 0.15226523578166962, 0.14024318754673004, 0.05612017586827278, 0.0356980636715889]</LCS_MAX>
		<WAVELENGTH>[0.485, 0.56, 0.66, 0.83, 1.65, 2.215]</WAVELENGTH>
		<MEAN_VALUE>[0.15523713320617227, 0.14966535507193712, 0.1384766743884268, 0.1057214034520046, 0.025712419361224856, 0.01214890574997348]</MEAN_VALUE>
		<CHECKBOX>2</CHECKBOX>
		<SD>[0.0031036535840309907, 0.004417258386206555, 0.005183393046022024, 0.006560326212408382, 0.005267554514848787, 0.0039699122916813274]</SD>
		<WAVELENGTH_UNIT>E-6m</WAVELENGTH_UNIT>
		<COLOR>#615277</COLOR>
		<COVARIANCE_MATRIX>[[1.1671713764371816e-05, 1.2434389645932242e-05, 1.4339289009512868e-05, -2.5717829430504935e-06, -4.1148900891130324e-06, -2.2888211788085755e-06], [1.2434389645932242e-05, 2.2717338652000763e-05, 2.2248996174312197e-05, -4.828974397241836e-06, -7.362241376540624e-06, -3.976447260356508e-06], [1.4339289009512868e-05, 2.2248996174312197e-05, 3.103818016825244e-05, -5.074834461993305e-06, -8.424038242083043e-06, -4.600007741828449e-06], [-2.5717829430504935e-06, -4.828974397241836e-06, -5.074834461993305e-06, 4.0011520468397066e-05, 2.3320048057939857e-05, 1.251297362614423e-05], [-4.1148900891130324e-06, -7.362241376540624e-06, -8.424038242083043e-06, 2.3320048057939857e-05, 2.5725035811774433e-05, 1.239231824001763e-05], [-2.2888211788085755e-06, -3.976447260356508e-06, -4.600007741828449e-06, 1.251297362614423e-05, 1.239231824001763e-05, 1.4741072845936287e-05]]</COVARIANCE_MATRIX>
		<ROI_SIZE>12320</ROI_SIZE>
		<MAX_VALUE>[0.1643206924200058, 0.1579403579235077, 0.15226523578166962, 0.14024318754673004, 0.05612017586827278, 0.0356980636715889]</MAX_VALUE>
		<MIN_VALUE>[0.13897620141506195, 0.12005016207695007, 0.1045624315738678, 0.09651198238134384, 0.017726639285683632, 0.0]</MIN_VALUE>
		<SIGNATURE_THRESHOLD_MD>0.0</SIGNATURE_THRESHOLD_MD>
		<SIGNATURE_THRESHOLD_ML>0.0</SIGNATURE_THRESHOLD_ML>
		<SIGNATURE_THRESHOLD_SAM>0.0</SIGNATURE_THRESHOLD_SAM>
	</signature>
	<signature ID="20210202_164955809582_759">
		<MACROCLASSID>1</MACROCLASSID>
		<MACROCLASSINFO>waterbody</MACROCLASSINFO>
		<CLASSID>3</CLASSID>
		<CLASSINFO>C 1</CLASSINFO>
		<VALUES>[0.15496454176397215, 0.003289939498230811, 0.14075778550947085, 0.005096457605968224, 0.11444664463209343, 0.004988807640206435, 0.11382379315828317, 0.007786754301058047, 0.031260060455441205, 0.007606758183615339, 0.014012730578542675, 0.0050416542981038155]</VALUES>
		<LCS_MIN>[0.14056022465229034, 0.10971646010875702, 0.08548130840063095, 0.10446310043334961, 0.020286206156015396, 0.002616121666505933]</LCS_MIN>
		<LCS_MAX>[0.1627366542816162, 0.14760667085647583, 0.12364355474710464, 0.152169868350029, 0.06891801953315735, 0.043049607425928116]</LCS_MAX>
		<WAVELENGTH>[0.485, 0.56, 0.66, 0.83, 1.65, 2.215]</WAVELENGTH>
		<MEAN_VALUE>[0.15496454176397215, 0.14075778550947085, 0.11444664463209343, 0.11382379315828317, 0.031260060455441205, 0.014012730578542675]</MEAN_VALUE>
		<CHECKBOX>2</CHECKBOX>
		<SD>[0.003289939498230811, 0.005096457605968224, 0.004988807640206435, 0.007786754301058047, 0.007606758183615339, 0.0050416542981038155]</SD>
		<WAVELENGTH_UNIT>E-6m</WAVELENGTH_UNIT>
		<COLOR>#122e4d</COLOR>
		<COVARIANCE_MATRIX>[[1.072964005288668e-05, 1.331246312474832e-05, 1.3037984899710864e-05, -1.2324855561018921e-05, -1.0859872418222949e-05, -4.977643129677745e-06], [1.331246312474832e-05, 2.7678846890921704e-05, 2.2828406144981273e-05, -2.3570220946567133e-05, -2.0510096874204464e-05, -9.726058124215342e-06], [1.3037984899710864e-05, 2.2828406144981273e-05, 2.6264995540259406e-05, -1.9859708118019626e-05, -1.679847264313139e-05, -7.610880402353359e-06], [-1.2324855561018921e-05, -2.3570220946567133e-05, -1.9859708118019626e-05, 6.514979031635448e-05, 5.136533945915289e-05, 2.6878617063630372e-05], [-1.0859872418222949e-05, -2.0510096874204464e-05, -1.679847264313139e-05, 5.136533945915289e-05, 5.598577263299376e-05, 2.789750215015374e-05], [-4.977643129677745e-06, -9.726058124215342e-06, -7.610880402353359e-06, 2.6878617063630372e-05, 2.789750215015374e-05, 2.3809239792171866e-05]]</COVARIANCE_MATRIX>
		<ROI_SIZE>5701</ROI_SIZE>
		<MAX_VALUE>[0.1627366542816162, 0.14760667085647583, 0.12364355474710464, 0.152169868350029, 0.06891801953315735, 0.043049607425928116]</MAX_VALUE>
		<MIN_VALUE>[0.14056022465229034, 0.10971646010875702, 0.08548130840063095, 0.10446310043334961, 0.020286206156015396, 0.002616121666505933]</MIN_VALUE>
		<SIGNATURE_THRESHOLD_MD>0.0</SIGNATURE_THRESHOLD_MD>
		<SIGNATURE_THRESHOLD_ML>0.0</SIGNATURE_THRESHOLD_ML>
		<SIGNATURE_THRESHOLD_SAM>0.0</SIGNATURE_THRESHOLD_SAM>
	</signature>
	<signature ID="20210202_165003208155_260">
		<MACROCLASSID>1</MACROCLASSID>
		<MACROCLASSINFO>waterbody</MACROCLASSINFO>
		<CLASSID>4</CLASSID>
		<CLASSINFO>C 1</CLASSINFO>
		<VALUES>[0.13625743210315708, 0.0018957330759848605, 0.11296062220226628, 0.0028561351325957674, 0.08751663338054312, 0.0027481763714707072, 0.1286923639069904, 0.012009628038383213, 0.045416522418910775, 0.011820372745592889, 0.02348113603551277, 0.00851059231981366]</VALUES>
		<LCS_MIN>[0.1310560405254364, 0.1062719076871872, 0.08230112493038177, 0.10843866318464279, 0.025405345484614372, 0.006291891448199749]</LCS_MIN>
		<LCS_MAX>[0.14214426279067993, 0.12005016207695007, 0.09820205718278885, 0.16012100875377655, 0.07403716444969177, 0.04672537371516228]</LCS_MAX>
		<WAVELENGTH>[0.485, 0.56, 0.66, 0.83, 1.65, 2.215]</WAVELENGTH>
		<MEAN_VALUE>[0.13625743210315708, 0.11296062220226628, 0.08751663338054312, 0.1286923639069904, 0.045416522418910775, 0.02348113603551277]</MEAN_VALUE>
		<CHECKBOX>2</CHECKBOX>
		<SD>[0.0018957330759848605, 0.0028561351325957674, 0.0027481763714707072, 0.012009628038383213, 0.011820372745592889, 0.00851059231981366]</SD>
		<WAVELENGTH_UNIT>E-6m</WAVELENGTH_UNIT>
		<COLOR>#ff0db6</COLOR>
		<COVARIANCE_MATRIX>[[3.943311185139464e-06, 1.3130431852914626e-06, 1.1835303439511335e-06, -3.94402741221711e-06, -1.5302324527510791e-06, -9.737500761275442e-08], [1.3130431852914626e-06, 8.090196388366167e-06, 3.311688942631008e-06, -4.8964193410938606e-06, 5.356320897931255e-08, 3.1933145692164544e-06], [1.1835303439511335e-06, 3.311688942631008e-06, 7.369937065959675e-06, 4.864351012656698e-06, 1.0407312402094249e-05, 1.058308407664299e-05], [-3.94402741221711e-06, -4.8964193410938606e-06, 4.864351012656698e-06, 0.0001455821329727769, 0.00011654783884296194, 6.646339897997677e-05], [-1.5302324527510791e-06, 5.356320897931255e-08, 1.0407312402094249e-05, 0.00011654783884296194, 0.00013653443602379411, 8.033082849578932e-05], [-9.737500761275442e-08, 3.1933145692164544e-06, 1.058308407664299e-05, 6.646339897997677e-05, 8.033082849578932e-05, 7.363708573393524e-05]]</COVARIANCE_MATRIX>
		<ROI_SIZE>479</ROI_SIZE>
		<MAX_VALUE>[0.14214426279067993, 0.12005016207695007, 0.09820205718278885, 0.16012100875377655, 0.07403716444969177, 0.04672537371516228]</MAX_VALUE>
		<MIN_VALUE>[0.1310560405254364, 0.1062719076871872, 0.08230112493038177, 0.10843866318464279, 0.025405345484614372, 0.006291891448199749]</MIN_VALUE>
		<SIGNATURE_THRESHOLD_MD>0.0</SIGNATURE_THRESHOLD_MD>
		<SIGNATURE_THRESHOLD_ML>0.0</SIGNATURE_THRESHOLD_ML>
		<SIGNATURE_THRESHOLD_SAM>0.0</SIGNATURE_THRESHOLD_SAM>
	</signature>
	<signature ID="20210202_165012642424_763">
		<MACROCLASSID>1</MACROCLASSID>
		<MACROCLASSINFO>waterbody</MACROCLASSINFO>
		<CLASSID>5</CLASSID>
		<CLASSINFO>C 1</CLASSINFO>
		<VALUES>[0.131627335900166, 0.0021470097008274513, 0.1105070225283748, 0.002951513724914497, 0.08615905669380407, 0.003692340488172094, 0.1373755642380871, 0.014435528826141816, 0.06409260465717706, 0.012718702776144163, 0.03792762912077005, 0.009132698706042906]</VALUES>
		<LCS_MIN>[0.12788799405097961, 0.10282734781503677, 0.079120934009552, 0.11638980358839035, 0.03308404982089996, 0.01731920801103115]</LCS_MIN>
		<LCS_MAX>[0.13897620141506195, 0.11316103488206863, 0.09502186626195908, 0.1680721491575241, 0.08683501929044724, 0.05775268375873566]</LCS_MAX>
		<WAVELENGTH>[0.485, 0.56, 0.66, 0.83, 1.65, 2.215]</WAVELENGTH>
		<MEAN_VALUE>[0.131627335900166, 0.1105070225283748, 0.08615905669380407, 0.1373755642380871, 0.06409260465717706, 0.03792762912077005]</MEAN_VALUE>
		<CHECKBOX>2</CHECKBOX>
		<SD>[0.0021470097008274513, 0.002951513724914497, 0.003692340488172094, 0.014435528826141816, 0.012718702776144163, 0.009132698706042906]</SD>
		<WAVELENGTH_UNIT>E-6m</WAVELENGTH_UNIT>
		<COLOR>#038140</COLOR>
		<COVARIANCE_MATRIX>[[4.68647795059951e-06, 7.230300980154425e-07, 2.88073465526395e-06, -5.576448529609479e-06, -7.787429581185279e-07, 3.547550875282468e-07], [7.230300980154425e-07, 8.856623935571406e-06, 5.480178060679464e-06, -3.857517185679171e-06, 6.08251912126434e-06, 1.086947122530546e-05], [2.88073465526395e-06, 5.480178060679464e-06, 1.3860601029591635e-05, 9.561721526551992e-06, 1.8655073290574364e-05, 1.6582685930188745e-05], [-5.576448529609479e-06, -3.857517185679171e-06, 9.561721526551992e-06, 0.00021185756486374885, 0.00012449144560378045, 5.350609717424959e-05], [-7.787429581185279e-07, 6.08251912126434e-06, 1.8655073290574364e-05, 0.00012449144560378045, 0.00016446149675175548, 9.859273268375546e-05], [3.547550875282468e-07, 1.086947122530546e-05, 1.6582685930188745e-05, 5.350609717424959e-05, 9.859273268375546e-05, 8.479628741042688e-05]]</COVARIANCE_MATRIX>
		<ROI_SIZE>61</ROI_SIZE>
		<MAX_VALUE>[0.13897620141506195, 0.11316103488206863, 0.09502186626195908, 0.1680721491575241, 0.08683501929044724, 0.05775268375873566]</MAX_VALUE>
		<MIN_VALUE>[0.12788799405097961, 0.10282734781503677, 0.079120934009552, 0.11638980358839035, 0.03308404982089996, 0.01731920801103115]</MIN_VALUE>
		<SIGNATURE_THRESHOLD_MD>0.0</SIGNATURE_THRESHOLD_MD>
		<SIGNATURE_THRESHOLD_ML>0.0</SIGNATURE_THRESHOLD_ML>
		<SIGNATURE_THRESHOLD_SAM>0.0</SIGNATURE_THRESHOLD_SAM>
	</signature>
	<signature ID="20210202_165022295372_781">
		<MACROCLASSID>1</MACROCLASSID>
		<MACROCLASSINFO>waterbody</MACROCLASSINFO>
		<CLASSID>6</CLASSID>
		<CLASSINFO>C 1</CLASSINFO>
		<VALUES>[0.13779439917565617, 0.003073737186830702, 0.11901318796798209, 0.004361269993418734, 0.09790235603745073, 0.005840919426400868, 0.1126640054997037, 0.008750055883012102, 0.04291360266994278, 0.010672358244242678, 0.023910576453266646, 0.008582744950198121]</VALUES>
		<LCS_MIN>[0.12788799405097961, 0.1062719076871872, 0.08548130840063095, 0.10048754513263702, 0.025405345484614372, 0.009967664256691933]</LCS_MIN>
		<LCS_MAX>[0.15006442368030548, 0.13382841646671295, 0.1172831729054451, 0.14421875774860382, 0.07403716444969177, 0.05775268375873566]</LCS_MAX>
		<WAVELENGTH>[0.485, 0.56, 0.66, 0.83, 1.65, 2.215]</WAVELENGTH>
		<MEAN_VALUE>[0.13779439917565617, 0.11901318796798209, 0.09790235603745073, 0.1126640054997037, 0.04291360266994278, 0.023910576453266646]</MEAN_VALUE>
		<CHECKBOX>2</CHECKBOX>
		<SD>[0.003073737186830702, 0.004361269993418734, 0.005840919426400868, 0.008750055883012102, 0.010672358244242678, 0.008582744950198121]</SD>
		<WAVELENGTH_UNIT>E-6m</WAVELENGTH_UNIT>
		<COLOR>#98409f</COLOR>
		<COVARIANCE_MATRIX>[[6.940703315194696e-06, 5.605121259577572e-06, 6.850679255876457e-06, 5.7708807617018465e-06, 3.2605435080768075e-06, 3.350855649841833e-06], [5.605121259577572e-06, 1.3810944437864237e-05, 1.4988584553066175e-05, 1.0662429303920362e-05, 7.226566140161594e-06, 6.802759799029445e-06], [6.850679255876457e-06, 1.4988584553066175e-05, 2.9757115044048987e-05, 2.1088606445118785e-05, 1.714935206109658e-05, 1.5576250007143244e-05], [5.7708807617018465e-06, 1.0662429303920362e-05, 2.1088606445118785e-05, 7.655360241187736e-05, 6.533620762638748e-05, 5.0705759349511936e-05], [3.2605435080768075e-06, 7.226566140161594e-06, 1.714935206109658e-05, 6.533620762638748e-05, 0.00010212326014880091, 7.14049456291832e-05], [3.350855649841833e-06, 6.802759799029445e-06, 1.5576250007143244e-05, 5.0705759349511936e-05, 7.14049456291832e-05, 6.99425654602237e-05]]</COVARIANCE_MATRIX>
		<ROI_SIZE>1270</ROI_SIZE>
		<MAX_VALUE>[0.15006442368030548, 0.13382841646671295, 0.1172831729054451, 0.14421875774860382, 0.07403716444969177, 0.05775268375873566]</MAX_VALUE>
		<MIN_VALUE>[0.12788799405097961, 0.1062719076871872, 0.08548130840063095, 0.10048754513263702, 0.025405345484614372, 0.009967664256691933]</MIN_VALUE>
		<SIGNATURE_THRESHOLD_MD>0.0</SIGNATURE_THRESHOLD_MD>
		<SIGNATURE_THRESHOLD_ML>0.0</SIGNATURE_THRESHOLD_ML>
		<SIGNATURE_THRESHOLD_SAM>0.0</SIGNATURE_THRESHOLD_SAM>
	</signature>
	<signature ID="20210202_165030061025_676">
		<MACROCLASSID>1</MACROCLASSID>
		<MACROCLASSINFO>waterbody</MACROCLASSINFO>
		<CLASSID>7</CLASSID>
		<CLASSINFO>C 1</CLASSINFO>
		<VALUES>[0.14942560616086742, 0.0019567135910095574, 0.13656148964264342, 0.0027470786188123607, 0.12080745462511408, 0.005575350630774506, 0.11791485074113624, 0.009512303348087042, 0.04823166725576898, 0.01167982459790799, 0.029587845840170723, 0.009328100492036471]</VALUES>
		<LCS_MIN>[0.14372828602790833, 0.13038384914398193, 0.11092281341552734, 0.10446310043334961, 0.03308404982089996, 0.013643436133861542]</LCS_MIN>
		<LCS_MAX>[0.15481649339199066, 0.14760667085647583, 0.1395445019006729, 0.152169868350029, 0.08427543193101883, 0.06142846494913101]</LCS_MAX>
		<WAVELENGTH>[0.485, 0.56, 0.66, 0.83, 1.65, 2.215]</WAVELENGTH>
		<MEAN_VALUE>[0.14942560616086742, 0.13656148964264342, 0.12080745462511408, 0.11791485074113624, 0.04823166725576898, 0.029587845840170723]</MEAN_VALUE>
		<CHECKBOX>2</CHECKBOX>
		<SD>[0.0019567135910095574, 0.0027470786188123607, 0.005575350630774506, 0.009512303348087042, 0.01167982459790799, 0.009328100492036471]</SD>
		<WAVELENGTH_UNIT>E-6m</WAVELENGTH_UNIT>
		<COLOR>#942c44</COLOR>
		<COVARIANCE_MATRIX>[[3.8889497773197945e-06, 1.2551962527140859e-06, 4.706687946054444e-07, 2.449029352646903e-06, 3.6261960758565692e-06, 3.5606115034170216e-06], [1.2551962527140859e-06, 7.354461104114307e-06, 6.628964911215007e-06, 8.543298463337123e-06, 6.978456895012641e-06, 3.7050679111416684e-06], [4.706687946054444e-07, 6.628964911215007e-06, 2.871352444344666e-05, 2.7561951355892234e-05, 1.3388613297138363e-05, 3.970166289946064e-06], [2.449029352646903e-06, 8.543298463337123e-06, 2.7561951355892234e-05, 8.333990263054147e-05, 7.25088466424495e-05, 4.7557092329952866e-05], [3.6261960758565692e-06, 6.978456895012641e-06, 1.3388613297138363e-05, 7.25088466424495e-05, 0.00013176265929359943, 8.878138760337606e-05], [3.5606115034170216e-06, 3.7050679111416684e-06, 3.970166289946064e-06, 4.7557092329952866e-05, 8.878138760337606e-05, 8.406889537582174e-05]]</COVARIANCE_MATRIX>
		<ROI_SIZE>435</ROI_SIZE>
		<MAX_VALUE>[0.15481649339199066, 0.14760667085647583, 0.1395445019006729, 0.152169868350029, 0.08427543193101883, 0.06142846494913101]</MAX_VALUE>
		<MIN_VALUE>[0.14372828602790833, 0.13038384914398193, 0.11092281341552734, 0.10446310043334961, 0.03308404982089996, 0.013643436133861542]</MIN_VALUE>
		<SIGNATURE_THRESHOLD_MD>0.0</SIGNATURE_THRESHOLD_MD>
		<SIGNATURE_THRESHOLD_ML>0.0</SIGNATURE_THRESHOLD_ML>
		<SIGNATURE_THRESHOLD_SAM>0.0</SIGNATURE_THRESHOLD_SAM>
	</signature>
	<signature ID="20210202_165034776719_424">
		<MACROCLASSID>1</MACROCLASSID>
		<MACROCLASSINFO>waterbody</MACROCLASSINFO>
		<CLASSID>8</CLASSID>
		<CLASSINFO>C 1</CLASSINFO>
		<VALUES>[0.1483587837620364, 0.0017936897316249436, 0.13103944108626586, 0.0020184570247580302, 0.1072343262666532, 0.0039962708694446115, 0.10086796101335478, 0.007224261923576423, 0.03465585902012043, 0.008255602510840242, 0.01883435159721867, 0.0068828492563523256]</VALUES>
		<LCS_MIN>[0.14214426279067993, 0.1269392967224121, 0.09820205718278885, 0.09253641217947006, 0.022845778614282608, 0.006291891448199749]</LCS_MIN>
		<LCS_MAX>[0.15481649339199066, 0.140717551112175, 0.12364355474710464, 0.13626760244369507, 0.06891801953315735, 0.050401151180267334]</LCS_MAX>
		<WAVELENGTH>[0.485, 0.56, 0.66, 0.83, 1.65, 2.215]</WAVELENGTH>
		<MEAN_VALUE>[0.1483587837620364, 0.13103944108626586, 0.1072343262666532, 0.10086796101335478, 0.03465585902012043, 0.01883435159721867]</MEAN_VALUE>
		<CHECKBOX>2</CHECKBOX>
		<SD>[0.0017936897316249436, 0.0020184570247580302, 0.0039962708694446115, 0.007224261923576423, 0.008255602510840242, 0.0068828492563523256]</SD>
		<WAVELENGTH_UNIT>E-6m</WAVELENGTH_UNIT>
		<COLOR>#9dd349</COLOR>
		<COVARIANCE_MATRIX>[[3.2192842809308786e-06, 6.009383923810674e-07, 3.4328726883359195e-07, 7.636215855200135e-07, 9.347326681563572e-07, 6.163788839330664e-07], [6.009383923810674e-07, 4.54507744507282e-06, 2.395189994786051e-06, 5.050406798545737e-06, 5.3764529184263665e-06, 3.960240064770915e-06], [3.4328726883359195e-07, 2.395189994786051e-06, 1.2518247785919812e-05, 1.488408543082187e-05, 1.740403240546584e-05, 1.2702146705123596e-05], [7.636215855200135e-07, 5.050406798545737e-06, 1.488408543082187e-05, 5.729949043598026e-05, 5.413572216639295e-05, 3.7907593650743365e-05], [9.347326681563572e-07, 5.3764529184263665e-06, 1.740403240546584e-05, 5.413572216639295e-05, 7.453499711118639e-05, 4.923329106532037e-05], [6.163788839330664e-07, 3.960240064770915e-06, 1.2702146705123596e-05, 3.7907593650743365e-05, 4.923329106532037e-05, 4.757007991429418e-05]]</COVARIANCE_MATRIX>
		<ROI_SIZE>2662</ROI_SIZE>
		<MAX_VALUE>[0.15481649339199066, 0.140717551112175, 0.12364355474710464, 0.13626760244369507, 0.06891801953315735, 0.050401151180267334]</MAX_VALUE>
		<MIN_VALUE>[0.14214426279067993, 0.1269392967224121, 0.09820205718278885, 0.09253641217947006, 0.022845778614282608, 0.006291891448199749]</MIN_VALUE>
		<SIGNATURE_THRESHOLD_MD>0.0</SIGNATURE_THRESHOLD_MD>
		<SIGNATURE_THRESHOLD_ML>0.0</SIGNATURE_THRESHOLD_ML>
		<SIGNATURE_THRESHOLD_SAM>0.0</SIGNATURE_THRESHOLD_SAM>
	</signature>
	<signature ID="20210202_165040883553_614">
		<MACROCLASSID>1</MACROCLASSID>
		<MACROCLASSINFO>waterbody</MACROCLASSINFO>
		<CLASSID>9</CLASSID>
		<CLASSINFO>C 1</CLASSINFO>
		<VALUES>[0.141568816402209, 0.002679919153199267, 0.11592953264859329, 0.00470077739624938, 0.08722615090903765, 0.004883021518124557, 0.07471427705270242, 0.003974374884037171, 0.023606645392728876, 0.0027330667774145305, 0.013335177916149925, 0.003086044623548608]</VALUES>
		<LCS_MIN>[0.1326400637626648, 0.10282734781503677, 0.079120934009552, 0.06868303567171097, 0.015167069621384144, 0.0]</LCS_MIN>
		<LCS_MAX>[0.15956859290599823, 0.1441621035337448, 0.12364355474710464, 0.11241423338651657, 0.04588190093636513, 0.0356980636715889]</LCS_MAX>
		<WAVELENGTH>[0.485, 0.56, 0.66, 0.83, 1.65, 2.215]</WAVELENGTH>
		<MEAN_VALUE>[0.141568816402209, 0.11592953264859329, 0.08722615090903765, 0.07471427705270242, 0.023606645392728876, 0.013335177916149925]</MEAN_VALUE>
		<CHECKBOX>2</CHECKBOX>
		<SD>[0.002679919153199267, 0.00470077739624938, 0.004883021518124557, 0.003974374884037171, 0.0027330667774145305, 0.003086044623548608]</SD>
		<WAVELENGTH_UNIT>E-6m</WAVELENGTH_UNIT>
		<COLOR>#af84bd</COLOR>
		<COVARIANCE_MATRIX>[[6.913885499670869e-06, 8.095665180007927e-06, 8.148121196427383e-06, 6.394566753442632e-06, 2.702202209547977e-06, 1.6571760852457373e-06], [8.095665180007927e-06, 2.168038918171078e-05, 1.7794440282159485e-05, 1.4123091204965021e-05, 5.9385952226875816e-06, 3.4891313589469064e-06], [8.148121196427383e-06, 1.7794440282159485e-05, 2.2544692910742015e-05, 1.4121733329375274e-05, 6.585549726878526e-06, 4.014343630842632e-06], [6.394566753442632e-06, 1.4123091204965021e-05, 1.4121733329375274e-05, 1.553851689095609e-05, 5.013556346966652e-06, 3.204493395969621e-06], [2.702202209547977e-06, 5.9385952226875816e-06, 6.585549726878526e-06, 5.013556346966652e-06, 7.268274657690199e-06, 2.0256732113921316e-06], [1.6571760852457373e-06, 3.4891313589469064e-06, 4.014343630842632e-06, 3.204493395969621e-06, 2.0256732113921316e-06, 9.358790521218907e-06]]</COVARIANCE_MATRIX>
		<ROI_SIZE>21601</ROI_SIZE>
		<MAX_VALUE>[0.15956859290599823, 0.1441621035337448, 0.12364355474710464, 0.11241423338651657, 0.04588190093636513, 0.0356980636715889]</MAX_VALUE>
		<MIN_VALUE>[0.1326400637626648, 0.10282734781503677, 0.079120934009552, 0.06868303567171097, 0.015167069621384144, 0.0]</MIN_VALUE>
		<SIGNATURE_THRESHOLD_MD>0.0</SIGNATURE_THRESHOLD_MD>
		<SIGNATURE_THRESHOLD_ML>0.0</SIGNATURE_THRESHOLD_ML>
		<SIGNATURE_THRESHOLD_SAM>0.0</SIGNATURE_THRESHOLD_SAM>
	</signature>
	<signature ID="20210202_165054474592_144">
		<MACROCLASSID>1</MACROCLASSID>
		<MACROCLASSINFO>waterbody</MACROCLASSINFO>
		<CLASSID>10</CLASSID>
		<CLASSINFO>C 1</CLASSINFO>
		<VALUES>[0.14314231098693994, 0.0018727476315573866, 0.12741610621211066, 0.00258497568575459, 0.10429678571039273, 0.004249312950702984, 0.10191077518505806, 0.011385112856188146, 0.04009690577150954, 0.011733181349713002, 0.02244247749741221, 0.008326511651080535]</VALUES>
		<LCS_MIN>[0.13739217817783356, 0.12005016207695007, 0.09502186626195908, 0.0845852866768837, 0.022845778614282608, 0.006291891448199749]</LCS_MIN>
		<LCS_MAX>[0.1484803706407547, 0.13727299869060516, 0.1300039291381836, 0.13626760244369507, 0.07403716444969177, 0.05775268375873566]</LCS_MAX>
		<WAVELENGTH>[0.485, 0.56, 0.66, 0.83, 1.65, 2.215]</WAVELENGTH>
		<MEAN_VALUE>[0.14314231098693994, 0.12741610621211066, 0.10429678571039273, 0.10191077518505806, 0.04009690577150954, 0.02244247749741221]</MEAN_VALUE>
		<CHECKBOX>2</CHECKBOX>
		<SD>[0.0018727476315573866, 0.00258497568575459, 0.004249312950702984, 0.011385112856188146, 0.011733181349713002, 0.008326511651080535]</SD>
		<WAVELENGTH_UNIT>E-6m</WAVELENGTH_UNIT>
		<COLOR>#8c5392</COLOR>
		<COVARIANCE_MATRIX>[[3.5260673030279577e-06, 1.4666610468339059e-06, 1.996661239900277e-06, 8.782627105574647e-07, 1.1742279184545623e-06, 1.7312252111878479e-06], [1.4666610468339059e-06, 6.1334740166785195e-06, 4.20101969211828e-06, 1.6591950497968355e-06, 1.5012791436674888e-06, 2.231928192486521e-06], [1.996661239900277e-06, 4.20101969211828e-06, 1.4705879948451184e-05, 2.4497825506841764e-05, 2.456110087223351e-05, 1.7037147699738853e-05], [8.782627105574647e-07, 1.6591950497968355e-06, 2.4497825506841764e-05, 0.00013246697199065238, 0.00011927351442864165, 7.388748053926975e-05], [1.1742279184545623e-06, 1.5012791436674888e-06, 2.456110087223351e-05, 0.00011927351442864165, 0.00013868408859707415, 8.339351188624278e-05], [1.7312252111878479e-06, 2.231928192486521e-06, 1.7037147699738853e-05, 7.388748053926975e-05, 8.339351188624278e-05, 6.668653804808855e-05]]</COVARIANCE_MATRIX>
		<ROI_SIZE>749</ROI_SIZE>
		<MAX_VALUE>[0.1484803706407547, 0.13727299869060516, 0.1300039291381836, 0.13626760244369507, 0.07403716444969177, 0.05775268375873566]</MAX_VALUE>
		<MIN_VALUE>[0.13739217817783356, 0.12005016207695007, 0.09502186626195908, 0.0845852866768837, 0.022845778614282608, 0.006291891448199749]</MIN_VALUE>
		<SIGNATURE_THRESHOLD_MD>0.0</SIGNATURE_THRESHOLD_MD>
		<SIGNATURE_THRESHOLD_ML>0.0</SIGNATURE_THRESHOLD_ML>
		<SIGNATURE_THRESHOLD_SAM>0.0</SIGNATURE_THRESHOLD_SAM>
	</signature>
	<signature ID="20210202_165059506514_764">
		<MACROCLASSID>1</MACROCLASSID>
		<MACROCLASSINFO>waterbody</MACROCLASSINFO>
		<CLASSID>11</CLASSID>
		<CLASSINFO>C 1</CLASSINFO>
		<VALUES>[0.1349115683427125, 0.0022685004020267015, 0.12147768503621406, 0.0031437486659129446, 0.09170524438229263, 0.003695521153127653, 0.09446234028928673, 0.005747309075438918, 0.025066242397853683, 0.005410652447920135, 0.012232009775970411, 0.004588310294857413]</VALUES>
		<LCS_MIN>[0.12788799405097961, 0.10971646010875702, 0.08548130840063095, 0.0845852866768837, 0.015167069621384144, 0.0]</LCS_MIN>
		<LCS_MAX>[0.1468963325023651, 0.13382841646671295, 0.11410299688577652, 0.1283164918422699, 0.06123931333422661, 0.043049607425928116]</LCS_MAX>
		<WAVELENGTH>[0.485, 0.56, 0.66, 0.83, 1.65, 2.215]</WAVELENGTH>
		<MEAN_VALUE>[0.1349115683427125, 0.12147768503621406, 0.09170524438229263, 0.09446234028928673, 0.025066242397853683, 0.012232009775970411]</MEAN_VALUE>
		<CHECKBOX>2</CHECKBOX>
		<SD>[0.0022685004020267015, 0.0031437486659129446, 0.003695521153127653, 0.005747309075438918, 0.005410652447920135, 0.004588310294857413]</SD>
		<WAVELENGTH_UNIT>E-6m</WAVELENGTH_UNIT>
		<COLOR>#f827df</COLOR>
		<COVARIANCE_MATRIX>[[4.795119366463041e-06, 2.9384857498371275e-06, 2.916718813139596e-06, -2.2587208547975024e-07, -3.8165302385095856e-07, -1.4614455778882984e-07], [2.9384857498371275e-06, 9.580656296748202e-06, 5.4216529861150775e-06, -9.660730029281694e-07, -1.5790864154041628e-06, -1.1237364105909364e-06], [2.916718813139596e-06, 5.4216529861150775e-06, 1.1862860446854029e-05, 5.98006954533048e-06, 4.147846993873827e-06, 2.7431915441411547e-06], [-2.2587208547975024e-07, -9.660730029281694e-07, 5.98006954533048e-06, 2.7715730539057404e-05, 1.970392077055294e-05, 1.3355121154745575e-05], [-3.8165302385095856e-07, -1.5790864154041628e-06, 4.147846993873827e-06, 1.970392077055294e-05, 2.4393637431785464e-05, 1.3689186744159088e-05], [-1.4614455778882984e-07, -1.1237364105909364e-06, 2.7431915441411547e-06, 1.3355121154745575e-05, 1.3689186744159088e-05, 1.7939406461664476e-05]]</COVARIANCE_MATRIX>
		<ROI_SIZE>7395</ROI_SIZE>
		<MAX_VALUE>[0.1468963325023651, 0.13382841646671295, 0.11410299688577652, 0.1283164918422699, 0.06123931333422661, 0.043049607425928116]</MAX_VALUE>
		<MIN_VALUE>[0.12788799405097961, 0.10971646010875702, 0.08548130840063095, 0.0845852866768837, 0.015167069621384144, 0.0]</MIN_VALUE>
		<SIGNATURE_THRESHOLD_MD>0.0</SIGNATURE_THRESHOLD_MD>
		<SIGNATURE_THRESHOLD_ML>0.0</SIGNATURE_THRESHOLD_ML>
		<SIGNATURE_THRESHOLD_SAM>0.0</SIGNATURE_THRESHOLD_SAM>
	</signature>
	<signature ID="20210202_165108153787_706">
		<MACROCLASSID>1</MACROCLASSID>
		<MACROCLASSINFO>waterbody</MACROCLASSINFO>
		<CLASSID>12</CLASSID>
		<CLASSINFO>C 1</CLASSINFO>
		<VALUES>[0.13084890550145745, 0.0023608715456426245, 0.11914927758849582, 0.0037381878741000888, 0.09854454054282263, 0.005039848068325843, 0.12149687088452847, 0.010940275028069478, 0.04536998488295537, 0.01216556767410044, 0.024868675228208296, 0.008447651490262947]</VALUES>
		<LCS_MIN>[0.12313590198755264, 0.09938278049230576, 0.08230112493038177, 0.10048754513263702, 0.022845778614282608, 0.006291891448199749]</LCS_MIN>
		<LCS_MAX>[0.13422411680221558, 0.1269392967224121, 0.11092281341552734, 0.14421875774860382, 0.07659672200679779, 0.0540769137442112]</LCS_MAX>
		<WAVELENGTH>[0.485, 0.56, 0.66, 0.83, 1.65, 2.215]</WAVELENGTH>
		<MEAN_VALUE>[0.13084890550145745, 0.11914927758849582, 0.09854454054282263, 0.12149687088452847, 0.04536998488295537, 0.024868675228208296]</MEAN_VALUE>
		<CHECKBOX>2</CHECKBOX>
		<SD>[0.0023608715456426245, 0.0037381878741000888, 0.005039848068325843, 0.010940275028069478, 0.01216556767410044, 0.008447651490262947]</SD>
		<WAVELENGTH_UNIT>E-6m</WAVELENGTH_UNIT>
		<COLOR>#8d6b09</COLOR>
		<COVARIANCE_MATRIX>[[5.616921498585725e-06, 5.225929726293543e-06, 7.569170975330053e-06, -2.031369348287626e-07, 3.6647124943556264e-06, 5.593030437012203e-06], [5.225929726293543e-06, 1.4082374946156051e-05, 1.2793802852684166e-05, -8.420600352110341e-06, -6.479179319285322e-06, 2.9279067348397803e-06], [7.569170975330053e-06, 1.2793802852684166e-05, 2.5596968043828383e-05, 5.783983851870289e-06, 9.515492820355576e-06, 1.3614912859338801e-05], [-2.031369348287626e-07, -8.420600352110341e-06, 5.783983851870289e-06, 0.00012061744200764224, 9.800256520975381e-05, 5.811409209854901e-05], [3.6647124943556264e-06, -6.479179319285322e-06, 9.515492820355576e-06, 9.800256520975381e-05, 0.00014914832718204707, 8.463174890493974e-05], [5.593030437012203e-06, 2.9279067348397803e-06, 1.3614912859338801e-05, 5.811409209854901e-05, 8.463174890493974e-05, 7.191601616796106e-05]]</COVARIANCE_MATRIX>
		<ROI_SIZE>130</ROI_SIZE>
		<MAX_VALUE>[0.13422411680221558, 0.1269392967224121, 0.11092281341552734, 0.14421875774860382, 0.07659672200679779, 0.0540769137442112]</MAX_VALUE>
		<MIN_VALUE>[0.12313590198755264, 0.09938278049230576, 0.08230112493038177, 0.10048754513263702, 0.022845778614282608, 0.006291891448199749]</MIN_VALUE>
		<SIGNATURE_THRESHOLD_MD>0.0</SIGNATURE_THRESHOLD_MD>
		<SIGNATURE_THRESHOLD_ML>0.0</SIGNATURE_THRESHOLD_ML>
		<SIGNATURE_THRESHOLD_SAM>0.0</SIGNATURE_THRESHOLD_SAM>
	</signature>
	<signature ID="20210202_165114868926_829">
		<MACROCLASSID>1</MACROCLASSID>
		<MACROCLASSINFO>waterbody</MACROCLASSINFO>
		<CLASSID>13</CLASSID>
		<CLASSINFO>C 1</CLASSINFO>
		<VALUES>[0.13114404885305297, 0.002503020446919206, 0.11411785748269826, 0.005173930578236279, 0.09908544541233116, 0.006854066896932698, 0.16133576134840652, 0.01665260351963338, 0.10169472762693962, 0.02186746788716528, 0.06306213544060786, 0.014866676336836934]</VALUES>
		<LCS_MIN>[0.12630395591259003, 0.10282734781503677, 0.08548130840063095, 0.13626760244369507, 0.06123931333422661, 0.0356980636715889]</LCS_MIN>
		<LCS_MAX>[0.13897620141506195, 0.1269392967224121, 0.12046337127685547, 0.1919255256652832, 0.14314553141593933, 0.09451039135456085]</LCS_MAX>
		<WAVELENGTH>[0.485, 0.56, 0.66, 0.83, 1.65, 2.215]</WAVELENGTH>
		<MEAN_VALUE>[0.13114404885305297, 0.11411785748269826, 0.09908544541233116, 0.16133576134840652, 0.10169472762693962, 0.06306213544060786]</MEAN_VALUE>
		<CHECKBOX>2</CHECKBOX>
		<SD>[0.002503020446919206, 0.005173930578236279, 0.006854066896932698, 0.01665260351963338, 0.02186746788716528, 0.014866676336836934]</SD>
		<WAVELENGTH_UNIT>E-6m</WAVELENGTH_UNIT>
		<COLOR>#315327</COLOR>
		<COVARIANCE_MATRIX>[[6.4441146605531685e-06, 9.422918083146214e-06, 1.2729696209135e-05, 3.128681100861286e-06, 1.55676607391797e-05, 1.2661650544032454e-05], [9.422918083146214e-06, 2.753440276137553e-05, 3.0115796107565984e-05, -1.5280877050827257e-05, 1.6611584214842878e-05, 2.154452340619173e-05], [1.2729696209135e-05, 3.0115796107565984e-05, 4.8320467612938955e-05, 1.479034199292073e-05, 5.1617342251120135e-05, 5.2955907449359074e-05], [3.128681100861286e-06, -1.5280877050827257e-05, 1.479034199292073e-05, 0.0002852323232218623, 0.00028670544270426035, 0.00018876635294873267], [1.55676607391797e-05, 1.6611584214842878e-05, 5.1617342251120135e-05, 0.00028670544270426035, 0.0004918486229144037, 0.0002868513693101704], [1.2661650544032454e-05, 2.154452340619173e-05, 5.2955907449359074e-05, 0.00018876635294873267, 0.0002868513693101704, 0.00022733287187293172]]</COVARIANCE_MATRIX>
		<ROI_SIZE>36</ROI_SIZE>
		<MAX_VALUE>[0.13897620141506195, 0.1269392967224121, 0.12046337127685547, 0.1919255256652832, 0.14314553141593933, 0.09451039135456085]</MAX_VALUE>
		<MIN_VALUE>[0.12630395591259003, 0.10282734781503677, 0.08548130840063095, 0.13626760244369507, 0.06123931333422661, 0.0356980636715889]</MIN_VALUE>
		<SIGNATURE_THRESHOLD_MD>0.0</SIGNATURE_THRESHOLD_MD>
		<SIGNATURE_THRESHOLD_ML>0.0</SIGNATURE_THRESHOLD_ML>
		<SIGNATURE_THRESHOLD_SAM>0.0</SIGNATURE_THRESHOLD_SAM>
	</signature>
	<signature ID="20210202_165122658666_605">
		<MACROCLASSID>1</MACROCLASSID>
		<MACROCLASSINFO>waterbody</MACROCLASSINFO>
		<CLASSID>14</CLASSID>
		<CLASSINFO>C 1</CLASSINFO>
		<VALUES>[0.15163234030291203, 0.002217203511021507, 0.13499607189984658, 0.0031043378623119493, 0.1144290988791291, 0.003356655492108111, 0.11208405711893316, 0.007473408235986073, 0.038083888763972236, 0.008635170983254595, 0.020222443316952676, 0.00669952059383572]</VALUES>
		<LCS_MIN>[0.14372828602790833, 0.12349472939968109, 0.1045624315738678, 0.10048754513263702, 0.025405345484614372, 0.009967664256691933]</LCS_MIN>
		<LCS_MAX>[0.15798455476760864, 0.1441621035337448, 0.12364355474710464, 0.14421875774860382, 0.06635845452547073, 0.050401151180267334]</LCS_MAX>
		<WAVELENGTH>[0.485, 0.56, 0.66, 0.83, 1.65, 2.215]</WAVELENGTH>
		<MEAN_VALUE>[0.15163234030291203, 0.13499607189984658, 0.1144290988791291, 0.11208405711893316, 0.038083888763972236, 0.020222443316952676]</MEAN_VALUE>
		<CHECKBOX>2</CHECKBOX>
		<SD>[0.002217203511021507, 0.0031043378623119493, 0.003356655492108111, 0.007473408235986073, 0.008635170983254595, 0.00669952059383572]</SD>
		<WAVELENGTH_UNIT>E-6m</WAVELENGTH_UNIT>
		<COLOR>#607761</COLOR>
		<COVARIANCE_MATRIX>[[4.920161245536292e-06, 2.601205778773874e-06, 2.4406976990576368e-06, -2.473026370353182e-06, -2.5295094019384123e-06, -1.78045797838422e-06], [2.601205778773874e-06, 9.645087629905902e-06, 5.648914338962641e-06, -3.2612576887913747e-06, -4.661478669731878e-06, -2.3618797513336176e-06], [2.4406976990576368e-06, 5.648914338962641e-06, 1.127669293055078e-05, 7.196011665655533e-06, 5.969538506178651e-06, 4.426301075000083e-06], [-2.473026370353182e-06, -3.2612576887913747e-06, 7.196011665655533e-06, 5.58992032893002e-05, 5.335945388651453e-05, 3.818046025116928e-05], [-2.5295094019384123e-06, -4.661478669731878e-06, 5.969538506178651e-06, 5.335945388651453e-05, 7.462942448910326e-05, 4.6630513679701835e-05], [-1.78045797838422e-06, -2.3618797513336176e-06, 4.426301075000083e-06, 3.818046025116928e-05, 4.6630513679701835e-05, 4.4921645894646645e-05]]</COVARIANCE_MATRIX>
		<ROI_SIZE>1180</ROI_SIZE>
		<MAX_VALUE>[0.15798455476760864, 0.1441621035337448, 0.12364355474710464, 0.14421875774860382, 0.06635845452547073, 0.050401151180267334]</MAX_VALUE>
		<MIN_VALUE>[0.14372828602790833, 0.12349472939968109, 0.1045624315738678, 0.10048754513263702, 0.025405345484614372, 0.009967664256691933]</MIN_VALUE>
		<SIGNATURE_THRESHOLD_MD>0.0</SIGNATURE_THRESHOLD_MD>
		<SIGNATURE_THRESHOLD_ML>0.0</SIGNATURE_THRESHOLD_ML>
		<SIGNATURE_THRESHOLD_SAM>0.0</SIGNATURE_THRESHOLD_SAM>
	</signature>
	<signature ID="20210202_165133843567_823">
		<MACROCLASSID>1</MACROCLASSID>
		<MACROCLASSINFO>waterbody</MACROCLASSINFO>
		<CLASSID>15</CLASSID>
		<CLASSINFO>C 1</CLASSINFO>
		<VALUES>[0.16311643493103103, 0.0021562525154841137, 0.15324917934235754, 0.0024381967702412086, 0.15272610490980554, 0.002959372418686147, 0.14237274001147573, 0.0035141694117590875, 0.03618738434541753, 0.00701800219057816, 0.019703717180139135, 0.0066334344899211485]</VALUES>
		<LCS_MIN>[0.15640053153038025, 0.1441621035337448, 0.13636429607868195, 0.13626760244369507, 0.022845778614282608, 0.009967664256691933]</LCS_MIN>
		<LCS_MAX>[0.17224083840847015, 0.1613849401473999, 0.15862561762332916, 0.1720477044582367, 0.07403716444969177, 0.0540769137442112]</LCS_MAX>
		<WAVELENGTH>[0.485, 0.56, 0.66, 0.83, 1.65, 2.215]</WAVELENGTH>
		<MEAN_VALUE>[0.16311643493103103, 0.15324917934235754, 0.15272610490980554, 0.14237274001147573, 0.03618738434541753, 0.019703717180139135]</MEAN_VALUE>
		<CHECKBOX>2</CHECKBOX>
		<SD>[0.0021562525154841137, 0.0024381967702412086, 0.002959372418686147, 0.0035141694117590875, 0.00701800219057816, 0.0066334344899211485]</SD>
		<WAVELENGTH_UNIT>E-6m</WAVELENGTH_UNIT>
		<COLOR>#cdd9bd</COLOR>
		<COVARIANCE_MATRIX>[[4.647391506296117e-06, 1.5361415535153355e-06, 1.8932687453343533e-06, -5.888902592232625e-07, -2.8704539545287844e-06, -2.4906664748414187e-06], [1.5361415535153355e-06, 6.204630153661128e-06, 3.4202944334538188e-06, -1.4446546856561326e-06, -5.563535523833707e-06, -4.565313247439917e-06], [1.8932687453343533e-06, 3.4202944334538188e-06, 9.115889952227008e-06, -3.28111832459399e-06, -1.0234160072286613e-05, -9.054564543475863e-06], [-5.888902592232625e-07, -1.4446546856561326e-06, -3.28111832459399e-06, 1.2186759704491124e-05, 1.5061212252476253e-05, 1.2179856639704667e-05], [-2.8704539545287844e-06, -5.563535523833707e-06, -1.0234160072286613e-05, 1.5061212252476253e-05, 4.8715439334046096e-05, 3.671803278848529e-05], [-2.4906664748414187e-06, -4.565313247439917e-06, -9.054564543475863e-06, 1.2179856639704667e-05, 3.671803278848529e-05, 4.311462180339731e-05]]</COVARIANCE_MATRIX>
		<ROI_SIZE>2031</ROI_SIZE>
		<MAX_VALUE>[0.17224083840847015, 0.1613849401473999, 0.15862561762332916, 0.1720477044582367, 0.07403716444969177, 0.0540769137442112]</MAX_VALUE>
		<MIN_VALUE>[0.15640053153038025, 0.1441621035337448, 0.13636429607868195, 0.13626760244369507, 0.022845778614282608, 0.009967664256691933]</MIN_VALUE>
		<SIGNATURE_THRESHOLD_MD>0.0</SIGNATURE_THRESHOLD_MD>
		<SIGNATURE_THRESHOLD_ML>0.0</SIGNATURE_THRESHOLD_ML>
		<SIGNATURE_THRESHOLD_SAM>0.0</SIGNATURE_THRESHOLD_SAM>
	</signature>
	<signature ID="20210203_090743087649_619">
		<MACROCLASSID>1</MACROCLASSID>
		<MACROCLASSINFO>waterbody</MACROCLASSINFO>
		<CLASSID>16</CLASSID>
		<CLASSINFO>C 1</CLASSINFO>
		<VALUES>[0.1379878762950244, 0.002294321408996102, 0.11619343022760166, 0.0024733710364209997, 0.09040109131835469, 0.0031800686922847867, 0.12383124079459747, 0.008628034008796264, 0.04365047957334252, 0.008469573306814172, 0.024230913219288892, 0.007065788206901475]</VALUES>
		<LCS_MIN>[0.13422411680221558, 0.10971646010875702, 0.08548130840063095, 0.10843866318464279, 0.025405345484614372, 0.009967664256691933]</LCS_MIN>
