<?xml version="1.0" ?>
<signaturelist MCID_LIST="[['1', 'waterbody', '#0000ff'], ['2', 'vegetation', '#00ff00'], ['3', 'bareland', '#ffaa00'], ['4', 'built-up', '#ff0000']]">
	<signature ID="20200810_110350823786_502">
		<MACROCLASSID>1</MACROCLASSID>
		<MACROCLASSINFO>waterbody</MACROCLASSINFO>
		<CLASSID>1</CLASSID>
		<CLASSINFO>C 1</CLASSINFO>
		<VALUES>[0.08083430429972983, 0.0016400468262338245, 0.058593423221730466, 0.0022565624794502557, 0.03766243761799639, 0.003105252271184353, 0.028975987495763193, 0.0037990756176225545, 0.010783489472480387, 0.004557648792117423, 0.0074492544637909264, 0.00411355465508676]</VALUES>
		<LCS_MIN>[0.0762413814663887, 0.053312599658966064, 0.029453344643115997, 0.0225527286529541, 0.003842647187411785, 0.0]</LCS_MIN>
		<LCS_MAX>[0.09106091409921646, 0.08822402358055115, 0.09143777191638947, 0.09384076297283173, 0.07967253029346466, 0.06795188039541245]</LCS_MAX>
		<WAVELENGTH>[0.485, 0.56, 0.66, 0.83, 1.65, 2.215]</WAVELENGTH>
		<MEAN_VALUE>[0.08083430429972983, 0.058593423221730466, 0.03766243761799639, 0.028975987495763193, 0.010783489472480387, 0.0074492544637909264]</MEAN_VALUE>
		<CHECKBOX>2</CHECKBOX>
		<SD>[0.0016400468262338245, 0.0022565624794502557, 0.003105252271184353, 0.0037990756176225545, 0.004557648792117423, 0.00411355465508676]</SD>
		<WAVELENGTH_UNIT>E-6m</WAVELENGTH_UNIT>
		<COLOR>#1a999d</COLOR>
		<COVARIANCE_MATRIX>[[2.6500827061681775e-06, 1.4150002698443132e-06, 1.8787264934871928e-06, 2.205925738962833e-06, 2.3708971639280207e-06, 1.8433355535307783e-06], [1.4150002698443132e-06, 5.368352503865026e-06, 4.674847787100589e-06, 5.829954261571402e-06, 6.354637662298046e-06, 5.223473181104055e-06], [1.8787264934871928e-06, 4.674847787100589e-06, 1.0264283446304034e-05, 1.0064098205475602e-05, 1.1173809980391525e-05, 9.054411748365965e-06], [2.205925738962833e-06, 5.829954261571402e-06, 1.0064098205475602e-05, 1.6314377717208117e-05, 1.4827263839833904e-05, 1.221335605805507e-05], [2.3708971639280207e-06, 6.354637662298046e-06, 1.1173809980391525e-05, 1.4827263839833904e-05, 2.1392543203546666e-05, 1.4739768630533945e-05], [1.8433355535307783e-06, 5.223473181104055e-06, 9.054411748365965e-06, 1.221335605805507e-05, 1.4739768630533945e-05, 1.7679305528872646e-05]]</COVARIANCE_MATRIX>
		<ROI_SIZE>8671</ROI_SIZE>
		<MAX_VALUE>[0.09106091409921646, 0.08822402358055115, 0.09143777191638947, 0.09384076297283173, 0.07967253029346466, 0.06795188039541245]</MAX_VALUE>
		<MIN_VALUE>[0.0762413814663887, 0.053312599658966064, 0.029453344643115997, 0.0225527286529541, 0.003842647187411785, 0.0]</MIN_VALUE>
		<SIGNATURE_THRESHOLD_MD>0.0</SIGNATURE_THRESHOLD_MD>
		<SIGNATURE_THRESHOLD_ML>0.0</SIGNATURE_THRESHOLD_ML>
		<SIGNATURE_THRESHOLD_SAM>0.0</SIGNATURE_THRESHOLD_SAM>
	</signature>
	<signature ID="20200810_110358845562_505">
		<MACROCLASSID>1</MACROCLASSID>
		<MACROCLASSINFO>waterbody</MACROCLASSINFO>
		<CLASSID>2</CLASSID>
		<CLASSINFO>C 1</CLASSINFO>
		<VALUES>[0.10367176189230623, 0.0021708154532753677, 0.12044995910344784, 0.0041260390828386445, 0.11129664167618522, 0.0066780978571915, 0.06865748311751164, 0.01621504513971013, 0.023087935430409667, 0.012592456059463932, 0.015431487952950046, 0.010470722462398692]</VALUES>
		<LCS_MIN>[0.0947657972574234, 0.10433698445558548, 0.08647903054952621, 0.04734856262803078, 0.00783369317650795, 0.0020396134350448847]</LCS_MIN>
		<LCS_MAX>[0.10958532989025116, 0.12850643694400787, 0.138545960187912, 0.1279350370168686, 0.08366359025239944, 0.07081764191389084]</LCS_MAX>
		<WAVELENGTH>[0.485, 0.56, 0.66, 0.83, 1.65, 2.215]</WAVELENGTH>
		<MEAN_VALUE>[0.10367176189230623, 0.12044995910344784, 0.11129664167618522, 0.06865748311751164, 0.023087935430409667, 0.015431487952950046]</MEAN_VALUE>
		<CHECKBOX>2</CHECKBOX>
		<SD>[0.0021708154532753677, 0.0041260390828386445, 0.0066780978571915, 0.01621504513971013, 0.012592456059463932, 0.010470722462398692]</SD>
		<WAVELENGTH_UNIT>E-6m</WAVELENGTH_UNIT>
		<COLOR>#b47c00</COLOR>
		<COVARIANCE_MATRIX>[[4.723794972960604e-06, 6.049577677913476e-06, 9.1426645667525e-06, 6.1705031839665025e-06, 5.726352355850395e-06, 3.954994554078439e-06], [6.049577677913476e-06, 1.7065220163203776e-05, 1.7199408830492757e-05, -5.595894890575437e-06, -1.911153049150016e-06, -2.2067952158977278e-06], [9.1426645667525e-06, 1.7199408830492757e-05, 4.470445492188446e-05, 6.174674490466714e-05, 3.729726449819282e-05, 2.7433359718997963e-05], [6.1705031839665025e-06, -5.595894890575437e-06, 6.174674490466714e-05, 0.0002635612618178129, 0.00016909126134123653, 0.00013002454943489283], [5.726352355850395e-06, -1.911153049150016e-06, 3.729726449819282e-05, 0.00016909126134123653, 0.0001589520397828892, 0.00012058291031280532], [3.954994554078439e-06, -2.2067952158977278e-06, 2.7433359718997963e-05, 0.00013002454943489283, 0.00012058291031280532, 0.00010990021110046655]]</COVARIANCE_MATRIX>
		<ROI_SIZE>416</ROI_SIZE>
		<MAX_VALUE>[0.10958532989025116, 0.12850643694400787, 0.138545960187912, 0.1279350370168686, 0.08366359025239944, 0.07081764191389084]</MAX_VALUE>
		<MIN_VALUE>[0.0947657972574234, 0.10433698445558548, 0.08647903054952621, 0.04734856262803078, 0.00783369317650795, 0.0020396134350448847]</MIN_VALUE>
		<SIGNATURE_THRESHOLD_MD>0.0</SIGNATURE_THRESHOLD_MD>
		<SIGNATURE_THRESHOLD_ML>0.0</SIGNATURE_THRESHOLD_ML>
		<SIGNATURE_THRESHOLD_SAM>0.0</SIGNATURE_THRESHOLD_SAM>
	</signature>
	<signature ID="20200810_111248869674_180">
		<MACROCLASSID>1</MACROCLASSID>
		<MACROCLASSINFO>waterbody</MACROCLASSINFO>
		<CLASSID>3</CLASSID>
		<CLASSINFO>C 1</CLASSINFO>
		<VALUES>[0.08470171443195856, 0.004466707091603607, 0.09366676824676021, 0.009968095502081642, 0.0691672257947313, 0.009426299246638117, 0.05455470244255655, 0.011530968963523906, 0.010581164802689894, 0.005896324586678038, 0.0069115974842470064, 0.004695565631957689]</VALUES>
		<LCS_MIN>[0.07500642538070679, 0.06405457854270935, 0.046808984130620956, 0.04114960506558418, 0.003842647187411785, 0.0]</LCS_MIN>
		<LCS_MAX>[0.10094060748815536, 0.11776445806026459, 0.10383467376232147, 0.10933815687894821, 0.07368596643209457, 0.06795188039541245]</LCS_MAX>
		<WAVELENGTH>[0.485, 0.56, 0.66, 0.83, 1.65, 2.215]</WAVELENGTH>
		<MEAN_VALUE>[0.08470171443195856, 0.09366676824676021, 0.0691672257947313, 0.05455470244255655, 0.010581164802689894, 0.0069115974842470064]</MEAN_VALUE>
		<CHECKBOX>2</CHECKBOX>
		<SD>[0.004466707091603607, 0.009968095502081642, 0.009426299246638117, 0.011530968963523906, 0.005896324586678038, 0.004695565631957689]</SD>
		<WAVELENGTH_UNIT>E-6m</WAVELENGTH_UNIT>
		<COLOR>#5bcf54</COLOR>
		<COVARIANCE_MATRIX>[[1.9607348804129288e-05, 3.870436557917856e-05, 3.795102747972123e-05, -9.213233170157764e-06, 2.999941557391139e-07, 1.792112357179576e-06], [3.870436557917856e-05, 0.00010308161290595308, 8.908074960345402e-05, -5.8812249335460365e-05, -1.2796584087482188e-05, -5.271152531349799e-06], [3.795102747972123e-05, 8.908074960345402e-05, 8.816943591227755e-05, -2.9923634428996593e-05, -2.4074608973023714e-06, 1.9063587615164579e-06], [-9.213233170157764e-06, -5.8812249335460365e-05, -2.9923634428996593e-05, 0.00014453929907176644, 5.3930732974549755e-05, 3.513710908009671e-05], [2.999941557391139e-07, -1.2796584087482188e-05, -2.4074608973023714e-06, 5.3930732974549755e-05, 4.0758633986115456e-05, 2.6355055524618365e-05], [1.792112357179576e-06, -5.271152531349799e-06, 1.9063587615164579e-06, 3.513710908009671e-05, 2.6355055524618365e-05, 2.450227657391224e-05]]</COVARIANCE_MATRIX>
		<ROI_SIZE>4891</ROI_SIZE>
		<MAX_VALUE>[0.10094060748815536, 0.11776445806026459, 0.10383467376232147, 0.10933815687894821, 0.07368596643209457, 0.06795188039541245]</MAX_VALUE>
		<MIN_VALUE>[0.07500642538070679, 0.06405457854270935, 0.046808984130620956, 0.04114960506558418, 0.003842647187411785, 0.0]</MIN_VALUE>
		<SIGNATURE_THRESHOLD_MD>0.0</SIGNATURE_THRESHOLD_MD>
		<SIGNATURE_THRESHOLD_ML>0.0</SIGNATURE_THRESHOLD_ML>
		<SIGNATURE_THRESHOLD_SAM>0.0</SIGNATURE_THRESHOLD_SAM>
	</signature>
	<signature ID="20200810_111258177617_887">
		<MACROCLASSID>1</MACROCLASSID>
		<MACROCLASSINFO>waterbody</MACROCLASSINFO>
		<CLASSID>4</CLASSID>
		<CLASSINFO>C 1</CLASSINFO>
		<VALUES>[0.09147068630913578, 0.0039012469557245526, 0.10262367432944827, 0.004286096553948096, 0.07972662709394321, 0.004818466320247781, 0.056810197893203775, 0.006801942172379526, 0.013486024638817946, 0.00654608894580177, 0.010326367674914306, 0.006008792381164939]</VALUES>
		<LCS_MIN>[0.08241617679595947, 0.08016754686832428, 0.06912338733673096, 0.04424908757209778, 0.0018471236107870936, 0.0]</LCS_MIN>
		<LCS_MAX>[0.10588043183088303, 0.11776445806026459, 0.10135530680418015, 0.1248355507850647, 0.06769941002130508, 0.06508613377809525]</LCS_MAX>
		<WAVELENGTH>[0.485, 0.56, 0.66, 0.83, 1.65, 2.215]</WAVELENGTH>
		<MEAN_VALUE>[0.09147068630913578, 0.10262367432944827, 0.07972662709394321, 0.056810197893203775, 0.013486024638817946, 0.010326367674914306]</MEAN_VALUE>
		<CHECKBOX>2</CHECKBOX>
		<SD>[0.0039012469557245526, 0.004286096553948096, 0.004818466320247781, 0.006801942172379526, 0.00654608894580177, 0.006008792381164939]</SD>
		<WAVELENGTH_UNIT>E-6m</WAVELENGTH_UNIT>
		<COLOR>#c8bab7</COLOR>
		<COVARIANCE_MATRIX>[[1.5197146240097936e-05, 1.4349709999805782e-05, 1.628525751584675e-05, 1.5774006897117943e-05, 1.854285983426962e-05, 1.7344291336485185e-05], [1.4349709999805782e-05, 1.824787432269659e-05, 1.684675589785911e-05, 1.5545279893558472e-05, 1.7883812688523903e-05, 1.7080968973459676e-05], [1.628525751584675e-05, 1.684675589785911e-05, 2.4912707885960117e-05, 2.7077403501607478e-05, 2.815322113747243e-05, 2.5259190806536935e-05], [1.5774006897117943e-05, 1.5545279893558472e-05, 2.7077403501607478e-05, 4.817891021957621e-05, 4.058242848259397e-05, 3.439987267483957e-05], [1.854285983426962e-05, 1.7883812688523903e-05, 2.815322113747243e-05, 4.058242848259397e-05, 4.451004133443348e-05, 3.596834358177148e-05], [1.7344291336485185e-05, 1.7080968973459676e-05, 2.5259190806536935e-05, 3.439987267483957e-05, 3.596834358177148e-05, 3.692046811920591e-05]]</COVARIANCE_MATRIX>
		<ROI_SIZE>8623</ROI_SIZE>
		<MAX_VALUE>[0.10588043183088303, 0.11776445806026459, 0.10135530680418015, 0.1248355507850647, 0.06769941002130508, 0.06508613377809525]</MAX_VALUE>
		<MIN_VALUE>[0.08241617679595947, 0.08016754686832428, 0.06912338733673096, 0.04424908757209778, 0.0018471236107870936, 0.0]</MIN_VALUE>
		<SIGNATURE_THRESHOLD_MD>0.0</SIGNATURE_THRESHOLD_MD>
		<SIGNATURE_THRESHOLD_ML>0.0</SIGNATURE_THRESHOLD_ML>
		<SIGNATURE_THRESHOLD_SAM>0.0</SIGNATURE_THRESHOLD_SAM>
	</signature>
	<signature ID="20200810_111311039635_659">
		<MACROCLASSID>1</MACROCLASSID>
		<MACROCLASSINFO>waterbody</MACROCLASSINFO>
		<CLASSID>5</CLASSID>
		<CLASSINFO>C 1</CLASSINFO>
		<VALUES>[0.09053348144516346, 0.0027339628394026814, 0.09468599699903274, 0.005730690857162474, 0.07595458880920586, 0.006984131641250573, 0.06423426691132286, 0.01523277832482435, 0.025585537509565857, 0.01308862597593714, 0.016129555617226284, 0.009915755250298261]</VALUES>
		<LCS_MIN>[0.08241617679595947, 0.07211106270551682, 0.05672649294137955, 0.04734856262803078, 0.011824741028249264, 0.004905363544821739]</LCS_MIN>
		<LCS_MAX>[0.10711541771888733, 0.11239347606897354, 0.10383467376232147, 0.1217360571026802, 0.08565911650657654, 0.06222037971019745]</LCS_MAX>
		<WAVELENGTH>[0.485, 0.56, 0.66, 0.83, 1.65, 2.215]</WAVELENGTH>
		<MEAN_VALUE>[0.09053348144516346, 0.09468599699903274, 0.07595458880920586, 0.06423426691132286, 0.025585537509565857, 0.016129555617226284]</MEAN_VALUE>
		<CHECKBOX>2</CHECKBOX>
		<SD>[0.0027339628394026814, 0.005730690857162474, 0.006984131641250573, 0.01523277832482435, 0.01308862597593714, 0.009915755250298261]</SD>
		<WAVELENGTH_UNIT>E-6m</WAVELENGTH_UNIT>
		<COLOR>#6071aa</COLOR>
		<COVARIANCE_MATRIX>[[7.5136867963010445e-06, 1.1916975381609518e-05, 1.5725308912806213e-05, 2.1638315956806764e-05, 1.3450408914650325e-05, 1.0564772310317494e-05], [1.1916975381609518e-05, 3.301275864941999e-05, 3.479403676465154e-05, 3.0246706955949776e-05, 9.486910130362958e-06, 9.609872904547956e-06], [1.5725308912806213e-05, 3.479403676465154e-05, 4.903347871731967e-05, 6.280805246206e-05, 3.694172846735455e-05, 3.0061019060667604e-05], [2.1638315956806764e-05, 3.0246706955949776e-05, 6.280805246206e-05, 0.00023325238726101816, 0.0001657653774600476, 0.0001191519622807391], [1.3450408914650325e-05, 9.486910130362958e-06, 3.694172846735455e-05, 0.0001657653774600476, 0.00017220905283465981, 0.00012228777632117271], [1.0564772310317494e-05, 9.609872904547956e-06, 3.0061019060667604e-05, 0.0001191519622807391, 0.00012228777632117271, 9.883697930490598e-05]]</COVARIANCE_MATRIX>
		<ROI_SIZE>192</ROI_SIZE>
		<MAX_VALUE>[0.10711541771888733, 0.11239347606897354, 0.10383467376232147, 0.1217360571026802, 0.08565911650657654, 0.06222037971019745]</MAX_VALUE>
		<MIN_VALUE>[0.08241617679595947, 0.07211106270551682, 0.05672649294137955, 0.04734856262803078, 0.011824741028249264, 0.004905363544821739]</MIN_VALUE>
		<SIGNATURE_THRESHOLD_MD>0.0</SIGNATURE_THRESHOLD_MD>
		<SIGNATURE_THRESHOLD_ML>0.0</SIGNATURE_THRESHOLD_ML>
		<SIGNATURE_THRESHOLD_SAM>0.0</SIGNATURE_THRESHOLD_SAM>
	</signature>
	<signature ID="20200810_111333072462_794">
		<MACROCLASSID>1</MACROCLASSID>
		<MACROCLASSINFO>waterbody</MACROCLASSINFO>
		<CLASSID>6</CLASSID>
		<CLASSINFO>C 1</CLASSINFO>
		<VALUES>[0.0996826100217435, 0.004412150583020258, 0.09817725579777521, 0.010168765515012692, 0.07051044990827433, 0.019777768938655918, 0.05356197278416937, 0.01952498912124332, 0.03297077700287313, 0.02140182535825453, 0.02383668812823272, 0.018482513899859367]</VALUES>
		<LCS_MIN>[0.09106091409921646, 0.08553852885961533, 0.046808984130620956, 0.028751688078045845, 0.011824741028249264, 0.0020396134350448847]</LCS_MIN>
		<LCS_MAX>[0.11823005974292755, 0.1311919242143631, 0.14598409831523895, 0.1279350370168686, 0.1016233041882515, 0.10520664602518082]</LCS_MAX>
		<WAVELENGTH>[0.485, 0.56, 0.66, 0.83, 1.65, 2.215]</WAVELENGTH>
		<MEAN_VALUE>[0.0996826100217435, 0.09817725579777521, 0.07051044990827433, 0.05356197278416937, 0.03297077700287313, 0.02383668812823272]</MEAN_VALUE>
		<CHECKBOX>2</CHECKBOX>
		<SD>[0.004412150583020258, 0.010168765515012692, 0.019777768938655918, 0.01952498912124332, 0.02140182535825453, 0.018482513899859367]</SD>
		<WAVELENGTH_UNIT>E-6m</WAVELENGTH_UNIT>
		<COLOR>#8378bf</COLOR>
		<COVARIANCE_MATRIX>[[1.9512555809342302e-05, 4.007401366834529e-05, 7.278157136170194e-05, 6.022457455401309e-05, 6.349713657982647e-05, 5.619421062874608e-05], [4.007401366834529e-05, 0.00010364539048168808, 0.00019272652571089566, 0.00014133818331174552, 0.00013893483264837414, 0.00012155951844761148], [7.278157136170194e-05, 0.00019272652571089566, 0.0003920740564353764, 0.0003080354363191873, 0.0003009259526152164, 0.0002574093814473599], [6.022457455401309e-05, 0.00014133818331174552, 0.0003080354363191873, 0.00038211591891013086, 0.00038561117253266275, 0.00031826546182855964], [6.349713657982647e-05, 0.00013893483264837414, 0.0003009259526152164, 0.00038561117253266275, 0.00045910829794593155, 0.00037717653322033584], [5.619421062874608e-05, 0.00012155951844761148, 0.0002574093814473599, 0.00031826546182855964, 0.00037717653322033584, 0.0003424014721531421]]</COVARIANCE_MATRIX>
		<ROI_SIZE>429</ROI_SIZE>
		<MAX_VALUE>[0.11823005974292755, 0.1311919242143631, 0.14598409831523895, 0.1279350370168686, 0.1016233041882515, 0.10520664602518082]</MAX_VALUE>
		<MIN_VALUE>[0.09106091409921646, 0.08553852885961533, 0.046808984130620956, 0.028751688078045845, 0.011824741028249264, 0.0020396134350448847]</MIN_VALUE>
		<SIGNATURE_THRESHOLD_MD>0.0</SIGNATURE_THRESHOLD_MD>
		<SIGNATURE_THRESHOLD_ML>0.0</SIGNATURE_THRESHOLD_ML>
		<SIGNATURE_THRESHOLD_SAM>0.0</SIGNATURE_THRESHOLD_SAM>
	</signature>
	<signature ID="20200810_111404261972_653">
		<MACROCLASSID>1</MACROCLASSID>
		<MACROCLASSINFO>waterbody</MACROCLASSINFO>
		<CLASSID>7</CLASSID>
		<CLASSINFO>C 1</CLASSINFO>
		<VALUES>[0.11480172884625366, 0.004682208624567393, 0.13374263407755996, 0.005824516745413365, 0.14188689810428862, 0.005757692449822507, 0.09689236639434304, 0.013237043700712868, 0.028836770450631627, 0.014784432032650069, 0.020285262808951612, 0.011301643593726776]</VALUES>
		<LCS_MIN>[0.1034105196595192, 0.11776445806026459, 0.12614905834197998, 0.08144283294677734, 0.013820264488458633, 0.004905363544821739]</LCS_MIN>
		<LCS_MAX>[0.1330495923757553, 0.1580468714237213, 0.1608603596687317, 0.14963138103485107, 0.08965015411376953, 0.07081764191389084]</LCS_MAX>
		<WAVELENGTH>[0.485, 0.56, 0.66, 0.83, 1.65, 2.215]</WAVELENGTH>
		<MEAN_VALUE>[0.11480172884625366, 0.13374263407755996, 0.14188689810428862, 0.09689236639434304, 0.028836770450631627, 0.020285262808951612]</MEAN_VALUE>
		<CHECKBOX>2</CHECKBOX>
		<SD>[0.004682208624567393, 0.005824516745413365, 0.005757692449822507, 0.013237043700712868, 0.014784432032650069, 0.011301643593726776]</SD>
		<WAVELENGTH_UNIT>E-6m</WAVELENGTH_UNIT>
		<COLOR>#423e7d</COLOR>
		<COVARIANCE_MATRIX>[[2.200805101892911e-05, 2.4011218556552194e-05, 2.3259390218299814e-05, 8.455093848169781e-06, -1.8582700533897878e-07, 6.374843451339984e-06], [2.4011218556552194e-05, 3.405648749321699e-05, 2.9459799407050014e-05, -8.52365974424174e-06, -2.162638702429831e-05, -7.613357411173638e-06], [2.3259390218299814e-05, 2.9459799407050014e-05, 3.327951344544999e-05, 1.1330265806464013e-05, -6.103262876422377e-06, 4.5437350308930036e-06], [8.455093848169781e-06, -8.52365974424174e-06, 1.1330265806464013e-05, 0.0001758984726620838, 0.0001752464595483616, 0.00013276914251036942], [-1.8582700533897878e-07, -2.162638702429831e-05, -6.103262876422377e-06, 0.0001752464595483616, 0.00021942664170637727, 0.00015728824655525386], [6.374843451339984e-06, -7.613357411173638e-06, 4.5437350308930036e-06, 0.00013276914251036942, 0.00015728824655525386, 0.00012822220742236823]]</COVARIANCE_MATRIX>
		<ROI_SIZE>259</ROI_SIZE>
		<MAX_VALUE>[0.1330495923757553, 0.1580468714237213, 0.1608603596687317, 0.14963138103485107, 0.08965015411376953, 0.07081764191389084]</MAX_VALUE>
		<MIN_VALUE>[0.1034105196595192, 0.11776445806026459, 0.12614905834197998, 0.08144283294677734, 0.013820264488458633, 0.004905363544821739]</MIN_VALUE>
		<SIGNATURE_THRESHOLD_MD>0.0</SIGNATURE_THRESHOLD_MD>
		<SIGNATURE_THRESHOLD_ML>0.0</SIGNATURE_THRESHOLD_ML>
		<SIGNATURE_THRESHOLD_SAM>0.0</SIGNATURE_THRESHOLD_SAM>
	</signature>
	<signature ID="20200810_111421599467_627">
		<MACROCLASSID>1</MACROCLASSID>
		<MACROCLASSINFO>waterbody</MACROCLASSINFO>
		<CLASSID>8</CLASSID>
		<CLASSINFO>C 1</CLASSINFO>
		<VALUES>[0.07686423374258955, 0.0027847663801761147, 0.06681012867585473, 0.004329663240644173, 0.054872354897468, 0.006747359599781705, 0.04686342775821686, 0.013701213026788336, 0.029853861487430054, 0.01663118486320292, 0.019707590454946397, 0.011629566065588029]</VALUES>
		<LCS_MIN>[0.07130154222249985, 0.058683596551418304, 0.04432961344718933, 0.03185116499662399, 0.011824741028249264, 0.004905363544821739]</LCS_MIN>
		<LCS_MAX>[0.08365114778280258, 0.0828530490398407, 0.07160277664661407, 0.09074127674102783, 0.08366359025239944, 0.059354621917009354]</LCS_MAX>
		<WAVELENGTH>[0.485, 0.56, 0.66, 0.83, 1.65, 2.215]</WAVELENGTH>
		<MEAN_VALUE>[0.07686423374258955, 0.06681012867585473, 0.054872354897468, 0.04686342775821686, 0.029853861487430054, 0.019707590454946397]</MEAN_VALUE>
		<CHECKBOX>2</CHECKBOX>
		<SD>[0.0027847663801761147, 0.004329663240644173, 0.006747359599781705, 0.013701213026788336, 0.01663118486320292, 0.011629566065588029]</SD>
		<WAVELENGTH_UNIT>E-6m</WAVELENGTH_UNIT>
		<COLOR>#6a3945</COLOR>
		<COVARIANCE_MATRIX>[[7.822949555702507e-06, 1.0312714948668145e-05, 1.564203375892248e-05, 2.6561745471553877e-05, 3.1496299925493076e-05, 2.127854349964764e-05], [1.0312714948668145e-05, 1.8910423023044132e-05, 2.588836105132941e-05, 4.515714317676611e-05, 5.193946708459407e-05, 3.64885781891644e-05], [1.564203375892248e-05, 2.588836105132941e-05, 4.5926219172542915e-05, 8.160288416547701e-05, 9.491653327131644e-05, 6.483310426119715e-05], [2.6561745471553877e-05, 4.515714317676611e-05, 8.160288416547701e-05, 0.00018936993728857487, 0.00021141194156371057, 0.00013876496814191341], [3.1496299925493076e-05, 5.193946708459407e-05, 9.491653327131644e-05, 0.00021141194156371057, 0.00027902258443646133, 0.00017995455709751695], [2.127854349964764e-05, 3.64885781891644e-05, 6.483310426119715e-05, 0.00013876496814191341, 0.00017995455709751695, 0.00013643318379763514]]</COVARIANCE_MATRIX>
		<ROI_SIZE>115</ROI_SIZE>
		<MAX_VALUE>[0.08365114778280258, 0.0828530490398407, 0.07160277664661407, 0.09074127674102783, 0.08366359025239944, 0.059354621917009354]</MAX_VALUE>
		<MIN_VALUE>[0.07130154222249985, 0.058683596551418304, 0.04432961344718933, 0.03185116499662399, 0.011824741028249264, 0.004905363544821739]</MIN_VALUE>
		<SIGNATURE_THRESHOLD_MD>0.0</SIGNATURE_THRESHOLD_MD>
		<SIGNATURE_THRESHOLD_ML>0.0</SIGNATURE_THRESHOLD_ML>
		<SIGNATURE_THRESHOLD_SAM>0.0</SIGNATURE_THRESHOLD_SAM>
	</signature>
	<signature ID="20200810_111511604008_428">
		<MACROCLASSID>1</MACROCLASSID>
		<MACROCLASSINFO>waterbody</MACROCLASSINFO>
		<CLASSID>9</CLASSID>
		<CLASSINFO>C 1</CLASSINFO>
		<VALUES>[0.0973024732760481, 0.008565429536220331, 0.10883700867762437, 0.009773931877347736, 0.1084583733935614, 0.01655870856067451, 0.12140098999480943, 0.049783883357993684, 0.08830183105090184, 0.0554649115738704, 0.0721343282006077, 0.04676554143559684]</VALUES>
		<LCS_MIN>[0.0861210748553276, 0.09628051519393921, 0.08647903054952621, 0.05974647402763367, 0.017811311408877373, 0.022099869325757027]</LCS_MIN>
		<LCS_MAX>[0.12934470176696777, 0.13656292855739594, 0.15590159595012665, 0.2178199291229248, 0.21736367046833038, 0.17398466169834137]</LCS_MAX>
		<WAVELENGTH>[0.485, 0.56, 0.66, 0.83, 1.65, 2.215]</WAVELENGTH>
		<MEAN_VALUE>[0.0973024732760481, 0.10883700867762437, 0.1084583733935614, 0.12140098999480943, 0.08830183105090184, 0.0721343282006077]</MEAN_VALUE>
		<CHECKBOX>2</CHECKBOX>
		<SD>[0.008565429536220331, 0.009773931877347736, 0.01655870856067451, 0.049783883357993684, 0.0554649115738704, 0.04676554143559684]</SD>
		<WAVELENGTH_UNIT>E-6m</WAVELENGTH_UNIT>
		<COLOR>#09e5c2</COLOR>
		<COVARIANCE_MATRIX>[[7.540454680565745e-05, 7.698367699049413e-05, 0.00011790746066253632, 0.00036248829565010965, 0.000413973699323833, 0.00029738983721472323], [7.698367699049413e-05, 9.818335092859343e-05, 0.00015543158224318177, 0.0004628178139682859, 0.0005058108945377171, 0.0004009408876299858], [0.00011790746066253632, 0.00015543158224318177, 0.0002818072389345616, 0.0007813840638846159, 0.0008273061248473823, 0.0006811785860918462], [0.00036248829565010965, 0.0004628178139682859, 0.0007813840638846159, 0.0025472803972661495, 0.002681972458958626, 0.002171197673305869], [0.000413973699323833, 0.0005058108945377171, 0.0008273061248473823, 0.002681972458958626, 0.003161810804158449, 0.002546951873227954], [0.00029738983721472323, 0.0004009408876299858, 0.0006811785860918462, 0.002171197673305869, 0.002546951873227954, 0.0022477663587778807]]</COVARIANCE_MATRIX>
		<ROI_SIZE>37</ROI_SIZE>
		<MAX_VALUE>[0.12934470176696777, 0.13656292855739594, 0.15590159595012665, 0.2178199291229248, 0.21736367046833038, 0.17398466169834137]</MAX_VALUE>
		<MIN_VALUE>[0.0861210748553276, 0.09628051519393921, 0.08647903054952621, 0.05974647402763367, 0.017811311408877373, 0.022099869325757027]</MIN_VALUE>
		<SIGNATURE_THRESHOLD_MD>0.0</SIGNATURE_THRESHOLD_MD>
		<SIGNATURE_THRESHOLD_ML>0.0</SIGNATURE_THRESHOLD_ML>
		<SIGNATURE_THRESHOLD_SAM>0.0</SIGNATURE_THRESHOLD_SAM>
	</signature>
	<signature ID="20200810_111547618220_327">
		<MACROCLASSID>1</MACROCLASSID>
		<MACROCLASSINFO>waterbody</MACROCLASSINFO>
		<CLASSID>10</CLASSID>
		<CLASSINFO>C 1</CLASSINFO>
		<VALUES>[0.0940215113639299, 0.0041909124254518, 0.09646034104350419, 0.0074846974766644364, 0.0797603581865717, 0.010313788587103401, 0.06366234194553864, 0.02098438483410417, 0.03578883906344082, 0.01811444144791711, 0.02404448597059983, 0.01267631653444097]</VALUES>
		<LCS_MIN>[0.08365114778280258, 0.07211106270551682, 0.04928836226463318, 0.03495064750313759, 0.00783369317650795, 0.007771115750074387]</LCS_MIN>
		<LCS_MAX>[0.10835036635398865, 0.11776445806026459, 0.11375217139720917, 0.11553710699081421, 0.08965015411376953, 0.07081764191389084]</LCS_MAX>
		<WAVELENGTH>[0.485, 0.56, 0.66, 0.83, 1.65, 2.215]</WAVELENGTH>
		<MEAN_VALUE>[0.0940215113639299, 0.09646034104350419, 0.0797603581865717, 0.06366234194553864, 0.03578883906344082, 0.02404448597059983]</MEAN_VALUE>
		<CHECKBOX>2</CHECKBOX>
		<SD>[0.0041909124254518, 0.0074846974766644364, 0.010313788587103401, 0.02098438483410417, 0.01811444144791711, 0.01267631653444097]</SD>
		<WAVELENGTH_UNIT>E-6m</WAVELENGTH_UNIT>
		<COLOR>#c1e2eb</COLOR>
		<COVARIANCE_MATRIX>[[1.7642507373238914e-05, 2.6710900783655234e-05, 3.454868419794366e-05, 5.141826932231197e-06, -8.784212468526675e-09, 1.2157821629443788e-06], [2.6710900783655234e-05, 5.627191058010794e-05, 7.218631071737036e-05, -1.3792302979709348e-06, -1.4830506188445725e-05, -6.942887466721004e-06], [3.454868419794366e-05, 7.218631071737036e-05, 0.00010685125016607344, 2.3394790332531556e-05, 9.189660090669349e-07, 3.979361281380989e-06], [5.141826932231197e-06, -1.3792302979709348e-06, 2.3394790332531556e-05, 0.00044231905485503376, 0.0003335084184072912, 0.00021644077787641436], [-8.784212468526675e-09, -1.4830506188445725e-05, 9.189660090669349e-07, 0.0003335084184072912, 0.0003296044305898249, 0.00021265880786813796], [1.2157821629443788e-06, -6.942887466721004e-06, 3.979361281380989e-06, 0.00021644077787641436, 0.00021265880786813796, 0.000161409581778571]]</COVARIANCE_MATRIX>
		<ROI_SIZE>224</ROI_SIZE>
		<MAX_VALUE>[0.10835036635398865, 0.11776445806026459, 0.11375217139720917, 0.11553710699081421, 0.08965015411376953, 0.07081764191389084]</MAX_VALUE>
		<MIN_VALUE>[0.08365114778280258, 0.07211106270551682, 0.04928836226463318, 0.03495064750313759, 0.00783369317650795, 0.007771115750074387]</MIN_VALUE>
		<SIGNATURE_THRESHOLD_MD>0.0</SIGNATURE_THRESHOLD_MD>
		<SIGNATURE_THRESHOLD_ML>0.0</SIGNATURE_THRESHOLD_ML>
		<SIGNATURE_THRESHOLD_SAM>0.0</SIGNATURE_THRESHOLD_SAM>
	</signature>
	<signature ID="20200810_111610256711_265">
		<MACROCLASSID>1</MACROCLASSID>
		<MACROCLASSINFO>waterbody</MACROCLASSINFO>
		<CLASSID>11</CLASSID>
		<CLASSINFO>C 1</CLASSINFO>
		<VALUES>[0.1303357898938555, 0.010309363514191454, 0.1446645388207516, 0.014407175873425378, 0.15968317253624686, 0.021347387245437874, 0.2388000359304813, 0.029749722633588868, 0.21156155023755144, 0.029302964440823497, 0.17045665873574603, 0.026334767850103816]</VALUES>
		<LCS_MIN>[0.10958532989025116, 0.11776445806026459, 0.12119031697511673, 0.16822826862335205, 0.15350690484046936, 0.11380389332771301]</LCS_MIN>
		<LCS_MAX>[0.15157398581504822, 0.17147435247898102, 0.20053040981292725, 0.3015058934688568, 0.281220406293869, 0.23703117668628693]</LCS_MAX>
		<WAVELENGTH>[0.485, 0.56, 0.66, 0.83, 1.65, 2.215]</WAVELENGTH>
		<MEAN_VALUE>[0.1303357898938555, 0.1446645388207516, 0.15968317253624686, 0.2388000359304813, 0.21156155023755144, 0.17045665873574603]</MEAN_VALUE>
		<CHECKBOX>2</CHECKBOX>
		<SD>[0.010309363514191454, 0.014407175873425378, 0.021347387245437874, 0.029749722633588868, 0.029302964440823497, 0.026334767850103816]</SD>
		<WAVELENGTH_UNIT>E-6m</WAVELENGTH_UNIT>
		<COLOR>#798098</COLOR>
		<COVARIANCE_MATRIX>[[0.00010673142969608307, 0.00014340333291329443, 0.0002113856899086386, 1.0694063348637428e-05, 0.0001744243927532807, 0.0001851696433732286], [0.00014340333291329443, 0.00020844252139795572, 0.0003044272307306528, 4.811289909412153e-05, 0.000264887377852574, 0.000276499951723963], [0.0002113856899086386, 0.0003044272307306528, 0.0004576337814796716, 7.46392470318824e-05, 0.0004027109534945339, 0.0004213066422380507], [1.0694063348637428e-05, 4.811289909412153e-05, 7.46392470318824e-05, 0.0008887803414836526, 0.0005114591913297772, 0.0003277953655924648], [0.0001744243927532807, 0.000264887377852574, 0.0004027109534945339, 0.0005114591913297772, 0.0008622867753729224, 0.0007385071367025375], [0.0001851696433732286, 0.000276499951723963, 0.0004213066422380507, 0.0003277953655924648, 0.0007385071367025375, 0.0006964462227188051]]</COVARIANCE_MATRIX>
		<ROI_SIZE>238</ROI_SIZE>
		<MAX_VALUE>[0.15157398581504822, 0.17147435247898102, 0.20053040981292725, 0.3015058934688568, 0.281220406293869, 0.23703117668628693]</MAX_VALUE>
		<MIN_VALUE>[0.10958532989025116, 0.11776445806026459, 0.12119031697511673, 0.16822826862335205, 0.15350690484046936, 0.11380389332771301]</MIN_VALUE>
		<SIGNATURE_THRESHOLD_MD>0.0</SIGNATURE_THRESHOLD_MD>
		<SIGNATURE_THRESHOLD_ML>0.0</SIGNATURE_THRESHOLD_ML>
		<SIGNATURE_THRESHOLD_SAM>0.0</SIGNATURE_THRESHOLD_SAM>
	</signature>
	<signature ID="20200810_111624609004_823">
		<MACROCLASSID>1</MACROCLASSID>
		<MACROCLASSINFO>waterbody</MACROCLASSINFO>
		<CLASSID>12</CLASSID>
		<CLASSINFO>C 1</CLASSINFO>
		<VALUES>[0.12403654437838937, 0.0045151605332726715, 0.1462683899883638, 0.005752147046765071, 0.10918490471024264, 0.012784816612246525, 0.07769083669572546, 0.025642814569465294, 0.05716163416703542, 0.023878368231649905, 0.04281371740395563, 0.018703740352093875]</VALUES>
		<LCS_MIN>[0.11699509620666504, 0.13656292855739594, 0.08895840495824814, 0.03495064750313759, 0.023797880858182907, 0.01923411898314953]</LCS_MIN>
		<LCS_MAX>[0.13551950454711914, 0.16610334813594818, 0.1410253345966339, 0.13413399457931519, 0.11160090565681458, 0.07941488176584244]</LCS_MAX>
		<WAVELENGTH>[0.485, 0.56, 0.66, 0.83, 1.65, 2.215]</WAVELENGTH>
		<MEAN_VALUE>[0.12403654437838937, 0.1462683899883638, 0.10918490471024264, 0.07769083669572546, 0.05716163416703542, 0.04281371740395563]</MEAN_VALUE>
		<CHECKBOX>2</CHECKBOX>
		<SD>[0.0045151605332726715, 0.005752147046765071, 0.012784816612246525, 0.025642814569465294, 0.023878368231649905, 0.018703740352093875]</SD>
		<WAVELENGTH_UNIT>E-6m</WAVELENGTH_UNIT>
		<COLOR>#ece269</COLOR>
		<COVARIANCE_MATRIX>[[2.0750721887452528e-05, 2.1760761228506453e-05, 3.5085613490082324e-05, 5.0677917897701263e-05, 4.6305431169457734e-05, 3.8795835280325264e-05], [2.1760761228506453e-05, 3.367803947185166e-05, 5.0231781642651185e-05, 7.36297297407873e-05, 6.764015415683389e-05, 5.634780245600268e-05], [3.5085613490082324e-05, 5.0231781642651185e-05, 0.00016637031512800604, 0.00030874903313815594, 0.00027305108960717916, 0.00020883773686364293], [5.0677917897701263e-05, 7.36297297407873e-05, 0.00030874903313815594, 0.0006692959577776492, 0.0005441362736746669, 0.0004041045322082937], [4.6305431169457734e-05, 6.764015415683389e-05, 0.00027305108960717916, 0.0005441362736746669, 0.0005803582025691867, 0.0004418337775859982], [3.8795835280325264e-05, 5.634780245600268e-05, 0.00020883773686364293, 0.0004041045322082937, 0.0004418337775859982, 0.0003560768673196435]]</COVARIANCE_MATRIX>
		<ROI_SIZE>57</ROI_SIZE>
		<MAX_VALUE>[0.13551950454711914, 0.16610334813594818, 0.1410253345966339, 0.13413399457931519, 0.11160090565681458, 0.07941488176584244]</MAX_VALUE>
		<MIN_VALUE>[0.11699509620666504, 0.13656292855739594, 0.08895840495824814, 0.03495064750313759, 0.023797880858182907, 0.01923411898314953]</MIN_VALUE>
		<SIGNATURE_THRESHOLD_MD>0.0</SIGNATURE_THRESHOLD_MD>
		<SIGNATURE_THRESHOLD_ML>0.0</SIGNATURE_THRESHOLD_ML>
		<SIGNATURE_THRESHOLD_SAM>0.0</SIGNATURE_THRESHOLD_SAM>
	</signature>
	<signature ID="20200810_111650797141_199">
		<MACROCLASSID>1</MACROCLASSID>
		<MACROCLASSINFO>waterbody</MACROCLASSINFO>
		<CLASSID>13</CLASSID>
		<CLASSINFO>C 1</CLASSINFO>
		<VALUES>[0.10995204221820547, 0.006827767028827141, 0.14062829838395996, 0.013721576023180644, 0.1564609949657315, 0.019894936606159118, 0.08640110190128134, 0.021502757023834244, 0.03659885932231831, 0.01942069506314098, 0.026546580166579, 0.014486777852735434]</VALUES>
		<LCS_MIN>[0.09353083372116089, 0.10165150463581085, 0.11623156070709229, 0.05354752764105797, 0.011824741028249264, 0.004905363544821739]</LCS_MIN>
		<LCS_MAX>[0.12440486997365952, 0.16341786086559296, 0.1955716758966446, 0.16512879729270935, 0.11160090565681458, 0.09947514533996582]</LCS_MAX>
		<WAVELENGTH>[0.485, 0.56, 0.66, 0.83, 1.65, 2.215]</WAVELENGTH>
		<MEAN_VALUE>[0.10995204221820547, 0.14062829838395996, 0.1564609949657315, 0.08640110190128134, 0.03659885932231831, 0.026546580166579]</MEAN_VALUE>
		<CHECKBOX>2</CHECKBOX>
		<SD>[0.006827767028827141, 0.013721576023180644, 0.019894936606159118, 0.021502757023834244, 0.01942069506314098, 0.014486777852735434]</SD>
		<WAVELENGTH_UNIT>E-6m</WAVELENGTH_UNIT>
		<COLOR>#53a83c</COLOR>
		<COVARIANCE_MATRIX>[[4.66863602923695e-05, 8.579910354455933e-05, 0.00011689797247527167, -2.1272046069498174e-05, -2.5486810045549646e-05, -1.0222810487903189e-05], [8.579910354455933e-05, 0.00018855610687751323, 0.00025313737569376826, -9.951591346180066e-05, -9.828500333242118e-05, -5.5102827900554985e-05], [0.00011689797247527167, 0.00025313737569376826, 0.0003963854687754065, -2.9786431696265936e-05, -7.157010259106755e-05, -3.1544022931484506e-05], [-2.1272046069498174e-05, -9.951591346180066e-05, -2.9786431696265936e-05, 0.0004630425537470728, 0.0003624052042141557, 0.00025948736583814025], [-2.5486810045549646e-05, -9.828500333242118e-05, -7.157010259106755e-05, 0.0003624052042141557, 0.000377713207853958, 0.0002678337332326919], [-1.0222810487903189e-05, -5.5102827900554985e-05, -3.1544022931484506e-05, 0.00025948736583814025, 0.0002678337332326919, 0.00021017265680711716]]</COVARIANCE_MATRIX>
		<ROI_SIZE>687</ROI_SIZE>
		<MAX_VALUE>[0.12440486997365952, 0.16341786086559296, 0.1955716758966446, 0.16512879729270935, 0.11160090565681458, 0.09947514533996582]</MAX_VALUE>
		<MIN_VALUE>[0.09353083372116089, 0.10165150463581085, 0.11623156070709229, 0.05354752764105797, 0.011824741028249264, 0.004905363544821739]</MIN_VALUE>
		<SIGNATURE_THRESHOLD_MD>0.0</SIGNATURE_THRESHOLD_MD>
		<SIGNATURE_THRESHOLD_ML>0.0</SIGNATURE_THRESHOLD_ML>
		<SIGNATURE_THRESHOLD_SAM>0.0</SIGNATURE_THRESHOLD_SAM>
	</signature>
	<signature ID="20200810_111710974353_348">
		<MACROCLASSID>1</MACROCLASSID>
		<MACROCLASSINFO>waterbody</MACROCLASSINFO>
		<CLASSID>14</CLASSID>
		<CLASSINFO>C 1</CLASSINFO>
		<VALUES>[0.11062488426701929, 0.007153284118091713, 0.13042707764838304, 0.011329674648462981, 0.11651401716885693, 0.008705684427199186, 0.07596970521668094, 0.020923609375367254, 0.050446960391311677, 0.02007244442748737, 0.0389316214036338, 0.01485849994210299]</VALUES>
		<LCS_MIN>[0.0947657972574234, 0.10165150463581085, 0.09391716122627258, 0.04734856262803078, 0.019806833937764168, 0.013502616435289383]</LCS_MIN>
		<LCS_MAX>[0.1330495923757553, 0.16341786086559296, 0.1410253345966339, 0.13413399457931519, 0.10960538685321808, 0.09660939127206802]</LCS_MAX>
		<WAVELENGTH>[0.485, 0.56, 0.66, 0.83, 1.65, 2.215]</WAVELENGTH>
		<MEAN_VALUE>[0.11062488426701929, 0.13042707764838304, 0.11651401716885693, 0.07596970521668094, 0.050446960391311677, 0.0389316214036338]</MEAN_VALUE>
		<CHECKBOX>2</CHECKBOX>
		<SD>[0.007153284118091713, 0.011329674648462981, 0.008705684427199186, 0.020923609375367254, 0.02007244442748737, 0.01485849994210299]</SD>
		<WAVELENGTH_UNIT>E-6m</WAVELENGTH_UNIT>
		<COLOR>#147912</COLOR>
		<COVARIANCE_MATRIX>[[5.1495393563527614e-05, 7.266429020091891e-05, 2.8003021725453436e-05, -4.6082670451141894e-05, -3.148991527268663e-05, -1.3957191185909323e-05], [7.266429020091891e-05, 0.00012917911226395518, 4.6486609790008515e-05, -0.00010176368232350796, -7.379843009402975e-05, -4.4004009396303445e-05], [2.8003021725453436e-05, 4.6486609790008515e-05, 7.627167360624298e-05, 8.829100988805294e-05, 8.932945638662204e-05, 7.043179357424378e-05], [-4.6082670451141894e-05, -0.00010176368232350796, 8.829100988805294e-05, 0.0004405859508551657, 0.0003741734253708273, 0.000275900267297402], [-3.148991527268663e-05, -7.379843009402975e-05, 8.932945638662204e-05, 0.0003741734253708273, 0.0004054692981299013, 0.0002885958820115775], [-1.3957191185909323e-05, -4.4004009396303445e-05, 7.043179357424378e-05, 0.000275900267297402, 0.0002885958820115775, 0.00022218123194761574]]</COVARIANCE_MATRIX>
		<ROI_SIZE>158</ROI_SIZE>
		<MAX_VALUE>[0.1330495923757553, 0.16341786086559296, 0.1410253345966339, 0.13413399457931519, 0.10960538685321808, 0.09660939127206802]</MAX_VALUE>
		<MIN_VALUE>[0.0947657972574234, 0.10165150463581085, 0.09391716122627258, 0.04734856262803078, 0.019806833937764168, 0.013502616435289383]</MIN_VALUE>
		<SIGNATURE_THRESHOLD_MD>0.0</SIGNATURE_THRESHOLD_MD>
		<SIGNATURE_THRESHOLD_ML>0.0</SIGNATURE_THRESHOLD_ML>
		<SIGNATURE_THRESHOLD_SAM>0.0</SIGNATURE_THRESHOLD_SAM>
	</signature>
	<signature ID="20200810_111721429665_753">
		<MACROCLASSID>1</MACROCLASSID>
		<MACROCLASSINFO>waterbody</MACROCLASSINFO>
		<CLASSID>15</CLASSID>
		<CLASSINFO>C 1</CLASSINFO>
		<VALUES>[0.1318516784267767, 0.011638658612402505, 0.18672795444726945, 0.014610076911701107, 0.19080061376094823, 0.01586386308104087, 0.09013023549956922, 0.019201337863868673, 0.04802353628778031, 0.01898914696630321, 0.03721875183018195, 0.015882785946225563]</VALUES>
		<LCS_MIN>[0.10094060748815536, 0.1311919242143631, 0.14350472390651703, 0.05354752764105797, 0.013820264488458633, 0.004905363544821739]</LCS_MIN>
		<LCS_MAX>[0.1589837670326233, 0.2198132574558258, 0.24515917897224426, 0.14963138103485107, 0.11359643191099167, 0.10234089940786362]</LCS_MAX>
		<WAVELENGTH>[0.485, 0.56, 0.66, 0.83, 1.65, 2.215]</WAVELENGTH>
		<MEAN_VALUE>[0.1318516784267767, 0.18672795444726945, 0.19080061376094823, 0.09013023549956922, 0.04802353628778031, 0.03721875183018195]</MEAN_VALUE>
		<CHECKBOX>2</CHECKBOX>
		<SD>[0.011638658612402505, 0.014610076911701107, 0.01586386308104087, 0.019201337863868673, 0.01898914696630321, 0.015882785946225563]</SD>
		<WAVELENGTH_UNIT>E-6m</WAVELENGTH_UNIT>
		<COLOR>#47c352</COLOR>
		<COVARIANCE_MATRIX>[[0.00013565216795541346, 0.00016351208614651114, 0.0001403733331244439, 0.00011395118781365454, 9.923875768436119e-05, 0.00010783445031847805], [0.00016351208614651114, 0.00021375971846282482, 0.00018574774730950594, 0.0001186009612865746, 8.357658953173086e-05, 0.00010437172022648156], [0.0001403733331244439, 0.00018574774730950594, 0.00025202217511832714, 0.00022297349642030895, 0.0001392746198689565, 0.00013765727635473013], [0.00011395118781365454, 0.0001186009612865746, 0.00022297349642030895, 0.00036921881837770343, 0.000319477025186643, 0.0002653524570632726], [9.923875768436119e-05, 8.357658953173086e-05, 0.0001392746198689565, 0.000319477025186643, 0.0003611035645008087, 0.00028617074713110924], [0.00010783445031847805, 0.00010437172022648156, 0.00013765727635473013, 0.0002653524570632726, 0.00028617074713110924, 0.0002526237803976983]]</COVARIANCE_MATRIX>
		<ROI_SIZE>700</ROI_SIZE>
		<MAX_VALUE>[0.1589837670326233, 0.2198132574558258, 0.24515917897224426, 0.14963138103485107, 0.11359643191099167, 0.10234089940786362]</MAX_VALUE>
		<MIN_VALUE>[0.10094060748815536, 0.1311919242143631, 0.14350472390651703, 0.05354752764105797, 0.013820264488458633, 0.004905363544821739]</MIN_VALUE>
		<SIGNATURE_THRESHOLD_MD>0.0</SIGNATURE_THRESHOLD_MD>
		<SIGNATURE_THRESHOLD_ML>0.0</SIGNATURE_THRESHOLD_ML>
		<SIGNATURE_THRESHOLD_SAM>0.0</SIGNATURE_THRESHOLD_SAM>
	</signature>
	<signature ID="20200810_111745573545_846">
		<MACROCLASSID>1</MACROCLASSID>
		<MACROCLASSINFO>waterbody</MACROCLASSINFO>
		<CLASSID>16</CLASSID>
		<CLASSINFO>C 1</CLASSINFO>
		<VALUES>[0.09667617723785203, 0.005747278670584069, 0.09513575308044854, 0.008071137205373962, 0.06960197984573033, 0.011718324131999238, 0.050148897512189164, 0.014365443932837908, 0.030287344750246654, 0.014244635732235134, 0.02130852273138536, 0.011082684209224617]</VALUES>
		<LCS_MIN>[0.08735603094100952, 0.08016754686832428, 0.05424712225794792, 0.03185116499662399, 0.011824741028249264, 0.004905363544821739]</LCS_MIN>
