<?xml version="1.0" ?>
<signaturelist MCID_LIST="[['1', 'waterbody', '#0000ff'], ['2', 'vegetation', '#00ff00'], ['3', 'bareland', '#ffaa00'], ['4', 'built-up', '#ff0000']]">
	<signature ID="20210205_124752688365_238">
		<MACROCLASSID>1</MACROCLASSID>
		<MACROCLASSINFO>waterbody</MACROCLASSINFO>
		<CLASSID>1</CLASSID>
		<CLASSINFO>C 1</CLASSINFO>
		<VALUES>[0.14722149335501467, 0.002425460623878022, 0.14503022473442134, 0.003904558136022179, 0.12706004963085601, 0.006769219140474477, 0.04725565646360653, 0.005507488648657995, 0.012550650955069416, 0.004375197926444378, 0.0073329690298692355, 0.003506472916691975]</VALUES>
		<LCS_MIN>[0.13864970207214355, 0.12562072277069092, 0.10593529790639877, 0.038329772651195526, 0.006246332544833422, 0.004132670816034079]</LCS_MIN>
		<LCS_MAX>[0.15328755974769592, 0.15341375768184662, 0.14385497570037842, 0.06870967149734497, 0.039370834827423096, 0.031073937192559242]</LCS_MAX>
		<WAVELENGTH>[0.48, 0.56, 0.655, 0.865, 1.61, 2.2]</WAVELENGTH>
		<MEAN_VALUE>[0.14722149335501467, 0.14503022473442134, 0.12706004963085601, 0.04725565646360653, 0.012550650955069416, 0.0073329690298692355]</MEAN_VALUE>
		<CHECKBOX>2</CHECKBOX>
		<SD>[0.002425460623878022, 0.003904558136022179, 0.006769219140474477, 0.005507488648657995, 0.004375197926444378, 0.003506472916691975]</SD>
		<WAVELENGTH_UNIT>E-6m</WAVELENGTH_UNIT>
		<COLOR>#814f79</COLOR>
		<COVARIANCE_MATRIX>[[7.392629413516261e-06, 1.08141402961337e-05, 1.317224268859718e-05, 1.3646078969031805e-06, -7.479327450710116e-07, -5.335949140317098e-07], [1.08141402961337e-05, 1.743286702549085e-05, 1.6724230590625666e-05, -2.6165173494518967e-06, -3.653801059044781e-06, -2.791362476273207e-06], [1.317224268859718e-05, 1.6724230590625666e-05, 4.797665314981714e-05, 1.623006392037496e-05, 1.987811174331e-06, 2.1483758700924227e-06], [1.3646078969031805e-06, -2.6165173494518967e-06, 1.623006392037496e-05, 2.9996341254445724e-05, 1.7657581338426098e-05, 1.3295059034135193e-05], [-7.479327450710116e-07, -3.653801059044781e-06, 1.987811174331e-06, 1.7657581338426098e-05, 1.708626041363459e-05, 1.3255325939098839e-05], [-5.335949140317098e-07, -2.791362476273207e-06, 2.1483758700924227e-06, 1.3295059034135193e-05, 1.3255325939098839e-05, 1.0718285011535045e-05]]</COVARIANCE_MATRIX>
		<ROI_SIZE>4053</ROI_SIZE>
		<MAX_VALUE>[0.15328755974769592, 0.15341375768184662, 0.14385497570037842, 0.06870967149734497, 0.039370834827423096, 0.031073937192559242]</MAX_VALUE>
		<MIN_VALUE>[0.13864970207214355, 0.12562072277069092, 0.10593529790639877, 0.038329772651195526, 0.006246332544833422, 0.004132670816034079]</MIN_VALUE>
		<SIGNATURE_THRESHOLD_MD>0.0</SIGNATURE_THRESHOLD_MD>
		<SIGNATURE_THRESHOLD_ML>0.0</SIGNATURE_THRESHOLD_ML>
		<SIGNATURE_THRESHOLD_SAM>0.0</SIGNATURE_THRESHOLD_SAM>
	</signature>
	<signature ID="20210205_124758697638_811">
		<MACROCLASSID>1</MACROCLASSID>
		<MACROCLASSINFO>waterbody</MACROCLASSINFO>
		<CLASSID>2</CLASSID>
		<CLASSINFO>C 1</CLASSINFO>
		<VALUES>[0.14878077396769507, 0.0013207512098224164, 0.14528966882526254, 0.0018888478514740897, 0.13427403146651243, 0.003240991981295801, 0.059263460536691924, 0.00624571472500528, 0.016341179945885433, 0.005862793473962323, 0.009813779473566873, 0.0043248766477486985]</VALUES>
		<LCS_MIN>[0.14297166466712952, 0.13653603196144104, 0.1213618591427803, 0.049245089292526245, 0.008580818772315979, 0.004542788490653038]</LCS_MIN>
		<LCS_MAX>[0.15379232168197632, 0.15060606598854065, 0.14480139315128326, 0.08618678897619247, 0.043913621455430984, 0.0368470661342144]</LCS_MAX>
		<WAVELENGTH>[0.48, 0.56, 0.655, 0.865, 1.61, 2.2]</WAVELENGTH>
		<MEAN_VALUE>[0.14878077396769507, 0.14528966882526254, 0.13427403146651243, 0.059263460536691924, 0.016341179945885433, 0.009813779473566873]</MEAN_VALUE>
		<CHECKBOX>2</CHECKBOX>
		<SD>[0.0013207512098224164, 0.0018888478514740897, 0.003240991981295801, 0.00624571472500528, 0.005862793473962323, 0.0043248766477486985]</SD>
		<WAVELENGTH_UNIT>E-6m</WAVELENGTH_UNIT>
		<COLOR>#93a001</COLOR>
		<COVARIANCE_MATRIX>[[2.437483999528922e-06, 3.0368121315405006e-06, 3.3597527817619266e-06, -1.993540763578494e-06, -2.08291430681129e-06, -1.1748309134418378e-06], [3.0368121315405006e-06, 4.971524049324216e-06, 3.754135605049669e-06, -5.990747922623996e-06, -5.216797489993041e-06, -3.4810298075171886e-06], [3.3597527817619266e-06, 3.754135605049669e-06, 1.2050417353748344e-05, -2.9511157961792378e-08, -2.8007530090690125e-06, -1.0305001296728733e-06], [-1.993540763578494e-06, -5.990747922623996e-06, -2.9511157961792378e-08, 3.5710800148081034e-05, 2.7454076189314947e-05, 1.9752091247937642e-05], [-2.08291430681129e-06, -5.216797489993041e-06, -2.8007530090690125e-06, 2.7454076189314947e-05, 3.123328497167677e-05, 2.2139329303172417e-05], [-1.1748309134418378e-06, -3.4810298075171886e-06, -1.0305001296728733e-06, 1.9752091247937642e-05, 2.2139329303172417e-05, 1.6893332940526307e-05]]</COVARIANCE_MATRIX>
		<ROI_SIZE>1791</ROI_SIZE>
		<MAX_VALUE>[0.15379232168197632, 0.15060606598854065, 0.14480139315128326, 0.08618678897619247, 0.043913621455430984, 0.0368470661342144]</MAX_VALUE>
		<MIN_VALUE>[0.14297166466712952, 0.13653603196144104, 0.1213618591427803, 0.049245089292526245, 0.008580818772315979, 0.004542788490653038]</MIN_VALUE>
		<SIGNATURE_THRESHOLD_MD>0.0</SIGNATURE_THRESHOLD_MD>
		<SIGNATURE_THRESHOLD_ML>0.0</SIGNATURE_THRESHOLD_ML>
		<SIGNATURE_THRESHOLD_SAM>0.0</SIGNATURE_THRESHOLD_SAM>
	</signature>
	<signature ID="20210205_124850163122_602">
		<MACROCLASSID>1</MACROCLASSID>
		<MACROCLASSINFO>waterbody</MACROCLASSINFO>
		<CLASSID>3</CLASSID>
		<CLASSINFO>C 1</CLASSINFO>
		<VALUES>[0.14396388966332183, 0.00338222205782415, 0.13995911431494756, 0.005396440995771076, 0.11490339849025702, 0.005750947075561724, 0.04094376126379801, 0.004142355543275551, 0.010990385693531083, 0.003817431988040691, 0.006281811804833105, 0.0029283891165727254]</VALUES>
		<LCS_MIN>[0.13347595930099487, 0.12218210101127625, 0.0941997617483139, 0.03549053147435188, 0.007792138494551182, 0.0034386313054710627]</LCS_MIN>
		<LCS_MAX>[0.1515524834394455, 0.153192937374115, 0.12836532294750214, 0.0666591227054596, 0.03842441365122795, 0.03041144087910652]</LCS_MAX>
		<WAVELENGTH>[0.48, 0.56, 0.655, 0.865, 1.61, 2.2]</WAVELENGTH>
		<MEAN_VALUE>[0.14396388966332183, 0.13995911431494756, 0.11490339849025702, 0.04094376126379801, 0.010990385693531083, 0.006281811804833105]</MEAN_VALUE>
		<CHECKBOX>2</CHECKBOX>
		<SD>[0.00338222205782415, 0.005396440995771076, 0.005750947075561724, 0.004142355543275551, 0.003817431988040691, 0.0029283891165727254]</SD>
		<WAVELENGTH_UNIT>E-6m</WAVELENGTH_UNIT>
		<COLOR>#499b62</COLOR>
		<COVARIANCE_MATRIX>[[1.0284176823915914e-05, 1.6037245586630888e-05, 1.694673665042501e-05, 1.56336568579718e-06, 1.9533659667558823e-07, 4.731736851226742e-07], [1.6037245586630888e-05, 2.629580194479786e-05, 2.730537744355388e-05, 1.071030055754818e-06, -1.1557589232324972e-06, -2.6345617243350716e-07], [1.694673665042501e-05, 2.730537744355388e-05, 3.120075416518375e-05, 3.6557089515554253e-06, 7.914389925645082e-07, 1.292112642659049e-06], [1.56336568579718e-06, 1.071030055754818e-06, 3.6557089515554253e-06, 1.4875105080136564e-05, 1.1664583325909916e-05, 8.806924597593024e-06], [1.9533659667558823e-07, -1.1557589232324972e-06, 7.914389925645082e-07, 1.1664583325909916e-05, 1.2469760804378893e-05, 9.473674253968056e-06], [4.731736851226742e-07, -2.6345617243350716e-07, 1.292112642659049e-06, 8.806924597593024e-06, 9.473674253968056e-06, 7.4884733294311445e-06]]</COVARIANCE_MATRIX>
		<ROI_SIZE>3097</ROI_SIZE>
		<MAX_VALUE>[0.1515524834394455, 0.153192937374115, 0.12836532294750214, 0.0666591227054596, 0.03842441365122795, 0.03041144087910652]</MAX_VALUE>
		<MIN_VALUE>[0.13347595930099487, 0.12218210101127625, 0.0941997617483139, 0.03549053147435188, 0.007792138494551182, 0.0034386313054710627]</MIN_VALUE>
		<SIGNATURE_THRESHOLD_MD>0.0</SIGNATURE_THRESHOLD_MD>
		<SIGNATURE_THRESHOLD_ML>0.0</SIGNATURE_THRESHOLD_ML>
		<SIGNATURE_THRESHOLD_SAM>0.0</SIGNATURE_THRESHOLD_SAM>
	</signature>
	<signature ID="20210205_124859797264_421">
		<MACROCLASSID>1</MACROCLASSID>
		<MACROCLASSINFO>waterbody</MACROCLASSINFO>
		<CLASSID>4</CLASSID>
		<CLASSINFO>C 1</CLASSINFO>
		<VALUES>[0.12573758672116653, 0.003320368354866557, 0.10595235998468953, 0.004617521703994494, 0.07332726638579165, 0.007730405236886064, 0.028311065998156616, 0.003740996284514435, 0.007388528016468723, 0.0020079133536811083, 0.003964025382691265, 0.0013455392483068442]</VALUES>
		<LCS_MIN>[0.10789122432470322, 0.07366257905960083, 0.04558560997247696, 0.02142050489783287, 0.0027445917949080467, 0.0010726023465394974]</LCS_MIN>
		<LCS_MAX>[0.1349586695432663, 0.1204785406589508, 0.09757530689239502, 0.055901531130075455, 0.035900648683309555, 0.02558472938835621]</LCS_MAX>
		<WAVELENGTH>[0.48, 0.56, 0.655, 0.865, 1.61, 2.2]</WAVELENGTH>
		<MEAN_VALUE>[0.12573758672116653, 0.10595235998468953, 0.07332726638579165, 0.028311065998156616, 0.007388528016468723, 0.003964025382691265]</MEAN_VALUE>
		<CHECKBOX>2</CHECKBOX>
		<SD>[0.003320368354866557, 0.004617521703994494, 0.007730405236886064, 0.003740996284514435, 0.0020079133536811083, 0.0013455392483068442]</SD>
		<WAVELENGTH_UNIT>E-6m</WAVELENGTH_UNIT>
		<COLOR>#3a640e</COLOR>
		<COVARIANCE_MATRIX>[[1.1069714673794806e-05, 1.4228503459889907e-05, 1.9956300093326718e-05, 4.338759936217684e-06, 8.408281928495853e-07, 5.185560212339624e-07], [1.4228503459889907e-05, 2.012762524827849e-05, 2.7067253540735692e-05, 5.71289410800091e-06, 7.527897309955733e-07, 4.45719308572734e-07], [1.9956300093326718e-05, 2.7067253540735692e-05, 5.303856960381381e-05, 1.5394620277220383e-05, 3.580369593692012e-06, 2.1636319615936372e-06], [4.338759936217684e-06, 5.71289410800091e-06, 1.5394620277220383e-05, 1.0999387995980214e-05, 4.674486262956634e-06, 3.060795734199928e-06], [8.408281928495853e-07, 7.527897309955733e-07, 3.580369593692012e-06, 4.674486262956634e-06, 3.5997356917505385e-06, 2.428085963401827e-06], [5.185560212339624e-07, 4.45719308572734e-07, 2.1636319615936372e-06, 3.060795734199928e-06, 2.428085963401827e-06, 1.8506468677514931e-06]]</COVARIANCE_MATRIX>
		<ROI_SIZE>17333</ROI_SIZE>
		<MAX_VALUE>[0.1349586695432663, 0.1204785406589508, 0.09757530689239502, 0.055901531130075455, 0.035900648683309555, 0.02558472938835621]</MAX_VALUE>
		<MIN_VALUE>[0.10789122432470322, 0.07366257905960083, 0.04558560997247696, 0.02142050489783287, 0.0027445917949080467, 0.0010726023465394974]</MIN_VALUE>
		<SIGNATURE_THRESHOLD_MD>0.0</SIGNATURE_THRESHOLD_MD>
		<SIGNATURE_THRESHOLD_ML>0.0</SIGNATURE_THRESHOLD_ML>
		<SIGNATURE_THRESHOLD_SAM>0.0</SIGNATURE_THRESHOLD_SAM>
	</signature>
	<signature ID="20210205_125012766648_278">
		<MACROCLASSID>1</MACROCLASSID>
		<MACROCLASSINFO>waterbody</MACROCLASSINFO>
		<CLASSID>5</CLASSID>
		<CLASSINFO>C 1</CLASSINFO>
		<VALUES>[0.12573758672116653, 0.003320368354866557, 0.10595235998468953, 0.004617521703994494, 0.07332726638579165, 0.007730405236886064, 0.028311065998156616, 0.003740996284514435, 0.007388528016468723, 0.0020079133536811083, 0.003964025382691265, 0.0013455392483068442]</VALUES>
		<LCS_MIN>[0.10789122432470322, 0.07366257905960083, 0.04558560997247696, 0.02142050489783287, 0.0027445917949080467, 0.0010726023465394974]</LCS_MIN>
		<LCS_MAX>[0.1349586695432663, 0.1204785406589508, 0.09757530689239502, 0.055901531130075455, 0.035900648683309555, 0.02558472938835621]</LCS_MAX>
		<WAVELENGTH>[0.48, 0.56, 0.655, 0.865, 1.61, 2.2]</WAVELENGTH>
		<MEAN_VALUE>[0.12573758672116653, 0.10595235998468953, 0.07332726638579165, 0.028311065998156616, 0.007388528016468723, 0.003964025382691265]</MEAN_VALUE>
		<CHECKBOX>2</CHECKBOX>
		<SD>[0.003320368354866557, 0.004617521703994494, 0.007730405236886064, 0.003740996284514435, 0.0020079133536811083, 0.0013455392483068442]</SD>
		<WAVELENGTH_UNIT>E-6m</WAVELENGTH_UNIT>
		<COLOR>#6dc0e1</COLOR>
		<COVARIANCE_MATRIX>[[1.1069714673794806e-05, 1.4228503459889907e-05, 1.9956300093326718e-05, 4.338759936217684e-06, 8.408281928495853e-07, 5.185560212339624e-07], [1.4228503459889907e-05, 2.012762524827849e-05, 2.7067253540735692e-05, 5.71289410800091e-06, 7.527897309955733e-07, 4.45719308572734e-07], [1.9956300093326718e-05, 2.7067253540735692e-05, 5.303856960381381e-05, 1.5394620277220383e-05, 3.580369593692012e-06, 2.1636319615936372e-06], [4.338759936217684e-06, 5.71289410800091e-06, 1.5394620277220383e-05, 1.0999387995980214e-05, 4.674486262956634e-06, 3.060795734199928e-06], [8.408281928495853e-07, 7.527897309955733e-07, 3.580369593692012e-06, 4.674486262956634e-06, 3.5997356917505385e-06, 2.428085963401827e-06], [5.185560212339624e-07, 4.45719308572734e-07, 2.1636319615936372e-06, 3.060795734199928e-06, 2.428085963401827e-06, 1.8506468677514931e-06]]</COVARIANCE_MATRIX>
		<ROI_SIZE>17333</ROI_SIZE>
		<MAX_VALUE>[0.1349586695432663, 0.1204785406589508, 0.09757530689239502, 0.055901531130075455, 0.035900648683309555, 0.02558472938835621]</MAX_VALUE>
		<MIN_VALUE>[0.10789122432470322, 0.07366257905960083, 0.04558560997247696, 0.02142050489783287, 0.0027445917949080467, 0.0010726023465394974]</MIN_VALUE>
		<SIGNATURE_THRESHOLD_MD>0.0</SIGNATURE_THRESHOLD_MD>
		<SIGNATURE_THRESHOLD_ML>0.0</SIGNATURE_THRESHOLD_ML>
		<SIGNATURE_THRESHOLD_SAM>0.0</SIGNATURE_THRESHOLD_SAM>
	</signature>
	<signature ID="20210205_125032008520_815">
		<MACROCLASSID>1</MACROCLASSID>
		<MACROCLASSINFO>waterbody</MACROCLASSINFO>
		<CLASSID>6</CLASSID>
		<CLASSINFO>C 1</CLASSINFO>
		<VALUES>[0.116713791618963, 0.001753028196496565, 0.09633397102601593, 0.0038290763404849105, 0.06581810471693898, 0.00629964001405816, 0.0346982316380101, 0.005424591197408869, 0.011703499544739397, 0.0039583131493707065, 0.007263897252550533, 0.003002277060781517]</VALUES>
		<LCS_MIN>[0.11309652030467987, 0.0870385617017746, 0.05624854937195778, 0.0288025364279747, 0.005615390837192535, 0.003691010409966111]</LCS_MIN>
		<LCS_MAX>[0.12681952118873596, 0.11057273298501968, 0.09136053919792175, 0.060475870966911316, 0.03817203640937805, 0.029559673741459846]</LCS_MAX>
		<WAVELENGTH>[0.48, 0.56, 0.655, 0.865, 1.61, 2.2]</WAVELENGTH>
		<MEAN_VALUE>[0.116713791618963, 0.09633397102601593, 0.06581810471693898, 0.0346982316380101, 0.011703499544739397, 0.007263897252550533]</MEAN_VALUE>
		<CHECKBOX>2</CHECKBOX>
		<SD>[0.001753028196496565, 0.0038290763404849105, 0.00629964001405816, 0.005424591197408869, 0.0039583131493707065, 0.003002277060781517]</SD>
		<WAVELENGTH_UNIT>E-6m</WAVELENGTH_UNIT>
		<COLOR>#9e5a1b</COLOR>
		<COVARIANCE_MATRIX>[[3.0250425879785325e-06, 5.660987881128676e-06, 9.001331818581093e-06, 4.199107024760451e-06, 2.7033788683183957e-06, 1.7765827351468033e-06], [5.660987881128676e-06, 1.551058994664345e-05, 2.409337685094215e-05, 1.0340146218368318e-05, 4.911241376248654e-06, 2.8972278869332513e-06], [9.001331818581093e-06, 2.409337685094215e-05, 4.227558383718133e-05, 2.0810628484468907e-05, 1.0677296813810244e-05, 6.324338301055832e-06], [4.199107024760451e-06, 1.0340146218368318e-05, 2.0810628484468907e-05, 3.085149364778772e-05, 1.737223101372365e-05, 1.0952358024951536e-05], [2.7033788683183957e-06, 4.911241376248654e-06, 1.0677296813810244e-05, 1.737223101372365e-05, 1.4304058822744992e-05, 9.59021235757973e-06], [1.7765827351468033e-06, 2.8972278869332513e-06, 6.324338301055832e-06, 1.0952358024951536e-05, 9.59021235757973e-06, 7.4864624366455246e-06]]</COVARIANCE_MATRIX>
		<ROI_SIZE>3307</ROI_SIZE>
		<MAX_VALUE>[0.12681952118873596, 0.11057273298501968, 0.09136053919792175, 0.060475870966911316, 0.03817203640937805, 0.029559673741459846]</MAX_VALUE>
		<MIN_VALUE>[0.11309652030467987, 0.0870385617017746, 0.05624854937195778, 0.0288025364279747, 0.005615390837192535, 0.003691010409966111]</MIN_VALUE>
		<SIGNATURE_THRESHOLD_MD>0.0</SIGNATURE_THRESHOLD_MD>
		<SIGNATURE_THRESHOLD_ML>0.0</SIGNATURE_THRESHOLD_ML>
		<SIGNATURE_THRESHOLD_SAM>0.0</SIGNATURE_THRESHOLD_SAM>
	</signature>
	<signature ID="20210205_125052602740_174">
		<MACROCLASSID>1</MACROCLASSID>
		<MACROCLASSINFO>waterbody</MACROCLASSINFO>
		<CLASSID>7</CLASSID>
		<CLASSINFO>C 1</CLASSINFO>
		<VALUES>[0.11873494221426387, 0.0025473870618579727, 0.0931372246480559, 0.0051981122503425, 0.0700269789816326, 0.007278457239525439, 0.04380258634979169, 0.011928798621030473, 0.013593184982368731, 0.006555737749867739, 0.007154909419627621, 0.0039172534475202326]</VALUES>
		<LCS_MIN>[0.11322269588708878, 0.08243267983198166, 0.05605926737189293, 0.030569178983569145, 0.007539759390056133, 0.0036594674456864595]</LCS_MIN>
		<LCS_MAX>[0.1286492496728897, 0.112434022128582, 0.09353728592395782, 0.09009863436222076, 0.05031769350171089, 0.03400782123208046]</LCS_MAX>
		<WAVELENGTH>[0.48, 0.56, 0.655, 0.865, 1.61, 2.2]</WAVELENGTH>
		<MEAN_VALUE>[0.11873494221426387, 0.0931372246480559, 0.0700269789816326, 0.04380258634979169, 0.013593184982368731, 0.007154909419627621]</MEAN_VALUE>
		<CHECKBOX>2</CHECKBOX>
		<SD>[0.0025473870618579727, 0.0051981122503425, 0.007278457239525439, 0.011928798621030473, 0.006555737749867739, 0.0039172534475202326]</SD>
		<WAVELENGTH_UNIT>E-6m</WAVELENGTH_UNIT>
		<COLOR>#16be2c</COLOR>
		<COVARIANCE_MATRIX>[[5.9703843362513e-06, 9.830633644014597e-06, 1.3460627087624744e-05, 1.4425014342123177e-05, 6.492835836979793e-06, 3.843042577500455e-06], [9.830633644014597e-06, 2.171228152292315e-05, 3.0044378945603967e-05, 1.8206976164947264e-05, 8.44707483338425e-06, 5.410335234046215e-06], [1.3460627087624744e-05, 3.0044378945603967e-05, 4.384796920930967e-05, 2.88422543235356e-05, 1.2843137483287137e-05, 8.127101864374708e-06], [1.4425014342123177e-05, 1.8206976164947264e-05, 2.88422543235356e-05, 0.00014153364463709295, 6.711226160405204e-05, 3.6549005017150193e-05], [6.492835836979793e-06, 8.44707483338425e-06, 1.2843137483287137e-05, 6.711226160405204e-05, 3.896598354913294e-05, 2.2372765670297667e-05], [3.843042577500455e-06, 5.410335234046215e-06, 8.127101864374708e-06, 3.6549005017150193e-05, 2.2372765670297667e-05, 1.3320367543201428e-05]]</COVARIANCE_MATRIX>
		<ROI_SIZE>5092</ROI_SIZE>
		<MAX_VALUE>[0.1286492496728897, 0.112434022128582, 0.09353728592395782, 0.09009863436222076, 0.05031769350171089, 0.03400782123208046]</MAX_VALUE>
		<MIN_VALUE>[0.11322269588708878, 0.08243267983198166, 0.05605926737189293, 0.030569178983569145, 0.007539759390056133, 0.0036594674456864595]</MIN_VALUE>
		<SIGNATURE_THRESHOLD_MD>0.0</SIGNATURE_THRESHOLD_MD>
		<SIGNATURE_THRESHOLD_ML>0.0</SIGNATURE_THRESHOLD_ML>
		<SIGNATURE_THRESHOLD_SAM>0.0</SIGNATURE_THRESHOLD_SAM>
	</signature>
	<signature ID="20210205_125100936628_105">
		<MACROCLASSID>1</MACROCLASSID>
		<MACROCLASSINFO>waterbody</MACROCLASSINFO>
		<CLASSID>8</CLASSID>
		<CLASSINFO>C 1</CLASSINFO>
		<VALUES>[0.1314147616097008, 0.0020563920194108876, 0.11638254705951157, 0.0034290336649091097, 0.09206045800483373, 0.004885872944674666, 0.03950861385877592, 0.0073658785637815485, 0.009680786764765355, 0.0035066237791681067, 0.005170685134642947, 0.0021738695377583896]</VALUES>
		<LCS_MIN>[0.12666179239749908, 0.10776504874229431, 0.08315826207399368, 0.02618412859737873, 0.005710031371563673, 0.003123166272416711]</LCS_MIN>
		<LCS_MAX>[0.13663068413734436, 0.12669333815574646, 0.10789122432470322, 0.06318891793489456, 0.02675197273492813, 0.019212201237678528]</LCS_MAX>
		<WAVELENGTH>[0.48, 0.56, 0.655, 0.865, 1.61, 2.2]</WAVELENGTH>
		<MEAN_VALUE>[0.1314147616097008, 0.11638254705951157, 0.09206045800483373, 0.03950861385877592, 0.009680786764765355, 0.005170685134642947]</MEAN_VALUE>
		<CHECKBOX>2</CHECKBOX>
		<SD>[0.0020563920194108876, 0.0034290336649091097, 0.004885872944674666, 0.0073658785637815485, 0.0035066237791681067, 0.0021738695377583896]</SD>
		<WAVELENGTH_UNIT>E-6m</WAVELENGTH_UNIT>
		<COLOR>#247cc4</COLOR>
		<COVARIANCE_MATRIX>[[5.55410815650248e-06, 9.612977919459809e-06, 1.2619150766113307e-05, -5.978029548714403e-06, -3.5352513805264607e-06, -2.0577340364980046e-06], [9.612977919459809e-06, 1.824501669034362e-05, 2.4069904611678794e-05, -8.462159712507855e-06, -5.1650922614498995e-06, -2.972987658722559e-06], [1.2619150766113307e-05, 2.4069904611678794e-05, 3.833381560980342e-05, -4.771523435920244e-06, -5.286355644784635e-06, -3.2239959182334132e-06], [-5.978029548714403e-06, -8.462159712507855e-06, -4.771523435920244e-06, 4.4235312088858336e-05, 1.7158465198008344e-05, 8.395528311666567e-06], [-3.5352513805264607e-06, -5.1650922614498995e-06, -5.286355644784635e-06, 1.7158465198008344e-05, 9.05843626242131e-06, 4.863662525167456e-06], [-2.0577340364980046e-06, -2.972987658722559e-06, -3.2239959182334132e-06, 8.395528311666567e-06, 4.863662525167456e-06, 3.0085479920671787e-06]]</COVARIANCE_MATRIX>
		<ROI_SIZE>916</ROI_SIZE>
		<MAX_VALUE>[0.13663068413734436, 0.12669333815574646, 0.10789122432470322, 0.06318891793489456, 0.02675197273492813, 0.019212201237678528]</MAX_VALUE>
		<MIN_VALUE>[0.12666179239749908, 0.10776504874229431, 0.08315826207399368, 0.02618412859737873, 0.005710031371563673, 0.003123166272416711]</MIN_VALUE>
		<SIGNATURE_THRESHOLD_MD>0.0</SIGNATURE_THRESHOLD_MD>
		<SIGNATURE_THRESHOLD_ML>0.0</SIGNATURE_THRESHOLD_ML>
		<SIGNATURE_THRESHOLD_SAM>0.0</SIGNATURE_THRESHOLD_SAM>
	</signature>
	<signature ID="20210205_125115665468_414">
		<MACROCLASSID>1</MACROCLASSID>
		<MACROCLASSINFO>waterbody</MACROCLASSINFO>
		<CLASSID>9</CLASSID>
		<CLASSINFO>C 1</CLASSINFO>
		<VALUES>[0.11004499438387598, 0.002986310653382227, 0.08271875622104186, 0.007467419300975332, 0.04975996880652812, 0.007877263988228718, 0.023474206868481347, 0.0023909275877608957, 0.005638261596612312, 0.0011831836894128057, 0.0027665387795508273, 0.0007826302841294193]</VALUES>
		<LCS_MIN>[0.10423176735639572, 0.07186439633369446, 0.040758900344371796, 0.02110503986477852, 0.0029654279351234436, 0.0009779499378055334]</LCS_MIN>
		<LCS_MAX>[0.11773394793272018, 0.10044611990451813, 0.07410424947738647, 0.05157957598567009, 0.034544121474027634, 0.02558472938835621]</LCS_MAX>
		<WAVELENGTH>[0.48, 0.56, 0.655, 0.865, 1.61, 2.2]</WAVELENGTH>
		<MEAN_VALUE>[0.11004499438387598, 0.08271875622104186, 0.04975996880652812, 0.023474206868481347, 0.005638261596612312, 0.0027665387795508273]</MEAN_VALUE>
		<CHECKBOX>2</CHECKBOX>
		<SD>[0.002986310653382227, 0.007467419300975332, 0.007877263988228718, 0.0023909275877608957, 0.0011831836894128057, 0.0007826302841294193]</SD>
		<WAVELENGTH_UNIT>E-6m</WAVELENGTH_UNIT>
		<COLOR>#ef051f</COLOR>
		<COVARIANCE_MATRIX>[[8.354379133379553e-06, 2.010226671700366e-05, 2.0074197891517542e-05, 1.916543396873749e-06, 6.170624828882865e-07, 3.1178399240161525e-07], [2.010226671700366e-05, 5.199086808715947e-05, 5.226776920608245e-05, 5.030120519222692e-06, 1.545492523291614e-06, 8.521055292476376e-07], [2.0074197891517542e-05, 5.226776920608245e-05, 5.8538138546282426e-05, 6.855790616100421e-06, 2.420427563265548e-06, 1.4167681001708843e-06], [1.916543396873749e-06, 5.030120519222692e-06, 6.855790616100421e-06, 5.42285988558433e-06, 2.224288891738979e-06, 1.3973241266285186e-06], [6.170624828882865e-07, 1.545492523291614e-06, 2.420427563265548e-06, 2.224288891738979e-06, 1.395543449689285e-06, 8.937935831454524e-07], [3.1178399240161525e-07, 8.521055292476376e-07, 1.4167681001708843e-06, 1.3973241266285186e-06, 8.937935831454524e-07, 6.530815426231129e-07]]</COVARIANCE_MATRIX>
		<ROI_SIZE>11473</ROI_SIZE>
		<MAX_VALUE>[0.11773394793272018, 0.10044611990451813, 0.07410424947738647, 0.05157957598567009, 0.034544121474027634, 0.02558472938835621]</MAX_VALUE>
		<MIN_VALUE>[0.10423176735639572, 0.07186439633369446, 0.040758900344371796, 0.02110503986477852, 0.0029654279351234436, 0.0009779499378055334]</MIN_VALUE>
		<SIGNATURE_THRESHOLD_MD>0.0</SIGNATURE_THRESHOLD_MD>
		<SIGNATURE_THRESHOLD_ML>0.0</SIGNATURE_THRESHOLD_ML>
		<SIGNATURE_THRESHOLD_SAM>0.0</SIGNATURE_THRESHOLD_SAM>
	</signature>
	<signature ID="20210205_125122656442_777">
		<MACROCLASSID>1</MACROCLASSID>
		<MACROCLASSINFO>waterbody</MACROCLASSINFO>
		<CLASSID>10</CLASSID>
		<CLASSINFO>C 1</CLASSINFO>
		<VALUES>[0.12904118132896333, 0.0007479131150810091, 0.10679288617598753, 0.0012230994572197502, 0.06290011403409056, 0.002839577936766544, 0.022683809876972414, 0.0009589634932149805, 0.005273383087865722, 0.0009555918325872993, 0.0026748418216772617, 0.0006564622832536413]</VALUES>
		<LCS_MIN>[0.12546299397945404, 0.1000990942120552, 0.056942589581012726, 0.020537182688713074, 0.0031547092366963625, 0.0011672429973259568]</LCS_MIN>
		<LCS_MAX>[0.13161469995975494, 0.11132987588644028, 0.07747979462146759, 0.05173731595277786, 0.03325068578124046, 0.024038923904299736]</LCS_MAX>
		<WAVELENGTH>[0.48, 0.56, 0.655, 0.865, 1.61, 2.2]</WAVELENGTH>
		<MEAN_VALUE>[0.12904118132896333, 0.10679288617598753, 0.06290011403409056, 0.022683809876972414, 0.005273383087865722, 0.0026748418216772617]</MEAN_VALUE>
		<CHECKBOX>2</CHECKBOX>
		<SD>[0.0007479131150810091, 0.0012230994572197502, 0.002839577936766544, 0.0009589634932149805, 0.0009555918325872993, 0.0006564622832536413]</SD>
		<WAVELENGTH_UNIT>E-6m</WAVELENGTH_UNIT>
		<COLOR>#6c9b65</COLOR>
		<COVARIANCE_MATRIX>[[6.362230351442122e-07, 7.587344157400366e-07, -1.6522329815416015e-07, -1.8977924298724247e-07, -2.0113320431391912e-07, -1.2634490076379734e-07], [7.587344157400366e-07, 1.7636924667385756e-06, 1.8536200059315888e-06, -4.7660762447776506e-08, -2.616627909901581e-07, -1.7856683598438394e-07], [-1.6522329815416015e-07, 1.8536200059315888e-06, 7.551018825324718e-06, 1.35620609853504e-06, 6.701915822304727e-07, 4.235911319483421e-07], [-1.8977924298724247e-07, -4.7660762447776506e-08, 1.35620609853504e-06, 1.439426455362991e-06, 1.228355699822714e-06, 8.375218953915464e-07], [-2.0113320431391912e-07, -2.616627909901581e-07, 6.701915822304727e-07, 1.228355699822714e-06, 1.3528682529795333e-06, 8.97357722351444e-07], [-1.2634490076379734e-07, -1.7856683598438394e-07, 4.235911319483421e-07, 8.375218953915464e-07, 8.97357722351444e-07, 6.506236900349904e-07]]</COVARIANCE_MATRIX>
		<ROI_SIZE>14481</ROI_SIZE>
		<MAX_VALUE>[0.13161469995975494, 0.11132987588644028, 0.07747979462146759, 0.05173731595277786, 0.03325068578124046, 0.024038923904299736]</MAX_VALUE>
		<MIN_VALUE>[0.12546299397945404, 0.1000990942120552, 0.056942589581012726, 0.020537182688713074, 0.0031547092366963625, 0.0011672429973259568]</MIN_VALUE>
		<SIGNATURE_THRESHOLD_MD>0.0</SIGNATURE_THRESHOLD_MD>
		<SIGNATURE_THRESHOLD_ML>0.0</SIGNATURE_THRESHOLD_ML>
		<SIGNATURE_THRESHOLD_SAM>0.0</SIGNATURE_THRESHOLD_SAM>
	</signature>
	<signature ID="20210205_125132153318_778">
		<MACROCLASSID>1</MACROCLASSID>
		<MACROCLASSINFO>waterbody</MACROCLASSINFO>
		<CLASSID>11</CLASSID>
		<CLASSINFO>C 1</CLASSINFO>
		<VALUES>[0.12823146497009455, 0.00263638200660295, 0.09866307816669517, 0.0034992962931006495, 0.057049614635113564, 0.0022481701516602615, 0.02574982560962474, 0.002097641333912083, 0.007424238792035028, 0.001547998907947793, 0.003933201413634551, 0.0011024822257273477]</VALUES>
		<LCS_MIN>[0.10855372250080109, 0.07205367088317871, 0.04334577918052673, 0.020568737760186195, 0.0034386313054710627, 0.0008517662063241005]</LCS_MIN>
		<LCS_MAX>[0.13426466286182404, 0.10697636008262634, 0.06946682184934616, 0.05416645482182503, 0.036089930683374405, 0.028140051290392876]</LCS_MAX>
		<WAVELENGTH>[0.48, 0.56, 0.655, 0.865, 1.61, 2.2]</WAVELENGTH>
		<MEAN_VALUE>[0.12823146497009455, 0.09866307816669517, 0.057049614635113564, 0.02574982560962474, 0.007424238792035028, 0.003933201413634551]</MEAN_VALUE>
		<CHECKBOX>2</CHECKBOX>
		<SD>[0.00263638200660295, 0.0034992962931006495, 0.0022481701516602615, 0.002097641333912083, 0.001547998907947793, 0.0011024822257273477]</SD>
		<WAVELENGTH_UNIT>E-6m</WAVELENGTH_UNIT>
		<COLOR>#bfc61d</COLOR>
		<COVARIANCE_MATRIX>[[6.180218861118192e-06, 8.03994589659851e-06, 4.510121016210178e-06, 1.6982505712803686e-07, -1.523930137636853e-07, -4.3265639959599866e-08], [8.03994589659851e-06, 1.1086215636169072e-05, 6.515428140119184e-06, 6.990193242017995e-07, -1.464548393670384e-08, 2.9751639374353545e-08], [4.510121016210178e-06, 6.515428140119184e-06, 4.616438673110679e-06, 1.3631280353365582e-06, 5.337616357792285e-07, 3.6298763461672934e-07], [1.6982505712803686e-07, 6.990193242017995e-07, 1.3631280353365582e-06, 3.914934950444149e-06, 2.1497710349649424e-06, 1.3565102108259453e-06], [-1.523930137636853e-07, -1.464548393670384e-08, 5.337616357792285e-07, 2.1497710349649424e-06, 1.924542630149517e-06, 1.2524272960945382e-06], [-4.3265639959599866e-08, 2.9751639374353545e-08, 3.6298763461672934e-07, 1.3565102108259453e-06, 1.2524272960945382e-06, 9.017190336635394e-07]]</COVARIANCE_MATRIX>
		<ROI_SIZE>13931</ROI_SIZE>
		<MAX_VALUE>[0.13426466286182404, 0.10697636008262634, 0.06946682184934616, 0.05416645482182503, 0.036089930683374405, 0.028140051290392876]</MAX_VALUE>
		<MIN_VALUE>[0.10855372250080109, 0.07205367088317871, 0.04334577918052673, 0.020568737760186195, 0.0034386313054710627, 0.0008517662063241005]</MIN_VALUE>
		<SIGNATURE_THRESHOLD_MD>0.0</SIGNATURE_THRESHOLD_MD>
		<SIGNATURE_THRESHOLD_ML>0.0</SIGNATURE_THRESHOLD_ML>
		<SIGNATURE_THRESHOLD_SAM>0.0</SIGNATURE_THRESHOLD_SAM>
	</signature>
	<signature ID="20210205_125142901990_133">
		<MACROCLASSID>1</MACROCLASSID>
		<MACROCLASSINFO>waterbody</MACROCLASSINFO>
		<CLASSID>12</CLASSID>
		<CLASSINFO>C 1</CLASSINFO>
		<VALUES>[0.11180567751161195, 0.001202715836668539, 0.09114930633737256, 0.0027824884159015745, 0.05843247659191375, 0.006507415585586977, 0.027563758615185226, 0.005312429715222421, 0.006265055230278678, 0.0017775152230609795, 0.00302611263813216, 0.0007903036463808471]</VALUES>
		<LCS_MIN>[0.10905847698450089, 0.0853981152176857, 0.04927663505077362, 0.01776103675365448, 0.003943389747291803, 0.0018928255885839462]</LCS_MIN>
		<LCS_MAX>[0.11587265878915787, 0.10265440493822098, 0.08173863589763641, 0.0554598793387413, 0.018675900995731354, 0.011009945534169674]</LCS_MAX>
		<WAVELENGTH>[0.48, 0.56, 0.655, 0.865, 1.61, 2.2]</WAVELENGTH>
		<MEAN_VALUE>[0.11180567751161195, 0.09114930633737256, 0.05843247659191375, 0.027563758615185226, 0.006265055230278678, 0.00302611263813216]</MEAN_VALUE>
		<CHECKBOX>2</CHECKBOX>
		<SD>[0.001202715836668539, 0.0027824884159015745, 0.006507415585586977, 0.005312429715222421, 0.0017775152230609795, 0.0007903036463808471]</SD>
		<WAVELENGTH_UNIT>E-6m</WAVELENGTH_UNIT>
		<COLOR>#b4e2fe</COLOR>
		<COVARIANCE_MATRIX>[[1.6028371874199365e-06, 3.0556002457160503e-06, 5.451396191347158e-06, -4.36765759559421e-07, -8.539010565300487e-08, -3.147563987226931e-08], [3.0556002457160503e-06, 8.182661986211315e-06, 1.7379601558786817e-05, 2.4235528144345153e-06, 8.241789259955112e-07, 3.7913400774414185e-07], [5.451396191347158e-06, 1.7379601558786817e-05, 4.5829849113943055e-05, 1.2250920008227695e-05, 4.099203579244204e-06, 1.8518693423175137e-06], [-4.36765759559421e-07, 2.4235528144345153e-06, 1.2250920008227695e-05, 2.73134937742725e-05, 8.666379471833352e-06, 3.7876905025768792e-06], [-8.539010565300487e-08, 8.241789259955112e-07, 4.099203579244204e-06, 8.666379471833352e-06, 3.197201294824481e-06, 1.388608666275104e-06], [-3.147563987226931e-08, 3.7913400774414185e-07, 1.8518693423175137e-06, 3.7876905025768792e-06, 1.388608666275104e-06, 6.804014560657379e-07]]</COVARIANCE_MATRIX>
		<ROI_SIZE>5465</ROI_SIZE>
		<MAX_VALUE>[0.11587265878915787, 0.10265440493822098, 0.08173863589763641, 0.0554598793387413, 0.018675900995731354, 0.011009945534169674]</MAX_VALUE>
		<MIN_VALUE>[0.10905847698450089, 0.0853981152176857, 0.04927663505077362, 0.01776103675365448, 0.003943389747291803, 0.0018928255885839462]</MIN_VALUE>
		<SIGNATURE_THRESHOLD_MD>0.0</SIGNATURE_THRESHOLD_MD>
		<SIGNATURE_THRESHOLD_ML>0.0</SIGNATURE_THRESHOLD_ML>
		<SIGNATURE_THRESHOLD_SAM>0.0</SIGNATURE_THRESHOLD_SAM>
	</signature>
	<signature ID="20210205_125150582631_504">
		<MACROCLASSID>1</MACROCLASSID>
		<MACROCLASSINFO>waterbody</MACROCLASSINFO>
		<CLASSID>13</CLASSID>
		<CLASSINFO>C 1</CLASSINFO>
		<VALUES>[0.12016503645562822, 0.0012454375460365162, 0.10326138493712876, 0.002494592299450633, 0.06546519599982854, 0.0023975792576597476, 0.04016594205035674, 0.0056381563305300765, 0.01249652197224772, 0.004338017303540325, 0.006495997603471057, 0.002285110194304711]</VALUES>
		<LCS_MIN>[0.11363282054662704, 0.08934150636196136, 0.058393754065036774, 0.03394472599029541, 0.008675459772348404, 0.0042273118160665035]</LCS_MIN>
		<LCS_MAX>[0.12252911925315857, 0.10899539291858673, 0.07265306264162064, 0.06621744483709335, 0.039907123893499374, 0.020410999655723572]</LCS_MAX>
		<WAVELENGTH>[0.48, 0.56, 0.655, 0.865, 1.61, 2.2]</WAVELENGTH>
		<MEAN_VALUE>[0.12016503645562822, 0.10326138493712876, 0.06546519599982854, 0.04016594205035674, 0.01249652197224772, 0.006495997603471057]</MEAN_VALUE>
		<CHECKBOX>2</CHECKBOX>
		<SD>[0.0012454375460365162, 0.002494592299450633, 0.0023975792576597476, 0.0056381563305300765, 0.004338017303540325, 0.002285110194304711]</SD>
		<WAVELENGTH_UNIT>E-6m</WAVELENGTH_UNIT>
		<COLOR>#e7de6f</COLOR>
		<COVARIANCE_MATRIX>[[2.291850023539155e-06, 4.2703200051619206e-06, 3.2547354749112856e-06, -2.593568297015736e-06, -1.4639163055107929e-06, -6.95168864695006e-07], [4.2703200051619206e-06, 9.016075637191534e-06, 7.537363217124948e-06, -4.9270402087131515e-06, -2.7944920475420076e-06, -1.284274162571819e-06], [3.2547354749112856e-06, 7.537363217124948e-06, 9.194698577630334e-06, -9.0069460156883e-07, -1.1729763826906492e-07, 2.3036932361719664e-07], [-2.593568297015736e-06, -4.9270402087131515e-06, -9.0069460156883e-07, 3.0011296985321678e-05, 1.854920083133038e-05, 9.96686503640376e-06], [-1.4639163055107929e-06, -2.7944920475420076e-06, -1.1729763826906492e-07, 1.854920083133038e-05, 1.5900819562375546e-05, 8.413323485001456e-06], [-6.95168864695006e-07, -1.284274162571819e-06, 2.3036932361719664e-07, 9.96686503640376e-06, 8.413323485001456e-06, 4.8726201384852175e-06]]</COVARIANCE_MATRIX>
		<ROI_SIZE>1173</ROI_SIZE>
		<MAX_VALUE>[0.12252911925315857, 0.10899539291858673, 0.07265306264162064, 0.06621744483709335, 0.039907123893499374, 0.020410999655723572]</MAX_VALUE>
		<MIN_VALUE>[0.11363282054662704, 0.08934150636196136, 0.058393754065036774, 0.03394472599029541, 0.008675459772348404, 0.0042273118160665035]</MIN_VALUE>
		<SIGNATURE_THRESHOLD_MD>0.0</SIGNATURE_THRESHOLD_MD>
		<SIGNATURE_THRESHOLD_ML>0.0</SIGNATURE_THRESHOLD_ML>
		<SIGNATURE_THRESHOLD_SAM>0.0</SIGNATURE_THRESHOLD_SAM>
	</signature>
	<signature ID="20210205_125156520759_267">
		<MACROCLASSID>1</MACROCLASSID>
		<MACROCLASSINFO>waterbody</MACROCLASSINFO>
		<CLASSID>14</CLASSID>
		<CLASSINFO>C 1</CLASSINFO>
		<VALUES>[0.1215038270702665, 0.002693656380404358, 0.09927775199249593, 0.0045879622428353275, 0.062320048442031706, 0.002993744032861434, 0.04881064955827216, 0.00751314507168564, 0.016646056604066622, 0.005328385460115437, 0.00898854208546101, 0.0031601274381841417]</VALUES>
		<LCS_MIN>[0.10574601590633392, 0.07211676239967346, 0.04719451442360878, 0.03444948419928551, 0.006971915252506733, 0.004826710559427738]</LCS_MIN>
		<LCS_MAX>[0.12596775591373444, 0.10672399401664734, 0.07479826360940933, 0.0745774433016777, 0.041232116520404816, 0.026972809806466103]</LCS_MAX>
		<WAVELENGTH>[0.48, 0.56, 0.655, 0.865, 1.61, 2.2]</WAVELENGTH>
		<MEAN_VALUE>[0.1215038270702665, 0.09927775199249593, 0.062320048442031706, 0.04881064955827216, 0.016646056604066622, 0.00898854208546101]</MEAN_VALUE>
		<CHECKBOX>2</CHECKBOX>
		<SD>[0.002693656380404358, 0.0045879622428353275, 0.002993744032861434, 0.00751314507168564, 0.005328385460115437, 0.0031601274381841417]</SD>
		<WAVELENGTH_UNIT>E-6m</WAVELENGTH_UNIT>
		<COLOR>#cc66d0</COLOR>
		<COVARIANCE_MATRIX>[[7.2685816121520475e-06, 1.1958198228967376e-05, 6.870509878353914e-06, -4.061530489707366e-06, -9.826630957832094e-07, 3.385141269518499e-07], [1.1958198228967376e-05, 2.108652188326232e-05, 1.1844286746054422e-05, -7.451234523614403e-06, -8.465938776680559e-07, 1.1589083896978991e-06], [6.870509878353914e-06, 1.1844286746054422e-05, 8.978309779195115e-06, 2.07874381885631e-06, 3.4576275993458694e-06, 3.2054324492492015e-06], [-4.061530489707366e-06, -7.451234523614403e-06, 2.07874381885631e-06, 5.65469017601572e-05, 3.138111424050294e-05, 1.670780693530105e-05], [-9.826630957832094e-07, -8.465938776680559e-07, 3.4576275993458694e-06, 3.138111424050294e-05, 2.8441765607567504e-05, 1.583738048793748e-05], [3.385141269518499e-07, 1.1589083896978991e-06, 3.2054324492492015e-06, 1.670780693530105e-05, 1.583738048793748e-05, 1.0004017894971184e-05]]</COVARIANCE_MATRIX>
		<ROI_SIZE>568</ROI_SIZE>
		<MAX_VALUE>[0.12596775591373444, 0.10672399401664734, 0.07479826360940933, 0.0745774433016777, 0.041232116520404816, 0.026972809806466103]</MAX_VALUE>
		<MIN_VALUE>[0.10574601590633392, 0.07211676239967346, 0.04719451442360878, 0.03444948419928551, 0.006971915252506733, 0.004826710559427738]</MIN_VALUE>
		<SIGNATURE_THRESHOLD_MD>0.0</SIGNATURE_THRESHOLD_MD>
		<SIGNATURE_THRESHOLD_ML>0.0</SIGNATURE_THRESHOLD_ML>
		<SIGNATURE_THRESHOLD_SAM>0.0</SIGNATURE_THRESHOLD_SAM>
	</signature>
	<signature ID="20210205_125204126307_120">
		<MACROCLASSID>1</MACROCLASSID>
		<MACROCLASSINFO>waterbody</MACROCLASSINFO>
		<CLASSID>15</CLASSID>
		<CLASSINFO>C 1</CLASSINFO>
		<VALUES>[0.10983138353845404, 0.002107088072266002, 0.08533052959327785, 0.004366877777768485, 0.051258970929179755, 0.002521446554161879, 0.039414484595316795, 0.007180835623463865, 0.012391510695695525, 0.004703189114018103, 0.006285120746618959, 0.002472526480828804]</VALUES>
		<LCS_MIN>[0.10101395845413208, 0.06725850701332092, 0.04148448258638382, 0.03104238212108612, 0.007413575891405344, 0.0037225536070764065]</LCS_MIN>
		<LCS_MAX>[0.11397983878850937, 0.0936950296163559, 0.057226523756980896, 0.06353594362735748, 0.03413400426506996, 0.016877716407179832]</LCS_MAX>
		<WAVELENGTH>[0.48, 0.56, 0.655, 0.865, 1.61, 2.2]</WAVELENGTH>
		<MEAN_VALUE>[0.10983138353845404, 0.08533052959327785, 0.051258970929179755, 0.039414484595316795, 0.012391510695695525, 0.006285120746618959]</MEAN_VALUE>
		<CHECKBOX>2</CHECKBOX>
		<SD>[0.002107088072266002, 0.004366877777768485, 0.002521446554161879, 0.007180835623463865, 0.004703189114018103, 0.002472526480828804]</SD>
		<WAVELENGTH_UNIT>E-6m</WAVELENGTH_UNIT>
		<COLOR>#877752</COLOR>
		<COVARIANCE_MATRIX>[[4.452764187590219e-06, 9.031563422468025e-06, 4.9594109441386536e-06, -4.4039616113877855e-06, -2.0767188289028127e-06, -5.520881813936285e-07], [9.031563422468025e-06, 1.9125218386761844e-05, 1.0555954759183805e-05, -6.863861472083954e-06, -3.4087272524629952e-06, -8.249595566667267e-07], [4.9594109441386536e-06, 1.0555954759183805e-05, 6.376228157023434e-06, -2.797022204958921e-07, 2.8076857461201143e-07, 7.199103038146859e-07], [-4.4039616113877855e-06, -6.863861472083954e-06, -2.797022204958921e-07, 5.171473458176479e-05, 2.897156446124427e-05, 1.4540455595124513e-05], [-2.0767188289028127e-06, -3.4087272524629952e-06, 2.8076857461201143e-07, 2.897156446124427e-05, 2.218447843915783e-05, 1.1345399798301514e-05], [-5.520881813936285e-07, -8.249595566667267e-07, 7.199103038146859e-07, 1.4540455595124513e-05, 1.1345399798301514e-05, 6.131210284365807e-06]]</COVARIANCE_MATRIX>
		<ROI_SIZE>344</ROI_SIZE>
		<MAX_VALUE>[0.11397983878850937, 0.0936950296163559, 0.057226523756980896, 0.06353594362735748, 0.03413400426506996, 0.016877716407179832]</MAX_VALUE>
		<MIN_VALUE>[0.10101395845413208, 0.06725850701332092, 0.04148448258638382, 0.03104238212108612, 0.007413575891405344, 0.0037225536070764065]</MIN_VALUE>
		<SIGNATURE_THRESHOLD_MD>0.0</SIGNATURE_THRESHOLD_MD>
		<SIGNATURE_THRESHOLD_ML>0.0</SIGNATURE_THRESHOLD_ML>
		<SIGNATURE_THRESHOLD_SAM>0.0</SIGNATURE_THRESHOLD_SAM>
	</signature>
	<signature ID="20210205_125214103815_920">
		<MACROCLASSID>1</MACROCLASSID>
		<MACROCLASSINFO>waterbody</MACROCLASSINFO>
		<CLASSID>16</CLASSID>
		<CLASSINFO>C 1</CLASSINFO>
