<?xml version="1.0" ?>
<signaturelist MCID_LIST="[['1', 'waterbody', '#000000'], ['2', 'vegetation', '#000000'], ['3', 'bareland', '#000000'], ['4', 'built-up', '#000000']]">
	<signature ID="20220228_113038171058_806">
		<MACROCLASSID>1</MACROCLASSID>
		<MACROCLASSINFO>waterbody</MACROCLASSINFO>
		<CLASSID>1</CLASSID>
		<CLASSINFO>C 1</CLASSINFO>
		<VALUES>[0.11726640398876786, 0.0034970097859781963, 0.12409546718192412, 0.005187688823911451, 0.14097140079889542, 0.007242117338449054, 0.1793853094180425, 0.01185868049996617, 0.17104344867551938, 0.015877592462951864, 0.12708400829862326, 0.013490278702390718]</VALUES>
		<LCS_MIN>[0.11047854274511337, 0.10700817406177521, 0.10959164053201675, 0.15843938291072845, 0.12066981941461563, 0.08586829155683517]</LCS_MIN>
		<LCS_MAX>[0.1345142424106598, 0.1505640149116516, 0.1712513417005539, 0.21206095814704895, 0.19403107464313507, 0.1571367233991623]</LCS_MAX>
		<WAVELENGTH>[0.485, 0.56, 0.66, 0.83, 1.65, 2.215]</WAVELENGTH>
		<MEAN_VALUE>[0.11726640398876786, 0.12409546718192412, 0.14097140079889542, 0.1793853094180425, 0.17104344867551938, 0.12708400829862326]</MEAN_VALUE>
		<CHECKBOX>2</CHECKBOX>
		<SD>[0.0034970097859781963, 0.005187688823911451, 0.007242117338449054, 0.01185868049996617, 0.015877592462951864, 0.013490278702390718]</SD>
		<WAVELENGTH_UNIT>E-6m</WAVELENGTH_UNIT>
		<COLOR>#8cdc61</COLOR>
		<COVARIANCE_MATRIX>[[1.2307974429859314e-05, 1.484664244344458e-05, 1.935012187459506e-05, 1.194566266349284e-05, 1.5958083167788573e-05, 2.3466685888706706e-05], [1.484664244344458e-05, 2.7085741749033332e-05, 3.3533069654367864e-05, 2.3826209144317545e-05, 1.771389361238107e-05, 2.7829901227960363e-05], [1.935012187459506e-05, 3.3533069654367864e-05, 5.278663957142271e-05, 2.0142657376709394e-05, 1.7723637938615866e-05, 3.1505343940807506e-05], [1.194566266349284e-05, 2.3826209144317545e-05, 2.0142657376709394e-05, 0.00014153558004181832, 0.00010013979044742882, 7.994452607817948e-05], [1.5958083167788573e-05, 1.771389361238107e-05, 1.7723637938615866e-05, 0.00010013979044742882, 0.0002537243708502501, 0.0001882276264950633], [2.3466685888706706e-05, 2.7829901227960363e-05, 3.1505343940807506e-05, 7.994452607817948e-05, 0.0001882276264950633, 0.00018316172645427287]]</COVARIANCE_MATRIX>
		<ROI_SIZE>156</ROI_SIZE>
		<MAX_VALUE>[0.1345142424106598, 0.1505640149116516, 0.1712513417005539, 0.21206095814704895, 0.19403107464313507, 0.1571367233991623]</MAX_VALUE>
		<MIN_VALUE>[0.11047854274511337, 0.10700817406177521, 0.10959164053201675, 0.15843938291072845, 0.12066981941461563, 0.08586829155683517]</MIN_VALUE>
		<SIGNATURE_THRESHOLD_MD>0.0</SIGNATURE_THRESHOLD_MD>
		<SIGNATURE_THRESHOLD_ML>0.0</SIGNATURE_THRESHOLD_ML>
		<SIGNATURE_THRESHOLD_SAM>0.0</SIGNATURE_THRESHOLD_SAM>
	</signature>
	<signature ID="20220228_113103795698_141">
		<MACROCLASSID>1</MACROCLASSID>
		<MACROCLASSINFO>waterbody</MACROCLASSINFO>
		<CLASSID>2</CLASSID>
		<CLASSINFO>C 1</CLASSINFO>
		<VALUES>[0.1159073734259019, 0.004986743816643618, 0.12283584280092213, 0.006916597079919768, 0.13571899640755575, 0.011204640658239062, 0.18420630485796538, 0.017456798638019556, 0.15075360214123953, 0.026511614237004454, 0.11027633331593921, 0.022747958315886]</VALUES>
		<LCS_MIN>[0.1024666503071785, 0.10120072215795517, 0.09618734568357468, 0.15508802235126495, 0.10772372782230377, 0.061079271137714386]</LCS_MIN>
		<LCS_MAX>[0.12917298078536987, 0.14185282588005066, 0.16588962078094482, 0.22546635568141937, 0.2048194855451584, 0.16023534536361694]</LCS_MAX>
		<WAVELENGTH>[0.485, 0.56, 0.66, 0.83, 1.65, 2.215]</WAVELENGTH>
		<MEAN_VALUE>[0.1159073734259019, 0.12283584280092213, 0.13571899640755575, 0.18420630485796538, 0.15075360214123953, 0.11027633331593921]</MEAN_VALUE>
		<CHECKBOX>2</CHECKBOX>
		<SD>[0.004986743816643618, 0.006916597079919768, 0.011204640658239062, 0.017456798638019556, 0.026511614237004454, 0.022747958315886]</SD>
		<WAVELENGTH_UNIT>E-6m</WAVELENGTH_UNIT>
		<COLOR>#38abb9</COLOR>
		<COVARIANCE_MATRIX>[[2.507313183741644e-05, 3.0006283850525506e-05, 3.9437847590306774e-05, -1.0448394277773332e-05, 6.951666728127748e-05, 7.416932203341275e-05], [3.0006283850525506e-05, 4.8234680434688926e-05, 6.722787657054141e-05, -6.101762664911803e-06, 5.970976417302154e-05, 8.148080814862624e-05], [3.9437847590306774e-05, 6.722787657054141e-05, 0.00012658152263611555, -5.358435009839013e-05, -4.530929345492041e-06, 4.882500434177928e-05], [-1.0448394277773332e-05, -6.101762664911803e-06, -5.358435009839013e-05, 0.00030725833494216204, 0.00018351717153564095, 0.00010275829845340922], [6.951666728127748e-05, 5.970976417302154e-05, -4.530929345492041e-06, 0.00018351717153564095, 0.0007086744881235063, 0.0005551548674702644], [7.416932203341275e-05, 8.148080814862624e-05, 4.882500434177928e-05, 0.00010275829845340922, 0.0005551548674702644, 0.0005217462312430143]]</COVARIANCE_MATRIX>
		<ROI_SIZE>122</ROI_SIZE>
		<MAX_VALUE>[0.12917298078536987, 0.14185282588005066, 0.16588962078094482, 0.22546635568141937, 0.2048194855451584, 0.16023534536361694]</MAX_VALUE>
		<MIN_VALUE>[0.1024666503071785, 0.10120072215795517, 0.09618734568357468, 0.15508802235126495, 0.10772372782230377, 0.061079271137714386]</MIN_VALUE>
		<SIGNATURE_THRESHOLD_MD>0.0</SIGNATURE_THRESHOLD_MD>
		<SIGNATURE_THRESHOLD_ML>0.0</SIGNATURE_THRESHOLD_ML>
		<SIGNATURE_THRESHOLD_SAM>0.0</SIGNATURE_THRESHOLD_SAM>
	</signature>
	<signature ID="20220228_113107578083_504">
		<MACROCLASSID>1</MACROCLASSID>
		<MACROCLASSINFO>waterbody</MACROCLASSINFO>
		<CLASSID>3</CLASSID>
		<CLASSINFO>C 1</CLASSINFO>
		<VALUES>[0.11155084593955318, 0.0026115039644548075, 0.11932699839499862, 0.003504234459087864, 0.1363189575459921, 0.005491535566303841, 0.18174648555842302, 0.013486801307307988, 0.10458527654973847, 0.020478823475193492, 0.07194794440698443, 0.014838434163900972]</VALUES>
		<LCS_MIN>[0.10513728857040405, 0.10991189628839493, 0.1122724860906601, 0.16179072856903076, 0.053781624883413315, 0.039388883858919144]</LCS_MIN>
		<LCS_MAX>[0.11982576549053192, 0.13023796677589417, 0.14444276690483093, 0.21876367926597595, 0.1400889903306961, 0.10446005314588547]</LCS_MAX>
		<WAVELENGTH>[0.485, 0.56, 0.66, 0.83, 1.65, 2.215]</WAVELENGTH>
		<MEAN_VALUE>[0.11155084593955318, 0.11932699839499862, 0.1363189575459921, 0.18174648555842302, 0.10458527654973847, 0.07194794440698443]</MEAN_VALUE>
		<CHECKBOX>2</CHECKBOX>
		<SD>[0.0026115039644548075, 0.003504234459087864, 0.005491535566303841, 0.013486801307307988, 0.020478823475193492, 0.014838434163900972]</SD>
		<WAVELENGTH_UNIT>E-6m</WAVELENGTH_UNIT>
		<COLOR>#353c5f</COLOR>
		<COVARIANCE_MATRIX>[[6.872013727843296e-06, 6.283829407038866e-06, 6.0723091337422375e-06, -1.1757637366827112e-05, 2.6088666345458478e-05, 1.9967999833170325e-05], [6.283829407038866e-06, 1.2373397112241946e-05, 1.3249621588329319e-05, -2.641186620166991e-05, 1.403934493282577e-05, 1.529980181658175e-05], [6.0723091337422375e-06, 1.3249621588329319e-05, 3.0387169317691587e-05, -5.5702559620840475e-05, -2.4145316274370998e-05, -1.2236597285664175e-05], [-1.1757637366827112e-05, -2.641186620166991e-05, -5.5702559620840475e-05, 0.00018328231817577034, 6.835226668044925e-05, 3.036466114281211e-05], [2.6088666345458478e-05, 1.403934493282577e-05, -2.4145316274370998e-05, 6.835226668044925e-05, 0.00042258360190317035, 0.00028384040342643857], [1.9967999833170325e-05, 1.529980181658175e-05, -1.2236597285664175e-05, 3.036466114281211e-05, 0.00028384040342643857, 0.00022185988200362772]]</COVARIANCE_MATRIX>
		<ROI_SIZE>132</ROI_SIZE>
		<MAX_VALUE>[0.11982576549053192, 0.13023796677589417, 0.14444276690483093, 0.21876367926597595, 0.1400889903306961, 0.10446005314588547]</MAX_VALUE>
		<MIN_VALUE>[0.10513728857040405, 0.10991189628839493, 0.1122724860906601, 0.16179072856903076, 0.053781624883413315, 0.039388883858919144]</MIN_VALUE>
		<SIGNATURE_THRESHOLD_MD>0.0</SIGNATURE_THRESHOLD_MD>
		<SIGNATURE_THRESHOLD_ML>0.0</SIGNATURE_THRESHOLD_ML>
		<SIGNATURE_THRESHOLD_SAM>0.0</SIGNATURE_THRESHOLD_SAM>
	</signature>
	<signature ID="20220228_113111723708_297">
		<MACROCLASSID>1</MACROCLASSID>
		<MACROCLASSINFO>waterbody</MACROCLASSINFO>
		<CLASSID>4</CLASSID>
		<CLASSINFO>C 1</CLASSINFO>
		<VALUES>[0.11167806791046916, 0.003577077168277852, 0.12014875068502912, 0.003905130967289675, 0.13812685189610818, 0.004728197846134989, 0.16514207296452282, 0.009853235225691804, 0.10808943426710062, 0.02617756953103524, 0.07930340548440559, 0.019008000707984377]</VALUES>
		<LCS_MIN>[0.10647259652614594, 0.11571934074163437, 0.1283576339483261, 0.14838531613349915, 0.06025468558073044, 0.039388883858919144]</LCS_MIN>
		<LCS_MAX>[0.1278376579284668, 0.13894911110401154, 0.157847061753273, 0.1886015087366104, 0.1444043517112732, 0.11065731197595596]</LCS_MAX>
		<WAVELENGTH>[0.485, 0.56, 0.66, 0.83, 1.65, 2.215]</WAVELENGTH>
		<MEAN_VALUE>[0.11167806791046916, 0.12014875068502912, 0.13812685189610818, 0.16514207296452282, 0.10808943426710062, 0.07930340548440559]</MEAN_VALUE>
		<CHECKBOX>2</CHECKBOX>
		<SD>[0.003577077168277852, 0.003905130967289675, 0.004728197846134989, 0.009853235225691804, 0.02617756953103524, 0.019008000707984377]</SD>
		<WAVELENGTH_UNIT>E-6m</WAVELENGTH_UNIT>
		<COLOR>#f3585f</COLOR>
		<COVARIANCE_MATRIX>[[1.3016092452744488e-05, 1.0439034667797387e-05, 9.928644431056455e-06, 1.2345142749836668e-05, 4.227484168950468e-05, 3.633197411545552e-05], [1.0439034667797387e-05, 1.551298009871971e-05, 1.3426045370579232e-05, 1.1409222679503728e-05, 1.8768463633023202e-05, 2.135801150870975e-05], [9.928644431056455e-06, 1.3426045370579232e-05, 2.2741300199413672e-05, -3.717706704264856e-06, -8.920073923945893e-06, 5.51532639292418e-06], [1.2345142749836668e-05, 1.1409222679503728e-05, -3.717706704264856e-06, 9.87601451925002e-05, 0.00018526708299759775, 0.00013106060214340687], [4.227484168950468e-05, 1.8768463633023202e-05, -8.920073923945893e-06, 0.00018526708299759775, 0.0006970800459384918, 0.00048797388444654644], [3.633197411545552e-05, 2.135801150870975e-05, 5.51532639292418e-06, 0.00013106060214340687, 0.00048797388444654644, 0.0003675334737636149]]</COVARIANCE_MATRIX>
		<ROI_SIZE>59</ROI_SIZE>
		<MAX_VALUE>[0.1278376579284668, 0.13894911110401154, 0.157847061753273, 0.1886015087366104, 0.1444043517112732, 0.11065731197595596]</MAX_VALUE>
		<MIN_VALUE>[0.10647259652614594, 0.11571934074163437, 0.1283576339483261, 0.14838531613349915, 0.06025468558073044, 0.039388883858919144]</MIN_VALUE>
		<SIGNATURE_THRESHOLD_MD>0.0</SIGNATURE_THRESHOLD_MD>
		<SIGNATURE_THRESHOLD_ML>0.0</SIGNATURE_THRESHOLD_ML>
		<SIGNATURE_THRESHOLD_SAM>0.0</SIGNATURE_THRESHOLD_SAM>
	</signature>
	<signature ID="20220228_113124849579_610">
		<MACROCLASSID>1</MACROCLASSID>
		<MACROCLASSINFO>waterbody</MACROCLASSINFO>
		<CLASSID>5</CLASSID>
		<CLASSINFO>C 1</CLASSINFO>
		<VALUES>[0.11548399956214535, 0.00488880411506962, 0.12276877605974093, 0.0061259025003546136, 0.13572600299474036, 0.008537050948683692, 0.1738887621329564, 0.014630367511073968, 0.16148637018286366, 0.02879133661843217, 0.11995932917193614, 0.024871331174980138]</VALUES>
		<LCS_MIN>[0.09979601949453354, 0.09829700738191605, 0.08814476430416107, 0.14503398537635803, 0.09693530201911926, 0.06417789310216904]</LCS_MIN>
		<LCS_MAX>[0.1345142424106598, 0.1476602852344513, 0.16857047379016876, 0.21541231870651245, 0.19618874788284302, 0.1571367233991623]</LCS_MAX>
		<WAVELENGTH>[0.485, 0.56, 0.66, 0.83, 1.65, 2.215]</WAVELENGTH>
		<MEAN_VALUE>[0.11548399956214535, 0.12276877605974093, 0.13572600299474036, 0.1738887621329564, 0.16148637018286366, 0.11995932917193614]</MEAN_VALUE>
		<CHECKBOX>2</CHECKBOX>
		<SD>[0.00488880411506962, 0.0061259025003546136, 0.008537050948683692, 0.014630367511073968, 0.02879133661843217, 0.024871331174980138]</SD>
		<WAVELENGTH_UNIT>E-6m</WAVELENGTH_UNIT>
		<COLOR>#251e55</COLOR>
		<COVARIANCE_MATRIX>[[2.394782677583862e-05, 2.5259338144678622e-05, 2.832624340953771e-05, 9.984274583985098e-06, 7.398163143079728e-05, 7.725456089247018e-05], [2.5259338144678622e-05, 3.7601137591991574e-05, 4.4333148252917454e-05, 2.611660420370754e-06, 5.102954673930071e-05, 6.484972254838794e-05], [2.832624340953771e-05, 4.4333148252917454e-05, 7.302584708668292e-05, -3.610807834775187e-05, 4.366290340840351e-06, 3.244089748477563e-05], [9.984274583985098e-06, 2.611660420370754e-06, -3.610807834775187e-05, 0.0002144723548553884, 0.00024281200603581965, 0.000191195635125041], [7.398163143079728e-05, 5.102954673930071e-05, 4.366290340840351e-06, 0.00024281200603581965, 0.0008305857772938907, 0.0006771166226826608], [7.725456089247018e-05, 6.484972254838794e-05, 3.244089748477563e-05, 0.000191195635125041, 0.0006771166226826608, 0.0006198104820214212]]</COVARIANCE_MATRIX>
		<ROI_SIZE>505</ROI_SIZE>
		<MAX_VALUE>[0.1345142424106598, 0.1476602852344513, 0.16857047379016876, 0.21541231870651245, 0.19618874788284302, 0.1571367233991623]</MAX_VALUE>
		<MIN_VALUE>[0.09979601949453354, 0.09829700738191605, 0.08814476430416107, 0.14503398537635803, 0.09693530201911926, 0.06417789310216904]</MIN_VALUE>
		<SIGNATURE_THRESHOLD_MD>0.0</SIGNATURE_THRESHOLD_MD>
		<SIGNATURE_THRESHOLD_ML>0.0</SIGNATURE_THRESHOLD_ML>
		<SIGNATURE_THRESHOLD_SAM>0.0</SIGNATURE_THRESHOLD_SAM>
	</signature>
	<signature ID="20220228_113130780095_394">
		<MACROCLASSID>1</MACROCLASSID>
		<MACROCLASSINFO>waterbody</MACROCLASSINFO>
		<CLASSID>6</CLASSID>
		<CLASSINFO>C 1</CLASSINFO>
		<VALUES>[0.11446021673354238, 0.00411367996519616, 0.11928300024433568, 0.006174134350895311, 0.12852822711521933, 0.007277272350298381, 0.15971898111430075, 0.013594344758508322, 0.14618934487754645, 0.023072379874702342, 0.10995307808572598, 0.019555789884487428]</VALUES>
		<LCS_MIN>[0.10647259652614594, 0.10991189628839493, 0.11495333909988403, 0.13497991859912872, 0.09261994808912277, 0.06727652996778488]</LCS_MIN>
		<LCS_MAX>[0.12917298078536987, 0.13894911110401154, 0.15248534083366394, 0.1886015087366104, 0.1854003369808197, 0.14784082770347595]</LCS_MAX>
		<WAVELENGTH>[0.485, 0.56, 0.66, 0.83, 1.65, 2.215]</WAVELENGTH>
		<MEAN_VALUE>[0.11446021673354238, 0.11928300024433568, 0.12852822711521933, 0.15971898111430075, 0.14618934487754645, 0.10995307808572598]</MEAN_VALUE>
		<CHECKBOX>2</CHECKBOX>
		<SD>[0.00411367996519616, 0.006174134350895311, 0.007277272350298381, 0.013594344758508322, 0.023072379874702342, 0.019555789884487428]</SD>
		<WAVELENGTH_UNIT>E-6m</WAVELENGTH_UNIT>
		<COLOR>#5c8500</COLOR>
		<COVARIANCE_MATRIX>[[1.7077614756999537e-05, 2.278249303344637e-05, 2.7000422051060013e-05, 2.1462616132339463e-05, 5.491850242833607e-05, 5.232966577750631e-05], [2.278249303344637e-05, 3.846965773846023e-05, 4.187966987956315e-05, 3.798407851718366e-05, 8.641070598969236e-05, 8.276777225546539e-05], [2.7000422051060013e-05, 4.187966987956315e-05, 5.344455348677002e-05, 3.66243657481391e-05, 9.447269258089364e-05, 9.096456051338464e-05], [2.1462616132339463e-05, 3.798407851718366e-05, 3.66243657481391e-05, 0.00018650168203748763, 0.0002320108178537339, 0.00018859402916859835], [5.491850242833607e-05, 8.641070598969236e-05, 9.447269258089364e-05, 0.0002320108178537339, 0.0005372185260057449, 0.0004335184639785439], [5.232966577750631e-05, 8.276777225546539e-05, 9.096456051338464e-05, 0.00018859402916859835, 0.0004335184639785439, 0.00038593742647208273]]</COVARIANCE_MATRIX>
		<ROI_SIZE>110</ROI_SIZE>
		<MAX_VALUE>[0.12917298078536987, 0.13894911110401154, 0.15248534083366394, 0.1886015087366104, 0.1854003369808197, 0.14784082770347595]</MAX_VALUE>
		<MIN_VALUE>[0.10647259652614594, 0.10991189628839493, 0.11495333909988403, 0.13497991859912872, 0.09261994808912277, 0.06727652996778488]</MIN_VALUE>
		<SIGNATURE_THRESHOLD_MD>0.0</SIGNATURE_THRESHOLD_MD>
		<SIGNATURE_THRESHOLD_ML>0.0</SIGNATURE_THRESHOLD_ML>
		<SIGNATURE_THRESHOLD_SAM>0.0</SIGNATURE_THRESHOLD_SAM>
	</signature>
	<signature ID="20220228_113136061240_456">
		<MACROCLASSID>1</MACROCLASSID>
		<MACROCLASSINFO>waterbody</MACROCLASSINFO>
		<CLASSID>7</CLASSID>
		<CLASSINFO>C 1</CLASSINFO>
		<VALUES>[0.11571796516240658, 0.0038995074129893953, 0.12135453345411915, 0.005636267498088097, 0.13251522789567205, 0.007191779361875776, 0.16179072149729332, 0.013169000560896262, 0.1478603028266106, 0.024729569143028284, 0.11296815197851702, 0.020818242613223042]</VALUES>
		<LCS_MIN>[0.10647259652614594, 0.10991189628839493, 0.12031504511833191, 0.13833127915859222, 0.09046225994825363, 0.06417789310216904]</LCS_MIN>
		<LCS_MAX>[0.12516702711582184, 0.1360454112291336, 0.15248534083366394, 0.19530421495437622, 0.1854003369808197, 0.1509394496679306]</LCS_MAX>
		<WAVELENGTH>[0.485, 0.56, 0.66, 0.83, 1.65, 2.215]</WAVELENGTH>
		<MEAN_VALUE>[0.11571796516240658, 0.12135453345411915, 0.13251522789567205, 0.16179072149729332, 0.1478603028266106, 0.11296815197851702]</MEAN_VALUE>
		<CHECKBOX>2</CHECKBOX>
		<SD>[0.0038995074129893953, 0.005636267498088097, 0.007191779361875776, 0.013169000560896262, 0.024729569143028284, 0.020818242613223042]</SD>
		<WAVELENGTH_UNIT>E-6m</WAVELENGTH_UNIT>
		<COLOR>#771714</COLOR>
		<COVARIANCE_MATRIX>[[1.5336125215981156e-05, 1.8971571989823133e-05, 2.2272963178693317e-05, 2.3102271370589733e-05, 5.435881394078024e-05, 4.978301876690239e-05], [1.8971571989823133e-05, 3.2039028155850247e-05, 3.6983277823310345e-05, 3.5598604881670326e-05, 8.810064173303545e-05, 8.13794758869335e-05], [2.2272963178693317e-05, 3.6983277823310345e-05, 5.216375575400889e-05, 4.945307591697201e-05, 0.00011331029963912442, 0.00010391003161203116], [2.3102271370589733e-05, 3.5598604881670326e-05, 4.945307591697201e-05, 0.00017490482423454523, 0.00022799755970481783, 0.00018337216170039028], [5.435881394078024e-05, 8.810064173303545e-05, 0.00011331029963912442, 0.00022799755970481783, 0.0006167785031720996, 0.00048035598592832685], [4.978301876690239e-05, 8.13794758869335e-05, 0.00010391003161203116, 0.00018337216170039028, 0.00048035598592832685, 0.0004371035029180348]]</COVARIANCE_MATRIX>
		<ROI_SIZE>118</ROI_SIZE>
		<MAX_VALUE>[0.12516702711582184, 0.1360454112291336, 0.15248534083366394, 0.19530421495437622, 0.1854003369808197, 0.1509394496679306]</MAX_VALUE>
		<MIN_VALUE>[0.10647259652614594, 0.10991189628839493, 0.12031504511833191, 0.13833127915859222, 0.09046225994825363, 0.06417789310216904]</MIN_VALUE>
		<SIGNATURE_THRESHOLD_MD>0.0</SIGNATURE_THRESHOLD_MD>
		<SIGNATURE_THRESHOLD_ML>0.0</SIGNATURE_THRESHOLD_ML>
		<SIGNATURE_THRESHOLD_SAM>0.0</SIGNATURE_THRESHOLD_SAM>
	</signature>
	<signature ID="20220228_113154412877_267">
		<MACROCLASSID>1</MACROCLASSID>
		<MACROCLASSINFO>waterbody</MACROCLASSINFO>
		<CLASSID>8</CLASSID>
		<CLASSINFO>C 1</CLASSINFO>
		<VALUES>[0.11992252272540242, 0.004542914459883139, 0.12872296906467798, 0.005606354257690802, 0.14914397960123812, 0.007519234842140117, 0.19219571848710373, 0.010525752492865218, 0.13198985180993006, 0.028743478817448855, 0.104370240284049, 0.022206907507049043]</VALUES>
		<LCS_MIN>[0.11314918100833893, 0.11862306296825409, 0.1283576339483261, 0.15843938291072845, 0.08614688366651535, 0.061079271137714386]</LCS_MIN>
		<LCS_MAX>[0.13184361159801483, 0.14475657045841217, 0.1632087677717209, 0.22211501002311707, 0.18108497560024261, 0.1509394496679306]</LCS_MAX>
		<WAVELENGTH>[0.485, 0.56, 0.66, 0.83, 1.65, 2.215]</WAVELENGTH>
		<MEAN_VALUE>[0.11992252272540242, 0.12872296906467798, 0.14914397960123812, 0.19219571848710373, 0.13198985180993006, 0.104370240284049]</MEAN_VALUE>
		<CHECKBOX>2</CHECKBOX>
		<SD>[0.004542914459883139, 0.005606354257690802, 0.007519234842140117, 0.010525752492865218, 0.028743478817448855, 0.022206907507049043]</SD>
		<WAVELENGTH_UNIT>E-6m</WAVELENGTH_UNIT>
		<COLOR>#68904e</COLOR>
		<COVARIANCE_MATRIX>[[2.0941572074661963e-05, 2.2386702767107636e-05, 2.5386618290212937e-05, 2.8932759960298426e-05, 7.490113785024732e-05, 6.724558625137433e-05], [2.2386702767107636e-05, 3.189343260601163e-05, 3.5960831155534834e-05, 3.4862474421970546e-05, 7.867292151786387e-05, 7.87227982073091e-05], [2.5386618290212937e-05, 3.5960831155534834e-05, 5.7370347349205986e-05, 4.2310566641390324e-05, 4.6376655518542975e-05, 6.896102422615513e-05], [2.8932759960298426e-05, 3.4862474421970546e-05, 4.2310566641390324e-05, 0.00011242074833717197, 0.00011865137639688328, 0.00010936569742625579], [7.490113785024732e-05, 7.867292151786387e-05, 4.6376655518542975e-05, 0.00011865137639688328, 0.000838337407913059, 0.0005970562342554331], [6.724558625137433e-05, 7.87227982073091e-05, 6.896102422615513e-05, 0.00010936569742625579, 0.0005970562342554331, 0.0005003989208489656]]</COVARIANCE_MATRIX>
		<ROI_SIZE>69</ROI_SIZE>
		<MAX_VALUE>[0.13184361159801483, 0.14475657045841217, 0.1632087677717209, 0.22211501002311707, 0.18108497560024261, 0.1509394496679306]</MAX_VALUE>
		<MIN_VALUE>[0.11314918100833893, 0.11862306296825409, 0.1283576339483261, 0.15843938291072845, 0.08614688366651535, 0.061079271137714386]</MIN_VALUE>
		<SIGNATURE_THRESHOLD_MD>0.0</SIGNATURE_THRESHOLD_MD>
		<SIGNATURE_THRESHOLD_ML>0.0</SIGNATURE_THRESHOLD_ML>
		<SIGNATURE_THRESHOLD_SAM>0.0</SIGNATURE_THRESHOLD_SAM>
	</signature>
	<signature ID="20220228_113202947464_197">
		<MACROCLASSID>1</MACROCLASSID>
		<MACROCLASSINFO>waterbody</MACROCLASSINFO>
		<CLASSID>9</CLASSID>
		<CLASSINFO>C 1</CLASSINFO>
		<VALUES>[0.1153223402798176, 0.0038179140159507944, 0.12351954078265262, 0.004146157243900838, 0.14255039379292841, 0.0056132332393086185, 0.19086861172143157, 0.012628516571317265, 0.12401212430467792, 0.029284816136590903, 0.09309842316981626, 0.02215129942856838]</VALUES>
		<LCS_MIN>[0.10780791193246841, 0.11571934074163437, 0.12031504511833191, 0.16849341988563538, 0.07535848021507263, 0.05178339034318924]</LCS_MIN>
		<LCS_MAX>[0.12516702711582184, 0.1360454112291336, 0.157847061753273, 0.22211501002311707, 0.17892730236053467, 0.14164358377456665]</LCS_MAX>
		<WAVELENGTH>[0.485, 0.56, 0.66, 0.83, 1.65, 2.215]</WAVELENGTH>
		<MEAN_VALUE>[0.1153223402798176, 0.12351954078265262, 0.14255039379292841, 0.19086861172143157, 0.12401212430467792, 0.09309842316981626]</MEAN_VALUE>
		<CHECKBOX>2</CHECKBOX>
		<SD>[0.0038179140159507944, 0.004146157243900838, 0.0056132332393086185, 0.012628516571317265, 0.029284816136590903, 0.02215129942856838]</SD>
		<WAVELENGTH_UNIT>E-6m</WAVELENGTH_UNIT>
		<COLOR>#7103fd</COLOR>
		<COVARIANCE_MATRIX>[[1.4720789295097347e-05, 1.2633311598619912e-05, 1.2127929949201643e-05, 8.228242222685367e-06, 7.174056372605264e-05, 6.213297456270084e-05], [1.2633311598619912e-05, 1.7360824131174013e-05, 1.783582047210075e-05, 8.830214937916026e-06, 6.0951500927330926e-05, 5.573732414632104e-05], [1.2127929949201643e-05, 1.783582047210075e-05, 3.182035288773477e-05, -4.6518425733665936e-06, 1.1026564607163891e-05, 2.821088128257543e-05], [8.228242222685367e-06, 8.830214937916026e-06, -4.6518425733665936e-06, 0.0001610584295121953, 9.959784802049398e-05, 5.325951497070491e-05], [7.174056372605264e-05, 6.0951500927330926e-05, 1.1026564607163891e-05, 9.959784802049398e-05, 0.0008660915773361921, 0.0006136646261438727], [6.213297456270084e-05, 5.573732414632104e-05, 2.821088128257543e-05, 5.325951497070491e-05, 0.0006136646261438727, 0.0004955382901243865]]</COVARIANCE_MATRIX>
		<ROI_SIZE>102</ROI_SIZE>
		<MAX_VALUE>[0.12516702711582184, 0.1360454112291336, 0.157847061753273, 0.22211501002311707, 0.17892730236053467, 0.14164358377456665]</MAX_VALUE>
		<MIN_VALUE>[0.10780791193246841, 0.11571934074163437, 0.12031504511833191, 0.16849341988563538, 0.07535848021507263, 0.05178339034318924]</MIN_VALUE>
		<SIGNATURE_THRESHOLD_MD>0.0</SIGNATURE_THRESHOLD_MD>
		<SIGNATURE_THRESHOLD_ML>0.0</SIGNATURE_THRESHOLD_ML>
		<SIGNATURE_THRESHOLD_SAM>0.0</SIGNATURE_THRESHOLD_SAM>
	</signature>
	<signature ID="20220228_113211996018_353">
		<MACROCLASSID>1</MACROCLASSID>
		<MACROCLASSINFO>waterbody</MACROCLASSINFO>
		<CLASSID>10</CLASSID>
		<CLASSINFO>C 1</CLASSINFO>
		<VALUES>[0.1135708583028693, 0.0035974748215831034, 0.12106830524770837, 0.005225271266204135, 0.14037915236855794, 0.007670526439140821, 0.19110621355081855, 0.009718830167222818, 0.10733761514880152, 0.02373757447459905, 0.08068216954799076, 0.01735721811976208]</VALUES>
		<LCS_MIN>[0.10380197316408157, 0.10700817406177521, 0.10959164053201675, 0.17519612610340118, 0.05162395164370537, 0.039388883858919144]</LCS_MIN>
		<LCS_MAX>[0.13184361159801483, 0.14185282588005066, 0.1632087677717209, 0.22881770133972168, 0.15087740123271942, 0.11685457080602646]</LCS_MAX>
		<WAVELENGTH>[0.485, 0.56, 0.66, 0.83, 1.65, 2.215]</WAVELENGTH>
		<MEAN_VALUE>[0.1135708583028693, 0.12106830524770837, 0.14037915236855794, 0.19110621355081855, 0.10733761514880152, 0.08068216954799076]</MEAN_VALUE>
		<CHECKBOX>2</CHECKBOX>
		<SD>[0.0035974748215831034, 0.005225271266204135, 0.007670526439140821, 0.009718830167222818, 0.02373757447459905, 0.01735721811976208]</SD>
		<WAVELENGTH_UNIT>E-6m</WAVELENGTH_UNIT>
		<COLOR>#7f4fcd</COLOR>
		<COVARIANCE_MATRIX>[[1.3010300790483598e-05, 1.4329383702715859e-05, 1.863664510892704e-05, 1.283713208977133e-05, 4.120158337173052e-05, 2.8534903321997263e-05], [1.4329383702715859e-05, 2.744792254816275e-05, 3.474286131677218e-05, 1.8042763258563355e-05, 3.8010632124496624e-05, 3.617062247940339e-05], [1.863664510892704e-05, 3.474286131677218e-05, 5.914828216191381e-05, 1.7552662029629573e-05, 6.716784355376149e-06, 1.797554978111293e-05], [1.283713208977133e-05, 1.8042763258563355e-05, 1.7552662029629573e-05, 9.495542326476425e-05, 7.251851639011875e-05, 5.190440424485132e-05], [4.120158337173052e-05, 3.8010632124496624e-05, 6.716784355376149e-06, 7.251851639011875e-05, 0.0005664537893608212, 0.00036259618354961276], [2.8534903321997263e-05, 3.617062247940339e-05, 1.797554978111293e-05, 5.190440424485132e-05, 0.00036259618354961276, 0.0003028670616913587]]</COVARIANCE_MATRIX>
		<ROI_SIZE>190</ROI_SIZE>
		<MAX_VALUE>[0.13184361159801483, 0.14185282588005066, 0.1632087677717209, 0.22881770133972168, 0.15087740123271942, 0.11685457080602646]</MAX_VALUE>
		<MIN_VALUE>[0.10380197316408157, 0.10700817406177521, 0.10959164053201675, 0.17519612610340118, 0.05162395164370537, 0.039388883858919144]</MIN_VALUE>
		<SIGNATURE_THRESHOLD_MD>0.0</SIGNATURE_THRESHOLD_MD>
		<SIGNATURE_THRESHOLD_ML>0.0</SIGNATURE_THRESHOLD_ML>
		<SIGNATURE_THRESHOLD_SAM>0.0</SIGNATURE_THRESHOLD_SAM>
	</signature>
	<signature ID="20220228_113225885725_620">
		<MACROCLASSID>1</MACROCLASSID>
		<MACROCLASSINFO>waterbody</MACROCLASSINFO>
		<CLASSID>11</CLASSID>
		<CLASSINFO>C 1</CLASSINFO>
		<VALUES>[0.11172070068328878, 0.002827436497575523, 0.11946717112563375, 0.004683501392167928, 0.1394239509868068, 0.009750295765559198, 0.20227970026953274, 0.012573041111699634, 0.09241922628567657, 0.023008667935240475, 0.06410584107127994, 0.01610078030815525]</VALUES>
		<LCS_MIN>[0.10647259652614594, 0.10410444438457489, 0.10154905915260315, 0.17854748666286469, 0.04946626350283623, 0.030093001201748848]</LCS_MIN>
		<LCS_MAX>[0.12249638885259628, 0.13023796677589417, 0.15248534083366394, 0.2388717532157898, 0.13145825266838074, 0.09516417980194092]</LCS_MAX>
		<WAVELENGTH>[0.485, 0.56, 0.66, 0.83, 1.65, 2.215]</WAVELENGTH>
		<MEAN_VALUE>[0.11172070068328878, 0.11946717112563375, 0.1394239509868068, 0.20227970026953274, 0.09241922628567657, 0.06410584107127994]</MEAN_VALUE>
		<CHECKBOX>2</CHECKBOX>
		<SD>[0.002827436497575523, 0.004683501392167928, 0.009750295765559198, 0.012573041111699634, 0.023008667935240475, 0.01610078030815525]</SD>
		<WAVELENGTH_UNIT>E-6m</WAVELENGTH_UNIT>
		<COLOR>#ddce77</COLOR>
		<COVARIANCE_MATRIX>[[8.08844924904406e-06, 9.065980520972516e-06, 1.2751109352393541e-05, -1.3926100109529216e-05, 2.306448732269928e-05, 2.1508971258299425e-05], [9.065980520972516e-06, 2.219324596808292e-05, 3.899581133737229e-05, -3.331968764541671e-05, 8.795434951025527e-06, 1.678640728641767e-05], [1.2751109352393541e-05, 3.899581133737229e-05, 9.618671901989728e-05, -8.264617645181715e-05, -4.913210796075873e-05, -8.086496563919354e-06], [-1.3926100109529216e-05, -3.331968764541671e-05, -8.264617645181715e-05, 0.0001599411480128765, 8.819038339424878e-05, 3.4350105124758556e-05], [2.306448732269928e-05, 8.795434951025527e-06, -4.913210796075873e-05, 8.819038339424878e-05, 0.0005356270121410489, 0.0003589766565710306], [2.1508971258299425e-05, 1.678640728641767e-05, -8.086496563919354e-06, 3.4350105124758556e-05, 0.0003589766565710306, 0.0002622849424369633]]</COVARIANCE_MATRIX>
		<ROI_SIZE>86</ROI_SIZE>
		<MAX_VALUE>[0.12249638885259628, 0.13023796677589417, 0.15248534083366394, 0.2388717532157898, 0.13145825266838074, 0.09516417980194092]</MAX_VALUE>
		<MIN_VALUE>[0.10647259652614594, 0.10410444438457489, 0.10154905915260315, 0.17854748666286469, 0.04946626350283623, 0.030093001201748848]</MIN_VALUE>
		<SIGNATURE_THRESHOLD_MD>0.0</SIGNATURE_THRESHOLD_MD>
		<SIGNATURE_THRESHOLD_ML>0.0</SIGNATURE_THRESHOLD_ML>
		<SIGNATURE_THRESHOLD_SAM>0.0</SIGNATURE_THRESHOLD_SAM>
	</signature>
	<signature ID="20220228_113234380870_205">
		<MACROCLASSID>1</MACROCLASSID>
		<MACROCLASSINFO>waterbody</MACROCLASSINFO>
		<CLASSID>12</CLASSID>
		<CLASSINFO>C 1</CLASSINFO>
		<VALUES>[0.11199190467596054, 0.002619700374894373, 0.11804231951634091, 0.002845059382360666, 0.12478315234184265, 0.005055077732168919, 0.17944116095701854, 0.016210127946103322, 0.1412397503852844, 0.013227541896574315, 0.10156800349553426, 0.01150903271954669]</VALUES>
		<LCS_MIN>[0.10780791193246841, 0.11281561106443405, 0.1122724860906601, 0.15843938291072845, 0.11635445803403854, 0.08586829155683517]</LCS_MIN>
		<LCS_MAX>[0.11581981182098389, 0.1215267926454544, 0.13103850185871124, 0.21541231870651245, 0.16166582703590393, 0.12305180728435516]</LCS_MAX>
		<WAVELENGTH>[0.485, 0.56, 0.66, 0.83, 1.65, 2.215]</WAVELENGTH>
		<MEAN_VALUE>[0.11199190467596054, 0.11804231951634091, 0.12478315234184265, 0.17944116095701854, 0.1412397503852844, 0.10156800349553426]</MEAN_VALUE>
		<CHECKBOX>2</CHECKBOX>
		<SD>[0.002619700374894373, 0.002845059382360666, 0.005055077732168919, 0.016210127946103322, 0.013227541896574315, 0.01150903271954669]</SD>
		<WAVELENGTH_UNIT>E-6m</WAVELENGTH_UNIT>
		<COLOR>#68759b</COLOR>
		<COVARIANCE_MATRIX>[[7.353032287937822e-06, 3.7112135942152236e-06, 2.4717551241337787e-06, -5.284912731440272e-06, 2.118359407177195e-05, 2.0944358766428195e-05], [3.7112135942152236e-06, 8.672531293996144e-06, 1.2232761037012096e-05, 1.946277961906162e-06, 1.0114034012076445e-05, 1.4267569895309862e-05], [2.4717551241337787e-06, 1.2232761037012096e-05, 2.7379082894185558e-05, -3.3157022699015215e-05, -9.640724783821497e-06, -1.582253730703087e-06], [-5.284912731440272e-06, 1.946277961906162e-06, -3.3157022699015215e-05, 0.00028153741732239723, 0.00012131125549785793, 9.474693797528744e-05], [2.118359407177195e-05, 1.0114034012076445e-05, -9.640724783821497e-06, 0.00012131125549785793, 0.0001874655717983842, 0.00014635661500506103], [2.0944358766428195e-05, 1.4267569895309862e-05, -1.582253730703087e-06, 9.474693797528744e-05, 0.00014635661500506103, 0.00014191911031957716]]</COVARIANCE_MATRIX>
		<ROI_SIZE>15</ROI_SIZE>
		<MAX_VALUE>[0.11581981182098389, 0.1215267926454544, 0.13103850185871124, 0.21541231870651245, 0.16166582703590393, 0.12305180728435516]</MAX_VALUE>
		<MIN_VALUE>[0.10780791193246841, 0.11281561106443405, 0.1122724860906601, 0.15843938291072845, 0.11635445803403854, 0.08586829155683517]</MIN_VALUE>
		<SIGNATURE_THRESHOLD_MD>0.0</SIGNATURE_THRESHOLD_MD>
		<SIGNATURE_THRESHOLD_ML>0.0</SIGNATURE_THRESHOLD_ML>
		<SIGNATURE_THRESHOLD_SAM>0.0</SIGNATURE_THRESHOLD_SAM>
	</signature>
	<signature ID="20220228_113245379792_364">
		<MACROCLASSID>1</MACROCLASSID>
		<MACROCLASSINFO>waterbody</MACROCLASSINFO>
		<CLASSID>13</CLASSID>
		<CLASSINFO>C 1</CLASSINFO>
		<VALUES>[0.11761735422680011, 0.0049402869827791535, 0.1272225504597792, 0.0065664595779873205, 0.1411432497776472, 0.00752066237175671, 0.17822522526750198, 0.013837643380508868, 0.16087743883522662, 0.018205716310866038, 0.12257510896485586, 0.015293835846931194]</VALUES>
		<LCS_MIN>[0.11047854274511337, 0.11862306296825409, 0.12567676603794098, 0.14838531613349915, 0.11851213127374649, 0.08896692842245102]</LCS_MIN>
		<LCS_MAX>[0.13584956526756287, 0.1476602852344513, 0.1632087677717209, 0.21876367926597595, 0.2005041390657425, 0.15403810143470764]</LCS_MAX>
		<WAVELENGTH>[0.485, 0.56, 0.66, 0.83, 1.65, 2.215]</WAVELENGTH>
		<MEAN_VALUE>[0.11761735422680011, 0.1272225504597792, 0.1411432497776472, 0.17822522526750198, 0.16087743883522662, 0.12257510896485586]</MEAN_VALUE>
		<CHECKBOX>2</CHECKBOX>
		<SD>[0.0049402869827791535, 0.0065664595779873205, 0.00752066237175671, 0.013837643380508868, 0.018205716310866038, 0.015293835846931194]</SD>
		<WAVELENGTH_UNIT>E-6m</WAVELENGTH_UNIT>
		<COLOR>#604fb2</COLOR>
		<COVARIANCE_MATRIX>[[2.4884993763407692e-05, 3.0083376259426586e-05, 2.9070295568089932e-05, 3.217962512280792e-05, 2.1048335838713683e-05, 3.438055864535272e-05], [3.0083376259426586e-05, 4.396384974825196e-05, 4.419413744471967e-05, 5.3962932724971324e-05, 4.303031164454296e-05, 5.834157855133526e-05], [2.9070295568089932e-05, 4.419413744471967e-05, 5.7669389207148924e-05, 6.867779302410781e-05, 5.48518291907385e-05, 7.055289461277425e-05], [3.217962512280792e-05, 5.3962932724971324e-05, 6.867779302410781e-05, 0.00019523489754647017, 0.00016024423530325294, 0.00012221852375660092], [2.1048335838713683e-05, 4.303031164454296e-05, 5.48518291907385e-05, 0.00016024423530325294, 0.00033794710179790854, 0.00024345400743186474], [3.438055864535272e-05, 5.834157855133526e-05, 7.055289461277425e-05, 0.00012221852375660092, 0.00024345400743186474, 0.00023848771525081247]]</COVARIANCE_MATRIX>
		<ROI_SIZE>52</ROI_SIZE>
		<MAX_VALUE>[0.13584956526756287, 0.1476602852344513, 0.1632087677717209, 0.21876367926597595, 0.2005041390657425, 0.15403810143470764]</MAX_VALUE>
		<MIN_VALUE>[0.11047854274511337, 0.11862306296825409, 0.12567676603794098, 0.14838531613349915, 0.11851213127374649, 0.08896692842245102]</MIN_VALUE>
		<SIGNATURE_THRESHOLD_MD>0.0</SIGNATURE_THRESHOLD_MD>
		<SIGNATURE_THRESHOLD_ML>0.0</SIGNATURE_THRESHOLD_ML>
		<SIGNATURE_THRESHOLD_SAM>0.0</SIGNATURE_THRESHOLD_SAM>
	</signature>
	<signature ID="20220228_113303142762_526">
		<MACROCLASSID>1</MACROCLASSID>
		<MACROCLASSINFO>waterbody</MACROCLASSINFO>
		<CLASSID>14</CLASSID>
		<CLASSINFO>C 1</CLASSINFO>
		<VALUES>[0.10233998207353322, 0.004456284738042154, 0.09841177506526937, 0.007107023373699339, 0.10269345531586133, 0.010807729707004549, 0.13866243864825586, 0.010814613301670531, 0.05209301129395782, 0.014697513945645663, 0.034563352850821676, 0.012268977504084915]</VALUES>
		<LCS_MIN>[0.09044881165027618, 0.07797093689441681, 0.06669792532920837, 0.11822319030761719, 0.023574061691761017, 0.014599865302443504]</LCS_MIN>
		<LCS_MAX>[0.11314918100833893, 0.11571934074163437, 0.12299590557813644, 0.17519612610340118, 0.08183151483535767, 0.07657241821289062]</LCS_MAX>
		<WAVELENGTH>[0.485, 0.56, 0.66, 0.83, 1.65, 2.215]</WAVELENGTH>
		<MEAN_VALUE>[0.10233998207353322, 0.09841177506526937, 0.10269345531586133, 0.13866243864825586, 0.05209301129395782, 0.034563352850821676]</MEAN_VALUE>
		<CHECKBOX>2</CHECKBOX>
		<SD>[0.004456284738042154, 0.007107023373699339, 0.010807729707004549, 0.010814613301670531, 0.014697513945645663, 0.012268977504084915]</SD>
		<WAVELENGTH_UNIT>E-6m</WAVELENGTH_UNIT>
		<COLOR>#025537</COLOR>
		<COVARIANCE_MATRIX>[[1.9937277102144435e-05, 2.8217962608323433e-05, 4.053182419738732e-05, -6.972439223318361e-06, 5.89063483857899e-06, 2.408084947091993e-05], [2.8217962608323433e-05, 5.0710215873550624e-05, 7.215243385871872e-05, -1.5446186807821505e-05, -3.509913995003444e-06, 3.029794061149005e-05], [4.053182419738732e-05, 7.215243385871872e-05, 0.00011727053788490593, -4.0917624573921785e-05, -3.1044950446812436e-05, 2.7564323318074457e-05], [-6.972439223318361e-06, -1.5446186807821505e-05, -4.0917624573921785e-05, 0.00011741997150238603, 0.00011364861711626872, 6.110968388384208e-05], [5.89063483857899e-06, -3.509913995003444e-06, -3.1044950446812436e-05, 0.00011364861711626872, 0.0002168741193599999, 0.00014893682964611799], [2.408084947091993e-05, 3.029794061149005e-05, 2.7564323318074457e-05, 6.110968388384208e-05, 0.00014893682964611799, 0.0001511251466581598]]</COVARIANCE_MATRIX>
		<ROI_SIZE>253</ROI_SIZE>
		<MAX_VALUE>[0.11314918100833893, 0.11571934074163437, 0.12299590557813644, 0.17519612610340118, 0.08183151483535767, 0.07657241821289062]</MAX_VALUE>
		<MIN_VALUE>[0.09044881165027618, 0.07797093689441681, 0.06669792532920837, 0.11822319030761719, 0.023574061691761017, 0.014599865302443504]</MIN_VALUE>
		<SIGNATURE_THRESHOLD_MD>0.0</SIGNATURE_THRESHOLD_MD>
		<SIGNATURE_THRESHOLD_ML>0.0</SIGNATURE_THRESHOLD_ML>
		<SIGNATURE_THRESHOLD_SAM>0.0</SIGNATURE_THRESHOLD_SAM>
	</signature>
	<signature ID="20220228_113311760788_337">
		<MACROCLASSID>1</MACROCLASSID>
		<MACROCLASSINFO>waterbody</MACROCLASSINFO>
		<CLASSID>15</CLASSID>
		<CLASSINFO>C 1</CLASSINFO>
		<VALUES>[0.1058158869626092, 0.0027633996738599515, 0.10439005897181931, 0.0035154667876605037, 0.10906424910807216, 0.004701872370231136, 0.1344854665584251, 0.009856820064173901, 0.05891055451919799, 0.01616157582144785, 0.04182714697156774, 0.012734192048940312]</VALUES>
		<LCS_MIN>[0.09846071153879166, 0.0924895629286766, 0.08814476430416107, 0.1215745359659195, 0.030047113075852394, 0.0238957479596138]</LCS_MIN>
		<LCS_MAX>[0.11448448896408081, 0.11281561106443405, 0.11763419955968857, 0.16514205932617188, 0.08614688366651535, 0.07347378134727478]</LCS_MAX>
		<WAVELENGTH>[0.485, 0.56, 0.66, 0.83, 1.65, 2.215]</WAVELENGTH>
		<MEAN_VALUE>[0.1058158869626092, 0.10439005897181931, 0.10906424910807216, 0.1344854665584251, 0.05891055451919799, 0.04182714697156774]</MEAN_VALUE>
		<CHECKBOX>2</CHECKBOX>
		<SD>[0.0027633996738599515, 0.0035154667876605037, 0.004701872370231136, 0.009856820064173901, 0.01616157582144785, 0.012734192048940312]</SD>
		<WAVELENGTH_UNIT>E-6m</WAVELENGTH_UNIT>
		<COLOR>#bae608</COLOR>
		<COVARIANCE_MATRIX>[[7.763650501146913e-06, 6.8468734752968885e-06, 7.463766905857483e-06, -3.301308026948391e-07, 1.105950832425151e-05, 1.2316840184212197e-05], [6.8468734752968885e-06, 1.2564481949084438e-05, 1.416518171026837e-05, -1.2020653230138123e-05, -2.115816641889978e-06, 7.689726771786809e-06], [7.463766905857483e-06, 1.416518171026837e-05, 2.2476064259535633e-05, -2.5870920580928214e-05, -1.8748911315924488e-05, -1.6001458789105527e-06], [-3.301308026948391e-07, -1.2020653230138123e-05, -2.5870920580928214e-05, 9.877618140308186e-05, 0.00011972296488238499, 7.80716072767973e-05], [1.105950832425151e-05, -2.115816641889978e-06, -1.8748911315924488e-05, 0.00011972296488238499, 0.0002655498101375997, 0.00019510465790517628], [1.2316840184212197e-05, 7.689726771786809e-06, -1.6001458789105527e-06, 7.80716072767973e-05, 0.00019510465790517628, 0.0001648623147048056]]</COVARIANCE_MATRIX>
		<ROI_SIZE>61</ROI_SIZE>
		<MAX_VALUE>[0.11448448896408081, 0.11281561106443405, 0.11763419955968857, 0.16514205932617188, 0.08614688366651535, 0.07347378134727478]</MAX_VALUE>
		<MIN_VALUE>[0.09846071153879166, 0.0924895629286766, 0.08814476430416107, 0.1215745359659195, 0.030047113075852394, 0.0238957479596138]</MIN_VALUE>
		<SIGNATURE_THRESHOLD_MD>0.0</SIGNATURE_THRESHOLD_MD>
		<SIGNATURE_THRESHOLD_ML>0.0</SIGNATURE_THRESHOLD_ML>
		<SIGNATURE_THRESHOLD_SAM>0.0</SIGNATURE_THRESHOLD_SAM>
	</signature>
	<signature ID="20220228_113340776167_494">
		<MACROCLASSID>1</MACROCLASSID>
		<MACROCLASSINFO>waterbody</MACROCLASSINFO>
		<CLASSID>16</CLASSID>
		<CLASSINFO>C 1</CLASSINFO>
		<VALUES>[0.1184904434043786, 0.004442604812533419, 0.12863590144391723, 0.0064743630622718625, 0.14190057588034663, 0.008742738173807904, 0.18143656258953023, 0.013353992170302725, 0.16229824940192286, 0.019443975719426885, 0.1230518180748512, 0.017957660464669505]</VALUES>
		<LCS_MIN>[0.10780791193246841, 0.11571934074163437, 0.12567676603794098, 0.15508802235126495, 0.12066981941461563, 0.09206555038690567]</LCS_MIN>
