<?xml version="1.0" ?>
<signaturelist MCID_LIST="[['1', 'waterbody', '#000000'], ['2', 'vegetation', '#000000'], ['3', 'bareland', '#000000'], ['4', 'built-up', '#000000']]">
	<signature ID="20220228_113038171058_806">
		<MACROCLASSID>1</MACROCLASSID>
		<MACROCLASSINFO>waterbody</MACROCLASSINFO>
		<CLASSID>1</CLASSID>
		<CLASSINFO>C 1</CLASSINFO>
		<VALUES>[0.11726640398876786, 0.0034970097859781963, 0.12409546718192412, 0.005187688823911451, 0.14097140079889542, 0.007242117338449054, 0.1793853094180425, 0.01185868049996617, 0.17104344867551938, 0.015877592462951864, 0.12708400829862326, 0.013490278702390718]</VALUES>
		<LCS_MIN>[0.11047854274511337, 0.10700817406177521, 0.10959164053201675, 0.15843938291072845, 0.12066981941461563, 0.08586829155683517]</LCS_MIN>
		<LCS_MAX>[0.1345142424106598, 0.1505640149116516, 0.1712513417005539, 0.21206095814704895, 0.19403107464313507, 0.1571367233991623]</LCS_MAX>
		<WAVELENGTH>[0.485, 0.56, 0.66, 0.83, 1.65, 2.215]</WAVELENGTH>
		<MEAN_VALUE>[0.11726640398876786, 0.12409546718192412, 0.14097140079889542, 0.1793853094180425, 0.17104344867551938, 0.12708400829862326]</MEAN_VALUE>
		<CHECKBOX>2</CHECKBOX>
		<SD>[0.0034970097859781963, 0.005187688823911451, 0.007242117338449054, 0.01185868049996617, 0.015877592462951864, 0.013490278702390718]</SD>
		<WAVELENGTH_UNIT>E-6m</WAVELENGTH_UNIT>
		<COLOR>#8cdc61</COLOR>
		<COVARIANCE_MATRIX>[[1.2307974717054529e-05, 1.4846642146139976e-05, 1.9350121224980896e-05, 1.1945662586851398e-05, 1.595808227893382e-05, 2.3466686157971216e-05], [1.4846642146139976e-05, 2.708574188427606e-05, 3.35330709887882e-05, 2.3826208879142324e-05, 1.771389429699643e-05, 2.7829902092594e-05], [1.9350121224980896e-05, 3.35330709887882e-05, 5.2786639437695785e-05, 2.0142656872963488e-05, 1.772363858037763e-05, 3.150534430001938e-05], [1.1945662586851398e-05, 2.3826208879142324e-05, 2.0142656872963488e-05, 0.0001415355825757637, 0.00010013979247994016, 7.994452441894137e-05], [1.595808227893382e-05, 1.771389429699643e-05, 1.772363858037763e-05, 0.00010013979247994016, 0.0002537243807577766, 0.0001882276248610591], [2.3466686157971216e-05, 2.7829902092594e-05, 3.150534430001938e-05, 7.994452441894137e-05, 0.0001882276248610591, 0.00018316173314216505]]</COVARIANCE_MATRIX>
		<ROI_SIZE>156</ROI_SIZE>
		<MAX_VALUE>[0.1345142424106598, 0.1505640149116516, 0.1712513417005539, 0.21206095814704895, 0.19403107464313507, 0.1571367233991623]</MAX_VALUE>
		<MIN_VALUE>[0.11047854274511337, 0.10700817406177521, 0.10959164053201675, 0.15843938291072845, 0.12066981941461563, 0.08586829155683517]</MIN_VALUE>
		<SIGNATURE_THRESHOLD_MD>0</SIGNATURE_THRESHOLD_MD>
		<SIGNATURE_THRESHOLD_ML>0</SIGNATURE_THRESHOLD_ML>
		<SIGNATURE_THRESHOLD_SAM>0</SIGNATURE_THRESHOLD_SAM>
	</signature>
	<signature ID="20220228_113103795698_141">
		<MACROCLASSID>1</MACROCLASSID>
		<MACROCLASSINFO>waterbody</MACROCLASSINFO>
		<CLASSID>2</CLASSID>
		<CLASSINFO>C 1</CLASSINFO>
		<VALUES>[0.1159073734259019, 0.004986743816643618, 0.12283584280092213, 0.006916597079919768, 0.13571899640755575, 0.011204640658239062, 0.18420630485796538, 0.017456798638019556, 0.15075360214123953, 0.026511614237004454, 0.11027633331593921, 0.022747958315886]</VALUES>
		<LCS_MIN>[0.1024666503071785, 0.10120072215795517, 0.09618734568357468, 0.15508802235126495, 0.10772372782230377, 0.061079271137714386]</LCS_MIN>
		<LCS_MAX>[0.12917298078536987, 0.14185282588005066, 0.16588962078094482, 0.22546635568141937, 0.2048194855451584, 0.16023534536361694]</LCS_MAX>
		<WAVELENGTH>[0.485, 0.56, 0.66, 0.83, 1.65, 2.215]</WAVELENGTH>
		<MEAN_VALUE>[0.1159073734259019, 0.12283584280092213, 0.13571899640755575, 0.18420630485796538, 0.15075360214123953, 0.11027633331593921]</MEAN_VALUE>
		<CHECKBOX>2</CHECKBOX>
		<SD>[0.004986743816643618, 0.006916597079919768, 0.011204640658239062, 0.017456798638019556, 0.026511614237004454, 0.022747958315886]</SD>
		<WAVELENGTH_UNIT>E-6m</WAVELENGTH_UNIT>
		<COLOR>#38abb9</COLOR>
		<COVARIANCE_MATRIX>[[2.507313136302205e-05, 3.0006282996400298e-05, 3.943784604832886e-05, -1.0448394241191546e-05, 6.951666551512974e-05, 7.416932565820402e-05], [3.0006282996400298e-05, 4.8234681406995396e-05, 6.722787334947982e-05, -6.10176281957547e-06, 5.9709765212433444e-05, 8.148080898323324e-05], [3.943784604832886e-05, 6.722787334947982e-05, 0.0001265815257701832, -5.358434845196715e-05, -4.530929426125705e-06, 4.882500512666326e-05], [-1.0448394241191546e-05, -6.10176281957547e-06, -5.358434845196715e-05, 0.00030725832958661254, 0.00018351717708423054, 0.00010275829625805004], [6.951666551512974e-05, 5.9709765212433444e-05, -4.530929426125705e-06, 0.00018351717708423054, 0.0007086744968025782, 0.0005551548813252344], [7.416932565820402e-05, 8.148080898323324e-05, 4.882500512666326e-05, 0.00010275829625805004, 0.0005551548813252344, 0.0005217462158680743]]</COVARIANCE_MATRIX>
		<ROI_SIZE>122</ROI_SIZE>
		<MAX_VALUE>[0.12917298078536987, 0.14185282588005066, 0.16588962078094482, 0.22546635568141937, 0.2048194855451584, 0.16023534536361694]</MAX_VALUE>
		<MIN_VALUE>[0.1024666503071785, 0.10120072215795517, 0.09618734568357468, 0.15508802235126495, 0.10772372782230377, 0.061079271137714386]</MIN_VALUE>
		<SIGNATURE_THRESHOLD_MD>0</SIGNATURE_THRESHOLD_MD>
		<SIGNATURE_THRESHOLD_ML>0</SIGNATURE_THRESHOLD_ML>
		<SIGNATURE_THRESHOLD_SAM>0</SIGNATURE_THRESHOLD_SAM>
	</signature>
	<signature ID="20220228_113107578083_504">
		<MACROCLASSID>1</MACROCLASSID>
		<MACROCLASSINFO>waterbody</MACROCLASSINFO>
		<CLASSID>3</CLASSID>
		<CLASSINFO>C 1</CLASSINFO>
		<VALUES>[0.11155084593955318, 0.0026115039644548075, 0.11932699839499862, 0.003504234459087864, 0.1363189575459921, 0.005491535566303841, 0.18174648555842302, 0.013486801307307988, 0.10458527654973847, 0.020478823475193492, 0.07194794440698443, 0.014838434163900972]</VALUES>
		<LCS_MIN>[0.10513728857040405, 0.10991189628839493, 0.1122724860906601, 0.16179072856903076, 0.053781624883413315, 0.039388883858919144]</LCS_MIN>
		<LCS_MAX>[0.11982576549053192, 0.13023796677589417, 0.14444276690483093, 0.21876367926597595, 0.1400889903306961, 0.10446005314588547]</LCS_MAX>
		<WAVELENGTH>[0.485, 0.56, 0.66, 0.83, 1.65, 2.215]</WAVELENGTH>
		<MEAN_VALUE>[0.11155084593955318, 0.11932699839499862, 0.1363189575459921, 0.18174648555842302, 0.10458527654973847, 0.07194794440698443]</MEAN_VALUE>
		<CHECKBOX>2</CHECKBOX>
		<SD>[0.0026115039644548075, 0.003504234459087864, 0.005491535566303841, 0.013486801307307988, 0.020478823475193492, 0.014838434163900972]</SD>
		<WAVELENGTH_UNIT>E-6m</WAVELENGTH_UNIT>
		<COLOR>#353c5f</COLOR>
		<COVARIANCE_MATRIX>[[6.872013665953756e-06, 6.283829194851526e-06, 6.072308933316919e-06, -1.1757637311391695e-05, 2.60886658518145e-05, 1.996800020185877e-05], [6.283829194851526e-06, 1.2373397000321841e-05, 1.3249621399907951e-05, -2.6411866283202414e-05, 1.403934500138003e-05, 1.5299801413316227e-05], [6.072308933316919e-06, 1.3249621399907951e-05, 3.038716869946079e-05, -5.570256134333653e-05, -2.4145316512686845e-05, -1.2236597394196471e-05], [-1.1757637311391695e-05, -2.6411866283202414e-05, -5.570256134333653e-05, 0.00018328231186542134, 6.835226341995657e-05, 3.0364661372339967e-05], [2.60886658518145e-05, 1.403934500138003e-05, -2.4145316512686845e-05, 6.835226341995657e-05, 0.0004225836018512517, 0.0002838403980450951], [1.996800020185877e-05, 1.5299801413316227e-05, -1.2236597394196471e-05, 3.0364661372339967e-05, 0.0002838403980450951, 0.0002218598851420451]]</COVARIANCE_MATRIX>
		<ROI_SIZE>132</ROI_SIZE>
		<MAX_VALUE>[0.11982576549053192, 0.13023796677589417, 0.14444276690483093, 0.21876367926597595, 0.1400889903306961, 0.10446005314588547]</MAX_VALUE>
		<MIN_VALUE>[0.10513728857040405, 0.10991189628839493, 0.1122724860906601, 0.16179072856903076, 0.053781624883413315, 0.039388883858919144]</MIN_VALUE>
		<SIGNATURE_THRESHOLD_MD>0</SIGNATURE_THRESHOLD_MD>
		<SIGNATURE_THRESHOLD_ML>0</SIGNATURE_THRESHOLD_ML>
		<SIGNATURE_THRESHOLD_SAM>0</SIGNATURE_THRESHOLD_SAM>
	</signature>
	<signature ID="20220228_113111723708_297">
		<MACROCLASSID>1</MACROCLASSID>
		<MACROCLASSINFO>waterbody</MACROCLASSINFO>
		<CLASSID>4</CLASSID>
		<CLASSINFO>C 1</CLASSINFO>
		<VALUES>[0.11167806791046916, 0.003577077168277852, 0.12014875068502912, 0.003905130967289675, 0.13812685189610818, 0.004728197846134989, 0.16514207296452282, 0.009853235225691804, 0.10808943426710062, 0.02617756953103524, 0.07930340548440559, 0.019008000707984377]</VALUES>
		<LCS_MIN>[0.10647259652614594, 0.11571934074163437, 0.1283576339483261, 0.14838531613349915, 0.06025468558073044, 0.039388883858919144]</LCS_MIN>
		<LCS_MAX>[0.1278376579284668, 0.13894911110401154, 0.157847061753273, 0.1886015087366104, 0.1444043517112732, 0.11065731197595596]</LCS_MAX>
		<WAVELENGTH>[0.485, 0.56, 0.66, 0.83, 1.65, 2.215]</WAVELENGTH>
		<MEAN_VALUE>[0.11167806791046916, 0.12014875068502912, 0.13812685189610818, 0.16514207296452282, 0.10808943426710062, 0.07930340548440559]</MEAN_VALUE>
		<CHECKBOX>2</CHECKBOX>
		<SD>[0.003577077168277852, 0.003905130967289675, 0.004728197846134989, 0.009853235225691804, 0.02617756953103524, 0.019008000707984377]</SD>
		<WAVELENGTH_UNIT>E-6m</WAVELENGTH_UNIT>
		<COLOR>#f3585f</COLOR>
		<COVARIANCE_MATRIX>[[1.3016092810363252e-05, 1.0439034841266055e-05, 9.928644408012051e-06, 1.234514261189473e-05, 4.22748434129094e-05, 3.633197458989257e-05], [1.0439034841266055e-05, 1.5512979731541422e-05, 1.3426045630960266e-05, 1.1409222578857597e-05, 1.8768464032558222e-05, 2.1358011179352872e-05], [9.928644408012051e-06, 1.3426045630960266e-05, 2.274130064585413e-05, -3.717706786583705e-06, -8.92007389520455e-06, 5.515326607447308e-06], [1.234514261189473e-05, 1.1409222578857597e-05, -3.717706786583705e-06, 9.876014517855186e-05, 0.00018526708389638544, 0.0001310605981954893], [4.22748434129094e-05, 1.8768464032558222e-05, -8.92007389520455e-06, 0.00018526708389638544, 0.0006970800628720498, 0.000487973874972833], [3.633197458989257e-05, 2.1358011179352872e-05, 5.515326607447308e-06, 0.0001310605981954893, 0.000487973874972833, 0.00036753347179257513]]</COVARIANCE_MATRIX>
		<ROI_SIZE>59</ROI_SIZE>
		<MAX_VALUE>[0.1278376579284668, 0.13894911110401154, 0.157847061753273, 0.1886015087366104, 0.1444043517112732, 0.11065731197595596]</MAX_VALUE>
		<MIN_VALUE>[0.10647259652614594, 0.11571934074163437, 0.1283576339483261, 0.14838531613349915, 0.06025468558073044, 0.039388883858919144]</MIN_VALUE>
		<SIGNATURE_THRESHOLD_MD>0</SIGNATURE_THRESHOLD_MD>
		<SIGNATURE_THRESHOLD_ML>0</SIGNATURE_THRESHOLD_ML>
		<SIGNATURE_THRESHOLD_SAM>0</SIGNATURE_THRESHOLD_SAM>
	</signature>
	<signature ID="20220228_113124849579_610">
		<MACROCLASSID>1</MACROCLASSID>
		<MACROCLASSINFO>waterbody</MACROCLASSINFO>
		<CLASSID>5</CLASSID>
		<CLASSINFO>C 1</CLASSINFO>
		<VALUES>[0.11548399956214535, 0.00488880411506962, 0.12276877605974093, 0.0061259025003546136, 0.13572600299474036, 0.008537050948683692, 0.1738887621329564, 0.014630367511073968, 0.16148637018286366, 0.02879133661843217, 0.11995932917193614, 0.024871331174980138]</VALUES>
		<LCS_MIN>[0.09979601949453354, 0.09829700738191605, 0.08814476430416107, 0.14503398537635803, 0.09693530201911926, 0.06417789310216904]</LCS_MIN>
		<LCS_MAX>[0.1345142424106598, 0.1476602852344513, 0.16857047379016876, 0.21541231870651245, 0.19618874788284302, 0.1571367233991623]</LCS_MAX>
		<WAVELENGTH>[0.485, 0.56, 0.66, 0.83, 1.65, 2.215]</WAVELENGTH>
		<MEAN_VALUE>[0.11548399956214535, 0.12276877605974093, 0.13572600299474036, 0.1738887621329564, 0.16148637018286366, 0.11995932917193614]</MEAN_VALUE>
		<CHECKBOX>2</CHECKBOX>
		<SD>[0.00488880411506962, 0.0061259025003546136, 0.008537050948683692, 0.014630367511073968, 0.02879133661843217, 0.024871331174980138]</SD>
		<WAVELENGTH_UNIT>E-6m</WAVELENGTH_UNIT>
		<COLOR>#251e55</COLOR>
		<COVARIANCE_MATRIX>[[2.3947827115353868e-05, 2.525933883531179e-05, 2.8326243308302033e-05, 9.984274674957504e-06, 7.398163086497821e-05, 7.72545639992433e-05], [2.525933883531179e-05, 3.760113914512842e-05, 4.4333148605279744e-05, 2.611660387925135e-06, 5.102954586576922e-05, 6.484972179186495e-05], [2.8326243308302033e-05, 4.4333148605279744e-05, 7.30258445331602e-05, -3.610807947901027e-05, 4.366290232744892e-06, 3.244089622700537e-05], [9.984274674957504e-06, 2.611660387925135e-06, -3.610807947901027e-05, 0.00021447235123430502, 0.00024281201054655085, 0.00019119563555209323], [7.398163086497821e-05, 5.102954586576922e-05, 4.366290232744892e-06, 0.00024281201054655085, 0.0008305857886097533, 0.000677116644004793], [7.72545639992433e-05, 6.484972179186495e-05, 3.244089622700537e-05, 0.00019119563555209323, 0.000677116644004793, 0.0006198104618647765]]</COVARIANCE_MATRIX>
		<ROI_SIZE>505</ROI_SIZE>
		<MAX_VALUE>[0.1345142424106598, 0.1476602852344513, 0.16857047379016876, 0.21541231870651245, 0.19618874788284302, 0.1571367233991623]</MAX_VALUE>
		<MIN_VALUE>[0.09979601949453354, 0.09829700738191605, 0.08814476430416107, 0.14503398537635803, 0.09693530201911926, 0.06417789310216904]</MIN_VALUE>
		<SIGNATURE_THRESHOLD_MD>0</SIGNATURE_THRESHOLD_MD>
		<SIGNATURE_THRESHOLD_ML>0</SIGNATURE_THRESHOLD_ML>
		<SIGNATURE_THRESHOLD_SAM>0</SIGNATURE_THRESHOLD_SAM>
	</signature>
	<signature ID="20220228_113130780095_394">
		<MACROCLASSID>1</MACROCLASSID>
		<MACROCLASSINFO>waterbody</MACROCLASSINFO>
		<CLASSID>6</CLASSID>
		<CLASSINFO>C 1</CLASSINFO>
		<VALUES>[0.11446021673354238, 0.00411367996519616, 0.11928300024433568, 0.006174134350895311, 0.12852822711521933, 0.007277272350298381, 0.15971898111430075, 0.013594344758508322, 0.14618934487754645, 0.023072379874702342, 0.10995307808572598, 0.019555789884487428]</VALUES>
		<LCS_MIN>[0.10647259652614594, 0.10991189628839493, 0.11495333909988403, 0.13497991859912872, 0.09261994808912277, 0.06727652996778488]</LCS_MIN>
		<LCS_MAX>[0.12917298078536987, 0.13894911110401154, 0.15248534083366394, 0.1886015087366104, 0.1854003369808197, 0.14784082770347595]</LCS_MAX>
		<WAVELENGTH>[0.485, 0.56, 0.66, 0.83, 1.65, 2.215]</WAVELENGTH>
		<MEAN_VALUE>[0.11446021673354238, 0.11928300024433568, 0.12852822711521933, 0.15971898111430075, 0.14618934487754645, 0.10995307808572598]</MEAN_VALUE>
		<CHECKBOX>2</CHECKBOX>
		<SD>[0.00411367996519616, 0.006174134350895311, 0.007277272350298381, 0.013594344758508322, 0.023072379874702342, 0.019555789884487428]</SD>
		<WAVELENGTH_UNIT>E-6m</WAVELENGTH_UNIT>
		<COLOR>#5c8500</COLOR>
		<COVARIANCE_MATRIX>[[1.7077613891432916e-05, 2.2782492435078266e-05, 2.700042163537911e-05, 2.1462615854958975e-05, 5.491850241890277e-05, 5.232966639363196e-05], [2.2782492435078266e-05, 3.8469659157060586e-05, 4.187967104385636e-05, 3.798407782472653e-05, 8.641070330368117e-05, 8.276776898109576e-05], [2.700042163537911e-05, 4.187967104385636e-05, 5.3444552427944086e-05, 3.662436503325189e-05, 9.447269615056211e-05, 9.096456193158531e-05], [2.1462615854958975e-05, 3.798407782472653e-05, 3.662436503325189e-05, 0.00018650167922431278, 0.00023201081607345707, 0.00018859403102750204], [5.491850241890277e-05, 8.641070330368117e-05, 9.447269615056211e-05, 0.00023201081607345707, 0.0005372185177897493, 0.00043351846740122247], [5.232966639363196e-05, 8.276776898109576e-05, 9.096456193158531e-05, 0.00018859403102750204, 0.00043351846740122247, 0.0003859374401897643]]</COVARIANCE_MATRIX>
		<ROI_SIZE>110</ROI_SIZE>
		<MAX_VALUE>[0.12917298078536987, 0.13894911110401154, 0.15248534083366394, 0.1886015087366104, 0.1854003369808197, 0.14784082770347595]</MAX_VALUE>
		<MIN_VALUE>[0.10647259652614594, 0.10991189628839493, 0.11495333909988403, 0.13497991859912872, 0.09261994808912277, 0.06727652996778488]</MIN_VALUE>
		<SIGNATURE_THRESHOLD_MD>0</SIGNATURE_THRESHOLD_MD>
		<SIGNATURE_THRESHOLD_ML>0</SIGNATURE_THRESHOLD_ML>
		<SIGNATURE_THRESHOLD_SAM>0</SIGNATURE_THRESHOLD_SAM>
	</signature>
	<signature ID="20220228_113136061240_456">
		<MACROCLASSID>1</MACROCLASSID>
		<MACROCLASSINFO>waterbody</MACROCLASSINFO>
		<CLASSID>7</CLASSID>
		<CLASSINFO>C 1</CLASSINFO>
		<VALUES>[0.11571796516240658, 0.0038995074129893953, 0.12135453345411915, 0.005636267498088097, 0.13251522789567205, 0.007191779361875776, 0.16179072149729332, 0.013169000560896262, 0.1478603028266106, 0.024729569143028284, 0.11296815197851702, 0.020818242613223042]</VALUES>
		<LCS_MIN>[0.10647259652614594, 0.10991189628839493, 0.12031504511833191, 0.13833127915859222, 0.09046225994825363, 0.06417789310216904]</LCS_MIN>
		<LCS_MAX>[0.12516702711582184, 0.1360454112291336, 0.15248534083366394, 0.19530421495437622, 0.1854003369808197, 0.1509394496679306]</LCS_MAX>
		<WAVELENGTH>[0.485, 0.56, 0.66, 0.83, 1.65, 2.215]</WAVELENGTH>
		<MEAN_VALUE>[0.11571796516240658, 0.12135453345411915, 0.13251522789567205, 0.16179072149729332, 0.1478603028266106, 0.11296815197851702]</MEAN_VALUE>
		<CHECKBOX>2</CHECKBOX>
		<SD>[0.0038995074129893953, 0.005636267498088097, 0.007191779361875776, 0.013169000560896262, 0.024729569143028284, 0.020818242613223042]</SD>
		<WAVELENGTH_UNIT>E-6m</WAVELENGTH_UNIT>
		<COLOR>#771714</COLOR>
		<COVARIANCE_MATRIX>[[1.53361252268991e-05, 1.8971571532122507e-05, 2.2272962542028422e-05, 2.3102271356190878e-05, 5.435881284053358e-05, 4.9783017399566686e-05], [1.8971571532122507e-05, 3.2039028500688066e-05, 3.698327632747401e-05, 3.5598603328441474e-05, 8.810064508579817e-05, 8.13794786438149e-05], [2.2272962542028422e-05, 3.698327632747401e-05, 5.2163756119730557e-05, 4.945307445270889e-05, 0.00011331029694803349, 0.00010391003156635233], [2.3102271356190878e-05, 3.5598603328441474e-05, 4.945307445270889e-05, 0.00017490482001026133, 0.0002279975598035742, 0.00018337215861251646], [5.435881284053358e-05, 8.810064508579817e-05, 0.00011331029694803349, 0.0002279975598035742, 0.0006167785266664818, 0.0004803559992193953], [4.9783017399566686e-05, 8.13794786438149e-05, 0.00010391003156635233, 0.00018337215861251646, 0.0004803559992193953, 0.0004371034923876574]]</COVARIANCE_MATRIX>
		<ROI_SIZE>118</ROI_SIZE>
		<MAX_VALUE>[0.12516702711582184, 0.1360454112291336, 0.15248534083366394, 0.19530421495437622, 0.1854003369808197, 0.1509394496679306]</MAX_VALUE>
		<MIN_VALUE>[0.10647259652614594, 0.10991189628839493, 0.12031504511833191, 0.13833127915859222, 0.09046225994825363, 0.06417789310216904]</MIN_VALUE>
		<SIGNATURE_THRESHOLD_MD>0</SIGNATURE_THRESHOLD_MD>
		<SIGNATURE_THRESHOLD_ML>0</SIGNATURE_THRESHOLD_ML>
		<SIGNATURE_THRESHOLD_SAM>0</SIGNATURE_THRESHOLD_SAM>
	</signature>
	<signature ID="20220228_113154412877_267">
		<MACROCLASSID>1</MACROCLASSID>
		<MACROCLASSINFO>waterbody</MACROCLASSINFO>
		<CLASSID>8</CLASSID>
		<CLASSINFO>C 1</CLASSINFO>
		<VALUES>[0.11992252272540242, 0.004542914459883139, 0.12872296906467798, 0.005606354257690802, 0.14914397960123812, 0.007519234842140117, 0.19219571848710373, 0.010525752492865218, 0.13198985180993006, 0.028743478817448855, 0.104370240284049, 0.022206907507049043]</VALUES>
		<LCS_MIN>[0.11314918100833893, 0.11862306296825409, 0.1283576339483261, 0.15843938291072845, 0.08614688366651535, 0.061079271137714386]</LCS_MIN>
		<LCS_MAX>[0.13184361159801483, 0.14475657045841217, 0.1632087677717209, 0.22211501002311707, 0.18108497560024261, 0.1509394496679306]</LCS_MAX>
		<WAVELENGTH>[0.485, 0.56, 0.66, 0.83, 1.65, 2.215]</WAVELENGTH>
		<MEAN_VALUE>[0.11992252272540242, 0.12872296906467798, 0.14914397960123812, 0.19219571848710373, 0.13198985180993006, 0.104370240284049]</MEAN_VALUE>
		<CHECKBOX>2</CHECKBOX>
		<SD>[0.004542914459883139, 0.005606354257690802, 0.007519234842140117, 0.010525752492865218, 0.028743478817448855, 0.022206907507049043]</SD>
		<WAVELENGTH_UNIT>E-6m</WAVELENGTH_UNIT>
		<COLOR>#68904e</COLOR>
		<COVARIANCE_MATRIX>[[2.09415728455479e-05, 2.238670306981678e-05, 2.5386619167067715e-05, 2.893275937067313e-05, 7.490113781822304e-05, 6.72455893707628e-05], [2.238670306981678e-05, 3.1893431710709066e-05, 3.5960829336820784e-05, 3.4862475929613684e-05, 7.867292478753444e-05, 7.872280073671697e-05], [2.5386619167067715e-05, 3.5960829336820784e-05, 5.737034691436061e-05, 4.231056727921345e-05, 4.6376655204259904e-05, 6.89610223029312e-05], [2.893275937067313e-05, 3.4862475929613684e-05, 4.231056727921345e-05, 0.00011242075179901498, 0.0001186513768763712, 0.00010936569812875429], [7.490113781822304e-05, 7.867292478753444e-05, 4.6376655204259904e-05, 0.0001186513768763712, 0.0008383373918016184, 0.0005970562345930927], [6.72455893707628e-05, 7.872280073671697e-05, 6.89610223029312e-05, 0.00010936569812875429, 0.0005970562345930927, 0.0005003988989829054]]</COVARIANCE_MATRIX>
		<ROI_SIZE>69</ROI_SIZE>
		<MAX_VALUE>[0.13184361159801483, 0.14475657045841217, 0.1632087677717209, 0.22211501002311707, 0.18108497560024261, 0.1509394496679306]</MAX_VALUE>
		<MIN_VALUE>[0.11314918100833893, 0.11862306296825409, 0.1283576339483261, 0.15843938291072845, 0.08614688366651535, 0.061079271137714386]</MIN_VALUE>
		<SIGNATURE_THRESHOLD_MD>0</SIGNATURE_THRESHOLD_MD>
		<SIGNATURE_THRESHOLD_ML>0</SIGNATURE_THRESHOLD_ML>
		<SIGNATURE_THRESHOLD_SAM>0</SIGNATURE_THRESHOLD_SAM>
	</signature>
	<signature ID="20220228_113202947464_197">
		<MACROCLASSID>1</MACROCLASSID>
		<MACROCLASSINFO>waterbody</MACROCLASSINFO>
		<CLASSID>9</CLASSID>
		<CLASSINFO>C 1</CLASSINFO>
		<VALUES>[0.1153223402798176, 0.0038179140159507944, 0.12351954078265262, 0.004146157243900838, 0.14255039379292841, 0.0056132332393086185, 0.19086861172143157, 0.012628516571317265, 0.12401212430467792, 0.029284816136590903, 0.09309842316981626, 0.02215129942856838]</VALUES>
		<LCS_MIN>[0.10780791193246841, 0.11571934074163437, 0.12031504511833191, 0.16849341988563538, 0.07535848021507263, 0.05178339034318924]</LCS_MIN>
		<LCS_MAX>[0.12516702711582184, 0.1360454112291336, 0.157847061753273, 0.22211501002311707, 0.17892730236053467, 0.14164358377456665]</LCS_MAX>
		<WAVELENGTH>[0.485, 0.56, 0.66, 0.83, 1.65, 2.215]</WAVELENGTH>
		<MEAN_VALUE>[0.1153223402798176, 0.12351954078265262, 0.14255039379292841, 0.19086861172143157, 0.12401212430467792, 0.09309842316981626]</MEAN_VALUE>
		<CHECKBOX>2</CHECKBOX>
		<SD>[0.0038179140159507944, 0.004146157243900838, 0.0056132332393086185, 0.012628516571317265, 0.029284816136590903, 0.02215129942856838]</SD>
		<WAVELENGTH_UNIT>E-6m</WAVELENGTH_UNIT>
		<COLOR>#7103fd</COLOR>
		<COVARIANCE_MATRIX>[[1.4720788892928125e-05, 1.2633311521408026e-05, 1.2127929700688113e-05, 8.228242125958561e-06, 7.174056141095016e-05, 6.213297274760284e-05], [1.2633311521408026e-05, 1.7360824048489533e-05, 1.7835820068280906e-05, 8.83021486791572e-06, 6.0951501707342676e-05, 5.573732572116036e-05], [1.2127929700688113e-05, 1.7835820068280906e-05, 3.182035163055117e-05, -4.651842714068772e-06, 1.1026564890432974e-05, 2.8210882065597398e-05], [8.228242125958561e-06, 8.83021486791572e-06, -4.651842714068772e-06, 0.0001610584350573023, 9.959784980020685e-05, 5.325951458994091e-05], [7.174056141095016e-05, 6.0951501707342676e-05, 1.1026564890432974e-05, 9.959784980020685e-05, 0.0008660915497792216, 0.0006136646317307578], [6.213297274760284e-05, 5.573732572116036e-05, 2.8210882065597398e-05, 5.325951458994091e-05, 0.0006136646317307578, 0.0004955382848530451]]</COVARIANCE_MATRIX>
		<ROI_SIZE>102</ROI_SIZE>
		<MAX_VALUE>[0.12516702711582184, 0.1360454112291336, 0.157847061753273, 0.22211501002311707, 0.17892730236053467, 0.14164358377456665]</MAX_VALUE>
		<MIN_VALUE>[0.10780791193246841, 0.11571934074163437, 0.12031504511833191, 0.16849341988563538, 0.07535848021507263, 0.05178339034318924]</MIN_VALUE>
		<SIGNATURE_THRESHOLD_MD>0</SIGNATURE_THRESHOLD_MD>
		<SIGNATURE_THRESHOLD_ML>0</SIGNATURE_THRESHOLD_ML>
		<SIGNATURE_THRESHOLD_SAM>0</SIGNATURE_THRESHOLD_SAM>
	</signature>
	<signature ID="20220228_113211996018_353">
		<MACROCLASSID>1</MACROCLASSID>
		<MACROCLASSINFO>waterbody</MACROCLASSINFO>
		<CLASSID>10</CLASSID>
		<CLASSINFO>C 1</CLASSINFO>
		<VALUES>[0.1135708583028693, 0.0035974748215831034, 0.12106830524770837, 0.005225271266204135, 0.14037915236855794, 0.007670526439140821, 0.19110621355081855, 0.009718830167222818, 0.10733761514880152, 0.02373757447459905, 0.08068216954799076, 0.01735721811976208]</VALUES>
		<LCS_MIN>[0.10380197316408157, 0.10700817406177521, 0.10959164053201675, 0.17519612610340118, 0.05162395164370537, 0.039388883858919144]</LCS_MIN>
		<LCS_MAX>[0.13184361159801483, 0.14185282588005066, 0.1632087677717209, 0.22881770133972168, 0.15087740123271942, 0.11685457080602646]</LCS_MAX>
		<WAVELENGTH>[0.485, 0.56, 0.66, 0.83, 1.65, 2.215]</WAVELENGTH>
		<MEAN_VALUE>[0.1135708583028693, 0.12106830524770837, 0.14037915236855794, 0.19110621355081855, 0.10733761514880152, 0.08068216954799076]</MEAN_VALUE>
		<CHECKBOX>2</CHECKBOX>
		<SD>[0.0035974748215831034, 0.005225271266204135, 0.007670526439140821, 0.009718830167222818, 0.02373757447459905, 0.01735721811976208]</SD>
		<WAVELENGTH_UNIT>E-6m</WAVELENGTH_UNIT>
		<COLOR>#7f4fcd</COLOR>
		<COVARIANCE_MATRIX>[[1.301030035696107e-05, 1.4329383469271724e-05, 1.8636645465194367e-05, 1.2837132216620106e-05, 4.120158251369066e-05, 2.8534903369621405e-05], [1.4329383469271724e-05, 2.7447922555711817e-05, 3.47428626297942e-05, 1.804276326369579e-05, 3.801063329751763e-05, 3.6170623876201305e-05], [1.8636645465194367e-05, 3.47428626297942e-05, 5.914828260410586e-05, 1.7552662429834304e-05, 6.716784534260401e-06, 1.7975550170354393e-05], [1.2837132216620106e-05, 1.804276326369579e-05, 1.7552662429834304e-05, 9.495542521518977e-05, 7.251851840728894e-05, 5.190440528525143e-05], [4.120158251369066e-05, 3.801063329751763e-05, 6.716784534260401e-06, 7.251851840728894e-05, 0.0005664537776087614, 0.0003625961768834408], [2.8534903369621405e-05, 3.6170623876201305e-05, 1.7975550170354393e-05, 5.190440528525143e-05, 0.0003625961768834408, 0.0003028670580043889]]</COVARIANCE_MATRIX>
		<ROI_SIZE>190</ROI_SIZE>
		<MAX_VALUE>[0.13184361159801483, 0.14185282588005066, 0.1632087677717209, 0.22881770133972168, 0.15087740123271942, 0.11685457080602646]</MAX_VALUE>
		<MIN_VALUE>[0.10380197316408157, 0.10700817406177521, 0.10959164053201675, 0.17519612610340118, 0.05162395164370537, 0.039388883858919144]</MIN_VALUE>
		<SIGNATURE_THRESHOLD_MD>0</SIGNATURE_THRESHOLD_MD>
		<SIGNATURE_THRESHOLD_ML>0</SIGNATURE_THRESHOLD_ML>
		<SIGNATURE_THRESHOLD_SAM>0</SIGNATURE_THRESHOLD_SAM>
	</signature>
	<signature ID="20220228_113225885725_620">
		<MACROCLASSID>1</MACROCLASSID>
		<MACROCLASSINFO>waterbody</MACROCLASSINFO>
		<CLASSID>11</CLASSID>
		<CLASSINFO>C 1</CLASSINFO>
		<VALUES>[0.11172070068328878, 0.002827436497575523, 0.11946717112563375, 0.004683501392167928, 0.1394239509868068, 0.009750295765559198, 0.20227970026953274, 0.012573041111699634, 0.09241922628567657, 0.023008667935240475, 0.06410584107127994, 0.01610078030815525]</VALUES>
		<LCS_MIN>[0.10647259652614594, 0.10410444438457489, 0.10154905915260315, 0.17854748666286469, 0.04946626350283623, 0.030093001201748848]</LCS_MIN>
		<LCS_MAX>[0.12249638885259628, 0.13023796677589417, 0.15248534083366394, 0.2388717532157898, 0.13145825266838074, 0.09516417980194092]</LCS_MAX>
		<WAVELENGTH>[0.485, 0.56, 0.66, 0.83, 1.65, 2.215]</WAVELENGTH>
		<MEAN_VALUE>[0.11172070068328878, 0.11946717112563375, 0.1394239509868068, 0.20227970026953274, 0.09241922628567657, 0.06410584107127994]</MEAN_VALUE>
		<CHECKBOX>2</CHECKBOX>
		<SD>[0.002827436497575523, 0.004683501392167928, 0.009750295765559198, 0.012573041111699634, 0.023008667935240475, 0.01610078030815525]</SD>
		<WAVELENGTH_UNIT>E-6m</WAVELENGTH_UNIT>
		<COLOR>#ddce77</COLOR>
		<COVARIANCE_MATRIX>[[8.088448878972983e-06, 9.065980575136513e-06, 1.2751109359974202e-05, -1.3926100205027263e-05, 2.3064487870211957e-05, 2.1508970896461235e-05], [9.065980575136513e-06, 2.2193246293855867e-05, 3.8995810359567984e-05, -3.3319689245278755e-05, 8.795434674847548e-06, 1.6786407792304077e-05], [1.2751109359974202e-05, 3.8995810359567984e-05, 9.618671772195093e-05, -8.26461762931632e-05, -4.913210828962938e-05, -8.086496999044137e-06], [-1.3926100205027263e-05, -3.3319689245278755e-05, -8.26461762931632e-05, 0.0001599411435352714, 8.819038298089206e-05, 3.435010577976183e-05], [2.3064487870211957e-05, 8.795434674847548e-06, -4.913210828962938e-05, 8.819038298089206e-05, 0.0005356270213324474, 0.0003589766462954203], [2.1508970896461235e-05, 1.6786407792304077e-05, -8.086496999044137e-06, 3.435010577976183e-05, 0.0003589766462954203, 0.00026228495154949734]]</COVARIANCE_MATRIX>
		<ROI_SIZE>86</ROI_SIZE>
		<MAX_VALUE>[0.12249638885259628, 0.13023796677589417, 0.15248534083366394, 0.2388717532157898, 0.13145825266838074, 0.09516417980194092]</MAX_VALUE>
		<MIN_VALUE>[0.10647259652614594, 0.10410444438457489, 0.10154905915260315, 0.17854748666286469, 0.04946626350283623, 0.030093001201748848]</MIN_VALUE>
		<SIGNATURE_THRESHOLD_MD>0</SIGNATURE_THRESHOLD_MD>
		<SIGNATURE_THRESHOLD_ML>0</SIGNATURE_THRESHOLD_ML>
		<SIGNATURE_THRESHOLD_SAM>0</SIGNATURE_THRESHOLD_SAM>
	</signature>
	<signature ID="20220228_113234380870_205">
		<MACROCLASSID>1</MACROCLASSID>
		<MACROCLASSINFO>waterbody</MACROCLASSINFO>
		<CLASSID>12</CLASSID>
		<CLASSINFO>C 1</CLASSINFO>
		<VALUES>[0.11199190467596054, 0.002619700374894373, 0.11804231951634091, 0.002845059382360666, 0.12478315234184265, 0.005055077732168919, 0.17944116095701854, 0.016210127946103322, 0.1412397503852844, 0.013227541896574315, 0.10156800349553426, 0.01150903271954669]</VALUES>
		<LCS_MIN>[0.10780791193246841, 0.11281561106443405, 0.1122724860906601, 0.15843938291072845, 0.11635445803403854, 0.08586829155683517]</LCS_MIN>
		<LCS_MAX>[0.11581981182098389, 0.1215267926454544, 0.13103850185871124, 0.21541231870651245, 0.16166582703590393, 0.12305180728435516]</LCS_MAX>
		<WAVELENGTH>[0.485, 0.56, 0.66, 0.83, 1.65, 2.215]</WAVELENGTH>
		<MEAN_VALUE>[0.11199190467596054, 0.11804231951634091, 0.12478315234184265, 0.17944116095701854, 0.1412397503852844, 0.10156800349553426]</MEAN_VALUE>
		<CHECKBOX>2</CHECKBOX>
		<SD>[0.002619700374894373, 0.002845059382360666, 0.005055077732168919, 0.016210127946103322, 0.013227541896574315, 0.01150903271954669]</SD>
		<WAVELENGTH_UNIT>E-6m</WAVELENGTH_UNIT>
		<COLOR>#68759b</COLOR>
		<COVARIANCE_MATRIX>[[7.353032200951848e-06, 3.711213600880527e-06, 2.4717550747645396e-06, -5.284912746745489e-06, 2.118359448067502e-05, 2.094435962935301e-05], [3.711213600880527e-06, 8.67253166695548e-06, 1.2232761046790782e-05, 1.946278042623076e-06, 1.0114034134587176e-05, 1.4267569748985112e-05], [2.4717550747645396e-06, 1.2232761046790782e-05, 2.737908308386082e-05, -3.315702108999594e-05, -9.64072454393085e-06, -1.5822537335341547e-06], [-5.284912746745489e-06, 1.946278042623076e-06, -3.315702108999594e-05, 0.0002815374086025427, 0.00012131125363686401, 9.474693833555744e-05], [2.118359448067502e-05, 1.0114034134587176e-05, -9.64072454393085e-06, 0.00012131125363686401, 0.00018746556924174513, 0.00014635661254314147], [2.094435962935301e-05, 1.4267569748985112e-05, -1.5822537335341547e-06, 9.474693833555744e-05, 0.00014635661254314147, 0.0001419191080067103]]</COVARIANCE_MATRIX>
		<ROI_SIZE>15</ROI_SIZE>
		<MAX_VALUE>[0.11581981182098389, 0.1215267926454544, 0.13103850185871124, 0.21541231870651245, 0.16166582703590393, 0.12305180728435516]</MAX_VALUE>
		<MIN_VALUE>[0.10780791193246841, 0.11281561106443405, 0.1122724860906601, 0.15843938291072845, 0.11635445803403854, 0.08586829155683517]</MIN_VALUE>
		<SIGNATURE_THRESHOLD_MD>0</SIGNATURE_THRESHOLD_MD>
		<SIGNATURE_THRESHOLD_ML>0</SIGNATURE_THRESHOLD_ML>
		<SIGNATURE_THRESHOLD_SAM>0</SIGNATURE_THRESHOLD_SAM>
	</signature>
	<signature ID="20220228_113245379792_364">
		<MACROCLASSID>1</MACROCLASSID>
		<MACROCLASSINFO>waterbody</MACROCLASSINFO>
		<CLASSID>13</CLASSID>
		<CLASSINFO>C 1</CLASSINFO>
		<VALUES>[0.11761735422680011, 0.0049402869827791535, 0.1272225504597792, 0.0065664595779873205, 0.1411432497776472, 0.00752066237175671, 0.17822522526750198, 0.013837643380508868, 0.16087743883522662, 0.018205716310866038, 0.12257510896485586, 0.015293835846931194]</VALUES>
		<LCS_MIN>[0.11047854274511337, 0.11862306296825409, 0.12567676603794098, 0.14838531613349915, 0.11851213127374649, 0.08896692842245102]</LCS_MIN>
		<LCS_MAX>[0.13584956526756287, 0.1476602852344513, 0.1632087677717209, 0.21876367926597595, 0.2005041390657425, 0.15403810143470764]</LCS_MAX>
		<WAVELENGTH>[0.485, 0.56, 0.66, 0.83, 1.65, 2.215]</WAVELENGTH>
		<MEAN_VALUE>[0.11761735422680011, 0.1272225504597792, 0.1411432497776472, 0.17822522526750198, 0.16087743883522662, 0.12257510896485586]</MEAN_VALUE>
		<CHECKBOX>2</CHECKBOX>
		<SD>[0.0049402869827791535, 0.0065664595779873205, 0.00752066237175671, 0.013837643380508868, 0.018205716310866038, 0.015293835846931194]</SD>
		<WAVELENGTH_UNIT>E-6m</WAVELENGTH_UNIT>
		<COLOR>#604fb2</COLOR>
		<COVARIANCE_MATRIX>[[2.4884993030495945e-05, 3.0083376947552592e-05, 2.9070295488727573e-05, 3.217962373319355e-05, 2.104833620029484e-05, 3.438055759308345e-05], [3.0083376947552592e-05, 4.3963850044034354e-05, 4.4194138030402826e-05, 5.396293152918027e-05, 4.303031145914068e-05, 5.8341576782355725e-05], [2.9070295488727573e-05, 4.4194138030402826e-05, 5.766938922583883e-05, 6.867778998371533e-05, 5.48518307804481e-05, 7.055289518968079e-05], [3.217962373319355e-05, 5.396293152918027e-05, 6.867778998371533e-05, 0.0001952348914697908, 0.00016024424064131008, 0.00012221852404556514], [2.104833620029484e-05, 4.303031145914068e-05, 5.48518307804481e-05, 0.00016024424064131008, 0.00033794708887000305, 0.0002434540130336661], [3.438055759308345e-05, 5.8341576782355725e-05, 7.055289518968079e-05, 0.00012221852404556514, 0.0002434540130336661, 0.00023848771716607133]]</COVARIANCE_MATRIX>
		<ROI_SIZE>52</ROI_SIZE>
		<MAX_VALUE>[0.13584956526756287, 0.1476602852344513, 0.1632087677717209, 0.21876367926597595, 0.2005041390657425, 0.15403810143470764]</MAX_VALUE>
		<MIN_VALUE>[0.11047854274511337, 0.11862306296825409, 0.12567676603794098, 0.14838531613349915, 0.11851213127374649, 0.08896692842245102]</MIN_VALUE>
		<SIGNATURE_THRESHOLD_MD>0</SIGNATURE_THRESHOLD_MD>
		<SIGNATURE_THRESHOLD_ML>0</SIGNATURE_THRESHOLD_ML>
		<SIGNATURE_THRESHOLD_SAM>0</SIGNATURE_THRESHOLD_SAM>
	</signature>
	<signature ID="20220228_113303142762_526">
		<MACROCLASSID>1</MACROCLASSID>
		<MACROCLASSINFO>waterbody</MACROCLASSINFO>
		<CLASSID>14</CLASSID>
		<CLASSINFO>C 1</CLASSINFO>
		<VALUES>[0.10233998207353322, 0.004456284738042154, 0.09841177506526937, 0.007107023373699339, 0.10269345531586133, 0.010807729707004549, 0.13866243864825586, 0.010814613301670531, 0.05209301129395782, 0.014697513945645663, 0.034563352850821676, 0.012268977504084915]</VALUES>
		<LCS_MIN>[0.09044881165027618, 0.07797093689441681, 0.06669792532920837, 0.11822319030761719, 0.023574061691761017, 0.014599865302443504]</LCS_MIN>
		<LCS_MAX>[0.11314918100833893, 0.11571934074163437, 0.12299590557813644, 0.17519612610340118, 0.08183151483535767, 0.07657241821289062]</LCS_MAX>
		<WAVELENGTH>[0.485, 0.56, 0.66, 0.83, 1.65, 2.215]</WAVELENGTH>
		<MEAN_VALUE>[0.10233998207353322, 0.09841177506526937, 0.10269345531586133, 0.13866243864825586, 0.05209301129395782, 0.034563352850821676]</MEAN_VALUE>
		<CHECKBOX>2</CHECKBOX>
		<SD>[0.004456284738042154, 0.007107023373699339, 0.010807729707004549, 0.010814613301670531, 0.014697513945645663, 0.012268977504084915]</SD>
		<WAVELENGTH_UNIT>E-6m</WAVELENGTH_UNIT>
		<COLOR>#025537</COLOR>
		<COVARIANCE_MATRIX>[[1.9937277133438e-05, 2.8217962700869016e-05, 4.053182398301181e-05, -6.97243920959638e-06, 5.89063487984938e-06, 2.40808499737929e-05], [2.8217962700869016e-05, 5.0710216874127395e-05, 7.215243241280966e-05, -1.544618720414907e-05, -3.5099140262703538e-06, 3.0297940682132447e-05], [4.053182398301181e-05, 7.215243241280966e-05, 0.00011727054134593728, -4.091762278654299e-05, -3.104495003916347e-05, 2.7564324186244336e-05], [-6.97243920959638e-06, -1.544618720414907e-05, -4.091762278654299e-05, 0.00011741997142365599, 0.00011364861611480756, 6.110968446589026e-05], [5.89063487984938e-06, -3.5099140262703538e-06, -3.104495003916347e-05, 0.00011364861611480756, 0.00021687412616729976, 0.00014893682441205586], [2.40808499737929e-05, 3.0297940682132447e-05, 2.7564324186244336e-05, 6.110968446589026e-05, 0.00014893682441205586, 0.00015112514157112163]]</COVARIANCE_MATRIX>
		<ROI_SIZE>253</ROI_SIZE>
		<MAX_VALUE>[0.11314918100833893, 0.11571934074163437, 0.12299590557813644, 0.17519612610340118, 0.08183151483535767, 0.07657241821289062]</MAX_VALUE>
		<MIN_VALUE>[0.09044881165027618, 0.07797093689441681, 0.06669792532920837, 0.11822319030761719, 0.023574061691761017, 0.014599865302443504]</MIN_VALUE>
		<SIGNATURE_THRESHOLD_MD>0</SIGNATURE_THRESHOLD_MD>
		<SIGNATURE_THRESHOLD_ML>0</SIGNATURE_THRESHOLD_ML>
		<SIGNATURE_THRESHOLD_SAM>0</SIGNATURE_THRESHOLD_SAM>
	</signature>
	<signature ID="20220228_113311760788_337">
		<MACROCLASSID>1</MACROCLASSID>
		<MACROCLASSINFO>waterbody</MACROCLASSINFO>
		<CLASSID>15</CLASSID>
		<CLASSINFO>C 1</CLASSINFO>
		<VALUES>[0.1058158869626092, 0.0027633996738599515, 0.10439005897181931, 0.0035154667876605037, 0.10906424910807216, 0.004701872370231136, 0.1344854665584251, 0.009856820064173901, 0.05891055451919799, 0.01616157582144785, 0.04182714697156774, 0.012734192048940312]</VALUES>
		<LCS_MIN>[0.09846071153879166, 0.0924895629286766, 0.08814476430416107, 0.1215745359659195, 0.030047113075852394, 0.0238957479596138]</LCS_MIN>
		<LCS_MAX>[0.11448448896408081, 0.11281561106443405, 0.11763419955968857, 0.16514205932617188, 0.08614688366651535, 0.07347378134727478]</LCS_MAX>
		<WAVELENGTH>[0.485, 0.56, 0.66, 0.83, 1.65, 2.215]</WAVELENGTH>
		<MEAN_VALUE>[0.1058158869626092, 0.10439005897181931, 0.10906424910807216, 0.1344854665584251, 0.05891055451919799, 0.04182714697156774]</MEAN_VALUE>
		<CHECKBOX>2</CHECKBOX>
		<SD>[0.0027633996738599515, 0.0035154667876605037, 0.004701872370231136, 0.009856820064173901, 0.01616157582144785, 0.012734192048940312]</SD>
		<WAVELENGTH_UNIT>E-6m</WAVELENGTH_UNIT>
		<COLOR>#bae608</COLOR>
		<COVARIANCE_MATRIX>[[7.76365072011411e-06, 6.846873462596088e-06, 7.463766794106027e-06, -3.3013079612779703e-07, 1.1059508032317795e-05, 1.2316840393812858e-05], [6.846873462596088e-06, 1.2564481847396468e-05, 1.4165181407350675e-05, -1.2020653516499273e-05, -2.115816721360972e-06, 7.689726331444405e-06], [7.463766794106027e-06, 1.4165181407350675e-05, 2.247606384904201e-05, -2.5870919928903396e-05, -1.8748911696448063e-05, -1.6001459235803287e-06], [-3.3013079612779703e-07, -1.2020653516499273e-05, -2.5870919928903396e-05, 9.877618347379288e-05, 0.00011972296836458515, 7.807160562862923e-05], [1.1059508032317795e-05, -2.115816721360972e-06, -1.8748911696448063e-05, 0.00011972296836458515, 0.0002655498085829478, 0.00019510465550143187], [1.2316840393812858e-05, 7.689726331444405e-06, -1.6001459235803287e-06, 7.807160562862923e-05, 0.00019510465550143187, 0.00016486230792494958]]</COVARIANCE_MATRIX>
		<ROI_SIZE>61</ROI_SIZE>
		<MAX_VALUE>[0.11448448896408081, 0.11281561106443405, 0.11763419955968857, 0.16514205932617188, 0.08614688366651535, 0.07347378134727478]</MAX_VALUE>
		<MIN_VALUE>[0.09846071153879166, 0.0924895629286766, 0.08814476430416107, 0.1215745359659195, 0.030047113075852394, 0.0238957479596138]</MIN_VALUE>
		<SIGNATURE_THRESHOLD_MD>0</SIGNATURE_THRESHOLD_MD>
		<SIGNATURE_THRESHOLD_ML>0</SIGNATURE_THRESHOLD_ML>
		<SIGNATURE_THRESHOLD_SAM>0</SIGNATURE_THRESHOLD_SAM>
	</signature>
	<signature ID="20220228_113340776167_494">
		<MACROCLASSID>1</MACROCLASSID>
		<MACROCLASSINFO>waterbody</MACROCLASSINFO>
		<CLASSID>16</CLASSID>
		<CLASSINFO>C 1</CLASSINFO>
		<VALUES>[0.1184904434043786, 0.004442604812533419, 0.12863590144391723, 0.0064743630622718625, 0.14190057588034663, 0.008742738173807904, 0.18143656258953023, 0.013353992170302725, 0.16229824940192286, 0.019443975719426885, 0.1230518180748512, 0.017957660464669505]</VALUES>
		<LCS_MIN>[0.10780791193246841, 0.11571934074163437, 0.12567676603794098, 0.15508802235126495, 0.12066981941461563, 0.09206555038690567]</LCS_MIN>
		<LCS_MAX>[0.13184361159801483, 0.1476602852344513, 0.16588962078094482, 0.20870961248874664, 0.19403107464313507, 0.1509394496679306]</LCS_MAX>
