<?xml version="1.0" ?>
<signaturelist MCID_LIST="[['1', 'waterbody', '#0000ff'], ['2', 'vegetation', '#00ff00'], ['3', 'bareland', '#ffaa00'], ['4', 'built-up', '#ff0000']]">
	<signature ID="20210125_124421616682_281">
		<MACROCLASSID>1</MACROCLASSID>
		<MACROCLASSINFO>waterbody</MACROCLASSINFO>
		<CLASSID>1</CLASSID>
		<CLASSINFO>C 1</CLASSINFO>
		<VALUES>[0.12338404407000608, 0.002271761553408103, 0.1452667381787417, 0.003615358163063782, 0.1745266751518536, 0.006205171937198673, 0.104793464304132, 0.00813737188278822, 0.022859282271416315, 0.007353961988960222, 0.013546506054112097, 0.005506808780787355]</VALUES>
		<LCS_MIN>[0.11065314710140228, 0.12203391641378403, 0.13758796453475952, 0.08544735610485077, 0.010720507241785526, 0.002224561059847474]</LCS_MIN>
		<LCS_MAX>[0.12909144163131714, 0.1541152149438858, 0.18626360595226288, 0.13953587412834167, 0.060779377818107605, 0.045983102172613144]</LCS_MAX>
		<WAVELENGTH>[0.485, 0.56, 0.66, 0.83, 1.65, 2.215]</WAVELENGTH>
		<MEAN_VALUE>[0.12338404407000608, 0.1452667381787417, 0.1745266751518536, 0.104793464304132, 0.022859282271416315, 0.013546506054112097]</MEAN_VALUE>
		<CHECKBOX>2</CHECKBOX>
		<SD>[0.002271761553408103, 0.003615358163063782, 0.006205171937198673, 0.00813737188278822, 0.007353961988960222, 0.005506808780787355]</SD>
		<WAVELENGTH_UNIT>E-6m</WAVELENGTH_UNIT>
		<COLOR>#450341</COLOR>
		<COVARIANCE_MATRIX>[[4.748303388368593e-06, 3.1449675994585746e-06, 3.747517582116382e-06, -4.23003244133079e-06, -2.1590202368782628e-06, -1.0463437941431264e-06], [3.1449675994585746e-06, 1.1446408290925771e-05, 8.98342346974216e-06, -1.1651528790271946e-05, -6.0443751358351484e-06, -3.3149736468163843e-06], [3.747517582116382e-06, 8.98342346974216e-06, 3.100126390139186e-05, -8.713996325154907e-06, -2.456238727378498e-05, -1.538692707141911e-05], [-4.23003244133079e-06, -1.1651528790271946e-05, -8.713996325154907e-06, 5.4211747981651565e-05, 2.3347596826111564e-05, 1.323990772838513e-05], [-2.1590202368782628e-06, -6.0443751358351484e-06, -2.456238727378498e-05, 2.3347596826111564e-05, 5.004587194153332e-05, 2.9059289342505803e-05], [-1.0463437941431264e-06, -3.3149736468163843e-06, -1.538692707141911e-05, 1.323990772838513e-05, 2.9059289342505803e-05, 2.691958744534164e-05]]</COVARIANCE_MATRIX>
		<ROI_SIZE>4645</ROI_SIZE>
		<MAX_VALUE>[0.12909144163131714, 0.1541152149438858, 0.18626360595226288, 0.13953587412834167, 0.060779377818107605, 0.045983102172613144]</MAX_VALUE>
		<MIN_VALUE>[0.11065314710140228, 0.12203391641378403, 0.13758796453475952, 0.08544735610485077, 0.010720507241785526, 0.002224561059847474]</MIN_VALUE>
		<SIGNATURE_THRESHOLD_MD>0</SIGNATURE_THRESHOLD_MD>
		<SIGNATURE_THRESHOLD_ML>0</SIGNATURE_THRESHOLD_ML>
		<SIGNATURE_THRESHOLD_SAM>0</SIGNATURE_THRESHOLD_SAM>
	</signature>
	<signature ID="20210125_124451149096_272">
		<MACROCLASSID>1</MACROCLASSID>
		<MACROCLASSINFO>waterbody</MACROCLASSINFO>
		<CLASSID>2</CLASSID>
		<CLASSINFO>C 1</CLASSINFO>
		<VALUES>[0.12592519216972314, 0.0035963506137515547, 0.15023653376542156, 0.005296798256450184, 0.17643540011810463, 0.005361068275374616, 0.1005378292354404, 0.00643555213870308, 0.02700123637151282, 0.006564566024243927, 0.017445258892400815, 0.005506315686319382]</VALUES>
		<LCS_MIN>[0.11218967288732529, 0.11882580071687698, 0.1402921825647354, 0.08882788568735123, 0.010720507241785526, 0.005350170657038689]</LCS_MIN>
		<LCS_MAX>[0.13677407801151276, 0.16053149104118347, 0.18626360595226288, 0.13277480006217957, 0.05860291048884392, 0.04910871386528015]</LCS_MAX>
		<WAVELENGTH>[0.485, 0.56, 0.66, 0.83, 1.65, 2.215]</WAVELENGTH>
		<MEAN_VALUE>[0.12592519216972314, 0.15023653376542156, 0.17643540011810463, 0.1005378292354404, 0.02700123637151282, 0.017445258892400815]</MEAN_VALUE>
		<CHECKBOX>2</CHECKBOX>
		<SD>[0.0035963506137515547, 0.005296798256450184, 0.005361068275374616, 0.00643555213870308, 0.006564566024243927, 0.005506315686319382]</SD>
		<WAVELENGTH_UNIT>E-6m</WAVELENGTH_UNIT>
		<COLOR>#617cea</COLOR>
		<COVARIANCE_MATRIX>[[1.2008499178263992e-05, 1.3039044161526534e-05, 1.0589896719585962e-05, 1.796499231367953e-06, 4.579425575940276e-06, 5.449008521973278e-06], [1.3039044161526534e-05, 2.4385407319319337e-05, 1.6894612387176838e-05, -3.107800417360814e-06, 1.351604932843778e-06, 3.7269320776921395e-06], [1.0589896719585962e-05, 1.6894612387176838e-05, 2.2980215039562644e-05, -4.80570939909251e-06, -4.3029852446851205e-06, -2.860753521651375e-07], [1.796499231367953e-06, -3.107800417360814e-06, -4.80570939909251e-06, 4.235314671043323e-05, 3.440855317397409e-05, 2.354919632834632e-05], [4.579425575940276e-06, 1.351604932843778e-06, -4.3029852446851205e-06, 3.440855317397409e-05, 4.621163116693232e-05, 2.9277621549635007e-05], [5.449008521973278e-06, 3.7269320776921395e-06, -2.860753521651375e-07, 2.354919632834632e-05, 2.9277621549635007e-05, 3.0363870371336663e-05]]</COVARIANCE_MATRIX>
		<ROI_SIZE>3713</ROI_SIZE>
		<MAX_VALUE>[0.13677407801151276, 0.16053149104118347, 0.18626360595226288, 0.13277480006217957, 0.05860291048884392, 0.04910871386528015]</MAX_VALUE>
		<MIN_VALUE>[0.11218967288732529, 0.11882580071687698, 0.1402921825647354, 0.08882788568735123, 0.010720507241785526, 0.005350170657038689]</MIN_VALUE>
		<SIGNATURE_THRESHOLD_MD>0</SIGNATURE_THRESHOLD_MD>
		<SIGNATURE_THRESHOLD_ML>0</SIGNATURE_THRESHOLD_ML>
		<SIGNATURE_THRESHOLD_SAM>0</SIGNATURE_THRESHOLD_SAM>
	</signature>
	<signature ID="20210125_124501890427_535">
		<MACROCLASSID>1</MACROCLASSID>
		<MACROCLASSINFO>waterbody</MACROCLASSINFO>
		<CLASSID>3</CLASSID>
		<CLASSINFO>C 1</CLASSINFO>
		<VALUES>[0.12228675306846856, 0.002095021002653874, 0.1480669170952565, 0.00317446742849891, 0.19355672102399316, 0.0048956566235132705, 0.11623853561345904, 0.004850511039422478, 0.017824770883869093, 0.0059893837119913, 0.011001241359414134, 0.004560856441140925]</VALUES>
		<LCS_MIN>[0.11218967288732529, 0.1284501850605011, 0.161925807595253, 0.09558895230293274, 0.004191089421510696, 0.0]</LCS_MIN>
		<LCS_MAX>[0.12909144163131714, 0.1541152149438858, 0.20248882472515106, 0.14967747032642365, 0.052073489874601364, 0.045983102172613144]</LCS_MAX>
		<WAVELENGTH>[0.485, 0.56, 0.66, 0.83, 1.65, 2.215]</WAVELENGTH>
		<MEAN_VALUE>[0.12228675306846856, 0.1480669170952565, 0.19355672102399316, 0.11623853561345904, 0.017824770883869093, 0.011001241359414134]</MEAN_VALUE>
		<CHECKBOX>2</CHECKBOX>
		<SD>[0.002095021002653874, 0.00317446742849891, 0.0048956566235132705, 0.004850511039422478, 0.0059893837119913, 0.004560856441140925]</SD>
		<WAVELENGTH_UNIT>E-6m</WAVELENGTH_UNIT>
		<COLOR>#863aae</COLOR>
		<COVARIANCE_MATRIX>[[4.8254080708952124e-06, 3.1626378030073544e-06, 5.237549522942376e-06, -1.988464881803719e-06, -3.963803141339615e-06, -2.459749999485569e-06], [3.1626378030073544e-06, 1.089239381303659e-05, 9.958170162395505e-06, -5.267253343419261e-06, -9.049600233496445e-06, -5.9636293005645025e-06], [5.237549522942376e-06, 9.958170162395505e-06, 2.357417926273849e-05, -8.514848964693362e-06, -1.6828770659116084e-05, -1.0896224510818858e-05], [-1.988464881803719e-06, -5.267253343419261e-06, -8.514848964693362e-06, 2.0899230294543344e-05, 1.8238770648686112e-05, 1.237034763079535e-05], [-3.963803141339615e-06, -9.049600233496445e-06, -1.6828770659116084e-05, 1.8238770648686112e-05, 3.435753643522176e-05, 2.0577646604047364e-05], [-2.459749999485569e-06, -5.9636293005645025e-06, -1.0896224510818858e-05, 1.237034763079535e-05, 2.0577646604047364e-05, 2.1054349673532936e-05]]</COVARIANCE_MATRIX>
		<ROI_SIZE>11636</ROI_SIZE>
		<MAX_VALUE>[0.12909144163131714, 0.1541152149438858, 0.20248882472515106, 0.14967747032642365, 0.052073489874601364, 0.045983102172613144]</MAX_VALUE>
		<MIN_VALUE>[0.11218967288732529, 0.1284501850605011, 0.161925807595253, 0.09558895230293274, 0.004191089421510696, 0.0]</MIN_VALUE>
		<SIGNATURE_THRESHOLD_MD>0</SIGNATURE_THRESHOLD_MD>
		<SIGNATURE_THRESHOLD_ML>0</SIGNATURE_THRESHOLD_ML>
		<SIGNATURE_THRESHOLD_SAM>0</SIGNATURE_THRESHOLD_SAM>
	</signature>
	<signature ID="20210125_124508694094_245">
		<MACROCLASSID>1</MACROCLASSID>
		<MACROCLASSINFO>waterbody</MACROCLASSINFO>
		<CLASSID>4</CLASSID>
		<CLASSINFO>C 1</CLASSINFO>
		<VALUES>[0.09221134186046767, 0.0038876172429057484, 0.07664474737734563, 0.009031239232272836, 0.04591893969909278, 0.006361372502214997, 0.047253902402687294, 0.006939400111200053, 0.022297648624016227, 0.006658440152075393, 0.014054675370473979, 0.00487434003451929]</VALUES>
		<LCS_MIN>[0.0829957127571106, 0.05787130445241928, 0.037532512098550797, 0.03135882690548897, 0.010720507241785526, 0.002224561059847474]</LCS_MIN>
		<LCS_MAX>[0.11065314710140228, 0.11240952461957932, 0.07809554785490036, 0.08206681907176971, 0.05642643943428993, 0.04285749793052673]</LCS_MAX>
		<WAVELENGTH>[0.485, 0.56, 0.66, 0.83, 1.65, 2.215]</WAVELENGTH>
		<MEAN_VALUE>[0.09221134186046767, 0.07664474737734563, 0.04591893969909278, 0.047253902402687294, 0.022297648624016227, 0.014054675370473979]</MEAN_VALUE>
		<CHECKBOX>2</CHECKBOX>
		<SD>[0.0038876172429057484, 0.009031239232272836, 0.006361372502214997, 0.006939400111200053, 0.006658440152075393, 0.00487434003451929]</SD>
		<WAVELENGTH_UNIT>E-6m</WAVELENGTH_UNIT>
		<COLOR>#76bd54</COLOR>
		<COVARIANCE_MATRIX>[[1.6896353309666004e-05, 3.7423418112408266e-05, 2.381087357710537e-05, 3.887808041373261e-07, 1.0836709587840981e-07, 2.2449592339154817e-07], [3.7423418112408266e-05, 0.00010354522696616931, 6.195043939143269e-05, -1.9084836810087588e-06, -3.348183826134941e-06, -1.9447621632942576e-06], [2.381087357710537e-05, 6.195043939143269e-05, 4.6713440678753605e-05, 9.242095149461439e-06, 7.04973803217667e-06, 4.640250382761051e-06], [3.887808041373261e-07, -1.9084836810087588e-06, 9.242095149461439e-06, 4.5101670101090326e-05, 3.353170553785893e-05, 2.115021014961532e-05], [1.0836709587840981e-07, -3.348183826134941e-06, 7.04973803217667e-06, 3.353170553785893e-05, 3.834079887068705e-05, 2.153562981062906e-05], [2.2449592339154817e-07, -1.9447621632942576e-06, 4.640250382761051e-06, 2.115021014961532e-05, 2.153562981062906e-05, 2.1613951739811403e-05]]</COVARIANCE_MATRIX>
		<ROI_SIZE>7478</ROI_SIZE>
		<MAX_VALUE>[0.11065314710140228, 0.11240952461957932, 0.07809554785490036, 0.08206681907176971, 0.05642643943428993, 0.04285749793052673]</MAX_VALUE>
		<MIN_VALUE>[0.0829957127571106, 0.05787130445241928, 0.037532512098550797, 0.03135882690548897, 0.010720507241785526, 0.002224561059847474]</MIN_VALUE>
		<SIGNATURE_THRESHOLD_MD>0</SIGNATURE_THRESHOLD_MD>
		<SIGNATURE_THRESHOLD_ML>0</SIGNATURE_THRESHOLD_ML>
		<SIGNATURE_THRESHOLD_SAM>0</SIGNATURE_THRESHOLD_SAM>
	</signature>
	<signature ID="20210125_124530209391_320">
		<MACROCLASSID>1</MACROCLASSID>
		<MACROCLASSINFO>waterbody</MACROCLASSINFO>
		<CLASSID>5</CLASSID>
		<CLASSINFO>C 1</CLASSINFO>
		<VALUES>[0.12748842933295215, 0.0019473947792675017, 0.15380714176566054, 0.0030093751057061625, 0.18512550481304185, 0.0044260021412704945, 0.11517680096746406, 0.00509869326895704, 0.03137054964105051, 0.005374656255534637, 0.020611375518403717, 0.004229309295435018]</VALUES>
		<LCS_MIN>[0.1167992427945137, 0.13165831565856934, 0.1538131833076477, 0.10573054850101471, 0.021602870896458626, 0.008475782349705696]</LCS_MIN>
		<LCS_MAX>[0.13523754477500916, 0.16053149104118347, 0.19437624514102936, 0.14291642606258392, 0.06513231992721558, 0.045983102172613144]</LCS_MAX>
		<WAVELENGTH>[0.485, 0.56, 0.66, 0.83, 1.65, 2.215]</WAVELENGTH>
		<MEAN_VALUE>[0.12748842933295215, 0.15380714176566054, 0.18512550481304185, 0.11517680096746406, 0.03137054964105051, 0.020611375518403717]</MEAN_VALUE>
		<CHECKBOX>2</CHECKBOX>
		<SD>[0.0019473947792675017, 0.0030093751057061625, 0.0044260021412704945, 0.00509869326895704, 0.005374656255534637, 0.004229309295435018]</SD>
		<WAVELENGTH_UNIT>E-6m</WAVELENGTH_UNIT>
		<COLOR>#7ebb3f</COLOR>
		<COVARIANCE_MATRIX>[[3.813497483832644e-06, 1.88247779905946e-06, 3.140421505860543e-06, -2.4183702056839586e-06, -2.0680803896129783e-06, -1.229866000128454e-06], [1.88247779905946e-06, 8.855689549276213e-06, 9.273548276390176e-06, -8.511803496296084e-06, -8.421581347807909e-06, -5.299295136306155e-06], [3.140421505860543e-06, 9.273548276390176e-06, 1.9049210427594918e-05, -1.4587355310358156e-05, -1.4937800920328863e-05, -9.300952840540628e-06], [-2.4183702056839586e-06, -8.511803496296084e-06, -1.4587355310358156e-05, 2.4755855996638893e-05, 1.893752152713988e-05, 1.1496125647458112e-05], [-2.0680803896129783e-06, -8.421581347807909e-06, -1.4937800920328863e-05, 1.893752152713988e-05, 2.719363842021988e-05, 1.4239712156095124e-05], [-1.229866000128454e-06, -5.299295136306155e-06, -9.300952840540628e-06, 1.1496125647458112e-05, 1.4239712156095124e-05, 1.7618679660741217e-05]]</COVARIANCE_MATRIX>
		<ROI_SIZE>3181</ROI_SIZE>
		<MAX_VALUE>[0.13523754477500916, 0.16053149104118347, 0.19437624514102936, 0.14291642606258392, 0.06513231992721558, 0.045983102172613144]</MAX_VALUE>
		<MIN_VALUE>[0.1167992427945137, 0.13165831565856934, 0.1538131833076477, 0.10573054850101471, 0.021602870896458626, 0.008475782349705696]</MIN_VALUE>
		<SIGNATURE_THRESHOLD_MD>0</SIGNATURE_THRESHOLD_MD>
		<SIGNATURE_THRESHOLD_ML>0</SIGNATURE_THRESHOLD_ML>
		<SIGNATURE_THRESHOLD_SAM>0</SIGNATURE_THRESHOLD_SAM>
	</signature>
	<signature ID="20210125_124545342329_217">
		<MACROCLASSID>1</MACROCLASSID>
		<MACROCLASSINFO>waterbody</MACROCLASSINFO>
		<CLASSID>6</CLASSID>
		<CLASSINFO>C 1</CLASSINFO>
		<VALUES>[0.09143530107731088, 0.0037503889260226886, 0.07947263202963639, 0.005725475141330869, 0.05217563463566635, 0.006497053797353788, 0.03442274277473587, 0.005887590581811144, 0.012807602300052444, 0.005649287005389037, 0.008707188805080243, 0.004362670650333142]</VALUES>
		<LCS_MIN>[0.07838613539934158, 0.06428758054971695, 0.040236711502075195, 0.017836689949035645, 0.0, 0.0]</LCS_MIN>
		<LCS_MAX>[0.10297052562236786, 0.10599327832460403, 0.08350393921136856, 0.06516414880752563, 0.043367598205804825, 0.03660627454519272]</LCS_MAX>
		<WAVELENGTH>[0.485, 0.56, 0.66, 0.83, 1.65, 2.215]</WAVELENGTH>
		<MEAN_VALUE>[0.09143530107731088, 0.07947263202963639, 0.05217563463566635, 0.03442274277473587, 0.012807602300052444, 0.008707188805080243]</MEAN_VALUE>
		<CHECKBOX>2</CHECKBOX>
		<SD>[0.0037503889260226886, 0.005725475141330869, 0.006497053797353788, 0.005887590581811144, 0.005649287005389037, 0.004362670650333142]</SD>
		<WAVELENGTH_UNIT>E-6m</WAVELENGTH_UNIT>
		<COLOR>#6afe84</COLOR>
		<COVARIANCE_MATRIX>[[1.2734056107840888e-05, 1.4376907562852664e-05, 1.4063860667017072e-05, 7.599072936883366e-06, 5.70877401694518e-06, 4.652433620999365e-06], [1.4376907562852664e-05, 3.02512127587516e-05, 2.9613241408728022e-05, 1.2561228403866852e-05, 8.008714518402636e-06, 5.503169949354545e-06], [1.4063860667017072e-05, 2.9613241408728022e-05, 3.909533120801173e-05, 1.9830603367582918e-05, 1.2955293394444779e-05, 8.417338344901042e-06], [7.599072936883366e-06, 1.2561228403866852e-05, 1.9830603367582918e-05, 2.9258864039718297e-05, 1.9546274806061928e-05, 1.2927943233323975e-05], [5.70877401694518e-06, 8.008714518402636e-06, 1.2955293394444779e-05, 1.9546274806061928e-05, 2.944443009701511e-05, 1.6654079897817478e-05], [4.652433620999365e-06, 5.503169949354545e-06, 8.417338344901042e-06, 1.2927943233323975e-05, 1.6654079897817478e-05, 1.8500099596492978e-05]]</COVARIANCE_MATRIX>
		<ROI_SIZE>9802</ROI_SIZE>
		<MAX_VALUE>[0.10297052562236786, 0.10599327832460403, 0.08350393921136856, 0.06516414880752563, 0.043367598205804825, 0.03660627454519272]</MAX_VALUE>
		<MIN_VALUE>[0.07838613539934158, 0.06428758054971695, 0.040236711502075195, 0.017836689949035645, 0.0, 0.0]</MIN_VALUE>
		<SIGNATURE_THRESHOLD_MD>0</SIGNATURE_THRESHOLD_MD>
		<SIGNATURE_THRESHOLD_ML>0</SIGNATURE_THRESHOLD_ML>
		<SIGNATURE_THRESHOLD_SAM>0</SIGNATURE_THRESHOLD_SAM>
	</signature>
	<signature ID="20210125_124551089798_507">
		<MACROCLASSID>1</MACROCLASSID>
		<MACROCLASSINFO>waterbody</MACROCLASSINFO>
		<CLASSID>7</CLASSID>
		<CLASSINFO>C 1</CLASSINFO>
		<VALUES>[0.08164730157009084, 0.0027201525277154664, 0.06391674620825302, 0.005159647990648367, 0.03726723227338312, 0.005866289080973265, 0.02855413817365021, 0.00596323372439166, 0.007447843497420728, 0.005191068868340349, 0.004248060281441586, 0.003733172895278803]</VALUES>
		<LCS_MIN>[0.07531308382749557, 0.0514550544321537, 0.026715701445937157, 0.011075625196099281, 0.0, 0.0]</LCS_MIN>
		<LCS_MAX>[0.09221485257148743, 0.08674448728561401, 0.06457453221082687, 0.05502256006002426, 0.0324852354824543, 0.024103833362460136]</LCS_MAX>
		<WAVELENGTH>[0.485, 0.56, 0.66, 0.83, 1.65, 2.215]</WAVELENGTH>
		<MEAN_VALUE>[0.08164730157009084, 0.06391674620825302, 0.03726723227338312, 0.02855413817365021, 0.007447843497420728, 0.004248060281441586]</MEAN_VALUE>
		<CHECKBOX>2</CHECKBOX>
		<SD>[0.0027201525277154664, 0.005159647990648367, 0.005866289080973265, 0.00596323372439166, 0.005191068868340349, 0.003733172895278803]</SD>
		<WAVELENGTH_UNIT>E-6m</WAVELENGTH_UNIT>
		<COLOR>#9ac786</COLOR>
		<COVARIANCE_MATRIX>[[6.626121711668074e-06, 9.328044224236457e-06, 1.003104222502775e-05, 6.8924424177269104e-06, 5.329655210885879e-06, 3.055380568941335e-06], [9.328044224236457e-06, 2.6050985123199767e-05, 2.5715362799456683e-05, 1.770298750293414e-05, 1.3183070248166885e-05, 7.275964855309018e-06], [1.003104222502775e-05, 2.5715362799456683e-05, 3.557273931499712e-05, 2.4126057053600995e-05, 1.7380632431408126e-05, 9.601972084204803e-06], [6.8924424177269104e-06, 1.770298750293414e-05, 2.4126057053600995e-05, 3.875064350409743e-05, 2.1637326382495577e-05, 1.2172686423737354e-05], [5.329655210885879e-06, 1.3183070248166885e-05, 1.7380632431408126e-05, 2.1637326382495577e-05, 2.997847073021061e-05, 1.3759074163786743e-05], [3.055380568941335e-06, 7.275964855309018e-06, 9.601972084204803e-06, 1.2172686423737354e-05, 1.3759074163786743e-05, 1.402937596217296e-05]]</COVARIANCE_MATRIX>
		<ROI_SIZE>8051</ROI_SIZE>
		<MAX_VALUE>[0.09221485257148743, 0.08674448728561401, 0.06457453221082687, 0.05502256006002426, 0.0324852354824543, 0.024103833362460136]</MAX_VALUE>
		<MIN_VALUE>[0.07531308382749557, 0.0514550544321537, 0.026715701445937157, 0.011075625196099281, 0.0, 0.0]</MIN_VALUE>
		<SIGNATURE_THRESHOLD_MD>0</SIGNATURE_THRESHOLD_MD>
		<SIGNATURE_THRESHOLD_ML>0</SIGNATURE_THRESHOLD_ML>
		<SIGNATURE_THRESHOLD_SAM>0</SIGNATURE_THRESHOLD_SAM>
	</signature>
	<signature ID="20210125_124603059998_681">
		<MACROCLASSID>1</MACROCLASSID>
		<MACROCLASSINFO>waterbody</MACROCLASSINFO>
		<CLASSID>8</CLASSID>
		<CLASSINFO>C 1</CLASSINFO>
		<VALUES>[0.11375754898232579, 0.00223457157351296, 0.11150483303181798, 0.005384970313386302, 0.08468899915430435, 0.013376481424170337, 0.04150257733805346, 0.005807612724610902, 0.016714567988434025, 0.0024215818592178925, 0.0128565203741718, 0.0031297091185722133]</VALUES>
		<LCS_MIN>[0.10450705140829086, 0.09957700222730637, 0.06457453221082687, 0.03135882690548897, 0.006367561873048544, 0.002224561059847474]</LCS_MIN>
		<LCS_MAX>[0.12448186427354813, 0.1284501850605011, 0.12136276811361313, 0.06854468584060669, 0.025955814868211746, 0.024103833362460136]</LCS_MAX>
		<WAVELENGTH>[0.485, 0.56, 0.66, 0.83, 1.65, 2.215]</WAVELENGTH>
		<MEAN_VALUE>[0.11375754898232579, 0.11150483303181798, 0.08468899915430435, 0.04150257733805346, 0.016714567988434025, 0.0128565203741718]</MEAN_VALUE>
		<CHECKBOX>2</CHECKBOX>
		<SD>[0.00223457157351296, 0.005384970313386302, 0.013376481424170337, 0.005807612724610902, 0.0024215818592178925, 0.0031297091185722133]</SD>
		<WAVELENGTH_UNIT>E-6m</WAVELENGTH_UNIT>
		<COLOR>#267e40</COLOR>
		<COVARIANCE_MATRIX>[[5.275417481320932e-06, 6.27486645827914e-06, 1.2639658987679006e-05, 4.551128453861654e-06, 3.8378136151496117e-07, 3.4181003732388405e-07], [6.27486645827914e-06, 2.7851171441079115e-05, 5.9581766484050096e-05, 1.9760363801107485e-05, -2.3867153794527784e-06, -3.0592804960691226e-06], [1.2639658987679006e-05, 5.9581766484050096e-05, 0.00016280793886557006, 5.741373728142753e-05, -8.579378522603792e-06, -9.931344731378848e-06], [4.551128453861654e-06, 1.9760363801107485e-05, 5.741373728142753e-05, 2.770111844990361e-05, -2.1271201099514987e-06, -2.5643504882430107e-06], [3.8378136151496117e-07, -2.3867153794527784e-06, -8.579378522603792e-06, -2.1271201099514987e-06, 6.028547531967299e-06, 2.387679496468036e-06], [3.4181003732388405e-07, -3.0592804960691226e-06, -9.931344731378848e-06, -2.5643504882430107e-06, 2.387679496468036e-06, 9.866408931509269e-06]]</COVARIANCE_MATRIX>
		<ROI_SIZE>25273</ROI_SIZE>
		<MAX_VALUE>[0.12448186427354813, 0.1284501850605011, 0.12136276811361313, 0.06854468584060669, 0.025955814868211746, 0.024103833362460136]</MAX_VALUE>
		<MIN_VALUE>[0.10450705140829086, 0.09957700222730637, 0.06457453221082687, 0.03135882690548897, 0.006367561873048544, 0.002224561059847474]</MIN_VALUE>
		<SIGNATURE_THRESHOLD_MD>0</SIGNATURE_THRESHOLD_MD>
		<SIGNATURE_THRESHOLD_ML>0</SIGNATURE_THRESHOLD_ML>
		<SIGNATURE_THRESHOLD_SAM>0</SIGNATURE_THRESHOLD_SAM>
	</signature>
	<signature ID="20210125_124608147475_445">
		<MACROCLASSID>1</MACROCLASSID>
		<MACROCLASSINFO>waterbody</MACROCLASSINFO>
		<CLASSID>9</CLASSID>
		<CLASSINFO>C 1</CLASSINFO>
		<VALUES>[0.09864290228185078, 0.0031354317818917087, 0.09770597881010906, 0.004560929830085351, 0.06969443725615439, 0.005255252636322845, 0.03881715426478497, 0.006843622809643604, 0.013853637420123239, 0.006145685990960347, 0.009093870328683645, 0.004308813651786419]</VALUES>
		<LCS_MIN>[0.09067833423614502, 0.08353635668754578, 0.05646192654967308, 0.017836689949035645, 0.004191089421510696, 0.0]</LCS_MIN>
		<LCS_MAX>[0.10758011043071747, 0.10920140147209167, 0.09432075172662735, 0.06516414880752563, 0.04119112715125084, 0.030355054885149002]</LCS_MAX>
		<WAVELENGTH>[0.485, 0.56, 0.66, 0.83, 1.65, 2.215]</WAVELENGTH>
		<MEAN_VALUE>[0.09864290228185078, 0.09770597881010906, 0.06969443725615439, 0.03881715426478497, 0.013853637420123239, 0.009093870328683645]</MEAN_VALUE>
		<CHECKBOX>2</CHECKBOX>
		<SD>[0.0031354317818917087, 0.004560929830085351, 0.005255252636322845, 0.006843622809643604, 0.006145685990960347, 0.004308813651786419]</SD>
		<WAVELENGTH_UNIT>E-6m</WAVELENGTH_UNIT>
		<COLOR>#9d42f5</COLOR>
		<COVARIANCE_MATRIX>[[9.844936636188405e-06, 1.0871536428211978e-05, 1.1191242205345017e-05, 6.144275488581983e-06, 5.06536679572979e-06, 4.778443783171067e-06], [1.0871536428211978e-05, 2.0831713508858202e-05, 1.854045658584677e-05, 9.09275560444862e-06, 6.835341988732753e-06, 6.428653861906867e-06], [1.1191242205345017e-05, 1.854045658584677e-05, 2.765702169646663e-05, 2.0685496379020416e-05, 1.7287677224283185e-05, 1.2743101057001505e-05], [6.144275488581983e-06, 9.09275560444862e-06, 2.0685496379020416e-05, 4.6901889931558333e-05, 3.11626936662317e-05, 1.973295795966346e-05], [5.06536679572979e-06, 6.835341988732753e-06, 1.7287677224283185e-05, 3.11626936662317e-05, 3.782325894378749e-05, 2.021324377508137e-05], [4.778443783171067e-06, 6.428653861906867e-06, 1.2743101057001505e-05, 1.973295795966346e-05, 2.021324377508137e-05, 1.8592322201327858e-05]]</COVARIANCE_MATRIX>
		<ROI_SIZE>703</ROI_SIZE>
		<MAX_VALUE>[0.10758011043071747, 0.10920140147209167, 0.09432075172662735, 0.06516414880752563, 0.04119112715125084, 0.030355054885149002]</MAX_VALUE>
		<MIN_VALUE>[0.09067833423614502, 0.08353635668754578, 0.05646192654967308, 0.017836689949035645, 0.004191089421510696, 0.0]</MIN_VALUE>
		<SIGNATURE_THRESHOLD_MD>0</SIGNATURE_THRESHOLD_MD>
		<SIGNATURE_THRESHOLD_ML>0</SIGNATURE_THRESHOLD_ML>
		<SIGNATURE_THRESHOLD_SAM>0</SIGNATURE_THRESHOLD_SAM>
	</signature>
	<signature ID="20210125_124613990951_379">
		<MACROCLASSID>1</MACROCLASSID>
		<MACROCLASSINFO>waterbody</MACROCLASSINFO>
		<CLASSID>10</CLASSID>
		<CLASSINFO>C 1</CLASSINFO>
		<VALUES>[0.1182798926125873, 0.0032754028409672413, 0.14274094077673827, 0.007512978446336126, 0.11959274736317721, 0.0069990512086143975, 0.06098458645018665, 0.007235046475119253, 0.023304476826028393, 0.00631744396957836, 0.013135783543640915, 0.004209204426897663]</VALUES>
		<LCS_MIN>[0.11218967288732529, 0.12524203956127167, 0.09972915053367615, 0.044880952686071396, 0.015073453076183796, 0.005350170657038689]</LCS_MIN>
		<LCS_MAX>[0.12448186427354813, 0.1541152149438858, 0.12947538495063782, 0.08206681907176971, 0.04554406926035881, 0.024103833362460136]</LCS_MAX>
		<WAVELENGTH>[0.485, 0.56, 0.66, 0.83, 1.65, 2.215]</WAVELENGTH>
		<MEAN_VALUE>[0.1182798926125873, 0.14274094077673827, 0.11959274736317721, 0.06098458645018665, 0.023304476826028393, 0.013135783543640915]</MEAN_VALUE>
		<CHECKBOX>2</CHECKBOX>
		<SD>[0.0032754028409672413, 0.007512978446336126, 0.0069990512086143975, 0.007235046475119253, 0.00631744396957836, 0.004209204426897663]</SD>
		<WAVELENGTH_UNIT>E-6m</WAVELENGTH_UNIT>
		<COLOR>#2a781b</COLOR>
		<COVARIANCE_MATRIX>[[1.0926935321924058e-05, 1.797474281909197e-05, 1.490368764789269e-05, -6.201640641356662e-06, -4.4240300385384904e-06, -5.604620121219463e-06], [1.797474281909197e-05, 5.749012004502071e-05, 4.954049237910976e-05, -1.729019958770827e-05, -1.0156210374882881e-05, -6.921235515709518e-06], [1.490368764789269e-05, 4.954049237910976e-05, 4.9893879261932744e-05, -1.1597881143123278e-05, -5.4338019962873005e-06, -5.059990782692206e-06], [-6.201640641356662e-06, -1.729019958770827e-05, -1.1597881143123278e-05, 5.3315265969304686e-05, 2.1550192818418853e-05, 1.2988986005176293e-05], [-4.4240300385384904e-06, -1.0156210374882881e-05, -5.4338019962873005e-06, 2.1550192818418853e-05, 4.064917420336869e-05, 1.1576220478713105e-05], [-5.604620121219463e-06, -6.921235515709518e-06, -5.059990782692206e-06, 1.2988986005176293e-05, 1.1576220478713105e-05, 1.8045501942737382e-05]]</COVARIANCE_MATRIX>
		<ROI_SIZE>55</ROI_SIZE>
		<MAX_VALUE>[0.12448186427354813, 0.1541152149438858, 0.12947538495063782, 0.08206681907176971, 0.04554406926035881, 0.024103833362460136]</MAX_VALUE>
		<MIN_VALUE>[0.11218967288732529, 0.12524203956127167, 0.09972915053367615, 0.044880952686071396, 0.015073453076183796, 0.005350170657038689]</MIN_VALUE>
		<SIGNATURE_THRESHOLD_MD>0</SIGNATURE_THRESHOLD_MD>
		<SIGNATURE_THRESHOLD_ML>0</SIGNATURE_THRESHOLD_ML>
		<SIGNATURE_THRESHOLD_SAM>0</SIGNATURE_THRESHOLD_SAM>
	</signature>
	<signature ID="20210125_124619263013_692">
		<MACROCLASSID>1</MACROCLASSID>
		<MACROCLASSINFO>waterbody</MACROCLASSINFO>
		<CLASSID>11</CLASSID>
		<CLASSINFO>C 1</CLASSINFO>
		<VALUES>[0.10577299305290547, 0.0029017451461885745, 0.1148912940385207, 0.005262584123774433, 0.08299371473631766, 0.004758528123388856, 0.05734002679211536, 0.009487172040764692, 0.026831880774138096, 0.007303149536818206, 0.016358610793198433, 0.005150075876083274]</VALUES>
		<LCS_MIN>[0.09528791159391403, 0.09636887162923813, 0.06727874279022217, 0.04150041937828064, 0.015073453076183796, 0.008475782349705696]</LCS_MIN>
		<LCS_MAX>[0.11065314710140228, 0.12203391641378403, 0.08891233801841736, 0.08206681907176971, 0.05424995720386505, 0.03660627454519272]</LCS_MAX>
		<WAVELENGTH>[0.485, 0.56, 0.66, 0.83, 1.65, 2.215]</WAVELENGTH>
		<MEAN_VALUE>[0.10577299305290547, 0.1148912940385207, 0.08299371473631766, 0.05734002679211536, 0.026831880774138096, 0.016358610793198433]</MEAN_VALUE>
		<CHECKBOX>2</CHECKBOX>
		<SD>[0.0029017451461885745, 0.005262584123774433, 0.004758528123388856, 0.009487172040764692, 0.007303149536818206, 0.005150075876083274]</SD>
		<WAVELENGTH_UNIT>E-6m</WAVELENGTH_UNIT>
		<COLOR>#bde013</COLOR>
		<COVARIANCE_MATRIX>[[8.473416823134195e-06, 1.1158498247077276e-05, 1.0169856202900134e-05, -6.6343723427621655e-06, -4.502604014498551e-06, 9.002195922692549e-07], [1.1158498247077276e-05, 2.7870075151320418e-05, 1.9888020609057338e-05, -1.560341059468059e-05, -1.3191879626599512e-05, -3.3133221263780275e-06], [1.0169856202900134e-05, 1.9888020609057338e-05, 2.278690376121617e-05, -2.5116019026425235e-08, -2.0832343914161966e-06, 3.833498856696044e-06], [-6.6343723427621655e-06, -1.560341059468059e-05, -2.5116019026425235e-08, 9.057609430151699e-05, 4.4850196721097046e-05, 2.6221672533399666e-05], [-4.502604014498551e-06, -1.3191879626599512e-05, -2.0832343914161966e-06, 4.4850196721097046e-05, 5.367356273407183e-05, 2.4007495777556147e-05], [9.002195922692549e-07, -3.3133221263780275e-06, 3.833498856696044e-06, 2.6221672533399666e-05, 2.4007495777556147e-05, 2.6691150399854228e-05]]</COVARIANCE_MATRIX>
		<ROI_SIZE>159</ROI_SIZE>
		<MAX_VALUE>[0.11065314710140228, 0.12203391641378403, 0.08891233801841736, 0.08206681907176971, 0.05424995720386505, 0.03660627454519272]</MAX_VALUE>
		<MIN_VALUE>[0.09528791159391403, 0.09636887162923813, 0.06727874279022217, 0.04150041937828064, 0.015073453076183796, 0.008475782349705696]</MIN_VALUE>
		<SIGNATURE_THRESHOLD_MD>0</SIGNATURE_THRESHOLD_MD>
		<SIGNATURE_THRESHOLD_ML>0</SIGNATURE_THRESHOLD_ML>
		<SIGNATURE_THRESHOLD_SAM>0</SIGNATURE_THRESHOLD_SAM>
	</signature>
	<signature ID="20210125_124641114297_491">
		<MACROCLASSID>1</MACROCLASSID>
		<MACROCLASSINFO>waterbody</MACROCLASSINFO>
		<CLASSID>12</CLASSID>
		<CLASSINFO>C 1</CLASSINFO>
		<VALUES>[0.09949312712016858, 0.0037584846551837006, 0.09611560541548227, 0.007150212230897668, 0.08435790123123872, 0.007971547653731776, 0.12610270828008646, 0.019780062545534296, 0.06736607437855319, 0.014109456604224462, 0.03858034445070906, 0.009305853603775205]</VALUES>
		<LCS_MIN>[0.09067833423614502, 0.08032821863889694, 0.06727874279022217, 0.08882788568735123, 0.04119112715125084, 0.01785261183977127]</LCS_MIN>
		<LCS_MAX>[0.10758011043071747, 0.10920140147209167, 0.09972915053367615, 0.16658014059066772, 0.09342648088932037, 0.05848555266857147]</LCS_MAX>
		<WAVELENGTH>[0.485, 0.56, 0.66, 0.83, 1.65, 2.215]</WAVELENGTH>
		<MEAN_VALUE>[0.09949312712016858, 0.09611560541548227, 0.08435790123123872, 0.12610270828008646, 0.06736607437855319, 0.03858034445070906]</MEAN_VALUE>
		<CHECKBOX>2</CHECKBOX>
		<SD>[0.0037584846551837006, 0.007150212230897668, 0.007971547653731776, 0.019780062545534296, 0.014109456604224462, 0.009305853603775205]</SD>
		<WAVELENGTH_UNIT>E-6m</WAVELENGTH_UNIT>
		<COLOR>#ac47ba</COLOR>
		<COVARIANCE_MATRIX>[[1.4507996279014894e-05, 2.387555402687849e-05, 2.696955054352776e-05, -8.947724260802374e-06, 9.875633501666992e-06, 7.699161296488158e-06], [2.387555402687849e-05, 5.250730616165909e-05, 5.602625789358383e-05, -2.723640247278439e-05, 2.133952782859905e-05, 1.840014380065332e-05], [2.696955054352776e-05, 5.602625789358383e-05, 6.526301988749276e-05, -4.702157372552199e-05, 1.2198200659832921e-05, 1.5401655892813234e-05], [-8.947724260802374e-06, -2.723640247278439e-05, -4.702157372552199e-05, 0.0004018252222594449, 0.00021058230885278464, 0.00011519143397884783], [9.875633501666992e-06, 2.133952782859905e-05, 1.2198200659832921e-05, 0.00021058230885278464, 0.00020445721879261476, 0.00011957648040561147], [7.699161296488158e-06, 1.840014380065332e-05, 1.5401655892813234e-05, 0.00011519143397884783, 0.00011957648040561147, 8.89394224109742e-05]]</COVARIANCE_MATRIX>
		<ROI_SIZE>38</ROI_SIZE>
		<MAX_VALUE>[0.10758011043071747, 0.10920140147209167, 0.09972915053367615, 0.16658014059066772, 0.09342648088932037, 0.05848555266857147]</MAX_VALUE>
		<MIN_VALUE>[0.09067833423614502, 0.08032821863889694, 0.06727874279022217, 0.08882788568735123, 0.04119112715125084, 0.01785261183977127]</MIN_VALUE>
		<SIGNATURE_THRESHOLD_MD>0</SIGNATURE_THRESHOLD_MD>
		<SIGNATURE_THRESHOLD_ML>0</SIGNATURE_THRESHOLD_ML>
		<SIGNATURE_THRESHOLD_SAM>0</SIGNATURE_THRESHOLD_SAM>
	</signature>
	<signature ID="20210125_124650211398_527">
		<MACROCLASSID>1</MACROCLASSID>
		<MACROCLASSINFO>waterbody</MACROCLASSINFO>
		<CLASSID>13</CLASSID>
		<CLASSINFO>C 1</CLASSINFO>
		<VALUES>[0.11461837060989874, 0.003789394778104554, 0.11391010916521473, 0.0053965342053999355, 0.10683858839254226, 0.006957975347468047, 0.12432347802865888, 0.014261838009955466, 0.06425471591853324, 0.010204517374326871, 0.03781618922948839, 0.007369969859816512]</VALUES>
		<LCS_MIN>[0.10297052562236786, 0.09636887162923813, 0.08350393921136856, 0.10235001891851425, 0.04989701882004738, 0.027229443192481995]</LCS_MIN>
		<LCS_MAX>[0.12448186427354813, 0.1284501850605011, 0.12136276811361313, 0.15643854439258575, 0.09125000983476639, 0.055359940975904465]</LCS_MAX>
		<WAVELENGTH>[0.485, 0.56, 0.66, 0.83, 1.65, 2.215]</WAVELENGTH>
		<MEAN_VALUE>[0.11461837060989874, 0.11391010916521473, 0.10683858839254226, 0.12432347802865888, 0.06425471591853324, 0.03781618922948839]</MEAN_VALUE>
		<CHECKBOX>2</CHECKBOX>
		<SD>[0.003789394778104554, 0.0053965342053999355, 0.006957975347468047, 0.014261838009955466, 0.010204517374326871, 0.007369969859816512]</SD>
		<WAVELENGTH_UNIT>E-6m</WAVELENGTH_UNIT>
		<COLOR>#f18c52</COLOR>
		<COVARIANCE_MATRIX>[[1.4594914633249454e-05, 1.5528424867234938e-05, 1.78705408651962e-05, -5.279428427109608e-06, 5.126824994744566e-06, 6.933377564051012e-06], [1.5528424867234938e-05, 2.960000079775731e-05, 3.409845159181939e-05, -2.764634380990385e-05, 6.517132765671444e-07, 9.332719344355353e-06], [1.78705408651962e-05, 3.409845159181939e-05, 4.9207083574267744e-05, -5.1627818683180844e-05, -3.3069736143873906e-06, 9.824496159940362e-06], [-5.279428427109608e-06, -2.764634380990385e-05, -5.1627818683180844e-05, 0.0002067344500356892, 0.00010656513861081814, 5.2657923380746296e-05], [5.126824994744566e-06, 6.517132765671444e-07, -3.3069736143873906e-06, 0.00010656513861081814, 0.00010583925967642984, 6.319665926237682e-05], [6.933377564051012e-06, 9.332719344355353e-06, 9.824496159940362e-06, 5.2657923380746296e-05, 6.319665926237682e-05, 5.520688943517105e-05]]</COVARIANCE_MATRIX>
		<ROI_SIZE>62</ROI_SIZE>
		<MAX_VALUE>[0.12448186427354813, 0.1284501850605011, 0.12136276811361313, 0.15643854439258575, 0.09125000983476639, 0.055359940975904465]</MAX_VALUE>
		<MIN_VALUE>[0.10297052562236786, 0.09636887162923813, 0.08350393921136856, 0.10235001891851425, 0.04989701882004738, 0.027229443192481995]</MIN_VALUE>
		<SIGNATURE_THRESHOLD_MD>0</SIGNATURE_THRESHOLD_MD>
		<SIGNATURE_THRESHOLD_ML>0</SIGNATURE_THRESHOLD_ML>
		<SIGNATURE_THRESHOLD_SAM>0</SIGNATURE_THRESHOLD_SAM>
	</signature>
	<signature ID="20210125_124659765089_601">
		<MACROCLASSID>1</MACROCLASSID>
		<MACROCLASSINFO>waterbody</MACROCLASSINFO>
		<CLASSID>14</CLASSID>
		<CLASSINFO>C 1</CLASSINFO>
		<VALUES>[0.10854754321001191, 0.003903925194467232, 0.11181543270746866, 0.004942095061197179, 0.10523771246274312, 0.006923067705814434, 0.11186559194767916, 0.016356384507898107, 0.05030006804951915, 0.008826713899958672, 0.026534863575189204, 0.0044474831053917625]</VALUES>
		<LCS_MIN>[0.10143400728702545, 0.1027851477265358, 0.09161654859781265, 0.08882788568735123, 0.03683817759156227, 0.01785261183977127]</LCS_MIN>
		<LCS_MAX>[0.11987227946519852, 0.12203391641378403, 0.11865857243537903, 0.14291642606258392, 0.06730879843235016, 0.03660627454519272]</LCS_MAX>
		<WAVELENGTH>[0.485, 0.56, 0.66, 0.83, 1.65, 2.215]</WAVELENGTH>
		<MEAN_VALUE>[0.10854754321001191, 0.11181543270746866, 0.10523771246274312, 0.11186559194767916, 0.05030006804951915, 0.026534863575189204]</MEAN_VALUE>
		<CHECKBOX>2</CHECKBOX>
		<SD>[0.003903925194467232, 0.004942095061197179, 0.006923067705814434, 0.016356384507898107, 0.008826713899958672, 0.0044474831053917625]</SD>
		<WAVELENGTH_UNIT>E-6m</WAVELENGTH_UNIT>
		<COLOR>#a3a9b0</COLOR>
		<COVARIANCE_MATRIX>[[1.582681007491887e-05, 1.3868240130491206e-05, 1.875702598253765e-05, -2.0747481198124688e-05, -4.26361174492612e-06, 4.9462388919552e-06], [1.3868240130491206e-05, 2.536369988598297e-05, 3.2427819488779664e-05, -4.4601217332662075e-05, -1.5864574478536728e-05, 4.585164978150769e-06], [1.875702598253765e-05, 3.2427819488779664e-05, 4.977228440003264e-05, -7.412287830251888e-05, -3.2865585502052974e-05, 1.3725962683849335e-06], [-2.0747481198124688e-05, -4.4601217332662075e-05, -7.412287830251888e-05, 0.00027782098009983275, 0.00012590784574407696, 2.9621577473147524e-05], [-4.26361174492612e-06, -1.5864574478536728e-05, -3.2865585502052974e-05, 0.00012590784574407696, 8.090745051294378e-05, 2.41005446249146e-05], [4.9462388919552e-06, 4.585164978150769e-06, 1.3725962683849335e-06, 2.9621577473147524e-05, 2.41005446249146e-05, 2.0540879279389204e-05]]</COVARIANCE_MATRIX>
		<ROI_SIZE>27</ROI_SIZE>
		<MAX_VALUE>[0.11987227946519852, 0.12203391641378403, 0.11865857243537903, 0.14291642606258392, 0.06730879843235016, 0.03660627454519272]</MAX_VALUE>
		<MIN_VALUE>[0.10143400728702545, 0.1027851477265358, 0.09161654859781265, 0.08882788568735123, 0.03683817759156227, 0.01785261183977127]</MIN_VALUE>
		<SIGNATURE_THRESHOLD_MD>0</SIGNATURE_THRESHOLD_MD>
		<SIGNATURE_THRESHOLD_ML>0</SIGNATURE_THRESHOLD_ML>
		<SIGNATURE_THRESHOLD_SAM>0</SIGNATURE_THRESHOLD_SAM>
	</signature>
	<signature ID="20210125_124705561386_665">
		<MACROCLASSID>1</MACROCLASSID>
		<MACROCLASSINFO>waterbody</MACROCLASSINFO>
		<CLASSID>15</CLASSID>
		<CLASSINFO>C 1</CLASSINFO>
		<VALUES>[0.11403350117616351, 0.0028477544510142265, 0.11599862743169073, 0.003008893686219106, 0.10988681344315407, 0.0037731486657378065, 0.10260355584323406, 0.009369550382267253, 0.050930841290391944, 0.008415205625056928, 0.029964353085961203, 0.0053313196745543205]</VALUES>
		<LCS_MIN>[0.10758011043071747, 0.10920140147209167, 0.09702494740486145, 0.08882788568735123, 0.03683817759156227, 0.01785261183977127]</LCS_MIN>
		<LCS_MAX>[0.12294534593820572, 0.12524203956127167, 0.11865857243537903, 0.12601374089717865, 0.07166174054145813, 0.04910871386528015]</LCS_MAX>
		<WAVELENGTH>[0.485, 0.56, 0.66, 0.83, 1.65, 2.215]</WAVELENGTH>
		<MEAN_VALUE>[0.11403350117616351, 0.11599862743169073, 0.10988681344315407, 0.10260355584323406, 0.050930841290391944, 0.029964353085961203]</MEAN_VALUE>
		<CHECKBOX>2</CHECKBOX>
		<SD>[0.0028477544510142265, 0.003008893686219106, 0.0037731486657378065, 0.009369550382267253, 0.008415205625056928, 0.0053313196745543205]</SD>
		<WAVELENGTH_UNIT>E-6m</WAVELENGTH_UNIT>
		<COLOR>#02b4b7</COLOR>
		<COVARIANCE_MATRIX>[[8.16070984983272e-06, 5.152585197754575e-06, 4.489565418745248e-06, -1.777151508525878e-06, -1.8761129205442278e-06, 2.0841379779843816e-06], [5.152585197754575e-06, 9.110381096824375e-06, 7.291258057104185e-06, -5.008239025445198e-06, -5.1391072312632385e-06, -1.0248801305182098e-07], [4.489565418745248e-06, 7.291258057104185e-06, 1.4326189538373813e-05, -6.6736997593373154e-06, -8.457353692558691e-06, -2.491833981769716e-06], [-1.777151508525878e-06, -5.008239025445198e-06, -6.6736997593373154e-06, 8.834060313544093e-05, 4.661224781614211e-05, 2.0035962913448095e-05], [-1.8761129205442278e-06, -5.1391072312632385e-06, -8.457353692558691e-06, 4.661224781614211e-05, 7.126106738313437e-05, 3.420656302530424e-05], [2.0841379779843816e-06, -1.0248801305182098e-07, -2.491833981769716e-06, 2.0035962913448095e-05, 3.420656302530424e-05, 2.8601730286581163e-05]]</COVARIANCE_MATRIX>
		<ROI_SIZE>160</ROI_SIZE>
		<MAX_VALUE>[0.12294534593820572, 0.12524203956127167, 0.11865857243537903, 0.12601374089717865, 0.07166174054145813, 0.04910871386528015]</MAX_VALUE>
		<MIN_VALUE>[0.10758011043071747, 0.10920140147209167, 0.09702494740486145, 0.08882788568735123, 0.03683817759156227, 0.01785261183977127]</MIN_VALUE>
		<SIGNATURE_THRESHOLD_MD>0</SIGNATURE_THRESHOLD_MD>
		<SIGNATURE_THRESHOLD_ML>0</SIGNATURE_THRESHOLD_ML>
		<SIGNATURE_THRESHOLD_SAM>0</SIGNATURE_THRESHOLD_SAM>
	</signature>
	<signature ID="20210125_124711317294_779">
		<MACROCLASSID>1</MACROCLASSID>
		<MACROCLASSINFO>waterbody</MACROCLASSINFO>
		<CLASSID>16</CLASSID>
		<CLASSINFO>C 1</CLASSINFO>
		<VALUES>[0.11263355695539051, 0.00258376155667611, 0.11526120205720268, 0.0031882688016167116, 0.10886334677537284, 0.0036186010177889213, 0.10295099963744479, 0.013338501701466146, 0.0563780693958203, 0.013070832363111079, 0.03424470254944429, 0.00820780827957555]</VALUES>
		<LCS_MIN>[0.10911662876605988, 0.10920140147209167, 0.09972915053367615, 0.08544735610485077, 0.030308758839964867, 0.014727003872394562]</LCS_MIN>
