<?xml version="1.0" ?>
<signaturelist MCID_LIST="[['1', 'waterbody', '#000000'], ['2', 'vegetation', '#000000'], ['3', 'bareland', '#000000'], ['4', 'built-up', '#000000']]">
	<signature ID="20210610_103342583084_450">
		<MACROCLASSID>1</MACROCLASSID>
		<MACROCLASSINFO>waterbody</MACROCLASSINFO>
		<CLASSID>1</CLASSID>
		<CLASSINFO>C 1</CLASSINFO>
		<VALUES>[0.15883149737277094, 0.0021588610571136964, 0.1399893792966998, 0.0027115219950357944, 0.10736008173856794, 0.007060759533877873, 0.04391879326427239, 0.0018662695343554636, 0.014591104812649627, 0.0010565646887182156, 0.007671238038390749, 0.0006584864296783697]</VALUES>
		<LCS_MIN>[0.15292426943778992, 0.13305139541625977, 0.09427502751350403, 0.039079297333955765, 0.011754078790545464, 0.00584674347192049]</LCS_MIN>
		<LCS_MAX>[0.17294862866401672, 0.1541966050863266, 0.1309913992881775, 0.06076982989907265, 0.02671932987868786, 0.015419657342135906]</LCS_MAX>
		<WAVELENGTH>[0.48, 0.56, 0.655, 0.865, 1.61, 2.2]</WAVELENGTH>
		<MEAN_VALUE>[0.15883149737277094, 0.1399893792966998, 0.10736008173856794, 0.04391879326427239, 0.014591104812649627, 0.007671238038390749]</MEAN_VALUE>
		<CHECKBOX>2</CHECKBOX>
		<SD>[0.0021588610571136964, 0.0027115219950357944, 0.007060759533877873, 0.0018662695343554636, 0.0010565646887182156, 0.0006584864296783697]</SD>
		<WAVELENGTH_UNIT>E-6m</WAVELENGTH_UNIT>
		<COLOR>#28f018</COLOR>
		<COVARIANCE_MATRIX>[[4.532279857555209e-06, 4.348454587069311e-06, 3.4631039948342163e-06, 3.5468939073275158e-06, 1.9005201523302544e-06, 1.1416152859770522e-06], [4.348454587069311e-06, 7.243692583570925e-06, 1.3884617867335396e-05, 3.0774042885408245e-06, 1.2946019976354733e-06, 7.532913640763582e-07], [3.4631039948342163e-06, 1.3884617867335396e-05, 4.44516390179539e-05, 2.1936970568313495e-06, -2.0731433461263592e-07, -2.1036303429153414e-07], [3.5468939073275158e-06, 3.0774042885408245e-06, 2.1936970568313495e-06, 3.3180481440104265e-06, 1.7083448062362357e-06, 1.0226500705631413e-06], [1.9005201523302544e-06, 1.2946019976354733e-06, -2.0731433461263592e-07, 1.7083448062362357e-06, 1.0228909318271495e-06, 5.95251756848225e-07], [1.1416152859770522e-06, 7.532913640763582e-07, -2.1036303429153414e-07, 1.0226500705631413e-06, 5.95251756848225e-07, 3.9208760453407476e-07]]</COVARIANCE_MATRIX>
		<ROI_SIZE>10201</ROI_SIZE>
		<MAX_VALUE>[0.17294862866401672, 0.1541966050863266, 0.1309913992881775, 0.06076982989907265, 0.02671932987868786, 0.015419657342135906]</MAX_VALUE>
		<MIN_VALUE>[0.15292426943778992, 0.13305139541625977, 0.09427502751350403, 0.039079297333955765, 0.011754078790545464, 0.00584674347192049]</MIN_VALUE>
		<SIGNATURE_THRESHOLD_MD>0</SIGNATURE_THRESHOLD_MD>
		<SIGNATURE_THRESHOLD_ML>0</SIGNATURE_THRESHOLD_ML>
		<SIGNATURE_THRESHOLD_SAM>0</SIGNATURE_THRESHOLD_SAM>
	</signature>
	<signature ID="20210610_103423990430_800">
		<MACROCLASSID>1</MACROCLASSID>
		<MACROCLASSINFO>waterbody</MACROCLASSINFO>
		<CLASSID>2</CLASSID>
		<CLASSINFO>C 1</CLASSINFO>
		<VALUES>[0.14412897324109616, 0.0010143133312542367, 0.12877813725065299, 0.0018287258054460547, 0.10345266629563682, 0.008818966328461282, 0.03557142720468622, 0.0031863159931234818, 0.009516714413407512, 0.0004433932564115459, 0.004880617451838684, 0.00032220617918120434]</VALUES>
		<LCS_MIN>[0.14065518975257874, 0.12420552968978882, 0.08894328027963638, 0.031021079048514366, 0.00830056332051754, 0.004029104486107826]</LCS_MIN>
		<LCS_MAX>[0.14680486917495728, 0.13438431918621063, 0.13674725592136383, 0.07007008790969849, 0.0161467082798481, 0.010451437905430794]</LCS_MAX>
		<WAVELENGTH>[0.48, 0.56, 0.655, 0.865, 1.61, 2.2]</WAVELENGTH>
		<MEAN_VALUE>[0.14412897324109616, 0.12877813725065299, 0.10345266629563682, 0.03557142720468622, 0.009516714413407512, 0.004880617451838684]</MEAN_VALUE>
		<CHECKBOX>2</CHECKBOX>
		<SD>[0.0010143133312542367, 0.0018287258054460547, 0.008818966328461282, 0.0031863159931234818, 0.0004433932564115459, 0.00032220617918120434]</SD>
		<WAVELENGTH_UNIT>E-6m</WAVELENGTH_UNIT>
		<COLOR>#7bb6ce</COLOR>
		<COVARIANCE_MATRIX>[[9.258847230118398e-07, 1.2801681473062045e-06, 3.316907942178319e-06, 9.815279755975847e-07, 1.112422849773648e-07, 6.020273629285841e-08], [1.2801681473062045e-06, 3.213423034638465e-06, 1.2386727146114022e-05, 3.245308307330575e-06, 1.6873228632103407e-07, 8.99795667512007e-08], [3.316907942178319e-06, 1.2386727146114022e-05, 7.057157475857495e-05, 2.0363349740521067e-05, 6.708417894618342e-07, 3.336979923528078e-07], [9.815279755975847e-07, 3.245308307330575e-06, 2.0363349740521067e-05, 7.687942791683557e-06, 3.4908544756487813e-07, 1.9897342103494104e-07], [1.112422849773648e-07, 1.6873228632103407e-07, 6.708417894618342e-07, 3.4908544756487813e-07, 1.570683055294491e-07, 7.924860788390772e-08], [6.020273629285841e-08, 8.99795667512007e-08, 3.336979923528078e-07, 1.9897342103494104e-07, 7.924860788390772e-08, 8.637965897358168e-08]]</COVARIANCE_MATRIX>
		<ROI_SIZE>10201</ROI_SIZE>
		<MAX_VALUE>[0.14680486917495728, 0.13438431918621063, 0.13674725592136383, 0.07007008790969849, 0.0161467082798481, 0.010451437905430794]</MAX_VALUE>
		<MIN_VALUE>[0.14065518975257874, 0.12420552968978882, 0.08894328027963638, 0.031021079048514366, 0.00830056332051754, 0.004029104486107826]</MIN_VALUE>
		<SIGNATURE_THRESHOLD_MD>0</SIGNATURE_THRESHOLD_MD>
		<SIGNATURE_THRESHOLD_ML>0</SIGNATURE_THRESHOLD_ML>
		<SIGNATURE_THRESHOLD_SAM>0</SIGNATURE_THRESHOLD_SAM>
	</signature>
	<signature ID="20210610_103430220270_678">
		<MACROCLASSID>1</MACROCLASSID>
		<MACROCLASSINFO>waterbody</MACROCLASSINFO>
		<CLASSID>3</CLASSID>
		<CLASSINFO>C 1</CLASSINFO>
		<VALUES>[0.12712936196722327, 0.0014463691920889503, 0.10099903386593095, 0.0029773575953705835, 0.0642945166022728, 0.003128352961653622, 0.029194202423255582, 0.0017950818357887477, 0.009064792842411112, 0.001406698718611086, 0.004994467485708692, 0.0010086196377967155]</VALUES>
		<LCS_MIN>[0.1238722950220108, 0.09379032254219055, 0.05816454812884331, 0.026264922693371773, 0.007452329620718956, 0.0038473305758088827]</LCS_MIN>
		<LCS_MAX>[0.1365049034357071, 0.11381467431783676, 0.08758004754781723, 0.06495039165019989, 0.053590141236782074, 0.0456228032708168]</LCS_MAX>
		<WAVELENGTH>[0.48, 0.56, 0.655, 0.865, 1.61, 2.2]</WAVELENGTH>
		<MEAN_VALUE>[0.12712936196722327, 0.10099903386593095, 0.0642945166022728, 0.029194202423255582, 0.009064792842411112, 0.004994467485708692]</MEAN_VALUE>
		<CHECKBOX>2</CHECKBOX>
		<SD>[0.0014463691920889503, 0.0029773575953705835, 0.003128352961653622, 0.0017950818357887477, 0.001406698718611086, 0.0010086196377967155]</SD>
		<WAVELENGTH_UNIT>E-6m</WAVELENGTH_UNIT>
		<COLOR>#593ec9</COLOR>
		<COVARIANCE_MATRIX>[[2.050367203078117e-06, 3.821836956488356e-06, 4.1952733472850785e-06, 8.455237558610682e-07, 2.4062756565950484e-07, 1.6241918671923432e-07], [3.821836956488356e-06, 8.290137461147227e-06, 8.551063731717879e-06, 3.250094073053449e-07, -4.3846132151843546e-07, -2.7848130656081386e-07], [4.1952733472850785e-06, 8.551063731717879e-06, 9.90991655436161e-06, 1.6993612765067363e-06, 2.600966121989536e-07, 2.0516742952203109e-07], [8.455237558610682e-07, 3.250094073053449e-07, 1.6993612765067363e-06, 3.6541981915930247e-06, 2.4412867202935845e-06, 1.6354994220050245e-06], [2.4062756565950484e-07, -4.3846132151843546e-07, 2.600966121989536e-07, 2.4412867202935845e-06, 2.1972186998152837e-06, 1.4728434528836673e-06], [1.6241918671923432e-07, -2.7848130656081386e-07, 2.0516742952203109e-07, 1.6354994220050245e-06, 1.4728434528836673e-06, 1.0831273718974167e-06]]</COVARIANCE_MATRIX>
		<ROI_SIZE>10191</ROI_SIZE>
		<MAX_VALUE>[0.1365049034357071, 0.11381467431783676, 0.08758004754781723, 0.06495039165019989, 0.053590141236782074, 0.0456228032708168]</MAX_VALUE>
		<MIN_VALUE>[0.1238722950220108, 0.09379032254219055, 0.05816454812884331, 0.026264922693371773, 0.007452329620718956, 0.0038473305758088827]</MIN_VALUE>
		<SIGNATURE_THRESHOLD_MD>0</SIGNATURE_THRESHOLD_MD>
		<SIGNATURE_THRESHOLD_ML>0</SIGNATURE_THRESHOLD_ML>
		<SIGNATURE_THRESHOLD_SAM>0</SIGNATURE_THRESHOLD_SAM>
	</signature>
	<signature ID="20210610_103437560342_339">
		<MACROCLASSID>1</MACROCLASSID>
		<MACROCLASSINFO>waterbody</MACROCLASSINFO>
		<CLASSID>4</CLASSID>
		<CLASSINFO>C 1</CLASSINFO>
		<VALUES>[0.16102894168137022, 0.0029453480786904972, 0.13933676045017776, 0.003355513617262255, 0.1156094540894404, 0.00405333869981943, 0.07530580644454919, 0.010023787235935649, 0.030436926640590185, 0.009402248821200282, 0.017129384678260688, 0.006941409343170932]</VALUES>
		<LCS_MIN>[0.15210632979869843, 0.120327889919281, 0.10233324021100998, 0.06264805793762207, 0.020721113309264183, 0.010633200407028198]</LCS_MIN>
		<LCS_MAX>[0.17918920516967773, 0.1596495360136032, 0.1400493085384369, 0.11629879474639893, 0.07282683998346329, 0.053893089294433594]</LCS_MAX>
		<WAVELENGTH>[0.48, 0.56, 0.655, 0.865, 1.61, 2.2]</WAVELENGTH>
		<MEAN_VALUE>[0.16102894168137022, 0.13933676045017776, 0.1156094540894404, 0.07530580644454919, 0.030436926640590185, 0.017129384678260688]</MEAN_VALUE>
		<CHECKBOX>2</CHECKBOX>
		<SD>[0.0029453480786904972, 0.003355513617262255, 0.00405333869981943, 0.010023787235935649, 0.009402248821200282, 0.006941409343170932]</SD>
		<WAVELENGTH_UNIT>E-6m</WAVELENGTH_UNIT>
		<COLOR>#379742</COLOR>
		<COVARIANCE_MATRIX>[[8.682848669614121e-06, 9.235545448816373e-06, 1.0023967514310576e-05, 1.1960932430926852e-05, 8.623499803038056e-06, 5.5549264052310426e-06], [9.235545448816373e-06, 1.1269560767922325e-05, 1.173378850882329e-05, 8.609200025751503e-06, 5.600467786501446e-06, 3.36446031092529e-06], [1.0023967514310576e-05, 1.173378850882329e-05, 1.6444276438586076e-05, 2.514185280927815e-05, 2.085921156907953e-05, 1.4547068402755838e-05], [1.1960932430926852e-05, 8.609200025751503e-06, 2.514185280927815e-05, 0.00010056634308764274, 9.048132808882095e-05, 6.430840437995087e-05], [8.623499803038056e-06, 5.600467786501446e-06, 2.085921156907953e-05, 9.048132808882095e-05, 8.848149641090169e-05, 6.446820060458216e-05], [5.5549264052310426e-06, 3.36446031092529e-06, 1.4547068402755838e-05, 6.430840437995087e-05, 6.446820060458216e-05, 4.822633854730071e-05]]</COVARIANCE_MATRIX>
		<ROI_SIZE>1117</ROI_SIZE>
		<MAX_VALUE>[0.17918920516967773, 0.1596495360136032, 0.1400493085384369, 0.11629879474639893, 0.07282683998346329, 0.053893089294433594]</MAX_VALUE>
		<MIN_VALUE>[0.15210632979869843, 0.120327889919281, 0.10233324021100998, 0.06264805793762207, 0.020721113309264183, 0.010633200407028198]</MIN_VALUE>
		<SIGNATURE_THRESHOLD_MD>0</SIGNATURE_THRESHOLD_MD>
		<SIGNATURE_THRESHOLD_ML>0</SIGNATURE_THRESHOLD_ML>
		<SIGNATURE_THRESHOLD_SAM>0</SIGNATURE_THRESHOLD_SAM>
	</signature>
	<signature ID="20210610_103442517528_724">
		<MACROCLASSID>1</MACROCLASSID>
		<MACROCLASSINFO>waterbody</MACROCLASSINFO>
		<CLASSID>5</CLASSID>
		<CLASSINFO>C 1</CLASSINFO>
		<VALUES>[0.15181694560908632, 0.0018039984283445664, 0.12288814309504983, 0.004449582085983401, 0.07914292988284367, 0.006211766486501386, 0.03833567780433326, 0.0009786902405196668, 0.012866724642891146, 0.0004227104688524008, 0.006785662594733884, 0.0002981825444602549]</VALUES>
		<LCS_MIN>[0.14774399995803833, 0.11596556007862091, 0.07103950530290604, 0.03608018904924393, 0.011784368194639683, 0.005907334852963686]</LCS_MIN>
		<LCS_MAX>[0.15707455575466156, 0.1368381381034851, 0.10236352682113647, 0.04728898033499718, 0.021145230159163475, 0.01187525037676096]</LCS_MAX>
		<WAVELENGTH>[0.48, 0.56, 0.655, 0.865, 1.61, 2.2]</WAVELENGTH>
		<MEAN_VALUE>[0.15181694560908632, 0.12288814309504983, 0.07914292988284367, 0.03833567780433326, 0.012866724642891146, 0.006785662594733884]</MEAN_VALUE>
		<CHECKBOX>2</CHECKBOX>
		<SD>[0.0018039984283445664, 0.004449582085983401, 0.006211766486501386, 0.0009786902405196668, 0.0004227104688524008, 0.0002981825444602549]</SD>
		<WAVELENGTH_UNIT>E-6m</WAVELENGTH_UNIT>
		<COLOR>#37d815</COLOR>
		<COVARIANCE_MATRIX>[[2.6700563823552266e-06, 6.261269042363224e-06, 8.229865503480688e-06, 1.2769244433344667e-06, 2.814951747152309e-07, 1.467455784899627e-07], [6.261269042363224e-06, 1.662370950110726e-05, 2.2520669513687615e-05, 2.9766667230400065e-06, 4.6441167051620166e-07, 2.2189305655876967e-07], [8.229865503480688e-06, 2.2520669513687615e-05, 3.142152194518333e-05, 3.999732623469203e-06, 5.55595240129086e-07, 2.685781085224339e-07], [1.2769244433344667e-06, 2.9766667230400065e-06, 3.999732623469203e-06, 8.162104227120218e-07, 2.477416134948206e-07, 1.4920876057547085e-07], [2.814951747152309e-07, 4.6441167051620166e-07, 5.55595240129086e-07, 2.477416134948206e-07, 2.048904869420583e-07, 1.1304511003879332e-07], [1.467455784899627e-07, 2.2189305655876967e-07, 2.685781085224339e-07, 1.4920876057547085e-07, 1.1304511003879332e-07, 1.037012534430744e-07]]</COVARIANCE_MATRIX>
		<ROI_SIZE>10201</ROI_SIZE>
		<MAX_VALUE>[0.15707455575466156, 0.1368381381034851, 0.10236352682113647, 0.04728898033499718, 0.021145230159163475, 0.01187525037676096]</MAX_VALUE>
		<MIN_VALUE>[0.14774399995803833, 0.11596556007862091, 0.07103950530290604, 0.03608018904924393, 0.011784368194639683, 0.005907334852963686]</MIN_VALUE>
		<SIGNATURE_THRESHOLD_MD>0</SIGNATURE_THRESHOLD_MD>
		<SIGNATURE_THRESHOLD_ML>0</SIGNATURE_THRESHOLD_ML>
		<SIGNATURE_THRESHOLD_SAM>0</SIGNATURE_THRESHOLD_SAM>
	</signature>
	<signature ID="20210610_103448391287_746">
		<MACROCLASSID>1</MACROCLASSID>
		<MACROCLASSINFO>waterbody</MACROCLASSINFO>
		<CLASSID>6</CLASSID>
		<CLASSINFO>C 1</CLASSINFO>
		<VALUES>[0.15105930830326136, 0.0014987389553043882, 0.12812744550960561, 0.0021475974959664487, 0.10399947752853868, 0.004770591340094127, 0.056720561461477775, 0.010334346421472122, 0.018318982809143885, 0.006750467195968312, 0.009839024986930164, 0.004543928553109731]</VALUES>
		<LCS_MIN>[0.1463201642036438, 0.121115542948246, 0.09669854491949081, 0.04768279567360878, 0.013844361528754234, 0.0069070300087332726]</LCS_MIN>
		<LCS_MAX>[0.15646867454051971, 0.1337481588125229, 0.12002494186162949, 0.09863735735416412, 0.06485952436923981, 0.04283576086163521]</LCS_MAX>
		<WAVELENGTH>[0.48, 0.56, 0.655, 0.865, 1.61, 2.2]</WAVELENGTH>
		<MEAN_VALUE>[0.15105930830326136, 0.12812744550960561, 0.10399947752853868, 0.056720561461477775, 0.018318982809143885, 0.009839024986930164]</MEAN_VALUE>
		<CHECKBOX>2</CHECKBOX>
		<SD>[0.0014987389553043882, 0.0021475974959664487, 0.004770591340094127, 0.010334346421472122, 0.006750467195968312, 0.004543928553109731]</SD>
		<WAVELENGTH_UNIT>E-6m</WAVELENGTH_UNIT>
		<COLOR>#e4ff39</COLOR>
		<COVARIANCE_MATRIX>[[2.2474932679831858e-06, 3.0024465461214915e-06, -1.5598246989112066e-06, -4.095438675517545e-06, 5.646656693550118e-07, 6.402200469323937e-07], [3.0024465461214915e-06, 4.614792584139299e-06, -2.4415138262251484e-06, -6.914588524348974e-06, -7.608871774738159e-08, 3.0026496111447117e-07], [-1.5598246989112066e-06, -2.4415138262251484e-06, 2.2771458046175563e-05, 3.8201801298672e-05, 1.3709437818947067e-05, 8.592540223242805e-06], [-4.095438675517545e-06, -6.914588524348974e-06, 3.8201801298672e-05, 0.0001068593281700941, 5.095413222625506e-05, 3.1658464785846916e-05], [5.646656693550118e-07, -7.608871774738159e-08, 1.3709437818947067e-05, 5.095413222625506e-05, 4.559466934305194e-05, 3.0179547351155746e-05], [6.402200469323937e-07, 3.0026496111447117e-07, 8.592540223242805e-06, 3.1658464785846916e-05, 3.0179547351155746e-05, 2.0659004792642086e-05]]</COVARIANCE_MATRIX>
		<ROI_SIZE>1763</ROI_SIZE>
		<MAX_VALUE>[0.15646867454051971, 0.1337481588125229, 0.12002494186162949, 0.09863735735416412, 0.06485952436923981, 0.04283576086163521]</MAX_VALUE>
		<MIN_VALUE>[0.1463201642036438, 0.121115542948246, 0.09669854491949081, 0.04768279567360878, 0.013844361528754234, 0.0069070300087332726]</MIN_VALUE>
		<SIGNATURE_THRESHOLD_MD>0</SIGNATURE_THRESHOLD_MD>
		<SIGNATURE_THRESHOLD_ML>0</SIGNATURE_THRESHOLD_ML>
		<SIGNATURE_THRESHOLD_SAM>0</SIGNATURE_THRESHOLD_SAM>
	</signature>
	<signature ID="20210610_103454723206_410">
		<MACROCLASSID>1</MACROCLASSID>
		<MACROCLASSINFO>waterbody</MACROCLASSINFO>
		<CLASSID>7</CLASSID>
		<CLASSINFO>C 1</CLASSINFO>
		<VALUES>[0.1548257069134407, 0.0014092861239271177, 0.13560444794908535, 0.0020312329661635463, 0.11166460181448534, 0.003366494203497392, 0.06784156966661624, 0.007652735792203309, 0.022711297349027083, 0.006347933419484128, 0.011998784660244226, 0.004101644251009673]</VALUES>
		<LCS_MIN>[0.14877399802207947, 0.1262049376964569, 0.1010608971118927, 0.055831898003816605, 0.01711612567305565, 0.008239972405135632]</LCS_MIN>
		<LCS_MAX>[0.15992219746112823, 0.14301812648773193, 0.13305139541625977, 0.10796792805194855, 0.06658628582954407, 0.0456530936062336]</LCS_MAX>
		<WAVELENGTH>[0.48, 0.56, 0.655, 0.865, 1.61, 2.2]</WAVELENGTH>
		<MEAN_VALUE>[0.1548257069134407, 0.13560444794908535, 0.11166460181448534, 0.06784156966661624, 0.022711297349027083, 0.011998784660244226]</MEAN_VALUE>
		<CHECKBOX>2</CHECKBOX>
		<SD>[0.0014092861239271177, 0.0020312329661635463, 0.003366494203497392, 0.007652735792203309, 0.006347933419484128, 0.004101644251009673]</SD>
		<WAVELENGTH_UNIT>E-6m</WAVELENGTH_UNIT>
		<COLOR>#c05e44</COLOR>
		<COVARIANCE_MATRIX>[[2.541139582841502e-06, 4.077457507439774e-06, 4.978227561155257e-06, 7.535636363219321e-07, -1.6057654423627814e-06, -9.53543372283256e-07], [4.077457507439774e-06, 7.542909290850601e-06, 1.1287862930496388e-05, 3.0843959427539177e-06, -3.8199716806200735e-06, -2.3988837945923317e-06], [4.978227561155257e-06, 1.1287862930496388e-05, 2.8819508276788906e-05, 2.4261821917162684e-05, 2.8974736063506792e-06, 2.1882324557448822e-06], [7.535636363219321e-07, 3.0843959427539177e-06, 2.4261821917162684e-05, 8.929919844972616e-05, 5.858038761318518e-05, 3.7300721073996186e-05], [-1.6057654423627814e-06, -3.8199716806200735e-06, 2.8974736063506792e-06, 5.858038761318518e-05, 5.6726489509701496e-05, 3.598502735861562e-05], [-9.53543372283256e-07, -2.3988837945923317e-06, 2.1882324557448822e-06, 3.7300721073996186e-05, 3.598502735861562e-05, 2.3933659127989882e-05]]</COVARIANCE_MATRIX>
		<ROI_SIZE>2039</ROI_SIZE>
		<MAX_VALUE>[0.15992219746112823, 0.14301812648773193, 0.13305139541625977, 0.10796792805194855, 0.06658628582954407, 0.0456530936062336]</MAX_VALUE>
		<MIN_VALUE>[0.14877399802207947, 0.1262049376964569, 0.1010608971118927, 0.055831898003816605, 0.01711612567305565, 0.008239972405135632]</MIN_VALUE>
		<SIGNATURE_THRESHOLD_MD>0</SIGNATURE_THRESHOLD_MD>
		<SIGNATURE_THRESHOLD_ML>0</SIGNATURE_THRESHOLD_ML>
		<SIGNATURE_THRESHOLD_SAM>0</SIGNATURE_THRESHOLD_SAM>
	</signature>
	<signature ID="20210610_103500082236_432">
		<MACROCLASSID>1</MACROCLASSID>
		<MACROCLASSINFO>waterbody</MACROCLASSINFO>
		<CLASSID>8</CLASSID>
		<CLASSINFO>C 1</CLASSINFO>
		<VALUES>[0.1642318633799113, 0.0017601668401886657, 0.1444149466532327, 0.001846951408771686, 0.13912998496837073, 0.0027556816233223766, 0.09065964336620273, 0.011494620967564284, 0.029256992211088725, 0.008685734397251791, 0.01593828406489155, 0.005457402111598431]</VALUES>
		<LCS_MIN>[0.1597101390361786, 0.1376257687807083, 0.12723493576049805, 0.0794309452176094, 0.021902581676840782, 0.01169348694384098]</LCS_MIN>
		<LCS_MAX>[0.1706765741109848, 0.1490466296672821, 0.14362400770187378, 0.13202139735221863, 0.07322067767381668, 0.04762221500277519]</LCS_MAX>
		<WAVELENGTH>[0.48, 0.56, 0.655, 0.865, 1.61, 2.2]</WAVELENGTH>
		<MEAN_VALUE>[0.1642318633799113, 0.1444149466532327, 0.13912998496837073, 0.09065964336620273, 0.029256992211088725, 0.01593828406489155]</MEAN_VALUE>
		<CHECKBOX>2</CHECKBOX>
		<SD>[0.0017601668401886657, 0.001846951408771686, 0.0027556816233223766, 0.011494620967564284, 0.008685734397251791, 0.005457402111598431]</SD>
		<WAVELENGTH_UNIT>E-6m</WAVELENGTH_UNIT>
		<COLOR>#4fd8cc</COLOR>
		<COVARIANCE_MATRIX>[[2.4524893651595265e-06, 2.4267174702852977e-06, 2.9815874931049226e-06, -2.566589476639166e-06, -1.2582557343507045e-06, -4.224584549262795e-07], [2.4267174702852977e-06, 3.088140978898551e-06, 4.224311458731451e-06, -8.776739440234278e-06, -5.869170127456736e-06, -3.189275019305092e-06], [2.9815874931049226e-06, 4.224311458731451e-06, 7.466888372865954e-06, -2.273068170701548e-05, -1.4408164323992962e-05, -7.74247967342774e-06], [-2.566589476639166e-06, -8.776739440234278e-06, -2.273068170701548e-05, 0.000133251525235251, 9.00968793055953e-05, 5.202405995512014e-05], [-1.2582557343507045e-06, -5.869170127456736e-06, -1.4408164323992962e-05, 9.00968793055953e-05, 7.005679194031094e-05, 4.260648369135411e-05], [-4.224584549262795e-07, -3.189275019305092e-06, -7.74247967342774e-06, 5.202405995512014e-05, 4.260648369135411e-05, 2.6984569138219942e-05]]</COVARIANCE_MATRIX>
		<ROI_SIZE>974</ROI_SIZE>
		<MAX_VALUE>[0.1706765741109848, 0.1490466296672821, 0.14362400770187378, 0.13202139735221863, 0.07322067767381668, 0.04762221500277519]</MAX_VALUE>
		<MIN_VALUE>[0.1597101390361786, 0.1376257687807083, 0.12723493576049805, 0.0794309452176094, 0.021902581676840782, 0.01169348694384098]</MIN_VALUE>
		<SIGNATURE_THRESHOLD_MD>0</SIGNATURE_THRESHOLD_MD>
		<SIGNATURE_THRESHOLD_ML>0</SIGNATURE_THRESHOLD_ML>
		<SIGNATURE_THRESHOLD_SAM>0</SIGNATURE_THRESHOLD_SAM>
	</signature>
	<signature ID="20210610_103507104561_506">
		<MACROCLASSID>1</MACROCLASSID>
		<MACROCLASSINFO>waterbody</MACROCLASSINFO>
		<CLASSID>9</CLASSID>
		<CLASSINFO>C 1</CLASSINFO>
		<VALUES>[0.16423400965295704, 0.00222201631012761, 0.15046077125850923, 0.0028384004308576087, 0.13263381813336006, 0.0025818435389238096, 0.07710030669848658, 0.008693840294268947, 0.026894478029884015, 0.007763299591255476, 0.014710348797697198, 0.005997419732636587]</VALUES>
		<LCS_MIN>[0.15886190533638, 0.13792872428894043, 0.12117612361907959, 0.06928245723247528, 0.021417874842882156, 0.01057260949164629]</LCS_MIN>
		<LCS_MAX>[0.17355450987815857, 0.15910425782203674, 0.14377546310424805, 0.11781349778175354, 0.06834332644939423, 0.05289338156580925]</LCS_MAX>
		<WAVELENGTH>[0.48, 0.56, 0.655, 0.865, 1.61, 2.2]</WAVELENGTH>
		<MEAN_VALUE>[0.16423400965295704, 0.15046077125850923, 0.13263381813336006, 0.07710030669848658, 0.026894478029884015, 0.014710348797697198]</MEAN_VALUE>
		<CHECKBOX>2</CHECKBOX>
		<SD>[0.00222201631012761, 0.0028384004308576087, 0.0025818435389238096, 0.008693840294268947, 0.007763299591255476, 0.005997419732636587]</SD>
		<WAVELENGTH_UNIT>E-6m</WAVELENGTH_UNIT>
		<COLOR>#3f93c1</COLOR>
		<COVARIANCE_MATRIX>[[3.844786160456652e-06, 4.450034624975017e-06, 4.300884858122839e-06, -7.284278105599798e-07, -1.983243963061492e-06, -1.442463230895236e-06], [4.450034624975017e-06, 6.314725191906054e-06, 5.704619843542595e-06, -7.784558753427472e-06, -7.900580526260918e-06, -5.790516009490814e-06], [4.300884858122839e-06, 5.704619843542595e-06, 6.06366829174587e-06, -5.137037353476787e-06, -4.596595357701145e-06, -2.9945999295769465e-06], [-7.284278105599798e-07, -7.784558753427472e-06, -5.137037353476787e-06, 6.432050365666854e-05, 5.125563267286035e-05, 3.6362870991766824e-05], [-1.983243963061492e-06, -7.900580526260918e-06, -4.596595357701145e-06, 5.125563267286035e-05, 5.4817167677870877e-05, 4.174919929142392e-05], [-1.442463230895236e-06, -5.790516009490814e-06, -2.9945999295769465e-06, 3.6362870991766824e-05, 4.174919929142392e-05, 3.311780934437191e-05]]</COVARIANCE_MATRIX>
		<ROI_SIZE>1746</ROI_SIZE>
		<MAX_VALUE>[0.17355450987815857, 0.15910425782203674, 0.14377546310424805, 0.11781349778175354, 0.06834332644939423, 0.05289338156580925]</MAX_VALUE>
		<MIN_VALUE>[0.15886190533638, 0.13792872428894043, 0.12117612361907959, 0.06928245723247528, 0.021417874842882156, 0.01057260949164629]</MIN_VALUE>
		<SIGNATURE_THRESHOLD_MD>0</SIGNATURE_THRESHOLD_MD>
		<SIGNATURE_THRESHOLD_ML>0</SIGNATURE_THRESHOLD_ML>
		<SIGNATURE_THRESHOLD_SAM>0</SIGNATURE_THRESHOLD_SAM>
	</signature>
	<signature ID="20210610_103514701099_553">
		<MACROCLASSID>1</MACROCLASSID>
		<MACROCLASSINFO>waterbody</MACROCLASSINFO>
		<CLASSID>10</CLASSID>
		<CLASSINFO>C 1</CLASSINFO>
		<VALUES>[0.15982150770305228, 0.0032013174216041253, 0.14452436014395958, 0.004366815202773697, 0.12580516692181196, 0.005328202280494705, 0.05896527560964958, 0.007280422350646595, 0.017927298855999255, 0.005417088809401702, 0.009562197708863102, 0.0038383810285804224]</VALUES>
		<LCS_MIN>[0.14374516904354095, 0.11578379571437836, 0.09421442449092865, 0.0503486804664135, 0.014389661140739918, 0.007179674226790667]</LCS_MIN>
		<LCS_MAX>[0.167132169008255, 0.1537422090768814, 0.13614138960838318, 0.10518088191747665, 0.06561686843633652, 0.053468961268663406]</LCS_MAX>
		<WAVELENGTH>[0.48, 0.56, 0.655, 0.865, 1.61, 2.2]</WAVELENGTH>
		<MEAN_VALUE>[0.15982150770305228, 0.14452436014395958, 0.12580516692181196, 0.05896527560964958, 0.017927298855999255, 0.009562197708863102]</MEAN_VALUE>
		<CHECKBOX>2</CHECKBOX>
		<SD>[0.0032013174216041253, 0.004366815202773697, 0.005328202280494705, 0.007280422350646595, 0.005417088809401702, 0.0038383810285804224]</SD>
		<WAVELENGTH_UNIT>E-6m</WAVELENGTH_UNIT>
		<COLOR>#88d681</COLOR>
		<COVARIANCE_MATRIX>[[9.451859049153662e-06, 1.1930097556261615e-05, 1.2829537045743141e-05, 8.320001404765153e-07, -1.161372330060579e-06, -9.169458335521817e-07], [1.1930097556261615e-05, 1.5956490790607968e-05, 1.6776998225454136e-05, -2.6845746172081827e-07, -2.1938200049407912e-06, -1.5320428013027586e-06], [1.2829537045743141e-05, 1.6776998225454136e-05, 2.033895974647014e-05, 5.770183994871294e-06, 1.5279757109584116e-06, 1.0765651399707197e-06], [8.320001404765153e-07, -2.6845746172081827e-07, 5.770183994871294e-06, 4.7609176758975964e-05, 3.249204350531573e-05, 2.138114708927537e-05], [-1.161372330060579e-06, -2.1938200049407912e-06, 1.5279757109584116e-06, 3.249204350531573e-05, 2.671703418460401e-05, 1.8157042047538007e-05], [-9.169458335521817e-07, -1.5320428013027586e-06, 1.0765651399707197e-06, 2.138114708927537e-05, 1.8157042047538007e-05, 1.3050856655433875e-05]]</COVARIANCE_MATRIX>
		<ROI_SIZE>2575</ROI_SIZE>
		<MAX_VALUE>[0.167132169008255, 0.1537422090768814, 0.13614138960838318, 0.10518088191747665, 0.06561686843633652, 0.053468961268663406]</MAX_VALUE>
		<MIN_VALUE>[0.14374516904354095, 0.11578379571437836, 0.09421442449092865, 0.0503486804664135, 0.014389661140739918, 0.007179674226790667]</MIN_VALUE>
		<SIGNATURE_THRESHOLD_MD>0</SIGNATURE_THRESHOLD_MD>
		<SIGNATURE_THRESHOLD_ML>0</SIGNATURE_THRESHOLD_ML>
		<SIGNATURE_THRESHOLD_SAM>0</SIGNATURE_THRESHOLD_SAM>
	</signature>
	<signature ID="20210610_103524551820_124">
		<MACROCLASSID>1</MACROCLASSID>
		<MACROCLASSINFO>waterbody</MACROCLASSINFO>
		<CLASSID>11</CLASSID>
		<CLASSINFO>C 1</CLASSINFO>
		<VALUES>[0.15801836244343936, 0.0013002600712797262, 0.14069307061410197, 0.003144502573982927, 0.11511239972051585, 0.011383927695258464, 0.04546153422248357, 0.005452930053323265, 0.013717341982596647, 0.0006623888624333242, 0.0071602036924448605, 0.00045506568288919744]</VALUES>
		<LCS_MIN>[0.15286369621753693, 0.13011287152767181, 0.08745887130498886, 0.03962458670139313, 0.012390248477458954, 0.00624055927619338]</LCS_MIN>
		<LCS_MAX>[0.16237600147724152, 0.14635047316551208, 0.14741076529026031, 0.09042767435312271, 0.022054055705666542, 0.013480836525559425]</LCS_MAX>
		<WAVELENGTH>[0.48, 0.56, 0.655, 0.865, 1.61, 2.2]</WAVELENGTH>
		<MEAN_VALUE>[0.15801836244343936, 0.14069307061410197, 0.11511239972051585, 0.04546153422248357, 0.013717341982596647, 0.0071602036924448605]</MEAN_VALUE>
		<CHECKBOX>2</CHECKBOX>
		<SD>[0.0013002600712797262, 0.003144502573982927, 0.011383927695258464, 0.005452930053323265, 0.0006623888624333242, 0.00045506568288919744]</SD>
		<WAVELENGTH_UNIT>E-6m</WAVELENGTH_UNIT>
		<COLOR>#4b8f81</COLOR>
		<COVARIANCE_MATRIX>[[1.685325552233775e-06, 2.832142960830618e-06, 4.739491758222272e-06, 1.68778131881808e-06, 3.473370062863015e-07, 1.982389718311472e-07], [2.832142960830618e-06, 8.602626155610013e-06, 2.4769248788262835e-05, 8.274908041277258e-06, 8.8285129511773e-07, 5.27113622699117e-07], [4.739491758222272e-06, 2.4769248788262835e-05, 9.93495071455563e-05, 3.7944332821744226e-05, 3.1907710561746646e-06, 1.9052996945639121e-06], [1.68778131881808e-06, 8.274908041277258e-06, 3.7944332821744226e-05, 2.063678278038356e-05, 1.7500389230989716e-06, 1.0140196653606656e-06], [3.473370062863015e-07, 8.8285129511773e-07, 3.1907710561746646e-06, 1.7500389230989716e-06, 3.655364833294799e-07, 2.1358959628664787e-07], [1.982389718311472e-07, 5.27113622699117e-07, 1.9052996945639121e-06, 1.0140196653606656e-06, 2.1358959628664787e-07, 1.672384950338901e-07]]</COVARIANCE_MATRIX>
		<ROI_SIZE>10193</ROI_SIZE>
		<MAX_VALUE>[0.16237600147724152, 0.14635047316551208, 0.14741076529026031, 0.09042767435312271, 0.022054055705666542, 0.013480836525559425]</MAX_VALUE>
		<MIN_VALUE>[0.15286369621753693, 0.13011287152767181, 0.08745887130498886, 0.03962458670139313, 0.012390248477458954, 0.00624055927619338]</MIN_VALUE>
		<SIGNATURE_THRESHOLD_MD>0</SIGNATURE_THRESHOLD_MD>
		<SIGNATURE_THRESHOLD_ML>0</SIGNATURE_THRESHOLD_ML>
		<SIGNATURE_THRESHOLD_SAM>0</SIGNATURE_THRESHOLD_SAM>
	</signature>
	<signature ID="20210610_103534449404_801">
		<MACROCLASSID>1</MACROCLASSID>
		<MACROCLASSINFO>waterbody</MACROCLASSINFO>
		<CLASSID>12</CLASSID>
		<CLASSINFO>C 1</CLASSINFO>
		<VALUES>[0.166143306201053, 0.0037702191757938166, 0.14584792513612374, 0.004533590816260099, 0.12456568513467552, 0.005231000140580368, 0.08653866936442389, 0.009549820467924236, 0.034927520908877345, 0.009287729208329877, 0.01920970527972699, 0.007044225841712174]</VALUES>
		<LCS_MIN>[0.15346956253051758, 0.12593229115009308, 0.10342381149530411, 0.07312978804111481, 0.02541668899357319, 0.01332936342805624]</LCS_MIN>
		<LCS_MAX>[0.17670509219169617, 0.1565898358821869, 0.13947372138500214, 0.1285678595304489, 0.07752242684364319, 0.057013366371393204]</LCS_MAX>
		<WAVELENGTH>[0.48, 0.56, 0.655, 0.865, 1.61, 2.2]</WAVELENGTH>
		<MEAN_VALUE>[0.166143306201053, 0.14584792513612374, 0.12456568513467552, 0.08653866936442389, 0.034927520908877345, 0.01920970527972699]</MEAN_VALUE>
		<CHECKBOX>2</CHECKBOX>
		<SD>[0.0037702191757938166, 0.004533590816260099, 0.005231000140580368, 0.009549820467924236, 0.009287729208329877, 0.007044225841712174]</SD>
		<WAVELENGTH_UNIT>E-6m</WAVELENGTH_UNIT>
		<COLOR>#41c34f</COLOR>
		<COVARIANCE_MATRIX>[[1.4226639838143632e-05, 1.6589437463898927e-05, 1.8905260685576183e-05, 8.396108748678344e-06, 1.4708479505893723e-06, -3.100221299761855e-07], [1.6589437463898927e-05, 2.05709231090818e-05, 2.2179026474051083e-05, 3.639001022162888e-06, -4.4832521286203414e-06, -4.918783472398064e-06], [1.8905260685576183e-05, 2.2179026474051083e-05, 2.7386630636117957e-05, 1.6503058446281724e-05, 7.64190875666023e-06, 4.164521801959604e-06], [8.396108748678344e-06, 3.639001022162888e-06, 1.6503058446281724e-05, 9.1276621200001e-05, 8.166814043963322e-05, 5.853351238396293e-05], [1.4708479505893723e-06, -4.4832521286203414e-06, 7.64190875666023e-06, 8.166814043963322e-05, 8.633526581482101e-05, 6.442557203826641e-05], [-3.100221299761855e-07, -4.918783472398064e-06, 4.164521801959604e-06, 5.853351238396293e-05, 6.442557203826641e-05, 4.9663312537029435e-05]]</COVARIANCE_MATRIX>
		<ROI_SIZE>1177</ROI_SIZE>
		<MAX_VALUE>[0.17670509219169617, 0.1565898358821869, 0.13947372138500214, 0.1285678595304489, 0.07752242684364319, 0.057013366371393204]</MAX_VALUE>
		<MIN_VALUE>[0.15346956253051758, 0.12593229115009308, 0.10342381149530411, 0.07312978804111481, 0.02541668899357319, 0.01332936342805624]</MIN_VALUE>
		<SIGNATURE_THRESHOLD_MD>0</SIGNATURE_THRESHOLD_MD>
		<SIGNATURE_THRESHOLD_ML>0</SIGNATURE_THRESHOLD_ML>
		<SIGNATURE_THRESHOLD_SAM>0</SIGNATURE_THRESHOLD_SAM>
	</signature>
	<signature ID="20210610_103541568788_460">
		<MACROCLASSID>1</MACROCLASSID>
		<MACROCLASSINFO>waterbody</MACROCLASSINFO>
		<CLASSID>13</CLASSID>
		<CLASSINFO>C 1</CLASSINFO>
		<VALUES>[0.17242330827695485, 0.002226034032298285, 0.14784415592165548, 0.003082767282332242, 0.13635440066675908, 0.005063395431306238, 0.11307083862815416, 0.013565822715860853, 0.04644631531874774, 0.013144154124932611, 0.02791832087278439, 0.010049045638164956]</VALUES>
		<LCS_MIN>[0.16664746403694153, 0.13944342732429504, 0.12187287956476212, 0.09812235832214355, 0.03014255501329899, 0.015268185175955296]</LCS_MIN>
		<LCS_MAX>[0.18149153888225555, 0.15983130037784576, 0.15319693088531494, 0.1557416021823883, 0.08433859050273895, 0.0613756962120533]</LCS_MAX>
		<WAVELENGTH>[0.48, 0.56, 0.655, 0.865, 1.61, 2.2]</WAVELENGTH>
		<MEAN_VALUE>[0.17242330827695485, 0.14784415592165548, 0.13635440066675908, 0.11307083862815416, 0.04644631531874774, 0.02791832087278439]</MEAN_VALUE>
		<CHECKBOX>2</CHECKBOX>
		<SD>[0.002226034032298285, 0.003082767282332242, 0.005063395431306238, 0.013565822715860853, 0.013144154124932611, 0.010049045638164956]</SD>
		<WAVELENGTH_UNIT>E-6m</WAVELENGTH_UNIT>
		<COLOR>#d62398</COLOR>
		<COVARIANCE_MATRIX>[[4.967402519124514e-06, 6.084120284601794e-06, 8.967576873116535e-06, 2.954498416604609e-06, 8.378652475152744e-06, 9.474181705315529e-06], [6.084120284601794e-06, 9.526804127133604e-06, 1.4885718282912133e-05, -4.910528810594806e-07, 6.912210599927219e-06, 1.0024105455013541e-05], [8.967576873116535e-06, 1.4885718282912133e-05, 2.57009658571478e-05, -5.789317619821942e-06, 9.874693539011076e-06, 1.711044041520644e-05], [2.954498416604609e-06, -4.910528810594806e-07, -5.789317619821942e-06, 0.0001844837119187518, 0.00016188036527685804, 0.00010915369615346135], [8.378652475152744e-06, 6.912210599927219e-06, 9.874693539011076e-06, 0.00016188036527685804, 0.00017319328099575678, 0.0001270566896501594], [9.474181705315529e-06, 1.0024105455013541e-05, 1.711044041520644e-05, 0.00010915369615346135, 0.0001270566896501594, 0.00010123143449894889]]</COVARIANCE_MATRIX>
		<ROI_SIZE>408</ROI_SIZE>
		<MAX_VALUE>[0.18149153888225555, 0.15983130037784576, 0.15319693088531494, 0.1557416021823883, 0.08433859050273895, 0.0613756962120533]</MAX_VALUE>
		<MIN_VALUE>[0.16664746403694153, 0.13944342732429504, 0.12187287956476212, 0.09812235832214355, 0.03014255501329899, 0.015268185175955296]</MIN_VALUE>
		<SIGNATURE_THRESHOLD_MD>0</SIGNATURE_THRESHOLD_MD>
		<SIGNATURE_THRESHOLD_ML>0</SIGNATURE_THRESHOLD_ML>
		<SIGNATURE_THRESHOLD_SAM>0</SIGNATURE_THRESHOLD_SAM>
	</signature>
	<signature ID="20210610_103547241504_357">
		<MACROCLASSID>1</MACROCLASSID>
		<MACROCLASSINFO>waterbody</MACROCLASSINFO>
		<CLASSID>14</CLASSID>
		<CLASSINFO>C 1</CLASSINFO>
		<VALUES>[0.1788204505536739, 0.002855187288675903, 0.14495155937824108, 0.002948650684404974, 0.12281367149647335, 0.003713614612262106, 0.11482890662249204, 0.016994824202378203, 0.047638463815856166, 0.013873514941848398, 0.027460969564360987, 0.01082793423220423]</VALUES>
		<LCS_MIN>[0.17434214055538177, 0.13971607387065887, 0.11632908135652542, 0.09442649781703949, 0.03014255501329899, 0.015389367938041687]</LCS_MIN>
		<LCS_MAX>[0.1895800232887268, 0.15919514000415802, 0.14571429789066315, 0.15662015974521637, 0.09585031121969223, 0.07567448914051056]</LCS_MAX>
		<WAVELENGTH>[0.48, 0.56, 0.655, 0.865, 1.61, 2.2]</WAVELENGTH>
		<MEAN_VALUE>[0.1788204505536739, 0.14495155937824108, 0.12281367149647335, 0.11482890662249204, 0.047638463815856166, 0.027460969564360987]</MEAN_VALUE>
		<CHECKBOX>2</CHECKBOX>
		<SD>[0.002855187288675903, 0.002948650684404974, 0.003713614612262106, 0.016994824202378203, 0.013873514941848398, 0.01082793423220423]</SD>
		<WAVELENGTH_UNIT>E-6m</WAVELENGTH_UNIT>
		<COLOR>#932cd3</COLOR>
		<COVARIANCE_MATRIX>[[8.1665999595613e-06, 8.106583781495887e-06, 9.33148040754096e-06, 2.2251954704747347e-05, 1.639923946156157e-05, 1.2297510002134695e-05], [8.106583781495887e-06, 8.710011571913654e-06, 1.0269752233174425e-05, 2.5450602136900083e-05, 1.9499234868851223e-05, 1.4837557162059694e-05], [9.33148040754096e-06, 1.0269752233174425e-05, 1.38154725159661e-05, 2.67601724297592e-05, 2.8583845854806398e-05, 2.4654246206066078e-05], [2.2251954704747347e-05, 2.5450602136900083e-05, 2.67601724297592e-05, 0.00028933797146630424, 0.00019181883232783736, 0.00012330602902651782], [1.639923946156157e-05, 1.9499234868851223e-05, 2.8583845854806398e-05, 0.00019181883232783736, 0.00019281689801044826, 0.00014389981399712322], [1.2297510002134695e-05, 1.4837557162059694e-05, 2.4654246206066078e-05, 0.00012330602902651782, 0.00014389981399712322, 0.00011745277923825152]]</COVARIANCE_MATRIX>
		<ROI_SIZE>563</ROI_SIZE>
		<MAX_VALUE>[0.1895800232887268, 0.15919514000415802, 0.14571429789066315, 0.15662015974521637, 0.09585031121969223, 0.07567448914051056]</MAX_VALUE>
		<MIN_VALUE>[0.17434214055538177, 0.13971607387065887, 0.11632908135652542, 0.09442649781703949, 0.03014255501329899, 0.015389367938041687]</MIN_VALUE>
		<SIGNATURE_THRESHOLD_MD>0</SIGNATURE_THRESHOLD_MD>
		<SIGNATURE_THRESHOLD_ML>0</SIGNATURE_THRESHOLD_ML>
		<SIGNATURE_THRESHOLD_SAM>0</SIGNATURE_THRESHOLD_SAM>
	</signature>
	<signature ID="20210610_103554202150_821">
		<MACROCLASSID>1</MACROCLASSID>
		<MACROCLASSINFO>waterbody</MACROCLASSINFO>
		<CLASSID>15</CLASSID>
		<CLASSINFO>C 1</CLASSINFO>
		<VALUES>[0.15488728588268716, 0.001789013721244277, 0.13782604532961806, 0.004025857077795005, 0.12170137179763414, 0.005076124099506082, 0.08389766835192651, 0.011655252769444962, 0.03145304835853309, 0.010734327768757587, 0.017943959423454597, 0.007677171343680669]</VALUES>
		<LCS_MIN>[0.1495010405778885, 0.12447818368673325, 0.10557469725608826, 0.07091832160949707, 0.02308405190706253, 0.012390248477458954]</LCS_MIN>
		<LCS_MAX>[0.16252747178077698, 0.14810752868652344, 0.13514167070388794, 0.12687140703201294, 0.07558359205722809, 0.054650429636240005]</LCS_MAX>
		<WAVELENGTH>[0.48, 0.56, 0.655, 0.865, 1.61, 2.2]</WAVELENGTH>
		<MEAN_VALUE>[0.15488728588268716, 0.13782604532961806, 0.12170137179763414, 0.08389766835192651, 0.03145304835853309, 0.017943959423454597]</MEAN_VALUE>
		<CHECKBOX>2</CHECKBOX>
		<SD>[0.001789013721244277, 0.004025857077795005, 0.005076124099506082, 0.011655252769444962, 0.010734327768757587, 0.007677171343680669]</SD>
		<WAVELENGTH_UNIT>E-6m</WAVELENGTH_UNIT>
		<COLOR>#7b103d</COLOR>
		<COVARIANCE_MATRIX>[[2.7885664476581516e-06, 5.675780011476241e-06, 7.0471921633819175e-06, -3.651712073722563e-06, -3.541791969512568e-06, -2.1673631251881952e-06], [5.675780011476241e-06, 1.3576364599843122e-05, 1.6948925223859415e-05, -1.1504327373518726e-05, -1.2099219938056903e-05, -8.402275557747739e-06], [7.0471921633819175e-06, 1.6948925223859415e-05, 2.324094539566097e-05, -9.181469829612383e-06, -9.941259200772964e-06, -6.3865100956731935e-06], [-3.651712073722563e-06, -1.1504327373518726e-05, -9.181469829612383e-06, 0.0001318673504929826, 0.00011622624222597111, 7.975382437514303e-05], [-3.541791969512568e-06, -1.2099219938056903e-05, -9.941259200772964e-06, 0.00011622624222597111, 0.00011591416804168226, 8.187402964387211e-05], [-2.1673631251881952e-06, -8.402275557747739e-06, -6.3865100956731935e-06, 7.975382437514303e-05, 8.187402964387211e-05, 5.973777607412239e-05]]</COVARIANCE_MATRIX>
		<ROI_SIZE>886</ROI_SIZE>
		<MAX_VALUE>[0.16252747178077698, 0.14810752868652344, 0.13514167070388794, 0.12687140703201294, 0.07558359205722809, 0.054650429636240005]</MAX_VALUE>
		<MIN_VALUE>[0.1495010405778885, 0.12447818368673325, 0.10557469725608826, 0.07091832160949707, 0.02308405190706253, 0.012390248477458954]</MIN_VALUE>
		<SIGNATURE_THRESHOLD_MD>0</SIGNATURE_THRESHOLD_MD>
		<SIGNATURE_THRESHOLD_ML>0</SIGNATURE_THRESHOLD_ML>
		<SIGNATURE_THRESHOLD_SAM>0</SIGNATURE_THRESHOLD_SAM>
	</signature>
	<signature ID="20210610_103600444826_143">
		<MACROCLASSID>1</MACROCLASSID>
		<MACROCLASSINFO>waterbody</MACROCLASSINFO>
		<CLASSID>16</CLASSID>
		<CLASSINFO>C 1</CLASSINFO>
		<VALUES>[0.15245525754849235, 0.0033982412167805763, 0.13249001219077644, 0.004418563894589555, 0.11322213811973589, 0.0066316783971820765, 0.08414125733259249, 0.013391267860115309, 0.030130126124710232, 0.010370418690451388, 0.016309440630345125, 0.006945829457953549]</VALUES>
