<?xml version="1.0" ?>
<signaturelist MCID_LIST="[['1', 'waterbody', '#0000ff'], ['2', 'vegetation', '#00aa00'], ['3', 'bareland', '#ffaa00'], ['4', 'built-up', '#ff0000'], ['5', 'mining area', '#ff007f']]">
	<signature ID="20211014_223457996031_708">
		<MACROCLASSID>1</MACROCLASSID>
		<MACROCLASSINFO>waterbody</MACROCLASSINFO>
		<CLASSID>1</CLASSID>
		<CLASSINFO>C 1</CLASSINFO>
		<VALUES>[0.07217447240703014, 0.0019901565238550057, 0.05026417822082134, 0.003317319052930955, 0.03472869395336916, 0.0031419487611378384, 0.053541451297835406, 0.00985775967197007, 0.019920111777651704, 0.006821385825814782, 0.010209346077522954, 0.004679940136871799]</VALUES>
		<LCS_MIN>[0.0645764023065567, 0.040564849972724915, 0.025219032540917397, 0.03293585032224655, 0.004401857499033213, 0.0]</LCS_MIN>
		<LCS_MAX>[0.07748676091432571, 0.05741218104958534, 0.04510039836168289, 0.07199177891016006, 0.040976688265800476, 0.028598804026842117]</LCS_MAX>
		<WAVELENGTH>[0.485, 0.56, 0.66, 0.83, 1.65, 2.215]</WAVELENGTH>
		<MEAN_VALUE>[0.07217447240703014, 0.05026417822082134, 0.03472869395336916, 0.053541451297835406, 0.019920111777651704, 0.010209346077522954]</MEAN_VALUE>
		<CHECKBOX>2</CHECKBOX>
		<SD>[0.0019901565238550057, 0.003317319052930955, 0.0031419487611378384, 0.00985775967197007, 0.006821385825814782, 0.004679940136871799]</SD>
		<WAVELENGTH_UNIT>E-6m</WAVELENGTH_UNIT>
		<COLOR>#09f30f</COLOR>
		<COVARIANCE_MATRIX>[[3.962833034165669e-06, 2.767977775874897e-06, 2.5221143005182967e-06, 9.009403584059328e-06, 5.99865006734035e-06, 3.398801254661521e-06], [2.767977775874897e-06, 1.1010468369931914e-05, 6.3803022385400254e-06, 2.4087474230327643e-05, 1.4595499123970512e-05, 7.717707376286853e-06], [2.5221143005182967e-06, 6.3803022385400254e-06, 9.87710154731758e-06, 2.0063698684680276e-05, 1.5887908375589177e-05, 9.488274372415617e-06], [9.009403584059328e-06, 2.4087474230327643e-05, 2.0063698684680276e-05, 9.722719551064074e-05, 5.671010512742214e-05, 2.955489071609918e-05], [5.99865006734035e-06, 1.4595499123970512e-05, 1.5887908375589177e-05, 5.671010512742214e-05, 4.655609518522397e-05, 2.5093744625337422e-05], [3.398801254661521e-06, 7.717707376286853e-06, 9.488274372415617e-06, 2.955489071609918e-05, 2.5093744625337422e-05, 2.1913509044679813e-05]]</COVARIANCE_MATRIX>
		<ROI_SIZE>1878</ROI_SIZE>
		<MAX_VALUE>[0.07748676091432571, 0.05741218104958534, 0.04510039836168289, 0.07199177891016006, 0.040976688265800476, 0.028598804026842117]</MAX_VALUE>
		<MIN_VALUE>[0.0645764023065567, 0.040564849972724915, 0.025219032540917397, 0.03293585032224655, 0.004401857499033213, 0.0]</MIN_VALUE>
		<SIGNATURE_THRESHOLD_MD>0.0</SIGNATURE_THRESHOLD_MD>
		<SIGNATURE_THRESHOLD_ML>0.0</SIGNATURE_THRESHOLD_ML>
		<SIGNATURE_THRESHOLD_SAM>0.0</SIGNATURE_THRESHOLD_SAM>
	</signature>
	<signature ID="20211014_223503774245_905">
		<MACROCLASSID>1</MACROCLASSID>
		<MACROCLASSINFO>waterbody</MACROCLASSINFO>
		<CLASSID>2</CLASSID>
		<CLASSINFO>C 1</CLASSINFO>
		<VALUES>[0.07463409586085223, 0.00341339782811495, 0.054221399424766954, 0.00551762797253984, 0.038573687054179226, 0.005428885809658606, 0.04685109148902646, 0.01206214232172482, 0.01715629040193038, 0.007737041315629159, 0.009190640369350219, 0.004985991030382078]</VALUES>
		<LCS_MIN>[0.0661901906132698, 0.040564849972724915, 0.028059225529432297, 0.025834770873188972, 0.0021159308962523937, 0.0]</LCS_MIN>
		<LCS_MAX>[0.08716954290866852, 0.07089003920555115, 0.056461188942193985, 0.0684412345290184, 0.04326261579990387, 0.038447197526693344]</LCS_MAX>
		<WAVELENGTH>[0.485, 0.56, 0.66, 0.83, 1.65, 2.215]</WAVELENGTH>
		<MEAN_VALUE>[0.07463409586085223, 0.054221399424766954, 0.038573687054179226, 0.04685109148902646, 0.01715629040193038, 0.009190640369350219]</MEAN_VALUE>
		<CHECKBOX>2</CHECKBOX>
		<SD>[0.00341339782811495, 0.00551762797253984, 0.005428885809658606, 0.01206214232172482, 0.007737041315629159, 0.004985991030382078]</SD>
		<WAVELENGTH_UNIT>E-6m</WAVELENGTH_UNIT>
		<COLOR>#8b236a</COLOR>
		<COVARIANCE_MATRIX>[[1.1666014870570507e-05, 1.4369101336342283e-05, 1.3500323802873027e-05, 1.1067580999224447e-05, 8.592309313826263e-06, 4.730668933916604e-06], [1.4369101336342283e-05, 3.0482706279144622e-05, 2.371936170675326e-05, 3.444427056820132e-05, 2.1234138330328278e-05, 1.1020722922694404e-05], [1.3500323802873027e-05, 2.371936170675326e-05, 2.9510061722248793e-05, 3.4509845136199147e-05, 2.32758502534125e-05, 1.3418146409094334e-05], [1.1067580999224447e-05, 3.444427056820132e-05, 3.4509845136199147e-05, 0.00014567920879926533, 7.617691153427586e-05, 3.8404239603551105e-05], [8.592309313826263e-06, 2.1234138330328278e-05, 2.32758502534125e-05, 7.617691153427586e-05, 5.993748709443025e-05, 3.0042894650250673e-05], [4.730668933916604e-06, 1.1020722922694404e-05, 1.3418146409094334e-05, 3.8404239603551105e-05, 3.0042894650250673e-05, 2.4891534849302843e-05]]</COVARIANCE_MATRIX>
		<ROI_SIZE>792</ROI_SIZE>
		<MAX_VALUE>[0.08716954290866852, 0.07089003920555115, 0.056461188942193985, 0.0684412345290184, 0.04326261579990387, 0.038447197526693344]</MAX_VALUE>
		<MIN_VALUE>[0.0661901906132698, 0.040564849972724915, 0.028059225529432297, 0.025834770873188972, 0.0021159308962523937, 0.0]</MIN_VALUE>
		<SIGNATURE_THRESHOLD_MD>0.0</SIGNATURE_THRESHOLD_MD>
		<SIGNATURE_THRESHOLD_ML>0.0</SIGNATURE_THRESHOLD_ML>
		<SIGNATURE_THRESHOLD_SAM>0.0</SIGNATURE_THRESHOLD_SAM>
	</signature>
	<signature ID="20211014_223507495088_837">
		<MACROCLASSID>1</MACROCLASSID>
		<MACROCLASSINFO>waterbody</MACROCLASSINFO>
		<CLASSID>3</CLASSID>
		<CLASSINFO>C 1</CLASSINFO>
		<VALUES>[0.07857103203423321, 0.0029240238806507567, 0.07036356267053637, 0.0075395052114762134, 0.05064765742281452, 0.006910306620683715, 0.061451113491784774, 0.012202455792020922, 0.02254640187311452, 0.006336428494513641, 0.01259517220023554, 0.0037832357185448055]</VALUES>
		<LCS_MIN>[0.07425917685031891, 0.05741218104958534, 0.036579813808202744, 0.04358746111392975, 0.013545566238462925, 0.005619228817522526]</LCS_MIN>
		<LCS_MAX>[0.08555574715137482, 0.08436790853738785, 0.06214156746864319, 0.0897444635629654, 0.04326261579990387, 0.0220332108438015]</LCS_MAX>
		<WAVELENGTH>[0.485, 0.56, 0.66, 0.83, 1.65, 2.215]</WAVELENGTH>
		<MEAN_VALUE>[0.07857103203423321, 0.07036356267053637, 0.05064765742281452, 0.061451113491784774, 0.02254640187311452, 0.01259517220023554]</MEAN_VALUE>
		<CHECKBOX>2</CHECKBOX>
		<SD>[0.0029240238806507567, 0.0075395052114762134, 0.006910306620683715, 0.012202455792020922, 0.006336428494513641, 0.0037832357185448055]</SD>
		<WAVELENGTH_UNIT>E-6m</WAVELENGTH_UNIT>
		<COLOR>#afff39</COLOR>
		<COVARIANCE_MATRIX>[[8.685628927196376e-06, 1.6288602637359872e-05, 1.4770168490940705e-05, 1.7885860870592296e-05, 3.085159733018372e-06, -1.040631786963786e-06], [1.6288602637359872e-05, 5.77464270463679e-05, 4.5955675886943936e-05, 4.107679706066847e-05, 2.1242594812065363e-06, -3.2920447665674146e-06], [1.4770168490940705e-05, 4.5955675886943936e-05, 4.851031189900823e-05, 5.82794236834161e-05, 1.2862579751526937e-05, 1.6834590041980846e-06], [1.7885860870592296e-05, 4.107679706066847e-05, 5.82794236834161e-05, 0.00015126341895665973, 5.502639032783918e-05, 2.5300256311311387e-05], [3.085159733018372e-06, 2.1242594812065363e-06, 1.2862579751526937e-05, 5.502639032783918e-05, 4.0787632315186784e-05, 1.649739897402469e-05], [-1.040631786963786e-06, -3.2920447665674146e-06, 1.6834590041980846e-06, 2.5300256311311387e-05, 1.649739897402469e-05, 1.4540060874423943e-05]]</COVARIANCE_MATRIX>
		<ROI_SIZE>64</ROI_SIZE>
		<MAX_VALUE>[0.08555574715137482, 0.08436790853738785, 0.06214156746864319, 0.0897444635629654, 0.04326261579990387, 0.0220332108438015]</MAX_VALUE>
		<MIN_VALUE>[0.07425917685031891, 0.05741218104958534, 0.036579813808202744, 0.04358746111392975, 0.013545566238462925, 0.005619228817522526]</MIN_VALUE>
		<SIGNATURE_THRESHOLD_MD>0.0</SIGNATURE_THRESHOLD_MD>
		<SIGNATURE_THRESHOLD_ML>0.0</SIGNATURE_THRESHOLD_ML>
		<SIGNATURE_THRESHOLD_SAM>0.0</SIGNATURE_THRESHOLD_SAM>
	</signature>
	<signature ID="20211014_223537164049_491">
		<MACROCLASSID>1</MACROCLASSID>
		<MACROCLASSINFO>waterbody</MACROCLASSINFO>
		<CLASSID>4</CLASSID>
		<CLASSINFO>C 1</CLASSINFO>
		<VALUES>[0.06994192338843111, 0.002108140042271561, 0.04780056399221605, 0.003547721826430756, 0.03227096799617777, 0.002908744688125826, 0.03952862248302273, 0.008608923744232595, 0.013833748218484033, 0.005810303631722012, 0.006957233032215646, 0.0036271890976534906]</VALUES>
		<LCS_MIN>[0.062962606549263, 0.040564849972724915, 0.025219032540917397, 0.025834770873188972, 0.0021159308962523937, 0.0]</LCS_MIN>
		<LCS_MAX>[0.07748676091432571, 0.05741218104958534, 0.04226020351052284, 0.06134016439318657, 0.034118909388780594, 0.01875041425228119]</LCS_MAX>
		<WAVELENGTH>[0.485, 0.56, 0.66, 0.83, 1.65, 2.215]</WAVELENGTH>
		<MEAN_VALUE>[0.06994192338843111, 0.04780056399221605, 0.03227096799617777, 0.03952862248302273, 0.013833748218484033, 0.006957233032215646]</MEAN_VALUE>
		<CHECKBOX>2</CHECKBOX>
		<SD>[0.002108140042271561, 0.003547721826430756, 0.002908744688125826, 0.008608923744232595, 0.005810303631722012, 0.0036271890976534906]</SD>
		<WAVELENGTH_UNIT>E-6m</WAVELENGTH_UNIT>
		<COLOR>#e1b50a</COLOR>
		<COVARIANCE_MATRIX>[[4.453770998225082e-06, 3.4534195947344415e-06, 2.5675280994619243e-06, 8.352582881343551e-06, 4.9595437303651124e-06, 2.029630650213221e-06], [3.4534195947344415e-06, 1.2613281796802767e-05, 7.329707841563504e-06, 2.2156113118398935e-05, 1.3842819498677272e-05, 6.043371286068577e-06], [2.5675280994619243e-06, 7.329707841563504e-06, 8.478912604914512e-06, 1.8319058654014952e-05, 1.197714482259471e-05, 5.502402018464636e-06], [8.352582881343551e-06, 2.2156113118398935e-05, 1.8319058654014952e-05, 7.427226955769584e-05, 4.123216785956174e-05, 1.9010005416930653e-05], [4.9595437303651124e-06, 1.3842819498677272e-05, 1.197714482259471e-05, 4.123216785956174e-05, 3.383191869943403e-05, 1.42355274874717e-05], [2.029630650213221e-06, 6.043371286068577e-06, 5.502402018464636e-06, 1.9010005416930653e-05, 1.42355274874717e-05, 1.318467275268631e-05]]</COVARIANCE_MATRIX>
		<ROI_SIZE>468</ROI_SIZE>
		<MAX_VALUE>[0.07748676091432571, 0.05741218104958534, 0.04226020351052284, 0.06134016439318657, 0.034118909388780594, 0.01875041425228119]</MAX_VALUE>
		<MIN_VALUE>[0.062962606549263, 0.040564849972724915, 0.025219032540917397, 0.025834770873188972, 0.0021159308962523937, 0.0]</MIN_VALUE>
		<SIGNATURE_THRESHOLD_MD>0.0</SIGNATURE_THRESHOLD_MD>
		<SIGNATURE_THRESHOLD_ML>0.0</SIGNATURE_THRESHOLD_ML>
		<SIGNATURE_THRESHOLD_SAM>0.0</SIGNATURE_THRESHOLD_SAM>
	</signature>
	<signature ID="20211014_223541971036_941">
		<MACROCLASSID>1</MACROCLASSID>
		<MACROCLASSINFO>waterbody</MACROCLASSINFO>
		<CLASSID>5</CLASSID>
		<CLASSINFO>C 1</CLASSINFO>
		<VALUES>[0.0705250938349743, 0.0020511650385968963, 0.050148016737518675, 0.004477133635535832, 0.035263479251100766, 0.004074459066306588, 0.05833566655704939, 0.015705452868675775, 0.024657046685491787, 0.0099526517908397, 0.012714204044815573, 0.00599309617657144]</VALUES>
		<LCS_MIN>[0.062962606549263, 0.040564849972724915, 0.028059225529432297, 0.03293585032224655, 0.006687784567475319, 0.0]</LCS_MIN>
		<LCS_MAX>[0.07748676091432571, 0.06752058118581772, 0.04794059693813324, 0.0897444635629654, 0.056978169828653336, 0.035164400935173035]</LCS_MAX>
		<WAVELENGTH>[0.485, 0.56, 0.66, 0.83, 1.65, 2.215]</WAVELENGTH>
		<MEAN_VALUE>[0.0705250938349743, 0.050148016737518675, 0.035263479251100766, 0.05833566655704939, 0.024657046685491787, 0.012714204044815573]</MEAN_VALUE>
		<CHECKBOX>2</CHECKBOX>
		<SD>[0.0020511650385968963, 0.004477133635535832, 0.004074459066306588, 0.015705452868675775, 0.0099526517908397, 0.00599309617657144]</SD>
		<WAVELENGTH_UNIT>E-6m</WAVELENGTH_UNIT>
		<COLOR>#762c02</COLOR>
		<COVARIANCE_MATRIX>[[4.210207862342941e-06, 4.762466232932638e-06, 4.251473455951782e-06, 1.762990177667234e-05, 1.0507625120226294e-05, 5.214968950895127e-06], [4.762466232932638e-06, 2.00586837308947e-05, 1.3529768693842925e-05, 5.705493822460994e-05, 3.013263994944282e-05, 1.4462289072980639e-05], [4.251473455951782e-06, 1.3529768693842925e-05, 1.6612777471891604e-05, 5.503786451299675e-05, 3.290234963060357e-05, 1.734859870339278e-05], [1.762990177667234e-05, 5.705493822460994e-05, 5.503786451299675e-05, 0.00024683302035555243, 0.00013768135977443308, 7.05115744494833e-05], [1.0507625120226294e-05, 3.013263994944282e-05, 3.290234963060357e-05, 0.00013768135977443308, 9.912425593938679e-05, 5.184217661735602e-05], [5.214968950895127e-06, 1.4462289072980639e-05, 1.734859870339278e-05, 7.05115744494833e-05, 5.184217661735602e-05, 3.594221198000014e-05]]</COVARIANCE_MATRIX>
		<ROI_SIZE>1437</ROI_SIZE>
		<MAX_VALUE>[0.07748676091432571, 0.06752058118581772, 0.04794059693813324, 0.0897444635629654, 0.056978169828653336, 0.035164400935173035]</MAX_VALUE>
		<MIN_VALUE>[0.062962606549263, 0.040564849972724915, 0.028059225529432297, 0.03293585032224655, 0.006687784567475319, 0.0]</MIN_VALUE>
		<SIGNATURE_THRESHOLD_MD>0.0</SIGNATURE_THRESHOLD_MD>
		<SIGNATURE_THRESHOLD_ML>0.0</SIGNATURE_THRESHOLD_ML>
		<SIGNATURE_THRESHOLD_SAM>0.0</SIGNATURE_THRESHOLD_SAM>
	</signature>
	<signature ID="20211014_223612288325_252">
		<MACROCLASSID>1</MACROCLASSID>
		<MACROCLASSINFO>waterbody</MACROCLASSINFO>
		<CLASSID>6</CLASSID>
		<CLASSINFO>C 1</CLASSINFO>
		<VALUES>[0.0750010944177508, 0.001934420166467024, 0.050796130849140676, 0.0028850955488707052, 0.032446529887456735, 0.0018165179737863097, 0.022047526913114113, 0.0023305960902652166, 0.004715796466686283, 0.002006488656279154, 0.0034159348399313873, 0.002528623976140111]</VALUES>
		<LCS_MIN>[0.06780398637056351, 0.040564849972724915, 0.025219032540917397, 0.015183152630925179, 0.0, 0.0]</LCS_MIN>
		<LCS_MAX>[0.08232814818620682, 0.05741218104958534, 0.036579813808202744, 0.029385309666395187, 0.013545566238462925, 0.01218482293188572]</LCS_MAX>
		<WAVELENGTH>[0.485, 0.56, 0.66, 0.83, 1.65, 2.215]</WAVELENGTH>
		<MEAN_VALUE>[0.0750010944177508, 0.050796130849140676, 0.032446529887456735, 0.022047526913114113, 0.004715796466686283, 0.0034159348399313873]</MEAN_VALUE>
		<CHECKBOX>2</CHECKBOX>
		<SD>[0.001934420166467024, 0.0028850955488707052, 0.0018165179737863097, 0.0023305960902652166, 0.002006488656279154, 0.002528623976140111]</SD>
		<WAVELENGTH_UNIT>E-6m</WAVELENGTH_UNIT>
		<COLOR>#782486</COLOR>
		<COVARIANCE_MATRIX>[[3.760406571018393e-06, 2.221991735495976e-06, 1.0761857538454933e-06, 6.811899311287561e-07, 3.443888090259861e-07, 3.1425989277522604e-07], [2.221991735495976e-06, 8.243445336120203e-06, 2.4305454644490965e-06, 1.7417286244381103e-06, 5.197404107093462e-07, 5.54560699583817e-07], [1.0761857538454933e-06, 2.4305454644490965e-06, 3.2922453101491556e-06, 1.0086505426443182e-06, 4.232236676671164e-07, 3.8232184351727483e-07], [6.811899311287561e-07, 1.7417286244381103e-06, 1.0086505426443182e-06, 5.498355221789097e-06, 4.5269840143191686e-07, 4.771665089720045e-07], [3.443888090259861e-07, 5.197404107093462e-07, 4.232236676671164e-07, 4.5269840143191686e-07, 3.935725999326678e-06, 9.252386234948062e-07], [3.1425989277522604e-07, 5.54560699583817e-07, 3.8232184351727483e-07, 4.771665089720045e-07, 9.252386234948062e-07, 6.410254172806162e-06]]</COVARIANCE_MATRIX>
		<ROI_SIZE>10201</ROI_SIZE>
		<MAX_VALUE>[0.08232814818620682, 0.05741218104958534, 0.036579813808202744, 0.029385309666395187, 0.013545566238462925, 0.01218482293188572]</MAX_VALUE>
		<MIN_VALUE>[0.06780398637056351, 0.040564849972724915, 0.025219032540917397, 0.015183152630925179, 0.0, 0.0]</MIN_VALUE>
		<SIGNATURE_THRESHOLD_MD>0.0</SIGNATURE_THRESHOLD_MD>
		<SIGNATURE_THRESHOLD_ML>0.0</SIGNATURE_THRESHOLD_ML>
		<SIGNATURE_THRESHOLD_SAM>0.0</SIGNATURE_THRESHOLD_SAM>
	</signature>
	<signature ID="20211014_223616424853_916">
		<MACROCLASSID>1</MACROCLASSID>
		<MACROCLASSINFO>waterbody</MACROCLASSINFO>
		<CLASSID>7</CLASSID>
		<CLASSINFO>C 1</CLASSINFO>
		<VALUES>[0.07499269110055634, 0.001904763114765102, 0.05146200833623966, 0.0026660831295777132, 0.032652471906195815, 0.0016993911387580079, 0.022896617402220782, 0.003434934631886087, 0.0047999847658168355, 0.0026487351623749778, 0.0032764846017335806, 0.0026115610265183184]</VALUES>
		<LCS_MIN>[0.0661901906132698, 0.040564849972724915, 0.025219032540917397, 0.018733691424131393, 0.0, 0.0]</LCS_MIN>
		<LCS_MAX>[0.08232814818620682, 0.05741218104958534, 0.03942000865936279, 0.04713800176978111, 0.034118909388780594, 0.01875041425228119]</LCS_MAX>
		<WAVELENGTH>[0.485, 0.56, 0.66, 0.83, 1.65, 2.215]</WAVELENGTH>
		<MEAN_VALUE>[0.07499269110055634, 0.05146200833623966, 0.032652471906195815, 0.022896617402220782, 0.0047999847658168355, 0.0032764846017335806]</MEAN_VALUE>
		<CHECKBOX>2</CHECKBOX>
		<SD>[0.001904763114765102, 0.0026660831295777132, 0.0016993911387580079, 0.003434934631886087, 0.0026487351623749778, 0.0026115610265183184]</SD>
		<WAVELENGTH_UNIT>E-6m</WAVELENGTH_UNIT>
		<COLOR>#b53c42</COLOR>
		<COVARIANCE_MATRIX>[[3.432157882343745e-06, 1.4094154039412388e-06, 5.191065497456293e-07, -5.35716367267014e-07, -1.8400747592295374e-07, -2.5530585645583415e-08], [1.4094154039412388e-06, 6.318261057458585e-06, 1.2726704881060869e-06, -5.222968866291922e-07, -3.017158292095701e-07, 6.89748844706628e-08], [5.191065497456293e-07, 1.2726704881060869e-06, 2.5768374598555965e-06, 5.582805329140683e-07, 3.205892937785393e-07, 2.697665877349209e-07], [-5.35716367267014e-07, -5.222968866291922e-07, 5.582805329140683e-07, 9.942681572283618e-06, 3.2888585792534286e-06, 1.7392263771398575e-06], [-1.8400747592295374e-07, -3.017158292095701e-07, 3.205892937785393e-07, 3.2888585792534286e-06, 6.08739765084465e-06, 1.7205703670697403e-06], [-2.5530585645583415e-08, 6.89748844706628e-08, 2.697665877349209e-07, 1.7392263771398575e-06, 1.7205703670697403e-06, 6.620211024710443e-06]]</COVARIANCE_MATRIX>
		<ROI_SIZE>9507</ROI_SIZE>
		<MAX_VALUE>[0.08232814818620682, 0.05741218104958534, 0.03942000865936279, 0.04713800176978111, 0.034118909388780594, 0.01875041425228119]</MAX_VALUE>
		<MIN_VALUE>[0.0661901906132698, 0.040564849972724915, 0.025219032540917397, 0.018733691424131393, 0.0, 0.0]</MIN_VALUE>
		<SIGNATURE_THRESHOLD_MD>0.0</SIGNATURE_THRESHOLD_MD>
		<SIGNATURE_THRESHOLD_ML>0.0</SIGNATURE_THRESHOLD_ML>
		<SIGNATURE_THRESHOLD_SAM>0.0</SIGNATURE_THRESHOLD_SAM>
	</signature>
	<signature ID="20211014_223620896659_542">
		<MACROCLASSID>1</MACROCLASSID>
		<MACROCLASSINFO>waterbody</MACROCLASSINFO>
		<CLASSID>8</CLASSID>
		<CLASSINFO>C 1</CLASSINFO>
		<VALUES>[0.07200748859877194, 0.0018932120934517453, 0.047631217246277155, 0.0025210909016716025, 0.0307642174591155, 0.0020739068582033733, 0.025220477146060495, 0.004804649423557816, 0.005330849613337613, 0.0027505268753642287, 0.003507659366343336, 0.0026739999781055118]</VALUES>
		<LCS_MIN>[0.0661901906132698, 0.040564849972724915, 0.025219032540917397, 0.011632614769041538, 0.0, 0.0]</LCS_MIN>
		<LCS_MAX>[0.07910055667161942, 0.05741218104958534, 0.04226020351052284, 0.050688546150922775, 0.0318329818546772, 0.0220332108438015]</LCS_MAX>
		<WAVELENGTH>[0.485, 0.56, 0.66, 0.83, 1.65, 2.215]</WAVELENGTH>
		<MEAN_VALUE>[0.07200748859877194, 0.047631217246277155, 0.0307642174591155, 0.025220477146060495, 0.005330849613337613, 0.003507659366343336]</MEAN_VALUE>
		<CHECKBOX>2</CHECKBOX>
		<SD>[0.0018932120934517453, 0.0025210909016716025, 0.0020739068582033733, 0.004804649423557816, 0.0027505268753642287, 0.0026739999781055118]</SD>
		<WAVELENGTH_UNIT>E-6m</WAVELENGTH_UNIT>
		<COLOR>#8e83d0</COLOR>
		<COVARIANCE_MATRIX>[[3.4471959224902093e-06, 8.14925101622066e-07, 5.362055617297301e-07, 3.0093790570617784e-08, 4.540933389307611e-07, 4.101956108115701e-07], [8.14925101622066e-07, 6.11483710599714e-06, 1.630554265830142e-06, 2.94550727630849e-06, 1.2705626204478904e-06, 1.0703930684030638e-06], [5.362055617297301e-07, 1.630554265830142e-06, 4.0593681660539005e-06, 3.7543529742833925e-06, 1.443376277165953e-06, 8.93381297828455e-07], [3.0093790570617784e-08, 2.94550727630849e-06, 3.7543529742833925e-06, 2.1825764633831568e-05, 4.643585270969197e-06, 2.459259803799796e-06], [4.540933389307611e-07, 1.2705626204478904e-06, 1.443376277165953e-06, 4.643585270969197e-06, 7.4532104008540045e-06, 2.792279246932594e-06], [4.101956108115701e-07, 1.0703930684030638e-06, 8.93381297828455e-07, 2.459259803799796e-06, 2.792279246932594e-06, 7.3126079769281205e-06]]</COVARIANCE_MATRIX>
		<ROI_SIZE>5707</ROI_SIZE>
		<MAX_VALUE>[0.07910055667161942, 0.05741218104958534, 0.04226020351052284, 0.050688546150922775, 0.0318329818546772, 0.0220332108438015]</MAX_VALUE>
		<MIN_VALUE>[0.0661901906132698, 0.040564849972724915, 0.025219032540917397, 0.011632614769041538, 0.0, 0.0]</MIN_VALUE>
		<SIGNATURE_THRESHOLD_MD>0.0</SIGNATURE_THRESHOLD_MD>
		<SIGNATURE_THRESHOLD_ML>0.0</SIGNATURE_THRESHOLD_ML>
		<SIGNATURE_THRESHOLD_SAM>0.0</SIGNATURE_THRESHOLD_SAM>
	</signature>
	<signature ID="20211014_223625459809_272">
		<MACROCLASSID>1</MACROCLASSID>
		<MACROCLASSINFO>waterbody</MACROCLASSINFO>
		<CLASSID>9</CLASSID>
		<CLASSINFO>C 1</CLASSINFO>
		<VALUES>[0.0758982441688786, 0.00189437844640263, 0.052041921696337895, 0.0026014445570331224, 0.03309037394651595, 0.0016140575853458557, 0.02350225062793824, 0.0024537720831411132, 0.0045848424890584695, 0.0021430692640647324, 0.003286869390980922, 0.0025057438140027436]</VALUES>
		<LCS_MIN>[0.06941778212785721, 0.040564849972724915, 0.025219032540917397, 0.011632614769041538, 0.0, 0.0]</LCS_MIN>
		<LCS_MAX>[0.08394193649291992, 0.06078163906931877, 0.03942000865936279, 0.050688546150922775, 0.034118909388780594, 0.01875041425228119]</LCS_MAX>
		<WAVELENGTH>[0.485, 0.56, 0.66, 0.83, 1.65, 2.215]</WAVELENGTH>
		<MEAN_VALUE>[0.0758982441688786, 0.052041921696337895, 0.03309037394651595, 0.02350225062793824, 0.0045848424890584695, 0.003286869390980922]</MEAN_VALUE>
		<CHECKBOX>2</CHECKBOX>
		<SD>[0.00189437844640263, 0.0026014445570331224, 0.0016140575853458557, 0.0024537720831411132, 0.0021430692640647324, 0.0025057438140027436]</SD>
		<WAVELENGTH_UNIT>E-6m</WAVELENGTH_UNIT>
		<COLOR>#43114d</COLOR>
		<COVARIANCE_MATRIX>[[3.4859415336541133e-06, 1.3214939826866612e-06, 5.644245675284765e-07, 5.379361596169474e-07, 2.0729217453663296e-07, 1.8490655406822043e-07], [1.3214939826866612e-06, 6.121333171904553e-06, 1.3740300346398726e-06, 1.306101353293343e-06, 2.237826777218288e-07, 2.633254325701273e-07], [5.644245675284765e-07, 1.3740300346398726e-06, 2.4788300834188703e-06, 8.311334340760368e-07, 2.9167054549361637e-07, 2.8182509481666784e-07], [5.379361596169474e-07, 1.306101353293343e-06, 8.311334340760368e-07, 5.638566108245868e-06, 6.381703769875458e-07, 4.5146762772674265e-07], [2.0729217453663296e-07, 2.237826777218288e-07, 2.9167054549361637e-07, 6.381703769875458e-07, 4.276247182133375e-06, 9.341228519588185e-07], [1.8490655406822043e-07, 2.633254325701273e-07, 2.8182509481666784e-07, 4.5146762772674265e-07, 9.341228519588185e-07, 6.250453225220554e-06]]</COVARIANCE_MATRIX>
		<ROI_SIZE>10130</ROI_SIZE>
		<MAX_VALUE>[0.08394193649291992, 0.06078163906931877, 0.03942000865936279, 0.050688546150922775, 0.034118909388780594, 0.01875041425228119]</MAX_VALUE>
		<MIN_VALUE>[0.06941778212785721, 0.040564849972724915, 0.025219032540917397, 0.011632614769041538, 0.0, 0.0]</MIN_VALUE>
		<SIGNATURE_THRESHOLD_MD>0.0</SIGNATURE_THRESHOLD_MD>
		<SIGNATURE_THRESHOLD_ML>0.0</SIGNATURE_THRESHOLD_ML>
		<SIGNATURE_THRESHOLD_SAM>0.0</SIGNATURE_THRESHOLD_SAM>
	</signature>
	<signature ID="20211014_223629611702_654">
		<MACROCLASSID>1</MACROCLASSID>
		<MACROCLASSINFO>waterbody</MACROCLASSINFO>
		<CLASSID>10</CLASSID>
		<CLASSINFO>C 1</CLASSINFO>
		<VALUES>[0.07500619019437701, 0.001977284995835553, 0.050787520459329195, 0.002844735685359541, 0.03225603412104194, 0.001959286388962214, 0.023778411854067594, 0.0035839214052346986, 0.004622177453045082, 0.002809123322415463, 0.0030303802095625098, 0.002648800635050109]</VALUES>
		<LCS_MIN>[0.0661901906132698, 0.040564849972724915, 0.025219032540917397, 0.015183152630925179, 0.0, 0.0]</LCS_MIN>
		<LCS_MAX>[0.08232814818620682, 0.05741218104958534, 0.03942000865936279, 0.04713800176978111, 0.027261124923825264, 0.01875041425228119]</LCS_MAX>
		<WAVELENGTH>[0.485, 0.56, 0.66, 0.83, 1.65, 2.215]</WAVELENGTH>
		<MEAN_VALUE>[0.07500619019437701, 0.050787520459329195, 0.03225603412104194, 0.023778411854067594, 0.004622177453045082, 0.0030303802095625098]</MEAN_VALUE>
		<CHECKBOX>2</CHECKBOX>
		<SD>[0.001977284995835553, 0.002844735685359541, 0.001959286388962214, 0.0035839214052346986, 0.002809123322415463, 0.002648800635050109]</SD>
		<WAVELENGTH_UNIT>E-6m</WAVELENGTH_UNIT>
		<COLOR>#bc10c5</COLOR>
		<COVARIANCE_MATRIX>[[3.7097797758178785e-06, 1.7812566284192144e-06, 1.019052092487982e-06, -1.2805809035398852e-07, -3.857671870832746e-08, 1.3029105616624292e-07], [1.7812566284192144e-06, 7.098680271155899e-06, 2.2141471163195092e-06, 4.904159141005948e-07, 2.9409553903292363e-08, 2.472700089128921e-07], [1.019052092487982e-06, 2.2141471163195092e-06, 3.6083304166822927e-06, 7.912372552709712e-07, 5.37714186066296e-07, 3.399848367280356e-07], [-1.2805809035398852e-07, 4.904159141005948e-07, 7.912372552709712e-07, 1.1256654033786617e-05, 3.974151695729233e-06, 2.2022104531060904e-06], [-3.857671870832746e-08, 2.9409553903292363e-08, 5.37714186066296e-07, 3.974151695729233e-06, 6.894377747812541e-06, 2.3292946025321726e-06], [1.3029105616624292e-07, 2.472700089128921e-07, 3.399848367280356e-07, 2.2022104531060904e-06, 2.3292946025321726e-06, 6.70824874760001e-06]]</COVARIANCE_MATRIX>
		<ROI_SIZE>8218</ROI_SIZE>
		<MAX_VALUE>[0.08232814818620682, 0.05741218104958534, 0.03942000865936279, 0.04713800176978111, 0.027261124923825264, 0.01875041425228119]</MAX_VALUE>
		<MIN_VALUE>[0.0661901906132698, 0.040564849972724915, 0.025219032540917397, 0.015183152630925179, 0.0, 0.0]</MIN_VALUE>
		<SIGNATURE_THRESHOLD_MD>0.0</SIGNATURE_THRESHOLD_MD>
		<SIGNATURE_THRESHOLD_ML>0.0</SIGNATURE_THRESHOLD_ML>
		<SIGNATURE_THRESHOLD_SAM>0.0</SIGNATURE_THRESHOLD_SAM>
	</signature>
	<signature ID="20211014_223641427373_863">
		<MACROCLASSID>1</MACROCLASSID>
		<MACROCLASSINFO>waterbody</MACROCLASSINFO>
		<CLASSID>11</CLASSID>
		<CLASSINFO>C 1</CLASSINFO>
		<VALUES>[0.06927455597359056, 0.001795083533042898, 0.0442244810427035, 0.0021574670512591845, 0.029933554564745047, 0.002086892408375999, 0.026990723564585747, 0.003899768251527629, 0.006213326930266487, 0.0034062265808032593, 0.0038391525363254907, 0.0029126039925778794]</VALUES>
		<LCS_MIN>[0.062962606549263, 0.040564849972724915, 0.025219032540917397, 0.018733691424131393, 0.0, 0.0]</LCS_MIN>
		<LCS_MAX>[0.07587297260761261, 0.054042719304561615, 0.03942000865936279, 0.05423907935619354, 0.034118909388780594, 0.01875041425228119]</LCS_MAX>
		<WAVELENGTH>[0.485, 0.56, 0.66, 0.83, 1.65, 2.215]</WAVELENGTH>
		<MEAN_VALUE>[0.06927455597359056, 0.0442244810427035, 0.029933554564745047, 0.026990723564585747, 0.006213326930266487, 0.0038391525363254907]</MEAN_VALUE>
		<CHECKBOX>2</CHECKBOX>
		<SD>[0.001795083533042898, 0.0021574670512591845, 0.002086892408375999, 0.003899768251527629, 0.0034062265808032593, 0.0029126039925778794]</SD>
		<WAVELENGTH_UNIT>E-6m</WAVELENGTH_UNIT>
		<COLOR>#a1dd3f</COLOR>
		<COVARIANCE_MATRIX>[[3.327496642668848e-06, 1.1217263136131805e-06, 1.0254859716951614e-06, 1.9004426121682627e-06, 1.1135239219584037e-06, 7.511760600209527e-07], [1.1217263136131805e-06, 5.192232947592856e-06, 2.2123076632851735e-06, 4.1739281186892185e-06, 2.7557889552554116e-06, 1.6903802588785766e-06], [1.0254859716951614e-06, 2.2123076632851735e-06, 4.923955657432089e-06, 4.6149816625984386e-06, 3.2205225579673424e-06, 1.8367975371802459e-06], [1.9004426121682627e-06, 4.1739281186892185e-06, 4.6149816625984386e-06, 1.7647769709583372e-05, 9.590988156560343e-06, 5.304068054101663e-06], [1.1135239219584037e-06, 2.7557889552554116e-06, 3.2205225579673424e-06, 9.590988156560343e-06, 1.2109718227293342e-05, 5.2013683671248145e-06], [7.511760600209527e-07, 1.6903802588785766e-06, 1.8367975371802459e-06, 5.304068054101663e-06, 5.2013683671248145e-06, 8.827596502669621e-06]]</COVARIANCE_MATRIX>
		<ROI_SIZE>3839</ROI_SIZE>
		<MAX_VALUE>[0.07587297260761261, 0.054042719304561615, 0.03942000865936279, 0.05423907935619354, 0.034118909388780594, 0.01875041425228119]</MAX_VALUE>
		<MIN_VALUE>[0.062962606549263, 0.040564849972724915, 0.025219032540917397, 0.018733691424131393, 0.0, 0.0]</MIN_VALUE>
		<SIGNATURE_THRESHOLD_MD>0.0</SIGNATURE_THRESHOLD_MD>
		<SIGNATURE_THRESHOLD_ML>0.0</SIGNATURE_THRESHOLD_ML>
		<SIGNATURE_THRESHOLD_SAM>0.0</SIGNATURE_THRESHOLD_SAM>
	</signature>
	<signature ID="20211014_223717152040_385">
		<MACROCLASSID>1</MACROCLASSID>
		<MACROCLASSINFO>waterbody</MACROCLASSINFO>
		<CLASSID>12</CLASSID>
		<CLASSINFO>C 1</CLASSINFO>
		<VALUES>[0.0736662980348348, 0.0025597032582395512, 0.05986450188220499, 0.005004069338708634, 0.04731332233603941, 0.00528698221410103, 0.07428538568995204, 0.015764223383361555, 0.02523679736538485, 0.008995123895687884, 0.013732435501474429, 0.0058660381665851784]</VALUES>
		<LCS_MIN>[0.0661901906132698, 0.047303784638643265, 0.033739615231752396, 0.050688546150922775, 0.004401857499033213, 0.0]</LCS_MIN>
		<LCS_MAX>[0.08394193649291992, 0.08099844306707382, 0.06782196462154388, 0.10749716311693192, 0.05469224601984024, 0.035164400935173035]</LCS_MAX>
		<WAVELENGTH>[0.485, 0.56, 0.66, 0.83, 1.65, 2.215]</WAVELENGTH>
		<MEAN_VALUE>[0.0736662980348348, 0.05986450188220499, 0.04731332233603941, 0.07428538568995204, 0.02523679736538485, 0.013732435501474429]</MEAN_VALUE>
		<CHECKBOX>2</CHECKBOX>
		<SD>[0.0025597032582395512, 0.005004069338708634, 0.00528698221410103, 0.015764223383361555, 0.008995123895687884, 0.0058660381665851784]</SD>
		<WAVELENGTH_UNIT>E-6m</WAVELENGTH_UNIT>
		<COLOR>#707619</COLOR>
		<COVARIANCE_MATRIX>[[6.5555864239286166e-06, 8.620498192613013e-06, 9.346684237243608e-06, 2.8084499717806466e-05, 1.3223662790551316e-05, 7.4407021202205215e-06], [8.620498192613013e-06, 2.5054107027244754e-05, 2.299337756994646e-05, 6.27858898951672e-05, 2.8799326173611917e-05, 1.6370517187169753e-05], [9.346684237243608e-06, 2.299337756994646e-05, 2.7967136702500284e-05, 7.009747059782967e-05, 3.216804543626495e-05, 1.9059372789342888e-05], [2.8084499717806466e-05, 6.27858898951672e-05, 7.009747059782967e-05, 0.0002486437151674181, 0.00012141733895987272, 7.044946687528864e-05], [1.3223662790551316e-05, 2.8799326173611917e-05, 3.216804543626495e-05, 0.00012141733895987272, 8.095554221654311e-05, 4.525000986177474e-05], [7.4407021202205215e-06, 1.6370517187169753e-05, 1.9059372789342888e-05, 7.044946687528864e-05, 4.525000986177474e-05, 3.442881643422879e-05]]</COVARIANCE_MATRIX>
		<ROI_SIZE>1870</ROI_SIZE>
		<MAX_VALUE>[0.08394193649291992, 0.08099844306707382, 0.06782196462154388, 0.10749716311693192, 0.05469224601984024, 0.035164400935173035]</MAX_VALUE>
		<MIN_VALUE>[0.0661901906132698, 0.047303784638643265, 0.033739615231752396, 0.050688546150922775, 0.004401857499033213, 0.0]</MIN_VALUE>
		<SIGNATURE_THRESHOLD_MD>0.0</SIGNATURE_THRESHOLD_MD>
		<SIGNATURE_THRESHOLD_ML>0.0</SIGNATURE_THRESHOLD_ML>
		<SIGNATURE_THRESHOLD_SAM>0.0</SIGNATURE_THRESHOLD_SAM>
	</signature>
	<signature ID="20211014_223734554468_230">
		<MACROCLASSID>1</MACROCLASSID>
		<MACROCLASSINFO>waterbody</MACROCLASSINFO>
		<CLASSID>13</CLASSID>
		<CLASSINFO>C 1</CLASSINFO>
		<VALUES>[0.07476744158010869, 0.0017042681323464336, 0.058159572980823165, 0.001768736906735131, 0.03510402424224452, 0.0022578555012259345, 0.029454928128888773, 0.005425939005838598, 0.008293600781482889, 0.0046489425137706125, 0.0047025896344041656, 0.003474959774072497]</VALUES>
		<LCS_MIN>[0.06941778212785721, 0.05067325010895729, 0.030899420380592346, 0.018733691424131393, 0.0, 0.0]</LCS_MIN>
		<LCS_MAX>[0.08071435242891312, 0.0641511082649231, 0.04794059693813324, 0.057789623737335205, 0.0318329818546772, 0.0220332108438015]</LCS_MAX>
		<WAVELENGTH>[0.485, 0.56, 0.66, 0.83, 1.65, 2.215]</WAVELENGTH>
		<MEAN_VALUE>[0.07476744158010869, 0.058159572980823165, 0.03510402424224452, 0.029454928128888773, 0.008293600781482889, 0.0047025896344041656]</MEAN_VALUE>
		<CHECKBOX>2</CHECKBOX>
		<SD>[0.0017042681323464336, 0.001768736906735131, 0.0022578555012259345, 0.005425939005838598, 0.0046489425137706125, 0.003474959774072497]</SD>
		<WAVELENGTH_UNIT>E-6m</WAVELENGTH_UNIT>
		<COLOR>#6e3c44</COLOR>
		<COVARIANCE_MATRIX>[[2.9080936201353325e-06, 4.3363405666241306e-07, 4.079549853486242e-07, 1.110541006710264e-06, 3.8717561778867093e-07, 1.5304659939374687e-07], [4.3363405666241306e-07, 3.1322688300861046e-06, 4.820076355827041e-07, 5.057063390268013e-07, 1.0255207172349401e-07, 1.6493136456574575e-07], [4.079549853486242e-07, 4.820076355827041e-07, 5.104166575620184e-06, 6.883428341097897e-06, 5.279243396216771e-06, 2.9607140277221333e-06], [1.110541006710264e-06, 5.057063390268013e-07, 6.883428341097897e-06, 2.9476937925210223e-05, 1.8051843653665856e-05, 9.725508789415471e-06], [3.8717561778867093e-07, 1.0255207172349401e-07, 5.279243396216771e-06, 1.8051843653665856e-05, 2.163918543374166e-05, 1.0163584192923736e-05], [1.5304659939374687e-07, 1.6493136456574575e-07, 2.9607140277221333e-06, 9.725508789415471e-06, 1.0163584192923736e-05, 1.2090161362721119e-05]]</COVARIANCE_MATRIX>
		<ROI_SIZE>816</ROI_SIZE>
		<MAX_VALUE>[0.08071435242891312, 0.0641511082649231, 0.04794059693813324, 0.057789623737335205, 0.0318329818546772, 0.0220332108438015]</MAX_VALUE>
		<MIN_VALUE>[0.06941778212785721, 0.05067325010895729, 0.030899420380592346, 0.018733691424131393, 0.0, 0.0]</MIN_VALUE>
		<SIGNATURE_THRESHOLD_MD>0.0</SIGNATURE_THRESHOLD_MD>
		<SIGNATURE_THRESHOLD_ML>0.0</SIGNATURE_THRESHOLD_ML>
		<SIGNATURE_THRESHOLD_SAM>0.0</SIGNATURE_THRESHOLD_SAM>
	</signature>
	<signature ID="20211014_223815533353_306">
		<MACROCLASSID>1</MACROCLASSID>
		<MACROCLASSINFO>waterbody</MACROCLASSINFO>
		<CLASSID>14</CLASSID>
		<CLASSINFO>C 1</CLASSINFO>
		<VALUES>[0.0810193985064582, 0.0020207443151907924, 0.06739730560561505, 0.0019295299610845747, 0.04331661767621593, 0.0024727547087440003, 0.03306574724251177, 0.0048003625042731075, 0.012346847462695001, 0.006333393184968232, 0.007938501916303324, 0.005754507090127215]</VALUES>
		<LCS_MIN>[0.07587297260761261, 0.0641511082649231, 0.036579813808202744, 0.02228422835469246, 0.004401857499033213, 0.0]</LCS_MIN>
		<LCS_MAX>[0.08716954290866852, 0.07089003920555115, 0.05362098291516304, 0.057789623737335205, 0.03869076073169708, 0.031881604343652725]</LCS_MAX>
		<WAVELENGTH>[0.485, 0.56, 0.66, 0.83, 1.65, 2.215]</WAVELENGTH>
		<MEAN_VALUE>[0.0810193985064582, 0.06739730560561505, 0.04331661767621593, 0.03306574724251177, 0.012346847462695001, 0.007938501916303324]</MEAN_VALUE>
		<CHECKBOX>2</CHECKBOX>
		<SD>[0.0020207443151907924, 0.0019295299610845747, 0.0024727547087440003, 0.0048003625042731075, 0.006333393184968232, 0.005754507090127215]</SD>
		<WAVELENGTH_UNIT>E-6m</WAVELENGTH_UNIT>
		<COLOR>#7680cb</COLOR>
		<COVARIANCE_MATRIX>[[4.108459052076796e-06, 2.0463275518523005e-07, 9.973877013180754e-07, 2.4559512894484214e-06, 1.250553737008886e-06, -1.055570031383013e-08], [2.0463275518523005e-07, 3.7459269606188172e-06, 1.4813858797424473e-06, 2.5115441530942917e-06, 2.2612571228819434e-06, 3.45753824149142e-06], [9.973877013180754e-07, 1.4813858797424473e-06, 6.152028163342038e-06, 6.296039373410167e-06, 5.05807247463963e-06, 4.301080025470583e-06], [2.4559512894484214e-06, 2.5115441530942917e-06, 6.296039373410167e-06, 2.318485167052131e-05, 1.9526172764017247e-05, 1.4713422388012987e-05], [1.250553737008886e-06, 2.2612571228819434e-06, 5.05807247463963e-06, 1.9526172764017247e-05, 4.035795427625999e-05, 3.078763256780803e-05], [-1.055570031383013e-08, 3.45753824149142e-06, 4.301080025470583e-06, 1.4713422388012987e-05, 3.078763256780803e-05, 3.331750849611126e-05]]</COVARIANCE_MATRIX>
		<ROI_SIZE>164</ROI_SIZE>
		<MAX_VALUE>[0.08716954290866852, 0.07089003920555115, 0.05362098291516304, 0.057789623737335205, 0.03869076073169708, 0.031881604343652725]</MAX_VALUE>
		<MIN_VALUE>[0.07587297260761261, 0.0641511082649231, 0.036579813808202744, 0.02228422835469246, 0.004401857499033213, 0.0]</MIN_VALUE>
		<SIGNATURE_THRESHOLD_MD>0.0</SIGNATURE_THRESHOLD_MD>
		<SIGNATURE_THRESHOLD_ML>0.0</SIGNATURE_THRESHOLD_ML>
		<SIGNATURE_THRESHOLD_SAM>0.0</SIGNATURE_THRESHOLD_SAM>
	</signature>
	<signature ID="20211014_224422488140_173">
		<MACROCLASSID>1</MACROCLASSID>
		<MACROCLASSINFO>waterbody</MACROCLASSINFO>
		<CLASSID>15</CLASSID>
		<CLASSINFO>C 1</CLASSINFO>
		<VALUES>[0.08840229884824817, 0.0021973557229653566, 0.08367763614902889, 0.003255899208690541, 0.06320664490987032, 0.003702783050060851, 0.03678226461245992, 0.005621686309225467, 0.014926645953285815, 0.0050559445041403975, 0.009988178950152362, 0.0048700429384480855]</VALUES>
		<LCS_MIN>[0.08071435242891312, 0.07089003920555115, 0.05362098291516304, 0.025834770873188972, 0.006687784567475319, 0.0]</LCS_MIN>
		<LCS_MAX>[0.09523852169513702, 0.09447631239891052, 0.07918275147676468, 0.06134016439318657, 0.03640483319759369, 0.031881604343652725]</LCS_MAX>
		<WAVELENGTH>[0.485, 0.56, 0.66, 0.83, 1.65, 2.215]</WAVELENGTH>
		<MEAN_VALUE>[0.08840229884824817, 0.08367763614902889, 0.06320664490987032, 0.03678226461245992, 0.014926645953285815, 0.009988178950152362]</MEAN_VALUE>
		<CHECKBOX>2</CHECKBOX>
		<SD>[0.0021973557229653566, 0.003255899208690541, 0.003702783050060851, 0.005621686309225467, 0.0050559445041403975, 0.0048700429384480855]</SD>
		<WAVELENGTH_UNIT>E-6m</WAVELENGTH_UNIT>
		<COLOR>#0e8acb</COLOR>
		<COVARIANCE_MATRIX>[[4.8451956899953075e-06, 3.714821104949806e-06, 4.719242951978231e-06, 6.921090971445665e-07, 4.7665929514550953e-07, 5.260596367406833e-07], [3.714821104949806e-06, 1.0637816558300983e-05, 8.540421731595416e-06, 8.718990898159973e-07, 1.1981803709204542e-06, 1.3578996913565788e-06], [4.719242951978231e-06, 8.540421731595416e-06, 1.375837473460706e-05, 2.8460731300583575e-06, 3.297139983260422e-06, 3.7678041735489387e-06], [6.921090971445665e-07, 8.718990898159973e-07, 2.8460731300583575e-06, 3.171347270836122e-05, 1.5794210412423126e-05, 1.2754636372847017e-05], [4.7665929514550953e-07, 1.1981803709204542e-06, 3.297139983260422e-06, 1.5794210412423126e-05, 2.5651643227320164e-05, 1.795926073100418e-05], [5.260596367406833e-07, 1.3578996913565788e-06, 3.7678041735489387e-06, 1.2754636372847017e-05, 1.795926073100418e-05, 2.379995748924557e-05]]</COVARIANCE_MATRIX>
		<ROI_SIZE>288</ROI_SIZE>
		<MAX_VALUE>[0.09523852169513702, 0.09447631239891052, 0.07918275147676468, 0.06134016439318657, 0.03640483319759369, 0.031881604343652725]</MAX_VALUE>
		<MIN_VALUE>[0.08071435242891312, 0.07089003920555115, 0.05362098291516304, 0.025834770873188972, 0.006687784567475319, 0.0]</MIN_VALUE>
		<SIGNATURE_THRESHOLD_MD>0.0</SIGNATURE_THRESHOLD_MD>
		<SIGNATURE_THRESHOLD_ML>0.0</SIGNATURE_THRESHOLD_ML>
		<SIGNATURE_THRESHOLD_SAM>0.0</SIGNATURE_THRESHOLD_SAM>
	</signature>
	<signature ID="20211014_224433281949_941">
		<MACROCLASSID>1</MACROCLASSID>
		<MACROCLASSINFO>waterbody</MACROCLASSINFO>
		<CLASSID>16</CLASSID>
		<CLASSINFO>C 1</CLASSINFO>
		<VALUES>[0.07988085421723322, 0.0024615795712872564, 0.06478057148774245, 0.00327224210250559, 0.04692624013993765, 0.0019039323585309637, 0.04321680388894383, 0.011450798972013147, 0.021244868357246236, 0.010039242145713778, 0.012311083856959839, 0.006755532867499334]</VALUES>
		<LCS_MIN>[0.0710315853357315, 0.054042719304561615, 0.04226020351052284, 0.025834770873188972, 0.004401857499033213, 0.0023364333901554346]</LCS_MIN>
		<LCS_MAX>[0.08555574715137482, 0.07089003920555115, 0.05362098291516304, 0.07199177891016006, 0.05240631848573685, 0.031881604343652725]</LCS_MAX>
		<WAVELENGTH>[0.485, 0.56, 0.66, 0.83, 1.65, 2.215]</WAVELENGTH>
		<MEAN_VALUE>[0.07988085421723322, 0.06478057148774245, 0.04692624013993765, 0.04321680388894383, 0.021244868357246236, 0.012311083856959839]</MEAN_VALUE>
