<?xml version="1.0" ?>
<signaturelist MCID_LIST="[['1', 'waterbody', '#000000'], ['2', 'vegetation', '#000000'], ['3', 'bareland', '#000000'], ['4', 'built-up', '#000000']]">
	<signature ID="20210204_150827793829_756">
		<MACROCLASSID>1</MACROCLASSID>
		<MACROCLASSINFO>waterbody</MACROCLASSINFO>
		<CLASSID>1</CLASSID>
		<CLASSINFO>C 1</CLASSINFO>
		<VALUES>[0.08850517676799617, 0.0031143799283199916, 0.09988057249871611, 0.006723759340199711, 0.07254704519891458, 0.005046920258548981, 0.048247391537455706, 0.010077967959592695, 0.011455921754472288, 0.011351899338904518, 0.008272564051038269, 0.008500523663444417]</VALUES>
		<LCS_MIN>[0.07928652316331863, 0.06266073137521744, 0.03992389142513275, 0.03207167237997055, 0.0, 0.0]</LCS_MIN>
		<LCS_MAX>[0.10570643097162247, 0.11414569616317749, 0.09882089495658875, 0.11732441931962967, 0.0796513706445694, 0.07062522321939468]</LCS_MAX>
		<WAVELENGTH>[0.485, 0.56, 0.66, 0.83, 1.65, 2.215]</WAVELENGTH>
		<MEAN_VALUE>[0.08850517676799617, 0.09988057249871611, 0.07254704519891458, 0.048247391537455706, 0.011455921754472288, 0.008272564051038269]</MEAN_VALUE>
		<CHECKBOX>2</CHECKBOX>
		<SD>[0.0031143799283199916, 0.006723759340199711, 0.005046920258548981, 0.010077967959592695, 0.011351899338904518, 0.008500523663444417]</SD>
		<WAVELENGTH_UNIT>E-6m</WAVELENGTH_UNIT>
		<COLOR>#c1a20c</COLOR>
		<COVARIANCE_MATRIX>[[8.456574505544268e-06, 7.442031346727163e-07, 4.144909325987101e-06, 1.1233861187065486e-05, 1.26926070151967e-05, 9.422909897693899e-06], [7.442031346727163e-07, 4.670171983889304e-05, 2.5306415409431793e-05, -3.395848034415394e-05, -3.958049637731165e-05, -2.6078163500642404e-05], [4.144909325987101e-06, 2.5306415409431793e-05, 2.4561944883316755e-05, -2.7021987989428453e-06, -3.314756668260088e-06, -9.277603680857283e-07], [1.1233861187065486e-05, -3.395848034415394e-05, -2.7021987989428453e-06, 0.00010981880768667907, 0.00011212672688998282, 7.740050932625309e-05], [1.26926070151967e-05, -3.958049637731165e-05, -3.314756668260088e-06, 0.00011212672688998282, 0.00013915968884248286, 9.434233652427793e-05], [9.422909897693899e-06, -2.6078163500642404e-05, -9.277603680857283e-07, 7.740050932625309e-05, 9.434233652427793e-05, 7.597555668326095e-05]]</COVARIANCE_MATRIX>
		<ROI_SIZE>8695</ROI_SIZE>
		<MAX_VALUE>[0.10570643097162247, 0.11414569616317749, 0.09882089495658875, 0.11732441931962967, 0.0796513706445694, 0.07062522321939468]</MAX_VALUE>
		<MIN_VALUE>[0.07928652316331863, 0.06266073137521744, 0.03992389142513275, 0.03207167237997055, 0.0, 0.0]</MIN_VALUE>
		<SIGNATURE_THRESHOLD_MD>0.0</SIGNATURE_THRESHOLD_MD>
		<SIGNATURE_THRESHOLD_ML>0.0</SIGNATURE_THRESHOLD_ML>
		<SIGNATURE_THRESHOLD_SAM>0.0</SIGNATURE_THRESHOLD_SAM>
	</signature>
	<signature ID="20210204_150833069793_541">
		<MACROCLASSID>1</MACROCLASSID>
		<MACROCLASSINFO>waterbody</MACROCLASSINFO>
		<CLASSID>2</CLASSID>
		<CLASSINFO>C 1</CLASSINFO>
		<VALUES>[0.08645285789491619, 0.0025605489061736333, 0.09261936450521936, 0.007201217057979222, 0.06643978137614986, 0.006992573051966921, 0.04486496002380208, 0.011556772059399631, 0.013403339790334146, 0.010153676532545005, 0.009387429428330075, 0.007678743185091542]</VALUES>
		<LCS_MIN>[0.07752519100904465, 0.058983221650123596, 0.03992389142513275, 0.03207167237997055, 0.0023093665950000286, 0.0]</LCS_MIN>
		<LCS_MAX>[0.1004224419593811, 0.12517820298671722, 0.1019207239151001, 0.11344928294420242, 0.08214626461267471, 0.06345941871404648]</LCS_MAX>
		<WAVELENGTH>[0.485, 0.56, 0.66, 0.83, 1.65, 2.215]</WAVELENGTH>
		<MEAN_VALUE>[0.08645285789491619, 0.09261936450521936, 0.06643978137614986, 0.04486496002380208, 0.013403339790334146, 0.009387429428330075]</MEAN_VALUE>
		<CHECKBOX>2</CHECKBOX>
		<SD>[0.0025605489061736333, 0.007201217057979222, 0.006992573051966921, 0.011556772059399631, 0.010153676532545005, 0.007678743185091542]</SD>
		<WAVELENGTH_UNIT>E-6m</WAVELENGTH_UNIT>
		<COLOR>#34d58d</COLOR>
		<COVARIANCE_MATRIX>[[6.253224455576856e-06, 1.3354863312997622e-06, 3.4121956105082063e-06, 1.141663142334437e-05, 9.926658094627783e-06, 7.550380814791424e-06], [1.3354863312997622e-06, 5.1883245760109276e-05, 3.971730620833114e-05, -1.328455709881382e-05, -3.7361501199484337e-06, -1.861351393017685e-06], [3.4121956105082063e-06, 3.971730620833114e-05, 4.630464900401421e-05, 2.4466442482662387e-05, 2.572395715105813e-05, 1.8787408407661133e-05], [1.141663142334437e-05, -1.328455709881382e-05, 2.4466442482662387e-05, 0.00016365070769097656, 0.00011675477435346693, 8.2395963545423e-05], [9.926658094627783e-06, -3.7361501199484337e-06, 2.572395715105813e-05, 0.00011675477435346693, 0.00011576801625778899, 7.925859245005995e-05], [7.550380814791424e-06, -1.861351393017685e-06, 1.8787408407661133e-05, 8.2395963545423e-05, 7.925859245005995e-05, 6.595078593818471e-05]]</COVARIANCE_MATRIX>
		<ROI_SIZE>2750</ROI_SIZE>
		<MAX_VALUE>[0.1004224419593811, 0.12517820298671722, 0.1019207239151001, 0.11344928294420242, 0.08214626461267471, 0.06345941871404648]</MAX_VALUE>
		<MIN_VALUE>[0.07752519100904465, 0.058983221650123596, 0.03992389142513275, 0.03207167237997055, 0.0023093665950000286, 0.0]</MIN_VALUE>
		<SIGNATURE_THRESHOLD_MD>0.0</SIGNATURE_THRESHOLD_MD>
		<SIGNATURE_THRESHOLD_ML>0.0</SIGNATURE_THRESHOLD_ML>
		<SIGNATURE_THRESHOLD_SAM>0.0</SIGNATURE_THRESHOLD_SAM>
	</signature>
	<signature ID="20210204_152401959531_957">
		<MACROCLASSID>1</MACROCLASSID>
		<MACROCLASSINFO>waterbody</MACROCLASSINFO>
		<CLASSID>3</CLASSID>
		<CLASSINFO>C 1</CLASSINFO>
		<VALUES>[0.10854631926069096, 0.0053107170195679405, 0.09427067913701022, 0.0086591241199693, 0.07884606660416961, 0.013122623788967058, 0.06309444095227827, 0.018861538549850322, 0.03848546526781964, 0.020860871739683654, 0.030367864138875777, 0.018901978097695248]</VALUES>
		<LCS_MIN>[0.09337713569402695, 0.07369322329759598, 0.058522943407297134, 0.0436970517039299, 0.01727878674864769, 0.00613293144851923]</LCS_MIN>
		<LCS_MAX>[0.12508101761341095, 0.12517820298671722, 0.12051977962255478, 0.11344928294420242, 0.09212588518857956, 0.07779104262590408]</LCS_MAX>
		<WAVELENGTH>[0.485, 0.56, 0.66, 0.83, 1.65, 2.215]</WAVELENGTH>
		<MEAN_VALUE>[0.10854631926069096, 0.09427067913701022, 0.07884606660416961, 0.06309444095227827, 0.03848546526781964, 0.030367864138875777]</MEAN_VALUE>
		<CHECKBOX>2</CHECKBOX>
		<SD>[0.0053107170195679405, 0.0086591241199693, 0.013122623788967058, 0.018861538549850322, 0.020860871739683654, 0.018901978097695248]</SD>
		<WAVELENGTH_UNIT>E-6m</WAVELENGTH_UNIT>
		<COLOR>#1ac462</COLOR>
		<COVARIANCE_MATRIX>[[2.8363057936076075e-05, 3.904993354808539e-05, 5.6553297326900065e-05, 3.9733160519972444e-05, 5.1230075769126415e-05, 5.0760561862261966e-05], [3.904993354808539e-05, 7.540405204053968e-05, 0.00010472525173099712, 5.961204442428425e-05, 7.407391240121797e-05, 7.801544415997341e-05], [5.6553297326900065e-05, 0.00010472525173099712, 0.00017317615856882185, 0.00014119128172751516, 0.00016269393381662667, 0.0001618502865312621], [3.9733160519972444e-05, 5.961204442428425e-05, 0.00014119128172751516, 0.00035776756703853607, 0.00036020349944010377, 0.0003062553587369621], [5.1230075769126415e-05, 7.407391240121797e-05, 0.00016269393381662667, 0.00036020349944010377, 0.00043763458961620927, 0.0003783672582358122], [5.0760561862261966e-05, 7.801544415997341e-05, 0.0001618502865312621, 0.0003062553587369621, 0.0003783672582358122, 0.00035930334706790745]]</COVARIANCE_MATRIX>
		<ROI_SIZE>178</ROI_SIZE>
		<MAX_VALUE>[0.12508101761341095, 0.12517820298671722, 0.12051977962255478, 0.11344928294420242, 0.09212588518857956, 0.07779104262590408]</MAX_VALUE>
		<MIN_VALUE>[0.09337713569402695, 0.07369322329759598, 0.058522943407297134, 0.0436970517039299, 0.01727878674864769, 0.00613293144851923]</MIN_VALUE>
		<SIGNATURE_THRESHOLD_MD>0.0</SIGNATURE_THRESHOLD_MD>
		<SIGNATURE_THRESHOLD_ML>0.0</SIGNATURE_THRESHOLD_ML>
		<SIGNATURE_THRESHOLD_SAM>0.0</SIGNATURE_THRESHOLD_SAM>
	</signature>
	<signature ID="20210204_152416877446_355">
		<MACROCLASSID>1</MACROCLASSID>
		<MACROCLASSINFO>waterbody</MACROCLASSINFO>
		<CLASSID>4</CLASSID>
		<CLASSINFO>C 1</CLASSINFO>
		<VALUES>[0.08718954870097537, 0.003907168253581502, 0.07299961495177949, 0.0073103401494420215, 0.04688588411816711, 0.010461373996723566, 0.031172550088308982, 0.00953566441981395, 0.011324504229261796, 0.009813296663784277, 0.008256096909642371, 0.008525572909299976]</VALUES>
		<LCS_MIN>[0.07928652316331863, 0.06266073137521744, 0.03372420370578766, 0.020446300506591797, 0.0, 0.0]</LCS_MIN>
		<LCS_MAX>[0.10746774822473526, 0.11046820133924484, 0.10502056777477264, 0.09794878959655762, 0.07466156035661697, 0.06704232841730118]</LCS_MAX>
		<WAVELENGTH>[0.485, 0.56, 0.66, 0.83, 1.65, 2.215]</WAVELENGTH>
		<MEAN_VALUE>[0.08718954870097537, 0.07299961495177949, 0.04688588411816711, 0.031172550088308982, 0.011324504229261796, 0.008256096909642371]</MEAN_VALUE>
		<CHECKBOX>2</CHECKBOX>
		<SD>[0.003907168253581502, 0.0073103401494420215, 0.010461373996723566, 0.00953566441981395, 0.009813296663784277, 0.008525572909299976]</SD>
		<WAVELENGTH_UNIT>E-6m</WAVELENGTH_UNIT>
		<COLOR>#9afdb3</COLOR>
		<COVARIANCE_MATRIX>[[1.5271267329808325e-05, 2.3128306565922685e-05, 2.8898852178826928e-05, 1.7628544810577296e-05, 1.7930096873897128e-05, 1.4197517884895205e-05], [2.3128306565922685e-05, 5.345964018488303e-05, 6.58413118799217e-05, 3.952387487515807e-05, 4.1452960431342945e-05, 3.27314883179497e-05], [2.8898852178826928e-05, 6.58413118799217e-05, 0.00010947837290586904, 7.911185821285471e-05, 7.766130147501826e-05, 6.238571222638711e-05], [1.7628544810577296e-05, 3.952387487515807e-05, 7.911185821285471e-05, 9.096049325307831e-05, 7.821436884114519e-05, 6.410224887076765e-05], [1.7930096873897128e-05, 4.1452960431342945e-05, 7.766130147501826e-05, 7.821436884114519e-05, 9.633425361244008e-05, 7.523491512984037e-05], [1.4197517884895205e-05, 3.27314883179497e-05, 6.238571222638711e-05, 6.410224887076765e-05, 7.523491512984037e-05, 7.271064532687888e-05]]</COVARIANCE_MATRIX>
		<ROI_SIZE>2879</ROI_SIZE>
		<MAX_VALUE>[0.10746774822473526, 0.11046820133924484, 0.10502056777477264, 0.09794878959655762, 0.07466156035661697, 0.06704232841730118]</MAX_VALUE>
		<MIN_VALUE>[0.07928652316331863, 0.06266073137521744, 0.03372420370578766, 0.020446300506591797, 0.0, 0.0]</MIN_VALUE>
		<SIGNATURE_THRESHOLD_MD>0.0</SIGNATURE_THRESHOLD_MD>
		<SIGNATURE_THRESHOLD_ML>0.0</SIGNATURE_THRESHOLD_ML>
		<SIGNATURE_THRESHOLD_SAM>0.0</SIGNATURE_THRESHOLD_SAM>
	</signature>
	<signature ID="20210204_152427188612_383">
		<MACROCLASSID>1</MACROCLASSID>
		<MACROCLASSINFO>waterbody</MACROCLASSINFO>
		<CLASSID>5</CLASSID>
		<CLASSINFO>C 1</CLASSINFO>
		<VALUES>[0.08742998061462878, 0.002497030868184209, 0.08344554009935205, 0.0038499791197170335, 0.05804494466749268, 0.00327652811549024, 0.04616750022656256, 0.007302279596335369, 0.007618349376729926, 0.005598289534857892, 0.0053890610650728825, 0.004263095401894101]</VALUES>
		<LCS_MIN>[0.07752519100904465, 0.06633821874856949, 0.04612357169389725, 0.0359467975795269, 0.0, 0.0]</LCS_MIN>
		<LCS_MAX>[0.10394510626792908, 0.1067907065153122, 0.09882089495658875, 0.11732441931962967, 0.06967175751924515, 0.04912779480218887]</LCS_MAX>
		<WAVELENGTH>[0.485, 0.56, 0.66, 0.83, 1.65, 2.215]</WAVELENGTH>
		<MEAN_VALUE>[0.08742998061462878, 0.08344554009935205, 0.05804494466749268, 0.04616750022656256, 0.007618349376729926, 0.0053890610650728825]</MEAN_VALUE>
		<CHECKBOX>2</CHECKBOX>
		<SD>[0.002497030868184209, 0.0038499791197170335, 0.00327652811549024, 0.007302279596335369, 0.005598289534857892, 0.004263095401894101]</SD>
		<WAVELENGTH_UNIT>E-6m</WAVELENGTH_UNIT>
		<COLOR>#2b9996</COLOR>
		<COVARIANCE_MATRIX>[[5.94529410591349e-06, 2.925427224909072e-06, 2.4795815534162102e-06, 2.6580401026876643e-06, 1.809493483051483e-06, 1.2115619938413147e-06], [2.925427224909072e-06, 1.1970769264735281e-05, 6.130700967332814e-06, 3.203949745511636e-06, 1.504622105130693e-06, 1.1742462220354355e-06], [2.4795815534162102e-06, 6.130700967332814e-06, 8.693422387295868e-06, 5.996410436637234e-06, 3.985068360634614e-06, 2.647334895300446e-06], [2.6580401026876643e-06, 3.203949745511636e-06, 5.996410436637234e-06, 3.603204822866246e-05, 2.133359703293536e-05, 1.2790597793355118e-05], [1.809493483051483e-06, 1.504622105130693e-06, 3.985068360634614e-06, 2.133359703293536e-05, 2.1678284610970877e-05, 1.1189095857844222e-05], [1.2115619938413147e-06, 1.1742462220354355e-06, 2.647334895300446e-06, 1.2790597793355118e-05, 1.1189095857844222e-05, 1.4378664673131425e-05]]</COVARIANCE_MATRIX>
		<ROI_SIZE>9936</ROI_SIZE>
		<MAX_VALUE>[0.10394510626792908, 0.1067907065153122, 0.09882089495658875, 0.11732441931962967, 0.06967175751924515, 0.04912779480218887]</MAX_VALUE>
		<MIN_VALUE>[0.07752519100904465, 0.06633821874856949, 0.04612357169389725, 0.0359467975795269, 0.0, 0.0]</MIN_VALUE>
		<SIGNATURE_THRESHOLD_MD>0.0</SIGNATURE_THRESHOLD_MD>
		<SIGNATURE_THRESHOLD_ML>0.0</SIGNATURE_THRESHOLD_ML>
		<SIGNATURE_THRESHOLD_SAM>0.0</SIGNATURE_THRESHOLD_SAM>
	</signature>
	<signature ID="20210204_153320849395_251">
		<MACROCLASSID>1</MACROCLASSID>
		<MACROCLASSINFO>waterbody</MACROCLASSINFO>
		<CLASSID>6</CLASSID>
		<CLASSINFO>C 1</CLASSINFO>
		<VALUES>[0.10383621890436517, 0.0035907658630514724, 0.09464158402247864, 0.0070412223698271565, 0.08727257219227873, 0.010442493386293529, 0.05339895168488673, 0.013083395387026029, 0.026119816956872266, 0.015400374087396624, 0.019104927253316754, 0.01340811263804246]</VALUES>
		<LCS_MIN>[0.09513846784830093, 0.07737071067094803, 0.06162279099225998, 0.03982192650437355, 0.009794075973331928, 0.0]</LCS_MIN>
		<LCS_MAX>[0.11451306939125061, 0.11046820133924484, 0.11741994321346283, 0.11732441931962967, 0.08713608980178833, 0.08137395232915878]</LCS_MAX>
		<WAVELENGTH>[0.485, 0.56, 0.66, 0.83, 1.65, 2.215]</WAVELENGTH>
		<MEAN_VALUE>[0.10383621890436517, 0.09464158402247864, 0.08727257219227873, 0.05339895168488673, 0.026119816956872266, 0.019104927253316754]</MEAN_VALUE>
		<CHECKBOX>2</CHECKBOX>
		<SD>[0.0035907658630514724, 0.0070412223698271565, 0.010442493386293529, 0.013083395387026029, 0.015400374087396624, 0.01340811263804246]</SD>
		<WAVELENGTH_UNIT>E-6m</WAVELENGTH_UNIT>
		<COLOR>#2db428</COLOR>
		<COVARIANCE_MATRIX>[[1.5352603440987878e-05, 2.4587419829913415e-05, 3.381790884304792e-05, 6.226004188647494e-06, 1.4274624845711514e-05, 1.5309722584788688e-05], [2.4587419829913415e-05, 6.381885759765282e-05, 8.129483467200771e-05, -7.389243137367885e-07, 1.0416279110359028e-05, 1.674926716077607e-05], [3.381790884304792e-05, 8.129483467200771e-05, 0.00011722780618583784, 1.2547762707981747e-05, 2.607634996820707e-05, 3.136627492494881e-05], [6.226004188647494e-06, -7.389243137367885e-07, 1.2547762707981747e-05, 0.0002493445936124772, 0.0002140612486982718, 0.00015502737369388342], [1.4274624845711514e-05, 1.0416279110359028e-05, 2.607634996820707e-05, 0.0002140612486982718, 0.00025927231763489544, 0.00020076676446478814], [1.5309722584788688e-05, 1.674926716077607e-05, 3.136627492494881e-05, 0.00015502737369388342, 0.00020076676446478814, 0.00017712633416522294]]</COVARIANCE_MATRIX>
		<ROI_SIZE>930</ROI_SIZE>
		<MAX_VALUE>[0.11451306939125061, 0.11046820133924484, 0.11741994321346283, 0.11732441931962967, 0.08713608980178833, 0.08137395232915878]</MAX_VALUE>
		<MIN_VALUE>[0.09513846784830093, 0.07737071067094803, 0.06162279099225998, 0.03982192650437355, 0.009794075973331928, 0.0]</MIN_VALUE>
		<SIGNATURE_THRESHOLD_MD>0.0</SIGNATURE_THRESHOLD_MD>
		<SIGNATURE_THRESHOLD_ML>0.0</SIGNATURE_THRESHOLD_ML>
		<SIGNATURE_THRESHOLD_SAM>0.0</SIGNATURE_THRESHOLD_SAM>
	</signature>
	<signature ID="20210204_153405029497_518">
		<MACROCLASSID>1</MACROCLASSID>
		<MACROCLASSINFO>waterbody</MACROCLASSINFO>
		<CLASSID>7</CLASSID>
		<CLASSINFO>C 1</CLASSINFO>
		<VALUES>[0.1256115451814181, 0.006456989197603145, 0.14148325185818847, 0.01443259392198724, 0.15260128623031705, 0.019824945229238264, 0.10504540154732854, 0.01926624309493873, 0.05154613425663436, 0.02244271986155386, 0.04010578058660032, 0.018272363966653472]</VALUES>
		<LCS_MIN>[0.10922908037900925, 0.10311321169137955, 0.1019207239151001, 0.06307267397642136, 0.012288980185985565, 0.013298743404448032]</LCS_MIN>
		<LCS_MAX>[0.13564899563789368, 0.1619531661272049, 0.18251663446426392, 0.15995077788829803, 0.09711569547653198, 0.07779104262590408]</LCS_MAX>
		<WAVELENGTH>[0.485, 0.56, 0.66, 0.83, 1.65, 2.215]</WAVELENGTH>
		<MEAN_VALUE>[0.1256115451814181, 0.14148325185818847, 0.15260128623031705, 0.10504540154732854, 0.05154613425663436, 0.04010578058660032]</MEAN_VALUE>
		<CHECKBOX>2</CHECKBOX>
		<SD>[0.006456989197603145, 0.01443259392198724, 0.019824945229238264, 0.01926624309493873, 0.02244271986155386, 0.018272363966653472]</SD>
		<WAVELENGTH_UNIT>E-6m</WAVELENGTH_UNIT>
		<COLOR>#ba643b</COLOR>
		<COVARIANCE_MATRIX>[[4.220115806674585e-05, 8.587582124164328e-05, 0.00011693809210555628, 5.30394863744732e-05, 9.679700269771274e-06, 1.8774386262521148e-05], [8.587582124164328e-05, 0.00021084000763949007, 0.00028449419187381864, 7.804418419254944e-05, -3.798203761107288e-05, -7.76901015342446e-06], [0.00011693809210555628, 0.00028449419187381864, 0.0003978214808739722, 0.00011703051131917164, -3.549186294549145e-05, 4.0961862168842345e-07], [5.30394863744732e-05, 7.804418419254944e-05, 0.00011703051131917164, 0.0003757147933356464, 0.000323560438118875, 0.0002512273786123842], [9.679700269771274e-06, -3.798203761107288e-05, -3.549186294549145e-05, 0.000323560438118875, 0.0005098180845379829, 0.00039272772846743464], [1.8774386262521148e-05, -7.76901015342446e-06, 4.0961862168842345e-07, 0.0002512273786123842, 0.00039272772846743464, 0.0003379509726073593]]</COVARIANCE_MATRIX>
		<ROI_SIZE>83</ROI_SIZE>
		<MAX_VALUE>[0.13564899563789368, 0.1619531661272049, 0.18251663446426392, 0.15995077788829803, 0.09711569547653198, 0.07779104262590408]</MAX_VALUE>
		<MIN_VALUE>[0.10922908037900925, 0.10311321169137955, 0.1019207239151001, 0.06307267397642136, 0.012288980185985565, 0.013298743404448032]</MIN_VALUE>
		<SIGNATURE_THRESHOLD_MD>0.0</SIGNATURE_THRESHOLD_MD>
		<SIGNATURE_THRESHOLD_ML>0.0</SIGNATURE_THRESHOLD_ML>
		<SIGNATURE_THRESHOLD_SAM>0.0</SIGNATURE_THRESHOLD_SAM>
	</signature>
	<signature ID="20210204_153418710468_779">
		<MACROCLASSID>1</MACROCLASSID>
		<MACROCLASSINFO>waterbody</MACROCLASSINFO>
		<CLASSID>8</CLASSID>
		<CLASSINFO>C 1</CLASSINFO>
		<VALUES>[0.10698588164347525, 0.004444880674328663, 0.08670323292882937, 0.008394723158650703, 0.07992940213320388, 0.011563544805438187, 0.0814612318744075, 0.02175273632679962, 0.06576464442922822, 0.024052700826346342, 0.05460355631163662, 0.020101221742929398]</VALUES>
		<LCS_MIN>[0.09689979255199432, 0.07369322329759598, 0.06162279099225998, 0.0436970517039299, 0.022268593311309814, 0.024047458544373512]</LCS_MIN>
		<LCS_MAX>[0.12155836820602417, 0.11414569616317749, 0.12051977962255478, 0.13282489776611328, 0.10959021747112274, 0.0992884710431099]</LCS_MAX>
		<WAVELENGTH>[0.485, 0.56, 0.66, 0.83, 1.65, 2.215]</WAVELENGTH>
		<MEAN_VALUE>[0.10698588164347525, 0.08670323292882937, 0.07992940213320388, 0.0814612318744075, 0.06576464442922822, 0.05460355631163662]</MEAN_VALUE>
		<CHECKBOX>2</CHECKBOX>
		<SD>[0.004444880674328663, 0.008394723158650703, 0.011563544805438187, 0.02175273632679962, 0.024052700826346342, 0.020101221742929398]</SD>
		<WAVELENGTH_UNIT>E-6m</WAVELENGTH_UNIT>
		<COLOR>#89fd32</COLOR>
		<COVARIANCE_MATRIX>[[1.9945126041420735e-05, 3.223797830287367e-05, 4.504436583374627e-05, 7.901901699369773e-05, 7.368197839241475e-05, 6.324615242192522e-05], [3.223797830287367e-05, 7.114253094187006e-05, 9.395249071530998e-05, 0.00016239340766333044, 0.00015328932204283774, 0.00012823345605283976], [4.504436583374627e-05, 9.395249071530998e-05, 0.000134989051730372, 0.00023125945881474763, 0.00022261134290602058, 0.00018725280824583024], [7.901901699369773e-05, 0.00016239340766333044, 0.00023125945881474763, 0.00047768803779035807, 0.0004482957301661372, 0.0003651233564596623], [7.368197839241475e-05, 0.00015328932204283774, 0.00022261134290602058, 0.0004482957301661372, 0.000584042223636061, 0.00046931454562582076], [6.324615242192522e-05, 0.00012823345605283976, 0.00018725280824583024, 0.0003651233564596623, 0.00046931454562582076, 0.0004079072969034314]]</COVARIANCE_MATRIX>
		<ROI_SIZE>106</ROI_SIZE>
		<MAX_VALUE>[0.12155836820602417, 0.11414569616317749, 0.12051977962255478, 0.13282489776611328, 0.10959021747112274, 0.0992884710431099]</MAX_VALUE>
		<MIN_VALUE>[0.09689979255199432, 0.07369322329759598, 0.06162279099225998, 0.0436970517039299, 0.022268593311309814, 0.024047458544373512]</MIN_VALUE>
		<SIGNATURE_THRESHOLD_MD>0.0</SIGNATURE_THRESHOLD_MD>
		<SIGNATURE_THRESHOLD_ML>0.0</SIGNATURE_THRESHOLD_ML>
		<SIGNATURE_THRESHOLD_SAM>0.0</SIGNATURE_THRESHOLD_SAM>
	</signature>
	<signature ID="20210204_153445512045_965">
		<MACROCLASSID>1</MACROCLASSID>
		<MACROCLASSINFO>waterbody</MACROCLASSINFO>
		<CLASSID>9</CLASSID>
		<CLASSINFO>C 1</CLASSINFO>
		<VALUES>[0.10182870993281548, 0.004243101378867697, 0.09092669570753803, 0.007810904775956501, 0.05975118448149488, 0.00654769607306627, 0.045867428079972565, 0.010721239400821467, 0.021753260796443886, 0.011868146838756498, 0.014193851833695106, 0.009364949228462028]</VALUES>
		<LCS_MIN>[0.08104784786701202, 0.058983221650123596, 0.03992389142513275, 0.03207167237997055, 0.0023093665950000286, 0.0]</LCS_MIN>
		<LCS_MAX>[0.11451306939125061, 0.11414569616317749, 0.0957210436463356, 0.08632341772317886, 0.062187038362026215, 0.052710697054862976]</LCS_MAX>
		<WAVELENGTH>[0.485, 0.56, 0.66, 0.83, 1.65, 2.215]</WAVELENGTH>
		<MEAN_VALUE>[0.10182870993281548, 0.09092669570753803, 0.05975118448149488, 0.045867428079972565, 0.021753260796443886, 0.014193851833695106]</MEAN_VALUE>
		<CHECKBOX>2</CHECKBOX>
		<SD>[0.004243101378867697, 0.007810904775956501, 0.00654769607306627, 0.010721239400821467, 0.011868146838756498, 0.009364949228462028]</SD>
		<WAVELENGTH_UNIT>E-6m</WAVELENGTH_UNIT>
		<COLOR>#803b6e</COLOR>
		<COVARIANCE_MATRIX>[[1.8021806681645103e-05, 2.8016467695124447e-05, 1.737505772325676e-05, -1.4378746527654584e-05, -1.178055208583828e-05, -2.2699703094986035e-06], [2.8016467695124447e-05, 6.107088120188564e-05, 3.570846456568688e-05, -3.0045790481381118e-05, -2.4754901460255496e-05, -6.2912995417718776e-06], [1.737505772325676e-05, 3.570846456568688e-05, 4.291494042263366e-05, 2.011432297877036e-05, 2.5372530217282474e-05, 2.749042869254481e-05], [-1.4378746527654584e-05, -3.0045790481381118e-05, 2.011432297877036e-05, 0.00011505923612276092, 0.0001107453863369301, 7.684539014007896e-05], [-1.178055208583828e-05, -2.4754901460255496e-05, 2.5372530217282474e-05, 0.0001107453863369301, 0.0001409929245710373, 9.95573282125406e-05], [-2.2699703094986035e-06, -6.2912995417718776e-06, 2.749042869254481e-05, 7.684539014007896e-05, 9.95573282125406e-05, 8.778945630183443e-05]]</COVARIANCE_MATRIX>
		<ROI_SIZE>1007</ROI_SIZE>
		<MAX_VALUE>[0.11451306939125061, 0.11414569616317749, 0.0957210436463356, 0.08632341772317886, 0.062187038362026215, 0.052710697054862976]</MAX_VALUE>
		<MIN_VALUE>[0.08104784786701202, 0.058983221650123596, 0.03992389142513275, 0.03207167237997055, 0.0023093665950000286, 0.0]</MIN_VALUE>
		<SIGNATURE_THRESHOLD_MD>0.0</SIGNATURE_THRESHOLD_MD>
		<SIGNATURE_THRESHOLD_ML>0.0</SIGNATURE_THRESHOLD_ML>
		<SIGNATURE_THRESHOLD_SAM>0.0</SIGNATURE_THRESHOLD_SAM>
	</signature>
	<signature ID="20210204_153500924538_981">
		<MACROCLASSID>1</MACROCLASSID>
		<MACROCLASSINFO>waterbody</MACROCLASSINFO>
		<CLASSID>10</CLASSID>
		<CLASSINFO>C 1</CLASSINFO>
		<VALUES>[0.10600288795067547, 0.0061618743101399765, 0.10239409022770896, 0.013769125347526891, 0.08788704198075115, 0.018024097405729737, 0.05495793102216897, 0.01489695746380264, 0.023516045123716755, 0.012577224919574175, 0.017156573758220824, 0.011286054402961791]</VALUES>
		<LCS_MIN>[0.08985448628664017, 0.07001572102308273, 0.055423103272914886, 0.0359467975795269, 0.004804269876331091, 0.0025500268675386906]</LCS_MIN>
		<LCS_MAX>[0.12508101761341095, 0.13988818228244781, 0.13911882042884827, 0.10182391107082367, 0.06717685610055923, 0.05629359930753708]</LCS_MAX>
		<WAVELENGTH>[0.485, 0.56, 0.66, 0.83, 1.65, 2.215]</WAVELENGTH>
		<MEAN_VALUE>[0.10600288795067547, 0.10239409022770896, 0.08788704198075115, 0.05495793102216897, 0.023516045123716755, 0.017156573758220824]</MEAN_VALUE>
		<CHECKBOX>2</CHECKBOX>
		<SD>[0.0061618743101399765, 0.013769125347526891, 0.018024097405729737, 0.01489695746380264, 0.012577224919574175, 0.011286054402961791]</SD>
		<WAVELENGTH_UNIT>E-6m</WAVELENGTH_UNIT>
		<COLOR>#7ed8be</COLOR>
		<COVARIANCE_MATRIX>[[3.806290987995453e-05, 7.781246677041054e-05, 0.00010091684816870838, 4.265249663149007e-05, 5.026771304983413e-06, 7.513012860727031e-06], [7.781246677041054e-05, 0.0001900592615129426, 0.0002370267320657149, 7.689647463848814e-05, -6.818640486017102e-06, -5.537905849450908e-07], [0.00010091684816870838, 0.0002370267320657149, 0.00032567422022111714, 0.00015332682232838124, 3.1904357456369326e-05, 3.123429632978514e-05], [4.265249663149007e-05, 7.689647463848814e-05, 0.00015332682232838124, 0.00022247001470532268, 0.00014739592734258622, 0.00012095847341697663], [5.026771304983413e-06, -6.818640486017102e-06, 3.1904357456369326e-05, 0.00014739592734258622, 0.0001585791032994166, 0.00012919408618472517], [7.513012860727031e-06, -5.537905849450908e-07, 3.123429632978514e-05, 0.00012095847341697663, 0.00012919408618472517, 0.0001276910916203633]]</COVARIANCE_MATRIX>
		<ROI_SIZE>404</ROI_SIZE>
		<MAX_VALUE>[0.12508101761341095, 0.13988818228244781, 0.13911882042884827, 0.10182391107082367, 0.06717685610055923, 0.05629359930753708]</MAX_VALUE>
		<MIN_VALUE>[0.08985448628664017, 0.07001572102308273, 0.055423103272914886, 0.0359467975795269, 0.004804269876331091, 0.0025500268675386906]</MIN_VALUE>
		<SIGNATURE_THRESHOLD_MD>0.0</SIGNATURE_THRESHOLD_MD>
		<SIGNATURE_THRESHOLD_ML>0.0</SIGNATURE_THRESHOLD_ML>
		<SIGNATURE_THRESHOLD_SAM>0.0</SIGNATURE_THRESHOLD_SAM>
	</signature>
	<signature ID="20210204_153511682525_107">
		<MACROCLASSID>1</MACROCLASSID>
		<MACROCLASSINFO>waterbody</MACROCLASSINFO>
		<CLASSID>11</CLASSID>
		<CLASSINFO>C 1</CLASSINFO>
		<VALUES>[0.10864716706726056, 0.007626016442346699, 0.11305004567083711, 0.018054599930077006, 0.09572104795404586, 0.02350179509889597, 0.05883175367626816, 0.013809288371198807, 0.03299888578630915, 0.014662888319967371, 0.02352957526815281, 0.011967170545085405]</VALUES>
		<LCS_MIN>[0.09337713569402695, 0.07369322329759598, 0.055423103272914886, 0.0359467975795269, 0.007299172692000866, 0.0025500268675386906]</LCS_MIN>
		<LCS_MAX>[0.12684234976768494, 0.15092068910598755, 0.1484183669090271, 0.09407366067171097, 0.07216665893793106, 0.06345941871404648]</LCS_MAX>
		<WAVELENGTH>[0.485, 0.56, 0.66, 0.83, 1.65, 2.215]</WAVELENGTH>
		<MEAN_VALUE>[0.10864716706726056, 0.11305004567083711, 0.09572104795404586, 0.05883175367626816, 0.03299888578630915, 0.02352957526815281]</MEAN_VALUE>
		<CHECKBOX>2</CHECKBOX>
		<SD>[0.007626016442346699, 0.018054599930077006, 0.02350179509889597, 0.013809288371198807, 0.014662888319967371, 0.011967170545085405]</SD>
		<WAVELENGTH_UNIT>E-6m</WAVELENGTH_UNIT>
		<COLOR>#3a6077</COLOR>
		<COVARIANCE_MATRIX>[[5.8328187151346356e-05, 0.0001316081325057894, 0.00016940022760536522, 4.960355727234855e-05, 7.952705345815048e-06, 1.640794289414771e-05], [0.0001316081325057894, 0.00032693298999220133, 0.0004131535242777318, 0.00010808093065861613, -4.780382596436539e-07, 2.5159439246635884e-05], [0.00016940022760536522, 0.0004131535242777318, 0.0005539684789255261, 0.0001869365369202569, 4.127746797166765e-05, 5.9869624237762764e-05], [4.960355727234855e-05, 0.00010808093065861613, 0.0001869365369202569, 0.00019126063853036612, 0.00014546792954206467, 0.0001133893383666873], [7.952705345815048e-06, -4.780382596436539e-07, 4.127746797166765e-05, 0.00014546792954206467, 0.00021563639165833592, 0.00015994317072909325], [1.640794289414771e-05, 2.5159439246635884e-05, 5.9869624237762764e-05, 0.0001133893383666873, 0.00015994317072909325, 0.0001436368766007945]]</COVARIANCE_MATRIX>
		<ROI_SIZE>339</ROI_SIZE>
		<MAX_VALUE>[0.12684234976768494, 0.15092068910598755, 0.1484183669090271, 0.09407366067171097, 0.07216665893793106, 0.06345941871404648]</MAX_VALUE>
		<MIN_VALUE>[0.09337713569402695, 0.07369322329759598, 0.055423103272914886, 0.0359467975795269, 0.007299172692000866, 0.0025500268675386906]</MIN_VALUE>
		<SIGNATURE_THRESHOLD_MD>0.0</SIGNATURE_THRESHOLD_MD>
		<SIGNATURE_THRESHOLD_ML>0.0</SIGNATURE_THRESHOLD_ML>
		<SIGNATURE_THRESHOLD_SAM>0.0</SIGNATURE_THRESHOLD_SAM>
	</signature>
	<signature ID="20210204_153533648649_658">
		<MACROCLASSID>1</MACROCLASSID>
		<MACROCLASSINFO>waterbody</MACROCLASSINFO>
		<CLASSID>12</CLASSID>
		<CLASSINFO>C 1</CLASSINFO>
		<VALUES>[0.10658709066254751, 0.00435270343635449, 0.09680892154574394, 0.007279560504023119, 0.08708577656320163, 0.011549835727874722, 0.11594043778521675, 0.026631321942221998, 0.09961059875786306, 0.024877650246078603, 0.07011338429791586, 0.018757516054949686]</VALUES>
		<LCS_MIN>[0.09866111725568771, 0.08840321004390717, 0.07092230767011642, 0.07469803839921951, 0.04971252754330635, 0.03837908059358597]</LCS_MIN>
		<LCS_MAX>[0.11451306939125061, 0.11046820133924484, 0.10812041908502579, 0.15220052003860474, 0.13453924655914307, 0.0992884710431099]</LCS_MAX>
		<WAVELENGTH>[0.485, 0.56, 0.66, 0.83, 1.65, 2.215]</WAVELENGTH>
		<MEAN_VALUE>[0.10658709066254751, 0.09680892154574394, 0.08708577656320163, 0.11594043778521675, 0.09961059875786306, 0.07011338429791586]</MEAN_VALUE>
		<CHECKBOX>2</CHECKBOX>
		<SD>[0.00435270343635449, 0.007279560504023119, 0.011549835727874722, 0.026631321942221998, 0.024877650246078603, 0.018757516054949686]</SD>
		<WAVELENGTH_UNIT>E-6m</WAVELENGTH_UNIT>
		<COLOR>#eec444</COLOR>
		<COVARIANCE_MATRIX>[[2.04034131456865e-05, 2.9895127227064222e-05, 4.598861778504215e-05, -6.037834737071535e-06, 3.312657281639986e-05, 4.368925146991387e-05], [2.9895127227064222e-05, 5.7068307796726e-05, 8.693811832927167e-05, 5.747293107560836e-05, 8.398656791541725e-05, 7.96359236119315e-05], [4.598861778504215e-05, 8.693811832927167e-05, 0.00014366014511324465, 0.00010355642007198185, 0.0001308797945966944, 0.00013193472113925964], [-6.037834737071535e-06, 5.747293107560836e-05, 0.00010355642007198185, 0.0007637832313776016, 0.00039192836266011, 0.0001872079010354355], [3.312657281639986e-05, 8.398656791541725e-05, 0.0001308797945966944, 0.00039192836266011, 0.0006665049586445093, 0.0004668910405598581], [4.368925146991387e-05, 7.96359236119315e-05, 0.00013193472113925964, 0.0001872079010354355, 0.0004668910405598581, 0.00037890937528572977]]</COVARIANCE_MATRIX>
		<ROI_SIZE>14</ROI_SIZE>
		<MAX_VALUE>[0.11451306939125061, 0.11046820133924484, 0.10812041908502579, 0.15220052003860474, 0.13453924655914307, 0.0992884710431099]</MAX_VALUE>
		<MIN_VALUE>[0.09866111725568771, 0.08840321004390717, 0.07092230767011642, 0.07469803839921951, 0.04971252754330635, 0.03837908059358597]</MIN_VALUE>
		<SIGNATURE_THRESHOLD_MD>0.0</SIGNATURE_THRESHOLD_MD>
		<SIGNATURE_THRESHOLD_ML>0.0</SIGNATURE_THRESHOLD_ML>
		<SIGNATURE_THRESHOLD_SAM>0.0</SIGNATURE_THRESHOLD_SAM>
	</signature>
	<signature ID="20210204_153555558587_674">
		<MACROCLASSID>1</MACROCLASSID>
		<MACROCLASSINFO>waterbody</MACROCLASSINFO>
		<CLASSID>13</CLASSID>
		<CLASSINFO>C 1</CLASSINFO>
		<VALUES>[0.10434873836735885, 0.0034809344107111177, 0.10018269919479884, 0.00644152192536078, 0.10566637108180055, 0.010108372358659882, 0.0989781175740063, 0.010865378604002125, 0.04062952264212069, 0.015167574094943246, 0.028712699044262997, 0.011668759015412436]</VALUES>
		<LCS_MIN>[0.09513846784830093, 0.07369322329759598, 0.058522943407297134, 0.07857316732406616, 0.014783883467316628, 0.00613293144851923]</LCS_MIN>
		<LCS_MAX>[0.11275173723697662, 0.11046820133924484, 0.12051977962255478, 0.13670003414154053, 0.06967175751924515, 0.05987651273608208]</LCS_MAX>
		<WAVELENGTH>[0.485, 0.56, 0.66, 0.83, 1.65, 2.215]</WAVELENGTH>
		<MEAN_VALUE>[0.10434873836735885, 0.10018269919479884, 0.10566637108180055, 0.0989781175740063, 0.04062952264212069, 0.028712699044262997]</MEAN_VALUE>
		<CHECKBOX>2</CHECKBOX>
		<SD>[0.0034809344107111177, 0.00644152192536078, 0.010108372358659882, 0.010865378604002125, 0.015167574094943246, 0.011668759015412436]</SD>
		<WAVELENGTH_UNIT>E-6m</WAVELENGTH_UNIT>
		<COLOR>#ee6d63</COLOR>
		<COVARIANCE_MATRIX>[[1.2180343219370116e-05, 1.5567939044558443e-05, 2.323526678082999e-05, 3.584648311516503e-06, 5.525987035071012e-06, 1.1719605026883073e-05], [1.5567939044558443e-05, 4.1710445657372475e-05, 6.021380249876529e-05, -3.7573831832560245e-06, -5.957281700830208e-06, 1.270833581656916e-05], [2.323526678082999e-05, 6.021380249876529e-05, 0.00010271416249452159, -2.412673711660318e-05, -3.670013029477559e-05, 1.6233249198194244e-06], [3.584648311516503e-06, -3.7573831832560245e-06, -2.412673711660318e-05, 0.00011867455032188445, 0.0001260224962607026, 8.044068817980587e-05], [5.525987035071012e-06, -5.957281700830208e-06, -3.670013029477559e-05, 0.0001260224962607026, 0.00023125977895688266, 0.00015852249634917825], [1.1719605026883073e-05, 1.270833581656916e-05, 1.6233249198194244e-06, 8.044068817980587e-05, 0.00015852249634917825, 0.00013687281170859933]]</COVARIANCE_MATRIX>
		<ROI_SIZE>192</ROI_SIZE>
		<MAX_VALUE>[0.11275173723697662, 0.11046820133924484, 0.12051977962255478, 0.13670003414154053, 0.06967175751924515, 0.05987651273608208]</MAX_VALUE>
		<MIN_VALUE>[0.09513846784830093, 0.07369322329759598, 0.058522943407297134, 0.07857316732406616, 0.014783883467316628, 0.00613293144851923]</MIN_VALUE>
		<SIGNATURE_THRESHOLD_MD>0.0</SIGNATURE_THRESHOLD_MD>
		<SIGNATURE_THRESHOLD_ML>0.0</SIGNATURE_THRESHOLD_ML>
		<SIGNATURE_THRESHOLD_SAM>0.0</SIGNATURE_THRESHOLD_SAM>
	</signature>
	<signature ID="20210204_153617931052_487">
		<MACROCLASSID>1</MACROCLASSID>
		<MACROCLASSINFO>waterbody</MACROCLASSINFO>
		<CLASSID>14</CLASSID>
		<CLASSINFO>C 1</CLASSINFO>
		<VALUES>[0.09473860807571569, 0.003164712493509879, 0.07287884140413109, 0.005877125227246515, 0.04687047311335721, 0.007562404602582257, 0.03742020880455845, 0.009784155960570012, 0.016027860128785106, 0.01003224774055945, 0.01124020532282034, 0.008779088406682472]</VALUES>
		<LCS_MIN>[0.08104784786701202, 0.058983221650123596, 0.036824051290750504, 0.024321425706148148, 0.0023093665950000286, 0.0]</LCS_MIN>
		<LCS_MAX>[0.10570643097162247, 0.09208070486783981, 0.07712199538946152, 0.07857316732406616, 0.05470234155654907, 0.04912779480218887]</LCS_MAX>
		<WAVELENGTH>[0.485, 0.56, 0.66, 0.83, 1.65, 2.215]</WAVELENGTH>
		<MEAN_VALUE>[0.09473860807571569, 0.07287884140413109, 0.04687047311335721, 0.03742020880455845, 0.016027860128785106, 0.01124020532282034]</MEAN_VALUE>
		<CHECKBOX>2</CHECKBOX>
		<SD>[0.003164712493509879, 0.005877125227246515, 0.007562404602582257, 0.009784155960570012, 0.01003224774055945, 0.008779088406682472]</SD>
		<WAVELENGTH_UNIT>E-6m</WAVELENGTH_UNIT>
		<COLOR>#99ff46</COLOR>
		<COVARIANCE_MATRIX>[[9.969808161258698e-06, 1.2139600585214794e-05, 1.3380464224610478e-05, 4.29683632319211e-06, 6.091263458074536e-06, 6.664156899205409e-06], [1.2139600585214794e-05, 2.875472819141578e-05, 2.9512320907087997e-05, 1.303542285313597e-05, 1.5862146028666757e-05, 1.5878120393608697e-05], [1.3380464224610478e-05, 2.9512320907087997e-05, 4.9261434469372034e-05, 4.326573616708629e-05, 4.4383556087268516e-05, 3.952208862756379e-05], [4.29683632319211e-06, 1.303542285313597e-05, 4.326573616708629e-05, 8.996372343972325e-05, 7.712676597293466e-05, 6.106819637352601e-05], [6.091263458074536e-06, 1.5862146028666757e-05, 4.4383556087268516e-05, 7.712676597293466e-05, 9.096215944737196e-05, 7.008520333329216e-05], [6.664156899205409e-06, 1.5878120393608697e-05, 3.952208862756379e-05, 6.106819637352601e-05, 7.008520333329216e-05, 7.051449938444421e-05]]</COVARIANCE_MATRIX>
		<ROI_SIZE>1660</ROI_SIZE>
		<MAX_VALUE>[0.10570643097162247, 0.09208070486783981, 0.07712199538946152, 0.07857316732406616, 0.05470234155654907, 0.04912779480218887]</MAX_VALUE>
		<MIN_VALUE>[0.08104784786701202, 0.058983221650123596, 0.036824051290750504, 0.024321425706148148, 0.0023093665950000286, 0.0]</MIN_VALUE>
		<SIGNATURE_THRESHOLD_MD>0.0</SIGNATURE_THRESHOLD_MD>
		<SIGNATURE_THRESHOLD_ML>0.0</SIGNATURE_THRESHOLD_ML>
		<SIGNATURE_THRESHOLD_SAM>0.0</SIGNATURE_THRESHOLD_SAM>
	</signature>
	<signature ID="20210204_153633620050_987">
		<MACROCLASSID>1</MACROCLASSID>
		<MACROCLASSINFO>waterbody</MACROCLASSINFO>
		<CLASSID>15</CLASSID>
		<CLASSINFO>C 1</CLASSINFO>
		<VALUES>[0.08992516423157394, 0.0026843247440092814, 0.06447155395454032, 0.003370408364326284, 0.03988354653120039, 0.003449668282538889, 0.04180992138925572, 0.011440617277714057, 0.01724902099026712, 0.009754117355925455, 0.009727039855729114, 0.006258860646638307]</VALUES>
		<LCS_MIN>[0.07928652316331863, 0.047950729727745056, 0.03372420370578766, 0.028196552768349648, 0.0023093665950000286, 0.0]</LCS_MIN>
		<LCS_MAX>[0.10218377411365509, 0.07737071067094803, 0.06782247126102448, 0.08244828879833221, 0.06468195468187332, 0.03837908059358597]</LCS_MAX>
		<WAVELENGTH>[0.485, 0.56, 0.66, 0.83, 1.65, 2.215]</WAVELENGTH>
		<MEAN_VALUE>[0.08992516423157394, 0.06447155395454032, 0.03988354653120039, 0.04180992138925572, 0.01724902099026712, 0.009727039855729114]</MEAN_VALUE>
		<CHECKBOX>2</CHECKBOX>
		<SD>[0.0026843247440092814, 0.003370408364326284, 0.003449668282538889, 0.011440617277714057, 0.009754117355925455, 0.006258860646638307]</SD>
		<WAVELENGTH_UNIT>E-6m</WAVELENGTH_UNIT>
		<COLOR>#adc708</COLOR>
		<COVARIANCE_MATRIX>[[7.691621249250602e-06, 5.740286724176258e-06, 3.2120792639034335e-06, -6.495047728094505e-06, -1.667094579715922e-06, 1.488015044515123e-07], [5.740286724176258e-06, 1.2380003681755625e-05, 5.995646006340394e-06, -6.018341991875786e-06, 5.495210757544555e-07, 2.7741873509512516e-06], [3.2120792639034335e-06, 5.995646006340394e-06, 1.1986489880655427e-05, 1.6883703210623935e-05, 1.8841165001504123e-05, 1.2870536920672748e-05], [-6.495047728094505e-06, -6.018341991875786e-06, 1.6883703210623935e-05, 0.00013660565309692174, 9.889787179417908e-05, 5.4299474868457764e-05], [-1.667094579715922e-06, 5.495210757544555e-07, 1.8841165001504123e-05, 9.889787179417908e-05, 9.847762703429908e-05, 5.384690302889794e-05], [1.488015044515123e-07, 2.7741873509512516e-06, 1.2870536920672748e-05, 5.4299474868457764e-05, 5.384690302889794e-05, 4.083655585418455e-05]]</COVARIANCE_MATRIX>
		<ROI_SIZE>1451</ROI_SIZE>
		<MAX_VALUE>[0.10218377411365509, 0.07737071067094803, 0.06782247126102448, 0.08244828879833221, 0.06468195468187332, 0.03837908059358597]</MAX_VALUE>
		<MIN_VALUE>[0.07928652316331863, 0.047950729727745056, 0.03372420370578766, 0.028196552768349648, 0.0023093665950000286, 0.0]</MIN_VALUE>
		<SIGNATURE_THRESHOLD_MD>0.0</SIGNATURE_THRESHOLD_MD>
		<SIGNATURE_THRESHOLD_ML>0.0</SIGNATURE_THRESHOLD_ML>
		<SIGNATURE_THRESHOLD_SAM>0.0</SIGNATURE_THRESHOLD_SAM>
	</signature>
	<signature ID="20210204_153649882645_306">
		<MACROCLASSID>1</MACROCLASSID>
		<MACROCLASSINFO>waterbody</MACROCLASSINFO>
		<CLASSID>16</CLASSID>
		<CLASSINFO>C 1</CLASSINFO>
		<VALUES>[0.09358731895542942, 0.002915482663984499, 0.07187641323999751, 0.004246668709006542, 0.04971909537235709, 0.004779965635258427, 0.047091251741516835, 0.012800006594368241, 0.022917625542089974, 0.012101948894675736, 0.014095303021273561, 0.009651470607784101]</VALUES>
		<LCS_MIN>[0.07928652316331863, 0.05530573055148125, 0.03372420370578766, 0.03207167237997055, 0.004804269876331091, 0.0]</LCS_MIN>
		<LCS_MAX>[0.10394510626792908, 0.08472570776939392, 0.07402215898036957, 0.08632341772317886, 0.06717685610055923, 0.052710697054862976]</LCS_MAX>
		<WAVELENGTH>[0.485, 0.56, 0.66, 0.83, 1.65, 2.215]</WAVELENGTH>
