<?xml version="1.0" ?>
<signaturelist MCID_LIST="[['1', 'waterbody', '#0000ff'], ['2', 'vegetation', '#55ff00'], ['3', 'bareland', '#ffaa00'], ['4', 'built-up', '#ff0000']]">
	<signature ID="20211207_142529213776_208">
		<MACROCLASSID>1</MACROCLASSID>
		<MACROCLASSINFO>waterbody</MACROCLASSINFO>
		<CLASSID>1</CLASSID>
		<CLASSINFO>C 1</CLASSINFO>
		<VALUES>[0.08395178359363288, 0.002679421341331868, 0.05683091104652055, 0.004623441862016882, 0.03638941447131501, 0.004883137630294193, 0.022713752905226023, 0.003268166431841034, 0.007179067108412013, 0.002799316386165839, 0.005849770702512863, 0.0032901990940409696]</VALUES>
		<LCS_MIN>[0.07559535652399063, 0.04770192131400108, 0.028230592608451843, 0.016996268182992935, 0.0, 0.0]</LCS_MIN>
		<LCS_MAX>[0.10568409413099289, 0.09591326862573624, 0.08227971941232681, 0.07263969630002975, 0.05610558018088341, 0.04671322554349899]</LCS_MAX>
		<WAVELENGTH>[0.485, 0.56, 0.66, 0.83, 1.65, 2.215]</WAVELENGTH>
		<MEAN_VALUE>[0.08395178359363288, 0.05683091104652055, 0.03638941447131501, 0.022713752905226023, 0.007179067108412013, 0.005849770702512863]</MEAN_VALUE>
		<CHECKBOX>2</CHECKBOX>
		<SD>[0.002679421341331868, 0.004623441862016882, 0.004883137630294193, 0.003268166431841034, 0.002799316386165839, 0.0032901990940409696]</SD>
		<WAVELENGTH_UNIT>E-6m</WAVELENGTH_UNIT>
		<COLOR>#65a211</COLOR>
		<COVARIANCE_MATRIX>[[7.3464848355797585e-06, 8.894899110600818e-06, 9.785468137124553e-06, 4.8853648877411615e-06, 3.861868663079804e-06, 3.2094887956191087e-06], [8.894899110600818e-06, 2.1127141735632904e-05, 1.898059963423293e-05, 8.89221246325178e-06, 6.842885795776965e-06, 5.659369890054222e-06], [9.785468137124553e-06, 1.898059963423293e-05, 2.5494231522316113e-05, 1.0580452908470761e-05, 8.594603059464134e-06, 7.073327651596628e-06], [4.8853648877411615e-06, 8.89221246325178e-06, 1.0580452908470761e-05, 1.4155646567814983e-05, 7.3776946010184474e-06, 6.177172963361954e-06], [3.861868663079804e-06, 6.842885795776965e-06, 8.594603059464134e-06, 7.3776946010184474e-06, 1.125435210269643e-05, 6.55817348160781e-06], [3.2094887956191087e-06, 5.659369890054222e-06, 7.073327651596628e-06, 6.177172963361954e-06, 6.55817348160781e-06, 1.3177633263694588e-05]]</COVARIANCE_MATRIX>
		<ROI_SIZE>49971</ROI_SIZE>
		<MAX_VALUE>[0.10568409413099289, 0.09591326862573624, 0.08227971941232681, 0.07263969630002975, 0.05610558018088341, 0.04671322554349899]</MAX_VALUE>
		<MIN_VALUE>[0.07559535652399063, 0.04770192131400108, 0.028230592608451843, 0.016996268182992935, 0.0, 0.0]</MIN_VALUE>
		<SIGNATURE_THRESHOLD_MD>0.0</SIGNATURE_THRESHOLD_MD>
		<SIGNATURE_THRESHOLD_ML>0.0</SIGNATURE_THRESHOLD_ML>
		<SIGNATURE_THRESHOLD_SAM>0.0</SIGNATURE_THRESHOLD_SAM>
	</signature>
	<signature ID="20211207_142536256424_206">
		<MACROCLASSID>1</MACROCLASSID>
		<MACROCLASSINFO>waterbody</MACROCLASSINFO>
		<CLASSID>2</CLASSID>
		<CLASSINFO>C 1</CLASSINFO>
		<VALUES>[0.08492829236547035, 0.0038048280871191913, 0.057744391488964514, 0.005968079215996179, 0.036738559252797155, 0.005931956319554268, 0.022254825173043596, 0.003877204307043353, 0.006677434266933373, 0.002391213953238968, 0.005325215679198285, 0.002884486376964019]</VALUES>
		<LCS_MIN>[0.07559535652399063, 0.044258251786231995, 0.028230592608451843, 0.016996268182992935, 0.0, 0.0]</LCS_MIN>
		<LCS_MAX>[0.10885132849216461, 0.09591326862573624, 0.08227971941232681, 0.06866517663002014, 0.04842887446284294, 0.039363596588373184]</LCS_MAX>
		<WAVELENGTH>[0.485, 0.56, 0.66, 0.83, 1.65, 2.215]</WAVELENGTH>
		<MEAN_VALUE>[0.08492829236547035, 0.057744391488964514, 0.036738559252797155, 0.022254825173043596, 0.006677434266933373, 0.005325215679198285]</MEAN_VALUE>
		<CHECKBOX>2</CHECKBOX>
		<SD>[0.0038048280871191913, 0.005968079215996179, 0.005931956319554268, 0.003877204307043353, 0.002391213953238968, 0.002884486376964019]</SD>
		<WAVELENGTH_UNIT>E-6m</WAVELENGTH_UNIT>
		<COLOR>#bd5630</COLOR>
		<COVARIANCE_MATRIX>[[1.3878867321182042e-05, 1.8908707716036588e-05, 1.7344984371447936e-05, 8.248277481470723e-06, 2.4369942366320174e-06, 1.4138701089905226e-06], [1.8908707716036588e-05, 3.563036079867743e-05, 2.9123333661118522e-05, 1.3868828318663873e-05, 4.070866452821065e-06, 2.2824954157840693e-06], [1.7344984371447936e-05, 2.9123333661118522e-05, 3.437158011365682e-05, 1.5203877410385758e-05, 4.837728283746401e-06, 2.7498526833369397e-06], [8.248277481470723e-06, 1.3868828318663873e-05, 1.5203877410385758e-05, 1.449205319659086e-05, 3.724004727700958e-06, 2.3365601009572856e-06], [2.4369942366320174e-06, 4.070866452821065e-06, 4.837728283746401e-06, 3.724004727700958e-06, 5.23479775438318e-06, 1.2393021506795776e-06], [1.4138701089905226e-06, 2.2824954157840693e-06, 2.7498526833369397e-06, 2.3365601009572856e-06, 1.2393021506795776e-06, 8.236348548962269e-06]]</COVARIANCE_MATRIX>
		<ROI_SIZE>47529</ROI_SIZE>
		<MAX_VALUE>[0.10885132849216461, 0.09591326862573624, 0.08227971941232681, 0.06866517663002014, 0.04842887446284294, 0.039363596588373184]</MAX_VALUE>
		<MIN_VALUE>[0.07559535652399063, 0.044258251786231995, 0.028230592608451843, 0.016996268182992935, 0.0, 0.0]</MIN_VALUE>
		<SIGNATURE_THRESHOLD_MD>0.0</SIGNATURE_THRESHOLD_MD>
		<SIGNATURE_THRESHOLD_ML>0.0</SIGNATURE_THRESHOLD_ML>
		<SIGNATURE_THRESHOLD_SAM>0.0</SIGNATURE_THRESHOLD_SAM>
	</signature>
	<signature ID="20211207_142625149825_115">
		<MACROCLASSID>1</MACROCLASSID>
		<MACROCLASSINFO>waterbody</MACROCLASSINFO>
		<CLASSID>3</CLASSID>
		<CLASSINFO>C 1</CLASSINFO>
		<VALUES>[0.1317130121317777, 0.006253066785191768, 0.17173658013343815, 0.014274195054769147, 0.2037313011559572, 0.018788819069518167, 0.13782200190153987, 0.0152451766114182, 0.03228451775556261, 0.02818755552756818, 0.02372892570935867, 0.02051704681791581]</VALUES>
		<LCS_MIN>[0.1136021763086319, 0.13379362225532532, 0.1585843861103058, 0.12033405900001526, 0.00492751132696867, 0.0026154411025345325]</LCS_MIN>
		<LCS_MAX>[0.14052368700504303, 0.18544863164424896, 0.2221715748310089, 0.17995202541351318, 0.10984256863594055, 0.07611174136400223]</LCS_MAX>
		<WAVELENGTH>[0.485, 0.56, 0.66, 0.83, 1.65, 2.215]</WAVELENGTH>
		<MEAN_VALUE>[0.1317130121317777, 0.17173658013343815, 0.2037313011559572, 0.13782200190153987, 0.03228451775556261, 0.02372892570935867]</MEAN_VALUE>
		<CHECKBOX>2</CHECKBOX>
		<SD>[0.006253066785191768, 0.014274195054769147, 0.018788819069518167, 0.0152451766114182, 0.02818755552756818, 0.02051704681791581]</SD>
		<WAVELENGTH_UNIT>E-6m</WAVELENGTH_UNIT>
		<COLOR>#a3bbff</COLOR>
		<COVARIANCE_MATRIX>[[3.982493217336014e-05, 8.37775514810346e-05, 0.00011069305037381127, -7.338502473430708e-05, -0.00014202520833350718, -9.881208097795025e-05], [8.37775514810346e-05, 0.00020752583805005997, 0.0002688099048100412, -0.0001884238881757483, -0.00036662729689851403, -0.0002605364134069532], [0.00011069305037381127, 0.0002688099048100412, 0.00035955713246949017, -0.00024042045697569847, -0.00046502923942171037, -0.0003310775209683925], [-7.338502473430708e-05, -0.0001884238881757483, -0.00024042045697569847, 0.0002367193956160918, 0.00040376652032136917, 0.00029876703047193587], [-0.00014202520833350718, -0.00036662729689851403, -0.00046502923942171037, 0.00040376652032136917, 0.000809251971077174, 0.0005662425537593663], [-9.881208097795025e-05, -0.0002605364134069532, -0.0003310775209683925, 0.00029876703047193587, 0.0005662425537593663, 0.00042874456266872585]]</COVARIANCE_MATRIX>
		<ROI_SIZE>55</ROI_SIZE>
		<MAX_VALUE>[0.14052368700504303, 0.18544863164424896, 0.2221715748310089, 0.17995202541351318, 0.10984256863594055, 0.07611174136400223]</MAX_VALUE>
		<MIN_VALUE>[0.1136021763086319, 0.13379362225532532, 0.1585843861103058, 0.12033405900001526, 0.00492751132696867, 0.0026154411025345325]</MIN_VALUE>
		<SIGNATURE_THRESHOLD_MD>0.0</SIGNATURE_THRESHOLD_MD>
		<SIGNATURE_THRESHOLD_ML>0.0</SIGNATURE_THRESHOLD_ML>
		<SIGNATURE_THRESHOLD_SAM>0.0</SIGNATURE_THRESHOLD_SAM>
	</signature>
	<signature ID="20211207_142703210782_772">
		<MACROCLASSID>1</MACROCLASSID>
		<MACROCLASSINFO>waterbody</MACROCLASSINFO>
		<CLASSID>4</CLASSID>
		<CLASSINFO>C 1</CLASSINFO>
		<VALUES>[0.10199168457516601, 0.004240617266986963, 0.08825286268731765, 0.006233074153332946, 0.08227972454410422, 0.008206980140498947, 0.07785120155966402, 0.018955209008076252, 0.05379473853248116, 0.0176086889347513, 0.04118225297282391, 0.014379377816275274]</VALUES>
		<LCS_MIN>[0.09459877014160156, 0.0752512663602829, 0.06956227868795395, 0.044817984104156494, 0.02283983863890171, 0.013639888726174831]</LCS_MIN>
		<LCS_MAX>[0.11835303902626038, 0.11313161253929138, 0.11089397221803665, 0.12828312814235687, 0.08937133848667145, 0.07978656888008118]</LCS_MAX>
		<WAVELENGTH>[0.485, 0.56, 0.66, 0.83, 1.65, 2.215]</WAVELENGTH>
		<MEAN_VALUE>[0.10199168457516601, 0.08825286268731765, 0.08227972454410422, 0.07785120155966402, 0.05379473853248116, 0.04118225297282391]</MEAN_VALUE>
		<CHECKBOX>2</CHECKBOX>
		<SD>[0.004240617266986963, 0.006233074153332946, 0.008206980140498947, 0.018955209008076252, 0.0176086889347513, 0.014379377816275274]</SD>
		<WAVELENGTH_UNIT>E-6m</WAVELENGTH_UNIT>
		<COLOR>#eb3c9f</COLOR>
		<COVARIANCE_MATRIX>[[1.80750539584551e-05, 2.2440493921749294e-05, 3.1035593565320596e-05, 3.97734584112186e-05, 3.807734537986107e-05, 3.868234489345923e-05], [2.2440493921749294e-05, 3.9050450141076e-05, 4.6433571696979925e-05, 6.729031883878633e-05, 5.835207048221491e-05, 5.664021227858029e-05], [3.1035593565320596e-05, 4.6433571696979925e-05, 6.769993342459202e-05, 9.571314149070531e-05, 8.665541099617258e-05, 8.238410373451188e-05], [3.97734584112186e-05, 6.729031883878633e-05, 9.571314149070531e-05, 0.0003611425054259598, 0.00023778423201292753, 0.00015780194371473044], [3.807734537986107e-05, 5.835207048221491e-05, 8.665541099617258e-05, 0.00023778423201292753, 0.00031165601103566587, 0.00023077617515809834], [3.868234489345923e-05, 5.664021227858029e-05, 8.238410373451188e-05, 0.00015780194371473044, 0.00023077617515809834, 0.00020782684441655874]]</COVARIANCE_MATRIX>
		<ROI_SIZE>196</ROI_SIZE>
		<MAX_VALUE>[0.11835303902626038, 0.11313161253929138, 0.11089397221803665, 0.12828312814235687, 0.08937133848667145, 0.07978656888008118]</MAX_VALUE>
		<MIN_VALUE>[0.09459877014160156, 0.0752512663602829, 0.06956227868795395, 0.044817984104156494, 0.02283983863890171, 0.013639888726174831]</MIN_VALUE>
		<SIGNATURE_THRESHOLD_MD>0.0</SIGNATURE_THRESHOLD_MD>
		<SIGNATURE_THRESHOLD_ML>0.0</SIGNATURE_THRESHOLD_ML>
		<SIGNATURE_THRESHOLD_SAM>0.0</SIGNATURE_THRESHOLD_SAM>
	</signature>
	<signature ID="20211207_142740709878_471">
		<MACROCLASSID>1</MACROCLASSID>
		<MACROCLASSINFO>waterbody</MACROCLASSINFO>
		<CLASSID>5</CLASSID>
		<CLASSINFO>C 1</CLASSINFO>
		<VALUES>[0.09979628953032003, 0.0035401463255730166, 0.08721579754581818, 0.005616031161900147, 0.08227972562114395, 0.007091014758160512, 0.07207918959932448, 0.012992057464462454, 0.048461680825895206, 0.014861615589308857, 0.03950493345753505, 0.013346627489707738]</VALUES>
		<LCS_MIN>[0.0930151492357254, 0.0752512663602829, 0.06956227868795395, 0.048792514950037, 0.02283983863890171, 0.01731470227241516]</LCS_MIN>
		<LCS_MAX>[0.11043494939804077, 0.10280060768127441, 0.1013558879494667, 0.10443594306707382, 0.08425352722406387, 0.07243692129850388]</LCS_MAX>
		<WAVELENGTH>[0.485, 0.56, 0.66, 0.83, 1.65, 2.215]</WAVELENGTH>
		<MEAN_VALUE>[0.09979628953032003, 0.08721579754581818, 0.08227972562114395, 0.07207918959932448, 0.048461680825895206, 0.03950493345753505]</MEAN_VALUE>
		<CHECKBOX>2</CHECKBOX>
		<SD>[0.0035401463255730166, 0.005616031161900147, 0.007091014758160512, 0.012992057464462454, 0.014861615589308857, 0.013346627489707738]</SD>
		<WAVELENGTH_UNIT>E-6m</WAVELENGTH_UNIT>
		<COLOR>#dd37ae</COLOR>
		<COVARIANCE_MATRIX>[[1.2695397344941739e-05, 1.654196785239037e-05, 2.1251173166092485e-05, 3.48304929502774e-05, 3.371946149854921e-05, 3.175437814206816e-05], [1.654196785239037e-05, 3.1949413823895156e-05, 3.327257581986487e-05, 5.567536936723627e-05, 5.510665869223885e-05, 5.0549861043691635e-05], [2.1251173166092485e-05, 3.327257581986487e-05, 5.09355086251162e-05, 7.713167724432424e-05, 8.061718108365312e-05, 7.40464820410125e-05], [3.48304929502774e-05, 5.567536936723627e-05, 7.713167724432424e-05, 0.00017098568787332624, 0.0001627456658752635, 0.00014158447447698563], [3.371946149854921e-05, 5.510665869223885e-05, 8.061718108365312e-05, 0.0001627456658752635, 0.0002237360313301906, 0.00018281396478414536], [3.175437814206816e-05, 5.0549861043691635e-05, 7.40464820410125e-05, 0.00014158447447698563, 0.00018281396478414536, 0.0001804458734113723]]</COVARIANCE_MATRIX>
		<ROI_SIZE>78</ROI_SIZE>
		<MAX_VALUE>[0.11043494939804077, 0.10280060768127441, 0.1013558879494667, 0.10443594306707382, 0.08425352722406387, 0.07243692129850388]</MAX_VALUE>
		<MIN_VALUE>[0.0930151492357254, 0.0752512663602829, 0.06956227868795395, 0.048792514950037, 0.02283983863890171, 0.01731470227241516]</MIN_VALUE>
		<SIGNATURE_THRESHOLD_MD>0.0</SIGNATURE_THRESHOLD_MD>
		<SIGNATURE_THRESHOLD_ML>0.0</SIGNATURE_THRESHOLD_ML>
		<SIGNATURE_THRESHOLD_SAM>0.0</SIGNATURE_THRESHOLD_SAM>
	</signature>
	<signature ID="20211207_142758174810_329">
		<MACROCLASSID>1</MACROCLASSID>
		<MACROCLASSINFO>waterbody</MACROCLASSINFO>
		<CLASSID>6</CLASSID>
		<CLASSINFO>C 1</CLASSINFO>
		<VALUES>[0.10585256808615745, 0.00679165893923244, 0.09891731894396723, 0.009440687953759252, 0.0976353584134832, 0.01182934201967318, 0.09800904402707485, 0.016793663952511577, 0.08496130860232294, 0.021125689279877284, 0.07016949323897666, 0.017770780192942988]</VALUES>
		<LCS_MIN>[0.08984792232513428, 0.08558226376771927, 0.07592100650072098, 0.06469064205884933, 0.04331106320023537, 0.039363596588373184]</LCS_MIN>
		<LCS_MAX>[0.12310390174388885, 0.11657528579235077, 0.1204320564866066, 0.12430860847234726, 0.13287268579006195, 0.1091850996017456]</LCS_MAX>
		<WAVELENGTH>[0.485, 0.56, 0.66, 0.83, 1.65, 2.215]</WAVELENGTH>
		<MEAN_VALUE>[0.10585256808615745, 0.09891731894396723, 0.0976353584134832, 0.09800904402707485, 0.08496130860232294, 0.07016949323897666]</MEAN_VALUE>
		<CHECKBOX>2</CHECKBOX>
		<SD>[0.00679165893923244, 0.009440687953759252, 0.01182934201967318, 0.016793663952511577, 0.021125689279877284, 0.017770780192942988]</SD>
		<WAVELENGTH_UNIT>E-6m</WAVELENGTH_UNIT>
		<COLOR>#ad41f6</COLOR>
		<COVARIANCE_MATRIX>[[4.712938243756071e-05, 5.6151406170101836e-05, 7.331797678489238e-05, 5.912181222811341e-05, 8.788410195847973e-05, 8.553215593565255e-05], [5.6151406170101836e-05, 9.106412471737713e-05, 0.00010638734966050833, 0.00010750156070571393, 0.00013939451309852302, 0.00013433335698209703], [7.331797678489238e-05, 0.00010638734966050833, 0.00014297536108642817, 0.00013572217721957713, 0.00018468211055733263, 0.00017425368423573673], [5.912181222811341e-05, 0.00010750156070571393, 0.00013572217721957713, 0.0002881581604015082, 0.00025161262601614, 0.00021594366990029812], [8.788410195847973e-05, 0.00013939451309852302, 0.00018468211055733263, 0.00025161262601614, 0.00045599680743180215, 0.0003415966930333525], [8.553215593565255e-05, 0.00013433335698209703, 0.00017425368423573673, 0.00021594366990029812, 0.0003415966930333525, 0.0003226658736821264]]</COVARIANCE_MATRIX>
		<ROI_SIZE>47</ROI_SIZE>
		<MAX_VALUE>[0.12310390174388885, 0.11657528579235077, 0.1204320564866066, 0.12430860847234726, 0.13287268579006195, 0.1091850996017456]</MAX_VALUE>
		<MIN_VALUE>[0.08984792232513428, 0.08558226376771927, 0.07592100650072098, 0.06469064205884933, 0.04331106320023537, 0.039363596588373184]</MIN_VALUE>
		<SIGNATURE_THRESHOLD_MD>0.0</SIGNATURE_THRESHOLD_MD>
		<SIGNATURE_THRESHOLD_ML>0.0</SIGNATURE_THRESHOLD_ML>
		<SIGNATURE_THRESHOLD_SAM>0.0</SIGNATURE_THRESHOLD_SAM>
	</signature>
	<signature ID="20211207_142811462575_423">
		<MACROCLASSID>1</MACROCLASSID>
		<MACROCLASSINFO>waterbody</MACROCLASSINFO>
		<CLASSID>7</CLASSID>
		<CLASSINFO>C 1</CLASSINFO>
		<VALUES>[0.09928056066188483, 0.004814876916069123, 0.08618302722214906, 0.007399914411785552, 0.0808138522635739, 0.009911698239822424, 0.08477378077224774, 0.01944091694112403, 0.056193274321075175, 0.01787905653538692, 0.040737357242990296, 0.014211999580162983]</VALUES>
		<LCS_MIN>[0.08984792232513428, 0.07180759310722351, 0.06320356577634811, 0.048792514950037, 0.02539873868227005, 0.013639888726174831]</LCS_MIN>
		<LCS_MAX>[0.11676942557096481, 0.1096879318356514, 0.11407332122325897, 0.13225765526294708, 0.09704803675413132, 0.08346138149499893]</LCS_MAX>
		<WAVELENGTH>[0.485, 0.56, 0.66, 0.83, 1.65, 2.215]</WAVELENGTH>
		<MEAN_VALUE>[0.09928056066188483, 0.08618302722214906, 0.0808138522635739, 0.08477378077224774, 0.056193274321075175, 0.040737357242990296]</MEAN_VALUE>
		<CHECKBOX>2</CHECKBOX>
		<SD>[0.004814876916069123, 0.007399914411785552, 0.009911698239822424, 0.01944091694112403, 0.01787905653538692, 0.014211999580162983]</SD>
		<WAVELENGTH_UNIT>E-6m</WAVELENGTH_UNIT>
		<COLOR>#fd191c</COLOR>
		<COVARIANCE_MATRIX>[[2.3255486667039804e-05, 3.223404928576201e-05, 4.3182779336348176e-05, 2.552551268308889e-05, 3.6477013054536656e-05, 4.192286723991856e-05], [3.223404928576201e-05, 5.4929852922214195e-05, 6.794396176701412e-05, 4.1917806811397895e-05, 5.896013681194745e-05, 6.525413482449949e-05], [4.3182779336348176e-05, 6.794396176701412e-05, 9.854876407189295e-05, 6.803307769587263e-05, 8.885868010111153e-05, 9.486787166679278e-05], [2.552551268308889e-05, 4.1917806811397895e-05, 6.803307769587263e-05, 0.0003791303315665573, 0.00027083305758424103, 0.00016822278848849237], [3.6477013054536656e-05, 5.896013681194745e-05, 8.885868010111153e-05, 0.00027083305758424103, 0.00032065960112959146, 0.0002257100713904947], [4.192286723991856e-05, 6.525413482449949e-05, 9.486787166679278e-05, 0.00016822278848849237, 0.0002257100713904947, 0.0002026121219387278]]</COVARIANCE_MATRIX>
		<ROI_SIZE>321</ROI_SIZE>
		<MAX_VALUE>[0.11676942557096481, 0.1096879318356514, 0.11407332122325897, 0.13225765526294708, 0.09704803675413132, 0.08346138149499893]</MAX_VALUE>
		<MIN_VALUE>[0.08984792232513428, 0.07180759310722351, 0.06320356577634811, 0.048792514950037, 0.02539873868227005, 0.013639888726174831]</MIN_VALUE>
		<SIGNATURE_THRESHOLD_MD>0.0</SIGNATURE_THRESHOLD_MD>
		<SIGNATURE_THRESHOLD_ML>0.0</SIGNATURE_THRESHOLD_ML>
		<SIGNATURE_THRESHOLD_SAM>0.0</SIGNATURE_THRESHOLD_SAM>
	</signature>
	<signature ID="20211207_142828328699_676">
		<MACROCLASSID>1</MACROCLASSID>
		<MACROCLASSINFO>waterbody</MACROCLASSINFO>
		<CLASSID>8</CLASSID>
		<CLASSINFO>C 1</CLASSINFO>
		<VALUES>[0.10196045846552461, 0.006336787210987991, 0.09377260969297305, 0.008963964285078927, 0.09138816252753541, 0.012036760177885146, 0.09176041336881148, 0.022270368491910834, 0.0758160586796097, 0.02311729978253142, 0.06488866353961263, 0.01977926616626786]</VALUES>
		<LCS_MIN>[0.08984792232513428, 0.0786949172616005, 0.07274163514375687, 0.05276704952120781, 0.030516548082232475, 0.02466433309018612]</LCS_MIN>
		<LCS_MAX>[0.11676942557096481, 0.11657528579235077, 0.11725267022848129, 0.1402067244052887, 0.12263708561658859, 0.1091850996017456]</LCS_MAX>
		<WAVELENGTH>[0.485, 0.56, 0.66, 0.83, 1.65, 2.215]</WAVELENGTH>
		<MEAN_VALUE>[0.10196045846552461, 0.09377260969297305, 0.09138816252753541, 0.09176041336881148, 0.0758160586796097, 0.06488866353961263]</MEAN_VALUE>
		<CHECKBOX>2</CHECKBOX>
		<SD>[0.006336787210987991, 0.008963964285078927, 0.012036760177885146, 0.022270368491910834, 0.02311729978253142, 0.01977926616626786]</SD>
		<WAVELENGTH_UNIT>E-6m</WAVELENGTH_UNIT>
		<COLOR>#ed3c71</COLOR>
		<COVARIANCE_MATRIX>[[4.127028660150245e-05, 5.376488115871325e-05, 7.164138514781371e-05, 7.440031913574785e-05, 9.828415932133794e-05, 0.00010059620399260893], [5.376488115871325e-05, 8.258467278210446e-05, 0.00010489182022865862, 0.0001355955027975142, 0.00015767688455525786, 0.00015106966020539403], [7.164138514781371e-05, 0.00010489182022865862, 0.00014890813326928765, 0.0001874598383437842, 0.00021548544464167207, 0.0002043746062554419], [7.440031913574785e-05, 0.0001355955027975142, 0.0001874598383437842, 0.0005097462562844157, 0.00039069147896952927, 0.00024449138436466455], [9.828415932133794e-05, 0.00015767688455525786, 0.00021548544464167207, 0.00039069147896952927, 0.0005492542404681444, 0.0004034114826936275], [0.00010059620399260893, 0.00015106966020539403, 0.0002043746062554419, 0.00024449138436466455, 0.0004034114826936275, 0.0004020865890197456]]</COVARIANCE_MATRIX>
		<ROI_SIZE>37</ROI_SIZE>
		<MAX_VALUE>[0.11676942557096481, 0.11657528579235077, 0.11725267022848129, 0.1402067244052887, 0.12263708561658859, 0.1091850996017456]</MAX_VALUE>
		<MIN_VALUE>[0.08984792232513428, 0.0786949172616005, 0.07274163514375687, 0.05276704952120781, 0.030516548082232475, 0.02466433309018612]</MIN_VALUE>
		<SIGNATURE_THRESHOLD_MD>0.0</SIGNATURE_THRESHOLD_MD>
		<SIGNATURE_THRESHOLD_ML>0.0</SIGNATURE_THRESHOLD_ML>
		<SIGNATURE_THRESHOLD_SAM>0.0</SIGNATURE_THRESHOLD_SAM>
	</signature>
	<signature ID="20211207_143125140526_406">
		<MACROCLASSID>1</MACROCLASSID>
		<MACROCLASSINFO>waterbody</MACROCLASSINFO>
		<CLASSID>9</CLASSID>
		<CLASSINFO>C 1</CLASSINFO>
		<VALUES>[0.08084042085194638, 0.0032773703896514335, 0.07393341077012183, 0.00572121085409195, 0.054556278872530665, 0.007702395774375881, 0.028014499178858468, 0.010294673863378559, 0.023411506340904734, 0.01165604555361865, 0.016562605597044856, 0.009302935203829951]</VALUES>
		<LCS_MIN>[0.07401175051927567, 0.058032914996147156, 0.04094803333282471, 0.0010981439845636487, 0.0, 0.0]</LCS_MIN>
		<LCS_MAX>[0.09143154323101044, 0.09591326862573624, 0.09499716758728027, 0.06866517663002014, 0.06634120643138885, 0.05773766711354256]</LCS_MAX>
		<WAVELENGTH>[0.485, 0.56, 0.66, 0.83, 1.65, 2.215]</WAVELENGTH>
		<MEAN_VALUE>[0.08084042085194638, 0.07393341077012183, 0.054556278872530665, 0.028014499178858468, 0.023411506340904734, 0.016562605597044856]</MEAN_VALUE>
		<CHECKBOX>2</CHECKBOX>
		<SD>[0.0032773703896514335, 0.00572121085409195, 0.007702395774375881, 0.010294673863378559, 0.01165604555361865, 0.009302935203829951]</SD>
		<WAVELENGTH_UNIT>E-6m</WAVELENGTH_UNIT>
		<COLOR>#3344e2</COLOR>
		<COVARIANCE_MATRIX>[[1.0765679689939134e-05, 1.3564262189902365e-05, 1.8640777852851897e-05, 1.81381510628853e-05, 1.799993697204627e-05, 1.491543480369728e-05], [1.3564262189902365e-05, 3.2806983654154465e-05, 3.6497302062343806e-05, 2.914670403697528e-05, 2.7310345103614964e-05, 2.445630161673762e-05], [1.8640777852851897e-05, 3.6497302062343806e-05, 5.946234887233004e-05, 5.5335571232717484e-05, 5.092268838780001e-05, 4.4467444240581244e-05], [1.81381510628853e-05, 2.914670403697528e-05, 5.5335571232717484e-05, 0.00010622227273415774, 8.67800263222307e-05, 6.824367301305756e-05], [1.799993697204627e-05, 2.7310345103614964e-05, 5.092268838780001e-05, 8.67800263222307e-05, 0.0001361735921818763, 8.81802843650803e-05], [1.491543480369728e-05, 2.445630161673762e-05, 4.4467444240581244e-05, 6.824367301305756e-05, 8.81802843650803e-05, 8.674219134263694e-05]]</COVARIANCE_MATRIX>
		<ROI_SIZE>439</ROI_SIZE>
		<MAX_VALUE>[0.09143154323101044, 0.09591326862573624, 0.09499716758728027, 0.06866517663002014, 0.06634120643138885, 0.05773766711354256]</MAX_VALUE>
		<MIN_VALUE>[0.07401175051927567, 0.058032914996147156, 0.04094803333282471, 0.0010981439845636487, 0.0, 0.0]</MIN_VALUE>
		<SIGNATURE_THRESHOLD_MD>0.0</SIGNATURE_THRESHOLD_MD>
		<SIGNATURE_THRESHOLD_ML>0.0</SIGNATURE_THRESHOLD_ML>
		<SIGNATURE_THRESHOLD_SAM>0.0</SIGNATURE_THRESHOLD_SAM>
	</signature>
	<signature ID="20211207_143132770608_921">
		<MACROCLASSID>1</MACROCLASSID>
		<MACROCLASSINFO>waterbody</MACROCLASSINFO>
		<CLASSID>10</CLASSID>
		<CLASSINFO>C 1</CLASSINFO>
		<VALUES>[0.11024182798658928, 0.010222375360922315, 0.13370962550000445, 0.01450071214268288, 0.14276511676427797, 0.02967162881075252, 0.11141560790015431, 0.07109737787713563, 0.13156203793861518, 0.11031208591783268, 0.10855767748704773, 0.08612433773930747]</VALUES>
		<LCS_MIN>[0.09618239849805832, 0.11657528579235077, 0.11407332122325897, 0.04084344953298569, 0.02539873868227005, 0.02466433309018612]</LCS_MIN>
		<LCS_MAX>[0.13260559737682343, 0.16823029518127441, 0.20627480745315552, 0.25149357318878174, 0.3606151044368744, 0.2672021687030792]</LCS_MAX>
		<WAVELENGTH>[0.485, 0.56, 0.66, 0.83, 1.65, 2.215]</WAVELENGTH>
		<MEAN_VALUE>[0.11024182798658928, 0.13370962550000445, 0.14276511676427797, 0.11141560790015431, 0.13156203793861518, 0.10855767748704773]</MEAN_VALUE>
		<CHECKBOX>2</CHECKBOX>
		<SD>[0.010222375360922315, 0.01450071214268288, 0.02967162881075252, 0.07109737787713563, 0.11031208591783268, 0.08612433773930747]</SD>
		<WAVELENGTH_UNIT>E-6m</WAVELENGTH_UNIT>
		<COLOR>#f4ced7</COLOR>
		<COVARIANCE_MATRIX>[[0.00010710937931435183, 0.00014518156240228564, 0.00030387102742679417, 0.0007138777291402221, 0.0010797861032187939, 0.0008346831309609115], [0.00014518156240228564, 0.00021552741236519068, 0.0004294681129977107, 0.0009857203112915158, 0.0014664269983768463, 0.0011448931181803346], [0.00030387102742679417, 0.0004294681129977107, 0.000902415718883276, 0.0020945717114955187, 0.003131730481982231, 0.002419424010440707], [0.0007138777291402221, 0.0009857203112915158, 0.0020945717114955187, 0.005181208252906799, 0.007858160883188248, 0.0060848272405564785], [0.0010797861032187939, 0.0014664269983768463, 0.003131730481982231, 0.007858160883188248, 0.012472975067794323, 0.0095578134059906], [0.0008346831309609115, 0.0011448931181803346, 0.002419424010440707, 0.0060848272405564785, 0.0095578134059906, 0.007602836471050978]]</COVARIANCE_MATRIX>
		<ROI_SIZE>41</ROI_SIZE>
		<MAX_VALUE>[0.13260559737682343, 0.16823029518127441, 0.20627480745315552, 0.25149357318878174, 0.3606151044368744, 0.2672021687030792]</MAX_VALUE>
		<MIN_VALUE>[0.09618239849805832, 0.11657528579235077, 0.11407332122325897, 0.04084344953298569, 0.02539873868227005, 0.02466433309018612]</MIN_VALUE>
		<SIGNATURE_THRESHOLD_MD>0.0</SIGNATURE_THRESHOLD_MD>
		<SIGNATURE_THRESHOLD_ML>0.0</SIGNATURE_THRESHOLD_ML>
		<SIGNATURE_THRESHOLD_SAM>0.0</SIGNATURE_THRESHOLD_SAM>
	</signature>
	<signature ID="20211207_143153759589_258">
		<MACROCLASSID>1</MACROCLASSID>
		<MACROCLASSINFO>waterbody</MACROCLASSINFO>
		<CLASSID>11</CLASSID>
		<CLASSINFO>C 1</CLASSINFO>
		<VALUES>[0.11360218795016407, 0.005485808816659209, 0.13874389510601762, 0.00877703254606265, 0.1524243671447039, 0.012839498381074208, 0.11511749448254704, 0.03722394644837232, 0.08201448386535048, 0.05328479089274922, 0.054062855779193335, 0.03827810209488289]</VALUES>
		<LCS_MIN>[0.10410048067569733, 0.12346260249614716, 0.12997014820575714, 0.08058875799179077, 0.017722029238939285, 0.01731470227241516]</LCS_MIN>
		<LCS_MAX>[0.1215202659368515, 0.15101195871829987, 0.17130181193351746, 0.19585013389587402, 0.21731652319431305, 0.1569576859474182]</LCS_MAX>
		<WAVELENGTH>[0.485, 0.56, 0.66, 0.83, 1.65, 2.215]</WAVELENGTH>
		<MEAN_VALUE>[0.11360218795016407, 0.13874389510601762, 0.1524243671447039, 0.11511749448254704, 0.08201448386535048, 0.054062855779193335]</MEAN_VALUE>
		<CHECKBOX>2</CHECKBOX>
		<SD>[0.005485808816659209, 0.00877703254606265, 0.012839498381074208, 0.03722394644837232, 0.05328479089274922, 0.03827810209488289]</SD>
		<WAVELENGTH_UNIT>E-6m</WAVELENGTH_UNIT>
		<COLOR>#898518</COLOR>
		<COVARIANCE_MATRIX>[[3.210037175449543e-05, 4.799038651981391e-05, 7.38450326025486e-05, 3.860399010591209e-05, 6.132507405709475e-05, 6.789409962948412e-05], [4.799038651981391e-05, 8.217205322580412e-05, 0.00011427674326114357, -1.9903209249605425e-05, -2.8125139579060487e-05, 1.43420757012791e-05], [7.38450326025486e-05, 0.00011427674326114357, 0.00017584289889782667, 7.523957901867107e-05, 0.00012739107478410006, 0.00014487614680547267], [3.860399010591209e-05, -1.9903209249605425e-05, 7.523957901867107e-05, 0.001477997051551938, 0.0020073908381164074, 0.001386564690619707], [6.132507405709475e-05, -2.8125139579060487e-05, 0.00012739107478410006, 0.0020073908381164074, 0.003028553444892168, 0.002125817583873868], [6.789409962948412e-05, 1.43420757012791e-05, 0.00014487614680547267, 0.001386564690619707, 0.002125817583873868, 0.0015628939727321267]]</COVARIANCE_MATRIX>
		<ROI_SIZE>16</ROI_SIZE>
		<MAX_VALUE>[0.1215202659368515, 0.15101195871829987, 0.17130181193351746, 0.19585013389587402, 0.21731652319431305, 0.1569576859474182]</MAX_VALUE>
		<MIN_VALUE>[0.10410048067569733, 0.12346260249614716, 0.12997014820575714, 0.08058875799179077, 0.017722029238939285, 0.01731470227241516]</MIN_VALUE>
		<SIGNATURE_THRESHOLD_MD>0.0</SIGNATURE_THRESHOLD_MD>
		<SIGNATURE_THRESHOLD_ML>0.0</SIGNATURE_THRESHOLD_ML>
		<SIGNATURE_THRESHOLD_SAM>0.0</SIGNATURE_THRESHOLD_SAM>
	</signature>
	<signature ID="20211207_143207256711_947">
		<MACROCLASSID>1</MACROCLASSID>
		<MACROCLASSINFO>waterbody</MACROCLASSINFO>
		<CLASSID>12</CLASSID>
		<CLASSINFO>C 1</CLASSINFO>
		<VALUES>[0.08981560535576878, 0.005929583333217344, 0.0890259307866194, 0.009044437941209064, 0.08150110363352056, 0.014427812705270248, 0.06331171794813507, 0.03618343322654582, 0.055478914849916294, 0.04180333897450542, 0.04063853050335026, 0.03182527631990618]</VALUES>
		<LCS_MIN>[0.07717898488044739, 0.06836392730474472, 0.056844837963581085, 0.024945326149463654, 0.012604222632944584, 0.006290255580097437]</LCS_MIN>
		<LCS_MAX>[0.10251686722040176, 0.11313161253929138, 0.11407332122325897, 0.1441812515258789, 0.16102062165737152, 0.12020952999591827]</LCS_MAX>
		<WAVELENGTH>[0.485, 0.56, 0.66, 0.83, 1.65, 2.215]</WAVELENGTH>
		<MEAN_VALUE>[0.08981560535576878, 0.0890259307866194, 0.08150110363352056, 0.06331171794813507, 0.055478914849916294, 0.04063853050335026]</MEAN_VALUE>
		<CHECKBOX>2</CHECKBOX>
		<SD>[0.005929583333217344, 0.009044437941209064, 0.014427812705270248, 0.03618343322654582, 0.04180333897450542, 0.03182527631990618]</SD>
		<WAVELENGTH_UNIT>E-6m</WAVELENGTH_UNIT>
		<COLOR>#de1dce</COLOR>
		<COVARIANCE_MATRIX>[[3.589245898183435e-05, 4.930829891236499e-05, 7.937873306218535e-05, 0.0001570456224726513, 0.00019195815548300743, 0.00014407470007427037], [4.930829891236499e-05, 8.350606367457658e-05, 0.00011518903193064034, 0.00018021163123194128, 0.00024434973602183163, 0.00019008625531569123], [7.937873306218535e-05, 0.00011518903193064034, 0.00021249848941806704, 0.00044118030928075314, 0.0005189987714402378, 0.0003887616330757737], [0.0001570456224726513, 0.00018021163123194128, 0.00044118030928075314, 0.0013365166960284114, 0.0014344213996082544, 0.0010871782433241606], [0.00019195815548300743, 0.00024434973602183163, 0.0005189987714402378, 0.0014344213996082544, 0.0017839258071035147, 0.0013032001443207264], [0.00014407470007427037, 0.00019008625531569123, 0.0003887616330757737, 0.0010871782433241606, 0.0013032001443207264, 0.0010339492000639439]]</COVARIANCE_MATRIX>
		<ROI_SIZE>49</ROI_SIZE>
		<MAX_VALUE>[0.10251686722040176, 0.11313161253929138, 0.11407332122325897, 0.1441812515258789, 0.16102062165737152, 0.12020952999591827]</MAX_VALUE>
		<MIN_VALUE>[0.07717898488044739, 0.06836392730474472, 0.056844837963581085, 0.024945326149463654, 0.012604222632944584, 0.006290255580097437]</MIN_VALUE>
		<SIGNATURE_THRESHOLD_MD>0.0</SIGNATURE_THRESHOLD_MD>
		<SIGNATURE_THRESHOLD_ML>0.0</SIGNATURE_THRESHOLD_ML>
		<SIGNATURE_THRESHOLD_SAM>0.0</SIGNATURE_THRESHOLD_SAM>
	</signature>
	<signature ID="20211207_143320160394_699">
		<MACROCLASSID>2</MACROCLASSID>
		<MACROCLASSINFO>vegetation</MACROCLASSINFO>
		<CLASSID>13</CLASSID>
		<CLASSINFO>C 1</CLASSINFO>
		<VALUES>[0.10834745520895173, 0.004864341385310772, 0.11457168852741069, 0.008298410320936136, 0.11658791208809069, 0.010623715224231391, 0.25268594243309717, 0.014672523456304288, 0.15241341543468573, 0.023388508100931876, 0.10768175477331335, 0.019434531458298137]</VALUES>
		<LCS_MIN>[0.09776600450277328, 0.09591326862573624, 0.08863844722509384, 0.21572279930114746, 0.0996069386601448, 0.06876212358474731]</LCS_MIN>
		<LCS_MAX>[0.11993664503097534, 0.13034994900226593, 0.13632884621620178, 0.279315322637558, 0.19428639113903046, 0.14593324065208435]</LCS_MAX>
		<WAVELENGTH>[0.485, 0.56, 0.66, 0.83, 1.65, 2.215]</WAVELENGTH>
		<MEAN_VALUE>[0.10834745520895173, 0.11457168852741069, 0.11658791208809069, 0.25268594243309717, 0.15241341543468573, 0.10768175477331335]</MEAN_VALUE>
		<CHECKBOX>2</CHECKBOX>
		<SD>[0.004864341385310772, 0.008298410320936136, 0.010623715224231391, 0.014672523456304288, 0.023388508100931876, 0.019434531458298137]</SD>
		<WAVELENGTH_UNIT>E-6m</WAVELENGTH_UNIT>
		<COLOR>#03c516</COLOR>
		<COVARIANCE_MATRIX>[[2.3878897991380654e-05, 3.6304791137808934e-05, 4.8255584260914475e-05, 4.576242281473242e-05, 9.994269930757582e-05, 8.42323133838363e-05], [3.6304791137808934e-05, 6.94953923812136e-05, 8.383440581383184e-05, 8.18957487354055e-05, 0.00017144839512184262, 0.00014208460925146937], [4.8255584260914475e-05, 8.383440581383184e-05, 0.00011389877181500196, 0.00010073235898744315, 0.0002279211621498689, 0.00019000166503246874], [4.576242281473242e-05, 8.18957487354055e-05, 0.00010073235898744315, 0.00021725801343563944, 0.00020518167002592236, 0.0001701091241557151], [9.994269930757582e-05, 0.00017144839512184262, 0.0002279211621498689, 0.00020518167002592236, 0.0005520408740267158, 0.000439690105849877], [8.42323133838363e-05, 0.00014208460925146937, 0.00019000166503246874, 0.0001701091241557151, 0.000439690105849877, 0.00038116617361083627]]</COVARIANCE_MATRIX>
		<ROI_SIZE>110</ROI_SIZE>
		<MAX_VALUE>[0.11993664503097534, 0.13034994900226593, 0.13632884621620178, 0.279315322637558, 0.19428639113903046, 0.14593324065208435]</MAX_VALUE>
		<MIN_VALUE>[0.09776600450277328, 0.09591326862573624, 0.08863844722509384, 0.21572279930114746, 0.0996069386601448, 0.06876212358474731]</MIN_VALUE>
		<SIGNATURE_THRESHOLD_MD>0.0</SIGNATURE_THRESHOLD_MD>
		<SIGNATURE_THRESHOLD_ML>0.0</SIGNATURE_THRESHOLD_ML>
		<SIGNATURE_THRESHOLD_SAM>0.0</SIGNATURE_THRESHOLD_SAM>
	</signature>
	<signature ID="20211207_143328387606_331">
		<MACROCLASSID>2</MACROCLASSID>
		<MACROCLASSINFO>vegetation</MACROCLASSINFO>
		<CLASSID>14</CLASSID>
		<CLASSINFO>C 1</CLASSINFO>
		<VALUES>[0.11187765422135086, 0.006347147984455012, 0.1168525212333869, 0.010339439544994505, 0.12192742536002296, 0.012583351281400642, 0.22154987136186186, 0.024862338185791196, 0.17043220056063058, 0.02248733741409311, 0.1306889865989402, 0.0204434517208318]</VALUES>
		<LCS_MIN>[0.09618239849805832, 0.09246959537267685, 0.09181781858205795, 0.17995202541351318, 0.10984256863594055, 0.07611174136400223]</LCS_MIN>
		<LCS_MAX>[0.13102196156978607, 0.1406809687614441, 0.14586693048477173, 0.2753407657146454, 0.20196309685707092, 0.16430732607841492]</LCS_MAX>
		<WAVELENGTH>[0.485, 0.56, 0.66, 0.83, 1.65, 2.215]</WAVELENGTH>
		<MEAN_VALUE>[0.11187765422135086, 0.1168525212333869, 0.12192742536002296, 0.22154987136186186, 0.17043220056063058, 0.1306889865989402]</MEAN_VALUE>
		<CHECKBOX>2</CHECKBOX>
		<SD>[0.006347147984455012, 0.010339439544994505, 0.012583351281400642, 0.024862338185791196, 0.02248733741409311, 0.0204434517208318]</SD>
		<WAVELENGTH_UNIT>E-6m</WAVELENGTH_UNIT>
		<COLOR>#653d0f</COLOR>
		<COVARIANCE_MATRIX>[[4.0457718569086865e-05, 6.0096823290223256e-05, 7.273546361830086e-05, 8.270194666692987e-05, 0.00010969276627292857, 9.454548853682354e-05], [6.0096823290223256e-05, 0.00010735892283264548, 0.00012500406592153013, 0.00016518382471986115, 0.0001767697394825518, 0.0001479710772400722], [7.273546361830086e-05, 0.00012500406592153013, 0.0001590145257068798, 0.00017251534154638648, 0.00023291395336855203, 0.0002003836416406557], [8.270194666692987e-05, 0.00016518382471986115, 0.00017251534154638648, 0.0006207662518136203, 0.00017906138964463025, 0.00010319142893422395], [0.00010969276627292857, 0.0001767697394825518, 0.00023291395336855203, 0.00017906138964463025, 0.0005078321555629373, 0.00043459091102704406], [9.454548853682354e-05, 0.0001479710772400722, 0.0002003836416406557, 0.00010319142893422395, 0.00043459091102704406, 0.00041971317841671407]]</COVARIANCE_MATRIX>
		<ROI_SIZE>236</ROI_SIZE>
		<MAX_VALUE>[0.13102196156978607, 0.1406809687614441, 0.14586693048477173, 0.2753407657146454, 0.20196309685707092, 0.16430732607841492]</MAX_VALUE>
		<MIN_VALUE>[0.09618239849805832, 0.09246959537267685, 0.09181781858205795, 0.17995202541351318, 0.10984256863594055, 0.07611174136400223]</MIN_VALUE>
		<SIGNATURE_THRESHOLD_MD>0.0</SIGNATURE_THRESHOLD_MD>
		<SIGNATURE_THRESHOLD_ML>0.0</SIGNATURE_THRESHOLD_ML>
		<SIGNATURE_THRESHOLD_SAM>0.0</SIGNATURE_THRESHOLD_SAM>
	</signature>
	<signature ID="20211207_143351328113_652">
		<MACROCLASSID>2</MACROCLASSID>
		<MACROCLASSINFO>vegetation</MACROCLASSINFO>
		<CLASSID>15</CLASSID>
		<CLASSINFO>C 1</CLASSINFO>
		<VALUES>[0.09873508862150247, 0.006099392218815417, 0.09221261005793048, 0.008121213647477935, 0.0857438064778029, 0.010139660150593437, 0.18066388190682267, 0.016650390139619442, 0.10930786848957855, 0.01617509130522476, 0.07797658098722572, 0.015465966960927795]</VALUES>
		<LCS_MIN>[0.08668068796396255, 0.06836392730474472, 0.056844837963581085, 0.15213032066822052, 0.08681244403123856, 0.05038803815841675]</LCS_MIN>
		<LCS_MAX>[0.11993664503097534, 0.12001894414424896, 0.11407332122325897, 0.21572279930114746, 0.1405494064092636, 0.11653470993041992]</LCS_MAX>
		<WAVELENGTH>[0.485, 0.56, 0.66, 0.83, 1.65, 2.215]</WAVELENGTH>
		<MEAN_VALUE>[0.09873508862150247, 0.09221261005793048, 0.0857438064778029, 0.18066388190682267, 0.10930786848957855, 0.07797658098722572]</MEAN_VALUE>
		<CHECKBOX>2</CHECKBOX>
		<SD>[0.006099392218815417, 0.008121213647477935, 0.010139660150593437, 0.016650390139619442, 0.01617509130522476, 0.015465966960927795]</SD>
		<WAVELENGTH_UNIT>E-6m</WAVELENGTH_UNIT>
		<COLOR>#a339c7</COLOR>
		<COVARIANCE_MATRIX>[[3.776626181206666e-05, 4.40456933574751e-05, 5.510370101546869e-05, 7.301525215552829e-07, 6.996814772719517e-05, 7.152646139729768e-05], [4.40456933574751e-05, 6.695341289741918e-05, 8.152567897923291e-05, 3.647687844932079e-05, 0.00010026405652752146, 9.674001194071025e-05], [5.510370101546869e-05, 8.152567897923291e-05, 0.00010437047603772953, 4.325600457377732e-05, 0.00013500955537892878, 0.000129573410958983], [7.301525215552829e-07, 3.647687844932079e-05, 4.325600457377732e-05, 0.00028143601957708597, 5.170080839889124e-05, 1.8126564100384712e-05], [6.996814772719517e-05, 0.00010026405652752146, 0.00013500955537892878, 5.170080839889124e-05, 0.0002655977150425315, 0.00024051648506429046], [7.152646139729768e-05, 9.674001194071025e-05, 0.000129573410958983, 1.8126564100384712e-05, 0.00024051648506429046, 0.00024282031517941505]]</COVARIANCE_MATRIX>
		<ROI_SIZE>67</ROI_SIZE>
		<MAX_VALUE>[0.11993664503097534, 0.12001894414424896, 0.11407332122325897, 0.21572279930114746, 0.1405494064092636, 0.11653470993041992]</MAX_VALUE>
		<MIN_VALUE>[0.08668068796396255, 0.06836392730474472, 0.056844837963581085, 0.15213032066822052, 0.08681244403123856, 0.05038803815841675]</MIN_VALUE>
		<SIGNATURE_THRESHOLD_MD>0.0</SIGNATURE_THRESHOLD_MD>
		<SIGNATURE_THRESHOLD_ML>0.0</SIGNATURE_THRESHOLD_ML>
		<SIGNATURE_THRESHOLD_SAM>0.0</SIGNATURE_THRESHOLD_SAM>
	</signature>
	<signature ID="20211207_143405271091_330">
		<MACROCLASSID>2</MACROCLASSID>
		<MACROCLASSINFO>vegetation</MACROCLASSINFO>
		<CLASSID>16</CLASSID>
		<CLASSINFO>C 1</CLASSINFO>
		<VALUES>[0.0875147267679374, 0.004140471922484294, 0.08242556738356746, 0.007794455950487992, 0.07887780951956908, 0.009663599925547516, 0.16972423553466817, 0.024707590369737905, 0.10434945084154613, 0.019234119262000915, 0.07083226270973675, 0.015017061916367199]</VALUES>
		<LCS_MIN>[0.07717898488044739, 0.06147658824920654, 0.0600242018699646, 0.12430860847234726, 0.06634120643138885, 0.04303840920329094]</LCS_MIN>
		<LCS_MAX>[0.09776600450277328, 0.10280060768127441, 0.10771460831165314, 0.21969734132289886, 0.1431082934141159, 0.10551026463508606]</LCS_MAX>
		<WAVELENGTH>[0.485, 0.56, 0.66, 0.83, 1.65, 2.215]</WAVELENGTH>
