<?xml version="1.0" ?>
<signaturelist MCID_LIST="[['1', 'waterbody', '#0000ff'], ['2', 'vegetation', '#55ff00'], ['3', 'bareland', '#ffaa00'], ['4', 'built-up', '#ff0000']]">
	<signature ID="20211207_142529213776_208">
		<MACROCLASSID>1</MACROCLASSID>
		<MACROCLASSINFO>waterbody</MACROCLASSINFO>
		<CLASSID>1</CLASSID>
		<CLASSINFO>C 1</CLASSINFO>
		<VALUES>[0.08395178359363288, 0.002679421341331868, 0.05683091104652055, 0.004623441862016882, 0.03638941447131501, 0.004883137630294193, 0.022713752905226023, 0.003268166431841034, 0.007179067108412013, 0.002799316386165839, 0.005849770702512863, 0.0032901990940409696]</VALUES>
		<LCS_MIN>[0.07559535652399063, 0.04770192131400108, 0.028230592608451843, 0.016996268182992935, 0.0, 0.0]</LCS_MIN>
		<LCS_MAX>[0.10568409413099289, 0.09591326862573624, 0.08227971941232681, 0.07263969630002975, 0.05610558018088341, 0.04671322554349899]</LCS_MAX>
		<WAVELENGTH>[0.485, 0.56, 0.66, 0.83, 1.65, 2.215]</WAVELENGTH>
		<MEAN_VALUE>[0.08395178359363288, 0.05683091104652055, 0.03638941447131501, 0.022713752905226023, 0.007179067108412013, 0.005849770702512863]</MEAN_VALUE>
		<CHECKBOX>2</CHECKBOX>
		<SD>[0.002679421341331868, 0.004623441862016882, 0.004883137630294193, 0.003268166431841034, 0.002799316386165839, 0.0032901990940409696]</SD>
		<WAVELENGTH_UNIT>E-6m</WAVELENGTH_UNIT>
		<COLOR>#65a211</COLOR>
		<COVARIANCE_MATRIX>[[7.34648493581118e-06, 8.894899002373787e-06, 9.785468125422209e-06, 4.885364748873569e-06, 3.861868747091822e-06, 3.209488760793008e-06], [8.894899002373787e-06, 2.1127141363119364e-05, 1.8980600111720965e-05, 8.892212532666048e-06, 6.84288572809167e-06, 5.659369916538448e-06], [9.785468125422209e-06, 1.8980600111720965e-05, 2.5494232286952775e-05, 1.0580452909557845e-05, 8.594602986526122e-06, 7.073327691776234e-06], [4.885364748873569e-06, 8.892212532666048e-06, 1.0580452909557845e-05, 1.4155646465389818e-05, 7.377694685870569e-06, 6.1771729699007946e-06], [3.861868747091822e-06, 6.84288572809167e-06, 8.594602986526122e-06, 7.377694685870569e-06, 1.1254352439590596e-05, 6.5581733114598555e-06], [3.209488760793008e-06, 5.659369916538448e-06, 7.073327691776234e-06, 6.1771729699007946e-06, 6.5581733114598555e-06, 1.317763362688503e-05]]</COVARIANCE_MATRIX>
		<ROI_SIZE>49971</ROI_SIZE>
		<MAX_VALUE>[0.10568409413099289, 0.09591326862573624, 0.08227971941232681, 0.07263969630002975, 0.05610558018088341, 0.04671322554349899]</MAX_VALUE>
		<MIN_VALUE>[0.07559535652399063, 0.04770192131400108, 0.028230592608451843, 0.016996268182992935, 0.0, 0.0]</MIN_VALUE>
		<SIGNATURE_THRESHOLD_MD>0</SIGNATURE_THRESHOLD_MD>
		<SIGNATURE_THRESHOLD_ML>0</SIGNATURE_THRESHOLD_ML>
		<SIGNATURE_THRESHOLD_SAM>0</SIGNATURE_THRESHOLD_SAM>
	</signature>
	<signature ID="20211207_142536256424_206">
		<MACROCLASSID>1</MACROCLASSID>
		<MACROCLASSINFO>waterbody</MACROCLASSINFO>
		<CLASSID>2</CLASSID>
		<CLASSINFO>C 1</CLASSINFO>
		<VALUES>[0.08492829236547035, 0.0038048280871191913, 0.057744391488964514, 0.005968079215996179, 0.036738559252797155, 0.005931956319554268, 0.022254825173043596, 0.003877204307043353, 0.006677434266933373, 0.002391213953238968, 0.005325215679198285, 0.002884486376964019]</VALUES>
		<LCS_MIN>[0.07559535652399063, 0.044258251786231995, 0.028230592608451843, 0.016996268182992935, 0.0, 0.0]</LCS_MIN>
		<LCS_MAX>[0.10885132849216461, 0.09591326862573624, 0.08227971941232681, 0.06866517663002014, 0.04842887446284294, 0.039363596588373184]</LCS_MAX>
		<WAVELENGTH>[0.485, 0.56, 0.66, 0.83, 1.65, 2.215]</WAVELENGTH>
		<MEAN_VALUE>[0.08492829236547035, 0.057744391488964514, 0.036738559252797155, 0.022254825173043596, 0.006677434266933373, 0.005325215679198285]</MEAN_VALUE>
		<CHECKBOX>2</CHECKBOX>
		<SD>[0.0038048280871191913, 0.005968079215996179, 0.005931956319554268, 0.003877204307043353, 0.002391213953238968, 0.002884486376964019]</SD>
		<WAVELENGTH_UNIT>E-6m</WAVELENGTH_UNIT>
		<COLOR>#bd5630</COLOR>
		<COVARIANCE_MATRIX>[[1.3878867690854797e-05, 1.8908707959318647e-05, 1.734498421247651e-05, 8.248277167766802e-06, 2.4369941468845915e-06, 1.4138700901219357e-06], [1.8908707959318647e-05, 3.563036085941847e-05, 2.9123334468813847e-05, 1.3868828489525705e-05, 4.070866641724569e-06, 2.282495364483452e-06], [1.734498421247651e-05, 2.9123334468813847e-05, 3.437158004264777e-05, 1.520387700121301e-05, 4.837728404590676e-06, 2.7498526243699796e-06], [8.248277167766802e-06, 1.3868828489525705e-05, 1.520387700121301e-05, 1.4492052856159234e-05, 3.724004769129035e-06, 2.3365602125019563e-06], [2.4369941468845915e-06, 4.070866641724569e-06, 4.837728404590676e-06, 3.724004769129035e-06, 5.234797714996724e-06, 1.2393021475814856e-06], [1.4138700901219357e-06, 2.282495364483452e-06, 2.7498526243699796e-06, 2.3365602125019563e-06, 1.2393021475814856e-06, 8.236348548544407e-06]]</COVARIANCE_MATRIX>
		<ROI_SIZE>47529</ROI_SIZE>
		<MAX_VALUE>[0.10885132849216461, 0.09591326862573624, 0.08227971941232681, 0.06866517663002014, 0.04842887446284294, 0.039363596588373184]</MAX_VALUE>
		<MIN_VALUE>[0.07559535652399063, 0.044258251786231995, 0.028230592608451843, 0.016996268182992935, 0.0, 0.0]</MIN_VALUE>
		<SIGNATURE_THRESHOLD_MD>0</SIGNATURE_THRESHOLD_MD>
		<SIGNATURE_THRESHOLD_ML>0</SIGNATURE_THRESHOLD_ML>
		<SIGNATURE_THRESHOLD_SAM>0</SIGNATURE_THRESHOLD_SAM>
	</signature>
	<signature ID="20211207_142625149825_115">
		<MACROCLASSID>1</MACROCLASSID>
		<MACROCLASSINFO>waterbody</MACROCLASSINFO>
		<CLASSID>3</CLASSID>
		<CLASSINFO>C 1</CLASSINFO>
		<VALUES>[0.1317130121317777, 0.006253066785191768, 0.17173658013343815, 0.014274195054769147, 0.2037313011559572, 0.018788819069518167, 0.13782200190153987, 0.0152451766114182, 0.03228451775556261, 0.02818755552756818, 0.02372892570935867, 0.02051704681791581]</VALUES>
		<LCS_MIN>[0.1136021763086319, 0.13379362225532532, 0.1585843861103058, 0.12033405900001526, 0.00492751132696867, 0.0026154411025345325]</LCS_MIN>
		<LCS_MAX>[0.14052368700504303, 0.18544863164424896, 0.2221715748310089, 0.17995202541351318, 0.10984256863594055, 0.07611174136400223]</LCS_MAX>
		<WAVELENGTH>[0.485, 0.56, 0.66, 0.83, 1.65, 2.215]</WAVELENGTH>
		<MEAN_VALUE>[0.1317130121317777, 0.17173658013343815, 0.2037313011559572, 0.13782200190153987, 0.03228451775556261, 0.02372892570935867]</MEAN_VALUE>
		<CHECKBOX>2</CHECKBOX>
		<SD>[0.006253066785191768, 0.014274195054769147, 0.018788819069518167, 0.0152451766114182, 0.02818755552756818, 0.02051704681791581]</SD>
		<WAVELENGTH_UNIT>E-6m</WAVELENGTH_UNIT>
		<COLOR>#a3bbff</COLOR>
		<COVARIANCE_MATRIX>[[3.982493392784756e-05, 8.377755433056715e-05, 0.00011069305236530597, -7.338502136578507e-05, -0.00014202520297666214, -9.881207814590393e-05], [8.377755433056715e-05, 0.0002075258415812551, 0.00026880989983162843, -0.00018842389111924028, -0.0003666272978542138, -0.0002605364007841849], [0.00011069305236530597, 0.00026880989983162843, 0.0003595571242868512, -0.0002404204596643083, -0.0004650292429520154, -0.0003310775140961831], [-7.338502136578507e-05, -0.00018842389111924028, -0.0002404204596643083, 0.00023671939898580163, 0.00040376653437795075, 0.00029876703384944226], [-0.00014202520297666214, -0.0003666272978542138, -0.0004650292429520154, 0.00040376653437795075, 0.0008092519585941792, 0.0005662425744433004], [-9.881207814590393e-05, -0.0002605364007841849, -0.0003310775140961831, 0.00029876703384944226, 0.0005662425744433004, 0.00042874456587167086]]</COVARIANCE_MATRIX>
		<ROI_SIZE>55</ROI_SIZE>
		<MAX_VALUE>[0.14052368700504303, 0.18544863164424896, 0.2221715748310089, 0.17995202541351318, 0.10984256863594055, 0.07611174136400223]</MAX_VALUE>
		<MIN_VALUE>[0.1136021763086319, 0.13379362225532532, 0.1585843861103058, 0.12033405900001526, 0.00492751132696867, 0.0026154411025345325]</MIN_VALUE>
		<SIGNATURE_THRESHOLD_MD>0</SIGNATURE_THRESHOLD_MD>
		<SIGNATURE_THRESHOLD_ML>0</SIGNATURE_THRESHOLD_ML>
		<SIGNATURE_THRESHOLD_SAM>0</SIGNATURE_THRESHOLD_SAM>
	</signature>
	<signature ID="20211207_142703210782_772">
		<MACROCLASSID>1</MACROCLASSID>
		<MACROCLASSINFO>waterbody</MACROCLASSINFO>
		<CLASSID>4</CLASSID>
		<CLASSINFO>C 1</CLASSINFO>
		<VALUES>[0.10199168457516601, 0.004240617266986963, 0.08825286268731765, 0.006233074153332946, 0.08227972454410422, 0.008206980140498947, 0.07785120155966402, 0.018955209008076252, 0.05379473853248116, 0.0176086889347513, 0.04118225297282391, 0.014379377816275274]</VALUES>
		<LCS_MIN>[0.09459877014160156, 0.0752512663602829, 0.06956227868795395, 0.044817984104156494, 0.02283983863890171, 0.013639888726174831]</LCS_MIN>
		<LCS_MAX>[0.11835303902626038, 0.11313161253929138, 0.11089397221803665, 0.12828312814235687, 0.08937133848667145, 0.07978656888008118]</LCS_MAX>
		<WAVELENGTH>[0.485, 0.56, 0.66, 0.83, 1.65, 2.215]</WAVELENGTH>
		<MEAN_VALUE>[0.10199168457516601, 0.08825286268731765, 0.08227972454410422, 0.07785120155966402, 0.05379473853248116, 0.04118225297282391]</MEAN_VALUE>
		<CHECKBOX>2</CHECKBOX>
		<SD>[0.004240617266986963, 0.006233074153332946, 0.008206980140498947, 0.018955209008076252, 0.0176086889347513, 0.014379377816275274]</SD>
		<WAVELENGTH_UNIT>E-6m</WAVELENGTH_UNIT>
		<COLOR>#eb3c9f</COLOR>
		<COVARIANCE_MATRIX>[[1.8075054470734993e-05, 2.2440493224920885e-05, 3.103559421396296e-05, 3.9773457641984814e-05, 3.807734574838005e-05, 3.868234389379252e-05], [2.2440493224920885e-05, 3.90504503927469e-05, 4.643357258687261e-05, 6.729032090226441e-05, 5.8352070852497934e-05, 5.664021327938287e-05], [3.103559421396296e-05, 4.643357258687261e-05, 6.769993083693655e-05, 9.571314129813612e-05, 8.665541355523983e-05, 8.238410649563256e-05], [3.9773457641984814e-05, 6.729032090226441e-05, 9.571314129813612e-05, 0.0003611425123785208, 0.00023778422528892995, 0.0001578019442125988], [3.807734574838005e-05, 5.8352070852497934e-05, 8.665541355523983e-05, 0.00023778422528892995, 0.0003116560076726323, 0.00023077618188975513], [3.868234389379252e-05, 5.664021327938287e-05, 8.238410649563256e-05, 0.0001578019442125988, 0.00023077618188975513, 0.00020782684744156455]]</COVARIANCE_MATRIX>
		<ROI_SIZE>196</ROI_SIZE>
		<MAX_VALUE>[0.11835303902626038, 0.11313161253929138, 0.11089397221803665, 0.12828312814235687, 0.08937133848667145, 0.07978656888008118]</MAX_VALUE>
		<MIN_VALUE>[0.09459877014160156, 0.0752512663602829, 0.06956227868795395, 0.044817984104156494, 0.02283983863890171, 0.013639888726174831]</MIN_VALUE>
		<SIGNATURE_THRESHOLD_MD>0</SIGNATURE_THRESHOLD_MD>
		<SIGNATURE_THRESHOLD_ML>0</SIGNATURE_THRESHOLD_ML>
		<SIGNATURE_THRESHOLD_SAM>0</SIGNATURE_THRESHOLD_SAM>
	</signature>
	<signature ID="20211207_142740709878_471">
		<MACROCLASSID>1</MACROCLASSID>
		<MACROCLASSINFO>waterbody</MACROCLASSINFO>
		<CLASSID>5</CLASSID>
		<CLASSINFO>C 1</CLASSINFO>
		<VALUES>[0.09979628953032003, 0.0035401463255730166, 0.08721579754581818, 0.005616031161900147, 0.08227972562114395, 0.007091014758160512, 0.07207918959932448, 0.012992057464462454, 0.048461680825895206, 0.014861615589308857, 0.03950493345753505, 0.013346627489707738]</VALUES>
		<LCS_MIN>[0.0930151492357254, 0.0752512663602829, 0.06956227868795395, 0.048792514950037, 0.02283983863890171, 0.01731470227241516]</LCS_MIN>
		<LCS_MAX>[0.11043494939804077, 0.10280060768127441, 0.1013558879494667, 0.10443594306707382, 0.08425352722406387, 0.07243692129850388]</LCS_MAX>
		<WAVELENGTH>[0.485, 0.56, 0.66, 0.83, 1.65, 2.215]</WAVELENGTH>
		<MEAN_VALUE>[0.09979628953032003, 0.08721579754581818, 0.08227972562114395, 0.07207918959932448, 0.048461680825895206, 0.03950493345753505]</MEAN_VALUE>
		<CHECKBOX>2</CHECKBOX>
		<SD>[0.0035401463255730166, 0.005616031161900147, 0.007091014758160512, 0.012992057464462454, 0.014861615589308857, 0.013346627489707738]</SD>
		<WAVELENGTH_UNIT>E-6m</WAVELENGTH_UNIT>
		<COLOR>#dd37ae</COLOR>
		<COVARIANCE_MATRIX>[[1.269539751304564e-05, 1.6541968547823513e-05, 2.1251173672827232e-05, 3.4830494474108107e-05, 3.3719462471582053e-05, 3.175437938531655e-05], [1.6541968547823513e-05, 3.194941388171191e-05, 3.327257456134451e-05, 5.567536914465279e-05, 5.5106659352458426e-05, 5.054986028429423e-05], [2.1251173672827232e-05, 3.327257456134451e-05, 5.0935509655001523e-05, 7.71316800616722e-05, 8.061718404194986e-05, 7.404648494406069e-05], [3.4830494474108107e-05, 5.567536914465279e-05, 7.71316800616722e-05, 0.0001709856812788542, 0.00016274567136423322, 0.00014158447710375794], [3.3719462471582053e-05, 5.5106659352458426e-05, 8.061718404194986e-05, 0.00016274567136423322, 0.00022373602854678263, 0.0001828139694509959], [3.175437938531655e-05, 5.054986028429423e-05, 7.404648494406069e-05, 0.00014158447710375794, 0.0001828139694509959, 0.00018044587398991882]]</COVARIANCE_MATRIX>
		<ROI_SIZE>78</ROI_SIZE>
		<MAX_VALUE>[0.11043494939804077, 0.10280060768127441, 0.1013558879494667, 0.10443594306707382, 0.08425352722406387, 0.07243692129850388]</MAX_VALUE>
		<MIN_VALUE>[0.0930151492357254, 0.0752512663602829, 0.06956227868795395, 0.048792514950037, 0.02283983863890171, 0.01731470227241516]</MIN_VALUE>
		<SIGNATURE_THRESHOLD_MD>0</SIGNATURE_THRESHOLD_MD>
		<SIGNATURE_THRESHOLD_ML>0</SIGNATURE_THRESHOLD_ML>
		<SIGNATURE_THRESHOLD_SAM>0</SIGNATURE_THRESHOLD_SAM>
	</signature>
	<signature ID="20211207_142758174810_329">
		<MACROCLASSID>1</MACROCLASSID>
		<MACROCLASSINFO>waterbody</MACROCLASSINFO>
		<CLASSID>6</CLASSID>
		<CLASSINFO>C 1</CLASSINFO>
		<VALUES>[0.10585256808615745, 0.00679165893923244, 0.09891731894396723, 0.009440687953759252, 0.0976353584134832, 0.01182934201967318, 0.09800904402707485, 0.016793663952511577, 0.08496130860232294, 0.021125689279877284, 0.07016949323897666, 0.017770780192942988]</VALUES>
		<LCS_MIN>[0.08984792232513428, 0.08558226376771927, 0.07592100650072098, 0.06469064205884933, 0.04331106320023537, 0.039363596588373184]</LCS_MIN>
		<LCS_MAX>[0.12310390174388885, 0.11657528579235077, 0.1204320564866066, 0.12430860847234726, 0.13287268579006195, 0.1091850996017456]</LCS_MAX>
		<WAVELENGTH>[0.485, 0.56, 0.66, 0.83, 1.65, 2.215]</WAVELENGTH>
		<MEAN_VALUE>[0.10585256808615745, 0.09891731894396723, 0.0976353584134832, 0.09800904402707485, 0.08496130860232294, 0.07016949323897666]</MEAN_VALUE>
		<CHECKBOX>2</CHECKBOX>
		<SD>[0.00679165893923244, 0.009440687953759252, 0.01182934201967318, 0.016793663952511577, 0.021125689279877284, 0.017770780192942988]</SD>
		<WAVELENGTH_UNIT>E-6m</WAVELENGTH_UNIT>
		<COLOR>#ad41f6</COLOR>
		<COVARIANCE_MATRIX>[[4.7129383997874516e-05, 5.6151405350946376e-05, 7.331798018221609e-05, 5.9121813146031424e-05, 8.788410419243273e-05, 8.553215510210544e-05], [5.6151405350946376e-05, 9.106412358460843e-05, 0.00010638734884638759, 0.00010750156382590873, 0.00013939451248383753, 0.0001343333561758858], [7.331798018221609e-05, 0.00010638734884638759, 0.0001429753615883709, 0.00013572217821202628, 0.00018468211668422964, 0.00017425368045725554], [5.9121813146031424e-05, 0.00010750156382590873, 0.00013572217821202628, 0.00028815817392705836, 0.0002516126204075285, 0.00021594367101712572], [8.788410419243273e-05, 0.00013939451248383753, 0.00018468211668422964, 0.0002516126204075285, 0.00045599680727926797, 0.00034159668084732486], [8.553215510210544e-05, 0.0001343333561758858, 0.00017425368045725554, 0.00021594367101712572, 0.00034159668084732486, 0.00032266585972384905]]</COVARIANCE_MATRIX>
		<ROI_SIZE>47</ROI_SIZE>
		<MAX_VALUE>[0.12310390174388885, 0.11657528579235077, 0.1204320564866066, 0.12430860847234726, 0.13287268579006195, 0.1091850996017456]</MAX_VALUE>
		<MIN_VALUE>[0.08984792232513428, 0.08558226376771927, 0.07592100650072098, 0.06469064205884933, 0.04331106320023537, 0.039363596588373184]</MIN_VALUE>
		<SIGNATURE_THRESHOLD_MD>0</SIGNATURE_THRESHOLD_MD>
		<SIGNATURE_THRESHOLD_ML>0</SIGNATURE_THRESHOLD_ML>
		<SIGNATURE_THRESHOLD_SAM>0</SIGNATURE_THRESHOLD_SAM>
	</signature>
	<signature ID="20211207_142811462575_423">
		<MACROCLASSID>1</MACROCLASSID>
		<MACROCLASSINFO>waterbody</MACROCLASSINFO>
		<CLASSID>7</CLASSID>
		<CLASSINFO>C 1</CLASSINFO>
		<VALUES>[0.09928056066188483, 0.004814876916069123, 0.08618302722214906, 0.007399914411785552, 0.0808138522635739, 0.009911698239822424, 0.08477378077224774, 0.01944091694112403, 0.056193274321075175, 0.01787905653538692, 0.040737357242990296, 0.014211999580162983]</VALUES>
		<LCS_MIN>[0.08984792232513428, 0.07180759310722351, 0.06320356577634811, 0.048792514950037, 0.02539873868227005, 0.013639888726174831]</LCS_MIN>
		<LCS_MAX>[0.11676942557096481, 0.1096879318356514, 0.11407332122325897, 0.13225765526294708, 0.09704803675413132, 0.08346138149499893]</LCS_MAX>
		<WAVELENGTH>[0.485, 0.56, 0.66, 0.83, 1.65, 2.215]</WAVELENGTH>
		<MEAN_VALUE>[0.09928056066188483, 0.08618302722214906, 0.0808138522635739, 0.08477378077224774, 0.056193274321075175, 0.040737357242990296]</MEAN_VALUE>
		<CHECKBOX>2</CHECKBOX>
		<SD>[0.004814876916069123, 0.007399914411785552, 0.009911698239822424, 0.01944091694112403, 0.01787905653538692, 0.014211999580162983]</SD>
		<WAVELENGTH_UNIT>E-6m</WAVELENGTH_UNIT>
		<COLOR>#fd191c</COLOR>
		<COVARIANCE_MATRIX>[[2.3255486716010655e-05, 3.223405023271849e-05, 4.318278110822804e-05, 2.5525512841310163e-05, 3.647701273521306e-05, 4.1922865941028616e-05], [3.223405023271849e-05, 5.492985434331948e-05, 6.794395961662161e-05, 4.1917805228697826e-05, 5.896013569106969e-05, 6.525413754569388e-05], [4.318278110822804e-05, 6.794395961662161e-05, 9.854876750354056e-05, 6.803307453709091e-05, 8.885868305781678e-05, 9.486787070879924e-05], [2.5525512841310163e-05, 4.1917805228697826e-05, 6.803307453709091e-05, 0.0003791303429226572, 0.00027083305553389893, 0.00016822279265015202], [3.647701273521306e-05, 5.896013569106969e-05, 8.885868305781678e-05, 0.00027083305553389893, 0.0003206596021661731, 0.00022571006818117062], [4.1922865941028616e-05, 6.525413754569388e-05, 9.486787070879924e-05, 0.00016822279265015202, 0.00022571006818117062, 0.0002026121224792608]]</COVARIANCE_MATRIX>
		<ROI_SIZE>321</ROI_SIZE>
		<MAX_VALUE>[0.11676942557096481, 0.1096879318356514, 0.11407332122325897, 0.13225765526294708, 0.09704803675413132, 0.08346138149499893]</MAX_VALUE>
		<MIN_VALUE>[0.08984792232513428, 0.07180759310722351, 0.06320356577634811, 0.048792514950037, 0.02539873868227005, 0.013639888726174831]</MIN_VALUE>
		<SIGNATURE_THRESHOLD_MD>0</SIGNATURE_THRESHOLD_MD>
		<SIGNATURE_THRESHOLD_ML>0</SIGNATURE_THRESHOLD_ML>
		<SIGNATURE_THRESHOLD_SAM>0</SIGNATURE_THRESHOLD_SAM>
	</signature>
	<signature ID="20211207_142828328699_676">
		<MACROCLASSID>1</MACROCLASSID>
		<MACROCLASSINFO>waterbody</MACROCLASSINFO>
		<CLASSID>8</CLASSID>
		<CLASSINFO>C 1</CLASSINFO>
		<VALUES>[0.10196045846552461, 0.006336787210987991, 0.09377260969297305, 0.008963964285078927, 0.09138816252753541, 0.012036760177885146, 0.09176041336881148, 0.022270368491910834, 0.0758160586796097, 0.02311729978253142, 0.06488866353961263, 0.01977926616626786]</VALUES>
		<LCS_MIN>[0.08984792232513428, 0.0786949172616005, 0.07274163514375687, 0.05276704952120781, 0.030516548082232475, 0.02466433309018612]</LCS_MIN>
		<LCS_MAX>[0.11676942557096481, 0.11657528579235077, 0.11725267022848129, 0.1402067244052887, 0.12263708561658859, 0.1091850996017456]</LCS_MAX>
		<WAVELENGTH>[0.485, 0.56, 0.66, 0.83, 1.65, 2.215]</WAVELENGTH>
		<MEAN_VALUE>[0.10196045846552461, 0.09377260969297305, 0.09138816252753541, 0.09176041336881148, 0.0758160586796097, 0.06488866353961263]</MEAN_VALUE>
		<CHECKBOX>2</CHECKBOX>
		<SD>[0.006336787210987991, 0.008963964285078927, 0.012036760177885146, 0.022270368491910834, 0.02311729978253142, 0.01977926616626786]</SD>
		<WAVELENGTH_UNIT>E-6m</WAVELENGTH_UNIT>
		<COLOR>#ed3c71</COLOR>
		<COVARIANCE_MATRIX>[[4.127028527282262e-05, 5.37648808461163e-05, 7.164138721842494e-05, 7.4400319627191e-05, 9.828415844231857e-05, 0.00010059620666528509], [5.37648808461163e-05, 8.258467391817519e-05, 0.00010489182047170118, 0.00013559550813166063, 0.0001576768845008099, 0.00015106965300461532], [7.164138721842494e-05, 0.00010489182047170118, 0.00014890813990158606, 0.000187459836183671, 0.00021548544422946036, 0.0002043746113670793], [7.4400319627191e-05, 0.00013559550813166063, 0.000187459836183671, 0.0005097462381200917, 0.0003906914809826635, 0.00024449138743133967], [9.828415844231857e-05, 0.0001576768845008099, 0.00021548544422946036, 0.0003906914809826635, 0.0005492542589364115, 0.0004034114843581544], [0.00010059620666528509, 0.00015106965300461532, 0.0002043746113670793, 0.00024449138743133967, 0.0004034114843581544, 0.0004020865748004038]]</COVARIANCE_MATRIX>
		<ROI_SIZE>37</ROI_SIZE>
		<MAX_VALUE>[0.11676942557096481, 0.11657528579235077, 0.11725267022848129, 0.1402067244052887, 0.12263708561658859, 0.1091850996017456]</MAX_VALUE>
		<MIN_VALUE>[0.08984792232513428, 0.0786949172616005, 0.07274163514375687, 0.05276704952120781, 0.030516548082232475, 0.02466433309018612]</MIN_VALUE>
		<SIGNATURE_THRESHOLD_MD>0</SIGNATURE_THRESHOLD_MD>
		<SIGNATURE_THRESHOLD_ML>0</SIGNATURE_THRESHOLD_ML>
		<SIGNATURE_THRESHOLD_SAM>0</SIGNATURE_THRESHOLD_SAM>
	</signature>
	<signature ID="20211207_143125140526_406">
		<MACROCLASSID>1</MACROCLASSID>
		<MACROCLASSINFO>waterbody</MACROCLASSINFO>
		<CLASSID>9</CLASSID>
		<CLASSINFO>C 1</CLASSINFO>
		<VALUES>[0.08084042085194638, 0.0032773703896514335, 0.07393341077012183, 0.00572121085409195, 0.054556278872530665, 0.007702395774375881, 0.028014499178858468, 0.010294673863378559, 0.023411506340904734, 0.01165604555361865, 0.016562605597044856, 0.009302935203829951]</VALUES>
		<LCS_MIN>[0.07401175051927567, 0.058032914996147156, 0.04094803333282471, 0.0010981439845636487, 0.0, 0.0]</LCS_MIN>
		<LCS_MAX>[0.09143154323101044, 0.09591326862573624, 0.09499716758728027, 0.06866517663002014, 0.06634120643138885, 0.05773766711354256]</LCS_MAX>
		<WAVELENGTH>[0.485, 0.56, 0.66, 0.83, 1.65, 2.215]</WAVELENGTH>
		<MEAN_VALUE>[0.08084042085194638, 0.07393341077012183, 0.054556278872530665, 0.028014499178858468, 0.023411506340904734, 0.016562605597044856]</MEAN_VALUE>
		<CHECKBOX>2</CHECKBOX>
		<SD>[0.0032773703896514335, 0.00572121085409195, 0.007702395774375881, 0.010294673863378559, 0.01165604555361865, 0.009302935203829951]</SD>
		<WAVELENGTH_UNIT>E-6m</WAVELENGTH_UNIT>
		<COLOR>#3344e2</COLOR>
		<COVARIANCE_MATRIX>[[1.076567985971045e-05, 1.356426185669694e-05, 1.864077753370069e-05, 1.813815034056299e-05, 1.7999937589756232e-05, 1.491543505266297e-05], [1.356426185669694e-05, 3.280698480966705e-05, 3.649730109516281e-05, 2.9146703777562305e-05, 2.7310345211800973e-05, 2.4456300909161416e-05], [1.864077753370069e-05, 3.649730109516281e-05, 5.946235021002098e-05, 5.5335569464039785e-05, 5.092268711408793e-05, 4.446744352969408e-05], [1.813815034056299e-05, 2.9146703777562305e-05, 5.5335569464039785e-05, 0.00010622227413130529, 8.678002418080596e-05, 6.824367610395578e-05], [1.7999937589756232e-05, 2.7310345211800973e-05, 5.092268711408793e-05, 8.678002418080596e-05, 0.00013617358835430715, 8.818028505104943e-05], [1.491543505266297e-05, 2.4456300909161416e-05, 4.446744352969408e-05, 6.824367610395578e-05, 8.818028505104943e-05, 8.674219382539537e-05]]</COVARIANCE_MATRIX>
		<ROI_SIZE>439</ROI_SIZE>
		<MAX_VALUE>[0.09143154323101044, 0.09591326862573624, 0.09499716758728027, 0.06866517663002014, 0.06634120643138885, 0.05773766711354256]</MAX_VALUE>
		<MIN_VALUE>[0.07401175051927567, 0.058032914996147156, 0.04094803333282471, 0.0010981439845636487, 0.0, 0.0]</MIN_VALUE>
		<SIGNATURE_THRESHOLD_MD>0</SIGNATURE_THRESHOLD_MD>
		<SIGNATURE_THRESHOLD_ML>0</SIGNATURE_THRESHOLD_ML>
		<SIGNATURE_THRESHOLD_SAM>0</SIGNATURE_THRESHOLD_SAM>
	</signature>
	<signature ID="20211207_143132770608_921">
		<MACROCLASSID>1</MACROCLASSID>
		<MACROCLASSINFO>waterbody</MACROCLASSINFO>
		<CLASSID>10</CLASSID>
		<CLASSINFO>C 1</CLASSINFO>
		<VALUES>[0.11024182798658928, 0.010222375360922315, 0.13370962550000445, 0.01450071214268288, 0.14276511676427797, 0.02967162881075252, 0.11141560790015431, 0.07109737787713563, 0.13156203793861518, 0.11031208591783268, 0.10855767748704773, 0.08612433773930747]</VALUES>
		<LCS_MIN>[0.09618239849805832, 0.11657528579235077, 0.11407332122325897, 0.04084344953298569, 0.02539873868227005, 0.02466433309018612]</LCS_MIN>
		<LCS_MAX>[0.13260559737682343, 0.16823029518127441, 0.20627480745315552, 0.25149357318878174, 0.3606151044368744, 0.2672021687030792]</LCS_MAX>
		<WAVELENGTH>[0.485, 0.56, 0.66, 0.83, 1.65, 2.215]</WAVELENGTH>
		<MEAN_VALUE>[0.11024182798658928, 0.13370962550000445, 0.14276511676427797, 0.11141560790015431, 0.13156203793861518, 0.10855767748704773]</MEAN_VALUE>
		<CHECKBOX>2</CHECKBOX>
		<SD>[0.010222375360922315, 0.01450071214268288, 0.02967162881075252, 0.07109737787713563, 0.11031208591783268, 0.08612433773930747]</SD>
		<WAVELENGTH_UNIT>E-6m</WAVELENGTH_UNIT>
		<COLOR>#f4ced7</COLOR>
		<COVARIANCE_MATRIX>[[0.00010710938197008148, 0.00014518155930667287, 0.0003038710328929382, 0.000713877730683624, 0.0010797861241187681, 0.0008346831534551255], [0.00014518155930667287, 0.00021552741896107452, 0.0004294681167950903, 0.0009857203167776489, 0.001466426947005127, 0.0011448931687187767], [0.0003038710328929382, 0.0004294681167950903, 0.000902415695190156, 0.002094571749288832, 0.003131730453482114, 0.0024194240310938795], [0.000713877730683624, 0.0009857203167776489, 0.002094571749288832, 0.0051812080695293194, 0.007858160563117583, 0.0060848274107956025], [0.0010797861241187681, 0.001466426947005127, 0.003131730453482114, 0.007858160563117583, 0.012472975207031877, 0.009557813244867035], [0.0008346831534551255, 0.0011448931687187767, 0.0024194240310938795, 0.0060848274107956025, 0.009557813244867035, 0.007602836589810164]]</COVARIANCE_MATRIX>
		<ROI_SIZE>41</ROI_SIZE>
		<MAX_VALUE>[0.13260559737682343, 0.16823029518127441, 0.20627480745315552, 0.25149357318878174, 0.3606151044368744, 0.2672021687030792]</MAX_VALUE>
		<MIN_VALUE>[0.09618239849805832, 0.11657528579235077, 0.11407332122325897, 0.04084344953298569, 0.02539873868227005, 0.02466433309018612]</MIN_VALUE>
		<SIGNATURE_THRESHOLD_MD>0</SIGNATURE_THRESHOLD_MD>
		<SIGNATURE_THRESHOLD_ML>0</SIGNATURE_THRESHOLD_ML>
		<SIGNATURE_THRESHOLD_SAM>0</SIGNATURE_THRESHOLD_SAM>
	</signature>
	<signature ID="20211207_143153759589_258">
		<MACROCLASSID>1</MACROCLASSID>
		<MACROCLASSINFO>waterbody</MACROCLASSINFO>
		<CLASSID>11</CLASSID>
		<CLASSINFO>C 1</CLASSINFO>
		<VALUES>[0.11360218795016407, 0.005485808816659209, 0.13874389510601762, 0.00877703254606265, 0.1524243671447039, 0.012839498381074208, 0.11511749448254704, 0.03722394644837232, 0.08201448386535048, 0.05328479089274922, 0.054062855779193335, 0.03827810209488289]</VALUES>
		<LCS_MIN>[0.10410048067569733, 0.12346260249614716, 0.12997014820575714, 0.08058875799179077, 0.017722029238939285, 0.01731470227241516]</LCS_MIN>
		<LCS_MAX>[0.1215202659368515, 0.15101195871829987, 0.17130181193351746, 0.19585013389587402, 0.21731652319431305, 0.1569576859474182]</LCS_MAX>
		<WAVELENGTH>[0.485, 0.56, 0.66, 0.83, 1.65, 2.215]</WAVELENGTH>
		<MEAN_VALUE>[0.11360218795016407, 0.13874389510601762, 0.1524243671447039, 0.11511749448254704, 0.08201448386535048, 0.054062855779193335]</MEAN_VALUE>
		<CHECKBOX>2</CHECKBOX>
		<SD>[0.005485808816659209, 0.00877703254606265, 0.012839498381074208, 0.03722394644837232, 0.05328479089274922, 0.03827810209488289]</SD>
		<WAVELENGTH_UNIT>E-6m</WAVELENGTH_UNIT>
		<COLOR>#898518</COLOR>
		<COVARIANCE_MATRIX>[[3.2100371597798316e-05, 4.79903878035375e-05, 7.384503577750427e-05, 3.860399138750891e-05, 6.132507671998249e-05, 6.78940973145422e-05], [4.79903878035375e-05, 8.217205366895242e-05, 0.00011427674468392583, -1.9903209197770498e-05, -2.8125139831925345e-05, 1.4342075528861349e-05], [7.384503577750427e-05, 0.00011427674468392583, 0.00017584289992278085, 7.52395765892061e-05, 0.00012739107917291993, 0.00014487614142230955], [3.860399138750891e-05, -1.9903209197770498e-05, 7.52395765892061e-05, 0.001477997001804043, 0.0020073909419375006, 0.0013865647264251191], [6.132507671998249e-05, -2.8125139831925345e-05, 0.00012739107917291993, 0.0020073909419375006, 0.0030285535365162783, 0.002125817574780844], [6.78940973145422e-05, 1.4342075528861349e-05, 0.00014487614142230955, 0.0013865647264251191, 0.002125817574780844, 0.0015628939733186961]]</COVARIANCE_MATRIX>
		<ROI_SIZE>16</ROI_SIZE>
		<MAX_VALUE>[0.1215202659368515, 0.15101195871829987, 0.17130181193351746, 0.19585013389587402, 0.21731652319431305, 0.1569576859474182]</MAX_VALUE>
		<MIN_VALUE>[0.10410048067569733, 0.12346260249614716, 0.12997014820575714, 0.08058875799179077, 0.017722029238939285, 0.01731470227241516]</MIN_VALUE>
		<SIGNATURE_THRESHOLD_MD>0</SIGNATURE_THRESHOLD_MD>
		<SIGNATURE_THRESHOLD_ML>0</SIGNATURE_THRESHOLD_ML>
		<SIGNATURE_THRESHOLD_SAM>0</SIGNATURE_THRESHOLD_SAM>
	</signature>
	<signature ID="20211207_143207256711_947">
		<MACROCLASSID>1</MACROCLASSID>
		<MACROCLASSINFO>waterbody</MACROCLASSINFO>
		<CLASSID>12</CLASSID>
		<CLASSINFO>C 1</CLASSINFO>
		<VALUES>[0.08981560535576878, 0.005929583333217344, 0.0890259307866194, 0.009044437941209064, 0.08150110363352056, 0.014427812705270248, 0.06331171794813507, 0.03618343322654582, 0.055478914849916294, 0.04180333897450542, 0.04063853050335026, 0.03182527631990618]</VALUES>
		<LCS_MIN>[0.07717898488044739, 0.06836392730474472, 0.056844837963581085, 0.024945326149463654, 0.012604222632944584, 0.006290255580097437]</LCS_MIN>
		<LCS_MAX>[0.10251686722040176, 0.11313161253929138, 0.11407332122325897, 0.1441812515258789, 0.16102062165737152, 0.12020952999591827]</LCS_MAX>
		<WAVELENGTH>[0.485, 0.56, 0.66, 0.83, 1.65, 2.215]</WAVELENGTH>
		<MEAN_VALUE>[0.08981560535576878, 0.0890259307866194, 0.08150110363352056, 0.06331171794813507, 0.055478914849916294, 0.04063853050335026]</MEAN_VALUE>
		<CHECKBOX>2</CHECKBOX>
		<SD>[0.005929583333217344, 0.009044437941209064, 0.014427812705270248, 0.03618343322654582, 0.04180333897450542, 0.03182527631990618]</SD>
		<WAVELENGTH_UNIT>E-6m</WAVELENGTH_UNIT>
		<COLOR>#de1dce</COLOR>
		<COVARIANCE_MATRIX>[[3.5892457641101557e-05, 4.930829971320827e-05, 7.93787335544987e-05, 0.0001570456199989908, 0.0001919581512401205, 0.00014407469654812804], [4.930829971320827e-05, 8.350606304055683e-05, 0.00011518903489489452, 0.0001802116259724384, 0.00024434974767787495, 0.00019008626078634224], [7.93787335544987e-05, 0.00011518903489489452, 0.0002124984831970732, 0.0004411803013474924, 0.000518998797761401, 0.00038876162564089353], [0.0001570456199989908, 0.0001802116259724384, 0.0004411803013474924, 0.0013365166908944819, 0.0014344214072912374, 0.0010871782611867374], [0.0001919581512401205, 0.00024434974767787495, 0.000518998797761401, 0.0014344214072912374, 0.0017839257983636005, 0.001303200139389816], [0.00014407469654812804, 0.00019008626078634224, 0.00038876162564089353, 0.0010871782611867374, 0.001303200139389816, 0.001033949217272514]]</COVARIANCE_MATRIX>
		<ROI_SIZE>49</ROI_SIZE>
		<MAX_VALUE>[0.10251686722040176, 0.11313161253929138, 0.11407332122325897, 0.1441812515258789, 0.16102062165737152, 0.12020952999591827]</MAX_VALUE>
		<MIN_VALUE>[0.07717898488044739, 0.06836392730474472, 0.056844837963581085, 0.024945326149463654, 0.012604222632944584, 0.006290255580097437]</MIN_VALUE>
		<SIGNATURE_THRESHOLD_MD>0</SIGNATURE_THRESHOLD_MD>
		<SIGNATURE_THRESHOLD_ML>0</SIGNATURE_THRESHOLD_ML>
		<SIGNATURE_THRESHOLD_SAM>0</SIGNATURE_THRESHOLD_SAM>
	</signature>
	<signature ID="20211207_143320160394_699">
		<MACROCLASSID>2</MACROCLASSID>
		<MACROCLASSINFO>vegetation</MACROCLASSINFO>
		<CLASSID>13</CLASSID>
		<CLASSINFO>C 1</CLASSINFO>
		<VALUES>[0.10834745520895173, 0.004864341385310772, 0.11457168852741069, 0.008298410320936136, 0.11658791208809069, 0.010623715224231391, 0.25268594243309717, 0.014672523456304288, 0.15241341543468573, 0.023388508100931876, 0.10768175477331335, 0.019434531458298137]</VALUES>
		<LCS_MIN>[0.09776600450277328, 0.09591326862573624, 0.08863844722509384, 0.21572279930114746, 0.0996069386601448, 0.06876212358474731]</LCS_MIN>
		<LCS_MAX>[0.11993664503097534, 0.13034994900226593, 0.13632884621620178, 0.279315322637558, 0.19428639113903046, 0.14593324065208435]</LCS_MAX>
		<WAVELENGTH>[0.485, 0.56, 0.66, 0.83, 1.65, 2.215]</WAVELENGTH>
		<MEAN_VALUE>[0.10834745520895173, 0.11457168852741069, 0.11658791208809069, 0.25268594243309717, 0.15241341543468573, 0.10768175477331335]</MEAN_VALUE>
		<CHECKBOX>2</CHECKBOX>
		<SD>[0.004864341385310772, 0.008298410320936136, 0.010623715224231391, 0.014672523456304288, 0.023388508100931876, 0.019434531458298137]</SD>
		<WAVELENGTH_UNIT>E-6m</WAVELENGTH_UNIT>
		<COLOR>#03c516</COLOR>
		<COVARIANCE_MATRIX>[[2.3878898003790615e-05, 3.6304789770397745e-05, 4.825558543841079e-05, 4.576242394948797e-05, 9.994270020311986e-05, 8.423231408834044e-05], [3.6304789770397745e-05, 6.949539012851498e-05, 8.383440785471265e-05, 8.189574880961359e-05, 0.00017144840173452503, 0.000142084613458437], [4.825558543841079e-05, 8.383440785471265e-05, 0.00011389876851570862, 0.00010073235555594508, 0.00022792116057819507, 0.00019000166055372467], [4.576242394948797e-05, 8.189574880961359e-05, 0.00010073235555594508, 0.00021725801746181583, 0.00020518167465189872, 0.00017010912774596818], [9.994270020311986e-05, 0.00017144840173452503, 0.00022792116057819507, 0.00020518167465189872, 0.0005520408645010012, 0.0004396901077028208], [8.423231408834044e-05, 0.000142084613458437, 0.00019000166055372467, 0.00017010912774596818, 0.0004396901077028208, 0.0003811661599118694]]</COVARIANCE_MATRIX>
		<ROI_SIZE>110</ROI_SIZE>
		<MAX_VALUE>[0.11993664503097534, 0.13034994900226593, 0.13632884621620178, 0.279315322637558, 0.19428639113903046, 0.14593324065208435]</MAX_VALUE>
		<MIN_VALUE>[0.09776600450277328, 0.09591326862573624, 0.08863844722509384, 0.21572279930114746, 0.0996069386601448, 0.06876212358474731]</MIN_VALUE>
		<SIGNATURE_THRESHOLD_MD>0</SIGNATURE_THRESHOLD_MD>
		<SIGNATURE_THRESHOLD_ML>0</SIGNATURE_THRESHOLD_ML>
		<SIGNATURE_THRESHOLD_SAM>0</SIGNATURE_THRESHOLD_SAM>
	</signature>
	<signature ID="20211207_143328387606_331">
		<MACROCLASSID>2</MACROCLASSID>
		<MACROCLASSINFO>vegetation</MACROCLASSINFO>
		<CLASSID>14</CLASSID>
		<CLASSINFO>C 1</CLASSINFO>
		<VALUES>[0.11187765422135086, 0.006347147984455012, 0.1168525212333869, 0.010339439544994505, 0.12192742536002296, 0.012583351281400642, 0.22154987136186186, 0.024862338185791196, 0.17043220056063058, 0.02248733741409311, 0.1306889865989402, 0.0204434517208318]</VALUES>
		<LCS_MIN>[0.09618239849805832, 0.09246959537267685, 0.09181781858205795, 0.17995202541351318, 0.10984256863594055, 0.07611174136400223]</LCS_MIN>
		<LCS_MAX>[0.13102196156978607, 0.1406809687614441, 0.14586693048477173, 0.2753407657146454, 0.20196309685707092, 0.16430732607841492]</LCS_MAX>
		<WAVELENGTH>[0.485, 0.56, 0.66, 0.83, 1.65, 2.215]</WAVELENGTH>
		<MEAN_VALUE>[0.11187765422135086, 0.1168525212333869, 0.12192742536002296, 0.22154987136186186, 0.17043220056063058, 0.1306889865989402]</MEAN_VALUE>
		<CHECKBOX>2</CHECKBOX>
		<SD>[0.006347147984455012, 0.010339439544994505, 0.012583351281400642, 0.024862338185791196, 0.02248733741409311, 0.0204434517208318]</SD>
		<WAVELENGTH_UNIT>E-6m</WAVELENGTH_UNIT>
		<COLOR>#653d0f</COLOR>
		<COVARIANCE_MATRIX>[[4.045771854736523e-05, 6.00968233798794e-05, 7.273546571512082e-05, 8.27019460485008e-05, 0.00010969276393414311, 9.454548892842831e-05], [6.00968233798794e-05, 0.00010735892078589231, 0.00012500406814322323, 0.0001651838244121016, 0.0001767697382352122, 0.00014797108334243806], [7.273546571512082e-05, 0.00012500406814322323, 0.00015901451980930215, 0.00017251534101378956, 0.0002329139564313378, 0.0002003836396016726], [8.27019460485008e-05, 0.0001651838244121016, 0.00017251534101378956, 0.0006207662254266276, 0.00017906139543166235, 0.0001031914277543301], [0.00010969276393414311, 0.0001767697382352122, 0.0002329139564313378, 0.00017906139543166235, 0.0005078321752262297, 0.00043459090767912413], [9.454548892842831e-05, 0.00014797108334243806, 0.0002003836396016726, 0.0001031914277543301, 0.00043459090767912413, 0.00041971316387160617]]</COVARIANCE_MATRIX>
		<ROI_SIZE>236</ROI_SIZE>
		<MAX_VALUE>[0.13102196156978607, 0.1406809687614441, 0.14586693048477173, 0.2753407657146454, 0.20196309685707092, 0.16430732607841492]</MAX_VALUE>
		<MIN_VALUE>[0.09618239849805832, 0.09246959537267685, 0.09181781858205795, 0.17995202541351318, 0.10984256863594055, 0.07611174136400223]</MIN_VALUE>
		<SIGNATURE_THRESHOLD_MD>0</SIGNATURE_THRESHOLD_MD>
		<SIGNATURE_THRESHOLD_ML>0</SIGNATURE_THRESHOLD_ML>
		<SIGNATURE_THRESHOLD_SAM>0</SIGNATURE_THRESHOLD_SAM>
	</signature>
	<signature ID="20211207_143351328113_652">
		<MACROCLASSID>2</MACROCLASSID>
		<MACROCLASSINFO>vegetation</MACROCLASSINFO>
		<CLASSID>15</CLASSID>
		<CLASSINFO>C 1</CLASSINFO>
		<VALUES>[0.09873508862150247, 0.006099392218815417, 0.09221261005793048, 0.008121213647477935, 0.0857438064778029, 0.010139660150593437, 0.18066388190682267, 0.016650390139619442, 0.10930786848957855, 0.01617509130522476, 0.07797658098722572, 0.015465966960927795]</VALUES>
		<LCS_MIN>[0.08668068796396255, 0.06836392730474472, 0.056844837963581085, 0.15213032066822052, 0.08681244403123856, 0.05038803815841675]</LCS_MIN>
		<LCS_MAX>[0.11993664503097534, 0.12001894414424896, 0.11407332122325897, 0.21572279930114746, 0.1405494064092636, 0.11653470993041992]</LCS_MAX>
		<WAVELENGTH>[0.485, 0.56, 0.66, 0.83, 1.65, 2.215]</WAVELENGTH>
		<MEAN_VALUE>[0.09873508862150247, 0.09221261005793048, 0.0857438064778029, 0.18066388190682267, 0.10930786848957855, 0.07797658098722572]</MEAN_VALUE>
		<CHECKBOX>2</CHECKBOX>
		<SD>[0.006099392218815417, 0.008121213647477935, 0.010139660150593437, 0.016650390139619442, 0.01617509130522476, 0.015465966960927795]</SD>
		<WAVELENGTH_UNIT>E-6m</WAVELENGTH_UNIT>
		<COLOR>#a339c7</COLOR>
		<COVARIANCE_MATRIX>[[3.7766260975899796e-05, 4.404569420810756e-05, 5.51037015175737e-05, 7.301525499049124e-07, 6.996814431758611e-05, 7.152646223506807e-05], [4.404569420810756e-05, 6.695341582173906e-05, 8.152567714425893e-05, 3.647687718425549e-05, 0.00010026405777206652, 9.674001184397575e-05], [5.51037015175737e-05, 8.152567714425893e-05, 0.00010437047627210122, 4.325600319774532e-05, 0.00013500955186417578, 0.00012957340704536423], [7.301525499049124e-07, 3.647687718425549e-05, 4.325600319774532e-05, 0.00028143602955610386, 5.170080826172502e-05, 1.812656419138818e-05], [6.996814431758611e-05, 0.00010026405777206652, 0.00013500955186417578, 5.170080826172502e-05, 0.00026559772386466657, 0.00024051648471525234], [7.152646223506807e-05, 9.674001184397575e-05, 0.00012957340704536423, 1.812656419138818e-05, 0.00024051648471525234, 0.00024282031788554813]]</COVARIANCE_MATRIX>
		<ROI_SIZE>67</ROI_SIZE>
		<MAX_VALUE>[0.11993664503097534, 0.12001894414424896, 0.11407332122325897, 0.21572279930114746, 0.1405494064092636, 0.11653470993041992]</MAX_VALUE>
		<MIN_VALUE>[0.08668068796396255, 0.06836392730474472, 0.056844837963581085, 0.15213032066822052, 0.08681244403123856, 0.05038803815841675]</MIN_VALUE>
		<SIGNATURE_THRESHOLD_MD>0</SIGNATURE_THRESHOLD_MD>
		<SIGNATURE_THRESHOLD_ML>0</SIGNATURE_THRESHOLD_ML>
		<SIGNATURE_THRESHOLD_SAM>0</SIGNATURE_THRESHOLD_SAM>
	</signature>
	<signature ID="20211207_143405271091_330">
		<MACROCLASSID>2</MACROCLASSID>
		<MACROCLASSINFO>vegetation</MACROCLASSINFO>
		<CLASSID>16</CLASSID>
		<CLASSINFO>C 1</CLASSINFO>
		<VALUES>[0.0875147267679374, 0.004140471922484294, 0.08242556738356746, 0.007794455950487992, 0.07887780951956908, 0.009663599925547516, 0.16972423553466817, 0.024707590369737905, 0.10434945084154613, 0.019234119262000915, 0.07083226270973675, 0.015017061916367199]</VALUES>
		<LCS_MIN>[0.07717898488044739, 0.06147658824920654, 0.0600242018699646, 0.12430860847234726, 0.06634120643138885, 0.04303840920329094]</LCS_MIN>
		<LCS_MAX>[0.09776600450277328, 0.10280060768127441, 0.10771460831165314, 0.21969734132289886, 0.1431082934141159, 0.10551026463508606]</LCS_MAX>
		<WAVELENGTH>[0.485, 0.56, 0.66, 0.83, 1.65, 2.215]</WAVELENGTH>
		<MEAN_VALUE>[0.0875147267679374, 0.08242556738356746, 0.07887780951956908, 0.16972423553466817, 0.10434945084154613, 0.07083226270973675]</MEAN_VALUE>
		<CHECKBOX>2</CHECKBOX>
