<?xml version="1.0" ?>
<signaturelist MCID_LIST="[['1', 'waterbody', '#0000ff'], ['2', 'vegetation', '#00ff00'], ['3', 'bareland', '#ffaa00'], ['4', 'built-up', '#ff0000']]">
	<signature ID="20210205_180241877674_900">
		<MACROCLASSID>1</MACROCLASSID>
		<MACROCLASSINFO>waterbody</MACROCLASSINFO>
		<CLASSID>1</CLASSID>
		<CLASSINFO>C 1</CLASSINFO>
		<VALUES>[0.0999869105287537, 0.0016362271626899681, 0.07883436651974202, 0.0029073365878588427, 0.05458209278308956, 0.005069199695579338, 0.035467036221937955, 0.00451801743480071, 0.01748064229458206, 0.004170158850308151, 0.012688027649558991, 0.0030618028352446362]</VALUES>
		<LCS_MIN>[0.09356246143579483, 0.07066459953784943, 0.047134071588516235, 0.026255885139107704, 0.003114689840003848, 0.004477369133383036]</LCS_MIN>
		<LCS_MAX>[0.10740824788808823, 0.10025417059659958, 0.09195644408464432, 0.07158927619457245, 0.05399613082408905, 0.042681023478507996]</LCS_MAX>
		<WAVELENGTH>[0.48, 0.56, 0.655, 0.865, 1.61, 2.2]</WAVELENGTH>
		<MEAN_VALUE>[0.0999869105287537, 0.07883436651974202, 0.05458209278308956, 0.035467036221937955, 0.01748064229458206, 0.012688027649558991]</MEAN_VALUE>
		<CHECKBOX>2</CHECKBOX>
		<SD>[0.0016362271626899681, 0.0029073365878588427, 0.005069199695579338, 0.00451801743480071, 0.004170158850308151, 0.0030618028352446362]</SD>
		<WAVELENGTH_UNIT>E-6m</WAVELENGTH_UNIT>
		<COLOR>#0a57c6</COLOR>
		<COVARIANCE_MATRIX>[[3.406060110067019e-06, 3.7132920148206764e-06, 3.5894589495555682e-06, 3.3567149577398807e-06, 2.6419990274790838e-06, 2.4085802584768222e-06], [3.7132920148206764e-06, 7.2660474962767865e-06, 8.963047825474072e-06, 5.9605366907400584e-06, 4.953933021793144e-06, 4.083630116206643e-06], [3.5894589495555682e-06, 8.963047825474072e-06, 1.9380815876478594e-05, 1.5633561795045316e-05, 1.4054178728395224e-05, 1.0909804042137517e-05], [3.3567149577398807e-06, 5.9605366907400584e-06, 1.5633561795045316e-05, 2.1300154917853308e-05, 1.9427264943578624e-05, 1.4963143430101552e-05], [2.6419990274790838e-06, 4.953933021793144e-06, 1.4054178728395224e-05, 1.9427264943578624e-05, 2.09418277233654e-05, 1.628031560397765e-05], [2.4085802584768222e-06, 4.083630116206643e-06, 1.0909804042137517e-05, 1.4963143430101552e-05, 1.628031560397765e-05, 1.3253972502370327e-05]]</COVARIANCE_MATRIX>
		<ROI_SIZE>3944</ROI_SIZE>
		<MAX_VALUE>[0.10740824788808823, 0.10025417059659958, 0.09195644408464432, 0.07158927619457245, 0.05399613082408905, 0.042681023478507996]</MAX_VALUE>
		<MIN_VALUE>[0.09356246143579483, 0.07066459953784943, 0.047134071588516235, 0.026255885139107704, 0.003114689840003848, 0.004477369133383036]</MIN_VALUE>
		<SIGNATURE_THRESHOLD_MD>0</SIGNATURE_THRESHOLD_MD>
		<SIGNATURE_THRESHOLD_ML>0</SIGNATURE_THRESHOLD_ML>
		<SIGNATURE_THRESHOLD_SAM>0</SIGNATURE_THRESHOLD_SAM>
	</signature>
	<signature ID="20210205_180247299073_648">
		<MACROCLASSID>1</MACROCLASSID>
		<MACROCLASSINFO>waterbody</MACROCLASSINFO>
		<CLASSID>2</CLASSID>
		<CLASSINFO>C 1</CLASSINFO>
		<VALUES>[0.11156759098791638, 0.0029405474652108043, 0.11189235696960538, 0.007779858845675837, 0.08778813052019127, 0.007588006062819948, 0.04298651448556377, 0.00745701466685966, 0.0230051095104899, 0.007270990821484404, 0.01714196269062732, 0.005665730049736865]</VALUES>
		<LCS_MIN>[0.09976751357316971, 0.08341537415981293, 0.06664956361055374, 0.029346244409680367, 0.011023088358342648, 0.008808738552033901]</LCS_MIN>
		<LCS_MAX>[0.12096201628446579, 0.1353674679994583, 0.1259990632534027, 0.07772131264209747, 0.05737847834825516, 0.04781540855765343]</LCS_MAX>
		<WAVELENGTH>[0.48, 0.56, 0.655, 0.865, 1.61, 2.2]</WAVELENGTH>
		<MEAN_VALUE>[0.11156759098791638, 0.11189235696960538, 0.08778813052019127, 0.04298651448556377, 0.0230051095104899, 0.01714196269062732]</MEAN_VALUE>
		<CHECKBOX>2</CHECKBOX>
		<SD>[0.0029405474652108043, 0.007779858845675837, 0.007588006062819948, 0.00745701466685966, 0.007270990821484404, 0.005665730049736865]</SD>
		<WAVELENGTH_UNIT>E-6m</WAVELENGTH_UNIT>
		<COLOR>#e80db6</COLOR>
		<COVARIANCE_MATRIX>[[8.323825402436697e-06, 2.062401683858494e-05, 1.738407755689981e-05, -2.459858796733169e-06, -3.525090391356617e-06, -2.425841947374699e-06], [2.062401683858494e-05, 5.9940742517548734e-05, 4.621965209732878e-05, -1.437302794562888e-05, -1.696223920188628e-05, -1.3202809228931259e-05], [1.738407755689981e-05, 4.621965209732878e-05, 4.95832460639698e-05, 7.442040563650245e-06, 2.3085458178974637e-06, 2.3672930570615245e-06], [-2.459858796733169e-06, -1.437302794562888e-05, 7.442040563650245e-06, 4.771077720730146e-05, 4.337803766955981e-05, 3.320856929866293e-05], [-3.525090391356617e-06, -1.696223920188628e-05, 2.3085458178974637e-06, 4.337803766955981e-05, 5.0253485323271346e-05, 3.864038144476467e-05], [-2.425841947374699e-06, -1.3202809228931259e-05, 2.3672930570615245e-06, 3.320856929866293e-05, 3.864038144476467e-05, 3.1190622864651666e-05]]</COVARIANCE_MATRIX>
		<ROI_SIZE>1765</ROI_SIZE>
		<MAX_VALUE>[0.12096201628446579, 0.1353674679994583, 0.1259990632534027, 0.07772131264209747, 0.05737847834825516, 0.04781540855765343]</MAX_VALUE>
		<MIN_VALUE>[0.09976751357316971, 0.08341537415981293, 0.06664956361055374, 0.029346244409680367, 0.011023088358342648, 0.008808738552033901]</MIN_VALUE>
		<SIGNATURE_THRESHOLD_MD>0</SIGNATURE_THRESHOLD_MD>
		<SIGNATURE_THRESHOLD_ML>0</SIGNATURE_THRESHOLD_ML>
		<SIGNATURE_THRESHOLD_SAM>0</SIGNATURE_THRESHOLD_SAM>
	</signature>
	<signature ID="20210205_180250909128_442">
		<MACROCLASSID>1</MACROCLASSID>
		<MACROCLASSINFO>waterbody</MACROCLASSINFO>
		<CLASSID>3</CLASSID>
		<CLASSINFO>C 1</CLASSINFO>
		<VALUES>[0.1466152789719374, 0.0040043314015387015, 0.19472724335752561, 0.006393829684511752, 0.20364276868301434, 0.009452492567722577, 0.07026589977053502, 0.007581470951037391, 0.02640179679097927, 0.007314425466197008, 0.01990982257989628, 0.005812656828544765]</VALUES>
		<LCS_MIN>[0.13337212800979614, 0.15714599192142487, 0.16108804941177368, 0.06020117923617363, 0.01438111811876297, 0.011777427978813648]</LCS_MIN>
		<LCS_MAX>[0.1518169492483139, 0.20430439710617065, 0.22272488474845886, 0.09881850332021713, 0.059592828154563904, 0.046647392213344574]</LCS_MAX>
		<WAVELENGTH>[0.48, 0.56, 0.655, 0.865, 1.61, 2.2]</WAVELENGTH>
		<MEAN_VALUE>[0.1466152789719374, 0.19472724335752561, 0.20364276868301434, 0.07026589977053502, 0.02640179679097927, 0.01990982257989628]</MEAN_VALUE>
		<CHECKBOX>2</CHECKBOX>
		<SD>[0.0040043314015387015, 0.006393829684511752, 0.009452492567722577, 0.007581470951037391, 0.007314425466197008, 0.005812656828544765]</SD>
		<WAVELENGTH_UNIT>E-6m</WAVELENGTH_UNIT>
		<COLOR>#d35b0e</COLOR>
		<COVARIANCE_MATRIX>[[1.6093620965898367e-05, 1.649441864429379e-05, -1.1968820540205167e-05, -1.572637632339417e-05, 3.6653291733533154e-09, 2.7119995634221023e-09], [1.649441864429379e-05, 4.103135604202345e-05, 2.921170963605317e-05, -3.0792457159882154e-05, -1.2747613089629866e-05, -9.473490203932392e-06], [-1.1968820540205167e-05, 2.921170963605317e-05, 8.967810697719925e-05, -6.449161807565871e-07, -1.2908337443725534e-05, -8.706418759194387e-06], [-1.572637632339417e-05, -3.0792457159882154e-05, -6.449161807565871e-07, 5.7690020537973216e-05, 3.5811482202199163e-05, 2.7867154657488418e-05], [3.6653291733533154e-09, -1.2747613089629866e-05, -1.2908337443725534e-05, 3.5811482202199163e-05, 5.3697514091362157e-05, 4.172939592269928e-05], [2.7119995634221023e-09, -9.473490203932392e-06, -8.706418759194387e-06, 2.7867154657488418e-05, 4.172939592269928e-05, 3.391119624248114e-05]]</COVARIANCE_MATRIX>
		<ROI_SIZE>273</ROI_SIZE>
		<MAX_VALUE>[0.1518169492483139, 0.20430439710617065, 0.22272488474845886, 0.09881850332021713, 0.059592828154563904, 0.046647392213344574]</MAX_VALUE>
		<MIN_VALUE>[0.13337212800979614, 0.15714599192142487, 0.16108804941177368, 0.06020117923617363, 0.01438111811876297, 0.011777427978813648]</MIN_VALUE>
		<SIGNATURE_THRESHOLD_MD>0</SIGNATURE_THRESHOLD_MD>
		<SIGNATURE_THRESHOLD_ML>0</SIGNATURE_THRESHOLD_ML>
		<SIGNATURE_THRESHOLD_SAM>0</SIGNATURE_THRESHOLD_SAM>
	</signature>
	<signature ID="20210205_180255790666_101">
		<MACROCLASSID>1</MACROCLASSID>
		<MACROCLASSINFO>waterbody</MACROCLASSINFO>
		<CLASSID>4</CLASSID>
		<CLASSINFO>C 1</CLASSINFO>
		<VALUES>[0.13373215217687925, 0.0020667623132801256, 0.17138083540556726, 0.0052598263262994376, 0.1584353905323653, 0.010511418020522328, 0.05424272911677584, 0.008059952196367931, 0.026848570939305937, 0.005469058585903843, 0.020765612310354127, 0.004457893902351355]</VALUES>
		<LCS_MIN>[0.12675341963768005, 0.14794792234897614, 0.13892017304897308, 0.04513871297240257, 0.01971016637980938, 0.015451797284185886]</LCS_MIN>
		<LCS_MAX>[0.1368761509656906, 0.18016552925109863, 0.18722225725650787, 0.08837941288948059, 0.05750015005469322, 0.045528050512075424]</LCS_MAX>
		<WAVELENGTH>[0.48, 0.56, 0.655, 0.865, 1.61, 2.2]</WAVELENGTH>
		<MEAN_VALUE>[0.13373215217687925, 0.17138083540556726, 0.1584353905323653, 0.05424272911677584, 0.026848570939305937, 0.020765612310354127]</MEAN_VALUE>
		<CHECKBOX>2</CHECKBOX>
		<SD>[0.0020667623132801256, 0.0052598263262994376, 0.010511418020522328, 0.008059952196367931, 0.005469058585903843, 0.004457893902351355]</SD>
		<WAVELENGTH_UNIT>E-6m</WAVELENGTH_UNIT>
		<COLOR>#596feb</COLOR>
		<COVARIANCE_MATRIX>[[4.296632968180863e-06, 9.428260920023206e-06, -7.827955609836567e-06, -1.0868467803069243e-05, -4.742171982063699e-06, -3.9942725455481945e-06], [9.428260920023206e-06, 2.7828512823908168e-05, 2.5128905801709438e-06, -1.798500390655288e-05, -1.044222548919174e-05, -8.745123918113397e-06], [-7.827955609836567e-06, 2.5128905801709438e-06, 0.0001111398494421741, 6.530413467569204e-05, 1.7951459191783828e-05, 1.6890783109639543e-05], [-1.0868467803069243e-05, -1.798500390655288e-05, 6.530413467569204e-05, 6.534496369836998e-05, 2.8650089740999756e-05, 2.4870640160135988e-05], [-4.742171982063699e-06, -1.044222548919174e-05, 1.7951459191783828e-05, 2.8650089740999756e-05, 3.008654653261354e-05, 2.4050245868900917e-05], [-3.9942725455481945e-06, -8.745123918113397e-06, 1.6890783109639543e-05, 2.4870640160135988e-05, 2.4050245868900917e-05, 1.998971697429566e-05]]</COVARIANCE_MATRIX>
		<ROI_SIZE>171</ROI_SIZE>
		<MAX_VALUE>[0.1368761509656906, 0.18016552925109863, 0.18722225725650787, 0.08837941288948059, 0.05750015005469322, 0.045528050512075424]</MAX_VALUE>
		<MIN_VALUE>[0.12675341963768005, 0.14794792234897614, 0.13892017304897308, 0.04513871297240257, 0.01971016637980938, 0.015451797284185886]</MIN_VALUE>
		<SIGNATURE_THRESHOLD_MD>0</SIGNATURE_THRESHOLD_MD>
		<SIGNATURE_THRESHOLD_ML>0</SIGNATURE_THRESHOLD_ML>
		<SIGNATURE_THRESHOLD_SAM>0</SIGNATURE_THRESHOLD_SAM>
	</signature>
	<signature ID="20210205_180259965759_754">
		<MACROCLASSID>1</MACROCLASSID>
		<MACROCLASSINFO>waterbody</MACROCLASSINFO>
		<CLASSID>5</CLASSID>
		<CLASSINFO>C 1</CLASSINFO>
		<VALUES>[0.12015969918988577, 0.002393491543864828, 0.14247878578221684, 0.004804206486864931, 0.15803132839849068, 0.0051322478607788566, 0.0693392138405938, 0.008726709893435469, 0.02682397075902636, 0.009643597981445212, 0.021377578316796052, 0.008454220342612983]</VALUES>
		<LCS_MIN>[0.11607098579406738, 0.1341751366853714, 0.15091662108898163, 0.05606447905302048, 0.017325477674603462, 0.013821447268128395]</LCS_MIN>
		<LCS_MAX>[0.12560972571372986, 0.15274162590503693, 0.1716974526643753, 0.09735848009586334, 0.058668170124292374, 0.05015143007040024]</LCS_MAX>
		<WAVELENGTH>[0.48, 0.56, 0.655, 0.865, 1.61, 2.2]</WAVELENGTH>
		<MEAN_VALUE>[0.12015969918988577, 0.14247878578221684, 0.15803132839849068, 0.0693392138405938, 0.02682397075902636, 0.021377578316796052]</MEAN_VALUE>
		<CHECKBOX>2</CHECKBOX>
		<SD>[0.002393491543864828, 0.004804206486864931, 0.0051322478607788566, 0.008726709893435469, 0.009643597981445212, 0.008454220342612983]</SD>
		<WAVELENGTH_UNIT>E-6m</WAVELENGTH_UNIT>
		<COLOR>#21903d</COLOR>
		<COVARIANCE_MATRIX>[[5.782847070274613e-06, 1.121925185855094e-05, 8.945395632641758e-06, 5.352309362756263e-06, 9.792125230372171e-06, 8.312707163255905e-06], [1.121925185855094e-05, 2.3298139590778995e-05, 1.688891867772754e-05, 3.9589863744265984e-06, 1.418884081541832e-05, 1.1742402745049848e-05], [8.945395632641758e-06, 1.688891867772754e-05, 2.6588458369605506e-05, 2.7526040767690988e-05, 2.5296296386528692e-05, 2.2255881680620985e-05], [5.352309362756263e-06, 3.9589863744265984e-06, 2.7526040767690988e-05, 7.687391335252589e-05, 6.855212950117503e-05, 6.121545289510114e-05], [9.792125230372171e-06, 1.418884081541832e-05, 2.5296296386528692e-05, 6.855212950117503e-05, 9.387633091478824e-05, 8.159952123491018e-05], [8.312707163255905e-06, 1.1742402745049848e-05, 2.2255881680620985e-05, 6.121545289510114e-05, 8.159952123491018e-05, 7.214812312599317e-05]]</COVARIANCE_MATRIX>
		<ROI_SIZE>107</ROI_SIZE>
		<MAX_VALUE>[0.12560972571372986, 0.15274162590503693, 0.1716974526643753, 0.09735848009586334, 0.058668170124292374, 0.05015143007040024]</MAX_VALUE>
		<MIN_VALUE>[0.11607098579406738, 0.1341751366853714, 0.15091662108898163, 0.05606447905302048, 0.017325477674603462, 0.013821447268128395]</MIN_VALUE>
		<SIGNATURE_THRESHOLD_MD>0</SIGNATURE_THRESHOLD_MD>
		<SIGNATURE_THRESHOLD_ML>0</SIGNATURE_THRESHOLD_ML>
		<SIGNATURE_THRESHOLD_SAM>0</SIGNATURE_THRESHOLD_SAM>
	</signature>
	<signature ID="20210205_180305046180_756">
		<MACROCLASSID>1</MACROCLASSID>
		<MACROCLASSINFO>waterbody</MACROCLASSINFO>
		<CLASSID>6</CLASSID>
		<CLASSINFO>C 1</CLASSINFO>
		<VALUES>[0.1161609310656786, 0.001795706686870414, 0.13732589408755308, 0.0030143721192627867, 0.1619918474129268, 0.004330612365943217, 0.0860377441027335, 0.013535210954161155, 0.029248910689992566, 0.01247692380146163, 0.022106581666905965, 0.009422555952952907]</VALUES>
		<LCS_MIN>[0.11193428933620453, 0.12977075576782227, 0.15502896904945374, 0.07059159129858017, 0.017982477322220802, 0.013383437879383564]</LCS_MIN>
		<LCS_MAX>[0.12040235102176666, 0.1439572274684906, 0.17332780361175537, 0.12368737906217575, 0.07183259725570679, 0.04966475069522858]</LCS_MAX>
		<WAVELENGTH>[0.48, 0.56, 0.655, 0.865, 1.61, 2.2]</WAVELENGTH>
		<MEAN_VALUE>[0.1161609310656786, 0.13732589408755308, 0.1619918474129268, 0.0860377441027335, 0.029248910689992566, 0.022106581666905965]</MEAN_VALUE>
		<CHECKBOX>2</CHECKBOX>
		<SD>[0.001795706686870414, 0.0030143721192627867, 0.004330612365943217, 0.013535210954161155, 0.01247692380146163, 0.009422555952952907]</SD>
		<WAVELENGTH_UNIT>E-6m</WAVELENGTH_UNIT>
		<COLOR>#dbde33</COLOR>
		<COVARIANCE_MATRIX>[[3.283190914457864e-06, 5.020264062486043e-06, -2.732141901606826e-08, 2.1892825013459684e-06, 8.201283676141772e-06, 4.88850595319795e-06], [5.020264062486043e-06, 9.251647260177798e-06, 6.853819915245351e-08, -7.130502904939559e-06, 2.041817141080154e-06, -9.420389765561876e-07], [-2.732141901606826e-08, 6.853819915245351e-08, 1.909518898158868e-05, 4.2594761372672393e-05, 8.314259338464949e-06, 5.339117298355682e-06], [2.1892825013459684e-06, -7.130502904939559e-06, 4.2594761372672393e-05, 0.0001865328798568013, 0.00010168874174711232, 7.885928383327871e-05], [8.201283676141772e-06, 2.041817141080154e-06, 8.314259338464949e-06, 0.00010168874174711232, 0.00015850405713925203, 0.00011769096777782009], [4.88850595319795e-06, -9.420389765561876e-07, 5.339117298355682e-06, 7.885928383327871e-05, 0.00011769096777782009, 9.039882542628331e-05]]</COVARIANCE_MATRIX>
		<ROI_SIZE>56</ROI_SIZE>
		<MAX_VALUE>[0.12040235102176666, 0.1439572274684906, 0.17332780361175537, 0.12368737906217575, 0.07183259725570679, 0.04966475069522858]</MAX_VALUE>
		<MIN_VALUE>[0.11193428933620453, 0.12977075576782227, 0.15502896904945374, 0.07059159129858017, 0.017982477322220802, 0.013383437879383564]</MIN_VALUE>
		<SIGNATURE_THRESHOLD_MD>0</SIGNATURE_THRESHOLD_MD>
		<SIGNATURE_THRESHOLD_ML>0</SIGNATURE_THRESHOLD_ML>
		<SIGNATURE_THRESHOLD_SAM>0</SIGNATURE_THRESHOLD_SAM>
	</signature>
	<signature ID="20210205_180308343614_346">
		<MACROCLASSID>1</MACROCLASSID>
		<MACROCLASSINFO>waterbody</MACROCLASSINFO>
		<CLASSID>7</CLASSID>
		<CLASSINFO>C 1</CLASSINFO>
		<VALUES>[0.10802610142939335, 0.00209666763268332, 0.10158141713211505, 0.003436646554443082, 0.07737254175910917, 0.0041903276876911885, 0.04354345463756204, 0.00837887640644368, 0.02729975816834232, 0.010047761589872245, 0.02067698022364167, 0.007553743689987843]</VALUES>
		<LCS_MIN>[0.10030285269021988, 0.08825774490833282, 0.06141785904765129, 0.02053750678896904, 0.0080543989315629, 0.004647699650377035]</LCS_MIN>
		<LCS_MAX>[0.11249395459890366, 0.10743258148431778, 0.08767374604940414, 0.07166226953268051, 0.060517508536577225, 0.050540752708911896]</LCS_MAX>
		<WAVELENGTH>[0.48, 0.56, 0.655, 0.865, 1.61, 2.2]</WAVELENGTH>
		<MEAN_VALUE>[0.10802610142939335, 0.10158141713211505, 0.07737254175910917, 0.04354345463756204, 0.02729975816834232, 0.02067698022364167]</MEAN_VALUE>
		<CHECKBOX>2</CHECKBOX>
		<SD>[0.00209666763268332, 0.003436646554443082, 0.0041903276876911885, 0.00837887640644368, 0.010047761589872245, 0.007553743689987843]</SD>
		<WAVELENGTH_UNIT>E-6m</WAVELENGTH_UNIT>
		<COLOR>#cb220c</COLOR>
		<COVARIANCE_MATRIX>[[4.428102863853875e-06, 7.0078407327042105e-06, 7.91952973983418e-06, 6.6920833176433726e-06, 2.9382350690082253e-06, 2.1988264844920456e-06], [7.0078407327042105e-06, 1.1896747857976963e-05, 1.2847906477001657e-05, 9.216485735192748e-06, 2.4802749421530344e-06, 2.1474237061635974e-06], [7.91952973983418e-06, 1.2847906477001657e-05, 1.7687012890306063e-05, 2.4429341707268973e-05, 1.8290277245642974e-05, 1.4335704084391292e-05], [6.6920833176433726e-06, 9.216485735192748e-06, 2.4429341707268973e-05, 7.071801924930865e-05, 6.955349431032613e-05, 5.2211072802378924e-05], [2.9382350690082253e-06, 2.4802749421530344e-06, 1.8290277245642974e-05, 6.955349431032613e-05, 0.0001016944291199552, 7.4302038784718e-05], [2.1988264844920456e-06, 2.1474237061635974e-06, 1.4335704084391292e-05, 5.2211072802378924e-05, 7.4302038784718e-05, 5.747553310435254e-05]]</COVARIANCE_MATRIX>
		<ROI_SIZE>138</ROI_SIZE>
		<MAX_VALUE>[0.11249395459890366, 0.10743258148431778, 0.08767374604940414, 0.07166226953268051, 0.060517508536577225, 0.050540752708911896]</MAX_VALUE>
		<MIN_VALUE>[0.10030285269021988, 0.08825774490833282, 0.06141785904765129, 0.02053750678896904, 0.0080543989315629, 0.004647699650377035]</MIN_VALUE>
		<SIGNATURE_THRESHOLD_MD>0</SIGNATURE_THRESHOLD_MD>
		<SIGNATURE_THRESHOLD_ML>0</SIGNATURE_THRESHOLD_ML>
		<SIGNATURE_THRESHOLD_SAM>0</SIGNATURE_THRESHOLD_SAM>
	</signature>
	<signature ID="20210205_180316524376_736">
		<MACROCLASSID>1</MACROCLASSID>
		<MACROCLASSINFO>waterbody</MACROCLASSINFO>
		<CLASSID>8</CLASSID>
		<CLASSINFO>C 1</CLASSINFO>
		<VALUES>[0.10536721244192962, 0.001577435211340009, 0.10841914932978779, 0.003999008782595566, 0.08411677508500583, 0.008632356456428309, 0.058893991438181775, 0.029359279799890625, 0.05267527853873999, 0.04057723337257763, 0.038928536714561146, 0.029560198608951097]</VALUES>
		<LCS_MIN>[0.10057052224874496, 0.09796683490276337, 0.07334128022193909, 0.024552535265684128, 0.006107709836214781, 0.0035283598117530346]</LCS_MIN>
		<LCS_MAX>[0.10818690806627274, 0.11324828863143921, 0.1064349114894867, 0.13283678889274597, 0.14704757928848267, 0.11215327680110931]</LCS_MAX>
		<WAVELENGTH>[0.48, 0.56, 0.655, 0.865, 1.61, 2.2]</WAVELENGTH>
		<MEAN_VALUE>[0.10536721244192962, 0.10841914932978779, 0.08411677508500583, 0.058893991438181775, 0.05267527853873999, 0.038928536714561146]</MEAN_VALUE>
		<CHECKBOX>2</CHECKBOX>
		<SD>[0.001577435211340009, 0.003999008782595566, 0.008632356456428309, 0.029359279799890625, 0.04057723337257763, 0.029560198608951097]</SD>
		<WAVELENGTH_UNIT>E-6m</WAVELENGTH_UNIT>
		<COLOR>#4e984c</COLOR>
		<COVARIANCE_MATRIX>[[2.532735807510564e-06, 5.838519073136886e-06, -7.6584479219031e-06, -3.0142605793101027e-05, -4.0759836135975304e-05, -2.94199590886043e-05], [5.838519073136886e-06, 1.62776439440493e-05, -2.2997219684104407e-05, -8.853412613352141e-05, -0.00011829060642352279, -8.607205792466422e-05], [-7.6584479219031e-06, -2.2997219684104407e-05, 7.584824902639023e-05, 0.00023736147881004668, 0.00034286594644569865, 0.0002513278744991011], [-3.0142605793101027e-05, -8.853412613352141e-05, 0.00023736147881004668, 0.000877359583767699, 0.001164406240654684, 0.0008355707287539592], [-4.0759836135975304e-05, -0.00011829060642352279, 0.00034286594644569865, 0.001164406240654684, 0.0016759138658185677, 0.0012155248752045269], [-2.94199590886043e-05, -8.607205792466422e-05, 0.0002513278744991011, 0.0008355707287539592, 0.0012155248752045269, 0.0008894090086185027]]</COVARIANCE_MATRIX>
		<ROI_SIZE>57</ROI_SIZE>
		<MAX_VALUE>[0.10818690806627274, 0.11324828863143921, 0.1064349114894867, 0.13283678889274597, 0.14704757928848267, 0.11215327680110931]</MAX_VALUE>
		<MIN_VALUE>[0.10057052224874496, 0.09796683490276337, 0.07334128022193909, 0.024552535265684128, 0.006107709836214781, 0.0035283598117530346]</MIN_VALUE>
		<SIGNATURE_THRESHOLD_MD>0</SIGNATURE_THRESHOLD_MD>
		<SIGNATURE_THRESHOLD_ML>0</SIGNATURE_THRESHOLD_ML>
		<SIGNATURE_THRESHOLD_SAM>0</SIGNATURE_THRESHOLD_SAM>
	</signature>
	<signature ID="20210205_180321736170_232">
		<MACROCLASSID>1</MACROCLASSID>
		<MACROCLASSINFO>waterbody</MACROCLASSINFO>
		<CLASSID>9</CLASSID>
		<CLASSINFO>C 1</CLASSINFO>
		<VALUES>[0.10347107508116295, 0.0027692984070209667, 0.101534374911561, 0.006591857427046868, 0.0706423630253372, 0.0058162699075713226, 0.03690738226645259, 0.006436407078042081, 0.020284662990329362, 0.00599276696263798, 0.0150566331190495, 0.004276228746916994]</VALUES>
		<LCS_MIN>[0.09178610891103745, 0.07862166315317154, 0.05684313923120499, 0.026791224256157875, 0.009003408253192902, 0.00800572894513607]</LCS_MIN>
		<LCS_MAX>[0.10952525585889816, 0.11972101032733917, 0.11081492900848389, 0.07248960435390472, 0.05642947182059288, 0.04219436272978783]</LCS_MAX>
		<WAVELENGTH>[0.48, 0.56, 0.655, 0.865, 1.61, 2.2]</WAVELENGTH>
		<MEAN_VALUE>[0.10347107508116295, 0.101534374911561, 0.0706423630253372, 0.03690738226645259, 0.020284662990329362, 0.0150566331190495]</MEAN_VALUE>
		<CHECKBOX>2</CHECKBOX>
		<SD>[0.0027692984070209667, 0.006591857427046868, 0.0058162699075713226, 0.006436407078042081, 0.00599276696263798, 0.004276228746916994]</SD>
		<WAVELENGTH_UNIT>E-6m</WAVELENGTH_UNIT>
		<COLOR>#8a0d75</COLOR>
		<COVARIANCE_MATRIX>[[7.675573986775678e-06, 1.6245988880537092e-05, 4.20408337867897e-06, -2.327874399814204e-06, -1.2320829047003277e-06, -5.401391499995693e-08], [1.6245988880537092e-05, 4.348975506934138e-05, 1.8397121047235783e-05, -5.300787435157151e-06, -4.568970336255684e-06, -1.499164443625445e-06], [4.20408337867897e-06, 1.8397121047235783e-05, 3.385793404288459e-05, 2.2197925255578285e-05, 1.6377833955155474e-05, 1.26542437156195e-05], [-2.327874399814204e-06, -5.300787435157151e-06, 2.2197925255578285e-05, 4.1462774342939315e-05, 3.5788955192258945e-05, 2.4396121053345396e-05], [-1.2320829047003277e-06, -4.568970336255684e-06, 1.6377833955155474e-05, 3.5788955192258945e-05, 3.594397721653356e-05, 2.4517835348963117e-05], [-5.401391499995693e-08, -1.499164443625445e-06, 1.26542437156195e-05, 2.4396121053345396e-05, 2.4517835348963117e-05, 1.8301774838556337e-05]]</COVARIANCE_MATRIX>
		<ROI_SIZE>1170</ROI_SIZE>
		<MAX_VALUE>[0.10952525585889816, 0.11972101032733917, 0.11081492900848389, 0.07248960435390472, 0.05642947182059288, 0.04219436272978783]</MAX_VALUE>
		<MIN_VALUE>[0.09178610891103745, 0.07862166315317154, 0.05684313923120499, 0.026791224256157875, 0.009003408253192902, 0.00800572894513607]</MIN_VALUE>
		<SIGNATURE_THRESHOLD_MD>0</SIGNATURE_THRESHOLD_MD>
		<SIGNATURE_THRESHOLD_ML>0</SIGNATURE_THRESHOLD_ML>
		<SIGNATURE_THRESHOLD_SAM>0</SIGNATURE_THRESHOLD_SAM>
	</signature>
	<signature ID="20210205_180328735248_668">
		<MACROCLASSID>1</MACROCLASSID>
		<MACROCLASSINFO>waterbody</MACROCLASSINFO>
		<CLASSID>10</CLASSID>
		<CLASSINFO>C 1</CLASSINFO>
		<VALUES>[0.0911867268147601, 0.001572806232682633, 0.09044182508947989, 0.003390576402699997, 0.06290521411259598, 0.0038749930888115095, 0.03555630551931255, 0.008242960505538894, 0.017015592370177357, 0.006763256983433485, 0.012033540748138385, 0.004950761295647578]</VALUES>
		<LCS_MIN>[0.08694374561309814, 0.07711298763751984, 0.054458461701869965, 0.022824855521321297, 0.0056453789584338665, 0.00452602980658412]</LCS_MIN>
		<LCS_MAX>[0.09803982079029083, 0.11030393838882446, 0.08772240579128265, 0.07005626708269119, 0.05017575994133949, 0.042243022471666336]</LCS_MAX>
		<WAVELENGTH>[0.48, 0.56, 0.655, 0.865, 1.61, 2.2]</WAVELENGTH>
		<MEAN_VALUE>[0.0911867268147601, 0.09044182508947989, 0.06290521411259598, 0.03555630551931255, 0.017015592370177357, 0.012033540748138385]</MEAN_VALUE>
		<CHECKBOX>2</CHECKBOX>
		<SD>[0.001572806232682633, 0.003390576402699997, 0.0038749930888115095, 0.008242960505538894, 0.006763256983433485, 0.004950761295647578]</SD>
		<WAVELENGTH_UNIT>E-6m</WAVELENGTH_UNIT>
		<COLOR>#37670f</COLOR>
		<COVARIANCE_MATRIX>[[2.476987238756312e-06, 4.028097165122245e-06, 5.1277072916796985e-06, 4.102531472131496e-06, 3.822333883768583e-06, 3.38603570832927e-06], [4.028097165122245e-06, 1.151119461512534e-05, 9.096973747710905e-06, -2.4686507640178134e-06, 1.0258745947772804e-06, 2.3944233353757933e-06], [5.1277072916796985e-06, 9.096973747710905e-06, 1.5035407067713893e-05, 1.7384227878968514e-05, 1.5901906176900636e-05, 1.2242040865307614e-05], [4.102531472131496e-06, -2.4686507640178134e-06, 1.7384227878968514e-05, 6.803615535676689e-05, 5.071503496612562e-05, 3.314257030661041e-05], [3.822333883768583e-06, 1.0258745947772804e-06, 1.5901906176900636e-05, 5.071503496612562e-05, 4.5802069918313163e-05, 3.1631385480289097e-05], [3.38603570832927e-06, 2.3944233353757933e-06, 1.2242040865307614e-05, 3.314257030661041e-05, 3.1631385480289097e-05, 2.4542415263029634e-05]]</COVARIANCE_MATRIX>
		<ROI_SIZE>758</ROI_SIZE>
		<MAX_VALUE>[0.09803982079029083, 0.11030393838882446, 0.08772240579128265, 0.07005626708269119, 0.05017575994133949, 0.042243022471666336]</MAX_VALUE>
		<MIN_VALUE>[0.08694374561309814, 0.07711298763751984, 0.054458461701869965, 0.022824855521321297, 0.0056453789584338665, 0.00452602980658412]</MIN_VALUE>
		<SIGNATURE_THRESHOLD_MD>0</SIGNATURE_THRESHOLD_MD>
		<SIGNATURE_THRESHOLD_ML>0</SIGNATURE_THRESHOLD_ML>
		<SIGNATURE_THRESHOLD_SAM>0</SIGNATURE_THRESHOLD_SAM>
	</signature>
	<signature ID="20210205_180333109701_158">
		<MACROCLASSID>1</MACROCLASSID>
		<MACROCLASSINFO>waterbody</MACROCLASSINFO>
		<CLASSID>11</CLASSID>
		<CLASSINFO>C 1</CLASSINFO>
		<VALUES>[0.09967064712811441, 0.0027537791907799236, 0.09591784870740282, 0.005185725497519686, 0.06480942547176652, 0.005592014573051295, 0.03533253174962351, 0.00737621584483171, 0.020218331972589192, 0.008304183716183449, 0.014165187091792677, 0.005775803243449306]</VALUES>
		<LCS_MIN>[0.09105609357357025, 0.07920566201210022, 0.05847349017858505, 0.02793489582836628, 0.009222408756613731, 0.00810306891798973]</LCS_MIN>
		<LCS_MAX>[0.10582655668258667, 0.10203052312135696, 0.08565405756235123, 0.0641188696026802, 0.05253611132502556, 0.03382362425327301]</LCS_MAX>
		<WAVELENGTH>[0.48, 0.56, 0.655, 0.865, 1.61, 2.2]</WAVELENGTH>
		<MEAN_VALUE>[0.09967064712811441, 0.09591784870740282, 0.06480942547176652, 0.03533253174962351, 0.020218331972589192, 0.014165187091792677]</MEAN_VALUE>
		<CHECKBOX>2</CHECKBOX>
		<SD>[0.0027537791907799236, 0.005185725497519686, 0.005592014573051295, 0.00737621584483171, 0.008304183716183449, 0.005775803243449306]</SD>
		<WAVELENGTH_UNIT>E-6m</WAVELENGTH_UNIT>
		<COLOR>#f09c4f</COLOR>
		<COVARIANCE_MATRIX>[[7.657645908352704e-06, 1.281301867393403e-05, -7.37886513139598e-06, -5.765727304131865e-06, -5.811552255066333e-06, -4.425098151002574e-06], [1.281301867393403e-05, 2.7155393533034102e-05, -1.3063753102874149e-05, -1.253405924393086e-05, -1.2785032724029189e-05, -1.0667740933199399e-05], [-7.37886513139598e-06, -1.3063753102874149e-05, 3.157720175958291e-05, 3.5591989811476494e-05, 3.775086697219551e-05, 2.5828501068795743e-05], [-5.765727304131865e-06, -1.253405924393086e-05, 3.5591989811476494e-05, 5.49419774463066e-05, 5.774149984443071e-05, 3.96573504899959e-05], [-5.811552255066333e-06, -1.2785032724029189e-05, 3.775086697219551e-05, 5.774149984443071e-05, 6.963554039989227e-05, 4.655344855225937e-05], [-4.425098151002574e-06, -1.0667740933199399e-05, 2.5828501068795743e-05, 3.96573504899959e-05, 4.655344855225937e-05, 3.3686960980637936e-05]]</COVARIANCE_MATRIX>
		<ROI_SIZE>103</ROI_SIZE>
		<MAX_VALUE>[0.10582655668258667, 0.10203052312135696, 0.08565405756235123, 0.0641188696026802, 0.05253611132502556, 0.03382362425327301]</MAX_VALUE>
		<MIN_VALUE>[0.09105609357357025, 0.07920566201210022, 0.05847349017858505, 0.02793489582836628, 0.009222408756613731, 0.00810306891798973]</MIN_VALUE>
		<SIGNATURE_THRESHOLD_MD>0</SIGNATURE_THRESHOLD_MD>
		<SIGNATURE_THRESHOLD_ML>0</SIGNATURE_THRESHOLD_ML>
		<SIGNATURE_THRESHOLD_SAM>0</SIGNATURE_THRESHOLD_SAM>
	</signature>
	<signature ID="20210205_180342910482_202">
		<MACROCLASSID>1</MACROCLASSID>
		<MACROCLASSINFO>waterbody</MACROCLASSINFO>
		<CLASSID>12</CLASSID>
		<CLASSINFO>C 1</CLASSINFO>
		<VALUES>[0.12008529562328642, 0.00230476787807691, 0.10038523335451116, 0.002648630310803283, 0.07249564453241092, 0.003148017769115687, 0.05870355485320172, 0.005375161090786687, 0.02455280536334171, 0.008004466792032516, 0.014864319191729897, 0.0066254607494151]</VALUES>
		<LCS_MIN>[0.11324828863143921, 0.09356246143579483, 0.06565187871456146, 0.046696051955223083, 0.011972097679972649, 0.004404369276016951]</LCS_MIN>
		<LCS_MAX>[0.12801875174045563, 0.11906399577856064, 0.09594713896512985, 0.09100743383169174, 0.05883849784731865, 0.04959174245595932]</LCS_MAX>
		<WAVELENGTH>[0.48, 0.56, 0.655, 0.865, 1.61, 2.2]</WAVELENGTH>
		<MEAN_VALUE>[0.12008529562328642, 0.10038523335451116, 0.07249564453241092, 0.05870355485320172, 0.02455280536334171, 0.014864319191729897]</MEAN_VALUE>
		<CHECKBOX>2</CHECKBOX>
		<SD>[0.00230476787807691, 0.002648630310803283, 0.003148017769115687, 0.005375161090786687, 0.008004466792032516, 0.0066254607494151]</SD>
		<WAVELENGTH_UNIT>E-6m</WAVELENGTH_UNIT>
		<COLOR>#33c660</COLOR>
		<COVARIANCE_MATRIX>[[5.315615864283605e-06, 4.386588363653374e-06, 3.05084608826894e-06, 4.2062067746835595e-07, -5.403071794538669e-06, -5.684101769588359e-06], [4.386588363653374e-06, 7.0200772872779244e-06, 7.083932992503236e-06, 6.819050163774776e-06, 3.904342457960184e-06, 1.9617949767854236e-06], [3.05084608826894e-06, 7.083932992503236e-06, 9.916845658179272e-06, 1.4261620793584422e-05, 1.492721875659155e-05, 1.0858393368131427e-05], [4.2062067746835595e-07, 6.819050163774776e-06, 1.4261620793584422e-05, 2.8912268782749276e-05, 3.5413787795905673e-05, 2.7185339548789115e-05], [-5.403071794538669e-06, 3.904342457960184e-06, 1.492721875659155e-05, 3.5413787795905673e-05, 6.411564540533339e-05, 5.150764040179767e-05], [-5.684101769588359e-06, 1.9617949767854236e-06, 1.0858393368131427e-05, 2.7185339548789115e-05, 5.150764040179767e-05, 4.392698288507401e-05]]</COVARIANCE_MATRIX>
		<ROI_SIZE>1452</ROI_SIZE>
		<MAX_VALUE>[0.12801875174045563, 0.11906399577856064, 0.09594713896512985, 0.09100743383169174, 0.05883849784731865, 0.04959174245595932]</MAX_VALUE>
		<MIN_VALUE>[0.11324828863143921, 0.09356246143579483, 0.06565187871456146, 0.046696051955223083, 0.011972097679972649, 0.004404369276016951]</MIN_VALUE>
		<SIGNATURE_THRESHOLD_MD>0</SIGNATURE_THRESHOLD_MD>
		<SIGNATURE_THRESHOLD_ML>0</SIGNATURE_THRESHOLD_ML>
		<SIGNATURE_THRESHOLD_SAM>0</SIGNATURE_THRESHOLD_SAM>
	</signature>
	<signature ID="20210205_180629243402_130">
		<MACROCLASSID>1</MACROCLASSID>
		<MACROCLASSINFO>waterbody</MACROCLASSINFO>
		<CLASSID>13</CLASSID>
		<CLASSINFO>C 1</CLASSINFO>
		<VALUES>[0.11740989965551037, 0.00474800076311868, 0.09825739939423167, 0.004802424952175032, 0.07710525507436079, 0.008415955645882132, 0.05861462692127508, 0.01174325169887222, 0.02470598191242007, 0.009055158728854838, 0.01614859109087026, 0.006832769841338523]</VALUES>
		<LCS_MIN>[0.10923326015472412, 0.09027743339538574, 0.06482453644275665, 0.04246203228831291, 0.014819118194282055, 0.006497049238532782]</LCS_MIN>
		<LCS_MAX>[0.1267777383327484, 0.1087222471833229, 0.09726116061210632, 0.09288112074136734, 0.058960169553756714, 0.04090467467904091]</LCS_MAX>
		<WAVELENGTH>[0.48, 0.56, 0.655, 0.865, 1.61, 2.2]</WAVELENGTH>
		<MEAN_VALUE>[0.11740989965551037, 0.09825739939423167, 0.07710525507436079, 0.05861462692127508, 0.02470598191242007, 0.01614859109087026]</MEAN_VALUE>
		<CHECKBOX>2</CHECKBOX>
		<SD>[0.00474800076311868, 0.004802424952175032, 0.008415955645882132, 0.01174325169887222, 0.009055158728854838, 0.006832769841338523]</SD>
		<WAVELENGTH_UNIT>E-6m</WAVELENGTH_UNIT>
		<COLOR>#880a75</COLOR>
		<COVARIANCE_MATRIX>[[2.2811886380463276e-05, 2.2519236951234247e-05, 3.84804451507268e-05, 1.4896153076808266e-05, -1.2808438024180055e-05, -1.1427507715770431e-05], [2.2519236951234247e-05, 2.3337848342955173e-05, 3.9496668125975954e-05, 2.064671842895664e-05, -9.519271737456709e-06, -8.038632291300621e-06], [3.84804451507268e-05, 3.9496668125975954e-05, 7.167150359337734e-05, 5.123940460770259e-05, -5.870559233758264e-06, -8.36346025790321e-06], [1.4896153076808266e-05, 2.064671842895664e-05, 5.123940460770259e-05, 0.0001395456742781018, 7.464534189516627e-05, 5.101537330201129e-05], [-1.2808438024180055e-05, -9.519271737456709e-06, -5.870559233758264e-06, 7.464534189516627e-05, 8.29720412667173e-05, 5.909418875639464e-05], [-1.1427507715770431e-05, -8.038632291300621e-06, -8.36346025790321e-06, 5.101537330201129e-05, 5.909418875639464e-05, 4.724253827261842e-05]]</COVARIANCE_MATRIX>
		<ROI_SIZE>85</ROI_SIZE>
		<MAX_VALUE>[0.1267777383327484, 0.1087222471833229, 0.09726116061210632, 0.09288112074136734, 0.058960169553756714, 0.04090467467904091]</MAX_VALUE>
		<MIN_VALUE>[0.10923326015472412, 0.09027743339538574, 0.06482453644275665, 0.04246203228831291, 0.014819118194282055, 0.006497049238532782]</MIN_VALUE>
		<SIGNATURE_THRESHOLD_MD>0</SIGNATURE_THRESHOLD_MD>
		<SIGNATURE_THRESHOLD_ML>0</SIGNATURE_THRESHOLD_ML>
		<SIGNATURE_THRESHOLD_SAM>0</SIGNATURE_THRESHOLD_SAM>
	</signature>
	<signature ID="20210205_180640902701_143">
		<MACROCLASSID>1</MACROCLASSID>
		<MACROCLASSINFO>waterbody</MACROCLASSINFO>
		<CLASSID>14</CLASSID>
		<CLASSINFO>C 1</CLASSINFO>
		<VALUES>[0.12159392027992047, 0.002539688441421109, 0.1094849046880165, 0.005052650922482176, 0.08446976723132935, 0.007002813249478131, 0.06705638443210486, 0.008390590204933752, 0.03286134311352418, 0.012527332486067308, 0.021889586548889638, 0.009614371049393906]</VALUES>
		<LCS_MIN>[0.1162169873714447, 0.09942683577537537, 0.07168659567832947, 0.04900773987174034, 0.01494078803807497, 0.008735738694667816]</LCS_MIN>
		<LCS_MAX>[0.13098743557929993, 0.12816475331783295, 0.11354029178619385, 0.10005950927734375, 0.07852432876825333, 0.06482453644275665]</LCS_MAX>
		<WAVELENGTH>[0.48, 0.56, 0.655, 0.865, 1.61, 2.2]</WAVELENGTH>
		<MEAN_VALUE>[0.12159392027992047, 0.1094849046880165, 0.08446976723132935, 0.06705638443210486, 0.03286134311352418, 0.021889586548889638]</MEAN_VALUE>
		<CHECKBOX>2</CHECKBOX>
		<SD>[0.002539688441421109, 0.005052650922482176, 0.007002813249478131, 0.008390590204933752, 0.012527332486067308, 0.009614371049393906]</SD>
		<WAVELENGTH_UNIT>E-6m</WAVELENGTH_UNIT>
		<COLOR>#0c092b</COLOR>
		<COVARIANCE_MATRIX>[[6.461453580515726e-06, 1.1370164893197612e-05, 1.4602152235724562e-05, 1.269638148603808e-05, 1.3205309933356985e-05, 1.1159351130923441e-05], [1.1370164893197612e-05, 2.557454602769502e-05, 3.3146733524647636e-05, 2.2936913271990302e-05, 2.5341133018849435e-05, 2.103850676273245e-05], [1.4602152235724562e-05, 3.3146733524647636e-05, 4.912634268615701e-05, 4.42742170044897e-05, 5.4209399877650505e-05, 4.052699404049294e-05], [1.269638148603808e-05, 2.2936913271990302e-05, 4.42742170044897e-05, 7.052683023533401e-05, 9.860292830956263e-05, 6.913339331687403e-05], [1.3205309933356985e-05, 2.5341133018849435e-05, 5.4209399877650505e-05, 9.860292830956263e-05, 0.00015721231109452078, 0.00011313766272064454], [1.1159351130923441e-05, 2.103850676273245e-05, 4.052699404049294e-05, 6.913339331687403e-05, 0.00011313766272064454, 9.260002452413885e-05]]</COVARIANCE_MATRIX>
		<ROI_SIZE>565</ROI_SIZE>
		<MAX_VALUE>[0.13098743557929993, 0.12816475331783295, 0.11354029178619385, 0.10005950927734375, 0.07852432876825333, 0.06482453644275665]</MAX_VALUE>
		<MIN_VALUE>[0.1162169873714447, 0.09942683577537537, 0.07168659567832947, 0.04900773987174034, 0.01494078803807497, 0.008735738694667816]</MIN_VALUE>
		<SIGNATURE_THRESHOLD_MD>0</SIGNATURE_THRESHOLD_MD>
		<SIGNATURE_THRESHOLD_ML>0</SIGNATURE_THRESHOLD_ML>
		<SIGNATURE_THRESHOLD_SAM>0</SIGNATURE_THRESHOLD_SAM>
	</signature>
	<signature ID="20210205_180655283212_768">
		<MACROCLASSID>1</MACROCLASSID>
		<MACROCLASSINFO>waterbody</MACROCLASSINFO>
		<CLASSID>15</CLASSID>
		<CLASSINFO>C 1</CLASSINFO>
		<VALUES>[0.1367638835258651, 0.0014408527181699203, 0.1115423812155138, 0.0018634828486315843, 0.08758964088925147, 0.004087200166849124, 0.10454030047383225, 0.016688607968867616, 0.047336841443259475, 0.018047078362761655, 0.02659996911033727, 0.010698130756630222]</VALUES>
		<LCS_MIN>[0.13398046791553497, 0.10682423412799835, 0.08227168768644333, 0.07725898921489716, 0.013091438449919224, 0.00919806957244873]</LCS_MIN>
		<LCS_MAX>[0.14018552005290985, 0.11626564711332321, 0.09840483218431473, 0.1402098685503006, 0.08356137573719025, 0.050394751131534576]</LCS_MAX>
		<WAVELENGTH>[0.48, 0.56, 0.655, 0.865, 1.61, 2.2]</WAVELENGTH>
		<MEAN_VALUE>[0.1367638835258651, 0.1115423812155138, 0.08758964088925147, 0.10454030047383225, 0.047336841443259475, 0.02659996911033727]</MEAN_VALUE>
		<CHECKBOX>2</CHECKBOX>
		<SD>[0.0014408527181699203, 0.0018634828486315843, 0.004087200166849124, 0.016688607968867616, 0.018047078362761655, 0.010698130756630222]</SD>
		<WAVELENGTH_UNIT>E-6m</WAVELENGTH_UNIT>
		<COLOR>#02d82d</COLOR>
		<COVARIANCE_MATRIX>[[2.113128993947988e-06, 2.446563687349689e-06, 4.053839243418247e-06, -3.2065711905886936e-06, -1.1192935109547507e-06, 6.12095006244177e-07], [2.446563687349689e-06, 3.534578475843081e-06, 6.632500615872234e-06, -2.9023869549050715e-06, 2.562310100077223e-06, 4.119939094432317e-06], [4.053839243418247e-06, 6.632500615872234e-06, 1.7003512439675294e-05, 1.2607765455381537e-05, 2.8919875988337788e-05, 2.2949782174414573e-05], [-3.2065711905886936e-06, -2.9023869549050715e-06, 1.2607765455381537e-05, 0.0002834830222945973, 0.0002808362649743474, 0.00015682664599850463], [-1.1192935109547507e-06, 2.562310100077223e-06, 2.8919875988337788e-05, 0.0002808362649743474, 0.00033151305595722526, 0.00019117040219576644], [6.12095006244177e-07, 4.119939094432317e-06, 2.2949782174414573e-05, 0.00015682664599850463, 0.00019117040219576644, 0.00011649375171606393]]</COVARIANCE_MATRIX>
		<ROI_SIZE>57</ROI_SIZE>
		<MAX_VALUE>[0.14018552005290985, 0.11626564711332321, 0.09840483218431473, 0.1402098685503006, 0.08356137573719025, 0.050394751131534576]</MAX_VALUE>
		<MIN_VALUE>[0.13398046791553497, 0.10682423412799835, 0.08227168768644333, 0.07725898921489716, 0.013091438449919224, 0.00919806957244873]</MIN_VALUE>
		<SIGNATURE_THRESHOLD_MD>0</SIGNATURE_THRESHOLD_MD>
		<SIGNATURE_THRESHOLD_ML>0</SIGNATURE_THRESHOLD_ML>
		<SIGNATURE_THRESHOLD_SAM>0</SIGNATURE_THRESHOLD_SAM>
	</signature>
	<signature ID="20210205_180716055612_890">
		<MACROCLASSID>1</MACROCLASSID>
		<MACROCLASSINFO>waterbody</MACROCLASSINFO>
		<CLASSID>16</CLASSID>
		<CLASSINFO>C 1</CLASSINFO>
		<VALUES>[0.13835320770740506, 0.0009989529381849807, 0.11311445459723474, 0.0021339094226398617, 0.09396760910749435, 0.004208311099596188, 0.10678286999464034, 0.014741685268003152, 0.052669941727072005, 0.018459329373629468, 0.03240862158127129, 0.013292829664081405]</VALUES>
