<?xml version="1.0" ?>
<signaturelist MCID_LIST="[['1', 'waterbody', '#0000ff'], ['2', 'vegetation', '#00ff00'], ['3', 'bareland', '#ffaa00'], ['4', 'built-up', '#ff0000'], ['5', 'built-up', '#46db19']]">
	<signature ID="20210205_180241877674_900">
		<MACROCLASSID>1</MACROCLASSID>
		<MACROCLASSINFO>waterbody</MACROCLASSINFO>
		<CLASSID>1</CLASSID>
		<CLASSINFO>C 1</CLASSINFO>
		<VALUES>[0.0999869105287537, 0.0016362271626899681, 0.07883436651974202, 0.0029073365878588427, 0.05458209278308956, 0.005069199695579338, 0.035467036221937955, 0.00451801743480071, 0.01748064229458206, 0.004170158850308151, 0.012688027649558991, 0.0030618028352446362]</VALUES>
		<LCS_MIN>[0.09356246143579483, 0.07066459953784943, 0.047134071588516235, 0.026255885139107704, 0.003114689840003848, 0.004477369133383036]</LCS_MIN>
		<LCS_MAX>[0.10740824788808823, 0.10025417059659958, 0.09195644408464432, 0.07158927619457245, 0.05399613082408905, 0.042681023478507996]</LCS_MAX>
		<WAVELENGTH>[0.48, 0.56, 0.655, 0.865, 1.61, 2.2]</WAVELENGTH>
		<MEAN_VALUE>[0.0999869105287537, 0.07883436651974202, 0.05458209278308956, 0.035467036221937955, 0.01748064229458206, 0.012688027649558991]</MEAN_VALUE>
		<CHECKBOX>2</CHECKBOX>
		<SD>[0.0016362271626899681, 0.0029073365878588427, 0.005069199695579338, 0.00451801743480071, 0.004170158850308151, 0.0030618028352446362]</SD>
		<WAVELENGTH_UNIT>E-6m</WAVELENGTH_UNIT>
		<COLOR>#0a57c6</COLOR>
		<COVARIANCE_MATRIX>[[3.406060159250046e-06, 3.71329201698245e-06, 3.5894588563678553e-06, 3.356715069458005e-06, 2.6419991172588198e-06, 2.4085802579065785e-06], [3.71329201698245e-06, 7.266047305165557e-06, 8.963047548604663e-06, 5.9605367823678534e-06, 4.953933057549875e-06, 4.083630301465746e-06], [3.5894588563678553e-06, 8.963047548604663e-06, 1.9380815501790494e-05, 1.5633560906280763e-05, 1.4054178791411687e-05, 1.0909803677350283e-05], [3.356715069458005e-06, 5.9605367823678534e-06, 1.5633560906280763e-05, 2.1300154912751168e-05, 1.942726521519944e-05, 1.4963143257773481e-05], [2.6419991172588198e-06, 4.953933057549875e-06, 1.4054178791411687e-05, 1.942726521519944e-05, 2.0941828552167863e-05, 1.6280315321637318e-05], [2.4085802579065785e-06, 4.083630301465746e-06, 1.0909803677350283e-05, 1.4963143257773481e-05, 1.6280315321637318e-05, 1.32539726109826e-05]]</COVARIANCE_MATRIX>
		<ROI_SIZE>3944</ROI_SIZE>
		<MAX_VALUE>[0.10740824788808823, 0.10025417059659958, 0.09195644408464432, 0.07158927619457245, 0.05399613082408905, 0.042681023478507996]</MAX_VALUE>
		<MIN_VALUE>[0.09356246143579483, 0.07066459953784943, 0.047134071588516235, 0.026255885139107704, 0.003114689840003848, 0.004477369133383036]</MIN_VALUE>
		<SIGNATURE_THRESHOLD_MD>0.0</SIGNATURE_THRESHOLD_MD>
		<SIGNATURE_THRESHOLD_ML>0.0</SIGNATURE_THRESHOLD_ML>
		<SIGNATURE_THRESHOLD_SAM>0.0</SIGNATURE_THRESHOLD_SAM>
	</signature>
	<signature ID="20210205_180247299073_648">
		<MACROCLASSID>1</MACROCLASSID>
		<MACROCLASSINFO>waterbody</MACROCLASSINFO>
		<CLASSID>2</CLASSID>
		<CLASSINFO>C 1</CLASSINFO>
		<VALUES>[0.11156759098791638, 0.0029405474652108043, 0.11189235696960538, 0.007779858845675837, 0.08778813052019127, 0.007588006062819948, 0.04298651448556377, 0.00745701466685966, 0.0230051095104899, 0.007270990821484404, 0.01714196269062732, 0.005665730049736865]</VALUES>
		<LCS_MIN>[0.09976751357316971, 0.08341537415981293, 0.06664956361055374, 0.029346244409680367, 0.011023088358342648, 0.008808738552033901]</LCS_MIN>
		<LCS_MAX>[0.12096201628446579, 0.1353674679994583, 0.1259990632534027, 0.07772131264209747, 0.05737847834825516, 0.04781540855765343]</LCS_MAX>
		<WAVELENGTH>[0.48, 0.56, 0.655, 0.865, 1.61, 2.2]</WAVELENGTH>
		<MEAN_VALUE>[0.11156759098791638, 0.11189235696960538, 0.08778813052019127, 0.04298651448556377, 0.0230051095104899, 0.01714196269062732]</MEAN_VALUE>
		<CHECKBOX>2</CHECKBOX>
		<SD>[0.0029405474652108043, 0.007779858845675837, 0.007588006062819948, 0.00745701466685966, 0.007270990821484404, 0.005665730049736865]</SD>
		<WAVELENGTH_UNIT>E-6m</WAVELENGTH_UNIT>
		<COLOR>#e80db6</COLOR>
		<COVARIANCE_MATRIX>[[8.323825568368193e-06, 2.0624016542569734e-05, 1.7384078091708943e-05, -2.4598587060609134e-06, -3.525090278344578e-06, -2.4258420125988778e-06], [2.0624016542569734e-05, 5.99407430854626e-05, 4.621965126716532e-05, -1.4373027624969836e-05, -1.696223989711143e-05, -1.3202808986534365e-05], [1.7384078091708943e-05, 4.621965126716532e-05, 4.958324643666856e-05, 7.44204044167418e-06, 2.308545845153276e-06, 2.36729306379857e-06], [-2.4598587060609134e-06, -1.4373027624969836e-05, 7.44204044167418e-06, 4.7710778744658455e-05, 4.33780369348824e-05, 3.32085692207329e-05], [-3.525090278344578e-06, -1.696223989711143e-05, 2.308545845153276e-06, 4.33780369348824e-05, 5.0253485824214295e-05, 3.864038080791943e-05], [-2.4258420125988778e-06, -1.3202808986534365e-05, 2.36729306379857e-06, 3.32085692207329e-05, 3.864038080791943e-05, 3.1190622394206e-05]]</COVARIANCE_MATRIX>
		<ROI_SIZE>1765</ROI_SIZE>
		<MAX_VALUE>[0.12096201628446579, 0.1353674679994583, 0.1259990632534027, 0.07772131264209747, 0.05737847834825516, 0.04781540855765343]</MAX_VALUE>
		<MIN_VALUE>[0.09976751357316971, 0.08341537415981293, 0.06664956361055374, 0.029346244409680367, 0.011023088358342648, 0.008808738552033901]</MIN_VALUE>
		<SIGNATURE_THRESHOLD_MD>0.0</SIGNATURE_THRESHOLD_MD>
		<SIGNATURE_THRESHOLD_ML>0.0</SIGNATURE_THRESHOLD_ML>
		<SIGNATURE_THRESHOLD_SAM>0.0</SIGNATURE_THRESHOLD_SAM>
	</signature>
	<signature ID="20210205_180250909128_442">
		<MACROCLASSID>1</MACROCLASSID>
		<MACROCLASSINFO>waterbody</MACROCLASSINFO>
		<CLASSID>3</CLASSID>
		<CLASSINFO>C 1</CLASSINFO>
		<VALUES>[0.1466152789719374, 0.0040043314015387015, 0.19472724335752561, 0.006393829684511752, 0.20364276868301434, 0.009452492567722577, 0.07026589977053502, 0.007581470951037391, 0.02640179679097927, 0.007314425466197008, 0.01990982257989628, 0.005812656828544765]</VALUES>
		<LCS_MIN>[0.13337212800979614, 0.15714599192142487, 0.16108804941177368, 0.06020117923617363, 0.01438111811876297, 0.011777427978813648]</LCS_MIN>
		<LCS_MAX>[0.1518169492483139, 0.20430439710617065, 0.22272488474845886, 0.09881850332021713, 0.059592828154563904, 0.046647392213344574]</LCS_MAX>
		<WAVELENGTH>[0.48, 0.56, 0.655, 0.865, 1.61, 2.2]</WAVELENGTH>
		<MEAN_VALUE>[0.1466152789719374, 0.19472724335752561, 0.20364276868301434, 0.07026589977053502, 0.02640179679097927, 0.01990982257989628]</MEAN_VALUE>
		<CHECKBOX>2</CHECKBOX>
		<SD>[0.0040043314015387015, 0.006393829684511752, 0.009452492567722577, 0.007581470951037391, 0.007314425466197008, 0.005812656828544765]</SD>
		<WAVELENGTH_UNIT>E-6m</WAVELENGTH_UNIT>
		<COLOR>#d35b0e</COLOR>
		<COVARIANCE_MATRIX>[[1.6093621525214985e-05, 1.6494419469381683e-05, -1.1968820217589382e-05, -1.5726376659586094e-05, 3.6653291513033537e-09, 2.7119995138491504e-09], [1.6494419469381683e-05, 4.1031355067389086e-05, 2.9211709261289798e-05, -3.0792456527706236e-05, -1.2747613254759926e-05, -9.473490536038298e-06], [-1.1968820217589382e-05, 2.9211709261289798e-05, 8.967810572357848e-05, -6.449161560340144e-07, -1.2908337339467835e-05, -8.706419066584203e-06], [-1.5726376659586094e-05, -3.0792456527706236e-05, -6.449161560340144e-07, 5.769002018496394e-05, 3.58114812115673e-05, 2.7867154130944982e-05], [3.6653291513033537e-09, -1.2747613254759926e-05, -1.2908337339467835e-05, 3.58114812115673e-05, 5.369751306716353e-05, 4.1729395888978615e-05], [2.7119995138491504e-09, -9.473490536038298e-06, -8.706419066584203e-06, 2.7867154130944982e-05, 4.1729395888978615e-05, 3.391119753359817e-05]]</COVARIANCE_MATRIX>
		<ROI_SIZE>273</ROI_SIZE>
		<MAX_VALUE>[0.1518169492483139, 0.20430439710617065, 0.22272488474845886, 0.09881850332021713, 0.059592828154563904, 0.046647392213344574]</MAX_VALUE>
		<MIN_VALUE>[0.13337212800979614, 0.15714599192142487, 0.16108804941177368, 0.06020117923617363, 0.01438111811876297, 0.011777427978813648]</MIN_VALUE>
		<SIGNATURE_THRESHOLD_MD>0.0</SIGNATURE_THRESHOLD_MD>
		<SIGNATURE_THRESHOLD_ML>0.0</SIGNATURE_THRESHOLD_ML>
		<SIGNATURE_THRESHOLD_SAM>0.0</SIGNATURE_THRESHOLD_SAM>
	</signature>
	<signature ID="20210205_180255790666_101">
		<MACROCLASSID>1</MACROCLASSID>
		<MACROCLASSINFO>waterbody</MACROCLASSINFO>
		<CLASSID>4</CLASSID>
		<CLASSINFO>C 1</CLASSINFO>
		<VALUES>[0.13373215217687925, 0.0020667623132801256, 0.17138083540556726, 0.0052598263262994376, 0.1584353905323653, 0.010511418020522328, 0.05424272911677584, 0.008059952196367931, 0.026848570939305937, 0.005469058585903843, 0.020765612310354127, 0.004457893902351355]</VALUES>
		<LCS_MIN>[0.12675341963768005, 0.14794792234897614, 0.13892017304897308, 0.04513871297240257, 0.01971016637980938, 0.015451797284185886]</LCS_MIN>
		<LCS_MAX>[0.1368761509656906, 0.18016552925109863, 0.18722225725650787, 0.08837941288948059, 0.05750015005469322, 0.045528050512075424]</LCS_MAX>
		<WAVELENGTH>[0.48, 0.56, 0.655, 0.865, 1.61, 2.2]</WAVELENGTH>
		<MEAN_VALUE>[0.13373215217687925, 0.17138083540556726, 0.1584353905323653, 0.05424272911677584, 0.026848570939305937, 0.020765612310354127]</MEAN_VALUE>
		<CHECKBOX>2</CHECKBOX>
		<SD>[0.0020667623132801256, 0.0052598263262994376, 0.010511418020522328, 0.008059952196367931, 0.005469058585903843, 0.004457893902351355]</SD>
		<WAVELENGTH_UNIT>E-6m</WAVELENGTH_UNIT>
		<COLOR>#596feb</COLOR>
		<COVARIANCE_MATRIX>[[4.296633051126264e-06, 9.42826136451913e-06, -7.827955414541066e-06, -1.0868468052649405e-05, -4.742171768157277e-06, -3.994272447016556e-06], [9.42826136451913e-06, 2.7828513339045458e-05, 2.5128906600002665e-06, -1.798500306904316e-05, -1.0442225175211206e-05, -8.745123523112852e-06], [-7.827955414541066e-06, 2.5128906600002665e-06, 0.00011113985237898305, 6.530413520522416e-05, 1.795145908545237e-05, 1.6890782717382535e-05], [-1.0868468052649405e-05, -1.798500306904316e-05, 6.530413520522416e-05, 6.534496060339734e-05, 2.86500890069874e-05, 2.4870640118024312e-05], [-4.742171768157277e-06, -1.0442225175211206e-05, 1.795145908545237e-05, 2.86500890069874e-05, 3.0086546757956967e-05, 2.405024497420527e-05], [-3.994272447016556e-06, -8.745123523112852e-06, 1.6890782717382535e-05, 2.4870640118024312e-05, 2.405024497420527e-05, 1.998971674765926e-05]]</COVARIANCE_MATRIX>
		<ROI_SIZE>171</ROI_SIZE>
		<MAX_VALUE>[0.1368761509656906, 0.18016552925109863, 0.18722225725650787, 0.08837941288948059, 0.05750015005469322, 0.045528050512075424]</MAX_VALUE>
		<MIN_VALUE>[0.12675341963768005, 0.14794792234897614, 0.13892017304897308, 0.04513871297240257, 0.01971016637980938, 0.015451797284185886]</MIN_VALUE>
		<SIGNATURE_THRESHOLD_MD>0.0</SIGNATURE_THRESHOLD_MD>
		<SIGNATURE_THRESHOLD_ML>0.0</SIGNATURE_THRESHOLD_ML>
		<SIGNATURE_THRESHOLD_SAM>0.0</SIGNATURE_THRESHOLD_SAM>
	</signature>
	<signature ID="20210205_180259965759_754">
		<MACROCLASSID>1</MACROCLASSID>
		<MACROCLASSINFO>waterbody</MACROCLASSINFO>
		<CLASSID>5</CLASSID>
		<CLASSINFO>C 1</CLASSINFO>
		<VALUES>[0.12015969918988577, 0.002393491543864828, 0.14247878578221684, 0.004804206486864931, 0.15803132839849068, 0.0051322478607788566, 0.0693392138405938, 0.008726709893435469, 0.02682397075902636, 0.009643597981445212, 0.021377578316796052, 0.008454220342612983]</VALUES>
		<LCS_MIN>[0.11607098579406738, 0.1341751366853714, 0.15091662108898163, 0.05606447905302048, 0.017325477674603462, 0.013821447268128395]</LCS_MIN>
		<LCS_MAX>[0.12560972571372986, 0.15274162590503693, 0.1716974526643753, 0.09735848009586334, 0.058668170124292374, 0.05015143007040024]</LCS_MAX>
		<WAVELENGTH>[0.48, 0.56, 0.655, 0.865, 1.61, 2.2]</WAVELENGTH>
		<MEAN_VALUE>[0.12015969918988577, 0.14247878578221684, 0.15803132839849068, 0.0693392138405938, 0.02682397075902636, 0.021377578316796052]</MEAN_VALUE>
		<CHECKBOX>2</CHECKBOX>
		<SD>[0.002393491543864828, 0.004804206486864931, 0.0051322478607788566, 0.008726709893435469, 0.009643597981445212, 0.008454220342612983]</SD>
		<WAVELENGTH_UNIT>E-6m</WAVELENGTH_UNIT>
		<COLOR>#21903d</COLOR>
		<COVARIANCE_MATRIX>[[5.782846983493073e-06, 1.1219251973670907e-05, 8.945396075432654e-06, 5.352309472073102e-06, 9.792125638341531e-06, 8.312706995639019e-06], [1.1219251973670907e-05, 2.329814014956355e-05, 1.68889182532439e-05, 3.958986326324521e-06, 1.418884039594559e-05, 1.1742402421077713e-05], [8.945396075432654e-06, 1.68889182532439e-05, 2.658845914993435e-05, 2.752604086708743e-05, 2.5296296371379867e-05, 2.2255881049204618e-05], [5.352309472073102e-06, 3.958986326324521e-06, 2.752604086708743e-05, 7.687391189392656e-05, 6.855212996015325e-05, 6.121545447967947e-05], [9.792125638341531e-06, 1.418884039594559e-05, 2.5296296371379867e-05, 6.855212996015325e-05, 9.387633326696232e-05, 8.159952267305925e-05], [8.312706995639019e-06, 1.1742402421077713e-05, 2.2255881049204618e-05, 6.121545447967947e-05, 8.159952267305925e-05, 7.214812649181113e-05]]</COVARIANCE_MATRIX>
		<ROI_SIZE>107</ROI_SIZE>
		<MAX_VALUE>[0.12560972571372986, 0.15274162590503693, 0.1716974526643753, 0.09735848009586334, 0.058668170124292374, 0.05015143007040024]</MAX_VALUE>
		<MIN_VALUE>[0.11607098579406738, 0.1341751366853714, 0.15091662108898163, 0.05606447905302048, 0.017325477674603462, 0.013821447268128395]</MIN_VALUE>
		<SIGNATURE_THRESHOLD_MD>0.0</SIGNATURE_THRESHOLD_MD>
		<SIGNATURE_THRESHOLD_ML>0.0</SIGNATURE_THRESHOLD_ML>
		<SIGNATURE_THRESHOLD_SAM>0.0</SIGNATURE_THRESHOLD_SAM>
	</signature>
	<signature ID="20210205_180305046180_756">
		<MACROCLASSID>1</MACROCLASSID>
		<MACROCLASSINFO>waterbody</MACROCLASSINFO>
		<CLASSID>6</CLASSID>
		<CLASSINFO>C 1</CLASSINFO>
		<VALUES>[0.1161609310656786, 0.001795706686870414, 0.13732589408755308, 0.0030143721192627867, 0.1619918474129268, 0.004330612365943217, 0.0860377441027335, 0.013535210954161155, 0.029248910689992566, 0.01247692380146163, 0.022106581666905965, 0.009422555952952907]</VALUES>
		<LCS_MIN>[0.11193428933620453, 0.12977075576782227, 0.15502896904945374, 0.07059159129858017, 0.017982477322220802, 0.013383437879383564]</LCS_MIN>
		<LCS_MAX>[0.12040235102176666, 0.1439572274684906, 0.17332780361175537, 0.12368737906217575, 0.07183259725570679, 0.04966475069522858]</LCS_MAX>
		<WAVELENGTH>[0.48, 0.56, 0.655, 0.865, 1.61, 2.2]</WAVELENGTH>
		<MEAN_VALUE>[0.1161609310656786, 0.13732589408755308, 0.1619918474129268, 0.0860377441027335, 0.029248910689992566, 0.022106581666905965]</MEAN_VALUE>
		<CHECKBOX>2</CHECKBOX>
		<SD>[0.001795706686870414, 0.0030143721192627867, 0.004330612365943217, 0.013535210954161155, 0.01247692380146163, 0.009422555952952907]</SD>
		<WAVELENGTH_UNIT>E-6m</WAVELENGTH_UNIT>
		<COLOR>#dbde33</COLOR>
		<COVARIANCE_MATRIX>[[3.283190835645655e-06, 5.0202638703922275e-06, -2.7321419793224777e-08, 2.189282440667739e-06, 8.201283890230116e-06, 4.888505827693734e-06], [5.0202638703922275e-06, 9.251647497876547e-06, 6.853819911611936e-08, -7.130503036023583e-06, 2.041817197095952e-06, -9.420389801562123e-07], [-2.7321419793224777e-08, 6.853819911611936e-08, 1.9095188690698706e-05, 4.259476190782152e-05, 8.314259503094945e-06, 5.339117251423886e-06], [2.189282440667739e-06, -7.130503036023583e-06, 4.259476190782152e-05, 0.00018653288134373724, 0.00010168873996008188, 7.885928062023595e-05], [8.201283890230116e-06, 2.041817197095952e-06, 8.314259503094945e-06, 0.00010168873996008188, 0.00015850405907258391, 0.0001176909645437263], [4.888505827693734e-06, -9.420389801562123e-07, 5.339117251423886e-06, 7.885928062023595e-05, 0.0001176909645437263, 9.039882570505142e-05]]</COVARIANCE_MATRIX>
		<ROI_SIZE>56</ROI_SIZE>
		<MAX_VALUE>[0.12040235102176666, 0.1439572274684906, 0.17332780361175537, 0.12368737906217575, 0.07183259725570679, 0.04966475069522858]</MAX_VALUE>
		<MIN_VALUE>[0.11193428933620453, 0.12977075576782227, 0.15502896904945374, 0.07059159129858017, 0.017982477322220802, 0.013383437879383564]</MIN_VALUE>
		<SIGNATURE_THRESHOLD_MD>0.0</SIGNATURE_THRESHOLD_MD>
		<SIGNATURE_THRESHOLD_ML>0.0</SIGNATURE_THRESHOLD_ML>
		<SIGNATURE_THRESHOLD_SAM>0.0</SIGNATURE_THRESHOLD_SAM>
	</signature>
	<signature ID="20210205_180308343614_346">
		<MACROCLASSID>1</MACROCLASSID>
		<MACROCLASSINFO>waterbody</MACROCLASSINFO>
		<CLASSID>7</CLASSID>
		<CLASSINFO>C 1</CLASSINFO>
		<VALUES>[0.10802610142939335, 0.00209666763268332, 0.10158141713211505, 0.003436646554443082, 0.07737254175910917, 0.0041903276876911885, 0.04354345463756204, 0.00837887640644368, 0.02729975816834232, 0.010047761589872245, 0.02067698022364167, 0.007553743689987843]</VALUES>
		<LCS_MIN>[0.10030285269021988, 0.08825774490833282, 0.06141785904765129, 0.02053750678896904, 0.0080543989315629, 0.004647699650377035]</LCS_MIN>
		<LCS_MAX>[0.11249395459890366, 0.10743258148431778, 0.08767374604940414, 0.07166226953268051, 0.060517508536577225, 0.050540752708911896]</LCS_MAX>
		<WAVELENGTH>[0.48, 0.56, 0.655, 0.865, 1.61, 2.2]</WAVELENGTH>
		<MEAN_VALUE>[0.10802610142939335, 0.10158141713211505, 0.07737254175910917, 0.04354345463756204, 0.02729975816834232, 0.02067698022364167]</MEAN_VALUE>
		<CHECKBOX>2</CHECKBOX>
		<SD>[0.00209666763268332, 0.003436646554443082, 0.0041903276876911885, 0.00837887640644368, 0.010047761589872245, 0.007553743689987843]</SD>
		<WAVELENGTH_UNIT>E-6m</WAVELENGTH_UNIT>
		<COLOR>#cb220c</COLOR>
		<COVARIANCE_MATRIX>[[4.428102784004295e-06, 7.007840849837521e-06, 7.919529707578477e-06, 6.692083388770698e-06, 2.9382349566731136e-06, 2.198826450694469e-06], [7.007840849837521e-06, 1.1896748219442088e-05, 1.2847906873503234e-05, 9.216485523211304e-06, 2.480275043126312e-06, 2.1474236291396664e-06], [7.919529707578477e-06, 1.2847906873503234e-05, 1.768701258697547e-05, 2.4429342374787666e-05, 1.8290276784682646e-05, 1.4335703781398479e-05], [6.692083388770698e-06, 9.216485523211304e-06, 2.4429342374787666e-05, 7.071802247082815e-05, 6.955349090276286e-05, 5.2211071306373924e-05], [2.9382349566731136e-06, 2.480275043126312e-06, 1.8290276784682646e-05, 6.955349090276286e-05, 0.00010169442975893617, 7.430203550029546e-05], [2.198826450694469e-06, 2.1474236291396664e-06, 1.4335703781398479e-05, 5.2211071306373924e-05, 7.430203550029546e-05, 5.747553223045543e-05]]</COVARIANCE_MATRIX>
		<ROI_SIZE>138</ROI_SIZE>
		<MAX_VALUE>[0.11249395459890366, 0.10743258148431778, 0.08767374604940414, 0.07166226953268051, 0.060517508536577225, 0.050540752708911896]</MAX_VALUE>
		<MIN_VALUE>[0.10030285269021988, 0.08825774490833282, 0.06141785904765129, 0.02053750678896904, 0.0080543989315629, 0.004647699650377035]</MIN_VALUE>
		<SIGNATURE_THRESHOLD_MD>0.0</SIGNATURE_THRESHOLD_MD>
		<SIGNATURE_THRESHOLD_ML>0.0</SIGNATURE_THRESHOLD_ML>
		<SIGNATURE_THRESHOLD_SAM>0.0</SIGNATURE_THRESHOLD_SAM>
	</signature>
	<signature ID="20210205_180316524376_736">
		<MACROCLASSID>1</MACROCLASSID>
		<MACROCLASSINFO>waterbody</MACROCLASSINFO>
		<CLASSID>8</CLASSID>
		<CLASSINFO>C 1</CLASSINFO>
		<VALUES>[0.10536721244192962, 0.001577435211340009, 0.10841914932978779, 0.003999008782595566, 0.08411677508500583, 0.008632356456428309, 0.058893991438181775, 0.029359279799890625, 0.05267527853873999, 0.04057723337257763, 0.038928536714561146, 0.029560198608951097]</VALUES>
		<LCS_MIN>[0.10057052224874496, 0.09796683490276337, 0.07334128022193909, 0.024552535265684128, 0.006107709836214781, 0.0035283598117530346]</LCS_MIN>
		<LCS_MAX>[0.10818690806627274, 0.11324828863143921, 0.1064349114894867, 0.13283678889274597, 0.14704757928848267, 0.11215327680110931]</LCS_MAX>
		<WAVELENGTH>[0.48, 0.56, 0.655, 0.865, 1.61, 2.2]</WAVELENGTH>
		<MEAN_VALUE>[0.10536721244192962, 0.10841914932978779, 0.08411677508500583, 0.058893991438181775, 0.05267527853873999, 0.038928536714561146]</MEAN_VALUE>
		<CHECKBOX>2</CHECKBOX>
		<SD>[0.001577435211340009, 0.003999008782595566, 0.008632356456428309, 0.029359279799890625, 0.04057723337257763, 0.029560198608951097]</SD>
		<WAVELENGTH_UNIT>E-6m</WAVELENGTH_UNIT>
		<COLOR>#4e984c</COLOR>
		<COVARIANCE_MATRIX>[[2.532735834392952e-06, 5.838518973177997e-06, -7.658448339498136e-06, -3.0142606192384847e-05, -4.0759834519121796e-05, -2.9419959901133552e-05], [5.838518973177997e-06, 1.627764322620351e-05, -2.299721927556675e-05, -8.853412873577327e-05, -0.00011829060531454161, -8.607206109445542e-05], [-7.658448339498136e-06, -2.299721927556675e-05, 7.584824925288558e-05, 0.00023736148432362825, 0.0003428659401834011, 0.0002513278741389513], [-3.0142606192384847e-05, -8.853412873577327e-05, 0.00023736148432362825, 0.0008773595909588039, 0.001164406188763678, 0.000835570739582181], [-4.0759834519121796e-05, -0.00011829060531454161, 0.0003428659401834011, 0.001164406188763678, 0.0016759138088673353, 0.0012155248550698161], [-2.9419959901133552e-05, -8.607206109445542e-05, 0.0002513278741389513, 0.000835570739582181, 0.0012155248550698161, 0.000889408984221518]]</COVARIANCE_MATRIX>
		<ROI_SIZE>57</ROI_SIZE>
		<MAX_VALUE>[0.10818690806627274, 0.11324828863143921, 0.1064349114894867, 0.13283678889274597, 0.14704757928848267, 0.11215327680110931]</MAX_VALUE>
		<MIN_VALUE>[0.10057052224874496, 0.09796683490276337, 0.07334128022193909, 0.024552535265684128, 0.006107709836214781, 0.0035283598117530346]</MIN_VALUE>
		<SIGNATURE_THRESHOLD_MD>0.0</SIGNATURE_THRESHOLD_MD>
		<SIGNATURE_THRESHOLD_ML>0.0</SIGNATURE_THRESHOLD_ML>
		<SIGNATURE_THRESHOLD_SAM>0.0</SIGNATURE_THRESHOLD_SAM>
	</signature>
	<signature ID="20210205_180321736170_232">
		<MACROCLASSID>1</MACROCLASSID>
		<MACROCLASSINFO>waterbody</MACROCLASSINFO>
		<CLASSID>9</CLASSID>
		<CLASSINFO>C 1</CLASSINFO>
		<VALUES>[0.10347107508116295, 0.0027692984070209667, 0.101534374911561, 0.006591857427046868, 0.0706423630253372, 0.0058162699075713226, 0.03690738226645259, 0.006436407078042081, 0.020284662990329362, 0.00599276696263798, 0.0150566331190495, 0.004276228746916994]</VALUES>
		<LCS_MIN>[0.09178610891103745, 0.07862166315317154, 0.05684313923120499, 0.026791224256157875, 0.009003408253192902, 0.00800572894513607]</LCS_MIN>
		<LCS_MAX>[0.10952525585889816, 0.11972101032733917, 0.11081492900848389, 0.07248960435390472, 0.05642947182059288, 0.04219436272978783]</LCS_MAX>
		<WAVELENGTH>[0.48, 0.56, 0.655, 0.865, 1.61, 2.2]</WAVELENGTH>
		<MEAN_VALUE>[0.10347107508116295, 0.101534374911561, 0.0706423630253372, 0.03690738226645259, 0.020284662990329362, 0.0150566331190495]</MEAN_VALUE>
		<CHECKBOX>2</CHECKBOX>
		<SD>[0.0027692984070209667, 0.006591857427046868, 0.0058162699075713226, 0.006436407078042081, 0.00599276696263798, 0.004276228746916994]</SD>
		<WAVELENGTH_UNIT>E-6m</WAVELENGTH_UNIT>
		<COLOR>#8a0d75</COLOR>
		<COVARIANCE_MATRIX>[[7.67557412473252e-06, 1.6245989172603004e-05, 4.204083325021202e-06, -2.327874426555354e-06, -1.2320829227974173e-06, -5.401391334203254e-08], [1.6245989172603004e-05, 4.348975562606938e-05, 1.8397120584268123e-05, -5.300787506712368e-06, -4.568970325635746e-06, -1.499164454799029e-06], [4.204083325021202e-06, 1.8397120584268123e-05, 3.385793388588354e-05, 2.219792440882884e-05, 1.6377833162550814e-05, 1.2654243619181216e-05], [-2.327874426555354e-06, -5.300787506712368e-06, 2.219792440882884e-05, 4.146277569816448e-05, 3.5788954846793786e-05, 2.4396120352321304e-05], [-1.2320829227974173e-06, -4.568970325635746e-06, 1.6377833162550814e-05, 3.5788954846793786e-05, 3.594397639972158e-05, 2.4517836209270172e-05], [-5.401391334203254e-08, -1.499164454799029e-06, 1.2654243619181216e-05, 2.4396120352321304e-05, 2.4517836209270172e-05, 1.830177461670246e-05]]</COVARIANCE_MATRIX>
		<ROI_SIZE>1170</ROI_SIZE>
		<MAX_VALUE>[0.10952525585889816, 0.11972101032733917, 0.11081492900848389, 0.07248960435390472, 0.05642947182059288, 0.04219436272978783]</MAX_VALUE>
		<MIN_VALUE>[0.09178610891103745, 0.07862166315317154, 0.05684313923120499, 0.026791224256157875, 0.009003408253192902, 0.00800572894513607]</MIN_VALUE>
		<SIGNATURE_THRESHOLD_MD>0.0</SIGNATURE_THRESHOLD_MD>
		<SIGNATURE_THRESHOLD_ML>0.0</SIGNATURE_THRESHOLD_ML>
		<SIGNATURE_THRESHOLD_SAM>0.0</SIGNATURE_THRESHOLD_SAM>
	</signature>
	<signature ID="20210205_180328735248_668">
		<MACROCLASSID>1</MACROCLASSID>
		<MACROCLASSINFO>waterbody</MACROCLASSINFO>
		<CLASSID>10</CLASSID>
		<CLASSINFO>C 1</CLASSINFO>
		<VALUES>[0.0911867268147601, 0.001572806232682633, 0.09044182508947989, 0.003390576402699997, 0.06290521411259598, 0.0038749930888115095, 0.03555630551931255, 0.008242960505538894, 0.017015592370177357, 0.006763256983433485, 0.012033540748138385, 0.004950761295647578]</VALUES>
		<LCS_MIN>[0.08694374561309814, 0.07711298763751984, 0.054458461701869965, 0.022824855521321297, 0.0056453789584338665, 0.00452602980658412]</LCS_MIN>
		<LCS_MAX>[0.09803982079029083, 0.11030393838882446, 0.08772240579128265, 0.07005626708269119, 0.05017575994133949, 0.042243022471666336]</LCS_MAX>
		<WAVELENGTH>[0.48, 0.56, 0.655, 0.865, 1.61, 2.2]</WAVELENGTH>
		<MEAN_VALUE>[0.0911867268147601, 0.09044182508947989, 0.06290521411259598, 0.03555630551931255, 0.017015592370177357, 0.012033540748138385]</MEAN_VALUE>
		<CHECKBOX>2</CHECKBOX>
		<SD>[0.001572806232682633, 0.003390576402699997, 0.0038749930888115095, 0.008242960505538894, 0.006763256983433485, 0.004950761295647578]</SD>
		<WAVELENGTH_UNIT>E-6m</WAVELENGTH_UNIT>
		<COLOR>#37670f</COLOR>
		<COVARIANCE_MATRIX>[[2.476987219779403e-06, 4.028097009722842e-06, 5.127707481733523e-06, 4.102531420357991e-06, 3.822333837888436e-06, 3.3860358144011116e-06], [4.028097009722842e-06, 1.1511194315971807e-05, 9.096973371924832e-06, -2.4686507913429523e-06, 1.025874553306494e-06, 2.3944232907524565e-06], [5.127707481733523e-06, 9.096973371924832e-06, 1.503540715930285e-05, 1.7384227248840034e-05, 1.5901905499049462e-05, 1.2242040611454286e-05], [4.102531420357991e-06, -2.4686507913429523e-06, 1.7384227248840034e-05, 6.803615542594343e-05, 5.071503619547002e-05, 3.314256900921464e-05], [3.822333837888436e-06, 1.025874553306494e-06, 1.5901905499049462e-05, 5.071503619547002e-05, 4.58020695077721e-05, 3.1631385354558006e-05], [3.3860358144011116e-06, 2.3944232907524565e-06, 1.2242040611454286e-05, 3.314256900921464e-05, 3.1631385354558006e-05, 2.4542414394090883e-05]]</COVARIANCE_MATRIX>
		<ROI_SIZE>758</ROI_SIZE>
		<MAX_VALUE>[0.09803982079029083, 0.11030393838882446, 0.08772240579128265, 0.07005626708269119, 0.05017575994133949, 0.042243022471666336]</MAX_VALUE>
		<MIN_VALUE>[0.08694374561309814, 0.07711298763751984, 0.054458461701869965, 0.022824855521321297, 0.0056453789584338665, 0.00452602980658412]</MIN_VALUE>
		<SIGNATURE_THRESHOLD_MD>0.0</SIGNATURE_THRESHOLD_MD>
		<SIGNATURE_THRESHOLD_ML>0.0</SIGNATURE_THRESHOLD_ML>
		<SIGNATURE_THRESHOLD_SAM>0.0</SIGNATURE_THRESHOLD_SAM>
	</signature>
	<signature ID="20210205_180333109701_158">
		<MACROCLASSID>1</MACROCLASSID>
		<MACROCLASSINFO>waterbody</MACROCLASSINFO>
		<CLASSID>11</CLASSID>
		<CLASSINFO>C 1</CLASSINFO>
		<VALUES>[0.09967064712811441, 0.0027537791907799236, 0.09591784870740282, 0.005185725497519686, 0.06480942547176652, 0.005592014573051295, 0.03533253174962351, 0.00737621584483171, 0.020218331972589192, 0.008304183716183449, 0.014165187091792677, 0.005775803243449306]</VALUES>
		<LCS_MIN>[0.09105609357357025, 0.07920566201210022, 0.05847349017858505, 0.02793489582836628, 0.009222408756613731, 0.00810306891798973]</LCS_MIN>
		<LCS_MAX>[0.10582655668258667, 0.10203052312135696, 0.08565405756235123, 0.0641188696026802, 0.05253611132502556, 0.03382362425327301]</LCS_MAX>
		<WAVELENGTH>[0.48, 0.56, 0.655, 0.865, 1.61, 2.2]</WAVELENGTH>
		<MEAN_VALUE>[0.09967064712811441, 0.09591784870740282, 0.06480942547176652, 0.03533253174962351, 0.020218331972589192, 0.014165187091792677]</MEAN_VALUE>
		<CHECKBOX>2</CHECKBOX>
		<SD>[0.0027537791907799236, 0.005185725497519686, 0.005592014573051295, 0.00737621584483171, 0.008304183716183449, 0.005775803243449306]</SD>
		<WAVELENGTH_UNIT>E-6m</WAVELENGTH_UNIT>
		<COLOR>#f09c4f</COLOR>
		<COVARIANCE_MATRIX>[[7.657646165171172e-06, 1.2813018656743225e-05, -7.378865120699629e-06, -5.76572710997425e-06, -5.81155245527043e-06, -4.425098268256988e-06], [1.2813018656743225e-05, 2.7155392672284506e-05, -1.3063752703601494e-05, -1.2534059351310134e-05, -1.278503259527497e-05, -1.0667740752978716e-05], [-7.378865120699629e-06, -1.3063752703601494e-05, 3.157720129820518e-05, 3.559199103619903e-05, 3.775086588575505e-05, 2.5828501748037525e-05], [-5.76572710997425e-06, -1.2534059351310134e-05, 3.559199103619903e-05, 5.494197830557823e-05, 5.7741501223063096e-05, 3.965734867961146e-05], [-5.81155245527043e-06, -1.278503259527497e-05, 3.775086588575505e-05, 5.7741501223063096e-05, 6.9635541876778e-05, 4.6553446736652404e-05], [-4.425098268256988e-06, -1.0667740752978716e-05, 2.5828501748037525e-05, 3.965734867961146e-05, 4.6553446736652404e-05, 3.368695979588665e-05]]</COVARIANCE_MATRIX>
		<ROI_SIZE>103</ROI_SIZE>
		<MAX_VALUE>[0.10582655668258667, 0.10203052312135696, 0.08565405756235123, 0.0641188696026802, 0.05253611132502556, 0.03382362425327301]</MAX_VALUE>
		<MIN_VALUE>[0.09105609357357025, 0.07920566201210022, 0.05847349017858505, 0.02793489582836628, 0.009222408756613731, 0.00810306891798973]</MIN_VALUE>
		<SIGNATURE_THRESHOLD_MD>0.0</SIGNATURE_THRESHOLD_MD>
		<SIGNATURE_THRESHOLD_ML>0.0</SIGNATURE_THRESHOLD_ML>
		<SIGNATURE_THRESHOLD_SAM>0.0</SIGNATURE_THRESHOLD_SAM>
	</signature>
	<signature ID="20210205_180342910482_202">
		<MACROCLASSID>1</MACROCLASSID>
		<MACROCLASSINFO>waterbody</MACROCLASSINFO>
		<CLASSID>12</CLASSID>
		<CLASSINFO>C 1</CLASSINFO>
		<VALUES>[0.12008529562328642, 0.00230476787807691, 0.10038523335451116, 0.002648630310803283, 0.07249564453241092, 0.003148017769115687, 0.05870355485320172, 0.005375161090786687, 0.02455280536334171, 0.008004466792032516, 0.014864319191729897, 0.0066254607494151]</VALUES>
		<LCS_MIN>[0.11324828863143921, 0.09356246143579483, 0.06565187871456146, 0.046696051955223083, 0.011972097679972649, 0.004404369276016951]</LCS_MIN>
		<LCS_MAX>[0.12801875174045563, 0.11906399577856064, 0.09594713896512985, 0.09100743383169174, 0.05883849784731865, 0.04959174245595932]</LCS_MAX>
		<WAVELENGTH>[0.48, 0.56, 0.655, 0.865, 1.61, 2.2]</WAVELENGTH>
		<MEAN_VALUE>[0.12008529562328642, 0.10038523335451116, 0.07249564453241092, 0.05870355485320172, 0.02455280536334171, 0.014864319191729897]</MEAN_VALUE>
		<CHECKBOX>2</CHECKBOX>
		<SD>[0.00230476787807691, 0.002648630310803283, 0.003148017769115687, 0.005375161090786687, 0.008004466792032516, 0.0066254607494151]</SD>
		<WAVELENGTH_UNIT>E-6m</WAVELENGTH_UNIT>
		<COLOR>#33c660</COLOR>
		<COVARIANCE_MATRIX>[[5.315615908330074e-06, 4.386588443594519e-06, 3.0508460895362077e-06, 4.2062066540893284e-07, -5.403072009357857e-06, -5.6841017794795334e-06], [4.386588443594519e-06, 7.020077191555174e-06, 7.083932814566651e-06, 6.819050213380251e-06, 3.9043425203999504e-06, 1.9617950783867855e-06], [3.0508460895362077e-06, 7.083932814566651e-06, 9.916845556290355e-06, 1.4261620890465565e-05, 1.4927219126548152e-05, 1.0858393579837866e-05], [4.2062066540893284e-07, 6.819050213380251e-06, 1.4261620890465565e-05, 2.8912269044667482e-05, 3.541378828231245e-05, 2.7185338694835082e-05], [-5.403072009357857e-06, 3.9043425203999504e-06, 1.4927219126548152e-05, 3.541378828231245e-05, 6.411564390873536e-05, 5.1507639000192285e-05], [-5.6841017794795334e-06, 1.9617950783867855e-06, 1.0858393579837866e-05, 2.7185338694835082e-05, 5.1507639000192285e-05, 4.392698247102089e-05]]</COVARIANCE_MATRIX>
		<ROI_SIZE>1452</ROI_SIZE>
		<MAX_VALUE>[0.12801875174045563, 0.11906399577856064, 0.09594713896512985, 0.09100743383169174, 0.05883849784731865, 0.04959174245595932]</MAX_VALUE>
		<MIN_VALUE>[0.11324828863143921, 0.09356246143579483, 0.06565187871456146, 0.046696051955223083, 0.011972097679972649, 0.004404369276016951]</MIN_VALUE>
		<SIGNATURE_THRESHOLD_MD>0.0</SIGNATURE_THRESHOLD_MD>
		<SIGNATURE_THRESHOLD_ML>0.0</SIGNATURE_THRESHOLD_ML>
		<SIGNATURE_THRESHOLD_SAM>0.0</SIGNATURE_THRESHOLD_SAM>
	</signature>
	<signature ID="20210205_180629243402_130">
		<MACROCLASSID>1</MACROCLASSID>
		<MACROCLASSINFO>waterbody</MACROCLASSINFO>
		<CLASSID>13</CLASSID>
		<CLASSINFO>C 1</CLASSINFO>
		<VALUES>[0.11740989965551037, 0.00474800076311868, 0.09825739939423167, 0.004802424952175032, 0.07710525507436079, 0.008415955645882132, 0.05861462692127508, 0.01174325169887222, 0.02470598191242007, 0.009055158728854838, 0.01614859109087026, 0.006832769841338523]</VALUES>
		<LCS_MIN>[0.10923326015472412, 0.09027743339538574, 0.06482453644275665, 0.04246203228831291, 0.014819118194282055, 0.006497049238532782]</LCS_MIN>
		<LCS_MAX>[0.1267777383327484, 0.1087222471833229, 0.09726116061210632, 0.09288112074136734, 0.058960169553756714, 0.04090467467904091]</LCS_MAX>
		<WAVELENGTH>[0.48, 0.56, 0.655, 0.865, 1.61, 2.2]</WAVELENGTH>
		<MEAN_VALUE>[0.11740989965551037, 0.09825739939423167, 0.07710525507436079, 0.05861462692127508, 0.02470598191242007, 0.01614859109087026]</MEAN_VALUE>
		<CHECKBOX>2</CHECKBOX>
		<SD>[0.00474800076311868, 0.004802424952175032, 0.008415955645882132, 0.01174325169887222, 0.009055158728854838, 0.006832769841338523]</SD>
		<WAVELENGTH_UNIT>E-6m</WAVELENGTH_UNIT>
		<COLOR>#880a75</COLOR>
		<COVARIANCE_MATRIX>[[2.281188608321827e-05, 2.251923615403939e-05, 3.8480444345623255e-05, 1.4896153516019695e-05, -1.2808438441425096e-05, -1.1427508070482872e-05], [2.251923615403939e-05, 2.3337848688242957e-05, 3.949666643165983e-05, 2.0646717530325986e-05, -9.519271770841442e-06, -8.03863258624915e-06], [3.8480444345623255e-05, 3.949666643165983e-05, 7.167150033637881e-05, 5.12394035467878e-05, -5.870559107279405e-06, -8.363460437976755e-06], [1.4896153516019695e-05, 2.0646717530325986e-05, 5.12394035467878e-05, 0.0001395456783939153, 7.464534428436309e-05, 5.1015373173868284e-05], [-1.2808438441425096e-05, -9.519271770841442e-06, -5.870559107279405e-06, 7.464534428436309e-05, 8.297204476548359e-05, 5.9094189055031165e-05], [-1.1427508070482872e-05, -8.03863258624915e-06, -8.363460437976755e-06, 5.1015373173868284e-05, 5.9094189055031165e-05, 4.724253813037649e-05]]</COVARIANCE_MATRIX>
		<ROI_SIZE>85</ROI_SIZE>
		<MAX_VALUE>[0.1267777383327484, 0.1087222471833229, 0.09726116061210632, 0.09288112074136734, 0.058960169553756714, 0.04090467467904091]</MAX_VALUE>
		<MIN_VALUE>[0.10923326015472412, 0.09027743339538574, 0.06482453644275665, 0.04246203228831291, 0.014819118194282055, 0.006497049238532782]</MIN_VALUE>
		<SIGNATURE_THRESHOLD_MD>0.0</SIGNATURE_THRESHOLD_MD>
		<SIGNATURE_THRESHOLD_ML>0.0</SIGNATURE_THRESHOLD_ML>
		<SIGNATURE_THRESHOLD_SAM>0.0</SIGNATURE_THRESHOLD_SAM>
	</signature>
	<signature ID="20210205_180640902701_143">
		<MACROCLASSID>1</MACROCLASSID>
		<MACROCLASSINFO>waterbody</MACROCLASSINFO>
		<CLASSID>14</CLASSID>
		<CLASSINFO>C 1</CLASSINFO>
		<VALUES>[0.12159392027992047, 0.002539688441421109, 0.1094849046880165, 0.005052650922482176, 0.08446976723132935, 0.007002813249478131, 0.06705638443210486, 0.008390590204933752, 0.03286134311352418, 0.012527332486067308, 0.021889586548889638, 0.009614371049393906]</VALUES>
		<LCS_MIN>[0.1162169873714447, 0.09942683577537537, 0.07168659567832947, 0.04900773987174034, 0.01494078803807497, 0.008735738694667816]</LCS_MIN>
		<LCS_MAX>[0.13098743557929993, 0.12816475331783295, 0.11354029178619385, 0.10005950927734375, 0.07852432876825333, 0.06482453644275665]</LCS_MAX>
		<WAVELENGTH>[0.48, 0.56, 0.655, 0.865, 1.61, 2.2]</WAVELENGTH>
		<MEAN_VALUE>[0.12159392027992047, 0.1094849046880165, 0.08446976723132935, 0.06705638443210486, 0.03286134311352418, 0.021889586548889638]</MEAN_VALUE>
		<CHECKBOX>2</CHECKBOX>
		<SD>[0.002539688441421109, 0.005052650922482176, 0.007002813249478131, 0.008390590204933752, 0.012527332486067308, 0.009614371049393906]</SD>
		<WAVELENGTH_UNIT>E-6m</WAVELENGTH_UNIT>
		<COLOR>#0c092b</COLOR>
		<COVARIANCE_MATRIX>[[6.4614537222951185e-06, 1.1370165339030791e-05, 1.4602152077713981e-05, 1.2696381418209057e-05, 1.320531009696424e-05, 1.1159350833622739e-05], [1.1370165339030791e-05, 2.5574545361450873e-05, 3.314673449494876e-05, 2.293691250088159e-05, 2.534113264118787e-05, 2.103850601997692e-05], [1.4602152077713981e-05, 3.314673449494876e-05, 4.912634176434949e-05, 4.4274216634221375e-05, 5.4209398513194174e-05, 4.0526992961531505e-05], [1.2696381418209057e-05, 2.293691250088159e-05, 4.4274216634221375e-05, 7.052683213260025e-05, 9.860292630037293e-05, 6.913339166203514e-05], [1.320531009696424e-05, 2.534113264118787e-05, 5.4209398513194174e-05, 9.860292630037293e-05, 0.00015721231466159225, 0.00011313766299281269], [1.1159350833622739e-05, 2.103850601997692e-05, 4.0526992961531505e-05, 6.913339166203514e-05, 0.00011313766299281269, 9.260002116207033e-05]]</COVARIANCE_MATRIX>
		<ROI_SIZE>565</ROI_SIZE>
		<MAX_VALUE>[0.13098743557929993, 0.12816475331783295, 0.11354029178619385, 0.10005950927734375, 0.07852432876825333, 0.06482453644275665]</MAX_VALUE>
		<MIN_VALUE>[0.1162169873714447, 0.09942683577537537, 0.07168659567832947, 0.04900773987174034, 0.01494078803807497, 0.008735738694667816]</MIN_VALUE>
		<SIGNATURE_THRESHOLD_MD>0.0</SIGNATURE_THRESHOLD_MD>
		<SIGNATURE_THRESHOLD_ML>0.0</SIGNATURE_THRESHOLD_ML>
		<SIGNATURE_THRESHOLD_SAM>0.0</SIGNATURE_THRESHOLD_SAM>
	</signature>
	<signature ID="20210205_180655283212_768">
		<MACROCLASSID>1</MACROCLASSID>
		<MACROCLASSINFO>waterbody</MACROCLASSINFO>
		<CLASSID>15</CLASSID>
		<CLASSINFO>C 1</CLASSINFO>
		<VALUES>[0.1367638835258651, 0.0014408527181699203, 0.1115423812155138, 0.0018634828486315843, 0.08758964088925147, 0.004087200166849124, 0.10454030047383225, 0.016688607968867616, 0.047336841443259475, 0.018047078362761655, 0.02659996911033727, 0.010698130756630222]</VALUES>
		<LCS_MIN>[0.13398046791553497, 0.10682423412799835, 0.08227168768644333, 0.07725898921489716, 0.013091438449919224, 0.00919806957244873]</LCS_MIN>
		<LCS_MAX>[0.14018552005290985, 0.11626564711332321, 0.09840483218431473, 0.1402098685503006, 0.08356137573719025, 0.050394751131534576]</LCS_MAX>
		<WAVELENGTH>[0.48, 0.56, 0.655, 0.865, 1.61, 2.2]</WAVELENGTH>
		<MEAN_VALUE>[0.1367638835258651, 0.1115423812155138, 0.08758964088925147, 0.10454030047383225, 0.047336841443259475, 0.02659996911033727]</MEAN_VALUE>
		<CHECKBOX>2</CHECKBOX>
		<SD>[0.0014408527181699203, 0.0018634828486315843, 0.004087200166849124, 0.016688607968867616, 0.018047078362761655, 0.010698130756630222]</SD>
		<WAVELENGTH_UNIT>E-6m</WAVELENGTH_UNIT>
		<COLOR>#02d82d</COLOR>
		<COVARIANCE_MATRIX>[[2.113129085046239e-06, 2.4465637125103967e-06, 4.053839347761823e-06, -3.206571136615821e-06, -1.1192935289727757e-06, 6.120949933574593e-07], [2.4465637125103967e-06, 3.534578581820824e-06, 6.6325005718681496e-06, -2.9023869956290582e-06, 2.5623101009841776e-06, 4.119939148949925e-06], [4.053839347761823e-06, 6.6325005718681496e-06, 1.7003512766677886e-05, 1.2607765711436514e-05, 2.891987605835311e-05, 2.2949781850911677e-05], [-3.206571136615821e-06, -2.9023869956290582e-06, 1.2607765711436514e-05, 0.0002834830083884299, 0.00028083627694286406, 0.00015682664525229484], [-1.1192935289727757e-06, 2.5623101009841776e-06, 2.891987605835311e-05, 0.00028083627694286406, 0.0003315130597911775, 0.00019117040210403502], [6.120949933574593e-07, 4.119939148949925e-06, 2.2949781850911677e-05, 0.00015682664525229484, 0.00019117040210403502, 0.0001164937493740581]]</COVARIANCE_MATRIX>
		<ROI_SIZE>57</ROI_SIZE>
		<MAX_VALUE>[0.14018552005290985, 0.11626564711332321, 0.09840483218431473, 0.1402098685503006, 0.08356137573719025, 0.050394751131534576]</MAX_VALUE>
		<MIN_VALUE>[0.13398046791553497, 0.10682423412799835, 0.08227168768644333, 0.07725898921489716, 0.013091438449919224, 0.00919806957244873]</MIN_VALUE>
		<SIGNATURE_THRESHOLD_MD>0.0</SIGNATURE_THRESHOLD_MD>
		<SIGNATURE_THRESHOLD_ML>0.0</SIGNATURE_THRESHOLD_ML>
		<SIGNATURE_THRESHOLD_SAM>0.0</SIGNATURE_THRESHOLD_SAM>
	</signature>
	<signature ID="20210205_180716055612_890">
		<MACROCLASSID>1</MACROCLASSID>
		<MACROCLASSINFO>waterbody</MACROCLASSINFO>
		<CLASSID>16</CLASSID>
		<CLASSINFO>C 1</CLASSINFO>
