<?xml version="1.0" ?>
<signaturelist MCID_LIST="[['1', 'waterbody', '#000000'], ['2', 'vegetation', '#000000'], ['3', 'bareland', '#000000'], ['4', 'built-up', '#000000']]">
	<signature ID="20210511_141405700503_188">
		<MACROCLASSID>1</MACROCLASSID>
		<MACROCLASSINFO>waterbody</MACROCLASSINFO>
		<CLASSID>1</CLASSID>
		<CLASSINFO>C 1</CLASSINFO>
		<VALUES>[0.16290367158447844, 0.007935466972059074, 0.1746521591685894, 0.009036776916950122, 0.1680320887420758, 0.009701550249154188, 0.10782036614906089, 0.01069189631049144, 0.07792598260923546, 0.009799465708481551, 0.058997470075881214, 0.007442265784318479]</VALUES>
		<LCS_MIN>[0.12646320462226868, 0.1362963318824768, 0.13178133964538574, 0.06954824924468994, 0.041394658386707306, 0.029933534562587738]</LCS_MIN>
		<LCS_MAX>[0.18989016115665436, 0.20521509647369385, 0.20423829555511475, 0.14704114198684692, 0.1108560785651207, 0.08971377462148666]</LCS_MAX>
		<WAVELENGTH>[0.48, 0.56, 0.655, 0.865, 1.61, 2.2]</WAVELENGTH>
		<MEAN_VALUE>[0.16290367158447844, 0.1746521591685894, 0.1680320887420758, 0.10782036614906089, 0.07792598260923546, 0.058997470075881214]</MEAN_VALUE>
		<CHECKBOX>2</CHECKBOX>
		<SD>[0.007935466972059074, 0.009036776916950122, 0.009701550249154188, 0.01069189631049144, 0.009799465708481551, 0.007442265784318479]</SD>
		<WAVELENGTH_UNIT>E-6m</WAVELENGTH_UNIT>
		<COLOR>#97c28a</COLOR>
		<COVARIANCE_MATRIX>[[6.299907468601827e-05, 7.062724402599331e-05, 7.3077319302469e-05, 7.268048995328891e-05, 6.966367583243556e-05, 5.3874041828129054e-05], [7.062724402599331e-05, 8.16989202001194e-05, 8.298098626862072e-05, 8.139810303023885e-05, 7.832084818467581e-05, 6.081244469972244e-05], [7.3077319302469e-05, 8.298098626862072e-05, 9.416108816376365e-05, 9.11945043336527e-05, 8.425804565575662e-05, 6.535934826014876e-05], [7.268048995328891e-05, 8.139810303023885e-05, 9.11945043336527e-05, 0.00011436645788933915, 0.00010107003358677784, 7.620715527332694e-05], [6.966367583243556e-05, 7.832084818467581e-05, 8.425804565575662e-05, 0.00010107003358677784, 9.607137110337081e-05, 7.228058194376483e-05], [5.3874041828129054e-05, 6.081244469972244e-05, 6.535934826014876e-05, 7.620715527332694e-05, 7.228058194376483e-05, 5.5411453912935954e-05]]</COVARIANCE_MATRIX>
		<ROI_SIZE>2296</ROI_SIZE>
		<MAX_VALUE>[0.18989016115665436, 0.20521509647369385, 0.20423829555511475, 0.14704114198684692, 0.1108560785651207, 0.08971377462148666]</MAX_VALUE>
		<MIN_VALUE>[0.12646320462226868, 0.1362963318824768, 0.13178133964538574, 0.06954824924468994, 0.041394658386707306, 0.029933534562587738]</MIN_VALUE>
		<SIGNATURE_THRESHOLD_MD>0</SIGNATURE_THRESHOLD_MD>
		<SIGNATURE_THRESHOLD_ML>0</SIGNATURE_THRESHOLD_ML>
		<SIGNATURE_THRESHOLD_SAM>0</SIGNATURE_THRESHOLD_SAM>
	</signature>
	<signature ID="20210511_141411365195_655">
		<MACROCLASSID>1</MACROCLASSID>
		<MACROCLASSINFO>waterbody</MACROCLASSINFO>
		<CLASSID>2</CLASSID>
		<CLASSINFO>C 1</CLASSINFO>
		<VALUES>[0.15676100575258586, 0.011548076422984492, 0.1742245128475412, 0.014155147649641937, 0.1801328657148961, 0.013799863061242102, 0.1145966711904843, 0.013272471580220144, 0.07809439002581393, 0.012964869378906856, 0.05790043116631521, 0.010016882405656574]</VALUES>
		<LCS_MIN>[0.12123188376426697, 0.13280156254768372, 0.13679558038711548, 0.0688970535993576, 0.03386244550347328, 0.024202963337302208]</LCS_MIN>
		<LCS_MAX>[0.18068654835224152, 0.20096060633659363, 0.20291420817375183, 0.14764894545078278, 0.10623256862163544, 0.07970698177814484]</LCS_MAX>
		<WAVELENGTH>[0.48, 0.56, 0.655, 0.865, 1.61, 2.2]</WAVELENGTH>
		<MEAN_VALUE>[0.15676100575258586, 0.1742245128475412, 0.1801328657148961, 0.1145966711904843, 0.07809439002581393, 0.05790043116631521]</MEAN_VALUE>
		<CHECKBOX>2</CHECKBOX>
		<SD>[0.011548076422984492, 0.014155147649641937, 0.013799863061242102, 0.013272471580220144, 0.012964869378906856, 0.010016882405656574]</SD>
		<WAVELENGTH_UNIT>E-6m</WAVELENGTH_UNIT>
		<COLOR>#eecff3</COLOR>
		<COVARIANCE_MATRIX>[[0.00011637152459571055, 0.00014097775158466015, 0.00013498377574457243, 0.00010521244282357746, 0.00011917328120546602, 9.473596037833895e-05], [0.00014097775158466015, 0.0001743812545259912, 0.00016455736823505035, 0.0001213514851688925, 0.0001409520266415623, 0.00011240607130246912], [0.00013498377574457243, 0.00016455736823505035, 0.00017289808395322257, 0.0001333300258203741, 0.00013811992921047896, 0.00011101535392041581], [0.00010521244282357746, 0.0001213514851688925, 0.0001333300258203741, 0.00016588309350484346, 0.00014679373881249237, 0.00010958866837945941], [0.00011917328120546602, 0.0001409520266415623, 0.00013811992921047896, 0.00014679373881249237, 0.00015258854296519727, 0.00011568729079064953], [9.473596037833895e-05, 0.00011240607130246912, 0.00011101535392041581, 0.00010958866837945941, 0.00011568729079064953, 8.939710088035454e-05]]</COVARIANCE_MATRIX>
		<ROI_SIZE>1838</ROI_SIZE>
		<MAX_VALUE>[0.18068654835224152, 0.20096060633659363, 0.20291420817375183, 0.14764894545078278, 0.10623256862163544, 0.07970698177814484]</MAX_VALUE>
		<MIN_VALUE>[0.12123188376426697, 0.13280156254768372, 0.13679558038711548, 0.0688970535993576, 0.03386244550347328, 0.024202963337302208]</MIN_VALUE>
		<SIGNATURE_THRESHOLD_MD>0</SIGNATURE_THRESHOLD_MD>
		<SIGNATURE_THRESHOLD_ML>0</SIGNATURE_THRESHOLD_ML>
		<SIGNATURE_THRESHOLD_SAM>0</SIGNATURE_THRESHOLD_SAM>
	</signature>
	<signature ID="20210511_141420188091_930">
		<MACROCLASSID>1</MACROCLASSID>
		<MACROCLASSINFO>waterbody</MACROCLASSINFO>
		<CLASSID>3</CLASSID>
		<CLASSINFO>C 1</CLASSINFO>
		<VALUES>[0.1237280964254899, 0.007804751521351456, 0.13306728368177673, 0.008871828698946569, 0.13950943250583234, 0.009685907871802065, 0.071426398141155, 0.013164830327077137, 0.029867760832333314, 0.01282674387522148, 0.021876379249012864, 0.009988289178919826]</VALUES>
		<LCS_MIN>[0.1133306547999382, 0.11812783777713776, 0.12081946432590485, 0.052291423082351685, 0.014022517018020153, 0.00961606577038765]</LCS_MIN>
		<LCS_MAX>[0.15227247774600983, 0.16503600776195526, 0.17497768998146057, 0.12965409457683563, 0.08786870539188385, 0.06779000908136368]</LCS_MAX>
		<WAVELENGTH>[0.48, 0.56, 0.655, 0.865, 1.61, 2.2]</WAVELENGTH>
		<MEAN_VALUE>[0.1237280964254899, 0.13306728368177673, 0.13950943250583234, 0.071426398141155, 0.029867760832333314, 0.021876379249012864]</MEAN_VALUE>
		<CHECKBOX>2</CHECKBOX>
		<SD>[0.007804751521351456, 0.008871828698946569, 0.009685907871802065, 0.013164830327077137, 0.01282674387522148, 0.009988289178919826]</SD>
		<WAVELENGTH_UNIT>E-6m</WAVELENGTH_UNIT>
		<COLOR>#05c1ae</COLOR>
		<COVARIANCE_MATRIX>[[8.82531263769915e-05, 0.00010232231083323944, 0.00011253767155958733, 0.00011618385879688823, 0.00011770215457054196, 9.397429059708492e-05], [0.00010232231083323944, 0.00012025802023972949, 0.0001321801575462973, 0.00012984239350922596, 0.0001324929330015316, 0.00010613370338884445], [0.00011253767155958733, 0.0001321801575462973, 0.00014727176223560502, 0.0001396366368080453, 0.00014199728043070238, 0.00011429857466819605], [0.00011618385879688823, 0.00012984239350922596, 0.0001396366368080453, 0.00020798109651921378, 0.00019673562194484585, 0.00015060186278571867], [0.00011770215457054196, 0.0001324929330015316, 0.00014199728043070238, 0.00019673562194484585, 0.00019911351062727262, 0.00015376444282204412], [9.397429059708492e-05, 0.00010613370338884445, 0.00011429857466819605, 0.00015060186278571867, 0.00015376444282204412, 0.00012055825442392128]]</COVARIANCE_MATRIX>
		<ROI_SIZE>2244</ROI_SIZE>
		<MAX_VALUE>[0.15227247774600983, 0.16503600776195526, 0.17497768998146057, 0.12965409457683563, 0.08786870539188385, 0.06779000908136368]</MAX_VALUE>
		<MIN_VALUE>[0.1133306547999382, 0.11812783777713776, 0.12081946432590485, 0.052291423082351685, 0.014022517018020153, 0.00961606577038765]</MIN_VALUE>
		<SIGNATURE_THRESHOLD_MD>0</SIGNATURE_THRESHOLD_MD>
		<SIGNATURE_THRESHOLD_ML>0</SIGNATURE_THRESHOLD_ML>
		<SIGNATURE_THRESHOLD_SAM>0</SIGNATURE_THRESHOLD_SAM>
	</signature>
	<signature ID="20210511_141433620296_368">
		<MACROCLASSID>1</MACROCLASSID>
		<MACROCLASSINFO>waterbody</MACROCLASSINFO>
		<CLASSID>4</CLASSID>
		<CLASSINFO>C 1</CLASSINFO>
		<VALUES>[0.09568440259597404, 0.0065233232400549205, 0.07565275286929443, 0.007162388972003806, 0.05338828129914857, 0.008012722512473555, 0.04252293991703681, 0.009660294325831093, 0.020869787505927887, 0.00828209439522173, 0.015354134605429245, 0.006453557879653059]</VALUES>
		<LCS_MIN>[0.08741285651922226, 0.06631395220756531, 0.04371727630496025, 0.02856599912047386, 0.011547957547008991, 0.008074883371591568]</LCS_MIN>
		<LCS_MAX>[0.11799759417772293, 0.10089271515607834, 0.0804884135723114, 0.0714801475405693, 0.05109754949808121, 0.04113418236374855]</LCS_MAX>
		<WAVELENGTH>[0.48, 0.56, 0.655, 0.865, 1.61, 2.2]</WAVELENGTH>
		<MEAN_VALUE>[0.09568440259597404, 0.07565275286929443, 0.05338828129914857, 0.04252293991703681, 0.020869787505927887, 0.015354134605429245]</MEAN_VALUE>
		<CHECKBOX>2</CHECKBOX>
		<SD>[0.0065233232400549205, 0.007162388972003806, 0.008012722512473555, 0.009660294325831093, 0.00828209439522173, 0.006453557879653059]</SD>
		<WAVELENGTH_UNIT>E-6m</WAVELENGTH_UNIT>
		<COLOR>#fe2582</COLOR>
		<COVARIANCE_MATRIX>[[4.2565770323145166e-05, 4.6005166590105335e-05, 5.1982179109883295e-05, 5.911528378767707e-05, 5.000613524504932e-05, 3.921569102217412e-05], [4.6005166590105335e-05, 5.13143113544604e-05, 5.6987665333127935e-05, 6.50459648936715e-05, 5.492495210024505e-05, 4.295480224771412e-05], [5.1982179109883295e-05, 5.6987665333127935e-05, 6.422186383134434e-05, 7.376316991686617e-05, 6.248980779320015e-05, 4.896618073274062e-05], [5.911528378767707e-05, 6.50459648936715e-05, 7.376316991686617e-05, 9.334765585599377e-05, 7.810170549636709e-05, 6.045340514675299e-05], [5.000613524504932e-05, 5.492495210024505e-05, 6.248980779320015e-05, 7.810170549636709e-05, 6.861246962492938e-05, 5.314726984187136e-05], [3.921569102217412e-05, 4.295480224771412e-05, 4.896618073274062e-05, 6.045340514675299e-05, 5.314726984187136e-05, 4.166017771781689e-05]]</COVARIANCE_MATRIX>
		<ROI_SIZE>3540</ROI_SIZE>
		<MAX_VALUE>[0.11799759417772293, 0.10089271515607834, 0.0804884135723114, 0.0714801475405693, 0.05109754949808121, 0.04113418236374855]</MAX_VALUE>
		<MIN_VALUE>[0.08741285651922226, 0.06631395220756531, 0.04371727630496025, 0.02856599912047386, 0.011547957547008991, 0.008074883371591568]</MIN_VALUE>
		<SIGNATURE_THRESHOLD_MD>0</SIGNATURE_THRESHOLD_MD>
		<SIGNATURE_THRESHOLD_ML>0</SIGNATURE_THRESHOLD_ML>
		<SIGNATURE_THRESHOLD_SAM>0</SIGNATURE_THRESHOLD_SAM>
	</signature>
	<signature ID="20210511_141456402816_486">
		<MACROCLASSID>1</MACROCLASSID>
		<MACROCLASSINFO>waterbody</MACROCLASSINFO>
		<CLASSID>5</CLASSID>
		<CLASSINFO>C 1</CLASSINFO>
		<VALUES>[0.10980211827890615, 0.003120082826876891, 0.11175020678990312, 0.003510591300064069, 0.10794205259611861, 0.004153431456136513, 0.0477208428445362, 0.0063907006154132, 0.016207690672000927, 0.005546479384125652, 0.010526906555196376, 0.004059576392046619]</VALUES>
		<LCS_MIN>[0.1063845083117485, 0.1071876510977745, 0.10304168611764908, 0.039875198155641556, 0.010766514576971531, 0.007488807663321495]</LCS_MIN>
		<LCS_MAX>[0.1331271529197693, 0.13696923851966858, 0.13753360509872437, 0.08252885192632675, 0.05035952106118202, 0.04022250697016716]</LCS_MAX>
		<WAVELENGTH>[0.48, 0.56, 0.655, 0.865, 1.61, 2.2]</WAVELENGTH>
		<MEAN_VALUE>[0.10980211827890615, 0.11175020678990312, 0.10794205259611861, 0.0477208428445362, 0.016207690672000927, 0.010526906555196376]</MEAN_VALUE>
		<CHECKBOX>2</CHECKBOX>
		<SD>[0.003120082826876891, 0.003510591300064069, 0.004153431456136513, 0.0063907006154132, 0.005546479384125652, 0.004059576392046619]</SD>
		<WAVELENGTH_UNIT>E-6m</WAVELENGTH_UNIT>
		<COLOR>#1f1c66</COLOR>
		<COVARIANCE_MATRIX>[[9.73928032341964e-06, 1.0811900904694252e-05, 1.2703844786289693e-05, 1.5104621636940968e-05, 1.3166839152314461e-05, 1.0205827017416822e-05], [1.0811900904694252e-05, 1.2329775368992668e-05, 1.4245498333253138e-05, 1.621572672124475e-05, 1.4190821820781369e-05, 1.1142523420960069e-05], [1.2703844786289693e-05, 1.4245498333253138e-05, 1.7258725264616433e-05, 1.9982238894014948e-05, 1.7489545300467773e-05, 1.3716286984705227e-05], [1.5104621636940968e-05, 1.621572672124475e-05, 1.9982238894014948e-05, 4.0859360520950654e-05, 3.162072746154965e-05, 2.2935938385411056e-05], [1.3166839152314461e-05, 1.4190821820781369e-05, 1.7489545300467773e-05, 3.162072746154965e-05, 3.0777222636773275e-05, 2.19606603145397e-05], [1.0205827017416822e-05, 1.1142523420960069e-05, 1.3716286984705227e-05, 2.2935938385411056e-05, 2.19606603145397e-05, 1.6487547376848312e-05]]</COVARIANCE_MATRIX>
		<ROI_SIZE>2232</ROI_SIZE>
		<MAX_VALUE>[0.1331271529197693, 0.13696923851966858, 0.13753360509872437, 0.08252885192632675, 0.05035952106118202, 0.04022250697016716]</MAX_VALUE>
		<MIN_VALUE>[0.1063845083117485, 0.1071876510977745, 0.10304168611764908, 0.039875198155641556, 0.010766514576971531, 0.007488807663321495]</MIN_VALUE>
		<SIGNATURE_THRESHOLD_MD>0</SIGNATURE_THRESHOLD_MD>
		<SIGNATURE_THRESHOLD_ML>0</SIGNATURE_THRESHOLD_ML>
		<SIGNATURE_THRESHOLD_SAM>0</SIGNATURE_THRESHOLD_SAM>
	</signature>
	<signature ID="20210511_141506817475_593">
		<MACROCLASSID>1</MACROCLASSID>
		<MACROCLASSINFO>waterbody</MACROCLASSINFO>
		<CLASSID>6</CLASSID>
		<CLASSINFO>C 1</CLASSINFO>
		<VALUES>[0.12085478700720834, 0.002233717190622898, 0.11287916319315906, 0.0038495316896840523, 0.08280626020200967, 0.006153045823495268, 0.08344302436559457, 0.007540792367872811, 0.04872661197569759, 0.006104590208328649, 0.03127074305630006, 0.0039836597972768215]</VALUES>
		<LCS_MIN>[0.116543248295784, 0.10634110122919083, 0.07323838025331497, 0.07326008379459381, 0.04208927974104881, 0.027111656963825226]</LCS_MIN>
		<LCS_MAX>[0.13553659617900848, 0.13030529022216797, 0.10835982114076614, 0.11665178090333939, 0.08215983957052231, 0.0567195862531662]</LCS_MAX>
		<WAVELENGTH>[0.48, 0.56, 0.655, 0.865, 1.61, 2.2]</WAVELENGTH>
		<MEAN_VALUE>[0.12085478700720834, 0.11287916319315906, 0.08280626020200967, 0.08344302436559457, 0.04872661197569759, 0.03127074305630006]</MEAN_VALUE>
		<CHECKBOX>2</CHECKBOX>
		<SD>[0.002233717190622898, 0.0038495316896840523, 0.006153045823495268, 0.007540792367872811, 0.006104590208328649, 0.0039836597972768215]</SD>
		<WAVELENGTH_UNIT>E-6m</WAVELENGTH_UNIT>
		<COLOR>#001722</COLOR>
		<COVARIANCE_MATRIX>[[4.99341813086919e-06, 8.136100019041145e-06, 1.2037756617842337e-05, 6.1868067013361165e-06, 6.214935252353507e-06, 4.68903150740886e-06], [8.136100019041145e-06, 1.483055347003139e-05, 2.208454096105897e-05, 1.1026872597349193e-05, 1.0835077139342594e-05, 7.751604200528086e-06], [1.2037756617842337e-05, 2.208454096105897e-05, 3.788976045355965e-05, 2.4884064937365765e-05, 2.149002576490497e-05, 1.486785567851645e-05], [6.1868067013361165e-06, 1.1026872597349193e-05, 2.4884064937365765e-05, 5.690828875608923e-05, 4.1733224381845097e-05, 2.546192612532476e-05], [6.214935252353507e-06, 1.0835077139342594e-05, 2.149002576490497e-05, 4.1733224381845097e-05, 3.729534184892466e-05, 2.335028304288576e-05], [4.68903150740886e-06, 7.751604200528086e-06, 1.486785567851645e-05, 2.546192612532476e-05, 2.335028304288576e-05, 1.5882031254066997e-05]]</COVARIANCE_MATRIX>
		<ROI_SIZE>1272</ROI_SIZE>
		<MAX_VALUE>[0.13553659617900848, 0.13030529022216797, 0.10835982114076614, 0.11665178090333939, 0.08215983957052231, 0.0567195862531662]</MAX_VALUE>
		<MIN_VALUE>[0.116543248295784, 0.10634110122919083, 0.07323838025331497, 0.07326008379459381, 0.04208927974104881, 0.027111656963825226]</MIN_VALUE>
		<SIGNATURE_THRESHOLD_MD>0</SIGNATURE_THRESHOLD_MD>
		<SIGNATURE_THRESHOLD_ML>0</SIGNATURE_THRESHOLD_ML>
		<SIGNATURE_THRESHOLD_SAM>0</SIGNATURE_THRESHOLD_SAM>
	</signature>
	<signature ID="20210511_141511391255_246">
		<MACROCLASSID>1</MACROCLASSID>
		<MACROCLASSINFO>waterbody</MACROCLASSINFO>
		<CLASSID>7</CLASSID>
		<CLASSINFO>C 1</CLASSINFO>
		<VALUES>[0.12319392790961987, 0.0019054970293447672, 0.12140362286030962, 0.0034702316910003566, 0.09897110744204375, 0.0069566109456419235, 0.08723392366986321, 0.007247095627847172, 0.04969440577742992, 0.006762303792425359, 0.03224393731574591, 0.00455096625740971]</VALUES>
		<LCS_MIN>[0.11940852552652359, 0.11324382573366165, 0.08522047847509384, 0.07734095305204391, 0.04234975948929787, 0.026916297152638435]</LCS_MIN>
		<LCS_MAX>[0.13390859961509705, 0.13562344014644623, 0.11791076511144638, 0.12442277371883392, 0.08393979072570801, 0.05780492350459099]</LCS_MAX>
		<WAVELENGTH>[0.48, 0.56, 0.655, 0.865, 1.61, 2.2]</WAVELENGTH>
		<MEAN_VALUE>[0.12319392790961987, 0.12140362286030962, 0.09897110744204375, 0.08723392366986321, 0.04969440577742992, 0.03224393731574591]</MEAN_VALUE>
		<CHECKBOX>2</CHECKBOX>
		<SD>[0.0019054970293447672, 0.0034702316910003566, 0.0069566109456419235, 0.007247095627847172, 0.006762303792425359, 0.00455096625740971]</SD>
		<WAVELENGTH_UNIT>E-6m</WAVELENGTH_UNIT>
		<COLOR>#1e23ec</COLOR>
		<COVARIANCE_MATRIX>[[4.486641110538587e-06, 6.078583251059295e-06, 9.928600137574595e-06, 6.634713056851776e-06, 6.120749324003575e-06, 5.041309380208079e-06], [6.078583251059295e-06, 1.1539194991860158e-05, 2.0270887435810758e-05, 4.228538710482347e-06, 4.663772484001477e-06, 5.337631302540598e-06], [9.928600137574595e-06, 2.0270887435810758e-05, 4.1942730762230214e-05, 5.591315198970248e-06, 6.208258909696408e-06, 8.481386321238526e-06], [6.634713056851776e-06, 4.228538710482347e-06, 5.591315198970248e-06, 5.150524876538375e-05, 4.044264882330486e-05, 2.5050001285982282e-05], [6.120749324003575e-06, 4.663772484001477e-06, 6.208258909696408e-06, 4.044264882330486e-05, 4.073501108369033e-05, 2.555175780771934e-05], [5.041309380208079e-06, 5.337631302540598e-06, 8.481386321238526e-06, 2.5050001285982282e-05, 2.555175780771934e-05, 1.7529826004402912e-05]]</COVARIANCE_MATRIX>
		<ROI_SIZE>1263</ROI_SIZE>
		<MAX_VALUE>[0.13390859961509705, 0.13562344014644623, 0.11791076511144638, 0.12442277371883392, 0.08393979072570801, 0.05780492350459099]</MAX_VALUE>
		<MIN_VALUE>[0.11940852552652359, 0.11324382573366165, 0.08522047847509384, 0.07734095305204391, 0.04234975948929787, 0.026916297152638435]</MIN_VALUE>
		<SIGNATURE_THRESHOLD_MD>0</SIGNATURE_THRESHOLD_MD>
		<SIGNATURE_THRESHOLD_ML>0</SIGNATURE_THRESHOLD_ML>
		<SIGNATURE_THRESHOLD_SAM>0</SIGNATURE_THRESHOLD_SAM>
	</signature>
	<signature ID="20210511_141517646156_628">
		<MACROCLASSID>1</MACROCLASSID>
		<MACROCLASSINFO>waterbody</MACROCLASSINFO>
		<CLASSID>8</CLASSID>
		<CLASSINFO>C 1</CLASSINFO>
		<VALUES>[0.129271732812578, 0.0029352484204290766, 0.12780551639088605, 0.004250783828149317, 0.10972464491974532, 0.006984206251711317, 0.10544659162987216, 0.011538605475387615, 0.06200168287994474, 0.009184570044806814, 0.039784560685979735, 0.005926391222080115]</VALUES>
		<LCS_MIN>[0.1194736510515213, 0.11382991075515747, 0.09754988551139832, 0.08643605560064316, 0.04675621539354324, 0.029586223885416985]</LCS_MIN>
		<LCS_MAX>[0.13907480239868164, 0.14178813993930817, 0.13588392734527588, 0.1445665806531906, 0.09787547588348389, 0.06368743628263474]</LCS_MAX>
		<WAVELENGTH>[0.48, 0.56, 0.655, 0.865, 1.61, 2.2]</WAVELENGTH>
		<MEAN_VALUE>[0.129271732812578, 0.12780551639088605, 0.10972464491974532, 0.10544659162987216, 0.06200168287994474, 0.039784560685979735]</MEAN_VALUE>
		<CHECKBOX>2</CHECKBOX>
		<SD>[0.0029352484204290766, 0.004250783828149317, 0.006984206251711317, 0.011538605475387615, 0.009184570044806814, 0.005926391222080115]</SD>
		<WAVELENGTH_UNIT>E-6m</WAVELENGTH_UNIT>
		<COLOR>#2cac49</COLOR>
		<COVARIANCE_MATRIX>[[8.626729037438644e-06, 1.0241492945236653e-05, 1.4203720762937718e-05, 1.9637841090457724e-05, 1.4702873489400967e-05, 1.0522308526489623e-05], [1.0241492945236653e-05, 1.809232874744248e-05, 2.742692963531641e-05, 1.9266408039544246e-05, 1.2560143099336595e-05, 9.001123372200093e-06], [1.4203720762937718e-05, 2.742692963531641e-05, 4.884167432152869e-05, 3.7880123690508136e-05, 2.3597949744513426e-05, 1.5624796592288587e-05], [1.9637841090457724e-05, 1.9266408039544246e-05, 3.7880123690508136e-05, 0.0001333101078760245, 9.475983618038155e-05, 5.7292754263226245e-05], [1.4702873489400967e-05, 1.2560143099336595e-05, 2.3597949744513426e-05, 9.475983618038155e-05, 8.446447604502382e-05, 5.317677155978837e-05], [1.0522308526489623e-05, 9.001123372200093e-06, 1.5624796592288587e-05, 5.7292754263226245e-05, 5.317677155978837e-05, 3.516714126704204e-05]]</COVARIANCE_MATRIX>
		<ROI_SIZE>781</ROI_SIZE>
		<MAX_VALUE>[0.13907480239868164, 0.14178813993930817, 0.13588392734527588, 0.1445665806531906, 0.09787547588348389, 0.06368743628263474]</MAX_VALUE>
		<MIN_VALUE>[0.1194736510515213, 0.11382991075515747, 0.09754988551139832, 0.08643605560064316, 0.04675621539354324, 0.029586223885416985]</MIN_VALUE>
		<SIGNATURE_THRESHOLD_MD>0</SIGNATURE_THRESHOLD_MD>
		<SIGNATURE_THRESHOLD_ML>0</SIGNATURE_THRESHOLD_ML>
		<SIGNATURE_THRESHOLD_SAM>0</SIGNATURE_THRESHOLD_SAM>
	</signature>
	<signature ID="20210511_141523214308_395">
		<MACROCLASSID>1</MACROCLASSID>
		<MACROCLASSINFO>waterbody</MACROCLASSINFO>
		<CLASSID>9</CLASSID>
		<CLASSINFO>C 1</CLASSINFO>
		<VALUES>[0.13173641938538774, 0.0019321590393568048, 0.11954651959922721, 0.0024491231799874994, 0.09212321107149558, 0.003624970860393012, 0.12144303297276011, 0.009000074029717028, 0.0693501840471785, 0.005749363954140898, 0.04491969601902767, 0.003662934568807761]</VALUES>
		<LCS_MIN>[0.12696245312690735, 0.11270114779472351, 0.08480805903673172, 0.10920637845993042, 0.06342695653438568, 0.039484478533267975]</LCS_MIN>
		<LCS_MAX>[0.14304712414741516, 0.1346900463104248, 0.11738980561494827, 0.15617968142032623, 0.09995932132005692, 0.06752952933311462]</LCS_MAX>
		<WAVELENGTH>[0.48, 0.56, 0.655, 0.865, 1.61, 2.2]</WAVELENGTH>
		<MEAN_VALUE>[0.13173641938538774, 0.11954651959922721, 0.09212321107149558, 0.12144303297276011, 0.0693501840471785, 0.04491969601902767]</MEAN_VALUE>
		<CHECKBOX>2</CHECKBOX>
		<SD>[0.0019321590393568048, 0.0024491231799874994, 0.003624970860393012, 0.009000074029717028, 0.005749363954140898, 0.003662934568807761]</SD>
		<WAVELENGTH_UNIT>E-6m</WAVELENGTH_UNIT>
		<COLOR>#06fcd0</COLOR>
		<COVARIANCE_MATRIX>[[3.0932088872755157e-06, 3.5962555577034768e-06, 5.030729387781148e-06, 2.8334293487263117e-06, 3.9228915131923216e-06, 3.7356241433768156e-06], [3.5962555577034768e-06, 5.139521593181485e-06, 7.056563519177316e-06, 2.514006113360347e-06, 5.03444438318591e-06, 4.89620333246498e-06], [5.030729387781148e-06, 7.056563519177316e-06, 1.138579281321593e-05, 7.385914433847638e-06, 9.807100032538225e-06, 8.428455447344773e-06], [2.8334293487263117e-06, 2.514006113360347e-06, 7.385914433847638e-06, 9.080016938311827e-05, 4.7845484915649586e-05, 2.3512743477403907e-05], [3.9228915131923216e-06, 5.03444438318591e-06, 9.807100032538225e-06, 4.7845484915649586e-05, 3.546319980693809e-05, 1.9593176590813153e-05], [3.7356241433768156e-06, 4.89620333246498e-06, 8.428455447344773e-06, 2.3512743477403907e-05, 1.9593176590813153e-05, 1.2557872846837227e-05]]</COVARIANCE_MATRIX>
		<ROI_SIZE>938</ROI_SIZE>
		<MAX_VALUE>[0.14304712414741516, 0.1346900463104248, 0.11738980561494827, 0.15617968142032623, 0.09995932132005692, 0.06752952933311462]</MAX_VALUE>
		<MIN_VALUE>[0.12696245312690735, 0.11270114779472351, 0.08480805903673172, 0.10920637845993042, 0.06342695653438568, 0.039484478533267975]</MIN_VALUE>
		<SIGNATURE_THRESHOLD_MD>0</SIGNATURE_THRESHOLD_MD>
		<SIGNATURE_THRESHOLD_ML>0</SIGNATURE_THRESHOLD_ML>
		<SIGNATURE_THRESHOLD_SAM>0</SIGNATURE_THRESHOLD_SAM>
	</signature>
	<signature ID="20210511_141533973875_393">
		<MACROCLASSID>1</MACROCLASSID>
		<MACROCLASSINFO>waterbody</MACROCLASSINFO>
		<CLASSID>10</CLASSID>
		<CLASSINFO>C 1</CLASSINFO>
		<VALUES>[0.1331807050533676, 0.006152520066441141, 0.11945529095936006, 0.007950919143688813, 0.08235819150241752, 0.009173964866438502, 0.1029446121655613, 0.016688361049166135, 0.061283194794778104, 0.01176999051464535, 0.041059036646736956, 0.007660151917465783]</VALUES>
		<LCS_MIN>[0.1223389282822609, 0.10495186597108841, 0.06748610734939575, 0.07525711506605148, 0.04011397063732147, 0.027393845841288567]</LCS_MIN>
		<LCS_MAX>[0.14862574636936188, 0.14810478687286377, 0.11749834567308426, 0.14382855594158173, 0.09817937761545181, 0.0652720257639885]</LCS_MAX>
		<WAVELENGTH>[0.48, 0.56, 0.655, 0.865, 1.61, 2.2]</WAVELENGTH>
		<MEAN_VALUE>[0.1331807050533676, 0.11945529095936006, 0.08235819150241752, 0.1029446121655613, 0.061283194794778104, 0.041059036646736956]</MEAN_VALUE>
		<CHECKBOX>2</CHECKBOX>
		<SD>[0.006152520066441141, 0.007950919143688813, 0.009173964866438502, 0.016688361049166135, 0.01176999051464535, 0.007660151917465783]</SD>
		<WAVELENGTH_UNIT>E-6m</WAVELENGTH_UNIT>
		<COLOR>#9e203c</COLOR>
		<COVARIANCE_MATRIX>[[4.2056726562487636e-05, 5.117285549170784e-05, 5.768776107826767e-05, 0.00010778040167040291, 6.856559000897891e-05, 4.753005487086838e-05], [5.117285549170784e-05, 7.057956692931487e-05, 7.880253941843607e-05, 0.00014059151606969983, 9.605163561473332e-05, 6.428626799113071e-05], [5.768776107826767e-05, 7.880253941843607e-05, 9.124846019140175e-05, 0.00016218185590826642, 0.00011018690295870795, 7.337067112823703e-05], [0.00010778040167040291, 0.00014059151606969983, 0.00016218185590826642, 0.0003059333795201886, 0.00020287615542501192, 0.00013562970047697245], [6.856559000897891e-05, 9.605163561473332e-05, 0.00011018690295870795, 0.00020287615542501192, 0.000144795671176518, 9.45283769912981e-05], [4.753005487086838e-05, 6.428626799113071e-05, 7.337067112823703e-05, 0.00013562970047697245, 9.45283769912981e-05, 6.308565279006497e-05]]</COVARIANCE_MATRIX>
		<ROI_SIZE>6448</ROI_SIZE>
		<MAX_VALUE>[0.14862574636936188, 0.14810478687286377, 0.11749834567308426, 0.14382855594158173, 0.09817937761545181, 0.0652720257639885]</MAX_VALUE>
		<MIN_VALUE>[0.1223389282822609, 0.10495186597108841, 0.06748610734939575, 0.07525711506605148, 0.04011397063732147, 0.027393845841288567]</MIN_VALUE>
		<SIGNATURE_THRESHOLD_MD>0</SIGNATURE_THRESHOLD_MD>
		<SIGNATURE_THRESHOLD_ML>0</SIGNATURE_THRESHOLD_ML>
		<SIGNATURE_THRESHOLD_SAM>0</SIGNATURE_THRESHOLD_SAM>
	</signature>
	<signature ID="20210511_141542308869_271">
		<MACROCLASSID>1</MACROCLASSID>
		<MACROCLASSINFO>waterbody</MACROCLASSINFO>
		<CLASSID>11</CLASSID>
		<CLASSINFO>C 1</CLASSINFO>
		<VALUES>[0.13167782652905255, 0.003030479795433943, 0.1326123593367114, 0.002882100485291422, 0.13139551497475072, 0.003191610948635894, 0.12259368270040412, 0.011602347047498502, 0.06623511239035997, 0.00970744371686383, 0.04366885042734727, 0.0068899547384290005]</VALUES>
		<LCS_MIN>[0.1253344565629959, 0.12511739134788513, 0.11956048011779785, 0.10668839514255524, 0.05452720820903778, 0.03592458367347717]</LCS_MIN>
		<LCS_MAX>[0.14230909943580627, 0.14543487131595612, 0.14960254728794098, 0.15450826287269592, 0.09883057326078415, 0.06733416765928268]</LCS_MAX>
		<WAVELENGTH>[0.48, 0.56, 0.655, 0.865, 1.61, 2.2]</WAVELENGTH>
		<MEAN_VALUE>[0.13167782652905255, 0.1326123593367114, 0.13139551497475072, 0.12259368270040412, 0.06623511239035997, 0.04366885042734727]</MEAN_VALUE>
		<CHECKBOX>2</CHECKBOX>
		<SD>[0.003030479795433943, 0.002882100485291422, 0.003191610948635894, 0.011602347047498502, 0.00970744371686383, 0.0068899547384290005]</SD>
		<WAVELENGTH_UNIT>E-6m</WAVELENGTH_UNIT>
		<COLOR>#456b52</COLOR>
		<COVARIANCE_MATRIX>[[9.196927515948682e-06, 8.072769494441895e-06, 8.277199883143893e-06, 2.4480784492095138e-05, 2.1458246616515404e-05, 1.7422119671160626e-05], [8.072769494441895e-06, 8.318369640470575e-06, 8.779980269729215e-06, 1.9671594466184264e-05, 1.8818719095114938e-05, 1.5861405499358073e-05], [8.277199883143893e-06, 8.779980269729215e-06, 1.0200932419520149e-05, 1.513963387081431e-05, 1.6423865779407386e-05, 1.4931466023998698e-05], [2.4480784492095138e-05, 1.9671594466184264e-05, 1.513963387081431e-05, 0.0001348067633777549, 0.00010525390391449533, 7.136531363401571e-05], [2.1458246616515404e-05, 1.8818719095114938e-05, 1.6423865779407386e-05, 0.00010525390391449533, 9.436908417824465e-05, 6.526169312324208e-05], [1.7422119671160626e-05, 1.5861405499358073e-05, 1.4931466023998698e-05, 7.136531363401571e-05, 6.526169312324208e-05, 4.7539292692311224e-05]]</COVARIANCE_MATRIX>
		<ROI_SIZE>701</ROI_SIZE>
		<MAX_VALUE>[0.14230909943580627, 0.14543487131595612, 0.14960254728794098, 0.15450826287269592, 0.09883057326078415, 0.06733416765928268]</MAX_VALUE>
		<MIN_VALUE>[0.1253344565629959, 0.12511739134788513, 0.11956048011779785, 0.10668839514255524, 0.05452720820903778, 0.03592458367347717]</MIN_VALUE>
		<SIGNATURE_THRESHOLD_MD>0</SIGNATURE_THRESHOLD_MD>
		<SIGNATURE_THRESHOLD_ML>0</SIGNATURE_THRESHOLD_ML>
		<SIGNATURE_THRESHOLD_SAM>0</SIGNATURE_THRESHOLD_SAM>
	</signature>
	<signature ID="20210511_141900603064_523">
		<MACROCLASSID>1</MACROCLASSID>
		<MACROCLASSINFO>waterbody</MACROCLASSINFO>
		<CLASSID>12</CLASSID>
		<CLASSINFO>C 1</CLASSINFO>
		<VALUES>[0.1272137789679104, 0.0020484572053254, 0.11723297057601552, 0.0025405128429321897, 0.08896495282468639, 0.0033726195009655597, 0.10458813779977956, 0.008341030623309922, 0.06124550278693378, 0.006453661091480526, 0.03861655860111635, 0.0040509861575272485]</VALUES>
		<LCS_MIN>[0.12244746088981628, 0.11124681681394577, 0.08207300305366516, 0.0934039056301117, 0.052899207919836044, 0.033580247312784195]</LCS_MIN>
		<LCS_MAX>[0.1345163881778717, 0.12789584696292877, 0.1063193827867508, 0.13438615202903748, 0.09264417737722397, 0.06357890367507935]</LCS_MAX>
		<WAVELENGTH>[0.48, 0.56, 0.655, 0.865, 1.61, 2.2]</WAVELENGTH>
		<MEAN_VALUE>[0.1272137789679104, 0.11723297057601552, 0.08896495282468639, 0.10458813779977956, 0.06124550278693378, 0.03861655860111635]</MEAN_VALUE>
		<CHECKBOX>2</CHECKBOX>
		<SD>[0.0020484572053254, 0.0025405128429321897, 0.0033726195009655597, 0.008341030623309922, 0.006453661091480526, 0.0040509861575272485]</SD>
		<WAVELENGTH_UNIT>E-6m</WAVELENGTH_UNIT>
		<COLOR>#85992f</COLOR>
		<COVARIANCE_MATRIX>[[3.891609484341332e-06, 4.135896748508404e-06, 5.389372381833593e-06, 1.1742405741087513e-05, 8.54912805683667e-06, 5.5266559376679106e-06], [4.135896748508404e-06, 5.828321457370737e-06, 7.58545824022553e-06, 1.3242694778615526e-05, 1.0127373748470913e-05, 6.627812727740741e-06], [5.389372381833593e-06, 7.58545824022553e-06, 1.0544634050759422e-05, 1.8204854755002292e-05, 1.3979214648087857e-05, 9.131541313327466e-06], [1.1742405741087513e-05, 1.3242694778615526e-05, 1.8204854755002292e-05, 7.39618353465801e-05, 5.0732301735009125e-05, 2.965233095874855e-05], [8.54912805683667e-06, 1.0127373748470913e-05, 1.3979214648087857e-05, 5.0732301735009125e-05, 4.257402458800344e-05, 2.4948406847138182e-05], [5.5266559376679106e-06, 6.627812727740741e-06, 9.131541313327466e-06, 2.965233095874855e-05, 2.4948406847138182e-05, 1.539195824337329e-05]]</COVARIANCE_MATRIX>
		<ROI_SIZE>840</ROI_SIZE>
		<MAX_VALUE>[0.1345163881778717, 0.12789584696292877, 0.1063193827867508, 0.13438615202903748, 0.09264417737722397, 0.06357890367507935]</MAX_VALUE>
		<MIN_VALUE>[0.12244746088981628, 0.11124681681394577, 0.08207300305366516, 0.0934039056301117, 0.052899207919836044, 0.033580247312784195]</MIN_VALUE>
		<SIGNATURE_THRESHOLD_MD>0</SIGNATURE_THRESHOLD_MD>
		<SIGNATURE_THRESHOLD_ML>0</SIGNATURE_THRESHOLD_ML>
		<SIGNATURE_THRESHOLD_SAM>0</SIGNATURE_THRESHOLD_SAM>
	</signature>
	<signature ID="20210511_141906900049_528">
		<MACROCLASSID>1</MACROCLASSID>
		<MACROCLASSINFO>waterbody</MACROCLASSINFO>
		<CLASSID>13</CLASSID>
		<CLASSINFO>C 1</CLASSINFO>
		<VALUES>[0.12668463704589555, 0.003972463559121206, 0.1177180378350633, 0.0046083601803014506, 0.08898903381013304, 0.0075319665518261796, 0.12139224906909396, 0.014731926946025434, 0.07177183524699962, 0.010530911628321288, 0.04458349329259619, 0.005993468172358661]</VALUES>
		<LCS_MIN>[0.11943022906780243, 0.10918467491865158, 0.07695023715496063, 0.09533580392599106, 0.05687154456973076, 0.03527337312698364]</LCS_MIN>
		<LCS_MAX>[0.1370343565940857, 0.1314123272895813, 0.10805593430995941, 0.1569611132144928, 0.10649304836988449, 0.06520691514015198]</LCS_MAX>
		<WAVELENGTH>[0.48, 0.56, 0.655, 0.865, 1.61, 2.2]</WAVELENGTH>
		<MEAN_VALUE>[0.12668463704589555, 0.1177180378350633, 0.08898903381013304, 0.12139224906909396, 0.07177183524699962, 0.04458349329259619]</MEAN_VALUE>
		<CHECKBOX>2</CHECKBOX>
		<SD>[0.003972463559121206, 0.0046083601803014506, 0.0075319665518261796, 0.014731926946025434, 0.010530911628321288, 0.005993468172358661]</SD>
		<WAVELENGTH_UNIT>E-6m</WAVELENGTH_UNIT>
		<COLOR>#da6d83</COLOR>
		<COVARIANCE_MATRIX>[[1.5827293039313084e-05, 1.5936871317947363e-05, 2.6333160694743817e-05, 5.087058972882754e-05, 2.957967901744841e-05, 1.7996580316893903e-05], [1.5936871317947363e-05, 2.1300001306733414e-05, 3.3161438197560285e-05, 5.6062382296878154e-05, 3.6752889605227574e-05, 2.168052357938607e-05], [2.6333160694743817e-05, 3.3161438197560285e-05, 5.689885996019572e-05, 9.745853573260056e-05, 6.237914152824781e-05, 3.6651907175029993e-05], [5.087058972882754e-05, 5.6062382296878154e-05, 9.745853573260056e-05, 0.00021767367650309856, 0.0001346511721846496, 7.705636910956286e-05], [2.957967901744841e-05, 3.6752889605227574e-05, 6.237914152824781e-05, 0.0001346511721846496, 0.00011122918013812263, 6.223313878201602e-05], [1.7996580316893903e-05, 2.168052357938607e-05, 3.6651907175029993e-05, 7.705636910956286e-05, 6.223313878201602e-05, 3.602825319815949e-05]]</COVARIANCE_MATRIX>
		<ROI_SIZE>338</ROI_SIZE>
		<MAX_VALUE>[0.1370343565940857, 0.1314123272895813, 0.10805593430995941, 0.1569611132144928, 0.10649304836988449, 0.06520691514015198]</MAX_VALUE>
		<MIN_VALUE>[0.11943022906780243, 0.10918467491865158, 0.07695023715496063, 0.09533580392599106, 0.05687154456973076, 0.03527337312698364]</MIN_VALUE>
		<SIGNATURE_THRESHOLD_MD>0</SIGNATURE_THRESHOLD_MD>
		<SIGNATURE_THRESHOLD_ML>0</SIGNATURE_THRESHOLD_ML>
		<SIGNATURE_THRESHOLD_SAM>0</SIGNATURE_THRESHOLD_SAM>
	</signature>
	<signature ID="20210511_141924648466_403">
		<MACROCLASSID>1</MACROCLASSID>
		<MACROCLASSINFO>waterbody</MACROCLASSINFO>
		<CLASSID>14</CLASSID>
		<CLASSINFO>C 1</CLASSINFO>
		<VALUES>[0.15229457996767823, 0.009831051168660569, 0.1317996892807536, 0.009293696483957982, 0.10302571474566342, 0.009958132301817576, 0.1639108764749474, 0.01848013549237302, 0.0870618088957269, 0.009970886569281306, 0.06054221253012616, 0.007528449874327798]</VALUES>
		<LCS_MIN>[0.13877087831497192, 0.11819294840097427, 0.08895403891801834, 0.13631802797317505, 0.07213134318590164, 0.04996880516409874]</LCS_MIN>
		<LCS_MAX>[0.17306749522686005, 0.15159955620765686, 0.12559494376182556, 0.19731387495994568, 0.12194821238517761, 0.07970698177814484]</LCS_MAX>
		<WAVELENGTH>[0.48, 0.56, 0.655, 0.865, 1.61, 2.2]</WAVELENGTH>
		<MEAN_VALUE>[0.15229457996767823, 0.1317996892807536, 0.10302571474566342, 0.1639108764749474, 0.0870618088957269, 0.06054221253012616]</MEAN_VALUE>
		<CHECKBOX>2</CHECKBOX>
		<SD>[0.009831051168660569, 0.009293696483957982, 0.009958132301817576, 0.01848013549237302, 0.009970886569281306, 0.007528449874327798]</SD>
		<WAVELENGTH_UNIT>E-6m</WAVELENGTH_UNIT>
		<COLOR>#944e8f</COLOR>
		<COVARIANCE_MATRIX>[[8.95074032969333e-05, 8.423469311956244e-05, 9.123477694838161e-05, 0.00016612778568639568, 8.818532937532977e-05, 6.871335223834945e-05], [8.423469311956244e-05, 8.142510572667937e-05, 8.757626969709458e-05, 0.00015899064554381173, 8.58992084831753e-05, 6.643251220862704e-05], [9.123477694838161e-05, 8.757626969709458e-05, 9.541506618590984e-05, 0.00017573827127950837, 9.502189676449225e-05, 7.289774626252258e-05], [0.00016612778568639568, 0.00015899064554381173, 0.00017573827127950837, 0.0003464817728945154, 0.00018804648742327753, 0.00013902916349862324], [8.818532937532977e-05, 8.58992084831753e-05, 9.502189676449225e-05, 0.00018804648742327753, 0.00010586456883700205, 7.71688897283288e-05], [6.871335223834945e-05, 6.643251220862704e-05, 7.289774626252258e-05, 0.00013902916349862324, 7.71688897283288e-05, 5.784719717407179e-05]]</COVARIANCE_MATRIX>
		<ROI_SIZE>4741</ROI_SIZE>
		<MAX_VALUE>[0.17306749522686005, 0.15159955620765686, 0.12559494376182556, 0.19731387495994568, 0.12194821238517761, 0.07970698177814484]</MAX_VALUE>
		<MIN_VALUE>[0.13877087831497192, 0.11819294840097427, 0.08895403891801834, 0.13631802797317505, 0.07213134318590164, 0.04996880516409874]</MIN_VALUE>
		<SIGNATURE_THRESHOLD_MD>0</SIGNATURE_THRESHOLD_MD>
		<SIGNATURE_THRESHOLD_ML>0</SIGNATURE_THRESHOLD_ML>
		<SIGNATURE_THRESHOLD_SAM>0</SIGNATURE_THRESHOLD_SAM>
	</signature>
	<signature ID="20210511_141934523784_604">
		<MACROCLASSID>1</MACROCLASSID>
		<MACROCLASSINFO>waterbody</MACROCLASSINFO>
		<CLASSID>15</CLASSID>
		<CLASSINFO>C 1</CLASSINFO>
		<VALUES>[0.1184906859256418, 0.0027308487076393604, 0.10462018346079148, 0.003304054725876445, 0.07567756704166906, 0.003530714494875666, 0.07719031534633927, 0.008701396296899047, 0.04081903081809883, 0.006920705596827331, 0.025581499033755412, 0.004160222613964518]</VALUES>
		<LCS_MIN>[0.11220189929008484, 0.09652966260910034, 0.06978701800107956, 0.06501154601573944, 0.03091033548116684, 0.020165517926216125]</LCS_MIN>
		<LCS_MAX>[0.12904630601406097, 0.1215357854962349, 0.09932982921600342, 0.11129022389650345, 0.07475785911083221, 0.05146656185388565]</LCS_MAX>
		<WAVELENGTH>[0.48, 0.56, 0.655, 0.865, 1.61, 2.2]</WAVELENGTH>
		<MEAN_VALUE>[0.1184906859256418, 0.10462018346079148, 0.07567756704166906, 0.07719031534633927, 0.04081903081809883, 0.025581499033755412]</MEAN_VALUE>
		<CHECKBOX>2</CHECKBOX>
		<SD>[0.0027308487076393604, 0.003304054725876445, 0.003530714494875666, 0.008701396296899047, 0.006920705596827331, 0.004160222613964518]</SD>
		<WAVELENGTH_UNIT>E-6m</WAVELENGTH_UNIT>
		<COLOR>#362208</COLOR>
		<COVARIANCE_MATRIX>[[6.959471622060479e-06, 4.4074071857696095e-06, 6.543412239943253e-06, 8.94430708783391e-06, 5.978862856661431e-06, 4.15762683242869e-06], [4.4074071857696095e-06, 1.0476478486757915e-05, 1.0024291689859864e-05, 1.7177272970284738e-05, 1.44640948326486e-05, 9.392879922545859e-06], [6.543412239943253e-06, 1.0024291689859864e-05, 1.2303474862588647e-05, 2.19843263506479e-05, 1.789106341609003e-05, 1.1703433616393805e-05], [8.94430708783391e-06, 1.7177272970284738e-05, 2.19843263506479e-05, 6.588784976103071e-05, 4.7087583905384417e-05, 2.723756805720341e-05], [5.978862856661431e-06, 1.44640948326486e-05, 1.789106341609003e-05, 4.7087583905384417e-05, 4.201651821211312e-05, 2.4957746388578617e-05], [4.15762683242869e-06, 9.392879922545859e-06, 1.1703433616393805e-05, 2.723756805720341e-05, 2.4957746388578617e-05, 1.582654573791814e-05]]</COVARIANCE_MATRIX>
		<ROI_SIZE>5955</ROI_SIZE>
		<MAX_VALUE>[0.12904630601406097, 0.1215357854962349, 0.09932982921600342, 0.11129022389650345, 0.07475785911083221, 0.05146656185388565]</MAX_VALUE>
		<MIN_VALUE>[0.11220189929008484, 0.09652966260910034, 0.06978701800107956, 0.06501154601573944, 0.03091033548116684, 0.020165517926216125]</MIN_VALUE>
		<SIGNATURE_THRESHOLD_MD>0</SIGNATURE_THRESHOLD_MD>
		<SIGNATURE_THRESHOLD_ML>0</SIGNATURE_THRESHOLD_ML>
		<SIGNATURE_THRESHOLD_SAM>0</SIGNATURE_THRESHOLD_SAM>
	</signature>
	<signature ID="20210511_142402312680_418">
		<MACROCLASSID>1</MACROCLASSID>
		<MACROCLASSINFO>waterbody</MACROCLASSINFO>
		<CLASSID>16</CLASSID>
		<CLASSINFO>C 1</CLASSINFO>
		<VALUES>[0.1183056641480939, 0.00579144742548497, 0.12545032199626244, 0.007295555372965796, 0.12905579778302034, 0.0073706401206789125, 0.06259751524653821, 0.010213364840069602, 0.022443124476516394, 0.00916890219297968, 0.015505221586855902, 0.006954576025328371]</VALUES>
		<LCS_MIN>[0.10970563441514969, 0.1125275045633316, 0.10566818714141846, 0.04241488501429558, 0.011396014131605625, 0.0072717368602752686]</LCS_MIN>
		<LCS_MAX>[0.14204861223697662, 0.15555018186569214, 0.16019541025161743, 0.09166737645864487, 0.053355053067207336, 0.04441189765930176]</LCS_MAX>
