<?xml version="1.0" ?>
<signaturelist MCID_LIST="[['1', 'waterbody', '#000000'], ['2', 'vegetation', '#000000'], ['3', 'bareland', '#000000'], ['4', 'built-up', '#000000']]">
	<signature ID="20211202_123745975849_199">
		<MACROCLASSID>1</MACROCLASSID>
		<MACROCLASSINFO>waterbody</MACROCLASSINFO>
		<CLASSID>1</CLASSID>
		<CLASSINFO>C 1</CLASSINFO>
		<VALUES>[0.09338130392134189, 0.002269733311082768, 0.08028101101517678, 0.003220380576607133, 0.06070438753813504, 0.004430430530788087, 0.03810289713243645, 0.008617218864800375, 0.025608135014772413, 0.009046466977860898, 0.018304806264738238, 0.007123377611835061]</VALUES>
		<LCS_MIN>[0.08923226594924927, 0.07171101868152618, 0.050853706896305084, 0.020548926666378975, 0.006587991025298834, 0.0032239039428532124]</LCS_MIN>
		<LCS_MAX>[0.10282876342535019, 0.08942851424217224, 0.0763646587729454, 0.06231961026787758, 0.04776995629072189, 0.03734130039811134]</LCS_MAX>
		<WAVELENGTH>[0.48, 0.56, 0.655, 0.865, 1.61, 2.2]</WAVELENGTH>
		<MEAN_VALUE>[0.09338130392134189, 0.08028101101517678, 0.06070438753813504, 0.03810289713243645, 0.025608135014772413, 0.018304806264738238]</MEAN_VALUE>
		<CHECKBOX>2</CHECKBOX>
		<SD>[0.002269733311082768, 0.003220380576607133, 0.004430430530788087, 0.008617218864800375, 0.009046466977860898, 0.007123377611835061]</SD>
		<WAVELENGTH_UNIT>E-6m</WAVELENGTH_UNIT>
		<COLOR>#6700c3</COLOR>
		<COVARIANCE_MATRIX>[[5.239006071293617e-06, 4.533155754835838e-06, 8.251278599983723e-06, 1.4314192791337574e-05, 1.2095117658019175e-05, 1.0680673302181595e-05], [4.533155754835838e-06, 1.0546628194767933e-05, 6.539922660469393e-06, 1.108716190404029e-05, 8.55972155650385e-06, 8.19427283124767e-06], [8.251278599983723e-06, 6.539922660469393e-06, 1.9961404767599186e-05, 3.2261021746790385e-05, 2.6087489073008037e-05, 2.122704502221468e-05], [1.4314192791337574e-05, 1.108716190404029e-05, 3.2261021746790385e-05, 7.551504504800492e-05, 5.78154776821232e-05, 4.515146746644899e-05], [1.2095117658019175e-05, 8.55972155650385e-06, 2.6087489073008037e-05, 5.78154776821232e-05, 8.322565909985862e-05, 6.318188910681099e-05], [1.0680673302181595e-05, 8.19427283124767e-06, 2.122704502221468e-05, 4.515146746644899e-05, 6.318188910681099e-05, 5.1602551119450476e-05]]</COVARIANCE_MATRIX>
		<ROI_SIZE>60</ROI_SIZE>
		<MAX_VALUE>[0.10282876342535019, 0.08942851424217224, 0.0763646587729454, 0.06231961026787758, 0.04776995629072189, 0.03734130039811134]</MAX_VALUE>
		<MIN_VALUE>[0.08923226594924927, 0.07171101868152618, 0.050853706896305084, 0.020548926666378975, 0.006587991025298834, 0.0032239039428532124]</MIN_VALUE>
		<SIGNATURE_THRESHOLD_MD>0</SIGNATURE_THRESHOLD_MD>
		<SIGNATURE_THRESHOLD_ML>0</SIGNATURE_THRESHOLD_ML>
		<SIGNATURE_THRESHOLD_SAM>0</SIGNATURE_THRESHOLD_SAM>
	</signature>
	<signature ID="20211202_123754142152_906">
		<MACROCLASSID>1</MACROCLASSID>
		<MACROCLASSINFO>waterbody</MACROCLASSINFO>
		<CLASSID>2</CLASSID>
		<CLASSINFO>C 1</CLASSINFO>
		<VALUES>[0.09357176290959428, 0.0016439017034551486, 0.0819055653878094, 0.0022794897867188958, 0.06625825086051654, 0.003797505565733101, 0.03959732155133153, 0.008137676405559464, 0.026131745024593835, 0.0069858317530537865, 0.019762242788967398, 0.006106577322754576]</VALUES>
		<LCS_MIN>[0.09077414125204086, 0.07569184899330139, 0.06002083048224449, 0.02654820680618286, 0.014381442219018936, 0.010905222967267036]</LCS_MIN>
		<LCS_MAX>[0.09825921803712845, 0.08729792386293411, 0.07751404494047165, 0.05777811259031296, 0.05018089711666107, 0.039107438176870346]</LCS_MAX>
		<WAVELENGTH>[0.48, 0.56, 0.655, 0.865, 1.61, 2.2]</WAVELENGTH>
		<MEAN_VALUE>[0.09357176290959428, 0.0819055653878094, 0.06625825086051654, 0.03959732155133153, 0.026131745024593835, 0.019762242788967398]</MEAN_VALUE>
		<CHECKBOX>2</CHECKBOX>
		<SD>[0.0016439017034551486, 0.0022794897867188958, 0.003797505565733101, 0.008137676405559464, 0.0069858317530537865, 0.006106577322754576]</SD>
		<WAVELENGTH_UNIT>E-6m</WAVELENGTH_UNIT>
		<COLOR>#1432ce</COLOR>
		<COVARIANCE_MATRIX>[[2.7305629440667284e-06, 1.9394685519201867e-06, 4.704665400367341e-06, 9.034821805317948e-06, 8.3299626869506e-06, 6.838623102978734e-06], [1.9394685519201867e-06, 5.250199455336534e-06, 5.565088826398934e-06, 4.727209543311802e-06, 5.556184843342597e-06, 6.51071358927009e-06], [4.704665400367341e-06, 5.565088826398934e-06, 1.4571267777209003e-05, 2.033820948914855e-05, 1.2143884043312956e-05, 1.1185741590916826e-05], [9.034821805317948e-06, 4.727209543311802e-06, 2.033820948914855e-05, 6.691158746161596e-05, 3.7151792223709726e-05, 2.7736116817950234e-05], [8.3299626869506e-06, 5.556184843342597e-06, 1.2143884043312956e-05, 3.7151792223709726e-05, 4.9310197836995105e-05, 4.048682663108746e-05], [6.838623102978734e-06, 6.51071358927009e-06, 1.1185741590916826e-05, 2.7736116817950234e-05, 4.048682663108746e-05, 3.767872708418439e-05]]</COVARIANCE_MATRIX>
		<ROI_SIZE>97</ROI_SIZE>
		<MAX_VALUE>[0.09825921803712845, 0.08729792386293411, 0.07751404494047165, 0.05777811259031296, 0.05018089711666107, 0.039107438176870346]</MAX_VALUE>
		<MIN_VALUE>[0.09077414125204086, 0.07569184899330139, 0.06002083048224449, 0.02654820680618286, 0.014381442219018936, 0.010905222967267036]</MIN_VALUE>
		<SIGNATURE_THRESHOLD_MD>0</SIGNATURE_THRESHOLD_MD>
		<SIGNATURE_THRESHOLD_ML>0</SIGNATURE_THRESHOLD_ML>
		<SIGNATURE_THRESHOLD_SAM>0</SIGNATURE_THRESHOLD_SAM>
	</signature>
	<signature ID="20211202_123801806310_369">
		<MACROCLASSID>1</MACROCLASSID>
		<MACROCLASSINFO>waterbody</MACROCLASSINFO>
		<CLASSID>3</CLASSID>
		<CLASSINFO>C 1</CLASSINFO>
		<VALUES>[0.09250008581944232, 0.0024968099346676298, 0.08192808785528506, 0.004697812463353465, 0.06475593079373522, 0.005646964152814955, 0.04595832755121421, 0.01646981540857854, 0.029986343768267133, 0.012022347281238781, 0.022477987591388093, 0.008509850612164626]</VALUES>
		<LCS_MIN>[0.08923226594924927, 0.07406587898731232, 0.05455419048666954, 0.018166035413742065, 0.007849521934986115, 0.006363716907799244]</LCS_MIN>
		<LCS_MAX>[0.09904416650533676, 0.09200763702392578, 0.08087814599275589, 0.08216770738363266, 0.056404441595077515, 0.04053719341754913]</LCS_MAX>
		<WAVELENGTH>[0.48, 0.56, 0.655, 0.865, 1.61, 2.2]</WAVELENGTH>
		<MEAN_VALUE>[0.09250008581944232, 0.08192808785528506, 0.06475593079373522, 0.04595832755121421, 0.029986343768267133, 0.022477987591388093]</MEAN_VALUE>
		<CHECKBOX>2</CHECKBOX>
		<SD>[0.0024968099346676298, 0.004697812463353465, 0.005646964152814955, 0.01646981540857854, 0.012022347281238781, 0.008509850612164626]</SD>
		<WAVELENGTH_UNIT>E-6m</WAVELENGTH_UNIT>
		<COLOR>#d4c050</COLOR>
		<COVARIANCE_MATRIX>[[6.353945616198334e-06, 5.2455106116037164e-06, 1.3238903288568543e-05, 2.855722237610793e-05, 1.720973261687854e-05, 1.54890772869346e-05], [5.2455106116037164e-06, 2.2493854285855353e-05, 1.3421036879413693e-05, 2.3312652404930863e-05, 2.3446363571645635e-05, 1.8231984559374426e-05], [1.3238903288568543e-05, 1.3421036879413693e-05, 3.250143883823817e-05, 6.814207918230519e-05, 4.832793223480979e-05, 4.0240012854041766e-05], [2.855722237610793e-05, 2.3312652404930863e-05, 6.814207918230519e-05, 0.00027647125843097126, 0.00015785614103433162, 0.00010854546466874827], [1.720973261687854e-05, 2.3446363571645635e-05, 4.832793223480979e-05, 0.00015785614103433162, 0.00014731638865360784, 9.921177669556848e-05], [1.54890772869346e-05, 1.8231984559374426e-05, 4.0240012854041766e-05, 0.00010854546466874827, 9.921177669556848e-05, 7.381020277676943e-05]]</COVARIANCE_MATRIX>
		<ROI_SIZE>53</ROI_SIZE>
		<MAX_VALUE>[0.09904416650533676, 0.09200763702392578, 0.08087814599275589, 0.08216770738363266, 0.056404441595077515, 0.04053719341754913]</MAX_VALUE>
		<MIN_VALUE>[0.08923226594924927, 0.07406587898731232, 0.05455419048666954, 0.018166035413742065, 0.007849521934986115, 0.006363716907799244]</MIN_VALUE>
		<SIGNATURE_THRESHOLD_MD>0</SIGNATURE_THRESHOLD_MD>
		<SIGNATURE_THRESHOLD_ML>0</SIGNATURE_THRESHOLD_ML>
		<SIGNATURE_THRESHOLD_SAM>0</SIGNATURE_THRESHOLD_SAM>
	</signature>
	<signature ID="20211202_123816112417_875">
		<MACROCLASSID>1</MACROCLASSID>
		<MACROCLASSINFO>waterbody</MACROCLASSINFO>
		<CLASSID>4</CLASSID>
		<CLASSINFO>C 1</CLASSINFO>
		<VALUES>[0.11178680572104537, 0.002382532088780708, 0.1092061647247625, 0.0037048319068398072, 0.08126864002252607, 0.00730149471766758, 0.033488875227187895, 0.006024707125342939, 0.017384594311730492, 0.005688265365079971, 0.011225425029334015, 0.0037990472430149496]</VALUES>
		<LCS_MIN>[0.10832343250513077, 0.096661277115345, 0.07201939076185226, 0.027557434514164925, 0.012306926771998405, 0.007849521934986115]</LCS_MIN>
		<LCS_MAX>[0.11715415120124817, 0.11704201251268387, 0.100642129778862, 0.06405772268772125, 0.04673270881175995, 0.03089348040521145]</LCS_MAX>
		<WAVELENGTH>[0.48, 0.56, 0.655, 0.865, 1.61, 2.2]</WAVELENGTH>
		<MEAN_VALUE>[0.11178680572104537, 0.1092061647247625, 0.08126864002252607, 0.033488875227187895, 0.017384594311730492, 0.011225425029334015]</MEAN_VALUE>
		<CHECKBOX>2</CHECKBOX>
		<SD>[0.002382532088780708, 0.0037048319068398072, 0.00730149471766758, 0.006024707125342939, 0.005688265365079971, 0.0037990472430149496]</SD>
		<WAVELENGTH_UNIT>E-6m</WAVELENGTH_UNIT>
		<COLOR>#c816d4</COLOR>
		<COVARIANCE_MATRIX>[[4.35180238187376e-06, 6.430088408895729e-06, 1.2395794732260053e-05, 4.464799464704115e-06, 2.30932013210393e-06, 1.4164584691815405e-06], [6.430088408895729e-06, 1.1167953116449946e-05, 1.6916420134638473e-05, 1.657499563685614e-06, -1.7161118870474317e-06, -1.44742981068057e-06], [1.2395794732260053e-05, 1.6916420134638473e-05, 4.019709381224681e-05, 2.04643182718689e-05, 1.3745212892243285e-05, 8.852362434114529e-06], [4.464799464704115e-06, 1.657499563685614e-06, 2.04643182718689e-05, 3.0289036766405374e-05, 2.69864336038453e-05, 1.8065753844736143e-05], [2.30932013210393e-06, -1.7161118870474317e-06, 1.3745212892243285e-05, 2.69864336038453e-05, 2.7663522870944745e-05, 1.854950746433603e-05], [1.4164584691815405e-06, -1.44742981068057e-06, 8.852362434114529e-06, 1.8065753844736143e-05, 1.854950746433603e-05, 1.2675888258103044e-05]]</COVARIANCE_MATRIX>
		<ROI_SIZE>3658</ROI_SIZE>
		<MAX_VALUE>[0.11715415120124817, 0.11704201251268387, 0.100642129778862, 0.06405772268772125, 0.04673270881175995, 0.03089348040521145]</MAX_VALUE>
		<MIN_VALUE>[0.10832343250513077, 0.096661277115345, 0.07201939076185226, 0.027557434514164925, 0.012306926771998405, 0.007849521934986115]</MIN_VALUE>
		<SIGNATURE_THRESHOLD_MD>0</SIGNATURE_THRESHOLD_MD>
		<SIGNATURE_THRESHOLD_ML>0</SIGNATURE_THRESHOLD_ML>
		<SIGNATURE_THRESHOLD_SAM>0</SIGNATURE_THRESHOLD_SAM>
	</signature>
	<signature ID="20211202_123821341716_317">
		<MACROCLASSID>1</MACROCLASSID>
		<MACROCLASSINFO>waterbody</MACROCLASSINFO>
		<CLASSID>5</CLASSID>
		<CLASSINFO>C 1</CLASSINFO>
		<VALUES>[0.10301501284474912, 0.0019868578681843966, 0.0878113124033679, 0.002225549575042353, 0.06758025836037555, 0.005216152473094238, 0.04339860280894713, 0.007394907802337819, 0.03002247580367586, 0.00804898283431609, 0.022819196813456396, 0.006716034464152671]</VALUES>
		<LCS_MIN>[0.09918434172868729, 0.08427024632692337, 0.05674084648489952, 0.03111775405704975, 0.019539710134267807, 0.01326008327305317]</LCS_MIN>
		<LCS_MAX>[0.10919249802827835, 0.0952315405011177, 0.0824199989438057, 0.06439412385225296, 0.053516943007707596, 0.042303331196308136]</LCS_MAX>
		<WAVELENGTH>[0.48, 0.56, 0.655, 0.865, 1.61, 2.2]</WAVELENGTH>
		<MEAN_VALUE>[0.10301501284474912, 0.0878113124033679, 0.06758025836037555, 0.04339860280894713, 0.03002247580367586, 0.022819196813456396]</MEAN_VALUE>
		<CHECKBOX>2</CHECKBOX>
		<SD>[0.0019868578681843966, 0.002225549575042353, 0.005216152473094238, 0.007394907802337819, 0.00804898283431609, 0.006716034464152671]</SD>
		<WAVELENGTH_UNIT>E-6m</WAVELENGTH_UNIT>
		<COLOR>#7bbbe8</COLOR>
		<COVARIANCE_MATRIX>[[3.98223229528174e-06, 3.4373788958266628e-06, 8.723167098028449e-06, 1.294011351564433e-05, 1.1616152063362607e-05, 1.0201627958737522e-05], [3.4373788958266628e-06, 4.996518901418314e-06, 9.166102819527147e-06, 1.3387783406311308e-05, 1.5505279196860094e-05, 1.3379296587288439e-05], [8.723167098028449e-06, 9.166102819527147e-06, 2.7446915452589708e-05, 3.1047723201554296e-05, 3.066263401709218e-05, 2.657650898171846e-05], [1.294011351564433e-05, 1.3387783406311308e-05, 3.1047723201554296e-05, 5.5164351417401996e-05, 4.9309944717676096e-05, 4.1212210036742655e-05], [1.1616152063362607e-05, 1.5505279196860094e-05, 3.066263401709218e-05, 4.9309944717676096e-05, 6.535442400630024e-05, 5.298839928973216e-05], [1.0201627958737522e-05, 1.3379296587288439e-05, 2.657650898171846e-05, 4.1212210036742655e-05, 5.298839928973216e-05, 4.55007778616135e-05]]</COVARIANCE_MATRIX>
		<ROI_SIZE>115</ROI_SIZE>
		<MAX_VALUE>[0.10919249802827835, 0.0952315405011177, 0.0824199989438057, 0.06439412385225296, 0.053516943007707596, 0.042303331196308136]</MAX_VALUE>
		<MIN_VALUE>[0.09918434172868729, 0.08427024632692337, 0.05674084648489952, 0.03111775405704975, 0.019539710134267807, 0.01326008327305317]</MIN_VALUE>
		<SIGNATURE_THRESHOLD_MD>0</SIGNATURE_THRESHOLD_MD>
		<SIGNATURE_THRESHOLD_ML>0</SIGNATURE_THRESHOLD_ML>
		<SIGNATURE_THRESHOLD_SAM>0</SIGNATURE_THRESHOLD_SAM>
	</signature>
	<signature ID="20211202_123914642439_545">
		<MACROCLASSID>1</MACROCLASSID>
		<MACROCLASSINFO>waterbody</MACROCLASSINFO>
		<CLASSID>6</CLASSID>
		<CLASSINFO>C 1</CLASSINFO>
		<VALUES>[0.10012616239590187, 0.002651627015603295, 0.08820149040521544, 0.00540442684925943, 0.07201749031606342, 0.007892661698994647, 0.037258483631085616, 0.005429008601998862, 0.016739093205257915, 0.003752051232909327, 0.011832269804220506, 0.003243120325822422]</VALUES>
		<LCS_MIN>[0.09604452550411224, 0.07995301485061646, 0.06032920628786087, 0.029239472001791, 0.013316154479980469, 0.009195154532790184]</LCS_MIN>
		<LCS_MAX>[0.10823934525251389, 0.10333339124917984, 0.09514745324850082, 0.06195517256855965, 0.04241545498371124, 0.03369688615202904]</LCS_MAX>
		<WAVELENGTH>[0.48, 0.56, 0.655, 0.865, 1.61, 2.2]</WAVELENGTH>
		<MEAN_VALUE>[0.10012616239590187, 0.08820149040521544, 0.07201749031606342, 0.037258483631085616, 0.016739093205257915, 0.011832269804220506]</MEAN_VALUE>
		<CHECKBOX>2</CHECKBOX>
		<SD>[0.002651627015603295, 0.00540442684925943, 0.007892661698994647, 0.005429008601998862, 0.003752051232909327, 0.003243120325822422]</SD>
		<WAVELENGTH_UNIT>E-6m</WAVELENGTH_UNIT>
		<COLOR>#977c78</COLOR>
		<COVARIANCE_MATRIX>[[7.037552818752898e-06, 1.4161556548774945e-05, 2.0787705891544482e-05, 1.2234996432030401e-05, 1.4508046589787388e-06, 1.6904700825378226e-06], [1.4161556548774945e-05, 2.9234527767870698e-05, 4.224431502959273e-05, 2.3367336680725168e-05, 1.3576718660301056e-06, 2.0834550251206876e-06], [2.0787705891544482e-05, 4.224431502959273e-05, 6.23510502932195e-05, 3.674474282632944e-05, 4.11895883814924e-06, 4.89472949681422e-06], [1.2234996432030401e-05, 2.3367336680725168e-05, 3.674474282632944e-05, 2.9501076022515968e-05, 1.1275018596056172e-05, 1.0519822363848926e-05], [1.4508046589787388e-06, 1.3576718660301056e-06, 4.11895883814924e-06, 1.1275018596056172e-05, 1.409075672535851e-05, 1.2025904310425593e-05], [1.6904700825378226e-06, 2.0834550251206876e-06, 4.89472949681422e-06, 1.0519822363848926e-05, 1.2025904310425593e-05, 1.0527443551462506e-05]]</COVARIANCE_MATRIX>
		<ROI_SIZE>1095</ROI_SIZE>
		<MAX_VALUE>[0.10823934525251389, 0.10333339124917984, 0.09514745324850082, 0.06195517256855965, 0.04241545498371124, 0.03369688615202904]</MAX_VALUE>
		<MIN_VALUE>[0.09604452550411224, 0.07995301485061646, 0.06032920628786087, 0.029239472001791, 0.013316154479980469, 0.009195154532790184]</MIN_VALUE>
		<SIGNATURE_THRESHOLD_MD>0</SIGNATURE_THRESHOLD_MD>
		<SIGNATURE_THRESHOLD_ML>0</SIGNATURE_THRESHOLD_ML>
		<SIGNATURE_THRESHOLD_SAM>0</SIGNATURE_THRESHOLD_SAM>
	</signature>
	<signature ID="20211202_123920115628_727">
		<MACROCLASSID>1</MACROCLASSID>
		<MACROCLASSINFO>waterbody</MACROCLASSINFO>
		<CLASSID>7</CLASSID>
		<CLASSINFO>C 1</CLASSINFO>
		<VALUES>[0.0948961391501387, 0.001036504835138404, 0.0811999092545879, 0.0019218183655425132, 0.05599252864286319, 0.003431818389802498, 0.02916169241663169, 0.003964492632716486, 0.016508988526425863, 0.005000161063041461, 0.011553340025204337, 0.004427453589466071]</VALUES>
		<LCS_MIN>[0.0932411402463913, 0.07751404494047165, 0.050937797874212265, 0.02551095001399517, 0.012503170408308506, 0.007989684119820595]</LCS_MIN>
		<LCS_MAX>[0.10058604180812836, 0.08945655077695847, 0.0726080909371376, 0.054526157677173615, 0.042807940393686295, 0.03697686269879341]</LCS_MAX>
		<WAVELENGTH>[0.48, 0.56, 0.655, 0.865, 1.61, 2.2]</WAVELENGTH>
		<MEAN_VALUE>[0.0948961391501387, 0.0811999092545879, 0.05599252864286319, 0.02916169241663169, 0.016508988526425863, 0.011553340025204337]</MEAN_VALUE>
		<CHECKBOX>2</CHECKBOX>
		<SD>[0.001036504835138404, 0.0019218183655425132, 0.003431818389802498, 0.003964492632716486, 0.005000161063041461, 0.004427453589466071]</SD>
		<WAVELENGTH_UNIT>E-6m</WAVELENGTH_UNIT>
		<COLOR>#9454b1</COLOR>
		<COVARIANCE_MATRIX>[[1.0753482117233985e-06, 1.8483523336406734e-06, 3.2943805618876976e-06, 3.439498349979056e-06, 4.066534669107499e-06, 3.6219637287209368e-06], [1.8483523336406734e-06, 3.696844056569191e-06, 6.147905585039835e-06, 5.857815345084355e-06, 6.726878868414515e-06, 5.949461969047204e-06], [3.2943805618876976e-06, 6.147905585039835e-06, 1.1788404967572214e-05, 1.1399068131918615e-05, 1.285019916468519e-05, 1.1371314167641258e-05], [3.439498349979056e-06, 5.857815345084355e-06, 1.1399068131918615e-05, 1.573191831598212e-05, 1.818084719826639e-05, 1.6007655120992235e-05], [4.066534669107499e-06, 6.726878868414515e-06, 1.285019916468519e-05, 1.818084719826639e-05, 2.5025020404161496e-05, 2.1971287082247806e-05], [3.6219637287209368e-06, 5.949461969047204e-06, 1.1371314167641258e-05, 1.6007655120992235e-05, 2.1971287082247806e-05, 1.962069954276257e-05]]</COVARIANCE_MATRIX>
		<ROI_SIZE>1069</ROI_SIZE>
		<MAX_VALUE>[0.10058604180812836, 0.08945655077695847, 0.0726080909371376, 0.054526157677173615, 0.042807940393686295, 0.03697686269879341]</MAX_VALUE>
		<MIN_VALUE>[0.0932411402463913, 0.07751404494047165, 0.050937797874212265, 0.02551095001399517, 0.012503170408308506, 0.007989684119820595]</MIN_VALUE>
		<SIGNATURE_THRESHOLD_MD>0</SIGNATURE_THRESHOLD_MD>
		<SIGNATURE_THRESHOLD_ML>0</SIGNATURE_THRESHOLD_ML>
		<SIGNATURE_THRESHOLD_SAM>0</SIGNATURE_THRESHOLD_SAM>
	</signature>
	<signature ID="20211202_124018135449_610">
		<MACROCLASSID>1</MACROCLASSID>
		<MACROCLASSINFO>waterbody</MACROCLASSINFO>
		<CLASSID>8</CLASSID>
		<CLASSINFO>C 1</CLASSINFO>
		<VALUES>[0.08712597511196574, 0.0010180595440563594, 0.06918500391850964, 0.001807885014942979, 0.047883295841833956, 0.0018886236967873044, 0.03013903537013805, 0.005812504827652169, 0.017950346292360142, 0.004861276227320384, 0.012064657385440493, 0.0033954720738415918]</VALUES>
		<LCS_MIN>[0.08438239246606827, 0.06313259154558182, 0.04306023567914963, 0.0207451693713665, 0.010652919299900532, 0.008578404784202576]</LCS_MIN>
		<LCS_MAX>[0.09178337454795837, 0.07656089216470718, 0.05962834507226944, 0.056600674986839294, 0.04395733028650284, 0.034257568418979645]</LCS_MAX>
		<WAVELENGTH>[0.48, 0.56, 0.655, 0.865, 1.61, 2.2]</WAVELENGTH>
		<MEAN_VALUE>[0.08712597511196574, 0.06918500391850964, 0.047883295841833956, 0.03013903537013805, 0.017950346292360142, 0.012064657385440493]</MEAN_VALUE>
		<CHECKBOX>2</CHECKBOX>
		<SD>[0.0010180595440563594, 0.001807885014942979, 0.0018886236967873044, 0.005812504827652169, 0.004861276227320384, 0.0033954720738415918]</SD>
		<WAVELENGTH_UNIT>E-6m</WAVELENGTH_UNIT>
		<COLOR>#de1d68</COLOR>
		<COVARIANCE_MATRIX>[[1.0377912680172432e-06, 1.7447052402251203e-06, 1.6348394338287504e-06, 1.4496214980265876e-06, 1.0203752812206585e-06, 6.783816539321552e-07], [1.7447052402251203e-06, 3.2726929652131082e-06, 2.768295921744709e-06, 2.135896312451362e-06, 1.3716900932226613e-06, 1.0285131994017874e-06], [1.6348394338287504e-06, 2.768295921744709e-06, 3.571531805038047e-06, 6.2913900278576225e-06, 5.063018007025457e-06, 3.3029765697916184e-06], [1.4496214980265876e-06, 2.135896312451362e-06, 6.2913900278576225e-06, 3.382908927066349e-05, 2.64089412810228e-05, 1.746991690442824e-05], [1.0203752812206585e-06, 1.3716900932226613e-06, 5.063018007025457e-06, 2.64089412810228e-05, 2.3662697475918544e-05, 1.577052129224162e-05], [6.783816539321552e-07, 1.0285131994017874e-06, 3.3029765697916184e-06, 1.746991690442824e-05, 1.577052129224162e-05, 1.154420363099688e-05]]</COVARIANCE_MATRIX>
		<ROI_SIZE>771</ROI_SIZE>
		<MAX_VALUE>[0.09178337454795837, 0.07656089216470718, 0.05962834507226944, 0.056600674986839294, 0.04395733028650284, 0.034257568418979645]</MAX_VALUE>
		<MIN_VALUE>[0.08438239246606827, 0.06313259154558182, 0.04306023567914963, 0.0207451693713665, 0.010652919299900532, 0.008578404784202576]</MIN_VALUE>
		<SIGNATURE_THRESHOLD_MD>0</SIGNATURE_THRESHOLD_MD>
		<SIGNATURE_THRESHOLD_ML>0</SIGNATURE_THRESHOLD_ML>
		<SIGNATURE_THRESHOLD_SAM>0</SIGNATURE_THRESHOLD_SAM>
	</signature>
	<signature ID="20211202_124117750492_232">
		<MACROCLASSID>1</MACROCLASSID>
		<MACROCLASSINFO>waterbody</MACROCLASSINFO>
		<CLASSID>9</CLASSID>
		<CLASSINFO>C 1</CLASSINFO>
		<VALUES>[0.09212035393899247, 0.0018723281895273397, 0.08333645876228192, 0.0038653385489725686, 0.06861484058431744, 0.005075199201593672, 0.0432142866871406, 0.010366684869508406, 0.028690065842928353, 0.008281043267775283, 0.021545148348992627, 0.006254116517286513]</VALUES>
		<LCS_MIN>[0.08853141963481903, 0.07409390807151794, 0.05926390737295151, 0.027024785056710243, 0.016596129164099693, 0.012839576229453087]</LCS_MIN>
		<LCS_MAX>[0.09764248877763748, 0.0921478122472763, 0.07970070093870163, 0.067533940076828, 0.05051730200648308, 0.0399484746158123]</LCS_MAX>
		<WAVELENGTH>[0.48, 0.56, 0.655, 0.865, 1.61, 2.2]</WAVELENGTH>
		<MEAN_VALUE>[0.09212035393899247, 0.08333645876228192, 0.06861484058431744, 0.0432142866871406, 0.028690065842928353, 0.021545148348992627]</MEAN_VALUE>
		<CHECKBOX>2</CHECKBOX>
		<SD>[0.0018723281895273397, 0.0038653385489725686, 0.005075199201593672, 0.010366684869508406, 0.008281043267775283, 0.006254116517286513]</SD>
		<WAVELENGTH_UNIT>E-6m</WAVELENGTH_UNIT>
		<COLOR>#b5af12</COLOR>
		<COVARIANCE_MATRIX>[[3.542129649812261e-06, 2.790625191359458e-06, 6.954198213564122e-06, 1.0773129874054199e-05, 6.291874586662048e-06, 5.688989313300097e-06], [2.790625191359458e-06, 1.5096475870029287e-05, 1.5750946706689072e-05, 5.49708646549035e-06, 8.056828991173051e-06, 7.604525722381869e-06], [6.954198213564122e-06, 1.5750946706689072e-05, 2.602595575810558e-05, 2.8483812523070905e-05, 1.6535805532513008e-05, 1.444720671621458e-05], [1.0773129874054199e-05, 5.49708646549035e-06, 2.8483812523070905e-05, 0.00010858761513352468, 6.616336560650182e-05, 4.8645761033424666e-05], [6.291874586662048e-06, 8.056828991173051e-06, 1.6535805532513008e-05, 6.616336560650182e-05, 6.92900075777952e-05, 5.119730050851578e-05], [5.688989313300097e-06, 7.604525722381869e-06, 1.444720671621458e-05, 4.8645761033424666e-05, 5.119730050851578e-05, 3.952141063483552e-05]]</COVARIANCE_MATRIX>
		<ROI_SIZE>97</ROI_SIZE>
		<MAX_VALUE>[0.09764248877763748, 0.0921478122472763, 0.07970070093870163, 0.067533940076828, 0.05051730200648308, 0.0399484746158123]</MAX_VALUE>
		<MIN_VALUE>[0.08853141963481903, 0.07409390807151794, 0.05926390737295151, 0.027024785056710243, 0.016596129164099693, 0.012839576229453087]</MIN_VALUE>
		<SIGNATURE_THRESHOLD_MD>0</SIGNATURE_THRESHOLD_MD>
		<SIGNATURE_THRESHOLD_ML>0</SIGNATURE_THRESHOLD_ML>
		<SIGNATURE_THRESHOLD_SAM>0</SIGNATURE_THRESHOLD_SAM>
	</signature>
	<signature ID="20211202_124127398768_132">
		<MACROCLASSID>1</MACROCLASSID>
		<MACROCLASSINFO>waterbody</MACROCLASSINFO>
		<CLASSID>10</CLASSID>
		<CLASSINFO>C 1</CLASSINFO>
		<VALUES>[0.09304675572069296, 0.0019232823119420931, 0.0853382448205747, 0.0036948345956879874, 0.06904862304947458, 0.005896235372120639, 0.04190071814704731, 0.011041679884460958, 0.029703893350908554, 0.010947086907636324, 0.02273879142433225, 0.009052494668381931]</VALUES>
		<LCS_MIN>[0.0893724337220192, 0.07423408329486847, 0.05912373587489128, 0.024361560121178627, 0.012222825549542904, 0.012503170408308506]</LCS_MIN>
		<LCS_MAX>[0.09893205016851425, 0.09472693502902985, 0.08774647116661072, 0.0760282501578331, 0.059796545654535294, 0.04973234981298447]</LCS_MAX>
		<WAVELENGTH>[0.48, 0.56, 0.655, 0.865, 1.61, 2.2]</WAVELENGTH>
		<MEAN_VALUE>[0.09304675572069296, 0.0853382448205747, 0.06904862304947458, 0.04190071814704731, 0.029703893350908554, 0.02273879142433225]</MEAN_VALUE>
		<CHECKBOX>2</CHECKBOX>
		<SD>[0.0019232823119420931, 0.0036948345956879874, 0.005896235372120639, 0.011041679884460958, 0.010947086907636324, 0.009052494668381931]</SD>
		<WAVELENGTH_UNIT>E-6m</WAVELENGTH_UNIT>
		<COLOR>#f7c4b0</COLOR>
		<COVARIANCE_MATRIX>[[3.72143312325616e-06, 4.527805500400592e-06, 1.01201070646818e-05, 1.808700677731629e-05, 1.730692066325925e-05, 1.4479278519642628e-05], [4.527805500400592e-06, 1.3734540887610982e-05, 1.5186229165709536e-05, 2.182431516576789e-05, 2.288330470318701e-05, 1.9062833554912802e-05], [1.01201070646818e-05, 1.5186229165709536e-05, 3.4976292118376606e-05, 5.500827164788022e-05, 4.692303023961112e-05, 3.852268561864685e-05], [1.808700677731629e-05, 2.182431516576789e-05, 5.500827164788022e-05, 0.0001226575958507333, 0.00011006886809889647, 8.956386831073527e-05], [1.730692066325925e-05, 2.288330470318701e-05, 4.692303023961112e-05, 0.00011006886809889647, 0.00012056500698615072, 9.861076024108182e-05], [1.4479278519642628e-05, 1.9062833554912802e-05, 3.852268561864685e-05, 8.956386831073527e-05, 9.861076024108182e-05, 8.244431220424134e-05]]</COVARIANCE_MATRIX>
		<ROI_SIZE>166</ROI_SIZE>
		<MAX_VALUE>[0.09893205016851425, 0.09472693502902985, 0.08774647116661072, 0.0760282501578331, 0.059796545654535294, 0.04973234981298447]</MAX_VALUE>
		<MIN_VALUE>[0.0893724337220192, 0.07423408329486847, 0.05912373587489128, 0.024361560121178627, 0.012222825549542904, 0.012503170408308506]</MIN_VALUE>
		<SIGNATURE_THRESHOLD_MD>0</SIGNATURE_THRESHOLD_MD>
		<SIGNATURE_THRESHOLD_ML>0</SIGNATURE_THRESHOLD_ML>
		<SIGNATURE_THRESHOLD_SAM>0</SIGNATURE_THRESHOLD_SAM>
	</signature>
	<signature ID="20211202_124137044432_492">
		<MACROCLASSID>1</MACROCLASSID>
		<MACROCLASSINFO>waterbody</MACROCLASSINFO>
		<CLASSID>11</CLASSID>
		<CLASSINFO>C 1</CLASSINFO>
		<VALUES>[0.1017312877422395, 0.0008965341584410181, 0.12068326544327881, 0.0021247061154814756, 0.10613225010848763, 0.002186850691148861, 0.02684169704963094, 0.005119482825716508, 0.011149674522216026, 0.004700192217097151, 0.008168774379562888, 0.0037262710097766432]</VALUES>
		<LCS_MIN>[0.09268045425415039, 0.09758640080690384, 0.0861765593290329, 0.021333878859877586, 0.006363716907799244, 0.004681678954511881]</LCS_MIN>
		<LCS_MAX>[0.10347354412078857, 0.1232655793428421, 0.11429468542337418, 0.05413367226719856, 0.03650028631091118, 0.02980015240609646]</LCS_MAX>
		<WAVELENGTH>[0.48, 0.56, 0.655, 0.865, 1.61, 2.2]</WAVELENGTH>
		<MEAN_VALUE>[0.1017312877422395, 0.12068326544327881, 0.10613225010848763, 0.02684169704963094, 0.011149674522216026, 0.008168774379562888]</MEAN_VALUE>
		<CHECKBOX>2</CHECKBOX>
		<SD>[0.0008965341584410181, 0.0021247061154814756, 0.002186850691148861, 0.005119482825716508, 0.004700192217097151, 0.0037262710097766432]</SD>
		<WAVELENGTH_UNIT>E-6m</WAVELENGTH_UNIT>
		<COLOR>#378fbc</COLOR>
		<COVARIANCE_MATRIX>[[8.059458580549067e-07, 1.6924267686385404e-06, 1.4192266500078137e-06, -2.7106185228505193e-06, -1.91011861113169e-06, -1.4385846286961707e-06], [1.6924267686385404e-06, 4.526577093589111e-06, 3.539570022023715e-06, -7.395977396263028e-06, -5.8272278063054e-06, -4.1687040548746065e-06], [1.4192266500078137e-06, 3.539570022023715e-06, 4.79524112360893e-06, -2.7145742300336748e-06, -1.3319459308162156e-06, -4.4507946678045487e-07], [-2.7106185228505193e-06, -7.395977396263028e-06, -2.7145742300336748e-06, 2.6279939820111186e-05, 2.07978879143095e-05, 1.72661145935289e-05], [-1.91011861113169e-06, -5.8272278063054e-06, -1.3319459308162156e-06, 2.07978879143095e-05, 2.2151514463816442e-05, 1.5841381282145667e-05], [-1.4385846286961707e-06, -4.1687040548746065e-06, -4.4507946678045487e-07, 1.72661145935289e-05, 1.5841381282145667e-05, 1.3922622923810783e-05]]</COVARIANCE_MATRIX>
		<ROI_SIZE>371</ROI_SIZE>
		<MAX_VALUE>[0.10347354412078857, 0.1232655793428421, 0.11429468542337418, 0.05413367226719856, 0.03650028631091118, 0.02980015240609646]</MAX_VALUE>
		<MIN_VALUE>[0.09268045425415039, 0.09758640080690384, 0.0861765593290329, 0.021333878859877586, 0.006363716907799244, 0.004681678954511881]</MIN_VALUE>
		<SIGNATURE_THRESHOLD_MD>0</SIGNATURE_THRESHOLD_MD>
		<SIGNATURE_THRESHOLD_ML>0</SIGNATURE_THRESHOLD_ML>
		<SIGNATURE_THRESHOLD_SAM>0</SIGNATURE_THRESHOLD_SAM>
	</signature>
	<signature ID="20211202_124146759101_421">
		<MACROCLASSID>1</MACROCLASSID>
		<MACROCLASSINFO>waterbody</MACROCLASSINFO>
		<CLASSID>12</CLASSID>
		<CLASSINFO>C 1</CLASSINFO>
		<VALUES>[0.09369120123081429, 0.0015961978752996161, 0.08093224569808609, 0.002900890660060249, 0.0611297985784305, 0.004036141900259287, 0.03915808351291705, 0.007822401984877212, 0.02535013501467399, 0.007337904005551142, 0.018042383318434847, 0.006255047174497298]</VALUES>
		<LCS_MIN>[0.08990509808063507, 0.0705055445432663, 0.05320856720209122, 0.025679152458906174, 0.013232053257524967, 0.008662506006658077]</LCS_MIN>
		<LCS_MAX>[0.09977306425571442, 0.08743809163570404, 0.07855131477117538, 0.06083381548523903, 0.046788766980171204, 0.03919155150651932]</LCS_MAX>
		<WAVELENGTH>[0.48, 0.56, 0.655, 0.865, 1.61, 2.2]</WAVELENGTH>
		<MEAN_VALUE>[0.09369120123081429, 0.08093224569808609, 0.0611297985784305, 0.03915808351291705, 0.02535013501467399, 0.018042383318434847]</MEAN_VALUE>
		<CHECKBOX>2</CHECKBOX>
		<SD>[0.0015961978752996161, 0.002900890660060249, 0.004036141900259287, 0.007822401984877212, 0.007337904005551142, 0.006255047174497298]</SD>
		<WAVELENGTH_UNIT>E-6m</WAVELENGTH_UNIT>
		<COLOR>#9fcdc9</COLOR>
		<COVARIANCE_MATRIX>[[2.5677527169321994e-06, 1.0774243512199276e-06, 5.0824350317876165e-06, 7.014452919950072e-06, 8.107074607202105e-06, 7.4283600119235605e-06], [1.0774243512199276e-06, 8.480910110856194e-06, 2.342519044148728e-06, 8.352983368333322e-07, 1.1104896640147189e-06, 5.747715046543467e-07], [5.0824350317876165e-06, 2.342519044148728e-06, 1.641771051277109e-05, 2.3102589667866595e-05, 2.102775954852807e-05, 1.7483746880713053e-05], [7.014452919950072e-06, 8.352983368333322e-07, 2.3102589667866595e-05, 6.166801947561258e-05, 4.870925475900016e-05, 3.65014115714603e-05], [8.107074607202105e-06, 1.1104896640147189e-06, 2.102775954852807e-05, 4.870925475900016e-05, 5.426549796964192e-05, 4.4030378005317006e-05], [7.4283600119235605e-06, 5.747715046543467e-07, 1.7483746880713053e-05, 3.65014115714603e-05, 4.4030378005317006e-05, 3.943128402358653e-05]]</COVARIANCE_MATRIX>
		<ROI_SIZE>129</ROI_SIZE>
		<MAX_VALUE>[0.09977306425571442, 0.08743809163570404, 0.07855131477117538, 0.06083381548523903, 0.046788766980171204, 0.03919155150651932]</MAX_VALUE>
		<MIN_VALUE>[0.08990509808063507, 0.0705055445432663, 0.05320856720209122, 0.025679152458906174, 0.013232053257524967, 0.008662506006658077]</MIN_VALUE>
		<SIGNATURE_THRESHOLD_MD>0</SIGNATURE_THRESHOLD_MD>
		<SIGNATURE_THRESHOLD_ML>0</SIGNATURE_THRESHOLD_ML>
		<SIGNATURE_THRESHOLD_SAM>0</SIGNATURE_THRESHOLD_SAM>
	</signature>
	<signature ID="20211202_124155749977_774">
		<MACROCLASSID>1</MACROCLASSID>
		<MACROCLASSINFO>waterbody</MACROCLASSINFO>
		<CLASSID>13</CLASSID>
		<CLASSINFO>C 1</CLASSINFO>
		<VALUES>[0.09317946173250674, 0.0013972060963424718, 0.08379367254674436, 0.0023733905116983247, 0.06872819184015193, 0.004297884833727544, 0.04106796126191816, 0.008702291485772737, 0.025823061944295962, 0.005331572583039792, 0.01894678482785821, 0.004185689613127687]</VALUES>
		<LCS_MIN>[0.09046576172113419, 0.07712157815694809, 0.06122628226876259, 0.025679152458906174, 0.017549285665154457, 0.010708990506827831]</LCS_MIN>
		<LCS_MAX>[0.09929648041725159, 0.09116662293672562, 0.08194342255592346, 0.06402968615293503, 0.04412553459405899, 0.03350064530968666]</LCS_MAX>
		<WAVELENGTH>[0.48, 0.56, 0.655, 0.865, 1.61, 2.2]</WAVELENGTH>
		<MEAN_VALUE>[0.09317946173250674, 0.08379367254674436, 0.06872819184015193, 0.04106796126191816, 0.025823061944295962, 0.01894678482785821]</MEAN_VALUE>
		<CHECKBOX>2</CHECKBOX>
		<SD>[0.0013972060963424718, 0.0023733905116983247, 0.004297884833727544, 0.008702291485772737, 0.005331572583039792, 0.004185689613127687]</SD>
		<WAVELENGTH_UNIT>E-6m</WAVELENGTH_UNIT>
		<COLOR>#2bfcae</COLOR>
		<COVARIANCE_MATRIX>[[1.985272754904978e-06, 2.243709071423078e-06, 5.2780684387873285e-06, 7.554645264101613e-06, 5.08408383395777e-06, 4.110822986854163e-06], [2.243709071423078e-06, 5.7284568010369185e-06, 7.920175890743434e-06, 9.550692891893425e-06, 4.514355546652066e-06, 2.9931840455651027e-06], [5.2780684387873285e-06, 7.920175890743434e-06, 1.878489563795107e-05, 2.6180765384036782e-05, 1.2212917999939233e-05, 8.56604861442519e-06], [7.554645264101613e-06, 9.550692891893425e-06, 2.6180765384036782e-05, 7.701343434239257e-05, 3.747786771309273e-05, 2.5223962855884818e-05], [5.08408383395777e-06, 4.514355546652066e-06, 1.2212917999939233e-05, 3.747786771309273e-05, 2.8907457160903334e-05, 2.187461342477344e-05], [4.110822986854163e-06, 2.9931840455651027e-06, 8.56604861442519e-06, 2.5223962855884818e-05, 2.187461342477344e-05, 1.7816946648249156e-05]]</COVARIANCE_MATRIX>
		<ROI_SIZE>60</ROI_SIZE>
		<MAX_VALUE>[0.09929648041725159, 0.09116662293672562, 0.08194342255592346, 0.06402968615293503, 0.04412553459405899, 0.03350064530968666]</MAX_VALUE>
		<MIN_VALUE>[0.09046576172113419, 0.07712157815694809, 0.06122628226876259, 0.025679152458906174, 0.017549285665154457, 0.010708990506827831]</MIN_VALUE>
		<SIGNATURE_THRESHOLD_MD>0</SIGNATURE_THRESHOLD_MD>
		<SIGNATURE_THRESHOLD_ML>0</SIGNATURE_THRESHOLD_ML>
		<SIGNATURE_THRESHOLD_SAM>0</SIGNATURE_THRESHOLD_SAM>
	</signature>
	<signature ID="20211202_124209603946_722">
		<MACROCLASSID>1</MACROCLASSID>
		<MACROCLASSINFO>waterbody</MACROCLASSINFO>
		<CLASSID>14</CLASSID>
		<CLASSINFO>C 1</CLASSINFO>
		<VALUES>[0.10569588569077579, 0.0016266140591641677, 0.10690644451163032, 0.0027061950381482842, 0.11659156141633337, 0.004482840481707607, 0.1111109121279283, 0.012485738484072214, 0.04869635635986924, 0.015578022735484351, 0.03481760642237283, 0.010563590208981559]</VALUES>
		<LCS_MIN>[0.10145510733127594, 0.09803494811058044, 0.10165134072303772, 0.09105448424816132, 0.01724090985953808, 0.014829989522695541]</LCS_MIN>
		<LCS_MAX>[0.10944479703903198, 0.11367793381214142, 0.12707820534706116, 0.14658987522125244, 0.079672671854496, 0.05427384376525879]</LCS_MAX>
		<WAVELENGTH>[0.48, 0.56, 0.655, 0.865, 1.61, 2.2]</WAVELENGTH>
		<MEAN_VALUE>[0.10569588569077579, 0.10690644451163032, 0.11659156141633337, 0.1111109121279283, 0.04869635635986924, 0.03481760642237283]</MEAN_VALUE>
		<CHECKBOX>2</CHECKBOX>
		<SD>[0.0016266140591641677, 0.0027061950381482842, 0.004482840481707607, 0.012485738484072214, 0.015578022735484351, 0.010563590208981559]</SD>
		<WAVELENGTH_UNIT>E-6m</WAVELENGTH_UNIT>
		<COLOR>#00cd62</COLOR>
		<COVARIANCE_MATRIX>[[2.7074052346210135e-06, 3.287565945668574e-06, 5.466889478724537e-06, 3.817866697533022e-06, 8.180698800016958e-06, 6.222982015454211e-06], [3.287565945668574e-06, 7.493805342277426e-06, 1.2101179625581473e-05, 2.1706497105263464e-06, 2.240131828368565e-06, 2.955611145083259e-06], [5.466889478724537e-06, 1.2101179625581473e-05, 2.056320433756292e-05, 6.4414562618106585e-06, 4.998896516654681e-06, 4.740459705621484e-06], [3.817866697533022e-06, 2.1706497105263464e-06, 6.4414562618106585e-06, 0.00015951909957386608, 0.0001610039293096128, 9.796815233425339e-05], [8.180698800016958e-06, 2.240131828368565e-06, 4.998896516654681e-06, 0.0001610039293096128, 0.00024831839216929674, 0.00016450565602716115], [6.222982015454211e-06, 2.955611145083259e-06, 4.740459705621484e-06, 9.796815233425339e-05, 0.00016450565602716115, 0.0001141845413149955]]</COVARIANCE_MATRIX>
		<ROI_SIZE>44</ROI_SIZE>
		<MAX_VALUE>[0.10944479703903198, 0.11367793381214142, 0.12707820534706116, 0.14658987522125244, 0.079672671854496, 0.05427384376525879]</MAX_VALUE>
		<MIN_VALUE>[0.10145510733127594, 0.09803494811058044, 0.10165134072303772, 0.09105448424816132, 0.01724090985953808, 0.014829989522695541]</MIN_VALUE>
		<SIGNATURE_THRESHOLD_MD>0</SIGNATURE_THRESHOLD_MD>
		<SIGNATURE_THRESHOLD_ML>0</SIGNATURE_THRESHOLD_ML>
		<SIGNATURE_THRESHOLD_SAM>0</SIGNATURE_THRESHOLD_SAM>
	</signature>
	<signature ID="20211202_124223295330_235">
		<MACROCLASSID>1</MACROCLASSID>
		<MACROCLASSINFO>waterbody</MACROCLASSINFO>
		<CLASSID>15</CLASSID>
		<CLASSINFO>C 1</CLASSINFO>
		<VALUES>[0.09980584101705539, 0.0012272380226613822, 0.0866247443325247, 0.0023406819710348, 0.06924578075897514, 0.004569420095985477, 0.03345799414095524, 0.004389707914590403, 0.017826793221309863, 0.00407900420006891, 0.012524200637490235, 0.0032846003938895594]</VALUES>
		<LCS_MIN>[0.09750231355428696, 0.08031745254993439, 0.05971245467662811, 0.016876474022865295, 0.009531560353934765, 0.004177059978246689]</LCS_MIN>
		<LCS_MAX>[0.10588448494672775, 0.09887596219778061, 0.09197960793972015, 0.059291940182447433, 0.04454604908823967, 0.03473414480686188]</LCS_MAX>
		<WAVELENGTH>[0.48, 0.56, 0.655, 0.865, 1.61, 2.2]</WAVELENGTH>
		<MEAN_VALUE>[0.09980584101705539, 0.0866247443325247, 0.06924578075897514, 0.03345799414095524, 0.017826793221309863, 0.012524200637490235]</MEAN_VALUE>
		<CHECKBOX>2</CHECKBOX>
		<SD>[0.0012272380226613822, 0.0023406819710348, 0.004569420095985477, 0.004389707914590403, 0.00407900420006891, 0.0032846003938895594]</SD>
		<WAVELENGTH_UNIT>E-6m</WAVELENGTH_UNIT>
		<COLOR>#33e248</COLOR>
		<COVARIANCE_MATRIX>[[1.507090525177062e-06, 2.6445345364455217e-06, 5.184355244196335e-06, 3.8407486813323e-06, 2.321211842410683e-06, 1.8998195857567803e-06], [2.6445345364455217e-06, 5.482347438060443e-06, 1.0314873340945435e-05, 6.1585862050386845e-06, 3.2677030979422473e-06, 2.680869058935941e-06], [5.184355244196335e-06, 1.0314873340945435e-05, 2.089314939712178e-05, 1.4087838545317307e-05, 7.331819048602355e-06, 5.940789460108559e-06], [3.8407486813323e-06, 6.1585862050386845e-06, 1.4087838545317307e-05, 1.9282040141008403e-05, 1.3867099565423012e-05, 1.137477793977609e-05], [2.321211842410683e-06, 3.2677030979422473e-06, 7.331819048602355e-06, 1.3867099565423012e-05, 1.664907232794632e-05, 1.3167604735996987e-05], [1.8998195857567803e-06, 2.680869058935941e-06, 5.940789460108559e-06, 1.137477793977609e-05, 1.3167604735996987e-05, 1.0795600785662453e-05]]</COVARIANCE_MATRIX>
		<ROI_SIZE>1542</ROI_SIZE>
		<MAX_VALUE>[0.10588448494672775, 0.09887596219778061, 0.09197960793972015, 0.059291940182447433, 0.04454604908823967, 0.03473414480686188]</MAX_VALUE>
		<MIN_VALUE>[0.09750231355428696, 0.08031745254993439, 0.05971245467662811, 0.016876474022865295, 0.009531560353934765, 0.004177059978246689]</MIN_VALUE>
		<SIGNATURE_THRESHOLD_MD>0</SIGNATURE_THRESHOLD_MD>
		<SIGNATURE_THRESHOLD_ML>0</SIGNATURE_THRESHOLD_ML>
		<SIGNATURE_THRESHOLD_SAM>0</SIGNATURE_THRESHOLD_SAM>
	</signature>
	<signature ID="20211202_124241139708_129">
		<MACROCLASSID>1</MACROCLASSID>
		<MACROCLASSINFO>waterbody</MACROCLASSINFO>
		<CLASSID>16</CLASSID>
		<CLASSINFO>C 1</CLASSINFO>
		<VALUES>[0.09420193758877841, 0.0017728783944525662, 0.08731933412226763, 0.0024529133749103494, 0.07400827231732282, 0.004610661788661864, 0.04331713870845059, 0.008896632625786723, 0.03175998780537735, 0.010951959253370861, 0.0245083516294306, 0.009481223833526219]</VALUES>
		<LCS_MIN>[0.09141892194747925, 0.08295265585184097, 0.0640016570687294, 0.026211801916360855, 0.01575511507689953, 0.01146590244024992]</LCS_MIN>
