<?xml version="1.0" ?>
<signaturelist MCID_LIST="[['1', 'waterbody', '#000000'], ['2', 'vegetation', '#000000'], ['3', 'bareland', '#000000'], ['4', 'built-up', '#000000']]">
	<signature ID="20211202_123745975849_199">
		<MACROCLASSID>1</MACROCLASSID>
		<MACROCLASSINFO>waterbody</MACROCLASSINFO>
		<CLASSID>1</CLASSID>
		<CLASSINFO>C 1</CLASSINFO>
		<VALUES>[0.09338130392134189, 0.002269733311082768, 0.08028101101517678, 0.003220380576607133, 0.06070438753813504, 0.004430430530788087, 0.03810289713243645, 0.008617218864800375, 0.025608135014772413, 0.009046466977860898, 0.018304806264738238, 0.007123377611835061]</VALUES>
		<LCS_MIN>[0.08923226594924927, 0.07171101868152618, 0.050853706896305084, 0.020548926666378975, 0.006587991025298834, 0.0032239039428532124]</LCS_MIN>
		<LCS_MAX>[0.10282876342535019, 0.08942851424217224, 0.0763646587729454, 0.06231961026787758, 0.04776995629072189, 0.03734130039811134]</LCS_MAX>
		<WAVELENGTH>[0.48, 0.56, 0.655, 0.865, 1.61, 2.2]</WAVELENGTH>
		<MEAN_VALUE>[0.09338130392134189, 0.08028101101517678, 0.06070438753813504, 0.03810289713243645, 0.025608135014772413, 0.018304806264738238]</MEAN_VALUE>
		<CHECKBOX>2</CHECKBOX>
		<SD>[0.002269733311082768, 0.003220380576607133, 0.004430430530788087, 0.008617218864800375, 0.009046466977860898, 0.007123377611835061]</SD>
		<WAVELENGTH_UNIT>E-6m</WAVELENGTH_UNIT>
		<COLOR>#6700c3</COLOR>
		<COVARIANCE_MATRIX>[[5.239005986368284e-06, 4.533155788521981e-06, 8.251278813986573e-06, 1.4314192412712146e-05, 1.2095118108845782e-05, 1.0680672858143225e-05], [4.533155788521981e-06, 1.0546627891017124e-05, 6.539922651427332e-06, 1.1087161510658916e-05, 8.559721209167037e-06, 8.194272595574148e-06], [8.251278813986573e-06, 6.539922651427332e-06, 1.9961404177593067e-05, 3.226102126063779e-05, 2.6087489459314384e-05, 2.122704427165445e-05], [1.4314192412712146e-05, 1.1087161510658916e-05, 3.226102126063779e-05, 7.551504677394405e-05, 5.78154758841265e-05, 4.515146792982705e-05], [1.2095118108845782e-05, 8.559721209167037e-06, 2.6087489459314384e-05, 5.78154758841265e-05, 8.322565554408357e-05, 6.318189116427675e-05], [1.0680672858143225e-05, 8.194272595574148e-06, 2.122704427165445e-05, 4.515146792982705e-05, 6.318189116427675e-05, 5.16025502292905e-05]]</COVARIANCE_MATRIX>
		<ROI_SIZE>60</ROI_SIZE>
		<MAX_VALUE>[0.10282876342535019, 0.08942851424217224, 0.0763646587729454, 0.06231961026787758, 0.04776995629072189, 0.03734130039811134]</MAX_VALUE>
		<MIN_VALUE>[0.08923226594924927, 0.07171101868152618, 0.050853706896305084, 0.020548926666378975, 0.006587991025298834, 0.0032239039428532124]</MIN_VALUE>
		<SIGNATURE_THRESHOLD_MD>0.0</SIGNATURE_THRESHOLD_MD>
		<SIGNATURE_THRESHOLD_ML>0.0</SIGNATURE_THRESHOLD_ML>
		<SIGNATURE_THRESHOLD_SAM>0.0</SIGNATURE_THRESHOLD_SAM>
	</signature>
	<signature ID="20211202_123754142152_906">
		<MACROCLASSID>1</MACROCLASSID>
		<MACROCLASSINFO>waterbody</MACROCLASSINFO>
		<CLASSID>2</CLASSID>
		<CLASSINFO>C 1</CLASSINFO>
		<VALUES>[0.09357176290959428, 0.0016439017034551486, 0.0819055653878094, 0.0022794897867188958, 0.06625825086051654, 0.003797505565733101, 0.03959732155133153, 0.008137676405559464, 0.026131745024593835, 0.0069858317530537865, 0.019762242788967398, 0.006106577322754576]</VALUES>
		<LCS_MIN>[0.09077414125204086, 0.07569184899330139, 0.06002083048224449, 0.02654820680618286, 0.014381442219018936, 0.010905222967267036]</LCS_MIN>
		<LCS_MAX>[0.09825921803712845, 0.08729792386293411, 0.07751404494047165, 0.05777811259031296, 0.05018089711666107, 0.039107438176870346]</LCS_MAX>
		<WAVELENGTH>[0.48, 0.56, 0.655, 0.865, 1.61, 2.2]</WAVELENGTH>
		<MEAN_VALUE>[0.09357176290959428, 0.0819055653878094, 0.06625825086051654, 0.03959732155133153, 0.026131745024593835, 0.019762242788967398]</MEAN_VALUE>
		<CHECKBOX>2</CHECKBOX>
		<SD>[0.0016439017034551486, 0.0022794897867188958, 0.003797505565733101, 0.008137676405559464, 0.0069858317530537865, 0.006106577322754576]</SD>
		<WAVELENGTH_UNIT>E-6m</WAVELENGTH_UNIT>
		<COLOR>#1432ce</COLOR>
		<COVARIANCE_MATRIX>[[2.730562982833362e-06, 1.939468575073988e-06, 4.704665570898214e-06, 9.034822141984478e-06, 8.329962838615756e-06, 6.838622994109755e-06], [1.939468575073988e-06, 5.250199592410354e-06, 5.565088940784335e-06, 4.727209670818411e-06, 5.556184987653978e-06, 6.510713774332544e-06], [4.704665570898214e-06, 5.565088940784335e-06, 1.4571267456631176e-05, 2.0338209651526995e-05, 1.2143884305260144e-05, 1.1185741641384084e-05], [9.034822141984478e-06, 4.727209670818411e-06, 2.0338209651526995e-05, 6.691159069305286e-05, 3.715179263963364e-05, 2.7736115953302942e-05], [8.329962838615756e-06, 5.556184987653978e-06, 1.2143884305260144e-05, 3.715179263963364e-05, 4.931019793730229e-05, 4.0486826037522405e-05], [6.838622994109755e-06, 6.510713774332544e-06, 1.1185741641384084e-05, 2.7736115953302942e-05, 4.0486826037522405e-05, 3.7678728403989226e-05]]</COVARIANCE_MATRIX>
		<ROI_SIZE>97</ROI_SIZE>
		<MAX_VALUE>[0.09825921803712845, 0.08729792386293411, 0.07751404494047165, 0.05777811259031296, 0.05018089711666107, 0.039107438176870346]</MAX_VALUE>
		<MIN_VALUE>[0.09077414125204086, 0.07569184899330139, 0.06002083048224449, 0.02654820680618286, 0.014381442219018936, 0.010905222967267036]</MIN_VALUE>
		<SIGNATURE_THRESHOLD_MD>0.0</SIGNATURE_THRESHOLD_MD>
		<SIGNATURE_THRESHOLD_ML>0.0</SIGNATURE_THRESHOLD_ML>
		<SIGNATURE_THRESHOLD_SAM>0.0</SIGNATURE_THRESHOLD_SAM>
	</signature>
	<signature ID="20211202_123801806310_369">
		<MACROCLASSID>1</MACROCLASSID>
		<MACROCLASSINFO>waterbody</MACROCLASSINFO>
		<CLASSID>3</CLASSID>
		<CLASSINFO>C 1</CLASSINFO>
		<VALUES>[0.09250008581944232, 0.0024968099346676298, 0.08192808785528506, 0.004697812463353465, 0.06475593079373522, 0.005646964152814955, 0.04595832755121421, 0.01646981540857854, 0.029986343768267133, 0.012022347281238781, 0.022477987591388093, 0.008509850612164626]</VALUES>
		<LCS_MIN>[0.08923226594924927, 0.07406587898731232, 0.05455419048666954, 0.018166035413742065, 0.007849521934986115, 0.006363716907799244]</LCS_MIN>
		<LCS_MAX>[0.09904416650533676, 0.09200763702392578, 0.08087814599275589, 0.08216770738363266, 0.056404441595077515, 0.04053719341754913]</LCS_MAX>
		<WAVELENGTH>[0.48, 0.56, 0.655, 0.865, 1.61, 2.2]</WAVELENGTH>
		<MEAN_VALUE>[0.09250008581944232, 0.08192808785528506, 0.06475593079373522, 0.04595832755121421, 0.029986343768267133, 0.022477987591388093]</MEAN_VALUE>
		<CHECKBOX>2</CHECKBOX>
		<SD>[0.0024968099346676298, 0.004697812463353465, 0.005646964152814955, 0.01646981540857854, 0.012022347281238781, 0.008509850612164626]</SD>
		<WAVELENGTH_UNIT>E-6m</WAVELENGTH_UNIT>
		<COLOR>#d4c050</COLOR>
		<COVARIANCE_MATRIX>[[6.353945536829997e-06, 5.245510692475364e-06, 1.3238903193268925e-05, 2.855722232197877e-05, 1.7209733414347284e-05, 1.5489076758967713e-05], [5.245510692475364e-06, 2.249385397590231e-05, 1.3421036783256568e-05, 2.331265204702504e-05, 2.3446364139090292e-05, 1.8231985450256616e-05], [1.3238903193268925e-05, 1.3421036783256568e-05, 3.2501437090104446e-05, 6.814207881689072e-05, 4.832793274545111e-05, 4.024001464131288e-05], [2.855722232197877e-05, 2.331265204702504e-05, 6.814207881689072e-05, 0.0002764712553471327, 0.00015785613504704088, 0.00010854546417249367], [1.7209733414347284e-05, 2.3446364139090292e-05, 4.832793274545111e-05, 0.00015785613504704088, 0.00014731638657394797, 9.92117784335278e-05], [1.5489076758967713e-05, 1.8231985450256616e-05, 4.024001464131288e-05, 0.00010854546417249367, 9.92117784335278e-05, 7.38102025934495e-05]]</COVARIANCE_MATRIX>
		<ROI_SIZE>53</ROI_SIZE>
		<MAX_VALUE>[0.09904416650533676, 0.09200763702392578, 0.08087814599275589, 0.08216770738363266, 0.056404441595077515, 0.04053719341754913]</MAX_VALUE>
		<MIN_VALUE>[0.08923226594924927, 0.07406587898731232, 0.05455419048666954, 0.018166035413742065, 0.007849521934986115, 0.006363716907799244]</MIN_VALUE>
		<SIGNATURE_THRESHOLD_MD>0.0</SIGNATURE_THRESHOLD_MD>
		<SIGNATURE_THRESHOLD_ML>0.0</SIGNATURE_THRESHOLD_ML>
		<SIGNATURE_THRESHOLD_SAM>0.0</SIGNATURE_THRESHOLD_SAM>
	</signature>
	<signature ID="20211202_123816112417_875">
		<MACROCLASSID>1</MACROCLASSID>
		<MACROCLASSINFO>waterbody</MACROCLASSINFO>
		<CLASSID>4</CLASSID>
		<CLASSINFO>C 1</CLASSINFO>
		<VALUES>[0.11178680572104537, 0.002382532088780708, 0.1092061647247625, 0.0037048319068398072, 0.08126864002252607, 0.00730149471766758, 0.033488875227187895, 0.006024707125342939, 0.017384594311730492, 0.005688265365079971, 0.011225425029334015, 0.0037990472430149496]</VALUES>
		<LCS_MIN>[0.10832343250513077, 0.096661277115345, 0.07201939076185226, 0.027557434514164925, 0.012306926771998405, 0.007849521934986115]</LCS_MIN>
		<LCS_MAX>[0.11715415120124817, 0.11704201251268387, 0.100642129778862, 0.06405772268772125, 0.04673270881175995, 0.03089348040521145]</LCS_MAX>
		<WAVELENGTH>[0.48, 0.56, 0.655, 0.865, 1.61, 2.2]</WAVELENGTH>
		<MEAN_VALUE>[0.11178680572104537, 0.1092061647247625, 0.08126864002252607, 0.033488875227187895, 0.017384594311730492, 0.011225425029334015]</MEAN_VALUE>
		<CHECKBOX>2</CHECKBOX>
		<SD>[0.002382532088780708, 0.0037048319068398072, 0.00730149471766758, 0.006024707125342939, 0.005688265365079971, 0.0037990472430149496]</SD>
		<WAVELENGTH_UNIT>E-6m</WAVELENGTH_UNIT>
		<COLOR>#c816d4</COLOR>
		<COVARIANCE_MATRIX>[[4.351802544988459e-06, 6.430088433262426e-06, 1.2395794328767806e-05, 4.46479953097878e-06, 2.30932005251816e-06, 1.4164584172249306e-06], [6.430088433262426e-06, 1.1167952834512107e-05, 1.691641955403611e-05, 1.6574995242990553e-06, -1.7161119103548117e-06, -1.4474297813649173e-06], [1.2395794328767806e-05, 1.691641955403611e-05, 4.0197093767346814e-05, 2.0464318367885426e-05, 1.3745212527283002e-05, 8.852362043398898e-06], [4.46479953097878e-06, 1.6574995242990553e-06, 2.0464318367885426e-05, 3.028903665835969e-05, 2.6986434022546746e-05, 1.806575346563477e-05], [2.30932005251816e-06, -1.7161119103548117e-06, 1.3745212527283002e-05, 2.6986434022546746e-05, 2.7663523724186234e-05, 1.854950824053958e-05], [1.4164584172249306e-06, -1.4474297813649173e-06, 8.852362043398898e-06, 1.806575346563477e-05, 1.854950824053958e-05, 1.267588868358871e-05]]</COVARIANCE_MATRIX>
		<ROI_SIZE>3658</ROI_SIZE>
		<MAX_VALUE>[0.11715415120124817, 0.11704201251268387, 0.100642129778862, 0.06405772268772125, 0.04673270881175995, 0.03089348040521145]</MAX_VALUE>
		<MIN_VALUE>[0.10832343250513077, 0.096661277115345, 0.07201939076185226, 0.027557434514164925, 0.012306926771998405, 0.007849521934986115]</MIN_VALUE>
		<SIGNATURE_THRESHOLD_MD>0.0</SIGNATURE_THRESHOLD_MD>
		<SIGNATURE_THRESHOLD_ML>0.0</SIGNATURE_THRESHOLD_ML>
		<SIGNATURE_THRESHOLD_SAM>0.0</SIGNATURE_THRESHOLD_SAM>
	</signature>
	<signature ID="20211202_123821341716_317">
		<MACROCLASSID>1</MACROCLASSID>
		<MACROCLASSINFO>waterbody</MACROCLASSINFO>
		<CLASSID>5</CLASSID>
		<CLASSINFO>C 1</CLASSINFO>
		<VALUES>[0.10301501284474912, 0.0019868578681843966, 0.0878113124033679, 0.002225549575042353, 0.06758025836037555, 0.005216152473094238, 0.04339860280894713, 0.007394907802337819, 0.03002247580367586, 0.00804898283431609, 0.022819196813456396, 0.006716034464152671]</VALUES>
		<LCS_MIN>[0.09918434172868729, 0.08427024632692337, 0.05674084648489952, 0.03111775405704975, 0.019539710134267807, 0.01326008327305317]</LCS_MIN>
		<LCS_MAX>[0.10919249802827835, 0.0952315405011177, 0.0824199989438057, 0.06439412385225296, 0.053516943007707596, 0.042303331196308136]</LCS_MAX>
		<WAVELENGTH>[0.48, 0.56, 0.655, 0.865, 1.61, 2.2]</WAVELENGTH>
		<MEAN_VALUE>[0.10301501284474912, 0.0878113124033679, 0.06758025836037555, 0.04339860280894713, 0.03002247580367586, 0.022819196813456396]</MEAN_VALUE>
		<CHECKBOX>2</CHECKBOX>
		<SD>[0.0019868578681843966, 0.002225549575042353, 0.005216152473094238, 0.007394907802337819, 0.00804898283431609, 0.006716034464152671]</SD>
		<WAVELENGTH_UNIT>E-6m</WAVELENGTH_UNIT>
		<COLOR>#7bbbe8</COLOR>
		<COVARIANCE_MATRIX>[[3.982232101407135e-06, 3.4373788366792724e-06, 8.723167411517352e-06, 1.2940113265358377e-05, 1.1616151823545806e-05, 1.0201628356298897e-05], [3.4373788366792724e-06, 4.99651878271834e-06, 9.166103154711891e-06, 1.3387783837970346e-05, 1.5505278497585095e-05, 1.3379296433413401e-05], [8.723167411517352e-06, 9.166103154711891e-06, 2.7446914828033186e-05, 3.104772258666344e-05, 3.066263525397517e-05, 2.6576508389553055e-05], [1.2940113265358377e-05, 1.3387783837970346e-05, 3.104772258666344e-05, 5.516434976016171e-05, 4.9309943278785795e-05, 4.1212209907826036e-05], [1.1616151823545806e-05, 1.5505278497585095e-05, 3.066263525397517e-05, 4.9309943278785795e-05, 6.535442662425339e-05, 5.298839823808521e-05], [1.0201628356298897e-05, 1.3379296433413401e-05, 2.6576508389553055e-05, 4.1212209907826036e-05, 5.298839823808521e-05, 4.550077937892638e-05]]</COVARIANCE_MATRIX>
		<ROI_SIZE>115</ROI_SIZE>
		<MAX_VALUE>[0.10919249802827835, 0.0952315405011177, 0.0824199989438057, 0.06439412385225296, 0.053516943007707596, 0.042303331196308136]</MAX_VALUE>
		<MIN_VALUE>[0.09918434172868729, 0.08427024632692337, 0.05674084648489952, 0.03111775405704975, 0.019539710134267807, 0.01326008327305317]</MIN_VALUE>
		<SIGNATURE_THRESHOLD_MD>0.0</SIGNATURE_THRESHOLD_MD>
		<SIGNATURE_THRESHOLD_ML>0.0</SIGNATURE_THRESHOLD_ML>
		<SIGNATURE_THRESHOLD_SAM>0.0</SIGNATURE_THRESHOLD_SAM>
	</signature>
	<signature ID="20211202_123914642439_545">
		<MACROCLASSID>1</MACROCLASSID>
		<MACROCLASSINFO>waterbody</MACROCLASSINFO>
		<CLASSID>6</CLASSID>
		<CLASSINFO>C 1</CLASSINFO>
		<VALUES>[0.10012616239590187, 0.002651627015603295, 0.08820149040521544, 0.00540442684925943, 0.07201749031606342, 0.007892661698994647, 0.037258483631085616, 0.005429008601998862, 0.016739093205257915, 0.003752051232909327, 0.011832269804220506, 0.003243120325822422]</VALUES>
		<LCS_MIN>[0.09604452550411224, 0.07995301485061646, 0.06032920628786087, 0.029239472001791, 0.013316154479980469, 0.009195154532790184]</LCS_MIN>
		<LCS_MAX>[0.10823934525251389, 0.10333339124917984, 0.09514745324850082, 0.06195517256855965, 0.04241545498371124, 0.03369688615202904]</LCS_MAX>
		<WAVELENGTH>[0.48, 0.56, 0.655, 0.865, 1.61, 2.2]</WAVELENGTH>
		<MEAN_VALUE>[0.10012616239590187, 0.08820149040521544, 0.07201749031606342, 0.037258483631085616, 0.016739093205257915, 0.011832269804220506]</MEAN_VALUE>
		<CHECKBOX>2</CHECKBOX>
		<SD>[0.002651627015603295, 0.00540442684925943, 0.007892661698994647, 0.005429008601998862, 0.003752051232909327, 0.003243120325822422]</SD>
		<WAVELENGTH_UNIT>E-6m</WAVELENGTH_UNIT>
		<COLOR>#977c78</COLOR>
		<COVARIANCE_MATRIX>[[7.03755267750239e-06, 1.4161556464387104e-05, 2.0787705580005422e-05, 1.2234996574989054e-05, 1.4508046888295212e-06, 1.6904700714803766e-06], [1.4161556464387104e-05, 2.923452848335728e-05, 4.2244315409334376e-05, 2.336733632546384e-05, 1.3576718629337847e-06, 2.083455001411494e-06], [2.0787705580005422e-05, 4.2244315409334376e-05, 6.235104956431314e-05, 3.6744742828886956e-05, 4.118958713661414e-06, 4.8947294999379665e-06], [1.2234996574989054e-05, 2.336733632546384e-05, 3.6744742828886956e-05, 2.9501075914595276e-05, 1.1275018550804816e-05, 1.051982235367177e-05], [1.4508046888295212e-06, 1.3576718629337847e-06, 4.118958713661414e-06, 1.1275018550804816e-05, 1.409075684932759e-05, 1.202590465254616e-05], [1.6904700714803766e-06, 2.083455001411494e-06, 4.8947294999379665e-06, 1.051982235367177e-05, 1.202590465254616e-05, 1.0527443919272628e-05]]</COVARIANCE_MATRIX>
		<ROI_SIZE>1095</ROI_SIZE>
		<MAX_VALUE>[0.10823934525251389, 0.10333339124917984, 0.09514745324850082, 0.06195517256855965, 0.04241545498371124, 0.03369688615202904]</MAX_VALUE>
		<MIN_VALUE>[0.09604452550411224, 0.07995301485061646, 0.06032920628786087, 0.029239472001791, 0.013316154479980469, 0.009195154532790184]</MIN_VALUE>
		<SIGNATURE_THRESHOLD_MD>0.0</SIGNATURE_THRESHOLD_MD>
		<SIGNATURE_THRESHOLD_ML>0.0</SIGNATURE_THRESHOLD_ML>
		<SIGNATURE_THRESHOLD_SAM>0.0</SIGNATURE_THRESHOLD_SAM>
	</signature>
	<signature ID="20211202_123920115628_727">
		<MACROCLASSID>1</MACROCLASSID>
		<MACROCLASSINFO>waterbody</MACROCLASSINFO>
		<CLASSID>7</CLASSID>
		<CLASSINFO>C 1</CLASSINFO>
		<VALUES>[0.0948961391501387, 0.001036504835138404, 0.0811999092545879, 0.0019218183655425132, 0.05599252864286319, 0.003431818389802498, 0.02916169241663169, 0.003964492632716486, 0.016508988526425863, 0.005000161063041461, 0.011553340025204337, 0.004427453589466071]</VALUES>
		<LCS_MIN>[0.0932411402463913, 0.07751404494047165, 0.050937797874212265, 0.02551095001399517, 0.012503170408308506, 0.007989684119820595]</LCS_MIN>
		<LCS_MAX>[0.10058604180812836, 0.08945655077695847, 0.0726080909371376, 0.054526157677173615, 0.042807940393686295, 0.03697686269879341]</LCS_MAX>
		<WAVELENGTH>[0.48, 0.56, 0.655, 0.865, 1.61, 2.2]</WAVELENGTH>
		<MEAN_VALUE>[0.0948961391501387, 0.0811999092545879, 0.05599252864286319, 0.02916169241663169, 0.016508988526425863, 0.011553340025204337]</MEAN_VALUE>
		<CHECKBOX>2</CHECKBOX>
		<SD>[0.001036504835138404, 0.0019218183655425132, 0.003431818389802498, 0.003964492632716486, 0.005000161063041461, 0.004427453589466071]</SD>
		<WAVELENGTH_UNIT>E-6m</WAVELENGTH_UNIT>
		<COLOR>#9454b1</COLOR>
		<COVARIANCE_MATRIX>[[1.0753482229119982e-06, 1.8483523263057577e-06, 3.294380576335243e-06, 3.439498414081754e-06, 4.06653452955652e-06, 3.621963742261869e-06], [1.8483523263057577e-06, 3.696844032674562e-06, 6.1479054238589015e-06, 5.857815267518163e-06, 6.726878837071126e-06, 5.9494618653843645e-06], [3.294380576335243e-06, 6.1479054238589015e-06, 1.1788404663093388e-05, 1.1399068171158433e-05, 1.2850198800151702e-05, 1.137131403083913e-05], [3.439498414081754e-06, 5.857815267518163e-06, 1.1399068171158433e-05, 1.57319191202987e-05, 1.8180846382165328e-05, 1.6007654267014004e-05], [4.06653452955652e-06, 6.726878837071126e-06, 1.2850198800151702e-05, 1.8180846382165328e-05, 2.5025019567692652e-05, 2.1971287424094044e-05], [3.621963742261869e-06, 5.9494618653843645e-06, 1.137131403083913e-05, 1.6007654267014004e-05, 2.1971287424094044e-05, 1.9620700186351314e-05]]</COVARIANCE_MATRIX>
		<ROI_SIZE>1069</ROI_SIZE>
		<MAX_VALUE>[0.10058604180812836, 0.08945655077695847, 0.0726080909371376, 0.054526157677173615, 0.042807940393686295, 0.03697686269879341]</MAX_VALUE>
		<MIN_VALUE>[0.0932411402463913, 0.07751404494047165, 0.050937797874212265, 0.02551095001399517, 0.012503170408308506, 0.007989684119820595]</MIN_VALUE>
		<SIGNATURE_THRESHOLD_MD>0.0</SIGNATURE_THRESHOLD_MD>
		<SIGNATURE_THRESHOLD_ML>0.0</SIGNATURE_THRESHOLD_ML>
		<SIGNATURE_THRESHOLD_SAM>0.0</SIGNATURE_THRESHOLD_SAM>
	</signature>
	<signature ID="20211202_124018135449_610">
		<MACROCLASSID>1</MACROCLASSID>
		<MACROCLASSINFO>waterbody</MACROCLASSINFO>
		<CLASSID>8</CLASSID>
		<CLASSINFO>C 1</CLASSINFO>
		<VALUES>[0.08712597511196574, 0.0010180595440563594, 0.06918500391850964, 0.001807885014942979, 0.047883295841833956, 0.0018886236967873044, 0.03013903537013805, 0.005812504827652169, 0.017950346292360142, 0.004861276227320384, 0.012064657385440493, 0.0033954720738415918]</VALUES>
		<LCS_MIN>[0.08438239246606827, 0.06313259154558182, 0.04306023567914963, 0.0207451693713665, 0.010652919299900532, 0.008578404784202576]</LCS_MIN>
		<LCS_MAX>[0.09178337454795837, 0.07656089216470718, 0.05962834507226944, 0.056600674986839294, 0.04395733028650284, 0.034257568418979645]</LCS_MAX>
		<WAVELENGTH>[0.48, 0.56, 0.655, 0.865, 1.61, 2.2]</WAVELENGTH>
		<MEAN_VALUE>[0.08712597511196574, 0.06918500391850964, 0.047883295841833956, 0.03013903537013805, 0.017950346292360142, 0.012064657385440493]</MEAN_VALUE>
		<CHECKBOX>2</CHECKBOX>
		<SD>[0.0010180595440563594, 0.001807885014942979, 0.0018886236967873044, 0.005812504827652169, 0.004861276227320384, 0.0033954720738415918]</SD>
		<WAVELENGTH_UNIT>E-6m</WAVELENGTH_UNIT>
		<COLOR>#de1d68</COLOR>
		<COVARIANCE_MATRIX>[[1.0377913213233114e-06, 1.7447052869101753e-06, 1.6348394638043828e-06, 1.4496215499093523e-06, 1.020375293592224e-06, 6.783816388633568e-07], [1.7447052869101753e-06, 3.272692993050441e-06, 2.768295871646842e-06, 2.1358962385420455e-06, 1.3716901321458863e-06, 1.0285132248100126e-06], [1.6348394638043828e-06, 2.768295871646842e-06, 3.571531806301209e-06, 6.291390036494704e-06, 5.06301785208052e-06, 3.3029766655090498e-06], [1.4496215499093523e-06, 2.1358962385420455e-06, 6.291390036494704e-06, 3.382908835192211e-05, 2.6408941266709007e-05, 1.7469916201662272e-05], [1.020375293592224e-06, 1.3716901321458863e-06, 5.06301785208052e-06, 2.6408941266709007e-05, 2.3662698367843404e-05, 1.577052171342075e-05], [6.783816388633568e-07, 1.0285132248100126e-06, 3.3029766655090498e-06, 1.7469916201662272e-05, 1.577052171342075e-05, 1.1544203516677953e-05]]</COVARIANCE_MATRIX>
		<ROI_SIZE>771</ROI_SIZE>
		<MAX_VALUE>[0.09178337454795837, 0.07656089216470718, 0.05962834507226944, 0.056600674986839294, 0.04395733028650284, 0.034257568418979645]</MAX_VALUE>
		<MIN_VALUE>[0.08438239246606827, 0.06313259154558182, 0.04306023567914963, 0.0207451693713665, 0.010652919299900532, 0.008578404784202576]</MIN_VALUE>
		<SIGNATURE_THRESHOLD_MD>0.0</SIGNATURE_THRESHOLD_MD>
		<SIGNATURE_THRESHOLD_ML>0.0</SIGNATURE_THRESHOLD_ML>
		<SIGNATURE_THRESHOLD_SAM>0.0</SIGNATURE_THRESHOLD_SAM>
	</signature>
	<signature ID="20211202_124117750492_232">
		<MACROCLASSID>1</MACROCLASSID>
		<MACROCLASSINFO>waterbody</MACROCLASSINFO>
		<CLASSID>9</CLASSID>
		<CLASSINFO>C 1</CLASSINFO>
		<VALUES>[0.09212035393899247, 0.0018723281895273397, 0.08333645876228192, 0.0038653385489725686, 0.06861484058431744, 0.005075199201593672, 0.0432142866871406, 0.010366684869508406, 0.028690065842928353, 0.008281043267775283, 0.021545148348992627, 0.006254116517286513]</VALUES>
		<LCS_MIN>[0.08853141963481903, 0.07409390807151794, 0.05926390737295151, 0.027024785056710243, 0.016596129164099693, 0.012839576229453087]</LCS_MIN>
		<LCS_MAX>[0.09764248877763748, 0.0921478122472763, 0.07970070093870163, 0.067533940076828, 0.05051730200648308, 0.0399484746158123]</LCS_MAX>
		<WAVELENGTH>[0.48, 0.56, 0.655, 0.865, 1.61, 2.2]</WAVELENGTH>
		<MEAN_VALUE>[0.09212035393899247, 0.08333645876228192, 0.06861484058431744, 0.0432142866871406, 0.028690065842928353, 0.021545148348992627]</MEAN_VALUE>
		<CHECKBOX>2</CHECKBOX>
		<SD>[0.0018723281895273397, 0.0038653385489725686, 0.005075199201593672, 0.010366684869508406, 0.008281043267775283, 0.006254116517286513]</SD>
		<WAVELENGTH_UNIT>E-6m</WAVELENGTH_UNIT>
		<COLOR>#b5af12</COLOR>
		<COVARIANCE_MATRIX>[[3.542129661582294e-06, 2.7906251034437446e-06, 6.954198397579603e-06, 1.0773130270536058e-05, 6.291874797170749e-06, 5.688989404006861e-06], [2.7906251034437446e-06, 1.5096476090548094e-05, 1.5750947568449192e-05, 5.497086476680124e-06, 8.056828846747521e-06, 7.604525762872072e-06], [6.954198397579603e-06, 1.5750947568449192e-05, 2.602595486678183e-05, 2.848381336661987e-05, 1.6535805116291158e-05, 1.4447206922341138e-05], [1.0773130270536058e-05, 5.497086476680124e-06, 2.848381336661987e-05, 0.00010858761379495263, 6.61633675917983e-05, 4.864576112595387e-05], [6.291874797170749e-06, 8.056828846747521e-06, 1.6535805116291158e-05, 6.61633675917983e-05, 6.929000664968044e-05, 5.1197301218053326e-05], [5.688989404006861e-06, 7.604525762872072e-06, 1.4447206922341138e-05, 4.864576112595387e-05, 5.1197301218053326e-05, 3.952141196350567e-05]]</COVARIANCE_MATRIX>
		<ROI_SIZE>97</ROI_SIZE>
		<MAX_VALUE>[0.09764248877763748, 0.0921478122472763, 0.07970070093870163, 0.067533940076828, 0.05051730200648308, 0.0399484746158123]</MAX_VALUE>
		<MIN_VALUE>[0.08853141963481903, 0.07409390807151794, 0.05926390737295151, 0.027024785056710243, 0.016596129164099693, 0.012839576229453087]</MIN_VALUE>
		<SIGNATURE_THRESHOLD_MD>0.0</SIGNATURE_THRESHOLD_MD>
		<SIGNATURE_THRESHOLD_ML>0.0</SIGNATURE_THRESHOLD_ML>
		<SIGNATURE_THRESHOLD_SAM>0.0</SIGNATURE_THRESHOLD_SAM>
	</signature>
	<signature ID="20211202_124127398768_132">
		<MACROCLASSID>1</MACROCLASSID>
		<MACROCLASSINFO>waterbody</MACROCLASSINFO>
		<CLASSID>10</CLASSID>
		<CLASSINFO>C 1</CLASSINFO>
		<VALUES>[0.09304675572069296, 0.0019232823119420931, 0.0853382448205747, 0.0036948345956879874, 0.06904862304947458, 0.005896235372120639, 0.04190071814704731, 0.011041679884460958, 0.029703893350908554, 0.010947086907636324, 0.02273879142433225, 0.009052494668381931]</VALUES>
		<LCS_MIN>[0.0893724337220192, 0.07423408329486847, 0.05912373587489128, 0.024361560121178627, 0.012222825549542904, 0.012503170408308506]</LCS_MIN>
		<LCS_MAX>[0.09893205016851425, 0.09472693502902985, 0.08774647116661072, 0.0760282501578331, 0.059796545654535294, 0.04973234981298447]</LCS_MAX>
		<WAVELENGTH>[0.48, 0.56, 0.655, 0.865, 1.61, 2.2]</WAVELENGTH>
		<MEAN_VALUE>[0.09304675572069296, 0.0853382448205747, 0.06904862304947458, 0.04190071814704731, 0.029703893350908554, 0.02273879142433225]</MEAN_VALUE>
		<CHECKBOX>2</CHECKBOX>
		<SD>[0.0019232823119420931, 0.0036948345956879874, 0.005896235372120639, 0.011041679884460958, 0.010947086907636324, 0.009052494668381931]</SD>
		<WAVELENGTH_UNIT>E-6m</WAVELENGTH_UNIT>
		<COLOR>#f7c4b0</COLOR>
		<COVARIANCE_MATRIX>[[3.721433131431695e-06, 4.527805685938802e-06, 1.0120106708200183e-05, 1.80870065378258e-05, 1.7306920199189335e-05, 1.4479278434009757e-05], [4.527805685938802e-06, 1.3734540516452398e-05, 1.5186229575192556e-05, 2.1824314899276942e-05, 2.288330506416969e-05, 1.9062834326177835e-05], [1.0120106708200183e-05, 1.5186229575192556e-05, 3.497629222692922e-05, 5.5008273193379864e-05, 4.692302900366485e-05, 3.85226849175524e-05], [1.80870065378258e-05, 2.1824314899276942e-05, 5.5008273193379864e-05, 0.00012265759869478643, 0.00011006886779796332, 8.956386591307819e-05], [1.7306920199189335e-05, 2.288330506416969e-05, 4.692302900366485e-05, 0.00011006886779796332, 0.00012056500418111682, 9.86107625067234e-05], [1.4479278434009757e-05, 1.9062834326177835e-05, 3.85226849175524e-05, 8.956386591307819e-05, 9.86107625067234e-05, 8.244431228376925e-05]]</COVARIANCE_MATRIX>
		<ROI_SIZE>166</ROI_SIZE>
		<MAX_VALUE>[0.09893205016851425, 0.09472693502902985, 0.08774647116661072, 0.0760282501578331, 0.059796545654535294, 0.04973234981298447]</MAX_VALUE>
		<MIN_VALUE>[0.0893724337220192, 0.07423408329486847, 0.05912373587489128, 0.024361560121178627, 0.012222825549542904, 0.012503170408308506]</MIN_VALUE>
		<SIGNATURE_THRESHOLD_MD>0.0</SIGNATURE_THRESHOLD_MD>
		<SIGNATURE_THRESHOLD_ML>0.0</SIGNATURE_THRESHOLD_ML>
		<SIGNATURE_THRESHOLD_SAM>0.0</SIGNATURE_THRESHOLD_SAM>
	</signature>
	<signature ID="20211202_124137044432_492">
		<MACROCLASSID>1</MACROCLASSID>
		<MACROCLASSINFO>waterbody</MACROCLASSINFO>
		<CLASSID>11</CLASSID>
		<CLASSINFO>C 1</CLASSINFO>
		<VALUES>[0.1017312877422395, 0.0008965341584410181, 0.12068326544327881, 0.0021247061154814756, 0.10613225010848763, 0.002186850691148861, 0.02684169704963094, 0.005119482825716508, 0.011149674522216026, 0.004700192217097151, 0.008168774379562888, 0.0037262710097766432]</VALUES>
		<LCS_MIN>[0.09268045425415039, 0.09758640080690384, 0.0861765593290329, 0.021333878859877586, 0.006363716907799244, 0.004681678954511881]</LCS_MIN>
		<LCS_MAX>[0.10347354412078857, 0.1232655793428421, 0.11429468542337418, 0.05413367226719856, 0.03650028631091118, 0.02980015240609646]</LCS_MAX>
		<WAVELENGTH>[0.48, 0.56, 0.655, 0.865, 1.61, 2.2]</WAVELENGTH>
		<MEAN_VALUE>[0.1017312877422395, 0.12068326544327881, 0.10613225010848763, 0.02684169704963094, 0.011149674522216026, 0.008168774379562888]</MEAN_VALUE>
		<CHECKBOX>2</CHECKBOX>
		<SD>[0.0008965341584410181, 0.0021247061154814756, 0.002186850691148861, 0.005119482825716508, 0.004700192217097151, 0.0037262710097766432]</SD>
		<WAVELENGTH_UNIT>E-6m</WAVELENGTH_UNIT>
		<COLOR>#378fbc</COLOR>
		<COVARIANCE_MATRIX>[[8.059458309617185e-07, 1.6924267356444034e-06, 1.419226691723452e-06, -2.710618446144508e-06, -1.9101184989267495e-06, -1.4385846043296624e-06], [1.6924267356444034e-06, 4.526576958596706e-06, 3.5395701161178295e-06, -7.395977263513487e-06, -5.8272275964554865e-06, -4.168703981122235e-06], [1.419226691723452e-06, 3.5395701161178295e-06, 4.7952412387530785e-06, -2.7145742933498695e-06, -1.3319458957994357e-06, -4.4507947905003675e-07], [-2.710618446144508e-06, -7.395977263513487e-06, -2.7145742933498695e-06, 2.627994035719894e-05, 2.0797888282686472e-05, 1.726611480989959e-05], [-1.9101184989267495e-06, -5.8272275964554865e-06, -1.3319458957994357e-06, 2.0797888282686472e-05, 2.215151471318677e-05, 1.5841380445635878e-05], [-1.4385846043296624e-06, -4.168703981122235e-06, -4.4507947905003675e-07, 1.726611480989959e-05, 1.5841380445635878e-05, 1.3922623111284338e-05]]</COVARIANCE_MATRIX>
		<ROI_SIZE>371</ROI_SIZE>
		<MAX_VALUE>[0.10347354412078857, 0.1232655793428421, 0.11429468542337418, 0.05413367226719856, 0.03650028631091118, 0.02980015240609646]</MAX_VALUE>
		<MIN_VALUE>[0.09268045425415039, 0.09758640080690384, 0.0861765593290329, 0.021333878859877586, 0.006363716907799244, 0.004681678954511881]</MIN_VALUE>
		<SIGNATURE_THRESHOLD_MD>0.0</SIGNATURE_THRESHOLD_MD>
		<SIGNATURE_THRESHOLD_ML>0.0</SIGNATURE_THRESHOLD_ML>
		<SIGNATURE_THRESHOLD_SAM>0.0</SIGNATURE_THRESHOLD_SAM>
	</signature>
	<signature ID="20211202_124146759101_421">
		<MACROCLASSID>1</MACROCLASSID>
		<MACROCLASSINFO>waterbody</MACROCLASSINFO>
		<CLASSID>12</CLASSID>
		<CLASSINFO>C 1</CLASSINFO>
		<VALUES>[0.09369120123081429, 0.0015961978752996161, 0.08093224569808609, 0.002900890660060249, 0.0611297985784305, 0.004036141900259287, 0.03915808351291705, 0.007822401984877212, 0.02535013501467399, 0.007337904005551142, 0.018042383318434847, 0.006255047174497298]</VALUES>
		<LCS_MIN>[0.08990509808063507, 0.0705055445432663, 0.05320856720209122, 0.025679152458906174, 0.013232053257524967, 0.008662506006658077]</LCS_MIN>
		<LCS_MAX>[0.09977306425571442, 0.08743809163570404, 0.07855131477117538, 0.06083381548523903, 0.046788766980171204, 0.03919155150651932]</LCS_MAX>
		<WAVELENGTH>[0.48, 0.56, 0.655, 0.865, 1.61, 2.2]</WAVELENGTH>
		<MEAN_VALUE>[0.09369120123081429, 0.08093224569808609, 0.0611297985784305, 0.03915808351291705, 0.02535013501467399, 0.018042383318434847]</MEAN_VALUE>
		<CHECKBOX>2</CHECKBOX>
		<SD>[0.0015961978752996161, 0.002900890660060249, 0.004036141900259287, 0.007822401984877212, 0.007337904005551142, 0.006255047174497298]</SD>
		<WAVELENGTH_UNIT>E-6m</WAVELENGTH_UNIT>
		<COLOR>#9fcdc9</COLOR>
		<COVARIANCE_MATRIX>[[2.567752744653262e-06, 1.0774243719424703e-06, 5.082435109216021e-06, 7.01445287631941e-06, 8.107074791041669e-06, 7.428359822370112e-06], [1.0774243719424703e-06, 8.480909855279606e-06, 2.342519110243302e-06, 8.352983513759682e-07, 1.1104896202596137e-06, 5.74771490846615e-07], [5.082435109216021e-06, 2.342519110243302e-06, 1.641771086724475e-05, 2.3102589693735354e-05, 2.1027759430580772e-05, 1.748374597809743e-05], [7.01445287631941e-06, 8.352983513759682e-07, 2.3102589693735354e-05, 6.166801904328167e-05, 4.870925477007404e-05, 3.650141297839582e-05], [8.107074791041669e-06, 1.1104896202596137e-06, 2.1027759430580772e-05, 4.870925477007404e-05, 5.4265499784378335e-05, 4.4030377466697246e-05], [7.428359822370112e-06, 5.74771490846615e-07, 1.748374597809743e-05, 3.650141297839582e-05, 4.4030377466697246e-05, 3.943128467653878e-05]]</COVARIANCE_MATRIX>
		<ROI_SIZE>129</ROI_SIZE>
		<MAX_VALUE>[0.09977306425571442, 0.08743809163570404, 0.07855131477117538, 0.06083381548523903, 0.046788766980171204, 0.03919155150651932]</MAX_VALUE>
		<MIN_VALUE>[0.08990509808063507, 0.0705055445432663, 0.05320856720209122, 0.025679152458906174, 0.013232053257524967, 0.008662506006658077]</MIN_VALUE>
		<SIGNATURE_THRESHOLD_MD>0.0</SIGNATURE_THRESHOLD_MD>
		<SIGNATURE_THRESHOLD_ML>0.0</SIGNATURE_THRESHOLD_ML>
		<SIGNATURE_THRESHOLD_SAM>0.0</SIGNATURE_THRESHOLD_SAM>
	</signature>
	<signature ID="20211202_124155749977_774">
		<MACROCLASSID>1</MACROCLASSID>
		<MACROCLASSINFO>waterbody</MACROCLASSINFO>
		<CLASSID>13</CLASSID>
		<CLASSINFO>C 1</CLASSINFO>
		<VALUES>[0.09317946173250674, 0.0013972060963424718, 0.08379367254674436, 0.0023733905116983247, 0.06872819184015193, 0.004297884833727544, 0.04106796126191816, 0.008702291485772737, 0.025823061944295962, 0.005331572583039792, 0.01894678482785821, 0.004185689613127687]</VALUES>
		<LCS_MIN>[0.09046576172113419, 0.07712157815694809, 0.06122628226876259, 0.025679152458906174, 0.017549285665154457, 0.010708990506827831]</LCS_MIN>
		<LCS_MAX>[0.09929648041725159, 0.09116662293672562, 0.08194342255592346, 0.06402968615293503, 0.04412553459405899, 0.03350064530968666]</LCS_MAX>
		<WAVELENGTH>[0.48, 0.56, 0.655, 0.865, 1.61, 2.2]</WAVELENGTH>
		<MEAN_VALUE>[0.09317946173250674, 0.08379367254674436, 0.06872819184015193, 0.04106796126191816, 0.025823061944295962, 0.01894678482785821]</MEAN_VALUE>
		<CHECKBOX>2</CHECKBOX>
		<SD>[0.0013972060963424718, 0.0023733905116983247, 0.004297884833727544, 0.008702291485772737, 0.005331572583039792, 0.004185689613127687]</SD>
		<WAVELENGTH_UNIT>E-6m</WAVELENGTH_UNIT>
		<COLOR>#2bfcae</COLOR>
		<COVARIANCE_MATRIX>[[1.985272774618352e-06, 2.243709104732261e-06, 5.27806832906208e-06, 7.5546454354480375e-06, 5.084084023110336e-06, 4.110822828806704e-06], [2.243709104732261e-06, 5.728456926590297e-06, 7.920175448816735e-06, 9.550692993798293e-06, 4.514355623541633e-06, 2.993184125443804e-06], [5.27806832906208e-06, 7.920175448816735e-06, 1.8784896383294836e-05, 2.618076541693881e-05, 1.2212917681608815e-05, 8.566048563807271e-06], [7.5546454354480375e-06, 9.550692993798293e-06, 2.618076541693881e-05, 7.701343565713614e-05, 3.747786831809208e-05, 2.5223962438758463e-05], [5.084084023110336e-06, 4.514355623541633e-06, 1.2212917681608815e-05, 3.747786831809208e-05, 2.8907457817695104e-05, 2.1874613594263792e-05], [4.110822828806704e-06, 2.993184125443804e-06, 8.566048563807271e-06, 2.5223962438758463e-05, 2.1874613594263792e-05, 1.7816946638049558e-05]]</COVARIANCE_MATRIX>
		<ROI_SIZE>60</ROI_SIZE>
		<MAX_VALUE>[0.09929648041725159, 0.09116662293672562, 0.08194342255592346, 0.06402968615293503, 0.04412553459405899, 0.03350064530968666]</MAX_VALUE>
		<MIN_VALUE>[0.09046576172113419, 0.07712157815694809, 0.06122628226876259, 0.025679152458906174, 0.017549285665154457, 0.010708990506827831]</MIN_VALUE>
		<SIGNATURE_THRESHOLD_MD>0.0</SIGNATURE_THRESHOLD_MD>
		<SIGNATURE_THRESHOLD_ML>0.0</SIGNATURE_THRESHOLD_ML>
		<SIGNATURE_THRESHOLD_SAM>0.0</SIGNATURE_THRESHOLD_SAM>
	</signature>
	<signature ID="20211202_124209603946_722">
		<MACROCLASSID>1</MACROCLASSID>
		<MACROCLASSINFO>waterbody</MACROCLASSINFO>
		<CLASSID>14</CLASSID>
		<CLASSINFO>C 1</CLASSINFO>
		<VALUES>[0.10569588569077579, 0.0016266140591641677, 0.10690644451163032, 0.0027061950381482842, 0.11659156141633337, 0.004482840481707607, 0.1111109121279283, 0.012485738484072214, 0.04869635635986924, 0.015578022735484351, 0.03481760642237283, 0.010563590208981559]</VALUES>
		<LCS_MIN>[0.10145510733127594, 0.09803494811058044, 0.10165134072303772, 0.09105448424816132, 0.01724090985953808, 0.014829989522695541]</LCS_MIN>
		<LCS_MAX>[0.10944479703903198, 0.11367793381214142, 0.12707820534706116, 0.14658987522125244, 0.079672671854496, 0.05427384376525879]</LCS_MAX>
		<WAVELENGTH>[0.48, 0.56, 0.655, 0.865, 1.61, 2.2]</WAVELENGTH>
		<MEAN_VALUE>[0.10569588569077579, 0.10690644451163032, 0.11659156141633337, 0.1111109121279283, 0.04869635635986924, 0.03481760642237283]</MEAN_VALUE>
		<CHECKBOX>2</CHECKBOX>
		<SD>[0.0016266140591641677, 0.0027061950381482842, 0.004482840481707607, 0.012485738484072214, 0.015578022735484351, 0.010563590208981559]</SD>
		<WAVELENGTH_UNIT>E-6m</WAVELENGTH_UNIT>
		<COLOR>#00cd62</COLOR>
		<COVARIANCE_MATRIX>[[2.7074052013631444e-06, 3.287565959908534e-06, 5.466889433591859e-06, 3.817866854660679e-06, 8.180698387150187e-06, 6.222981937753502e-06], [3.287565959908534e-06, 7.493805242120288e-06, 1.2101179891033098e-05, 2.170649622712517e-06, 2.2401318346965127e-06, 2.955611080324161e-06], [5.466889433591859e-06, 1.2101179891033098e-05, 2.056320408883039e-05, 6.441456207539886e-06, 4.998896656616125e-06, 4.74045964438119e-06], [3.817866854660679e-06, 2.170649622712517e-06, 6.441456207539886e-06, 0.0001595190988155082, 0.00016100393258966506, 9.796814993023872e-05], [8.180698387150187e-06, 2.2401318346965127e-06, 4.998896656616125e-06, 0.00016100393258966506, 0.00024831839255057275, 0.00016450566181447357], [6.222981937753502e-06, 2.955611080324161e-06, 4.74045964438119e-06, 9.796814993023872e-05, 0.00016450566181447357, 0.00011418454232625663]]</COVARIANCE_MATRIX>
		<ROI_SIZE>44</ROI_SIZE>
		<MAX_VALUE>[0.10944479703903198, 0.11367793381214142, 0.12707820534706116, 0.14658987522125244, 0.079672671854496, 0.05427384376525879]</MAX_VALUE>
		<MIN_VALUE>[0.10145510733127594, 0.09803494811058044, 0.10165134072303772, 0.09105448424816132, 0.01724090985953808, 0.014829989522695541]</MIN_VALUE>
		<SIGNATURE_THRESHOLD_MD>0.0</SIGNATURE_THRESHOLD_MD>
		<SIGNATURE_THRESHOLD_ML>0.0</SIGNATURE_THRESHOLD_ML>
		<SIGNATURE_THRESHOLD_SAM>0.0</SIGNATURE_THRESHOLD_SAM>
	</signature>
	<signature ID="20211202_124223295330_235">
		<MACROCLASSID>1</MACROCLASSID>
		<MACROCLASSINFO>waterbody</MACROCLASSINFO>
		<CLASSID>15</CLASSID>
		<CLASSINFO>C 1</CLASSINFO>
		<VALUES>[0.09980584101705539, 0.0012272380226613822, 0.0866247443325247, 0.0023406819710348, 0.06924578075897514, 0.004569420095985477, 0.03345799414095524, 0.004389707914590403, 0.017826793221309863, 0.00407900420006891, 0.012524200637490235, 0.0032846003938895594]</VALUES>
		<LCS_MIN>[0.09750231355428696, 0.08031745254993439, 0.05971245467662811, 0.016876474022865295, 0.009531560353934765, 0.004177059978246689]</LCS_MIN>
		<LCS_MAX>[0.10588448494672775, 0.09887596219778061, 0.09197960793972015, 0.059291940182447433, 0.04454604908823967, 0.03473414480686188]</LCS_MAX>
		<WAVELENGTH>[0.48, 0.56, 0.655, 0.865, 1.61, 2.2]</WAVELENGTH>
		<MEAN_VALUE>[0.09980584101705539, 0.0866247443325247, 0.06924578075897514, 0.03345799414095524, 0.017826793221309863, 0.012524200637490235]</MEAN_VALUE>
		<CHECKBOX>2</CHECKBOX>
		<SD>[0.0012272380226613822, 0.0023406819710348, 0.004569420095985477, 0.004389707914590403, 0.00407900420006891, 0.0032846003938895594]</SD>
		<WAVELENGTH_UNIT>E-6m</WAVELENGTH_UNIT>
		<COLOR>#33e248</COLOR>
		<COVARIANCE_MATRIX>[[1.5070904737513047e-06, 2.6445345611136872e-06, 5.18435535923345e-06, 3.840748831862584e-06, 2.3212119231175166e-06, 1.8998196082975483e-06], [2.6445345611136872e-06, 5.482347660290543e-06, 1.0314873179595452e-05, 6.158586074889172e-06, 3.267703050369164e-06, 2.680869101823191e-06], [5.18435535923345e-06, 1.0314873179595452e-05, 2.089314875775017e-05, 1.4087838280829601e-05, 7.33181923351367e-06, 5.940789378655609e-06], [3.840748831862584e-06, 6.158586074889172e-06, 1.4087838280829601e-05, 1.9282040739199147e-05, 1.3867099369235802e-05, 1.1374778296158183e-05], [2.3212119231175166e-06, 3.267703050369164e-06, 7.33181923351367e-06, 1.3867099369235802e-05, 1.6649071767460555e-05, 1.316760517511284e-05], [1.8998196082975483e-06, 2.680869101823191e-06, 5.940789378655609e-06, 1.1374778296158183e-05, 1.316760517511284e-05, 1.0795601156132761e-05]]</COVARIANCE_MATRIX>
		<ROI_SIZE>1542</ROI_SIZE>
		<MAX_VALUE>[0.10588448494672775, 0.09887596219778061, 0.09197960793972015, 0.059291940182447433, 0.04454604908823967, 0.03473414480686188]</MAX_VALUE>
		<MIN_VALUE>[0.09750231355428696, 0.08031745254993439, 0.05971245467662811, 0.016876474022865295, 0.009531560353934765, 0.004177059978246689]</MIN_VALUE>
		<SIGNATURE_THRESHOLD_MD>0.0</SIGNATURE_THRESHOLD_MD>
		<SIGNATURE_THRESHOLD_ML>0.0</SIGNATURE_THRESHOLD_ML>
		<SIGNATURE_THRESHOLD_SAM>0.0</SIGNATURE_THRESHOLD_SAM>
	</signature>
	<signature ID="20211202_124241139708_129">
		<MACROCLASSID>1</MACROCLASSID>
		<MACROCLASSINFO>waterbody</MACROCLASSINFO>
		<CLASSID>16</CLASSID>
		<CLASSINFO>C 1</CLASSINFO>
		<VALUES>[0.09420193758877841, 0.0017728783944525662, 0.08731933412226763, 0.0024529133749103494, 0.07400827231732282, 0.004610661788661864, 0.04331713870845059, 0.008896632625786723, 0.03175998780537735, 0.010951959253370861, 0.0245083516294306, 0.009481223833526219]</VALUES>
