<?xml version="1.0" ?>
<signaturelist MCID_LIST="[['1', 'waterbody', '#000000'], ['2', 'vegetation', '#000000'], ['3', 'bareland', '#000000'], ['4', 'built-up', '#000000']]">
	<signature ID="20220324_132618086675_352">
		<MACROCLASSID>1</MACROCLASSID>
		<MACROCLASSINFO>waterbody</MACROCLASSINFO>
		<CLASSID>1</CLASSID>
		<CLASSINFO>C 1</CLASSINFO>
		<VALUES>[0.0723113196284169, 0.001576765987808194, 0.05448187792323301, 0.00204715240213703, 0.03647550785477599, 0.0022642648999780524, 0.028577853951959744, 0.001860871509377271, 0.008397628012091795, 0.0018234990768704125, 0.006315168367910869, 0.002264436538954235]</VALUES>
		<LCS_MIN>[0.06656576693058014, 0.04807950183749199, 0.028656786307692528, 0.020666873082518578, 0.0019623597618192434, 0.0]</LCS_MIN>
		<LCS_MAX>[0.07968582957983017, 0.062344666570425034, 0.04182707518339157, 0.03383825719356537, 0.016802484169602394, 0.014345002360641956]</LCS_MAX>
		<WAVELENGTH>[0.485, 0.56, 0.66, 0.83, 1.65, 2.215]</WAVELENGTH>
		<MEAN_VALUE>[0.0723113196284169, 0.05448187792323301, 0.03647550785477599, 0.028577853951959744, 0.008397628012091795, 0.006315168367910869]</MEAN_VALUE>
		<CHECKBOX>2</CHECKBOX>
		<SD>[0.001576765987808194, 0.00204715240213703, 0.0022642648999780524, 0.001860871509377271, 0.0018234990768704125, 0.002264436538954235]</SD>
		<WAVELENGTH_UNIT>E-6m</WAVELENGTH_UNIT>
		<COLOR>#c5a69d</COLOR>
		<COVARIANCE_MATRIX>[[2.427012089472826e-06, 1.0977613296692432e-06, 1.2453981606539915e-06, 1.1127860372630885e-07, 2.8401925652893806e-07, 2.1255017146391552e-07], [1.0977613296692432e-06, 4.221180917607683e-06, 1.8030986286556925e-06, 2.6417473102353446e-07, 3.5079820205701636e-07, 3.091759771352463e-07], [1.2453981606539915e-06, 1.8030986286556925e-06, 5.1928163654571255e-06, 1.6778981777422342e-07, 5.22511853916727e-07, 2.7187509804001545e-07], [1.1127860372630885e-07, 2.6417473102353446e-07, 1.6778981777422342e-07, 3.4592306898600253e-06, 2.451206441991756e-07, 1.0304761620863689e-07], [2.8401925652893806e-07, 3.5079820205701636e-07, 5.22511853916727e-07, 2.451206441991756e-07, 3.290412496600231e-06, 2.0506737556177361e-07], [2.1255017146391552e-07, 3.091759771352463e-07, 2.7187509804001545e-07, 1.0304761620863689e-07, 2.0506737556177361e-07, 5.1206382226481e-06]]</COVARIANCE_MATRIX>
		<ROI_SIZE>10200</ROI_SIZE>
		<MAX_VALUE>[0.07968582957983017, 0.062344666570425034, 0.04182707518339157, 0.03383825719356537, 0.016802484169602394, 0.014345002360641956]</MAX_VALUE>
		<MIN_VALUE>[0.06656576693058014, 0.04807950183749199, 0.028656786307692528, 0.020666873082518578, 0.0019623597618192434, 0.0]</MIN_VALUE>
		<SIGNATURE_THRESHOLD_MD>0</SIGNATURE_THRESHOLD_MD>
		<SIGNATURE_THRESHOLD_ML>0</SIGNATURE_THRESHOLD_ML>
		<SIGNATURE_THRESHOLD_SAM>0</SIGNATURE_THRESHOLD_SAM>
	</signature>
	<signature ID="20220324_132629471069_363">
		<MACROCLASSID>1</MACROCLASSID>
		<MACROCLASSINFO>waterbody</MACROCLASSINFO>
		<CLASSID>2</CLASSID>
		<CLASSINFO>C 1</CLASSINFO>
		<VALUES>[0.07233575568894877, 0.0015578316403692884, 0.05677256663017535, 0.0019729041339220685, 0.038498489190012135, 0.0024453487331779055, 0.036174513094926884, 0.005942359635372202, 0.010552916550740673, 0.005057608139075954, 0.006089550391814146, 0.003512210039611948]</VALUES>
		<LCS_MIN>[0.06787777692079544, 0.05093253403902054, 0.031290844082832336, 0.023959722369909286, 0.0019623597618192434, 0.0]</LCS_MIN>
		<LCS_MAX>[0.08362184464931488, 0.06805073469877243, 0.05499737337231636, 0.0733524039387703, 0.048602744936943054, 0.03261221572756767]</LCS_MAX>
		<WAVELENGTH>[0.485, 0.56, 0.66, 0.83, 1.65, 2.215]</WAVELENGTH>
		<MEAN_VALUE>[0.07233575568894877, 0.05677256663017535, 0.038498489190012135, 0.036174513094926884, 0.010552916550740673, 0.006089550391814146]</MEAN_VALUE>
		<CHECKBOX>2</CHECKBOX>
		<SD>[0.0015578316403692884, 0.0019729041339220685, 0.0024453487331779055, 0.005942359635372202, 0.005057608139075954, 0.003512210039611948]</SD>
		<WAVELENGTH_UNIT>E-6m</WAVELENGTH_UNIT>
		<COLOR>#edaa8b</COLOR>
		<COVARIANCE_MATRIX>[[2.275086294634551e-06, 8.744384678702354e-07, 1.2703992480896406e-06, 2.7849052521674413e-06, 2.318530490520535e-06, 1.4320122283303887e-06], [8.744384678702354e-07, 3.6904801816374555e-06, 1.5796302932542081e-06, 4.00403679421485e-06, 3.3297417580071944e-06, 2.0769753385931453e-06], [1.2703992480896406e-06, 1.5796302932542081e-06, 5.5329736612871495e-06, 6.584912038576112e-06, 5.921605717195842e-06, 3.311310315585938e-06], [2.7849052521674413e-06, 4.00403679421485e-06, 6.584912038576112e-06, 3.3875936972996833e-05, 2.2024002871343653e-05, 1.211337707184354e-05], [2.318530490520535e-06, 3.3297417580071944e-06, 5.921605717195842e-06, 2.2024002871343653e-05, 2.2967153823626842e-05, 1.0744014669039693e-05], [1.4320122283303887e-06, 2.0769753385931453e-06, 3.311310315585938e-06, 1.211337707184354e-05, 1.0744014669039693e-05, 1.1578305787839165e-05]]</COVARIANCE_MATRIX>
		<ROI_SIZE>2919</ROI_SIZE>
		<MAX_VALUE>[0.08362184464931488, 0.06805073469877243, 0.05499737337231636, 0.0733524039387703, 0.048602744936943054, 0.03261221572756767]</MAX_VALUE>
		<MIN_VALUE>[0.06787777692079544, 0.05093253403902054, 0.031290844082832336, 0.023959722369909286, 0.0019623597618192434, 0.0]</MIN_VALUE>
		<SIGNATURE_THRESHOLD_MD>0</SIGNATURE_THRESHOLD_MD>
		<SIGNATURE_THRESHOLD_ML>0</SIGNATURE_THRESHOLD_ML>
		<SIGNATURE_THRESHOLD_SAM>0</SIGNATURE_THRESHOLD_SAM>
	</signature>
	<signature ID="20220324_132634505990_222">
		<MACROCLASSID>1</MACROCLASSID>
		<MACROCLASSINFO>waterbody</MACROCLASSINFO>
		<CLASSID>3</CLASSID>
		<CLASSINFO>C 1</CLASSINFO>
		<VALUES>[0.07355993744415665, 0.0019382957909400917, 0.05800169962104553, 0.002282520493607829, 0.04141573780454753, 0.0025073602832398657, 0.03524193273606719, 0.005442570994743668, 0.010528328869851847, 0.004607132098114883, 0.006473556157258123, 0.003602861086295111]</VALUES>
		<LCS_MIN>[0.06394176185131073, 0.04522646591067314, 0.031290844082832336, 0.023959722369909286, 0.0019623597618192434, 0.0]</LCS_MIN>
		<LCS_MAX>[0.0914938896894455, 0.07946287095546722, 0.06289954483509064, 0.0733524039387703, 0.04224269464612007, 0.035656753927469254]</LCS_MAX>
		<WAVELENGTH>[0.485, 0.56, 0.66, 0.83, 1.65, 2.215]</WAVELENGTH>
		<MEAN_VALUE>[0.07355993744415665, 0.05800169962104553, 0.04141573780454753, 0.03524193273606719, 0.010528328869851847, 0.006473556157258123]</MEAN_VALUE>
		<CHECKBOX>2</CHECKBOX>
		<SD>[0.0019382957909400917, 0.002282520493607829, 0.0025073602832398657, 0.005442570994743668, 0.004607132098114883, 0.003602861086295111]</SD>
		<WAVELENGTH_UNIT>E-6m</WAVELENGTH_UNIT>
		<COLOR>#277249</COLOR>
		<COVARIANCE_MATRIX>[[3.758047986790805e-06, 2.151459188593749e-06, 2.7075716681002784e-06, 4.16908490106468e-06, 3.6961223022918273e-06, 2.7055976743800097e-06], [2.151459188593749e-06, 5.211366141990146e-06, 3.158234593152228e-06, 4.334198622241328e-06, 3.5020955462441793e-06, 2.4066676719845703e-06], [2.7075716681002784e-06, 3.158234593152228e-06, 6.288625039895543e-06, 7.1174994714427165e-06, 5.897785511588892e-06, 3.993107704036791e-06], [4.16908490106468e-06, 4.334198622241328e-06, 7.1174994714427165e-06, 2.9629916094190937e-05, 1.928756959011686e-05, 1.214794166595465e-05], [3.6961223022918273e-06, 3.5020955462441793e-06, 5.897785511588892e-06, 1.928756959011686e-05, 2.1231640181912046e-05, 1.120611837500697e-05], [2.7055976743800097e-06, 2.4066676719845703e-06, 3.993107704036791e-06, 1.214794166595465e-05, 1.120611837500697e-05, 1.298426142903857e-05]]</COVARIANCE_MATRIX>
		<ROI_SIZE>3554</ROI_SIZE>
		<MAX_VALUE>[0.0914938896894455, 0.07946287095546722, 0.06289954483509064, 0.0733524039387703, 0.04224269464612007, 0.035656753927469254]</MAX_VALUE>
		<MIN_VALUE>[0.06394176185131073, 0.04522646591067314, 0.031290844082832336, 0.023959722369909286, 0.0019623597618192434, 0.0]</MIN_VALUE>
		<SIGNATURE_THRESHOLD_MD>0</SIGNATURE_THRESHOLD_MD>
		<SIGNATURE_THRESHOLD_ML>0</SIGNATURE_THRESHOLD_ML>
		<SIGNATURE_THRESHOLD_SAM>0</SIGNATURE_THRESHOLD_SAM>
	</signature>
	<signature ID="20220324_132641371918_529">
		<MACROCLASSID>1</MACROCLASSID>
		<MACROCLASSINFO>waterbody</MACROCLASSINFO>
		<CLASSID>4</CLASSID>
		<CLASSINFO>C 1</CLASSINFO>
		<VALUES>[0.07181693847393766, 0.0014377738794638419, 0.0534408943258099, 0.0019626196837280088, 0.036372044662554504, 0.0026769608575552602, 0.03089806247720698, 0.0049761193468855795, 0.007912760053189196, 0.0035586077188933403, 0.004938590842468238, 0.002650019328311054]</VALUES>
		<LCS_MIN>[0.06525377184152603, 0.04807950183749199, 0.028656786307692528, 0.014081182889640331, 0.0, 0.0]</LCS_MIN>
		<LCS_MAX>[0.07706181704998016, 0.062344666570425034, 0.04446113854646683, 0.06676671653985977, 0.04224269464612007, 0.020434072241187096]</LCS_MAX>
		<WAVELENGTH>[0.485, 0.56, 0.66, 0.83, 1.65, 2.215]</WAVELENGTH>
		<MEAN_VALUE>[0.07181693847393766, 0.0534408943258099, 0.036372044662554504, 0.03089806247720698, 0.007912760053189196, 0.004938590842468238]</MEAN_VALUE>
		<CHECKBOX>2</CHECKBOX>
		<SD>[0.0014377738794638419, 0.0019626196837280088, 0.0026769608575552602, 0.0049761193468855795, 0.0035586077188933403, 0.002650019328311054]</SD>
		<WAVELENGTH_UNIT>E-6m</WAVELENGTH_UNIT>
		<COLOR>#fe4085</COLOR>
		<COVARIANCE_MATRIX>[[2.0406833570951556e-06, 5.414763705342712e-07, 7.474778403311125e-07, 5.344425485192568e-07, 3.483621335471469e-07, 2.2525993763071897e-07], [5.414763705342712e-07, 3.7575901364811118e-06, 1.454728574304394e-06, 1.3704985989338014e-06, 6.710787269319671e-07, 3.3672177671319623e-07], [7.474778403311125e-07, 1.454728574304394e-06, 7.687789677510903e-06, 2.303547377739596e-06, 1.3608528343534533e-06, 5.518283753087336e-07], [5.344425485192568e-07, 1.3704985989338014e-06, 2.303547377739596e-06, 1.7525919569129396e-05, 8.225394404233817e-06, 3.4893930922168577e-06], [3.483621335471469e-07, 6.710787269319671e-07, 1.3608528343534533e-06, 8.225394404233817e-06, 9.001055365110414e-06, 2.7098910124129448e-06], [2.2525993763071897e-07, 3.3672177671319623e-07, 5.518283753087336e-07, 3.4893930922168577e-06, 2.7098910124129448e-06, 6.498857016131831e-06]]</COVARIANCE_MATRIX>
		<ROI_SIZE>8547</ROI_SIZE>
		<MAX_VALUE>[0.07706181704998016, 0.062344666570425034, 0.04446113854646683, 0.06676671653985977, 0.04224269464612007, 0.020434072241187096]</MAX_VALUE>
		<MIN_VALUE>[0.06525377184152603, 0.04807950183749199, 0.028656786307692528, 0.014081182889640331, 0.0, 0.0]</MIN_VALUE>
		<SIGNATURE_THRESHOLD_MD>0</SIGNATURE_THRESHOLD_MD>
		<SIGNATURE_THRESHOLD_ML>0</SIGNATURE_THRESHOLD_ML>
		<SIGNATURE_THRESHOLD_SAM>0</SIGNATURE_THRESHOLD_SAM>
	</signature>
	<signature ID="20220324_132647854223_351">
		<MACROCLASSID>1</MACROCLASSID>
		<MACROCLASSINFO>waterbody</MACROCLASSINFO>
		<CLASSID>5</CLASSID>
		<CLASSINFO>C 1</CLASSINFO>
		<VALUES>[0.07074385453345108, 0.0015657783153832222, 0.05345387611830045, 0.0024676140878807365, 0.03579559618106581, 0.002807336527914905, 0.03829899559106606, 0.009406133707295634, 0.012869645502667783, 0.0063194632252032154, 0.007611100307705779, 0.0036046550364270415]</VALUES>
		<LCS_MIN>[0.06525377184152603, 0.04807950183749199, 0.028656786307692528, 0.0272525642067194, 0.0019623597618192434, 0.0]</LCS_MIN>
		<LCS_MAX>[0.07706181704998016, 0.062344666570425034, 0.049729254096746445, 0.08323094993829727, 0.05284277722239494, 0.02956767939031124]</LCS_MAX>
		<WAVELENGTH>[0.485, 0.56, 0.66, 0.83, 1.65, 2.215]</WAVELENGTH>
		<MEAN_VALUE>[0.07074385453345108, 0.05345387611830045, 0.03579559618106581, 0.03829899559106606, 0.012869645502667783, 0.007611100307705779]</MEAN_VALUE>
		<CHECKBOX>2</CHECKBOX>
		<SD>[0.0015657783153832222, 0.0024676140878807365, 0.002807336527914905, 0.009406133707295634, 0.0063194632252032154, 0.0036046550364270415]</SD>
		<WAVELENGTH_UNIT>E-6m</WAVELENGTH_UNIT>
		<COLOR>#bef5e4</COLOR>
		<COVARIANCE_MATRIX>[[2.4591692700348586e-06, 1.501869668816721e-06, 1.8423770867342552e-06, 4.024448440904029e-06, 2.8236349506779147e-06, 1.3769754928868136e-06], [1.501869668816721e-06, 5.5725991815150885e-06, 3.153305936368829e-06, 1.0383207358564437e-05, 6.397127816599029e-06, 2.9892238414912864e-06], [1.8423770867342552e-06, 3.153305936368829e-06, 7.242171908643822e-06, 1.2686017214269213e-05, 8.236646933205215e-06, 3.743537892141566e-06], [4.024448440904029e-06, 1.0383207358564437e-05, 1.2686017214269213e-05, 7.125145038853678e-05, 4.07140406612949e-05, 1.8155647757000228e-05], [2.8236349506779147e-06, 6.397127816599029e-06, 8.236646933205215e-06, 4.07140406612949e-05, 3.168999783404735e-05, 1.2688130240379153e-05], [1.3769754928868136e-06, 2.9892238414912864e-06, 3.743537892141566e-06, 1.8155647757000228e-05, 1.2688130240379153e-05, 1.1374326687033595e-05]]</COVARIANCE_MATRIX>
		<ROI_SIZE>2243</ROI_SIZE>
		<MAX_VALUE>[0.07706181704998016, 0.062344666570425034, 0.049729254096746445, 0.08323094993829727, 0.05284277722239494, 0.02956767939031124]</MAX_VALUE>
		<MIN_VALUE>[0.06525377184152603, 0.04807950183749199, 0.028656786307692528, 0.0272525642067194, 0.0019623597618192434, 0.0]</MIN_VALUE>
		<SIGNATURE_THRESHOLD_MD>0</SIGNATURE_THRESHOLD_MD>
		<SIGNATURE_THRESHOLD_ML>0</SIGNATURE_THRESHOLD_ML>
		<SIGNATURE_THRESHOLD_SAM>0</SIGNATURE_THRESHOLD_SAM>
	</signature>
	<signature ID="20220324_132655580324_632">
		<MACROCLASSID>1</MACROCLASSID>
		<MACROCLASSINFO>waterbody</MACROCLASSINFO>
		<CLASSID>6</CLASSID>
		<CLASSINFO>C 1</CLASSINFO>
		<VALUES>[0.10101340405548674, 0.0029189734682641276, 0.10257604565424257, 0.0028923050888897033, 0.10707170056014122, 0.0034814711030868827, 0.11615940115497085, 0.006347987778297815, 0.02969433882662768, 0.01196194980170284, 0.019316458705624078, 0.00989662006895137]</VALUES>
		<LCS_MIN>[0.0941179022192955, 0.09372802823781967, 0.09187418967485428, 0.1062808707356453, 0.0146824661642313, 0.005211393814533949]</LCS_MIN>
		<LCS_MAX>[0.11248597502708435, 0.11084622144699097, 0.12084881216287613, 0.14908786118030548, 0.06344287097454071, 0.050879430025815964]</LCS_MAX>
		<WAVELENGTH>[0.485, 0.56, 0.66, 0.83, 1.65, 2.215]</WAVELENGTH>
		<MEAN_VALUE>[0.10101340405548674, 0.10257604565424257, 0.10707170056014122, 0.11615940115497085, 0.02969433882662768, 0.019316458705624078]</MEAN_VALUE>
		<CHECKBOX>2</CHECKBOX>
		<SD>[0.0029189734682641276, 0.0028923050888897033, 0.0034814711030868827, 0.006347987778297815, 0.01196194980170284, 0.00989662006895137]</SD>
		<WAVELENGTH_UNIT>E-6m</WAVELENGTH_UNIT>
		<COLOR>#ee24b5</COLOR>
		<COVARIANCE_MATRIX>[[7.129646311651115e-06, 4.884432113271329e-06, 3.4695316817928385e-06, 2.9865396995479183e-07, 1.17798700280879e-05, 1.1903472466149797e-05], [4.884432113271329e-06, 9.173363059377138e-06, 6.791488413885375e-06, -4.4102269137743095e-06, 1.5986631726779157e-06, 4.24864345548466e-06], [3.4695316817928385e-06, 6.791488413885375e-06, 1.4064347637817578e-05, -1.1101811347721886e-05, -1.5893523026598992e-05, -9.018158074468483e-06], [2.9865396995479183e-07, -4.4102269137743095e-06, -1.1101811347721886e-05, 5.663152652033208e-05, 5.2961020295608635e-05, 3.457202886547571e-05], [1.17798700280879e-05, 1.5986631726779157e-06, -1.5893523026598992e-05, 5.2961020295608635e-05, 0.00013929142870507813, 0.00010435297767517067], [1.1903472466149797e-05, 4.24864345548466e-06, -9.018158074468483e-06, 3.457202886547571e-05, 0.00010435297767517067, 9.397108695049961e-05]]</COVARIANCE_MATRIX>
		<ROI_SIZE>751</ROI_SIZE>
		<MAX_VALUE>[0.11248597502708435, 0.11084622144699097, 0.12084881216287613, 0.14908786118030548, 0.06344287097454071, 0.050879430025815964]</MAX_VALUE>
		<MIN_VALUE>[0.0941179022192955, 0.09372802823781967, 0.09187418967485428, 0.1062808707356453, 0.0146824661642313, 0.005211393814533949]</MIN_VALUE>
		<SIGNATURE_THRESHOLD_MD>0</SIGNATURE_THRESHOLD_MD>
		<SIGNATURE_THRESHOLD_ML>0</SIGNATURE_THRESHOLD_ML>
		<SIGNATURE_THRESHOLD_SAM>0</SIGNATURE_THRESHOLD_SAM>
	</signature>
	<signature ID="20220324_132700478872_202">
		<MACROCLASSID>1</MACROCLASSID>
		<MACROCLASSINFO>waterbody</MACROCLASSINFO>
		<CLASSID>7</CLASSID>
		<CLASSINFO>C 1</CLASSINFO>
		<VALUES>[0.0983707709954335, 0.00278257347499544, 0.0994851378480736, 0.003976307109236954, 0.10426226666127211, 0.005746691877238565, 0.12021802897583395, 0.008281470017728294, 0.02808901875184879, 0.010965235994924272, 0.016605256326090074, 0.008421316280907283]</VALUES>
		<LCS_MIN>[0.08755786716938019, 0.07946287095546722, 0.07606983929872513, 0.10957371443510056, 0.012562448158860207, 0.005211393814533949]</LCS_MIN>
		<LCS_MAX>[0.10723796486854553, 0.10799320042133331, 0.11558070033788681, 0.1556735634803772, 0.061322856694459915, 0.050879430025815964]</LCS_MAX>
		<WAVELENGTH>[0.485, 0.56, 0.66, 0.83, 1.65, 2.215]</WAVELENGTH>
		<MEAN_VALUE>[0.0983707709954335, 0.0994851378480736, 0.10426226666127211, 0.12021802897583395, 0.02808901875184879, 0.016605256326090074]</MEAN_VALUE>
		<CHECKBOX>2</CHECKBOX>
		<SD>[0.00278257347499544, 0.003976307109236954, 0.005746691877238565, 0.008281470017728294, 0.010965235994924272, 0.008421316280907283]</SD>
		<WAVELENGTH_UNIT>E-6m</WAVELENGTH_UNIT>
		<COLOR>#4ab66a</COLOR>
		<COVARIANCE_MATRIX>[[7.756590977339119e-06, 8.22151264997695e-06, 9.854206131001388e-06, -3.6574512933197638e-06, 3.1966429880710903e-06, 7.006580773506306e-06], [8.22151264997695e-06, 1.5839353385081176e-05, 1.9487555429601345e-05, -1.1959181363220849e-05, -8.403247810838053e-06, 8.651257821357124e-07], [9.854206131001388e-06, 1.9487555429601345e-05, 3.3083651165489424e-05, -2.5280682272367765e-05, -2.497150914242725e-05, -8.475963107571936e-06], [-3.6574512933197638e-06, -1.1959181363220849e-05, -2.5280682272367765e-05, 6.870565380086696e-05, 6.54040427725845e-05, 3.9211217463738844e-05], [3.1966429880710903e-06, -8.403247810838053e-06, -2.497150914242725e-05, 6.54040427725845e-05, 0.00012045187784449823, 8.179855909498575e-05], [7.006580773506306e-06, 8.651257821357124e-07, -8.475963107571936e-06, 3.9211217463738844e-05, 8.179855909498575e-05, 7.104566211078567e-05]]</COVARIANCE_MATRIX>
		<ROI_SIZE>559</ROI_SIZE>
		<MAX_VALUE>[0.10723796486854553, 0.10799320042133331, 0.11558070033788681, 0.1556735634803772, 0.061322856694459915, 0.050879430025815964]</MAX_VALUE>
		<MIN_VALUE>[0.08755786716938019, 0.07946287095546722, 0.07606983929872513, 0.10957371443510056, 0.012562448158860207, 0.005211393814533949]</MIN_VALUE>
		<SIGNATURE_THRESHOLD_MD>0</SIGNATURE_THRESHOLD_MD>
		<SIGNATURE_THRESHOLD_ML>0</SIGNATURE_THRESHOLD_ML>
		<SIGNATURE_THRESHOLD_SAM>0</SIGNATURE_THRESHOLD_SAM>
	</signature>
	<signature ID="20220324_132708334650_523">
		<MACROCLASSID>1</MACROCLASSID>
		<MACROCLASSINFO>waterbody</MACROCLASSINFO>
		<CLASSID>8</CLASSID>
		<CLASSINFO>C 1</CLASSINFO>
		<VALUES>[0.10324454172514376, 0.0028532242731323515, 0.09850686420686545, 0.003085201285204322, 0.10017146370373667, 0.005136414969533727, 0.1251735707279294, 0.010704837503307509, 0.04676098469644785, 0.016900613426937272, 0.034457966341869914, 0.015035418736253357]</VALUES>
		<LCS_MIN>[0.09805391728878021, 0.08802197128534317, 0.0839720070362091, 0.10957371443510056, 0.02104252018034458, 0.011300466023385525]</LCS_MIN>
		<LCS_MAX>[0.11379799246788025, 0.10514016449451447, 0.10767854005098343, 0.16225925087928772, 0.08464304357767105, 0.06914664804935455]</LCS_MAX>
		<WAVELENGTH>[0.485, 0.56, 0.66, 0.83, 1.65, 2.215]</WAVELENGTH>
		<MEAN_VALUE>[0.10324454172514376, 0.09850686420686545, 0.10017146370373667, 0.1251735707279294, 0.04676098469644785, 0.034457966341869914]</MEAN_VALUE>
		<CHECKBOX>2</CHECKBOX>
		<SD>[0.0028532242731323515, 0.003085201285204322, 0.005136414969533727, 0.010704837503307509, 0.016900613426937272, 0.015035418736253357]</SD>
		<WAVELENGTH_UNIT>E-6m</WAVELENGTH_UNIT>
		<COLOR>#555db9</COLOR>
		<COVARIANCE_MATRIX>[[9.574508522418671e-06, 6.8187875894609736e-06, 7.862995627554783e-06, 7.632867230405112e-06, 1.828690758559863e-05, 1.818922859491304e-05], [6.8187875894609736e-06, 1.1740065457013097e-05, 1.444479717148751e-05, -6.286144631749335e-06, -6.547014229306944e-06, -5.137876943280451e-07], [7.862995627554783e-06, 1.444479717148751e-05, 3.088787021549482e-05, -2.9069230473460035e-05, -4.117860048384425e-05, -2.5147670550774407e-05], [7.632867230405112e-06, -6.286144631749335e-06, -2.9069230473460035e-05, 0.0001241941189372935, 0.00016332813535661548, 0.00011748080898430147], [1.828690758559863e-05, -6.547014229306944e-06, -4.117860048384425e-05, 0.00016332813535661548, 0.000328464428191911, 0.0002615930097717992], [1.818922859491304e-05, -5.137876943280451e-07, -2.5147670550774407e-05, 0.00011748080898430147, 0.0002615930097717992, 0.00023641469928839748]]</COVARIANCE_MATRIX>
		<ROI_SIZE>355</ROI_SIZE>
		<MAX_VALUE>[0.11379799246788025, 0.10514016449451447, 0.10767854005098343, 0.16225925087928772, 0.08464304357767105, 0.06914664804935455]</MAX_VALUE>
		<MIN_VALUE>[0.09805391728878021, 0.08802197128534317, 0.0839720070362091, 0.10957371443510056, 0.02104252018034458, 0.011300466023385525]</MIN_VALUE>
		<SIGNATURE_THRESHOLD_MD>0</SIGNATURE_THRESHOLD_MD>
		<SIGNATURE_THRESHOLD_ML>0</SIGNATURE_THRESHOLD_ML>
		<SIGNATURE_THRESHOLD_SAM>0</SIGNATURE_THRESHOLD_SAM>
	</signature>
	<signature ID="20220324_132849121754_893">
		<MACROCLASSID>1</MACROCLASSID>
		<MACROCLASSINFO>waterbody</MACROCLASSINFO>
		<CLASSID>9</CLASSID>
		<CLASSINFO>C 1</CLASSINFO>
		<VALUES>[0.09889241817750431, 0.002712954677891506, 0.09701009520462582, 0.004176356762577107, 0.0993010363632575, 0.006642013756286733, 0.12222517444226975, 0.00842027828824818, 0.03961259945946975, 0.01123358315330111, 0.02794240195920369, 0.009580855083146078]</VALUES>
		<LCS_MIN>[0.0928058922290802, 0.08231589943170547, 0.07606983929872513, 0.10298801958560944, 0.02104252018034458, 0.011300466023385525]</LCS_MIN>
		<LCS_MAX>[0.10723796486854553, 0.10514016449451447, 0.11294664442539215, 0.15238071978092194, 0.061322856694459915, 0.05392397195100784]</LCS_MAX>
		<WAVELENGTH>[0.485, 0.56, 0.66, 0.83, 1.65, 2.215]</WAVELENGTH>
		<MEAN_VALUE>[0.09889241817750431, 0.09701009520462582, 0.0993010363632575, 0.12222517444226975, 0.03961259945946975, 0.02794240195920369]</MEAN_VALUE>
		<CHECKBOX>2</CHECKBOX>
		<SD>[0.002712954677891506, 0.004176356762577107, 0.006642013756286733, 0.00842027828824818, 0.01123358315330111, 0.009580855083146078]</SD>
		<WAVELENGTH_UNIT>E-6m</WAVELENGTH_UNIT>
		<COLOR>#964e27</COLOR>
		<COVARIANCE_MATRIX>[[6.6612592996339355e-06, 6.2465028624282715e-06, 8.195266610900712e-06, -2.1677370672327578e-06, 2.5252886367400472e-06, 6.438731302413408e-06], [6.2465028624282715e-06, 1.4916573236533171e-05, 1.941190717436247e-05, -1.2883473047353207e-05, -1.1097827130338599e-05, -9.408585305042003e-07], [8.195266610900712e-06, 1.941190717436247e-05, 3.791328125524393e-05, -3.1980130346251684e-05, -3.5519765793797634e-05, -1.4883199361167309e-05], [-2.1677370672327578e-06, -1.2883473047353207e-05, -3.1980130346251684e-05, 8.003742981663991e-05, 7.208367047765566e-05, 5.033640801650258e-05], [2.5252886367400472e-06, -1.1097827130338599e-05, -3.5519765793797634e-05, 7.208367047765566e-05, 0.0001208513207249002, 8.590598806994785e-05], [6.438731302413408e-06, -9.408585305042003e-07, -1.4883199361167309e-05, 5.033640801650258e-05, 8.590598806994785e-05, 8.393638969359864e-05]]</COVARIANCE_MATRIX>
		<ROI_SIZE>257</ROI_SIZE>
		<MAX_VALUE>[0.10723796486854553, 0.10514016449451447, 0.11294664442539215, 0.15238071978092194, 0.061322856694459915, 0.05392397195100784]</MAX_VALUE>
		<MIN_VALUE>[0.0928058922290802, 0.08231589943170547, 0.07606983929872513, 0.10298801958560944, 0.02104252018034458, 0.011300466023385525]</MIN_VALUE>
		<SIGNATURE_THRESHOLD_MD>0</SIGNATURE_THRESHOLD_MD>
		<SIGNATURE_THRESHOLD_ML>0</SIGNATURE_THRESHOLD_ML>
		<SIGNATURE_THRESHOLD_SAM>0</SIGNATURE_THRESHOLD_SAM>
	</signature>
	<signature ID="20220324_132855984122_771">
		<MACROCLASSID>1</MACROCLASSID>
		<MACROCLASSINFO>waterbody</MACROCLASSINFO>
		<CLASSID>10</CLASSID>
		<CLASSINFO>C 1</CLASSINFO>
		<VALUES>[0.10935543701524222, 0.005225606995969703, 0.10581730864942077, 0.005999187751068151, 0.10231872218885, 0.0095094969174596, 0.16328045150524445, 0.020858392080727768, 0.10763451131650179, 0.011606548037928264, 0.0798699666003261, 0.010991710948552521]</VALUES>
		<LCS_MIN>[0.0914938896894455, 0.08231589943170547, 0.07080172002315521, 0.13591648638248444, 0.08040300756692886, 0.05392397195100784]</LCS_MIN>
		<LCS_MAX>[0.12035801261663437, 0.1194053366780281, 0.12348287552595139, 0.21494480967521667, 0.1334034502506256, 0.10872561484575272]</LCS_MAX>
		<WAVELENGTH>[0.485, 0.56, 0.66, 0.83, 1.65, 2.215]</WAVELENGTH>
		<MEAN_VALUE>[0.10935543701524222, 0.10581730864942077, 0.10231872218885, 0.16328045150524445, 0.10763451131650179, 0.0798699666003261]</MEAN_VALUE>
		<CHECKBOX>2</CHECKBOX>
		<SD>[0.005225606995969703, 0.005999187751068151, 0.0095094969174596, 0.020858392080727768, 0.011606548037928264, 0.010991710948552521]</SD>
		<WAVELENGTH_UNIT>E-6m</WAVELENGTH_UNIT>
		<COLOR>#061c16</COLOR>
		<COVARIANCE_MATRIX>[[2.739365726514124e-05, 2.7877375367786148e-05, 4.556031989438577e-05, -6.680815036428731e-05, 4.64535758492731e-06, 3.836830733687006e-05], [2.7877375367786148e-05, 3.610450844612981e-05, 5.374125134878038e-05, -5.6733215210698614e-05, 1.7773510392609514e-05, 5.117496642331193e-05], [4.556031989438577e-05, 5.374125134878038e-05, 9.071761267594564e-05, -0.00010346549683134347, 2.6614610969249117e-05, 8.232685048142125e-05], [-6.680815036428731e-05, -5.6733215210698614e-05, -0.00010346549683134347, 0.00043645370279715533, 0.00012583770331165176, -2.4225003961838483e-05], [4.64535758492731e-06, 1.7773510392609514e-05, 2.6614610969249117e-05, 0.00012583770331165176, 0.00013513961436421816, 8.570277779720673e-05], [3.836830733687006e-05, 5.117496642331193e-05, 8.232685048142125e-05, -2.4225003961838483e-05, 8.570277779720673e-05, 0.00012120125786089913]]</COVARIANCE_MATRIX>
		<ROI_SIZE>316</ROI_SIZE>
		<MAX_VALUE>[0.12035801261663437, 0.1194053366780281, 0.12348287552595139, 0.21494480967521667, 0.1334034502506256, 0.10872561484575272]</MAX_VALUE>
		<MIN_VALUE>[0.0914938896894455, 0.08231589943170547, 0.07080172002315521, 0.13591648638248444, 0.08040300756692886, 0.05392397195100784]</MIN_VALUE>
		<SIGNATURE_THRESHOLD_MD>0</SIGNATURE_THRESHOLD_MD>
		<SIGNATURE_THRESHOLD_ML>0</SIGNATURE_THRESHOLD_ML>
		<SIGNATURE_THRESHOLD_SAM>0</SIGNATURE_THRESHOLD_SAM>
	</signature>
	<signature ID="20220324_132912859952_814">
		<MACROCLASSID>1</MACROCLASSID>
		<MACROCLASSINFO>waterbody</MACROCLASSINFO>
		<CLASSID>11</CLASSID>
		<CLASSINFO>C 1</CLASSINFO>
		<VALUES>[0.10047456923872233, 0.006196498831129326, 0.09906320527195926, 0.006339961781306788, 0.1002702420949936, 0.009029996385792194, 0.1238152696751058, 0.012618253541473298, 0.04735723972786216, 0.02404256647191951, 0.032482823780737795, 0.01982357441436441]</VALUES>
		<LCS_MIN>[0.08493385463953018, 0.07946287095546722, 0.06816766411066055, 0.10298801958560944, 0.02104252018034458, 0.008255930617451668]</LCS_MIN>
		<LCS_MAX>[0.12035801261663437, 0.11369927227497101, 0.11558070033788681, 0.16225925087928772, 0.09736315906047821, 0.08132478594779968]</LCS_MAX>
		<WAVELENGTH>[0.485, 0.56, 0.66, 0.83, 1.65, 2.215]</WAVELENGTH>
		<MEAN_VALUE>[0.10047456923872233, 0.09906320527195926, 0.1002702420949936, 0.1238152696751058, 0.04735723972786216, 0.032482823780737795]</MEAN_VALUE>
		<CHECKBOX>2</CHECKBOX>
		<SD>[0.006196498831129326, 0.006339961781306788, 0.009029996385792194, 0.012618253541473298, 0.02404256647191951, 0.01982357441436441]</SD>
		<WAVELENGTH_UNIT>E-6m</WAVELENGTH_UNIT>
		<COLOR>#f29400</COLOR>
		<COVARIANCE_MATRIX>[[3.7247369292254746e-05, 3.363887056491195e-05, 3.300885168826407e-05, 5.277759200102807e-06, 7.642808260424378e-05, 7.986426448532239e-05], [3.363887056491195e-05, 4.8881122058695516e-05, 6.00276378123422e-05, -1.9134063160297935e-05, 1.8037713497078992e-05, 3.770491208025554e-05], [3.300885168826407e-05, 6.00276378123422e-05, 9.549002853877228e-05, -6.0242707433143516e-05, -5.53156341882492e-05, -1.3163787014971889e-05], [5.277759200102807e-06, -1.9134063160297935e-05, -6.0242707433143516e-05, 0.00015985643668576082, 0.00020967155327049973, 0.00014080500391931805], [7.642808260424378e-05, 1.8037713497078992e-05, -5.53156341882492e-05, 0.00020967155327049973, 0.0005594621442329931, 0.00044654695843932745], [7.986426448532239e-05, 3.770491208025554e-05, -1.3163787014971889e-05, 0.00014080500391931805, 0.00044654695843932745, 0.00038866271159452946]]</COVARIANCE_MATRIX>
		<ROI_SIZE>743</ROI_SIZE>
		<MAX_VALUE>[0.12035801261663437, 0.11369927227497101, 0.11558070033788681, 0.16225925087928772, 0.09736315906047821, 0.08132478594779968]</MAX_VALUE>
		<MIN_VALUE>[0.08493385463953018, 0.07946287095546722, 0.06816766411066055, 0.10298801958560944, 0.02104252018034458, 0.008255930617451668]</MIN_VALUE>
		<SIGNATURE_THRESHOLD_MD>0</SIGNATURE_THRESHOLD_MD>
		<SIGNATURE_THRESHOLD_ML>0</SIGNATURE_THRESHOLD_ML>
		<SIGNATURE_THRESHOLD_SAM>0</SIGNATURE_THRESHOLD_SAM>
	</signature>
	<signature ID="20220324_132931014871_695">
		<MACROCLASSID>1</MACROCLASSID>
		<MACROCLASSINFO>waterbody</MACROCLASSINFO>
		<CLASSID>12</CLASSID>
		<CLASSINFO>C 1</CLASSINFO>
		<VALUES>[0.10254962831075175, 0.003256711625382097, 0.09826443581699992, 0.004864160336745306, 0.10068112941990262, 0.0077677561124411335, 0.12474269589146099, 0.011401676132231461, 0.04297677527628116, 0.01675323419904188, 0.029171300515367368, 0.01391300483004737]</VALUES>
		<LCS_MIN>[0.0914938896894455, 0.07946287095546722, 0.07080172002315521, 0.1062808707356453, 0.02104252018034458, 0.008255930617451668]</LCS_MIN>
		<LCS_MAX>[0.11117397993803024, 0.11084622144699097, 0.11294664442539215, 0.16555209457874298, 0.08464304357767105, 0.07523573189973831]</LCS_MAX>
		<WAVELENGTH>[0.485, 0.56, 0.66, 0.83, 1.65, 2.215]</WAVELENGTH>
		<MEAN_VALUE>[0.10254962831075175, 0.09826443581699992, 0.10068112941990262, 0.12474269589146099, 0.04297677527628116, 0.029171300515367368]</MEAN_VALUE>
		<CHECKBOX>2</CHECKBOX>
		<SD>[0.003256711625382097, 0.004864160336745306, 0.0077677561124411335, 0.011401676132231461, 0.01675323419904188, 0.01391300483004737]</SD>
		<WAVELENGTH_UNIT>E-6m</WAVELENGTH_UNIT>
		<COLOR>#4dff2e</COLOR>
		<COVARIANCE_MATRIX>[[1.0635632195929112e-05, 1.2645089294314288e-05, 1.873003954255208e-05, 2.8150638627208495e-06, 1.1826489396629665e-05, 1.817529029507686e-05], [1.2645089294314288e-05, 2.3725778158737256e-05, 3.352207573086697e-05, -7.703997223708065e-06, -1.591995440494391e-06, 1.4036130819576957e-05], [1.873003954255208e-05, 3.352207573086697e-05, 6.050564067520643e-05, -3.4097263498578164e-05, -3.6839539568960256e-05, -5.053517381672995e-06], [2.8150638627208495e-06, -7.703997223708065e-06, -3.4097263498578164e-05, 0.000130359324787142, 0.00016124248811392954, 0.00011043057663224262], [1.1826489396629665e-05, -1.591995440494391e-06, -3.6839539568960256e-05, 0.00016124248811392954, 0.00028145049739496824, 0.0002104385688353981], [1.817529029507686e-05, 1.4036130819576957e-05, -5.053517381672995e-06, 0.00011043057663224262, 0.0002104385688353981, 0.00019410940257703517]]</COVARIANCE_MATRIX>
		<ROI_SIZE>361</ROI_SIZE>
		<MAX_VALUE>[0.11117397993803024, 0.11084622144699097, 0.11294664442539215, 0.16555209457874298, 0.08464304357767105, 0.07523573189973831]</MAX_VALUE>
		<MIN_VALUE>[0.0914938896894455, 0.07946287095546722, 0.07080172002315521, 0.1062808707356453, 0.02104252018034458, 0.008255930617451668]</MIN_VALUE>
		<SIGNATURE_THRESHOLD_MD>0</SIGNATURE_THRESHOLD_MD>
		<SIGNATURE_THRESHOLD_ML>0</SIGNATURE_THRESHOLD_ML>
		<SIGNATURE_THRESHOLD_SAM>0</SIGNATURE_THRESHOLD_SAM>
	</signature>
	<signature ID="20220324_132936974864_112">
		<MACROCLASSID>1</MACROCLASSID>
		<MACROCLASSINFO>waterbody</MACROCLASSINFO>
		<CLASSID>13</CLASSID>
		<CLASSINFO>C 1</CLASSINFO>
		<VALUES>[0.10216884576707837, 0.0030624445592178995, 0.09842021258409356, 0.00415568821339704, 0.10063623381424541, 0.0062608803943488885, 0.12364314595037254, 0.008230754766641537, 0.04086731314228094, 0.012215989175905505, 0.027680571375737997, 0.010792533125002704]</VALUES>
		<LCS_MIN>[0.0928058922290802, 0.07946287095546722, 0.06816766411066055, 0.10957371443510056, 0.02104252018034458, 0.005211393814533949]</LCS_MIN>
		<LCS_MAX>[0.11510999500751495, 0.11084622144699097, 0.11558070033788681, 0.15238071978092194, 0.0676829069852829, 0.06001303717494011]</LCS_MAX>
		<WAVELENGTH>[0.485, 0.56, 0.66, 0.83, 1.65, 2.215]</WAVELENGTH>
		<MEAN_VALUE>[0.10216884576707837, 0.09842021258409356, 0.10063623381424541, 0.12364314595037254, 0.04086731314228094, 0.027680571375737997]</MEAN_VALUE>
		<CHECKBOX>2</CHECKBOX>
		<SD>[0.0030624445592178995, 0.00415568821339704, 0.0062608803943488885, 0.008230754766641537, 0.012215989175905505, 0.010792533125002704]</SD>
		<WAVELENGTH_UNIT>E-6m</WAVELENGTH_UNIT>
		<COLOR>#5460b7</COLOR>
		<COVARIANCE_MATRIX>[[9.417481892715974e-06, 9.501304218204763e-06, 1.2650993069349415e-05, 2.169079070431797e-06, 5.475339485306189e-06, 1.001851819234338e-05], [9.501304218204763e-06, 1.734140321795037e-05, 2.2017370231933604e-05, -6.453247240751543e-06, -5.340573426069299e-06, 2.584007994267529e-06], [1.2650993069349415e-05, 2.2017370231933604e-05, 3.936127320160512e-05, -2.2297326453652353e-05, -2.6247086845876246e-05, -9.784207894102625e-06], [2.169079070431797e-06, -6.453247240751543e-06, -2.2297326453652353e-05, 6.802642495817163e-05, 7.77404330132491e-05, 5.557153351059993e-05], [5.475339485306189e-06, -5.340573426069299e-06, -2.6247086845876246e-05, 7.77404330132491e-05, 0.00014984960478876927, 0.00011702906835532645], [1.001851819234338e-05, 2.584007994267529e-06, -9.784207894102625e-06, 5.557153351059993e-05, 0.00011702906835532645, 0.0001169620856578254]]</COVARIANCE_MATRIX>
		<ROI_SIZE>242</ROI_SIZE>
		<MAX_VALUE>[0.11510999500751495, 0.11084622144699097, 0.11558070033788681, 0.15238071978092194, 0.0676829069852829, 0.06001303717494011]</MAX_VALUE>
		<MIN_VALUE>[0.0928058922290802, 0.07946287095546722, 0.06816766411066055, 0.10957371443510056, 0.02104252018034458, 0.005211393814533949]</MIN_VALUE>
		<SIGNATURE_THRESHOLD_MD>0</SIGNATURE_THRESHOLD_MD>
		<SIGNATURE_THRESHOLD_ML>0</SIGNATURE_THRESHOLD_ML>
		<SIGNATURE_THRESHOLD_SAM>0</SIGNATURE_THRESHOLD_SAM>
	</signature>
	<signature ID="20220324_132944452310_539">
		<MACROCLASSID>1</MACROCLASSID>
		<MACROCLASSINFO>waterbody</MACROCLASSINFO>
		<CLASSID>14</CLASSID>
		<CLASSINFO>C 1</CLASSINFO>
		<VALUES>[0.09982155712329195, 0.004546645256575462, 0.0961274469434965, 0.007527989693965242, 0.09816726587058111, 0.010755492128712034, 0.11941091647706768, 0.010974928521630489, 0.03888969782693112, 0.012653521323002456, 0.025758826076423262, 0.010200639297834654]</VALUES>
		<LCS_MIN>[0.08886987715959549, 0.07375680655241013, 0.0655336081981659, 0.09640233963727951, 0.0146824661642313, 0.005211393814533949]</LCS_MIN>
		<LCS_MAX>[0.12035801261663437, 0.1251114010810852, 0.13665316998958588, 0.14908786118030548, 0.06344287097454071, 0.04783489182591438]</LCS_MAX>
		<WAVELENGTH>[0.485, 0.56, 0.66, 0.83, 1.65, 2.215]</WAVELENGTH>
		<MEAN_VALUE>[0.09982155712329195, 0.0961274469434965, 0.09816726587058111, 0.11941091647706768, 0.03888969782693112, 0.025758826076423262]</MEAN_VALUE>
		<CHECKBOX>2</CHECKBOX>
		<SD>[0.004546645256575462, 0.007527989693965242, 0.010755492128712034, 0.010974928521630489, 0.012653521323002456, 0.010200639297834654]</SD>
		<WAVELENGTH_UNIT>E-6m</WAVELENGTH_UNIT>
		<COLOR>#521acb</COLOR>
		<COVARIANCE_MATRIX>[[2.0758840160943248e-05, 3.073504542599771e-05, 4.304922751382541e-05, 1.1454826001543508e-05, 8.33592158296438e-06, 1.6277160327418307e-05], [3.073504542599771e-05, 5.6908740718297237e-05, 7.73856899661823e-05, 8.546827954607238e-06, 9.909538940950706e-08, 2.114824868138631e-05], [4.304922751382541e-05, 7.73856899661823e-05, 0.00011616666391789063, -9.414238018647238e-07, -1.3536210435063328e-05, 2.0801714648096732e-05], [1.1454826001543508e-05, 8.546827954607238e-06, -9.414238018647238e-07, 0.00012095514452571728, 0.00010337162954664249, 7.25455906100564e-05], [8.33592158296438e-06, 9.909538940950706e-08, -1.3536210435063328e-05, 0.00010337162954664249, 0.00016078433969466806, 0.0001119797499830339], [1.6277160327418307e-05, 2.114824868138631e-05, 2.0801714648096732e-05, 7.25455906100564e-05, 0.0001119797499830339, 0.00010449023974034604]]</COVARIANCE_MATRIX>
		<ROI_SIZE>239</ROI_SIZE>
		<MAX_VALUE>[0.12035801261663437, 0.1251114010810852, 0.13665316998958588, 0.14908786118030548, 0.06344287097454071, 0.04783489182591438]</MAX_VALUE>
		<MIN_VALUE>[0.08886987715959549, 0.07375680655241013, 0.0655336081981659, 0.09640233963727951, 0.0146824661642313, 0.005211393814533949]</MIN_VALUE>
		<SIGNATURE_THRESHOLD_MD>0</SIGNATURE_THRESHOLD_MD>
		<SIGNATURE_THRESHOLD_ML>0</SIGNATURE_THRESHOLD_ML>
		<SIGNATURE_THRESHOLD_SAM>0</SIGNATURE_THRESHOLD_SAM>
	</signature>
	<signature ID="20220324_132954769897_428">
		<MACROCLASSID>1</MACROCLASSID>
		<MACROCLASSINFO>waterbody</MACROCLASSINFO>
		<CLASSID>15</CLASSID>
		<CLASSINFO>C 1</CLASSINFO>
		<VALUES>[0.10093816201466826, 0.0038425742939261916, 0.09649461222499521, 0.005158433186274793, 0.0980493413700052, 0.00783288130740866, 0.11812785208307351, 0.009088404257099437, 0.041220649763859696, 0.01567026658468868, 0.028670255356460554, 0.013250084974898683]</VALUES>
		<LCS_MIN>[0.08624585717916489, 0.07090376317501068, 0.05763142928481102, 0.1062808707356453, 0.018922502174973488, 0.011300466023385525]</LCS_MIN>
		<LCS_MAX>[0.11248597502708435, 0.11084622144699097, 0.11558070033788681, 0.1556735634803772, 0.07404296845197678, 0.06610211730003357]</LCS_MAX>
		<WAVELENGTH>[0.485, 0.56, 0.66, 0.83, 1.65, 2.215]</WAVELENGTH>
		<MEAN_VALUE>[0.10093816201466826, 0.09649461222499521, 0.0980493413700052, 0.11812785208307351, 0.041220649763859696, 0.028670255356460554]</MEAN_VALUE>
		<CHECKBOX>2</CHECKBOX>
		<SD>[0.0038425742939261916, 0.005158433186274793, 0.00783288130740866, 0.009088404257099437, 0.01567026658468868, 0.013250084974898683]</SD>
		<WAVELENGTH_UNIT>E-6m</WAVELENGTH_UNIT>
		<COLOR>#41817b</COLOR>
		<COVARIANCE_MATRIX>[[1.4806165539160975e-05, 1.5016023483767809e-05, 1.836024332876902e-05, -5.852719556276823e-07, 1.1323462635177536e-05, 1.5936130521000046e-05], [1.5016023483767809e-05, 2.6682939658082192e-05, 3.5744002928153564e-05, -1.2727464106776182e-05, -1.4708564257763774e-05, -2.4577688589451814e-07], [1.836024332876902e-05, 3.5744002928153564e-05, 6.152351584549878e-05, -3.277078693435708e-05, -5.2136192302654876e-05, -2.4792924299443155e-05], [-5.852719556276823e-07, -1.2727464106776182e-05, -3.277078693435708e-05, 8.282726622759151e-05, 0.00011174473983335039, 8.341304150971791e-05], [1.1323462635177536e-05, -1.4708564257763774e-05, -5.2136192302654876e-05, 0.00011174473983335039, 0.0002462355897933191, 0.0001936058595006545], [1.5936130521000046e-05, -2.4577688589451814e-07, -2.4792924299443155e-05, 8.341304150971791e-05, 0.0001936058595006545, 0.00017604973734436198]]</COVARIANCE_MATRIX>
		<ROI_SIZE>363</ROI_SIZE>
		<MAX_VALUE>[0.11248597502708435, 0.11084622144699097, 0.11558070033788681, 0.1556735634803772, 0.07404296845197678, 0.06610211730003357]</MAX_VALUE>
		<MIN_VALUE>[0.08624585717916489, 0.07090376317501068, 0.05763142928481102, 0.1062808707356453, 0.018922502174973488, 0.011300466023385525]</MIN_VALUE>
		<SIGNATURE_THRESHOLD_MD>0</SIGNATURE_THRESHOLD_MD>
		<SIGNATURE_THRESHOLD_ML>0</SIGNATURE_THRESHOLD_ML>
		<SIGNATURE_THRESHOLD_SAM>0</SIGNATURE_THRESHOLD_SAM>
	</signature>
	<signature ID="20220324_133003260214_339">
		<MACROCLASSID>1</MACROCLASSID>
		<MACROCLASSINFO>waterbody</MACROCLASSINFO>
		<CLASSID>16</CLASSID>
		<CLASSINFO>C 1</CLASSINFO>
		<VALUES>[0.07409845787636977, 0.0015240481827223519, 0.05974231367620841, 0.002390052094937712, 0.045114950210936165, 0.0026201404953519213, 0.03516552221482108, 0.00563993636800217, 0.009768442325585536, 0.003941442623564544, 0.005751659131656464, 0.0027794846779319814]</VALUES>
		<LCS_MIN>[0.06918978691101074, 0.05093253403902054, 0.03655896335840225, 0.017374027520418167, 0.0, 0.0]</LCS_MIN>
