<?xml version="1.0" ?>
<signaturelist MCID_LIST="[['1', 'waterbody', '#0000ff'], ['2', 'vegetation', '#00ff00'], ['3', 'bareland', '#ffaa00'], ['4', 'built-up', '#ff0000']]">
	<signature ID="20211203_162301793416_331">
		<MACROCLASSID>1</MACROCLASSID>
		<MACROCLASSINFO>waterbody</MACROCLASSINFO>
		<CLASSID>1</CLASSID>
		<CLASSINFO>C 1</CLASSINFO>
		<VALUES>[0.11481667683794956, 0.003779420928536662, 0.115249554225888, 0.006104194238618718, 0.09512169831797432, 0.007546936348985303, 0.02361597370502542, 0.007291209998513916, 0.00560972610500239, 0.003253055885538532, 0.0039397387657315675, 0.002433927204813547]</VALUES>
		<LCS_MIN>[0.08614298701286316, 0.06685765832662582, 0.06025645136833191, 0.016448449343442917, 0.004173486493527889, 0.0028095985762774944]</LCS_MIN>
		<LCS_MAX>[0.1367976814508438, 0.12528648972511292, 0.11292969435453415, 0.0905892550945282, 0.07274963706731796, 0.05575563386082649]</LCS_MAX>
		<WAVELENGTH>[0.48, 0.56, 0.655, 0.865, 1.61, 2.2]</WAVELENGTH>
		<MEAN_VALUE>[0.11481667683794956, 0.115249554225888, 0.09512169831797432, 0.02361597370502542, 0.00560972610500239, 0.0039397387657315675]</MEAN_VALUE>
		<CHECKBOX>2</CHECKBOX>
		<SD>[0.003779420928536662, 0.006104194238618718, 0.007546936348985303, 0.007291209998513916, 0.003253055885538532, 0.002433927204813547]</SD>
		<WAVELENGTH_UNIT>E-6m</WAVELENGTH_UNIT>
		<COLOR>#6fe59c</COLOR>
		<COVARIANCE_MATRIX>[[1.292382239626022e-05, 2.0782375941053033e-05, 6.808479156461544e-06, -1.7029869923135266e-05, -5.471143595059402e-06, -4.0764948607829865e-06], [2.0782375941053033e-05, 3.4129996492993087e-05, 1.1030932000721805e-05, -2.9321847250685096e-05, -9.964771379600279e-06, -7.426420324918581e-06], [6.808479156461544e-06, 1.1030932000721805e-05, 4.9634352762950584e-05, 1.4276423826231621e-05, -1.6031908671720885e-06, -1.2171067282906733e-06], [-1.7029869923135266e-05, -2.9321847250685096e-05, 1.4276423826231621e-05, 5.005790080758743e-05, 1.565174534334801e-05, 1.1600356629060116e-05], [-5.471143595059402e-06, -9.964771379600279e-06, -1.6031908671720885e-06, 1.565174534334801e-05, 1.1050471584894694e-05, 8.254501153714955e-06], [-4.0764948607829865e-06, -7.426420324918581e-06, -1.2171067282906733e-06, 1.1600356629060116e-05, 8.254501153714955e-06, 6.254556410567602e-06]]</COVARIANCE_MATRIX>
		<ROI_SIZE>53580</ROI_SIZE>
		<MAX_VALUE>[0.1367976814508438, 0.12528648972511292, 0.11292969435453415, 0.0905892550945282, 0.07274963706731796, 0.05575563386082649]</MAX_VALUE>
		<MIN_VALUE>[0.08614298701286316, 0.06685765832662582, 0.06025645136833191, 0.016448449343442917, 0.004173486493527889, 0.0028095985762774944]</MIN_VALUE>
		<SIGNATURE_THRESHOLD_MD>0.0</SIGNATURE_THRESHOLD_MD>
		<SIGNATURE_THRESHOLD_ML>0.0</SIGNATURE_THRESHOLD_ML>
		<SIGNATURE_THRESHOLD_SAM>0.0</SIGNATURE_THRESHOLD_SAM>
	</signature>
	<signature ID="20211203_162315975745_837">
		<MACROCLASSID>1</MACROCLASSID>
		<MACROCLASSINFO>waterbody</MACROCLASSINFO>
		<CLASSID>2</CLASSID>
		<CLASSINFO>C 1</CLASSINFO>
		<VALUES>[0.08970541246696538, 0.004295618962644727, 0.0858047003800145, 0.007875020770551336, 0.06982840666806188, 0.012355089014244343, 0.04406500805522914, 0.01741918721100726, 0.01298324445754475, 0.008767283043200855, 0.009196483534587832, 0.006051831374674212]</VALUES>
		<LCS_MIN>[0.08546105772256851, 0.07624118775129318, 0.05613751336932182, 0.027468640357255936, 0.005291867069900036, 0.004773587919771671]</LCS_MIN>
		<LCS_MAX>[0.10360071063041687, 0.10946543514728546, 0.1115930825471878, 0.10166400671005249, 0.07054015249013901, 0.05150030553340912]</LCS_MAX>
		<WAVELENGTH>[0.48, 0.56, 0.655, 0.865, 1.61, 2.2]</WAVELENGTH>
		<MEAN_VALUE>[0.08970541246696538, 0.0858047003800145, 0.06982840666806188, 0.04406500805522914, 0.01298324445754475, 0.009196483534587832]</MEAN_VALUE>
		<CHECKBOX>2</CHECKBOX>
		<SD>[0.004295618962644727, 0.007875020770551336, 0.012355089014244343, 0.01741918721100726, 0.008767283043200855, 0.006051831374674212]</SD>
		<WAVELENGTH_UNIT>E-6m</WAVELENGTH_UNIT>
		<COLOR>#d503f9</COLOR>
		<COVARIANCE_MATRIX>[[1.8477758203516714e-05, 3.305945938336663e-05, 5.283585414872505e-05, 6.299468805082142e-05, 8.815984074317385e-06, 5.981451522529824e-06], [3.305945938336663e-05, 6.210137507878244e-05, 9.564176434651017e-05, 0.00010238130198558792, 7.69264079281129e-06, 5.1767960940196645e-06], [5.283585414872505e-05, 9.564176434651017e-05, 0.00015285848348867148, 0.0001769744703778997, 2.0859119103988633e-05, 1.407495165040018e-05], [6.299468805082142e-05, 0.00010238130198558792, 0.0001769744703778997, 0.00030384602723643184, 9.896957635646686e-05, 6.496471905848011e-05], [8.815984074317385e-06, 7.69264079281129e-06, 2.0859119103988633e-05, 9.896957635646686e-05, 7.697112596360967e-05, 5.2519419114105403e-05], [5.981451522529824e-06, 5.1767960940196645e-06, 1.407495165040018e-05, 6.496471905848011e-05, 5.2519419114105403e-05, 3.667511191451922e-05]]</COVARIANCE_MATRIX>
		<ROI_SIZE>727</ROI_SIZE>
		<MAX_VALUE>[0.10360071063041687, 0.10946543514728546, 0.1115930825471878, 0.10166400671005249, 0.07054015249013901, 0.05150030553340912]</MAX_VALUE>
		<MIN_VALUE>[0.08546105772256851, 0.07624118775129318, 0.05613751336932182, 0.027468640357255936, 0.005291867069900036, 0.004773587919771671]</MIN_VALUE>
		<SIGNATURE_THRESHOLD_MD>0.0</SIGNATURE_THRESHOLD_MD>
		<SIGNATURE_THRESHOLD_ML>0.0</SIGNATURE_THRESHOLD_ML>
		<SIGNATURE_THRESHOLD_SAM>0.0</SIGNATURE_THRESHOLD_SAM>
	</signature>
	<signature ID="20211203_162321626771_897">
		<MACROCLASSID>1</MACROCLASSID>
		<MACROCLASSINFO>waterbody</MACROCLASSINFO>
		<CLASSID>3</CLASSID>
		<CLASSINFO>C 1</CLASSINFO>
		<VALUES>[0.10317743453546536, 0.002121151433788226, 0.10014050855364634, 0.0035825119893471134, 0.07268120031162695, 0.004484971958168374, 0.02333029361264177, 0.008334273914524213, 0.008372516571260518, 0.006135613995110463, 0.0057939187586981645, 0.004337733419899301]</VALUES>
		<LCS_MIN>[0.08895258605480194, 0.07242230325937271, 0.053300641477108, 0.015493732877075672, 0.0030278218910098076, 0.00351881654933095]</LCS_MIN>
		<LCS_MAX>[0.10853797197341919, 0.10763783007860184, 0.08996187150478363, 0.08761599659919739, 0.07239503413438797, 0.05417351424694061]</LCS_MAX>
		<WAVELENGTH>[0.48, 0.56, 0.655, 0.865, 1.61, 2.2]</WAVELENGTH>
		<MEAN_VALUE>[0.10317743453546536, 0.10014050855364634, 0.07268120031162695, 0.02333029361264177, 0.008372516571260518, 0.0057939187586981645]</MEAN_VALUE>
		<CHECKBOX>2</CHECKBOX>
		<SD>[0.002121151433788226, 0.0035825119893471134, 0.004484971958168374, 0.008334273914524213, 0.006135613995110463, 0.004337733419899301]</SD>
		<WAVELENGTH_UNIT>E-6m</WAVELENGTH_UNIT>
		<COLOR>#265bbb</COLOR>
		<COVARIANCE_MATRIX>[[4.8487245294381864e-06, 7.625485068274429e-06, 6.367117748595774e-07, -6.913391189300455e-06, -4.033480308862636e-06, -2.558845608291449e-06], [7.625485068274429e-06, 1.3277279322210234e-05, 4.266729831670091e-07, -1.5561116015305743e-05, -1.0146402928512543e-05, -6.6421816882211715e-06], [6.367117748595774e-07, 4.266729831670091e-07, 1.564695412525907e-05, 9.619726370146964e-06, 5.888161467737518e-06, 4.716730018117232e-06], [-6.913391189300455e-06, -1.5561116015305743e-05, 9.619726370146964e-06, 7.134349289117381e-05, 4.79315931443125e-05, 3.128709067823365e-05], [-4.033480308862636e-06, -1.0146402928512543e-05, 5.888161467737518e-06, 4.79315931443125e-05, 3.978183667641133e-05, 2.705862971197348e-05], [-2.558845608291449e-06, -6.6421816882211715e-06, 4.716730018117232e-06, 3.128709067823365e-05, 2.705862971197348e-05, 1.892454929475207e-05]]</COVARIANCE_MATRIX>
		<ROI_SIZE>4097</ROI_SIZE>
		<MAX_VALUE>[0.10853797197341919, 0.10763783007860184, 0.08996187150478363, 0.08761599659919739, 0.07239503413438797, 0.05417351424694061]</MAX_VALUE>
		<MIN_VALUE>[0.08895258605480194, 0.07242230325937271, 0.053300641477108, 0.015493732877075672, 0.0030278218910098076, 0.00351881654933095]</MIN_VALUE>
		<SIGNATURE_THRESHOLD_MD>0.0</SIGNATURE_THRESHOLD_MD>
		<SIGNATURE_THRESHOLD_ML>0.0</SIGNATURE_THRESHOLD_ML>
		<SIGNATURE_THRESHOLD_SAM>0.0</SIGNATURE_THRESHOLD_SAM>
	</signature>
	<signature ID="20211203_162337979981_478">
		<MACROCLASSID>1</MACROCLASSID>
		<MACROCLASSINFO>waterbody</MACROCLASSINFO>
		<CLASSID>4</CLASSID>
		<CLASSINFO>C 1</CLASSINFO>
		<VALUES>[0.10812757977030497, 0.0028582213681649865, 0.1204699971459129, 0.009535037523519942, 0.12202978601509874, 0.011075056753894582, 0.13617178838361396, 0.008254417471512452, 0.027123704992912043, 0.019873491736949026, 0.01818504871546545, 0.012047668091145994]</VALUES>
		<LCS_MIN>[0.09618118405342102, 0.08709770441055298, 0.08213316649198532, 0.12247689068317413, 0.012329520657658577, 0.0075831967405974865]</LCS_MIN>
		<LCS_MAX>[0.113693468272686, 0.1304965317249298, 0.1416531205177307, 0.16470277309417725, 0.08183310925960541, 0.05234590545296669]</LCS_MAX>
		<WAVELENGTH>[0.48, 0.56, 0.655, 0.865, 1.61, 2.2]</WAVELENGTH>
		<MEAN_VALUE>[0.10812757977030497, 0.1204699971459129, 0.12202978601509874, 0.13617178838361396, 0.027123704992912043, 0.01818504871546545]</MEAN_VALUE>
		<CHECKBOX>2</CHECKBOX>
		<SD>[0.0028582213681649865, 0.009535037523519942, 0.011075056753894582, 0.008254417471512452, 0.019873491736949026, 0.012047668091145994]</SD>
		<WAVELENGTH_UNIT>E-6m</WAVELENGTH_UNIT>
		<COLOR>#9b25ea</COLOR>
		<COVARIANCE_MATRIX>[[8.244378477684222e-06, 2.3246675482369028e-05, 2.983758349728305e-05, -1.6649141798552591e-06, -3.912091415259056e-05, -2.19766516238451e-05], [2.3246675482369028e-05, 9.175104059977457e-05, 0.0001031484134728089, -2.503659197827801e-05, -0.00017330357513856143, -0.00010283955634804443], [2.983758349728305e-05, 0.0001031484134728089, 0.00012378217070363462, -1.7097569070756435e-05, -0.00018796770018525422, -0.00010983018728438765], [-1.6649141798552591e-06, -2.503659197827801e-05, -1.7097569070756435e-05, 6.876050611026585e-05, 8.338574116351083e-05, 4.571281897369772e-05], [-3.912091415259056e-05, -0.00017330357513856143, -0.00018796770018525422, 8.338574116351083e-05, 0.00039857911178842187, 0.0002393700269749388], [-2.19766516238451e-05, -0.00010283955634804443, -0.00010983018728438765, 4.571281897369772e-05, 0.0002393700269749388, 0.0001464779197704047]]</COVARIANCE_MATRIX>
		<ROI_SIZE>110</ROI_SIZE>
		<MAX_VALUE>[0.113693468272686, 0.1304965317249298, 0.1416531205177307, 0.16470277309417725, 0.08183310925960541, 0.05234590545296669]</MAX_VALUE>
		<MIN_VALUE>[0.09618118405342102, 0.08709770441055298, 0.08213316649198532, 0.12247689068317413, 0.012329520657658577, 0.0075831967405974865]</MIN_VALUE>
		<SIGNATURE_THRESHOLD_MD>0.0</SIGNATURE_THRESHOLD_MD>
		<SIGNATURE_THRESHOLD_ML>0.0</SIGNATURE_THRESHOLD_ML>
		<SIGNATURE_THRESHOLD_SAM>0.0</SIGNATURE_THRESHOLD_SAM>
	</signature>
	<signature ID="20211203_162356078109_180">
		<MACROCLASSID>1</MACROCLASSID>
		<MACROCLASSINFO>waterbody</MACROCLASSINFO>
		<CLASSID>5</CLASSID>
		<CLASSINFO>C 1</CLASSINFO>
		<VALUES>[0.10577331654169833, 0.0019138638903076475, 0.1042781442746379, 0.00259655889615481, 0.08638867055312398, 0.016892421940413235, 0.02912913261052207, 0.015331700594246156, 0.006118313205371774, 0.002519880927497707, 0.004169662923565909, 0.0015561512106543154]</VALUES>
		<LCS_MIN>[0.09318064153194427, 0.08153305947780609, 0.06432081758975983, 0.01579378917813301, 0.004118928220123053, 0.0025913752615451813]</LCS_MIN>
		<LCS_MAX>[0.1105019748210907, 0.1142663061618805, 0.12253143638372421, 0.07714133709669113, 0.055537402629852295, 0.04108021408319473]</LCS_MAX>
		<WAVELENGTH>[0.48, 0.56, 0.655, 0.865, 1.61, 2.2]</WAVELENGTH>
		<MEAN_VALUE>[0.10577331654169833, 0.1042781442746379, 0.08638867055312398, 0.02912913261052207, 0.006118313205371774, 0.004169662923565909]</MEAN_VALUE>
		<CHECKBOX>2</CHECKBOX>
		<SD>[0.0019138638903076475, 0.00259655889615481, 0.016892421940413235, 0.015331700594246156, 0.002519880927497707, 0.0015561512106543154]</SD>
		<WAVELENGTH_UNIT>E-6m</WAVELENGTH_UNIT>
		<COLOR>#d7fdb7</COLOR>
		<COVARIANCE_MATRIX>[[3.938466761610471e-06, 3.435352255110047e-06, -1.1489355529192835e-05, -1.5964398698997684e-05, -3.1576341825712007e-06, -1.8361131424171617e-06], [3.435352255110047e-06, 7.593634563818341e-06, 1.172419433714822e-05, -3.3324798209832807e-07, -2.7400212729844498e-06, -1.8508843595554936e-06], [-1.1489355529192835e-05, 1.172419433714822e-05, 0.0002536836254876107, 0.00019036406592931598, 1.3084389138384722e-05, 7.3970318226201925e-06], [-1.5964398698997684e-05, -3.3324798209832807e-07, 0.00019036406592931598, 0.00023242825409397483, 2.7998738005408086e-05, 1.6138836144818924e-05], [-3.1576341825712007e-06, -2.7400212729844498e-06, 1.3084389138384722e-05, 2.7998738005408086e-05, 7.466798706445843e-06, 4.471300599107053e-06], [-1.8361131424171617e-06, -1.8508843595554936e-06, 7.3970318226201925e-06, 1.6138836144818924e-05, 4.471300599107053e-06, 2.8760152872564504e-06]]</COVARIANCE_MATRIX>
		<ROI_SIZE>22021</ROI_SIZE>
		<MAX_VALUE>[0.1105019748210907, 0.1142663061618805, 0.12253143638372421, 0.07714133709669113, 0.055537402629852295, 0.04108021408319473]</MAX_VALUE>
		<MIN_VALUE>[0.09318064153194427, 0.08153305947780609, 0.06432081758975983, 0.01579378917813301, 0.004118928220123053, 0.0025913752615451813]</MIN_VALUE>
		<SIGNATURE_THRESHOLD_MD>0.0</SIGNATURE_THRESHOLD_MD>
		<SIGNATURE_THRESHOLD_ML>0.0</SIGNATURE_THRESHOLD_ML>
		<SIGNATURE_THRESHOLD_SAM>0.0</SIGNATURE_THRESHOLD_SAM>
	</signature>
	<signature ID="20211203_162444463310_606">
		<MACROCLASSID>1</MACROCLASSID>
		<MACROCLASSINFO>waterbody</MACROCLASSINFO>
		<CLASSID>6</CLASSID>
		<CLASSINFO>C 1</CLASSINFO>
		<VALUES>[0.11087287165337076, 0.0019317411914306403, 0.10949987960599192, 0.0032333806014792706, 0.08168355290171461, 0.010330856881302957, 0.02074292900736629, 0.007709009530260047, 0.005124240987006467, 0.0009350201691495796, 0.0035829749872433444, 0.0006882456439474895]</VALUES>
		<LCS_MIN>[0.08974363654851913, 0.07054015249013901, 0.06284783780574799, 0.016366615891456604, 0.003955263178795576, 0.002645933534950018]</LCS_MIN>
		<LCS_MAX>[0.11497551947832108, 0.11644852161407471, 0.12403171509504318, 0.06824882328510284, 0.04121660813689232, 0.02951447106897831]</LCS_MAX>
		<WAVELENGTH>[0.48, 0.56, 0.655, 0.865, 1.61, 2.2]</WAVELENGTH>
		<MEAN_VALUE>[0.11087287165337076, 0.10949987960599192, 0.08168355290171461, 0.02074292900736629, 0.005124240987006467, 0.0035829749872433444]</MEAN_VALUE>
		<CHECKBOX>2</CHECKBOX>
		<SD>[0.0019317411914306403, 0.0032333806014792706, 0.010330856881302957, 0.007709009530260047, 0.0009350201691495796, 0.0006882456439474895]</SD>
		<WAVELENGTH_UNIT>E-6m</WAVELENGTH_UNIT>
		<COLOR>#388682</COLOR>
		<COVARIANCE_MATRIX>[[4.125025043322239e-06, 6.621038664889056e-06, -7.703950359427836e-06, -7.562045539089013e-06, -1.077304887076025e-06, -7.944594244690961e-07], [6.621038664889056e-06, 1.2537503607745748e-05, -4.479068593354896e-06, -8.74663055583369e-06, -1.8515842157285078e-06, -1.390590568917105e-06], [-7.703950359427836e-06, -4.479068593354896e-06, 0.00010997617937391624, 6.544403004227206e-05, 3.091953203693265e-06, 2.212914296251256e-06], [-7.562045539089013e-06, -8.74663055583369e-06, 6.544403004227206e-05, 5.664458149112761e-05, 4.932593128614826e-06, 3.5561961340135895e-06], [-1.077304887076025e-06, -1.8515842157285078e-06, 3.091953203693265e-06, 4.932593128614826e-06, 1.1484781907711294e-06, 8.078949917944556e-07], [-7.944594244690961e-07, -1.390590568917105e-06, 2.212914296251256e-06, 3.5561961340135895e-06, 8.078949917944556e-07, 6.205573868101055e-07]]</COVARIANCE_MATRIX>
		<ROI_SIZE>49145</ROI_SIZE>
		<MAX_VALUE>[0.11497551947832108, 0.11644852161407471, 0.12403171509504318, 0.06824882328510284, 0.04121660813689232, 0.02951447106897831]</MAX_VALUE>
		<MIN_VALUE>[0.08974363654851913, 0.07054015249013901, 0.06284783780574799, 0.016366615891456604, 0.003955263178795576, 0.002645933534950018]</MIN_VALUE>
		<SIGNATURE_THRESHOLD_MD>0.0</SIGNATURE_THRESHOLD_MD>
		<SIGNATURE_THRESHOLD_ML>0.0</SIGNATURE_THRESHOLD_ML>
		<SIGNATURE_THRESHOLD_SAM>0.0</SIGNATURE_THRESHOLD_SAM>
	</signature>
	<signature ID="20211203_162454252251_205">
		<MACROCLASSID>1</MACROCLASSID>
		<MACROCLASSINFO>waterbody</MACROCLASSINFO>
		<CLASSID>7</CLASSID>
		<CLASSINFO>C 1</CLASSINFO>
		<VALUES>[0.10292969028155007, 0.0024596848318320236, 0.09834485302368798, 0.00582218162170985, 0.095099894007047, 0.007477957196409385, 0.08211498235662776, 0.023185001405420236, 0.03099292385081449, 0.01572536260821756, 0.020026194949944818, 0.01001144006040031]</VALUES>
		<LCS_MIN>[0.09615390747785568, 0.08330611884593964, 0.07618661969900131, 0.05185490846633911, 0.012929622083902359, 0.009819967672228813]</LCS_MIN>
		<LCS_MAX>[0.10875620692968369, 0.10709226131439209, 0.10605570673942566, 0.12141305953264236, 0.07354068756103516, 0.05392802506685257]</LCS_MAX>
		<WAVELENGTH>[0.48, 0.56, 0.655, 0.865, 1.61, 2.2]</WAVELENGTH>
		<MEAN_VALUE>[0.10292969028155007, 0.09834485302368798, 0.095099894007047, 0.08211498235662776, 0.03099292385081449, 0.020026194949944818]</MEAN_VALUE>
		<CHECKBOX>2</CHECKBOX>
		<SD>[0.0024596848318320236, 0.00582218162170985, 0.007477957196409385, 0.023185001405420236, 0.01572536260821756, 0.01001144006040031]</SD>
		<WAVELENGTH_UNIT>E-6m</WAVELENGTH_UNIT>
		<COLOR>#ce70ad</COLOR>
		<COVARIANCE_MATRIX>[[6.13180691289017e-06, 1.3598149962490425e-05, 1.7820253560785204e-05, -4.155880742473528e-05, -2.112423135258723e-05, -1.0283725714543834e-05], [1.3598149962490425e-05, 3.435587859712541e-05, 4.362924300949089e-05, -0.00011787953553721309, -6.33321178611368e-05, -3.3573247492313385e-05], [1.7820253560785204e-05, 4.362924300949089e-05, 5.667551886290312e-05, -0.00014886786811985075, -8.159021672327071e-05, -4.3277184886392206e-05], [-4.155880742473528e-05, -0.00011787953553721309, -0.00014886786811985075, 0.0005448083975352347, 0.00033875310327857733, 0.00019928542315028608], [-2.112423135258723e-05, -6.33321178611368e-05, -8.159021672327071e-05, 0.00033875310327857733, 0.00025062874192371964, 0.00015692008309997618], [-1.0283725714543834e-05, -3.3573247492313385e-05, -4.3277184886392206e-05, 0.00019928542315028608, 0.00015692008309997618, 0.00010158337681787089]]</COVARIANCE_MATRIX>
		<ROI_SIZE>75</ROI_SIZE>
		<MAX_VALUE>[0.10875620692968369, 0.10709226131439209, 0.10605570673942566, 0.12141305953264236, 0.07354068756103516, 0.05392802506685257]</MAX_VALUE>
		<MIN_VALUE>[0.09615390747785568, 0.08330611884593964, 0.07618661969900131, 0.05185490846633911, 0.012929622083902359, 0.009819967672228813]</MIN_VALUE>
		<SIGNATURE_THRESHOLD_MD>0.0</SIGNATURE_THRESHOLD_MD>
		<SIGNATURE_THRESHOLD_ML>0.0</SIGNATURE_THRESHOLD_ML>
		<SIGNATURE_THRESHOLD_SAM>0.0</SIGNATURE_THRESHOLD_SAM>
	</signature>
	<signature ID="20211203_162459516713_430">
		<MACROCLASSID>1</MACROCLASSID>
		<MACROCLASSINFO>waterbody</MACROCLASSINFO>
		<CLASSID>8</CLASSID>
		<CLASSINFO>C 1</CLASSINFO>
		<VALUES>[0.1025822287228327, 0.0020987348803427363, 0.10506617506718068, 0.0034878338370639313, 0.09938263755812984, 0.006374031941330466, 0.09437536316011554, 0.008404617971994556, 0.015186973523234146, 0.009747210856445275, 0.011504204017221424, 0.007827524796081857]</VALUES>
		<LCS_MIN>[0.09836339205503464, 0.09238959103822708, 0.08690676838159561, 0.07411352545022964, 0.009601744823157787, 0.006683029234409332]</LCS_MIN>
		<LCS_MAX>[0.10990186035633087, 0.11434812843799591, 0.12247689068317413, 0.12640489637851715, 0.05951995030045509, 0.04661758989095688]</LCS_MAX>
		<WAVELENGTH>[0.48, 0.56, 0.655, 0.865, 1.61, 2.2]</WAVELENGTH>
		<MEAN_VALUE>[0.1025822287228327, 0.10506617506718068, 0.09938263755812984, 0.09437536316011554, 0.015186973523234146, 0.011504204017221424]</MEAN_VALUE>
		<CHECKBOX>2</CHECKBOX>
		<SD>[0.0020987348803427363, 0.0034878338370639313, 0.006374031941330466, 0.008404617971994556, 0.009747210856445275, 0.007827524796081857]</SD>
		<WAVELENGTH_UNIT>E-6m</WAVELENGTH_UNIT>
		<COLOR>#b2f19d</COLOR>
		<COVARIANCE_MATRIX>[[4.419772722030757e-06, 4.7175221880024765e-06, 1.2811275155399926e-05, 8.942130079958588e-06, 3.330987055960577e-06, 2.773613005047082e-06], [4.7175221880024765e-06, 1.2206645806145389e-05, 1.7091886547859758e-05, -1.328866119365557e-06, -1.9731131033040583e-05, -1.5650233763153665e-05], [1.2811275155399926e-05, 1.7091886547859758e-05, 4.076741970493458e-05, 1.9335378965479322e-05, -2.020034116867464e-06, -1.3118107062837225e-06], [8.942130079958588e-06, -1.328866119365557e-06, 1.9335378965479322e-05, 7.087951235007495e-05, 5.0595419452292845e-05, 4.059214916196652e-05], [3.330987055960577e-06, -1.9731131033040583e-05, -2.020034116867464e-06, 5.0595419452292845e-05, 9.533348929835483e-05, 7.632756751263514e-05], [2.773613005047082e-06, -1.5650233763153665e-05, -1.3118107062837225e-06, 4.059214916196652e-05, 7.632756751263514e-05, 6.14799719187431e-05]]</COVARIANCE_MATRIX>
		<ROI_SIZE>293</ROI_SIZE>
		<MAX_VALUE>[0.10990186035633087, 0.11434812843799591, 0.12247689068317413, 0.12640489637851715, 0.05951995030045509, 0.04661758989095688]</MAX_VALUE>
		<MIN_VALUE>[0.09836339205503464, 0.09238959103822708, 0.08690676838159561, 0.07411352545022964, 0.009601744823157787, 0.006683029234409332]</MIN_VALUE>
		<SIGNATURE_THRESHOLD_MD>0.0</SIGNATURE_THRESHOLD_MD>
		<SIGNATURE_THRESHOLD_ML>0.0</SIGNATURE_THRESHOLD_ML>
		<SIGNATURE_THRESHOLD_SAM>0.0</SIGNATURE_THRESHOLD_SAM>
	</signature>
	<signature ID="20211203_162514393488_735">
		<MACROCLASSID>1</MACROCLASSID>
		<MACROCLASSINFO>waterbody</MACROCLASSINFO>
		<CLASSID>9</CLASSID>
		<CLASSINFO>C 1</CLASSINFO>
		<VALUES>[0.11032134244839348, 0.002561441604924714, 0.10601752433511948, 0.004635304235962824, 0.11410263611210718, 0.007413976611929783, 0.10516706754763919, 0.015265586273736134, 0.0753883010811276, 0.014425443943701146, 0.059185947395033314, 0.011342586724748013]</VALUES>
		<LCS_MIN>[0.10439178347587585, 0.09448996186256409, 0.09724501520395279, 0.07384074479341507, 0.04356248304247856, 0.03696127608418465]</LCS_MIN>
		<LCS_MAX>[0.11546653509140015, 0.11363892257213593, 0.1270868182182312, 0.13104209303855896, 0.10180039703845978, 0.08259689062833786]</LCS_MAX>
		<WAVELENGTH>[0.48, 0.56, 0.655, 0.865, 1.61, 2.2]</WAVELENGTH>
		<MEAN_VALUE>[0.11032134244839348, 0.10601752433511948, 0.11410263611210718, 0.10516706754763919, 0.0753883010811276, 0.059185947395033314]</MEAN_VALUE>
		<CHECKBOX>2</CHECKBOX>
		<SD>[0.002561441604924714, 0.004635304235962824, 0.007413976611929783, 0.015265586273736134, 0.014425443943701146, 0.011342586724748013]</SD>
		<WAVELENGTH_UNIT>E-6m</WAVELENGTH_UNIT>
		<COLOR>#2dcfac</COLOR>
		<COVARIANCE_MATRIX>[[6.710096386086661e-06, 9.81246012088377e-06, 1.6013265849323943e-05, 3.090060772592551e-06, 1.0972703421430197e-05, 9.796915037441067e-06], [9.81246012088377e-06, 2.1974365154164843e-05, 3.407102121855132e-05, 1.680687455518637e-05, 1.2636919564101845e-05, 1.1771262506954372e-05], [1.6013265849323943e-05, 3.407102121855132e-05, 5.621630043606274e-05, 2.3183396478998475e-05, 2.734752524702344e-05, 2.7055524697061628e-05], [3.090060772592551e-06, 1.680687455518637e-05, 2.3183396478998475e-05, 0.00023833443992771208, 0.00018555845599621534, 0.00012965677888132632], [1.0972703421430197e-05, 1.2636919564101845e-05, 2.734752524702344e-05, 0.00018555845599621534, 0.00021282282250467688, 0.00016359436267521232], [9.796915037441067e-06, 1.1771262506954372e-05, 2.7055524697061628e-05, 0.00012965677888132632, 0.00016359436267521232, 0.0001315782283199951]]</COVARIANCE_MATRIX>
		<ROI_SIZE>45</ROI_SIZE>
		<MAX_VALUE>[0.11546653509140015, 0.11363892257213593, 0.1270868182182312, 0.13104209303855896, 0.10180039703845978, 0.08259689062833786]</MAX_VALUE>
		<MIN_VALUE>[0.10439178347587585, 0.09448996186256409, 0.09724501520395279, 0.07384074479341507, 0.04356248304247856, 0.03696127608418465]</MIN_VALUE>
		<SIGNATURE_THRESHOLD_MD>0.0</SIGNATURE_THRESHOLD_MD>
		<SIGNATURE_THRESHOLD_ML>0.0</SIGNATURE_THRESHOLD_ML>
		<SIGNATURE_THRESHOLD_SAM>0.0</SIGNATURE_THRESHOLD_SAM>
	</signature>
	<signature ID="20211203_162547323748_398">
		<MACROCLASSID>1</MACROCLASSID>
		<MACROCLASSINFO>waterbody</MACROCLASSINFO>
		<CLASSID>10</CLASSID>
		<CLASSINFO>C 1</CLASSINFO>
		<VALUES>[0.11115235739904747, 0.001832266948083569, 0.11786445185143128, 0.004041132533787465, 0.1188896363633614, 0.005339229335339031, 0.06974273642071885, 0.009701304752804979, 0.01043462192550805, 0.004119080613907932, 0.007483263217602289, 0.002877833617443452]</VALUES>
		<LCS_MIN>[0.10357344150543213, 0.10076384246349335, 0.09727228432893753, 0.03963450714945793, 0.007310414686799049, 0.004964536987245083]</LCS_MIN>
		<LCS_MAX>[0.11453907191753387, 0.12294061481952667, 0.1315058171749115, 0.09451723843812943, 0.03824334219098091, 0.02708675153553486]</LCS_MAX>
		<WAVELENGTH>[0.48, 0.56, 0.655, 0.865, 1.61, 2.2]</WAVELENGTH>
		<MEAN_VALUE>[0.11115235739904747, 0.11786445185143128, 0.1188896363633614, 0.06974273642071885, 0.01043462192550805, 0.007483263217602289]</MEAN_VALUE>
		<CHECKBOX>2</CHECKBOX>
		<SD>[0.001832266948083569, 0.004041132533787465, 0.005339229335339031, 0.009701304752804979, 0.004119080613907932, 0.002877833617443452]</SD>
		<WAVELENGTH_UNIT>E-6m</WAVELENGTH_UNIT>
		<COLOR>#2e9019</COLOR>
		<COVARIANCE_MATRIX>[[6.730664154019905e-06, 9.330879038316198e-06, 1.4833402929070871e-05, 7.466739134542877e-06, -5.464178229885874e-06, -3.6682583868241636e-06], [9.330879038316198e-06, 1.8327975340071134e-05, 2.4021195713430643e-05, -5.7308398027089424e-06, -1.1910491593880579e-05, -8.151127076416742e-06], [1.4833402929070871e-05, 2.4021195713430643e-05, 3.9147224015323445e-05, 1.1196118975931313e-05, -1.716272709018085e-05, -1.1655135494947899e-05], [7.466739134542877e-06, -5.7308398027089424e-06, 1.1196118975931313e-05, 8.420497761107981e-05, 1.1567590263439342e-05, 7.498312697862275e-06], [-5.464178229885874e-06, -1.1910491593880579e-05, -1.716272709018085e-05, 1.1567590263439342e-05, 1.8065222320728935e-05, 1.2471263289626222e-05], [-3.6682583868241636e-06, -8.151127076416742e-06, -1.1655135494947899e-05, 7.498312697862275e-06, 1.2471263289626222e-05, 8.942073691287078e-06]]</COVARIANCE_MATRIX>
		<ROI_SIZE>1478</ROI_SIZE>
		<MAX_VALUE>[0.11453907191753387, 0.12294061481952667, 0.1315058171749115, 0.09451723843812943, 0.03824334219098091, 0.02708675153553486]</MAX_VALUE>
		<MIN_VALUE>[0.10357344150543213, 0.10076384246349335, 0.09727228432893753, 0.03963450714945793, 0.007310414686799049, 0.004964536987245083]</MIN_VALUE>
		<SIGNATURE_THRESHOLD_MD>0.0</SIGNATURE_THRESHOLD_MD>
		<SIGNATURE_THRESHOLD_ML>0.0</SIGNATURE_THRESHOLD_ML>
		<SIGNATURE_THRESHOLD_SAM>0.0</SIGNATURE_THRESHOLD_SAM>
	</signature>
	<signature ID="20211203_162555068649_743">
		<MACROCLASSID>1</MACROCLASSID>
		<MACROCLASSINFO>waterbody</MACROCLASSINFO>
		<CLASSID>11</CLASSID>
		<CLASSINFO>C 1</CLASSINFO>
		<VALUES>[0.09543712786887297, 0.0029671828908660576, 0.09443601943109624, 0.005910673560132943, 0.0873357090037446, 0.007468482457536641, 0.05754217127390158, 0.012534374370714108, 0.008176689545609316, 0.002833826665796752, 0.0056610840522941415, 0.001957275300243185]</VALUES>
		<LCS_MIN>[0.08797059953212738, 0.07585929334163666, 0.06781237572431564, 0.03742499649524689, 0.006055643782019615, 0.004146202467381954]</LCS_MIN>
		<LCS_MAX>[0.10471910983324051, 0.10845614969730377, 0.10769237577915192, 0.08677037805318832, 0.034533578902482986, 0.025122761726379395]</LCS_MAX>
		<WAVELENGTH>[0.48, 0.56, 0.655, 0.865, 1.61, 2.2]</WAVELENGTH>
		<MEAN_VALUE>[0.09543712786887297, 0.09443601943109624, 0.0873357090037446, 0.05754217127390158, 0.008176689545609316, 0.0056610840522941415]</MEAN_VALUE>
		<CHECKBOX>2</CHECKBOX>
		<SD>[0.0029671828908660576, 0.005910673560132943, 0.007468482457536641, 0.012534374370714108, 0.002833826665796752, 0.001957275300243185]</SD>
		<WAVELENGTH_UNIT>E-6m</WAVELENGTH_UNIT>
		<COLOR>#b9e0be</COLOR>
		<COVARIANCE_MATRIX>[[7.595409897476202e-06, 1.313585107709514e-05, 1.7716271031531505e-05, 2.1290410586516373e-05, 6.676240786873677e-07, 5.306648063196917e-07], [1.313585107709514e-05, 2.8810258299927227e-05, 3.4925771615235135e-05, 3.428092895774171e-05, -1.3816219279760844e-06, -9.795769528864184e-07], [1.7716271031531505e-05, 3.4925771615235135e-05, 4.788618389284238e-05, 4.93938714498654e-05, -7.439480782522878e-07, -5.009727033211675e-07], [2.1290410586516373e-05, 3.428092895774171e-05, 4.93938714498654e-05, 0.00013461416529025882, 1.3875815966457594e-05, 9.588140528649092e-06], [6.676240786873677e-07, -1.3816219279760844e-06, -7.439480782522878e-07, 1.3875815966457594e-05, 6.432917871279642e-06, 4.454615918803029e-06], [5.306648063196917e-07, -9.795769528864184e-07, -5.009727033211675e-07, 9.588140528649092e-06, 4.454615918803029e-06, 3.1773058708495228e-06]]</COVARIANCE_MATRIX>
		<ROI_SIZE>4667</ROI_SIZE>
		<MAX_VALUE>[0.10471910983324051, 0.10845614969730377, 0.10769237577915192, 0.08677037805318832, 0.034533578902482986, 0.025122761726379395]</MAX_VALUE>
		<MIN_VALUE>[0.08797059953212738, 0.07585929334163666, 0.06781237572431564, 0.03742499649524689, 0.006055643782019615, 0.004146202467381954]</MIN_VALUE>
		<SIGNATURE_THRESHOLD_MD>0.0</SIGNATURE_THRESHOLD_MD>
		<SIGNATURE_THRESHOLD_ML>0.0</SIGNATURE_THRESHOLD_ML>
		<SIGNATURE_THRESHOLD_SAM>0.0</SIGNATURE_THRESHOLD_SAM>
	</signature>
	<signature ID="20211203_162604453746_403">
		<MACROCLASSID>1</MACROCLASSID>
		<MACROCLASSINFO>waterbody</MACROCLASSINFO>
		<CLASSID>12</CLASSID>
		<CLASSINFO>C 1</CLASSINFO>
		<VALUES>[0.10683354937362591, 0.001725754458901126, 0.1129656529247567, 0.004228800446233074, 0.1121249593274258, 0.006045658813169394, 0.12804960385690659, 0.010837042774432797, 0.009237815303933599, 0.003265767673964945, 0.006174121728974291, 0.0022490820690672883]</VALUES>
		<LCS_MIN>[0.0973268523812294, 0.08955270051956177, 0.08881619572639465, 0.11473003029823303, 0.007119475863873959, 0.0046644811518490314]</LCS_MIN>
		<LCS_MAX>[0.11205679923295975, 0.12662310898303986, 0.12935088574886322, 0.1725587397813797, 0.03911621496081352, 0.026541197672486305]</LCS_MAX>
		<WAVELENGTH>[0.48, 0.56, 0.655, 0.865, 1.61, 2.2]</WAVELENGTH>
		<MEAN_VALUE>[0.10683354937362591, 0.1129656529247567, 0.1121249593274258, 0.12804960385690659, 0.009237815303933599, 0.006174121728974291]</MEAN_VALUE>
		<CHECKBOX>2</CHECKBOX>
		<SD>[0.001725754458901126, 0.004228800446233074, 0.006045658813169394, 0.010837042774432797, 0.003265767673964945, 0.0022490820690672883]</SD>
		<WAVELENGTH_UNIT>E-6m</WAVELENGTH_UNIT>
		<COLOR>#ab060d</COLOR>
		<COVARIANCE_MATRIX>[[2.9806478778482415e-06, 5.444383987196488e-06, 8.655491910758428e-06, 1.3231261618784629e-05, 2.924290321004719e-08, 1.5803955477622367e-07], [5.444383987196488e-06, 1.7897280486067757e-05, 1.4513688256556634e-05, 3.0542851163772866e-05, -2.9354802677517e-07, 1.4759159228106e-07], [8.655491910758428e-06, 1.4513688256556634e-05, 3.657968045445159e-05, 3.303621633676812e-05, -6.018064141244395e-06, -3.821975951723289e-06], [1.3231261618784629e-05, 3.0542851163772866e-05, 3.303621633676812e-05, 0.00011753689614124596, 9.405949640495237e-06, 6.395007403625641e-06], [2.924290321004719e-08, -2.9354802677517e-07, -6.018064141244395e-06, 9.405949640495237e-06, 1.0673902579583228e-05, 7.254064257722348e-06], [1.5803955477622367e-07, 1.4759159228106e-07, -3.821975951723289e-06, 6.395007403625641e-06, 7.254064257722348e-06, 5.062479431217071e-06]]</COVARIANCE_MATRIX>
		<ROI_SIZE>1232</ROI_SIZE>
		<MAX_VALUE>[0.11205679923295975, 0.12662310898303986, 0.12935088574886322, 0.1725587397813797, 0.03911621496081352, 0.026541197672486305]</MAX_VALUE>
		<MIN_VALUE>[0.0973268523812294, 0.08955270051956177, 0.08881619572639465, 0.11473003029823303, 0.007119475863873959, 0.0046644811518490314]</MIN_VALUE>
		<SIGNATURE_THRESHOLD_MD>0.0</SIGNATURE_THRESHOLD_MD>
		<SIGNATURE_THRESHOLD_ML>0.0</SIGNATURE_THRESHOLD_ML>
		<SIGNATURE_THRESHOLD_SAM>0.0</SIGNATURE_THRESHOLD_SAM>
	</signature>
	<signature ID="20211203_162623242322_805">
		<MACROCLASSID>1</MACROCLASSID>
		<MACROCLASSINFO>waterbody</MACROCLASSINFO>
		<CLASSID>13</CLASSID>
		<CLASSINFO>C 1</CLASSINFO>
		<VALUES>[0.10907132397142989, 0.0031198397774338475, 0.11333294997945868, 0.004819575694194359, 0.095890991988813, 0.0064956216630613454, 0.028148466007063954, 0.0048298695262438155, 0.009971753455583427, 0.0044738219963358, 0.007564851766228045, 0.0037345348852329476]</VALUES>
		<LCS_MIN>[0.09994551539421082, 0.09593569487333298, 0.08232410997152328, 0.02304965630173683, 0.006464805919677019, 0.0046644811518490314]</LCS_MIN>
		<LCS_MAX>[0.1168031245470047, 0.1233225092291832, 0.11350253224372864, 0.05390072986483574, 0.03674306347966194, 0.03158757835626602]</LCS_MAX>
		<WAVELENGTH>[0.48, 0.56, 0.655, 0.865, 1.61, 2.2]</WAVELENGTH>
		<MEAN_VALUE>[0.10907132397142989, 0.11333294997945868, 0.095890991988813, 0.028148466007063954, 0.009971753455583427, 0.007564851766228045]</MEAN_VALUE>
		<CHECKBOX>2</CHECKBOX>
		<SD>[0.0031198397774338475, 0.004819575694194359, 0.0064956216630613454, 0.0048298695262438155, 0.0044738219963358, 0.0037345348852329476]</SD>
		<WAVELENGTH_UNIT>E-6m</WAVELENGTH_UNIT>
		<COLOR>#ef3ea9</COLOR>
		<COVARIANCE_MATRIX>[[8.247498954006005e-06, 1.2227491424710024e-05, 1.3456802662403788e-05, 3.1097224564291537e-06, 6.564369527950475e-07, 6.556782068400935e-07], [1.2227491424710024e-05, 1.888523365778383e-05, 2.132919689756818e-05, 4.132892627239926e-06, -2.950137911739148e-08, 1.3282235045153357e-07], [1.3456802662403788e-05, 2.132919689756818e-05, 3.71050373360049e-05, 1.776787030394189e-05, 8.11814061307814e-06, 6.927772119524889e-06], [3.1097224564291537e-06, 4.132892627239926e-06, 1.776787030394189e-05, 2.4387763915001415e-05, 1.8236638425150886e-05, 1.533188515168149e-05], [6.564369527950475e-07, -2.950137911739148e-08, 8.11814061307814e-06, 1.8236638425150886e-05, 1.6985817637760192e-05, 1.3909751032770146e-05], [6.556782068400935e-07, 1.3282235045153357e-07, 6.927772119524889e-06, 1.533188515168149e-05, 1.3909751032770146e-05, 1.1987611287622713e-05]]</COVARIANCE_MATRIX>
		<ROI_SIZE>5889</ROI_SIZE>
		<MAX_VALUE>[0.1168031245470047, 0.1233225092291832, 0.11350253224372864, 0.05390072986483574, 0.03674306347966194, 0.03158757835626602]</MAX_VALUE>
		<MIN_VALUE>[0.09994551539421082, 0.09593569487333298, 0.08232410997152328, 0.02304965630173683, 0.006464805919677019, 0.0046644811518490314]</MIN_VALUE>
		<SIGNATURE_THRESHOLD_MD>0.0</SIGNATURE_THRESHOLD_MD>
		<SIGNATURE_THRESHOLD_ML>0.0</SIGNATURE_THRESHOLD_ML>
		<SIGNATURE_THRESHOLD_SAM>0.0</SIGNATURE_THRESHOLD_SAM>
	</signature>
	<signature ID="20211203_162655094505_949">
		<MACROCLASSID>1</MACROCLASSID>
		<MACROCLASSINFO>waterbody</MACROCLASSINFO>
		<CLASSID>14</CLASSID>
		<CLASSINFO>C 1</CLASSINFO>
		<VALUES>[0.11297970497980712, 0.0032544671309162085, 0.10892385197803378, 0.006490689432205566, 0.10353536779681842, 0.007860872674731095, 0.08452962703692417, 0.02213838878510151, 0.06157316535245628, 0.01948814992026204, 0.04857533723892024, 0.014990955317154666]</VALUES>
		<LCS_MIN>[0.10441906005144119, 0.0924714133143425, 0.08360615372657776, 0.038925278931856155, 0.022285878658294678, 0.01783961057662964]</LCS_MIN>
		<LCS_MAX>[0.11996734887361526, 0.12225867807865143, 0.11966729164123535, 0.12264055758714676, 0.09639941155910492, 0.077195905148983]</LCS_MAX>
		<WAVELENGTH>[0.48, 0.56, 0.655, 0.865, 1.61, 2.2]</WAVELENGTH>
		<MEAN_VALUE>[0.11297970497980712, 0.10892385197803378, 0.10353536779681842, 0.08452962703692417, 0.06157316535245628, 0.04857533723892024]</MEAN_VALUE>
		<CHECKBOX>2</CHECKBOX>
		<SD>[0.0032544671309162085, 0.006490689432205566, 0.007860872674731095, 0.02213838878510151, 0.01948814992026204, 0.014990955317154666]</SD>
		<WAVELENGTH_UNIT>E-6m</WAVELENGTH_UNIT>
		<COLOR>#4580c5</COLOR>
		<COVARIANCE_MATRIX>[[1.0816908798005898e-05, 1.5526018614764325e-05, 2.242533810203895e-05, 2.1253565137158148e-05, 2.1647796529578045e-05, 1.6452386262244545e-05], [1.5526018614764325e-05, 4.302541128708981e-05, 4.454102963791229e-05, -6.496301011793548e-06, 5.214564680500189e-06, 3.615095920395106e-06], [2.242533810203895e-05, 4.454102963791229e-05, 6.310806929832324e-05, 7.311307854251936e-05, 7.256052776938304e-05, 5.3999247029423714e-05], [2.1253565137158148e-05, -6.496301011793548e-06, 7.311307854251936e-05, 0.0005005361163057387, 0.00041600750409998, 0.00030113343382254243], [2.1647796529578045e-05, 5.214564680500189e-06, 7.256052776938304e-05, 0.00041600750409998, 0.00038786858203820884, 0.0002889780735131353], [1.6452386262244545e-05, 3.615095920395106e-06, 5.3999247029423714e-05, 0.00030113343382254243, 0.0002889780735131353, 0.0002295102021889761]]</COVARIANCE_MATRIX>
		<ROI_SIZE>48</ROI_SIZE>
		<MAX_VALUE>[0.11996734887361526, 0.12225867807865143, 0.11966729164123535, 0.12264055758714676, 0.09639941155910492, 0.077195905148983]</MAX_VALUE>
		<MIN_VALUE>[0.10441906005144119, 0.0924714133143425, 0.08360615372657776, 0.038925278931856155, 0.022285878658294678, 0.01783961057662964]</MIN_VALUE>
		<SIGNATURE_THRESHOLD_MD>0.0</SIGNATURE_THRESHOLD_MD>
		<SIGNATURE_THRESHOLD_ML>0.0</SIGNATURE_THRESHOLD_ML>
		<SIGNATURE_THRESHOLD_SAM>0.0</SIGNATURE_THRESHOLD_SAM>
	</signature>
	<signature ID="20211203_162715661265_253">
		<MACROCLASSID>1</MACROCLASSID>
		<MACROCLASSINFO>waterbody</MACROCLASSINFO>
		<CLASSID>15</CLASSID>
		<CLASSINFO>C 1</CLASSINFO>
		<VALUES>[0.08289982930702318, 0.00160535663391169, 0.07098235978799705, 0.002344288024019082, 0.05014957421842744, 0.003653378425253433, 0.02540227708351964, 0.006518635835027771, 0.014619561010862097, 0.006658891748472274, 0.011551300140426438, 0.005206149007173653]</VALUES>
		<LCS_MIN>[0.08093294501304626, 0.06737592816352844, 0.04710858687758446, 0.014675398357212543, 0.009901800192892551, 0.0078014200553298]</LCS_MIN>
		<LCS_MAX>[0.08925264328718185, 0.08003278076648712, 0.06317516416311264, 0.05139118805527687, 0.03862522169947624, 0.030305521562695503]</LCS_MAX>
		<WAVELENGTH>[0.48, 0.56, 0.655, 0.865, 1.61, 2.2]</WAVELENGTH>
		<MEAN_VALUE>[0.08289982930702318, 0.07098235978799705, 0.05014957421842744, 0.02540227708351964, 0.014619561010862097, 0.011551300140426438]</MEAN_VALUE>
		<CHECKBOX>2</CHECKBOX>
		<SD>[0.00160535663391169, 0.002344288024019082, 0.003653378425253433, 0.006518635835027771, 0.006658891748472274, 0.005206149007173653]</SD>
		<WAVELENGTH_UNIT>E-6m</WAVELENGTH_UNIT>
		<COLOR>#1f42ea</COLOR>
		<COVARIANCE_MATRIX>[[2.607850547065027e-06, 3.2892967283260077e-06, 5.451116976473713e-06, 8.673174306750298e-06, 8.585689101892058e-06, 6.589929398614913e-06], [3.2892967283260077e-06, 5.561111265706131e-06, 7.295612704183441e-06, 1.02790399978403e-05, 1.1598444871196989e-05, 9.220152605848853e-06], [5.451116976473713e-06, 7.295612704183441e-06, 1.3506069080904126e-05, 2.1873594960197806e-05, 2.2519381673191674e-05, 1.7467902580392547e-05], [8.673174306750298e-06, 1.02790399978403e-05, 2.1873594960197806e-05, 4.299847932998091e-05, 4.0096583688864484e-05, 3.239549187128432e-05], [8.585689101892058e-06, 1.1598444871196989e-05, 2.2519381673191674e-05, 4.0096583688864484e-05, 4.4868706027045846e-05, 3.304528945591301e-05], [6.589929398614913e-06, 9.220152605848853e-06, 1.7467902580392547e-05, 3.239549187128432e-05, 3.304528945591301e-05, 2.742665310506709e-05]]</COVARIANCE_MATRIX>
		<ROI_SIZE>85</ROI_SIZE>
		<MAX_VALUE>[0.08925264328718185, 0.08003278076648712, 0.06317516416311264, 0.05139118805527687, 0.03862522169947624, 0.030305521562695503]</MAX_VALUE>
		<MIN_VALUE>[0.08093294501304626, 0.06737592816352844, 0.04710858687758446, 0.014675398357212543, 0.009901800192892551, 0.0078014200553298]</MIN_VALUE>
		<SIGNATURE_THRESHOLD_MD>0.0</SIGNATURE_THRESHOLD_MD>
		<SIGNATURE_THRESHOLD_ML>0.0</SIGNATURE_THRESHOLD_ML>
		<SIGNATURE_THRESHOLD_SAM>0.0</SIGNATURE_THRESHOLD_SAM>
	</signature>
	<signature ID="20211203_163152803885_575">
		<MACROCLASSID>1</MACROCLASSID>
		<MACROCLASSINFO>waterbody</MACROCLASSINFO>
		<CLASSID>16</CLASSID>
		<CLASSINFO>C 1</CLASSINFO>
