<?xml version="1.0" ?>
<signaturelist MCID_LIST="[['1', 'waterbody', '#000000'], ['2', 'vegetation', '#000000'], ['3', 'bareland', '#000000'], ['4', 'built-up', '#000000']]">
	<signature ID="20220207_160348156258_843">
		<MACROCLASSID>1</MACROCLASSID>
		<MACROCLASSINFO>waterbody</MACROCLASSINFO>
		<CLASSID>1</CLASSID>
		<CLASSINFO>C 1</CLASSINFO>
		<VALUES>[0.11480665857175167, 0.0021274517166393124, 0.11572288794707353, 0.0031208330370838594, 0.09822232185835299, 0.005873641977332291, 0.023579833493952228, 0.002561563388324266, 0.005110207018165812, 0.0002530510229595017, 0.003571334910938642, 0.00019781337161075367]</VALUES>
		<LCS_MIN>[0.10750143975019455, 0.10477366298437119, 0.07662306725978851, 0.01734861545264721, 0.004282593261450529, 0.002864156849682331]</LCS_MIN>
		<LCS_MAX>[0.11942178755998611, 0.12206771969795227, 0.10501916706562042, 0.03537917509675026, 0.006001085042953491, 0.0042553190141916275]</LCS_MAX>
		<WAVELENGTH>[0.48, 0.56, 0.655, 0.865, 1.61, 2.2]</WAVELENGTH>
		<MEAN_VALUE>[0.11480665857175167, 0.11572288794707353, 0.09822232185835299, 0.023579833493952228, 0.005110207018165812, 0.003571334910938642]</MEAN_VALUE>
		<CHECKBOX>2</CHECKBOX>
		<SD>[0.0021274517166393124, 0.0031208330370838594, 0.005873641977332291, 0.002561563388324266, 0.0002530510229595017, 0.00019781337161075367]</SD>
		<WAVELENGTH_UNIT>E-6m</WAVELENGTH_UNIT>
		<COLOR>#4a64ee</COLOR>
		<COVARIANCE_MATRIX>[[3.36277093992976e-06, 4.856452960666502e-06, 5.559929377341177e-06, 1.1683414236074441e-08, 6.013987530195664e-08, 3.2974671881902395e-08], [4.856452960666502e-06, 7.212929631350562e-06, 7.677117537241429e-06, -3.059429332097352e-07, 5.824810855870055e-08, 2.896264916785185e-08], [5.559929377341177e-06, 7.677117537241429e-06, 3.192415533703752e-05, 1.1553368494787719e-05, 7.270945729942468e-07, 5.132573619448522e-07], [1.1683414236074441e-08, -3.059429332097352e-07, 1.1553368494787719e-05, 6.2302465266839135e-06, 3.5552324106902233e-07, 2.5675015535853163e-07], [6.013987530195664e-08, 5.824810855870055e-08, 7.270945729942468e-07, 3.5552324106902233e-07, 6.368806282353034e-08, 2.5148622739834536e-08], [3.2974671881902395e-08, 2.896264916785185e-08, 5.132573619448522e-07, 2.5675015535853163e-07, 2.5148622739834536e-08, 3.724226615986481e-08]]</COVARIANCE_MATRIX>
		<ROI_SIZE>10201</ROI_SIZE>
		<MAX_VALUE>[0.11942178755998611, 0.12206771969795227, 0.10501916706562042, 0.03537917509675026, 0.006001085042953491, 0.0042553190141916275]</MAX_VALUE>
		<MIN_VALUE>[0.10750143975019455, 0.10477366298437119, 0.07662306725978851, 0.01734861545264721, 0.004282593261450529, 0.002864156849682331]</MIN_VALUE>
		<SIGNATURE_THRESHOLD_MD>0.0</SIGNATURE_THRESHOLD_MD>
		<SIGNATURE_THRESHOLD_ML>0.0</SIGNATURE_THRESHOLD_ML>
		<SIGNATURE_THRESHOLD_SAM>0.0</SIGNATURE_THRESHOLD_SAM>
	</signature>
	<signature ID="20220207_160406547446_797">
		<MACROCLASSID>1</MACROCLASSID>
		<MACROCLASSINFO>waterbody</MACROCLASSINFO>
		<CLASSID>2</CLASSID>
		<CLASSINFO>C 1</CLASSINFO>
		<VALUES>[0.10343305350591717, 0.0032014890171325455, 0.10841985763361058, 0.005780361111014548, 0.10446180182198693, 0.008163565493380692, 0.1076739488210942, 0.01634043382171045, 0.009803814065332215, 0.005665224368399492, 0.006566026278823194, 0.0036001037304480943]</VALUES>
		<LCS_MIN>[0.09421718120574951, 0.08518827706575394, 0.08330611884593964, 0.0685761496424675, 0.00703764334321022, 0.0046644811518490314]</LCS_MIN>
		<LCS_MAX>[0.11205679923295975, 0.12285879254341125, 0.12935088574886322, 0.1482270359992981, 0.048308808356523514, 0.03379707410931587]</LCS_MAX>
		<WAVELENGTH>[0.48, 0.56, 0.655, 0.865, 1.61, 2.2]</WAVELENGTH>
		<MEAN_VALUE>[0.10343305350591717, 0.10841985763361058, 0.10446180182198693, 0.1076739488210942, 0.009803814065332215, 0.006566026278823194]</MEAN_VALUE>
		<CHECKBOX>2</CHECKBOX>
		<SD>[0.0032014890171325455, 0.005780361111014548, 0.008163565493380692, 0.01634043382171045, 0.005665224368399492, 0.0036001037304480943]</SD>
		<WAVELENGTH_UNIT>E-6m</WAVELENGTH_UNIT>
		<COLOR>#98348c</COLOR>
		<COVARIANCE_MATRIX>[[1.1018782970495522e-05, 1.6479491023346782e-05, 2.5749146516318433e-05, 4.809854362974875e-05, -5.131022589921486e-06, -3.0522999168169918e-06], [1.6479491023346782e-05, 3.518796438584104e-05, 4.2272564314771444e-05, 5.576957846642472e-05, -1.8665446987142786e-05, -1.1427167009969708e-05], [2.5749146516318433e-05, 4.2272564314771444e-05, 7.360687595792115e-05, 9.817878890316933e-05, -2.055559707514476e-05, -1.2635284292628057e-05], [4.809854362974875e-05, 5.576957846642472e-05, 9.817878890316933e-05, 0.0003150921256747097, 1.3711453902942594e-05, 7.372599156951765e-06], [-5.131022589921486e-06, -1.8665446987142786e-05, -2.055559707514476e-05, 1.3711453902942594e-05, 3.371893399162218e-05, 2.089042027364485e-05], [-3.0522999168169918e-06, -1.1427167009969708e-05, -1.2635284292628057e-05, 7.372599156951765e-06, 2.089042027364485e-05, 1.3161923561710864e-05]]</COVARIANCE_MATRIX>
		<ROI_SIZE>3161</ROI_SIZE>
		<MAX_VALUE>[0.11205679923295975, 0.12285879254341125, 0.12935088574886322, 0.1482270359992981, 0.048308808356523514, 0.03379707410931587]</MAX_VALUE>
		<MIN_VALUE>[0.09421718120574951, 0.08518827706575394, 0.08330611884593964, 0.0685761496424675, 0.00703764334321022, 0.0046644811518490314]</MIN_VALUE>
		<SIGNATURE_THRESHOLD_MD>0.0</SIGNATURE_THRESHOLD_MD>
		<SIGNATURE_THRESHOLD_ML>0.0</SIGNATURE_THRESHOLD_ML>
		<SIGNATURE_THRESHOLD_SAM>0.0</SIGNATURE_THRESHOLD_SAM>
	</signature>
	<signature ID="20220207_160410333783_744">
		<MACROCLASSID>1</MACROCLASSID>
		<MACROCLASSINFO>waterbody</MACROCLASSINFO>
		<CLASSID>3</CLASSID>
		<CLASSINFO>C 1</CLASSINFO>
		<VALUES>[0.10882660105664242, 0.002084449668210072, 0.12343073179644924, 0.006382381207077208, 0.12526097837635267, 0.007784046859674092, 0.13458174098563447, 0.007123074705876784, 0.01976371872969853, 0.0101370874089038, 0.013753530874808313, 0.006174274053539464]</VALUES>
		<LCS_MIN>[0.09918174147605896, 0.09738140553236008, 0.09157124906778336, 0.12247689068317413, 0.012329520657658577, 0.0075831967405974865]</LCS_MIN>
		<LCS_MAX>[0.113693468272686, 0.1304965317249298, 0.1416531205177307, 0.16470277309417725, 0.051118407398462296, 0.037070393562316895]</LCS_MAX>
		<WAVELENGTH>[0.48, 0.56, 0.655, 0.865, 1.61, 2.2]</WAVELENGTH>
		<MEAN_VALUE>[0.10882660105664242, 0.12343073179644924, 0.12526097837635267, 0.13458174098563447, 0.01976371872969853, 0.013753530874808313]</MEAN_VALUE>
		<CHECKBOX>2</CHECKBOX>
		<SD>[0.002084449668210072, 0.006382381207077208, 0.007784046859674092, 0.007123074705876784, 0.0101370874089038, 0.006174274053539464]</SD>
		<WAVELENGTH_UNIT>E-6m</WAVELENGTH_UNIT>
		<COLOR>#5e71fd</COLOR>
		<COVARIANCE_MATRIX>[[4.3921577344008256e-06, 1.016826445265906e-05, 1.4885568816680461e-05, 5.112888175062835e-06, -1.152394361270126e-05, -6.1850987549405545e-06], [1.016826445265906e-05, 4.117755815968849e-05, 4.6933968405937776e-05, -1.4946909914215212e-06, -5.604506077361293e-05, -3.327217200421728e-05], [1.4885568816680461e-05, 4.6933968405937776e-05, 6.124998617451638e-05, 1.1089299732702784e-05, -6.052468597772531e-05, -3.497232683002949e-05], [5.112888175062835e-06, -1.4946909914215212e-06, 1.1089299732702784e-05, 5.1289694965817034e-05, 1.9723791410797276e-05, 1.00236220532679e-05], [-1.152394361270126e-05, -5.604506077361293e-05, -6.052468597772531e-05, 1.9723791410797276e-05, 0.00010387750080553815, 6.221423245733604e-05], [-6.1850987549405545e-06, -3.327217200421728e-05, -3.497232683002949e-05, 1.00236220532679e-05, 6.221423245733604e-05, 3.8536025385838e-05]]</COVARIANCE_MATRIX>
		<ROI_SIZE>93</ROI_SIZE>
		<MAX_VALUE>[0.113693468272686, 0.1304965317249298, 0.1416531205177307, 0.16470277309417725, 0.051118407398462296, 0.037070393562316895]</MAX_VALUE>
		<MIN_VALUE>[0.09918174147605896, 0.09738140553236008, 0.09157124906778336, 0.12247689068317413, 0.012329520657658577, 0.0075831967405974865]</MIN_VALUE>
		<SIGNATURE_THRESHOLD_MD>0.0</SIGNATURE_THRESHOLD_MD>
		<SIGNATURE_THRESHOLD_ML>0.0</SIGNATURE_THRESHOLD_ML>
		<SIGNATURE_THRESHOLD_SAM>0.0</SIGNATURE_THRESHOLD_SAM>
	</signature>
	<signature ID="20220207_160414257970_558">
		<MACROCLASSID>1</MACROCLASSID>
		<MACROCLASSINFO>waterbody</MACROCLASSINFO>
		<CLASSID>4</CLASSID>
		<CLASSINFO>C 1</CLASSINFO>
		<VALUES>[0.10535905621063868, 0.0014174543922287714, 0.10391839652027192, 0.0024689790939360994, 0.08689543218182129, 0.014147518924538163, 0.02665020518175692, 0.01139391376415839, 0.005815650635248084, 0.0017110679095746187, 0.003995025289314596, 0.0010611801453607155]</VALUES>
		<LCS_MIN>[0.09271692484617233, 0.07411352545022964, 0.06462087482213974, 0.01625750958919525, 0.004609922878444195, 0.0031914866995066404]</LCS_MIN>
		<LCS_MAX>[0.10908354073762894, 0.11543923616409302, 0.12624122202396393, 0.06696675717830658, 0.03573378175497055, 0.028150584548711777]</LCS_MAX>
		<WAVELENGTH>[0.48, 0.56, 0.655, 0.865, 1.61, 2.2]</WAVELENGTH>
		<MEAN_VALUE>[0.10535905621063868, 0.10391839652027192, 0.08689543218182129, 0.02665020518175692, 0.005815650635248084, 0.003995025289314596]</MEAN_VALUE>
		<CHECKBOX>2</CHECKBOX>
		<SD>[0.0014174543922287714, 0.0024689790939360994, 0.014147518924538163, 0.01139391376415839, 0.0017110679095746187, 0.0010611801453607155]</SD>
		<WAVELENGTH_UNIT>E-6m</WAVELENGTH_UNIT>
		<COLOR>#fcd7d4</COLOR>
		<COVARIANCE_MATRIX>[[1.5255866401275853e-06, 1.298180791309278e-06, -6.075340024835896e-06, -6.116739314165898e-06, -8.474432320326741e-07, -5.269093321658147e-07], [1.298180791309278e-06, 5.262767444946803e-06, 1.2718840480374638e-05, 4.168114628555486e-06, -2.2644952935024776e-07, -2.4740143089729827e-07], [-6.075340024835896e-06, 1.2718840480374638e-05, 0.00019904454529751092, 0.0001255921961273998, 6.660055532847764e-06, 3.91700268664863e-06], [-6.116739314165898e-06, 4.168114628555486e-06, 0.0001255921961273998, 0.00011818885104730725, 1.0016527994594071e-05, 5.943304131506011e-06], [-8.474432320326741e-07, -2.2644952935024776e-07, 6.660055532847764e-06, 1.0016527994594071e-05, 2.455134790579905e-06, 1.4730202337887022e-06], [-5.269093321658147e-07, -2.4740143089729827e-07, 3.91700268664863e-06, 5.943304131506011e-06, 1.4730202337887022e-06, 9.724170695335488e-07]]</COVARIANCE_MATRIX>
		<ROI_SIZE>8791</ROI_SIZE>
		<MAX_VALUE>[0.10908354073762894, 0.11543923616409302, 0.12624122202396393, 0.06696675717830658, 0.03573378175497055, 0.028150584548711777]</MAX_VALUE>
		<MIN_VALUE>[0.09271692484617233, 0.07411352545022964, 0.06462087482213974, 0.01625750958919525, 0.004609922878444195, 0.0031914866995066404]</MIN_VALUE>
		<SIGNATURE_THRESHOLD_MD>0.0</SIGNATURE_THRESHOLD_MD>
		<SIGNATURE_THRESHOLD_ML>0.0</SIGNATURE_THRESHOLD_ML>
		<SIGNATURE_THRESHOLD_SAM>0.0</SIGNATURE_THRESHOLD_SAM>
	</signature>
	<signature ID="20220207_160418923346_322">
		<MACROCLASSID>1</MACROCLASSID>
		<MACROCLASSINFO>waterbody</MACROCLASSINFO>
		<CLASSID>5</CLASSID>
		<CLASSINFO>C 1</CLASSINFO>
		<VALUES>[0.08883533629076763, 0.0032469756279108705, 0.08453172452143103, 0.006545478804535588, 0.06739739832934723, 0.009363214153205885, 0.03926744236743467, 0.010100806555300988, 0.01132809564223083, 0.004794875572319513, 0.00812816599692014, 0.0033816842113596436]</VALUES>
		<LCS_MIN>[0.08546105772256851, 0.07624118775129318, 0.05613751336932182, 0.027468640357255936, 0.005291867069900036, 0.004773587919771671]</LCS_MIN>
		<LCS_MAX>[0.09839069098234177, 0.10234594345092773, 0.09533558040857315, 0.07138574868440628, 0.041407544165849686, 0.02820514142513275]</LCS_MAX>
		<WAVELENGTH>[0.48, 0.56, 0.655, 0.865, 1.61, 2.2]</WAVELENGTH>
		<MEAN_VALUE>[0.08883533629076763, 0.08453172452143103, 0.06739739832934723, 0.03926744236743467, 0.01132809564223083, 0.00812816599692014]</MEAN_VALUE>
		<CHECKBOX>2</CHECKBOX>
		<SD>[0.0032469756279108705, 0.006545478804535588, 0.009363214153205885, 0.010100806555300988, 0.004794875572319513, 0.0033816842113596436]</SD>
		<WAVELENGTH_UNIT>E-6m</WAVELENGTH_UNIT>
		<COLOR>#789e94</COLOR>
		<COVARIANCE_MATRIX>[[1.0559020665823482e-05, 2.0952324121026322e-05, 3.02414864563616e-05, 2.7770867745857686e-05, 2.0911172669002553e-06, 1.7907742630995926e-06], [2.0952324121026322e-05, 4.290900324122049e-05, 6.0672024119412526e-05, 5.260111720417626e-05, 2.17005867853004e-06, 2.1692515019822167e-06], [3.02414864563616e-05, 6.0672024119412526e-05, 8.780424104770645e-05, 7.92328646639362e-05, 5.023436642659362e-06, 4.37066046288237e-06], [2.7770867745857686e-05, 5.260111720417626e-05, 7.92328646639362e-05, 0.00010218277748208493, 2.6865702238865197e-05, 1.8522459868108854e-05], [2.0911172669002553e-06, 2.17005867853004e-06, 5.023436642659362e-06, 2.6865702238865197e-05, 2.3026093913358636e-05, 1.598601375008002e-05], [1.7907742630995926e-06, 2.1692515019822167e-06, 4.37066046288237e-06, 1.8522459868108854e-05, 1.598601375008002e-05, 1.1453327715571504e-05]]</COVARIANCE_MATRIX>
		<ROI_SIZE>653</ROI_SIZE>
		<MAX_VALUE>[0.09839069098234177, 0.10234594345092773, 0.09533558040857315, 0.07138574868440628, 0.041407544165849686, 0.02820514142513275]</MAX_VALUE>
		<MIN_VALUE>[0.08546105772256851, 0.07624118775129318, 0.05613751336932182, 0.027468640357255936, 0.005291867069900036, 0.004773587919771671]</MIN_VALUE>
		<SIGNATURE_THRESHOLD_MD>0.0</SIGNATURE_THRESHOLD_MD>
		<SIGNATURE_THRESHOLD_ML>0.0</SIGNATURE_THRESHOLD_ML>
		<SIGNATURE_THRESHOLD_SAM>0.0</SIGNATURE_THRESHOLD_SAM>
	</signature>
	<signature ID="20220207_160424707973_660">
		<MACROCLASSID>1</MACROCLASSID>
		<MACROCLASSINFO>waterbody</MACROCLASSINFO>
		<CLASSID>6</CLASSID>
		<CLASSINFO>C 1</CLASSINFO>
		<VALUES>[0.11215091709295898, 0.0015766321618806108, 0.11875292188425857, 0.003842425932419159, 0.12024022992451965, 0.00445709242262235, 0.072771002744635, 0.01053617510535485, 0.010857485220146661, 0.005782363550673764, 0.007765775555434341, 0.004164801710909645]</VALUES>
		<LCS_MIN>[0.10261872410774231, 0.09348069876432419, 0.0893617570400238, 0.05766506493091583, 0.007310414686799049, 0.004964536987245083]</LCS_MIN>
		<LCS_MAX>[0.1151391789317131, 0.1235407218337059, 0.1315058171749115, 0.1118113175034523, 0.04705403745174408, 0.03527006134390831]</LCS_MAX>
		<WAVELENGTH>[0.48, 0.56, 0.655, 0.865, 1.61, 2.2]</WAVELENGTH>
		<MEAN_VALUE>[0.11215091709295898, 0.11875292188425857, 0.12024022992451965, 0.072771002744635, 0.010857485220146661, 0.007765775555434341]</MEAN_VALUE>
		<CHECKBOX>2</CHECKBOX>
		<SD>[0.0015766321618806108, 0.003842425932419159, 0.00445709242262235, 0.01053617510535485, 0.005782363550673764, 0.004164801710909645]</SD>
		<WAVELENGTH_UNIT>E-6m</WAVELENGTH_UNIT>
		<COLOR>#9ae9ec</COLOR>
		<COVARIANCE_MATRIX>[[2.4874273094610544e-06, 4.2774936446221545e-06, 5.362877345760353e-06, -2.6456027626409195e-06, -4.0251825339510106e-06, -2.785414835670963e-06], [4.2774936446221545e-06, 1.4774086594115943e-05, 1.4563262993760873e-05, -2.8411022867658176e-05, -1.5686266124248505e-05, -1.105372211895883e-05], [5.362877345760353e-06, 1.4563262993760873e-05, 1.9878925741068088e-05, -1.7930078684003092e-05, -1.8429918782203458e-05, -1.2972204785910435e-05], [-2.6456027626409195e-06, -2.8411022867658176e-05, -1.7930078684003092e-05, 0.00011108504259027541, 3.784918590099551e-05, 2.5563706003595144e-05], [-4.0251825339510106e-06, -1.5686266124248505e-05, -1.8429918782203458e-05, 3.784918590099551e-05, 3.345803270349279e-05, 2.381694685027469e-05], [-2.785414835670963e-06, -1.105372211895883e-05, -1.2972204785910435e-05, 2.5563706003595144e-05, 2.381694685027469e-05, 1.735714431561064e-05]]</COVARIANCE_MATRIX>
		<ROI_SIZE>1500</ROI_SIZE>
		<MAX_VALUE>[0.1151391789317131, 0.1235407218337059, 0.1315058171749115, 0.1118113175034523, 0.04705403745174408, 0.03527006134390831]</MAX_VALUE>
		<MIN_VALUE>[0.10261872410774231, 0.09348069876432419, 0.0893617570400238, 0.05766506493091583, 0.007310414686799049, 0.004964536987245083]</MIN_VALUE>
		<SIGNATURE_THRESHOLD_MD>0.0</SIGNATURE_THRESHOLD_MD>
		<SIGNATURE_THRESHOLD_ML>0.0</SIGNATURE_THRESHOLD_ML>
		<SIGNATURE_THRESHOLD_SAM>0.0</SIGNATURE_THRESHOLD_SAM>
	</signature>
	<signature ID="20220207_160431861336_703">
		<MACROCLASSID>1</MACROCLASSID>
		<MACROCLASSINFO>waterbody</MACROCLASSINFO>
		<CLASSID>7</CLASSID>
		<CLASSINFO>C 1</CLASSINFO>
		<VALUES>[0.10944452227296927, 0.002989742243603171, 0.11368387723305716, 0.0050771678038074655, 0.09663692170616185, 0.006638148336553424, 0.029183346083149413, 0.007181364398777695, 0.010499436676479918, 0.006343300447694858, 0.007979581285360525, 0.005348425633107309]</VALUES>
		<LCS_MIN>[0.09241686761379242, 0.08439722657203674, 0.06587564945220947, 0.020076382905244827, 0.005046369507908821, 0.0024822684936225414]</LCS_MIN>
		<LCS_MAX>[0.11494824290275574, 0.12299516052007675, 0.11554835736751556, 0.06451176106929779, 0.04710858687758446, 0.04020732268691063]</LCS_MAX>
		<WAVELENGTH>[0.48, 0.56, 0.655, 0.865, 1.61, 2.2]</WAVELENGTH>
		<MEAN_VALUE>[0.10944452227296927, 0.11368387723305716, 0.09663692170616185, 0.029183346083149413, 0.010499436676479918, 0.007979581285360525]</MEAN_VALUE>
		<CHECKBOX>2</CHECKBOX>
		<SD>[0.002989742243603171, 0.0050771678038074655, 0.006638148336553424, 0.007181364398777695, 0.006343300447694858, 0.005348425633107309]</SD>
		<WAVELENGTH_UNIT>E-6m</WAVELENGTH_UNIT>
		<COLOR>#ac8901</COLOR>
		<COVARIANCE_MATRIX>[[6.548310011567082e-06, 1.0677709724404849e-05, 1.2173503819212783e-05, 1.3773326372756856e-06, -5.180561970519193e-07, -4.4068002580388566e-07], [1.0677709724404849e-05, 1.8472428564564325e-05, 2.013989978877362e-05, -7.585240950902516e-07, -4.051877567690099e-06, -3.4866479836637154e-06], [1.2173503819212783e-05, 2.013989978877362e-05, 3.991214180132374e-05, 2.1455702153616585e-05, 1.0346432645746972e-05, 8.624039764981717e-06], [1.3773326372756856e-06, -7.585240950902516e-07, 2.1455702153616585e-05, 4.32638953498099e-05, 3.406199175515212e-05, 2.873007906600833e-05], [-5.180561970519193e-07, -4.051877567690099e-06, 1.0346432645746972e-05, 3.406199175515212e-05, 3.108018427155912e-05, 2.576722727098968e-05], [-4.4068002580388566e-07, -3.4866479836637154e-06, 8.624039764981717e-06, 2.873007906600833e-05, 2.576722727098968e-05, 2.2111078578745946e-05]]</COVARIANCE_MATRIX>
		<ROI_SIZE>4561</ROI_SIZE>
		<MAX_VALUE>[0.11494824290275574, 0.12299516052007675, 0.11554835736751556, 0.06451176106929779, 0.04710858687758446, 0.04020732268691063]</MAX_VALUE>
		<MIN_VALUE>[0.09241686761379242, 0.08439722657203674, 0.06587564945220947, 0.020076382905244827, 0.005046369507908821, 0.0024822684936225414]</MIN_VALUE>
		<SIGNATURE_THRESHOLD_MD>0.0</SIGNATURE_THRESHOLD_MD>
		<SIGNATURE_THRESHOLD_ML>0.0</SIGNATURE_THRESHOLD_ML>
		<SIGNATURE_THRESHOLD_SAM>0.0</SIGNATURE_THRESHOLD_SAM>
	</signature>
	<signature ID="20220207_160438771081_689">
		<MACROCLASSID>1</MACROCLASSID>
		<MACROCLASSINFO>waterbody</MACROCLASSINFO>
		<CLASSID>8</CLASSID>
		<CLASSINFO>C 1</CLASSINFO>
		<VALUES>[0.0781124307049645, 0.0008703236726943221, 0.06596294186181494, 0.001755586939519103, 0.0426468680302302, 0.003165194985023945, 0.025487676511208212, 0.009140885435370047, 0.017176462735773786, 0.009034932799674425, 0.01281081745918426, 0.006294740303052279]</VALUES>
		<LCS_MIN>[0.0769776701927185, 0.06388437747955322, 0.038979846984148026, 0.014429900795221329, 0.0053464253433048725, 0.006901252549141645]</LCS_MIN>
		<LCS_MAX>[0.08295149356126785, 0.07463179528713226, 0.05586473271250725, 0.060447391122579575, 0.052182238548994064, 0.04037100821733475]</LCS_MAX>
		<WAVELENGTH>[0.48, 0.56, 0.655, 0.865, 1.61, 2.2]</WAVELENGTH>
		<MEAN_VALUE>[0.0781124307049645, 0.06596294186181494, 0.0426468680302302, 0.025487676511208212, 0.017176462735773786, 0.01281081745918426]</MEAN_VALUE>
		<CHECKBOX>2</CHECKBOX>
		<SD>[0.0008703236726943221, 0.001755586939519103, 0.003165194985023945, 0.009140885435370047, 0.009034932799674425, 0.006294740303052279]</SD>
		<WAVELENGTH_UNIT>E-6m</WAVELENGTH_UNIT>
		<COLOR>#2f1686</COLOR>
		<COVARIANCE_MATRIX>[[7.659741072529869e-07, 1.256866880794405e-06, 2.0327436232037144e-06, 5.1129709390806966e-06, 5.176790182304103e-06, 4.163210633123526e-06], [1.256866880794405e-06, 3.116715788564761e-06, 5.031856289861025e-06, 1.0146707609237637e-05, 9.954365850717295e-06, 7.94010793470079e-06], [2.0327436232037144e-06, 5.031856289861025e-06, 1.0131026101589669e-05, 2.340545688639395e-05, 2.3713557311566547e-05, 1.7107049643527716e-05], [5.1129709390806966e-06, 1.0146707609237637e-05, 2.340545688639395e-05, 8.449461893178523e-05, 7.913357694633305e-05, 5.4405201808549464e-05], [5.176790182304103e-06, 9.954365850717295e-06, 2.3713557311566547e-05, 7.913357694633305e-05, 8.254720160039142e-05, 5.4568103223573416e-05], [4.163210633123526e-06, 7.94010793470079e-06, 1.7107049643527716e-05, 5.4405201808549464e-05, 5.4568103223573416e-05, 4.006896779173985e-05]]</COVARIANCE_MATRIX>
		<ROI_SIZE>90</ROI_SIZE>
		<MAX_VALUE>[0.08295149356126785, 0.07463179528713226, 0.05586473271250725, 0.060447391122579575, 0.052182238548994064, 0.04037100821733475]</MAX_VALUE>
		<MIN_VALUE>[0.0769776701927185, 0.06388437747955322, 0.038979846984148026, 0.014429900795221329, 0.0053464253433048725, 0.006901252549141645]</MIN_VALUE>
		<SIGNATURE_THRESHOLD_MD>0.0</SIGNATURE_THRESHOLD_MD>
		<SIGNATURE_THRESHOLD_ML>0.0</SIGNATURE_THRESHOLD_ML>
		<SIGNATURE_THRESHOLD_SAM>0.0</SIGNATURE_THRESHOLD_SAM>
	</signature>
	<signature ID="20220207_160443477220_890">
		<MACROCLASSID>1</MACROCLASSID>
		<MACROCLASSINFO>waterbody</MACROCLASSINFO>
		<CLASSID>9</CLASSID>
		<CLASSINFO>C 1</CLASSINFO>
		<VALUES>[0.11011184177318908, 0.0015779114753347717, 0.1081851852686175, 0.0026258381680867074, 0.08956776041297176, 0.012503553176501836, 0.025313221192633694, 0.010117395997744605, 0.005555281705360936, 0.0006236874901519066, 0.0039029809578555582, 0.0005210463534227097]</VALUES>
		<LCS_MIN>[0.08974363654851913, 0.07056742161512375, 0.06456632912158966, 0.01674850471317768, 0.0045280903577804565, 0.0028368725907057524]</LCS_MIN>
		<LCS_MAX>[0.11374802142381668, 0.1160120740532875, 0.12381350249052048, 0.06260232627391815, 0.017403174191713333, 0.013720682822167873]</LCS_MAX>
		<WAVELENGTH>[0.48, 0.56, 0.655, 0.865, 1.61, 2.2]</WAVELENGTH>
		<MEAN_VALUE>[0.11011184177318908, 0.1081851852686175, 0.08956776041297176, 0.025313221192633694, 0.005555281705360936, 0.0039029809578555582]</MEAN_VALUE>
		<CHECKBOX>2</CHECKBOX>
		<SD>[0.0015779114753347717, 0.0026258381680867074, 0.012503553176501836, 0.010117395997744605, 0.0006236874901519066, 0.0005210463534227097]</SD>
		<WAVELENGTH_UNIT>E-6m</WAVELENGTH_UNIT>
		<COLOR>#7b6904</COLOR>
		<COVARIANCE_MATRIX>[[2.3070183488016482e-06, 2.88669048131851e-06, -8.408266694459599e-06, -6.94388063493534e-06, -5.087956083116296e-07, -4.0788907540445507e-07], [2.88669048131851e-06, 5.422778940555872e-06, 2.336068291697302e-06, -4.881001132162055e-07, -5.420567958935862e-07, -4.35281890531769e-07], [-8.408266694459599e-06, 2.336068291697302e-06, 0.0001593955239513889, 0.000110667671833653, 3.754197223315714e-06, 3.0198993954400066e-06], [-6.94388063493534e-06, -4.881001132162055e-07, 0.000110667671833653, 9.504480840405449e-05, 3.819840912910877e-06, 3.1059641969477525e-06], [-5.087956083116296e-07, -5.420567958935862e-07, 3.754197223315714e-06, 3.819840912910877e-06, 3.254045566336572e-07, 2.4550431021452823e-07], [-4.0788907540445507e-07, -4.35281890531769e-07, 3.0198993954400066e-06, 3.1059641969477525e-06, 2.4550431021452823e-07, 2.2278123879004852e-07]]</COVARIANCE_MATRIX>
		<ROI_SIZE>9205</ROI_SIZE>
		<MAX_VALUE>[0.11374802142381668, 0.1160120740532875, 0.12381350249052048, 0.06260232627391815, 0.017403174191713333, 0.013720682822167873]</MAX_VALUE>
		<MIN_VALUE>[0.08974363654851913, 0.07056742161512375, 0.06456632912158966, 0.01674850471317768, 0.0045280903577804565, 0.0028368725907057524]</MIN_VALUE>
		<SIGNATURE_THRESHOLD_MD>0.0</SIGNATURE_THRESHOLD_MD>
		<SIGNATURE_THRESHOLD_ML>0.0</SIGNATURE_THRESHOLD_ML>
		<SIGNATURE_THRESHOLD_SAM>0.0</SIGNATURE_THRESHOLD_SAM>
	</signature>
	<signature ID="20220207_160448647985_920">
		<MACROCLASSID>1</MACROCLASSID>
		<MACROCLASSINFO>waterbody</MACROCLASSINFO>
		<CLASSID>10</CLASSID>
		<CLASSINFO>C 1</CLASSINFO>
		<VALUES>[0.10324062827921933, 0.0020685074724142174, 0.1002707439260853, 0.003409891545025626, 0.07263098215164347, 0.004366477667292654, 0.022494438892911625, 0.005269697932734174, 0.007768742774502962, 0.0035080413955920343, 0.005399859680048789, 0.002503898677279684]</VALUES>
		<LCS_MIN>[0.09353524446487427, 0.07891439646482468, 0.0601746067404747, 0.015493732877075672, 0.0030278218910098076, 0.00351881654933095]</LCS_MIN>
		<LCS_MAX>[0.10831975936889648, 0.10763783007860184, 0.08996187150478363, 0.060010943561792374, 0.04448992758989334, 0.030360080301761627]</LCS_MAX>
		<WAVELENGTH>[0.48, 0.56, 0.655, 0.865, 1.61, 2.2]</WAVELENGTH>
		<MEAN_VALUE>[0.10324062827921933, 0.1002707439260853, 0.07263098215164347, 0.022494438892911625, 0.007768742774502962, 0.005399859680048789]</MEAN_VALUE>
		<CHECKBOX>2</CHECKBOX>
		<SD>[0.0020685074724142174, 0.003409891545025626, 0.004366477667292654, 0.005269697932734174, 0.0035080413955920343, 0.002503898677279684]</SD>
		<WAVELENGTH_UNIT>E-6m</WAVELENGTH_UNIT>
		<COLOR>#2e289f</COLOR>
		<COVARIANCE_MATRIX>[[4.3185004869883414e-06, 6.459934866143158e-06, 2.528043410165992e-07, -3.675074594866601e-06, -1.6526709032405051e-06, -1.1036390787921846e-06], [6.459934866143158e-06, 1.0581280548649374e-05, -3.313558067929989e-07, -7.72719613451045e-06, -3.9800106605980545e-06, -2.732415396167198e-06], [2.528043410165992e-07, -3.313558067929989e-07, 1.5171807717706542e-05, 9.08498350327136e-06, 4.6697223297087476e-06, 3.584071237128228e-06], [-3.675074594866601e-06, -7.72719613451045e-06, 9.08498350327136e-06, 2.3436823539668694e-05, 1.441049334971467e-05, 9.85156020760769e-06], [-1.6526709032405051e-06, -3.9800106605980545e-06, 4.6697223297087476e-06, 1.441049334971467e-05, 1.1253374395892024e-05, 7.858717253839131e-06], [-1.1036390787921846e-06, -2.732415396167198e-06, 3.584071237128228e-06, 9.85156020760769e-06, 7.858717253839131e-06, 5.711441190214828e-06]]</COVARIANCE_MATRIX>
		<ROI_SIZE>3616</ROI_SIZE>
		<MAX_VALUE>[0.10831975936889648, 0.10763783007860184, 0.08996187150478363, 0.060010943561792374, 0.04448992758989334, 0.030360080301761627]</MAX_VALUE>
		<MIN_VALUE>[0.09353524446487427, 0.07891439646482468, 0.0601746067404747, 0.015493732877075672, 0.0030278218910098076, 0.00351881654933095]</MIN_VALUE>
		<SIGNATURE_THRESHOLD_MD>0.0</SIGNATURE_THRESHOLD_MD>
		<SIGNATURE_THRESHOLD_ML>0.0</SIGNATURE_THRESHOLD_ML>
		<SIGNATURE_THRESHOLD_SAM>0.0</SIGNATURE_THRESHOLD_SAM>
	</signature>
	<signature ID="20220207_160453938257_466">
		<MACROCLASSID>1</MACROCLASSID>
		<MACROCLASSINFO>waterbody</MACROCLASSINFO>
		<CLASSID>11</CLASSID>
		<CLASSINFO>C 1</CLASSINFO>
		<VALUES>[0.09485961251843517, 0.0028695488360402366, 0.09273074643993115, 0.005398009831834518, 0.08557894829301593, 0.006950087010200588, 0.05467946986746351, 0.010994791932883313, 0.008369032922154115, 0.0036590920765288645, 0.005805599442440042, 0.002518782668086314]</VALUES>
		<LCS_MIN>[0.08797059953212738, 0.07585929334163666, 0.06781237572431564, 0.03742499649524689, 0.006246592849493027, 0.004146202467381954]</LCS_MIN>
		<LCS_MAX>[0.10627394169569016, 0.1109384223818779, 0.11189313977956772, 0.09118936955928802, 0.04672670736908913, 0.03415168076753616]</LCS_MAX>
		<WAVELENGTH>[0.48, 0.56, 0.655, 0.865, 1.61, 2.2]</WAVELENGTH>
		<MEAN_VALUE>[0.09485961251843517, 0.09273074643993115, 0.08557894829301593, 0.05467946986746351, 0.008369032922154115, 0.005805599442440042]</MEAN_VALUE>
		<CHECKBOX>2</CHECKBOX>
		<SD>[0.0028695488360402366, 0.005398009831834518, 0.006950087010200588, 0.010994791932883313, 0.0036590920765288645, 0.002518782668086314]</SD>
		<WAVELENGTH_UNIT>E-6m</WAVELENGTH_UNIT>
		<COLOR>#6d8f63</COLOR>
		<COVARIANCE_MATRIX>[[6.573706286872039e-06, 1.0597848813631572e-05, 1.5215197890938725e-05, 1.4979846127971541e-05, 7.75216960846592e-07, 6.547458042405196e-07], [1.0597848813631572e-05, 2.218681402155198e-05, 2.865464921342209e-05, 1.371897724311566e-05, -2.871743390642223e-06, -1.932827899508993e-06], [1.5215197890938725e-05, 2.865464921342209e-05, 4.237426401232369e-05, 3.0707382393302396e-05, -1.8935623984361882e-06, -1.2028790479234885e-06], [1.4979846127971541e-05, 1.371897724311566e-05, 3.0707382393302396e-05, 0.0001165830108220689, 2.3634162062080577e-05, 1.6436006262665614e-05], [7.75216960846592e-07, -2.871743390642223e-06, -1.8935623984361882e-06, 2.3634162062080577e-05, 1.3026365195401013e-05, 9.05454271560302e-06], [6.547458042405196e-07, -1.932827899508993e-06, -1.2028790479234885e-06, 1.6436006262665614e-05, 9.05454271560302e-06, 6.423131253541214e-06]]</COVARIANCE_MATRIX>
		<ROI_SIZE>3675</ROI_SIZE>
		<MAX_VALUE>[0.10627394169569016, 0.1109384223818779, 0.11189313977956772, 0.09118936955928802, 0.04672670736908913, 0.03415168076753616]</MAX_VALUE>
		<MIN_VALUE>[0.08797059953212738, 0.07585929334163666, 0.06781237572431564, 0.03742499649524689, 0.006246592849493027, 0.004146202467381954]</MIN_VALUE>
		<SIGNATURE_THRESHOLD_MD>0.0</SIGNATURE_THRESHOLD_MD>
		<SIGNATURE_THRESHOLD_ML>0.0</SIGNATURE_THRESHOLD_ML>
		<SIGNATURE_THRESHOLD_SAM>0.0</SIGNATURE_THRESHOLD_SAM>
	</signature>
	<signature ID="20220207_160509463664_621">
		<MACROCLASSID>1</MACROCLASSID>
		<MACROCLASSINFO>waterbody</MACROCLASSINFO>
		<CLASSID>12</CLASSID>
		<CLASSINFO>C 1</CLASSINFO>
		<VALUES>[0.09678129330277441, 0.002219568553880869, 0.0883352058629195, 0.0029167504891687464, 0.08543240452806154, 0.004219329425780858, 0.048432471075405666, 0.012659699431178902, 0.031033840309828503, 0.013148768622253587, 0.0239861905730019, 0.00999562951528703]</VALUES>
		<LCS_MIN>[0.0936989113688469, 0.08251504600048065, 0.07700496912002563, 0.030523745343089104, 0.013093297369778156, 0.009901800192892551]</LCS_MIN>
		<LCS_MAX>[0.10480093210935593, 0.09773600846529007, 0.09806333482265472, 0.07334975153207779, 0.06181127950549126, 0.051172975450754166]</LCS_MAX>
		<WAVELENGTH>[0.48, 0.56, 0.655, 0.865, 1.61, 2.2]</WAVELENGTH>
		<MEAN_VALUE>[0.09678129330277441, 0.0883352058629195, 0.08543240452806154, 0.048432471075405666, 0.031033840309828503, 0.0239861905730019]</MEAN_VALUE>
		<CHECKBOX>2</CHECKBOX>
		<SD>[0.002219568553880869, 0.0029167504891687464, 0.004219329425780858, 0.012659699431178902, 0.013148768622253587, 0.00999562951528703]</SD>
		<WAVELENGTH_UNIT>E-6m</WAVELENGTH_UNIT>
		<COLOR>#e2c290</COLOR>
		<COVARIANCE_MATRIX>[[5.009984306525439e-06, 5.44072736374801e-06, 7.818828635208774e-06, 1.715381040412467e-05, 1.9953124137828127e-05, 1.651554339332506e-05], [5.44072736374801e-06, 8.651627467770595e-06, 1.2101653737772722e-05, 1.3606256288767327e-05, 1.792742477846332e-05, 1.4593860214517917e-05], [7.818828635208774e-06, 1.2101653737772722e-05, 1.8104481569025666e-05, 2.457268419675529e-05, 3.062628456973471e-05, 2.3794726075720973e-05], [1.715381040412467e-05, 1.3606256288767327e-05, 2.457268419675529e-05, 0.00016298439004458487, 0.00016479509940836579, 0.00012044833420077339], [1.9953124137828127e-05, 1.792742477846332e-05, 3.062628456973471e-05, 0.00016479509940836579, 0.00017582045984454453, 0.00012903932656627148], [1.651554339332506e-05, 1.4593860214517917e-05, 2.3794726075720973e-05, 0.00012044833420077339, 0.00012903932656627148, 0.00010160604142583907]]</COVARIANCE_MATRIX>
		<ROI_SIZE>60</ROI_SIZE>
		<MAX_VALUE>[0.10480093210935593, 0.09773600846529007, 0.09806333482265472, 0.07334975153207779, 0.06181127950549126, 0.051172975450754166]</MAX_VALUE>
		<MIN_VALUE>[0.0936989113688469, 0.08251504600048065, 0.07700496912002563, 0.030523745343089104, 0.013093297369778156, 0.009901800192892551]</MIN_VALUE>
		<SIGNATURE_THRESHOLD_MD>0.0</SIGNATURE_THRESHOLD_MD>
		<SIGNATURE_THRESHOLD_ML>0.0</SIGNATURE_THRESHOLD_ML>
		<SIGNATURE_THRESHOLD_SAM>0.0</SIGNATURE_THRESHOLD_SAM>
	</signature>
	<signature ID="20220207_160517667254_659">
		<MACROCLASSID>1</MACROCLASSID>
		<MACROCLASSINFO>waterbody</MACROCLASSINFO>
		<CLASSID>13</CLASSID>
		<CLASSINFO>C 1</CLASSINFO>
		<VALUES>[0.09494404847684662, 0.0034052878142472685, 0.08633639355351153, 0.005477797061517974, 0.08415048575042783, 0.007407967081303453, 0.053810704695551, 0.019200300701510607, 0.04009124796305385, 0.021686501061384412, 0.02944535555500061, 0.015042901982393811]</VALUES>
		<LCS_MIN>[0.08772508800029755, 0.06985819339752197, 0.06486638635396957, 0.02550465054810047, 0.009056190960109234, 0.007283140905201435]</LCS_MIN>
		<LCS_MAX>[0.11025648564100266, 0.10411900281906128, 0.11118392646312714, 0.10117301344871521, 0.08843431621789932, 0.074659064412117]</LCS_MAX>
		<WAVELENGTH>[0.48, 0.56, 0.655, 0.865, 1.61, 2.2]</WAVELENGTH>
		<MEAN_VALUE>[0.09494404847684662, 0.08633639355351153, 0.08415048575042783, 0.053810704695551, 0.04009124796305385, 0.02944535555500061]</MEAN_VALUE>
		<CHECKBOX>2</CHECKBOX>
		<SD>[0.0034052878142472685, 0.005477797061517974, 0.007407967081303453, 0.019200300701510607, 0.021686501061384412, 0.015042901982393811]</SD>
		<WAVELENGTH_UNIT>E-6m</WAVELENGTH_UNIT>
		<COLOR>#af9309</COLOR>
		<COVARIANCE_MATRIX>[[1.1683833690767642e-05, 1.6853262422955595e-05, 2.419014708721079e-05, 2.137575575034134e-05, 2.1820736947120167e-05, 2.3219237846205942e-05], [1.6853262422955595e-05, 3.023358112841379e-05, 3.877322160406038e-05, 5.885094196855789e-06, 1.2314307241467759e-05, 1.4945753719075583e-05], [2.419014708721079e-05, 3.877322160406038e-05, 5.52937199245207e-05, 3.468220529612154e-05, 4.3259784433757886e-05, 4.1894603782566264e-05], [2.137575575034134e-05, 5.885094196855789e-06, 3.468220529612154e-05, 0.0003714443591888994, 0.00037747627357020974, 0.0002794042229652405], [2.1820736947120167e-05, 1.2314307241467759e-05, 4.3259784433757886e-05, 0.00037747627357020974, 0.00047386722872033715, 0.00030256545869633555], [2.3219237846205942e-05, 1.4945753719075583e-05, 4.1894603782566264e-05, 0.0002794042229652405, 0.00030256545869633555, 0.00022800320584792644]]</COVARIANCE_MATRIX>
		<ROI_SIZE>133</ROI_SIZE>
		<MAX_VALUE>[0.11025648564100266, 0.10411900281906128, 0.11118392646312714, 0.10117301344871521, 0.08843431621789932, 0.074659064412117]</MAX_VALUE>
		<MIN_VALUE>[0.08772508800029755, 0.06985819339752197, 0.06486638635396957, 0.02550465054810047, 0.009056190960109234, 0.007283140905201435]</MIN_VALUE>
		<SIGNATURE_THRESHOLD_MD>0.0</SIGNATURE_THRESHOLD_MD>
		<SIGNATURE_THRESHOLD_ML>0.0</SIGNATURE_THRESHOLD_ML>
		<SIGNATURE_THRESHOLD_SAM>0.0</SIGNATURE_THRESHOLD_SAM>
	</signature>
	<signature ID="20220207_160524755393_969">
		<MACROCLASSID>1</MACROCLASSID>
		<MACROCLASSINFO>waterbody</MACROCLASSINFO>
		<CLASSID>14</CLASSID>
		<CLASSINFO>C 1</CLASSINFO>
		<VALUES>[0.09694308875238196, 0.003255746201527244, 0.08955698043984524, 0.0031023406632647065, 0.08548725330654314, 0.003898055443912602, 0.04480977683309831, 0.011744024138211113, 0.027683388816156222, 0.012037219030382422, 0.021954536296463777, 0.009461337591303704]</VALUES>
		<LCS_MIN>[0.09277147054672241, 0.08319699764251709, 0.07695039361715317, 0.02613203600049019, 0.010338246822357178, 0.0072558666579425335]</LCS_MIN>
		<LCS_MAX>[0.10641033202409744, 0.09882711619138718, 0.09498095512390137, 0.06969453394412994, 0.05207314342260361, 0.047244977205991745]</LCS_MAX>
		<WAVELENGTH>[0.48, 0.56, 0.655, 0.865, 1.61, 2.2]</WAVELENGTH>
		<MEAN_VALUE>[0.09694308875238196, 0.08955698043984524, 0.08548725330654314, 0.04480977683309831, 0.027683388816156222, 0.021954536296463777]</MEAN_VALUE>
		<CHECKBOX>2</CHECKBOX>
		<SD>[0.003255746201527244, 0.0031023406632647065, 0.003898055443912602, 0.011744024138211113, 0.012037219030382422, 0.009461337591303704]</SD>
		<WAVELENGTH_UNIT>E-6m</WAVELENGTH_UNIT>
		<COLOR>#a03b6e</COLOR>
		<COVARIANCE_MATRIX>[[1.0704832675401121e-05, 8.351690667041112e-06, 9.42873339226935e-06, 2.3124081053538248e-05, 2.0059958842466585e-05, 1.6315170796588063e-05], [8.351690667041112e-06, 9.719809895614162e-06, 1.130904183810344e-05, 1.2811669876100495e-05, 1.1522392924234737e-05, 9.51874244492501e-06], [9.42873339226935e-06, 1.130904183810344e-05, 1.5345280189649202e-05, 2.2800906663178466e-05, 2.325936293345876e-05, 1.7978522009798326e-05], [2.3124081053538248e-05, 1.2811669876100495e-05, 2.2800906663178466e-05, 0.00013928767293691635, 0.00013457129534799606, 0.00010178401862503961], [2.0059958842466585e-05, 1.1522392924234737e-05, 2.325936293345876e-05, 0.00013457129534799606, 0.00014632924285251647, 0.00011185505718458444], [1.6315170796588063e-05, 9.51874244492501e-06, 1.7978522009798326e-05, 0.00010178401862503961, 0.00011185505718458444, 9.040321310749277e-05]]</COVARIANCE_MATRIX>
		<ROI_SIZE>102</ROI_SIZE>
		<MAX_VALUE>[0.10641033202409744, 0.09882711619138718, 0.09498095512390137, 0.06969453394412994, 0.05207314342260361, 0.047244977205991745]</MAX_VALUE>
		<MIN_VALUE>[0.09277147054672241, 0.08319699764251709, 0.07695039361715317, 0.02613203600049019, 0.010338246822357178, 0.0072558666579425335]</MIN_VALUE>
		<SIGNATURE_THRESHOLD_MD>0.0</SIGNATURE_THRESHOLD_MD>
		<SIGNATURE_THRESHOLD_ML>0.0</SIGNATURE_THRESHOLD_ML>
		<SIGNATURE_THRESHOLD_SAM>0.0</SIGNATURE_THRESHOLD_SAM>
	</signature>
	<signature ID="20220207_160535646030_660">
		<MACROCLASSID>1</MACROCLASSID>
		<MACROCLASSINFO>waterbody</MACROCLASSINFO>
		<CLASSID>15</CLASSID>
		<CLASSINFO>C 1</CLASSINFO>
		<VALUES>[0.09767265171985924, 0.001445444264690547, 0.08947494954574763, 0.001997903804207094, 0.08553213954675853, 0.0030756538724993165, 0.041605583780745845, 0.009240762795957683, 0.025973524758958918, 0.010915911321621815, 0.02157687434677298, 0.008929128136440862]</VALUES>
		<LCS_MIN>[0.09328974038362503, 0.08199677616357803, 0.07714133709669113, 0.02504093013703823, 0.005619197152554989, 0.0058101462200284]</LCS_MIN>
		<LCS_MAX>[0.10163673013448715, 0.0960175171494484, 0.09492640942335129, 0.06628482043743134, 0.0538734570145607, 0.04664486274123192]</LCS_MAX>
		<WAVELENGTH>[0.48, 0.56, 0.655, 0.865, 1.61, 2.2]</WAVELENGTH>
		<MEAN_VALUE>[0.09767265171985924, 0.08947494954574763, 0.08553213954675853, 0.041605583780745845, 0.025973524758958918, 0.02157687434677298]</MEAN_VALUE>
		<CHECKBOX>2</CHECKBOX>
		<SD>[0.001445444264690547, 0.001997903804207094, 0.0030756538724993165, 0.009240762795957683, 0.010915911321621815, 0.008929128136440862]</SD>
		<WAVELENGTH_UNIT>E-6m</WAVELENGTH_UNIT>
		<COLOR>#e5e5c9</COLOR>
		<COVARIANCE_MATRIX>[[2.1058908714621793e-06, 2.327981519556488e-06, 3.7214697385934414e-06, 8.123201041598804e-06, 8.758282092458103e-06, 6.549596946570091e-06], [2.327981519556488e-06, 4.023298970423639e-06, 5.403347131505143e-06, 7.959315553307533e-06, 9.50942649069475e-06, 7.58001397116459e-06], [3.7214697385934414e-06, 5.403347131505143e-06, 9.534723176329862e-06, 1.7827143892645836e-05, 2.1645691958838142e-05, 1.5916024494799785e-05], [8.123201041598804e-06, 7.959315553307533e-06, 1.7827143892645836e-05, 8.606940536992624e-05, 9.106969810090959e-05, 7.59130998631008e-05], [8.758282092458103e-06, 9.50942649069475e-06, 2.1645691958838142e-05, 9.106969810090959e-05, 0.00012010281352559105, 9.415321983397007e-05], [6.549596946570091e-06, 7.58001397116459e-06, 1.5916024494799785e-05, 7.59130998631008e-05, 9.415321983397007e-05, 8.036210056161508e-05]]</COVARIANCE_MATRIX>
		<ROI_SIZE>127</ROI_SIZE>
		<MAX_VALUE>[0.10163673013448715, 0.0960175171494484, 0.09492640942335129, 0.06628482043743134, 0.0538734570145607, 0.04664486274123192]</MAX_VALUE>
		<MIN_VALUE>[0.09328974038362503, 0.08199677616357803, 0.07714133709669113, 0.02504093013703823, 0.005619197152554989, 0.0058101462200284]</MIN_VALUE>
		<SIGNATURE_THRESHOLD_MD>0.0</SIGNATURE_THRESHOLD_MD>
		<SIGNATURE_THRESHOLD_ML>0.0</SIGNATURE_THRESHOLD_ML>
		<SIGNATURE_THRESHOLD_SAM>0.0</SIGNATURE_THRESHOLD_SAM>
	</signature>
	<signature ID="20220207_160543310253_455">
		<MACROCLASSID>1</MACROCLASSID>
		<MACROCLASSINFO>waterbody</MACROCLASSINFO>
		<CLASSID>16</CLASSID>
		<CLASSINFO>C 1</CLASSINFO>
