<?xml version="1.0" ?>
<signaturelist MCID_LIST="[['1', 'waterbody', '#0000ff'], ['2', 'vegetation', '#00ff00'], ['3', 'bare land', '#ffaa00'], ['4', 'built-up', '#ff0000']]">
	<signature ID="20200528_145845091466_651">
		<MACROCLASSID>1</MACROCLASSID>
		<MACROCLASSINFO>waterbody</MACROCLASSINFO>
		<CLASSID>1</CLASSID>
		<CLASSINFO>C 1</CLASSINFO>
		<VALUES>[100.43169026095832, 2.4574978972478747, 45.40900562851795, 1.4697590947120653, 44.623742111547, 2.0814874459703088, 20.15316390926141, 1.2380390601928049, 14.860651543578372, 1.740702369758378, 7.958553641480467, 1.306965068289419]</VALUES>
		<LCS_MIN>[93.0, 40.0, 38.0, 14.0, 8.0, 3.0]</LCS_MIN>
		<LCS_MAX>[107.0, 50.0, 52.0, 28.0, 22.0, 13.0]</LCS_MAX>
		<WAVELENGTH>[1.0, 2.0, 3.0, 4.0, 5.0, 6.0]</WAVELENGTH>
		<MEAN_VALUE>[100.43169026095832, 45.40900562851795, 44.623742111547, 20.15316390926141, 14.860651543578372, 7.958553641480467]</MEAN_VALUE>
		<CHECKBOX>2</CHECKBOX>
		<SD>[2.4574978972478747, 1.4697590947120653, 2.0814874459703088, 1.2380390601928049, 1.740702369758378, 1.306965068289419]</SD>
		<WAVELENGTH_UNIT>band number</WAVELENGTH_UNIT>
		<COLOR>#34c83b</COLOR>
		<COVARIANCE_MATRIX>[[5.615766651126769, 2.283594624039888, 3.642801109780482, 1.9519090881081458, 2.5452295652551618, 1.475633984577628], [2.283594624039888, 2.1122763783739256, 1.9123086030211371, 1.1145726622862027, 1.3878274173157483, 0.7932127720722414], [3.642801109780482, 1.9123086030211371, 4.024459224456795, 1.8095597901054168, 2.38159401894385, 1.3512343201584358], [1.9519090881081458, 1.1145726622862027, 1.8095597901054168, 1.5066217003198743, 1.4544217721434598, 0.8350728211365395], [2.5452295652551618, 1.3878274173157483, 2.38159401894385, 1.4544217721434598, 3.2772105072553446, 1.4575062971910513], [1.475633984577628, 0.7932127720722414, 1.3512343201584358, 0.8350728211365395, 1.4575062971910513, 1.7408520237128957]]</COVARIANCE_MATRIX>
		<ROI_SIZE>9950</ROI_SIZE>
		<MAX_VALUE>[107.0, 50.0, 52.0, 28.0, 22.0, 13.0]</MAX_VALUE>
		<MIN_VALUE>[93.0, 40.0, 38.0, 14.0, 8.0, 3.0]</MIN_VALUE>
		<SIGNATURE_THRESHOLD_MD>0</SIGNATURE_THRESHOLD_MD>
		<SIGNATURE_THRESHOLD_ML>0</SIGNATURE_THRESHOLD_ML>
		<SIGNATURE_THRESHOLD_SAM>0</SIGNATURE_THRESHOLD_SAM>
	</signature>
	<signature ID="20200528_145849541398_240">
		<MACROCLASSID>1</MACROCLASSID>
		<MACROCLASSINFO>waterbody</MACROCLASSINFO>
		<CLASSID>2</CLASSID>
		<CLASSINFO>C 1</CLASSINFO>
		<VALUES>[102.72374504623531, 1.539700593136375, 47.007926023778204, 0.7862359905502925, 47.970607661822996, 1.3073544739569904, 19.727377807133344, 1.0733425334523001, 10.951453104359354, 1.1556340088730293, 5.2480184940554775, 0.9797719841909123]</VALUES>
		<LCS_MIN>[98.0, 41.0, 44.0, 16.0, 6.0, 2.0]</LCS_MIN>
		<LCS_MAX>[109.0, 52.0, 52.0, 24.0, 15.0, 9.0]</LCS_MAX>
		<WAVELENGTH>[1.0, 2.0, 3.0, 4.0, 5.0, 6.0]</WAVELENGTH>
		<MEAN_VALUE>[102.72374504623531, 47.007926023778204, 47.970607661822996, 19.727377807133344, 10.951453104359354, 5.2480184940554775]</MEAN_VALUE>
		<CHECKBOX>2</CHECKBOX>
		<SD>[1.539700593136375, 0.7862359905502925, 1.3073544739569904, 1.0733425334523001, 1.1556340088730293, 0.9797719841909123]</SD>
		<WAVELENGTH_UNIT>band number</WAVELENGTH_UNIT>
		<COLOR>#097b38</COLOR>
		<COVARIANCE_MATRIX>[[2.194802600615657, 0.3204534557025734, 0.7428045976029769, 0.6421957907834723, 0.5535434290495291, 0.28608673740878626], [0.3204534557025734, 0.595921949982366, 0.29721499023185954, 0.2507836307365534, 0.1869687459134302, 0.09467071658126963], [0.7428045976029769, 0.29721499023185954, 1.6496992188373212, 0.6876027834246736, 0.4730416522248085, 0.21246768207312408], [0.6421957907834723, 0.2507836307365534, 0.6876027834246736, 1.0394767605438469, 0.60468157447365, 0.32825310777448885], [0.5535434290495291, 0.1869687459134302, 0.4730416522248085, 0.60468157447365, 1.2641698438755724, 0.32094761445887177], [0.28608673740878626, 0.09467071658126963, 0.21246768207312408, 0.32825310777448885, 0.32094761445887177, 0.9565826847818258]]</COVARIANCE_MATRIX>
		<ROI_SIZE>10196</ROI_SIZE>
		<MAX_VALUE>[109.0, 52.0, 52.0, 24.0, 15.0, 9.0]</MAX_VALUE>
		<MIN_VALUE>[98.0, 41.0, 44.0, 16.0, 6.0, 2.0]</MIN_VALUE>
		<SIGNATURE_THRESHOLD_MD>0</SIGNATURE_THRESHOLD_MD>
		<SIGNATURE_THRESHOLD_ML>0</SIGNATURE_THRESHOLD_ML>
		<SIGNATURE_THRESHOLD_SAM>0</SIGNATURE_THRESHOLD_SAM>
	</signature>
	<signature ID="20200528_145857665116_907">
		<MACROCLASSID>1</MACROCLASSID>
		<MACROCLASSINFO>waterbody</MACROCLASSINFO>
		<CLASSID>3</CLASSID>
		<CLASSINFO>C 1</CLASSINFO>
		<VALUES>[100.17253328469789, 2.0268480426276185, 45.963523618457145, 1.5877692707961883, 49.151741747218814, 1.778227229147505, 21.306583986868546, 1.3557204016382614, 13.052161225606417, 1.366670425547343, 6.6304942549699195, 1.2173424142165123]</VALUES>
		<LCS_MIN>[93.0, 39.0, 43.0, 16.0, 7.0, 1.0]</LCS_MIN>
		<LCS_MAX>[107.0, 52.0, 55.0, 28.0, 21.0, 14.0]</LCS_MAX>
		<WAVELENGTH>[1.0, 2.0, 3.0, 4.0, 5.0, 6.0]</WAVELENGTH>
		<MEAN_VALUE>[100.17253328469789, 45.963523618457145, 49.151741747218814, 21.306583986868546, 13.052161225606417, 6.6304942549699195]</MEAN_VALUE>
		<CHECKBOX>2</CHECKBOX>
		<SD>[2.0268480426276185, 1.5877692707961883, 1.778227229147505, 1.3557204016382614, 1.366670425547343, 1.2173424142165123]</SD>
		<WAVELENGTH_UNIT>band number</WAVELENGTH_UNIT>
		<COLOR>#4eb042</COLOR>
		<COVARIANCE_MATRIX>[[4.499582453727294, 2.5269379522104973, 2.802583435557948, 0.1098332039925149, 0.7250812272013523, 0.6886312413251202], [2.5269379522104973, 2.879188928591555, 2.4091332952859377, -0.1780925604388333, 0.2397910111387459, 0.3197293522187874], [2.802583435557948, 2.4091332952859377, 3.7796757101330494, 0.4641560429683348, 0.529296875750025, 0.5001902332189461], [0.1098332039925149, -0.1780925604388333, 0.4641560429683348, 1.8494580053081908, 0.9348439761193665, 0.5513023063702432], [0.7250812272013523, 0.2397910111387459, 0.529296875750025, 0.9348439761193665, 1.9782430596160843, 0.7482259563587393], [0.6886312413251202, 0.3197293522187874, 0.5001902332189461, 0.5513023063702432, 0.7482259563587393, 1.4823833964563962]]</COVARIANCE_MATRIX>
		<ROI_SIZE>9410</ROI_SIZE>
		<MAX_VALUE>[107.0, 52.0, 55.0, 28.0, 21.0, 14.0]</MAX_VALUE>
		<MIN_VALUE>[93.0, 39.0, 43.0, 16.0, 7.0, 1.0]</MIN_VALUE>
		<SIGNATURE_THRESHOLD_MD>0</SIGNATURE_THRESHOLD_MD>
		<SIGNATURE_THRESHOLD_ML>0</SIGNATURE_THRESHOLD_ML>
		<SIGNATURE_THRESHOLD_SAM>0</SIGNATURE_THRESHOLD_SAM>
	</signature>
	<signature ID="20200528_145906732711_180">
		<MACROCLASSID>1</MACROCLASSID>
		<MACROCLASSINFO>waterbody</MACROCLASSINFO>
		<CLASSID>4</CLASSID>
		<CLASSINFO>C 1</CLASSINFO>
		<VALUES>[93.52033036848808, 2.5986079535385045, 41.803049555273205, 1.7888801949977224, 41.288860652265996, 3.3263160169252486, 17.191020753917783, 1.7703676050477541, 10.337568826768372, 1.3550160385255419, 4.510800508259218, 1.1092340056184802]</VALUES>
		<LCS_MIN>[88.0, 36.0, 36.0, 13.0, 5.0, 1.0]</LCS_MIN>
		<LCS_MAX>[102.0, 48.0, 50.0, 24.0, 17.0, 12.0]</LCS_MAX>
		<WAVELENGTH>[1.0, 2.0, 3.0, 4.0, 5.0, 6.0]</WAVELENGTH>
		<MEAN_VALUE>[93.52033036848808, 41.803049555273205, 41.288860652265996, 17.191020753917783, 10.337568826768372, 4.510800508259218]</MEAN_VALUE>
		<CHECKBOX>2</CHECKBOX>
		<SD>[2.5986079535385045, 1.7888801949977224, 3.3263160169252486, 1.7703676050477541, 1.3550160385255419, 1.1092340056184802]</SD>
		<WAVELENGTH_UNIT>band number</WAVELENGTH_UNIT>
		<COLOR>#16b3cf</COLOR>
		<COVARIANCE_MATRIX>[[5.865584001922161, 3.0717859116739046, 5.7466488819300965, 2.402131471540987, 1.0195832280659205, 0.6499475741175033], [3.0717859116739046, 2.6392091441704415, 3.85810942478438, 1.5481500584923993, 0.6861956241507531, 0.4389393815672582], [5.7466488819300965, 3.85810942478438, 9.576755965405951, 4.127836690922447, 1.183082864311229, 0.7869707287224083], [2.402131471540987, 1.5481500584923993, 4.127836690922447, 2.575918913967812, 0.7002629370766242, 0.4571681526991791], [1.0195832280659205, 0.6861956241507531, 1.183082864311229, 0.7002629370766242, 1.45160839293436, 0.4484642857172648], [0.6499475741175033, 0.4389393815672582, 0.7869707287224083, 0.4571681526991791, 0.4484642857172648, 1.0266196925866249]]</COVARIANCE_MATRIX>
		<ROI_SIZE>8482</ROI_SIZE>
		<MAX_VALUE>[102.0, 48.0, 50.0, 24.0, 17.0, 12.0]</MAX_VALUE>
		<MIN_VALUE>[88.0, 36.0, 36.0, 13.0, 5.0, 1.0]</MIN_VALUE>
		<SIGNATURE_THRESHOLD_MD>0</SIGNATURE_THRESHOLD_MD>
		<SIGNATURE_THRESHOLD_ML>0</SIGNATURE_THRESHOLD_ML>
		<SIGNATURE_THRESHOLD_SAM>0</SIGNATURE_THRESHOLD_SAM>
	</signature>
	<signature ID="20200528_145915262948_764">
		<MACROCLASSID>1</MACROCLASSID>
		<MACROCLASSINFO>waterbody</MACROCLASSINFO>
		<CLASSID>5</CLASSID>
		<CLASSINFO>C 1</CLASSINFO>
		<VALUES>[103.14420975965044, 3.2353030870771176, 46.03932993445011, 2.0848491334750165, 39.0386016023307, 2.80190265641936, 23.36562272396211, 2.2903670138111347, 21.51857246904586, 3.0593517635979612, 11.493809176984723, 1.9826629076554738]</VALUES>
		<LCS_MIN>[98.0, 40.0, 33.0, 17.0, 15.0, 6.0]</LCS_MIN>
		<LCS_MAX>[112.0, 52.0, 46.0, 30.0, 29.0, 17.0]</LCS_MAX>
		<WAVELENGTH>[1.0, 2.0, 3.0, 4.0, 5.0, 6.0]</WAVELENGTH>
		<MEAN_VALUE>[103.14420975965044, 46.03932993445011, 39.0386016023307, 23.36562272396211, 21.51857246904586, 11.493809176984723]</MEAN_VALUE>
		<CHECKBOX>2</CHECKBOX>
		<SD>[3.2353030870771176, 2.0848491334750165, 2.80190265641936, 2.2903670138111347, 3.0593517635979612, 1.9826629076554738]</SD>
		<WAVELENGTH_UNIT>band number</WAVELENGTH_UNIT>
		<COLOR>#5a1db4</COLOR>
		<COVARIANCE_MATRIX>[[10.474815209613132, 5.277851802462738, 6.562213471383771, 5.184115671031705, 6.823850328811162, 4.323050862213578], [5.277851802462738, 4.3497639821717895, 4.688713931103603, 2.994355956928604, 3.774779217690616, 2.277940455133255], [6.562213471383771, 4.688713931103603, 7.856380550347287, 5.08500145454082, 6.251104707828403, 3.825676467652924], [5.184115671031705, 2.994355956928604, 5.08500145454082, 5.249604513535724, 5.751222026631899, 3.55401442649685], [6.823850328811162, 3.774779217690616, 6.251104707828403, 5.751222026631899, 9.366455103527212, 5.0083147711274725], [4.323050862213578, 2.277940455133255, 3.825676467652924, 3.55401442649685, 5.0083147711274725, 3.933817330906979]]</COVARIANCE_MATRIX>
		<ROI_SIZE>1373</ROI_SIZE>
		<MAX_VALUE>[112.0, 52.0, 46.0, 30.0, 29.0, 17.0]</MAX_VALUE>
		<MIN_VALUE>[98.0, 40.0, 33.0, 17.0, 15.0, 6.0]</MIN_VALUE>
		<SIGNATURE_THRESHOLD_MD>0</SIGNATURE_THRESHOLD_MD>
		<SIGNATURE_THRESHOLD_ML>0</SIGNATURE_THRESHOLD_ML>
		<SIGNATURE_THRESHOLD_SAM>0</SIGNATURE_THRESHOLD_SAM>
	</signature>
	<signature ID="20200528_145928237925_255">
		<MACROCLASSID>1</MACROCLASSID>
		<MACROCLASSINFO>waterbody</MACROCLASSINFO>
		<CLASSID>6</CLASSID>
		<CLASSINFO>C 1</CLASSINFO>
		<VALUES>[77.7044299201162, 3.499424475711808, 29.291212781408863, 1.9748277320520413, 26.612200435729843, 2.440417811395323, 18.813362381989855, 2.21158140828445, 15.529411764705875, 2.6711643474963913, 8.043572984749446, 1.8843439401833235]</VALUES>
		<LCS_MIN>[70.0, 24.0, 20.0, 11.0, 6.0, 2.0]</LCS_MIN>
		<LCS_MAX>[84.0, 34.0, 31.0, 24.0, 19.0, 13.0]</LCS_MAX>
		<WAVELENGTH>[1.0, 2.0, 3.0, 4.0, 5.0, 6.0]</WAVELENGTH>
		<MEAN_VALUE>[77.7044299201162, 29.291212781408863, 26.612200435729843, 18.813362381989855, 15.529411764705875, 8.043572984749446]</MEAN_VALUE>
		<CHECKBOX>2</CHECKBOX>
		<SD>[3.499424475711808, 1.9748277320520413, 2.440417811395323, 2.21158140828445, 2.6711643474963913, 1.8843439401833235]</SD>
		<WAVELENGTH_UNIT>band number</WAVELENGTH_UNIT>
		<COLOR>#750f97</COLOR>
		<COVARIANCE_MATRIX>[[11.837122072218387, 5.894136149330638, 7.081821079293177, 5.00027369235255, 6.4672429854757825, 4.638594358232951], [5.894136149330638, 3.855320218455679, 4.091343146018543, 2.958161636891046, 3.563463731611596, 2.50383217197716], [7.081821079293177, 4.091343146018543, 5.833566945883965, 3.9306201063919133, 4.594264660185556, 3.2230742772941063], [5.00027369235255, 2.958161636891046, 3.9306201063919133, 4.5607652910831575, 3.7914607986004336, 2.520892594753602], [6.4672429854757825, 3.563463731611596, 4.594264660185556, 3.7914607986004336, 6.642162738047678, 3.464904784123161], [4.638594358232951, 2.50383217197716, 3.2230742772941063, 2.520892594753602, 3.464904784123161, 3.2240732384128648]]</COVARIANCE_MATRIX>
		<ROI_SIZE>2503</ROI_SIZE>
		<MAX_VALUE>[84.0, 34.0, 31.0, 24.0, 19.0, 13.0]</MAX_VALUE>
		<MIN_VALUE>[70.0, 24.0, 20.0, 11.0, 6.0, 2.0]</MIN_VALUE>
		<SIGNATURE_THRESHOLD_MD>0</SIGNATURE_THRESHOLD_MD>
		<SIGNATURE_THRESHOLD_ML>0</SIGNATURE_THRESHOLD_ML>
		<SIGNATURE_THRESHOLD_SAM>0</SIGNATURE_THRESHOLD_SAM>
	</signature>
	<signature ID="20200528_150001832805_167">
		<MACROCLASSID>1</MACROCLASSID>
		<MACROCLASSINFO>waterbody</MACROCLASSINFO>
		<CLASSID>7</CLASSID>
		<CLASSINFO>C 1</CLASSINFO>
		<VALUES>[88.92, 1.8744599222176, 39.253333333333345, 1.3073467617872325, 34.173333333333325, 1.1930167177742697, 21.05333333333333, 6.558238245816394, 15.146666666666667, 3.392907635380342, 7.093333333333335, 1.7676600980454988]</VALUES>
		<LCS_MIN>[82.0, 35.0, 32.0, 7.0, 8.0, 2.0]</LCS_MIN>
		<LCS_MAX>[93.0, 42.0, 38.0, 35.0, 23.0, 11.0]</LCS_MAX>
		<WAVELENGTH>[1.0, 2.0, 3.0, 4.0, 5.0, 6.0]</WAVELENGTH>
		<MEAN_VALUE>[88.92, 39.253333333333345, 34.173333333333325, 21.05333333333333, 15.146666666666667, 7.093333333333335]</MEAN_VALUE>
		<CHECKBOX>2</CHECKBOX>
		<SD>[1.8744599222176, 1.3073467617872325, 1.1930167177742697, 6.558238245816394, 3.392907635380342, 1.7676600980454988]</SD>
		<WAVELENGTH_UNIT>band number</WAVELENGTH_UNIT>
		<COLOR>#3eacc3</COLOR>
		<COVARIANCE_MATRIX>[[3.5610810810810887, 1.5340540540540508, 0.7978378378378389, -5.225405405405407, -0.9881081081081085, 0.08864864864864928], [1.5340540540540508, 1.7322522522522505, 0.7663063063063044, -2.2839639639639615, 0.01639639639639629, 0.1787387387387378], [0.7978378378378389, 0.7663063063063044, 1.4425225225225211, -0.9282882882882887, 1.0282882882882887, 0.22684684684684642], [-5.225405405405407, -2.2839639639639615, -0.9282882882882887, 43.59171171171174, 11.573153153153156, 3.251711711711711], [-0.9881081081081085, 0.01639639639639629, 1.0282882882882887, 11.573153153153156, 11.66738738738739, 3.0131531531531537], [0.08864864864864928, 0.1787387387387378, 0.22684684684684642, 3.251711711711711, 3.0131531531531537, 3.1668468468468403]]</COVARIANCE_MATRIX>
		<ROI_SIZE>75</ROI_SIZE>
		<MAX_VALUE>[93.0, 42.0, 38.0, 35.0, 23.0, 11.0]</MAX_VALUE>
		<MIN_VALUE>[82.0, 35.0, 32.0, 7.0, 8.0, 2.0]</MIN_VALUE>
		<SIGNATURE_THRESHOLD_MD>0</SIGNATURE_THRESHOLD_MD>
		<SIGNATURE_THRESHOLD_ML>0</SIGNATURE_THRESHOLD_ML>
		<SIGNATURE_THRESHOLD_SAM>0</SIGNATURE_THRESHOLD_SAM>
	</signature>
	<signature ID="20200528_150015784891_462">
		<MACROCLASSID>1</MACROCLASSID>
		<MACROCLASSINFO>waterbody</MACROCLASSINFO>
		<CLASSID>8</CLASSID>
		<CLASSINFO>C 1</CLASSINFO>
		<VALUES>[71.0294117647059, 1.7792699668019876, 26.696078431372555, 1.463873559352066, 22.794117647058837, 1.5038397605379554, 17.039215686274492, 2.0384613989595364, 11.7843137254902, 2.28647965985041, 5.0049019607843155, 1.446759560425445]</VALUES>
		<LCS_MIN>[65.0, 23.0, 19.0, 10.0, 7.0, 1.0]</LCS_MIN>
		<LCS_MAX>[76.0, 30.0, 27.0, 23.0, 18.0, 9.0]</LCS_MAX>
		<WAVELENGTH>[1.0, 2.0, 3.0, 4.0, 5.0, 6.0]</WAVELENGTH>
		<MEAN_VALUE>[71.0294117647059, 26.696078431372555, 22.794117647058837, 17.039215686274492, 11.7843137254902, 5.0049019607843155]</MEAN_VALUE>
		<CHECKBOX>2</CHECKBOX>
		<SD>[1.7792699668019876, 1.463873559352066, 1.5038397605379554, 2.0384613989595364, 2.28647965985041, 1.446759560425445]</SD>
		<WAVELENGTH_UNIT>band number</WAVELENGTH_UNIT>
		<COLOR>#c5d028</COLOR>
		<COVARIANCE_MATRIX>[[3.181396696609679, 1.871051869023469, 1.7006664734859445, 0.7673138220805564, 1.0950449145175312, 1.0097073312083453], [1.871051869023469, 2.153482082488168, 1.5479571138800348, 0.8789722785665991, 1.0966869506423247, 0.9867188254612196], [1.7006664734859445, 1.5479571138800348, 2.272674587076212, 1.1558968414952182, 1.748478701825558, 1.2128368588814837], [0.7673138220805564, 0.8789722785665991, 1.1558968414952182, 4.175794455713321, 3.057761035448664, 1.3397082971119487], [1.0950449145175312, 1.0966869506423247, 1.748478701825558, 3.057761035448664, 5.253742876460934, 2.3311117550468468], [1.0097073312083453, 0.9867188254612196, 1.2128368588814837, 1.3397082971119487, 2.3311117550468468, 2.1034241282719983]]</COVARIANCE_MATRIX>
		<ROI_SIZE>204</ROI_SIZE>
		<MAX_VALUE>[76.0, 30.0, 27.0, 23.0, 18.0, 9.0]</MAX_VALUE>
		<MIN_VALUE>[65.0, 23.0, 19.0, 10.0, 7.0, 1.0]</MIN_VALUE>
		<SIGNATURE_THRESHOLD_MD>0</SIGNATURE_THRESHOLD_MD>
		<SIGNATURE_THRESHOLD_ML>0</SIGNATURE_THRESHOLD_ML>
		<SIGNATURE_THRESHOLD_SAM>0</SIGNATURE_THRESHOLD_SAM>
	</signature>
	<signature ID="20200528_150021739991_536">
		<MACROCLASSID>1</MACROCLASSID>
		<MACROCLASSINFO>waterbody</MACROCLASSINFO>
		<CLASSID>9</CLASSID>
		<CLASSINFO>C 1</CLASSINFO>
		<VALUES>[69.82031249999997, 1.868461908186447, 24.664062499999996, 1.0404126566385805, 22.484375000000004, 1.3519914420494685, 17.84375, 2.8461528310159316, 12.781249999999998, 2.9313432820978167, 5.367187500000001, 1.5952619972417545]</VALUES>
		<LCS_MIN>[65.0, 23.0, 20.0, 9.0, 8.0, 2.0]</LCS_MIN>
		<LCS_MAX>[77.0, 29.0, 26.0, 23.0, 20.0, 11.0]</LCS_MAX>
		<WAVELENGTH>[1.0, 2.0, 3.0, 4.0, 5.0, 6.0]</WAVELENGTH>
		<MEAN_VALUE>[69.82031249999997, 24.664062499999996, 22.484375000000004, 17.84375, 12.781249999999998, 5.367187500000001]</MEAN_VALUE>
		<CHECKBOX>2</CHECKBOX>
		<SD>[1.868461908186447, 1.0404126566385805, 1.3519914420494685, 2.8461528310159316, 2.9313432820978167, 1.5952619972417545]</SD>
		<WAVELENGTH_UNIT>band number</WAVELENGTH_UNIT>
		<COLOR>#4e741e</COLOR>
		<COVARIANCE_MATRIX>[[3.518639271653543, 0.9864050196850394, 1.4263041338582676, 0.6724901574803149, 2.708415354330709, 1.4050812007874016], [0.9864050196850394, 1.0909817913385826, 0.8726624015748031, 0.671505905511811, 0.5243602362204725, 0.3920398622047244], [1.4263041338582676, 0.8726624015748031, 1.842273622047244, 0.7928149606299213, 1.6894685039370079, 0.9624753937007874], [0.6724901574803149, 0.671505905511811, 0.7928149606299213, 8.164370078740157, 2.9104330708661417, 1.451525590551181], [2.708415354330709, 0.5243602362204725, 1.6894685039370079, 2.9104330708661417, 8.66043307086614, 3.5533956692913384], [1.4050812007874016, 0.3920398622047244, 0.9624753937007874, 1.451525590551181, 3.5533956692913384, 2.5648991141732282]]</COVARIANCE_MATRIX>
		<ROI_SIZE>128</ROI_SIZE>
		<MAX_VALUE>[77.0, 29.0, 26.0, 23.0, 20.0, 11.0]</MAX_VALUE>
		<MIN_VALUE>[65.0, 23.0, 20.0, 9.0, 8.0, 2.0]</MIN_VALUE>
		<SIGNATURE_THRESHOLD_MD>0</SIGNATURE_THRESHOLD_MD>
		<SIGNATURE_THRESHOLD_ML>0</SIGNATURE_THRESHOLD_ML>
		<SIGNATURE_THRESHOLD_SAM>0</SIGNATURE_THRESHOLD_SAM>
	</signature>
	<signature ID="20200528_150027496062_162">
		<MACROCLASSID>1</MACROCLASSID>
		<MACROCLASSINFO>waterbody</MACROCLASSINFO>
		<CLASSID>10</CLASSID>
		<CLASSINFO>C 1</CLASSINFO>
		<VALUES>[72.25429553264603, 1.8230880212647504, 27.89003436426116, 1.6564785856330941, 25.814432989690737, 1.9792561529648316, 25.3676975945017, 3.820570277050828, 21.422680412371136, 3.423694628848994, 9.268041237113401, 1.8135541451731605]</VALUES>
		<LCS_MIN>[66.0, 24.0, 21.0, 19.0, 15.0, 5.0]</LCS_MIN>
		<LCS_MAX>[77.0, 33.0, 32.0, 33.0, 29.0, 14.0]</LCS_MAX>
		<WAVELENGTH>[1.0, 2.0, 3.0, 4.0, 5.0, 6.0]</WAVELENGTH>
		<MEAN_VALUE>[72.25429553264603, 27.89003436426116, 25.814432989690737, 25.3676975945017, 21.422680412371136, 9.268041237113401]</MEAN_VALUE>
		<CHECKBOX>2</CHECKBOX>
		<SD>[1.8230880212647504, 1.6564785856330941, 1.9792561529648316, 3.820570277050828, 3.423694628848994, 1.8135541451731605]</SD>
		<WAVELENGTH_UNIT>band number</WAVELENGTH_UNIT>
		<COLOR>#7b75b3</COLOR>
		<COVARIANCE_MATRIX>[[3.335110795117903, 2.134956748429909, 2.668041237113402, 3.2647944069202524, 3.5197298258087426, 1.9557412015641666], [2.134956748429909, 2.753383102263298, 2.5967650195520804, 3.5336769759450144, 3.7052612868823336, 1.9502666192676852], [2.668041237113402, 2.5967650195520804, 3.93096338428724, 4.099502310700321, 4.433878421613935, 2.380945609669391], [3.2647944069202524, 3.5336769759450144, 4.099502310700321, 14.647090887545916, 9.519907571987199, 3.8217916814788504], [3.5197298258087426, 3.7052612868823336, 4.433878421613935, 9.519907571987199, 11.762104514752936, 4.71389975115535], [1.9557412015641666, 1.9502666192676852, 2.380945609669391, 3.8217916814788504, 4.71389975115535, 3.3003199431212216]]</COVARIANCE_MATRIX>
		<ROI_SIZE>291</ROI_SIZE>
		<MAX_VALUE>[77.0, 33.0, 32.0, 33.0, 29.0, 14.0]</MAX_VALUE>
		<MIN_VALUE>[66.0, 24.0, 21.0, 19.0, 15.0, 5.0]</MIN_VALUE>
		<SIGNATURE_THRESHOLD_MD>0</SIGNATURE_THRESHOLD_MD>
		<SIGNATURE_THRESHOLD_ML>0</SIGNATURE_THRESHOLD_ML>
		<SIGNATURE_THRESHOLD_SAM>0</SIGNATURE_THRESHOLD_SAM>
	</signature>
	<signature ID="20200528_150042404834_146">
		<MACROCLASSID>1</MACROCLASSID>
		<MACROCLASSINFO>waterbody</MACROCLASSINFO>
		<CLASSID>11</CLASSID>
		<CLASSINFO>C 1</CLASSINFO>
		<VALUES>[74.8771744860304, 1.8284897102753328, 25.10015814443856, 1.0203439197541055, 22.63653136531359, 1.2631779538785883, 11.698207696362703, 1.1433205222687113, 9.316552451238769, 1.6841238660251585, 4.328413284132832, 1.145778740179426]</VALUES>
		<LCS_MIN>[69.0, 21.0, 16.0, 4.0, 4.0, 1.0]</LCS_MIN>
		<LCS_MAX>[82.0, 30.0, 28.0, 18.0, 16.0, 11.0]</LCS_MAX>
		<WAVELENGTH>[1.0, 2.0, 3.0, 4.0, 5.0, 6.0]</WAVELENGTH>
		<MEAN_VALUE>[74.8771744860304, 25.10015814443856, 22.63653136531359, 11.698207696362703, 9.316552451238769, 4.328413284132832]</MEAN_VALUE>
		<CHECKBOX>2</CHECKBOX>
		<SD>[1.8284897102753328, 1.0203439197541055, 1.2631779538785883, 1.1433205222687113, 1.6841238660251585, 1.145778740179426]</SD>
		<WAVELENGTH_UNIT>band number</WAVELENGTH_UNIT>
		<COLOR>#34151b</COLOR>
		<COVARIANCE_MATRIX>[[3.846068475226232, 1.521865749146612, 1.9181762970794478, 1.563283288513797, 1.9496566283892285, 1.1033152028820905], [1.521865749146612, 1.3455692599041853, 1.176002173529409, 0.9337703082268527, 1.119686317683515, 0.6676152184044903], [1.9181762970794478, 1.176002173529409, 1.9599003694095014, 1.215587046724783, 1.4871075552771544, 0.8732436719662517], [1.563283288513797, 0.9337703082268527, 1.215587046724783, 1.4108594235228689, 1.3696070236005389, 0.7956573480462337], [1.9496566283892285, 1.119686317683515, 1.4871075552771544, 1.3696070236005389, 2.7794717347727524, 1.08616562695444], [1.1033152028820905, 0.6676152184044903, 0.8732436719662517, 0.7956573480462337, 1.08616562695444, 1.3830959494800006]]</COVARIANCE_MATRIX>
		<ROI_SIZE>7130</ROI_SIZE>
		<MAX_VALUE>[82.0, 30.0, 28.0, 18.0, 16.0, 11.0]</MAX_VALUE>
		<MIN_VALUE>[69.0, 21.0, 16.0, 4.0, 4.0, 1.0]</MIN_VALUE>
		<SIGNATURE_THRESHOLD_MD>0</SIGNATURE_THRESHOLD_MD>
		<SIGNATURE_THRESHOLD_ML>0</SIGNATURE_THRESHOLD_ML>
		<SIGNATURE_THRESHOLD_SAM>0</SIGNATURE_THRESHOLD_SAM>
	</signature>
	<signature ID="20200528_150105574874_799">
		<MACROCLASSID>1</MACROCLASSID>
		<MACROCLASSINFO>waterbody</MACROCLASSINFO>
		<CLASSID>12</CLASSID>
		<CLASSINFO>C 1</CLASSINFO>
		<VALUES>[74.64912280701756, 1.4447877045553175, 24.385964912280702, 0.9688913172971276, 23.122807017543856, 1.2987196858471397, 13.789473684210526, 2.5112856992669244, 11.438596491228074, 3.255319769560734, 6.2105263157894735, 1.4109452114303929]</VALUES>
		<LCS_MIN>[70.0, 22.0, 20.0, 8.0, 3.0, 2.0]</LCS_MIN>
		<LCS_MAX>[78.0, 27.0, 26.0, 20.0, 19.0, 9.0]</LCS_MAX>
		<WAVELENGTH>[1.0, 2.0, 3.0, 4.0, 5.0, 6.0]</WAVELENGTH>
		<MEAN_VALUE>[74.64912280701756, 24.385964912280702, 23.122807017543856, 13.789473684210526, 11.438596491228074, 6.2105263157894735]</MEAN_VALUE>
		<CHECKBOX>2</CHECKBOX>
		<SD>[1.4447877045553175, 0.9688913172971276, 1.2987196858471397, 2.5112856992669244, 3.255319769560734, 1.4109452114303929]</SD>
		<WAVELENGTH_UNIT>band number</WAVELENGTH_UNIT>
		<COLOR>#08cce6</COLOR>
		<COVARIANCE_MATRIX>[[2.1246867167919783, 0.7628446115288227, 0.8652882205513781, 1.014097744360903, 0.6744987468671675, 0.7716165413533836], [0.7628446115288227, 0.9555137844611534, 0.7196115288220554, 0.7434210526315788, 0.16697994987468642, 0.5244360902255638], [0.8652882205513781, 0.7196115288220554, 1.7167919799498752, 1.9906015037593987, 0.7308897243107768, 0.6701127819548873], [1.014097744360903, 0.7434210526315788, 1.9906015037593987, 6.419172932330826, 1.076127819548872, 1.027255639097744], [0.6744987468671675, 0.16697994987468642, 0.7308897243107768, 1.076127819548872, 10.786340852130323, 2.3345864661654128], [0.7716165413533836, 0.5244360902255638, 0.6701127819548873, 1.027255639097744, 2.3345864661654128, 2.0263157894736836]]</COVARIANCE_MATRIX>
		<ROI_SIZE>57</ROI_SIZE>
		<MAX_VALUE>[78.0, 27.0, 26.0, 20.0, 19.0, 9.0]</MAX_VALUE>
		<MIN_VALUE>[70.0, 22.0, 20.0, 8.0, 3.0, 2.0]</MIN_VALUE>
		<SIGNATURE_THRESHOLD_MD>0</SIGNATURE_THRESHOLD_MD>
		<SIGNATURE_THRESHOLD_ML>0</SIGNATURE_THRESHOLD_ML>
		<SIGNATURE_THRESHOLD_SAM>0</SIGNATURE_THRESHOLD_SAM>
	</signature>
	<signature ID="20200528_150112415678_362">
		<MACROCLASSID>1</MACROCLASSID>
		<MACROCLASSINFO>waterbody</MACROCLASSINFO>
		<CLASSID>13</CLASSID>
		<CLASSINFO>C 1</CLASSINFO>
		<VALUES>[75.12295081967211, 2.644443196072371, 24.204918032786882, 1.3116034773535672, 22.89344262295083, 1.8188781313062001, 12.745901639344263, 2.303103662914124, 10.532786885245907, 2.834750476859914, 5.450819672131148, 1.7419720265412855]</VALUES>
		<LCS_MIN>[69.0, 21.0, 20.0, 8.0, 5.0, 1.0]</LCS_MIN>
		<LCS_MAX>[83.0, 29.0, 30.0, 19.0, 18.0, 10.0]</LCS_MAX>
		<WAVELENGTH>[1.0, 2.0, 3.0, 4.0, 5.0, 6.0]</WAVELENGTH>
		<MEAN_VALUE>[75.12295081967211, 24.204918032786882, 22.89344262295083, 12.745901639344263, 10.532786885245907, 5.450819672131148]</MEAN_VALUE>
		<CHECKBOX>2</CHECKBOX>
		<SD>[2.644443196072371, 1.3116034773535672, 1.8188781313062001, 2.303103662914124, 2.834750476859914, 1.7419720265412855]</SD>
		<WAVELENGTH_UNIT>band number</WAVELENGTH_UNIT>
		<COLOR>#8555d5</COLOR>
		<COVARIANCE_MATRIX>[[7.050873865329909, 2.660547351307411, 3.5256062864110542, 3.2629047554531914, 1.578580138192657, 1.2664273133721695], [2.660547351307411, 1.7345210676060179, 1.9228424332746226, 1.8458880910445747, 0.9560357675111772, 0.7167727950142253], [3.5256062864110542, 1.9228424332746226, 3.3356591247798435, 3.104931581086575, 1.5365804091586475, 1.2881045928735946], [3.2629047554531914, 1.8458880910445747, 3.104931581086575, 5.348123560493154, 3.1034412681208496, 2.4130199160005423], [1.578580138192657, 0.9560357675111772, 1.5365804091586475, 3.1034412681208496, 8.102221921148898, 2.2536919116650864], [1.2664273133721695, 0.7167727950142253, 1.2881045928735946, 2.4130199160005423, 2.2536919116650864, 3.0595447771304713]]</COVARIANCE_MATRIX>
		<ROI_SIZE>122</ROI_SIZE>
		<MAX_VALUE>[83.0, 29.0, 30.0, 19.0, 18.0, 10.0]</MAX_VALUE>
		<MIN_VALUE>[69.0, 21.0, 20.0, 8.0, 5.0, 1.0]</MIN_VALUE>
		<SIGNATURE_THRESHOLD_MD>0</SIGNATURE_THRESHOLD_MD>
		<SIGNATURE_THRESHOLD_ML>0</SIGNATURE_THRESHOLD_ML>
		<SIGNATURE_THRESHOLD_SAM>0</SIGNATURE_THRESHOLD_SAM>
	</signature>
	<signature ID="20200528_150144244817_786">
		<MACROCLASSID>1</MACROCLASSID>
		<MACROCLASSINFO>waterbody</MACROCLASSINFO>
		<CLASSID>14</CLASSID>
		<CLASSINFO>C 1</CLASSINFO>
		<VALUES>[100.82586705202297, 2.609596833900634, 44.43497109826584, 2.3334937769913107, 46.21459537572257, 2.6179219428216114, 20.127890173410407, 2.269482676293416, 10.534682080924847, 1.5158925097907205, 4.6878612716763, 1.0414654766894371]</VALUES>
		<LCS_MIN>[90.0, 35.0, 36.0, 13.0, 3.0, 2.0]</LCS_MIN>
		<LCS_MAX>[104.0, 48.0, 50.0, 27.0, 17.0, 11.0]</LCS_MAX>
		<WAVELENGTH>[1.0, 2.0, 3.0, 4.0, 5.0, 6.0]</WAVELENGTH>
		<MEAN_VALUE>[100.82586705202297, 44.43497109826584, 46.21459537572257, 20.127890173410407, 10.534682080924847, 4.6878612716763]</MEAN_VALUE>
		<CHECKBOX>2</CHECKBOX>
		<SD>[2.609596833900634, 2.3334937769913107, 2.6179219428216114, 2.269482676293416, 1.5158925097907205, 1.0414654766894371]</SD>
		<WAVELENGTH_UNIT>band number</WAVELENGTH_UNIT>
		<COLOR>#f49ddc</COLOR>
		<COVARIANCE_MATRIX>[[6.460671718528287, 4.622148153574424, 5.073275733428838, 1.17396975394558, 0.37726173906673516, 0.4591903455722957], [4.622148153574424, 5.003319135873523, 4.916001851134808, 0.9846967429562115, 0.45087225425662186, 0.5164381236097592], [5.073275733428838, 4.916001851134808, 6.515556935379658, 1.628268700589409, 0.5033854139414168, 0.5404791361680968], [1.17396975394558, 0.9846967429562115, 1.628268700589409, 4.228184922786051, 0.8024739160919651, 0.4175250839231499], [0.37726173906673516, 0.45087225425662186, 0.5033854139414168, 0.8024739160919651, 2.078686019862491, 0.5131466035978525], [0.4591903455722957, 0.5164381236097592, 0.5404791361680968, 0.4175250839231499, 0.5131466035978525, 0.9897753483571385]]</COVARIANCE_MATRIX>
		<ROI_SIZE>3213</ROI_SIZE>
		<MAX_VALUE>[104.0, 48.0, 50.0, 27.0, 17.0, 11.0]</MAX_VALUE>
		<MIN_VALUE>[90.0, 35.0, 36.0, 13.0, 3.0, 2.0]</MIN_VALUE>
		<SIGNATURE_THRESHOLD_MD>0</SIGNATURE_THRESHOLD_MD>
		<SIGNATURE_THRESHOLD_ML>0</SIGNATURE_THRESHOLD_ML>
		<SIGNATURE_THRESHOLD_SAM>0</SIGNATURE_THRESHOLD_SAM>
	</signature>
	<signature ID="20200528_150222325878_394">
		<MACROCLASSID>1</MACROCLASSID>
		<MACROCLASSINFO>waterbody</MACROCLASSINFO>
		<CLASSID>15</CLASSID>
		<CLASSINFO>C 1</CLASSINFO>
		<VALUES>[80.63636363636363, 1.9412869549147886, 30.628099173553714, 1.6769326159476676, 28.892561983471076, 1.8172800167781487, 16.190082644628102, 2.679317939563918, 15.25619834710744, 2.1301803191428146, 6.958677685950413, 1.2622732622834234]</VALUES>
		<LCS_MIN>[77.0, 27.0, 25.0, 10.0, 10.0, 4.0]</LCS_MIN>
		<LCS_MAX>[85.0, 34.0, 32.0, 21.0, 22.0, 10.0]</LCS_MAX>
		<WAVELENGTH>[1.0, 2.0, 3.0, 4.0, 5.0, 6.0]</WAVELENGTH>
		<MEAN_VALUE>[80.63636363636363, 30.628099173553714, 28.892561983471076, 16.190082644628102, 15.25619834710744, 6.958677685950413]</MEAN_VALUE>
		<CHECKBOX>2</CHECKBOX>
		<SD>[1.9412869549147886, 1.6769326159476676, 1.8172800167781487, 2.679317939563918, 2.1301803191428146, 1.2622732622834234]</SD>
		<WAVELENGTH_UNIT>band number</WAVELENGTH_UNIT>
		<COLOR>#85fccc</COLOR>
		<COVARIANCE_MATRIX>[[3.800000000000006, 2.5219696969696983, 2.6772727272727272, -0.8886363636363636, -0.5477272727272724, -0.30681818181818155], [2.5219696969696983, 2.8355371900826487, 2.6347107438016546, -0.662052341597796, -0.528925619834711, -0.265495867768595], [2.6772727272727272, 2.6347107438016546, 3.330027548209367, -0.6710743801652898, -0.6139118457300274, -0.37114325068870524], [-0.8886363636363636, -0.662052341597796, -0.6710743801652898, 7.238567493112947, 1.3592286501377409, 0.4912534435261706], [-0.5477272727272724, -0.528925619834711, -0.6139118457300274, 1.3592286501377409, 4.5754820936639105, 1.1523415977961438], [-0.30681818181818155, -0.265495867768595, -0.37114325068870524, 0.4912534435261706, 1.1523415977961438, 1.6066115702479349]]</COVARIANCE_MATRIX>
		<ROI_SIZE>121</ROI_SIZE>
		<MAX_VALUE>[85.0, 34.0, 32.0, 21.0, 22.0, 10.0]</MAX_VALUE>
		<MIN_VALUE>[77.0, 27.0, 25.0, 10.0, 10.0, 4.0]</MIN_VALUE>
		<SIGNATURE_THRESHOLD_MD>0</SIGNATURE_THRESHOLD_MD>
		<SIGNATURE_THRESHOLD_ML>0</SIGNATURE_THRESHOLD_ML>
		<SIGNATURE_THRESHOLD_SAM>0</SIGNATURE_THRESHOLD_SAM>
	</signature>
	<signature ID="20200528_151147315092_137">
		<MACROCLASSID>2</MACROCLASSID>
		<MACROCLASSINFO>vegetation</MACROCLASSINFO>
		<CLASSID>16</CLASSID>
		<CLASSINFO>C 1</CLASSINFO>
		<VALUES>[71.04294478527608, 1.1151477563191903, 28.122699386503065, 0.8492003176931663, 25.2883435582822, 0.8415872119643585, 88.66871165644173, 3.0133755296182656, 49.97546012269938, 2.8735111807818865, 13.889570552147243, 1.3566746379450207]</VALUES>
		<LCS_MIN>[69.0, 26.0, 23.0, 84.0, 43.0, 11.0]</LCS_MIN>
		<LCS_MAX>[74.0, 31.0, 27.0, 96.0, 54.0, 18.0]</LCS_MAX>
		<WAVELENGTH>[1.0, 2.0, 3.0, 4.0, 5.0, 6.0]</WAVELENGTH>
		<MEAN_VALUE>[71.04294478527608, 28.122699386503065, 25.2883435582822, 88.66871165644173, 49.97546012269938, 13.889570552147243]</MEAN_VALUE>
		<CHECKBOX>2</CHECKBOX>
		<SD>[1.1151477563191903, 0.8492003176931663, 0.8415872119643585, 3.0133755296182656, 2.8735111807818865, 1.3566746379450207]</SD>
		<WAVELENGTH_UNIT>band number</WAVELENGTH_UNIT>
		<COLOR>#5fcbd4</COLOR>
		<COVARIANCE_MATRIX>[[1.2512307808831327, 0.26013027342270667, 0.16655305612360835, 0.26122850867227193, 0.315875179883359, 0.20230250700598332], [0.26013027342270667, 0.7255926683329545, 0.2730440051503444, 0.33719609179731874, 0.231424676209952, 0.13709005529046442], [0.16655305612360835, 0.2730440051503444, 0.7126410664242977, 0.3924108157236996, 0.3034158903279557, 0.09993940771036879], [0.26122850867227193, 0.33719609179731874, 0.3924108157236996, 9.13648413239416, 1.3868817692948567, -0.518291297432402], [0.315875179883359, 0.231424676209952, 0.3034158903279557, 1.3868817692948567, 8.308036052412328, 2.3861622358554873], [0.20230250700598332, 0.13709005529046442, 0.09993940771036879, -0.518291297432402, 2.3861622358554873, 1.8519275922138911]]</COVARIANCE_MATRIX>
		<ROI_SIZE>163</ROI_SIZE>
		<MAX_VALUE>[74.0, 31.0, 27.0, 96.0, 54.0, 18.0]</MAX_VALUE>
		<MIN_VALUE>[69.0, 26.0, 23.0, 84.0, 43.0, 11.0]</MIN_VALUE>
		<SIGNATURE_THRESHOLD_MD>0</SIGNATURE_THRESHOLD_MD>
		<SIGNATURE_THRESHOLD_ML>0</SIGNATURE_THRESHOLD_ML>
		<SIGNATURE_THRESHOLD_SAM>0</SIGNATURE_THRESHOLD_SAM>
	</signature>
	<signature ID="20200528_151156336211_681">
		<MACROCLASSID>2</MACROCLASSID>
		<MACROCLASSINFO>vegetation</MACROCLASSINFO>
		<CLASSID>17</CLASSID>
		<CLASSINFO>C 1</CLASSINFO>
		<VALUES>[74.41155234657037, 1.5425177885931396, 32.72202166064983, 1.2189770047703845, 29.685920577617324, 1.6905717425760969, 108.31046931407936, 3.376121094178969, 72.69675090252706, 3.649107044627361, 21.67509025270759, 1.7932465795599737]</VALUES>
		<LCS_MIN>[71.0, 30.0, 26.0, 103.0, 67.0, 17.0]</LCS_MIN>
		<LCS_MAX>[79.0, 37.0, 36.0, 117.0, 81.0, 28.0]</LCS_MAX>
		<WAVELENGTH>[1.0, 2.0, 3.0, 4.0, 5.0, 6.0]</WAVELENGTH>
		<MEAN_VALUE>[74.41155234657037, 32.72202166064983, 29.685920577617324, 108.31046931407936, 72.69675090252706, 21.67509025270759]</MEAN_VALUE>
		<CHECKBOX>2</CHECKBOX>
		<SD>[1.5425177885931396, 1.2189770047703845, 1.6905717425760969, 3.376121094178969, 3.649107044627361, 1.7932465795599737]</SD>
		<WAVELENGTH_UNIT>band number</WAVELENGTH_UNIT>
		<COLOR>#d289e6</COLOR>
		<COVARIANCE_MATRIX>[[2.3879820017788904, 0.9553968503113067, 1.629728457071103, 0.6942264427353103, 3.1578637576518624, 1.4204337362004922], [0.9553968503113067, 1.4912886517030288, 1.3978836394077325, 0.3185004970438966, 3.0603254329513963, 1.2571809762988535], [1.629728457071103, 1.3978836394077325, 2.8683880081619844, -0.6122796002720663, 4.2449903207241135, 2.006278449223041], [0.6942264427353103, 0.3185004970438966, -0.6122796002720663, 11.439491445612928, 1.9459399361690985, 0.14471825459111534], [3.1578637576518624, 3.0603254329513963, 4.2449903207241135, 1.9459399361690985, 13.36422853555172, 5.36488254067912], [1.4204337362004922, 1.2571809762988535, 2.006278449223041, 0.14471825459111534, 5.36488254067912, 3.227384502694503]]</COVARIANCE_MATRIX>
		<ROI_SIZE>277</ROI_SIZE>
		<MAX_VALUE>[79.0, 37.0, 36.0, 117.0, 81.0, 28.0]</MAX_VALUE>
		<MIN_VALUE>[71.0, 30.0, 26.0, 103.0, 67.0, 17.0]</MIN_VALUE>
		<SIGNATURE_THRESHOLD_MD>0</SIGNATURE_THRESHOLD_MD>
		<SIGNATURE_THRESHOLD_ML>0</SIGNATURE_THRESHOLD_ML>
		<SIGNATURE_THRESHOLD_SAM>0</SIGNATURE_THRESHOLD_SAM>
	</signature>
	<signature ID="20200528_151850943360_112">
		<MACROCLASSID>2</MACROCLASSID>
		<MACROCLASSINFO>vegetation</MACROCLASSINFO>
		<CLASSID>18</CLASSID>
		<CLASSINFO>C 1</CLASSINFO>
		<VALUES>[73.95962938451346, 1.6799785288358964, 29.40105890138978, 1.1322123922787177, 27.534745201853088, 1.617640566969842, 84.01257445400391, 2.9172075672327935, 57.82792852415624, 3.302452953554944, 18.142951687624087, 1.8825757935463976]</VALUES>
		<LCS_MIN>[70.0, 27.0, 23.0, 74.0, 49.0, 11.0]</LCS_MIN>
		<LCS_MAX>[79.0, 34.0, 34.0, 88.0, 63.0, 24.0]</LCS_MAX>
		<WAVELENGTH>[1.0, 2.0, 3.0, 4.0, 5.0, 6.0]</WAVELENGTH>
		<MEAN_VALUE>[73.95962938451346, 29.40105890138978, 27.534745201853088, 84.01257445400391, 57.82792852415624, 18.142951687624087]</MEAN_VALUE>
		<CHECKBOX>2</CHECKBOX>
		<SD>[1.6799785288358964, 1.1322123922787177, 1.617640566969842, 2.9172075672327935, 3.302452953554944, 1.8825757935463976]</SD>
		<WAVELENGTH_UNIT>band number</WAVELENGTH_UNIT>
		<COLOR>#3a44b7</COLOR>
		<COVARIANCE_MATRIX>[[2.8241969486459153, 0.9433540350892559, 1.5739201704059862, -1.104127786957456, 1.3294726092539915, 1.3110728827450808], [0.9433540350892559, 1.2827538448727005, 1.1145327203159157, -0.5070331914744416, 0.7730300095108277, 0.7287227001985441], [1.5739201704059862, 1.1145327203159157, 2.6184939582137194, -1.1974570588312636, 1.8304859287958914, 1.4778112823839313], [-1.104127786957456, -0.5070331914744416, -1.1974570588312636, 8.515735818128425, 1.0948803695635978, -0.6236530344800381], [1.3294726092539915, 0.7730300095108277, 1.8304859287958914, 1.0948803695635978, 10.913418156477222, 4.449779760782958], [1.3110728827450808, 0.7287227001985441, 1.4778112823839313, -0.6236530344800381, 4.449779760782958, 3.546438698988873]]</COVARIANCE_MATRIX>
		<ROI_SIZE>1511</ROI_SIZE>
		<MAX_VALUE>[79.0, 34.0, 34.0, 88.0, 63.0, 24.0]</MAX_VALUE>
		<MIN_VALUE>[70.0, 27.0, 23.0, 74.0, 49.0, 11.0]</MIN_VALUE>
		<SIGNATURE_THRESHOLD_MD>0</SIGNATURE_THRESHOLD_MD>
		<SIGNATURE_THRESHOLD_ML>0</SIGNATURE_THRESHOLD_ML>
		<SIGNATURE_THRESHOLD_SAM>0</SIGNATURE_THRESHOLD_SAM>
	</signature>
	<signature ID="20200528_151918344487_905">
		<MACROCLASSID>2</MACROCLASSID>
		<MACROCLASSINFO>vegetation</MACROCLASSINFO>
		<CLASSID>19</CLASSID>
		<CLASSINFO>C 1</CLASSINFO>
		<VALUES>[76.93203883495144, 1.309132492143937, 30.89320388349514, 0.787186477694155, 29.03883495145632, 1.2457487326093564, 86.43689320388351, 3.828026191469321, 56.22330097087379, 2.769220698743344, 18.126213592233007, 1.4987348169258419]</VALUES>
		<LCS_MIN>[74.0, 29.0, 26.0, 81.0, 50.0, 14.0]</LCS_MIN>
		<LCS_MAX>[81.0, 33.0, 31.0, 95.0, 60.0, 22.0]</LCS_MAX>
		<WAVELENGTH>[1.0, 2.0, 3.0, 4.0, 5.0, 6.0]</WAVELENGTH>
		<MEAN_VALUE>[76.93203883495144, 30.89320388349514, 29.03883495145632, 86.43689320388351, 56.22330097087379, 18.126213592233007]</MEAN_VALUE>
		<CHECKBOX>2</CHECKBOX>
		<SD>[1.309132492143937, 0.787186477694155, 1.2457487326093564, 3.828026191469321, 2.769220698743344, 1.4987348169258419]</SD>
		<WAVELENGTH_UNIT>band number</WAVELENGTH_UNIT>
		<COLOR>#a7951f</COLOR>
		<COVARIANCE_MATRIX>[[1.730630116124115, 0.2181610508280989, 0.649723967256806, -0.028840662478583422, 0.73101085094232, 0.13611269750618687], [0.2181610508280989, 0.6257376737102593, 0.3669331810394068, 1.1941747572815524, 0.7005520654863887, 0.38616028935846103], [0.649723967256806, 0.3669331810394068, 1.5671045117075946, -0.08576051779935283, 1.599086236436323, 0.7891680944222357], [-0.028840662478583422, 1.1941747572815524, -0.08576051779935283, 14.797449076718053, 2.9407005520654854, 0.522748905387397], [0.73101085094232, 0.7005520654863887, 1.599086236436323, 2.9407005520654854, 7.743765467351997, 2.4715400723396157], [0.13611269750618687, 0.38616028935846103, 0.7891680944222357, 0.522748905387397, 2.4715400723396157, 2.2682276794212832]]</COVARIANCE_MATRIX>
		<ROI_SIZE>103</ROI_SIZE>
		<MAX_VALUE>[81.0, 33.0, 31.0, 95.0, 60.0, 22.0]</MAX_VALUE>
		<MIN_VALUE>[74.0, 29.0, 26.0, 81.0, 50.0, 14.0]</MIN_VALUE>
		<SIGNATURE_THRESHOLD_MD>0</SIGNATURE_THRESHOLD_MD>
		<SIGNATURE_THRESHOLD_ML>0</SIGNATURE_THRESHOLD_ML>
		<SIGNATURE_THRESHOLD_SAM>0</SIGNATURE_THRESHOLD_SAM>
	</signature>
	<signature ID="20200528_151943179888_175">
		<MACROCLASSID>2</MACROCLASSID>
		<MACROCLASSINFO>vegetation</MACROCLASSINFO>
		<CLASSID>20</CLASSID>
		<CLASSINFO>C 1</CLASSINFO>
		<VALUES>[79.1792717086834, 1.3373817502053156, 32.34173669467786, 1.2815302075906059, 30.72268907563027, 1.636031800358855, 89.32773109243703, 3.8189617806087495, 59.67226890756301, 3.6278781531461677, 18.91596638655462, 1.7802833875668795]</VALUES>
		<LCS_MIN>[76.0, 29.0, 27.0, 79.0, 54.0, 15.0]</LCS_MIN>
		<LCS_MAX>[84.0, 37.0, 37.0, 95.0, 68.0, 26.0]</LCS_MAX>
		<WAVELENGTH>[1.0, 2.0, 3.0, 4.0, 5.0, 6.0]</WAVELENGTH>
