<?xml version="1.0" ?>
<signaturelist MCID_LIST="[['1', 'waterbody', '#000000'], ['2', 'vegetation', '#000000'], ['3', 'bareland', '#000000'], ['4', 'built-up', '#000000']]">
	<signature ID="20210616_110412558617_275">
		<MACROCLASSID>1</MACROCLASSID>
		<MACROCLASSINFO>waterbody</MACROCLASSINFO>
		<CLASSID>1</CLASSID>
		<CLASSINFO>C 1</CLASSINFO>
		<VALUES>[0.13719376423884766, 0.0021275517861980902, 0.11884452527033952, 0.002720664152570426, 0.1063372103509352, 0.0035359098289145367, 0.11717549237628055, 0.011151293082930933, 0.056819824840897405, 0.01654046192680139, 0.03634126468041088, 0.014519744227041083]</VALUES>
		<LCS_MIN>[0.13236673176288605, 0.11429274827241898, 0.09918416291475296, 0.1014925166964531, 0.0360000915825367, 0.013779882341623306]</LCS_MIN>
		<LCS_MAX>[0.14516569674015045, 0.12820878624916077, 0.12166810780763626, 0.15770703554153442, 0.10321444272994995, 0.08431800454854965]</LCS_MAX>
		<WAVELENGTH>[0.485, 0.56, 0.66, 0.83, 1.65, 2.215]</WAVELENGTH>
		<MEAN_VALUE>[0.13719376423884766, 0.11884452527033952, 0.1063372103509352, 0.11717549237628055, 0.056819824840897405, 0.03634126468041088]</MEAN_VALUE>
		<CHECKBOX>2</CHECKBOX>
		<SD>[0.0021275517861980902, 0.002720664152570426, 0.0035359098289145367, 0.011151293082930933, 0.01654046192680139, 0.014519744227041083]</SD>
		<WAVELENGTH_UNIT>E-6m</WAVELENGTH_UNIT>
		<COLOR>#d88767</COLOR>
		<COVARIANCE_MATRIX>[[4.536190072059756e-06, 2.2757530494659877e-06, 3.133814414873565e-06, 6.627379951667942e-06, 1.095730535514407e-05, 1.1183001150942471e-05], [2.2757530494659877e-06, 7.417897580075504e-06, 5.978506453542446e-06, 1.4166240131872851e-05, 2.2663901653003884e-05, 2.009176627122592e-05], [3.133814414873565e-06, 5.978506453542446e-06, 1.2529488057094693e-05, 2.299871664643857e-05, 3.772810936632005e-05, 3.415737580800951e-05], [6.627379951667942e-06, 1.4166240131872851e-05, 2.299871664643857e-05, 0.00012461818578498845, 0.0001675626523295413, 0.00013913406485287127], [1.095730535514407e-05, 2.2663901653003884e-05, 3.772810936632005e-05, 0.0001675626523295413, 0.0002741739770625927, 0.00022255681751559285], [1.1183001150942471e-05, 2.009176627122592e-05, 3.415737580800951e-05, 0.00013913406485287127, 0.00022255681751559285, 0.00021127538223075028]]</COVARIANCE_MATRIX>
		<ROI_SIZE>467</ROI_SIZE>
		<MAX_VALUE>[0.14516569674015045, 0.12820878624916077, 0.12166810780763626, 0.15770703554153442, 0.10321444272994995, 0.08431800454854965]</MAX_VALUE>
		<MIN_VALUE>[0.13236673176288605, 0.11429274827241898, 0.09918416291475296, 0.1014925166964531, 0.0360000915825367, 0.013779882341623306]</MIN_VALUE>
		<SIGNATURE_THRESHOLD_MD>0</SIGNATURE_THRESHOLD_MD>
		<SIGNATURE_THRESHOLD_ML>0</SIGNATURE_THRESHOLD_ML>
		<SIGNATURE_THRESHOLD_SAM>0</SIGNATURE_THRESHOLD_SAM>
	</signature>
	<signature ID="20210616_110422101807_271">
		<MACROCLASSID>1</MACROCLASSID>
		<MACROCLASSINFO>waterbody</MACROCLASSINFO>
		<CLASSID>2</CLASSID>
		<CLASSINFO>C 1</CLASSINFO>
		<VALUES>[0.13341199225849584, 0.002108920679979383, 0.11484939376513165, 0.00272697820474906, 0.10068309823671968, 0.003646549493777107, 0.12642321189244585, 0.014132273471280132, 0.06082919009857705, 0.01724805581017419, 0.03839809391233657, 0.013856544944973882]</VALUES>
		<LCS_MIN>[0.1275671273469925, 0.10385572165250778, 0.08954820036888123, 0.10952316224575043, 0.03858526423573494, 0.01749241352081299]</LCS_MIN>
		<LCS_MAX>[0.1403660923242569, 0.12472978979349136, 0.11203214526176453, 0.1697530299425125, 0.09804410487413406, 0.08060546219348907]</LCS_MAX>
		<WAVELENGTH>[0.485, 0.56, 0.66, 0.83, 1.65, 2.215]</WAVELENGTH>
		<MEAN_VALUE>[0.13341199225849584, 0.11484939376513165, 0.10068309823671968, 0.12642321189244585, 0.06082919009857705, 0.03839809391233657]</MEAN_VALUE>
		<CHECKBOX>2</CHECKBOX>
		<SD>[0.002108920679979383, 0.00272697820474906, 0.003646549493777107, 0.014132273471280132, 0.01724805581017419, 0.013856544944973882]</SD>
		<WAVELENGTH_UNIT>E-6m</WAVELENGTH_UNIT>
		<COLOR>#04203c</COLOR>
		<COVARIANCE_MATRIX>[[4.6027921739918e-06, 2.123258783329694e-06, 3.0286650174993017e-06, 3.617595644318454e-06, 7.226972967991667e-06, 7.611484744253339e-06], [2.123258783329694e-06, 7.114029660654999e-06, 5.377382502312596e-06, 6.274369558149537e-06, 1.3352779009745722e-05, 1.3715543004968882e-05], [3.0286650174993017e-06, 5.377382502312596e-06, 1.2099065051742686e-05, 1.2082401382784305e-05, 2.28331777162381e-05, 2.2506491719991047e-05], [3.617595644318454e-06, 6.274369558149537e-06, 1.2082401382784305e-05, 0.00017883438111740614, 0.00020167943094980353, 0.00014611320803844364], [7.226972967991667e-06, 1.3352779009745722e-05, 2.28331777162381e-05, 0.00020167943094980353, 0.00027824398632922854, 0.00020827575925193789], [7.611484744253339e-06, 1.3715543004968882e-05, 2.2506491719991047e-05, 0.00014611320803844364, 0.00020827575925193789, 0.0001837946619044082]]</COVARIANCE_MATRIX>
		<ROI_SIZE>430</ROI_SIZE>
		<MAX_VALUE>[0.1403660923242569, 0.12472978979349136, 0.11203214526176453, 0.1697530299425125, 0.09804410487413406, 0.08060546219348907]</MAX_VALUE>
		<MIN_VALUE>[0.1275671273469925, 0.10385572165250778, 0.08954820036888123, 0.10952316224575043, 0.03858526423573494, 0.01749241352081299]</MIN_VALUE>
		<SIGNATURE_THRESHOLD_MD>0</SIGNATURE_THRESHOLD_MD>
		<SIGNATURE_THRESHOLD_ML>0</SIGNATURE_THRESHOLD_ML>
		<SIGNATURE_THRESHOLD_SAM>0</SIGNATURE_THRESHOLD_SAM>
	</signature>
	<signature ID="20210616_110428753672_109">
		<MACROCLASSID>1</MACROCLASSID>
		<MACROCLASSINFO>waterbody</MACROCLASSINFO>
		<CLASSID>3</CLASSID>
		<CLASSINFO>C 1</CLASSINFO>
		<VALUES>[0.13343361916879126, 0.0022906965026032603, 0.11151551373414229, 0.00343734269976353, 0.08540388839097753, 0.004243692263041119, 0.08691446576937492, 0.008341786266123474, 0.043791362185981626, 0.00893039701960323, 0.029192950125055923, 0.00606743595553018]</VALUES>
		<LCS_MIN>[0.1275671273469925, 0.10385572165250778, 0.07670022547245026, 0.0774005651473999, 0.028244590386748314, 0.01749241352081299]</LCS_MIN>
		<LCS_MAX>[0.143565833568573, 0.13168781995773315, 0.11845611780881882, 0.12959979474544525, 0.08770345151424408, 0.07318039238452911]</LCS_MAX>
		<WAVELENGTH>[0.485, 0.56, 0.66, 0.83, 1.65, 2.215]</WAVELENGTH>
		<MEAN_VALUE>[0.13343361916879126, 0.11151551373414229, 0.08540388839097753, 0.08691446576937492, 0.043791362185981626, 0.029192950125055923]</MEAN_VALUE>
		<CHECKBOX>2</CHECKBOX>
		<SD>[0.0022906965026032603, 0.00343734269976353, 0.004243692263041119, 0.008341786266123474, 0.00893039701960323, 0.00606743595553018]</SD>
		<WAVELENGTH_UNIT>E-6m</WAVELENGTH_UNIT>
		<COLOR>#0f80ec</COLOR>
		<COVARIANCE_MATRIX>[[5.05096731441392e-06, 2.948051992370799e-06, 3.756821550112366e-06, 4.739505313818547e-06, 6.3261982563952596e-06, 4.137383807532138e-06], [2.948051992370799e-06, 1.1641356803311442e-05, 9.353078073482666e-06, 1.511507991772927e-05, 1.7825207240862986e-05, 1.106458724208005e-05], [3.756821550112366e-06, 9.353078073482666e-06, 1.725699037578469e-05, 2.194689332310189e-05, 2.551707000159627e-05, 1.601937726066481e-05], [4.739505313818547e-06, 1.511507991772927e-05, 2.194689332310189e-05, 6.194615985278431e-05, 5.7381649933882265e-05, 3.368615662889591e-05], [6.3261982563952596e-06, 1.7825207240862986e-05, 2.551707000159627e-05, 5.7381649933882265e-05, 6.929295489001267e-05, 3.894382143398004e-05], [4.137383807532138e-06, 1.106458724208005e-05, 1.601937726066481e-05, 3.368615662889591e-05, 3.894382143398004e-05, 3.248027773861657e-05]]</COVARIANCE_MATRIX>
		<ROI_SIZE>6649</ROI_SIZE>
		<MAX_VALUE>[0.143565833568573, 0.13168781995773315, 0.11845611780881882, 0.12959979474544525, 0.08770345151424408, 0.07318039238452911]</MAX_VALUE>
		<MIN_VALUE>[0.1275671273469925, 0.10385572165250778, 0.07670022547245026, 0.0774005651473999, 0.028244590386748314, 0.01749241352081299]</MIN_VALUE>
		<SIGNATURE_THRESHOLD_MD>0</SIGNATURE_THRESHOLD_MD>
		<SIGNATURE_THRESHOLD_ML>0</SIGNATURE_THRESHOLD_ML>
		<SIGNATURE_THRESHOLD_SAM>0</SIGNATURE_THRESHOLD_SAM>
	</signature>
	<signature ID="20210616_110434389614_883">
		<MACROCLASSID>1</MACROCLASSID>
		<MACROCLASSINFO>waterbody</MACROCLASSINFO>
		<CLASSID>4</CLASSID>
		<CLASSINFO>C 1</CLASSINFO>
		<VALUES>[0.14884004766861225, 0.002245195697762714, 0.15470923333647146, 0.0034319048465862576, 0.1326104028943623, 0.0042646075803001934, 0.12222234341516448, 0.011666872167652938, 0.07187083832313566, 0.013387338973315911, 0.04578936884277747, 0.009591926028727325]</VALUES>
		<LCS_MIN>[0.143565833568573, 0.14212486147880554, 0.11845611780881882, 0.10952316224575043, 0.05409626662731171, 0.032342541962862015]</LCS_MIN>
		<LCS_MAX>[0.1531650722026825, 0.16647794842720032, 0.15700004994869232, 0.16172237694263458, 0.11096995323896408, 0.08060546219348907]</LCS_MAX>
		<WAVELENGTH>[0.485, 0.56, 0.66, 0.83, 1.65, 2.215]</WAVELENGTH>
		<MEAN_VALUE>[0.14884004766861225, 0.15470923333647146, 0.1326104028943623, 0.12222234341516448, 0.07187083832313566, 0.04578936884277747]</MEAN_VALUE>
		<CHECKBOX>2</CHECKBOX>
		<SD>[0.002245195697762714, 0.0034319048465862576, 0.0042646075803001934, 0.011666872167652938, 0.013387338973315911, 0.009591926028727325]</SD>
		<WAVELENGTH_UNIT>E-6m</WAVELENGTH_UNIT>
		<COLOR>#bd8116</COLOR>
		<COVARIANCE_MATRIX>[[5.0651388352967025e-06, 2.240632380860701e-06, 2.539366045235135e-06, -2.473427011914962e-06, -2.29239937508896e-06, 3.83662040104165e-07], [2.240632380860701e-06, 1.1834595736003258e-05, 8.35599174319324e-06, -1.4237080817807796e-05, -1.5477730565162322e-05, -7.466388008904627e-06], [2.539366045235135e-06, 8.35599174319324e-06, 1.8274314726521037e-05, 6.893314782081008e-06, 5.691681993077208e-06, 8.262911641611938e-06], [-2.473427011914962e-06, -1.4237080817807796e-05, 6.893314782081008e-06, 0.00013677030957143352, 0.00013864814721769748, 8.842813171909183e-05], [-2.29239937508896e-06, -1.5477730565162322e-05, 5.691681993077208e-06, 0.00013864814721769748, 0.00018008248346332127, 0.00011130224741401629], [3.83662040104165e-07, -7.466388008904627e-06, 8.262911641611938e-06, 8.842813171909183e-05, 0.00011130224741401629, 9.244737688740645e-05]]</COVARIANCE_MATRIX>
		<ROI_SIZE>209</ROI_SIZE>
		<MAX_VALUE>[0.1531650722026825, 0.16647794842720032, 0.15700004994869232, 0.16172237694263458, 0.11096995323896408, 0.08060546219348907]</MAX_VALUE>
		<MIN_VALUE>[0.143565833568573, 0.14212486147880554, 0.11845611780881882, 0.10952316224575043, 0.05409626662731171, 0.032342541962862015]</MIN_VALUE>
		<SIGNATURE_THRESHOLD_MD>0</SIGNATURE_THRESHOLD_MD>
		<SIGNATURE_THRESHOLD_ML>0</SIGNATURE_THRESHOLD_ML>
		<SIGNATURE_THRESHOLD_SAM>0</SIGNATURE_THRESHOLD_SAM>
	</signature>
	<signature ID="20210616_110440266964_154">
		<MACROCLASSID>1</MACROCLASSID>
		<MACROCLASSINFO>waterbody</MACROCLASSINFO>
		<CLASSID>5</CLASSID>
		<CLASSINFO>C 1</CLASSINFO>
		<VALUES>[0.13397545464213384, 0.0024428648961223936, 0.1199485542592259, 0.0034827639444975854, 0.09485863017443136, 0.0038422093762396216, 0.12298891586328732, 0.012637341086928546, 0.06636509899749786, 0.011195850162990096, 0.03925995300755476, 0.007753004997845446]</VALUES>
		<LCS_MIN>[0.12596724927425385, 0.10733473300933838, 0.08312421292066574, 0.10550783574581146, 0.04892593249678612, 0.024917475879192352]</LCS_MIN>
		<LCS_MAX>[0.1403660923242569, 0.12820878624916077, 0.10882014036178589, 0.16172237694263458, 0.1006292775273323, 0.06946787238121033]</LCS_MAX>
		<WAVELENGTH>[0.485, 0.56, 0.66, 0.83, 1.65, 2.215]</WAVELENGTH>
		<MEAN_VALUE>[0.13397545464213384, 0.1199485542592259, 0.09485863017443136, 0.12298891586328732, 0.06636509899749786, 0.03925995300755476]</MEAN_VALUE>
		<CHECKBOX>2</CHECKBOX>
		<SD>[0.0024428648961223936, 0.0034827639444975854, 0.0038422093762396216, 0.012637341086928546, 0.011195850162990096, 0.007753004997845446]</SD>
		<WAVELENGTH_UNIT>E-6m</WAVELENGTH_UNIT>
		<COLOR>#321603</COLOR>
		<COVARIANCE_MATRIX>[[5.97584282726409e-06, 4.707576565160867e-06, 4.651101975862312e-06, -6.7564241136443785e-06, -2.28238542538832e-06, 1.0724720444708386e-06], [4.707576565160867e-06, 1.2146421518394017e-05, 8.207784488042272e-06, -9.470906078583301e-06, -9.687197414596162e-07, 2.6965009411316512e-06], [4.651101975862312e-06, 8.207784488042272e-06, 1.4782991387254976e-05, 5.917912646452357e-06, 1.3175500147245796e-05, 1.2661498815918888e-05], [-6.7564241136443785e-06, -9.470906078583301e-06, 5.917912646452357e-06, 0.00015992327825324693, 0.00011841939017681892, 6.797860234994402e-05], [-2.28238542538832e-06, -9.687197414596162e-07, 1.3175500147245796e-05, 0.00011841939017681892, 0.0001255204316340508, 7.336644580862602e-05], [1.0724720444708386e-06, 2.6965009411316512e-06, 1.2661498815918888e-05, 6.797860234994402e-05, 7.336644580862602e-05, 6.0192224928838605e-05]]</COVARIANCE_MATRIX>
		<ROI_SIZE>724</ROI_SIZE>
		<MAX_VALUE>[0.1403660923242569, 0.12820878624916077, 0.10882014036178589, 0.16172237694263458, 0.1006292775273323, 0.06946787238121033]</MAX_VALUE>
		<MIN_VALUE>[0.12596724927425385, 0.10733473300933838, 0.08312421292066574, 0.10550783574581146, 0.04892593249678612, 0.024917475879192352]</MIN_VALUE>
		<SIGNATURE_THRESHOLD_MD>0</SIGNATURE_THRESHOLD_MD>
		<SIGNATURE_THRESHOLD_ML>0</SIGNATURE_THRESHOLD_ML>
		<SIGNATURE_THRESHOLD_SAM>0</SIGNATURE_THRESHOLD_SAM>
	</signature>
	<signature ID="20210616_110445366642_345">
		<MACROCLASSID>1</MACROCLASSID>
		<MACROCLASSINFO>waterbody</MACROCLASSINFO>
		<CLASSID>6</CLASSID>
		<CLASSINFO>C 1</CLASSINFO>
		<VALUES>[0.14212366280002336, 0.0024138688507057207, 0.13074753862259314, 0.002909942948412467, 0.11110275386816369, 0.0030879059548187173, 0.1312212346089095, 0.01118355335103355, 0.07498721367367123, 0.011726773515478833, 0.047051016016254735, 0.008946945201486797]</VALUES>
		<LCS_MIN>[0.13236673176288605, 0.11777176707983017, 0.1023961678147316, 0.11755380034446716, 0.05668143182992935, 0.028630010783672333]</LCS_MIN>
		<LCS_MAX>[0.1499653160572052, 0.13864585757255554, 0.12166810780763626, 0.16573770344257355, 0.11096995323896408, 0.08060546219348907]</LCS_MAX>
		<WAVELENGTH>[0.485, 0.56, 0.66, 0.83, 1.65, 2.215]</WAVELENGTH>
		<MEAN_VALUE>[0.14212366280002336, 0.13074753862259314, 0.11110275386816369, 0.1312212346089095, 0.07498721367367123, 0.047051016016254735]</MEAN_VALUE>
		<CHECKBOX>2</CHECKBOX>
		<SD>[0.0024138688507057207, 0.002909942948412467, 0.0030879059548187173, 0.01118355335103355, 0.011726773515478833, 0.008946945201486797]</SD>
		<WAVELENGTH_UNIT>E-6m</WAVELENGTH_UNIT>
		<COLOR>#36cf6a</COLOR>
		<COVARIANCE_MATRIX>[[5.836041113165686e-06, 3.693721669315012e-06, 2.5607098615084345e-06, -5.5548722380282505e-06, -3.54337669500156e-06, -1.5854668261555464e-06], [3.693721669315012e-06, 8.481251669963007e-06, 4.338349975266357e-06, -4.30442163217246e-07, 1.801405758592005e-06, 2.9310544179582644e-06], [2.5607098615084345e-06, 4.338349975266357e-06, 9.550346566674049e-06, 1.2927879162344562e-05, 1.6762523805484538e-05, 1.2628246123622629e-05], [-5.5548722380282505e-06, -4.30442163217246e-07, 1.2927879162344562e-05, 0.000125271024576999, 0.00011754521765494166, 8.193380194370298e-05], [-3.54337669500156e-06, 1.801405758592005e-06, 1.6762523805484538e-05, 0.00011754521765494166, 0.00013773619354365965, 9.137426150653379e-05], [-1.5854668261555464e-06, 2.9310544179582644e-06, 1.2628246123622629e-05, 8.193380194370298e-05, 9.137426150653379e-05, 8.017529313337324e-05]]</COVARIANCE_MATRIX>
		<ROI_SIZE>629</ROI_SIZE>
		<MAX_VALUE>[0.1499653160572052, 0.13864585757255554, 0.12166810780763626, 0.16573770344257355, 0.11096995323896408, 0.08060546219348907]</MAX_VALUE>
		<MIN_VALUE>[0.13236673176288605, 0.11777176707983017, 0.1023961678147316, 0.11755380034446716, 0.05668143182992935, 0.028630010783672333]</MIN_VALUE>
		<SIGNATURE_THRESHOLD_MD>0</SIGNATURE_THRESHOLD_MD>
		<SIGNATURE_THRESHOLD_ML>0</SIGNATURE_THRESHOLD_ML>
		<SIGNATURE_THRESHOLD_SAM>0</SIGNATURE_THRESHOLD_SAM>
	</signature>
	<signature ID="20210616_110450534886_850">
		<MACROCLASSID>1</MACROCLASSID>
		<MACROCLASSINFO>waterbody</MACROCLASSINFO>
		<CLASSID>7</CLASSID>
		<CLASSINFO>C 1</CLASSINFO>
		<VALUES>[0.14110105046454602, 0.0020648342054205237, 0.12920279984547633, 0.002550419757773164, 0.10841976779223488, 0.003101932069297454, 0.13563401884391535, 0.01464994171699101, 0.07789501303634716, 0.01348880825310051, 0.0474162546380394, 0.009121797989442348]</VALUES>
		<LCS_MIN>[0.13236673176288605, 0.12125078588724136, 0.09918416291475296, 0.11755380034446716, 0.06185176968574524, 0.032342541962862015]</LCS_MIN>
		<LCS_MAX>[0.1467655748128891, 0.13864585757255554, 0.12166810780763626, 0.17778365314006805, 0.11872546374797821, 0.08803052455186844]</LCS_MAX>
		<WAVELENGTH>[0.485, 0.56, 0.66, 0.83, 1.65, 2.215]</WAVELENGTH>
		<MEAN_VALUE>[0.14110105046454602, 0.12920279984547633, 0.10841976779223488, 0.13563401884391535, 0.07789501303634716, 0.0474162546380394]</MEAN_VALUE>
		<CHECKBOX>2</CHECKBOX>
		<SD>[0.0020648342054205237, 0.002550419757773164, 0.003101932069297454, 0.01464994171699101, 0.01348880825310051, 0.009121797989442348]</SD>
		<WAVELENGTH_UNIT>E-6m</WAVELENGTH_UNIT>
		<COLOR>#6ca52f</COLOR>
		<COVARIANCE_MATRIX>[[4.269520015784618e-06, 1.6884161751036933e-06, 2.060445889333985e-06, -5.711489102441572e-06, -1.673691242412272e-06, -2.8951352636956506e-07], [1.6884161751036933e-06, 6.513763859410342e-06, 2.9375011422590192e-06, -1.970416974720287e-06, 1.9173567115588425e-06, 2.204859158804422e-06], [2.060445889333985e-06, 2.9375011422590192e-06, 9.635477629243612e-06, 1.3453417020542138e-05, 1.7274681687193592e-05, 1.2532743799403497e-05], [-5.711489102441572e-06, -1.970416974720287e-06, 1.3453417020542138e-05, 0.0002149218032401412, 0.00017425317636272745, 0.00010625962406655119], [-1.673691242412272e-06, 1.9173567115588425e-06, 1.7274681687193592e-05, 0.00017425317636272745, 0.00018220313455187022, 0.00011141664299179828], [-2.8951352636956506e-07, 2.204859158804422e-06, 1.2532743799403497e-05, 0.00010625962406655119, 0.00011141664299179828, 8.332389869842749e-05]]</COVARIANCE_MATRIX>
		<ROI_SIZE>714</ROI_SIZE>
		<MAX_VALUE>[0.1467655748128891, 0.13864585757255554, 0.12166810780763626, 0.17778365314006805, 0.11872546374797821, 0.08803052455186844]</MAX_VALUE>
		<MIN_VALUE>[0.13236673176288605, 0.12125078588724136, 0.09918416291475296, 0.11755380034446716, 0.06185176968574524, 0.032342541962862015]</MIN_VALUE>
		<SIGNATURE_THRESHOLD_MD>0</SIGNATURE_THRESHOLD_MD>
		<SIGNATURE_THRESHOLD_ML>0</SIGNATURE_THRESHOLD_ML>
		<SIGNATURE_THRESHOLD_SAM>0</SIGNATURE_THRESHOLD_SAM>
	</signature>
	<signature ID="20210616_110456986574_533">
		<MACROCLASSID>1</MACROCLASSID>
		<MACROCLASSINFO>waterbody</MACROCLASSINFO>
		<CLASSID>8</CLASSID>
		<CLASSINFO>C 1</CLASSINFO>
		<VALUES>[0.1370934915424574, 0.002801030791434577, 0.1276370000573669, 0.004729710046835486, 0.10115588825232913, 0.0039705791739660075, 0.13207258514248504, 0.014513218860946555, 0.06658697586395955, 0.01260639335759226, 0.038047343551522415, 0.009045016505883744]</VALUES>
		<LCS_MIN>[0.12596724927425385, 0.10385572165250778, 0.08312421292066574, 0.11755380034446716, 0.05151109769940376, 0.024917475879192352]</LCS_MIN>
		<LCS_MAX>[0.14196597039699554, 0.13516682386398315, 0.11524412781000137, 0.17376834154129028, 0.10838479548692703, 0.0768929272890091]</LCS_MAX>
		<WAVELENGTH>[0.485, 0.56, 0.66, 0.83, 1.65, 2.215]</WAVELENGTH>
		<MEAN_VALUE>[0.1370934915424574, 0.1276370000573669, 0.10115588825232913, 0.13207258514248504, 0.06658697586395955, 0.038047343551522415]</MEAN_VALUE>
		<CHECKBOX>2</CHECKBOX>
		<SD>[0.002801030791434577, 0.004729710046835486, 0.0039705791739660075, 0.014513218860946555, 0.01260639335759226, 0.009045016505883744]</SD>
		<WAVELENGTH_UNIT>E-6m</WAVELENGTH_UNIT>
		<COLOR>#f3d7bb</COLOR>
		<COVARIANCE_MATRIX>[[7.861340505466525e-06, 9.80913274996026e-06, 6.587813692082813e-06, -2.2125002823471602e-05, -1.281704416197348e-05, -5.68804437642717e-06], [9.80913274996026e-06, 2.2414542359531837e-05, 1.2947197653678164e-05, -3.799680736954431e-05, -2.1466890089528464e-05, -9.44246883437141e-06], [6.587813692082813e-06, 1.2947197653678164e-05, 1.579677972867057e-05, -1.0745390186082928e-05, 2.655443661613977e-06, 7.3971267345069675e-06], [-2.2125002823471602e-05, -3.799680736954431e-05, -1.0745390186082928e-05, 0.00021105144535991303, 0.0001591097075120915, 9.607062068058369e-05], [-1.281704416197348e-05, -2.1466890089528464e-05, 2.655443661613977e-06, 0.0001591097075120915, 0.00015923647323532725, 0.00010093796223871884], [-5.68804437642717e-06, -9.44246883437141e-06, 7.3971267345069675e-06, 9.607062068058369e-05, 0.00010093796223871884, 8.197464963058176e-05]]</COVARIANCE_MATRIX>
		<ROI_SIZE>505</ROI_SIZE>
		<MAX_VALUE>[0.14196597039699554, 0.13516682386398315, 0.11524412781000137, 0.17376834154129028, 0.10838479548692703, 0.0768929272890091]</MAX_VALUE>
		<MIN_VALUE>[0.12596724927425385, 0.10385572165250778, 0.08312421292066574, 0.11755380034446716, 0.05151109769940376, 0.024917475879192352]</MIN_VALUE>
		<SIGNATURE_THRESHOLD_MD>0</SIGNATURE_THRESHOLD_MD>
		<SIGNATURE_THRESHOLD_ML>0</SIGNATURE_THRESHOLD_ML>
		<SIGNATURE_THRESHOLD_SAM>0</SIGNATURE_THRESHOLD_SAM>
	</signature>
	<signature ID="20210616_110503485083_151">
		<MACROCLASSID>1</MACROCLASSID>
		<MACROCLASSINFO>waterbody</MACROCLASSINFO>
		<CLASSID>9</CLASSID>
		<CLASSINFO>C 1</CLASSINFO>
		<VALUES>[0.13585198522617523, 0.004316070683254643, 0.12752939795805537, 0.008325075771259032, 0.10508904131976043, 0.007824003254330636, 0.1370085274129604, 0.01595766404772612, 0.07583082215201974, 0.014660571113103975, 0.04343013775218215, 0.010250028300832452]</VALUES>
		<LCS_MIN>[0.11956777423620224, 0.0968976840376854, 0.07670022547245026, 0.10952316224575043, 0.04892593249678612, 0.028630010783672333]</LCS_MIN>
		<LCS_MAX>[0.143565833568573, 0.13864585757255554, 0.11845611780881882, 0.17376834154129028, 0.11096995323896408, 0.08060546219348907]</LCS_MAX>
		<WAVELENGTH>[0.485, 0.56, 0.66, 0.83, 1.65, 2.215]</WAVELENGTH>
		<MEAN_VALUE>[0.13585198522617523, 0.12752939795805537, 0.10508904131976043, 0.1370085274129604, 0.07583082215201974, 0.04343013775218215]</MEAN_VALUE>
		<CHECKBOX>2</CHECKBOX>
		<SD>[0.004316070683254643, 0.008325075771259032, 0.007824003254330636, 0.01595766404772612, 0.014660571113103975, 0.010250028300832452]</SD>
		<WAVELENGTH_UNIT>E-6m</WAVELENGTH_UNIT>
		<COLOR>#bacc3b</COLOR>
		<COVARIANCE_MATRIX>[[1.869140015008947e-05, 3.298872006962749e-05, 2.974872785914208e-05, -3.521894391112947e-05, -2.0883559690700093e-05, -6.045634353078638e-06], [3.298872006962749e-05, 6.9541031484357e-05, 6.080417391147988e-05, -6.668403538975943e-05, -3.872119521311159e-05, -9.85195867140837e-06], [2.974872785914208e-05, 6.080417391147988e-05, 6.142183444716763e-05, -5.2130537957878145e-05, -2.3436300607826528e-05, 3.3652621787090027e-07], [-3.521894391112947e-05, -6.668403538975943e-05, -5.2130537957878145e-05, 0.0002555073359204291, 0.00019591878312268522, 0.0001143902459618367], [-2.0883559690700093e-05, -3.872119521311159e-05, -2.3436300607826528e-05, 0.00019591878312268522, 0.00021565846815076512, 0.00013315355541674965], [-6.045634353078638e-06, -9.85195867140837e-06, 3.3652621787090027e-07, 0.0001143902459618367, 0.00013315355541674965, 0.00010541802300627123]]</COVARIANCE_MATRIX>
		<ROI_SIZE>297</ROI_SIZE>
		<MAX_VALUE>[0.143565833568573, 0.13864585757255554, 0.11845611780881882, 0.17376834154129028, 0.11096995323896408, 0.08060546219348907]</MAX_VALUE>
		<MIN_VALUE>[0.11956777423620224, 0.0968976840376854, 0.07670022547245026, 0.10952316224575043, 0.04892593249678612, 0.028630010783672333]</MIN_VALUE>
		<SIGNATURE_THRESHOLD_MD>0</SIGNATURE_THRESHOLD_MD>
		<SIGNATURE_THRESHOLD_ML>0</SIGNATURE_THRESHOLD_ML>
		<SIGNATURE_THRESHOLD_SAM>0</SIGNATURE_THRESHOLD_SAM>
	</signature>
	<signature ID="20210616_110510772110_811">
		<MACROCLASSID>1</MACROCLASSID>
		<MACROCLASSINFO>waterbody</MACROCLASSINFO>
		<CLASSID>10</CLASSID>
		<CLASSINFO>C 1</CLASSINFO>
		<VALUES>[0.13715758882973286, 0.005115741462075579, 0.12724611646916775, 0.010160211524534864, 0.10623295229591734, 0.010189424203188456, 0.1400946288076167, 0.01627512072187673, 0.07019513049354294, 0.014062309770654558, 0.03901492853789297, 0.010310098213574136]</VALUES>
		<LCS_MIN>[0.11956777423620224, 0.0968976840376854, 0.07670022547245026, 0.10952316224575043, 0.04375559091567993, 0.02120494283735752]</LCS_MIN>
		<LCS_MAX>[0.1467655748128891, 0.14212486147880554, 0.1248801052570343, 0.1697530299425125, 0.10321444272994995, 0.0768929272890091]</LCS_MAX>
		<WAVELENGTH>[0.485, 0.56, 0.66, 0.83, 1.65, 2.215]</WAVELENGTH>
		<MEAN_VALUE>[0.13715758882973286, 0.12724611646916775, 0.10623295229591734, 0.1400946288076167, 0.07019513049354294, 0.03901492853789297]</MEAN_VALUE>
		<CHECKBOX>2</CHECKBOX>
		<SD>[0.005115741462075579, 0.010160211524534864, 0.010189424203188456, 0.01627512072187673, 0.014062309770654558, 0.010310098213574136]</SD>
		<WAVELENGTH_UNIT>E-6m</WAVELENGTH_UNIT>
		<COLOR>#f4d062</COLOR>
		<COVARIANCE_MATRIX>[[2.624270853841117e-05, 4.6981167844942856e-05, 4.777912847879636e-05, -4.9076051294339194e-05, -2.7242001187113444e-05, -3.8085939488640226e-06], [4.6981167844942856e-05, 0.00010351349684478361, 9.884102134304354e-05, -0.00010619081011172481, -5.653346976932883e-05, -6.439406041108221e-06], [4.777912847879636e-05, 9.884102134304354e-05, 0.00010410959736612869, -9.327689057714554e-05, -4.30265948320174e-05, 4.959672204121507e-06], [-4.9076051294339194e-05, -0.00010619081011172481, -9.327689057714554e-05, 0.00026560724559548455, 0.00018929939796982214, 9.773163425851695e-05], [-2.7242001187113444e-05, -5.653346976932883e-05, -4.30265948320174e-05, 0.00018929939796982214, 0.00019829182134981877, 0.00011825057819690144], [-3.8085939488640226e-06, -6.439406041108221e-06, 4.959672204121507e-06, 9.773163425851695e-05, 0.00011825057819690144, 0.00010659015298995527]]</COVARIANCE_MATRIX>
		<ROI_SIZE>365</ROI_SIZE>
		<MAX_VALUE>[0.1467655748128891, 0.14212486147880554, 0.1248801052570343, 0.1697530299425125, 0.10321444272994995, 0.0768929272890091]</MAX_VALUE>
		<MIN_VALUE>[0.11956777423620224, 0.0968976840376854, 0.07670022547245026, 0.10952316224575043, 0.04375559091567993, 0.02120494283735752]</MIN_VALUE>
		<SIGNATURE_THRESHOLD_MD>0</SIGNATURE_THRESHOLD_MD>
		<SIGNATURE_THRESHOLD_ML>0</SIGNATURE_THRESHOLD_ML>
		<SIGNATURE_THRESHOLD_SAM>0</SIGNATURE_THRESHOLD_SAM>
	</signature>
	<signature ID="20210616_110523736214_409">
		<MACROCLASSID>1</MACROCLASSID>
		<MACROCLASSINFO>waterbody</MACROCLASSINFO>
		<CLASSID>11</CLASSID>
		<CLASSINFO>C 1</CLASSINFO>
		<VALUES>[0.13514560521915076, 0.002685711414111624, 0.12063683663172273, 0.003899659337495253, 0.09733150133656135, 0.003850254544615032, 0.11408960799765734, 0.011135059491023504, 0.054767902520503516, 0.010904876870533741, 0.03174198511987926, 0.007107350470450447]</VALUES>
		<LCS_MIN>[0.12596724927425385, 0.10385572165250778, 0.08312421292066574, 0.1014925166964531, 0.03858526423573494, 0.01749241352081299]</LCS_MIN>
		<LCS_MAX>[0.14196597039699554, 0.12820878624916077, 0.10882014036178589, 0.15369172394275665, 0.09287378191947937, 0.06946787238121033]</LCS_MAX>
		<WAVELENGTH>[0.485, 0.56, 0.66, 0.83, 1.65, 2.215]</WAVELENGTH>
		<MEAN_VALUE>[0.13514560521915076, 0.12063683663172273, 0.09733150133656135, 0.11408960799765734, 0.054767902520503516, 0.03174198511987926]</MEAN_VALUE>
		<CHECKBOX>2</CHECKBOX>
		<SD>[0.002685711414111624, 0.003899659337495253, 0.003850254544615032, 0.011135059491023504, 0.010904876870533741, 0.007107350470450447]</SD>
		<WAVELENGTH_UNIT>E-6m</WAVELENGTH_UNIT>
		<COLOR>#a5157f</COLOR>
		<COVARIANCE_MATRIX>[[7.224851112164175e-06, 6.618931695594777e-06, 6.384655623139133e-06, -1.2846972414238284e-05, -9.308705752742605e-06, -3.412523675415073e-06], [6.618931695594777e-06, 1.5232232216842134e-05, 1.0620503258374167e-05, -1.8980420918593347e-05, -1.2128296230041514e-05, -3.9418108355020505e-06], [6.384655623139133e-06, 1.0620503258374167e-05, 1.4848722677082098e-05, -1.0038041160347669e-05, -3.8906905642705025e-06, 1.2665685795887892e-06], [-1.2846972414238284e-05, -1.8980420918593347e-05, -1.0038041160347669e-05, 0.0001241924787554878, 0.00010674494287870165, 5.84713344865319e-05], [-9.308705752742605e-06, -1.2128296230041514e-05, -3.8906905642705025e-06, 0.00010674494287870165, 0.00011911096532183163, 6.534041167397068e-05], [-3.412523675415073e-06, -3.9418108355020505e-06, 1.2665685795887892e-06, 5.84713344865319e-05, 6.534041167397068e-05, 5.059710571915727e-05]]</COVARIANCE_MATRIX>
		<ROI_SIZE>612</ROI_SIZE>
		<MAX_VALUE>[0.14196597039699554, 0.12820878624916077, 0.10882014036178589, 0.15369172394275665, 0.09287378191947937, 0.06946787238121033]</MAX_VALUE>
		<MIN_VALUE>[0.12596724927425385, 0.10385572165250778, 0.08312421292066574, 0.1014925166964531, 0.03858526423573494, 0.01749241352081299]</MIN_VALUE>
		<SIGNATURE_THRESHOLD_MD>0</SIGNATURE_THRESHOLD_MD>
		<SIGNATURE_THRESHOLD_ML>0</SIGNATURE_THRESHOLD_ML>
		<SIGNATURE_THRESHOLD_SAM>0</SIGNATURE_THRESHOLD_SAM>
	</signature>
	<signature ID="20210616_110556092493_313">
		<MACROCLASSID>1</MACROCLASSID>
		<MACROCLASSINFO>waterbody</MACROCLASSINFO>
		<CLASSID>12</CLASSID>
		<CLASSINFO>C 1</CLASSINFO>
		<VALUES>[0.13833932834967683, 0.0028002127483029485, 0.13184398122856444, 0.005050817810264639, 0.12294169483785315, 0.006850296901010486, 0.13080137685647328, 0.011146382457898282, 0.05857679306383147, 0.011394564529772283, 0.034934833534340584, 0.0092111454270418]</VALUES>
		<LCS_MIN>[0.12916700541973114, 0.10733473300933838, 0.09597218036651611, 0.11353848874568939, 0.03858526423573494, 0.013779882341623306]</LCS_MIN>
		<LCS_MAX>[0.1467655748128891, 0.14212486147880554, 0.13451607525348663, 0.16573770344257355, 0.08770345151424408, 0.07318039238452911]</LCS_MAX>
		<WAVELENGTH>[0.485, 0.56, 0.66, 0.83, 1.65, 2.215]</WAVELENGTH>
		<MEAN_VALUE>[0.13833932834967683, 0.13184398122856444, 0.12294169483785315, 0.13080137685647328, 0.05857679306383147, 0.034934833534340584]</MEAN_VALUE>
		<CHECKBOX>2</CHECKBOX>
		<SD>[0.0028002127483029485, 0.005050817810264639, 0.006850296901010486, 0.011146382457898282, 0.011394564529772283, 0.0092111454270418]</SD>
		<WAVELENGTH_UNIT>E-6m</WAVELENGTH_UNIT>
		<COLOR>#451552</COLOR>
		<COVARIANCE_MATRIX>[[7.860794414347799e-06, 1.018298577845407e-05, 1.3725998117260476e-05, -8.768440582728144e-06, -3.3868307162765215e-06, 3.2031037169837845e-06], [1.018298577845407e-05, 2.5574537453867905e-05, 2.999987509440726e-05, -2.7079131363275265e-05, -1.626077367108857e-05, -5.995691982549465e-07], [1.3725998117260476e-05, 2.999987509440726e-05, 4.7043884051073954e-05, -4.212804081454281e-05, -2.608500601909809e-05, -3.339554619974096e-06], [-8.768440582728144e-06, -2.7079131363275265e-05, -4.212804081454281e-05, 0.00012455244650248708, 0.00010735860026282032, 6.746206681561517e-05], [-3.3868307162765215e-06, -1.626077367108857e-05, -2.608500601909809e-05, 0.00010735860026282032, 0.0001301606910752025, 8.920204508262797e-05], [3.2031037169837845e-06, -5.995691982549465e-07, -3.339554619974096e-06, 6.746206681561517e-05, 8.920204508262797e-05, 8.505731307830835e-05]]</COVARIANCE_MATRIX>
		<ROI_SIZE>401</ROI_SIZE>
		<MAX_VALUE>[0.1467655748128891, 0.14212486147880554, 0.13451607525348663, 0.16573770344257355, 0.08770345151424408, 0.07318039238452911]</MAX_VALUE>
		<MIN_VALUE>[0.12916700541973114, 0.10733473300933838, 0.09597218036651611, 0.11353848874568939, 0.03858526423573494, 0.013779882341623306]</MIN_VALUE>
		<SIGNATURE_THRESHOLD_MD>0</SIGNATURE_THRESHOLD_MD>
		<SIGNATURE_THRESHOLD_ML>0</SIGNATURE_THRESHOLD_ML>
		<SIGNATURE_THRESHOLD_SAM>0</SIGNATURE_THRESHOLD_SAM>
	</signature>
	<signature ID="20210616_110907426541_977">
		<MACROCLASSID>1</MACROCLASSID>
		<MACROCLASSINFO>waterbody</MACROCLASSINFO>
		<CLASSID>13</CLASSID>
		<CLASSINFO>C 1</CLASSINFO>
		<VALUES>[0.14440816682977314, 0.002161462857099422, 0.13991206289390795, 0.0030779518301746233, 0.1296243217145176, 0.003163969195513974, 0.13804189376401382, 0.008343875282816805, 0.07154386269435448, 0.012250663516235414, 0.04483134244229686, 0.010882164489345683]</VALUES>
		<LCS_MIN>[0.13876622915267944, 0.13168781995773315, 0.11845611780881882, 0.1255844682455063, 0.05409626662731171, 0.028630010783672333]</LCS_MIN>
		<LCS_MAX>[0.15156519412994385, 0.14908288419246674, 0.13772806525230408, 0.1697530299425125, 0.10321444272994995, 0.07318039238452911]</LCS_MAX>
		<WAVELENGTH>[0.485, 0.56, 0.66, 0.83, 1.65, 2.215]</WAVELENGTH>
		<MEAN_VALUE>[0.14440816682977314, 0.13991206289390795, 0.1296243217145176, 0.13804189376401382, 0.07154386269435448, 0.04483134244229686]</MEAN_VALUE>
		<CHECKBOX>2</CHECKBOX>
		<SD>[0.002161462857099422, 0.0030779518301746233, 0.003163969195513974, 0.008343875282816805, 0.012250663516235414, 0.010882164489345683]</SD>
		<WAVELENGTH_UNIT>E-6m</WAVELENGTH_UNIT>
		<COLOR>#bd0f17</COLOR>
		<COVARIANCE_MATRIX>[[4.2577581236274184e-06, 2.610654195776229e-06, 2.6172320939655616e-06, 8.68526488295269e-07, 9.947135749876062e-07, 1.8790210536648937e-06], [2.610654195776229e-06, 9.474724661419841e-06, 5.6055504932361825e-06, -6.415124137965135e-06, -9.673817797387718e-06, -5.648818843905743e-06], [2.6172320939655616e-06, 5.6055504932361825e-06, 9.27444608937916e-06, -5.953685898874727e-06, -7.2932554115006755e-06, -2.783299580082137e-06], [8.68526488295269e-07, -6.415124137965135e-06, -5.953685898874727e-06, 6.748450127452896e-05, 8.629573044085773e-05, 7.022283951577582e-05], [9.947135749876062e-07, -9.673817797387718e-06, -7.2932554115006755e-06, 8.629573044085773e-05, 0.00014427282359813306, 0.00011399316914452081], [1.8790210536648937e-06, -5.648818843905743e-06, -2.783299580082137e-06, 7.022283951577582e-05, 0.00011399316914452081, 0.00011371595426127513]]</COVARIANCE_MATRIX>
		<ROI_SIZE>436</ROI_SIZE>
		<MAX_VALUE>[0.15156519412994385, 0.14908288419246674, 0.13772806525230408, 0.1697530299425125, 0.10321444272994995, 0.07318039238452911]</MAX_VALUE>
		<MIN_VALUE>[0.13876622915267944, 0.13168781995773315, 0.11845611780881882, 0.1255844682455063, 0.05409626662731171, 0.028630010783672333]</MIN_VALUE>
		<SIGNATURE_THRESHOLD_MD>0</SIGNATURE_THRESHOLD_MD>
		<SIGNATURE_THRESHOLD_ML>0</SIGNATURE_THRESHOLD_ML>
		<SIGNATURE_THRESHOLD_SAM>0</SIGNATURE_THRESHOLD_SAM>
	</signature>
	<signature ID="20210616_110911683355_163">
		<MACROCLASSID>1</MACROCLASSID>
		<MACROCLASSINFO>waterbody</MACROCLASSINFO>
		<CLASSID>14</CLASSID>
		<CLASSINFO>C 1</CLASSINFO>
		<VALUES>[0.14145894058256112, 0.002129139038784911, 0.12650281374344738, 0.002828588631186587, 0.11274056525889002, 0.0033178285662906954, 0.1329702512546576, 0.009051211103429435, 0.07062030226247469, 0.011581804878533004, 0.04451360536751196, 0.010390165877707086]</VALUES>
		<LCS_MIN>[0.1339666098356247, 0.11777176707983017, 0.09918416291475296, 0.11755380034446716, 0.05409626662731171, 0.028630010783672333]</LCS_MIN>
		<LCS_MAX>[0.1467655748128891, 0.13516682386398315, 0.1248801052570343, 0.16573770344257355, 0.10321444272994995, 0.0768929272890091]</LCS_MAX>
		<WAVELENGTH>[0.485, 0.56, 0.66, 0.83, 1.65, 2.215]</WAVELENGTH>
		<MEAN_VALUE>[0.14145894058256112, 0.12650281374344738, 0.11274056525889002, 0.1329702512546576, 0.07062030226247469, 0.04451360536751196]</MEAN_VALUE>
		<CHECKBOX>2</CHECKBOX>
		<SD>[0.002129139038784911, 0.002828588631186587, 0.0033178285662906954, 0.009051211103429435, 0.011581804878533004, 0.010390165877707086]</SD>
		<WAVELENGTH_UNIT>E-6m</WAVELENGTH_UNIT>
		<COLOR>#fd5834</COLOR>
		<COVARIANCE_MATRIX>[[4.542961014388926e-06, 3.015004662204544e-06, 3.3373575166046846e-06, -2.0508329880017916e-06, -1.2159661156915839e-06, 2.8294449210551437e-07], [3.015004662204544e-06, 8.018082987062668e-06, 5.695360123153632e-06, -1.6420562368615403e-06, 3.6162970370900747e-07, 3.0141190681768624e-06], [3.3373575166046846e-06, 5.695360123153632e-06, 1.1031608683696428e-05, -1.8946906466815742e-06, 2.452517800316228e-06, 6.0218585425250525e-06], [-2.0508329880017916e-06, -1.6420562368615403e-06, -1.8946906466815742e-06, 8.210022592047252e-05, 9.347574099352756e-05, 7.587470322882359e-05], [-1.2159661156915839e-06, 3.6162970370900747e-07, 2.452517800316228e-06, 9.347574099352756e-05, 0.00013442605446811135, 0.00010596520237586535], [2.8294449210551437e-07, 3.0141190681768624e-06, 6.0218585425250525e-06, 7.587470322882359e-05, 0.00010596520237586535, 0.00010818721123014481]]</COVARIANCE_MATRIX>
		<ROI_SIZE>467</ROI_SIZE>
		<MAX_VALUE>[0.1467655748128891, 0.13516682386398315, 0.1248801052570343, 0.16573770344257355, 0.10321444272994995, 0.0768929272890091]</MAX_VALUE>
		<MIN_VALUE>[0.1339666098356247, 0.11777176707983017, 0.09918416291475296, 0.11755380034446716, 0.05409626662731171, 0.028630010783672333]</MIN_VALUE>
		<SIGNATURE_THRESHOLD_MD>0</SIGNATURE_THRESHOLD_MD>
		<SIGNATURE_THRESHOLD_ML>0</SIGNATURE_THRESHOLD_ML>
		<SIGNATURE_THRESHOLD_SAM>0</SIGNATURE_THRESHOLD_SAM>
	</signature>
	<signature ID="20210616_110918121431_198">
		<MACROCLASSID>1</MACROCLASSID>
		<MACROCLASSINFO>waterbody</MACROCLASSINFO>
		<CLASSID>15</CLASSID>
		<CLASSINFO>C 1</CLASSINFO>
		<VALUES>[0.1376798580053344, 0.0032843105423880476, 0.12600133422907286, 0.005576812114394842, 0.11062577511970101, 0.006896269579630842, 0.13607347030918313, 0.009507586639142696, 0.06346809738255169, 0.010549768155840338, 0.03758416889522206, 0.009001338534010965]</VALUES>
		<LCS_MIN>[0.1275671273469925, 0.10733473300933838, 0.08633619546890259, 0.12156912684440613, 0.04892593249678612, 0.024917475879192352]</LCS_MIN>
		<LCS_MAX>[0.1467655748128891, 0.13864585757255554, 0.1248801052570343, 0.16573770344257355, 0.09545894712209702, 0.07318039238452911]</LCS_MAX>
		<WAVELENGTH>[0.485, 0.56, 0.66, 0.83, 1.65, 2.215]</WAVELENGTH>
		<MEAN_VALUE>[0.1376798580053344, 0.12600133422907286, 0.11062577511970101, 0.13607347030918313, 0.06346809738255169, 0.03758416889522206]</MEAN_VALUE>
		<CHECKBOX>2</CHECKBOX>
		<SD>[0.0032843105423880476, 0.005576812114394842, 0.006896269579630842, 0.009507586639142696, 0.010549768155840338, 0.009001338534010965]</SD>
		<WAVELENGTH_UNIT>E-6m</WAVELENGTH_UNIT>
		<COLOR>#5f4398</COLOR>
		<COVARIANCE_MATRIX>[[1.0806745359173673e-05, 1.4491893933264044e-05, 1.8413113990754944e-05, -1.2823141475856135e-05, -7.527439295210885e-06, 3.031329913860592e-08], [1.4491893933264044e-05, 3.115864159970601e-05, 3.454673568608173e-05, -2.509840286244567e-05, -1.6502659793473145e-05, -1.7798663645371318e-06], [1.8413113990754944e-05, 3.454673568608173e-05, 4.764693287723702e-05, -3.431682536891182e-05, -2.139851817881986e-05, -1.5692181572489407e-06], [-1.2823141475856135e-05, -2.509840286244567e-05, -3.431682536891182e-05, 9.056222266679142e-05, 8.326746525931038e-05, 5.325741754106731e-05], [-7.527439295210885e-06, -1.6502659793473145e-05, -2.139851817881986e-05, 8.326746525931038e-05, 0.00011150448101957039, 8.102942745974882e-05], [3.031329913860592e-08, -1.7798663645371318e-06, -1.5692181572489407e-06, 5.325741754106731e-05, 8.102942745974882e-05, 8.117469781168458e-05]]</COVARIANCE_MATRIX>
		<ROI_SIZE>539</ROI_SIZE>
		<MAX_VALUE>[0.1467655748128891, 0.13864585757255554, 0.1248801052570343, 0.16573770344257355, 0.09545894712209702, 0.07318039238452911]</MAX_VALUE>
		<MIN_VALUE>[0.1275671273469925, 0.10733473300933838, 0.08633619546890259, 0.12156912684440613, 0.04892593249678612, 0.024917475879192352]</MIN_VALUE>
		<SIGNATURE_THRESHOLD_MD>0</SIGNATURE_THRESHOLD_MD>
		<SIGNATURE_THRESHOLD_ML>0</SIGNATURE_THRESHOLD_ML>
		<SIGNATURE_THRESHOLD_SAM>0</SIGNATURE_THRESHOLD_SAM>
	</signature>
	<signature ID="20210616_110930539575_591">
		<MACROCLASSID>1</MACROCLASSID>
		<MACROCLASSINFO>waterbody</MACROCLASSINFO>
		<CLASSID>16</CLASSID>
		<CLASSINFO>C 1</CLASSINFO>
		<VALUES>[0.13998877908519958, 0.004895324947854897, 0.12368103929728447, 0.009457628405980814, 0.09546753076465993, 0.008626593725650469, 0.09793751232212831, 0.01165413569822619, 0.055158540859911016, 0.013405152239203239, 0.03663708012003086, 0.009809061470072915]</VALUES>
		<LCS_MIN>[0.1275671273469925, 0.10733473300933838, 0.0799122229218483, 0.08141589164733887, 0.0360000915825367, 0.02120494283735752]</LCS_MIN>
