<?xml version="1.0" ?>
<signaturelist MCID_LIST="[['1', 'waterbody', '#000000'], ['2', 'vegetation', '#000000'], ['3', 'bareland', '#000000'], ['4', 'built-up', '#000000']]">
	<signature ID="20210512_170621671081_196">
		<MACROCLASSID>1</MACROCLASSID>
		<MACROCLASSINFO>waterbody</MACROCLASSINFO>
		<CLASSID>1</CLASSID>
		<CLASSINFO>C 1</CLASSINFO>
		<VALUES>[0.10526319061073984, 0.0013795478458983686, 0.09974708610716682, 0.0020562388705165115, 0.07383859949862157, 0.0027123165559035396, 0.04580203932401517, 0.007579288036213193, 0.019354232755557213, 0.004069848645989036, 0.011855714910954529, 0.002089793909750075]</VALUES>
		<LCS_MIN>[0.09338396042585373, 0.07958362996578217, 0.05478936806321144, 0.031359706073999405, 0.01418653316795826, 0.009243130683898926]</LCS_MIN>
		<LCS_MAX>[0.10942428559064865, 0.1084458976984024, 0.09003686904907227, 0.09158168733119965, 0.05074712261557579, 0.03457806259393692]</LCS_MAX>
		<WAVELENGTH>[0.48, 0.56, 0.655, 0.865, 1.61, 2.2]</WAVELENGTH>
		<MEAN_VALUE>[0.10526319061073984, 0.09974708610716682, 0.07383859949862157, 0.04580203932401517, 0.019354232755557213, 0.011855714910954529]</MEAN_VALUE>
		<CHECKBOX>2</CHECKBOX>
		<SD>[0.0013795478458983686, 0.0020562388705165115, 0.0027123165559035396, 0.007579288036213193, 0.004069848645989036, 0.002089793909750075]</SD>
		<WAVELENGTH_UNIT>E-6m</WAVELENGTH_UNIT>
		<COLOR>#e36e4f</COLOR>
		<COVARIANCE_MATRIX>[[1.9043537441350108e-06, 2.5488071901495006e-06, 2.4551161817151496e-06, -2.0314906285613845e-06, -4.0099897722295585e-07, 2.1459522298642004e-07], [2.5488071901495006e-06, 4.2307875592219435e-06, 4.320154440431529e-06, -2.9408709272508405e-06, -5.956254278617532e-07, 1.8495860056282088e-07], [2.4551161817151496e-06, 4.320154440431529e-06, 7.361305456183044e-06, 4.048554045439763e-06, 3.1448355272174136e-06, 2.1366582210159447e-06], [-2.0314906285613845e-06, -2.9408709272508405e-06, 4.048554045439763e-06, 5.748187330200567e-05, 2.8978977286931478e-05, 1.3633407260927903e-05], [-4.0099897722295585e-07, -5.956254278617532e-07, 3.1448355272174136e-06, 2.8978977286931478e-05, 1.6574124862370678e-05, 8.161042110795259e-06], [2.1459522298642004e-07, 1.8495860056282088e-07, 2.1366582210159447e-06, 1.3633407260927903e-05, 8.161042110795259e-06, 4.369995680294952e-06]]</COVARIANCE_MATRIX>
		<ROI_SIZE>1585</ROI_SIZE>
		<MAX_VALUE>[0.10942428559064865, 0.1084458976984024, 0.09003686904907227, 0.09158168733119965, 0.05074712261557579, 0.03457806259393692]</MAX_VALUE>
		<MIN_VALUE>[0.09338396042585373, 0.07958362996578217, 0.05478936806321144, 0.031359706073999405, 0.01418653316795826, 0.009243130683898926]</MIN_VALUE>
		<SIGNATURE_THRESHOLD_MD>0</SIGNATURE_THRESHOLD_MD>
		<SIGNATURE_THRESHOLD_ML>0</SIGNATURE_THRESHOLD_ML>
		<SIGNATURE_THRESHOLD_SAM>0</SIGNATURE_THRESHOLD_SAM>
	</signature>
	<signature ID="20210512_170628412772_764">
		<MACROCLASSID>1</MACROCLASSID>
		<MACROCLASSINFO>waterbody</MACROCLASSINFO>
		<CLASSID>2</CLASSID>
		<CLASSINFO>C 1</CLASSINFO>
		<VALUES>[0.10252156276063827, 0.0021338298818408584, 0.096777644288755, 0.004254509070816813, 0.07715291342477215, 0.0045138445202024475, 0.04711438835665736, 0.006822032740352365, 0.020590605611730477, 0.003690232971455945, 0.01254138459173058, 0.001811508420055311]</VALUES>
		<LCS_MIN>[0.08501621335744858, 0.05950105935335159, 0.04088606312870979, 0.037770677357912064, 0.017276154831051826, 0.01078794151544571]</LCS_MIN>
		<LCS_MAX>[0.10880634933710098, 0.10945002734661102, 0.09413062036037445, 0.08892974257469177, 0.05517558008432388, 0.029840636998414993]</LCS_MAX>
		<WAVELENGTH>[0.48, 0.56, 0.655, 0.865, 1.61, 2.2]</WAVELENGTH>
		<MEAN_VALUE>[0.10252156276063827, 0.096777644288755, 0.07715291342477215, 0.04711438835665736, 0.020590605611730477, 0.01254138459173058]</MEAN_VALUE>
		<CHECKBOX>2</CHECKBOX>
		<SD>[0.0021338298818408584, 0.004254509070816813, 0.0045138445202024475, 0.006822032740352365, 0.003690232971455945, 0.001811508420055311]</SD>
		<WAVELENGTH_UNIT>E-6m</WAVELENGTH_UNIT>
		<COLOR>#d48211</COLOR>
		<COVARIANCE_MATRIX>[[3.608676647496673e-06, 6.806974214843574e-06, 5.342796213929329e-06, -4.439812824073082e-06, -1.2567892917800782e-06, 6.13031461451729e-08], [6.806974214843574e-06, 1.373849705595717e-05, 1.169330282026607e-05, -9.709980942661968e-06, -3.2637446750285456e-06, -4.32214136503819e-07], [5.342796213929329e-06, 1.169330282026607e-05, 1.6024130936198584e-05, -7.145959962054237e-06, -2.8161676146707106e-06, -1.8714070021628824e-07], [-4.439812824073082e-06, -9.709980942661968e-06, -7.145959962054237e-06, 4.778838700389637e-05, 2.543025581873606e-05, 1.3112705868823459e-05], [-1.2567892917800782e-06, -3.2637446750285456e-06, -2.8161676146707106e-06, 2.543025581873606e-05, 1.6622600601899785e-05, 8.854245523748974e-06], [6.13031461451729e-08, -4.32214136503819e-07, -1.8714070021628824e-07, 1.3112705868823459e-05, 8.854245523748974e-06, 5.326586227008379e-06]]</COVARIANCE_MATRIX>
		<ROI_SIZE>1589</ROI_SIZE>
		<MAX_VALUE>[0.10880634933710098, 0.10945002734661102, 0.09413062036037445, 0.08892974257469177, 0.05517558008432388, 0.029840636998414993]</MAX_VALUE>
		<MIN_VALUE>[0.08501621335744858, 0.05950105935335159, 0.04088606312870979, 0.037770677357912064, 0.017276154831051826, 0.01078794151544571]</MIN_VALUE>
		<SIGNATURE_THRESHOLD_MD>0</SIGNATURE_THRESHOLD_MD>
		<SIGNATURE_THRESHOLD_ML>0</SIGNATURE_THRESHOLD_ML>
		<SIGNATURE_THRESHOLD_SAM>0</SIGNATURE_THRESHOLD_SAM>
	</signature>
	<signature ID="20210512_170639068114_411">
		<MACROCLASSID>1</MACROCLASSID>
		<MACROCLASSINFO>waterbody</MACROCLASSINFO>
		<CLASSID>3</CLASSID>
		<CLASSINFO>C 1</CLASSINFO>
		<VALUES>[0.1055056281853467, 0.0011191283475859679, 0.10132722954731428, 0.002054364439578403, 0.09426037892699231, 0.0028838510417456215, 0.0583992516932388, 0.007382116590529671, 0.027776303173353275, 0.005729917897479291, 0.01871567760535982, 0.0037973208033335077]</VALUES>
		<LCS_MIN>[0.09503176063299179, 0.07806457579135895, 0.06403250992298126, 0.05146803706884384, 0.022605767473578453, 0.015010430477559566]</LCS_MIN>
		<LCS_MAX>[0.11135529726743698, 0.1084458976984024, 0.10316777229309082, 0.10311628878116608, 0.07242599874734879, 0.050875842571258545]</LCS_MAX>
		<WAVELENGTH>[0.48, 0.56, 0.655, 0.865, 1.61, 2.2]</WAVELENGTH>
		<MEAN_VALUE>[0.1055056281853467, 0.10132722954731428, 0.09426037892699231, 0.0583992516932388, 0.027776303173353275, 0.01871567760535982]</MEAN_VALUE>
		<CHECKBOX>2</CHECKBOX>
		<SD>[0.0011191283475859679, 0.002054364439578403, 0.0028838510417456215, 0.007382116590529671, 0.005729917897479291, 0.0037973208033335077]</SD>
		<WAVELENGTH_UNIT>E-6m</WAVELENGTH_UNIT>
		<COLOR>#563d86</COLOR>
		<COVARIANCE_MATRIX>[[1.4524142133371854e-06, 2.531470869706471e-06, 2.775827917475883e-06, -1.4370268297167984e-07, 9.575150504003318e-07, 9.046516655438125e-07], [2.531470869706471e-06, 5.338305752197168e-06, 6.408714486801371e-06, -3.2535302924172646e-06, -3.483848470047861e-07, 2.917947306998098e-07], [2.775827917475883e-06, 6.408714486801371e-06, 1.1246912853744616e-05, -9.856120131960371e-06, -4.988937096794688e-06, -2.2920401159281924e-06], [-1.4370268297167984e-07, -3.2535302924172646e-06, -9.856120131960371e-06, 5.325857956362438e-05, 3.593399030345865e-05, 2.176873823410774e-05], [9.575150504003318e-07, -3.483848470047861e-07, -4.988937096794688e-06, 3.593399030345865e-05, 2.893981486453882e-05, 1.8409131785202172e-05], [9.046516655438125e-07, 2.917947306998098e-07, -2.2920401159281924e-06, 2.176873823410774e-05, 1.8409131785202172e-05, 1.2521568402837448e-05]]</COVARIANCE_MATRIX>
		<ROI_SIZE>2010</ROI_SIZE>
		<MAX_VALUE>[0.11135529726743698, 0.1084458976984024, 0.10316777229309082, 0.10311628878116608, 0.07242599874734879, 0.050875842571258545]</MAX_VALUE>
		<MIN_VALUE>[0.09503176063299179, 0.07806457579135895, 0.06403250992298126, 0.05146803706884384, 0.022605767473578453, 0.015010430477559566]</MIN_VALUE>
		<SIGNATURE_THRESHOLD_MD>0</SIGNATURE_THRESHOLD_MD>
		<SIGNATURE_THRESHOLD_ML>0</SIGNATURE_THRESHOLD_ML>
		<SIGNATURE_THRESHOLD_SAM>0</SIGNATURE_THRESHOLD_SAM>
	</signature>
	<signature ID="20210512_170646657918_534">
		<MACROCLASSID>1</MACROCLASSID>
		<MACROCLASSINFO>waterbody</MACROCLASSINFO>
		<CLASSID>4</CLASSID>
		<CLASSINFO>C 1</CLASSINFO>
		<VALUES>[0.10093768697162578, 0.0031454392703774716, 0.09415467680426122, 0.006187160383026608, 0.08489929345083537, 0.013744849883451135, 0.06058447452620689, 0.010536974229192971, 0.029206179628461053, 0.008871705957318144, 0.01910674597211876, 0.006487870440268091]</VALUES>
		<LCS_MIN>[0.08880102634429932, 0.07098416984081268, 0.048790350556373596, 0.047194041311740875, 0.022168070077896118, 0.012178272940218449]</LCS_MIN>
		<LCS_MAX>[0.11547479033470154, 0.10991346836090088, 0.11241091787815094, 0.10903807729482651, 0.07440850138664246, 0.059552546590566635]</LCS_MAX>
		<WAVELENGTH>[0.48, 0.56, 0.655, 0.865, 1.61, 2.2]</WAVELENGTH>
		<MEAN_VALUE>[0.10093768697162578, 0.09415467680426122, 0.08489929345083537, 0.06058447452620689, 0.029206179628461053, 0.01910674597211876]</MEAN_VALUE>
		<CHECKBOX>2</CHECKBOX>
		<SD>[0.0031454392703774716, 0.006187160383026608, 0.013744849883451135, 0.010536974229192971, 0.008871705957318144, 0.006487870440268091]</SD>
		<WAVELENGTH_UNIT>E-6m</WAVELENGTH_UNIT>
		<COLOR>#d14ba1</COLOR>
		<COVARIANCE_MATRIX>[[8.729426971263979e-06, 1.4853983597837891e-05, 2.8810256699019453e-05, 1.9713393229964493e-05, 1.664924708061201e-05, 1.3405624910017744e-05], [1.4853983597837891e-05, 2.9103086152211347e-05, 6.00706209012285e-05, 2.7837608696203797e-05, 2.004904119873373e-05, 1.7010758366451486e-05], [2.8810256699019453e-05, 6.00706209012285e-05, 0.00013635448997325486, 5.659816394678925e-05, 3.516448817839499e-05, 2.9342456236413806e-05], [1.9713393229964493e-05, 2.7837608696203797e-05, 5.659816394678925e-05, 0.00011864525446275526, 9.974581229999538e-05, 7.120505698039423e-05], [1.664924708061201e-05, 2.004904119873373e-05, 3.516448817839499e-05, 9.974581229999538e-05, 9.65892377914921e-05, 7.03238602212991e-05], [1.3405624910017744e-05, 1.7010758366451486e-05, 2.9342456236413806e-05, 7.120505698039423e-05, 7.03238602212991e-05, 5.343885857333275e-05]]</COVARIANCE_MATRIX>
		<ROI_SIZE>1364</ROI_SIZE>
		<MAX_VALUE>[0.11547479033470154, 0.10991346836090088, 0.11241091787815094, 0.10903807729482651, 0.07440850138664246, 0.059552546590566635]</MAX_VALUE>
		<MIN_VALUE>[0.08880102634429932, 0.07098416984081268, 0.048790350556373596, 0.047194041311740875, 0.022168070077896118, 0.012178272940218449]</MIN_VALUE>
		<SIGNATURE_THRESHOLD_MD>0</SIGNATURE_THRESHOLD_MD>
		<SIGNATURE_THRESHOLD_ML>0</SIGNATURE_THRESHOLD_ML>
		<SIGNATURE_THRESHOLD_SAM>0</SIGNATURE_THRESHOLD_SAM>
	</signature>
	<signature ID="20210512_170655228798_195">
		<MACROCLASSID>1</MACROCLASSID>
		<MACROCLASSINFO>waterbody</MACROCLASSINFO>
		<CLASSID>5</CLASSID>
		<CLASSINFO>C 1</CLASSINFO>
		<VALUES>[0.09690093500134736, 0.0023922134338705894, 0.09665298028646602, 0.004891929867561183, 0.07960867940488718, 0.007816975265603007, 0.04010063657820548, 0.013309714896356342, 0.015943616305973938, 0.00960580961630831, 0.009680965698941644, 0.006310989856707323]</VALUES>
		<LCS_MIN>[0.08795137703418732, 0.07984110713005066, 0.060093238949775696, 0.02214231714606285, 0.00360455852933228, 0.0034243350382894278]</LCS_MIN>
		<LCS_MAX>[0.10453236848115921, 0.10587120801210403, 0.09261156618595123, 0.07976385205984116, 0.05463488772511482, 0.04183868691325188]</LCS_MAX>
		<WAVELENGTH>[0.48, 0.56, 0.655, 0.865, 1.61, 2.2]</WAVELENGTH>
		<MEAN_VALUE>[0.09690093500134736, 0.09665298028646602, 0.07960867940488718, 0.04010063657820548, 0.015943616305973938, 0.009680965698941644]</MEAN_VALUE>
		<CHECKBOX>2</CHECKBOX>
		<SD>[0.0023922134338705894, 0.004891929867561183, 0.007816975265603007, 0.013309714896356342, 0.00960580961630831, 0.006310989856707323]</SD>
		<WAVELENGTH_UNIT>E-6m</WAVELENGTH_UNIT>
		<COLOR>#e26d46</COLOR>
		<COVARIANCE_MATRIX>[[5.753956616541592e-06, 1.0555636927769325e-05, 1.6046720706808603e-05, -6.010587838941403e-06, -1.046600147490205e-06, 1.2329592784737849e-06], [1.0555636927769325e-05, 2.406174819978827e-05, 3.6089482455318005e-05, -1.4890755257888242e-05, -7.99133444128959e-06, -3.2352247166537475e-06], [1.6046720706808603e-05, 3.6089482455318005e-05, 6.14390099659074e-05, -3.0630581279500573e-06, 8.960881932064366e-07, 4.052970243421383e-06], [-6.010587838941403e-06, -1.4890755257888242e-05, -3.0630581279500573e-06, 0.00017811653527049923, 0.00011586803547977118, 6.750266679054242e-05], [-1.046600147490205e-06, -7.99133444128959e-06, 8.960881932064366e-07, 0.00011586803547977118, 9.277579466008782e-05, 5.792455636558536e-05], [1.2329592784737849e-06, -3.2352247166537475e-06, 4.052970243421383e-06, 6.750266679054242e-05, 5.792455636558536e-05, 4.004623555600622e-05]]</COVARIANCE_MATRIX>
		<ROI_SIZE>184</ROI_SIZE>
		<MAX_VALUE>[0.10453236848115921, 0.10587120801210403, 0.09261156618595123, 0.07976385205984116, 0.05463488772511482, 0.04183868691325188]</MAX_VALUE>
		<MIN_VALUE>[0.08795137703418732, 0.07984110713005066, 0.060093238949775696, 0.02214231714606285, 0.00360455852933228, 0.0034243350382894278]</MIN_VALUE>
		<SIGNATURE_THRESHOLD_MD>0</SIGNATURE_THRESHOLD_MD>
		<SIGNATURE_THRESHOLD_ML>0</SIGNATURE_THRESHOLD_ML>
		<SIGNATURE_THRESHOLD_SAM>0</SIGNATURE_THRESHOLD_SAM>
	</signature>
	<signature ID="20210512_170659177854_180">
		<MACROCLASSID>1</MACROCLASSID>
		<MACROCLASSINFO>waterbody</MACROCLASSINFO>
		<CLASSID>6</CLASSID>
		<CLASSINFO>C 1</CLASSINFO>
		<VALUES>[0.0950373768553896, 0.004470665464949308, 0.09262882714265779, 0.008939348080060052, 0.07487955690332247, 0.009662293612193491, 0.038073224220740616, 0.01514790687707438, 0.01371616742396942, 0.01049147791724703, 0.007834093981283234, 0.006799965763997474]</VALUES>
		<LCS_MIN>[0.0710614025592804, 0.04320328310132027, 0.025386428460478783, 0.019155679270625114, 0.0004376872966531664, 0.0004119437944609672]</LCS_MIN>
		<LCS_MAX>[0.10435214638710022, 0.10579397529363632, 0.10115953534841537, 0.08887825906276703, 0.060093238949775696, 0.04570072889328003]</LCS_MAX>
		<WAVELENGTH>[0.48, 0.56, 0.655, 0.865, 1.61, 2.2]</WAVELENGTH>
		<MEAN_VALUE>[0.0950373768553896, 0.09262882714265779, 0.07487955690332247, 0.038073224220740616, 0.01371616742396942, 0.007834093981283234]</MEAN_VALUE>
		<CHECKBOX>2</CHECKBOX>
		<SD>[0.004470665464949308, 0.008939348080060052, 0.009662293612193491, 0.01514790687707438, 0.01049147791724703, 0.006799965763997474]</SD>
		<WAVELENGTH_UNIT>E-6m</WAVELENGTH_UNIT>
		<COLOR>#f3f866</COLOR>
		<COVARIANCE_MATRIX>[[2.003536147060569e-05, 3.875017768535877e-05, 4.172205990686442e-05, -2.6744032294830095e-06, 5.096802319907366e-06, 6.47165144664023e-06], [3.875017768535877e-05, 8.010590512583364e-05, 8.373234272352948e-05, -1.528335467295284e-05, 1.0829305215282393e-06, 6.055922141583967e-06], [4.172205990686442e-05, 8.373234272352948e-05, 9.358651959058512e-05, 2.9538240125770173e-06, 1.6879655472123033e-05, 1.7672076479790392e-05], [-2.6744032294830095e-06, -1.528335467295284e-05, 2.9538240125770173e-06, 0.00023001602227777076, 0.00014414285400561578, 8.3954440384934e-05], [5.096802319907366e-06, 1.0829305215282393e-06, 1.6879655472123033e-05, 0.00014414285400561578, 0.00011033827177373274, 6.896961156145413e-05], [6.47165144664023e-06, 6.055922141583967e-06, 1.7672076479790392e-05, 8.3954440384934e-05, 6.896961156145413e-05, 4.635176627112886e-05]]</COVARIANCE_MATRIX>
		<ROI_SIZE>413</ROI_SIZE>
		<MAX_VALUE>[0.10435214638710022, 0.10579397529363632, 0.10115953534841537, 0.08887825906276703, 0.060093238949775696, 0.04570072889328003]</MAX_VALUE>
		<MIN_VALUE>[0.0710614025592804, 0.04320328310132027, 0.025386428460478783, 0.019155679270625114, 0.0004376872966531664, 0.0004119437944609672]</MIN_VALUE>
		<SIGNATURE_THRESHOLD_MD>0</SIGNATURE_THRESHOLD_MD>
		<SIGNATURE_THRESHOLD_ML>0</SIGNATURE_THRESHOLD_ML>
		<SIGNATURE_THRESHOLD_SAM>0</SIGNATURE_THRESHOLD_SAM>
	</signature>
	<signature ID="20210512_170739197104_503">
		<MACROCLASSID>1</MACROCLASSID>
		<MACROCLASSINFO>waterbody</MACROCLASSINFO>
		<CLASSID>7</CLASSID>
		<CLASSINFO>C 1</CLASSINFO>
		<VALUES>[0.0988784187364501, 0.0016352170737033878, 0.10012379883752245, 0.0030901286905874975, 0.08436411082164033, 0.004434347851266949, 0.036446055841886184, 0.011504837993661053, 0.012027721297201498, 0.007925747705127864, 0.006886117524685123, 0.005246369380012419]</VALUES>
		<LCS_MIN>[0.09055181592702866, 0.08478450775146484, 0.0671478733420372, 0.014598476700484753, 0.005870283115655184, 0.0024202046915888786]</LCS_MIN>
		<LCS_MAX>[0.10401742160320282, 0.10823991149663925, 0.10260135680437088, 0.07978961616754532, 0.05630844458937645, 0.04366672411561012]</LCS_MAX>
		<WAVELENGTH>[0.48, 0.56, 0.655, 0.865, 1.61, 2.2]</WAVELENGTH>
		<MEAN_VALUE>[0.0988784187364501, 0.10012379883752245, 0.08436411082164033, 0.036446055841886184, 0.012027721297201498, 0.006886117524685123]</MEAN_VALUE>
		<CHECKBOX>2</CHECKBOX>
		<SD>[0.0016352170737033878, 0.0030901286905874975, 0.004434347851266949, 0.011504837993661053, 0.007925747705127864, 0.005246369380012419]</SD>
		<WAVELENGTH_UNIT>E-6m</WAVELENGTH_UNIT>
		<COLOR>#40ef77</COLOR>
		<COVARIANCE_MATRIX>[[2.682644763727583e-06, 4.80543660783772e-06, 6.283960691509828e-06, -6.020202401375728e-06, -1.4901402656908748e-06, 5.52349847199414e-07], [4.80543660783772e-06, 9.57999921795681e-06, 1.1990756038532322e-05, -1.4609754684336371e-05, -5.484656621727775e-06, -1.1552292062318285e-06], [6.283960691509828e-06, 1.1990756038532322e-05, 1.972749116201639e-05, -4.372797665323947e-06, 2.4590069088037006e-06, 4.859214028599183e-06], [-6.020202401375728e-06, -1.4609754684336371e-05, -4.372797665323947e-06, 0.00013279244155113738, 8.365171829439276e-05, 4.950707306289558e-05], [-1.4901402656908748e-06, -5.484656621727775e-06, 2.4590069088037006e-06, 8.365171829439276e-05, 6.302209387323974e-05, 4.012240177090743e-05], [5.52349847199414e-07, -1.1552292062318285e-06, 4.859214028599183e-06, 4.950707306289558e-05, 4.012240177090743e-05, 2.7614047670461972e-05]]</COVARIANCE_MATRIX>
		<ROI_SIZE>308</ROI_SIZE>
		<MAX_VALUE>[0.10401742160320282, 0.10823991149663925, 0.10260135680437088, 0.07978961616754532, 0.05630844458937645, 0.04366672411561012]</MAX_VALUE>
		<MIN_VALUE>[0.09055181592702866, 0.08478450775146484, 0.0671478733420372, 0.014598476700484753, 0.005870283115655184, 0.0024202046915888786]</MIN_VALUE>
		<SIGNATURE_THRESHOLD_MD>0</SIGNATURE_THRESHOLD_MD>
		<SIGNATURE_THRESHOLD_ML>0</SIGNATURE_THRESHOLD_ML>
		<SIGNATURE_THRESHOLD_SAM>0</SIGNATURE_THRESHOLD_SAM>
	</signature>
	<signature ID="20210512_170748120029_207">
		<MACROCLASSID>1</MACROCLASSID>
		<MACROCLASSINFO>waterbody</MACROCLASSINFO>
		<CLASSID>8</CLASSID>
		<CLASSINFO>C 1</CLASSINFO>
		<VALUES>[0.09781085400759765, 0.0029227559194744098, 0.09759699728956565, 0.006136817219013003, 0.08177632125529577, 0.006370099688543298, 0.03695016830331748, 0.011987884119578159, 0.012457402883141878, 0.008792962044262715, 0.007394373247425273, 0.0060033888419127185]</VALUES>
		<LCS_MIN>[0.08290497958660126, 0.06719937920570374, 0.04953700676560402, 0.02021130546927452, 0.0, 0.0019052675925195217]</LCS_MIN>
		<LCS_MAX>[0.10775072872638702, 0.10558798909187317, 0.09747771173715591, 0.07724066823720932, 0.05463488772511482, 0.03910951316356659]</LCS_MAX>
		<WAVELENGTH>[0.48, 0.56, 0.655, 0.865, 1.61, 2.2]</WAVELENGTH>
		<MEAN_VALUE>[0.09781085400759765, 0.09759699728956565, 0.08177632125529577, 0.03695016830331748, 0.012457402883141878, 0.007394373247425273]</MEAN_VALUE>
		<CHECKBOX>2</CHECKBOX>
		<SD>[0.0029227559194744098, 0.006136817219013003, 0.006370099688543298, 0.011987884119578159, 0.008792962044262715, 0.0060033888419127185]</SD>
		<WAVELENGTH_UNIT>E-6m</WAVELENGTH_UNIT>
		<COLOR>#cd253f</COLOR>
		<COVARIANCE_MATRIX>[[8.56191694247004e-06, 1.706215126013886e-05, 1.753406233716314e-05, -1.1939708598122042e-05, -1.7483111433413659e-06, 1.6508295123580106e-06], [1.706215126013886e-05, 3.774611768316454e-05, 3.684675464780307e-05, -3.2740733287021004e-05, -1.0810150345973799e-05, -2.1336264455545058e-06], [1.753406233716314e-05, 3.684675464780307e-05, 4.0670393155711066e-05, -1.876175658757212e-05, 7.536804627017479e-07, 6.429641759537428e-06], [-1.1939708598122042e-05, -3.2740733287021004e-05, -1.876175658757212e-05, 0.00014403597785912626, 9.38346752794294e-05, 5.710163021259489e-05], [-1.7483111433413659e-06, -1.0810150345973799e-05, 7.536804627017479e-07, 9.38346752794294e-05, 7.749190010618979e-05, 5.106184963525723e-05], [1.6508295123580106e-06, -2.1336264455545058e-06, 6.429641759537428e-06, 5.710163021259489e-05, 5.106184963525723e-05, 3.612258821808212e-05]]</COVARIANCE_MATRIX>
		<ROI_SIZE>441</ROI_SIZE>
		<MAX_VALUE>[0.10775072872638702, 0.10558798909187317, 0.09747771173715591, 0.07724066823720932, 0.05463488772511482, 0.03910951316356659]</MAX_VALUE>
		<MIN_VALUE>[0.08290497958660126, 0.06719937920570374, 0.04953700676560402, 0.02021130546927452, 0.0, 0.0019052675925195217]</MIN_VALUE>
		<SIGNATURE_THRESHOLD_MD>0</SIGNATURE_THRESHOLD_MD>
		<SIGNATURE_THRESHOLD_ML>0</SIGNATURE_THRESHOLD_ML>
		<SIGNATURE_THRESHOLD_SAM>0</SIGNATURE_THRESHOLD_SAM>
	</signature>
	<signature ID="20210512_170758341922_213">
		<MACROCLASSID>1</MACROCLASSID>
		<MACROCLASSINFO>waterbody</MACROCLASSINFO>
		<CLASSID>9</CLASSID>
		<CLASSINFO>C 1</CLASSINFO>
		<VALUES>[0.0894909607975379, 0.001888325635695348, 0.08172622182662938, 0.002632747251848964, 0.05904619460520538, 0.005600627977852444, 0.040410299853765944, 0.01798663034405986, 0.024094606177759888, 0.015323381338442705, 0.01698100214074973, 0.010382484668091569]</VALUES>
		<LCS_MIN>[0.08674126118421555, 0.0762365385890007, 0.0515967532992363, 0.0, 0.0, 0.0]</LCS_MIN>
		<LCS_MAX>[0.09559819102287292, 0.0905260518193245, 0.07654549926519394, 0.07543838769197464, 0.06029920652508736, 0.04454211890697479]</LCS_MAX>
		<WAVELENGTH>[0.48, 0.56, 0.655, 0.865, 1.61, 2.2]</WAVELENGTH>
		<MEAN_VALUE>[0.0894909607975379, 0.08172622182662938, 0.05904619460520538, 0.040410299853765944, 0.024094606177759888, 0.01698100214074973]</MEAN_VALUE>
		<CHECKBOX>2</CHECKBOX>
		<SD>[0.001888325635695348, 0.002632747251848964, 0.005600627977852444, 0.01798663034405986, 0.015323381338442705, 0.010382484668091569]</SD>
		<WAVELENGTH_UNIT>E-6m</WAVELENGTH_UNIT>
		<COLOR>#0831a8</COLOR>
		<COVARIANCE_MATRIX>[[3.6182115550481204e-06, 4.7949887118824636e-06, 1.0320111689691656e-05, 2.055302533028186e-05, 1.7583900450464223e-05, 1.3431774785516954e-05], [4.7949887118824636e-06, 7.033289828767069e-06, 1.3829026255888024e-05, 2.4703308090559697e-05, 2.1759110943755352e-05, 1.719220277790555e-05], [1.0320111689691656e-05, 1.3829026255888024e-05, 3.1828313654337455e-05, 7.137324177737588e-05, 6.187531358214879e-05, 4.6286789342514654e-05], [2.055302533028186e-05, 2.4703308090559697e-05, 7.137324177737588e-05, 0.0003282765015917058, 0.00025015860316821915, 0.00016129199917335423], [1.7583900450464223e-05, 2.1759110943755352e-05, 6.187531358214879e-05, 0.00025015860316821915, 0.00023825904528514794, 0.000157546220712014], [1.3431774785516954e-05, 1.719220277790555e-05, 4.6286789342514654e-05, 0.00016129199917335423, 0.000157546220712014, 0.00010938122299908525]]</COVARIANCE_MATRIX>
		<ROI_SIZE>69</ROI_SIZE>
		<MAX_VALUE>[0.09559819102287292, 0.0905260518193245, 0.07654549926519394, 0.07543838769197464, 0.06029920652508736, 0.04454211890697479]</MAX_VALUE>
		<MIN_VALUE>[0.08674126118421555, 0.0762365385890007, 0.0515967532992363, 0.0, 0.0, 0.0]</MIN_VALUE>
		<SIGNATURE_THRESHOLD_MD>0</SIGNATURE_THRESHOLD_MD>
		<SIGNATURE_THRESHOLD_ML>0</SIGNATURE_THRESHOLD_ML>
		<SIGNATURE_THRESHOLD_SAM>0</SIGNATURE_THRESHOLD_SAM>
	</signature>
	<signature ID="20210512_170813558027_528">
		<MACROCLASSID>1</MACROCLASSID>
		<MACROCLASSINFO>waterbody</MACROCLASSINFO>
		<CLASSID>10</CLASSID>
		<CLASSINFO>C 1</CLASSINFO>
		<VALUES>[0.08793966688893061, 0.001999813454837513, 0.07840395691719922, 0.003236003681018159, 0.05644279725172302, 0.00602331278670436, 0.05975712354887615, 0.031222653823290602, 0.036510958285494284, 0.022924816933332003, 0.022223774466494265, 0.014073268938012013]</VALUES>
		<LCS_MIN>[0.08565989881753922, 0.07415104657411575, 0.0485328771173954, 0.024459538981318474, 0.005252362694591284, 0.0020082511473447084]</LCS_MIN>
		<LCS_MAX>[0.09781243652105331, 0.09461982548236847, 0.08555690944194794, 0.14876551926136017, 0.09101525694131851, 0.07008303701877594]</LCS_MAX>
		<WAVELENGTH>[0.48, 0.56, 0.655, 0.865, 1.61, 2.2]</WAVELENGTH>
		<MEAN_VALUE>[0.08793966688893061, 0.07840395691719922, 0.05644279725172302, 0.05975712354887615, 0.036510958285494284, 0.022223774466494265]</MEAN_VALUE>
		<CHECKBOX>2</CHECKBOX>
		<SD>[0.001999813454837513, 0.003236003681018159, 0.00602331278670436, 0.031222653823290602, 0.022924816933332003, 0.014073268938012013]</SD>
		<WAVELENGTH_UNIT>E-6m</WAVELENGTH_UNIT>
		<COLOR>#cd4851</COLOR>
		<COVARIANCE_MATRIX>[[4.073314110707464e-06, 6.424542816264488e-06, 1.1535999852818462e-05, 2.3172130161831032e-05, 2.2436476027538595e-05, 1.7059600639599883e-05], [6.424542816264488e-06, 1.0665640561036477e-05, 1.809777823349191e-05, 3.271748504411929e-05, 3.266102902640575e-05, 2.5527763618123837e-05], [1.1535999852818462e-05, 1.809777823349191e-05, 3.695215427696654e-05, 0.00010982054709519964, 9.41307976252933e-05, 6.594928144341622e-05], [2.3172130161831032e-05, 3.271748504411929e-05, 0.00010982054709519964, 0.000992906965690692, 0.0006812829479459814, 0.0003937745172785984], [2.2436476027538595e-05, 3.266102902640575e-05, 9.41307976252933e-05, 0.0006812829479459814, 0.0005352795875643188, 0.00031935762751156526], [1.7059600639599883e-05, 2.5527763618123837e-05, 6.594928144341622e-05, 0.0003937745172785984, 0.00031935762751156526, 0.00020172461894608806]]</COVARIANCE_MATRIX>
		<ROI_SIZE>55</ROI_SIZE>
		<MAX_VALUE>[0.09781243652105331, 0.09461982548236847, 0.08555690944194794, 0.14876551926136017, 0.09101525694131851, 0.07008303701877594]</MAX_VALUE>
		<MIN_VALUE>[0.08565989881753922, 0.07415104657411575, 0.0485328771173954, 0.024459538981318474, 0.005252362694591284, 0.0020082511473447084]</MIN_VALUE>
		<SIGNATURE_THRESHOLD_MD>0</SIGNATURE_THRESHOLD_MD>
		<SIGNATURE_THRESHOLD_ML>0</SIGNATURE_THRESHOLD_ML>
		<SIGNATURE_THRESHOLD_SAM>0</SIGNATURE_THRESHOLD_SAM>
	</signature>
	<signature ID="20210512_170820096346_220">
		<MACROCLASSID>1</MACROCLASSID>
		<MACROCLASSINFO>waterbody</MACROCLASSINFO>
		<CLASSID>11</CLASSID>
		<CLASSINFO>C 1</CLASSINFO>
		<VALUES>[0.09944534639362239, 0.002752588642263085, 0.10126481257611887, 0.004984147925743596, 0.08575156430846878, 0.005101642169272648, 0.0385987209301675, 0.012356695235955353, 0.01274062504132547, 0.006641147019454086, 0.007223147122463815, 0.0034344872226199563]</VALUES>
		<LCS_MIN>[0.07783284038305283, 0.05808497592806816, 0.0397789403796196, 0.010530469007790089, 0.00023172018700279295, 0.0028836450073868036]</LCS_MIN>
		<LCS_MAX>[0.10432638227939606, 0.11022242903709412, 0.09516049176454544, 0.08215832710266113, 0.044233158230781555, 0.029299957677721977]</LCS_MAX>
		<WAVELENGTH>[0.48, 0.56, 0.655, 0.865, 1.61, 2.2]</WAVELENGTH>
		<MEAN_VALUE>[0.09944534639362239, 0.10126481257611887, 0.08575156430846878, 0.0385987209301675, 0.01274062504132547, 0.007223147122463815]</MEAN_VALUE>
		<CHECKBOX>2</CHECKBOX>
		<SD>[0.002752588642263085, 0.004984147925743596, 0.005101642169272648, 0.012356695235955353, 0.006641147019454086, 0.0034344872226199563]</SD>
		<WAVELENGTH_UNIT>E-6m</WAVELENGTH_UNIT>
		<COLOR>#b48cf8</COLOR>
		<COVARIANCE_MATRIX>[[7.59369444432891e-06, 1.2882175045850356e-05, 1.2860877069856267e-05, -1.5256789803326328e-05, -7.055127166412912e-06, -2.1821266816583927e-06], [1.2882175045850356e-05, 2.489730488695962e-05, 2.4193421594015975e-05, -2.7671726227845008e-05, -1.3491985807569235e-05, -4.888818372936416e-06], [1.2860877069856267e-05, 2.4193421594015975e-05, 2.6084978221115872e-05, -2.5077092162801375e-05, -1.1095983224940236e-05, -2.9326803832402274e-06], [-1.5256789803326328e-05, -2.7671726227845008e-05, -2.5077092162801375e-05, 0.00015302950086156208, 7.754853960601166e-05, 3.531698994152909e-05], [-7.055127166412912e-06, -1.3491985807569235e-05, -1.1095983224940236e-05, 7.754853960601166e-05, 4.420350226584734e-05, 2.1548318352396363e-05], [-2.1821266816583927e-06, -4.888818372936416e-06, -2.9326803832402274e-06, 3.531698994152909e-05, 2.1548318352396363e-05, 1.18220910784971e-05]]</COVARIANCE_MATRIX>
		<ROI_SIZE>448</ROI_SIZE>
		<MAX_VALUE>[0.10432638227939606, 0.11022242903709412, 0.09516049176454544, 0.08215832710266113, 0.044233158230781555, 0.029299957677721977]</MAX_VALUE>
		<MIN_VALUE>[0.07783284038305283, 0.05808497592806816, 0.0397789403796196, 0.010530469007790089, 0.00023172018700279295, 0.0028836450073868036]</MIN_VALUE>
		<SIGNATURE_THRESHOLD_MD>0</SIGNATURE_THRESHOLD_MD>
		<SIGNATURE_THRESHOLD_ML>0</SIGNATURE_THRESHOLD_ML>
		<SIGNATURE_THRESHOLD_SAM>0</SIGNATURE_THRESHOLD_SAM>
	</signature>
	<signature ID="20210512_170828933009_689">
		<MACROCLASSID>1</MACROCLASSID>
		<MACROCLASSINFO>waterbody</MACROCLASSINFO>
		<CLASSID>12</CLASSID>
		<CLASSINFO>C 1</CLASSINFO>
		<VALUES>[0.09575916581076004, 0.0018412316102887083, 0.09539935005536165, 0.0037539237470381966, 0.07312801001741212, 0.00451697333938189, 0.03396106376942726, 0.009852211222718397, 0.011336074230981007, 0.006310848282960571, 0.0061273943168628255, 0.0033273722670963592]</VALUES>
		<LCS_MIN>[0.08645804226398468, 0.0750521793961525, 0.05406845733523369, 0.019799353554844856, 0.005870283115655184, 0.0035015749745070934]</LCS_MIN>
		<LCS_MAX>[0.09951172024011612, 0.1022408977150917, 0.08560841530561447, 0.0798925906419754, 0.05757005140185356, 0.03627736493945122]</LCS_MAX>
		<WAVELENGTH>[0.48, 0.56, 0.655, 0.865, 1.61, 2.2]</WAVELENGTH>
		<MEAN_VALUE>[0.09575916581076004, 0.09539935005536165, 0.07312801001741212, 0.03396106376942726, 0.011336074230981007, 0.0061273943168628255]</MEAN_VALUE>
		<CHECKBOX>2</CHECKBOX>
		<SD>[0.0018412316102887083, 0.0037539237470381966, 0.00451697333938189, 0.009852211222718397, 0.006310848282960571, 0.0033273722670963592]</SD>
		<WAVELENGTH_UNIT>E-6m</WAVELENGTH_UNIT>
		<COLOR>#23411f</COLOR>
		<COVARIANCE_MATRIX>[[3.395414425035848e-06, 6.679458659603605e-06, 7.890140492120097e-06, -7.410902783210045e-06, -3.7416832685457763e-06, -1.4757962676494407e-06], [6.679458659603605e-06, 1.4113893566332025e-05, 1.6414498512977e-05, -1.3752377097725184e-05, -6.7133431293905845e-06, -2.4356762040428627e-06], [7.890140492120097e-06, 1.6414498512977e-05, 2.043482859751628e-05, -1.0932952723576837e-05, -4.36232713679479e-06, -1.0791511016421646e-06], [-7.410902783210045e-06, -1.3752377097725184e-05, -1.0932952723576837e-05, 9.721725922624372e-05, 5.8417591736198235e-05, 2.911607510694129e-05], [-3.7416832685457763e-06, -6.7133431293905845e-06, -4.36232713679479e-06, 5.8417591736198235e-05, 3.9888841573989616e-05, 2.0331551702899252e-05], [-1.4757962676494407e-06, -2.4356762040428627e-06, -1.0791511016421646e-06, 2.911607510694129e-05, 2.0331551702899252e-05, 1.1088651384844843e-05]]</COVARIANCE_MATRIX>
		<ROI_SIZE>643</ROI_SIZE>
		<MAX_VALUE>[0.09951172024011612, 0.1022408977150917, 0.08560841530561447, 0.0798925906419754, 0.05757005140185356, 0.03627736493945122]</MAX_VALUE>
		<MIN_VALUE>[0.08645804226398468, 0.0750521793961525, 0.05406845733523369, 0.019799353554844856, 0.005870283115655184, 0.0035015749745070934]</MIN_VALUE>
		<SIGNATURE_THRESHOLD_MD>0</SIGNATURE_THRESHOLD_MD>
		<SIGNATURE_THRESHOLD_ML>0</SIGNATURE_THRESHOLD_ML>
		<SIGNATURE_THRESHOLD_SAM>0</SIGNATURE_THRESHOLD_SAM>
	</signature>
	<signature ID="20210512_170836280448_697">
		<MACROCLASSID>1</MACROCLASSID>
		<MACROCLASSINFO>waterbody</MACROCLASSINFO>
		<CLASSID>13</CLASSID>
		<CLASSINFO>C 1</CLASSINFO>
		<VALUES>[0.09179039634316909, 0.002184932048230723, 0.07603519824597076, 0.0037837012975686654, 0.05248752548191601, 0.0038636554651126026, 0.047689197278273254, 0.013942207990680695, 0.02313010869180306, 0.009918051699355243, 0.014071090029485487, 0.006054660318610688]</VALUES>
		<LCS_MIN>[0.08223555237054825, 0.05896037071943283, 0.03983042389154434, 0.023429663851857185, 0.010581965558230877, 0.007080390118062496]</LCS_MIN>
		<LCS_MAX>[0.10262710601091385, 0.09111824631690979, 0.07919742166996002, 0.09487728029489517, 0.0700315311551094, 0.04534026235342026]</LCS_MAX>
		<WAVELENGTH>[0.48, 0.56, 0.655, 0.865, 1.61, 2.2]</WAVELENGTH>
		<MEAN_VALUE>[0.09179039634316909, 0.07603519824597076, 0.05248752548191601, 0.047689197278273254, 0.02313010869180306, 0.014071090029485487]</MEAN_VALUE>
		<CHECKBOX>2</CHECKBOX>
		<SD>[0.002184932048230723, 0.0037837012975686654, 0.0038636554651126026, 0.013942207990680695, 0.009918051699355243, 0.006054660318610688]</SD>
		<WAVELENGTH_UNIT>E-6m</WAVELENGTH_UNIT>
		<COLOR>#7b9be0</COLOR>
		<COVARIANCE_MATRIX>[[4.782130680910415e-06, 6.952750714659247e-06, 6.523447413621526e-06, 1.8968568433852798e-06, 3.74476966104662e-06, 3.879058831468919e-06], [6.952750714659247e-06, 1.4340994126936282e-05, 9.427249977013808e-06, -2.537520932729828e-06, 1.8660894749665247e-06, 3.6173887040454835e-06], [6.523447413621526e-06, 9.427249977013808e-06, 1.4953482751639308e-05, 2.3384061735972408e-05, 2.1235137368935758e-05, 1.5534170768135036e-05], [1.8968568433852798e-06, -2.537520932729828e-06, 2.3384061735972408e-05, 0.00019471915878195643, 0.0001270592596144736, 7.191978338211425e-05], [3.74476966104662e-06, 1.8660894749665247e-06, 2.1235137368935758e-05, 0.0001270592596144736, 9.853676626282077e-05, 5.805261495785853e-05], [3.879058831468919e-06, 3.6173887040454835e-06, 1.5534170768135036e-05, 7.191978338211425e-05, 5.805261495785853e-05, 3.672189939433232e-05]]</COVARIANCE_MATRIX>
		<ROI_SIZE>583</ROI_SIZE>
		<MAX_VALUE>[0.10262710601091385, 0.09111824631690979, 0.07919742166996002, 0.09487728029489517, 0.0700315311551094, 0.04534026235342026]</MAX_VALUE>
		<MIN_VALUE>[0.08223555237054825, 0.05896037071943283, 0.03983042389154434, 0.023429663851857185, 0.010581965558230877, 0.007080390118062496]</MIN_VALUE>
		<SIGNATURE_THRESHOLD_MD>0</SIGNATURE_THRESHOLD_MD>
		<SIGNATURE_THRESHOLD_ML>0</SIGNATURE_THRESHOLD_ML>
		<SIGNATURE_THRESHOLD_SAM>0</SIGNATURE_THRESHOLD_SAM>
	</signature>
	<signature ID="20210512_170842550094_216">
		<MACROCLASSID>1</MACROCLASSID>
		<MACROCLASSINFO>waterbody</MACROCLASSINFO>
		<CLASSID>14</CLASSID>
		<CLASSINFO>C 1</CLASSINFO>
		<VALUES>[0.09385650691886743, 0.0026807612940777915, 0.07938074701776106, 0.004266617193007181, 0.053708178773522394, 0.004630949146129176, 0.05779017685602105, 0.01342650183450664, 0.028740132451057436, 0.008934848663134003, 0.017342499031995733, 0.00570742750070456]</VALUES>
		<LCS_MIN>[0.0836258977651596, 0.061483558267354965, 0.0395214669406414, 0.03903228044509888, 0.019104182720184326, 0.011174142360687256]</LCS_MIN>
		<LCS_MAX>[0.10188044607639313, 0.09163317829370499, 0.0719883069396019, 0.1030132919549942, 0.06302838027477264, 0.044207412749528885]</LCS_MAX>
		<WAVELENGTH>[0.48, 0.56, 0.655, 0.865, 1.61, 2.2]</WAVELENGTH>
		<MEAN_VALUE>[0.09385650691886743, 0.07938074701776106, 0.053708178773522394, 0.05779017685602105, 0.028740132451057436, 0.017342499031995733]</MEAN_VALUE>
		<CHECKBOX>2</CHECKBOX>
		<SD>[0.0026807612940777915, 0.004266617193007181, 0.004630949146129176, 0.01342650183450664, 0.008934848663134003, 0.00570742750070456]</SD>
		<WAVELENGTH_UNIT>E-6m</WAVELENGTH_UNIT>
		<COLOR>#7cd581</COLOR>
		<COVARIANCE_MATRIX>[[7.648134055480467e-06, 1.1486460709449304e-05, 1.0208769025870036e-05, -6.116002915081689e-06, 1.1552214086040329e-06, 2.931717485888946e-06], [1.1486460709449304e-05, 2.1403978533826886e-05, 1.5617301355393557e-05, -1.704483426526957e-05, -2.575580058968935e-06, 1.714339792262285e-06], [1.0208769025870036e-05, 1.5617301355393557e-05, 1.868048132257249e-05, 4.673187690700171e-06, 1.1842993645652484e-05, 1.0964864636349941e-05], [-6.116002915081689e-06, -1.704483426526957e-05, 4.673187690700171e-06, 0.00016074281238726088, 9.244522058467925e-05, 5.042182899119388e-05], [1.1552214086040329e-06, -2.575580058968935e-06, 1.1842993645652484e-05, 9.244522058467925e-05, 6.428879097089079e-05, 3.783395855817762e-05], [2.931717485888946e-06, 1.714339792262285e-06, 1.0964864636349941e-05, 5.042182899119388e-05, 3.783395855817762e-05, 2.4205743949558688e-05]]</COVARIANCE_MATRIX>
		<ROI_SIZE>567</ROI_SIZE>
		<MAX_VALUE>[0.10188044607639313, 0.09163317829370499, 0.0719883069396019, 0.1030132919549942, 0.06302838027477264, 0.044207412749528885]</MAX_VALUE>
		<MIN_VALUE>[0.0836258977651596, 0.061483558267354965, 0.0395214669406414, 0.03903228044509888, 0.019104182720184326, 0.011174142360687256]</MIN_VALUE>
		<SIGNATURE_THRESHOLD_MD>0</SIGNATURE_THRESHOLD_MD>
		<SIGNATURE_THRESHOLD_ML>0</SIGNATURE_THRESHOLD_ML>
		<SIGNATURE_THRESHOLD_SAM>0</SIGNATURE_THRESHOLD_SAM>
	</signature>
	<signature ID="20210512_170848762088_636">
		<MACROCLASSID>1</MACROCLASSID>
		<MACROCLASSINFO>waterbody</MACROCLASSINFO>
		<CLASSID>15</CLASSID>
		<CLASSINFO>C 1</CLASSINFO>
		<VALUES>[0.10069809623199742, 0.002602666405759085, 0.09590269811451438, 0.004281158401390558, 0.09084051236098897, 0.005713272516561288, 0.06490739174415727, 0.011518494423734876, 0.03151513610686538, 0.011990998430055376, 0.020629650868898227, 0.009498186941541913]</VALUES>
		<LCS_MIN>[0.08419232815504074, 0.060093238949775696, 0.043537985533475876, 0.04294580966234207, 0.014135036617517471, 0.011096902191638947]</LCS_MIN>
		<LCS_MAX>[0.11089185625314713, 0.10880634933710098, 0.10834290832281113, 0.11264264583587646, 0.07613354176282883, 0.06140632927417755]</LCS_MAX>
		<WAVELENGTH>[0.48, 0.56, 0.655, 0.865, 1.61, 2.2]</WAVELENGTH>
		<MEAN_VALUE>[0.10069809623199742, 0.09590269811451438, 0.09084051236098897, 0.06490739174415727, 0.03151513610686538, 0.020629650868898227]</MEAN_VALUE>
		<CHECKBOX>2</CHECKBOX>
		<SD>[0.002602666405759085, 0.004281158401390558, 0.005713272516561288, 0.011518494423734876, 0.011990998430055376, 0.009498186941541913]</SD>
		<WAVELENGTH_UNIT>E-6m</WAVELENGTH_UNIT>
		<COLOR>#a4ba22</COLOR>
		<COVARIANCE_MATRIX>[[6.784277753644912e-06, 1.00853697241868e-05, 1.3634393743455077e-05, 1.4304602496973802e-05, 1.7489930661451815e-05, 1.4545830839354559e-05], [1.00853697241868e-05, 1.8356471354967077e-05, 2.3639947803606983e-05, 1.0044359618995035e-05, 1.4729832110916893e-05, 1.3945787753316872e-05], [1.3634393743455077e-05, 2.3639947803606983e-05, 3.2691623375143486e-05, 1.4598901974592622e-05, 2.152706966506172e-05, 1.927472165481544e-05], [1.4304602496973802e-05, 1.0044359618995035e-05, 1.4598901974592622e-05, 0.00013287951672938048, 0.00012710938233707612, 9.844831403051518e-05], [1.7489930661451815e-05, 1.4729832110916893e-05, 2.152706966506172e-05, 0.00012710938233707612, 0.00014400490977562673, 0.0001088650609883022], [1.4545830839354559e-05, 1.3945787753316872e-05, 1.927472165481544e-05, 9.844831403051518e-05, 0.0001088650609883022, 9.035413513834601e-05]]</COVARIANCE_MATRIX>
		<ROI_SIZE>652</ROI_SIZE>
		<MAX_VALUE>[0.11089185625314713, 0.10880634933710098, 0.10834290832281113, 0.11264264583587646, 0.07613354176282883, 0.06140632927417755]</MAX_VALUE>
		<MIN_VALUE>[0.08419232815504074, 0.060093238949775696, 0.043537985533475876, 0.04294580966234207, 0.014135036617517471, 0.011096902191638947]</MIN_VALUE>
		<SIGNATURE_THRESHOLD_MD>0</SIGNATURE_THRESHOLD_MD>
		<SIGNATURE_THRESHOLD_ML>0</SIGNATURE_THRESHOLD_ML>
		<SIGNATURE_THRESHOLD_SAM>0</SIGNATURE_THRESHOLD_SAM>
	</signature>
	<signature ID="20210512_170857309013_251">
		<MACROCLASSID>1</MACROCLASSID>
		<MACROCLASSINFO>waterbody</MACROCLASSINFO>
		<CLASSID>16</CLASSID>
		<CLASSINFO>C 1</CLASSINFO>
		<VALUES>[0.10783998469195803, 0.0024878917378558774, 0.10417463408934122, 0.005124033669184466, 0.08691926520844916, 0.011809380618052746, 0.04973398136280009, 0.006728942450503411, 0.02108819201730772, 0.0034375705336252347, 0.013291038863733992, 0.0019748980270059566]</VALUES>
