<?xml version="1.0" ?>
<signaturelist MCID_LIST="[['1', 'waterbody', '#0000ff'], ['2', 'vegetation', '#55ff00'], ['3', 'bareland', '#ffaa00'], ['4', 'built-up', '#ff0000']]">
	<signature ID="20210427_114749790623_319">
		<MACROCLASSID>1</MACROCLASSID>
		<MACROCLASSINFO>waterbody</MACROCLASSINFO>
		<CLASSID>1</CLASSID>
		<CLASSINFO>C 1</CLASSINFO>
		<VALUES>[0.09687962386188904, 0.0021151257973410055, 0.06885355719444095, 0.0038725466400426063, 0.03790981084613475, 0.002188580772010123, 0.025453526885012023, 0.0018898985712094288, 0.008499773792859355, 0.001967874272605686, 0.006125623158779064, 0.0023296059155197726]</VALUES>
		<LCS_MIN>[0.09072118252515793, 0.061818137764930725, 0.031026575714349747, 0.01722729578614235, 0.0, 0.0]</LCS_MIN>
		<LCS_MAX>[0.10503135621547699, 0.07879175990819931, 0.04669744893908501, 0.03028744086623192, 0.014558465220034122, 0.01724267192184925]</LCS_MAX>
		<WAVELENGTH>[0.485, 0.56, 0.66, 0.83, 1.65, 2.215]</WAVELENGTH>
		<MEAN_VALUE>[0.09687962386188904, 0.06885355719444095, 0.03790981084613475, 0.025453526885012023, 0.008499773792859355, 0.006125623158779064]</MEAN_VALUE>
		<CHECKBOX>2</CHECKBOX>
		<SD>[0.0021151257973410055, 0.0038725466400426063, 0.002188580772010123, 0.0018898985712094288, 0.001967874272605686, 0.0023296059155197726]</SD>
		<WAVELENGTH_UNIT>E-6m</WAVELENGTH_UNIT>
		<COLOR>#806a2c</COLOR>
		<COVARIANCE_MATRIX>[[4.368947862534418e-06, 5.494460415835509e-06, 2.27397211099577e-06, 1.8595442597430644e-06, 1.1867717202185963e-06, 6.755760033449994e-07], [5.494460415835509e-06, 1.5022794906107435e-05, 4.631993705684179e-06, 4.163570440831813e-06, 2.624115531248433e-06, 1.3398376463603893e-06], [2.27397211099577e-06, 4.631993705684179e-06, 4.839903192036699e-06, 1.5312958818310372e-06, 1.1326165004895263e-06, 4.416771962502401e-07], [1.8595442597430644e-06, 4.163570440831813e-06, 1.5312958818310372e-06, 3.6147354862892377e-06, 1.129265716201598e-06, 6.7230500810773e-07], [1.1867717202185963e-06, 2.624115531248433e-06, 1.1326165004895263e-06, 1.129265716201598e-06, 3.7335680059228716e-06, 4.764825461283644e-07], [6.755760033449994e-07, 1.3398376463603893e-06, 4.416771962502401e-07, 6.7230500810773e-07, 4.764825461283644e-07, 5.420886069293833e-06]]</COVARIANCE_MATRIX>
		<ROI_SIZE>10027</ROI_SIZE>
		<MAX_VALUE>[0.10503135621547699, 0.07879175990819931, 0.04669744893908501, 0.03028744086623192, 0.014558465220034122, 0.01724267192184925]</MAX_VALUE>
		<MIN_VALUE>[0.09072118252515793, 0.061818137764930725, 0.031026575714349747, 0.01722729578614235, 0.0, 0.0]</MIN_VALUE>
		<SIGNATURE_THRESHOLD_MD>0</SIGNATURE_THRESHOLD_MD>
		<SIGNATURE_THRESHOLD_ML>0</SIGNATURE_THRESHOLD_ML>
		<SIGNATURE_THRESHOLD_SAM>0</SIGNATURE_THRESHOLD_SAM>
	</signature>
	<signature ID="20210427_114801736079_180">
		<MACROCLASSID>1</MACROCLASSID>
		<MACROCLASSINFO>waterbody</MACROCLASSINFO>
		<CLASSID>2</CLASSID>
		<CLASSINFO>C 1</CLASSINFO>
		<VALUES>[0.12270154133605005, 0.0021849138011822747, 0.1356792533472897, 0.004281187154759169, 0.15241281885125493, 0.00433921034811299, 0.11625460430194291, 0.0062347338332225215, 0.024485369766049474, 0.005918619744832814, 0.01572093551421197, 0.005260828175577866]</VALUES>
		<LCS_MIN>[0.11543875932693481, 0.12122584879398346, 0.125051811337471, 0.098853200674057, 0.014558465220034122, 0.005167380906641483]</LCS_MIN>
		<LCS_MAX>[0.12974894046783447, 0.14951521158218384, 0.16422899067401886, 0.1380336433649063, 0.0523964986205101, 0.038374435156583786]</LCS_MAX>
		<WAVELENGTH>[0.485, 0.56, 0.66, 0.83, 1.65, 2.215]</WAVELENGTH>
		<MEAN_VALUE>[0.12270154133605005, 0.1356792533472897, 0.15241281885125493, 0.11625460430194291, 0.024485369766049474, 0.01572093551421197]</MEAN_VALUE>
		<CHECKBOX>2</CHECKBOX>
		<SD>[0.0021849138011822747, 0.004281187154759169, 0.00433921034811299, 0.0062347338332225215, 0.005918619744832814, 0.005260828175577866]</SD>
		<WAVELENGTH_UNIT>E-6m</WAVELENGTH_UNIT>
		<COLOR>#f3578f</COLOR>
		<COVARIANCE_MATRIX>[[4.777395011255451e-06, 5.961487823972767e-06, 4.5222309657576295e-06, -7.086940199702437e-06, -4.064291059271198e-07, -1.555000425497082e-07], [5.961487823972767e-06, 1.8342180514590365e-05, 1.277395200779096e-05, -1.8064560888844147e-05, -3.919663361928915e-06, -3.3430595664815775e-06], [4.5222309657576295e-06, 1.277395200779096e-05, 1.8842735112663663e-05, -1.2273794699779386e-05, -9.73257130371123e-06, -7.134111849565268e-06], [-7.086940199702437e-06, -1.8064560888844147e-05, -1.2273794699779386e-05, 3.890078554465937e-05, 7.507387627326705e-06, 6.559910000563694e-06], [-4.064291059271198e-07, -3.919663361928915e-06, -9.73257130371123e-06, 7.507387627326705e-06, 3.505608498829633e-05, 2.4018614524849155e-05], [-1.555000425497082e-07, -3.3430595664815775e-06, -7.134111849565268e-06, 6.559910000563694e-06, 2.4018614524849155e-05, 2.769687498975408e-05]]</COVARIANCE_MATRIX>
		<ROI_SIZE>1347</ROI_SIZE>
		<MAX_VALUE>[0.12974894046783447, 0.14951521158218384, 0.16422899067401886, 0.1380336433649063, 0.0523964986205101, 0.038374435156583786]</MAX_VALUE>
		<MIN_VALUE>[0.11543875932693481, 0.12122584879398346, 0.125051811337471, 0.098853200674057, 0.014558465220034122, 0.005167380906641483]</MIN_VALUE>
		<SIGNATURE_THRESHOLD_MD>0</SIGNATURE_THRESHOLD_MD>
		<SIGNATURE_THRESHOLD_ML>0</SIGNATURE_THRESHOLD_ML>
		<SIGNATURE_THRESHOLD_SAM>0</SIGNATURE_THRESHOLD_SAM>
	</signature>
	<signature ID="20210427_114809358043_561">
		<MACROCLASSID>1</MACROCLASSID>
		<MACROCLASSINFO>waterbody</MACROCLASSINFO>
		<CLASSID>3</CLASSID>
		<CLASSINFO>C 1</CLASSINFO>
		<VALUES>[0.12260394806106556, 0.0021046051237143763, 0.13716056188889625, 0.0041142650299990325, 0.156125618054949, 0.004275714691238702, 0.12110329258801605, 0.006737286872848694, 0.02277663970157374, 0.005590189829286491, 0.014335755164060628, 0.0048559141273898775]</VALUES>
		<LCS_MIN>[0.1167396828532219, 0.12405477464199066, 0.13549906015396118, 0.098853200674057, 0.014558465220034122, 0.005167380906641483]</LCS_MIN>
		<LCS_MAX>[0.12974894046783447, 0.15234415233135223, 0.16945262253284454, 0.15109378099441528, 0.04819227755069733, 0.038374435156583786]</LCS_MAX>
		<WAVELENGTH>[0.485, 0.56, 0.66, 0.83, 1.65, 2.215]</WAVELENGTH>
		<MEAN_VALUE>[0.12260394806106556, 0.13716056188889625, 0.156125618054949, 0.12110329258801605, 0.02277663970157374, 0.014335755164060628]</MEAN_VALUE>
		<CHECKBOX>2</CHECKBOX>
		<SD>[0.0021046051237143763, 0.0041142650299990325, 0.004275714691238702, 0.006737286872848694, 0.005590189829286491, 0.0048559141273898775]</SD>
		<WAVELENGTH_UNIT>E-6m</WAVELENGTH_UNIT>
		<COLOR>#ba9584</COLOR>
		<COVARIANCE_MATRIX>[[3.8895769098409334e-06, 3.996311984820322e-06, 3.817298540792941e-06, -4.880108316914709e-06, -8.840913926930157e-07, -6.042192032954633e-07], [3.996311984820322e-06, 1.4454307824853951e-05, 1.0989996956634193e-05, -1.6439241526748935e-05, -5.00891260461212e-06, -3.6642087522838454e-06], [3.817298540792941e-06, 1.0989996956634193e-05, 1.530026640929103e-05, -1.7419057253718866e-05, -8.959770599860527e-06, -6.540059595800568e-06], [-4.880108316914709e-06, -1.6439241526748935e-05, -1.7419057253718866e-05, 4.2637339583338214e-05, 1.481155509078698e-05, 1.0549391101681646e-05], [-8.840913926930157e-07, -5.00891260461212e-06, -8.959770599860527e-06, 1.481155509078698e-05, 2.9535022777749397e-05, 1.8693673294444194e-05], [-6.042192032954633e-07, -3.6642087522838454e-06, -6.540059595800568e-06, 1.0549391101681646e-05, 1.8693673294444194e-05, 2.2016629938124335e-05]]</COVARIANCE_MATRIX>
		<ROI_SIZE>2107</ROI_SIZE>
		<MAX_VALUE>[0.12974894046783447, 0.15234415233135223, 0.16945262253284454, 0.15109378099441528, 0.04819227755069733, 0.038374435156583786]</MAX_VALUE>
		<MIN_VALUE>[0.1167396828532219, 0.12405477464199066, 0.13549906015396118, 0.098853200674057, 0.014558465220034122, 0.005167380906641483]</MIN_VALUE>
		<SIGNATURE_THRESHOLD_MD>0</SIGNATURE_THRESHOLD_MD>
		<SIGNATURE_THRESHOLD_ML>0</SIGNATURE_THRESHOLD_ML>
		<SIGNATURE_THRESHOLD_SAM>0</SIGNATURE_THRESHOLD_SAM>
	</signature>
	<signature ID="20210427_114814944167_184">
		<MACROCLASSID>1</MACROCLASSID>
		<MACROCLASSINFO>waterbody</MACROCLASSINFO>
		<CLASSID>4</CLASSID>
		<CLASSINFO>C 1</CLASSINFO>
		<VALUES>[0.10749431322313396, 0.002852923305416324, 0.08220282703662671, 0.0048842604276523646, 0.05327223323642137, 0.003427983174756404, 0.037433882567281626, 0.0020106205282932176, 0.01773244783669559, 0.001940196982191124, 0.012883313975017182, 0.0027090232820444755]</VALUES>
		<LCS_MIN>[0.0985267236828804, 0.07313388586044312, 0.04408563673496246, 0.03028744086623192, 0.0103542385622859, 0.005167380906641483]</LCS_MIN>
		<LCS_MAX>[0.1167396828532219, 0.09576538950204849, 0.06498013436794281, 0.04334758222103119, 0.027171142399311066, 0.023280318826436996]</LCS_MAX>
		<WAVELENGTH>[0.485, 0.56, 0.66, 0.83, 1.65, 2.215]</WAVELENGTH>
		<MEAN_VALUE>[0.10749431322313396, 0.08220282703662671, 0.05327223323642137, 0.037433882567281626, 0.01773244783669559, 0.012883313975017182]</MEAN_VALUE>
		<CHECKBOX>2</CHECKBOX>
		<SD>[0.002852923305416324, 0.0048842604276523646, 0.003427983174756404, 0.0020106205282932176, 0.001940196982191124, 0.0027090232820444755]</SD>
		<WAVELENGTH_UNIT>E-6m</WAVELENGTH_UNIT>
		<COLOR>#856f11</COLOR>
		<COVARIANCE_MATRIX>[[7.039616690021756e-06, 8.99800009347615e-06, 6.069036000634698e-06, 2.365309760950522e-06, 1.2110048270582392e-06, 1.01291524520855e-06], [8.99800009347615e-06, 1.9724860903425147e-05, 1.0818210366639668e-05, 3.5617389872728947e-06, 1.4087728764055963e-06, 1.1492594569503249e-06], [6.069036000634698e-06, 1.0818210366639668e-05, 9.746902137089449e-06, 2.8554766804967727e-06, 1.4244491738141992e-06, 1.0918385562460033e-06], [2.365309760950522e-06, 3.5617389872728947e-06, 2.8554766804967727e-06, 3.815473860786164e-06, 1.230563634816347e-06, 1.0032330294632733e-06], [1.2110048270582392e-06, 1.4087728764055963e-06, 1.4244491738141992e-06, 1.230563634816347e-06, 3.6269592742963866e-06, 7.192268954028827e-07], [1.01291524520855e-06, 1.1492594569503249e-06, 1.0918385562460033e-06, 1.0032330294632733e-06, 7.192268954028827e-07, 7.244144554571186e-06]]</COVARIANCE_MATRIX>
		<ROI_SIZE>10201</ROI_SIZE>
		<MAX_VALUE>[0.1167396828532219, 0.09576538950204849, 0.06498013436794281, 0.04334758222103119, 0.027171142399311066, 0.023280318826436996]</MAX_VALUE>
		<MIN_VALUE>[0.0985267236828804, 0.07313388586044312, 0.04408563673496246, 0.03028744086623192, 0.0103542385622859, 0.005167380906641483]</MIN_VALUE>
		<SIGNATURE_THRESHOLD_MD>0</SIGNATURE_THRESHOLD_MD>
		<SIGNATURE_THRESHOLD_ML>0</SIGNATURE_THRESHOLD_ML>
		<SIGNATURE_THRESHOLD_SAM>0</SIGNATURE_THRESHOLD_SAM>
	</signature>
	<signature ID="20210427_114820820521_663">
		<MACROCLASSID>1</MACROCLASSID>
		<MACROCLASSINFO>waterbody</MACROCLASSINFO>
		<CLASSID>5</CLASSID>
		<CLASSINFO>C 1</CLASSINFO>
		<VALUES>[0.13305909843830677, 0.0022105741514821626, 0.1407570971267208, 0.003243398513534769, 0.13869142036635704, 0.005056602225513525, 0.07944890385220099, 0.006236222781133605, 0.0273527941219025, 0.004044764781582666, 0.018908905674825314, 0.0035375344332906067]</VALUES>
		<LCS_MIN>[0.12584617733955383, 0.12688373029232025, 0.125051811337471, 0.06946787238121033, 0.01876269094645977, 0.008186204358935356]</LCS_MIN>
		<LCS_MAX>[0.145360067486763, 0.15234415233135223, 0.1537817418575287, 0.10864830017089844, 0.05660073086619377, 0.041393257677555084]</LCS_MAX>
		<WAVELENGTH>[0.485, 0.56, 0.66, 0.83, 1.65, 2.215]</WAVELENGTH>
		<MEAN_VALUE>[0.13305909843830677, 0.1407570971267208, 0.13869142036635704, 0.07944890385220099, 0.0273527941219025, 0.018908905674825314]</MEAN_VALUE>
		<CHECKBOX>2</CHECKBOX>
		<SD>[0.0022105741514821626, 0.003243398513534769, 0.005056602225513525, 0.006236222781133605, 0.004044764781582666, 0.0035375344332906067]</SD>
		<WAVELENGTH_UNIT>E-6m</WAVELENGTH_UNIT>
		<COLOR>#0adf7e</COLOR>
		<COVARIANCE_MATRIX>[[5.0932231608304395e-06, 3.682918439979561e-06, 1.7918576786391852e-06, -2.0549329401269208e-06, 2.743579869940204e-07, 4.745208317462504e-07], [3.682918439979561e-06, 1.0594170545900445e-05, 6.827700870226831e-06, -3.860014582439488e-06, -2.724159647019992e-06, -1.649519602520152e-06], [1.7918576786391852e-06, 6.827700870226831e-06, 2.2695061516757988e-05, 1.198473610200236e-05, 4.139517942890096e-07, 4.196598595820824e-08], [-2.0549329401269208e-06, -3.860014582439488e-06, 1.198473610200236e-05, 3.9226017614942274e-05, 1.6951544380764277e-05, 1.0429420379531532e-05], [2.743579869940204e-07, -2.724159647019992e-06, 4.139517942890096e-07, 1.6951544380764277e-05, 1.797467527215225e-05, 9.193336196615645e-06], [4.745208317462504e-07, -1.649519602520152e-06, 4.196598595820824e-08, 1.0429420379531532e-05, 9.193336196615645e-06, 1.3190589712244386e-05]]</COVARIANCE_MATRIX>
		<ROI_SIZE>3591</ROI_SIZE>
		<MAX_VALUE>[0.145360067486763, 0.15234415233135223, 0.1537817418575287, 0.10864830017089844, 0.05660073086619377, 0.041393257677555084]</MAX_VALUE>
		<MIN_VALUE>[0.12584617733955383, 0.12688373029232025, 0.125051811337471, 0.06946787238121033, 0.01876269094645977, 0.008186204358935356]</MIN_VALUE>
		<SIGNATURE_THRESHOLD_MD>0</SIGNATURE_THRESHOLD_MD>
		<SIGNATURE_THRESHOLD_ML>0</SIGNATURE_THRESHOLD_ML>
		<SIGNATURE_THRESHOLD_SAM>0</SIGNATURE_THRESHOLD_SAM>
	</signature>
	<signature ID="20210427_114829041817_683">
		<MACROCLASSID>1</MACROCLASSID>
		<MACROCLASSINFO>waterbody</MACROCLASSINFO>
		<CLASSID>6</CLASSID>
		<CLASSINFO>C 1</CLASSINFO>
		<VALUES>[0.13199331248357024, 0.0022223092424513, 0.13787898893474007, 0.0037288307526600326, 0.1324915551225418, 0.006969805434604341, 0.06859888095710359, 0.0073105690714141604, 0.020376096425783065, 0.003680016106007016, 0.013561852064468388, 0.0035737188823767195]</VALUES>
		<LCS_MIN>[0.12064246088266373, 0.11556795984506607, 0.1067691296339035, 0.053142696619033813, 0.012456351891160011, 0.005167380906641483]</LCS_MIN>
		<LCS_MAX>[0.14926283061504364, 0.14951521158218384, 0.1485581248998642, 0.098853200674057, 0.04819227755069733, 0.038374435156583786]</LCS_MAX>
		<WAVELENGTH>[0.485, 0.56, 0.66, 0.83, 1.65, 2.215]</WAVELENGTH>
		<MEAN_VALUE>[0.13199331248357024, 0.13787898893474007, 0.1324915551225418, 0.06859888095710359, 0.020376096425783065, 0.013561852064468388]</MEAN_VALUE>
		<CHECKBOX>2</CHECKBOX>
		<SD>[0.0022223092424513, 0.0037288307526600326, 0.006969805434604341, 0.0073105690714141604, 0.003680016106007016, 0.0035737188823767195]</SD>
		<WAVELENGTH_UNIT>E-6m</WAVELENGTH_UNIT>
		<COLOR>#5493cc</COLOR>
		<COVARIANCE_MATRIX>[[4.656762365891773e-06, 3.4325433251389275e-06, 2.2108946963320874e-06, -1.983339442484238e-06, 9.992004140938927e-07, 1.0265733360851671e-06], [3.4325433251389275e-06, 1.218341263918648e-05, 1.195977692039041e-05, -3.022208147596769e-06, -6.94261951960139e-07, -9.089171728844231e-08], [2.2108946963320874e-06, 1.195977692039041e-05, 4.233339812497953e-05, 2.1771597849637762e-05, 1.6199565502195879e-06, 1.4509990424822214e-06], [-1.983339442484238e-06, -3.022208147596769e-06, 2.1771597849637762e-05, 5.437579890848685e-05, 1.3796203987520492e-05, 9.202182528319109e-06], [9.992004140938927e-07, -6.94261951960139e-07, 1.6199565502195879e-06, 1.3796203987520492e-05, 1.2102244163991285e-05, 6.623286511800834e-06], [1.0265733360851671e-06, -9.089171728844231e-08, 1.4509990424822214e-06, 9.202182528319109e-06, 6.623286511800834e-06, 1.1463037534516253e-05]]</COVARIANCE_MATRIX>
		<ROI_SIZE>3904</ROI_SIZE>
		<MAX_VALUE>[0.14926283061504364, 0.14951521158218384, 0.1485581248998642, 0.098853200674057, 0.04819227755069733, 0.038374435156583786]</MAX_VALUE>
		<MIN_VALUE>[0.12064246088266373, 0.11556795984506607, 0.1067691296339035, 0.053142696619033813, 0.012456351891160011, 0.005167380906641483]</MIN_VALUE>
		<SIGNATURE_THRESHOLD_MD>0</SIGNATURE_THRESHOLD_MD>
		<SIGNATURE_THRESHOLD_ML>0</SIGNATURE_THRESHOLD_ML>
		<SIGNATURE_THRESHOLD_SAM>0</SIGNATURE_THRESHOLD_SAM>
	</signature>
	<signature ID="20210427_114837113735_697">
		<MACROCLASSID>1</MACROCLASSID>
		<MACROCLASSINFO>waterbody</MACROCLASSINFO>
		<CLASSID>7</CLASSID>
		<CLASSINFO>C 1</CLASSINFO>
		<VALUES>[0.12118568872479162, 0.004358451438203431, 0.11668424388846828, 0.008477114877395274, 0.08642522778261354, 0.008856623232922902, 0.07121952153943678, 0.007967005630556271, 0.025313329442429353, 0.004256458563021055, 0.015337551001308335, 0.003610131740278669]</VALUES>
		<LCS_MIN>[0.10763319581747055, 0.0929364413022995, 0.06498013436794281, 0.053142696619033813, 0.016660578548908234, 0.008186204358935356]</LCS_MIN>
		<LCS_MAX>[0.13235080242156982, 0.13254159688949585, 0.1067691296339035, 0.098853200674057, 0.04819227755069733, 0.02931796759366989]</LCS_MAX>
		<WAVELENGTH>[0.485, 0.56, 0.66, 0.83, 1.65, 2.215]</WAVELENGTH>
		<MEAN_VALUE>[0.12118568872479162, 0.11668424388846828, 0.08642522778261354, 0.07121952153943678, 0.025313329442429353, 0.015337551001308335]</MEAN_VALUE>
		<CHECKBOX>2</CHECKBOX>
		<SD>[0.004358451438203431, 0.008477114877395274, 0.008856623232922902, 0.007967005630556271, 0.004256458563021055, 0.003610131740278669]</SD>
		<WAVELENGTH_UNIT>E-6m</WAVELENGTH_UNIT>
		<COLOR>#856799</COLOR>
		<COVARIANCE_MATRIX>[[1.902180407982634e-05, 3.353090081177831e-05, 3.528288929178168e-05, -6.470631349867369e-06, -1.6093985492943608e-06, -8.500560796631553e-08], [3.353090081177831e-05, 7.195871815557797e-05, 7.02416654605819e-05, -2.001870707178548e-05, -5.994513178822037e-06, -2.192503331031652e-06], [3.528288929178168e-05, 7.02416654605819e-05, 7.854591822268326e-05, -7.02396216809936e-06, -3.210459286772932e-06, -8.060761181092058e-07], [-6.470631349867369e-06, -2.001870707178548e-05, -7.02396216809936e-06, 6.355906935157443e-05, 1.8852381895606764e-05, 1.0463954187287946e-05], [-1.6093985492943608e-06, -5.994513178822037e-06, -3.210459286772932e-06, 1.8852381895606764e-05, 1.814195565500583e-05, 9.130489269773102e-06], [-8.500560796631553e-08, -2.192503331031652e-06, -8.060761181092058e-07, 1.0463954187287946e-05, 9.130489269773102e-06, 1.3050687246013447e-05]]</COVARIANCE_MATRIX>
		<ROI_SIZE>740</ROI_SIZE>
		<MAX_VALUE>[0.13235080242156982, 0.13254159688949585, 0.1067691296339035, 0.098853200674057, 0.04819227755069733, 0.02931796759366989]</MAX_VALUE>
		<MIN_VALUE>[0.10763319581747055, 0.0929364413022995, 0.06498013436794281, 0.053142696619033813, 0.016660578548908234, 0.008186204358935356]</MIN_VALUE>
		<SIGNATURE_THRESHOLD_MD>0</SIGNATURE_THRESHOLD_MD>
		<SIGNATURE_THRESHOLD_ML>0</SIGNATURE_THRESHOLD_ML>
		<SIGNATURE_THRESHOLD_SAM>0</SIGNATURE_THRESHOLD_SAM>
	</signature>
	<signature ID="20210427_114852951695_704">
		<MACROCLASSID>1</MACROCLASSID>
		<MACROCLASSINFO>waterbody</MACROCLASSINFO>
		<CLASSID>8</CLASSID>
		<CLASSINFO>C 1</CLASSINFO>
		<VALUES>[0.12126720034238483, 0.0025005327851272546, 0.12361525660538586, 0.0033264278285278404, 0.1357148666261029, 0.004251117203839497, 0.11299707256994172, 0.005528653177418213, 0.01823716303912428, 0.007663116305034789, 0.011276610730357964, 0.0060257797074856154]</VALUES>
		<LCS_MIN>[0.11413783580064774, 0.10708113759756088, 0.111992746591568, 0.09558815509080887, 0.006150012835860252, 0.0]</LCS_MIN>
		<LCS_MAX>[0.13625356554985046, 0.13819946348667145, 0.15116992592811584, 0.14129866659641266, 0.050294388085603714, 0.03535561263561249]</LCS_MAX>
		<WAVELENGTH>[0.485, 0.56, 0.66, 0.83, 1.65, 2.215]</WAVELENGTH>
		<MEAN_VALUE>[0.12126720034238483, 0.12361525660538586, 0.1357148666261029, 0.11299707256994172, 0.01823716303912428, 0.011276610730357964]</MEAN_VALUE>
		<CHECKBOX>2</CHECKBOX>
		<SD>[0.0025005327851272546, 0.0033264278285278404, 0.004251117203839497, 0.005528653177418213, 0.007663116305034789, 0.0060257797074856154]</SD>
		<WAVELENGTH_UNIT>E-6m</WAVELENGTH_UNIT>
		<COLOR>#43c09e</COLOR>
		<COVARIANCE_MATRIX>[[6.25708305346061e-06, 5.281472650959905e-06, 6.1395656700443725e-06, 3.996304759236517e-06, 4.748518328883296e-06, 3.2929475691833347e-06], [5.281472650959905e-06, 1.1072941972678898e-05, 1.091942957313375e-05, 1.8148233644657057e-06, 2.0929160546920063e-06, 1.4455021520459701e-06], [6.1395656700443725e-06, 1.091942957313375e-05, 1.8084769210448438e-05, -3.7868083928296255e-07, -2.87029331224208e-06, -2.1837793595337467e-06], [3.996304759236517e-06, 1.8148233644657057e-06, -3.7868083928296255e-07, 3.058760737381344e-05, 2.9003651667389044e-05, 2.024247292824051e-05], [4.748518328883296e-06, 2.0929160546920063e-06, -2.87029331224208e-06, 2.9003651667389044e-05, 5.8764852106260045e-05, 4.0369521566750766e-05], [3.2929475691833347e-06, 1.4455021520459701e-06, -2.1837793595337467e-06, 2.024247292824051e-05, 4.0369521566750766e-05, 3.633568187543024e-05]]</COVARIANCE_MATRIX>
		<ROI_SIZE>1416</ROI_SIZE>
		<MAX_VALUE>[0.13625356554985046, 0.13819946348667145, 0.15116992592811584, 0.14129866659641266, 0.050294388085603714, 0.03535561263561249]</MAX_VALUE>
		<MIN_VALUE>[0.11413783580064774, 0.10708113759756088, 0.111992746591568, 0.09558815509080887, 0.006150012835860252, 0.0]</MIN_VALUE>
		<SIGNATURE_THRESHOLD_MD>0</SIGNATURE_THRESHOLD_MD>
		<SIGNATURE_THRESHOLD_ML>0</SIGNATURE_THRESHOLD_ML>
		<SIGNATURE_THRESHOLD_SAM>0</SIGNATURE_THRESHOLD_SAM>
	</signature>
	<signature ID="20210427_114901892710_765">
		<MACROCLASSID>1</MACROCLASSID>
		<MACROCLASSINFO>waterbody</MACROCLASSINFO>
		<CLASSID>9</CLASSID>
		<CLASSINFO>C 1</CLASSINFO>
		<VALUES>[0.11837239864846846, 0.002413792859359166, 0.12853812707382595, 0.004472076179231483, 0.14511907805079968, 0.004544702432743804, 0.10327242210525066, 0.005612173551697441, 0.013905139215188916, 0.004844121945992473, 0.008037865021589739, 0.004049203733814162]</VALUES>
		<LCS_MIN>[0.11283691972494125, 0.11839690059423447, 0.12243998795747757, 0.08905808627605438, 0.0040478999726474285, 0.0]</LCS_MIN>
		<LCS_MAX>[0.12714709341526031, 0.14668627083301544, 0.16161717474460602, 0.13150355219841003, 0.03978382423520088, 0.03233679383993149]</LCS_MAX>
		<WAVELENGTH>[0.485, 0.56, 0.66, 0.83, 1.65, 2.215]</WAVELENGTH>
		<MEAN_VALUE>[0.11837239864846846, 0.12853812707382595, 0.14511907805079968, 0.10327242210525066, 0.013905139215188916, 0.008037865021589739]</MEAN_VALUE>
		<CHECKBOX>2</CHECKBOX>
		<SD>[0.002413792859359166, 0.004472076179231483, 0.004544702432743804, 0.005612173551697441, 0.004844121945992473, 0.004049203733814162]</SD>
		<WAVELENGTH_UNIT>E-6m</WAVELENGTH_UNIT>
		<COLOR>#9b4578</COLOR>
		<COVARIANCE_MATRIX>[[5.720649753138334e-06, 7.483833775073631e-06, 6.663618657758484e-06, -8.58822289870656e-06, 1.6500085240344201e-06, 8.971776119958272e-07], [7.483833775073631e-06, 1.838433658983964e-05, 1.4644778064427586e-05, -1.7902013554135993e-05, 2.0087602129932137e-06, 4.631755279164696e-07], [6.663618657758484e-06, 1.4644778064427586e-05, 1.7877663526801573e-05, -1.760568363034068e-05, -1.4238679050079922e-06, -1.3196110168876327e-06], [-8.58822289870656e-06, -1.7902013554135993e-05, -1.760568363034068e-05, 3.2153855289912985e-05, 3.652134009335237e-06, 3.332919879696512e-06], [1.6500085240344201e-06, 2.0087602129932137e-06, -1.4238679050079922e-06, 3.652134009335237e-06, 2.131502530008482e-05, 1.2115793062126629e-05], [8.971776119958272e-07, 4.631755279164696e-07, -1.3196110168876327e-06, 3.332919879696512e-06, 1.2115793062126629e-05, 1.3856639297164115e-05]]</COVARIANCE_MATRIX>
		<ROI_SIZE>2099</ROI_SIZE>
		<MAX_VALUE>[0.12714709341526031, 0.14668627083301544, 0.16161717474460602, 0.13150355219841003, 0.03978382423520088, 0.03233679383993149]</MAX_VALUE>
		<MIN_VALUE>[0.11283691972494125, 0.11839690059423447, 0.12243998795747757, 0.08905808627605438, 0.0040478999726474285, 0.0]</MIN_VALUE>
		<SIGNATURE_THRESHOLD_MD>0</SIGNATURE_THRESHOLD_MD>
		<SIGNATURE_THRESHOLD_ML>0</SIGNATURE_THRESHOLD_ML>
		<SIGNATURE_THRESHOLD_SAM>0</SIGNATURE_THRESHOLD_SAM>
	</signature>
	<signature ID="20210427_114907172248_899">
		<MACROCLASSID>1</MACROCLASSID>
		<MACROCLASSINFO>waterbody</MACROCLASSINFO>
		<CLASSID>10</CLASSID>
		<CLASSINFO>C 1</CLASSINFO>
		<VALUES>[0.10179403249157193, 0.002587154546353686, 0.09181530402827373, 0.004592613392114377, 0.06656888781398669, 0.005131659878140776, 0.061824378810719956, 0.010737245914628935, 0.022811922819830032, 0.007651235294544018, 0.013194390292566973, 0.0052757905027422955]</VALUES>
		<LCS_MIN>[0.09592488408088684, 0.0816207006573677, 0.05714469030499458, 0.03028744086623192, 0.0103542385622859, 0.0021485581528395414]</LCS_MIN>
		<LCS_MAX>[0.10893413424491882, 0.10142326354980469, 0.08065100014209747, 0.08905808627605438, 0.04609016329050064, 0.02931796759366989]</LCS_MAX>
		<WAVELENGTH>[0.485, 0.56, 0.66, 0.83, 1.65, 2.215]</WAVELENGTH>
		<MEAN_VALUE>[0.10179403249157193, 0.09181530402827373, 0.06656888781398669, 0.061824378810719956, 0.022811922819830032, 0.013194390292566973]</MEAN_VALUE>
		<CHECKBOX>2</CHECKBOX>
		<SD>[0.002587154546353686, 0.004592613392114377, 0.005131659878140776, 0.010737245914628935, 0.007651235294544018, 0.0052757905027422955]</SD>
		<WAVELENGTH_UNIT>E-6m</WAVELENGTH_UNIT>
		<COLOR>#55f311</COLOR>
		<COVARIANCE_MATRIX>[[7.1526925519893115e-06, 1.0712054267014488e-05, 1.1952357322699016e-05, 3.2529582975204592e-06, 2.204182191713454e-07, 1.6987480251929738e-06], [1.0712054267014488e-05, 2.5523365347398713e-05, 2.485789039832653e-05, 7.150729008032216e-06, 1.6567312059879015e-06, 3.1760998249347074e-06], [1.1952357322699016e-05, 2.485789039832653e-05, 3.0942879725661895e-05, 1.1474232468557398e-05, 6.650207674740161e-06, 6.385030862190227e-06], [3.2529582975204592e-06, 7.150729008032216e-06, 1.1474232468557398e-05, 0.00010469649602760751, 5.5472486874503e-05, 3.0018020912846104e-05], [2.204182191713454e-07, 1.6567312059879015e-06, 6.650207674740161e-06, 5.5472486874503e-05, 5.211518898137038e-05, 2.76503266472446e-05], [1.6987480251929738e-06, 3.1760998249347074e-06, 6.385030862190227e-06, 3.0018020912846104e-05, 2.76503266472446e-05, 2.4537816979225298e-05]]</COVARIANCE_MATRIX>
		<ROI_SIZE>391</ROI_SIZE>
		<MAX_VALUE>[0.10893413424491882, 0.10142326354980469, 0.08065100014209747, 0.08905808627605438, 0.04609016329050064, 0.02931796759366989]</MAX_VALUE>
		<MIN_VALUE>[0.09592488408088684, 0.0816207006573677, 0.05714469030499458, 0.03028744086623192, 0.0103542385622859, 0.0021485581528395414]</MIN_VALUE>
		<SIGNATURE_THRESHOLD_MD>0</SIGNATURE_THRESHOLD_MD>
		<SIGNATURE_THRESHOLD_ML>0</SIGNATURE_THRESHOLD_ML>
		<SIGNATURE_THRESHOLD_SAM>0</SIGNATURE_THRESHOLD_SAM>
	</signature>
	<signature ID="20210427_114923599035_859">
		<MACROCLASSID>1</MACROCLASSID>
		<MACROCLASSINFO>waterbody</MACROCLASSINFO>
		<CLASSID>11</CLASSID>
		<CLASSINFO>C 1</CLASSINFO>
		<VALUES>[0.10126227507065874, 0.001567543853978469, 0.08953725203518333, 0.0030532827271745576, 0.06157858420178116, 0.0027787192061594452, 0.05610445553341166, 0.007956251853082201, 0.019302759736430326, 0.005698631437757169, 0.0107635397085802, 0.004169328010973958]</VALUES>
		<LCS_MIN>[0.09592488408088684, 0.0816207006573677, 0.05192107334733009, 0.0368175134062767, 0.0040478999726474285, 0.0021485581528395414]</LCS_MIN>
		<LCS_MAX>[0.10633229464292526, 0.09576538950204849, 0.07281558215618134, 0.0825280100107193, 0.03978382423520088, 0.03233679383993149]</LCS_MAX>
		<WAVELENGTH>[0.485, 0.56, 0.66, 0.83, 1.65, 2.215]</WAVELENGTH>
		<MEAN_VALUE>[0.10126227507065874, 0.08953725203518333, 0.06157858420178116, 0.05610445553341166, 0.019302759736430326, 0.0107635397085802]</MEAN_VALUE>
		<CHECKBOX>2</CHECKBOX>
		<SD>[0.001567543853978469, 0.0030532827271745576, 0.0027787192061594452, 0.007956251853082201, 0.005698631437757169, 0.004169328010973958]</SD>
		<WAVELENGTH_UNIT>E-6m</WAVELENGTH_UNIT>
		<COLOR>#2f537d</COLOR>
		<COVARIANCE_MATRIX>[[2.4620594643122896e-06, 1.7233893724371246e-06, 1.8618715163849883e-06, 9.57426630599931e-07, 6.045555438724278e-07, 7.279386376713468e-07], [1.7233893724371246e-06, 9.340995878225007e-06, 5.532831370417668e-06, 1.742306003040366e-07, -2.0701072394462318e-06, -8.948791319140304e-07], [1.8618715163849883e-06, 5.532831370417668e-06, 7.736570090890656e-06, 4.31936288255286e-06, 1.057927993409387e-06, 1.3368604397988974e-06], [9.57426630599931e-07, 1.742306003040366e-07, 4.31936288255286e-06, 6.342729393294064e-05, 2.8881976257549434e-05, 1.6495136470908017e-05], [6.045555438724278e-07, -2.0701072394462318e-06, 1.057927993409387e-06, 2.8881976257549434e-05, 3.253870600649016e-05, 1.5544478090882478e-05], [7.279386376713468e-07, -8.948791319140304e-07, 1.3368604397988974e-06, 1.6495136470908017e-05, 1.5544478090882478e-05, 1.7417718431533837e-05]]</COVARIANCE_MATRIX>
		<ROI_SIZE>506</ROI_SIZE>
		<MAX_VALUE>[0.10633229464292526, 0.09576538950204849, 0.07281558215618134, 0.0825280100107193, 0.03978382423520088, 0.03233679383993149]</MAX_VALUE>
		<MIN_VALUE>[0.09592488408088684, 0.0816207006573677, 0.05192107334733009, 0.0368175134062767, 0.0040478999726474285, 0.0021485581528395414]</MIN_VALUE>
		<SIGNATURE_THRESHOLD_MD>0</SIGNATURE_THRESHOLD_MD>
		<SIGNATURE_THRESHOLD_ML>0</SIGNATURE_THRESHOLD_ML>
		<SIGNATURE_THRESHOLD_SAM>0</SIGNATURE_THRESHOLD_SAM>
	</signature>
	<signature ID="20210427_114938593105_935">
		<MACROCLASSID>1</MACROCLASSID>
		<MACROCLASSINFO>waterbody</MACROCLASSINFO>
		<CLASSID>12</CLASSID>
		<CLASSINFO>C 1</CLASSINFO>
		<VALUES>[0.11557342576270459, 0.001618527197708908, 0.12246902930928628, 0.0021945742512930284, 0.13333870312635526, 0.0020911143248829086, 0.08838212503178515, 0.005568117201269694, 0.019487345532070332, 0.005084720016563734, 0.011337690963955517, 0.0040279463454749925]</VALUES>
		<LCS_MIN>[0.1102350577712059, 0.11556795984506607, 0.12243998795747757, 0.07599794864654541, 0.012456351891160011, 0.005167380906641483]</LCS_MIN>
		<LCS_MAX>[0.1219433844089508, 0.12971264123916626, 0.13811087608337402, 0.11517838388681412, 0.04609016329050064, 0.038374435156583786]</LCS_MAX>
		<WAVELENGTH>[0.485, 0.56, 0.66, 0.83, 1.65, 2.215]</WAVELENGTH>
		<MEAN_VALUE>[0.11557342576270459, 0.12246902930928628, 0.13333870312635526, 0.08838212503178515, 0.019487345532070332, 0.011337690963955517]</MEAN_VALUE>
		<CHECKBOX>2</CHECKBOX>
		<SD>[0.001618527197708908, 0.0021945742512930284, 0.0020911143248829086, 0.005568117201269694, 0.005084720016563734, 0.0040279463454749925]</SD>
		<WAVELENGTH_UNIT>E-6m</WAVELENGTH_UNIT>
		<COLOR>#fc9105</COLOR>
		<COVARIANCE_MATRIX>[[2.6221910231445184e-06, 1.0267877227570867e-06, 4.772073484214104e-07, -1.13374107502374e-06, 7.363580734624065e-07, 5.579614381962787e-07], [1.0267877227570867e-06, 4.820864019457354e-06, 1.1427252910572588e-06, -2.5175888086421686e-06, 3.3641827436182625e-07, 5.1963850469969335e-08], [4.772073484214104e-07, 1.1427252910572588e-06, 4.377033566573021e-06, -3.3289955258110946e-06, -3.230949645831847e-06, -2.24112089590031e-06], [-1.13374107502374e-06, -2.5175888086421686e-06, -3.3289955258110946e-06, 3.1034236038206356e-05, 1.7545012404653133e-05, 1.132412651969947e-05], [7.363580734624065e-07, 3.3641827436182625e-07, -3.230949645831847e-06, 1.7545012404653133e-05, 2.587965074327286e-05, 1.557313673020848e-05], [5.579614381962787e-07, 5.1963850469969335e-08, -2.24112089590031e-06, 1.132412651969947e-05, 1.557313673020848e-05, 1.624021134341539e-05]]</COVARIANCE_MATRIX>
		<ROI_SIZE>1024</ROI_SIZE>
		<MAX_VALUE>[0.1219433844089508, 0.12971264123916626, 0.13811087608337402, 0.11517838388681412, 0.04609016329050064, 0.038374435156583786]</MAX_VALUE>
		<MIN_VALUE>[0.1102350577712059, 0.11556795984506607, 0.12243998795747757, 0.07599794864654541, 0.012456351891160011, 0.005167380906641483]</MIN_VALUE>
		<SIGNATURE_THRESHOLD_MD>0</SIGNATURE_THRESHOLD_MD>
		<SIGNATURE_THRESHOLD_ML>0</SIGNATURE_THRESHOLD_ML>
		<SIGNATURE_THRESHOLD_SAM>0</SIGNATURE_THRESHOLD_SAM>
	</signature>
	<signature ID="20210427_115016332388_605">
		<MACROCLASSID>1</MACROCLASSID>
		<MACROCLASSINFO>waterbody</MACROCLASSINFO>
		<CLASSID>13</CLASSID>
		<CLASSINFO>C 1</CLASSINFO>
		<VALUES>[0.12156059447906713, 0.0019920941202937444, 0.12709025568864507, 0.0025476770388138674, 0.12177548325101355, 0.002816818619878967, 0.0746254759914844, 0.006238472051958139, 0.03356584574433819, 0.006584072240181748, 0.023353786174768375, 0.0054639511997771955]</VALUES>
		<LCS_MIN>[0.1167396828532219, 0.11839690059423447, 0.111992746591568, 0.0596727579832077, 0.01876269094645977, 0.008186204358935356]</LCS_MIN>
		<LCS_MAX>[0.128448024392128, 0.13537052273750305, 0.1302754431962967, 0.09558815509080887, 0.054498616605997086, 0.041393257677555084]</LCS_MAX>
		<WAVELENGTH>[0.485, 0.56, 0.66, 0.83, 1.65, 2.215]</WAVELENGTH>
		<MEAN_VALUE>[0.12156059447906713, 0.12709025568864507, 0.12177548325101355, 0.0746254759914844, 0.03356584574433819, 0.023353786174768375]</MEAN_VALUE>
		<CHECKBOX>2</CHECKBOX>
		<SD>[0.0019920941202937444, 0.0025476770388138674, 0.002816818619878967, 0.006238472051958139, 0.006584072240181748, 0.0054639511997771955]</SD>
		<WAVELENGTH_UNIT>E-6m</WAVELENGTH_UNIT>
		<COLOR>#31a78f</COLOR>
		<COVARIANCE_MATRIX>[[3.97723818363027e-06, 2.1600851876808244e-06, 2.020300656379723e-06, 4.022422030114377e-06, 4.4906743059238405e-06, 2.6928117025748073e-06], [2.1600851876808244e-06, 6.505049997634014e-06, 3.102838866185899e-06, 4.2572569676633294e-06, 5.401021416157556e-06, 4.169610552275671e-06], [2.020300656379723e-06, 3.102838866185899e-06, 7.95206019081626e-06, 6.100956182987599e-06, 5.390919970052741e-06, 3.6852876544818953e-06], [4.022422030114377e-06, 4.2572569676633294e-06, 6.100956182987599e-06, 3.900482740901187e-05, 2.4866579266332745e-05, 1.684192109217606e-05], [4.4906743059238405e-06, 5.401021416157556e-06, 5.390919970052741e-06, 2.4866579266332745e-05, 4.3446127013962814e-05, 2.665756954986444e-05], [2.6928117025748073e-06, 4.169610552275671e-06, 3.6852876544818953e-06, 1.684192109217606e-05, 2.665756954986444e-05, 2.9920959526658762e-05]]</COVARIANCE_MATRIX>
		<ROI_SIZE>452</ROI_SIZE>
		<MAX_VALUE>[0.128448024392128, 0.13537052273750305, 0.1302754431962967, 0.09558815509080887, 0.054498616605997086, 0.041393257677555084]</MAX_VALUE>
		<MIN_VALUE>[0.1167396828532219, 0.11839690059423447, 0.111992746591568, 0.0596727579832077, 0.01876269094645977, 0.008186204358935356]</MIN_VALUE>
		<SIGNATURE_THRESHOLD_MD>0</SIGNATURE_THRESHOLD_MD>
		<SIGNATURE_THRESHOLD_ML>0</SIGNATURE_THRESHOLD_ML>
		<SIGNATURE_THRESHOLD_SAM>0</SIGNATURE_THRESHOLD_SAM>
	</signature>
	<signature ID="20210427_115024117163_425">
		<MACROCLASSID>1</MACROCLASSID>
		<MACROCLASSINFO>waterbody</MACROCLASSINFO>
		<CLASSID>14</CLASSID>
		<CLASSINFO>C 1</CLASSINFO>
		<VALUES>[0.11308935035241949, 0.0018152200559943686, 0.11280291873265585, 0.0026232394091342003, 0.11315653583291127, 0.0018947815809367936, 0.09205495152293529, 0.0045523228219691006, 0.02634670033293648, 0.006276116995060031, 0.016430628352111974, 0.005036917725175068]</VALUES>
		<LCS_MIN>[0.10763319581747055, 0.10708113759756088, 0.10415731370449066, 0.06946787238121033, 0.016660578548908234, 0.005167380906641483]</LCS_MIN>
		<LCS_MAX>[0.12064246088266373, 0.12405477464199066, 0.12243998795747757, 0.11844342201948166, 0.054498616605997086, 0.038374435156583786]</LCS_MAX>
		<WAVELENGTH>[0.485, 0.56, 0.66, 0.83, 1.65, 2.215]</WAVELENGTH>
		<MEAN_VALUE>[0.11308935035241949, 0.11280291873265585, 0.11315653583291127, 0.09205495152293529, 0.02634670033293648, 0.016430628352111974]</MEAN_VALUE>
		<CHECKBOX>2</CHECKBOX>
		<SD>[0.0018152200559943686, 0.0026232394091342003, 0.0018947815809367936, 0.0045523228219691006, 0.006276116995060031, 0.005036917725175068]</SD>
		<WAVELENGTH_UNIT>E-6m</WAVELENGTH_UNIT>
		<COLOR>#b42073</COLOR>
		<COVARIANCE_MATRIX>[[3.29841030990793e-06, 1.6556573203079141e-06, 9.421026556154989e-07, 1.224606426404316e-06, 4.3370690554608685e-06, 2.889299700170553e-06], [1.6556573203079141e-06, 6.888457335761794e-06, 1.4367059261809725e-06, 8.240495479894316e-07, 6.305078782875662e-06, 4.651117060089537e-06], [9.421026556154989e-07, 1.4367059261809725e-06, 3.5938870619028223e-06, 1.136261991814521e-06, 3.1836762227251784e-06, 2.3235938157891435e-06], [1.224606426404316e-06, 8.240495479894316e-07, 1.136261991814521e-06, 2.0744941783617445e-05, 1.481059996274132e-05, 9.557528167642812e-06], [4.3370690554608685e-06, 6.305078782875662e-06, 3.1836762227251784e-06, 1.481059996274132e-05, 3.94301272124909e-05, 2.3363405293183152e-05], [2.889299700170553e-06, 4.651117060089537e-06, 2.3235938157891435e-06, 9.557528167642812e-06, 2.3363405293183152e-05, 2.5396614723286785e-05]]</COVARIANCE_MATRIX>
		<ROI_SIZE>974</ROI_SIZE>
		<MAX_VALUE>[0.12064246088266373, 0.12405477464199066, 0.12243998795747757, 0.11844342201948166, 0.054498616605997086, 0.038374435156583786]</MAX_VALUE>
		<MIN_VALUE>[0.10763319581747055, 0.10708113759756088, 0.10415731370449066, 0.06946787238121033, 0.016660578548908234, 0.005167380906641483]</MIN_VALUE>
		<SIGNATURE_THRESHOLD_MD>0</SIGNATURE_THRESHOLD_MD>
		<SIGNATURE_THRESHOLD_ML>0</SIGNATURE_THRESHOLD_ML>
		<SIGNATURE_THRESHOLD_SAM>0</SIGNATURE_THRESHOLD_SAM>
	</signature>
	<signature ID="20210427_115032151069_837">
		<MACROCLASSID>1</MACROCLASSID>
		<MACROCLASSINFO>waterbody</MACROCLASSINFO>
		<CLASSID>15</CLASSID>
		<CLASSINFO>C 1</CLASSINFO>
		<VALUES>[0.11679810775767355, 0.0015080568442856746, 0.12049743452828811, 0.00203218931583236, 0.13005648504853412, 0.002262583921029887, 0.07957824566652505, 0.005734056387570065, 0.019272485217441994, 0.004747178750716323, 0.012239923799678148, 0.003954900569351132]</VALUES>
		<LCS_MIN>[0.11153598129749298, 0.11273902654647827, 0.11982817947864532, 0.06946787238121033, 0.0103542385622859, 0.005167380906641483]</LCS_MIN>
		<LCS_MAX>[0.1219433844089508, 0.12688373029232025, 0.13549906015396118, 0.10538327693939209, 0.04609016329050064, 0.038374435156583786]</LCS_MAX>
		<WAVELENGTH>[0.485, 0.56, 0.66, 0.83, 1.65, 2.215]</WAVELENGTH>
		<MEAN_VALUE>[0.11679810775767355, 0.12049743452828811, 0.13005648504853412, 0.07957824566652505, 0.019272485217441994, 0.012239923799678148]</MEAN_VALUE>
		<CHECKBOX>2</CHECKBOX>
		<SD>[0.0015080568442856746, 0.00203218931583236, 0.002262583921029887, 0.005734056387570065, 0.004747178750716323, 0.003954900569351132]</SD>
		<WAVELENGTH_UNIT>E-6m</WAVELENGTH_UNIT>
		<COLOR>#3d6581</COLOR>
		<COVARIANCE_MATRIX>[[2.275938992747072e-06, 7.152310470821096e-07, 5.676434215065612e-07, -5.59320521999657e-07, -3.0225124045052327e-07, -2.4583988629097127e-07], [7.152310470821096e-07, 4.132886893597006e-06, 1.6114566097122696e-06, -4.281243293875013e-06, -2.7509860231773092e-06, -1.9963422010654057e-06], [5.676434215065612e-07, 1.6114566097122696e-06, 5.123120670863793e-06, -5.5777023654208585e-06, -4.4162729678938165e-06, -3.4645288671408093e-06], [-5.59320521999657e-07, -4.281243293875013e-06, -5.5777023654208585e-06, 3.290403142186723e-05, 2.19719367546315e-05, 1.5480909776313554e-05], [-3.0225124045052327e-07, -2.7509860231773092e-06, -4.4162729678938165e-06, 2.19719367546315e-05, 2.2552586769972604e-05, 1.3247630150647295e-05], [-2.4583988629097127e-07, -1.9963422010654057e-06, -3.4645288671408093e-06, 1.5480909776313554e-05, 1.3247630150647295e-05, 1.565295479698458e-05]]</COVARIANCE_MATRIX>
		<ROI_SIZE>1336</ROI_SIZE>
		<MAX_VALUE>[0.1219433844089508, 0.12688373029232025, 0.13549906015396118, 0.10538327693939209, 0.04609016329050064, 0.038374435156583786]</MAX_VALUE>
		<MIN_VALUE>[0.11153598129749298, 0.11273902654647827, 0.11982817947864532, 0.06946787238121033, 0.0103542385622859, 0.005167380906641483]</MIN_VALUE>
		<SIGNATURE_THRESHOLD_MD>0</SIGNATURE_THRESHOLD_MD>
		<SIGNATURE_THRESHOLD_ML>0</SIGNATURE_THRESHOLD_ML>
		<SIGNATURE_THRESHOLD_SAM>0</SIGNATURE_THRESHOLD_SAM>
	</signature>
	<signature ID="20210427_115043323371_327">
		<MACROCLASSID>1</MACROCLASSID>
		<MACROCLASSINFO>waterbody</MACROCLASSINFO>
		<CLASSID>16</CLASSID>
		<CLASSINFO>C 1</CLASSINFO>
		<VALUES>[0.09631585690250616, 0.001338923903885205, 0.09687103652407858, 0.0022626199083619772, 0.06268512059977112, 0.0019345585124964375, 0.05484561728077597, 0.004966961093284156, 0.01878535558251196, 0.00535096919002527, 0.010082123094461767, 0.004016278137798982]</VALUES>
		<LCS_MIN>[0.09202210605144501, 0.0872785747051239, 0.05714469030499458, 0.04334758222103119, 0.0103542385622859, 0.0021485581528395414]</LCS_MIN>
