<?xml version="1.0" ?>
<signaturelist MCID_LIST="[['1', 'waterbody', '#000000'], ['2', 'vegetation', '#000000'], ['3', 'bareland', '#000000'], ['4', 'built-up', '#000000']]">
	<signature ID="20210521_120443959832_355">
		<MACROCLASSID>1</MACROCLASSID>
		<MACROCLASSINFO>waterbody</MACROCLASSINFO>
		<CLASSID>1</CLASSID>
		<CLASSINFO>C 1</CLASSINFO>
		<VALUES>[0.10028525092885408, 0.0023405890118313234, 0.0926138887874208, 0.003668031406239929, 0.0671179603591865, 0.004429840759821704, 0.04123563593544214, 0.002559443803427136, 0.007882258220489245, 0.002342250165706885, 0.005379645185370776, 0.0028090303874051636]</VALUES>
		<LCS_MIN>[0.09219656884670258, 0.07854200899600983, 0.056713271886110306, 0.03483523800969124, 0.0, 0.0]</LCS_MIN>
		<LCS_MAX>[0.10926518589258194, 0.103488489985466, 0.07774118334054947, 0.07614350318908691, 0.033668771386146545, 0.019831739366054535]</LCS_MAX>
		<WAVELENGTH>[0.485, 0.56, 0.66, 0.83, 1.65, 2.215]</WAVELENGTH>
		<MEAN_VALUE>[0.10028525092885408, 0.0926138887874208, 0.0671179603591865, 0.04123563593544214, 0.007882258220489245, 0.005379645185370776]</MEAN_VALUE>
		<CHECKBOX>2</CHECKBOX>
		<SD>[0.0023405890118313234, 0.003668031406239929, 0.004429840759821704, 0.002559443803427136, 0.002342250165706885, 0.0028090303874051636]</SD>
		<WAVELENGTH_UNIT>E-6m</WAVELENGTH_UNIT>
		<COLOR>#b6f297</COLOR>
		<COVARIANCE_MATRIX>[[6.110632235984272e-06, 5.33100349413603e-06, 6.556004038400107e-06, 6.004902128549109e-07, 2.4708782065801903e-07, 2.5543897679563976e-07], [5.33100349413603e-06, 1.4840320254512837e-05, 1.421744087140847e-05, 6.624681760313832e-07, 9.022812929822857e-08, 1.431476053512108e-07], [6.556004038400107e-06, 1.421744087140847e-05, 2.1313633921734154e-05, 6.548233666117426e-07, 3.734952763016514e-09, 2.2401464516213687e-07], [6.004902128549109e-07, 6.624681760313832e-07, 6.548233666117426e-07, 6.111705392984861e-06, 1.1594128330796477e-06, 7.956203307970513e-07], [2.4708782065801903e-07, 9.022812929822857e-08, 3.734952763016514e-09, 1.1594128330796477e-06, 5.300507902741597e-06, 1.1031664205565003e-06], [2.5543897679563976e-07, 1.431476053512108e-07, 2.2401464516213687e-07, 7.956203307970513e-07, 1.1031664205565003e-06, 7.797864007104924e-06]]</COVARIANCE_MATRIX>
		<ROI_SIZE>10188</ROI_SIZE>
		<MAX_VALUE>[0.10926518589258194, 0.103488489985466, 0.07774118334054947, 0.07614350318908691, 0.033668771386146545, 0.019831739366054535]</MAX_VALUE>
		<MIN_VALUE>[0.09219656884670258, 0.07854200899600983, 0.056713271886110306, 0.03483523800969124, 0.0, 0.0]</MIN_VALUE>
		<SIGNATURE_THRESHOLD_MD>0</SIGNATURE_THRESHOLD_MD>
		<SIGNATURE_THRESHOLD_ML>0</SIGNATURE_THRESHOLD_ML>
		<SIGNATURE_THRESHOLD_SAM>0</SIGNATURE_THRESHOLD_SAM>
	</signature>
	<signature ID="20210521_120447388181_847">
		<MACROCLASSID>1</MACROCLASSID>
		<MACROCLASSINFO>waterbody</MACROCLASSINFO>
		<CLASSID>2</CLASSID>
		<CLASSINFO>C 1</CLASSINFO>
		<VALUES>[0.10185966929336948, 0.0019576095841911377, 0.09834794368387294, 0.002556555910133271, 0.07676692251805921, 0.0035670300481232663, 0.04249118303107556, 0.00412748776212877, 0.007665515037150662, 0.0025316444039931527, 0.005285981429049678, 0.0028800717353325484]</VALUES>
		<LCS_MIN>[0.09561028331518173, 0.09279714524745941, 0.0687292218208313, 0.03483523800969124, 0.0, 0.0]</LCS_MIN>
		<LCS_MAX>[0.11097205430269241, 0.1106160506606102, 0.10177308320999146, 0.07989879697561264, 0.04092203825712204, 0.030248083174228668]</LCS_MAX>
		<WAVELENGTH>[0.485, 0.56, 0.66, 0.83, 1.65, 2.215]</WAVELENGTH>
		<MEAN_VALUE>[0.10185966929336948, 0.09834794368387294, 0.07676692251805921, 0.04249118303107556, 0.007665515037150662, 0.005285981429049678]</MEAN_VALUE>
		<CHECKBOX>2</CHECKBOX>
		<SD>[0.0019576095841911377, 0.002556555910133271, 0.0035670300481232663, 0.00412748776212877, 0.0025316444039931527, 0.0028800717353325484]</SD>
		<WAVELENGTH_UNIT>E-6m</WAVELENGTH_UNIT>
		<COLOR>#68851e</COLOR>
		<COVARIANCE_MATRIX>[[3.794519604142213e-06, 7.750748816921795e-07, 1.3191774686948773e-06, 1.3975814680187898e-06, 3.7983859922787134e-07, 3.2242371912754425e-07], [7.750748816921795e-07, 6.289334793298899e-06, 4.088652412799335e-06, 4.9760632128765635e-06, 1.025880843641925e-06, 5.543010120532736e-07], [1.3191774686948773e-06, 4.088652412799335e-06, 1.144127599278145e-05, 1.0351115725946055e-05, 2.4097422323800542e-06, 1.6154752706357987e-06], [1.3975814680187898e-06, 4.9760632128765635e-06, 1.0351115725946055e-05, 1.612539017850627e-05, 3.5417403068525325e-06, 2.478849275547676e-06], [3.7983859922787134e-07, 1.025880843641925e-06, 2.4097422323800542e-06, 3.5417403068525325e-06, 6.260231455402041e-06, 2.0340726966410195e-06], [3.2242371912754425e-07, 5.543010120532736e-07, 1.6154752706357987e-06, 2.478849275547676e-06, 2.0340726966410195e-06, 8.183957599149937e-06]]</COVARIANCE_MATRIX>
		<ROI_SIZE>10092</ROI_SIZE>
		<MAX_VALUE>[0.11097205430269241, 0.1106160506606102, 0.10177308320999146, 0.07989879697561264, 0.04092203825712204, 0.030248083174228668]</MAX_VALUE>
		<MIN_VALUE>[0.09561028331518173, 0.09279714524745941, 0.0687292218208313, 0.03483523800969124, 0.0, 0.0]</MIN_VALUE>
		<SIGNATURE_THRESHOLD_MD>0</SIGNATURE_THRESHOLD_MD>
		<SIGNATURE_THRESHOLD_ML>0</SIGNATURE_THRESHOLD_ML>
		<SIGNATURE_THRESHOLD_SAM>0</SIGNATURE_THRESHOLD_SAM>
	</signature>
	<signature ID="20210521_120451963026_889">
		<MACROCLASSID>1</MACROCLASSID>
		<MACROCLASSINFO>waterbody</MACROCLASSINFO>
		<CLASSID>3</CLASSID>
		<CLASSINFO>C 1</CLASSINFO>
		<VALUES>[0.09114710401120941, 0.0025249595738687553, 0.07035941999011044, 0.004031071893999512, 0.04709757227325424, 0.003802270704136758, 0.03482485582805649, 0.0034847762455501195, 0.011090412392338024, 0.0036828941738699895, 0.007801244985898493, 0.0034385496230882693]</VALUES>
		<LCS_MIN>[0.08024851977825165, 0.060723114758729935, 0.038689348846673965, 0.027324646711349487, 0.0, 0.0]</LCS_MIN>
		<LCS_MAX>[0.10585145652294159, 0.0999247133731842, 0.08374916762113571, 0.07238820195198059, 0.053010810166597366, 0.0406644232571125]</LCS_MAX>
		<WAVELENGTH>[0.485, 0.56, 0.66, 0.83, 1.65, 2.215]</WAVELENGTH>
		<MEAN_VALUE>[0.09114710401120941, 0.07035941999011044, 0.04709757227325424, 0.03482485582805649, 0.011090412392338024, 0.007801244985898493]</MEAN_VALUE>
		<CHECKBOX>2</CHECKBOX>
		<SD>[0.0025249595738687553, 0.004031071893999512, 0.003802270704136758, 0.0034847762455501195, 0.0036828941738699895, 0.0034385496230882693]</SD>
		<WAVELENGTH_UNIT>E-6m</WAVELENGTH_UNIT>
		<COLOR>#a951a4</COLOR>
		<COVARIANCE_MATRIX>[[6.154616124369478e-06, 5.341556033577157e-06, 5.342454494829343e-06, 3.829416609024346e-06, 2.9196777954222343e-06, 2.306288560976279e-06], [5.341556033577157e-06, 1.6027499691423423e-05, 1.0380991146518346e-05, 6.3388828749644325e-06, 4.8043365008686625e-06, 3.7363575120686397e-06], [5.342454494829343e-06, 1.0380991146518346e-05, 1.350469522435943e-05, 8.386228376168853e-06, 6.436494519903897e-06, 4.962124646232799e-06], [3.829416609024346e-06, 6.3388828749644325e-06, 8.386228376168853e-06, 1.20655902907466e-05, 7.98481922519614e-06, 5.899624608198972e-06], [2.9196777954222343e-06, 4.8043365008686625e-06, 6.436494519903897e-06, 7.98481922519614e-06, 1.4239375820527507e-05, 7.094059295628775e-06], [2.306288560976279e-06, 3.7363575120686397e-06, 4.962124646232799e-06, 5.899624608198972e-06, 7.094059295628775e-06, 1.2758328455751098e-05]]</COVARIANCE_MATRIX>
		<ROI_SIZE>7989</ROI_SIZE>
		<MAX_VALUE>[0.10585145652294159, 0.0999247133731842, 0.08374916762113571, 0.07238820195198059, 0.053010810166597366, 0.0406644232571125]</MAX_VALUE>
		<MIN_VALUE>[0.08024851977825165, 0.060723114758729935, 0.038689348846673965, 0.027324646711349487, 0.0, 0.0]</MIN_VALUE>
		<SIGNATURE_THRESHOLD_MD>0</SIGNATURE_THRESHOLD_MD>
		<SIGNATURE_THRESHOLD_ML>0</SIGNATURE_THRESHOLD_ML>
		<SIGNATURE_THRESHOLD_SAM>0</SIGNATURE_THRESHOLD_SAM>
	</signature>
	<signature ID="20210521_120457868903_227">
		<MACROCLASSID>1</MACROCLASSID>
		<MACROCLASSINFO>waterbody</MACROCLASSINFO>
		<CLASSID>4</CLASSID>
		<CLASSINFO>C 1</CLASSINFO>
		<VALUES>[0.10105817595423335, 0.002328521963123155, 0.09982571650069474, 0.00487715549318687, 0.07439535073468656, 0.0035862397460314443, 0.052824321536741145, 0.00826279568341939, 0.015485780532880746, 0.008082718070394077, 0.009645321849136062, 0.006282795291600115]</VALUES>
		<LCS_MIN>[0.0904896929860115, 0.07497823983430862, 0.05971726402640343, 0.04234583303332329, 0.002237955341115594, 0.0]</LCS_MIN>
		<LCS_MAX>[0.10755831748247147, 0.1106160506606102, 0.08975713700056076, 0.08365409076213837, 0.04575755074620247, 0.04413653537631035]</LCS_MAX>
		<WAVELENGTH>[0.485, 0.56, 0.66, 0.83, 1.65, 2.215]</WAVELENGTH>
		<MEAN_VALUE>[0.10105817595423335, 0.09982571650069474, 0.07439535073468656, 0.052824321536741145, 0.015485780532880746, 0.009645321849136062]</MEAN_VALUE>
		<CHECKBOX>2</CHECKBOX>
		<SD>[0.002328521963123155, 0.00487715549318687, 0.0035862397460314443, 0.00826279568341939, 0.008082718070394077, 0.006282795291600115]</SD>
		<WAVELENGTH_UNIT>E-6m</WAVELENGTH_UNIT>
		<COLOR>#1a159d</COLOR>
		<COVARIANCE_MATRIX>[[5.426877326049846e-06, 5.624318666849428e-06, 3.363168399734944e-06, -2.248477844246364e-06, -1.2605743783153985e-06, -5.437775150369676e-07], [5.624318666849428e-06, 2.3807979019255945e-05, 9.61553591411593e-06, -1.2992971833308985e-05, -9.938858929413409e-06, -5.4925422100736164e-06], [3.363168399734944e-06, 9.61553591411593e-06, 1.2872650148765507e-05, 7.1668405041627516e-06, 7.372869336851895e-06, 6.193594534057058e-06], [-2.248477844246364e-06, -1.2992971833308985e-05, 7.1668405041627516e-06, 6.833502460683639e-05, 5.6725223177756315e-05, 3.931682631903667e-05], [-1.2605743783153985e-06, -9.938858929413409e-06, 7.372869336851895e-06, 5.6725223177756315e-05, 6.53889236309508e-05, 4.186545691870337e-05], [-5.437775150369676e-07, -5.4925422100736164e-06, 6.193594534057058e-06, 3.931682631903667e-05, 4.186545691870337e-05, 3.950891893326121e-05]]</COVARIANCE_MATRIX>
		<ROI_SIZE>1116</ROI_SIZE>
		<MAX_VALUE>[0.10755831748247147, 0.1106160506606102, 0.08975713700056076, 0.08365409076213837, 0.04575755074620247, 0.04413653537631035]</MAX_VALUE>
		<MIN_VALUE>[0.0904896929860115, 0.07497823983430862, 0.05971726402640343, 0.04234583303332329, 0.002237955341115594, 0.0]</MIN_VALUE>
		<SIGNATURE_THRESHOLD_MD>0</SIGNATURE_THRESHOLD_MD>
		<SIGNATURE_THRESHOLD_ML>0</SIGNATURE_THRESHOLD_ML>
		<SIGNATURE_THRESHOLD_SAM>0</SIGNATURE_THRESHOLD_SAM>
	</signature>
	<signature ID="20210521_120504519957_619">
		<MACROCLASSID>1</MACROCLASSID>
		<MACROCLASSINFO>waterbody</MACROCLASSINFO>
		<CLASSID>5</CLASSID>
		<CLASSINFO>C 1</CLASSINFO>
		<VALUES>[0.09741848005389797, 0.004497310607114681, 0.09703325027093719, 0.010922378442290088, 0.082033164686177, 0.015842212042009612, 0.04398567829585799, 0.008898851443631511, 0.01627560781123298, 0.008742292308938849, 0.011352468417136696, 0.008017455790676498]</VALUES>
		<LCS_MIN>[0.08707597851753235, 0.07497823983430862, 0.05370928719639778, 0.027324646711349487, 0.002237955341115594, 0.0]</LCS_MIN>
		<LCS_MAX>[0.10755831748247147, 0.11774362623691559, 0.11679302155971527, 0.07614350318908691, 0.053010810166597366, 0.04413653537631035]</LCS_MAX>
		<WAVELENGTH>[0.485, 0.56, 0.66, 0.83, 1.65, 2.215]</WAVELENGTH>
		<MEAN_VALUE>[0.09741848005389797, 0.09703325027093719, 0.082033164686177, 0.04398567829585799, 0.01627560781123298, 0.011352468417136696]</MEAN_VALUE>
		<CHECKBOX>2</CHECKBOX>
		<SD>[0.004497310607114681, 0.010922378442290088, 0.015842212042009612, 0.008898851443631511, 0.008742292308938849, 0.008017455790676498]</SD>
		<WAVELENGTH_UNIT>E-6m</WAVELENGTH_UNIT>
		<COLOR>#a0eb9a</COLOR>
		<COVARIANCE_MATRIX>[[2.0252521062384163e-05, 4.371731222599251e-05, 6.430378049257759e-05, 2.652266002195296e-05, 4.201602868861395e-06, 3.960419298255963e-06], [4.371731222599251e-05, 0.00011945594443083851, 0.00016806008145729535, 6.236391360559954e-05, 2.0002243935500727e-06, 3.4661534260747784e-06], [6.430378049257759e-05, 0.00016806008145729535, 0.00025130722225504476, 0.00010045602453251902, 1.1494266535921152e-05, 1.1799203500423362e-05], [2.652266002195296e-05, 6.236391360559954e-05, 0.00010045602453251902, 7.929416673446944e-05, 4.1717104148372015e-05, 3.691491035884844e-05], [4.201602868861395e-06, 2.0002243935500727e-06, 1.1494266535921152e-05, 4.1717104148372015e-05, 7.652863607624579e-05, 5.694029316108531e-05], [3.960419298255963e-06, 3.4661534260747784e-06, 1.1799203500423362e-05, 3.691491035884844e-05, 5.694029316108531e-05, 6.43645109582994e-05]]</COVARIANCE_MATRIX>
		<ROI_SIZE>758</ROI_SIZE>
		<MAX_VALUE>[0.10755831748247147, 0.11774362623691559, 0.11679302155971527, 0.07614350318908691, 0.053010810166597366, 0.04413653537631035]</MAX_VALUE>
		<MIN_VALUE>[0.08707597851753235, 0.07497823983430862, 0.05370928719639778, 0.027324646711349487, 0.002237955341115594, 0.0]</MIN_VALUE>
		<SIGNATURE_THRESHOLD_MD>0</SIGNATURE_THRESHOLD_MD>
		<SIGNATURE_THRESHOLD_ML>0</SIGNATURE_THRESHOLD_ML>
		<SIGNATURE_THRESHOLD_SAM>0</SIGNATURE_THRESHOLD_SAM>
	</signature>
	<signature ID="20210521_120516901041_868">
		<MACROCLASSID>1</MACROCLASSID>
		<MACROCLASSINFO>waterbody</MACROCLASSINFO>
		<CLASSID>6</CLASSID>
		<CLASSINFO>C 1</CLASSINFO>
		<VALUES>[0.09283593008694259, 0.0025454829858069994, 0.06325127353197053, 0.002322287666929851, 0.04268623642967685, 0.002604947224028637, 0.032124732536180686, 0.0019445738856597669, 0.007829337947688354, 0.002256680204069772, 0.005589916260156891, 0.0028173098447705916]</VALUES>
		<LCS_MIN>[0.08536911755800247, 0.05715933069586754, 0.03568536043167114, 0.027324646711349487, 0.0, 0.0]</LCS_MIN>
		<LCS_MAX>[0.10073088109493256, 0.07497823983430862, 0.05070529878139496, 0.03483523800969124, 0.019162241369485855, 0.01635962724685669]</LCS_MAX>
		<WAVELENGTH>[0.485, 0.56, 0.66, 0.83, 1.65, 2.215]</WAVELENGTH>
		<MEAN_VALUE>[0.09283593008694259, 0.06325127353197053, 0.04268623642967685, 0.032124732536180686, 0.007829337947688354, 0.005589916260156891]</MEAN_VALUE>
		<CHECKBOX>2</CHECKBOX>
		<SD>[0.0025454829858069994, 0.002322287666929851, 0.002604947224028637, 0.0019445738856597669, 0.002256680204069772, 0.0028173098447705916]</SD>
		<WAVELENGTH_UNIT>E-6m</WAVELENGTH_UNIT>
		<COLOR>#3b6b54</COLOR>
		<COVARIANCE_MATRIX>[[6.529762242290223e-06, 2.6260434071130373e-06, 3.115677325185031e-06, 1.5862734841079636e-06, -2.53854151562572e-07, -4.906593424072314e-07], [2.6260434071130373e-06, 5.256271770815972e-06, 2.7562182899741215e-06, 1.5212002100815096e-06, -1.5410941574337987e-07, -3.1042153560813763e-07], [3.115677325185031e-06, 2.7562182899741215e-06, 6.8806925898688925e-06, 1.838271499614233e-06, -3.28350515418745e-07, -4.227878725395223e-07], [1.5862734841079636e-06, 1.5212002100815096e-06, 1.838271499614233e-06, 3.7665237414000624e-06, 1.0619418017185266e-07, 4.9653181055467525e-08], [-2.53854151562572e-07, -1.5410941574337987e-07, -3.28350515418745e-07, 1.0619418017185266e-07, 4.9184575666001e-06, 9.790111939187672e-07], [-4.906593424072314e-07, -3.1042153560813763e-07, -4.227878725395223e-07, 4.9653181055467525e-08, 9.790111939187672e-07, 7.847998365815888e-06]]</COVARIANCE_MATRIX>
		<ROI_SIZE>10200</ROI_SIZE>
		<MAX_VALUE>[0.10073088109493256, 0.07497823983430862, 0.05070529878139496, 0.03483523800969124, 0.019162241369485855, 0.01635962724685669]</MAX_VALUE>
		<MIN_VALUE>[0.08536911755800247, 0.05715933069586754, 0.03568536043167114, 0.027324646711349487, 0.0, 0.0]</MIN_VALUE>
		<SIGNATURE_THRESHOLD_MD>0</SIGNATURE_THRESHOLD_MD>
		<SIGNATURE_THRESHOLD_ML>0</SIGNATURE_THRESHOLD_ML>
		<SIGNATURE_THRESHOLD_SAM>0</SIGNATURE_THRESHOLD_SAM>
	</signature>
	<signature ID="20210521_120522955747_485">
		<MACROCLASSID>1</MACROCLASSID>
		<MACROCLASSINFO>waterbody</MACROCLASSINFO>
		<CLASSID>7</CLASSID>
		<CLASSINFO>C 1</CLASSINFO>
		<VALUES>[0.09990198826325926, 0.0019208810137218441, 0.08737568040456196, 0.0021024769463604785, 0.05689019148690444, 0.002196207001217854, 0.03590938115028326, 0.002989415103478712, 0.007328014663722582, 0.0024642579665575654, 0.004609494582245174, 0.002909838004252266]</VALUES>
		<LCS_MIN>[0.09219656884670258, 0.07497823983430862, 0.05070529878139496, 0.027324646711349487, 0.0, 0.0]</LCS_MIN>
		<LCS_MAX>[0.10585145652294159, 0.1106160506606102, 0.0957651138305664, 0.07238820195198059, 0.033668771386146545, 0.033720195293426514]</LCS_MAX>
		<WAVELENGTH>[0.485, 0.56, 0.66, 0.83, 1.65, 2.215]</WAVELENGTH>
		<MEAN_VALUE>[0.09990198826325926, 0.08737568040456196, 0.05689019148690444, 0.03590938115028326, 0.007328014663722582, 0.004609494582245174]</MEAN_VALUE>
		<CHECKBOX>2</CHECKBOX>
		<SD>[0.0019208810137218441, 0.0021024769463604785, 0.002196207001217854, 0.002989415103478712, 0.0024642579665575654, 0.002909838004252266]</SD>
		<WAVELENGTH_UNIT>E-6m</WAVELENGTH_UNIT>
		<COLOR>#fd57a9</COLOR>
		<COVARIANCE_MATRIX>[[3.818020984095285e-06, 4.852607272229368e-07, 6.155403725151655e-07, 3.5920071096601553e-07, 5.506337258360106e-08, 5.725601918230985e-08], [4.852607272229368e-07, 4.524699192746317e-06, 1.0157486544336277e-06, -1.2453607743174684e-07, -8.651255237126053e-08, 4.018798841348216e-08], [6.155403725151655e-07, 1.0157486544336277e-06, 4.519239694858027e-06, 2.061923187934596e-06, 6.17949279271194e-07, 4.6238569139039234e-07], [3.5920071096601553e-07, -1.2453607743174684e-07, 2.061923187934596e-06, 7.83020895820834e-06, 2.6260912237801184e-06, 1.7701610543539888e-06], [5.506337258360106e-08, -8.651255237126053e-08, 6.17949279271194e-07, 2.6260912237801184e-06, 5.721549339132276e-06, 1.6653317862435504e-06], [5.725601918230985e-08, 4.018798841348216e-08, 4.6238569139039234e-07, 1.7701610543539888e-06, 1.6653317862435504e-06, 8.099487982871682e-06]]</COVARIANCE_MATRIX>
		<ROI_SIZE>9935</ROI_SIZE>
		<MAX_VALUE>[0.10585145652294159, 0.1106160506606102, 0.0957651138305664, 0.07238820195198059, 0.033668771386146545, 0.033720195293426514]</MAX_VALUE>
		<MIN_VALUE>[0.09219656884670258, 0.07497823983430862, 0.05070529878139496, 0.027324646711349487, 0.0, 0.0]</MIN_VALUE>
		<SIGNATURE_THRESHOLD_MD>0</SIGNATURE_THRESHOLD_MD>
		<SIGNATURE_THRESHOLD_ML>0</SIGNATURE_THRESHOLD_ML>
		<SIGNATURE_THRESHOLD_SAM>0</SIGNATURE_THRESHOLD_SAM>
	</signature>
	<signature ID="20210521_120527469402_970">
		<MACROCLASSID>1</MACROCLASSID>
		<MACROCLASSINFO>waterbody</MACROCLASSINFO>
		<CLASSID>8</CLASSID>
		<CLASSINFO>C 1</CLASSINFO>
		<VALUES>[0.09720975202874542, 0.0022910525258708907, 0.08262935171552589, 0.0033809909933894123, 0.0547319922418324, 0.0029457803375946435, 0.03793441318184796, 0.0055154480147231915, 0.008097542760948645, 0.0037074606217675577, 0.005059993940175329, 0.003243373753597631]</VALUES>
		<LCS_MIN>[0.08878282457590103, 0.07497823983430862, 0.04770130664110184, 0.031079942360520363, 0.0, 0.0]</LCS_MIN>
		<LCS_MAX>[0.10585145652294159, 0.1070522740483284, 0.08374916762113571, 0.07614350318908691, 0.04092203825712204, 0.0406644232571125]</LCS_MAX>
		<WAVELENGTH>[0.485, 0.56, 0.66, 0.83, 1.65, 2.215]</WAVELENGTH>
		<MEAN_VALUE>[0.09720975202874542, 0.08262935171552589, 0.0547319922418324, 0.03793441318184796, 0.008097542760948645, 0.005059993940175329]</MEAN_VALUE>
		<CHECKBOX>2</CHECKBOX>
		<SD>[0.0022910525258708907, 0.0033809909933894123, 0.0029457803375946435, 0.0055154480147231915, 0.0037074606217675577, 0.003243373753597631]</SD>
		<WAVELENGTH_UNIT>E-6m</WAVELENGTH_UNIT>
		<COLOR>#748df6</COLOR>
		<COVARIANCE_MATRIX>[[5.1074420777847155e-06, 2.7118887652257534e-06, 1.9571809638390287e-06, 1.4268075880441167e-06, 2.907294501576693e-07, 1.0819333700982571e-07], [2.7118887652257534e-06, 1.0730661706408597e-05, 4.403828803488606e-06, 1.6835742113431934e-06, 1.3447714873785112e-07, -9.719987177340748e-09], [1.9571809638390287e-06, 4.403828803488606e-06, 7.66775326175388e-06, 7.164147212208712e-06, 3.110718717397299e-06, 1.7765867811035393e-06], [1.4268075880441167e-06, 1.6835742113431934e-06, 7.164147212208712e-06, 2.728810992706836e-05, 1.2426291628975664e-05, 7.202491071712313e-06], [2.907294501576693e-07, 1.3447714873785112e-07, 3.110718717397299e-06, 1.2426291628975664e-05, 1.2689449421325248e-05, 5.489951551789248e-06], [1.0819333700982571e-07, -9.719987177340748e-09, 1.7765867811035393e-06, 7.202491071712313e-06, 5.489951551789248e-06, 1.0316975165661828e-05]]</COVARIANCE_MATRIX>
		<ROI_SIZE>6701</ROI_SIZE>
		<MAX_VALUE>[0.10585145652294159, 0.1070522740483284, 0.08374916762113571, 0.07614350318908691, 0.04092203825712204, 0.0406644232571125]</MAX_VALUE>
		<MIN_VALUE>[0.08878282457590103, 0.07497823983430862, 0.04770130664110184, 0.031079942360520363, 0.0, 0.0]</MIN_VALUE>
		<SIGNATURE_THRESHOLD_MD>0</SIGNATURE_THRESHOLD_MD>
		<SIGNATURE_THRESHOLD_ML>0</SIGNATURE_THRESHOLD_ML>
		<SIGNATURE_THRESHOLD_SAM>0</SIGNATURE_THRESHOLD_SAM>
	</signature>
	<signature ID="20210521_120537179646_238">
		<MACROCLASSID>1</MACROCLASSID>
		<MACROCLASSINFO>waterbody</MACROCLASSINFO>
		<CLASSID>9</CLASSID>
		<CLASSINFO>C 1</CLASSINFO>
		<VALUES>[0.100800869313319, 0.0020566769861134755, 0.09501375364051272, 0.0025572162815173235, 0.06999172485642094, 0.0025258669406710847, 0.04126473875572086, 0.003544105020038545, 0.008293119918364638, 0.003227196131217725, 0.005561266914587765, 0.0034300035882504783]</VALUES>
		<LCS_MIN>[0.0904896929860115, 0.07141446322202682, 0.05971726402640343, 0.031079942360520363, 0.0, 0.0]</LCS_MIN>
		<LCS_MAX>[0.10755831748247147, 0.1070522740483284, 0.08675315976142883, 0.07614350318908691, 0.043339792639017105, 0.03719231113791466]</LCS_MAX>
		<WAVELENGTH>[0.485, 0.56, 0.66, 0.83, 1.65, 2.215]</WAVELENGTH>
		<MEAN_VALUE>[0.100800869313319, 0.09501375364051272, 0.06999172485642094, 0.04126473875572086, 0.008293119918364638, 0.005561266914587765]</MEAN_VALUE>
		<CHECKBOX>2</CHECKBOX>
		<SD>[0.0020566769861134755, 0.0025572162815173235, 0.0025258669406710847, 0.003544105020038545, 0.003227196131217725, 0.0034300035882504783]</SD>
		<WAVELENGTH_UNIT>E-6m</WAVELENGTH_UNIT>
		<COLOR>#70cf1f</COLOR>
		<COVARIANCE_MATRIX>[[4.0514784572935115e-06, 9.398460880935446e-07, 7.099020543523796e-07, 7.93358124354321e-07, -7.847782511055505e-08, -1.4996289926817045e-07], [9.398460880935446e-07, 6.105393494858333e-06, 1.8568148096863394e-06, 1.19965994585055e-06, 4.569986950636893e-08, -1.1021353184236375e-07], [7.099020543523796e-07, 1.8568148096863394e-06, 5.899571531392215e-06, 3.3023768708414053e-06, 1.4194003644325767e-06, 1.0699294815362585e-06], [7.93358124354321e-07, 1.19965994585055e-06, 3.3023768708414053e-06, 1.1195468329585552e-05, 5.155494789401246e-06, 3.52178061204887e-06], [-7.847782511055505e-08, 4.569986950636893e-08, 1.4194003644325767e-06, 5.155494789401246e-06, 9.627080716870165e-06, 4.290617308816311e-06], [-1.4996289926817045e-07, -1.1021353184236375e-07, 1.0699294815362585e-06, 3.52178061204887e-06, 4.290617308816311e-06, 1.0935593216354107e-05]]</COVARIANCE_MATRIX>
		<ROI_SIZE>8416</ROI_SIZE>
		<MAX_VALUE>[0.10755831748247147, 0.1070522740483284, 0.08675315976142883, 0.07614350318908691, 0.043339792639017105, 0.03719231113791466]</MAX_VALUE>
		<MIN_VALUE>[0.0904896929860115, 0.07141446322202682, 0.05971726402640343, 0.031079942360520363, 0.0, 0.0]</MIN_VALUE>
		<SIGNATURE_THRESHOLD_MD>0</SIGNATURE_THRESHOLD_MD>
		<SIGNATURE_THRESHOLD_ML>0</SIGNATURE_THRESHOLD_ML>
		<SIGNATURE_THRESHOLD_SAM>0</SIGNATURE_THRESHOLD_SAM>
	</signature>
	<signature ID="20210521_120544453682_934">
		<MACROCLASSID>1</MACROCLASSID>
		<MACROCLASSINFO>waterbody</MACROCLASSINFO>
		<CLASSID>10</CLASSID>
		<CLASSINFO>C 1</CLASSINFO>
		<VALUES>[0.10265452763891694, 0.002126508168747264, 0.09694382428492082, 0.002562763100384137, 0.07250880551247604, 0.0021903907232652515, 0.04136063640703658, 0.0032928604210320047, 0.008333891045421099, 0.0031294809565064, 0.00564644217057421, 0.0032468009193490563]</VALUES>
		<LCS_MIN>[0.09390342235565186, 0.08923336118459702, 0.06272125244140625, 0.03483523800969124, 0.0, 0.0]</LCS_MIN>
		<LCS_MAX>[0.11438576132059097, 0.1070522740483284, 0.08975713700056076, 0.07989879697561264, 0.048175305128097534, 0.04413653537631035]</LCS_MAX>
		<WAVELENGTH>[0.485, 0.56, 0.66, 0.83, 1.65, 2.215]</WAVELENGTH>
		<MEAN_VALUE>[0.10265452763891694, 0.09694382428492082, 0.07250880551247604, 0.04136063640703658, 0.008333891045421099, 0.00564644217057421]</MEAN_VALUE>
		<CHECKBOX>2</CHECKBOX>
		<SD>[0.002126508168747264, 0.002562763100384137, 0.0021903907232652515, 0.0032928604210320047, 0.0031294809565064, 0.0032468009193490563]</SD>
		<WAVELENGTH_UNIT>E-6m</WAVELENGTH_UNIT>
		<COLOR>#ae2c14</COLOR>
		<COVARIANCE_MATRIX>[[4.4670907460625975e-06, 1.199991154490498e-06, 1.2579976062196624e-06, 1.0912970664188597e-06, 4.93944554800417e-07, 4.863777554514916e-07], [1.199991154490498e-06, 6.462574977387332e-06, 1.8530876601361157e-06, 7.485359466476385e-07, 2.4144863455441044e-07, 1.4183870550355256e-07], [1.2579976062196624e-06, 1.8530876601361157e-06, 4.400970519848592e-06, 1.7246122879165044e-06, 6.974230820543965e-07, 6.45245465903901e-07], [1.0912970664188597e-06, 7.485359466476385e-07, 1.7246122879165044e-06, 1.0991374538516356e-05, 4.957415988912016e-06, 3.437373564577639e-06], [4.93944554800417e-07, 2.4144863455441044e-07, 6.974230820543965e-07, 4.957415988912016e-06, 9.084797578148815e-06, 3.882503608537932e-06], [4.863777554514916e-07, 1.4183870550355256e-07, 6.45245465903901e-07, 3.437373564577639e-06, 3.882503608537932e-06, 1.008810749168731e-05]]</COVARIANCE_MATRIX>
		<ROI_SIZE>9542</ROI_SIZE>
		<MAX_VALUE>[0.11438576132059097, 0.1070522740483284, 0.08975713700056076, 0.07989879697561264, 0.048175305128097534, 0.04413653537631035]</MAX_VALUE>
		<MIN_VALUE>[0.09390342235565186, 0.08923336118459702, 0.06272125244140625, 0.03483523800969124, 0.0, 0.0]</MIN_VALUE>
		<SIGNATURE_THRESHOLD_MD>0</SIGNATURE_THRESHOLD_MD>
		<SIGNATURE_THRESHOLD_ML>0</SIGNATURE_THRESHOLD_ML>
		<SIGNATURE_THRESHOLD_SAM>0</SIGNATURE_THRESHOLD_SAM>
	</signature>
	<signature ID="20210521_120558316874_927">
		<MACROCLASSID>1</MACROCLASSID>
		<MACROCLASSINFO>waterbody</MACROCLASSINFO>
		<CLASSID>11</CLASSID>
		<CLASSINFO>C 1</CLASSINFO>
		<VALUES>[0.0911547844266069, 0.002145735415104556, 0.06888703738564045, 0.0028061969142614933, 0.04857488194073756, 0.0043106037943083314, 0.03797760167127024, 0.0063234433981148, 0.013887644717844469, 0.007062384808625406, 0.009934905325544287, 0.0067267183659583795]</VALUES>
		<LCS_MIN>[0.08536911755800247, 0.060723114758729935, 0.04169333353638649, 0.023569349199533463, 0.002237955341115594, 0.0]</LCS_MIN>
		<LCS_MAX>[0.10073088109493256, 0.08566958457231522, 0.07774118334054947, 0.07614350318908691, 0.0505930557847023, 0.05108075588941574]</LCS_MAX>
		<WAVELENGTH>[0.485, 0.56, 0.66, 0.83, 1.65, 2.215]</WAVELENGTH>
		<MEAN_VALUE>[0.0911547844266069, 0.06888703738564045, 0.04857488194073756, 0.03797760167127024, 0.013887644717844469, 0.009934905325544287]</MEAN_VALUE>
		<CHECKBOX>2</CHECKBOX>
		<SD>[0.002145735415104556, 0.0028061969142614933, 0.0043106037943083314, 0.0063234433981148, 0.007062384808625406, 0.0067267183659583795]</SD>
		<WAVELENGTH_UNIT>E-6m</WAVELENGTH_UNIT>
		<COLOR>#df076c</COLOR>
		<COVARIANCE_MATRIX>[[4.609478723039778e-06, 2.7048739563584094e-06, 4.575229102664117e-06, 6.722016786640007e-06, 6.242718874719101e-06, 5.429553354045696e-06], [2.7048739563584094e-06, 7.883802964098194e-06, 8.123742984890036e-06, 1.1939945047538535e-05, 1.0380747211207615e-05, 9.324642894691338e-06], [4.575229102664117e-06, 8.123742984890036e-06, 1.8602687470897147e-05, 2.30977949554246e-05, 2.151247830805686e-05, 1.9212483682251903e-05], [6.722016786640007e-06, 1.1939945047538535e-05, 2.30977949554246e-05, 4.003195014496051e-05, 3.3373402504058126e-05, 2.921900601283053e-05], [6.242718874719101e-06, 1.0380747211207615e-05, 2.151247830805686e-05, 3.3373402504058126e-05, 4.993467536368186e-05, 3.904648225571044e-05], [5.429553354045696e-06, 9.324642894691338e-06, 1.9212483682251903e-05, 2.921900601283053e-05, 3.904648225571044e-05, 4.5300809871325645e-05]]</COVARIANCE_MATRIX>
		<ROI_SIZE>870</ROI_SIZE>
		<MAX_VALUE>[0.10073088109493256, 0.08566958457231522, 0.07774118334054947, 0.07614350318908691, 0.0505930557847023, 0.05108075588941574]</MAX_VALUE>
		<MIN_VALUE>[0.08536911755800247, 0.060723114758729935, 0.04169333353638649, 0.023569349199533463, 0.002237955341115594, 0.0]</MIN_VALUE>
		<SIGNATURE_THRESHOLD_MD>0</SIGNATURE_THRESHOLD_MD>
		<SIGNATURE_THRESHOLD_ML>0</SIGNATURE_THRESHOLD_ML>
		<SIGNATURE_THRESHOLD_SAM>0</SIGNATURE_THRESHOLD_SAM>
	</signature>
	<signature ID="20210521_120604112597_399">
		<MACROCLASSID>1</MACROCLASSID>
		<MACROCLASSINFO>waterbody</MACROCLASSINFO>
		<CLASSID>12</CLASSID>
		<CLASSINFO>C 1</CLASSINFO>
		<VALUES>[0.09417497060177003, 0.002466594337302358, 0.0734960317442363, 0.002455510260510426, 0.052043438626622585, 0.0025242720868466234, 0.04285791845653542, 0.00670769560268872, 0.016804930323269213, 0.008517480270698902, 0.010572202785194582, 0.006937003074720345]</VALUES>
		<LCS_MIN>[0.08878282457590103, 0.06428688019514084, 0.04770130664110184, 0.03483523800969124, 0.0046557108871638775, 0.0]</LCS_MIN>
		<LCS_MAX>[0.10414458811283112, 0.08210579305887222, 0.06572523713111877, 0.07614350318908691, 0.0505930557847023, 0.04413653537631035]</LCS_MAX>
		<WAVELENGTH>[0.485, 0.56, 0.66, 0.83, 1.65, 2.215]</WAVELENGTH>
		<MEAN_VALUE>[0.09417497060177003, 0.0734960317442363, 0.052043438626622585, 0.04285791845653542, 0.016804930323269213, 0.010572202785194582]</MEAN_VALUE>
		<CHECKBOX>2</CHECKBOX>
		<SD>[0.002466594337302358, 0.002455510260510426, 0.0025242720868466234, 0.00670769560268872, 0.008517480270698902, 0.006937003074720345]</SD>
		<WAVELENGTH_UNIT>E-6m</WAVELENGTH_UNIT>
		<COLOR>#25b8f3</COLOR>
		<COVARIANCE_MATRIX>[[6.097946594344761e-06, 2.4541261571679813e-06, 1.8432713246812874e-06, -7.966430569189031e-09, -6.462801226082657e-07, -4.807325128516906e-07], [2.4541261571679813e-06, 6.043265333411588e-06, 2.1098484935188557e-06, -2.7576457043374936e-07, -6.756793116571929e-07, -5.650903066929367e-07], [1.8432713246812874e-06, 2.1098484935188557e-06, 6.38646425993287e-06, 1.0157217562796254e-05, 1.1582599744036582e-05, 9.187563969064054e-06], [-7.966430569189031e-09, -2.7576457043374936e-07, 1.0157217562796254e-05, 4.509567045846244e-05, 4.832343935440243e-05, 3.698628484696558e-05], [-6.462801226082657e-07, -6.756793116571929e-07, 1.1582599744036582e-05, 4.832343935440243e-05, 7.271272635801318e-05, 5.162768038900659e-05], [-4.807325128516906e-07, -5.650903066929367e-07, 9.187563969064054e-06, 3.698628484696558e-05, 5.162768038900659e-05, 4.823162899730973e-05]]</COVARIANCE_MATRIX>
		<ROI_SIZE>440</ROI_SIZE>
		<MAX_VALUE>[0.10414458811283112, 0.08210579305887222, 0.06572523713111877, 0.07614350318908691, 0.0505930557847023, 0.04413653537631035]</MAX_VALUE>
		<MIN_VALUE>[0.08878282457590103, 0.06428688019514084, 0.04770130664110184, 0.03483523800969124, 0.0046557108871638775, 0.0]</MIN_VALUE>
		<SIGNATURE_THRESHOLD_MD>0</SIGNATURE_THRESHOLD_MD>
		<SIGNATURE_THRESHOLD_ML>0</SIGNATURE_THRESHOLD_ML>
		<SIGNATURE_THRESHOLD_SAM>0</SIGNATURE_THRESHOLD_SAM>
	</signature>
	<signature ID="20210521_120612189783_697">
		<MACROCLASSID>1</MACROCLASSID>
		<MACROCLASSINFO>waterbody</MACROCLASSINFO>
		<CLASSID>13</CLASSID>
		<CLASSINFO>C 1</CLASSINFO>
		<VALUES>[0.096770815151715, 0.002047582297595339, 0.0941844345565942, 0.0021826855078887477, 0.06498224519393572, 0.0021657379612952565, 0.04178231602086871, 0.0024761202564707128, 0.0065802638680911695, 0.0021596186444128133, 0.0041562844092391015, 0.002688533892141095]</VALUES>
		<LCS_MIN>[0.08878282457590103, 0.08566958457231522, 0.05971726402640343, 0.03483523800969124, 0.0, 0.0]</LCS_MIN>
		<LCS_MAX>[0.10414458811283112, 0.103488489985466, 0.08074517548084259, 0.07614350318908691, 0.02157999761402607, 0.019831739366054535]</LCS_MAX>
		<WAVELENGTH>[0.485, 0.56, 0.66, 0.83, 1.65, 2.215]</WAVELENGTH>
		<MEAN_VALUE>[0.096770815151715, 0.0941844345565942, 0.06498224519393572, 0.04178231602086871, 0.0065802638680911695, 0.0041562844092391015]</MEAN_VALUE>
		<CHECKBOX>2</CHECKBOX>
		<SD>[0.002047582297595339, 0.0021826855078887477, 0.0021657379612952565, 0.0024761202564707128, 0.0021596186444128133, 0.002688533892141095]</SD>
		<WAVELENGTH_UNIT>E-6m</WAVELENGTH_UNIT>
		<COLOR>#6d7768</COLOR>
		<COVARIANCE_MATRIX>[[4.1996118215508806e-06, 4.7151505260160295e-07, 4.2978710447770325e-07, 3.3024044238405584e-07, -9.096405674937212e-08, -1.2967117028247144e-07], [4.7151505260160295e-07, 4.745816231905726e-06, 1.1120979405577221e-06, 8.092716805077976e-07, 3.835458634204812e-08, -9.140382134962248e-09], [4.2978710447770325e-07, 1.1120979405577221e-06, 4.458139295082169e-06, 1.2463996476885337e-06, 1.4677893431084071e-08, 4.229397963453802e-08], [3.3024044238405584e-07, 8.092716805077976e-07, 1.2463996476885337e-06, 5.331823386640612e-06, 6.852415288788975e-07, 5.50798726919703e-07], [-9.096405674937212e-08, 3.835458634204812e-08, 1.4677893431084071e-08, 6.852415288788975e-07, 4.548048527013723e-06, 6.381646820387449e-07], [-1.2967117028247144e-07, -9.140382134962248e-09, 4.229397963453802e-08, 5.50798726919703e-07, 6.381646820387449e-07, 7.0249631240495905e-06]]</COVARIANCE_MATRIX>
		<ROI_SIZE>10034</ROI_SIZE>
		<MAX_VALUE>[0.10414458811283112, 0.103488489985466, 0.08074517548084259, 0.07614350318908691, 0.02157999761402607, 0.019831739366054535]</MAX_VALUE>
		<MIN_VALUE>[0.08878282457590103, 0.08566958457231522, 0.05971726402640343, 0.03483523800969124, 0.0, 0.0]</MIN_VALUE>
		<SIGNATURE_THRESHOLD_MD>0</SIGNATURE_THRESHOLD_MD>
		<SIGNATURE_THRESHOLD_ML>0</SIGNATURE_THRESHOLD_ML>
		<SIGNATURE_THRESHOLD_SAM>0</SIGNATURE_THRESHOLD_SAM>
	</signature>
	<signature ID="20210521_120618736984_274">
		<MACROCLASSID>1</MACROCLASSID>
		<MACROCLASSINFO>waterbody</MACROCLASSINFO>
		<CLASSID>14</CLASSID>
		<CLASSINFO>C 1</CLASSINFO>
		<VALUES>[0.11572167311112089, 0.0019486905758717748, 0.114678769906362, 0.002840018702038957, 0.08788265357414887, 0.004477138034430652, 0.06034622004628179, 0.005806303538820236, 0.02082565727892021, 0.00744783286884652, 0.012597191806261735, 0.00643423420599477]</VALUES>
		<LCS_MIN>[0.10926518589258194, 0.1070522740483284, 0.08074517548084259, 0.04985642433166504, 0.007073465269058943, 0.0]</LCS_MIN>
		<LCS_MAX>[0.12292008101940155, 0.12487117946147919, 0.11078503727912903, 0.09491997957229614, 0.05542856827378273, 0.04413653537631035]</LCS_MAX>
		<WAVELENGTH>[0.485, 0.56, 0.66, 0.83, 1.65, 2.215]</WAVELENGTH>
		<MEAN_VALUE>[0.11572167311112089, 0.114678769906362, 0.08788265357414887, 0.06034622004628179, 0.02082565727892021, 0.012597191806261735]</MEAN_VALUE>
		<CHECKBOX>2</CHECKBOX>
		<SD>[0.0019486905758717748, 0.002840018702038957, 0.004477138034430652, 0.005806303538820236, 0.00744783286884652, 0.00643423420599477]</SD>
		<WAVELENGTH_UNIT>E-6m</WAVELENGTH_UNIT>
		<COLOR>#848e07</COLOR>
		<COVARIANCE_MATRIX>[[3.802464913709788e-06, 1.704022171374365e-06, 2.8223781610360067e-06, 3.083481807965232e-06, 2.5903596800504934e-06, 2.321279278887865e-06], [1.704022171374365e-06, 8.07647486107912e-06, 6.0820124420451185e-06, 5.5515584969455545e-06, 6.0827536772536694e-06, 4.584297105512158e-06], [2.8223781610360067e-06, 6.0820124420451185e-06, 2.007152701536605e-05, 1.8890991523388032e-05, 1.8976474887221482e-05, 1.560058461836678e-05], [3.083481807965232e-06, 5.5515584969455545e-06, 1.8890991523388032e-05, 3.3758171680490256e-05, 3.074918417342752e-05, 2.468063985654583e-05], [2.5903596800504934e-06, 6.0827536772536694e-06, 1.8976474887221482e-05, 3.074918417342752e-05, 5.554427347356874e-05, 3.949505625191461e-05], [2.321279278887865e-06, 4.584297105512158e-06, 1.560058461836678e-05, 2.468063985654583e-05, 3.949505625191461e-05, 4.145464267449246e-05]]</COVARIANCE_MATRIX>
		<ROI_SIZE>750</ROI_SIZE>
		<MAX_VALUE>[0.12292008101940155, 0.12487117946147919, 0.11078503727912903, 0.09491997957229614, 0.05542856827378273, 0.04413653537631035]</MAX_VALUE>
		<MIN_VALUE>[0.10926518589258194, 0.1070522740483284, 0.08074517548084259, 0.04985642433166504, 0.007073465269058943, 0.0]</MIN_VALUE>
		<SIGNATURE_THRESHOLD_MD>0</SIGNATURE_THRESHOLD_MD>
		<SIGNATURE_THRESHOLD_ML>0</SIGNATURE_THRESHOLD_ML>
		<SIGNATURE_THRESHOLD_SAM>0</SIGNATURE_THRESHOLD_SAM>
	</signature>
	<signature ID="20210521_120622909236_761">
		<MACROCLASSID>1</MACROCLASSID>
		<MACROCLASSINFO>waterbody</MACROCLASSINFO>
		<CLASSID>15</CLASSID>
		<CLASSINFO>C 1</CLASSINFO>
		<VALUES>[0.09904833304951535, 0.0029645577189223032, 0.08821777715661357, 0.006932520027702987, 0.06832843560513131, 0.009159437036881402, 0.05000722167501952, 0.00831814545617843, 0.015379018508563774, 0.0075488170631142935, 0.009774678304111058, 0.0063452588433269026]</VALUES>
		<LCS_MIN>[0.08878282457590103, 0.07141446322202682, 0.05070529878139496, 0.03859053552150726, 0.0046557108871638775, 0.0]</LCS_MIN>
		<LCS_MAX>[0.10585145652294159, 0.103488489985466, 0.09276111423969269, 0.08365409076213837, 0.048175305128097534, 0.04413653537631035]</LCS_MAX>
		<WAVELENGTH>[0.485, 0.56, 0.66, 0.83, 1.65, 2.215]</WAVELENGTH>
		<MEAN_VALUE>[0.09904833304951535, 0.08821777715661357, 0.06832843560513131, 0.05000722167501952, 0.015379018508563774, 0.009774678304111058]</MEAN_VALUE>
		<CHECKBOX>2</CHECKBOX>
		<SD>[0.0029645577189223032, 0.006932520027702987, 0.009159437036881402, 0.00831814545617843, 0.0075488170631142935, 0.0063452588433269026]</SD>
		<WAVELENGTH_UNIT>E-6m</WAVELENGTH_UNIT>
		<COLOR>#ea3833</COLOR>
		<COVARIANCE_MATRIX>[[8.80000143441051e-06, 1.5362126830772084e-05, 1.9841000159247028e-05, 4.477348305157832e-06, 5.685011131634386e-07, 6.698931707027517e-07], [1.5362126830772084e-05, 4.812216834946264e-05, 5.811894385831811e-05, 1.1800602908953836e-05, 1.97529745944464e-06, 9.338671723879243e-07], [1.9841000159247028e-05, 5.811894385831811e-05, 8.400410043419353e-05, 3.0757338141382316e-05, 1.4976365825727702e-05, 1.1724014762082783e-05], [4.477348305157832e-06, 1.1800602908953836e-05, 3.0757338141382316e-05, 6.928128642914344e-05, 5.180912290816331e-05, 3.917768658344651e-05], [5.685011131634386e-07, 1.97529745944464e-06, 1.4976365825727702e-05, 5.180912290816331e-05, 5.705854909004687e-05, 3.973573809205406e-05], [6.698931707027517e-07, 9.338671723879243e-07, 1.1724014762082783e-05, 3.917768658344651e-05, 3.973573809205406e-05, 4.0314530683486e-05]]</COVARIANCE_MATRIX>
		<ROI_SIZE>772</ROI_SIZE>
		<MAX_VALUE>[0.10585145652294159, 0.103488489985466, 0.09276111423969269, 0.08365409076213837, 0.048175305128097534, 0.04413653537631035]</MAX_VALUE>
		<MIN_VALUE>[0.08878282457590103, 0.07141446322202682, 0.05070529878139496, 0.03859053552150726, 0.0046557108871638775, 0.0]</MIN_VALUE>
		<SIGNATURE_THRESHOLD_MD>0</SIGNATURE_THRESHOLD_MD>
		<SIGNATURE_THRESHOLD_ML>0</SIGNATURE_THRESHOLD_ML>
		<SIGNATURE_THRESHOLD_SAM>0</SIGNATURE_THRESHOLD_SAM>
	</signature>
	<signature ID="20210521_120627279901_533">
		<MACROCLASSID>1</MACROCLASSID>
		<MACROCLASSINFO>waterbody</MACROCLASSINFO>
		<CLASSID>16</CLASSID>
		<CLASSINFO>C 1</CLASSINFO>
		<VALUES>[0.10414459464842817, 0.0036243275261906866, 0.10223804087492458, 0.008805466372686305, 0.07955939152784515, 0.008023322443314749, 0.056444665384397186, 0.009930118235481247, 0.0212406629590285, 0.009297304476753209, 0.012896294762756213, 0.007313422614555358]</VALUES>
		<LCS_MIN>[0.09219656884670258, 0.07141446322202682, 0.056713271886110306, 0.03859053552150726, 0.007073465269058943, 0.0]</LCS_MIN>
		<LCS_MAX>[0.11097205430269241, 0.11417984217405319, 0.10177308320999146, 0.09116469323635101, 0.0505930557847023, 0.03719231113791466]</LCS_MAX>
		<WAVELENGTH>[0.485, 0.56, 0.66, 0.83, 1.65, 2.215]</WAVELENGTH>
		<MEAN_VALUE>[0.10414459464842817, 0.10223804087492458, 0.07955939152784515, 0.056444665384397186, 0.0212406629590285, 0.012896294762756213]</MEAN_VALUE>
		<CHECKBOX>2</CHECKBOX>
		<SD>[0.0036243275261906866, 0.008805466372686305, 0.008023322443314749, 0.009930118235481247, 0.009297304476753209, 0.007313422614555358]</SD>
		<WAVELENGTH_UNIT>E-6m</WAVELENGTH_UNIT>
		<COLOR>#9203e2</COLOR>
