<?xml version="1.0" ?>
<signaturelist MCID_LIST="[['1', 'waterbody', '#0000ff'], ['2', 'vegetation', '#00ff00'], ['3', 'bareland', '#ffaa00'], ['4', 'built-up', '#ff0000']]">
	<signature ID="20211221_143515293206_273">
		<MACROCLASSID>1</MACROCLASSID>
		<MACROCLASSINFO>waterbody</MACROCLASSINFO>
		<CLASSID>1</CLASSID>
		<CLASSINFO>C 1</CLASSINFO>
		<VALUES>[0.09101325951085756, 0.0039282716209687275, 0.061350955445404524, 0.007272253034150646, 0.041419570040790395, 0.009098481247348978, 0.02990925543389073, 0.008059740576525844, 0.011157404124520823, 0.008222065389666295, 0.008662701325876099, 0.006380247431403552]</VALUES>
		<LCS_MIN>[0.07959883660078049, 0.04919756203889847, 0.03239477425813675, 0.02162831462919712, 0.0, 0.0]</LCS_MIN>
		<LCS_MAX>[0.12369712442159653, 0.10602381080389023, 0.0979757010936737, 0.09131382405757904, 0.07633866369724274, 0.06333800405263901]</LCS_MAX>
		<WAVELENGTH>[0.485, 0.56, 0.66, 0.83, 1.65, 2.215]</WAVELENGTH>
		<MEAN_VALUE>[0.09101325951085756, 0.061350955445404524, 0.041419570040790395, 0.02990925543389073, 0.011157404124520823, 0.008662701325876099]</MEAN_VALUE>
		<CHECKBOX>2</CHECKBOX>
		<SD>[0.0039282716209687275, 0.007272253034150646, 0.009098481247348978, 0.008059740576525844, 0.008222065389666295, 0.006380247431403552]</SD>
		<WAVELENGTH_UNIT>E-6m</WAVELENGTH_UNIT>
		<COLOR>#5d8818</COLOR>
		<COVARIANCE_MATRIX>[[1.1977934263995849e-05, 1.6463662177557126e-05, 2.2266303858486935e-05, 2.0419493012013845e-05, 2.0724202840938233e-05, 1.4624041796196252e-05], [1.6463662177557126e-05, 3.45462431141641e-05, 4.1077790228882805e-05, 3.592905341065489e-05, 3.6143210309091955e-05, 2.544012022553943e-05], [2.2266303858486935e-05, 4.1077790228882805e-05, 6.0738362662959844e-05, 5.542236613109708e-05, 5.587517443927936e-05, 3.9167800423456356e-05], [2.0419493012013845e-05, 3.592905341065489e-05, 5.542236613109708e-05, 6.940066668903455e-05, 6.594675505766645e-05, 4.6138382458593696e-05], [2.0724202840938233e-05, 3.6143210309091955e-05, 5.587517443927936e-05, 6.594675505766645e-05, 7.263162842718884e-05, 4.7962646931409836e-05], [1.4624041796196252e-05, 2.544012022553943e-05, 3.9167800423456356e-05, 4.6138382458593696e-05, 4.7962646931409836e-05, 4.187468584859744e-05]]</COVARIANCE_MATRIX>
		<ROI_SIZE>63300</ROI_SIZE>
		<MAX_VALUE>[0.12369712442159653, 0.10602381080389023, 0.0979757010936737, 0.09131382405757904, 0.07633866369724274, 0.06333800405263901]</MAX_VALUE>
		<MIN_VALUE>[0.07959883660078049, 0.04919756203889847, 0.03239477425813675, 0.02162831462919712, 0.0, 0.0]</MIN_VALUE>
		<SIGNATURE_THRESHOLD_MD>0.0</SIGNATURE_THRESHOLD_MD>
		<SIGNATURE_THRESHOLD_ML>0.0</SIGNATURE_THRESHOLD_ML>
		<SIGNATURE_THRESHOLD_SAM>0.0</SIGNATURE_THRESHOLD_SAM>
	</signature>
	<signature ID="20211221_143521574069_129">
		<MACROCLASSID>1</MACROCLASSID>
		<MACROCLASSINFO>waterbody</MACROCLASSINFO>
		<CLASSID>2</CLASSID>
		<CLASSINFO>C 1</CLASSINFO>
		<VALUES>[0.09350490828188697, 0.004824985853681031, 0.06344784486731382, 0.007724226128112918, 0.041910439657495135, 0.008417507310106442, 0.029035473911485088, 0.007074559497103556, 0.010113317644176013, 0.005572793796541283, 0.007925400516906711, 0.004579336756389343]</VALUES>
		<LCS_MIN>[0.08613191545009613, 0.05274919420480728, 0.03239477425813675, 0.02162831462919712, 0.0, 0.0]</LCS_MIN>
		<LCS_MAX>[0.12206386774778366, 0.10957545042037964, 0.10453378409147263, 0.09951212257146835, 0.07633866369724274, 0.06333800405263901]</LCS_MAX>
		<WAVELENGTH>[0.485, 0.56, 0.66, 0.83, 1.65, 2.215]</WAVELENGTH>
		<MEAN_VALUE>[0.09350490828188697, 0.06344784486731382, 0.041910439657495135, 0.029035473911485088, 0.010113317644176013, 0.007925400516906711]</MEAN_VALUE>
		<CHECKBOX>2</CHECKBOX>
		<SD>[0.004824985853681031, 0.007724226128112918, 0.008417507310106442, 0.007074559497103556, 0.005572793796541283, 0.004579336756389343]</SD>
		<WAVELENGTH_UNIT>E-6m</WAVELENGTH_UNIT>
		<COLOR>#edcdc5</COLOR>
		<COVARIANCE_MATRIX>[[2.1725023543694988e-05, 3.1031540856929496e-05, 3.15292454615701e-05, 2.0181907530059107e-05, 1.344068550679367e-05, 8.781364158494398e-06], [3.1031540856929496e-05, 5.655677887261845e-05, 5.6183955166488886e-05, 3.569492037058808e-05, 2.360920734645333e-05, 1.5368208551080897e-05], [3.15292454615701e-05, 5.6183955166488886e-05, 6.815872620791197e-05, 4.4755313865607604e-05, 2.9979279133840464e-05, 1.9677550881169736e-05], [2.0181907530059107e-05, 3.569492037058808e-05, 4.4755313865607604e-05, 4.555404666461982e-05, 2.90754596790066e-05, 1.9431490727583878e-05], [1.344068550679367e-05, 2.360920734645333e-05, 2.9979279133840464e-05, 2.90754596790066e-05, 2.713131470954977e-05, 1.5722385796834715e-05], [8.781364158494398e-06, 1.5368208551080897e-05, 1.9677550881169736e-05, 1.9431490727583878e-05, 1.5722385796834715e-05, 1.8694885511649773e-05]]</COVARIANCE_MATRIX>
		<ROI_SIZE>46416</ROI_SIZE>
		<MAX_VALUE>[0.12206386774778366, 0.10957545042037964, 0.10453378409147263, 0.09951212257146835, 0.07633866369724274, 0.06333800405263901]</MAX_VALUE>
		<MIN_VALUE>[0.08613191545009613, 0.05274919420480728, 0.03239477425813675, 0.02162831462919712, 0.0, 0.0]</MIN_VALUE>
		<SIGNATURE_THRESHOLD_MD>0.0</SIGNATURE_THRESHOLD_MD>
		<SIGNATURE_THRESHOLD_ML>0.0</SIGNATURE_THRESHOLD_ML>
		<SIGNATURE_THRESHOLD_SAM>0.0</SIGNATURE_THRESHOLD_SAM>
	</signature>
	<signature ID="20211221_143550727938_554">
		<MACROCLASSID>1</MACROCLASSID>
		<MACROCLASSINFO>waterbody</MACROCLASSINFO>
		<CLASSID>3</CLASSID>
		<CLASSINFO>C 1</CLASSINFO>
		<VALUES>[0.10496897144864004, 0.003176372613272133, 0.09116610884666447, 0.00538600435998277, 0.08496881388127805, 0.006516057212616249, 0.08133923516919217, 0.014480431478290205, 0.05885438984259963, 0.01380641437911164, 0.04331398770834008, 0.010530380793392228]</VALUES>
		<LCS_MIN>[0.09919808059930801, 0.08116231858730316, 0.0750223770737648, 0.05852065235376358, 0.03411249443888664, 0.025437653064727783]</LCS_MIN>
		<LCS_MAX>[0.11553079634904861, 0.10957545042037964, 0.10453378409147263, 0.11590871214866638, 0.09217347949743271, 0.07091808319091797]</LCS_MAX>
		<WAVELENGTH>[0.485, 0.56, 0.66, 0.83, 1.65, 2.215]</WAVELENGTH>
		<MEAN_VALUE>[0.10496897144864004, 0.09116610884666447, 0.08496881388127805, 0.08133923516919217, 0.05885438984259963, 0.04331398770834008]</MEAN_VALUE>
		<CHECKBOX>2</CHECKBOX>
		<SD>[0.003176372613272133, 0.00538600435998277, 0.006516057212616249, 0.014480431478290205, 0.01380641437911164, 0.010530380793392228]</SD>
		<WAVELENGTH_UNIT>E-6m</WAVELENGTH_UNIT>
		<COLOR>#6b0a7b</COLOR>
		<COVARIANCE_MATRIX>[[1.0174127055506688e-05, 1.2514748959802091e-05, 1.6150701412698254e-05, 2.4964709155028686e-05, 2.1044992536189966e-05, 1.79531671165023e-05], [1.2514748959802091e-05, 2.925281660282053e-05, 3.050792838621419e-05, 5.033965499023907e-05, 4.105724292458035e-05, 3.911185194738209e-05], [1.6150701412698254e-05, 3.050792838621419e-05, 4.28157982241828e-05, 5.983445589663461e-05, 4.9777794629335403e-05, 4.690498826676048e-05], [2.4964709155028686e-05, 5.033965499023907e-05, 5.983445589663461e-05, 0.00021144493075553328, 0.00014204577018972486, 0.00010173629561904818], [2.1044992536189966e-05, 4.105724292458035e-05, 4.9777794629335403e-05, 0.00014204577018972486, 0.0001922188967000693, 0.00012740472448058426], [1.79531671165023e-05, 3.911185194738209e-05, 4.690498826676048e-05, 0.00010173629561904818, 0.00012740472448058426, 0.00011182075832039118]]</COVARIANCE_MATRIX>
		<ROI_SIZE>120</ROI_SIZE>
		<MAX_VALUE>[0.11553079634904861, 0.10957545042037964, 0.10453378409147263, 0.11590871214866638, 0.09217347949743271, 0.07091808319091797]</MAX_VALUE>
		<MIN_VALUE>[0.09919808059930801, 0.08116231858730316, 0.0750223770737648, 0.05852065235376358, 0.03411249443888664, 0.025437653064727783]</MIN_VALUE>
		<SIGNATURE_THRESHOLD_MD>0.0</SIGNATURE_THRESHOLD_MD>
		<SIGNATURE_THRESHOLD_ML>0.0</SIGNATURE_THRESHOLD_ML>
		<SIGNATURE_THRESHOLD_SAM>0.0</SIGNATURE_THRESHOLD_SAM>
	</signature>
	<signature ID="20211221_143557219875_753">
		<MACROCLASSID>1</MACROCLASSID>
		<MACROCLASSINFO>waterbody</MACROCLASSINFO>
		<CLASSID>4</CLASSID>
		<CLASSINFO>C 1</CLASSINFO>
		<VALUES>[0.1041823723192873, 0.003476912030696173, 0.08949030576081113, 0.005500268443611769, 0.08101511386961772, 0.0069994243113256655, 0.06834446600285068, 0.010239091310634985, 0.044623534741072834, 0.012575860521896657, 0.03602361518504291, 0.010574660101254433]</VALUES>
		<LCS_MIN>[0.0959315299987793, 0.07761068642139435, 0.06846428662538528, 0.05442149564623833, 0.026195090264081955, 0.017857585102319717]</LCS_MIN>
		<LCS_MAX>[0.11063097417354584, 0.10247216373682022, 0.0979757010936737, 0.08721467852592468, 0.07106039673089981, 0.05575793609023094]</LCS_MAX>
		<WAVELENGTH>[0.485, 0.56, 0.66, 0.83, 1.65, 2.215]</WAVELENGTH>
		<MEAN_VALUE>[0.1041823723192873, 0.08949030576081113, 0.08101511386961772, 0.06834446600285068, 0.044623534741072834, 0.03602361518504291]</MEAN_VALUE>
		<CHECKBOX>2</CHECKBOX>
		<SD>[0.003476912030696173, 0.005500268443611769, 0.0069994243113256655, 0.010239091310634985, 0.012575860521896657, 0.010574660101254433]</SD>
		<WAVELENGTH_UNIT>E-6m</WAVELENGTH_UNIT>
		<COLOR>#60ad11</COLOR>
		<COVARIANCE_MATRIX>[[1.2301003152970225e-05, 1.2819283256249037e-05, 1.7524664144730195e-05, 2.5348301278427243e-05, 3.494100383250043e-05, 2.623979889904149e-05], [1.2819283256249037e-05, 3.078370718867518e-05, 3.400799323571846e-05, 4.394911593408324e-05, 5.662514377036132e-05, 4.230434205965139e-05], [1.7524664144730195e-05, 3.400799323571846e-05, 4.985144914826378e-05, 5.587935447692871e-05, 7.679569534957409e-05, 5.580061406362802e-05], [2.5348301278427243e-05, 4.394911593408324e-05, 5.587935447692871e-05, 0.00010667827154975384, 0.0001093960672733374, 7.24351339158602e-05], [3.494100383250043e-05, 5.662514377036132e-05, 7.679569534957409e-05, 0.0001093960672733374, 0.00016092686564661562, 0.00011104315490229055], [2.623979889904149e-05, 4.230434205965139e-05, 5.580061406362802e-05, 7.24351339158602e-05, 0.00011104315490229055, 0.00011378525232430547]]</COVARIANCE_MATRIX>
		<ROI_SIZE>58</ROI_SIZE>
		<MAX_VALUE>[0.11063097417354584, 0.10247216373682022, 0.0979757010936737, 0.08721467852592468, 0.07106039673089981, 0.05575793609023094]</MAX_VALUE>
		<MIN_VALUE>[0.0959315299987793, 0.07761068642139435, 0.06846428662538528, 0.05442149564623833, 0.026195090264081955, 0.017857585102319717]</MIN_VALUE>
		<SIGNATURE_THRESHOLD_MD>0.0</SIGNATURE_THRESHOLD_MD>
		<SIGNATURE_THRESHOLD_ML>0.0</SIGNATURE_THRESHOLD_ML>
		<SIGNATURE_THRESHOLD_SAM>0.0</SIGNATURE_THRESHOLD_SAM>
	</signature>
	<signature ID="20211221_143605524724_948">
		<MACROCLASSID>1</MACROCLASSID>
		<MACROCLASSINFO>waterbody</MACROCLASSINFO>
		<CLASSID>5</CLASSID>
		<CLASSINFO>C 1</CLASSINFO>
		<VALUES>[0.10723377242684365, 0.005841904323321913, 0.09615024536848069, 0.008502897472291483, 0.08958133742213249, 0.011934283981457629, 0.07696681074798108, 0.022230082028004024, 0.05702019065618514, 0.023364561963324034, 0.04620704736560584, 0.01958007101791679]</VALUES>
		<LCS_MIN>[0.09919808059930801, 0.08116231858730316, 0.06846428662538528, 0.04622320458292961, 0.023555956780910492, 0.014067551121115685]</LCS_MIN>
		<LCS_MAX>[0.1204305961728096, 0.11312707513570786, 0.1143709272146225, 0.12410701811313629, 0.10800828039646149, 0.08228818327188492]</LCS_MAX>
		<WAVELENGTH>[0.485, 0.56, 0.66, 0.83, 1.65, 2.215]</WAVELENGTH>
		<MEAN_VALUE>[0.10723377242684365, 0.09615024536848069, 0.08958133742213249, 0.07696681074798108, 0.05702019065618514, 0.04620704736560584]</MEAN_VALUE>
		<CHECKBOX>2</CHECKBOX>
		<SD>[0.005841904323321913, 0.008502897472291483, 0.011934283981457629, 0.022230082028004024, 0.023364561963324034, 0.01958007101791679]</SD>
		<WAVELENGTH_UNIT>E-6m</WAVELENGTH_UNIT>
		<COLOR>#f8955c</COLOR>
		<COVARIANCE_MATRIX>[[3.4824333852157e-05, 4.4497966882772744e-05, 6.10709612374194e-05, 9.700940427137539e-05, 0.00012057919957442209, 9.612673602532595e-05], [4.4497966882772744e-05, 7.377476140391082e-05, 9.724640403874218e-05, 0.0001430615084245801, 0.00017570464115124196, 0.00014771764108445495], [6.10709612374194e-05, 9.724640403874218e-05, 0.0001453338045394048, 0.00019887623784597963, 0.0002421381213935092, 0.0002088461915263906], [9.700940427137539e-05, 0.0001430615084245801, 0.00019887623784597963, 0.0005042617558501661, 0.0004718062118627131, 0.00036176483263261616], [0.00012057919957442209, 0.00017570464115124196, 0.0002421381213935092, 0.0004718062118627131, 0.0005570436478592455, 0.0004257518157828599], [9.612673602532595e-05, 0.00014771764108445495, 0.0002088461915263906, 0.00036176483263261616, 0.0004257518157828599, 0.0003912032407242805]]</COVARIANCE_MATRIX>
		<ROI_SIZE>50</ROI_SIZE>
		<MAX_VALUE>[0.1204305961728096, 0.11312707513570786, 0.1143709272146225, 0.12410701811313629, 0.10800828039646149, 0.08228818327188492]</MAX_VALUE>
		<MIN_VALUE>[0.09919808059930801, 0.08116231858730316, 0.06846428662538528, 0.04622320458292961, 0.023555956780910492, 0.014067551121115685]</MIN_VALUE>
		<SIGNATURE_THRESHOLD_MD>0.0</SIGNATURE_THRESHOLD_MD>
		<SIGNATURE_THRESHOLD_ML>0.0</SIGNATURE_THRESHOLD_ML>
		<SIGNATURE_THRESHOLD_SAM>0.0</SIGNATURE_THRESHOLD_SAM>
	</signature>
	<signature ID="20211221_143614466659_178">
		<MACROCLASSID>1</MACROCLASSID>
		<MACROCLASSINFO>waterbody</MACROCLASSINFO>
		<CLASSID>6</CLASSID>
		<CLASSINFO>C 1</CLASSINFO>
		<VALUES>[0.1037406164687127, 0.0024064555984602783, 0.08948647999204697, 0.0037259836992258135, 0.08219528896734118, 0.0054028131318764085, 0.07414864690508692, 0.010622127427802481, 0.047885484062135206, 0.011269261500054927, 0.037518392491620034, 0.010180208410870029]</VALUES>
		<LCS_MIN>[0.09919808059930801, 0.08116231858730316, 0.0750223770737648, 0.05442149564623833, 0.028834223747253418, 0.02164761908352375]</LCS_MIN>
		<LCS_MAX>[0.11063097417354584, 0.09892052412033081, 0.0979757010936737, 0.095412977039814, 0.07369952648878098, 0.059547968208789825]</LCS_MAX>
		<WAVELENGTH>[0.485, 0.56, 0.66, 0.83, 1.65, 2.215]</WAVELENGTH>
		<MEAN_VALUE>[0.1037406164687127, 0.08948647999204697, 0.08219528896734118, 0.07414864690508692, 0.047885484062135206, 0.037518392491620034]</MEAN_VALUE>
		<CHECKBOX>2</CHECKBOX>
		<SD>[0.0024064555984602783, 0.0037259836992258135, 0.0054028131318764085, 0.010622127427802481, 0.011269261500054927, 0.010180208410870029]</SD>
		<WAVELENGTH_UNIT>E-6m</WAVELENGTH_UNIT>
		<COLOR>#14121a</COLOR>
		<COVARIANCE_MATRIX>[[5.9778358263429254e-06, 5.315437192621175e-06, 8.864763913152274e-06, 5.115747626405209e-06, 1.3422275515040383e-05, 1.623666685190983e-05], [5.315437192621175e-06, 1.4330791600514203e-05, 1.6881991541595198e-05, 2.5389665097463876e-05, 3.434656900935806e-05, 3.1670966563979164e-05], [8.864763913152274e-06, 1.6881991541595198e-05, 3.0132016036077403e-05, 3.387423203093931e-05, 4.93234365421813e-05, 3.923744952771813e-05], [5.115747626405209e-06, 2.5389665097463876e-05, 3.387423203093931e-05, 0.00011646925850072876, 8.560777496313676e-05, 7.52364139771089e-05], [1.3422275515040383e-05, 3.434656900935806e-05, 4.93234365421813e-05, 8.560777496313676e-05, 0.00013109290739521384, 9.443811723031104e-05], [1.623666685190983e-05, 3.1670966563979164e-05, 3.923744952771813e-05, 7.52364139771089e-05, 9.443811723031104e-05, 0.00010697975812945515]]</COVARIANCE_MATRIX>
		<ROI_SIZE>32</ROI_SIZE>
		<MAX_VALUE>[0.11063097417354584, 0.09892052412033081, 0.0979757010936737, 0.095412977039814, 0.07369952648878098, 0.059547968208789825]</MAX_VALUE>
		<MIN_VALUE>[0.09919808059930801, 0.08116231858730316, 0.0750223770737648, 0.05442149564623833, 0.028834223747253418, 0.02164761908352375]</MIN_VALUE>
		<SIGNATURE_THRESHOLD_MD>0.0</SIGNATURE_THRESHOLD_MD>
		<SIGNATURE_THRESHOLD_ML>0.0</SIGNATURE_THRESHOLD_ML>
		<SIGNATURE_THRESHOLD_SAM>0.0</SIGNATURE_THRESHOLD_SAM>
	</signature>
	<signature ID="20211221_143621989108_693">
		<MACROCLASSID>1</MACROCLASSID>
		<MACROCLASSINFO>waterbody</MACROCLASSINFO>
		<CLASSID>7</CLASSID>
		<CLASSINFO>C 1</CLASSINFO>
		<VALUES>[0.10278376688559847, 0.004082907529723769, 0.08842889656280645, 0.006593208483120343, 0.0818819885795144, 0.007933403657436514, 0.07699036846558253, 0.011773881450951621, 0.053799838812529366, 0.011616637764152482, 0.04255815852304984, 0.011633689745332925]</VALUES>
		<LCS_MIN>[0.0959315299987793, 0.07761068642139435, 0.06846428662538528, 0.05852065235376358, 0.036751631647348404, 0.025437653064727783]</LCS_MIN>
		<LCS_MAX>[0.11389751732349396, 0.10602381080389023, 0.10125473141670227, 0.10361127555370331, 0.0789777860045433, 0.06712804734706879]</LCS_MAX>
		<WAVELENGTH>[0.485, 0.56, 0.66, 0.83, 1.65, 2.215]</WAVELENGTH>
		<MEAN_VALUE>[0.10278376688559847, 0.08842889656280645, 0.0818819885795144, 0.07699036846558253, 0.053799838812529366, 0.04255815852304984]</MEAN_VALUE>
		<CHECKBOX>2</CHECKBOX>
		<SD>[0.004082907529723769, 0.006593208483120343, 0.007933403657436514, 0.011773881450951621, 0.011616637764152482, 0.011633689745332925]</SD>
		<WAVELENGTH_UNIT>E-6m</WAVELENGTH_UNIT>
		<COLOR>#203fc5</COLOR>
		<COVARIANCE_MATRIX>[[1.6863972632563673e-05, 2.3420243451255374e-05, 2.8361902877804823e-05, 2.0272058463888243e-05, 2.3365686502074823e-05, 2.527934884710703e-05], [2.3420243451255374e-05, 4.397586963023059e-05, 4.883627116214484e-05, 3.588498293538578e-05, 3.598469265853055e-05, 4.2249983380315825e-05], [2.8361902877804823e-05, 4.883627116214484e-05, 6.367074092850089e-05, 4.125445775571279e-05, 4.672290742746554e-05, 5.3303570894058794e-05], [2.0272058463888243e-05, 3.588498293538578e-05, 4.125445775571279e-05, 0.00014023619587533176, 8.261713082902133e-05, 5.875490387552418e-05], [2.3365686502074823e-05, 3.598469265853055e-05, 4.672290742746554e-05, 8.261713082902133e-05, 0.00013651541667059064, 0.00012041399895679206], [2.527934884710703e-05, 4.2249983380315825e-05, 5.3303570894058794e-05, 5.875490387552418e-05, 0.00012041399895679206, 0.00013691649655811489]]</COVARIANCE_MATRIX>
		<ROI_SIZE>87</ROI_SIZE>
		<MAX_VALUE>[0.11389751732349396, 0.10602381080389023, 0.10125473141670227, 0.10361127555370331, 0.0789777860045433, 0.06712804734706879]</MAX_VALUE>
		<MIN_VALUE>[0.0959315299987793, 0.07761068642139435, 0.06846428662538528, 0.05852065235376358, 0.036751631647348404, 0.025437653064727783]</MIN_VALUE>
		<SIGNATURE_THRESHOLD_MD>0.0</SIGNATURE_THRESHOLD_MD>
		<SIGNATURE_THRESHOLD_ML>0.0</SIGNATURE_THRESHOLD_ML>
		<SIGNATURE_THRESHOLD_SAM>0.0</SIGNATURE_THRESHOLD_SAM>
	</signature>
	<signature ID="20211221_143659517891_864">
		<MACROCLASSID>1</MACROCLASSID>
		<MACROCLASSINFO>waterbody</MACROCLASSINFO>
		<CLASSID>8</CLASSID>
		<CLASSINFO>C 1</CLASSINFO>
		<VALUES>[0.10269328072667121, 0.0034725339759488485, 0.09011245489120483, 0.005134056050590579, 0.08630229279398917, 0.007037659970177655, 0.08713269516825675, 0.014492443922737177, 0.06013437122106553, 0.014732050694245493, 0.04431202985346318, 0.010865971248632466]</VALUES>
		<LCS_MIN>[0.09756480902433395, 0.08116231858730316, 0.0750223770737648, 0.05852065235376358, 0.03411249443888664, 0.025437653064727783]</LCS_MIN>
		<LCS_MAX>[0.11716405302286148, 0.10957545042037964, 0.10781282931566238, 0.11590871214866638, 0.08953434973955154, 0.07470810413360596]</LCS_MAX>
		<WAVELENGTH>[0.485, 0.56, 0.66, 0.83, 1.65, 2.215]</WAVELENGTH>
		<MEAN_VALUE>[0.10269328072667121, 0.09011245489120483, 0.08630229279398917, 0.08713269516825675, 0.06013437122106553, 0.04431202985346318]</MEAN_VALUE>
		<CHECKBOX>2</CHECKBOX>
		<SD>[0.0034725339759488485, 0.005134056050590579, 0.007037659970177655, 0.014492443922737177, 0.014732050694245493, 0.010865971248632466]</SD>
		<WAVELENGTH_UNIT>E-6m</WAVELENGTH_UNIT>
		<COLOR>#18ea29</COLOR>
		<COVARIANCE_MATRIX>[[1.2304583833611105e-05, 1.531408452137839e-05, 2.010195930779446e-05, 1.709824391582515e-05, 1.627227356948424e-05, 1.7703825506032445e-05], [1.531408452137839e-05, 2.6896461349679157e-05, 3.079294765484519e-05, 2.927188870671671e-05, 2.671188303793315e-05, 2.7888669137610123e-05], [2.010195930779446e-05, 3.079294765484519e-05, 5.053944551036693e-05, 6.293816841207445e-05, 5.51161720068194e-05, 4.703249578597024e-05], [1.709824391582515e-05, 2.927188870671671e-05, 6.293816841207445e-05, 0.0002143172750947997, 0.00017350194684695452, 0.00011350094428053126], [1.627227356948424e-05, 2.671188303793315e-05, 5.51161720068194e-05, 0.00017350194684695452, 0.00022146257106214762, 0.00014878287038300186], [1.7703825506032445e-05, 2.7888669137610123e-05, 4.703249578597024e-05, 0.00011350094428053126, 0.00014878287038300186, 0.00012047890777466819]]</COVARIANCE_MATRIX>
		<ROI_SIZE>50</ROI_SIZE>
		<MAX_VALUE>[0.11716405302286148, 0.10957545042037964, 0.10781282931566238, 0.11590871214866638, 0.08953434973955154, 0.07470810413360596]</MAX_VALUE>
		<MIN_VALUE>[0.09756480902433395, 0.08116231858730316, 0.0750223770737648, 0.05852065235376358, 0.03411249443888664, 0.025437653064727783]</MIN_VALUE>
		<SIGNATURE_THRESHOLD_MD>0.0</SIGNATURE_THRESHOLD_MD>
		<SIGNATURE_THRESHOLD_ML>0.0</SIGNATURE_THRESHOLD_ML>
		<SIGNATURE_THRESHOLD_SAM>0.0</SIGNATURE_THRESHOLD_SAM>
	</signature>
	<signature ID="20211221_143711452251_999">
		<MACROCLASSID>1</MACROCLASSID>
		<MACROCLASSINFO>waterbody</MACROCLASSINFO>
		<CLASSID>9</CLASSID>
		<CLASSINFO>C 1</CLASSINFO>
		<VALUES>[0.10337199588064794, 0.0033066227450549487, 0.09267226772175895, 0.005066083704090338, 0.08874578953341201, 0.007548246446204931, 0.0848614653503453, 0.013214687972661726, 0.06348509348377032, 0.013872754577887059, 0.051476600062516004, 0.013089423233185266]</VALUES>
		<LCS_MIN>[0.09756480902433395, 0.08471395820379257, 0.07830142229795456, 0.0667189434170723, 0.036751631647348404, 0.029227692633867264]</LCS_MIN>
		<LCS_MAX>[0.1122642308473587, 0.10602381080389023, 0.10453378409147263, 0.12000785768032074, 0.09745173901319504, 0.08228818327188492]</LCS_MAX>
		<WAVELENGTH>[0.485, 0.56, 0.66, 0.83, 1.65, 2.215]</WAVELENGTH>
		<MEAN_VALUE>[0.10337199588064794, 0.09267226772175895, 0.08874578953341201, 0.0848614653503453, 0.06348509348377032, 0.051476600062516004]</MEAN_VALUE>
		<CHECKBOX>2</CHECKBOX>
		<SD>[0.0033066227450549487, 0.005066083704090338, 0.007548246446204931, 0.013214687972661726, 0.013872754577887059, 0.013089423233185266]</SD>
		<WAVELENGTH_UNIT>E-6m</WAVELENGTH_UNIT>
		<COLOR>#2f5c70</COLOR>
		<COVARIANCE_MATRIX>[[1.1140051356051117e-05, 1.3875679542252328e-05, 2.086089261865709e-05, 2.466067780915182e-05, 3.066996214329265e-05, 3.01202162518166e-05], [1.3875679542252328e-05, 2.6149453333346173e-05, 3.418923733988777e-05, 4.545140836853534e-05, 4.7983088734326884e-05, 4.512814120971598e-05], [2.086089261865709e-05, 3.418923733988777e-05, 5.80510422878433e-05, 7.348094368353486e-05, 8.093854557955638e-05, 7.885639206506312e-05], [2.466067780915182e-05, 4.545140836853534e-05, 7.348094368353486e-05, 0.00017792284779716283, 0.00012982224870938808, 9.760700049810112e-05], [3.066996214329265e-05, 4.7983088734326884e-05, 8.093854557955638e-05, 0.00012982224870938808, 0.00019608451111707836, 0.00016624909767415375], [3.01202162518166e-05, 4.512814120971598e-05, 7.885639206506312e-05, 9.760700049810112e-05, 0.00016624909767415375, 0.00017456569185014814]]</COVARIANCE_MATRIX>
		<ROI_SIZE>54</ROI_SIZE>
		<MAX_VALUE>[0.1122642308473587, 0.10602381080389023, 0.10453378409147263, 0.12000785768032074, 0.09745173901319504, 0.08228818327188492]</MAX_VALUE>
		<MIN_VALUE>[0.09756480902433395, 0.08471395820379257, 0.07830142229795456, 0.0667189434170723, 0.036751631647348404, 0.029227692633867264]</MIN_VALUE>
		<SIGNATURE_THRESHOLD_MD>0.0</SIGNATURE_THRESHOLD_MD>
		<SIGNATURE_THRESHOLD_ML>0.0</SIGNATURE_THRESHOLD_ML>
		<SIGNATURE_THRESHOLD_SAM>0.0</SIGNATURE_THRESHOLD_SAM>
	</signature>
	<signature ID="20211221_143725087895_151">
		<MACROCLASSID>1</MACROCLASSID>
		<MACROCLASSINFO>waterbody</MACROCLASSINFO>
		<CLASSID>10</CLASSID>
		<CLASSINFO>C 1</CLASSINFO>
		<VALUES>[0.10276707924074596, 0.00512716874860957, 0.09221186930382692, 0.007255125166430112, 0.08971735641912179, 0.009912562352912671, 0.08448191456220767, 0.015296976920158625, 0.06343622284906883, 0.018147574295703593, 0.05266975887395718, 0.016856294411206726]</VALUES>
		<LCS_MIN>[0.0959315299987793, 0.08116231858730316, 0.0750223770737648, 0.06261979043483734, 0.03411249443888664, 0.025437653064727783]</LCS_MIN>
		<LCS_MAX>[0.11553079634904861, 0.10957545042037964, 0.11109186708927155, 0.11180956661701202, 0.09481260925531387, 0.0860782191157341]</LCS_MAX>
		<WAVELENGTH>[0.485, 0.56, 0.66, 0.83, 1.65, 2.215]</WAVELENGTH>
		<MEAN_VALUE>[0.10276707924074596, 0.09221186930382692, 0.08971735641912179, 0.08448191456220767, 0.06343622284906883, 0.05266975887395718]</MEAN_VALUE>
		<CHECKBOX>2</CHECKBOX>
		<SD>[0.00512716874860957, 0.007255125166430112, 0.009912562352912671, 0.015296976920158625, 0.018147574295703593, 0.016856294411206726]</SD>
		<WAVELENGTH_UNIT>E-6m</WAVELENGTH_UNIT>
		<COLOR>#ffbdc9</COLOR>
		<COVARIANCE_MATRIX>[[2.7298930945107713e-05, 3.1780407880432904e-05, 4.5644392230315134e-05, 6.986853259149939e-05, 7.965072290971875e-05, 6.691890303045511e-05], [3.1780407880432904e-05, 5.4661333706462756e-05, 6.743725680280477e-05, 0.0001007910177577287, 0.00011127745528938249, 9.134966967394575e-05], [4.5644392230315134e-05, 6.743725680280477e-05, 0.00010203808051301166, 0.0001425121445208788, 0.00015928252832964063, 0.0001307740603806451], [6.986853259149939e-05, 0.0001007910177577287, 0.0001425121445208788, 0.00024299741198774427, 0.0002588047937024385, 0.00020694633712992072], [7.965072290971875e-05, 0.00011127745528938249, 0.00015928252832964063, 0.0002588047937024385, 0.0003420011489652097, 0.00029062575777061284], [6.691890303045511e-05, 9.134966967394575e-05, 0.0001307740603806451, 0.00020694633712992072, 0.00029062575777061284, 0.00029506292776204646]]</COVARIANCE_MATRIX>
		<ROI_SIZE>27</ROI_SIZE>
		<MAX_VALUE>[0.11553079634904861, 0.10957545042037964, 0.11109186708927155, 0.11180956661701202, 0.09481260925531387, 0.0860782191157341]</MAX_VALUE>
		<MIN_VALUE>[0.0959315299987793, 0.08116231858730316, 0.0750223770737648, 0.06261979043483734, 0.03411249443888664, 0.025437653064727783]</MIN_VALUE>
		<SIGNATURE_THRESHOLD_MD>0.0</SIGNATURE_THRESHOLD_MD>
		<SIGNATURE_THRESHOLD_ML>0.0</SIGNATURE_THRESHOLD_ML>
		<SIGNATURE_THRESHOLD_SAM>0.0</SIGNATURE_THRESHOLD_SAM>
	</signature>
	<signature ID="20211221_143903620969_667">
		<MACROCLASSID>2</MACROCLASSID>
		<MACROCLASSINFO>vegetation</MACROCLASSINFO>
		<CLASSID>11</CLASSID>
		<CLASSINFO>C 1</CLASSINFO>
		<VALUES>[0.11570400947874243, 0.003037379222874045, 0.11291183328086679, 0.0055601840837792805, 0.11506647718223659, 0.008943956525292954, 0.24490765459609762, 0.00922742562243276, 0.17726560095042898, 0.01555279957730955, 0.1267349561958602, 0.01443270618314763]</VALUES>
		<LCS_MIN>[0.10899769514799118, 0.09892052412033081, 0.09141761064529419, 0.22658571600914001, 0.13967791199684143, 0.09744831174612045]</LCS_MIN>
		<LCS_MAX>[0.12369712442159653, 0.12378200888633728, 0.13404519855976105, 0.26347804069519043, 0.1977389007806778, 0.14671877026557922]</LCS_MAX>
		<WAVELENGTH>[0.485, 0.56, 0.66, 0.83, 1.65, 2.215]</WAVELENGTH>
		<MEAN_VALUE>[0.11570400947874243, 0.11291183328086679, 0.11506647718223659, 0.24490765459609762, 0.17726560095042898, 0.1267349561958602]</MEAN_VALUE>
		<CHECKBOX>2</CHECKBOX>
		<SD>[0.003037379222874045, 0.0055601840837792805, 0.008943956525292954, 0.00922742562243276, 0.01555279957730955, 0.01443270618314763]</SD>
		<WAVELENGTH_UNIT>E-6m</WAVELENGTH_UNIT>
		<COLOR>#b8d66c</COLOR>
		<COVARIANCE_MATRIX>[[9.367606253363192e-06, 1.1817925042123534e-05, 1.9899258404620923e-05, -1.3686534430235042e-06, 2.9330993129406124e-05, 2.5228140657418407e-05], [1.1817925042123534e-05, 3.139127147733234e-05, 4.476511458051391e-05, -1.1674096640490461e-05, 6.517581641674042e-05, 6.542152550537139e-05], [1.9899258404620923e-05, 4.476511458051391e-05, 8.122504368657246e-05, -2.2865864593768492e-05, 0.00011857184290420264, 0.0001120057058869861], [-1.3686534430235042e-06, -1.1674096640490461e-05, -2.2865864593768492e-05, 8.645531488582492e-05, -4.235998494550586e-05, -4.9845304602058604e-05], [2.9330993129406124e-05, 6.517581641674042e-05, 0.00011857184290420264, -4.235998494550586e-05, 0.0002456109505146742, 0.00021256881882436574], [2.5228140657418407e-05, 6.542152550537139e-05, 0.0001120057058869861, -4.9845304602058604e-05, 0.00021256881882436574, 0.00021150766406208277]]</COVARIANCE_MATRIX>
		<ROI_SIZE>66</ROI_SIZE>
		<MAX_VALUE>[0.12369712442159653, 0.12378200888633728, 0.13404519855976105, 0.26347804069519043, 0.1977389007806778, 0.14671877026557922]</MAX_VALUE>
		<MIN_VALUE>[0.10899769514799118, 0.09892052412033081, 0.09141761064529419, 0.22658571600914001, 0.13967791199684143, 0.09744831174612045]</MIN_VALUE>
		<SIGNATURE_THRESHOLD_MD>0.0</SIGNATURE_THRESHOLD_MD>
		<SIGNATURE_THRESHOLD_ML>0.0</SIGNATURE_THRESHOLD_ML>
		<SIGNATURE_THRESHOLD_SAM>0.0</SIGNATURE_THRESHOLD_SAM>
	</signature>
	<signature ID="20211221_143909147823_120">
		<MACROCLASSID>2</MACROCLASSID>
		<MACROCLASSINFO>vegetation</MACROCLASSINFO>
		<CLASSID>12</CLASSID>
		<CLASSINFO>C 1</CLASSINFO>
		<VALUES>[0.11567158303384122, 0.008791682338788616, 0.11196361456451745, 0.014258332059695396, 0.11143108688551806, 0.02299922389278223, 0.2586721405386925, 0.015434351229948937, 0.16807136890189406, 0.04307732832194176, 0.11888162663270689, 0.043484723602762225]</VALUES>
		<LCS_MIN>[0.1040978953242302, 0.0953688770532608, 0.08158046752214432, 0.22248655557632446, 0.10273001343011856, 0.059547968208789825]</LCS_MIN>
		<LCS_MAX>[0.14002981781959534, 0.14509184658527374, 0.1537194699048996, 0.2839737832546234, 0.2478824406862259, 0.19977928698062897]</LCS_MAX>
		<WAVELENGTH>[0.485, 0.56, 0.66, 0.83, 1.65, 2.215]</WAVELENGTH>
		<MEAN_VALUE>[0.11567158303384122, 0.11196361456451745, 0.11143108688551806, 0.2586721405386925, 0.16807136890189406, 0.11888162663270689]</MEAN_VALUE>
		<CHECKBOX>2</CHECKBOX>
		<SD>[0.008791682338788616, 0.014258332059695396, 0.02299922389278223, 0.015434351229948937, 0.04307732832194176, 0.043484723602762225]</SD>
		<WAVELENGTH_UNIT>E-6m</WAVELENGTH_UNIT>
		<COLOR>#d0f71c</COLOR>
		<COVARIANCE_MATRIX>[[7.864971121307462e-05, 0.00011954074579989538, 0.00018730219744611531, 9.497733117314056e-06, 0.00035059641231782734, 0.0003458581632003188], [0.00011954074579989538, 0.00020686669449787587, 0.00032587634632363915, 2.739109731919598e-06, 0.0006012722151353955, 0.0006011206423863769], [0.00018730219744611531, 0.00032587634632363915, 0.0005382443778216839, -2.7346095521352254e-05, 0.0009740051464177668, 0.0009748261654749513], [9.497733117314056e-06, 2.739109731919598e-06, -2.7346095521352254e-05, 0.00024239848426077515, -3.006590486620553e-05, -5.027330189477652e-05], [0.00035059641231782734, 0.0006012722151353955, 0.0009740051464177668, -3.006590486620553e-05, 0.0018882115837186575, 0.0018706575501710176], [0.0003458581632003188, 0.0006011206423863769, 0.0009748261654749513, -5.027330189477652e-05, 0.0018706575501710176, 0.0019240952096879482]]</COVARIANCE_MATRIX>
		<ROI_SIZE>58</ROI_SIZE>
		<MAX_VALUE>[0.14002981781959534, 0.14509184658527374, 0.1537194699048996, 0.2839737832546234, 0.2478824406862259, 0.19977928698062897]</MAX_VALUE>
		<MIN_VALUE>[0.1040978953242302, 0.0953688770532608, 0.08158046752214432, 0.22248655557632446, 0.10273001343011856, 0.059547968208789825]</MIN_VALUE>
		<SIGNATURE_THRESHOLD_MD>0.0</SIGNATURE_THRESHOLD_MD>
		<SIGNATURE_THRESHOLD_ML>0.0</SIGNATURE_THRESHOLD_ML>
		<SIGNATURE_THRESHOLD_SAM>0.0</SIGNATURE_THRESHOLD_SAM>
	</signature>
	<signature ID="20211221_143922956970_541">
		<MACROCLASSID>2</MACROCLASSID>
		<MACROCLASSINFO>vegetation</MACROCLASSINFO>
		<CLASSID>13</CLASSID>
		<CLASSINFO>C 1</CLASSINFO>
		<VALUES>[0.11811679518885082, 0.004071816272616769, 0.11761596219407187, 0.007672259583748586, 0.12552878384788835, 0.011047833319228208, 0.2376875639375713, 0.01005098515680129, 0.1948798261582851, 0.019034887139663028, 0.14592918784668046, 0.018577374702882704]</VALUES>
		<LCS_MIN>[0.10899769514799118, 0.09892052412033081, 0.0979757010936737, 0.21428826451301575, 0.14759530127048492, 0.10123836249113083]</LCS_MIN>
		<LCS_MAX>[0.1285969316959381, 0.13443692028522491, 0.14716137945652008, 0.267577201128006, 0.2267693728208542, 0.18840914964675903]</LCS_MAX>
		<WAVELENGTH>[0.485, 0.56, 0.66, 0.83, 1.65, 2.215]</WAVELENGTH>
		<MEAN_VALUE>[0.11811679518885082, 0.11761596219407187, 0.12552878384788835, 0.2376875639375713, 0.1948798261582851, 0.14592918784668046]</MEAN_VALUE>
		<CHECKBOX>2</CHECKBOX>
		<SD>[0.004071816272616769, 0.007672259583748586, 0.011047833319228208, 0.01005098515680129, 0.019034887139663028, 0.018577374702882704]</SD>
		<WAVELENGTH_UNIT>E-6m</WAVELENGTH_UNIT>
		<COLOR>#5d1308</COLOR>
		<COVARIANCE_MATRIX>[[1.6813204638310708e-05, 2.5238870875909925e-05, 3.757068407139741e-05, 2.2866854578751372e-06, 5.970843994873576e-05, 5.5863936722744256e-05], [2.5238870875909925e-05, 5.9692632930818945e-05, 8.043066918617114e-05, 8.1081170719699e-06, 0.00012919033179059625, 0.00011715829168679193], [3.757068407139741e-05, 8.043066918617114e-05, 0.0001237737014889717, 1.9799299479927868e-06, 0.00018263472884427756, 0.00017031926836352795], [2.2866854578751372e-06, 8.1081170719699e-06, 1.9799299479927868e-06, 0.00010244514851365238, 4.072063893545419e-05, 3.449081850703806e-05], [5.970843994873576e-05, 0.00012919033179059625, 0.00018263472884427756, 4.072063893545419e-05, 0.00036743012606166303, 0.0003330029430799186], [5.5863936722744256e-05, 0.00011715829168679193, 0.00017031926836352795, 3.449081850703806e-05, 0.0003330029430799186, 0.0003499796730466187]]</COVARIANCE_MATRIX>
		<ROI_SIZE>72</ROI_SIZE>
		<MAX_VALUE>[0.1285969316959381, 0.13443692028522491, 0.14716137945652008, 0.267577201128006, 0.2267693728208542, 0.18840914964675903]</MAX_VALUE>
		<MIN_VALUE>[0.10899769514799118, 0.09892052412033081, 0.0979757010936737, 0.21428826451301575, 0.14759530127048492, 0.10123836249113083]</MIN_VALUE>
		<SIGNATURE_THRESHOLD_MD>0.0</SIGNATURE_THRESHOLD_MD>
		<SIGNATURE_THRESHOLD_ML>0.0</SIGNATURE_THRESHOLD_ML>
		<SIGNATURE_THRESHOLD_SAM>0.0</SIGNATURE_THRESHOLD_SAM>
	</signature>
	<signature ID="20211221_143940788947_578">
		<MACROCLASSID>2</MACROCLASSID>
		<MACROCLASSINFO>vegetation</MACROCLASSINFO>
		<CLASSID>14</CLASSID>
		<CLASSINFO>C 1</CLASSINFO>
		<VALUES>[0.11727541464973576, 0.0050026382222505, 0.11377283863045953, 0.00802332920034835, 0.11757544038647956, 0.012278794370458673, 0.22733100368217987, 0.016049921976812664, 0.17230722172693774, 0.01821586865247284, 0.12139445340091536, 0.018190240440713847]</VALUES>
		<LCS_MIN>[0.10899769514799118, 0.10247216373682022, 0.0979757010936737, 0.19789165258407593, 0.13703878223896027, 0.08986824750900269]</LCS_MIN>
		<LCS_MAX>[0.1334967464208603, 0.1308852732181549, 0.14716137945652008, 0.25937891006469727, 0.20565630495548248, 0.1505088061094284]</LCS_MAX>
		<WAVELENGTH>[0.485, 0.56, 0.66, 0.83, 1.65, 2.215]</WAVELENGTH>
		<MEAN_VALUE>[0.11727541464973576, 0.11377283863045953, 0.11757544038647956, 0.22733100368217987, 0.17230722172693774, 0.12139445340091536]</MEAN_VALUE>
		<CHECKBOX>2</CHECKBOX>
		<SD>[0.0050026382222505, 0.00802332920034835, 0.012278794370458673, 0.016049921976812664, 0.01821586865247284, 0.018190240440713847]</SD>
		<WAVELENGTH_UNIT>E-6m</WAVELENGTH_UNIT>
		<COLOR>#f6375c</COLOR>
		<COVARIANCE_MATRIX>[[2.5608398573240265e-05, 3.594524605432525e-05, 5.505874287337065e-05, -2.3128215616452508e-05, 6.605061935260892e-05, 6.838612898718566e-05], [3.594524605432525e-05, 6.587087409570813e-05, 9.700885857455432e-05, -4.1798510210355744e-05, 0.0001172945267171599, 0.00012755066563840955], [5.505874287337065e-05, 9.700885857455432e-05, 0.00015427503967657685, -6.933772965567186e-05, 0.00018844529404304922, 0.0002041373954853043], [-2.3128215616452508e-05, -4.1798510210355744e-05, -6.933772965567186e-05, 0.0002635906857904047, -4.526257544057444e-05, -9.738684457261115e-05], [6.605061935260892e-05, 0.0001172945267171599, 0.00018844529404304922, -4.526257544057444e-05, 0.0003395345702301711, 0.00031842783209867775], [6.838612898718566e-05, 0.00012755066563840955, 0.0002041373954853043, -9.738684457261115e-05, 0.00031842783209867775, 0.0003385798481758684]]</COVARIANCE_MATRIX>
		<ROI_SIZE>44</ROI_SIZE>
		<MAX_VALUE>[0.1334967464208603, 0.1308852732181549, 0.14716137945652008, 0.25937891006469727, 0.20565630495548248, 0.1505088061094284]</MAX_VALUE>
		<MIN_VALUE>[0.10899769514799118, 0.10247216373682022, 0.0979757010936737, 0.19789165258407593, 0.13703878223896027, 0.08986824750900269]</MIN_VALUE>
		<SIGNATURE_THRESHOLD_MD>0.0</SIGNATURE_THRESHOLD_MD>
		<SIGNATURE_THRESHOLD_ML>0.0</SIGNATURE_THRESHOLD_ML>
		<SIGNATURE_THRESHOLD_SAM>0.0</SIGNATURE_THRESHOLD_SAM>
	</signature>
	<signature ID="20211221_144002938187_811">
		<MACROCLASSID>2</MACROCLASSID>
		<MACROCLASSINFO>vegetation</MACROCLASSINFO>
		<CLASSID>15</CLASSID>
		<CLASSINFO>C 1</CLASSINFO>
		<VALUES>[0.12117621415983076, 0.007333570444260858, 0.13667600504730062, 0.012834687053217378, 0.15535899478456247, 0.018957287139982164, 0.25652730886055086, 0.0132654116757666, 0.23434255304543872, 0.03404564008127843, 0.1891506932999777, 0.03397841030865257]</VALUES>
		<LCS_MIN>[0.10899769514799118, 0.11667872220277786, 0.12092900276184082, 0.2388831377029419, 0.1687084138393402, 0.12397857010364532]</LCS_MIN>
		<LCS_MAX>[0.13513000309467316, 0.15929841995239258, 0.18650993704795837, 0.27987462282180786, 0.2953868806362152, 0.25283974409103394]</LCS_MAX>
		<WAVELENGTH>[0.485, 0.56, 0.66, 0.83, 1.65, 2.215]</WAVELENGTH>
		<MEAN_VALUE>[0.12117621415983076, 0.13667600504730062, 0.15535899478456247, 0.25652730886055086, 0.23434255304543872, 0.1891506932999777]</MEAN_VALUE>
		<CHECKBOX>2</CHECKBOX>
		<SD>[0.007333570444260858, 0.012834687053217378, 0.018957287139982164, 0.0132654116757666, 0.03404564008127843, 0.03397841030865257]</SD>
		<WAVELENGTH_UNIT>E-6m</WAVELENGTH_UNIT>
		<COLOR>#2ca2cd</COLOR>
		<COVARIANCE_MATRIX>[[5.497639358509332e-05, 9.226613474311307e-05, 0.0001371619728161022, 8.861351670930162e-05, 0.00022833142429590225, 0.00023300970497075468], [9.226613474311307e-05, 0.00016838984447531402, 0.0002446953149046749, 0.0001566432329127565, 0.00041633585351519287, 0.00042635761201381683], [0.0001371619728161022, 0.0002446953149046749, 0.00036736493348143995, 0.00023387859982904047, 0.0006155769806355238, 0.000631465227343142], [8.861351670930162e-05, 0.0001566432329127565, 0.00023387859982904047, 0.00017988162289839238, 0.00039326021214947104, 0.00040505966171622276], [0.00022833142429590225, 0.00041633585351519287, 0.0006155769806355238, 0.00039326021214947104, 0.0011848635040223598, 0.0011467599542811513], [0.00023300970497075468, 0.00042635761201381683, 0.000631465227343142, 0.00040505966171622276, 0.0011467599542811513, 0.0011801886139437556]]</COVARIANCE_MATRIX>
		<ROI_SIZE>46</ROI_SIZE>
		<MAX_VALUE>[0.13513000309467316, 0.15929841995239258, 0.18650993704795837, 0.27987462282180786, 0.2953868806362152, 0.25283974409103394]</MAX_VALUE>
		<MIN_VALUE>[0.10899769514799118, 0.11667872220277786, 0.12092900276184082, 0.2388831377029419, 0.1687084138393402, 0.12397857010364532]</MIN_VALUE>
		<SIGNATURE_THRESHOLD_MD>0.0</SIGNATURE_THRESHOLD_MD>
		<SIGNATURE_THRESHOLD_ML>0.0</SIGNATURE_THRESHOLD_ML>
		<SIGNATURE_THRESHOLD_SAM>0.0</SIGNATURE_THRESHOLD_SAM>
	</signature>
	<signature ID="20211221_144011920350_247">
		<MACROCLASSID>2</MACROCLASSID>
		<MACROCLASSINFO>vegetation</MACROCLASSINFO>
		<CLASSID>16</CLASSID>
		<CLASSINFO>C 1</CLASSINFO>
		<VALUES>[0.09657064409575604, 0.004972007088781728, 0.09459678758529651, 0.009187615598974514, 0.10232399420245834, 0.013188235531684854, 0.22349649171034489, 0.013358731958912861, 0.16933949928784717, 0.02193509149734798, 0.12304479310262031, 0.020823017745145066]</VALUES>
		<LCS_MIN>[0.08613191545009613, 0.07761068642139435, 0.07830142229795456, 0.17739593982696533, 0.12912136316299438, 0.08228818327188492]</LCS_MIN>
		<LCS_MAX>[0.11063097417354584, 0.12023036926984787, 0.14388233423233032, 0.2552797496318817, 0.22149111330509186, 0.1732490360736847]</LCS_MAX>
