<?xml version="1.0" ?>
<signaturelist MCID_LIST="[['1', 'waterbody', '#0000ff'], ['2', 'vegetation', '#00ff00'], ['3', 'bareland', '#ffaa00'], ['4', 'built-up', '#ff0000']]">
	<signature ID="20211221_143515293206_273">
		<MACROCLASSID>1</MACROCLASSID>
		<MACROCLASSINFO>waterbody</MACROCLASSINFO>
		<CLASSID>1</CLASSID>
		<CLASSINFO>C 1</CLASSINFO>
		<VALUES>[0.09101325951085756, 0.0039282716209687275, 0.061350955445404524, 0.007272253034150646, 0.041419570040790395, 0.009098481247348978, 0.02990925543389073, 0.008059740576525844, 0.011157404124520823, 0.008222065389666295, 0.008662701325876099, 0.006380247431403552]</VALUES>
		<LCS_MIN>[0.07959883660078049, 0.04919756203889847, 0.03239477425813675, 0.02162831462919712, 0.0, 0.0]</LCS_MIN>
		<LCS_MAX>[0.12369712442159653, 0.10602381080389023, 0.0979757010936737, 0.09131382405757904, 0.07633866369724274, 0.06333800405263901]</LCS_MAX>
		<WAVELENGTH>[0.485, 0.56, 0.66, 0.83, 1.65, 2.215]</WAVELENGTH>
		<MEAN_VALUE>[0.09101325951085756, 0.061350955445404524, 0.041419570040790395, 0.02990925543389073, 0.011157404124520823, 0.008662701325876099]</MEAN_VALUE>
		<CHECKBOX>2</CHECKBOX>
		<SD>[0.0039282716209687275, 0.007272253034150646, 0.009098481247348978, 0.008059740576525844, 0.008222065389666295, 0.006380247431403552]</SD>
		<WAVELENGTH_UNIT>E-6m</WAVELENGTH_UNIT>
		<COLOR>#5d8818</COLOR>
		<COVARIANCE_MATRIX>[[1.197793435816694e-05, 1.6463662785255513e-05, 2.2266303805522955e-05, 2.041949369016152e-05, 2.0724202429383606e-05, 1.4624042199878136e-05], [1.6463662785255513e-05, 3.454624372179139e-05, 4.107779170166985e-05, 3.592905218474956e-05, 3.6143210817704645e-05, 2.5440120736335596e-05], [2.2266303805522955e-05, 4.107779170166985e-05, 6.0738360914981034e-05, 5.5422366991589034e-05, 5.5875173286340575e-05, 3.916780045152718e-05], [2.041949369016152e-05, 3.592905218474956e-05, 5.5422366991589034e-05, 6.940066444198135e-05, 6.594675309570897e-05, 4.6138381257490535e-05], [2.0724202429383606e-05, 3.6143210817704645e-05, 5.5875173286340575e-05, 6.594675309570897e-05, 7.263163140546016e-05, 4.7962645137530826e-05], [1.4624042199878136e-05, 2.5440120736335596e-05, 3.916780045152718e-05, 4.6138381257490535e-05, 4.7962645137530826e-05, 4.187468578365428e-05]]</COVARIANCE_MATRIX>
		<ROI_SIZE>63300</ROI_SIZE>
		<MAX_VALUE>[0.12369712442159653, 0.10602381080389023, 0.0979757010936737, 0.09131382405757904, 0.07633866369724274, 0.06333800405263901]</MAX_VALUE>
		<MIN_VALUE>[0.07959883660078049, 0.04919756203889847, 0.03239477425813675, 0.02162831462919712, 0.0, 0.0]</MIN_VALUE>
		<SIGNATURE_THRESHOLD_MD>0</SIGNATURE_THRESHOLD_MD>
		<SIGNATURE_THRESHOLD_ML>0</SIGNATURE_THRESHOLD_ML>
		<SIGNATURE_THRESHOLD_SAM>0</SIGNATURE_THRESHOLD_SAM>
	</signature>
	<signature ID="20211221_143521574069_129">
		<MACROCLASSID>1</MACROCLASSID>
		<MACROCLASSINFO>waterbody</MACROCLASSINFO>
		<CLASSID>2</CLASSID>
		<CLASSINFO>C 1</CLASSINFO>
		<VALUES>[0.09350490828188697, 0.004824985853681031, 0.06344784486731382, 0.007724226128112918, 0.041910439657495135, 0.008417507310106442, 0.029035473911485088, 0.007074559497103556, 0.010113317644176013, 0.005572793796541283, 0.007925400516906711, 0.004579336756389343]</VALUES>
		<LCS_MIN>[0.08613191545009613, 0.05274919420480728, 0.03239477425813675, 0.02162831462919712, 0.0, 0.0]</LCS_MIN>
		<LCS_MAX>[0.12206386774778366, 0.10957545042037964, 0.10453378409147263, 0.09951212257146835, 0.07633866369724274, 0.06333800405263901]</LCS_MAX>
		<WAVELENGTH>[0.485, 0.56, 0.66, 0.83, 1.65, 2.215]</WAVELENGTH>
		<MEAN_VALUE>[0.09350490828188697, 0.06344784486731382, 0.041910439657495135, 0.029035473911485088, 0.010113317644176013, 0.007925400516906711]</MEAN_VALUE>
		<CHECKBOX>2</CHECKBOX>
		<SD>[0.004824985853681031, 0.007724226128112918, 0.008417507310106442, 0.007074559497103556, 0.005572793796541283, 0.004579336756389343]</SD>
		<WAVELENGTH_UNIT>E-6m</WAVELENGTH_UNIT>
		<COLOR>#edcdc5</COLOR>
		<COVARIANCE_MATRIX>[[2.172502281097033e-05, 3.103154244126704e-05, 3.152924462576097e-05, 2.0181907666752796e-05, 1.344068567094073e-05, 8.781364486116195e-06], [3.103154244126704e-05, 5.6556777090452023e-05, 5.61839551703884e-05, 3.569491901302993e-05, 2.3609207692370352e-05, 1.5368209338232827e-05], [3.152924462576097e-05, 5.61839551703884e-05, 6.815872414660612e-05, 4.4755313776292825e-05, 2.997927855576209e-05, 1.9677550613178276e-05], [2.0181907666752796e-05, 3.569491901302993e-05, 4.4755313776292825e-05, 4.555404602510829e-05, 2.907545994770285e-05, 1.9431490485257567e-05], [1.344068567094073e-05, 2.3609207692370352e-05, 2.997927855576209e-05, 2.907545994770285e-05, 2.7131314260784853e-05, 1.5722384923361017e-05], [8.781364486116195e-06, 1.5368209338232827e-05, 1.9677550613178276e-05, 1.9431490485257567e-05, 1.5722384923361017e-05, 1.869488469822758e-05]]</COVARIANCE_MATRIX>
		<ROI_SIZE>46416</ROI_SIZE>
		<MAX_VALUE>[0.12206386774778366, 0.10957545042037964, 0.10453378409147263, 0.09951212257146835, 0.07633866369724274, 0.06333800405263901]</MAX_VALUE>
		<MIN_VALUE>[0.08613191545009613, 0.05274919420480728, 0.03239477425813675, 0.02162831462919712, 0.0, 0.0]</MIN_VALUE>
		<SIGNATURE_THRESHOLD_MD>0</SIGNATURE_THRESHOLD_MD>
		<SIGNATURE_THRESHOLD_ML>0</SIGNATURE_THRESHOLD_ML>
		<SIGNATURE_THRESHOLD_SAM>0</SIGNATURE_THRESHOLD_SAM>
	</signature>
	<signature ID="20211221_143550727938_554">
		<MACROCLASSID>1</MACROCLASSID>
		<MACROCLASSINFO>waterbody</MACROCLASSINFO>
		<CLASSID>3</CLASSID>
		<CLASSINFO>C 1</CLASSINFO>
		<VALUES>[0.10496897144864004, 0.003176372613272133, 0.09116610884666447, 0.00538600435998277, 0.08496881388127805, 0.006516057212616249, 0.08133923516919217, 0.014480431478290205, 0.05885438984259963, 0.01380641437911164, 0.04331398770834008, 0.010530380793392228]</VALUES>
		<LCS_MIN>[0.09919808059930801, 0.08116231858730316, 0.0750223770737648, 0.05852065235376358, 0.03411249443888664, 0.025437653064727783]</LCS_MIN>
		<LCS_MAX>[0.11553079634904861, 0.10957545042037964, 0.10453378409147263, 0.11590871214866638, 0.09217347949743271, 0.07091808319091797]</LCS_MAX>
		<WAVELENGTH>[0.485, 0.56, 0.66, 0.83, 1.65, 2.215]</WAVELENGTH>
		<MEAN_VALUE>[0.10496897144864004, 0.09116610884666447, 0.08496881388127805, 0.08133923516919217, 0.05885438984259963, 0.04331398770834008]</MEAN_VALUE>
		<CHECKBOX>2</CHECKBOX>
		<SD>[0.003176372613272133, 0.00538600435998277, 0.006516057212616249, 0.014480431478290205, 0.01380641437911164, 0.010530380793392228]</SD>
		<WAVELENGTH_UNIT>E-6m</WAVELENGTH_UNIT>
		<COLOR>#6b0a7b</COLOR>
		<COVARIANCE_MATRIX>[[1.0174127373121239e-05, 1.2514748989450176e-05, 1.6150701107877913e-05, 2.496470889585216e-05, 2.104499246035602e-05, 1.795316767756207e-05], [1.2514748989450176e-05, 2.9252816436053834e-05, 3.0507928251678493e-05, 5.033965399203196e-05, 4.105724217543359e-05, 3.911185030483068e-05], [1.6150701107877913e-05, 3.0507928251678493e-05, 4.28157999308453e-05, 5.983445535786523e-05, 4.9777795573043724e-05, 4.690498989468551e-05], [2.496470889585216e-05, 5.033965399203196e-05, 5.983445535786523e-05, 0.0002114449369386129, 0.00014204577279670205, 0.0001017362970235065], [2.104499246035602e-05, 4.105724217543359e-05, 4.9777795573043724e-05, 0.00014204577279670205, 0.00019221890219267974, 0.00012740472771446097], [1.795316767756207e-05, 3.911185030483068e-05, 4.690498989468551e-05, 0.0001017362970235065, 0.00012740472771446097, 0.00011182075931480053]]</COVARIANCE_MATRIX>
		<ROI_SIZE>120</ROI_SIZE>
		<MAX_VALUE>[0.11553079634904861, 0.10957545042037964, 0.10453378409147263, 0.11590871214866638, 0.09217347949743271, 0.07091808319091797]</MAX_VALUE>
		<MIN_VALUE>[0.09919808059930801, 0.08116231858730316, 0.0750223770737648, 0.05852065235376358, 0.03411249443888664, 0.025437653064727783]</MIN_VALUE>
		<SIGNATURE_THRESHOLD_MD>0</SIGNATURE_THRESHOLD_MD>
		<SIGNATURE_THRESHOLD_ML>0</SIGNATURE_THRESHOLD_ML>
		<SIGNATURE_THRESHOLD_SAM>0</SIGNATURE_THRESHOLD_SAM>
	</signature>
	<signature ID="20211221_143557219875_753">
		<MACROCLASSID>1</MACROCLASSID>
		<MACROCLASSINFO>waterbody</MACROCLASSINFO>
		<CLASSID>4</CLASSID>
		<CLASSINFO>C 1</CLASSINFO>
		<VALUES>[0.1041823723192873, 0.003476912030696173, 0.08949030576081113, 0.005500268443611769, 0.08101511386961772, 0.0069994243113256655, 0.06834446600285068, 0.010239091310634985, 0.044623534741072834, 0.012575860521896657, 0.03602361518504291, 0.010574660101254433]</VALUES>
		<LCS_MIN>[0.0959315299987793, 0.07761068642139435, 0.06846428662538528, 0.05442149564623833, 0.026195090264081955, 0.017857585102319717]</LCS_MIN>
		<LCS_MAX>[0.11063097417354584, 0.10247216373682022, 0.0979757010936737, 0.08721467852592468, 0.07106039673089981, 0.05575793609023094]</LCS_MAX>
		<WAVELENGTH>[0.485, 0.56, 0.66, 0.83, 1.65, 2.215]</WAVELENGTH>
		<MEAN_VALUE>[0.1041823723192873, 0.08949030576081113, 0.08101511386961772, 0.06834446600285068, 0.044623534741072834, 0.03602361518504291]</MEAN_VALUE>
		<CHECKBOX>2</CHECKBOX>
		<SD>[0.003476912030696173, 0.005500268443611769, 0.0069994243113256655, 0.010239091310634985, 0.012575860521896657, 0.010574660101254433]</SD>
		<WAVELENGTH_UNIT>E-6m</WAVELENGTH_UNIT>
		<COLOR>#60ad11</COLOR>
		<COVARIANCE_MATRIX>[[1.2301003537080527e-05, 1.281928312533591e-05, 1.7524664260415136e-05, 2.5348301212642077e-05, 3.4941003784645364e-05, 2.623979894510029e-05], [1.281928312533591e-05, 3.078370651234921e-05, 3.400799392695548e-05, 4.3949114350785475e-05, 5.662514245157124e-05, 4.230434354307974e-05], [1.7524664260415136e-05, 3.400799392695548e-05, 4.985144842137977e-05, 5.5879353600723705e-05, 7.679569846588201e-05, 5.580061254090696e-05], [2.5348301212642077e-05, 4.3949114350785475e-05, 5.5879353600723705e-05, 0.00010667827140905632, 0.00010939606609243485, 7.243513603719013e-05], [3.4941003784645364e-05, 5.662514245157124e-05, 7.679569846588201e-05, 0.00010939606609243485, 0.00016092686905683397, 0.00011104315265002184], [2.623979894510029e-05, 4.230434354307974e-05, 5.580061254090696e-05, 7.243513603719013e-05, 0.00011104315265002184, 0.00011378525092823886]]</COVARIANCE_MATRIX>
		<ROI_SIZE>58</ROI_SIZE>
		<MAX_VALUE>[0.11063097417354584, 0.10247216373682022, 0.0979757010936737, 0.08721467852592468, 0.07106039673089981, 0.05575793609023094]</MAX_VALUE>
		<MIN_VALUE>[0.0959315299987793, 0.07761068642139435, 0.06846428662538528, 0.05442149564623833, 0.026195090264081955, 0.017857585102319717]</MIN_VALUE>
		<SIGNATURE_THRESHOLD_MD>0</SIGNATURE_THRESHOLD_MD>
		<SIGNATURE_THRESHOLD_ML>0</SIGNATURE_THRESHOLD_ML>
		<SIGNATURE_THRESHOLD_SAM>0</SIGNATURE_THRESHOLD_SAM>
	</signature>
	<signature ID="20211221_143605524724_948">
		<MACROCLASSID>1</MACROCLASSID>
		<MACROCLASSINFO>waterbody</MACROCLASSINFO>
		<CLASSID>5</CLASSID>
		<CLASSINFO>C 1</CLASSINFO>
		<VALUES>[0.10723377242684365, 0.005841904323321913, 0.09615024536848069, 0.008502897472291483, 0.08958133742213249, 0.011934283981457629, 0.07696681074798108, 0.022230082028004024, 0.05702019065618514, 0.023364561963324034, 0.04620704736560584, 0.01958007101791679]</VALUES>
		<LCS_MIN>[0.09919808059930801, 0.08116231858730316, 0.06846428662538528, 0.04622320458292961, 0.023555956780910492, 0.014067551121115685]</LCS_MIN>
		<LCS_MAX>[0.1204305961728096, 0.11312707513570786, 0.1143709272146225, 0.12410701811313629, 0.10800828039646149, 0.08228818327188492]</LCS_MAX>
		<WAVELENGTH>[0.485, 0.56, 0.66, 0.83, 1.65, 2.215]</WAVELENGTH>
		<MEAN_VALUE>[0.10723377242684365, 0.09615024536848069, 0.08958133742213249, 0.07696681074798108, 0.05702019065618514, 0.04620704736560584]</MEAN_VALUE>
		<CHECKBOX>2</CHECKBOX>
		<SD>[0.005841904323321913, 0.008502897472291483, 0.011934283981457629, 0.022230082028004024, 0.023364561963324034, 0.01958007101791679]</SD>
		<WAVELENGTH_UNIT>E-6m</WAVELENGTH_UNIT>
		<COLOR>#f8955c</COLOR>
		<COVARIANCE_MATRIX>[[3.482433277841556e-05, 4.449796767647207e-05, 6.107095996412646e-05, 9.700940680549677e-05, 0.00012057920022842549, 9.612673745351601e-05], [4.449796767647207e-05, 7.377476063704184e-05, 9.724640743213894e-05, 0.00014306150297871997, 0.00017570464268674152, 0.00014771764818116343], [6.107095996412646e-05, 9.724640743213894e-05, 0.0001453338103572206, 0.00019887624292170273, 0.00024213812166001117, 0.00020884618951385052], [9.700940680549677e-05, 0.00014306150297871997, 0.00019887624292170273, 0.0005042617826242733, 0.00047180620650604, 0.00036176483236479085], [0.00012057920022842549, 0.00017570464268674152, 0.00024213812166001117, 0.00047180620650604, 0.0005570436283040905, 0.0004257518028830473], [9.612673745351601e-05, 0.00014771764818116343, 0.00020884618951385052, 0.00036176483236479085, 0.0004257518028830473, 0.0003912032459863926]]</COVARIANCE_MATRIX>
		<ROI_SIZE>50</ROI_SIZE>
		<MAX_VALUE>[0.1204305961728096, 0.11312707513570786, 0.1143709272146225, 0.12410701811313629, 0.10800828039646149, 0.08228818327188492]</MAX_VALUE>
		<MIN_VALUE>[0.09919808059930801, 0.08116231858730316, 0.06846428662538528, 0.04622320458292961, 0.023555956780910492, 0.014067551121115685]</MIN_VALUE>
		<SIGNATURE_THRESHOLD_MD>0</SIGNATURE_THRESHOLD_MD>
		<SIGNATURE_THRESHOLD_ML>0</SIGNATURE_THRESHOLD_ML>
		<SIGNATURE_THRESHOLD_SAM>0</SIGNATURE_THRESHOLD_SAM>
	</signature>
	<signature ID="20211221_143614466659_178">
		<MACROCLASSID>1</MACROCLASSID>
		<MACROCLASSINFO>waterbody</MACROCLASSINFO>
		<CLASSID>6</CLASSID>
		<CLASSINFO>C 1</CLASSINFO>
		<VALUES>[0.1037406164687127, 0.0024064555984602783, 0.08948647999204697, 0.0037259836992258135, 0.08219528896734118, 0.0054028131318764085, 0.07414864690508692, 0.010622127427802481, 0.047885484062135206, 0.011269261500054927, 0.037518392491620034, 0.010180208410870029]</VALUES>
		<LCS_MIN>[0.09919808059930801, 0.08116231858730316, 0.0750223770737648, 0.05442149564623833, 0.028834223747253418, 0.02164761908352375]</LCS_MIN>
		<LCS_MAX>[0.11063097417354584, 0.09892052412033081, 0.0979757010936737, 0.095412977039814, 0.07369952648878098, 0.059547968208789825]</LCS_MAX>
		<WAVELENGTH>[0.485, 0.56, 0.66, 0.83, 1.65, 2.215]</WAVELENGTH>
		<MEAN_VALUE>[0.1037406164687127, 0.08948647999204697, 0.08219528896734118, 0.07414864690508692, 0.047885484062135206, 0.037518392491620034]</MEAN_VALUE>
		<CHECKBOX>2</CHECKBOX>
		<SD>[0.0024064555984602783, 0.0037259836992258135, 0.0054028131318764085, 0.010622127427802481, 0.011269261500054927, 0.010180208410870029]</SD>
		<WAVELENGTH_UNIT>E-6m</WAVELENGTH_UNIT>
		<COLOR>#14121a</COLOR>
		<COVARIANCE_MATRIX>[[5.977835919856328e-06, 5.315437108192575e-06, 8.86476414598518e-06, 5.115747631725522e-06, 1.3422275142942644e-05, 1.623666711484688e-05], [5.315437108192575e-06, 1.4330791769699602e-05, 1.6881991350131976e-05, 2.5389664213522363e-05, 3.434656890607979e-05, 3.1670965966779174e-05], [8.86476414598518e-06, 1.6881991350131976e-05, 3.0132015213394755e-05, 3.3874231481684814e-05, 4.932343822819687e-05, 3.9237450106804724e-05], [5.115747631725522e-06, 2.5389664213522363e-05, 3.3874231481684814e-05, 0.00011646925532126325, 8.560777203314208e-05, 7.523641600049976e-05], [1.3422275142942644e-05, 3.434656890607979e-05, 4.932343822819687e-05, 8.560777203314208e-05, 0.000131092908135866, 9.443811961286592e-05], [1.623666711484688e-05, 3.1670965966779174e-05, 3.9237450106804724e-05, 7.523641600049976e-05, 9.443811961286592e-05, 0.00010697976081419237]]</COVARIANCE_MATRIX>
		<ROI_SIZE>32</ROI_SIZE>
		<MAX_VALUE>[0.11063097417354584, 0.09892052412033081, 0.0979757010936737, 0.095412977039814, 0.07369952648878098, 0.059547968208789825]</MAX_VALUE>
		<MIN_VALUE>[0.09919808059930801, 0.08116231858730316, 0.0750223770737648, 0.05442149564623833, 0.028834223747253418, 0.02164761908352375]</MIN_VALUE>
		<SIGNATURE_THRESHOLD_MD>0</SIGNATURE_THRESHOLD_MD>
		<SIGNATURE_THRESHOLD_ML>0</SIGNATURE_THRESHOLD_ML>
		<SIGNATURE_THRESHOLD_SAM>0</SIGNATURE_THRESHOLD_SAM>
	</signature>
	<signature ID="20211221_143621989108_693">
		<MACROCLASSID>1</MACROCLASSID>
		<MACROCLASSINFO>waterbody</MACROCLASSINFO>
		<CLASSID>7</CLASSID>
		<CLASSINFO>C 1</CLASSINFO>
		<VALUES>[0.10278376688559847, 0.004082907529723769, 0.08842889656280645, 0.006593208483120343, 0.0818819885795144, 0.007933403657436514, 0.07699036846558253, 0.011773881450951621, 0.053799838812529366, 0.011616637764152482, 0.04255815852304984, 0.011633689745332925]</VALUES>
		<LCS_MIN>[0.0959315299987793, 0.07761068642139435, 0.06846428662538528, 0.05852065235376358, 0.036751631647348404, 0.025437653064727783]</LCS_MIN>
		<LCS_MAX>[0.11389751732349396, 0.10602381080389023, 0.10125473141670227, 0.10361127555370331, 0.0789777860045433, 0.06712804734706879]</LCS_MAX>
		<WAVELENGTH>[0.485, 0.56, 0.66, 0.83, 1.65, 2.215]</WAVELENGTH>
		<MEAN_VALUE>[0.10278376688559847, 0.08842889656280645, 0.0818819885795144, 0.07699036846558253, 0.053799838812529366, 0.04255815852304984]</MEAN_VALUE>
		<CHECKBOX>2</CHECKBOX>
		<SD>[0.004082907529723769, 0.006593208483120343, 0.007933403657436514, 0.011773881450951621, 0.011616637764152482, 0.011633689745332925]</SD>
		<WAVELENGTH_UNIT>E-6m</WAVELENGTH_UNIT>
		<COLOR>#203fc5</COLOR>
		<COVARIANCE_MATRIX>[[1.686397266251087e-05, 2.3420243868587558e-05, 2.8361903082430328e-05, 2.0272059357534297e-05, 2.3365687175137103e-05, 2.527934858036174e-05], [2.3420243868587558e-05, 4.3975867847260863e-05, 4.883627228500438e-05, 3.588498376669432e-05, 3.5984691567532624e-05, 4.2249984297523616e-05], [2.8361903082430328e-05, 4.883627228500438e-05, 6.367074119173196e-05, 4.1254458577780866e-05, 4.6722907555861596e-05, 5.330357168421638e-05], [2.0272059357534297e-05, 3.588498376669432e-05, 4.1254458577780866e-05, 0.00014023619470502835, 8.261713035078672e-05, 5.875490377002684e-05], [2.3365687175137103e-05, 3.5984691567532624e-05, 4.6722907555861596e-05, 8.261713035078672e-05, 0.0001365154156521793, 0.00012041399683232496], [2.527934858036174e-05, 4.2249984297523616e-05, 5.330357168421638e-05, 5.875490377002684e-05, 0.00012041399683232496, 0.00013691648984753274]]</COVARIANCE_MATRIX>
		<ROI_SIZE>87</ROI_SIZE>
		<MAX_VALUE>[0.11389751732349396, 0.10602381080389023, 0.10125473141670227, 0.10361127555370331, 0.0789777860045433, 0.06712804734706879]</MAX_VALUE>
		<MIN_VALUE>[0.0959315299987793, 0.07761068642139435, 0.06846428662538528, 0.05852065235376358, 0.036751631647348404, 0.025437653064727783]</MIN_VALUE>
		<SIGNATURE_THRESHOLD_MD>0</SIGNATURE_THRESHOLD_MD>
		<SIGNATURE_THRESHOLD_ML>0</SIGNATURE_THRESHOLD_ML>
		<SIGNATURE_THRESHOLD_SAM>0</SIGNATURE_THRESHOLD_SAM>
	</signature>
	<signature ID="20211221_143659517891_864">
		<MACROCLASSID>1</MACROCLASSID>
		<MACROCLASSINFO>waterbody</MACROCLASSINFO>
		<CLASSID>8</CLASSID>
		<CLASSINFO>C 1</CLASSINFO>
		<VALUES>[0.10269328072667121, 0.0034725339759488485, 0.09011245489120483, 0.005134056050590579, 0.08630229279398917, 0.007037659970177655, 0.08713269516825675, 0.014492443922737177, 0.06013437122106553, 0.014732050694245493, 0.04431202985346318, 0.010865971248632466]</VALUES>
		<LCS_MIN>[0.09756480902433395, 0.08116231858730316, 0.0750223770737648, 0.05852065235376358, 0.03411249443888664, 0.025437653064727783]</LCS_MIN>
		<LCS_MAX>[0.11716405302286148, 0.10957545042037964, 0.10781282931566238, 0.11590871214866638, 0.08953434973955154, 0.07470810413360596]</LCS_MAX>
		<WAVELENGTH>[0.485, 0.56, 0.66, 0.83, 1.65, 2.215]</WAVELENGTH>
		<MEAN_VALUE>[0.10269328072667121, 0.09011245489120483, 0.08630229279398917, 0.08713269516825675, 0.06013437122106553, 0.04431202985346318]</MEAN_VALUE>
		<CHECKBOX>2</CHECKBOX>
		<SD>[0.0034725339759488485, 0.005134056050590579, 0.007037659970177655, 0.014492443922737177, 0.014732050694245493, 0.010865971248632466]</SD>
		<WAVELENGTH_UNIT>E-6m</WAVELENGTH_UNIT>
		<COLOR>#18ea29</COLOR>
		<COVARIANCE_MATRIX>[[1.2304583891958292e-05, 1.5314083888314087e-05, 2.0101959430560138e-05, 1.7098244515530715e-05, 1.6272274022770305e-05, 1.7703825610552268e-05], [1.5314083888314087e-05, 2.6896460745516075e-05, 3.0792947421396245e-05, 2.9271889490603e-05, 2.6711883017202413e-05, 2.7888668369231486e-05], [2.0101959430560138e-05, 3.0792947421396245e-05, 5.053944679167442e-05, 6.293816987363487e-05, 5.511617099945464e-05, 4.7032497422640065e-05], [1.7098244515530715e-05, 2.9271889490603e-05, 6.293816987363487e-05, 0.00021431727638130782, 0.0001735019529497316, 0.00011350094237539882], [1.6272274022770305e-05, 2.6711883017202413e-05, 5.511617099945464e-05, 0.0001735019529497316, 0.00022146256903859097, 0.00014878287301984533], [1.7703825610552268e-05, 2.7888668369231486e-05, 4.7032497422640065e-05, 0.00011350094237539882, 0.00014878287301984533, 0.00012047890936337492]]</COVARIANCE_MATRIX>
		<ROI_SIZE>50</ROI_SIZE>
		<MAX_VALUE>[0.11716405302286148, 0.10957545042037964, 0.10781282931566238, 0.11590871214866638, 0.08953434973955154, 0.07470810413360596]</MAX_VALUE>
		<MIN_VALUE>[0.09756480902433395, 0.08116231858730316, 0.0750223770737648, 0.05852065235376358, 0.03411249443888664, 0.025437653064727783]</MIN_VALUE>
		<SIGNATURE_THRESHOLD_MD>0</SIGNATURE_THRESHOLD_MD>
		<SIGNATURE_THRESHOLD_ML>0</SIGNATURE_THRESHOLD_ML>
		<SIGNATURE_THRESHOLD_SAM>0</SIGNATURE_THRESHOLD_SAM>
	</signature>
	<signature ID="20211221_143711452251_999">
		<MACROCLASSID>1</MACROCLASSID>
		<MACROCLASSINFO>waterbody</MACROCLASSINFO>
		<CLASSID>9</CLASSID>
		<CLASSINFO>C 1</CLASSINFO>
		<VALUES>[0.10337199588064794, 0.0033066227450549487, 0.09267226772175895, 0.005066083704090338, 0.08874578953341201, 0.007548246446204931, 0.0848614653503453, 0.013214687972661726, 0.06348509348377032, 0.013872754577887059, 0.051476600062516004, 0.013089423233185266]</VALUES>
		<LCS_MIN>[0.09756480902433395, 0.08471395820379257, 0.07830142229795456, 0.0667189434170723, 0.036751631647348404, 0.029227692633867264]</LCS_MIN>
		<LCS_MAX>[0.1122642308473587, 0.10602381080389023, 0.10453378409147263, 0.12000785768032074, 0.09745173901319504, 0.08228818327188492]</LCS_MAX>
		<WAVELENGTH>[0.485, 0.56, 0.66, 0.83, 1.65, 2.215]</WAVELENGTH>
		<MEAN_VALUE>[0.10337199588064794, 0.09267226772175895, 0.08874578953341201, 0.0848614653503453, 0.06348509348377032, 0.051476600062516004]</MEAN_VALUE>
		<CHECKBOX>2</CHECKBOX>
		<SD>[0.0033066227450549487, 0.005066083704090338, 0.007548246446204931, 0.013214687972661726, 0.013872754577887059, 0.013089423233185266]</SD>
		<WAVELENGTH_UNIT>E-6m</WAVELENGTH_UNIT>
		<COLOR>#2f5c70</COLOR>
		<COVARIANCE_MATRIX>[[1.1140051222984814e-05, 1.3875679913135826e-05, 2.086089203366221e-05, 2.4660678025880234e-05, 3.066996075135922e-05, 3.0120215916609346e-05], [1.3875679913135826e-05, 2.6149453230752496e-05, 3.41892376381629e-05, 4.545140761909302e-05, 4.798308967896527e-05, 4.512813965467249e-05], [2.086089203366221e-05, 3.41892376381629e-05, 5.805104374118581e-05, 7.348094113040844e-05, 8.093854626177155e-05, 7.885639538346634e-05], [2.4660678025880234e-05, 4.545140761909302e-05, 7.348094113040844e-05, 0.00017792284572829754, 0.00012982224701838066, 9.760699959972728e-05], [3.066996075135922e-05, 4.798308967896527e-05, 8.093854626177155e-05, 0.00012982224701838066, 0.00019608451428731045, 0.0001662491011446607], [3.0120215916609346e-05, 4.512813965467249e-05, 7.885639538346634e-05, 9.760699959972728e-05, 0.0001662491011446607, 0.00017456569870155308]]</COVARIANCE_MATRIX>
		<ROI_SIZE>54</ROI_SIZE>
		<MAX_VALUE>[0.1122642308473587, 0.10602381080389023, 0.10453378409147263, 0.12000785768032074, 0.09745173901319504, 0.08228818327188492]</MAX_VALUE>
		<MIN_VALUE>[0.09756480902433395, 0.08471395820379257, 0.07830142229795456, 0.0667189434170723, 0.036751631647348404, 0.029227692633867264]</MIN_VALUE>
		<SIGNATURE_THRESHOLD_MD>0</SIGNATURE_THRESHOLD_MD>
		<SIGNATURE_THRESHOLD_ML>0</SIGNATURE_THRESHOLD_ML>
		<SIGNATURE_THRESHOLD_SAM>0</SIGNATURE_THRESHOLD_SAM>
	</signature>
	<signature ID="20211221_143725087895_151">
		<MACROCLASSID>1</MACROCLASSID>
		<MACROCLASSINFO>waterbody</MACROCLASSINFO>
		<CLASSID>10</CLASSID>
		<CLASSINFO>C 1</CLASSINFO>
		<VALUES>[0.10276707924074596, 0.00512716874860957, 0.09221186930382692, 0.007255125166430112, 0.08971735641912179, 0.009912562352912671, 0.08448191456220767, 0.015296976920158625, 0.06343622284906883, 0.018147574295703593, 0.05266975887395718, 0.016856294411206726]</VALUES>
		<LCS_MIN>[0.0959315299987793, 0.08116231858730316, 0.0750223770737648, 0.06261979043483734, 0.03411249443888664, 0.025437653064727783]</LCS_MIN>
		<LCS_MAX>[0.11553079634904861, 0.10957545042037964, 0.11109186708927155, 0.11180956661701202, 0.09481260925531387, 0.0860782191157341]</LCS_MAX>
		<WAVELENGTH>[0.485, 0.56, 0.66, 0.83, 1.65, 2.215]</WAVELENGTH>
		<MEAN_VALUE>[0.10276707924074596, 0.09221186930382692, 0.08971735641912179, 0.08448191456220767, 0.06343622284906883, 0.05266975887395718]</MEAN_VALUE>
		<CHECKBOX>2</CHECKBOX>
		<SD>[0.00512716874860957, 0.007255125166430112, 0.009912562352912671, 0.015296976920158625, 0.018147574295703593, 0.016856294411206726]</SD>
		<WAVELENGTH_UNIT>E-6m</WAVELENGTH_UNIT>
		<COLOR>#ffbdc9</COLOR>
		<COVARIANCE_MATRIX>[[2.7298930891207812e-05, 3.178040650504331e-05, 4.564439240950773e-05, 6.986852978470588e-05, 7.965072184559904e-05, 6.691890020787877e-05], [3.178040650504331e-05, 5.466133507212788e-05, 6.743725905988423e-05, 0.00010079101422806482, 0.0001112774579805604, 9.134967191724336e-05], [4.564439240950773e-05, 6.743725905988423e-05, 0.00010203808056962702, 0.0001425121458408836, 0.00015928253207513375, 0.00013077405786247588], [6.986852978470588e-05, 0.00010079101422806482, 0.0001425121458408836, 0.0002429974068533989, 0.0002588048043680833, 0.00020694633492122005], [7.965072184559904e-05, 0.0001112774579805604, 0.00015928253207513375, 0.0002588048043680833, 0.0003420011625418541, 0.00029062576455756036], [6.691890020787877e-05, 9.134967191724336e-05, 0.00013077405786247588, 0.00020694633492122005, 0.00029062576455756036, 0.0002950629174802514]]</COVARIANCE_MATRIX>
		<ROI_SIZE>27</ROI_SIZE>
		<MAX_VALUE>[0.11553079634904861, 0.10957545042037964, 0.11109186708927155, 0.11180956661701202, 0.09481260925531387, 0.0860782191157341]</MAX_VALUE>
		<MIN_VALUE>[0.0959315299987793, 0.08116231858730316, 0.0750223770737648, 0.06261979043483734, 0.03411249443888664, 0.025437653064727783]</MIN_VALUE>
		<SIGNATURE_THRESHOLD_MD>0</SIGNATURE_THRESHOLD_MD>
		<SIGNATURE_THRESHOLD_ML>0</SIGNATURE_THRESHOLD_ML>
		<SIGNATURE_THRESHOLD_SAM>0</SIGNATURE_THRESHOLD_SAM>
	</signature>
	<signature ID="20211221_143903620969_667">
		<MACROCLASSID>2</MACROCLASSID>
		<MACROCLASSINFO>vegetation</MACROCLASSINFO>
		<CLASSID>11</CLASSID>
		<CLASSINFO>C 1</CLASSINFO>
		<VALUES>[0.11570400947874243, 0.003037379222874045, 0.11291183328086679, 0.0055601840837792805, 0.11506647718223659, 0.008943956525292954, 0.24490765459609762, 0.00922742562243276, 0.17726560095042898, 0.01555279957730955, 0.1267349561958602, 0.01443270618314763]</VALUES>
		<LCS_MIN>[0.10899769514799118, 0.09892052412033081, 0.09141761064529419, 0.22658571600914001, 0.13967791199684143, 0.09744831174612045]</LCS_MIN>
		<LCS_MAX>[0.12369712442159653, 0.12378200888633728, 0.13404519855976105, 0.26347804069519043, 0.1977389007806778, 0.14671877026557922]</LCS_MAX>
		<WAVELENGTH>[0.485, 0.56, 0.66, 0.83, 1.65, 2.215]</WAVELENGTH>
		<MEAN_VALUE>[0.11570400947874243, 0.11291183328086679, 0.11506647718223659, 0.24490765459609762, 0.17726560095042898, 0.1267349561958602]</MEAN_VALUE>
		<CHECKBOX>2</CHECKBOX>
		<SD>[0.003037379222874045, 0.0055601840837792805, 0.008943956525292954, 0.00922742562243276, 0.01555279957730955, 0.01443270618314763]</SD>
		<WAVELENGTH_UNIT>E-6m</WAVELENGTH_UNIT>
		<COLOR>#b8d66c</COLOR>
		<COVARIANCE_MATRIX>[[9.36760596729381e-06, 1.1817924668641866e-05, 1.9899259034411624e-05, -1.3686534272834925e-06, 2.933099274896872e-05, 2.5228139897765542e-05], [1.1817924668641866e-05, 3.139127238467415e-05, 4.476511307227034e-05, -1.1674096974352073e-05, 6.517581552395183e-05, 6.542152778350277e-05], [1.9899259034411624e-05, 4.476511307227034e-05, 8.12250407621201e-05, -2.2865864548835827e-05, 0.00011857184412630716, 0.00011200570634470295], [-1.3686534272834925e-06, -1.1674096974352073e-05, -2.2865864548835827e-05, 8.645531259625976e-05, -4.235998551436499e-05, -4.984530314057659e-05], [2.933099274896872e-05, 6.517581552395183e-05, 0.00011857184412630716, -4.235998551436499e-05, 0.0002456109527641441, 0.0002125688137518556], [2.5228139897765542e-05, 6.542152778350277e-05, 0.00011200570634470295, -4.984530314057659e-05, 0.0002125688137518556, 0.00021150766942705369]]</COVARIANCE_MATRIX>
		<ROI_SIZE>66</ROI_SIZE>
		<MAX_VALUE>[0.12369712442159653, 0.12378200888633728, 0.13404519855976105, 0.26347804069519043, 0.1977389007806778, 0.14671877026557922]</MAX_VALUE>
		<MIN_VALUE>[0.10899769514799118, 0.09892052412033081, 0.09141761064529419, 0.22658571600914001, 0.13967791199684143, 0.09744831174612045]</MIN_VALUE>
		<SIGNATURE_THRESHOLD_MD>0</SIGNATURE_THRESHOLD_MD>
		<SIGNATURE_THRESHOLD_ML>0</SIGNATURE_THRESHOLD_ML>
		<SIGNATURE_THRESHOLD_SAM>0</SIGNATURE_THRESHOLD_SAM>
	</signature>
	<signature ID="20211221_143909147823_120">
		<MACROCLASSID>2</MACROCLASSID>
		<MACROCLASSINFO>vegetation</MACROCLASSINFO>
		<CLASSID>12</CLASSID>
		<CLASSINFO>C 1</CLASSINFO>
		<VALUES>[0.11567158303384122, 0.008791682338788616, 0.11196361456451745, 0.014258332059695396, 0.11143108688551806, 0.02299922389278223, 0.2586721405386925, 0.015434351229948937, 0.16807136890189406, 0.04307732832194176, 0.11888162663270689, 0.043484723602762225]</VALUES>
		<LCS_MIN>[0.1040978953242302, 0.0953688770532608, 0.08158046752214432, 0.22248655557632446, 0.10273001343011856, 0.059547968208789825]</LCS_MIN>
		<LCS_MAX>[0.14002981781959534, 0.14509184658527374, 0.1537194699048996, 0.2839737832546234, 0.2478824406862259, 0.19977928698062897]</LCS_MAX>
		<WAVELENGTH>[0.485, 0.56, 0.66, 0.83, 1.65, 2.215]</WAVELENGTH>
		<MEAN_VALUE>[0.11567158303384122, 0.11196361456451745, 0.11143108688551806, 0.2586721405386925, 0.16807136890189406, 0.11888162663270689]</MEAN_VALUE>
		<CHECKBOX>2</CHECKBOX>
		<SD>[0.008791682338788616, 0.014258332059695396, 0.02299922389278223, 0.015434351229948937, 0.04307732832194176, 0.043484723602762225]</SD>
		<WAVELENGTH_UNIT>E-6m</WAVELENGTH_UNIT>
		<COLOR>#d0f71c</COLOR>
		<COVARIANCE_MATRIX>[[7.864970779083721e-05, 0.000119540748512443, 0.00018730219687315813, 9.497732853881505e-06, 0.0003505964066930507, 0.0003458581748091415], [0.000119540748512443, 0.0002068667003723365, 0.0003258763462781051, 2.7391097202525177e-06, 0.0006012722189873363, 0.0006011206475850671], [0.00018730219687315813, 0.0003258763462781051, 0.0005382443751031376, -2.734609499604532e-05, 0.0009740051422212449, 0.0009748261776203705], [9.497732853881505e-06, 2.7391097202525177e-06, -2.734609499604532e-05, 0.00024239848206292504, -3.0065904273159466e-05, -5.0273301773333744e-05], [0.0003505964066930507, 0.0006012722189873363, 0.0009740051422212449, -3.0065904273159466e-05, 0.0018882115875556017, 0.0018706576041415503], [0.0003458581748091415, 0.0006011206475850671, 0.0009748261776203705, -5.0273301773333744e-05, 0.0018706576041415503, 0.0019240952427175488]]</COVARIANCE_MATRIX>
		<ROI_SIZE>58</ROI_SIZE>
		<MAX_VALUE>[0.14002981781959534, 0.14509184658527374, 0.1537194699048996, 0.2839737832546234, 0.2478824406862259, 0.19977928698062897]</MAX_VALUE>
		<MIN_VALUE>[0.1040978953242302, 0.0953688770532608, 0.08158046752214432, 0.22248655557632446, 0.10273001343011856, 0.059547968208789825]</MIN_VALUE>
		<SIGNATURE_THRESHOLD_MD>0</SIGNATURE_THRESHOLD_MD>
		<SIGNATURE_THRESHOLD_ML>0</SIGNATURE_THRESHOLD_ML>
		<SIGNATURE_THRESHOLD_SAM>0</SIGNATURE_THRESHOLD_SAM>
	</signature>
	<signature ID="20211221_143922956970_541">
		<MACROCLASSID>2</MACROCLASSID>
		<MACROCLASSINFO>vegetation</MACROCLASSINFO>
		<CLASSID>13</CLASSID>
		<CLASSINFO>C 1</CLASSINFO>
		<VALUES>[0.11811679518885082, 0.004071816272616769, 0.11761596219407187, 0.007672259583748586, 0.12552878384788835, 0.011047833319228208, 0.2376875639375713, 0.01005098515680129, 0.1948798261582851, 0.019034887139663028, 0.14592918784668046, 0.018577374702882704]</VALUES>
		<LCS_MIN>[0.10899769514799118, 0.09892052412033081, 0.0979757010936737, 0.21428826451301575, 0.14759530127048492, 0.10123836249113083]</LCS_MIN>
		<LCS_MAX>[0.1285969316959381, 0.13443692028522491, 0.14716137945652008, 0.267577201128006, 0.2267693728208542, 0.18840914964675903]</LCS_MAX>
		<WAVELENGTH>[0.485, 0.56, 0.66, 0.83, 1.65, 2.215]</WAVELENGTH>
		<MEAN_VALUE>[0.11811679518885082, 0.11761596219407187, 0.12552878384788835, 0.2376875639375713, 0.1948798261582851, 0.14592918784668046]</MEAN_VALUE>
		<CHECKBOX>2</CHECKBOX>
		<SD>[0.004071816272616769, 0.007672259583748586, 0.011047833319228208, 0.01005098515680129, 0.019034887139663028, 0.018577374702882704]</SD>
		<WAVELENGTH_UNIT>E-6m</WAVELENGTH_UNIT>
		<COLOR>#5d1308</COLOR>
		<COVARIANCE_MATRIX>[[1.6813204486931877e-05, 2.5238870028671196e-05, 3.757068364663417e-05, 2.2866854378773987e-06, 5.970844021143796e-05, 5.5863936972930914e-05], [2.5238870028671196e-05, 5.969263144606172e-05, 8.043066990881637e-05, 8.108116730904002e-06, 0.00012919033897562196, 0.00011715828832614317], [3.757068364663417e-05, 8.043066990881637e-05, 0.00012377370021915963, 1.9799299320558746e-06, 0.00018263472955160545, 0.0001703192723434136], [2.2866854378773987e-06, 8.108116730904002e-06, 1.9799299320558746e-06, 0.00010244515195494754, 4.072064074206619e-05, 3.449081850949273e-05], [5.970844021143796e-05, 0.00012919033897562196, 0.00018263472955160545, 4.072064074206619e-05, 0.00036743012459463466, 0.0003330029553858929], [5.5863936972930914e-05, 0.00011715828832614317, 0.0001703192723434136, 3.449081850949273e-05, 0.0003330029553858929, 0.00034997967973653555]]</COVARIANCE_MATRIX>
		<ROI_SIZE>72</ROI_SIZE>
		<MAX_VALUE>[0.1285969316959381, 0.13443692028522491, 0.14716137945652008, 0.267577201128006, 0.2267693728208542, 0.18840914964675903]</MAX_VALUE>
		<MIN_VALUE>[0.10899769514799118, 0.09892052412033081, 0.0979757010936737, 0.21428826451301575, 0.14759530127048492, 0.10123836249113083]</MIN_VALUE>
		<SIGNATURE_THRESHOLD_MD>0</SIGNATURE_THRESHOLD_MD>
		<SIGNATURE_THRESHOLD_ML>0</SIGNATURE_THRESHOLD_ML>
		<SIGNATURE_THRESHOLD_SAM>0</SIGNATURE_THRESHOLD_SAM>
	</signature>
	<signature ID="20211221_143940788947_578">
		<MACROCLASSID>2</MACROCLASSID>
		<MACROCLASSINFO>vegetation</MACROCLASSINFO>
		<CLASSID>14</CLASSID>
		<CLASSINFO>C 1</CLASSINFO>
		<VALUES>[0.11727541464973576, 0.0050026382222505, 0.11377283863045953, 0.00802332920034835, 0.11757544038647956, 0.012278794370458673, 0.22733100368217987, 0.016049921976812664, 0.17230722172693774, 0.01821586865247284, 0.12139445340091536, 0.018190240440713847]</VALUES>
		<LCS_MIN>[0.10899769514799118, 0.10247216373682022, 0.0979757010936737, 0.19789165258407593, 0.13703878223896027, 0.08986824750900269]</LCS_MIN>
		<LCS_MAX>[0.1334967464208603, 0.1308852732181549, 0.14716137945652008, 0.25937891006469727, 0.20565630495548248, 0.1505088061094284]</LCS_MAX>
		<WAVELENGTH>[0.485, 0.56, 0.66, 0.83, 1.65, 2.215]</WAVELENGTH>
		<MEAN_VALUE>[0.11727541464973576, 0.11377283863045953, 0.11757544038647956, 0.22733100368217987, 0.17230722172693774, 0.12139445340091536]</MEAN_VALUE>
		<CHECKBOX>2</CHECKBOX>
		<SD>[0.0050026382222505, 0.00802332920034835, 0.012278794370458673, 0.016049921976812664, 0.01821586865247284, 0.018190240440713847]</SD>
		<WAVELENGTH_UNIT>E-6m</WAVELENGTH_UNIT>
		<COLOR>#f6375c</COLOR>
		<COVARIANCE_MATRIX>[[2.5608398233482533e-05, 3.594524494554787e-05, 5.5058742584122963e-05, -2.3128215092976365e-05, 6.605062099606126e-05, 6.838612557404825e-05], [3.594524494554787e-05, 6.587087683988722e-05, 9.700885882903023e-05, -4.1798510552207264e-05, 0.00011729452919663552, 0.00012755066565239172], [5.5058742584122963e-05, 9.700885882903023e-05, 0.0001542750421499614, -6.933772871329288e-05, 0.00018844528683335102, 0.00020413740100089833], [-2.3128215092976365e-05, -4.1798510552207264e-05, -6.933772871329288e-05, 0.0002635906930306525, -4.5262575182937433e-05, -9.738684770869193e-05], [6.605062099606126e-05, 0.00011729452919663552, 0.00018844528683335102, -4.5262575182937433e-05, 0.0003395345654330764, 0.0003184278426220814], [6.838612557404825e-05, 0.00012755066565239172, 0.00020413740100089833, -9.738684770869193e-05, 0.0003184278426220814, 0.00033857984373960904]]</COVARIANCE_MATRIX>
		<ROI_SIZE>44</ROI_SIZE>
		<MAX_VALUE>[0.1334967464208603, 0.1308852732181549, 0.14716137945652008, 0.25937891006469727, 0.20565630495548248, 0.1505088061094284]</MAX_VALUE>
		<MIN_VALUE>[0.10899769514799118, 0.10247216373682022, 0.0979757010936737, 0.19789165258407593, 0.13703878223896027, 0.08986824750900269]</MIN_VALUE>
		<SIGNATURE_THRESHOLD_MD>0</SIGNATURE_THRESHOLD_MD>
		<SIGNATURE_THRESHOLD_ML>0</SIGNATURE_THRESHOLD_ML>
		<SIGNATURE_THRESHOLD_SAM>0</SIGNATURE_THRESHOLD_SAM>
	</signature>
	<signature ID="20211221_144002938187_811">
		<MACROCLASSID>2</MACROCLASSID>
		<MACROCLASSINFO>vegetation</MACROCLASSINFO>
		<CLASSID>15</CLASSID>
		<CLASSINFO>C 1</CLASSINFO>
		<VALUES>[0.12117621415983076, 0.007333570444260858, 0.13667600504730062, 0.012834687053217378, 0.15535899478456247, 0.018957287139982164, 0.25652730886055086, 0.0132654116757666, 0.23434255304543872, 0.03404564008127843, 0.1891506932999777, 0.03397841030865257]</VALUES>
		<LCS_MIN>[0.10899769514799118, 0.11667872220277786, 0.12092900276184082, 0.2388831377029419, 0.1687084138393402, 0.12397857010364532]</LCS_MIN>
		<LCS_MAX>[0.13513000309467316, 0.15929841995239258, 0.18650993704795837, 0.27987462282180786, 0.2953868806362152, 0.25283974409103394]</LCS_MAX>
		<WAVELENGTH>[0.485, 0.56, 0.66, 0.83, 1.65, 2.215]</WAVELENGTH>
		<MEAN_VALUE>[0.12117621415983076, 0.13667600504730062, 0.15535899478456247, 0.25652730886055086, 0.23434255304543872, 0.1891506932999777]</MEAN_VALUE>
		<CHECKBOX>2</CHECKBOX>
		<SD>[0.007333570444260858, 0.012834687053217378, 0.018957287139982164, 0.0132654116757666, 0.03404564008127843, 0.03397841030865257]</SD>
		<WAVELENGTH_UNIT>E-6m</WAVELENGTH_UNIT>
		<COLOR>#2ca2cd</COLOR>
		<COVARIANCE_MATRIX>[[5.497639447117949e-05, 9.226613276820015e-05, 0.00013716197404280595, 8.861351406474796e-05, 0.00022833142721959896, 0.0002330097055869011], [9.226613276820015e-05, 0.00016838984045967084, 0.00024469531546825353, 0.0001566432391099615, 0.0004163358474252746, 0.0004263576105618027], [0.00013716197404280595, 0.00024469531546825353, 0.0003673649298345717, 0.0002338786033827683, 0.0006155769771757991, 0.0006314652157641054], [8.861351406474796e-05, 0.0001566432391099615, 0.0002338786033827683, 0.00017988161685928886, 0.0003932602123302314, 0.00040505965324607484], [0.00022833142721959896, 0.0004163358474252746, 0.0006155769771757991, 0.0003932602123302314, 0.0011848635109560405, 0.0011467599257595435], [0.0002330097055869011, 0.0004263576105618027, 0.0006314652157641054, 0.00040505965324607484, 0.0011467599257595435, 0.0011801886419276618]]</COVARIANCE_MATRIX>
		<ROI_SIZE>46</ROI_SIZE>
		<MAX_VALUE>[0.13513000309467316, 0.15929841995239258, 0.18650993704795837, 0.27987462282180786, 0.2953868806362152, 0.25283974409103394]</MAX_VALUE>
		<MIN_VALUE>[0.10899769514799118, 0.11667872220277786, 0.12092900276184082, 0.2388831377029419, 0.1687084138393402, 0.12397857010364532]</MIN_VALUE>
		<SIGNATURE_THRESHOLD_MD>0</SIGNATURE_THRESHOLD_MD>
		<SIGNATURE_THRESHOLD_ML>0</SIGNATURE_THRESHOLD_ML>
		<SIGNATURE_THRESHOLD_SAM>0</SIGNATURE_THRESHOLD_SAM>
	</signature>
	<signature ID="20211221_144011920350_247">
		<MACROCLASSID>2</MACROCLASSID>
		<MACROCLASSINFO>vegetation</MACROCLASSINFO>
		<CLASSID>16</CLASSID>
		<CLASSINFO>C 1</CLASSINFO>
		<VALUES>[0.09657064409575604, 0.004972007088781728, 0.09459678758529651, 0.009187615598974514, 0.10232399420245834, 0.013188235531684854, 0.22349649171034489, 0.013358731958912861, 0.16933949928784717, 0.02193509149734798, 0.12304479310262031, 0.020823017745145066]</VALUES>
		<LCS_MIN>[0.08613191545009613, 0.07761068642139435, 0.07830142229795456, 0.17739593982696533, 0.12912136316299438, 0.08228818327188492]</LCS_MIN>
		<LCS_MAX>[0.11063097417354584, 0.12023036926984787, 0.14388233423233032, 0.2552797496318817, 0.22149111330509186, 0.1732490360736847]</LCS_MAX>
		<WAVELENGTH>[0.485, 0.56, 0.66, 0.83, 1.65, 2.215]</WAVELENGTH>
