<?xml version="1.0" ?>
<signaturelist MCID_LIST="[[u'1', u'water', u'#0000ff'], [u'2', u'vegetation', u'#00ff00'], [u'3', u'building', u'#ff0000'], [u'4', u'barren', u'#ffaa00'], [u'5', u'cloud', u'#ffffff']]">
	<signature ID="20170720_151844370000_230">
		<MACROCLASSID>1</MACROCLASSID>
		<MACROCLASSINFO>water</MACROCLASSINFO>
		<CLASSID>49</CLASSID>
		<CLASSINFO>water</CLASSINFO>
		<VALUES>[0.05462965665287095, 0.0010439300331216022, 0.04839921374070017, 0.0015623395272698138, 0.05190608144590732, 0.0019510631890482621, 0.06004436090588569, 0.004248285800399966, 0.03982209867160573, 0.005571552006497666, 0.031117934419920574, 0.00405543424949784]</VALUES>
		<LCS_MIN>[0.05298526957631111, 0.045538514852523804, 0.04858751222491264, 0.055084794759750366, 0.03397953882813454, 0.026464950293302536]</LCS_MIN>
		<LCS_MAX>[0.060278404504060745, 0.05342859402298927, 0.05921785160899162, 0.09055592864751816, 0.07886657118797302, 0.06500839442014694]</LCS_MAX>
		<WAVELENGTH>[0.485, 0.56, 0.66, 0.835, 1.65, 2.22]</WAVELENGTH>
		<MEAN_VALUE>[0.05462965665287095, 0.04839921374070017, 0.05190608144590732, 0.06004436090588569, 0.03982209867160573, 0.031117934419920574]</MEAN_VALUE>
		<CHECKBOX>2</CHECKBOX>
		<SD>[0.0010439300331216022, 0.0015623395272698138, 0.0019510631890482621, 0.004248285800399966, 0.005571552006497666, 0.00405543424949784]</SD>
		<WAVELENGTH_UNIT>E-6m</WAVELENGTH_UNIT>
		<COLOR>#340727</COLOR>
		<COVARIANCE_MATRIX>[[1.0955559446301777e-06, 1.487121721766016e-06, 1.8826763152901549e-06, 2.935538304882357e-06, 3.3006424473569496e-06, 2.420646978862351e-06], [1.487121721766016e-06, 2.453819661241141e-06, 2.9559398626588518e-06, 4.818046363652684e-06, 5.08859557157848e-06, 3.5908410609408747e-06], [1.8826763152901549e-06, 2.9559398626588518e-06, 3.82678854293772e-06, 6.568810931639746e-06, 7.331313554459484e-06, 5.24544748259359e-06], [2.935538304882357e-06, 4.818046363652684e-06, 6.568810931639746e-06, 1.814342431316618e-05, 2.205065538873896e-05, 1.4697344340675045e-05], [3.3006424473569496e-06, 5.08859557157848e-06, 7.331313554459484e-06, 2.205065538873896e-05, 3.120643668808043e-05, 2.1675044990843162e-05], [2.420646978862351e-06, 3.5908410609408747e-06, 5.24544748259359e-06, 1.4697344340675045e-05, 2.1675044990843162e-05, 1.6533565940335393e-05]]</COVARIANCE_MATRIX>
		<ROI_SIZE>190</ROI_SIZE>
		<MAX_VALUE>[0.060278404504060745, 0.05342859402298927, 0.05921785160899162, 0.09055592864751816, 0.07886657118797302, 0.06500839442014694]</MAX_VALUE>
		<MIN_VALUE>[0.05298526957631111, 0.045538514852523804, 0.04858751222491264, 0.055084794759750366, 0.03397953882813454, 0.026464950293302536]</MIN_VALUE>
		<SIGNATURE_THRESHOLD_MD>0.0</SIGNATURE_THRESHOLD_MD>
		<SIGNATURE_THRESHOLD_ML>0.0</SIGNATURE_THRESHOLD_ML>
		<SIGNATURE_THRESHOLD_SAM>0.0</SIGNATURE_THRESHOLD_SAM>
	</signature>
	<signature ID="20170928_181707457000_825">
		<MACROCLASSID>3</MACROCLASSID>
		<MACROCLASSINFO>building</MACROCLASSINFO>
		<CLASSID>53</CLASSID>
		<CLASSINFO>C 1</CLASSINFO>
		<VALUES>[0.10250564180314542, 0.015504353114758245, 0.11581331044435501, 0.019503802899952943, 0.14916368313133718, 0.022748815284338326, 0.24655156210064894, 0.01697809435921548, 0.3336574912071228, 0.03505397865449905, 0.2952756501734256, 0.038128857044835575]</VALUES>
		<LCS_MIN>[0.08058866858482361, 0.08918815851211548, 0.12246955931186676, 0.22636285424232483, 0.28044945001602173, 0.2329508364200592]</LCS_MIN>
		<LCS_MAX>[0.1347125619649887, 0.1573699563741684, 0.1982964426279068, 0.285260409116745, 0.4125247597694397, 0.37587547302246094]</LCS_MAX>
		<WAVELENGTH>[0.48, 0.56, 0.655, 0.865, 1.61, 2.2]</WAVELENGTH>
		<MEAN_VALUE>[0.10250564180314542, 0.11581331044435501, 0.14916368313133718, 0.24655156210064894, 0.3336574912071228, 0.2952756501734256]</MEAN_VALUE>
		<CHECKBOX>2</CHECKBOX>
		<SD>[0.015504353114758245, 0.019503802899952943, 0.022748815284338326, 0.01697809435921548, 0.03505397865449905, 0.038128857044835575]</SD>
		<WAVELENGTH_UNIT>E-6m</WAVELENGTH_UNIT>
		<COLOR>#35d4a4</COLOR>
		<COVARIANCE_MATRIX>[[0.0002530367928557098, 0.0003166577953379601, 0.0003673376049846411, 0.00020402153313625604, 0.0004389923415146768, 0.00048487578169442713], [0.0003166577953379601, 0.00040041928878054023, 0.0004643311840482056, 0.00026414068997837603, 0.0005443932604975998, 0.0005986082251183689], [0.0003673376049846411, 0.0004643311840482056, 0.0005447458825074136, 0.0003194417804479599, 0.0006427432526834309, 0.000701245735399425], [0.00020402153313625604, 0.00026414068997837603, 0.0003194417804479599, 0.0003034270484931767, 0.0004883041838183999, 0.0005056504160165787], [0.0004389923415146768, 0.0005443932604975998, 0.0006427432526834309, 0.0004883041838183999, 0.001293454086408019, 0.0013908849796280265], [0.00048487578169442713, 0.0005986082251183689, 0.000701245735399425, 0.0005056504160165787, 0.0013908849796280265, 0.0015303260879591107]]</COVARIANCE_MATRIX>
		<ROI_SIZE>20</ROI_SIZE>
		<MAX_VALUE>[0.1347125619649887, 0.1573699563741684, 0.1982964426279068, 0.285260409116745, 0.4125247597694397, 0.37587547302246094]</MAX_VALUE>
		<MIN_VALUE>[0.08058866858482361, 0.08918815851211548, 0.12246955931186676, 0.22636285424232483, 0.28044945001602173, 0.2329508364200592]</MIN_VALUE>
		<SIGNATURE_THRESHOLD_MD>0.0</SIGNATURE_THRESHOLD_MD>
		<SIGNATURE_THRESHOLD_ML>0.0</SIGNATURE_THRESHOLD_ML>
		<SIGNATURE_THRESHOLD_SAM>0.0</SIGNATURE_THRESHOLD_SAM>
	</signature>
	<signature ID="20170822_121315424000_702">
		<MACROCLASSID>4</MACROCLASSID>
		<MACROCLASSINFO>barren</MACROCLASSINFO>
		<CLASSID>12</CLASSID>
		<CLASSINFO>C 1</CLASSINFO>
		<VALUES>[0.07659672967095074, 0.01179631270196445, 0.09746314800900754, 0.019005494992086373, 0.15146250090922492, 0.031508208534939484, 0.2893778776118228, 0.030718350636924054, 0.38543183341850684, 0.046841516014313744, 0.28849352707095954, 0.04841921358998523]</VALUES>
		<LCS_MIN>[0.051990754902362823, 0.058003511279821396, 0.08626890182495117, 0.18331128358840942, 0.3005834221839905, 0.19082710146903992]</LCS_MIN>
		<LCS_MAX>[0.10929711163043976, 0.1556018739938736, 0.24309420585632324, 0.37266749143600464, 0.4988510310649872, 0.3898872435092926]</LCS_MAX>
		<WAVELENGTH>[0.485, 0.56, 0.66, 0.835, 1.65, 2.22]</WAVELENGTH>
		<MEAN_VALUE>[0.07659672967095074, 0.09746314800900754, 0.15146250090922492, 0.2893778776118228, 0.38543183341850684, 0.28849352707095954]</MEAN_VALUE>
		<CHECKBOX>2</CHECKBOX>
		<SD>[0.01179631270196445, 0.019005494992086373, 0.031508208534939484, 0.030718350636924054, 0.046841516014313744, 0.04841921358998523]</SD>
		<WAVELENGTH_UNIT>E-6m</WAVELENGTH_UNIT>
		<COLOR>#cd77d5</COLOR>
		<COVARIANCE_MATRIX>[[0.00012212297588121146, 0.00018373510101810098, 0.00028271431801840663, 0.000207950099138543, 0.00034709388273768127, 0.0004411701229400933], [0.00018373510101810098, 0.00031720835249871016, 0.0005196116399019957, 0.0003759273677133024, 0.0006340405670925975, 0.000764500699006021], [0.00028271431801840663, 0.0005196116399019957, 0.0008902295376174152, 0.0006068896618671715, 0.0011005477281287313, 0.00129913748241961], [0.000207950099138543, 0.0003759273677133024, 0.0006068896618671715, 0.0007780744344927371, 0.000982877449132502, 0.000935679126996547], [0.00034709388273768127, 0.0006340405670925975, 0.0011005477281287313, 0.000982877449132502, 0.0019180926028639078, 0.0018752290634438396], [0.0004411701229400933, 0.000764500699006021, 0.00129913748241961, 0.000935679126996547, 0.0018752290634438396, 0.002199036069214344]]</COVARIANCE_MATRIX>
		<ROI_SIZE>4260</ROI_SIZE>
		<MAX_VALUE>[0.10929711163043976, 0.1556018739938736, 0.24309420585632324, 0.37266749143600464, 0.4988510310649872, 0.3898872435092926]</MAX_VALUE>
		<MIN_VALUE>[0.051990754902362823, 0.058003511279821396, 0.08626890182495117, 0.18331128358840942, 0.3005834221839905, 0.19082710146903992]</MIN_VALUE>
		<SIGNATURE_THRESHOLD_MD>0.0</SIGNATURE_THRESHOLD_MD>
		<SIGNATURE_THRESHOLD_ML>0.0</SIGNATURE_THRESHOLD_ML>
		<SIGNATURE_THRESHOLD_SAM>0.0</SIGNATURE_THRESHOLD_SAM>
	</signature>
	<signature ID="20170716_111645446000_450">
		<MACROCLASSID>1</MACROCLASSID>
		<MACROCLASSINFO>water</MACROCLASSINFO>
		<CLASSID>27</CLASSID>
		<CLASSINFO>water</CLASSINFO>
		<VALUES>[0.03450775227356733, 0.0007660432234640936, 0.04224107079810138, 0.001025452832360096, 0.04119532224969553, 0.0012538497247829997, 0.03699524438236658, 0.0015288033954654083, 0.02201209857406022, 0.0016962407596277562, 0.016543663278927565, 0.0011987399364107032]</VALUES>
		<LCS_MIN>[0.03344852477312088, 0.0401458665728569, 0.03976941108703613, 0.034951336681842804, 0.019923321902751923, 0.015061037614941597]</LCS_MIN>
		<LCS_MAX>[0.03687407821416855, 0.04520700126886368, 0.048720117658376694, 0.04936080053448677, 0.03521719574928284, 0.02595662698149681]</LCS_MAX>
		<WAVELENGTH>[0.485, 0.56, 0.66, 0.835, 1.65, 2.22]</WAVELENGTH>
		<MEAN_VALUE>[0.03450775227356733, 0.04224107079810138, 0.04119532224969553, 0.03699524438236658, 0.02201209857406022, 0.016543663278927565]</MEAN_VALUE>
		<CHECKBOX>2</CHECKBOX>
		<SD>[0.0007660432234640936, 0.001025452832360096, 0.0012538497247829997, 0.0015288033954654083, 0.0016962407596277562, 0.0011987399364107032]</SD>
		<WAVELENGTH_UNIT>E-6m</WAVELENGTH_UNIT>
		<COLOR>#e576f5</COLOR>
		<COVARIANCE_MATRIX>[[5.881806259822042e-07, 7.177015390880115e-07, 8.769722512624867e-07, 8.552205486012099e-07, 9.175330433208728e-07, 6.622988166782307e-07], [7.177015390880115e-07, 1.0539877166593214e-06, 1.1676177109620767e-06, 1.0621739647831419e-06, 1.1416530014685122e-06, 8.109702775982441e-07], [8.769722512624867e-07, 1.1676177109620767e-06, 1.5757783558001393e-06, 1.6674520111337188e-06, 1.807467924663797e-06, 1.263235958504083e-06], [8.552205486012099e-07, 1.0621739647831419e-06, 1.6674520111337188e-06, 2.342650077480357e-06, 2.501175686120405e-06, 1.7283437045989558e-06], [9.175330433208728e-07, 1.1416530014685122e-06, 1.807467924663797e-06, 2.501175686120405e-06, 2.8838928756158566e-06, 1.9955011794081656e-06], [6.622988166782307e-07, 8.109702775982441e-07, 1.263235958504083e-06, 1.7283437045989558e-06, 1.9955011794081656e-06, 1.4403037766896887e-06]]</COVARIANCE_MATRIX>
		<ROI_SIZE>433</ROI_SIZE>
		<MAX_VALUE>[0.03687407821416855, 0.04520700126886368, 0.048720117658376694, 0.04936080053448677, 0.03521719574928284, 0.02595662698149681]</MAX_VALUE>
		<MIN_VALUE>[0.03344852477312088, 0.0401458665728569, 0.03976941108703613, 0.034951336681842804, 0.019923321902751923, 0.015061037614941597]</MIN_VALUE>
		<SIGNATURE_THRESHOLD_MD>0.0</SIGNATURE_THRESHOLD_MD>
		<SIGNATURE_THRESHOLD_ML>0.0</SIGNATURE_THRESHOLD_ML>
		<SIGNATURE_THRESHOLD_SAM>0.0</SIGNATURE_THRESHOLD_SAM>
	</signature>
	<signature ID="20170928_181144394000_105">
		<MACROCLASSID>4</MACROCLASSID>
		<MACROCLASSINFO>barren</MACROCLASSINFO>
		<CLASSID>36</CLASSID>
		<CLASSINFO>C 1</CLASSINFO>
		<VALUES>[0.08165817469970836, 0.00612340510347806, 0.0966836470884586, 0.007859754238861575, 0.14613280702535394, 0.011937808254619233, 0.3018029014308386, 0.015106035911903837, 0.4104752662013896, 0.02427901341760697, 0.28290982132088716, 0.019231530128214443]</VALUES>
		<LCS_MIN>[0.06072041764855385, 0.0677943080663681, 0.10341892391443253, 0.25080588459968567, 0.35636618733406067, 0.23021037876605988]</LCS_MIN>
		<LCS_MAX>[0.13583965599536896, 0.14868421852588654, 0.1838647872209549, 0.34758350253105164, 0.47171103954315186, 0.3365142345428467]</LCS_MAX>
		<WAVELENGTH>[0.48, 0.56, 0.655, 0.865, 1.61, 2.2]</WAVELENGTH>
		<MEAN_VALUE>[0.08165817469970836, 0.0966836470884586, 0.14613280702535394, 0.3018029014308386, 0.4104752662013896, 0.28290982132088716]</MEAN_VALUE>
		<CHECKBOX>2</CHECKBOX>
		<SD>[0.00612340510347806, 0.007859754238861575, 0.011937808254619233, 0.015106035911903837, 0.02427901341760697, 0.019231530128214443]</SD>
		<WAVELENGTH_UNIT>E-6m</WAVELENGTH_UNIT>
		<COLOR>#ce5c83</COLOR>
		<COVARIANCE_MATRIX>[[3.7510770198423415e-05, 4.615013676811941e-05, 6.748309533577412e-05, 5.5492258979938924e-05, 0.00010719184501795098, 9.364711149828508e-05], [4.615013676811941e-05, 6.17999248788692e-05, 9.138722816715017e-05, 8.295598672702909e-05, 0.00014685011410620064, 0.0001257401454495266], [6.748309533577412e-05, 9.138722816715017e-05, 0.00014256706344895065, 0.00012878277630079538, 0.0002445265417918563, 0.0002029129391303286], [5.5492258979938924e-05, 8.295598672702909e-05, 0.00012878277630079538, 0.00022828167129773647, 0.0002636965364217758, 0.00017990960623137653], [0.00010719184501795098, 0.00014685011410620064, 0.0002445265417918563, 0.0002636965364217758, 0.0005897012888453901, 0.00043905756319873035], [9.364711149828508e-05, 0.0001257401454495266, 0.0002029129391303286, 0.00017990960623137653, 0.00043905756319873035, 0.0003699965600389987]]</COVARIANCE_MATRIX>
		<ROI_SIZE>2555</ROI_SIZE>
		<MAX_VALUE>[0.13583965599536896, 0.14868421852588654, 0.1838647872209549, 0.34758350253105164, 0.47171103954315186, 0.3365142345428467]</MAX_VALUE>
		<MIN_VALUE>[0.06072041764855385, 0.0677943080663681, 0.10341892391443253, 0.25080588459968567, 0.35636618733406067, 0.23021037876605988]</MIN_VALUE>
		<SIGNATURE_THRESHOLD_MD>0.0</SIGNATURE_THRESHOLD_MD>
		<SIGNATURE_THRESHOLD_ML>0.0</SIGNATURE_THRESHOLD_ML>
		<SIGNATURE_THRESHOLD_SAM>0.0</SIGNATURE_THRESHOLD_SAM>
	</signature>
	<signature ID="20170928_181739600000_416">
		<MACROCLASSID>3</MACROCLASSID>
		<MACROCLASSINFO>building</MACROCLASSINFO>
		<CLASSID>55</CLASSID>
		<CLASSINFO>C 1</CLASSINFO>
		<VALUES>[0.07211900007644674, 0.007673290800067822, 0.0786757141122891, 0.010133161059870721, 0.1018367545132216, 0.014429337088508848, 0.20063744288030827, 0.02093749329379726, 0.2107659526555414, 0.024679169315884316, 0.16804893550797312, 0.024225372711877156]</VALUES>
		<LCS_MIN>[0.052034951746463776, 0.05097538232803345, 0.059704072773456573, 0.13846957683563232, 0.1458767056465149, 0.11256887763738632]</LCS_MIN>
		<LCS_MAX>[0.09676617383956909, 0.10907910019159317, 0.13807255029678345, 0.23918111622333527, 0.2564257085323334, 0.22426530718803406]</LCS_MAX>
		<WAVELENGTH>[0.48, 0.56, 0.655, 0.865, 1.61, 2.2]</WAVELENGTH>
		<MEAN_VALUE>[0.07211900007644674, 0.0786757141122891, 0.1018367545132216, 0.20063744288030827, 0.2107659526555414, 0.16804893550797312]</MEAN_VALUE>
		<CHECKBOX>2</CHECKBOX>
		<SD>[0.007673290800067822, 0.010133161059870721, 0.014429337088508848, 0.02093749329379726, 0.024679169315884316, 0.024225372711877156]</SD>
		<WAVELENGTH_UNIT>E-6m</WAVELENGTH_UNIT>
		<COLOR>#49203e</COLOR>
		<COVARIANCE_MATRIX>[[9.198824409395456e-05, 0.00011606021143961698, 0.0001570292515680194, -3.150264092255384e-05, 5.931283885729499e-05, 0.0001532145106466487], [0.00011606021143961698, 0.0001543530379422009, 0.00021043121523689479, -1.5838140825508162e-05, 9.60811521508731e-05, 0.00020644803589675575], [0.0001570292515680194, 0.00021043121523689479, 0.00029980172985233366, -3.816539538092911e-05, 0.00013761589070782065, 0.0002900558465626091], [-3.150264092255384e-05, -1.5838140825508162e-05, -3.816539538092911e-05, 0.00045299710473045707, 0.0002890980977099389, 6.735234637744725e-05], [5.931283885729499e-05, 9.60811521508731e-05, 0.00013761589070782065, 0.0002890980977099389, 0.000565861992072314, 0.00046776275848969817], [0.0001532145106466487, 0.00020644803589675575, 0.0002900558465626091, 6.735234637744725e-05, 0.00046776275848969817, 0.0006040712469257414]]</COVARIANCE_MATRIX>
		<ROI_SIZE>2322</ROI_SIZE>
		<MAX_VALUE>[0.09676617383956909, 0.10907910019159317, 0.13807255029678345, 0.23918111622333527, 0.2564257085323334, 0.22426530718803406]</MAX_VALUE>
		<MIN_VALUE>[0.052034951746463776, 0.05097538232803345, 0.059704072773456573, 0.13846957683563232, 0.1458767056465149, 0.11256887763738632]</MIN_VALUE>
		<SIGNATURE_THRESHOLD_MD>0.0</SIGNATURE_THRESHOLD_MD>
		<SIGNATURE_THRESHOLD_ML>0.0</SIGNATURE_THRESHOLD_ML>
		<SIGNATURE_THRESHOLD_SAM>0.0</SIGNATURE_THRESHOLD_SAM>
	</signature>
	<signature ID="20170716_110936386000_829">
		<MACROCLASSID>1</MACROCLASSID>
		<MACROCLASSINFO>water</MACROCLASSINFO>
		<CLASSID>19</CLASSID>
		<CLASSINFO>water</CLASSINFO>
		<VALUES>[0.0608034366238359, 0.003475746053445312, 0.06415882787188971, 0.004724238287520638, 0.07474423124379402, 0.006740027799331557, 0.06864085428517414, 0.01166895425944978, 0.04599424344613343, 0.015374570319593201, 0.034742515144013865, 0.012471570100903186]</VALUES>
		<LCS_MIN>[0.05497429892420769, 0.05742890387773514, 0.06377057731151581, 0.049581803381443024, 0.025271762162446976, 0.01749209687113762]</LCS_MIN>
		<LCS_MAX>[0.06770414113998413, 0.0741594135761261, 0.09044589847326279, 0.11904332041740417, 0.10061392933130264, 0.0683455690741539]</LCS_MAX>
		<WAVELENGTH>[0.485, 0.56, 0.66, 0.835, 1.65, 2.22]</WAVELENGTH>
		<MEAN_VALUE>[0.0608034366238359, 0.06415882787188971, 0.07474423124379402, 0.06864085428517414, 0.04599424344613343, 0.034742515144013865]</MEAN_VALUE>
		<CHECKBOX>2</CHECKBOX>
		<SD>[0.003475746053445312, 0.004724238287520638, 0.006740027799331557, 0.01166895425944978, 0.015374570319593201, 0.012471570100903186]</SD>
		<WAVELENGTH_UNIT>E-6m</WAVELENGTH_UNIT>
		<COLOR>#fb6e97</COLOR>
		<COVARIANCE_MATRIX>[[1.2162992788944393e-05, 1.630012229725253e-05, 2.22350954572903e-05, 3.636025212472305e-05, 4.866833478445187e-05, 4.0296563383890316e-05], [1.630012229725253e-05, 2.2470252588391304e-05, 3.0889390473021194e-05, 4.932649972033687e-05, 6.59888464724645e-05, 5.4558484407607466e-05], [2.22350954572903e-05, 3.0889390473021194e-05, 4.5737007894786075e-05, 7.069565617712215e-05, 9.152895654551685e-05, 7.502960215788335e-05], [3.636025212472305e-05, 4.932649972033687e-05, 7.069565617712215e-05, 0.00013709078484680504, 0.00017556489910930395, 0.00013953821326140314], [4.866833478445187e-05, 6.59888464724645e-05, 9.152895654551685e-05, 0.00017556489910930395, 0.00023798542679287493, 0.00019187302677892148], [4.0296563383890316e-05, 5.4558484407607466e-05, 7.502960215788335e-05, 0.00013953821326140314, 0.00019187302677892148, 0.00015659815107937902]]</COVARIANCE_MATRIX>
		<ROI_SIZE>148</ROI_SIZE>
		<MAX_VALUE>[0.06770414113998413, 0.0741594135761261, 0.09044589847326279, 0.11904332041740417, 0.10061392933130264, 0.0683455690741539]</MAX_VALUE>
		<MIN_VALUE>[0.05497429892420769, 0.05742890387773514, 0.06377057731151581, 0.049581803381443024, 0.025271762162446976, 0.01749209687113762]</MIN_VALUE>
		<SIGNATURE_THRESHOLD_MD>0.0</SIGNATURE_THRESHOLD_MD>
		<SIGNATURE_THRESHOLD_ML>0.0</SIGNATURE_THRESHOLD_ML>
		<SIGNATURE_THRESHOLD_SAM>0.0</SIGNATURE_THRESHOLD_SAM>
	</signature>
	<signature ID="20170716_104800679000_538">
		<MACROCLASSID>1</MACROCLASSID>
		<MACROCLASSINFO>water</MACROCLASSINFO>
		<CLASSID>8</CLASSID>
		<CLASSINFO>water</CLASSINFO>
		<VALUES>[0.03870942790446609, 0.00044782248248590746, 0.030902783332884987, 0.0009790557394163623, 0.03281485267925537, 0.000822607525482976, 0.0610480964954557, 0.010935886715171332, 0.031063734072035776, 0.005395008928749338, 0.02072082006040661, 0.0027717862429091464]</VALUES>
		<LCS_MIN>[0.037293992936611176, 0.029029017314314842, 0.03145961835980415, 0.0449628122150898, 0.027327144518494606, 0.017536306753754616]</LCS_MIN>
		<LCS_MAX>[0.03994603455066681, 0.03347133472561836, 0.037404660135507584, 0.1169658899307251, 0.06545130163431168, 0.03864237666130066]</LCS_MAX>
		<WAVELENGTH>[0.485, 0.56, 0.66, 0.835, 1.65, 2.22]</WAVELENGTH>
		<MEAN_VALUE>[0.03870942790446609, 0.030902783332884987, 0.03281485267925537, 0.0610480964954557, 0.031063734072035776, 0.02072082006040661]</MEAN_VALUE>
		<CHECKBOX>2</CHECKBOX>
		<SD>[0.00044782248248590746, 0.0009790557394163623, 0.000822607525482976, 0.010935886715171332, 0.005395008928749338, 0.0027717862429091464]</SD>
		<WAVELENGTH_UNIT>E-6m</WAVELENGTH_UNIT>
		<COLOR>#a25541</COLOR>
		<COVARIANCE_MATRIX>[[2.0287689039832912e-07, 3.4544683558124234e-07, 1.5548387466424174e-07, -4.885813496002811e-07, -2.0757941854299133e-07, -6.934716623163695e-08], [3.4544683558124234e-07, 9.696960887595196e-07, 5.441814892037655e-07, 3.02964031106967e-06, 1.3884393865737366e-06, 6.759144071111223e-07], [1.5548387466424174e-07, 5.441814892037655e-07, 6.845515372333466e-07, 6.9807751970074605e-06, 3.337887392262928e-06, 1.7439218709114357e-06], [-4.885813496002811e-07, 3.02964031106967e-06, 6.9807751970074605e-06, 0.00012098424485884607, 5.287858220981434e-05, 2.6995430744136684e-05], [-2.0757941854299133e-07, 1.3884393865737366e-06, 3.337887392262928e-06, 5.287858220981434e-05, 2.9444565370795317e-05, 1.4879355148877949e-05], [-6.934716623163695e-08, 6.759144071111223e-07, 1.7439218709114357e-06, 2.6995430744136684e-05, 1.4879355148877949e-05, 7.77213426772505e-06]]</COVARIANCE_MATRIX>
		<ROI_SIZE>87</ROI_SIZE>
		<MAX_VALUE>[0.03994603455066681, 0.03347133472561836, 0.037404660135507584, 0.1169658899307251, 0.06545130163431168, 0.03864237666130066]</MAX_VALUE>
		<MIN_VALUE>[0.037293992936611176, 0.029029017314314842, 0.03145961835980415, 0.0449628122150898, 0.027327144518494606, 0.017536306753754616]</MIN_VALUE>
		<SIGNATURE_THRESHOLD_MD>0.0</SIGNATURE_THRESHOLD_MD>
		<SIGNATURE_THRESHOLD_ML>0.0</SIGNATURE_THRESHOLD_ML>
		<SIGNATURE_THRESHOLD_SAM>0.0</SIGNATURE_THRESHOLD_SAM>
	</signature>
	<signature ID="20170822_122539457000_349">
		<MACROCLASSID>1</MACROCLASSID>
		<MACROCLASSINFO>water</MACROCLASSINFO>
		<CLASSID>30</CLASSID>
		<CLASSINFO>C 1</CLASSINFO>
		<VALUES>[0.03976334074958543, 0.0018566327185417788, 0.03833850238025804, 0.003955975117342228, 0.037091497582006326, 0.004342130936915888, 0.061350764545096304, 0.014811120338205265, 0.03141715013506738, 0.013572629998186172, 0.022084093675756238, 0.007877863403548683]</VALUES>
		<LCS_MIN>[0.03660886734724045, 0.031172819435596466, 0.03042088821530342, 0.038973618298769, 0.015945155173540115, 0.013005679473280907]</LCS_MIN>
		<LCS_MAX>[0.04507331922650337, 0.0481022410094738, 0.052565596997737885, 0.09944029897451401, 0.07015880197286606, 0.049383267760276794]</LCS_MAX>
		<WAVELENGTH>[0.485, 0.56, 0.66, 0.835, 1.65, 2.22]</WAVELENGTH>
		<MEAN_VALUE>[0.03976334074958543, 0.03833850238025804, 0.037091497582006326, 0.061350764545096304, 0.03141715013506738, 0.022084093675756238]</MEAN_VALUE>
		<CHECKBOX>2</CHECKBOX>
		<SD>[0.0018566327185417788, 0.003955975117342228, 0.004342130936915888, 0.014811120338205265, 0.013572629998186172, 0.007877863403548683]</SD>
		<WAVELENGTH_UNIT>E-6m</WAVELENGTH_UNIT>
		<COLOR>#b6f68a</COLOR>
		<COVARIANCE_MATRIX>[[3.454221769061405e-06, 6.799339189456077e-06, 7.587910204165382e-06, 1.128642452385975e-05, 1.0065049536933657e-05, 6.942002528376179e-06], [6.799339189456077e-06, 1.5682140656281263e-05, 1.60953222803073e-05, 2.851150929927826e-05, 2.0197634512442164e-05, 1.3821787433698773e-05], [7.587910204165382e-06, 1.60953222803073e-05, 1.8893137166742235e-05, 3.5092903999611735e-05, 3.155722879455425e-05, 2.067320565402042e-05], [1.128642452385975e-05, 2.851150929927826e-05, 3.5092903999611735e-05, 0.00021982347243465483, 0.00015595651348121464, 8.938002429204062e-05], [1.0065049536933657e-05, 2.0197634512442164e-05, 3.155722879455425e-05, 0.00015595651348121464, 0.00018459768034517765, 0.00010541260417085141], [6.942002528376179e-06, 1.3821787433698773e-05, 2.067320565402042e-05, 8.938002429204062e-05, 0.00010541260417085141, 6.218922499101609e-05]]</COVARIANCE_MATRIX>
		<ROI_SIZE>484</ROI_SIZE>
		<MAX_VALUE>[0.04507331922650337, 0.0481022410094738, 0.052565596997737885, 0.09944029897451401, 0.07015880197286606, 0.049383267760276794]</MAX_VALUE>
		<MIN_VALUE>[0.03660886734724045, 0.031172819435596466, 0.03042088821530342, 0.038973618298769, 0.015945155173540115, 0.013005679473280907]</MIN_VALUE>
		<SIGNATURE_THRESHOLD_MD>0.0</SIGNATURE_THRESHOLD_MD>
		<SIGNATURE_THRESHOLD_ML>0.0</SIGNATURE_THRESHOLD_ML>
		<SIGNATURE_THRESHOLD_SAM>0.0</SIGNATURE_THRESHOLD_SAM>
	</signature>
	<signature ID="20170716_111326841000_289">
		<MACROCLASSID>4</MACROCLASSID>
		<MACROCLASSINFO>barren</MACROCLASSINFO>
		<CLASSID>23</CLASSID>
		<CLASSINFO>barren</CLASSINFO>
		<VALUES>[0.08000609257138092, 0.007250144978154913, 0.09691108253841504, 0.011561161783876835, 0.14610479692263253, 0.019770015838891642, 0.29293367651855057, 0.027406532691670583, 0.40474875169951885, 0.047355850780232384, 0.29981756876824683, 0.045250638557061566]</VALUES>
		<LCS_MIN>[0.05747165530920029, 0.056235432624816895, 0.08434616774320602, 0.16945433616638184, 0.23589389026165009, 0.15173113346099854]</LCS_MIN>
		<LCS_MAX>[0.09530754387378693, 0.11641668528318405, 0.1784059852361679, 0.3676064908504486, 0.48435279726982117, 0.39921367168426514]</LCS_MAX>
		<WAVELENGTH>[0.485, 0.56, 0.66, 0.835, 1.65, 2.22]</WAVELENGTH>
		<MEAN_VALUE>[0.08000609257138092, 0.09691108253841504, 0.14610479692263253, 0.29293367651855057, 0.40474875169951885, 0.29981756876824683]</MEAN_VALUE>
		<CHECKBOX>2</CHECKBOX>
		<SD>[0.007250144978154913, 0.011561161783876835, 0.019770015838891642, 0.027406532691670583, 0.047355850780232384, 0.045250638557061566]</SD>
		<WAVELENGTH_UNIT>E-6m</WAVELENGTH_UNIT>
		<COLOR>#abae5f</COLOR>
		<COVARIANCE_MATRIX>[[5.2654151659226045e-05, 8.037295629037544e-05, 0.00013326086627785116, 0.00010278081754222512, 0.0002634624543134123, 0.00027260492788627744], [8.037295629037544e-05, 0.00013388815568760037, 0.00022426385839935392, 0.00020005585975013673, 0.00040418849675916135, 0.00042738704360090196], [0.00013326086627785116, 0.00022426385839935392, 0.0003915193665307015, 0.0003102694172412157, 0.0007605715072713792, 0.0007934462046250701], [0.00010278081754222512, 0.00020005585975013673, 0.0003102694172412157, 0.0007523976382799447, 0.00048649226664565504, 0.00041038962081074715], [0.0002634624543134123, 0.00040418849675916135, 0.0007605715072713792, 0.00048649226664565504, 0.0022463970817625523, 0.0020006713457405567], [0.00027260492788627744, 0.00042738704360090196, 0.0007934462046250701, 0.00041038962081074715, 0.0020006713457405567, 0.00205110851675272]]</COVARIANCE_MATRIX>
		<ROI_SIZE>588</ROI_SIZE>
		<MAX_VALUE>[0.09530754387378693, 0.11641668528318405, 0.1784059852361679, 0.3676064908504486, 0.48435279726982117, 0.39921367168426514]</MAX_VALUE>
		<MIN_VALUE>[0.05747165530920029, 0.056235432624816895, 0.08434616774320602, 0.16945433616638184, 0.23589389026165009, 0.15173113346099854]</MIN_VALUE>
		<SIGNATURE_THRESHOLD_MD>0.0</SIGNATURE_THRESHOLD_MD>
		<SIGNATURE_THRESHOLD_ML>0.0</SIGNATURE_THRESHOLD_ML>
		<SIGNATURE_THRESHOLD_SAM>0.0</SIGNATURE_THRESHOLD_SAM>
	</signature>
	<signature ID="20170716_111404240000_217">
		<MACROCLASSID>2</MACROCLASSID>
		<MACROCLASSINFO>vegetation</MACROCLASSINFO>
		<CLASSID>25</CLASSID>
		<CLASSINFO>vegetation</CLASSINFO>
		<VALUES>[0.029214633781696857, 0.0010223773364534804, 0.0320799273443251, 0.002421339085099576, 0.024597343372334022, 0.002262649150245972, 0.3497272557106568, 0.017566363721692898, 0.18167821256722808, 0.0088950379498078, 0.07129019527619583, 0.005090112796946089]</VALUES>
		<LCS_MIN>[0.026641594246029854, 0.026730502024292946, 0.021227071061730385, 0.2919788956642151, 0.1598445028066635, 0.0632624477148056]</LCS_MIN>
		<LCS_MAX>[0.0322771854698658, 0.03833356499671936, 0.03515039011836052, 0.3918505907058716, 0.21516317129135132, 0.103065624833107]</LCS_MAX>
		<WAVELENGTH>[0.485, 0.56, 0.66, 0.835, 1.65, 2.22]</WAVELENGTH>
		<MEAN_VALUE>[0.029214633781696857, 0.0320799273443251, 0.024597343372334022, 0.3497272557106568, 0.18167821256722808, 0.07129019527619583]</MEAN_VALUE>
		<CHECKBOX>2</CHECKBOX>
		<SD>[0.0010223773364534804, 0.002421339085099576, 0.002262649150245972, 0.017566363721692898, 0.0088950379498078, 0.005090112796946089]</SD>
		<WAVELENGTH_UNIT>E-6m</WAVELENGTH_UNIT>
		<COLOR>#41178f</COLOR>
		<COVARIANCE_MATRIX>[[1.0503295015951153e-06, 1.819340809561254e-06, 1.9830440578516573e-06, -2.948383553302847e-06, 5.138193955644965e-06, 3.4363467875664355e-06], [1.819340809561254e-06, 5.891343334951671e-06, 3.9694409679214004e-06, 5.82767052037525e-06, 1.3849603419657797e-05, 7.17491093382705e-06], [1.9830440578516573e-06, 3.9694409679214004e-06, 5.144433544046478e-06, -1.413670543115586e-05, 1.1232742508582305e-05, 9.435322681383695e-06], [-2.948383553302847e-06, 5.82767052037525e-06, -1.413670543115586e-05, 0.0003100750909652561, 6.899647269165143e-05, -8.983203088064329e-07], [5.138193955644965e-06, 1.3849603419657797e-05, 1.1232742508582305e-05, 6.899647269165143e-05, 7.950578583404422e-05, 3.910715531674214e-05], [3.4363467875664355e-06, 7.17491093382705e-06, 9.435322681383695e-06, -8.983203088064329e-07, 3.910715531674214e-05, 2.6035020709969103e-05]]</COVARIANCE_MATRIX>
		<ROI_SIZE>207</ROI_SIZE>
		<MAX_VALUE>[0.0322771854698658, 0.03833356499671936, 0.03515039011836052, 0.3918505907058716, 0.21516317129135132, 0.103065624833107]</MAX_VALUE>
		<MIN_VALUE>[0.026641594246029854, 0.026730502024292946, 0.021227071061730385, 0.2919788956642151, 0.1598445028066635, 0.0632624477148056]</MIN_VALUE>
		<SIGNATURE_THRESHOLD_MD>0.0</SIGNATURE_THRESHOLD_MD>
		<SIGNATURE_THRESHOLD_ML>0.0</SIGNATURE_THRESHOLD_ML>
		<SIGNATURE_THRESHOLD_SAM>0.0</SIGNATURE_THRESHOLD_SAM>
	</signature>
	<signature ID="20170928_181404913000_150">
		<MACROCLASSID>4</MACROCLASSID>
		<MACROCLASSINFO>barren</MACROCLASSINFO>
		<CLASSID>47</CLASSID>
		<CLASSINFO>C 1</CLASSINFO>
		<VALUES>[0.07016779966757936, 0.00394841101473907, 0.08164557757082992, 0.006044811355639476, 0.12001653277333675, 0.010084962553639337, 0.22582701226385063, 0.01740774489840576, 0.30061909341102966, 0.02565973978881969, 0.22470403663159802, 0.023490935017620507]</VALUES>
		<LCS_MIN>[0.05276426300406456, 0.05530720204114914, 0.07835692912340164, 0.14503338932991028, 0.21617983281612396, 0.14317820966243744]</LCS_MIN>
		<LCS_MAX>[0.0818483904004097, 0.10090171545743942, 0.14602872729301453, 0.26039746403694153, 0.33099430799484253, 0.2579687237739563]</LCS_MAX>
		<WAVELENGTH>[0.48, 0.56, 0.655, 0.865, 1.61, 2.2]</WAVELENGTH>
		<MEAN_VALUE>[0.07016779966757936, 0.08164557757082992, 0.12001653277333675, 0.22582701226385063, 0.30061909341102966, 0.22470403663159802]</MEAN_VALUE>
		<CHECKBOX>2</CHECKBOX>
		<SD>[0.00394841101473907, 0.006044811355639476, 0.010084962553639337, 0.01740774489840576, 0.02565973978881969, 0.023490935017620507]</SD>
		<WAVELENGTH_UNIT>E-6m</WAVELENGTH_UNIT>
		<COLOR>#93582d</COLOR>
		<COVARIANCE_MATRIX>[[1.560099917696789e-05, 2.2640315364697017e-05, 3.685355113702826e-05, 2.882813168980647e-05, 6.616178870899603e-05, 5.64504080102779e-05], [2.2640315364697017e-05, 3.6565641494235024e-05, 5.913641507504508e-05, 5.507377500180155e-05, 0.00010543892130954191, 8.339898340636864e-05], [3.685355113702826e-05, 5.913641507504508e-05, 0.00010177855438087136, 9.034507093019783e-05, 0.00020341035269666463, 0.00016972156299743801], [2.882813168980647e-05, 5.507377500180155e-05, 9.034507093019783e-05, 0.0003032443346455693, 0.00029445570544339716, 0.00014989273040555418], [6.616178870899603e-05, 0.00010543892130954191, 0.00020341035269666463, 0.00029445570544339716, 0.0006588888936676085, 0.0005528164911083877], [5.64504080102779e-05, 8.339898340636864e-05, 0.00016972156299743801, 0.00014989273040555418, 0.0005528164911083877, 0.0005522150895558298]]</COVARIANCE_MATRIX>
		<ROI_SIZE>1412</ROI_SIZE>
		<MAX_VALUE>[0.0818483904004097, 0.10090171545743942, 0.14602872729301453, 0.26039746403694153, 0.33099430799484253, 0.2579687237739563]</MAX_VALUE>
		<MIN_VALUE>[0.05276426300406456, 0.05530720204114914, 0.07835692912340164, 0.14503338932991028, 0.21617983281612396, 0.14317820966243744]</MIN_VALUE>
		<SIGNATURE_THRESHOLD_MD>0.0</SIGNATURE_THRESHOLD_MD>
		<SIGNATURE_THRESHOLD_ML>0.0</SIGNATURE_THRESHOLD_ML>
		<SIGNATURE_THRESHOLD_SAM>0.0</SIGNATURE_THRESHOLD_SAM>
	</signature>
	<signature ID="20170928_182655803000_894">
		<MACROCLASSID>4</MACROCLASSID>
		<MACROCLASSINFO>barren</MACROCLASSINFO>
		<CLASSID>72</CLASSID>
		<CLASSINFO>C 1</CLASSINFO>
		<VALUES>[0.08205783341166581, 0.004932690079818171, 0.10312737175371765, 0.007138384373223557, 0.16315737356280155, 0.011525892276101284, 0.3319920754709911, 0.016457463512522193, 0.4482360871378764, 0.02296628750245687, 0.311838580564011, 0.01638435529476536]</VALUES>
		<LCS_MIN>[0.0646100863814354, 0.07453512400388718, 0.1165466234087944, 0.26537007093429565, 0.3749089241027832, 0.25007879734039307]</LCS_MIN>
		<LCS_MAX>[0.09424672275781631, 0.11911299079656601, 0.18815232813358307, 0.3635178804397583, 0.48799949884414673, 0.3389674425125122]</LCS_MAX>
		<WAVELENGTH>[0.48, 0.56, 0.655, 0.865, 1.61, 2.2]</WAVELENGTH>
		<MEAN_VALUE>[0.08205783341166581, 0.10312737175371765, 0.16315737356280155, 0.3319920754709911, 0.4482360871378764, 0.311838580564011]</MEAN_VALUE>
		<CHECKBOX>2</CHECKBOX>
		<SD>[0.004932690079818171, 0.007138384373223557, 0.011525892276101284, 0.016457463512522193, 0.02296628750245687, 0.01638435529476536]</SD>
		<WAVELENGTH_UNIT>E-6m</WAVELENGTH_UNIT>
		<COLOR>#3736b8</COLOR>
		<COVARIANCE_MATRIX>[[2.435975693515502e-05, 3.422589725232683e-05, 5.1154722314095125e-05, 4.484991586650722e-05, 4.074617027072236e-05, 4.039033592562191e-05], [3.422589725232683e-05, 5.101585338707082e-05, 7.924094097688794e-05, 8.017937943805009e-05, 7.584614650113508e-05, 6.66728665237315e-05], [5.1154722314095125e-05, 7.924094097688794e-05, 0.00013300083810463548, 0.0001469102135160938, 0.0001717178092803806, 0.00013537485210690647], [4.484991586650722e-05, 8.017937943805009e-05, 0.0001469102135160938, 0.0002711634151637554, 0.000265665992628783, 0.00014791247667744756], [4.074617027072236e-05, 7.584614650113508e-05, 0.0001717178092803806, 0.000265665992628783, 0.0005280643817968667, 0.0003426583425607532], [4.039033592562191e-05, 6.66728665237315e-05, 0.00013537485210690647, 0.00014791247667744756, 0.0003426583425607532, 0.00026875961339101195]]</COVARIANCE_MATRIX>
		<ROI_SIZE>860</ROI_SIZE>
		<MAX_VALUE>[0.09424672275781631, 0.11911299079656601, 0.18815232813358307, 0.3635178804397583, 0.48799949884414673, 0.3389674425125122]</MAX_VALUE>
		<MIN_VALUE>[0.0646100863814354, 0.07453512400388718, 0.1165466234087944, 0.26537007093429565, 0.3749089241027832, 0.25007879734039307]</MIN_VALUE>
		<SIGNATURE_THRESHOLD_MD>0.0</SIGNATURE_THRESHOLD_MD>
		<SIGNATURE_THRESHOLD_ML>0.0</SIGNATURE_THRESHOLD_ML>
		<SIGNATURE_THRESHOLD_SAM>0.0</SIGNATURE_THRESHOLD_SAM>
	</signature>
	<signature ID="20170716_105541694000_326">
		<MACROCLASSID>3</MACROCLASSID>
		<MACROCLASSINFO>building</MACROCLASSINFO>
		<CLASSID>9</CLASSID>
		<CLASSINFO>building</CLASSINFO>
		<VALUES>[0.10602584310314235, 0.03743768683353474, 0.1305425062994747, 0.04861945078358751, 0.1687866700484472, 0.06332498717947334, 0.2584112852373544, 0.08187799069300393, 0.33685691367615667, 0.14689987676283484, 0.2909202058963915, 0.14501686297439575]</VALUES>
		<LCS_MIN>[0.04933870956301689, 0.04768231883645058, 0.047239385545253754, 0.08629056811332703, 0.04637817293405533, 0.03660912066698074]</LCS_MIN>
		<LCS_MAX>[0.22410868108272552, 0.26984232664108276, 0.3299492597579956, 0.48584359884262085, 0.7073956727981567, 0.6805101037025452]</LCS_MAX>
		<WAVELENGTH>[0.485, 0.56, 0.66, 0.835, 1.65, 2.22]</WAVELENGTH>
		<MEAN_VALUE>[0.10602584310314235, 0.1305425062994747, 0.1687866700484472, 0.2584112852373544, 0.33685691367615667, 0.2909202058963915]</MEAN_VALUE>
		<CHECKBOX>2</CHECKBOX>
		<SD>[0.03743768683353474, 0.04861945078358751, 0.06332498717947334, 0.08187799069300393, 0.14689987676283484, 0.14501686297439575]</SD>
		<WAVELENGTH_UNIT>E-6m</WAVELENGTH_UNIT>
		<COLOR>#f80fb2</COLOR>
		<COVARIANCE_MATRIX>[[0.0014098737156018615, 0.0017896901117637753, 0.0022501423954963684, 0.0024180253967642784, 0.004788847174495459, 0.004826012533158064], [0.0017896901117637753, 0.002377838362008333, 0.0030549594666808844, 0.0034117954783141613, 0.006367195397615433, 0.006251821294426918], [0.0022501423954963684, 0.0030549594666808844, 0.0040337820537388325, 0.004710775334388018, 0.008515255525708199, 0.00821601040661335], [0.0024180253967642784, 0.0034117954783141613, 0.004710775334388018, 0.006743674166500568, 0.01114346832036972, 0.010173020884394646], [0.004788847174495459, 0.006367195397615433, 0.008515255525708199, 0.01114346832036972, 0.021707262843847275, 0.021056942641735077], [0.004826012533158064, 0.006251821294426918, 0.00821601040661335, 0.010173020884394646, 0.021056942641735077, 0.02115432731807232]]</COVARIANCE_MATRIX>
		<ROI_SIZE>170</ROI_SIZE>
		<MAX_VALUE>[0.22410868108272552, 0.26984232664108276, 0.3299492597579956, 0.48584359884262085, 0.7073956727981567, 0.6805101037025452]</MAX_VALUE>
		<MIN_VALUE>[0.04933870956301689, 0.04768231883645058, 0.047239385545253754, 0.08629056811332703, 0.04637817293405533, 0.03660912066698074]</MIN_VALUE>
		<SIGNATURE_THRESHOLD_MD>0.0</SIGNATURE_THRESHOLD_MD>
		<SIGNATURE_THRESHOLD_ML>0.0</SIGNATURE_THRESHOLD_ML>
		<SIGNATURE_THRESHOLD_SAM>0.0</SIGNATURE_THRESHOLD_SAM>
	</signature>
	<signature ID="20170716_105437152000_436">
		<MACROCLASSID>4</MACROCLASSID>
		<MACROCLASSINFO>barren</MACROCLASSINFO>
		<CLASSID>8</CLASSID>
		<CLASSINFO>barren</CLASSINFO>
		<VALUES>[0.07650222837319832, 0.005967312307475062, 0.09346459397507205, 0.007735356331524789, 0.14070266494669276, 0.010954550099485672, 0.2878236010065534, 0.01564717159981996, 0.39099965815616744, 0.025394295974744963, 0.2838130240437342, 0.017636297669679495]</VALUES>
		<LCS_MIN>[0.05347147956490517, 0.05950641259551048, 0.09168354421854019, 0.21920235455036163, 0.2764049470424652, 0.18777722120285034]</LCS_MIN>
		<LCS_MAX>[0.08646737039089203, 0.10969793796539307, 0.16826185584068298, 0.3261461555957794, 0.4563951790332794, 0.32057973742485046]</LCS_MAX>
		<WAVELENGTH>[0.485, 0.56, 0.66, 0.835, 1.65, 2.22]</WAVELENGTH>
		<MEAN_VALUE>[0.07650222837319832, 0.09346459397507205, 0.14070266494669276, 0.2878236010065534, 0.39099965815616744, 0.2838130240437342]</MEAN_VALUE>
		<CHECKBOX>2</CHECKBOX>
		<SD>[0.005967312307475062, 0.007735356331524789, 0.010954550099485672, 0.01564717159981996, 0.025394295974744963, 0.017636297669679495]</SD>
		<WAVELENGTH_UNIT>E-6m</WAVELENGTH_UNIT>
		<COLOR>#1b7db1</COLOR>
		<COVARIANCE_MATRIX>[[3.569942418835126e-05, 4.414320210344158e-05, 5.623038305202499e-05, 5.1012255426030606e-05, 4.90975180582609e-05, 5.680246977135539e-05], [4.414320210344158e-05, 5.998799315420911e-05, 8.137619443004951e-05, 8.458866068394855e-05, 9.477714047534391e-05, 9.304761624662206e-05], [5.623038305202499e-05, 8.137619443004951e-05, 0.00012030751531710848, 0.00014394678873941302, 0.00018378633831162006, 0.00015330180758610368], [5.1012255426030606e-05, 8.458866068394855e-05, 0.00014394678873941302, 0.0002454569621477276, 0.0003243178653065115, 0.00021648156689479947], [4.90975180582609e-05, 9.477714047534391e-05, 0.00018378633831162006, 0.0003243178653065115, 0.0006465111509896815, 0.0004170612373854965], [5.680246977135539e-05, 9.304761624662206e-05, 0.00015330180758610368, 0.00021648156689479947, 0.0004170612373854965, 0.0003118304302915931]]</COVARIANCE_MATRIX>
		<ROI_SIZE>394</ROI_SIZE>
		<MAX_VALUE>[0.08646737039089203, 0.10969793796539307, 0.16826185584068298, 0.3261461555957794, 0.4563951790332794, 0.32057973742485046]</MAX_VALUE>
		<MIN_VALUE>[0.05347147956490517, 0.05950641259551048, 0.09168354421854019, 0.21920235455036163, 0.2764049470424652, 0.18777722120285034]</MIN_VALUE>
		<SIGNATURE_THRESHOLD_MD>0.0</SIGNATURE_THRESHOLD_MD>
		<SIGNATURE_THRESHOLD_ML>0.0</SIGNATURE_THRESHOLD_ML>
		<SIGNATURE_THRESHOLD_SAM>0.0</SIGNATURE_THRESHOLD_SAM>
	</signature>
	<signature ID="20170928_180047397000_660">
		<MACROCLASSID>1</MACROCLASSID>
		<MACROCLASSINFO>water</MACROCLASSINFO>
		<CLASSID>10</CLASSID>
		<CLASSINFO>C 1</CLASSINFO>
		<VALUES>[0.05239431600445305, 0.00273758509828138, 0.04851822467213197, 0.0037396303587313895, 0.05168574568474992, 0.0052463748885196795, 0.05723720087364452, 0.010182103861550938, 0.03482896138224429, 0.010668191164887101, 0.0264992844060847, 0.008242873382856541]</VALUES>
		<LCS_MIN>[0.0454048253595829, 0.039902739226818085, 0.04089652746915817, 0.04518381506204605, 0.018486766144633293, 0.014199110679328442]</LCS_MIN>
		<LCS_MAX>[0.06403546780347824, 0.06600411981344223, 0.07787070423364639, 0.10567257553339005, 0.08257954567670822, 0.07077664881944656]</LCS_MAX>
