<?xml version="1.0" ?>
<signaturelist MCID_LIST="[['1', 'waterbody', '#0000ff'], ['2', 'vegetation', '#00ff00'], ['3', 'bareland', '#ffaa00'], ['4', 'built-up', '#ff0000']]">
	<signature ID="20210201_161831774592_467">
		<MACROCLASSID>1</MACROCLASSID>
		<MACROCLASSINFO>waterbody</MACROCLASSINFO>
		<CLASSID>1</CLASSID>
		<CLASSINFO>C 1</CLASSINFO>
		<VALUES>[0.09336459983508655, 0.006102010038399764, 0.0681893775636679, 0.010023820101698973, 0.039534729355639155, 0.00806221063306926, 0.037155202918655296, 0.018989781211142167, 0.015733489590424494, 0.015899097691891777, 0.008826496357361765, 0.009515451978561813]</VALUES>
		<LCS_MIN>[0.07311112433671951, 0.04470515623688698, 0.024101559072732925, 0.01890547014772892, 0.00018583187193144113, 0.0]</LCS_MIN>
		<LCS_MAX>[0.11218217760324478, 0.10247774422168732, 0.08799528330564499, 0.11466134339570999, 0.09631553292274475, 0.07132682204246521]</LCS_MAX>
		<WAVELENGTH>[0.485, 0.56, 0.66, 0.835, 1.65, 2.22]</WAVELENGTH>
		<MEAN_VALUE>[0.09336459983508655, 0.0681893775636679, 0.039534729355639155, 0.037155202918655296, 0.015733489590424494, 0.008826496357361765]</MEAN_VALUE>
		<CHECKBOX>2</CHECKBOX>
		<SD>[0.006102010038399764, 0.010023820101698973, 0.00806221063306926, 0.018989781211142167, 0.015899097691891777, 0.009515451978561813]</SD>
		<WAVELENGTH_UNIT>E-6m</WAVELENGTH_UNIT>
		<COLOR>#dc6d1d</COLOR>
		<COVARIANCE_MATRIX>[[3.170761920046061e-05, 4.573112528305501e-05, 2.3694767151027918e-05, -2.334496457478963e-05, -1.0114397809957154e-05, -1.2494485872593941e-06], [4.573112528305501e-05, 8.46040275064297e-05, 5.3137624490773305e-05, 5.300289103615796e-06, 1.456239442632068e-05, 1.4075550097913947e-05], [2.3694767151027918e-05, 5.3137624490773305e-05, 5.766360118286684e-05, 7.660056871827692e-05, 6.988443783484399e-05, 4.364584674476646e-05], [-2.334496457478963e-05, 5.300289103615796e-06, 7.660056871827692e-05, 0.0003966081712860614, 0.00030588224763050675, 0.0001637308014323935], [-1.0114397809957154e-05, 1.456239442632068e-05, 6.988443783484399e-05, 0.00030588224763050675, 0.0002722891222219914, 0.0001504090178059414], [-1.2494485872593941e-06, 1.4075550097913947e-05, 4.364584674476646e-05, 0.0001637308014323935, 0.0001504090178059414, 9.230689465766773e-05]]</COVARIANCE_MATRIX>
		<ROI_SIZE>13404</ROI_SIZE>
		<MAX_VALUE>[0.11218217760324478, 0.10247774422168732, 0.08799528330564499, 0.11466134339570999, 0.09631553292274475, 0.07132682204246521]</MAX_VALUE>
		<MIN_VALUE>[0.07311112433671951, 0.04470515623688698, 0.024101559072732925, 0.01890547014772892, 0.00018583187193144113, 0.0]</MIN_VALUE>
		<SIGNATURE_THRESHOLD_MD>0.0</SIGNATURE_THRESHOLD_MD>
		<SIGNATURE_THRESHOLD_ML>0.0</SIGNATURE_THRESHOLD_ML>
		<SIGNATURE_THRESHOLD_SAM>0.0</SIGNATURE_THRESHOLD_SAM>
	</signature>
	<signature ID="20210201_161847167812_206">
		<MACROCLASSID>1</MACROCLASSID>
		<MACROCLASSINFO>waterbody</MACROCLASSINFO>
		<CLASSID>2</CLASSID>
		<CLASSINFO>C 1</CLASSINFO>
		<VALUES>[0.11428061741239884, 0.003616708903820969, 0.1069175798226805, 0.004783802714501951, 0.0853034192148377, 0.005029227774997523, 0.1377788705422598, 0.019202434661216593, 0.09695167784743451, 0.021592305787235883, 0.05334155820310116, 0.013375228833256021]</VALUES>
		<LCS_MIN>[0.1070859506726265, 0.09315960109233856, 0.07763414084911346, 0.09870203584432602, 0.05065391957759857, 0.025349454954266548]</LCS_MIN>
		<LCS_MAX>[0.12577208876609802, 0.1173868179321289, 0.09835643321275711, 0.18647825717926025, 0.13717065751552582, 0.07592456042766571]</LCS_MAX>
		<WAVELENGTH>[0.485, 0.56, 0.66, 0.835, 1.65, 2.22]</WAVELENGTH>
		<MEAN_VALUE>[0.11428061741239884, 0.1069175798226805, 0.0853034192148377, 0.1377788705422598, 0.09695167784743451, 0.05334155820310116]</MEAN_VALUE>
		<CHECKBOX>2</CHECKBOX>
		<SD>[0.003616708903820969, 0.004783802714501951, 0.005029227774997523, 0.019202434661216593, 0.021592305787235883, 0.013375228833256021]</SD>
		<WAVELENGTH_UNIT>E-6m</WAVELENGTH_UNIT>
		<COLOR>#a24959</COLOR>
		<COVARIANCE_MATRIX>[[1.347696434095269e-05, 1.2177989447081927e-05, 1.222021546709584e-05, -3.889009531121701e-05, -2.0674402549047954e-05, -1.1172588529007044e-05], [1.2177989447081927e-05, 2.3578246327815577e-05, 1.4459067642746959e-05, -4.2207830119878054e-05, -3.4532738936832175e-05, -2.1199757611611858e-05], [1.222021546709584e-05, 1.4459067642746959e-05, 2.6059589799842797e-05, -2.5870731406030245e-05, 2.352070623601321e-05, 1.784648520697374e-05], [-3.889009531121701e-05, -4.2207830119878054e-05, -2.5870731406030245e-05, 0.00037990722921676934, 0.00018533540423959494, 7.510978321079165e-05], [-2.0674402549047954e-05, -3.4532738936832175e-05, 2.352070623601321e-05, 0.00018533540423959494, 0.00048035578220151365, 0.0002793193270917982], [-1.1172588529007044e-05, -2.1199757611611858e-05, 1.784648520697374e-05, 7.510978321079165e-05, 0.0002793193270917982, 0.00018431786156725138]]</COVARIANCE_MATRIX>
		<ROI_SIZE>34</ROI_SIZE>
		<MAX_VALUE>[0.12577208876609802, 0.1173868179321289, 0.09835643321275711, 0.18647825717926025, 0.13717065751552582, 0.07592456042766571]</MAX_VALUE>
		<MIN_VALUE>[0.1070859506726265, 0.09315960109233856, 0.07763414084911346, 0.09870203584432602, 0.05065391957759857, 0.025349454954266548]</MIN_VALUE>
		<SIGNATURE_THRESHOLD_MD>0.0</SIGNATURE_THRESHOLD_MD>
		<SIGNATURE_THRESHOLD_ML>0.0</SIGNATURE_THRESHOLD_ML>
		<SIGNATURE_THRESHOLD_SAM>0.0</SIGNATURE_THRESHOLD_SAM>
	</signature>
	<signature ID="20210201_161934570573_115">
		<MACROCLASSID>1</MACROCLASSID>
		<MACROCLASSINFO>waterbody</MACROCLASSINFO>
		<CLASSID>3</CLASSID>
		<CLASSINFO>C 1</CLASSINFO>
		<VALUES>[0.1051748669706285, 0.002574520221204026, 0.08762693707831204, 0.004231419061420858, 0.06862210400868207, 0.006252178557164527, 0.11503538605757055, 0.020007887634997428, 0.06635009514866397, 0.021877956478363228, 0.03612539957975969, 0.01367823677326349]</VALUES>
		<LCS_MIN>[0.10198971629142761, 0.08011416345834732, 0.05863871052861214, 0.07875288277864456, 0.02902473695576191, 0.011556243523955345]</LCS_MIN>
		<LCS_MAX>[0.11048343777656555, 0.09502321481704712, 0.0810878649353981, 0.15056979656219482, 0.1107349768280983, 0.06213134899735451]</LCS_MAX>
		<WAVELENGTH>[0.485, 0.56, 0.66, 0.835, 1.65, 2.22]</WAVELENGTH>
		<MEAN_VALUE>[0.1051748669706285, 0.08762693707831204, 0.06862210400868207, 0.11503538605757055, 0.06635009514866397, 0.03612539957975969]</MEAN_VALUE>
		<CHECKBOX>2</CHECKBOX>
		<SD>[0.002574520221204026, 0.004231419061420858, 0.006252178557164527, 0.020007887634997428, 0.021877956478363228, 0.01367823677326349]</SD>
		<WAVELENGTH_UNIT>E-6m</WAVELENGTH_UNIT>
		<COLOR>#6f14a4</COLOR>
		<COVARIANCE_MATRIX>[[6.841965841886122e-06, 6.650795057794312e-06, 1.0799484698509332e-05, 1.6124015473906184e-06, 1.239558059751289e-05, 1.1684044693538453e-05], [6.650795057794312e-06, 1.848248575697653e-05, 2.265411603730172e-05, 2.348351881664712e-05, 4.947854176862165e-05, 3.8877791666891426e-05], [1.0799484698509332e-05, 2.265411603730172e-05, 4.035069650853984e-05, 4.6819135604891926e-05, 8.095540397334844e-05, 6.0163558373460546e-05], [1.6124015473906184e-06, 2.348351881664712e-05, 4.6819135604891926e-05, 0.00041322896140627563, 0.0003771711199078709, 0.00021981578902341425], [1.239558059751289e-05, 4.947854176862165e-05, 8.095540397334844e-05, 0.0003771711199078709, 0.0004940851358696818, 0.00029340144828893244], [1.1684044693538453e-05, 3.8877791666891426e-05, 6.0163558373460546e-05, 0.00021981578902341425, 0.00029340144828893244, 0.0001931294536916539]]</COVARIANCE_MATRIX>
		<ROI_SIZE>32</ROI_SIZE>
		<MAX_VALUE>[0.11048343777656555, 0.09502321481704712, 0.0810878649353981, 0.15056979656219482, 0.1107349768280983, 0.06213134899735451]</MAX_VALUE>
		<MIN_VALUE>[0.10198971629142761, 0.08011416345834732, 0.05863871052861214, 0.07875288277864456, 0.02902473695576191, 0.011556243523955345]</MIN_VALUE>
		<SIGNATURE_THRESHOLD_MD>0.0</SIGNATURE_THRESHOLD_MD>
		<SIGNATURE_THRESHOLD_ML>0.0</SIGNATURE_THRESHOLD_ML>
		<SIGNATURE_THRESHOLD_SAM>0.0</SIGNATURE_THRESHOLD_SAM>
	</signature>
	<signature ID="20210201_161952064813_198">
		<MACROCLASSID>1</MACROCLASSID>
		<MACROCLASSINFO>waterbody</MACROCLASSINFO>
		<CLASSID>4</CLASSID>
		<CLASSINFO>C 1</CLASSINFO>
		<VALUES>[0.11600433848798275, 0.004709980320790168, 0.1085345633327961, 0.009894382065622275, 0.09447100013494492, 0.012770279592035983, 0.13062065094709396, 0.012297481433260302, 0.09150904417037964, 0.029088172335317637, 0.06213134853169322, 0.027151962472634055]</VALUES>
		<LCS_MIN>[0.11048343777656555, 0.09688685089349747, 0.0810878649353981, 0.11865115165710449, 0.05065391957759857, 0.023050585761666298]</LCS_MIN>
		<LCS_MAX>[0.12067586928606033, 0.11925045400857925, 0.11044442653656006, 0.15056979656219482, 0.1323641687631607, 0.09891324490308762]</LCS_MAX>
		<WAVELENGTH>[0.485, 0.56, 0.66, 0.835, 1.65, 2.22]</WAVELENGTH>
		<MEAN_VALUE>[0.11600433848798275, 0.1085345633327961, 0.09447100013494492, 0.13062065094709396, 0.09150904417037964, 0.06213134853169322]</MEAN_VALUE>
		<CHECKBOX>2</CHECKBOX>
		<SD>[0.004709980320790168, 0.009894382065622275, 0.012770279592035983, 0.012297481433260302, 0.029088172335317637, 0.027151962472634055]</SD>
		<WAVELENGTH_UNIT>E-6m</WAVELENGTH_UNIT>
		<COLOR>#707600</COLOR>
		<COVARIANCE_MATRIX>[[2.9578552130260505e-05, 6.199740892043337e-05, 7.847054803278297e-05, 2.259221400890965e-05, 0.00013200021930970252, 0.00012626736133825034], [6.199740892043337e-05, 0.0001305317273363471, 0.00016225229774136096, 3.717776417033747e-05, 0.00026424688985571265, 0.0002541985595598817], [7.847054803278297e-05, 0.00016225229774136096, 0.0002174400578951463, 0.00010105126420967281, 0.0004122390237171203, 0.00038904216489754617], [2.259221400890965e-05, 3.717776417033747e-05, 0.00010105126420967281, 0.00020163740555290133, 0.00036116776755079627, 0.0003210231370758265], [0.00013200021930970252, 0.00026424688985571265, 0.0004122390237171203, 0.00036116776755079627, 0.0011281623737886548, 0.0010515418834984303], [0.00012626736133825034, 0.0002541985595598817, 0.00038904216489754617, 0.0003210231370758265, 0.0010515418834984303, 0.0009829720947891474]]</COVARIANCE_MATRIX>
		<ROI_SIZE>4</ROI_SIZE>
		<MAX_VALUE>[0.12067586928606033, 0.11925045400857925, 0.11044442653656006, 0.15056979656219482, 0.1323641687631607, 0.09891324490308762]</MAX_VALUE>
		<MIN_VALUE>[0.11048343777656555, 0.09688685089349747, 0.0810878649353981, 0.11865115165710449, 0.05065391957759857, 0.023050585761666298]</MIN_VALUE>
		<SIGNATURE_THRESHOLD_MD>0.0</SIGNATURE_THRESHOLD_MD>
		<SIGNATURE_THRESHOLD_ML>0.0</SIGNATURE_THRESHOLD_ML>
		<SIGNATURE_THRESHOLD_SAM>0.0</SIGNATURE_THRESHOLD_SAM>
	</signature>
	<signature ID="20210201_162010029339_544">
		<MACROCLASSID>1</MACROCLASSID>
		<MACROCLASSINFO>waterbody</MACROCLASSINFO>
		<CLASSID>5</CLASSID>
		<CLASSINFO>C 1</CLASSINFO>
		<VALUES>[0.11567403003573418, 0.004101761812851579, 0.1087933952609698, 0.006578356888197832, 0.09192868363526134, 0.007951165445669133, 0.16409087677796683, 0.025027635215253967, 0.11714362394478586, 0.025205416507267493, 0.06545193845199214, 0.018490015725229188]</VALUES>
		<LCS_MIN>[0.10368847101926804, 0.09502321481704712, 0.07763414084911346, 0.12264099717140198, 0.0770895928144455, 0.0437404066324234]</LCS_MIN>
		<LCS_MAX>[0.12067586928606033, 0.11925045400857925, 0.10699072480201721, 0.2144070565700531, 0.17081603407859802, 0.10810872912406921]</LCS_MAX>
		<WAVELENGTH>[0.485, 0.56, 0.66, 0.835, 1.65, 2.22]</WAVELENGTH>
		<MEAN_VALUE>[0.11567403003573418, 0.1087933952609698, 0.09192868363526134, 0.16409087677796683, 0.11714362394478586, 0.06545193845199214]</MEAN_VALUE>
		<CHECKBOX>2</CHECKBOX>
		<SD>[0.004101761812851579, 0.006578356888197832, 0.007951165445669133, 0.025027635215253967, 0.025205416507267493, 0.018490015725229188]</SD>
		<WAVELENGTH_UNIT>E-6m</WAVELENGTH_UNIT>
		<COLOR>#7bcb62</COLOR>
		<COVARIANCE_MATRIX>[[1.7814123566495255e-05, 2.5254210413550027e-05, 2.7561305614653975e-05, -6.713451148243621e-05, -1.841100583988009e-06, 7.478542102035135e-06], [2.5254210413550027e-05, 4.5820353989256546e-05, 5.2448740461841226e-05, -9.610365668777376e-05, -2.3359789338428527e-05, 7.0284386310959235e-06], [2.7561305614653975e-05, 5.2448740461841226e-05, 6.693991599604487e-05, -0.00010048845433630049, -1.0578351066214964e-06, 3.520944665069692e-05], [-6.713451148243621e-05, -9.610365668777376e-05, -0.00010048845433630049, 0.0006632285658270121, 0.0003792167699430138, 0.0002184516633860767], [-1.841100583988009e-06, -2.3359789338428527e-05, -1.0578351066214964e-06, 0.0003792167699430138, 0.0006726844003424048, 0.0004584449343383312], [7.478542102035135e-06, 7.0284386310959235e-06, 3.520944665069692e-05, 0.0002184516633860767, 0.0004584449343383312, 0.00036199131864123046]]</COVARIANCE_MATRIX>
		<ROI_SIZE>18</ROI_SIZE>
		<MAX_VALUE>[0.12067586928606033, 0.11925045400857925, 0.10699072480201721, 0.2144070565700531, 0.17081603407859802, 0.10810872912406921]</MAX_VALUE>
		<MIN_VALUE>[0.10368847101926804, 0.09502321481704712, 0.07763414084911346, 0.12264099717140198, 0.0770895928144455, 0.0437404066324234]</MIN_VALUE>
		<SIGNATURE_THRESHOLD_MD>0.0</SIGNATURE_THRESHOLD_MD>
		<SIGNATURE_THRESHOLD_ML>0.0</SIGNATURE_THRESHOLD_ML>
		<SIGNATURE_THRESHOLD_SAM>0.0</SIGNATURE_THRESHOLD_SAM>
	</signature>
	<signature ID="20210201_162025910278_296">
		<MACROCLASSID>1</MACROCLASSID>
		<MACROCLASSINFO>waterbody</MACROCLASSINFO>
		<CLASSID>6</CLASSID>
		<CLASSINFO>C 1</CLASSINFO>
		<VALUES>[0.11133280545473098, 0.0046366580603889335, 0.10061412304639815, 0.007862670677622243, 0.07970636934041976, 0.009670399315656405, 0.1393982708454132, 0.022200083308974623, 0.0814154226332903, 0.025789826334448273, 0.04328062701970339, 0.016085508974390622]</VALUES>
		<LCS_MIN>[0.10538721829652786, 0.09129596501588821, 0.06727299839258194, 0.11466134339570999, 0.0434441938996315, 0.016153980046510696]</LCS_MIN>
		<LCS_MAX>[0.1189771369099617, 0.10993228852748871, 0.09317585825920105, 0.17450875043869019, 0.12515443563461304, 0.06902795284986496]</LCS_MAX>
		<WAVELENGTH>[0.485, 0.56, 0.66, 0.835, 1.65, 2.22]</WAVELENGTH>
		<MEAN_VALUE>[0.11133280545473098, 0.10061412304639815, 0.07970636934041976, 0.1393982708454132, 0.0814154226332903, 0.04328062701970339]</MEAN_VALUE>
		<CHECKBOX>2</CHECKBOX>
		<SD>[0.0046366580603889335, 0.007862670677622243, 0.009670399315656405, 0.022200083308974623, 0.025789826334448273, 0.016085508974390622]</SD>
		<WAVELENGTH_UNIT>E-6m</WAVELENGTH_UNIT>
		<COLOR>#41a0ce</COLOR>
		<COVARIANCE_MATRIX>[[2.3887330826255493e-05, 3.763815402635373e-05, 4.726163751911372e-05, 7.530931043220335e-07, 4.853619611822069e-05, 4.9899506848305464e-05], [3.763815402635373e-05, 6.869065691716969e-05, 7.974047912284732e-05, -1.6523512385901995e-05, 6.718136864947155e-05, 7.521227234974504e-05], [4.726163751911372e-05, 7.974047912284732e-05, 0.00010390736133558676, 1.5004564374976326e-05, 0.00012929723015986383, 0.00011706543591571972], [7.530931043220335e-07, -1.6523512385901995e-05, 1.5004564374976326e-05, 0.0005476041114889085, 0.00044469439308159053, 0.00020015538029838353], [4.853619611822069e-05, 6.718136864947155e-05, 0.00012929723015986383, 0.00044469439308159053, 0.0007390168029814959, 0.0004362087929621339], [4.9899506848305464e-05, 7.521227234974504e-05, 0.00011706543591571972, 0.00020015538029838353, 0.0004362087929621339, 0.00028749287594109774]]</COVARIANCE_MATRIX>
		<ROI_SIZE>10</ROI_SIZE>
		<MAX_VALUE>[0.1189771369099617, 0.10993228852748871, 0.09317585825920105, 0.17450875043869019, 0.12515443563461304, 0.06902795284986496]</MAX_VALUE>
		<MIN_VALUE>[0.10538721829652786, 0.09129596501588821, 0.06727299839258194, 0.11466134339570999, 0.0434441938996315, 0.016153980046510696]</MIN_VALUE>
		<SIGNATURE_THRESHOLD_MD>0.0</SIGNATURE_THRESHOLD_MD>
		<SIGNATURE_THRESHOLD_ML>0.0</SIGNATURE_THRESHOLD_ML>
		<SIGNATURE_THRESHOLD_SAM>0.0</SIGNATURE_THRESHOLD_SAM>
	</signature>
	<signature ID="20210201_162915687351_604">
		<MACROCLASSID>1</MACROCLASSID>
		<MACROCLASSINFO>waterbody</MACROCLASSINFO>
		<CLASSID>7</CLASSID>
		<CLASSINFO>C 1</CLASSINFO>
		<VALUES>[0.11024075746536256, 0.0035666114661552523, 0.10061411559581757, 0.008854003908761324, 0.08355479261704854, 0.011374703905079424, 0.17963854117052896, 0.017023098095313747, 0.1100483408996037, 0.01955420255227305, 0.05786202209336417, 0.01645985271590025]</VALUES>
		<LCS_MIN>[0.10538721829652786, 0.08570506423711777, 0.06899984925985336, 0.15056979656219482, 0.08429930359125137, 0.03684379532933235]</LCS_MIN>
		<LCS_MAX>[0.11557965725660324, 0.11552317440509796, 0.1052638590335846, 0.20642738044261932, 0.13957390189170837, 0.08512003719806671]</LCS_MAX>
		<WAVELENGTH>[0.485, 0.56, 0.66, 0.835, 1.65, 2.22]</WAVELENGTH>
		<MEAN_VALUE>[0.11024075746536256, 0.10061411559581757, 0.08355479261704854, 0.17963854117052896, 0.1100483408996037, 0.05786202209336417]</MEAN_VALUE>
		<CHECKBOX>2</CHECKBOX>
		<SD>[0.0035666114661552523, 0.008854003908761324, 0.011374703905079424, 0.017023098095313747, 0.01955420255227305, 0.01645985271590025]</SD>
		<WAVELENGTH_UNIT>E-6m</WAVELENGTH_UNIT>
		<COLOR>#af48ce</COLOR>
		<COVARIANCE_MATRIX>[[1.4840837138763163e-05, 3.21859261021018e-05, 4.3233954784227535e-05, -5.6157950893975794e-05, 5.287794192554429e-05, 5.0209502660436556e-05], [3.21859261021018e-05, 9.145894728135318e-05, 0.00011478344822535291, -0.00012640476052183658, 0.00011346199607942253, 0.00011710274702636525], [4.3233954784227535e-05, 0.00011478344822535291, 0.00015094787522684783, -0.0001456714962841943, 0.00016382850299123675, 0.00016777210112195462], [-5.6157950893975794e-05, -0.00012640476052183658, -0.0001456714962841943, 0.00033808351145125926, -9.816839883569628e-05, -9.368652536068112e-05], [5.287794192554429e-05, 0.00011346199607942253, 0.00016382850299123675, -9.816839883569628e-05, 0.0004460946365725249, 0.00036121279117651284], [5.0209502660436556e-05, 0.00011710274702636525, 0.00016777210112195462, -9.368652536068112e-05, 0.00036121279117651284, 0.00031608121935278177]]</COVARIANCE_MATRIX>
		<ROI_SIZE>7</ROI_SIZE>
		<MAX_VALUE>[0.11557965725660324, 0.11552317440509796, 0.1052638590335846, 0.20642738044261932, 0.13957390189170837, 0.08512003719806671]</MAX_VALUE>
		<MIN_VALUE>[0.10538721829652786, 0.08570506423711777, 0.06899984925985336, 0.15056979656219482, 0.08429930359125137, 0.03684379532933235]</MIN_VALUE>
		<SIGNATURE_THRESHOLD_MD>0.0</SIGNATURE_THRESHOLD_MD>
		<SIGNATURE_THRESHOLD_ML>0.0</SIGNATURE_THRESHOLD_ML>
		<SIGNATURE_THRESHOLD_SAM>0.0</SIGNATURE_THRESHOLD_SAM>
	</signature>
	<signature ID="20210201_162943203068_361">
		<MACROCLASSID>1</MACROCLASSID>
		<MACROCLASSINFO>waterbody</MACROCLASSINFO>
		<CLASSID>8</CLASSID>
		<CLASSINFO>C 1</CLASSINFO>
		<VALUES>[0.09768697733567891, 0.0024968941888885237, 0.06922790029979324, 0.0038604303453653108, 0.042357439229499964, 0.003747207050199216, 0.06173908792862106, 0.028328438801637604, 0.024176775371238142, 0.01943891882613423, 0.010916427820774018, 0.008975921713321023]</VALUES>
		<LCS_MIN>[0.08839979767799377, 0.059614211320877075, 0.03446270152926445, 0.03486477956175804, 0.00018583187193144113, 6.18989288341254e-05]</LCS_MIN>
		<LCS_MAX>[0.10538721829652786, 0.08197779953479767, 0.0638192817568779, 0.13860030472278595, 0.10112201422452927, 0.052935875952243805]</LCS_MAX>
		<WAVELENGTH>[0.485, 0.56, 0.66, 0.835, 1.65, 2.22]</WAVELENGTH>
		<MEAN_VALUE>[0.09768697733567891, 0.06922790029979324, 0.042357439229499964, 0.06173908792862106, 0.024176775371238142, 0.010916427820774018]</MEAN_VALUE>
		<CHECKBOX>2</CHECKBOX>
		<SD>[0.0024968941888885237, 0.0038604303453653108, 0.003747207050199216, 0.028328438801637604, 0.01943891882613423, 0.008975921713321023]</SD>
		<WAVELENGTH_UNIT>E-6m</WAVELENGTH_UNIT>
		<COLOR>#1f4595</COLOR>
		<COVARIANCE_MATRIX>[[6.816406312282197e-06, 6.318112809822196e-06, 4.074523531016894e-06, -4.873506441072095e-06, -8.321019890900061e-07, 7.009492719589616e-07], [6.318112809822196e-06, 1.574914676893968e-05, 1.0633632882672828e-05, 4.918745980830863e-05, 3.5697416024049744e-05, 1.6466687156935222e-05], [4.074523531016894e-06, 1.0633632882672828e-05, 1.3745988326263614e-05, 6.392245995812118e-05, 4.883354267803952e-05, 2.2833542971056886e-05], [-4.873506441072095e-06, 4.918745980830863e-05, 6.392245995812118e-05, 0.000883265573065728, 0.0005750744021497667, 0.0002446840808261186], [-8.321019890900061e-07, 3.5697416024049744e-05, 4.883354267803952e-05, 0.0005750744021497667, 0.00042230813414789736, 0.00018310094310436398], [7.009492719589616e-07, 1.6466687156935222e-05, 2.2833542971056886e-05, 0.0002446840808261186, 0.00018310094310436398, 8.682334737386554e-05]]</COVARIANCE_MATRIX>
		<ROI_SIZE>1421</ROI_SIZE>
		<MAX_VALUE>[0.10538721829652786, 0.08197779953479767, 0.0638192817568779, 0.13860030472278595, 0.10112201422452927, 0.052935875952243805]</MAX_VALUE>
		<MIN_VALUE>[0.08839979767799377, 0.059614211320877075, 0.03446270152926445, 0.03486477956175804, 0.00018583187193144113, 6.18989288341254e-05]</MIN_VALUE>
		<SIGNATURE_THRESHOLD_MD>0.0</SIGNATURE_THRESHOLD_MD>
		<SIGNATURE_THRESHOLD_ML>0.0</SIGNATURE_THRESHOLD_ML>
		<SIGNATURE_THRESHOLD_SAM>0.0</SIGNATURE_THRESHOLD_SAM>
	</signature>
	<signature ID="20210201_163019041666_330">
		<MACROCLASSID>1</MACROCLASSID>
		<MACROCLASSINFO>waterbody</MACROCLASSINFO>
		<CLASSID>9</CLASSID>
		<CLASSINFO>C 1</CLASSINFO>
		<VALUES>[0.11599169024761678, 0.0038084664862805553, 0.1094881819917801, 0.006415227821090099, 0.09052555890265085, 0.007184595618673583, 0.07363119273320992, 0.025827884151861623, 0.030316695975179386, 0.023808312013043877, 0.01690396484877612, 0.014564295867088892]</VALUES>
		<LCS_MIN>[0.09689349681138992, 0.07452327758073807, 0.05691184848546982, 0.050824083387851715, 0.007395559921860695, 6.18989288341254e-05]</LCS_MIN>
		<LCS_MAX>[0.13766328990459442, 0.13788676261901855, 0.12943986058235168, 0.15056979656219482, 0.11313822865486145, 0.08052229881286621]</LCS_MAX>
		<WAVELENGTH>[0.485, 0.56, 0.66, 0.835, 1.65, 2.22]</WAVELENGTH>
		<MEAN_VALUE>[0.11599169024761678, 0.1094881819917801, 0.09052555890265085, 0.07363119273320992, 0.030316695975179386, 0.01690396484877612]</MEAN_VALUE>
		<CHECKBOX>2</CHECKBOX>
		<SD>[0.0038084664862805553, 0.006415227821090099, 0.007184595618673583, 0.025827884151861623, 0.023808312013043877, 0.014564295867088892]</SD>
		<WAVELENGTH_UNIT>E-6m</WAVELENGTH_UNIT>
		<COLOR>#a684a2</COLOR>
		<COVARIANCE_MATRIX>[[1.3198161468608305e-05, 1.7287246009800583e-05, 1.7765973097993992e-05, -4.356115823611617e-05, -3.006273618666455e-05, -1.2548587619676255e-05], [1.7287246009800583e-05, 3.837835538433865e-05, 3.673505852930248e-05, -9.210389544023201e-05, -6.823935837019235e-05, -3.199116326868534e-05], [1.7765973097993992e-05, 3.673505852930248e-05, 4.58818904007785e-05, -6.817802204750478e-05, -4.016894308733754e-05, -1.2437829354894347e-05], [-4.356115823611617e-05, -9.210389544023201e-05, -6.817802204750478e-05, 0.0006652525626122952, 0.0005602803430519998, 0.00031370800570584834], [-3.006273618666455e-05, -6.823935837019235e-05, -4.016894308733754e-05, 0.0005602803430519998, 0.0005448096198961139, 0.0003191604046151042], [-1.2548587619676255e-05, -3.199116326868534e-05, -1.2437829354894347e-05, 0.00031370800570584834, 0.0003191604046151042, 0.000202377894311212]]</COVARIANCE_MATRIX>
		<ROI_SIZE>4046</ROI_SIZE>
		<MAX_VALUE>[0.13766328990459442, 0.13788676261901855, 0.12943986058235168, 0.15056979656219482, 0.11313822865486145, 0.08052229881286621]</MAX_VALUE>
		<MIN_VALUE>[0.09689349681138992, 0.07452327758073807, 0.05691184848546982, 0.050824083387851715, 0.007395559921860695, 6.18989288341254e-05]</MIN_VALUE>
		<SIGNATURE_THRESHOLD_MD>0.0</SIGNATURE_THRESHOLD_MD>
		<SIGNATURE_THRESHOLD_ML>0.0</SIGNATURE_THRESHOLD_ML>
		<SIGNATURE_THRESHOLD_SAM>0.0</SIGNATURE_THRESHOLD_SAM>
	</signature>
	<signature ID="20210201_163028294163_126">
		<MACROCLASSID>1</MACROCLASSID>
		<MACROCLASSINFO>waterbody</MACROCLASSINFO>
		<CLASSID>10</CLASSID>
		<CLASSINFO>C 1</CLASSINFO>
		<VALUES>[0.11585842304122759, 0.0036245556730323085, 0.10997528871282554, 0.006445314606755939, 0.09292789745407225, 0.009040911656286036, 0.07760708992106798, 0.025709682769616264, 0.03205652232640061, 0.023806853027562882, 0.016949741508683346, 0.014194236099162058]</VALUES>
		<LCS_MIN>[0.0951947569847107, 0.07265963405370712, 0.053458135575056076, 0.050824083387851715, 0.004992315545678139, 6.18989288341254e-05]</LCS_MIN>
		<LCS_MAX>[0.12407334893941879, 0.11925045400857925, 0.1311667114496231, 0.14657995104789734, 0.10592849552631378, 0.07132682204246521]</LCS_MAX>
		<WAVELENGTH>[0.485, 0.56, 0.66, 0.835, 1.65, 2.22]</WAVELENGTH>
		<MEAN_VALUE>[0.11585842304122759, 0.10997528871282554, 0.09292789745407225, 0.07760708992106798, 0.03205652232640061, 0.016949741508683346]</MEAN_VALUE>
		<CHECKBOX>2</CHECKBOX>
		<SD>[0.0036245556730323085, 0.006445314606755939, 0.009040911656286036, 0.025709682769616264, 0.023806853027562882, 0.014194236099162058]</SD>
		<WAVELENGTH_UNIT>E-6m</WAVELENGTH_UNIT>
		<COLOR>#79986d</COLOR>
		<COVARIANCE_MATRIX>[[9.828823749558069e-06, 1.2059605978720356e-05, 1.2871211765741464e-05, -3.329282844788395e-05, -2.4962846509879455e-05, -1.0767003914224915e-05], [1.2059605978720356e-05, 2.8752829166478477e-05, 2.8611879315576516e-05, -7.699379784753546e-05, -6.329955795081332e-05, -3.06810688925907e-05], [1.2871211765741464e-05, 2.8611879315576516e-05, 4.631861884263344e-05, -6.292426405707374e-05, -4.280927169020288e-05, -1.5762747352709994e-05], [-3.329282844788395e-05, -7.699379784753546e-05, -6.292426405707374e-05, 0.0006254718755371869, 0.000538630411028862, 0.0002962304570246488], [-2.4962846509879455e-05, -6.329955795081332e-05, -4.280927169020288e-05, 0.000538630411028862, 0.0005477839149534702, 0.0003148792020510882], [-1.0767003914224915e-05, -3.06810688925907e-05, -1.5762747352709994e-05, 0.0002962304570246488, 0.0003148792020510882, 0.00019506800163071603]]</COVARIANCE_MATRIX>
		<ROI_SIZE>2976</ROI_SIZE>
		<MAX_VALUE>[0.12407334893941879, 0.11925045400857925, 0.1311667114496231, 0.14657995104789734, 0.10592849552631378, 0.07132682204246521]</MAX_VALUE>
		<MIN_VALUE>[0.0951947569847107, 0.07265963405370712, 0.053458135575056076, 0.050824083387851715, 0.004992315545678139, 6.18989288341254e-05]</MIN_VALUE>
		<SIGNATURE_THRESHOLD_MD>0.0</SIGNATURE_THRESHOLD_MD>
		<SIGNATURE_THRESHOLD_ML>0.0</SIGNATURE_THRESHOLD_ML>
		<SIGNATURE_THRESHOLD_SAM>0.0</SIGNATURE_THRESHOLD_SAM>
	</signature>
	<signature ID="20210201_163040324854_180">
		<MACROCLASSID>1</MACROCLASSID>
		<MACROCLASSINFO>waterbody</MACROCLASSINFO>
		<CLASSID>11</CLASSID>
		<CLASSINFO>C 1</CLASSINFO>
		<VALUES>[0.11423980350225744, 0.0030296300902721597, 0.09880298418058478, 0.004077879053297159, 0.07328051370634157, 0.00473460039581048, 0.12140471089473916, 0.02063518673260591, 0.059725314641082806, 0.01996159622472951, 0.02955864947026884, 0.012573591291542341]</VALUES>
		<LCS_MIN>[0.1070859506726265, 0.08943232893943787, 0.06554613262414932, 0.07875288277864456, 0.026621496304869652, 0.011556243523955345]</LCS_MIN>
		<LCS_MAX>[0.12237461656332016, 0.10620500892400742, 0.08626842498779297, 0.15455961227416992, 0.10352526605129242, 0.05983247607946396]</LCS_MAX>
		<WAVELENGTH>[0.485, 0.56, 0.66, 0.835, 1.65, 2.22]</WAVELENGTH>
		<MEAN_VALUE>[0.11423980350225744, 0.09880298418058478, 0.07328051370634157, 0.12140471089473916, 0.059725314641082806, 0.02955864947026884]</MEAN_VALUE>
		<CHECKBOX>2</CHECKBOX>
		<SD>[0.0030296300902721597, 0.004077879053297159, 0.00473460039581048, 0.02063518673260591, 0.01996159622472951, 0.012573591291542341]</SD>
		<WAVELENGTH_UNIT>E-6m</WAVELENGTH_UNIT>
		<COLOR>#7a1e29</COLOR>
		<COVARIANCE_MATRIX>[[9.309782399213873e-06, 8.121582141029648e-06, 7.284127150342101e-06, -9.813318683882244e-06, 2.3550221612822497e-06, 4.437135430634953e-06], [8.121582141029648e-06, 1.6866655641933903e-05, 1.0346238013880793e-05, -1.9054230506299064e-05, 1.1804970654338831e-06, 6.447048235713737e-06], [7.284127150342101e-06, 1.0346238013880793e-05, 2.273667632834986e-05, 1.845844781200867e-05, 4.242909562890418e-05, 3.622438453021459e-05], [-9.813318683882244e-06, -1.9054230506299064e-05, 1.845844781200867e-05, 0.0004318939463701099, 0.0003665613185148686, 0.00020483657135628164], [2.3550221612822497e-06, 1.1804970654338831e-06, 4.242909562890418e-05, 0.0003665613185148686, 0.00040415767580270767, 0.00023521934053860605], [4.437135430634953e-06, 6.447048235713737e-06, 3.622438453021459e-05, 0.00020483657135628164, 0.00023521934053860605, 0.0001603536948096007]]</COVARIANCE_MATRIX>
		<ROI_SIZE>71</ROI_SIZE>
		<MAX_VALUE>[0.12237461656332016, 0.10620500892400742, 0.08626842498779297, 0.15455961227416992, 0.10352526605129242, 0.05983247607946396]</MAX_VALUE>
		<MIN_VALUE>[0.1070859506726265, 0.08943232893943787, 0.06554613262414932, 0.07875288277864456, 0.026621496304869652, 0.011556243523955345]</MIN_VALUE>
		<SIGNATURE_THRESHOLD_MD>0.0</SIGNATURE_THRESHOLD_MD>
		<SIGNATURE_THRESHOLD_ML>0.0</SIGNATURE_THRESHOLD_ML>
		<SIGNATURE_THRESHOLD_SAM>0.0</SIGNATURE_THRESHOLD_SAM>
	</signature>
	<signature ID="20210201_163222049811_181">
		<MACROCLASSID>1</MACROCLASSID>
		<MACROCLASSINFO>waterbody</MACROCLASSINFO>
		<CLASSID>12</CLASSID>
		<CLASSINFO>C 1</CLASSINFO>
		<VALUES>[0.10685430162332273, 0.007497861892057963, 0.0861286148428917, 0.011984970270114748, 0.055263485251502556, 0.008858648048348603, 0.11810709942470897, 0.01999607352382393, 0.048032201911238116, 0.012919708438594095, 0.01949778851121664, 0.006956508282403315]</VALUES>
		<LCS_MIN>[0.09349601715803146, 0.06520511209964752, 0.03964327275753021, 0.08673254400491714, 0.02902473695576191, 0.00925737340003252]</LCS_MIN>
		<LCS_MAX>[0.11557965725660324, 0.10247774422168732, 0.06727299839258194, 0.15056979656219482, 0.0770895928144455, 0.0391426607966423]</LCS_MAX>
		<WAVELENGTH>[0.485, 0.56, 0.66, 0.835, 1.65, 2.22]</WAVELENGTH>
		<MEAN_VALUE>[0.10685430162332273, 0.0861286148428917, 0.055263485251502556, 0.11810709942470897, 0.048032201911238116, 0.01949778851121664]</MEAN_VALUE>
		<CHECKBOX>2</CHECKBOX>
		<SD>[0.007497861892057963, 0.011984970270114748, 0.008858648048348603, 0.01999607352382393, 0.012919708438594095, 0.006956508282403315]</SD>
		<WAVELENGTH_UNIT>E-6m</WAVELENGTH_UNIT>
		<COLOR>#33a89b</COLOR>
		<COVARIANCE_MATRIX>[[5.889497697353363e-05, 9.055504779098555e-05, 6.67907515889965e-05, -7.275010284502059e-05, -2.4936767658800818e-05, -5.88314014748903e-06], [9.055504779098555e-05, 0.00015047949273139238, 0.0001021821954054758, -0.00011554099910426885, -4.724991231341846e-05, -1.3724408745474648e-05], [6.67907515889965e-05, 0.0001021821954054758, 8.221258030971512e-05, -6.885391485411674e-05, -2.330141251150053e-05, -1.7872811213237583e-06], [-7.275010284502059e-05, -0.00011554099910426885, -6.885391485411674e-05, 0.00041888310806825757, 0.00020808340923395008, 9.624737140256912e-05], [-2.4936767658800818e-05, -4.724991231341846e-05, -2.330141251150053e-05, 0.00020808340923395008, 0.00017486738215666264, 8.626723138149828e-05], [-5.88314014748903e-06, -1.3724408745474648e-05, -1.7872811213237583e-06, 9.624737140256912e-05, 8.626723138149828e-05, 5.069743565400131e-05]]</COVARIANCE_MATRIX>
		<ROI_SIZE>22</ROI_SIZE>
		<MAX_VALUE>[0.11557965725660324, 0.10247774422168732, 0.06727299839258194, 0.15056979656219482, 0.0770895928144455, 0.0391426607966423]</MAX_VALUE>
		<MIN_VALUE>[0.09349601715803146, 0.06520511209964752, 0.03964327275753021, 0.08673254400491714, 0.02902473695576191, 0.00925737340003252]</MIN_VALUE>
		<SIGNATURE_THRESHOLD_MD>0.0</SIGNATURE_THRESHOLD_MD>
		<SIGNATURE_THRESHOLD_ML>0.0</SIGNATURE_THRESHOLD_ML>
		<SIGNATURE_THRESHOLD_SAM>0.0</SIGNATURE_THRESHOLD_SAM>
	</signature>
	<signature ID="20210201_163235296144_489">
		<MACROCLASSID>1</MACROCLASSID>
		<MACROCLASSINFO>waterbody</MACROCLASSINFO>
		<CLASSID>13</CLASSID>
		<CLASSINFO>C 1</CLASSINFO>
		<VALUES>[0.1147142600900722, 0.005576997596268433, 0.10128221309409954, 0.00871188072022082, 0.06320021821642821, 0.006140688913888503, 0.08131239823294134, 0.02028646837618633, 0.02802716731533127, 0.012204581557635876, 0.011903241645755635, 0.006014580285988192]</VALUES>
		<LCS_MIN>[0.10198971629142761, 0.07638689875602722, 0.051731277257204056, 0.04683425650000572, 0.0025890739634633064, 0.0023607683833688498]</LCS_MIN>
		<LCS_MAX>[0.1308683305978775, 0.11925045400857925, 0.08799528330564499, 0.12264099717140198, 0.05305716022849083, 0.025349454954266548]</LCS_MAX>
		<WAVELENGTH>[0.485, 0.56, 0.66, 0.835, 1.65, 2.22]</WAVELENGTH>
		<MEAN_VALUE>[0.1147142600900722, 0.10128221309409954, 0.06320021821642821, 0.08131239823294134, 0.02802716731533127, 0.011903241645755635]</MEAN_VALUE>
		<CHECKBOX>2</CHECKBOX>
		<SD>[0.005576997596268433, 0.00871188072022082, 0.006140688913888503, 0.02028646837618633, 0.012204581557635876, 0.006014580285988192]</SD>
		<WAVELENGTH_UNIT>E-6m</WAVELENGTH_UNIT>
		<COLOR>#93b8a9</COLOR>
		<COVARIANCE_MATRIX>[[3.170103445881978e-05, 4.539792280411348e-05, 2.8675971407210454e-05, -6.434616807382554e-05, -3.6209094105288386e-05, -1.4037962500879075e-05], [4.539792280411348e-05, 7.735642429906875e-05, 4.4734060793416575e-05, -0.00011184651521034539, -5.797523044748232e-05, -2.3470069208997302e-05], [2.8675971407210454e-05, 4.4734060793416575e-05, 3.843321610474959e-05, -4.8204048653133214e-05, -3.063753683818504e-05, -7.109951638994971e-06], [-6.434616807382554e-05, -0.00011184651521034539, -4.8204048653133214e-05, 0.0004194550565443933, 0.00020433019381016493, 9.716558997752145e-05], [-3.6209094105288386e-05, -5.797523044748232e-05, -3.063753683818504e-05, 0.00020433019381016493, 0.00015181627532001585, 6.261235830606893e-05], [-1.4037962500879075e-05, -2.3470069208997302e-05, -7.109951638994971e-06, 9.716558997752145e-05, 6.261235830606893e-05, 3.687085336423479e-05]]</COVARIANCE_MATRIX>
		<ROI_SIZE>53</ROI_SIZE>
		<MAX_VALUE>[0.1308683305978775, 0.11925045400857925, 0.08799528330564499, 0.12264099717140198, 0.05305716022849083, 0.025349454954266548]</MAX_VALUE>
		<MIN_VALUE>[0.10198971629142761, 0.07638689875602722, 0.051731277257204056, 0.04683425650000572, 0.0025890739634633064, 0.0023607683833688498]</MIN_VALUE>
		<SIGNATURE_THRESHOLD_MD>0.0</SIGNATURE_THRESHOLD_MD>
		<SIGNATURE_THRESHOLD_ML>0.0</SIGNATURE_THRESHOLD_ML>
		<SIGNATURE_THRESHOLD_SAM>0.0</SIGNATURE_THRESHOLD_SAM>
	</signature>
	<signature ID="20210201_163253750535_174">
		<MACROCLASSID>1</MACROCLASSID>
		<MACROCLASSINFO>waterbody</MACROCLASSINFO>
		<CLASSID>14</CLASSID>
		<CLASSINFO>C 1</CLASSINFO>
		<VALUES>[0.11688202346364658, 0.005696620561406652, 0.10285047963261605, 0.00773500729387275, 0.06963303300241627, 0.00776744638025834, 0.10428778827190399, 0.022887383123473035, 0.04672862570732832, 0.019130406604862614, 0.023586986958980566, 0.010645909095495025]</VALUES>
		<LCS_MIN>[0.10538721829652786, 0.08384143561124802, 0.05863871052861214, 0.06678339838981628, 0.014605285599827766, 0.004659637343138456]</LCS_MIN>
		<LCS_MAX>[0.1308683305978775, 0.11925045400857925, 0.08799528330564499, 0.15056979656219482, 0.07949282228946686, 0.0437404066324234]</LCS_MAX>
		<WAVELENGTH>[0.485, 0.56, 0.66, 0.835, 1.65, 2.22]</WAVELENGTH>
		<MEAN_VALUE>[0.11688202346364658, 0.10285047963261605, 0.06963303300241627, 0.10428778827190399, 0.04672862570732832, 0.023586986958980566]</MEAN_VALUE>
		<CHECKBOX>2</CHECKBOX>
		<SD>[0.005696620561406652, 0.00773500729387275, 0.00776744638025834, 0.022887383123473035, 0.019130406604862614, 0.010645909095495025]</SD>
		<WAVELENGTH_UNIT>E-6m</WAVELENGTH_UNIT>
		<COLOR>#069c87</COLOR>
		<COVARIANCE_MATRIX>[[3.357050081831403e-05, 4.21818949689623e-05, 3.404524250072427e-05, -1.874381268862635e-05, -6.073515032767318e-05, -2.2268503016675822e-05], [4.21818949689623e-05, 6.189345003804192e-05, 4.159281888860278e-05, -3.651116639957763e-05, -8.250175596913323e-05, -3.226476110285148e-05], [3.404524250072427e-05, 4.159281888860278e-05, 6.241368100745603e-05, 5.668694575433619e-05, -2.151338094336097e-06, 1.8402612113277428e-05], [-1.874381268862635e-05, -3.651116639957763e-05, 5.668694575433619e-05, 0.000541895511560142, 0.00033976443228311837, 0.00016958876221906394], [-6.073515032767318e-05, -8.250175596913323e-05, -2.151338094336097e-06, 0.00033976443228311837, 0.0003785922017414123, 0.00018906668992713094], [-2.2268503016675822e-05, -3.226476110285148e-05, 1.8402612113277428e-05, 0.00016958876221906394, 0.00018906668992713094, 0.00011724350042641163]]</COVARIANCE_MATRIX>
		<ROI_SIZE>30</ROI_SIZE>
		<MAX_VALUE>[0.1308683305978775, 0.11925045400857925, 0.08799528330564499, 0.15056979656219482, 0.07949282228946686, 0.0437404066324234]</MAX_VALUE>
		<MIN_VALUE>[0.10538721829652786, 0.08384143561124802, 0.05863871052861214, 0.06678339838981628, 0.014605285599827766, 0.004659637343138456]</MIN_VALUE>
		<SIGNATURE_THRESHOLD_MD>0.0</SIGNATURE_THRESHOLD_MD>
		<SIGNATURE_THRESHOLD_ML>0.0</SIGNATURE_THRESHOLD_ML>
		<SIGNATURE_THRESHOLD_SAM>0.0</SIGNATURE_THRESHOLD_SAM>
	</signature>
	<signature ID="20210201_163259803131_808">
		<MACROCLASSID>1</MACROCLASSID>
		<MACROCLASSINFO>waterbody</MACROCLASSINFO>
		<CLASSID>15</CLASSID>
		<CLASSINFO>C 1</CLASSINFO>
		<VALUES>[0.11705189595619839, 0.007095958120844696, 0.10123533060153325, 0.0066906448544885935, 0.06646712844570479, 0.006173903459842243, 0.11785320142904916, 0.02191138464727479, 0.05129478437205155, 0.01597669075952325, 0.02213103845715523, 0.006491336518975756]</VALUES>
		<LCS_MIN>[0.10198971629142761, 0.08756870031356812, 0.05691184848546982, 0.08274271339178085, 0.02902473695576191, 0.011556243523955345]</LCS_MIN>
		<LCS_MAX>[0.13426581025123596, 0.1173868179321289, 0.0810878649353981, 0.1665291041135788, 0.07468633353710175, 0.03224606066942215]</LCS_MAX>
		<WAVELENGTH>[0.485, 0.56, 0.66, 0.835, 1.65, 2.22]</WAVELENGTH>
		<MEAN_VALUE>[0.11705189595619839, 0.10123533060153325, 0.06646712844570479, 0.11785320142904916, 0.05129478437205155, 0.02213103845715523]</MEAN_VALUE>
		<CHECKBOX>2</CHECKBOX>
		<SD>[0.007095958120844696, 0.0066906448544885935, 0.006173903459842243, 0.02191138464727479, 0.01597669075952325, 0.006491336518975756]</SD>
		<WAVELENGTH_UNIT>E-6m</WAVELENGTH_UNIT>
		<COLOR>#15490c</COLOR>
		<COVARIANCE_MATRIX>[[5.3949235734762624e-05, 4.605526919476688e-05, 4.1082745156018063e-05, -0.000110573077108711, -7.041315257083625e-05, -3.118567110504955e-05], [4.605526919476688e-05, 4.7962210373952985e-05, 3.800575723289512e-05, -9.984899952542037e-05, -5.961009082966484e-05, -2.631748611747753e-05], [4.1082745156018063e-05, 3.800575723289512e-05, 4.0839731809683144e-05, -5.4331496357917786e-05, -3.1461375328944996e-05, -1.4404772628040519e-05], [-0.000110573077108711, -9.984899952542037e-05, -5.4331496357917786e-05, 0.000514402287080884, 0.00034231023164466023, 0.00013089881394989789], [-7.041315257083625e-05, -5.961009082966484e-05, -3.1461375328944996e-05, 0.00034231023164466023, 0.00027348712319508195, 0.00010165518324356526], [-3.118567110504955e-05, -2.631748611747753e-05, -1.4404772628040519e-05, 0.00013089881394989789, 0.00010165518324356526, 4.514726606430486e-05]]</COVARIANCE_MATRIX>
		<ROI_SIZE>15</ROI_SIZE>
		<MAX_VALUE>[0.13426581025123596, 0.1173868179321289, 0.0810878649353981, 0.1665291041135788, 0.07468633353710175, 0.03224606066942215]</MAX_VALUE>
		<MIN_VALUE>[0.10198971629142761, 0.08756870031356812, 0.05691184848546982, 0.08274271339178085, 0.02902473695576191, 0.011556243523955345]</MIN_VALUE>
		<SIGNATURE_THRESHOLD_MD>0.0</SIGNATURE_THRESHOLD_MD>
		<SIGNATURE_THRESHOLD_ML>0.0</SIGNATURE_THRESHOLD_ML>
		<SIGNATURE_THRESHOLD_SAM>0.0</SIGNATURE_THRESHOLD_SAM>
	</signature>
	<signature ID="20210201_163318996228_133">
		<MACROCLASSID>1</MACROCLASSID>
		<MACROCLASSINFO>waterbody</MACROCLASSINFO>
		<CLASSID>16</CLASSID>
		<CLASSINFO>C 1</CLASSINFO>
		<VALUES>[0.10538720926552106, 0.0035485566289605603, 0.08581801232966509, 0.004423013447912108, 0.06141214546832171, 0.005996183490987692, 0.10112010439236956, 0.022223961516931255, 0.04897893307674112, 0.01976002206290024, 0.02444383826558337, 0.01031101761847094]</VALUES>
