<?xml version="1.0" ?>
<signaturelist MCID_LIST="[['1', 'waterbody', '#0000ff'], ['2', 'vegetation', '#00ff00'], ['3', 'bareland', '#ffaa00'], ['4', 'built-up', '#ff0000']]">
	<signature ID="20211209_142459189045_484">
		<MACROCLASSID>1</MACROCLASSID>
		<MACROCLASSINFO>waterbody</MACROCLASSINFO>
		<CLASSID>1</CLASSID>
		<CLASSINFO>C 1</CLASSINFO>
		<VALUES>[0.11172998586097942, 0.0022127622968603293, 0.12477794213858655, 0.0036235500256300043, 0.09789202934801174, 0.003267802427605949, 0.03244413754251608, 0.004515052514399239, 0.006369849980970839, 0.0037986561586266132, 0.0044846052713838624, 0.0032862654353246323]</VALUES>
		<LCS_MIN>[0.08971267193555832, 0.07590088248252869, 0.051760103553533554, 0.024059651419520378, 0.0, 0.0]</LCS_MIN>
		<LCS_MAX>[0.11873313039541245, 0.13236472010612488, 0.10389023274183273, 0.0815609022974968, 0.04917747154831886, 0.04151034355163574]</LCS_MAX>
		<WAVELENGTH>[0.485, 0.56, 0.66, 0.83, 1.65, 2.215]</WAVELENGTH>
		<MEAN_VALUE>[0.11172998586097942, 0.12477794213858655, 0.09789202934801174, 0.03244413754251608, 0.006369849980970839, 0.0044846052713838624]</MEAN_VALUE>
		<CHECKBOX>2</CHECKBOX>
		<SD>[0.0022127622968603293, 0.0036235500256300043, 0.003267802427605949, 0.004515052514399239, 0.0037986561586266132, 0.0032862654353246323]</SD>
		<WAVELENGTH_UNIT>E-6m</WAVELENGTH_UNIT>
		<COLOR>#da1f4c</COLOR>
		<COVARIANCE_MATRIX>[[4.617093509295955e-06, 3.862399353238288e-06, 2.4384451080550207e-06, -4.095370059076231e-06, -2.9231200642243493e-06, -1.6429321476607583e-06], [3.862399353238288e-06, 1.1656361493805889e-05, 5.585449343925575e-06, -9.266922461392824e-06, -7.0542887442570645e-06, -4.1123907976725604e-06], [2.4384451080550207e-06, 5.585449343925575e-06, 8.474050446238834e-06, -6.226079676707741e-06, -5.062706804892514e-06, -2.9335851650102995e-06], [-4.095370059076231e-06, -9.266922461392824e-06, -6.226079676707741e-06, 2.092352951876819e-05, 1.2951153621543199e-05, 7.882388672442175e-06], [-2.9231200642243493e-06, -7.0542887442570645e-06, -5.062706804892514e-06, 1.2951153621543199e-05, 1.5555675417999737e-05, 7.4040531217178795e-06], [-1.6429321476607583e-06, -4.1123907976725604e-06, -2.9335851650102995e-06, 7.882388672442175e-06, 7.4040531217178795e-06, 1.1488782547530718e-05]]</COVARIANCE_MATRIX>
		<ROI_SIZE>21921</ROI_SIZE>
		<MAX_VALUE>[0.11873313039541245, 0.13236472010612488, 0.10389023274183273, 0.0815609022974968, 0.04917747154831886, 0.04151034355163574]</MAX_VALUE>
		<MIN_VALUE>[0.08971267193555832, 0.07590088248252869, 0.051760103553533554, 0.024059651419520378, 0.0, 0.0]</MIN_VALUE>
		<SIGNATURE_THRESHOLD_MD>0.0</SIGNATURE_THRESHOLD_MD>
		<SIGNATURE_THRESHOLD_ML>0.0</SIGNATURE_THRESHOLD_ML>
		<SIGNATURE_THRESHOLD_SAM>0.0</SIGNATURE_THRESHOLD_SAM>
	</signature>
	<signature ID="20211209_142506323044_613">
		<MACROCLASSID>1</MACROCLASSID>
		<MACROCLASSINFO>waterbody</MACROCLASSINFO>
		<CLASSID>2</CLASSID>
		<CLASSINFO>C 1</CLASSINFO>
		<VALUES>[0.10899464329048951, 0.003607315136459243, 0.11747641101859689, 0.006600525107378088, 0.08661313267435074, 0.00796636500528597, 0.028745127632173014, 0.0043386011145523104, 0.005327525443910278, 0.00269969178333857, 0.003764555722355339, 0.002789148881560782]</VALUES>
		<LCS_MIN>[0.08513050526380539, 0.07257948815822601, 0.048693619668483734, 0.020226236432790756, 0.0, 0.0]</LCS_MIN>
		<LCS_MAX>[0.11720572412014008, 0.129043310880661, 0.11922262609004974, 0.07772748172283173, 0.051645517349243164, 0.0273329745978117]</LCS_MAX>
		<WAVELENGTH>[0.485, 0.56, 0.66, 0.83, 1.65, 2.215]</WAVELENGTH>
		<MEAN_VALUE>[0.10899464329048951, 0.11747641101859689, 0.08661313267435074, 0.028745127632173014, 0.005327525443910278, 0.003764555722355339]</MEAN_VALUE>
		<CHECKBOX>2</CHECKBOX>
		<SD>[0.003607315136459243, 0.006600525107378088, 0.00796636500528597, 0.0043386011145523104, 0.00269969178333857, 0.002789148881560782]</SD>
		<WAVELENGTH_UNIT>E-6m</WAVELENGTH_UNIT>
		<COLOR>#642266</COLOR>
		<COVARIANCE_MATRIX>[[1.2614497791219037e-05, 1.9469018297968432e-05, 1.7584816305316053e-05, -4.269998953532195e-06, -3.5552716326492373e-06, -1.9286881070001982e-06], [1.9469018297968432e-05, 4.2413488699821755e-05, 3.6527413612930104e-05, -7.72051225794712e-06, -7.120496320567327e-06, -3.9285623643081635e-06], [1.7584816305316053e-05, 3.6527413612930104e-05, 5.91226780670695e-05, 6.2014487411943264e-06, -2.9934910799056524e-06, -1.447534032195108e-06], [-4.269998953532195e-06, -7.72051225794712e-06, 6.2014487411943264e-06, 1.892319050966762e-05, 6.640117589995498e-06, 3.912470219802344e-06], [-3.5552716326492373e-06, -7.120496320567327e-06, -2.9934910799056524e-06, 6.640117589995498e-06, 7.757661478535738e-06, 2.527810238461825e-06], [-1.9286881070001982e-06, -3.9285623643081635e-06, -1.447534032195108e-06, 3.912470219802344e-06, 2.527810238461825e-06, 7.931030268082395e-06]]</COVARIANCE_MATRIX>
		<ROI_SIZE>42009</ROI_SIZE>
		<MAX_VALUE>[0.11720572412014008, 0.129043310880661, 0.11922262609004974, 0.07772748172283173, 0.051645517349243164, 0.0273329745978117]</MAX_VALUE>
		<MIN_VALUE>[0.08513050526380539, 0.07257948815822601, 0.048693619668483734, 0.020226236432790756, 0.0, 0.0]</MIN_VALUE>
		<SIGNATURE_THRESHOLD_MD>0.0</SIGNATURE_THRESHOLD_MD>
		<SIGNATURE_THRESHOLD_ML>0.0</SIGNATURE_THRESHOLD_ML>
		<SIGNATURE_THRESHOLD_SAM>0.0</SIGNATURE_THRESHOLD_SAM>
	</signature>
	<signature ID="20211209_142541623477_947">
		<MACROCLASSID>1</MACROCLASSID>
		<MACROCLASSINFO>waterbody</MACROCLASSINFO>
		<CLASSID>3</CLASSID>
		<CLASSINFO>C 1</CLASSINFO>
		<VALUES>[0.11888662503696479, 0.002688278919657132, 0.13204139384137203, 0.004523796458837737, 0.10985680917768315, 0.003293079361538451, 0.03572659508344248, 0.004171670932544659, 0.005657359610651312, 0.003733639891711678, 0.003990499592620868, 0.0033516245306388754]</VALUES>
		<LCS_MIN>[0.09429484605789185, 0.08254368603229523, 0.07322545349597931, 0.027893071994185448, 0.0, 0.0]</LCS_MIN>
		<LCS_MAX>[0.12942487001419067, 0.14565032720565796, 0.13455501198768616, 0.10072797536849976, 0.07385797798633575, 0.04859902709722519]</LCS_MAX>
		<WAVELENGTH>[0.485, 0.56, 0.66, 0.83, 1.65, 2.215]</WAVELENGTH>
		<MEAN_VALUE>[0.11888662503696479, 0.13204139384137203, 0.10985680917768315, 0.03572659508344248, 0.005657359610651312, 0.003990499592620868]</MEAN_VALUE>
		<CHECKBOX>2</CHECKBOX>
		<SD>[0.002688278919657132, 0.004523796458837737, 0.003293079361538451, 0.004171670932544659, 0.003733639891711678, 0.0033516245306388754]</SD>
		<WAVELENGTH_UNIT>E-6m</WAVELENGTH_UNIT>
		<COLOR>#09955b</COLOR>
		<COVARIANCE_MATRIX>[[6.103145096858498e-06, 6.034953912603669e-06, 4.152955170866335e-06, -3.897250735462876e-06, -3.4712900287559023e-06, -2.125710125255864e-06], [6.034953912603669e-06, 1.6438956663478166e-05, 7.985597221704666e-06, -7.675756933167577e-06, -7.2510624704591464e-06, -4.663706931751221e-06], [4.152955170866335e-06, 7.985597221704666e-06, 9.737808795762248e-06, -4.632062427845085e-06, -4.578020252665738e-06, -2.9860639187972993e-06], [-3.897250735462876e-06, -7.675756933167577e-06, -4.632062427845085e-06, 1.6881405827007256e-05, 1.2177796634205151e-05, 7.861058293201495e-06], [-3.4712900287559023e-06, -7.2510624704591464e-06, -4.578020252665738e-06, 1.2177796634205151e-05, 1.6068186596385203e-05, 8.399980288231745e-06], [-2.125710125255864e-06, -4.663706931751221e-06, -2.9860639187972993e-06, 7.861058293201495e-06, 8.399980288231745e-06, 1.2300922207941767e-05]]</COVARIANCE_MATRIX>
		<ROI_SIZE>39842</ROI_SIZE>
		<MAX_VALUE>[0.12942487001419067, 0.14565032720565796, 0.13455501198768616, 0.10072797536849976, 0.07385797798633575, 0.04859902709722519]</MAX_VALUE>
		<MIN_VALUE>[0.09429484605789185, 0.08254368603229523, 0.07322545349597931, 0.027893071994185448, 0.0, 0.0]</MIN_VALUE>
		<SIGNATURE_THRESHOLD_MD>0.0</SIGNATURE_THRESHOLD_MD>
		<SIGNATURE_THRESHOLD_ML>0.0</SIGNATURE_THRESHOLD_ML>
		<SIGNATURE_THRESHOLD_SAM>0.0</SIGNATURE_THRESHOLD_SAM>
	</signature>
	<signature ID="20211209_142550082943_385">
		<MACROCLASSID>1</MACROCLASSID>
		<MACROCLASSINFO>waterbody</MACROCLASSINFO>
		<CLASSID>4</CLASSID>
		<CLASSINFO>C 1</CLASSINFO>
		<VALUES>[0.1115166378644389, 0.006402343634725967, 0.121011859873712, 0.01009167129518208, 0.09554990633862406, 0.010835952729223207, 0.032565743922802794, 0.006709827768366948, 0.005731742774596383, 0.004086286228824759, 0.004055690982692423, 0.0033533623569754955]</VALUES>
		<LCS_MIN>[0.08360311388969421, 0.06925808638334274, 0.06095954030752182, 0.024059651419520378, 0.0, 0.0]</LCS_MIN>
		<LCS_MAX>[0.12331529706716537, 0.13900752365589142, 0.11615614593029022, 0.09689456969499588, 0.07385797798633575, 0.05923205241560936]</LCS_MAX>
		<WAVELENGTH>[0.485, 0.56, 0.66, 0.83, 1.65, 2.215]</WAVELENGTH>
		<MEAN_VALUE>[0.1115166378644389, 0.121011859873712, 0.09554990633862406, 0.032565743922802794, 0.005731742774596383, 0.004055690982692423]</MEAN_VALUE>
		<CHECKBOX>2</CHECKBOX>
		<SD>[0.006402343634725967, 0.01009167129518208, 0.010835952729223207, 0.006709827768366948, 0.004086286228824759, 0.0033533623569754955]</SD>
		<WAVELENGTH_UNIT>E-6m</WAVELENGTH_UNIT>
		<COLOR>#0b5c64</COLOR>
		<COVARIANCE_MATRIX>[[3.680306690512225e-05, 5.330817657522857e-05, 5.4836902563693e-05, -5.996788331685821e-06, -6.847615168226184e-06, -3.962673872592859e-06], [5.330817657522857e-05, 8.860680100042373e-05, 8.476115908706561e-05, -1.2039972716593184e-05, -1.2609310942934826e-05, -7.527098205173388e-06], [5.4836902563693e-05, 8.476115908706561e-05, 0.0001126882852986455, 9.097697329707444e-06, -5.67589222555398e-06, -3.148901669192128e-06], [-5.996788331685821e-06, -1.2039972716593184e-05, 9.097697329707444e-06, 3.763644053833559e-05, 1.5317891666200012e-05, 9.56072562985355e-06], [-6.847615168226184e-06, -1.2609310942934826e-05, -5.67589222555398e-06, 1.5317891666200012e-05, 1.3298316844156943e-05, 6.244108135433635e-06], [-3.962673872592859e-06, -7.527098205173388e-06, -3.148901669192128e-06, 9.56072562985355e-06, 6.244108135433635e-06, 1.0564324838924222e-05]]</COVARIANCE_MATRIX>
		<ROI_SIZE>55827</ROI_SIZE>
		<MAX_VALUE>[0.12331529706716537, 0.13900752365589142, 0.11615614593029022, 0.09689456969499588, 0.07385797798633575, 0.05923205241560936]</MAX_VALUE>
		<MIN_VALUE>[0.08360311388969421, 0.06925808638334274, 0.06095954030752182, 0.024059651419520378, 0.0, 0.0]</MIN_VALUE>
		<SIGNATURE_THRESHOLD_MD>0.0</SIGNATURE_THRESHOLD_MD>
		<SIGNATURE_THRESHOLD_ML>0.0</SIGNATURE_THRESHOLD_ML>
		<SIGNATURE_THRESHOLD_SAM>0.0</SIGNATURE_THRESHOLD_SAM>
	</signature>
	<signature ID="20211209_142621715159_604">
		<MACROCLASSID>1</MACROCLASSID>
		<MACROCLASSINFO>waterbody</MACROCLASSINFO>
		<CLASSID>5</CLASSID>
		<CLASSINFO>C 1</CLASSINFO>
		<VALUES>[0.10883828198564222, 0.002747196556785699, 0.12374832448752031, 0.005491756619093028, 0.14264340666325195, 0.008352682238629268, 0.1486179061989853, 0.021612506738153115, 0.09489006311565203, 0.023120347109120646, 0.06590980070008746, 0.015031754435184702]</VALUES>
		<LCS_MIN>[0.10040441900491714, 0.10911490023136139, 0.11922262609004974, 0.10072797536849976, 0.05658162385225296, 0.04151034355163574]</LCS_MIN>
		<LCS_MAX>[0.1156783252954483, 0.13568612933158875, 0.16215331852436066, 0.18506312370300293, 0.14049533009529114, 0.10176415741443634]</LCS_MAX>
		<WAVELENGTH>[0.485, 0.56, 0.66, 0.83, 1.65, 2.215]</WAVELENGTH>
		<MEAN_VALUE>[0.10883828198564222, 0.12374832448752031, 0.14264340666325195, 0.1486179061989853, 0.09489006311565203, 0.06590980070008746]</MEAN_VALUE>
		<CHECKBOX>2</CHECKBOX>
		<SD>[0.002747196556785699, 0.005491756619093028, 0.008352682238629268, 0.021612506738153115, 0.023120347109120646, 0.015031754435184702]</SD>
		<WAVELENGTH_UNIT>E-6m</WAVELENGTH_UNIT>
		<COLOR>#75007b</COLOR>
		<COVARIANCE_MATRIX>[[7.65807544667041e-06, 1.1070605978602543e-05, 1.4742915482202079e-05, -1.5304187400033697e-05, -2.1220086637185887e-05, -6.832740837126039e-06], [1.1070605978602543e-05, 3.060291055589914e-05, 4.06119943363592e-05, -5.575952309300192e-05, -5.311532368068583e-05, -2.6444778995937668e-05], [1.4742915482202079e-05, 4.06119943363592e-05, 7.079329225234687e-05, -9.242977830581367e-05, -7.044646190479398e-05, -3.866342012770474e-05], [-1.5304187400033697e-05, -5.575952309300192e-05, -9.242977830581367e-05, 0.00047396955778822303, 0.00026981576229445636, 0.00014964454749133438], [-2.1220086637185887e-05, -5.311532368068583e-05, -7.044646190479398e-05, 0.00026981576229445636, 0.000542411464266479, 0.0003076039720326662], [-6.832740837126039e-06, -2.6444778995937668e-05, -3.866342012770474e-05, 0.00014964454749133438, 0.0003076039720326662, 0.0002292764838784933]]</COVARIANCE_MATRIX>
		<ROI_SIZE>69</ROI_SIZE>
		<MAX_VALUE>[0.1156783252954483, 0.13568612933158875, 0.16215331852436066, 0.18506312370300293, 0.14049533009529114, 0.10176415741443634]</MAX_VALUE>
		<MIN_VALUE>[0.10040441900491714, 0.10911490023136139, 0.11922262609004974, 0.10072797536849976, 0.05658162385225296, 0.04151034355163574]</MIN_VALUE>
		<SIGNATURE_THRESHOLD_MD>0.0</SIGNATURE_THRESHOLD_MD>
		<SIGNATURE_THRESHOLD_ML>0.0</SIGNATURE_THRESHOLD_ML>
		<SIGNATURE_THRESHOLD_SAM>0.0</SIGNATURE_THRESHOLD_SAM>
	</signature>
	<signature ID="20211209_142635996148_791">
		<MACROCLASSID>1</MACROCLASSID>
		<MACROCLASSINFO>waterbody</MACROCLASSINFO>
		<CLASSID>6</CLASSID>
		<CLASSINFO>C 1</CLASSINFO>
		<VALUES>[0.10855051192144552, 0.002880078770732408, 0.12212372447053592, 0.005981344753142407, 0.1360882514466842, 0.00835111154440843, 0.14832623302936554, 0.019132444038015988, 0.10162354881564775, 0.022169566303733113, 0.07459086800614992, 0.011784898883775905]</VALUES>
		<LCS_MIN>[0.10193180292844772, 0.10911490023136139, 0.12228909879922867, 0.1083948165178299, 0.07385797798633575, 0.05568770691752434]</LCS_MIN>
		<LCS_MAX>[0.11262355744838715, 0.13236472010612488, 0.1529538929462433, 0.1735628992319107, 0.14543144404888153, 0.09113112092018127]</LCS_MAX>
		<WAVELENGTH>[0.485, 0.56, 0.66, 0.83, 1.65, 2.215]</WAVELENGTH>
		<MEAN_VALUE>[0.10855051192144552, 0.12212372447053592, 0.1360882514466842, 0.14832623302936554, 0.10162354881564775, 0.07459086800614992]</MEAN_VALUE>
		<CHECKBOX>2</CHECKBOX>
		<SD>[0.002880078770732408, 0.005981344753142407, 0.00835111154440843, 0.019132444038015988, 0.022169566303733113, 0.011784898883775905]</SD>
		<WAVELENGTH_UNIT>E-6m</WAVELENGTH_UNIT>
		<COLOR>#0048b7</COLOR>
		<COVARIANCE_MATRIX>[[9.048931133293081e-06, 1.3067062354821246e-05, 1.5754339983686805e-05, -1.366198375762906e-05, -6.1686446315434296e-06, 4.265231382305501e-06], [1.3067062354821246e-05, 3.902889147866517e-05, 5.0462109356885776e-05, -1.4564991033694241e-05, -3.260320590925403e-05, -7.134624866012018e-06], [1.5754339983686805e-05, 5.0462109356885776e-05, 7.60811599320732e-05, -3.686807758640498e-05, 1.7201583659698372e-06, 8.892577170627192e-06], [-1.366198375762906e-05, -1.4564991033694241e-05, -3.686807758640498e-05, 0.00039932772051543, 0.0001253591908607632, 4.858361717197113e-05], [-6.1686446315434296e-06, -3.260320590925403e-05, 1.7201583659698372e-06, 0.0001253591908607632, 0.0005361705552786589, 0.0002687903179321438], [4.265231382305501e-06, -7.134624866012018e-06, 8.892577170627192e-06, 4.858361717197113e-05, 0.0002687903179321438, 0.00015150965191423893]]</COVARIANCE_MATRIX>
		<ROI_SIZE>12</ROI_SIZE>
		<MAX_VALUE>[0.11262355744838715, 0.13236472010612488, 0.1529538929462433, 0.1735628992319107, 0.14543144404888153, 0.09113112092018127]</MAX_VALUE>
		<MIN_VALUE>[0.10193180292844772, 0.10911490023136139, 0.12228909879922867, 0.1083948165178299, 0.07385797798633575, 0.05568770691752434]</MIN_VALUE>
		<SIGNATURE_THRESHOLD_MD>0.0</SIGNATURE_THRESHOLD_MD>
		<SIGNATURE_THRESHOLD_ML>0.0</SIGNATURE_THRESHOLD_ML>
		<SIGNATURE_THRESHOLD_SAM>0.0</SIGNATURE_THRESHOLD_SAM>
	</signature>
	<signature ID="20211209_142712733445_686">
		<MACROCLASSID>1</MACROCLASSID>
		<MACROCLASSINFO>waterbody</MACROCLASSINFO>
		<CLASSID>7</CLASSID>
		<CLASSINFO>C 1</CLASSINFO>
		<VALUES>[0.1100550896646279, 0.0034153631580201294, 0.11505268902500283, 0.005462611882204046, 0.09869746837483821, 0.005369726972397347, 0.06936449007535321, 0.014159740974017565, 0.03748333607448858, 0.009606648168174555, 0.02444065769778494, 0.00623867987790952]</VALUES>
		<LCS_MIN>[0.09734964370727539, 0.08918648958206177, 0.07322545349597931, 0.03939331695437431, 0.017092814669013023, 0.006066921632736921]</LCS_MIN>
		<LCS_MAX>[0.1217878982424736, 0.129043310880661, 0.11615614593029022, 0.10072797536849976, 0.07138992846012115, 0.045054685324430466]</LCS_MAX>
		<WAVELENGTH>[0.485, 0.56, 0.66, 0.83, 1.65, 2.215]</WAVELENGTH>
		<MEAN_VALUE>[0.1100550896646279, 0.11505268902500283, 0.09869746837483821, 0.06936449007535321, 0.03748333607448858, 0.02444065769778494]</MEAN_VALUE>
		<CHECKBOX>2</CHECKBOX>
		<SD>[0.0034153631580201294, 0.005462611882204046, 0.005369726972397347, 0.014159740974017565, 0.009606648168174555, 0.00623867987790952]</SD>
		<WAVELENGTH_UNIT>E-6m</WAVELENGTH_UNIT>
		<COLOR>#5ce93d</COLOR>
		<COVARIANCE_MATRIX>[[1.169228198705241e-05, 1.129336033045547e-05, 1.166618585557444e-05, -4.449939297046512e-06, 4.2471995698178944e-07, 2.536138026698609e-06], [1.129336033045547e-05, 2.9910672310506925e-05, 2.5103599909925833e-05, -3.531768379616551e-05, -1.5453686501132324e-05, -6.83074085827684e-06], [1.166618585557444e-05, 2.5103599909925833e-05, 2.8902133635710925e-05, -3.0079427233431488e-05, -1.0860892871278338e-05, -3.749166808120208e-06], [-4.449939297046512e-06, -3.531768379616551e-05, -3.0079427233431488e-05, 0.0002009722520597279, 0.00011295476724626496, 6.424614548450336e-05], [4.2471995698178944e-07, -1.5453686501132324e-05, -1.0860892871278338e-05, 0.00011295476724626496, 9.250586299458519e-05, 5.0243579607922584e-05], [2.536138026698609e-06, -6.83074085827684e-06, -3.749166808120208e-06, 6.424614548450336e-05, 5.0243579607922584e-05, 3.9013139030430466e-05]]</COVARIANCE_MATRIX>
		<ROI_SIZE>424</ROI_SIZE>
		<MAX_VALUE>[0.1217878982424736, 0.129043310880661, 0.11615614593029022, 0.10072797536849976, 0.07138992846012115, 0.045054685324430466]</MAX_VALUE>
		<MIN_VALUE>[0.09734964370727539, 0.08918648958206177, 0.07322545349597931, 0.03939331695437431, 0.017092814669013023, 0.006066921632736921]</MIN_VALUE>
		<SIGNATURE_THRESHOLD_MD>0.0</SIGNATURE_THRESHOLD_MD>
		<SIGNATURE_THRESHOLD_ML>0.0</SIGNATURE_THRESHOLD_ML>
		<SIGNATURE_THRESHOLD_SAM>0.0</SIGNATURE_THRESHOLD_SAM>
	</signature>
	<signature ID="20211209_142720934910_933">
		<MACROCLASSID>1</MACROCLASSID>
		<MACROCLASSINFO>waterbody</MACROCLASSINFO>
		<CLASSID>8</CLASSID>
		<CLASSINFO>C 1</CLASSINFO>
		<VALUES>[0.10433200267808776, 0.004033434522619852, 0.10750165182564937, 0.007774044246131279, 0.09026630909315178, 0.007100084378929668, 0.0588068368977734, 0.014777385594583161, 0.026295116996126525, 0.008824262462117826, 0.01637083124369382, 0.005760376036893607]</VALUES>
		<LCS_MIN>[0.09429484605789185, 0.0858650952577591, 0.07322545349597931, 0.03939331695437431, 0.0121567128226161, 0.006066921632736921]</LCS_MIN>
		<LCS_MAX>[0.12331529706716537, 0.12572191655635834, 0.11002318561077118, 0.09306114166975021, 0.06151771917939186, 0.03796600177884102]</LCS_MAX>
		<WAVELENGTH>[0.485, 0.56, 0.66, 0.83, 1.65, 2.215]</WAVELENGTH>
		<MEAN_VALUE>[0.10433200267808776, 0.10750165182564937, 0.09026630909315178, 0.0588068368977734, 0.026295116996126525, 0.01637083124369382]</MEAN_VALUE>
		<CHECKBOX>2</CHECKBOX>
		<SD>[0.004033434522619852, 0.007774044246131279, 0.007100084378929668, 0.014777385594583161, 0.008824262462117826, 0.005760376036893607]</SD>
		<WAVELENGTH_UNIT>E-6m</WAVELENGTH_UNIT>
		<COLOR>#20329d</COLOR>
		<COVARIANCE_MATRIX>[[1.6385634808102623e-05, 2.3060894818627276e-05, 2.157974631700199e-05, -1.9551214791135862e-05, -1.5032243027235381e-05, -7.03267915014294e-06], [2.3060894818627276e-05, 6.087055226089433e-05, 5.201574822422117e-05, -6.353596108965576e-05, -4.130877277930267e-05, -2.492605744919274e-05], [2.157974631700199e-05, 5.201574822422117e-05, 5.077386958873831e-05, -5.412532846094109e-05, -3.565386214177124e-05, -2.1952870156383142e-05], [-1.9551214791135862e-05, -6.353596108965576e-05, -5.412532846094109e-05, 0.00021994214330334216, 0.00010777737770695239, 6.146727537270635e-05], [-1.5032243027235381e-05, -4.130877277930267e-05, -3.565386214177124e-05, 0.00010777737770695239, 7.842780905775726e-05, 3.9740061765769497e-05], [-7.03267915014294e-06, -2.492605744919274e-05, -2.1952870156383142e-05, 6.146727537270635e-05, 3.9740061765769497e-05, 3.342065247124992e-05]]</COVARIANCE_MATRIX>
		<ROI_SIZE>140</ROI_SIZE>
		<MAX_VALUE>[0.12331529706716537, 0.12572191655635834, 0.11002318561077118, 0.09306114166975021, 0.06151771917939186, 0.03796600177884102]</MAX_VALUE>
		<MIN_VALUE>[0.09429484605789185, 0.0858650952577591, 0.07322545349597931, 0.03939331695437431, 0.0121567128226161, 0.006066921632736921]</MIN_VALUE>
		<SIGNATURE_THRESHOLD_MD>0.0</SIGNATURE_THRESHOLD_MD>
		<SIGNATURE_THRESHOLD_ML>0.0</SIGNATURE_THRESHOLD_ML>
		<SIGNATURE_THRESHOLD_SAM>0.0</SIGNATURE_THRESHOLD_SAM>
	</signature>
	<signature ID="20211209_142729735595_407">
		<MACROCLASSID>1</MACROCLASSID>
		<MACROCLASSINFO>waterbody</MACROCLASSINFO>
		<CLASSID>9</CLASSID>
		<CLASSINFO>C 1</CLASSINFO>
		<VALUES>[0.10362555536598261, 0.004644265893953541, 0.10464251993021159, 0.007840888170570763, 0.09031879053552555, 0.007081899886030161, 0.06262154718584355, 0.014889048832781759, 0.032536457412608764, 0.009740922621186612, 0.021718175270327243, 0.0070405725909211654]</VALUES>
		<LCS_MIN>[0.09582224488258362, 0.0858650952577591, 0.07322545349597931, 0.03939331695437431, 0.017092814669013023, 0.009611264802515507]</LCS_MIN>
		<LCS_MAX>[0.11720572412014008, 0.12572191655635834, 0.11002318561077118, 0.09306114166975021, 0.06398577988147736, 0.045054685324430466]</LCS_MAX>
		<WAVELENGTH>[0.485, 0.56, 0.66, 0.83, 1.65, 2.215]</WAVELENGTH>
		<MEAN_VALUE>[0.10362555536598261, 0.10464251993021159, 0.09031879053552555, 0.06262154718584355, 0.032536457412608764, 0.021718175270327243]</MEAN_VALUE>
		<CHECKBOX>2</CHECKBOX>
		<SD>[0.004644265893953541, 0.007840888170570763, 0.007081899886030161, 0.014889048832781759, 0.009740922621186612, 0.0070405725909211654]</SD>
		<WAVELENGTH_UNIT>E-6m</WAVELENGTH_UNIT>
		<COLOR>#322ba8</COLOR>
		<COVARIANCE_MATRIX>[[2.1784897398902103e-05, 2.9870900107198395e-05, 2.724436308199074e-05, -1.7603637388674542e-05, -1.6844116544234566e-05, -7.393574378511403e-06], [2.9870900107198395e-05, 6.20943246758543e-05, 5.001845056540333e-05, -5.2192408475093544e-05, -4.1232051444239914e-05, -2.2419604647438973e-05], [2.724436308199074e-05, 5.001845056540333e-05, 5.0654838560149074e-05, -4.084251122549176e-05, -3.208401903975755e-05, -1.7185378965223208e-05], [-1.7603637388674542e-05, -5.2192408475093544e-05, -4.084251122549176e-05, 0.00022390061349142343, 0.00011982016440015286, 6.610112177440897e-05], [-1.6844116544234566e-05, -4.1232051444239914e-05, -3.208401903975755e-05, 0.00011982016440015286, 9.583443170413375e-05, 5.4776530305389315e-05], [-7.393574378511403e-06, -2.2419604647438973e-05, -1.7185378965223208e-05, 6.610112177440897e-05, 5.4776530305389315e-05, 5.006535866414197e-05]]</COVARIANCE_MATRIX>
		<ROI_SIZE>101</ROI_SIZE>
		<MAX_VALUE>[0.11720572412014008, 0.12572191655635834, 0.11002318561077118, 0.09306114166975021, 0.06398577988147736, 0.045054685324430466]</MAX_VALUE>
		<MIN_VALUE>[0.09582224488258362, 0.0858650952577591, 0.07322545349597931, 0.03939331695437431, 0.017092814669013023, 0.009611264802515507]</MIN_VALUE>
		<SIGNATURE_THRESHOLD_MD>0.0</SIGNATURE_THRESHOLD_MD>
		<SIGNATURE_THRESHOLD_ML>0.0</SIGNATURE_THRESHOLD_ML>
		<SIGNATURE_THRESHOLD_SAM>0.0</SIGNATURE_THRESHOLD_SAM>
	</signature>
	<signature ID="20211209_142739448713_479">
		<MACROCLASSID>1</MACROCLASSID>
		<MACROCLASSINFO>waterbody</MACROCLASSINFO>
		<CLASSID>10</CLASSID>
		<CLASSINFO>C 1</CLASSINFO>
		<VALUES>[0.1013872642232024, 0.004240451629794759, 0.10452270339364589, 0.006310778131118028, 0.09125101022098378, 0.0060001629235040405, 0.06632723730543381, 0.01957580410521265, 0.03237326635128778, 0.01371218094084886, 0.020675775793421523, 0.008980527570343831]</VALUES>
		<LCS_MIN>[0.09124007076025009, 0.08254368603229523, 0.07015896588563919, 0.03555990383028984, 0.01462476421147585, 0.006066921632736921]</LCS_MIN>
		<LCS_MAX>[0.11720572412014008, 0.12240050733089447, 0.11002318561077118, 0.10456139594316483, 0.07385797798633575, 0.05923205241560936]</LCS_MAX>
		<WAVELENGTH>[0.485, 0.56, 0.66, 0.83, 1.65, 2.215]</WAVELENGTH>
		<MEAN_VALUE>[0.1013872642232024, 0.10452270339364589, 0.09125101022098378, 0.06632723730543381, 0.03237326635128778, 0.020675775793421523]</MEAN_VALUE>
		<CHECKBOX>2</CHECKBOX>
		<SD>[0.004240451629794759, 0.006310778131118028, 0.0060001629235040405, 0.01957580410521265, 0.01371218094084886, 0.008980527570343831]</SD>
		<WAVELENGTH_UNIT>E-6m</WAVELENGTH_UNIT>
		<COLOR>#83cb93</COLOR>
		<COVARIANCE_MATRIX>[[1.813916242099367e-05, 2.164127363357693e-05, 2.0460782252484933e-05, -1.3761105037701782e-05, -1.0487522558833007e-05, -6.173811016196851e-06], [2.164127363357693e-05, 4.017526953248307e-05, 3.293539703008719e-05, -4.8232253902824596e-05, -3.41976665367838e-05, -1.937695560627617e-05], [2.0460782252484933e-05, 3.293539703008719e-05, 3.6317760532256216e-05, -3.5227563785156235e-05, -2.0269653759896755e-05, -8.894703569239937e-06], [-1.3761105037701782e-05, -4.8232253902824596e-05, -3.5227563785156235e-05, 0.0003865736071020365, 0.0002175568661186844, 0.00012343074195086956], [-1.0487522558833007e-05, -3.41976665367838e-05, -2.0269653759896755e-05, 0.0002175568661186844, 0.00018967324285767972, 0.00010960007784888148], [-6.173811016196851e-06, -1.937695560627617e-05, -8.894703569239937e-06, 0.00012343074195086956, 0.00010960007784888148, 8.135732787195593e-05]]</COVARIANCE_MATRIX>
		<ROI_SIZE>115</ROI_SIZE>
		<MAX_VALUE>[0.11720572412014008, 0.12240050733089447, 0.11002318561077118, 0.10456139594316483, 0.07385797798633575, 0.05923205241560936]</MAX_VALUE>
		<MIN_VALUE>[0.09124007076025009, 0.08254368603229523, 0.07015896588563919, 0.03555990383028984, 0.01462476421147585, 0.006066921632736921]</MIN_VALUE>
		<SIGNATURE_THRESHOLD_MD>0.0</SIGNATURE_THRESHOLD_MD>
		<SIGNATURE_THRESHOLD_ML>0.0</SIGNATURE_THRESHOLD_ML>
		<SIGNATURE_THRESHOLD_SAM>0.0</SIGNATURE_THRESHOLD_SAM>
	</signature>
	<signature ID="20211209_142752961997_985">
		<MACROCLASSID>1</MACROCLASSID>
		<MACROCLASSINFO>waterbody</MACROCLASSINFO>
		<CLASSID>11</CLASSID>
		<CLASSINFO>C 1</CLASSINFO>
		<VALUES>[0.10073172003030774, 0.004877367338450275, 0.09934049206120629, 0.007274351094160599, 0.09026630946568082, 0.008384057851325512, 0.07181307109338897, 0.01849468689191288, 0.04018671552517585, 0.015087935985981642, 0.028244376794568128, 0.011456596251769684]</VALUES>
		<LCS_MIN>[0.09124007076025009, 0.0858650952577591, 0.07629193365573883, 0.04322673752903938, 0.017092814669013023, 0.009611264802515507]</LCS_MIN>
		<LCS_MAX>[0.12484270334243774, 0.129043310880661, 0.12842205166816711, 0.1083948165178299, 0.07632603496313095, 0.05923205241560936]</LCS_MAX>
		<WAVELENGTH>[0.485, 0.56, 0.66, 0.83, 1.65, 2.215]</WAVELENGTH>
		<MEAN_VALUE>[0.10073172003030774, 0.09934049206120629, 0.09026630946568082, 0.07181307109338897, 0.04018671552517585, 0.028244376794568128]</MEAN_VALUE>
		<CHECKBOX>2</CHECKBOX>
		<SD>[0.004877367338450275, 0.007274351094160599, 0.008384057851325512, 0.01849468689191288, 0.015087935985981642, 0.011456596251769684]</SD>
		<WAVELENGTH_UNIT>E-6m</WAVELENGTH_UNIT>
		<COLOR>#2ce22c</COLOR>
		<COVARIANCE_MATRIX>[[2.4133476472343318e-05, 2.964024679386057e-05, 3.540906618582085e-05, -1.1782995898101944e-05, -4.60869296148303e-06, 2.46581919327582e-07], [2.964024679386057e-05, 5.36830848432146e-05, 5.5762364354450256e-05, -5.292743298923597e-05, -4.080025610164739e-05, -2.508475154172629e-05], [3.540906618582085e-05, 5.5762364354450256e-05, 7.131115853553638e-05, -3.216948971385136e-05, -1.8638500478118658e-05, -6.77770276524825e-06], [-1.1782995898101944e-05, -5.292743298923597e-05, -3.216948971385136e-05, 0.0003470107330940664, 0.00025552709121257067, 0.00017461607058066875], [-4.60869296148303e-06, -4.080025610164739e-05, -1.8638500478118658e-05, 0.00025552709121257067, 0.00023094502103049308, 0.00015765630814712495], [2.46581919327582e-07, -2.508475154172629e-05, -6.77770276524825e-06, 0.00017461607058066875, 0.00015765630814712495, 0.0001331558305537328]]</COVARIANCE_MATRIX>
		<ROI_SIZE>70</ROI_SIZE>
		<MAX_VALUE>[0.12484270334243774, 0.129043310880661, 0.12842205166816711, 0.1083948165178299, 0.07632603496313095, 0.05923205241560936]</MAX_VALUE>
		<MIN_VALUE>[0.09124007076025009, 0.0858650952577591, 0.07629193365573883, 0.04322673752903938, 0.017092814669013023, 0.009611264802515507]</MIN_VALUE>
		<SIGNATURE_THRESHOLD_MD>0.0</SIGNATURE_THRESHOLD_MD>
		<SIGNATURE_THRESHOLD_ML>0.0</SIGNATURE_THRESHOLD_ML>
		<SIGNATURE_THRESHOLD_SAM>0.0</SIGNATURE_THRESHOLD_SAM>
	</signature>
	<signature ID="20211209_143137522660_723">
		<MACROCLASSID>1</MACROCLASSID>
		<MACROCLASSINFO>waterbody</MACROCLASSINFO>
		<CLASSID>12</CLASSID>
		<CLASSINFO>C 1</CLASSINFO>
		<VALUES>[0.10149148301229817, 0.005272685726822624, 0.09953969180046976, 0.006801572040661029, 0.09154144325503359, 0.007527746560972867, 0.07648421485010568, 0.01935036104114793, 0.044485952377923445, 0.016001502407077983, 0.03081345455385409, 0.011516785098847859]</VALUES>
		<LCS_MIN>[0.09429484605789185, 0.0858650952577591, 0.07629193365573883, 0.047060154378414154, 0.0121567128226161, 0.006066921632736921]</LCS_MIN>
		<LCS_MAX>[0.13247965276241302, 0.13236472010612488, 0.13455501198768616, 0.11606164276599884, 0.09360237419605255, 0.07340941578149796]</LCS_MAX>
		<WAVELENGTH>[0.485, 0.56, 0.66, 0.83, 1.65, 2.215]</WAVELENGTH>
		<MEAN_VALUE>[0.10149148301229817, 0.09953969180046976, 0.09154144325503359, 0.07648421485010568, 0.044485952377923445, 0.03081345455385409]</MEAN_VALUE>
		<CHECKBOX>2</CHECKBOX>
		<SD>[0.005272685726822624, 0.006801572040661029, 0.007527746560972867, 0.01935036104114793, 0.016001502407077983, 0.011516785098847859]</SD>
		<WAVELENGTH_UNIT>E-6m</WAVELENGTH_UNIT>
		<COLOR>#5cc1b7</COLOR>
		<COVARIANCE_MATRIX>[[2.805395342875272e-05, 3.056521018152125e-05, 3.487811773084104e-05, -1.7372582078678533e-05, -2.2063877622713335e-05, -7.902689503680449e-06], [3.056521018152125e-05, 4.668194014811888e-05, 4.623541099135764e-05, -4.69688129669521e-05, -4.421286939759739e-05, -2.5231627660105005e-05], [3.487811773084104e-05, 4.623541099135764e-05, 5.718212196370587e-05, -3.814768206211738e-05, -3.0458817491307855e-05, -1.0775170267152134e-05], [-1.7372582078678533e-05, -4.69688129669521e-05, -3.814768206211738e-05, 0.00037784044980071485, 0.000251025048783049, 0.00016135739861056209], [-2.2063877622713335e-05, -4.421286939759739e-05, -3.0458817491307855e-05, 0.000251025048783049, 0.0002583758032415062, 0.0001716280821710825], [-7.902689503680449e-06, -2.5231627660105005e-05, -1.0775170267152134e-05, 0.00016135739861056209, 0.0001716280821710825, 0.00013384212797973305]]</COVARIANCE_MATRIX>
		<ROI_SIZE>111</ROI_SIZE>
		<MAX_VALUE>[0.13247965276241302, 0.13236472010612488, 0.13455501198768616, 0.11606164276599884, 0.09360237419605255, 0.07340941578149796]</MAX_VALUE>
		<MIN_VALUE>[0.09429484605789185, 0.0858650952577591, 0.07629193365573883, 0.047060154378414154, 0.0121567128226161, 0.006066921632736921]</MIN_VALUE>
		<SIGNATURE_THRESHOLD_MD>0.0</SIGNATURE_THRESHOLD_MD>
		<SIGNATURE_THRESHOLD_ML>0.0</SIGNATURE_THRESHOLD_ML>
		<SIGNATURE_THRESHOLD_SAM>0.0</SIGNATURE_THRESHOLD_SAM>
	</signature>
	<signature ID="20211209_143229907198_548">
		<MACROCLASSID>1</MACROCLASSID>
		<MACROCLASSINFO>waterbody</MACROCLASSINFO>
		<CLASSID>13</CLASSID>
		<CLASSINFO>C 1</CLASSINFO>
		<VALUES>[0.11273348077454343, 0.0027119888985812084, 0.1644883802104176, 0.00616499075384718, 0.21041163264049434, 0.008863803144757642, 0.10637646064990094, 0.007397644272341471, 0.016111203282953925, 0.007003643745952223, 0.01046731415577467, 0.004518435123814084]</VALUES>
		<LCS_MIN>[0.09734964370727539, 0.129043310880661, 0.16521979868412018, 0.08539431542158127, 0.0072206114418804646, 0.0]</LCS_MIN>
		<LCS_MAX>[0.11873313039541245, 0.17222152650356293, 0.22041642665863037, 0.15439580380916595, 0.05904967337846756, 0.03796600177884102]</LCS_MAX>
		<WAVELENGTH>[0.485, 0.56, 0.66, 0.83, 1.65, 2.215]</WAVELENGTH>
		<MEAN_VALUE>[0.11273348077454343, 0.1644883802104176, 0.21041163264049434, 0.10637646064990094, 0.016111203282953925, 0.01046731415577467]</MEAN_VALUE>
		<CHECKBOX>2</CHECKBOX>
		<SD>[0.0027119888985812084, 0.00616499075384718, 0.008863803144757642, 0.007397644272341471, 0.007003643745952223, 0.004518435123814084]</SD>
		<WAVELENGTH_UNIT>E-6m</WAVELENGTH_UNIT>
		<COLOR>#9d928c</COLOR>
		<COVARIANCE_MATRIX>[[7.364181783486856e-06, 1.2132500160078052e-05, 1.7852398741524667e-05, -1.0562832358118612e-05, -1.0300275789631996e-05, -5.512688858289039e-06], [1.2132500160078052e-05, 3.8055160985095426e-05, 4.832041304325685e-05, -3.0517217965098098e-05, -3.1674553611082956e-05, -1.7013906472129747e-05], [1.7852398741524667e-05, 4.832041304325685e-05, 7.866632950026542e-05, -4.5660777686862275e-05, -4.58659851574339e-05, -2.489035796315875e-05], [-1.0562832358118612e-05, -3.0517217965098098e-05, -4.5660777686862275e-05, 5.479432729771361e-05, 3.969996760133654e-05, 2.2526282918988727e-05], [-1.0300275789631996e-05, -3.1674553611082956e-05, -4.58659851574339e-05, 3.969996760133654e-05, 4.9113037675851956e-05, 2.537476393627003e-05], [-5.512688858289039e-06, -1.7013906472129747e-05, -2.489035796315875e-05, 2.2526282918988727e-05, 2.537476393627003e-05, 2.044206667051185e-05]]</COVARIANCE_MATRIX>
		<ROI_SIZE>792</ROI_SIZE>
		<MAX_VALUE>[0.11873313039541245, 0.17222152650356293, 0.22041642665863037, 0.15439580380916595, 0.05904967337846756, 0.03796600177884102]</MAX_VALUE>
		<MIN_VALUE>[0.09734964370727539, 0.129043310880661, 0.16521979868412018, 0.08539431542158127, 0.0072206114418804646, 0.0]</MIN_VALUE>
		<SIGNATURE_THRESHOLD_MD>0.0</SIGNATURE_THRESHOLD_MD>
		<SIGNATURE_THRESHOLD_ML>0.0</SIGNATURE_THRESHOLD_ML>
		<SIGNATURE_THRESHOLD_SAM>0.0</SIGNATURE_THRESHOLD_SAM>
	</signature>
	<signature ID="20211209_143256325237_504">
		<MACROCLASSID>1</MACROCLASSID>
		<MACROCLASSINFO>waterbody</MACROCLASSINFO>
		<CLASSID>14</CLASSID>
		<CLASSINFO>C 1</CLASSINFO>
		<VALUES>[0.09914220259007482, 0.0023145128238294785, 0.09774371655657886, 0.0037253856805564583, 0.0903040330546598, 0.004950521046776142, 0.06005117659353549, 0.01346335700192066, 0.03851686438752544, 0.012461866029688299, 0.028022152132406414, 0.008440093750380835]</VALUES>
		<LCS_MIN>[0.09276746958494186, 0.0858650952577591, 0.07629193365573883, 0.04322673752903938, 0.019560864195227623, 0.009611264802515507]</LCS_MIN>
		<LCS_MAX>[0.10498659312725067, 0.10911490023136139, 0.10389023274183273, 0.09689456969499588, 0.06645382940769196, 0.05568770691752434]</LCS_MAX>
		<WAVELENGTH>[0.485, 0.56, 0.66, 0.83, 1.65, 2.215]</WAVELENGTH>
		<MEAN_VALUE>[0.09914220259007482, 0.09774371655657886, 0.0903040330546598, 0.06005117659353549, 0.03851686438752544, 0.028022152132406414]</MEAN_VALUE>
		<CHECKBOX>2</CHECKBOX>
		<SD>[0.0023145128238294785, 0.0037253856805564583, 0.004950521046776142, 0.01346335700192066, 0.012461866029688299, 0.008440093750380835]</SD>
		<WAVELENGTH_UNIT>E-6m</WAVELENGTH_UNIT>
		<COLOR>#9a25c7</COLOR>
		<COVARIANCE_MATRIX>[[5.394430900196312e-06, 4.810216523765121e-06, 6.7394307734502945e-06, -8.218565199058503e-06, -1.10754831439408e-06, -1.4617157262364344e-07], [4.810216523765121e-06, 1.3975551155454013e-05, 1.2018032975902315e-05, -2.4688048142706975e-05, -1.3155157830624375e-05, -7.420506790367654e-06], [6.7394307734502945e-06, 1.2018032975902315e-05, 2.4679040507180616e-05, -1.0430706424813252e-05, -1.206973706757708e-06, 3.8424542481152457e-07], [-8.218565199058503e-06, -2.4688048142706975e-05, -1.0430706424813252e-05, 0.00018252954760100693, 0.00013264603330753744, 8.713798888493329e-05], [-1.10754831439408e-06, -1.3155157830624375e-05, -1.206973706757708e-06, 0.00013264603330753744, 0.00015638410695828497, 9.469107317272574e-05], [-1.4617157262364344e-07, -7.420506790367654e-06, 3.8424542481152457e-07, 8.713798888493329e-05, 9.469107317272574e-05, 7.173333142418414e-05]]</COVARIANCE_MATRIX>
		<ROI_SIZE>144</ROI_SIZE>
		<MAX_VALUE>[0.10498659312725067, 0.10911490023136139, 0.10389023274183273, 0.09689456969499588, 0.06645382940769196, 0.05568770691752434]</MAX_VALUE>
		<MIN_VALUE>[0.09276746958494186, 0.0858650952577591, 0.07629193365573883, 0.04322673752903938, 0.019560864195227623, 0.009611264802515507]</MIN_VALUE>
		<SIGNATURE_THRESHOLD_MD>0.0</SIGNATURE_THRESHOLD_MD>
		<SIGNATURE_THRESHOLD_ML>0.0</SIGNATURE_THRESHOLD_ML>
		<SIGNATURE_THRESHOLD_SAM>0.0</SIGNATURE_THRESHOLD_SAM>
	</signature>
	<signature ID="20211209_143309481852_920">
		<MACROCLASSID>1</MACROCLASSID>
		<MACROCLASSINFO>waterbody</MACROCLASSINFO>
		<CLASSID>15</CLASSID>
		<CLASSINFO>C 1</CLASSINFO>
		<VALUES>[0.09619739507896857, 0.0026805725389901286, 0.09230394628748562, 0.004492572204479601, 0.08503408533962148, 0.004527099911280125, 0.05233950850864251, 0.010273475354165682, 0.029065024507999946, 0.00918954646960611, 0.022047552394500947, 0.007914893535217127]</VALUES>
		<LCS_MIN>[0.08207572996616364, 0.06593668460845947, 0.06402602046728134, 0.03555990383028984, 0.01462476421147585, 0.009611264802515507]</LCS_MIN>
		<LCS_MAX>[0.10193180292844772, 0.09915070235729218, 0.09469079226255417, 0.07772748172283173, 0.04917747154831886, 0.04151034355163574]</LCS_MAX>
		<WAVELENGTH>[0.485, 0.56, 0.66, 0.83, 1.65, 2.215]</WAVELENGTH>
		<MEAN_VALUE>[0.09619739507896857, 0.09230394628748562, 0.08503408533962148, 0.05233950850864251, 0.029065024507999946, 0.022047552394500947]</MEAN_VALUE>
		<CHECKBOX>2</CHECKBOX>
		<SD>[0.0026805725389901286, 0.004492572204479601, 0.004527099911280125, 0.010273475354165682, 0.00918954646960611, 0.007914893535217127]</SD>
		<WAVELENGTH_UNIT>E-6m</WAVELENGTH_UNIT>
		<COLOR>#ac68ec</COLOR>
		<COVARIANCE_MATRIX>[[7.249057489389088e-06, 6.990938800299773e-06, 8.214129593397956e-06, 4.3725481191358995e-07, -7.947869562485721e-07, 5.152210746928176e-07], [6.990938800299773e-06, 2.0361818314995617e-05, 1.5408753824885935e-05, -9.392574611410964e-06, -8.780911230132915e-06, -8.379978680750355e-06], [8.214129593397956e-06, 1.5408753824885935e-05, 2.067600144073367e-05, 5.244255589786917e-06, 1.6385492926929146e-06, 3.5098412354273023e-07], [4.3725481191358995e-07, -9.392574611410964e-06, 5.244255589786917e-06, 0.00010647831368260086, 7.49695100239478e-05, 5.6647051678737625e-05], [-7.947869562485721e-07, -8.780911230132915e-06, 1.6385492926929146e-06, 7.49695100239478e-05, 8.519508992321789e-05, 6.453488458646461e-05], [5.152210746928176e-07, -8.379978680750355e-06, 3.5098412354273023e-07, 5.6647051678737625e-05, 6.453488458646461e-05, 6.319992826320231e-05]]</COVARIANCE_MATRIX>
		<ROI_SIZE>114</ROI_SIZE>
		<MAX_VALUE>[0.10193180292844772, 0.09915070235729218, 0.09469079226255417, 0.07772748172283173, 0.04917747154831886, 0.04151034355163574]</MAX_VALUE>
		<MIN_VALUE>[0.08207572996616364, 0.06593668460845947, 0.06402602046728134, 0.03555990383028984, 0.01462476421147585, 0.009611264802515507]</MIN_VALUE>
		<SIGNATURE_THRESHOLD_MD>0.0</SIGNATURE_THRESHOLD_MD>
		<SIGNATURE_THRESHOLD_ML>0.0</SIGNATURE_THRESHOLD_ML>
		<SIGNATURE_THRESHOLD_SAM>0.0</SIGNATURE_THRESHOLD_SAM>
	</signature>
	<signature ID="20211209_143350242409_902">
		<MACROCLASSID>1</MACROCLASSID>
		<MACROCLASSINFO>waterbody</MACROCLASSINFO>
		<CLASSID>16</CLASSID>
		<CLASSINFO>C 1</CLASSINFO>
		<VALUES>[0.09721662312209065, 0.002338341815956183, 0.09323600740046112, 0.0036899345920110255, 0.08678978621154215, 0.0046669015642298705, 0.054197446585775494, 0.010161057421847848, 0.031234076730459474, 0.009746963551295385, 0.024267597547690336, 0.008210430862322792]</VALUES>
		<LCS_MIN>[0.09124007076025009, 0.07922228425741196, 0.07322545349597931, 0.03555990383028984, 0.01462476421147585, 0.006066921632736921]</LCS_MIN>
