<?xml version="1.0" ?>
<signaturelist MCID_LIST="[['1', 'waterbody', '#0000ff'], ['2', 'vegetation', '#00ff00'], ['3', 'bareland', '#ffaa00'], ['4', 'built-up', '#ff0000']]">
	<signature ID="20211209_142459189045_484">
		<MACROCLASSID>1</MACROCLASSID>
		<MACROCLASSINFO>waterbody</MACROCLASSINFO>
		<CLASSID>1</CLASSID>
		<CLASSINFO>C 1</CLASSINFO>
		<VALUES>[0.11172998586097942, 0.0022127622968603293, 0.12477794213858655, 0.0036235500256300043, 0.09789202934801174, 0.003267802427605949, 0.03244413754251608, 0.004515052514399239, 0.006369849980970839, 0.0037986561586266132, 0.0044846052713838624, 0.0032862654353246323]</VALUES>
		<LCS_MIN>[0.08971267193555832, 0.07590088248252869, 0.051760103553533554, 0.024059651419520378, 0.0, 0.0]</LCS_MIN>
		<LCS_MAX>[0.11873313039541245, 0.13236472010612488, 0.10389023274183273, 0.0815609022974968, 0.04917747154831886, 0.04151034355163574]</LCS_MAX>
		<WAVELENGTH>[0.485, 0.56, 0.66, 0.83, 1.65, 2.215]</WAVELENGTH>
		<MEAN_VALUE>[0.11172998586097942, 0.12477794213858655, 0.09789202934801174, 0.03244413754251608, 0.006369849980970839, 0.0044846052713838624]</MEAN_VALUE>
		<CHECKBOX>2</CHECKBOX>
		<SD>[0.0022127622968603293, 0.0036235500256300043, 0.003267802427605949, 0.004515052514399239, 0.0037986561586266132, 0.0032862654353246323]</SD>
		<WAVELENGTH_UNIT>E-6m</WAVELENGTH_UNIT>
		<COLOR>#da1f4c</COLOR>
		<COVARIANCE_MATRIX>[[4.617093639521851e-06, 3.8623995805275146e-06, 2.438445019312286e-06, -4.0953702131039615e-06, -2.923120109303511e-06, -1.6429321803008746e-06], [3.8623995805275146e-06, 1.1656361620496072e-05, 5.585449309466556e-06, -9.266922112696691e-06, -7.054288888227565e-06, -4.112390614328855e-06], [2.438445019312286e-06, 5.585449309466556e-06, 8.474050845508158e-06, -6.226079714856723e-06, -5.062706839270853e-06, -2.933585227522164e-06], [-4.0953702131039615e-06, -9.266922112696691e-06, -6.226079714856723e-06, 2.0923528742019456e-05, 1.2951153424904326e-05, 7.882389000264756e-06], [-2.923120109303511e-06, -7.054288888227565e-06, -5.062706839270853e-06, 1.2951153424904326e-05, 1.5555676281279843e-05, 7.404053116805461e-06], [-1.6429321803008746e-06, -4.112390614328855e-06, -2.933585227522164e-06, 7.882389000264756e-06, 7.404053116805461e-06, 1.1488782393556378e-05]]</COVARIANCE_MATRIX>
		<ROI_SIZE>21921</ROI_SIZE>
		<MAX_VALUE>[0.11873313039541245, 0.13236472010612488, 0.10389023274183273, 0.0815609022974968, 0.04917747154831886, 0.04151034355163574]</MAX_VALUE>
		<MIN_VALUE>[0.08971267193555832, 0.07590088248252869, 0.051760103553533554, 0.024059651419520378, 0.0, 0.0]</MIN_VALUE>
		<SIGNATURE_THRESHOLD_MD>0</SIGNATURE_THRESHOLD_MD>
		<SIGNATURE_THRESHOLD_ML>0</SIGNATURE_THRESHOLD_ML>
		<SIGNATURE_THRESHOLD_SAM>0</SIGNATURE_THRESHOLD_SAM>
	</signature>
	<signature ID="20211209_142506323044_613">
		<MACROCLASSID>1</MACROCLASSID>
		<MACROCLASSINFO>waterbody</MACROCLASSINFO>
		<CLASSID>2</CLASSID>
		<CLASSINFO>C 1</CLASSINFO>
		<VALUES>[0.10899464329048951, 0.003607315136459243, 0.11747641101859689, 0.006600525107378088, 0.08661313267435074, 0.00796636500528597, 0.028745127632173014, 0.0043386011145523104, 0.005327525443910278, 0.00269969178333857, 0.003764555722355339, 0.002789148881560782]</VALUES>
		<LCS_MIN>[0.08513050526380539, 0.07257948815822601, 0.048693619668483734, 0.020226236432790756, 0.0, 0.0]</LCS_MIN>
		<LCS_MAX>[0.11720572412014008, 0.129043310880661, 0.11922262609004974, 0.07772748172283173, 0.051645517349243164, 0.0273329745978117]</LCS_MAX>
		<WAVELENGTH>[0.485, 0.56, 0.66, 0.83, 1.65, 2.215]</WAVELENGTH>
		<MEAN_VALUE>[0.10899464329048951, 0.11747641101859689, 0.08661313267435074, 0.028745127632173014, 0.005327525443910278, 0.003764555722355339]</MEAN_VALUE>
		<CHECKBOX>2</CHECKBOX>
		<SD>[0.003607315136459243, 0.006600525107378088, 0.00796636500528597, 0.0043386011145523104, 0.00269969178333857, 0.002789148881560782]</SD>
		<WAVELENGTH_UNIT>E-6m</WAVELENGTH_UNIT>
		<COLOR>#642266</COLOR>
		<COVARIANCE_MATRIX>[[1.2614497763743487e-05, 1.9469018107910167e-05, 1.7584816552746568e-05, -4.26999878406149e-06, -3.5552716239199474e-06, -1.9286880306820507e-06], [1.9469018107910167e-05, 4.241348730945306e-05, 3.652741483149978e-05, -7.720512645662607e-06, -7.1204961229883544e-06, -3.928562145528772e-06], [1.7584816552746568e-05, 3.652741483149978e-05, 5.912267783421552e-05, 6.201448917162636e-06, -2.993490977752562e-06, -1.4475340486654113e-06], [-4.26999878406149e-06, -7.720512645662607e-06, 6.201448917162636e-06, 1.892318988316386e-05, 6.640117417341511e-06, 3.912470218221556e-06], [-3.5552716239199474e-06, -7.1204961229883544e-06, -2.993490977752562e-06, 6.640117417341511e-06, 7.757661509136143e-06, 2.5278102998321785e-06], [-1.9286880306820507e-06, -3.928562145528772e-06, -1.4475340486654113e-06, 3.912470218221556e-06, 2.5278102998321785e-06, 7.931030275612591e-06]]</COVARIANCE_MATRIX>
		<ROI_SIZE>42009</ROI_SIZE>
		<MAX_VALUE>[0.11720572412014008, 0.129043310880661, 0.11922262609004974, 0.07772748172283173, 0.051645517349243164, 0.0273329745978117]</MAX_VALUE>
		<MIN_VALUE>[0.08513050526380539, 0.07257948815822601, 0.048693619668483734, 0.020226236432790756, 0.0, 0.0]</MIN_VALUE>
		<SIGNATURE_THRESHOLD_MD>0</SIGNATURE_THRESHOLD_MD>
		<SIGNATURE_THRESHOLD_ML>0</SIGNATURE_THRESHOLD_ML>
		<SIGNATURE_THRESHOLD_SAM>0</SIGNATURE_THRESHOLD_SAM>
	</signature>
	<signature ID="20211209_142541623477_947">
		<MACROCLASSID>1</MACROCLASSID>
		<MACROCLASSINFO>waterbody</MACROCLASSINFO>
		<CLASSID>3</CLASSID>
		<CLASSINFO>C 1</CLASSINFO>
		<VALUES>[0.11888662503696479, 0.002688278919657132, 0.13204139384137203, 0.004523796458837737, 0.10985680917768315, 0.003293079361538451, 0.03572659508344248, 0.004171670932544659, 0.005657359610651312, 0.003733639891711678, 0.003990499592620868, 0.0033516245306388754]</VALUES>
		<LCS_MIN>[0.09429484605789185, 0.08254368603229523, 0.07322545349597931, 0.027893071994185448, 0.0, 0.0]</LCS_MIN>
		<LCS_MAX>[0.12942487001419067, 0.14565032720565796, 0.13455501198768616, 0.10072797536849976, 0.07385797798633575, 0.04859902709722519]</LCS_MAX>
		<WAVELENGTH>[0.485, 0.56, 0.66, 0.83, 1.65, 2.215]</WAVELENGTH>
		<MEAN_VALUE>[0.11888662503696479, 0.13204139384137203, 0.10985680917768315, 0.03572659508344248, 0.005657359610651312, 0.003990499592620868]</MEAN_VALUE>
		<CHECKBOX>2</CHECKBOX>
		<SD>[0.002688278919657132, 0.004523796458837737, 0.003293079361538451, 0.004171670932544659, 0.003733639891711678, 0.0033516245306388754]</SD>
		<WAVELENGTH_UNIT>E-6m</WAVELENGTH_UNIT>
		<COLOR>#09955b</COLOR>
		<COVARIANCE_MATRIX>[[6.103145006223322e-06, 6.034953818117777e-06, 4.15295502830428e-06, -3.897250729515095e-06, -3.471290092343481e-06, -2.1257100804412724e-06], [6.034953818117777e-06, 1.643895617384813e-05, 7.985596894859371e-06, -7.675757083669196e-06, -7.251062288970614e-06, -4.663706932225988e-06], [4.15295502830428e-06, 7.985596894859371e-06, 9.737808498871325e-06, -4.632062369303686e-06, -4.578020159981179e-06, -2.9860638732279647e-06], [-3.897250729515095e-06, -7.675757083669196e-06, -4.632062369303686e-06, 1.6881406405950003e-05, 1.2177796728332001e-05, 7.861058558970071e-06], [-3.471290092343481e-06, -7.251062288970614e-06, -4.578020159981179e-06, 1.2177796728332001e-05, 1.606818713188851e-05, 8.39998051861119e-06], [-2.1257100804412724e-06, -4.663706932225988e-06, -2.9860638732279647e-06, 7.861058558970071e-06, 8.39998051861119e-06, 1.2300922414794079e-05]]</COVARIANCE_MATRIX>
		<ROI_SIZE>39842</ROI_SIZE>
		<MAX_VALUE>[0.12942487001419067, 0.14565032720565796, 0.13455501198768616, 0.10072797536849976, 0.07385797798633575, 0.04859902709722519]</MAX_VALUE>
		<MIN_VALUE>[0.09429484605789185, 0.08254368603229523, 0.07322545349597931, 0.027893071994185448, 0.0, 0.0]</MIN_VALUE>
		<SIGNATURE_THRESHOLD_MD>0</SIGNATURE_THRESHOLD_MD>
		<SIGNATURE_THRESHOLD_ML>0</SIGNATURE_THRESHOLD_ML>
		<SIGNATURE_THRESHOLD_SAM>0</SIGNATURE_THRESHOLD_SAM>
	</signature>
	<signature ID="20211209_142550082943_385">
		<MACROCLASSID>1</MACROCLASSID>
		<MACROCLASSINFO>waterbody</MACROCLASSINFO>
		<CLASSID>4</CLASSID>
		<CLASSINFO>C 1</CLASSINFO>
		<VALUES>[0.1115166378644389, 0.006402343634725967, 0.121011859873712, 0.01009167129518208, 0.09554990633862406, 0.010835952729223207, 0.032565743922802794, 0.006709827768366948, 0.005731742774596383, 0.004086286228824759, 0.004055690982692423, 0.0033533623569754955]</VALUES>
		<LCS_MIN>[0.08360311388969421, 0.06925808638334274, 0.06095954030752182, 0.024059651419520378, 0.0, 0.0]</LCS_MIN>
		<LCS_MAX>[0.12331529706716537, 0.13900752365589142, 0.11615614593029022, 0.09689456969499588, 0.07385797798633575, 0.05923205241560936]</LCS_MAX>
		<WAVELENGTH>[0.485, 0.56, 0.66, 0.83, 1.65, 2.215]</WAVELENGTH>
		<MEAN_VALUE>[0.1115166378644389, 0.121011859873712, 0.09554990633862406, 0.032565743922802794, 0.005731742774596383, 0.004055690982692423]</MEAN_VALUE>
		<CHECKBOX>2</CHECKBOX>
		<SD>[0.006402343634725967, 0.01009167129518208, 0.010835952729223207, 0.006709827768366948, 0.004086286228824759, 0.0033533623569754955]</SD>
		<WAVELENGTH_UNIT>E-6m</WAVELENGTH_UNIT>
		<COLOR>#0b5c64</COLOR>
		<COVARIANCE_MATRIX>[[3.680306870647288e-05, 5.330817794565549e-05, 5.483690252861165e-05, -5.996788381857511e-06, -6.8476149654730385e-06, -3.962673918029446e-06], [5.330817794565549e-05, 8.860680416388996e-05, 8.476115944994486e-05, -1.2039972397577431e-05, -1.2609310914361301e-05, -7.527098277487086e-06], [5.483690252861165e-05, 8.476115944994486e-05, 0.00011268828336816285, 9.097696913558947e-06, -5.675892253039395e-06, -3.148901663652749e-06], [-5.996788381857511e-06, -1.2039972397577431e-05, 9.097696913558947e-06, 3.763644085978225e-05, 1.5317891198513975e-05, 9.56072569432496e-06], [-6.8476149654730385e-06, -1.2609310914361301e-05, -5.675892253039395e-06, 1.5317891198513975e-05, 1.3298317191943706e-05, 6.24410808334042e-06], [-3.962673918029446e-06, -7.527098277487086e-06, -3.148901663652749e-06, 9.56072569432496e-06, 6.24410808334042e-06, 1.0564325224188162e-05]]</COVARIANCE_MATRIX>
		<ROI_SIZE>55827</ROI_SIZE>
		<MAX_VALUE>[0.12331529706716537, 0.13900752365589142, 0.11615614593029022, 0.09689456969499588, 0.07385797798633575, 0.05923205241560936]</MAX_VALUE>
		<MIN_VALUE>[0.08360311388969421, 0.06925808638334274, 0.06095954030752182, 0.024059651419520378, 0.0, 0.0]</MIN_VALUE>
		<SIGNATURE_THRESHOLD_MD>0</SIGNATURE_THRESHOLD_MD>
		<SIGNATURE_THRESHOLD_ML>0</SIGNATURE_THRESHOLD_ML>
		<SIGNATURE_THRESHOLD_SAM>0</SIGNATURE_THRESHOLD_SAM>
	</signature>
	<signature ID="20211209_142621715159_604">
		<MACROCLASSID>1</MACROCLASSID>
		<MACROCLASSINFO>waterbody</MACROCLASSINFO>
		<CLASSID>5</CLASSID>
		<CLASSINFO>C 1</CLASSINFO>
		<VALUES>[0.10883828198564222, 0.002747196556785699, 0.12374832448752031, 0.005491756619093028, 0.14264340666325195, 0.008352682238629268, 0.1486179061989853, 0.021612506738153115, 0.09489006311565203, 0.023120347109120646, 0.06590980070008746, 0.015031754435184702]</VALUES>
		<LCS_MIN>[0.10040441900491714, 0.10911490023136139, 0.11922262609004974, 0.10072797536849976, 0.05658162385225296, 0.04151034355163574]</LCS_MIN>
		<LCS_MAX>[0.1156783252954483, 0.13568612933158875, 0.16215331852436066, 0.18506312370300293, 0.14049533009529114, 0.10176415741443634]</LCS_MAX>
		<WAVELENGTH>[0.485, 0.56, 0.66, 0.83, 1.65, 2.215]</WAVELENGTH>
		<MEAN_VALUE>[0.10883828198564222, 0.12374832448752031, 0.14264340666325195, 0.1486179061989853, 0.09489006311565203, 0.06590980070008746]</MEAN_VALUE>
		<CHECKBOX>2</CHECKBOX>
		<SD>[0.002747196556785699, 0.005491756619093028, 0.008352682238629268, 0.021612506738153115, 0.023120347109120646, 0.015031754435184702]</SD>
		<WAVELENGTH_UNIT>E-6m</WAVELENGTH_UNIT>
		<COLOR>#75007b</COLOR>
		<COVARIANCE_MATRIX>[[7.658075523403664e-06, 1.1070606433311353e-05, 1.4742915356834864e-05, -1.5304186994039374e-05, -2.1220086533555627e-05, -6.832740623925656e-06], [1.1070606433311353e-05, 3.060291121575439e-05, 4.0611992789298424e-05, -5.575952199298549e-05, -5.3115324748399506e-05, -2.644477860800156e-05], [1.4742915356834864e-05, 4.0611992789298424e-05, 7.079329029391739e-05, -9.242978124087834e-05, -7.044645946109348e-05, -3.866342047997025e-05], [-1.5304186994039374e-05, -5.575952199298549e-05, -9.242978124087834e-05, 0.00047396957173475343, 0.0002698157532174799, 0.000149644552922205], [-2.1220086533555627e-05, -5.3115324748399506e-05, -7.044645946109348e-05, 0.0002698157532174799, 0.0005424114864821971, 0.0003076039602507491], [-6.832740623925656e-06, -2.644477860800156e-05, -3.866342047997025e-05, 0.000149644552922205, 0.0003076039602507491, 0.00022927648906733746]]</COVARIANCE_MATRIX>
		<ROI_SIZE>69</ROI_SIZE>
		<MAX_VALUE>[0.1156783252954483, 0.13568612933158875, 0.16215331852436066, 0.18506312370300293, 0.14049533009529114, 0.10176415741443634]</MAX_VALUE>
		<MIN_VALUE>[0.10040441900491714, 0.10911490023136139, 0.11922262609004974, 0.10072797536849976, 0.05658162385225296, 0.04151034355163574]</MIN_VALUE>
		<SIGNATURE_THRESHOLD_MD>0</SIGNATURE_THRESHOLD_MD>
		<SIGNATURE_THRESHOLD_ML>0</SIGNATURE_THRESHOLD_ML>
		<SIGNATURE_THRESHOLD_SAM>0</SIGNATURE_THRESHOLD_SAM>
	</signature>
	<signature ID="20211209_142635996148_791">
		<MACROCLASSID>1</MACROCLASSID>
		<MACROCLASSINFO>waterbody</MACROCLASSINFO>
		<CLASSID>6</CLASSID>
		<CLASSINFO>C 1</CLASSINFO>
		<VALUES>[0.10855051192144552, 0.002880078770732408, 0.12212372447053592, 0.005981344753142407, 0.1360882514466842, 0.00835111154440843, 0.14832623302936554, 0.019132444038015988, 0.10162354881564775, 0.022169566303733113, 0.07459086800614992, 0.011784898883775905]</VALUES>
		<LCS_MIN>[0.10193180292844772, 0.10911490023136139, 0.12228909879922867, 0.1083948165178299, 0.07385797798633575, 0.05568770691752434]</LCS_MIN>
		<LCS_MAX>[0.11262355744838715, 0.13236472010612488, 0.1529538929462433, 0.1735628992319107, 0.14543144404888153, 0.09113112092018127]</LCS_MAX>
		<WAVELENGTH>[0.485, 0.56, 0.66, 0.83, 1.65, 2.215]</WAVELENGTH>
		<MEAN_VALUE>[0.10855051192144552, 0.12212372447053592, 0.1360882514466842, 0.14832623302936554, 0.10162354881564775, 0.07459086800614992]</MEAN_VALUE>
		<CHECKBOX>2</CHECKBOX>
		<SD>[0.002880078770732408, 0.005981344753142407, 0.00835111154440843, 0.019132444038015988, 0.022169566303733113, 0.011784898883775905]</SD>
		<WAVELENGTH_UNIT>E-6m</WAVELENGTH_UNIT>
		<COLOR>#0048b7</COLOR>
		<COVARIANCE_MATRIX>[[9.048931337043819e-06, 1.3067061941380079e-05, 1.57543395051811e-05, -1.3661984195117487e-05, -6.168644518264517e-06, 4.265231225030637e-06], [1.3067061941380079e-05, 3.902889278830276e-05, 5.0462108962165326e-05, -1.4564990844815023e-05, -3.2603205076305844e-05, -7.134624790649748e-06], [1.57543395051811e-05, 5.0462108962165326e-05, 7.608116075689279e-05, -3.686807607423075e-05, 1.720158419239521e-06, 8.892577125480646e-06], [-1.3661984195117487e-05, -1.4564990844815023e-05, -3.686807607423075e-05, 0.00039932772531034195, 0.00012535918566294123, 4.858361789960624e-05], [-6.168644518264517e-06, -3.2603205076305844e-05, 1.720158419239521e-06, 0.00012535918566294123, 0.0005361705491952203, 0.0002687903223056336], [4.265231225030637e-06, -7.134624790649748e-06, 8.892577125480646e-06, 4.858361789960624e-05, 0.0002687903223056336, 0.00015150964549180647]]</COVARIANCE_MATRIX>
		<ROI_SIZE>12</ROI_SIZE>
		<MAX_VALUE>[0.11262355744838715, 0.13236472010612488, 0.1529538929462433, 0.1735628992319107, 0.14543144404888153, 0.09113112092018127]</MAX_VALUE>
		<MIN_VALUE>[0.10193180292844772, 0.10911490023136139, 0.12228909879922867, 0.1083948165178299, 0.07385797798633575, 0.05568770691752434]</MIN_VALUE>
		<SIGNATURE_THRESHOLD_MD>0</SIGNATURE_THRESHOLD_MD>
		<SIGNATURE_THRESHOLD_ML>0</SIGNATURE_THRESHOLD_ML>
		<SIGNATURE_THRESHOLD_SAM>0</SIGNATURE_THRESHOLD_SAM>
	</signature>
	<signature ID="20211209_142712733445_686">
		<MACROCLASSID>1</MACROCLASSID>
		<MACROCLASSINFO>waterbody</MACROCLASSINFO>
		<CLASSID>7</CLASSID>
		<CLASSINFO>C 1</CLASSINFO>
		<VALUES>[0.1100550896646279, 0.0034153631580201294, 0.11505268902500283, 0.005462611882204046, 0.09869746837483821, 0.005369726972397347, 0.06936449007535321, 0.014159740974017565, 0.03748333607448858, 0.009606648168174555, 0.02444065769778494, 0.00623867987790952]</VALUES>
		<LCS_MIN>[0.09734964370727539, 0.08918648958206177, 0.07322545349597931, 0.03939331695437431, 0.017092814669013023, 0.006066921632736921]</LCS_MIN>
		<LCS_MAX>[0.1217878982424736, 0.129043310880661, 0.11615614593029022, 0.10072797536849976, 0.07138992846012115, 0.045054685324430466]</LCS_MAX>
		<WAVELENGTH>[0.485, 0.56, 0.66, 0.83, 1.65, 2.215]</WAVELENGTH>
		<MEAN_VALUE>[0.1100550896646279, 0.11505268902500283, 0.09869746837483821, 0.06936449007535321, 0.03748333607448858, 0.02444065769778494]</MEAN_VALUE>
		<CHECKBOX>2</CHECKBOX>
		<SD>[0.0034153631580201294, 0.005462611882204046, 0.005369726972397347, 0.014159740974017565, 0.009606648168174555, 0.00623867987790952]</SD>
		<WAVELENGTH_UNIT>E-6m</WAVELENGTH_UNIT>
		<COLOR>#5ce93d</COLOR>
		<COVARIANCE_MATRIX>[[1.1692281637097864e-05, 1.129336008693989e-05, 1.1666186216121775e-05, -4.449939144106531e-06, 4.247199474161756e-07, 2.536138139134575e-06], [1.129336008693989e-05, 2.991067261478258e-05, 2.5103599123692796e-05, -3.53176832065889e-05, -1.5453685785867658e-05, -6.830740917437431e-06], [1.1666186216121775e-05, 2.5103599123692796e-05, 2.8902133166503163e-05, -3.0079427768758198e-05, -1.0860892436238552e-05, -3.7491667153761725e-06], [-4.449939144106531e-06, -3.53176832065889e-05, -3.0079427768758198e-05, 0.00020097225562018742, 0.0001129547690378834, 6.42461428424786e-05], [4.247199474161756e-07, -1.5453685785867658e-05, -1.0860892436238552e-05, 0.0001129547690378834, 9.250586323282947e-05, 5.0243577885755734e-05], [2.536138139134575e-06, -6.830740917437431e-06, -3.7491667153761725e-06, 6.42461428424786e-05, 5.0243577885755734e-05, 3.901313873869988e-05]]</COVARIANCE_MATRIX>
		<ROI_SIZE>424</ROI_SIZE>
		<MAX_VALUE>[0.1217878982424736, 0.129043310880661, 0.11615614593029022, 0.10072797536849976, 0.07138992846012115, 0.045054685324430466]</MAX_VALUE>
		<MIN_VALUE>[0.09734964370727539, 0.08918648958206177, 0.07322545349597931, 0.03939331695437431, 0.017092814669013023, 0.006066921632736921]</MIN_VALUE>
		<SIGNATURE_THRESHOLD_MD>0</SIGNATURE_THRESHOLD_MD>
		<SIGNATURE_THRESHOLD_ML>0</SIGNATURE_THRESHOLD_ML>
		<SIGNATURE_THRESHOLD_SAM>0</SIGNATURE_THRESHOLD_SAM>
	</signature>
	<signature ID="20211209_142720934910_933">
		<MACROCLASSID>1</MACROCLASSID>
		<MACROCLASSINFO>waterbody</MACROCLASSINFO>
		<CLASSID>8</CLASSID>
		<CLASSINFO>C 1</CLASSINFO>
		<VALUES>[0.10433200267808776, 0.004033434522619852, 0.10750165182564937, 0.007774044246131279, 0.09026630909315178, 0.007100084378929668, 0.0588068368977734, 0.014777385594583161, 0.026295116996126525, 0.008824262462117826, 0.01637083124369382, 0.005760376036893607]</VALUES>
		<LCS_MIN>[0.09429484605789185, 0.0858650952577591, 0.07322545349597931, 0.03939331695437431, 0.0121567128226161, 0.006066921632736921]</LCS_MIN>
		<LCS_MAX>[0.12331529706716537, 0.12572191655635834, 0.11002318561077118, 0.09306114166975021, 0.06151771917939186, 0.03796600177884102]</LCS_MAX>
		<WAVELENGTH>[0.485, 0.56, 0.66, 0.83, 1.65, 2.215]</WAVELENGTH>
		<MEAN_VALUE>[0.10433200267808776, 0.10750165182564937, 0.09026630909315178, 0.0588068368977734, 0.026295116996126525, 0.01637083124369382]</MEAN_VALUE>
		<CHECKBOX>2</CHECKBOX>
		<SD>[0.004033434522619852, 0.007774044246131279, 0.007100084378929668, 0.014777385594583161, 0.008824262462117826, 0.005760376036893607]</SD>
		<WAVELENGTH_UNIT>E-6m</WAVELENGTH_UNIT>
		<COLOR>#20329d</COLOR>
		<COVARIANCE_MATRIX>[[1.638563429321319e-05, 2.3060894936599975e-05, 2.157974564815968e-05, -1.955121526043611e-05, -1.5032242951859488e-05, -7.032679071628832e-06], [2.3060894936599975e-05, 6.0870553609445875e-05, 5.201574723729404e-05, -6.353596285098687e-05, -4.1308772987922746e-05, -2.4926057681219418e-05], [2.157974564815968e-05, 5.201574723729404e-05, 5.077386867848168e-05, -5.412532895699219e-05, -3.56538622833213e-05, -2.195286925558941e-05], [-1.955121526043611e-05, -6.353596285098687e-05, -5.412532895699219e-05, 0.00021994214029884284, 0.00010777737995519863, 6.146727200589898e-05], [-1.5032242951859488e-05, -4.1308772987922746e-05, -3.56538622833213e-05, 0.00010777737995519863, 7.842780661904922e-05, 3.974006236195634e-05], [-7.032679071628832e-06, -2.4926057681219418e-05, -2.195286925558941e-05, 6.146727200589898e-05, 3.974006236195634e-05, 3.342065102229164e-05]]</COVARIANCE_MATRIX>
		<ROI_SIZE>140</ROI_SIZE>
		<MAX_VALUE>[0.12331529706716537, 0.12572191655635834, 0.11002318561077118, 0.09306114166975021, 0.06151771917939186, 0.03796600177884102]</MAX_VALUE>
		<MIN_VALUE>[0.09429484605789185, 0.0858650952577591, 0.07322545349597931, 0.03939331695437431, 0.0121567128226161, 0.006066921632736921]</MIN_VALUE>
		<SIGNATURE_THRESHOLD_MD>0</SIGNATURE_THRESHOLD_MD>
		<SIGNATURE_THRESHOLD_ML>0</SIGNATURE_THRESHOLD_ML>
		<SIGNATURE_THRESHOLD_SAM>0</SIGNATURE_THRESHOLD_SAM>
	</signature>
	<signature ID="20211209_142729735595_407">
		<MACROCLASSID>1</MACROCLASSID>
		<MACROCLASSINFO>waterbody</MACROCLASSINFO>
		<CLASSID>9</CLASSID>
		<CLASSINFO>C 1</CLASSINFO>
		<VALUES>[0.10362555536598261, 0.004644265893953541, 0.10464251993021159, 0.007840888170570763, 0.09031879053552555, 0.007081899886030161, 0.06262154718584355, 0.014889048832781759, 0.032536457412608764, 0.009740922621186612, 0.021718175270327243, 0.0070405725909211654]</VALUES>
		<LCS_MIN>[0.09582224488258362, 0.0858650952577591, 0.07322545349597931, 0.03939331695437431, 0.017092814669013023, 0.009611264802515507]</LCS_MIN>
		<LCS_MAX>[0.11720572412014008, 0.12572191655635834, 0.11002318561077118, 0.09306114166975021, 0.06398577988147736, 0.045054685324430466]</LCS_MAX>
		<WAVELENGTH>[0.485, 0.56, 0.66, 0.83, 1.65, 2.215]</WAVELENGTH>
		<MEAN_VALUE>[0.10362555536598261, 0.10464251993021159, 0.09031879053552555, 0.06262154718584355, 0.032536457412608764, 0.021718175270327243]</MEAN_VALUE>
		<CHECKBOX>2</CHECKBOX>
		<SD>[0.004644265893953541, 0.007840888170570763, 0.007081899886030161, 0.014889048832781759, 0.009740922621186612, 0.0070405725909211654]</SD>
		<WAVELENGTH_UNIT>E-6m</WAVELENGTH_UNIT>
		<COLOR>#322ba8</COLOR>
		<COVARIANCE_MATRIX>[[2.1784897750677475e-05, 2.987090091155725e-05, 2.724436227780483e-05, -1.7603636758908853e-05, -1.684411709847156e-05, -7.393574594540593e-06], [2.987090091155725e-05, 6.209432257643043e-05, 5.001844906957757e-05, -5.219240894037692e-05, -4.1232051498649266e-05, -2.2419603740331166e-05], [2.724436227780483e-05, 5.001844906957757e-05, 5.0654839055711595e-05, -4.0842511019118215e-05, -3.2084017681010674e-05, -1.718537880751013e-05], [-1.7603636758908853e-05, -5.219240894037692e-05, -4.0842511019118215e-05, 0.0002239006128964096, 0.0001198201672749933, 6.610112200932899e-05], [-1.684411709847156e-05, -4.1232051498649266e-05, -3.2084017681010674e-05, 0.0001198201672749933, 9.583442924706457e-05, 5.4776530605431865e-05], [-7.393574594540593e-06, -2.2419603740331166e-05, -1.718537880751013e-05, 6.610112200932899e-05, 5.4776530605431865e-05, 5.006535903211065e-05]]</COVARIANCE_MATRIX>
		<ROI_SIZE>101</ROI_SIZE>
		<MAX_VALUE>[0.11720572412014008, 0.12572191655635834, 0.11002318561077118, 0.09306114166975021, 0.06398577988147736, 0.045054685324430466]</MAX_VALUE>
		<MIN_VALUE>[0.09582224488258362, 0.0858650952577591, 0.07322545349597931, 0.03939331695437431, 0.017092814669013023, 0.009611264802515507]</MIN_VALUE>
		<SIGNATURE_THRESHOLD_MD>0</SIGNATURE_THRESHOLD_MD>
		<SIGNATURE_THRESHOLD_ML>0</SIGNATURE_THRESHOLD_ML>
		<SIGNATURE_THRESHOLD_SAM>0</SIGNATURE_THRESHOLD_SAM>
	</signature>
	<signature ID="20211209_142739448713_479">
		<MACROCLASSID>1</MACROCLASSID>
		<MACROCLASSINFO>waterbody</MACROCLASSINFO>
		<CLASSID>10</CLASSID>
		<CLASSINFO>C 1</CLASSINFO>
		<VALUES>[0.1013872642232024, 0.004240451629794759, 0.10452270339364589, 0.006310778131118028, 0.09125101022098378, 0.0060001629235040405, 0.06632723730543381, 0.01957580410521265, 0.03237326635128778, 0.01371218094084886, 0.020675775793421523, 0.008980527570343831]</VALUES>
		<LCS_MIN>[0.09124007076025009, 0.08254368603229523, 0.07015896588563919, 0.03555990383028984, 0.01462476421147585, 0.006066921632736921]</LCS_MIN>
		<LCS_MAX>[0.11720572412014008, 0.12240050733089447, 0.11002318561077118, 0.10456139594316483, 0.07385797798633575, 0.05923205241560936]</LCS_MAX>
		<WAVELENGTH>[0.485, 0.56, 0.66, 0.83, 1.65, 2.215]</WAVELENGTH>
		<MEAN_VALUE>[0.1013872642232024, 0.10452270339364589, 0.09125101022098378, 0.06632723730543381, 0.03237326635128778, 0.020675775793421523]</MEAN_VALUE>
		<CHECKBOX>2</CHECKBOX>
		<SD>[0.004240451629794759, 0.006310778131118028, 0.0060001629235040405, 0.01957580410521265, 0.01371218094084886, 0.008980527570343831]</SD>
		<WAVELENGTH_UNIT>E-6m</WAVELENGTH_UNIT>
		<COLOR>#83cb93</COLOR>
		<COVARIANCE_MATRIX>[[1.8139161866950345e-05, 2.1641273449692138e-05, 2.0460782694428774e-05, -1.3761104727137233e-05, -1.0487522798310471e-05, -6.173811028643838e-06], [2.1641273449692138e-05, 4.0175270801076523e-05, 3.293539558564125e-05, -4.8232254597170245e-05, -3.419766613386909e-05, -1.937695597116657e-05], [2.0460782694428774e-05, 3.293539558564125e-05, 3.631776173235207e-05, -3.522756474345032e-05, -2.026965375944694e-05, -8.894703600534087e-06], [-1.3761104727137233e-05, -4.8232254597170245e-05, -3.522756474345032e-05, 0.00038657361607062244, 0.00021755686336590146, 0.00012343074529219352], [-1.0487522798310471e-05, -3.419766613386909e-05, -2.026965375944694e-05, 0.00021755686336590146, 0.00018967323866470653, 0.00010960007682537701], [-6.173811028643838e-06, -1.937695597116657e-05, -8.894703600534087e-06, 0.00012343074529219352, 0.00010960007682537701, 8.135733048943995e-05]]</COVARIANCE_MATRIX>
		<ROI_SIZE>115</ROI_SIZE>
		<MAX_VALUE>[0.11720572412014008, 0.12240050733089447, 0.11002318561077118, 0.10456139594316483, 0.07385797798633575, 0.05923205241560936]</MAX_VALUE>
		<MIN_VALUE>[0.09124007076025009, 0.08254368603229523, 0.07015896588563919, 0.03555990383028984, 0.01462476421147585, 0.006066921632736921]</MIN_VALUE>
		<SIGNATURE_THRESHOLD_MD>0</SIGNATURE_THRESHOLD_MD>
		<SIGNATURE_THRESHOLD_ML>0</SIGNATURE_THRESHOLD_ML>
		<SIGNATURE_THRESHOLD_SAM>0</SIGNATURE_THRESHOLD_SAM>
	</signature>
	<signature ID="20211209_142752961997_985">
		<MACROCLASSID>1</MACROCLASSID>
		<MACROCLASSINFO>waterbody</MACROCLASSINFO>
		<CLASSID>11</CLASSID>
		<CLASSINFO>C 1</CLASSINFO>
		<VALUES>[0.10073172003030774, 0.004877367338450275, 0.09934049206120629, 0.007274351094160599, 0.09026630946568082, 0.008384057851325512, 0.07181307109338897, 0.01849468689191288, 0.04018671552517585, 0.015087935985981642, 0.028244376794568128, 0.011456596251769684]</VALUES>
		<LCS_MIN>[0.09124007076025009, 0.0858650952577591, 0.07629193365573883, 0.04322673752903938, 0.017092814669013023, 0.009611264802515507]</LCS_MIN>
		<LCS_MAX>[0.12484270334243774, 0.129043310880661, 0.12842205166816711, 0.1083948165178299, 0.07632603496313095, 0.05923205241560936]</LCS_MAX>
		<WAVELENGTH>[0.485, 0.56, 0.66, 0.83, 1.65, 2.215]</WAVELENGTH>
		<MEAN_VALUE>[0.10073172003030774, 0.09934049206120629, 0.09026630946568082, 0.07181307109338897, 0.04018671552517585, 0.028244376794568128]</MEAN_VALUE>
		<CHECKBOX>2</CHECKBOX>
		<SD>[0.004877367338450275, 0.007274351094160599, 0.008384057851325512, 0.01849468689191288, 0.015087935985981642, 0.011456596251769684]</SD>
		<WAVELENGTH_UNIT>E-6m</WAVELENGTH_UNIT>
		<COLOR>#2ce22c</COLOR>
		<COVARIANCE_MATRIX>[[2.413347609844499e-05, 2.9640247573352177e-05, 3.540906714092495e-05, -1.1782996344406528e-05, -4.608692764605447e-06, 2.4658192900104485e-07], [2.9640247573352177e-05, 5.368308505620414e-05, 5.576236603041257e-05, -5.29274347854388e-05, -4.080025729556437e-05, -2.5084751514076767e-05], [3.540906714092495e-05, 5.576236603041257e-05, 7.131115686675531e-05, -3.216949005347423e-05, -1.863850059129943e-05, -6.77770259383672e-06], [-1.1782996344406528e-05, -5.29274347854388e-05, -3.216949005347423e-05, 0.000347010739508588, 0.00025552709296428164, 0.00017461606816525566], [-4.608692764605447e-06, -4.080025729556437e-05, -1.863850059129943e-05, 0.00025552709296428164, 0.00023094502698834188, 0.00015765630260641215], [2.4658192900104485e-07, -2.5084751514076767e-05, -6.77770259383672e-06, 0.00017461606816525566, 0.00015765630260641215, 0.00013315582372933947]]</COVARIANCE_MATRIX>
		<ROI_SIZE>70</ROI_SIZE>
		<MAX_VALUE>[0.12484270334243774, 0.129043310880661, 0.12842205166816711, 0.1083948165178299, 0.07632603496313095, 0.05923205241560936]</MAX_VALUE>
		<MIN_VALUE>[0.09124007076025009, 0.0858650952577591, 0.07629193365573883, 0.04322673752903938, 0.017092814669013023, 0.009611264802515507]</MIN_VALUE>
		<SIGNATURE_THRESHOLD_MD>0</SIGNATURE_THRESHOLD_MD>
		<SIGNATURE_THRESHOLD_ML>0</SIGNATURE_THRESHOLD_ML>
		<SIGNATURE_THRESHOLD_SAM>0</SIGNATURE_THRESHOLD_SAM>
	</signature>
	<signature ID="20211209_143137522660_723">
		<MACROCLASSID>1</MACROCLASSID>
		<MACROCLASSINFO>waterbody</MACROCLASSINFO>
		<CLASSID>12</CLASSID>
		<CLASSINFO>C 1</CLASSINFO>
		<VALUES>[0.10149148301229817, 0.005272685726822624, 0.09953969180046976, 0.006801572040661029, 0.09154144325503359, 0.007527746560972867, 0.07648421485010568, 0.01935036104114793, 0.044485952377923445, 0.016001502407077983, 0.03081345455385409, 0.011516785098847859]</VALUES>
		<LCS_MIN>[0.09429484605789185, 0.0858650952577591, 0.07629193365573883, 0.047060154378414154, 0.0121567128226161, 0.006066921632736921]</LCS_MIN>
		<LCS_MAX>[0.13247965276241302, 0.13236472010612488, 0.13455501198768616, 0.11606164276599884, 0.09360237419605255, 0.07340941578149796]</LCS_MAX>
		<WAVELENGTH>[0.485, 0.56, 0.66, 0.83, 1.65, 2.215]</WAVELENGTH>
		<MEAN_VALUE>[0.10149148301229817, 0.09953969180046976, 0.09154144325503359, 0.07648421485010568, 0.044485952377923445, 0.03081345455385409]</MEAN_VALUE>
		<CHECKBOX>2</CHECKBOX>
		<SD>[0.005272685726822624, 0.006801572040661029, 0.007527746560972867, 0.01935036104114793, 0.016001502407077983, 0.011516785098847859]</SD>
		<WAVELENGTH_UNIT>E-6m</WAVELENGTH_UNIT>
		<COLOR>#5cc1b7</COLOR>
		<COVARIANCE_MATRIX>[[2.8053953089964834e-05, 3.056521198219797e-05, 3.48781163649087e-05, -1.7372582199005927e-05, -2.2063877752926266e-05, -7.902689419626381e-06], [3.056521198219797e-05, 4.668194024452273e-05, 4.6235412588220445e-05, -4.6968813048037216e-05, -4.4212871120936646e-05, -2.5231627983157242e-05], [3.48781163649087e-05, 4.6235412588220445e-05, 5.718212254338644e-05, -3.814768209183737e-05, -3.045881704290747e-05, -1.0775170387431572e-05], [-1.7372582199005927e-05, -4.6968813048037216e-05, -3.814768209183737e-05, 0.00037784044035389197, 0.0002510250545325183, 0.00016135739579312282], [-2.2063877752926266e-05, -4.4212871120936646e-05, -3.045881704290747e-05, 0.0002510250545325183, 0.000258375789095393, 0.0001716280820903289], [-7.902689419626381e-06, -2.5231627983157242e-05, -1.0775170387431572e-05, 0.00016135739579312282, 0.0001716280820903289, 0.00013384212391316267]]</COVARIANCE_MATRIX>
		<ROI_SIZE>111</ROI_SIZE>
		<MAX_VALUE>[0.13247965276241302, 0.13236472010612488, 0.13455501198768616, 0.11606164276599884, 0.09360237419605255, 0.07340941578149796]</MAX_VALUE>
		<MIN_VALUE>[0.09429484605789185, 0.0858650952577591, 0.07629193365573883, 0.047060154378414154, 0.0121567128226161, 0.006066921632736921]</MIN_VALUE>
		<SIGNATURE_THRESHOLD_MD>0</SIGNATURE_THRESHOLD_MD>
		<SIGNATURE_THRESHOLD_ML>0</SIGNATURE_THRESHOLD_ML>
		<SIGNATURE_THRESHOLD_SAM>0</SIGNATURE_THRESHOLD_SAM>
	</signature>
	<signature ID="20211209_143229907198_548">
		<MACROCLASSID>1</MACROCLASSID>
		<MACROCLASSINFO>waterbody</MACROCLASSINFO>
		<CLASSID>13</CLASSID>
		<CLASSINFO>C 1</CLASSINFO>
		<VALUES>[0.11273348077454343, 0.0027119888985812084, 0.1644883802104176, 0.00616499075384718, 0.21041163264049434, 0.008863803144757642, 0.10637646064990094, 0.007397644272341471, 0.016111203282953925, 0.007003643745952223, 0.01046731415577467, 0.004518435123814084]</VALUES>
		<LCS_MIN>[0.09734964370727539, 0.129043310880661, 0.16521979868412018, 0.08539431542158127, 0.0072206114418804646, 0.0]</LCS_MIN>
		<LCS_MAX>[0.11873313039541245, 0.17222152650356293, 0.22041642665863037, 0.15439580380916595, 0.05904967337846756, 0.03796600177884102]</LCS_MAX>
		<WAVELENGTH>[0.485, 0.56, 0.66, 0.83, 1.65, 2.215]</WAVELENGTH>
		<MEAN_VALUE>[0.11273348077454343, 0.1644883802104176, 0.21041163264049434, 0.10637646064990094, 0.016111203282953925, 0.01046731415577467]</MEAN_VALUE>
		<CHECKBOX>2</CHECKBOX>
		<SD>[0.0027119888985812084, 0.00616499075384718, 0.008863803144757642, 0.007397644272341471, 0.007003643745952223, 0.004518435123814084]</SD>
		<WAVELENGTH_UNIT>E-6m</WAVELENGTH_UNIT>
		<COLOR>#9d928c</COLOR>
		<COVARIANCE_MATRIX>[[7.364181995618185e-06, 1.2132500504282842e-05, 1.7852398369459664e-05, -1.05628322835624e-05, -1.0300275670416852e-05, -5.512689053594477e-06], [1.2132500504282842e-05, 3.805516044002139e-05, 4.8320413498872585e-05, -3.0517217432306114e-05, -3.167455276958923e-05, -1.701390676360897e-05], [1.7852398369459664e-05, 4.8320413498872585e-05, 7.866633236624562e-05, -4.566077850649402e-05, -4.5865984445084034e-05, -2.4890357727411726e-05], [-1.05628322835624e-05, -3.0517217432306114e-05, -4.566077850649402e-05, 5.479432553456948e-05, 3.969996626520538e-05, 2.252628326897912e-05], [-1.0300275670416852e-05, -3.167455276958923e-05, -4.5865984445084034e-05, 3.969996626520538e-05, 4.911303713073423e-05, 2.5374764547056162e-05], [-5.512689053594477e-06, -1.701390676360897e-05, -2.4890357727411726e-05, 2.252628326897912e-05, 2.5374764547056162e-05, 2.0442066658341958e-05]]</COVARIANCE_MATRIX>
		<ROI_SIZE>792</ROI_SIZE>
		<MAX_VALUE>[0.11873313039541245, 0.17222152650356293, 0.22041642665863037, 0.15439580380916595, 0.05904967337846756, 0.03796600177884102]</MAX_VALUE>
		<MIN_VALUE>[0.09734964370727539, 0.129043310880661, 0.16521979868412018, 0.08539431542158127, 0.0072206114418804646, 0.0]</MIN_VALUE>
		<SIGNATURE_THRESHOLD_MD>0</SIGNATURE_THRESHOLD_MD>
		<SIGNATURE_THRESHOLD_ML>0</SIGNATURE_THRESHOLD_ML>
		<SIGNATURE_THRESHOLD_SAM>0</SIGNATURE_THRESHOLD_SAM>
	</signature>
	<signature ID="20211209_143256325237_504">
		<MACROCLASSID>1</MACROCLASSID>
		<MACROCLASSINFO>waterbody</MACROCLASSINFO>
		<CLASSID>14</CLASSID>
		<CLASSINFO>C 1</CLASSINFO>
		<VALUES>[0.09914220259007482, 0.0023145128238294785, 0.09774371655657886, 0.0037253856805564583, 0.0903040330546598, 0.004950521046776142, 0.06005117659353549, 0.01346335700192066, 0.03851686438752544, 0.012461866029688299, 0.028022152132406414, 0.008440093750380835]</VALUES>
		<LCS_MIN>[0.09276746958494186, 0.0858650952577591, 0.07629193365573883, 0.04322673752903938, 0.019560864195227623, 0.009611264802515507]</LCS_MIN>
		<LCS_MAX>[0.10498659312725067, 0.10911490023136139, 0.10389023274183273, 0.09689456969499588, 0.06645382940769196, 0.05568770691752434]</LCS_MAX>
		<WAVELENGTH>[0.485, 0.56, 0.66, 0.83, 1.65, 2.215]</WAVELENGTH>
		<MEAN_VALUE>[0.09914220259007482, 0.09774371655657886, 0.0903040330546598, 0.06005117659353549, 0.03851686438752544, 0.028022152132406414]</MEAN_VALUE>
		<CHECKBOX>2</CHECKBOX>
		<SD>[0.0023145128238294785, 0.0037253856805564583, 0.004950521046776142, 0.01346335700192066, 0.012461866029688299, 0.008440093750380835]</SD>
		<WAVELENGTH_UNIT>E-6m</WAVELENGTH_UNIT>
		<COLOR>#9a25c7</COLOR>
		<COVARIANCE_MATRIX>[[5.3944309376268606e-06, 4.81021655325333e-06, 6.739430776369564e-06, -8.218565502373624e-06, -1.1075483667295348e-06, -1.4617157132579563e-07], [4.81021655325333e-06, 1.3975550905740569e-05, 1.2018033241794594e-05, -2.4688049012080047e-05, -1.3155158175950899e-05, -7.4205068180740835e-06], [6.739430776369564e-06, 1.2018033241794594e-05, 2.4679040862787372e-05, -1.0430706291941763e-05, -1.2069737355965615e-06, 3.842454282900178e-07], [-8.218565502373624e-06, -2.4688049012080047e-05, -1.0430706291941763e-05, 0.00018252954806718806, 0.00013264603277198176, 8.713798612686168e-05], [-1.1075483667295348e-06, -1.3155158175950899e-05, -1.2069737355965615e-06, 0.00013264603277198176, 0.0001563841056757586, 9.469107332089049e-05], [-1.4617157132579563e-07, -7.4205068180740835e-06, 3.842454282900178e-07, 8.713798612686168e-05, 9.469107332089049e-05, 7.173333064469476e-05]]</COVARIANCE_MATRIX>
		<ROI_SIZE>144</ROI_SIZE>
		<MAX_VALUE>[0.10498659312725067, 0.10911490023136139, 0.10389023274183273, 0.09689456969499588, 0.06645382940769196, 0.05568770691752434]</MAX_VALUE>
		<MIN_VALUE>[0.09276746958494186, 0.0858650952577591, 0.07629193365573883, 0.04322673752903938, 0.019560864195227623, 0.009611264802515507]</MIN_VALUE>
		<SIGNATURE_THRESHOLD_MD>0</SIGNATURE_THRESHOLD_MD>
		<SIGNATURE_THRESHOLD_ML>0</SIGNATURE_THRESHOLD_ML>
		<SIGNATURE_THRESHOLD_SAM>0</SIGNATURE_THRESHOLD_SAM>
	</signature>
	<signature ID="20211209_143309481852_920">
		<MACROCLASSID>1</MACROCLASSID>
		<MACROCLASSINFO>waterbody</MACROCLASSINFO>
		<CLASSID>15</CLASSID>
		<CLASSINFO>C 1</CLASSINFO>
		<VALUES>[0.09619739507896857, 0.0026805725389901286, 0.09230394628748562, 0.004492572204479601, 0.08503408533962148, 0.004527099911280125, 0.05233950850864251, 0.010273475354165682, 0.029065024507999946, 0.00918954646960611, 0.022047552394500947, 0.007914893535217127]</VALUES>
		<LCS_MIN>[0.08207572996616364, 0.06593668460845947, 0.06402602046728134, 0.03555990383028984, 0.01462476421147585, 0.009611264802515507]</LCS_MIN>
		<LCS_MAX>[0.10193180292844772, 0.09915070235729218, 0.09469079226255417, 0.07772748172283173, 0.04917747154831886, 0.04151034355163574]</LCS_MAX>
		<WAVELENGTH>[0.485, 0.56, 0.66, 0.83, 1.65, 2.215]</WAVELENGTH>
		<MEAN_VALUE>[0.09619739507896857, 0.09230394628748562, 0.08503408533962148, 0.05233950850864251, 0.029065024507999946, 0.022047552394500947]</MEAN_VALUE>
		<CHECKBOX>2</CHECKBOX>
		<SD>[0.0026805725389901286, 0.004492572204479601, 0.004527099911280125, 0.010273475354165682, 0.00918954646960611, 0.007914893535217127]</SD>
		<WAVELENGTH_UNIT>E-6m</WAVELENGTH_UNIT>
		<COLOR>#ac68ec</COLOR>
		<COVARIANCE_MATRIX>[[7.249057359237425e-06, 6.99093870565328e-06, 8.214129588451182e-06, 4.3725481665791063e-07, -7.947869339691075e-07, 5.152210904673621e-07], [6.99093870565328e-06, 2.0361817446201292e-05, 1.540875451763451e-05, -9.392574328776141e-06, -8.780911228847612e-06, -8.37997906247816e-06], [8.214129588451182e-06, 1.540875451763451e-05, 2.0676002045709962e-05, 5.244255755918777e-06, 1.6385492754119888e-06, 3.5098412081597145e-07], [4.3725481665791063e-07, -9.392574328776141e-06, 5.244255755918777e-06, 0.00010647831616992986, 7.496951017709421e-05, 5.6647052044318685e-05], [-7.947869339691075e-07, -8.780911228847612e-06, 1.6385492754119888e-06, 7.496951017709421e-05, 8.519508966498862e-05, 6.45348865764588e-05], [5.152210904673621e-07, -8.37997906247816e-06, 3.5098412081597145e-07, 5.6647052044318685e-05, 6.45348865764588e-05, 6.319992498066985e-05]]</COVARIANCE_MATRIX>
		<ROI_SIZE>114</ROI_SIZE>
		<MAX_VALUE>[0.10193180292844772, 0.09915070235729218, 0.09469079226255417, 0.07772748172283173, 0.04917747154831886, 0.04151034355163574]</MAX_VALUE>
		<MIN_VALUE>[0.08207572996616364, 0.06593668460845947, 0.06402602046728134, 0.03555990383028984, 0.01462476421147585, 0.009611264802515507]</MIN_VALUE>
		<SIGNATURE_THRESHOLD_MD>0</SIGNATURE_THRESHOLD_MD>
		<SIGNATURE_THRESHOLD_ML>0</SIGNATURE_THRESHOLD_ML>
		<SIGNATURE_THRESHOLD_SAM>0</SIGNATURE_THRESHOLD_SAM>
	</signature>
	<signature ID="20211209_143350242409_902">
		<MACROCLASSID>1</MACROCLASSID>
		<MACROCLASSINFO>waterbody</MACROCLASSINFO>
		<CLASSID>16</CLASSID>
		<CLASSINFO>C 1</CLASSINFO>
		<VALUES>[0.09721662312209065, 0.002338341815956183, 0.09323600740046112, 0.0036899345920110255, 0.08678978621154215, 0.0046669015642298705, 0.054197446585775494, 0.010161057421847848, 0.031234076730459474, 0.009746963551295385, 0.024267597547690336, 0.008210430862322792]</VALUES>
		<LCS_MIN>[0.09124007076025009, 0.07922228425741196, 0.07322545349597931, 0.03555990383028984, 0.01462476421147585, 0.006066921632736921]</LCS_MIN>
		<LCS_MAX>[0.10498659312725067, 0.10247210413217545, 0.10082374513149261, 0.0815609022974968, 0.06151771917939186, 0.05214336887001991]</LCS_MAX>
