<?xml version="1.0" ?>
<signaturelist MCID_LIST="[['1', 'waterbody', '#000000'], ['2', 'vegetation', '#000000'], ['3', 'bareland', '#000000'], ['4', 'built-up', '#000000']]">
	<signature ID="20210610_124148314756_415">
		<MACROCLASSID>1</MACROCLASSID>
		<MACROCLASSINFO>waterbody</MACROCLASSINFO>
		<CLASSID>1</CLASSID>
		<CLASSINFO>C 1</CLASSINFO>
		<VALUES>[0.14403859340065608, 0.0020548280399640957, 0.12269975183047804, 0.0026673358654784036, 0.09069228898720148, 0.0035532822089981418, 0.0800468097163354, 0.008659592284235611, 0.036503599988155465, 0.00853595277328511, 0.020978410967445484, 0.00577139127969956]</VALUES>
		<LCS_MIN>[0.13666433095932007, 0.11438633501529694, 0.08261615037918091, 0.0720260962843895, 0.028933942317962646, 0.015622047707438469]</LCS_MIN>
		<LCS_MAX>[0.1498618870973587, 0.13972927629947662, 0.11667358875274658, 0.12296358495950699, 0.08174700289964676, 0.06052113324403763]</LCS_MAX>
		<WAVELENGTH>[0.48, 0.56, 0.655, 0.865, 1.61, 2.2]</WAVELENGTH>
		<MEAN_VALUE>[0.14403859340065608, 0.12269975183047804, 0.09069228898720148, 0.0800468097163354, 0.036503599988155465, 0.020978410967445484]</MEAN_VALUE>
		<CHECKBOX>2</CHECKBOX>
		<SD>[0.0020548280399640957, 0.0026673358654784036, 0.0035532822089981418, 0.008659592284235611, 0.00853595277328511, 0.00577139127969956]</SD>
		<WAVELENGTH_UNIT>E-6m</WAVELENGTH_UNIT>
		<COLOR>#4a712d</COLOR>
		<COVARIANCE_MATRIX>[[4.225427346682409e-06, 4.770355189975817e-06, 4.83391113448306e-06, -1.1628433185251197e-06, 7.232073357954505e-07, 1.3384307067099144e-06], [4.770355189975817e-06, 7.119919700926403e-06, 7.887340871093329e-06, 2.0731877157231793e-06, 3.195985982529237e-06, 2.831612164300168e-06], [4.83391113448306e-06, 7.887340871093329e-06, 1.263511148863472e-05, 1.557726318424102e-05, 1.7490765458205715e-05, 1.2642207366297953e-05], [-1.1628433185251197e-06, 2.0731877157231793e-06, 1.557726318424102e-05, 7.504376117140055e-05, 6.849075725767761e-05, 4.381983671919443e-05], [7.232073357954505e-07, 3.195985982529237e-06, 1.7490765458205715e-05, 6.849075725767761e-05, 7.291614747373387e-05, 4.8303692892659456e-05], [1.3384307067099144e-06, 2.831612164300168e-06, 1.2642207366297953e-05, 4.381983671919443e-05, 4.8303692892659456e-05, 3.3333486499032006e-05]]</COVARIANCE_MATRIX>
		<ROI_SIZE>1359</ROI_SIZE>
		<MAX_VALUE>[0.1498618870973587, 0.13972927629947662, 0.11667358875274658, 0.12296358495950699, 0.08174700289964676, 0.06052113324403763]</MAX_VALUE>
		<MIN_VALUE>[0.13666433095932007, 0.11438633501529694, 0.08261615037918091, 0.0720260962843895, 0.028933942317962646, 0.015622047707438469]</MIN_VALUE>
		<SIGNATURE_THRESHOLD_MD>0.0</SIGNATURE_THRESHOLD_MD>
		<SIGNATURE_THRESHOLD_ML>0.0</SIGNATURE_THRESHOLD_ML>
		<SIGNATURE_THRESHOLD_SAM>0.0</SIGNATURE_THRESHOLD_SAM>
	</signature>
	<signature ID="20210610_124337541904_560">
		<MACROCLASSID>1</MACROCLASSID>
		<MACROCLASSINFO>waterbody</MACROCLASSINFO>
		<CLASSID>2</CLASSID>
		<CLASSINFO>C 1</CLASSINFO>
		<VALUES>[0.14902941086752836, 0.0016863434383397114, 0.13748000101609656, 0.0017251412688154542, 0.11055452832105479, 0.0029353651008258677, 0.08902040816504848, 0.010605704111375559, 0.040123895475302214, 0.010674298017499825, 0.023762487082488168, 0.007616905636629144]</VALUES>
		<LCS_MIN>[0.14224527776241302, 0.12971103191375732, 0.10203507542610168, 0.07975706458091736, 0.030512172728776932, 0.015919387340545654]</LCS_MIN>
		<LCS_MAX>[0.15324704349040985, 0.14233675599098206, 0.1256854385137558, 0.13259299099445343, 0.08179274201393127, 0.06171051040291786]</LCS_MAX>
		<WAVELENGTH>[0.48, 0.56, 0.655, 0.865, 1.61, 2.2]</WAVELENGTH>
		<MEAN_VALUE>[0.14902941086752836, 0.13748000101609656, 0.11055452832105479, 0.08902040816504848, 0.040123895475302214, 0.023762487082488168]</MEAN_VALUE>
		<CHECKBOX>2</CHECKBOX>
		<SD>[0.0016863434383397114, 0.0017251412688154542, 0.0029353651008258677, 0.010605704111375559, 0.010674298017499825, 0.007616905636629144]</SD>
		<WAVELENGTH_UNIT>E-6m</WAVELENGTH_UNIT>
		<COLOR>#3ea2c5</COLOR>
		<COVARIANCE_MATRIX>[[2.8502320219558896e-06, 2.0905638393742265e-06, 2.1069101876491914e-06, -6.400935944839148e-06, -3.501704441077891e-06, -9.986912345993915e-07], [2.0905638393742265e-06, 2.9828916012775153e-06, 3.3815624647104414e-06, -8.51123968459433e-06, -4.5597525968332775e-06, -1.3371625300351297e-06], [2.1069101876491914e-06, 3.3815624647104414e-06, 8.635995982331224e-06, 3.076605935348198e-06, 1.0781997843878344e-05, 1.0643640962371137e-05], [-6.400935944839148e-06, -8.51123968459433e-06, 3.076605935348198e-06, 0.00011273717973381281, 0.00010199607640970498, 6.559689063578844e-05], [-3.501704441077891e-06, -4.5597525968332775e-06, 1.0781997843878344e-05, 0.00010199607640970498, 0.00011420018563512713, 7.937695045256987e-05], [-9.986912345993915e-07, -1.3371625300351297e-06, 1.0643640962371137e-05, 6.559689063578844e-05, 7.937695045256987e-05, 5.8149409596808255e-05]]</COVARIANCE_MATRIX>
		<ROI_SIZE>440</ROI_SIZE>
		<MAX_VALUE>[0.15324704349040985, 0.14233675599098206, 0.1256854385137558, 0.13259299099445343, 0.08179274201393127, 0.06171051040291786]</MAX_VALUE>
		<MIN_VALUE>[0.14224527776241302, 0.12971103191375732, 0.10203507542610168, 0.07975706458091736, 0.030512172728776932, 0.015919387340545654]</MIN_VALUE>
		<SIGNATURE_THRESHOLD_MD>0.0</SIGNATURE_THRESHOLD_MD>
		<SIGNATURE_THRESHOLD_ML>0.0</SIGNATURE_THRESHOLD_ML>
		<SIGNATURE_THRESHOLD_SAM>0.0</SIGNATURE_THRESHOLD_SAM>
	</signature>
	<signature ID="20210610_124733960612_889">
		<MACROCLASSID>1</MACROCLASSID>
		<MACROCLASSINFO>waterbody</MACROCLASSINFO>
		<CLASSID>3</CLASSID>
		<CLASSINFO>C 1</CLASSINFO>
		<VALUES>[0.14813724696197536, 0.0026350638114091937, 0.1409772309203046, 0.0037664920320293143, 0.10936965411588916, 0.004579742801117305, 0.07390288352664712, 0.008369420285825657, 0.03431401996193894, 0.007983128224046643, 0.021552152257402386, 0.005715346284760359]</VALUES>
		<LCS_MIN>[0.13536058366298676, 0.11580444127321243, 0.0906444787979126, 0.061687640845775604, 0.02184341661632061, 0.013494887389242649]</LCS_MIN>
		<LCS_MAX>[0.16148121654987335, 0.15791307389736176, 0.13321055471897125, 0.11397460848093033, 0.07582297176122665, 0.06072699651122093]</LCS_MAX>
		<WAVELENGTH>[0.48, 0.56, 0.655, 0.865, 1.61, 2.2]</WAVELENGTH>
		<MEAN_VALUE>[0.14813724696197536, 0.1409772309203046, 0.10936965411588916, 0.07390288352664712, 0.03431401996193894, 0.021552152257402386]</MEAN_VALUE>
		<CHECKBOX>2</CHECKBOX>
		<SD>[0.0026350638114091937, 0.0037664920320293143, 0.004579742801117305, 0.008369420285825657, 0.007983128224046643, 0.005715346284760359]</SD>
		<WAVELENGTH_UNIT>E-6m</WAVELENGTH_UNIT>
		<COLOR>#2ff938</COLOR>
		<COVARIANCE_MATRIX>[[6.949955150048481e-06, 9.263309948437382e-06, 8.719958714209497e-06, 4.310417978103942e-07, 1.7471033970650751e-06, 3.1097622468223562e-06], [9.263309948437382e-06, 1.4199525139702018e-05, 1.4405459296540357e-05, -2.1118985387147404e-06, -6.571728476956196e-07, 2.0877173483313527e-06], [8.719958714209497e-06, 1.4405459296540357e-05, 2.099335688399151e-05, 1.0328396456316113e-05, 1.1255805475229863e-05, 1.0734480383689515e-05], [4.310417978103942e-07, -2.1118985387147404e-06, 1.0328396456316113e-05, 7.01116950949654e-05, 6.0446251154644415e-05, 4.039634222863242e-05], [1.7471033970650751e-06, -6.571728476956196e-07, 1.1255805475229863e-05, 6.0446251154644415e-05, 6.378901889547706e-05, 4.419310062075965e-05], [3.1097622468223562e-06, 2.0877173483313527e-06, 1.0734480383689515e-05, 4.039634222863242e-05, 4.419310062075965e-05, 3.269526132498868e-05]]</COVARIANCE_MATRIX>
		<ROI_SIZE>1087</ROI_SIZE>
		<MAX_VALUE>[0.16148121654987335, 0.15791307389736176, 0.13321055471897125, 0.11397460848093033, 0.07582297176122665, 0.06072699651122093]</MAX_VALUE>
		<MIN_VALUE>[0.13536058366298676, 0.11580444127321243, 0.0906444787979126, 0.061687640845775604, 0.02184341661632061, 0.013494887389242649]</MIN_VALUE>
		<SIGNATURE_THRESHOLD_MD>0.0</SIGNATURE_THRESHOLD_MD>
		<SIGNATURE_THRESHOLD_ML>0.0</SIGNATURE_THRESHOLD_ML>
		<SIGNATURE_THRESHOLD_SAM>0.0</SIGNATURE_THRESHOLD_SAM>
	</signature>
	<signature ID="20210610_124739245600_751">
		<MACROCLASSID>1</MACROCLASSID>
		<MACROCLASSINFO>waterbody</MACROCLASSINFO>
		<CLASSID>4</CLASSID>
		<CLASSINFO>C 1</CLASSINFO>
		<VALUES>[0.1455183167167953, 0.004223183866305129, 0.13130183756666258, 0.004835067123190921, 0.0980167286514256, 0.005695726837695771, 0.09641453944706303, 0.011801202285801704, 0.0465592389419115, 0.010327959015906945, 0.02786446419356503, 0.007308046790697266]</VALUES>
		<LCS_MIN>[0.12955091893672943, 0.10741016268730164, 0.07623467594385147, 0.07088247686624527, 0.02717275731265545, 0.013746486976742744]</LCS_MIN>
		<LCS_MAX>[0.15388746559619904, 0.14135323464870453, 0.11392886936664581, 0.13170096278190613, 0.07987143099308014, 0.05567213520407677]</LCS_MAX>
		<WAVELENGTH>[0.48, 0.56, 0.655, 0.865, 1.61, 2.2]</WAVELENGTH>
		<MEAN_VALUE>[0.1455183167167953, 0.13130183756666258, 0.0980167286514256, 0.09641453944706303, 0.0465592389419115, 0.02786446419356503]</MEAN_VALUE>
		<CHECKBOX>2</CHECKBOX>
		<SD>[0.004223183866305129, 0.004835067123190921, 0.005695726837695771, 0.011801202285801704, 0.010327959015906945, 0.007308046790697266]</SD>
		<WAVELENGTH_UNIT>E-6m</WAVELENGTH_UNIT>
		<COLOR>#88a1ba</COLOR>
		<COVARIANCE_MATRIX>[[1.7856240447144955e-05, 1.9498613255564123e-05, 2.2755284589948133e-05, 1.0404723980173003e-05, 8.978674486570526e-06, 1.060997510649031e-05], [1.9498613255564123e-05, 2.3405345928040333e-05, 2.5539298803778365e-05, 3.7328038615669357e-06, 4.446948878467083e-06, 8.42597546579782e-06], [2.2755284589948133e-05, 2.5539298803778365e-05, 3.247942731832154e-05, 2.3702448743279092e-05, 2.3397327822749503e-05, 2.225376374553889e-05], [1.0404723980173003e-05, 3.7328038615669357e-06, 2.3702448743279092e-05, 0.00013943202793598175, 0.00010838663001777604, 6.843111623311415e-05], [8.978674486570526e-06, 4.446948878467083e-06, 2.3397327822749503e-05, 0.00010838663001777604, 0.0001067920820787549, 7.215854566311464e-05], [1.060997510649031e-05, 8.42597546579782e-06, 2.225376374553889e-05, 6.843111623311415e-05, 7.215854566311464e-05, 5.347030673874542e-05]]</COVARIANCE_MATRIX>
		<ROI_SIZE>852</ROI_SIZE>
		<MAX_VALUE>[0.15388746559619904, 0.14135323464870453, 0.11392886936664581, 0.13170096278190613, 0.07987143099308014, 0.05567213520407677]</MAX_VALUE>
		<MIN_VALUE>[0.12955091893672943, 0.10741016268730164, 0.07623467594385147, 0.07088247686624527, 0.02717275731265545, 0.013746486976742744]</MIN_VALUE>
		<SIGNATURE_THRESHOLD_MD>0.0</SIGNATURE_THRESHOLD_MD>
		<SIGNATURE_THRESHOLD_ML>0.0</SIGNATURE_THRESHOLD_ML>
		<SIGNATURE_THRESHOLD_SAM>0.0</SIGNATURE_THRESHOLD_SAM>
	</signature>
	<signature ID="20210610_124743674724_440">
		<MACROCLASSID>1</MACROCLASSID>
		<MACROCLASSINFO>waterbody</MACROCLASSINFO>
		<CLASSID>5</CLASSID>
		<CLASSINFO>C 1</CLASSINFO>
		<VALUES>[0.13306696569320234, 0.003237953368918523, 0.1159977759148693, 0.004822017492181186, 0.08489285633517805, 0.005223776471647681, 0.09047978600260291, 0.012905792789191866, 0.043804238983378416, 0.009437464182825315, 0.026356890346559362, 0.006160360589544155]</VALUES>
		<LCS_MIN>[0.12095079571008682, 0.09020988643169403, 0.064203642308712, 0.06948723644018173, 0.02317003533244133, 0.01267146784812212]</LCS_MIN>
		<LCS_MAX>[0.1497017741203308, 0.1292993128299713, 0.10441382974386215, 0.13476590812206268, 0.0886545479297638, 0.057730674743652344]</LCS_MAX>
		<WAVELENGTH>[0.48, 0.56, 0.655, 0.865, 1.61, 2.2]</WAVELENGTH>
		<MEAN_VALUE>[0.13306696569320234, 0.1159977759148693, 0.08489285633517805, 0.09047978600260291, 0.043804238983378416, 0.026356890346559362]</MEAN_VALUE>
		<CHECKBOX>2</CHECKBOX>
		<SD>[0.003237953368918523, 0.004822017492181186, 0.005223776471647681, 0.012905792789191866, 0.009437464182825315, 0.006160360589544155]</SD>
		<WAVELENGTH_UNIT>E-6m</WAVELENGTH_UNIT>
		<COLOR>#ab6951</COLOR>
		<COVARIANCE_MATRIX>[[8.45103568281047e-06, 1.1536047168192454e-05, 1.2384752153593581e-05, -2.9096363505232148e-06, 6.10897905062302e-06, 9.064769983524457e-06], [1.1536047168192454e-05, 1.9574468751670793e-05, 2.039820174104534e-05, -1.0193900379817933e-05, 9.602429599908646e-06, 1.5054177310958039e-05], [1.2384752153593581e-05, 2.039820174104534e-05, 2.358367055421695e-05, 2.5416870386152368e-08, 1.884203629742842e-05, 2.1233279767329805e-05], [-2.9096363505232148e-06, -1.0193900379817933e-05, 2.5416870386152368e-08, 0.0001599713577888906, 9.563383355271071e-05, 3.9095837564673275e-05], [6.10897905062302e-06, 9.602429599908646e-06, 1.884203629742842e-05, 9.563383355271071e-05, 8.287529635708779e-05, 4.739107680507004e-05], [9.064769983524457e-06, 1.5054177310958039e-05, 2.1233279767329805e-05, 3.9095837564673275e-05, 4.739107680507004e-05, 3.5510667657945305e-05]]</COVARIANCE_MATRIX>
		<ROI_SIZE>1935</ROI_SIZE>
		<MAX_VALUE>[0.1497017741203308, 0.1292993128299713, 0.10441382974386215, 0.13476590812206268, 0.0886545479297638, 0.057730674743652344]</MAX_VALUE>
		<MIN_VALUE>[0.12095079571008682, 0.09020988643169403, 0.064203642308712, 0.06948723644018173, 0.02317003533244133, 0.01267146784812212]</MIN_VALUE>
		<SIGNATURE_THRESHOLD_MD>0.0</SIGNATURE_THRESHOLD_MD>
		<SIGNATURE_THRESHOLD_ML>0.0</SIGNATURE_THRESHOLD_ML>
		<SIGNATURE_THRESHOLD_SAM>0.0</SIGNATURE_THRESHOLD_SAM>
	</signature>
	<signature ID="20210610_124750577481_303">
		<MACROCLASSID>1</MACROCLASSID>
		<MACROCLASSINFO>waterbody</MACROCLASSINFO>
		<CLASSID>6</CLASSID>
		<CLASSINFO>C 1</CLASSINFO>
		<VALUES>[0.15510121544620684, 0.003317148817876832, 0.13605995283786304, 0.0035076410988071328, 0.10315963978612755, 0.004487484067609284, 0.11165874647988455, 0.015225757308302043, 0.05652823052193527, 0.012629319829153407, 0.034238615044353465, 0.008444546266122592]</VALUES>
		<LCS_MIN>[0.14297719299793243, 0.11989863961935043, 0.08851730823516846, 0.08394277840852737, 0.03202175721526146, 0.01726887747645378]</LCS_MIN>
		<LCS_MAX>[0.16966961324214935, 0.15121136605739594, 0.1233752891421318, 0.16605572402477264, 0.10393351316452026, 0.07175162434577942]</LCS_MAX>
		<WAVELENGTH>[0.48, 0.56, 0.655, 0.865, 1.61, 2.2]</WAVELENGTH>
		<MEAN_VALUE>[0.15510121544620684, 0.13605995283786304, 0.10315963978612755, 0.11165874647988455, 0.05652823052193527, 0.034238615044353465]</MEAN_VALUE>
		<CHECKBOX>2</CHECKBOX>
		<SD>[0.003317148817876832, 0.0035076410988071328, 0.004487484067609284, 0.015225757308302043, 0.012629319829153407, 0.008444546266122592]</SD>
		<WAVELENGTH_UNIT>E-6m</WAVELENGTH_UNIT>
		<COLOR>#c3eeda</COLOR>
		<COVARIANCE_MATRIX>[[1.101568886952009e-05, 1.0962110536638647e-05, 1.291479838982923e-05, 1.890789826575201e-05, 1.0963693057419732e-05, 7.822020961611997e-06], [1.0962110536638647e-05, 1.23172012536088e-05, 1.3860581020708196e-05, 1.5395115042338148e-05, 1.1197456842637621e-05, 9.010427675093524e-06], [1.291479838982923e-05, 1.3860581020708196e-05, 2.0159863197477534e-05, 4.3111227569170296e-05, 3.4756951208692044e-05, 2.486624725861475e-05], [1.890789826575201e-05, 1.5395115042338148e-05, 4.3111227569170296e-05, 0.00023208098718896508, 0.00017171217768918723, 0.00010281694267177954], [1.0963693057419732e-05, 1.1197456842637621e-05, 3.4756951208692044e-05, 0.00017171217768918723, 0.00015967673971317708, 0.00010281678260071203], [7.822020961611997e-06, 9.010427675093524e-06, 2.486624725861475e-05, 0.00010281694267177954, 0.00010281678260071203, 7.13895060471259e-05]]</COVARIANCE_MATRIX>
		<ROI_SIZE>902</ROI_SIZE>
		<MAX_VALUE>[0.16966961324214935, 0.15121136605739594, 0.1233752891421318, 0.16605572402477264, 0.10393351316452026, 0.07175162434577942]</MAX_VALUE>
		<MIN_VALUE>[0.14297719299793243, 0.11989863961935043, 0.08851730823516846, 0.08394277840852737, 0.03202175721526146, 0.01726887747645378]</MIN_VALUE>
		<SIGNATURE_THRESHOLD_MD>0.0</SIGNATURE_THRESHOLD_MD>
		<SIGNATURE_THRESHOLD_ML>0.0</SIGNATURE_THRESHOLD_ML>
		<SIGNATURE_THRESHOLD_SAM>0.0</SIGNATURE_THRESHOLD_SAM>
	</signature>
	<signature ID="20210610_124754205180_646">
		<MACROCLASSID>1</MACROCLASSID>
		<MACROCLASSINFO>waterbody</MACROCLASSINFO>
		<CLASSID>7</CLASSID>
		<CLASSINFO>C 1</CLASSINFO>
		<VALUES>[0.15465512443253934, 0.002424406137820403, 0.13770518435940723, 0.0032597758028903735, 0.10417278732928592, 0.0036162973374026467, 0.09867872707066098, 0.01152215231294875, 0.046824616831707355, 0.010952411078287915, 0.027595161876037638, 0.0075264779924131085]</VALUES>
		<LCS_MIN>[0.14643095433712006, 0.1262572556734085, 0.09553923457860947, 0.08227307349443436, 0.03291379287838936, 0.018069425597786903]</LCS_MIN>
		<LCS_MAX>[0.15953701734542847, 0.14501287043094635, 0.11488953232765198, 0.13792233169078827, 0.08675612509250641, 0.06173339858651161]</LCS_MAX>
		<WAVELENGTH>[0.48, 0.56, 0.655, 0.865, 1.61, 2.2]</WAVELENGTH>
		<MEAN_VALUE>[0.15465512443253934, 0.13770518435940723, 0.10417278732928592, 0.09867872707066098, 0.046824616831707355, 0.027595161876037638]</MEAN_VALUE>
		<CHECKBOX>2</CHECKBOX>
		<SD>[0.002424406137820403, 0.0032597758028903735, 0.0036162973374026467, 0.01152215231294875, 0.010952411078287915, 0.0075264779924131085]</SD>
		<WAVELENGTH_UNIT>E-6m</WAVELENGTH_UNIT>
		<COLOR>#4ef1f1</COLOR>
		<COVARIANCE_MATRIX>[[5.890385637030704e-06, 7.157542768254643e-06, 7.626410024386132e-06, -3.8139153275551507e-06, 1.5505296460105455e-06, 4.363773314253194e-06], [7.157542768254643e-06, 1.0648990610206965e-05, 1.0398324775451329e-05, -5.692798822565237e-06, 9.06441755432752e-07, 4.708680990006542e-06], [7.626410024386132e-06, 1.0398324775451329e-05, 1.3105730431561824e-05, 7.700608875893522e-06, 1.4688377632410266e-05, 1.4747687600902282e-05], [-3.8139153275551507e-06, -5.692798822565237e-06, 7.700608875893522e-06, 0.00013304549793247133, 0.00011837307829409838, 7.371284300461411e-05], [1.5505296460105455e-06, 9.06441755432752e-07, 1.4688377632410266e-05, 0.00011837307829409838, 0.00012021327711408958, 7.92515420471318e-05], [4.363773314253194e-06, 4.708680990006542e-06, 1.4747687600902282e-05, 7.371284300461411e-05, 7.92515420471318e-05, 5.67696952202823e-05]]</COVARIANCE_MATRIX>
		<ROI_SIZE>466</ROI_SIZE>
		<MAX_VALUE>[0.15953701734542847, 0.14501287043094635, 0.11488953232765198, 0.13792233169078827, 0.08675612509250641, 0.06173339858651161]</MAX_VALUE>
		<MIN_VALUE>[0.14643095433712006, 0.1262572556734085, 0.09553923457860947, 0.08227307349443436, 0.03291379287838936, 0.018069425597786903]</MIN_VALUE>
		<SIGNATURE_THRESHOLD_MD>0.0</SIGNATURE_THRESHOLD_MD>
		<SIGNATURE_THRESHOLD_ML>0.0</SIGNATURE_THRESHOLD_ML>
		<SIGNATURE_THRESHOLD_SAM>0.0</SIGNATURE_THRESHOLD_SAM>
	</signature>
	<signature ID="20210610_124801624755_246">
		<MACROCLASSID>1</MACROCLASSID>
		<MACROCLASSINFO>waterbody</MACROCLASSINFO>
		<CLASSID>8</CLASSID>
		<CLASSINFO>C 1</CLASSINFO>
		<VALUES>[0.1146204190128081, 0.0028004817043393187, 0.09490940036256407, 0.006927910072712632, 0.067672811960837, 0.008231103838627114, 0.060905920012908864, 0.011567826414387134, 0.026332649498725456, 0.010746068932280684, 0.01479518483481828, 0.006889380916851533]</VALUES>
		<LCS_MIN>[0.11033785343170166, 0.08668749779462814, 0.05946899205446243, 0.037694185972213745, 0.007639475632458925, 0.003659624606370926]</LCS_MIN>
		<LCS_MAX>[0.12756100296974182, 0.12579980492591858, 0.11020062118768692, 0.10578619688749313, 0.0720718502998352, 0.045699626207351685]</LCS_MAX>
		<WAVELENGTH>[0.48, 0.56, 0.655, 0.865, 1.61, 2.2]</WAVELENGTH>
		<MEAN_VALUE>[0.1146204190128081, 0.09490940036256407, 0.067672811960837, 0.060905920012908864, 0.026332649498725456, 0.01479518483481828]</MEAN_VALUE>
		<CHECKBOX>2</CHECKBOX>
		<SD>[0.0028004817043393187, 0.006927910072712632, 0.008231103838627114, 0.011567826414387134, 0.010746068932280684, 0.006889380916851533]</SD>
		<WAVELENGTH_UNIT>E-6m</WAVELENGTH_UNIT>
		<COLOR>#5f06bb</COLOR>
		<COVARIANCE_MATRIX>[[7.848693712730892e-06, 1.8408463802188635e-05, 2.180098817916587e-05, 1.4931489204172976e-05, 1.0319096872990485e-05, 6.971140010136878e-06], [1.8408463802188635e-05, 4.803263072972186e-05, 5.560164208873175e-05, 4.1007002437254414e-05, 2.9957045626360923e-05, 2.006517388508655e-05], [2.180098817916587e-05, 5.560164208873175e-05, 6.780286639695987e-05, 5.5100477766245604e-05, 4.116851050639525e-05, 2.7601226975093596e-05], [1.4931489204172976e-05, 4.1007002437254414e-05, 5.5100477766245604e-05, 0.00013391691027209163, 0.00011605162580963224, 7.301139703486115e-05], [1.0319096872990485e-05, 2.9957045626360923e-05, 4.116851050639525e-05, 0.00011605162580963224, 0.00011556628305697814, 7.312787784030661e-05], [6.971140010136878e-06, 2.006517388508655e-05, 2.7601226975093596e-05, 7.301139703486115e-05, 7.312787784030661e-05, 4.749985600938089e-05]]</COVARIANCE_MATRIX>
		<ROI_SIZE>1309</ROI_SIZE>
		<MAX_VALUE>[0.12756100296974182, 0.12579980492591858, 0.11020062118768692, 0.10578619688749313, 0.0720718502998352, 0.045699626207351685]</MAX_VALUE>
		<MIN_VALUE>[0.11033785343170166, 0.08668749779462814, 0.05946899205446243, 0.037694185972213745, 0.007639475632458925, 0.003659624606370926]</MIN_VALUE>
		<SIGNATURE_THRESHOLD_MD>0.0</SIGNATURE_THRESHOLD_MD>
		<SIGNATURE_THRESHOLD_ML>0.0</SIGNATURE_THRESHOLD_ML>
		<SIGNATURE_THRESHOLD_SAM>0.0</SIGNATURE_THRESHOLD_SAM>
	</signature>
	<signature ID="20210610_124806299031_273">
		<MACROCLASSID>1</MACROCLASSID>
		<MACROCLASSINFO>waterbody</MACROCLASSINFO>
		<CLASSID>9</CLASSID>
		<CLASSINFO>C 1</CLASSINFO>
		<VALUES>[0.11060957502769796, 0.0022854479635335996, 0.09629217244423265, 0.005880789362978065, 0.06477370329626038, 0.004913539078633828, 0.05817302506776493, 0.010526475264322134, 0.023554704654471653, 0.008771628268126835, 0.01300628071757065, 0.005652994477018015]</VALUES>
		<LCS_MIN>[0.09714031964540482, 0.06733720004558563, 0.044441644102334976, 0.04698050022125244, 0.016559822484850883, 0.009423548355698586]</LCS_MIN>
		<LCS_MAX>[0.11969279497861862, 0.11779435724020004, 0.09826108813285828, 0.1006627082824707, 0.06953297555446625, 0.04437301680445671]</LCS_MAX>
		<WAVELENGTH>[0.48, 0.56, 0.655, 0.865, 1.61, 2.2]</WAVELENGTH>
		<MEAN_VALUE>[0.11060957502769796, 0.09629217244423265, 0.06477370329626038, 0.05817302506776493, 0.023554704654471653, 0.01300628071757065]</MEAN_VALUE>
		<CHECKBOX>2</CHECKBOX>
		<SD>[0.0022854479635335996, 0.005880789362978065, 0.004913539078633828, 0.010526475264322134, 0.008771628268126835, 0.005652994477018015]</SD>
		<WAVELENGTH_UNIT>E-6m</WAVELENGTH_UNIT>
		<COLOR>#522aa3</COLOR>
		<COVARIANCE_MATRIX>[[5.234752279648092e-06, 1.2797132512787357e-05, 8.416725904680789e-06, -5.259752015263075e-06, 9.590382887836313e-07, 1.8240912140754517e-06], [1.2797132512787357e-05, 3.465968984528445e-05, 2.226897413493134e-05, -1.629531652724836e-05, 3.445107950028614e-06, 5.290291028359206e-06], [8.416725904680789e-06, 2.226897413493134e-05, 2.4195927835535258e-05, 1.5786847143317573e-05, 2.1150186512386426e-05, 1.5279023500625044e-05], [-5.259752015263075e-06, -1.629531652724836e-05, 1.5786847143317573e-05, 0.00011105021258117631, 7.601043762406334e-05, 4.604355126502924e-05], [9.590382887836313e-07, 3.445107950028614e-06, 2.1150186512386426e-05, 7.601043762406334e-05, 7.711056241532788e-05, 4.8711637646192685e-05], [1.8240912140754517e-06, 5.290291028359206e-06, 1.5279023500625044e-05, 4.604355126502924e-05, 4.8711637646192685e-05, 3.202657899237238e-05]]</COVARIANCE_MATRIX>
		<ROI_SIZE>456</ROI_SIZE>
		<MAX_VALUE>[0.11969279497861862, 0.11779435724020004, 0.09826108813285828, 0.1006627082824707, 0.06953297555446625, 0.04437301680445671]</MAX_VALUE>
		<MIN_VALUE>[0.09714031964540482, 0.06733720004558563, 0.044441644102334976, 0.04698050022125244, 0.016559822484850883, 0.009423548355698586]</MIN_VALUE>
		<SIGNATURE_THRESHOLD_MD>0.0</SIGNATURE_THRESHOLD_MD>
		<SIGNATURE_THRESHOLD_ML>0.0</SIGNATURE_THRESHOLD_ML>
		<SIGNATURE_THRESHOLD_SAM>0.0</SIGNATURE_THRESHOLD_SAM>
	</signature>
	<signature ID="20210610_124817272940_656">
		<MACROCLASSID>1</MACROCLASSID>
		<MACROCLASSINFO>waterbody</MACROCLASSINFO>
		<CLASSID>10</CLASSID>
		<CLASSINFO>C 1</CLASSINFO>
		<VALUES>[0.10089776634415833, 0.0010875159230156358, 0.08277345309602868, 0.0018417089625817422, 0.05381411049079421, 0.0024279692946039227, 0.04539955444438916, 0.009447049039461995, 0.019749626824486003, 0.008663168352174278, 0.011182346572225043, 0.005067093623408907]</VALUES>
		<LCS_MIN>[0.09835256636142731, 0.07625754922628403, 0.05034278333187103, 0.03705374896526337, 0.01047568954527378, 0.006541586481034756]</LCS_MIN>
		<LCS_MAX>[0.1061750277876854, 0.09240566194057465, 0.07053937762975693, 0.0865502655506134, 0.06317437440156937, 0.04117083549499512]</LCS_MAX>
		<WAVELENGTH>[0.48, 0.56, 0.655, 0.865, 1.61, 2.2]</WAVELENGTH>
		<MEAN_VALUE>[0.10089776634415833, 0.08277345309602868, 0.05381411049079421, 0.04539955444438916, 0.019749626824486003, 0.011182346572225043]</MEAN_VALUE>
		<CHECKBOX>2</CHECKBOX>
		<SD>[0.0010875159230156358, 0.0018417089625817422, 0.0024279692946039227, 0.009447049039461995, 0.008663168352174278, 0.005067093623408907]</SD>
		<WAVELENGTH_UNIT>E-6m</WAVELENGTH_UNIT>
		<COLOR>#602fca</COLOR>
		<COVARIANCE_MATRIX>[[1.1837238389489357e-06, 1.6224445289481082e-06, 2.038281081695459e-06, 4.522765721048927e-06, 4.048474693263415e-06, 2.701251105463598e-06], [1.6224445289481082e-06, 3.394854275029502e-06, 3.9435781218344346e-06, 1.0011227459472138e-05, 8.836599590722471e-06, 5.604105353995692e-06], [2.038281081695459e-06, 3.9435781218344346e-06, 5.900183623452904e-06, 1.65596811712021e-05, 1.547831379866693e-05, 9.639426934882067e-06], [4.522765721048927e-06, 1.0011227459472138e-05, 1.65596811712021e-05, 8.932468335842714e-05, 7.634072244400159e-05, 4.386376895126887e-05], [4.048474693263415e-06, 8.836599590722471e-06, 1.547831379866693e-05, 7.634072244400159e-05, 7.511603325838223e-05, 4.33658788097091e-05], [2.701251105463598e-06, 5.604105353995692e-06, 9.639426934882067e-06, 4.386376895126887e-05, 4.33658788097091e-05, 2.569786192907486e-05]]</COVARIANCE_MATRIX>
		<ROI_SIZE>1146</ROI_SIZE>
		<MAX_VALUE>[0.1061750277876854, 0.09240566194057465, 0.07053937762975693, 0.0865502655506134, 0.06317437440156937, 0.04117083549499512]</MAX_VALUE>
		<MIN_VALUE>[0.09835256636142731, 0.07625754922628403, 0.05034278333187103, 0.03705374896526337, 0.01047568954527378, 0.006541586481034756]</MIN_VALUE>
		<SIGNATURE_THRESHOLD_MD>0.0</SIGNATURE_THRESHOLD_MD>
		<SIGNATURE_THRESHOLD_ML>0.0</SIGNATURE_THRESHOLD_ML>
		<SIGNATURE_THRESHOLD_SAM>0.0</SIGNATURE_THRESHOLD_SAM>
	</signature>
	<signature ID="20210610_124923457370_502">
		<MACROCLASSID>1</MACROCLASSID>
		<MACROCLASSINFO>waterbody</MACROCLASSINFO>
		<CLASSID>12</CLASSID>
		<CLASSINFO>C 1</CLASSINFO>
		<VALUES>[0.1471717681511339, 0.004737256961872479, 0.1385237414793798, 0.007200592583063874, 0.10691919290875816, 0.008891707876727621, 0.08889832243502861, 0.01033040731657741, 0.044655977333166494, 0.009018651015015861, 0.027741374142737273, 0.005746985549506487]</VALUES>
		<LCS_MIN>[0.13325630128383636, 0.11973853409290314, 0.09167375415563583, 0.07929962128400803, 0.03465212881565094, 0.020173707976937294]</LCS_MIN>
		<LCS_MAX>[0.1547566056251526, 0.15205764770507812, 0.12435882538557053, 0.13366800546646118, 0.0877625122666359, 0.056953005492687225]</LCS_MAX>
		<WAVELENGTH>[0.48, 0.56, 0.655, 0.865, 1.61, 2.2]</WAVELENGTH>
		<MEAN_VALUE>[0.1471717681511339, 0.1385237414793798, 0.10691919290875816, 0.08889832243502861, 0.044655977333166494, 0.027741374142737273]</MEAN_VALUE>
		<CHECKBOX>2</CHECKBOX>
		<SD>[0.004737256961872479, 0.007200592583063874, 0.008891707876727621, 0.01033040731657741, 0.009018651015015861, 0.005746985549506487]</SD>
		<WAVELENGTH_UNIT>E-6m</WAVELENGTH_UNIT>
		<COLOR>#10f853</COLOR>
		<COVARIANCE_MATRIX>[[1.6823563782963902e-05, 2.5207615180988796e-05, 2.836663043126464e-05, -8.799108400125988e-06, -5.102675004309276e-06, 1.4720114904775983e-07], [2.5207615180988796e-05, 3.9764207031112164e-05, 4.50557199656032e-05, -1.5101617464097217e-05, -9.007057087728754e-06, -1.3540454801841406e-07], [2.836663043126464e-05, 4.50557199656032e-05, 5.625230187433772e-05, -2.5943145374185406e-06, 3.7624304241035134e-06, 9.152818165603094e-06], [-8.799108400125988e-06, -1.5101617464097217e-05, -2.5943145374185406e-06, 0.00010963663225993514, 9.19217272894457e-05, 5.393452738644555e-05], [-5.102675004309276e-06, -9.007057087728754e-06, 3.7624304241035134e-06, 9.19217272894457e-05, 8.751994027988985e-05, 5.35568360646721e-05], [1.4720114904775983e-07, -1.3540454801841406e-07, 9.152818165603094e-06, 5.393452738644555e-05, 5.35568360646721e-05, 3.5654156818054616e-05]]</COVARIANCE_MATRIX>
		<ROI_SIZE>724</ROI_SIZE>
		<MAX_VALUE>[0.1547566056251526, 0.15205764770507812, 0.12435882538557053, 0.13366800546646118, 0.0877625122666359, 0.056953005492687225]</MAX_VALUE>
		<MIN_VALUE>[0.13325630128383636, 0.11973853409290314, 0.09167375415563583, 0.07929962128400803, 0.03465212881565094, 0.020173707976937294]</MIN_VALUE>
		<SIGNATURE_THRESHOLD_MD>0.0</SIGNATURE_THRESHOLD_MD>
		<SIGNATURE_THRESHOLD_ML>0.0</SIGNATURE_THRESHOLD_ML>
		<SIGNATURE_THRESHOLD_SAM>0.0</SIGNATURE_THRESHOLD_SAM>
	</signature>
	<signature ID="20210610_125022361962_795">
		<MACROCLASSID>1</MACROCLASSID>
		<MACROCLASSINFO>waterbody</MACROCLASSINFO>
		<CLASSID>13</CLASSID>
		<CLASSINFO>C 1</CLASSINFO>
		<VALUES>[0.1494176886371663, 0.002193171601228188, 0.14094148160101078, 0.003958516376525797, 0.11532967089264252, 0.003911474874389612, 0.09542507228550612, 0.014453793224286056, 0.050232136081736316, 0.014054573812773861, 0.031322024430374816, 0.009626001329310787]</VALUES>
		<LCS_MIN>[0.13309620320796967, 0.10862240940332413, 0.08732793480157852, 0.07355856895446777, 0.03177015855908394, 0.019670506939291954]</LCS_MIN>
		<LCS_MAX>[0.1544364094734192, 0.14899270236492157, 0.1303514540195465, 0.14444106817245483, 0.0961567834019661, 0.07429049909114838]</LCS_MAX>
		<WAVELENGTH>[0.48, 0.56, 0.655, 0.865, 1.61, 2.2]</WAVELENGTH>
		<MEAN_VALUE>[0.1494176886371663, 0.14094148160101078, 0.11532967089264252, 0.09542507228550612, 0.050232136081736316, 0.031322024430374816]</MEAN_VALUE>
		<CHECKBOX>2</CHECKBOX>
		<SD>[0.002193171601228188, 0.003958516376525797, 0.003911474874389612, 0.014453793224286056, 0.014054573812773861, 0.009626001329310787]</SD>
		<WAVELENGTH_UNIT>E-6m</WAVELENGTH_UNIT>
		<COLOR>#acf95e</COLOR>
		<COVARIANCE_MATRIX>[[5.34968694410054e-06, 8.793845154286828e-06, 7.908467523520812e-06, -1.3437373127089813e-05, -9.988975762098562e-06, -4.193389031570405e-06], [8.793845154286828e-06, 1.6411509932368062e-05, 1.2939422958879732e-05, -2.686997140699532e-05, -2.0582738216035068e-05, -9.71644840319641e-06], [7.908467523520812e-06, 1.2939422958879732e-05, 1.5427369362441823e-05, -6.101120561652351e-06, 1.6435426459793234e-06, 6.469721938628936e-06], [-1.3437373127089813e-05, -2.686997140699532e-05, -6.101120561652351e-06, 0.0002055303193628788, 0.00017047743313014507, 0.00010264143929816782], [-9.988975762098562e-06, -2.0582738216035068e-05, 1.6435426459793234e-06, 0.00017047743313014507, 0.00018091748643200845, 0.00011758716573240235], [-4.193389031570405e-06, -9.71644840319641e-06, 6.469721938628936e-06, 0.00010264143929816782, 0.00011758716573240235, 8.287025411846116e-05]]</COVARIANCE_MATRIX>
		<ROI_SIZE>855</ROI_SIZE>
		<MAX_VALUE>[0.1544364094734192, 0.14899270236492157, 0.1303514540195465, 0.14444106817245483, 0.0961567834019661, 0.07429049909114838]</MAX_VALUE>
		<MIN_VALUE>[0.13309620320796967, 0.10862240940332413, 0.08732793480157852, 0.07355856895446777, 0.03177015855908394, 0.019670506939291954]</MIN_VALUE>
		<SIGNATURE_THRESHOLD_MD>0.0</SIGNATURE_THRESHOLD_MD>
		<SIGNATURE_THRESHOLD_ML>0.0</SIGNATURE_THRESHOLD_ML>
		<SIGNATURE_THRESHOLD_SAM>0.0</SIGNATURE_THRESHOLD_SAM>
	</signature>
	<signature ID="20210610_125031602545_805">
		<MACROCLASSID>1</MACROCLASSID>
		<MACROCLASSINFO>waterbody</MACROCLASSINFO>
		<CLASSID>14</CLASSID>
		<CLASSINFO>C 1</CLASSINFO>
		<VALUES>[0.14456927882773546, 0.001693584472683193, 0.12048507108240902, 0.002319422425584842, 0.08945038402322632, 0.003357017925736593, 0.08010035473592475, 0.010182031354108877, 0.035961088768783046, 0.008851955571322826, 0.021305587596627817, 0.006057934288644169]</VALUES>
		<LCS_MIN>[0.1392718106508255, 0.1138831302523613, 0.08373691886663437, 0.07063087821006775, 0.02614348568022251, 0.017131641507148743]</LCS_MIN>
		<LCS_MAX>[0.14958737790584564, 0.12875038385391235, 0.11017775535583496, 0.1247933954000473, 0.08090070635080338, 0.06418077647686005]</LCS_MAX>
		<WAVELENGTH>[0.48, 0.56, 0.655, 0.865, 1.61, 2.2]</WAVELENGTH>
		<MEAN_VALUE>[0.14456927882773546, 0.12048507108240902, 0.08945038402322632, 0.08010035473592475, 0.035961088768783046, 0.021305587596627817]</MEAN_VALUE>
		<CHECKBOX>2</CHECKBOX>
		<SD>[0.001693584472683193, 0.002319422425584842, 0.003357017925736593, 0.010182031354108877, 0.008851955571322826, 0.006057934288644169]</SD>
		<WAVELENGTH_UNIT>E-6m</WAVELENGTH_UNIT>
		<COLOR>#54c8e5</COLOR>
		<COVARIANCE_MATRIX>[[2.8722511160594877e-06, 3.3428882488806266e-06, 4.287097453925526e-06, 1.2779121334460797e-06, 2.1680941699742107e-06, 2.4740620574448258e-06], [3.3428882488806266e-06, 5.387265446188394e-06, 6.881418357806979e-06, 4.535591415333329e-06, 6.614007816097001e-06, 6.060070973035181e-06], [4.287097453925526e-06, 6.881418357806979e-06, 1.1285374966973905e-05, 1.701414839772042e-05, 1.8801229089149274e-05, 1.5142732991080265e-05], [1.2779121334460797e-06, 4.535591415333329e-06, 1.701414839772042e-05, 0.00010381916945334524, 8.094434451777488e-05, 4.9530739488545805e-05], [2.1680941699742107e-06, 6.614007816097001e-06, 1.8801229089149274e-05, 8.094434451777488e-05, 7.846701191738248e-05, 5.1123912271577865e-05], [2.4740620574448258e-06, 6.060070973035181e-06, 1.5142732991080265e-05, 4.9530739488545805e-05, 5.1123912271577865e-05, 3.675003972603008e-05]]</COVARIANCE_MATRIX>
		<ROI_SIZE>714</ROI_SIZE>
		<MAX_VALUE>[0.14958737790584564, 0.12875038385391235, 0.11017775535583496, 0.1247933954000473, 0.08090070635080338, 0.06418077647686005]</MAX_VALUE>
		<MIN_VALUE>[0.1392718106508255, 0.1138831302523613, 0.08373691886663437, 0.07063087821006775, 0.02614348568022251, 0.017131641507148743]</MIN_VALUE>
		<SIGNATURE_THRESHOLD_MD>0.0</SIGNATURE_THRESHOLD_MD>
		<SIGNATURE_THRESHOLD_ML>0.0</SIGNATURE_THRESHOLD_ML>
		<SIGNATURE_THRESHOLD_SAM>0.0</SIGNATURE_THRESHOLD_SAM>
	</signature>
	<signature ID="20210610_125036138046_896">
		<MACROCLASSID>1</MACROCLASSID>
		<MACROCLASSINFO>waterbody</MACROCLASSINFO>
		<CLASSID>15</CLASSID>
		<CLASSINFO>C 1</CLASSINFO>
		<VALUES>[0.13251914966263267, 0.0019139656717399975, 0.1143673319692491, 0.0033560291392163654, 0.07937221963754375, 0.0050534852736499325, 0.0687022857979263, 0.007917086039082543, 0.02923019813811952, 0.008557212347858997, 0.016097767675733732, 0.006305273301115932]</VALUES>
		<LCS_MIN>[0.12749238312244415, 0.10921710729598999, 0.07225482910871506, 0.058188121765851974, 0.016033751890063286, 0.009515035897493362]</LCS_MIN>
		<LCS_MAX>[0.14153620600700378, 0.1357036828994751, 0.10702133178710938, 0.10935433954000473, 0.07159151881933212, 0.049610868096351624]</LCS_MAX>
		<WAVELENGTH>[0.48, 0.56, 0.655, 0.865, 1.61, 2.2]</WAVELENGTH>
		<MEAN_VALUE>[0.13251914966263267, 0.1143673319692491, 0.07937221963754375, 0.0687022857979263, 0.02923019813811952, 0.016097767675733732]</MEAN_VALUE>
		<CHECKBOX>2</CHECKBOX>
		<SD>[0.0019139656717399975, 0.0033560291392163654, 0.0050534852736499325, 0.007917086039082543, 0.008557212347858997, 0.006305273301115932]</SD>
		<WAVELENGTH_UNIT>E-6m</WAVELENGTH_UNIT>
		<COLOR>#a72358</COLOR>
		<COVARIANCE_MATRIX>[[4.501092007558327e-06, 7.61272758609266e-06, 8.509855433658231e-06, 6.580084118468221e-06, 9.17578290682286e-06, 6.845297775726067e-06], [7.61272758609266e-06, 1.6217092706938274e-05, 1.9794866602751426e-05, 2.095607305818703e-05, 2.4855575247784145e-05, 1.8578464732854627e-05], [8.509855433658231e-06, 1.9794866602751426e-05, 2.97229053103365e-05, 3.759139872272499e-05, 4.162417826591991e-05, 3.124243812635541e-05], [6.580084118468221e-06, 2.095607305818703e-05, 3.759139872272499e-05, 6.415267125703394e-05, 6.22425286564976e-05, 4.5876597141614184e-05], [9.17578290682286e-06, 2.4855575247784145e-05, 4.162417826591991e-05, 6.22425286564976e-05, 7.911935972515494e-05, 5.735037484555505e-05], [6.845297775726067e-06, 1.8578464732854627e-05, 3.124243812635541e-05, 4.5876597141614184e-05, 5.735037484555505e-05, 4.3582593207247555e-05]]</COVARIANCE_MATRIX>
		<ROI_SIZE>2498</ROI_SIZE>
		<MAX_VALUE>[0.14153620600700378, 0.1357036828994751, 0.10702133178710938, 0.10935433954000473, 0.07159151881933212, 0.049610868096351624]</MAX_VALUE>
		<MIN_VALUE>[0.12749238312244415, 0.10921710729598999, 0.07225482910871506, 0.058188121765851974, 0.016033751890063286, 0.009515035897493362]</MIN_VALUE>
		<SIGNATURE_THRESHOLD_MD>0.0</SIGNATURE_THRESHOLD_MD>
		<SIGNATURE_THRESHOLD_ML>0.0</SIGNATURE_THRESHOLD_ML>
		<SIGNATURE_THRESHOLD_SAM>0.0</SIGNATURE_THRESHOLD_SAM>
	</signature>
	<signature ID="20210610_125103956039_954">
		<MACROCLASSID>1</MACROCLASSID>
		<MACROCLASSINFO>waterbody</MACROCLASSINFO>
		<CLASSID>16</CLASSID>
		<CLASSINFO>C 1</CLASSINFO>
		<VALUES>[0.15251308072984723, 0.0026088162765908617, 0.14324138620492877, 0.003538372677541499, 0.11741688053399298, 0.004605318716734777, 0.08557897094076708, 0.010113387775303906, 0.041082678567856246, 0.010201197596629767, 0.02506637398516179, 0.007604600713894676]</VALUES>
		<LCS_MIN>[0.14423519372940063, 0.12817856669425964, 0.10532873123884201, 0.07367293536663055, 0.02502271719276905, 0.016079500317573547]</LCS_MIN>
		<LCS_MAX>[0.1629907786846161, 0.1578902006149292, 0.13956916332244873, 0.12735514342784882, 0.08250180631875992, 0.06015516817569733]</LCS_MAX>
		<WAVELENGTH>[0.48, 0.56, 0.655, 0.865, 1.61, 2.2]</WAVELENGTH>
		<MEAN_VALUE>[0.15251308072984723, 0.14324138620492877, 0.11741688053399298, 0.08557897094076708, 0.041082678567856246, 0.02506637398516179]</MEAN_VALUE>
		<CHECKBOX>2</CHECKBOX>
		<SD>[0.0026088162765908617, 0.003538372677541499, 0.004605318716734777, 0.010113387775303906, 0.010201197596629767, 0.007604600713894676]</SD>
		<WAVELENGTH_UNIT>E-6m</WAVELENGTH_UNIT>
		<COLOR>#03a457</COLOR>
		<COVARIANCE_MATRIX>[[6.812620995333418e-06, 8.939277904573828e-06, 1.0450140507600736e-05, -2.2163558242027648e-06, 3.644655407697428e-06, 6.025935817888239e-06], [8.939277904573828e-06, 1.2532404070952907e-05, 1.3990878869662993e-05, -6.612581728404621e-06, 1.4187196484272135e-06, 5.797835456178291e-06], [1.0450140507600736e-05, 1.3990878869662993e-05, 2.122983460139949e-05, 1.004066871246323e-05, 1.7793923689168878e-05, 1.786882057785988e-05], [-2.2163558242027648e-06, -6.612581728404621e-06, 1.004066871246323e-05, 0.00010238128015771508, 9.185120143229142e-05, 6.0286223742878065e-05], [3.644655407697428e-06, 1.4187196484272135e-06, 1.7793923689168878e-05, 9.185120143229142e-05, 0.00010416685836389661, 7.485941023332998e-05], [6.025935817888239e-06, 5.797835456178291e-06, 1.786882057785988e-05, 6.0286223742878065e-05, 7.485941023332998e-05, 5.7886871218215674e-05]]</COVARIANCE_MATRIX>
		<ROI_SIZE>1017</ROI_SIZE>
		<MAX_VALUE>[0.1629907786846161, 0.1578902006149292, 0.13956916332244873, 0.12735514342784882, 0.08250180631875992, 0.06015516817569733]</MAX_VALUE>
		<MIN_VALUE>[0.14423519372940063, 0.12817856669425964, 0.10532873123884201, 0.07367293536663055, 0.02502271719276905, 0.016079500317573547]</MIN_VALUE>
		<SIGNATURE_THRESHOLD_MD>0.0</SIGNATURE_THRESHOLD_MD>
		<SIGNATURE_THRESHOLD_ML>0.0</SIGNATURE_THRESHOLD_ML>
		<SIGNATURE_THRESHOLD_SAM>0.0</SIGNATURE_THRESHOLD_SAM>
	</signature>
	<signature ID="20210610_125115711573_177">
		<MACROCLASSID>1</MACROCLASSID>
		<MACROCLASSINFO>waterbody</MACROCLASSINFO>
		<CLASSID>17</CLASSID>
		<CLASSINFO>C 1</CLASSINFO>
		<VALUES>[0.16411325798451307, 0.006169395125766942, 0.1403986137778852, 0.007391323654772285, 0.11147641212047779, 0.008039793386641533, 0.09231287128344964, 0.01395499814568721, 0.04050539934299837, 0.010037650458952125, 0.021257077357647775, 0.005691043642199798]</VALUES>
