<?xml version="1.0" ?>
<signaturelist MCID_LIST="[['1', 'waterbody', '#000000'], ['2', 'vegetation', '#000000'], ['3', 'bareland', '#000000'], ['4', 'built-up', '#000000']]">
	<signature ID="20210610_124148314756_415">
		<MACROCLASSID>1</MACROCLASSID>
		<MACROCLASSINFO>waterbody</MACROCLASSINFO>
		<CLASSID>1</CLASSID>
		<CLASSINFO>C 1</CLASSINFO>
		<VALUES>[0.14403859340065608, 0.0020548280399640957, 0.12269975183047804, 0.0026673358654784036, 0.09069228898720148, 0.0035532822089981418, 0.0800468097163354, 0.008659592284235611, 0.036503599988155465, 0.00853595277328511, 0.020978410967445484, 0.00577139127969956]</VALUES>
		<LCS_MIN>[0.13666433095932007, 0.11438633501529694, 0.08261615037918091, 0.0720260962843895, 0.028933942317962646, 0.015622047707438469]</LCS_MIN>
		<LCS_MAX>[0.1498618870973587, 0.13972927629947662, 0.11667358875274658, 0.12296358495950699, 0.08174700289964676, 0.06052113324403763]</LCS_MAX>
		<WAVELENGTH>[0.48, 0.56, 0.655, 0.865, 1.61, 2.2]</WAVELENGTH>
		<MEAN_VALUE>[0.14403859340065608, 0.12269975183047804, 0.09069228898720148, 0.0800468097163354, 0.036503599988155465, 0.020978410967445484]</MEAN_VALUE>
		<CHECKBOX>2</CHECKBOX>
		<SD>[0.0020548280399640957, 0.0026673358654784036, 0.0035532822089981418, 0.008659592284235611, 0.00853595277328511, 0.00577139127969956]</SD>
		<WAVELENGTH_UNIT>E-6m</WAVELENGTH_UNIT>
		<COLOR>#4a712d</COLOR>
		<COVARIANCE_MATRIX>[[4.22542749199157e-06, 4.7703550165240216e-06, 4.833911079363082e-06, -1.1628433171421008e-06, 7.232073609245348e-07, 1.3384306742830533e-06], [4.7703550165240216e-06, 7.119919706615829e-06, 7.887341324856163e-06, 2.073187698948328e-06, 3.1959859108237166e-06, 2.8316121536179407e-06], [4.833911079363082e-06, 7.887341324856163e-06, 1.2635111816471201e-05, 1.557726361580068e-05, 1.7490766148616334e-05, 1.2642207261082022e-05], [-1.1628433171421008e-06, 2.073187698948328e-06, 1.557726361580068e-05, 7.504375836610684e-05, 6.849075836988383e-05, 4.381983676563144e-05], [7.232073609245348e-07, 3.1959859108237166e-06, 1.7490766148616334e-05, 6.849075836988383e-05, 7.291614401119108e-05, 4.830369460690177e-05], [1.3384306742830533e-06, 2.8316121536179407e-06, 1.2642207261082022e-05, 4.381983676563144e-05, 4.830369460690177e-05, 3.333348525427836e-05]]</COVARIANCE_MATRIX>
		<ROI_SIZE>1359</ROI_SIZE>
		<MAX_VALUE>[0.1498618870973587, 0.13972927629947662, 0.11667358875274658, 0.12296358495950699, 0.08174700289964676, 0.06052113324403763]</MAX_VALUE>
		<MIN_VALUE>[0.13666433095932007, 0.11438633501529694, 0.08261615037918091, 0.0720260962843895, 0.028933942317962646, 0.015622047707438469]</MIN_VALUE>
		<SIGNATURE_THRESHOLD_MD>0</SIGNATURE_THRESHOLD_MD>
		<SIGNATURE_THRESHOLD_ML>0</SIGNATURE_THRESHOLD_ML>
		<SIGNATURE_THRESHOLD_SAM>0</SIGNATURE_THRESHOLD_SAM>
	</signature>
	<signature ID="20210610_124337541904_560">
		<MACROCLASSID>1</MACROCLASSID>
		<MACROCLASSINFO>waterbody</MACROCLASSINFO>
		<CLASSID>2</CLASSID>
		<CLASSINFO>C 1</CLASSINFO>
		<VALUES>[0.14902941086752836, 0.0016863434383397114, 0.13748000101609656, 0.0017251412688154542, 0.11055452832105479, 0.0029353651008258677, 0.08902040816504848, 0.010605704111375559, 0.040123895475302214, 0.010674298017499825, 0.023762487082488168, 0.007616905636629144]</VALUES>
		<LCS_MIN>[0.14224527776241302, 0.12971103191375732, 0.10203507542610168, 0.07975706458091736, 0.030512172728776932, 0.015919387340545654]</LCS_MIN>
		<LCS_MAX>[0.15324704349040985, 0.14233675599098206, 0.1256854385137558, 0.13259299099445343, 0.08179274201393127, 0.06171051040291786]</LCS_MAX>
		<WAVELENGTH>[0.48, 0.56, 0.655, 0.865, 1.61, 2.2]</WAVELENGTH>
		<MEAN_VALUE>[0.14902941086752836, 0.13748000101609656, 0.11055452832105479, 0.08902040816504848, 0.040123895475302214, 0.023762487082488168]</MEAN_VALUE>
		<CHECKBOX>2</CHECKBOX>
		<SD>[0.0016863434383397114, 0.0017251412688154542, 0.0029353651008258677, 0.010605704111375559, 0.010674298017499825, 0.007616905636629144]</SD>
		<WAVELENGTH_UNIT>E-6m</WAVELENGTH_UNIT>
		<COLOR>#3ea2c5</COLOR>
		<COVARIANCE_MATRIX>[[2.8502319920134977e-06, 2.0905638508175476e-06, 2.1069101245861646e-06, -6.400935837321395e-06, -3.5017044018439706e-06, -9.986912148923528e-07], [2.0905638508175476e-06, 2.982891696680807e-06, 3.381562416594575e-06, -8.511239685064612e-06, -4.559752498603417e-06, -1.3371625626846548e-06], [2.1069101245861646e-06, 3.381562416594575e-06, 8.63599553773224e-06, 3.0766059879435537e-06, 1.0781998167872588e-05, 1.0643640827954428e-05], [-6.400935837321395e-06, -8.511239685064612e-06, 3.0766059879435537e-06, 0.00011273718056296438, 0.0001019960741156796, 6.559689364037402e-05], [-3.5017044018439706e-06, -4.559752498603417e-06, 1.0781998167872588e-05, 0.0001019960741156796, 0.00011420018403921719, 7.937694991240434e-05], [-9.986912148923528e-07, -1.3371625626846548e-06, 1.0643640827954428e-05, 6.559689364037402e-05, 7.937694991240434e-05, 5.8149409225552704e-05]]</COVARIANCE_MATRIX>
		<ROI_SIZE>440</ROI_SIZE>
		<MAX_VALUE>[0.15324704349040985, 0.14233675599098206, 0.1256854385137558, 0.13259299099445343, 0.08179274201393127, 0.06171051040291786]</MAX_VALUE>
		<MIN_VALUE>[0.14224527776241302, 0.12971103191375732, 0.10203507542610168, 0.07975706458091736, 0.030512172728776932, 0.015919387340545654]</MIN_VALUE>
		<SIGNATURE_THRESHOLD_MD>0</SIGNATURE_THRESHOLD_MD>
		<SIGNATURE_THRESHOLD_ML>0</SIGNATURE_THRESHOLD_ML>
		<SIGNATURE_THRESHOLD_SAM>0</SIGNATURE_THRESHOLD_SAM>
	</signature>
	<signature ID="20210610_124733960612_889">
		<MACROCLASSID>1</MACROCLASSID>
		<MACROCLASSINFO>waterbody</MACROCLASSINFO>
		<CLASSID>3</CLASSID>
		<CLASSINFO>C 1</CLASSINFO>
		<VALUES>[0.14813724696197536, 0.0026350638114091937, 0.1409772309203046, 0.0037664920320293143, 0.10936965411588916, 0.004579742801117305, 0.07390288352664712, 0.008369420285825657, 0.03431401996193894, 0.007983128224046643, 0.021552152257402386, 0.005715346284760359]</VALUES>
		<LCS_MIN>[0.13536058366298676, 0.11580444127321243, 0.0906444787979126, 0.061687640845775604, 0.02184341661632061, 0.013494887389242649]</LCS_MIN>
		<LCS_MAX>[0.16148121654987335, 0.15791307389736176, 0.13321055471897125, 0.11397460848093033, 0.07582297176122665, 0.06072699651122093]</LCS_MAX>
		<WAVELENGTH>[0.48, 0.56, 0.655, 0.865, 1.61, 2.2]</WAVELENGTH>
		<MEAN_VALUE>[0.14813724696197536, 0.1409772309203046, 0.10936965411588916, 0.07390288352664712, 0.03431401996193894, 0.021552152257402386]</MEAN_VALUE>
		<CHECKBOX>2</CHECKBOX>
		<SD>[0.0026350638114091937, 0.0037664920320293143, 0.004579742801117305, 0.008369420285825657, 0.007983128224046643, 0.005715346284760359]</SD>
		<WAVELENGTH_UNIT>E-6m</WAVELENGTH_UNIT>
		<COLOR>#2ff938</COLOR>
		<COVARIANCE_MATRIX>[[6.9499549930437984e-06, 9.263309680344096e-06, 8.719958581324932e-06, 4.3104179499325283e-07, 1.7471033862938715e-06, 3.109762146097426e-06], [9.263309680344096e-06, 1.4199525268065284e-05, 1.4405458944885757e-05, -2.111898521386898e-06, -6.571728677938732e-07, 2.0877173773094416e-06], [8.719958581324932e-06, 1.4405458944885757e-05, 2.0993357240522334e-05, 1.0328396420261502e-05, 1.125580554218101e-05, 1.0734480250065018e-05], [4.3104179499325283e-07, -2.111898521386898e-06, 1.0328396420261502e-05, 7.011169610119583e-05, 6.044625219020498e-05, 4.039634389702608e-05], [1.7471033862938715e-06, -6.571728677938732e-07, 1.125580554218101e-05, 6.044625219020498e-05, 6.378901979243707e-05, 4.419310159295195e-05], [3.109762146097426e-06, 2.0877173773094416e-06, 1.0734480250065018e-05, 4.039634389702608e-05, 4.419310159295195e-05, 3.2695261592251385e-05]]</COVARIANCE_MATRIX>
		<ROI_SIZE>1087</ROI_SIZE>
		<MAX_VALUE>[0.16148121654987335, 0.15791307389736176, 0.13321055471897125, 0.11397460848093033, 0.07582297176122665, 0.06072699651122093]</MAX_VALUE>
		<MIN_VALUE>[0.13536058366298676, 0.11580444127321243, 0.0906444787979126, 0.061687640845775604, 0.02184341661632061, 0.013494887389242649]</MIN_VALUE>
		<SIGNATURE_THRESHOLD_MD>0</SIGNATURE_THRESHOLD_MD>
		<SIGNATURE_THRESHOLD_ML>0</SIGNATURE_THRESHOLD_ML>
		<SIGNATURE_THRESHOLD_SAM>0</SIGNATURE_THRESHOLD_SAM>
	</signature>
	<signature ID="20210610_124739245600_751">
		<MACROCLASSID>1</MACROCLASSID>
		<MACROCLASSINFO>waterbody</MACROCLASSINFO>
		<CLASSID>4</CLASSID>
		<CLASSINFO>C 1</CLASSINFO>
		<VALUES>[0.1455183167167953, 0.004223183866305129, 0.13130183756666258, 0.004835067123190921, 0.0980167286514256, 0.005695726837695771, 0.09641453944706303, 0.011801202285801704, 0.0465592389419115, 0.010327959015906945, 0.02786446419356503, 0.007308046790697266]</VALUES>
		<LCS_MIN>[0.12955091893672943, 0.10741016268730164, 0.07623467594385147, 0.07088247686624527, 0.02717275731265545, 0.013746486976742744]</LCS_MIN>
		<LCS_MAX>[0.15388746559619904, 0.14135323464870453, 0.11392886936664581, 0.13170096278190613, 0.07987143099308014, 0.05567213520407677]</LCS_MAX>
		<WAVELENGTH>[0.48, 0.56, 0.655, 0.865, 1.61, 2.2]</WAVELENGTH>
		<MEAN_VALUE>[0.1455183167167953, 0.13130183756666258, 0.0980167286514256, 0.09641453944706303, 0.0465592389419115, 0.02786446419356503]</MEAN_VALUE>
		<CHECKBOX>2</CHECKBOX>
		<SD>[0.004223183866305129, 0.004835067123190921, 0.005695726837695771, 0.011801202285801704, 0.010327959015906945, 0.007308046790697266]</SD>
		<WAVELENGTH_UNIT>E-6m</WAVELENGTH_UNIT>
		<COLOR>#88a1ba</COLOR>
		<COVARIANCE_MATRIX>[[1.785623999678483e-05, 1.9498614044765205e-05, 2.2755285208171768e-05, 1.040472439082664e-05, 8.978674751331436e-06, 1.060997551513355e-05], [1.9498614044765205e-05, 2.340534514814124e-05, 2.5539299425527213e-05, 3.7328039253828045e-06, 4.446948894062277e-06, 8.425975428681032e-06], [2.2755285208171768e-05, 2.5539299425527213e-05, 3.2479425601198136e-05, 2.3702448914379683e-05, 2.3397328267736466e-05, 2.2253764426108935e-05], [1.040472439082664e-05, 3.7328039253828045e-06, 2.3702448914379683e-05, 0.00013943202800544176, 0.00010838662746961014, 6.843111941009967e-05], [8.978674751331436e-06, 4.446948894062277e-06, 2.3397328267736466e-05, 0.00010838662746961014, 0.00010679208025145021, 7.215854833096327e-05], [1.060997551513355e-05, 8.425975428681032e-06, 2.2253764426108935e-05, 6.843111941009967e-05, 7.215854833096327e-05, 5.347030647069034e-05]]</COVARIANCE_MATRIX>
		<ROI_SIZE>852</ROI_SIZE>
		<MAX_VALUE>[0.15388746559619904, 0.14135323464870453, 0.11392886936664581, 0.13170096278190613, 0.07987143099308014, 0.05567213520407677]</MAX_VALUE>
		<MIN_VALUE>[0.12955091893672943, 0.10741016268730164, 0.07623467594385147, 0.07088247686624527, 0.02717275731265545, 0.013746486976742744]</MIN_VALUE>
		<SIGNATURE_THRESHOLD_MD>0</SIGNATURE_THRESHOLD_MD>
		<SIGNATURE_THRESHOLD_ML>0</SIGNATURE_THRESHOLD_ML>
		<SIGNATURE_THRESHOLD_SAM>0</SIGNATURE_THRESHOLD_SAM>
	</signature>
	<signature ID="20210610_124743674724_440">
		<MACROCLASSID>1</MACROCLASSID>
		<MACROCLASSINFO>waterbody</MACROCLASSINFO>
		<CLASSID>5</CLASSID>
		<CLASSINFO>C 1</CLASSINFO>
		<VALUES>[0.13306696569320234, 0.003237953368918523, 0.1159977759148693, 0.004822017492181186, 0.08489285633517805, 0.005223776471647681, 0.09047978600260291, 0.012905792789191866, 0.043804238983378416, 0.009437464182825315, 0.026356890346559362, 0.006160360589544155]</VALUES>
		<LCS_MIN>[0.12095079571008682, 0.09020988643169403, 0.064203642308712, 0.06948723644018173, 0.02317003533244133, 0.01267146784812212]</LCS_MIN>
		<LCS_MAX>[0.1497017741203308, 0.1292993128299713, 0.10441382974386215, 0.13476590812206268, 0.0886545479297638, 0.057730674743652344]</LCS_MAX>
		<WAVELENGTH>[0.48, 0.56, 0.655, 0.865, 1.61, 2.2]</WAVELENGTH>
		<MEAN_VALUE>[0.13306696569320234, 0.1159977759148693, 0.08489285633517805, 0.09047978600260291, 0.043804238983378416, 0.026356890346559362]</MEAN_VALUE>
		<CHECKBOX>2</CHECKBOX>
		<SD>[0.003237953368918523, 0.004822017492181186, 0.005223776471647681, 0.012905792789191866, 0.009437464182825315, 0.006160360589544155]</SD>
		<WAVELENGTH_UNIT>E-6m</WAVELENGTH_UNIT>
		<COLOR>#ab6951</COLOR>
		<COVARIANCE_MATRIX>[[8.451035616130299e-06, 1.153604725306252e-05, 1.2384751750881904e-05, -2.9096362504362068e-06, 6.108979096954442e-06, 9.064770107753766e-06], [1.153604725306252e-05, 1.957446903907542e-05, 2.03982023086122e-05, -1.0193900268278881e-05, 9.60242992646486e-06, 1.5054177402085552e-05], [1.2384751750881904e-05, 2.03982023086122e-05, 2.3583669795598956e-05, 2.541686971866459e-08, 1.8842036505301576e-05, 2.1233280670811213e-05], [-2.9096362504362068e-06, -1.0193900268278881e-05, 2.541686971866459e-08, 0.0001599713586412611, 9.563383479064919e-05, 3.909583606298194e-05], [6.108979096954442e-06, 9.60242992646486e-06, 1.8842036505301576e-05, 9.563383479064919e-05, 8.287529691483179e-05, 4.739107518790626e-05], [9.064770107753766e-06, 1.5054177402085552e-05, 2.1233280670811213e-05, 3.909583606298194e-05, 4.739107518790626e-05, 3.551066639676274e-05]]</COVARIANCE_MATRIX>
		<ROI_SIZE>1935</ROI_SIZE>
		<MAX_VALUE>[0.1497017741203308, 0.1292993128299713, 0.10441382974386215, 0.13476590812206268, 0.0886545479297638, 0.057730674743652344]</MAX_VALUE>
		<MIN_VALUE>[0.12095079571008682, 0.09020988643169403, 0.064203642308712, 0.06948723644018173, 0.02317003533244133, 0.01267146784812212]</MIN_VALUE>
		<SIGNATURE_THRESHOLD_MD>0</SIGNATURE_THRESHOLD_MD>
		<SIGNATURE_THRESHOLD_ML>0</SIGNATURE_THRESHOLD_ML>
		<SIGNATURE_THRESHOLD_SAM>0</SIGNATURE_THRESHOLD_SAM>
	</signature>
	<signature ID="20210610_124750577481_303">
		<MACROCLASSID>1</MACROCLASSID>
		<MACROCLASSINFO>waterbody</MACROCLASSINFO>
		<CLASSID>6</CLASSID>
		<CLASSINFO>C 1</CLASSINFO>
		<VALUES>[0.15510121544620684, 0.003317148817876832, 0.13605995283786304, 0.0035076410988071328, 0.10315963978612755, 0.004487484067609284, 0.11165874647988455, 0.015225757308302043, 0.05652823052193527, 0.012629319829153407, 0.034238615044353465, 0.008444546266122592]</VALUES>
		<LCS_MIN>[0.14297719299793243, 0.11989863961935043, 0.08851730823516846, 0.08394277840852737, 0.03202175721526146, 0.01726887747645378]</LCS_MIN>
		<LCS_MAX>[0.16966961324214935, 0.15121136605739594, 0.1233752891421318, 0.16605572402477264, 0.10393351316452026, 0.07175162434577942]</LCS_MAX>
		<WAVELENGTH>[0.48, 0.56, 0.655, 0.865, 1.61, 2.2]</WAVELENGTH>
		<MEAN_VALUE>[0.15510121544620684, 0.13605995283786304, 0.10315963978612755, 0.11165874647988455, 0.05652823052193527, 0.034238615044353465]</MEAN_VALUE>
		<CHECKBOX>2</CHECKBOX>
		<SD>[0.003317148817876832, 0.0035076410988071328, 0.004487484067609284, 0.015225757308302043, 0.012629319829153407, 0.008444546266122592]</SD>
		<WAVELENGTH_UNIT>E-6m</WAVELENGTH_UNIT>
		<COLOR>#c3eeda</COLOR>
		<COVARIANCE_MATRIX>[[1.1015688795235721e-05, 1.0962110263986238e-05, 1.291479844347573e-05, 1.890789814783168e-05, 1.0963693368814583e-05, 7.822021329560508e-06], [1.0962110263986238e-05, 1.2317201512089834e-05, 1.386058086300713e-05, 1.539511537377709e-05, 1.1197456872681642e-05, 9.010427565609593e-06], [1.291479844347573e-05, 1.386058086300713e-05, 2.015986343824257e-05, 4.3111227130183254e-05, 3.4756950342546564e-05, 2.486624799333862e-05], [1.890789814783168e-05, 1.539511537377709e-05, 4.3111227130183254e-05, 0.0002320809815997826, 0.00017171217116620187, 0.00010281694167348759], [1.0963693368814583e-05, 1.1197456872681642e-05, 3.4756950342546564e-05, 0.00017171217116620187, 0.000159676744562749, 0.00010281678128012843], [7.822021329560508e-06, 9.010427565609593e-06, 2.486624799333862e-05, 0.00010281694167348759, 0.00010281678128012843, 7.13895074360687e-05]]</COVARIANCE_MATRIX>
		<ROI_SIZE>902</ROI_SIZE>
		<MAX_VALUE>[0.16966961324214935, 0.15121136605739594, 0.1233752891421318, 0.16605572402477264, 0.10393351316452026, 0.07175162434577942]</MAX_VALUE>
		<MIN_VALUE>[0.14297719299793243, 0.11989863961935043, 0.08851730823516846, 0.08394277840852737, 0.03202175721526146, 0.01726887747645378]</MIN_VALUE>
		<SIGNATURE_THRESHOLD_MD>0</SIGNATURE_THRESHOLD_MD>
		<SIGNATURE_THRESHOLD_ML>0</SIGNATURE_THRESHOLD_ML>
		<SIGNATURE_THRESHOLD_SAM>0</SIGNATURE_THRESHOLD_SAM>
	</signature>
	<signature ID="20210610_124754205180_646">
		<MACROCLASSID>1</MACROCLASSID>
		<MACROCLASSINFO>waterbody</MACROCLASSINFO>
		<CLASSID>7</CLASSID>
		<CLASSINFO>C 1</CLASSINFO>
		<VALUES>[0.15465512443253934, 0.002424406137820403, 0.13770518435940723, 0.0032597758028903735, 0.10417278732928592, 0.0036162973374026467, 0.09867872707066098, 0.01152215231294875, 0.046824616831707355, 0.010952411078287915, 0.027595161876037638, 0.0075264779924131085]</VALUES>
		<LCS_MIN>[0.14643095433712006, 0.1262572556734085, 0.09553923457860947, 0.08227307349443436, 0.03291379287838936, 0.018069425597786903]</LCS_MIN>
		<LCS_MAX>[0.15953701734542847, 0.14501287043094635, 0.11488953232765198, 0.13792233169078827, 0.08675612509250641, 0.06173339858651161]</LCS_MAX>
		<WAVELENGTH>[0.48, 0.56, 0.655, 0.865, 1.61, 2.2]</WAVELENGTH>
		<MEAN_VALUE>[0.15465512443253934, 0.13770518435940723, 0.10417278732928592, 0.09867872707066098, 0.046824616831707355, 0.027595161876037638]</MEAN_VALUE>
		<CHECKBOX>2</CHECKBOX>
		<SD>[0.002424406137820403, 0.0032597758028903735, 0.0036162973374026467, 0.01152215231294875, 0.010952411078287915, 0.0075264779924131085]</SD>
		<WAVELENGTH_UNIT>E-6m</WAVELENGTH_UNIT>
		<COLOR>#4ef1f1</COLOR>
		<COVARIANCE_MATRIX>[[5.890385433189682e-06, 7.157542931875521e-06, 7.626410038851471e-06, -3.8139153334685554e-06, 1.550529590321848e-06, 4.363773377812501e-06], [7.157542931875521e-06, 1.064899019540016e-05, 1.0398324969418914e-05, -5.692798786223519e-06, 9.064417431003653e-07, 4.708680858159864e-06], [7.626410038851471e-06, 1.0398324969418914e-05, 1.3105730317306537e-05, 7.700608655995863e-06, 1.4688377396054144e-05, 1.4747687308749383e-05], [-3.8139153334685554e-06, -5.692798786223519e-06, 7.700608655995863e-06, 0.0001330454992860652, 0.0001183730752626567, 7.371284012129961e-05], [1.550529590321848e-06, 9.064417431003653e-07, 1.4688377396054144e-05, 0.0001183730752626567, 0.00012021327683302487, 7.925153958537744e-05], [4.363773377812501e-06, 4.708680858159864e-06, 1.4747687308749383e-05, 7.371284012129961e-05, 7.925153958537744e-05, 5.6769694348709556e-05]]</COVARIANCE_MATRIX>
		<ROI_SIZE>466</ROI_SIZE>
		<MAX_VALUE>[0.15953701734542847, 0.14501287043094635, 0.11488953232765198, 0.13792233169078827, 0.08675612509250641, 0.06173339858651161]</MAX_VALUE>
		<MIN_VALUE>[0.14643095433712006, 0.1262572556734085, 0.09553923457860947, 0.08227307349443436, 0.03291379287838936, 0.018069425597786903]</MIN_VALUE>
		<SIGNATURE_THRESHOLD_MD>0</SIGNATURE_THRESHOLD_MD>
		<SIGNATURE_THRESHOLD_ML>0</SIGNATURE_THRESHOLD_ML>
		<SIGNATURE_THRESHOLD_SAM>0</SIGNATURE_THRESHOLD_SAM>
	</signature>
	<signature ID="20210610_124801624755_246">
		<MACROCLASSID>1</MACROCLASSID>
		<MACROCLASSINFO>waterbody</MACROCLASSINFO>
		<CLASSID>8</CLASSID>
		<CLASSINFO>C 1</CLASSINFO>
		<VALUES>[0.1146204190128081, 0.0028004817043393187, 0.09490940036256407, 0.006927910072712632, 0.067672811960837, 0.008231103838627114, 0.060905920012908864, 0.011567826414387134, 0.026332649498725456, 0.010746068932280684, 0.01479518483481828, 0.006889380916851533]</VALUES>
		<LCS_MIN>[0.11033785343170166, 0.08668749779462814, 0.05946899205446243, 0.037694185972213745, 0.007639475632458925, 0.003659624606370926]</LCS_MIN>
		<LCS_MAX>[0.12756100296974182, 0.12579980492591858, 0.11020062118768692, 0.10578619688749313, 0.0720718502998352, 0.045699626207351685]</LCS_MAX>
		<WAVELENGTH>[0.48, 0.56, 0.655, 0.865, 1.61, 2.2]</WAVELENGTH>
		<MEAN_VALUE>[0.1146204190128081, 0.09490940036256407, 0.067672811960837, 0.060905920012908864, 0.026332649498725456, 0.01479518483481828]</MEAN_VALUE>
		<CHECKBOX>2</CHECKBOX>
		<SD>[0.0028004817043393187, 0.006927910072712632, 0.008231103838627114, 0.011567826414387134, 0.010746068932280684, 0.006889380916851533]</SD>
		<WAVELENGTH_UNIT>E-6m</WAVELENGTH_UNIT>
		<COLOR>#5f06bb</COLOR>
		<COVARIANCE_MATRIX>[[7.848693722651444e-06, 1.8408464698348267e-05, 2.1800987468281705e-05, 1.4931489370687296e-05, 1.031909704857804e-05, 6.971140123108227e-06], [1.8408464698348267e-05, 4.8032632117776203e-05, 5.5601642383698805e-05, 4.1007000939193095e-05, 2.995704486565434e-05, 2.006517434610245e-05], [2.1800987468281705e-05, 5.5601642383698805e-05, 6.78028678566978e-05, 5.5100479157129675e-05, 4.116850870551429e-05, 2.760122709408958e-05], [1.4931489370687296e-05, 4.1007000939193095e-05, 5.5100479157129675e-05, 0.00013391691269953483, 0.0001160516230007412, 7.301139812241243e-05], [1.031909704857804e-05, 2.995704486565434e-05, 4.116850870551429e-05, 0.0001160516230007412, 0.00011556628342813626, 7.312787511266013e-05], [6.971140123108227e-06, 2.006517434610245e-05, 2.760122709408958e-05, 7.301139812241243e-05, 7.312787511266013e-05, 4.749985655006027e-05]]</COVARIANCE_MATRIX>
		<ROI_SIZE>1309</ROI_SIZE>
		<MAX_VALUE>[0.12756100296974182, 0.12579980492591858, 0.11020062118768692, 0.10578619688749313, 0.0720718502998352, 0.045699626207351685]</MAX_VALUE>
		<MIN_VALUE>[0.11033785343170166, 0.08668749779462814, 0.05946899205446243, 0.037694185972213745, 0.007639475632458925, 0.003659624606370926]</MIN_VALUE>
		<SIGNATURE_THRESHOLD_MD>0</SIGNATURE_THRESHOLD_MD>
		<SIGNATURE_THRESHOLD_ML>0</SIGNATURE_THRESHOLD_ML>
		<SIGNATURE_THRESHOLD_SAM>0</SIGNATURE_THRESHOLD_SAM>
	</signature>
	<signature ID="20210610_124806299031_273">
		<MACROCLASSID>1</MACROCLASSID>
		<MACROCLASSINFO>waterbody</MACROCLASSINFO>
		<CLASSID>9</CLASSID>
		<CLASSINFO>C 1</CLASSINFO>
		<VALUES>[0.11060957502769796, 0.0022854479635335996, 0.09629217244423265, 0.005880789362978065, 0.06477370329626038, 0.004913539078633828, 0.05817302506776493, 0.010526475264322134, 0.023554704654471653, 0.008771628268126835, 0.01300628071757065, 0.005652994477018015]</VALUES>
		<LCS_MIN>[0.09714031964540482, 0.06733720004558563, 0.044441644102334976, 0.04698050022125244, 0.016559822484850883, 0.009423548355698586]</LCS_MIN>
		<LCS_MAX>[0.11969279497861862, 0.11779435724020004, 0.09826108813285828, 0.1006627082824707, 0.06953297555446625, 0.04437301680445671]</LCS_MAX>
		<WAVELENGTH>[0.48, 0.56, 0.655, 0.865, 1.61, 2.2]</WAVELENGTH>
		<MEAN_VALUE>[0.11060957502769796, 0.09629217244423265, 0.06477370329626038, 0.05817302506776493, 0.023554704654471653, 0.01300628071757065]</MEAN_VALUE>
		<CHECKBOX>2</CHECKBOX>
		<SD>[0.0022854479635335996, 0.005880789362978065, 0.004913539078633828, 0.010526475264322134, 0.008771628268126835, 0.005652994477018015]</SD>
		<WAVELENGTH_UNIT>E-6m</WAVELENGTH_UNIT>
		<COLOR>#522aa3</COLOR>
		<COVARIANCE_MATRIX>[[5.234752113567079e-06, 1.279713292591967e-05, 8.416725899308977e-06, -5.259751945518579e-06, 9.590382544906958e-07, 1.8240911935314966e-06], [1.279713292591967e-05, 3.4659691627390357e-05, 2.2268974982386202e-05, -1.6295316394729524e-05, 3.445108062578266e-06, 5.290290933343905e-06], [8.416725899308977e-06, 2.2268974982386202e-05, 2.4195927521827194e-05, 1.5786847449121136e-05, 2.1150186629211955e-05, 1.5279022785198964e-05], [-5.259751945518579e-06, -1.6295316394729524e-05, 1.5786847449121136e-05, 0.00011105021265849645, 7.601044102945521e-05, 4.604355118070597e-05], [9.590382544906958e-07, 3.445108062578266e-06, 2.1150186629211955e-05, 7.601044102945521e-05, 7.711056458952965e-05, 4.871163693275869e-05], [1.8240911935314966e-06, 5.290290933343905e-06, 1.5279022785198964e-05, 4.604355118070597e-05, 4.871163693275869e-05, 3.202658028589332e-05]]</COVARIANCE_MATRIX>
		<ROI_SIZE>456</ROI_SIZE>
		<MAX_VALUE>[0.11969279497861862, 0.11779435724020004, 0.09826108813285828, 0.1006627082824707, 0.06953297555446625, 0.04437301680445671]</MAX_VALUE>
		<MIN_VALUE>[0.09714031964540482, 0.06733720004558563, 0.044441644102334976, 0.04698050022125244, 0.016559822484850883, 0.009423548355698586]</MIN_VALUE>
		<SIGNATURE_THRESHOLD_MD>0</SIGNATURE_THRESHOLD_MD>
		<SIGNATURE_THRESHOLD_ML>0</SIGNATURE_THRESHOLD_ML>
		<SIGNATURE_THRESHOLD_SAM>0</SIGNATURE_THRESHOLD_SAM>
	</signature>
	<signature ID="20210610_124817272940_656">
		<MACROCLASSID>1</MACROCLASSID>
		<MACROCLASSINFO>waterbody</MACROCLASSINFO>
		<CLASSID>10</CLASSID>
		<CLASSINFO>C 1</CLASSINFO>
		<VALUES>[0.10089776634415833, 0.0010875159230156358, 0.08277345309602868, 0.0018417089625817422, 0.05381411049079421, 0.0024279692946039227, 0.04539955444438916, 0.009447049039461995, 0.019749626824486003, 0.008663168352174278, 0.011182346572225043, 0.005067093623408907]</VALUES>
		<LCS_MIN>[0.09835256636142731, 0.07625754922628403, 0.05034278333187103, 0.03705374896526337, 0.01047568954527378, 0.006541586481034756]</LCS_MIN>
		<LCS_MAX>[0.1061750277876854, 0.09240566194057465, 0.07053937762975693, 0.0865502655506134, 0.06317437440156937, 0.04117083549499512]</LCS_MAX>
		<WAVELENGTH>[0.48, 0.56, 0.655, 0.865, 1.61, 2.2]</WAVELENGTH>
		<MEAN_VALUE>[0.10089776634415833, 0.08277345309602868, 0.05381411049079421, 0.04539955444438916, 0.019749626824486003, 0.011182346572225043]</MEAN_VALUE>
		<CHECKBOX>2</CHECKBOX>
		<SD>[0.0010875159230156358, 0.0018417089625817422, 0.0024279692946039227, 0.009447049039461995, 0.008663168352174278, 0.005067093623408907]</SD>
		<WAVELENGTH_UNIT>E-6m</WAVELENGTH_UNIT>
		<COLOR>#602fca</COLOR>
		<COVARIANCE_MATRIX>[[1.1837238006141018e-06, 1.6224444739863582e-06, 2.0382810486540482e-06, 4.522765751656968e-06, 4.048474533489211e-06, 2.7012511731596357e-06], [1.6224444739863582e-06, 3.3948542538607996e-06, 3.943578145420608e-06, 1.0011227698133299e-05, 8.836599722668275e-06, 5.604105357900781e-06], [2.0382810486540482e-06, 3.943578145420608e-06, 5.900183397631644e-06, 1.655968094499223e-05, 1.5478313621167407e-05, 9.639426587063791e-06], [4.522765751656968e-06, 1.0011227698133299e-05, 1.655968094499223e-05, 8.932468030120818e-05, 7.634072249688349e-05, 4.386377048486787e-05], [4.048474533489211e-06, 8.836599722668275e-06, 1.5478313621167407e-05, 7.634072249688349e-05, 7.511603217400764e-05, 4.336587748293661e-05], [2.7012511731596357e-06, 5.604105357900781e-06, 9.639426587063791e-06, 4.386377048486787e-05, 4.336587748293661e-05, 2.5697861751525212e-05]]</COVARIANCE_MATRIX>
		<ROI_SIZE>1146</ROI_SIZE>
		<MAX_VALUE>[0.1061750277876854, 0.09240566194057465, 0.07053937762975693, 0.0865502655506134, 0.06317437440156937, 0.04117083549499512]</MAX_VALUE>
		<MIN_VALUE>[0.09835256636142731, 0.07625754922628403, 0.05034278333187103, 0.03705374896526337, 0.01047568954527378, 0.006541586481034756]</MIN_VALUE>
		<SIGNATURE_THRESHOLD_MD>0</SIGNATURE_THRESHOLD_MD>
		<SIGNATURE_THRESHOLD_ML>0</SIGNATURE_THRESHOLD_ML>
		<SIGNATURE_THRESHOLD_SAM>0</SIGNATURE_THRESHOLD_SAM>
	</signature>
	<signature ID="20210610_124923457370_502">
		<MACROCLASSID>1</MACROCLASSID>
		<MACROCLASSINFO>waterbody</MACROCLASSINFO>
		<CLASSID>12</CLASSID>
		<CLASSINFO>C 1</CLASSINFO>
		<VALUES>[0.1471717681511339, 0.004737256961872479, 0.1385237414793798, 0.007200592583063874, 0.10691919290875816, 0.008891707876727621, 0.08889832243502861, 0.01033040731657741, 0.044655977333166494, 0.009018651015015861, 0.027741374142737273, 0.005746985549506487]</VALUES>
		<LCS_MIN>[0.13325630128383636, 0.11973853409290314, 0.09167375415563583, 0.07929962128400803, 0.03465212881565094, 0.020173707976937294]</LCS_MIN>
		<LCS_MAX>[0.1547566056251526, 0.15205764770507812, 0.12435882538557053, 0.13366800546646118, 0.0877625122666359, 0.056953005492687225]</LCS_MAX>
		<WAVELENGTH>[0.48, 0.56, 0.655, 0.865, 1.61, 2.2]</WAVELENGTH>
		<MEAN_VALUE>[0.1471717681511339, 0.1385237414793798, 0.10691919290875816, 0.08889832243502861, 0.044655977333166494, 0.027741374142737273]</MEAN_VALUE>
		<CHECKBOX>2</CHECKBOX>
		<SD>[0.004737256961872479, 0.007200592583063874, 0.008891707876727621, 0.01033040731657741, 0.009018651015015861, 0.005746985549506487]</SD>
		<WAVELENGTH_UNIT>E-6m</WAVELENGTH_UNIT>
		<COLOR>#10f853</COLOR>
		<COVARIANCE_MATRIX>[[1.6823563643165437e-05, 2.5207614817683158e-05, 2.83666300321848e-05, -8.799108495715855e-06, -5.102675155897513e-06, 1.4720115544007473e-07], [2.5207614817683158e-05, 3.976420866989431e-05, 4.5055720653599466e-05, -1.5101617170076956e-05, -9.007057350149857e-06, -1.3540455114121085e-07], [2.83666300321848e-05, 4.5055720653599466e-05, 5.6252302462221335e-05, -2.5943145669288457e-06, 3.7624304866864232e-06, 9.15281774555792e-06], [-8.799108495715855e-06, -1.5101617170076956e-05, -2.5943145669288457e-06, 0.00010963662976398664, 9.192172544201084e-05, 5.3934526650663816e-05], [-5.102675155897513e-06, -9.007057350149857e-06, 3.7624304866864232e-06, 9.192172544201084e-05, 8.7519937694781e-05, 5.355683676983816e-05], [1.4720115544007473e-07, -1.3540455114121085e-07, 9.15281774555792e-06, 5.3934526650663816e-05, 5.355683676983816e-05, 3.5654157173993826e-05]]</COVARIANCE_MATRIX>
		<ROI_SIZE>724</ROI_SIZE>
		<MAX_VALUE>[0.1547566056251526, 0.15205764770507812, 0.12435882538557053, 0.13366800546646118, 0.0877625122666359, 0.056953005492687225]</MAX_VALUE>
		<MIN_VALUE>[0.13325630128383636, 0.11973853409290314, 0.09167375415563583, 0.07929962128400803, 0.03465212881565094, 0.020173707976937294]</MIN_VALUE>
		<SIGNATURE_THRESHOLD_MD>0</SIGNATURE_THRESHOLD_MD>
		<SIGNATURE_THRESHOLD_ML>0</SIGNATURE_THRESHOLD_ML>
		<SIGNATURE_THRESHOLD_SAM>0</SIGNATURE_THRESHOLD_SAM>
	</signature>
	<signature ID="20210610_125022361962_795">
		<MACROCLASSID>1</MACROCLASSID>
		<MACROCLASSINFO>waterbody</MACROCLASSINFO>
		<CLASSID>13</CLASSID>
		<CLASSINFO>C 1</CLASSINFO>
		<VALUES>[0.1494176886371663, 0.002193171601228188, 0.14094148160101078, 0.003958516376525797, 0.11532967089264252, 0.003911474874389612, 0.09542507228550612, 0.014453793224286056, 0.050232136081736316, 0.014054573812773861, 0.031322024430374816, 0.009626001329310787]</VALUES>
		<LCS_MIN>[0.13309620320796967, 0.10862240940332413, 0.08732793480157852, 0.07355856895446777, 0.03177015855908394, 0.019670506939291954]</LCS_MIN>
		<LCS_MAX>[0.1544364094734192, 0.14899270236492157, 0.1303514540195465, 0.14444106817245483, 0.0961567834019661, 0.07429049909114838]</LCS_MAX>
		<WAVELENGTH>[0.48, 0.56, 0.655, 0.865, 1.61, 2.2]</WAVELENGTH>
		<MEAN_VALUE>[0.1494176886371663, 0.14094148160101078, 0.11532967089264252, 0.09542507228550612, 0.050232136081736316, 0.031322024430374816]</MEAN_VALUE>
		<CHECKBOX>2</CHECKBOX>
		<SD>[0.002193171601228188, 0.003958516376525797, 0.003911474874389612, 0.014453793224286056, 0.014054573812773861, 0.009626001329310787]</SD>
		<WAVELENGTH_UNIT>E-6m</WAVELENGTH_UNIT>
		<COLOR>#acf95e</COLOR>
		<COVARIANCE_MATRIX>[[5.349687145683984e-06, 8.793844898430726e-06, 7.908467201418604e-06, -1.3437373563282018e-05, -9.988975755995839e-06, -4.193389021148577e-06], [8.793844898430726e-06, 1.6411509590499473e-05, 1.2939423073264469e-05, -2.6869971835967864e-05, -2.0582738313752878e-05, -9.716448419499935e-06], [7.908467201418604e-06, 1.2939423073264469e-05, 1.5427370028602875e-05, -6.101120720957375e-06, 1.6435426029533065e-06, 6.469722115744245e-06], [-1.3437373563282018e-05, -2.6869971835967864e-05, -6.101120720957375e-06, 0.00020553032378098097, 0.0001704774314432609, 0.0001026414403328955], [-9.988975755995839e-06, -2.0582738313752878e-05, 1.6435426029533065e-06, 0.0001704774314432609, 0.0001809174838847993, 0.00011758716426152311], [-4.193389021148577e-06, -9.716448419499935e-06, 6.469722115744245e-06, 0.0001026414403328955, 0.00011758716426152311, 8.287025153443403e-05]]</COVARIANCE_MATRIX>
		<ROI_SIZE>855</ROI_SIZE>
		<MAX_VALUE>[0.1544364094734192, 0.14899270236492157, 0.1303514540195465, 0.14444106817245483, 0.0961567834019661, 0.07429049909114838]</MAX_VALUE>
		<MIN_VALUE>[0.13309620320796967, 0.10862240940332413, 0.08732793480157852, 0.07355856895446777, 0.03177015855908394, 0.019670506939291954]</MIN_VALUE>
		<SIGNATURE_THRESHOLD_MD>0</SIGNATURE_THRESHOLD_MD>
		<SIGNATURE_THRESHOLD_ML>0</SIGNATURE_THRESHOLD_ML>
		<SIGNATURE_THRESHOLD_SAM>0</SIGNATURE_THRESHOLD_SAM>
	</signature>
	<signature ID="20210610_125031602545_805">
		<MACROCLASSID>1</MACROCLASSID>
		<MACROCLASSINFO>waterbody</MACROCLASSINFO>
		<CLASSID>14</CLASSID>
		<CLASSINFO>C 1</CLASSINFO>
		<VALUES>[0.14456927882773546, 0.001693584472683193, 0.12048507108240902, 0.002319422425584842, 0.08945038402322632, 0.003357017925736593, 0.08010035473592475, 0.010182031354108877, 0.035961088768783046, 0.008851955571322826, 0.021305587596627817, 0.006057934288644169]</VALUES>
		<LCS_MIN>[0.1392718106508255, 0.1138831302523613, 0.08373691886663437, 0.07063087821006775, 0.02614348568022251, 0.017131641507148743]</LCS_MIN>
		<LCS_MAX>[0.14958737790584564, 0.12875038385391235, 0.11017775535583496, 0.1247933954000473, 0.08090070635080338, 0.06418077647686005]</LCS_MAX>
		<WAVELENGTH>[0.48, 0.56, 0.655, 0.865, 1.61, 2.2]</WAVELENGTH>
		<MEAN_VALUE>[0.14456927882773546, 0.12048507108240902, 0.08945038402322632, 0.08010035473592475, 0.035961088768783046, 0.021305587596627817]</MEAN_VALUE>
		<CHECKBOX>2</CHECKBOX>
		<SD>[0.001693584472683193, 0.002319422425584842, 0.003357017925736593, 0.010182031354108877, 0.008851955571322826, 0.006057934288644169]</SD>
		<WAVELENGTH_UNIT>E-6m</WAVELENGTH_UNIT>
		<COLOR>#54c8e5</COLOR>
		<COVARIANCE_MATRIX>[[2.8722511267952843e-06, 3.3428882025272695e-06, 4.287097480367843e-06, 1.277912095709108e-06, 2.1680941012088298e-06, 2.47406209321252e-06], [3.3428882025272695e-06, 5.387265578191302e-06, 6.881418555723993e-06, 4.535591621187957e-06, 6.614007817192733e-06, 6.060070788114753e-06], [4.287097480367843e-06, 6.881418555723993e-06, 1.128537520133773e-05, 1.701414850048765e-05, 1.8801228770558105e-05, 1.5142733406973402e-05], [1.277912095709108e-06, 4.535591621187957e-06, 1.701414850048765e-05, 0.00010381916749254435, 8.094434735390153e-05, 4.9530741273461736e-05], [2.1680941012088298e-06, 6.614007817192733e-06, 1.8801228770558105e-05, 8.094434735390153e-05, 7.846701521708922e-05, 5.1123912186388976e-05], [2.47406209321252e-06, 6.060070788114753e-06, 1.5142733406973402e-05, 4.9530741273461736e-05, 5.1123912186388976e-05, 3.675003848767036e-05]]</COVARIANCE_MATRIX>
		<ROI_SIZE>714</ROI_SIZE>
		<MAX_VALUE>[0.14958737790584564, 0.12875038385391235, 0.11017775535583496, 0.1247933954000473, 0.08090070635080338, 0.06418077647686005]</MAX_VALUE>
		<MIN_VALUE>[0.1392718106508255, 0.1138831302523613, 0.08373691886663437, 0.07063087821006775, 0.02614348568022251, 0.017131641507148743]</MIN_VALUE>
		<SIGNATURE_THRESHOLD_MD>0</SIGNATURE_THRESHOLD_MD>
		<SIGNATURE_THRESHOLD_ML>0</SIGNATURE_THRESHOLD_ML>
		<SIGNATURE_THRESHOLD_SAM>0</SIGNATURE_THRESHOLD_SAM>
	</signature>
	<signature ID="20210610_125036138046_896">
		<MACROCLASSID>1</MACROCLASSID>
		<MACROCLASSINFO>waterbody</MACROCLASSINFO>
		<CLASSID>15</CLASSID>
		<CLASSINFO>C 1</CLASSINFO>
		<VALUES>[0.13251914966263267, 0.0019139656717399975, 0.1143673319692491, 0.0033560291392163654, 0.07937221963754375, 0.0050534852736499325, 0.0687022857979263, 0.007917086039082543, 0.02923019813811952, 0.008557212347858997, 0.016097767675733732, 0.006305273301115932]</VALUES>
		<LCS_MIN>[0.12749238312244415, 0.10921710729598999, 0.07225482910871506, 0.058188121765851974, 0.016033751890063286, 0.009515035897493362]</LCS_MIN>
		<LCS_MAX>[0.14153620600700378, 0.1357036828994751, 0.10702133178710938, 0.10935433954000473, 0.07159151881933212, 0.049610868096351624]</LCS_MAX>
		<WAVELENGTH>[0.48, 0.56, 0.655, 0.865, 1.61, 2.2]</WAVELENGTH>
		<MEAN_VALUE>[0.13251914966263267, 0.1143673319692491, 0.07937221963754375, 0.0687022857979263, 0.02923019813811952, 0.016097767675733732]</MEAN_VALUE>
		<CHECKBOX>2</CHECKBOX>
		<SD>[0.0019139656717399975, 0.0033560291392163654, 0.0050534852736499325, 0.007917086039082543, 0.008557212347858997, 0.006305273301115932]</SD>
		<WAVELENGTH_UNIT>E-6m</WAVELENGTH_UNIT>
		<COLOR>#a72358</COLOR>
		<COVARIANCE_MATRIX>[[4.5010918355683855e-06, 7.612727514613216e-06, 8.509855745373906e-06, 6.5800839790601685e-06, 9.175783038137331e-06, 6.8452977677875335e-06], [7.612727514613216e-06, 1.621709324629638e-05, 1.9794866601694007e-05, 2.0956073720308918e-05, 2.4855574602525996e-05, 1.857846563722201e-05], [8.509855745373906e-06, 1.9794866601694007e-05, 2.9722904963300434e-05, 3.759139840773366e-05, 4.162417836734986e-05, 3.124243861398482e-05], [6.5800839790601685e-06, 2.0956073720308918e-05, 3.759139840773366e-05, 6.415267037858007e-05, 6.224252939755015e-05, 4.587659706401807e-05], [9.175783038137331e-06, 2.4855574602525996e-05, 4.162417836734986e-05, 6.224252939755015e-05, 7.911935653085777e-05, 5.7350373082985876e-05], [6.8452977677875335e-06, 1.857846563722201e-05, 3.124243861398482e-05, 4.587659706401807e-05, 5.7350373082985876e-05, 4.3582593020905714e-05]]</COVARIANCE_MATRIX>
		<ROI_SIZE>2498</ROI_SIZE>
		<MAX_VALUE>[0.14153620600700378, 0.1357036828994751, 0.10702133178710938, 0.10935433954000473, 0.07159151881933212, 0.049610868096351624]</MAX_VALUE>
		<MIN_VALUE>[0.12749238312244415, 0.10921710729598999, 0.07225482910871506, 0.058188121765851974, 0.016033751890063286, 0.009515035897493362]</MIN_VALUE>
		<SIGNATURE_THRESHOLD_MD>0</SIGNATURE_THRESHOLD_MD>
		<SIGNATURE_THRESHOLD_ML>0</SIGNATURE_THRESHOLD_ML>
		<SIGNATURE_THRESHOLD_SAM>0</SIGNATURE_THRESHOLD_SAM>
	</signature>
	<signature ID="20210610_125103956039_954">
		<MACROCLASSID>1</MACROCLASSID>
		<MACROCLASSINFO>waterbody</MACROCLASSINFO>
		<CLASSID>16</CLASSID>
		<CLASSINFO>C 1</CLASSINFO>
		<VALUES>[0.15251308072984723, 0.0026088162765908617, 0.14324138620492877, 0.003538372677541499, 0.11741688053399298, 0.004605318716734777, 0.08557897094076708, 0.010113387775303906, 0.041082678567856246, 0.010201197596629767, 0.02506637398516179, 0.007604600713894676]</VALUES>
		<LCS_MIN>[0.14423519372940063, 0.12817856669425964, 0.10532873123884201, 0.07367293536663055, 0.02502271719276905, 0.016079500317573547]</LCS_MIN>
		<LCS_MAX>[0.1629907786846161, 0.1578902006149292, 0.13956916332244873, 0.12735514342784882, 0.08250180631875992, 0.06015516817569733]</LCS_MAX>
		<WAVELENGTH>[0.48, 0.56, 0.655, 0.865, 1.61, 2.2]</WAVELENGTH>
		<MEAN_VALUE>[0.15251308072984723, 0.14324138620492877, 0.11741688053399298, 0.08557897094076708, 0.041082678567856246, 0.02506637398516179]</MEAN_VALUE>
		<CHECKBOX>2</CHECKBOX>
		<SD>[0.0026088162765908617, 0.003538372677541499, 0.004605318716734777, 0.010113387775303906, 0.010201197596629767, 0.007604600713894676]</SD>
		<WAVELENGTH_UNIT>E-6m</WAVELENGTH_UNIT>
		<COLOR>#03a457</COLOR>
		<COVARIANCE_MATRIX>[[6.812621107490742e-06, 8.939277767112105e-06, 1.0450140449779612e-05, -2.2163559204750193e-06, 3.6446553935629443e-06, 6.025935867071628e-06], [8.939277767112105e-06, 1.2532404119743953e-05, 1.3990878832329916e-05, -6.6125817063981406e-06, 1.4187196876774729e-06, 5.79783526736152e-06], [1.0450140449779612e-05, 1.3990878832329916e-05, 2.1229835443812488e-05, 1.0040668386147699e-05, 1.7793922938862394e-05, 1.7868820630614215e-05], [-2.2163559204750193e-06, -6.6125817063981406e-06, 1.0040668386147699e-05, 0.00010238128218765625, 9.185120144275309e-05, 6.028622272679708e-05], [3.6446553935629443e-06, 1.4187196876774729e-06, 1.7793922938862394e-05, 9.185120144275309e-05, 0.00010416685802793143, 7.485941354604125e-05], [6.025935867071628e-06, 5.79783526736152e-06, 1.7868820630614215e-05, 6.028622272679708e-05, 7.485941354604125e-05, 5.788687126187949e-05]]</COVARIANCE_MATRIX>
		<ROI_SIZE>1017</ROI_SIZE>
		<MAX_VALUE>[0.1629907786846161, 0.1578902006149292, 0.13956916332244873, 0.12735514342784882, 0.08250180631875992, 0.06015516817569733]</MAX_VALUE>
		<MIN_VALUE>[0.14423519372940063, 0.12817856669425964, 0.10532873123884201, 0.07367293536663055, 0.02502271719276905, 0.016079500317573547]</MIN_VALUE>
		<SIGNATURE_THRESHOLD_MD>0</SIGNATURE_THRESHOLD_MD>
		<SIGNATURE_THRESHOLD_ML>0</SIGNATURE_THRESHOLD_ML>
		<SIGNATURE_THRESHOLD_SAM>0</SIGNATURE_THRESHOLD_SAM>
	</signature>
	<signature ID="20210610_125115711573_177">
		<MACROCLASSID>1</MACROCLASSID>
		<MACROCLASSINFO>waterbody</MACROCLASSINFO>
		<CLASSID>17</CLASSID>
		<CLASSINFO>C 1</CLASSINFO>
		<VALUES>[0.16411325798451307, 0.006169395125766942, 0.1403986137778852, 0.007391323654772285, 0.11147641212047779, 0.008039793386641533, 0.09231287128344964, 0.01395499814568721, 0.04050539934299837, 0.010037650458952125, 0.021257077357647775, 0.005691043642199798]</VALUES>
		<LCS_MIN>[0.15429918467998505, 0.1278354674577713, 0.097048819065094, 0.07127130776643753, 0.027561591938138008, 0.014364045113325119]</LCS_MIN>
