<?xml version="1.0" ?>
<signaturelist MCID_LIST="[['1', 'waterbody', '#0000ff'], ['2', 'vegetation', '#00ff00'], ['3', 'bareland', '#ffaa00'], ['4', 'built-up', '#ff0000']]">
	<signature ID="20210204_171312708954_516">
		<MACROCLASSID>1</MACROCLASSID>
		<MACROCLASSINFO>waterbody</MACROCLASSINFO>
		<CLASSID>1</CLASSID>
		<CLASSINFO>C 1</CLASSINFO>
		<VALUES>[0.11510991368075492, 0.0020450643975866638, 0.11534278210200055, 0.0028243949201464816, 0.12042544173522732, 0.0032402891450640935, 0.08752004235563145, 0.007618156698768992, 0.03292523599951201, 0.010822464065092316, 0.02513527790163184, 0.008337977917164945]</VALUES>
		<LCS_MIN>[0.11035793274641037, 0.10848072916269302, 0.11345653235912323, 0.07699126750230789, 0.016878336668014526, 0.011351482011377811]</LCS_MIN>
		<LCS_MAX>[0.12090136855840683, 0.12281031161546707, 0.12933224439620972, 0.106760673224926, 0.05734052136540413, 0.044992558658123016]</LCS_MAX>
		<WAVELENGTH>[0.485, 0.56, 0.66, 0.83, 1.65, 2.215]</WAVELENGTH>
		<MEAN_VALUE>[0.11510991368075492, 0.11534278210200055, 0.12042544173522732, 0.08752004235563145, 0.03292523599951201, 0.02513527790163184]</MEAN_VALUE>
		<CHECKBOX>2</CHECKBOX>
		<SD>[0.0020450643975866638, 0.0028243949201464816, 0.0032402891450640935, 0.007618156698768992, 0.010822464065092316, 0.008337977917164945]</SD>
		<WAVELENGTH_UNIT>E-6m</WAVELENGTH_UNIT>
		<COLOR>#ce2528</COLOR>
		<COVARIANCE_MATRIX>[[4.242035174684133e-06, 1.1893556575159892e-06, -2.6170911837652966e-07, 5.239081474428531e-06, 5.933482498221565e-06, 6.40272219243343e-06], [1.1893556575159892e-06, 8.091166819212958e-06, 3.49400670529576e-06, -1.716306741172957e-08, 1.919381929837982e-06, 4.858537977270316e-06], [-2.6170911837652966e-07, 3.49400670529576e-06, 1.0649466275935993e-05, -2.7805617719423026e-06, -7.25151039659977e-06, -1.0192276249654242e-06], [5.239081474428531e-06, -1.716306741172957e-08, -2.7805617719423026e-06, 5.8865400205831975e-05, 6.984110223129392e-05, 5.121660797158256e-05], [5.933482498221565e-06, 1.919381929837982e-06, -7.25151039659977e-06, 6.984110223129392e-05, 0.00011879895464517176, 7.775747508276254e-05], [6.40272219243343e-06, 4.858537977270316e-06, -1.0192276249654242e-06, 5.121660797158256e-05, 7.775747508276254e-05, 7.051504508126527e-05]]</COVARIANCE_MATRIX>
		<ROI_SIZE>71</ROI_SIZE>
		<MAX_VALUE>[0.12090136855840683, 0.12281031161546707, 0.12933224439620972, 0.106760673224926, 0.05734052136540413, 0.044992558658123016]</MAX_VALUE>
		<MIN_VALUE>[0.11035793274641037, 0.10848072916269302, 0.11345653235912323, 0.07699126750230789, 0.016878336668014526, 0.011351482011377811]</MIN_VALUE>
		<SIGNATURE_THRESHOLD_MD>0.0</SIGNATURE_THRESHOLD_MD>
		<SIGNATURE_THRESHOLD_ML>0.0</SIGNATURE_THRESHOLD_ML>
		<SIGNATURE_THRESHOLD_SAM>0.0</SIGNATURE_THRESHOLD_SAM>
	</signature>
	<signature ID="20210204_171320496588_251">
		<MACROCLASSID>1</MACROCLASSID>
		<MACROCLASSINFO>waterbody</MACROCLASSINFO>
		<CLASSID>2</CLASSID>
		<CLASSINFO>C 1</CLASSINFO>
		<VALUES>[0.11508784376912651, 0.0032927382928023994, 0.11465837069683606, 0.0038429173210039846, 0.1207769964304235, 0.004895601896279791, 0.08878877460956572, 0.009948216102258737, 0.03904971966726912, 0.014260628644516136, 0.030958454166021603, 0.013188832291389589]</VALUES>
		<LCS_MIN>[0.10904000699520111, 0.1056148111820221, 0.11081059277057648, 0.07368355989456177, 0.019007926806807518, 0.00829320028424263]</LCS_MIN>
		<LCS_MAX>[0.1248551681637764, 0.12854212522506714, 0.13462413847446442, 0.11337609589099884, 0.07224764674901962, 0.06640052050352097]</LCS_MAX>
		<WAVELENGTH>[0.485, 0.56, 0.66, 0.83, 1.65, 2.215]</WAVELENGTH>
		<MEAN_VALUE>[0.11508784376912651, 0.11465837069683606, 0.1207769964304235, 0.08878877460956572, 0.03904971966726912, 0.030958454166021603]</MEAN_VALUE>
		<CHECKBOX>2</CHECKBOX>
		<SD>[0.0032927382928023994, 0.0038429173210039846, 0.004895601896279791, 0.009948216102258737, 0.014260628644516136, 0.013188832291389589]</SD>
		<WAVELENGTH_UNIT>E-6m</WAVELENGTH_UNIT>
		<COLOR>#fc8145</COLOR>
		<COVARIANCE_MATRIX>[[1.0963946806441527e-05, 1.0217422641289886e-05, 1.176887599285692e-05, 1.5770314348628744e-05, 2.160836993425619e-05, 2.6366929887444712e-05], [1.0217422641289886e-05, 1.4933946658857167e-05, 1.587047336215619e-05, 1.5877469195402227e-05, 2.189234146499075e-05, 2.848494659701828e-05], [1.176887599285692e-05, 1.587047336215619e-05, 2.423620935587678e-05, 1.4839146388112567e-05, 2.131302244379185e-05, 3.2880434446269646e-05], [1.5770314348628744e-05, 1.5877469195402227e-05, 1.4839146388112567e-05, 0.0001000789925456047, 0.0001258460251847282, 0.00011082411947427318], [2.160836993425619e-05, 2.189234146499075e-05, 2.131302244379185e-05, 0.0001258460251847282, 0.00020565053273458034, 0.00017319784092251211], [2.6366929887444712e-05, 2.848494659701828e-05, 3.2880434446269646e-05, 0.00011082411947427318, 0.00017319784092251211, 0.00017589973867870867]]</COVARIANCE_MATRIX>
		<ROI_SIZE>90</ROI_SIZE>
		<MAX_VALUE>[0.1248551681637764, 0.12854212522506714, 0.13462413847446442, 0.11337609589099884, 0.07224764674901962, 0.06640052050352097]</MAX_VALUE>
		<MIN_VALUE>[0.10904000699520111, 0.1056148111820221, 0.11081059277057648, 0.07368355989456177, 0.019007926806807518, 0.00829320028424263]</MIN_VALUE>
		<SIGNATURE_THRESHOLD_MD>0.0</SIGNATURE_THRESHOLD_MD>
		<SIGNATURE_THRESHOLD_ML>0.0</SIGNATURE_THRESHOLD_ML>
		<SIGNATURE_THRESHOLD_SAM>0.0</SIGNATURE_THRESHOLD_SAM>
	</signature>
	<signature ID="20210204_171325105121_631">
		<MACROCLASSID>1</MACROCLASSID>
		<MACROCLASSINFO>waterbody</MACROCLASSINFO>
		<CLASSID>3</CLASSID>
		<CLASSINFO>C 1</CLASSINFO>
		<VALUES>[0.1143193047108321, 0.0020353468402468863, 0.1194832073631643, 0.002252585588058407, 0.0989342276221034, 0.004118072170444813, 0.05589035579442291, 0.0069806218573590035, 0.026228944160814945, 0.008514413927093723, 0.01825897543337839, 0.008082681285215682]</VALUES>
		<LCS_MIN>[0.10904000699520111, 0.11421256512403488, 0.09493489563465118, 0.047221872955560684, 0.016878336668014526, 0.00829320028424263]</LCS_MIN>
		<LCS_MAX>[0.11958344280719757, 0.1256762146949768, 0.11610248684883118, 0.08691440522670746, 0.061599694192409515, 0.04805083945393562]</LCS_MAX>
		<WAVELENGTH>[0.485, 0.56, 0.66, 0.83, 1.65, 2.215]</WAVELENGTH>
		<MEAN_VALUE>[0.1143193047108321, 0.1194832073631643, 0.0989342276221034, 0.05589035579442291, 0.026228944160814945, 0.01825897543337839]</MEAN_VALUE>
		<CHECKBOX>2</CHECKBOX>
		<SD>[0.0020353468402468863, 0.002252585588058407, 0.004118072170444813, 0.0069806218573590035, 0.008514413927093723, 0.008082681285215682]</SD>
		<WAVELENGTH_UNIT>E-6m</WAVELENGTH_UNIT>
		<COLOR>#9bddf2</COLOR>
		<COVARIANCE_MATRIX>[[4.1665825847303495e-06, 1.2261490383025375e-06, 3.5978057439933764e-06, 4.5704705371463206e-06, 6.6939182943315245e-06, 6.354393917717971e-06], [1.2261490383025375e-06, 5.10347217641538e-06, 5.317873728927225e-06, 6.212675998540362e-06, 8.394310498260893e-06, 7.763733265164774e-06], [3.5978057439933764e-06, 5.317873728927225e-06, 1.7056545402738266e-05, 2.1994363123667426e-05, 2.5217079382855445e-05, 2.3526967197540216e-05], [4.5704705371463206e-06, 6.212675998540362e-06, 2.1994363123667426e-05, 4.9010752263711765e-05, 4.136017378186807e-05, 3.643298623501323e-05], [6.6939182943315245e-06, 8.394310498260893e-06, 2.5217079382855445e-05, 4.136017378186807e-05, 7.291429210454226e-05, 5.945970769971609e-05], [6.354393917717971e-06, 7.763733265164774e-06, 2.3526967197540216e-05, 3.643298623501323e-05, 5.945970769971609e-05, 6.57073687762022e-05]]</COVARIANCE_MATRIX>
		<ROI_SIZE>174</ROI_SIZE>
		<MAX_VALUE>[0.11958344280719757, 0.1256762146949768, 0.11610248684883118, 0.08691440522670746, 0.061599694192409515, 0.04805083945393562]</MAX_VALUE>
		<MIN_VALUE>[0.10904000699520111, 0.11421256512403488, 0.09493489563465118, 0.047221872955560684, 0.016878336668014526, 0.00829320028424263]</MIN_VALUE>
		<SIGNATURE_THRESHOLD_MD>0.0</SIGNATURE_THRESHOLD_MD>
		<SIGNATURE_THRESHOLD_ML>0.0</SIGNATURE_THRESHOLD_ML>
		<SIGNATURE_THRESHOLD_SAM>0.0</SIGNATURE_THRESHOLD_SAM>
	</signature>
	<signature ID="20210204_171328186778_856">
		<MACROCLASSID>1</MACROCLASSID>
		<MACROCLASSINFO>waterbody</MACROCLASSINFO>
		<CLASSID>4</CLASSID>
		<CLASSINFO>C 1</CLASSINFO>
		<VALUES>[0.12508437134649447, 0.002163334586981882, 0.13875973548578183, 0.00273753006782267, 0.11272794342991234, 0.0034567698681928598, 0.05700119044901667, 0.00625657605434897, 0.029964503980633134, 0.007343851010179955, 0.021501424560404336, 0.007536196136185703]</VALUES>
		<LCS_MIN>[0.12090136855840683, 0.13140803575515747, 0.10816465318202972, 0.047221872955560684, 0.019007926806807518, 0.011351482011377811]</LCS_MIN>
		<LCS_MAX>[0.1314448118209839, 0.14860351383686066, 0.12933224439620972, 0.08360669761896133, 0.05734052136540413, 0.04805083945393562]</LCS_MAX>
		<WAVELENGTH>[0.485, 0.56, 0.66, 0.83, 1.65, 2.215]</WAVELENGTH>
		<MEAN_VALUE>[0.12508437134649447, 0.13875973548578183, 0.11272794342991234, 0.05700119044901667, 0.029964503980633134, 0.021501424560404336]</MEAN_VALUE>
		<CHECKBOX>2</CHECKBOX>
		<SD>[0.002163334586981882, 0.00273753006782267, 0.0034567698681928598, 0.00625657605434897, 0.007343851010179955, 0.007536196136185703]</SD>
		<WAVELENGTH_UNIT>E-6m</WAVELENGTH_UNIT>
		<COLOR>#cf2306</COLOR>
		<COVARIANCE_MATRIX>[[4.748840183310676e-06, 2.344977019674843e-06, 1.5540755384790828e-06, 3.944033323932672e-06, 3.1063473215908743e-06, 1.847798444032378e-06], [2.344977019674843e-06, 7.604277925565839e-06, 3.98546671931399e-06, 6.50965512249968e-06, 4.339365659689065e-06, 3.552977887011366e-06], [1.5540755384790828e-06, 3.98546671931399e-06, 1.2124982276873197e-05, 1.6110674550873227e-05, 1.6801061065052636e-05, 1.7381002180627547e-05], [3.944033323932672e-06, 6.50965512249968e-06, 1.6110674550873227e-05, 3.972040212829597e-05, 3.070742604904808e-05, 3.1828880310058594e-05], [3.1063473215908743e-06, 4.339365659689065e-06, 1.6801061065052636e-05, 3.070742604904808e-05, 5.4725267546018586e-05, 4.221988274366595e-05], [1.847798444032378e-06, 3.552977887011366e-06, 1.7381002180627547e-05, 3.1828880310058594e-05, 4.221988274366595e-05, 5.762946238974109e-05]]</COVARIANCE_MATRIX>
		<ROI_SIZE>69</ROI_SIZE>
		<MAX_VALUE>[0.1314448118209839, 0.14860351383686066, 0.12933224439620972, 0.08360669761896133, 0.05734052136540413, 0.04805083945393562]</MAX_VALUE>
		<MIN_VALUE>[0.12090136855840683, 0.13140803575515747, 0.10816465318202972, 0.047221872955560684, 0.019007926806807518, 0.011351482011377811]</MIN_VALUE>
		<SIGNATURE_THRESHOLD_MD>0.0</SIGNATURE_THRESHOLD_MD>
		<SIGNATURE_THRESHOLD_ML>0.0</SIGNATURE_THRESHOLD_ML>
		<SIGNATURE_THRESHOLD_SAM>0.0</SIGNATURE_THRESHOLD_SAM>
	</signature>
	<signature ID="20210204_171332126362_993">
		<MACROCLASSID>1</MACROCLASSID>
		<MACROCLASSINFO>waterbody</MACROCLASSINFO>
		<CLASSID>5</CLASSID>
		<CLASSINFO>C 1</CLASSINFO>
		<VALUES>[0.09906140486804808, 0.0020965484984271504, 0.09546714420525394, 0.0025293998758540133, 0.07104035109585645, 0.003432333814865778, 0.049483264131205434, 0.006385225485939246, 0.029742789872902988, 0.009852999891969272, 0.02074476947285692, 0.007570432775278818]</VALUES>
		<LCS_MIN>[0.09454279392957687, 0.0884193480014801, 0.06582945585250854, 0.033991020172834396, 0.016878336668014526, 0.011351482011377811]</LCS_MIN>
		<LCS_MAX>[0.10508622229099274, 0.1056148111820221, 0.08170514553785324, 0.07037585228681564, 0.061599694192409515, 0.04805083945393562]</LCS_MAX>
		<WAVELENGTH>[0.485, 0.56, 0.66, 0.83, 1.65, 2.215]</WAVELENGTH>
		<MEAN_VALUE>[0.09906140486804808, 0.09546714420525394, 0.07104035109585645, 0.049483264131205434, 0.029742789872902988, 0.02074476947285692]</MEAN_VALUE>
		<CHECKBOX>2</CHECKBOX>
		<SD>[0.0020965484984271504, 0.0025293998758540133, 0.003432333814865778, 0.006385225485939246, 0.009852999891969272, 0.007570432775278818]</SD>
		<WAVELENGTH_UNIT>E-6m</WAVELENGTH_UNIT>
		<COLOR>#2a9990</COLOR>
		<COVARIANCE_MATRIX>[[4.440830252860906e-06, 1.2349211147011374e-06, 2.7784431040345225e-06, 5.855248218722409e-06, 1.1611011359491386e-05, 8.227409125538543e-06], [1.2349211147011374e-06, 6.4638211370038334e-06, 4.641896339308005e-06, 8.720736332179513e-06, 1.1084166544605978e-05, 8.926132068154402e-06], [2.7784431040345225e-06, 4.641896339308005e-06, 1.1902367987204343e-05, 1.7057536751963198e-05, 2.2081523638917133e-05, 1.7453336113248952e-05], [5.855248218722409e-06, 8.720736332179513e-06, 1.7057536751963198e-05, 4.119142613490112e-05, 4.482530857785605e-05, 3.7148758565308526e-05], [1.1611011359491386e-05, 1.1084166544605978e-05, 2.2081523638917133e-05, 4.482530857785605e-05, 9.808244794839993e-05, 6.054386176401749e-05], [8.227409125538543e-06, 8.926132068154402e-06, 1.7453336113248952e-05, 3.7148758565308526e-05, 6.054386176401749e-05, 5.7902292610378936e-05]]</COVARIANCE_MATRIX>
		<ROI_SIZE>98</ROI_SIZE>
		<MAX_VALUE>[0.10508622229099274, 0.1056148111820221, 0.08170514553785324, 0.07037585228681564, 0.061599694192409515, 0.04805083945393562]</MAX_VALUE>
		<MIN_VALUE>[0.09454279392957687, 0.0884193480014801, 0.06582945585250854, 0.033991020172834396, 0.016878336668014526, 0.011351482011377811]</MIN_VALUE>
		<SIGNATURE_THRESHOLD_MD>0.0</SIGNATURE_THRESHOLD_MD>
		<SIGNATURE_THRESHOLD_ML>0.0</SIGNATURE_THRESHOLD_ML>
		<SIGNATURE_THRESHOLD_SAM>0.0</SIGNATURE_THRESHOLD_SAM>
	</signature>
	<signature ID="20210204_174921715162_185">
		<MACROCLASSID>1</MACROCLASSID>
		<MACROCLASSINFO>waterbody</MACROCLASSINFO>
		<CLASSID>6</CLASSID>
		<CLASSINFO>C 1</CLASSINFO>
		<VALUES>[0.0917432280744778, 0.0025720638383337374, 0.11648449378669136, 0.005121022822469461, 0.08617537752552945, 0.004588145452266253, 0.04457200542144322, 0.007266780788383659, 0.021034972893304235, 0.006172256113204834, 0.0161427151592447, 0.0056563427801686215]</VALUES>
		<LCS_MIN>[0.08399935066699982, 0.08555343002080917, 0.07112134248018265, 0.033991020172834396, 0.006230394821614027, 0.0052349199540913105]</LCS_MIN>
		<LCS_MAX>[0.0998145118355751, 0.12854212522506714, 0.11081059277057648, 0.08360669761896133, 0.05947010964155197, 0.04805083945393562]</LCS_MAX>
		<WAVELENGTH>[0.485, 0.56, 0.66, 0.83, 1.65, 2.215]</WAVELENGTH>
		<MEAN_VALUE>[0.0917432280744778, 0.11648449378669136, 0.08617537752552945, 0.04457200542144322, 0.021034972893304235, 0.0161427151592447]</MEAN_VALUE>
		<CHECKBOX>2</CHECKBOX>
		<SD>[0.0025720638383337374, 0.005121022822469461, 0.004588145452266253, 0.007266780788383659, 0.006172256113204834, 0.0056563427801686215]</SD>
		<WAVELENGTH_UNIT>E-6m</WAVELENGTH_UNIT>
		<COLOR>#c7b241</COLOR>
		<COVARIANCE_MATRIX>[[5.56926715944428e-06, 6.051481705071637e-06, 5.71277632843703e-06, 3.2725063192629023e-06, 5.462442459247541e-06, 5.0938056119775865e-06], [6.051481705071637e-06, 2.861360007955227e-05, 1.1877284123329446e-05, -1.8425729649607092e-05, -1.215327785075715e-07, 1.089502347895177e-06], [5.71277632843703e-06, 1.1877284123329446e-05, 1.622712989046704e-05, 6.553344064741395e-06, 1.1383049240976106e-05, 9.92479999695206e-06], [3.2725063192629023e-06, -1.8425729649607092e-05, 6.553344064741395e-06, 5.454810889204964e-05, 2.566622060840018e-05, 2.1772597392555326e-05], [5.462442459247541e-06, -1.215327785075715e-07, 1.1383049240976106e-05, 2.566622060840018e-05, 2.7928223062190227e-05, 2.1509746147785336e-05], [5.0938056119775865e-06, 1.089502347895177e-06, 9.92479999695206e-06, 2.1772597392555326e-05, 2.1509746147785336e-05, 2.5851833925116807e-05]]</COVARIANCE_MATRIX>
		<ROI_SIZE>3372</ROI_SIZE>
		<MAX_VALUE>[0.0998145118355751, 0.12854212522506714, 0.11081059277057648, 0.08360669761896133, 0.05947010964155197, 0.04805083945393562]</MAX_VALUE>
		<MIN_VALUE>[0.08399935066699982, 0.08555343002080917, 0.07112134248018265, 0.033991020172834396, 0.006230394821614027, 0.0052349199540913105]</MIN_VALUE>
		<SIGNATURE_THRESHOLD_MD>0.0</SIGNATURE_THRESHOLD_MD>
		<SIGNATURE_THRESHOLD_ML>0.0</SIGNATURE_THRESHOLD_ML>
		<SIGNATURE_THRESHOLD_SAM>0.0</SIGNATURE_THRESHOLD_SAM>
	</signature>
	<signature ID="20210204_175043390368_322">
		<MACROCLASSID>1</MACROCLASSID>
		<MACROCLASSINFO>waterbody</MACROCLASSINFO>
		<CLASSID>7</CLASSID>
		<CLASSINFO>C 1</CLASSINFO>
		<VALUES>[0.091536395023773, 0.0022302818946296913, 0.11013165234924675, 0.009422356261678666, 0.08215571910869768, 0.0059425981849069685, 0.046338832713746135, 0.009006650094811641, 0.01867361343207615, 0.004218474809403992, 0.01436364952156819, 0.0042061840704635065]</VALUES>
		<LCS_MIN>[0.08268143236637115, 0.07122386246919632, 0.05524566024541855, 0.033991020172834396, 0.008359984494745731, 0.0052349199540913105]</LCS_MIN>
		<LCS_MAX>[0.09849657118320465, 0.12281031161546707, 0.10816465318202972, 0.08360669761896133, 0.05308133736252785, 0.04805083945393562]</LCS_MAX>
		<WAVELENGTH>[0.485, 0.56, 0.66, 0.83, 1.65, 2.215]</WAVELENGTH>
		<MEAN_VALUE>[0.091536395023773, 0.11013165234924675, 0.08215571910869768, 0.046338832713746135, 0.01867361343207615, 0.01436364952156819]</MEAN_VALUE>
		<CHECKBOX>2</CHECKBOX>
		<SD>[0.0022302818946296913, 0.009422356261678666, 0.0059425981849069685, 0.009006650094811641, 0.004218474809403992, 0.0042061840704635065]</SD>
		<WAVELENGTH_UNIT>E-6m</WAVELENGTH_UNIT>
		<COLOR>#98c98d</COLOR>
		<COVARIANCE_MATRIX>[[6.093990123190451e-06, 1.2799603609892074e-05, 1.1902760888915509e-05, -2.1281556428220938e-07, 3.2162949992198264e-06, 3.43284023074375e-06], [1.2799603609892074e-05, 0.00010129178554052487, 6.033015961293131e-05, -5.674633212038316e-05, 2.407166221018997e-06, 3.529965624693432e-06], [1.1902760888915509e-05, 6.033015961293131e-05, 5.00681453559082e-05, -1.639713991608005e-05, 9.075992238649633e-06, 9.178575965052005e-06], [-2.1281556428220938e-07, -5.674633212038316e-05, -1.639713991608005e-05, 8.577750850236043e-05, 1.588665872986894e-05, 1.3507264156942256e-05], [3.2162949992198264e-06, 2.407166221018997e-06, 9.075992238649633e-06, 1.588665872986894e-05, 1.5767333024996333e-05, 1.118868931371253e-05], [3.43284023074375e-06, 3.529965624693432e-06, 9.178575965052005e-06, 1.3507264156942256e-05, 1.118868931371253e-05, 1.655886990192812e-05]]</COVARIANCE_MATRIX>
		<ROI_SIZE>4349</ROI_SIZE>
		<MAX_VALUE>[0.09849657118320465, 0.12281031161546707, 0.10816465318202972, 0.08360669761896133, 0.05308133736252785, 0.04805083945393562]</MAX_VALUE>
		<MIN_VALUE>[0.08268143236637115, 0.07122386246919632, 0.05524566024541855, 0.033991020172834396, 0.008359984494745731, 0.0052349199540913105]</MIN_VALUE>
		<SIGNATURE_THRESHOLD_MD>0.0</SIGNATURE_THRESHOLD_MD>
		<SIGNATURE_THRESHOLD_ML>0.0</SIGNATURE_THRESHOLD_ML>
		<SIGNATURE_THRESHOLD_SAM>0.0</SIGNATURE_THRESHOLD_SAM>
	</signature>
	<signature ID="20210204_175054295329_187">
		<MACROCLASSID>1</MACROCLASSID>
		<MACROCLASSINFO>waterbody</MACROCLASSINFO>
		<CLASSID>8</CLASSID>
		<CLASSINFO>C 1</CLASSINFO>
		<VALUES>[0.09743399472361432, 0.0027100242218206583, 0.11790259625638604, 0.0038736465982748074, 0.09031932164340671, 0.0039280284916509, 0.05560695134574342, 0.005884711217404543, 0.035303403068154056, 0.006513212869054383, 0.02744331467329423, 0.005700216638253551]</VALUES>
		<LCS_MIN>[0.08927108347415924, 0.09128525853157043, 0.07641325145959854, 0.04060643911361694, 0.02113751508295536, 0.014409760944545269]</LCS_MIN>
		<LCS_MAX>[0.10508622229099274, 0.1256762146949768, 0.11081059277057648, 0.09683753550052643, 0.06798846274614334, 0.06028395891189575]</LCS_MAX>
		<WAVELENGTH>[0.485, 0.56, 0.66, 0.83, 1.65, 2.215]</WAVELENGTH>
		<MEAN_VALUE>[0.09743399472361432, 0.11790259625638604, 0.09031932164340671, 0.05560695134574342, 0.035303403068154056, 0.02744331467329423]</MEAN_VALUE>
		<CHECKBOX>2</CHECKBOX>
		<SD>[0.0027100242218206583, 0.0038736465982748074, 0.0039280284916509, 0.005884711217404543, 0.006513212869054383, 0.005700216638253551]</SD>
		<WAVELENGTH_UNIT>E-6m</WAVELENGTH_UNIT>
		<COLOR>#4099b5</COLOR>
		<COVARIANCE_MATRIX>[[7.349227416852955e-06, 7.1611348175792955e-06, 7.684004231123254e-06, 8.826958946883678e-06, 8.868995791999623e-06, 6.902484074089443e-06], [7.1611348175792955e-06, 1.5015345525171142e-05, 1.0770421795314178e-05, 7.072248081385624e-06, 6.614851827180246e-06, 5.5825589697633404e-06], [7.684004231123254e-06, 1.0770421795314178e-05, 1.5439904018421657e-05, 1.5020377759356052e-05, 1.5443418305949308e-05, 1.28239325931645e-05], [8.826958946883678e-06, 7.072248081385624e-06, 1.5020377759356052e-05, 3.465338522801176e-05, 3.174104494974017e-05, 2.553764352342114e-05], [8.868995791999623e-06, 6.614851827180246e-06, 1.5443418305949308e-05, 3.174104494974017e-05, 4.245079981046729e-05, 3.0672570574097335e-05], [6.902484074089443e-06, 5.5825589697633404e-06, 1.28239325931645e-05, 2.553764352342114e-05, 3.0672570574097335e-05, 3.2514573831576854e-05]]</COVARIANCE_MATRIX>
		<ROI_SIZE>1471</ROI_SIZE>
		<MAX_VALUE>[0.10508622229099274, 0.1256762146949768, 0.11081059277057648, 0.09683753550052643, 0.06798846274614334, 0.06028395891189575]</MAX_VALUE>
		<MIN_VALUE>[0.08927108347415924, 0.09128525853157043, 0.07641325145959854, 0.04060643911361694, 0.02113751508295536, 0.014409760944545269]</MIN_VALUE>
		<SIGNATURE_THRESHOLD_MD>0.0</SIGNATURE_THRESHOLD_MD>
		<SIGNATURE_THRESHOLD_ML>0.0</SIGNATURE_THRESHOLD_ML>
		<SIGNATURE_THRESHOLD_SAM>0.0</SIGNATURE_THRESHOLD_SAM>
	</signature>
	<signature ID="20210204_175135113367_438">
		<MACROCLASSID>1</MACROCLASSID>
		<MACROCLASSINFO>waterbody</MACROCLASSINFO>
		<CLASSID>9</CLASSID>
		<CLASSINFO>C 1</CLASSINFO>
		<VALUES>[0.0814936717773153, 0.0030759453683823056, 0.06923908898914713, 0.006005609209508605, 0.0545867097640639, 0.007165507406413225, 0.08630294852147741, 0.018826180331667965, 0.014850235787176662, 0.005294028420907663, 0.009929298348961092, 0.004215342671003555]</VALUES>
		<LCS_MIN>[0.07345592230558395, 0.056894294917583466, 0.04201590642333031, 0.05052958056330681, 0.004100807011127472, 0.0021766405552625656]</LCS_MIN>
		<LCS_MAX>[0.09454279392957687, 0.09988299757242203, 0.09228894859552383, 0.12991464138031006, 0.05308133736252785, 0.044992558658123016]</LCS_MAX>
		<WAVELENGTH>[0.485, 0.56, 0.66, 0.83, 1.65, 2.215]</WAVELENGTH>
		<MEAN_VALUE>[0.0814936717773153, 0.06923908898914713, 0.0545867097640639, 0.08630294852147741, 0.014850235787176662, 0.009929298348961092]</MEAN_VALUE>
		<CHECKBOX>2</CHECKBOX>
		<SD>[0.0030759453683823056, 0.006005609209508605, 0.007165507406413225, 0.018826180331667965, 0.005294028420907663, 0.004215342671003555]</SD>
		<WAVELENGTH_UNIT>E-6m</WAVELENGTH_UNIT>
		<COLOR>#e936f9</COLOR>
		<COVARIANCE_MATRIX>[[9.433412742509972e-06, 1.641704875510186e-05, 1.8318933143746108e-05, 2.602247150207404e-05, 8.602708476246335e-06, 5.50774939256371e-06], [1.641704875510186e-05, 4.0684994019102305e-05, 4.20778123952914e-05, 6.53995230095461e-05, 1.9058785255765542e-05, 1.1954816727666184e-05], [1.8318933143746108e-05, 4.20778123952914e-05, 5.165832408238202e-05, 7.444014772772789e-05, 2.4886483515729196e-05, 1.6133302779053338e-05], [2.602247150207404e-05, 6.53995230095461e-05, 7.444014772772789e-05, 0.0003553082933649421, 4.506959885475226e-05, 2.8228716473677196e-05], [8.602708476246335e-06, 1.9058785255765542e-05, 2.4886483515729196e-05, 4.506959885475226e-05, 3.0544841138180345e-05, 1.9035527657251805e-05], [5.50774939256371e-06, 1.1954816727666184e-05, 1.6133302779053338e-05, 2.8228716473677196e-05, 1.9035527657251805e-05, 1.9380702724447474e-05]]</COVARIANCE_MATRIX>
		<ROI_SIZE>5349</ROI_SIZE>
		<MAX_VALUE>[0.09454279392957687, 0.09988299757242203, 0.09228894859552383, 0.12991464138031006, 0.05308133736252785, 0.044992558658123016]</MAX_VALUE>
		<MIN_VALUE>[0.07345592230558395, 0.056894294917583466, 0.04201590642333031, 0.05052958056330681, 0.004100807011127472, 0.0021766405552625656]</MIN_VALUE>
		<SIGNATURE_THRESHOLD_MD>0.0</SIGNATURE_THRESHOLD_MD>
		<SIGNATURE_THRESHOLD_ML>0.0</SIGNATURE_THRESHOLD_ML>
		<SIGNATURE_THRESHOLD_SAM>0.0</SIGNATURE_THRESHOLD_SAM>
	</signature>
	<signature ID="20210204_175143518219_359">
		<MACROCLASSID>1</MACROCLASSID>
		<MACROCLASSINFO>waterbody</MACROCLASSINFO>
		<CLASSID>10</CLASSID>
		<CLASSINFO>C 1</CLASSINFO>
		<VALUES>[0.10022211474241668, 0.002527382740391907, 0.11899893293061208, 0.003411450458268289, 0.09708984234591118, 0.005865430357394381, 0.07259235438919559, 0.009555094321197197, 0.030534048555130804, 0.009591085768995837, 0.023805301607653647, 0.00744276801676979]</VALUES>
		<LCS_MIN>[0.09454279392957687, 0.10848072916269302, 0.08964299410581589, 0.06045270711183548, 0.014748748391866684, 0.014409760944545269]</LCS_MIN>
		<LCS_MAX>[0.10904000699520111, 0.13140803575515747, 0.12139437347650528, 0.10014524310827255, 0.0658588781952858, 0.05722568556666374]</LCS_MAX>
		<WAVELENGTH>[0.485, 0.56, 0.66, 0.83, 1.65, 2.215]</WAVELENGTH>
		<MEAN_VALUE>[0.10022211474241668, 0.11899893293061208, 0.09708984234591118, 0.07259235438919559, 0.030534048555130804, 0.023805301607653647]</MEAN_VALUE>
		<CHECKBOX>2</CHECKBOX>
		<SD>[0.002527382740391907, 0.003411450458268289, 0.005865430357394381, 0.009555094321197197, 0.009591085768995837, 0.00744276801676979]</SD>
		<WAVELENGTH_UNIT>E-6m</WAVELENGTH_UNIT>
		<COLOR>#95d4d4</COLOR>
		<COVARIANCE_MATRIX>[[6.454201866290532e-06, 5.622206117550377e-06, 1.1353909940226004e-05, 1.5797888408997096e-05, 4.754610927193426e-06, 3.645812284958083e-06], [5.622206117550377e-06, 1.1759223525587004e-05, 1.1379483112250455e-05, 1.0017124623118434e-05, -4.056353191117523e-06, -4.354141310614068e-06], [1.1353909940226004e-05, 1.1379483112250455e-05, 3.4761640563374385e-05, 4.841533882427029e-05, 2.250524084956851e-05, 1.5956431525410153e-05], [1.5797888408997096e-05, 1.0017124623118434e-05, 4.841533882427029e-05, 9.225086978403851e-05, 6.040254811523482e-05, 4.386819273349829e-05], [4.754610927193426e-06, -4.056353191117523e-06, 2.250524084956851e-05, 6.040254811523482e-05, 9.29471425479278e-05, 6.547569500980899e-05], [3.645812284958083e-06, -4.354141310614068e-06, 1.5956431525410153e-05, 4.386819273349829e-05, 6.547569500980899e-05, 5.597182462224737e-05]]</COVARIANCE_MATRIX>
		<ROI_SIZE>97</ROI_SIZE>
		<MAX_VALUE>[0.10904000699520111, 0.13140803575515747, 0.12139437347650528, 0.10014524310827255, 0.0658588781952858, 0.05722568556666374]</MAX_VALUE>
		<MIN_VALUE>[0.09454279392957687, 0.10848072916269302, 0.08964299410581589, 0.06045270711183548, 0.014748748391866684, 0.014409760944545269]</MIN_VALUE>
		<SIGNATURE_THRESHOLD_MD>0.0</SIGNATURE_THRESHOLD_MD>
		<SIGNATURE_THRESHOLD_ML>0.0</SIGNATURE_THRESHOLD_ML>
		<SIGNATURE_THRESHOLD_SAM>0.0</SIGNATURE_THRESHOLD_SAM>
	</signature>
	<signature ID="20210204_175151597874_686">
		<MACROCLASSID>1</MACROCLASSID>
		<MACROCLASSINFO>waterbody</MACROCLASSINFO>
		<CLASSID>11</CLASSID>
		<CLASSINFO>C 1</CLASSINFO>
		<VALUES>[0.090541935747578, 0.0021679323365216287, 0.10542375443591963, 0.0037683078346299327, 0.07614865574453561, 0.0046761734523024, 0.046150800266436136, 0.006137357731967196, 0.021314979981010146, 0.006545780404222017, 0.015567538555755865, 0.005601164922579695]</VALUES>
		<LCS_MIN>[0.08399935066699982, 0.08555343002080917, 0.06582945585250854, 0.03729873523116112, 0.010489571839571, 0.0052349199540913105]</LCS_MIN>
		<LCS_MAX>[0.09849657118320465, 0.11994438618421555, 0.11081059277057648, 0.08360669761896133, 0.05521093308925629, 0.04805083945393562]</LCS_MAX>
		<WAVELENGTH>[0.485, 0.56, 0.66, 0.83, 1.65, 2.215]</WAVELENGTH>
		<MEAN_VALUE>[0.090541935747578, 0.10542375443591963, 0.07614865574453561, 0.046150800266436136, 0.021314979981010146, 0.015567538555755865]</MEAN_VALUE>
		<CHECKBOX>2</CHECKBOX>
		<SD>[0.0021679323365216287, 0.0037683078346299327, 0.0046761734523024, 0.006137357731967196, 0.006545780404222017, 0.005601164922579695]</SD>
		<WAVELENGTH_UNIT>E-6m</WAVELENGTH_UNIT>
		<COLOR>#c0c2e6</COLOR>
		<COVARIANCE_MATRIX>[[4.71114753963775e-06, 4.705563696916215e-06, 6.321026830846677e-06, 6.19194997852901e-06, 4.127917236473877e-06, 3.411854322621366e-06], [4.705563696916215e-06, 1.4234034097171389e-05, 1.012039774650475e-05, 5.450968274089973e-06, 1.359506995868287e-06, 6.819378199907078e-07], [6.321026830846677e-06, 1.012039774650475e-05, 2.19187859329395e-05, 1.8494158211979084e-05, 1.4544189980369993e-05, 1.1662981705740094e-05], [6.19194997852901e-06, 5.450968274089973e-06, 1.8494158211979084e-05, 3.775705772568472e-05, 3.1914038117974997e-05, 2.437199145788327e-05], [4.127917236473877e-06, 1.359506995868287e-06, 1.4544189980369993e-05, 3.1914038117974997e-05, 4.2949501221301034e-05, 2.9607168471557088e-05], [3.411854322621366e-06, 6.819378199907078e-07, 1.1662981705740094e-05, 2.437199145788327e-05, 2.9607168471557088e-05, 3.144792572129518e-05]]</COVARIANCE_MATRIX>
		<ROI_SIZE>420</ROI_SIZE>
		<MAX_VALUE>[0.09849657118320465, 0.11994438618421555, 0.11081059277057648, 0.08360669761896133, 0.05521093308925629, 0.04805083945393562]</MAX_VALUE>
		<MIN_VALUE>[0.08399935066699982, 0.08555343002080917, 0.06582945585250854, 0.03729873523116112, 0.010489571839571, 0.0052349199540913105]</MIN_VALUE>
		<SIGNATURE_THRESHOLD_MD>0.0</SIGNATURE_THRESHOLD_MD>
		<SIGNATURE_THRESHOLD_ML>0.0</SIGNATURE_THRESHOLD_ML>
		<SIGNATURE_THRESHOLD_SAM>0.0</SIGNATURE_THRESHOLD_SAM>
	</signature>
	<signature ID="20210204_175156607227_181">
		<MACROCLASSID>1</MACROCLASSID>
		<MACROCLASSINFO>waterbody</MACROCLASSINFO>
		<CLASSID>12</CLASSID>
		<CLASSINFO>C 1</CLASSINFO>
		<VALUES>[0.09321546704639513, 0.0034354655563011995, 0.09974506356605654, 0.00409559564731065, 0.06951774630874866, 0.005980444888190538, 0.04515823287600503, 0.006965302768101607, 0.03018731598986344, 0.008225317026732359, 0.023262963779669094, 0.007309639745840711]</VALUES>
		<LCS_MIN>[0.08399935066699982, 0.0884193480014801, 0.05524566024541855, 0.030683310702443123, 0.016878336668014526, 0.00829320028424263]</LCS_MIN>
		<LCS_MAX>[0.106404148042202, 0.11994438618421555, 0.10551869869232178, 0.07699126750230789, 0.061599694192409515, 0.054167408496141434]</LCS_MAX>
		<WAVELENGTH>[0.485, 0.56, 0.66, 0.83, 1.65, 2.215]</WAVELENGTH>
		<MEAN_VALUE>[0.09321546704639513, 0.09974506356605654, 0.06951774630874866, 0.04515823287600503, 0.03018731598986344, 0.023262963779669094]</MEAN_VALUE>
		<CHECKBOX>2</CHECKBOX>
		<SD>[0.0034354655563011995, 0.00409559564731065, 0.005980444888190538, 0.006965302768101607, 0.008225317026732359, 0.007309639745840711]</SD>
		<WAVELENGTH_UNIT>E-6m</WAVELENGTH_UNIT>
		<COLOR>#1518f8</COLOR>
		<COVARIANCE_MATRIX>[[1.18234993351507e-05, 1.1309679393889382e-05, 1.5839090337976813e-05, 1.8390961486147717e-05, 1.7681868484942243e-05, 1.4499924873234704e-05], [1.1309679393889382e-05, 1.6803856851765886e-05, 2.0740153559017926e-05, 2.2635198547504842e-05, 2.3549009711132385e-05, 1.8486767658032477e-05], [1.5839090337976813e-05, 2.0740153559017926e-05, 3.582958743209019e-05, 3.705359995365143e-05, 3.923064286937006e-05, 3.199600905645639e-05], [1.8390961486147717e-05, 2.2635198547504842e-05, 3.705359995365143e-05, 4.860207627643831e-05, 4.636936864699237e-05, 3.9491620555054396e-05], [1.7681868484942243e-05, 2.3549009711132385e-05, 3.923064286937006e-05, 4.636936864699237e-05, 6.777665112167597e-05, 5.2530125685734674e-05], [1.4499924873234704e-05, 1.8486767658032477e-05, 3.199600905645639e-05, 3.9491620555054396e-05, 5.2530125685734674e-05, 5.352624430088326e-05]]</COVARIANCE_MATRIX>
		<ROI_SIZE>561</ROI_SIZE>
		<MAX_VALUE>[0.106404148042202, 0.11994438618421555, 0.10551869869232178, 0.07699126750230789, 0.061599694192409515, 0.054167408496141434]</MAX_VALUE>
		<MIN_VALUE>[0.08399935066699982, 0.0884193480014801, 0.05524566024541855, 0.030683310702443123, 0.016878336668014526, 0.00829320028424263]</MIN_VALUE>
		<SIGNATURE_THRESHOLD_MD>0.0</SIGNATURE_THRESHOLD_MD>
		<SIGNATURE_THRESHOLD_ML>0.0</SIGNATURE_THRESHOLD_ML>
		<SIGNATURE_THRESHOLD_SAM>0.0</SIGNATURE_THRESHOLD_SAM>
	</signature>
	<signature ID="20210204_175209861391_803">
		<MACROCLASSID>1</MACROCLASSID>
		<MACROCLASSINFO>waterbody</MACROCLASSINFO>
		<CLASSID>13</CLASSID>
		<CLASSINFO>C 1</CLASSINFO>
		<VALUES>[0.11436515825020299, 0.0032747371984754615, 0.12079641862294155, 0.005068561607601118, 0.14215078879449813, 0.008561224843918205, 0.14191628740848725, 0.006022030277738774, 0.053196453652973916, 0.018265445388460238, 0.04274018052839548, 0.015350640396403341]</VALUES>
		<LCS_MIN>[0.10376829653978348, 0.10274890810251236, 0.11081059277057648, 0.12991464138031006, 0.02113751508295536, 0.00829320028424263]</LCS_MIN>
		<LCS_MAX>[0.12221929430961609, 0.13140803575515747, 0.15843768417835236, 0.16299176216125488, 0.08928434550762177, 0.07251708954572678]</LCS_MAX>
		<WAVELENGTH>[0.485, 0.56, 0.66, 0.83, 1.65, 2.215]</WAVELENGTH>
		<MEAN_VALUE>[0.11436515825020299, 0.12079641862294155, 0.14215078879449813, 0.14191628740848725, 0.053196453652973916, 0.04274018052839548]</MEAN_VALUE>
		<CHECKBOX>2</CHECKBOX>
		<SD>[0.0032747371984754615, 0.005068561607601118, 0.008561224843918205, 0.006022030277738774, 0.018265445388460238, 0.015350640396403341]</SD>
		<WAVELENGTH_UNIT>E-6m</WAVELENGTH_UNIT>
		<COLOR>#db7d63</COLOR>
		<COVARIANCE_MATRIX>[[1.0796855349326506e-05, 1.2801346201740671e-05, 1.833570968301501e-05, 5.730268185288878e-06, 9.177435458695982e-06, 1.5722565876785666e-05], [1.2801346201740671e-05, 2.5865081624942832e-05, 3.955767533625476e-05, 2.0217491965013323e-06, -2.0276758732507005e-05, -4.030302534374641e-06], [1.833570968301501e-05, 3.955767533625476e-05, 7.379317685263231e-05, -3.8429930100392085e-06, -6.937132275197655e-05, -3.781461782637052e-05], [5.730268185288878e-06, 2.0217491965013323e-06, -3.8429930100392085e-06, 3.651154838735238e-05, 6.497655704151839e-05, 5.164568210602738e-05], [9.177435458695982e-06, -2.0276758732507005e-05, -6.937132275197655e-05, 6.497655704151839e-05, 0.00033589606755413115, 0.00026059895753860474], [1.5722565876785666e-05, -4.030302534374641e-06, -3.781461782637052e-05, 5.164568210602738e-05, 0.00026059895753860474, 0.0002372451708652079]]</COVARIANCE_MATRIX>
		<ROI_SIZE>148</ROI_SIZE>
		<MAX_VALUE>[0.12221929430961609, 0.13140803575515747, 0.15843768417835236, 0.16299176216125488, 0.08928434550762177, 0.07251708954572678]</MAX_VALUE>
		<MIN_VALUE>[0.10376829653978348, 0.10274890810251236, 0.11081059277057648, 0.12991464138031006, 0.02113751508295536, 0.00829320028424263]</MIN_VALUE>
		<SIGNATURE_THRESHOLD_MD>0.0</SIGNATURE_THRESHOLD_MD>
		<SIGNATURE_THRESHOLD_ML>0.0</SIGNATURE_THRESHOLD_ML>
		<SIGNATURE_THRESHOLD_SAM>0.0</SIGNATURE_THRESHOLD_SAM>
	</signature>
	<signature ID="20210204_175219745898_909">
		<MACROCLASSID>1</MACROCLASSID>
		<MACROCLASSINFO>waterbody</MACROCLASSINFO>
		<CLASSID>14</CLASSID>
		<CLASSINFO>C 1</CLASSINFO>
		<VALUES>[0.11262707256752512, 0.002826899600999584, 0.12011883731769481, 0.004946425863659298, 0.14085937116457067, 0.009727729173384662, 0.15925261702226554, 0.0065652095038189135, 0.050655462382280296, 0.019183545868620346, 0.03802500188998554, 0.01592731957551219]</VALUES>
		<LCS_MIN>[0.10508622229099274, 0.10274890810251236, 0.10816465318202972, 0.13983780145645142, 0.02113751508295536, 0.011351482011377811]</LCS_MIN>
		<LCS_MAX>[0.11958344280719757, 0.12854212522506714, 0.15314577519893646, 0.17622263729572296, 0.08502516150474548, 0.0786336362361908]</LCS_MAX>
		<WAVELENGTH>[0.485, 0.56, 0.66, 0.83, 1.65, 2.215]</WAVELENGTH>
		<MEAN_VALUE>[0.11262707256752512, 0.12011883731769481, 0.14085937116457067, 0.15925261702226554, 0.050655462382280296, 0.03802500188998554]</MEAN_VALUE>
		<CHECKBOX>2</CHECKBOX>
		<SD>[0.002826899600999584, 0.004946425863659298, 0.009727729173384662, 0.0065652095038189135, 0.019183545868620346, 0.01592731957551219]</SD>
		<WAVELENGTH_UNIT>E-6m</WAVELENGTH_UNIT>
		<COLOR>#d5cee7</COLOR>
		<COVARIANCE_MATRIX>[[8.06146090326365e-06, 1.0302395821781829e-05, 1.894725028250832e-05, 1.1787777793870191e-06, 7.028299364719715e-07, 9.761666660779156e-06], [1.0302395821781829e-05, 2.4681752620381303e-05, 4.4268086639931425e-05, 1.2400887499097735e-06, -2.9821514544892125e-05, -7.000454843364423e-06], [1.894725028250832e-05, 4.4268086639931425e-05, 9.545878856442869e-05, -3.3512658319523325e-06, -8.339949999935925e-05, -3.674013714771718e-05], [1.1787777793870191e-06, 1.2400887499097735e-06, -3.3512658319523325e-06, 4.348006405052729e-05, 4.491595609579235e-05, 3.1574581953464076e-05], [7.028299364719715e-07, -2.9821514544892125e-05, -8.339949999935925e-05, 4.491595609579235e-05, 0.0003712365869432688, 0.00028385568293742836], [9.761666660779156e-06, -7.000454843364423e-06, -3.674013714771718e-05, 3.1574581953464076e-05, 0.00028385568293742836, 0.0002559047716204077]]</COVARIANCE_MATRIX>
		<ROI_SIZE>115</ROI_SIZE>
		<MAX_VALUE>[0.11958344280719757, 0.12854212522506714, 0.15314577519893646, 0.17622263729572296, 0.08502516150474548, 0.0786336362361908]</MAX_VALUE>
		<MIN_VALUE>[0.10508622229099274, 0.10274890810251236, 0.10816465318202972, 0.13983780145645142, 0.02113751508295536, 0.011351482011377811]</MIN_VALUE>
		<SIGNATURE_THRESHOLD_MD>0.0</SIGNATURE_THRESHOLD_MD>
		<SIGNATURE_THRESHOLD_ML>0.0</SIGNATURE_THRESHOLD_ML>
		<SIGNATURE_THRESHOLD_SAM>0.0</SIGNATURE_THRESHOLD_SAM>
	</signature>
	<signature ID="20210204_175232581110_302">
		<MACROCLASSID>1</MACROCLASSID>
		<MACROCLASSINFO>waterbody</MACROCLASSINFO>
		<CLASSID>15</CLASSID>
		<CLASSINFO>C 1</CLASSINFO>
		<VALUES>[0.10922828810859701, 0.0031756686002481307, 0.11234094377379025, 0.004660913968483352, 0.12811726457154263, 0.007594444916896547, 0.11492869786309948, 0.010741143988105785, 0.04298752712618027, 0.017210837439711336, 0.03250978615287007, 0.013660800664771669]</VALUES>
		<LCS_MIN>[0.10113243758678436, 0.09128525853157043, 0.09493489563465118, 0.09683753550052643, 0.016878336668014526, 0.011351482011377811]</LCS_MIN>
		<LCS_MAX>[0.12090136855840683, 0.12854212522506714, 0.145207941532135, 0.14645320177078247, 0.07863640785217285, 0.06945881247520447]</LCS_MAX>
		<WAVELENGTH>[0.485, 0.56, 0.66, 0.83, 1.65, 2.215]</WAVELENGTH>
		<MEAN_VALUE>[0.10922828810859701, 0.11234094377379025, 0.12811726457154263, 0.11492869786309948, 0.04298752712618027, 0.03250978615287007]</MEAN_VALUE>
		<CHECKBOX>2</CHECKBOX>
		<SD>[0.0031756686002481307, 0.004660913968483352, 0.007594444916896547, 0.010741143988105785, 0.017210837439711336, 0.013660800664771669]</SD>
		<WAVELENGTH_UNIT>E-6m</WAVELENGTH_UNIT>
		<COLOR>#5e3b28</COLOR>
		<COVARIANCE_MATRIX>[[1.0136588571185712e-05, 1.1162424925714731e-05, 1.6396110368077643e-05, 2.858317884602002e-06, 1.3784437214781065e-05, 1.8360620742896572e-05], [1.1162424925714731e-05, 2.1835525330970995e-05, 3.0146560675348155e-05, -8.940911357058212e-06, -5.811954451928614e-06, 6.002786449244013e-06], [1.6396110368077643e-05, 3.0146560675348155e-05, 5.7971366913989186e-05, -3.8228714402066544e-05, -4.151196844759397e-05, -1.2463735401979648e-05], [2.858317884602002e-06, -8.940911357058212e-06, -3.8228714402066544e-05, 0.00011596382682910189, 0.00013925795792602003, 9.662043157732114e-05], [1.3784437214781065e-05, -5.811954451928614e-06, -4.151196844759397e-05, 0.00013925795792602003, 0.00029773195274174213, 0.00022114273451734334], [1.8360620742896572e-05, 6.002786449244013e-06, -1.2463735401979648e-05, 9.662043157732114e-05, 0.00022114273451734334, 0.00018757449288386852]]</COVARIANCE_MATRIX>
		<ROI_SIZE>196</ROI_SIZE>
		<MAX_VALUE>[0.12090136855840683, 0.12854212522506714, 0.145207941532135, 0.14645320177078247, 0.07863640785217285, 0.06945881247520447]</MAX_VALUE>
		<MIN_VALUE>[0.10113243758678436, 0.09128525853157043, 0.09493489563465118, 0.09683753550052643, 0.016878336668014526, 0.011351482011377811]</MIN_VALUE>
		<SIGNATURE_THRESHOLD_MD>0.0</SIGNATURE_THRESHOLD_MD>
		<SIGNATURE_THRESHOLD_ML>0.0</SIGNATURE_THRESHOLD_ML>
		<SIGNATURE_THRESHOLD_SAM>0.0</SIGNATURE_THRESHOLD_SAM>
	</signature>
	<signature ID="20210204_175239328825_813">
		<MACROCLASSID>1</MACROCLASSID>
		<MACROCLASSINFO>waterbody</MACROCLASSINFO>
		<CLASSID>16</CLASSID>
		<CLASSINFO>C 1</CLASSINFO>
		<VALUES>[0.11359510528855025, 0.004481071788570223, 0.1168635327834636, 0.005947634058035475, 0.13060560617595907, 0.007821074797972633, 0.10498277749866243, 0.011564506619350896, 0.05214964617043734, 0.021859019461291665, 0.04323405107134019, 0.018667256022996605]</VALUES>
