<?xml version="1.0" ?>
<signaturelist MCID_LIST="[['1', 'waterbody', '#0000ff'], ['2', 'vegetation', '#00ff00'], ['3', 'bareland', '#ffaa00'], ['4', 'built-up', '#ff0000']]">
	<signature ID="20210204_171312708954_516">
		<MACROCLASSID>1</MACROCLASSID>
		<MACROCLASSINFO>waterbody</MACROCLASSINFO>
		<CLASSID>1</CLASSID>
		<CLASSINFO>C 1</CLASSINFO>
		<VALUES>[0.11510991368075492, 0.0020450643975866638, 0.11534278210200055, 0.0028243949201464816, 0.12042544173522732, 0.0032402891450640935, 0.08752004235563145, 0.007618156698768992, 0.03292523599951201, 0.010822464065092316, 0.02513527790163184, 0.008337977917164945]</VALUES>
		<LCS_MIN>[0.11035793274641037, 0.10848072916269302, 0.11345653235912323, 0.07699126750230789, 0.016878336668014526, 0.011351482011377811]</LCS_MIN>
		<LCS_MAX>[0.12090136855840683, 0.12281031161546707, 0.12933224439620972, 0.106760673224926, 0.05734052136540413, 0.044992558658123016]</LCS_MAX>
		<WAVELENGTH>[0.485, 0.56, 0.66, 0.83, 1.65, 2.215]</WAVELENGTH>
		<MEAN_VALUE>[0.11510991368075492, 0.11534278210200055, 0.12042544173522732, 0.08752004235563145, 0.03292523599951201, 0.02513527790163184]</MEAN_VALUE>
		<CHECKBOX>2</CHECKBOX>
		<SD>[0.0020450643975866638, 0.0028243949201464816, 0.0032402891450640935, 0.007618156698768992, 0.010822464065092316, 0.008337977917164945]</SD>
		<WAVELENGTH_UNIT>E-6m</WAVELENGTH_UNIT>
		<COLOR>#ce2528</COLOR>
		<COVARIANCE_MATRIX>[[4.242035367280461e-06, 1.1893556752875432e-06, -2.6170911279773694e-07, 5.239081487547856e-06, 5.9334824233820495e-06, 6.40272205654611e-06], [1.1893556752875432e-06, 8.091166760162807e-06, 3.4940066275238343e-06, -1.716306736544423e-08, 1.9193819648036094e-06, 4.858538040997063e-06], [-2.6170911279773694e-07, 3.4940066275238343e-06, 1.064946622567194e-05, -2.7805618749988467e-06, -7.25151021281845e-06, -1.0192276493710827e-06], [5.239081487547856e-06, -1.716306736544423e-08, -2.7805618749988467e-06, 5.886540165109882e-05, 6.984110296737891e-05, 5.121660693563946e-05], [5.9334824233820495e-06, 1.9193819648036094e-06, -7.25151021281845e-06, 6.984110296737891e-05, 0.00011879895313221752, 7.775747182647956e-05], [6.40272205654611e-06, 4.858538040997063e-06, -1.0192276493710827e-06, 5.121660693563946e-05, 7.775747182647956e-05, 7.051504540066074e-05]]</COVARIANCE_MATRIX>
		<ROI_SIZE>71</ROI_SIZE>
		<MAX_VALUE>[0.12090136855840683, 0.12281031161546707, 0.12933224439620972, 0.106760673224926, 0.05734052136540413, 0.044992558658123016]</MAX_VALUE>
		<MIN_VALUE>[0.11035793274641037, 0.10848072916269302, 0.11345653235912323, 0.07699126750230789, 0.016878336668014526, 0.011351482011377811]</MIN_VALUE>
		<SIGNATURE_THRESHOLD_MD>0</SIGNATURE_THRESHOLD_MD>
		<SIGNATURE_THRESHOLD_ML>0</SIGNATURE_THRESHOLD_ML>
		<SIGNATURE_THRESHOLD_SAM>0</SIGNATURE_THRESHOLD_SAM>
	</signature>
	<signature ID="20210204_171320496588_251">
		<MACROCLASSID>1</MACROCLASSID>
		<MACROCLASSINFO>waterbody</MACROCLASSINFO>
		<CLASSID>2</CLASSID>
		<CLASSINFO>C 1</CLASSINFO>
		<VALUES>[0.11508784376912651, 0.0032927382928023994, 0.11465837069683606, 0.0038429173210039846, 0.1207769964304235, 0.004895601896279791, 0.08878877460956572, 0.009948216102258737, 0.03904971966726912, 0.014260628644516136, 0.030958454166021603, 0.013188832291389589]</VALUES>
		<LCS_MIN>[0.10904000699520111, 0.1056148111820221, 0.11081059277057648, 0.07368355989456177, 0.019007926806807518, 0.00829320028424263]</LCS_MIN>
		<LCS_MAX>[0.1248551681637764, 0.12854212522506714, 0.13462413847446442, 0.11337609589099884, 0.07224764674901962, 0.06640052050352097]</LCS_MAX>
		<WAVELENGTH>[0.485, 0.56, 0.66, 0.83, 1.65, 2.215]</WAVELENGTH>
		<MEAN_VALUE>[0.11508784376912651, 0.11465837069683606, 0.1207769964304235, 0.08878877460956572, 0.03904971966726912, 0.030958454166021603]</MEAN_VALUE>
		<CHECKBOX>2</CHECKBOX>
		<SD>[0.0032927382928023994, 0.0038429173210039846, 0.004895601896279791, 0.009948216102258737, 0.014260628644516136, 0.013188832291389589]</SD>
		<WAVELENGTH_UNIT>E-6m</WAVELENGTH_UNIT>
		<COLOR>#fc8145</COLOR>
		<COVARIANCE_MATRIX>[[1.0963947099324143e-05, 1.0217422919903525e-05, 1.1768876246806998e-05, 1.577031462629354e-05, 2.1608369581873728e-05, 2.636693056679403e-05], [1.0217422919903525e-05, 1.493394627243279e-05, 1.587047246085839e-05, 1.5877469499007936e-05, 2.1892340642030032e-05, 2.8484946976768045e-05], [1.1768876246806998e-05, 1.587047246085839e-05, 2.4236209139519714e-05, 1.483914681209988e-05, 2.131302215133134e-05, 3.288043611109864e-05], [1.577031462629354e-05, 1.5877469499007936e-05, 1.483914681209988e-05, 0.00010007899242192812, 0.00012584602683870413, 0.00011082412129175075], [2.1608369581873728e-05, 2.1892340642030032e-05, 2.131302215133134e-05, 0.00012584602683870413, 0.00020565053528439852, 0.0001731978427253949], [2.636693056679403e-05, 2.8484946976768045e-05, 3.288043611109864e-05, 0.00011082412129175075, 0.0001731978427253949, 0.00017589973875209067]]</COVARIANCE_MATRIX>
		<ROI_SIZE>90</ROI_SIZE>
		<MAX_VALUE>[0.1248551681637764, 0.12854212522506714, 0.13462413847446442, 0.11337609589099884, 0.07224764674901962, 0.06640052050352097]</MAX_VALUE>
		<MIN_VALUE>[0.10904000699520111, 0.1056148111820221, 0.11081059277057648, 0.07368355989456177, 0.019007926806807518, 0.00829320028424263]</MIN_VALUE>
		<SIGNATURE_THRESHOLD_MD>0</SIGNATURE_THRESHOLD_MD>
		<SIGNATURE_THRESHOLD_ML>0</SIGNATURE_THRESHOLD_ML>
		<SIGNATURE_THRESHOLD_SAM>0</SIGNATURE_THRESHOLD_SAM>
	</signature>
	<signature ID="20210204_171325105121_631">
		<MACROCLASSID>1</MACROCLASSID>
		<MACROCLASSINFO>waterbody</MACROCLASSINFO>
		<CLASSID>3</CLASSID>
		<CLASSINFO>C 1</CLASSINFO>
		<VALUES>[0.1143193047108321, 0.0020353468402468863, 0.1194832073631643, 0.002252585588058407, 0.0989342276221034, 0.004118072170444813, 0.05589035579442291, 0.0069806218573590035, 0.026228944160814945, 0.008514413927093723, 0.01825897543337839, 0.008082681285215682]</VALUES>
		<LCS_MIN>[0.10904000699520111, 0.11421256512403488, 0.09493489563465118, 0.047221872955560684, 0.016878336668014526, 0.00829320028424263]</LCS_MIN>
		<LCS_MAX>[0.11958344280719757, 0.1256762146949768, 0.11610248684883118, 0.08691440522670746, 0.061599694192409515, 0.04805083945393562]</LCS_MAX>
		<WAVELENGTH>[0.485, 0.56, 0.66, 0.83, 1.65, 2.215]</WAVELENGTH>
		<MEAN_VALUE>[0.1143193047108321, 0.1194832073631643, 0.0989342276221034, 0.05589035579442291, 0.026228944160814945, 0.01825897543337839]</MEAN_VALUE>
		<CHECKBOX>2</CHECKBOX>
		<SD>[0.0020353468402468863, 0.002252585588058407, 0.004118072170444813, 0.0069806218573590035, 0.008514413927093723, 0.008082681285215682]</SD>
		<WAVELENGTH_UNIT>E-6m</WAVELENGTH_UNIT>
		<COLOR>#9bddf2</COLOR>
		<COVARIANCE_MATRIX>[[4.166582637329029e-06, 1.2261490318951426e-06, 3.59780570323915e-06, 4.570470315790853e-06, 6.693918163434279e-06, 6.354393958954767e-06], [1.2261490318951426e-06, 5.103472131132627e-06, 5.317873839335192e-06, 6.212676054191468e-06, 8.3943109296886e-06, 7.763733177560439e-06], [3.59780570323915e-06, 5.317873839335192e-06, 1.7056544518916933e-05, 2.1994362911721487e-05, 2.5217079755432523e-05, 2.3526966442145978e-05], [4.570470315790853e-06, 6.212676054191468e-06, 2.1994362911721487e-05, 4.9010752506857025e-05, 4.136017547146042e-05, 3.643298512982134e-05], [6.693918163434279e-06, 8.3943109296886e-06, 2.5217079755432523e-05, 4.136017547146042e-05, 7.291429217808342e-05, 5.94597064199909e-05], [6.354393958954767e-06, 7.763733177560439e-06, 2.3526966442145978e-05, 3.643298512982134e-05, 5.94597064199909e-05, 6.57073652945515e-05]]</COVARIANCE_MATRIX>
		<ROI_SIZE>174</ROI_SIZE>
		<MAX_VALUE>[0.11958344280719757, 0.1256762146949768, 0.11610248684883118, 0.08691440522670746, 0.061599694192409515, 0.04805083945393562]</MAX_VALUE>
		<MIN_VALUE>[0.10904000699520111, 0.11421256512403488, 0.09493489563465118, 0.047221872955560684, 0.016878336668014526, 0.00829320028424263]</MIN_VALUE>
		<SIGNATURE_THRESHOLD_MD>0</SIGNATURE_THRESHOLD_MD>
		<SIGNATURE_THRESHOLD_ML>0</SIGNATURE_THRESHOLD_ML>
		<SIGNATURE_THRESHOLD_SAM>0</SIGNATURE_THRESHOLD_SAM>
	</signature>
	<signature ID="20210204_171328186778_856">
		<MACROCLASSID>1</MACROCLASSID>
		<MACROCLASSINFO>waterbody</MACROCLASSINFO>
		<CLASSID>4</CLASSID>
		<CLASSINFO>C 1</CLASSINFO>
		<VALUES>[0.12508437134649447, 0.002163334586981882, 0.13875973548578183, 0.00273753006782267, 0.11272794342991234, 0.0034567698681928598, 0.05700119044901667, 0.00625657605434897, 0.029964503980633134, 0.007343851010179955, 0.021501424560404336, 0.007536196136185703]</VALUES>
		<LCS_MIN>[0.12090136855840683, 0.13140803575515747, 0.10816465318202972, 0.047221872955560684, 0.019007926806807518, 0.011351482011377811]</LCS_MIN>
		<LCS_MAX>[0.1314448118209839, 0.14860351383686066, 0.12933224439620972, 0.08360669761896133, 0.05734052136540413, 0.04805083945393562]</LCS_MAX>
		<WAVELENGTH>[0.485, 0.56, 0.66, 0.83, 1.65, 2.215]</WAVELENGTH>
		<MEAN_VALUE>[0.12508437134649447, 0.13875973548578183, 0.11272794342991234, 0.05700119044901667, 0.029964503980633134, 0.021501424560404336]</MEAN_VALUE>
		<CHECKBOX>2</CHECKBOX>
		<SD>[0.002163334586981882, 0.00273753006782267, 0.0034567698681928598, 0.00625657605434897, 0.007343851010179955, 0.007536196136185703]</SD>
		<WAVELENGTH_UNIT>E-6m</WAVELENGTH_UNIT>
		<COLOR>#cf2306</COLOR>
		<COVARIANCE_MATRIX>[[4.748840307808985e-06, 2.3449770016615445e-06, 1.5540755635594761e-06, 3.944033380228344e-06, 3.106347225177348e-06, 1.8477984922066247e-06], [2.3449770016615445e-06, 7.604277796824832e-06, 3.9854666409081814e-06, 6.5096550706675555e-06, 4.339365688975403e-06, 3.5529777805353845e-06], [1.5540755635594761e-06, 3.9854666409081814e-06, 1.212498230284676e-05, 1.6110675305902008e-05, 1.680106105050997e-05, 1.738100187327316e-05], [3.944033380228344e-06, 6.5096550706675555e-06, 1.6110675305902008e-05, 3.972040192273309e-05, 3.070742559504697e-05, 3.1828878602036774e-05], [3.106347225177348e-06, 4.339365688975403e-06, 1.680106105050997e-05, 3.070742559504697e-05, 5.4725267478246456e-05, 4.2219883869840514e-05], [1.8477984922066247e-06, 3.5529777805353845e-06, 1.738100187327316e-05, 3.1828878602036774e-05, 4.2219883869840514e-05, 5.7629461794281776e-05]]</COVARIANCE_MATRIX>
		<ROI_SIZE>69</ROI_SIZE>
		<MAX_VALUE>[0.1314448118209839, 0.14860351383686066, 0.12933224439620972, 0.08360669761896133, 0.05734052136540413, 0.04805083945393562]</MAX_VALUE>
		<MIN_VALUE>[0.12090136855840683, 0.13140803575515747, 0.10816465318202972, 0.047221872955560684, 0.019007926806807518, 0.011351482011377811]</MIN_VALUE>
		<SIGNATURE_THRESHOLD_MD>0</SIGNATURE_THRESHOLD_MD>
		<SIGNATURE_THRESHOLD_ML>0</SIGNATURE_THRESHOLD_ML>
		<SIGNATURE_THRESHOLD_SAM>0</SIGNATURE_THRESHOLD_SAM>
	</signature>
	<signature ID="20210204_171332126362_993">
		<MACROCLASSID>1</MACROCLASSID>
		<MACROCLASSINFO>waterbody</MACROCLASSINFO>
		<CLASSID>5</CLASSID>
		<CLASSINFO>C 1</CLASSINFO>
		<VALUES>[0.09906140486804808, 0.0020965484984271504, 0.09546714420525394, 0.0025293998758540133, 0.07104035109585645, 0.003432333814865778, 0.049483264131205434, 0.006385225485939246, 0.029742789872902988, 0.009852999891969272, 0.02074476947285692, 0.007570432775278818]</VALUES>
		<LCS_MIN>[0.09454279392957687, 0.0884193480014801, 0.06582945585250854, 0.033991020172834396, 0.016878336668014526, 0.011351482011377811]</LCS_MIN>
		<LCS_MAX>[0.10508622229099274, 0.1056148111820221, 0.08170514553785324, 0.07037585228681564, 0.061599694192409515, 0.04805083945393562]</LCS_MAX>
		<WAVELENGTH>[0.485, 0.56, 0.66, 0.83, 1.65, 2.215]</WAVELENGTH>
		<MEAN_VALUE>[0.09906140486804808, 0.09546714420525394, 0.07104035109585645, 0.049483264131205434, 0.029742789872902988, 0.02074476947285692]</MEAN_VALUE>
		<CHECKBOX>2</CHECKBOX>
		<SD>[0.0020965484984271504, 0.0025293998758540133, 0.003432333814865778, 0.006385225485939246, 0.009852999891969272, 0.007570432775278818]</SD>
		<WAVELENGTH_UNIT>E-6m</WAVELENGTH_UNIT>
		<COLOR>#2a9990</COLOR>
		<COVARIANCE_MATRIX>[[4.440830200136084e-06, 1.2349210791859135e-06, 2.7784431007803185e-06, 5.855248424951817e-06, 1.1611011153858301e-05, 8.227408711743283e-06], [1.2349210791859135e-06, 6.463821090031858e-06, 4.641896505094123e-06, 8.720735897888065e-06, 1.1084166458731118e-05, 8.926131779334986e-06], [2.7784431007803185e-06, 4.641896505094123e-06, 1.1902368152925423e-05, 1.705753731544655e-05, 2.2081523707193864e-05, 1.7453335985594243e-05], [5.855248424951817e-06, 8.720735897888065e-06, 1.705753731544655e-05, 4.119142517130137e-05, 4.482530699960709e-05, 3.714875778478427e-05], [1.1611011153858301e-05, 1.1084166458731118e-05, 2.2081523707193864e-05, 4.482530699960709e-05, 9.808244817909644e-05, 6.054386240939495e-05], [8.227408711743283e-06, 8.926131779334986e-06, 1.7453335985594243e-05, 3.714875778478427e-05, 6.054386240939495e-05, 5.790229212053139e-05]]</COVARIANCE_MATRIX>
		<ROI_SIZE>98</ROI_SIZE>
		<MAX_VALUE>[0.10508622229099274, 0.1056148111820221, 0.08170514553785324, 0.07037585228681564, 0.061599694192409515, 0.04805083945393562]</MAX_VALUE>
		<MIN_VALUE>[0.09454279392957687, 0.0884193480014801, 0.06582945585250854, 0.033991020172834396, 0.016878336668014526, 0.011351482011377811]</MIN_VALUE>
		<SIGNATURE_THRESHOLD_MD>0</SIGNATURE_THRESHOLD_MD>
		<SIGNATURE_THRESHOLD_ML>0</SIGNATURE_THRESHOLD_ML>
		<SIGNATURE_THRESHOLD_SAM>0</SIGNATURE_THRESHOLD_SAM>
	</signature>
	<signature ID="20210204_174921715162_185">
		<MACROCLASSID>1</MACROCLASSID>
		<MACROCLASSINFO>waterbody</MACROCLASSINFO>
		<CLASSID>6</CLASSID>
		<CLASSINFO>C 1</CLASSINFO>
		<VALUES>[0.0917432280744778, 0.0025720638383337374, 0.11648449378669136, 0.005121022822469461, 0.08617537752552945, 0.004588145452266253, 0.04457200542144322, 0.007266780788383659, 0.021034972893304235, 0.006172256113204834, 0.0161427151592447, 0.0056563427801686215]</VALUES>
		<LCS_MIN>[0.08399935066699982, 0.08555343002080917, 0.07112134248018265, 0.033991020172834396, 0.006230394821614027, 0.0052349199540913105]</LCS_MIN>
		<LCS_MAX>[0.0998145118355751, 0.12854212522506714, 0.11081059277057648, 0.08360669761896133, 0.05947010964155197, 0.04805083945393562]</LCS_MAX>
		<WAVELENGTH>[0.485, 0.56, 0.66, 0.83, 1.65, 2.215]</WAVELENGTH>
		<MEAN_VALUE>[0.0917432280744778, 0.11648449378669136, 0.08617537752552945, 0.04457200542144322, 0.021034972893304235, 0.0161427151592447]</MEAN_VALUE>
		<CHECKBOX>2</CHECKBOX>
		<SD>[0.0025720638383337374, 0.005121022822469461, 0.004588145452266253, 0.007266780788383659, 0.006172256113204834, 0.0056563427801686215]</SD>
		<WAVELENGTH_UNIT>E-6m</WAVELENGTH_UNIT>
		<COLOR>#c7b241</COLOR>
		<COVARIANCE_MATRIX>[[5.569266989731277e-06, 6.051481543176191e-06, 5.7127763667021435e-06, 3.272506413012412e-06, 5.46244243790245e-06, 5.093805448039968e-06], [6.051481543176191e-06, 2.8613599705615126e-05, 1.1877283863225284e-05, -1.842572989338365e-05, -1.215327763404713e-07, 1.0895023649335432e-06], [5.7127763667021435e-06, 1.1877283863225284e-05, 1.6227129753346945e-05, 6.55334422124155e-06, 1.1383049397771656e-05, 9.924800120225299e-06], [3.272506413012412e-06, -1.842572989338365e-05, 6.55334422124155e-06, 5.454811015646218e-05, 2.5666220202008925e-05, 2.177259670698589e-05], [5.46244243790245e-06, -1.215327763404713e-07, 1.1383049397771656e-05, 2.5666220202008925e-05, 2.7928222568771563e-05, 2.1509746111158242e-05], [5.093805448039968e-06, 1.0895023649335432e-06, 9.924800120225299e-06, 2.177259670698589e-05, 2.1509746111158242e-05, 2.585183358148543e-05]]</COVARIANCE_MATRIX>
		<ROI_SIZE>3372</ROI_SIZE>
		<MAX_VALUE>[0.0998145118355751, 0.12854212522506714, 0.11081059277057648, 0.08360669761896133, 0.05947010964155197, 0.04805083945393562]</MAX_VALUE>
		<MIN_VALUE>[0.08399935066699982, 0.08555343002080917, 0.07112134248018265, 0.033991020172834396, 0.006230394821614027, 0.0052349199540913105]</MIN_VALUE>
		<SIGNATURE_THRESHOLD_MD>0</SIGNATURE_THRESHOLD_MD>
		<SIGNATURE_THRESHOLD_ML>0</SIGNATURE_THRESHOLD_ML>
		<SIGNATURE_THRESHOLD_SAM>0</SIGNATURE_THRESHOLD_SAM>
	</signature>
	<signature ID="20210204_175043390368_322">
		<MACROCLASSID>1</MACROCLASSID>
		<MACROCLASSINFO>waterbody</MACROCLASSINFO>
		<CLASSID>7</CLASSID>
		<CLASSINFO>C 1</CLASSINFO>
		<VALUES>[0.091536395023773, 0.0022302818946296913, 0.11013165234924675, 0.009422356261678666, 0.08215571910869768, 0.0059425981849069685, 0.046338832713746135, 0.009006650094811641, 0.01867361343207615, 0.004218474809403992, 0.01436364952156819, 0.0042061840704635065]</VALUES>
		<LCS_MIN>[0.08268143236637115, 0.07122386246919632, 0.05524566024541855, 0.033991020172834396, 0.008359984494745731, 0.0052349199540913105]</LCS_MIN>
		<LCS_MAX>[0.09849657118320465, 0.12281031161546707, 0.10816465318202972, 0.08360669761896133, 0.05308133736252785, 0.04805083945393562]</LCS_MAX>
		<WAVELENGTH>[0.485, 0.56, 0.66, 0.83, 1.65, 2.215]</WAVELENGTH>
		<MEAN_VALUE>[0.091536395023773, 0.11013165234924675, 0.08215571910869768, 0.046338832713746135, 0.01867361343207615, 0.01436364952156819]</MEAN_VALUE>
		<CHECKBOX>2</CHECKBOX>
		<SD>[0.0022302818946296913, 0.009422356261678666, 0.0059425981849069685, 0.009006650094811641, 0.004218474809403992, 0.0042061840704635065]</SD>
		<WAVELENGTH_UNIT>E-6m</WAVELENGTH_UNIT>
		<COLOR>#98c98d</COLOR>
		<COVARIANCE_MATRIX>[[6.093990188807763e-06, 1.2799603185990183e-05, 1.1902761025878319e-05, -2.1281556083152212e-07, 3.216295108072181e-06, 3.432840119734631e-06], [1.2799603185990183e-05, 0.00010129178485120673, 6.0330158487021446e-05, -5.6746333184444724e-05, 2.407166217780905e-06, 3.529965625840526e-06], [1.1902761025878319e-05, 6.0330158487021446e-05, 5.006814525197215e-05, -1.6397139866555867e-05, 9.075991919691685e-06, 9.178575792802592e-06], [-2.1281556083152212e-07, -5.6746333184444724e-05, -1.6397139866555867e-05, 8.577751187583107e-05, 1.5886658022364018e-05, 1.3507263990534812e-05], [3.216295108072181e-06, 2.407166217780905e-06, 9.075991919691685e-06, 1.5886658022364018e-05, 1.576733254458307e-05, 1.1188689476075988e-05], [3.432840119734631e-06, 3.529965625840526e-06, 9.178575792802592e-06, 1.3507263990534812e-05, 1.1188689476075988e-05, 1.65588692708297e-05]]</COVARIANCE_MATRIX>
		<ROI_SIZE>4349</ROI_SIZE>
		<MAX_VALUE>[0.09849657118320465, 0.12281031161546707, 0.10816465318202972, 0.08360669761896133, 0.05308133736252785, 0.04805083945393562]</MAX_VALUE>
		<MIN_VALUE>[0.08268143236637115, 0.07122386246919632, 0.05524566024541855, 0.033991020172834396, 0.008359984494745731, 0.0052349199540913105]</MIN_VALUE>
		<SIGNATURE_THRESHOLD_MD>0</SIGNATURE_THRESHOLD_MD>
		<SIGNATURE_THRESHOLD_ML>0</SIGNATURE_THRESHOLD_ML>
		<SIGNATURE_THRESHOLD_SAM>0</SIGNATURE_THRESHOLD_SAM>
	</signature>
	<signature ID="20210204_175054295329_187">
		<MACROCLASSID>1</MACROCLASSID>
		<MACROCLASSINFO>waterbody</MACROCLASSINFO>
		<CLASSID>8</CLASSID>
		<CLASSINFO>C 1</CLASSINFO>
		<VALUES>[0.09743399472361432, 0.0027100242218206583, 0.11790259625638604, 0.0038736465982748074, 0.09031932164340671, 0.0039280284916509, 0.05560695134574342, 0.005884711217404543, 0.035303403068154056, 0.006513212869054383, 0.02744331467329423, 0.005700216638253551]</VALUES>
		<LCS_MIN>[0.08927108347415924, 0.09128525853157043, 0.07641325145959854, 0.04060643911361694, 0.02113751508295536, 0.014409760944545269]</LCS_MIN>
		<LCS_MAX>[0.10508622229099274, 0.1256762146949768, 0.11081059277057648, 0.09683753550052643, 0.06798846274614334, 0.06028395891189575]</LCS_MAX>
		<WAVELENGTH>[0.485, 0.56, 0.66, 0.83, 1.65, 2.215]</WAVELENGTH>
		<MEAN_VALUE>[0.09743399472361432, 0.11790259625638604, 0.09031932164340671, 0.05560695134574342, 0.035303403068154056, 0.02744331467329423]</MEAN_VALUE>
		<CHECKBOX>2</CHECKBOX>
		<SD>[0.0027100242218206583, 0.0038736465982748074, 0.0039280284916509, 0.005884711217404543, 0.006513212869054383, 0.005700216638253551]</SD>
		<WAVELENGTH_UNIT>E-6m</WAVELENGTH_UNIT>
		<COLOR>#4099b5</COLOR>
		<COVARIANCE_MATRIX>[[7.349227358557315e-06, 7.161135035160708e-06, 7.684004657538735e-06, 8.826958816115217e-06, 8.868995454029266e-06, 6.902484275559121e-06], [7.161135035160708e-06, 1.5015345545175047e-05, 1.0770421857379748e-05, 7.072248194335563e-06, 6.614852052188498e-06, 5.582559037979083e-06], [7.684004657538735e-06, 1.0770421857379748e-05, 1.5439904027024863e-05, 1.5020377362833876e-05, 1.54434181352414e-05, 1.282393220727844e-05], [8.826958816115217e-06, 7.072248194335563e-06, 1.5020377362833876e-05, 3.465338381708521e-05, 3.174104562959649e-05, 2.5537642695801573e-05], [8.868995454029266e-06, 6.614852052188498e-06, 1.54434181352414e-05, 3.174104562959649e-05, 4.245080034147786e-05, 3.0672571726052826e-05], [6.902484275559121e-06, 5.582559037979083e-06, 1.282393220727844e-05, 2.5537642695801573e-05, 3.0672571726052826e-05, 3.251457344392273e-05]]</COVARIANCE_MATRIX>
		<ROI_SIZE>1471</ROI_SIZE>
		<MAX_VALUE>[0.10508622229099274, 0.1256762146949768, 0.11081059277057648, 0.09683753550052643, 0.06798846274614334, 0.06028395891189575]</MAX_VALUE>
		<MIN_VALUE>[0.08927108347415924, 0.09128525853157043, 0.07641325145959854, 0.04060643911361694, 0.02113751508295536, 0.014409760944545269]</MIN_VALUE>
		<SIGNATURE_THRESHOLD_MD>0</SIGNATURE_THRESHOLD_MD>
		<SIGNATURE_THRESHOLD_ML>0</SIGNATURE_THRESHOLD_ML>
		<SIGNATURE_THRESHOLD_SAM>0</SIGNATURE_THRESHOLD_SAM>
	</signature>
	<signature ID="20210204_175135113367_438">
		<MACROCLASSID>1</MACROCLASSID>
		<MACROCLASSINFO>waterbody</MACROCLASSINFO>
		<CLASSID>9</CLASSID>
		<CLASSINFO>C 1</CLASSINFO>
		<VALUES>[0.0814936717773153, 0.0030759453683823056, 0.06923908898914713, 0.006005609209508605, 0.0545867097640639, 0.007165507406413225, 0.08630294852147741, 0.018826180331667965, 0.014850235787176662, 0.005294028420907663, 0.009929298348961092, 0.004215342671003555]</VALUES>
		<LCS_MIN>[0.07345592230558395, 0.056894294917583466, 0.04201590642333031, 0.05052958056330681, 0.004100807011127472, 0.0021766405552625656]</LCS_MIN>
		<LCS_MAX>[0.09454279392957687, 0.09988299757242203, 0.09228894859552383, 0.12991464138031006, 0.05308133736252785, 0.044992558658123016]</LCS_MAX>
		<WAVELENGTH>[0.485, 0.56, 0.66, 0.83, 1.65, 2.215]</WAVELENGTH>
		<MEAN_VALUE>[0.0814936717773153, 0.06923908898914713, 0.0545867097640639, 0.08630294852147741, 0.014850235787176662, 0.009929298348961092]</MEAN_VALUE>
		<CHECKBOX>2</CHECKBOX>
		<SD>[0.0030759453683823056, 0.006005609209508605, 0.007165507406413225, 0.018826180331667965, 0.005294028420907663, 0.004215342671003555]</SD>
		<WAVELENGTH_UNIT>E-6m</WAVELENGTH_UNIT>
		<COLOR>#e936f9</COLOR>
		<COVARIANCE_MATRIX>[[9.4334124137694e-06, 1.6417049283606942e-05, 1.8318933320286304e-05, 2.6022471456286296e-05, 8.60270811426154e-06, 5.507749181818325e-06], [1.6417049283606942e-05, 4.0684994732992203e-05, 4.207781323349494e-05, 6.53995233495503e-05, 1.905878524387242e-05, 1.1954817036430947e-05], [1.8318933320286304e-05, 4.207781323349494e-05, 5.1658323657014214e-05, 7.444014490499063e-05, 2.4886483231122274e-05, 1.6133303135023965e-05], [2.6022471456286296e-05, 6.53995233495503e-05, 7.444014490499063e-05, 0.00035530829364950427, 4.506959803080469e-05, 2.822871590580481e-05], [8.60270811426154e-06, 1.905878524387242e-05, 2.4886483231122274e-05, 4.506959803080469e-05, 3.0544840612158804e-05, 1.9035527033595436e-05], [5.507749181818325e-06, 1.1954817036430947e-05, 1.6133303135023965e-05, 2.822871590580481e-05, 1.9035527033595436e-05, 1.9380702436188454e-05]]</COVARIANCE_MATRIX>
		<ROI_SIZE>5349</ROI_SIZE>
		<MAX_VALUE>[0.09454279392957687, 0.09988299757242203, 0.09228894859552383, 0.12991464138031006, 0.05308133736252785, 0.044992558658123016]</MAX_VALUE>
		<MIN_VALUE>[0.07345592230558395, 0.056894294917583466, 0.04201590642333031, 0.05052958056330681, 0.004100807011127472, 0.0021766405552625656]</MIN_VALUE>
		<SIGNATURE_THRESHOLD_MD>0</SIGNATURE_THRESHOLD_MD>
		<SIGNATURE_THRESHOLD_ML>0</SIGNATURE_THRESHOLD_ML>
		<SIGNATURE_THRESHOLD_SAM>0</SIGNATURE_THRESHOLD_SAM>
	</signature>
	<signature ID="20210204_175143518219_359">
		<MACROCLASSID>1</MACROCLASSID>
		<MACROCLASSINFO>waterbody</MACROCLASSINFO>
		<CLASSID>10</CLASSID>
		<CLASSINFO>C 1</CLASSINFO>
		<VALUES>[0.10022211474241668, 0.002527382740391907, 0.11899893293061208, 0.003411450458268289, 0.09708984234591118, 0.005865430357394381, 0.07259235438919559, 0.009555094321197197, 0.030534048555130804, 0.009591085768995837, 0.023805301607653647, 0.00744276801676979]</VALUES>
		<LCS_MIN>[0.09454279392957687, 0.10848072916269302, 0.08964299410581589, 0.06045270711183548, 0.014748748391866684, 0.014409760944545269]</LCS_MIN>
		<LCS_MAX>[0.10904000699520111, 0.13140803575515747, 0.12139437347650528, 0.10014524310827255, 0.0658588781952858, 0.05722568556666374]</LCS_MAX>
		<WAVELENGTH>[0.485, 0.56, 0.66, 0.83, 1.65, 2.215]</WAVELENGTH>
		<MEAN_VALUE>[0.10022211474241668, 0.11899893293061208, 0.09708984234591118, 0.07259235438919559, 0.030534048555130804, 0.023805301607653647]</MEAN_VALUE>
		<CHECKBOX>2</CHECKBOX>
		<SD>[0.002527382740391907, 0.003411450458268289, 0.005865430357394381, 0.009555094321197197, 0.009591085768995837, 0.00744276801676979]</SD>
		<WAVELENGTH_UNIT>E-6m</WAVELENGTH_UNIT>
		<COLOR>#95d4d4</COLOR>
		<COVARIANCE_MATRIX>[[6.454201678060372e-06, 5.622206213432329e-06, 1.1353910229694289e-05, 1.579788777997795e-05, 4.754611079162467e-06, 3.6458121981659374e-06], [5.622206213432329e-06, 1.1759223335773273e-05, 1.1379483468974335e-05, 1.0017124173944702e-05, -4.056353181650526e-06, -4.354141377047613e-06], [1.1353910229694289e-05, 1.1379483468974335e-05, 3.476164070741699e-05, 4.8415337392438006e-05, 2.2505241306423616e-05, 1.5956431171359393e-05], [1.579788777997795e-05, 1.0017124173944702e-05, 4.8415337392438006e-05, 9.225086735663097e-05, 6.040254722486529e-05, 4.386819173584158e-05], [4.754611079162467e-06, -4.056353181650526e-06, 2.2505241306423616e-05, 6.040254722486529e-05, 9.29471442097786e-05, 6.547569175686275e-05], [3.6458121981659374e-06, -4.354141377047613e-06, 1.5956431171359393e-05, 4.386819173584158e-05, 6.547569175686275e-05, 5.5971824873862266e-05]]</COVARIANCE_MATRIX>
		<ROI_SIZE>97</ROI_SIZE>
		<MAX_VALUE>[0.10904000699520111, 0.13140803575515747, 0.12139437347650528, 0.10014524310827255, 0.0658588781952858, 0.05722568556666374]</MAX_VALUE>
		<MIN_VALUE>[0.09454279392957687, 0.10848072916269302, 0.08964299410581589, 0.06045270711183548, 0.014748748391866684, 0.014409760944545269]</MIN_VALUE>
		<SIGNATURE_THRESHOLD_MD>0</SIGNATURE_THRESHOLD_MD>
		<SIGNATURE_THRESHOLD_ML>0</SIGNATURE_THRESHOLD_ML>
		<SIGNATURE_THRESHOLD_SAM>0</SIGNATURE_THRESHOLD_SAM>
	</signature>
	<signature ID="20210204_175151597874_686">
		<MACROCLASSID>1</MACROCLASSID>
		<MACROCLASSINFO>waterbody</MACROCLASSINFO>
		<CLASSID>11</CLASSID>
		<CLASSINFO>C 1</CLASSINFO>
		<VALUES>[0.090541935747578, 0.0021679323365216287, 0.10542375443591963, 0.0037683078346299327, 0.07614865574453561, 0.0046761734523024, 0.046150800266436136, 0.006137357731967196, 0.021314979981010146, 0.006545780404222017, 0.015567538555755865, 0.005601164922579695]</VALUES>
		<LCS_MIN>[0.08399935066699982, 0.08555343002080917, 0.06582945585250854, 0.03729873523116112, 0.010489571839571, 0.0052349199540913105]</LCS_MIN>
		<LCS_MAX>[0.09849657118320465, 0.11994438618421555, 0.11081059277057648, 0.08360669761896133, 0.05521093308925629, 0.04805083945393562]</LCS_MAX>
		<WAVELENGTH>[0.485, 0.56, 0.66, 0.83, 1.65, 2.215]</WAVELENGTH>
		<MEAN_VALUE>[0.090541935747578, 0.10542375443591963, 0.07614865574453561, 0.046150800266436136, 0.021314979981010146, 0.015567538555755865]</MEAN_VALUE>
		<CHECKBOX>2</CHECKBOX>
		<SD>[0.0021679323365216287, 0.0037683078346299327, 0.0046761734523024, 0.006137357731967196, 0.006545780404222017, 0.005601164922579695]</SD>
		<WAVELENGTH_UNIT>E-6m</WAVELENGTH_UNIT>
		<COLOR>#c0c2e6</COLOR>
		<COVARIANCE_MATRIX>[[4.7111476339121376e-06, 4.705563880142217e-06, 6.3210268580240345e-06, 6.191950151153486e-06, 4.127917449513409e-06, 3.411854258939464e-06], [4.705563880142217e-06, 1.4234034494854306e-05, 1.0120398015721238e-05, 5.450968048851538e-06, 1.3595070449694904e-06, 6.819378287927889e-07], [6.3210268580240345e-06, 1.0120398015721238e-05, 2.1918785741115668e-05, 1.84941589235611e-05, 1.4544189821137983e-05, 1.1662981588495186e-05], [6.191950151153486e-06, 5.450968048851538e-06, 1.84941589235611e-05, 3.7757057686534136e-05, 3.191403776775e-05, 2.4371991825678852e-05], [4.127917449513409e-06, 1.3595070449694904e-06, 1.4544189821137983e-05, 3.191403776775e-05, 4.29495018189134e-05, 2.960716933422098e-05], [3.411854258939464e-06, 6.819378287927889e-07, 1.1662981588495186e-05, 2.4371991825678852e-05, 2.960716933422098e-05, 3.144792450065305e-05]]</COVARIANCE_MATRIX>
		<ROI_SIZE>420</ROI_SIZE>
		<MAX_VALUE>[0.09849657118320465, 0.11994438618421555, 0.11081059277057648, 0.08360669761896133, 0.05521093308925629, 0.04805083945393562]</MAX_VALUE>
		<MIN_VALUE>[0.08399935066699982, 0.08555343002080917, 0.06582945585250854, 0.03729873523116112, 0.010489571839571, 0.0052349199540913105]</MIN_VALUE>
		<SIGNATURE_THRESHOLD_MD>0</SIGNATURE_THRESHOLD_MD>
		<SIGNATURE_THRESHOLD_ML>0</SIGNATURE_THRESHOLD_ML>
		<SIGNATURE_THRESHOLD_SAM>0</SIGNATURE_THRESHOLD_SAM>
	</signature>
	<signature ID="20210204_175156607227_181">
		<MACROCLASSID>1</MACROCLASSID>
		<MACROCLASSINFO>waterbody</MACROCLASSINFO>
		<CLASSID>12</CLASSID>
		<CLASSINFO>C 1</CLASSINFO>
		<VALUES>[0.09321546704639513, 0.0034354655563011995, 0.09974506356605654, 0.00409559564731065, 0.06951774630874866, 0.005980444888190538, 0.04515823287600503, 0.006965302768101607, 0.03018731598986344, 0.008225317026732359, 0.023262963779669094, 0.007309639745840711]</VALUES>
		<LCS_MIN>[0.08399935066699982, 0.0884193480014801, 0.05524566024541855, 0.030683310702443123, 0.016878336668014526, 0.00829320028424263]</LCS_MIN>
		<LCS_MAX>[0.106404148042202, 0.11994438618421555, 0.10551869869232178, 0.07699126750230789, 0.061599694192409515, 0.054167408496141434]</LCS_MAX>
		<WAVELENGTH>[0.485, 0.56, 0.66, 0.83, 1.65, 2.215]</WAVELENGTH>
		<MEAN_VALUE>[0.09321546704639513, 0.09974506356605654, 0.06951774630874866, 0.04515823287600503, 0.03018731598986344, 0.023262963779669094]</MEAN_VALUE>
		<CHECKBOX>2</CHECKBOX>
		<SD>[0.0034354655563011995, 0.00409559564731065, 0.005980444888190538, 0.006965302768101607, 0.008225317026732359, 0.007309639745840711]</SD>
		<WAVELENGTH_UNIT>E-6m</WAVELENGTH_UNIT>
		<COLOR>#1518f8</COLOR>
		<COVARIANCE_MATRIX>[[1.1823499344940116e-05, 1.130967982735776e-05, 1.583909063195841e-05, 1.8390961780463338e-05, 1.768186820944305e-05, 1.4499924470624318e-05], [1.130967982735776e-05, 1.680385710574525e-05, 2.0740154237528824e-05, 2.263519839312999e-05, 2.354900904397278e-05, 1.848676851497525e-05], [1.583909063195841e-05, 2.0740154237528824e-05, 3.582958841972106e-05, 3.705360124947615e-05, 3.923064163934968e-05, 3.199600903002439e-05], [1.8390961780463338e-05, 2.263519839312999e-05, 3.705360124947615e-05, 4.860207737034422e-05, 4.636936894116115e-05, 3.949162169933261e-05], [1.768186820944305e-05, 2.354900904397278e-05, 3.923064163934968e-05, 4.636936894116115e-05, 6.777665419059306e-05, 5.2530126517580646e-05], [1.4499924470624318e-05, 1.848676851497525e-05, 3.199600903002439e-05, 3.949162169933261e-05, 5.2530126517580646e-05, 5.352624541614212e-05]]</COVARIANCE_MATRIX>
		<ROI_SIZE>561</ROI_SIZE>
		<MAX_VALUE>[0.106404148042202, 0.11994438618421555, 0.10551869869232178, 0.07699126750230789, 0.061599694192409515, 0.054167408496141434]</MAX_VALUE>
		<MIN_VALUE>[0.08399935066699982, 0.0884193480014801, 0.05524566024541855, 0.030683310702443123, 0.016878336668014526, 0.00829320028424263]</MIN_VALUE>
		<SIGNATURE_THRESHOLD_MD>0</SIGNATURE_THRESHOLD_MD>
		<SIGNATURE_THRESHOLD_ML>0</SIGNATURE_THRESHOLD_ML>
		<SIGNATURE_THRESHOLD_SAM>0</SIGNATURE_THRESHOLD_SAM>
	</signature>
	<signature ID="20210204_175209861391_803">
		<MACROCLASSID>1</MACROCLASSID>
		<MACROCLASSINFO>waterbody</MACROCLASSINFO>
		<CLASSID>13</CLASSID>
		<CLASSINFO>C 1</CLASSINFO>
		<VALUES>[0.11436515825020299, 0.0032747371984754615, 0.12079641862294155, 0.005068561607601118, 0.14215078879449813, 0.008561224843918205, 0.14191628740848725, 0.006022030277738774, 0.053196453652973916, 0.018265445388460238, 0.04274018052839548, 0.015350640396403341]</VALUES>
		<LCS_MIN>[0.10376829653978348, 0.10274890810251236, 0.11081059277057648, 0.12991464138031006, 0.02113751508295536, 0.00829320028424263]</LCS_MIN>
		<LCS_MAX>[0.12221929430961609, 0.13140803575515747, 0.15843768417835236, 0.16299176216125488, 0.08928434550762177, 0.07251708954572678]</LCS_MAX>
		<WAVELENGTH>[0.485, 0.56, 0.66, 0.83, 1.65, 2.215]</WAVELENGTH>
		<MEAN_VALUE>[0.11436515825020299, 0.12079641862294155, 0.14215078879449813, 0.14191628740848725, 0.053196453652973916, 0.04274018052839548]</MEAN_VALUE>
		<CHECKBOX>2</CHECKBOX>
		<SD>[0.0032747371984754615, 0.005068561607601118, 0.008561224843918205, 0.006022030277738774, 0.018265445388460238, 0.015350640396403341]</SD>
		<WAVELENGTH_UNIT>E-6m</WAVELENGTH_UNIT>
		<COLOR>#db7d63</COLOR>
		<COVARIANCE_MATRIX>[[1.0796855445059046e-05, 1.2801346354549936e-05, 1.8335708879211973e-05, 5.7302683899154914e-06, 9.177435522952675e-06, 1.572256657475383e-05], [1.2801346354549936e-05, 2.5865080829708223e-05, 3.955767497432772e-05, 2.0217492456294186e-06, -2.0276759507007244e-05, -4.030302483410053e-06], [1.8335708879211973e-05, 3.955767497432772e-05, 7.379317335076258e-05, -3.84299321002917e-06, -6.937132407574337e-05, -3.781461851527336e-05], [5.7302683899154914e-06, 2.0217492456294186e-06, -3.84299321002917e-06, 3.6511548316791693e-05, 6.49765600099985e-05, 5.164568375190253e-05], [9.177435522952675e-06, -2.0276759507007244e-05, -6.937132407574337e-05, 6.49765600099985e-05, 0.0003358960632336454, 0.00026059896909502744], [1.572256657475383e-05, -4.030302483410053e-06, -3.781461851527336e-05, 5.164568375190253e-05, 0.00026059896909502744, 0.00023724516847479005]]</COVARIANCE_MATRIX>
		<ROI_SIZE>148</ROI_SIZE>
		<MAX_VALUE>[0.12221929430961609, 0.13140803575515747, 0.15843768417835236, 0.16299176216125488, 0.08928434550762177, 0.07251708954572678]</MAX_VALUE>
		<MIN_VALUE>[0.10376829653978348, 0.10274890810251236, 0.11081059277057648, 0.12991464138031006, 0.02113751508295536, 0.00829320028424263]</MIN_VALUE>
		<SIGNATURE_THRESHOLD_MD>0</SIGNATURE_THRESHOLD_MD>
		<SIGNATURE_THRESHOLD_ML>0</SIGNATURE_THRESHOLD_ML>
		<SIGNATURE_THRESHOLD_SAM>0</SIGNATURE_THRESHOLD_SAM>
	</signature>
	<signature ID="20210204_175219745898_909">
		<MACROCLASSID>1</MACROCLASSID>
		<MACROCLASSINFO>waterbody</MACROCLASSINFO>
		<CLASSID>14</CLASSID>
		<CLASSINFO>C 1</CLASSINFO>
		<VALUES>[0.11262707256752512, 0.002826899600999584, 0.12011883731769481, 0.004946425863659298, 0.14085937116457067, 0.009727729173384662, 0.15925261702226554, 0.0065652095038189135, 0.050655462382280296, 0.019183545868620346, 0.03802500188998554, 0.01592731957551219]</VALUES>
		<LCS_MIN>[0.10508622229099274, 0.10274890810251236, 0.10816465318202972, 0.13983780145645142, 0.02113751508295536, 0.011351482011377811]</LCS_MIN>
		<LCS_MAX>[0.11958344280719757, 0.12854212522506714, 0.15314577519893646, 0.17622263729572296, 0.08502516150474548, 0.0786336362361908]</LCS_MAX>
		<WAVELENGTH>[0.485, 0.56, 0.66, 0.83, 1.65, 2.215]</WAVELENGTH>
		<MEAN_VALUE>[0.11262707256752512, 0.12011883731769481, 0.14085937116457067, 0.15925261702226554, 0.050655462382280296, 0.03802500188998554]</MEAN_VALUE>
		<CHECKBOX>2</CHECKBOX>
		<SD>[0.002826899600999584, 0.004946425863659298, 0.009727729173384662, 0.0065652095038189135, 0.019183545868620346, 0.01592731957551219]</SD>
		<WAVELENGTH_UNIT>E-6m</WAVELENGTH_UNIT>
		<COLOR>#d5cee7</COLOR>
		<COVARIANCE_MATRIX>[[8.061461015132736e-06, 1.0302396162700849e-05, 1.8947249729316497e-05, 1.1787777248616459e-06, 7.028299582303787e-07, 9.761666659977305e-06], [1.0302396162700849e-05, 2.4681752761736137e-05, 4.426808531114138e-05, 1.2400886971343767e-06, -2.9821514866305014e-05, -7.000454693448061e-06], [1.8947249729316497e-05, 4.426808531114138e-05, 9.545879131695332e-05, -3.351265777939135e-06, -8.339950082344677e-05, -3.6740135713977956e-05], [1.1787777248616459e-06, 1.2400886971343767e-06, -3.351265777939135e-06, 4.348006333630635e-05, 4.491595757535903e-05, 3.1574581693006215e-05], [7.028299582303787e-07, -2.9821514866305014e-05, -8.339950082344677e-05, 4.491595757535903e-05, 0.0003712365762346315, 0.0002838556843385572], [9.761666659977305e-06, -7.000454693448061e-06, -3.6740135713977956e-05, 3.1574581693006215e-05, 0.0002838556843385572, 0.0002559047677101473]]</COVARIANCE_MATRIX>
		<ROI_SIZE>115</ROI_SIZE>
		<MAX_VALUE>[0.11958344280719757, 0.12854212522506714, 0.15314577519893646, 0.17622263729572296, 0.08502516150474548, 0.0786336362361908]</MAX_VALUE>
		<MIN_VALUE>[0.10508622229099274, 0.10274890810251236, 0.10816465318202972, 0.13983780145645142, 0.02113751508295536, 0.011351482011377811]</MIN_VALUE>
		<SIGNATURE_THRESHOLD_MD>0</SIGNATURE_THRESHOLD_MD>
		<SIGNATURE_THRESHOLD_ML>0</SIGNATURE_THRESHOLD_ML>
		<SIGNATURE_THRESHOLD_SAM>0</SIGNATURE_THRESHOLD_SAM>
	</signature>
	<signature ID="20210204_175232581110_302">
		<MACROCLASSID>1</MACROCLASSID>
		<MACROCLASSINFO>waterbody</MACROCLASSINFO>
		<CLASSID>15</CLASSID>
		<CLASSINFO>C 1</CLASSINFO>
		<VALUES>[0.10922828810859701, 0.0031756686002481307, 0.11234094377379025, 0.004660913968483352, 0.12811726457154263, 0.007594444916896547, 0.11492869786309948, 0.010741143988105785, 0.04298752712618027, 0.017210837439711336, 0.03250978615287007, 0.013660800664771669]</VALUES>
		<LCS_MIN>[0.10113243758678436, 0.09128525853157043, 0.09493489563465118, 0.09683753550052643, 0.016878336668014526, 0.011351482011377811]</LCS_MIN>
		<LCS_MAX>[0.12090136855840683, 0.12854212522506714, 0.145207941532135, 0.14645320177078247, 0.07863640785217285, 0.06945881247520447]</LCS_MAX>
		<WAVELENGTH>[0.485, 0.56, 0.66, 0.83, 1.65, 2.215]</WAVELENGTH>
		<MEAN_VALUE>[0.10922828810859701, 0.11234094377379025, 0.12811726457154263, 0.11492869786309948, 0.04298752712618027, 0.03250978615287007]</MEAN_VALUE>
		<CHECKBOX>2</CHECKBOX>
		<SD>[0.0031756686002481307, 0.004660913968483352, 0.007594444916896547, 0.010741143988105785, 0.017210837439711336, 0.013660800664771669]</SD>
		<WAVELENGTH_UNIT>E-6m</WAVELENGTH_UNIT>
		<COLOR>#5e3b28</COLOR>
		<COVARIANCE_MATRIX>[[1.0136588346081952e-05, 1.1162425352595906e-05, 1.639610976381288e-05, 2.858317862829904e-06, 1.3784436843247696e-05, 1.8360621396313257e-05], [1.1162425352595906e-05, 2.1835524760175502e-05, 3.0146560637737856e-05, -8.940911017516026e-06, -5.811954244655317e-06, 6.002786510377812e-06], [1.639610976381288e-05, 3.0146560637737856e-05, 5.797136587062596e-05, -3.822871572429531e-05, -4.151196768320931e-05, -1.2463735412014122e-05], [2.858317862829904e-06, -8.940911017516026e-06, -3.822871572429531e-05, 0.00011596382634846824, 0.00013925795606441896, 9.662043057589424e-05], [1.3784436843247696e-05, -5.811954244655317e-06, -4.151196768320931e-05, 0.00013925795606441896, 0.0002977319660191243, 0.00022114273816443202], [1.8360621396313257e-05, 6.002786510377812e-06, -1.2463735412014122e-05, 9.662043057589424e-05, 0.00022114273816443202, 0.00018757448749392162]]</COVARIANCE_MATRIX>
		<ROI_SIZE>196</ROI_SIZE>
		<MAX_VALUE>[0.12090136855840683, 0.12854212522506714, 0.145207941532135, 0.14645320177078247, 0.07863640785217285, 0.06945881247520447]</MAX_VALUE>
		<MIN_VALUE>[0.10113243758678436, 0.09128525853157043, 0.09493489563465118, 0.09683753550052643, 0.016878336668014526, 0.011351482011377811]</MIN_VALUE>
		<SIGNATURE_THRESHOLD_MD>0</SIGNATURE_THRESHOLD_MD>
		<SIGNATURE_THRESHOLD_ML>0</SIGNATURE_THRESHOLD_ML>
		<SIGNATURE_THRESHOLD_SAM>0</SIGNATURE_THRESHOLD_SAM>
	</signature>
	<signature ID="20210204_175239328825_813">
		<MACROCLASSID>1</MACROCLASSID>
		<MACROCLASSINFO>waterbody</MACROCLASSINFO>
		<CLASSID>16</CLASSID>
		<CLASSINFO>C 1</CLASSINFO>
		<VALUES>[0.11359510528855025, 0.004481071788570223, 0.1168635327834636, 0.005947634058035475, 0.13060560617595907, 0.007821074797972633, 0.10498277749866243, 0.011564506619350896, 0.05214964617043734, 0.021859019461291665, 0.04323405107134019, 0.018667256022996605]</VALUES>
		<LCS_MIN>[0.10376829653978348, 0.09128525853157043, 0.09228894859552383, 0.08691440522670746, 0.019007926806807518, 0.014409760944545269]</LCS_MIN>
