<?xml version="1.0" ?>
<signaturelist MCID_LIST="[['1', 'waterbody', '#000000'], ['2', 'vegetation', '#000000'], ['3', 'bareland', '#000000'], ['4', 'built-up', '#000000']]">
	<signature ID="20210602_161019454938_479">
		<MACROCLASSID>1</MACROCLASSID>
		<MACROCLASSINFO>waterbody</MACROCLASSINFO>
		<CLASSID>1</CLASSID>
		<CLASSINFO>C 1</CLASSINFO>
		<VALUES>[0.14502600142412464, 0.0022292187273734053, 0.13337170758306924, 0.0023179560201279535, 0.15459145983907857, 0.003967404548344687, 0.15137209154812795, 0.007540780934901052, 0.026246912784207706, 0.00844159321990366, 0.01453232493650838, 0.006411819293381163]</VALUES>
		<LCS_MIN>[0.1379973441362381, 0.12499155104160309, 0.1294879913330078, 0.11176704615354538, 0.012890935875475407, 0.002083664294332266]</LCS_MIN>
		<LCS_MAX>[0.15299078822135925, 0.1447301208972931, 0.16454368829727173, 0.18571867048740387, 0.06379860639572144, 0.05280941724777222]</LCS_MAX>
		<WAVELENGTH>[0.485, 0.56, 0.66, 0.835, 1.65, 2.22]</WAVELENGTH>
		<MEAN_VALUE>[0.14502600142412464, 0.13337170758306924, 0.15459145983907857, 0.15137209154812795, 0.026246912784207706, 0.01453232493650838]</MEAN_VALUE>
		<CHECKBOX>2</CHECKBOX>
		<SD>[0.0022292187273734053, 0.0023179560201279535, 0.003967404548344687, 0.007540780934901052, 0.00844159321990366, 0.006411819293381163]</SD>
		<WAVELENGTH_UNIT>E-6m</WAVELENGTH_UNIT>
		<COLOR>#31ebff</COLOR>
		<COVARIANCE_MATRIX>[[5.1262053015951006e-06, 3.0753393157145278e-06, 3.6542710044709352e-06, 1.5846923620477596e-07, 3.9320785779858e-06, 3.498964969204778e-06], [3.0753393157145278e-06, 5.878056187503678e-06, 4.956655782881199e-06, 6.971107593647595e-07, 3.200817153691721e-06, 3.0119565339868725e-06], [3.6542710044709352e-06, 4.956655782881199e-06, 1.4437342402344534e-05, 5.705932115024705e-06, -5.945863531918454e-06, -2.724337264002864e-06], [1.5846923620477596e-07, 6.971107593647595e-07, 5.705932115024705e-06, 4.60482429878537e-05, 1.6320783231675625e-05, 1.1857917384590257e-05], [3.9320785779858e-06, 3.200817153691721e-06, -5.945863531918454e-06, 1.6320783231675625e-05, 6.088015518539383e-05, 4.2887040983514425e-05], [3.498964969204778e-06, 3.0119565339868725e-06, -2.724337264002864e-06, 1.1857917384590257e-05, 4.2887040983514425e-05, 3.680338816298048e-05]]</COVARIANCE_MATRIX>
		<ROI_SIZE>1503</ROI_SIZE>
		<MAX_VALUE>[0.15299078822135925, 0.1447301208972931, 0.16454368829727173, 0.18571867048740387, 0.06379860639572144, 0.05280941724777222]</MAX_VALUE>
		<MIN_VALUE>[0.1379973441362381, 0.12499155104160309, 0.1294879913330078, 0.11176704615354538, 0.012890935875475407, 0.002083664294332266]</MIN_VALUE>
		<SIGNATURE_THRESHOLD_MD>0</SIGNATURE_THRESHOLD_MD>
		<SIGNATURE_THRESHOLD_ML>0</SIGNATURE_THRESHOLD_ML>
		<SIGNATURE_THRESHOLD_SAM>0</SIGNATURE_THRESHOLD_SAM>
	</signature>
	<signature ID="20210602_161026717988_293">
		<MACROCLASSID>1</MACROCLASSID>
		<MACROCLASSINFO>waterbody</MACROCLASSINFO>
		<CLASSID>2</CLASSID>
		<CLASSINFO>C 1</CLASSINFO>
		<VALUES>[0.15316204719749094, 0.0018333219446364836, 0.1403974422833302, 0.0016573808435026804, 0.12317462835139607, 0.002934577143371839, 0.11372069842540307, 0.010044085112777967, 0.03647578009219714, 0.012337322740439768, 0.019791564580687017, 0.009160981552698868]</VALUES>
		<LCS_MIN>[0.14699339866638184, 0.1348608285188675, 0.11729470640420914, 0.09768101572990417, 0.021375544369220734, 0.008170755580067635]</LCS_MIN>
		<LCS_MAX>[0.1574888378381729, 0.14637500047683716, 0.13406048715114594, 0.154025137424469, 0.07652551680803299, 0.05280941724777222]</LCS_MAX>
		<WAVELENGTH>[0.485, 0.56, 0.66, 0.835, 1.65, 2.22]</WAVELENGTH>
		<MEAN_VALUE>[0.15316204719749094, 0.1403974422833302, 0.12317462835139607, 0.11372069842540307, 0.03647578009219714, 0.019791564580687017]</MEAN_VALUE>
		<CHECKBOX>2</CHECKBOX>
		<SD>[0.0018333219446364836, 0.0016573808435026804, 0.002934577143371839, 0.010044085112777967, 0.012337322740439768, 0.009160981552698868]</SD>
		<WAVELENGTH_UNIT>E-6m</WAVELENGTH_UNIT>
		<COLOR>#9866b3</COLOR>
		<COVARIANCE_MATRIX>[[3.368922318462983e-06, 5.247558448182423e-07, 9.288736213858984e-07, 1.9511088045509145e-07, -2.8106727315346693e-07, 4.0773971726558274e-07], [5.247558448182423e-07, 2.753329277373271e-06, 1.6478962478495272e-06, 2.3264672188592306e-06, 3.377669748200615e-06, 3.2347387545949838e-06], [9.288736213858984e-07, 1.6478962478495272e-06, 8.63186390528455e-06, 1.6576590255991337e-05, 1.921848587753152e-05, 1.5140320083054233e-05], [1.9511088045509145e-07, 2.3264672188592306e-06, 1.6576590255991337e-05, 0.00010111935520542148, 0.00010586152709188875, 7.430569351329067e-05], [-2.8106727315346693e-07, 3.377669748200615e-06, 1.921848587753152e-05, 0.00010586152709188875, 0.00015256516215037444, 0.00010740508941379826], [4.0773971726558274e-07, 3.2347387545949838e-06, 1.5140320083054233e-05, 7.430569351329067e-05, 0.00010740508941379826, 8.41196661467602e-05]]</COVARIANCE_MATRIX>
		<ROI_SIZE>429</ROI_SIZE>
		<MAX_VALUE>[0.1574888378381729, 0.14637500047683716, 0.13406048715114594, 0.154025137424469, 0.07652551680803299, 0.05280941724777222]</MAX_VALUE>
		<MIN_VALUE>[0.14699339866638184, 0.1348608285188675, 0.11729470640420914, 0.09768101572990417, 0.021375544369220734, 0.008170755580067635]</MIN_VALUE>
		<SIGNATURE_THRESHOLD_MD>0</SIGNATURE_THRESHOLD_MD>
		<SIGNATURE_THRESHOLD_ML>0</SIGNATURE_THRESHOLD_ML>
		<SIGNATURE_THRESHOLD_SAM>0</SIGNATURE_THRESHOLD_SAM>
	</signature>
	<signature ID="20210602_161031207658_780">
		<MACROCLASSID>1</MACROCLASSID>
		<MACROCLASSINFO>waterbody</MACROCLASSINFO>
		<CLASSID>3</CLASSID>
		<CLASSINFO>C 1</CLASSINFO>
		<VALUES>[0.1526918881767432, 0.0026800085359561018, 0.14046717667502995, 0.002692238604172119, 0.11799062294975354, 0.0038913043545358785, 0.12622673660995876, 0.013355865952715148, 0.04272348207939667, 0.015269681198412917, 0.02211952239119258, 0.009998674709390119]</VALUES>
		<LCS_MIN>[0.14549405872821808, 0.1299261897802353, 0.10510142147541046, 0.10472402721643448, 0.019254393875598907, 0.006141724530607462]</LCS_MIN>
		<LCS_MAX>[0.16048751771450043, 0.14801988005638123, 0.13253630697727203, 0.17163266241550446, 0.08288898319005966, 0.06092554330825806]</LCS_MAX>
		<WAVELENGTH>[0.485, 0.56, 0.66, 0.835, 1.65, 2.22]</WAVELENGTH>
		<MEAN_VALUE>[0.1526918881767432, 0.14046717667502995, 0.11799062294975354, 0.12622673660995876, 0.04272348207939667, 0.02211952239119258]</MEAN_VALUE>
		<CHECKBOX>2</CHECKBOX>
		<SD>[0.0026800085359561018, 0.002692238604172119, 0.0038913043545358785, 0.013355865952715148, 0.015269681198412917, 0.009998674709390119]</SD>
		<WAVELENGTH_UNIT>E-6m</WAVELENGTH_UNIT>
		<COLOR>#281a03</COLOR>
		<COVARIANCE_MATRIX>[[7.205614932645241e-06, 4.505428460271266e-06, 6.850641112547978e-06, -1.172528119094701e-05, -1.8878232690782895e-06, 1.8177249284892875e-06], [4.505428460271266e-06, 7.27152982663906e-06, 7.108854933124095e-06, -1.5144040412469464e-05, -6.439716621992478e-06, -8.620759469570034e-07], [6.850641112547978e-06, 7.108854933124095e-06, 1.5191095546015888e-05, -5.552146678952305e-07, 1.8197174144461088e-05, 1.589987219037461e-05], [-1.172528119094701e-05, -1.5144040412469464e-05, -5.552146678952305e-07, 0.00017895457197704697, 0.00017563032636226257, 0.00010102772814321503], [-1.8878232690782895e-06, -6.439716621992478e-06, 1.8197174144461088e-05, 0.00017563032636226257, 0.00023391530313955584, 0.00014424265413889642], [1.8177249284892875e-06, -8.620759469570034e-07, 1.589987219037461e-05, 0.00010102772814321503, 0.00014424265413889642, 0.00010029599109240467]]</COVARIANCE_MATRIX>
		<ROI_SIZE>311</ROI_SIZE>
		<MAX_VALUE>[0.16048751771450043, 0.14801988005638123, 0.13253630697727203, 0.17163266241550446, 0.08288898319005966, 0.06092554330825806]</MAX_VALUE>
		<MIN_VALUE>[0.14549405872821808, 0.1299261897802353, 0.10510142147541046, 0.10472402721643448, 0.019254393875598907, 0.006141724530607462]</MIN_VALUE>
		<SIGNATURE_THRESHOLD_MD>0</SIGNATURE_THRESHOLD_MD>
		<SIGNATURE_THRESHOLD_ML>0</SIGNATURE_THRESHOLD_ML>
		<SIGNATURE_THRESHOLD_SAM>0</SIGNATURE_THRESHOLD_SAM>
	</signature>
	<signature ID="20210602_161035145776_525">
		<MACROCLASSID>1</MACROCLASSID>
		<MACROCLASSINFO>waterbody</MACROCLASSINFO>
		<CLASSID>4</CLASSID>
		<CLASSINFO>C 1</CLASSINFO>
		<VALUES>[0.13978172886847548, 0.0018362991996461527, 0.12377508639042822, 0.001787716998567719, 0.1052434016231575, 0.0033004491828161897, 0.10443615042268094, 0.010411081100165384, 0.029569808514115916, 0.010139062275303907, 0.01406111539277437, 0.006730726472070214]</VALUES>
		<LCS_MIN>[0.13349930942058563, 0.11676713824272156, 0.0944322943687439, 0.09063800424337387, 0.017133241519331932, 5.463331763166934e-05]</LCS_MIN>
		<LCS_MAX>[0.14549405872821808, 0.1299261897802353, 0.11424638330936432, 0.1469821184873581, 0.07228320837020874, 0.044693298637866974]</LCS_MAX>
		<WAVELENGTH>[0.485, 0.56, 0.66, 0.835, 1.65, 2.22]</WAVELENGTH>
		<MEAN_VALUE>[0.13978172886847548, 0.12377508639042822, 0.1052434016231575, 0.10443615042268094, 0.029569808514115916, 0.01406111539277437]</MEAN_VALUE>
		<CHECKBOX>2</CHECKBOX>
		<SD>[0.0018362991996461527, 0.001787716998567719, 0.0033004491828161897, 0.010411081100165384, 0.010139062275303907, 0.006730726472070214]</SD>
		<WAVELENGTH_UNIT>E-6m</WAVELENGTH_UNIT>
		<COLOR>#9efc2c</COLOR>
		<COVARIANCE_MATRIX>[[3.3784175977651493e-06, 8.876329324887599e-07, 1.4220040379618834e-06, -1.627486889848596e-06, -1.0741193831728853e-06, 1.662822549274282e-07], [8.876329324887599e-07, 3.2020195566193486e-06, 2.3458395510622333e-06, -1.7741538422727594e-06, -1.67638508912699e-06, -3.3512958244795515e-07], [1.4220040379618834e-06, 2.3458395510622333e-06, 1.0913713312748927e-05, 5.387848213835602e-06, 6.482627669585135e-06, 4.422377760064245e-06], [-1.627486889848596e-06, -1.7741538422727594e-06, 5.387848213835602e-06, 0.00010859706797836234, 9.32655951608008e-05, 5.521341872511684e-05], [-1.0741193831728853e-06, -1.67638508912699e-06, 6.482627669585135e-06, 9.32655951608008e-05, 0.00010299639445834315, 6.200066160611556e-05], [1.662822549274282e-07, -3.3512958244795515e-07, 4.422377760064245e-06, 5.521341872511684e-05, 6.200066160611556e-05, 4.538896965866835e-05]]</COVARIANCE_MATRIX>
		<ROI_SIZE>526</ROI_SIZE>
		<MAX_VALUE>[0.14549405872821808, 0.1299261897802353, 0.11424638330936432, 0.1469821184873581, 0.07228320837020874, 0.044693298637866974]</MAX_VALUE>
		<MIN_VALUE>[0.13349930942058563, 0.11676713824272156, 0.0944322943687439, 0.09063800424337387, 0.017133241519331932, 5.463331763166934e-05]</MIN_VALUE>
		<SIGNATURE_THRESHOLD_MD>0</SIGNATURE_THRESHOLD_MD>
		<SIGNATURE_THRESHOLD_ML>0</SIGNATURE_THRESHOLD_ML>
		<SIGNATURE_THRESHOLD_SAM>0</SIGNATURE_THRESHOLD_SAM>
	</signature>
	<signature ID="20210602_161039339618_737">
		<MACROCLASSID>1</MACROCLASSID>
		<MACROCLASSINFO>waterbody</MACROCLASSINFO>
		<CLASSID>5</CLASSID>
		<CLASSINFO>C 1</CLASSINFO>
		<VALUES>[0.12115675647666084, 0.001891795361445947, 0.09034707241098587, 0.00215721994004643, 0.060720643791889475, 0.002621166021706579, 0.0628226117401169, 0.011052170992715571, 0.017872187736139532, 0.0070001741185340876, 0.008164834426348182, 0.003973651666843911]</VALUES>
		<LCS_MIN>[0.11400781571865082, 0.08386951684951782, 0.05327992886304855, 0.04837992414832115, 0.004406323656439781, 0.0]</LCS_MIN>
		<LCS_MAX>[0.13050061464309692, 0.10031832754611969, 0.0791906788945198, 0.10472402721643448, 0.059556297957897186, 0.03454814478754997]</LCS_MAX>
		<WAVELENGTH>[0.485, 0.56, 0.66, 0.835, 1.65, 2.22]</WAVELENGTH>
		<MEAN_VALUE>[0.12115675647666084, 0.09034707241098587, 0.060720643791889475, 0.0628226117401169, 0.017872187736139532, 0.008164834426348182]</MEAN_VALUE>
		<CHECKBOX>2</CHECKBOX>
		<SD>[0.001891795361445947, 0.00215721994004643, 0.002621166021706579, 0.011052170992715571, 0.0070001741185340876, 0.003973651666843911]</SD>
		<WAVELENGTH_UNIT>E-6m</WAVELENGTH_UNIT>
		<COLOR>#0d7abd</COLOR>
		<COVARIANCE_MATRIX>[[3.439992702310055e-06, 1.1266124065296646e-06, 9.835995407339052e-07, 1.2429709807654888e-06, 8.118980320042394e-07, 3.7784650713195004e-07], [1.1266124065296646e-06, 4.3483113686993766e-06, 2.754692307521667e-06, 9.831584385540055e-06, 5.381091780298402e-06, 2.582070511260087e-06], [9.835995407339052e-07, 2.754692307521667e-06, 6.601166510007815e-06, 1.3126847228533573e-05, 9.41011827805861e-06, 4.898129164812692e-06], [1.2429709807654888e-06, 9.831584385540055e-06, 1.3126847228533573e-05, 0.0001008470360407213, 5.246218218251501e-05, 2.3609462446713773e-05], [8.118980320042394e-07, 5.381091780298402e-06, 9.41011827805861e-06, 5.246218218251501e-05, 4.4216515100687816e-05, 2.0750371459963e-05], [3.7784650713195004e-07, 2.582070511260087e-06, 4.898129164812692e-06, 2.3609462446713773e-05, 2.0750371459963e-05, 1.4908477926286009e-05]]</COVARIANCE_MATRIX>
		<ROI_SIZE>6595</ROI_SIZE>
		<MAX_VALUE>[0.13050061464309692, 0.10031832754611969, 0.0791906788945198, 0.10472402721643448, 0.059556297957897186, 0.03454814478754997]</MAX_VALUE>
		<MIN_VALUE>[0.11400781571865082, 0.08386951684951782, 0.05327992886304855, 0.04837992414832115, 0.004406323656439781, 0.0]</MIN_VALUE>
		<SIGNATURE_THRESHOLD_MD>0</SIGNATURE_THRESHOLD_MD>
		<SIGNATURE_THRESHOLD_ML>0</SIGNATURE_THRESHOLD_ML>
		<SIGNATURE_THRESHOLD_SAM>0</SIGNATURE_THRESHOLD_SAM>
	</signature>
	<signature ID="20210602_161049231836_133">
		<MACROCLASSID>1</MACROCLASSID>
		<MACROCLASSINFO>waterbody</MACROCLASSINFO>
		<CLASSID>6</CLASSID>
		<CLASSINFO>C 1</CLASSINFO>
		<VALUES>[0.1407941084536579, 0.0022823078735786503, 0.1361333714600621, 0.0019432928469317445, 0.13552349797292565, 0.0034396625715364232, 0.10335175330112864, 0.010833538278089671, 0.032467533778239105, 0.01071981562013078, 0.01857752897736635, 0.007964413284559215]</VALUES>
		<LCS_MIN>[0.1349986493587494, 0.1299261897802353, 0.1279638409614563, 0.08711650222539902, 0.015012089163064957, 0.006141724530607462]</LCS_MIN>
		<LCS_MAX>[0.14699339866638184, 0.14144034683704376, 0.146253764629364, 0.14346060156822205, 0.07016205787658691, 0.05280941724777222]</LCS_MAX>
		<WAVELENGTH>[0.485, 0.56, 0.66, 0.835, 1.65, 2.22]</WAVELENGTH>
		<MEAN_VALUE>[0.1407941084536579, 0.1361333714600621, 0.13552349797292565, 0.10335175330112864, 0.032467533778239105, 0.01857752897736635]</MEAN_VALUE>
		<CHECKBOX>2</CHECKBOX>
		<SD>[0.0022823078735786503, 0.0019432928469317445, 0.0034396625715364232, 0.010833538278089671, 0.01071981562013078, 0.007964413284559215]</SD>
		<WAVELENGTH_UNIT>E-6m</WAVELENGTH_UNIT>
		<COLOR>#0c7a22</COLOR>
		<COVARIANCE_MATRIX>[[5.297976221797258e-06, 2.441784046949229e-06, 4.297354117662581e-06, 2.3123176515410593e-06, 4.277095486117491e-06, 3.6349777913262207e-06], [2.441784046949229e-06, 4.95462879072215e-06, 4.754599275888646e-06, 1.7315151963556835e-06, 4.563897146239794e-06, 4.029076813377136e-06], [4.297354117662581e-06, 4.754599275888646e-06, 1.4132264930868943e-05, 1.6466667225973546e-05, 1.611172449139482e-05, 1.2892983476797464e-05], [2.3123176515410593e-06, 1.7315151963556835e-06, 1.6466667225973546e-05, 0.00012659488565636625, 0.0001045650656234452, 7.340329300934563e-05], [4.277095486117491e-06, 4.563897146239794e-06, 1.611172449139482e-05, 0.0001045650656234452, 0.00013233355937270343, 9.356756092959025e-05], [3.6349777913262207e-06, 4.029076813377136e-06, 1.2892983476797464e-05, 7.340329300934563e-05, 9.356756092959025e-05, 7.558667790866288e-05]]</COVARIANCE_MATRIX>
		<ROI_SIZE>508</ROI_SIZE>
		<MAX_VALUE>[0.14699339866638184, 0.14144034683704376, 0.146253764629364, 0.14346060156822205, 0.07016205787658691, 0.05280941724777222]</MAX_VALUE>
		<MIN_VALUE>[0.1349986493587494, 0.1299261897802353, 0.1279638409614563, 0.08711650222539902, 0.015012089163064957, 0.006141724530607462]</MIN_VALUE>
		<SIGNATURE_THRESHOLD_MD>0</SIGNATURE_THRESHOLD_MD>
		<SIGNATURE_THRESHOLD_ML>0</SIGNATURE_THRESHOLD_ML>
		<SIGNATURE_THRESHOLD_SAM>0</SIGNATURE_THRESHOLD_SAM>
	</signature>
	<signature ID="20210602_161054322395_303">
		<MACROCLASSID>1</MACROCLASSID>
		<MACROCLASSINFO>waterbody</MACROCLASSINFO>
		<CLASSID>7</CLASSID>
		<CLASSINFO>C 1</CLASSINFO>
		<VALUES>[0.13388614411239563, 0.001915474533267558, 0.12432709076001591, 0.002348940302807039, 0.1032313759914002, 0.003196941022858404, 0.08420843849214671, 0.011616747587340838, 0.023384848661306815, 0.008599440448611512, 0.010952552455735454, 0.00583403759313504]</VALUES>
		<LCS_MIN>[0.1245032399892807, 0.11183248460292816, 0.08985979855060577, 0.07303047180175781, 0.008648631162941456, 5.463331763166934e-05]</LCS_MIN>
		<LCS_MAX>[0.13949668407440186, 0.13321594893932343, 0.11881886422634125, 0.13289609551429749, 0.06804090738296509, 0.056867484003305435]</LCS_MAX>
		<WAVELENGTH>[0.485, 0.56, 0.66, 0.835, 1.65, 2.22]</WAVELENGTH>
		<MEAN_VALUE>[0.13388614411239563, 0.12432709076001591, 0.1032313759914002, 0.08420843849214671, 0.023384848661306815, 0.010952552455735454]</MEAN_VALUE>
		<CHECKBOX>2</CHECKBOX>
		<SD>[0.001915474533267558, 0.002348940302807039, 0.003196941022858404, 0.011616747587340838, 0.008599440448611512, 0.00583403759313504]</SD>
		<WAVELENGTH_UNIT>E-6m</WAVELENGTH_UNIT>
		<COLOR>#99675b</COLOR>
		<COVARIANCE_MATRIX>[[3.672500786265348e-06, 2.0308351423989317e-06, 2.5570127766609246e-06, -8.64762415957988e-06, -4.485900459547628e-06, -1.9659802407689833e-06], [2.0308351423989317e-06, 5.522720848268237e-06, 4.613961691970217e-06, -1.4130491773642184e-05, -7.0064449595951996e-06, -2.5002809607002984e-06], [2.5570127766609246e-06, 4.613961691970217e-06, 1.0230064732950571e-05, -1.2009591416902918e-05, -3.158960079619578e-06, 6.395306348887629e-07], [-8.64762415957988e-06, -1.4130491773642184e-05, -1.2009591416902918e-05, 0.00013507601472901478, 8.642378212999469e-05, 4.989120357957532e-05], [-4.485900459547628e-06, -7.0064449595951996e-06, -3.158960079619578e-06, 8.642378212999469e-05, 7.40200747813638e-05, 4.457531025009839e-05], [-1.9659802407689833e-06, -2.5002809607002984e-06, 6.395306348887629e-07, 4.989120357957532e-05, 4.457531025009839e-05, 3.406807380365303e-05]]</COVARIANCE_MATRIX>
		<ROI_SIZE>1062</ROI_SIZE>
		<MAX_VALUE>[0.13949668407440186, 0.13321594893932343, 0.11881886422634125, 0.13289609551429749, 0.06804090738296509, 0.056867484003305435]</MAX_VALUE>
		<MIN_VALUE>[0.1245032399892807, 0.11183248460292816, 0.08985979855060577, 0.07303047180175781, 0.008648631162941456, 5.463331763166934e-05]</MIN_VALUE>
		<SIGNATURE_THRESHOLD_MD>0</SIGNATURE_THRESHOLD_MD>
		<SIGNATURE_THRESHOLD_ML>0</SIGNATURE_THRESHOLD_ML>
		<SIGNATURE_THRESHOLD_SAM>0</SIGNATURE_THRESHOLD_SAM>
	</signature>
	<signature ID="20210602_161101825964_330">
		<MACROCLASSID>1</MACROCLASSID>
		<MACROCLASSINFO>waterbody</MACROCLASSINFO>
		<CLASSID>8</CLASSID>
		<CLASSINFO>C 1</CLASSINFO>
		<VALUES>[0.1372601613899072, 0.0025766318136383067, 0.1327718313659232, 0.0033022513821391423, 0.1301510024567445, 0.004929219460508706, 0.10732407629489901, 0.012698534809424053, 0.033833782525422684, 0.014290224499593968, 0.01854897178590664, 0.010820819586471297]</VALUES>
		<LCS_MIN>[0.12600259482860565, 0.11183248460292816, 0.09595644474029541, 0.09063800424337387, 0.008648631162941456, 0.0]</LCS_MIN>
		<LCS_MAX>[0.14399471879005432, 0.14308525621891022, 0.14777792990207672, 0.15050362050533295, 0.07652551680803299, 0.0588965117931366]</LCS_MAX>
		<WAVELENGTH>[0.485, 0.56, 0.66, 0.835, 1.65, 2.22]</WAVELENGTH>
		<MEAN_VALUE>[0.1372601613899072, 0.1327718313659232, 0.1301510024567445, 0.10732407629489901, 0.033833782525422684, 0.01854897178590664]</MEAN_VALUE>
		<CHECKBOX>2</CHECKBOX>
		<SD>[0.0025766318136383067, 0.0033022513821391423, 0.004929219460508706, 0.012698534809424053, 0.014290224499593968, 0.010820819586471297]</SD>
		<WAVELENGTH_UNIT>E-6m</WAVELENGTH_UNIT>
		<COLOR>#d0fc0a</COLOR>
		<COVARIANCE_MATRIX>[[6.650115028099728e-06, 5.407407528118293e-06, 7.764953993313336e-06, -3.219021778875423e-06, -2.300923174042101e-06, 3.7017003169795355e-07], [5.407407528118293e-06, 1.0923069306350374e-05, 1.3010230282353518e-05, -1.0234853965304943e-05, -8.111117412110436e-06, -2.754802279056582e-06], [7.764953993313336e-06, 1.3010230282353518e-05, 2.4337767435583755e-05, -5.310929901483411e-06, -1.1384954474053812e-06, 5.131740654802241e-06], [-3.219021778875423e-06, -1.0234853965304943e-05, -5.310929901483411e-06, 0.00016152198962219124, 0.00015464445066127024, 0.00010719291446300203], [-2.300923174042101e-06, -8.111117412110436e-06, -1.1384954474053812e-06, 0.00015464445066127024, 0.0002045514353076417, 0.0001458331085041264], [3.7017003169795355e-07, -2.754802279056582e-06, 5.131740654802241e-06, 0.00010719291446300203, 0.0001458331085041264, 0.00011728561254386741]]</COVARIANCE_MATRIX>
		<ROI_SIZE>600</ROI_SIZE>
		<MAX_VALUE>[0.14399471879005432, 0.14308525621891022, 0.14777792990207672, 0.15050362050533295, 0.07652551680803299, 0.0588965117931366]</MAX_VALUE>
		<MIN_VALUE>[0.12600259482860565, 0.11183248460292816, 0.09595644474029541, 0.09063800424337387, 0.008648631162941456, 0.0]</MIN_VALUE>
		<SIGNATURE_THRESHOLD_MD>0</SIGNATURE_THRESHOLD_MD>
		<SIGNATURE_THRESHOLD_ML>0</SIGNATURE_THRESHOLD_ML>
		<SIGNATURE_THRESHOLD_SAM>0</SIGNATURE_THRESHOLD_SAM>
	</signature>
	<signature ID="20210602_161105132355_974">
		<MACROCLASSID>1</MACROCLASSID>
		<MACROCLASSINFO>waterbody</MACROCLASSINFO>
		<CLASSID>9</CLASSID>
		<CLASSINFO>C 1</CLASSINFO>
		<VALUES>[0.13837134068155607, 0.0020287587634561363, 0.1318531531367642, 0.0028115390706285235, 0.12433504142315198, 0.004062510943699197, 0.1058769513809336, 0.011311770553416292, 0.03161282377952257, 0.01190197261442624, 0.016069964466484024, 0.00855441654615538]</VALUES>
		<LCS_MIN>[0.13050061464309692, 0.11347737163305283, 0.10205309838056564, 0.09063800424337387, 0.006527477875351906, 5.463331763166934e-05]</LCS_MIN>
		<LCS_MAX>[0.14549405872821808, 0.13650570809841156, 0.13863296806812286, 0.1469821184873581, 0.07440435141324997, 0.048751357942819595]</LCS_MAX>
		<WAVELENGTH>[0.485, 0.56, 0.66, 0.835, 1.65, 2.22]</WAVELENGTH>
		<MEAN_VALUE>[0.13837134068155607, 0.1318531531367642, 0.12433504142315198, 0.1058769513809336, 0.03161282377952257, 0.016069964466484024]</MEAN_VALUE>
		<CHECKBOX>2</CHECKBOX>
		<SD>[0.0020287587634561363, 0.0028115390706285235, 0.004062510943699197, 0.011311770553416292, 0.01190197261442624, 0.00855441654615538]</SD>
		<WAVELENGTH_UNIT>E-6m</WAVELENGTH_UNIT>
		<COLOR>#115899</COLOR>
		<COVARIANCE_MATRIX>[[4.125049312532947e-06, 2.6742906371033835e-06, 4.2065499218690495e-06, -4.486406284039872e-06, -1.3384639348929091e-06, 3.5293237839676254e-07], [2.6742906371033835e-06, 7.922396481263605e-06, 8.049043562259174e-06, -9.312017241744167e-06, -4.023487281571137e-06, -3.707655894377834e-07], [4.2065499218690495e-06, 8.049043562259174e-06, 1.6540834442603398e-05, 1.9286930925997753e-06, 8.885588585268895e-06, 8.405978975676444e-06], [-4.486406284039872e-06, -9.312017241744167e-06, 1.9286930925997753e-06, 0.00012824176946620093, 0.00011513832980670618, 7.068232903261127e-05], [-1.3384639348929091e-06, -4.023487281571137e-06, 8.885588585268895e-06, 0.00011513832980670618, 0.00014197315066837927, 9.404811261283364e-05], [3.5293237839676254e-07, -3.707655894377834e-07, 8.405978975676444e-06, 7.068232903261127e-05, 9.404811261283364e-05, 7.334138628988065e-05]]</COVARIANCE_MATRIX>
		<ROI_SIZE>449</ROI_SIZE>
		<MAX_VALUE>[0.14549405872821808, 0.13650570809841156, 0.13863296806812286, 0.1469821184873581, 0.07440435141324997, 0.048751357942819595]</MAX_VALUE>
		<MIN_VALUE>[0.13050061464309692, 0.11347737163305283, 0.10205309838056564, 0.09063800424337387, 0.006527477875351906, 5.463331763166934e-05]</MIN_VALUE>
		<SIGNATURE_THRESHOLD_MD>0</SIGNATURE_THRESHOLD_MD>
		<SIGNATURE_THRESHOLD_ML>0</SIGNATURE_THRESHOLD_ML>
		<SIGNATURE_THRESHOLD_SAM>0</SIGNATURE_THRESHOLD_SAM>
	</signature>
	<signature ID="20210602_161108495450_470">
		<MACROCLASSID>1</MACROCLASSID>
		<MACROCLASSINFO>waterbody</MACROCLASSINFO>
		<CLASSID>10</CLASSID>
		<CLASSINFO>C 1</CLASSINFO>
		<VALUES>[0.12026546323420008, 0.002912304473067155, 0.10125726198775564, 0.004106347898408218, 0.06953440637142257, 0.0038506337841213577, 0.07723827692218861, 0.01431266003109553, 0.025222535651768276, 0.010506671678227572, 0.011329906066746734, 0.004815831726054913]</VALUES>
		<LCS_MIN>[0.11100912094116211, 0.08386951684951782, 0.05785241723060608, 0.058944445103406906, 0.010769783519208431, 0.002083664294332266]</LCS_MIN>
		<LCS_MAX>[0.13199996948242188, 0.1101876050233841, 0.08528731763362885, 0.11528855562210083, 0.07440435141324997, 0.036577172577381134]</LCS_MAX>
		<WAVELENGTH>[0.485, 0.56, 0.66, 0.835, 1.65, 2.22]</WAVELENGTH>
		<MEAN_VALUE>[0.12026546323420008, 0.10125726198775564, 0.06953440637142257, 0.07723827692218861, 0.025222535651768276, 0.011329906066746734]</MEAN_VALUE>
		<CHECKBOX>2</CHECKBOX>
		<SD>[0.002912304473067155, 0.004106347898408218, 0.0038506337841213577, 0.01431266003109553, 0.010506671678227572, 0.004815831726054913]</SD>
		<WAVELENGTH_UNIT>E-6m</WAVELENGTH_UNIT>
		<COLOR>#0fe7eb</COLOR>
		<COVARIANCE_MATRIX>[[8.49055947321157e-06, 9.431050823245672e-06, 8.33379137468395e-06, -1.9345400281477728e-05, -1.0594207130421493e-05, -2.334487308055449e-06], [9.431050823245672e-06, 1.6880069707818047e-05, 1.3042647922436365e-05, -3.002114552375746e-05, -1.6939753120459254e-05, -4.036822895641064e-06], [8.33379137468395e-06, 1.3042647922436365e-05, 1.4843187981356377e-05, -1.7959492243253935e-05, -8.484696505175777e-06, -4.436178968570524e-07], [-1.9345400281477728e-05, -3.002114552375746e-05, -1.7959492243253935e-05, 0.00020507062974265466, 0.00013303713211720093, 5.101516199774455e-05], [-1.0594207130421493e-05, -1.6939753120459254e-05, -8.484696505175777e-06, 0.00013303713211720093, 0.00011050783648088616, 4.372006476971539e-05], [-2.334487308055449e-06, -4.036822895641064e-06, -4.436178968570524e-07, 5.101516199774455e-05, 4.372006476971539e-05, 2.3216960411132962e-05]]</COVARIANCE_MATRIX>
		<ROI_SIZE>939</ROI_SIZE>
		<MAX_VALUE>[0.13199996948242188, 0.1101876050233841, 0.08528731763362885, 0.11528855562210083, 0.07440435141324997, 0.036577172577381134]</MAX_VALUE>
		<MIN_VALUE>[0.11100912094116211, 0.08386951684951782, 0.05785241723060608, 0.058944445103406906, 0.010769783519208431, 0.002083664294332266]</MIN_VALUE>
		<SIGNATURE_THRESHOLD_MD>0</SIGNATURE_THRESHOLD_MD>
		<SIGNATURE_THRESHOLD_ML>0</SIGNATURE_THRESHOLD_ML>
		<SIGNATURE_THRESHOLD_SAM>0</SIGNATURE_THRESHOLD_SAM>
	</signature>
	<signature ID="20210602_161115594666_535">
		<MACROCLASSID>1</MACROCLASSID>
		<MACROCLASSINFO>waterbody</MACROCLASSINFO>
		<CLASSID>11</CLASSID>
		<CLASSINFO>C 1</CLASSINFO>
		<VALUES>[0.12535331522979376, 0.0031552454341681837, 0.10362278117931313, 0.004647210303553554, 0.0775576437424336, 0.0058976525579114755, 0.10125754941587471, 0.01677416131824217, 0.03719896615906948, 0.015591501740118799, 0.018669053464171657, 0.010160951595743435]</VALUES>
		<LCS_MIN>[0.11400781571865082, 0.08715927600860596, 0.0609007366001606, 0.08007349073886871, 0.012890935875475407, 0.0]</LCS_MIN>
		<LCS_MAX>[0.1349986493587494, 0.12170178443193436, 0.10510142147541046, 0.14346060156822205, 0.07864666730165482, 0.056867484003305435]</LCS_MAX>
		<WAVELENGTH>[0.485, 0.56, 0.66, 0.835, 1.65, 2.22]</WAVELENGTH>
		<MEAN_VALUE>[0.12535331522979376, 0.10362278117931313, 0.0775576437424336, 0.10125754941587471, 0.03719896615906948, 0.018669053464171657]</MEAN_VALUE>
		<CHECKBOX>2</CHECKBOX>
		<SD>[0.0031552454341681837, 0.004647210303553554, 0.0058976525579114755, 0.01677416131824217, 0.015591501740118799, 0.010160951595743435]</SD>
		<WAVELENGTH_UNIT>E-6m</WAVELENGTH_UNIT>
		<COLOR>#c4c1e9</COLOR>
		<COVARIANCE_MATRIX>[[9.778965281091141e-06, 1.1468025417398074e-05, 1.3946010893587639e-05, -6.2745998016671855e-06, 1.6398146884000504e-06, 6.158874157311518e-06], [1.1468025417398074e-05, 2.164642467554317e-05, 2.5015450663419787e-05, -3.6201021061594668e-06, 6.5662158822935026e-06, 1.2758784170258994e-05], [1.3946010893587639e-05, 2.5015450663419787e-05, 4.1882970746847635e-05, 2.0856584493265574e-05, 3.3742230768741007e-05, 3.350003737495028e-05], [-6.2745998016671855e-06, -3.6201021061594668e-06, 2.0856584493265574e-05, 0.00028802836553234426, 0.00022701169456469813, 0.00012293368057958676], [1.6398146884000504e-06, 6.5662158822935026e-06, 3.3742230768741007e-05, 0.00022701169456469813, 0.0002312618533936168, 0.0001379219842474954], [6.158874157311518e-06, 1.2758784170258994e-05, 3.350003737495028e-05, 0.00012293368057958676, 0.0001379219842474954, 9.82229925363702e-05]]</COVARIANCE_MATRIX>
		<ROI_SIZE>976</ROI_SIZE>
		<MAX_VALUE>[0.1349986493587494, 0.12170178443193436, 0.10510142147541046, 0.14346060156822205, 0.07864666730165482, 0.056867484003305435]</MAX_VALUE>
		<MIN_VALUE>[0.11400781571865082, 0.08715927600860596, 0.0609007366001606, 0.08007349073886871, 0.012890935875475407, 0.0]</MIN_VALUE>
		<SIGNATURE_THRESHOLD_MD>0</SIGNATURE_THRESHOLD_MD>
		<SIGNATURE_THRESHOLD_ML>0</SIGNATURE_THRESHOLD_ML>
		<SIGNATURE_THRESHOLD_SAM>0</SIGNATURE_THRESHOLD_SAM>
	</signature>
	<signature ID="20210602_161120847653_855">
		<MACROCLASSID>1</MACROCLASSID>
		<MACROCLASSINFO>waterbody</MACROCLASSINFO>
		<CLASSID>12</CLASSID>
		<CLASSINFO>C 1</CLASSINFO>
		<VALUES>[0.11649672470986844, 0.0017894385130731993, 0.09763717174530029, 0.0029576326211968084, 0.06702786661684515, 0.002485644925661949, 0.09422994390130043, 0.01497348368048717, 0.030326810404658327, 0.013008668497105202, 0.013060718695633109, 0.006378355495956141]</VALUES>
		<LCS_MIN>[0.11250847578048706, 0.09209392219781876, 0.062424905598163605, 0.06950896233320236, 0.010769783519208431, 0.002083664294332266]</LCS_MIN>
		<LCS_MAX>[0.12300387769937515, 0.10525298118591309, 0.07309402525424957, 0.12585307657718658, 0.06804090738296509, 0.03251911327242851]</LCS_MAX>
		<WAVELENGTH>[0.485, 0.56, 0.66, 0.835, 1.65, 2.22]</WAVELENGTH>
		<MEAN_VALUE>[0.11649672470986844, 0.09763717174530029, 0.06702786661684515, 0.09422994390130043, 0.030326810404658327, 0.013060718695633109]</MEAN_VALUE>
		<CHECKBOX>2</CHECKBOX>
		<SD>[0.0017894385130731993, 0.0029576326211968084, 0.002485644925661949, 0.01497348368048717, 0.013008668497105202, 0.006378355495956141]</SD>
		<WAVELENGTH_UNIT>E-6m</WAVELENGTH_UNIT>
		<COLOR>#ca47d5</COLOR>
		<COVARIANCE_MATRIX>[[3.234434537444065e-06, 1.982457813635993e-06, 1.5391889797448432e-06, -4.870338915710332e-06, -5.3815010641241315e-06, -2.275814184864436e-06], [1.982457813635993e-06, 8.835950224209633e-06, 5.324600797840968e-06, -2.20815474721874e-06, -2.3662061702858012e-06, -1.6913452302137684e-06], [1.5391889797448432e-06, 5.324600797840968e-06, 6.240839087342431e-06, 6.015756556817786e-06, 3.1859499974169933e-06, 1.3800956422913173e-06], [-4.870338915710332e-06, -2.20815474721874e-06, 6.015756556817786e-06, 0.00022646991265637937, 0.0001721460596380723, 7.889934816778545e-05], [-5.3815010641241315e-06, -2.3662061702858012e-06, 3.1859499974169933e-06, 0.0001721460596380723, 0.00017093480410866407, 7.916448914622215e-05], [-2.275814184864436e-06, -1.6913452302137684e-06, 1.3800956422913173e-06, 7.889934816778545e-05, 7.916448914622215e-05, 4.109436245736759e-05]]</COVARIANCE_MATRIX>
		<ROI_SIZE>100</ROI_SIZE>
		<MAX_VALUE>[0.12300387769937515, 0.10525298118591309, 0.07309402525424957, 0.12585307657718658, 0.06804090738296509, 0.03251911327242851]</MAX_VALUE>
		<MIN_VALUE>[0.11250847578048706, 0.09209392219781876, 0.062424905598163605, 0.06950896233320236, 0.010769783519208431, 0.002083664294332266]</MIN_VALUE>
		<SIGNATURE_THRESHOLD_MD>0</SIGNATURE_THRESHOLD_MD>
		<SIGNATURE_THRESHOLD_ML>0</SIGNATURE_THRESHOLD_ML>
		<SIGNATURE_THRESHOLD_SAM>0</SIGNATURE_THRESHOLD_SAM>
	</signature>
	<signature ID="20210602_161127643426_167">
		<MACROCLASSID>1</MACROCLASSID>
		<MACROCLASSINFO>waterbody</MACROCLASSINFO>
		<CLASSID>13</CLASSID>
		<CLASSINFO>C 1</CLASSINFO>
		<VALUES>[0.12310055324958526, 0.00224540096029514, 0.09797172159447098, 0.0034101503354983264, 0.07125939093325787, 0.004476076562914036, 0.0758877696778589, 0.013470925703064804, 0.022859480279907834, 0.010018698101071175, 0.010812113270474051, 0.0057613603068177805]</VALUES>
		<LCS_MIN>[0.11550716310739517, 0.08880415558815002, 0.05937657877802849, 0.055422935634851456, 0.008648631162941456, 5.463331763166934e-05]</LCS_MIN>
		<LCS_MAX>[0.13349930942058563, 0.11183248460292816, 0.09595644474029541, 0.11881005018949509, 0.06591974943876266, 0.04063523933291435]</LCS_MAX>
		<WAVELENGTH>[0.485, 0.56, 0.66, 0.835, 1.65, 2.22]</WAVELENGTH>
		<MEAN_VALUE>[0.12310055324958526, 0.09797172159447098, 0.07125939093325787, 0.0758877696778589, 0.022859480279907834, 0.010812113270474051]</MEAN_VALUE>
		<CHECKBOX>2</CHECKBOX>
		<SD>[0.00224540096029514, 0.0034101503354983264, 0.004476076562914036, 0.013470925703064804, 0.010018698101071175, 0.0057613603068177805]</SD>
		<WAVELENGTH_UNIT>E-6m</WAVELENGTH_UNIT>
		<COLOR>#c6b4b4</COLOR>
		<COVARIANCE_MATRIX>[[4.830522786084492e-06, 4.098219298750927e-06, 3.7341185218036912e-06, 1.2747941027700502e-06, 7.247820999633653e-07, 4.248125524081949e-07], [4.098219298750927e-06, 1.101391217969336e-05, 1.0987523102797918e-05, 1.613982565027441e-05, 8.852324525047258e-06, 4.807763773873475e-06], [3.7341185218036912e-06, 1.0987523102797918e-05, 2.1047653302521188e-05, 3.654888961473182e-05, 2.1263204413503678e-05, 1.1788306077165826e-05], [1.2747941027700502e-06, 1.613982565027441e-05, 3.654888961473182e-05, 0.00018835255962223755, 0.00011831403262245714, 6.164188263996932e-05], [7.247820999633653e-07, 8.852324525047258e-06, 2.1263204413503678e-05, 0.00011831403262245714, 0.00010720162966489532, 5.641451738035228e-05], [4.248125524081949e-07, 4.807763773873475e-06, 1.1788306077165826e-05, 6.164188263996932e-05, 5.641451738035228e-05, 3.581488696000376e-05]]</COVARIANCE_MATRIX>
		<ROI_SIZE>2589</ROI_SIZE>
		<MAX_VALUE>[0.13349930942058563, 0.11183248460292816, 0.09595644474029541, 0.11881005018949509, 0.06591974943876266, 0.04063523933291435]</MAX_VALUE>
		<MIN_VALUE>[0.11550716310739517, 0.08880415558815002, 0.05937657877802849, 0.055422935634851456, 0.008648631162941456, 5.463331763166934e-05]</MIN_VALUE>
		<SIGNATURE_THRESHOLD_MD>0</SIGNATURE_THRESHOLD_MD>
		<SIGNATURE_THRESHOLD_ML>0</SIGNATURE_THRESHOLD_ML>
		<SIGNATURE_THRESHOLD_SAM>0</SIGNATURE_THRESHOLD_SAM>
	</signature>
	<signature ID="20210602_161131980496_312">
		<MACROCLASSID>1</MACROCLASSID>
		<MACROCLASSINFO>waterbody</MACROCLASSINFO>
		<CLASSID>14</CLASSID>
		<CLASSINFO>C 1</CLASSINFO>
		<VALUES>[0.1434336179381442, 0.003068880894696221, 0.11184841854567135, 0.003575611098446713, 0.07528804786822925, 0.003269270150934671, 0.0462732519335738, 0.004790758645735843, 0.013945316445648878, 0.0029177388468537295, 0.007426667033998366, 0.00275032260359416]</VALUES>
		<LCS_MIN>[0.13349930942058563, 0.10031832754611969, 0.06547322124242783, 0.037815406918525696, 0.006527477875351906, 0.0]</LCS_MIN>
		<LCS_MAX>[0.15299078822135925, 0.12334666401147842, 0.09595644474029541, 0.08359500020742416, 0.059556297957897186, 0.05078038573265076]</LCS_MAX>
		<WAVELENGTH>[0.485, 0.56, 0.66, 0.835, 1.65, 2.22]</WAVELENGTH>
		<MEAN_VALUE>[0.1434336179381442, 0.11184841854567135, 0.07528804786822925, 0.0462732519335738, 0.013945316445648878, 0.007426667033998366]</MEAN_VALUE>
		<CHECKBOX>2</CHECKBOX>
		<SD>[0.003068880894696221, 0.003575611098446713, 0.003269270150934671, 0.004790758645735843, 0.0029177388468537295, 0.00275032260359416]</SD>
		<WAVELENGTH_UNIT>E-6m</WAVELENGTH_UNIT>
		<COLOR>#f1cc90</COLOR>
		<COVARIANCE_MATRIX>[[7.591061113974094e-06, 6.1596880642315445e-06, 4.296517384517688e-06, -1.4468876267859562e-06, -6.608919108270663e-07, -3.0858695378343803e-07], [6.1596880642315445e-06, 1.0119723789888107e-05, 6.147853282021726e-06, 1.8505198575863122e-07, -4.017806818924691e-08, -9.833107900791493e-08], [4.296517384517688e-06, 6.147853282021726e-06, 8.855469389941813e-06, 3.5575025135349364e-06, 1.9302506499488874e-06, 1.2471776435527242e-06], [-1.4468876267859562e-06, 1.8505198575863122e-07, 3.5575025135349364e-06, 1.708610936099142e-05, 6.80727482813819e-06, 3.9300527829699526e-06], [-6.608919108270663e-07, -4.017806818924691e-08, 1.9302506499488874e-06, 6.80727482813819e-06, 7.429217001385146e-06, 3.948248497239702e-06], [-3.0858695378343803e-07, -9.833107900791493e-08, 1.2471776435527242e-06, 3.9300527829699526e-06, 3.948248497239702e-06, 7.206955829716238e-06]]</COVARIANCE_MATRIX>
		<ROI_SIZE>10129</ROI_SIZE>
		<MAX_VALUE>[0.15299078822135925, 0.12334666401147842, 0.09595644474029541, 0.08359500020742416, 0.059556297957897186, 0.05078038573265076]</MAX_VALUE>
		<MIN_VALUE>[0.13349930942058563, 0.10031832754611969, 0.06547322124242783, 0.037815406918525696, 0.006527477875351906, 0.0]</MIN_VALUE>
		<SIGNATURE_THRESHOLD_MD>0</SIGNATURE_THRESHOLD_MD>
		<SIGNATURE_THRESHOLD_ML>0</SIGNATURE_THRESHOLD_ML>
		<SIGNATURE_THRESHOLD_SAM>0</SIGNATURE_THRESHOLD_SAM>
	</signature>
	<signature ID="20210602_161136938856_872">
		<MACROCLASSID>1</MACROCLASSID>
		<MACROCLASSINFO>waterbody</MACROCLASSINFO>
		<CLASSID>15</CLASSID>
		<CLASSINFO>C 1</CLASSINFO>
		<VALUES>[0.13580909330515967, 0.0026860664675855957, 0.1026344124728936, 0.004412913817707583, 0.06961053048213424, 0.00551313792160245, 0.0452476858818184, 0.005453098431754495, 0.01576494331189906, 0.003944090583647853, 0.009151357425219248, 0.003264411830605393]</VALUES>
		<LCS_MIN>[0.12600259482860565, 0.09209392219781876, 0.05785241723060608, 0.034293897449970245, 0.006527477875351906, 0.0]</LCS_MIN>
		<LCS_MAX>[0.14399471879005432, 0.11841202527284622, 0.09138396382331848, 0.09415951371192932, 0.05531398952007294, 0.03454814478754997]</LCS_MAX>
		<WAVELENGTH>[0.485, 0.56, 0.66, 0.835, 1.65, 2.22]</WAVELENGTH>
		<MEAN_VALUE>[0.13580909330515967, 0.1026344124728936, 0.06961053048213424, 0.0452476858818184, 0.01576494331189906, 0.009151357425219248]</MEAN_VALUE>
		<CHECKBOX>2</CHECKBOX>
		<SD>[0.0026860664675855957, 0.004412913817707583, 0.00551313792160245, 0.005453098431754495, 0.003944090583647853, 0.003264411830605393]</SD>
		<WAVELENGTH_UNIT>E-6m</WAVELENGTH_UNIT>
		<COLOR>#7c238f</COLOR>
		<COVARIANCE_MATRIX>[[7.715018847031949e-06, 9.27843529962905e-06, 1.058983468801804e-05, 1.976923582161677e-06, 2.7137981517772945e-06, 2.383397936293576e-06], [9.27843529962905e-06, 2.032439147629847e-05, 2.2159564125077498e-05, 7.592964804234693e-06, 6.69456100976069e-06, 5.311495687567335e-06], [1.058983468801804e-05, 2.2159564125077498e-05, 3.2145362280722455e-05, 1.5592596566069126e-05, 1.2156690660984098e-05, 9.14477855991981e-06], [1.976923582161677e-06, 7.592964804234693e-06, 1.5592596566069126e-05, 2.696057699075476e-05, 1.6007196683899356e-05, 1.0774821334781408e-05], [2.7137981517772945e-06, 6.69456100976069e-06, 1.2156690660984098e-05, 1.6007196683899356e-05, 1.5100238607428945e-05, 9.263449346276719e-06], [2.383397936293576e-06, 5.311495687567335e-06, 9.14477855991981e-06, 1.0774821334781408e-05, 9.263449346276719e-06, 1.0705669272637256e-05]]</COVARIANCE_MATRIX>
		<ROI_SIZE>9943</ROI_SIZE>
		<MAX_VALUE>[0.14399471879005432, 0.11841202527284622, 0.09138396382331848, 0.09415951371192932, 0.05531398952007294, 0.03454814478754997]</MAX_VALUE>
		<MIN_VALUE>[0.12600259482860565, 0.09209392219781876, 0.05785241723060608, 0.034293897449970245, 0.006527477875351906, 0.0]</MIN_VALUE>
		<SIGNATURE_THRESHOLD_MD>0</SIGNATURE_THRESHOLD_MD>
		<SIGNATURE_THRESHOLD_ML>0</SIGNATURE_THRESHOLD_ML>
		<SIGNATURE_THRESHOLD_SAM>0</SIGNATURE_THRESHOLD_SAM>
	</signature>
	<signature ID="20210602_161141714086_784">
		<MACROCLASSID>1</MACROCLASSID>
		<MACROCLASSINFO>waterbody</MACROCLASSINFO>
		<CLASSID>16</CLASSID>
		<CLASSINFO>C 1</CLASSINFO>
		<VALUES>[0.14029534783342754, 0.002052765384085503, 0.10362987354602654, 0.001925084700181093, 0.07055902288079867, 0.0020902723130331543, 0.04688488385282634, 0.005208105591922846, 0.015950782671186586, 0.00520318167716251, 0.008806217683889932, 0.0034734190067842578]</VALUES>
		<LCS_MIN>[0.1275019347667694, 0.09044904261827469, 0.062424905598163605, 0.037815406918525696, 0.0022851715330034494, 0.0]</LCS_MIN>
