<?xml version="1.0" ?>
<signaturelist MCID_LIST="[['1', 'waterbody', '#000000'], ['2', 'vegetation', '#000000'], ['3', 'bareland', '#000000'], ['4', 'built-up', '#000000']]">
	<signature ID="20210602_161019454938_479">
		<MACROCLASSID>1</MACROCLASSID>
		<MACROCLASSINFO>waterbody</MACROCLASSINFO>
		<CLASSID>1</CLASSID>
		<CLASSINFO>C 1</CLASSINFO>
		<VALUES>[0.14502600142412464, 0.0022292187273734053, 0.13337170758306924, 0.0023179560201279535, 0.15459145983907857, 0.003967404548344687, 0.15137209154812795, 0.007540780934901052, 0.026246912784207706, 0.00844159321990366, 0.01453232493650838, 0.006411819293381163]</VALUES>
		<LCS_MIN>[0.1379973441362381, 0.12499155104160309, 0.1294879913330078, 0.11176704615354538, 0.012890935875475407, 0.002083664294332266]</LCS_MIN>
		<LCS_MAX>[0.15299078822135925, 0.1447301208972931, 0.16454368829727173, 0.18571867048740387, 0.06379860639572144, 0.05280941724777222]</LCS_MAX>
		<WAVELENGTH>[0.485, 0.56, 0.66, 0.835, 1.65, 2.22]</WAVELENGTH>
		<MEAN_VALUE>[0.14502600142412464, 0.13337170758306924, 0.15459145983907857, 0.15137209154812795, 0.026246912784207706, 0.01453232493650838]</MEAN_VALUE>
		<CHECKBOX>2</CHECKBOX>
		<SD>[0.0022292187273734053, 0.0023179560201279535, 0.003967404548344687, 0.007540780934901052, 0.00844159321990366, 0.006411819293381163]</SD>
		<WAVELENGTH_UNIT>E-6m</WAVELENGTH_UNIT>
		<COLOR>#31ebff</COLOR>
		<COVARIANCE_MATRIX>[[5.126205451233545e-06, 3.0753392366023036e-06, 3.6542710404319223e-06, 1.5846923417939252e-07, 3.932078470825218e-06, 3.4989650430361507e-06], [3.0753392366023036e-06, 5.878056072106119e-06, 4.9566556299396325e-06, 6.97110749570129e-07, 3.2008172183850547e-06, 3.011956550835748e-06], [3.6542710404319223e-06, 4.9566556299396325e-06, 1.4437342542805709e-05, 5.705931926058838e-06, -5.9458634495968e-06, -2.724337264226051e-06], [1.5846923417939252e-07, 6.97110749570129e-07, 5.705931926058838e-06, 4.6048244257690385e-05, 1.6320782378898002e-05, 1.1857917343149893e-05], [3.932078470825218e-06, 3.2008172183850547e-06, -5.9458634495968e-06, 1.6320782378898002e-05, 6.088015652494505e-05, 4.2887040763162076e-05], [3.4989650430361507e-06, 3.011956550835748e-06, -2.724337264226051e-06, 1.1857917343149893e-05, 4.2887040763162076e-05, 3.6803387047257274e-05]]</COVARIANCE_MATRIX>
		<ROI_SIZE>1503</ROI_SIZE>
		<MAX_VALUE>[0.15299078822135925, 0.1447301208972931, 0.16454368829727173, 0.18571867048740387, 0.06379860639572144, 0.05280941724777222]</MAX_VALUE>
		<MIN_VALUE>[0.1379973441362381, 0.12499155104160309, 0.1294879913330078, 0.11176704615354538, 0.012890935875475407, 0.002083664294332266]</MIN_VALUE>
		<SIGNATURE_THRESHOLD_MD>0.0</SIGNATURE_THRESHOLD_MD>
		<SIGNATURE_THRESHOLD_ML>0.0</SIGNATURE_THRESHOLD_ML>
		<SIGNATURE_THRESHOLD_SAM>0.0</SIGNATURE_THRESHOLD_SAM>
	</signature>
	<signature ID="20210602_161026717988_293">
		<MACROCLASSID>1</MACROCLASSID>
		<MACROCLASSINFO>waterbody</MACROCLASSINFO>
		<CLASSID>2</CLASSID>
		<CLASSINFO>C 1</CLASSINFO>
		<VALUES>[0.15316204719749094, 0.0018333219446364836, 0.1403974422833302, 0.0016573808435026804, 0.12317462835139607, 0.002934577143371839, 0.11372069842540307, 0.010044085112777967, 0.03647578009219714, 0.012337322740439768, 0.019791564580687017, 0.009160981552698868]</VALUES>
		<LCS_MIN>[0.14699339866638184, 0.1348608285188675, 0.11729470640420914, 0.09768101572990417, 0.021375544369220734, 0.008170755580067635]</LCS_MIN>
		<LCS_MAX>[0.1574888378381729, 0.14637500047683716, 0.13406048715114594, 0.154025137424469, 0.07652551680803299, 0.05280941724777222]</LCS_MAX>
		<WAVELENGTH>[0.485, 0.56, 0.66, 0.835, 1.65, 2.22]</WAVELENGTH>
		<MEAN_VALUE>[0.15316204719749094, 0.1403974422833302, 0.12317462835139607, 0.11372069842540307, 0.03647578009219714, 0.019791564580687017]</MEAN_VALUE>
		<CHECKBOX>2</CHECKBOX>
		<SD>[0.0018333219446364836, 0.0016573808435026804, 0.002934577143371839, 0.010044085112777967, 0.012337322740439768, 0.009160981552698868]</SD>
		<WAVELENGTH_UNIT>E-6m</WAVELENGTH_UNIT>
		<COLOR>#9866b3</COLOR>
		<COVARIANCE_MATRIX>[[3.3689223073452013e-06, 5.24755819242273e-07, 9.288736464441172e-07, 1.9511088567014667e-07, -2.81067286778125e-07, 4.077397193213983e-07], [5.24755819242273e-07, 2.7533292268344667e-06, 1.6478962834298727e-06, 2.326467210878036e-06, 3.3776698273868533e-06, 3.2347386422770796e-06], [9.288736464441172e-07, 1.6478962834298727e-06, 8.63186414790107e-06, 1.6576590496697463e-05, 1.9218485249439254e-05, 1.5140320101636462e-05], [1.9511088567014667e-07, 2.326467210878036e-06, 1.6576590496697463e-05, 0.00010111935262102634, 0.00010586152347968891, 7.43056953069754e-05], [-2.81067286778125e-07, 3.3776698273868533e-06, 1.9218485249439254e-05, 0.00010586152347968891, 0.0001525651605334133, 0.00010740508878370747], [4.077397193213983e-07, 3.2347386422770796e-06, 1.5140320101636462e-05, 7.43056953069754e-05, 0.00010740508878370747, 8.411966700805351e-05]]</COVARIANCE_MATRIX>
		<ROI_SIZE>429</ROI_SIZE>
		<MAX_VALUE>[0.1574888378381729, 0.14637500047683716, 0.13406048715114594, 0.154025137424469, 0.07652551680803299, 0.05280941724777222]</MAX_VALUE>
		<MIN_VALUE>[0.14699339866638184, 0.1348608285188675, 0.11729470640420914, 0.09768101572990417, 0.021375544369220734, 0.008170755580067635]</MIN_VALUE>
		<SIGNATURE_THRESHOLD_MD>0.0</SIGNATURE_THRESHOLD_MD>
		<SIGNATURE_THRESHOLD_ML>0.0</SIGNATURE_THRESHOLD_ML>
		<SIGNATURE_THRESHOLD_SAM>0.0</SIGNATURE_THRESHOLD_SAM>
	</signature>
	<signature ID="20210602_161031207658_780">
		<MACROCLASSID>1</MACROCLASSID>
		<MACROCLASSINFO>waterbody</MACROCLASSINFO>
		<CLASSID>3</CLASSID>
		<CLASSINFO>C 1</CLASSINFO>
		<VALUES>[0.1526918881767432, 0.0026800085359561018, 0.14046717667502995, 0.002692238604172119, 0.11799062294975354, 0.0038913043545358785, 0.12622673660995876, 0.013355865952715148, 0.04272348207939667, 0.015269681198412917, 0.02211952239119258, 0.009998674709390119]</VALUES>
		<LCS_MIN>[0.14549405872821808, 0.1299261897802353, 0.10510142147541046, 0.10472402721643448, 0.019254393875598907, 0.006141724530607462]</LCS_MIN>
		<LCS_MAX>[0.16048751771450043, 0.14801988005638123, 0.13253630697727203, 0.17163266241550446, 0.08288898319005966, 0.06092554330825806]</LCS_MAX>
		<WAVELENGTH>[0.485, 0.56, 0.66, 0.835, 1.65, 2.22]</WAVELENGTH>
		<MEAN_VALUE>[0.1526918881767432, 0.14046717667502995, 0.11799062294975354, 0.12622673660995876, 0.04272348207939667, 0.02211952239119258]</MEAN_VALUE>
		<CHECKBOX>2</CHECKBOX>
		<SD>[0.0026800085359561018, 0.002692238604172119, 0.0038913043545358785, 0.013355865952715148, 0.015269681198412917, 0.009998674709390119]</SD>
		<WAVELENGTH_UNIT>E-6m</WAVELENGTH_UNIT>
		<COLOR>#281a03</COLOR>
		<COVARIANCE_MATRIX>[[7.205615020211553e-06, 4.5054284782963805e-06, 6.850641057098983e-06, -1.1725281183316838e-05, -1.8878232594943256e-06, 1.8177249785367167e-06], [4.5054284782963805e-06, 7.271529739227844e-06, 7.108854788384633e-06, -1.5144040844461415e-05, -6.4397167989227455e-06, -8.620759217592422e-07], [6.850641057098983e-06, 7.108854788384633e-06, 1.5191095371847041e-05, -5.552146831178106e-07, 1.8197173631051555e-05, 1.5899871868896298e-05], [-1.1725281183316838e-05, -1.5144040844461415e-05, -5.552146831178106e-07, 0.00017895457858685404, 0.0001756303245201707, 0.00010102772648679093], [-1.8878232594943256e-06, -6.4397167989227455e-06, 1.8197173631051555e-05, 0.0001756303245201707, 0.0002339152997592464, 0.00014424265827983618], [1.8177249785367167e-06, -8.620759217592422e-07, 1.5899871868896298e-05, 0.00010102772648679093, 0.00014424265827983618, 0.00010029599070549011]]</COVARIANCE_MATRIX>
		<ROI_SIZE>311</ROI_SIZE>
		<MAX_VALUE>[0.16048751771450043, 0.14801988005638123, 0.13253630697727203, 0.17163266241550446, 0.08288898319005966, 0.06092554330825806]</MAX_VALUE>
		<MIN_VALUE>[0.14549405872821808, 0.1299261897802353, 0.10510142147541046, 0.10472402721643448, 0.019254393875598907, 0.006141724530607462]</MIN_VALUE>
		<SIGNATURE_THRESHOLD_MD>0.0</SIGNATURE_THRESHOLD_MD>
		<SIGNATURE_THRESHOLD_ML>0.0</SIGNATURE_THRESHOLD_ML>
		<SIGNATURE_THRESHOLD_SAM>0.0</SIGNATURE_THRESHOLD_SAM>
	</signature>
	<signature ID="20210602_161035145776_525">
		<MACROCLASSID>1</MACROCLASSID>
		<MACROCLASSINFO>waterbody</MACROCLASSINFO>
		<CLASSID>4</CLASSID>
		<CLASSINFO>C 1</CLASSINFO>
		<VALUES>[0.13978172886847548, 0.0018362991996461527, 0.12377508639042822, 0.001787716998567719, 0.1052434016231575, 0.0033004491828161897, 0.10443615042268094, 0.010411081100165384, 0.029569808514115916, 0.010139062275303907, 0.01406111539277437, 0.006730726472070214]</VALUES>
		<LCS_MIN>[0.13349930942058563, 0.11676713824272156, 0.0944322943687439, 0.09063800424337387, 0.017133241519331932, 5.463331763166934e-05]</LCS_MIN>
		<LCS_MAX>[0.14549405872821808, 0.1299261897802353, 0.11424638330936432, 0.1469821184873581, 0.07228320837020874, 0.044693298637866974]</LCS_MAX>
		<WAVELENGTH>[0.485, 0.56, 0.66, 0.835, 1.65, 2.22]</WAVELENGTH>
		<MEAN_VALUE>[0.13978172886847548, 0.12377508639042822, 0.1052434016231575, 0.10443615042268094, 0.029569808514115916, 0.01406111539277437]</MEAN_VALUE>
		<CHECKBOX>2</CHECKBOX>
		<SD>[0.0018362991996461527, 0.001787716998567719, 0.0033004491828161897, 0.010411081100165384, 0.010139062275303907, 0.006730726472070214]</SD>
		<WAVELENGTH_UNIT>E-6m</WAVELENGTH_UNIT>
		<COLOR>#9efc2c</COLOR>
		<COVARIANCE_MATRIX>[[3.378417659405386e-06, 8.876329502527369e-07, 1.422004061168991e-06, -1.627486881261575e-06, -1.0741193818830652e-06, 1.6628224841497286e-07], [8.876329502527369e-07, 3.2020195703807985e-06, 2.3458394480257994e-06, -1.774153815858881e-06, -1.6763850680945325e-06, -3.351295845277491e-07], [1.422004061168991e-06, 2.3458394480257994e-06, 1.0913713595073204e-05, 5.3878484322922304e-06, 6.482627668447094e-06, 4.4223779696039855e-06], [-1.627486881261575e-06, -1.774153815858881e-06, 5.3878484322922304e-06, 0.00010859706526389346, 9.326559666078538e-05, 5.5213418818311766e-05], [-1.0741193818830652e-06, -1.6763850680945325e-06, 6.482627668447094e-06, 9.326559666078538e-05, 0.00010299639689037576, 6.200066127348691e-05], [1.6628224841497286e-07, -3.351295845277491e-07, 4.4223779696039855e-06, 5.5213418818311766e-05, 6.200066127348691e-05, 4.5388969738269225e-05]]</COVARIANCE_MATRIX>
		<ROI_SIZE>526</ROI_SIZE>
		<MAX_VALUE>[0.14549405872821808, 0.1299261897802353, 0.11424638330936432, 0.1469821184873581, 0.07228320837020874, 0.044693298637866974]</MAX_VALUE>
		<MIN_VALUE>[0.13349930942058563, 0.11676713824272156, 0.0944322943687439, 0.09063800424337387, 0.017133241519331932, 5.463331763166934e-05]</MIN_VALUE>
		<SIGNATURE_THRESHOLD_MD>0.0</SIGNATURE_THRESHOLD_MD>
		<SIGNATURE_THRESHOLD_ML>0.0</SIGNATURE_THRESHOLD_ML>
		<SIGNATURE_THRESHOLD_SAM>0.0</SIGNATURE_THRESHOLD_SAM>
	</signature>
	<signature ID="20210602_161039339618_737">
		<MACROCLASSID>1</MACROCLASSID>
		<MACROCLASSINFO>waterbody</MACROCLASSINFO>
		<CLASSID>5</CLASSID>
		<CLASSINFO>C 1</CLASSINFO>
		<VALUES>[0.12115675647666084, 0.001891795361445947, 0.09034707241098587, 0.00215721994004643, 0.060720643791889475, 0.002621166021706579, 0.0628226117401169, 0.011052170992715571, 0.017872187736139532, 0.0070001741185340876, 0.008164834426348182, 0.003973651666843911]</VALUES>
		<LCS_MIN>[0.11400781571865082, 0.08386951684951782, 0.05327992886304855, 0.04837992414832115, 0.004406323656439781, 0.0]</LCS_MIN>
		<LCS_MAX>[0.13050061464309692, 0.10031832754611969, 0.0791906788945198, 0.10472402721643448, 0.059556297957897186, 0.03454814478754997]</LCS_MAX>
		<WAVELENGTH>[0.485, 0.56, 0.66, 0.835, 1.65, 2.22]</WAVELENGTH>
		<MEAN_VALUE>[0.12115675647666084, 0.09034707241098587, 0.060720643791889475, 0.0628226117401169, 0.017872187736139532, 0.008164834426348182]</MEAN_VALUE>
		<CHECKBOX>2</CHECKBOX>
		<SD>[0.001891795361445947, 0.00215721994004643, 0.002621166021706579, 0.011052170992715571, 0.0070001741185340876, 0.003973651666843911]</SD>
		<WAVELENGTH_UNIT>E-6m</WAVELENGTH_UNIT>
		<COLOR>#0d7abd</COLOR>
		<COVARIANCE_MATRIX>[[3.4399927244521677e-06, 1.1266124602116179e-06, 9.835995342655224e-07, 1.2429709386196919e-06, 8.118980190374714e-07, 3.7784650430694455e-07], [1.1266124602116179e-06, 4.348311449575704e-06, 2.754692332018749e-06, 9.83158406597795e-06, 5.381091796152759e-06, 2.5820704649959225e-06], [9.835995342655224e-07, 2.754692332018749e-06, 6.601166660402669e-06, 1.3126847079547588e-05, 9.410117854713462e-06, 4.898129191133194e-06], [1.2429709386196919e-06, 9.83158406597795e-06, 1.3126847079547588e-05, 0.0001008470353554003, 5.246218279353343e-05, 2.3609462004969828e-05], [8.118980190374714e-07, 5.381091796152759e-06, 9.410117854713462e-06, 5.246218279353343e-05, 4.421651465236209e-05, 2.0750370822497644e-05], [3.7784650430694455e-07, 2.5820704649959225e-06, 4.898129191133194e-06, 2.3609462004969828e-05, 2.0750370822497644e-05, 1.490847807872342e-05]]</COVARIANCE_MATRIX>
		<ROI_SIZE>6595</ROI_SIZE>
		<MAX_VALUE>[0.13050061464309692, 0.10031832754611969, 0.0791906788945198, 0.10472402721643448, 0.059556297957897186, 0.03454814478754997]</MAX_VALUE>
		<MIN_VALUE>[0.11400781571865082, 0.08386951684951782, 0.05327992886304855, 0.04837992414832115, 0.004406323656439781, 0.0]</MIN_VALUE>
		<SIGNATURE_THRESHOLD_MD>0.0</SIGNATURE_THRESHOLD_MD>
		<SIGNATURE_THRESHOLD_ML>0.0</SIGNATURE_THRESHOLD_ML>
		<SIGNATURE_THRESHOLD_SAM>0.0</SIGNATURE_THRESHOLD_SAM>
	</signature>
	<signature ID="20210602_161049231836_133">
		<MACROCLASSID>1</MACROCLASSID>
		<MACROCLASSINFO>waterbody</MACROCLASSINFO>
		<CLASSID>6</CLASSID>
		<CLASSINFO>C 1</CLASSINFO>
		<VALUES>[0.1407941084536579, 0.0022823078735786503, 0.1361333714600621, 0.0019432928469317445, 0.13552349797292565, 0.0034396625715364232, 0.10335175330112864, 0.010833538278089671, 0.032467533778239105, 0.01071981562013078, 0.01857752897736635, 0.007964413284559215]</VALUES>
		<LCS_MIN>[0.1349986493587494, 0.1299261897802353, 0.1279638409614563, 0.08711650222539902, 0.015012089163064957, 0.006141724530607462]</LCS_MIN>
		<LCS_MAX>[0.14699339866638184, 0.14144034683704376, 0.146253764629364, 0.14346060156822205, 0.07016205787658691, 0.05280941724777222]</LCS_MAX>
		<WAVELENGTH>[0.485, 0.56, 0.66, 0.835, 1.65, 2.22]</WAVELENGTH>
		<MEAN_VALUE>[0.1407941084536579, 0.1361333714600621, 0.13552349797292565, 0.10335175330112864, 0.032467533778239105, 0.01857752897736635]</MEAN_VALUE>
		<CHECKBOX>2</CHECKBOX>
		<SD>[0.0022823078735786503, 0.0019432928469317445, 0.0034396625715364232, 0.010833538278089671, 0.01071981562013078, 0.007964413284559215]</SD>
		<WAVELENGTH_UNIT>E-6m</WAVELENGTH_UNIT>
		<COLOR>#0c7a22</COLOR>
		<COVARIANCE_MATRIX>[[5.297976258589188e-06, 2.4417840904789045e-06, 4.29735428042477e-06, 2.3123177470552037e-06, 4.277095285942778e-06, 3.6349777019495377e-06], [2.4417840904789045e-06, 4.9546288209967315e-06, 4.7545991037623025e-06, 1.7315152263108757e-06, 4.563897164189257e-06, 4.029076990264002e-06], [4.29735428042477e-06, 4.7545991037623025e-06, 1.4132265278021805e-05, 1.6466667148051783e-05, 1.6111724107759073e-05, 1.2892983249912504e-05], [2.3123177470552037e-06, 1.7315152263108757e-06, 1.6466667148051783e-05, 0.0001265948812942952, 0.00010456506424816325, 7.34032946638763e-05], [4.277095285942778e-06, 4.563897164189257e-06, 1.6111724107759073e-05, 0.00010456506424816325, 0.00013233356003183872, 9.356756345368922e-05], [3.6349777019495377e-06, 4.029076990264002e-06, 1.2892983249912504e-05, 7.34032946638763e-05, 9.356756345368922e-05, 7.558667857665569e-05]]</COVARIANCE_MATRIX>
		<ROI_SIZE>508</ROI_SIZE>
		<MAX_VALUE>[0.14699339866638184, 0.14144034683704376, 0.146253764629364, 0.14346060156822205, 0.07016205787658691, 0.05280941724777222]</MAX_VALUE>
		<MIN_VALUE>[0.1349986493587494, 0.1299261897802353, 0.1279638409614563, 0.08711650222539902, 0.015012089163064957, 0.006141724530607462]</MIN_VALUE>
		<SIGNATURE_THRESHOLD_MD>0.0</SIGNATURE_THRESHOLD_MD>
		<SIGNATURE_THRESHOLD_ML>0.0</SIGNATURE_THRESHOLD_ML>
		<SIGNATURE_THRESHOLD_SAM>0.0</SIGNATURE_THRESHOLD_SAM>
	</signature>
	<signature ID="20210602_161054322395_303">
		<MACROCLASSID>1</MACROCLASSID>
		<MACROCLASSINFO>waterbody</MACROCLASSINFO>
		<CLASSID>7</CLASSID>
		<CLASSINFO>C 1</CLASSINFO>
		<VALUES>[0.13388614411239563, 0.001915474533267558, 0.12432709076001591, 0.002348940302807039, 0.1032313759914002, 0.003196941022858404, 0.08420843849214671, 0.011616747587340838, 0.023384848661306815, 0.008599440448611512, 0.010952552455735454, 0.00583403759313504]</VALUES>
		<LCS_MIN>[0.1245032399892807, 0.11183248460292816, 0.08985979855060577, 0.07303047180175781, 0.008648631162941456, 5.463331763166934e-05]</LCS_MIN>
		<LCS_MAX>[0.13949668407440186, 0.13321594893932343, 0.11881886422634125, 0.13289609551429749, 0.06804090738296509, 0.056867484003305435]</LCS_MAX>
		<WAVELENGTH>[0.485, 0.56, 0.66, 0.835, 1.65, 2.22]</WAVELENGTH>
		<MEAN_VALUE>[0.13388614411239563, 0.12432709076001591, 0.1032313759914002, 0.08420843849214671, 0.023384848661306815, 0.010952552455735454]</MEAN_VALUE>
		<CHECKBOX>2</CHECKBOX>
		<SD>[0.001915474533267558, 0.002348940302807039, 0.003196941022858404, 0.011616747587340838, 0.008599440448611512, 0.00583403759313504]</SD>
		<WAVELENGTH_UNIT>E-6m</WAVELENGTH_UNIT>
		<COLOR>#99675b</COLOR>
		<COVARIANCE_MATRIX>[[3.6725007248605834e-06, 2.030835048572044e-06, 2.557012749093701e-06, -8.64762387209339e-06, -4.485900262807263e-06, -1.965980345630669e-06], [2.030835048572044e-06, 5.522721039596945e-06, 4.6139616642904e-06, -1.4130491763353348e-05, -7.0064447754703e-06, -2.5002809707075357e-06], [2.557012749093701e-06, 4.6139616642904e-06, 1.023006461764453e-05, -1.2009591046080459e-05, -3.15895999847271e-06, 6.395306400008849e-07], [-8.64762387209339e-06, -1.4130491763353348e-05, -1.2009591046080459e-05, 0.00013507601397577673, 8.642378088552505e-05, 4.989120498066768e-05], [-4.485900262807263e-06, -7.0064447754703e-06, -3.15895999847271e-06, 8.642378088552505e-05, 7.402007759083062e-05, 4.4575310312211514e-05], [-1.965980345630669e-06, -2.5002809707075357e-06, 6.395306400008849e-07, 4.989120498066768e-05, 4.4575310312211514e-05, 3.406807445571758e-05]]</COVARIANCE_MATRIX>
		<ROI_SIZE>1062</ROI_SIZE>
		<MAX_VALUE>[0.13949668407440186, 0.13321594893932343, 0.11881886422634125, 0.13289609551429749, 0.06804090738296509, 0.056867484003305435]</MAX_VALUE>
		<MIN_VALUE>[0.1245032399892807, 0.11183248460292816, 0.08985979855060577, 0.07303047180175781, 0.008648631162941456, 5.463331763166934e-05]</MIN_VALUE>
		<SIGNATURE_THRESHOLD_MD>0.0</SIGNATURE_THRESHOLD_MD>
		<SIGNATURE_THRESHOLD_ML>0.0</SIGNATURE_THRESHOLD_ML>
		<SIGNATURE_THRESHOLD_SAM>0.0</SIGNATURE_THRESHOLD_SAM>
	</signature>
	<signature ID="20210602_161101825964_330">
		<MACROCLASSID>1</MACROCLASSID>
		<MACROCLASSINFO>waterbody</MACROCLASSINFO>
		<CLASSID>8</CLASSID>
		<CLASSINFO>C 1</CLASSINFO>
		<VALUES>[0.1372601613899072, 0.0025766318136383067, 0.1327718313659232, 0.0033022513821391423, 0.1301510024567445, 0.004929219460508706, 0.10732407629489901, 0.012698534809424053, 0.033833782525422684, 0.014290224499593968, 0.01854897178590664, 0.010820819586471297]</VALUES>
		<LCS_MIN>[0.12600259482860565, 0.11183248460292816, 0.09595644474029541, 0.09063800424337387, 0.008648631162941456, 0.0]</LCS_MIN>
		<LCS_MAX>[0.14399471879005432, 0.14308525621891022, 0.14777792990207672, 0.15050362050533295, 0.07652551680803299, 0.0588965117931366]</LCS_MAX>
		<WAVELENGTH>[0.485, 0.56, 0.66, 0.835, 1.65, 2.22]</WAVELENGTH>
		<MEAN_VALUE>[0.1372601613899072, 0.1327718313659232, 0.1301510024567445, 0.10732407629489901, 0.033833782525422684, 0.01854897178590664]</MEAN_VALUE>
		<CHECKBOX>2</CHECKBOX>
		<SD>[0.0025766318136383067, 0.0033022513821391423, 0.004929219460508706, 0.012698534809424053, 0.014290224499593968, 0.010820819586471297]</SD>
		<WAVELENGTH_UNIT>E-6m</WAVELENGTH_UNIT>
		<COLOR>#d0fc0a</COLOR>
		<COVARIANCE_MATRIX>[[6.650115210504737e-06, 5.407407570601208e-06, 7.764953807054553e-06, -3.219021891709417e-06, -2.3009231426840415e-06, 3.701700279634679e-07], [5.407407570601208e-06, 1.0923069567070343e-05, 1.301022984989686e-05, -1.0234854016744066e-05, -8.11111749499105e-06, -2.7548023808776634e-06], [7.764953807054553e-06, 1.301022984989686e-05, 2.4337767172255553e-05, -5.3109297368791886e-06, -1.138495463237632e-06, 5.131740635988535e-06], [-3.219021891709417e-06, -1.0234854016744066e-05, -5.3109297368791886e-06, 0.00016152199532371014, 0.00015464445459656417, 0.00010719291458372027], [-2.3009231426840415e-06, -8.11111749499105e-06, -1.138495463237632e-06, 0.00015464445459656417, 0.00020455144112929702, 0.00014583310985472053], [3.701700279634679e-07, -2.7548023808776634e-06, 5.131740635988535e-06, 0.00010719291458372027, 0.00014583310985472053, 0.00011728561366908252]]</COVARIANCE_MATRIX>
		<ROI_SIZE>600</ROI_SIZE>
		<MAX_VALUE>[0.14399471879005432, 0.14308525621891022, 0.14777792990207672, 0.15050362050533295, 0.07652551680803299, 0.0588965117931366]</MAX_VALUE>
		<MIN_VALUE>[0.12600259482860565, 0.11183248460292816, 0.09595644474029541, 0.09063800424337387, 0.008648631162941456, 0.0]</MIN_VALUE>
		<SIGNATURE_THRESHOLD_MD>0.0</SIGNATURE_THRESHOLD_MD>
		<SIGNATURE_THRESHOLD_ML>0.0</SIGNATURE_THRESHOLD_ML>
		<SIGNATURE_THRESHOLD_SAM>0.0</SIGNATURE_THRESHOLD_SAM>
	</signature>
	<signature ID="20210602_161105132355_974">
		<MACROCLASSID>1</MACROCLASSID>
		<MACROCLASSINFO>waterbody</MACROCLASSINFO>
		<CLASSID>9</CLASSID>
		<CLASSINFO>C 1</CLASSINFO>
		<VALUES>[0.13837134068155607, 0.0020287587634561363, 0.1318531531367642, 0.0028115390706285235, 0.12433504142315198, 0.004062510943699197, 0.1058769513809336, 0.011311770553416292, 0.03161282377952257, 0.01190197261442624, 0.016069964466484024, 0.00855441654615538]</VALUES>
		<LCS_MIN>[0.13050061464309692, 0.11347737163305283, 0.10205309838056564, 0.09063800424337387, 0.006527477875351906, 5.463331763166934e-05]</LCS_MIN>
		<LCS_MAX>[0.14549405872821808, 0.13650570809841156, 0.13863296806812286, 0.1469821184873581, 0.07440435141324997, 0.048751357942819595]</LCS_MAX>
		<WAVELENGTH>[0.485, 0.56, 0.66, 0.835, 1.65, 2.22]</WAVELENGTH>
		<MEAN_VALUE>[0.13837134068155607, 0.1318531531367642, 0.12433504142315198, 0.1058769513809336, 0.03161282377952257, 0.016069964466484024]</MEAN_VALUE>
		<CHECKBOX>2</CHECKBOX>
		<SD>[0.0020287587634561363, 0.0028115390706285235, 0.004062510943699197, 0.011311770553416292, 0.01190197261442624, 0.00855441654615538]</SD>
		<WAVELENGTH_UNIT>E-6m</WAVELENGTH_UNIT>
		<COLOR>#115899</COLOR>
		<COVARIANCE_MATRIX>[[4.125049144931836e-06, 2.6742907266452676e-06, 4.20654987465241e-06, -4.4864063966088e-06, -1.338463903266529e-06, 3.5293237488076556e-07], [2.6742907266452676e-06, 7.922396434878465e-06, 8.049043572100345e-06, -9.312017027696129e-06, -4.023487235826906e-06, -3.7076557646287256e-07], [4.20654987465241e-06, 8.049043572100345e-06, 1.6540834621991962e-05, 1.928693109221058e-06, 8.885588613338768e-06, 8.40597931528464e-06], [-4.4864063966088e-06, -9.312017027696129e-06, 1.928693109221058e-06, 0.00012824176519643515, 0.00011513833305798471, 7.068232662277296e-05], [-1.338463903266529e-06, -4.023487235826906e-06, 8.885588613338768e-06, 0.00011513833305798471, 0.0001419731561327353, 9.404811135027558e-05], [3.5293237488076556e-07, -3.7076557646287256e-07, 8.40597931528464e-06, 7.068232662277296e-05, 9.404811135027558e-05, 7.334138354053721e-05]]</COVARIANCE_MATRIX>
		<ROI_SIZE>449</ROI_SIZE>
		<MAX_VALUE>[0.14549405872821808, 0.13650570809841156, 0.13863296806812286, 0.1469821184873581, 0.07440435141324997, 0.048751357942819595]</MAX_VALUE>
		<MIN_VALUE>[0.13050061464309692, 0.11347737163305283, 0.10205309838056564, 0.09063800424337387, 0.006527477875351906, 5.463331763166934e-05]</MIN_VALUE>
		<SIGNATURE_THRESHOLD_MD>0.0</SIGNATURE_THRESHOLD_MD>
		<SIGNATURE_THRESHOLD_ML>0.0</SIGNATURE_THRESHOLD_ML>
		<SIGNATURE_THRESHOLD_SAM>0.0</SIGNATURE_THRESHOLD_SAM>
	</signature>
	<signature ID="20210602_161108495450_470">
		<MACROCLASSID>1</MACROCLASSID>
		<MACROCLASSINFO>waterbody</MACROCLASSINFO>
		<CLASSID>10</CLASSID>
		<CLASSINFO>C 1</CLASSINFO>
		<VALUES>[0.12026546323420008, 0.002912304473067155, 0.10125726198775564, 0.004106347898408218, 0.06953440637142257, 0.0038506337841213577, 0.07723827692218861, 0.01431266003109553, 0.025222535651768276, 0.010506671678227572, 0.011329906066746734, 0.004815831726054913]</VALUES>
		<LCS_MIN>[0.11100912094116211, 0.08386951684951782, 0.05785241723060608, 0.058944445103406906, 0.010769783519208431, 0.002083664294332266]</LCS_MIN>
		<LCS_MAX>[0.13199996948242188, 0.1101876050233841, 0.08528731763362885, 0.11528855562210083, 0.07440435141324997, 0.036577172577381134]</LCS_MAX>
		<WAVELENGTH>[0.485, 0.56, 0.66, 0.835, 1.65, 2.22]</WAVELENGTH>
		<MEAN_VALUE>[0.12026546323420008, 0.10125726198775564, 0.06953440637142257, 0.07723827692218861, 0.025222535651768276, 0.011329906066746734]</MEAN_VALUE>
		<CHECKBOX>2</CHECKBOX>
		<SD>[0.002912304473067155, 0.004106347898408218, 0.0038506337841213577, 0.01431266003109553, 0.010506671678227572, 0.004815831726054913]</SD>
		<WAVELENGTH_UNIT>E-6m</WAVELENGTH_UNIT>
		<COLOR>#0fe7eb</COLOR>
		<COVARIANCE_MATRIX>[[8.490559594065417e-06, 9.431050784769468e-06, 8.33379181131022e-06, -1.9345399778103456e-05, -1.0594207196845673e-05, -2.334487362531945e-06], [9.431050784769468e-06, 1.688006886979565e-05, 1.3042647879046854e-05, -3.0021144993952475e-05, -1.6939753550104797e-05, -4.036822701891651e-06], [8.33379181131022e-06, 1.3042647879046854e-05, 1.4843188182567246e-05, -1.795949174265843e-05, -8.484696081723087e-06, -4.4361789264257823e-07], [-1.9345399778103456e-05, -3.0021144993952475e-05, -1.795949174265843e-05, 0.0002050706243608147, 0.00013303713058121502, 5.101516217109747e-05], [-1.0594207196845673e-05, -1.6939753550104797e-05, -8.484696081723087e-06, 0.00013303713058121502, 0.00011050783359678462, 4.372006515040994e-05], [-2.334487362531945e-06, -4.036822701891651e-06, -4.4361789264257823e-07, 5.101516217109747e-05, 4.372006515040994e-05, 2.3216960471472703e-05]]</COVARIANCE_MATRIX>
		<ROI_SIZE>939</ROI_SIZE>
		<MAX_VALUE>[0.13199996948242188, 0.1101876050233841, 0.08528731763362885, 0.11528855562210083, 0.07440435141324997, 0.036577172577381134]</MAX_VALUE>
		<MIN_VALUE>[0.11100912094116211, 0.08386951684951782, 0.05785241723060608, 0.058944445103406906, 0.010769783519208431, 0.002083664294332266]</MIN_VALUE>
		<SIGNATURE_THRESHOLD_MD>0.0</SIGNATURE_THRESHOLD_MD>
		<SIGNATURE_THRESHOLD_ML>0.0</SIGNATURE_THRESHOLD_ML>
		<SIGNATURE_THRESHOLD_SAM>0.0</SIGNATURE_THRESHOLD_SAM>
	</signature>
	<signature ID="20210602_161115594666_535">
		<MACROCLASSID>1</MACROCLASSID>
		<MACROCLASSINFO>waterbody</MACROCLASSINFO>
		<CLASSID>11</CLASSID>
		<CLASSINFO>C 1</CLASSINFO>
		<VALUES>[0.12535331522979376, 0.0031552454341681837, 0.10362278117931313, 0.004647210303553554, 0.0775576437424336, 0.0058976525579114755, 0.10125754941587471, 0.01677416131824217, 0.03719896615906948, 0.015591501740118799, 0.018669053464171657, 0.010160951595743435]</VALUES>
		<LCS_MIN>[0.11400781571865082, 0.08715927600860596, 0.0609007366001606, 0.08007349073886871, 0.012890935875475407, 0.0]</LCS_MIN>
		<LCS_MAX>[0.1349986493587494, 0.12170178443193436, 0.10510142147541046, 0.14346060156822205, 0.07864666730165482, 0.056867484003305435]</LCS_MAX>
		<WAVELENGTH>[0.485, 0.56, 0.66, 0.835, 1.65, 2.22]</WAVELENGTH>
		<MEAN_VALUE>[0.12535331522979376, 0.10362278117931313, 0.0775576437424336, 0.10125754941587471, 0.03719896615906948, 0.018669053464171657]</MEAN_VALUE>
		<CHECKBOX>2</CHECKBOX>
		<SD>[0.0031552454341681837, 0.004647210303553554, 0.0058976525579114755, 0.01677416131824217, 0.015591501740118799, 0.010160951595743435]</SD>
		<WAVELENGTH_UNIT>E-6m</WAVELENGTH_UNIT>
		<COLOR>#c4c1e9</COLOR>
		<COVARIANCE_MATRIX>[[9.778965250006877e-06, 1.1468025149952155e-05, 1.3946010767540429e-05, -6.274599854805274e-06, 1.639814740883594e-06, 6.158873929962283e-06], [1.1468025149952155e-05, 2.164642501156777e-05, 2.5015449864440598e-05, -3.6201020066073397e-06, 6.566215688508237e-06, 1.2758784578181803e-05], [1.3946010767540429e-05, 2.5015449864440598e-05, 4.1882969526341185e-05, 2.0856585251749493e-05, 3.3742231607902795e-05, 3.350003680679947e-05], [-6.274599854805274e-06, -3.6201020066073397e-06, 2.0856585251749493e-05, 0.0002880283573176712, 0.00022701169655192643, 0.000122933677630499], [1.639814740883594e-06, 6.566215688508237e-06, 3.3742231607902795e-05, 0.00022701169655192643, 0.0002312618598807603, 0.00013792199024464935], [6.158873929962283e-06, 1.2758784578181803e-05, 3.350003680679947e-05, 0.000122933677630499, 0.00013792199024464935, 9.82229903456755e-05]]</COVARIANCE_MATRIX>
		<ROI_SIZE>976</ROI_SIZE>
		<MAX_VALUE>[0.1349986493587494, 0.12170178443193436, 0.10510142147541046, 0.14346060156822205, 0.07864666730165482, 0.056867484003305435]</MAX_VALUE>
		<MIN_VALUE>[0.11400781571865082, 0.08715927600860596, 0.0609007366001606, 0.08007349073886871, 0.012890935875475407, 0.0]</MIN_VALUE>
		<SIGNATURE_THRESHOLD_MD>0.0</SIGNATURE_THRESHOLD_MD>
		<SIGNATURE_THRESHOLD_ML>0.0</SIGNATURE_THRESHOLD_ML>
		<SIGNATURE_THRESHOLD_SAM>0.0</SIGNATURE_THRESHOLD_SAM>
	</signature>
	<signature ID="20210602_161120847653_855">
		<MACROCLASSID>1</MACROCLASSID>
		<MACROCLASSINFO>waterbody</MACROCLASSINFO>
		<CLASSID>12</CLASSID>
		<CLASSINFO>C 1</CLASSINFO>
		<VALUES>[0.11649672470986844, 0.0017894385130731993, 0.09763717174530029, 0.0029576326211968084, 0.06702786661684515, 0.002485644925661949, 0.09422994390130043, 0.01497348368048717, 0.030326810404658327, 0.013008668497105202, 0.013060718695633109, 0.006378355495956141]</VALUES>
		<LCS_MIN>[0.11250847578048706, 0.09209392219781876, 0.062424905598163605, 0.06950896233320236, 0.010769783519208431, 0.002083664294332266]</LCS_MIN>
		<LCS_MAX>[0.12300387769937515, 0.10525298118591309, 0.07309402525424957, 0.12585307657718658, 0.06804090738296509, 0.03251911327242851]</LCS_MAX>
		<WAVELENGTH>[0.485, 0.56, 0.66, 0.835, 1.65, 2.22]</WAVELENGTH>
		<MEAN_VALUE>[0.11649672470986844, 0.09763717174530029, 0.06702786661684515, 0.09422994390130043, 0.030326810404658327, 0.013060718695633109]</MEAN_VALUE>
		<CHECKBOX>2</CHECKBOX>
		<SD>[0.0017894385130731993, 0.0029576326211968084, 0.002485644925661949, 0.01497348368048717, 0.013008668497105202, 0.006378355495956141]</SD>
		<WAVELENGTH_UNIT>E-6m</WAVELENGTH_UNIT>
		<COLOR>#ca47d5</COLOR>
		<COVARIANCE_MATRIX>[[3.234434643673012e-06, 1.9824578885163646e-06, 1.5391889292004635e-06, -4.870339125773171e-06, -5.381501068768557e-06, -2.2758142677048454e-06], [1.9824578885163646e-06, 8.835950211505406e-06, 5.324600806488888e-06, -2.208154683103203e-06, -2.3662062176299514e-06, -1.6913452327571576e-06], [1.5391889292004635e-06, 5.324600806488888e-06, 6.240838956728112e-06, 6.015756753185997e-06, 3.185949935868848e-06, 1.3800956821796717e-06], [-4.870339125773171e-06, -2.208154683103203e-06, 6.015756753185997e-06, 0.0002264699141960591, 0.00017214605759363621, 7.889934931881726e-05], [-5.381501068768557e-06, -2.3662062176299514e-06, 3.185949935868848e-06, 0.00017214605759363621, 0.00017093479982577264, 7.916449249023572e-05], [-2.2758142677048454e-06, -1.6913452327571576e-06, 1.3800956821796717e-06, 7.889934931881726e-05, 7.916449249023572e-05, 4.109436122234911e-05]]</COVARIANCE_MATRIX>
		<ROI_SIZE>100</ROI_SIZE>
		<MAX_VALUE>[0.12300387769937515, 0.10525298118591309, 0.07309402525424957, 0.12585307657718658, 0.06804090738296509, 0.03251911327242851]</MAX_VALUE>
		<MIN_VALUE>[0.11250847578048706, 0.09209392219781876, 0.062424905598163605, 0.06950896233320236, 0.010769783519208431, 0.002083664294332266]</MIN_VALUE>
		<SIGNATURE_THRESHOLD_MD>0.0</SIGNATURE_THRESHOLD_MD>
		<SIGNATURE_THRESHOLD_ML>0.0</SIGNATURE_THRESHOLD_ML>
		<SIGNATURE_THRESHOLD_SAM>0.0</SIGNATURE_THRESHOLD_SAM>
	</signature>
	<signature ID="20210602_161127643426_167">
		<MACROCLASSID>1</MACROCLASSID>
		<MACROCLASSINFO>waterbody</MACROCLASSINFO>
		<CLASSID>13</CLASSID>
		<CLASSINFO>C 1</CLASSINFO>
		<VALUES>[0.12310055324958526, 0.00224540096029514, 0.09797172159447098, 0.0034101503354983264, 0.07125939093325787, 0.004476076562914036, 0.0758877696778589, 0.013470925703064804, 0.022859480279907834, 0.010018698101071175, 0.010812113270474051, 0.0057613603068177805]</VALUES>
		<LCS_MIN>[0.11550716310739517, 0.08880415558815002, 0.05937657877802849, 0.055422935634851456, 0.008648631162941456, 5.463331763166934e-05]</LCS_MIN>
		<LCS_MAX>[0.13349930942058563, 0.11183248460292816, 0.09595644474029541, 0.11881005018949509, 0.06591974943876266, 0.04063523933291435]</LCS_MAX>
		<WAVELENGTH>[0.485, 0.56, 0.66, 0.835, 1.65, 2.22]</WAVELENGTH>
		<MEAN_VALUE>[0.12310055324958526, 0.09797172159447098, 0.07125939093325787, 0.0758877696778589, 0.022859480279907834, 0.010812113270474051]</MEAN_VALUE>
		<CHECKBOX>2</CHECKBOX>
		<SD>[0.00224540096029514, 0.0034101503354983264, 0.004476076562914036, 0.013470925703064804, 0.010018698101071175, 0.0057613603068177805]</SD>
		<WAVELENGTH_UNIT>E-6m</WAVELENGTH_UNIT>
		<COLOR>#c6b4b4</COLOR>
		<COVARIANCE_MATRIX>[[4.830522811971605e-06, 4.0982195059768856e-06, 3.7341185361583484e-06, 1.2747941582347266e-06, 7.247821258715703e-07, 4.248125549111137e-07], [4.0982195059768856e-06, 1.1013912626367528e-05, 1.0987522728100885e-05, 1.6139825675054453e-05, 8.852324754116125e-06, 4.807763616554439e-06], [3.7341185361583484e-06, 1.0987522728100885e-05, 2.1047653717687353e-05, 3.6548888601828367e-05, 2.1263203962007537e-05, 1.1788306437665597e-05], [1.2747941582347266e-06, 1.6139825675054453e-05, 3.6548888601828367e-05, 0.00018835255468729883, 0.00011831403389805928, 6.164188380353153e-05], [7.247821258715703e-07, 8.852324754116125e-06, 2.1263203962007537e-05, 0.00011831403389805928, 0.00010720163118094206, 5.641451571136713e-05], [4.248125549111137e-07, 4.807763616554439e-06, 1.1788306437665597e-05, 6.164188380353153e-05, 5.641451571136713e-05, 3.5814886359730735e-05]]</COVARIANCE_MATRIX>
		<ROI_SIZE>2589</ROI_SIZE>
		<MAX_VALUE>[0.13349930942058563, 0.11183248460292816, 0.09595644474029541, 0.11881005018949509, 0.06591974943876266, 0.04063523933291435]</MAX_VALUE>
		<MIN_VALUE>[0.11550716310739517, 0.08880415558815002, 0.05937657877802849, 0.055422935634851456, 0.008648631162941456, 5.463331763166934e-05]</MIN_VALUE>
		<SIGNATURE_THRESHOLD_MD>0.0</SIGNATURE_THRESHOLD_MD>
		<SIGNATURE_THRESHOLD_ML>0.0</SIGNATURE_THRESHOLD_ML>
		<SIGNATURE_THRESHOLD_SAM>0.0</SIGNATURE_THRESHOLD_SAM>
	</signature>
	<signature ID="20210602_161131980496_312">
		<MACROCLASSID>1</MACROCLASSID>
		<MACROCLASSINFO>waterbody</MACROCLASSINFO>
		<CLASSID>14</CLASSID>
		<CLASSINFO>C 1</CLASSINFO>
		<VALUES>[0.1434336179381442, 0.003068880894696221, 0.11184841854567135, 0.003575611098446713, 0.07528804786822925, 0.003269270150934671, 0.0462732519335738, 0.004790758645735843, 0.013945316445648878, 0.0029177388468537295, 0.007426667033998366, 0.00275032260359416]</VALUES>
		<LCS_MIN>[0.13349930942058563, 0.10031832754611969, 0.06547322124242783, 0.037815406918525696, 0.006527477875351906, 0.0]</LCS_MIN>
		<LCS_MAX>[0.15299078822135925, 0.12334666401147842, 0.09595644474029541, 0.08359500020742416, 0.059556297957897186, 0.05078038573265076]</LCS_MAX>
		<WAVELENGTH>[0.485, 0.56, 0.66, 0.835, 1.65, 2.22]</WAVELENGTH>
		<MEAN_VALUE>[0.1434336179381442, 0.11184841854567135, 0.07528804786822925, 0.0462732519335738, 0.013945316445648878, 0.007426667033998366]</MEAN_VALUE>
		<CHECKBOX>2</CHECKBOX>
		<SD>[0.003068880894696221, 0.003575611098446713, 0.003269270150934671, 0.004790758645735843, 0.0029177388468537295, 0.00275032260359416]</SD>
		<WAVELENGTH_UNIT>E-6m</WAVELENGTH_UNIT>
		<COLOR>#f1cc90</COLOR>
		<COVARIANCE_MATRIX>[[7.591061148559675e-06, 6.15968792772037e-06, 4.296517545299139e-06, -1.446887608835823e-06, -6.608918852180068e-07, -3.085869479946268e-07], [6.15968792772037e-06, 1.0119723810930736e-05, 6.1478531279135495e-06, 1.850519879553758e-07, -4.017806887191e-08, -9.833107839085642e-08], [4.296517545299139e-06, 6.1478531279135495e-06, 8.855469786794856e-06, 3.5575026231526863e-06, 1.930250618897844e-06, 1.2471776926759048e-06], [-1.446887608835823e-06, 1.850519879553758e-07, 3.5575026231526863e-06, 1.7086109437514096e-05, 6.807274985476397e-06, 3.9300525713770185e-06], [-6.608918852180068e-07, -4.017806887191e-08, 1.930250618897844e-06, 6.807274985476397e-06, 7.429217021126533e-06, 3.9482483771280386e-06], [-3.085869479946268e-07, -9.833107839085642e-08, 1.2471776926759048e-06, 3.9300525713770185e-06, 3.9482483771280386e-06, 7.2069556154019665e-06]]</COVARIANCE_MATRIX>
		<ROI_SIZE>10129</ROI_SIZE>
		<MAX_VALUE>[0.15299078822135925, 0.12334666401147842, 0.09595644474029541, 0.08359500020742416, 0.059556297957897186, 0.05078038573265076]</MAX_VALUE>
		<MIN_VALUE>[0.13349930942058563, 0.10031832754611969, 0.06547322124242783, 0.037815406918525696, 0.006527477875351906, 0.0]</MIN_VALUE>
		<SIGNATURE_THRESHOLD_MD>0.0</SIGNATURE_THRESHOLD_MD>
		<SIGNATURE_THRESHOLD_ML>0.0</SIGNATURE_THRESHOLD_ML>
		<SIGNATURE_THRESHOLD_SAM>0.0</SIGNATURE_THRESHOLD_SAM>
	</signature>
	<signature ID="20210602_161136938856_872">
		<MACROCLASSID>1</MACROCLASSID>
		<MACROCLASSINFO>waterbody</MACROCLASSINFO>
		<CLASSID>15</CLASSID>
		<CLASSINFO>C 1</CLASSINFO>
		<VALUES>[0.13580909330515967, 0.0026860664675855957, 0.1026344124728936, 0.004412913817707583, 0.06961053048213424, 0.00551313792160245, 0.0452476858818184, 0.005453098431754495, 0.01576494331189906, 0.003944090583647853, 0.009151357425219248, 0.003264411830605393]</VALUES>
		<LCS_MIN>[0.12600259482860565, 0.09209392219781876, 0.05785241723060608, 0.034293897449970245, 0.006527477875351906, 0.0]</LCS_MIN>
		<LCS_MAX>[0.14399471879005432, 0.11841202527284622, 0.09138396382331848, 0.09415951371192932, 0.05531398952007294, 0.03454814478754997]</LCS_MAX>
		<WAVELENGTH>[0.485, 0.56, 0.66, 0.835, 1.65, 2.22]</WAVELENGTH>
		<MEAN_VALUE>[0.13580909330515967, 0.1026344124728936, 0.06961053048213424, 0.0452476858818184, 0.01576494331189906, 0.009151357425219248]</MEAN_VALUE>
		<CHECKBOX>2</CHECKBOX>
		<SD>[0.0026860664675855957, 0.004412913817707583, 0.00551313792160245, 0.005453098431754495, 0.003944090583647853, 0.003264411830605393]</SD>
		<WAVELENGTH_UNIT>E-6m</WAVELENGTH_UNIT>
		<COLOR>#7c238f</COLOR>
		<COVARIANCE_MATRIX>[[7.715018909948412e-06, 9.278434845327865e-06, 1.0589834346319549e-05, 1.9769236132560764e-06, 2.7137980396219064e-06, 2.383397941230214e-06], [9.278434845327865e-06, 2.0324390789028257e-05, 2.215956374129746e-05, 7.592964720970485e-06, 6.694560852338327e-06, 5.311495897331042e-06], [1.0589834346319549e-05, 2.215956374129746e-05, 3.214536263840273e-05, 1.559259726491291e-05, 1.2156690900155809e-05, 9.144778232439421e-06], [1.9769236132560764e-06, 7.592964720970485e-06, 1.559259726491291e-05, 2.696057708817534e-05, 1.600719588168431e-05, 1.0774821021186654e-05], [2.7137980396219064e-06, 6.694560852338327e-06, 1.2156690900155809e-05, 1.600719588168431e-05, 1.5100238670129329e-05, 9.263449101126753e-06], [2.383397941230214e-06, 5.311495897331042e-06, 9.144778232439421e-06, 1.0774821021186654e-05, 9.263449101126753e-06, 1.0705669410526752e-05]]</COVARIANCE_MATRIX>
		<ROI_SIZE>9943</ROI_SIZE>
		<MAX_VALUE>[0.14399471879005432, 0.11841202527284622, 0.09138396382331848, 0.09415951371192932, 0.05531398952007294, 0.03454814478754997]</MAX_VALUE>
		<MIN_VALUE>[0.12600259482860565, 0.09209392219781876, 0.05785241723060608, 0.034293897449970245, 0.006527477875351906, 0.0]</MIN_VALUE>
		<SIGNATURE_THRESHOLD_MD>0.0</SIGNATURE_THRESHOLD_MD>
		<SIGNATURE_THRESHOLD_ML>0.0</SIGNATURE_THRESHOLD_ML>
		<SIGNATURE_THRESHOLD_SAM>0.0</SIGNATURE_THRESHOLD_SAM>
	</signature>
	<signature ID="20210602_161141714086_784">
		<MACROCLASSID>1</MACROCLASSID>
		<MACROCLASSINFO>waterbody</MACROCLASSINFO>
		<CLASSID>16</CLASSID>
		<CLASSINFO>C 1</CLASSINFO>
		<VALUES>[0.14029534783342754, 0.002052765384085503, 0.10362987354602654, 0.001925084700181093, 0.07055902288079867, 0.0020902723130331543, 0.04688488385282634, 0.005208105591922846, 0.015950782671186586, 0.00520318167716251, 0.008806217683889932, 0.0034734190067842578]</VALUES>
		<LCS_MIN>[0.1275019347667694, 0.09044904261827469, 0.062424905598163605, 0.037815406918525696, 0.0022851715330034494, 0.0]</LCS_MIN>
