<?xml version="1.0" ?>
<signaturelist MCID_LIST="[['1', 'waterbody', '#000000'], ['2', 'vegetation', '#000000'], ['3', 'bareland', '#000000'], ['4', 'built-up', '#000000']]">
	<signature ID="20211224_090331383537_418">
		<MACROCLASSID>1</MACROCLASSID>
		<MACROCLASSINFO>waterbody</MACROCLASSINFO>
		<CLASSID>1</CLASSID>
		<CLASSINFO>C 1</CLASSINFO>
		<VALUES>[0.07740496150469205, 0.0008591046162800558, 0.04938632017447683, 0.001243075882328458, 0.031598356982154914, 0.0014699584258939715, 0.016132374335588173, 0.0017708140536418868, 0.0069928430374614735, 0.0016464257708399095, 0.005168830958669544, 0.0013900226319446278]</VALUES>
		<LCS_MIN>[0.07584124058485031, 0.04769226908683777, 0.030231012031435966, 0.01385240163654089, 0.004275086801499128, 0.0028037861920893192]</LCS_MIN>
		<LCS_MAX>[0.09172017127275467, 0.07703494280576706, 0.060101136565208435, 0.05257808417081833, 0.04263987019658089, 0.03639381006360054]</LCS_MAX>
		<WAVELENGTH>[0.48, 0.56, 0.655, 0.865, 1.61, 2.2]</WAVELENGTH>
		<MEAN_VALUE>[0.07740496150469205, 0.04938632017447683, 0.031598356982154914, 0.016132374335588173, 0.0069928430374614735, 0.005168830958669544]</MEAN_VALUE>
		<CHECKBOX>2</CHECKBOX>
		<SD>[0.0008591046162800558, 0.001243075882328458, 0.0014699584258939715, 0.0017708140536418868, 0.0016464257708399095, 0.0013900226319446278]</SD>
		<WAVELENGTH_UNIT>E-6m</WAVELENGTH_UNIT>
		<COLOR>#d253d2</COLOR>
		<COVARIANCE_MATRIX>[[5.57122064037685e-07, 6.948582722543506e-07, 8.314661386066291e-07, 9.573118404659908e-07, 8.607998438492359e-07, 7.129590926524543e-07], [6.948582722543506e-07, 1.1816619007731788e-06, 1.2614119668796775e-06, 1.4519491742248647e-06, 1.3174422974771005e-06, 1.072078362085449e-06], [8.314661386066291e-07, 1.2614119668796775e-06, 1.5821686929484713e-06, 1.7704026049614185e-06, 1.6018709629861405e-06, 1.284700147152762e-06], [9.573118404659908e-07, 1.4519491742248647e-06, 1.7704026049614185e-06, 2.364904048590688e-06, 1.973515736608533e-06, 1.618389774193929e-06], [8.607998438492359e-07, 1.3174422974771005e-06, 1.6018709629861405e-06, 1.973515736608533e-06, 1.9498859273880953e-06, 1.5017998293842538e-06], [7.129590926524543e-07, 1.072078362085449e-06, 1.284700147152762e-06, 1.618389774193929e-06, 1.5017998293842538e-06, 1.2978205177205382e-06]]</COVARIANCE_MATRIX>
		<ROI_SIZE>10085</ROI_SIZE>
		<MAX_VALUE>[0.09172017127275467, 0.07703494280576706, 0.060101136565208435, 0.05257808417081833, 0.04263987019658089, 0.03639381006360054]</MAX_VALUE>
		<MIN_VALUE>[0.07584124058485031, 0.04769226908683777, 0.030231012031435966, 0.01385240163654089, 0.004275086801499128, 0.0028037861920893192]</MIN_VALUE>
		<SIGNATURE_THRESHOLD_MD>0.0</SIGNATURE_THRESHOLD_MD>
		<SIGNATURE_THRESHOLD_ML>0.0</SIGNATURE_THRESHOLD_ML>
		<SIGNATURE_THRESHOLD_SAM>0.0</SIGNATURE_THRESHOLD_SAM>
	</signature>
	<signature ID="20211224_090337456803_290">
		<MACROCLASSID>1</MACROCLASSID>
		<MACROCLASSINFO>waterbody</MACROCLASSINFO>
		<CLASSID>2</CLASSID>
		<CLASSINFO>C 1</CLASSINFO>
		<VALUES>[0.09473915663800499, 0.004814235383503928, 0.08300045923900232, 0.010257042489820704, 0.05820132779722758, 0.010921350550706848, 0.03030212951441433, 0.01139401585241295, 0.020967553198236486, 0.010732345479752822, 0.016040523041963815, 0.007742937944124008]</VALUES>
		<LCS_MIN>[0.0808936357498169, 0.05460458993911743, 0.03764302656054497, 0.015351458452641964, 0.008328098803758621, 0.006301593035459518]</LCS_MIN>
		<LCS_MAX>[0.10693283379077911, 0.10560032725334167, 0.08919397741556168, 0.0664304867386818, 0.05579827353358269, 0.04610992968082428]</LCS_MAX>
		<WAVELENGTH>[0.48, 0.56, 0.655, 0.865, 1.61, 2.2]</WAVELENGTH>
		<MEAN_VALUE>[0.09473915663800499, 0.08300045923900232, 0.05820132779722758, 0.03030212951441433, 0.020967553198236486, 0.016040523041963815]</MEAN_VALUE>
		<CHECKBOX>2</CHECKBOX>
		<SD>[0.004814235383503928, 0.010257042489820704, 0.010921350550706848, 0.01139401585241295, 0.010732345479752822, 0.007742937944124008]</SD>
		<WAVELENGTH_UNIT>E-6m</WAVELENGTH_UNIT>
		<COLOR>#f3023a</COLOR>
		<COVARIANCE_MATRIX>[[2.3221866285894066e-05, 4.8564917960902676e-05, 4.9131151172332466e-05, 1.0987404493789654e-05, 1.051107574312482e-05, 1.1247858310525771e-05], [4.8564917960902676e-05, 0.00010541120718698949, 0.00010239333641948178, 1.3204492461227346e-05, 1.3605553249362856e-05, 1.669263838266488e-05], [4.9131151172332466e-05, 0.00010239333641948178, 0.00011950750194955617, 5.3012008720543236e-05, 5.1556497055571526e-05, 4.2707313696155325e-05], [1.0987404493789654e-05, 1.3204492461227346e-05, 5.3012008720543236e-05, 0.00013007568486500531, 0.00011084845755249262, 8.2714221207425e-05], [1.051107574312482e-05, 1.3605553249362856e-05, 5.1556497055571526e-05, 0.00011084845755249262, 0.00011540689592948183, 7.84788717282936e-05], [1.1247858310525771e-05, 1.669263838266488e-05, 4.2707313696155325e-05, 8.2714221207425e-05, 7.84788717282936e-05, 6.0069502069382e-05]]</COVARIANCE_MATRIX>
		<ROI_SIZE>516</ROI_SIZE>
		<MAX_VALUE>[0.10693283379077911, 0.10560032725334167, 0.08919397741556168, 0.0664304867386818, 0.05579827353358269, 0.04610992968082428]</MAX_VALUE>
		<MIN_VALUE>[0.0808936357498169, 0.05460458993911743, 0.03764302656054497, 0.015351458452641964, 0.008328098803758621, 0.006301593035459518]</MIN_VALUE>
		<SIGNATURE_THRESHOLD_MD>0.0</SIGNATURE_THRESHOLD_MD>
		<SIGNATURE_THRESHOLD_ML>0.0</SIGNATURE_THRESHOLD_ML>
		<SIGNATURE_THRESHOLD_SAM>0.0</SIGNATURE_THRESHOLD_SAM>
	</signature>
	<signature ID="20211224_090342767404_926">
		<MACROCLASSID>1</MACROCLASSID>
		<MACROCLASSINFO>waterbody</MACROCLASSINFO>
		<CLASSID>3</CLASSID>
		<CLASSINFO>C 1</CLASSINFO>
		<VALUES>[0.07635995421643883, 0.0008593435995931462, 0.050310455346947974, 0.0018880208177907884, 0.030958261080644877, 0.0021668202719670984, 0.015695418780770062, 0.0034521690932501924, 0.006977232610967306, 0.0035482571543930795, 0.004959871479457359, 0.002770144763502368]</VALUES>
		<LCS_MIN>[0.07492516934871674, 0.04805314540863037, 0.028371067717671394, 0.011936943046748638, 0.001804421772249043, 0.0002220741007477045]</LCS_MIN>
		<LCS_MAX>[0.08655674755573273, 0.07387027144432068, 0.06407085806131363, 0.0544380284845829, 0.04527710750699043, 0.04016921669244766]</LCS_MAX>
		<WAVELENGTH>[0.48, 0.56, 0.655, 0.865, 1.61, 2.2]</WAVELENGTH>
		<MEAN_VALUE>[0.07635995421643883, 0.050310455346947974, 0.030958261080644877, 0.015695418780770062, 0.006977232610967306, 0.004959871479457359]</MEAN_VALUE>
		<CHECKBOX>2</CHECKBOX>
		<SD>[0.0008593435995931462, 0.0018880208177907884, 0.0021668202719670984, 0.0034521690932501924, 0.0035482571543930795, 0.002770144763502368]</SD>
		<WAVELENGTH_UNIT>E-6m</WAVELENGTH_UNIT>
		<COLOR>#927be3</COLOR>
		<COVARIANCE_MATRIX>[[9.254881092601863e-07, 1.95694974536309e-06, 2.0948837118339725e-06, 2.801813707264955e-06, 2.821186171786394e-06, 2.2090066522650886e-06], [1.95694974536309e-06, 4.742195869766874e-06, 4.895912752544973e-06, 6.334898898785468e-06, 6.340671916404972e-06, 4.945232831232715e-06], [2.0948837118339725e-06, 4.895912752544973e-06, 5.831748694618e-06, 7.898186595411971e-06, 7.907824510766659e-06, 6.01445526626776e-06], [2.801813707264955e-06, 6.334898898785468e-06, 7.898186595411971e-06, 1.2852542567998171e-05, 1.2019156201859005e-05, 9.15488908503903e-06], [2.821186171786394e-06, 6.340671916404972e-06, 7.907824510766659e-06, 1.2019156201859005e-05, 1.2708780559478328e-05, 9.578274330124259e-06], [2.2090066522650886e-06, 4.945232831232715e-06, 6.01445526626776e-06, 9.15488908503903e-06, 9.578274330124259e-06, 7.728658601990901e-06]]</COVARIANCE_MATRIX>
		<ROI_SIZE>6504</ROI_SIZE>
		<MAX_VALUE>[0.08655674755573273, 0.07387027144432068, 0.06407085806131363, 0.0544380284845829, 0.04527710750699043, 0.04016921669244766]</MAX_VALUE>
		<MIN_VALUE>[0.07492516934871674, 0.04805314540863037, 0.028371067717671394, 0.011936943046748638, 0.001804421772249043, 0.0002220741007477045]</MIN_VALUE>
		<SIGNATURE_THRESHOLD_MD>0.0</SIGNATURE_THRESHOLD_MD>
		<SIGNATURE_THRESHOLD_ML>0.0</SIGNATURE_THRESHOLD_ML>
		<SIGNATURE_THRESHOLD_SAM>0.0</SIGNATURE_THRESHOLD_SAM>
	</signature>
	<signature ID="20211224_090346039802_710">
		<MACROCLASSID>1</MACROCLASSID>
		<MACROCLASSINFO>waterbody</MACROCLASSINFO>
		<CLASSID>4</CLASSID>
		<CLASSINFO>C 1</CLASSINFO>
		<VALUES>[0.07832844193802146, 0.000947188342868297, 0.05294426840900036, 0.0023239169859154006, 0.032944201865806766, 0.002461607936795705, 0.01747828284293565, 0.003832540451989119, 0.008543964169516239, 0.0037446398123855496, 0.0062242398789281875, 0.002682086254424975]</VALUES>
		<LCS_MIN>[0.07631316781044006, 0.04985757917165756, 0.030619647353887558, 0.011048614978790283, 0.0, 0.00371988071128726]</LCS_MIN>
		<LCS_MAX>[0.08919397741556168, 0.07536931335926056, 0.06284941732883453, 0.05657556280493736, 0.045415911823511124, 0.03442281857132912]</LCS_MAX>
		<WAVELENGTH>[0.48, 0.56, 0.655, 0.865, 1.61, 2.2]</WAVELENGTH>
		<MEAN_VALUE>[0.07832844193802146, 0.05294426840900036, 0.032944201865806766, 0.01747828284293565, 0.008543964169516239, 0.0062242398789281875]</MEAN_VALUE>
		<CHECKBOX>2</CHECKBOX>
		<SD>[0.000947188342868297, 0.0023239169859154006, 0.002461607936795705, 0.003832540451989119, 0.0037446398123855496, 0.002682086254424975]</SD>
		<WAVELENGTH_UNIT>E-6m</WAVELENGTH_UNIT>
		<COLOR>#b37cc6</COLOR>
		<COVARIANCE_MATRIX>[[1.0551564173510997e-06, 2.3914119537948864e-06, 2.5412050490558613e-06, 3.042203388758935e-06, 2.944487505374127e-06, 2.1142921013961313e-06], [2.3914119537948864e-06, 6.4349464992119465e-06, 6.281020887399791e-06, 7.401396942441352e-06, 7.440989975293633e-06, 5.2465884436969645e-06], [2.5412050490558613e-06, 6.281020887399791e-06, 7.036894658085657e-06, 8.62337947182823e-06, 8.593529855716042e-06, 6.028633833921049e-06], [3.042203388758935e-06, 7.401396942441352e-06, 8.62337947182823e-06, 1.3395859241427388e-05, 1.205598164233379e-05, 8.861671631166246e-06], [2.944487505374127e-06, 7.440989975293633e-06, 8.593529855716042e-06, 1.205598164233379e-05, 1.2822786629840266e-05, 8.832718776830006e-06], [2.1142921013961313e-06, 5.2465884436969645e-06, 6.028633833921049e-06, 8.861671631166246e-06, 8.832718776830006e-06, 6.626890353800263e-06]]</COVARIANCE_MATRIX>
		<ROI_SIZE>5493</ROI_SIZE>
		<MAX_VALUE>[0.08919397741556168, 0.07536931335926056, 0.06284941732883453, 0.05657556280493736, 0.045415911823511124, 0.03442281857132912]</MAX_VALUE>
		<MIN_VALUE>[0.07631316781044006, 0.04985757917165756, 0.030619647353887558, 0.011048614978790283, 0.0, 0.00371988071128726]</MIN_VALUE>
		<SIGNATURE_THRESHOLD_MD>0.0</SIGNATURE_THRESHOLD_MD>
		<SIGNATURE_THRESHOLD_ML>0.0</SIGNATURE_THRESHOLD_ML>
		<SIGNATURE_THRESHOLD_SAM>0.0</SIGNATURE_THRESHOLD_SAM>
	</signature>
	<signature ID="20211224_090351876369_493">
		<MACROCLASSID>1</MACROCLASSID>
		<MACROCLASSINFO>waterbody</MACROCLASSINFO>
		<CLASSID>5</CLASSID>
		<CLASSINFO>C 1</CLASSINFO>
		<VALUES>[0.098792154572884, 0.002936400676474925, 0.09478884333709485, 0.005513776213349531, 0.0701791430218523, 0.007291713873433577, 0.02255914116484134, 0.006638335804583975, 0.009675274416302273, 0.005418747843500739, 0.007174239657327253, 0.004048994173071881]</VALUES>
		<LCS_MIN>[0.08902741968631744, 0.07492516934871674, 0.04672066122293472, 0.013102877885103226, 0.004275086801499128, 0.004025245551019907]</LCS_MIN>
		<LCS_MAX>[0.10421232879161835, 0.10460096597671509, 0.09455171972513199, 0.059768013656139374, 0.0461932010948658, 0.035505473613739014]</LCS_MAX>
		<WAVELENGTH>[0.48, 0.56, 0.655, 0.865, 1.61, 2.2]</WAVELENGTH>
		<MEAN_VALUE>[0.098792154572884, 0.09478884333709485, 0.0701791430218523, 0.02255914116484134, 0.009675274416302273, 0.007174239657327253]</MEAN_VALUE>
		<CHECKBOX>2</CHECKBOX>
		<SD>[0.002936400676474925, 0.005513776213349531, 0.007291713873433577, 0.006638335804583975, 0.005418747843500739, 0.004048994173071881]</SD>
		<WAVELENGTH_UNIT>E-6m</WAVELENGTH_UNIT>
		<COLOR>#f077e8</COLOR>
		<COVARIANCE_MATRIX>[[8.649258234072477e-06, 1.5742762116133235e-05, 2.134908572770655e-05, 2.9561356313934084e-06, -5.07654895898213e-09, 4.2858925297650785e-09], [1.5742762116133235e-05, 3.3381911634933203e-05, 4.428415923030116e-05, 6.552137620019494e-06, -7.884047903417013e-08, 9.981972226569269e-08], [2.134908572770655e-05, 4.428415923030116e-05, 6.165571539895609e-05, 1.4632430065830704e-05, 4.374782292870805e-06, 3.315425601613242e-06], [2.9561356313934084e-06, 6.552137620019494e-06, 1.4632430065830704e-05, 3.781723353313282e-05, 2.849209340638481e-05, 2.007010880333837e-05], [-5.07654895898213e-09, -7.884047903417013e-08, 4.374782292870805e-06, 2.849209340638481e-05, 2.556982872192748e-05, 1.8658325643627904e-05], [4.2858925297650785e-09, 9.981972226569269e-08, 3.315425601613242e-06, 2.007010880333837e-05, 1.8658325643627904e-05, 1.4542109965987038e-05]]</COVARIANCE_MATRIX>
		<ROI_SIZE>3714</ROI_SIZE>
		<MAX_VALUE>[0.10421232879161835, 0.10460096597671509, 0.09455171972513199, 0.059768013656139374, 0.0461932010948658, 0.035505473613739014]</MAX_VALUE>
		<MIN_VALUE>[0.08902741968631744, 0.07492516934871674, 0.04672066122293472, 0.013102877885103226, 0.004275086801499128, 0.004025245551019907]</MIN_VALUE>
		<SIGNATURE_THRESHOLD_MD>0.0</SIGNATURE_THRESHOLD_MD>
		<SIGNATURE_THRESHOLD_ML>0.0</SIGNATURE_THRESHOLD_ML>
		<SIGNATURE_THRESHOLD_SAM>0.0</SIGNATURE_THRESHOLD_SAM>
	</signature>
	<signature ID="20211224_090413161514_999">
		<MACROCLASSID>1</MACROCLASSID>
		<MACROCLASSINFO>waterbody</MACROCLASSINFO>
		<CLASSID>6</CLASSID>
		<CLASSINFO>C 1</CLASSINFO>
		<VALUES>[0.09783087668277454, 0.003649674650005721, 0.08961066231131555, 0.006966474488655878, 0.07534965678291805, 0.007914355302064042, 0.029313927803630555, 0.009496705878504643, 0.01623730104400824, 0.009835814451167125, 0.011599724306488179, 0.006476883445512799]</VALUES>
		<LCS_MIN>[0.07892264425754547, 0.0527724027633667, 0.040724411606788635, 0.013685841113328934, 0.005385498516261578, 0.004941340070217848]</LCS_MIN>
		<LCS_MAX>[0.10765460878610611, 0.10418455302715302, 0.0972999855875969, 0.06348790973424911, 0.050468288362026215, 0.04158499091863632]</LCS_MAX>
		<WAVELENGTH>[0.48, 0.56, 0.655, 0.865, 1.61, 2.2]</WAVELENGTH>
		<MEAN_VALUE>[0.09783087668277454, 0.08961066231131555, 0.07534965678291805, 0.029313927803630555, 0.01623730104400824, 0.011599724306488179]</MEAN_VALUE>
		<CHECKBOX>2</CHECKBOX>
		<SD>[0.003649674650005721, 0.006966474488655878, 0.007914355302064042, 0.009496705878504643, 0.009835814451167125, 0.006476883445512799]</SD>
		<WAVELENGTH_UNIT>E-6m</WAVELENGTH_UNIT>
		<COLOR>#39f6d3</COLOR>
		<COVARIANCE_MATRIX>[[1.0850289072550368e-05, 1.950272599060554e-05, 2.265972398163285e-05, -1.3220291066318168e-06, -4.1213666008843575e-06, -1.858702262325096e-06], [1.950272599060554e-05, 3.81744175683707e-05, 3.998610554845072e-05, -8.225850251619704e-06, -1.225809410243528e-05, -6.871474852232495e-06], [2.265972398163285e-05, 3.998610554845072e-05, 5.16164000146091e-05, 8.4752127804677e-06, 3.5709019812202314e-06, 3.5313223634148017e-06], [-1.3220291066318168e-06, -8.225850251619704e-06, 8.4752127804677e-06, 7.846290827728808e-05, 7.195246871560812e-05, 5.058340320829302e-05], [-4.1213666008843575e-06, -1.225809410243528e-05, 3.5709019812202314e-06, 7.195246871560812e-05, 8.374280878342688e-05, 5.318806506693363e-05], [-1.858702262325096e-06, -6.871474852232495e-06, 3.5313223634148017e-06, 5.058340320829302e-05, 5.318806506693363e-05, 3.775701770791784e-05]]</COVARIANCE_MATRIX>
		<ROI_SIZE>879</ROI_SIZE>
		<MAX_VALUE>[0.10765460878610611, 0.10418455302715302, 0.0972999855875969, 0.06348790973424911, 0.050468288362026215, 0.04158499091863632]</MAX_VALUE>
		<MIN_VALUE>[0.07892264425754547, 0.0527724027633667, 0.040724411606788635, 0.013685841113328934, 0.005385498516261578, 0.004941340070217848]</MIN_VALUE>
		<SIGNATURE_THRESHOLD_MD>0.0</SIGNATURE_THRESHOLD_MD>
		<SIGNATURE_THRESHOLD_ML>0.0</SIGNATURE_THRESHOLD_ML>
		<SIGNATURE_THRESHOLD_SAM>0.0</SIGNATURE_THRESHOLD_SAM>
	</signature>
	<signature ID="20211224_090427860822_801">
		<MACROCLASSID>1</MACROCLASSID>
		<MACROCLASSINFO>waterbody</MACROCLASSINFO>
		<CLASSID>7</CLASSID>
		<CLASSINFO>C 1</CLASSINFO>
		<VALUES>[0.09495862733825465, 0.004515984246370662, 0.08591227668576532, 0.009365267125043758, 0.07354393806912905, 0.00913820128094178, 0.032065729041938246, 0.01009980248860619, 0.01640840385323474, 0.00801766189028249, 0.01039038766120564, 0.004374722828806847]</VALUES>
		<LCS_MIN>[0.07684062421321869, 0.050412774085998535, 0.03836478292942047, 0.02051488310098648, 0.0053022182546556, 0.005441022105515003]</LCS_MIN>
		<LCS_MAX>[0.10071451216936111, 0.09560661762952805, 0.0894993469119072, 0.06454278528690338, 0.04316733032464981, 0.029537001624703407]</LCS_MAX>
		<WAVELENGTH>[0.48, 0.56, 0.655, 0.865, 1.61, 2.2]</WAVELENGTH>
		<MEAN_VALUE>[0.09495862733825465, 0.08591227668576532, 0.07354393806912905, 0.032065729041938246, 0.01640840385323474, 0.01039038766120564]</MEAN_VALUE>
		<CHECKBOX>2</CHECKBOX>
		<SD>[0.004515984246370662, 0.009365267125043758, 0.00913820128094178, 0.01009980248860619, 0.00801766189028249, 0.004374722828806847]</SD>
		<WAVELENGTH_UNIT>E-6m</WAVELENGTH_UNIT>
		<COLOR>#aaeabc</COLOR>
		<COVARIANCE_MATRIX>[[2.0454452169360593e-05, 4.200470357318409e-05, 4.061842628289014e-05, -1.316571706411196e-05, -1.5601899576722644e-05, -8.285745934699662e-06], [4.200470357318409e-05, 8.796771726338193e-05, 8.389781578443944e-05, -2.794727151922416e-05, -3.339520117151551e-05, -1.7907395886140876e-05], [4.061842628289014e-05, 8.389781578443944e-05, 8.375378092750907e-05, -1.7292695702053607e-05, -2.3317896193475462e-05, -1.2095027159375604e-05], [-1.316571706411196e-05, -2.794727151922416e-05, -1.7292695702053607e-05, 0.00010230780026176944, 7.375759741989896e-05, 4.028282273793593e-05], [-1.5601899576722644e-05, -3.339520117151551e-05, -2.3317896193475462e-05, 7.375759741989896e-05, 6.447308987844735e-05, 3.3172560506500304e-05], [-8.285745934699662e-06, -1.7907395886140876e-05, -1.2095027159375604e-05, 4.028282273793593e-05, 3.3172560506500304e-05, 1.9194822016288526e-05]]</COVARIANCE_MATRIX>
		<ROI_SIZE>339</ROI_SIZE>
		<MAX_VALUE>[0.10071451216936111, 0.09560661762952805, 0.0894993469119072, 0.06454278528690338, 0.04316733032464981, 0.029537001624703407]</MAX_VALUE>
		<MIN_VALUE>[0.07684062421321869, 0.050412774085998535, 0.03836478292942047, 0.02051488310098648, 0.0053022182546556, 0.005441022105515003]</MIN_VALUE>
		<SIGNATURE_THRESHOLD_MD>0.0</SIGNATURE_THRESHOLD_MD>
		<SIGNATURE_THRESHOLD_ML>0.0</SIGNATURE_THRESHOLD_ML>
		<SIGNATURE_THRESHOLD_SAM>0.0</SIGNATURE_THRESHOLD_SAM>
	</signature>
	<signature ID="20211224_090432757235_938">
		<MACROCLASSID>1</MACROCLASSID>
		<MACROCLASSINFO>waterbody</MACROCLASSINFO>
		<CLASSID>8</CLASSID>
		<CLASSINFO>C 1</CLASSINFO>
		<VALUES>[0.09220237804706705, 0.0055055259763191105, 0.081355573063673, 0.01145316990219736, 0.06711395809123687, 0.011440590446611363, 0.031877217160234644, 0.01155262820515422, 0.018304862972175633, 0.009937477092629514, 0.011748859901414369, 0.005537040791920578]</VALUES>
		<LCS_MIN>[0.07495292276144028, 0.047053780406713486, 0.03261839598417282, 0.008633463643491268, 0.006967836059629917, 0.0056075830943882465]</LCS_MIN>
		<LCS_MAX>[0.10029812157154083, 0.093913234770298, 0.08361414074897766, 0.06662482768297195, 0.052106160670518875, 0.03836478292942047]</LCS_MAX>
		<WAVELENGTH>[0.48, 0.56, 0.655, 0.865, 1.61, 2.2]</WAVELENGTH>
		<MEAN_VALUE>[0.09220237804706705, 0.081355573063673, 0.06711395809123687, 0.031877217160234644, 0.018304862972175633, 0.011748859901414369]</MEAN_VALUE>
		<CHECKBOX>2</CHECKBOX>
		<SD>[0.0055055259763191105, 0.01145316990219736, 0.011440590446611363, 0.01155262820515422, 0.009937477092629514, 0.005537040791920578]</SD>
		<WAVELENGTH_UNIT>E-6m</WAVELENGTH_UNIT>
		<COLOR>#1469b2</COLOR>
		<COVARIANCE_MATRIX>[[3.03578835882945e-05, 6.118146848166361e-05, 6.232631858438253e-05, 2.9217281394267047e-07, -8.506925041729119e-06, -6.4296355049009435e-06], [6.118146848166361e-05, 0.00013137879432179034, 0.0001273952075280249, -4.821182756131748e-06, -2.3497530492022634e-05, -1.6904530639294535e-05], [6.232631858438253e-05, 0.0001273952075280249, 0.00013109034625813365, 1.1740359695977531e-05, -8.682793122716248e-06, -9.425181815458927e-06], [2.9217281394267047e-07, -4.821182756131748e-06, 1.1740359695977531e-05, 0.000133670459035784, 0.00010600481618894264, 5.545574822463095e-05], [-8.506925041729119e-06, -2.3497530492022634e-05, -8.682793122716248e-06, 0.00010600481618894264, 9.890679211821407e-05, 5.19013665325474e-05], [-6.4296355049009435e-06, -1.6904530639294535e-05, -9.425181815458927e-06, 5.545574822463095e-05, 5.19013665325474e-05, 3.070642924285494e-05]]</COVARIANCE_MATRIX>
		<ROI_SIZE>645</ROI_SIZE>
		<MAX_VALUE>[0.10029812157154083, 0.093913234770298, 0.08361414074897766, 0.06662482768297195, 0.052106160670518875, 0.03836478292942047]</MAX_VALUE>
		<MIN_VALUE>[0.07495292276144028, 0.047053780406713486, 0.03261839598417282, 0.008633463643491268, 0.006967836059629917, 0.0056075830943882465]</MIN_VALUE>
		<SIGNATURE_THRESHOLD_MD>0.0</SIGNATURE_THRESHOLD_MD>
		<SIGNATURE_THRESHOLD_ML>0.0</SIGNATURE_THRESHOLD_ML>
		<SIGNATURE_THRESHOLD_SAM>0.0</SIGNATURE_THRESHOLD_SAM>
	</signature>
	<signature ID="20211224_090440149685_421">
		<MACROCLASSID>1</MACROCLASSID>
		<MACROCLASSINFO>waterbody</MACROCLASSINFO>
		<CLASSID>9</CLASSID>
		<CLASSINFO>C 1</CLASSINFO>
		<VALUES>[0.09700851049274206, 0.00652188690792174, 0.08271788366671119, 0.00897065827159786, 0.07335768966004252, 0.013991071107735025, 0.054209003989983885, 0.024882909660693647, 0.0394786721361535, 0.022873253073941054, 0.032316006753327596, 0.01805916705795233]</VALUES>
		<LCS_MIN>[0.08816684037446976, 0.07034469395875931, 0.05593707785010338, 0.019015826284885406, 0.00979939941316843, 0.008272575214505196]</LCS_MIN>
		<LCS_MAX>[0.11279025673866272, 0.10460096597671509, 0.10168612003326416, 0.1004091426730156, 0.08428038656711578, 0.06815163046121597]</LCS_MAX>
		<WAVELENGTH>[0.48, 0.56, 0.655, 0.865, 1.61, 2.2]</WAVELENGTH>
		<MEAN_VALUE>[0.09700851049274206, 0.08271788366671119, 0.07335768966004252, 0.054209003989983885, 0.0394786721361535, 0.032316006753327596]</MEAN_VALUE>
		<CHECKBOX>2</CHECKBOX>
		<SD>[0.00652188690792174, 0.00897065827159786, 0.013991071107735025, 0.024882909660693647, 0.022873253073941054, 0.01805916705795233]</SD>
		<WAVELENGTH_UNIT>E-6m</WAVELENGTH_UNIT>
		<COLOR>#5a2851</COLOR>
		<COVARIANCE_MATRIX>[[4.33083732787054e-05, 5.5620301282033324e-05, 8.524246368324384e-05, 0.00015093882393557578, 0.00013740603753831238, 0.00011069906031480059], [5.5620301282033324e-05, 8.193584653781727e-05, 0.00012498427531681955, 0.00021106570784468204, 0.00019453655113466084, 0.0001544383994769305], [8.524246368324384e-05, 0.00012498427531681955, 0.00019930915732402354, 0.0003384515002835542, 0.00031116054742597044, 0.00024248711997643113], [0.00015093882393557578, 0.00021106570784468204, 0.0003384515002835542, 0.0006304166163317859, 0.0005668035009875894, 0.0004412153793964535], [0.00013740603753831238, 0.00019453655113466084, 0.00031116054742597044, 0.0005668035009875894, 0.000532698177266866, 0.0004137241921853274], [0.00011069906031480059, 0.0001544383994769305, 0.00024248711997643113, 0.0004412153793964535, 0.0004137241921853274, 0.00033206320949830115]]</COVARIANCE_MATRIX>
		<ROI_SIZE>56</ROI_SIZE>
		<MAX_VALUE>[0.11279025673866272, 0.10460096597671509, 0.10168612003326416, 0.1004091426730156, 0.08428038656711578, 0.06815163046121597]</MAX_VALUE>
		<MIN_VALUE>[0.08816684037446976, 0.07034469395875931, 0.05593707785010338, 0.019015826284885406, 0.00979939941316843, 0.008272575214505196]</MIN_VALUE>
		<SIGNATURE_THRESHOLD_MD>0.0</SIGNATURE_THRESHOLD_MD>
		<SIGNATURE_THRESHOLD_ML>0.0</SIGNATURE_THRESHOLD_ML>
		<SIGNATURE_THRESHOLD_SAM>0.0</SIGNATURE_THRESHOLD_SAM>
	</signature>
	<signature ID="20211224_090444896937_191">
		<MACROCLASSID>1</MACROCLASSID>
		<MACROCLASSINFO>waterbody</MACROCLASSINFO>
		<CLASSID>10</CLASSID>
		<CLASSINFO>C 1</CLASSINFO>
		<VALUES>[0.09269713427413973, 0.004324119629827868, 0.07603118790869126, 0.0057672914339205105, 0.06401583003370383, 0.008350853791192863, 0.03659543086235461, 0.01579252379188283, 0.024587378167269518, 0.01503882183706956, 0.021149966396031936, 0.01239997830769]</VALUES>
		<LCS_MIN>[0.08633465319871902, 0.0652090460062027, 0.048747144639492035, 0.011770381592214108, 0.0, 0.001193692209199071]</LCS_MIN>
		<LCS_MAX>[0.1038791835308075, 0.09135928750038147, 0.08428038656711578, 0.07409234344959259, 0.060156650841236115, 0.051745280623435974]</LCS_MAX>
		<WAVELENGTH>[0.48, 0.56, 0.655, 0.865, 1.61, 2.2]</WAVELENGTH>
		<MEAN_VALUE>[0.09269713427413973, 0.07603118790869126, 0.06401583003370383, 0.03659543086235461, 0.024587378167269518, 0.021149966396031936]</MEAN_VALUE>
		<CHECKBOX>2</CHECKBOX>
		<SD>[0.004324119629827868, 0.0057672914339205105, 0.008350853791192863, 0.01579252379188283, 0.01503882183706956, 0.01239997830769]</SD>
		<WAVELENGTH_UNIT>E-6m</WAVELENGTH_UNIT>
		<COLOR>#aa2220</COLOR>
		<COVARIANCE_MATRIX>[[1.9031904230359942e-05, 2.4067710910458118e-05, 3.4943259379360825e-05, 5.892237459192984e-05, 6.094342461437918e-05, 5.1240043831057847e-05], [2.4067710910458118e-05, 3.385560921742581e-05, 4.7176381485769525e-05, 7.827599620213732e-05, 8.034674101509154e-05, 6.675121403532103e-05], [3.4943259379360825e-05, 4.7176381485769525e-05, 7.098205969668925e-05, 0.00011953015928156674, 0.00012267896090634167, 0.00010185052087763324], [5.892237459192984e-05, 7.827599620213732e-05, 0.00011953015928156674, 0.0002538574335630983, 0.00023035769117996097, 0.00018247107800561935], [6.094342461437918e-05, 8.034674101509154e-05, 0.00012267896090634167, 0.00023035769117996097, 0.0002302048378624022, 0.00018753531912807375], [5.1240043831057847e-05, 6.675121403532103e-05, 0.00010185052087763324, 0.00018247107800561935, 0.00018753531912807375, 0.00015650516434106976]]</COVARIANCE_MATRIX>
		<ROI_SIZE>57</ROI_SIZE>
		<MAX_VALUE>[0.1038791835308075, 0.09135928750038147, 0.08428038656711578, 0.07409234344959259, 0.060156650841236115, 0.051745280623435974]</MAX_VALUE>
		<MIN_VALUE>[0.08633465319871902, 0.0652090460062027, 0.048747144639492035, 0.011770381592214108, 0.0, 0.001193692209199071]</MIN_VALUE>
		<SIGNATURE_THRESHOLD_MD>0.0</SIGNATURE_THRESHOLD_MD>
		<SIGNATURE_THRESHOLD_ML>0.0</SIGNATURE_THRESHOLD_ML>
		<SIGNATURE_THRESHOLD_SAM>0.0</SIGNATURE_THRESHOLD_SAM>
	</signature>
	<signature ID="20211224_090452998989_500">
		<MACROCLASSID>1</MACROCLASSID>
		<MACROCLASSINFO>waterbody</MACROCLASSINFO>
		<CLASSID>11</CLASSID>
		<CLASSINFO>C 1</CLASSINFO>
		<VALUES>[0.09793226074041991, 0.0064852481052745745, 0.08199591048318769, 0.007840425709670976, 0.07315950519565875, 0.011396721274048715, 0.06051993318672839, 0.020016373364394862, 0.04677234231976086, 0.018475594564836426, 0.037739222130641854, 0.015333404040603045]</VALUES>
		<LCS_MIN>[0.08694537729024887, 0.06876235455274582, 0.05463234707713127, 0.02290227822959423, 0.01374136470258236, 0.01152054127305746]</LCS_MIN>
		<LCS_MAX>[0.11467795819044113, 0.10007602721452713, 0.09630061686038971, 0.09632837772369385, 0.08167092502117157, 0.07123303413391113]</LCS_MAX>
		<WAVELENGTH>[0.48, 0.56, 0.655, 0.865, 1.61, 2.2]</WAVELENGTH>
		<MEAN_VALUE>[0.09793226074041991, 0.08199591048318769, 0.07315950519565875, 0.06051993318672839, 0.04677234231976086, 0.037739222130641854]</MEAN_VALUE>
		<CHECKBOX>2</CHECKBOX>
		<SD>[0.0064852481052745745, 0.007840425709670976, 0.011396721274048715, 0.020016373364394862, 0.018475594564836426, 0.015333404040603045]</SD>
		<WAVELENGTH_UNIT>E-6m</WAVELENGTH_UNIT>
		<COLOR>#67448f</COLOR>
		<COVARIANCE_MATRIX>[[4.279630957171321e-05, 4.769258521264419e-05, 6.850613135611638e-05, 9.779827814782038e-05, 8.910893666325137e-05, 8.304339280584827e-05], [4.769258521264419e-05, 6.255073822103441e-05, 8.810708823148161e-05, 0.00012082819011993706, 0.00011659199662972242, 0.00010615224891807884], [6.850613135611638e-05, 8.810708823148161e-05, 0.00013216394290793687, 0.00019853284175042063, 0.00017759253387339413, 0.0001584950223332271], [9.779827814782038e-05, 0.00012082819011993706, 0.00019853284175042063, 0.000407684245146811, 0.0003265508566983044, 0.0002782658557407558], [8.910893666325137e-05, 0.00011659199662972242, 0.00017759253387339413, 0.0003265508566983044, 0.0003473361430224031, 0.0002805324620567262], [8.304339280584827e-05, 0.00010615224891807884, 0.0001584950223332271, 0.0002782658557407558, 0.0002805324620567262, 0.00023923807020764798]]</COVARIANCE_MATRIX>
		<ROI_SIZE>58</ROI_SIZE>
		<MAX_VALUE>[0.11467795819044113, 0.10007602721452713, 0.09630061686038971, 0.09632837772369385, 0.08167092502117157, 0.07123303413391113]</MAX_VALUE>
		<MIN_VALUE>[0.08694537729024887, 0.06876235455274582, 0.05463234707713127, 0.02290227822959423, 0.01374136470258236, 0.01152054127305746]</MIN_VALUE>
		<SIGNATURE_THRESHOLD_MD>0.0</SIGNATURE_THRESHOLD_MD>
		<SIGNATURE_THRESHOLD_ML>0.0</SIGNATURE_THRESHOLD_ML>
		<SIGNATURE_THRESHOLD_SAM>0.0</SIGNATURE_THRESHOLD_SAM>
	</signature>
	<signature ID="20211224_090536458376_341">
		<MACROCLASSID>1</MACROCLASSID>
		<MACROCLASSINFO>waterbody</MACROCLASSINFO>
		<CLASSID>12</CLASSID>
		<CLASSINFO>C 1</CLASSINFO>
		<VALUES>[0.09453610656782985, 0.0037316782311621307, 0.08034710166975857, 0.005758053030503098, 0.0730773585382849, 0.007775580510032207, 0.07637737062759697, 0.02252040816661389, 0.05100441898684949, 0.017088132812996076, 0.03928608377464116, 0.01186697127527865]</VALUES>
		<LCS_MIN>[0.08794476091861725, 0.07095542550086975, 0.058740872889757156, 0.04338940232992172, 0.024207018315792084, 0.018543900921940804]</LCS_MIN>
		<LCS_MAX>[0.10154733806848526, 0.08880532532930374, 0.08647345751523972, 0.1119852140545845, 0.08372519165277481, 0.058407749980688095]</LCS_MAX>
		<WAVELENGTH>[0.48, 0.56, 0.655, 0.865, 1.61, 2.2]</WAVELENGTH>
		<MEAN_VALUE>[0.09453610656782985, 0.08034710166975857, 0.0730773585382849, 0.07637737062759697, 0.05100441898684949, 0.03928608377464116]</MEAN_VALUE>
		<CHECKBOX>2</CHECKBOX>
		<SD>[0.0037316782311621307, 0.005758053030503098, 0.007775580510032207, 0.02252040816661389, 0.017088132812996076, 0.01186697127527865]</SD>
		<WAVELENGTH_UNIT>E-6m</WAVELENGTH_UNIT>
		<COLOR>#bbc7d1</COLOR>
		<COVARIANCE_MATRIX>[[1.4853783795842901e-05, 2.2120102585176937e-05, 2.8950935302418657e-05, 5.727672032662667e-05, 3.1500843761023134e-05, 3.0294178941403516e-05], [2.2120102585176937e-05, 3.536551957949996e-05, 4.445114609552547e-05, 9.523516200715676e-05, 4.9215876060770825e-05, 4.616432488546707e-05], [2.8950935302418657e-05, 4.445114609552547e-05, 6.44902975182049e-05, 0.00015128107042983174, 9.650549327488989e-05, 7.838798774173483e-05], [5.727672032662667e-05, 9.523516200715676e-05, 0.00015128107042983174, 0.000540980021469295, 0.00034376606345176697, 0.00023816236353013664], [3.1500843761023134e-05, 4.9215876060770825e-05, 9.650549327488989e-05, 0.00034376606345176697, 0.00031147123081609607, 0.0002085466549033299], [3.0294178941403516e-05, 4.616432488546707e-05, 7.838798774173483e-05, 0.00023816236353013664, 0.0002085466549033299, 0.00015021333820186555]]</COVARIANCE_MATRIX>
		<ROI_SIZE>16</ROI_SIZE>
		<MAX_VALUE>[0.10154733806848526, 0.08880532532930374, 0.08647345751523972, 0.1119852140545845, 0.08372519165277481, 0.058407749980688095]</MAX_VALUE>
		<MIN_VALUE>[0.08794476091861725, 0.07095542550086975, 0.058740872889757156, 0.04338940232992172, 0.024207018315792084, 0.018543900921940804]</MIN_VALUE>
		<SIGNATURE_THRESHOLD_MD>0.0</SIGNATURE_THRESHOLD_MD>
		<SIGNATURE_THRESHOLD_ML>0.0</SIGNATURE_THRESHOLD_ML>
		<SIGNATURE_THRESHOLD_SAM>0.0</SIGNATURE_THRESHOLD_SAM>
	</signature>
	<signature ID="20211224_090545456353_729">
		<MACROCLASSID>1</MACROCLASSID>
		<MACROCLASSINFO>waterbody</MACROCLASSINFO>
		<CLASSID>13</CLASSID>
		<CLASSINFO>C 1</CLASSINFO>
		<VALUES>[0.11996296279389282, 0.009257944230148838, 0.10989744755728492, 0.01109497366019273, 0.11369391299527268, 0.015063159695118464, 0.11822459050293624, 0.023031974730176603, 0.10878703280769546, 0.02586255331501767, 0.0867663826151141, 0.020526888512193395]</VALUES>
		<LCS_MIN>[0.10424008220434189, 0.09352458268404007, 0.09105392545461655, 0.081476591527462, 0.06620841473340988, 0.050523821264505386]</LCS_MIN>
		<LCS_MAX>[0.1361367106437683, 0.12786413729190826, 0.13530389964580536, 0.155291348695755, 0.14898976683616638, 0.11959155648946762]</LCS_MAX>
		<WAVELENGTH>[0.48, 0.56, 0.655, 0.865, 1.61, 2.2]</WAVELENGTH>
		<MEAN_VALUE>[0.11996296279389282, 0.10989744755728492, 0.11369391299527268, 0.11822459050293624, 0.10878703280769546, 0.0867663826151141]</MEAN_VALUE>
		<CHECKBOX>2</CHECKBOX>
		<SD>[0.009257944230148838, 0.01109497366019273, 0.015063159695118464, 0.023031974730176603, 0.02586255331501767, 0.020526888512193395]</SD>
		<WAVELENGTH_UNIT>E-6m</WAVELENGTH_UNIT>
		<COLOR>#ec1f51</COLOR>
		<COVARIANCE_MATRIX>[[8.8770582806319e-05, 0.0001011625790852122, 0.00013113237218931317, 0.0001473386219004169, 0.00015289544535335153, 0.0001208722751471214], [0.0001011625790852122, 0.00012749481538776308, 0.0001700173452263698, 0.0002080146805383265, 0.00021816042135469615, 0.00017270637908950448], [0.00013113237218931317, 0.0001700173452263698, 0.00023500231327489018, 0.00031448379741050303, 0.00033390242606401443, 0.00026243930915370584], [0.0001473386219004169, 0.0002080146805383265, 0.00031448379741050303, 0.000549417280126363, 0.0006057729478925467, 0.00047346431529149413], [0.00015289544535335153, 0.00021816042135469615, 0.00033390242606401443, 0.0006057729478925467, 0.0006927599315531552, 0.0005451346514746547], [0.0001208722751471214, 0.00017270637908950448, 0.00026243930915370584, 0.00047346431529149413, 0.0005451346514746547, 0.0004364014894235879]]</COVARIANCE_MATRIX>
		<ROI_SIZE>29</ROI_SIZE>
		<MAX_VALUE>[0.1361367106437683, 0.12786413729190826, 0.13530389964580536, 0.155291348695755, 0.14898976683616638, 0.11959155648946762]</MAX_VALUE>
		<MIN_VALUE>[0.10424008220434189, 0.09352458268404007, 0.09105392545461655, 0.081476591527462, 0.06620841473340988, 0.050523821264505386]</MIN_VALUE>
		<SIGNATURE_THRESHOLD_MD>0.0</SIGNATURE_THRESHOLD_MD>
		<SIGNATURE_THRESHOLD_ML>0.0</SIGNATURE_THRESHOLD_ML>
		<SIGNATURE_THRESHOLD_SAM>0.0</SIGNATURE_THRESHOLD_SAM>
	</signature>
	<signature ID="20211224_090553016615_325">
		<MACROCLASSID>1</MACROCLASSID>
		<MACROCLASSINFO>waterbody</MACROCLASSINFO>
		<CLASSID>14</CLASSID>
		<CLASSINFO>C 1</CLASSINFO>
		<VALUES>[0.10569923021830618, 0.006481946460844954, 0.09395227045752107, 0.009021298170259815, 0.09335108799859881, 0.013502575974282447, 0.0984000009484589, 0.02737508678125267, 0.08306761347921564, 0.02753988414766001, 0.06470761838136241, 0.01980312677699091]</VALUES>
		<LCS_MIN>[0.09363562613725662, 0.0750361904501915, 0.06693018972873688, 0.04647080972790718, 0.02862090803682804, 0.026316804811358452]</LCS_MIN>
		<LCS_MAX>[0.11639910191297531, 0.11145777255296707, 0.11179089546203613, 0.1440206617116928, 0.13394363224506378, 0.10260221362113953]</LCS_MAX>
		<WAVELENGTH>[0.48, 0.56, 0.655, 0.865, 1.61, 2.2]</WAVELENGTH>
		<MEAN_VALUE>[0.10569923021830618, 0.09395227045752107, 0.09335108799859881, 0.0984000009484589, 0.08306761347921564, 0.06470761838136241]</MEAN_VALUE>
		<CHECKBOX>2</CHECKBOX>
		<SD>[0.006481946460844954, 0.009021298170259815, 0.013502575974282447, 0.02737508678125267, 0.02753988414766001, 0.01980312677699091]</SD>
		<WAVELENGTH_UNIT>E-6m</WAVELENGTH_UNIT>
		<COLOR>#69e699</COLOR>
		<COVARIANCE_MATRIX>[[4.337097198003903e-05, 5.534721276490018e-05, 8.804457320366055e-05, 0.00015491789963562042, 0.00015776748477946967, 0.0001118761720135808], [5.534721276490018e-05, 8.4009108832106e-05, 0.0001146671493188478, 0.00019757739210035652, 0.00020858648349530995, 0.00016820535529404879], [8.804457320366055e-05, 0.0001146671493188478, 0.00018820083641912788, 0.00033112085657194257, 0.00033920007990673184, 0.00023568631149828434], [0.00015491789963562042, 0.00019757739210035652, 0.00033112085657194257, 0.0007735693943686783, 0.0007533456664532423, 0.0005010164459235966], [0.00015776748477946967, 0.00020858648349530995, 0.00033920007990673184, 0.0007533456664532423, 0.0007829112000763416, 0.0005317957838997245], [0.0001118761720135808, 0.00016820535529404879, 0.00023568631149828434, 0.0005010164459235966, 0.0005317957838997245, 0.00040481428732164204]]</COVARIANCE_MATRIX>
		<ROI_SIZE>32</ROI_SIZE>
		<MAX_VALUE>[0.11639910191297531, 0.11145777255296707, 0.11179089546203613, 0.1440206617116928, 0.13394363224506378, 0.10260221362113953]</MAX_VALUE>
		<MIN_VALUE>[0.09363562613725662, 0.0750361904501915, 0.06693018972873688, 0.04647080972790718, 0.02862090803682804, 0.026316804811358452]</MIN_VALUE>
		<SIGNATURE_THRESHOLD_MD>0.0</SIGNATURE_THRESHOLD_MD>
		<SIGNATURE_THRESHOLD_ML>0.0</SIGNATURE_THRESHOLD_ML>
		<SIGNATURE_THRESHOLD_SAM>0.0</SIGNATURE_THRESHOLD_SAM>
	</signature>
	<signature ID="20211224_090603636664_632">
		<MACROCLASSID>1</MACROCLASSID>
		<MACROCLASSINFO>waterbody</MACROCLASSINFO>
		<CLASSID>15</CLASSID>
		<CLASSINFO>C 1</CLASSINFO>
		<VALUES>[0.09588358283432484, 0.0009605734536035616, 0.08785004838327182, 0.001364887131979629, 0.07579951884310229, 0.0018716000129993383, 0.028043564883809453, 0.010004746136369067, 0.01372331047881078, 0.009121493337177601, 0.009743239789945526, 0.00584570827213619]</VALUES>
		<LCS_MIN>[0.09119270741939545, 0.07920025289058685, 0.06937308609485626, 0.016711721196770668, 0.006135032046586275, 0.004830292426049709]</LCS_MIN>
		<LCS_MAX>[0.09921546280384064, 0.09174792468547821, 0.08489111810922623, 0.06296044588088989, 0.04830299690365791, 0.03472818434238434]</LCS_MAX>
		<WAVELENGTH>[0.48, 0.56, 0.655, 0.865, 1.61, 2.2]</WAVELENGTH>
		<MEAN_VALUE>[0.09588358283432484, 0.08785004838327182, 0.07579951884310229, 0.028043564883809453, 0.01372331047881078, 0.009743239789945526]</MEAN_VALUE>
		<CHECKBOX>2</CHECKBOX>
		<SD>[0.0009605734536035616, 0.001364887131979629, 0.0018716000129993383, 0.010004746136369067, 0.009121493337177601, 0.00584570827213619]</SD>
		<WAVELENGTH_UNIT>E-6m</WAVELENGTH_UNIT>
		<COLOR>#6ca4b8</COLOR>
		<COVARIANCE_MATRIX>[[9.257266242457263e-07, 8.451082749161287e-07, 1.5645752000637003e-06, -1.2451710063032806e-06, -1.4493495825718128e-07, 7.31772502149397e-07], [8.451082749161287e-07, 1.8690247998165432e-06, 1.3974454304843675e-06, -7.302807262021815e-06, -6.0781485444749705e-06, -2.8405729608493857e-06], [1.5645752000637003e-06, 1.3974454304843675e-06, 3.5143714285368333e-06, 1.88167859960231e-06, 3.7334664284571772e-06, 3.4664285522012506e-06], [-1.2451710063032806e-06, -7.302807262021815e-06, 1.88167859960231e-06, 0.00010042312351288274, 8.380633516935632e-05, 5.3474479500437155e-05], [-1.4493495825718128e-07, -6.0781485444749705e-06, 3.7334664284571772e-06, 8.380633516935632e-05, 8.347443508682773e-05, 4.954788164468482e-05], [7.31772502149397e-07, -2.8405729608493857e-06, 3.4664285522012506e-06, 5.3474479500437155e-05, 4.954788164468482e-05, 3.428434501984157e-05]]</COVARIANCE_MATRIX>
		<ROI_SIZE>306</ROI_SIZE>
		<MAX_VALUE>[0.09921546280384064, 0.09174792468547821, 0.08489111810922623, 0.06296044588088989, 0.04830299690365791, 0.03472818434238434]</MAX_VALUE>
		<MIN_VALUE>[0.09119270741939545, 0.07920025289058685, 0.06937308609485626, 0.016711721196770668, 0.006135032046586275, 0.004830292426049709]</MIN_VALUE>
		<SIGNATURE_THRESHOLD_MD>0.0</SIGNATURE_THRESHOLD_MD>
		<SIGNATURE_THRESHOLD_ML>0.0</SIGNATURE_THRESHOLD_ML>
		<SIGNATURE_THRESHOLD_SAM>0.0</SIGNATURE_THRESHOLD_SAM>
	</signature>
	<signature ID="20211224_090617405490_172">
		<MACROCLASSID>1</MACROCLASSID>
		<MACROCLASSINFO>waterbody</MACROCLASSINFO>
		<CLASSID>16</CLASSID>
		<CLASSINFO>C 1</CLASSINFO>
		<VALUES>[0.08882305580191309, 0.0022161606630640637, 0.07263611603993927, 0.0038165507732896243, 0.048741372387545896, 0.00543064700340772, 0.022692079382250083, 0.008010953739866324, 0.013387274692164875, 0.008165971945728007, 0.009691997430733573, 0.005489063450713272]</VALUES>
