<?xml version="1.0" ?>
<signaturelist MCID_LIST="[['1', 'waterbody', '#0000ff'], ['2', 'vegetation', '#00ff00'], ['3', 'bareland', '#ffaa00'], ['4', 'built-up', '#ff0000']]">
	<signature ID="20211203_142441059173_784">
		<MACROCLASSID>1</MACROCLASSID>
		<MACROCLASSINFO>waterbody</MACROCLASSINFO>
		<CLASSID>1</CLASSID>
		<CLASSINFO>C 1</CLASSINFO>
		<VALUES>[0.09068615766181297, 0.008994563594864231, 0.07863225401363279, 0.017468145701656952, 0.05497742388697148, 0.018833930219088364, 0.02365195483962817, 0.013719766737245467, 0.012073063383674455, 0.011416168336478022, 0.008865952049257157, 0.008136692226229118]</VALUES>
		<LCS_MIN>[0.07831191271543503, 0.055187564343214035, 0.032562874257564545, 0.011465017683804035, 0.0031646748539060354, 0.004247330129146576]</LCS_MIN>
		<LCS_MAX>[0.10945902019739151, 0.11184640973806381, 0.10798773169517517, 0.08769491314888, 0.07642421126365662, 0.061600204557180405]</LCS_MAX>
		<WAVELENGTH>[0.48, 0.56, 0.655, 0.865, 1.61, 2.2]</WAVELENGTH>
		<MEAN_VALUE>[0.09068615766181297, 0.07863225401363279, 0.05497742388697148, 0.02365195483962817, 0.012073063383674455, 0.008865952049257157]</MEAN_VALUE>
		<CHECKBOX>2</CHECKBOX>
		<SD>[0.008994563594864231, 0.017468145701656952, 0.018833930219088364, 0.013719766737245467, 0.011416168336478022, 0.008136692226229118]</SD>
		<WAVELENGTH_UNIT>E-6m</WAVELENGTH_UNIT>
		<COLOR>#afd455</COLOR>
		<COVARIANCE_MATRIX>[[8.032116602407768e-05, 0.00015221994544845074, 0.00016403800691477954, 4.0778610127745196e-05, 1.805406282073818e-05, 1.4016984096087981e-05], [0.00015221994544845074, 0.0002942970604635775, 0.00031382511951960623, 7.535068289143965e-05, 3.209123315173201e-05, 2.510186459403485e-05], [0.00016403800691477954, 0.00031382511951960623, 0.0003510904498398304, 0.00010936614853562787, 5.605370824923739e-05, 4.243812145432457e-05], [4.0778610127745196e-05, 7.535068289143965e-05, 0.00010936614853562787, 0.0001662309077801183, 0.00012666759721469134, 8.811432053335011e-05], [1.805406282073818e-05, 3.209123315173201e-05, 5.605370824923739e-05, 0.00012666759721469134, 0.00010787662904476747, 7.603241101605818e-05], [1.4016984096087981e-05, 2.510186459403485e-05, 4.243812145432457e-05, 8.811432053335011e-05, 7.603241101605818e-05, 5.55917649762705e-05]]</COVARIANCE_MATRIX>
		<ROI_SIZE>10281</ROI_SIZE>
		<MAX_VALUE>[0.10945902019739151, 0.11184640973806381, 0.10798773169517517, 0.08769491314888, 0.07642421126365662, 0.061600204557180405]</MAX_VALUE>
		<MIN_VALUE>[0.07831191271543503, 0.055187564343214035, 0.032562874257564545, 0.011465017683804035, 0.0031646748539060354, 0.004247330129146576]</MIN_VALUE>
		<SIGNATURE_THRESHOLD_MD>0.0</SIGNATURE_THRESHOLD_MD>
		<SIGNATURE_THRESHOLD_ML>0.0</SIGNATURE_THRESHOLD_ML>
		<SIGNATURE_THRESHOLD_SAM>0.0</SIGNATURE_THRESHOLD_SAM>
	</signature>
	<signature ID="20211203_142456626997_873">
		<MACROCLASSID>1</MACROCLASSID>
		<MACROCLASSINFO>waterbody</MACROCLASSINFO>
		<CLASSID>2</CLASSID>
		<CLASSINFO>C 1</CLASSINFO>
		<VALUES>[0.07749337445424652, 0.002107295772027135, 0.0522290321322389, 0.0038895459193468815, 0.03302285036734173, 0.0054110008359976374, 0.018807157879204228, 0.009747019733806435, 0.010025824868400852, 0.009381904083815045, 0.006957112567631804, 0.006386055908168287]</VALUES>
		<LCS_MIN>[0.07387027144432068, 0.045332640409469604, 0.02828778699040413, 0.011409493163228035, 0.004302843473851681, 0.0033867591992020607]</LCS_MIN>
		<LCS_MAX>[0.09460723400115967, 0.08267029374837875, 0.07797879725694656, 0.08444694429636002, 0.07492516934871674, 0.05571500211954117]</LCS_MAX>
		<WAVELENGTH>[0.48, 0.56, 0.655, 0.865, 1.61, 2.2]</WAVELENGTH>
		<MEAN_VALUE>[0.07749337445424652, 0.0522290321322389, 0.03302285036734173, 0.018807157879204228, 0.010025824868400852, 0.006957112567631804]</MEAN_VALUE>
		<CHECKBOX>2</CHECKBOX>
		<SD>[0.002107295772027135, 0.0038895459193468815, 0.0054110008359976374, 0.009747019733806435, 0.009381904083815045, 0.006386055908168287]</SD>
		<WAVELENGTH_UNIT>E-6m</WAVELENGTH_UNIT>
		<COLOR>#5faaae</COLOR>
		<COVARIANCE_MATRIX>[[4.9606369429966435e-06, 8.670855095260777e-06, 1.1910561624972615e-05, 1.9886081645381637e-05, 1.9255763618275523e-05, 1.3527796909329481e-05], [8.670855095260777e-06, 1.6765432519605383e-05, 2.181955278501846e-05, 3.5166358429705724e-05, 3.360612754477188e-05, 2.3754339053994045e-05], [1.1910561624972615e-05, 2.181955278501846e-05, 3.483122418401763e-05, 5.955657979939133e-05, 5.736549792345613e-05, 3.912652391591109e-05], [1.9886081645381637e-05, 3.5166358429705724e-05, 5.955657979939133e-05, 0.00011404657561797649, 0.00010543297685217112, 7.074986206134781e-05], [1.9255763618275523e-05, 3.360612754477188e-05, 5.736549792345613e-05, 0.00010543297685217112, 0.00010383256449131295, 7.023001671768725e-05], [1.3527796909329481e-05, 2.3754339053994045e-05, 3.912652391591109e-05, 7.074986206134781e-05, 7.023001671768725e-05, 4.976381387677975e-05]]</COVARIANCE_MATRIX>
		<ROI_SIZE>18948</ROI_SIZE>
		<MAX_VALUE>[0.09460723400115967, 0.08267029374837875, 0.07797879725694656, 0.08444694429636002, 0.07492516934871674, 0.05571500211954117]</MAX_VALUE>
		<MIN_VALUE>[0.07387027144432068, 0.045332640409469604, 0.02828778699040413, 0.011409493163228035, 0.004302843473851681, 0.0033867591992020607]</MIN_VALUE>
		<SIGNATURE_THRESHOLD_MD>0.0</SIGNATURE_THRESHOLD_MD>
		<SIGNATURE_THRESHOLD_ML>0.0</SIGNATURE_THRESHOLD_ML>
		<SIGNATURE_THRESHOLD_SAM>0.0</SIGNATURE_THRESHOLD_SAM>
	</signature>
	<signature ID="20211203_142509880121_361">
		<MACROCLASSID>1</MACROCLASSID>
		<MACROCLASSINFO>waterbody</MACROCLASSINFO>
		<CLASSID>3</CLASSID>
		<CLASSINFO>C 1</CLASSINFO>
		<VALUES>[0.07768332130418891, 0.002146701280119493, 0.05033869104056598, 0.0035377949910543193, 0.032712321725487235, 0.004715513154663228, 0.01775857730152963, 0.007305178899060166, 0.008834020477013323, 0.007369199564019001, 0.006652085847152929, 0.005917103913348468]</VALUES>
		<LCS_MIN>[0.07531379908323288, 0.045749031007289886, 0.02773258090019226, 0.007883930578827858, 0.0022763474844396114, 0.0038309176452457905]</LCS_MIN>
		<LCS_MAX>[0.1038791835308075, 0.08394726365804672, 0.07972769439220428, 0.08464128524065018, 0.07473082840442657, 0.06765194237232208]</LCS_MAX>
		<WAVELENGTH>[0.48, 0.56, 0.655, 0.865, 1.61, 2.2]</WAVELENGTH>
		<MEAN_VALUE>[0.07768332130418891, 0.05033869104056598, 0.032712321725487235, 0.01775857730152963, 0.008834020477013323, 0.006652085847152929]</MEAN_VALUE>
		<CHECKBOX>2</CHECKBOX>
		<SD>[0.002146701280119493, 0.0035377949910543193, 0.004715513154663228, 0.007305178899060166, 0.007369199564019001, 0.005917103913348468]</SD>
		<WAVELENGTH_UNIT>E-6m</WAVELENGTH_UNIT>
		<COLOR>#280d4b</COLOR>
		<COVARIANCE_MATRIX>[[5.326584869180806e-06, 8.22235506348079e-06, 1.1193438695045188e-05, 1.6333078747265972e-05, 1.565210368426051e-05, 1.2622967915376648e-05], [8.22235506348079e-06, 1.4547535101883113e-05, 1.837627678469289e-05, 2.6877802156377584e-05, 2.638035402924288e-05, 2.0885006961179897e-05], [1.1193438695045188e-05, 1.837627678469289e-05, 2.58420313912211e-05, 3.842131627607159e-05, 3.745587673620321e-05, 2.960257370432373e-05], [1.6333078747265972e-05, 2.6877802156377584e-05, 3.842131627607159e-05, 6.45037362119183e-05, 5.908780076424591e-05, 4.683120278059505e-05], [1.565210368426051e-05, 2.638035402924288e-05, 3.745587673620321e-05, 5.908780076424591e-05, 5.9947728004772216e-05, 4.6177476178854704e-05], [1.2622967915376648e-05, 2.0885006961179897e-05, 2.960257370432373e-05, 4.683120278059505e-05, 4.6177476178854704e-05, 3.734048004844226e-05]]</COVARIANCE_MATRIX>
		<ROI_SIZE>40839</ROI_SIZE>
		<MAX_VALUE>[0.1038791835308075, 0.08394726365804672, 0.07972769439220428, 0.08464128524065018, 0.07473082840442657, 0.06765194237232208]</MAX_VALUE>
		<MIN_VALUE>[0.07531379908323288, 0.045749031007289886, 0.02773258090019226, 0.007883930578827858, 0.0022763474844396114, 0.0038309176452457905]</MIN_VALUE>
		<SIGNATURE_THRESHOLD_MD>0.0</SIGNATURE_THRESHOLD_MD>
		<SIGNATURE_THRESHOLD_ML>0.0</SIGNATURE_THRESHOLD_ML>
		<SIGNATURE_THRESHOLD_SAM>0.0</SIGNATURE_THRESHOLD_SAM>
	</signature>
	<signature ID="20211203_142533880633_959">
		<MACROCLASSID>1</MACROCLASSID>
		<MACROCLASSINFO>waterbody</MACROCLASSINFO>
		<CLASSID>4</CLASSID>
		<CLASSINFO>C 1</CLASSINFO>
		<VALUES>[0.09649478431258883, 0.0047806166252340075, 0.08697373715578138, 0.009444581367306576, 0.0720823491675398, 0.010371985883992425, 0.02913372355969946, 0.010824663916470627, 0.01665641430452552, 0.01124207059235701, 0.011550333594515001, 0.007102666577107437]</VALUES>
		<LCS_MIN>[0.07725703716278076, 0.0485805869102478, 0.03281271457672119, 0.016961563378572464, 0.005552059039473534, 0.002776029519736767]</LCS_MIN>
		<LCS_MAX>[0.10532274097204208, 0.10074226558208466, 0.09524571895599365, 0.07267656922340393, 0.060128893703222275, 0.04172379523515701]</LCS_MAX>
		<WAVELENGTH>[0.48, 0.56, 0.655, 0.865, 1.61, 2.2]</WAVELENGTH>
		<MEAN_VALUE>[0.09649478431258883, 0.08697373715578138, 0.0720823491675398, 0.02913372355969946, 0.01665641430452552, 0.011550333594515001]</MEAN_VALUE>
		<CHECKBOX>2</CHECKBOX>
		<SD>[0.0047806166252340075, 0.009444581367306576, 0.010371985883992425, 0.010824663916470627, 0.01124207059235701, 0.007102666577107437]</SD>
		<WAVELENGTH_UNIT>E-6m</WAVELENGTH_UNIT>
		<COLOR>#07e29f</COLOR>
		<COVARIANCE_MATRIX>[[2.3407177650369704e-05, 4.612085103872232e-05, 4.593815538100898e-05, -1.0748650311143138e-05, -1.3293330084707122e-05, -5.25223913427908e-06], [4.612085103872232e-05, 9.466287156101316e-05, 9.01359599083662e-05, -3.0339326258399524e-05, -3.455842670518905e-05, -1.5798525055288337e-05], [4.593815538100898e-05, 9.01359599083662e-05, 9.945125930244103e-05, -1.2911216344946297e-06, -7.755125807307195e-06, 4.5223333700050716e-07], [-1.0748650311143138e-05, -3.0339326258399524e-05, -1.2911216344946297e-06, 0.0001250865461770445, 0.00011697301670210436, 7.27127626305446e-05], [-1.3293330084707122e-05, -3.455842670518905e-05, -7.755125807307195e-06, 0.00011697301670210436, 0.00012588471872732043, 7.5762283813674e-05], [-5.25223913427908e-06, -1.5798525055288337e-05, 4.5223333700050716e-07, 7.27127626305446e-05, 7.5762283813674e-05, 4.9548179958947e-05]]</COVARIANCE_MATRIX>
		<ROI_SIZE>2920</ROI_SIZE>
		<MAX_VALUE>[0.10532274097204208, 0.10074226558208466, 0.09524571895599365, 0.07267656922340393, 0.060128893703222275, 0.04172379523515701]</MAX_VALUE>
		<MIN_VALUE>[0.07725703716278076, 0.0485805869102478, 0.03281271457672119, 0.016961563378572464, 0.005552059039473534, 0.002776029519736767]</MIN_VALUE>
		<SIGNATURE_THRESHOLD_MD>0.0</SIGNATURE_THRESHOLD_MD>
		<SIGNATURE_THRESHOLD_ML>0.0</SIGNATURE_THRESHOLD_ML>
		<SIGNATURE_THRESHOLD_SAM>0.0</SIGNATURE_THRESHOLD_SAM>
	</signature>
	<signature ID="20211203_142544121870_280">
		<MACROCLASSID>1</MACROCLASSID>
		<MACROCLASSINFO>waterbody</MACROCLASSINFO>
		<CLASSID>5</CLASSID>
		<CLASSINFO>C 1</CLASSINFO>
		<VALUES>[0.0871776537143089, 0.0033712258784691024, 0.06919420846688332, 0.0063740486742138265, 0.04610867071180386, 0.00736802541068328, 0.023929573893106234, 0.010348223329823871, 0.01485828654416947, 0.010352957742050696, 0.010257214990433451, 0.006487014523115345]</VALUES>
		<LCS_MIN>[0.07672958076000214, 0.04808090254664421, 0.03247959166765213, 0.01293631736189127, 0.0036366002168506384, 0.0038309176452457905]</LCS_MIN>
		<LCS_MAX>[0.10121419280767441, 0.0935523584485054, 0.08097691088914871, 0.06820715963840485, 0.058324482291936874, 0.04816419258713722]</LCS_MAX>
		<WAVELENGTH>[0.48, 0.56, 0.655, 0.865, 1.61, 2.2]</WAVELENGTH>
		<MEAN_VALUE>[0.0871776537143089, 0.06919420846688332, 0.04610867071180386, 0.023929573893106234, 0.01485828654416947, 0.010257214990433451]</MEAN_VALUE>
		<CHECKBOX>2</CHECKBOX>
		<SD>[0.0033712258784691024, 0.0063740486742138265, 0.00736802541068328, 0.010348223329823871, 0.010352957742050696, 0.006487014523115345]</SD>
		<WAVELENGTH_UNIT>E-6m</WAVELENGTH_UNIT>
		<COLOR>#3befff</COLOR>
		<COVARIANCE_MATRIX>[[1.1314545190543868e-05, 2.0436420527403243e-05, 2.1635329176206142e-05, 1.4268939594330732e-05, 1.3380947166297119e-05, 8.979284757515416e-06], [2.0436420527403243e-05, 4.021887798444368e-05, 3.9591908716829494e-05, 1.828906715672929e-05, 1.592324406374246e-05, 1.174109729618067e-05], [2.1635329176206142e-05, 3.9591908716829494e-05, 5.2378101827343926e-05, 5.065285586169921e-05, 4.7264031309168786e-05, 2.9312377591850236e-05], [1.4268939594330732e-05, 1.828906715672929e-05, 5.065285586169921e-05, 0.00010505533282412216, 0.00010145644046133384, 6.008929995005019e-05], [1.3380947166297119e-05, 1.592324406374246e-05, 4.7264031309168786e-05, 0.00010145644046133384, 0.00010217556700808927, 6.089585440349765e-05], [8.979284757515416e-06, 1.174109729618067e-05, 2.9312377591850236e-05, 6.008929995005019e-05, 6.089585440349765e-05, 3.98769298044499e-05]]</COVARIANCE_MATRIX>
		<ROI_SIZE>3517</ROI_SIZE>
		<MAX_VALUE>[0.10121419280767441, 0.0935523584485054, 0.08097691088914871, 0.06820715963840485, 0.058324482291936874, 0.04816419258713722]</MAX_VALUE>
		<MIN_VALUE>[0.07672958076000214, 0.04808090254664421, 0.03247959166765213, 0.01293631736189127, 0.0036366002168506384, 0.0038309176452457905]</MIN_VALUE>
		<SIGNATURE_THRESHOLD_MD>0.0</SIGNATURE_THRESHOLD_MD>
		<SIGNATURE_THRESHOLD_ML>0.0</SIGNATURE_THRESHOLD_ML>
		<SIGNATURE_THRESHOLD_SAM>0.0</SIGNATURE_THRESHOLD_SAM>
	</signature>
	<signature ID="20211203_142559474010_974">
		<MACROCLASSID>1</MACROCLASSID>
		<MACROCLASSINFO>waterbody</MACROCLASSINFO>
		<CLASSID>6</CLASSID>
		<CLASSINFO>C 1</CLASSINFO>
		<VALUES>[0.09197021307533271, 0.005758068352714865, 0.08071123059181616, 0.01204244711546057, 0.06672634589485825, 0.011956307560059118, 0.03315123207798663, 0.013214212921262068, 0.019606266955345168, 0.011738652671411666, 0.012502681052394438, 0.006688276348775602]</VALUES>
		<LCS_MIN>[0.07145510613918304, 0.04136289656162262, 0.024262530729174614, 0.006495910231024027, 0.0013047292595729232, 0.0020264959894120693]</LCS_MIN>
		<LCS_MAX>[0.10382366925477982, 0.09838263690471649, 0.09327474981546402, 0.07431443780660629, 0.06098947301506996, 0.04472191259264946]</LCS_MAX>
		<WAVELENGTH>[0.48, 0.56, 0.655, 0.865, 1.61, 2.2]</WAVELENGTH>
		<MEAN_VALUE>[0.09197021307533271, 0.08071123059181616, 0.06672634589485825, 0.03315123207798663, 0.019606266955345168, 0.012502681052394438]</MEAN_VALUE>
		<CHECKBOX>2</CHECKBOX>
		<SD>[0.005758068352714865, 0.01204244711546057, 0.011956307560059118, 0.013214212921262068, 0.011738652671411666, 0.006688276348775602]</SD>
		<WAVELENGTH_UNIT>E-6m</WAVELENGTH_UNIT>
		<COLOR>#7d25cf</COLOR>
		<COVARIANCE_MATRIX>[[3.3204181818291545e-05, 6.719793600495905e-05, 6.810625927755609e-05, 1.4329358464237885e-06, -8.453796908725053e-06, -6.449692591559142e-06], [6.719793600495905e-05, 0.00014523410936817527, 0.00013958243653178215, -6.833769020886393e-06, -2.805958138196729e-05, -2.031834992521908e-05], [6.810625927755609e-05, 0.00013958243653178215, 0.00014316382294055074, 1.667447759245988e-05, -5.7809738791547716e-06, -8.13820861367276e-06], [1.4329358464237885e-06, -6.833769020886393e-06, 1.667447759245988e-05, 0.0001748725917423144, 0.00014439776714425534, 7.715199899394065e-05], [-8.453796908725053e-06, -2.805958138196729e-05, -5.7809738791547716e-06, 0.00014439776714425534, 0.0001379989116685465, 7.421831833198667e-05], [-6.449692591559142e-06, -2.031834992521908e-05, -8.13820861367276e-06, 7.715199899394065e-05, 7.421831833198667e-05, 4.479892231756821e-05]]</COVARIANCE_MATRIX>
		<ROI_SIZE>680</ROI_SIZE>
		<MAX_VALUE>[0.10382366925477982, 0.09838263690471649, 0.09327474981546402, 0.07431443780660629, 0.06098947301506996, 0.04472191259264946]</MAX_VALUE>
		<MIN_VALUE>[0.07145510613918304, 0.04136289656162262, 0.024262530729174614, 0.006495910231024027, 0.0013047292595729232, 0.0020264959894120693]</MIN_VALUE>
		<SIGNATURE_THRESHOLD_MD>0.0</SIGNATURE_THRESHOLD_MD>
		<SIGNATURE_THRESHOLD_ML>0.0</SIGNATURE_THRESHOLD_ML>
		<SIGNATURE_THRESHOLD_SAM>0.0</SIGNATURE_THRESHOLD_SAM>
	</signature>
	<signature ID="20211203_142608568281_955">
		<MACROCLASSID>1</MACROCLASSID>
		<MACROCLASSINFO>waterbody</MACROCLASSINFO>
		<CLASSID>7</CLASSID>
		<CLASSINFO>C 1</CLASSINFO>
		<VALUES>[0.09510333542438114, 0.0013971373803778212, 0.08633999425698727, 0.002374783379254515, 0.07379237356431348, 0.003392469619528496, 0.02947200690122213, 0.012006074916081291, 0.014873877079134769, 0.010178091934565767, 0.010318187333862573, 0.00654954410293269]</VALUES>
		<LCS_MIN>[0.09110943973064423, 0.07920025289058685, 0.06748538464307785, 0.016711721196770668, 0.006135032046586275, 0.004830292426049709]</LCS_MIN>
		<LCS_MAX>[0.10032587498426437, 0.09777191281318665, 0.08511321246623993, 0.071205273270607, 0.05782477930188179, 0.04613768681883812]</LCS_MAX>
		<WAVELENGTH>[0.48, 0.56, 0.655, 0.865, 1.61, 2.2]</WAVELENGTH>
		<MEAN_VALUE>[0.09510333542438114, 0.08633999425698727, 0.07379237356431348, 0.02947200690122213, 0.014873877079134769, 0.010318187333862573]</MEAN_VALUE>
		<CHECKBOX>2</CHECKBOX>
		<SD>[0.0013971373803778212, 0.002374783379254515, 0.003392469619528496, 0.012006074916081291, 0.010178091934565767, 0.00654954410293269]</SD>
		<WAVELENGTH_UNIT>E-6m</WAVELENGTH_UNIT>
		<COLOR>#fcc035</COLOR>
		<COVARIANCE_MATRIX>[[1.9558278836484533e-06, 2.8821295927627943e-06, 4.3974532673018984e-06, -1.6112298339976405e-07, 7.346362735916045e-07, 1.7285550484302803e-06], [2.8821295927627943e-06, 5.650676030199975e-06, 6.770225809304975e-06, -5.548010449274443e-06, -4.415483090269845e-06, -1.1230849850107916e-06], [4.3974532673018984e-06, 6.770225809304975e-06, 1.1531460586411413e-05, 7.97387292550411e-06, 8.190986591216642e-06, 7.26497137293336e-06], [-1.6112298339976405e-07, -5.548010449274443e-06, 7.97387292550411e-06, 0.00014442902465816587, 0.00011367195838829502, 7.12773107807152e-05], [7.346362735916045e-07, -4.415483090269845e-06, 8.190986591216642e-06, 0.00011367195838829502, 0.00010379707964602858, 6.281433888943866e-05], [1.7285550484302803e-06, -1.1230849850107916e-06, 7.26497137293336e-06, 7.12773107807152e-05, 6.281433888943866e-05, 4.298080239095725e-05]]</COVARIANCE_MATRIX>
		<ROI_SIZE>510</ROI_SIZE>
		<MAX_VALUE>[0.10032587498426437, 0.09777191281318665, 0.08511321246623993, 0.071205273270607, 0.05782477930188179, 0.04613768681883812]</MAX_VALUE>
		<MIN_VALUE>[0.09110943973064423, 0.07920025289058685, 0.06748538464307785, 0.016711721196770668, 0.006135032046586275, 0.004830292426049709]</MIN_VALUE>
		<SIGNATURE_THRESHOLD_MD>0.0</SIGNATURE_THRESHOLD_MD>
		<SIGNATURE_THRESHOLD_ML>0.0</SIGNATURE_THRESHOLD_ML>
		<SIGNATURE_THRESHOLD_SAM>0.0</SIGNATURE_THRESHOLD_SAM>
	</signature>
	<signature ID="20211203_142621884121_514">
		<MACROCLASSID>1</MACROCLASSID>
		<MACROCLASSINFO>waterbody</MACROCLASSINFO>
		<CLASSID>8</CLASSID>
		<CLASSINFO>C 1</CLASSINFO>
		<VALUES>[0.09290189411619613, 0.0045569119891440205, 0.0762509531502066, 0.005953241902514675, 0.06436043296908513, 0.00867774271124393, 0.03711796505376696, 0.016145189221405926, 0.025166180627099403, 0.015535843911562841, 0.021681779212767965, 0.012931722798231368]</VALUES>
		<LCS_MIN>[0.08633465319871902, 0.0652090460062027, 0.048747144639492035, 0.011770381592214108, 0.0, 0.001193692209199071]</LCS_MIN>
		<LCS_MAX>[0.10457320511341095, 0.09135928750038147, 0.08428038656711578, 0.07409234344959259, 0.060156650841236115, 0.051995109766721725]</LCS_MAX>
		<WAVELENGTH>[0.48, 0.56, 0.655, 0.865, 1.61, 2.2]</WAVELENGTH>
		<MEAN_VALUE>[0.09290189411619613, 0.0762509531502066, 0.06436043296908513, 0.03711796505376696, 0.025166180627099403, 0.021681779212767965]</MEAN_VALUE>
		<CHECKBOX>2</CHECKBOX>
		<SD>[0.0045569119891440205, 0.005953241902514675, 0.00867774271124393, 0.016145189221405926, 0.015535843911562841, 0.012931722798231368]</SD>
		<WAVELENGTH_UNIT>E-6m</WAVELENGTH_UNIT>
		<COLOR>#29bf32</COLOR>
		<COVARIANCE_MATRIX>[[2.1129753804416396e-05, 2.6255416742060333e-05, 3.842274963972159e-05, 6.409430352505296e-05, 6.674814358120784e-05, 5.665694334311411e-05], [2.6255416742060333e-05, 3.606286190915853e-05, 5.074116779724136e-05, 8.356315083801746e-05, 8.631478704046458e-05, 7.235883094836026e-05], [3.842274963972159e-05, 5.074116779724136e-05, 7.662432471988723e-05, 0.0001278770068893209, 0.00013209519966039807, 0.00011069299944210798], [6.409430352505296e-05, 8.356315083801746e-05, 0.0001278770068893209, 0.00026524023269303143, 0.00024385808501392603, 0.00019538745982572436], [6.674814358120784e-05, 8.631478704046458e-05, 0.00013209519966039807, 0.00024385808501392603, 0.00024559686426073313, 0.0002020984684349969], [5.665694334311411e-05, 7.235883094836026e-05, 0.00011069299944210798, 0.00019538745982572436, 0.0002020984684349969, 0.00017016330093611032]]</COVARIANCE_MATRIX>
		<ROI_SIZE>58</ROI_SIZE>
		<MAX_VALUE>[0.10457320511341095, 0.09135928750038147, 0.08428038656711578, 0.07409234344959259, 0.060156650841236115, 0.051995109766721725]</MAX_VALUE>
		<MIN_VALUE>[0.08633465319871902, 0.0652090460062027, 0.048747144639492035, 0.011770381592214108, 0.0, 0.001193692209199071]</MIN_VALUE>
		<SIGNATURE_THRESHOLD_MD>0.0</SIGNATURE_THRESHOLD_MD>
		<SIGNATURE_THRESHOLD_ML>0.0</SIGNATURE_THRESHOLD_ML>
		<SIGNATURE_THRESHOLD_SAM>0.0</SIGNATURE_THRESHOLD_SAM>
	</signature>
	<signature ID="20211203_142705634233_790">
		<MACROCLASSID>1</MACROCLASSID>
		<MACROCLASSINFO>waterbody</MACROCLASSINFO>
		<CLASSID>9</CLASSID>
		<CLASSINFO>C 1</CLASSINFO>
		<VALUES>[0.09374419280460902, 0.0031074413912932997, 0.08703610301017764, 0.005536194560029006, 0.05140867842627425, 0.013927570374182822, 0.029135465505532913, 0.021892073726606263, 0.026982055735840862, 0.027300745547905073, 0.023345945864483457, 0.022325418169989758]</VALUES>
		<LCS_MIN>[0.08375294506549835, 0.07659077644348145, 0.039003271609544754, 0.012547672726213932, 0.005718620028346777, 0.0022485803347080946]</LCS_MIN>
		<LCS_MAX>[0.10221357643604279, 0.10560032725334167, 0.09155360609292984, 0.10054794698953629, 0.11714863777160645, 0.09760534763336182]</LCS_MAX>
		<WAVELENGTH>[0.48, 0.56, 0.655, 0.865, 1.61, 2.2]</WAVELENGTH>
		<MEAN_VALUE>[0.09374419280460902, 0.08703610301017764, 0.05140867842627425, 0.029135465505532913, 0.026982055735840862, 0.023345945864483457]</MEAN_VALUE>
		<CHECKBOX>2</CHECKBOX>
		<SD>[0.0031074413912932997, 0.005536194560029006, 0.013927570374182822, 0.021892073726606263, 0.027300745547905073, 0.022325418169989758]</SD>
		<WAVELENGTH_UNIT>E-6m</WAVELENGTH_UNIT>
		<COLOR>#bb4bbd</COLOR>
		<COVARIANCE_MATRIX>[[9.83175868896069e-06, 1.5229146811179817e-05, 1.8843893485609442e-05, 3.526122964103706e-05, 5.042680641054176e-05, 4.0006380004342645e-05], [1.5229146811179817e-05, 3.120671317446977e-05, 6.125909567344934e-05, 9.751251491252333e-05, 0.00012981098552700132, 0.00010473073780303821], [1.8843893485609442e-05, 6.125909567344934e-05, 0.000197504079551436, 0.0002836346684489399, 0.0003523379273246974, 0.0002881395921576768], [3.526122964103706e-05, 9.751251491252333e-05, 0.0002836346684489399, 0.00048797676572576165, 0.0005984402960166335, 0.00048596374108456075], [5.042680641054176e-05, 0.00012981098552700132, 0.0003523379273246974, 0.0005984402960166335, 0.0007588821463286877, 0.0006101064500398934], [4.0006380004342645e-05, 0.00010473073780303821, 0.0002881395921576768, 0.00048596374108456075, 0.0006101064500398934, 0.000507486576680094]]</COVARIANCE_MATRIX>
		<ROI_SIZE>56</ROI_SIZE>
		<MAX_VALUE>[0.10221357643604279, 0.10560032725334167, 0.09155360609292984, 0.10054794698953629, 0.11714863777160645, 0.09760534763336182]</MAX_VALUE>
		<MIN_VALUE>[0.08375294506549835, 0.07659077644348145, 0.039003271609544754, 0.012547672726213932, 0.005718620028346777, 0.0022485803347080946]</MIN_VALUE>
		<SIGNATURE_THRESHOLD_MD>0.0</SIGNATURE_THRESHOLD_MD>
		<SIGNATURE_THRESHOLD_ML>0.0</SIGNATURE_THRESHOLD_ML>
		<SIGNATURE_THRESHOLD_SAM>0.0</SIGNATURE_THRESHOLD_SAM>
	</signature>
	<signature ID="20211203_142717790115_753">
		<MACROCLASSID>1</MACROCLASSID>
		<MACROCLASSINFO>waterbody</MACROCLASSINFO>
		<CLASSID>10</CLASSID>
		<CLASSINFO>C 1</CLASSINFO>
		<VALUES>[0.07573537610223964, 0.008925591032882891, 0.06474576579221387, 0.01136336918669649, 0.04522716003492971, 0.007843869088872399, 0.02910885673613001, 0.016087840224688336, 0.008322569178108224, 0.004875295843254589, 0.0066125642815349425, 0.0037380885127397978]</VALUES>
		<LCS_MIN>[0.06423741579055786, 0.04452759400010109, 0.02950923517346382, 0.010798763483762741, 0.0030536274425685406, 0.0033034789375960827]</LCS_MIN>
		<LCS_MAX>[0.10079780220985413, 0.0981050506234169, 0.09088736772537231, 0.06487590819597244, 0.047497931867837906, 0.03944743797183037]</LCS_MAX>
		<WAVELENGTH>[0.48, 0.56, 0.655, 0.865, 1.61, 2.2]</WAVELENGTH>
		<MEAN_VALUE>[0.07573537610223964, 0.06474576579221387, 0.04522716003492971, 0.02910885673613001, 0.008322569178108224, 0.0066125642815349425]</MEAN_VALUE>
		<CHECKBOX>2</CHECKBOX>
		<SD>[0.008925591032882891, 0.01136336918669649, 0.007843869088872399, 0.016087840224688336, 0.004875295843254589, 0.0037380885127397978]</SD>
		<WAVELENGTH_UNIT>E-6m</WAVELENGTH_UNIT>
		<COLOR>#fcaae5</COLOR>
		<COVARIANCE_MATRIX>[[7.978129724506289e-05, 9.664658864494413e-05, 4.129908120376058e-05, -4.997795622330159e-05, 1.1212076060473919e-05, 1.0884541552513838e-05], [9.664658864494413e-05, 0.0001293127570534125, 6.609273259527981e-05, -2.609885996207595e-05, 1.1876308235514443e-05, 1.1430828635639045e-05], [4.129908120376058e-05, 6.609273259527981e-05, 6.16151955910027e-05, 3.118618406006135e-05, 1.3025944099354092e-05, 1.0383030712546315e-05], [-4.997795622330159e-05, -2.609885996207595e-05, 3.118618406006135e-05, 0.0002591926313471049, 1.2451590009732172e-05, 5.1975316637253854e-06], [1.1212076060473919e-05, 1.1876308235514443e-05, 1.3025944099354092e-05, 1.2451590009732172e-05, 2.3802856958354823e-05, 1.7519563698442653e-05], [1.0884541552513838e-05, 1.1430828635639045e-05, 1.0383030712546315e-05, 5.1975316637253854e-06, 1.7519563698442653e-05, 1.3993498214404099e-05]]</COVARIANCE_MATRIX>
		<ROI_SIZE>693</ROI_SIZE>
		<MAX_VALUE>[0.10079780220985413, 0.0981050506234169, 0.09088736772537231, 0.06487590819597244, 0.047497931867837906, 0.03944743797183037]</MAX_VALUE>
		<MIN_VALUE>[0.06423741579055786, 0.04452759400010109, 0.02950923517346382, 0.010798763483762741, 0.0030536274425685406, 0.0033034789375960827]</MIN_VALUE>
		<SIGNATURE_THRESHOLD_MD>0.0</SIGNATURE_THRESHOLD_MD>
		<SIGNATURE_THRESHOLD_ML>0.0</SIGNATURE_THRESHOLD_ML>
		<SIGNATURE_THRESHOLD_SAM>0.0</SIGNATURE_THRESHOLD_SAM>
	</signature>
	<signature ID="20211203_142729275065_601">
		<MACROCLASSID>1</MACROCLASSID>
		<MACROCLASSINFO>waterbody</MACROCLASSINFO>
		<CLASSID>11</CLASSID>
		<CLASSINFO>C 1</CLASSINFO>
		<VALUES>[0.09661960108264993, 0.0009291583477771603, 0.10424008025864888, 0.002590313623521483, 0.08075412339085983, 0.004335558667437197, 0.020599936473236727, 0.00942863894627338, 0.010597902667489213, 0.009767058838181, 0.008958274836705369, 0.00793723661084944]</VALUES>
		<LCS_MIN>[0.09363562613725662, 0.0916646346449852, 0.0748973861336708, 0.010826530866324902, 0.005329985171556473, 0.004108525812625885]</LCS_MIN>
		<LCS_MAX>[0.09996497631072998, 0.10845965892076492, 0.09838263690471649, 0.06198883801698685, 0.053466420620679855, 0.048497315496206284]</LCS_MAX>
		<WAVELENGTH>[0.48, 0.56, 0.655, 0.865, 1.61, 2.2]</WAVELENGTH>
		<MEAN_VALUE>[0.09661960108264993, 0.10424008025864888, 0.08075412339085983, 0.020599936473236727, 0.010597902667489213, 0.008958274836705369]</MEAN_VALUE>
		<CHECKBOX>2</CHECKBOX>
		<SD>[0.0009291583477771603, 0.002590313623521483, 0.004335558667437197, 0.00942863894627338, 0.009767058838181, 0.00793723661084944]</SD>
		<WAVELENGTH_UNIT>E-6m</WAVELENGTH_UNIT>
		<COLOR>#39a303</COLOR>
		<COVARIANCE_MATRIX>[[8.688694492775539e-07, 1.6344457662853529e-06, 1.4328022643894656e-06, 1.509215167061484e-06, 3.2245434340438806e-06, 2.7653070446831407e-06], [1.6344457662853529e-06, 6.752735771442531e-06, -3.0788203275733395e-06, -1.062981209543068e-05, -5.761951797467191e-06, -4.523918505583424e-06], [1.4328022643894656e-06, -3.0788203275733395e-06, 1.891756255645305e-05, 3.163640576531179e-05, 2.908244277932681e-05, 2.466979276505299e-05], [1.509215167061484e-06, -1.062981209543068e-05, 3.163640576531179e-05, 8.946909656515345e-05, 8.575555693823844e-05, 6.851866055512801e-05], [3.2245434340438806e-06, -5.761951797467191e-06, 2.908244277932681e-05, 8.575555693823844e-05, 9.600694465916604e-05, 7.624384306836873e-05], [2.7653070446831407e-06, -4.523918505583424e-06, 2.466979276505299e-05, 6.851866055512801e-05, 7.624384306836873e-05, 6.340356776490808e-05]]</COVARIANCE_MATRIX>
		<ROI_SIZE>157</ROI_SIZE>
		<MAX_VALUE>[0.09996497631072998, 0.10845965892076492, 0.09838263690471649, 0.06198883801698685, 0.053466420620679855, 0.048497315496206284]</MAX_VALUE>
		<MIN_VALUE>[0.09363562613725662, 0.0916646346449852, 0.0748973861336708, 0.010826530866324902, 0.005329985171556473, 0.004108525812625885]</MIN_VALUE>
		<SIGNATURE_THRESHOLD_MD>0.0</SIGNATURE_THRESHOLD_MD>
		<SIGNATURE_THRESHOLD_ML>0.0</SIGNATURE_THRESHOLD_ML>
		<SIGNATURE_THRESHOLD_SAM>0.0</SIGNATURE_THRESHOLD_SAM>
	</signature>
	<signature ID="20211203_142738178058_374">
		<MACROCLASSID>1</MACROCLASSID>
		<MACROCLASSINFO>waterbody</MACROCLASSINFO>
		<CLASSID>12</CLASSID>
		<CLASSINFO>C 1</CLASSINFO>
		<VALUES>[0.09700701608107644, 0.002318364740670574, 0.09379211221749958, 0.0027355152236667943, 0.05613977762369011, 0.004694457215058273, 0.0221669838520197, 0.0071131467129687395, 0.014431813446183998, 0.0075338123078715425, 0.011845716928633359, 0.0060116236428841875]</VALUES>
		<LCS_MIN>[0.0871119424700737, 0.08008859306573868, 0.048469558358192444, 0.011881419457495213, 0.004691488575190306, 0.0017211311496794224]</LCS_MIN>
		<LCS_MAX>[0.10626658797264099, 0.11001423746347427, 0.0916646346449852, 0.06948413699865341, 0.05896296724677086, 0.047331370413303375]</LCS_MAX>
		<WAVELENGTH>[0.48, 0.56, 0.655, 0.865, 1.61, 2.2]</WAVELENGTH>
		<MEAN_VALUE>[0.09700701608107644, 0.09379211221749958, 0.05613977762369011, 0.0221669838520197, 0.014431813446183998, 0.011845716928633359]</MEAN_VALUE>
		<CHECKBOX>2</CHECKBOX>
		<SD>[0.002318364740670574, 0.0027355152236667943, 0.004694457215058273, 0.0071131467129687395, 0.0075338123078715425, 0.0060116236428841875]</SD>
		<WAVELENGTH_UNIT>E-6m</WAVELENGTH_UNIT>
		<COLOR>#f3b58c</COLOR>
		<COVARIANCE_MATRIX>[[5.380333277571481e-06, 5.89793990002363e-06, 5.977205546514597e-06, 7.519616701756604e-06, 8.057342711254023e-06, 6.981974820519099e-06], [5.89793990002363e-06, 7.490726147807436e-06, 7.5560233199212234e-06, 7.034343070699833e-06, 8.54160407470772e-06, 7.63457046559779e-06], [5.977205546514597e-06, 7.5560233199212234e-06, 2.2060554329073057e-05, 2.6323214115109295e-05, 2.6229492505080998e-05, 2.1455234673339874e-05], [7.519616701756604e-06, 7.034343070699833e-06, 2.6323214115109295e-05, 5.064880315330811e-05, 4.755321788252331e-05, 3.7617686757585034e-05], [8.057342711254023e-06, 8.54160407470772e-06, 2.6229492505080998e-05, 4.755321788252331e-05, 5.6816599681042135e-05, 4.465369420358911e-05], [6.981974820519099e-06, 7.63457046559779e-06, 2.1455234673339874e-05, 3.7617686757585034e-05, 4.465369420358911e-05, 3.6176723369862884e-05]]</COVARIANCE_MATRIX>
		<ROI_SIZE>975</ROI_SIZE>
		<MAX_VALUE>[0.10626658797264099, 0.11001423746347427, 0.0916646346449852, 0.06948413699865341, 0.05896296724677086, 0.047331370413303375]</MAX_VALUE>
		<MIN_VALUE>[0.0871119424700737, 0.08008859306573868, 0.048469558358192444, 0.011881419457495213, 0.004691488575190306, 0.0017211311496794224]</MIN_VALUE>
		<SIGNATURE_THRESHOLD_MD>0.0</SIGNATURE_THRESHOLD_MD>
		<SIGNATURE_THRESHOLD_ML>0.0</SIGNATURE_THRESHOLD_ML>
		<SIGNATURE_THRESHOLD_SAM>0.0</SIGNATURE_THRESHOLD_SAM>
	</signature>
	<signature ID="20211203_142758384071_303">
		<MACROCLASSID>1</MACROCLASSID>
		<MACROCLASSINFO>waterbody</MACROCLASSINFO>
		<CLASSID>13</CLASSID>
		<CLASSINFO>C 1</CLASSINFO>
		<VALUES>[0.07839520256240645, 0.005595538213268248, 0.07050946277457398, 0.008906685115113297, 0.05388930860858458, 0.009469515076426295, 0.04945522435493282, 0.015165741489735384, 0.011758843327981309, 0.006583862758061462, 0.010086011685818047, 0.004459221071881548]</VALUES>
		<LCS_MIN>[0.07148288190364838, 0.05621468648314476, 0.037531979382038116, 0.020542649552226067, 0.004164049401879311, 0.007217687088996172]</LCS_MIN>
		<LCS_MAX>[0.09555108845233917, 0.09299714118242264, 0.0785062313079834, 0.07198256254196167, 0.058629848062992096, 0.03975280374288559]</LCS_MAX>
		<WAVELENGTH>[0.48, 0.56, 0.655, 0.865, 1.61, 2.2]</WAVELENGTH>
		<MEAN_VALUE>[0.07839520256240645, 0.07050946277457398, 0.05388930860858458, 0.04945522435493282, 0.011758843327981309, 0.010086011685818047]</MEAN_VALUE>
		<CHECKBOX>2</CHECKBOX>
		<SD>[0.005595538213268248, 0.008906685115113297, 0.009469515076426295, 0.015165741489735384, 0.006583862758061462, 0.004459221071881548]</SD>
		<WAVELENGTH_UNIT>E-6m</WAVELENGTH_UNIT>
		<COLOR>#8e04d4</COLOR>
		<COVARIANCE_MATRIX>[[3.172202195855789e-05, 4.711748624686152e-05, 4.645407170755789e-05, 8.959907063399442e-06, 7.6149613050802145e-06, 8.035645805648528e-06], [4.711748624686152e-05, 8.037283987505361e-05, 8.311514829983935e-05, 4.1421586502110586e-05, 7.2206939876195975e-06, 1.0574750376690645e-05], [4.645407170755789e-05, 8.311514829983935e-05, 9.085160854738206e-05, 6.33919844403863e-05, 9.291570677305572e-06, 1.2261485608178191e-05], [8.959907063399442e-06, 4.1421586502110586e-05, 6.33919844403863e-05, 0.0002330260322196409, 1.8357513908995315e-05, 1.590919418958947e-05], [7.6149613050802145e-06, 7.2206939876195975e-06, 9.291570677305572e-06, 1.8357513908995315e-05, 4.391760739963502e-05, 2.866008253477048e-05], [8.035645805648528e-06, 1.0574750376690645e-05, 1.2261485608178191e-05, 1.590919418958947e-05, 2.866008253477048e-05, 2.0146293536527082e-05]]</COVARIANCE_MATRIX>
		<ROI_SIZE>77</ROI_SIZE>
		<MAX_VALUE>[0.09555108845233917, 0.09299714118242264, 0.0785062313079834, 0.07198256254196167, 0.058629848062992096, 0.03975280374288559]</MAX_VALUE>
		<MIN_VALUE>[0.07148288190364838, 0.05621468648314476, 0.037531979382038116, 0.020542649552226067, 0.004164049401879311, 0.007217687088996172]</MIN_VALUE>
		<SIGNATURE_THRESHOLD_MD>0.0</SIGNATURE_THRESHOLD_MD>
		<SIGNATURE_THRESHOLD_ML>0.0</SIGNATURE_THRESHOLD_ML>
		<SIGNATURE_THRESHOLD_SAM>0.0</SIGNATURE_THRESHOLD_SAM>
	</signature>
	<signature ID="20211203_142820412188_419">
		<MACROCLASSID>1</MACROCLASSID>
		<MACROCLASSINFO>waterbody</MACROCLASSINFO>
		<CLASSID>14</CLASSID>
		<CLASSINFO>C 1</CLASSINFO>
		<VALUES>[0.10681980954749244, 0.004341929933823067, 0.12387853914073532, 0.007330869619160758, 0.12454875452177863, 0.014326693456771874, 0.0952972841582128, 0.022893358695089756, 0.024803861376962485, 0.02324082747134416, 0.019737599284521172, 0.01579370444463968]</VALUES>
		<LCS_MIN>[0.0995485857129097, 0.11181864887475967, 0.09816056489944458, 0.0620998851954937, 0.007939454168081284, 0.006745761726051569]</LCS_MIN>
		<LCS_MAX>[0.11309562623500824, 0.13383260369300842, 0.1471853256225586, 0.13377708196640015, 0.09172017127275467, 0.06301598250865936]</LCS_MAX>
		<WAVELENGTH>[0.48, 0.56, 0.655, 0.865, 1.61, 2.2]</WAVELENGTH>
		<MEAN_VALUE>[0.10681980954749244, 0.12387853914073532, 0.12454875452177863, 0.0952972841582128, 0.024803861376962485, 0.019737599284521172]</MEAN_VALUE>
		<CHECKBOX>2</CHECKBOX>
		<SD>[0.004341929933823067, 0.007330869619160758, 0.014326693456771874, 0.022893358695089756, 0.02324082747134416, 0.01579370444463968]</SD>
		<WAVELENGTH_UNIT>E-6m</WAVELENGTH_UNIT>
		<COLOR>#4ebba3</COLOR>
		<COVARIANCE_MATRIX>[[2.0302537450334057e-05, 3.2041269150795415e-05, 6.589816621271893e-05, 4.4026677642250434e-05, 5.0876384193543345e-05, 3.284298873040825e-05], [3.2041269150795415e-05, 5.7875622587744147e-05, 0.00010227353777736425, 1.5706902559031732e-05, 3.5288208891870454e-05, 1.9378918295842595e-05], [6.589816621271893e-05, 0.00010227353777736425, 0.00022104292293079197, 0.00017323375504929572, 0.00015744288975838572, 0.00010413637210149318], [4.4026677642250434e-05, 1.5706902559031732e-05, 0.00017323375504929572, 0.0005644217017106712, 0.00039578520227223635, 0.00028893916169181466], [5.0876384193543345e-05, 3.5288208891870454e-05, 0.00015744288975838572, 0.00039578520227223635, 0.0005816849879920483, 0.0003913265827577561], [3.284298873040825e-05, 1.9378918295842595e-05, 0.00010413637210149318, 0.00028893916169181466, 0.0003913265827577561, 0.0002686288789846003]]</COVARIANCE_MATRIX>
		<ROI_SIZE>14</ROI_SIZE>
		<MAX_VALUE>[0.11309562623500824, 0.13383260369300842, 0.1471853256225586, 0.13377708196640015, 0.09172017127275467, 0.06301598250865936]</MAX_VALUE>
		<MIN_VALUE>[0.0995485857129097, 0.11181864887475967, 0.09816056489944458, 0.0620998851954937, 0.007939454168081284, 0.006745761726051569]</MIN_VALUE>
		<SIGNATURE_THRESHOLD_MD>0.0</SIGNATURE_THRESHOLD_MD>
		<SIGNATURE_THRESHOLD_ML>0.0</SIGNATURE_THRESHOLD_ML>
		<SIGNATURE_THRESHOLD_SAM>0.0</SIGNATURE_THRESHOLD_SAM>
	</signature>
	<signature ID="20211203_142828217046_181">
		<MACROCLASSID>1</MACROCLASSID>
		<MACROCLASSINFO>waterbody</MACROCLASSINFO>
		<CLASSID>15</CLASSID>
		<CLASSINFO>C 1</CLASSINFO>
		<VALUES>[0.07949608188084882, 0.007088575953707225, 0.07304082118501563, 0.010977370650510535, 0.057307996984684105, 0.012540005230783132, 0.05522877489677584, 0.017915529204331183, 0.013213076600522707, 0.009106475388604075, 0.011237605423149133, 0.007057468392454432]</VALUES>
		<LCS_MIN>[0.07148288190364838, 0.05621468648314476, 0.037531979382038116, 0.020542649552226067, 0.004164049401879311, 0.005663106683641672]</LCS_MIN>
		<LCS_MAX>[0.10837636888027191, 0.11592717468738556, 0.1004924401640892, 0.08544633537530899, 0.058629848062992096, 0.04896923899650574]</LCS_MAX>
		<WAVELENGTH>[0.48, 0.56, 0.655, 0.865, 1.61, 2.2]</WAVELENGTH>
		<MEAN_VALUE>[0.07949608188084882, 0.07304082118501563, 0.057307996984684105, 0.05522877489677584, 0.013213076600522707, 0.011237605423149133]</MEAN_VALUE>
		<CHECKBOX>2</CHECKBOX>
		<SD>[0.007088575953707225, 0.010977370650510535, 0.012540005230783132, 0.017915529204331183, 0.009106475388604075, 0.007057468392454432]</SD>
		<WAVELENGTH_UNIT>E-6m</WAVELENGTH_UNIT>
		<COLOR>#bb0a81</COLOR>
		<COVARIANCE_MATRIX>[[5.076064189779572e-05, 7.434055441990495e-05, 8.065284055192024e-05, 1.48566050484078e-05, 2.6555204385658726e-05, 2.0838517230004072e-05], [7.434055441990495e-05, 0.00012173228606116027, 0.000136009490233846, 6.519133603433147e-05, 3.912490501534194e-05, 3.2904092222452164e-05], [8.065284055192024e-05, 0.000136009490233846, 0.00015885634638834745, 9.966245124815032e-05, 4.704243110609241e-05, 3.839366399915889e-05], [1.48566050484078e-05, 6.519133603433147e-05, 9.966245124815032e-05, 0.00032424135133624077, 4.048945993417874e-05, 3.3359094231855124e-05], [2.6555204385658726e-05, 3.912490501534194e-05, 4.704243110609241e-05, 4.048945993417874e-05, 8.377409540116787e-05, 6.296298670349643e-05], [2.0838517230004072e-05, 3.2904092222452164e-05, 3.839366399915889e-05, 3.3359094231855124e-05, 6.296298670349643e-05, 5.031610271544196e-05]]</COVARIANCE_MATRIX>
		<ROI_SIZE>99</ROI_SIZE>
		<MAX_VALUE>[0.10837636888027191, 0.11592717468738556, 0.1004924401640892, 0.08544633537530899, 0.058629848062992096, 0.04896923899650574]</MAX_VALUE>
		<MIN_VALUE>[0.07148288190364838, 0.05621468648314476, 0.037531979382038116, 0.020542649552226067, 0.004164049401879311, 0.005663106683641672]</MIN_VALUE>
		<SIGNATURE_THRESHOLD_MD>0.0</SIGNATURE_THRESHOLD_MD>
		<SIGNATURE_THRESHOLD_ML>0.0</SIGNATURE_THRESHOLD_ML>
		<SIGNATURE_THRESHOLD_SAM>0.0</SIGNATURE_THRESHOLD_SAM>
	</signature>
	<signature ID="20211203_142837892259_200">
		<MACROCLASSID>1</MACROCLASSID>
		<MACROCLASSINFO>waterbody</MACROCLASSINFO>
		<CLASSID>16</CLASSID>
		<CLASSINFO>C 1</CLASSINFO>
		<VALUES>[0.12899810035120352, 0.006895561839556506, 0.13864961271033138, 0.012145789022365225, 0.1405665916475384, 0.01806962911448048, 0.0835673736577684, 0.016852511036194964, 0.014532449564924752, 0.010434211420883069, 0.011720411190198676, 0.008302356292689864]</VALUES>
