<?xml version="1.0" ?>
<signaturelist MCID_LIST="[['1', 'waterbody', '#0000ff'], ['2', 'vegetation', '#00ff00'], ['3', 'bareland', '#ffaa00'], ['4', 'built-up', '#ff0000']]">
	<signature ID="20211203_142441059173_784">
		<MACROCLASSID>1</MACROCLASSID>
		<MACROCLASSINFO>waterbody</MACROCLASSINFO>
		<CLASSID>1</CLASSID>
		<CLASSINFO>C 1</CLASSINFO>
		<VALUES>[0.09068615766181297, 0.008994563594864231, 0.07863225401363279, 0.017468145701656952, 0.05497742388697148, 0.018833930219088364, 0.02365195483962817, 0.013719766737245467, 0.012073063383674455, 0.011416168336478022, 0.008865952049257157, 0.008136692226229118]</VALUES>
		<LCS_MIN>[0.07831191271543503, 0.055187564343214035, 0.032562874257564545, 0.011465017683804035, 0.0031646748539060354, 0.004247330129146576]</LCS_MIN>
		<LCS_MAX>[0.10945902019739151, 0.11184640973806381, 0.10798773169517517, 0.08769491314888, 0.07642421126365662, 0.061600204557180405]</LCS_MAX>
		<WAVELENGTH>[0.48, 0.56, 0.655, 0.865, 1.61, 2.2]</WAVELENGTH>
		<MEAN_VALUE>[0.09068615766181297, 0.07863225401363279, 0.05497742388697148, 0.02365195483962817, 0.012073063383674455, 0.008865952049257157]</MEAN_VALUE>
		<CHECKBOX>2</CHECKBOX>
		<SD>[0.008994563594864231, 0.017468145701656952, 0.018833930219088364, 0.013719766737245467, 0.011416168336478022, 0.008136692226229118]</SD>
		<WAVELENGTH_UNIT>E-6m</WAVELENGTH_UNIT>
		<COLOR>#afd455</COLOR>
		<COVARIANCE_MATRIX>[[8.032116832661069e-05, 0.0001522199440523468, 0.00016403800677800977, 4.077860885632169e-05, 1.8054061914313842e-05, 1.4016984130217293e-05], [0.0001522199440523468, 0.0002942970665553388, 0.0003138251312871583, 7.535067939216023e-05, 3.209123376082679e-05, 2.5101864545318347e-05], [0.00016403800677800977, 0.0003138251312871583, 0.0003510904586293878, 0.00010936614882325462, 5.605370886306753e-05, 4.2438122487743726e-05], [4.077860885632169e-05, 7.535067939216023e-05, 0.00010936614882325462, 0.0001662309055002569, 0.000126667597350176, 8.811432156969908e-05], [1.8054061914313842e-05, 3.209123376082679e-05, 5.605370886306753e-05, 0.000126667597350176, 0.00010787662977823514, 7.603240909156949e-05], [1.4016984130217293e-05, 2.5101864545318347e-05, 4.2438122487743726e-05, 8.811432156969908e-05, 7.603240909156949e-05, 5.55917661185922e-05]]</COVARIANCE_MATRIX>
		<ROI_SIZE>10281</ROI_SIZE>
		<MAX_VALUE>[0.10945902019739151, 0.11184640973806381, 0.10798773169517517, 0.08769491314888, 0.07642421126365662, 0.061600204557180405]</MAX_VALUE>
		<MIN_VALUE>[0.07831191271543503, 0.055187564343214035, 0.032562874257564545, 0.011465017683804035, 0.0031646748539060354, 0.004247330129146576]</MIN_VALUE>
		<SIGNATURE_THRESHOLD_MD>0</SIGNATURE_THRESHOLD_MD>
		<SIGNATURE_THRESHOLD_ML>0</SIGNATURE_THRESHOLD_ML>
		<SIGNATURE_THRESHOLD_SAM>0</SIGNATURE_THRESHOLD_SAM>
	</signature>
	<signature ID="20211203_142456626997_873">
		<MACROCLASSID>1</MACROCLASSID>
		<MACROCLASSINFO>waterbody</MACROCLASSINFO>
		<CLASSID>2</CLASSID>
		<CLASSINFO>C 1</CLASSINFO>
		<VALUES>[0.07749337445424652, 0.002107295772027135, 0.0522290321322389, 0.0038895459193468815, 0.03302285036734173, 0.0054110008359976374, 0.018807157879204228, 0.009747019733806435, 0.010025824868400852, 0.009381904083815045, 0.006957112567631804, 0.006386055908168287]</VALUES>
		<LCS_MIN>[0.07387027144432068, 0.045332640409469604, 0.02828778699040413, 0.011409493163228035, 0.004302843473851681, 0.0033867591992020607]</LCS_MIN>
		<LCS_MAX>[0.09460723400115967, 0.08267029374837875, 0.07797879725694656, 0.08444694429636002, 0.07492516934871674, 0.05571500211954117]</LCS_MAX>
		<WAVELENGTH>[0.48, 0.56, 0.655, 0.865, 1.61, 2.2]</WAVELENGTH>
		<MEAN_VALUE>[0.07749337445424652, 0.0522290321322389, 0.03302285036734173, 0.018807157879204228, 0.010025824868400852, 0.006957112567631804]</MEAN_VALUE>
		<CHECKBOX>2</CHECKBOX>
		<SD>[0.002107295772027135, 0.0038895459193468815, 0.0054110008359976374, 0.009747019733806435, 0.009381904083815045, 0.006386055908168287]</SD>
		<WAVELENGTH_UNIT>E-6m</WAVELENGTH_UNIT>
		<COLOR>#5faaae</COLOR>
		<COVARIANCE_MATRIX>[[4.960637097901402e-06, 8.670855189786777e-06, 1.1910561746004764e-05, 1.9886081957528267e-05, 1.9255763280680747e-05, 1.3527796827797636e-05], [8.670855189786777e-06, 1.6765433096371323e-05, 2.1819553618939838e-05, 3.516635902731912e-05, 3.360612788935208e-05, 2.375433983714005e-05], [1.1910561746004764e-05, 2.1819553618939838e-05, 3.483122542370976e-05, 5.955657832795639e-05, 5.7365499004825346e-05, 3.9126524101911505e-05], [1.9886081957528267e-05, 3.516635902731912e-05, 5.955657832795639e-05, 0.0001140465787800517, 0.00010543297689275464, 7.074986338490693e-05], [1.9255763280680747e-05, 3.360612788935208e-05, 5.7365499004825346e-05, 0.00010543297689275464, 0.00010383256547612178, 7.023001817728056e-05], [1.3527796827797636e-05, 2.375433983714005e-05, 3.9126524101911505e-05, 7.074986338490693e-05, 7.023001817728056e-05, 4.976381456157631e-05]]</COVARIANCE_MATRIX>
		<ROI_SIZE>18948</ROI_SIZE>
		<MAX_VALUE>[0.09460723400115967, 0.08267029374837875, 0.07797879725694656, 0.08444694429636002, 0.07492516934871674, 0.05571500211954117]</MAX_VALUE>
		<MIN_VALUE>[0.07387027144432068, 0.045332640409469604, 0.02828778699040413, 0.011409493163228035, 0.004302843473851681, 0.0033867591992020607]</MIN_VALUE>
		<SIGNATURE_THRESHOLD_MD>0</SIGNATURE_THRESHOLD_MD>
		<SIGNATURE_THRESHOLD_ML>0</SIGNATURE_THRESHOLD_ML>
		<SIGNATURE_THRESHOLD_SAM>0</SIGNATURE_THRESHOLD_SAM>
	</signature>
	<signature ID="20211203_142509880121_361">
		<MACROCLASSID>1</MACROCLASSID>
		<MACROCLASSINFO>waterbody</MACROCLASSINFO>
		<CLASSID>3</CLASSID>
		<CLASSINFO>C 1</CLASSINFO>
		<VALUES>[0.07768332130418891, 0.002146701280119493, 0.05033869104056598, 0.0035377949910543193, 0.032712321725487235, 0.004715513154663228, 0.01775857730152963, 0.007305178899060166, 0.008834020477013323, 0.007369199564019001, 0.006652085847152929, 0.005917103913348468]</VALUES>
		<LCS_MIN>[0.07531379908323288, 0.045749031007289886, 0.02773258090019226, 0.007883930578827858, 0.0022763474844396114, 0.0038309176452457905]</LCS_MIN>
		<LCS_MAX>[0.1038791835308075, 0.08394726365804672, 0.07972769439220428, 0.08464128524065018, 0.07473082840442657, 0.06765194237232208]</LCS_MAX>
		<WAVELENGTH>[0.48, 0.56, 0.655, 0.865, 1.61, 2.2]</WAVELENGTH>
		<MEAN_VALUE>[0.07768332130418891, 0.05033869104056598, 0.032712321725487235, 0.01775857730152963, 0.008834020477013323, 0.006652085847152929]</MEAN_VALUE>
		<CHECKBOX>2</CHECKBOX>
		<SD>[0.002146701280119493, 0.0035377949910543193, 0.004715513154663228, 0.007305178899060166, 0.007369199564019001, 0.005917103913348468]</SD>
		<WAVELENGTH_UNIT>E-6m</WAVELENGTH_UNIT>
		<COLOR>#280d4b</COLOR>
		<COVARIANCE_MATRIX>[[5.32658467040812e-06, 8.222355213247307e-06, 1.1193438325521527e-05, 1.633307918754387e-05, 1.565210325422984e-05, 1.2622968350440473e-05], [8.222355213247307e-06, 1.4547534991225144e-05, 1.8376276258464467e-05, 2.6877801889783017e-05, 2.6380353149063532e-05, 2.0885006221534166e-05], [1.1193438325521527e-05, 1.8376276258464467e-05, 2.584203079844821e-05, 3.8421316262586564e-05, 3.745587601229234e-05, 2.960257282596458e-05], [1.633307918754387e-05, 2.6877801889783017e-05, 3.8421316262586564e-05, 6.450373504924878e-05, 5.908780030726745e-05, 4.6831202982119136e-05], [1.565210325422984e-05, 2.6380353149063532e-05, 3.745587601229234e-05, 5.908780030726745e-05, 5.994772758397703e-05, 4.617747583252449e-05], [1.2622968350440473e-05, 2.0885006221534166e-05, 2.960257282596458e-05, 4.6831202982119136e-05, 4.617747583252449e-05, 3.734048075676852e-05]]</COVARIANCE_MATRIX>
		<ROI_SIZE>40839</ROI_SIZE>
		<MAX_VALUE>[0.1038791835308075, 0.08394726365804672, 0.07972769439220428, 0.08464128524065018, 0.07473082840442657, 0.06765194237232208]</MAX_VALUE>
		<MIN_VALUE>[0.07531379908323288, 0.045749031007289886, 0.02773258090019226, 0.007883930578827858, 0.0022763474844396114, 0.0038309176452457905]</MIN_VALUE>
		<SIGNATURE_THRESHOLD_MD>0</SIGNATURE_THRESHOLD_MD>
		<SIGNATURE_THRESHOLD_ML>0</SIGNATURE_THRESHOLD_ML>
		<SIGNATURE_THRESHOLD_SAM>0</SIGNATURE_THRESHOLD_SAM>
	</signature>
	<signature ID="20211203_142533880633_959">
		<MACROCLASSID>1</MACROCLASSID>
		<MACROCLASSINFO>waterbody</MACROCLASSINFO>
		<CLASSID>4</CLASSID>
		<CLASSINFO>C 1</CLASSINFO>
		<VALUES>[0.09649478431258883, 0.0047806166252340075, 0.08697373715578138, 0.009444581367306576, 0.0720823491675398, 0.010371985883992425, 0.02913372355969946, 0.010824663916470627, 0.01665641430452552, 0.01124207059235701, 0.011550333594515001, 0.007102666577107437]</VALUES>
		<LCS_MIN>[0.07725703716278076, 0.0485805869102478, 0.03281271457672119, 0.016961563378572464, 0.005552059039473534, 0.002776029519736767]</LCS_MIN>
		<LCS_MAX>[0.10532274097204208, 0.10074226558208466, 0.09524571895599365, 0.07267656922340393, 0.060128893703222275, 0.04172379523515701]</LCS_MAX>
		<WAVELENGTH>[0.48, 0.56, 0.655, 0.865, 1.61, 2.2]</WAVELENGTH>
		<MEAN_VALUE>[0.09649478431258883, 0.08697373715578138, 0.0720823491675398, 0.02913372355969946, 0.01665641430452552, 0.011550333594515001]</MEAN_VALUE>
		<CHECKBOX>2</CHECKBOX>
		<SD>[0.0047806166252340075, 0.009444581367306576, 0.010371985883992425, 0.010824663916470627, 0.01124207059235701, 0.007102666577107437]</SD>
		<WAVELENGTH_UNIT>E-6m</WAVELENGTH_UNIT>
		<COLOR>#07e29f</COLOR>
		<COVARIANCE_MATRIX>[[2.3407177542967535e-05, 4.612085082659984e-05, 4.593815404217413e-05, -1.074865014541528e-05, -1.329333018922087e-05, -5.2522389400385126e-06], [4.612085082659984e-05, 9.466286939229298e-05, 9.013595942577416e-05, -3.0339326373047663e-05, -3.455842719470892e-05, -1.5798525750872234e-05], [4.593815404217413e-05, 9.013595942577416e-05, 9.94512615223707e-05, -1.29112158237018e-06, -7.755125753338408e-06, 4.522333378499861e-07], [-1.074865014541528e-05, -3.0339326373047663e-05, -1.29112158237018e-06, 0.00012508653984621537, 0.00011697301918287714, 7.27127590782718e-05], [-1.329333018922087e-05, -3.455842719470892e-05, -7.755125753338408e-06, 0.00011697301918287714, 0.00012588471624520007, 7.57622874333849e-05], [-5.2522389400385126e-06, -1.5798525750872234e-05, 4.522333378499861e-07, 7.27127590782718e-05, 7.57622874333849e-05, 4.954818053460312e-05]]</COVARIANCE_MATRIX>
		<ROI_SIZE>2920</ROI_SIZE>
		<MAX_VALUE>[0.10532274097204208, 0.10074226558208466, 0.09524571895599365, 0.07267656922340393, 0.060128893703222275, 0.04172379523515701]</MAX_VALUE>
		<MIN_VALUE>[0.07725703716278076, 0.0485805869102478, 0.03281271457672119, 0.016961563378572464, 0.005552059039473534, 0.002776029519736767]</MIN_VALUE>
		<SIGNATURE_THRESHOLD_MD>0</SIGNATURE_THRESHOLD_MD>
		<SIGNATURE_THRESHOLD_ML>0</SIGNATURE_THRESHOLD_ML>
		<SIGNATURE_THRESHOLD_SAM>0</SIGNATURE_THRESHOLD_SAM>
	</signature>
	<signature ID="20211203_142544121870_280">
		<MACROCLASSID>1</MACROCLASSID>
		<MACROCLASSINFO>waterbody</MACROCLASSINFO>
		<CLASSID>5</CLASSID>
		<CLASSINFO>C 1</CLASSINFO>
		<VALUES>[0.0871776537143089, 0.0033712258784691024, 0.06919420846688332, 0.0063740486742138265, 0.04610867071180386, 0.00736802541068328, 0.023929573893106234, 0.010348223329823871, 0.01485828654416947, 0.010352957742050696, 0.010257214990433451, 0.006487014523115345]</VALUES>
		<LCS_MIN>[0.07672958076000214, 0.04808090254664421, 0.03247959166765213, 0.01293631736189127, 0.0036366002168506384, 0.0038309176452457905]</LCS_MIN>
		<LCS_MAX>[0.10121419280767441, 0.0935523584485054, 0.08097691088914871, 0.06820715963840485, 0.058324482291936874, 0.04816419258713722]</LCS_MAX>
		<WAVELENGTH>[0.48, 0.56, 0.655, 0.865, 1.61, 2.2]</WAVELENGTH>
		<MEAN_VALUE>[0.0871776537143089, 0.06919420846688332, 0.04610867071180386, 0.023929573893106234, 0.01485828654416947, 0.010257214990433451]</MEAN_VALUE>
		<CHECKBOX>2</CHECKBOX>
		<SD>[0.0033712258784691024, 0.0063740486742138265, 0.00736802541068328, 0.010348223329823871, 0.010352957742050696, 0.006487014523115345]</SD>
		<WAVELENGTH_UNIT>E-6m</WAVELENGTH_UNIT>
		<COLOR>#3befff</COLOR>
		<COVARIANCE_MATRIX>[[1.1314545177474215e-05, 2.043642019083457e-05, 2.163532965520282e-05, 1.4268940026434122e-05, 1.338094719369491e-05, 8.979284709830147e-06], [2.043642019083457e-05, 4.021887782222993e-05, 3.95919069359017e-05, 1.828906694957019e-05, 1.5923244686698833e-05, 1.1741096877762255e-05], [2.163532965520282e-05, 3.95919069359017e-05, 5.2378101016050924e-05, 5.065285453975522e-05, 4.726403209990463e-05, 2.9312378135388368e-05], [1.4268940026434122e-05, 1.828906694957019e-05, 5.065285453975522e-05, 0.00010505533360873369, 0.00010145644238002607, 6.0089301480072826e-05], [1.338094719369491e-05, 1.5923244686698833e-05, 4.726403209990463e-05, 0.00010145644238002607, 0.00010217556700955067, 6.089585455368356e-05], [8.979284709830147e-06, 1.1741096877762255e-05, 2.9312378135388368e-05, 6.0089301480072826e-05, 6.089585455368356e-05, 3.987692855315233e-05]]</COVARIANCE_MATRIX>
		<ROI_SIZE>3517</ROI_SIZE>
		<MAX_VALUE>[0.10121419280767441, 0.0935523584485054, 0.08097691088914871, 0.06820715963840485, 0.058324482291936874, 0.04816419258713722]</MAX_VALUE>
		<MIN_VALUE>[0.07672958076000214, 0.04808090254664421, 0.03247959166765213, 0.01293631736189127, 0.0036366002168506384, 0.0038309176452457905]</MIN_VALUE>
		<SIGNATURE_THRESHOLD_MD>0</SIGNATURE_THRESHOLD_MD>
		<SIGNATURE_THRESHOLD_ML>0</SIGNATURE_THRESHOLD_ML>
		<SIGNATURE_THRESHOLD_SAM>0</SIGNATURE_THRESHOLD_SAM>
	</signature>
	<signature ID="20211203_142559474010_974">
		<MACROCLASSID>1</MACROCLASSID>
		<MACROCLASSINFO>waterbody</MACROCLASSINFO>
		<CLASSID>6</CLASSID>
		<CLASSINFO>C 1</CLASSINFO>
		<VALUES>[0.09197021307533271, 0.005758068352714865, 0.08071123059181616, 0.01204244711546057, 0.06672634589485825, 0.011956307560059118, 0.03315123207798663, 0.013214212921262068, 0.019606266955345168, 0.011738652671411666, 0.012502681052394438, 0.006688276348775602]</VALUES>
		<LCS_MIN>[0.07145510613918304, 0.04136289656162262, 0.024262530729174614, 0.006495910231024027, 0.0013047292595729232, 0.0020264959894120693]</LCS_MIN>
		<LCS_MAX>[0.10382366925477982, 0.09838263690471649, 0.09327474981546402, 0.07431443780660629, 0.06098947301506996, 0.04472191259264946]</LCS_MAX>
		<WAVELENGTH>[0.48, 0.56, 0.655, 0.865, 1.61, 2.2]</WAVELENGTH>
		<MEAN_VALUE>[0.09197021307533271, 0.08071123059181616, 0.06672634589485825, 0.03315123207798663, 0.019606266955345168, 0.012502681052394438]</MEAN_VALUE>
		<CHECKBOX>2</CHECKBOX>
		<SD>[0.005758068352714865, 0.01204244711546057, 0.011956307560059118, 0.013214212921262068, 0.011738652671411666, 0.006688276348775602]</SD>
		<WAVELENGTH_UNIT>E-6m</WAVELENGTH_UNIT>
		<COLOR>#7d25cf</COLOR>
		<COVARIANCE_MATRIX>[[3.320418083223101e-05, 6.719793838212647e-05, 6.81062620691401e-05, 1.4329358608628982e-06, -8.453796813331876e-06, -6.449692390812366e-06], [6.719793838212647e-05, 0.00014523411210528976, 0.00013958243886977138, -6.833769117969041e-06, -2.8059581778327543e-05, -2.0318350018261236e-05], [6.81062620691401e-05, 0.00013958243886977138, 0.00014316382550823864, 1.6674476747454702e-05, -5.780973932286184e-06, -8.138208980047377e-06], [1.4329358608628982e-06, -6.833769117969041e-06, 1.6674476747454702e-05, 0.00017487258870006725, 0.00014439777250752162, 7.715199562496007e-05], [-8.453796813331876e-06, -2.8059581778327543e-05, -5.780973932286184e-06, 0.00014439777250752162, 0.00013799890610784608, 7.421832148803784e-05], [-6.449692390812366e-06, -2.0318350018261236e-05, -8.138208980047377e-06, 7.715199562496007e-05, 7.421832148803784e-05, 4.479892128418549e-05]]</COVARIANCE_MATRIX>
		<ROI_SIZE>680</ROI_SIZE>
		<MAX_VALUE>[0.10382366925477982, 0.09838263690471649, 0.09327474981546402, 0.07431443780660629, 0.06098947301506996, 0.04472191259264946]</MAX_VALUE>
		<MIN_VALUE>[0.07145510613918304, 0.04136289656162262, 0.024262530729174614, 0.006495910231024027, 0.0013047292595729232, 0.0020264959894120693]</MIN_VALUE>
		<SIGNATURE_THRESHOLD_MD>0</SIGNATURE_THRESHOLD_MD>
		<SIGNATURE_THRESHOLD_ML>0</SIGNATURE_THRESHOLD_ML>
		<SIGNATURE_THRESHOLD_SAM>0</SIGNATURE_THRESHOLD_SAM>
	</signature>
	<signature ID="20211203_142608568281_955">
		<MACROCLASSID>1</MACROCLASSID>
		<MACROCLASSINFO>waterbody</MACROCLASSINFO>
		<CLASSID>7</CLASSID>
		<CLASSINFO>C 1</CLASSINFO>
		<VALUES>[0.09510333542438114, 0.0013971373803778212, 0.08633999425698727, 0.002374783379254515, 0.07379237356431348, 0.003392469619528496, 0.02947200690122213, 0.012006074916081291, 0.014873877079134769, 0.010178091934565767, 0.010318187333862573, 0.00654954410293269]</VALUES>
		<LCS_MIN>[0.09110943973064423, 0.07920025289058685, 0.06748538464307785, 0.016711721196770668, 0.006135032046586275, 0.004830292426049709]</LCS_MIN>
		<LCS_MAX>[0.10032587498426437, 0.09777191281318665, 0.08511321246623993, 0.071205273270607, 0.05782477930188179, 0.04613768681883812]</LCS_MAX>
		<WAVELENGTH>[0.48, 0.56, 0.655, 0.865, 1.61, 2.2]</WAVELENGTH>
		<MEAN_VALUE>[0.09510333542438114, 0.08633999425698727, 0.07379237356431348, 0.02947200690122213, 0.014873877079134769, 0.010318187333862573]</MEAN_VALUE>
		<CHECKBOX>2</CHECKBOX>
		<SD>[0.0013971373803778212, 0.002374783379254515, 0.003392469619528496, 0.012006074916081291, 0.010178091934565767, 0.00654954410293269]</SD>
		<WAVELENGTH_UNIT>E-6m</WAVELENGTH_UNIT>
		<COLOR>#fcc035</COLOR>
		<COVARIANCE_MATRIX>[[1.9558278161512315e-06, 2.882129606849736e-06, 4.397453379624562e-06, -1.6112298710854265e-07, 7.34636251928771e-07, 1.7285550142092905e-06], [2.882129606849736e-06, 5.650675854961811e-06, 6.770225718119448e-06, -5.5480104231370765e-06, -4.415482890490645e-06, -1.1230849894195193e-06], [4.397453379624562e-06, 6.770225718119448e-06, 1.15314608269276e-05, 7.973873141478573e-06, 8.19098703383791e-06, 7.264971422363267e-06], [-1.6112298710854265e-07, -5.5480104231370765e-06, 7.973873141478573e-06, 0.00014442902906519395, 0.00011367195585643737, 7.127730836201428e-05], [7.34636251928771e-07, -4.415482890490645e-06, 8.19098703383791e-06, 0.00011367195585643737, 0.00010379707911300804, 6.281434136175554e-05], [1.7285550142092905e-06, -1.1230849894195193e-06, 7.264971422363267e-06, 7.127730836201428e-05, 6.281434136175554e-05, 4.298080404261847e-05]]</COVARIANCE_MATRIX>
		<ROI_SIZE>510</ROI_SIZE>
		<MAX_VALUE>[0.10032587498426437, 0.09777191281318665, 0.08511321246623993, 0.071205273270607, 0.05782477930188179, 0.04613768681883812]</MAX_VALUE>
		<MIN_VALUE>[0.09110943973064423, 0.07920025289058685, 0.06748538464307785, 0.016711721196770668, 0.006135032046586275, 0.004830292426049709]</MIN_VALUE>
		<SIGNATURE_THRESHOLD_MD>0</SIGNATURE_THRESHOLD_MD>
		<SIGNATURE_THRESHOLD_ML>0</SIGNATURE_THRESHOLD_ML>
		<SIGNATURE_THRESHOLD_SAM>0</SIGNATURE_THRESHOLD_SAM>
	</signature>
	<signature ID="20211203_142621884121_514">
		<MACROCLASSID>1</MACROCLASSID>
		<MACROCLASSINFO>waterbody</MACROCLASSINFO>
		<CLASSID>8</CLASSID>
		<CLASSINFO>C 1</CLASSINFO>
		<VALUES>[0.09290189411619613, 0.0045569119891440205, 0.0762509531502066, 0.005953241902514675, 0.06436043296908513, 0.00867774271124393, 0.03711796505376696, 0.016145189221405926, 0.025166180627099403, 0.015535843911562841, 0.021681779212767965, 0.012931722798231368]</VALUES>
		<LCS_MIN>[0.08633465319871902, 0.0652090460062027, 0.048747144639492035, 0.011770381592214108, 0.0, 0.001193692209199071]</LCS_MIN>
		<LCS_MAX>[0.10457320511341095, 0.09135928750038147, 0.08428038656711578, 0.07409234344959259, 0.060156650841236115, 0.051995109766721725]</LCS_MAX>
		<WAVELENGTH>[0.48, 0.56, 0.655, 0.865, 1.61, 2.2]</WAVELENGTH>
		<MEAN_VALUE>[0.09290189411619613, 0.0762509531502066, 0.06436043296908513, 0.03711796505376696, 0.025166180627099403, 0.021681779212767965]</MEAN_VALUE>
		<CHECKBOX>2</CHECKBOX>
		<SD>[0.0045569119891440205, 0.005953241902514675, 0.00867774271124393, 0.016145189221405926, 0.015535843911562841, 0.012931722798231368]</SD>
		<WAVELENGTH_UNIT>E-6m</WAVELENGTH_UNIT>
		<COLOR>#29bf32</COLOR>
		<COVARIANCE_MATRIX>[[2.112975296236249e-05, 2.6255417540098178e-05, 3.842275005254653e-05, 6.409430258564804e-05, 6.674814054829935e-05, 5.6656943797051966e-05], [2.6255417540098178e-05, 3.6062862643713645e-05, 5.074116734923576e-05, 8.356315403228698e-05, 8.631478431901205e-05, 7.235882986676995e-05], [3.842275005254653e-05, 5.074116734923576e-05, 7.662432766013575e-05, 0.00012787701156329563, 0.0001320952060295453, 0.0001106929982890215], [6.409430258564804e-05, 8.356315403228698e-05, 0.00012787701156329563, 0.00026524024262649325, 0.00024385808709472134, 0.00019538746620051108], [6.674814054829935e-05, 8.631478431901205e-05, 0.0001320952060295453, 0.00024385808709472134, 0.000245596874922417, 0.00020209846496501669], [5.6656943797051966e-05, 7.235882986676995e-05, 0.0001106929982890215, 0.00019538746620051108, 0.00020209846496501669, 0.00017016330460977577]]</COVARIANCE_MATRIX>
		<ROI_SIZE>58</ROI_SIZE>
		<MAX_VALUE>[0.10457320511341095, 0.09135928750038147, 0.08428038656711578, 0.07409234344959259, 0.060156650841236115, 0.051995109766721725]</MAX_VALUE>
		<MIN_VALUE>[0.08633465319871902, 0.0652090460062027, 0.048747144639492035, 0.011770381592214108, 0.0, 0.001193692209199071]</MIN_VALUE>
		<SIGNATURE_THRESHOLD_MD>0</SIGNATURE_THRESHOLD_MD>
		<SIGNATURE_THRESHOLD_ML>0</SIGNATURE_THRESHOLD_ML>
		<SIGNATURE_THRESHOLD_SAM>0</SIGNATURE_THRESHOLD_SAM>
	</signature>
	<signature ID="20211203_142705634233_790">
		<MACROCLASSID>1</MACROCLASSID>
		<MACROCLASSINFO>waterbody</MACROCLASSINFO>
		<CLASSID>9</CLASSID>
		<CLASSINFO>C 1</CLASSINFO>
		<VALUES>[0.09374419280460902, 0.0031074413912932997, 0.08703610301017764, 0.005536194560029006, 0.05140867842627425, 0.013927570374182822, 0.029135465505532913, 0.021892073726606263, 0.026982055735840862, 0.027300745547905073, 0.023345945864483457, 0.022325418169989758]</VALUES>
		<LCS_MIN>[0.08375294506549835, 0.07659077644348145, 0.039003271609544754, 0.012547672726213932, 0.005718620028346777, 0.0022485803347080946]</LCS_MIN>
		<LCS_MAX>[0.10221357643604279, 0.10560032725334167, 0.09155360609292984, 0.10054794698953629, 0.11714863777160645, 0.09760534763336182]</LCS_MAX>
		<WAVELENGTH>[0.48, 0.56, 0.655, 0.865, 1.61, 2.2]</WAVELENGTH>
		<MEAN_VALUE>[0.09374419280460902, 0.08703610301017764, 0.05140867842627425, 0.029135465505532913, 0.026982055735840862, 0.023345945864483457]</MEAN_VALUE>
		<CHECKBOX>2</CHECKBOX>
		<SD>[0.0031074413912932997, 0.005536194560029006, 0.013927570374182822, 0.021892073726606263, 0.027300745547905073, 0.022325418169989758]</SD>
		<WAVELENGTH_UNIT>E-6m</WAVELENGTH_UNIT>
		<COLOR>#bb4bbd</COLOR>
		<COVARIANCE_MATRIX>[[9.83175912760144e-06, 1.5229146670757788e-05, 1.8843892577794637e-05, 3.526123142040273e-05, 5.0426807359427666e-05, 4.0006378190434735e-05], [1.5229146670757788e-05, 3.120671293752193e-05, 6.125909606981105e-05, 9.751251464288005e-05, 0.00012981097857398864, 0.00010473073834740358], [1.8843892577794637e-05, 6.125909606981105e-05, 0.00019750407501013898, 0.0002836346659754439, 0.00035233791602646116, 0.00028813960317628157], [3.526123142040273e-05, 9.751251464288005e-05, 0.0002836346659754439, 0.0004879767628157312, 0.0005984402699039902, 0.000485963741021731], [5.0426807359427666e-05, 0.00012981097857398864, 0.00035233791602646116, 0.0005984402699039902, 0.0007588821748800307, 0.0006101064769192509], [4.0006378190434735e-05, 0.00010473073834740358, 0.00028813960317628157, 0.000485963741021731, 0.0006101064769192509, 0.0005074865564006345]]</COVARIANCE_MATRIX>
		<ROI_SIZE>56</ROI_SIZE>
		<MAX_VALUE>[0.10221357643604279, 0.10560032725334167, 0.09155360609292984, 0.10054794698953629, 0.11714863777160645, 0.09760534763336182]</MAX_VALUE>
		<MIN_VALUE>[0.08375294506549835, 0.07659077644348145, 0.039003271609544754, 0.012547672726213932, 0.005718620028346777, 0.0022485803347080946]</MIN_VALUE>
		<SIGNATURE_THRESHOLD_MD>0</SIGNATURE_THRESHOLD_MD>
		<SIGNATURE_THRESHOLD_ML>0</SIGNATURE_THRESHOLD_ML>
		<SIGNATURE_THRESHOLD_SAM>0</SIGNATURE_THRESHOLD_SAM>
	</signature>
	<signature ID="20211203_142717790115_753">
		<MACROCLASSID>1</MACROCLASSID>
		<MACROCLASSINFO>waterbody</MACROCLASSINFO>
		<CLASSID>10</CLASSID>
		<CLASSINFO>C 1</CLASSINFO>
		<VALUES>[0.07573537610223964, 0.008925591032882891, 0.06474576579221387, 0.01136336918669649, 0.04522716003492971, 0.007843869088872399, 0.02910885673613001, 0.016087840224688336, 0.008322569178108224, 0.004875295843254589, 0.0066125642815349425, 0.0037380885127397978]</VALUES>
		<LCS_MIN>[0.06423741579055786, 0.04452759400010109, 0.02950923517346382, 0.010798763483762741, 0.0030536274425685406, 0.0033034789375960827]</LCS_MIN>
		<LCS_MAX>[0.10079780220985413, 0.0981050506234169, 0.09088736772537231, 0.06487590819597244, 0.047497931867837906, 0.03944743797183037]</LCS_MAX>
		<WAVELENGTH>[0.48, 0.56, 0.655, 0.865, 1.61, 2.2]</WAVELENGTH>
		<MEAN_VALUE>[0.07573537610223964, 0.06474576579221387, 0.04522716003492971, 0.02910885673613001, 0.008322569178108224, 0.0066125642815349425]</MEAN_VALUE>
		<CHECKBOX>2</CHECKBOX>
		<SD>[0.008925591032882891, 0.01136336918669649, 0.007843869088872399, 0.016087840224688336, 0.004875295843254589, 0.0037380885127397978]</SD>
		<WAVELENGTH_UNIT>E-6m</WAVELENGTH_UNIT>
		<COLOR>#fcaae5</COLOR>
		<COVARIANCE_MATRIX>[[7.978129981704019e-05, 9.664658854587826e-05, 4.129908270437308e-05, -4.997795728541081e-05, 1.1212076227512548e-05, 1.0884541623218583e-05], [9.664658854587826e-05, 0.00012931275776922332, 6.609273465680032e-05, -2.6098859283167498e-05, 1.187630868944421e-05, 1.1430828379842983e-05], [4.129908270437308e-05, 6.609273465680032e-05, 6.161519309591613e-05, 3.118618385421561e-05, 1.3025944046261501e-05, 1.0383031165377791e-05], [-4.997795728541081e-05, -2.6098859283167498e-05, 3.118618385421561e-05, 0.0002591926184174915, 1.2451589702713776e-05, 5.1975318280384905e-06], [1.1212076227512548e-05, 1.187630868944421e-05, 1.3025944046261501e-05, 1.2451589702713776e-05, 2.3802857116422037e-05, 1.7519564583282177e-05], [1.0884541623218583e-05, 1.1430828379842983e-05, 1.0383031165377791e-05, 5.1975318280384905e-06, 1.7519564583282177e-05, 1.3993498367414063e-05]]</COVARIANCE_MATRIX>
		<ROI_SIZE>693</ROI_SIZE>
		<MAX_VALUE>[0.10079780220985413, 0.0981050506234169, 0.09088736772537231, 0.06487590819597244, 0.047497931867837906, 0.03944743797183037]</MAX_VALUE>
		<MIN_VALUE>[0.06423741579055786, 0.04452759400010109, 0.02950923517346382, 0.010798763483762741, 0.0030536274425685406, 0.0033034789375960827]</MIN_VALUE>
		<SIGNATURE_THRESHOLD_MD>0</SIGNATURE_THRESHOLD_MD>
		<SIGNATURE_THRESHOLD_ML>0</SIGNATURE_THRESHOLD_ML>
		<SIGNATURE_THRESHOLD_SAM>0</SIGNATURE_THRESHOLD_SAM>
	</signature>
	<signature ID="20211203_142729275065_601">
		<MACROCLASSID>1</MACROCLASSID>
		<MACROCLASSINFO>waterbody</MACROCLASSINFO>
		<CLASSID>11</CLASSID>
		<CLASSINFO>C 1</CLASSINFO>
		<VALUES>[0.09661960108264993, 0.0009291583477771603, 0.10424008025864888, 0.002590313623521483, 0.08075412339085983, 0.004335558667437197, 0.020599936473236727, 0.00942863894627338, 0.010597902667489213, 0.009767058838181, 0.008958274836705369, 0.00793723661084944]</VALUES>
		<LCS_MIN>[0.09363562613725662, 0.0916646346449852, 0.0748973861336708, 0.010826530866324902, 0.005329985171556473, 0.004108525812625885]</LCS_MIN>
		<LCS_MAX>[0.09996497631072998, 0.10845965892076492, 0.09838263690471649, 0.06198883801698685, 0.053466420620679855, 0.048497315496206284]</LCS_MAX>
		<WAVELENGTH>[0.48, 0.56, 0.655, 0.865, 1.61, 2.2]</WAVELENGTH>
		<MEAN_VALUE>[0.09661960108264993, 0.10424008025864888, 0.08075412339085983, 0.020599936473236727, 0.010597902667489213, 0.008958274836705369]</MEAN_VALUE>
		<CHECKBOX>2</CHECKBOX>
		<SD>[0.0009291583477771603, 0.002590313623521483, 0.004335558667437197, 0.00942863894627338, 0.009767058838181, 0.00793723661084944]</SD>
		<WAVELENGTH_UNIT>E-6m</WAVELENGTH_UNIT>
		<COLOR>#39a303</COLOR>
		<COVARIANCE_MATRIX>[[8.688694354699053e-07, 1.6344457900109761e-06, 1.4328023104233998e-06, 1.5092151624115691e-06, 3.224543470514705e-06, 2.7653070079819184e-06], [1.6344457900109761e-06, 6.752735723766386e-06, -3.0788203168363113e-06, -1.0629811710663727e-05, -5.7619516262890395e-06, -4.523918621503323e-06], [1.4328023104233998e-06, -3.0788203168363113e-06, 1.8917562990576886e-05, 3.16364063898451e-05, 2.908244306944719e-05, 2.4669793183596343e-05], [1.5092151624115691e-06, -1.0629811710663727e-05, 3.16364063898451e-05, 8.946909925340878e-05, 8.575555505379418e-05, 6.851866374568286e-05], [3.224543470514705e-06, -5.7619516262890395e-06, 2.908244306944719e-05, 8.575555505379418e-05, 9.600694756867227e-05, 7.624384641308046e-05], [2.7653070079819184e-06, -4.523918621503323e-06, 2.4669793183596343e-05, 6.851866374568286e-05, 7.624384641308046e-05, 6.340356940774082e-05]]</COVARIANCE_MATRIX>
		<ROI_SIZE>157</ROI_SIZE>
		<MAX_VALUE>[0.09996497631072998, 0.10845965892076492, 0.09838263690471649, 0.06198883801698685, 0.053466420620679855, 0.048497315496206284]</MAX_VALUE>
		<MIN_VALUE>[0.09363562613725662, 0.0916646346449852, 0.0748973861336708, 0.010826530866324902, 0.005329985171556473, 0.004108525812625885]</MIN_VALUE>
		<SIGNATURE_THRESHOLD_MD>0</SIGNATURE_THRESHOLD_MD>
		<SIGNATURE_THRESHOLD_ML>0</SIGNATURE_THRESHOLD_ML>
		<SIGNATURE_THRESHOLD_SAM>0</SIGNATURE_THRESHOLD_SAM>
	</signature>
	<signature ID="20211203_142738178058_374">
		<MACROCLASSID>1</MACROCLASSID>
		<MACROCLASSINFO>waterbody</MACROCLASSINFO>
		<CLASSID>12</CLASSID>
		<CLASSINFO>C 1</CLASSINFO>
		<VALUES>[0.09700701608107644, 0.002318364740670574, 0.09379211221749958, 0.0027355152236667943, 0.05613977762369011, 0.004694457215058273, 0.0221669838520197, 0.0071131467129687395, 0.014431813446183998, 0.0075338123078715425, 0.011845716928633359, 0.0060116236428841875]</VALUES>
		<LCS_MIN>[0.0871119424700737, 0.08008859306573868, 0.048469558358192444, 0.011881419457495213, 0.004691488575190306, 0.0017211311496794224]</LCS_MIN>
		<LCS_MAX>[0.10626658797264099, 0.11001423746347427, 0.0916646346449852, 0.06948413699865341, 0.05896296724677086, 0.047331370413303375]</LCS_MAX>
		<WAVELENGTH>[0.48, 0.56, 0.655, 0.865, 1.61, 2.2]</WAVELENGTH>
		<MEAN_VALUE>[0.09700701608107644, 0.09379211221749958, 0.05613977762369011, 0.0221669838520197, 0.014431813446183998, 0.011845716928633359]</MEAN_VALUE>
		<CHECKBOX>2</CHECKBOX>
		<SD>[0.002318364740670574, 0.0027355152236667943, 0.004694457215058273, 0.0071131467129687395, 0.0075338123078715425, 0.0060116236428841875]</SD>
		<WAVELENGTH_UNIT>E-6m</WAVELENGTH_UNIT>
		<COLOR>#f3b58c</COLOR>
		<COVARIANCE_MATRIX>[[5.380333361411565e-06, 5.897940111729255e-06, 5.977205441201661e-06, 7.519616714621569e-06, 8.05734285454342e-06, 6.981974655655663e-06], [5.897940111729255e-06, 7.490726335154129e-06, 7.556023377627772e-06, 7.034342948721795e-06, 8.541604249913463e-06, 7.634570771261628e-06], [5.977205441201661e-06, 7.556023377627772e-06, 2.2060554754016852e-05, 2.6323214497286176e-05, 2.6229492900085526e-05, 2.1455233853552117e-05], [7.519616714621569e-06, 7.034342948721795e-06, 2.6323214497286176e-05, 5.0648803651142264e-05, 4.755321881764248e-05, 3.761768768267913e-05], [8.05734285454342e-06, 8.541604249913463e-06, 2.6229492900085526e-05, 4.755321881764248e-05, 5.681660132749573e-05, 4.4653695421795874e-05], [6.981974655655663e-06, 7.634570771261628e-06, 2.1455233853552117e-05, 3.761768768267913e-05, 4.4653695421795874e-05, 3.617672315512531e-05]]</COVARIANCE_MATRIX>
		<ROI_SIZE>975</ROI_SIZE>
		<MAX_VALUE>[0.10626658797264099, 0.11001423746347427, 0.0916646346449852, 0.06948413699865341, 0.05896296724677086, 0.047331370413303375]</MAX_VALUE>
		<MIN_VALUE>[0.0871119424700737, 0.08008859306573868, 0.048469558358192444, 0.011881419457495213, 0.004691488575190306, 0.0017211311496794224]</MIN_VALUE>
		<SIGNATURE_THRESHOLD_MD>0</SIGNATURE_THRESHOLD_MD>
		<SIGNATURE_THRESHOLD_ML>0</SIGNATURE_THRESHOLD_ML>
		<SIGNATURE_THRESHOLD_SAM>0</SIGNATURE_THRESHOLD_SAM>
	</signature>
	<signature ID="20211203_142758384071_303">
		<MACROCLASSID>1</MACROCLASSID>
		<MACROCLASSINFO>waterbody</MACROCLASSINFO>
		<CLASSID>13</CLASSID>
		<CLASSINFO>C 1</CLASSINFO>
		<VALUES>[0.07839520256240645, 0.005595538213268248, 0.07050946277457398, 0.008906685115113297, 0.05388930860858458, 0.009469515076426295, 0.04945522435493282, 0.015165741489735384, 0.011758843327981309, 0.006583862758061462, 0.010086011685818047, 0.004459221071881548]</VALUES>
		<LCS_MIN>[0.07148288190364838, 0.05621468648314476, 0.037531979382038116, 0.020542649552226067, 0.004164049401879311, 0.007217687088996172]</LCS_MIN>
		<LCS_MAX>[0.09555108845233917, 0.09299714118242264, 0.0785062313079834, 0.07198256254196167, 0.058629848062992096, 0.03975280374288559]</LCS_MAX>
		<WAVELENGTH>[0.48, 0.56, 0.655, 0.865, 1.61, 2.2]</WAVELENGTH>
		<MEAN_VALUE>[0.07839520256240645, 0.07050946277457398, 0.05388930860858458, 0.04945522435493282, 0.011758843327981309, 0.010086011685818047]</MEAN_VALUE>
		<CHECKBOX>2</CHECKBOX>
		<SD>[0.005595538213268248, 0.008906685115113297, 0.009469515076426295, 0.015165741489735384, 0.006583862758061462, 0.004459221071881548]</SD>
		<WAVELENGTH_UNIT>E-6m</WAVELENGTH_UNIT>
		<COLOR>#8e04d4</COLOR>
		<COVARIANCE_MATRIX>[[3.1722022210568256e-05, 4.7117485982993495e-05, 4.6454070773341465e-05, 8.959906805408042e-06, 7.614961137176674e-06, 8.035645810248891e-06], [4.7117485982993495e-05, 8.037284289425154e-05, 8.31151449984135e-05, 4.1421587026510235e-05, 7.220693989638549e-06, 1.0574750165081808e-05], [4.6454070773341465e-05, 8.31151449984135e-05, 9.085160677980528e-05, 6.339198253611806e-05, 9.291570854029711e-06, 1.2261485234350081e-05], [8.959906805408042e-06, 4.1421587026510235e-05, 6.339198253611806e-05, 0.00023302602697207974, 1.835751420430557e-05, 1.59091944458853e-05], [7.614961137176674e-06, 7.220693989638549e-06, 9.291570854029711e-06, 1.835751420430557e-05, 4.3917607354054304e-05, 2.8660082746298596e-05], [8.035645810248891e-06, 1.0574750165081808e-05, 1.2261485234350081e-05, 1.59091944458853e-05, 2.8660082746298596e-05, 2.014629273327969e-05]]</COVARIANCE_MATRIX>
		<ROI_SIZE>77</ROI_SIZE>
		<MAX_VALUE>[0.09555108845233917, 0.09299714118242264, 0.0785062313079834, 0.07198256254196167, 0.058629848062992096, 0.03975280374288559]</MAX_VALUE>
		<MIN_VALUE>[0.07148288190364838, 0.05621468648314476, 0.037531979382038116, 0.020542649552226067, 0.004164049401879311, 0.007217687088996172]</MIN_VALUE>
		<SIGNATURE_THRESHOLD_MD>0</SIGNATURE_THRESHOLD_MD>
		<SIGNATURE_THRESHOLD_ML>0</SIGNATURE_THRESHOLD_ML>
		<SIGNATURE_THRESHOLD_SAM>0</SIGNATURE_THRESHOLD_SAM>
	</signature>
	<signature ID="20211203_142820412188_419">
		<MACROCLASSID>1</MACROCLASSID>
		<MACROCLASSINFO>waterbody</MACROCLASSINFO>
		<CLASSID>14</CLASSID>
		<CLASSINFO>C 1</CLASSINFO>
		<VALUES>[0.10681980954749244, 0.004341929933823067, 0.12387853914073532, 0.007330869619160758, 0.12454875452177863, 0.014326693456771874, 0.0952972841582128, 0.022893358695089756, 0.024803861376962485, 0.02324082747134416, 0.019737599284521172, 0.01579370444463968]</VALUES>
		<LCS_MIN>[0.0995485857129097, 0.11181864887475967, 0.09816056489944458, 0.0620998851954937, 0.007939454168081284, 0.006745761726051569]</LCS_MIN>
		<LCS_MAX>[0.11309562623500824, 0.13383260369300842, 0.1471853256225586, 0.13377708196640015, 0.09172017127275467, 0.06301598250865936]</LCS_MAX>
		<WAVELENGTH>[0.48, 0.56, 0.655, 0.865, 1.61, 2.2]</WAVELENGTH>
		<MEAN_VALUE>[0.10681980954749244, 0.12387853914073532, 0.12454875452177863, 0.0952972841582128, 0.024803861376962485, 0.019737599284521172]</MEAN_VALUE>
		<CHECKBOX>2</CHECKBOX>
		<SD>[0.004341929933823067, 0.007330869619160758, 0.014326693456771874, 0.022893358695089756, 0.02324082747134416, 0.01579370444463968]</SD>
		<WAVELENGTH_UNIT>E-6m</WAVELENGTH_UNIT>
		<COLOR>#4ebba3</COLOR>
		<COVARIANCE_MATRIX>[[2.0302536746400198e-05, 3.20412687310878e-05, 6.5898163068718e-05, 4.402667656952977e-05, 5.0876382556523385e-05, 3.284298775197418e-05], [3.20412687310878e-05, 5.7875622401836996e-05, 0.00010227353895751061, 1.5706901977172536e-05, 3.528820738341292e-05, 1.937891820346224e-05], [6.5898163068718e-05, 0.00010227353895751061, 0.0002210429258200266, 0.00017323375517768418, 0.0001574428869872849, 0.00010413637071332274], [4.402667656952977e-05, 1.5706901977172536e-05, 0.00017323375517768418, 0.000564421708676045, 0.0003957851966458154, 0.00028893916973877506], [5.0876382556523385e-05, 3.528820738341292e-05, 0.0001574428869872849, 0.0003957851966458154, 0.0005816849893645382, 0.000391326596329206], [3.284298775197418e-05, 1.937891820346224e-05, 0.00010413637071332274, 0.00028893916973877506, 0.000391326596329206, 0.0002686288770142183]]</COVARIANCE_MATRIX>
		<ROI_SIZE>14</ROI_SIZE>
		<MAX_VALUE>[0.11309562623500824, 0.13383260369300842, 0.1471853256225586, 0.13377708196640015, 0.09172017127275467, 0.06301598250865936]</MAX_VALUE>
		<MIN_VALUE>[0.0995485857129097, 0.11181864887475967, 0.09816056489944458, 0.0620998851954937, 0.007939454168081284, 0.006745761726051569]</MIN_VALUE>
		<SIGNATURE_THRESHOLD_MD>0</SIGNATURE_THRESHOLD_MD>
		<SIGNATURE_THRESHOLD_ML>0</SIGNATURE_THRESHOLD_ML>
		<SIGNATURE_THRESHOLD_SAM>0</SIGNATURE_THRESHOLD_SAM>
	</signature>
	<signature ID="20211203_142828217046_181">
		<MACROCLASSID>1</MACROCLASSID>
		<MACROCLASSINFO>waterbody</MACROCLASSINFO>
		<CLASSID>15</CLASSID>
		<CLASSINFO>C 1</CLASSINFO>
		<VALUES>[0.07949608188084882, 0.007088575953707225, 0.07304082118501563, 0.010977370650510535, 0.057307996984684105, 0.012540005230783132, 0.05522877489677584, 0.017915529204331183, 0.013213076600522707, 0.009106475388604075, 0.011237605423149133, 0.007057468392454432]</VALUES>
		<LCS_MIN>[0.07148288190364838, 0.05621468648314476, 0.037531979382038116, 0.020542649552226067, 0.004164049401879311, 0.005663106683641672]</LCS_MIN>
		<LCS_MAX>[0.10837636888027191, 0.11592717468738556, 0.1004924401640892, 0.08544633537530899, 0.058629848062992096, 0.04896923899650574]</LCS_MAX>
		<WAVELENGTH>[0.48, 0.56, 0.655, 0.865, 1.61, 2.2]</WAVELENGTH>
		<MEAN_VALUE>[0.07949608188084882, 0.07304082118501563, 0.057307996984684105, 0.05522877489677584, 0.013213076600522707, 0.011237605423149133]</MEAN_VALUE>
		<CHECKBOX>2</CHECKBOX>
		<SD>[0.007088575953707225, 0.010977370650510535, 0.012540005230783132, 0.017915529204331183, 0.009106475388604075, 0.007057468392454432]</SD>
		<WAVELENGTH_UNIT>E-6m</WAVELENGTH_UNIT>
		<COLOR>#bb0a81</COLOR>
		<COVARIANCE_MATRIX>[[5.076064281730778e-05, 7.434055106825069e-05, 8.065283711999438e-05, 1.4856604647760652e-05, 2.655520440896048e-05, 2.083851788677935e-05], [7.434055106825069e-05, 0.00012173228544357484, 0.00013600949369075462, 6.519133292832507e-05, 3.91249059424259e-05, 3.2904090531521884e-05], [8.065283711999438e-05, 0.00013600949369075462, 0.00015885634068998742, 9.966245140520383e-05, 4.704243261885416e-05, 3.8393665191002815e-05], [1.4856604647760652e-05, 6.519133292832507e-05, 9.966245140520383e-05, 0.0003242413518413583, 4.0489461239541344e-05, 3.335909282921082e-05], [2.655520440896048e-05, 3.91249059424259e-05, 4.704243261885416e-05, 4.0489461239541344e-05, 8.377409700328488e-05, 6.296298366302553e-05], [2.083851788677935e-05, 3.2904090531521884e-05, 3.8393665191002815e-05, 3.335909282921082e-05, 6.296298366302553e-05, 5.031610358100859e-05]]</COVARIANCE_MATRIX>
		<ROI_SIZE>99</ROI_SIZE>
		<MAX_VALUE>[0.10837636888027191, 0.11592717468738556, 0.1004924401640892, 0.08544633537530899, 0.058629848062992096, 0.04896923899650574]</MAX_VALUE>
		<MIN_VALUE>[0.07148288190364838, 0.05621468648314476, 0.037531979382038116, 0.020542649552226067, 0.004164049401879311, 0.005663106683641672]</MIN_VALUE>
		<SIGNATURE_THRESHOLD_MD>0</SIGNATURE_THRESHOLD_MD>
		<SIGNATURE_THRESHOLD_ML>0</SIGNATURE_THRESHOLD_ML>
		<SIGNATURE_THRESHOLD_SAM>0</SIGNATURE_THRESHOLD_SAM>
	</signature>
	<signature ID="20211203_142837892259_200">
		<MACROCLASSID>1</MACROCLASSID>
		<MACROCLASSINFO>waterbody</MACROCLASSINFO>
		<CLASSID>16</CLASSID>
		<CLASSINFO>C 1</CLASSINFO>
		<VALUES>[0.12899810035120352, 0.006895561839556506, 0.13864961271033138, 0.012145789022365225, 0.1405665916475384, 0.01806962911448048, 0.0835673736577684, 0.016852511036194964, 0.014532449564924752, 0.010434211420883069, 0.011720411190198676, 0.008302356292689864]</VALUES>
