<?xml version="1.0" ?>
<signaturelist MCID_LIST="[['1', 'waterbody', '#000000'], ['2', 'vegetation', '#000000'], ['3', 'bareland', '#000000'], ['4', 'built-up', '#000000']]">
	<signature ID="20211224_090331383537_418">
		<MACROCLASSID>1</MACROCLASSID>
		<MACROCLASSINFO>waterbody</MACROCLASSINFO>
		<CLASSID>1</CLASSID>
		<CLASSINFO>C 1</CLASSINFO>
		<VALUES>[0.07740496150469205, 0.0008591046162800558, 0.04938632017447683, 0.001243075882328458, 0.031598356982154914, 0.0014699584258939715, 0.016132374335588173, 0.0017708140536418868, 0.0069928430374614735, 0.0016464257708399095, 0.005168830958669544, 0.0013900226319446278]</VALUES>
		<LCS_MIN>[0.07584124058485031, 0.04769226908683777, 0.030231012031435966, 0.01385240163654089, 0.004275086801499128, 0.0028037861920893192]</LCS_MIN>
		<LCS_MAX>[0.09172017127275467, 0.07703494280576706, 0.060101136565208435, 0.05257808417081833, 0.04263987019658089, 0.03639381006360054]</LCS_MAX>
		<WAVELENGTH>[0.48, 0.56, 0.655, 0.865, 1.61, 2.2]</WAVELENGTH>
		<MEAN_VALUE>[0.07740496150469205, 0.04938632017447683, 0.031598356982154914, 0.016132374335588173, 0.0069928430374614735, 0.005168830958669544]</MEAN_VALUE>
		<CHECKBOX>2</CHECKBOX>
		<SD>[0.0008591046162800558, 0.001243075882328458, 0.0014699584258939715, 0.0017708140536418868, 0.0016464257708399095, 0.0013900226319446278]</SD>
		<WAVELENGTH_UNIT>E-6m</WAVELENGTH_UNIT>
		<COLOR>#d253d2</COLOR>
		<COVARIANCE_MATRIX>[[5.571220888048234e-07, 6.948582462052693e-07, 8.314661264522088e-07, 9.573118788060728e-07, 8.607998184981837e-07, 7.129590708791563e-07], [6.948582462052693e-07, 1.1816618629083393e-06, 1.2614119316248936e-06, 1.4519491525442005e-06, 1.3174422958272715e-06, 1.0720783966764296e-06], [8.314661264522088e-07, 1.2614119316248936e-06, 1.5821687134443204e-06, 1.7704026061893501e-06, 1.6018709690867882e-06, 1.2847001033976805e-06], [9.573118788060728e-07, 1.4519491525442005e-06, 1.7704026061893501e-06, 2.36490400710493e-06, 1.973515725617348e-06, 1.6183897378754352e-06], [8.607998184981837e-07, 1.3174422958272715e-06, 1.6018709690867882e-06, 1.973515725617348e-06, 1.949886028066364e-06, 1.5017998153391332e-06], [7.129590708791563e-07, 1.0720783966764296e-06, 1.2847001033976805e-06, 1.6183897378754352e-06, 1.5017998153391332e-06, 1.2978205737919583e-06]]</COVARIANCE_MATRIX>
		<ROI_SIZE>10085</ROI_SIZE>
		<MAX_VALUE>[0.09172017127275467, 0.07703494280576706, 0.060101136565208435, 0.05257808417081833, 0.04263987019658089, 0.03639381006360054]</MAX_VALUE>
		<MIN_VALUE>[0.07584124058485031, 0.04769226908683777, 0.030231012031435966, 0.01385240163654089, 0.004275086801499128, 0.0028037861920893192]</MIN_VALUE>
		<SIGNATURE_THRESHOLD_MD>0</SIGNATURE_THRESHOLD_MD>
		<SIGNATURE_THRESHOLD_ML>0</SIGNATURE_THRESHOLD_ML>
		<SIGNATURE_THRESHOLD_SAM>0</SIGNATURE_THRESHOLD_SAM>
	</signature>
	<signature ID="20211224_090337456803_290">
		<MACROCLASSID>1</MACROCLASSID>
		<MACROCLASSINFO>waterbody</MACROCLASSINFO>
		<CLASSID>2</CLASSID>
		<CLASSINFO>C 1</CLASSINFO>
		<VALUES>[0.09473915663800499, 0.004814235383503928, 0.08300045923900232, 0.010257042489820704, 0.05820132779722758, 0.010921350550706848, 0.03030212951441433, 0.01139401585241295, 0.020967553198236486, 0.010732345479752822, 0.016040523041963815, 0.007742937944124008]</VALUES>
		<LCS_MIN>[0.0808936357498169, 0.05460458993911743, 0.03764302656054497, 0.015351458452641964, 0.008328098803758621, 0.006301593035459518]</LCS_MIN>
		<LCS_MAX>[0.10693283379077911, 0.10560032725334167, 0.08919397741556168, 0.0664304867386818, 0.05579827353358269, 0.04610992968082428]</LCS_MAX>
		<WAVELENGTH>[0.48, 0.56, 0.655, 0.865, 1.61, 2.2]</WAVELENGTH>
		<MEAN_VALUE>[0.09473915663800499, 0.08300045923900232, 0.05820132779722758, 0.03030212951441433, 0.020967553198236486, 0.016040523041963815]</MEAN_VALUE>
		<CHECKBOX>2</CHECKBOX>
		<SD>[0.004814235383503928, 0.010257042489820704, 0.010921350550706848, 0.01139401585241295, 0.010732345479752822, 0.007742937944124008]</SD>
		<WAVELENGTH_UNIT>E-6m</WAVELENGTH_UNIT>
		<COLOR>#f3023a</COLOR>
		<COVARIANCE_MATRIX>[[2.3221865943951663e-05, 4.8564918759934666e-05, 4.9131150241146754e-05, 1.098740457886394e-05, 1.0511075949496356e-05, 1.1247857998593612e-05], [4.8564918759934666e-05, 0.00010541120592077938, 0.00010239333305681027, 1.3204492856624904e-05, 1.3605552832758217e-05, 1.669263914226092e-05], [4.9131150241146754e-05, 0.00010239333305681027, 0.00011950750153657316, 5.301200820288857e-05, 5.155649536696792e-05, 4.270731221201809e-05], [1.098740457886394e-05, 1.3204492856624904e-05, 5.301200820288857e-05, 0.00013007568189988219, 0.00011084845989804942, 8.271422300738415e-05], [1.0511075949496356e-05, 1.3605552832758217e-05, 5.155649536696792e-05, 0.00011084845989804942, 0.0001154068962724928, 7.847887145485979e-05], [1.1247857998593612e-05, 1.669263914226092e-05, 4.270731221201809e-05, 8.271422300738415e-05, 7.847887145485979e-05, 6.006950176967484e-05]]</COVARIANCE_MATRIX>
		<ROI_SIZE>516</ROI_SIZE>
		<MAX_VALUE>[0.10693283379077911, 0.10560032725334167, 0.08919397741556168, 0.0664304867386818, 0.05579827353358269, 0.04610992968082428]</MAX_VALUE>
		<MIN_VALUE>[0.0808936357498169, 0.05460458993911743, 0.03764302656054497, 0.015351458452641964, 0.008328098803758621, 0.006301593035459518]</MIN_VALUE>
		<SIGNATURE_THRESHOLD_MD>0</SIGNATURE_THRESHOLD_MD>
		<SIGNATURE_THRESHOLD_ML>0</SIGNATURE_THRESHOLD_ML>
		<SIGNATURE_THRESHOLD_SAM>0</SIGNATURE_THRESHOLD_SAM>
	</signature>
	<signature ID="20211224_090342767404_926">
		<MACROCLASSID>1</MACROCLASSID>
		<MACROCLASSINFO>waterbody</MACROCLASSINFO>
		<CLASSID>3</CLASSID>
		<CLASSINFO>C 1</CLASSINFO>
		<VALUES>[0.07635995421643883, 0.0008593435995931462, 0.050310455346947974, 0.0018880208177907884, 0.030958261080644877, 0.0021668202719670984, 0.015695418780770062, 0.0034521690932501924, 0.006977232610967306, 0.0035482571543930795, 0.004959871479457359, 0.002770144763502368]</VALUES>
		<LCS_MIN>[0.07492516934871674, 0.04805314540863037, 0.028371067717671394, 0.011936943046748638, 0.001804421772249043, 0.0002220741007477045]</LCS_MIN>
		<LCS_MAX>[0.08655674755573273, 0.07387027144432068, 0.06407085806131363, 0.0544380284845829, 0.04527710750699043, 0.04016921669244766]</LCS_MAX>
		<WAVELENGTH>[0.48, 0.56, 0.655, 0.865, 1.61, 2.2]</WAVELENGTH>
		<MEAN_VALUE>[0.07635995421643883, 0.050310455346947974, 0.030958261080644877, 0.015695418780770062, 0.006977232610967306, 0.004959871479457359]</MEAN_VALUE>
		<CHECKBOX>2</CHECKBOX>
		<SD>[0.0008593435995931462, 0.0018880208177907884, 0.0021668202719670984, 0.0034521690932501924, 0.0035482571543930795, 0.002770144763502368]</SD>
		<WAVELENGTH_UNIT>E-6m</WAVELENGTH_UNIT>
		<COLOR>#927be3</COLOR>
		<COVARIANCE_MATRIX>[[9.25488111139267e-07, 1.9569497782609787e-06, 2.094883684530622e-06, 2.801813772667478e-06, 2.821186264514243e-06, 2.2090065552063094e-06], [1.9569497782609787e-06, 4.742195966960997e-06, 4.895912582753787e-06, 6.334898970829377e-06, 6.340671731040436e-06, 4.9452330488906764e-06], [2.094883684530622e-06, 4.895912582753787e-06, 5.831748811881305e-06, 7.898186635245213e-06, 7.90782444919719e-06, 6.014455201140792e-06], [2.801813772667478e-06, 6.334898970829377e-06, 7.898186635245213e-06, 1.2852543005984891e-05, 1.2019155909093654e-05, 9.154889199860357e-06], [2.821186264514243e-06, 6.340671731040436e-06, 7.90782444919719e-06, 1.2019155909093654e-05, 1.2708780616647292e-05, 9.578273879020647e-06], [2.2090065552063094e-06, 4.9452330488906764e-06, 6.014455201140792e-06, 9.154889199860357e-06, 9.578273879020647e-06, 7.72865868861198e-06]]</COVARIANCE_MATRIX>
		<ROI_SIZE>6504</ROI_SIZE>
		<MAX_VALUE>[0.08655674755573273, 0.07387027144432068, 0.06407085806131363, 0.0544380284845829, 0.04527710750699043, 0.04016921669244766]</MAX_VALUE>
		<MIN_VALUE>[0.07492516934871674, 0.04805314540863037, 0.028371067717671394, 0.011936943046748638, 0.001804421772249043, 0.0002220741007477045]</MIN_VALUE>
		<SIGNATURE_THRESHOLD_MD>0</SIGNATURE_THRESHOLD_MD>
		<SIGNATURE_THRESHOLD_ML>0</SIGNATURE_THRESHOLD_ML>
		<SIGNATURE_THRESHOLD_SAM>0</SIGNATURE_THRESHOLD_SAM>
	</signature>
	<signature ID="20211224_090346039802_710">
		<MACROCLASSID>1</MACROCLASSID>
		<MACROCLASSINFO>waterbody</MACROCLASSINFO>
		<CLASSID>4</CLASSID>
		<CLASSINFO>C 1</CLASSINFO>
		<VALUES>[0.07832844193802146, 0.000947188342868297, 0.05294426840900036, 0.0023239169859154006, 0.032944201865806766, 0.002461607936795705, 0.01747828284293565, 0.003832540451989119, 0.008543964169516239, 0.0037446398123855496, 0.0062242398789281875, 0.002682086254424975]</VALUES>
		<LCS_MIN>[0.07631316781044006, 0.04985757917165756, 0.030619647353887558, 0.011048614978790283, 0.0, 0.00371988071128726]</LCS_MIN>
		<LCS_MAX>[0.08919397741556168, 0.07536931335926056, 0.06284941732883453, 0.05657556280493736, 0.045415911823511124, 0.03442281857132912]</LCS_MAX>
		<WAVELENGTH>[0.48, 0.56, 0.655, 0.865, 1.61, 2.2]</WAVELENGTH>
		<MEAN_VALUE>[0.07832844193802146, 0.05294426840900036, 0.032944201865806766, 0.01747828284293565, 0.008543964169516239, 0.0062242398789281875]</MEAN_VALUE>
		<CHECKBOX>2</CHECKBOX>
		<SD>[0.000947188342868297, 0.0023239169859154006, 0.002461607936795705, 0.003832540451989119, 0.0037446398123855496, 0.002682086254424975]</SD>
		<WAVELENGTH_UNIT>E-6m</WAVELENGTH_UNIT>
		<COLOR>#b37cc6</COLOR>
		<COVARIANCE_MATRIX>[[1.0551564605299878e-06, 2.391411909402483e-06, 2.5412049741765606e-06, 3.0422033269860517e-06, 2.944487616149017e-06, 2.1142921195953012e-06], [2.391411909402483e-06, 6.434946504956832e-06, 6.281020938953612e-06, 7.40139685546158e-06, 7.440990088961071e-06, 5.2465883493849086e-06], [2.5412049741765606e-06, 6.281020938953612e-06, 7.036894606569879e-06, 8.623379383042756e-06, 8.593530134089763e-06, 6.028633627686571e-06], [3.0422033269860517e-06, 7.40139685546158e-06, 8.623379383042756e-06, 1.3395859017951765e-05, 1.2055981588468643e-05, 8.861671355937921e-06], [2.944487616149017e-06, 7.440990088961071e-06, 8.593530134089763e-06, 1.2055981588468643e-05, 1.2822786970806908e-05, 8.832718896916095e-06], [2.1142921195953012e-06, 5.2465883493849086e-06, 6.028633627686571e-06, 8.861671355937921e-06, 8.832718896916095e-06, 6.6268903394882e-06]]</COVARIANCE_MATRIX>
		<ROI_SIZE>5493</ROI_SIZE>
		<MAX_VALUE>[0.08919397741556168, 0.07536931335926056, 0.06284941732883453, 0.05657556280493736, 0.045415911823511124, 0.03442281857132912]</MAX_VALUE>
		<MIN_VALUE>[0.07631316781044006, 0.04985757917165756, 0.030619647353887558, 0.011048614978790283, 0.0, 0.00371988071128726]</MIN_VALUE>
		<SIGNATURE_THRESHOLD_MD>0</SIGNATURE_THRESHOLD_MD>
		<SIGNATURE_THRESHOLD_ML>0</SIGNATURE_THRESHOLD_ML>
		<SIGNATURE_THRESHOLD_SAM>0</SIGNATURE_THRESHOLD_SAM>
	</signature>
	<signature ID="20211224_090351876369_493">
		<MACROCLASSID>1</MACROCLASSID>
		<MACROCLASSINFO>waterbody</MACROCLASSINFO>
		<CLASSID>5</CLASSID>
		<CLASSINFO>C 1</CLASSINFO>
		<VALUES>[0.098792154572884, 0.002936400676474925, 0.09478884333709485, 0.005513776213349531, 0.0701791430218523, 0.007291713873433577, 0.02255914116484134, 0.006638335804583975, 0.009675274416302273, 0.005418747843500739, 0.007174239657327253, 0.004048994173071881]</VALUES>
		<LCS_MIN>[0.08902741968631744, 0.07492516934871674, 0.04672066122293472, 0.013102877885103226, 0.004275086801499128, 0.004025245551019907]</LCS_MIN>
		<LCS_MAX>[0.10421232879161835, 0.10460096597671509, 0.09455171972513199, 0.059768013656139374, 0.0461932010948658, 0.035505473613739014]</LCS_MAX>
		<WAVELENGTH>[0.48, 0.56, 0.655, 0.865, 1.61, 2.2]</WAVELENGTH>
		<MEAN_VALUE>[0.098792154572884, 0.09478884333709485, 0.0701791430218523, 0.02255914116484134, 0.009675274416302273, 0.007174239657327253]</MEAN_VALUE>
		<CHECKBOX>2</CHECKBOX>
		<SD>[0.002936400676474925, 0.005513776213349531, 0.007291713873433577, 0.006638335804583975, 0.005418747843500739, 0.004048994173071881]</SD>
		<WAVELENGTH_UNIT>E-6m</WAVELENGTH_UNIT>
		<COLOR>#f077e8</COLOR>
		<COVARIANCE_MATRIX>[[8.649258515076175e-06, 1.5742762690321302e-05, 2.134908497218259e-05, 2.9561356135337056e-06, -5.076548973182094e-09, 4.2858926698354734e-09], [1.5742762690321302e-05, 3.338191200035468e-05, 4.428415848176643e-05, 6.552137618172623e-06, -7.884047673347499e-08, 9.981972108307496e-08], [2.134908497218259e-05, 4.428415848176643e-05, 6.1655712336152e-05, 1.4632430075057132e-05, 4.374782238815575e-06, 3.3154256729423394e-06], [2.9561356135337056e-06, 6.552137618172623e-06, 1.4632430075057132e-05, 3.7817233594638696e-05, 2.8492092847758014e-05, 2.0070107936344534e-05], [-5.076548973182094e-09, -7.884047673347499e-08, 4.374782238815575e-06, 2.8492092847758014e-05, 2.5569829008081815e-05, 1.8658326426883685e-05], [4.2858926698354734e-09, 9.981972108307496e-08, 3.3154256729423394e-06, 2.0070107936344534e-05, 1.8658326426883685e-05, 1.4542109833559405e-05]]</COVARIANCE_MATRIX>
		<ROI_SIZE>3714</ROI_SIZE>
		<MAX_VALUE>[0.10421232879161835, 0.10460096597671509, 0.09455171972513199, 0.059768013656139374, 0.0461932010948658, 0.035505473613739014]</MAX_VALUE>
		<MIN_VALUE>[0.08902741968631744, 0.07492516934871674, 0.04672066122293472, 0.013102877885103226, 0.004275086801499128, 0.004025245551019907]</MIN_VALUE>
		<SIGNATURE_THRESHOLD_MD>0</SIGNATURE_THRESHOLD_MD>
		<SIGNATURE_THRESHOLD_ML>0</SIGNATURE_THRESHOLD_ML>
		<SIGNATURE_THRESHOLD_SAM>0</SIGNATURE_THRESHOLD_SAM>
	</signature>
	<signature ID="20211224_090413161514_999">
		<MACROCLASSID>1</MACROCLASSID>
		<MACROCLASSINFO>waterbody</MACROCLASSINFO>
		<CLASSID>6</CLASSID>
		<CLASSINFO>C 1</CLASSINFO>
		<VALUES>[0.09783087668277454, 0.003649674650005721, 0.08961066231131555, 0.006966474488655878, 0.07534965678291805, 0.007914355302064042, 0.029313927803630555, 0.009496705878504643, 0.01623730104400824, 0.009835814451167125, 0.011599724306488179, 0.006476883445512799]</VALUES>
		<LCS_MIN>[0.07892264425754547, 0.0527724027633667, 0.040724411606788635, 0.013685841113328934, 0.005385498516261578, 0.004941340070217848]</LCS_MIN>
		<LCS_MAX>[0.10765460878610611, 0.10418455302715302, 0.0972999855875969, 0.06348790973424911, 0.050468288362026215, 0.04158499091863632]</LCS_MAX>
		<WAVELENGTH>[0.48, 0.56, 0.655, 0.865, 1.61, 2.2]</WAVELENGTH>
		<MEAN_VALUE>[0.09783087668277454, 0.08961066231131555, 0.07534965678291805, 0.029313927803630555, 0.01623730104400824, 0.011599724306488179]</MEAN_VALUE>
		<CHECKBOX>2</CHECKBOX>
		<SD>[0.003649674650005721, 0.006966474488655878, 0.007914355302064042, 0.009496705878504643, 0.009835814451167125, 0.006476883445512799]</SD>
		<WAVELENGTH_UNIT>E-6m</WAVELENGTH_UNIT>
		<COLOR>#39f6d3</COLOR>
		<COVARIANCE_MATRIX>[[1.0850289063625419e-05, 1.9502725172715954e-05, 2.2659723250541347e-05, -1.3220291421824632e-06, -4.121366386853004e-06, -1.8587022915375432e-06], [1.9502725172715954e-05, 3.8174417624251354e-05, 3.998610616705468e-05, -8.225850345530669e-06, -1.2258094166259002e-05, -6.871475072963752e-06], [2.2659723250541347e-05, 3.998610616705468e-05, 5.161640082556946e-05, 8.475212539453313e-06, 3.570901996519153e-06, 3.531322298150937e-06], [-1.3220291421824632e-06, -8.225850345530669e-06, 8.475212539453313e-06, 7.846291085644582e-05, 7.195246587950951e-05, 5.058340492680271e-05], [-4.121366386853004e-06, -1.2258094166259002e-05, 3.570901996519153e-06, 7.195246587950951e-05, 8.374280922042777e-05, 5.318806442450884e-05], [-1.8587022915375432e-06, -6.871475072963752e-06, 3.531322298150937e-06, 5.058340492680271e-05, 5.318806442450884e-05, 3.7757017246775295e-05]]</COVARIANCE_MATRIX>
		<ROI_SIZE>879</ROI_SIZE>
		<MAX_VALUE>[0.10765460878610611, 0.10418455302715302, 0.0972999855875969, 0.06348790973424911, 0.050468288362026215, 0.04158499091863632]</MAX_VALUE>
		<MIN_VALUE>[0.07892264425754547, 0.0527724027633667, 0.040724411606788635, 0.013685841113328934, 0.005385498516261578, 0.004941340070217848]</MIN_VALUE>
		<SIGNATURE_THRESHOLD_MD>0</SIGNATURE_THRESHOLD_MD>
		<SIGNATURE_THRESHOLD_ML>0</SIGNATURE_THRESHOLD_ML>
		<SIGNATURE_THRESHOLD_SAM>0</SIGNATURE_THRESHOLD_SAM>
	</signature>
	<signature ID="20211224_090427860822_801">
		<MACROCLASSID>1</MACROCLASSID>
		<MACROCLASSINFO>waterbody</MACROCLASSINFO>
		<CLASSID>7</CLASSID>
		<CLASSINFO>C 1</CLASSINFO>
		<VALUES>[0.09495862733825465, 0.004515984246370662, 0.08591227668576532, 0.009365267125043758, 0.07354393806912905, 0.00913820128094178, 0.032065729041938246, 0.01009980248860619, 0.01640840385323474, 0.00801766189028249, 0.01039038766120564, 0.004374722828806847]</VALUES>
		<LCS_MIN>[0.07684062421321869, 0.050412774085998535, 0.03836478292942047, 0.02051488310098648, 0.0053022182546556, 0.005441022105515003]</LCS_MIN>
		<LCS_MAX>[0.10071451216936111, 0.09560661762952805, 0.0894993469119072, 0.06454278528690338, 0.04316733032464981, 0.029537001624703407]</LCS_MAX>
		<WAVELENGTH>[0.48, 0.56, 0.655, 0.865, 1.61, 2.2]</WAVELENGTH>
		<MEAN_VALUE>[0.09495862733825465, 0.08591227668576532, 0.07354393806912905, 0.032065729041938246, 0.01640840385323474, 0.01039038766120564]</MEAN_VALUE>
		<CHECKBOX>2</CHECKBOX>
		<SD>[0.004515984246370662, 0.009365267125043758, 0.00913820128094178, 0.01009980248860619, 0.00801766189028249, 0.004374722828806847]</SD>
		<WAVELENGTH_UNIT>E-6m</WAVELENGTH_UNIT>
		<COLOR>#aaeabc</COLOR>
		<COVARIANCE_MATRIX>[[2.045445132800489e-05, 4.200470214536121e-05, 4.0618425158504034e-05, -1.316571670935198e-05, -1.5601898875399988e-05, -8.285745931935988e-06], [4.200470214536121e-05, 8.796772012319865e-05, 8.38978170321183e-05, -2.7947271452486278e-05, -3.339520089221105e-05, -1.7907395500078752e-05], [4.0618425158504034e-05, 8.38978170321183e-05, 8.375378396062451e-05, -1.729269574474474e-05, -2.3317896649391956e-05, -1.2095027571001999e-05], [-1.316571670935198e-05, -2.7947271452486278e-05, -1.729269574474474e-05, 0.00010230780323876362, 7.37576004256932e-05, 4.028282143576136e-05], [-1.5601898875399988e-05, -3.339520089221105e-05, -2.3317896649391956e-05, 7.37576004256932e-05, 6.447308828803279e-05, 3.317256093263297e-05], [-8.285745931935988e-06, -1.7907395500078752e-05, -1.2095027571001999e-05, 4.028282143576136e-05, 3.317256093263297e-05, 1.9194821721868646e-05]]</COVARIANCE_MATRIX>
		<ROI_SIZE>339</ROI_SIZE>
		<MAX_VALUE>[0.10071451216936111, 0.09560661762952805, 0.0894993469119072, 0.06454278528690338, 0.04316733032464981, 0.029537001624703407]</MAX_VALUE>
		<MIN_VALUE>[0.07684062421321869, 0.050412774085998535, 0.03836478292942047, 0.02051488310098648, 0.0053022182546556, 0.005441022105515003]</MIN_VALUE>
		<SIGNATURE_THRESHOLD_MD>0</SIGNATURE_THRESHOLD_MD>
		<SIGNATURE_THRESHOLD_ML>0</SIGNATURE_THRESHOLD_ML>
		<SIGNATURE_THRESHOLD_SAM>0</SIGNATURE_THRESHOLD_SAM>
	</signature>
	<signature ID="20211224_090432757235_938">
		<MACROCLASSID>1</MACROCLASSID>
		<MACROCLASSINFO>waterbody</MACROCLASSINFO>
		<CLASSID>8</CLASSID>
		<CLASSINFO>C 1</CLASSINFO>
		<VALUES>[0.09220237804706705, 0.0055055259763191105, 0.081355573063673, 0.01145316990219736, 0.06711395809123687, 0.011440590446611363, 0.031877217160234644, 0.01155262820515422, 0.018304862972175633, 0.009937477092629514, 0.011748859901414369, 0.005537040791920578]</VALUES>
		<LCS_MIN>[0.07495292276144028, 0.047053780406713486, 0.03261839598417282, 0.008633463643491268, 0.006967836059629917, 0.0056075830943882465]</LCS_MIN>
		<LCS_MAX>[0.10029812157154083, 0.093913234770298, 0.08361414074897766, 0.06662482768297195, 0.052106160670518875, 0.03836478292942047]</LCS_MAX>
		<WAVELENGTH>[0.48, 0.56, 0.655, 0.865, 1.61, 2.2]</WAVELENGTH>
		<MEAN_VALUE>[0.09220237804706705, 0.081355573063673, 0.06711395809123687, 0.031877217160234644, 0.018304862972175633, 0.011748859901414369]</MEAN_VALUE>
		<CHECKBOX>2</CHECKBOX>
		<SD>[0.0055055259763191105, 0.01145316990219736, 0.011440590446611363, 0.01155262820515422, 0.009937477092629514, 0.005537040791920578]</SD>
		<WAVELENGTH_UNIT>E-6m</WAVELENGTH_UNIT>
		<COLOR>#1469b2</COLOR>
		<COVARIANCE_MATRIX>[[3.0357882760825116e-05, 6.118146631419178e-05, 6.232631695936091e-05, 2.921728270205602e-07, -8.506925084382159e-06, -6.4296353222141835e-06], [6.118146631419178e-05, 0.00013137878885333322, 0.00012739520699733608, -4.821182600288462e-06, -2.3497529813226008e-05, -1.6904530982666594e-05], [6.232631695936091e-05, 0.00012739520699733608, 0.0001310903506207706, 1.1740359484028406e-05, -8.68279325621491e-06, -9.42518200412182e-06], [2.921728270205602e-07, -4.821182600288462e-06, 1.1740359484028406e-05, 0.00013367045946895725, 0.00010600481541289596, 5.5455746920580375e-05], [-8.506925084382159e-06, -2.3497529813226008e-05, -8.68279325621491e-06, 0.00010600481541289596, 9.890679483449673e-05, 5.190136816320358e-05], [-6.4296353222141835e-06, -1.6904530982666594e-05, -9.42518200412182e-06, 5.5455746920580375e-05, 5.190136816320358e-05, 3.070642759588222e-05]]</COVARIANCE_MATRIX>
		<ROI_SIZE>645</ROI_SIZE>
		<MAX_VALUE>[0.10029812157154083, 0.093913234770298, 0.08361414074897766, 0.06662482768297195, 0.052106160670518875, 0.03836478292942047]</MAX_VALUE>
		<MIN_VALUE>[0.07495292276144028, 0.047053780406713486, 0.03261839598417282, 0.008633463643491268, 0.006967836059629917, 0.0056075830943882465]</MIN_VALUE>
		<SIGNATURE_THRESHOLD_MD>0</SIGNATURE_THRESHOLD_MD>
		<SIGNATURE_THRESHOLD_ML>0</SIGNATURE_THRESHOLD_ML>
		<SIGNATURE_THRESHOLD_SAM>0</SIGNATURE_THRESHOLD_SAM>
	</signature>
	<signature ID="20211224_090440149685_421">
		<MACROCLASSID>1</MACROCLASSID>
		<MACROCLASSINFO>waterbody</MACROCLASSINFO>
		<CLASSID>9</CLASSID>
		<CLASSINFO>C 1</CLASSINFO>
		<VALUES>[0.09700851049274206, 0.00652188690792174, 0.08271788366671119, 0.00897065827159786, 0.07335768966004252, 0.013991071107735025, 0.054209003989983885, 0.024882909660693647, 0.0394786721361535, 0.022873253073941054, 0.032316006753327596, 0.01805916705795233]</VALUES>
		<LCS_MIN>[0.08816684037446976, 0.07034469395875931, 0.05593707785010338, 0.019015826284885406, 0.00979939941316843, 0.008272575214505196]</LCS_MIN>
		<LCS_MAX>[0.11279025673866272, 0.10460096597671509, 0.10168612003326416, 0.1004091426730156, 0.08428038656711578, 0.06815163046121597]</LCS_MAX>
		<WAVELENGTH>[0.48, 0.56, 0.655, 0.865, 1.61, 2.2]</WAVELENGTH>
		<MEAN_VALUE>[0.09700851049274206, 0.08271788366671119, 0.07335768966004252, 0.054209003989983885, 0.0394786721361535, 0.032316006753327596]</MEAN_VALUE>
		<CHECKBOX>2</CHECKBOX>
		<SD>[0.00652188690792174, 0.00897065827159786, 0.013991071107735025, 0.024882909660693647, 0.022873253073941054, 0.01805916705795233]</SD>
		<WAVELENGTH_UNIT>E-6m</WAVELENGTH_UNIT>
		<COLOR>#5a2851</COLOR>
		<COVARIANCE_MATRIX>[[4.3308372636806875e-05, 5.562030241917408e-05, 8.524246189470428e-05, 0.00015093882665065137, 0.00013740603602949633, 0.0001106990602605782], [5.562030241917408e-05, 8.193585000443773e-05, 0.00012498427955571708, 0.000211065710178915, 0.00019453655009780027, 0.00015443839771880918], [8.524246189470428e-05, 0.00012498427955571708, 0.00019930916293700116, 0.0003384514983334509, 0.0003111605584966721, 0.00024248712579990443], [0.00015093882665065137, 0.000211065710178915, 0.0003384514983334509, 0.0006304166330582821, 0.0005668034814268592, 0.0004412153687335176], [0.00013740603602949633, 0.00019453655009780027, 0.0003111605584966721, 0.0005668034814268592, 0.0005326981735697276, 0.0004137241848635962], [0.0001106990602605782, 0.00015443839771880918, 0.00024248712579990443, 0.0004412153687335176, 0.0004137241848635962, 0.00033206321509661295]]</COVARIANCE_MATRIX>
		<ROI_SIZE>56</ROI_SIZE>
		<MAX_VALUE>[0.11279025673866272, 0.10460096597671509, 0.10168612003326416, 0.1004091426730156, 0.08428038656711578, 0.06815163046121597]</MAX_VALUE>
		<MIN_VALUE>[0.08816684037446976, 0.07034469395875931, 0.05593707785010338, 0.019015826284885406, 0.00979939941316843, 0.008272575214505196]</MIN_VALUE>
		<SIGNATURE_THRESHOLD_MD>0</SIGNATURE_THRESHOLD_MD>
		<SIGNATURE_THRESHOLD_ML>0</SIGNATURE_THRESHOLD_ML>
		<SIGNATURE_THRESHOLD_SAM>0</SIGNATURE_THRESHOLD_SAM>
	</signature>
	<signature ID="20211224_090444896937_191">
		<MACROCLASSID>1</MACROCLASSID>
		<MACROCLASSINFO>waterbody</MACROCLASSINFO>
		<CLASSID>10</CLASSID>
		<CLASSINFO>C 1</CLASSINFO>
		<VALUES>[0.09269713427413973, 0.004324119629827868, 0.07603118790869126, 0.0057672914339205105, 0.06401583003370383, 0.008350853791192863, 0.03659543086235461, 0.01579252379188283, 0.024587378167269518, 0.01503882183706956, 0.021149966396031936, 0.01239997830769]</VALUES>
		<LCS_MIN>[0.08633465319871902, 0.0652090460062027, 0.048747144639492035, 0.011770381592214108, 0.0, 0.001193692209199071]</LCS_MIN>
		<LCS_MAX>[0.1038791835308075, 0.09135928750038147, 0.08428038656711578, 0.07409234344959259, 0.060156650841236115, 0.051745280623435974]</LCS_MAX>
		<WAVELENGTH>[0.48, 0.56, 0.655, 0.865, 1.61, 2.2]</WAVELENGTH>
		<MEAN_VALUE>[0.09269713427413973, 0.07603118790869126, 0.06401583003370383, 0.03659543086235461, 0.024587378167269518, 0.021149966396031936]</MEAN_VALUE>
		<CHECKBOX>2</CHECKBOX>
		<SD>[0.004324119629827868, 0.0057672914339205105, 0.008350853791192863, 0.01579252379188283, 0.01503882183706956, 0.01239997830769]</SD>
		<WAVELENGTH_UNIT>E-6m</WAVELENGTH_UNIT>
		<COLOR>#aa2220</COLOR>
		<COVARIANCE_MATRIX>[[1.9031903619010246e-05, 2.4067710498921417e-05, 3.4943260844476234e-05, 5.89223753966452e-05, 6.0943424417940546e-05, 5.12400452749815e-05], [2.4067710498921417e-05, 3.385560852812593e-05, 4.7176381826131724e-05, 7.827599565292354e-05, 8.034673779240457e-05, 6.675121340369857e-05], [3.4943260844476234e-05, 4.7176381826131724e-05, 7.098205831048512e-05, 0.00011953015651353632, 0.00012267896095598813, 0.00010185052261517687], [5.89223753966452e-05, 7.827599565292354e-05, 0.00011953015651353632, 0.00025385744714070626, 0.0002303576937739755, 0.00018247107101013627], [6.0943424417940546e-05, 8.034673779240457e-05, 0.00012267896095598813, 0.0002303576937739755, 0.00023020484371581877, 0.00018753531332447505], [5.12400452749815e-05, 6.675121340369857e-05, 0.00010185052261517687, 0.00018247107101013627, 0.00018753531332447505, 0.00015650516671031076]]</COVARIANCE_MATRIX>
		<ROI_SIZE>57</ROI_SIZE>
		<MAX_VALUE>[0.1038791835308075, 0.09135928750038147, 0.08428038656711578, 0.07409234344959259, 0.060156650841236115, 0.051745280623435974]</MAX_VALUE>
		<MIN_VALUE>[0.08633465319871902, 0.0652090460062027, 0.048747144639492035, 0.011770381592214108, 0.0, 0.001193692209199071]</MIN_VALUE>
		<SIGNATURE_THRESHOLD_MD>0</SIGNATURE_THRESHOLD_MD>
		<SIGNATURE_THRESHOLD_ML>0</SIGNATURE_THRESHOLD_ML>
		<SIGNATURE_THRESHOLD_SAM>0</SIGNATURE_THRESHOLD_SAM>
	</signature>
	<signature ID="20211224_090452998989_500">
		<MACROCLASSID>1</MACROCLASSID>
		<MACROCLASSINFO>waterbody</MACROCLASSINFO>
		<CLASSID>11</CLASSID>
		<CLASSINFO>C 1</CLASSINFO>
		<VALUES>[0.09793226074041991, 0.0064852481052745745, 0.08199591048318769, 0.007840425709670976, 0.07315950519565875, 0.011396721274048715, 0.06051993318672839, 0.020016373364394862, 0.04677234231976086, 0.018475594564836426, 0.037739222130641854, 0.015333404040603045]</VALUES>
		<LCS_MIN>[0.08694537729024887, 0.06876235455274582, 0.05463234707713127, 0.02290227822959423, 0.01374136470258236, 0.01152054127305746]</LCS_MIN>
		<LCS_MAX>[0.11467795819044113, 0.10007602721452713, 0.09630061686038971, 0.09632837772369385, 0.08167092502117157, 0.07123303413391113]</LCS_MAX>
		<WAVELENGTH>[0.48, 0.56, 0.655, 0.865, 1.61, 2.2]</WAVELENGTH>
		<MEAN_VALUE>[0.09793226074041991, 0.08199591048318769, 0.07315950519565875, 0.06051993318672839, 0.04677234231976086, 0.037739222130641854]</MEAN_VALUE>
		<CHECKBOX>2</CHECKBOX>
		<SD>[0.0064852481052745745, 0.007840425709670976, 0.011396721274048715, 0.020016373364394862, 0.018475594564836426, 0.015333404040603045]</SD>
		<WAVELENGTH_UNIT>E-6m</WAVELENGTH_UNIT>
		<COLOR>#67448f</COLOR>
		<COVARIANCE_MATRIX>[[4.279631040779143e-05, 4.7692584145006844e-05, 6.850613073526006e-05, 9.779827474039973e-05, 8.91089364794068e-05, 8.304339051273868e-05], [4.7692584145006844e-05, 6.25507362792007e-05, 8.810708636916308e-05, 0.00012082818865679697, 0.00011659199347024434, 0.00010615225024731531], [6.850613073526006e-05, 8.810708636916308e-05, 0.0001321639444965713, 0.00019853283866942863, 0.00017759252797558195, 0.00015849502769198765], [9.779827474039973e-05, 0.00012082818865679697, 0.00019853283866942863, 0.00040768424130606406, 0.00032655084754946594, 0.0002782658478807468], [8.91089364794068e-05, 0.00011659199347024434, 0.00017759252797558195, 0.00032655084754946594, 0.0003473361488141118, 0.0002805324526946829], [8.304339051273868e-05, 0.00010615225024731531, 0.00015849502769198765, 0.0002782658478807468, 0.0002805324526946829, 0.0002392380738490902]]</COVARIANCE_MATRIX>
		<ROI_SIZE>58</ROI_SIZE>
		<MAX_VALUE>[0.11467795819044113, 0.10007602721452713, 0.09630061686038971, 0.09632837772369385, 0.08167092502117157, 0.07123303413391113]</MAX_VALUE>
		<MIN_VALUE>[0.08694537729024887, 0.06876235455274582, 0.05463234707713127, 0.02290227822959423, 0.01374136470258236, 0.01152054127305746]</MIN_VALUE>
		<SIGNATURE_THRESHOLD_MD>0</SIGNATURE_THRESHOLD_MD>
		<SIGNATURE_THRESHOLD_ML>0</SIGNATURE_THRESHOLD_ML>
		<SIGNATURE_THRESHOLD_SAM>0</SIGNATURE_THRESHOLD_SAM>
	</signature>
	<signature ID="20211224_090536458376_341">
		<MACROCLASSID>1</MACROCLASSID>
		<MACROCLASSINFO>waterbody</MACROCLASSINFO>
		<CLASSID>12</CLASSID>
		<CLASSINFO>C 1</CLASSINFO>
		<VALUES>[0.09453610656782985, 0.0037316782311621307, 0.08034710166975857, 0.005758053030503098, 0.0730773585382849, 0.007775580510032207, 0.07637737062759697, 0.02252040816661389, 0.05100441898684949, 0.017088132812996076, 0.03928608377464116, 0.01186697127527865]</VALUES>
		<LCS_MIN>[0.08794476091861725, 0.07095542550086975, 0.058740872889757156, 0.04338940232992172, 0.024207018315792084, 0.018543900921940804]</LCS_MIN>
		<LCS_MAX>[0.10154733806848526, 0.08880532532930374, 0.08647345751523972, 0.1119852140545845, 0.08372519165277481, 0.058407749980688095]</LCS_MAX>
		<WAVELENGTH>[0.48, 0.56, 0.655, 0.865, 1.61, 2.2]</WAVELENGTH>
		<MEAN_VALUE>[0.09453610656782985, 0.08034710166975857, 0.0730773585382849, 0.07637737062759697, 0.05100441898684949, 0.03928608377464116]</MEAN_VALUE>
		<CHECKBOX>2</CHECKBOX>
		<SD>[0.0037316782311621307, 0.005758053030503098, 0.007775580510032207, 0.02252040816661389, 0.017088132812996076, 0.01186697127527865]</SD>
		<WAVELENGTH_UNIT>E-6m</WAVELENGTH_UNIT>
		<COLOR>#bbc7d1</COLOR>
		<COVARIANCE_MATRIX>[[1.4853783915657939e-05, 2.2120102411837584e-05, 2.8950935122311917e-05, 5.72767204185972e-05, 3.1500844760591557e-05, 3.0294178495367367e-05], [2.2120102411837584e-05, 3.5365519682224965e-05, 4.4451144455519864e-05, 9.52351632500382e-05, 4.92158757823541e-05, 4.616432590909975e-05], [2.8950935122311917e-05, 4.4451144455519864e-05, 6.449029575252554e-05, 0.0001512810653666788, 9.650549417590763e-05, 7.838798958319946e-05], [5.72767204185972e-05, 9.52351632500382e-05, 0.0001512810653666788, 0.0005409800362569491, 0.00034376607247531147, 0.0002381623593994912], [3.1500844760591557e-05, 4.92158757823541e-05, 9.650549417590763e-05, 0.00034376607247531147, 0.00031147123523689936, 0.0002085466536474048], [3.0294178495367367e-05, 4.616432590909975e-05, 7.838798958319946e-05, 0.0002381623593994912, 0.0002085466536474048, 0.00015021334106484106]]</COVARIANCE_MATRIX>
		<ROI_SIZE>16</ROI_SIZE>
		<MAX_VALUE>[0.10154733806848526, 0.08880532532930374, 0.08647345751523972, 0.1119852140545845, 0.08372519165277481, 0.058407749980688095]</MAX_VALUE>
		<MIN_VALUE>[0.08794476091861725, 0.07095542550086975, 0.058740872889757156, 0.04338940232992172, 0.024207018315792084, 0.018543900921940804]</MIN_VALUE>
		<SIGNATURE_THRESHOLD_MD>0</SIGNATURE_THRESHOLD_MD>
		<SIGNATURE_THRESHOLD_ML>0</SIGNATURE_THRESHOLD_ML>
		<SIGNATURE_THRESHOLD_SAM>0</SIGNATURE_THRESHOLD_SAM>
	</signature>
	<signature ID="20211224_090545456353_729">
		<MACROCLASSID>1</MACROCLASSID>
		<MACROCLASSINFO>waterbody</MACROCLASSINFO>
		<CLASSID>13</CLASSID>
		<CLASSINFO>C 1</CLASSINFO>
		<VALUES>[0.11996296279389282, 0.009257944230148838, 0.10989744755728492, 0.01109497366019273, 0.11369391299527268, 0.015063159695118464, 0.11822459050293624, 0.023031974730176603, 0.10878703280769546, 0.02586255331501767, 0.0867663826151141, 0.020526888512193395]</VALUES>
		<LCS_MIN>[0.10424008220434189, 0.09352458268404007, 0.09105392545461655, 0.081476591527462, 0.06620841473340988, 0.050523821264505386]</LCS_MIN>
		<LCS_MAX>[0.1361367106437683, 0.12786413729190826, 0.13530389964580536, 0.155291348695755, 0.14898976683616638, 0.11959155648946762]</LCS_MAX>
		<WAVELENGTH>[0.48, 0.56, 0.655, 0.865, 1.61, 2.2]</WAVELENGTH>
		<MEAN_VALUE>[0.11996296279389282, 0.10989744755728492, 0.11369391299527268, 0.11822459050293624, 0.10878703280769546, 0.0867663826151141]</MEAN_VALUE>
		<CHECKBOX>2</CHECKBOX>
		<SD>[0.009257944230148838, 0.01109497366019273, 0.015063159695118464, 0.023031974730176603, 0.02586255331501767, 0.020526888512193395]</SD>
		<WAVELENGTH_UNIT>E-6m</WAVELENGTH_UNIT>
		<COLOR>#ec1f51</COLOR>
		<COVARIANCE_MATRIX>[[8.877058606028001e-05, 0.00010116257872048705, 0.00013113237493374643, 0.00014733862579364515, 0.00015289543828163647, 0.00012087227595506504], [0.00010116257872048705, 0.0001274948133960979, 0.00017001734057320406, 0.00020801468329236642, 0.00021816042161261883, 0.00017270638220490014], [0.00013113237493374643, 0.00017001734057320406, 0.00023500230785780712, 0.0003144838116606921, 0.00033390242120731297, 0.0002624393053799551], [0.00014733862579364515, 0.00020801468329236642, 0.0003144838116606921, 0.0005494172835419044, 0.0006057729625950889, 0.0004734643132305673], [0.00015289543828163647, 0.00021816042161261883, 0.00033390242120731297, 0.0006057729625950889, 0.0006927599376854221, 0.0005451346602737745], [0.00012087227595506504, 0.00017270638220490014, 0.0002624393053799551, 0.0004734643132305673, 0.0005451346602737745, 0.0004364014788488748]]</COVARIANCE_MATRIX>
		<ROI_SIZE>29</ROI_SIZE>
		<MAX_VALUE>[0.1361367106437683, 0.12786413729190826, 0.13530389964580536, 0.155291348695755, 0.14898976683616638, 0.11959155648946762]</MAX_VALUE>
		<MIN_VALUE>[0.10424008220434189, 0.09352458268404007, 0.09105392545461655, 0.081476591527462, 0.06620841473340988, 0.050523821264505386]</MIN_VALUE>
		<SIGNATURE_THRESHOLD_MD>0</SIGNATURE_THRESHOLD_MD>
		<SIGNATURE_THRESHOLD_ML>0</SIGNATURE_THRESHOLD_ML>
		<SIGNATURE_THRESHOLD_SAM>0</SIGNATURE_THRESHOLD_SAM>
	</signature>
	<signature ID="20211224_090553016615_325">
		<MACROCLASSID>1</MACROCLASSID>
		<MACROCLASSINFO>waterbody</MACROCLASSINFO>
		<CLASSID>14</CLASSID>
		<CLASSINFO>C 1</CLASSINFO>
		<VALUES>[0.10569923021830618, 0.006481946460844954, 0.09395227045752107, 0.009021298170259815, 0.09335108799859881, 0.013502575974282447, 0.0984000009484589, 0.02737508678125267, 0.08306761347921564, 0.02753988414766001, 0.06470761838136241, 0.01980312677699091]</VALUES>
		<LCS_MIN>[0.09363562613725662, 0.0750361904501915, 0.06693018972873688, 0.04647080972790718, 0.02862090803682804, 0.026316804811358452]</LCS_MIN>
		<LCS_MAX>[0.11639910191297531, 0.11145777255296707, 0.11179089546203613, 0.1440206617116928, 0.13394363224506378, 0.10260221362113953]</LCS_MAX>
		<WAVELENGTH>[0.48, 0.56, 0.655, 0.865, 1.61, 2.2]</WAVELENGTH>
		<MEAN_VALUE>[0.10569923021830618, 0.09395227045752107, 0.09335108799859881, 0.0984000009484589, 0.08306761347921564, 0.06470761838136241]</MEAN_VALUE>
		<CHECKBOX>2</CHECKBOX>
		<SD>[0.006481946460844954, 0.009021298170259815, 0.013502575974282447, 0.02737508678125267, 0.02753988414766001, 0.01980312677699091]</SD>
		<WAVELENGTH_UNIT>E-6m</WAVELENGTH_UNIT>
		<COLOR>#69e699</COLOR>
		<COVARIANCE_MATRIX>[[4.3370972821946134e-05, 5.5347212568108125e-05, 8.804457535266391e-05, 0.00015491790096719754, 0.0001577674833206756, 0.00011187617183709449], [5.5347212568108125e-05, 8.400910521469217e-05, 0.0001146671478961339, 0.00019757738998004074, 0.00020858648834725245, 0.0001682053610086022], [8.804457535266391e-05, 0.0001146671478961339, 0.00018820083400389106, 0.0003311208554186585, 0.00033920007210658866, 0.0002356863126167298], [0.00015491790096719754, 0.00019757738998004074, 0.0003311208554186585, 0.0007735694206772792, 0.0007533456386542075, 0.00050101642453647], [0.0001577674833206756, 0.00020858648834725245, 0.00033920007210658866, 0.0007533456386542075, 0.0007829111936686816, 0.0005317957979106868], [0.00011187617183709449, 0.0001682053610086022, 0.0002356863126167298, 0.00050101642453647, 0.0005317957979106868, 0.00040481427627930264]]</COVARIANCE_MATRIX>
		<ROI_SIZE>32</ROI_SIZE>
		<MAX_VALUE>[0.11639910191297531, 0.11145777255296707, 0.11179089546203613, 0.1440206617116928, 0.13394363224506378, 0.10260221362113953]</MAX_VALUE>
		<MIN_VALUE>[0.09363562613725662, 0.0750361904501915, 0.06693018972873688, 0.04647080972790718, 0.02862090803682804, 0.026316804811358452]</MIN_VALUE>
		<SIGNATURE_THRESHOLD_MD>0</SIGNATURE_THRESHOLD_MD>
		<SIGNATURE_THRESHOLD_ML>0</SIGNATURE_THRESHOLD_ML>
		<SIGNATURE_THRESHOLD_SAM>0</SIGNATURE_THRESHOLD_SAM>
	</signature>
	<signature ID="20211224_090603636664_632">
		<MACROCLASSID>1</MACROCLASSID>
		<MACROCLASSINFO>waterbody</MACROCLASSINFO>
		<CLASSID>15</CLASSID>
		<CLASSINFO>C 1</CLASSINFO>
		<VALUES>[0.09588358283432484, 0.0009605734536035616, 0.08785004838327182, 0.001364887131979629, 0.07579951884310229, 0.0018716000129993383, 0.028043564883809453, 0.010004746136369067, 0.01372331047881078, 0.009121493337177601, 0.009743239789945526, 0.00584570827213619]</VALUES>
		<LCS_MIN>[0.09119270741939545, 0.07920025289058685, 0.06937308609485626, 0.016711721196770668, 0.006135032046586275, 0.004830292426049709]</LCS_MIN>
		<LCS_MAX>[0.09921546280384064, 0.09174792468547821, 0.08489111810922623, 0.06296044588088989, 0.04830299690365791, 0.03472818434238434]</LCS_MAX>
		<WAVELENGTH>[0.48, 0.56, 0.655, 0.865, 1.61, 2.2]</WAVELENGTH>
		<MEAN_VALUE>[0.09588358283432484, 0.08785004838327182, 0.07579951884310229, 0.028043564883809453, 0.01372331047881078, 0.009743239789945526]</MEAN_VALUE>
		<CHECKBOX>2</CHECKBOX>
		<SD>[0.0009605734536035616, 0.001364887131979629, 0.0018716000129993383, 0.010004746136369067, 0.009121493337177601, 0.00584570827213619]</SD>
		<WAVELENGTH_UNIT>E-6m</WAVELENGTH_UNIT>
		<COLOR>#6ca4b8</COLOR>
		<COVARIANCE_MATRIX>[[9.257266101277767e-07, 8.45108254730428e-07, 1.5645752319300655e-06, -1.2451710263979512e-06, -1.449349529213377e-07, 7.317724883095801e-07], [8.45108254730428e-07, 1.8690248072502806e-06, 1.3974454202576263e-06, -7.302807484658393e-06, -6.078148702663116e-06, -2.8405729442695594e-06], [1.5645752319300655e-06, 1.3974454202576263e-06, 3.5143714827858686e-06, 1.8816786338162063e-06, 3.733466397595983e-06, 3.466428612335846e-06], [-1.2451710263979512e-06, -7.302807484658393e-06, 1.8816786338162063e-06, 0.00010042312540156288, 8.380633409288011e-05, 5.347447842015445e-05], [-1.449349529213377e-07, -6.078148702663116e-06, 3.733466397595983e-06, 8.380633409288011e-05, 8.34744329647661e-05, 4.954788047495457e-05], [7.317724883095801e-07, -2.8405729442695594e-06, 3.466428612335846e-06, 5.347447842015445e-05, 4.954788047495457e-05, 3.4284345547849075e-05]]</COVARIANCE_MATRIX>
		<ROI_SIZE>306</ROI_SIZE>
		<MAX_VALUE>[0.09921546280384064, 0.09174792468547821, 0.08489111810922623, 0.06296044588088989, 0.04830299690365791, 0.03472818434238434]</MAX_VALUE>
		<MIN_VALUE>[0.09119270741939545, 0.07920025289058685, 0.06937308609485626, 0.016711721196770668, 0.006135032046586275, 0.004830292426049709]</MIN_VALUE>
		<SIGNATURE_THRESHOLD_MD>0</SIGNATURE_THRESHOLD_MD>
		<SIGNATURE_THRESHOLD_ML>0</SIGNATURE_THRESHOLD_ML>
		<SIGNATURE_THRESHOLD_SAM>0</SIGNATURE_THRESHOLD_SAM>
	</signature>
	<signature ID="20211224_090617405490_172">
		<MACROCLASSID>1</MACROCLASSID>
		<MACROCLASSINFO>waterbody</MACROCLASSINFO>
		<CLASSID>16</CLASSID>
		<CLASSINFO>C 1</CLASSINFO>
		<VALUES>[0.08882305580191309, 0.0022161606630640637, 0.07263611603993927, 0.0038165507732896243, 0.048741372387545896, 0.00543064700340772, 0.022692079382250083, 0.008010953739866324, 0.013387274692164875, 0.008165971945728007, 0.009691997430733573, 0.005489063450713272]</VALUES>
		<LCS_MIN>[0.07761791348457336, 0.05599261075258255, 0.032507359981536865, 0.013186158612370491, 0.004691488575190306, 0.005024620331823826]</LCS_MIN>
