<?xml version="1.0" ?>
<signaturelist MCID_LIST="[['1', 'waterbody', '#0000ff'], ['2', 'vegetation', '#00ff00'], ['3', 'bareland', '#ffaa00'], ['4', 'built-up', '#ff0000']]">
	<signature ID="20210517_155134777799_494">
		<MACROCLASSID>1</MACROCLASSID>
		<MACROCLASSINFO>waterbody</MACROCLASSINFO>
		<CLASSID>1</CLASSID>
		<CLASSINFO>C 1</CLASSINFO>
		<VALUES>[0.19764746979969303, 0.0027909770362899208, 0.17382077865484288, 0.0025674391143211874, 0.1489262074232101, 0.0030787529344428652, 0.16224558578758705, 0.009404311881096195, 0.058826858804720196, 0.014253563935651978, 0.030710392990490287, 0.009021053955580907]</VALUES>
		<LCS_MIN>[0.19122414290905, 0.16679389774799347, 0.14323145151138306, 0.14992350339889526, 0.03689873591065407, 0.014751211740076542]</LCS_MIN>
		<LCS_MAX>[0.204715758562088, 0.17852920293807983, 0.1540660411119461, 0.18717053532600403, 0.09140001982450485, 0.05858169123530388]</LCS_MAX>
		<WAVELENGTH>[0.485, 0.56, 0.66, 0.83, 1.65, 2.215]</WAVELENGTH>
		<MEAN_VALUE>[0.19764746979969303, 0.17382077865484288, 0.1489262074232101, 0.16224558578758705, 0.058826858804720196, 0.030710392990490287]</MEAN_VALUE>
		<CHECKBOX>2</CHECKBOX>
		<SD>[0.0027909770362899208, 0.0025674391143211874, 0.0030787529344428652, 0.009404311881096195, 0.014253563935651978, 0.009021053955580907]</SD>
		<WAVELENGTH_UNIT>E-6m</WAVELENGTH_UNIT>
		<COLOR>#44c45f</COLOR>
		<COVARIANCE_MATRIX>[[5.52065713469836e-06, 2.9516349226429845e-06, 3.1727889663354987e-06, 3.3635065211351567e-06, 2.3981249772188456e-06, 2.225102063935484e-06], [2.9516349226429845e-06, 5.778859135544721e-06, 3.2989033804996023e-06, 2.4958326320713423e-06, 1.5537257187036444e-06, 2.0909651932785678e-06], [3.1727889663354987e-06, 3.2989033804996023e-06, 8.02330581252582e-06, 2.665948733554635e-07, -1.2029411060200897e-06, 8.022054471990653e-07], [3.3635065211351567e-06, 2.4958326320713423e-06, 2.665948733554635e-07, 8.879704142349206e-05, 0.00011805289984184782, 6.876182052550397e-05], [2.3981249772188456e-06, 1.5537257187036444e-06, -1.2029411060200897e-06, 0.00011805289984184782, 0.00021162613720251307, 0.00012490345377792435], [2.225102063935484e-06, 2.0909651932785678e-06, 8.022054471990653e-07, 6.876182052550397e-05, 0.00012490345377792435, 8.844607333254356e-05]]</COVARIANCE_MATRIX>
		<ROI_SIZE>695</ROI_SIZE>
		<MAX_VALUE>[0.204715758562088, 0.17852920293807983, 0.1540660411119461, 0.18717053532600403, 0.09140001982450485, 0.05858169123530388]</MAX_VALUE>
		<MIN_VALUE>[0.19122414290905, 0.16679389774799347, 0.14323145151138306, 0.14992350339889526, 0.03689873591065407, 0.014751211740076542]</MIN_VALUE>
		<SIGNATURE_THRESHOLD_MD>0</SIGNATURE_THRESHOLD_MD>
		<SIGNATURE_THRESHOLD_ML>0</SIGNATURE_THRESHOLD_ML>
		<SIGNATURE_THRESHOLD_SAM>0</SIGNATURE_THRESHOLD_SAM>
	</signature>
	<signature ID="20210517_155142205012_550">
		<MACROCLASSID>1</MACROCLASSID>
		<MACROCLASSINFO>waterbody</MACROCLASSINFO>
		<CLASSID>2</CLASSID>
		<CLASSINFO>C 1</CLASSINFO>
		<VALUES>[0.2046103412285448, 0.0017138489566611208, 0.18033227828952175, 0.0020028284074808823, 0.15736720990389597, 0.0019431530413463714, 0.17364378374380365, 0.006750080856337564, 0.07188174118831138, 0.015567547080643243, 0.040514662949135506, 0.011912789045009132]</VALUES>
		<LCS_MIN>[0.1979699581861496, 0.17559538781642914, 0.1540660411119461, 0.1634678691625595, 0.0456189401447773, 0.02101270668208599]</LCS_MIN>
		<LCS_MAX>[0.2087632268667221, 0.18439684808254242, 0.1621919870376587, 0.19732877612113953, 0.102300263941288, 0.06797394156455994]</LCS_MAX>
		<WAVELENGTH>[0.485, 0.56, 0.66, 0.83, 1.65, 2.215]</WAVELENGTH>
		<MEAN_VALUE>[0.2046103412285448, 0.18033227828952175, 0.15736720990389597, 0.17364378374380365, 0.07188174118831138, 0.040514662949135506]</MEAN_VALUE>
		<CHECKBOX>2</CHECKBOX>
		<SD>[0.0017138489566611208, 0.0020028284074808823, 0.0019431530413463714, 0.006750080856337564, 0.015567547080643243, 0.011912789045009132]</SD>
		<WAVELENGTH_UNIT>E-6m</WAVELENGTH_UNIT>
		<COLOR>#3b4bf5</COLOR>
		<COVARIANCE_MATRIX>[[2.9526566663858267e-06, 2.739384463624553e-07, 3.8804135203009255e-07, 2.034911772925938e-06, 2.998248979011418e-06, 1.999976587232017e-06], [2.739384463624553e-07, 4.032323313738139e-06, 2.990392528601958e-07, 1.2683196986363755e-06, 3.1634042641787988e-06, 2.1620136823170496e-06], [3.8804135203009255e-07, 2.990392528601958e-07, 3.7956125574973183e-06, 2.7266070294291436e-06, 8.904807641073799e-06, 6.720791872154249e-06], [2.034911772925938e-06, 1.2683196986363755e-06, 2.7266070294291436e-06, 4.580214440252461e-05, 8.425180443237884e-05, 5.7099489245600396e-05], [2.998248979011418e-06, 3.1634042641787988e-06, 8.904807641073799e-06, 8.425180443237884e-05, 0.00024361736253792916, 0.00017216410307889748], [1.999976587232017e-06, 2.1620136823170496e-06, 6.720791872154249e-06, 5.7099489245600396e-05, 0.00017216410307889748, 0.00014265755090853827]]</COVARIANCE_MATRIX>
		<ROI_SIZE>192</ROI_SIZE>
		<MAX_VALUE>[0.2087632268667221, 0.18439684808254242, 0.1621919870376587, 0.19732877612113953, 0.102300263941288, 0.06797394156455994]</MAX_VALUE>
		<MIN_VALUE>[0.1979699581861496, 0.17559538781642914, 0.1540660411119461, 0.1634678691625595, 0.0456189401447773, 0.02101270668208599]</MIN_VALUE>
		<SIGNATURE_THRESHOLD_MD>0</SIGNATURE_THRESHOLD_MD>
		<SIGNATURE_THRESHOLD_ML>0</SIGNATURE_THRESHOLD_ML>
		<SIGNATURE_THRESHOLD_SAM>0</SIGNATURE_THRESHOLD_SAM>
	</signature>
	<signature ID="20210517_155158097329_888">
		<MACROCLASSID>1</MACROCLASSID>
		<MACROCLASSINFO>waterbody</MACROCLASSINFO>
		<CLASSID>3</CLASSID>
		<CLASSINFO>C 1</CLASSINFO>
		<VALUES>[0.1926310526223871, 0.0027301794308975226, 0.170223311898676, 0.003394355734319402, 0.14468337719639138, 0.0034598461577322838, 0.16230105192543157, 0.01554052655353683, 0.06510682765662933, 0.022275858806434005, 0.036412606622000146, 0.01500945560723673]</VALUES>
		<LCS_MIN>[0.18582752346992493, 0.16092628240585327, 0.13239686191082, 0.13976526260375977, 0.030358586460351944, 0.01162046380341053]</LCS_MIN>
		<LCS_MAX>[0.20066826045513153, 0.17852920293807983, 0.1540660411119461, 0.2074870616197586, 0.10666035115718842, 0.07736619561910629]</LCS_MAX>
		<WAVELENGTH>[0.485, 0.56, 0.66, 0.83, 1.65, 2.215]</WAVELENGTH>
		<MEAN_VALUE>[0.1926310526223871, 0.170223311898676, 0.14468337719639138, 0.16230105192543157, 0.06510682765662933, 0.036412606622000146]</MEAN_VALUE>
		<CHECKBOX>2</CHECKBOX>
		<SD>[0.0027301794308975226, 0.003394355734319402, 0.0034598461577322838, 0.01554052655353683, 0.022275858806434005, 0.01500945560723673]</SD>
		<WAVELENGTH_UNIT>E-6m</WAVELENGTH_UNIT>
		<COLOR>#b112b6</COLOR>
		<COVARIANCE_MATRIX>[[8.058125753649957e-06, 6.7697599271760465e-06, 6.372160159601092e-06, -8.616880394744815e-07, -5.935092604440832e-06, -1.6657489895939604e-06], [6.7697599271760465e-06, 1.267646612424355e-05, 8.918449514527452e-06, -8.493907589329718e-06, -1.344974852762902e-05, -3.7613313994985826e-06], [6.372160159601092e-06, 8.918449514527452e-06, 1.3266577215340878e-05, -1.2132334597099825e-05, -1.3722725430988205e-05, -1.322872265038919e-06], [-8.616880394744815e-07, -8.493907589329718e-06, -1.2132334597099825e-05, 0.0002525751277541133, 0.00031134883054862724, 0.0001712862839287125], [-5.935092604440832e-06, -1.344974852762902e-05, -1.3722725430988205e-05, 0.00031134883054862724, 0.0004894280890824354, 0.000291256359648999], [-1.6657489895939604e-06, -3.7613313994985826e-06, -1.322872265038919e-06, 0.0001712862839287125, 0.000291256359648999, 0.00021084931472758862]]</COVARIANCE_MATRIX>
		<ROI_SIZE>888</ROI_SIZE>
		<MAX_VALUE>[0.20066826045513153, 0.17852920293807983, 0.1540660411119461, 0.2074870616197586, 0.10666035115718842, 0.07736619561910629]</MAX_VALUE>
		<MIN_VALUE>[0.18582752346992493, 0.16092628240585327, 0.13239686191082, 0.13976526260375977, 0.030358586460351944, 0.01162046380341053]</MIN_VALUE>
		<SIGNATURE_THRESHOLD_MD>0</SIGNATURE_THRESHOLD_MD>
		<SIGNATURE_THRESHOLD_ML>0</SIGNATURE_THRESHOLD_ML>
		<SIGNATURE_THRESHOLD_SAM>0</SIGNATURE_THRESHOLD_SAM>
	</signature>
	<signature ID="20210517_155212277814_391">
		<MACROCLASSID>1</MACROCLASSID>
		<MACROCLASSINFO>waterbody</MACROCLASSINFO>
		<CLASSID>4</CLASSID>
		<CLASSINFO>C 1</CLASSINFO>
		<VALUES>[0.18907862156629565, 0.0025361036591643356, 0.1669568967901997, 0.0030882251464963953, 0.14274238567385417, 0.00337303488738871, 0.1672066875422994, 0.01583054519086356, 0.07568547559074229, 0.02025100918850136, 0.04599347308976575, 0.014438963745207386]</VALUES>
		<LCS_MIN>[0.1831292062997818, 0.16092628240585327, 0.13510550558567047, 0.14315135776996613, 0.03471868485212326, 0.014751211740076542]</LCS_MIN>
		<LCS_MAX>[0.1939224898815155, 0.17559538781642914, 0.15135738253593445, 0.21087314188480377, 0.10884041339159012, 0.07736619561910629]</LCS_MAX>
		<WAVELENGTH>[0.485, 0.56, 0.66, 0.83, 1.65, 2.215]</WAVELENGTH>
		<MEAN_VALUE>[0.18907862156629565, 0.1669568967901997, 0.14274238567385417, 0.1672066875422994, 0.07568547559074229, 0.04599347308976575]</MEAN_VALUE>
		<CHECKBOX>2</CHECKBOX>
		<SD>[0.0025361036591643356, 0.0030882251464963953, 0.00337303488738871, 0.01583054519086356, 0.02025100918850136, 0.014438963745207386]</SD>
		<WAVELENGTH_UNIT>E-6m</WAVELENGTH_UNIT>
		<COLOR>#2d7f30</COLOR>
		<COVARIANCE_MATRIX>[[6.476799544642241e-06, 4.4764284267458595e-06, 3.798853195833021e-06, -2.8479157295105505e-06, -1.2692100108245164e-06, 3.0786908370737714e-06], [4.4764284267458595e-06, 9.603827804092466e-06, 6.3042528462350756e-06, -8.116384574381726e-06, -4.2638965882136055e-06, 2.5799680313128305e-06], [3.798853195833021e-06, 6.3042528462350756e-06, 1.1456926340013658e-05, -1.2653906841589713e-05, -1.7515653373538199e-06, 9.693280661951018e-06], [-2.8479157295105505e-06, -8.116384574381726e-06, -1.2653906841589713e-05, 0.00025235865167661653, 0.0002569257948548133, 0.00013835508479500525], [-1.2692100108245164e-06, -4.2638965882136055e-06, -1.7515653373538199e-06, 0.0002569257948548133, 0.00041297122890907983, 0.00025956607204268413], [3.0786908370737714e-06, 2.5799680313128305e-06, 9.693280661951018e-06, 0.00013835508479500525, 0.00025956607204268413, 0.00020994160182587077]]</COVARIANCE_MATRIX>
		<ROI_SIZE>144</ROI_SIZE>
		<MAX_VALUE>[0.1939224898815155, 0.17559538781642914, 0.15135738253593445, 0.21087314188480377, 0.10884041339159012, 0.07736619561910629]</MAX_VALUE>
		<MIN_VALUE>[0.1831292062997818, 0.16092628240585327, 0.13510550558567047, 0.14315135776996613, 0.03471868485212326, 0.014751211740076542]</MIN_VALUE>
		<SIGNATURE_THRESHOLD_MD>0</SIGNATURE_THRESHOLD_MD>
		<SIGNATURE_THRESHOLD_ML>0</SIGNATURE_THRESHOLD_ML>
		<SIGNATURE_THRESHOLD_SAM>0</SIGNATURE_THRESHOLD_SAM>
	</signature>
	<signature ID="20210517_155301599337_860">
		<MACROCLASSID>1</MACROCLASSID>
		<MACROCLASSINFO>waterbody</MACROCLASSINFO>
		<CLASSID>5</CLASSID>
		<CLASSINFO>C 1</CLASSINFO>
		<VALUES>[0.20904014910522262, 0.0016810993930107807, 0.18912185822662558, 0.0020323813635722636, 0.16435889272313361, 0.0020833261382040675, 0.1799706144552481, 0.010471179405078466, 0.06347241023261292, 0.015916004964657542, 0.03472209141442648, 0.011662805996813422]</VALUES>
		<LCS_MIN>[0.20336657762527466, 0.18439684808254242, 0.15948332846164703, 0.1634678691625595, 0.03471868485212326, 0.017881959676742554]</LCS_MIN>
		<LCS_MAX>[0.2128107100725174, 0.1961321383714676, 0.17031793296337128, 0.21425923705101013, 0.09576010704040527, 0.07110469043254852]</LCS_MAX>
		<WAVELENGTH>[0.485, 0.56, 0.66, 0.83, 1.65, 2.215]</WAVELENGTH>
		<MEAN_VALUE>[0.20904014910522262, 0.18912185822662558, 0.16435889272313361, 0.1799706144552481, 0.06347241023261292, 0.03472209141442648]</MEAN_VALUE>
		<CHECKBOX>2</CHECKBOX>
		<SD>[0.0016810993930107807, 0.0020323813635722636, 0.0020833261382040675, 0.010471179405078466, 0.015916004964657542, 0.011662805996813422]</SD>
		<WAVELENGTH_UNIT>E-6m</WAVELENGTH_UNIT>
		<COLOR>#6576bc</COLOR>
		<COVARIANCE_MATRIX>[[2.8410480536742456e-06, 3.5999623227015553e-07, -2.3204757423095697e-08, -2.9023361814767906e-06, -3.7098423568239203e-06, -1.782952220916808e-06], [3.5999623227015553e-07, 4.1524288959217655e-06, 4.2887025968535976e-07, -2.4361107592113123e-06, -2.4696613620848605e-06, -1.4073052095790466e-06], [-2.3204757423095697e-08, 4.2887025968535976e-07, 4.363212072188401e-06, 9.711203581624244e-09, 4.2240893413723185e-06, 5.3572536626356095e-06], [-2.9023361814767906e-06, -2.4361107592113123e-06, 9.711203581624244e-09, 0.0001102257335731986, 0.0001364880243508981, 7.90360903916979e-05], [-3.7098423568239203e-06, -2.4696613620848605e-06, 4.2240893413723185e-06, 0.0001364880243508981, 0.00025465952733677637, 0.0001678981827253934], [-1.782952220916808e-06, -1.4073052095790466e-06, 5.3572536626356095e-06, 7.90360903916979e-05, 0.0001678981827253934, 0.00013674073178131395]]</COVARIANCE_MATRIX>
		<ROI_SIZE>190</ROI_SIZE>
		<MAX_VALUE>[0.2128107100725174, 0.1961321383714676, 0.17031793296337128, 0.21425923705101013, 0.09576010704040527, 0.07110469043254852]</MAX_VALUE>
		<MIN_VALUE>[0.20336657762527466, 0.18439684808254242, 0.15948332846164703, 0.1634678691625595, 0.03471868485212326, 0.017881959676742554]</MIN_VALUE>
		<SIGNATURE_THRESHOLD_MD>0</SIGNATURE_THRESHOLD_MD>
		<SIGNATURE_THRESHOLD_ML>0</SIGNATURE_THRESHOLD_ML>
		<SIGNATURE_THRESHOLD_SAM>0</SIGNATURE_THRESHOLD_SAM>
	</signature>
	<signature ID="20210517_155325229500_144">
		<MACROCLASSID>2</MACROCLASSID>
		<MACROCLASSINFO>vegetation</MACROCLASSINFO>
		<CLASSID>6</CLASSID>
		<CLASSINFO>C 1</CLASSINFO>
		<VALUES>[0.16471578281115812, 0.002972392267656415, 0.13476846590853597, 0.002874073797239518, 0.10775219810028729, 0.0030891719373772808, 0.21274451518455129, 0.01722310767406977, 0.10527273024386578, 0.01825446706396054, 0.04533840459896478, 0.009107717677553263]</VALUES>
		<LCS_MIN>[0.15479686856269836, 0.12572039663791656, 0.0971844345331192, 0.15669570863246918, 0.04343888908624649, 0.014751211740076542]</LCS_MIN>
		<LCS_MAX>[0.17503425478935242, 0.1462571620941162, 0.1188536211848259, 0.24812015891075134, 0.1328209787607193, 0.08362767845392227]</LCS_MAX>
		<WAVELENGTH>[0.485, 0.56, 0.66, 0.83, 1.65, 2.215]</WAVELENGTH>
		<MEAN_VALUE>[0.16471578281115812, 0.13476846590853597, 0.10775219810028729, 0.21274451518455129, 0.10527273024386578, 0.04533840459896478]</MEAN_VALUE>
		<CHECKBOX>2</CHECKBOX>
		<SD>[0.002972392267656415, 0.002874073797239518, 0.0030891719373772808, 0.01722310767406977, 0.01825446706396054, 0.009107717677553263]</SD>
		<WAVELENGTH_UNIT>E-6m</WAVELENGTH_UNIT>
		<COLOR>#5c0f6e</COLOR>
		<COVARIANCE_MATRIX>[[8.50567159043211e-06, 5.16999174771434e-06, 5.557300444678166e-06, 3.295903765631697e-06, 5.574124024607186e-06, 3.0922981285066375e-06], [5.16999174771434e-06, 7.806397724027857e-06, 5.3586389847947776e-06, 8.169010159806235e-06, 1.0900142505762925e-05, 5.653453017612535e-06], [5.557300444678166e-06, 5.3586389847947776e-06, 8.76863717491775e-06, 8.473561359010208e-06, 1.34664705763887e-05, 7.328596166016496e-06], [3.295903765631697e-06, 8.169010159806235e-06, 8.473561359010208e-06, 0.00028282327676809463, 0.000266149353928107, 0.00011366880266053138], [5.574124024607186e-06, 1.0900142505762925e-05, 1.34664705763887e-05, 0.000266149353928107, 0.0003151255711643516, 0.00014335434975950255], [3.0922981285066375e-06, 5.653453017612535e-06, 7.328596166016496e-06, 0.00011366880266053138, 0.00014335434975950255, 7.76954738424056e-05]]</COVARIANCE_MATRIX>
		<ROI_SIZE>20861</ROI_SIZE>
		<MAX_VALUE>[0.17503425478935242, 0.1462571620941162, 0.1188536211848259, 0.24812015891075134, 0.1328209787607193, 0.08362767845392227]</MAX_VALUE>
		<MIN_VALUE>[0.15479686856269836, 0.12572039663791656, 0.0971844345331192, 0.15669570863246918, 0.04343888908624649, 0.014751211740076542]</MIN_VALUE>
		<SIGNATURE_THRESHOLD_MD>0</SIGNATURE_THRESHOLD_MD>
		<SIGNATURE_THRESHOLD_ML>0</SIGNATURE_THRESHOLD_ML>
		<SIGNATURE_THRESHOLD_SAM>0</SIGNATURE_THRESHOLD_SAM>
	</signature>
	<signature ID="20210517_155757702830_737">
		<MACROCLASSID>2</MACROCLASSID>
		<MACROCLASSINFO>vegetation</MACROCLASSINFO>
		<CLASSID>7</CLASSID>
		<CLASSINFO>C 1</CLASSINFO>
		<VALUES>[0.17291684063501228, 0.0019531739463345683, 0.1432131471852549, 0.0025842378287704625, 0.11558077530569395, 0.00214465417414431, 0.20971684629610055, 0.011985840350706357, 0.1064823398976607, 0.014238212930419847, 0.04743677253009316, 0.008006850532560606]</VALUES>
		<LCS_MIN>[0.16559013724327087, 0.13452185690402985, 0.10801903158426285, 0.1736261397600174, 0.06305935233831406, 0.024143457412719727]</LCS_MIN>
		<LCS_MAX>[0.18043090403079987, 0.1521247923374176, 0.12156226485967636, 0.23796187341213226, 0.12628082931041718, 0.06797394156455994]</LCS_MAX>
		<WAVELENGTH>[0.485, 0.56, 0.66, 0.83, 1.65, 2.215]</WAVELENGTH>
		<MEAN_VALUE>[0.17291684063501228, 0.1432131471852549, 0.11558077530569395, 0.20971684629610055, 0.1064823398976607, 0.04743677253009316]</MEAN_VALUE>
		<CHECKBOX>2</CHECKBOX>
		<SD>[0.0019531739463345683, 0.0025842378287704625, 0.00214465417414431, 0.011985840350706357, 0.014238212930419847, 0.008006850532560606]</SD>
		<WAVELENGTH_UNIT>E-6m</WAVELENGTH_UNIT>
		<COLOR>#100d55</COLOR>
		<COVARIANCE_MATRIX>[[3.57842281887076e-06, 1.4623209012268118e-06, 1.118257159942167e-06, 1.293874713985866e-06, 1.1430757113045568e-06, 7.431008963075415e-07], [1.4623209012268118e-06, 6.5822738696622295e-06, 1.5243371008487624e-06, 4.954331712148972e-06, 7.1567230733282886e-06, 3.7928844966165805e-06], [1.118257159942167e-06, 1.5243371008487624e-06, 4.717892650558931e-06, 4.049426138784526e-06, 8.358754995062742e-06, 4.896656390979564e-06], [1.293874713985866e-06, 4.954331712148972e-06, 4.049426138784526e-06, 0.00014491151032319975, 0.00012630837952104247, 4.9309858857411444e-05], [1.1430757113045568e-06, 7.1567230733282886e-06, 8.358754995062742e-06, 0.00012630837952104247, 0.00019461594143859945, 9.580914876643947e-05], [7.431008963075415e-07, 3.7928844966165805e-06, 4.896656390979564e-06, 4.9309858857411444e-05, 9.580914876643947e-05, 6.045310532330362e-05]]</COVARIANCE_MATRIX>
		<ROI_SIZE>4219</ROI_SIZE>
		<MAX_VALUE>[0.18043090403079987, 0.1521247923374176, 0.12156226485967636, 0.23796187341213226, 0.12628082931041718, 0.06797394156455994]</MAX_VALUE>
		<MIN_VALUE>[0.16559013724327087, 0.13452185690402985, 0.10801903158426285, 0.1736261397600174, 0.06305935233831406, 0.024143457412719727]</MIN_VALUE>
		<SIGNATURE_THRESHOLD_MD>0</SIGNATURE_THRESHOLD_MD>
		<SIGNATURE_THRESHOLD_ML>0</SIGNATURE_THRESHOLD_ML>
		<SIGNATURE_THRESHOLD_SAM>0</SIGNATURE_THRESHOLD_SAM>
	</signature>
	<signature ID="20210517_160447149101_741">
		<MACROCLASSID>2</MACROCLASSID>
		<MACROCLASSINFO>vegetation</MACROCLASSINFO>
		<CLASSID>8</CLASSID>
		<CLASSINFO>C 1</CLASSINFO>
		<VALUES>[0.17682635012276463, 0.003445820821368403, 0.14774305629275683, 0.003629971508538195, 0.11920012464636863, 0.0033574438154063417, 0.23386871963403075, 0.014933637797372572, 0.13169093966689374, 0.01916202125559006, 0.058933477847440824, 0.010397117309115987]</VALUES>
		<LCS_MIN>[0.16693931818008423, 0.13745568692684174, 0.10801903158426285, 0.18717053532600403, 0.06959950178861618, 0.027274204418063164]</LCS_MIN>
		<LCS_MAX>[0.18987500667572021, 0.1961321383714676, 0.13239686191082, 0.27520886063575745, 0.16334168612957, 0.09301993995904922]</LCS_MAX>
		<WAVELENGTH>[0.485, 0.56, 0.66, 0.83, 1.65, 2.215]</WAVELENGTH>
		<MEAN_VALUE>[0.17682635012276463, 0.14774305629275683, 0.11920012464636863, 0.23386871963403075, 0.13169093966689374, 0.058933477847440824]</MEAN_VALUE>
		<CHECKBOX>2</CHECKBOX>
		<SD>[0.003445820821368403, 0.003629971508538195, 0.0033574438154063417, 0.014933637797372572, 0.01916202125559006, 0.010397117309115987]</SD>
		<WAVELENGTH_UNIT>E-6m</WAVELENGTH_UNIT>
		<COLOR>#c2452a</COLOR>
		<COVARIANCE_MATRIX>[[1.2539680690066444e-05, 9.728263528236677e-06, 9.272198393099856e-06, -8.839175132514202e-06, 5.357100269819708e-06, 5.2164397984650815e-06], [9.728263528236677e-06, 1.3481874099599322e-05, 9.485562019904435e-06, -3.27981073758002e-06, 1.3584451951506817e-05, 9.564165384418944e-06], [9.272198393099856e-06, 9.485562019904435e-06, 1.2432695464212062e-05, -2.380981715951574e-06, 1.7914688036751998e-05, 1.2254757254212359e-05], [-8.839175132514202e-06, -3.27981073758002e-06, -2.380981715951574e-06, 0.0002128960806586687, 0.00020456729078888766, 8.598987855811778e-05], [5.357100269819708e-06, 1.3584451951506817e-05, 1.7914688036751998e-05, 0.00020456729078888766, 0.0003638531421727739, 0.00018406087741775227], [5.2164397984650815e-06, 9.564165384418944e-06, 1.2254757254212359e-05, 8.598987855811778e-05, 0.00018406087741775227, 0.00010795629817976713]]</COVARIANCE_MATRIX>
		<ROI_SIZE>32417</ROI_SIZE>
		<MAX_VALUE>[0.18987500667572021, 0.1961321383714676, 0.13239686191082, 0.27520886063575745, 0.16334168612957, 0.09301993995904922]</MAX_VALUE>
		<MIN_VALUE>[0.16693931818008423, 0.13745568692684174, 0.10801903158426285, 0.18717053532600403, 0.06959950178861618, 0.027274204418063164]</MIN_VALUE>
		<SIGNATURE_THRESHOLD_MD>0</SIGNATURE_THRESHOLD_MD>
		<SIGNATURE_THRESHOLD_ML>0</SIGNATURE_THRESHOLD_ML>
		<SIGNATURE_THRESHOLD_SAM>0</SIGNATURE_THRESHOLD_SAM>
	</signature>
	<signature ID="20210517_160500556543_864">
		<MACROCLASSID>2</MACROCLASSID>
		<MACROCLASSINFO>vegetation</MACROCLASSINFO>
		<CLASSID>9</CLASSID>
		<CLASSINFO>C 1</CLASSINFO>
		<VALUES>[0.18065256375503572, 0.004296587373353206, 0.15330048913010655, 0.004200673485024654, 0.1260876372224926, 0.005106234942230816, 0.23757312325534705, 0.015044632330765974, 0.14292875024126125, 0.018490652066073265, 0.06666597386023132, 0.011015914860727612]</VALUES>
		<LCS_MIN>[0.168288454413414, 0.13745568692684174, 0.11343633383512497, 0.1803983449935913, 0.08267980813980103, 0.033535704016685486]</LCS_MIN>
		<LCS_MAX>[0.19257332384586334, 0.16386008262634277, 0.14323145151138306, 0.2684367001056671, 0.17206187546253204, 0.10241217166185379]</LCS_MAX>
		<WAVELENGTH>[0.485, 0.56, 0.66, 0.83, 1.65, 2.215]</WAVELENGTH>
		<MEAN_VALUE>[0.18065256375503572, 0.15330048913010655, 0.1260876372224926, 0.23757312325534705, 0.14292875024126125, 0.06666597386023132]</MEAN_VALUE>
		<CHECKBOX>2</CHECKBOX>
		<SD>[0.004296587373353206, 0.004200673485024654, 0.005106234942230816, 0.015044632330765974, 0.018490652066073265, 0.011015914860727612]</SD>
		<WAVELENGTH_UNIT>E-6m</WAVELENGTH_UNIT>
		<COLOR>#5ee0f3</COLOR>
		<COVARIANCE_MATRIX>[[1.9803397078771675e-05, 1.5976407317326844e-05, 1.8808303316552037e-05, 9.141998526132151e-07, 1.1494837861131023e-05, 7.5895712468597065e-06], [1.5976407317326844e-05, 1.8604205542501862e-05, 1.828498148693491e-05, 4.104526430896017e-06, 1.63252193309916e-05, 1.0439602197764275e-05], [1.8808303316552037e-05, 1.828498148693491e-05, 2.6317362653487717e-05, -8.002471813867614e-07, 2.4360372623186647e-05, 1.7706629028643463e-05], [9.141998526132151e-07, 4.104526430896017e-06, -8.002471813867614e-07, 0.00021557497274090365, 0.0001692794205980732, 5.242614232173055e-05], [1.1494837861131023e-05, 1.63252193309916e-05, 2.4360372623186647e-05, 0.0001692794205980732, 0.00033009224289375083, 0.00017183868714000042], [7.5895712468597065e-06, 1.0439602197764275e-05, 1.7706629028643463e-05, 5.242614232173055e-05, 0.00017183868714000042, 0.00011353384163828944]]</COVARIANCE_MATRIX>
		<ROI_SIZE>28416</ROI_SIZE>
		<MAX_VALUE>[0.19257332384586334, 0.16386008262634277, 0.14323145151138306, 0.2684367001056671, 0.17206187546253204, 0.10241217166185379]</MAX_VALUE>
		<MIN_VALUE>[0.168288454413414, 0.13745568692684174, 0.11343633383512497, 0.1803983449935913, 0.08267980813980103, 0.033535704016685486]</MIN_VALUE>
		<SIGNATURE_THRESHOLD_MD>0</SIGNATURE_THRESHOLD_MD>
		<SIGNATURE_THRESHOLD_ML>0</SIGNATURE_THRESHOLD_ML>
		<SIGNATURE_THRESHOLD_SAM>0</SIGNATURE_THRESHOLD_SAM>
	</signature>
	<signature ID="20210517_160513334867_637">
		<MACROCLASSID>2</MACROCLASSID>
		<MACROCLASSINFO>vegetation</MACROCLASSINFO>
		<CLASSID>10</CLASSID>
		<CLASSINFO>C 1</CLASSINFO>
		<VALUES>[0.14673056950061966, 0.003855765097496164, 0.11674503895072261, 0.00378338900513093, 0.08983719435243251, 0.0032609872198543564, 0.19983128585787985, 0.01935294907437796, 0.08081601088728997, 0.013155649876308054, 0.03308706868140051, 0.006126267890303337]</VALUES>
		<LCS_MIN>[0.13590864837169647, 0.10518361628055573, 0.0755152776837349, 0.12960697710514069, 0.03471868485212326, 0.01162046380341053]</LCS_MIN>
		<LCS_MAX>[0.15884435176849365, 0.12572039663791656, 0.09989308565855026, 0.22441750764846802, 0.11102046817541122, 0.05545094236731529]</LCS_MAX>
		<WAVELENGTH>[0.485, 0.56, 0.66, 0.83, 1.65, 2.215]</WAVELENGTH>
		<MEAN_VALUE>[0.14673056950061966, 0.11674503895072261, 0.08983719435243251, 0.19983128585787985, 0.08081601088728997, 0.03308706868140051]</MEAN_VALUE>
		<CHECKBOX>2</CHECKBOX>
		<SD>[0.003855765097496164, 0.00378338900513093, 0.0032609872198543564, 0.01935294907437796, 0.013155649876308054, 0.006126267890303337]</SD>
		<WAVELENGTH_UNIT>E-6m</WAVELENGTH_UNIT>
		<COLOR>#c0fccb</COLOR>
		<COVARIANCE_MATRIX>[[1.8884735465904694e-05, 1.563824834907742e-05, 1.3468160941286274e-05, 4.319533865731281e-05, 1.275697993306331e-05, 2.7269721855657453e-06], [1.563824834907742e-05, 1.8181096847620466e-05, 1.294419616491308e-05, 4.725746401367985e-05, 1.8198753024565122e-05, 5.578296946700918e-06], [1.3468160941286274e-05, 1.294419616491308e-05, 1.3997007637572336e-05, 4.287145108607681e-05, 1.789786561074979e-05, 5.653001041759084e-06], [4.319533865731281e-05, 4.725746401367985e-05, 4.287145108607681e-05, 0.0003633067276923077, 0.0002022117742230222, 7.494030815945105e-05], [1.275697993306331e-05, 1.8198753024565122e-05, 1.789786561074979e-05, 0.0002022117742230222, 0.00017404870624825088, 7.195145570152277e-05], [2.7269721855657453e-06, 5.578296946700918e-06, 5.653001041759084e-06, 7.494030815945105e-05, 7.195145570152277e-05, 3.953077302538814e-05]]</COVARIANCE_MATRIX>
		<ROI_SIZE>7510</ROI_SIZE>
		<MAX_VALUE>[0.15884435176849365, 0.12572039663791656, 0.09989308565855026, 0.22441750764846802, 0.11102046817541122, 0.05545094236731529]</MAX_VALUE>
		<MIN_VALUE>[0.13590864837169647, 0.10518361628055573, 0.0755152776837349, 0.12960697710514069, 0.03471868485212326, 0.01162046380341053]</MIN_VALUE>
		<SIGNATURE_THRESHOLD_MD>0</SIGNATURE_THRESHOLD_MD>
		<SIGNATURE_THRESHOLD_ML>0</SIGNATURE_THRESHOLD_ML>
		<SIGNATURE_THRESHOLD_SAM>0</SIGNATURE_THRESHOLD_SAM>
	</signature>
	<signature ID="20210517_160553586455_396">
		<MACROCLASSID>2</MACROCLASSID>
		<MACROCLASSINFO>vegetation</MACROCLASSINFO>
		<CLASSID>11</CLASSID>
		<CLASSINFO>C 1</CLASSINFO>
		<VALUES>[0.16875543251677488, 0.0039068880836066935, 0.13970040616751697, 0.0039046553971488944, 0.11242297074268431, 0.0035722660529306223, 0.2324868051456445, 0.019072415234804217, 0.1224179952977569, 0.02139178834219786, 0.052620018331893406, 0.010643750785517016]</VALUES>
		<LCS_MIN>[0.15479686856269836, 0.12572039663791656, 0.09989308565855026, 0.1803983449935913, 0.056519195437431335, 0.02101270668208599]</LCS_MIN>
		<LCS_MAX>[0.17773257195949554, 0.17559538781642914, 0.12156226485967636, 0.27520886063575745, 0.15244142711162567, 0.08675842732191086]</LCS_MAX>
		<WAVELENGTH>[0.485, 0.56, 0.66, 0.83, 1.65, 2.215]</WAVELENGTH>
		<MEAN_VALUE>[0.16875543251677488, 0.13970040616751697, 0.11242297074268431, 0.2324868051456445, 0.1224179952977569, 0.052620018331893406]</MEAN_VALUE>
		<CHECKBOX>2</CHECKBOX>
		<SD>[0.0039068880836066935, 0.0039046553971488944, 0.0035722660529306223, 0.019072415234804217, 0.02139178834219786, 0.010643750785517016]</SD>
		<WAVELENGTH_UNIT>E-6m</WAVELENGTH_UNIT>
		<COLOR>#656ff3</COLOR>
		<COVARIANCE_MATRIX>[[1.3076544602701035e-05, 9.984258824753286e-06, 8.62662293352808e-06, 1.2637688380642573e-05, 1.3597970760652028e-05, 6.9979720236773185e-06], [9.984258824753286e-06, 1.3603175038865096e-05, 8.781868189043141e-06, 1.8263205904192864e-05, 2.294927289712531e-05, 1.1895287368429744e-05], [8.62662293352808e-06, 8.781868189043141e-06, 1.0884954248636375e-05, 1.6476096101341806e-05, 2.4826808933682347e-05, 1.3219595658932462e-05], [1.2637688380642573e-05, 1.8263205904192864e-05, 1.6476096101341806e-05, 0.0003480586798038363, 0.00033800108735174876, 0.00014403113244913172], [1.3597970760652028e-05, 2.294927289712531e-05, 2.4826808933682347e-05, 0.00033800108735174876, 0.0004525748308429178, 0.00021073051852739294], [6.9979720236773185e-06, 1.1895287368429744e-05, 1.3219595658932462e-05, 0.00014403113244913172, 0.00021073051852739294, 0.00011180698345571135]]</COVARIANCE_MATRIX>
		<ROI_SIZE>29697</ROI_SIZE>
		<MAX_VALUE>[0.17773257195949554, 0.17559538781642914, 0.12156226485967636, 0.27520886063575745, 0.15244142711162567, 0.08675842732191086]</MAX_VALUE>
		<MIN_VALUE>[0.15479686856269836, 0.12572039663791656, 0.09989308565855026, 0.1803983449935913, 0.056519195437431335, 0.02101270668208599]</MIN_VALUE>
		<SIGNATURE_THRESHOLD_MD>0</SIGNATURE_THRESHOLD_MD>
		<SIGNATURE_THRESHOLD_ML>0</SIGNATURE_THRESHOLD_ML>
		<SIGNATURE_THRESHOLD_SAM>0</SIGNATURE_THRESHOLD_SAM>
	</signature>
	<signature ID="20210517_160622244910_956">
		<MACROCLASSID>2</MACROCLASSID>
		<MACROCLASSINFO>vegetation</MACROCLASSINFO>
		<CLASSID>12</CLASSID>
		<CLASSINFO>C 1</CLASSINFO>
		<VALUES>[0.1755048061091034, 0.003726654151656577, 0.14913309384300313, 0.0042029295481986985, 0.12080157873616815, 0.0042400308393158795, 0.24315225317509218, 0.012583212807293909, 0.15940756855769303, 0.020122658858065905, 0.074839136094944, 0.011807643873530832]</VALUES>
		<LCS_MIN>[0.1642409861087799, 0.13452185690402985, 0.09989308565855026, 0.21425923705101013, 0.12846088409423828, 0.042927950620651245]</LCS_MIN>
		<LCS_MAX>[0.1939224898815155, 0.16092628240585327, 0.13239686191082, 0.28536713123321533, 0.2200229912996292, 0.11180441826581955]</LCS_MAX>
		<WAVELENGTH>[0.485, 0.56, 0.66, 0.83, 1.65, 2.215]</WAVELENGTH>
		<MEAN_VALUE>[0.1755048061091034, 0.14913309384300313, 0.12080157873616815, 0.24315225317509218, 0.15940756855769303, 0.074839136094944]</MEAN_VALUE>
		<CHECKBOX>2</CHECKBOX>
		<SD>[0.003726654151656577, 0.0042029295481986985, 0.0042400308393158795, 0.012583212807293909, 0.020122658858065905, 0.011807643873530832]</SD>
		<WAVELENGTH_UNIT>E-6m</WAVELENGTH_UNIT>
		<COLOR>#46e643</COLOR>
		<COVARIANCE_MATRIX>[[1.1312528305124355e-05, 9.36312363658387e-06, 8.972643972279542e-06, -3.0908909683881467e-06, 6.900966897487884e-06, 6.318119804810558e-06], [9.36312363658387e-06, 1.4180991007889091e-05, 1.0424248697552685e-05, -7.38691052697073e-08, 1.5049540196678904e-05, 1.1897239990020091e-05], [8.972643972279542e-06, 1.0424248697552685e-05, 1.3768855490663154e-05, -8.304303169173114e-07, 1.9718733622941577e-05, 1.572726571556495e-05], [-3.0908909683881467e-06, -7.38691052697073e-08, -8.304303169173114e-07, 0.0001666266724934161, 0.00019333956149074209, 8.470679122332998e-05], [6.900966897487884e-06, 1.5049540196678904e-05, 1.9718733622941577e-05, 0.00019333956149074209, 0.00036465951738988, 0.00019184106729995694], [6.318119804810558e-06, 1.1897239990020091e-05, 1.572726571556495e-05, 8.470679122332998e-05, 0.00019184106729995694, 0.00011938671560369364]]</COVARIANCE_MATRIX>
		<ROI_SIZE>24684</ROI_SIZE>
		<MAX_VALUE>[0.1939224898815155, 0.16092628240585327, 0.13239686191082, 0.28536713123321533, 0.2200229912996292, 0.11180441826581955]</MAX_VALUE>
		<MIN_VALUE>[0.1642409861087799, 0.13452185690402985, 0.09989308565855026, 0.21425923705101013, 0.12846088409423828, 0.042927950620651245]</MIN_VALUE>
		<SIGNATURE_THRESHOLD_MD>0</SIGNATURE_THRESHOLD_MD>
		<SIGNATURE_THRESHOLD_ML>0</SIGNATURE_THRESHOLD_ML>
		<SIGNATURE_THRESHOLD_SAM>0</SIGNATURE_THRESHOLD_SAM>
	</signature>
	<signature ID="20210517_160636444233_317">
		<MACROCLASSID>2</MACROCLASSID>
		<MACROCLASSINFO>vegetation</MACROCLASSINFO>
		<CLASSID>13</CLASSID>
		<CLASSINFO>C 1</CLASSINFO>
		<VALUES>[0.13976655912463265, 0.0034291327591867136, 0.11338453858085032, 0.0035119531121811146, 0.08737846837563941, 0.0037102428539094747, 0.1971221259764136, 0.0209342178169608, 0.09398058785968344, 0.01571172104492799, 0.03963426902697517, 0.008763043392955307]</VALUES>
		<LCS_MIN>[0.1305120289325714, 0.10224979370832443, 0.0755152776837349, 0.14315135776996613, 0.03689873591065407, 0.01162046380341053]</LCS_MIN>
		<LCS_MAX>[0.17098678648471832, 0.1521247923374176, 0.12968821823596954, 0.23796187341213226, 0.12846088409423828, 0.08362767845392227]</LCS_MAX>
		<WAVELENGTH>[0.485, 0.56, 0.66, 0.83, 1.65, 2.215]</WAVELENGTH>
		<MEAN_VALUE>[0.13976655912463265, 0.11338453858085032, 0.08737846837563941, 0.1971221259764136, 0.09398058785968344, 0.03963426902697517]</MEAN_VALUE>
		<CHECKBOX>2</CHECKBOX>
		<SD>[0.0034291327591867136, 0.0035119531121811146, 0.0037102428539094747, 0.0209342178169608, 0.01571172104492799, 0.008763043392955307]</SD>
		<WAVELENGTH_UNIT>E-6m</WAVELENGTH_UNIT>
		<COLOR>#fddf04</COLOR>
		<COVARIANCE_MATRIX>[[1.2451406799822482e-05, 9.551383747849385e-06, 1.0171095206755167e-05, 1.1519950488934557e-05, 1.3827535784275577e-05, 9.096104541680958e-06], [9.551383747849385e-06, 1.3378498910760574e-05, 1.1519220188949001e-05, 2.3179108596909903e-05, 2.5375028593624755e-05, 1.5099398324002145e-05], [1.0171095206755167e-05, 1.1519220188949001e-05, 1.5850279591372192e-05, 1.8792294689707782e-05, 2.9343521386746928e-05, 1.948419433546057e-05], [1.1519950488934557e-05, 2.3179108596909903e-05, 1.8792294689707782e-05, 0.00043253443365591103, 0.0002542072470838465, 8.540076415645783e-05], [1.3827535784275577e-05, 2.5375028593624755e-05, 2.9343521386746928e-05, 0.0002542072470838465, 0.000252907991713462, 0.00012063256110936331], [9.096104541680958e-06, 1.5099398324002145e-05, 1.948419433546057e-05, 8.540076415645783e-05, 0.00012063256110936331, 8.110590291741423e-05]]</COVARIANCE_MATRIX>
		<ROI_SIZE>26132</ROI_SIZE>
		<MAX_VALUE>[0.17098678648471832, 0.1521247923374176, 0.12968821823596954, 0.23796187341213226, 0.12846088409423828, 0.08362767845392227]</MAX_VALUE>
		<MIN_VALUE>[0.1305120289325714, 0.10224979370832443, 0.0755152776837349, 0.14315135776996613, 0.03689873591065407, 0.01162046380341053]</MIN_VALUE>
		<SIGNATURE_THRESHOLD_MD>0</SIGNATURE_THRESHOLD_MD>
		<SIGNATURE_THRESHOLD_ML>0</SIGNATURE_THRESHOLD_ML>
		<SIGNATURE_THRESHOLD_SAM>0</SIGNATURE_THRESHOLD_SAM>
	</signature>
	<signature ID="20210517_160653028910_132">
		<MACROCLASSID>2</MACROCLASSID>
		<MACROCLASSINFO>vegetation</MACROCLASSINFO>
		<CLASSID>14</CLASSID>
		<CLASSINFO>C 1</CLASSINFO>
		<VALUES>[0.14535862994140128, 0.0034881707974379343, 0.11732035693539765, 0.0041469036461589314, 0.08991056281516954, 0.004221972651030818, 0.1933396322236343, 0.019110406179607523, 0.09176104767896996, 0.01915387458245071, 0.03861119885907846, 0.010147199563801274]</VALUES>
		<LCS_MIN>[0.13590864837169647, 0.10811743885278702, 0.08093256503343582, 0.1363791674375534, 0.04125884547829628, 0.01162046380341053]</LCS_MIN>
		<LCS_MAX>[0.17098678648471832, 0.1491909772157669, 0.13239686191082, 0.22441750764846802, 0.13718105852603912, 0.08049692958593369]</LCS_MAX>
		<WAVELENGTH>[0.485, 0.56, 0.66, 0.83, 1.65, 2.215]</WAVELENGTH>
		<MEAN_VALUE>[0.14535862994140128, 0.11732035693539765, 0.08991056281516954, 0.1933396322236343, 0.09176104767896996, 0.03861119885907846]</MEAN_VALUE>
		<CHECKBOX>2</CHECKBOX>
		<SD>[0.0034881707974379343, 0.0041469036461589314, 0.004221972651030818, 0.019110406179607523, 0.01915387458245071, 0.010147199563801274]</SD>
		<WAVELENGTH_UNIT>E-6m</WAVELENGTH_UNIT>
		<COLOR>#9ccf65</COLOR>
		<COVARIANCE_MATRIX>[[1.1850189890483691e-05, 1.0758899940391836e-05, 9.521976647251378e-06, 9.798251878188791e-06, 1.6110694142245043e-05, 9.788779987849008e-06], [1.0758899940391836e-05, 1.6445693640351584e-05, 1.1919332818058939e-05, 2.1563195619969652e-05, 3.0582382627094945e-05, 1.7621252786390673e-05], [9.521976647251378e-06, 1.1919332818058939e-05, 1.4111334618615778e-05, 1.991186522220638e-05, 3.1363794375205885e-05, 1.8735441296630544e-05], [9.798251878188791e-06, 2.1563195619969652e-05, 1.991186522220638e-05, 0.00035731682508799754, 0.00030065335792367655, 0.00012767765199758613], [1.6110694142245043e-05, 3.0582382627094945e-05, 3.1363794375205885e-05, 0.00030065335792367655, 0.0003572852681426298, 0.00017065248398937433], [9.788779987849008e-06, 1.7621252786390673e-05, 1.8735441296630544e-05, 0.00012767765199758613, 0.00017065248398937433, 9.768287326533274e-05]]</COVARIANCE_MATRIX>
		<ROI_SIZE>21524</ROI_SIZE>
		<MAX_VALUE>[0.17098678648471832, 0.1491909772157669, 0.13239686191082, 0.22441750764846802, 0.13718105852603912, 0.08049692958593369]</MAX_VALUE>
		<MIN_VALUE>[0.13590864837169647, 0.10811743885278702, 0.08093256503343582, 0.1363791674375534, 0.04125884547829628, 0.01162046380341053]</MIN_VALUE>
		<SIGNATURE_THRESHOLD_MD>0</SIGNATURE_THRESHOLD_MD>
		<SIGNATURE_THRESHOLD_ML>0</SIGNATURE_THRESHOLD_ML>
		<SIGNATURE_THRESHOLD_SAM>0</SIGNATURE_THRESHOLD_SAM>
	</signature>
	<signature ID="20210517_160706176128_131">
		<MACROCLASSID>2</MACROCLASSID>
		<MACROCLASSINFO>vegetation</MACROCLASSINFO>
		<CLASSID>15</CLASSID>
		<CLASSINFO>C 1</CLASSINFO>
		<VALUES>[0.15012437036101953, 0.0033812761339395317, 0.12490267576613308, 0.0038240413322890385, 0.0979350761375647, 0.004587030719882882, 0.23258327021946643, 0.01941224190901077, 0.1375834172456388, 0.022651177132055722, 0.06231292012976925, 0.014689254464533086]</VALUES>
		<LCS_MIN>[0.14130528271198273, 0.1139850914478302, 0.08634985983371735, 0.19394269585609436, 0.102300263941288, 0.03040495328605175]</LCS_MIN>
		<LCS_MAX>[0.1871766746044159, 0.16679389774799347, 0.14864873886108398, 0.2887532413005829, 0.19822247326374054, 0.10867366939783096]</LCS_MAX>
		<WAVELENGTH>[0.485, 0.56, 0.66, 0.83, 1.65, 2.215]</WAVELENGTH>
		<MEAN_VALUE>[0.15012437036101953, 0.12490267576613308, 0.0979350761375647, 0.23258327021946643, 0.1375834172456388, 0.06231292012976925]</MEAN_VALUE>
		<CHECKBOX>2</CHECKBOX>
		<SD>[0.0033812761339395317, 0.0038240413322890385, 0.004587030719882882, 0.01941224190901077, 0.022651177132055722, 0.014689254464533086]</SD>
		<WAVELENGTH_UNIT>E-6m</WAVELENGTH_UNIT>
		<COLOR>#91fd2d</COLOR>
		<COVARIANCE_MATRIX>[[1.182524146654159e-05, 1.024016721790522e-05, 1.1561606825561081e-05, 7.573301575198419e-06, 1.9453286729735175e-05, 1.507700211873912e-05], [1.024016721790522e-05, 1.4987298874358797e-05, 1.4300925946233843e-05, 1.608292112142898e-05, 3.7415523293354944e-05, 2.6295260273635206e-05], [1.1561606825561081e-05, 1.4300925946233843e-05, 2.0871268076322287e-05, 1.3469887685079518e-05, 5.412152878303004e-05, 3.9824624141502475e-05], [7.573301575198419e-06, 1.608292112142898e-05, 1.3469887685079518e-05, 0.0003564797228300218, 0.00023977822911135893, 8.584389715899796e-05], [1.9453286729735175e-05, 3.7415523293354944e-05, 5.412152878303004e-05, 0.00023977822911135893, 0.0004863385194744636, 0.00028489480356757565], [1.507700211873912e-05, 2.6295260273635206e-05, 3.9824624141502475e-05, 8.584389715899796e-05, 0.00028489480356757565, 0.00019860845030021443]]</COVARIANCE_MATRIX>
		<ROI_SIZE>28571</ROI_SIZE>
		<MAX_VALUE>[0.1871766746044159, 0.16679389774799347, 0.14864873886108398, 0.2887532413005829, 0.19822247326374054, 0.10867366939783096]</MAX_VALUE>
		<MIN_VALUE>[0.14130528271198273, 0.1139850914478302, 0.08634985983371735, 0.19394269585609436, 0.102300263941288, 0.03040495328605175]</MIN_VALUE>
		<SIGNATURE_THRESHOLD_MD>0</SIGNATURE_THRESHOLD_MD>
		<SIGNATURE_THRESHOLD_ML>0</SIGNATURE_THRESHOLD_ML>
		<SIGNATURE_THRESHOLD_SAM>0</SIGNATURE_THRESHOLD_SAM>
	</signature>
	<signature ID="20210517_160726515797_123">
		<MACROCLASSID>2</MACROCLASSID>
		<MACROCLASSINFO>vegetation</MACROCLASSINFO>
		<CLASSID>16</CLASSID>
		<CLASSINFO>C 1</CLASSINFO>
		<VALUES>[0.1273175617668227, 0.00369364865876405, 0.1022344958710385, 0.004021532538426061, 0.07697456171429673, 0.004280497317246794, 0.20329904270362872, 0.024645591756299046, 0.10145348677238505, 0.021087008329336656, 0.044341598572589604, 0.011243656750069367]</VALUES>
		<LCS_MIN>[0.11702044308185577, 0.08758068829774857, 0.06468068808317184, 0.1465374231338501, 0.047798991203308105, 0.01162046380341053]</LCS_MIN>
